FECHA,<=10M,<=10F,<=10,11-20M,11-20F,11-20,21-30M,21-30F,21-30,31-40M,31-40F,31-40,41-50M,41-50F,41-50,51-60M,51-60F,51-60,61-70M,61-70F,61-70,71-80M,71-80F,71-80,81-90M,81-90F,81-90,>=91M,>=91F,>=91,TotalM,TotalF,Total,DelayCount,CumDelay,DelayAvg
2020-03-15,1,0,1,0,0,0,0,2,2,2,1,3,1,0,1,1,0,1,1,0,1,1,1,2,0,0,0,0,0,0,7,4,11,11,38,3.4545454545454546
2020-03-16,1,2,3,1,1,2,1,1,2,1,1,2,0,0,0,2,0,2,2,1,3,0,0,0,0,0,0,0,0,0,8,6,14,14,50,3.5714285714285716
2020-03-17,1,4,5,0,1,1,1,1,2,1,0,1,0,2,2,1,1,2,1,1,2,2,2,4,1,0,1,0,0,0,8,12,20,20,355,17.75
2020-03-18,2,1,3,0,0,0,0,0,0,2,1,3,0,2,2,1,1,2,0,2,2,1,0,1,1,0,1,0,0,0,7,7,14,14,22,1.5714285714285714
2020-03-19,1,0,1,0,0,0,3,1,4,2,3,5,1,1,2,0,0,0,1,1,2,1,1,2,0,0,0,1,0,1,10,7,17,17,36,2.1176470588235294
2020-03-20,1,1,2,1,0,1,0,0,0,1,2,3,0,0,0,0,1,1,0,1,1,2,2,4,1,0,1,0,0,0,6,7,13,13,27,2.076923076923077
2020-03-21,0,0,0,2,0,2,0,2,2,2,1,3,1,1,2,0,0,0,2,2,4,1,1,2,0,0,0,1,0,1,9,7,16,16,47,2.9375
2020-03-22,1,0,1,0,0,0,3,1,4,0,0,0,0,0,0,2,1,3,0,1,1,2,0,2,3,2,5,0,0,0,11,5,16,16,39,2.4375
2020-03-23,1,0,1,1,2,3,1,1,2,1,1,2,0,1,1,2,0,2,2,0,2,4,3,7,3,3,6,0,2,2,15,13,28,28,56,2.0
2020-03-24,1,0,1,0,0,0,1,1,2,1,1,2,0,1,1,2,1,3,0,1,1,2,0,2,1,1,2,1,0,1,9,6,15,15,24,1.6
2020-03-25,1,2,3,0,0,0,1,3,4,1,4,5,1,0,1,1,2,3,2,1,3,2,2,4,2,4,6,2,1,3,13,19,32,32,45,1.40625
2020-03-26,4,3,7,2,0,2,1,2,3,4,2,6,1,4,5,3,1,4,1,4,5,3,1,4,4,0,4,3,1,4,26,18,44,44,160,3.6363636363636362
2020-03-27,2,2,4,0,1,1,0,2,2,3,0,3,1,3,4,1,3,4,1,5,6,4,6,10,3,2,5,2,6,8,17,30,47,47,102,2.1702127659574466
2020-03-28,2,0,2,0,0,0,1,1,2,1,1,2,1,1,2,3,1,4,3,0,3,4,6,10,2,1,3,1,0,1,18,11,29,29,101,3.4827586206896552
2020-03-29,1,0,1,1,1,2,1,2,3,2,0,2,2,2,4,0,0,0,6,3,9,4,1,5,4,2,6,2,1,3,23,12,35,35,78,2.2285714285714286
2020-03-30,3,1,4,0,0,0,1,5,6,1,2,3,4,2,6,1,1,2,5,0,5,3,5,8,5,1,6,3,2,5,26,19,45,45,86,1.9111111111111112
2020-03-31,7,2,9,1,0,1,3,1,4,3,2,5,4,1,5,1,1,2,4,1,5,5,3,8,2,3,5,4,0,4,34,14,48,48,95,1.9791666666666667
2020-04-01,6,8,14,0,2,2,4,3,7,3,2,5,10,4,14,3,2,5,4,3,7,6,2,8,5,6,11,0,1,1,41,33,74,74,177,2.391891891891892
2020-04-02,4,6,10,5,4,9,1,4,5,3,4,7,3,3,6,1,6,7,6,4,10,6,6,12,5,6,11,2,4,6,36,47,83,83,151,1.819277108433735
2020-04-03,14,7,21,3,3,6,4,5,9,5,6,11,4,7,11,2,4,6,7,3,10,4,3,7,5,7,12,1,5,6,49,50,99,99,189,1.9090909090909092
2020-04-04,7,6,13,1,1,2,2,6,8,2,10,12,4,2,6,5,0,5,4,2,6,2,4,6,4,2,6,1,3,4,32,36,68,68,111,1.6323529411764706
2020-04-05,4,6,10,3,1,4,6,0,6,4,1,5,8,1,9,4,2,6,1,10,11,5,8,13,4,4,8,2,3,5,41,36,77,77,128,1.6623376623376624
2020-04-06,10,7,17,3,1,4,5,3,8,10,1,11,9,4,13,7,2,9,4,7,11,10,3,13,7,5,12,1,2,3,66,35,101,101,154,1.5247524752475248
2020-04-07,7,8,15,1,2,3,5,3,8,4,6,10,5,4,9,6,2,8,3,3,6,6,8,14,6,11,17,2,1,3,45,48,93,93,112,1.2043010752688172
2020-04-08,6,5,11,2,1,3,2,4,6,5,2,7,7,3,10,4,3,7,6,4,10,9,4,13,2,3,5,3,6,9,46,35,81,81,101,1.2469135802469136
2020-04-09,1,2,3,2,2,4,2,7,9,11,8,19,3,5,8,7,5,12,4,2,6,7,9,16,3,9,12,4,5,9,44,54,98,98,128,1.3061224489795917
2020-04-10,13,2,15,2,3,5,2,5,7,3,1,4,8,1,9,2,3,5,5,1,6,1,10,11,4,7,11,2,5,7,42,38,80,80,103,1.2875
2020-04-11,5,4,9,2,2,4,8,4,12,4,3,7,4,1,5,1,3,4,3,6,9,6,2,8,4,7,11,1,5,6,38,37,75,75,94,1.2533333333333334
2020-04-12,7,5,12,2,0,2,0,2,2,5,2,7,3,5,8,7,1,8,2,3,5,3,8,11,3,4,7,1,2,3,33,32,65,65,105,1.6153846153846154
2020-04-13,5,7,12,4,3,7,8,6,14,4,7,11,4,3,7,4,4,8,6,4,10,5,7,12,7,8,15,5,6,11,52,55,107,107,134,1.2523364485981308
2020-04-14,12,4,16,2,1,3,7,6,13,7,2,9,4,5,9,9,5,14,4,7,11,8,5,13,7,4,11,4,4,8,64,43,107,107,111,1.0373831775700935
2020-04-15,7,3,10,5,5,10,1,6,7,6,6,12,5,11,16,4,8,12,6,2,8,9,2,11,9,8,17,5,3,8,57,54,111,111,157,1.4144144144144144
2020-04-16,7,2,9,4,4,8,7,3,10,9,11,20,10,9,19,7,7,14,4,10,14,6,4,10,5,5,10,0,4,4,59,59,118,118,121,1.0254237288135593
2020-04-17,7,5,12,1,3,4,1,7,8,6,12,18,9,6,15,7,7,14,7,4,11,12,6,18,5,8,13,1,3,4,56,61,117,117,166,1.4188034188034189
2020-04-18,6,7,13,3,1,4,9,2,11,13,6,19,7,4,11,6,3,9,2,2,4,4,10,14,5,8,13,3,4,7,58,47,105,105,156,1.4857142857142858
2020-04-19,5,6,11,3,1,4,4,2,6,4,3,7,3,4,7,5,7,12,4,7,11,6,8,14,3,7,10,2,1,3,39,46,85,85,106,1.2470588235294118
2020-04-20,10,5,15,8,8,16,10,4,14,13,5,18,6,7,13,8,3,11,10,8,18,15,11,26,9,8,17,5,15,20,94,74,168,168,194,1.1547619047619047
2020-04-21,9,8,17,4,3,7,12,3,15,7,9,16,2,4,6,4,7,11,5,6,11,11,12,23,8,10,18,2,10,12,64,72,136,136,158,1.161764705882353
2020-04-22,8,5,13,4,5,9,6,7,13,9,3,12,12,6,18,3,6,9,8,3,11,8,14,22,8,11,19,7,7,14,73,67,140,140,223,1.5928571428571427
2020-04-23,11,9,20,4,5,9,5,9,14,9,8,17,8,4,12,3,9,12,7,4,11,9,8,17,10,9,19,7,10,17,73,75,148,148,143,0.9662162162162162
2020-04-24,9,9,18,5,4,9,7,7,14,12,10,22,5,6,11,7,6,13,8,9,17,10,10,20,10,16,26,3,3,6,76,80,156,156,171,1.0961538461538463
2020-04-25,8,2,10,4,1,5,2,5,7,7,8,15,4,3,7,5,4,9,6,5,11,7,3,10,9,15,24,5,5,10,57,51,108,108,95,0.8796296296296297
2020-04-26,5,14,19,4,6,10,2,4,6,3,2,5,8,5,13,2,3,5,6,6,12,5,7,12,7,7,14,1,3,4,43,57,100,100,89,0.89
2020-04-27,11,9,20,4,4,8,5,5,10,3,9,12,4,8,12,8,7,15,8,7,15,18,6,24,12,13,25,3,6,9,76,74,150,150,123,0.82
2020-04-28,12,7,19,4,5,9,11,9,20,9,9,18,6,8,14,6,7,13,5,7,12,3,12,15,6,14,20,2,4,6,64,82,146,146,114,0.7808219178082192
2020-04-29,11,8,19,5,3,8,11,6,17,16,10,26,10,6,16,8,6,14,3,8,11,9,5,14,3,15,18,5,10,15,81,77,158,158,133,0.8417721518987342
2020-04-30,13,8,21,9,2,11,8,3,11,5,4,9,11,7,18,7,10,17,10,10,20,6,9,15,9,16,25,8,8,16,86,77,163,163,134,0.8220858895705522
2020-05-01,1,10,11,6,5,11,1,5,6,9,9,18,9,8,17,6,3,9,11,5,16,7,8,15,8,11,19,0,3,3,58,67,125,125,106,0.848
2020-05-02,5,13,18,5,6,11,6,2,8,10,5,15,5,5,10,8,1,9,3,2,5,7,2,9,6,11,17,1,3,4,56,50,106,106,106,1.0
2020-05-03,5,4,9,2,2,4,6,5,11,8,5,13,4,5,9,7,2,9,7,7,14,4,8,12,8,8,16,3,5,8,54,51,105,105,86,0.819047619047619
2020-05-04,14,16,30,5,2,7,6,8,14,8,6,14,4,5,9,8,4,12,7,12,19,15,12,27,7,18,25,3,4,7,77,87,164,164,128,0.7804878048780488
2020-05-05,6,6,12,7,1,8,8,8,16,11,10,21,5,10,15,9,5,14,10,5,15,14,5,19,6,14,20,1,9,10,77,73,150,150,101,0.6733333333333333
2020-05-06,10,8,18,3,0,3,9,6,15,12,10,22,15,7,22,4,5,9,9,5,14,17,12,29,6,11,17,5,6,11,90,70,160,160,109,0.68125
2020-05-07,14,7,21,5,5,10,12,4,16,12,8,20,13,8,21,5,6,11,7,5,12,15,5,20,6,12,18,1,8,9,90,68,158,158,99,0.6265822784810127
2020-05-08,11,11,22,5,3,8,11,7,18,9,12,21,16,10,26,13,5,18,5,9,14,13,8,21,11,12,23,2,13,15,96,90,186,186,192,1.032258064516129
2020-05-09,15,9,24,3,0,3,4,10,14,5,6,11,7,7,14,4,3,7,6,7,13,12,2,14,5,10,15,5,8,13,66,62,128,128,115,0.8984375
2020-05-10,7,7,14,1,1,2,7,7,14,5,7,12,2,3,5,4,5,9,6,4,10,9,10,19,5,10,15,1,7,8,47,61,108,108,96,0.8888888888888888
2020-05-11,11,12,23,6,4,10,6,5,11,11,9,20,8,12,20,8,5,13,11,5,16,11,10,21,11,16,27,4,13,17,87,91,178,178,131,0.7359550561797753
2020-05-12,11,8,19,6,8,14,19,15,34,21,5,26,7,10,17,6,4,10,9,6,15,5,11,16,9,13,22,6,12,18,99,92,191,191,137,0.7172774869109948
2020-05-13,20,9,29,9,9,18,17,7,24,11,16,27,14,5,19,7,9,16,6,7,13,9,6,15,7,14,21,2,9,11,102,91,193,193,169,0.8756476683937824
2020-05-14,18,19,37,9,6,15,11,17,28,18,13,31,10,8,18,5,9,14,8,11,19,8,9,17,10,11,21,2,15,17,99,118,217,217,195,0.8986175115207373
2020-05-15,15,14,29,8,5,13,6,9,15,10,10,20,10,15,25,9,5,14,10,9,19,6,6,12,10,20,30,5,10,15,89,103,192,191,174,0.9109947643979057
2020-05-16,6,14,20,7,4,11,4,8,12,8,13,21,6,6,12,6,8,14,4,5,9,10,4,14,6,4,10,5,13,18,62,79,141,141,194,1.375886524822695
2020-05-17,11,12,23,3,5,8,9,5,14,6,7,13,8,9,17,3,2,5,6,7,13,6,4,10,10,9,19,4,7,11,66,67,133,133,95,0.7142857142857143
2020-05-18,16,16,32,7,9,16,20,18,38,19,13,32,10,13,23,12,8,20,10,12,22,17,13,30,16,13,29,2,11,13,129,126,255,255,201,0.788235294117647
2020-05-19,16,14,30,11,10,21,25,20,45,29,18,47,22,9,31,12,13,25,13,10,23,9,17,26,11,19,30,3,9,12,151,139,290,290,205,0.7068965517241379
2020-05-20,22,30,52,7,10,17,21,17,38,33,15,48,16,13,29,8,11,19,15,11,26,11,10,21,12,16,28,6,6,12,151,139,290,290,193,0.6655172413793103
2020-05-21,22,27,49,16,5,21,26,19,45,26,17,43,11,16,27,17,9,26,9,7,16,15,9,24,7,16,23,1,4,5,150,129,279,279,144,0.5161290322580645
2020-05-22,18,15,33,11,11,22,24,22,46,18,23,41,15,11,26,11,5,16,5,9,14,8,8,16,7,12,19,6,14,20,123,130,253,253,132,0.5217391304347826
2020-05-23,10,13,23,11,13,24,23,12,35,23,16,39,8,8,16,7,7,14,11,11,22,9,11,20,8,5,13,3,2,5,113,98,211,211,129,0.6113744075829384
2020-05-24,12,11,23,8,8,16,10,8,18,13,9,22,9,2,11,6,4,10,10,4,14,10,7,17,5,10,15,2,6,8,85,69,154,154,118,0.7662337662337663
2020-05-25,22,19,41,16,12,28,17,21,38,12,12,24,12,10,22,5,7,12,4,5,9,13,2,15,8,15,23,2,8,10,111,111,222,222,123,0.5540540540540541
2020-05-26,24,23,47,18,16,34,31,29,60,39,17,56,18,20,38,8,13,21,8,5,13,13,4,17,10,16,26,3,10,13,172,153,325,325,240,0.7384615384615385
2020-05-27,28,24,52,17,12,29,16,19,35,20,13,33,14,10,24,17,11,28,8,7,15,4,11,15,5,16,21,4,2,6,133,125,258,258,198,0.7674418604651163
2020-05-28,23,31,54,14,7,21,24,25,49,19,18,37,17,14,31,11,14,25,9,12,21,12,5,17,12,15,27,6,15,21,147,156,303,303,218,0.7194719471947195
2020-05-29,28,23,51,21,17,38,35,25,60,25,30,55,24,15,39,13,15,28,12,8,20,15,9,24,14,16,30,2,4,6,189,162,351,351,276,0.7863247863247863
2020-05-30,22,18,40,12,8,20,29,23,52,33,9,42,10,11,21,11,11,22,6,5,11,10,10,20,8,11,19,1,7,8,142,113,255,254,113,0.4448818897637795
2020-05-31,18,12,30,9,8,17,15,9,24,11,10,21,11,4,15,4,7,11,6,4,10,10,5,15,5,8,13,1,8,9,90,75,165,165,89,0.5393939393939394
2020-06-01,25,18,43,13,14,27,23,30,53,24,26,50,12,17,29,13,10,23,18,10,28,12,8,20,6,10,16,5,4,9,151,147,298,298,205,0.6879194630872483
2020-06-02,32,20,52,18,17,35,26,22,48,17,24,41,19,15,34,8,11,19,13,8,21,20,11,31,5,13,18,5,12,17,163,153,316,316,185,0.5854430379746836
2020-06-03,23,14,37,14,23,37,22,24,46,22,26,48,11,19,30,7,9,16,12,11,23,15,11,26,12,16,28,2,10,12,140,163,303,303,171,0.5643564356435643
2020-06-04,23,20,43,15,16,31,26,23,49,16,17,33,13,11,24,20,12,32,9,5,14,19,11,30,10,14,24,3,10,13,154,139,293,292,195,0.6678082191780822
2020-06-05,32,31,63,11,14,25,33,19,52,25,33,58,26,19,45,17,19,36,12,13,25,13,11,24,11,20,31,3,9,12,183,188,371,371,319,0.8598382749326146
2020-06-06,19,19,38,11,9,20,17,14,31,25,24,49,11,10,21,14,7,21,9,9,18,11,9,20,9,16,25,3,9,12,129,126,255,250,169,0.676
2020-06-07,10,17,27,12,10,22,17,9,26,14,12,26,13,7,20,10,6,16,7,4,11,8,6,14,10,12,22,3,8,11,104,91,195,192,111,0.578125
2020-06-08,20,24,44,15,16,31,27,23,50,31,24,55,31,15,46,19,16,35,13,8,21,16,14,30,10,17,27,4,7,11,186,164,350,350,227,0.6485714285714286
2020-06-09,39,22,61,16,22,38,18,25,43,24,28,52,29,18,47,12,7,19,13,5,18,8,14,22,12,26,38,3,11,14,174,178,352,351,212,0.603988603988604
2020-06-10,16,20,36,10,15,25,35,17,52,24,32,56,23,18,41,19,16,35,14,12,26,19,22,41,6,18,24,6,16,22,172,186,358,358,255,0.7122905027932961
2020-06-11,26,29,55,11,14,25,22,25,47,29,27,56,11,16,27,14,18,32,11,16,27,16,15,31,6,23,29,3,15,18,149,198,347,347,246,0.7089337175792507
2020-06-12,29,35,64,8,18,26,41,26,67,41,39,80,26,27,53,16,15,31,19,14,33,15,13,28,6,21,27,4,9,13,205,217,422,422,279,0.6611374407582938
2020-06-13,24,24,48,16,15,31,29,29,58,28,19,47,9,15,24,15,11,26,9,4,13,14,9,23,6,15,21,2,7,9,152,148,300,300,210,0.7
2020-06-14,17,23,40,16,11,27,18,16,34,18,9,27,13,11,24,9,13,22,9,4,13,3,11,14,13,20,33,1,8,9,117,126,243,243,172,0.7078189300411523
2020-06-15,21,25,46,21,14,35,25,24,49,18,18,36,17,11,28,13,9,22,11,4,15,10,7,17,7,15,22,1,10,11,144,137,281,281,175,0.6227758007117438
2020-06-16,42,46,88,16,17,33,52,33,85,44,26,70,28,22,50,20,14,34,15,10,25,13,7,20,12,22,34,3,14,17,245,211,456,456,274,0.6008771929824561
2020-06-17,28,28,56,17,18,35,42,31,73,32,36,68,33,19,52,22,14,36,14,11,25,8,19,27,16,13,29,2,10,12,214,199,413,413,336,0.8135593220338984
2020-06-18,37,33,70,12,11,23,45,31,76,48,42,90,34,16,50,26,17,43,20,17,37,11,16,27,16,20,36,2,12,14,251,215,466,466,403,0.8648068669527897
2020-06-19,44,23,67,13,22,35,29,27,56,54,25,79,36,30,66,30,17,47,22,12,34,21,13,34,16,19,35,7,13,20,272,201,473,473,492,1.040169133192389
2020-06-20,27,24,51,11,16,27,34,23,57,32,22,54,21,23,44,15,17,32,15,13,28,11,7,18,7,15,22,4,6,10,177,166,343,343,202,0.5889212827988338
2020-06-21,23,14,37,13,11,24,23,24,47,20,21,41,15,9,24,13,6,19,7,10,17,7,6,13,6,10,16,1,7,8,128,118,246,246,107,0.4349593495934959
2020-06-22,34,32,66,21,21,42,30,34,64,38,21,59,28,23,51,19,27,46,16,16,32,19,13,32,7,19,26,2,12,14,214,218,432,432,305,0.7060185185185185
2020-06-23,39,32,71,20,23,43,42,31,73,53,37,90,30,27,57,15,28,43,15,18,33,10,9,19,12,15,27,3,7,10,239,227,466,466,277,0.5944206008583691
2020-06-24,30,30,60,25,16,41,39,42,81,35,37,72,29,24,53,19,20,39,10,16,26,10,11,21,13,13,26,2,5,7,212,214,426,426,196,0.460093896713615
2020-06-25,35,41,76,26,31,57,32,31,63,36,27,63,39,30,69,34,25,59,9,11,20,8,12,20,8,12,20,5,6,11,232,226,458,458,294,0.6419213973799127
2020-06-26,34,23,57,26,21,47,48,31,79,38,35,73,31,27,58,16,18,34,17,14,31,12,14,26,10,19,29,2,9,11,234,211,445,445,209,0.4696629213483146
2020-06-27,41,40,81,26,31,57,34,35,69,30,28,58,25,17,42,16,9,25,16,5,21,3,13,16,5,7,12,4,6,10,200,191,391,391,213,0.5447570332480819
2020-06-28,35,18,53,12,13,25,13,27,40,28,23,51,17,16,33,15,13,28,9,6,15,8,7,15,8,10,18,6,7,13,151,140,291,291,148,0.5085910652920962
2020-06-29,34,39,73,26,27,53,34,31,65,41,26,67,22,20,42,14,27,41,21,10,31,12,15,27,11,12,23,5,9,14,220,216,436,436,244,0.5596330275229358
2020-06-30,22,31,53,10,20,30,44,32,76,31,37,68,28,26,54,23,18,41,19,8,27,17,9,26,9,17,26,2,11,13,205,209,414,413,221,0.5351089588377724
2020-07-01,29,26,55,12,23,35,52,34,86,35,31,66,22,27,49,23,27,50,16,9,25,11,10,21,8,19,27,2,6,8,210,212,422,422,223,0.5284360189573459
2020-07-02,41,38,79,19,23,42,37,42,79,44,38,82,33,24,57,17,20,37,17,8,25,8,12,20,12,12,24,4,5,9,232,222,454,454,181,0.3986784140969163
2020-07-03,41,28,69,28,15,43,36,28,64,43,44,87,24,28,52,20,20,40,17,13,30,9,15,24,8,17,25,5,4,9,231,212,443,443,226,0.510158013544018
2020-07-04,25,32,57,16,16,32,29,35,64,30,21,51,26,17,43,16,12,28,11,8,19,8,12,20,5,9,14,3,6,9,169,168,337,337,157,0.4658753709198813
2020-07-05,19,25,44,18,11,29,25,28,53,26,26,52,10,21,31,17,16,33,17,14,31,15,12,27,8,13,21,3,9,12,158,175,333,333,161,0.48348348348348347
2020-07-06,19,26,45,18,15,33,37,36,73,45,23,68,33,22,55,26,21,47,21,21,42,17,26,43,10,21,31,3,9,12,229,220,449,449,150,0.33407572383073497
2020-07-07,34,49,83,16,22,38,51,39,90,43,33,76,25,32,57,28,18,46,17,16,33,11,13,24,10,20,30,7,11,18,242,253,495,495,187,0.37777777777777777
2020-07-08,34,21,55,26,23,49,50,36,86,33,34,67,37,36,73,20,26,46,16,16,32,15,21,36,12,15,27,4,14,18,247,242,489,489,221,0.45194274028629855
2020-07-09,25,18,43,14,11,25,26,27,53,33,24,57,26,24,50,12,12,24,7,16,23,9,22,31,4,14,18,6,8,14,162,176,338,338,137,0.40532544378698226
2020-07-10,21,17,38,20,18,38,26,25,51,30,24,54,19,21,40,14,13,27,16,15,31,17,12,29,12,14,26,2,10,12,177,169,346,346,129,0.37283236994219654
2020-07-11,22,28,50,17,11,28,20,22,42,21,27,48,19,24,43,16,18,34,18,10,28,13,17,30,4,17,21,2,10,12,152,184,336,336,150,0.44642857142857145
2020-07-12,19,16,35,16,7,23,18,17,35,21,11,32,14,9,23,8,10,18,10,10,20,10,5,15,6,11,17,4,7,11,126,103,229,229,87,0.3799126637554585
2020-07-13,25,31,56,19,23,42,43,33,76,36,36,72,34,31,65,26,33,59,31,23,54,18,32,50,13,46,59,2,25,27,247,313,560,560,326,0.5821428571428572
2020-07-14,30,29,59,26,14,40,34,24,58,58,35,93,33,27,60,26,13,39,22,23,45,17,26,43,6,18,24,7,14,21,259,223,482,482,217,0.45020746887966806
2020-07-15,27,30,57,31,20,51,35,52,87,51,46,97,35,41,76,25,30,55,22,22,44,10,16,26,14,16,30,8,5,13,258,278,536,536,222,0.4141791044776119
2020-07-16,36,19,55,18,30,48,43,48,91,47,33,80,34,38,72,27,32,59,16,13,29,15,17,32,19,30,49,2,18,20,257,278,535,535,306,0.5719626168224299
2020-07-17,34,30,64,24,15,39,29,36,65,37,46,83,36,43,79,29,35,64,24,27,51,18,14,32,16,21,37,4,10,14,251,277,528,528,261,0.4943181818181818
2020-07-18,22,23,45,14,13,27,36,32,68,33,38,71,26,27,53,25,21,46,24,18,42,9,9,18,14,21,35,2,5,7,205,207,412,412,226,0.5485436893203883
2020-07-19,27,26,53,11,15,26,25,24,49,23,25,48,22,21,43,22,23,45,14,10,24,12,8,20,10,16,26,3,6,9,169,174,343,343,121,0.35276967930029157
2020-07-20,41,37,78,35,28,63,54,43,97,53,59,112,42,55,97,31,38,69,25,34,59,19,21,40,20,22,42,3,11,14,323,348,671,671,250,0.37257824143070045
2020-07-21,35,31,66,25,21,46,42,38,80,57,37,94,39,35,74,32,29,61,26,25,51,19,24,43,14,24,38,5,11,16,294,275,569,569,217,0.38137082601054484
2020-07-22,53,33,86,21,20,41,61,47,108,53,55,108,48,39,87,27,27,54,16,23,39,22,17,39,15,29,44,1,9,10,317,299,616,616,231,0.375
2020-07-23,42,36,78,24,17,41,51,46,97,50,49,99,32,29,61,30,22,52,18,21,39,17,21,38,8,19,27,6,11,17,278,271,549,549,319,0.581056466302368
2020-07-24,28,33,61,19,21,40,53,48,101,46,58,104,33,32,65,31,20,51,30,13,43,11,19,30,11,26,37,3,14,17,265,284,549,549,271,0.4936247723132969
2020-07-25,28,24,52,24,13,37,37,39,76,38,41,79,31,24,55,12,8,20,14,15,29,12,12,24,9,18,27,5,4,9,210,198,408,408,226,0.553921568627451
2020-07-26,24,25,49,13,14,27,20,19,39,25,23,48,28,12,40,18,14,32,11,8,19,15,9,24,6,16,22,6,6,12,166,146,312,312,157,0.5032051282051282
2020-07-27,27,32,59,24,24,48,48,37,85,47,42,89,47,43,90,27,39,66,21,23,44,16,21,37,17,21,38,5,19,24,279,301,580,580,260,0.4482758620689655
2020-07-28,35,28,63,22,19,41,60,61,121,56,41,97,39,41,80,36,37,73,30,30,60,13,27,40,12,21,33,5,18,23,308,323,631,631,262,0.4152139461172742
2020-07-29,34,36,70,22,28,50,62,47,109,51,50,101,48,44,92,34,42,76,21,28,49,23,21,44,17,28,45,5,24,29,317,348,665,665,254,0.3819548872180451
2020-07-30,42,32,74,33,31,64,82,64,146,63,53,116,51,36,87,40,38,78,23,30,53,14,18,32,8,19,27,1,6,7,357,327,684,684,309,0.4517543859649123
2020-07-31,31,41,72,20,25,45,48,59,107,72,59,131,47,37,84,38,30,68,22,31,53,20,25,45,9,28,37,6,18,24,313,353,666,666,299,0.44894894894894893
2020-08-01,26,19,45,12,20,32,29,36,65,33,34,67,26,37,63,27,24,51,20,8,28,18,16,34,11,22,33,1,11,12,203,227,430,430,215,0.5
2020-08-02,30,22,52,15,17,32,30,19,49,29,33,62,21,31,52,18,23,41,11,19,30,6,18,24,12,13,25,2,7,9,174,202,376,376,159,0.4228723404255319
2020-08-03,39,45,84,26,26,52,47,52,99,54,39,93,34,39,73,28,30,58,29,18,47,10,21,31,13,31,44,4,14,18,284,315,599,599,298,0.4974958263772955
2020-08-04,38,31,69,33,31,64,65,37,102,60,52,112,55,39,94,36,29,65,27,18,45,16,19,35,17,31,48,5,16,21,352,303,655,655,312,0.4763358778625954
2020-08-05,41,37,78,34,22,56,56,37,93,43,53,96,35,37,72,36,41,77,29,26,55,20,19,39,18,21,39,3,8,11,315,301,616,616,426,0.6915584415584416
2020-08-06,39,25,64,20,33,53,56,52,108,50,58,108,52,47,99,32,38,70,26,18,44,18,18,36,16,24,40,5,12,17,314,325,639,638,344,0.5391849529780565
2020-08-07,50,33,83,26,25,51,54,48,102,56,46,102,41,54,95,37,21,58,20,24,44,19,28,47,14,35,49,5,24,29,322,338,660,660,287,0.4348484848484849
2020-08-08,30,28,58,18,19,37,30,30,60,54,49,103,28,35,63,31,30,61,20,18,38,13,25,38,11,19,30,1,21,22,236,274,510,510,164,0.3215686274509804
2020-08-09,25,26,51,11,12,23,26,32,58,36,29,65,23,36,59,26,28,54,20,16,36,13,22,35,16,40,56,4,19,23,200,260,460,460,159,0.3456521739130435
2020-08-10,42,33,75,27,27,54,66,53,119,63,39,102,49,48,97,34,34,68,18,15,33,15,26,41,15,20,35,4,11,15,333,306,639,639,244,0.38184663536776214
2020-08-11,37,35,72,37,21,58,62,53,115,76,56,132,53,48,101,38,37,75,28,21,49,22,31,53,15,28,43,6,12,18,374,342,716,716,288,0.4022346368715084
2020-08-12,31,37,68,35,23,58,52,64,116,45,79,124,52,53,105,34,35,69,26,24,50,15,24,39,12,21,33,5,16,21,307,376,683,683,246,0.3601756954612006
2020-08-13,22,32,54,35,24,59,71,68,139,80,80,160,50,49,99,45,41,86,21,29,50,26,15,41,10,25,35,4,15,19,364,378,742,742,256,0.3450134770889488
2020-08-14,25,26,51,20,18,38,80,68,148,62,60,122,61,39,100,39,43,82,32,26,58,21,31,52,13,21,34,3,12,15,356,344,700,700,266,0.38
2020-08-15,38,23,61,28,17,45,36,48,84,51,54,105,25,45,70,28,28,56,25,19,44,15,29,44,9,42,51,4,16,20,259,321,580,580,211,0.36379310344827587
2020-08-16,31,16,47,13,9,22,41,37,78,35,35,70,19,29,48,22,18,40,11,21,32,15,13,28,9,31,40,4,22,26,200,231,431,430,177,0.4116279069767442
2020-08-17,22,16,38,22,20,42,49,42,91,48,55,103,40,38,78,32,40,72,15,35,50,12,13,25,11,19,30,0,15,15,251,293,544,544,223,0.4099264705882353
2020-08-18,40,35,75,28,12,40,53,52,105,70,61,131,44,39,83,26,49,75,20,32,52,23,27,50,9,18,27,0,17,17,313,342,655,655,210,0.32061068702290074
2020-08-19,43,35,78,23,27,50,47,63,110,61,60,121,36,47,83,39,30,69,18,28,46,18,26,44,12,37,49,4,17,21,301,370,671,671,216,0.32190760059612517
2020-08-20,25,24,49,24,20,44,58,56,114,47,52,99,28,48,76,35,29,64,24,30,54,12,19,31,15,23,38,3,12,15,271,313,584,584,234,0.4006849315068493
2020-08-21,27,39,66,31,23,54,43,47,90,60,60,120,49,47,96,37,48,85,32,29,61,22,36,58,14,35,49,5,10,15,320,374,694,694,292,0.4207492795389049
2020-08-22,14,17,31,25,19,44,35,33,68,33,48,81,40,30,70,20,21,41,21,21,42,12,20,32,8,13,21,3,14,17,211,236,447,447,206,0.4608501118568233
2020-08-23,22,29,51,13,13,26,27,20,47,34,35,69,25,21,46,25,26,51,18,20,38,9,22,31,11,7,18,5,4,9,189,197,386,386,121,0.3134715025906736
2020-08-24,40,44,84,26,22,48,47,59,106,60,50,110,40,50,90,45,33,78,22,32,54,18,23,41,17,22,39,6,19,25,321,354,675,675,271,0.4014814814814815
2020-08-25,25,28,53,29,18,47,56,68,124,61,73,134,39,41,80,31,40,71,21,28,49,11,18,29,17,29,46,6,17,23,296,360,656,656,261,0.3978658536585366
2020-08-26,44,20,64,26,27,53,71,62,133,58,56,114,44,53,97,36,36,72,31,20,51,22,26,48,17,29,46,3,15,18,352,344,696,696,266,0.382183908045977
2020-08-27,35,28,63,36,29,65,69,65,134,69,61,130,59,52,111,41,38,79,20,31,51,24,25,49,17,28,45,5,24,29,375,381,756,756,261,0.34523809523809523
2020-08-28,34,34,68,44,21,65,76,78,154,63,68,131,57,59,116,44,57,101,22,36,58,27,26,53,11,20,31,6,10,16,384,409,793,793,346,0.43631778058007564
2020-08-29,28,16,44,12,13,25,54,48,102,44,63,107,43,41,84,29,25,54,27,19,46,17,18,35,8,24,32,3,16,19,265,283,548,548,289,0.5273722627737226
2020-08-30,24,25,49,19,17,36,40,32,72,44,35,79,38,37,75,28,23,51,14,19,33,11,17,28,8,11,19,3,5,8,229,221,450,450,127,0.2822222222222222
2020-08-31,36,24,60,30,23,53,61,52,113,53,60,113,50,51,101,29,37,66,27,34,61,27,26,53,19,38,57,2,15,17,334,360,694,694,385,0.5547550432276657
2020-09-01,40,34,74,21,39,60,61,62,123,85,67,152,59,38,97,33,51,84,19,24,43,15,24,39,15,41,56,7,15,22,355,395,750,749,290,0.3871829105473965
2020-09-02,31,22,53,23,16,39,43,62,105,46,68,114,48,39,87,38,34,72,16,23,39,28,23,51,17,26,43,3,30,33,293,343,636,636,330,0.5188679245283019
2020-09-03,31,30,61,32,23,55,72,69,141,85,76,161,56,51,107,41,34,75,23,31,54,18,25,43,12,28,40,4,9,13,374,376,750,750,323,0.43066666666666664
2020-09-04,33,34,67,27,24,51,56,59,115,65,67,132,61,65,126,29,35,64,33,40,73,26,23,49,14,28,42,3,16,19,347,391,738,738,336,0.45528455284552843
2020-09-05,22,21,43,15,14,29,49,42,91,47,60,107,39,48,87,23,33,56,26,28,54,18,17,35,15,19,34,3,7,10,257,289,546,546,321,0.5879120879120879
2020-09-06,20,22,42,14,17,31,21,37,58,37,30,67,30,26,56,16,25,41,16,22,38,10,20,30,12,16,28,2,10,12,178,225,403,403,172,0.4267990074441687
2020-09-07,28,29,57,21,26,47,67,69,136,69,62,131,48,56,104,33,50,83,36,28,64,15,24,39,14,30,44,7,14,21,338,388,726,726,294,0.4049586776859504
2020-09-08,33,27,60,27,26,53,61,57,118,75,69,144,49,48,97,47,46,93,31,34,65,28,26,54,18,27,45,7,21,28,376,381,757,757,360,0.47556142668428003
2020-09-09,36,25,61,20,27,47,63,58,121,57,51,108,53,44,97,36,42,78,33,38,71,20,29,49,15,35,50,1,20,21,334,369,703,703,354,0.5035561877667141
2020-09-10,26,18,44,33,23,56,79,69,148,73,75,148,67,52,119,37,40,77,26,28,54,23,22,45,11,34,45,1,17,18,376,378,754,754,372,0.493368700265252
2020-09-11,27,29,56,34,24,58,59,51,110,60,71,131,49,52,101,40,59,99,35,29,64,25,27,52,18,25,43,3,10,13,350,377,727,727,352,0.48418156808803303
2020-09-12,25,19,44,19,20,39,36,36,72,32,47,79,25,35,60,27,35,62,24,25,49,20,23,43,13,31,44,2,14,16,223,285,508,508,253,0.49803149606299213
2020-09-13,29,24,53,12,10,22,32,44,76,36,53,89,21,21,42,27,23,50,26,25,51,12,11,23,5,14,19,5,9,14,205,234,439,439,168,0.3826879271070615
2020-09-14,32,29,61,25,25,50,63,78,141,55,67,122,44,50,94,52,43,95,38,36,74,28,27,55,17,16,33,2,10,12,356,381,737,737,325,0.44097693351424694
2020-09-15,36,27,63,21,17,38,60,41,101,60,77,137,45,38,83,30,41,71,30,31,61,22,31,53,15,28,43,1,12,13,320,343,663,663,345,0.5203619909502263
2020-09-16,39,37,76,37,34,71,71,78,149,62,80,142,55,51,106,37,45,82,30,34,64,26,19,45,14,29,43,3,11,14,374,418,792,792,272,0.3434343434343434
2020-09-17,30,24,54,26,40,66,55,53,108,55,56,111,54,64,118,49,53,102,41,33,74,27,27,54,15,18,33,3,4,7,355,372,727,727,342,0.47042640990371387
2020-09-18,39,42,81,20,31,51,53,62,115,78,79,157,45,54,99,37,44,81,25,44,69,31,26,57,14,24,38,3,11,14,345,417,762,762,323,0.4238845144356955
2020-09-19,14,34,48,10,24,34,32,30,62,36,45,81,27,23,50,21,21,42,27,23,50,20,21,41,14,17,31,3,7,10,204,245,449,449,210,0.46770601336302897
2020-09-20,21,27,48,26,21,47,30,35,65,38,30,68,24,25,49,17,26,43,12,18,30,20,16,36,3,18,21,4,8,12,195,224,419,419,104,0.24821002386634844
2020-09-21,32,33,65,24,34,58,57,46,103,57,71,128,44,52,96,36,26,62,27,31,58,24,27,51,10,15,25,1,11,12,312,346,658,658,281,0.4270516717325228
2020-09-22,41,36,77,36,35,71,54,67,121,61,63,124,55,36,91,43,49,92,35,24,59,27,29,56,10,33,43,3,13,16,365,385,750,750,270,0.36
2020-09-23,40,33,73,19,22,41,43,64,107,53,63,116,43,45,88,32,41,73,32,32,64,20,30,50,11,24,35,2,12,14,295,366,661,661,221,0.33434190620272314
2020-09-24,43,40,83,33,33,66,66,56,122,77,71,148,49,44,93,36,34,70,11,51,62,19,29,48,22,25,47,7,22,29,363,405,768,768,286,0.3723958333333333
2020-09-25,33,24,57,26,18,44,53,59,112,60,57,117,53,46,99,36,37,73,30,36,66,23,24,47,19,24,43,0,10,10,333,335,668,668,327,0.48952095808383234
2020-09-26,22,19,41,23,16,39,38,34,72,45,38,83,34,33,67,25,36,61,21,22,43,17,16,33,10,18,28,6,9,15,241,241,482,482,183,0.3796680497925311
2020-09-27,21,25,46,16,22,38,40,45,85,29,32,61,35,28,63,27,22,49,20,19,39,7,17,24,8,13,21,3,7,10,206,230,436,436,146,0.3348623853211009
2020-09-28,30,26,56,27,23,50,50,49,99,59,59,118,59,38,97,48,49,97,44,24,68,18,28,46,18,23,41,4,21,25,357,340,697,697,287,0.4117647058823529
2020-09-29,44,32,76,29,36,65,76,50,126,79,76,155,61,52,113,36,40,76,38,42,80,31,45,76,22,38,60,3,24,27,419,435,854,854,238,0.2786885245901639
2020-09-30,38,29,67,28,28,56,63,67,130,62,60,122,49,37,86,43,49,92,38,43,81,26,28,54,9,24,33,5,9,14,361,374,735,735,294,0.4
2020-10-01,39,39,78,27,51,78,66,77,143,76,77,153,40,59,99,42,40,82,41,34,75,27,45,72,14,17,31,3,11,14,375,450,825,825,318,0.38545454545454544
2020-10-02,50,47,97,30,30,60,63,78,141,57,68,125,43,56,99,47,35,82,40,39,79,26,38,64,12,33,45,4,18,22,372,442,814,814,404,0.4963144963144963
2020-10-03,19,23,42,20,27,47,46,45,91,40,42,82,35,33,68,35,27,62,15,24,39,19,18,37,7,20,27,3,7,10,239,266,505,505,223,0.4415841584158416
2020-10-04,28,27,55,19,23,42,41,37,78,31,30,61,36,35,71,20,20,40,19,20,39,11,15,26,11,26,37,3,3,6,219,236,455,455,199,0.43736263736263736
2020-10-05,22,34,56,24,26,50,54,51,105,79,67,146,73,49,122,48,45,93,51,33,84,29,43,72,19,27,46,3,7,10,402,382,784,784,356,0.45408163265306123
2020-10-06,31,45,76,31,25,56,63,52,115,68,58,126,71,43,114,48,43,91,30,38,68,30,34,64,18,27,45,6,11,17,396,376,772,772,287,0.37176165803108807
2020-10-07,40,27,67,20,22,42,63,64,127,73,73,146,48,59,107,37,55,92,36,43,79,30,30,60,18,29,47,8,7,15,373,409,782,782,271,0.34654731457800514
2020-10-08,40,32,72,32,26,58,61,67,128,62,63,125,49,57,106,40,51,91,29,33,62,22,35,57,16,20,36,5,17,22,356,401,757,757,352,0.46499339498018494
2020-10-09,30,40,70,50,42,92,48,76,124,78,90,168,54,60,114,41,53,94,38,44,82,21,36,57,13,26,39,4,15,19,377,482,859,859,490,0.570430733410943
2020-10-10,23,26,49,30,21,51,57,49,106,53,52,105,36,41,77,32,43,75,33,30,63,14,24,38,16,20,36,9,14,23,303,320,623,623,370,0.593900481540931
2020-10-11,26,24,50,18,17,35,41,56,97,50,60,110,47,34,81,27,24,51,34,37,71,19,25,44,16,23,39,1,10,11,279,310,589,589,348,0.5908319185059423
2020-10-12,21,28,49,35,27,62,70,79,149,64,73,137,51,60,111,46,65,111,51,37,88,38,43,81,22,39,61,2,16,18,400,467,867,867,335,0.3863898500576701
2020-10-13,48,42,90,52,34,86,101,98,199,97,110,207,66,82,148,73,78,151,51,52,103,39,48,87,28,47,75,9,25,34,564,616,1180,1180,436,0.3694915254237288
2020-10-14,47,36,83,30,43,73,88,105,193,93,104,197,62,80,142,57,63,120,48,50,98,45,51,96,22,31,53,1,22,23,493,585,1078,1078,468,0.43413729128014844
2020-10-15,43,39,82,45,45,90,98,106,204,120,121,241,88,101,189,74,71,145,60,60,120,31,54,85,18,33,51,9,15,24,586,645,1231,1231,441,0.35824532900081235
2020-10-16,56,37,93,40,55,95,122,136,258,122,103,225,101,96,197,69,84,153,53,62,115,35,53,88,25,47,72,3,32,35,626,705,1331,1331,523,0.39293764087152516
2020-10-17,22,24,46,27,33,60,82,62,144,85,88,173,71,75,146,39,48,87,36,49,85,38,41,79,13,33,46,4,14,18,417,467,884,884,401,0.45361990950226244
2020-10-18,23,25,48,21,23,44,36,43,79,47,69,116,31,44,75,40,29,69,29,24,53,20,33,53,10,35,45,1,14,15,258,339,597,597,322,0.5393634840871022
2020-10-19,65,47,112,41,51,92,111,131,242,113,135,248,119,117,236,78,84,162,81,69,150,51,62,113,24,41,65,3,17,20,686,754,1440,1440,727,0.5048611111111111
2020-10-20,51,55,106,54,52,106,128,118,246,107,121,228,94,112,206,79,86,165,66,59,125,36,51,87,34,44,78,1,26,27,650,724,1374,1374,935,0.6804949053857351
2020-10-21,38,32,70,64,43,107,86,114,200,97,97,194,78,80,158,67,55,122,51,40,91,31,40,71,19,37,56,3,15,18,534,553,1087,1087,641,0.5896964121435143
2020-10-22,36,30,66,53,60,113,81,92,173,79,87,166,74,94,168,57,71,128,36,49,85,29,34,63,22,36,58,7,19,26,474,572,1046,1046,728,0.6959847036328872
2020-10-23,31,28,59,38,30,68,70,80,150,68,80,148,55,74,129,45,48,93,42,51,93,38,39,77,25,19,44,4,24,28,416,473,889,889,696,0.7829021372328459
2020-10-24,19,23,42,17,29,46,59,37,96,46,54,100,45,40,85,33,32,65,19,27,46,26,25,51,9,22,31,5,13,18,278,302,580,580,528,0.9103448275862069
2020-10-25,34,25,59,17,28,45,60,55,115,52,80,132,45,42,87,39,50,89,31,32,63,23,30,53,8,18,26,4,4,8,313,364,677,677,631,0.9320531757754801
2020-10-26,40,34,74,58,34,92,75,89,164,97,99,196,68,87,155,55,74,129,40,49,89,37,43,80,16,45,61,6,20,26,492,574,1066,1066,930,0.8724202626641651
2020-10-27,39,36,75,39,34,73,98,104,202,93,82,175,89,77,166,66,80,146,61,79,140,40,49,89,17,29,46,3,8,11,545,578,1123,1123,955,0.8504007123775601
2020-10-28,38,37,75,33,29,62,67,102,169,87,93,180,55,77,132,61,68,129,54,42,96,29,36,65,12,32,44,4,14,18,440,530,970,970,786,0.8103092783505155
2020-10-29,33,31,64,31,32,63,106,84,190,110,100,210,69,77,146,43,58,101,51,53,104,26,31,57,17,29,46,3,8,11,489,503,992,992,960,0.967741935483871
2020-10-30,35,25,60,28,36,64,74,107,181,83,85,168,70,69,139,44,54,98,42,53,95,25,31,56,19,30,49,6,17,23,426,507,933,933,725,0.7770632368703109
2020-10-31,26,20,46,20,21,41,43,51,94,45,64,109,37,49,86,33,31,64,29,39,68,21,24,45,8,15,23,3,4,7,265,318,583,583,490,0.8404802744425386
2020-11-01,36,25,61,29,40,69,54,60,114,56,69,125,59,45,104,40,53,93,32,42,74,27,26,53,8,20,28,4,6,10,345,386,731,731,618,0.8454172366621067
2020-11-02,35,41,76,40,46,86,86,94,180,104,89,193,63,79,142,61,58,119,57,56,113,35,35,70,17,23,40,2,13,15,500,534,1034,1034,842,0.8143133462282398
2020-11-03,31,26,57,23,26,49,71,85,156,77,69,146,54,41,95,45,46,91,39,38,77,30,27,57,17,35,52,3,13,16,390,406,796,796,589,0.7399497487437185
2020-11-04,37,40,77,38,41,79,99,108,207,86,98,184,95,98,193,62,71,133,61,52,113,39,36,75,22,41,63,11,15,26,550,600,1150,1150,671,0.5834782608695652
2020-11-05,42,41,83,57,51,108,123,108,231,115,107,222,97,88,185,74,89,163,41,51,92,34,38,72,19,29,48,2,14,16,604,616,1220,1220,788,0.6459016393442623
2020-11-06,26,31,57,24,39,63,63,69,132,63,70,133,42,39,81,48,52,100,36,46,82,30,40,70,14,29,43,4,9,13,350,424,774,774,651,0.8410852713178295
2020-11-07,30,27,57,26,26,52,50,66,116,50,72,122,43,49,92,40,48,88,40,41,81,26,30,56,21,20,41,7,5,12,333,384,717,717,552,0.7698744769874477
2020-11-08,33,42,75,34,37,71,64,58,122,56,71,127,49,60,109,32,41,73,41,39,80,26,27,53,10,16,26,4,4,8,349,395,744,744,617,0.8293010752688172
2020-11-09,47,50,97,61,37,98,83,95,178,91,120,211,70,81,151,67,66,133,55,62,117,23,37,60,24,37,61,4,10,14,525,595,1120,1120,882,0.7875
2020-11-10,35,28,63,34,31,65,76,70,146,84,90,174,54,56,110,43,51,94,59,42,101,32,35,67,22,28,50,4,11,15,443,442,885,885,584,0.6598870056497175
2020-11-11,42,33,75,29,40,69,83,88,171,91,85,176,72,67,139,49,64,113,45,42,87,33,34,67,21,36,57,4,19,23,469,508,977,977,678,0.6939611054247697
2020-11-12,46,31,77,37,38,75,77,98,175,98,97,195,80,75,155,66,51,117,39,68,107,36,43,79,21,36,57,3,11,14,503,548,1051,1051,678,0.6450999048525214
2020-11-13,40,28,68,49,32,81,82,100,182,73,87,160,72,71,143,53,57,110,55,59,114,38,37,75,21,34,55,4,14,18,487,519,1006,1006,672,0.6679920477137177
2020-11-14,48,34,82,28,26,54,54,62,116,65,73,138,41,60,101,34,40,74,46,25,71,26,33,59,8,22,30,4,4,8,354,379,733,733,540,0.7366984993178718
2020-11-15,38,36,74,29,20,49,65,81,146,79,60,139,58,55,113,46,53,99,43,43,86,24,29,53,9,23,32,1,14,15,392,414,806,806,600,0.7444168734491315
2020-11-16,39,45,84,44,36,80,69,70,139,74,84,158,77,66,143,35,54,89,42,49,91,33,36,69,15,27,42,5,22,27,433,489,922,922,571,0.6193058568329718
2020-11-17,38,44,82,42,37,79,96,96,192,107,108,215,80,83,163,52,59,111,63,72,135,43,51,94,8,37,45,2,9,11,531,596,1127,1127,772,0.6850044365572315
2020-11-18,39,40,79,55,45,100,95,92,187,113,102,215,76,72,148,57,55,112,45,42,87,40,46,86,16,42,58,4,9,13,540,545,1085,1085,764,0.7041474654377881
2020-11-19,38,29,67,56,41,97,90,100,190,96,111,207,62,73,135,56,68,124,52,58,110,37,34,71,18,36,54,3,11,14,508,561,1069,1069,753,0.7043966323666978
2020-11-20,39,36,75,35,40,75,85,90,175,92,91,183,54,61,115,55,55,110,50,48,98,30,29,59,19,28,47,5,9,14,464,487,951,951,705,0.7413249211356467
2020-11-21,32,28,60,26,27,53,52,63,115,59,60,119,48,52,100,36,41,77,35,31,66,23,21,44,9,11,20,3,10,13,323,344,667,667,586,0.8785607196401799
2020-11-22,28,25,53,25,24,49,56,55,111,40,60,100,53,49,102,22,23,45,23,44,67,22,15,37,9,21,30,1,8,9,279,324,603,603,462,0.7661691542288557
2020-11-23,46,36,82,29,31,60,66,67,133,68,71,139,61,48,109,43,46,89,39,42,81,20,28,48,17,28,45,7,13,20,396,410,806,806,646,0.8014888337468983
2020-11-24,37,44,81,45,40,85,84,84,168,104,86,190,75,65,140,52,59,111,52,46,98,32,42,74,24,34,58,3,6,9,508,506,1014,1014,805,0.7938856015779092
2020-11-25,51,46,97,49,40,89,91,81,172,101,95,196,68,63,131,51,48,99,48,46,94,24,30,54,18,24,42,5,9,14,506,482,988,988,673,0.6811740890688259
2020-11-26,39,37,76,44,47,91,94,100,194,96,108,204,55,78,133,65,58,123,58,47,105,33,43,76,16,30,46,8,11,19,508,559,1067,1067,776,0.7272727272727273
2020-11-27,18,33,51,28,22,50,78,94,172,68,75,143,53,43,96,55,48,103,33,38,71,28,32,60,11,32,43,6,6,12,378,423,801,801,573,0.7153558052434457
2020-11-28,46,24,70,28,28,56,69,60,129,47,66,113,44,52,96,50,44,94,22,33,55,20,28,48,12,28,40,2,4,6,340,367,707,707,490,0.693069306930693
2020-11-29,34,33,67,18,33,51,72,82,154,64,79,143,62,46,108,43,43,86,40,40,80,19,27,46,16,12,28,2,7,9,370,402,772,772,594,0.7694300518134715
2020-11-30,45,40,85,52,39,91,124,128,252,108,108,216,91,76,167,54,71,125,59,62,121,37,48,85,20,35,55,7,8,15,597,615,1212,1211,851,0.7027250206440958
2020-12-01,33,42,75,33,50,83,108,92,200,82,103,185,76,79,155,38,51,89,46,66,112,37,43,80,19,29,48,2,4,6,474,559,1033,1033,676,0.6544046466602129
2020-12-02,22,19,41,27,23,50,62,70,132,58,83,141,57,62,119,34,38,72,24,29,53,32,30,62,13,19,32,6,9,15,335,382,717,717,286,0.398884239888424
2020-12-03,33,41,74,40,34,74,78,110,188,103,115,218,77,76,153,50,54,104,53,63,116,33,30,63,14,20,34,3,11,14,484,554,1038,1038,249,0.2398843930635838
2020-12-04,35,35,70,36,47,83,87,77,164,86,86,172,75,77,152,63,66,129,52,56,108,38,39,77,18,28,46,7,10,17,497,521,1018,1018,335,0.3290766208251473
2020-12-05,29,30,59,32,32,64,75,68,143,79,65,144,46,43,89,36,36,72,26,25,51,19,21,40,11,21,32,5,7,12,358,348,706,706,368,0.5212464589235127
2020-12-06,23,24,47,33,20,53,53,53,106,54,44,98,34,53,87,23,35,58,29,27,56,26,29,55,16,15,31,1,3,4,292,303,595,595,237,0.3983193277310924
2020-12-07,18,36,54,32,25,57,75,82,157,70,72,142,54,56,110,38,45,83,28,30,58,21,37,58,11,18,29,4,6,10,351,407,758,758,209,0.2757255936675462
2020-12-08,31,36,67,21,30,51,68,67,135,69,75,144,44,40,84,49,48,97,36,36,72,19,32,51,7,19,26,5,4,9,349,387,736,736,223,0.3029891304347826
2020-12-09,37,30,67,34,43,77,111,123,234,129,119,248,100,80,180,93,84,177,76,77,153,47,57,104,14,35,49,3,17,20,644,665,1309,1309,424,0.32391138273491216
2020-12-10,40,40,80,61,65,126,128,128,256,134,159,293,95,101,196,104,105,209,83,76,159,41,33,74,17,42,59,6,10,16,709,759,1468,1468,297,0.20231607629427792
2020-12-11,33,41,74,44,44,88,141,141,282,147,159,306,101,105,206,102,102,204,90,103,193,50,46,96,18,28,46,1,8,9,727,777,1504,1504,296,0.19680851063829788
2020-12-12,32,35,67,52,35,87,106,112,218,111,132,243,102,103,205,95,76,171,56,92,148,38,58,96,11,23,34,2,8,10,605,674,1279,1279,321,0.2509773260359656
2020-12-13,32,30,62,33,45,78,82,104,186,110,114,224,86,87,173,93,76,169,65,50,115,34,30,64,11,22,33,6,4,10,552,562,1114,1114,189,0.1696588868940754
2020-12-14,49,41,90,48,47,95,127,137,264,141,135,276,108,120,228,103,104,207,82,101,183,52,58,110,20,31,51,9,12,21,739,786,1525,1525,377,0.24721311475409835
2020-12-15,36,38,74,53,52,105,108,127,235,135,145,280,97,91,188,93,108,201,95,92,187,47,43,90,11,18,29,1,12,13,676,726,1402,1402,314,0.2239657631954351
2020-12-16,23,34,57,60,68,128,136,165,301,189,192,381,115,145,260,122,109,231,121,107,228,59,61,120,21,21,42,4,11,15,850,913,1763,1763,372,0.21100397050482134
2020-12-17,44,48,92,66,60,126,137,165,302,201,202,403,154,145,299,115,113,228,62,92,154,45,38,83,9,24,33,3,7,10,836,894,1730,1730,372,0.21502890173410405
2020-12-18,56,41,97,80,87,167,166,174,340,191,215,406,156,156,312,133,149,282,140,139,279,91,75,166,16,47,63,5,7,12,1034,1090,2124,2124,491,0.23116760828625235
2020-12-19,42,33,75,60,62,122,127,151,278,210,200,410,131,132,263,108,113,221,97,122,219,45,61,106,15,28,43,3,5,8,838,907,1745,1745,434,0.2487106017191977
2020-12-20,33,50,83,70,68,138,138,146,284,211,201,412,153,161,314,133,141,274,113,117,230,50,50,100,12,15,27,3,6,9,916,955,1871,1871,254,0.13575628006413681
2020-12-21,55,52,107,85,62,147,193,171,364,226,244,470,175,157,332,138,142,280,129,143,272,63,74,137,14,38,52,5,8,13,1083,1091,2174,2174,387,0.1780128794848206
2020-12-22,49,54,103,92,81,173,206,202,408,239,259,498,200,183,383,150,143,293,162,159,321,71,55,126,18,30,48,4,5,9,1191,1171,2362,2362,404,0.1710414902624894
2020-12-23,60,55,115,94,77,171,222,212,434,267,243,510,170,203,373,150,138,288,114,132,246,63,61,124,24,38,62,5,14,19,1169,1173,2342,2342,462,0.19726729291204098
2020-12-24,32,38,70,45,53,98,124,119,243,172,152,324,115,97,212,76,83,159,63,78,141,43,35,78,5,21,26,3,5,8,678,681,1359,1359,351,0.2582781456953642
2020-12-25,13,15,28,17,17,34,39,23,62,43,45,88,28,22,50,20,27,47,14,19,33,14,7,21,7,12,19,3,4,7,198,191,389,389,237,0.609254498714653
2020-12-26,49,41,90,89,100,189,155,192,347,253,224,477,152,180,332,127,134,261,80,96,176,43,54,97,18,31,49,1,12,13,967,1064,2031,2031,412,0.20285573609059576
2020-12-27,34,28,62,110,87,197,169,139,308,241,201,442,207,180,387,139,152,291,125,122,247,55,65,120,25,35,60,3,12,15,1108,1021,2129,2129,233,0.10944105213715359
2020-12-28,59,48,107,124,132,256,259,255,514,369,339,708,245,265,510,192,204,396,133,166,299,64,80,144,26,46,72,3,16,19,1474,1551,3025,3025,452,0.14942148760330579
2020-12-29,48,50,98,120,122,242,253,262,515,281,256,537,223,229,452,161,148,309,123,144,267,69,74,143,23,48,71,7,11,18,1308,1344,2652,2652,412,0.15535444947209653
2020-12-30,50,37,87,126,137,263,268,222,490,339,297,636,213,220,433,171,206,377,130,141,271,69,74,143,25,42,67,4,12,16,1395,1388,2783,2782,596,0.21423436376707405
2020-12-31,33,33,66,89,85,174,200,165,365,186,228,414,160,167,327,108,104,212,60,77,137,34,51,85,12,30,42,0,7,7,882,947,1829,1829,356,0.19464188080918535
2021-01-01,16,11,27,21,26,47,31,37,68,40,46,86,36,31,67,26,35,61,18,20,38,17,17,34,5,17,22,1,4,5,211,244,455,455,183,0.4021978021978022
2021-01-02,49,34,83,78,91,169,178,178,356,214,217,431,157,156,313,109,156,265,136,119,255,61,62,123,14,36,50,3,8,11,999,1057,2056,2056,389,0.1892023346303502
2021-01-03,33,34,67,137,124,261,253,251,504,316,319,635,227,278,505,175,211,386,157,164,321,71,93,164,16,33,49,3,6,9,1388,1513,2901,2901,307,0.10582557738710789
2021-01-04,48,48,96,117,98,215,322,333,655,345,385,730,268,270,538,178,213,391,140,153,293,94,84,178,33,53,86,3,13,16,1548,1650,3198,3198,465,0.14540337711069418
2021-01-05,37,48,85,136,116,252,341,358,699,364,385,749,274,272,546,182,217,399,153,227,380,88,101,189,26,53,79,4,11,15,1605,1788,3393,3392,473,0.13944575471698112
2021-01-06,45,38,83,157,145,302,343,307,650,364,346,710,298,290,588,219,217,436,166,188,354,96,106,202,29,56,85,4,19,23,1721,1712,3433,3432,482,0.14044289044289043
2021-01-07,41,43,84,100,123,223,256,259,515,309,290,599,231,217,448,150,181,331,128,141,269,67,99,166,24,47,71,2,9,11,1308,1409,2717,2717,504,0.18549871181450128
2021-01-08,51,40,91,118,141,259,286,257,543,263,295,558,187,240,427,152,173,325,103,135,238,64,102,166,27,35,62,7,8,15,1258,1426,2684,2683,530,0.1975400670890794
2021-01-09,32,37,69,98,102,200,197,234,431,293,298,591,187,210,397,161,169,330,97,144,241,50,69,119,19,36,55,0,12,12,1134,1311,2445,2444,386,0.1579378068739771
2021-01-10,43,45,88,115,129,244,220,210,430,249,307,556,203,212,415,131,164,295,113,94,207,43,69,112,12,32,44,1,10,11,1130,1272,2402,2402,276,0.11490424646128226
2021-01-11,53,39,92,148,145,293,309,312,621,317,368,685,249,258,507,179,182,361,122,163,285,67,69,136,20,38,58,1,6,7,1465,1580,3045,3045,469,0.15402298850574714
2021-01-12,60,35,95,118,121,239,257,295,552,261,274,535,204,216,420,146,188,334,122,117,239,48,60,108,27,28,55,3,9,12,1246,1343,2589,2588,394,0.15224111282843894
2021-01-13,69,61,130,142,147,289,316,298,614,288,286,574,234,223,457,174,204,378,131,157,288,67,72,139,21,48,69,6,4,10,1448,1500,2948,2948,402,0.13636363636363635
2021-01-14,54,49,103,136,143,279,268,304,572,290,309,599,202,233,435,177,218,395,124,151,275,61,69,130,19,37,56,3,6,9,1334,1519,2853,2853,503,0.1763056431826148
2021-01-15,55,51,106,241,213,454,337,353,690,405,412,817,322,308,630,256,271,527,152,176,328,66,96,162,24,42,66,3,11,14,1861,1933,3794,3794,525,0.13837638376383765
2021-01-16,32,28,60,230,226,456,290,321,611,378,388,766,347,348,695,264,245,509,161,183,344,101,99,200,23,36,59,2,11,13,1828,1885,3713,3713,365,0.0983032588203609
2021-01-17,36,20,56,201,204,405,275,334,609,314,328,642,332,374,706,217,234,451,119,145,264,63,69,132,21,26,47,2,2,4,1580,1736,3316,3316,315,0.09499396863691194
2021-01-18,50,48,98,260,268,528,375,381,756,418,420,838,382,362,744,303,292,595,203,233,436,94,117,211,28,48,76,3,9,12,2116,2178,4294,4294,398,0.09268747088961342
2021-01-19,56,42,98,239,210,449,379,361,740,399,399,798,373,383,756,252,294,546,193,225,418,97,117,214,20,47,67,7,16,23,2015,2094,4109,4109,306,0.07447067412995863
2021-01-20,54,50,104,250,241,491,334,358,692,352,347,699,341,343,684,281,294,575,215,233,448,109,121,230,25,47,72,7,14,21,1968,2048,4016,4016,340,0.0846613545816733
2021-01-21,58,49,107,161,192,353,300,295,595,269,304,573,242,281,523,184,261,445,164,155,319,74,85,159,37,38,75,8,11,19,1497,1671,3168,3168,442,0.13952020202020202
2021-01-22,45,49,94,193,166,359,243,273,516,251,262,513,239,271,510,185,203,388,140,156,296,68,88,156,17,43,60,3,3,6,1384,1514,2898,2898,350,0.12077294685990338
2021-01-23,35,28,63,179,166,345,267,269,536,256,281,537,235,200,435,189,201,390,97,117,214,46,59,105,14,28,42,2,7,9,1320,1356,2676,2676,407,0.15209267563527654
2021-01-24,28,31,59,202,191,393,291,279,570,272,274,546,273,263,536,212,211,423,134,141,275,54,69,123,20,31,51,2,7,9,1488,1497,2985,2985,203,0.0680067001675042
2021-01-25,51,67,118,267,228,495,386,384,770,328,362,690,323,334,657,239,266,505,189,192,381,88,102,190,29,55,84,6,11,17,1906,2001,3907,3907,307,0.07857691323265933
2021-01-26,67,55,122,255,202,457,319,296,615,292,284,576,277,291,568,211,251,462,152,173,325,76,90,166,28,55,83,4,16,20,1681,1713,3394,3394,370,0.10901591043017089
2021-01-27,64,53,117,195,207,402,311,300,611,293,309,602,262,289,551,196,236,432,144,140,284,61,75,136,30,42,72,2,18,20,1558,1669,3227,3227,284,0.08800743724821816
2021-01-28,55,53,108,175,156,331,251,258,509,262,262,524,209,215,424,167,205,372,126,150,276,69,89,158,28,44,72,5,14,19,1347,1446,2793,2793,345,0.12352309344790548
2021-01-29,43,57,100,241,219,460,323,305,628,328,353,681,299,331,630,236,258,494,181,220,401,75,111,186,23,58,81,4,9,13,1753,1921,3674,3673,501,0.13640076231962972
2021-01-30,31,22,53,316,295,611,281,313,594,343,391,734,376,407,783,288,313,601,166,224,390,86,108,194,19,44,63,3,8,11,1909,2125,4034,4034,290,0.07188894397620228
2021-01-31,29,24,53,435,420,855,377,376,753,445,453,898,559,579,1138,394,408,802,201,222,423,84,108,192,24,41,65,2,11,13,2550,2642,5192,5192,174,0.033513097072419104
2021-02-01,46,45,91,358,419,777,351,402,753,411,458,869,473,484,957,407,385,792,232,283,515,77,138,215,35,45,80,2,10,12,2392,2669,5061,5061,323,0.06382137917407626
2021-02-02,42,40,82,296,318,614,330,318,648,374,429,803,477,506,983,351,369,720,251,271,522,142,156,298,34,46,80,6,12,18,2303,2465,4768,4768,258,0.054110738255033555
2021-02-03,44,48,92,265,225,490,298,346,644,353,365,718,378,390,768,285,307,592,220,236,456,111,147,258,35,56,91,3,11,14,1992,2131,4123,4123,297,0.07203492602473927
2021-02-04,53,43,96,152,142,294,239,268,507,258,279,537,218,293,511,197,227,424,129,187,316,69,105,174,22,42,64,3,16,19,1340,1602,2942,2942,289,0.0982324949014276
2021-02-05,48,43,91,159,145,304,236,238,474,242,253,495,217,215,432,168,196,364,137,176,313,73,86,159,16,45,61,2,7,9,1298,1404,2702,2702,415,0.15358993338267948
2021-02-06,27,27,54,173,169,342,206,214,420,231,291,522,220,250,470,195,213,408,114,143,257,49,83,132,17,31,48,0,7,7,1232,1428,2660,2660,283,0.10639097744360902
2021-02-07,32,37,69,177,166,343,188,211,399,245,268,513,223,242,465,183,214,397,108,115,223,63,63,126,16,26,42,7,5,12,1242,1347,2589,2589,164,0.06334492081884897
2021-02-08,48,42,90,235,268,503,296,317,613,344,379,723,383,406,789,239,279,518,160,196,356,76,106,182,27,57,84,4,16,20,1812,2066,3878,3878,354,0.09128416709644147
2021-02-09,44,30,74,198,211,409,268,280,548,367,338,705,310,337,647,264,265,529,197,197,394,84,110,194,32,61,93,5,14,19,1769,1843,3612,3612,262,0.0725359911406423
2021-02-10,47,29,76,154,153,307,230,259,489,262,323,585,291,275,566,167,227,394,148,162,310,85,91,176,29,37,66,0,10,10,1413,1566,2979,2979,233,0.07821416582745888
2021-02-11,48,39,87,134,161,295,197,245,442,289,287,576,246,273,519,170,208,378,141,149,290,72,77,149,24,47,71,5,10,15,1326,1496,2822,2822,211,0.07476966690290573
2021-02-12,48,34,82,170,167,337,201,216,417,293,294,587,255,299,554,169,203,372,129,181,310,76,87,163,25,43,68,2,13,15,1368,1537,2905,2905,367,0.12633390705679862
2021-02-13,24,21,45,200,218,418,212,228,440,325,321,646,306,354,660,193,224,417,138,156,294,52,74,126,19,35,54,2,11,13,1471,1642,3113,3113,294,0.09444265981368455
2021-02-14,22,19,41,174,201,375,165,224,389,308,366,674,354,377,731,196,231,427,155,156,311,61,107,168,15,21,36,2,13,15,1452,1715,3167,3166,184,0.05811749842072015
2021-02-15,25,33,58,252,279,531,255,270,525,371,405,776,441,453,894,290,279,569,154,182,336,66,102,168,16,47,63,2,12,14,1872,2062,3934,3934,233,0.05922724961870869
2021-02-16,27,23,50,268,233,501,328,360,688,431,489,920,409,452,861,273,230,503,139,139,278,65,83,148,13,37,50,7,6,13,1960,2052,4012,4012,271,0.06754735792622134
2021-02-17,34,46,80,185,188,373,407,425,832,395,408,803,316,341,657,228,259,487,201,210,411,90,111,201,21,52,73,5,13,18,1882,2053,3935,3935,266,0.06759847522236341
2021-02-18,32,39,71,148,172,320,328,349,677,351,385,736,283,310,593,239,241,480,152,200,352,82,111,193,29,45,74,3,6,9,1647,1858,3505,3505,321,0.09158345221112696
2021-02-19,49,36,85,143,163,306,306,306,612,307,345,652,267,301,568,220,244,464,160,199,359,87,111,198,20,43,63,4,9,13,1563,1757,3320,3320,355,0.10692771084337349
2021-02-20,39,26,65,128,155,283,260,274,534,276,311,587,258,286,544,191,237,428,113,196,309,57,78,135,23,38,61,3,3,6,1348,1604,2952,2952,246,0.08333333333333333
2021-02-21,39,27,66,125,153,278,215,267,482,291,306,597,241,267,508,145,194,339,133,162,295,57,72,129,21,32,53,4,9,13,1271,1489,2760,2760,201,0.07282608695652174
2021-02-22,50,62,112,137,173,310,267,313,580,309,373,682,278,302,580,211,232,443,142,196,338,72,98,170,39,37,76,3,5,8,1508,1791,3299,3299,300,0.09093664746892997
2021-02-23,64,44,108,135,135,270,239,254,493,279,313,592,231,268,499,196,214,410,153,183,336,83,114,197,29,42,71,7,15,22,1416,1582,2998,2998,276,0.09206137424949967
2021-02-24,41,65,106,135,146,281,195,226,421,252,267,519,168,232,400,159,186,345,164,158,322,77,96,173,22,43,65,3,9,12,1216,1428,2644,2644,238,0.09001512859304085
2021-02-25,74,63,137,102,111,213,211,220,431,205,225,430,196,176,372,141,171,312,116,152,268,64,93,157,19,37,56,4,16,20,1132,1264,2396,2396,237,0.09891485809682804
2021-02-26,53,51,104,108,118,226,218,255,473,263,237,500,194,228,422,152,183,335,126,190,316,59,88,147,20,36,56,2,17,19,1195,1403,2598,2598,240,0.09237875288683603
2021-02-27,32,30,62,106,139,245,188,233,421,265,283,548,187,205,392,173,211,384,157,186,343,67,89,156,20,47,67,1,7,8,1196,1430,2626,2626,274,0.10434120335110435
2021-02-28,30,32,62,149,164,313,242,290,532,326,374,700,265,279,544,245,304,549,204,216,420,112,122,234,21,41,62,3,9,12,1597,1831,3428,3428,223,0.06505250875145857
2021-03-01,78,68,146,93,127,220,225,218,443,268,247,515,215,192,407,119,164,283,130,154,284,67,108,175,23,42,65,5,13,18,1223,1333,2556,2556,349,0.1365414710485133
2021-03-02,84,69,153,133,116,249,205,220,425,215,241,456,184,174,358,149,194,343,104,141,245,74,63,137,32,35,67,3,7,10,1183,1260,2443,2443,224,0.09169054441260745
2021-03-03,86,61,147,103,84,187,146,190,336,208,180,388,148,163,311,142,171,313,145,171,316,72,103,175,16,30,46,0,15,15,1066,1168,2234,2234,278,0.12444046553267682
2021-03-04,68,68,136,86,115,201,163,161,324,190,175,365,135,146,281,104,155,259,113,163,276,65,107,172,20,37,57,6,13,19,950,1140,2090,2090,288,0.13779904306220095
2021-03-05,59,60,119,89,98,187,163,209,372,214,205,419,144,137,281,123,162,285,124,128,252,67,87,154,17,35,52,0,6,6,1000,1127,2127,2127,295,0.1386929948283968
2021-03-06,39,43,82,68,76,144,158,154,312,178,173,351,132,142,274,90,136,226,90,88,178,44,62,106,21,27,48,2,6,8,822,907,1729,1729,209,0.12087912087912088
2021-03-07,39,36,75,75,71,146,137,179,316,180,185,365,97,150,247,112,142,254,117,147,264,46,69,115,21,34,55,3,4,7,827,1017,1844,1843,149,0.08084644601193706
2021-03-08,72,76,148,100,112,212,170,209,379,215,228,443,164,170,334,173,183,356,163,171,334,79,88,167,22,43,65,3,11,14,1161,1291,2452,2450,218,0.08897959183673469
2021-03-09,94,102,196,95,104,199,168,158,326,210,219,429,194,174,368,153,169,322,133,210,343,91,103,194,23,33,56,4,7,11,1165,1279,2444,2444,237,0.0969721767594108
2021-03-10,104,91,195,106,90,196,172,170,342,224,220,444,141,152,293,134,171,305,128,139,267,71,104,175,20,46,66,4,9,13,1104,1192,2296,2296,348,0.15156794425087108
2021-03-11,81,90,171,69,96,165,139,181,320,173,178,351,107,139,246,97,122,219,93,127,220,55,71,126,25,31,56,1,15,16,840,1050,1890,1890,351,0.18571428571428572
2021-03-12,96,98,194,108,115,223,150,188,338,207,220,427,143,168,311,123,179,302,121,149,270,75,88,163,23,43,66,4,12,16,1050,1260,2310,2309,395,0.17106972715461238
2021-03-13,69,48,117,69,79,148,171,164,335,202,213,415,141,134,275,116,154,270,144,145,289,51,69,120,11,37,48,5,3,8,979,1046,2025,2025,326,0.16098765432098766
2021-03-14,55,73,128,60,78,138,143,185,328,195,227,422,135,144,279,132,174,306,142,169,311,54,91,145,19,28,47,4,9,13,939,1178,2117,2117,223,0.10533774208786018
2021-03-15,139,107,246,113,118,231,181,213,394,222,249,471,189,211,400,176,185,361,163,175,338,84,122,206,18,46,64,4,15,19,1289,1441,2730,2730,353,0.12930402930402932
2021-03-16,108,112,220,104,120,224,156,186,342,222,228,450,160,137,297,142,182,324,125,163,288,71,100,171,13,42,55,5,16,21,1106,1286,2392,2392,274,0.11454849498327759
2021-03-17,80,91,171,100,97,197,166,206,372,163,167,330,124,150,274,131,150,281,128,142,270,57,86,143,18,39,57,2,13,15,969,1141,2110,2109,276,0.13086770981507823
2021-03-18,86,73,159,70,86,156,138,166,304,176,149,325,116,130,246,91,123,214,93,120,213,59,73,132,17,28,45,3,8,11,849,956,1805,1805,268,0.1484764542936288
2021-03-19,95,82,177,110,107,217,148,186,334,181,190,371,115,135,250,109,144,253,99,140,239,61,65,126,12,26,38,5,8,13,935,1083,2018,2018,410,0.20317145688800792
2021-03-20,38,44,82,66,77,143,127,132,259,139,166,305,106,126,232,107,135,242,95,95,190,55,58,113,17,26,43,3,7,10,753,866,1619,1617,270,0.16697588126159554
2021-03-21,59,57,116,72,77,149,145,144,289,172,166,338,109,114,223,113,138,251,89,120,209,29,64,93,17,25,42,3,9,12,808,914,1722,1722,201,0.11672473867595819
2021-03-22,88,92,180,107,94,201,154,196,350,191,202,393,157,153,310,155,165,320,116,144,260,65,77,142,22,48,70,4,21,25,1059,1192,2251,2251,379,0.16836961350510884
2021-03-23,97,95,192,116,110,226,174,186,360,170,179,349,142,124,266,142,156,298,121,154,275,68,89,157,24,28,52,1,11,12,1055,1132,2187,2187,331,0.15134887974394148
2021-03-24,55,62,117,84,73,157,116,122,238,137,169,306,93,116,209,90,114,204,64,98,162,45,70,115,11,33,44,1,5,6,696,862,1558,1558,272,0.17458279845956354
2021-03-25,72,75,147,90,100,190,141,168,309,176,171,347,144,164,308,109,133,242,94,120,214,52,64,116,24,28,52,3,5,8,905,1028,1933,1933,289,0.1495085359544749
2021-03-26,97,91,188,112,125,237,167,176,343,206,183,389,141,156,297,104,151,255,85,132,217,63,74,137,21,34,55,2,10,12,998,1132,2130,2130,391,0.1835680751173709
2021-03-27,76,63,139,53,67,120,144,129,273,183,177,360,126,138,264,111,135,246,111,125,236,40,62,102,14,32,46,5,5,10,863,933,1796,1796,379,0.21102449888641425
2021-03-28,58,37,95,46,74,120,108,127,235,139,164,303,130,127,257,98,132,230,88,124,212,42,40,82,16,22,38,2,5,7,727,852,1579,1579,264,0.16719442685243824
2021-03-29,92,79,171,116,97,213,155,184,339,179,201,380,161,166,327,134,137,271,103,147,250,48,51,99,17,28,45,1,11,12,1006,1101,2107,2107,366,0.17370669197911723
2021-03-30,78,76,154,102,107,209,129,138,267,168,164,332,126,152,278,107,117,224,92,131,223,37,55,92,19,29,48,5,7,12,863,976,1839,1838,318,0.17301414581066377
2021-03-31,68,65,133,77,60,137,134,152,286,158,161,319,104,127,231,66,110,176,55,74,129,26,43,69,16,22,38,2,9,11,706,823,1529,1529,345,0.22563767168083715
2021-04-01,60,58,118,82,82,164,149,162,311,171,156,327,121,132,253,90,124,214,83,101,184,38,50,88,13,16,29,2,9,11,809,890,1699,1699,414,0.24367274867569158
2021-04-02,73,49,122,80,87,167,123,137,260,168,146,314,121,108,229,94,116,210,70,80,150,41,33,74,12,12,24,3,5,8,785,773,1558,1558,354,0.22721437740693196
2021-04-03,46,55,101,70,85,155,124,135,259,153,172,325,124,128,252,102,124,226,95,90,185,33,52,85,16,35,51,4,4,8,767,880,1647,1647,463,0.28111718275652703
2021-04-04,65,50,115,136,131,267,177,198,375,226,244,470,165,199,364,107,149,256,76,104,180,29,46,75,17,24,41,1,7,8,999,1152,2151,2151,376,0.17480241748024175
2021-04-05,84,86,170,180,184,364,240,264,504,278,253,531,225,251,476,160,199,359,106,146,252,49,59,108,12,36,48,5,9,14,1339,1487,2826,2826,442,0.15640481245576787
2021-04-06,83,109,192,156,149,305,291,236,527,266,310,576,225,218,443,145,181,326,114,173,287,65,95,160,24,37,61,3,13,16,1372,1521,2893,2893,563,0.19460767369512616
2021-04-07,102,88,190,169,162,331,257,264,521,263,293,556,228,225,453,157,199,356,92,160,252,60,82,142,13,40,53,1,8,9,1342,1521,2863,2860,471,0.1646853146853147
2021-04-08,87,80,167,137,130,267,196,248,444,248,274,522,173,188,361,127,163,290,103,131,234,51,67,118,18,29,47,0,13,13,1140,1323,2463,2463,583,0.23670320747056436
2021-04-09,81,70,151,92,103,195,126,180,306,160,168,328,149,143,292,101,114,215,71,91,162,36,49,85,8,23,31,3,8,11,827,949,1776,1775,525,0.29577464788732394
2021-04-10,49,52,101,100,115,215,176,163,339,188,173,361,123,138,261,107,123,230,79,85,164,16,37,53,7,15,22,1,3,4,846,904,1750,1749,346,0.1978273299028016
2021-04-11,50,55,105,74,95,169,129,125,254,144,173,317,138,139,277,99,99,198,77,82,159,23,37,60,12,22,34,2,5,7,748,832,1580,1580,293,0.18544303797468353
2021-04-12,84,75,159,132,125,257,150,184,334,203,223,426,160,193,353,124,189,313,100,115,215,30,55,85,12,28,40,1,12,13,996,1199,2195,2193,382,0.1741906064751482
2021-04-13,96,63,159,85,89,174,167,146,313,210,204,414,151,161,312,121,130,251,69,83,152,42,32,74,9,16,25,3,8,11,953,932,1885,1885,381,0.20212201591511936
2021-04-14,85,72,157,85,70,155,109,123,232,134,126,260,94,118,212,77,97,174,98,94,192,41,59,100,15,21,36,5,5,10,743,785,1528,1527,469,0.3071381794368042
2021-04-15,96,79,175,105,127,232,200,201,401,214,202,416,207,195,402,137,186,323,85,104,189,30,46,76,15,25,40,2,8,10,1091,1173,2264,2263,444,0.19619973486522316
2021-04-16,89,80,169,87,97,184,206,199,405,229,237,466,171,189,360,149,189,338,118,147,265,32,52,84,8,26,34,1,9,10,1090,1225,2315,2314,408,0.1763180639585134
2021-04-17,82,72,154,99,91,190,167,143,310,221,183,404,161,166,327,118,134,252,93,95,188,33,59,92,11,26,37,3,4,7,988,973,1961,1961,424,0.21621621621621623
2021-04-18,52,55,107,66,55,121,125,135,260,152,174,326,149,133,282,112,118,230,95,84,179,31,40,71,22,20,42,3,7,10,807,821,1628,1628,274,0.1683046683046683
2021-04-19,95,74,169,111,108,219,209,204,413,231,233,464,186,181,367,153,160,313,119,126,245,40,65,105,8,38,46,4,13,17,1156,1202,2358,2358,366,0.15521628498727735
2021-04-20,98,105,203,106,95,201,164,175,339,176,191,367,169,179,348,134,128,262,116,140,256,47,53,100,24,31,55,4,9,13,1038,1106,2144,2144,384,0.1791044776119403
2021-04-21,93,69,162,90,64,154,156,140,296,167,160,327,126,144,270,109,122,231,94,107,201,40,39,79,11,42,53,3,6,9,889,893,1782,1782,359,0.20145903479236812
2021-04-22,108,85,193,117,98,215,170,169,339,193,226,419,183,217,400,140,148,288,98,135,233,46,70,116,15,41,56,1,9,10,1071,1198,2269,2268,364,0.16049382716049382
2021-04-23,88,81,169,83,98,181,186,183,369,228,218,446,180,211,391,146,190,336,97,134,231,50,67,117,16,23,39,4,6,10,1078,1211,2289,2288,306,0.13374125874125875
2021-04-24,49,39,88,43,31,74,45,62,107,71,70,141,64,84,148,37,44,81,27,31,58,26,38,64,6,21,27,2,16,18,370,436,806,806,250,0.31017369727047145
2021-04-25,64,61,125,69,61,130,95,120,215,149,136,285,139,125,264,115,121,236,76,73,149,29,34,63,10,22,32,0,3,3,746,756,1502,1501,196,0.13057961359093936
2021-04-26,92,98,190,106,105,211,177,169,346,202,209,411,176,183,359,166,163,329,98,110,208,62,72,134,13,27,40,3,6,9,1095,1142,2237,2236,261,0.1167262969588551
2021-04-27,81,73,154,97,98,195,192,210,402,186,192,378,148,188,336,126,137,263,95,108,203,44,75,119,21,31,52,4,8,12,994,1120,2114,2112,221,0.10464015151515152
2021-04-28,94,90,184,102,103,205,168,173,341,195,198,393,165,164,329,119,123,242,87,105,192,43,54,97,10,25,35,5,8,13,988,1043,2031,2031,277,0.13638601674052192
2021-04-29,103,90,193,137,132,269,197,226,423,253,253,506,228,205,433,158,198,356,106,143,249,64,89,153,29,46,75,2,15,17,1277,1397,2674,2673,332,0.12420501309390199
2021-04-30,98,81,179,89,96,185,105,149,254,135,158,293,111,142,253,98,110,208,69,110,179,55,61,116,22,37,59,3,18,21,785,962,1747,1747,388,0.2220950200343446
2021-05-01,68,61,129,83,60,143,121,127,248,157,155,312,128,153,281,98,119,217,72,81,153,45,52,97,17,39,56,0,4,4,789,851,1640,1639,318,0.19402074435631483
2021-05-02,66,60,126,82,89,171,155,176,331,215,232,447,160,221,381,134,153,287,98,131,229,40,60,100,16,24,40,3,16,19,969,1162,2131,2131,259,0.12153918348193336
2021-05-03,133,120,253,117,135,252,305,284,589,330,374,704,288,325,613,218,295,513,170,238,408,90,113,203,23,53,76,2,16,18,1676,1953,3629,3629,444,0.12234775420225957
2021-05-04,110,97,207,133,152,285,266,252,518,328,311,639,246,250,496,208,261,469,142,192,334,92,123,215,25,42,67,1,18,19,1551,1698,3249,3249,285,0.08771929824561403
2021-05-05,119,97,216,122,117,239,245,274,519,288,303,591,237,223,460,170,206,376,128,132,260,77,84,161,33,40,73,7,14,21,1426,1490,2916,2914,290,0.09951956074124914
2021-05-06,92,105,197,170,160,330,243,312,555,293,307,600,272,255,527,192,227,419,125,143,268,68,81,149,29,46,75,4,21,25,1488,1657,3145,3145,409,0.1300476947535771
2021-05-07,115,110,225,174,161,335,264,325,589,286,340,626,272,305,577,179,245,424,135,163,298,67,97,164,19,31,50,3,6,9,1514,1783,3297,3297,386,0.11707612981498332
2021-05-08,53,63,116,76,71,147,151,167,318,203,196,399,131,139,270,101,120,221,67,75,142,43,35,78,20,28,48,1,11,12,846,905,1751,1751,273,0.1559109080525414
2021-05-09,73,71,144,75,83,158,129,149,278,164,184,348,150,163,313,96,125,221,72,81,153,50,62,112,18,23,41,9,2,11,836,943,1779,1779,209,0.11748173130972456
2021-05-10,112,109,221,131,132,263,282,255,537,311,297,608,249,299,548,212,209,421,158,171,329,80,102,182,30,51,81,1,9,10,1566,1634,3200,3199,332,0.10378243201000313
2021-05-11,106,91,197,118,120,238,193,207,400,247,244,491,206,196,402,143,168,311,134,144,278,66,88,154,25,32,57,5,8,13,1243,1298,2541,2541,328,0.12908303817394726
2021-05-12,97,88,185,114,104,218,180,223,403,249,212,461,212,213,425,163,166,329,113,138,251,47,71,118,18,39,57,5,11,16,1198,1265,2463,2463,403,0.16362159967519285
2021-05-13,132,82,214,96,95,191,224,253,477,218,267,485,207,185,392,133,177,310,103,123,226,48,72,120,20,47,67,1,5,6,1182,1306,2488,2487,388,0.15601125854443104
2021-05-14,121,121,242,118,164,282,277,303,580,325,332,657,219,302,521,195,228,423,127,171,298,62,84,146,30,42,72,5,8,13,1479,1755,3234,3234,401,0.12399505256648113
2021-05-15,87,93,180,93,116,209,175,219,394,221,257,478,184,233,417,149,152,301,93,123,216,39,49,88,19,31,50,1,14,15,1061,1287,2348,2348,347,0.14778534923339012
2021-05-16,70,72,142,74,89,163,141,134,275,178,202,380,172,181,353,133,145,278,94,98,192,41,49,90,15,33,48,1,14,15,919,1017,1936,1936,262,0.1353305785123967
2021-05-17,174,154,328,178,175,353,304,340,644,394,411,805,316,369,685,271,308,579,168,203,371,102,133,235,40,68,108,3,15,18,1950,2176,4126,4125,471,0.11418181818181818
2021-05-18,146,150,296,164,175,339,343,311,654,390,385,775,367,358,725,259,265,524,167,193,360,86,101,187,31,48,79,4,9,13,1957,1995,3952,3952,422,0.10678137651821862
2021-05-19,163,127,290,184,185,369,351,364,715,404,412,816,354,340,694,243,289,532,176,202,378,80,95,175,32,45,77,7,17,24,1994,2076,4070,4070,346,0.08501228501228501
2021-05-20,157,149,306,174,213,387,394,412,806,440,399,839,338,339,677,236,290,526,176,183,359,79,103,182,32,52,84,4,15,19,2030,2155,4185,4184,353,0.08436902485659656
2021-05-21,116,101,217,142,150,292,294,348,642,355,400,755,302,331,633,219,249,468,148,196,344,77,70,147,31,58,89,1,11,12,1685,1914,3599,3599,521,0.14476243400944708
2021-05-22,65,53,118,80,101,181,155,203,358,224,210,434,168,175,343,116,134,250,79,84,163,41,44,85,15,37,52,1,13,14,944,1054,1998,1998,423,0.21171171171171171
2021-05-23,62,56,118,58,84,142,135,147,282,161,175,336,145,133,278,107,141,248,66,96,162,43,35,78,11,47,58,9,14,23,797,928,1725,1725,272,0.15768115942028985
2021-05-24,95,68,163,105,137,242,242,220,462,270,292,562,230,274,504,205,253,458,123,163,286,76,87,163,25,42,67,3,11,14,1374,1547,2921,2921,294,0.10065046217048956
2021-05-25,76,60,136,91,103,194,227,241,468,236,268,504,225,220,445,190,194,384,112,134,246,63,69,132,17,37,54,5,9,14,1242,1335,2577,2576,252,0.09782608695652174
2021-05-26,111,94,205,151,160,311,323,306,629,331,325,656,298,313,611,269,279,548,144,190,334,85,100,185,28,66,94,7,7,14,1747,1840,3587,3587,328,0.09144131586283803
2021-05-27,91,91,182,112,118,230,243,276,519,308,298,606,219,209,428,202,238,440,121,146,267,83,81,164,22,37,59,2,15,17,1403,1509,2912,2911,357,0.12263826863620748
2021-05-28,104,94,198,144,181,325,309,326,635,336,336,672,300,332,632,291,313,604,163,220,383,74,95,169,26,49,75,5,12,17,1752,1958,3710,3710,342,0.09218328840970351
2021-05-29,73,69,142,79,97,176,188,213,401,249,234,483,223,217,440,138,178,316,95,117,212,48,65,113,19,41,60,5,13,18,1117,1244,2361,2361,292,0.12367640830156713
2021-05-30,41,50,91,64,70,134,174,191,365,196,195,391,178,154,332,105,139,244,72,79,151,30,53,83,15,27,42,3,9,12,878,967,1845,1845,208,0.11273712737127371
2021-05-31,93,90,183,138,136,274,303,304,607,351,336,687,284,303,587,176,218,394,131,168,299,82,105,187,31,60,91,1,16,17,1590,1736,3326,3326,326,0.09801563439567047
2021-06-01,105,96,201,128,132,260,256,257,513,306,298,604,243,263,506,200,236,436,157,172,329,87,97,184,35,42,77,5,11,16,1522,1604,3126,3126,295,0.09436980166346769
2021-06-02,126,97,223,133,145,278,275,317,592,302,341,643,273,275,548,173,212,385,131,177,308,86,101,187,30,52,82,7,16,23,1536,1733,3269,3267,352,0.10774410774410774
2021-06-03,105,113,218,157,137,294,289,281,570,315,339,654,275,282,557,189,221,410,146,175,321,76,101,177,29,30,59,4,17,21,1585,1696,3281,3279,303,0.09240622140896615
2021-06-04,154,135,289,150,149,299,315,317,632,322,322,644,289,298,587,221,304,525,142,177,319,92,119,211,26,57,83,2,9,11,1713,1887,3600,3600,359,0.09972222222222223
2021-06-05,79,83,162,80,84,164,170,207,377,202,225,427,180,181,361,137,150,287,75,92,167,45,77,122,15,26,41,5,14,19,988,1139,2127,2127,339,0.15937940761636107
2021-06-06,81,90,171,83,90,173,163,169,332,189,211,400,163,163,326,145,147,292,80,107,187,45,59,104,13,27,40,0,13,13,962,1076,2038,2038,216,0.10598626104023552
2021-06-07,120,147,267,139,150,289,270,286,556,331,318,649,254,313,567,221,251,472,164,201,365,105,146,251,38,82,120,7,33,40,1649,1927,3576,3576,349,0.09759507829977629
2021-06-08,145,133,278,130,141,271,261,300,561,340,305,645,261,263,524,221,260,481,120,141,261,76,135,211,26,54,80,4,17,21,1584,1749,3333,3333,274,0.0822082208220822
2021-06-09,137,138,275,144,124,268,310,304,614,329,357,686,267,284,551,213,269,482,138,163,301,83,95,178,37,61,98,4,18,22,1662,1813,3475,3473,296,0.08522890872444572
2021-06-10,122,137,259,125,151,276,301,318,619,325,358,683,256,271,527,187,237,424,117,176,293,88,122,210,30,49,79,5,18,23,1556,1837,3393,3390,330,0.09734513274336283
2021-06-11,119,110,229,107,137,244,294,323,617,304,359,663,274,305,579,211,228,439,140,157,297,84,125,209,30,70,100,6,15,21,1569,1829,3398,3398,432,0.12713360800470866
2021-06-12,93,86,179,98,91,189,197,208,405,232,244,476,187,196,383,133,173,306,90,124,214,47,81,128,27,34,61,4,11,15,1108,1248,2356,2356,250,0.10611205432937182
2021-06-13,102,102,204,93,99,192,160,151,311,182,184,366,179,196,375,134,163,297,91,104,195,40,56,96,19,34,53,4,11,15,1004,1100,2104,2104,210,0.09980988593155894
2021-06-14,151,128,279,144,153,297,249,322,571,316,354,670,289,300,589,209,268,477,135,196,331,103,116,219,29,51,80,16,19,35,1641,1907,3548,3548,324,0.09131905298759865
2021-06-15,151,153,304,160,149,309,298,291,589,313,355,668,266,317,583,211,242,453,153,161,314,83,96,179,37,42,79,4,17,21,1676,1823,3499,3499,286,0.08173763932552158
2021-06-16,153,150,303,154,142,296,284,301,585,324,343,667,273,306,579,175,213,388,129,156,285,74,94,168,32,42,74,1,13,14,1599,1760,3359,3359,260,0.07740398928252457
2021-06-17,143,136,279,160,169,329,302,333,635,330,383,713,274,315,589,164,229,393,137,169,306,101,118,219,24,47,71,2,11,13,1637,1910,3547,3547,296,0.08345080349591204
2021-06-18,125,108,233,135,144,279,299,267,566,320,347,667,263,344,607,158,236,394,108,162,270,56,90,146,29,31,60,4,14,18,1497,1743,3240,3240,351,0.10833333333333334
2021-06-19,98,104,202,94,80,174,176,200,376,207,263,470,182,221,403,109,138,247,107,106,213,63,69,132,24,58,82,3,18,21,1063,1257,2320,2320,387,0.1668103448275862
2021-06-20,94,72,166,79,54,133,103,123,226,133,185,318,132,152,284,93,115,208,69,84,153,47,52,99,13,27,40,1,9,10,764,873,1637,1637,198,0.1209529627367135
2021-06-21,110,106,216,99,84,183,155,206,361,234,216,450,208,214,422,151,165,316,82,106,188,54,77,131,30,29,59,3,4,7,1126,1207,2333,2332,255,0.10934819897084049
2021-06-22,174,154,328,159,154,313,273,334,607,318,347,665,308,334,642,192,233,425,171,199,370,82,120,202,29,55,84,10,11,21,1716,1941,3657,3657,319,0.08722996992070002
2021-06-23,190,153,343,180,158,338,252,313,565,348,382,730,296,369,665,165,231,396,157,173,330,77,116,193,34,55,89,6,20,26,1705,1970,3675,3674,313,0.08519324986390854
2021-06-24,192,145,337,153,181,334,285,340,625,317,390,707,294,316,610,172,240,412,151,191,342,75,95,170,20,53,73,2,13,15,1661,1964,3625,3624,458,0.12637969094922738
2021-06-25,202,168,370,170,189,359,294,361,655,375,469,844,269,340,609,236,280,516,171,224,395,83,131,214,31,61,92,9,18,27,1840,2241,4081,4080,579,0.14191176470588235
2021-06-26,100,88,188,81,103,184,155,172,327,214,230,444,157,206,363,122,111,233,107,140,247,69,103,172,21,35,56,5,16,21,1031,1204,2235,2235,275,0.12304250559284116
2021-06-27,117,90,207,72,86,158,135,173,308,166,190,356,143,169,312,95,111,206,84,84,168,49,66,115,11,37,48,0,9,9,872,1015,1887,1887,250,0.13248542660307366
2021-06-28,134,110,244,82,83,165,146,192,338,222,226,448,165,203,368,134,129,263,97,90,187,60,77,137,31,33,64,2,15,17,1073,1158,2231,2230,333,0.1493273542600897
2021-06-29,141,177,318,146,158,304,254,307,561,298,315,613,227,263,490,178,182,360,138,144,282,87,85,172,23,57,80,2,27,29,1494,1715,3209,3209,356,0.11093798691181053
2021-06-30,181,171,352,183,156,339,271,336,607,350,371,721,268,279,547,167,262,429,115,178,293,72,90,162,32,46,78,5,17,22,1644,1906,3550,3550,331,0.09323943661971831
2021-07-01,131,134,265,140,154,294,258,278,536,279,366,645,215,272,487,164,215,379,110,156,266,77,92,169,29,53,82,4,14,18,1407,1734,3141,3140,384,0.12229299363057325
2021-07-02,180,149,329,195,172,367,276,332,608,316,408,724,208,319,527,176,245,421,132,187,319,80,102,182,22,47,69,4,13,17,1589,1974,3563,3562,420,0.11791128579449747
2021-07-03,110,117,227,108,126,234,172,217,389,237,266,503,178,230,408,125,146,271,113,119,232,48,75,123,18,36,54,7,15,22,1116,1347,2463,2463,367,0.14900527811611855
2021-07-04,106,143,249,99,91,190,131,188,319,170,215,385,144,167,311,120,161,281,82,104,186,34,71,105,13,33,46,4,11,15,903,1184,2087,2087,387,0.18543363679923336
2021-07-05,221,196,417,180,171,351,308,337,645,358,411,769,258,336,594,186,256,442,151,165,316,93,108,201,35,53,88,6,17,23,1796,2050,3846,3845,499,0.12977893368010404
2021-07-06,229,218,447,234,182,416,340,356,696,373,438,811,299,352,651,191,250,441,131,182,313,84,113,197,26,55,81,3,28,31,1910,2174,4084,4084,408,0.09990205680705191
2021-07-07,199,202,401,199,201,400,337,364,701,352,426,778,306,314,620,216,224,440,121,149,270,75,81,156,23,58,81,9,13,22,1837,2032,3869,3868,360,0.09307135470527404
2021-07-08,196,200,396,219,235,454,399,402,801,398,455,853,302,409,711,234,284,518,147,225,372,86,126,212,40,44,84,4,16,20,2025,2396,4421,4420,565,0.12782805429864252
2021-07-09,144,148,292,153,149,302,228,259,487,265,308,573,224,279,503,154,174,328,116,110,226,49,69,118,28,44,72,7,12,19,1368,1552,2920,2920,397,0.13595890410958905
2021-07-10,120,137,257,151,138,289,201,223,424,229,272,501,176,228,404,148,182,330,100,129,229,61,81,142,19,43,62,5,11,16,1210,1444,2654,2654,349,0.1314996232102487
2021-07-11,169,152,321,117,104,221,169,181,350,209,265,474,182,251,433,146,157,303,103,112,215,52,71,123,14,23,37,7,11,18,1168,1327,2495,2495,333,0.13346693386773548
2021-07-12,227,233,460,220,226,446,354,410,764,418,428,846,349,415,764,216,300,516,180,186,366,94,106,200,30,46,76,10,19,29,2098,2369,4467,4467,480,0.10745466756212223
2021-07-13,244,193,437,219,233,452,370,376,746,344,407,751,305,359,664,224,285,509,146,180,326,88,116,204,29,60,89,10,18,28,1979,2227,4206,4205,537,0.127705112960761
2021-07-14,240,228,468,278,237,515,418,428,846,366,458,824,329,394,723,237,299,536,174,191,365,74,95,169,26,52,78,5,15,20,2147,2397,4544,4542,468,0.10303830911492734
2021-07-15,222,192,414,301,272,573,431,436,867,427,469,896,386,461,847,265,289,554,163,205,368,80,120,200,25,47,72,8,19,27,2308,2510,4818,4817,519,0.1077434087606394
2021-07-16,188,181,369,220,244,464,365,403,768,383,439,822,383,432,815,226,261,487,133,190,323,66,105,171,26,52,78,5,15,20,1995,2322,4317,4317,445,0.10308084317813296
2021-07-17,125,146,271,161,162,323,236,261,497,262,322,584,228,275,503,168,197,365,110,120,230,70,73,143,11,21,32,4,10,14,1375,1587,2962,2960,461,0.15574324324324323
2021-07-18,121,102,223,123,135,258,193,249,442,214,250,464,200,217,417,158,176,334,81,107,188,63,75,138,27,39,66,2,6,8,1182,1356,2538,2537,273,0.10760741032715807
2021-07-19,194,167,361,161,173,334,351,379,730,322,372,694,316,376,692,224,315,539,181,206,387,91,127,218,38,51,89,5,8,13,1883,2174,4057,4057,456,0.11239832388464382
2021-07-20,185,170,355,163,169,332,299,362,661,316,367,683,278,319,597,196,228,424,154,176,330,84,109,193,29,50,79,4,23,27,1708,1973,3681,3681,429,0.1165444172779136
2021-07-21,205,184,389,228,215,443,367,404,771,357,444,801,320,433,753,266,335,601,187,256,443,96,145,241,32,65,97,4,16,20,2062,2497,4559,4558,454,0.09960508995173321
2021-07-22,195,163,358,256,224,480,361,441,802,427,481,908,392,476,868,268,331,599,156,204,360,96,116,212,32,56,88,4,9,13,2187,2501,4688,4688,490,0.1045221843003413
2021-07-23,163,128,291,164,184,348,274,316,590,342,421,763,292,343,635,215,225,440,118,159,277,60,106,166,22,41,63,6,15,21,1656,1938,3594,3592,492,0.13697104677060135
2021-07-24,138,143,281,172,217,389,265,298,563,346,392,738,322,349,671,188,236,424,116,180,296,78,79,157,26,37,63,4,8,12,1655,1939,3594,3593,385,0.10715279710548288
2021-07-25,118,117,235,181,198,379,199,249,448,304,380,684,394,427,821,219,235,454,123,122,245,83,80,163,14,34,48,6,9,15,1641,1851,3492,3491,299,0.08564881122887424
2021-07-26,159,188,347,270,329,599,329,474,803,459,553,1012,453,549,1002,298,356,654,187,248,435,102,168,270,39,72,111,8,20,28,2304,2957,5261,5261,461,0.08762592662991826
2021-07-27,125,127,252,157,197,354,277,322,599,288,329,617,269,287,556,173,210,383,122,143,265,71,110,181,31,42,73,4,12,16,1517,1779,3296,3292,375,0.11391251518833535
2021-07-28,132,131,263,177,218,395,322,357,679,350,378,728,286,327,613,220,259,479,169,177,346,77,105,182,25,39,64,6,5,11,1764,1996,3760,3760,394,0.10478723404255319
2021-07-29,146,127,273,203,198,401,284,364,648,362,436,798,299,366,665,209,237,446,151,168,319,74,101,175,25,34,59,5,18,23,1758,2049,3807,3804,378,0.09936908517350158
2021-07-30,162,148,310,241,251,492,387,463,850,444,567,1011,386,514,900,301,383,684,201,252,453,80,142,222,36,63,99,8,13,21,2246,2796,5042,5041,594,0.11783376314223368
2021-07-31,164,167,331,222,265,487,261,345,606,403,501,904,452,523,975,276,298,574,149,219,368,85,115,200,25,27,52,2,15,17,2039,2475,4514,4514,370,0.08196721311475409
2021-08-01,173,190,363,205,262,467,178,267,445,330,401,731,399,491,890,202,248,450,121,160,281,68,104,172,22,49,71,7,10,17,1705,2182,3887,3886,353,0.09083890890375708
2021-08-02,246,204,450,270,292,562,326,422,748,471,533,1004,446,559,1005,292,396,688,242,276,518,113,155,268,49,68,117,5,19,24,2460,2924,5384,5383,557,0.10347389931265094
2021-08-03,261,240,501,262,328,590,324,449,773,419,511,930,414,540,954,298,386,684,207,302,509,136,176,312,31,66,97,5,16,21,2357,3014,5371,5370,531,0.09888268156424582
2021-08-04,244,214,458,227,233,460,338,391,729,388,452,840,305,387,692,212,301,513,180,218,398,79,135,214,25,50,75,2,19,21,2000,2400,4400,4399,526,0.11957263014321437
2021-08-05,257,282,539,257,319,576,448,529,977,462,543,1005,425,518,943,311,385,696,202,247,449,105,143,248,36,63,99,8,15,23,2511,3044,5555,5551,547,0.09854080345883624
2021-08-06,303,244,547,356,328,684,463,570,1033,510,629,1139,437,553,990,300,441,741,248,342,590,119,197,316,37,49,86,3,14,17,2776,3367,6143,6142,587,0.09557147508954737
2021-08-07,185,204,389,196,244,440,273,311,584,341,382,723,277,329,606,203,258,461,146,183,329,80,138,218,24,47,71,6,5,11,1731,2101,3832,3829,493,0.1287542439279185
2021-08-08,264,244,508,226,236,462,220,282,502,287,335,622,294,391,685,186,256,442,159,186,345,80,79,159,20,44,64,6,13,19,1742,2066,3808,3808,495,0.12998949579831934
2021-08-09,411,367,778,300,335,635,399,570,969,522,579,1101,425,566,991,341,416,757,229,286,515,131,141,272,40,65,105,13,18,31,2811,3343,6154,6154,597,0.0970100747481313
2021-08-10,449,415,864,402,410,812,450,602,1052,495,659,1154,440,580,1020,356,437,793,232,308,540,138,173,311,42,65,107,2,19,21,3006,3668,6674,6669,819,0.12280701754385964
2021-08-11,386,382,768,411,440,851,484,645,1129,569,672,1241,480,645,1125,325,427,752,229,291,520,124,145,269,50,69,119,9,24,33,3067,3740,6807,6806,665,0.09770790478989128
2021-08-12,397,384,781,395,427,822,452,586,1038,489,623,1112,479,608,1087,300,430,730,200,255,455,118,129,247,45,56,101,9,21,30,2884,3519,6403,6402,694,0.10840362386754139
2021-08-13,500,427,927,533,546,1079,514,718,1232,676,855,1531,554,751,1305,353,533,886,240,320,560,137,194,331,56,66,122,5,16,21,3568,4426,7994,7993,779,0.09746027774302515
2021-08-14,306,304,610,326,322,648,277,398,675,397,492,889,363,501,864,233,335,568,161,215,376,106,108,214,27,46,73,3,12,15,2199,2733,4932,4932,718,0.14557988645579886
2021-08-15,261,251,512,232,229,461,234,245,479,310,389,699,286,358,644,230,288,518,137,185,322,89,105,194,23,49,72,3,14,17,1805,2113,3918,3918,489,0.12480857580398162
2021-08-16,336,319,655,290,309,599,251,348,599,342,450,792,358,460,818,240,277,517,129,179,308,101,118,219,27,41,68,7,12,19,2081,2513,4594,4594,531,0.11558554636482368
2021-08-17,535,423,958,474,478,952,460,651,1111,637,758,1395,442,724,1166,382,509,891,239,301,540,143,158,301,36,84,120,8,22,30,3356,4108,7464,7462,842,0.11283838113106406
2021-08-18,518,479,997,514,497,1011,409,562,971,558,723,1281,443,586,1029,307,454,761,206,279,485,134,168,302,35,77,112,15,21,36,3139,3846,6985,6985,775,0.11095204008589836
2021-08-19,474,432,906,455,484,939,405,578,983,577,714,1291,450,608,1058,325,410,735,207,271,478,107,129,236,30,53,83,10,13,23,3040,3692,6732,6732,790,0.11734997029114676
2021-08-20,578,520,1098,557,556,1113,477,616,1093,534,757,1291,491,671,1162,327,485,812,225,324,549,133,179,312,34,69,103,10,19,29,3366,4196,7562,7558,801,0.10598041810002647
2021-08-21,306,341,647,296,298,594,282,415,697,419,546,965,348,453,801,253,334,587,167,233,400,95,134,229,29,48,77,3,16,19,2198,2818,5016,5015,730,0.14556331006979062
2021-08-22,439,407,846,272,299,571,241,319,560,381,514,895,361,488,849,266,334,600,165,210,375,107,117,224,28,43,71,6,16,22,2266,2747,5013,5013,746,0.1488130859764612
2021-08-23,759,747,1506,533,572,1105,475,633,1108,636,779,1415,537,752,1289,351,484,835,254,369,623,146,192,338,46,71,117,3,17,20,3740,4616,8356,8353,977,0.1169639650424997
2021-08-24,777,731,1508,536,522,1058,454,619,1073,542,796,1338,483,625,1108,308,463,771,222,342,564,111,165,276,56,63,119,4,16,20,3493,4342,7835,7835,914,0.11665603063178047
2021-08-25,750,720,1470,498,507,1005,375,550,925,498,763,1261,476,685,1161,315,420,735,238,328,566,142,168,310,49,41,90,8,29,37,3349,4211,7560,7559,872,0.11535917449398068
2021-08-26,771,707,1478,548,538,1086,428,627,1055,575,768,1343,471,670,1141,293,474,767,228,301,529,129,193,322,42,69,111,6,17,23,3491,4364,7855,7855,797,0.10146403564608529
2021-08-27,830,722,1552,517,627,1144,406,607,1013,566,833,1399,480,738,1218,336,471,807,241,315,556,124,174,298,35,72,107,4,14,18,3539,4573,8112,8112,775,0.09553747534516766
2021-08-28,467,391,858,289,263,552,272,381,653,389,499,888,317,476,793,224,279,503,162,213,375,72,105,177,43,42,85,4,7,11,2239,2656,4895,4895,621,0.1268641470888662
2021-08-29,505,466,971,233,283,516,186,285,471,356,436,792,322,405,727,217,289,506,155,177,332,76,97,173,38,45,83,2,8,10,2090,2491,4581,4580,701,0.15305676855895198
2021-08-30,889,790,1679,500,475,975,379,514,893,531,724,1255,491,600,1091,286,391,677,220,301,521,121,171,292,52,68,120,5,19,24,3474,4053,7527,7527,851,0.11305965191975555
2021-08-31,963,869,1832,654,560,1214,417,604,1021,542,712,1254,496,699,1195,339,440,779,252,343,595,130,205,335,40,67,107,10,17,27,3843,4516,8359,8358,706,0.08446996889207944
2021-09-01,880,785,1665,571,533,1104,394,512,906,518,719,1237,438,573,1011,282,388,670,226,253,479,108,174,282,39,80,119,4,18,22,3460,4035,7495,7495,634,0.08458972648432288
2021-09-02,704,668,1372,433,457,890,308,426,734,475,574,1049,339,556,895,252,339,591,186,239,425,112,121,233,29,46,75,6,16,22,2844,3442,6286,6286,558,0.08876869233216672
2021-09-03,553,534,1087,447,458,905,352,449,801,456,583,1039,422,555,977,259,380,639,207,286,493,121,164,285,33,51,84,2,10,12,2852,3470,6322,6322,611,0.09664663081303385
2021-09-04,364,338,702,201,203,404,180,262,442,296,379,675,285,336,621,178,228,406,135,162,297,80,109,189,27,48,75,3,11,14,1749,2076,3825,3825,561,0.14666666666666667
2021-09-05,385,360,745,212,219,431,199,233,432,325,430,755,269,357,626,185,242,427,148,188,336,105,114,219,22,34,56,7,14,21,1857,2191,4048,4047,469,0.11588831233012108
2021-09-06,753,754,1507,427,432,859,369,505,874,499,622,1121,450,568,1018,300,405,705,236,289,525,151,160,311,39,77,116,7,26,33,3231,3838,7069,7067,739,0.10457053912551295
2021-09-07,649,703,1352,413,458,871,323,423,746,416,550,966,344,492,836,237,328,565,180,243,423,89,151,240,32,61,93,7,28,35,2690,3437,6127,6126,635,0.10365654587006203
2021-09-08,498,538,1036,391,359,750,285,334,619,371,454,825,308,436,744,250,309,559,151,187,338,84,107,191,32,42,74,8,14,22,2378,2780,5158,5157,636,0.12332751599767307
2021-09-09,561,519,1080,350,333,683,258,399,657,365,439,804,296,417,713,202,312,514,172,186,358,101,125,226,40,57,97,5,17,22,2350,2804,5154,5151,603,0.11706464764123471
2021-09-10,552,482,1034,418,457,875,443,670,1113,596,782,1378,544,806,1350,447,600,1047,292,443,735,127,196,323,60,57,117,8,16,24,3487,4509,7996,7995,636,0.07954971857410882
2021-09-11,307,320,627,245,275,520,363,475,838,446,572,1018,431,525,956,309,400,709,228,314,542,104,160,264,33,36,69,5,6,11,2471,3083,5554,5553,862,0.1552314064469656
2021-09-12,292,271,563,160,191,351,161,202,363,237,296,533,234,259,493,161,205,366,121,170,291,64,84,148,15,29,44,6,9,15,1451,1716,3167,3167,452,0.14272181875592044
2021-09-13,605,585,1190,345,401,746,315,447,762,434,579,1013,416,509,925,262,411,673,234,263,497,138,178,316,34,74,108,9,17,26,2792,3464,6256,6256,625,0.09990409207161126
2021-09-14,600,531,1131,352,372,724,283,353,636,365,501,866,307,433,740,214,330,544,173,247,420,115,161,276,30,52,82,6,14,20,2445,2994,5439,5436,764,0.14054451802796172
2021-09-15,461,430,891,316,291,607,197,325,522,295,461,756,276,385,661,177,235,412,138,194,332,85,108,193,36,55,91,7,23,30,1988,2507,4495,4492,635,0.14136242208370436
2021-09-16,446,406,852,326,315,641,239,324,563,310,479,789,298,435,733,199,262,461,140,223,363,92,135,227,32,51,83,10,16,26,2092,2646,4738,4737,450,0.09499683343888538
2021-09-17,575,527,1102,400,404,804,262,374,636,334,462,796,310,420,730,196,313,509,154,205,359,117,151,268,30,66,96,4,10,14,2382,2932,5314,5313,578,0.108789760963674
2021-09-18,300,277,577,174,177,351,179,249,428,254,320,574,212,281,493,159,199,358,138,192,330,75,106,181,33,38,71,4,11,15,1528,1850,3378,3378,562,0.16637063351095321
2021-09-19,342,312,654,153,153,306,153,204,357,232,303,535,227,242,469,138,185,323,110,131,241,63,88,151,17,43,60,6,9,15,1441,1670,3111,3110,425,0.13665594855305466
2021-09-20,621,620,1241,477,498,975,245,354,599,389,456,845,338,415,753,228,314,542,204,245,449,105,143,248,32,56,88,9,10,19,2648,3111,5759,5758,574,0.09968739145536645
2021-09-21,505,493,998,206,247,453,215,333,548,328,376,704,285,327,612,175,257,432,167,214,381,117,126,243,40,54,94,3,10,13,2041,2437,4478,4477,510,0.113915568461023
2021-09-22,581,471,1052,423,418,841,221,329,550,326,476,802,268,373,641,170,288,458,156,212,368,105,121,226,20,57,77,6,19,25,2276,2764,5040,5036,523,0.10385226370135028
2021-09-23,474,452,926,420,457,877,209,339,548,328,455,783,267,399,666,178,274,452,180,242,422,104,134,238,32,55,87,10,26,36,2202,2833,5035,5034,504,0.10011918951132301
2021-09-24,423,428,851,290,265,555,213,276,489,264,335,599,222,338,560,154,232,386,154,201,355,78,139,217,30,54,84,4,7,11,1832,2275,4107,4107,511,0.12442171901631362
2021-09-25,255,212,467,127,137,264,125,190,315,197,254,451,176,215,391,134,147,281,106,130,236,70,88,158,23,35,58,2,16,18,1215,1424,2639,2638,592,0.22441243366186506
2021-09-26,287,247,534,139,149,288,115,166,281,195,239,434,210,243,453,116,172,288,117,130,247,60,73,133,19,31,50,2,9,11,1260,1459,2719,2719,327,0.120264803236484
2021-09-27,535,471,1006,410,330,740,217,323,540,332,400,732,319,332,651,183,280,463,170,236,406,123,143,266,29,57,86,10,18,28,2328,2590,4918,4918,542,0.11020740138267589
2021-09-28,519,439,958,474,506,980,193,299,492,306,378,684,260,339,599,174,229,403,151,192,343,88,94,182,21,54,75,5,12,17,2191,2542,4733,4732,485,0.10249366018596788
2021-09-29,457,384,841,352,386,738,228,317,545,290,411,701,268,329,597,183,226,409,149,200,349,98,148,246,43,46,89,9,10,19,2077,2457,4534,4531,412,0.09092915471198411
2021-09-30,364,345,709,429,477,906,189,261,450,281,324,605,211,288,499,172,211,383,129,193,322,69,118,187,27,61,88,6,13,19,1877,2291,4168,4166,298,0.071531445031205
2021-10-01,453,357,810,490,495,985,222,279,501,283,411,694,272,327,599,200,225,425,150,205,355,101,137,238,34,66,100,3,19,22,2208,2521,4729,4729,544,0.11503489109748362
2021-10-02,238,235,473,147,147,294,151,205,356,192,274,466,160,181,341,127,159,286,106,151,257,81,84,165,20,41,61,2,8,10,1224,1485,2709,2709,342,0.12624584717607973
2021-10-03,226,201,427,132,124,256,141,191,332,174,205,379,162,206,368,107,143,250,85,131,216,53,79,132,19,34,53,1,4,5,1100,1318,2418,2418,329,0.1360628618693135
2021-10-04,472,448,920,508,443,951,243,334,577,266,436,702,297,359,656,196,300,496,169,251,420,109,153,262,36,43,79,5,14,19,2301,2781,5082,5082,512,0.10074773711137347
2021-10-05,472,414,886,458,553,1011,229,317,546,328,420,748,274,346,620,196,290,486,131,220,351,94,132,226,37,49,86,11,14,25,2230,2755,4985,4984,442,0.08868378812199038
2021-10-06,386,330,716,393,440,833,249,334,583,319,424,743,288,364,652,174,280,454,158,194,352,85,127,212,36,45,81,6,10,16,2094,2548,4642,4641,427,0.09200603318250378
2021-10-07,319,316,635,234,276,510,238,313,551,323,418,741,287,391,678,204,263,467,154,221,375,124,118,242,28,51,79,3,16,19,1914,2383,4297,4297,572,0.13311612753083546
2021-10-08,167,158,325,159,185,344,199,212,411,229,292,521,241,244,485,152,218,370,159,179,338,70,79,149,21,35,56,8,16,24,1405,1618,3023,3023,380,0.1257029440952696
2021-10-09,141,142,283,208,199,407,155,199,354,216,262,478,190,240,430,154,196,350,134,165,299,85,109,194,19,45,64,6,9,15,1308,1566,2874,2873,399,0.13887922032718414
2021-10-10,191,192,383,127,136,263,137,194,331,209,230,439,194,221,415,144,175,319,129,151,280,61,92,153,22,37,59,2,6,8,1216,1434,2650,2649,364,0.13741034352585882
2021-10-11,216,196,412,193,203,396,208,219,427,260,277,537,241,287,528,174,230,404,149,184,333,90,109,199,22,36,58,5,12,17,1558,1753,3311,3307,484,0.14635621409132143
2021-10-12,379,360,739,431,462,893,306,440,746,377,441,818,336,438,774,219,308,527,189,274,463,118,144,262,36,59,95,8,21,29,2399,2947,5346,5345,524,0.0980355472404116
2021-10-13,398,364,762,443,465,908,319,422,741,413,449,862,348,413,761,234,286,520,171,235,406,117,153,270,32,46,78,4,10,14,2479,2843,5322,5321,526,0.09885359894756625
2021-10-14,375,365,740,526,528,1054,309,404,713,351,458,809,331,424,755,241,313,554,200,262,462,118,147,265,36,64,100,9,18,27,2496,2983,5479,5479,425,0.07756889943420332
2021-10-15,302,269,571,353,380,733,254,371,625,347,411,758,280,371,651,224,247,471,166,240,406,97,156,253,23,45,68,2,10,12,2048,2500,4548,4547,486,0.10688365955575105
2021-10-16,190,170,360,220,262,482,205,221,426,271,300,571,244,305,549,181,238,419,153,210,363,111,152,263,37,51,88,3,13,16,1615,1922,3537,3536,449,0.12697963800904977
2021-10-17,170,132,302,202,204,406,130,196,326,216,243,459,199,243,442,140,181,321,107,135,242,78,96,174,21,30,51,1,3,4,1264,1463,2727,2726,284,0.10418195157740279
2021-10-18,399,399,798,334,372,706,289,395,684,367,417,784,306,392,698,243,316,559,207,286,493,122,164,286,44,66,110,6,10,16,2317,2817,5134,5125,548,0.10692682926829268
2021-10-19,463,442,905,348,383,731,262,343,605,308,403,711,243,380,623,190,256,446,168,201,369,116,139,255,34,62,96,6,19,25,2138,2628,4766,4764,497,0.10432409739714525
2021-10-20,454,426,880,371,449,820,318,422,740,345,486,831,309,424,733,227,306,533,155,249,404,113,151,264,36,51,87,5,11,16,2333,2975,5308,5307,624,0.11758055398530243
2021-10-21,504,466,970,380,445,825,289,385,674,360,548,908,295,420,715,211,358,569,173,272,445,110,155,265,32,65,97,4,22,26,2358,3136,5494,5493,599,0.10904787911887857
2021-10-22,466,469,935,487,562,1049,267,418,685,368,526,894,335,516,851,238,334,572,185,276,461,125,149,274,41,64,105,9,13,22,2521,3327,5848,5847,559,0.09560458354711818
2021-10-23,284,250,534,299,265,564,162,257,419,246,314,560,233,314,547,178,251,429,140,181,321,80,99,179,20,40,60,6,14,20,1648,1985,3633,3633,456,0.1255161023947151
2021-10-24,305,271,576,220,201,421,135,243,378,248,343,591,218,305,523,178,222,400,118,156,274,67,93,160,25,22,47,2,8,10,1516,1864,3380,3380,378,0.11183431952662722
2021-10-25,574,595,1169,401,422,823,327,473,800,437,539,976,395,506,901,260,407,667,236,339,575,122,178,300,37,53,90,3,10,13,2792,3522,6314,6314,710,0.11244852708267343
2021-10-26,547,525,1072,489,453,942,347,452,799,394,508,902,328,469,797,268,362,630,237,296,533,115,151,266,29,65,94,4,12,16,2758,3293,6051,6051,491,0.08114361262601223
2021-10-27,500,476,976,440,408,848,315,372,687,349,472,821,315,424,739,212,328,540,184,268,452,128,137,265,36,59,95,3,13,16,2482,2957,5439,5435,479,0.08813247470101196
2021-10-28,500,466,966,452,450,902,273,404,677,389,458,847,312,431,743,213,297,510,191,228,419,99,140,239,38,54,92,6,16,22,2473,2944,5417,5414,409,0.07554488363502032
2021-10-29,452,440,892,454,447,901,269,407,676,391,480,871,379,444,823,230,348,578,199,260,459,121,182,303,36,63,99,4,14,18,2535,3085,5620,5620,576,0.10249110320284698
2021-10-30,244,219,463,277,285,562,175,217,392,263,346,609,261,342,603,189,230,419,143,175,318,100,106,206,30,43,73,4,6,10,1686,1969,3655,3655,562,0.15376196990424076
2021-10-31,231,227,458,235,251,486,152,192,344,205,284,489,207,279,486,164,220,384,114,146,260,65,104,169,24,30,54,4,13,17,1401,1746,3147,3146,386,0.12269548633184997
2021-11-01,423,436,859,371,393,764,245,390,635,383,494,877,429,485,914,310,388,698,232,322,554,158,182,340,35,57,92,9,14,23,2595,3161,5756,5756,574,0.09972202918693537
2021-11-02,460,422,882,382,385,767,252,368,620,325,427,752,289,434,723,206,316,522,191,270,461,110,132,242,40,60,100,5,16,21,2260,2830,5090,5088,546,0.10731132075471699
2021-11-03,476,362,838,419,508,927,287,397,684,375,477,852,363,482,845,273,364,637,192,239,431,127,163,290,37,45,82,2,11,13,2551,3048,5599,5599,491,0.0876942311126987
2021-11-04,379,336,715,393,378,771,253,388,641,349,451,800,327,446,773,268,348,616,198,255,453,105,147,252,36,74,110,5,21,26,2313,2844,5157,5157,557,0.10800853209230173
2021-11-05,370,352,722,356,403,759,301,381,682,342,471,813,328,461,789,272,310,582,208,253,461,105,128,233,38,52,90,5,14,19,2325,2825,5150,5150,602,0.11689320388349514
2021-11-06,230,201,431,258,259,517,159,250,409,248,292,540,203,269,472,154,238,392,139,144,283,77,99,176,25,39,64,1,9,10,1494,1800,3294,3294,385,0.11687917425622343
2021-11-07,217,234,451,234,261,495,147,233,380,191,259,450,218,277,495,166,230,396,116,163,279,66,88,154,27,16,43,5,4,9,1387,1765,3152,3152,365,0.1157994923857868
2021-11-08,530,468,998,375,379,754,313,412,725,412,500,912,365,543,908,256,382,638,214,258,472,121,164,285,46,63,109,5,14,19,2637,3183,5820,5820,620,0.10652920962199312
2021-11-09,457,402,859,373,381,754,254,413,667,372,444,816,357,453,810,232,330,562,170,184,354,96,116,212,30,63,93,7,8,15,2348,2794,5142,5139,472,0.09184666277485892
2021-11-10,458,390,848,348,397,745,324,445,769,365,516,881,375,474,849,271,340,611,161,244,405,86,140,226,28,66,94,4,14,18,2420,3026,5446,5446,420,0.07712082262210797
2021-11-11,470,432,902,348,433,781,313,416,729,430,583,1013,338,501,839,238,352,590,183,214,397,102,127,229,33,66,99,2,11,13,2457,3135,5592,5591,401,0.07172241101770703
2021-11-12,381,391,772,447,462,909,330,428,758,424,636,1060,408,579,987,319,423,742,259,368,627,125,178,303,44,54,98,2,13,15,2739,3532,6271,6271,573,0.09137298676447138
2021-11-13,249,246,495,370,367,737,204,299,503,318,356,674,259,354,613,185,278,463,161,198,359,116,166,282,29,43,72,2,16,18,1893,2323,4216,4216,540,0.12808349146110057
2021-11-14,196,202,398,163,149,312,106,174,280,191,230,421,180,209,389,107,159,266,83,138,221,72,85,157,13,22,35,6,13,19,1117,1381,2498,2498,385,0.15412329863891114
2021-11-15,441,414,855,369,378,747,273,387,660,404,489,893,332,525,857,248,379,627,233,299,532,138,191,329,45,65,110,5,14,19,2488,3141,5629,5627,516,0.09170072862982051
2021-11-16,431,431,862,382,348,730,268,424,692,336,514,850,361,453,814,270,372,642,204,273,477,111,149,260,36,41,77,4,12,16,2403,3017,5420,5419,550,0.10149474072707142
2021-11-17,435,404,839,336,310,646,305,435,740,394,608,1002,370,550,920,302,402,704,204,292,496,141,167,308,39,48,87,7,11,18,2533,3227,5760,5760,479,0.08315972222222222
2021-11-18,457,373,830,441,441,882,318,455,773,421,578,999,373,535,908,254,411,665,232,264,496,105,124,229,41,63,104,10,17,27,2652,3261,5913,5913,590,0.0997801454422459
2021-11-19,340,341,681,445,489,934,298,421,719,352,565,917,386,495,881,272,405,677,207,221,428,102,175,277,31,46,77,3,11,14,2436,3169,5605,5604,467,0.08333333333333333
2021-11-20,237,226,463,305,380,685,173,259,432,251,325,576,226,327,553,176,225,401,161,160,321,88,98,186,26,37,63,5,7,12,1648,2044,3692,3692,483,0.1308234019501625
2021-11-21,170,177,347,247,271,518,115,144,259,186,227,413,185,239,424,140,157,297,111,185,296,51,103,154,21,32,53,3,4,7,1229,1539,2768,2768,420,0.15173410404624277
2021-11-22,249,262,511,291,301,592,151,215,366,263,319,582,246,339,585,193,238,431,127,188,315,99,107,206,29,47,76,2,12,14,1650,2028,3678,3678,516,0.1402936378466558
2021-11-23,401,375,776,332,345,677,245,366,611,346,435,781,277,400,677,194,327,521,174,223,397,100,141,241,46,45,91,3,16,19,2118,2673,4791,4788,794,0.1658312447786132
2021-11-24,356,349,705,260,306,566,252,368,620,338,412,750,281,412,693,186,331,517,149,212,361,103,114,217,32,56,88,4,9,13,1961,2569,4530,4527,632,0.1396068036227082
2021-11-25,347,375,722,338,323,661,302,353,655,404,496,900,353,417,770,265,316,581,193,218,411,103,122,225,37,48,85,1,9,10,2343,2677,5020,5020,457,0.09103585657370518
2021-11-26,319,326,645,499,520,1019,331,379,710,374,551,925,381,509,890,265,345,610,203,244,447,104,149,253,29,47,76,2,13,15,2507,3083,5590,5589,563,0.10073358382537126
2021-11-27,215,213,428,343,375,718,262,296,558,345,382,727,318,369,687,233,262,495,200,222,422,124,136,260,45,53,98,2,16,18,2087,2324,4411,4411,481,0.10904556789843572
2021-11-28,198,176,374,211,253,464,150,195,345,221,262,483,202,292,494,164,179,343,109,131,240,50,72,122,15,34,49,4,8,12,1324,1602,2926,2926,321,0.10970608339029392
2021-11-29,325,329,654,467,462,929,319,429,748,428,524,952,377,487,864,252,376,628,220,277,497,156,175,331,40,70,110,4,19,23,2588,3148,5736,5736,577,0.10059274755927476
2021-11-30,322,306,628,399,427,826,318,470,788,453,551,1004,386,515,901,274,381,655,201,275,476,118,154,272,40,65,105,3,19,22,2514,3163,5677,5676,693,0.12209302325581395
2021-12-01,394,302,696,361,396,757,265,449,714,381,532,913,382,481,863,251,338,589,227,288,515,124,150,274,29,53,82,4,19,23,2418,3008,5426,5425,541,0.09972350230414746
2021-12-02,348,328,676,439,543,982,332,513,845,468,639,1107,436,555,991,288,415,703,213,296,509,107,158,265,33,57,90,2,14,16,2666,3518,6184,6184,554,0.08958602846054334
2021-12-03,237,247,484,282,342,624,240,304,544,305,358,663,289,316,605,173,251,424,162,177,339,93,100,193,24,43,67,3,14,17,1808,2152,3960,3953,700,0.17708069820389577
2021-12-04,239,201,440,420,480,900,241,302,543,308,403,711,287,377,664,182,269,451,175,196,371,86,118,204,36,52,88,1,10,11,1975,2408,4383,4383,527,0.12023728040155145
2021-12-05,266,241,507,436,450,886,210,313,523,262,348,610,258,343,601,191,272,463,133,192,325,97,113,210,22,36,58,1,10,11,1876,2318,4194,4194,320,0.07629947544110634
2021-12-06,410,428,838,426,502,928,392,513,905,467,594,1061,415,580,995,322,441,763,255,354,609,154,182,336,49,76,125,6,13,19,2896,3683,6579,6579,572,0.08694330445356437
2021-12-07,425,409,834,433,490,923,356,526,882,454,664,1118,405,574,979,296,406,702,185,276,461,128,186,314,39,72,111,6,18,24,2727,3621,6348,6347,449,0.07074208287379864
2021-12-08,267,282,549,268,275,543,256,422,678,320,395,715,280,361,641,214,270,484,150,216,366,93,119,212,31,44,75,1,5,6,1880,2389,4269,4268,439,0.1028584817244611
2021-12-09,363,352,715,457,516,973,425,659,1084,480,684,1164,451,621,1072,313,445,758,244,302,546,146,193,339,46,60,106,5,14,19,2930,3846,6776,6773,632,0.09331167872434667
2021-12-10,349,410,759,768,803,1571,451,695,1146,545,740,1285,483,675,1158,315,432,747,204,314,518,138,220,358,35,75,110,4,15,19,3292,4379,7671,7661,674,0.08797807074794413
2021-12-11,226,204,430,438,524,962,302,407,709,349,441,790,321,405,726,226,273,499,153,204,357,85,114,199,24,49,73,4,11,15,2128,2632,4760,4756,467,0.09819175777964677
2021-12-12,250,232,482,330,378,708,218,367,585,317,435,752,271,373,644,207,286,493,160,223,383,79,117,196,31,43,74,4,11,15,1867,2465,4332,4332,428,0.09879963065558633
2021-12-13,383,404,787,507,560,1067,487,719,1206,523,676,1199,446,549,995,310,495,805,257,353,610,161,197,358,51,94,145,8,20,28,3133,4067,7200,7200,724,0.10055555555555555
2021-12-14,382,395,777,488,530,1018,548,821,1369,661,860,1521,474,601,1075,306,459,765,276,335,611,151,198,349,48,67,115,4,11,15,3338,4277,7615,7615,660,0.08667104399212082
2021-12-15,394,406,800,414,581,995,532,729,1261,597,712,1309,475,623,1098,313,443,756,215,281,496,134,155,289,47,71,118,6,15,21,3127,4016,7143,7141,659,0.09228399383839798
2021-12-16,447,444,891,589,688,1277,659,952,1611,689,906,1595,593,738,1331,373,505,878,257,328,585,116,163,279,42,68,110,4,12,16,3769,4804,8573,8570,536,0.06254375729288214
2021-12-17,370,387,757,651,761,1412,637,885,1522,665,843,1508,500,708,1208,364,507,871,222,339,561,144,171,315,30,47,77,2,12,14,3585,4660,8245,8242,544,0.06600339723368115
2021-12-18,198,213,411,371,426,797,366,550,916,434,580,1014,325,450,775,254,343,597,168,202,370,72,129,201,21,35,56,1,6,7,2210,2934,5144,5143,185,0.03597122302158273
2021-12-19,109,126,235,185,227,412,220,347,567,268,354,622,219,267,486,187,223,410,118,118,236,39,51,90,7,13,20,2,2,4,1354,1728,3082,3082,89,0.028877352368591822
2021-12-20,64,48,112,48,52,100,73,96,169,83,122,205,75,95,170,58,62,120,21,46,67,16,12,28,5,4,9,0,1,1,443,538,981,979,0,0.0
2021-12-21,0,0,0,0,0,0,0,0,0,0,0,0,0,0,0,0,0,0,0,0,0,0,0,0,0,0,0,0,0,0,0,0,0,0,0,
