FECHA,<=10M,<=10F,<=10,11-20M,11-20F,11-20,21-30M,21-30F,21-30,31-40M,31-40F,31-40,41-50M,41-50F,41-50,51-60M,51-60F,51-60,61-70M,61-70F,61-70,71-80M,71-80F,71-80,81-90M,81-90F,81-90,>=91M,>=91F,>=91,TotalM,TotalF,Total
2020-03-15,1,0,1,1,0,1,0,3,3,2,1,3,1,1,2,1,0,1,1,0,1,1,1,2,0,0,0,0,0,0,8,6,14
2020-03-16,2,3,5,2,1,3,1,6,7,3,2,5,1,2,3,4,1,5,3,2,5,1,1,2,0,0,0,0,0,0,17,18,35
2020-03-17,3,7,10,3,2,5,3,7,10,4,4,8,2,5,7,4,3,7,5,4,9,3,3,6,1,0,1,0,0,0,28,35,63
2020-03-18,6,8,14,4,2,6,4,7,11,6,5,11,3,8,11,5,4,9,5,6,11,4,3,7,2,0,2,0,0,0,39,43,82
2020-03-19,9,9,18,4,2,6,7,9,16,9,6,15,5,9,14,5,4,9,6,7,13,5,4,9,2,0,2,1,0,1,53,50,103
2020-03-20,10,10,20,5,2,7,8,9,17,10,9,19,5,10,15,5,5,10,7,8,15,7,6,13,3,0,3,1,0,1,61,59,120
2020-03-21,11,10,21,7,3,10,9,11,20,13,10,23,7,11,18,6,5,11,9,10,19,8,7,15,4,0,4,2,0,2,76,67,143
2020-03-22,14,11,25,7,3,10,13,12,25,13,10,23,7,11,18,9,6,15,9,11,20,10,7,17,7,2,9,2,1,3,91,74,165
2020-03-23,18,12,30,8,5,13,15,14,29,16,11,27,9,13,22,11,8,19,11,13,24,14,10,24,10,5,15,2,3,5,114,94,208
2020-03-24,20,13,33,8,5,13,17,16,33,18,12,30,9,15,24,13,10,23,11,14,25,16,10,26,12,6,18,3,3,6,127,104,231
2020-03-25,21,17,38,8,5,13,19,19,38,20,18,38,10,16,26,14,13,27,14,15,29,17,12,29,14,11,25,5,3,8,142,129,271
2020-03-26,25,20,45,10,7,17,21,21,42,24,21,45,12,20,32,18,15,33,15,19,34,21,15,36,19,11,30,7,4,11,172,153,325
2020-03-27,28,23,51,10,8,18,22,23,45,29,22,51,13,25,38,20,18,38,18,23,41,26,20,46,22,14,36,9,9,18,197,185,382
2020-03-28,30,24,54,10,8,18,25,25,50,31,23,54,14,26,40,24,20,44,22,23,45,30,27,57,25,15,40,9,9,18,220,200,420
2020-03-29,32,24,56,12,9,21,27,28,55,33,25,58,16,29,45,25,20,45,27,26,53,34,29,63,29,16,45,11,10,21,246,216,462
2020-03-30,35,26,61,12,9,21,28,34,62,40,27,67,20,33,53,28,21,49,34,27,61,37,34,71,33,17,50,14,12,26,281,240,521
2020-03-31,44,30,74,13,9,22,35,36,71,49,31,80,25,37,62,32,22,54,40,30,70,41,37,78,35,20,55,18,12,30,332,264,596
2020-04-01,55,40,95,14,11,25,40,40,80,58,33,91,37,42,79,36,29,65,44,33,77,47,41,88,40,25,65,18,13,31,389,307,696
2020-04-02,65,49,114,16,15,31,44,47,91,63,39,102,40,48,88,38,37,75,53,39,92,55,47,102,45,32,77,21,16,37,440,369,809
2020-04-03,84,58,142,20,19,39,49,55,104,70,50,120,49,59,108,41,44,85,61,44,105,62,51,113,50,38,88,22,21,43,508,439,947
2020-04-04,94,71,165,23,23,46,51,62,113,75,60,135,56,63,119,47,44,91,67,47,114,64,56,120,54,40,94,23,24,47,554,490,1044
2020-04-05,103,81,184,27,28,55,57,63,120,82,62,144,64,68,132,51,49,100,69,58,127,70,64,134,57,44,101,25,26,51,605,543,1148
2020-04-06,114,90,204,31,30,61,66,68,134,93,67,160,75,71,146,60,52,112,77,66,143,80,69,149,64,48,112,26,29,55,686,590,1276
2020-04-07,124,99,223,35,35,70,72,72,144,101,75,176,80,77,157,70,54,124,80,70,150,88,77,165,70,59,129,28,30,58,748,648,1396
2020-04-08,132,109,241,39,37,76,76,80,156,106,78,184,89,81,170,77,60,137,89,77,166,99,81,180,71,63,134,31,35,66,809,701,1510
2020-04-09,137,114,251,42,40,82,79,87,166,122,87,209,93,89,182,85,67,152,95,82,177,105,91,196,76,71,147,35,40,75,869,768,1637
2020-04-10,156,118,274,46,43,89,81,93,174,126,91,217,103,90,193,89,73,162,101,83,184,106,101,207,81,79,160,36,43,79,925,814,1739
2020-04-11,165,125,290,50,46,96,89,97,186,133,95,228,111,93,204,91,77,168,105,89,194,113,104,217,84,86,170,37,47,84,978,859,1837
2020-04-12,175,132,307,52,46,98,91,101,192,141,98,239,114,100,214,100,81,181,108,93,201,116,113,229,89,90,179,37,49,86,1023,903,1926
2020-04-13,184,143,327,60,50,110,104,109,213,148,108,256,120,105,225,105,86,191,117,100,217,121,122,243,95,100,195,41,54,95,1095,977,2072
2020-04-14,199,149,348,63,51,114,112,115,227,157,113,270,125,110,235,116,95,211,122,106,228,131,127,258,102,104,206,44,58,102,1171,1028,2199
2020-04-15,208,153,361,67,57,124,118,122,240,163,120,283,133,123,256,121,105,226,131,111,242,141,131,272,108,110,218,49,61,110,1239,1093,2332
2020-04-16,222,156,378,73,61,134,126,127,253,174,134,308,143,138,281,128,115,243,136,121,257,148,135,283,112,115,227,49,65,114,1311,1167,2478
2020-04-17,238,167,405,78,66,144,129,133,262,180,149,329,155,147,302,138,122,260,143,127,270,163,146,309,117,123,240,50,68,118,1391,1248,2639
2020-04-18,251,177,428,84,67,151,140,139,279,197,156,353,164,152,316,145,126,271,145,130,275,169,156,325,123,132,255,53,72,125,1471,1307,2778
2020-04-19,262,187,449,88,68,156,145,142,287,203,160,363,170,158,328,150,135,285,152,137,289,174,164,338,128,139,267,54,73,127,1526,1363,2889
2020-04-20,276,198,474,98,75,173,160,148,308,216,171,387,181,167,348,159,141,300,164,148,312,189,176,365,138,148,286,58,87,145,1639,1459,3098
2020-04-21,290,207,497,103,82,185,172,154,326,225,187,412,186,172,358,166,150,316,173,156,329,203,187,390,145,158,303,60,97,157,1723,1550,3273
2020-04-22,304,218,522,107,89,196,179,164,343,237,190,427,199,180,379,173,158,331,182,161,343,210,200,410,153,170,323,67,103,170,1811,1633,3444
2020-04-23,322,231,553,111,94,205,187,174,361,247,199,446,208,189,397,179,170,349,190,166,356,220,207,427,164,181,345,73,111,184,1901,1722,3623
2020-04-24,341,243,584,117,100,217,197,184,381,259,213,472,216,196,412,187,179,366,198,176,374,231,218,449,174,195,369,76,114,190,1996,1818,3814
2020-04-25,354,252,606,121,101,222,200,191,391,268,220,488,221,202,423,192,186,378,204,180,384,237,223,460,184,211,395,80,118,198,2061,1884,3945
2020-04-26,363,269,632,126,108,234,204,194,398,273,222,495,229,208,437,195,190,385,212,187,399,243,230,473,191,218,409,81,121,202,2117,1947,4064
2020-04-27,376,282,658,132,112,244,210,203,413,278,239,517,233,220,453,206,199,405,220,195,415,261,235,496,202,234,436,84,125,209,2202,2044,4246
2020-04-28,396,290,686,137,117,254,225,216,441,290,251,541,241,232,473,213,208,421,226,203,429,264,247,511,208,248,456,86,129,215,2286,2141,4427
2020-04-29,420,302,722,143,123,266,241,225,466,307,267,574,253,241,494,221,217,438,231,211,442,275,253,528,211,262,473,91,139,230,2393,2240,4633
2020-04-30,439,313,752,152,125,277,251,233,484,316,276,592,264,251,515,233,230,463,241,219,460,283,264,547,219,279,498,99,146,245,2497,2336,4833
2020-05-01,442,326,768,158,131,289,252,240,492,329,288,617,275,257,532,240,234,474,251,225,476,290,273,563,228,290,518,99,148,247,2564,2412,4976
2020-05-02,449,342,791,164,137,301,261,243,504,337,294,631,281,262,543,247,236,483,254,229,483,298,274,572,233,301,534,100,152,252,2624,2470,5094
2020-05-03,457,352,809,168,140,308,267,249,516,344,300,644,286,268,554,255,238,493,262,235,497,303,283,586,239,309,548,103,157,260,2684,2531,5215
2020-05-04,476,372,848,173,142,315,277,259,536,357,310,667,292,273,565,264,242,506,271,246,517,318,300,618,246,325,571,105,161,266,2779,2630,5409
2020-05-05,491,385,876,180,145,325,290,269,559,370,324,694,298,287,585,274,248,522,282,253,535,333,309,642,251,338,589,106,171,277,2875,2729,5604
2020-05-06,505,401,906,185,147,332,303,276,579,386,340,726,318,296,614,281,254,535,293,261,554,351,323,674,258,350,608,110,177,287,2990,2825,5815
2020-05-07,522,412,934,192,153,345,318,285,603,397,355,752,335,308,643,286,261,547,300,269,569,368,330,698,264,362,626,111,184,295,3093,2919,6012
2020-05-08,539,425,964,199,159,358,333,292,625,410,372,782,350,321,671,301,265,566,311,280,591,379,339,718,275,374,649,114,196,310,3211,3023,6234
2020-05-09,558,437,995,203,160,363,340,304,644,414,380,794,359,330,689,306,271,577,319,286,605,391,342,733,280,385,665,119,204,323,3289,3099,6388
2020-05-10,567,446,1013,205,163,368,349,314,663,420,386,806,364,338,702,310,277,587,328,292,620,399,355,754,285,397,682,120,209,329,3347,3177,6524
2020-05-11,585,465,1050,210,168,378,358,325,683,435,399,834,378,351,729,319,283,602,338,299,637,412,363,775,298,415,713,124,224,348,3457,3292,6749
2020-05-12,605,476,1081,218,178,396,383,347,730,457,409,866,386,367,753,325,288,613,347,309,656,420,373,793,307,429,736,129,236,365,3577,3412,6989
2020-05-13,632,493,1125,227,188,415,403,361,764,473,429,902,400,374,774,336,297,633,356,318,674,429,381,810,315,445,760,130,244,374,3701,3530,7231
2020-05-14,654,520,1174,237,206,443,417,381,798,493,448,941,413,382,795,344,311,655,367,330,697,439,390,829,326,459,785,132,258,390,3822,3685,7507
2020-05-15,674,543,1217,244,212,456,424,394,818,507,465,972,422,397,819,356,317,673,378,339,717,446,396,842,334,479,813,137,267,404,3922,3809,7731
2020-05-16,688,560,1248,251,221,472,429,406,835,517,485,1002,429,408,837,363,324,687,386,346,732,455,403,858,340,484,824,142,280,422,4000,3917,7917
2020-05-17,709,573,1282,255,229,484,440,417,857,524,495,1019,438,420,858,367,327,694,394,353,747,460,408,868,351,497,848,145,283,428,4083,4002,8085
2020-05-18,730,598,1328,264,243,507,465,438,903,544,517,1061,450,440,890,382,337,719,409,367,776,477,421,898,368,510,878,146,294,440,4235,4165,8400
2020-05-19,749,618,1367,280,256,536,494,464,958,579,541,1120,476,456,932,401,350,751,425,379,804,487,440,927,380,532,912,149,303,452,4420,4339,8759
2020-05-20,779,658,1437,294,272,566,522,488,1010,622,560,1182,493,473,966,413,362,775,442,395,837,499,451,950,392,548,940,155,308,463,4611,4515,9126
2020-05-21,814,692,1506,313,286,599,551,514,1065,649,595,1244,510,495,1005,431,374,805,456,401,857,513,458,971,399,564,963,156,312,468,4792,4691,9483
2020-05-22,848,710,1558,326,303,629,583,545,1128,672,621,1293,531,511,1042,443,384,827,463,411,874,523,469,992,407,581,988,162,324,486,4958,4859,9817
2020-05-23,868,729,1597,342,320,662,607,568,1175,699,637,1336,539,529,1068,452,393,845,475,421,896,531,482,1013,416,587,1003,164,326,490,5093,4992,10085
2020-05-24,885,749,1634,353,328,681,622,579,1201,713,652,1365,551,534,1085,459,397,856,486,430,916,543,491,1034,421,599,1020,166,332,498,5199,5091,10290
2020-05-25,912,775,1687,372,351,723,645,607,1252,729,672,1401,571,546,1117,464,405,869,494,438,932,554,497,1051,431,614,1045,168,341,509,5340,5246,10586
2020-05-26,950,810,1760,396,374,770,683,643,1326,775,709,1484,591,576,1167,476,426,902,506,445,951,569,503,1072,440,627,1067,171,351,522,5557,5464,11021
2020-05-27,996,847,1843,408,392,800,706,676,1382,800,733,1533,608,591,1199,495,441,936,516,453,969,576,517,1093,444,641,1085,175,353,528,5724,5644,11368
2020-05-28,1025,890,1915,427,405,832,735,711,1446,829,755,1584,634,615,1249,511,461,972,525,468,993,586,525,1111,458,658,1116,179,366,545,5909,5854,11763
2020-05-29,1063,922,1985,449,425,874,777,749,1526,858,797,1655,665,636,1301,526,482,1008,540,479,1019,602,540,1142,473,674,1147,180,370,550,6133,6074,12207
2020-05-30,1093,947,2040,464,436,900,814,774,1588,890,815,1705,678,655,1333,539,496,1035,549,485,1034,613,551,1164,480,685,1165,181,377,558,6301,6221,12522
2020-05-31,1121,963,2084,476,448,924,830,785,1615,908,825,1733,693,665,1358,544,506,1050,557,489,1046,624,557,1181,486,695,1181,181,385,566,6420,6318,12738
2020-06-01,1155,993,2148,500,466,966,863,828,1691,937,862,1799,711,691,1402,560,521,1081,581,505,1086,636,566,1202,494,704,1198,184,389,573,6621,6525,13146
2020-06-02,1199,1023,2222,520,486,1006,901,857,1758,963,891,1854,729,711,1440,575,536,1111,595,517,1112,658,578,1236,501,721,1222,188,402,590,6829,6722,13551
2020-06-03,1238,1046,2284,535,516,1051,931,884,1815,991,930,1921,747,736,1483,585,548,1133,612,532,1144,676,590,1266,511,737,1248,190,411,601,7016,6930,13946
2020-06-04,1274,1081,2355,553,542,1095,967,916,1883,1009,959,1968,767,753,1520,612,564,1176,623,539,1162,697,603,1300,521,756,1277,192,420,612,7215,7133,14348
2020-06-05,1318,1121,2439,569,562,1131,1002,944,1946,1041,996,2037,795,780,1575,636,588,1224,640,554,1194,713,617,1330,533,776,1309,196,429,625,7443,7367,14810
2020-06-06,1346,1145,2491,586,574,1160,1022,964,1986,1070,1023,2093,808,797,1605,649,599,1248,651,566,1217,726,625,1351,545,793,1338,197,438,635,7600,7524,15124
2020-06-07,1370,1169,2539,602,585,1187,1042,985,2027,1088,1042,2130,827,806,1633,660,607,1267,660,570,1230,734,632,1366,556,804,1360,199,446,645,7738,7646,15384
2020-06-08,1401,1204,2605,624,607,1231,1083,1012,2095,1130,1081,2211,862,828,1690,677,626,1303,675,584,1259,750,647,1397,568,820,1388,203,453,656,7973,7862,15835
2020-06-09,1457,1239,2696,648,630,1278,1105,1055,2160,1161,1113,2274,890,852,1742,694,633,1327,687,593,1280,760,661,1421,581,846,1427,206,465,671,8189,8087,16276
2020-06-10,1483,1280,2763,662,648,1310,1147,1078,2225,1197,1153,2350,922,875,1797,719,653,1372,708,607,1315,781,685,1466,586,866,1452,212,480,692,8417,8325,16742
2020-06-11,1523,1322,2845,677,667,1344,1181,1111,2292,1236,1188,2424,941,903,1844,737,678,1415,720,629,1349,797,704,1501,593,894,1487,215,495,710,8620,8591,17211
2020-06-12,1567,1367,2934,686,693,1379,1234,1150,2384,1284,1241,2525,978,942,1920,755,701,1456,748,645,1393,814,718,1532,599,915,1514,219,504,723,8884,8876,17760
2020-06-13,1603,1396,2999,709,713,1422,1272,1188,2460,1320,1276,2596,988,970,1958,775,718,1493,759,652,1411,826,726,1552,608,932,1540,221,510,731,9081,9081,18162
2020-06-14,1624,1427,3051,729,730,1459,1298,1210,2508,1339,1293,2632,1007,982,1989,788,736,1524,770,658,1428,829,739,1568,622,953,1575,221,518,739,9227,9246,18473
2020-06-15,1663,1459,3122,756,751,1507,1330,1242,2572,1364,1321,2685,1026,1003,2029,803,748,1551,783,663,1446,842,749,1591,628,969,1597,223,528,751,9418,9433,18851
2020-06-16,1717,1520,3237,779,773,1552,1393,1292,2685,1412,1360,2772,1064,1028,2092,825,766,1591,797,676,1473,857,756,1613,641,993,1634,226,541,767,9711,9705,19416
2020-06-17,1759,1565,3324,803,801,1604,1450,1334,2784,1457,1410,2867,1103,1058,2161,849,781,1630,813,691,1504,866,775,1641,659,1010,1669,227,549,776,9986,9974,19960
2020-06-18,1811,1610,3421,824,818,1642,1513,1383,2896,1511,1467,2978,1150,1081,2231,884,805,1689,832,710,1542,880,789,1669,673,1035,1708,229,560,789,10307,10258,20565
2020-06-19,1868,1645,3513,840,847,1687,1553,1425,2978,1579,1515,3094,1189,1125,2314,925,832,1757,861,729,1590,899,808,1707,691,1054,1745,236,574,810,10641,10554,21195
2020-06-20,1901,1682,3583,860,867,1727,1586,1452,3038,1617,1547,3164,1214,1158,2372,942,854,1796,877,743,1620,910,816,1726,698,1070,1768,240,578,818,10845,10767,21612
2020-06-21,1935,1704,3639,879,884,1763,1614,1484,3098,1641,1581,3222,1232,1168,2400,957,863,1820,887,753,1640,921,823,1744,704,1079,1783,241,585,826,11011,10924,21935
2020-06-22,1984,1749,3733,909,912,1821,1653,1532,3185,1693,1614,3307,1268,1205,2473,985,893,1878,904,775,1679,939,838,1777,710,1102,1812,243,597,840,11288,11217,22505
2020-06-23,2035,1797,3832,939,943,1882,1705,1577,3282,1753,1658,3411,1304,1251,2555,1002,926,1928,923,794,1717,951,852,1803,721,1119,1840,245,603,848,11578,11520,23098
2020-06-24,2081,1846,3927,968,967,1935,1755,1629,3384,1798,1710,3508,1348,1286,2634,1023,959,1982,937,812,1749,962,866,1828,736,1133,1869,247,607,854,11855,11815,23670
2020-06-25,2133,1902,4035,1006,1009,2015,1798,1673,3471,1844,1748,3592,1388,1321,2709,1061,992,2053,948,829,1777,973,880,1853,746,1145,1891,251,612,863,12148,12111,24259
2020-06-26,2181,1946,4127,1040,1036,2076,1862,1723,3585,1892,1794,3686,1430,1359,2789,1081,1026,2107,971,849,1820,985,897,1882,757,1166,1923,252,621,873,12451,12417,24868
2020-06-27,2245,2005,4250,1071,1074,2145,1901,1775,3676,1926,1829,3755,1460,1382,2842,1102,1042,2144,987,857,1844,988,910,1898,765,1173,1938,256,627,883,12701,12674,25375
2020-06-28,2288,2028,4316,1087,1093,2180,1919,1819,3738,1953,1866,3819,1480,1406,2886,1124,1056,2180,997,864,1861,996,920,1916,774,1184,1958,262,634,896,12880,12870,25750
2020-06-29,2334,2079,4413,1122,1135,2257,1967,1865,3832,2010,1909,3919,1508,1437,2945,1142,1090,2232,1022,875,1897,1011,937,1948,786,1203,1989,265,641,906,13167,13171,26338
2020-06-30,2366,2123,4489,1140,1167,2307,2027,1904,3931,2046,1956,4002,1547,1472,3019,1172,1121,2293,1046,885,1931,1028,947,1975,792,1223,2015,267,651,918,13431,13449,26880
2020-07-01,2412,2160,4572,1159,1200,2359,2086,1953,4039,2087,1994,4081,1582,1508,3090,1194,1150,2344,1064,902,1966,1044,963,2007,801,1244,2045,270,657,927,13699,13731,27430
2020-07-02,2472,2218,4690,1186,1233,2419,2134,2013,4147,2134,2040,4174,1625,1544,3169,1216,1171,2387,1088,917,2005,1060,981,2041,812,1257,2069,273,664,937,14000,14038,28038
2020-07-03,2529,2259,4788,1218,1256,2474,2182,2053,4235,2195,2098,4293,1650,1581,3231,1244,1193,2437,1108,932,2040,1072,996,2068,823,1274,2097,276,668,944,14297,14310,28607
2020-07-04,2567,2298,4865,1240,1280,2520,2217,2100,4317,2227,2129,4356,1680,1605,3285,1269,1208,2477,1121,944,2065,1083,1012,2095,828,1285,2113,279,675,954,14511,14536,29047
2020-07-05,2595,2335,4930,1262,1295,2557,2252,2136,4388,2256,2172,4428,1696,1633,3329,1286,1228,2514,1143,962,2105,1099,1027,2126,837,1301,2138,283,682,965,14709,14771,29480
2020-07-06,2629,2372,5001,1285,1316,2601,2302,2187,4489,2315,2209,4524,1736,1676,3412,1322,1257,2579,1169,990,2159,1118,1053,2171,847,1326,2173,286,690,976,15009,15076,30085
2020-07-07,2682,2440,5122,1317,1351,2668,2358,2244,4602,2377,2258,4635,1770,1711,3481,1354,1290,2644,1186,1005,2191,1131,1066,2197,857,1349,2206,293,702,995,15325,15416,30741
2020-07-08,2730,2475,5205,1347,1383,2730,2414,2295,4709,2424,2309,4733,1819,1759,3578,1378,1324,2702,1206,1026,2232,1148,1086,2234,867,1365,2232,297,716,1013,15630,15738,31368
2020-07-09,2767,2502,5269,1365,1397,2762,2449,2326,4775,2475,2343,4818,1856,1793,3649,1395,1339,2734,1218,1043,2261,1156,1109,2265,874,1382,2256,303,724,1027,15858,15958,31816
2020-07-10,2799,2529,5328,1389,1423,2812,2487,2362,4849,2508,2385,4893,1885,1819,3704,1415,1361,2776,1240,1062,2302,1173,1121,2294,887,1399,2286,304,734,1038,16087,16195,32282
2020-07-11,2830,2571,5401,1412,1437,2849,2515,2393,4908,2538,2420,4958,1917,1853,3770,1436,1392,2828,1260,1078,2338,1187,1149,2336,894,1424,2318,307,749,1056,16296,16466,32762
2020-07-12,2859,2590,5449,1428,1449,2877,2542,2416,4958,2569,2443,5012,1937,1871,3808,1446,1407,2853,1272,1091,2363,1198,1158,2356,900,1439,2339,311,755,1066,16462,16619,33081
2020-07-13,2900,2641,5541,1459,1475,2934,2594,2467,5061,2619,2493,5112,1984,1918,3902,1481,1449,2930,1307,1118,2425,1222,1197,2419,914,1484,2398,313,779,1092,16793,17021,33814
2020-07-14,2952,2682,5634,1489,1504,2993,2638,2503,5141,2694,2551,5245,2033,1963,3996,1518,1466,2984,1331,1146,2477,1241,1226,2467,920,1502,2422,320,794,1114,17136,17337,34473
2020-07-15,2997,2730,5727,1531,1533,3064,2686,2580,5266,2765,2634,5399,2079,2016,4095,1545,1505,3050,1356,1173,2529,1256,1247,2503,934,1518,2452,327,801,1128,17476,17737,35213
2020-07-16,3049,2765,5814,1557,1575,3132,2743,2642,5385,2833,2688,5521,2122,2076,4198,1576,1548,3124,1378,1193,2571,1274,1267,2541,953,1551,2504,329,818,1147,17814,18123,35937
2020-07-17,3099,2812,5911,1590,1607,3197,2778,2702,5480,2882,2751,5633,2168,2144,4312,1610,1588,3198,1407,1225,2632,1294,1286,2580,970,1571,2541,333,826,1159,18131,18512,36643
2020-07-18,3132,2847,5979,1614,1627,3241,2828,2752,5580,2924,2807,5731,2200,2184,4384,1639,1612,3251,1433,1252,2685,1309,1298,2607,986,1593,2579,335,832,1167,18400,18804,37204
2020-07-19,3168,2889,6057,1634,1652,3286,2862,2784,5646,2958,2851,5809,2232,2218,4450,1664,1639,3303,1454,1268,2722,1324,1308,2632,996,1611,2607,337,839,1176,18629,19059,37688
2020-07-20,3234,2942,6176,1678,1692,3370,2927,2844,5771,3020,2939,5959,2282,2292,4574,1699,1686,3385,1485,1312,2797,1349,1334,2683,1018,1631,2649,340,852,1192,19032,19524,38556
2020-07-21,3284,2983,6267,1709,1724,3433,2995,2899,5894,3091,3010,6101,2330,2341,4671,1739,1731,3470,1512,1345,2857,1375,1359,2734,1032,1661,2693,345,861,1206,19412,19914,39326
2020-07-22,3355,3033,6388,1741,1756,3497,3078,2976,6054,3171,3081,6252,2397,2406,4803,1776,1775,3551,1533,1374,2907,1406,1382,2788,1047,1698,2745,346,871,1217,19850,20352,40202
2020-07-23,3414,3084,6498,1770,1793,3563,3150,3049,6199,3245,3162,6407,2441,2453,4894,1813,1809,3622,1552,1403,2955,1425,1404,2829,1054,1721,2775,353,879,1232,20217,20757,40974
2020-07-24,3458,3135,6593,1805,1822,3627,3225,3115,6340,3308,3239,6547,2500,2508,5008,1851,1843,3694,1586,1422,3008,1443,1426,2869,1067,1747,2814,355,892,1247,20598,21149,41747
2020-07-25,3505,3175,6680,1837,1843,3680,3274,3169,6443,3367,3296,6663,2539,2551,5090,1869,1867,3736,1604,1447,3051,1458,1449,2907,1079,1761,2840,360,895,1255,20892,21453,42345
2020-07-26,3545,3210,6755,1853,1864,3717,3305,3196,6501,3398,3337,6735,2573,2571,5144,1889,1889,3778,1616,1461,3077,1474,1462,2936,1088,1785,2873,365,902,1267,21106,21677,42783
2020-07-27,3586,3254,6840,1892,1893,3785,3363,3256,6619,3467,3407,6874,2630,2633,5263,1924,1941,3865,1644,1498,3142,1492,1484,2976,1106,1807,2913,370,926,1296,21474,22099,43573
2020-07-28,3639,3308,6947,1924,1925,3849,3442,3343,6785,3536,3477,7013,2686,2688,5374,1973,1991,3964,1684,1532,3216,1511,1519,3030,1117,1834,2951,375,947,1322,21887,22564,44451
2020-07-29,3700,3360,7060,1955,1960,3915,3522,3413,6935,3607,3553,7160,2760,2755,5515,2015,2039,4054,1718,1571,3289,1536,1542,3078,1137,1871,3008,383,972,1355,22333,23036,45369
2020-07-30,3765,3408,7173,1998,2013,4011,3622,3488,7110,3689,3625,7314,2827,2811,5638,2064,2085,4149,1749,1604,3353,1554,1563,3117,1148,1890,3038,385,980,1365,22801,23467,46268
2020-07-31,3814,3469,7283,2025,2044,4069,3684,3568,7252,3782,3721,7503,2890,2868,5758,2105,2133,4238,1777,1638,3415,1574,1592,3166,1159,1921,3080,391,997,1388,23201,23951,47152
2020-08-01,3854,3507,7361,2046,2078,4124,3723,3624,7347,3825,3779,7604,2924,2914,5838,2138,2166,4304,1801,1649,3450,1594,1610,3204,1172,1945,3117,391,1010,1401,23468,24282,47750
2020-08-02,3900,3542,7442,2068,2105,4173,3761,3660,7421,3873,3825,7698,2954,2960,5914,2156,2197,4353,1812,1665,3477,1602,1627,3229,1184,1961,3145,393,1017,1410,23703,24559,48262
2020-08-03,3956,3603,7559,2103,2146,4249,3828,3735,7563,3945,3889,7834,3004,3023,6027,2195,2241,4436,1844,1692,3536,1616,1650,3266,1199,1992,3191,397,1031,1428,24087,25002,49089
2020-08-04,4025,3653,7678,2146,2191,4337,3913,3793,7706,4032,3966,7998,3073,3086,6159,2243,2281,4524,1881,1720,3601,1634,1675,3309,1217,2025,3242,402,1046,1448,24566,25436,50002
2020-08-05,4084,3711,7795,2190,2224,4414,3992,3865,7857,4103,4044,8147,3122,3148,6270,2292,2333,4625,1912,1754,3666,1662,1700,3362,1232,2048,3280,406,1057,1463,24995,25884,50879
2020-08-06,4141,3759,7900,2223,2269,4492,4071,3941,8012,4178,4133,8311,3184,3218,6402,2331,2380,4711,1945,1780,3725,1683,1725,3408,1248,2077,3325,411,1070,1481,25415,26352,51767
2020-08-07,4210,3818,8028,2260,2301,4561,4146,4027,8173,4256,4213,8469,3240,3301,6541,2374,2419,4793,1968,1815,3783,1711,1760,3471,1261,2119,3380,416,1089,1505,25842,26862,52704
2020-08-08,4257,3860,8117,2289,2330,4619,4188,4077,8265,4325,4283,8608,3286,3357,6643,2411,2459,4870,1990,1841,3831,1727,1792,3519,1273,2156,3429,417,1115,1532,26163,27270,53433
2020-08-09,4291,3895,8186,2312,2350,4662,4226,4126,8352,4375,4322,8697,3319,3413,6732,2450,2499,4949,2011,1865,3876,1747,1818,3565,1289,2203,3492,422,1133,1555,26442,27624,54066
2020-08-10,4353,3953,8306,2353,2385,4738,4312,4207,8519,4460,4397,8857,3388,3482,6870,2504,2566,5070,2036,1892,3928,1763,1847,3610,1304,2231,3535,427,1148,1575,26900,28108,55008
2020-08-11,4408,4003,8411,2401,2418,4819,4396,4287,8683,4567,4484,9051,3467,3567,7034,2555,2624,5179,2078,1934,4012,1795,1905,3700,1322,2279,3601,434,1172,1606,27423,28673,56096
2020-08-12,4461,4058,8519,2446,2465,4911,4471,4380,8851,4634,4604,9238,3539,3639,7178,2605,2671,5276,2110,1967,4077,1812,1935,3747,1333,2300,3633,438,1189,1627,27849,29208,57057
2020-08-13,4505,4110,8615,2494,2508,5002,4573,4473,9046,4737,4720,9457,3608,3719,7327,2659,2731,5390,2137,2004,4141,1843,1962,3805,1347,2325,3672,443,1204,1647,28346,29756,58102
2020-08-14,4544,4155,8699,2527,2545,5072,4671,4577,9248,4822,4830,9652,3689,3783,7472,2708,2792,5500,2174,2040,4214,1868,1996,3864,1361,2348,3709,446,1217,1663,28810,30283,59093
2020-08-15,4599,4191,8790,2571,2583,5154,4720,4648,9368,4883,4913,9796,3734,3850,7584,2739,2833,5572,2204,2072,4276,1891,2037,3928,1377,2399,3776,450,1238,1688,29168,30764,59932
2020-08-16,4638,4219,8857,2592,2603,5195,4772,4699,9471,4929,4967,9896,3756,3895,7651,2768,2864,5632,2219,2097,4316,1909,2056,3965,1390,2432,3822,453,1258,1711,29426,31090,60516
2020-08-17,4681,4241,8922,2625,2629,5254,4835,4760,9595,4999,5041,10040,3817,3963,7780,2815,2920,5735,2240,2138,4378,1929,2074,4003,1402,2456,3858,453,1271,1724,29796,31493,61289
2020-08-18,4739,4293,9032,2664,2665,5329,4918,4836,9754,5102,5135,10237,3885,4037,7922,2850,2990,5840,2272,2174,4446,1951,2104,4055,1412,2477,3889,453,1287,1740,30246,31998,62244
2020-08-19,4797,4344,9141,2701,2708,5409,4975,4928,9903,5180,5218,10398,3941,4107,8048,2898,3036,5934,2297,2206,4503,1969,2146,4115,1429,2517,3946,459,1307,1766,30646,32517,63163
2020-08-20,4844,4392,9236,2734,2743,5477,5052,5016,10068,5249,5304,10553,3992,4167,8159,2938,3087,6025,2328,2244,4572,1988,2168,4156,1446,2542,3988,462,1319,1781,31033,32982,64015
2020-08-21,4888,4450,9338,2775,2775,5550,5117,5094,10211,5330,5393,10723,4063,4232,8295,2985,3148,6133,2366,2286,4652,2015,2209,4224,1459,2583,4042,467,1330,1797,31465,33500,64965
2020-08-22,4919,4477,9396,2804,2802,5606,5171,5152,10323,5383,5472,10855,4115,4281,8396,3017,3176,6193,2397,2316,4713,2032,2246,4278,1472,2607,4079,472,1350,1822,31782,33879,65661
2020-08-23,4955,4516,9471,2822,2819,5641,5206,5201,10407,5424,5519,10943,4156,4314,8470,3044,3214,6258,2420,2341,4761,2042,2270,4312,1485,2616,4101,477,1354,1831,32031,34164,66195
2020-08-24,5019,4581,9600,2860,2858,5718,5273,5282,10555,5500,5613,11113,4216,4390,8606,3102,3261,6363,2453,2391,4844,2067,2302,4369,1501,2645,4146,482,1373,1855,32473,34696,67169
2020-08-25,5066,4633,9699,2901,2894,5795,5352,5397,10749,5587,5713,11300,4283,4460,8743,3140,3320,6460,2485,2429,4914,2087,2326,4413,1520,2679,4199,488,1391,1879,32909,35242,68151
2020-08-26,5127,4672,9799,2944,2938,5882,5456,5485,10941,5678,5806,11484,4337,4547,8884,3190,3378,6568,2520,2467,4987,2115,2358,4473,1539,2714,4253,491,1406,1897,33397,35771,69168
2020-08-27,5187,4723,9910,2999,2998,5997,5554,5566,11120,5770,5903,11673,4414,4628,9042,3246,3438,6684,2548,2509,5057,2145,2384,4529,1560,2752,4312,495,1430,1925,33918,36331,70249
2020-08-28,5236,4772,10008,3051,3041,6092,5659,5679,11338,5856,6006,11862,4486,4726,9212,3305,3516,6821,2581,2555,5136,2182,2424,4606,1575,2783,4358,498,1440,1938,34429,36942,71371
2020-08-29,5276,4802,10078,3074,3068,6142,5733,5754,11487,5922,6096,12018,4551,4785,9336,3345,3556,6901,2617,2580,5197,2204,2446,4650,1585,2811,4396,502,1456,1958,34809,37354,72163
2020-08-30,5308,4850,10158,3108,3094,6202,5786,5811,11597,5984,6147,12131,4600,4842,9442,3382,3589,6971,2639,2607,5246,2219,2468,4687,1592,2824,4416,505,1463,1968,35123,37695,72818
2020-08-31,5365,4890,10255,3153,3134,6287,5877,5888,11765,6064,6238,12302,4664,4920,9584,3431,3642,7073,2673,2651,5324,2249,2509,4758,1613,2864,4477,507,1476,1983,35596,38212,73808
2020-09-01,5422,4942,10364,3189,3185,6374,5966,5978,11944,6170,6347,12517,4747,4988,9735,3475,3715,7190,2700,2681,5381,2268,2537,4805,1629,2912,4541,514,1492,2006,36080,38777,74857
2020-09-02,5468,4979,10447,3216,3218,6434,6036,6068,12104,6249,6446,12695,4804,5053,9857,3525,3769,7294,2724,2715,5439,2302,2568,4870,1643,2945,4588,517,1519,2036,36484,39280,75764
2020-09-03,5522,5027,10549,3266,3258,6524,6128,6173,12301,6362,6559,12921,4875,5128,10003,3583,3820,7403,2759,2755,5514,2331,2599,4930,1662,2983,4645,521,1532,2053,37009,39834,76843
2020-09-04,5573,5088,10661,3307,3301,6608,6210,6267,12477,6457,6660,13117,4948,5218,10166,3626,3884,7510,2803,2806,5609,2361,2629,4990,1680,3012,4692,525,1547,2072,37490,40412,77902
2020-09-05,5610,5118,10728,3328,3323,6651,6279,6335,12614,6524,6746,13270,5004,5302,10306,3656,3924,7580,2837,2840,5677,2383,2653,5036,1696,3037,4733,527,1555,2082,37844,40833,78677
2020-09-06,5647,5152,10799,3350,3346,6696,6318,6390,12708,6571,6791,13362,5043,5345,10388,3678,3963,7641,2857,2865,5722,2393,2682,5075,1709,3054,4763,528,1564,2092,38094,41152,79246
2020-09-07,5693,5197,10890,3389,3387,6776,6408,6484,12892,6675,6894,13569,5107,5436,10543,3729,4042,7771,2901,2906,5807,2419,2708,5127,1725,3087,4812,533,1579,2112,38579,41720,80299
2020-09-08,5739,5247,10986,3429,3430,6859,6484,6579,13063,6778,6998,13776,5182,5516,10698,3786,4102,7888,2935,2954,5889,2452,2741,5193,1743,3115,4858,538,1600,2138,39066,42282,81348
2020-09-09,5792,5294,11086,3467,3485,6952,6576,6669,13245,6866,7091,13957,5258,5593,10851,3847,4162,8009,2969,3005,5974,2476,2772,5248,1760,3153,4913,539,1619,2158,39550,42843,82393
2020-09-10,5835,5325,11160,3516,3524,7040,6686,6769,13455,6976,7218,14194,5347,5685,11032,3903,4216,8119,3000,3048,6048,2506,2808,5314,1770,3184,4954,541,1636,2177,40080,43413,83493
2020-09-11,5886,5369,11255,3571,3564,7135,6779,6844,13623,7071,7324,14395,5419,5770,11189,3959,4297,8256,3049,3088,6137,2534,2840,5374,1790,3217,5007,544,1644,2188,40602,43957,84559
2020-09-12,5925,5396,11321,3598,3592,7190,6826,6901,13727,7121,7394,14515,5455,5828,11283,3996,4344,8340,3083,3121,6204,2556,2865,5421,1802,3249,5051,546,1658,2204,40908,44348,85256
2020-09-13,5966,5433,11399,3619,3617,7236,6875,6965,13840,7170,7464,14634,5488,5872,11360,4034,4378,8412,3120,3149,6269,2573,2876,5449,1805,3265,5070,551,1667,2218,41201,44686,85887
2020-09-14,6026,5489,11515,3664,3661,7325,6964,7079,14043,7263,7558,14821,5545,5951,11496,4100,4447,8547,3166,3206,6372,2604,2909,5513,1826,3289,5115,552,1676,2228,41710,45265,86975
2020-09-15,6091,5524,11615,3697,3689,7386,7046,7148,14194,7348,7671,15019,5610,6017,11627,4141,4502,8643,3210,3251,6461,2633,2948,5581,1841,3322,5163,553,1688,2241,42170,45760,87930
2020-09-16,6155,5586,11741,3757,3744,7501,7142,7266,14408,7435,7790,15225,5687,6105,11792,4193,4564,8757,3251,3302,6553,2659,2972,5631,1858,3352,5210,556,1700,2256,42693,46381,89074
2020-09-17,6204,5629,11833,3788,3796,7584,7233,7353,14586,7517,7887,15404,5768,6207,11975,4256,4630,8886,3299,3351,6650,2693,3001,5694,1876,3375,5251,559,1710,2269,43193,46939,90132
2020-09-18,6265,5686,11951,3821,3848,7669,7322,7455,14777,7608,8009,15617,5835,6290,12125,4308,4696,9004,3333,3402,6735,2729,3032,5761,1888,3400,5288,563,1724,2287,43672,47542,91214
2020-09-19,6290,5731,12021,3847,3887,7734,7368,7504,14872,7668,8073,15741,5871,6322,12193,4339,4733,9072,3369,3434,6803,2747,3055,5802,1903,3420,5323,567,1732,2299,43969,47891,91860
2020-09-20,6326,5770,12096,3879,3922,7801,7414,7548,14962,7723,8114,15837,5906,6368,12274,4358,4770,9128,3387,3458,6845,2767,3075,5842,1909,3437,5346,570,1739,2309,44239,48201,92440
2020-09-21,6387,5816,12203,3917,3975,7892,7495,7628,15123,7815,8216,16031,5969,6448,12417,4407,4820,9227,3430,3508,6938,2799,3107,5906,1923,3457,5380,571,1750,2321,44713,48725,93438
2020-09-22,6454,5875,12329,3968,4030,7998,7584,7732,15316,7903,8310,16213,6048,6516,12564,4467,4886,9353,3480,3545,7025,2831,3143,5974,1937,3493,5430,574,1765,2339,45246,49295,94541
2020-09-23,6513,5926,12439,4009,4068,8077,7651,7831,15482,7980,8412,16392,6105,6581,12686,4517,4943,9460,3525,3591,7116,2852,3187,6039,1946,3517,5463,577,1774,2351,45675,49830,95505
2020-09-24,6582,5980,12562,4062,4123,8185,7750,7911,15661,8071,8515,16586,6177,6657,12834,4558,4992,9550,3551,3653,7204,2876,3217,6093,1969,3551,5520,584,1796,2380,46180,50395,96575
2020-09-25,6641,6023,12664,4107,4163,8270,7827,8003,15830,8153,8598,16751,6252,6733,12985,4605,5042,9647,3598,3703,7301,2903,3247,6150,1987,3578,5565,584,1807,2391,46657,50897,97554
2020-09-26,6670,6054,12724,4139,4190,8329,7872,8046,15918,8219,8653,16872,6293,6775,13068,4635,5088,9723,3629,3729,7358,2924,3262,6186,1996,3593,5589,587,1815,2402,46964,51205,98169
2020-09-27,6706,6093,12799,4160,4220,8380,7916,8105,16021,8267,8708,16975,6340,6821,13161,4665,5120,9785,3653,3754,7407,2931,3279,6210,2005,3607,5612,589,1821,2410,47232,51528,98760
2020-09-28,6763,6146,12909,4199,4251,8450,7976,8174,16150,8347,8793,17140,6423,6881,13304,4733,5189,9922,3701,3785,7486,2958,3308,6266,2022,3631,5653,593,1836,2429,47715,51994,99709
2020-09-29,6829,6203,13032,4252,4309,8561,8075,8259,16334,8456,8906,17362,6501,6956,13457,4788,5234,10022,3745,3836,7581,2989,3363,6352,2046,3672,5718,594,1858,2452,48275,52596,100871
2020-09-30,6893,6263,13156,4290,4355,8645,8164,8365,16529,8539,8996,17535,6567,7025,13592,4846,5300,10146,3788,3892,7680,3018,3395,6413,2060,3700,5760,597,1866,2463,48762,53157,101919
2020-10-01,6954,6341,13295,4333,4421,8754,8263,8479,16742,8637,9106,17743,6637,7099,13736,4894,5359,10253,3831,3941,7772,3050,3442,6492,2071,3718,5789,600,1877,2477,49270,53783,103053
2020-10-02,7037,6404,13441,4383,4471,8854,8341,8571,16912,8722,9203,17925,6701,7178,13879,4946,5407,10353,3877,3987,7864,3081,3486,6567,2083,3756,5839,605,1891,2496,49776,54354,104130
2020-10-03,7075,6443,13518,4411,4515,8926,8404,8628,17032,8782,9269,18051,6746,7229,13975,4992,5439,10431,3906,4021,7927,3105,3507,6612,2092,3781,5873,609,1896,2505,50122,54728,104850
2020-10-04,7118,6484,13602,4439,4542,8981,8463,8694,17157,8831,9320,18151,6790,7274,14064,5019,5469,10488,3930,4042,7972,3122,3526,6648,2103,3805,5908,610,1899,2509,50425,55055,105480
2020-10-05,7158,6535,13693,4481,4576,9057,8549,8772,17321,8942,9426,18368,6880,7350,14230,5081,5529,10610,3998,4090,8088,3157,3579,6736,2123,3836,5959,613,1906,2519,50982,55599,106581
2020-10-06,7209,6602,13811,4528,4623,9151,8627,8852,17479,9029,9518,18547,6969,7415,14384,5145,5589,10734,4041,4141,8182,3190,3619,6809,2142,3865,6007,619,1916,2535,51499,56140,107639
2020-10-07,7280,6646,13926,4561,4661,9222,8716,8944,17660,9135,9620,18755,7046,7499,14545,5196,5668,10864,4090,4187,8277,3218,3659,6877,2158,3890,6048,622,1923,2545,52022,56697,108719
2020-10-08,7344,6692,14036,4603,4702,9305,8787,9035,17822,9216,9720,18936,7121,7567,14688,5246,5725,10971,4135,4231,8366,3255,3694,6949,2169,3920,6089,626,1942,2568,52502,57228,109730
2020-10-09,7395,6759,14154,4657,4752,9409,8846,9135,17981,9307,9835,19142,7185,7650,14835,5288,5793,11081,4174,4276,8450,3283,3731,7014,2180,3943,6123,630,1958,2588,52945,57832,110777
2020-10-10,7421,6803,14224,4690,4777,9467,8906,9193,18099,9368,9892,19260,7238,7704,14942,5328,5842,11170,4202,4310,8512,3296,3758,7054,2196,3966,6162,636,1967,2603,53281,58212,111493
2020-10-11,7466,6840,14306,4718,4801,9519,8939,9253,18192,9413,9968,19381,7282,7745,15027,5366,5878,11244,4236,4335,8571,3312,3781,7093,2207,3985,6192,637,1973,2610,53576,58559,112135
2020-10-12,7509,6876,14385,4759,4834,9593,8993,9318,18311,9475,10035,19510,7322,7797,15119,5402,5931,11333,4282,4376,8658,3333,3812,7145,2221,4008,6229,638,1983,2621,53934,58970,112904
2020-10-13,7574,6942,14516,4807,4868,9675,9082,9412,18494,9558,10141,19699,7392,7876,15268,5468,5999,11467,4332,4426,8758,3367,3863,7230,2241,4046,6287,642,1996,2638,54463,59569,114032
2020-10-14,7626,6998,14624,4848,4915,9763,9164,9507,18671,9642,10223,19865,7448,7945,15393,5513,6055,11568,4383,4466,8849,3401,3909,7310,2258,4075,6333,643,2010,2653,54926,60103,115029
2020-10-15,7685,7052,14737,4893,4955,9848,9251,9600,18851,9745,10306,20051,7535,8031,15566,5576,6114,11690,4436,4523,8959,3427,3941,7368,2273,4104,6377,649,2020,2669,55470,60646,116116
2020-10-16,7762,7105,14867,4945,5011,9956,9370,9728,19098,9852,10403,20255,7615,8126,15741,5638,6187,11825,4486,4580,9066,3460,3990,7450,2294,4148,6442,650,2046,2696,56072,61324,117396
2020-10-17,7803,7145,14948,4982,5046,10028,9439,9787,19226,9924,10486,20410,7667,8182,15849,5674,6226,11900,4522,4618,9140,3493,4014,7507,2305,4173,6478,653,2053,2706,56462,61730,118192
2020-10-18,7840,7178,15018,5008,5066,10074,9468,9827,19295,9976,10557,20533,7694,8216,15910,5716,6246,11962,4543,4638,9181,3507,4034,7541,2313,4189,6502,654,2058,2712,56719,62009,118728
2020-10-19,7931,7245,15176,5059,5124,10183,9561,9937,19498,10084,10692,20776,7785,8341,16126,5782,6321,12103,4607,4697,9304,3546,4091,7637,2328,4223,6551,655,2068,2723,57338,62739,120077
2020-10-20,8001,7315,15316,5124,5174,10298,9671,10046,19717,10181,10796,20977,7878,8456,16334,5846,6387,12233,4666,4747,9413,3578,4139,7717,2351,4259,6610,655,2083,2738,57951,63402,121353
2020-10-21,8048,7365,15413,5190,5221,10411,9761,10160,19921,10262,10891,21153,7946,8534,16480,5904,6439,12343,4714,4793,9507,3608,4171,7779,2369,4290,6659,657,2088,2745,58459,63952,122411
2020-10-22,8094,7413,15507,5254,5282,10536,9832,10251,20083,10332,10985,21317,8022,8599,16621,5955,6494,12449,4742,4846,9588,3629,4206,7835,2384,4315,6699,660,2096,2756,58904,64487,123391
2020-10-23,8145,7454,15599,5293,5314,10607,9887,10318,20205,10388,11053,21441,8074,8675,16749,5998,6537,12535,4778,4894,9672,3663,4238,7901,2397,4340,6737,664,2114,2778,59287,64937,124224
2020-10-24,8176,7480,15656,5314,5335,10649,9936,10349,20285,10432,11102,21534,8111,8721,16832,6020,6572,12592,4799,4924,9723,3686,4264,7950,2404,4363,6767,666,2124,2790,59544,65234,124778
2020-10-25,8220,7512,15732,5339,5365,10704,9983,10400,20383,10476,11180,21656,8153,8762,16915,6050,6621,12671,4820,4956,9776,3706,4287,7993,2410,4376,6786,668,2126,2794,59825,65585,125410
2020-10-26,8277,7562,15839,5397,5414,10811,10053,10474,20527,10564,11278,21842,8204,8842,17046,6110,6694,12804,4866,5008,9874,3742,4334,8076,2421,4402,6823,669,2135,2804,60303,66143,126446
2020-10-27,8331,7617,15948,5440,5452,10892,10148,10562,20710,10645,11373,22018,8281,8920,17201,6170,6771,12941,4919,5075,9994,3773,4382,8155,2436,4430,6866,672,2141,2813,60815,66723,127538
2020-10-28,8384,7673,16057,5480,5497,10977,10223,10643,20866,10725,11474,22199,8332,8998,17330,6233,6841,13074,4963,5114,10077,3794,4415,8209,2447,4456,6903,675,2153,2828,61256,67264,128520
2020-10-29,8431,7715,16146,5517,5540,11057,10318,10727,21045,10811,11564,22375,8385,9078,17463,6282,6898,13180,5005,5159,10164,3816,4446,8262,2459,4482,6941,676,2160,2836,61700,67769,129469
2020-10-30,8480,7748,16228,5544,5585,11129,10371,10805,21176,10882,11648,22530,8450,9152,17602,6323,6957,13280,5051,5217,10268,3838,4478,8316,2478,4507,6985,680,2174,2854,62097,68271,130368
2020-10-31,8519,7773,16292,5563,5603,11166,10415,10843,21258,10921,11719,22640,8486,9196,17682,6352,6989,13341,5081,5257,10338,3860,4507,8367,2486,4523,7009,682,2182,2864,62365,68592,130957
2020-11-01,8576,7820,16396,5591,5638,11229,10474,10912,21386,10970,11785,22755,8534,9244,17778,6387,7031,13418,5103,5310,10413,3883,4533,8416,2495,4549,7044,685,2188,2873,62698,69010,131708
2020-11-02,8627,7880,16507,5636,5686,11322,10553,11001,21554,11060,11871,22931,8606,9324,17930,6434,7085,13519,5149,5362,10511,3917,4571,8488,2509,4567,7076,686,2198,2884,63177,69545,132722
2020-11-03,8663,7923,16586,5661,5724,11385,10609,11091,21700,11135,11946,23081,8662,9370,18032,6477,7128,13605,5187,5398,10585,3952,4606,8558,2525,4597,7122,687,2208,2895,63558,69991,133549
2020-11-04,8712,7972,16684,5702,5766,11468,10715,11188,21903,11218,12044,23262,8750,9459,18209,6538,7190,13728,5245,5453,10698,3990,4641,8631,2547,4632,7179,693,2221,2914,64110,70566,134676
2020-11-05,8777,8029,16806,5775,5826,11601,10834,11298,22132,11338,12155,23493,8842,9557,18399,6605,7267,13872,5291,5517,10808,4024,4676,8700,2565,4656,7221,697,2231,2928,64748,71212,135960
2020-11-06,8819,8073,16892,5811,5868,11679,10899,11356,22255,11386,12235,23621,8894,9607,18501,6652,7322,13974,5331,5568,10899,4056,4722,8778,2583,4688,7271,700,2238,2938,65131,71677,136808
2020-11-07,8858,8113,16971,5837,5901,11738,10948,11420,22368,11433,12298,23731,8944,9664,18608,6696,7373,14069,5378,5617,10995,4090,4751,8841,2603,4706,7309,706,2244,2950,65493,72087,137580
2020-11-08,8909,8170,17079,5863,5942,11805,11016,11488,22504,11496,12384,23880,8996,9722,18718,6735,7421,14156,5412,5666,11078,4113,4780,8893,2611,4721,7332,708,2249,2957,65859,72543,138402
2020-11-09,8987,8238,17225,5927,5985,11912,11086,11586,22672,11597,12502,24099,9077,9809,18886,6802,7493,14295,5464,5723,11187,4140,4827,8967,2637,4756,7393,712,2259,2971,66429,73178,139607
2020-11-10,9033,8280,17313,5969,6032,12001,11164,11657,22821,11685,12589,24274,9128,9863,18991,6850,7541,14391,5524,5765,11289,4171,4862,9033,2659,4785,7444,717,2269,2986,66900,73643,140543
2020-11-11,9098,8329,17427,6010,6078,12088,11258,11761,23019,11771,12683,24454,9210,9944,19154,6926,7611,14537,5565,5806,11371,4205,4900,9105,2679,4820,7499,722,2287,3009,67444,74219,141663
2020-11-12,9166,8388,17554,6049,6118,12167,11351,11859,23210,11891,12788,24679,9297,10029,19326,6990,7672,14662,5616,5871,11487,4240,4950,9190,2698,4857,7555,725,2298,3023,68023,74830,142853
2020-11-13,9226,8429,17655,6097,6161,12258,11450,11967,23417,11961,12884,24845,9368,10108,19476,7041,7730,14771,5674,5934,11608,4282,4996,9278,2718,4897,7615,729,2311,3040,68546,75417,143963
2020-11-14,9291,8488,17779,6128,6191,12319,11500,12029,23529,12031,12954,24985,9416,10167,19583,7086,7773,14859,5719,5962,11681,4311,5036,9347,2730,4917,7647,733,2314,3047,68945,75831,144776
2020-11-15,9356,8551,17907,6176,6220,12396,11562,12106,23668,12108,13022,25130,9480,10227,19707,7137,7824,14961,5769,6006,11775,4338,5073,9411,2741,4941,7682,733,2325,3058,69400,76295,145695
2020-11-16,9417,8611,18028,6240,6269,12509,11625,12173,23798,12192,13124,25316,9556,10296,19852,7178,7885,15063,5815,6050,11865,4373,5118,9491,2759,4966,7725,736,2338,3074,69891,76830,146721
2020-11-17,9480,8679,18159,6296,6320,12616,11722,12289,24011,12304,13242,25546,9636,10392,20028,7235,7958,15193,5881,6127,12008,4419,5173,9592,2777,5006,7783,741,2353,3094,70491,77539,148030
2020-11-18,9539,8736,18275,6368,6368,12736,11818,12393,24211,12412,13367,25779,9699,10473,20172,7290,8022,15312,5931,6175,12106,4466,5216,9682,2790,5048,7838,743,2360,3103,71056,78158,149214
2020-11-19,9608,8794,18402,6431,6419,12850,11913,12519,24432,12503,13485,25988,9772,10568,20340,7352,8086,15438,5973,6231,12204,4505,5252,9757,2812,5083,7895,746,2367,3113,71615,78804,150419
2020-11-20,9672,8848,18520,6472,6472,12944,12007,12614,24621,12590,13583,26173,9843,10663,20506,7401,8146,15547,6023,6273,12296,4536,5287,9823,2830,5113,7943,750,2379,3129,72124,79378,151502
2020-11-21,9724,8899,18623,6501,6514,13015,12065,12681,24746,12660,13647,26307,9899,10722,20621,7442,8195,15637,6061,6314,12375,4560,5309,9869,2840,5132,7972,753,2389,3142,72505,79802,152307
2020-11-22,9769,8935,18704,6531,6546,13077,12127,12730,24857,12711,13714,26425,9949,10770,20719,7475,8229,15704,6091,6356,12447,4583,5327,9910,2853,5154,8007,755,2398,3153,72844,80159,153003
2020-11-23,9826,8989,18815,6570,6591,13161,12188,12812,25000,12793,13784,26577,10005,10844,20849,7521,8279,15800,6126,6402,12528,4613,5358,9971,2872,5184,8056,760,2410,3170,73274,80653,153927
2020-11-24,9880,9058,18938,6622,6642,13264,12272,12919,25191,12899,13877,26776,10086,10918,21004,7585,8348,15933,6182,6466,12648,4656,5403,10059,2898,5218,8116,761,2419,3180,73841,81268,155109
2020-11-25,9944,9117,19061,6678,6697,13375,12370,13033,25403,12996,13981,26977,10162,10994,21156,7643,8401,16044,6241,6522,12763,4686,5461,10147,2918,5258,8176,767,2429,3196,74405,81893,156298
2020-11-26,10011,9182,19193,6739,6761,13500,12458,13140,25598,13096,14110,27206,10232,11079,21311,7699,8462,16161,6295,6573,12868,4725,5512,10237,2930,5287,8217,776,2440,3216,74961,82546,157507
2020-11-27,10063,9232,19295,6784,6799,13583,12547,13260,25807,13169,14198,27367,10294,11122,21416,7756,8519,16275,6339,6610,12949,4753,5546,10299,2945,5324,8269,779,2444,3223,75429,83054,158483
2020-11-28,10127,9270,19397,6825,6829,13654,12614,13336,25950,13220,14285,27505,10344,11188,21532,7808,8566,16374,6365,6639,13004,4777,5579,10356,2960,5353,8313,780,2450,3230,75820,83495,159315
2020-11-29,10185,9316,19501,6856,6866,13722,12688,13416,26104,13285,14379,27664,10417,11247,21664,7850,8615,16465,6414,6696,13110,4800,5614,10414,2975,5370,8345,781,2454,3235,76251,83973,160224
2020-11-30,10264,9380,19644,6926,6917,13843,12806,13541,26347,13404,14488,27892,10520,11352,21872,7917,8685,16602,6487,6774,13261,4858,5660,10518,2994,5403,8397,784,2463,3247,76960,84663,161623
2020-12-01,10313,9447,19760,6979,6978,13957,12931,13654,26585,13509,14606,28115,10600,11447,22047,7954,8739,16693,6556,6854,13410,4907,5711,10618,3022,5432,8454,788,2468,3256,77559,85336,162895
2020-12-02,10353,9481,19834,7026,7019,14045,12998,13738,26736,13577,14694,28271,10668,11515,22183,7992,8782,16774,6597,6885,13482,4936,5748,10684,3043,5449,8492,789,2476,3265,77979,85787,163766
2020-12-03,10399,9529,19928,7089,7073,14162,13102,13870,26972,13690,14823,28513,10756,11609,22365,8052,8843,16895,6656,6947,13603,4980,5785,10765,3058,5474,8532,791,2483,3274,78573,86436,165009
2020-12-04,10458,9585,20043,7155,7125,14280,13190,13962,27152,13789,14931,28720,10835,11710,22545,8119,8924,17043,6715,7031,13746,5031,5825,10856,3077,5512,8589,797,2492,3289,79166,87097,166263
2020-12-05,10508,9638,20146,7200,7167,14367,13274,14030,27304,13884,15022,28906,10897,11770,22667,8164,8968,17132,6755,7071,13826,5058,5851,10909,3085,5535,8620,802,2499,3301,79627,87551,167178
2020-12-06,10551,9689,20240,7238,7199,14437,13328,14094,27422,13944,15089,29033,10943,11830,22773,8195,9009,17204,6793,7115,13908,5087,5877,10964,3102,5553,8655,803,2504,3307,79984,87959,167943
2020-12-07,10588,9739,20327,7291,7239,14530,13413,14178,27591,14031,15169,29200,10995,11908,22903,8232,9055,17287,6827,7155,13982,5115,5909,11024,3117,5574,8691,806,2512,3318,80415,88438,168853
2020-12-08,10634,9790,20424,7320,7282,14602,13491,14264,27755,14103,15251,29354,11052,11962,23014,8287,9110,17397,6876,7201,14077,5137,5956,11093,3124,5596,8720,810,2519,3329,80834,88931,169765
2020-12-09,10698,9844,20542,7367,7341,14708,13620,14408,28028,14217,15381,29598,11154,12064,23218,8368,9208,17576,6966,7280,14246,5180,6018,11198,3145,5636,8781,812,2538,3350,81527,89718,171245
2020-12-10,10768,9894,20662,7440,7430,14870,13767,14568,28335,14362,15561,29923,11255,12188,23443,8460,9312,17772,7045,7357,14402,5226,6064,11290,3167,5686,8853,817,2548,3365,82307,90608,172915
2020-12-11,10834,9961,20795,7516,7505,15021,13935,14761,28696,14553,15758,30311,11385,12316,23701,8555,9434,17989,7135,7456,14591,5280,6129,11409,3188,5719,8907,819,2556,3375,83200,91595,174795
2020-12-12,10893,10015,20908,7575,7564,15139,14064,14906,28970,14692,15921,30613,11503,12443,23946,8645,9536,18181,7200,7557,14757,5317,6174,11491,3202,5747,8949,821,2565,3386,83912,92428,176340
2020-12-13,10958,10056,21014,7634,7628,15262,14164,15034,29198,14832,16070,30902,11599,12554,24153,8727,9638,18365,7265,7621,14886,5350,6210,11560,3218,5768,8986,828,2569,3397,84575,93148,177723
2020-12-14,11042,10117,21159,7713,7706,15419,14329,15205,29534,15007,16260,31267,11728,12699,24427,8825,9752,18577,7361,7726,15087,5411,6273,11684,3245,5801,9046,838,2582,3420,85499,94121,179620
2020-12-15,11105,10184,21289,7787,7795,15582,14487,15400,29887,15192,16454,31646,11871,12826,24697,8940,9902,18842,7473,7836,15309,5466,6327,11793,3259,5829,9088,841,2593,3434,86421,95146,181567
2020-12-16,11158,10247,21405,7909,7941,15850,14720,15694,30414,15494,16782,32276,12106,13070,25176,9118,10086,19204,7640,8004,15644,5547,6412,11959,3288,5857,9145,845,2606,3451,87825,96699,184524
2020-12-17,11244,10327,21571,8047,8083,16130,14990,16062,31052,15850,17187,33037,12376,13357,25733,9317,10300,19617,7746,8143,15889,5615,6468,12083,3301,5884,9185,847,2615,3462,89333,98426,187759
2020-12-18,11340,10403,21743,8201,8278,16479,15306,16466,31772,16217,17609,33826,12657,13662,26319,9544,10562,20106,7990,8367,16357,5728,6570,12298,3324,5944,9268,850,2625,3475,91157,100486,191643
2020-12-19,11414,10471,21885,8329,8419,16748,15537,16790,32327,16593,18011,34604,12894,13918,26812,9734,10776,20510,8154,8562,16716,5799,6659,12458,3343,5979,9322,853,2637,3490,92650,102222,194872
2020-12-20,11477,10549,22026,8473,8569,17042,15797,17096,32893,16973,18408,35381,13159,14206,27365,9963,11027,20990,8321,8726,17047,5874,6728,12602,3358,5997,9355,857,2645,3502,94252,103951,198203
2020-12-21,11572,10644,22216,8628,8733,17361,16159,17485,33644,17395,18889,36284,13494,14520,28014,10204,11291,21495,8524,8939,17463,5968,6830,12798,3380,6048,9428,862,2653,3515,96186,106032,202218
2020-12-22,11673,10743,22416,8826,8947,17773,16542,17967,34509,17891,19440,37331,13864,14899,28763,10461,11564,22025,8754,9168,17922,6070,6925,12995,3406,6084,9490,867,2659,3526,98354,108396,206750
2020-12-23,11791,10843,22634,9063,9160,18223,16968,18440,35408,18377,19949,38326,14201,15288,29489,10699,11822,22521,8933,9382,18315,6143,7012,13155,3440,6130,9570,874,2675,3549,100489,110701,211190
2020-12-24,11846,10901,22747,9168,9292,18460,17212,18683,35895,18684,20229,38913,14403,15484,29887,10812,11962,22774,9028,9501,18529,6205,7065,13270,3446,6154,9600,877,2680,3557,101681,111951,213632
2020-12-25,11881,10925,22806,9210,9332,18542,17287,18742,36029,18751,20313,39064,14458,15530,29988,10857,12013,22870,9054,9532,18586,6226,7080,13306,3451,6173,9624,882,2684,3566,102057,112324,214381
2020-12-26,11973,10996,22969,9406,9573,18979,17583,19130,36713,19190,20728,39918,14756,15872,30628,11090,12256,23346,9196,9704,18900,6304,7161,13465,3472,6207,9679,883,2697,3580,103853,114324,218177
2020-12-27,12026,11044,23070,9675,9824,19499,17924,19477,37401,19648,21209,40857,15128,16261,31389,11335,12532,23867,9371,9883,19254,6380,7254,13634,3496,6244,9740,886,2708,3594,105869,116436,222305
2020-12-28,12156,11148,23304,9981,10160,20141,18401,20060,38461,20279,21915,42194,15631,16783,32414,11645,12911,24556,9577,10148,19725,6481,7373,13854,3530,6297,9827,889,2728,3617,108570,119523,228093
2020-12-29,12251,11239,23490,10257,10477,20734,18869,20596,39465,20796,22470,43266,16069,17251,33320,11919,13213,25132,9784,10382,20166,6580,7488,14068,3561,6362,9923,896,2745,3641,110982,122223,233205
2020-12-30,12348,11324,23672,10584,10857,21441,19369,21135,40504,21388,23053,44441,16505,17766,34271,12226,13600,25826,10003,10612,20615,6682,7600,14282,3589,6414,10003,899,2757,3656,113593,125118,238711
2020-12-31,12422,11395,23817,10817,11091,21908,19713,21491,41204,21744,23488,45232,16809,18120,34929,12437,13809,26246,10103,10730,20833,6736,7668,14404,3605,6445,10050,900,2765,3665,115286,127002,242288
2021-01-01,12453,11416,23869,10863,11141,22004,19788,21590,41378,21825,23595,45420,16871,18194,35065,12491,13868,26359,10131,10759,20890,6758,7691,14449,3611,6461,10072,901,2769,3670,115692,127484,243176
2021-01-02,12533,11482,24015,11063,11376,22439,20099,21948,42047,22215,24028,46243,17160,18536,35696,12702,14123,26825,10326,10964,21290,6837,7787,14624,3628,6499,10127,907,2777,3684,117470,129520,246990
2021-01-03,12590,11550,24140,11368,11666,23034,20586,22540,43126,22838,24708,47546,17625,19064,36689,12996,14501,27497,10560,11222,21782,6931,7909,14840,3658,6540,10198,910,2787,3697,120062,132487,252549
2021-01-04,12679,11636,24315,11648,11939,23587,21220,23304,44524,23569,25472,49041,18131,19638,37769,13317,14899,28216,10801,11481,22282,7060,8039,15099,3695,6618,10313,914,2800,3714,123034,135826,258860
2021-01-05,12766,11728,24494,11968,12266,24234,21889,24097,45986,24291,26267,50558,18658,20208,38866,13669,15293,28962,11058,11828,22886,7186,8187,15373,3732,6688,10420,921,2811,3732,126138,139373,265511
2021-01-06,12860,11810,24670,12319,12607,24926,22578,24819,47397,24973,26996,51969,19214,20769,39983,14053,15729,29782,11330,12138,23468,7310,8350,15660,3765,6759,10524,925,2832,3757,129327,142809,272136
2021-01-07,12949,11886,24835,12576,12893,25469,23080,25417,48497,25509,27605,53114,19620,21188,40808,14317,16066,30383,11541,12399,23940,7402,8487,15889,3797,6815,10612,929,2844,3773,131720,145600,277320
2021-01-08,13042,11974,25016,12860,13200,26060,23598,25984,49582,25974,28191,54165,19967,21678,41645,14584,16385,30969,11709,12618,24327,7499,8615,16114,3833,6857,10690,935,2853,3788,134001,148355,282356
2021-01-09,13108,12047,25155,13107,13487,26594,24039,26523,50562,26500,28798,55298,20332,22122,42454,14843,16697,31540,11868,12851,24719,7571,8709,16280,3857,6908,10765,935,2866,3801,136160,151008,287168
2021-01-10,13186,12122,25308,13390,13816,27206,24481,27059,51540,27000,29386,56386,20705,22564,43269,15098,16997,32095,12034,13020,25054,7625,8806,16431,3873,6948,10821,939,2881,3820,138331,153599,291930
2021-01-11,13284,12192,25476,13697,14159,27856,25094,27773,52867,27646,30128,57774,21124,23072,44196,15400,17366,32766,12223,13260,25483,7719,8912,16631,3902,7008,10910,943,2903,3846,141032,156773,297805
2021-01-12,13396,12258,25654,13979,14472,28451,25577,28356,53933,28084,30723,58807,21487,23501,44988,15680,17735,33415,12428,13450,25878,7795,9017,16812,3936,7045,10981,947,2913,3860,143309,159470,302779
2021-01-13,13521,12366,25887,14284,14837,29121,26152,29007,55159,28604,31320,59924,21928,23966,45894,15975,18102,34077,12654,13719,26373,7887,9129,17016,3959,7097,11056,953,2917,3870,145917,162460,308377
2021-01-14,13617,12469,26086,14609,15221,29830,26658,29646,56304,29122,31922,61044,22310,24440,46750,16274,18471,34745,12849,13949,26798,7971,9234,17205,3982,7142,11124,957,2928,3885,148349,165422,313771
2021-01-15,13733,12559,26292,15111,15764,30875,27250,30406,57656,29899,32785,62684,22877,25135,48012,16719,18980,35699,13087,14240,27327,8069,9365,17434,4006,7196,11202,961,2937,3898,151712,169367,321079
2021-01-16,13795,12610,26405,15717,16367,32084,27786,31082,58868,30576,33625,64201,23535,25878,49413,17176,19437,36613,13350,14544,27894,8203,9489,17692,4034,7239,11273,963,2946,3909,155135,173217,328352
2021-01-17,13864,12657,26521,16196,16917,33113,28316,31806,60122,31241,34360,65601,24208,26634,50842,17598,19867,37465,13556,14759,28315,8292,9595,17887,4053,7268,11321,965,2949,3914,158289,176812,335101
2021-01-18,13963,12746,26709,16797,17525,34322,29029,32617,61646,32042,35222,67264,24952,27437,52389,18124,20439,38563,13874,15125,28999,8434,9745,18179,4093,7349,11442,971,2973,3944,162279,181178,343457
2021-01-19,14066,12835,26901,17354,18094,35448,29676,33380,63056,32808,36076,68884,25657,28230,53887,18609,20981,39590,14194,15482,29676,8567,9912,18479,4120,7411,11531,978,2986,3964,166029,185387,351416
2021-01-20,14166,12923,27089,17878,18638,36516,30275,34065,64340,33511,36821,70332,26293,28897,55190,19076,21497,40573,14527,15838,30365,8734,10080,18814,4153,7463,11616,984,3002,3986,169597,189224,358821
2021-01-21,14285,13009,27294,18238,19082,37320,30834,34663,65497,34037,37443,71480,26736,29458,56194,19399,21956,41355,14776,16089,30865,8840,10193,19033,4192,7518,11710,992,3023,4015,172329,192434,364763
2021-01-22,14371,13096,27467,18643,19488,38131,31284,35235,66519,34468,38009,72477,27179,29982,57161,19706,22316,42022,14989,16331,31320,8933,10311,19244,4216,7566,11782,998,3028,4026,174787,195362,370149
2021-01-23,14423,13142,27565,19083,19947,39030,31752,35820,67572,34954,38571,73525,27617,30440,58057,20039,22693,42732,15143,16521,31664,8983,10383,19366,4237,7603,11840,1000,3034,4034,177231,198154,375385
2021-01-24,14488,13198,27686,19594,20479,40073,32295,36404,68699,35466,39181,74647,28184,31039,59223,20424,23089,43513,15334,16733,32067,9058,10485,19543,4266,7641,11907,1002,3040,4042,180111,201289,381400
2021-01-25,14579,13302,27881,20223,21092,41315,33016,37201,70217,36154,39958,76112,28807,31732,60539,20829,23589,44418,15595,17008,32603,9181,10623,19804,4302,7706,12008,1009,3056,4065,183695,205267,388962
2021-01-26,14699,13390,28089,20741,21623,42364,33584,37834,71418,36720,40568,77288,29343,32320,61663,21220,24036,45256,15831,17313,33144,9296,10756,20052,4337,7770,12107,1013,3071,4084,186784,208681,395465
2021-01-27,14810,13487,28297,21197,22088,43285,34107,38447,72554,37263,41182,78445,29821,32891,62712,21575,24446,46021,16050,17537,33587,9386,10865,20251,4373,7827,12200,1015,3091,4106,189597,211861,401458
2021-01-28,14899,13573,28472,21586,22513,44099,34541,38961,73502,37712,41709,79421,30192,33362,63554,21864,24791,46655,16252,17782,34034,9497,10986,20483,4405,7877,12282,1020,3108,4128,191968,214662,406630
2021-01-29,14968,13671,28639,22124,23064,45188,35119,39614,74733,38352,42467,80819,30759,34044,64803,22305,25271,47576,16525,18083,34608,9602,11139,20741,4430,7942,12372,1023,3117,4140,195207,218412,413619
2021-01-30,15034,13720,28754,22865,23840,46705,35647,40268,75915,39039,43280,82319,31499,34927,66426,22823,25831,48654,16800,18431,35231,9712,11299,21011,4459,7992,12451,1025,3126,4151,198903,222714,421617
2021-01-31,15092,13778,28870,23985,25024,49009,36359,41073,77432,39879,44316,84195,32587,36205,68792,23522,26608,50130,17118,18770,35888,9830,11448,21278,4486,8044,12530,1027,3140,4167,203885,228406,432291
2021-02-01,15182,13859,29041,24916,26059,50975,36993,41901,78894,40734,45305,86039,33561,37351,70912,24227,27325,51552,17475,19200,36675,9957,11648,21605,4529,8095,12624,1029,3151,4180,208603,233894,442497
2021-02-02,15268,13943,29211,25675,26924,52599,37588,42607,80195,41521,46226,87747,34468,38423,72891,24860,28014,52874,17886,19613,37499,10154,11881,22035,4573,8165,12738,1032,3163,4195,213025,238959,451984
2021-02-03,15335,14036,29371,26309,27521,53830,38137,43269,81406,42199,47002,89201,35153,39197,74350,25342,28608,53950,18238,19978,38216,10314,12084,22398,4611,8234,12845,1037,3177,4214,216675,243106,459781
2021-02-04,15409,14110,29519,26671,27895,54566,38569,43817,82386,42680,47565,90245,35561,39783,75344,25689,29033,54722,18450,20261,38711,10426,12231,22657,4639,8280,12919,1042,3196,4238,219136,246171,465307
2021-02-05,15492,14186,29678,27004,28230,55234,38965,44312,83277,43086,48079,91165,35960,40229,76189,25974,29385,55359,18669,20524,39193,10530,12370,22900,4660,8340,13000,1043,3208,4251,221383,248863,470246
2021-02-06,15545,14234,29779,27359,28643,56002,39328,44762,84090,43521,48643,92164,36380,40729,77109,26311,29773,56084,18847,20736,39583,10613,12483,23096,4682,8383,13065,1044,3215,4259,223630,251601,475231
2021-02-07,15602,14297,29899,27765,29075,56840,39675,45214,84889,43990,49229,93219,36824,41269,78093,26630,30178,56808,19014,20922,39936,10699,12585,23284,4702,8411,13113,1050,3220,4270,225951,254400,480351
2021-02-08,15698,14378,30076,28291,29715,58006,40243,45866,86109,44680,50079,94759,37524,42107,79631,27009,30698,57707,19257,21229,40486,10819,12726,23545,4733,8484,13217,1054,3240,4294,229308,258522,487830
2021-02-09,15792,14444,30236,28749,30211,58960,40719,46470,87189,45326,50796,96122,38089,42825,80914,27405,31187,58592,19541,21542,41083,10950,12879,23829,4772,8548,13320,1060,3257,4317,232403,262159,494562
2021-02-10,15871,14504,30375,29092,30557,59649,41105,46968,88073,45846,51447,97293,38595,43431,82026,27719,31596,59315,19759,21807,41566,11075,13003,24078,4805,8599,13404,1060,3269,4329,234927,265181,500108
2021-02-11,15948,14565,30513,29370,30920,60290,41457,47459,88916,46341,52028,98369,39033,44017,83050,27975,31988,59963,19975,22050,42025,11176,13127,24303,4835,8653,13488,1064,3279,4343,237174,268086,505260
2021-02-12,16029,14633,30662,29714,31312,61026,41824,47876,89700,46858,52641,99499,39497,44626,84123,28268,32389,60657,20170,22309,42479,11280,13251,24531,4869,8709,13578,1066,3294,4360,239575,271040,510615
2021-02-13,16084,14674,30758,30170,31829,61999,42195,48321,90516,47445,53347,100792,40066,45393,85459,28620,32817,61437,20373,22539,42912,11355,13361,24716,4893,8747,13640,1072,3305,4377,242273,274333,516606
2021-02-14,16126,14711,30837,30638,32342,62980,42505,48768,91273,48029,54082,102111,40748,46186,86934,28948,33236,62184,20602,22786,43388,11455,13490,24945,4912,8773,13685,1074,3316,4390,245037,277690,522727
2021-02-15,16166,14771,30937,31237,32967,64204,42968,49367,92335,48739,54985,103724,41555,47121,88676,29413,33763,63176,20829,23059,43888,11544,13622,25166,4936,8837,13773,1076,3329,4405,248463,281821,530284
2021-02-16,16223,14813,31036,31859,33552,65411,43576,50213,93789,49613,55978,105591,42372,48128,90500,29849,34221,64070,21056,23294,44350,11634,13757,25391,4952,8875,13827,1084,3334,4418,252218,286165,538383
2021-02-17,16299,14906,31205,32272,34008,66280,44326,51109,95435,50345,56822,107167,42954,48772,91726,30243,34699,64942,21365,23631,44996,11761,13920,25681,4979,8941,13920,1091,3351,4442,255635,290159,545794
2021-02-18,16372,14970,31342,32620,34405,67025,44926,51825,96751,51012,57573,108585,43470,49402,92872,30640,35126,65766,21619,23929,45548,11898,14080,25978,5012,8993,14005,1095,3363,4458,258664,293666,552330
2021-02-19,16460,15037,31497,32930,34836,67766,45452,52447,97899,51614,58327,109941,43973,50009,93982,31004,35569,66573,21850,24219,46069,12011,14241,26252,5042,9045,14087,1099,3376,4475,261435,297106,558541
2021-02-20,16528,15092,31620,33212,35203,68415,45909,52990,98899,52094,58996,111090,44421,50569,94990,31327,35995,67322,22039,24500,46539,12097,14346,26443,5066,9085,14151,1103,3381,4484,263796,300157,563953
2021-02-21,16605,15142,31747,33492,35553,69045,46329,53576,99905,52634,59660,112294,44875,51144,96019,31611,36356,67967,22244,24748,46992,12177,14454,26631,5091,9114,14205,1108,3391,4499,266166,303138,569304
2021-02-22,16705,15254,31959,33782,35946,69728,46839,54277,101116,53227,60408,113635,45345,51750,97095,31971,36787,68758,22493,25054,47547,12296,14579,26875,5134,9154,14288,1111,3398,4509,268903,306607,575510
2021-02-23,16816,15340,32156,34038,36242,70280,47287,54822,102109,53728,61023,114751,45740,52256,97996,32289,37198,69487,22731,25333,48064,12410,14725,27135,5167,9209,14376,1118,3413,4531,271324,309561,580885
2021-02-24,16899,15449,32348,34306,36542,70848,47646,55263,102909,54169,61542,115711,46060,52684,98744,32554,37520,70074,22949,25568,48517,12513,14849,27362,5195,9251,14446,1121,3424,4545,273412,312092,585504
2021-02-25,17021,15565,32586,34515,36777,71292,48015,55668,103683,54551,61958,116509,46368,53041,99409,32782,37824,70606,23124,25795,48919,12597,14974,27571,5221,9297,14518,1125,3438,4563,275319,314337,589656
2021-02-26,17117,15664,32781,34703,37022,71725,48373,56125,104498,54985,62430,117415,46680,53452,100132,33035,38138,71173,23319,26082,49401,12690,15095,27785,5245,9338,14583,1127,3457,4584,277274,316803,594077
2021-02-27,17185,15731,32916,34926,37323,72249,48729,56605,105334,55471,62980,118451,47005,53856,100861,33342,38518,71860,23561,26368,49929,12789,15226,28015,5272,9392,14664,1129,3466,4595,279409,319465,598874
2021-02-28,17264,15804,33068,35245,37684,72929,49134,57157,106291,56086,63703,119789,47481,54449,101930,33749,39012,72761,23867,26717,50584,12933,15394,28327,5300,9442,14742,1131,3475,4606,282190,322837,605027
2021-03-01,17414,15931,33345,35465,37950,73415,49513,57592,107105,56512,64157,120669,47798,54836,102634,33979,39306,73285,24067,26964,51031,13022,15530,28552,5324,9493,14817,1136,3491,4627,284230,325250,609480
2021-03-02,17572,16076,33648,35695,38210,73905,49879,57998,107877,56883,64609,121492,48109,55177,103286,34193,39634,73827,24221,27189,51410,13115,15616,28731,5361,9547,14908,1139,3499,4638,286167,327555,613722
2021-03-03,17727,16192,33919,35862,38439,74301,50153,58397,108550,57221,65001,122222,48362,55479,103841,34414,39928,74342,24442,27447,51889,13210,15743,28953,5383,9587,14970,1140,3511,4651,287914,329724,617638
2021-03-04,17862,16321,34183,36035,38650,74685,50421,58715,109136,57528,65332,122860,48598,55777,104375,34593,40195,74788,24621,27713,52334,13311,15885,29196,5413,9624,15037,1146,3528,4674,289528,331740,621268
2021-03-05,17995,16444,34439,36217,38851,75068,50697,59084,109781,57866,65732,123598,48834,56046,104880,34817,40477,75294,24811,27925,52736,13408,16001,29409,5438,9661,15099,1146,3534,4680,291229,333755,624984
2021-03-06,18085,16526,34611,36339,39000,75339,50950,59389,110339,58173,66053,124226,49045,56299,105344,34971,40685,75656,24938,28072,53010,13471,16091,29562,5462,9690,15152,1148,3541,4689,292582,335346,627928
2021-03-07,18174,16611,34785,36479,39163,75642,51189,59705,110894,58481,66404,124885,49228,56558,105786,35157,40944,76101,25117,28277,53394,13544,16182,29726,5481,9728,15209,1152,3545,4697,294002,337117,631119
2021-03-08,18342,16757,35099,36658,39399,76057,51484,60109,111593,58841,66816,125657,49522,56877,106399,35421,41278,76699,25365,28536,53901,13647,16299,29946,5507,9780,15287,1155,3558,4713,295942,339409,635351
2021-03-09,18528,16932,35460,36844,39585,76429,51788,60453,112241,59209,67226,126435,49813,57188,107001,35669,41598,77267,25585,28865,54450,13784,16439,30223,5534,9825,15359,1159,3567,4726,297913,341678,639591
2021-03-10,18737,17119,35856,37041,39810,76851,52064,60777,112841,59579,67639,127218,50057,57480,107537,35891,41891,77782,25803,29097,54900,13882,16571,30453,5563,9875,15438,1162,3577,4739,299779,343836,643615
2021-03-11,18906,17306,36212,37190,39995,77185,52306,61106,113412,59838,67971,127809,50253,57733,107986,36042,42104,78146,25947,29308,55255,13971,16668,30639,5591,9911,15502,1165,3591,4756,301209,345693,646902
2021-03-12,19121,17507,36628,37373,40225,77598,52585,61459,114044,60164,68395,128559,50514,58051,108565,36235,42384,78619,26133,29578,55711,14071,16783,30854,5619,9962,15581,1168,3604,4772,302983,347948,650931
2021-03-13,19259,17626,36885,37507,40398,77905,52866,61789,114655,60502,68754,129256,50739,58308,109047,36412,42661,79073,26330,29810,56140,14147,16870,31017,5637,10003,15640,1172,3608,4780,304571,349827,654398
2021-03-14,19387,17789,37176,37654,40552,78206,53089,62166,115255,60863,69159,130022,50965,58597,109562,36654,42954,79608,26528,30064,56592,14230,16990,31220,5657,10039,15696,1177,3619,4796,306204,351929,658133
2021-03-15,19641,18022,37663,37864,40790,78654,53405,62607,116012,61250,69626,130876,51267,58972,110239,36934,43299,80233,26778,30347,57125,14335,17154,31489,5682,10094,15776,1181,3632,4813,308337,354543,662880
2021-03-16,19868,18254,38122,38063,41040,79103,53689,62970,116659,61621,70057,131678,51529,59256,110785,37166,43599,80765,26984,30610,57594,14435,17279,31714,5706,10150,15856,1187,3650,4837,310248,356865,667113
2021-03-17,20055,18417,38472,38243,41255,79498,53964,63319,117283,61919,70398,132317,51748,59523,111271,37366,43861,81227,27178,30845,58023,14517,17402,31919,5732,10193,15925,1190,3663,4853,311912,358876,670788
2021-03-18,20221,18574,38795,38391,41438,79829,54209,63611,117820,62206,70704,132910,51950,59763,111713,37515,44076,81591,27330,31031,58361,14603,17506,32109,5748,10232,15980,1193,3672,4865,313366,360607,673973
2021-03-19,20396,18760,39156,38599,41647,80246,54467,63952,118419,62516,71059,133575,52159,60028,112187,37693,44312,82005,27488,31233,58721,14681,17596,32277,5769,10267,16036,1199,3682,4881,314967,362536,677503
2021-03-20,20478,18848,39326,38735,41801,80536,54684,64205,118889,62788,71352,134140,52352,60249,112601,37866,44521,82387,27636,31388,59024,14758,17677,32435,5785,10296,16081,1207,3689,4896,316289,364026,680315
2021-03-21,20599,18960,39559,38862,41945,80807,54917,64471,119388,63092,71669,134761,52532,60465,112997,38039,44752,82791,27774,31580,59354,14812,17754,32566,5804,10326,16130,1209,3699,4908,317640,365621,683261
2021-03-22,20796,19160,39956,39086,42138,81224,55198,64853,120051,63431,72058,135489,52785,60756,113541,38282,45059,83341,27953,31813,59766,14912,17872,32784,5831,10384,16215,1212,3721,4933,319486,367814,687300
2021-03-23,20986,19339,40325,39279,42350,81629,55462,65187,120649,63738,72443,136181,53019,61002,114021,38482,45306,83788,28150,32064,60214,15017,18001,33018,5857,10418,16275,1213,3736,4949,321203,369846,691049
2021-03-24,21114,19467,40581,39448,42511,81959,55664,65420,121084,63996,72733,136729,53188,61228,114416,38627,45502,84129,28253,32195,60448,15078,18092,33170,5870,10456,16326,1214,3742,4956,322452,371346,693798
2021-03-25,21259,19611,40870,39626,42732,82358,55896,65755,121651,64311,73065,137376,53425,61536,114961,38808,45711,84519,28386,32378,60764,15154,18184,33338,5898,10494,16392,1217,3744,4961,323980,373210,697190
2021-03-26,21448,19786,41234,39838,42977,82815,56157,66101,122258,64641,73420,138061,53649,61847,115496,38979,45960,84939,28530,32578,61108,15244,18291,33535,5923,10530,16453,1220,3757,4977,325629,375247,700876
2021-03-27,21590,19914,41504,39961,43125,83086,56397,66365,122762,64944,73748,138692,53853,62105,115958,39149,46209,85358,28690,32752,61442,15307,18375,33682,5942,10571,16513,1225,3764,4989,327058,376928,703986
2021-03-28,21701,20015,41716,40078,43287,83365,56592,66627,123219,65217,74087,139304,54073,62343,116416,39310,46435,85745,28825,32927,61752,15358,18430,33788,5962,10600,16562,1227,3771,4998,328343,378522,706865
2021-03-29,21880,20193,42073,40325,43504,83829,56856,66965,123821,65533,74452,139985,54317,62668,116985,39516,46686,86202,28982,33138,62120,15421,18494,33915,5981,10642,16623,1228,3779,5007,330039,380521,710560
2021-03-30,22044,20357,42401,40518,43728,84246,57075,67268,124343,65821,74786,140607,54525,62940,117465,39702,46900,86602,29126,33317,62443,15473,18568,34041,6005,10675,16680,1233,3785,5018,331522,382324,713846
2021-03-31,22190,20483,42673,40681,43879,84560,57313,67577,124890,66106,75126,141232,54711,63197,117908,39835,47091,86926,29216,33439,62655,15507,18618,34125,6026,10700,16726,1234,3795,5029,332819,383905,716724
2021-04-01,22303,20627,42930,40862,44070,84932,57591,67880,125471,66407,75456,141863,54920,63459,118379,40006,47306,87312,29336,33587,62923,15562,18699,34261,6040,10721,16761,1237,3806,5043,334264,385611,719875
2021-04-02,22442,20722,43164,41029,44266,85295,57821,68150,125971,66688,75745,142433,55126,63705,118831,40161,47523,87684,29444,33701,63145,15613,18746,34359,6058,10737,16795,1239,3814,5053,335621,387109,722730
2021-04-03,22546,20827,43373,41190,44469,85659,58075,68417,126492,66978,76073,143051,55330,63983,119313,40327,47726,88053,29582,33837,63419,15655,18819,34474,6079,10777,16856,1243,3823,5066,337005,388751,725756
2021-04-04,22689,20939,43628,41479,44778,86257,58414,68839,127253,67388,76618,144006,55649,64408,120057,40515,47977,88492,29693,34003,63696,15703,18884,34587,6097,10811,16908,1244,3832,5076,338871,391089,729960
2021-04-05,22863,21123,43986,41865,45182,87047,58859,69381,128240,67880,77160,145040,56054,64907,120961,40767,48299,89066,29842,34211,64053,15775,18962,34737,6118,10859,16977,1248,3841,5089,341271,393925,735196
2021-04-06,23064,21336,44400,42180,45517,87697,59361,69866,129227,68387,77741,146128,56434,65333,121767,41031,48616,89647,30025,34484,64509,15872,19083,34955,6143,10906,17049,1251,3856,5107,343748,396738,740486
2021-04-07,23269,21539,44808,42521,45856,88377,59820,70377,130197,68846,78308,147154,56835,65778,122613,41270,48992,90262,30188,34720,64908,15952,19187,35139,6158,10953,17111,1253,3870,5123,346112,399580,745692
2021-04-08,23472,21706,45178,42782,46135,88917,60172,70867,131039,69272,78836,148108,57152,66158,123310,41492,49312,90804,30342,34919,65261,16016,19292,35308,6180,10994,17174,1255,3883,5138,348135,402102,750237
2021-04-09,23625,21852,45477,42976,46373,89349,60413,71208,131621,69548,79170,148718,57392,66437,123829,41649,49533,91182,30453,35050,65503,16068,19359,35427,6188,11023,17211,1258,3891,5149,349570,403896,753466
2021-04-10,23743,21961,45704,43171,46597,89768,60711,71546,132257,69900,79535,149435,57621,66712,124333,41805,49753,91558,30562,35191,65753,16099,19410,35509,6194,11040,17234,1261,3895,5156,351067,405640,756707
2021-04-11,23840,22071,45911,43340,46787,90127,60927,71801,132728,70173,79870,150043,57855,66998,124853,41961,49944,91905,30675,35310,65985,16132,19453,35585,6207,11066,17273,1263,3899,5162,352373,407199,759572
2021-04-12,24024,22240,46264,43595,47020,90615,61230,72165,133395,70523,80276,150799,58153,67388,125541,42175,50236,92411,30818,35483,66301,16181,19533,35714,6226,11100,17326,1266,3910,5176,354191,409351,763542
2021-04-13,24201,22365,46566,43784,47200,90984,61519,72528,134047,70879,80692,151571,58432,67739,126171,42393,50499,92892,30926,35595,66521,16238,19582,35820,6241,11118,17359,1270,3919,5189,355883,411237,767120
2021-04-14,24368,22498,46866,43956,47351,91307,61708,72750,134458,71093,80950,152043,58591,67952,126543,42526,50680,93206,31074,35729,66803,16288,19667,35955,6264,11145,17409,1275,3925,5200,357143,412647,769790
2021-04-15,24555,22670,47225,44169,47611,91780,62039,73142,135181,71471,81397,152868,58929,68388,127317,42769,51005,93774,31224,35893,67117,16334,19739,36073,6284,11178,17462,1277,3935,5212,359051,414958,774009
2021-04-16,24733,22845,47578,44378,47831,92209,62394,73573,135967,71882,81874,153756,59259,68790,128049,43015,51335,94350,31404,36111,67515,16384,19812,36196,6296,11211,17507,1284,3946,5230,361029,417328,778357
2021-04-17,24889,22972,47861,44569,48001,92570,62663,73882,136545,72257,82241,154498,59533,69129,128662,43206,51563,94769,31525,36257,67782,16435,19890,36325,6315,11261,17576,1288,3953,5241,362680,419149,781829
2021-04-18,24987,23103,48090,44704,48151,92855,62917,74167,137084,72549,82603,155152,59807,69421,129228,43393,51786,95179,31656,36408,68064,16480,19950,36430,6339,11292,17631,1290,3962,5252,364122,420843,784965
2021-04-19,25199,23266,48465,44924,48403,93327,63267,74577,137844,72979,83059,156038,60151,69804,129955,43647,52097,95744,31816,36619,68435,16542,20038,36580,6356,11344,17700,1294,3984,5278,366175,423191,789366
2021-04-20,25389,23479,48868,45120,48601,93721,63560,74957,138517,73319,83490,156809,60446,70170,130616,43879,52364,96243,32000,36846,68846,16613,20123,36736,6390,11375,17765,1298,3993,5291,368014,425398,793412
2021-04-21,25556,23629,49185,45278,48757,94035,63813,75257,139070,73585,83844,157429,60693,70483,131176,44054,52616,96670,32132,37010,69142,16671,20190,36861,6407,11421,17828,1299,4001,5300,369488,427208,796696
2021-04-22,25751,23807,49558,45505,48991,94496,64115,75614,139729,73969,84327,158296,61034,70905,131939,44293,52896,97189,32279,37217,69496,16736,20285,37021,6427,11472,17899,1301,4012,5313,371410,429526,800936
2021-04-23,25912,23974,49886,45727,49230,94957,64454,76023,140477,74373,84857,159230,61379,71336,132715,44532,53238,97770,32438,37419,69857,16808,20375,37183,6458,11509,17967,1305,4021,5326,373386,431982,805368
2021-04-24,26005,24051,50056,45808,49296,95104,64545,76154,140699,74491,84988,159479,61484,71469,132953,44600,53324,97924,32478,37480,69958,16844,20426,37270,6468,11545,18013,1310,4042,5352,374033,432775,806808
2021-04-25,26137,24182,50319,45957,49452,95409,64766,76408,141174,74770,85321,160091,61734,71759,133493,44797,53556,98353,32597,37610,70207,16902,20476,37378,6478,11576,18054,1310,4048,5358,375448,434388,809836
2021-04-26,26348,24376,50724,46166,49688,95854,65076,76755,141831,75137,85751,160888,62070,72150,134220,45067,53868,98935,32754,37786,70540,16985,20590,37575,6493,11614,18107,1314,4059,5373,377410,436637,814047
2021-04-27,26526,24532,51058,46372,49905,96277,65392,77156,142548,75489,86179,161668,62353,72505,134858,45300,54138,99438,32899,37959,70858,17048,20688,37736,6514,11662,18176,1320,4067,5387,379213,438791,818004
2021-04-28,26705,24705,51410,46581,50118,96699,65661,77504,143165,75861,86601,162462,62650,72868,135518,45511,54414,99925,33030,38127,71157,17112,20771,37883,6536,11703,18239,1327,4080,5407,380974,440891,821865
2021-04-29,26934,24901,51835,46864,50370,97234,66014,77967,143981,76313,87144,163457,63045,73367,136412,45804,54785,100589,33204,38366,71570,17223,20895,38118,6573,11761,18334,1329,4098,5427,383303,443654,826957
2021-04-30,27118,25063,52181,47079,50575,97654,66280,78377,144657,76669,87620,164289,63317,73772,137089,46037,55103,101140,33357,38560,71917,17316,20999,38315,6606,11820,18426,1332,4119,5451,385111,446008,831119
2021-05-01,27266,25186,52452,47313,50774,98087,66602,78793,145395,77084,88155,165239,63655,74283,137938,46303,55434,101737,33518,38702,72220,17389,21092,38481,6630,11879,18509,1334,4126,5460,387094,448424,835518
2021-05-02,27414,25303,52717,47516,50993,98509,66905,79203,146108,77531,88713,166244,63989,74776,138765,46568,55762,102330,33699,38933,72632,17476,21197,38673,6656,11923,18579,1338,4145,5483,389092,450948,840040
2021-05-03,27698,25551,53249,47800,51319,99119,67422,79859,147281,78170,89515,167685,64531,75426,139957,46966,56367,103333,33977,39332,73309,17622,21363,38985,6690,12003,18693,1343,4171,5514,392219,454906,847125
2021-05-04,27909,25781,53690,48089,51632,99721,67903,80431,148334,78781,90228,169009,65054,76062,141116,47345,56895,104240,34214,39649,73863,17769,21529,39298,6722,12059,18781,1345,4191,5536,395131,458457,853588
2021-05-05,28138,25995,54133,48349,51928,100277,68363,81029,149392,79316,90873,170189,65525,76616,142141,47658,57320,104978,34426,39890,74316,17883,21654,39537,6765,12130,18895,1352,4206,5558,397775,461641,859416
2021-05-06,28332,26224,54556,48689,52283,100972,68819,81682,150501,79874,91617,171491,66020,77215,143235,48038,57802,105840,34646,40152,74798,18001,21783,39784,6799,12192,18991,1357,4225,5582,400575,465175,865750
2021-05-07,28573,26422,54995,49025,52656,101681,69322,82429,151751,80459,92452,172911,66569,77948,144517,48370,58343,106713,34873,40442,75315,18103,21922,40025,6825,12243,19068,1360,4238,5598,403479,469095,872574
2021-05-08,28711,26552,55263,49192,52831,102023,69626,82823,152449,80839,92911,173750,66831,78265,145096,48578,58616,107194,34987,40573,75560,18157,21988,40145,6847,12285,19132,1361,4253,5614,405129,471097,876226
2021-05-09,28882,26704,55586,49370,53038,102408,69880,83156,153036,81223,93355,174578,67130,78658,145788,48777,58895,107672,35126,40726,75852,18230,22083,40313,6876,12321,19197,1366,4259,5625,406860,473195,880055
2021-05-10,29116,26925,56041,49631,53338,102969,70400,83752,154152,81823,94063,175886,67632,79293,146925,49129,59346,108475,35361,41010,76371,18341,22232,40573,6917,12377,19294,1367,4267,5634,409717,476603,886320
2021-05-11,29328,27108,56436,49871,53605,103476,70770,84226,154996,82308,94627,176935,68055,79760,147815,49409,59703,109112,35573,41264,76837,18445,22359,40804,6948,12417,19365,1370,4278,5648,412077,479347,891424
2021-05-12,29541,27302,56843,50093,53850,103943,71138,84704,155842,82767,95168,177935,68461,80263,148724,49712,60081,109793,35756,41484,77240,18535,22454,40989,6977,12463,19440,1373,4291,5664,414353,482060,896413
2021-05-13,29759,27479,57238,50292,54105,104397,71518,85270,156788,83236,95790,179026,68865,80775,149640,49972,60453,110425,35929,41682,77611,18619,22569,41188,7008,12524,19532,1375,4300,5675,416573,484947,901520
2021-05-14,30003,27730,57733,50575,54478,105053,72070,85982,158052,83900,96634,180534,69383,81514,150897,50353,60944,111297,36152,41954,78106,18733,22701,41434,7056,12574,19630,1379,4310,5689,419604,488821,908425
2021-05-15,30172,27884,58056,50796,54727,105523,72412,86469,158881,84355,97242,181597,69794,82026,151820,50640,61277,111917,36315,42156,78471,18805,22782,41587,7082,12621,19703,1382,4327,5709,421753,491511,913264
2021-05-16,30322,28039,58361,50967,54977,105944,72695,86863,159558,84734,97779,182513,70139,82500,152639,50917,61620,112537,36470,42325,78795,18869,22864,41733,7101,12662,19763,1383,4343,5726,423597,493972,917569
2021-05-17,30651,28345,58996,51322,55370,106692,73304,87601,160905,85557,98729,184286,70789,83338,154127,51403,62247,113650,36771,42676,79447,19024,23053,42077,7155,12750,19905,1387,4358,5745,427363,498467,925830
2021-05-18,30942,28645,59587,51665,55789,107454,73940,88358,162298,86325,99644,185969,71505,84178,155683,51867,62793,114660,37030,42972,80002,19172,23201,42373,7205,12804,20009,1393,4372,5765,431044,502756,933800
2021-05-19,31260,28912,60172,52043,56195,108238,74611,89218,163829,87185,100636,187821,72190,84992,157182,52303,63440,115743,37340,43289,80629,19298,23355,42653,7247,12862,20109,1399,4390,5789,434876,507289,942165
2021-05-20,31588,29238,60826,52477,56669,109146,75393,90228,165621,88110,101675,189785,72909,85947,158856,52792,64092,116884,37655,43620,81275,19424,23524,42948,7288,12926,20214,1401,4413,5814,439037,512332,951369
2021-05-21,31817,29448,61265,52825,57067,109892,76035,91076,167111,88824,102639,191463,73541,86741,160282,53203,64662,117865,37902,43936,81838,19553,23661,43214,7334,13022,20356,1404,4442,5846,442438,516694,959132
2021-05-22,31952,29575,61527,52992,57296,110288,76384,91546,167930,89258,103151,192409,73879,87168,161047,53472,64965,118437,38043,44074,82117,19611,23735,43346,7355,13085,20440,1407,4458,5865,444353,519053,963406
2021-05-23,32096,29695,61791,53151,57481,110632,76655,91875,168530,89601,103557,193158,74193,87496,161689,53672,65236,118908,38166,44238,82404,19664,23798,43462,7370,13135,20505,1416,4476,5892,445984,520987,966971
2021-05-24,32257,29839,62096,53423,57787,111210,77117,92393,169510,90106,104204,194310,74645,88119,162764,54073,65765,119838,38381,44532,82913,19790,23943,43733,7399,13193,20592,1420,4487,5907,448611,524262,972873
2021-05-25,32416,29969,62385,53663,58067,111730,77578,92912,170490,90594,104818,195412,75092,88673,163765,54422,66179,120601,38591,44791,83382,19892,24072,43964,7424,13243,20667,1428,4504,5932,451100,527228,978328
2021-05-26,32623,30152,62775,53959,58406,112365,78170,93582,171752,91250,105578,196828,75644,89355,164999,54904,66774,121678,38849,45094,83943,20019,24228,44247,7467,13326,20793,1435,4519,5954,454320,531014,985334
2021-05-27,32777,30333,63110,54153,58659,112812,78615,94148,172763,91756,106183,197939,76089,89873,165962,55258,67258,122516,39035,45337,84372,20136,24348,44484,7502,13379,20881,1436,4540,5976,456757,534058,990815
2021-05-28,32987,30543,63530,54461,59032,113493,79198,94894,174092,92412,107001,199413,76705,90682,167387,55778,67910,123688,39316,45689,85005,20259,24500,44759,7538,13438,20976,1440,4555,5995,460094,538244,998338
2021-05-29,33128,30672,63800,54638,59266,113904,79539,95349,174888,92891,107544,200435,77096,91190,168286,56036,68248,124284,39469,45871,85340,20324,24600,44924,7562,13494,21056,1446,4573,6019,462129,540807,1002936
2021-05-30,33233,30771,64004,54815,59457,114272,79868,95762,175630,93273,108009,201282,77428,91607,169035,56258,68566,124824,39595,46012,85607,20381,24683,45064,7582,13523,21105,1449,4582,6031,463882,542972,1006854
2021-05-31,33413,30955,64368,55123,59754,114877,80386,96394,176780,93907,108721,202628,77952,92314,170266,56580,68999,125579,39825,46294,86119,20520,24848,45368,7633,13591,21224,1452,4599,6051,466791,546469,1013260
2021-06-01,33619,31143,64762,55380,60065,115445,80835,96983,177818,94531,109412,203943,78430,92909,171339,56921,69485,126406,40088,46600,86688,20650,24990,45640,7686,13647,21333,1458,4611,6069,469598,549845,1019443
2021-06-02,33861,31334,65195,55656,60400,116056,81311,97609,178920,95100,110165,205265,78956,93534,172490,57241,69909,127150,40311,46910,87221,20786,25157,45943,7730,13720,21450,1466,4634,6100,472418,553372,1025790
2021-06-03,34083,31569,65652,55970,60735,116705,81859,98314,180173,95749,110992,206741,79489,94231,173720,57626,70425,128051,40556,47231,87787,20913,25322,46235,7780,13782,21562,1474,4663,6137,475499,557264,1032763
2021-06-04,34348,31807,66155,56293,61066,117359,82432,99035,181467,96389,111828,208217,80052,94931,174983,58004,70985,128989,40825,47562,88387,21050,25493,46543,7815,13854,21669,1476,4680,6156,478684,561241,1039925
2021-06-05,34520,31961,66481,56491,61273,117764,82753,99452,182205,96763,112308,209071,80402,95339,175741,58235,71280,129515,40943,47729,88672,21128,25596,46724,7841,13892,21733,1482,4698,6180,480558,563528,1044086
2021-06-06,34699,32148,66847,56670,61460,118130,83038,99804,182842,97107,112726,209833,80719,95755,176474,58461,71582,130043,41061,47890,88951,21189,25685,46874,7866,13927,21793,1483,4719,6202,482293,565696,1047989
2021-06-07,34936,32406,67342,56947,61760,118707,83544,100414,183958,97679,113416,211095,81216,96465,177681,58864,72143,131007,41316,48225,89541,21368,25906,47274,7907,14053,21960,1492,4752,6244,485269,569540,1054809
2021-06-08,35229,32677,67906,57188,62052,119240,83986,101036,185022,98282,114084,212366,81666,97061,178727,59235,72628,131863,41529,48488,90017,21492,26102,47594,7940,14126,22066,1499,4776,6275,488046,573030,1061076
2021-06-09,35496,32934,68430,57497,62341,119838,84487,101626,186113,98885,114818,213703,82150,97697,179847,59615,73111,132726,41752,48776,90528,21631,26250,47881,7989,14198,22187,1503,4795,6298,491005,576546,1067551
2021-06-10,35739,33187,68926,57786,62673,120459,84994,102329,187323,99503,115623,215126,82627,98376,181003,59951,73610,133561,41975,49071,91046,21766,26431,48197,8023,14259,22282,1508,4813,6321,493872,580372,1074244
2021-06-11,35978,33420,69398,58044,62986,121030,85525,103017,188542,100078,116479,216557,83159,99185,182344,60301,74097,134398,42210,49377,91587,21899,26613,48512,8070,14348,22418,1515,4836,6351,496779,584358,1081137
2021-06-12,36162,33589,69751,58267,63232,121499,85860,103456,189316,100516,116993,217509,83528,99674,183202,60555,74444,134999,42365,49581,91946,21988,26720,48708,8094,14393,22487,1518,4844,6362,498853,586926,1085779
2021-06-13,36321,33752,70073,58438,63409,121847,86091,103791,189882,100828,117419,218247,83843,100072,183915,60752,74711,135463,42496,49747,92243,22045,26799,48844,8113,14430,22543,1524,4860,6384,500451,588990,1089441
2021-06-14,36502,33900,70402,58678,63665,122343,86485,104327,190812,101343,118042,219385,84270,100650,184920,61075,75125,136200,42695,50051,92746,22150,26920,49070,8143,14488,22631,1537,4877,6414,502878,592045,1094923
2021-06-15,36572,33977,70549,58830,63824,122654,86763,104702,191465,101703,118505,220208,84563,101069,185632,61256,75420,136676,42811,50181,92992,22199,26978,49177,8158,14512,22670,1539,4885,6424,504394,594053,1098447
2021-06-16,36598,34001,70599,58874,63872,122746,86881,104841,191722,101830,118681,220511,84664,101223,185887,61338,75516,136854,42849,50235,93084,22220,26995,49215,8158,14519,22677,1539,4886,6425,504951,594769,1099720
2021-06-17,36598,34001,70599,58874,63872,122746,86881,104841,191722,101830,118681,220511,84664,101223,185887,61338,75516,136854,42849,50235,93084,22220,26995,49215,8158,14519,22677,1539,4886,6425,504951,594769,1099720
2021-06-18,36598,34001,70599,58874,63872,122746,86881,104841,191722,101830,118681,220511,84664,101223,185887,61338,75516,136854,42849,50235,93084,22220,26995,49215,8158,14519,22677,1539,4886,6425,504951,594769,1099720
