FECHA,<=10M,<=10F,<=10,11-20M,11-20F,11-20,21-30M,21-30F,21-30,31-40M,31-40F,31-40,41-50M,41-50F,41-50,51-60M,51-60F,51-60,61-70M,61-70F,61-70,71-80M,71-80F,71-80,81-90M,81-90F,81-90,>=91M,>=91F,>=91,TotalM,TotalF,Total
2020-03-15,1,0,1,0,0,0,0,2,2,2,1,3,1,0,1,1,0,1,1,0,1,1,1,2,0,0,0,0,0,0,7,4,11
2020-03-16,2,2,4,1,1,2,1,3,4,3,2,5,1,0,1,3,0,3,3,1,4,1,1,2,0,0,0,0,0,0,15,10,25
2020-03-17,3,6,9,1,2,3,2,4,6,4,2,6,1,2,3,4,1,5,4,2,6,3,3,6,1,0,1,0,0,0,23,22,45
2020-03-18,5,7,12,1,2,3,2,4,6,6,3,9,1,4,5,5,2,7,4,4,8,4,3,7,2,0,2,0,0,0,30,29,59
2020-03-19,6,7,13,1,2,3,5,5,10,8,6,14,2,5,7,5,2,7,5,5,10,5,4,9,2,0,2,1,0,1,40,36,76
2020-03-20,7,8,15,2,2,4,5,5,10,9,8,17,2,5,7,5,3,8,5,6,11,7,6,13,3,0,3,1,0,1,46,43,89
2020-03-21,7,8,15,4,2,6,5,7,12,11,9,20,3,6,9,5,3,8,7,8,15,8,7,15,3,0,3,2,0,2,55,50,105
2020-03-22,8,8,16,4,2,6,8,8,16,11,9,20,3,6,9,7,4,11,7,9,16,10,7,17,6,2,8,2,0,2,66,55,121
2020-03-23,9,8,17,5,4,9,9,9,18,12,10,22,3,7,10,9,4,13,9,9,18,14,10,24,9,5,14,2,2,4,81,68,149
2020-03-24,10,8,18,5,4,9,10,10,20,13,11,24,3,8,11,11,5,16,9,10,19,16,10,26,10,6,16,3,2,5,90,74,164
2020-03-25,11,10,21,5,4,9,11,13,24,14,15,29,4,8,12,12,7,19,11,11,22,18,12,30,12,10,22,5,3,8,103,93,196
2020-03-26,15,13,28,7,4,11,12,15,27,18,17,35,5,12,17,15,8,23,12,15,27,21,13,34,16,10,26,8,4,12,129,111,240
2020-03-27,17,15,32,7,5,12,12,17,29,21,17,38,6,15,21,16,11,27,13,20,33,25,19,44,19,12,31,10,10,20,146,141,287
2020-03-28,19,15,34,7,5,12,13,18,31,22,18,40,7,16,23,19,12,31,16,20,36,29,25,54,21,13,34,11,10,21,164,152,316
2020-03-29,20,15,35,8,6,14,14,20,34,24,18,42,9,18,27,19,12,31,22,23,45,33,26,59,25,15,40,13,11,24,187,164,351
2020-03-30,23,16,39,8,6,14,15,25,40,25,20,45,13,20,33,20,13,33,27,23,50,36,31,67,30,16,46,16,13,29,213,183,396
2020-03-31,30,18,48,9,6,15,18,26,44,28,22,50,17,21,38,21,14,35,31,24,55,41,34,75,32,19,51,20,13,33,247,197,444
2020-04-01,36,26,62,9,8,17,22,29,51,31,24,55,27,25,52,24,16,40,35,27,62,47,36,83,37,25,62,20,14,34,288,230,518
2020-04-02,40,32,72,14,12,26,23,33,56,34,28,62,30,28,58,25,22,47,41,31,72,53,42,95,42,31,73,22,18,40,324,277,601
2020-04-03,54,39,93,17,15,32,27,38,65,39,34,73,34,35,69,27,26,53,48,34,82,57,45,102,47,38,85,23,23,46,373,327,700
2020-04-04,61,45,106,18,16,34,29,44,73,41,44,85,38,37,75,32,26,58,52,36,88,59,49,108,51,40,91,24,26,50,405,363,768
2020-04-05,65,51,116,21,17,38,35,44,79,45,45,90,46,38,84,36,28,64,53,46,99,64,57,121,55,44,99,26,29,55,446,399,845
2020-04-06,75,58,133,24,18,42,40,47,87,55,46,101,55,42,97,43,30,73,57,53,110,74,60,134,62,49,111,27,31,58,512,434,946
2020-04-07,82,66,148,25,20,45,45,50,95,59,52,111,60,46,106,49,32,81,60,56,116,80,68,148,68,60,128,29,32,61,557,482,1039
2020-04-08,88,71,159,27,21,48,47,54,101,64,54,118,67,49,116,53,35,88,66,60,126,89,72,161,70,63,133,32,38,70,603,517,1120
2020-04-09,89,73,162,29,23,52,49,61,110,75,62,137,70,54,124,60,40,100,70,62,132,96,81,177,73,72,145,36,43,79,647,571,1218
2020-04-10,102,75,177,31,26,57,51,66,117,78,63,141,78,55,133,62,43,105,75,63,138,97,91,188,77,79,156,38,48,86,689,609,1298
2020-04-11,107,79,186,33,28,61,59,70,129,82,66,148,82,56,138,63,46,109,78,69,147,103,93,196,81,86,167,39,53,92,727,646,1373
2020-04-12,114,84,198,35,28,63,59,72,131,87,68,155,85,61,146,70,47,117,80,72,152,106,101,207,84,90,174,40,55,95,760,678,1438
2020-04-13,119,91,210,39,31,70,67,78,145,91,75,166,89,64,153,74,51,125,86,76,162,111,108,219,91,98,189,45,61,106,812,733,1545
2020-04-14,131,95,226,41,32,73,74,84,158,98,77,175,93,69,162,83,56,139,90,83,173,119,113,232,98,102,200,49,65,114,876,776,1652
2020-04-15,138,98,236,46,37,83,75,90,165,104,83,187,98,80,178,87,64,151,96,85,181,128,115,243,107,110,217,54,68,122,933,830,1763
2020-04-16,145,100,245,50,41,91,82,93,175,113,94,207,108,89,197,94,71,165,100,95,195,134,119,253,112,115,227,54,72,126,992,889,1881
2020-04-17,152,105,257,51,44,95,83,100,183,119,106,225,117,95,212,101,78,179,107,99,206,146,125,271,117,123,240,55,75,130,1048,950,1998
2020-04-18,158,112,270,54,45,99,92,102,194,132,112,244,124,99,223,107,81,188,109,101,210,150,135,285,122,131,253,58,79,137,1106,997,2103
2020-04-19,163,118,281,57,46,103,96,104,200,136,115,251,127,103,230,112,88,200,113,108,221,156,143,299,125,138,263,60,80,140,1145,1043,2188
2020-04-20,173,123,296,65,54,119,106,108,214,149,120,269,133,110,243,120,91,211,123,116,239,171,154,325,134,146,280,65,95,160,1239,1117,2356
2020-04-21,182,131,313,69,57,126,118,111,229,156,129,285,135,114,249,124,98,222,128,122,250,182,166,348,142,156,298,67,105,172,1303,1189,2492
2020-04-22,190,136,326,73,62,135,124,118,242,165,132,297,147,120,267,127,104,231,136,125,261,190,180,370,150,167,317,74,112,186,1376,1256,2632
2020-04-23,201,145,346,77,67,144,129,127,256,174,140,314,155,124,279,130,113,243,143,129,272,199,188,387,160,176,336,81,122,203,1449,1331,2780
2020-04-24,210,154,364,82,71,153,136,134,270,186,150,336,160,130,290,137,119,256,151,138,289,209,198,407,170,192,362,84,125,209,1525,1411,2936
2020-04-25,218,156,374,86,72,158,138,139,277,193,158,351,164,133,297,142,123,265,157,143,300,216,201,417,179,207,386,89,130,219,1582,1462,3044
2020-04-26,223,170,393,90,78,168,140,143,283,196,160,356,172,138,310,144,126,270,163,149,312,221,208,429,186,214,400,90,133,223,1625,1519,3144
2020-04-27,234,179,413,94,82,176,145,148,293,199,169,368,176,146,322,152,133,285,171,156,327,239,214,453,198,227,425,93,139,232,1701,1593,3294
2020-04-28,246,186,432,98,87,185,156,157,313,208,178,386,182,154,336,158,140,298,176,163,339,242,226,468,204,241,445,95,143,238,1765,1675,3440
2020-04-29,257,194,451,103,90,193,167,163,330,224,188,412,192,160,352,166,146,312,179,171,350,251,231,482,207,256,463,100,153,253,1846,1752,3598
2020-04-30,270,202,472,112,92,204,175,166,341,229,192,421,203,167,370,173,156,329,189,181,370,257,240,497,216,272,488,108,161,269,1932,1829,3761
2020-05-01,271,212,483,118,97,215,176,171,347,238,201,439,212,175,387,179,159,338,200,186,386,264,248,512,224,283,507,108,164,272,1990,1896,3886
2020-05-02,276,225,501,123,103,226,182,173,355,248,206,454,217,180,397,187,160,347,203,188,391,271,250,521,230,294,524,109,167,276,2046,1946,3992
2020-05-03,281,229,510,125,105,230,188,178,366,256,211,467,221,185,406,194,162,356,210,195,405,275,258,533,238,302,540,112,172,284,2100,1997,4097
2020-05-04,295,245,540,130,107,237,194,186,380,264,217,481,225,190,415,202,166,368,217,207,424,290,270,560,245,320,565,115,176,291,2177,2084,4261
2020-05-05,301,251,552,137,108,245,202,194,396,275,227,502,230,200,430,211,171,382,227,212,439,304,275,579,251,334,585,116,185,301,2254,2157,4411
2020-05-06,311,259,570,140,108,248,211,200,411,287,237,524,245,207,452,215,176,391,236,217,453,321,287,608,257,345,602,121,191,312,2344,2227,4571
2020-05-07,325,266,591,145,113,258,223,204,427,299,245,544,258,215,473,220,182,402,243,222,465,336,292,628,263,357,620,122,199,321,2434,2295,4729
2020-05-08,336,277,613,150,116,266,234,211,445,308,257,565,274,225,499,233,187,420,248,231,479,349,300,649,274,369,643,124,212,336,2530,2385,4915
2020-05-09,351,286,637,153,116,269,238,221,459,313,263,576,281,232,513,237,190,427,254,238,492,361,302,663,279,379,658,129,220,349,2596,2447,5043
2020-05-10,358,293,651,154,117,271,245,228,473,318,270,588,283,235,518,241,195,436,260,242,502,370,312,682,284,389,673,130,227,357,2643,2508,5151
2020-05-11,369,305,674,160,121,281,251,233,484,329,279,608,291,247,538,249,200,449,271,247,518,381,322,703,295,405,700,134,240,374,2730,2599,5329
2020-05-12,380,313,693,166,129,295,270,248,518,350,284,634,298,257,555,255,204,459,280,253,533,386,333,719,304,418,722,140,252,392,2829,2691,5520
2020-05-13,400,322,722,175,138,313,287,255,542,361,300,661,312,262,574,262,213,475,286,260,546,395,339,734,311,432,743,142,261,403,2931,2782,5713
2020-05-14,418,341,759,184,144,328,298,272,570,379,313,692,322,270,592,267,222,489,294,271,565,403,348,751,321,443,764,144,276,420,3030,2900,5930
2020-05-15,433,355,788,192,149,341,304,281,585,389,323,712,332,285,617,276,227,503,304,280,584,409,354,763,331,463,794,149,286,435,3119,3003,6122
2020-05-16,439,369,808,199,153,352,308,289,597,397,336,733,338,291,629,282,235,517,308,285,593,419,358,777,337,467,804,154,299,453,3181,3082,6263
2020-05-17,450,381,831,202,158,360,317,294,611,403,343,746,346,300,646,285,237,522,314,292,606,425,362,787,347,476,823,158,306,464,3247,3149,6396
2020-05-18,466,397,863,209,167,376,337,312,649,422,356,778,356,313,669,297,245,542,324,304,628,442,375,817,363,489,852,160,317,477,3376,3275,6651
2020-05-19,482,411,893,220,177,397,362,332,694,451,374,825,378,322,700,309,258,567,337,314,651,451,392,843,374,508,882,163,326,489,3527,3414,6941
2020-05-20,504,441,945,227,187,414,383,349,732,484,389,873,394,335,729,317,269,586,352,325,677,462,402,864,386,524,910,169,332,501,3678,3553,7231
2020-05-21,526,468,994,243,192,435,409,368,777,510,406,916,405,351,756,334,278,612,361,332,693,477,411,888,393,540,933,170,336,506,3828,3682,7510
2020-05-22,544,483,1027,254,203,457,433,390,823,528,429,957,420,362,782,345,283,628,366,341,707,485,419,904,400,552,952,176,350,526,3951,3812,7763
2020-05-23,554,496,1050,265,216,481,456,402,858,551,445,996,428,370,798,352,290,642,377,352,729,494,430,924,408,557,965,179,352,531,4064,3910,7974
2020-05-24,566,507,1073,273,224,497,466,410,876,564,454,1018,437,372,809,358,294,652,387,356,743,504,437,941,413,567,980,181,358,539,4149,3979,8128
2020-05-25,588,526,1114,289,236,525,483,431,914,576,466,1042,449,382,831,363,301,664,391,361,752,517,439,956,421,582,1003,183,366,549,4260,4090,8350
2020-05-26,612,549,1161,307,252,559,514,460,974,615,483,1098,467,402,869,371,314,685,399,366,765,530,443,973,431,598,1029,186,376,562,4432,4243,8675
2020-05-27,640,573,1213,324,264,588,530,479,1009,635,496,1131,481,412,893,388,325,713,407,373,780,534,454,988,436,614,1050,190,378,568,4565,4368,8933
2020-05-28,663,604,1267,338,271,609,554,504,1058,654,514,1168,498,426,924,399,339,738,416,385,801,546,459,1005,448,629,1077,196,393,589,4712,4524,9236
2020-05-29,691,627,1318,359,288,647,589,529,1118,679,544,1223,522,441,963,412,354,766,428,393,821,561,468,1029,462,645,1107,198,397,595,4901,4686,9587
2020-05-30,713,645,1358,371,296,667,618,552,1170,712,553,1265,532,452,984,423,365,788,434,398,832,571,478,1049,470,656,1126,199,404,603,5043,4799,9842
2020-05-31,731,657,1388,380,304,684,633,561,1194,723,563,1286,543,456,999,427,372,799,440,402,842,581,483,1064,475,664,1139,200,412,612,5133,4874,10007
2020-06-01,756,675,1431,393,318,711,656,591,1247,747,589,1336,555,473,1028,440,382,822,458,412,870,593,491,1084,481,674,1155,205,416,621,5284,5021,10305
2020-06-02,788,695,1483,411,335,746,682,613,1295,764,613,1377,574,488,1062,448,393,841,471,420,891,613,502,1115,486,687,1173,210,428,638,5447,5174,10621
2020-06-03,811,709,1520,425,358,783,704,637,1341,786,639,1425,585,507,1092,455,402,857,483,431,914,628,513,1141,498,703,1201,212,438,650,5587,5337,10924
2020-06-04,834,729,1563,440,374,814,730,660,1390,802,656,1458,598,518,1116,475,414,889,492,436,928,647,524,1171,508,717,1225,215,448,663,5741,5476,11217
2020-06-05,866,760,1626,451,388,839,763,679,1442,827,689,1516,624,537,1161,492,433,925,504,449,953,660,535,1195,519,737,1256,218,457,675,5924,5664,11588
2020-06-06,885,779,1664,462,397,859,780,693,1473,852,713,1565,635,547,1182,506,440,946,513,458,971,671,544,1215,528,753,1281,221,466,687,6053,5790,11843
2020-06-07,895,796,1691,474,407,881,797,702,1499,866,725,1591,648,554,1202,516,446,962,520,462,982,679,550,1229,538,765,1303,224,474,698,6157,5881,12038
2020-06-08,915,820,1735,489,423,912,824,725,1549,897,749,1646,679,569,1248,535,462,997,533,470,1003,695,564,1259,548,782,1330,228,481,709,6343,6045,12388
2020-06-09,954,842,1796,505,445,950,842,750,1592,921,777,1698,708,587,1295,547,469,1016,546,475,1021,703,578,1281,560,808,1368,231,492,723,6517,6223,12740
2020-06-10,970,862,1832,515,460,975,877,767,1644,945,809,1754,731,605,1336,566,485,1051,560,487,1047,722,600,1322,566,826,1392,237,508,745,6689,6409,13098
2020-06-11,996,891,1887,526,474,1000,899,792,1691,974,836,1810,742,621,1363,580,503,1083,571,503,1074,738,615,1353,572,849,1421,240,523,763,6838,6607,13445
2020-06-12,1025,926,1951,534,492,1026,940,818,1758,1015,875,1890,768,648,1416,596,518,1114,590,517,1107,753,628,1381,578,870,1448,244,532,776,7043,6824,13867
2020-06-13,1049,950,1999,550,507,1057,969,847,1816,1043,894,1937,777,663,1440,611,529,1140,599,521,1120,767,637,1404,584,885,1469,246,539,785,7195,6972,14167
2020-06-14,1066,973,2039,566,518,1084,987,863,1850,1061,903,1964,790,674,1464,620,542,1162,608,525,1133,770,648,1418,597,905,1502,247,547,794,7312,7098,14410
2020-06-15,1087,998,2085,587,532,1119,1012,887,1899,1079,921,2000,807,685,1492,633,551,1184,619,529,1148,780,655,1435,604,920,1524,248,557,805,7456,7235,14691
2020-06-16,1129,1044,2173,603,549,1152,1064,920,1984,1123,947,2070,835,707,1542,653,565,1218,634,539,1173,793,662,1455,616,942,1558,251,571,822,7701,7446,15147
2020-06-17,1157,1072,2229,620,567,1187,1106,951,2057,1155,983,2138,868,726,1594,675,579,1254,648,550,1198,801,681,1482,632,955,1587,253,581,834,7915,7645,15560
2020-06-18,1194,1105,2299,632,578,1210,1151,982,2133,1203,1025,2228,902,742,1644,701,596,1297,668,567,1235,812,697,1509,648,975,1623,255,593,848,8166,7860,16026
2020-06-19,1238,1128,2366,645,600,1245,1180,1009,2189,1257,1050,2307,938,772,1710,731,613,1344,690,579,1269,833,710,1543,664,994,1658,262,606,868,8438,8061,16499
2020-06-20,1265,1152,2417,656,616,1272,1214,1032,2246,1289,1072,2361,959,795,1754,746,630,1376,705,592,1297,844,717,1561,671,1009,1680,266,612,878,8615,8227,16842
2020-06-21,1288,1166,2454,669,627,1296,1237,1056,2293,1309,1093,2402,974,804,1778,759,636,1395,712,602,1314,851,723,1574,677,1019,1696,267,619,886,8743,8345,17088
2020-06-22,1322,1198,2520,690,648,1338,1267,1090,2357,1347,1114,2461,1002,827,1829,778,663,1441,728,618,1346,870,736,1606,684,1038,1722,269,631,900,8957,8563,17520
2020-06-23,1361,1230,2591,710,671,1381,1309,1121,2430,1400,1151,2551,1032,854,1886,793,691,1484,743,636,1379,880,745,1625,696,1053,1749,272,638,910,9196,8790,17986
2020-06-24,1391,1260,2651,735,687,1422,1348,1163,2511,1435,1188,2623,1061,878,1939,812,711,1523,753,652,1405,890,756,1646,709,1066,1775,274,643,917,9408,9004,18412
2020-06-25,1426,1301,2727,761,718,1479,1380,1194,2574,1471,1215,2686,1100,908,2008,846,736,1582,762,663,1425,898,768,1666,717,1078,1795,279,649,928,9640,9230,18870
2020-06-26,1460,1324,2784,787,739,1526,1428,1225,2653,1509,1250,2759,1131,935,2066,862,754,1616,779,677,1456,910,782,1692,727,1097,1824,281,658,939,9874,9441,19315
2020-06-27,1501,1364,2865,813,770,1583,1462,1260,2722,1539,1278,2817,1156,952,2108,878,763,1641,795,682,1477,913,795,1708,732,1104,1836,285,664,949,10074,9632,19706
2020-06-28,1536,1382,2918,825,783,1608,1475,1287,2762,1567,1301,2868,1173,968,2141,893,776,1669,804,688,1492,921,802,1723,740,1114,1854,291,671,962,10225,9772,19997
2020-06-29,1570,1421,2991,851,810,1661,1509,1318,2827,1608,1327,2935,1195,988,2183,907,803,1710,825,698,1523,933,817,1750,751,1126,1877,296,680,976,10445,9988,20433
2020-06-30,1592,1452,3044,861,830,1691,1553,1350,2903,1639,1364,3003,1223,1014,2237,930,821,1751,844,706,1550,950,826,1776,760,1143,1903,298,691,989,10650,10197,20847
2020-07-01,1621,1478,3099,873,853,1726,1605,1384,2989,1674,1395,3069,1245,1041,2286,953,848,1801,860,715,1575,961,836,1797,768,1162,1930,300,697,997,10860,10409,21269
2020-07-02,1662,1516,3178,892,876,1768,1642,1426,3068,1718,1433,3151,1278,1065,2343,970,868,1838,877,723,1600,969,848,1817,780,1174,1954,304,702,1006,11092,10631,21723
2020-07-03,1703,1544,3247,920,891,1811,1678,1454,3132,1761,1477,3238,1302,1093,2395,990,888,1878,894,736,1630,978,863,1841,788,1191,1979,309,706,1015,11323,10843,22166
2020-07-04,1728,1576,3304,936,907,1843,1707,1489,3196,1791,1498,3289,1328,1110,2438,1006,900,1906,905,744,1649,986,875,1861,793,1200,1993,312,712,1024,11492,11011,22503
2020-07-05,1747,1601,3348,954,918,1872,1732,1517,3249,1817,1524,3341,1338,1131,2469,1023,916,1939,922,758,1680,1001,887,1888,801,1213,2014,315,721,1036,11650,11186,22836
2020-07-06,1766,1627,3393,972,933,1905,1769,1553,3322,1862,1547,3409,1371,1153,2524,1049,937,1986,943,779,1722,1018,913,1931,811,1234,2045,318,730,1048,11879,11406,23285
2020-07-07,1800,1676,3476,988,955,1943,1820,1592,3412,1905,1580,3485,1396,1185,2581,1077,955,2032,960,795,1755,1029,926,1955,821,1254,2075,325,741,1066,12121,11659,23780
2020-07-08,1834,1697,3531,1014,978,1992,1870,1628,3498,1938,1614,3552,1433,1221,2654,1097,981,2078,976,811,1787,1044,947,1991,833,1269,2102,329,755,1084,12368,11901,24269
2020-07-09,1859,1715,3574,1028,989,2017,1896,1655,3551,1971,1638,3609,1459,1245,2704,1109,993,2102,983,827,1810,1053,969,2022,837,1283,2120,335,763,1098,12530,12077,24607
2020-07-10,1880,1732,3612,1048,1007,2055,1922,1680,3602,2001,1662,3663,1478,1266,2744,1123,1006,2129,999,842,1841,1070,981,2051,849,1297,2146,337,773,1110,12707,12246,24953
2020-07-11,1902,1760,3662,1065,1018,2083,1942,1702,3644,2022,1689,3711,1497,1290,2787,1139,1024,2163,1017,852,1869,1083,998,2081,853,1314,2167,339,783,1122,12859,12430,25289
2020-07-12,1921,1776,3697,1081,1025,2106,1960,1719,3679,2043,1700,3743,1511,1299,2810,1147,1034,2181,1027,862,1889,1093,1003,2096,859,1325,2184,343,790,1133,12985,12533,25518
2020-07-13,1946,1807,3753,1100,1048,2148,2003,1752,3755,2079,1736,3815,1545,1330,2875,1173,1067,2240,1058,885,1943,1111,1035,2146,872,1371,2243,345,815,1160,13232,12846,26078
2020-07-14,1976,1836,3812,1126,1062,2188,2037,1776,3813,2137,1771,3908,1578,1357,2935,1199,1080,2279,1080,908,1988,1128,1061,2189,878,1389,2267,352,829,1181,13491,13069,26560
2020-07-15,2003,1866,3869,1157,1082,2239,2072,1828,3900,2188,1817,4005,1613,1398,3011,1224,1110,2334,1102,930,2032,1138,1077,2215,892,1405,2297,360,834,1194,13749,13347,27096
2020-07-16,2039,1885,3924,1175,1112,2287,2115,1876,3991,2235,1850,4085,1647,1436,3083,1251,1142,2393,1118,943,2061,1153,1094,2247,911,1435,2346,362,852,1214,14006,13625,27631
2020-07-17,2073,1915,3988,1199,1127,2326,2144,1912,4056,2272,1896,4168,1683,1479,3162,1280,1177,2457,1142,970,2112,1171,1108,2279,927,1456,2383,366,862,1228,14257,13902,28159
2020-07-18,2095,1938,4033,1213,1140,2353,2180,1944,4124,2305,1934,4239,1709,1506,3215,1305,1198,2503,1166,988,2154,1180,1117,2297,941,1477,2418,368,867,1235,14462,14109,28571
2020-07-19,2122,1964,4086,1224,1155,2379,2205,1968,4173,2328,1959,4287,1731,1527,3258,1327,1221,2548,1180,998,2178,1192,1125,2317,951,1493,2444,371,873,1244,14631,14283,28914
2020-07-20,2163,2001,4164,1259,1183,2442,2259,2011,4270,2381,2018,4399,1773,1582,3355,1358,1259,2617,1205,1032,2237,1211,1146,2357,971,1515,2486,374,884,1258,14954,14631,29585
2020-07-21,2198,2032,4230,1284,1204,2488,2301,2049,4350,2438,2055,4493,1812,1617,3429,1390,1288,2678,1231,1057,2288,1230,1170,2400,985,1539,2524,379,895,1274,15248,14906,30154
2020-07-22,2251,2065,4316,1305,1224,2529,2362,2096,4458,2491,2110,4601,1860,1656,3516,1417,1315,2732,1247,1080,2327,1252,1187,2439,1000,1568,2568,380,904,1284,15565,15205,30770
2020-07-23,2293,2101,4394,1329,1241,2570,2413,2142,4555,2541,2159,4700,1892,1685,3577,1447,1337,2784,1265,1101,2366,1269,1208,2477,1008,1587,2595,386,915,1301,15843,15476,31319
2020-07-24,2321,2134,4455,1348,1262,2610,2466,2190,4656,2587,2217,4804,1925,1717,3642,1478,1357,2835,1295,1114,2409,1280,1227,2507,1019,1613,2632,389,929,1318,16108,15760,31868
2020-07-25,2349,2158,4507,1372,1275,2647,2503,2229,4732,2625,2258,4883,1956,1741,3697,1490,1365,2855,1309,1129,2438,1292,1239,2531,1028,1631,2659,394,933,1327,16318,15958,32276
2020-07-26,2373,2183,4556,1385,1289,2674,2523,2248,4771,2650,2281,4931,1984,1753,3737,1508,1379,2887,1320,1137,2457,1307,1248,2555,1034,1647,2681,400,939,1339,16484,16104,32588
2020-07-27,2400,2215,4615,1409,1313,2722,2571,2285,4856,2697,2323,5020,2031,1796,3827,1535,1418,2953,1341,1160,2501,1323,1269,2592,1051,1668,2719,405,958,1363,16763,16405,33168
2020-07-28,2435,2243,4678,1431,1332,2763,2631,2346,4977,2753,2364,5117,2070,1837,3907,1571,1455,3026,1371,1190,2561,1336,1296,2632,1063,1689,2752,410,976,1386,17071,16728,33799
2020-07-29,2469,2279,4748,1453,1360,2813,2693,2393,5086,2804,2414,5218,2118,1881,3999,1605,1497,3102,1392,1218,2610,1359,1317,2676,1080,1717,2797,415,1000,1415,17388,17076,34464
2020-07-30,2511,2311,4822,1486,1391,2877,2775,2457,5232,2867,2467,5334,2169,1917,4086,1645,1535,3180,1415,1248,2663,1373,1335,2708,1088,1736,2824,416,1006,1422,17745,17403,35148
2020-07-31,2542,2352,4894,1506,1416,2922,2823,2516,5339,2939,2526,5465,2216,1954,4170,1683,1565,3248,1437,1279,2716,1393,1360,2753,1097,1764,2861,422,1024,1446,18058,17756,35814
2020-08-01,2568,2371,4939,1518,1436,2954,2852,2552,5404,2972,2560,5532,2242,1991,4233,1710,1589,3299,1457,1287,2744,1411,1376,2787,1108,1786,2894,423,1035,1458,18261,17983,36244
2020-08-02,2598,2393,4991,1533,1453,2986,2882,2571,5453,3001,2593,5594,2263,2022,4285,1728,1612,3340,1468,1306,2774,1417,1394,2811,1120,1799,2919,425,1042,1467,18435,18185,36620
2020-08-03,2637,2438,5075,1559,1479,3038,2929,2623,5552,3055,2632,5687,2297,2061,4358,1756,1642,3398,1497,1324,2821,1427,1415,2842,1133,1830,2963,429,1056,1485,18719,18500,37219
2020-08-04,2675,2469,5144,1592,1510,3102,2994,2660,5654,3115,2684,5799,2352,2100,4452,1792,1671,3463,1524,1342,2866,1443,1434,2877,1150,1861,3011,434,1072,1506,19071,18803,37874
2020-08-05,2716,2506,5222,1626,1532,3158,3050,2697,5747,3158,2737,5895,2387,2137,4524,1828,1712,3540,1553,1368,2921,1463,1453,2916,1168,1882,3050,437,1080,1517,19386,19104,38490
2020-08-06,2755,2531,5286,1646,1565,3211,3106,2749,5855,3208,2795,6003,2439,2184,4623,1860,1750,3610,1579,1386,2965,1481,1471,2952,1184,1906,3090,442,1092,1534,19700,19429,39129
2020-08-07,2805,2564,5369,1672,1590,3262,3160,2797,5957,3264,2841,6105,2480,2238,4718,1897,1771,3668,1599,1410,3009,1500,1499,2999,1198,1941,3139,447,1116,1563,20022,19767,39789
2020-08-08,2835,2592,5427,1690,1609,3299,3190,2827,6017,3318,2890,6208,2508,2273,4781,1928,1801,3729,1619,1428,3047,1513,1524,3037,1209,1960,3169,448,1137,1585,20258,20041,40299
2020-08-09,2860,2618,5478,1701,1621,3322,3216,2859,6075,3354,2919,6273,2531,2309,4840,1954,1829,3783,1639,1444,3083,1526,1546,3072,1225,2000,3225,452,1156,1608,20458,20301,40759
2020-08-10,2902,2651,5553,1728,1648,3376,3282,2912,6194,3417,2958,6375,2580,2357,4937,1988,1863,3851,1657,1459,3116,1541,1572,3113,1240,2020,3260,456,1167,1623,20791,20607,41398
2020-08-11,2939,2686,5625,1765,1669,3434,3344,2965,6309,3493,3014,6507,2633,2405,5038,2026,1900,3926,1685,1480,3165,1563,1603,3166,1255,2048,3303,462,1179,1641,21165,20949,42114
2020-08-12,2970,2723,5693,1800,1692,3492,3396,3029,6425,3538,3093,6631,2685,2458,5143,2060,1935,3995,1711,1504,3215,1578,1627,3205,1267,2069,3336,467,1195,1662,21472,21325,42797
2020-08-13,2992,2755,5747,1835,1716,3551,3467,3097,6564,3618,3173,6791,2735,2507,5242,2105,1976,4081,1732,1533,3265,1604,1642,3246,1277,2094,3371,471,1210,1681,21836,21703,43539
2020-08-14,3017,2781,5798,1855,1734,3589,3547,3165,6712,3680,3233,6913,2796,2546,5342,2144,2019,4163,1764,1559,3323,1625,1673,3298,1290,2115,3405,474,1222,1696,22192,22047,44239
2020-08-15,3055,2804,5859,1883,1751,3634,3583,3213,6796,3731,3287,7018,2821,2591,5412,2172,2047,4219,1789,1578,3367,1640,1702,3342,1299,2157,3456,478,1238,1716,22451,22368,44819
2020-08-16,3086,2820,5906,1896,1760,3656,3624,3250,6874,3766,3322,7088,2840,2620,5460,2194,2065,4259,1800,1599,3399,1655,1715,3370,1308,2188,3496,482,1260,1742,22651,22599,45250
2020-08-17,3108,2836,5944,1918,1780,3698,3673,3292,6965,3814,3377,7191,2880,2658,5538,2226,2105,4331,1815,1634,3449,1667,1728,3395,1319,2207,3526,482,1275,1757,22902,22892,45794
2020-08-18,3148,2871,6019,1946,1792,3738,3726,3344,7070,3884,3438,7322,2924,2697,5621,2252,2154,4406,1835,1666,3501,1690,1755,3445,1328,2225,3553,482,1292,1774,23215,23234,46449
2020-08-19,3191,2906,6097,1969,1819,3788,3773,3407,7180,3945,3498,7443,2960,2744,5704,2291,2184,4475,1853,1694,3547,1708,1781,3489,1340,2262,3602,486,1309,1795,23516,23604,47120
2020-08-20,3216,2930,6146,1993,1839,3832,3831,3463,7294,3992,3550,7542,2988,2792,5780,2326,2213,4539,1877,1724,3601,1720,1800,3520,1355,2285,3640,489,1321,1810,23787,23917,47704
2020-08-21,3243,2969,6212,2024,1862,3886,3874,3510,7384,4052,3610,7662,3037,2839,5876,2363,2261,4624,1909,1753,3662,1742,1836,3578,1369,2320,3689,494,1331,1825,24107,24291,48398
2020-08-22,3257,2986,6243,2049,1881,3930,3909,3543,7452,4085,3658,7743,3077,2869,5946,2383,2282,4665,1930,1774,3704,1754,1856,3610,1377,2333,3710,497,1345,1842,24318,24527,48845
2020-08-23,3279,3015,6294,2062,1894,3956,3936,3563,7499,4119,3693,7812,3102,2890,5992,2408,2308,4716,1948,1794,3742,1763,1878,3641,1388,2340,3728,502,1349,1851,24507,24724,49231
2020-08-24,3319,3059,6378,2088,1916,4004,3983,3622,7605,4179,3743,7922,3142,2940,6082,2453,2341,4794,1970,1826,3796,1781,1901,3682,1405,2362,3767,508,1368,1876,24828,25078,49906
2020-08-25,3344,3087,6431,2117,1934,4051,4039,3690,7729,4240,3816,8056,3181,2981,6162,2484,2381,4865,1991,1854,3845,1792,1919,3711,1422,2391,3813,514,1385,1899,25124,25438,50562
2020-08-26,3388,3107,6495,2143,1961,4104,4110,3752,7862,4298,3872,8170,3225,3034,6259,2520,2417,4937,2022,1874,3896,1814,1945,3759,1439,2420,3859,517,1400,1917,25476,25782,51258
2020-08-27,3423,3135,6558,2179,1990,4169,4179,3817,7996,4367,3933,8300,3284,3086,6370,2561,2455,5016,2042,1905,3947,1838,1970,3808,1456,2448,3904,522,1424,1946,25851,26163,52014
2020-08-28,3457,3169,6626,2223,2011,4234,4255,3895,8150,4430,4001,8431,3341,3145,6486,2605,2512,5117,2064,1941,4005,1865,1996,3861,1467,2468,3935,528,1434,1962,26235,26572,52807
2020-08-29,3485,3185,6670,2235,2024,4259,4309,3943,8252,4474,4064,8538,3384,3186,6570,2634,2537,5171,2091,1960,4051,1882,2014,3896,1475,2492,3967,531,1450,1981,26500,26855,53355
2020-08-30,3509,3210,6719,2254,2041,4295,4349,3975,8324,4518,4099,8617,3422,3223,6645,2662,2560,5222,2105,1979,4084,1893,2031,3924,1483,2503,3986,534,1455,1989,26729,27076,53805
2020-08-31,3545,3234,6779,2284,2064,4348,4410,4027,8437,4571,4159,8730,3472,3274,6746,2691,2597,5288,2132,2013,4145,1920,2057,3977,1502,2541,4043,536,1470,2006,27063,27436,54499
2020-09-01,3585,3268,6853,2305,2103,4408,4471,4089,8560,4656,4226,8882,3531,3312,6843,2724,2648,5372,2151,2037,4188,1935,2081,4016,1517,2582,4099,543,1485,2028,27418,27831,55249
2020-09-02,3616,3290,6906,2328,2119,4447,4514,4151,8665,4702,4294,8996,3579,3351,6930,2762,2682,5444,2167,2060,4227,1963,2104,4067,1534,2608,4142,546,1515,2061,27711,28174,55885
2020-09-03,3647,3320,6967,2360,2142,4502,4586,4220,8806,4787,4370,9157,3635,3402,7037,2803,2716,5519,2190,2091,4281,1981,2129,4110,1546,2636,4182,550,1524,2074,28085,28550,56635
2020-09-04,3680,3354,7034,2387,2166,4553,4642,4279,8921,4852,4437,9289,3696,3467,7163,2832,2751,5583,2223,2131,4354,2007,2152,4159,1560,2664,4224,553,1540,2093,28432,28941,57373
2020-09-05,3702,3375,7077,2402,2180,4582,4691,4321,9012,4899,4497,9396,3735,3515,7250,2855,2784,5639,2249,2159,4408,2025,2169,4194,1575,2683,4258,556,1547,2103,28689,29230,57919
2020-09-06,3722,3397,7119,2416,2197,4613,4712,4358,9070,4936,4527,9463,3765,3541,7306,2871,2809,5680,2265,2181,4446,2035,2189,4224,1587,2699,4286,558,1557,2115,28867,29455,58322
2020-09-07,3750,3426,7176,2437,2223,4660,4779,4427,9206,5005,4589,9594,3813,3597,7410,2904,2859,5763,2301,2209,4510,2050,2213,4263,1601,2729,4330,565,1571,2136,29205,29843,59048
2020-09-08,3783,3453,7236,2464,2249,4713,4840,4484,9324,5080,4658,9738,3862,3645,7507,2951,2905,5856,2332,2243,4575,2078,2239,4317,1619,2756,4375,572,1592,2164,29581,30224,59805
2020-09-09,3819,3478,7297,2484,2276,4760,4903,4542,9445,5137,4709,9846,3915,3689,7604,2987,2947,5934,2365,2281,4646,2098,2268,4366,1634,2791,4425,573,1612,2185,29915,30593,60508
2020-09-10,3845,3496,7341,2517,2299,4816,4982,4611,9593,5210,4784,9994,3982,3741,7723,3024,2987,6011,2391,2309,4700,2121,2290,4411,1645,2825,4470,574,1629,2203,30291,30971,61262
2020-09-11,3872,3525,7397,2551,2323,4874,5041,4662,9703,5270,4855,10125,4031,3793,7824,3064,3046,6110,2426,2338,4764,2146,2317,4463,1663,2850,4513,577,1639,2216,30641,31348,61989
2020-09-12,3897,3544,7441,2570,2343,4913,5077,4698,9775,5302,4902,10204,4056,3828,7884,3091,3081,6172,2450,2363,4813,2166,2340,4506,1676,2881,4557,579,1653,2232,30864,31633,62497
2020-09-13,3926,3568,7494,2582,2353,4935,5109,4742,9851,5338,4955,10293,4077,3849,7926,3118,3104,6222,2476,2388,4864,2178,2351,4529,1681,2895,4576,584,1662,2246,31069,31867,62936
2020-09-14,3958,3597,7555,2607,2378,4985,5172,4820,9992,5393,5022,10415,4121,3899,8020,3170,3147,6317,2514,2424,4938,2206,2378,4584,1698,2911,4609,586,1672,2258,31425,32248,63673
2020-09-15,3994,3624,7618,2628,2395,5023,5232,4861,10093,5453,5099,10552,4166,3937,8103,3200,3188,6388,2544,2455,4999,2228,2409,4637,1713,2939,4652,587,1684,2271,31745,32591,64336
2020-09-16,4033,3661,7694,2665,2429,5094,5303,4939,10242,5515,5179,10694,4221,3988,8209,3237,3233,6470,2574,2489,5063,2254,2428,4682,1727,2968,4695,590,1695,2285,32119,33009,65128
2020-09-17,4063,3685,7748,2691,2469,5160,5358,4992,10350,5570,5235,10805,4275,4052,8327,3286,3286,6572,2615,2522,5137,2281,2455,4736,1742,2986,4728,593,1699,2292,32474,33381,65855
2020-09-18,4102,3727,7829,2711,2500,5211,5411,5054,10465,5648,5314,10962,4320,4106,8426,3323,3330,6653,2640,2566,5206,2312,2481,4793,1756,3010,4766,596,1710,2306,32819,33798,66617
2020-09-19,4116,3761,7877,2721,2524,5245,5443,5084,10527,5684,5359,11043,4347,4129,8476,3344,3351,6695,2667,2589,5256,2332,2502,4834,1770,3027,4797,599,1717,2316,33023,34043,67066
2020-09-20,4137,3788,7925,2747,2545,5292,5473,5119,10592,5722,5389,11111,4371,4154,8525,3361,3377,6738,2679,2607,5286,2352,2518,4870,1773,3045,4818,603,1725,2328,33218,34267,67485
2020-09-21,4169,3821,7990,2771,2579,5350,5530,5165,10695,5779,5460,11239,4415,4206,8621,3397,3403,6800,2706,2638,5344,2376,2545,4921,1783,3060,4843,604,1736,2340,33530,34613,68143
2020-09-22,4210,3857,8067,2807,2614,5421,5584,5232,10816,5840,5523,11363,4470,4242,8712,3440,3452,6892,2741,2662,5403,2403,2574,4977,1793,3093,4886,607,1749,2356,33895,34998,68893
2020-09-23,4250,3890,8140,2826,2636,5462,5627,5296,10923,5893,5586,11479,4513,4287,8800,3472,3493,6965,2773,2694,5467,2423,2604,5027,1804,3117,4921,609,1761,2370,34190,35364,69554
2020-09-24,4293,3930,8223,2859,2669,5528,5693,5352,11045,5970,5657,11627,4562,4331,8893,3508,3527,7035,2784,2745,5529,2442,2633,5075,1826,3142,4968,616,1783,2399,34553,35769,70322
2020-09-25,4326,3954,8280,2885,2687,5572,5746,5411,11157,6030,5714,11744,4615,4377,8992,3544,3564,7108,2814,2781,5595,2465,2657,5122,1845,3166,5011,616,1793,2409,34886,36104,70990
2020-09-26,4348,3973,8321,2908,2703,5611,5784,5445,11229,6075,5752,11827,4649,4410,9059,3569,3600,7169,2835,2803,5638,2482,2673,5155,1855,3184,5039,622,1802,2424,35127,36345,71472
2020-09-27,4369,3998,8367,2924,2725,5649,5824,5490,11314,6104,5784,11888,4684,4438,9122,3596,3622,7218,2855,2822,5677,2489,2690,5179,1863,3197,5060,625,1809,2434,35333,36575,71908
2020-09-28,4399,4024,8423,2951,2748,5699,5874,5539,11413,6163,5843,12006,4743,4476,9219,3644,3671,7315,2899,2846,5745,2507,2718,5225,1881,3220,5101,629,1830,2459,35690,36915,72605
2020-09-29,4443,4056,8499,2980,2784,5764,5950,5589,11539,6242,5919,12161,4804,4528,9332,3680,3711,7391,2937,2888,5825,2538,2763,5301,1903,3258,5161,632,1854,2486,36109,37350,73459
2020-09-30,4481,4085,8566,3008,2812,5820,6013,5656,11669,6304,5979,12283,4853,4565,9418,3723,3760,7483,2975,2931,5906,2564,2791,5355,1912,3282,5194,637,1863,2500,36470,37724,74194
2020-10-01,4520,4124,8644,3035,2863,5898,6079,5733,11812,6380,6056,12436,4893,4624,9517,3765,3800,7565,3016,2965,5981,2591,2836,5427,1926,3299,5225,640,1874,2514,36845,38174,75019
2020-10-02,4570,4171,8741,3065,2893,5958,6142,5811,11953,6437,6124,12561,4936,4680,9616,3812,3835,7647,3056,3004,6060,2617,2874,5491,1938,3332,5270,644,1892,2536,37217,38616,75833
2020-10-03,4589,4194,8783,3085,2920,6005,6188,5856,12044,6477,6166,12643,4971,4713,9684,3847,3862,7709,3071,3028,6099,2636,2892,5528,1945,3352,5297,647,1899,2546,37456,38882,76338
2020-10-04,4617,4221,8838,3104,2943,6047,6229,5893,12122,6508,6196,12704,5007,4748,9755,3867,3882,7749,3090,3048,6138,2647,2907,5554,1956,3378,5334,650,1902,2552,37675,39118,76793
2020-10-05,4639,4255,8894,3128,2969,6097,6283,5944,12227,6587,6263,12850,5080,4797,9877,3915,3927,7842,3141,3081,6222,2676,2950,5626,1975,3405,5380,653,1909,2562,38077,39500,77577
2020-10-06,4670,4300,8970,3159,2994,6153,6346,5996,12342,6655,6321,12976,5151,4840,9991,3963,3970,7933,3171,3119,6290,2706,2984,5690,1993,3432,5425,659,1920,2579,38473,39876,78349
2020-10-07,4710,4327,9037,3179,3016,6195,6409,6060,12469,6728,6394,13122,5199,4899,10098,4000,4025,8025,3207,3162,6369,2736,3014,5750,2011,3461,5472,667,1927,2594,38846,40285,79131
2020-10-08,4750,4359,9109,3211,3042,6253,6470,6127,12597,6790,6457,13247,5248,4956,10204,4040,4076,8116,3236,3195,6431,2758,3049,5807,2027,3481,5508,672,1944,2616,39202,40686,79888
2020-10-09,4780,4399,9179,3261,3084,6345,6518,6203,12721,6868,6547,13415,5302,5016,10318,4081,4129,8210,3274,3239,6513,2779,3085,5864,2040,3507,5547,676,1959,2635,39579,41168,80747
2020-10-10,4803,4425,9228,3291,3105,6396,6575,6252,12827,6921,6599,13520,5338,5057,10395,4113,4172,8285,3307,3269,6576,2793,3109,5902,2056,3527,5583,685,1973,2658,39882,41488,81370
2020-10-11,4829,4449,9278,3309,3122,6431,6616,6308,12924,6971,6659,13630,5385,5091,10476,4140,4196,8336,3341,3306,6647,2812,3134,5946,2072,3550,5622,686,1983,2669,40161,41798,81959
2020-10-12,4850,4477,9327,3344,3149,6493,6686,6387,13073,7035,6732,13767,5436,5151,10587,4186,4261,8447,3392,3343,6735,2850,3177,6027,2094,3589,5683,688,1999,2687,40561,42265,82826
2020-10-13,4898,4519,9417,3396,3183,6579,6787,6485,13272,7132,6842,13974,5502,5233,10735,4259,4339,8598,3443,3395,6838,2889,3225,6114,2122,3636,5758,697,2024,2721,41125,42881,84006
2020-10-14,4945,4555,9500,3426,3226,6652,6875,6590,13465,7225,6946,14171,5564,5313,10877,4316,4402,8718,3491,3445,6936,2934,3276,6210,2144,3667,5811,698,2046,2744,41618,43466,85084
2020-10-15,4988,4594,9582,3471,3271,6742,6973,6696,13669,7345,7067,14412,5652,5414,11066,4390,4473,8863,3551,3505,7056,2965,3330,6295,2162,3700,5862,707,2061,2768,42204,44111,86315
2020-10-16,5044,4631,9675,3511,3326,6837,7095,6832,13927,7467,7170,14637,5753,5510,11263,4459,4557,9016,3604,3567,7171,3000,3383,6383,2187,3747,5934,710,2093,2803,42830,44816,87646
2020-10-17,5066,4655,9721,3538,3359,6897,7177,6894,14071,7552,7258,14810,5824,5585,11409,4498,4605,9103,3640,3616,7256,3038,3424,6462,2200,3780,5980,714,2107,2821,43247,45283,88530
2020-10-18,5089,4680,9769,3559,3382,6941,7213,6937,14150,7599,7327,14926,5855,5629,11484,4538,4634,9172,3669,3640,7309,3058,3457,6515,2210,3815,6025,715,2121,2836,43505,45622,89127
2020-10-19,5154,4727,9881,3600,3433,7033,7324,7068,14392,7712,7462,15174,5974,5746,11720,4616,4718,9334,3750,3709,7459,3109,3519,6628,2234,3856,6090,718,2138,2856,44191,46376,90567
2020-10-20,5205,4782,9987,3654,3485,7139,7452,7186,14638,7819,7583,15402,6068,5858,11926,4695,4804,9499,3816,3768,7584,3145,3570,6715,2268,3900,6168,719,2164,2883,44841,47100,91941
2020-10-21,5243,4814,10057,3718,3528,7246,7538,7300,14838,7916,7680,15596,6146,5938,12084,4762,4859,9621,3867,3808,7675,3176,3610,6786,2287,3937,6224,722,2179,2901,45375,47653,93028
2020-10-22,5279,4844,10123,3771,3588,7359,7619,7392,15011,7995,7767,15762,6220,6032,12252,4819,4930,9749,3903,3857,7760,3205,3644,6849,2309,3973,6282,729,2198,2927,45849,48225,94074
2020-10-23,5310,4872,10182,3809,3618,7427,7689,7472,15161,8063,7847,15910,6275,6106,12381,4864,4978,9842,3945,3908,7853,3243,3683,6926,2334,3992,6326,733,2222,2955,46265,48698,94963
2020-10-24,5329,4895,10224,3826,3647,7473,7748,7509,15257,8109,7901,16010,6320,6146,12466,4897,5010,9907,3964,3935,7899,3269,3708,6977,2343,4014,6357,738,2235,2973,46543,49000,95543
2020-10-25,5363,4920,10283,3843,3675,7518,7808,7564,15372,8161,7981,16142,6365,6188,12553,4936,5060,9996,3995,3967,7962,3292,3738,7030,2351,4032,6383,742,2239,2981,46856,49364,96220
2020-10-26,5403,4954,10357,3901,3709,7610,7883,7653,15536,8258,8080,16338,6433,6275,12708,4991,5134,10125,4035,4016,8051,3329,3781,7110,2367,4077,6444,748,2259,3007,47348,49938,97286
2020-10-27,5442,4990,10432,3940,3743,7683,7981,7757,15738,8351,8162,16513,6522,6352,12874,5057,5214,10271,4096,4095,8191,3369,3830,7199,2384,4106,6490,751,2267,3018,47893,50516,98409
2020-10-28,5480,5027,10507,3973,3772,7745,8048,7859,15907,8438,8255,16693,6577,6429,13006,5118,5282,10400,4150,4137,8287,3398,3866,7264,2396,4138,6534,755,2281,3036,48333,51046,99379
2020-10-29,5513,5058,10571,4004,3804,7808,8154,7943,16097,8548,8355,16903,6646,6506,13152,5161,5340,10501,4201,4190,8391,3424,3897,7321,2413,4167,6580,758,2289,3047,48822,51549,100371
2020-10-30,5548,5083,10631,4032,3840,7872,8228,8050,16278,8631,8440,17071,6716,6575,13291,5205,5394,10599,4243,4243,8486,3449,3928,7377,2432,4197,6629,764,2306,3070,49248,52056,101304
2020-10-31,5574,5103,10677,4052,3861,7913,8271,8101,16372,8676,8504,17180,6753,6624,13377,5238,5425,10663,4272,4282,8554,3470,3952,7422,2440,4212,6652,767,2310,3077,49513,52374,101887
2020-11-01,5610,5128,10738,4081,3901,7982,8325,8161,16486,8732,8573,17305,6812,6669,13481,5278,5478,10756,4304,4324,8628,3497,3978,7475,2448,4232,6680,771,2316,3087,49858,52760,102618
2020-11-02,5645,5169,10814,4121,3947,8068,8411,8255,16666,8836,8662,17498,6875,6748,13623,5339,5536,10875,4361,4380,8741,3532,4013,7545,2465,4255,6720,773,2329,3102,50358,53294,103652
2020-11-03,5676,5195,10871,4144,3973,8117,8482,8340,16822,8913,8731,17644,6929,6789,13718,5384,5582,10966,4400,4418,8818,3562,4040,7602,2482,4290,6772,776,2342,3118,50748,53700,104448
2020-11-04,5713,5235,10948,4182,4014,8196,8581,8448,17029,8999,8829,17828,7024,6887,13911,5446,5653,11099,4461,4470,8931,3601,4076,7677,2504,4331,6835,787,2357,3144,51298,54300,105598
2020-11-05,5755,5276,11031,4239,4065,8304,8704,8556,17260,9114,8936,18050,7121,6975,14096,5520,5742,11262,4502,4521,9023,3635,4114,7749,2523,4360,6883,789,2371,3160,51902,54916,106818
2020-11-06,5781,5307,11088,4263,4104,8367,8767,8625,17392,9177,9006,18183,7163,7014,14177,5568,5794,11362,4538,4567,9105,3665,4154,7819,2537,4389,6926,793,2380,3173,52252,55340,107592
2020-11-07,5811,5334,11145,4289,4130,8419,8817,8691,17508,9227,9078,18305,7206,7063,14269,5608,5842,11450,4578,4608,9186,3691,4184,7875,2558,4409,6967,800,2385,3185,52585,55724,108309
2020-11-08,5844,5376,11220,4323,4167,8490,8881,8749,17630,9283,9149,18432,7255,7123,14378,5640,5883,11523,4619,4647,9266,3717,4211,7928,2568,4425,6993,804,2389,3193,52934,56119,109053
2020-11-09,5891,5426,11317,4384,4204,8588,8964,8844,17808,9374,9269,18643,7325,7204,14529,5707,5949,11656,4674,4709,9383,3740,4248,7988,2592,4462,7054,808,2399,3207,53459,56714,110173
2020-11-10,5926,5454,11380,4418,4235,8653,9040,8914,17954,9458,9359,18817,7379,7260,14639,5750,6000,11750,4733,4751,9484,3772,4283,8055,2614,4490,7104,812,2410,3222,53902,57156,111058
2020-11-11,5968,5487,11455,4447,4275,8722,9123,9002,18125,9549,9444,18993,7451,7327,14778,5799,6064,11863,4778,4793,9571,3805,4317,8122,2635,4526,7161,816,2429,3245,54371,57664,112035
2020-11-12,6014,5518,11532,4484,4313,8797,9200,9100,18300,9647,9541,19188,7531,7402,14933,5865,6115,11980,4817,4861,9678,3841,4360,8201,2656,4562,7218,819,2440,3259,54874,58212,113086
2020-11-13,6054,5546,11600,4533,4345,8878,9282,9200,18482,9720,9628,19348,7603,7473,15076,5918,6172,12090,4872,4920,9792,3879,4397,8276,2677,4596,7273,823,2454,3277,55361,58731,114092
2020-11-14,6102,5580,11682,4561,4371,8932,9336,9262,18598,9785,9701,19486,7644,7533,15177,5952,6212,12164,4918,4945,9863,3905,4430,8335,2685,4618,7303,827,2458,3285,55715,59110,114825
2020-11-15,6140,5616,11756,4590,4391,8981,9401,9343,18744,9864,9761,19625,7702,7588,15290,5998,6265,12263,4961,4988,9949,3929,4459,8388,2694,4641,7335,828,2472,3300,56107,59524,115631
2020-11-16,6179,5661,11840,4634,4427,9061,9470,9413,18883,9938,9845,19783,7779,7654,15433,6033,6319,12352,5003,5037,10040,3962,4495,8457,2709,4668,7377,833,2494,3327,56540,60013,116553
2020-11-17,6217,5705,11922,4676,4464,9140,9566,9509,19075,10045,9953,19998,7859,7737,15596,6085,6378,12463,5066,5109,10175,4005,4546,8551,2717,4705,7422,835,2503,3338,57071,60609,117680
2020-11-18,6256,5745,12001,4731,4509,9240,9661,9601,19262,10158,10055,20213,7935,7809,15744,6142,6433,12575,5111,5151,10262,4045,4592,8637,2733,4747,7480,839,2512,3351,57611,61154,118765
2020-11-19,6294,5774,12068,4787,4550,9337,9751,9701,19452,10254,10166,20420,7997,7882,15879,6198,6501,12699,5163,5209,10372,4082,4626,8708,2751,4783,7534,842,2523,3365,58119,61715,119834
2020-11-20,6333,5810,12143,4822,4590,9412,9836,9791,19627,10346,10257,20603,8051,7943,15994,6253,6556,12809,5213,5257,10470,4112,4655,8767,2770,4811,7581,847,2532,3379,58583,62202,120785
2020-11-21,6365,5838,12203,4848,4617,9465,9888,9854,19742,10405,10317,20722,8099,7995,16094,6289,6597,12886,5248,5288,10536,4135,4676,8811,2779,4822,7601,850,2542,3392,58906,62546,121452
2020-11-22,6393,5863,12256,4873,4641,9514,9944,9909,19853,10445,10377,20822,8152,8044,16196,6311,6620,12931,5271,5332,10603,4157,4691,8848,2788,4843,7631,851,2550,3401,59185,62870,122055
2020-11-23,6439,5899,12338,4902,4672,9574,10010,9976,19986,10513,10448,20961,8213,8092,16305,6354,6666,13020,5310,5374,10684,4177,4719,8896,2805,4871,7676,858,2563,3421,59581,63280,122861
2020-11-24,6476,5943,12419,4947,4712,9659,10094,10060,20154,10617,10534,21151,8288,8157,16445,6406,6725,13131,5362,5420,10782,4209,4761,8970,2829,4905,7734,861,2569,3430,60089,63786,123875
2020-11-25,6527,5989,12516,4996,4752,9748,10185,10141,20326,10718,10629,21347,8356,8220,16576,6457,6773,13230,5410,5466,10876,4233,4791,9024,2847,4929,7776,866,2578,3444,60595,64268,124863
2020-11-26,6566,6026,12592,5040,4799,9839,10279,10241,20520,10814,10737,21551,8411,8298,16709,6522,6831,13353,5468,5513,10981,4266,4834,9100,2863,4959,7822,874,2589,3463,61103,64827,125930
2020-11-27,6584,6059,12643,5068,4821,9889,10357,10335,20692,10882,10812,21694,8464,8341,16805,6577,6879,13456,5501,5551,11052,4294,4866,9160,2874,4991,7865,880,2595,3475,61481,65250,126731
2020-11-28,6630,6083,12713,5096,4849,9945,10426,10395,20821,10929,10878,21807,8508,8393,16901,6627,6923,13550,5523,5584,11107,4314,4894,9208,2886,5019,7905,882,2599,3481,61821,65617,127438
2020-11-29,6664,6116,12780,5114,4882,9996,10498,10477,20975,10993,10957,21950,8570,8439,17009,6670,6966,13636,5563,5624,11187,4333,4921,9254,2902,5031,7933,884,2606,3490,62191,66019,128210
2020-11-30,6709,6156,12865,5166,4921,10087,10622,10605,21227,11101,11065,22166,8661,8515,17176,6724,7037,13761,5622,5686,11308,4370,4969,9339,2922,5066,7988,891,2614,3505,62788,66634,129422
2020-12-01,6742,6198,12940,5199,4971,10170,10730,10697,21427,11183,11168,22351,8737,8594,17331,6762,7088,13850,5668,5752,11420,4407,5012,9419,2941,5095,8036,893,2618,3511,63262,67193,130455
2020-12-02,6764,6217,12981,5226,4994,10220,10792,10767,21559,11241,11251,22492,8794,8656,17450,6796,7126,13922,5692,5781,11473,4439,5042,9481,2954,5114,8068,899,2627,3526,63597,67575,131172
2020-12-03,6797,6258,13055,5266,5028,10294,10870,10877,21747,11344,11366,22710,8871,8732,17603,6846,7180,14026,5745,5844,11589,4472,5072,9544,2968,5134,8102,902,2638,3540,64081,68129,132210
2020-12-04,6832,6293,13125,5302,5075,10377,10957,10954,21911,11430,11452,22882,8946,8809,17755,6909,7246,14155,5797,5900,11697,4510,5111,9621,2986,5162,8148,909,2648,3557,64578,68650,133228
2020-12-05,6861,6323,13184,5334,5107,10441,11032,11022,22054,11509,11517,23026,8992,8852,17844,6945,7282,14227,5823,5925,11748,4529,5132,9661,2997,5183,8180,914,2655,3569,64936,68998,133934
2020-12-06,6884,6347,13231,5367,5127,10494,11085,11075,22160,11563,11561,23124,9026,8905,17931,6968,7317,14285,5852,5952,11804,4555,5161,9716,3013,5198,8211,915,2658,3573,65228,69301,134529
2020-12-07,6902,6383,13285,5399,5152,10551,11160,11157,22317,11633,11633,23266,9080,8961,18041,7006,7362,14368,5880,5982,11862,4576,5198,9774,3024,5216,8240,919,2664,3583,65579,69708,135287
2020-12-08,6933,6419,13352,5420,5182,10602,11228,11224,22452,11702,11708,23410,9124,9001,18125,7055,7410,14465,5916,6018,11934,4595,5230,9825,3031,5235,8266,924,2668,3592,65928,70095,136023
2020-12-09,6970,6449,13419,5454,5225,10679,11339,11347,22686,11831,11827,23658,9224,9081,18305,7148,7494,14642,5992,6095,12087,4642,5287,9929,3045,5270,8315,927,2685,3612,66572,70760,137332
2020-12-10,7010,6489,13499,5515,5290,10805,11467,11475,22942,11965,11986,23951,9319,9182,18501,7252,7599,14851,6075,6171,12246,4683,5320,10003,3062,5312,8374,933,2695,3628,67281,71519,138800
2020-12-11,7043,6530,13573,5559,5334,10893,11608,11616,23224,12112,12145,24257,9420,9287,18707,7354,7701,15055,6165,6274,12439,4733,5366,10099,3080,5340,8420,934,2703,3637,68008,72296,140304
2020-12-12,7075,6565,13640,5611,5369,10980,11714,11728,23442,12223,12277,24500,9522,9390,18912,7449,7777,15226,6221,6366,12587,4771,5424,10195,3091,5363,8454,936,2711,3647,68613,72970,141583
2020-12-13,7107,6595,13702,5644,5414,11058,11796,11832,23628,12333,12391,24724,9608,9477,19085,7542,7853,15395,6286,6416,12702,4805,5454,10259,3102,5385,8487,942,2715,3657,69165,73532,142697
2020-12-14,7156,6636,13792,5692,5461,11153,11923,11969,23892,12474,12526,25000,9716,9597,19313,7645,7957,15602,6368,6517,12885,4857,5512,10369,3122,5416,8538,951,2727,3678,69904,74318,144222
2020-12-15,7192,6674,13866,5745,5513,11258,12031,12096,24127,12609,12671,25280,9813,9688,19501,7738,8065,15803,6463,6609,13072,4904,5555,10459,3133,5434,8567,952,2739,3691,70580,75044,145624
2020-12-16,7215,6708,13923,5805,5581,11386,12167,12261,24428,12798,12863,25661,9928,9833,19761,7860,8174,16034,6584,6716,13300,4963,5616,10579,3154,5455,8609,956,2750,3706,71430,75957,147387
2020-12-17,7259,6756,14015,5871,5641,11512,12304,12426,24730,12999,13065,26064,10082,9978,20060,7975,8287,16262,6646,6808,13454,5008,5654,10662,3163,5479,8642,959,2757,3716,72266,76851,149117
2020-12-18,7315,6797,14112,5951,5728,11679,12470,12600,25070,13190,13280,26470,10238,10134,20372,8108,8436,16544,6786,6947,13733,5099,5729,10828,3179,5526,8705,964,2764,3728,73300,77941,151241
2020-12-19,7357,6830,14187,6011,5790,11801,12597,12751,25348,13400,13480,26880,10369,10266,20635,8216,8549,16765,6883,7069,13952,5144,5790,10934,3194,5554,8748,967,2769,3736,74138,78848,152986
2020-12-20,7390,6880,14270,6081,5858,11939,12735,12897,25632,13611,13681,27292,10522,10427,20949,8349,8690,17039,6996,7186,14182,5194,5840,11034,3206,5569,8775,970,2775,3745,75054,79803,154857
2020-12-21,7445,6932,14377,6166,5920,12086,12928,13068,25996,13837,13925,27762,10697,10584,21281,8487,8832,17319,7125,7329,14454,5257,5914,11171,3220,5607,8827,975,2783,3758,76137,80894,157031
2020-12-22,7494,6986,14480,6258,6001,12259,13134,13270,26404,14076,14184,28260,10897,10767,21664,8637,8975,17612,7287,7488,14775,5328,5969,11297,3238,5637,8875,979,2788,3767,77328,82065,159393
2020-12-23,7554,7041,14595,6352,6078,12430,13356,13482,26838,14343,14427,28770,11067,10970,22037,8787,9113,17900,7401,7620,15021,5391,6030,11421,3262,5675,8937,984,2802,3786,78497,83238,161735
2020-12-24,7586,7079,14665,6397,6131,12528,13480,13601,27081,14515,14579,29094,11182,11067,22249,8863,9196,18059,7464,7698,15162,5434,6065,11499,3267,5696,8963,987,2807,3794,79175,83919,163094
2020-12-25,7599,7094,14693,6414,6148,12562,13519,13624,27143,14558,14624,29182,11210,11089,22299,8883,9223,18106,7478,7717,15195,5448,6072,11520,3274,5708,8982,990,2811,3801,79373,84110,163483
2020-12-26,7648,7135,14783,6503,6248,12751,13674,13816,27490,14811,14848,29659,11362,11269,22631,9010,9357,18367,7558,7813,15371,5491,6126,11617,3292,5739,9031,991,2823,3814,80340,85174,165514
2020-12-27,7682,7163,14845,6613,6335,12948,13843,13955,27798,15052,15049,30101,11569,11449,23018,9149,9509,18658,7683,7935,15618,5546,6191,11737,3317,5774,9091,994,2835,3829,81448,86195,167643
2020-12-28,7741,7211,14952,6737,6467,13204,14102,14210,28312,15421,15388,30809,11814,11714,23528,9341,9713,19054,7816,8101,15917,5610,6271,11881,3343,5820,9163,997,2851,3848,82922,87746,170668
2020-12-29,7789,7261,15050,6857,6589,13446,14355,14472,28827,15702,15644,31346,12037,11943,23980,9502,9861,19363,7939,8245,16184,5679,6345,12024,3366,5868,9234,1004,2862,3866,84230,89090,173320
2020-12-30,7839,7298,15137,6983,6726,13709,14623,14694,29317,16041,15941,31982,12250,12163,24413,9673,10067,19740,8069,8386,16455,5748,6419,12167,3391,5910,9301,1008,2874,3882,85625,90478,176103
2020-12-31,7872,7331,15203,7072,6811,13883,14823,14859,29682,16227,16169,32396,12410,12330,24740,9781,10171,19952,8129,8463,16592,5782,6470,12252,3403,5940,9343,1008,2881,3889,86507,91425,177932
2021-01-01,7888,7342,15230,7093,6837,13930,14854,14896,29750,16267,16215,32482,12446,12361,24807,9807,10206,20013,8147,8483,16630,5799,6487,12286,3408,5957,9365,1009,2885,3894,86718,91669,178387
2021-01-02,7937,7376,15313,7171,6928,14099,15032,15074,30106,16481,16432,32913,12603,12517,25120,9916,10362,20278,8283,8602,16885,5860,6549,12409,3422,5993,9415,1012,2893,3905,87717,92726,180443
2021-01-03,7970,7410,15380,7308,7052,14360,15285,15325,30610,16797,16751,33548,12830,12795,25625,10091,10573,20664,8440,8766,17206,5931,6642,12573,3438,6026,9464,1015,2899,3914,89105,94239,183344
2021-01-04,8018,7458,15476,7425,7150,14575,15607,15658,31265,17142,17136,34278,13098,13065,26163,10269,10786,21055,8580,8919,17499,6025,6726,12751,3471,6079,9550,1018,2912,3930,90653,95889,186542
2021-01-05,8055,7506,15561,7561,7266,14827,15948,16016,31964,17506,17521,35027,13372,13337,26709,10451,11003,21454,8733,9146,17879,6113,6827,12940,3497,6132,9629,1022,2923,3945,92258,97677,189935
2021-01-06,8100,7544,15644,7718,7411,15129,16291,16323,32614,17870,17867,35737,13670,13627,27297,10670,11220,21890,8899,9334,18233,6209,6933,13142,3526,6188,9714,1026,2942,3968,93979,99389,193368
2021-01-07,8141,7587,15728,7818,7534,15352,16547,16582,33129,18179,18157,36336,13901,13844,27745,10820,11401,22221,9027,9475,18502,6276,7032,13308,3550,6235,9785,1028,2951,3979,95287,100798,196085
2021-01-08,8192,7627,15819,7936,7675,15611,16833,16839,33672,18442,18452,36894,14088,14084,28172,10972,11574,22546,9130,9610,18740,6340,7134,13474,3577,6270,9847,1035,2959,3994,96545,102224,198769
2021-01-09,8224,7664,15888,8034,7777,15811,17030,17073,34103,18735,18750,37485,14275,14294,28569,11133,11743,22876,9227,9754,18981,6390,7203,13593,3596,6306,9902,1035,2971,4006,97679,103535,201214
2021-01-10,8267,7709,15976,8149,7906,16055,17250,17283,34533,18984,19057,38041,14478,14506,28984,11264,11907,23171,9340,9848,19188,6433,7272,13705,3608,6338,9946,1036,2981,4017,98809,104807,203616
2021-01-11,8320,7748,16068,8297,8051,16348,17559,17595,35154,19301,19425,38726,14727,14764,29491,11443,12089,23532,9462,10011,19473,6500,7341,13841,3628,6376,10004,1037,2987,4024,100274,106387,206661
2021-01-12,8380,7783,16163,8415,8172,16587,17816,17890,35706,19562,19699,39261,14931,14980,29911,11589,12277,23866,9584,10128,19712,6548,7401,13949,3655,6404,10059,1040,2996,4036,101520,107730,209250
2021-01-13,8449,7844,16293,8557,8319,16876,18132,18188,36320,19850,19985,39835,15165,15203,30368,11763,12481,24244,9715,10285,20000,6615,7473,14088,3676,6452,10128,1046,3000,4046,102968,109230,212198
2021-01-14,8503,7893,16396,8693,8462,17155,18400,18492,36892,20140,20294,40434,15367,15436,30803,11940,12699,24639,9839,10436,20275,6676,7542,14218,3695,6489,10184,1049,3006,4055,104302,110749,215051
2021-01-15,8558,7944,16502,8934,8675,17609,18737,18845,37582,20545,20706,41251,15689,15744,31433,12196,12970,25166,9991,10612,20603,6742,7638,14380,3719,6531,10250,1052,3017,4069,106163,112682,218845
2021-01-16,8590,7972,16562,9164,8901,18065,19027,19166,38193,20923,21094,42017,16036,16092,32128,12460,13215,25675,10152,10795,20947,6843,7737,14580,3742,6567,10309,1054,3028,4082,107991,114567,222558
2021-01-17,8626,7992,16618,9365,9105,18470,19302,19500,38802,21237,21422,42659,16368,16466,32834,12677,13449,26126,10271,10940,21211,6906,7806,14712,3763,6593,10356,1056,3030,4086,109571,116303,225874
2021-01-18,8676,8040,16716,9625,9373,18998,19677,19881,39558,21655,21842,43497,16750,16828,33578,12980,13741,26721,10474,11173,21647,7000,7923,14923,3791,6641,10432,1059,3039,4098,111687,118481,230168
2021-01-19,8732,8082,16814,9864,9583,19447,20056,20242,40298,22054,22241,44295,17123,17211,34334,13232,14035,27267,10667,11398,22065,7097,8040,15137,3811,6688,10499,1066,3055,4121,113702,120575,234277
2021-01-20,8786,8132,16918,10114,9824,19938,20390,20600,40990,22406,22588,44994,17464,17554,35018,13513,14329,27842,10882,11631,22513,7206,8161,15367,3836,6735,10571,1073,3069,4142,115670,122623,238293
2021-01-21,8844,8181,17025,10275,10016,20291,20690,20895,41585,22675,22892,45567,17706,17835,35541,13697,14590,28287,11046,11786,22832,7280,8246,15526,3873,6773,10646,1081,3080,4161,117167,124294,241461
2021-01-22,8889,8230,17119,10468,10182,20650,20933,21168,42101,22926,23154,46080,17945,18106,36051,13882,14793,28675,11186,11942,23128,7348,8334,15682,3890,6816,10706,1084,3083,4167,118551,125808,244359
2021-01-23,8924,8258,17182,10647,10348,20995,21200,21437,42637,23182,23435,46617,18180,18306,36486,14071,14994,29065,11283,12059,23342,7394,8393,15787,3904,6844,10748,1086,3090,4176,119871,127164,247035
2021-01-24,8952,8289,17241,10849,10539,21388,21491,21716,43207,23454,23709,47163,18453,18569,37022,14283,15205,29488,11417,12200,23617,7448,8462,15910,3924,6875,10799,1088,3097,4185,121359,128661,250020
2021-01-25,9003,8356,17359,11116,10767,21883,21877,22100,43977,23782,24071,47853,18776,18903,37679,14522,15471,29993,11606,12392,23998,7536,8564,16100,3953,6930,10883,1094,3108,4202,123265,130662,253927
2021-01-26,9070,8411,17481,11371,10969,22340,22196,22396,44592,24074,24355,48429,19053,19194,38247,14733,15722,30455,11758,12565,24323,7612,8654,16266,3981,6985,10966,1098,3124,4222,124946,132375,257321
2021-01-27,9134,8464,17598,11566,11176,22742,22507,22696,45203,24367,24664,49031,19315,19483,38798,14929,15958,30887,11902,12705,24607,7673,8729,16402,4011,7027,11038,1100,3142,4242,126504,134044,260548
2021-01-28,9189,8517,17706,11741,11332,23073,22758,22954,45712,24629,24926,49555,19524,19698,39222,15096,16163,31259,12028,12855,24883,7742,8818,16560,4039,7071,11110,1105,3156,4261,127851,135490,263341
2021-01-29,9232,8574,17806,11982,11551,23533,23081,23259,46340,24957,25279,50236,19823,20029,39852,15332,16421,31753,12209,13075,25284,7817,8929,16746,4062,7129,11191,1109,3165,4274,129604,137411,267015
2021-01-30,9263,8596,17859,12298,11846,24144,23362,23572,46934,25300,25670,50970,20199,20436,40635,15620,16734,32354,12375,13299,25674,7903,9037,16940,4081,7173,11254,1112,3173,4285,131513,139536,271049
2021-01-31,9292,8620,17912,12733,12266,24999,23739,23948,47687,25745,26123,51868,20758,21015,41773,16014,17142,33156,12576,13521,26097,7987,9145,17132,4105,7214,11319,1114,3184,4298,134063,142178,276241
2021-02-01,9338,8665,18003,13091,12685,25776,24090,24350,48440,26156,26581,52737,21231,21499,42730,16421,17527,33948,12808,13804,26612,8064,9283,17347,4140,7259,11399,1116,3194,4310,136455,144847,281302
2021-02-02,9380,8705,18085,13387,13003,26390,24420,24668,49088,26530,27010,53540,21708,22005,43713,16772,17896,34668,13059,14075,27134,8206,9439,17645,4174,7305,11479,1122,3206,4328,138758,147312,286070
2021-02-03,9424,8753,18177,13652,13228,26880,24718,25014,49732,26883,27375,54258,22086,22395,44481,17057,18203,35260,13279,14311,27590,8317,9586,17903,4209,7361,11570,1125,3217,4342,140750,149443,290193
2021-02-04,9477,8796,18273,13804,13370,27174,24957,25282,50239,27141,27654,54795,22304,22688,44992,17254,18430,35684,13408,14498,27906,8386,9691,18077,4231,7403,11634,1128,3233,4361,142090,151045,293135
2021-02-05,9525,8839,18364,13963,13515,27478,25193,25520,50713,27383,27907,55290,22521,22903,45424,17422,18626,36048,13545,14674,28219,8459,9777,18236,4247,7448,11695,1130,3240,4370,143388,152449,295837
2021-02-06,9552,8866,18418,14136,13684,27820,25399,25734,51133,27614,28198,55812,22741,23153,45894,17617,18839,36456,13659,14817,28476,8508,9860,18368,4264,7479,11743,1130,3247,4377,144620,153877,298497
2021-02-07,9584,8903,18487,14313,13850,28163,25587,25945,51532,27859,28466,56325,22964,23395,46359,17800,19053,36853,13767,14932,28699,8571,9923,18494,4280,7505,11785,1137,3252,4389,145862,155224,301086
2021-02-08,9632,8945,18577,14548,14118,28666,25883,26262,52145,28203,28845,57048,23347,23801,47148,18039,19332,37371,13927,15128,29055,8647,10029,18676,4307,7562,11869,1141,3268,4409,147674,157290,304964
2021-02-09,9676,8975,18651,14746,14329,29075,26151,26542,52693,28570,29183,57753,23657,24138,47795,18303,19597,37900,14124,15325,29449,8731,10139,18870,4339,7623,11962,1146,3282,4428,149443,159133,308576
2021-02-10,9723,9004,18727,14900,14482,29382,26381,26801,53182,28832,29506,58338,23948,24413,48361,18470,19824,38294,14272,15487,29759,8816,10230,19046,4368,7660,12028,1146,3292,4438,150856,160699,311555
2021-02-11,9771,9043,18814,15034,14643,29677,26578,27046,53624,29121,29793,58914,24194,24686,48880,18640,20032,38672,14413,15636,30049,8888,10307,19195,4392,7707,12099,1151,3302,4453,152182,162195,314377
2021-02-12,9819,9077,18896,15204,14810,30014,26779,27262,54041,29414,30087,59501,24449,24985,49434,18809,20235,39044,14542,15817,30359,8964,10394,19358,4417,7750,12167,1153,3315,4468,153550,163732,317282
2021-02-13,9843,9098,18941,15404,15028,30432,26991,27490,54481,29739,30408,60147,24755,25339,50094,19002,20459,39461,14680,15973,30653,9016,10468,19484,4436,7785,12221,1155,3326,4481,155021,165374,320395
2021-02-14,9865,9117,18982,15578,15229,30807,27156,27714,54870,30047,30774,60821,25109,25716,50825,19198,20690,39888,14835,16129,30964,9077,10575,19652,4451,7806,12257,1157,3339,4496,156473,167089,323562
2021-02-15,9890,9150,19040,15830,15508,31338,27411,27984,55395,30418,31179,61597,25550,26169,51719,19488,20969,40457,14989,16311,31300,9143,10677,19820,4467,7853,12320,1159,3351,4510,158345,169151,327496
2021-02-16,9917,9173,19090,16098,15741,31839,27739,28344,56083,30849,31668,62517,25959,26621,52580,19761,21199,40960,15128,16450,31578,9208,10760,19968,4480,7890,12370,1166,3357,4523,160305,171203,331508
2021-02-17,9951,9219,19170,16283,15929,32212,28146,28769,56915,31244,32076,63320,26275,26962,53237,19989,21458,41447,15329,16660,31989,9298,10871,20169,4501,7942,12443,1171,3370,4541,162187,173256,335443
2021-02-18,9983,9258,19241,16431,16101,32532,28474,29118,57592,31595,32461,64056,26558,27272,53830,20228,21699,41927,15481,16860,32341,9380,10982,20362,4530,7987,12517,1174,3376,4550,163834,175114,338948
2021-02-19,10032,9294,19326,16574,16264,32838,28780,29424,58204,31902,32806,64708,26825,27573,54398,20448,21943,42391,15641,17059,32700,9467,11093,20560,4550,8030,12580,1178,3385,4563,165397,176871,342268
2021-02-20,10071,9320,19391,16702,16419,33121,29040,29698,58738,32178,33117,65295,27083,27859,54942,20639,22180,42819,15754,17255,33009,9524,11171,20695,4573,8068,12641,1181,3388,4569,166745,178475,345220
2021-02-21,10110,9347,19457,16827,16572,33399,29255,29965,59220,32469,33423,65892,27324,28126,55450,20784,22374,43158,15887,17417,33304,9581,11243,20824,4594,8100,12694,1185,3397,4582,168016,179964,347980
2021-02-22,10160,9409,19569,16964,16745,33709,29522,30278,59800,32778,33796,66574,27602,28428,56030,20995,22606,43601,16029,17613,33642,9653,11341,20994,4633,8137,12770,1188,3402,4590,169524,181755,351279
2021-02-23,10224,9453,19677,17099,16880,33979,29761,30532,60293,33057,34109,67166,27833,28696,56529,21191,22820,44011,16182,17796,33978,9736,11455,21191,4662,8179,12841,1195,3417,4612,170940,183337,354277
2021-02-24,10265,9518,19783,17234,17026,34260,29956,30758,60714,33309,34376,67685,28001,28928,56929,21350,23006,44356,16346,17954,34300,9813,11551,21364,4684,8222,12906,1198,3426,4624,172156,184765,356921
2021-02-25,10339,9581,19920,17336,17137,34473,30167,30978,61145,33514,34601,68115,28197,29104,57301,21491,23177,44668,16462,18106,34568,9877,11644,21521,4703,8259,12962,1202,3442,4644,173288,186029,359317
2021-02-26,10392,9632,20024,17444,17255,34699,30385,31233,61618,33777,34838,68615,28391,29332,57723,21643,23360,45003,16588,18296,34884,9936,11732,21668,4723,8295,13018,1204,3459,4663,174483,187432,361915
2021-02-27,10424,9662,20086,17550,17394,34944,30573,31466,62039,34042,35121,69163,28578,29537,58115,21816,23571,45387,16745,18482,35227,10003,11821,21824,4743,8342,13085,1205,3466,4671,175679,188862,364541
2021-02-28,10454,9694,20148,17699,17558,35257,30815,31756,62571,34368,35495,69863,28843,29816,58659,22061,23875,45936,16949,18698,35647,10115,11943,22058,4764,8383,13147,1208,3475,4683,177276,190693,367969
2021-03-01,10532,9762,20294,17792,17685,35477,31040,31974,63014,34636,35742,70378,29058,30008,59066,22180,24039,46219,17079,18852,35931,10182,12051,22233,4787,8425,13212,1213,3488,4701,178499,192026,370525
2021-03-02,10616,9831,20447,17925,17801,35726,31245,32194,63439,34851,35983,70834,29242,30182,59424,22329,24233,46562,17183,18993,36176,10256,12114,22370,4819,8460,13279,1216,3495,4711,179682,193286,372968
2021-03-03,10702,9892,20594,18028,17885,35913,31391,32384,63775,35059,36163,71222,29390,30345,59735,22471,24404,46875,17328,19164,36492,10328,12217,22545,4835,8490,13325,1216,3510,4726,180748,194454,375202
2021-03-04,10770,9960,20730,18114,18000,36114,31554,32545,64099,35249,36338,71587,29525,30491,60016,22575,24559,47134,17441,19327,36768,10393,12324,22717,4855,8527,13382,1222,3523,4745,181698,195594,377292
2021-03-05,10829,10020,20849,18203,18098,36301,31717,32754,64471,35463,36543,72006,29669,30628,60297,22698,24721,47419,17565,19455,37020,10460,12411,22871,4872,8562,13434,1222,3529,4751,182698,196721,379419
2021-03-06,10868,10063,20931,18271,18174,36445,31875,32908,64783,35641,36716,72357,29801,30770,60571,22788,24857,47645,17655,19543,37198,10504,12473,22977,4893,8589,13482,1224,3535,4759,183520,197628,381148
2021-03-07,10907,10099,21006,18346,18245,36591,32012,33087,65099,35821,36901,72722,29898,30920,60818,22900,24999,47899,17772,19690,37462,10550,12542,23092,4914,8623,13537,1227,3539,4766,184347,198645,382992
2021-03-08,10979,10175,21154,18446,18357,36803,32182,33296,65478,36036,37129,73165,30062,31090,61152,23073,25182,48255,17935,19861,37796,10629,12630,23259,4936,8666,13602,1230,3550,4780,185508,199936,385444
2021-03-09,11073,10277,21350,18541,18461,37002,32350,33454,65804,36246,37348,73594,30256,31264,61520,23226,25351,48577,18068,20071,38139,10720,12733,23453,4959,8699,13658,1234,3557,4791,186673,201215,387888
2021-03-10,11177,10368,21545,18647,18551,37198,32522,33624,66146,36470,37568,74038,30397,31416,61813,23360,25522,48882,18196,20210,38406,10791,12837,23628,4979,8745,13724,1238,3566,4804,187777,202407,390184
2021-03-11,11258,10458,21716,18716,18647,37363,32661,33805,66466,36643,37746,74389,30504,31555,62059,23457,25644,49101,18289,20337,38626,10846,12908,23754,5004,8776,13780,1239,3581,4820,188617,203457,392074
2021-03-12,11354,10556,21910,18824,18762,37586,32811,33993,66804,36850,37966,74816,30647,31723,62370,23580,25823,49403,18410,20486,38896,10921,12996,23917,5027,8819,13846,1243,3593,4836,189667,204717,394384
2021-03-13,11423,10604,22027,18893,18841,37734,32982,34157,67139,37052,38179,75231,30788,31857,62645,23696,25977,49673,18554,20631,39185,10972,13065,24037,5038,8856,13894,1248,3596,4844,190646,205763,396409
2021-03-14,11478,10677,22155,18953,18919,37872,33125,34342,67467,37247,38406,75653,30923,32001,62924,23828,26151,49979,18696,20800,39496,11026,13156,24182,5057,8884,13941,1252,3605,4857,191585,206941,398526
2021-03-15,11617,10784,22401,19066,19037,38103,33306,34555,67861,37469,38655,76124,31112,32212,63324,24004,26336,50340,18859,20975,39834,11110,13278,24388,5075,8930,14005,1256,3620,4876,192874,208382,401256
2021-03-16,11725,10896,22621,19170,19157,38327,33462,34741,68203,37691,38883,76574,31272,32349,63621,24146,26518,50664,18984,21138,40122,11181,13378,24559,5088,8972,14060,1261,3636,4897,193980,209668,403648
2021-03-17,11805,10987,22792,19270,19254,38524,33628,34947,68575,37854,39050,76904,31396,32499,63895,24277,26668,50945,19112,21280,40392,11238,13464,24702,5106,9011,14117,1263,3649,4912,194949,210809,405758
2021-03-18,11891,11060,22951,19340,19340,38680,33766,35113,68879,38030,39199,77229,31512,32629,64141,24368,26791,51159,19205,21400,40605,11297,13537,24834,5123,9039,14162,1266,3657,4923,195798,211765,407563
2021-03-19,11986,11142,23128,19450,19447,38897,33914,35299,69213,38211,39389,77600,31627,32764,64391,24477,26935,51412,19304,21540,40844,11358,13602,24960,5135,9065,14200,1271,3665,4936,196733,212848,409581
2021-03-20,12024,11186,23210,19516,19524,39040,34041,35431,69472,38350,39555,77905,31733,32890,64623,24584,27070,51654,19399,21635,41034,11413,13660,25073,5152,9091,14243,1274,3672,4946,197486,213714,411200
2021-03-21,12083,11243,23326,19588,19601,39189,34186,35575,69761,38522,39721,78243,31842,33004,64846,24697,27208,51905,19488,21755,41243,11442,13724,25166,5169,9116,14285,1277,3681,4958,198294,214628,412922
2021-03-22,12171,11335,23506,19695,19695,39390,34340,35771,70111,38713,39923,78636,31999,33157,65156,24852,27373,52225,19604,21899,41503,11507,13801,25308,5191,9164,14355,1281,3702,4983,199353,215820,415173
2021-03-23,12268,11430,23698,19811,19805,39616,34514,35957,70471,38883,40102,78985,32141,33281,65422,24994,27529,52523,19725,22053,41778,11575,13890,25465,5215,9192,14407,1282,3713,4995,200408,216952,417360
2021-03-24,12323,11492,23815,19895,19878,39773,34630,36079,70709,39020,40271,79291,32234,33397,65631,25084,27643,52727,19789,22151,41940,11620,13960,25580,5226,9225,14451,1283,3718,5001,201104,217814,418918
2021-03-25,12395,11567,23962,19985,19978,39963,34771,36247,71018,39196,40442,79638,32378,33561,65939,25193,27776,52969,19883,22271,42154,11672,14024,25696,5250,9253,14503,1286,3723,5009,202009,218842,420851
2021-03-26,12492,11658,24150,20097,20103,40200,34938,36423,71361,39402,40625,80027,32519,33717,66236,25297,27927,53224,19968,22403,42371,11735,14098,25833,5271,9287,14558,1288,3733,5021,203007,219974,422981
2021-03-27,12568,11721,24289,20150,20170,40320,35082,36552,71634,39585,40802,80387,32645,33855,66500,25408,28062,53470,20079,22528,42607,11775,14160,25935,5285,9319,14604,1293,3738,5031,203870,220907,424777
2021-03-28,12626,11758,24384,20196,20244,40440,35190,36679,71869,39724,40966,80690,32775,33982,66757,25506,28194,53700,20167,22652,42819,11817,14200,26017,5301,9341,14642,1295,3743,5038,204597,221759,426356
2021-03-29,12718,11837,24555,20312,20341,40653,35345,36863,72208,39903,41167,81070,32936,34148,67084,25640,28331,53971,20270,22799,43069,11865,14251,26116,5318,9369,14687,1296,3754,5050,205603,222860,428463
2021-03-30,12796,11913,24709,20414,20448,40862,35474,37001,72475,40071,41331,81402,33062,34300,67362,25747,28448,54195,20362,22930,43292,11902,14306,26208,5337,9398,14735,1301,3761,5062,206466,223836,430302
2021-03-31,12864,11978,24842,20491,20508,40999,35608,37153,72761,40229,41492,81721,33166,34427,67593,25813,28558,54371,20417,23004,43421,11928,14349,26277,5353,9420,14773,1303,3770,5073,207172,224659,431831
2021-04-01,12924,12036,24960,20573,20590,41163,35757,37315,73072,40400,41648,82048,33287,34559,67846,25903,28682,54585,20500,23105,43605,11966,14399,26365,5366,9436,14802,1305,3779,5084,207981,225549,433530
2021-04-02,12997,12085,25082,20653,20677,41330,35880,37452,73332,40568,41794,82362,33408,34667,68075,25997,28798,54795,20570,23185,43755,12007,14432,26439,5378,9448,14826,1308,3784,5092,208766,226322,435088
2021-04-03,13043,12140,25183,20723,20762,41485,36004,37587,73591,40721,41966,82687,33532,34795,68327,26099,28922,55021,20665,23275,43940,12040,14484,26524,5394,9483,14877,1312,3788,5100,209533,227202,436735
2021-04-04,13108,12190,25298,20859,20893,41752,36181,37785,73966,40947,42210,83157,33697,34994,68691,26206,29071,55277,20741,23379,44120,12069,14530,26599,5411,9507,14918,1313,3795,5108,210532,228354,438886
2021-04-05,13192,12276,25468,21039,21077,42116,36421,38049,74470,41225,42463,83688,33922,35245,69167,26366,29270,55636,20847,23525,44372,12118,14589,26707,5423,9543,14966,1318,3804,5122,211871,229841,441712
2021-04-06,13275,12385,25660,21195,21226,42421,36712,38285,74997,41491,42773,84264,34147,35463,69610,26511,29451,55962,20961,23698,44659,12183,14684,26867,5447,9580,15027,1321,3817,5138,213243,231362,444605
2021-04-07,13377,12473,25850,21364,21388,42752,36969,38549,75518,41754,43066,84820,34375,35688,70063,26668,29650,56318,21053,23858,44911,12243,14766,27009,5460,9620,15080,1322,3825,5147,214585,232883,447468
2021-04-08,13464,12553,26017,21501,21518,43019,37165,38797,75962,42002,43340,85342,34548,35876,70424,26795,29813,56608,21156,23989,45145,12294,14833,27127,5478,9649,15127,1322,3838,5160,215725,234206,449931
2021-04-09,13545,12623,26168,21593,21621,43214,37291,38977,76268,42162,43508,85670,34697,36019,70716,26896,29927,56823,21227,24080,45307,12330,14882,27212,5486,9672,15158,1325,3846,5171,216552,235155,451707
2021-04-10,13594,12675,26269,21693,21736,43429,37467,39140,76607,42350,43681,86031,34820,36157,70977,27003,30050,57053,21306,24165,45471,12346,14919,27265,5493,9687,15180,1326,3849,5175,217398,236059,453457
2021-04-11,13644,12730,26374,21767,21831,43598,37596,39265,76861,42494,43854,86348,34958,36296,71254,27102,30149,57251,21383,24247,45630,12369,14956,27325,5505,9709,15214,1328,3854,5182,218146,236891,455037
2021-04-12,13728,12805,26533,21899,21956,43855,37746,39449,77195,42697,44077,86774,35118,36489,71607,27226,30338,57564,21483,24362,45845,12399,15011,27410,5517,9737,15254,1329,3866,5195,219142,238090,457232
2021-04-13,13824,12868,26692,21984,22045,44029,37913,39595,77508,42907,44281,87188,35269,36650,71919,27347,30468,57815,21552,24445,45997,12441,15043,27484,5526,9753,15279,1332,3874,5206,220095,239022,459117
2021-04-14,13909,12940,26849,22069,22115,44184,38022,39718,77740,43041,44407,87448,35363,36768,72131,27424,30565,57989,21650,24539,46189,12482,15102,27584,5541,9774,15315,1337,3879,5216,220838,239807,460645
2021-04-15,14005,13019,27024,22174,22242,44416,38222,39919,78141,43255,44609,87864,35570,36963,72533,27561,30751,58312,21735,24643,46378,12512,15148,27660,5556,9799,15355,1339,3887,5226,221929,240980,462909
2021-04-16,14094,13099,27193,22261,22339,44600,38428,40118,78546,43484,44846,88330,35741,37152,72893,27710,30940,58650,21853,24790,46643,12544,15200,27744,5564,9825,15389,1340,3896,5236,223019,242205,465224
2021-04-17,14176,13171,27347,22360,22430,44790,38595,40261,78856,43705,45029,88734,35902,37318,73220,27828,31074,58902,21946,24885,46831,12577,15259,27836,5575,9851,15426,1343,3900,5243,224007,243178,467185
2021-04-18,14228,13226,27454,22426,22485,44911,38720,40396,79116,43857,45203,89060,36051,37451,73502,27940,31192,59132,22041,24969,47010,12608,15299,27907,5597,9871,15468,1346,3907,5253,224814,243999,468813
2021-04-19,14323,13300,27623,22537,22593,45130,38929,40600,79529,44088,45436,89524,36237,37632,73869,28093,31352,59445,22160,25095,47255,12648,15364,28012,5605,9909,15514,1350,3920,5270,225970,245201,471171
2021-04-20,14421,13405,27826,22643,22688,45331,39093,40775,79868,44264,45627,89891,36406,37811,74217,28227,31480,59707,22276,25235,47511,12695,15417,28112,5629,9940,15569,1354,3929,5283,227008,246307,473315
2021-04-21,14514,13474,27988,22733,22752,45485,39249,40915,80164,44431,45787,90218,36532,37955,74487,28336,31602,59938,22370,25342,47712,12735,15456,28191,5640,9982,15622,1357,3935,5292,227897,247200,475097
2021-04-22,14622,13559,28181,22850,22850,45700,39419,41084,80503,44624,46013,90637,36715,38172,74887,28476,31750,60226,22468,25477,47945,12781,15526,28307,5655,10023,15678,1358,3944,5302,228968,248398,477366
2021-04-23,14710,13640,28350,22933,22948,45881,39605,41267,80872,44852,46231,91083,36895,38383,75278,28622,31940,60562,22565,25611,48176,12831,15593,28424,5671,10046,15717,1362,3950,5312,230046,249609,479655
2021-04-24,14759,13679,28438,22976,22979,45955,39650,41329,80979,44923,46301,91224,36959,38467,75426,28659,31984,60643,22592,25642,48234,12857,15631,28488,5677,10067,15744,1364,3966,5330,230416,250045,480461
2021-04-25,14823,13740,28563,23045,23040,46085,39745,41449,81194,45072,46437,91509,37098,38592,75690,28774,32105,60879,22668,25715,48383,12886,15665,28551,5687,10089,15776,1364,3969,5333,231162,250801,481963
2021-04-26,14915,13838,28753,23151,23145,46296,39922,41618,81540,45274,46646,91920,37274,38775,76049,28940,32268,61208,22766,25825,48591,12948,15737,28685,5700,10116,15816,1367,3975,5342,232257,251943,484200
2021-04-27,14996,13911,28907,23248,23243,46491,40114,41828,81942,45460,46838,92298,37422,38963,76385,29066,32405,61471,22861,25933,48794,12992,15812,28804,5721,10147,15868,1371,3983,5354,233251,253063,486314
2021-04-28,15090,14001,29091,23350,23346,46696,40282,42001,82283,45655,47036,92691,37587,39127,76714,29185,32528,61713,22948,26038,48986,13035,15866,28901,5731,10172,15903,1376,3991,5367,234239,254106,488345
2021-04-29,15193,14091,29284,23487,23478,46965,40479,42227,82706,45908,47289,93197,37815,39332,77147,29343,32726,62069,23054,26181,49235,13099,15955,29054,5760,10218,15978,1378,4006,5384,235516,255503,491019
2021-04-30,15291,14172,29463,23576,23574,47150,40584,42376,82960,46043,47447,93490,37926,39474,77400,29441,32836,62277,23123,26291,49414,13154,16016,29170,5782,10255,16037,1381,4024,5405,236301,256465,492766
2021-05-01,15359,14233,29592,23659,23634,47293,40705,42503,83208,46200,47602,93802,38054,39627,77681,29539,32955,62494,23195,26372,49567,13199,16068,29267,5799,10294,16093,1381,4028,5409,237090,257316,494406
2021-05-02,15425,14293,29718,23741,23723,47464,40860,42679,83539,46415,47834,94249,38214,39848,78062,29673,33108,62781,23293,26503,49796,13239,16128,29367,5815,10318,16133,1384,4044,5428,238059,258478,496537
2021-05-03,15558,14413,29971,23858,23858,47716,41165,42963,84128,46745,48208,94953,38502,40173,78675,29891,33403,63294,23463,26741,50204,13329,16241,29570,5838,10371,16209,1386,4060,5446,239735,260431,500166
2021-05-04,15668,14510,30178,23991,24010,48001,41431,43215,84646,47073,48519,95592,38748,40423,79171,30099,33664,63763,23605,26933,50538,13421,16364,29785,5863,10413,16276,1387,4078,5465,241286,262129,503415
2021-05-05,15787,14607,30394,24113,24127,48240,41676,43489,85165,47361,48822,96183,38985,40646,79631,30269,33870,64139,23733,27065,50798,13498,16448,29946,5896,10453,16349,1394,4092,5486,242712,263619,506331
2021-05-06,15879,14712,30591,24283,24287,48570,41919,43801,85720,47654,49129,96783,39257,40901,80158,30461,34097,64558,23858,27208,51066,13566,16529,30095,5925,10499,16424,1398,4113,5511,244200,265276,509476
2021-05-07,15994,14822,30816,24457,24448,48905,42183,44126,86309,47940,49469,97409,39529,41206,80735,30640,34342,64982,23993,27371,51364,13633,16626,30259,5944,10530,16474,1401,4119,5520,245714,267059,512773
2021-05-08,16047,14885,30932,24533,24519,49052,42334,44293,86627,48143,49665,97808,39660,41345,81005,30741,34462,65203,24060,27446,51506,13676,16661,30337,5964,10558,16522,1402,4130,5532,246560,267964,514524
2021-05-09,16120,14956,31076,24608,24602,49210,42463,44442,86905,48307,49849,98156,39810,41508,81318,30837,34587,65424,24132,27527,51659,13726,16723,30449,5982,10581,16563,1411,4132,5543,247396,268907,516303
2021-05-10,16232,15065,31297,24739,24734,49473,42745,44697,87442,48618,50146,98764,40059,41807,81866,31049,34796,65845,24290,27698,51988,13806,16825,30631,6012,10632,16644,1412,4141,5553,248962,270541,519503
2021-05-11,16338,15156,31494,24857,24854,49711,42938,44904,87842,48865,50390,99255,40265,42003,82268,31192,34964,66156,24424,27842,52266,13872,16913,30785,6037,10664,16701,1417,4149,5566,250205,271839,522044
2021-05-12,16435,15244,31679,24971,24958,49929,43118,45127,88245,49114,50602,99716,40477,42216,82693,31355,35130,66485,24537,27980,52517,13919,16984,30903,6055,10703,16758,1422,4160,5582,251403,273104,524507
2021-05-13,16567,15326,31893,25067,25053,50120,43342,45380,88722,49332,50869,100201,40684,42401,83085,31488,35307,66795,24640,28103,52743,13967,17056,31023,6075,10750,16825,1423,4165,5588,252585,274410,526995
2021-05-14,16688,15447,32135,25185,25217,50402,43619,45683,89302,49657,51201,100858,40903,42703,83606,31683,35535,67218,24767,28274,53041,14029,17140,31169,6105,10792,16897,1428,4173,5601,254064,276165,530229
2021-05-15,16775,15540,32315,25278,25333,50611,43794,45902,89696,49878,51458,101336,41087,42936,84023,31832,35687,67519,24860,28397,53257,14068,17189,31257,6124,10823,16947,1429,4187,5616,255125,277452,532577
2021-05-16,16845,15612,32457,25352,25422,50774,43935,46036,89971,50056,51660,101716,41259,43117,84376,31965,35832,67797,24954,28495,53449,14109,17238,31347,6139,10856,16995,1430,4201,5631,256044,278469,534513
2021-05-17,17019,15766,32785,25530,25597,51127,44239,46376,90615,50450,52071,102521,41575,43486,85061,32236,36140,68376,25122,28698,53820,14211,17371,31582,6179,10924,17103,1433,4216,5649,257994,280645,538639
2021-05-18,17165,15916,33081,25694,25772,51466,44582,46687,91269,50840,52456,103296,41942,43844,85786,32495,36405,68900,25289,28891,54180,14297,17472,31769,6210,10972,17182,1437,4225,5662,259951,282640,542591
2021-05-19,17328,16043,33371,25878,25957,51835,44933,47051,91984,51244,52868,104112,42296,44184,86480,32738,36694,69432,25465,29093,54558,14377,17567,31944,6242,11017,17259,1444,4242,5686,261945,284716,546661
2021-05-20,17485,16192,33677,26052,26170,52222,45327,47463,92790,51684,53267,104951,42634,44523,87157,32974,36984,69958,25641,29276,54917,14456,17670,32126,6274,11069,17343,1448,4257,5705,263975,286871,550846
2021-05-21,17601,16293,33894,26194,26320,52514,45621,47811,93432,52039,53667,105706,42936,44854,87790,33193,37233,70426,25789,29472,55261,14533,17740,32273,6305,11127,17432,1449,4268,5717,265660,288785,554445
2021-05-22,17666,16346,34012,26274,26421,52695,45776,48014,93790,52263,53877,106140,43104,45029,88133,33309,37367,70676,25868,29556,55424,14574,17784,32358,6320,11164,17484,1450,4281,5731,266604,289839,556443
2021-05-23,17728,16402,34130,26332,26505,52837,45911,48161,94072,52424,54052,106476,43249,45162,88411,33416,37508,70924,25934,29652,55586,14617,17819,32436,6331,11211,17542,1459,4295,5754,267401,290767,558168
2021-05-24,17823,16470,34293,26437,26642,53079,46153,48381,94534,52694,54344,107038,43479,45436,88915,33621,37761,71382,26057,29815,55872,14693,17906,32599,6356,11253,17609,1462,4306,5768,268775,292314,561089
2021-05-25,17899,16530,34429,26528,26745,53273,46380,48622,95002,52930,54612,107542,43704,45656,89360,33811,37955,71766,26169,29949,56118,14756,17975,32731,6373,11290,17663,1467,4315,5782,270017,293649,563666
2021-05-26,18010,16624,34634,26679,26905,53584,46703,48928,95631,53261,54937,108198,44002,45969,89971,34080,38234,72314,26313,30139,56452,14841,18075,32916,6401,11356,17757,1474,4322,5796,271764,295489,567253
2021-05-27,18101,16715,34816,26791,27023,53814,46946,49204,96150,53569,55235,108804,44221,46178,90399,34282,38472,72754,26434,30285,56719,14924,18156,33080,6423,11393,17816,1476,4337,5813,273167,296998,570165
2021-05-28,18205,16809,35014,26935,27204,54139,47255,49530,96785,53905,55571,109476,44521,46510,91031,34573,38785,73358,26597,30505,57102,14998,18251,33249,6449,11442,17891,1481,4349,5830,274919,298956,573875
2021-05-29,18278,16878,35156,27014,27301,54315,47443,49743,97186,54154,55805,109959,44744,46727,91471,34711,38963,73674,26692,30622,57314,15046,18316,33362,6468,11483,17951,1486,4362,5848,276036,300200,576236
2021-05-30,18319,16928,35247,27078,27371,54449,47617,49934,97551,54350,56000,110350,44922,46881,91803,34816,39102,73918,26764,30701,57465,15076,18369,33445,6483,11510,17993,1489,4371,5860,276914,301167,578081
2021-05-31,18412,17018,35430,27216,27507,54723,47920,50238,98158,54701,56336,111037,45206,47184,92390,34992,39320,74312,26895,30869,57764,15158,18474,33632,6514,11570,18084,1490,4387,5877,278504,302903,581407
2021-06-01,18517,17114,35631,27344,27639,54983,48176,50495,98671,55007,56634,111641,45449,47447,92896,35192,39556,74748,27052,31041,58093,15245,18571,33816,6549,11612,18161,1495,4398,5893,280026,304507,584533
2021-06-02,18643,17211,35854,27477,27784,55261,48451,50812,99263,55309,56975,112284,45722,47722,93444,35365,39768,75133,27183,31218,58401,15331,18672,34003,6579,11664,18243,1502,4414,5916,281562,306240,587802
2021-06-03,18748,17324,36072,27634,27921,55555,48740,51093,99833,55624,57314,112938,45997,48004,94001,35554,39989,75543,27329,31393,58722,15407,18773,34180,6608,11694,18302,1506,4431,5937,283147,307936,591083
2021-06-04,18902,17459,36361,27784,28070,55854,49055,51410,100465,55946,57636,113582,46286,48302,94588,35775,40293,76068,27471,31570,59041,15499,18892,34391,6634,11751,18385,1508,4440,5948,284860,309823,594683
2021-06-05,18981,17542,36523,27864,28154,56018,49225,51617,100842,56148,57861,114009,46466,48483,94949,35912,40443,76355,27546,31662,59208,15544,18969,34513,6649,11777,18426,1513,4454,5967,285848,310962,596810
2021-06-06,19062,17632,36694,27947,28244,56191,49388,51786,101174,56337,58072,114409,46629,48646,95275,36057,40590,76647,27626,31769,59395,15589,19028,34617,6662,11804,18466,1513,4467,5980,286810,312038,598848
2021-06-07,19182,17779,36961,28086,28394,56480,49658,52072,101730,56668,58390,115058,46883,48959,95842,36278,40841,77119,27790,31970,59760,15694,19174,34868,6700,11886,18586,1520,4500,6020,288459,313965,602424
2021-06-08,19327,17912,37239,28216,28535,56751,49919,52372,102291,57008,58695,115703,47144,49222,96366,36499,41101,77600,27910,32111,60021,15770,19309,35079,6726,11940,18666,1524,4517,6041,290043,315714,605757
2021-06-09,19464,18050,37514,28360,28659,57019,50229,52676,102905,57337,59052,116389,47411,49506,96917,36712,41370,78082,28048,32274,60322,15853,19404,35257,6763,12001,18764,1528,4535,6063,291705,317527,609232
2021-06-10,19586,18187,37773,28485,28810,57295,50530,52994,103524,57662,59410,117072,47667,49777,97444,36899,41607,78506,28165,32450,60615,15941,19526,35467,6793,12050,18843,1533,4553,6086,293261,319364,612625
2021-06-11,19705,18297,38002,28592,28947,57539,50824,53317,104141,57966,59769,117735,47941,50082,98023,37110,41835,78945,28305,32607,60912,16025,19651,35676,6823,12120,18943,1539,4568,6107,294830,321193,616023
2021-06-12,19798,18383,38181,28690,29038,57728,51021,53525,104546,58198,60013,118211,48128,50278,98406,37243,42008,79251,28395,32731,61126,16072,19732,35804,6850,12154,19004,1543,4579,6122,295938,322441,618379
2021-06-13,19900,18485,38385,28783,29137,57920,51181,53676,104857,58380,60197,118577,48307,50474,98781,37377,42171,79548,28486,32835,61321,16112,19788,35900,6869,12188,19057,1547,4590,6137,296942,323541,620483
2021-06-14,20051,18613,38664,28927,29290,58217,51430,53998,105428,58696,60551,119247,48596,50774,99370,37586,42439,80025,28621,33031,61652,16215,19904,36119,6898,12239,19137,1563,4609,6172,298583,325448,624031
2021-06-15,20202,18766,38968,29087,29439,58526,51728,54289,106017,59009,60906,119915,48862,51091,99953,37797,42681,80478,28774,33192,61966,16298,20000,36298,6935,12281,19216,1567,4626,6193,300259,327271,627530
2021-06-16,20355,18916,39271,29241,29581,58822,52012,54590,106602,59333,61249,120582,49135,51397,100532,37972,42894,80866,28903,33348,62251,16372,20094,36466,6967,12323,19290,1568,4639,6207,301858,329031,630889
2021-06-17,20498,19052,39550,29401,29750,59151,52314,54923,107237,59663,61632,121295,49409,51712,101121,38136,43123,81259,29040,33517,62557,16473,20212,36685,6991,12370,19361,1570,4650,6220,303495,330941,634436
2021-06-18,20623,19160,39783,29536,29894,59430,52613,55190,107803,59983,61979,121962,49672,52056,101728,38294,43359,81653,29148,33679,62827,16529,20302,36831,7020,12401,19421,1574,4664,6238,304992,332684,637676
2021-06-19,20721,19264,39985,29630,29974,59604,52789,55390,108179,60190,62242,122432,49854,52277,102131,38403,43497,81900,29255,33785,63040,16592,20371,36963,7044,12459,19503,1577,4682,6259,306055,333941,639996
2021-06-20,20815,19336,40151,29709,30028,59737,52892,55513,108405,60323,62427,122750,49986,52429,102415,38496,43612,82108,29324,33869,63193,16639,20423,37062,7057,12486,19543,1578,4691,6269,306819,334814,641633
2021-06-21,20925,19442,40367,29808,30112,59920,53047,55719,108766,60557,62643,123200,50194,52643,102837,38647,43777,82424,29406,33975,63381,16693,20500,37193,7087,12515,19602,1581,4695,6276,307945,336021,643966
2021-06-22,21099,19596,40695,29967,30266,60233,53320,56053,109373,60875,62990,123865,50502,52977,103479,38839,44010,82849,29577,34174,63751,16775,20620,37395,7116,12570,19686,1591,4706,6297,309661,337962,647623
2021-06-23,21289,19749,41038,30147,30424,60571,53572,56366,109938,61223,63372,124595,50798,53346,104144,39004,44241,83245,29734,34347,64081,16852,20736,37588,7150,12625,19775,1597,4726,6323,311366,339932,651298
2021-06-24,21481,19894,41375,30300,30605,60905,53857,56706,110563,61540,63762,125302,51092,53662,104754,39176,44481,83657,29885,34538,64423,16927,20831,37758,7170,12678,19848,1599,4739,6338,313027,341896,654923
2021-06-25,21683,20062,41745,30470,30794,61264,54151,57067,111218,61915,64231,126146,51361,54002,105363,39412,44761,84173,30056,34762,64818,17010,20962,37972,7201,12739,19940,1608,4757,6365,314867,344137,659004
2021-06-26,21783,20150,41933,30551,30897,61448,54306,57239,111545,62129,64461,126590,51518,54208,105726,39534,44872,84406,30163,34902,65065,17079,21065,38144,7222,12774,19996,1613,4773,6386,315898,345341,661239
2021-06-27,21900,20240,42140,30623,30983,61606,54441,57412,111853,62295,64651,126946,51661,54377,106038,39629,44983,84612,30247,34986,65233,17128,21131,38259,7233,12811,20044,1613,4782,6395,316770,346356,663126
2021-06-28,22034,20350,42384,30705,31066,61771,54587,57604,112191,62517,64877,127394,51826,54580,106406,39763,45112,84875,30344,35076,65420,17188,21208,38396,7264,12844,20108,1615,4797,6412,317843,347514,665357
2021-06-29,22175,20527,42702,30851,31224,62075,54841,57911,112752,62815,65192,128007,52053,54843,106896,39941,45294,85235,30482,35220,65702,17275,21293,38568,7287,12901,20188,1617,4824,6441,319337,349229,668566
2021-06-30,22356,20698,43054,31034,31380,62414,55112,58247,113359,63165,65563,128728,52321,55122,107443,40108,45556,85664,30597,35398,65995,17347,21383,38730,7319,12947,20266,1622,4841,6463,320981,351135,672116
2021-07-01,22487,20832,43319,31174,31534,62708,55370,58525,113895,63444,65929,129373,52536,55394,107930,40272,45771,86043,30707,35554,66261,17424,21475,38899,7348,13000,20348,1626,4855,6481,322388,352869,675257
2021-07-02,22667,20981,43648,31369,31706,63075,55646,58857,114503,63760,66337,130097,52744,55713,108457,40448,46016,86464,30839,35741,66580,17504,21577,39081,7370,13047,20417,1630,4868,6498,323977,354843,678820
2021-07-03,22777,21098,43875,31477,31832,63309,55818,59074,114892,63997,66603,130600,52922,55943,108865,40573,46162,86735,30952,35860,66812,17552,21652,39204,7388,13083,20471,1637,4883,6520,325093,356190,681283
2021-07-04,22883,21241,44124,31576,31923,63499,55949,59262,115211,64167,66818,130985,53066,56110,109176,40693,46323,87016,31034,35964,66998,17586,21723,39309,7401,13116,20517,1641,4894,6535,325996,357374,683370
2021-07-05,23104,21437,44541,31756,32094,63850,56257,59599,115856,64525,67229,131754,53324,56446,109770,40879,46579,87458,31185,36129,67314,17679,21831,39510,7436,13169,20605,1647,4911,6558,327792,359424,687216
2021-07-06,23333,21655,44988,31990,32276,64266,56597,59955,116552,64898,67667,132565,53623,56798,110421,41070,46829,87899,31316,36311,67627,17763,21944,39707,7462,13224,20686,1650,4939,6589,329702,361598,691300
2021-07-07,23532,21857,45389,32189,32477,64666,56934,60319,117253,65250,68093,133343,53929,57112,111041,41286,47053,88339,31437,36460,67897,17838,22025,39863,7485,13282,20767,1659,4952,6611,331539,363630,695169
2021-07-08,23728,22057,45785,32408,32712,65120,57333,60721,118054,65648,68548,134196,54231,57521,111752,41520,47337,88857,31584,36685,68269,17924,22151,40075,7525,13326,20851,1663,4968,6631,333564,366026,699590
2021-07-09,23872,22205,46077,32561,32861,65422,57561,60980,118541,65913,68856,134769,54455,57800,112255,41674,47511,89185,31700,36795,68495,17973,22220,40193,7553,13370,20923,1670,4980,6650,334932,367578,702510
2021-07-10,23992,22342,46334,32712,32999,65711,57762,61203,118965,66142,69128,135270,54631,58028,112659,41822,47693,89515,31800,36924,68724,18034,22301,40335,7572,13413,20985,1675,4991,6666,336142,369022,705164
2021-07-11,24161,22494,46655,32829,33103,65932,57931,61384,119315,66351,69393,135744,54813,58279,113092,41968,47850,89818,31903,37036,68939,18086,22372,40458,7586,13436,21022,1682,5002,6684,337310,370349,707659
2021-07-12,24388,22727,47115,33049,33329,66378,58285,61794,120079,66769,69821,136590,55162,58694,113856,42184,48150,90334,32083,37222,69305,18180,22478,40658,7616,13482,21098,1692,5021,6713,339408,372718,712126
2021-07-13,24632,22920,47552,33268,33562,66830,58655,62170,120825,67113,70228,137341,55467,59053,114520,42408,48435,90843,32229,37402,69631,18268,22594,40862,7645,13542,21187,1702,5039,6741,341387,374945,716332
2021-07-14,24872,23148,48020,33546,33799,67345,59073,62598,121671,67479,70686,138165,55796,59447,115243,42645,48734,91379,32403,37593,69996,18342,22689,41031,7671,13594,21265,1707,5054,6761,343534,377342,720876
2021-07-15,25094,23340,48434,33847,34071,67918,59504,63034,122538,67906,71155,139061,56182,59908,116090,42910,49023,91933,32566,37798,70364,18422,22809,41231,7696,13641,21337,1715,5073,6788,345842,379852,725694
2021-07-16,25282,23521,48803,34067,34315,68382,59869,63437,123306,68289,71594,139883,56565,60340,116905,43136,49284,92420,32699,37988,70687,18488,22914,41402,7722,13693,21415,1720,5088,6808,347837,382174,730011
2021-07-17,25407,23667,49074,34228,34477,68705,60105,63698,123803,68551,71916,140467,56793,60615,117408,43304,49481,92785,32809,38108,70917,18558,22987,41545,7733,13714,21447,1724,5098,6822,349212,383761,732973
2021-07-18,25528,23769,49297,34351,34612,68963,60298,63947,124245,68765,72166,140931,56993,60832,117825,43462,49657,93119,32890,38215,71105,18621,23062,41683,7760,13753,21513,1726,5104,6830,350394,385117,735511
2021-07-19,25722,23936,49658,34512,34785,69297,60649,64326,124975,69087,72538,141625,57309,61208,118517,43686,49972,93658,33071,38421,71492,18712,23189,41901,7798,13804,21602,1731,5112,6843,352277,387291,739568
2021-07-20,25907,24106,50013,34675,34954,69629,60948,64688,125636,69403,72905,142308,57587,61527,119114,43882,50200,94082,33225,38597,71822,18796,23298,42094,7827,13854,21681,1735,5135,6870,353985,389264,743249
2021-07-21,26112,24290,50402,34903,35169,70072,61315,65092,126407,69760,73349,143109,57907,61960,119867,44148,50535,94683,33412,38853,72265,18892,23443,42335,7859,13919,21778,1739,5151,6890,356047,391761,747808
2021-07-22,26307,24453,50760,35159,35393,70552,61676,65533,127209,70187,73830,144017,58299,62436,120735,44416,50866,95282,33568,39057,72625,18988,23559,42547,7891,13975,21866,1743,5160,6903,358234,394262,752496
2021-07-23,26470,24581,51051,35323,35577,70900,61950,65849,127799,70529,74251,144780,58591,62779,121370,44631,51091,95722,33686,39216,72902,19048,23665,42713,7913,14016,21929,1749,5175,6924,359890,396200,756090
2021-07-24,26608,24724,51332,35495,35794,71289,62215,66147,128362,70875,74643,145518,58913,63128,122041,44819,51327,96146,33802,39396,73198,19126,23744,42870,7939,14053,21992,1753,5183,6936,361545,398139,759684
2021-07-25,26726,24841,51567,35676,35992,71668,62414,66396,128810,71179,75023,146202,59307,63555,122862,45038,51562,96600,33925,39518,73443,19209,23824,43033,7953,14087,22040,1759,5192,6951,363186,399990,763176
2021-07-26,26885,25029,51914,35946,36321,72267,62743,66870,129613,71638,75576,147214,59760,64104,123864,45336,51918,97254,34112,39766,73878,19311,23992,43303,7992,14159,22151,1767,5212,6979,365490,402947,768437
2021-07-27,27010,25156,52166,36103,36518,72621,63020,67192,130212,71926,75905,147831,60029,64391,124420,45509,52128,97637,34234,39909,74143,19382,24102,43484,8023,14201,22224,1771,5224,6995,367007,404726,771733
2021-07-28,27142,25287,52429,36280,36736,73016,63342,67549,130891,72276,76283,148559,60315,64718,125033,45729,52387,98116,34403,40086,74489,19459,24207,43666,8048,14240,22288,1777,5229,7006,368771,406722,775493
2021-07-29,27288,25414,52702,36483,36934,73417,63626,67913,131539,72638,76719,149357,60614,65084,125698,45938,52624,98562,34554,40254,74808,19533,24308,43841,8073,14274,22347,1782,5247,7029,370529,408771,779300
2021-07-30,27450,25562,53012,36724,37185,73909,64013,68376,132389,73082,77286,150368,61000,65598,126598,46239,53007,99246,34755,40506,75261,19613,24450,44063,8109,14337,22446,1790,5260,7050,372775,411567,784342
2021-07-31,27614,25729,53343,36946,37450,74396,64274,68721,132995,73485,77787,151272,61452,66121,127573,46515,53305,99820,34904,40725,75629,19698,24565,44263,8134,14364,22498,1792,5275,7067,374814,414042,788856
2021-08-01,27787,25919,53706,37151,37712,74863,64452,68988,133440,73815,78188,152003,61851,66612,128463,46717,53553,100270,35025,40885,75910,19766,24669,44435,8156,14413,22569,1799,5285,7084,376519,416224,792743
2021-08-02,28033,26123,54156,37421,38004,75425,64778,69410,134188,74286,78721,153007,62297,67171,129468,47009,53949,100958,35267,41161,76428,19879,24824,44703,8205,14481,22686,1804,5304,7108,378979,419148,798127
2021-08-03,28294,26363,54657,37683,38332,76015,65102,69859,134961,74705,79232,153937,62711,67711,130422,47307,54335,101642,35474,41463,76937,20015,25000,45015,8236,14547,22783,1809,5320,7129,381336,422162,803498
2021-08-04,28538,26577,55115,37910,38565,76475,65440,70250,135690,75093,79684,154777,63016,68098,131114,47519,54636,102155,35654,41681,77335,20094,25135,45229,8261,14597,22858,1811,5339,7150,383336,424562,807898
2021-08-05,28795,26859,55654,38167,38884,77051,65888,70779,136667,75555,80227,155782,63441,68616,132057,47830,55021,102851,35856,41928,77784,20199,25278,45477,8297,14660,22957,1819,5354,7173,385847,427606,813453
2021-08-06,29098,27103,56201,38523,39212,77735,66351,71349,137700,76065,80856,156921,63878,69169,133047,48130,55462,103592,36104,42270,78374,20318,25475,45793,8334,14709,23043,1822,5368,7190,388623,430973,819596
2021-08-07,29283,27307,56590,38719,39456,78175,66624,71660,138284,76406,81238,157644,64155,69498,133653,48333,55720,104053,36250,42453,78703,20398,25613,46011,8358,14756,23114,1828,5373,7201,390354,433074,823428
2021-08-08,29547,27551,57098,38945,39692,78637,66844,71942,138786,76693,81573,158266,64449,69889,134338,48519,55976,104495,36409,42639,79048,20478,25692,46170,8378,14800,23178,1834,5386,7220,392096,435140,827236
2021-08-09,29958,27918,57876,39245,40027,79272,67243,72512,139755,77215,82152,159367,64874,70455,135329,48860,56392,105252,36638,42925,79563,20609,25833,46442,8418,14865,23283,1847,5404,7251,394907,438483,833390
2021-08-10,30407,28333,58740,39647,40437,80084,67693,73114,140807,77710,82811,160521,65314,71035,136349,49216,56829,106045,36870,43233,80103,20747,26006,46753,8460,14930,23390,1849,5423,7272,397913,442151,840064
2021-08-11,30793,28715,59508,40058,40877,80935,68177,73759,141936,78279,83483,161762,65794,71680,137474,49541,57256,106797,37099,43524,80623,20871,26151,47022,8510,14999,23509,1858,5447,7305,400980,445891,846871
2021-08-12,31190,29099,60289,40453,41304,81757,68629,74345,142974,78768,84106,162874,66273,72288,138561,49841,57686,107527,37299,43779,81078,20989,26280,47269,8555,15055,23610,1867,5468,7335,403864,449410,853274
2021-08-13,31690,29526,61216,40986,41850,82836,69143,75063,144206,79444,84961,164405,66827,73039,139866,50194,58219,108413,37539,44099,81638,21126,26474,47600,8611,15121,23732,1872,5484,7356,407432,453836,861268
2021-08-14,31996,29830,61826,41312,42172,83484,69420,75461,144881,79841,85453,165294,67190,73540,140730,50427,58554,108981,37700,44314,82014,21232,26582,47814,8638,15167,23805,1875,5496,7371,409631,456569,866200
2021-08-15,32257,30081,62338,41544,42401,83945,69654,75706,145360,80151,85842,165993,67476,73898,141374,50657,58842,109499,37837,44499,82336,21321,26687,48008,8661,15216,23877,1878,5510,7388,411436,458682,870118
2021-08-16,32593,30400,62993,41834,42710,84544,69905,76054,145959,80493,86292,166785,67834,74358,142192,50897,59119,110016,37966,44678,82644,21422,26805,48227,8688,15257,23945,1885,5522,7407,413517,461195,874712
2021-08-17,33128,30823,63951,42308,43188,85496,70365,76705,147070,81130,87050,168180,68276,75082,143358,51279,59628,110907,38205,44979,83184,21565,26963,48528,8724,15341,24065,1893,5544,7437,416873,465303,882176
2021-08-18,33646,31302,64948,42822,43685,86507,70774,77267,148041,81688,87773,169461,68719,75668,144387,51586,60082,111668,38411,45258,83669,21699,27131,48830,8759,15418,24177,1908,5565,7473,420012,469149,889161
2021-08-19,34120,31734,65854,43277,44169,87446,71179,77845,149024,82265,88487,170752,69169,76276,145445,51911,60492,112403,38618,45529,84147,21806,27260,49066,8789,15471,24260,1918,5578,7496,423052,472841,895893
2021-08-20,34698,32254,66952,43834,44725,88559,71656,78461,150117,82799,89244,172043,69660,76947,146607,52238,60977,113215,38843,45853,84696,21939,27439,49378,8823,15540,24363,1928,5597,7525,426418,477037,903455
2021-08-21,35004,32595,67599,44130,45023,89153,71938,78876,150814,83218,89790,173008,70008,77400,147408,52491,61311,113802,39010,46086,85096,22034,27573,49607,8852,15588,24440,1931,5613,7544,428616,479855,908471
2021-08-22,35443,33002,68445,44402,45322,89724,72179,79195,151374,83599,90304,173903,70369,77888,148257,52757,61645,114402,39175,46296,85471,22141,27690,49831,8880,15631,24511,1937,5629,7566,430882,482602,913484
2021-08-23,36202,33749,69951,44935,45894,90829,72654,79828,152482,84235,91083,175318,70906,78640,149546,53108,62129,115237,39429,46665,86094,22287,27882,50169,8926,15702,24628,1940,5646,7586,434622,487218,921840
2021-08-24,36979,34480,71459,45471,46416,91887,73108,80447,153555,84777,91879,176656,71389,79265,150654,53416,62592,116008,39651,47007,86658,22398,28047,50445,8982,15765,24747,1944,5662,7606,438115,491560,929675
2021-08-25,37729,35200,72929,45969,46923,92892,73483,80997,154480,85275,92642,177917,71865,79950,151815,53731,63012,116743,39889,47335,87224,22540,28215,50755,9031,15806,24837,1952,5691,7643,441464,495771,937235
2021-08-26,38500,35907,74407,46517,47461,93978,73911,81624,155535,85850,93410,179260,72336,80620,152956,54024,63486,117510,40117,47636,87753,22669,28408,51077,9073,15875,24948,1958,5708,7666,444955,500135,945090
2021-08-27,39330,36629,75959,47034,48088,95122,74317,82231,156548,86416,94243,180659,72816,81358,154174,54360,63957,118317,40358,47951,88309,22793,28582,51375,9108,15947,25055,1962,5722,7684,448494,504708,953202
2021-08-28,39797,37020,76817,47323,48351,95674,74589,82612,157201,86805,94742,181547,73133,81834,154967,54584,64236,118820,40520,48164,88684,22865,28687,51552,9151,15989,25140,1966,5729,7695,450733,507364,958097
2021-08-29,40302,37486,77788,47556,48634,96190,74775,82897,157672,87161,95178,182339,73455,82239,155694,54801,64525,119326,40675,48341,89016,22941,28784,51725,9189,16034,25223,1968,5737,7705,452823,509855,962678
2021-08-30,41191,38276,79467,48056,49109,97165,75154,83411,158565,87692,95902,183594,73946,82839,156785,55087,64916,120003,40895,48642,89537,23062,28955,52017,9241,16102,25343,1973,5756,7729,456297,513908,970205
2021-08-31,42154,39145,81299,48710,49669,98379,75571,84015,159586,88234,96614,184848,74442,83538,157980,55426,65356,120782,41147,48985,90132,23192,29160,52352,9281,16169,25450,1983,5773,7756,460140,518424,978564
2021-09-01,43034,39930,82964,49281,50202,99483,75965,84527,160492,88752,97333,186085,74880,84111,158991,55708,65744,121452,41373,49238,90611,23300,29334,52634,9320,16249,25569,1987,5791,7778,463600,522459,986059
2021-09-02,43738,40598,84336,49714,50659,100373,76273,84953,161226,89227,97907,187134,75219,84667,159886,55960,66083,122043,41559,49477,91036,23412,29455,52867,9349,16295,25644,1993,5807,7800,466444,525901,992345
2021-09-03,44291,41132,85423,50161,51117,101278,76625,85402,162027,89683,98490,188173,75641,85222,160863,56219,66463,122682,41766,49763,91529,23533,29619,53152,9382,16346,25728,1995,5817,7812,469296,529371,998667
2021-09-04,44655,41470,86125,50362,51320,101682,76805,85664,162469,89979,98869,188848,75926,85558,161484,56397,66691,123088,41901,49925,91826,23613,29728,53341,9409,16394,25803,1998,5828,7826,471045,531447,1002492
2021-09-05,45040,41830,86870,50574,51539,102113,77004,85897,162901,90304,99299,189603,76195,85915,162110,56582,66933,123515,42049,50113,92162,23718,29842,53560,9431,16428,25859,2005,5842,7847,472902,533638,1006540
2021-09-06,45793,42584,88377,51001,51971,102972,77373,86402,163775,90803,99921,190724,76645,86483,163128,56882,67338,124220,42285,50402,92687,23869,30002,53871,9470,16505,25975,2012,5868,7880,476133,537476,1013609
2021-09-07,46442,43287,89729,51414,52429,103843,77696,86825,164521,91219,100471,191690,76989,86975,163964,57119,67666,124785,42465,50645,93110,23958,30153,54111,9502,16566,26068,2019,5896,7915,478823,540913,1019736
2021-09-08,46940,43825,90765,51805,52788,104593,77981,87159,165140,91590,100925,192515,77297,87411,164708,57369,67975,125344,42616,50832,93448,24042,30260,54302,9534,16608,26142,2027,5910,7937,481201,543693,1024894
2021-09-09,47501,44344,91845,52155,53121,105276,78239,87558,165797,91955,101364,193319,77593,87828,165421,57571,68287,125858,42788,51018,93806,24143,30385,54528,9574,16665,26239,2032,5927,7959,483551,546497,1030048
2021-09-10,48053,44826,92879,52573,53578,106151,78682,88228,166910,92551,102146,194697,78137,88634,166771,58018,68887,126905,43080,51461,94541,24270,30581,54851,9634,16722,26356,2040,5943,7983,487038,551006,1038044
2021-09-11,48360,45146,93506,52818,53853,106671,79045,88703,167748,92997,102718,195715,78568,89159,167727,58327,69287,127614,43308,51775,95083,24374,30741,55115,9667,16758,26425,2045,5949,7994,489509,554089,1043598
2021-09-12,48652,45417,94069,52978,54044,107022,79206,88905,168111,93234,103014,196248,78802,89418,168220,58488,69492,127980,43429,51945,95374,24438,30825,55263,9682,16787,26469,2051,5958,8009,490960,555805,1046765
2021-09-13,49257,46002,95259,53323,54445,107768,79521,89352,168873,93668,103593,197261,79218,89927,169145,58750,69903,128653,43663,52208,95871,24576,31003,55579,9716,16861,26577,2060,5975,8035,493752,559269,1053021
2021-09-14,49857,46533,96390,53675,54817,108492,79804,89705,169509,94033,104094,198127,79525,90360,169885,58964,70233,129197,43836,52455,96291,24691,31164,55855,9746,16913,26659,2066,5989,8055,496197,562263,1058460
2021-09-15,50318,46963,97281,53991,55108,109099,80001,90030,170031,94328,104555,198883,79801,90745,170546,59141,70468,129609,43974,52649,96623,24776,31272,56048,9782,16968,26750,2073,6012,8085,498185,564770,1062955
2021-09-16,50764,47369,98133,54317,55423,109740,80240,90354,170594,94638,105034,199672,80099,91180,171279,59340,70730,130070,44114,52872,96986,24868,31407,56275,9814,17019,26833,2083,6028,8111,500277,567416,1067693
2021-09-17,51339,47896,99235,54717,55827,110544,80502,90728,171230,94972,105496,200468,80409,91600,172009,59536,71043,130579,44268,53077,97345,24985,31558,56543,9844,17085,26929,2087,6038,8125,502659,570348,1073007
2021-09-18,51639,48173,99812,54891,56004,110895,80681,90977,171658,95226,105816,201042,80621,91881,172502,59695,71242,130937,44406,53269,97675,25060,31664,56724,9877,17123,27000,2091,6049,8140,504187,572198,1076385
2021-09-19,51981,48485,100466,55044,56157,111201,80834,91181,172015,95458,106119,201577,80848,92123,172971,59833,71427,131260,44516,53400,97916,25123,31752,56875,9894,17166,27060,2097,6058,8155,505628,573868,1079496
2021-09-20,52602,49105,101707,55521,56655,112176,81079,91535,172614,95847,106575,202422,81186,92538,173724,60061,71741,131802,44720,53645,98365,25228,31895,57123,9926,17222,27148,2106,6068,8174,508276,576979,1085255
2021-09-21,53107,49598,102705,55727,56902,112629,81294,91868,173162,96175,106951,203126,81471,92865,174336,60236,71998,132234,44887,53859,98746,25345,32021,57366,9966,17276,27242,2109,6078,8187,510317,579416,1089733
2021-09-22,53688,50069,103757,56150,57320,113470,81515,92197,173712,96501,107427,203928,81739,93238,174977,60406,72286,132692,45043,54071,99114,25450,32142,57592,9986,17333,27319,2115,6097,8212,512593,582180,1094773
2021-09-23,54162,50521,104683,56570,57777,114347,81724,92536,174260,96829,107882,204711,82006,93637,175643,60584,72560,133144,45223,54313,99536,25554,32276,57830,10018,17388,27406,2125,6123,8248,514795,585013,1099808
2021-09-24,54585,50949,105534,56860,58042,114902,81937,92812,174749,97093,108217,205310,82228,93975,176203,60738,72792,133530,45377,54514,99891,25632,32415,58047,10048,17442,27490,2129,6130,8259,516627,587288,1103915
2021-09-25,54840,51161,106001,56987,58179,115166,82062,93002,175064,97290,108471,205761,82404,94190,176594,60872,72939,133811,45483,54644,100127,25702,32503,58205,10071,17477,27548,2131,6146,8277,517842,588712,1106554
2021-09-26,55127,51408,106535,57126,58328,115454,82177,93168,175345,97485,108710,206195,82614,94433,177047,60988,73111,134099,45600,54774,100374,25762,32576,58338,10090,17508,27598,2133,6155,8288,519102,590171,1109273
2021-09-27,55662,51879,107541,57536,58658,116194,82394,93491,175885,97817,109110,206927,82933,94765,177698,61171,73391,134562,45770,55010,100780,25885,32719,58604,10119,17565,27684,2143,6173,8316,521430,592761,1114191
2021-09-28,56181,52318,108499,58010,59164,117174,82587,93790,176377,98123,109488,207611,83193,95104,178297,61345,73620,134965,45921,55202,101123,25973,32813,58786,10140,17619,27759,2148,6185,8333,523621,595303,1118924
2021-09-29,56638,52702,109340,58362,59550,117912,82815,94107,176922,98413,109899,208312,83461,95433,178894,61528,73846,135374,46070,55402,101472,26071,32961,59032,10183,17665,27848,2157,6195,8352,525698,597760,1123458
2021-09-30,57002,53047,110049,58791,60027,118818,83004,94368,177372,98694,110223,208917,83672,95721,179393,61700,74057,135757,46199,55595,101794,26140,33079,59219,10210,17726,27936,2163,6208,8371,527575,600051,1127626
2021-10-01,57455,53404,110859,59281,60522,119803,83226,94647,177873,98977,110634,209611,83944,96048,179992,61900,74282,136182,46349,55800,102149,26241,33216,59457,10244,17792,28036,2166,6227,8393,529783,602572,1132355
2021-10-02,57693,53639,111332,59428,60669,120097,83377,94852,178229,99169,110908,210077,84104,96229,180333,62027,74441,136468,46455,55951,102406,26322,33300,59622,10264,17833,28097,2168,6235,8403,531007,604057,1135064
2021-10-03,57919,53840,111759,59560,60793,120353,83518,95043,178561,99343,111113,210456,84266,96435,180701,62134,74584,136718,46540,56082,102622,26375,33379,59754,10283,17867,28150,2169,6239,8408,532107,605375,1137482
2021-10-04,58391,54288,112679,60068,61236,121304,83761,95377,179138,99609,111549,211158,84563,96794,181357,62330,74884,137214,46709,56333,103042,26484,33532,60016,10319,17910,28229,2174,6253,8427,534408,608156,1142564
2021-10-05,58863,54702,113565,60526,61789,122315,83990,95694,179684,99937,111969,211906,84837,97140,181977,62526,75174,137700,46840,56553,103393,26578,33664,60242,10356,17959,28315,2185,6267,8452,536638,610911,1147549
2021-10-06,59249,55032,114281,60919,62229,123148,84239,96028,180267,100256,112393,212649,85125,97504,182629,62700,75454,138154,46998,56747,103745,26663,33791,60454,10392,18004,28396,2191,6277,8468,538732,613459,1152191
2021-10-07,59568,55348,114916,61153,62505,123658,84477,96341,180818,100579,112811,213390,85412,97895,183307,62904,75717,138621,47152,56968,104120,26787,33909,60696,10420,18055,28475,2194,6293,8487,540646,615842,1156488
2021-10-08,59735,55506,115241,61312,62690,124002,84676,96553,181229,100808,113103,213911,85653,98139,183792,63056,75935,138991,47311,57147,104458,26857,33988,60845,10441,18090,28531,2202,6309,8511,542051,617460,1159511
2021-10-09,59876,55648,115524,61520,62889,124409,84831,96752,181583,101024,113365,214389,85843,98379,184222,63210,76131,139341,47445,57312,104757,26942,34097,61039,10460,18135,28595,2208,6318,8526,543359,619026,1162385
2021-10-10,60067,55840,115907,61647,63025,124672,84968,96946,181914,101233,113595,214828,86037,98600,184637,63354,76306,139660,47574,57463,105037,27003,34189,61192,10482,18172,28654,2210,6324,8534,544575,620460,1165035
2021-10-11,60283,56036,116319,61840,63228,125068,85176,97165,182341,101493,113872,215365,86278,98887,185165,63528,76536,140064,47723,57647,105370,27093,34298,61391,10504,18208,28712,2215,6336,8551,546133,622213,1168346
2021-10-12,60662,56396,117058,62271,63690,125961,85482,97605,183087,101870,114313,216183,86614,99325,185939,63747,76844,140591,47912,57921,105833,27211,34442,61653,10540,18267,28807,2223,6357,8580,548532,625160,1173692
2021-10-13,61060,56760,117820,62714,64155,126869,85801,98027,183828,102283,114762,217045,86962,99738,186700,63981,77130,141111,48083,58156,106239,27328,34595,61923,10572,18313,28885,2227,6367,8594,551011,628003,1179014
2021-10-14,61435,57125,118560,63240,64683,127923,86110,98431,184541,102634,115220,217854,87293,100162,187455,64222,77443,141665,48283,58418,106701,27446,34742,62188,10608,18377,28985,2236,6385,8621,553507,630986,1184493
2021-10-15,61737,57394,119131,63593,65063,128656,86364,98802,185166,102981,115631,218612,87573,100533,188106,64446,77690,142136,48449,58658,107107,27543,34898,62441,10631,18422,29053,2238,6395,8633,555555,633486,1189041
2021-10-16,61927,57564,119491,63813,65325,129138,86569,99023,185592,103252,115931,219183,87817,100838,188655,64627,77928,142555,48602,58868,107470,27654,35050,62704,10668,18473,29141,2241,6408,8649,557170,635408,1192578
2021-10-17,62097,57696,119793,64015,65529,129544,86699,99219,185918,103468,116174,219642,88016,101081,189097,64767,78109,142876,48709,59003,107712,27732,35146,62878,10689,18503,29192,2242,6411,8653,558434,636871,1195305
2021-10-18,62496,58095,120591,64349,65901,130250,86988,99614,186602,103835,116591,220426,88322,101473,189795,65010,78425,143435,48916,59289,108205,27854,35310,63164,10733,18569,29302,2248,6421,8669,560751,639688,1200439
2021-10-19,62959,58537,121496,64697,66284,130981,87250,99957,187207,104143,116994,221137,88565,101853,190418,65200,78681,143881,49084,59490,108574,27970,35449,63419,10767,18631,29398,2254,6440,8694,562889,642316,1205205
2021-10-20,63413,58963,122376,65068,66733,131801,87568,100379,187947,104488,117480,221968,88874,102277,191151,65427,78987,144414,49239,59739,108978,28083,35600,63683,10803,18682,29485,2259,6451,8710,565222,645291,1210513
2021-10-21,63917,59429,123346,65448,67178,132626,87857,100764,188621,104848,118028,222876,89169,102697,191866,65638,79345,144983,49412,60011,109423,28193,35755,63948,10835,18747,29582,2263,6473,8736,567580,648427,1216007
2021-10-22,64383,59898,124281,65935,67740,133675,88124,101182,189306,105216,118554,223770,89504,103213,192717,65876,79679,145555,49597,60287,109884,28318,35904,64222,10876,18811,29687,2272,6486,8758,570101,651754,1221855
2021-10-23,64667,60148,124815,66234,68005,134239,88286,101439,189725,105462,118868,224330,89737,103527,193264,66054,79930,145984,49737,60468,110205,28398,36003,64401,10896,18851,29747,2278,6500,8778,571749,653739,1225488
2021-10-24,64972,60419,125391,66454,68206,134660,88421,101682,190103,105710,119211,224921,89955,103832,193787,66232,80152,146384,49855,60624,110479,28465,36096,64561,10921,18873,29794,2280,6508,8788,573265,655603,1228868
2021-10-25,65546,61014,126560,66855,68628,135483,88748,102155,190903,106147,119750,225897,90350,104338,194688,66492,80559,147051,50091,60963,111054,28587,36274,64861,10958,18926,29884,2283,6518,8801,576057,659125,1235182
2021-10-26,66093,61539,127632,67344,69081,136425,89095,102607,191702,106541,120258,226799,90678,104807,195485,66760,80921,147681,50328,61259,111587,28702,36425,65127,10987,18991,29978,2287,6530,8817,578815,662418,1241233
2021-10-27,66593,62015,128608,67784,69489,137273,89410,102979,192389,106890,120730,227620,90993,105231,196224,66972,81249,148221,50512,61527,112039,28830,36562,65392,11023,19050,30073,2290,6543,8833,581297,665375,1246672
2021-10-28,67093,62481,129574,68236,69939,138175,89683,103383,193066,107279,121188,228467,91305,105662,196967,67185,81546,148731,50703,61755,112458,28929,36702,65631,11061,19104,30165,2296,6559,8855,583770,668319,1252089
2021-10-29,67545,62921,130466,68690,70386,139076,89952,103790,193742,107670,121668,229338,91684,106106,197790,67415,81894,149309,50902,62015,112917,29050,36884,65934,11097,19167,30264,2300,6573,8873,586305,671404,1257709
2021-10-30,67789,63140,130929,68967,70671,139638,90127,104007,194134,107933,122014,229947,91945,106448,198393,67604,82124,149728,51045,62190,113235,29150,36990,66140,11127,19210,30337,2304,6579,8883,587991,673373,1261364
2021-10-31,68020,63367,131387,69202,70922,140124,90279,104199,194478,108138,122298,230436,92152,106727,198879,67768,82344,150112,51159,62336,113495,29215,37094,66309,11151,19240,30391,2308,6592,8900,589392,675119,1264511
2021-11-01,68443,63803,132246,69573,71315,140888,90524,104589,195113,108521,122792,231313,92581,107212,199793,68078,82732,150810,51391,62658,114049,29373,37276,66649,11186,19297,30483,2317,6606,8923,591987,678280,1270267
2021-11-02,68903,64225,133128,69955,71700,141655,90776,104957,195733,108846,123219,232065,92870,107646,200516,68284,83048,151332,51582,62928,114510,29483,37408,66891,11226,19357,30583,2322,6622,8944,594247,681110,1275357
2021-11-03,69379,64587,133966,70374,72208,142582,91063,105354,196417,109221,123696,232917,93233,108128,201361,68557,83412,151969,51774,63167,114941,29610,37571,67181,11263,19402,30665,2324,6633,8957,596798,684158,1280956
2021-11-04,69758,64923,134681,70767,72586,143353,91316,105742,197058,109570,124147,233717,93560,108574,202134,68825,83760,152585,51972,63422,115394,29715,37718,67433,11299,19476,30775,2329,6654,8983,599111,687002,1286113
2021-11-05,70128,65275,135403,71123,72989,144112,91617,106123,197740,109912,124618,234530,93888,109035,202923,69097,84070,153167,52180,63675,115855,29820,37846,67666,11337,19528,30865,2334,6668,9002,601436,689827,1291263
2021-11-06,70358,65476,135834,71381,73248,144629,91776,106373,198149,110160,124910,235070,94091,109304,203395,69251,84308,153559,52319,63819,116138,29897,37945,67842,11362,19567,30929,2335,6677,9012,602930,691627,1294557
2021-11-07,70575,65710,136285,71615,73509,145124,91923,106606,198529,110351,125169,235520,94309,109581,203890,69417,84538,153955,52435,63982,116417,29963,38033,67996,11389,19583,30972,2340,6681,9021,604317,693392,1297709
2021-11-08,71105,66178,137283,71990,73888,145878,92236,107018,199254,110763,125669,236432,94674,110124,204798,69673,84920,154593,52649,64240,116889,30084,38197,68281,11435,19646,31081,2345,6695,9040,606954,696575,1303529
2021-11-09,71562,66580,138142,72363,74269,146632,92490,107431,199921,111135,126113,237248,95031,110577,205608,69905,85250,155155,52819,64424,117243,30180,38313,68493,11465,19709,31174,2352,6703,9055,609302,699369,1308671
2021-11-10,72020,66970,138990,72711,74666,147377,92814,107876,200690,111500,126629,238129,95406,111051,206457,70176,85590,155766,52980,64668,117648,30266,38453,68719,11493,19775,31268,2356,6717,9073,611722,702395,1314117
2021-11-11,72490,67402,139892,73059,75099,148158,93127,108292,201419,111930,127212,239142,95744,111552,207296,70414,85942,156356,53163,64882,118045,30368,38580,68948,11526,19841,31367,2358,6728,9086,614179,705530,1319709
2021-11-12,72871,67793,140664,73506,75561,149067,93457,108720,202177,112354,127848,240202,96152,112131,208283,70733,86365,157098,53422,65250,118672,30493,38758,69251,11570,19895,31465,2360,6741,9101,616918,709062,1325980
2021-11-13,73120,68039,141159,73876,75928,149804,93661,109019,202680,112672,128204,240876,96411,112485,208896,70918,86643,157561,53583,65448,119031,30609,38924,69533,11599,19938,31537,2362,6757,9119,618811,711385,1330196
2021-11-14,73316,68241,141557,74039,76077,150116,93767,109193,202960,112863,128434,241297,96591,112694,209285,71025,86802,157827,53666,65586,119252,30681,39009,69690,11612,19960,31572,2368,6770,9138,619928,712766,1332694
2021-11-15,73757,68655,142412,74408,76455,150863,94040,109580,203620,113267,128923,242190,96923,113219,210142,71273,87181,158454,53899,65885,119784,30819,39200,70019,11657,20025,31682,2373,6784,9157,622416,715907,1338323
2021-11-16,74188,69086,143274,74790,76803,151593,94308,110004,204312,113603,129437,243040,97284,113672,210956,71543,87553,159096,54103,66158,120261,30930,39349,70279,11693,20066,31759,2377,6796,9173,624819,718924,1343743
2021-11-17,74623,69490,144113,75126,77113,152239,94613,110439,205052,113997,130045,244042,97654,114222,211876,71845,87955,159800,54307,66450,120757,31071,39516,70587,11732,20114,31846,2384,6807,9191,627352,722151,1349503
2021-11-18,75080,69863,144943,75567,77554,153121,94931,110894,205825,114418,130623,245041,98027,114757,212784,72099,88366,160465,54539,66714,121253,31176,39640,70816,11773,20177,31950,2394,6824,9218,630004,725412,1355416
2021-11-19,75420,70204,145624,76012,78043,154055,95229,111315,206544,114770,131188,245958,98413,115252,213665,72371,88771,161142,54746,66935,121681,31278,39815,71093,11804,20223,32027,2397,6835,9232,632440,728581,1361021
2021-11-20,75657,70430,146087,76317,78423,154740,95402,111574,206976,115021,131513,246534,98639,115579,214218,72547,88996,161543,54907,67095,122002,31366,39913,71279,11830,20260,32090,2402,6842,9244,634088,730625,1364713
2021-11-21,75827,70607,146434,76564,78694,155258,95517,111718,207235,115207,131740,246947,98824,115818,214642,72687,89153,161840,55018,67280,122298,31417,40016,71433,11851,20292,32143,2405,6846,9251,635317,732164,1367481
2021-11-22,76076,70869,146945,76855,78995,155850,95668,111933,207601,115470,132059,247529,99070,116157,215227,72880,89391,162271,55145,67468,122613,31516,40123,71639,11880,20339,32219,2407,6858,9265,636967,734192,1371159
2021-11-23,76477,71244,147721,77187,79340,156527,95913,112299,208212,115816,132494,248310,99347,116557,215904,73074,89718,162792,55319,67691,123010,31616,40264,71880,11926,20384,32310,2410,6874,9284,639085,736865,1375950
2021-11-24,76833,71593,148426,77447,79646,157093,96165,112667,208832,116154,132906,249060,99628,116969,216597,73260,90049,163309,55468,67903,123371,31719,40378,72097,11958,20440,32398,2414,6883,9297,641046,739434,1380480
2021-11-25,77180,71968,149148,77785,79969,157754,96467,113020,209487,116558,133402,249960,99981,117386,217367,73525,90365,163890,55661,68121,123782,31822,40500,72322,11995,20488,32483,2415,6892,9307,643389,742111,1385500
2021-11-26,77499,72294,149793,78284,80489,158773,96798,113399,210197,116932,133953,250885,100362,117895,218257,73790,90710,164500,55864,68365,124229,31926,40649,72575,12024,20535,32559,2417,6905,9322,645896,745194,1391090
2021-11-27,77714,72507,150221,78627,80864,159491,97060,113695,210755,117277,134335,251612,100680,118264,218944,74023,90972,164995,56064,68587,124651,32050,40785,72835,12069,20588,32657,2419,6921,9340,647983,747518,1395501
2021-11-28,77912,72683,150595,78838,81117,159955,97210,113890,211100,117498,134597,252095,100882,118556,219438,74187,91151,165338,56173,68718,124891,32100,40857,72957,12084,20622,32706,2423,6929,9352,649307,749120,1398427
2021-11-29,78237,73012,151249,79305,81579,160884,97529,114319,211848,117926,135121,253047,101259,119043,220302,74439,91527,165966,56393,68995,125388,32256,41032,73288,12124,20692,32816,2427,6948,9375,651895,752268,1404163
2021-11-30,78559,73318,151877,79704,82006,161710,97847,114789,212636,118379,135672,254051,101645,119558,221203,74713,91908,166621,56594,69270,125864,32374,41186,73560,12164,20757,32921,2430,6967,9397,654409,755431,1409840
2021-12-01,78953,73620,152573,80065,82402,162467,98112,115238,213350,118760,136204,254964,102027,120039,222066,74964,92246,167210,56821,69558,126379,32498,41336,73834,12193,20810,33003,2434,6986,9420,656827,758439,1415266
2021-12-02,79301,73948,153249,80504,82945,163449,98444,115751,214195,119228,136843,256071,102463,120594,223057,75252,92661,167913,57034,69854,126888,32605,41494,74099,12226,20867,33093,2436,7000,9436,659493,761957,1421450
2021-12-03,79538,74195,153733,80786,83287,164073,98684,116055,214739,119533,137201,256734,102752,120910,223662,75425,92912,168337,57196,70031,127227,32698,41594,74292,12250,20910,33160,2439,7014,9453,661301,764109,1425410
2021-12-04,79777,74396,154173,81206,83767,164973,98925,116357,215282,119841,137604,257445,103039,121287,224326,75607,93181,168788,57371,70227,127598,32784,41712,74496,12286,20962,33248,2440,7024,9464,663276,766517,1429793
2021-12-05,80043,74637,154680,81642,84217,165859,99135,116670,215805,120103,137952,258055,103297,121630,224927,75798,93453,169251,57504,70419,127923,32881,41825,74706,12308,20998,33306,2441,7034,9475,665152,768835,1433987
2021-12-06,80453,75065,155518,82068,84719,166787,99527,117183,216710,120570,138546,259116,103712,122210,225922,76120,93894,170014,57759,70773,128532,33035,42007,75042,12357,21074,33431,2447,7047,9494,668048,772518,1440566
2021-12-07,80878,75474,156352,82501,85209,167710,99883,117709,217592,121024,139210,260234,104117,122784,226901,76416,94300,170716,57944,71049,128993,33163,42193,75356,12396,21146,33542,2453,7065,9518,670775,776139,1446914
2021-12-08,81145,75756,156901,82769,85484,168253,100139,118131,218270,121344,139605,260949,104397,123145,227542,76630,94570,171200,58094,71265,129359,33256,42312,75568,12427,21190,33617,2454,7070,9524,672655,778528,1451183
2021-12-09,81508,76108,157616,83226,86000,169226,100564,118790,219354,121824,140289,262113,104848,123766,228614,76943,95015,171958,58338,71567,129905,33402,42505,75907,12473,21250,33723,2459,7084,9543,675585,782374,1457959
2021-12-10,81857,76518,158375,83994,86803,170797,101015,119485,220500,122369,141029,263398,105331,124441,229772,77258,95447,172705,58542,71881,130423,33540,42725,76265,12508,21325,33833,2463,7099,9562,678877,786753,1465630
2021-12-11,82083,76722,158805,84432,87327,171759,101317,119892,221209,122718,141470,264188,105652,124846,230498,77484,95720,173204,58695,72085,130780,33625,42839,76464,12532,21374,33906,2467,7110,9577,681005,789385,1470390
2021-12-12,82333,76954,159287,84762,87705,172467,101535,120259,221794,123035,141905,264940,105923,125219,231142,77691,96006,173697,58855,72308,131163,33704,42956,76660,12563,21417,33980,2471,7121,9592,682872,791850,1474722
2021-12-13,82716,77358,160074,85269,88265,173534,102022,120978,223000,123558,142581,266139,106369,125768,232137,78001,96501,174502,59112,72661,131773,33865,43153,77018,12614,21511,34125,2479,7141,9620,686005,795917,1481922
2021-12-14,83098,77753,160851,85757,88795,174552,102570,121799,224369,124219,143441,267660,106843,126369,233212,78307,96960,175267,59388,72996,132384,34016,43351,77367,12662,21578,34240,2483,7152,9635,689343,800194,1489537
2021-12-15,83492,78159,161651,86171,89376,175547,103102,122528,225630,124816,144153,268969,107318,126992,234310,78620,97403,176023,59603,73277,132880,34150,43506,77656,12709,21649,34358,2489,7167,9656,692470,804210,1496680
2021-12-16,83939,78603,162542,86760,90064,176824,103761,123480,227241,125505,145059,270564,107911,127730,235641,78993,97908,176901,59860,73605,133465,34266,43669,77935,12751,21717,34468,2493,7179,9672,696239,809014,1505253
2021-12-17,84309,78990,163299,87411,90825,178236,104398,124365,228763,126170,145902,272072,108411,128438,236849,79357,98415,177772,60082,73944,134026,34410,43840,78250,12781,21764,34545,2495,7191,9686,699824,813674,1513498
2021-12-18,84507,79203,163710,87782,91251,179033,104764,124915,229679,126604,146482,273086,108736,128888,237624,79611,98758,178369,60250,74146,134396,34482,43969,78451,12802,21799,34601,2496,7197,9693,702034,816608,1518642
2021-12-19,84616,79329,163945,87967,91478,179445,104984,125262,230246,126872,146836,273708,108955,129155,238110,79798,98981,178779,60368,74264,134632,34521,44020,78541,12809,21812,34621,2498,7199,9697,703388,818336,1521724
2021-12-20,84680,79377,164057,88015,91530,179545,105057,125358,230415,126955,146958,273913,109030,129250,238280,79856,99043,178899,60389,74310,134699,34537,44032,78569,12814,21816,34630,2498,7200,9698,703831,818874,1522705
2021-12-21,84680,79377,164057,88015,91530,179545,105057,125358,230415,126955,146958,273913,109030,129250,238280,79856,99043,178899,60389,74310,134699,34537,44032,78569,12814,21816,34630,2498,7200,9698,703831,818874,1522705
