FECHA,<=10M,<=10F,<=10,11-20M,11-20F,11-20,21-30M,21-30F,21-30,31-40M,31-40F,31-40,41-50M,41-50F,41-50,51-60M,51-60F,51-60,61-70M,61-70F,61-70,71-80M,71-80F,71-80,81-90M,81-90F,81-90,>=91M,>=91F,>=91,TotalM,TotalF,Total
2020-03-15,0,0,0,0,1,1,1,0,1,1,0,1,0,0,0,0,0,0,0,1,1,0,0,0,0,0,0,0,0,0,2,2,4
2020-03-16,0,0,0,0,2,2,4,1,5,4,0,4,1,0,1,0,1,1,1,1,2,0,0,0,0,0,0,0,0,0,10,5,15
2020-03-17,0,0,0,1,2,3,5,2,7,6,1,7,2,0,2,1,3,4,1,3,4,2,0,2,0,0,0,0,0,0,18,11,29
2020-03-18,0,0,0,1,2,3,7,4,11,8,4,12,3,1,4,2,3,5,1,4,5,2,0,2,0,0,0,0,0,0,24,18,42
2020-03-19,0,0,0,2,2,4,9,4,13,12,4,16,5,2,7,3,3,6,1,5,6,4,1,5,0,0,0,0,0,0,36,21,57
2020-03-20,0,0,0,2,2,4,14,4,18,15,4,19,6,2,8,5,3,8,2,6,8,4,3,7,0,1,1,0,0,0,48,25,73
2020-03-21,2,0,2,3,4,7,17,5,22,15,7,22,8,3,11,8,6,14,5,7,12,6,3,9,0,1,1,0,0,0,64,36,100
2020-03-22,2,0,2,3,5,8,19,6,25,20,7,27,12,3,15,10,10,20,7,7,14,9,4,13,0,1,1,0,0,0,82,43,125
2020-03-23,2,0,2,4,5,9,22,8,30,24,9,33,14,4,18,15,12,27,7,9,16,12,6,18,1,1,2,0,0,0,101,54,155
2020-03-24,2,0,2,5,5,10,24,13,37,33,10,43,16,5,21,17,13,30,8,9,17,13,7,20,2,1,3,0,0,0,120,63,183
2020-03-25,4,0,4,6,6,12,29,17,46,34,12,46,20,5,25,19,13,32,10,9,19,14,7,21,3,3,6,0,1,1,139,73,212
2020-03-26,4,0,4,6,7,13,30,18,48,36,13,49,22,5,27,21,17,38,13,12,25,15,8,23,4,3,7,0,1,1,151,84,235
2020-03-27,4,0,4,6,7,13,31,20,51,40,13,53,23,8,31,22,18,40,15,14,29,15,10,25,4,3,7,0,1,1,160,94,254
2020-03-28,4,0,4,6,7,13,32,21,53,41,16,57,25,9,34,23,20,43,16,15,31,16,11,27,6,3,9,0,1,1,169,103,272
2020-03-29,4,0,4,6,7,13,35,24,59,47,19,66,25,9,34,24,24,48,20,19,39,17,13,30,6,3,9,1,1,2,185,119,304
2020-03-30,4,0,4,6,8,14,40,27,67,48,21,69,28,11,39,27,24,51,23,22,45,21,14,35,6,3,9,1,2,3,204,132,336
2020-03-31,5,0,5,6,9,15,42,30,72,50,21,71,31,12,43,32,24,56,25,23,48,24,18,42,6,5,11,1,3,4,222,145,367
2020-04-01,5,0,5,7,10,17,44,34,78,53,27,80,34,14,48,34,28,62,29,25,54,24,19,43,6,6,12,1,3,4,237,166,403
2020-04-02,5,0,5,7,10,17,45,36,81,56,30,86,36,15,51,36,31,67,32,25,57,31,22,53,6,9,15,2,6,8,256,184,440
2020-04-03,5,0,5,7,10,17,48,38,86,57,31,88,39,16,55,36,35,71,33,28,61,33,22,55,6,10,16,2,7,9,266,197,463
2020-04-04,5,2,7,7,10,17,50,40,90,58,31,89,39,18,57,38,35,73,34,30,64,33,22,55,6,11,17,3,7,10,273,206,479
2020-04-05,6,2,8,7,10,17,50,42,92,60,32,92,39,22,61,38,36,74,35,30,65,35,23,58,7,11,18,3,7,10,280,215,495
2020-04-06,6,2,8,7,10,17,51,45,96,63,35,98,40,23,63,39,40,79,38,32,70,37,25,62,7,12,19,3,7,10,291,231,522
2020-04-07,6,2,8,7,11,18,54,45,99,64,40,104,41,23,64,41,42,83,39,32,71,38,27,65,8,12,20,5,7,12,303,241,544
2020-04-08,8,2,10,8,11,19,55,47,102,65,46,111,42,25,67,43,42,85,40,32,72,40,28,68,8,12,20,5,7,12,314,252,566
2020-04-09,8,2,10,8,12,20,56,47,103,70,46,116,42,26,68,44,42,86,40,33,73,40,28,68,8,12,20,5,7,12,321,255,576
2020-04-10,8,2,10,8,12,20,56,48,104,74,49,123,42,26,68,45,42,87,40,33,73,40,28,68,8,12,20,5,7,12,326,259,585
2020-04-11,8,2,10,8,12,20,56,49,105,75,50,125,42,28,70,46,42,88,40,33,73,40,28,68,10,13,23,5,7,12,330,264,594
2020-04-12,8,2,10,8,12,20,57,49,106,78,54,132,42,28,70,46,44,90,40,33,73,40,29,69,11,14,25,5,7,12,335,272,607
2020-04-13,9,2,11,8,12,20,59,50,109,80,57,137,45,29,74,46,47,93,40,35,75,41,30,71,11,14,25,5,7,12,344,283,627
2020-04-14,9,2,11,8,12,20,62,52,114,84,58,142,46,31,77,48,48,96,43,36,79,43,31,74,11,14,25,5,8,13,359,292,651
2020-04-15,9,2,11,8,13,21,62,52,114,86,60,146,48,32,80,48,49,97,43,36,79,43,31,74,11,15,26,5,8,13,363,298,661
2020-04-16,9,2,11,8,13,21,62,54,116,90,62,152,49,32,81,51,51,102,44,36,80,46,32,78,11,21,32,6,9,15,376,312,688
2020-04-17,9,2,11,8,13,21,64,56,120,92,66,158,50,33,83,52,52,104,45,37,82,46,33,79,13,25,38,6,10,16,385,327,712
2020-04-18,9,3,12,8,13,21,65,57,122,92,66,158,52,35,87,53,53,106,47,38,85,47,34,81,14,30,44,6,13,19,393,342,735
2020-04-19,9,3,12,8,13,21,68,58,126,96,69,165,52,39,91,54,53,107,47,40,87,48,36,84,15,32,47,6,16,22,403,359,762
2020-04-20,9,3,12,8,13,21,68,60,128,98,70,168,54,40,94,57,56,113,48,40,88,48,39,87,18,33,51,7,17,24,415,371,786
2020-04-21,9,7,16,8,13,21,68,65,133,99,74,173,55,44,99,58,58,116,50,41,91,48,42,90,21,35,56,8,22,30,424,401,825
2020-04-22,10,7,17,9,14,23,75,72,147,103,79,182,58,48,106,60,62,122,52,42,94,50,49,99,24,41,65,13,28,41,454,442,896
2020-04-23,16,10,26,10,15,25,83,76,159,106,84,190,61,52,113,61,62,123,55,46,101,52,52,104,32,42,74,13,31,44,489,470,959
2020-04-24,18,10,28,10,18,28,87,82,169,113,89,202,64,54,118,63,68,131,58,47,105,52,52,104,34,45,79,13,31,44,512,496,1008
2020-04-25,21,11,32,12,19,31,87,85,172,116,92,208,67,60,127,65,68,133,59,48,107,52,52,104,35,47,82,13,31,44,527,513,1040
2020-04-26,23,13,36,13,19,32,87,89,176,119,95,214,68,61,129,65,68,133,59,48,107,52,53,105,36,48,84,13,31,44,535,525,1060
2020-04-27,25,15,40,15,21,36,90,97,187,124,104,228,75,67,142,67,70,137,62,48,110,54,54,108,39,50,89,13,32,45,564,558,1122
2020-04-28,25,15,40,17,22,39,91,100,191,132,106,238,76,70,146,71,70,141,64,49,113,57,54,111,40,55,95,13,34,47,586,575,1161
2020-04-29,26,17,43,19,25,44,94,102,196,136,107,243,80,75,155,72,72,144,65,50,115,59,55,114,40,58,98,13,34,47,604,595,1199
2020-04-30,29,17,46,19,30,49,96,103,199,144,112,256,84,78,162,76,73,149,66,50,116,60,55,115,40,58,98,13,34,47,627,610,1237
2020-05-01,33,20,53,23,32,55,101,110,211,146,117,263,86,81,167,80,75,155,67,51,118,60,55,115,40,59,99,14,34,48,650,634,1284
2020-05-02,38,22,60,26,37,63,106,118,224,150,122,272,88,82,170,80,76,156,67,51,118,61,55,116,40,60,100,14,34,48,670,657,1327
2020-05-03,39,23,62,33,38,71,108,125,233,152,130,282,90,83,173,83,76,159,68,53,121,61,55,116,41,61,102,14,34,48,689,678,1367
2020-05-04,41,28,69,37,40,77,114,133,247,161,138,299,93,90,183,86,77,163,70,53,123,61,55,116,42,64,106,14,34,48,719,712,1431
2020-05-05,45,34,79,41,48,89,123,145,268,177,147,324,100,105,205,92,81,173,71,57,128,63,58,121,48,75,123,15,40,55,775,790,1565
2020-05-06,47,40,87,44,53,97,132,153,285,188,160,348,107,110,217,95,81,176,74,58,132,64,60,124,49,76,125,16,41,57,816,832,1648
2020-05-07,53,48,101,50,57,107,143,171,314,201,171,372,115,116,231,101,85,186,75,62,137,64,61,125,52,77,129,16,43,59,870,891,1761
2020-05-08,67,59,126,59,67,126,159,190,349,215,190,405,131,128,259,107,87,194,81,65,146,67,61,128,53,81,134,17,43,60,956,971,1927
2020-05-09,69,63,132,61,73,134,169,199,368,230,207,437,145,133,278,114,93,207,85,67,152,68,63,131,53,81,134,18,43,61,1012,1022,2034
2020-05-10,74,68,142,67,79,146,184,209,393,261,222,483,177,136,313,139,99,238,88,70,158,69,65,134,53,81,134,18,43,61,1130,1072,2202
2020-05-11,83,76,159,71,87,158,196,220,416,280,240,520,186,147,333,143,101,244,92,73,165,70,66,136,54,84,138,18,44,62,1193,1138,2331
2020-05-12,92,94,186,78,98,176,225,253,478,305,260,565,199,163,362,155,109,264,99,76,175,73,72,145,54,85,139,21,46,67,1301,1256,2557
2020-05-13,101,101,202,89,108,197,249,270,519,324,278,602,218,178,396,164,119,283,106,83,189,74,74,148,54,87,141,21,49,70,1400,1347,2747
2020-05-14,121,125,246,107,129,236,276,299,575,342,301,643,236,193,429,178,132,310,111,87,198,75,75,150,54,88,142,21,49,70,1521,1478,2999
2020-05-15,136,144,280,113,144,257,297,321,618,360,324,684,255,209,464,188,143,331,113,90,203,77,78,155,54,89,143,22,50,72,1615,1592,3207
2020-05-16,149,155,304,123,156,279,319,349,668,375,343,718,279,227,506,198,153,351,117,93,210,79,81,160,56,91,147,22,54,76,1717,1702,3419
2020-05-17,165,165,330,140,173,313,347,366,713,405,361,766,292,240,532,212,165,377,119,100,219,81,82,163,60,96,156,22,55,77,1843,1803,3646
2020-05-18,189,189,378,161,191,352,395,414,809,436,406,842,316,260,576,229,187,416,128,106,234,89,87,176,63,102,165,23,57,80,2029,1999,4028
2020-05-19,218,216,434,180,213,393,435,457,892,477,440,917,336,282,618,244,196,440,134,114,248,90,89,179,65,107,172,24,59,83,2203,2173,4376
2020-05-20,239,233,472,194,239,433,480,502,982,505,475,980,364,306,670,268,215,483,143,121,264,92,95,187,67,112,179,24,60,84,2376,2358,4734
2020-05-21,260,256,516,221,258,479,515,546,1061,554,510,1064,391,335,726,288,229,517,155,122,277,98,100,198,69,114,183,24,63,87,2575,2533,5108
2020-05-22,278,266,544,238,279,517,548,593,1141,589,541,1130,424,369,793,305,242,547,166,131,297,98,104,202,70,114,184,25,64,89,2741,2703,5444
2020-05-23,297,297,594,260,305,565,582,626,1208,616,569,1185,458,391,849,321,262,583,172,136,308,100,106,206,72,124,196,25,66,91,2903,2882,5785
2020-05-24,312,310,622,273,317,590,609,659,1268,640,598,1238,490,409,899,337,274,611,176,138,314,101,110,211,75,125,200,26,67,93,3039,3007,6046
2020-05-25,335,329,664,289,334,623,641,690,1331,664,632,1296,516,427,943,350,288,638,182,147,329,106,120,226,76,132,208,27,68,95,3186,3167,6353
2020-05-26,358,348,706,316,362,678,681,737,1418,712,670,1382,546,458,1004,378,313,691,192,153,345,108,126,234,77,138,215,29,75,104,3397,3380,6777
2020-05-27,390,363,753,339,391,730,725,790,1515,761,711,1472,577,491,1068,404,331,735,198,162,360,116,134,250,80,142,222,29,78,107,3619,3593,7212
2020-05-28,423,379,802,363,420,783,774,846,1620,803,746,1549,607,532,1139,424,351,775,210,173,383,121,146,267,93,164,257,33,92,125,3851,3849,7700
2020-05-29,449,420,869,387,452,839,806,892,1698,852,778,1630,628,563,1191,442,368,810,221,183,404,131,157,288,96,174,270,33,99,132,4045,4086,8131
2020-05-30,461,438,899,413,478,891,836,929,1765,881,813,1694,643,578,1221,457,377,834,227,189,416,134,162,296,98,177,275,34,100,134,4184,4241,8425
2020-05-31,468,450,918,423,497,920,869,956,1825,901,841,1742,664,605,1269,473,393,866,232,193,425,141,167,308,105,179,284,36,100,136,4312,4381,8693
2020-06-01,489,467,956,441,526,967,909,995,1904,942,878,1820,704,639,1343,490,419,909,237,203,440,148,175,323,111,186,297,37,100,137,4508,4588,9096
2020-06-02,524,490,1014,471,551,1022,955,1044,1999,980,924,1904,734,665,1399,507,439,946,259,214,473,159,179,338,113,206,319,41,109,150,4743,4821,9564
2020-06-03,546,515,1061,488,572,1060,994,1099,2093,1031,964,1995,765,695,1460,532,463,995,274,229,503,168,192,360,116,214,330,44,112,156,4958,5055,10013
2020-06-04,569,546,1115,508,597,1105,1037,1161,2198,1069,1010,2079,788,724,1512,559,484,1043,285,234,519,173,198,371,116,219,335,47,120,167,5151,5293,10444
2020-06-05,610,570,1180,543,623,1166,1081,1222,2303,1119,1061,2180,821,755,1576,581,505,1086,299,247,546,179,211,390,121,226,347,47,123,170,5401,5543,10944
2020-06-06,631,591,1222,560,649,1209,1119,1265,2384,1173,1094,2267,848,792,1640,599,522,1121,306,255,561,185,219,404,123,239,362,49,131,180,5593,5757,11350
2020-06-07,647,612,1259,581,665,1246,1154,1307,2461,1205,1121,2326,879,817,1696,614,534,1148,311,264,575,188,226,414,126,255,381,49,136,185,5754,5937,11691
2020-06-08,680,654,1334,610,701,1311,1210,1369,2579,1271,1177,2448,919,862,1781,661,563,1224,329,275,604,202,239,441,137,266,403,50,143,193,6069,6249,12318
2020-06-09,709,679,1388,642,734,1376,1258,1429,2687,1335,1250,2585,973,907,1880,696,603,1299,346,290,636,220,249,469,144,279,423,50,150,200,6373,6570,12943
2020-06-10,729,703,1432,667,762,1429,1315,1494,2809,1394,1315,2709,1031,946,1977,720,632,1352,362,306,668,237,265,502,151,309,460,51,166,217,6657,6898,13555
2020-06-11,763,731,1494,693,804,1497,1405,1584,2989,1464,1366,2830,1081,998,2079,761,656,1417,379,324,703,250,276,526,157,320,477,51,172,223,7004,7231,14235
2020-06-12,808,772,1580,727,845,1572,1466,1662,3128,1523,1425,2948,1140,1050,2190,797,680,1477,397,346,743,264,287,551,161,324,485,52,177,229,7335,7568,14903
2020-06-13,845,793,1638,748,886,1634,1522,1720,3242,1573,1474,3047,1174,1095,2269,824,704,1528,414,358,772,274,301,575,165,339,504,55,188,243,7594,7858,15452
2020-06-14,866,819,1685,769,902,1671,1553,1765,3318,1617,1511,3128,1200,1119,2319,845,723,1568,426,370,796,279,311,590,169,354,523,55,194,249,7779,8068,15847
2020-06-15,895,837,1732,798,923,1721,1611,1817,3428,1659,1563,3222,1242,1145,2387,862,741,1603,438,379,817,285,319,604,173,362,535,59,196,255,8022,8282,16304
2020-06-16,934,876,1810,828,956,1784,1685,1894,3579,1745,1633,3378,1305,1191,2496,901,782,1683,464,399,863,301,331,632,177,376,553,60,201,261,8400,8639,17039
2020-06-17,974,909,1883,864,996,1860,1777,1984,3761,1841,1719,3560,1371,1265,2636,963,831,1794,491,427,918,332,344,676,184,402,586,61,210,271,8858,9087,17945
2020-06-18,1005,947,1952,913,1040,1953,1877,2076,3953,1938,1809,3747,1456,1343,2799,1018,882,1900,516,443,959,343,357,700,192,417,609,62,216,278,9320,9530,18850
2020-06-19,1039,982,2021,956,1097,2053,1961,2159,4120,2036,1895,3931,1520,1393,2913,1056,925,1981,547,471,1018,368,380,748,209,438,647,63,235,298,9755,9975,19730
2020-06-20,1075,1023,2098,990,1138,2128,2033,2240,4273,2113,1956,4069,1572,1455,3027,1100,959,2059,564,490,1054,384,396,780,216,450,666,68,243,311,10115,10350,20465
2020-06-21,1098,1058,2156,1031,1171,2202,2082,2290,4372,2182,2011,4193,1607,1500,3107,1132,984,2116,583,498,1081,395,408,803,223,465,688,69,254,323,10402,10639,21041
2020-06-22,1156,1099,2255,1070,1224,2294,2187,2378,4565,2294,2093,4387,1690,1560,3250,1215,1037,2252,630,531,1161,417,438,855,243,483,726,72,264,336,10974,11107,22081
2020-06-23,1193,1138,2331,1116,1266,2382,2290,2489,4779,2378,2180,4558,1772,1634,3406,1287,1084,2371,652,555,1207,431,453,884,258,515,773,75,269,344,11452,11583,23035
2020-06-24,1225,1167,2392,1153,1312,2465,2403,2588,4991,2472,2266,4738,1852,1716,3568,1339,1131,2470,680,578,1258,449,461,910,267,532,799,78,282,360,11918,12033,23951
2020-06-25,1270,1210,2480,1199,1359,2558,2497,2694,5191,2581,2355,4936,1906,1782,3688,1392,1174,2566,707,596,1303,459,477,936,276,557,833,80,294,374,12367,12498,24865
2020-06-26,1312,1259,2571,1261,1405,2666,2583,2792,5375,2683,2451,5134,1973,1864,3837,1447,1218,2665,738,618,1356,472,494,966,286,580,866,82,304,386,12837,12985,25822
2020-06-27,1354,1295,2649,1301,1451,2752,2663,2863,5526,2747,2535,5282,2021,1916,3937,1488,1250,2738,767,638,1405,480,505,985,294,596,890,84,309,393,13199,13358,26557
2020-06-28,1384,1314,2698,1335,1474,2809,2743,2938,5681,2806,2585,5391,2087,1960,4047,1523,1288,2811,784,651,1435,487,516,1003,303,611,914,86,315,401,13538,13652,27190
2020-06-29,1410,1343,2753,1383,1524,2907,2842,3026,5868,2917,2662,5579,2167,2040,4207,1578,1338,2916,813,671,1484,503,533,1036,323,638,961,87,326,413,14023,14101,28124
2020-06-30,1440,1378,2818,1437,1561,2998,2931,3113,6044,3000,2756,5756,2243,2106,4349,1635,1382,3017,841,699,1540,527,554,1081,338,661,999,91,341,432,14483,14551,29034
2020-07-01,1474,1415,2889,1484,1599,3083,3015,3206,6221,3099,2840,5939,2301,2157,4458,1690,1426,3116,876,730,1606,546,568,1114,357,679,1036,93,350,443,14935,14970,29905
2020-07-02,1518,1450,2968,1529,1653,3182,3097,3312,6409,3183,2940,6123,2397,2235,4632,1736,1471,3207,925,753,1678,566,592,1158,365,696,1061,95,357,452,15411,15459,30870
2020-07-03,1564,1493,3057,1583,1705,3288,3199,3406,6605,3297,3027,6324,2473,2310,4783,1802,1520,3322,958,783,1741,586,617,1203,372,722,1094,97,371,468,15931,15954,31885
2020-07-04,1592,1538,3130,1615,1734,3349,3265,3486,6751,3384,3101,6485,2546,2362,4908,1848,1564,3412,992,812,1804,607,652,1259,378,770,1148,99,392,491,16326,16411,32737
2020-07-05,1613,1564,3177,1648,1764,3412,3322,3550,6872,3451,3158,6609,2604,2419,5023,1897,1606,3503,1026,837,1863,628,687,1315,394,802,1196,101,404,505,16684,16791,33475
2020-07-06,1644,1595,3239,1688,1798,3486,3424,3651,7075,3574,3263,6837,2704,2497,5201,1967,1664,3631,1076,874,1950,651,718,1369,406,851,1257,108,421,529,17242,17332,34574
2020-07-07,1682,1635,3317,1721,1839,3560,3538,3747,7285,3697,3359,7056,2789,2581,5370,2033,1713,3746,1109,901,2010,685,744,1429,420,879,1299,111,430,541,17785,17828,35613
2020-07-08,1724,1676,3400,1758,1881,3639,3638,3858,7496,3830,3478,7308,2873,2663,5536,2095,1793,3888,1158,932,2090,713,782,1495,439,918,1357,117,457,574,18345,18438,36783
2020-07-09,1764,1706,3470,1793,1927,3720,3708,3931,7639,3914,3587,7501,2951,2720,5671,2146,1825,3971,1196,977,2173,741,804,1545,456,961,1417,120,467,587,18789,18905,37694
2020-07-10,1800,1742,3542,1834,1961,3795,3779,4022,7801,4001,3675,7676,3025,2784,5809,2206,1885,4091,1241,1010,2251,760,823,1583,476,983,1459,122,479,601,19244,19364,38608
2020-07-11,1826,1774,3600,1861,1995,3856,3846,4098,7944,4086,3764,7850,3101,2846,5947,2265,1932,4197,1281,1032,2313,779,848,1627,483,1008,1491,126,490,616,19654,19787,39441
2020-07-12,1855,1794,3649,1891,2027,3918,3908,4153,8061,4151,3833,7984,3164,2885,6049,2317,1968,4285,1306,1058,2364,798,865,1663,501,1036,1537,128,505,633,20019,20124,40143
2020-07-13,1896,1827,3723,1944,2076,4020,4015,4275,8290,4288,3956,8244,3269,2981,6250,2400,2038,4438,1345,1091,2436,824,898,1722,520,1080,1600,135,528,663,20636,20750,41386
2020-07-14,1930,1861,3791,1984,2117,4101,4134,4384,8518,4417,4070,8487,3353,3071,6424,2467,2102,4569,1391,1130,2521,849,922,1771,532,1116,1648,142,543,685,21199,21316,42515
2020-07-15,1966,1898,3864,2029,2151,4180,4236,4500,8736,4538,4198,8736,3440,3178,6618,2544,2152,4696,1436,1164,2600,882,951,1833,545,1149,1694,147,568,715,21763,21909,43672
2020-07-16,1995,1942,3937,2085,2198,4283,4347,4601,8948,4680,4327,9007,3535,3265,6800,2618,2225,4843,1478,1199,2677,909,983,1892,565,1199,1764,155,601,756,22367,22540,44907
2020-07-17,2041,1970,4011,2116,2249,4365,4449,4743,9192,4796,4439,9235,3615,3352,6967,2690,2290,4980,1521,1231,2752,932,1012,1944,586,1248,1834,160,630,790,22906,23164,46070
2020-07-18,2074,2006,4080,2170,2285,4455,4545,4839,9384,4909,4546,9455,3701,3450,7151,2761,2343,5104,1555,1265,2820,960,1048,2008,596,1278,1874,164,643,807,23435,23703,47138
2020-07-19,2109,2049,4158,2206,2315,4521,4623,4927,9550,5005,4640,9645,3774,3524,7298,2822,2396,5218,1602,1292,2894,977,1076,2053,612,1312,1924,172,658,830,23902,24189,48091
2020-07-20,2133,2095,4228,2248,2370,4618,4770,5049,9819,5152,4781,9933,3894,3626,7520,2888,2479,5367,1667,1340,3007,1003,1114,2117,635,1343,1978,174,670,844,24564,24867,49431
2020-07-21,2182,2130,4312,2289,2415,4704,4893,5195,10088,5301,4939,10240,4018,3751,7769,2985,2567,5552,1725,1369,3094,1031,1142,2173,653,1382,2035,176,693,869,25253,25583,50836
2020-07-22,2214,2159,4373,2332,2467,4799,5043,5324,10367,5443,5067,10510,4130,3840,7970,3078,2633,5711,1779,1414,3193,1074,1175,2249,669,1412,2081,180,712,892,25942,26203,52145
2020-07-23,2248,2200,4448,2368,2513,4881,5177,5469,10646,5565,5180,10745,4226,3931,8157,3166,2693,5859,1819,1449,3268,1100,1199,2299,690,1441,2131,183,721,904,26542,26796,53338
2020-07-24,2299,2240,4539,2413,2557,4970,5316,5599,10915,5711,5310,11021,4326,4039,8365,3258,2758,6016,1858,1491,3349,1116,1220,2336,706,1485,2191,188,738,926,27191,27437,54628
2020-07-25,2325,2265,4590,2453,2585,5038,5399,5686,11085,5816,5412,11228,4424,4109,8533,3303,2809,6112,1893,1520,3413,1133,1245,2378,718,1507,2225,196,753,949,27660,27891,55551
2020-07-26,2349,2292,4641,2476,2622,5098,5470,5767,11237,5886,5497,11383,4482,4174,8656,3342,2851,6193,1928,1541,3469,1159,1268,2427,737,1543,2280,200,765,965,28029,28320,56349
2020-07-27,2379,2319,4698,2519,2663,5182,5597,5876,11473,6032,5633,11665,4568,4274,8842,3430,2931,6361,1966,1581,3547,1182,1294,2476,758,1571,2329,205,780,985,28636,28922,57558
2020-07-28,2411,2343,4754,2571,2706,5277,5723,6002,11725,6180,5767,11947,4662,4372,9034,3513,2982,6495,2002,1625,3627,1213,1321,2534,777,1604,2381,206,799,1005,29258,29521,58779
2020-07-29,2436,2376,4812,2627,2755,5382,5835,6126,11961,6296,5888,12184,4762,4480,9242,3571,3051,6622,2051,1650,3701,1242,1349,2591,801,1640,2441,212,816,1028,29833,30131,59964
2020-07-30,2473,2403,4876,2664,2806,5470,5973,6242,12215,6436,6011,12447,4865,4578,9443,3633,3118,6751,2088,1676,3764,1262,1394,2656,818,1685,2503,217,843,1060,30429,30756,61185
2020-07-31,2504,2439,4943,2723,2856,5579,6085,6364,12449,6542,6129,12671,4975,4663,9638,3700,3190,6890,2142,1697,3839,1289,1428,2717,831,1722,2553,221,869,1090,31012,31357,62369
2020-08-01,2538,2476,5014,2758,2915,5673,6170,6477,12647,6657,6246,12903,5092,4752,9844,3762,3240,7002,2173,1726,3899,1305,1453,2758,844,1751,2595,225,879,1104,31524,31915,63439
2020-08-02,2568,2499,5067,2791,2956,5747,6251,6554,12805,6753,6332,13085,5173,4833,10006,3820,3284,7104,2211,1766,3977,1339,1479,2818,865,1798,2663,228,904,1132,31999,32405,64404
2020-08-03,2612,2544,5156,2857,3004,5861,6397,6707,13104,6920,6482,13402,5315,4964,10279,3906,3379,7285,2271,1817,4088,1372,1520,2892,884,1859,2743,231,938,1169,32765,33214,65979
2020-08-04,2649,2573,5222,2901,3066,5967,6534,6841,13375,7079,6632,13711,5446,5100,10546,3995,3466,7461,2337,1859,4196,1411,1563,2974,908,1929,2837,236,968,1204,33496,33997,67493
2020-08-05,2692,2611,5303,2966,3109,6075,6675,6985,13660,7241,6766,14007,5561,5220,10781,4085,3536,7621,2417,1915,4332,1447,1610,3057,934,2006,2940,241,1013,1254,34259,34771,69030
2020-08-06,2726,2645,5371,3025,3154,6179,6805,7113,13918,7362,6889,14251,5671,5312,10983,4157,3623,7780,2455,1958,4413,1467,1636,3103,949,2042,2991,248,1033,1281,34865,35405,70270
2020-08-07,2756,2673,5429,3062,3201,6263,6925,7233,14158,7471,7010,14481,5777,5404,11181,4229,3697,7926,2495,2008,4503,1499,1664,3163,967,2073,3040,253,1045,1298,35434,36008,71442
2020-08-08,2786,2703,5489,3099,3230,6329,7002,7331,14333,7564,7110,14674,5845,5484,11329,4289,3762,8051,2524,2042,4566,1518,1693,3211,978,2118,3096,256,1067,1323,35861,36540,72401
2020-08-09,2805,2720,5525,3135,3269,6404,7077,7416,14493,7639,7179,14818,5906,5553,11459,4355,3808,8163,2567,2078,4645,1536,1706,3242,990,2139,3129,260,1072,1332,36270,36940,73210
2020-08-10,2836,2755,5591,3177,3311,6488,7193,7543,14736,7786,7327,15113,6013,5664,11677,4449,3880,8329,2603,2126,4729,1561,1733,3294,1005,2180,3185,264,1096,1360,36887,37615,74502
2020-08-11,2858,2778,5636,3207,3349,6556,7290,7660,14950,7922,7442,15364,6140,5753,11893,4528,3950,8478,2648,2159,4807,1590,1764,3354,1019,2229,3248,269,1117,1386,37471,38201,75672
2020-08-12,2888,2815,5703,3256,3384,6640,7396,7767,15163,8041,7565,15606,6239,5859,12098,4614,4025,8639,2692,2205,4897,1613,1786,3399,1027,2251,3278,275,1123,1398,38041,38780,76821
2020-08-13,2911,2839,5750,3305,3427,6732,7504,7880,15384,8146,7684,15830,6325,5957,12282,4679,4080,8759,2746,2232,4978,1633,1811,3444,1038,2270,3308,277,1128,1405,38564,39308,77872
2020-08-14,2939,2858,5797,3343,3474,6817,7609,8004,15613,8270,7791,16061,6410,6039,12449,4745,4133,8878,2789,2272,5061,1656,1829,3485,1054,2299,3353,280,1141,1421,39095,39840,78935
2020-08-15,2956,2878,5834,3384,3510,6894,7698,8108,15806,8377,7889,16266,6474,6118,12592,4803,4187,8990,2827,2314,5141,1686,1868,3554,1072,2360,3432,283,1170,1453,39560,40402,79962
2020-08-16,2975,2900,5875,3418,3528,6946,7780,8168,15948,8443,7957,16400,6542,6173,12715,4844,4224,9068,2856,2338,5194,1709,1886,3595,1083,2377,3460,286,1184,1470,39936,40735,80671
2020-08-17,2999,2916,5915,3466,3571,7037,7867,8285,16152,8553,8079,16632,6624,6249,12873,4916,4272,9188,2896,2367,5263,1736,1900,3636,1091,2399,3490,287,1191,1478,40435,41229,81664
2020-08-18,3022,2951,5973,3520,3609,7129,7995,8401,16396,8719,8202,16921,6741,6345,13086,5006,4366,9372,2938,2410,5348,1761,1930,3691,1105,2448,3553,292,1223,1515,41099,41885,82984
2020-08-19,3056,2983,6039,3564,3652,7216,8146,8532,16678,8870,8330,17200,6854,6468,13322,5089,4454,9543,2991,2452,5443,1783,1962,3745,1120,2482,3602,299,1245,1544,41772,42560,84332
2020-08-20,3087,3008,6095,3624,3694,7318,8259,8660,16919,9012,8451,17463,6963,6544,13507,5160,4517,9677,3049,2491,5540,1808,1990,3798,1139,2517,3656,303,1266,1569,42404,43138,85542
2020-08-21,3111,3032,6143,3674,3747,7421,8387,8783,17170,9156,8585,17741,7055,6650,13705,5240,4592,9832,3094,2524,5618,1831,2014,3845,1155,2537,3692,305,1276,1581,43008,43740,86748
2020-08-22,3139,3056,6195,3717,3781,7498,8493,8890,17383,9250,8702,17952,7141,6722,13863,5295,4653,9948,3136,2557,5693,1858,2038,3896,1165,2555,3720,306,1279,1585,43500,44233,87733
2020-08-23,3165,3081,6246,3759,3831,7590,8578,8984,17562,9332,8782,18114,7214,6799,14013,5355,4708,10063,3172,2598,5770,1879,2054,3933,1185,2580,3765,310,1288,1598,43949,44705,88654
2020-08-24,3202,3111,6313,3812,3875,7687,8724,9120,17844,9488,8922,18410,7342,6929,14271,5444,4797,10241,3229,2655,5884,1908,2080,3988,1199,2595,3794,313,1297,1610,44661,45381,90042
2020-08-25,3243,3138,6381,3867,3920,7787,8851,9279,18130,9653,9097,18750,7458,7057,14515,5546,4894,10440,3293,2703,5996,1949,2118,4067,1220,2635,3855,316,1313,1629,45396,46154,91550
2020-08-26,3281,3171,6452,3929,3984,7913,9000,9426,18426,9822,9242,19064,7625,7190,14815,5656,4972,10628,3350,2754,6104,1985,2163,4148,1239,2677,3916,317,1334,1651,46204,46913,93117
2020-08-27,3314,3214,6528,3989,4046,8035,9152,9600,18752,9999,9402,19401,7747,7330,15077,5752,5057,10809,3404,2808,6212,2015,2185,4200,1254,2724,3978,323,1354,1677,46949,47720,94669
2020-08-28,3337,3234,6571,4046,4107,8153,9295,9751,19046,10143,9544,19687,7856,7431,15287,5857,5149,11006,3459,2864,6323,2048,2215,4263,1267,2752,4019,323,1365,1688,47631,48412,96043
2020-08-29,3363,3252,6615,4078,4144,8222,9395,9852,19247,10247,9671,19918,7948,7524,15472,5924,5215,11139,3504,2909,6413,2066,2243,4309,1282,2772,4054,325,1371,1696,48132,48953,97085
2020-08-30,3377,3265,6642,4112,4187,8299,9472,9930,19402,10330,9757,20087,8020,7608,15628,5991,5269,11260,3546,2941,6487,2091,2261,4352,1292,2799,4091,327,1377,1704,48558,49394,97952
2020-08-31,3403,3286,6689,4157,4238,8395,9615,10070,19685,10483,9922,20405,8159,7714,15873,6078,5350,11428,3602,2985,6587,2121,2312,4433,1309,2858,4167,335,1395,1730,49262,50130,99392
2020-09-01,3424,3308,6732,4213,4289,8502,9730,10201,19931,10646,10055,20701,8300,7840,16140,6156,5418,11574,3658,3038,6696,2147,2345,4492,1327,2900,4227,339,1416,1755,49940,50810,100750
2020-09-02,3447,3324,6771,4257,4328,8585,9828,10314,20142,10769,10179,20948,8401,7934,16335,6223,5484,11707,3704,3078,6782,2167,2372,4539,1345,2919,4264,340,1419,1759,50481,51351,101832
2020-09-03,3459,3348,6807,4300,4358,8658,9949,10429,20378,10900,10304,21204,8509,8036,16545,6301,5547,11848,3753,3117,6870,2195,2405,4600,1361,2940,4301,343,1426,1769,51070,51910,102980
2020-09-04,3484,3368,6852,4339,4415,8754,10094,10538,20632,11020,10432,21452,8609,8151,16760,6375,5623,11998,3796,3152,6948,2214,2435,4649,1368,2956,4324,347,1439,1786,51646,52509,104155
2020-09-05,3496,3386,6882,4375,4443,8818,10179,10645,20824,11125,10534,21659,8714,8252,16966,6433,5681,12114,3828,3190,7018,2245,2462,4707,1378,2985,4363,348,1450,1798,52121,53028,105149
2020-09-06,3513,3402,6915,4411,4476,8887,10243,10709,20952,11187,10599,21786,8778,8308,17086,6481,5730,12211,3864,3221,7085,2267,2488,4755,1388,2999,4387,351,1456,1807,52483,53388,105871
2020-09-07,3535,3421,6956,4450,4516,8966,10367,10838,21205,11313,10718,22031,8878,8424,17302,6573,5810,12383,3919,3266,7185,2310,2526,4836,1412,3037,4449,353,1479,1832,53110,54035,107145
2020-09-08,3557,3442,6999,4494,4566,9060,10490,10953,21443,11454,10860,22314,9006,8546,17552,6657,5892,12549,3966,3308,7274,2344,2554,4898,1429,3075,4504,357,1489,1846,53754,54685,108439
2020-09-09,3583,3468,7051,4538,4616,9154,10628,11082,21710,11599,10995,22594,9110,8646,17756,6729,5962,12691,4030,3351,7381,2377,2585,4962,1438,3096,4534,361,1504,1865,54393,55305,109698
2020-09-10,3619,3489,7108,4576,4667,9243,10722,11193,21915,11718,11104,22822,9219,8748,17967,6818,6026,12844,4087,3386,7473,2408,2624,5032,1449,3144,4593,365,1533,1898,54981,55914,110895
2020-09-11,3650,3514,7164,4616,4721,9337,10820,11321,22141,11839,11210,23049,9342,8855,18197,6894,6111,13005,4120,3418,7538,2443,2656,5099,1461,3164,4625,366,1537,1903,55551,56507,112058
2020-09-12,3666,3526,7192,4644,4758,9402,10893,11400,22293,11918,11297,23215,9411,8941,18352,6946,6169,13115,4155,3455,7610,2457,2675,5132,1472,3191,4663,367,1553,1920,55929,56965,112894
2020-09-13,3682,3544,7226,4675,4784,9459,10954,11485,22439,11994,11369,23363,9476,9013,18489,6988,6206,13194,4193,3494,7687,2486,2695,5181,1478,3211,4689,369,1555,1924,56295,57356,113651
2020-09-14,3700,3561,7261,4715,4818,9533,11059,11597,22656,12111,11489,23600,9560,9094,18654,7058,6287,13345,4234,3531,7765,2518,2720,5238,1485,3234,4719,373,1562,1935,56813,57893,114706
2020-09-15,3729,3574,7303,4751,4858,9609,11144,11696,22840,12207,11590,23797,9640,9193,18833,7145,6355,13500,4287,3569,7856,2536,2746,5282,1500,3258,4758,375,1572,1947,57314,58411,115725
2020-09-16,3752,3591,7343,4799,4896,9695,11240,11797,23037,12309,11696,24005,9749,9273,19022,7217,6424,13641,4319,3601,7920,2555,2784,5339,1509,3285,4794,378,1586,1964,57827,58933,116760
2020-09-17,3768,3610,7378,4831,4935,9766,11343,11891,23234,12387,11800,24187,9829,9355,19184,7269,6477,13746,4368,3625,7993,2575,2805,5380,1523,3294,4817,380,1593,1973,58273,59385,117658
2020-09-18,3800,3641,7441,4870,4980,9850,11434,12007,23441,12485,11910,24395,9899,9432,19331,7323,6521,13844,4408,3653,8061,2592,2838,5430,1535,3312,4847,380,1601,1981,58726,59895,118621
2020-09-19,3811,3657,7468,4901,5012,9913,11492,12065,23557,12562,11999,24561,9970,9476,19446,7365,6564,13929,4448,3681,8129,2604,2856,5460,1539,3327,4866,381,1607,1988,59073,60244,119317
2020-09-20,3824,3672,7496,4926,5031,9957,11543,12118,23661,12610,12067,24677,10009,9518,19527,7389,6589,13978,4476,3717,8193,2621,2881,5502,1545,3336,4881,381,1613,1994,59324,60542,119866
2020-09-21,3843,3685,7528,4970,5063,10033,11630,12202,23832,12704,12133,24837,10098,9576,19674,7432,6638,14070,4516,3751,8267,2647,2913,5560,1556,3353,4909,381,1617,1998,59777,60931,120708
2020-09-22,3865,3697,7562,5006,5102,10108,11734,12289,24023,12803,12237,25040,10164,9657,19821,7493,6689,14182,4553,3792,8345,2667,2934,5601,1573,3383,4956,384,1628,2012,60242,61408,121650
2020-09-23,3886,3718,7604,5040,5146,10186,11828,12379,24207,12892,12324,25216,10236,9750,19986,7553,6743,14296,4587,3829,8416,2691,2960,5651,1581,3396,4977,388,1632,2020,60682,61877,122559
2020-09-24,3907,3736,7643,5078,5188,10266,11927,12477,24404,12983,12434,25417,10302,9817,20119,7624,6794,14418,4638,3865,8503,2714,2976,5690,1599,3419,5018,390,1636,2026,61162,62342,123504
2020-09-25,3927,3761,7688,5111,5221,10332,12023,12560,24583,13060,12540,25600,10391,9900,20291,7691,6863,14554,4681,3900,8581,2747,3011,5758,1609,3434,5043,393,1650,2043,61633,62840,124473
2020-09-26,3940,3774,7714,5142,5249,10391,12080,12619,24699,13119,12600,25719,10458,9953,20411,7729,6914,14643,4704,3929,8633,2766,3032,5798,1619,3449,5068,394,1657,2051,61951,63176,125127
2020-09-27,3960,3789,7749,5166,5282,10448,12155,12669,24824,13192,12664,25856,10522,9999,20521,7769,6956,14725,4728,3943,8671,2788,3045,5833,1625,3460,5085,397,1659,2056,62302,63466,125768
2020-09-28,3981,3807,7788,5205,5317,10522,12235,12773,25008,13292,12760,26052,10596,10071,20667,7825,7015,14840,4780,3982,8762,2808,3077,5885,1643,3480,5123,399,1665,2064,62764,63947,126711
2020-09-29,4016,3823,7839,5236,5338,10574,12343,12874,25217,13390,12848,26238,10680,10146,20826,7882,7075,14957,4820,4030,8850,2836,3112,5948,1651,3501,5152,399,1675,2074,63253,64422,127675
2020-09-30,4035,3846,7881,5264,5373,10637,12451,12986,25437,13484,12943,26427,10757,10225,20982,7941,7137,15078,4868,4059,8927,2863,3126,5989,1664,3522,5186,402,1679,2081,63729,64896,128625
2020-10-01,4056,3864,7920,5293,5409,10702,12545,13088,25633,13570,13033,26603,10822,10289,21111,7998,7201,15199,4900,4101,9001,2875,3150,6025,1673,3539,5212,404,1687,2091,64136,65361,129497
2020-10-02,4080,3881,7961,5332,5441,10773,12637,13174,25811,13645,13124,26769,10885,10371,21256,8056,7272,15328,4936,4143,9079,2895,3174,6069,1689,3558,5247,407,1698,2105,64562,65836,130398
2020-10-03,4102,3892,7994,5354,5473,10827,12695,13221,25916,13709,13169,26878,10929,10430,21359,8098,7323,15421,4961,4157,9118,2906,3182,6088,1694,3570,5264,408,1702,2110,64856,66119,130975
2020-10-04,4110,3899,8009,5377,5493,10870,12743,13274,26017,13758,13225,26983,10968,10464,21432,8129,7354,15483,4978,4181,9159,2921,3189,6110,1699,3579,5278,408,1708,2116,65091,66366,131457
2020-10-05,4121,3915,8036,5406,5521,10927,12821,13377,26198,13852,13302,27154,11033,10521,21554,8181,7409,15590,5025,4218,9243,2943,3211,6154,1706,3594,5300,409,1714,2123,65497,66782,132279
2020-10-06,4148,3933,8081,5434,5563,10997,12917,13479,26396,13952,13393,27345,11115,10590,21705,8244,7471,15715,5062,4248,9310,2960,3230,6190,1718,3610,5328,411,1719,2130,65961,67236,133197
2020-10-07,4163,3944,8107,5463,5599,11062,13016,13572,26588,14019,13479,27498,11197,10664,21861,8302,7526,15828,5089,4269,9358,2973,3251,6224,1728,3631,5359,411,1727,2138,66361,67662,134023
2020-10-08,4183,3959,8142,5492,5638,11130,13103,13660,26763,14105,13560,27665,11248,10741,21989,8351,7581,15932,5117,4299,9416,2989,3279,6268,1740,3665,5405,413,1741,2154,66741,68123,134864
2020-10-09,4202,3978,8180,5519,5673,11192,13168,13758,26926,14200,13657,27857,11312,10809,22121,8406,7638,16044,5143,4334,9477,3006,3304,6310,1756,3697,5453,415,1754,2169,67127,68602,135729
2020-10-10,4213,3984,8197,5540,5706,11246,13221,13815,27036,14258,13723,27981,11374,10861,22235,8447,7692,16139,5170,4360,9530,3023,3320,6343,1760,3708,5468,416,1755,2171,67422,68924,136346
2020-10-11,4227,4001,8228,5558,5731,11289,13258,13859,27117,14298,13781,28079,11416,10892,22308,8478,7726,16204,5183,4381,9564,3037,3334,6371,1768,3725,5493,418,1762,2180,67641,69192,136833
2020-10-12,4251,4018,8269,5582,5763,11345,13324,13906,27230,14366,13841,28207,11468,10939,22407,8515,7771,16286,5211,4405,9616,3055,3348,6403,1772,3742,5514,418,1768,2186,67962,69501,137463
2020-10-13,4267,4037,8304,5618,5796,11414,13413,13988,27401,14472,13928,28400,11540,11006,22546,8568,7812,16380,5250,4429,9679,3065,3367,6432,1779,3765,5544,419,1777,2196,68391,69905,138296
2020-10-14,4282,4053,8335,5655,5832,11487,13497,14072,27569,14548,14000,28548,11614,11073,22687,8629,7875,16504,5274,4456,9730,3086,3386,6472,1787,3773,5560,420,1783,2203,68792,70303,139095
2020-10-15,4298,4073,8371,5707,5881,11588,13592,14149,27741,14636,14081,28717,11679,11139,22818,8670,7920,16590,5299,4483,9782,3107,3405,6512,1794,3792,5586,423,1788,2211,69205,70711,139916
2020-10-16,4317,4086,8403,5738,5924,11662,13664,14253,27917,14714,14162,28876,11750,11201,22951,8716,7959,16675,5329,4517,9846,3125,3426,6551,1804,3816,5620,425,1802,2227,69582,71146,140728
2020-10-17,4330,4104,8434,5769,5948,11717,13720,14305,28025,14780,14236,29016,11793,11237,23030,8749,7992,16741,5349,4540,9889,3134,3435,6569,1812,3823,5635,427,1805,2232,69863,71425,141288
2020-10-18,4341,4112,8453,5789,5971,11760,13760,14346,28106,14824,14266,29090,11818,11265,23083,8773,8019,16792,5364,4556,9920,3148,3448,6596,1813,3833,5646,427,1808,2235,70057,71624,141681
2020-10-19,4360,4127,8487,5814,6000,11814,13823,14404,28227,14875,14324,29199,11886,11313,23199,8816,8056,16872,5396,4577,9973,3166,3469,6635,1817,3847,5664,428,1812,2240,70381,71929,142310
2020-10-20,4368,4138,8506,5831,6024,11855,13897,14483,28380,14947,14384,29331,11935,11368,23303,8869,8092,16961,5421,4603,10024,3180,3478,6658,1829,3865,5694,429,1819,2248,70706,72254,142960
2020-10-21,4383,4149,8532,5856,6052,11908,13951,14539,28490,15002,14436,29438,11987,11408,23395,8899,8131,17030,5447,4625,10072,3193,3492,6685,1832,3872,5704,430,1822,2252,70980,72526,143506
2020-10-22,4397,4159,8556,5883,6076,11959,14007,14606,28613,15052,14481,29533,12029,11444,23473,8924,8158,17082,5468,4639,10107,3203,3505,6708,1838,3879,5717,430,1822,2252,71231,72769,144000
2020-10-23,4410,4169,8579,5908,6096,12004,14056,14678,28734,15101,14540,29641,12082,11489,23571,8962,8189,17151,5499,4662,10161,3211,3517,6728,1848,3887,5735,431,1823,2254,71508,73050,144558
2020-10-24,4418,4181,8599,5928,6113,12041,14097,14723,28820,15137,14588,29725,12116,11519,23635,8997,8213,17210,5515,4676,10191,3223,3529,6752,1852,3893,5745,431,1827,2258,71714,73262,144976
2020-10-25,4427,4192,8619,5940,6128,12068,14132,14760,28892,15164,14622,29786,12149,11547,23696,9017,8236,17253,5532,4682,10214,3228,3538,6766,1855,3897,5752,431,1828,2259,71875,73430,145305
2020-10-26,4440,4197,8637,5952,6164,12116,14182,14806,28988,15231,14678,29909,12187,11584,23771,9052,8270,17322,5555,4703,10258,3236,3547,6783,1865,3906,5771,435,1832,2267,72135,73687,145822
2020-10-27,4447,4208,8655,5980,6193,12173,14244,14867,29111,15286,14733,30019,12242,11632,23874,9092,8307,17399,5574,4728,10302,3245,3562,6807,1875,3921,5796,436,1834,2270,72421,73985,146406
2020-10-28,4463,4221,8684,6009,6214,12223,14296,14920,29216,15336,14777,30113,12282,11664,23946,9120,8338,17458,5599,4746,10345,3252,3572,6824,1882,3926,5808,438,1836,2274,72677,74214,146891
2020-10-29,4475,4227,8702,6024,6230,12254,14341,14963,29304,15383,14822,30205,12321,11694,24015,9140,8360,17500,5613,4761,10374,3270,3578,6848,1886,3938,5824,439,1843,2282,72892,74416,147308
2020-10-30,4482,4232,8714,6032,6237,12269,14375,15000,29375,15432,14849,30281,12349,11730,24079,9155,8380,17535,5625,4776,10401,3280,3589,6869,1889,3942,5831,440,1845,2285,73059,74580,147639
2020-10-31,4484,4236,8720,6041,6252,12293,14396,15027,29423,15462,14878,30340,12368,11752,24120,9170,8397,17567,5636,4786,10422,3284,3595,6879,1893,3946,5839,440,1845,2285,73174,74714,147888
2020-11-01,4494,4246,8740,6052,6265,12317,14438,15058,29496,15495,14906,30401,12396,11780,24176,9188,8417,17605,5652,4795,10447,3290,3601,6891,1895,3950,5845,440,1846,2286,73340,74864,148204
2020-11-02,4503,4255,8758,6062,6292,12354,14473,15105,29578,15540,14945,30485,12433,11814,24247,9220,8443,17663,5667,4805,10472,3293,3610,6903,1899,3957,5856,440,1850,2290,73530,75076,148606
2020-11-03,4513,4261,8774,6083,6303,12386,14527,15141,29668,15573,14980,30553,12467,11843,24310,9245,8465,17710,5679,4826,10505,3297,3619,6916,1900,3966,5866,440,1852,2292,73724,75256,148980
2020-11-04,4522,4266,8788,6091,6319,12410,14573,15187,29760,15616,15022,30638,12492,11876,24368,9270,8495,17765,5697,4838,10535,3302,3632,6934,1903,3972,5875,440,1855,2295,73906,75462,149368
2020-11-05,4537,4276,8813,6122,6340,12462,14626,15251,29877,15673,15062,30735,12527,11914,24441,9300,8519,17819,5718,4856,10574,3314,3644,6958,1906,3988,5894,441,1861,2302,74164,75711,149875
2020-11-06,4549,4283,8832,6144,6358,12502,14654,15293,29947,15715,15106,30821,12564,11942,24506,9326,8540,17866,5738,4876,10614,3326,3656,6982,1910,3994,5904,441,1863,2304,74367,75911,150278
2020-11-07,4557,4290,8847,6152,6367,12519,14682,15330,30012,15753,15149,30902,12597,11972,24569,9340,8560,17900,5753,4893,10646,3334,3665,6999,1914,3997,5911,441,1863,2304,74523,76086,150609
2020-11-08,4566,4296,8862,6157,6382,12539,14701,15373,30074,15782,15172,30954,12623,11989,24612,9358,8582,17940,5767,4901,10668,3340,3667,7007,1917,4002,5919,442,1863,2305,74653,76227,150880
2020-11-09,4579,4301,8880,6177,6402,12579,14742,15426,30168,15821,15213,31034,12670,12027,24697,9398,8628,18026,5784,4921,10705,3358,3672,7030,1918,4009,5927,442,1865,2307,74889,76464,151353
2020-11-10,4589,4311,8900,6193,6418,12611,14794,15480,30274,15886,15252,31138,12701,12056,24757,9421,8648,18069,5805,4940,10745,3374,3696,7070,1923,4017,5940,445,1866,2311,75131,76684,151815
2020-11-11,4599,4318,8917,6210,6439,12649,14847,15528,30375,15932,15303,31235,12741,12090,24831,9457,8669,18126,5822,4957,10779,3385,3711,7096,1925,4024,5949,446,1870,2316,75364,76909,152273
2020-11-12,4610,4326,8936,6231,6458,12689,14900,15574,30474,15970,15340,31310,12778,12126,24904,9481,8692,18173,5836,4969,10805,3389,3718,7107,1929,4027,5956,446,1874,2320,75570,77104,152674
2020-11-13,4619,4330,8949,6252,6474,12726,14942,15619,30561,16009,15371,31380,12819,12159,24978,9505,8713,18218,5857,4989,10846,3402,3723,7125,1932,4036,5968,448,1881,2329,75785,77295,153080
2020-11-14,4626,4336,8962,6269,6491,12760,14975,15655,30630,16047,15401,31448,12846,12180,25026,9535,8733,18268,5874,5000,10874,3411,3730,7141,1936,4041,5977,448,1882,2330,75967,77449,153416
2020-11-15,4630,4343,8973,6278,6510,12788,14999,15681,30680,16068,15426,31494,12872,12197,25069,9553,8747,18300,5883,5010,10893,3418,3738,7156,1938,4050,5988,449,1882,2331,76088,77584,153672
2020-11-16,4636,4352,8988,6296,6530,12826,15028,15723,30751,16104,15458,31562,12898,12225,25123,9573,8771,18344,5895,5022,10917,3430,3750,7180,1946,4054,6000,449,1883,2332,76255,77768,154023
2020-11-17,4644,4358,9002,6318,6550,12868,15079,15769,30848,16145,15502,31647,12936,12259,25195,9600,8801,18401,5913,5039,10952,3438,3759,7197,1952,4067,6019,450,1888,2338,76475,77992,154467
2020-11-18,4649,4365,9014,6336,6573,12909,15126,15824,30950,16194,15537,31731,12975,12289,25264,9623,8833,18456,5925,5055,10980,3451,3771,7222,1956,4078,6034,450,1893,2343,76685,78218,154903
2020-11-19,4653,4369,9022,6350,6590,12940,15173,15856,31029,16225,15567,31792,12994,12316,25310,9650,8855,18505,5940,5069,11009,3457,3778,7235,1958,4082,6040,450,1897,2347,76850,78379,155229
2020-11-20,4658,4374,9032,6369,6613,12982,15215,15883,31098,16254,15589,31843,13015,12329,25344,9662,8870,18532,5956,5083,11039,3463,3783,7246,1964,4086,6050,451,1898,2349,77007,78508,155515
2020-11-21,4665,4385,9050,6382,6629,13011,15244,15920,31164,16288,15618,31906,13033,12366,25399,9675,8886,18561,5970,5097,11067,3469,3790,7259,1967,4089,6056,451,1901,2352,77144,78681,155825
2020-11-22,4669,4388,9057,6393,6637,13030,15265,15944,31209,16307,15638,31945,13053,12382,25435,9686,8894,18580,5984,5102,11086,3475,3799,7274,1968,4090,6058,451,1902,2353,77251,78776,156027
2020-11-23,4674,4392,9066,6400,6644,13044,15285,15974,31259,16339,15662,32001,13072,12393,25465,9695,8913,18608,5992,5107,11099,3485,3805,7290,1970,4092,6062,451,1904,2355,77363,78886,156249
2020-11-24,4681,4396,9077,6410,6660,13070,15328,16022,31350,16383,15702,32085,13102,12412,25514,9715,8928,18643,6012,5120,11132,3492,3812,7304,1973,4094,6067,451,1906,2357,77547,79052,156599
2020-11-25,4696,4402,9098,6428,6678,13106,15379,16072,31451,16437,15750,32187,13138,12449,25587,9744,8950,18694,6029,5134,11163,3498,3826,7324,1978,4100,6078,451,1908,2359,77778,79269,157047
2020-11-26,4699,4416,9115,6442,6702,13144,15420,16114,31534,16490,15779,32269,13163,12473,25636,9761,8980,18741,6039,5148,11187,3502,3831,7333,1983,4105,6088,452,1911,2363,77951,79459,157410
2020-11-27,4706,4421,9127,6461,6715,13176,15468,16153,31621,16531,15803,32334,13193,12501,25694,9784,8999,18783,6053,5163,11216,3512,3837,7349,1986,4108,6094,454,1913,2367,78148,79613,157761
2020-11-28,4712,4428,9140,6478,6729,13207,15498,16195,31693,16562,15829,32391,13216,12525,25741,9795,9016,18811,6062,5178,11240,3516,3840,7356,1987,4111,6098,454,1914,2368,78280,79765,158045
2020-11-29,4719,4428,9147,6490,6744,13234,15528,16229,31757,16598,15853,32451,13240,12543,25783,9813,9030,18843,6067,5190,11257,3519,3844,7363,1991,4116,6107,456,1914,2370,78421,79891,158312
2020-11-30,4727,4433,9160,6505,6759,13264,15570,16263,31833,16629,15883,32512,13271,12563,25834,9828,9053,18881,6074,5202,11276,3529,3855,7384,1994,4124,6118,456,1917,2373,78583,80052,158635
2020-12-01,4737,4438,9175,6519,6770,13289,15606,16294,31900,16661,15930,32591,13305,12587,25892,9844,9067,18911,6085,5211,11296,3535,3860,7395,1997,4127,6124,456,1918,2374,78745,80202,158947
2020-12-02,4739,4442,9181,6529,6784,13313,15633,16321,31954,16688,15956,32644,13322,12611,25933,9853,9078,18931,6097,5219,11316,3541,3872,7413,2000,4132,6132,459,1923,2382,78861,80338,159199
2020-12-03,4745,4447,9192,6543,6798,13341,15666,16340,32006,16726,15989,32715,13352,12626,25978,9867,9094,18961,6110,5232,11342,3548,3883,7431,2003,4137,6140,461,1924,2385,79021,80470,159491
2020-12-04,4755,4453,9208,6559,6817,13376,15690,16379,32069,16765,16029,32794,13383,12655,26038,9888,9114,19002,6123,5245,11368,3556,3888,7444,2009,4140,6149,461,1924,2385,79189,80644,159833
2020-12-05,4761,4459,9220,6571,6833,13404,15715,16411,32126,16792,16056,32848,13402,12682,26084,9906,9132,19038,6137,5256,11393,3561,3900,7461,2015,4144,6159,461,1924,2385,79321,80797,160118
2020-12-06,4768,4463,9231,6579,6840,13419,15739,16433,32172,16816,16076,32892,13422,12704,26126,9924,9146,19070,6147,5265,11412,3566,3905,7471,2020,4145,6165,461,1924,2385,79442,80901,160343
2020-12-07,4772,4468,9240,6585,6854,13439,15759,16458,32217,16837,16098,32935,13450,12722,26172,9937,9164,19101,6159,5275,11434,3572,3910,7482,2022,4147,6169,461,1926,2387,79554,81022,160576
2020-12-08,4780,4471,9251,6600,6868,13468,15786,16487,32273,16874,16132,33006,13490,12742,26232,9959,9182,19141,6179,5281,11460,3582,3920,7502,2025,4151,6176,462,1928,2390,79737,81162,160899
2020-12-09,4786,4481,9267,6627,6886,13513,15833,16527,32360,16917,16168,33085,13528,12780,26308,9988,9208,19196,6195,5299,11494,3589,3933,7522,2026,4156,6182,463,1931,2394,79952,81369,161321
2020-12-10,4792,4490,9282,6644,6913,13557,15869,16581,32450,16972,16207,33179,13568,12825,26393,10011,9231,19242,6211,5314,11525,3597,3946,7543,2029,4161,6190,463,1933,2396,80156,81601,161757
2020-12-11,4804,4499,9303,6656,6926,13582,15922,16632,32554,17006,16249,33255,13606,12851,26457,10028,9263,19291,6222,5331,11553,3601,3957,7558,2034,4167,6201,463,1934,2397,80342,81809,162151
2020-12-12,4812,4503,9315,6674,6940,13614,15975,16683,32658,17043,16279,33322,13631,12876,26507,10041,9280,19321,6235,5344,11579,3613,3963,7576,2036,4167,6203,463,1934,2397,80523,81969,162492
2020-12-13,4814,4508,9322,6691,6957,13648,16015,16715,32730,17073,16319,33392,13654,12899,26553,10056,9300,19356,6253,5356,11609,3621,3968,7589,2041,4170,6211,464,1934,2398,80682,82126,162808
2020-12-14,4819,4512,9331,6711,6975,13686,16079,16776,32855,17140,16367,33507,13694,12941,26635,10086,9326,19412,6270,5381,11651,3634,3979,7613,2045,4179,6224,464,1936,2400,80942,82372,163314
2020-12-15,4823,4517,9340,6737,6996,13733,16146,16835,32981,17200,16422,33622,13745,12974,26719,10108,9357,19465,6291,5388,11679,3644,3986,7630,2053,4182,6235,466,1938,2404,81213,82595,163808
2020-12-16,4833,4527,9360,6756,7030,13786,16237,16897,33134,17246,16464,33710,13775,13003,26778,10135,9388,19523,6304,5404,11708,3659,3995,7654,2063,4187,6250,468,1942,2410,81476,82837,164313
2020-12-17,4843,4532,9375,6787,7067,13854,16350,16989,33339,17314,16529,33843,13816,13058,26874,10159,9423,19582,6320,5428,11748,3673,4008,7681,2067,4194,6261,469,1943,2412,81798,83171,164969
2020-12-18,4847,4543,9390,6828,7091,13919,16442,17073,33515,17385,16600,33985,13870,13106,26976,10194,9461,19655,6341,5452,11793,3689,4022,7711,2070,4207,6277,469,1953,2422,82135,83508,165643
2020-12-19,4857,4549,9406,6856,7120,13976,16508,17128,33636,17444,16655,34099,13913,13148,27061,10223,9491,19714,6360,5469,11829,3701,4033,7734,2075,4214,6289,469,1954,2423,82406,83761,166167
2020-12-20,4861,4558,9419,6884,7135,14019,16571,17178,33749,17479,16699,34178,13958,13203,27161,10256,9508,19764,6386,5488,11874,3710,4040,7750,2078,4218,6296,472,1956,2428,82655,83983,166638
2020-12-21,4871,4567,9438,6917,7169,14086,16664,17287,33951,17569,16782,34351,14024,13259,27283,10311,9551,19862,6427,5513,11940,3728,4056,7784,2082,4227,6309,472,1957,2429,83065,84368,167433
2020-12-22,4880,4580,9460,6952,7208,14160,16754,17384,34138,17685,16854,34539,14081,13323,27404,10365,9604,19969,6452,5540,11992,3741,4071,7812,2087,4236,6323,473,1960,2433,83470,84760,168230
2020-12-23,4890,4592,9482,6987,7253,14240,16891,17504,34395,17792,16948,34740,14153,13397,27550,10440,9661,20101,6473,5572,12045,3768,4093,7861,2091,4248,6339,474,1961,2435,83959,85229,169188
2020-12-24,4891,4594,9485,7014,7281,14295,16954,17563,34517,17863,16996,34859,14187,13446,27633,10469,9686,20155,6492,5582,12074,3780,4100,7880,2093,4254,6347,474,1962,2436,84217,85464,169681
2020-12-25,4894,4601,9495,7031,7299,14330,16997,17601,34598,17901,17022,34923,14229,13477,27706,10491,9708,20199,6512,5594,12106,3786,4107,7893,2093,4255,6348,474,1963,2437,84408,85627,170035
2020-12-26,4906,4611,9517,7068,7341,14409,17116,17708,34824,18007,17113,35120,14303,13564,27867,10567,9768,20335,6554,5637,12191,3800,4123,7923,2097,4262,6359,474,1964,2438,84892,86091,170983
2020-12-27,4922,4617,9539,7096,7385,14481,17224,17804,35028,18094,17184,35278,14363,13620,27983,10617,9804,20421,6576,5668,12244,3816,4138,7954,2098,4268,6366,474,1964,2438,85280,86452,171732
2020-12-28,4940,4635,9575,7147,7459,14606,17372,17947,35319,18210,17314,35524,14487,13717,28204,10714,9875,20589,6619,5705,12324,3850,4170,8020,2108,4285,6393,476,1966,2442,85923,87073,172996
2020-12-29,4949,4655,9604,7210,7536,14746,17564,18129,35693,18368,17452,35820,14589,13811,28400,10782,9959,20741,6666,5757,12423,3884,4205,8089,2119,4293,6412,478,1969,2447,86609,87766,174375
2020-12-30,4974,4674,9648,7288,7620,14908,17746,18285,36031,18521,17595,36116,14697,13925,28622,10866,10043,20909,6711,5822,12533,3916,4237,8153,2128,4306,6434,481,1973,2454,87328,88480,175808
2020-12-31,4982,4683,9665,7335,7669,15004,17892,18412,36304,18603,17675,36278,14759,13996,28755,10910,10081,20991,6738,5844,12582,3940,4251,8191,2132,4310,6442,481,1973,2454,87772,88894,176666
2021-01-01,4987,4686,9673,7355,7688,15043,17924,18453,36377,18645,17717,36362,14782,14029,28811,10930,10102,21032,6757,5867,12624,3949,4261,8210,2133,4313,6446,481,1973,2454,87943,89089,177032
2021-01-02,4994,4697,9691,7410,7743,15153,18031,18570,36601,18749,17808,36557,14869,14116,28985,11003,10174,21177,6800,5906,12706,3968,4283,8251,2138,4316,6454,487,1973,2460,88449,89586,178035
2021-01-03,5011,4711,9722,7457,7794,15251,18162,18722,36884,18850,17902,36752,14948,14195,29143,11062,10236,21298,6838,5938,12776,3989,4307,8296,2144,4322,6466,488,1974,2462,88949,90101,179050
2021-01-04,5028,4722,9750,7533,7865,15398,18390,18940,37330,19026,18056,37082,15063,14293,29356,11157,10343,21500,6890,5987,12877,4015,4339,8354,2157,4344,6501,490,1977,2467,89749,90866,180615
2021-01-05,5050,4746,9796,7617,7952,15569,18640,19194,37834,19192,18205,37397,15178,14396,29574,11257,10418,21675,6952,6040,12992,4034,4375,8409,2164,4363,6527,491,1986,2477,90575,91675,182250
2021-01-06,5066,4759,9825,7695,8043,15738,18881,19421,38302,19374,18350,37724,15299,14497,29796,11337,10502,21839,7006,6099,13105,4064,4404,8468,2170,4377,6547,492,1991,2483,91384,92443,183827
2021-01-07,5086,4774,9860,7763,8122,15885,19078,19632,38710,19519,18486,38005,15407,14610,30017,11419,10588,22007,7051,6145,13196,4085,4439,8524,2178,4386,6564,497,1994,2491,92083,93176,185259
2021-01-08,5101,4791,9892,7833,8195,16028,19269,19829,39098,19654,18607,38261,15522,14727,30249,11505,10666,22171,7105,6199,13304,4109,4462,8571,2185,4400,6585,498,1999,2497,92781,93875,186656
2021-01-09,5109,4800,9909,7884,8257,16141,19420,19996,39416,19770,18708,38478,15619,14817,30436,11561,10737,22298,7151,6240,13391,4123,4486,8609,2190,4412,6602,500,2001,2501,93327,94454,187781
2021-01-10,5118,4806,9924,7933,8296,16229,19528,20133,39661,19840,18787,38627,15679,14881,30560,11615,10784,22399,7177,6273,13450,4135,4507,8642,2197,4417,6614,503,2003,2506,93725,94887,188612
2021-01-11,5125,4816,9941,8005,8366,16371,19717,20320,40037,19953,18909,38862,15768,14961,30729,11692,10863,22555,7216,6318,13534,4168,4526,8694,2203,4427,6630,504,2007,2511,94351,95513,189864
2021-01-12,5135,4825,9960,8068,8450,16518,19920,20505,40425,20092,19033,39125,15854,15058,30912,11755,10942,22697,7261,6358,13619,4201,4555,8756,2215,4441,6656,504,2010,2514,95005,96177,191182
2021-01-13,5150,4843,9993,8142,8555,16697,20106,20704,40810,20228,19167,39395,15953,15156,31109,11832,11010,22842,7310,6411,13721,4229,4572,8801,2224,4449,6673,505,2013,2518,95679,96880,192559
2021-01-14,5170,4854,10024,8211,8634,16845,20265,20899,41164,20355,19264,39619,16032,15234,31266,11905,11089,22994,7353,6446,13799,4252,4602,8854,2235,4455,6690,509,2014,2523,96287,97491,193778
2021-01-15,5184,4865,10049,8305,8703,17008,20451,21054,41505,20482,19373,39855,16129,15312,31441,11985,11174,23159,7402,6482,13884,4272,4626,8898,2243,4469,6712,509,2017,2526,96962,98075,195037
2021-01-16,5192,4876,10068,8374,8781,17155,20571,21190,41761,20583,19464,40047,16202,15394,31596,12033,11225,23258,7437,6511,13948,4293,4642,8935,2249,4479,6728,510,2022,2532,97444,98584,196028
2021-01-17,5198,4884,10082,8433,8838,17271,20686,21315,42001,20665,19544,40209,16267,15454,31721,12085,11271,23356,7480,6536,14016,4312,4647,8959,2255,4485,6740,511,2023,2534,97892,98997,196889
2021-01-18,5211,4897,10108,8516,8918,17434,20907,21499,42406,20796,19664,40460,16359,15535,31894,12164,11351,23515,7534,6583,14117,4340,4679,9019,2264,4502,6766,512,2025,2537,98603,99653,198256
2021-01-19,5226,4904,10130,8598,9011,17609,21056,21674,42730,20935,19763,40698,16442,15632,32074,12218,11410,23628,7576,6624,14200,4366,4702,9068,2275,4520,6795,512,2031,2543,99204,100271,199475
2021-01-20,5233,4911,10144,8690,9086,17776,21226,21834,43060,21054,19860,40914,16531,15732,32263,12287,11476,23763,7611,6678,14289,4387,4726,9113,2287,4539,6826,512,2036,2548,99818,100878,200696
2021-01-21,5243,4920,10163,8773,9154,17927,21359,21983,43342,21172,19962,41134,16629,15829,32458,12355,11558,23913,7652,6716,14368,4413,4754,9167,2297,4560,6857,515,2039,2554,100408,101475,201883
2021-01-22,5263,4930,10193,8842,9217,18059,21492,22141,43633,21267,20060,41327,16696,15909,32605,12420,11626,24046,7693,6742,14435,4431,4774,9205,2309,4571,6880,517,2042,2559,100930,102012,202942
2021-01-23,5270,4943,10213,8921,9289,18210,21594,22249,43843,21347,20123,41470,16746,15969,32715,12474,11686,24160,7720,6776,14496,4453,4804,9257,2313,4582,6895,519,2042,2561,101357,102463,203820
2021-01-24,5279,4958,10237,8991,9350,18341,21728,22329,44057,21431,20201,41632,16793,16026,32819,12513,11726,24239,7752,6800,14552,4474,4817,9291,2317,4587,6904,519,2042,2561,101797,102836,204633
2021-01-25,5291,4971,10262,9109,9471,18580,21879,22479,44358,21551,20292,41843,16890,16122,33012,12577,11782,24359,7805,6838,14643,4498,4846,9344,2325,4602,6927,522,2042,2564,102447,103445,205892
2021-01-26,5305,4986,10291,9217,9594,18811,22012,22618,44630,21644,20379,42023,16969,16211,33180,12648,11849,24497,7848,6871,14719,4520,4869,9389,2335,4623,6958,524,2050,2574,103022,104050,207072
2021-01-27,5312,5002,10314,9336,9687,19023,22118,22744,44862,21736,20457,42193,17036,16289,33325,12705,11894,24599,7890,6905,14795,4536,4886,9422,2343,4635,6978,525,2052,2577,103537,104551,208088
2021-01-28,5324,5012,10336,9419,9793,19212,22268,22863,45131,21837,20533,42370,17116,16369,33485,12766,11949,24715,7934,6943,14877,4548,4906,9454,2347,4648,6995,525,2056,2581,104084,105072,209156
2021-01-29,5344,5027,10371,9508,9892,19400,22375,22983,45358,21923,20629,42552,17193,16454,33647,12823,12023,24846,7961,6977,14938,4566,4930,9496,2353,4664,7017,528,2059,2587,104574,105638,210212
2021-01-30,5352,5033,10385,9630,9986,19616,22469,23084,45553,21989,20703,42692,17254,16525,33779,12861,12076,24937,7991,7009,15000,4579,4947,9526,2355,4672,7027,529,2061,2590,105009,106096,211105
2021-01-31,5355,5046,10401,9738,10085,19823,22557,23188,45745,22038,20768,42806,17327,16598,33925,12907,12123,25030,8017,7039,15056,4597,4960,9557,2358,4677,7035,529,2063,2592,105423,106547,211970
2021-02-01,5366,5060,10426,9844,10214,20058,22689,23312,46001,22131,20851,42982,17422,16685,34107,12970,12191,25161,8062,7084,15146,4629,4995,9624,2365,4689,7054,529,2067,2596,106007,107148,213155
2021-02-02,5374,5075,10449,9924,10308,20232,22804,23443,46247,22227,20950,43177,17492,16763,34255,13037,12251,25288,8106,7115,15221,4644,5010,9654,2373,4709,7082,529,2070,2599,106510,107694,214204
2021-02-03,5389,5090,10479,10005,10369,20374,22925,23554,46479,22320,21044,43364,17565,16840,34405,13104,12325,25429,8145,7157,15302,4665,5034,9699,2384,4723,7107,532,2070,2602,107034,108206,215240
2021-02-04,5396,5099,10495,10066,10433,20499,23020,23656,46676,22394,21126,43520,17641,16902,34543,13166,12391,25557,8187,7184,15371,4683,5056,9739,2393,4740,7133,532,2075,2607,107478,108662,216140
2021-02-05,5405,5109,10514,10123,10483,20606,23102,23756,46858,22483,21210,43693,17702,16978,34680,13209,12447,25656,8219,7207,15426,4701,5076,9777,2398,4749,7147,533,2078,2611,107875,109093,216968
2021-02-06,5414,5115,10529,10157,10521,20678,23180,23828,47008,22542,21271,43813,17752,17040,34792,13243,12488,25731,8242,7235,15477,4716,5095,9811,2405,4754,7159,533,2080,2613,108184,109427,217611
2021-02-07,5419,5121,10540,10188,10552,20740,23230,23883,47113,22598,21331,43929,17792,17072,34864,13279,12526,25805,8269,7264,15533,4736,5105,9841,2409,4764,7173,533,2082,2615,108453,109700,218153
2021-02-08,5430,5137,10567,10252,10602,20854,23319,23973,47292,22675,21414,44089,17883,17158,35041,13333,12589,25922,8320,7301,15621,4758,5140,9898,2414,4779,7193,535,2084,2619,108919,110177,219096
2021-02-09,5439,5142,10581,10298,10632,20930,23393,24047,47440,22752,21487,44239,17944,17214,35158,13374,12635,26009,8352,7329,15681,4770,5157,9927,2420,4788,7208,536,2085,2621,109278,110516,219794
2021-02-10,5457,5150,10607,10336,10675,21011,23467,24134,47601,22832,21574,44406,18006,17274,35280,13416,12678,26094,8385,7351,15736,4787,5173,9960,2425,4797,7222,537,2088,2625,109648,110894,220542
2021-02-11,5463,5160,10623,10366,10711,21077,23543,24216,47759,22896,21632,44528,18062,17327,35389,13451,12742,26193,8427,7388,15815,4808,5193,10001,2430,4799,7229,539,2093,2632,109985,111261,221246
2021-02-12,5473,5170,10643,10408,10752,21160,23604,24285,47889,22973,21702,44675,18125,17378,35503,13493,12780,26273,8453,7414,15867,4827,5210,10037,2441,4814,7255,540,2096,2636,110337,111601,221938
2021-02-13,5483,5173,10656,10440,10779,21219,23662,24341,48003,23030,21756,44786,18176,17428,35604,13530,12813,26343,8471,7433,15904,4846,5231,10077,2444,4822,7266,543,2098,2641,110625,111874,222499
2021-02-14,5489,5178,10667,10465,10808,21273,23695,24390,48085,23069,21814,44883,18228,17474,35702,13562,12846,26408,8496,7459,15955,4859,5247,10106,2449,4828,7277,543,2099,2642,110855,112143,222998
2021-02-15,5492,5184,10676,10496,10840,21336,23747,24450,48197,23123,21878,45001,18281,17528,35809,13596,12881,26477,8521,7478,15999,4866,5254,10120,2455,4834,7289,543,2102,2645,111120,112429,223549
2021-02-16,5502,5197,10699,10519,10877,21396,23797,24511,48308,23185,21930,45115,18328,17573,35901,13623,12911,26534,8543,7509,16052,4880,5273,10153,2463,4841,7304,544,2107,2651,111384,112729,224113
2021-02-17,5518,5205,10723,10554,10909,21463,23885,24618,48503,23271,22008,45279,18393,17639,36032,13676,12968,26644,8592,7540,16132,4900,5288,10188,2470,4853,7323,545,2107,2652,111804,113135,224939
2021-02-18,5525,5219,10744,10592,10938,21530,23986,24729,48715,23352,22101,45453,18447,17713,36160,13715,13022,26737,8630,7562,16192,4922,5302,10224,2474,4859,7333,546,2112,2658,112189,113557,225746
2021-02-19,5531,5226,10757,10636,10977,21613,24063,24817,48880,23461,22183,45644,18510,17772,36282,13750,13069,26819,8660,7585,16245,4938,5315,10253,2476,4865,7341,546,2112,2658,112571,113921,226492
2021-02-20,5538,5231,10769,10664,11001,21665,24130,24888,49018,23530,22235,45765,18553,17828,36381,13786,13112,26898,8690,7604,16294,4952,5332,10284,2480,4873,7353,547,2113,2660,112870,114217,227087
2021-02-21,5548,5235,10783,10689,11034,21723,24193,24948,49141,23591,22298,45889,18599,17871,36470,13813,13148,26961,8712,7634,16346,4962,5343,10305,2483,4877,7360,547,2117,2664,113137,114505,227642
2021-02-22,5559,5245,10804,10729,11066,21795,24276,25028,49304,23673,22363,46036,18652,17912,36564,13866,13183,27049,8731,7659,16390,4977,5359,10336,2487,4884,7371,549,2117,2666,113499,114816,228315
2021-02-23,5572,5258,10830,10758,11105,21863,24373,25105,49478,23745,22447,46192,18708,17957,36665,13909,13225,27134,8773,7683,16456,4989,5373,10362,2496,4892,7388,552,2117,2669,113875,115162,229037
2021-02-24,5587,5266,10853,10795,11143,21938,24457,25178,49635,23811,22501,46312,18759,18016,36775,13943,13274,27217,8799,7708,16507,5000,5391,10391,2499,4897,7396,552,2121,2673,114202,115495,229697
2021-02-25,5602,5281,10883,10832,11191,22023,24557,25282,49839,23882,22583,46465,18813,18090,36903,13998,13319,27317,8835,7728,16563,5016,5412,10428,2504,4905,7409,555,2126,2681,114594,115917,230511
2021-02-26,5610,5291,10901,10872,11222,22094,24620,25353,49973,23952,22632,46584,18850,18150,37000,14045,13367,27412,8862,7757,16619,5033,5437,10470,2509,4918,7427,557,2128,2685,114910,116255,231165
2021-02-27,5620,5294,10914,10892,11247,22139,24680,25415,50095,24012,22680,46692,18891,18208,37099,14083,13397,27480,8894,7778,16672,5038,5453,10491,2516,4923,7439,557,2129,2686,115183,116524,231707
2021-02-28,5628,5296,10924,10915,11265,22180,24719,25467,50186,24071,22731,46802,18926,18249,37175,14112,13417,27529,8912,7799,16711,5044,5461,10505,2518,4929,7447,557,2133,2690,115402,116747,232149
2021-03-01,5648,5316,10964,10955,11304,22259,24786,25543,50329,24173,22807,46980,18987,18315,37302,14163,13462,27625,8943,7825,16768,5060,5482,10542,2521,4943,7464,557,2135,2692,115793,117132,232925
2021-03-02,5664,5328,10992,10993,11336,22329,24855,25621,50476,24248,22882,47130,19038,18359,37397,14201,13509,27710,8974,7847,16821,5075,5495,10570,2525,4953,7478,557,2136,2693,116130,117466,233596
2021-03-03,5679,5338,11017,11037,11377,22414,24950,25701,50651,24325,22964,47289,19098,18412,37510,14239,13554,27793,9022,7873,16895,5090,5516,10606,2532,4965,7497,557,2139,2696,116529,117839,234368
2021-03-04,5696,5351,11047,11069,11423,22492,25034,25772,50806,24397,23018,47415,19163,18475,37638,14292,13597,27889,9059,7904,16963,5100,5529,10629,2534,4973,7507,557,2139,2696,116901,118181,235082
2021-03-05,5719,5359,11078,11130,11482,22612,25122,25861,50983,24471,23110,47581,19246,18535,37781,14348,13653,28001,9084,7935,17019,5118,5549,10667,2536,4984,7520,558,2141,2699,117332,118609,235941
2021-03-06,5724,5367,11091,11170,11534,22704,25174,25916,51090,24530,23162,47692,19298,18600,37898,14374,13694,28068,9117,7964,17081,5135,5554,10689,2541,4989,7530,558,2143,2701,117621,118923,236544
2021-03-07,5730,5381,11111,11205,11571,22776,25222,25968,51190,24587,23214,47801,19342,18644,37986,14416,13728,28144,9143,7993,17136,5141,5569,10710,2548,4992,7540,558,2144,2702,117892,119204,237096
2021-03-08,5748,5392,11140,11249,11603,22852,25306,26049,51355,24695,23295,47990,19424,18720,38144,14457,13789,28246,9190,8022,17212,5157,5588,10745,2558,5005,7563,559,2148,2707,118343,119611,237954
2021-03-09,5762,5412,11174,11302,11678,22980,25394,26123,51517,24777,23392,48169,19495,18797,38292,14523,13836,28359,9227,8054,17281,5178,5604,10782,2568,5015,7583,559,2149,2708,118785,120060,238845
2021-03-10,5782,5426,11208,11347,11738,23085,25458,26217,51675,24871,23460,48331,19547,18865,38412,14570,13899,28469,9257,8086,17343,5194,5631,10825,2571,5022,7593,559,2152,2711,119156,120496,239652
2021-03-11,5799,5448,11247,11396,11813,23209,25536,26328,51864,24958,23531,48489,19620,18928,38548,14620,13948,28568,9292,8115,17407,5212,5646,10858,2578,5034,7612,560,2153,2713,119571,120944,240515
2021-03-12,5818,5459,11277,11473,11882,23355,25617,26395,52012,25041,23607,48648,19694,19013,38707,14674,14007,28681,9321,8147,17468,5242,5671,10913,2584,5050,7634,561,2159,2720,120025,121390,241415
2021-03-13,5829,5468,11297,11526,11940,23466,25690,26463,52153,25107,23674,48781,19767,19080,38847,14713,14055,28768,9341,8175,17516,5255,5680,10935,2587,5053,7640,561,2162,2723,120376,121750,242126
2021-03-14,5839,5476,11315,11556,11998,23554,25752,26527,52279,25171,23734,48905,19811,19136,38947,14760,14103,28863,9373,8203,17576,5269,5694,10963,2592,5058,7650,561,2164,2725,120684,122093,242777
2021-03-15,5853,5499,11352,11605,12048,23653,25832,26594,52426,25272,23808,49080,19892,19197,39089,14842,14157,28999,9413,8242,17655,5302,5714,11016,2596,5069,7665,563,2173,2736,121170,122501,243671
2021-03-16,5868,5510,11378,11675,12106,23781,25923,26689,52612,25345,23886,49231,19991,19272,39263,14901,14211,29112,9437,8273,17710,5314,5725,11039,2604,5089,7693,566,2176,2742,121624,122937,244561
2021-03-17,5885,5526,11411,11746,12166,23912,26027,26788,52815,25438,23974,49412,20055,19347,39402,14940,14248,29188,9480,8307,17787,5334,5741,11075,2606,5095,7701,566,2178,2744,122077,123370,245447
2021-03-18,5906,5541,11447,11805,12223,24028,26120,26896,53016,25517,24067,49584,20120,19421,39541,15003,14299,29302,9510,8347,17857,5349,5777,11126,2611,5104,7715,566,2184,2750,122507,123859,246366
2021-03-19,5929,5562,11491,11866,12295,24161,26207,27013,53220,25614,24162,49776,20201,19508,39709,15048,14354,29402,9546,8387,17933,5376,5797,11173,2614,5118,7732,566,2184,2750,122967,124380,247347
2021-03-20,5936,5579,11515,11903,12342,24245,26281,27081,53362,25697,24230,49927,20274,19559,39833,15094,14397,29491,9578,8405,17983,5388,5814,11202,2616,5123,7739,566,2185,2751,123333,124715,248048
2021-03-21,5950,5595,11545,11945,12389,24334,26334,27142,53476,25776,24304,50080,20341,19619,39960,15126,14445,29571,9614,8440,18054,5409,5837,11246,2620,5130,7750,567,2185,2752,123682,125086,248768
2021-03-22,5974,5615,11589,12004,12459,24463,26465,27259,53724,25900,24436,50336,20438,19718,40156,15211,14520,29731,9656,8476,18132,5428,5856,11284,2627,5143,7770,568,2191,2759,124271,125673,249944
2021-03-23,5996,5627,11623,12070,12549,24619,26591,27398,53989,26039,24563,50602,20544,19820,40364,15299,14592,29891,9712,8537,18249,5451,5884,11335,2632,5158,7790,568,2195,2763,124902,126323,251225
2021-03-24,6020,5643,11663,12156,12632,24788,26720,27548,54268,26164,24681,50845,20664,19927,40591,15384,14677,30061,9765,8582,18347,5479,5910,11389,2641,5164,7805,570,2200,2770,125563,126964,252527
2021-03-25,6041,5666,11707,12247,12727,24974,26899,27721,54620,26310,24834,51144,20784,20049,40833,15470,14785,30255,9820,8639,18459,5511,5940,11451,2654,5178,7832,570,2203,2773,126306,127742,254048
2021-03-26,6076,5693,11769,12354,12823,25177,27080,27930,55010,26456,24980,51436,20932,20186,41118,15558,14887,30445,9874,8696,18570,5540,5972,11512,2664,5195,7859,570,2207,2777,127104,128569,255673
2021-03-27,6099,5716,11815,12432,12895,25327,27231,28086,55317,26572,25113,51685,21045,20316,41361,15644,14963,30607,9931,8750,18681,5564,6001,11565,2673,5208,7881,571,2208,2779,127762,129256,257018
2021-03-28,6122,5733,11855,12502,12985,25487,27362,28183,55545,26705,25245,51950,21166,20411,41577,15732,15038,30770,9975,8795,18770,5592,6027,11619,2680,5216,7896,572,2210,2782,128408,129843,258251
2021-03-29,6164,5765,11929,12619,13099,25718,27569,28404,55973,26870,25442,52312,21316,20553,41869,15882,15144,31026,10063,8848,18911,5633,6062,11695,2684,5227,7911,574,2215,2789,129374,130759,260133
2021-03-30,6188,5798,11986,12738,13216,25954,27810,28669,56479,27083,25633,52716,21503,20713,42216,16002,15275,31277,10137,8904,19041,5662,6109,11771,2695,5248,7943,580,2220,2800,130398,131785,262183
2021-03-31,6224,5832,12056,12870,13343,26213,28103,28943,57046,27305,25840,53145,21700,20880,42580,16118,15403,31521,10204,8966,19170,5692,6142,11834,2708,5266,7974,580,2226,2806,131504,132841,264345
2021-04-01,6248,5854,12102,13029,13526,26555,28397,29215,57612,27519,26052,53571,21844,21048,42892,16263,15521,31784,10286,9050,19336,5722,6170,11892,2721,5271,7992,581,2229,2810,132610,133936,266546
2021-04-02,6273,5887,12160,13166,13701,26867,28583,29416,57999,27712,26226,53938,22004,21201,43205,16376,15624,32000,10355,9108,19463,5758,6210,11968,2726,5282,8008,583,2230,2813,133536,134885,268421
2021-04-03,6296,5913,12209,13289,13817,27106,28773,29611,58384,27919,26428,54347,22175,21373,43548,16505,15746,32251,10426,9186,19612,5797,6247,12044,2739,5295,8034,586,2235,2821,134505,135851,270356
2021-04-04,6327,5935,12262,13411,13941,27352,28983,29819,58802,28119,26595,54714,22360,21531,43891,16628,15858,32486,10495,9251,19746,5829,6281,12110,2743,5306,8049,588,2238,2826,135483,136755,272238
2021-04-05,6372,5985,12357,13601,14133,27734,29327,30170,59497,28420,26931,55351,22586,21790,44376,16825,16052,32877,10615,9354,19969,5876,6336,12212,2756,5327,8083,588,2245,2833,136966,138323,275289
2021-04-06,6420,6026,12446,13767,14316,28083,29700,30498,60198,28748,27238,55986,22820,22046,44866,17006,16236,33242,10718,9443,20161,5921,6383,12304,2774,5339,8113,592,2250,2842,138466,139775,278241
2021-04-07,6463,6083,12546,13976,14526,28502,30085,30883,60968,29081,27507,56588,23069,22296,45365,17185,16407,33592,10808,9543,20351,5968,6420,12388,2790,5356,8146,594,2254,2848,140019,141275,281294
2021-04-08,6507,6139,12646,14177,14710,28887,30427,31251,61678,29380,27810,57190,23301,22558,45859,17376,16578,33954,10890,9630,20520,6016,6464,12480,2806,5376,8182,596,2257,2853,141476,142773,284249
2021-04-09,6570,6193,12763,14351,14878,29229,30718,31585,62303,29679,28096,57775,23525,22774,46299,17493,16737,34230,10963,9710,20673,6053,6500,12553,2821,5388,8209,599,2263,2862,142772,144124,286896
2021-04-10,6617,6227,12844,14509,15037,29546,30943,31889,62832,29889,28331,58220,23718,22964,46682,17614,16874,34488,11054,9790,20844,6083,6530,12613,2835,5407,8242,601,2267,2868,143863,145316,289179
2021-04-11,6646,6262,12908,14623,15207,29830,31122,32057,63179,30100,28551,58651,23892,23156,47048,17739,16997,34736,11143,9867,21010,6127,6576,12703,2841,5419,8260,603,2273,2876,144836,146365,291201
2021-04-12,6721,6312,13033,14802,15401,30203,31414,32344,63758,30416,28808,59224,24114,23406,47520,17927,17180,35107,11280,9986,21266,6190,6633,12823,2854,5443,8297,604,2278,2882,146322,147791,294113
2021-04-13,6769,6354,13123,14969,15559,30528,31685,32634,64319,30693,29071,59764,24343,23627,47970,18096,17344,35440,11397,10087,21484,6246,6687,12933,2871,5462,8333,608,2284,2892,147677,149109,296786
2021-04-14,6811,6413,13224,15160,15731,30891,31975,32955,64930,30966,29332,60298,24587,23886,48473,18296,17513,35809,11500,10205,21705,6309,6736,13045,2875,5483,8358,611,2290,2901,149090,150544,299634
2021-04-15,6862,6452,13314,15284,15853,31137,32190,33179,65369,31172,29564,60736,24788,24063,48851,18468,17650,36118,11591,10300,21891,6361,6787,13148,2885,5496,8381,614,2293,2907,150215,151637,301852
2021-04-16,6888,6471,13359,15377,15950,31327,32332,33372,65704,31348,29748,61096,24948,24212,49160,18587,17743,36330,11675,10366,22041,6388,6818,13206,2894,5507,8401,615,2296,2911,151052,152483,303535
2021-04-17,6893,6475,13368,15405,15977,31382,32383,33448,65831,31400,29816,61216,24997,24268,49265,18613,17776,36389,11694,10389,22083,6397,6827,13224,2895,5515,8410,616,2299,2915,151293,152790,304083
2021-04-18,6893,6475,13368,15405,15978,31383,32384,33456,65840,31404,29818,61222,25000,24272,49272,18618,17779,36397,11695,10392,22087,6397,6827,13224,2896,5515,8411,617,2299,2916,151309,152811,304120
