FECHA,<=10M,<=10F,<=10,11-20M,11-20F,11-20,21-30M,21-30F,21-30,31-40M,31-40F,31-40,41-50M,41-50F,41-50,51-60M,51-60F,51-60,61-70M,61-70F,61-70,71-80M,71-80F,71-80,81-90M,81-90F,81-90,>=91M,>=91F,>=91,TotalM,TotalF,Total,DelayCount,CumDelay,DelayAvg
2020-03-15,1,0,1,1,2,3,0,2,2,2,1,3,1,1,2,1,0,1,1,1,2,1,0,1,0,0,0,0,0,0,8,7,15,15,44,2.933333333333333
2020-03-16,1,3,4,2,1,3,1,4,5,1,1,2,0,2,2,3,2,5,2,3,5,0,0,0,0,0,0,0,0,0,10,16,26,26,87,3.3461538461538463
2020-03-17,1,4,5,1,2,3,2,1,3,2,3,5,2,4,6,0,2,2,2,2,4,2,3,5,1,0,1,0,0,0,13,21,34,34,409,12.029411764705882
2020-03-18,3,1,4,1,0,1,1,0,1,2,1,3,1,3,4,1,1,2,1,2,3,1,0,1,1,0,1,0,0,0,12,8,20,20,36,1.8
2020-03-19,3,1,4,0,0,0,3,2,5,3,3,6,2,1,3,0,0,0,1,1,2,1,1,2,0,0,0,1,0,1,14,9,23,23,56,2.4347826086956523
2020-03-20,1,1,2,1,0,1,2,0,2,1,3,4,0,2,2,0,1,1,1,1,2,2,2,4,1,0,1,0,0,0,9,10,19,19,34,1.7894736842105263
2020-03-21,1,0,1,2,1,3,2,4,6,4,2,6,2,1,3,1,0,1,2,2,4,1,1,2,1,0,1,1,0,1,17,11,28,28,75,2.6785714285714284
2020-03-22,3,1,4,0,0,0,4,2,6,0,0,0,1,0,1,2,1,3,0,2,2,2,1,3,3,2,5,0,1,1,15,10,25,25,55,2.2
2020-03-23,4,1,5,1,2,3,2,2,4,4,2,6,2,3,5,2,3,5,2,2,4,5,3,8,3,3,6,0,2,2,25,23,48,48,86,1.7916666666666667
2020-03-24,3,1,4,0,1,1,2,3,5,3,2,5,0,3,3,2,2,4,0,0,0,2,0,2,2,1,3,1,0,1,15,13,28,28,43,1.5357142857142858
2020-03-25,1,4,5,0,2,2,3,2,5,2,7,9,1,1,2,1,3,4,3,1,4,2,2,4,2,5,7,2,0,2,17,27,44,44,105,2.3863636363636362
2020-03-26,4,3,7,2,2,4,2,2,4,4,4,8,3,4,7,4,3,7,1,4,5,4,3,7,6,0,6,1,1,2,31,26,57,57,195,3.4210526315789473
2020-03-27,3,3,6,0,2,2,1,2,3,6,1,7,3,6,9,2,3,5,4,5,9,6,6,12,3,3,6,2,5,7,30,36,66,66,148,2.242424242424242
2020-03-28,2,1,3,0,0,0,3,2,5,4,3,7,1,1,2,5,2,7,4,0,4,4,7,11,3,1,4,0,0,0,26,17,43,43,132,3.0697674418604652
2020-03-29,2,0,2,2,1,3,2,3,5,3,3,6,3,3,6,1,0,1,5,4,9,4,2,6,4,1,5,2,1,3,28,18,46,46,106,2.3043478260869565
2020-03-30,3,2,5,0,0,0,1,7,8,8,2,10,5,4,9,3,2,5,7,2,9,3,6,9,4,1,5,3,2,5,37,28,65,65,128,1.9692307692307693
2020-03-31,9,4,13,1,1,2,7,3,10,12,5,17,7,4,11,5,1,6,6,3,9,7,3,10,1,3,4,4,0,4,59,27,86,86,176,2.046511627906977
2020-04-01,11,10,21,1,2,3,8,4,12,11,2,13,14,7,21,5,10,15,4,3,7,7,4,11,6,5,11,0,1,1,67,48,115,115,237,2.0608695652173914
2020-04-02,11,9,20,2,4,6,7,7,14,8,5,13,3,9,12,3,15,18,9,7,16,8,6,14,5,7,12,3,3,6,59,72,131,131,226,1.7251908396946565
2020-04-03,21,9,30,5,4,9,8,7,15,8,12,20,11,13,24,6,8,14,8,5,13,7,5,12,6,6,12,1,5,6,81,74,155,155,328,2.1161290322580646
2020-04-04,11,15,26,3,4,7,4,7,11,7,13,20,9,6,15,7,1,8,6,3,9,2,5,7,4,2,6,1,3,4,54,59,113,113,218,1.9292035398230087
2020-04-05,9,10,19,5,5,10,8,2,10,7,6,13,10,7,17,5,8,13,2,11,13,6,8,14,3,4,7,2,2,4,57,63,120,120,210,1.75
2020-04-06,12,10,22,4,4,8,10,6,16,12,7,19,13,4,17,11,7,18,8,9,17,9,5,14,7,4,11,1,3,4,87,59,146,146,212,1.452054794520548
2020-04-07,13,11,24,5,4,9,6,5,11,8,8,16,7,7,14,10,3,13,4,4,8,9,9,18,6,10,16,2,1,3,70,62,132,132,167,1.2651515151515151
2020-04-08,11,10,21,4,3,7,5,9,14,7,3,10,9,6,15,9,8,17,9,9,18,11,5,16,1,4,5,3,4,7,69,61,130,130,166,1.2769230769230768
2020-04-09,5,6,11,3,4,7,5,8,13,15,10,25,5,11,16,9,9,18,7,4,11,7,10,17,5,8,13,4,5,9,65,75,140,140,203,1.45
2020-04-10,20,6,26,6,4,10,2,6,8,6,6,12,12,2,14,4,7,11,8,1,9,1,10,11,5,9,14,1,4,5,65,55,120,120,160,1.3333333333333333
2020-04-11,10,7,17,6,5,11,7,7,14,11,5,16,6,4,10,4,6,10,4,6,10,7,3,10,4,8,12,1,3,4,60,54,114,114,141,1.236842105263158
2020-04-12,10,8,18,3,0,3,5,5,10,10,7,17,4,7,11,11,4,15,3,5,8,4,9,13,4,4,8,0,2,2,54,51,105,105,164,1.561904761904762
2020-04-13,9,13,22,9,5,14,11,11,22,8,13,21,9,10,19,6,7,13,11,8,19,6,9,15,9,11,20,3,5,8,81,92,173,173,214,1.2369942196531791
2020-04-14,18,6,24,4,1,5,12,7,19,10,6,16,9,10,19,12,10,22,7,6,13,9,5,14,7,5,12,3,4,7,91,60,151,151,151,1.0
2020-04-15,9,7,16,4,7,11,6,7,13,7,9,16,8,15,23,7,14,21,10,6,16,11,5,16,6,7,13,5,3,8,73,80,153,153,217,1.4183006535947713
2020-04-16,15,5,20,6,5,11,9,7,16,14,17,31,12,16,28,9,14,23,4,8,12,7,4,11,4,5,9,0,4,4,80,85,165,165,177,1.0727272727272728
2020-04-17,17,12,29,6,7,13,5,7,12,10,24,34,14,11,25,11,12,23,7,9,16,16,11,27,5,7,12,1,3,4,92,103,195,195,264,1.353846153846154
2020-04-18,13,11,24,6,3,9,12,8,20,20,11,31,12,6,18,7,4,11,3,4,7,7,10,17,5,10,15,3,4,7,88,71,159,159,243,1.528301886792453
2020-04-19,11,11,22,4,3,7,5,4,9,10,5,15,8,7,15,5,10,15,10,8,18,5,8,13,5,7,12,1,1,2,64,64,128,128,160,1.25
2020-04-20,16,11,27,12,10,22,17,10,27,13,11,24,14,11,25,14,11,25,13,10,23,15,12,27,11,10,21,5,14,19,130,110,240,240,277,1.1541666666666666
2020-04-21,14,9,23,8,9,17,15,8,23,11,20,31,5,8,13,8,10,18,9,7,16,15,12,27,7,10,17,2,10,12,94,103,197,197,228,1.1573604060913705
2020-04-22,15,12,27,4,7,11,8,11,19,15,5,20,14,10,24,8,13,21,12,6,18,5,13,18,9,12,21,7,6,13,97,95,192,192,283,1.4739583333333333
2020-04-23,18,16,34,5,4,9,9,15,24,13,12,25,11,14,25,5,16,21,9,7,16,11,8,19,11,11,22,6,9,15,98,112,210,210,208,0.9904761904761905
2020-04-24,19,12,31,7,7,14,13,14,27,17,18,35,9,12,21,10,12,22,7,11,18,11,12,23,10,15,25,3,3,6,106,116,222,222,239,1.0765765765765767
2020-04-25,14,10,24,4,2,6,6,11,17,14,10,24,6,10,16,5,8,13,6,5,11,6,7,13,11,17,28,4,4,8,76,84,160,160,150,0.9375
2020-04-26,13,17,30,6,8,14,7,4,11,6,4,10,9,8,17,4,6,10,9,8,17,7,6,13,7,7,14,1,4,5,69,72,141,141,117,0.8297872340425532
2020-04-27,14,15,29,6,4,10,9,11,20,6,18,24,5,18,23,12,14,26,8,8,16,19,7,26,11,16,27,3,4,7,93,115,208,208,172,0.8269230769230769
2020-04-28,21,10,31,7,5,12,17,14,31,14,15,29,11,17,28,8,13,21,7,8,15,3,12,15,6,15,21,2,4,6,96,113,209,209,159,0.7607655502392344
2020-04-29,26,12,38,6,6,12,17,10,27,20,22,42,14,13,27,9,13,22,6,7,13,12,7,19,4,14,18,4,10,14,118,114,232,232,184,0.7931034482758621
2020-04-30,21,11,32,9,2,11,10,10,20,14,13,27,14,10,24,13,14,27,10,9,19,8,12,20,12,18,30,7,8,15,118,107,225,225,180,0.8
2020-05-01,3,16,19,6,5,11,1,7,8,14,14,28,12,8,20,10,6,16,10,6,16,7,10,17,9,11,20,0,2,2,72,85,157,157,136,0.8662420382165605
2020-05-02,7,17,24,6,7,13,11,5,16,11,8,19,6,7,13,9,3,12,4,6,10,8,2,10,6,12,18,1,4,5,69,71,140,140,134,0.9571428571428572
2020-05-03,8,13,21,5,4,9,7,7,14,10,8,18,8,7,15,8,2,10,8,6,14,6,10,16,7,8,15,3,5,8,70,70,140,140,115,0.8214285714285714
2020-05-04,23,21,44,5,4,9,14,13,27,16,15,31,10,10,20,10,5,15,10,12,22,15,18,33,8,16,24,2,5,7,113,119,232,232,167,0.7198275862068966
2020-05-05,17,13,30,10,3,13,14,13,27,13,16,29,9,19,28,12,9,21,12,8,20,15,11,26,7,15,22,1,9,10,110,116,226,226,140,0.6194690265486725
2020-05-06,14,18,32,6,3,9,16,7,23,17,20,37,21,11,32,9,8,17,12,13,25,19,15,34,8,15,23,4,6,10,126,116,242,242,163,0.6735537190082644
2020-05-07,18,13,31,11,6,17,15,12,27,14,16,30,20,14,34,6,9,15,9,9,18,18,8,26,9,14,23,1,7,8,121,108,229,229,169,0.7379912663755459
2020-05-08,20,13,33,8,6,14,15,8,23,15,18,33,20,18,38,18,7,25,10,11,21,13,10,23,10,12,22,3,12,15,132,115,247,247,268,1.0850202429149798
2020-05-09,21,12,33,4,2,6,8,15,23,8,13,21,10,13,23,7,6,13,7,7,14,13,3,16,5,12,17,5,9,14,88,92,180,180,159,0.8833333333333333
2020-05-10,9,9,18,2,4,6,11,11,22,6,11,17,7,12,19,3,6,9,11,8,19,8,13,21,6,13,19,1,5,6,64,92,156,155,128,0.8258064516129032
2020-05-11,21,19,40,7,5,12,12,17,29,17,17,34,18,18,36,10,10,20,10,8,18,13,11,24,12,17,29,4,18,22,124,140,264,264,194,0.7348484848484849
2020-05-12,22,12,34,9,10,19,31,26,57,28,16,44,10,18,28,6,5,11,12,9,21,9,10,19,10,15,25,5,13,18,142,134,276,276,191,0.6920289855072463
2020-05-13,28,19,47,9,10,19,25,18,43,19,23,42,19,9,28,12,11,23,10,11,21,10,10,20,8,17,25,1,8,9,141,136,277,277,255,0.9205776173285198
2020-05-14,24,30,54,12,19,31,14,29,43,26,27,53,14,11,25,11,19,30,13,13,26,10,11,21,12,15,27,2,14,16,138,188,326,326,279,0.8558282208588958
2020-05-15,21,24,45,8,6,14,7,18,25,23,24,47,12,24,36,16,8,24,11,9,20,8,6,14,9,22,31,5,10,15,120,151,271,270,234,0.8666666666666667
2020-05-16,15,18,33,8,9,17,7,16,23,12,24,36,11,13,24,8,8,16,7,7,14,9,7,16,6,8,14,4,12,16,87,122,209,209,259,1.2392344497607655
2020-05-17,23,13,36,4,9,13,15,14,29,13,16,29,10,13,23,5,4,9,8,7,15,7,5,12,11,13,24,3,3,6,99,97,196,196,142,0.7244897959183674
2020-05-18,23,27,50,11,16,27,34,28,62,24,31,55,18,23,41,21,15,36,15,16,31,17,14,31,17,13,30,1,11,12,181,194,375,375,265,0.7066666666666667
2020-05-19,23,21,44,16,17,33,31,29,60,40,31,71,30,23,53,23,16,39,18,15,33,15,23,38,12,22,34,5,10,15,213,207,420,420,278,0.6619047619047619
2020-05-20,34,44,78,18,17,35,34,29,63,51,35,86,29,22,51,18,14,32,23,18,41,14,11,25,12,17,29,6,5,11,239,212,451,451,274,0.6075388026607539
2020-05-21,39,36,75,21,18,39,40,40,80,33,45,78,25,27,52,20,15,35,17,7,24,15,10,25,11,17,28,1,4,5,222,219,441,441,224,0.5079365079365079
2020-05-22,39,19,58,19,21,40,37,36,73,32,33,65,28,22,50,17,13,30,10,10,20,10,11,21,8,17,25,6,12,18,206,194,400,400,191,0.4775
2020-05-23,23,21,44,18,18,36,29,28,57,34,22,56,16,19,35,10,11,21,14,9,23,8,14,22,9,6,15,2,2,4,163,150,313,313,181,0.5782747603833865
2020-05-24,17,22,39,11,10,21,19,13,32,17,19,36,12,6,18,10,5,15,12,10,22,11,9,20,6,14,20,2,6,8,117,114,231,231,152,0.658008658008658
2020-05-25,32,27,59,21,30,51,26,37,63,21,26,47,22,16,38,5,9,14,10,9,19,10,7,17,10,14,24,2,9,11,159,184,343,343,194,0.565597667638484
2020-05-26,46,38,84,27,24,51,53,57,110,53,49,102,24,40,64,17,26,43,15,8,23,14,6,20,10,14,24,4,11,15,263,273,536,536,366,0.6828358208955224
2020-05-27,49,44,93,13,18,31,26,40,66,34,34,68,26,17,43,21,19,40,11,9,20,8,16,24,4,15,19,4,2,6,196,214,410,410,283,0.6902439024390243
2020-05-28,30,44,74,22,15,37,40,50,90,33,41,74,30,30,60,16,22,38,9,16,25,13,8,21,14,19,33,4,12,16,211,257,468,468,339,0.7243589743589743
2020-05-29,45,36,81,23,20,43,45,45,90,37,53,90,34,31,65,19,22,41,17,15,32,18,15,33,14,16,30,1,4,5,253,257,510,510,376,0.7372549019607844
2020-05-30,35,27,62,17,15,32,43,29,72,38,20,58,20,24,44,16,15,31,11,11,22,12,11,23,8,14,22,1,7,8,201,173,374,371,165,0.444743935309973
2020-05-31,29,17,46,17,13,30,15,18,33,25,14,39,17,14,31,7,12,19,8,7,15,11,6,17,7,10,17,0,7,7,136,118,254,254,129,0.5078740157480315
2020-06-01,41,33,74,26,21,47,35,55,90,32,43,75,22,31,53,21,19,40,25,19,44,12,9,21,9,11,20,4,3,7,227,244,471,471,298,0.6326963906581741
2020-06-02,45,37,82,22,24,46,42,37,79,31,33,64,21,26,47,16,22,38,13,11,24,26,14,40,9,19,28,4,13,17,229,236,465,465,283,0.6086021505376344
2020-06-03,40,25,65,17,36,53,39,35,74,32,42,74,28,31,59,13,15,28,19,15,34,18,12,30,12,16,28,2,9,11,220,236,456,456,251,0.5504385964912281
2020-06-04,41,37,78,23,28,51,40,38,78,20,41,61,26,23,49,29,22,51,12,10,22,22,13,35,11,21,32,2,9,11,226,242,468,465,267,0.5741935483870968
2020-06-05,46,42,88,16,23,39,42,41,83,37,43,80,37,35,72,28,29,57,19,15,34,18,15,33,13,23,36,3,10,13,259,276,535,535,426,0.7962616822429907
2020-06-06,36,26,62,18,13,31,22,27,49,33,36,69,19,21,40,14,13,27,12,16,28,13,8,21,12,19,31,1,10,11,180,189,369,364,258,0.7087912087912088
2020-06-07,25,25,50,18,14,32,28,26,54,22,29,51,21,9,30,13,12,25,9,5,14,9,7,16,11,11,22,2,8,10,158,146,304,300,174,0.58
2020-06-08,35,38,73,24,29,53,49,36,85,49,51,100,39,30,69,20,28,48,19,17,36,20,15,35,12,20,32,3,9,12,270,273,543,541,346,0.6395563770794824
2020-06-09,61,38,99,27,26,53,26,50,76,43,42,85,38,32,70,26,14,40,14,12,26,14,26,40,12,32,44,4,16,20,265,288,553,549,425,0.7741347905282332
2020-06-10,28,44,72,16,21,37,52,32,84,46,51,97,40,30,70,28,27,55,24,20,44,22,29,51,6,20,26,6,15,21,268,289,557,557,371,0.6660682226211849
2020-06-11,44,46,90,19,26,45,40,44,84,51,46,97,26,40,66,20,36,56,13,26,39,17,20,37,8,29,37,4,15,19,242,328,570,570,371,0.6508771929824562
2020-06-12,50,50,100,18,32,50,62,51,113,55,71,126,44,55,99,28,29,57,32,23,55,18,17,35,7,22,29,6,10,16,320,360,680,680,442,0.65
2020-06-13,37,29,66,27,21,48,41,51,92,41,43,84,17,40,57,26,21,47,14,10,24,13,9,22,9,18,27,2,7,9,227,249,476,476,350,0.7352941176470589
2020-06-14,24,36,60,20,24,44,32,25,57,22,27,49,22,18,40,17,24,41,12,6,18,5,17,22,14,20,34,0,8,8,168,205,373,373,246,0.6595174262734584
2020-06-15,40,37,77,31,28,59,39,38,77,33,35,68,21,25,46,15,17,32,16,6,22,12,12,24,8,14,22,2,10,12,217,222,439,439,263,0.5990888382687927
2020-06-16,57,63,120,27,28,55,75,60,135,61,51,112,48,35,83,26,27,53,16,16,32,17,8,25,14,25,39,3,14,17,344,327,671,671,431,0.6423248882265276
2020-06-17,47,51,98,27,34,61,62,55,117,52,65,117,44,42,86,33,18,51,21,17,38,11,20,31,19,17,36,2,9,11,318,328,646,646,485,0.7507739938080495
2020-06-18,58,49,107,26,21,47,76,71,147,64,72,136,61,32,93,42,31,73,20,24,44,19,16,35,14,24,38,3,11,14,383,351,734,734,626,0.8528610354223434
2020-06-19,61,39,100,18,36,54,57,65,122,81,72,153,45,53,98,49,38,87,30,20,50,22,20,42,18,22,40,7,13,20,388,378,766,766,769,1.0039164490861618
2020-06-20,34,43,77,21,25,46,44,35,79,48,41,89,30,45,75,18,28,46,21,17,38,12,10,22,8,17,25,6,5,11,242,266,508,508,289,0.5688976377952756
2020-06-21,37,27,64,20,20,40,32,45,77,27,45,72,24,17,41,18,12,30,11,11,22,11,7,18,7,9,16,1,7,8,188,200,388,388,171,0.44072164948453607
2020-06-22,57,48,105,31,37,68,56,67,123,64,52,116,49,52,101,33,45,78,22,25,47,21,16,37,8,26,34,2,13,15,343,381,724,724,437,0.6035911602209945
2020-06-23,56,55,111,35,34,69,62,61,123,77,61,138,52,59,111,30,46,76,25,23,48,14,16,30,15,17,32,3,6,9,369,378,747,747,421,0.5635876840696118
2020-06-24,52,54,106,30,30,60,69,72,141,52,70,122,51,51,102,33,49,82,18,23,41,12,17,29,16,18,34,2,4,6,335,388,723,723,355,0.49100968188105115
2020-06-25,56,63,119,41,48,89,59,64,123,60,55,115,51,42,93,43,40,83,15,17,32,13,21,34,11,14,25,4,6,10,353,370,723,723,492,0.6804979253112033
2020-06-26,55,49,104,37,31,68,73,78,151,59,65,124,49,47,96,25,42,67,27,26,53,14,16,30,12,23,35,2,9,11,353,386,739,739,373,0.5047361299052774
2020-06-27,68,67,135,38,48,86,43,64,107,43,55,98,36,40,76,25,21,46,22,10,32,5,15,20,7,7,14,4,6,10,291,333,624,624,323,0.5176282051282052
2020-06-28,46,26,72,16,23,39,26,54,80,35,47,82,27,28,55,26,19,45,12,8,20,9,12,21,9,13,22,6,6,12,212,236,448,448,223,0.49776785714285715
2020-06-29,55,55,110,40,51,91,61,51,112,67,62,129,40,44,84,24,41,65,26,14,40,15,19,34,14,20,34,2,9,11,344,366,710,710,411,0.5788732394366197
2020-06-30,35,50,85,21,35,56,77,57,134,42,66,108,50,43,93,36,36,72,28,13,41,19,13,32,6,19,25,2,10,12,316,342,658,657,334,0.5083713850837138
2020-07-01,50,44,94,21,41,62,76,61,137,61,59,120,42,48,90,33,37,70,23,22,45,15,18,33,9,23,32,3,6,9,333,359,692,691,379,0.548480463096961
2020-07-02,68,61,129,33,39,72,66,75,141,60,69,129,52,49,101,34,27,61,25,21,46,17,21,38,13,15,28,5,6,11,373,383,756,756,299,0.3955026455026455
2020-07-03,66,45,111,37,29,66,59,60,119,71,86,157,42,48,90,33,37,70,25,16,41,16,18,34,14,17,31,3,5,8,366,361,727,727,354,0.48693259972489683
2020-07-04,42,42,84,26,28,54,54,63,117,41,48,89,36,34,70,28,23,51,14,13,27,12,20,32,7,11,18,3,7,10,263,289,552,552,211,0.3822463768115942
2020-07-05,31,39,70,27,20,47,40,46,86,40,61,101,23,36,59,21,26,47,24,23,47,18,16,34,11,22,33,4,8,12,239,297,536,536,254,0.47388059701492535
2020-07-06,41,37,78,25,22,47,63,67,130,69,56,125,52,70,122,42,39,81,27,31,58,23,32,55,11,33,44,3,14,17,356,401,757,757,278,0.36723910171730517
2020-07-07,63,72,135,39,43,82,73,75,148,81,74,155,46,55,101,40,44,84,23,20,43,15,14,29,11,26,37,7,12,19,398,435,833,833,321,0.38535414165666265
2020-07-08,55,42,97,35,34,69,74,70,144,66,78,144,62,72,134,34,49,83,23,22,45,22,25,47,13,27,40,4,18,22,388,437,825,825,356,0.4315151515151515
2020-07-09,40,34,74,22,21,43,50,47,97,65,49,114,48,46,94,21,21,42,13,21,34,13,26,39,10,24,34,6,10,16,288,299,587,587,218,0.37137989778534924
2020-07-10,42,31,73,28,30,58,53,60,113,46,64,110,39,37,76,27,34,61,24,21,45,18,14,32,11,19,30,1,12,13,289,322,611,611,224,0.36661211129296234
2020-07-11,36,47,83,26,20,46,37,51,88,46,49,95,42,47,89,28,32,60,23,22,45,16,32,48,10,24,34,4,17,21,268,341,609,609,311,0.5106732348111659
2020-07-12,31,22,53,16,18,34,39,35,74,41,39,80,30,30,60,13,22,35,15,16,31,11,13,24,7,16,23,4,7,11,207,218,425,425,157,0.36941176470588233
2020-07-13,49,56,105,32,37,69,66,71,137,70,68,138,63,74,137,42,62,104,44,34,78,26,42,68,15,53,68,3,25,28,410,522,932,932,518,0.555793991416309
2020-07-14,56,44,100,39,31,70,58,62,120,99,88,187,83,61,144,50,34,84,41,33,74,29,31,60,20,21,41,6,16,22,481,421,902,902,381,0.4223946784922395
2020-07-15,57,58,115,60,47,107,84,124,208,109,142,251,87,91,178,46,71,117,36,33,69,22,30,52,18,23,41,7,12,19,526,631,1157,1157,487,0.4209161624891962
2020-07-16,63,41,104,43,64,107,88,111,199,102,107,209,80,110,190,44,74,118,33,32,65,19,35,54,22,42,64,3,26,29,497,642,1139,1139,659,0.5785776997366111
2020-07-17,66,62,128,41,47,88,86,111,197,94,121,215,74,118,192,57,73,130,41,47,88,19,25,44,21,22,43,4,9,13,503,635,1138,1138,532,0.46748681898066785
2020-07-18,44,49,93,36,36,72,81,88,169,87,113,200,49,75,124,44,43,87,32,36,68,23,14,37,16,24,40,2,7,9,414,485,899,899,493,0.5483870967741935
2020-07-19,43,48,91,29,32,61,48,66,114,60,80,140,41,54,95,37,44,81,31,22,53,18,12,30,12,22,34,3,8,11,322,388,710,710,301,0.423943661971831
2020-07-20,85,61,146,61,66,127,96,110,206,95,146,241,89,114,203,52,79,131,42,54,96,29,31,60,23,23,46,3,14,17,575,698,1273,1273,529,0.41555380989787905
2020-07-21,57,53,110,48,44,92,104,95,199,123,127,250,83,89,172,63,74,137,37,43,80,32,31,63,15,33,48,5,11,16,567,600,1167,1166,512,0.4391080617495712
2020-07-22,89,59,148,52,57,109,129,131,260,121,139,260,96,100,196,62,72,134,28,39,67,33,30,63,18,44,62,2,11,13,630,682,1312,1312,595,0.4535060975609756
2020-07-23,71,63,134,42,60,102,111,128,239,112,153,265,73,99,172,58,69,127,31,35,66,21,26,47,9,25,34,7,11,18,535,669,1204,1204,587,0.48754152823920266
2020-07-24,59,62,121,47,42,89,112,119,231,108,135,243,88,92,180,64,71,135,47,26,73,24,29,53,13,35,48,2,13,15,564,624,1188,1188,650,0.5471380471380471
2020-07-25,57,45,102,37,30,67,70,92,162,93,107,200,68,72,140,43,52,95,26,38,64,21,30,51,13,25,38,6,6,12,434,497,931,931,523,0.5617615467239527
2020-07-26,48,44,92,22,28,50,56,58,114,54,69,123,50,55,105,34,45,79,18,18,36,17,15,32,9,25,34,6,8,14,314,365,679,679,343,0.5051546391752577
2020-07-27,48,49,97,47,48,95,81,118,199,118,125,243,85,107,192,71,101,172,37,52,89,22,32,54,22,25,47,5,24,29,536,681,1217,1217,561,0.4609695973705834
2020-07-28,68,63,131,47,46,93,125,158,283,123,140,263,101,112,213,81,90,171,52,49,101,28,42,70,16,38,54,7,21,28,648,759,1407,1407,543,0.3859275053304904
2020-07-29,72,65,137,46,51,97,130,140,270,116,139,255,111,116,227,65,68,133,42,51,93,31,26,57,22,48,70,11,30,41,646,734,1380,1380,571,0.413768115942029
2020-07-30,76,57,133,57,71,128,155,136,291,131,130,261,114,97,211,67,78,145,45,44,89,23,27,50,14,26,40,3,9,12,685,675,1360,1360,613,0.45073529411764707
2020-07-31,60,70,130,42,44,86,111,152,263,139,160,299,97,98,195,60,78,138,47,53,100,25,32,57,13,40,53,7,27,34,601,754,1355,1355,701,0.5173431734317343
2020-08-01,47,40,87,34,43,77,82,108,190,90,117,207,68,86,154,55,68,123,28,20,48,27,28,55,16,39,55,1,25,26,448,574,1022,1022,535,0.5234833659491194
2020-08-02,51,41,92,39,35,74,67,70,137,77,78,155,54,83,137,31,51,82,18,32,50,18,27,45,17,33,50,4,13,17,376,463,839,839,375,0.4469606674612634
2020-08-03,66,76,142,46,61,107,107,125,232,111,136,247,99,126,225,59,78,137,46,40,86,18,37,55,24,50,74,5,29,34,581,758,1339,1339,728,0.5436893203883495
2020-08-04,78,62,140,64,68,132,138,136,274,126,144,270,92,133,225,69,83,152,52,47,99,28,40,68,25,53,78,6,28,34,678,794,1472,1472,667,0.453125
2020-08-05,72,72,144,63,51,114,131,159,290,131,145,276,92,124,216,91,99,190,44,49,93,29,35,64,21,34,55,5,13,18,679,781,1460,1459,944,0.6470185058259081
2020-08-06,73,63,136,51,63,114,125,142,267,133,165,298,110,123,233,72,84,156,47,45,92,30,36,66,22,47,69,7,20,27,670,788,1458,1457,948,0.6506520247083047
2020-08-07,87,71,158,53,50,103,116,153,269,139,174,313,95,141,236,68,91,159,37,55,92,33,47,80,15,50,65,5,16,21,648,848,1496,1496,786,0.5254010695187166
2020-08-08,53,48,101,37,45,82,70,89,159,114,134,248,71,104,175,55,64,119,43,37,80,27,32,59,17,46,63,1,28,29,488,627,1115,1115,369,0.3309417040358744
2020-08-09,41,39,80,33,31,64,76,98,174,85,88,173,62,100,162,48,58,106,31,28,59,31,36,67,21,65,86,5,25,30,433,568,1001,1001,361,0.36063936063936064
2020-08-10,86,74,160,72,76,148,148,155,303,142,167,309,113,141,254,82,107,189,49,45,94,22,35,57,20,39,59,8,22,30,742,861,1603,1603,619,0.38615096693699313
2020-08-11,70,65,135,68,56,124,152,163,315,175,158,333,129,154,283,83,87,170,58,65,123,46,69,115,20,70,90,10,40,50,811,927,1738,1738,732,0.42117376294591485
2020-08-12,65,72,137,68,77,145,130,162,292,144,217,361,122,144,266,87,101,188,49,45,94,18,34,52,12,25,37,6,19,25,701,896,1597,1597,630,0.3944896681277395
2020-08-13,60,63,123,71,65,136,180,196,376,172,232,404,123,160,283,84,113,197,44,57,101,36,36,72,18,30,48,5,17,22,793,969,1762,1762,694,0.3938706015891033
2020-08-14,51,60,111,50,63,113,179,210,389,149,210,359,140,154,294,85,103,188,52,52,104,33,40,73,18,33,51,2,16,18,759,941,1700,1700,692,0.40705882352941175
2020-08-15,68,47,115,60,52,112,79,143,222,114,169,283,88,121,209,53,77,130,41,48,89,28,49,77,16,63,79,4,27,31,551,796,1347,1347,562,0.4172234595397179
2020-08-16,42,34,76,29,34,63,97,100,197,82,104,186,50,80,130,43,59,102,15,35,50,19,24,43,18,38,56,2,26,28,397,534,931,930,390,0.41935483870967744
2020-08-17,52,31,83,41,45,86,110,124,234,128,137,265,101,116,217,73,99,172,31,56,87,26,23,49,12,43,55,1,21,22,575,695,1270,1270,527,0.4149606299212598
2020-08-18,73,62,135,67,61,128,135,147,282,153,182,335,134,139,273,69,126,195,50,60,110,30,45,75,18,41,59,1,30,31,730,893,1623,1623,563,0.34688847812692547
2020-08-19,66,58,124,68,76,144,121,173,294,129,158,287,104,134,238,77,86,163,38,46,84,28,52,80,18,49,67,6,28,34,655,860,1515,1515,494,0.32607260726072607
2020-08-20,55,56,111,54,54,108,132,164,296,111,175,286,93,102,195,77,77,154,40,60,100,29,37,66,26,40,66,3,22,25,620,787,1407,1407,588,0.417910447761194
2020-08-21,55,64,119,59,62,121,118,152,270,135,183,318,125,127,252,71,101,172,48,59,107,37,54,91,20,51,71,6,17,23,674,870,1544,1544,661,0.42810880829015546
2020-08-22,41,38,79,49,42,91,91,112,203,85,140,225,86,95,181,56,52,108,37,49,86,20,42,62,16,32,48,6,21,27,487,623,1110,1110,519,0.46756756756756757
2020-08-23,45,51,96,38,32,70,66,101,167,68,104,172,70,79,149,42,65,107,33,34,67,19,29,48,15,21,36,5,7,12,401,523,924,924,301,0.32575757575757575
2020-08-24,79,83,162,62,68,130,118,161,279,166,180,346,107,145,252,80,95,175,52,70,122,32,48,80,22,35,57,6,19,25,724,904,1628,1628,688,0.4226044226044226
2020-08-25,68,70,138,54,68,122,131,193,324,157,203,360,125,141,266,62,102,164,50,56,106,34,26,60,22,40,62,6,18,24,709,917,1626,1626,674,0.4145141451414514
2020-08-26,71,49,120,61,78,139,163,169,332,151,179,330,83,144,227,75,96,171,51,65,116,38,49,87,22,48,70,4,23,27,719,900,1619,1619,629,0.3885114268066708
2020-08-27,73,65,138,78,88,166,161,169,330,134,177,311,116,153,269,78,98,176,38,57,95,36,35,71,24,49,73,3,29,32,741,920,1661,1661,638,0.3841059602649007
2020-08-28,60,59,119,72,70,142,195,213,408,147,191,338,125,199,324,81,119,200,56,64,120,45,47,92,22,48,70,5,20,25,808,1030,1838,1838,855,0.46517954298150166
2020-08-29,45,35,80,42,62,104,123,151,274,114,176,290,119,114,233,61,86,147,47,37,84,34,39,73,14,48,62,5,29,34,604,777,1381,1381,724,0.5242577842143374
2020-08-30,35,59,94,48,50,98,85,114,199,97,89,186,73,95,168,54,58,112,33,38,71,18,29,47,8,19,27,4,11,15,455,562,1017,1017,355,0.34906588003933137
2020-08-31,66,46,112,65,59,124,139,146,285,150,164,314,104,139,243,81,96,177,44,61,105,40,46,86,23,43,66,2,12,14,714,812,1526,1526,829,0.5432503276539974
2020-09-01,66,66,132,52,82,134,164,177,341,170,199,369,123,132,255,84,114,198,39,47,86,26,35,61,17,49,66,7,22,29,748,923,1671,1670,703,0.42095808383233535
2020-09-02,58,45,103,41,55,96,120,160,280,135,181,316,104,115,219,78,90,168,39,56,95,42,38,80,17,44,61,6,34,40,640,818,1458,1458,762,0.522633744855967
2020-09-03,74,59,133,68,70,138,150,198,348,190,203,393,129,145,274,86,105,191,46,62,108,35,46,81,22,46,68,4,17,21,804,951,1755,1755,679,0.3868945868945869
2020-09-04,69,69,138,61,68,129,143,189,332,167,212,379,137,178,315,81,109,190,65,66,131,39,46,85,24,39,63,5,18,23,791,994,1785,1785,786,0.4403361344537815
2020-09-05,44,44,88,35,42,77,127,137,264,111,147,258,85,142,227,59,82,141,52,56,108,28,29,57,19,25,44,4,9,13,564,713,1277,1277,733,0.5740015661707126
2020-09-06,41,41,82,42,48,90,75,117,192,73,103,176,64,82,146,47,69,116,28,33,61,12,41,53,14,23,37,1,8,9,397,565,962,962,399,0.41476091476091476
2020-09-07,63,57,120,74,69,143,147,178,325,168,200,368,144,163,307,79,123,202,69,63,132,39,43,82,19,48,67,6,18,24,808,962,1770,1770,786,0.4440677966101695
2020-09-08,58,65,123,59,72,131,131,178,309,183,196,379,133,145,278,98,108,206,55,81,136,42,49,91,26,38,64,7,21,28,792,953,1745,1745,788,0.45157593123209167
2020-09-09,63,63,126,74,78,152,163,185,348,167,197,364,127,153,280,98,109,207,60,68,128,32,42,74,18,46,64,1,21,22,803,962,1765,1765,891,0.5048158640226629
2020-09-10,56,39,95,73,65,138,187,199,386,177,234,411,142,175,317,105,100,205,53,72,125,42,56,98,13,57,70,5,32,37,853,1029,1882,1882,954,0.5069075451647184
2020-09-11,61,54,115,83,83,166,156,153,309,150,218,368,122,155,277,83,118,201,63,59,122,43,39,82,22,38,60,2,11,13,785,928,1713,1713,921,0.5376532399299475
2020-09-12,51,33,84,48,42,90,84,116,200,108,128,236,67,101,168,53,83,136,51,45,96,28,34,62,13,45,58,3,16,19,506,643,1149,1149,581,0.5056570931244561
2020-09-13,55,43,98,42,43,85,79,115,194,85,126,211,58,86,144,54,65,119,55,42,97,24,15,39,3,19,22,5,9,14,460,563,1023,1023,406,0.396871945259042
2020-09-14,70,61,131,57,70,127,155,188,343,157,193,350,116,147,263,94,116,210,72,79,151,41,42,83,30,36,66,0,23,23,792,955,1747,1747,739,0.42301087578706353
2020-09-15,74,40,114,58,61,119,143,137,280,150,194,344,111,138,249,69,93,162,64,73,137,41,53,94,18,61,79,4,26,30,732,876,1608,1608,834,0.5186567164179104
2020-09-16,79,71,150,83,88,171,175,209,384,155,204,359,124,157,281,85,104,189,62,70,132,33,40,73,19,47,66,4,15,19,819,1005,1824,1824,661,0.36239035087719296
2020-09-17,65,62,127,53,86,139,159,173,332,146,179,325,137,175,312,82,119,201,70,68,138,42,45,87,23,39,62,4,17,21,781,963,1744,1744,799,0.4581422018348624
2020-09-18,79,69,148,54,99,153,164,180,344,171,212,383,125,149,274,94,108,202,54,72,126,48,47,95,16,35,51,5,20,25,810,991,1801,1801,737,0.40921710161021657
2020-09-19,35,49,84,51,56,107,99,104,203,105,125,230,69,81,150,55,55,110,50,44,94,27,28,55,19,24,43,4,11,15,514,577,1091,1091,485,0.44454628780934924
2020-09-20,40,47,87,52,53,105,77,85,162,93,89,182,59,82,141,41,71,112,26,39,65,22,26,48,6,24,30,3,11,14,419,527,946,946,297,0.313953488372093
2020-09-21,73,56,129,68,81,149,132,134,266,158,180,338,103,141,244,83,80,163,56,78,134,38,38,76,15,20,35,2,11,13,728,819,1547,1547,675,0.4363283775048481
2020-09-22,77,70,147,86,89,175,139,202,341,163,176,339,126,133,259,98,111,209,76,62,138,50,44,94,19,44,63,5,19,24,839,950,1789,1789,635,0.35494689770821686
2020-09-23,75,66,141,59,73,132,125,186,311,127,181,308,121,121,242,73,99,172,64,61,125,31,49,80,16,32,48,3,12,15,694,880,1574,1574,617,0.391994917407878
2020-09-24,79,61,140,74,82,156,157,169,326,153,187,340,115,137,252,70,86,156,53,94,147,39,56,95,29,48,77,13,31,44,782,951,1733,1733,677,0.39065204847085977
2020-09-25,70,57,127,66,70,136,128,170,298,146,152,298,118,137,255,80,104,184,75,65,140,34,37,71,20,31,51,1,13,14,738,836,1574,1574,708,0.4498094027954257
2020-09-26,38,39,77,57,43,100,80,82,162,103,101,204,81,82,163,56,75,131,37,33,70,25,18,43,13,18,31,3,7,10,493,498,991,991,381,0.384460141271443
2020-09-27,46,46,92,35,56,91,76,105,181,89,108,197,87,89,176,45,50,95,30,35,65,14,25,39,11,18,29,2,13,15,435,545,980,980,346,0.35306122448979593
2020-09-28,74,69,143,66,46,112,118,132,250,165,134,299,133,104,237,101,102,203,65,45,110,37,41,78,18,34,52,4,18,22,781,725,1506,1506,704,0.4674634794156706
2020-09-29,85,71,156,85,92,177,167,164,331,169,190,359,133,128,261,86,80,166,68,73,141,38,62,100,27,51,78,2,21,23,860,932,1792,1792,569,0.31752232142857145
2020-09-30,75,70,145,65,80,145,153,210,363,128,180,308,118,111,229,100,99,199,66,74,140,38,46,84,18,46,64,3,13,16,764,929,1693,1693,621,0.3668044890726521
2020-10-01,76,91,167,78,94,172,163,198,361,164,184,348,113,130,243,86,95,181,62,69,131,39,59,98,17,32,49,3,10,13,801,962,1763,1763,825,0.4679523539421441
2020-10-02,99,67,166,72,83,155,119,172,291,144,173,317,116,141,257,86,102,188,63,68,131,44,60,104,13,40,53,6,18,24,762,924,1686,1686,831,0.4928825622775801
2020-10-03,43,43,86,46,72,118,97,104,201,107,110,217,86,109,195,66,57,123,43,44,87,27,27,54,14,29,43,4,7,11,533,602,1135,1135,603,0.5312775330396475
2020-10-04,50,49,99,43,44,87,84,114,198,74,80,154,63,79,142,46,60,106,37,33,70,19,23,42,18,27,45,2,6,8,436,515,951,951,401,0.4216614090431125
2020-10-05,51,54,105,61,60,121,145,147,292,179,172,351,134,146,280,82,110,192,89,66,155,45,67,112,23,32,55,3,8,11,812,862,1674,1674,796,0.4755077658303465
2020-10-06,70,78,148,76,77,153,152,170,322,168,184,352,141,130,271,94,102,196,58,73,131,39,62,101,27,40,67,8,12,20,833,928,1761,1761,619,0.35150482680295286
2020-10-07,85,58,143,57,67,124,166,201,367,170,192,362,129,130,259,95,124,219,75,72,147,41,46,87,21,35,56,6,10,16,845,935,1780,1780,671,0.37696629213483146
2020-10-08,79,61,140,64,76,140,137,172,309,139,169,308,139,138,277,90,96,186,64,71,135,41,48,89,12,42,54,4,21,25,769,894,1663,1663,688,0.41371016235718583
2020-10-09,63,82,145,82,90,172,130,191,321,160,198,358,115,157,272,97,121,218,57,71,128,37,47,84,12,31,43,5,23,28,758,1011,1769,1769,845,0.4776710005652911
2020-10-10,37,51,88,54,57,111,116,126,242,102,116,218,94,100,194,62,86,148,40,48,88,22,35,57,16,26,42,7,10,17,550,655,1205,1205,663,0.5502074688796681
2020-10-11,50,52,102,36,57,93,63,98,161,92,124,216,71,72,143,54,58,112,48,40,88,23,33,56,15,22,37,2,6,8,454,562,1016,1016,563,0.5541338582677166
2020-10-12,51,44,95,58,55,113,97,113,210,106,110,216,92,116,208,73,91,164,58,59,117,29,40,69,21,33,54,2,17,19,587,678,1265,1265,554,0.4379446640316206
2020-10-13,76,76,152,71,58,129,148,182,330,145,197,342,115,153,268,98,110,208,83,75,158,45,66,111,29,51,80,9,20,29,819,988,1807,1807,746,0.41283895960154954
2020-10-14,65,70,135,60,80,140,145,172,317,142,168,310,111,123,234,76,105,181,71,64,135,46,61,107,21,34,55,1,13,14,738,890,1628,1628,782,0.48034398034398035
2020-10-15,71,63,134,71,86,157,155,177,332,177,197,374,152,173,325,113,101,214,77,85,162,41,45,86,20,39,59,7,12,19,884,978,1862,1862,725,0.3893662728249194
2020-10-16,88,62,150,94,105,199,188,232,420,175,177,352,157,172,329,109,116,225,70,71,141,48,65,113,27,49,76,3,30,33,959,1079,2038,2038,838,0.4111874386653582
2020-10-17,48,53,101,59,61,120,110,123,233,113,157,270,93,107,200,60,72,132,54,62,116,48,30,78,14,26,40,3,9,12,602,700,1302,1302,588,0.45161290322580644
2020-10-18,40,37,77,42,41,83,53,84,137,83,105,188,51,64,115,55,41,96,29,27,56,21,30,51,8,22,30,2,6,8,384,457,841,841,508,0.6040428061831153
2020-10-19,107,85,192,90,99,189,155,205,360,193,232,425,155,204,359,122,140,262,91,84,175,54,69,123,25,48,73,3,13,16,995,1179,2174,2174,1141,0.5248390064397425
2020-10-20,85,83,168,95,85,180,184,209,393,172,214,386,165,186,351,108,120,228,81,74,155,38,55,93,35,44,79,0,15,15,963,1085,2048,2048,1479,0.72216796875
2020-10-21,65,65,130,109,92,201,141,191,332,152,162,314,114,139,253,99,87,186,77,71,148,36,41,77,21,37,58,3,10,13,817,895,1712,1712,1054,0.6156542056074766
2020-10-22,61,58,119,91,101,192,126,151,277,130,156,286,129,143,272,86,106,192,46,77,123,35,45,80,23,41,64,4,17,21,731,895,1626,1626,1118,0.6875768757687577
2020-10-23,65,49,114,57,58,115,113,123,236,104,110,214,96,139,235,71,70,141,58,78,136,46,44,90,16,29,45,6,18,24,632,718,1350,1350,1056,0.7822222222222223
2020-10-24,36,36,72,30,44,74,80,65,145,74,94,168,67,80,147,47,66,113,27,38,65,27,27,54,8,27,35,1,9,10,397,486,883,883,778,0.8810872027180068
2020-10-25,52,39,91,37,49,86,74,103,177,77,126,203,65,76,141,63,78,141,33,45,78,27,27,54,10,20,30,1,7,8,439,570,1009,1009,917,0.908820614469772
2020-10-26,76,64,140,89,77,166,133,149,282,137,157,294,88,130,218,101,127,228,77,72,149,54,64,118,18,39,57,1,13,14,774,892,1666,1666,1399,0.8397358943577431
2020-10-27,59,64,123,73,73,146,146,189,335,143,175,318,123,123,246,93,127,220,81,105,186,47,62,109,15,37,52,3,7,10,783,962,1745,1745,1544,0.8848137535816619
2020-10-28,65,62,127,53,75,128,127,168,295,159,194,353,89,128,217,91,105,196,69,66,135,33,39,72,12,34,46,2,15,17,700,886,1586,1586,1253,0.7900378310214375
2020-10-29,56,48,104,61,82,143,151,155,306,161,158,319,101,152,253,83,92,175,55,65,120,33,40,73,14,27,41,1,7,8,716,826,1542,1542,1490,0.9662775616083009
2020-10-30,58,40,98,52,70,122,100,145,245,128,151,279,90,124,214,64,98,162,61,79,140,29,39,68,21,30,51,4,14,18,607,790,1397,1397,1086,0.7773801002147459
2020-10-31,44,31,75,30,41,71,83,87,170,80,119,199,72,65,137,45,60,105,42,47,89,28,34,62,9,22,31,3,8,11,436,514,950,950,795,0.8368421052631579
2020-11-01,63,50,113,54,64,118,87,109,196,84,113,197,83,92,175,67,74,141,36,67,103,32,27,59,9,28,37,4,7,11,519,631,1150,1150,969,0.8426086956521739
2020-11-02,56,66,122,64,78,142,128,162,290,152,150,302,113,118,231,77,81,158,74,77,151,43,45,88,20,23,43,1,8,9,728,808,1536,1536,1244,0.8098958333333334
2020-11-03,47,47,94,45,65,110,107,140,247,113,135,248,88,78,166,64,64,128,51,55,106,45,42,87,20,37,57,2,13,15,582,676,1258,1258,922,0.7329093799682035
2020-11-04,56,53,109,65,76,141,176,165,341,133,175,308,140,137,277,80,99,179,74,71,145,47,45,92,15,30,45,6,7,13,792,858,1650,1650,960,0.5818181818181818
2020-11-05,81,73,154,91,97,188,179,179,358,182,206,388,160,143,303,110,124,234,65,87,152,39,43,82,18,27,45,3,12,15,928,991,1919,1919,1234,0.6430432516935904
2020-11-06,52,54,106,50,59,109,99,121,220,94,118,212,75,81,156,69,82,151,49,48,97,37,55,92,16,32,48,3,7,10,544,657,1201,1201,968,0.8059950041631974
2020-11-07,45,45,90,41,50,91,68,95,163,72,111,183,70,92,162,60,82,142,57,62,119,32,36,68,21,20,41,4,4,8,470,597,1067,1067,780,0.7310215557638238
2020-11-08,55,65,120,48,67,115,94,99,193,99,127,226,78,104,182,66,60,126,54,67,121,25,29,54,7,21,28,5,4,9,531,643,1174,1174,965,0.8219761499148212
2020-11-09,82,77,159,78,71,149,117,151,268,143,182,325,125,133,258,107,104,211,69,80,149,30,48,78,23,40,63,4,9,13,778,895,1673,1673,1292,0.7722653915122535
2020-11-10,52,49,101,52,74,126,105,111,216,146,144,290,100,101,201,78,80,158,67,55,122,39,38,77,17,34,51,4,8,12,660,694,1354,1354,892,0.6587887740029542
2020-11-11,76,58,134,57,77,134,143,158,301,148,151,299,132,129,261,97,109,206,57,60,117,42,40,82,21,31,52,5,13,18,778,826,1604,1604,1077,0.6714463840399002
2020-11-12,65,63,128,61,80,141,139,179,318,188,173,361,127,135,262,101,98,199,69,87,156,47,55,102,23,30,53,1,13,14,821,913,1734,1734,1091,0.6291810841983853
2020-11-13,62,43,105,69,71,140,135,167,302,133,140,273,111,119,230,92,91,183,87,75,162,53,49,102,21,32,53,4,10,14,767,797,1564,1564,1012,0.6470588235294118
2020-11-14,67,61,128,52,37,89,76,106,182,94,116,210,63,89,152,63,71,134,55,46,101,29,46,75,13,22,35,4,4,8,516,598,1114,1114,798,0.7163375224416517
2020-11-15,65,70,135,65,45,110,87,119,206,114,112,226,89,95,184,62,77,139,57,65,122,38,42,80,11,26,37,0,13,13,588,664,1252,1252,946,0.755591054313099
2020-11-16,69,70,139,99,66,165,102,125,227,117,151,268,117,106,223,67,84,151,64,62,126,42,51,93,25,32,57,4,19,23,706,766,1472,1472,930,0.6317934782608695
2020-11-17,78,80,158,82,71,153,153,160,313,179,178,357,136,150,286,94,109,203,84,105,189,38,61,99,12,36,48,2,13,15,858,963,1821,1821,1272,0.6985172981878089
2020-11-18,72,64,136,102,95,197,158,174,332,172,195,367,113,128,241,77,91,168,66,73,139,51,50,101,15,50,65,2,7,9,828,927,1755,1755,1204,0.6860398860398861
2020-11-19,73,64,137,90,80,170,161,185,346,126,181,307,110,135,245,94,116,210,61,75,136,49,46,95,22,31,53,3,8,11,789,921,1710,1710,1214,0.7099415204678362
2020-11-20,72,59,131,62,75,137,133,163,296,128,162,290,112,139,251,83,97,180,57,58,115,37,41,78,25,34,59,5,10,15,714,838,1552,1552,1094,0.7048969072164949
2020-11-21,63,53,116,44,64,108,99,108,207,120,114,234,84,87,171,67,70,137,52,55,107,30,21,51,10,19,29,3,9,12,572,600,1172,1172,978,0.8344709897610921
2020-11-22,50,41,91,43,48,91,91,82,173,74,100,174,74,70,144,49,54,103,42,49,91,27,23,50,12,21,33,2,8,10,464,496,960,960,761,0.7927083333333333
2020-11-23,63,59,122,53,63,116,104,114,218,124,92,216,93,94,187,55,68,123,46,58,104,33,39,72,17,28,45,4,9,13,592,624,1216,1216,981,0.8067434210526315
2020-11-24,69,79,148,82,79,161,127,144,271,157,150,307,119,126,245,95,97,192,64,86,150,50,53,103,24,30,54,2,8,10,789,852,1641,1641,1226,0.7471054235222425
2020-11-25,78,66,144,81,83,164,150,157,307,150,157,307,132,120,252,78,72,150,72,70,142,27,64,91,22,34,56,4,8,12,794,831,1625,1625,1118,0.688
2020-11-26,82,68,150,83,86,169,137,175,312,147,172,319,112,118,230,87,91,178,72,66,138,33,54,87,17,28,45,9,10,19,779,868,1647,1647,1177,0.7146326654523376
2020-11-27,56,53,109,60,54,114,120,152,272,102,128,230,91,65,156,79,72,151,51,59,110,28,38,66,16,36,52,3,4,7,606,661,1267,1267,872,0.6882399368587214
2020-11-28,68,44,112,54,38,92,99,108,207,79,112,191,66,86,152,70,71,141,34,36,70,28,39,67,15,27,42,3,5,8,516,566,1082,1082,749,0.6922365988909427
2020-11-29,59,51,110,46,56,102,106,123,229,92,129,221,95,101,196,61,68,129,55,66,121,33,36,69,14,15,29,1,4,5,562,649,1211,1211,931,0.7687861271676301
2020-11-30,90,81,171,93,82,175,169,191,360,175,171,346,154,147,301,85,93,178,88,99,187,60,52,112,20,40,60,4,10,14,938,966,1904,1903,1307,0.6868102995270625
2020-12-01,62,71,133,79,82,161,155,168,323,139,164,303,118,141,259,57,77,134,76,97,173,54,53,107,19,33,52,3,2,5,762,888,1650,1650,1093,0.6624242424242425
2020-12-02,44,41,85,60,65,125,95,120,215,111,142,253,86,92,178,58,62,120,52,38,90,38,42,80,19,17,36,2,8,10,565,627,1192,1192,471,0.3951342281879195
2020-12-03,53,54,107,83,84,167,137,190,327,154,172,326,114,137,251,84,85,169,77,75,152,46,48,94,15,29,44,1,5,6,764,879,1643,1643,366,0.22276323797930614
2020-12-04,65,71,136,79,81,160,120,139,259,139,161,300,114,134,248,88,99,187,70,92,162,59,47,106,19,40,59,6,9,15,759,873,1632,1631,573,0.3513182096873084
2020-12-05,58,58,116,70,55,125,113,109,222,134,111,245,87,83,170,53,60,113,43,55,98,27,35,62,9,21,30,5,7,12,599,594,1193,1193,593,0.49706621961441744
2020-12-06,46,46,92,51,47,98,81,82,163,71,99,170,65,80,145,40,51,91,45,44,89,25,34,59,16,14,30,1,3,4,441,500,941,941,350,0.37194473963868224
2020-12-07,37,52,89,61,52,113,109,115,224,103,99,202,73,107,180,58,60,118,38,50,88,32,42,74,16,21,37,4,5,9,531,603,1134,1134,327,0.28835978835978837
2020-12-08,53,58,111,58,61,119,105,124,229,119,117,236,78,78,156,72,75,147,61,57,118,33,46,79,9,18,27,4,6,10,592,640,1232,1232,384,0.3116883116883117
2020-12-09,65,60,125,72,96,168,192,209,401,193,205,398,155,138,293,129,135,264,113,103,216,48,66,114,20,33,53,2,15,17,989,1060,2049,2049,674,0.3289409468033187
2020-12-10,80,59,139,108,130,238,198,253,451,210,260,470,157,193,350,129,167,296,106,103,209,47,47,94,19,45,64,5,7,12,1059,1264,2323,2323,523,0.22513990529487732
2020-12-11,67,71,138,107,115,222,198,268,466,245,257,502,171,208,379,145,162,307,111,124,235,62,75,137,17,29,46,1,8,9,1124,1317,2441,2441,482,0.19746005735354363
2020-12-12,64,63,127,86,86,172,165,213,378,192,217,409,171,170,341,134,135,269,85,127,212,44,55,99,11,22,33,3,7,10,955,1095,2050,2050,512,0.2497560975609756
2020-12-13,65,46,111,81,81,162,118,163,281,177,201,378,146,166,312,126,119,245,79,79,158,40,36,76,11,20,31,5,4,9,848,915,1763,1763,345,0.19568916619398752
2020-12-14,86,68,154,110,116,226,193,239,432,243,237,480,173,197,370,154,176,330,121,127,248,68,74,142,21,34,55,9,11,20,1178,1279,2457,2457,624,0.25396825396825395
2020-12-15,62,70,132,92,92,184,190,223,413,209,228,437,170,169,339,133,183,316,112,107,219,58,62,120,13,24,37,2,10,12,1041,1168,2209,2208,517,0.2341485507246377
2020-12-16,51,65,116,118,146,264,208,260,468,283,303,586,222,220,442,182,182,364,122,143,265,69,75,144,26,25,51,4,10,14,1285,1429,2714,2714,614,0.2262343404568902
2020-12-17,86,83,169,121,123,244,244,300,544,284,325,609,244,227,471,173,173,346,81,115,196,64,56,120,13,26,39,1,9,10,1311,1437,2748,2748,620,0.22561863173216884
2020-12-18,86,78,164,149,173,322,250,340,590,321,346,667,248,267,515,198,228,426,196,183,379,94,90,184,19,44,63,1,5,6,1562,1754,3316,3316,822,0.24788902291917975
2020-12-19,68,64,132,115,129,244,215,277,492,326,324,650,222,235,457,167,184,351,135,160,295,65,72,137,16,27,43,3,4,7,1332,1476,2808,2808,791,0.2816951566951567
2020-12-20,67,81,148,128,133,261,213,251,464,323,333,656,244,261,505,185,209,394,122,133,255,66,61,127,13,17,30,3,9,12,1364,1488,2852,2852,405,0.14200561009817672
2020-12-21,86,99,185,141,147,288,316,326,642,379,424,803,290,288,578,191,220,411,188,173,361,84,82,166,18,47,65,3,6,9,1696,1812,3508,3508,693,0.1975484606613455
2020-12-22,98,101,199,182,196,378,336,401,737,430,457,887,333,323,656,217,229,446,178,203,381,84,81,165,18,33,51,4,4,8,1880,2028,3908,3908,777,0.1988229273285568
2020-12-23,115,99,214,200,186,386,357,394,751,418,444,862,298,345,643,216,201,417,143,188,331,60,77,137,26,34,60,6,10,16,1839,1978,3817,3817,790,0.2069688236835211
2020-12-24,51,56,107,89,115,204,196,219,415,263,251,514,180,160,340,102,123,225,80,98,178,57,46,103,5,19,24,1,4,5,1024,1091,2115,2115,567,0.2680851063829787
2020-12-25,36,25,61,37,36,73,62,60,122,64,78,142,50,41,91,42,46,88,22,25,47,14,10,24,7,16,23,4,4,8,338,341,679,679,409,0.6023564064801178
2020-12-26,81,64,145,181,220,401,265,298,563,372,359,731,239,299,538,202,203,405,115,145,260,68,70,138,22,31,53,1,12,13,1546,1701,3247,3247,719,0.22143517092700954
2020-12-27,53,49,102,234,233,467,264,283,547,398,398,796,327,356,683,232,247,479,166,149,315,62,83,145,18,32,50,2,10,12,1756,1840,3596,3596,434,0.1206896551724138
2020-12-28,130,95,225,274,292,566,381,472,853,554,608,1162,457,448,905,270,321,591,177,232,409,82,104,186,31,41,72,2,11,13,2358,2624,4982,4982,804,0.1613809714973906
2020-12-29,92,91,183,264,275,539,401,438,839,445,480,925,391,408,799,235,259,494,175,221,396,94,99,193,27,55,82,5,9,14,2129,2335,4464,4464,727,0.1628584229390681
2020-12-30,94,82,176,299,320,619,425,444,869,526,506,1032,374,435,809,270,328,598,177,197,374,90,94,184,33,49,82,4,8,12,2292,2463,4755,4755,1059,0.22271293375394322
2020-12-31,68,64,132,213,205,418,290,285,575,322,350,672,261,318,579,167,177,344,86,97,183,46,62,108,13,28,41,0,6,6,1466,1592,3058,3058,646,0.21124918247220406
2021-01-01,28,21,49,47,50,97,53,80,133,78,89,167,54,70,124,50,53,103,26,33,59,16,22,38,5,15,20,1,4,5,358,437,795,795,350,0.44025157232704404
2021-01-02,75,61,136,193,204,397,276,317,593,322,377,699,283,294,577,195,211,406,170,168,338,80,90,170,15,36,51,4,7,11,1613,1765,3378,3378,640,0.18946121965660154
2021-01-03,55,67,122,261,264,525,413,433,846,533,562,1095,418,472,890,269,325,594,199,224,423,79,114,193,27,35,62,3,7,10,2257,2503,4760,4760,518,0.10882352941176471
2021-01-04,87,86,173,257,243,500,553,611,1164,599,627,1226,418,461,879,284,326,610,222,228,450,108,115,223,28,62,90,5,10,15,2561,2769,5330,5330,759,0.14240150093808632
2021-01-05,93,93,186,297,305,602,556,679,1235,609,669,1278,470,507,977,301,329,630,225,302,527,113,132,245,31,60,91,6,10,16,2701,3086,5787,5786,803,0.13878326996197718
2021-01-06,95,82,177,328,298,626,546,560,1106,599,581,1180,489,509,998,328,360,688,232,254,486,113,133,246,29,60,89,4,14,18,2763,2851,5614,5613,831,0.14804917156600747
2021-01-07,88,79,167,241,248,489,424,501,925,498,483,981,348,376,724,237,288,525,180,226,406,83,123,206,27,50,77,2,11,13,2128,2385,4513,4513,785,0.17394194549080436
2021-01-08,89,89,178,276,262,538,441,472,913,418,497,915,325,436,761,249,287,536,139,190,329,86,110,196,32,37,69,4,6,10,2059,2386,4445,4444,959,0.2157965796579658
2021-01-09,68,68,136,235,242,477,383,464,847,447,516,963,348,402,750,228,266,494,142,211,353,63,83,146,22,41,63,0,9,9,1936,2302,4238,4236,735,0.17351274787535412
2021-01-10,70,71,141,279,263,542,373,421,794,418,484,902,358,398,756,214,274,488,133,152,285,46,82,128,12,33,45,2,10,12,1905,2188,4093,4093,493,0.12044954800879551
2021-01-11,94,69,163,287,321,608,525,553,1078,520,574,1094,396,434,830,250,324,574,168,217,385,90,93,183,20,30,50,1,8,9,2351,2623,4974,4974,769,0.15460394049055087
2021-01-12,97,73,170,250,289,539,397,513,910,389,466,855,316,382,698,240,295,535,185,154,339,68,92,160,32,37,69,3,10,13,1977,2311,4288,4288,636,0.14832089552238806
2021-01-13,127,104,231,291,326,617,489,546,1035,461,513,974,387,409,796,261,346,607,193,222,415,85,102,187,20,48,68,4,4,8,2318,2620,4938,4938,714,0.1445929526123937
2021-01-14,89,100,189,301,330,631,436,482,918,434,528,962,336,419,755,267,317,584,167,205,372,72,93,165,20,40,60,3,9,12,2125,2523,4648,4647,778,0.16741984075747796
2021-01-15,122,90,212,481,481,962,538,625,1163,682,737,1419,523,630,1153,390,432,822,211,237,448,85,124,209,20,48,68,2,8,10,3054,3412,6466,6466,867,0.13408598824621096
2021-01-16,69,52,121,564,539,1103,455,563,1018,623,691,1314,590,668,1258,387,398,785,214,263,477,105,115,220,27,44,71,1,9,10,3035,3342,6377,6377,634,0.09941978986984476
2021-01-17,65,44,109,452,491,943,462,554,1016,561,624,1185,603,707,1310,375,374,749,164,184,348,84,92,176,19,29,48,2,3,5,2787,3102,5889,5889,482,0.08184751231108847
2021-01-18,92,88,180,529,534,1063,600,659,1259,684,737,1421,666,695,1361,446,476,922,271,310,581,121,136,257,36,58,94,2,4,6,3447,3697,7144,7144,643,0.09000559910414334
2021-01-19,104,85,189,503,541,1044,550,613,1163,672,732,1404,649,693,1342,432,480,912,267,317,584,110,154,264,23,50,73,5,14,19,3315,3679,6994,6994,544,0.07778095510437517
2021-01-20,101,88,189,466,482,948,505,574,1079,587,624,1211,560,603,1163,409,443,852,279,305,584,138,156,294,27,44,71,4,13,17,3076,3332,6408,6408,495,0.07724719101123595
2021-01-21,116,80,196,339,407,746,525,504,1029,484,561,1045,416,516,932,297,392,689,205,241,446,92,108,200,29,55,84,5,21,26,2508,2885,5393,5393,657,0.1218245874281476
2021-01-22,81,82,163,393,371,764,385,479,864,389,505,894,390,469,859,286,307,593,179,215,394,100,113,213,22,45,67,3,3,6,2228,2589,4817,4817,592,0.1228980693377621
2021-01-23,47,46,93,399,405,804,414,483,897,425,505,930,416,413,829,303,342,645,128,175,303,55,70,125,19,32,51,2,3,5,2208,2474,4682,4682,425,0.09077317385732593
2021-01-24,61,51,112,471,499,970,438,474,912,445,514,959,529,530,1059,340,345,685,182,197,379,63,86,149,23,35,58,2,5,7,2554,2736,5290,5290,345,0.06521739130434782
2021-01-25,88,98,186,568,556,1124,610,644,1254,609,651,1260,549,638,1187,388,428,816,231,242,473,116,131,247,38,62,100,8,18,26,3205,3468,6673,6673,503,0.07537839052899745
2021-01-26,124,83,207,477,472,949,471,545,1016,491,525,1016,503,516,1019,322,400,722,199,265,464,114,126,240,33,63,96,4,11,15,2738,3006,5744,5744,558,0.09714484679665739
2021-01-27,117,103,220,442,433,875,463,503,966,486,563,1049,420,512,932,324,357,681,200,209,409,82,94,176,38,58,96,1,17,18,2573,2849,5422,5422,490,0.09037255625230542
2021-01-28,89,88,177,367,372,739,356,426,782,399,450,849,379,423,802,276,318,594,193,227,420,103,110,213,30,48,78,5,14,19,2197,2476,4673,4673,584,0.12497325058848706
2021-01-29,67,93,160,510,498,1008,494,547,1041,573,643,1216,533,607,1140,389,417,806,233,277,510,96,139,235,24,55,79,2,7,9,2921,3283,6204,6203,729,0.11752377881670159
2021-01-30,59,44,103,691,710,1401,468,561,1029,604,716,1320,700,830,1530,474,468,942,214,295,509,106,138,244,23,43,66,2,9,11,3341,3814,7155,7155,487,0.06806429070580014
2021-01-31,60,57,117,976,1059,2035,583,667,1250,742,941,1683,1038,1138,2176,604,660,1264,282,298,580,110,140,250,25,48,73,2,10,12,4422,5018,9440,9440,307,0.03252118644067797
2021-02-01,80,78,158,861,899,1760,569,703,1272,770,874,1644,910,1031,1941,594,603,1197,314,371,685,117,190,307,38,47,85,1,11,12,4254,4807,9061,9061,544,0.0600375234521576
2021-02-02,88,87,175,693,768,1461,524,595,1119,696,827,1523,816,923,1739,576,604,1180,365,368,733,185,222,407,42,59,101,3,12,15,3988,4465,8453,8453,458,0.0541819472376671
2021-02-03,59,81,140,581,535,1116,449,577,1026,595,679,1274,618,711,1329,411,490,901,301,332,633,139,176,315,34,66,100,4,11,15,3191,3658,6849,6849,456,0.06657906263688129
2021-02-04,74,79,153,320,344,664,337,468,805,429,494,923,343,522,865,328,381,709,178,246,424,97,143,240,28,43,71,4,16,20,2138,2736,4874,4874,429,0.08801805498563808
2021-02-05,82,80,162,315,307,622,345,417,762,376,449,825,340,402,742,269,307,576,181,214,395,103,130,233,19,50,69,1,8,9,2031,2364,4395,4395,635,0.14448236632536973
2021-02-06,52,45,97,348,382,730,322,400,722,392,516,908,366,478,844,321,335,656,161,183,344,75,95,170,22,37,59,0,8,8,2059,2479,4538,4538,467,0.10290877038342883
2021-02-07,58,60,118,375,392,767,329,350,679,413,483,896,388,482,870,289,332,621,164,164,328,84,97,181,17,28,45,6,4,10,2123,2392,4515,4515,273,0.06046511627906977
2021-02-08,88,79,167,506,580,1086,490,558,1048,593,759,1352,630,737,1367,349,418,767,233,272,505,105,128,233,29,66,95,3,19,22,3026,3616,6642,6642,579,0.08717253839205058
2021-02-09,90,68,158,422,450,872,440,505,945,571,639,1210,517,628,1145,380,430,810,251,277,528,119,146,265,34,52,86,5,14,19,2829,3209,6038,6038,422,0.06989069228221265
2021-02-10,78,60,138,323,323,646,367,447,814,481,569,1050,448,497,945,275,360,635,202,248,450,109,116,225,28,48,76,0,12,12,2311,2680,4991,4991,375,0.07513524343818874
2021-02-11,71,61,132,293,315,608,328,443,771,424,527,951,403,496,899,228,353,581,188,212,400,97,115,212,28,45,73,4,6,10,2064,2573,4637,4637,347,0.07483286607720509
2021-02-12,72,67,139,319,353,672,338,368,706,465,522,987,414,543,957,286,347,633,180,233,413,101,119,220,31,49,80,1,10,11,2207,2611,4818,4818,523,0.10855126608551266
2021-02-13,58,40,98,433,463,896,338,399,737,540,647,1187,555,707,1262,324,395,719,196,204,400,72,105,177,22,28,50,5,12,17,2543,3000,5543,5543,454,0.08190510553851704
2021-02-14,44,36,80,433,462,895,282,385,667,516,654,1170,614,723,1337,320,383,703,194,220,414,91,112,203,15,30,45,1,12,13,2510,3017,5527,5526,289,0.052298226565327545
2021-02-15,38,60,98,560,582,1142,420,509,929,666,848,1514,751,845,1596,425,469,894,202,247,449,99,119,218,22,53,75,2,12,14,3185,3744,6929,6929,370,0.0533987588396594
2021-02-16,58,41,99,563,541,1104,534,715,1249,765,891,1656,767,900,1667,395,429,824,202,221,423,88,131,219,15,38,53,8,5,13,3395,3912,7307,7307,346,0.04735185438620501
2021-02-17,78,90,168,426,433,859,630,754,1384,661,759,1420,540,597,1137,360,420,780,298,319,617,119,142,261,19,55,74,6,10,16,3137,3579,6716,6716,416,0.061941631923764146
2021-02-18,78,69,147,342,400,742,550,633,1183,593,688,1281,481,603,1084,345,387,732,240,281,521,121,156,277,35,56,91,4,7,11,2789,3280,6069,6069,469,0.07727797001153403
2021-02-19,85,57,142,308,395,703,462,540,1002,545,673,1218,456,579,1035,353,427,780,224,263,487,117,159,276,28,43,71,2,7,9,2580,3143,5723,5723,537,0.09383190634282719
2021-02-20,67,52,119,285,341,626,434,488,922,432,602,1034,415,537,952,296,392,688,159,253,412,85,112,197,24,34,58,4,3,7,2201,2814,5015,5015,427,0.08514456630109671
2021-02-21,77,49,126,268,337,605,377,519,896,523,638,1161,429,531,960,279,360,639,192,237,429,76,105,181,22,31,53,2,10,12,2245,2817,5062,5062,361,0.07131568549980245
2021-02-22,102,106,208,301,396,697,473,630,1103,555,717,1272,448,580,1028,328,412,740,237,281,518,109,122,231,44,39,83,3,8,11,2600,3291,5891,5891,448,0.07604820913257511
2021-02-23,104,89,193,259,302,561,420,557,977,494,583,1077,414,503,917,301,375,676,234,274,508,114,139,253,36,52,88,7,13,20,2383,2887,5270,5270,397,0.07533206831119545
2021-02-24,87,109,196,255,306,561,351,439,790,416,495,911,340,414,754,274,326,600,208,230,438,102,126,228,31,52,83,4,11,15,2068,2508,4576,4576,390,0.08522727272727272
2021-02-25,128,112,240,200,235,435,364,432,796,401,428,829,304,371,675,217,297,514,177,224,401,91,119,210,25,40,65,5,14,19,1912,2272,4184,4182,398,0.09516977522716404
2021-02-26,106,93,199,187,252,439,380,497,877,436,492,928,329,447,776,255,332,587,187,280,467,94,124,218,23,43,66,2,16,18,1999,2576,4575,4575,390,0.08524590163934426
2021-02-27,72,67,139,225,307,532,376,475,851,521,522,1043,328,422,750,318,384,702,229,271,500,97,115,212,30,53,83,1,10,11,2197,2626,4823,4823,442,0.09164420485175202
2021-02-28,81,72,153,308,356,664,422,553,975,613,715,1328,493,576,1069,406,516,922,289,351,640,153,159,312,27,50,77,2,7,9,2794,3355,6149,6149,368,0.059847129614571476
2021-03-01,146,134,280,234,260,494,372,468,840,435,480,915,341,408,749,238,300,538,201,241,442,86,143,229,24,53,77,4,14,18,2081,2501,4582,4582,474,0.10344827586206896
2021-03-02,153,139,292,244,300,544,376,435,811,401,509,910,357,365,722,237,349,586,173,221,394,96,86,182,35,52,87,4,8,12,2076,2464,4540,4540,398,0.08766519823788546
2021-03-03,151,123,274,192,238,430,277,399,676,353,439,792,285,362,647,250,310,560,216,250,466,100,134,234,22,40,62,1,12,13,1847,2307,4154,4154,529,0.1273471352912855
2021-03-04,141,133,274,188,228,416,294,375,669,327,391,718,272,342,614,189,293,482,194,275,469,95,151,246,33,55,88,6,20,26,1739,2263,4002,4002,529,0.13218390804597702
2021-03-05,136,136,272,208,235,443,313,464,777,394,470,864,278,353,631,246,338,584,190,212,402,96,127,223,28,45,73,0,10,10,1889,2390,4279,4279,548,0.12806730544519748
2021-03-06,100,92,192,136,173,309,279,366,645,340,393,733,246,317,563,185,243,428,136,162,298,70,98,168,23,31,54,3,9,12,1518,1884,3402,3402,563,0.16549088771310994
2021-03-07,107,96,203,175,223,398,343,455,798,415,498,913,279,365,644,245,353,598,229,260,489,90,110,200,26,41,67,4,4,8,1913,2405,4318,4317,444,0.10284920083391244
2021-03-08,189,165,354,271,396,667,488,667,1155,615,701,1316,471,554,1025,408,531,939,333,350,683,150,166,316,28,57,85,5,15,20,2958,3602,6560,6557,604,0.0921152966295562
2021-03-09,232,206,438,286,344,630,526,640,1166,669,764,1433,468,590,1058,404,530,934,360,468,828,182,184,366,38,63,101,7,15,22,3172,3804,6976,6976,640,0.09174311926605505
2021-03-10,244,214,458,325,376,701,514,636,1150,684,804,1488,440,628,1068,423,562,985,346,371,717,136,171,307,40,61,101,4,12,16,3156,3835,6991,6991,872,0.12473179802603347
2021-03-11,196,210,406,241,312,553,429,644,1073,494,688,1182,387,558,945,312,410,722,232,319,551,136,131,267,33,49,82,5,16,21,2465,3337,5802,5802,927,0.15977249224405377
2021-03-12,252,239,491,303,431,734,505,772,1277,660,876,1536,486,647,1133,343,548,891,316,381,697,160,162,322,42,69,111,3,16,19,3070,4141,7211,7210,1008,0.13980582524271845
2021-03-13,161,140,301,226,296,522,498,669,1167,601,689,1290,385,523,908,357,485,842,308,335,643,120,133,253,25,48,73,5,4,9,2686,3322,6008,6008,791,0.1316577896138482
2021-03-14,151,189,340,242,276,518,451,718,1169,635,756,1391,400,601,1001,424,547,971,286,364,650,118,154,272,23,55,78,5,11,16,2735,3671,6406,6406,610,0.09522322822354043
2021-03-15,314,269,583,349,400,749,616,872,1488,734,884,1618,533,780,1313,451,635,1086,382,442,824,146,210,356,38,66,104,6,13,19,3569,4571,8140,8140,909,0.11167076167076168
2021-03-16,272,267,539,342,414,756,512,693,1205,734,820,1554,507,594,1101,424,540,964,333,404,737,155,171,326,35,69,104,8,20,28,3322,3992,7314,7314,767,0.10486737763193875
2021-03-17,238,203,441,317,405,722,541,732,1273,601,739,1340,433,583,1016,370,510,880,322,381,703,129,168,297,36,51,87,3,14,17,2990,3786,6776,6775,808,0.1192619926199262
2021-03-18,194,186,380,248,330,578,468,623,1091,551,641,1192,387,500,887,276,395,671,257,289,546,119,154,273,19,50,69,6,12,18,2525,3180,5705,5705,785,0.1375985977212971
2021-03-19,210,217,427,335,381,716,488,724,1212,589,780,1369,433,594,1027,335,491,826,249,300,549,112,135,247,29,43,72,7,10,17,2787,3675,6462,6462,1069,0.16542865985762922
2021-03-20,109,101,210,231,281,512,406,556,962,518,625,1143,370,450,820,304,411,715,258,258,516,105,112,217,22,33,55,10,8,18,2333,2835,5168,5163,751,0.14545806701530117
2021-03-21,144,133,277,197,261,458,443,590,1033,591,656,1247,367,491,858,337,444,781,239,294,533,76,112,188,28,34,62,2,10,12,2424,3025,5449,5449,622,0.1141493852082951
2021-03-22,239,249,488,345,362,707,565,792,1357,725,851,1576,500,652,1152,415,572,987,289,365,654,142,164,306,37,85,122,5,37,42,3262,4129,7391,7391,921,0.12461101339466919
2021-03-23,227,211,438,336,392,728,515,703,1218,607,794,1401,466,554,1020,399,483,882,317,413,730,159,170,329,33,51,84,3,21,24,3062,3792,6854,6854,930,0.13568718996206594
2021-03-24,156,149,305,316,314,630,437,556,993,512,628,1140,372,479,851,277,387,664,199,213,412,93,123,216,21,67,88,2,24,26,2385,2940,5325,5325,826,0.15511737089201877
2021-03-25,177,165,342,337,428,765,464,701,1165,602,776,1378,489,633,1122,363,469,832,233,302,535,113,127,240,41,62,103,6,16,22,2825,3679,6504,6504,796,0.12238622386223862
2021-03-26,224,214,438,357,468,825,539,815,1354,650,806,1456,478,691,1169,346,519,865,258,325,583,140,153,293,34,57,91,3,17,20,3029,4065,7094,7094,926,0.13053284465745701
2021-03-27,158,152,310,235,324,559,464,602,1066,582,723,1305,406,574,980,329,479,808,269,289,558,111,132,243,28,50,78,6,7,13,2588,3332,5920,5920,873,0.14746621621621622
2021-03-28,125,122,247,229,300,529,405,615,1020,579,753,1332,435,538,973,337,500,837,237,262,499,81,78,159,24,38,62,4,11,15,2456,3217,5673,5673,749,0.1320289088665609
2021-03-29,222,216,438,386,401,787,535,780,1315,671,818,1489,483,683,1166,397,505,902,257,339,596,99,101,200,20,43,63,3,11,14,3073,3897,6970,6970,927,0.13299856527977044
2021-03-30,210,193,403,340,382,722,488,715,1203,601,818,1419,436,614,1050,344,462,806,237,275,512,86,101,187,32,45,77,5,13,18,2779,3618,6397,6395,955,0.1493354182955434
2021-03-31,176,151,327,321,336,657,551,771,1322,619,850,1469,444,658,1102,297,453,750,156,179,335,54,70,124,26,35,61,1,10,11,2645,3513,6158,6158,1033,0.1677492692432608
2021-04-01,139,162,301,356,402,758,562,699,1261,646,769,1415,414,616,1030,334,437,771,208,247,455,73,108,181,20,27,47,4,11,15,2756,3478,6234,6234,1232,0.1976259223612448
2021-04-02,163,120,283,293,377,670,503,656,1159,568,689,1257,427,578,1005,315,440,755,201,205,406,73,79,152,20,33,53,3,14,17,2566,3191,5757,5757,1027,0.1783915233628626
2021-04-03,128,123,251,320,418,738,541,645,1186,615,726,1341,464,670,1134,356,427,783,215,255,470,85,97,182,26,49,75,5,9,14,2755,3419,6174,6174,1124,0.18205377389050859
2021-04-04,167,134,301,666,759,1425,843,1183,2026,1088,1405,2493,889,1120,2009,556,682,1238,268,285,553,77,88,165,26,39,65,2,10,12,4582,5705,10287,10287,1006,0.09779333138913192
2021-04-05,205,219,424,773,915,1688,1059,1465,2524,1222,1519,2741,1081,1380,2461,632,775,1407,334,387,721,122,131,253,29,58,87,4,12,16,5461,6861,12322,12322,1205,0.09779256614186009
2021-04-06,241,241,482,649,711,1360,1067,1268,2335,1178,1449,2627,948,1124,2072,662,814,1476,433,516,949,166,176,342,37,69,106,3,16,19,5384,6384,11768,11767,1406,0.11948670009348177
2021-04-07,247,243,490,665,709,1374,1028,1248,2276,1077,1311,2388,929,1169,2098,609,843,1452,345,434,779,132,161,293,29,59,88,0,15,15,5061,6192,11253,11249,1356,0.1205440483598542
2021-04-08,229,184,413,509,592,1101,861,1212,2073,1009,1250,2259,772,967,1739,529,778,1307,328,350,678,108,141,249,31,55,86,2,12,14,4378,5541,9919,9919,1426,0.1437644923883456
2021-04-09,166,166,332,337,386,723,536,757,1293,532,714,1246,455,596,1051,285,444,729,184,219,403,72,98,170,13,41,54,1,8,9,2581,3429,6010,6009,1344,0.2236645032451323
2021-04-10,134,124,258,331,444,775,552,748,1300,680,789,1469,495,673,1168,341,475,816,205,222,427,45,72,117,14,28,42,3,4,7,2800,3579,6379,6378,950,0.14894951395421763
2021-04-11,123,132,255,288,374,662,480,623,1103,626,783,1409,527,674,1201,341,491,832,195,194,389,52,51,103,20,29,49,2,6,8,2654,3357,6011,6011,826,0.13741473964398604
2021-04-12,221,212,433,364,388,752,577,751,1328,633,848,1481,539,766,1305,411,562,973,205,269,474,75,110,185,25,52,77,5,12,17,3055,3970,7025,7022,1151,0.16391341498148676
2021-04-13,194,148,342,324,345,669,585,766,1351,682,885,1567,556,742,1298,417,534,951,166,195,361,72,75,147,22,30,52,5,11,16,3023,3731,6754,6754,1055,0.1562037311222979
2021-04-14,179,149,328,228,227,455,304,395,699,353,444,797,262,383,645,215,313,528,215,217,432,74,127,201,27,61,88,7,23,30,1864,2339,4203,4202,1120,0.26653974297953353
2021-04-15,192,189,381,338,447,785,606,836,1442,692,903,1595,584,898,1482,430,612,1042,224,263,487,61,103,164,25,49,74,1,15,16,3153,4315,7468,7464,1093,0.14643622722400856
2021-04-16,193,195,388,354,386,740,632,844,1476,745,914,1659,603,754,1357,413,562,975,284,312,596,76,111,187,17,30,47,6,13,19,3323,4121,7444,7442,1103,0.14821284600913734
2021-04-17,168,137,305,304,320,624,479,606,1085,642,722,1364,494,627,1121,348,403,751,172,224,396,65,101,166,22,53,75,3,6,9,2697,3199,5896,5896,927,0.15722523744911804
2021-04-18,113,146,259,229,277,506,451,573,1024,569,697,1266,503,572,1075,356,433,789,205,227,432,67,83,150,32,36,68,3,12,15,2528,3056,5584,5583,550,0.09851334408024359
2021-04-19,233,172,405,347,372,719,593,705,1298,698,857,1555,575,734,1309,400,536,936,241,304,545,82,105,187,27,69,96,2,39,41,3198,3893,7091,7091,723,0.10196023127908617
2021-04-20,196,226,422,282,314,596,487,648,1135,570,709,1279,493,676,1169,356,467,823,230,309,539,91,86,177,31,39,70,4,8,12,2740,3482,6222,6220,606,0.09742765273311897
2021-04-21,136,129,265,187,210,397,369,470,839,420,574,994,380,488,868,251,381,632,180,216,396,73,74,147,19,40,59,2,8,10,2017,2590,4607,4607,351,0.07618840894291296
2021-04-22,58,49,107,131,184,315,267,323,590,299,416,715,304,377,681,150,256,406,105,127,232,35,49,84,13,27,40,1,7,8,1363,1815,3178,3176,34,0.010705289672544081
2021-04-23,1,2,3,4,3,7,3,2,5,2,6,8,4,8,12,3,3,6,1,0,1,1,0,1,0,0,0,0,0,0,19,24,43,41,0,0.0
