FECHA,<=10M,<=10F,<=10,11-20M,11-20F,11-20,21-30M,21-30F,21-30,31-40M,31-40F,31-40,41-50M,41-50F,41-50,51-60M,51-60F,51-60,61-70M,61-70F,61-70,71-80M,71-80F,71-80,81-90M,81-90F,81-90,>=91M,>=91F,>=91,TotalM,TotalF,Total
2020-03-15,0,0,0,0,1,1,1,0,1,1,0,1,0,0,0,0,0,0,0,1,1,0,0,0,0,0,0,0,0,0,2,2,4
2020-03-16,0,0,0,0,2,2,4,1,5,4,0,4,1,0,1,0,1,1,1,1,2,0,0,0,0,0,0,0,0,0,10,5,15
2020-03-17,0,0,0,1,2,3,5,2,7,6,1,7,2,0,2,1,3,4,1,3,4,2,0,2,0,0,0,0,0,0,18,11,29
2020-03-18,0,0,0,1,2,3,7,4,11,8,4,12,3,1,4,2,3,5,1,4,5,2,0,2,0,0,0,0,0,0,24,18,42
2020-03-19,0,0,0,2,2,4,9,4,13,12,4,16,5,2,7,3,3,6,1,5,6,4,1,5,0,0,0,0,0,0,36,21,57
2020-03-20,0,0,0,2,2,4,14,4,18,14,4,18,7,2,9,5,3,8,2,6,8,4,3,7,0,1,1,0,0,0,48,25,73
2020-03-21,2,0,2,3,4,7,17,5,22,14,7,21,9,3,12,8,6,14,5,7,12,6,3,9,0,1,1,0,0,0,64,36,100
2020-03-22,2,0,2,3,5,8,19,6,25,19,7,26,13,3,16,10,10,20,7,7,14,9,4,13,0,1,1,0,0,0,82,43,125
2020-03-23,2,0,2,4,5,9,22,8,30,23,9,32,15,4,19,15,12,27,7,9,16,12,6,18,1,1,2,0,0,0,101,54,155
2020-03-24,2,0,2,4,5,9,25,13,38,32,10,42,17,5,22,17,13,30,8,9,17,13,7,20,2,1,3,0,0,0,120,63,183
2020-03-25,4,0,4,5,6,11,30,17,47,33,12,45,21,5,26,19,13,32,10,9,19,14,7,21,3,3,6,0,1,1,139,73,212
2020-03-26,4,0,4,5,7,12,31,18,49,35,13,48,23,5,28,21,17,38,13,12,25,15,8,23,4,3,7,0,1,1,151,84,235
2020-03-27,4,0,4,5,7,12,32,20,52,39,13,52,24,8,32,22,18,40,15,14,29,15,10,25,4,3,7,0,1,1,160,94,254
2020-03-28,4,0,4,5,7,12,33,21,54,40,16,56,26,9,35,23,20,43,16,15,31,16,11,27,6,3,9,0,1,1,169,103,272
2020-03-29,4,0,4,5,7,12,36,24,60,46,19,65,26,9,35,24,24,48,19,19,38,18,13,31,6,3,9,1,1,2,185,119,304
2020-03-30,4,0,4,5,8,13,41,27,68,47,21,68,29,11,40,27,24,51,22,22,44,22,14,36,6,3,9,1,2,3,204,132,336
2020-03-31,5,0,5,5,9,14,43,30,73,49,21,70,32,12,44,32,24,56,24,23,47,25,18,43,6,5,11,1,3,4,222,145,367
2020-04-01,5,0,5,6,10,16,45,34,79,52,27,79,35,14,49,34,28,62,28,25,53,25,19,44,6,6,12,1,3,4,237,166,403
2020-04-02,5,0,5,6,10,16,46,36,82,55,30,85,37,15,52,36,31,67,31,25,56,32,22,54,6,9,15,2,6,8,256,184,440
2020-04-03,5,0,5,6,10,16,49,38,87,56,31,87,40,16,56,36,35,71,32,28,60,34,22,56,6,10,16,2,7,9,266,197,463
2020-04-04,5,2,7,6,10,16,51,40,91,57,31,88,40,18,58,38,35,73,33,30,63,34,22,56,6,11,17,3,7,10,273,206,479
2020-04-05,6,2,8,6,10,16,51,42,93,59,32,91,40,22,62,38,36,74,34,30,64,36,23,59,7,11,18,3,7,10,280,215,495
2020-04-06,6,2,8,6,10,16,52,44,96,62,35,97,41,23,64,39,40,79,37,32,69,38,25,63,7,12,19,3,7,10,291,230,521
2020-04-07,6,2,8,6,11,17,55,44,99,63,40,103,42,23,65,41,42,83,38,32,70,39,27,66,8,12,20,5,7,12,303,240,543
2020-04-08,8,2,10,7,11,18,56,46,102,64,46,110,43,25,68,43,42,85,39,32,71,41,28,69,8,12,20,5,7,12,314,251,565
2020-04-09,8,2,10,7,12,19,57,46,103,69,46,115,43,26,69,44,42,86,39,33,72,41,28,69,8,12,20,5,7,12,321,254,575
2020-04-10,8,2,10,7,12,19,57,47,104,73,49,122,43,26,69,45,42,87,39,33,72,41,28,69,8,12,20,5,7,12,326,258,584
2020-04-11,8,2,10,7,12,19,57,48,105,74,50,124,43,28,71,46,42,88,39,33,72,41,28,69,10,13,23,5,7,12,330,263,593
2020-04-12,8,2,10,7,12,19,58,48,106,77,54,131,43,28,71,46,44,90,39,33,72,41,29,70,11,14,25,5,7,12,335,271,606
2020-04-13,9,2,11,7,12,19,60,49,109,79,57,136,46,29,75,46,47,93,39,35,74,42,30,72,11,14,25,5,7,12,344,282,626
2020-04-14,9,2,11,7,12,19,63,51,114,83,58,141,47,31,78,48,48,96,42,36,78,44,31,75,11,14,25,5,8,13,359,291,650
2020-04-15,9,2,11,7,13,20,63,51,114,85,60,145,49,32,81,48,49,97,42,36,78,44,31,75,11,15,26,5,8,13,363,297,660
2020-04-16,9,2,11,7,13,20,63,53,116,89,62,151,50,32,82,51,51,102,43,36,79,47,32,79,11,21,32,6,9,15,376,311,687
2020-04-17,9,2,11,7,13,20,65,55,120,91,66,157,51,33,84,52,52,104,44,37,81,47,33,80,13,25,38,6,10,16,385,326,711
2020-04-18,9,3,12,7,13,20,66,56,122,91,67,158,53,35,88,53,53,106,46,38,84,48,34,82,14,30,44,6,13,19,393,342,735
2020-04-19,9,3,12,7,13,20,69,57,126,95,70,165,53,39,92,54,53,107,46,40,86,49,36,85,15,32,47,6,16,22,403,359,762
2020-04-20,9,3,12,7,13,20,69,58,127,97,71,168,55,40,95,57,56,113,47,40,87,49,39,88,18,33,51,7,17,24,415,370,785
2020-04-21,9,7,16,7,13,20,69,62,131,98,76,174,56,44,100,58,58,116,49,41,90,49,42,91,21,35,56,8,22,30,424,400,824
2020-04-22,10,7,17,8,14,22,77,69,146,102,81,183,59,47,106,60,63,123,51,42,93,51,49,100,24,41,65,13,28,41,455,441,896
2020-04-23,16,10,26,9,15,24,85,73,158,105,86,191,62,51,113,61,63,124,54,46,100,53,52,105,32,42,74,13,31,44,490,469,959
2020-04-24,18,10,28,9,18,27,90,79,169,112,91,203,65,53,118,63,69,132,57,47,104,53,52,105,34,45,79,13,31,44,514,495,1009
2020-04-25,21,11,32,11,19,30,90,82,172,115,94,209,68,59,127,65,69,134,58,48,106,53,52,105,35,47,82,13,31,44,529,512,1041
2020-04-26,23,13,36,12,19,31,90,86,176,118,97,215,69,60,129,65,69,134,58,48,106,53,53,106,36,48,84,13,31,44,537,524,1061
2020-04-27,25,15,40,14,21,35,93,94,187,123,106,229,76,65,141,67,72,139,61,48,109,55,54,109,40,50,90,13,32,45,567,557,1124
2020-04-28,25,15,40,16,22,38,94,97,191,131,108,239,77,68,145,71,72,143,63,49,112,58,54,112,41,55,96,13,34,47,589,574,1163
2020-04-29,26,17,43,18,25,43,97,99,196,135,109,244,81,73,154,72,74,146,64,50,114,60,55,115,41,58,99,13,34,47,607,594,1201
2020-04-30,29,17,46,18,30,48,99,100,199,143,114,257,85,76,161,76,75,151,65,50,115,61,55,116,41,59,100,13,34,47,630,610,1240
2020-05-01,33,20,53,22,31,53,104,108,212,145,119,264,87,79,166,80,77,157,66,51,117,61,55,116,41,60,101,14,34,48,653,634,1287
2020-05-02,38,22,60,25,36,61,109,116,225,149,124,273,89,80,169,80,78,158,66,51,117,62,55,117,41,61,102,14,34,48,673,657,1330
2020-05-03,39,23,62,32,37,69,111,123,234,151,132,283,91,81,172,83,78,161,67,53,120,62,55,117,42,62,104,14,34,48,692,678,1370
2020-05-04,41,27,68,36,40,76,117,130,247,160,141,301,94,88,182,86,79,165,69,53,122,62,55,117,43,65,108,14,34,48,722,712,1434
2020-05-05,45,33,78,40,48,88,125,142,267,177,150,327,101,103,204,92,83,175,70,57,127,64,58,122,49,76,125,15,40,55,778,790,1568
2020-05-06,47,39,86,43,53,96,134,150,284,188,163,351,108,108,216,95,83,178,73,58,131,65,60,125,50,77,127,16,41,57,819,832,1651
2020-05-07,53,47,100,49,57,106,145,168,313,201,174,375,116,114,230,101,87,188,74,62,136,65,61,126,53,78,131,16,43,59,873,891,1764
2020-05-08,66,57,123,58,68,126,160,187,347,216,192,408,132,126,258,107,89,196,80,65,145,68,61,129,54,82,136,17,43,60,958,970,1928
2020-05-09,68,61,129,60,74,134,170,196,366,231,209,440,146,131,277,114,95,209,84,67,151,69,63,132,54,82,136,18,43,61,1014,1021,2035
2020-05-10,73,66,139,66,80,146,184,206,390,260,224,484,179,134,313,139,101,240,87,70,157,69,65,134,55,82,137,18,43,61,1130,1071,2201
2020-05-11,82,74,156,70,88,158,196,216,412,278,242,520,189,145,334,143,103,246,91,73,164,70,66,136,56,85,141,18,44,62,1193,1136,2329
2020-05-12,90,92,182,78,98,176,225,250,475,303,262,565,202,160,362,155,111,266,98,76,174,73,72,145,56,86,142,21,46,67,1301,1253,2554
2020-05-13,99,99,198,89,108,197,249,267,516,321,280,601,220,175,395,165,121,286,105,83,188,74,74,148,56,88,144,21,49,70,1399,1344,2743
2020-05-14,119,123,242,107,129,236,276,296,572,338,302,640,237,190,427,180,134,314,110,87,197,75,75,150,56,89,145,21,49,70,1519,1474,2993
2020-05-15,134,142,276,113,144,257,296,317,613,357,326,683,256,206,462,190,145,335,112,90,202,77,78,155,56,90,146,22,50,72,1613,1588,3201
2020-05-16,147,153,300,123,156,279,318,345,663,372,345,717,279,224,503,200,155,355,116,93,209,79,81,160,58,92,150,22,54,76,1714,1698,3412
2020-05-17,163,163,326,140,173,313,346,361,707,402,363,765,292,236,528,214,166,380,118,101,219,81,82,163,62,97,159,22,55,77,1840,1797,3637
2020-05-18,187,187,374,159,190,349,394,410,804,433,408,841,316,255,571,231,189,420,127,107,234,89,87,176,65,103,168,23,57,80,2024,1993,4017
2020-05-19,216,214,430,178,212,390,434,453,887,474,442,916,336,277,613,245,198,443,133,115,248,90,89,179,67,108,175,24,59,83,2197,2167,4364
2020-05-20,237,231,468,192,238,430,479,498,977,501,477,978,364,301,665,268,216,484,143,123,266,92,95,187,69,113,182,24,60,84,2369,2352,4721
2020-05-21,258,254,512,219,254,473,514,544,1058,550,513,1063,390,330,720,289,230,519,155,124,279,98,100,198,71,115,186,24,63,87,2568,2527,5095
2020-05-22,276,264,540,235,274,509,548,592,1140,585,543,1128,423,364,787,306,243,549,166,133,299,98,104,202,72,115,187,25,64,89,2734,2696,5430
2020-05-23,295,295,590,256,299,555,583,625,1208,612,571,1183,457,386,843,322,263,585,172,138,310,100,106,206,74,125,199,25,66,91,2896,2874,5770
2020-05-24,310,308,618,268,311,579,611,657,1268,636,599,1235,489,405,894,337,275,612,177,140,317,101,110,211,77,126,203,26,67,93,3032,2998,6030
2020-05-25,333,327,660,284,328,612,643,688,1331,660,631,1291,515,424,939,350,289,639,183,149,332,106,120,226,78,133,211,27,68,95,3179,3157,6336
2020-05-26,356,346,702,310,356,666,683,735,1418,708,669,1377,545,453,998,377,316,693,193,155,348,108,126,234,79,139,218,29,75,104,3388,3370,6758
2020-05-27,388,361,749,333,384,717,727,789,1516,755,711,1466,576,485,1061,404,334,738,199,164,363,116,134,250,82,143,225,29,78,107,3609,3583,7192
2020-05-28,421,377,798,357,413,770,776,844,1620,797,746,1543,606,525,1131,424,354,778,211,175,386,121,146,267,95,165,260,33,92,125,3841,3837,7678
2020-05-29,447,417,864,381,446,827,807,890,1697,847,778,1625,626,556,1182,443,370,813,222,185,407,131,157,288,98,175,273,33,99,132,4035,4073,8108
2020-05-30,459,435,894,407,472,879,837,926,1763,875,813,1688,642,571,1213,458,379,837,228,191,419,134,162,296,100,178,278,34,100,134,4174,4227,8401
2020-05-31,465,447,912,418,491,909,870,953,1823,895,840,1735,663,599,1262,473,395,868,234,195,429,141,167,308,107,180,287,36,100,136,4302,4367,8669
2020-06-01,486,464,950,436,520,956,909,992,1901,937,877,1814,703,632,1335,490,421,911,239,206,445,148,175,323,113,187,300,37,100,137,4498,4574,9072
2020-06-02,521,487,1008,466,545,1011,955,1039,1994,975,925,1900,732,658,1390,508,441,949,260,217,477,160,179,339,115,205,320,41,110,151,4733,4806,9539
2020-06-03,543,512,1055,483,566,1049,994,1094,2088,1024,963,1987,765,687,1452,532,466,998,276,232,508,169,192,361,118,213,331,44,113,157,4948,5038,9986
2020-06-04,566,543,1109,503,591,1094,1036,1156,2192,1061,1008,2069,789,716,1505,558,488,1046,288,237,525,174,198,372,118,218,336,47,121,168,5140,5276,10416
2020-06-05,607,567,1174,538,616,1154,1080,1217,2297,1111,1058,2169,821,748,1569,580,508,1088,302,251,553,180,211,391,123,225,348,47,124,171,5389,5525,10914
2020-06-06,628,588,1216,555,642,1197,1118,1260,2378,1165,1090,2255,848,785,1633,598,525,1123,309,259,568,186,219,405,125,238,363,49,132,181,5581,5738,11319
2020-06-07,644,609,1253,575,658,1233,1154,1302,2456,1197,1117,2314,879,809,1688,613,538,1151,314,268,582,189,226,415,128,254,382,49,137,186,5742,5918,11660
2020-06-08,677,651,1328,603,693,1296,1211,1365,2576,1262,1173,2435,919,854,1773,658,567,1225,333,279,612,203,239,442,139,265,404,50,144,194,6055,6230,12285
2020-06-09,706,676,1382,635,726,1361,1257,1424,2681,1326,1247,2573,973,899,1872,693,606,1299,350,294,644,221,249,470,146,278,424,50,151,201,6357,6550,12907
2020-06-10,726,699,1425,658,755,1413,1316,1488,2804,1385,1312,2697,1031,939,1970,717,635,1352,366,310,676,238,265,503,153,308,461,51,167,218,6641,6878,13519
2020-06-11,760,727,1487,684,796,1480,1404,1575,2979,1455,1365,2820,1081,992,2073,758,659,1417,383,328,711,251,276,527,159,319,478,51,173,224,6986,7210,14196
2020-06-12,805,768,1573,718,836,1554,1462,1651,3113,1516,1424,2940,1139,1044,2183,795,683,1478,401,350,751,265,287,552,163,323,486,52,178,230,7316,7544,14860
2020-06-13,842,789,1631,739,877,1616,1518,1708,3226,1566,1474,3040,1173,1089,2262,821,707,1528,419,362,781,275,300,575,167,339,506,55,189,244,7575,7834,15409
2020-06-14,863,815,1678,760,893,1653,1549,1753,3302,1610,1510,3120,1198,1113,2311,842,726,1568,431,374,805,280,310,590,171,354,525,55,195,250,7759,8043,15802
2020-06-15,892,833,1725,788,914,1702,1606,1804,3410,1653,1560,3213,1240,1139,2379,859,744,1603,443,383,826,286,317,603,175,363,538,59,197,256,8001,8254,16255
2020-06-16,931,872,1803,817,947,1764,1680,1881,3561,1739,1629,3368,1304,1185,2489,897,783,1680,468,403,871,303,329,632,179,378,557,60,202,262,8378,8609,16987
2020-06-17,971,904,1875,852,987,1839,1770,1972,3742,1834,1714,3548,1371,1260,2631,958,832,1790,496,431,927,334,342,676,186,404,590,61,211,272,8833,9057,17890
2020-06-18,1002,942,1944,901,1028,1929,1865,2062,3927,1933,1806,3739,1455,1337,2792,1013,884,1897,521,447,968,345,355,700,194,419,613,62,217,279,9291,9497,18788
2020-06-19,1035,977,2012,944,1083,2027,1949,2144,4093,2029,1894,3923,1519,1386,2905,1051,927,1978,552,475,1027,370,378,748,210,440,650,63,235,298,9722,9939,19661
2020-06-20,1071,1018,2089,977,1124,2101,2019,2225,4244,2108,1954,4062,1572,1448,3020,1093,962,2055,568,494,1062,386,394,780,217,452,669,68,243,311,10079,10314,20393
2020-06-21,1094,1053,2147,1017,1156,2173,2068,2276,4344,2176,2009,4185,1608,1492,3100,1124,987,2111,587,502,1089,397,404,801,224,469,693,69,254,323,10364,10602,20966
2020-06-22,1151,1094,2245,1057,1208,2265,2172,2363,4535,2288,2092,4380,1690,1552,3242,1206,1039,2245,634,535,1169,419,434,853,243,487,730,73,264,337,10933,11068,22001
2020-06-23,1188,1133,2321,1103,1250,2353,2273,2473,4746,2373,2179,4552,1772,1625,3397,1275,1087,2362,655,559,1214,433,449,882,258,519,777,76,269,345,11406,11543,22949
2020-06-24,1219,1162,2381,1141,1296,2437,2386,2570,4956,2467,2265,4732,1852,1706,3558,1329,1134,2463,684,580,1264,451,459,910,267,536,803,79,282,361,11875,11990,23865
2020-06-25,1262,1204,2466,1189,1344,2533,2480,2675,5155,2575,2353,4928,1906,1772,3678,1384,1177,2561,710,598,1308,461,473,934,276,563,839,81,294,375,12324,12453,24777
2020-06-26,1304,1253,2557,1251,1390,2641,2566,2769,5335,2673,2448,5121,1972,1854,3826,1439,1221,2660,742,619,1361,474,490,964,286,586,872,83,304,387,12790,12934,25724
2020-06-27,1346,1289,2635,1290,1434,2724,2647,2840,5487,2736,2532,5268,2020,1906,3926,1479,1252,2731,772,640,1412,482,501,983,294,602,896,85,309,394,13151,13305,26456
2020-06-28,1376,1308,2684,1324,1457,2781,2727,2915,5642,2795,2581,5376,2086,1950,4036,1514,1291,2805,788,653,1441,489,512,1001,303,616,919,87,316,403,13489,13599,27088
2020-06-29,1402,1337,2739,1372,1507,2879,2824,3001,5825,2906,2659,5565,2165,2031,4196,1568,1341,2909,817,673,1490,505,529,1034,323,643,966,88,326,414,13970,14047,28017
2020-06-30,1432,1372,2804,1426,1544,2970,2913,3087,6000,2988,2750,5738,2239,2099,4338,1626,1385,3011,845,701,1546,527,550,1077,340,666,1006,92,341,433,14428,14495,28923
2020-07-01,1465,1408,2873,1474,1583,3057,2996,3179,6175,3084,2834,5918,2298,2150,4448,1681,1430,3111,880,732,1612,546,564,1110,358,684,1042,94,350,444,14876,14914,29790
2020-07-02,1509,1442,2951,1519,1638,3157,3078,3281,6359,3167,2934,6101,2395,2227,4622,1725,1476,3201,931,755,1686,566,588,1154,366,701,1067,96,357,453,15352,15399,30751
2020-07-03,1555,1485,3040,1573,1689,3262,3177,3377,6554,3281,3017,6298,2470,2304,4774,1792,1525,3317,964,783,1747,586,614,1200,373,725,1098,98,373,471,15869,15892,31761
2020-07-04,1583,1530,3113,1604,1718,3322,3242,3453,6695,3368,3093,6461,2543,2357,4900,1836,1569,3405,1000,812,1812,607,648,1255,379,773,1152,100,395,495,16262,16348,32610
2020-07-05,1604,1556,3160,1637,1748,3385,3299,3517,6816,3435,3148,6583,2601,2415,5016,1884,1610,3494,1035,837,1872,628,682,1310,395,806,1201,102,407,509,16620,16726,33346
2020-07-06,1635,1587,3222,1677,1782,3459,3398,3617,7015,3557,3252,6809,2698,2494,5192,1955,1667,3622,1085,874,1959,651,714,1365,407,855,1262,109,424,533,17172,17266,34438
2020-07-07,1672,1627,3299,1709,1823,3532,3509,3713,7222,3678,3347,7025,2784,2578,5362,2019,1716,3735,1119,901,2020,685,740,1425,421,882,1303,112,434,546,17708,17761,35469
2020-07-08,1714,1668,3382,1745,1864,3609,3608,3825,7433,3807,3463,7270,2866,2661,5527,2081,1796,3877,1168,932,2100,713,778,1491,440,919,1359,118,460,578,18260,18366,36626
2020-07-09,1753,1697,3450,1781,1909,3690,3678,3899,7577,3890,3571,7461,2945,2717,5662,2126,1827,3953,1208,978,2186,742,800,1542,457,962,1419,121,469,590,18701,18829,37530
2020-07-10,1789,1733,3522,1820,1943,3763,3750,3988,7738,3977,3660,7637,3019,2781,5800,2184,1886,4070,1253,1011,2264,760,819,1579,475,984,1459,123,481,604,19150,19286,38436
2020-07-11,1814,1765,3579,1848,1977,3825,3814,4062,7876,4061,3749,7810,3096,2842,5938,2243,1932,4175,1292,1032,2324,780,845,1625,482,1008,1490,127,492,619,19557,19704,39261
2020-07-12,1841,1785,3626,1877,2009,3886,3874,4115,7989,4128,3817,7945,3158,2880,6038,2293,1968,4261,1315,1058,2373,800,862,1662,500,1036,1536,129,507,636,19915,20037,39952
2020-07-13,1882,1818,3700,1929,2057,3986,3977,4236,8213,4268,3936,8204,3262,2979,6241,2377,2038,4415,1354,1090,2444,826,895,1721,519,1078,1597,136,531,667,20530,20658,41188
2020-07-14,1916,1852,3768,1968,2097,4065,4096,4344,8440,4395,4051,8446,3345,3067,6412,2443,2102,4545,1400,1128,2528,853,919,1772,531,1114,1645,143,546,689,21090,21220,42310
2020-07-15,1950,1889,3839,2014,2130,4144,4197,4459,8656,4513,4180,8693,3432,3171,6603,2520,2150,4670,1445,1162,2607,885,948,1833,544,1146,1690,148,572,720,21648,21807,43455
2020-07-16,1979,1932,3911,2069,2178,4247,4306,4559,8865,4655,4309,8964,3528,3259,6787,2592,2222,4814,1489,1196,2685,911,980,1891,565,1193,1758,156,605,761,22250,22433,44683
2020-07-17,2025,1959,3984,2100,2229,4329,4407,4698,9105,4772,4420,9192,3606,3345,6951,2662,2287,4949,1534,1229,2763,934,1009,1943,586,1242,1828,161,634,795,22787,23052,45839
2020-07-18,2057,1995,4052,2153,2265,4418,4503,4790,9293,4885,4527,9412,3692,3444,7136,2733,2340,5073,1567,1263,2830,962,1045,2007,595,1271,1866,166,647,813,23313,23587,46900
2020-07-19,2092,2038,4130,2189,2295,4484,4581,4875,9456,4979,4621,9600,3766,3516,7282,2793,2393,5186,1614,1290,2904,980,1073,2053,611,1305,1916,174,662,836,23779,24068,47847
2020-07-20,2116,2083,4199,2231,2351,4582,4725,4993,9718,5127,4761,9888,3885,3616,7501,2860,2476,5336,1678,1338,3016,1006,1110,2116,636,1338,1974,176,674,850,24440,24740,49180
2020-07-21,2164,2118,4282,2273,2395,4668,4844,5136,9980,5276,4920,10196,4009,3739,7748,2957,2566,5523,1738,1367,3105,1032,1137,2169,655,1377,2032,178,697,875,25126,25452,50578
2020-07-22,2196,2146,4342,2316,2448,4764,4990,5262,10252,5417,5047,10464,4122,3829,7951,3050,2631,5681,1791,1412,3203,1076,1170,2246,671,1407,2078,182,716,898,25811,26068,51879
2020-07-23,2229,2187,4416,2352,2492,4844,5122,5405,10527,5537,5160,10697,4221,3921,8142,3138,2690,5828,1829,1446,3275,1103,1194,2297,692,1435,2127,185,726,911,26408,26656,53064
2020-07-24,2278,2226,4504,2396,2536,4932,5259,5531,10790,5679,5290,10969,4321,4027,8348,3231,2755,5986,1868,1489,3357,1119,1215,2334,708,1479,2187,190,743,933,27049,27291,54340
2020-07-25,2303,2251,4554,2437,2563,5000,5341,5619,10960,5784,5391,11175,4418,4093,8511,3273,2806,6079,1903,1518,3421,1137,1240,2377,720,1501,2221,198,758,956,27514,27740,55254
2020-07-26,2325,2277,4602,2460,2600,5060,5410,5700,11110,5855,5476,11331,4475,4158,8633,3312,2848,6160,1938,1538,3476,1163,1263,2426,738,1538,2276,203,770,973,27879,28168,56047
2020-07-27,2354,2304,4658,2503,2641,5144,5535,5802,11337,6002,5615,11617,4561,4259,8820,3399,2928,6327,1976,1578,3554,1187,1289,2476,759,1565,2324,208,786,994,28484,28767,57251
2020-07-28,2386,2328,4714,2555,2684,5239,5659,5925,11584,6149,5750,11899,4656,4357,9013,3482,2978,6460,2012,1621,3633,1218,1317,2535,778,1598,2376,210,805,1015,29105,29363,58468
2020-07-29,2411,2361,4772,2609,2732,5341,5770,6047,11817,6264,5869,12133,4756,4463,9219,3540,3047,6587,2061,1645,3706,1247,1344,2591,801,1634,2435,216,822,1038,29675,29964,59639
2020-07-30,2448,2388,4836,2645,2782,5427,5905,6164,12069,6402,5991,12393,4857,4561,9418,3602,3112,6714,2098,1670,3768,1267,1389,2656,818,1679,2497,221,849,1070,30263,30585,60848
2020-07-31,2478,2424,4902,2703,2831,5534,6016,6283,12299,6507,6109,12616,4963,4646,9609,3669,3184,6853,2151,1691,3842,1294,1423,2717,831,1716,2547,224,875,1099,30836,31182,62018
2020-08-01,2512,2461,4973,2738,2889,5627,6100,6396,12496,6619,6224,12843,5082,4735,9817,3731,3234,6965,2183,1720,3903,1309,1447,2756,845,1746,2591,228,885,1113,31347,31737,63084
2020-08-02,2540,2484,5024,2772,2929,5701,6180,6471,12651,6715,6309,13024,5162,4815,9977,3787,3277,7064,2223,1761,3984,1343,1473,2816,866,1792,2658,231,909,1140,31819,32220,64039
2020-08-03,2583,2529,5112,2839,2978,5817,6325,6624,12949,6879,6455,13334,5304,4945,10249,3872,3374,7246,2284,1812,4096,1377,1513,2890,885,1853,2738,234,943,1177,32582,33026,65608
2020-08-04,2619,2558,5177,2884,3039,5923,6460,6755,13215,7039,6604,13643,5431,5080,10511,3962,3462,7424,2350,1853,4203,1416,1555,2971,909,1923,2832,239,973,1212,33309,33802,67111
2020-08-05,2662,2596,5258,2949,3080,6029,6599,6897,13496,7198,6738,13936,5546,5199,10745,4049,3531,7580,2431,1909,4340,1453,1600,3053,934,1999,2933,244,1019,1263,34065,34568,68633
2020-08-06,2695,2629,5324,3006,3124,6130,6732,7024,13756,7317,6861,14178,5657,5289,10946,4121,3617,7738,2469,1953,4422,1473,1626,3099,949,2034,2983,251,1039,1290,34670,35196,69866
2020-08-07,2725,2657,5382,3042,3171,6213,6850,7144,13994,7427,6980,14407,5759,5377,11136,4195,3692,7887,2509,2003,4512,1505,1653,3158,967,2063,3030,256,1052,1308,35235,35792,71027
2020-08-08,2754,2687,5441,3078,3199,6277,6929,7238,14167,7518,7078,14596,5825,5456,11281,4255,3757,8012,2538,2037,4575,1524,1682,3206,977,2107,3084,259,1075,1334,35657,36316,71973
2020-08-09,2773,2704,5477,3114,3238,6352,7000,7321,14321,7591,7147,14738,5887,5524,11411,4320,3803,8123,2581,2073,4654,1541,1694,3235,990,2128,3118,263,1080,1343,36060,36712,72772
2020-08-10,2804,2739,5543,3153,3280,6433,7114,7444,14558,7736,7295,15031,5994,5631,11625,4414,3877,8291,2616,2121,4737,1567,1721,3288,1005,2168,3173,267,1104,1371,36670,37380,74050
2020-08-11,2825,2762,5587,3183,3316,6499,7207,7557,14764,7871,7412,15283,6121,5720,11841,4494,3948,8442,2660,2154,4814,1594,1751,3345,1021,2216,3237,272,1125,1397,37248,37961,75209
2020-08-12,2855,2798,5653,3231,3351,6582,7313,7659,14972,7988,7535,15523,6219,5825,12044,4580,4022,8602,2704,2200,4904,1617,1772,3389,1029,2239,3268,278,1131,1409,37814,38532,76346
2020-08-13,2878,2821,5699,3279,3395,6674,7419,7768,15187,8093,7655,15748,6304,5922,12226,4645,4076,8721,2757,2225,4982,1637,1797,3434,1040,2258,3298,280,1136,1416,38332,39053,77385
2020-08-14,2906,2840,5746,3316,3442,6758,7520,7889,15409,8215,7761,15976,6389,6002,12391,4710,4128,8838,2800,2264,5064,1660,1815,3475,1055,2287,3342,283,1149,1432,38854,39577,78431
2020-08-15,2923,2860,5783,3355,3478,6833,7607,7990,15597,8322,7855,16177,6452,6082,12534,4768,4183,8951,2837,2306,5143,1688,1854,3542,1075,2348,3423,286,1178,1464,39313,40134,79447
2020-08-16,2942,2882,5824,3387,3496,6883,7690,8047,15737,8388,7924,16312,6520,6137,12657,4810,4220,9030,2866,2329,5195,1711,1872,3583,1086,2366,3452,289,1192,1481,39689,40465,80154
2020-08-17,2965,2898,5863,3436,3537,6973,7777,8159,15936,8496,8044,16540,6598,6211,12809,4885,4269,9154,2906,2358,5264,1738,1886,3624,1094,2387,3481,290,1200,1490,40185,40949,81134
2020-08-18,2988,2931,5919,3489,3575,7064,7904,8274,16178,8659,8166,16825,6712,6307,13019,4976,4361,9337,2949,2401,5350,1763,1917,3680,1108,2436,3544,294,1232,1526,40842,41600,82442
2020-08-19,3020,2963,5983,3533,3616,7149,8052,8401,16453,8806,8291,17097,6824,6429,13253,5059,4448,9507,3001,2443,5444,1784,1949,3733,1124,2470,3594,301,1254,1555,41504,42264,83768
2020-08-20,3051,2988,6039,3593,3657,7250,8164,8527,16691,8946,8410,17356,6929,6501,13430,5128,4511,9639,3059,2482,5541,1808,1977,3785,1144,2505,3649,305,1274,1579,42127,42832,84959
2020-08-21,3074,3012,6086,3640,3710,7350,8290,8647,16937,9090,8543,17633,7018,6606,13624,5207,4585,9792,3106,2516,5622,1831,2001,3832,1160,2525,3685,307,1284,1591,42723,43429,86152
2020-08-22,3102,3036,6138,3681,3743,7424,8394,8753,17147,9183,8657,17840,7105,6676,13781,5262,4646,9908,3148,2549,5697,1858,2025,3883,1170,2543,3713,308,1287,1595,43211,43915,87126
2020-08-23,3128,3061,6189,3723,3791,7514,8476,8845,17321,9265,8733,17998,7177,6752,13929,5322,4700,10022,3184,2590,5774,1879,2041,3920,1190,2566,3756,312,1298,1610,43656,44377,88033
2020-08-24,3165,3091,6256,3776,3834,7610,8619,8977,17596,9419,8874,18293,7304,6880,14184,5411,4789,10200,3240,2645,5885,1908,2069,3977,1204,2581,3785,315,1307,1622,44361,45047,89408
2020-08-25,3206,3117,6323,3830,3878,7708,8743,9133,17876,9583,9046,18629,7418,7010,14428,5513,4885,10398,3304,2692,5996,1949,2106,4055,1225,2621,3846,318,1323,1641,45089,45811,90900
2020-08-26,3244,3149,6393,3891,3940,7831,8890,9279,18169,9749,9183,18932,7583,7142,14725,5626,4962,10588,3360,2744,6104,1985,2152,4137,1242,2663,3905,321,1344,1665,45891,46558,92449
2020-08-27,3277,3192,6469,3950,4001,7951,9039,9449,18488,9925,9340,19265,7705,7283,14988,5721,5047,10768,3415,2796,6211,2015,2175,4190,1257,2710,3967,326,1363,1689,46630,47356,93986
2020-08-28,3300,3212,6512,4006,4061,8067,9179,9597,18776,10066,9482,19548,7814,7382,15196,5825,5139,10964,3471,2850,6321,2048,2207,4255,1270,2738,4008,326,1374,1700,47305,48042,95347
2020-08-29,3325,3230,6555,4038,4098,8136,9279,9695,18974,10166,9608,19774,7906,7474,15380,5891,5205,11096,3516,2896,6412,2066,2236,4302,1285,2758,4043,328,1380,1708,47800,48580,96380
2020-08-30,3339,3243,6582,4072,4140,8212,9356,9770,19126,10248,9692,19940,7975,7556,15531,5959,5257,11216,3558,2930,6488,2090,2254,4344,1296,2785,4081,330,1386,1716,48223,49013,97236
2020-08-31,3365,3264,6629,4117,4191,8308,9494,9907,19401,10399,9856,20255,8115,7662,15777,6044,5338,11382,3615,2973,6588,2120,2305,4425,1313,2844,4157,337,1404,1741,48919,49744,98663
2020-09-01,3386,3286,6672,4171,4240,8411,9609,10038,19647,10557,9987,20544,8256,7788,16044,6124,5404,11528,3671,3027,6698,2146,2338,4484,1332,2886,4218,341,1426,1767,49593,50420,100013
2020-09-02,3409,3302,6711,4215,4279,8494,9705,10150,19855,10680,10109,20789,8357,7881,16238,6191,5471,11662,3717,3067,6784,2166,2364,4530,1350,2906,4256,342,1429,1771,50132,50958,101090
2020-09-03,3421,3326,6747,4259,4309,8568,9825,10264,20089,10809,10230,21039,8465,7981,16446,6268,5535,11803,3767,3106,6873,2193,2397,4590,1366,2927,4293,345,1436,1781,50718,51511,102229
2020-09-04,3446,3346,6792,4298,4366,8664,9967,10366,20333,10928,10357,21285,8563,8095,16658,6341,5610,11951,3810,3140,6950,2212,2428,4640,1372,2943,4315,349,1448,1797,51286,52099,103385
2020-09-05,3457,3364,6821,4332,4394,8726,10053,10467,20520,11028,10460,21488,8668,8196,16864,6399,5666,12065,3843,3180,7023,2243,2455,4698,1382,2972,4354,350,1458,1808,51755,52612,104367
2020-09-06,3474,3380,6854,4368,4426,8794,10116,10531,20647,11090,10525,21615,8732,8252,16984,6447,5715,12162,3879,3211,7090,2265,2481,4746,1392,2986,4378,353,1464,1817,52116,52971,105087
2020-09-07,3496,3399,6895,4406,4466,8872,10237,10659,20896,11216,10640,21856,8830,8369,17199,6539,5792,12331,3936,3258,7194,2308,2518,4826,1416,3023,4439,355,1487,1842,52739,53611,106350
2020-09-08,3518,3420,6938,4450,4514,8964,10360,10771,21131,11352,10781,22133,8956,8489,17445,6623,5875,12498,3982,3299,7281,2342,2546,4888,1432,3060,4492,360,1498,1858,53375,54253,107628
2020-09-09,3544,3446,6990,4493,4563,9056,10496,10899,21395,11497,10910,22407,9059,8588,17647,6696,5947,12643,4042,3341,7383,2375,2577,4952,1441,3081,4522,364,1513,1877,54007,54865,108872
2020-09-10,3580,3466,7046,4531,4613,9144,10588,11010,21598,11614,11018,22632,9166,8688,17854,6786,6010,12796,4098,3375,7473,2407,2617,5024,1452,3129,4581,368,1542,1910,54590,55468,110058
2020-09-11,3611,3491,7102,4571,4667,9238,10683,11135,21818,11732,11124,22856,9290,8795,18085,6863,6094,12957,4131,3407,7538,2441,2648,5089,1464,3148,4612,369,1546,1915,55155,56055,111210
2020-09-12,3627,3503,7130,4599,4703,9302,10756,11212,21968,11809,11213,23022,9361,8880,18241,6915,6152,13067,4166,3443,7609,2455,2667,5122,1475,3175,4650,370,1562,1932,55533,56510,112043
2020-09-13,3643,3521,7164,4630,4729,9359,10815,11297,22112,11885,11284,23169,9425,8952,18377,6958,6188,13146,4204,3482,7686,2484,2687,5171,1481,3196,4677,372,1564,1936,55897,56900,112797
2020-09-14,3661,3538,7199,4669,4761,9430,10917,11408,22325,12001,11403,23404,9509,9030,18539,7027,6269,13296,4245,3519,7764,2516,2712,5228,1488,3219,4707,376,1571,1947,56409,57430,113839
2020-09-15,3690,3551,7241,4703,4800,9503,11000,11504,22504,12097,11500,23597,9588,9129,18717,7111,6336,13447,4299,3556,7855,2534,2739,5273,1503,3243,4746,378,1581,1959,56903,57939,114842
2020-09-16,3713,3569,7282,4749,4835,9584,11095,11607,22702,12197,11605,23802,9698,9210,18908,7181,6404,13585,4330,3588,7918,2554,2776,5330,1512,3270,4782,381,1596,1977,57410,58460,115870
2020-09-17,3729,3586,7315,4780,4874,9654,11196,11699,22895,12275,11707,23982,9777,9291,19068,7231,6455,13686,4379,3613,7992,2576,2797,5373,1526,3279,4805,383,1603,1986,57852,58904,116756
2020-09-18,3761,3617,7378,4818,4919,9737,11286,11814,23100,12373,11817,24190,9848,9368,19216,7285,6498,13783,4419,3642,8061,2593,2830,5423,1538,3297,4835,383,1611,1994,58304,59413,117717
2020-09-19,3772,3632,7404,4848,4952,9800,11343,11872,23215,12450,11906,24356,9917,9413,19330,7328,6539,13867,4458,3672,8130,2605,2848,5453,1542,3312,4854,383,1617,2000,58646,59763,118409
2020-09-20,3785,3647,7432,4872,4970,9842,11394,11926,23320,12498,11973,24471,9955,9453,19408,7353,6565,13918,4485,3708,8193,2622,2873,5495,1548,3321,4869,383,1623,2006,58895,60059,118954
2020-09-21,3804,3660,7464,4915,5002,9917,11479,12007,23486,12591,12038,24629,10044,9509,19553,7396,6614,14010,4525,3741,8266,2648,2906,5554,1559,3338,4897,383,1627,2010,59344,60442,119786
2020-09-22,3826,3672,7498,4951,5040,9991,11579,12095,23674,12690,12140,24830,10109,9591,19700,7457,6664,14121,4560,3780,8340,2670,2928,5598,1576,3368,4944,386,1638,2024,59804,60916,120720
2020-09-23,3847,3693,7540,4984,5083,10067,11673,12184,23857,12778,12226,25004,10180,9684,19864,7517,6719,14236,4594,3816,8410,2694,2955,5649,1584,3380,4964,390,1643,2033,60241,61383,121624
2020-09-24,3868,3711,7579,5022,5124,10146,11768,12280,24048,12872,12334,25206,10244,9751,19995,7586,6769,14355,4645,3852,8497,2718,2971,5689,1602,3402,5004,392,1648,2040,60717,61842,122559
2020-09-25,3888,3736,7624,5055,5154,10209,11864,12364,24228,12949,12438,25387,10333,9835,20168,7653,6837,14490,4687,3887,8574,2750,3006,5756,1612,3416,5028,395,1662,2057,61186,62335,123521
2020-09-26,3901,3749,7650,5086,5182,10268,11919,12424,24343,13005,12498,25503,10401,9886,20287,7691,6888,14579,4710,3916,8626,2769,3026,5795,1622,3431,5053,396,1669,2065,61500,62669,124169
2020-09-27,3921,3764,7685,5110,5214,10324,11993,12474,24467,13077,12563,25640,10465,9932,20397,7729,6930,14659,4735,3930,8665,2791,3038,5829,1628,3442,5070,399,1672,2071,61848,62959,124807
2020-09-28,3942,3781,7723,5148,5248,10396,12072,12573,24645,13174,12660,25834,10539,10003,20542,7785,6990,14775,4786,3969,8755,2811,3070,5881,1646,3462,5108,401,1678,2079,62304,63434,125738
2020-09-29,3976,3796,7772,5180,5269,10449,12176,12673,24849,13274,12748,26022,10623,10076,20699,7842,7048,14890,4826,4018,8844,2839,3106,5945,1655,3483,5138,401,1688,2089,62792,63905,126697
2020-09-30,3995,3819,7814,5207,5304,10511,12284,12783,25067,13369,12840,26209,10699,10156,20855,7900,7110,15010,4873,4048,8921,2866,3120,5986,1668,3503,5171,404,1692,2096,63265,64375,127640
2020-10-01,4015,3837,7852,5237,5340,10577,12376,12879,25255,13456,12930,26386,10763,10218,20981,7956,7173,15129,4905,4090,8995,2878,3144,6022,1677,3520,5197,406,1700,2106,63669,64831,128500
2020-10-02,4039,3854,7893,5276,5372,10648,12465,12963,25428,13531,13020,26551,10825,10300,21125,8013,7244,15257,4941,4131,9072,2896,3168,6064,1694,3539,5233,409,1711,2120,64089,65302,129391
2020-10-03,4061,3865,7926,5296,5403,10699,12524,13010,25534,13595,13064,26659,10867,10359,21226,8056,7296,15352,4966,4144,9110,2907,3175,6082,1699,3552,5251,410,1715,2125,64381,65583,129964
2020-10-04,4069,3872,7941,5318,5423,10741,12573,13062,25635,13644,13121,26765,10905,10391,21296,8087,7328,15415,4983,4168,9151,2921,3182,6103,1704,3561,5265,410,1721,2131,64614,65829,130443
2020-10-05,4080,3888,7968,5346,5450,10796,12650,13163,25813,13739,13199,26938,10970,10448,21418,8139,7383,15522,5029,4204,9233,2943,3204,6147,1711,3576,5287,411,1727,2138,65018,66242,131260
2020-10-06,4107,3906,8013,5374,5491,10865,12745,13263,26008,13839,13291,27130,11053,10517,21570,8201,7444,15645,5065,4234,9299,2957,3223,6180,1725,3592,5317,413,1732,2145,65479,66693,132172
2020-10-07,4122,3917,8039,5402,5527,10929,12843,13354,26197,13906,13377,27283,11133,10591,21724,8258,7498,15756,5091,4255,9346,2970,3244,6214,1735,3613,5348,413,1740,2153,65873,67116,132989
2020-10-08,4142,3932,8074,5430,5565,10995,12927,13443,26370,13991,13457,27448,11185,10669,21854,8307,7552,15859,5118,4286,9404,2987,3270,6257,1747,3647,5394,415,1754,2169,66249,67575,133824
2020-10-09,4161,3951,8112,5456,5598,11054,12991,13537,26528,14083,13554,27637,11246,10738,21984,8364,7608,15972,5144,4321,9465,3004,3295,6299,1762,3679,5441,418,1767,2185,66629,68048,134677
2020-10-10,4172,3957,8129,5477,5631,11108,13044,13593,26637,14143,13621,27764,11308,10789,22097,8404,7662,16066,5172,4347,9519,3020,3311,6331,1766,3690,5456,419,1768,2187,66925,68369,135294
2020-10-11,4186,3974,8160,5494,5653,11147,13081,13637,26718,14182,13677,27859,11349,10820,22169,8434,7695,16129,5185,4368,9553,3034,3325,6359,1774,3707,5481,421,1775,2196,67140,68631,135771
2020-10-12,4210,3991,8201,5518,5685,11203,13147,13682,26829,14249,13736,27985,11401,10868,22269,8471,7738,16209,5213,4393,9606,3052,3338,6390,1778,3724,5502,421,1781,2202,67460,68936,136396
2020-10-13,4226,4010,8236,5554,5717,11271,13235,13764,26999,14356,13821,28177,11472,10934,22406,8524,7779,16303,5252,4418,9670,3062,3357,6419,1785,3748,5533,422,1790,2212,67888,69338,137226
2020-10-14,4241,4026,8267,5590,5753,11343,13318,13849,27167,14429,13893,28322,11547,11000,22547,8585,7842,16427,5276,4446,9722,3083,3376,6459,1792,3756,5548,423,1796,2219,68284,69737,138021
2020-10-15,4257,4046,8303,5641,5801,11442,13412,13923,27335,14517,13973,28490,11611,11066,22677,8628,7886,16514,5301,4473,9774,3104,3396,6500,1799,3775,5574,426,1801,2227,68696,70140,138836
2020-10-16,4276,4059,8335,5671,5843,11514,13484,14027,27511,14595,14053,28648,11682,11127,22809,8674,7925,16599,5330,4506,9836,3123,3416,6539,1809,3800,5609,428,1816,2244,69072,70572,139644
2020-10-17,4289,4075,8364,5701,5868,11569,13540,14080,27620,14661,14127,28788,11723,11162,22885,8708,7959,16667,5350,4529,9879,3132,3424,6556,1817,3808,5625,430,1819,2249,69351,70851,140202
2020-10-18,4300,4083,8383,5720,5891,11611,13580,14121,27701,14704,14157,28861,11748,11188,22936,8732,7986,16718,5365,4545,9910,3146,3437,6583,1818,3818,5636,430,1822,2252,69543,71048,140591
2020-10-19,4319,4097,8416,5744,5921,11665,13644,14178,27822,14754,14214,28968,11815,11235,23050,8775,8024,16799,5397,4566,9963,3164,3458,6622,1822,3831,5653,431,1826,2257,69865,71350,141215
2020-10-20,4327,4108,8435,5761,5945,11706,13717,14257,27974,14826,14270,29096,11865,11291,23156,8827,8060,16887,5422,4592,10014,3177,3466,6643,1834,3848,5682,432,1833,2265,70188,71670,141858
2020-10-21,4341,4119,8460,5785,5972,11757,13770,14313,28083,14881,14320,29201,11917,11332,23249,8857,8099,16956,5448,4613,10061,3190,3480,6670,1837,3855,5692,433,1836,2269,70459,71939,142398
2020-10-22,4354,4129,8483,5813,5996,11809,13825,14379,28204,14931,14364,29295,11959,11368,23327,8883,8125,17008,5469,4627,10096,3200,3494,6694,1842,3862,5704,434,1836,2270,70710,72180,142890
2020-10-23,4366,4139,8505,5839,6015,11854,13874,14451,28325,14976,14420,29396,12012,11415,23427,8920,8154,17074,5500,4652,10152,3209,3506,6715,1852,3870,5722,435,1837,2272,70983,72459,143442
2020-10-24,4374,4151,8525,5858,6032,11890,13915,14496,28411,15011,14468,29479,12044,11446,23490,8955,8178,17133,5516,4666,10182,3221,3518,6739,1856,3876,5732,435,1841,2276,71185,72672,143857
2020-10-25,4383,4161,8544,5870,6048,11918,13949,14533,28482,15038,14502,29540,12077,11474,23551,8975,8201,17176,5533,4672,10205,3226,3527,6753,1859,3880,5739,435,1842,2277,71345,72840,144185
2020-10-26,4396,4166,8562,5882,6083,11965,13999,14580,28579,15103,14557,29660,12117,11512,23629,9009,8235,17244,5556,4692,10248,3234,3536,6770,1869,3890,5759,438,1846,2284,71603,73097,144700
2020-10-27,4403,4177,8580,5910,6111,12021,14060,14641,28701,15158,14611,29769,12171,11562,23733,9050,8272,17322,5575,4717,10292,3243,3551,6794,1879,3905,5784,439,1848,2287,71888,73395,145283
2020-10-28,4419,4190,8609,5939,6130,12069,14112,14694,28806,15206,14656,29862,12211,11594,23805,9078,8303,17381,5600,4735,10335,3250,3561,6811,1886,3910,5796,441,1850,2291,72142,73623,145765
2020-10-29,4430,4196,8626,5955,6146,12101,14157,14736,28893,15251,14702,29953,12250,11624,23874,9098,8325,17423,5613,4750,10363,3267,3567,6834,1890,3922,5812,442,1857,2299,72353,73825,146178
2020-10-30,4436,4201,8637,5963,6153,12116,14191,14773,28964,15300,14729,30029,12278,11660,23938,9113,8344,17457,5625,4766,10391,3277,3578,6855,1893,3927,5820,443,1859,2302,72519,73990,146509
2020-10-31,4438,4205,8643,5972,6167,12139,14211,14800,29011,15329,14758,30087,12298,11683,23981,9128,8361,17489,5636,4776,10412,3281,3584,6865,1897,3931,5828,443,1859,2302,72633,74124,146757
2020-11-01,4447,4215,8662,5984,6180,12164,14253,14830,29083,15362,14787,30149,12326,11710,24036,9147,8382,17529,5652,4785,10437,3287,3590,6877,1899,3935,5834,443,1860,2303,72800,74274,147074
2020-11-02,4456,4224,8680,5994,6207,12201,14288,14876,29164,15409,14825,30234,12361,11744,24105,9180,8408,17588,5667,4795,10462,3289,3599,6888,1904,3942,5846,443,1864,2307,72991,74484,147475
2020-11-03,4466,4230,8696,6014,6218,12232,14342,14911,29253,15442,14860,30302,12395,11773,24168,9205,8429,17634,5679,4817,10496,3292,3608,6900,1906,3951,5857,443,1866,2309,73184,74663,147847
2020-11-04,4475,4235,8710,6022,6234,12256,14387,14957,29344,15485,14902,30387,12420,11807,24227,9228,8459,17687,5697,4830,10527,3298,3620,6918,1909,3958,5867,443,1869,2312,73364,74871,148235
2020-11-05,4490,4245,8735,6051,6254,12305,14440,15021,29461,15542,14939,30481,12456,11847,24303,9257,8483,17740,5718,4847,10565,3310,3634,6944,1912,3974,5886,444,1874,2318,73620,75118,148738
2020-11-06,4503,4253,8756,6073,6272,12345,14466,15063,29529,15584,14984,30568,12492,11877,24369,9284,8505,17789,5738,4867,10605,3322,3645,6967,1916,3981,5897,444,1876,2320,73822,75323,149145
2020-11-07,4511,4258,8769,6080,6283,12363,14493,15099,29592,15623,15027,30650,12525,11907,24432,9298,8526,17824,5753,4885,10638,3330,3654,6984,1920,3984,5904,444,1876,2320,73977,75499,149476
2020-11-08,4520,4264,8784,6085,6297,12382,14512,15144,29656,15652,15050,30702,12549,11925,24474,9318,8547,17865,5767,4893,10660,3336,3656,6992,1923,3990,5913,445,1876,2321,74107,75642,149749
2020-11-09,4533,4269,8802,6105,6317,12422,14551,15197,29748,15692,15091,30783,12598,11962,24560,9356,8592,17948,5786,4914,10700,3354,3661,7015,1924,3997,5921,445,1878,2323,74344,75878,150222
2020-11-10,4544,4279,8823,6122,6332,12454,14604,15252,29856,15757,15130,30887,12629,11990,24619,9380,8611,17991,5807,4933,10740,3371,3684,7055,1929,4004,5933,448,1879,2327,74591,76094,150685
2020-11-11,4554,4286,8840,6138,6354,12492,14656,15301,29957,15806,15178,30984,12671,12022,24693,9415,8633,18048,5825,4951,10776,3382,3700,7082,1931,4011,5942,450,1883,2333,74828,76319,151147
2020-11-12,4565,4294,8859,6158,6371,12529,14710,15348,30058,15846,15216,31062,12708,12058,24766,9439,8656,18095,5838,4962,10800,3386,3708,7094,1935,4015,5950,450,1887,2337,75035,76515,151550
2020-11-13,4574,4299,8873,6179,6388,12567,14750,15393,30143,15884,15247,31131,12752,12090,24842,9463,8679,18142,5859,4983,10842,3399,3713,7112,1938,4024,5962,452,1894,2346,75250,76710,151960
2020-11-14,4580,4305,8885,6196,6405,12601,14783,15429,30212,15921,15276,31197,12778,12111,24889,9494,8700,18194,5878,4995,10873,3408,3721,7129,1942,4029,5971,452,1895,2347,75432,76866,152298
2020-11-15,4584,4312,8896,6205,6424,12629,14807,15454,30261,15942,15302,31244,12805,12128,24933,9512,8714,18226,5887,5005,10892,3415,3729,7144,1944,4038,5982,453,1895,2348,75554,77001,152555
2020-11-16,4590,4321,8911,6222,6443,12665,14837,15498,30335,15980,15335,31315,12832,12159,24991,9532,8738,18270,5899,5018,10917,3427,3741,7168,1952,4042,5994,453,1897,2350,75724,77192,152916
2020-11-17,4598,4327,8925,6244,6463,12707,14888,15544,30432,16021,15379,31400,12871,12195,25066,9559,8768,18327,5917,5034,10951,3435,3751,7186,1958,4055,6013,454,1902,2356,75945,77418,153363
2020-11-18,4603,4334,8937,6262,6484,12746,14936,15601,30537,16072,15414,31486,12911,12224,25135,9582,8802,18384,5929,5050,10979,3447,3763,7210,1962,4066,6028,454,1907,2361,76158,77645,153803
2020-11-19,4607,4338,8945,6275,6502,12777,14985,15632,30617,16103,15448,31551,12930,12251,25181,9608,8824,18432,5945,5064,11009,3453,3770,7223,1964,4070,6034,454,1911,2365,76324,77810,154134
2020-11-20,4612,4343,8955,6294,6526,12820,15028,15660,30688,16132,15470,31602,12950,12264,25214,9620,8839,18459,5961,5078,11039,3460,3775,7235,1970,4074,6044,455,1912,2367,76482,77941,154423
2020-11-21,4619,4353,8972,6307,6543,12850,15057,15696,30753,16168,15500,31668,12968,12301,25269,9634,8854,18488,5975,5093,11068,3466,3782,7248,1973,4077,6050,455,1915,2370,76622,78114,154736
2020-11-22,4623,4356,8979,6318,6551,12869,15078,15718,30796,16186,15522,31708,12988,12317,25305,9645,8862,18507,5990,5098,11088,3472,3791,7263,1974,4078,6052,455,1916,2371,76729,78209,154938
2020-11-23,4628,4360,8988,6325,6558,12883,15098,15748,30846,16218,15546,31764,13007,12327,25334,9654,8882,18536,5998,5103,11101,3482,3797,7279,1976,4080,6056,455,1918,2373,76841,78319,155160
2020-11-24,4635,4364,8999,6334,6574,12908,15141,15796,30937,16263,15586,31849,13037,12347,25384,9674,8899,18573,6018,5116,11134,3489,3804,7293,1979,4082,6061,455,1920,2375,77025,78488,155513
2020-11-25,4650,4370,9020,6352,6590,12942,15192,15849,31041,16319,15633,31952,13073,12384,25457,9703,8921,18624,6035,5130,11165,3495,3817,7312,1984,4089,6073,455,1922,2377,77258,78705,155963
2020-11-26,4653,4384,9037,6365,6614,12979,15234,15892,31126,16373,15663,32036,13099,12410,25509,9720,8949,18669,6045,5146,11191,3499,3822,7321,1989,4094,6083,456,1925,2381,77433,78899,156332
2020-11-27,4660,4389,9049,6385,6627,13012,15282,15931,31213,16414,15688,32102,13130,12439,25569,9745,8968,18713,6059,5160,11219,3509,3828,7337,1992,4097,6089,458,1927,2385,77634,79054,156688
2020-11-28,4666,4396,9062,6401,6641,13042,15313,15972,31285,16447,15717,32164,13152,12462,25614,9758,8985,18743,6068,5175,11243,3513,3831,7344,1993,4100,6093,458,1929,2387,77769,79208,156977
2020-11-29,4673,4397,9070,6413,6656,13069,15344,16006,31350,16485,15743,32228,13175,12481,25656,9777,8999,18776,6073,5187,11260,3516,3835,7351,1998,4105,6103,460,1929,2389,77914,79338,157252
2020-11-30,4681,4402,9083,6428,6671,13099,15386,16040,31426,16517,15774,32291,13206,12501,25707,9793,9022,18815,6080,5199,11279,3526,3846,7372,2001,4113,6114,460,1932,2392,78078,79500,157578
2020-12-01,4691,4407,9098,6441,6682,13123,15421,16071,31492,16550,15821,32371,13238,12525,25763,9810,9036,18846,6092,5208,11300,3532,3851,7383,2004,4116,6120,460,1933,2393,78239,79650,157889
2020-12-02,4693,4411,9104,6451,6696,13147,15450,16099,31549,16578,15846,32424,13254,12548,25802,9819,9049,18868,6104,5216,11320,3538,3863,7401,2007,4121,6128,463,1938,2401,78357,79787,158144
2020-12-03,4699,4415,9114,6466,6709,13175,15483,16121,31604,16615,15879,32494,13284,12564,25848,9833,9065,18898,6117,5229,11346,3545,3875,7420,2010,4126,6136,465,1939,2404,78517,79922,158439
2020-12-04,4709,4421,9130,6482,6728,13210,15508,16158,31666,16654,15921,32575,13315,12593,25908,9855,9086,18941,6130,5242,11372,3553,3880,7433,2016,4129,6145,465,1939,2404,78687,80097,158784
2020-12-05,4715,4427,9142,6494,6745,13239,15533,16190,31723,16682,15948,32630,13334,12620,25954,9873,9104,18977,6143,5253,11396,3559,3891,7450,2022,4134,6156,465,1939,2404,78820,80251,159071
2020-12-06,4722,4431,9153,6502,6752,13254,15557,16212,31769,16706,15968,32674,13353,12642,25995,9892,9118,19010,6153,5262,11415,3564,3897,7461,2027,4135,6162,465,1939,2404,78941,80356,159297
2020-12-07,4726,4436,9162,6508,6766,13274,15578,16237,31815,16727,15991,32718,13381,12661,26042,9905,9136,19041,6166,5272,11438,3570,3902,7472,2029,4137,6166,465,1941,2406,79055,80479,159534
2020-12-08,4734,4439,9173,6523,6779,13302,15605,16268,31873,16765,16025,32790,13421,12683,26104,9928,9153,19081,6186,5278,11464,3581,3911,7492,2032,4142,6174,466,1943,2409,79241,80621,159862
2020-12-09,4740,4449,9189,6551,6798,13349,15652,16310,31962,16809,16061,32870,13459,12721,26180,9957,9180,19137,6202,5296,11498,3588,3924,7512,2033,4146,6179,467,1947,2414,79458,80832,160290
2020-12-10,4746,4458,9204,6568,6825,13393,15689,16363,32052,16864,16100,32964,13499,12763,26262,9980,9204,19184,6219,5311,11530,3598,3937,7535,2036,4152,6188,467,1949,2416,79666,81062,160728
2020-12-11,4758,4467,9225,6580,6838,13418,15741,16416,32157,16897,16141,33038,13537,12790,26327,9997,9236,19233,6230,5328,11558,3602,3949,7551,2041,4159,6200,467,1950,2417,79850,81274,161124
2020-12-12,4766,4471,9237,6598,6852,13450,15796,16469,32265,16934,16170,33104,13563,12816,26379,10010,9253,19263,6243,5341,11584,3614,3955,7569,2043,4159,6202,467,1950,2417,80034,81436,161470
2020-12-13,4768,4476,9244,6615,6869,13484,15837,16502,32339,16965,16209,33174,13586,12841,26427,10026,9273,19299,6261,5353,11614,3623,3960,7583,2049,4162,6211,469,1950,2419,80199,81595,161794
2020-12-14,4773,4480,9253,6635,6887,13522,15902,16563,32465,17034,16257,33291,13626,12883,26509,10057,9298,19355,6278,5378,11656,3636,3971,7607,2053,4172,6225,469,1952,2421,80463,81841,162304
2020-12-15,4777,4483,9260,6662,6911,13573,15969,16623,32592,17093,16311,33404,13678,12918,26596,10081,9330,19411,6299,5385,11684,3646,3978,7624,2061,4176,6237,471,1954,2425,80737,82069,162806
2020-12-16,4787,4492,9279,6682,6945,13627,16059,16688,32747,17141,16354,33495,13708,12948,26656,10107,9360,19467,6314,5402,11716,3661,3987,7648,2071,4181,6252,473,1958,2431,81003,82315,163318
2020-12-17,4797,4497,9294,6713,6982,13695,16174,16783,32957,17210,16421,33631,13748,13004,26752,10132,9395,19527,6329,5426,11755,3675,4000,7675,2075,4188,6263,474,1959,2433,81327,82655,163982
2020-12-18,4801,4507,9308,6754,7005,13759,16265,16870,33135,17280,16495,33775,13803,13052,26855,10168,9433,19601,6351,5450,11801,3691,4014,7705,2078,4202,6280,474,1969,2443,81665,82997,164662
2020-12-19,4811,4513,9324,6783,7033,13816,16333,16925,33258,17340,16551,33891,13847,13095,26942,10198,9463,19661,6370,5467,11837,3703,4025,7728,2083,4209,6292,474,1970,2444,81942,83251,165193
2020-12-20,4815,4522,9337,6813,7048,13861,16397,16976,33373,17376,16597,33973,13892,13150,27042,10230,9480,19710,6397,5486,11883,3712,4032,7744,2086,4213,6299,477,1972,2449,82195,83476,165671
2020-12-21,4825,4531,9356,6844,7082,13926,16495,17085,33580,17467,16684,34151,13957,13207,27164,10286,9523,19809,6440,5511,11951,3731,4048,7779,2090,4222,6312,477,1974,2451,82612,83867,166479
2020-12-22,4834,4544,9378,6878,7122,14000,16588,17184,33772,17585,16757,34342,14013,13271,27284,10342,9577,19919,6465,5537,12002,3744,4064,7808,2095,4231,6326,478,1977,2455,83022,84264,167286
2020-12-23,4844,4555,9399,6912,7169,14081,16726,17306,34032,17692,16852,34544,14085,13346,27431,10418,9637,20055,6486,5569,12055,3771,4086,7857,2099,4243,6342,479,1978,2457,83512,84741,168253
2020-12-24,4846,4557,9403,6938,7197,14135,16789,17364,34153,17764,16900,34664,14118,13395,27513,10449,9662,20111,6505,5579,12084,3783,4093,7876,2101,4249,6350,479,1979,2458,83772,84975,168747
2020-12-25,4849,4564,9413,6955,7214,14169,16832,17405,34237,17805,16926,34731,14161,13426,27587,10471,9683,20154,6525,5592,12117,3788,4100,7888,2102,4250,6352,479,1980,2459,83967,85140,169107
2020-12-26,4861,4574,9435,6991,7256,14247,16951,17513,34464,17912,17021,34933,14237,13513,27750,10546,9742,20288,6568,5635,12203,3802,4117,7919,2106,4257,6363,479,1981,2460,84453,85609,170062
2020-12-27,4876,4580,9456,7020,7300,14320,17056,17612,34668,18006,17093,35099,14296,13567,27863,10598,9781,20379,6591,5665,12256,3818,4133,7951,2107,4263,6370,479,1981,2460,84847,85975,170822
2020-12-28,4894,4599,9493,7071,7372,14443,17206,17755,34961,18121,17224,35345,14418,13668,28086,10698,9852,20550,6634,5702,12336,3852,4165,8017,2117,4280,6397,481,1983,2464,85492,86600,172092
2020-12-29,4903,4619,9522,7134,7447,14581,17399,17943,35342,18282,17364,35646,14519,13764,28283,10768,9937,20705,6681,5754,12435,3886,4200,8086,2128,4288,6416,484,1986,2470,86184,87302,173486
2020-12-30,4929,4638,9567,7211,7530,14741,17585,18101,35686,18436,17508,35944,14630,13881,28511,10852,10020,20872,6727,5820,12547,3919,4233,8152,2137,4301,6438,487,1990,2477,86913,88022,174935
2020-12-31,4938,4647,9585,7258,7579,14837,17733,18226,35959,18518,17589,36107,14692,13953,28645,10896,10060,20956,6753,5844,12597,3943,4247,8190,2142,4305,6447,487,1990,2477,87360,88440,175800
2021-01-01,4943,4650,9593,7278,7598,14876,17765,18264,36029,18560,17633,36193,14715,13987,28702,10914,10080,20994,6772,5868,12640,3953,4258,8211,2143,4308,6451,487,1990,2477,87530,88636,176166
2021-01-02,4951,4662,9613,7332,7654,14986,17871,18385,36256,18666,17725,36391,14802,14075,28877,10988,10151,21139,6815,5907,12722,3972,4280,8252,2148,4311,6459,493,1990,2483,88038,89140,177178
2021-01-03,4968,4676,9644,7377,7705,15082,18005,18539,36544,18767,17823,36590,14881,14154,29035,11048,10217,21265,6854,5939,12793,3993,4304,8297,2155,4317,6472,494,1991,2485,88542,89665,178207
2021-01-04,4985,4687,9672,7452,7776,15228,18234,18760,36994,18946,17984,36930,14997,14254,29251,11141,10325,21466,6907,5988,12895,4020,4337,8357,2168,4340,6508,496,1994,2490,89346,90445,179791
2021-01-05,5006,4711,9717,7535,7861,15396,18487,19021,37508,19116,18136,37252,15115,14357,29472,11241,10399,21640,6970,6044,13014,4039,4373,8412,2175,4358,6533,497,2004,2501,90181,91264,181445
2021-01-06,5023,4724,9747,7613,7947,15560,18731,19254,37985,19300,18283,37583,15238,14460,29698,11321,10484,21805,7024,6103,13127,4069,4402,8471,2183,4372,6555,498,2009,2507,91000,92038,183038
2021-01-07,5044,4739,9783,7679,8025,15704,18928,19471,38399,19449,18423,37872,15347,14574,29921,11402,10570,21972,7069,6148,13217,4090,4438,8528,2191,4381,6572,503,2012,2515,91702,92781,184483
2021-01-08,5059,4757,9816,7748,8097,15845,19121,19666,38787,19586,18546,38132,15462,14691,30153,11489,10651,22140,7124,6202,13326,4114,4461,8575,2198,4396,6594,504,2017,2521,92405,93484,185889
2021-01-09,5067,4766,9833,7799,8158,15957,19270,19836,39106,19702,18646,38348,15560,14784,30344,11546,10722,22268,7172,6243,13415,4128,4485,8613,2204,4407,6611,506,2020,2526,92954,94067,187021
2021-01-10,5076,4772,9848,7847,8199,16046,19383,19974,39357,19771,18727,38498,15621,14850,30471,11600,10769,22369,7198,6275,13473,4140,4507,8647,2211,4412,6623,509,2022,2531,93356,94507,187863
2021-01-11,5083,4782,9865,7920,8268,16188,19574,20162,39736,19887,18853,38740,15710,14929,30639,11679,10849,22528,7237,6320,13557,4173,4527,8700,2217,4422,6639,510,2026,2536,93990,95138,189128
2021-01-12,5094,4791,9885,7981,8354,16335,19782,20349,40131,20027,18979,39006,15797,15029,30826,11743,10929,22672,7281,6361,13642,4207,4555,8762,2229,4438,6667,510,2029,2539,94651,95814,190465
2021-01-13,5110,4808,9918,8053,8459,16512,19970,20551,40521,20170,19119,39289,15896,15127,31023,11820,10999,22819,7330,6415,13745,4233,4572,8805,2240,4446,6686,511,2034,2545,95333,96530,191863
2021-01-14,5129,4819,9948,8123,8536,16659,20131,20745,40876,20299,19222,39521,15976,15205,31181,11894,11079,22973,7374,6450,13824,4257,4602,8859,2252,4453,6705,515,2035,2550,95950,97146,193096
2021-01-15,5143,4830,9973,8218,8603,16821,20317,20902,41219,20427,19333,39760,16074,15282,31356,11973,11166,23139,7424,6486,13910,4277,4624,8901,2260,4468,6728,515,2038,2553,96628,97732,194360
2021-01-16,5151,4841,9992,8290,8682,16972,20435,21039,41474,20532,19429,39961,16148,15365,31513,12021,11218,23239,7460,6516,13976,4298,4640,8938,2266,4478,6744,516,2043,2559,97117,98251,195368
2021-01-17,5157,4849,10006,8350,8739,17089,20551,21171,41722,20615,19509,40124,16213,15424,31637,12073,11267,23340,7503,6542,14045,4318,4645,8963,2272,4484,6756,517,2044,2561,97569,98674,196243
2021-01-18,5170,4862,10032,8432,8818,17250,20773,21354,42127,20748,19630,40378,16306,15508,31814,12154,11348,23502,7558,6589,14147,4345,4678,9023,2282,4501,6783,518,2046,2564,98286,99334,197620
2021-01-19,5186,4869,10055,8515,8914,17429,20926,21529,42455,20888,19728,40616,16391,15607,31998,12208,11409,23617,7601,6629,14230,4372,4701,9073,2293,4518,6811,518,2052,2570,98898,99956,198854
2021-01-20,5193,4876,10069,8604,8985,17589,21101,21693,42794,21008,19825,40833,16479,15710,32189,12281,11477,23758,7636,6681,14317,4393,4727,9120,2305,4537,6842,518,2057,2575,99518,100568,200086
2021-01-21,5203,4885,10088,8686,9053,17739,21231,21842,43073,21128,19933,41061,16576,15807,32383,12352,11560,23912,7678,6720,14398,4419,4755,9174,2315,4558,6873,521,2061,2582,100109,101174,201283
2021-01-22,5223,4895,10118,8756,9116,17872,21367,22001,43368,21223,20035,41258,16645,15886,32531,12416,11628,24044,7721,6747,14468,4437,4775,9212,2327,4568,6895,523,2064,2587,100638,101715,202353
2021-01-23,5230,4908,10138,8835,9189,18024,21471,22111,43582,21303,20097,41400,16694,15944,32638,12472,11689,24161,7749,6782,14531,4458,4804,9262,2331,4579,6910,525,2064,2589,101068,102167,203235
2021-01-24,5239,4923,10162,8907,9248,18155,21604,22192,43796,21387,20179,41566,16743,16000,32743,12511,11731,24242,7781,6807,14588,4479,4817,9296,2335,4584,6919,525,2064,2589,101511,102545,204056
2021-01-25,5251,4936,10187,9023,9365,18388,21761,22347,44108,21506,20268,41774,16842,16094,32936,12576,11789,24365,7835,6846,14681,4503,4847,9350,2342,4598,6940,528,2065,2593,102167,103155,205322
2021-01-26,5265,4951,10216,9130,9487,18617,21894,22488,44382,21603,20358,41961,16922,16182,33104,12649,11856,24505,7879,6881,14760,4526,4871,9397,2352,4619,6971,530,2074,2604,102750,103767,206517
2021-01-27,5272,4967,10239,9249,9580,18829,22005,22616,44621,21693,20437,42130,16992,16260,33252,12706,11902,24608,7921,6915,14836,4543,4888,9431,2360,4631,6991,531,2076,2607,103272,104272,207544
2021-01-28,5284,4977,10261,9331,9686,19017,22155,22737,44892,21797,20515,42312,17073,16343,33416,12768,11959,24727,7964,6953,14917,4556,4908,9464,2364,4644,7008,531,2080,2611,103823,104802,208625
2021-01-29,5304,4992,10296,9422,9787,19209,22262,22860,45122,21884,20611,42495,17151,16429,33580,12825,12032,24857,7991,6988,14979,4574,4933,9507,2370,4660,7030,534,2083,2617,104317,105375,209692
2021-01-30,5312,4998,10310,9546,9880,19426,22357,22965,45322,21950,20685,42635,17213,16499,33712,12864,12083,24947,8021,7021,15042,4587,4950,9537,2372,4668,7040,535,2085,2620,104757,105834,210591
2021-01-31,5315,5011,10326,9654,9981,19635,22444,23071,45515,22003,20753,42756,17288,16573,33861,12909,12130,25039,8048,7052,15100,4604,4963,9567,2375,4673,7048,535,2087,2622,105175,106294,211469
2021-02-01,5327,5025,10352,9760,10109,19869,22577,23198,45775,22095,20835,42930,17387,16660,34047,12973,12200,25173,8093,7098,15191,4635,4997,9632,2383,4686,7069,535,2091,2626,105765,106899,212664
2021-02-02,5335,5040,10375,9842,10203,20045,22693,23328,46021,22191,20936,43127,17460,16738,34198,13039,12261,25300,8139,7129,15268,4650,5012,9662,2391,4706,7097,535,2094,2629,106275,107447,213722
2021-02-03,5350,5054,10404,9925,10265,20190,22816,23441,46257,22282,21032,43314,17534,16815,34349,13107,12338,25445,8179,7175,15354,4672,5035,9707,2403,4720,7123,538,2094,2632,106806,107969,214775
2021-02-04,5357,5063,10420,9984,10328,20312,22915,23543,46458,22356,21119,43475,17609,16877,34486,13168,12406,25574,8223,7203,15426,4690,5057,9747,2413,4737,7150,538,2099,2637,107253,108432,215685
2021-02-05,5366,5073,10439,10039,10377,20416,23001,23642,46643,22445,21204,43649,17672,16954,34626,13213,12462,25675,8256,7227,15483,4708,5077,9785,2418,4746,7164,539,2102,2641,107657,108864,216521
2021-02-06,5375,5079,10454,10073,10415,20488,23081,23713,46794,22506,21267,43773,17723,17017,34740,13249,12503,25752,8280,7256,15536,4724,5095,9819,2425,4752,7177,539,2104,2643,107975,109201,217176
2021-02-07,5380,5084,10464,10105,10447,20552,23131,23768,46899,22563,21327,43890,17764,17049,34813,13287,12540,25827,8308,7287,15595,4744,5106,9850,2429,4762,7191,539,2106,2645,108250,109476,217726
2021-02-08,5391,5100,10491,10167,10498,20665,23217,23858,47075,22645,21410,44055,17856,17135,34991,13341,12602,25943,8361,7324,15685,4766,5141,9907,2434,4777,7211,541,2108,2649,108719,109953,218672
2021-02-09,5400,5105,10505,10211,10528,20739,23295,23931,47226,22724,21485,44209,17917,17191,35108,13382,12649,26031,8396,7351,15747,4778,5158,9936,2440,4786,7226,542,2109,2651,109085,110293,219378
2021-02-10,5418,5113,10531,10250,10570,20820,23367,24019,47386,22806,21573,44379,17979,17254,35233,13425,12691,26116,8429,7375,15804,4795,5175,9970,2445,4795,7240,543,2112,2655,109457,110677,220134
2021-02-11,5424,5123,10547,10280,10607,20887,23445,24103,47548,22871,21635,44506,18036,17308,35344,13463,12754,26217,8473,7412,15885,4816,5195,10011,2450,4797,7247,545,2117,2662,109803,111051,220854
2021-02-12,5434,5133,10567,10321,10649,20970,23508,24176,47684,22949,21705,44654,18099,17361,35460,13507,12792,26299,8500,7438,15938,4835,5212,10047,2461,4812,7273,546,2120,2666,110160,111398,221558
2021-02-13,5444,5136,10580,10353,10677,21030,23566,24233,47799,23006,21759,44765,18151,17410,35561,13546,12826,26372,8518,7458,15976,4854,5233,10087,2464,4820,7284,549,2122,2671,110451,111674,222125
2021-02-14,5450,5142,10592,10378,10705,21083,23599,24283,47882,23045,21818,44863,18204,17456,35660,13576,12858,26434,8543,7484,16027,4867,5251,10118,2469,4826,7295,549,2123,2672,110680,111946,222626
2021-02-15,5453,5148,10601,10409,10738,21147,23651,24344,47995,23101,21882,44983,18259,17511,35770,13610,12893,26503,8568,7503,16071,4874,5259,10133,2475,4832,7307,549,2127,2676,110949,112237,223186
2021-02-16,5462,5161,10623,10433,10775,21208,23701,24406,48107,23162,21935,45097,18307,17555,35862,13636,12927,26563,8591,7534,16125,4888,5279,10167,2483,4839,7322,550,2132,2682,111213,112543,223756
2021-02-17,5477,5169,10646,10468,10806,21274,23790,24512,48302,23252,22016,45268,18373,17621,35994,13693,12986,26679,8640,7564,16204,4908,5293,10201,2490,4850,7340,551,2134,2685,111642,112951,224593
2021-02-18,5484,5183,10667,10505,10835,21340,23892,24624,48516,23334,22109,45443,18428,17697,36125,13732,13040,26772,8679,7587,16266,4931,5307,10238,2494,4856,7350,552,2139,2691,112031,113377,225408
2021-02-19,5489,5189,10678,10549,10873,21422,23975,24713,48688,23445,22193,45638,18493,17758,36251,13768,13088,26856,8710,7611,16321,4948,5320,10268,2496,4862,7358,552,2139,2691,112425,113746,226171
2021-02-20,5496,5194,10690,10577,10896,21473,24042,24785,48827,23515,22247,45762,18537,17815,36352,13804,13129,26933,8740,7631,16371,4962,5337,10299,2500,4870,7370,553,2140,2693,112726,114044,226770
2021-02-21,5506,5198,10704,10601,10930,21531,24107,24844,48951,23575,22312,45887,18584,17857,36441,13832,13166,26998,8762,7662,16424,4972,5348,10320,2503,4874,7377,553,2144,2697,112995,114335,227330
2021-02-22,5517,5208,10725,10640,10963,21603,24191,24921,49112,23659,22378,46037,18638,17899,36537,13885,13201,27086,8779,7689,16468,4989,5364,10353,2507,4881,7388,555,2144,2699,113360,114648,228008
2021-02-23,5530,5221,10751,10670,11001,21671,24289,25001,49290,23734,22464,46198,18695,17944,36639,13928,13244,27172,8821,7714,16535,5002,5377,10379,2516,4889,7405,558,2144,2702,113743,114999,228742
2021-02-24,5545,5229,10774,10708,11038,21746,24373,25076,49449,23800,22518,46318,18746,18003,36749,13962,13295,27257,8848,7739,16587,5014,5396,10410,2519,4894,7413,558,2148,2706,114073,115336,229409
2021-02-25,5560,5244,10804,10745,11086,21831,24473,25181,49654,23873,22601,46474,18802,18077,36879,14017,13342,27359,8884,7760,16644,5030,5417,10447,2524,4902,7426,561,2153,2714,114469,115763,230232
2021-02-26,5568,5254,10822,10785,11118,21903,24536,25257,49793,23943,22650,46593,18841,18138,36979,14063,13392,27455,8910,7789,16699,5047,5442,10489,2529,4915,7444,563,2155,2718,114785,116110,230895
2021-02-27,5578,5257,10835,10805,11142,21947,24596,25321,49917,24001,22700,46701,18881,18196,37077,14103,13422,27525,8943,7809,16752,5052,5459,10511,2536,4920,7456,563,2156,2719,115058,116382,231440
2021-02-28,5586,5259,10845,10828,11161,21989,24636,25373,50009,24059,22751,46810,18919,18238,37157,14132,13442,27574,8961,7829,16790,5057,5467,10524,2538,4926,7464,563,2160,2723,115279,116606,231885
2021-03-01,5605,5279,10884,10869,11197,22066,24702,25452,50154,24162,22824,46986,18979,18304,37283,14184,13488,27672,8992,7855,16847,5072,5487,10559,2541,4941,7482,563,2162,2725,115669,116989,232658
2021-03-02,5620,5290,10910,10906,11230,22136,24772,25525,50297,24237,22899,47136,19030,18348,37378,14220,13535,27755,9023,7877,16900,5087,5501,10588,2545,4951,7496,563,2164,2727,116003,117320,233323
2021-03-03,5635,5300,10935,10950,11271,22221,24867,25600,50467,24311,22978,47289,19092,18403,37495,14259,13577,27836,9070,7904,16974,5100,5521,10621,2552,4963,7515,563,2167,2730,116399,117684,234083
2021-03-04,5652,5313,10965,10983,11316,22299,24949,25672,50621,24383,23034,47417,19156,18465,37621,14310,13620,27930,9109,7935,17044,5110,5534,10644,2554,4971,7525,563,2167,2730,116769,118027,234796
2021-03-05,5674,5321,10995,11044,11373,22417,25037,25764,50801,24455,23124,47579,19239,18524,37763,14366,13677,28043,9134,7965,17099,5125,5555,10680,2556,4981,7537,564,2170,2734,117194,118454,235648
2021-03-06,5679,5329,11008,11084,11427,22511,25088,25818,50906,24514,23174,47688,19290,18591,37881,14392,13718,28110,9167,7994,17161,5143,5560,10703,2561,4986,7547,564,2172,2736,117482,118769,236251
2021-03-07,5685,5343,11028,11117,11464,22581,25135,25868,51003,24572,23226,47798,19333,18634,37967,14435,13753,28188,9192,8023,17215,5149,5575,10724,2568,4989,7557,564,2173,2737,117750,119048,236798
2021-03-08,5703,5354,11057,11161,11491,22652,25220,25953,51173,24678,23304,47982,19415,18710,38125,14477,13813,28290,9239,8053,17292,5164,5595,10759,2579,5002,7581,565,2177,2742,118201,119452,237653
2021-03-09,5716,5374,11090,11212,11566,22778,25304,26026,51330,24758,23399,48157,19488,18789,38277,14543,13860,28403,9275,8083,17358,5185,5611,10796,2589,5012,7601,565,2178,2743,118635,119898,238533
2021-03-10,5736,5387,11123,11256,11626,22882,25367,26118,51485,24854,23465,48319,19538,18857,38395,14590,13922,28512,9306,8116,17422,5202,5638,10840,2592,5019,7611,565,2181,2746,119006,120329,239335
2021-03-11,5752,5409,11161,11306,11699,23005,25442,26224,51666,24942,23537,48479,19613,18919,38532,14640,13971,28611,9341,8145,17486,5218,5653,10871,2600,5031,7631,566,2182,2748,119420,120770,240190
2021-03-12,5771,5419,11190,11382,11768,23150,25523,26289,51812,25023,23613,48636,19688,19005,38693,14694,14030,28724,9368,8176,17544,5248,5677,10925,2606,5047,7653,567,2188,2755,119870,121212,241082
2021-03-13,5782,5428,11210,11435,11826,23261,25597,26355,51952,25087,23681,48768,19759,19071,38830,14734,14077,28811,9388,8204,17592,5263,5686,10949,2609,5050,7659,567,2191,2758,120221,121569,241790
2021-03-14,5792,5435,11227,11464,11880,23344,25658,26417,52075,25150,23738,48888,19804,19127,38931,14781,14124,28905,9420,8231,17651,5277,5700,10977,2614,5055,7669,567,2193,2760,120527,121900,242427
2021-03-15,5806,5458,11264,11512,11927,23439,25737,26482,52219,25249,23811,49060,19887,19188,39075,14863,14178,29041,9460,8270,17730,5308,5720,11028,2619,5065,7684,569,2202,2771,121010,122301,243311
2021-03-16,5820,5470,11290,11580,11984,23564,25827,26577,52404,25321,23890,49211,19985,19264,39249,14920,14231,29151,9486,8301,17787,5319,5730,11049,2627,5084,7711,572,2204,2776,121457,122735,244192
2021-03-17,5837,5487,11324,11650,12042,23692,25928,26672,52600,25414,23979,49393,20049,19335,39384,14959,14270,29229,9529,8334,17863,5340,5748,11088,2629,5090,7719,572,2206,2778,121907,123163,245070
2021-03-18,5858,5502,11360,11708,12098,23806,26019,26774,52793,25493,24072,49565,20115,19409,39524,15021,14320,29341,9559,8375,17934,5354,5783,11137,2634,5099,7733,572,2212,2784,122333,123644,245977
2021-03-19,5880,5523,11403,11769,12168,23937,26106,26886,52992,25591,24167,49758,20196,19495,39691,15066,14374,29440,9596,8415,18011,5380,5803,11183,2637,5113,7750,572,2212,2784,122793,124156,246949
2021-03-20,5887,5540,11427,11806,12215,24021,26177,26952,53129,25675,24234,49909,20268,19547,39815,15111,14416,29527,9629,8434,18063,5391,5819,11210,2639,5119,7758,572,2213,2785,123155,124489,247644
2021-03-21,5901,5556,11457,11847,12262,24109,26229,27012,53241,25755,24310,50065,20335,19607,39942,15143,14463,29606,9666,8467,18133,5412,5844,11256,2643,5127,7770,573,2213,2786,123504,124861,248365
2021-03-22,5924,5576,11500,11908,12330,24238,26356,27129,53485,25880,24443,50323,20432,19703,40135,15226,14537,29763,9706,8505,18211,5432,5863,11295,2649,5139,7788,574,2219,2793,124087,125444,249531
2021-03-23,5946,5589,11535,11974,12421,24395,26480,27268,53748,26017,24568,50585,20538,19806,40344,15314,14606,29920,9761,8566,18327,5456,5892,11348,2654,5154,7808,574,2223,2797,124714,126093,250807
2021-03-24,5969,5605,11574,12060,12504,24564,26607,27417,54024,26141,24683,50824,20660,19910,40570,15401,14691,30092,9813,8610,18423,5484,5918,11402,2663,5159,7822,576,2228,2804,125374,126725,252099
2021-03-25,5990,5629,11619,12152,12594,24746,26786,27594,54380,26286,24837,51123,20780,20034,40814,15487,14796,30283,9867,8669,18536,5515,5947,11462,2677,5174,7851,576,2231,2807,126116,127505,253621
2021-03-26,6025,5655,11680,12260,12689,24949,26965,27803,54768,26430,24984,51414,20933,20173,41106,15577,14897,30474,9919,8726,18645,5546,5979,11525,2687,5191,7878,576,2235,2811,126918,128332,255250
2021-03-27,6048,5676,11724,12340,12763,25103,27114,27957,55071,26550,25120,51670,21046,20303,41349,15662,14975,30637,9977,8779,18756,5571,6007,11578,2697,5204,7901,577,2236,2813,127582,129020,256602
2021-03-28,6070,5693,11763,12411,12850,25261,27247,28060,55307,26685,25249,51934,21169,20402,41571,15750,15053,30803,10024,8825,18849,5603,6034,11637,2704,5211,7915,578,2238,2816,128241,129615,257856
2021-03-29,6113,5725,11838,12527,12961,25488,27458,28278,55736,26851,25449,52300,21319,20545,41864,15897,15161,31058,10114,8878,18992,5644,6070,11714,2708,5222,7930,580,2243,2823,129211,130532,259743
2021-03-30,6136,5757,11893,12647,13076,25723,27703,28540,56243,27063,25638,52701,21505,20706,42211,16017,15290,31307,10186,8935,19121,5675,6117,11792,2717,5244,7961,586,2247,2833,130235,131550,261785
2021-03-31,6171,5790,11961,12778,13203,25981,27995,28815,56810,27282,25844,53126,21703,20874,42577,16133,15417,31550,10256,8998,19254,5705,6149,11854,2729,5262,7991,586,2253,2839,131338,132605,263943
2021-04-01,6194,5812,12006,12936,13384,26320,28291,29085,57376,27497,26061,53558,21849,21047,42896,16280,15537,31817,10338,9082,19420,5735,6178,11913,2740,5267,8007,589,2255,2844,132449,133708,266157
2021-04-02,6220,5844,12064,13067,13557,26624,28479,29283,57762,27689,26233,53922,22006,21199,43205,16394,15641,32035,10407,9139,19546,5770,6217,11987,2746,5278,8024,591,2256,2847,133369,134647,268016
2021-04-03,6243,5869,12112,13188,13671,26859,28669,29476,58145,27899,26438,54337,22181,21375,43556,16522,15765,32287,10479,9216,19695,5808,6255,12063,2758,5291,8049,594,2262,2856,134341,135618,269959
2021-04-04,6275,5891,12166,13313,13800,27113,28886,29690,58576,28105,26616,54721,22367,21540,43907,16648,15878,32526,10552,9286,19838,5842,6292,12134,2762,5303,8065,596,2265,2861,135346,136561,271907
2021-04-05,6320,5943,12263,13511,13999,27510,29236,30050,59286,28408,26963,55371,22609,21803,44412,16851,16078,32929,10673,9390,20063,5890,6352,12242,2775,5326,8101,596,2272,2868,136869,138176,275045
2021-04-06,6368,5984,12352,13675,14195,27870,29620,30385,60005,28743,27281,56024,22855,22072,44927,17044,16265,33309,10779,9481,20260,5934,6400,12334,2796,5339,8135,600,2278,2878,138414,139680,278094
2021-04-07,6412,6045,12457,13890,14420,28310,30016,30788,60804,29100,27557,56657,23118,22341,45459,17229,16441,33670,10879,9585,20464,5982,6441,12423,2814,5358,8172,602,2282,2884,140042,141258,281300
2021-04-08,6459,6102,12561,14089,14610,28699,30378,31167,61545,29406,27872,57278,23361,22612,45973,17430,16618,34048,10967,9679,20646,6032,6488,12520,2832,5379,8211,604,2285,2889,141558,142812,284370
2021-04-09,6525,6159,12684,14269,14785,29054,30688,31521,62209,29717,28174,57891,23598,22855,46453,17561,16784,34345,11045,9769,20814,6070,6524,12594,2848,5395,8243,607,2291,2898,142928,144257,287185
2021-04-10,6571,6195,12766,14430,14944,29374,30919,31829,62748,29935,28422,58357,23802,23052,46854,17694,16929,34623,11141,9852,20993,6107,6555,12662,2862,5415,8277,609,2295,2904,144070,145488,289558
2021-04-11,6603,6229,12832,14550,15110,29660,31106,32005,63111,30157,28655,58812,23992,23248,47240,17828,17058,34886,11234,9936,21170,6156,6603,12759,2869,5428,8297,611,2302,2913,145106,146574,291680
2021-04-12,6676,6279,12955,14729,15309,30038,31421,32305,63726,30497,28922,59419,24224,23515,47739,18027,17249,35276,11382,10062,21444,6224,6664,12888,2884,5450,8334,614,2307,2921,146678,148062,294740
2021-04-13,6731,6325,13056,14897,15471,30368,31722,32624,64346,30794,29212,60006,24481,23767,48248,18220,17437,35657,11509,10165,21674,6281,6725,13006,2903,5475,8378,619,2314,2933,148157,149515,297672
2021-04-14,6773,6399,13172,15092,15649,30741,32049,32982,65031,31106,29502,60608,24759,24052,48811,18441,17628,36069,11632,10299,21931,6353,6780,13133,2912,5496,8408,622,2323,2945,149739,151110,300849
2021-04-15,6833,6447,13280,15240,15792,31032,32309,33257,65566,31366,29775,61141,25009,24276,49285,18646,17797,36443,11753,10412,22165,6415,6839,13254,2925,5516,8441,625,2328,2953,151121,152439,303560
2021-04-16,6886,6498,13384,15403,15945,31348,32568,33576,66144,31671,30090,61761,25310,24549,49859,18857,17966,36823,11899,10540,22439,6470,6902,13372,2945,5538,8483,626,2335,2961,152635,153939,306574
2021-04-17,6925,6532,13457,15529,16083,31612,32793,33866,66659,31916,30354,62270,25535,24750,50285,19024,18123,37147,12014,10654,22668,6537,6969,13506,2955,5563,8518,629,2343,2972,153857,155237,309094
2021-04-18,6965,6578,13543,15638,16196,31834,32978,34066,67044,32150,30574,62724,25755,24948,50703,19210,18253,37463,12105,10753,22858,6594,7007,13601,2968,5581,8549,630,2348,2978,154993,156304,311297
2021-04-19,7025,6634,13659,15782,16347,32129,33300,34396,67696,32515,30908,63423,26051,25271,51322,19423,18455,37878,12262,10886,23148,6660,7066,13726,2983,5605,8588,630,2353,2983,156631,157921,314552
2021-04-20,7102,6699,13801,15933,16504,32437,33582,34700,68282,32855,31254,64109,26339,25547,51886,19641,18639,38280,12408,11017,23425,6718,7124,13842,3002,5641,8643,634,2356,2990,158214,159481,317695
2021-04-21,7156,6746,13902,16093,16666,32759,33860,35026,68886,33180,31560,64740,26641,25822,52463,19829,18829,38658,12543,11142,23685,6784,7190,13974,3027,5675,8702,637,2365,3002,159750,161021,320771
2021-04-22,7227,6807,14034,16237,16839,33076,34090,35276,69366,33469,31842,65311,26889,26057,52946,20001,19007,39008,12650,11267,23917,6844,7247,14091,3043,5698,8741,642,2374,3016,161092,162414,323506
2021-04-23,7296,6863,14159,16390,17001,33391,34360,35537,69897,33786,32146,65932,27137,26342,53479,20183,19186,39369,12759,11368,24127,6883,7313,14196,3062,5725,8787,644,2382,3026,162500,163863,326363
2021-04-24,7335,6896,14231,16482,17103,33585,34541,35729,70270,33985,32357,66342,27353,26548,53901,20349,19310,39659,12850,11446,24296,6919,7352,14271,3073,5755,8828,644,2390,3034,163531,164886,328417
2021-04-25,7383,6934,14317,16562,17195,33757,34700,35899,70599,34181,32552,66733,27532,26740,54272,20508,19442,39950,12933,11527,24460,6954,7395,14349,3083,5770,8853,645,2391,3036,164481,165845,330326
2021-04-26,7451,6983,14434,16670,17331,34001,34923,36154,71077,34483,32818,67301,27784,26997,54781,20694,19605,40299,13060,11634,24694,6999,7463,14462,3097,5796,8893,648,2396,3044,165809,167177,332986
2021-04-27,7515,7052,14567,16801,17468,34269,35141,36413,71554,34769,33107,67876,27998,27260,55258,20852,19764,40616,13168,11737,24905,7063,7528,14591,3119,5821,8940,653,2399,3052,167079,168549,335628
2021-04-28,7596,7106,14702,16949,17599,34548,35353,36628,71981,35039,33357,68396,28215,27502,55717,21020,19939,40959,13283,11839,25122,7122,7573,14695,3131,5843,8974,656,2405,3061,168364,169791,338155
2021-04-29,7650,7160,14810,17094,17746,34840,35593,36873,72466,35263,33640,68903,28439,27725,56164,21177,20105,41282,13390,11937,25327,7170,7630,14800,3149,5862,9011,658,2407,3065,169583,171085,340668
2021-04-30,7726,7224,14950,17226,17880,35106,35801,37132,72933,35488,33912,69400,28681,27951,56632,21342,20269,41611,13492,12074,25566,7225,7686,14911,3165,5879,9044,662,2415,3077,170808,172422,343230
2021-05-01,7772,7256,15028,17308,17961,35269,35947,37286,73233,35655,34088,69743,28825,28121,56946,21462,20375,41837,13586,12156,25742,7257,7727,14984,3171,5896,9067,662,2420,3082,171645,173286,344931
2021-05-02,7804,7290,15094,17392,18043,35435,36064,37431,73495,35813,34266,70079,28983,28280,57263,21583,20503,42086,13676,12230,25906,7288,7770,15058,3177,5914,9091,663,2425,3088,172443,174152,346595
2021-05-03,7877,7352,15229,17515,18183,35698,36293,37692,73985,36117,34557,70674,29234,28529,57763,21760,20700,42460,13810,12339,26149,7334,7827,15161,3201,5944,9145,669,2436,3105,173810,175559,349369
2021-05-04,7929,7422,15351,17640,18308,35948,36528,37903,74431,36368,34798,71166,29452,28735,58187,21941,20846,42787,13928,12428,26356,7374,7880,15254,3220,5966,9186,671,2446,3117,175051,176732,351783
2021-05-05,7984,7482,15466,17761,18421,36182,36739,38109,74848,36608,35029,71637,29646,28942,58588,22088,21006,43094,14008,12519,26527,7405,7919,15324,3233,5986,9219,673,2453,3126,176145,177866,354011
2021-05-06,8040,7537,15577,17850,18526,36376,36906,38319,75225,36807,35222,72029,29810,29118,58928,22228,21123,43351,14098,12606,26704,7442,7960,15402,3240,6005,9245,674,2462,3136,177095,178878,355973
2021-05-07,8092,7600,15692,17977,18640,36617,37078,38523,75601,37006,35430,72436,29973,29286,59259,22357,21269,43626,14197,12702,26899,7478,8001,15479,3255,6024,9279,676,2469,3145,178089,179944,358033
2021-05-08,8128,7624,15752,18051,18726,36777,37232,38664,75896,37169,35585,72754,30113,29455,59568,22473,21372,43845,14267,12762,27029,7507,8030,15537,3267,6047,9314,681,2474,3155,178888,180739,359627
2021-05-09,8167,7660,15827,18110,18799,36909,37348,38781,76129,37304,35746,73050,30247,29595,59842,22554,21451,44005,14338,12825,27163,7533,8060,15593,3273,6062,9335,685,2483,3168,179559,181462,361021
2021-05-10,8223,7728,15951,18255,18930,37185,37563,39028,76591,37570,35996,73566,30489,29826,60315,22732,21639,44371,14440,12938,27378,7588,8109,15697,3289,6098,9387,689,2489,3178,180838,182781,363619
2021-05-11,8287,7789,16076,18381,19026,37407,37755,39266,77021,37824,36234,74058,30702,30055,60757,22885,21783,44668,14535,13022,27557,7629,8155,15784,3299,6125,9424,698,2500,3198,181995,183955,365950
2021-05-12,8336,7839,16175,18471,19124,37595,37948,39461,77409,38038,36450,74488,30897,30240,61137,23034,21934,44968,14620,13100,27720,7668,8194,15862,3309,6146,9455,701,2508,3209,183022,184996,368018
2021-05-13,8354,7845,16199,18517,19178,37695,38036,39562,77598,38136,36563,74699,30968,30323,61291,23085,22015,45100,14651,13136,27787,7682,8212,15894,3314,6155,9469,703,2514,3217,183446,185503,368949
2021-05-14,8358,7849,16207,18528,19196,37724,38066,39597,77663,38165,36602,74767,31000,30358,61358,23106,22034,45140,14657,13146,27803,7687,8215,15902,3316,6157,9473,703,2514,3217,183586,185668,369254
