FECHA,<=10M,<=10F,<=10,11-20M,11-20F,11-20,21-30M,21-30F,21-30,31-40M,31-40F,31-40,41-50M,41-50F,41-50,51-60M,51-60F,51-60,61-70M,61-70F,61-70,71-80M,71-80F,71-80,81-90M,81-90F,81-90,>=91M,>=91F,>=91,TotalM,TotalF,Total
2020-03-15,1,0,1,0,0,0,0,1,1,2,1,3,0,0,0,1,0,1,1,0,1,1,1,2,0,0,0,0,0,0,6,3,9
2020-03-16,2,2,4,0,1,1,1,2,3,3,2,5,0,0,0,3,0,3,3,1,4,1,1,2,0,0,0,0,0,0,13,9,22
2020-03-17,2,6,8,0,2,2,1,3,4,4,2,6,0,2,2,4,1,5,4,2,6,3,3,6,1,0,1,0,0,0,19,21,40
2020-03-18,4,7,11,0,2,2,1,3,4,6,3,9,0,3,3,5,2,7,4,4,8,4,3,7,2,0,2,0,0,0,26,27,53
2020-03-19,5,7,12,0,2,2,4,4,8,8,5,13,1,4,5,5,2,7,5,5,10,5,4,9,2,0,2,1,0,1,36,33,69
2020-03-20,6,8,14,1,2,3,4,4,8,9,7,16,1,4,5,5,3,8,5,6,11,7,6,13,3,0,3,1,0,1,42,40,82
2020-03-21,6,8,14,2,2,4,5,6,11,11,8,19,2,5,7,5,3,8,7,7,14,8,7,15,3,0,3,2,0,2,51,46,97
2020-03-22,6,8,14,2,2,4,8,7,15,11,8,19,2,5,7,6,4,10,7,8,15,10,7,17,6,2,8,2,0,2,60,51,111
2020-03-23,7,8,15,3,4,7,9,8,17,12,9,21,2,6,8,8,4,12,9,8,17,13,9,22,9,5,14,2,2,4,74,63,137
2020-03-24,8,8,16,3,4,7,9,8,17,13,10,23,2,7,9,10,5,15,9,8,17,15,9,24,10,6,16,3,2,5,82,67,149
2020-03-25,9,10,19,3,4,7,10,10,20,14,11,25,2,7,9,10,7,17,11,9,20,17,11,28,12,10,22,5,3,8,93,82,175
2020-03-26,13,13,26,5,4,9,11,12,23,18,13,31,3,10,13,13,8,21,12,13,25,20,12,32,16,10,26,8,4,12,119,99,218
2020-03-27,15,15,30,5,5,10,11,13,24,21,13,34,4,13,17,14,10,24,13,17,30,24,18,42,19,13,32,10,10,20,136,127,263
2020-03-28,17,15,32,5,5,10,12,13,25,21,14,35,5,14,19,17,11,28,16,17,33,28,24,52,21,14,35,11,10,21,153,137,290
2020-03-29,18,15,33,6,6,12,12,14,26,23,14,37,7,16,23,17,11,28,22,20,42,32,25,57,25,16,41,13,11,24,175,148,323
2020-03-30,20,16,36,6,6,12,13,18,31,24,16,40,11,18,29,18,12,30,27,20,47,35,30,65,30,17,47,16,13,29,200,166,366
2020-03-31,26,18,44,8,6,14,15,19,34,27,18,45,14,18,32,19,13,32,31,21,52,39,33,72,32,20,52,20,13,33,231,179,410
2020-04-01,32,25,57,8,8,16,18,22,40,30,19,49,24,21,45,22,14,36,35,24,59,44,35,79,37,26,63,20,14,34,270,208,478
2020-04-02,36,31,67,12,12,24,18,26,44,33,23,56,27,25,52,23,18,41,40,28,68,51,41,92,42,31,73,22,18,40,304,253,557
2020-04-03,50,38,88,15,14,29,21,31,52,38,29,67,30,31,61,24,22,46,46,31,77,55,43,98,47,38,85,23,23,46,349,300,649
2020-04-04,57,44,101,16,15,31,23,35,58,40,38,78,34,32,66,28,22,50,51,33,84,57,46,103,51,40,91,24,26,50,381,331,712
2020-04-05,61,50,111,18,16,34,29,35,64,44,39,83,42,33,75,32,24,56,52,42,94,62,54,116,55,44,99,26,29,55,421,366,787
2020-04-06,70,56,126,21,17,38,33,37,70,55,40,95,50,37,87,39,25,64,56,48,104,72,57,129,61,49,110,27,32,59,484,398,882
2020-04-07,77,63,140,22,19,41,38,40,78,59,45,104,55,41,96,43,26,69,59,51,110,78,64,142,68,59,127,29,33,62,528,441,969
2020-04-08,83,68,151,24,20,44,40,42,82,63,47,110,61,44,105,46,28,74,65,55,120,87,68,155,70,62,132,32,39,71,571,473,1044
2020-04-09,84,69,153,25,22,47,42,48,90,74,54,128,63,47,110,51,34,85,69,57,126,94,77,171,73,71,144,36,44,80,611,523,1134
2020-04-10,97,71,168,27,25,52,44,52,96,77,55,132,71,48,119,52,36,88,74,58,132,95,87,182,77,78,155,38,49,87,652,559,1211
2020-04-11,102,75,177,29,27,56,48,56,104,81,57,138,75,49,124,53,39,92,76,64,140,100,89,189,81,85,166,39,54,93,684,595,1279
2020-04-12,107,80,187,30,27,57,48,58,106,85,58,143,77,54,131,59,40,99,78,67,145,103,96,199,84,89,173,40,56,96,711,625,1336
2020-04-13,110,86,196,34,30,64,56,62,118,89,64,153,80,56,136,63,44,107,84,71,155,107,103,210,91,97,188,45,62,107,759,675,1434
2020-04-14,122,90,212,36,30,66,62,67,129,95,66,161,85,61,146,71,49,120,88,78,166,114,108,222,98,101,199,49,66,115,820,716,1536
2020-04-15,129,93,222,40,35,75,63,70,133,101,72,173,89,72,161,74,57,131,93,80,173,122,110,232,106,109,215,54,69,123,871,767,1638
2020-04-16,136,95,231,44,39,83,68,73,141,108,82,190,98,80,178,81,64,145,97,90,187,128,114,242,111,114,225,54,73,127,925,824,1749
2020-04-17,142,99,241,45,41,86,69,80,149,113,92,205,106,85,191,88,69,157,104,93,197,140,120,260,116,121,237,55,77,132,978,877,1855
2020-04-18,148,105,253,47,41,88,77,82,159,124,95,219,113,89,202,93,71,164,106,95,201,144,130,274,121,128,249,58,82,140,1031,918,1949
2020-04-19,153,111,264,50,42,92,80,84,164,128,98,226,116,91,207,98,77,175,108,102,210,150,138,288,123,135,258,60,83,143,1066,961,2027
2020-04-20,162,116,278,59,48,107,90,85,175,139,103,242,122,98,220,105,79,184,118,109,227,165,148,313,132,143,275,65,98,163,1157,1027,2184
2020-04-21,171,123,294,62,51,113,102,87,189,145,112,257,124,100,224,109,86,195,122,115,237,176,160,336,139,153,292,68,108,176,1218,1095,2313
2020-04-22,179,128,307,65,56,121,108,94,202,154,114,268,134,107,241,112,91,203,127,118,245,186,174,360,147,164,311,75,115,190,1287,1161,2448
2020-04-23,190,137,327,69,61,130,112,102,214,162,118,280,141,108,249,115,98,213,133,122,255,193,182,375,159,173,332,82,125,207,1356,1226,2582
2020-04-24,199,146,345,74,65,139,118,109,227,173,128,301,145,112,257,121,104,225,140,131,271,203,191,394,169,189,358,85,128,213,1427,1303,2730
2020-04-25,207,148,355,78,66,144,120,113,233,179,136,315,149,115,264,126,108,234,146,134,280,209,193,402,178,203,381,90,133,223,1482,1349,2831
2020-04-26,212,161,373,82,72,154,122,115,237,182,138,320,156,119,275,128,111,239,152,139,291,213,201,414,186,210,396,91,136,227,1524,1402,2926
2020-04-27,222,170,392,86,75,161,127,120,247,185,145,330,159,126,285,134,118,252,160,146,306,231,206,437,197,223,420,94,142,236,1595,1471,3066
2020-04-28,234,177,411,89,78,167,135,128,263,193,152,345,163,132,295,141,124,265,164,153,317,234,218,452,203,237,440,96,146,242,1652,1545,3197
2020-04-29,244,185,429,93,81,174,146,134,280,208,159,367,172,137,309,148,129,277,167,161,328,243,222,465,206,251,457,101,157,258,1728,1616,3344
2020-04-30,256,192,448,102,83,185,153,135,288,211,163,374,180,143,323,155,135,290,176,171,347,249,231,480,215,267,482,108,165,273,1805,1685,3490
2020-05-01,256,201,457,107,87,194,154,138,292,219,171,390,189,150,339,161,137,298,186,176,362,256,239,495,223,277,500,108,169,277,1859,1745,3604
2020-05-02,260,213,473,111,93,204,160,139,299,227,176,403,194,155,349,168,138,306,189,178,367,262,241,503,229,287,516,109,172,281,1909,1792,3701
2020-05-03,265,217,482,113,94,207,166,143,309,235,180,415,198,160,358,175,140,315,196,185,381,266,248,514,237,295,532,112,177,289,1963,1839,3802
2020-05-04,279,232,511,118,96,214,172,149,321,242,186,428,201,163,364,181,143,324,203,196,399,281,260,541,244,313,557,115,181,296,2036,1919,3955
2020-05-05,285,238,523,124,97,221,180,156,336,253,195,448,206,171,377,188,148,336,213,201,414,295,265,560,249,327,576,117,190,307,2110,1988,4098
2020-05-06,293,246,539,127,97,224,187,162,349,264,204,468,221,177,398,191,153,344,222,204,426,312,279,591,255,338,593,122,196,318,2194,2056,4250
2020-05-07,307,253,560,132,102,234,198,166,364,272,210,482,234,185,419,196,158,354,229,208,437,326,284,610,261,350,611,123,204,327,2278,2120,4398
2020-05-08,318,262,580,136,105,241,207,173,380,281,221,502,245,194,439,206,161,367,234,217,451,336,292,628,272,362,634,126,217,343,2361,2204,4565
2020-05-09,331,268,599,139,105,244,209,183,392,286,226,512,251,200,451,210,164,374,239,224,463,348,294,642,277,372,649,131,224,355,2421,2260,4681
2020-05-10,338,275,613,140,106,246,215,189,404,289,232,521,253,203,456,214,168,382,245,228,473,357,303,660,282,381,663,132,232,364,2465,2317,4782
2020-05-11,349,286,635,146,110,256,221,193,414,298,239,537,260,212,472,222,172,394,256,231,487,367,313,680,293,397,690,136,245,381,2548,2398,4946
2020-05-12,358,294,652,152,118,270,239,207,446,318,244,562,266,221,487,227,175,402,265,236,501,372,323,695,302,410,712,142,256,398,2641,2484,5125
2020-05-13,378,303,681,161,127,288,251,214,465,328,258,586,278,225,503,233,182,415,271,241,512,381,329,710,308,424,732,144,265,409,2733,2568,5301
2020-05-14,395,322,717,169,133,302,262,231,493,339,270,609,287,233,520,238,189,427,279,251,530,388,340,728,318,435,753,146,280,426,2821,2684,5505
2020-05-15,408,336,744,174,138,312,269,239,508,345,279,624,295,245,540,246,194,440,288,259,547,394,346,740,328,453,781,151,291,442,2898,2780,5678
2020-05-16,414,349,763,180,142,322,273,247,520,353,290,643,301,251,552,252,202,454,292,264,556,403,349,752,334,458,792,156,303,459,2958,2855,5813
2020-05-17,425,359,784,183,146,329,282,252,534,359,296,655,308,259,567,255,204,459,297,269,566,408,353,761,344,467,811,160,310,470,3021,2915,5936
2020-05-18,440,374,814,188,154,342,300,268,568,377,306,683,318,270,588,267,211,478,305,281,586,423,366,789,360,479,839,162,321,483,3140,3030,6170
2020-05-19,456,386,842,199,162,361,322,287,609,405,322,727,337,279,616,278,223,501,318,291,609,432,383,815,371,497,868,164,331,495,3282,3161,6443
2020-05-20,477,414,891,206,172,378,343,299,642,436,335,771,353,291,644,285,233,518,333,301,634,441,393,834,383,513,896,170,337,507,3427,3288,6715
2020-05-21,497,438,935,220,178,398,365,315,680,460,350,810,362,305,667,297,240,537,342,308,650,455,401,856,389,529,918,171,341,512,3558,3405,6963
2020-05-22,515,453,968,231,188,419,385,333,718,480,371,851,376,314,690,307,244,551,347,317,664,463,409,872,396,540,936,177,355,532,3677,3524,7201
2020-05-23,524,466,990,242,197,439,403,344,747,501,384,885,384,323,707,312,250,562,357,328,685,472,419,891,404,545,949,180,357,537,3779,3613,7392
2020-05-24,536,477,1013,250,205,455,411,349,760,512,392,904,391,325,716,318,253,571,366,332,698,481,425,906,409,556,965,182,363,545,3856,3677,7533
2020-05-25,558,495,1053,265,216,481,425,363,788,523,402,925,401,332,733,323,260,583,370,336,706,494,427,921,417,571,988,183,371,554,3959,3773,7732
2020-05-26,581,516,1097,279,230,509,447,385,832,560,417,977,416,346,762,331,273,604,377,341,718,507,431,938,427,585,1012,186,382,568,4111,3906,8017
2020-05-27,609,540,1149,295,241,536,459,402,861,579,428,1007,428,355,783,346,284,630,385,348,733,511,442,953,432,601,1033,190,384,574,4234,4025,8259
2020-05-28,628,570,1198,310,247,557,481,424,905,594,440,1034,443,365,808,355,298,653,394,360,754,523,447,970,444,616,1060,196,399,595,4368,4166,8534
2020-05-29,653,592,1245,331,260,591,511,447,958,618,466,1084,462,378,840,368,312,680,405,365,770,537,456,993,457,632,1089,198,403,601,4540,4311,8851
2020-05-30,675,609,1284,343,269,612,536,469,1005,650,474,1124,472,389,861,376,323,699,411,370,781,546,465,1011,466,642,1108,199,412,611,4674,4422,9096
2020-05-31,692,621,1313,352,277,629,550,475,1025,658,484,1142,479,393,872,380,329,709,416,374,790,556,470,1026,471,650,1121,200,420,620,4754,4493,9247
2020-06-01,716,639,1355,364,291,655,568,504,1072,682,509,1191,491,408,899,390,340,730,434,384,818,568,478,1046,477,659,1136,205,423,628,4895,4635,9530
2020-06-02,745,658,1403,383,308,691,590,522,1112,698,529,1227,510,423,933,398,350,748,447,391,838,587,487,1074,482,672,1154,210,435,645,5050,4775,9825
2020-06-03,766,671,1437,396,329,725,609,546,1155,720,550,1270,520,437,957,405,358,763,458,402,860,600,497,1097,494,688,1182,212,445,657,5180,4923,10103
2020-06-04,789,691,1480,409,344,753,633,563,1196,734,565,1299,530,447,977,422,367,789,467,407,874,617,507,1124,504,701,1205,215,455,670,5320,5047,10367
2020-06-05,819,720,1539,419,358,777,662,578,1240,758,596,1354,554,466,1020,437,385,822,479,417,896,630,519,1149,515,721,1236,218,464,682,5491,5224,10715
2020-06-06,837,739,1576,430,365,795,677,589,1266,779,614,1393,565,476,1041,450,391,841,488,426,914,639,528,1167,524,737,1261,221,473,694,5610,5338,10948
2020-06-07,847,755,1602,442,375,817,693,597,1290,790,620,1410,577,482,1059,459,397,856,494,430,924,647,534,1181,533,749,1282,224,481,705,5706,5420,11126
2020-06-08,867,778,1645,457,392,849,718,616,1334,817,641,1458,606,496,1102,474,412,886,507,438,945,663,548,1211,543,766,1309,228,488,716,5880,5575,11455
2020-06-09,905,798,1703,471,411,882,735,639,1374,836,665,1501,632,514,1146,485,418,903,520,443,963,670,561,1231,555,791,1346,231,499,730,6040,5739,11779
2020-06-10,921,818,1739,481,423,904,769,656,1425,857,690,1547,653,529,1182,503,432,935,532,453,985,689,582,1271,561,809,1370,237,515,752,6203,5907,12110
2020-06-11,946,845,1791,492,436,928,786,677,1463,882,714,1596,665,542,1207,514,447,961,544,468,1012,704,596,1300,566,833,1399,241,530,771,6340,6088,12428
2020-06-12,974,879,1853,500,452,952,823,699,1522,918,750,1668,690,567,1257,528,458,986,563,482,1045,718,610,1328,572,853,1425,245,539,784,6531,6289,12820
2020-06-13,998,903,1901,515,467,982,849,726,1575,941,766,1707,699,581,1280,543,468,1011,572,486,1058,732,619,1351,578,868,1446,247,545,792,6674,6429,13103
2020-06-14,1015,924,1939,530,476,1006,865,738,1603,955,774,1729,712,591,1303,551,479,1030,581,489,1070,735,631,1366,591,888,1479,248,553,801,6783,6543,13326
2020-06-15,1035,948,1983,548,489,1037,887,757,1644,973,791,1764,729,599,1328,560,487,1047,590,493,1083,746,638,1384,598,902,1500,249,563,812,6915,6667,13582
2020-06-16,1071,991,2062,563,506,1069,934,783,1717,1015,814,1829,753,619,1372,579,500,1079,603,503,1106,759,645,1404,610,924,1534,252,577,829,7139,6862,14001
2020-06-17,1098,1018,2116,580,524,1104,966,807,1773,1045,844,1889,781,633,1414,600,512,1112,616,513,1129,766,662,1428,627,938,1565,254,586,840,7333,7037,14370
2020-06-18,1135,1051,2186,592,534,1126,1006,835,1841,1090,878,1968,813,644,1457,622,526,1148,633,530,1163,777,678,1455,641,958,1599,256,598,854,7565,7232,14797
2020-06-19,1177,1074,2251,603,554,1157,1030,851,1881,1133,898,2031,841,670,1511,651,541,1192,650,542,1192,799,691,1490,656,977,1633,264,610,874,7804,7408,15212
2020-06-20,1204,1097,2301,614,570,1184,1057,871,1928,1164,918,2082,858,688,1546,662,555,1217,663,553,1216,810,698,1508,663,991,1654,267,617,884,7962,7558,15520
2020-06-21,1227,1110,2337,626,580,1206,1078,887,1965,1184,935,2119,872,696,1568,675,561,1236,670,562,1232,817,703,1520,668,1002,1670,268,624,892,8085,7660,15745
2020-06-22,1260,1142,2402,646,598,1244,1103,919,2022,1217,953,2170,897,714,1611,692,584,1276,684,577,1261,836,715,1551,675,1020,1695,270,636,906,8280,7858,16138
2020-06-23,1298,1173,2471,667,620,1287,1140,946,2086,1260,983,2243,924,734,1658,707,608,1315,697,593,1290,845,724,1569,686,1036,1722,274,643,917,8498,8060,16558
2020-06-24,1326,1202,2528,690,635,1325,1176,983,2159,1290,1016,2306,953,755,1708,726,627,1353,706,609,1315,856,735,1591,698,1049,1747,276,648,924,8697,8259,16956
2020-06-25,1358,1243,2601,715,663,1378,1203,1008,2211,1322,1041,2363,989,780,1769,756,648,1404,712,618,1330,863,747,1610,706,1061,1767,281,654,935,8905,8463,17368
2020-06-26,1389,1266,2655,740,684,1424,1245,1038,2283,1353,1073,2426,1015,801,1816,772,664,1436,727,631,1358,872,763,1635,715,1080,1795,283,663,946,9111,8663,17774
2020-06-27,1429,1302,2731,764,711,1475,1273,1065,2338,1380,1097,2477,1037,818,1855,785,670,1455,741,636,1377,876,774,1650,719,1087,1806,287,668,955,9291,8828,18119
2020-06-28,1464,1320,2784,774,723,1497,1285,1090,2375,1406,1117,2523,1053,834,1887,799,682,1481,750,641,1391,883,781,1664,726,1097,1823,293,675,968,9433,8960,18393
2020-06-29,1497,1359,2856,799,747,1546,1313,1109,2422,1445,1140,2585,1074,850,1924,813,704,1517,769,650,1419,896,796,1692,737,1109,1846,298,684,982,9641,9148,18789
2020-06-30,1517,1390,2907,807,765,1572,1347,1135,2482,1473,1171,2644,1100,872,1972,829,719,1548,787,658,1445,913,805,1718,746,1125,1871,300,695,995,9819,9335,19154
2020-07-01,1545,1416,2961,817,787,1604,1393,1167,2560,1503,1198,2701,1122,894,2016,848,745,1593,800,667,1467,923,813,1736,755,1146,1901,303,701,1004,10009,9534,19543
2020-07-02,1583,1452,3035,834,806,1640,1424,1199,2623,1541,1231,2772,1152,917,2069,862,765,1627,815,675,1490,930,825,1755,766,1157,1923,307,705,1012,10214,9732,19946
2020-07-03,1623,1478,3101,862,821,1683,1454,1219,2673,1577,1266,2843,1175,940,2115,878,780,1658,831,686,1517,939,839,1778,774,1174,1948,312,709,1021,10425,9912,20337
2020-07-04,1647,1508,3155,877,837,1714,1479,1248,2727,1604,1285,2889,1199,955,2154,892,790,1682,843,691,1534,947,852,1799,779,1184,1963,315,715,1030,10582,10065,20647
2020-07-05,1666,1532,3198,895,846,1741,1500,1271,2771,1628,1308,2936,1206,975,2181,907,805,1712,860,704,1564,961,864,1825,788,1197,1985,318,724,1042,10729,10226,20955
2020-07-06,1683,1556,3239,912,859,1771,1529,1305,2834,1662,1328,2990,1235,997,2232,930,823,1753,878,726,1604,978,888,1866,798,1218,2016,321,733,1054,10926,10433,21359
2020-07-07,1714,1602,3316,926,878,1804,1568,1333,2901,1699,1357,3056,1257,1025,2282,955,837,1792,893,741,1634,989,900,1889,808,1238,2046,328,744,1072,11137,10655,21792
2020-07-08,1747,1621,3368,948,897,1845,1611,1364,2975,1730,1387,3117,1291,1059,2350,976,858,1834,908,758,1666,1003,920,1923,820,1253,2073,332,758,1090,11366,10875,22241
2020-07-09,1771,1638,3409,963,907,1870,1635,1387,3022,1760,1407,3167,1313,1078,2391,987,869,1856,915,774,1689,1011,942,1953,824,1267,2091,338,766,1104,11517,11035,22552
2020-07-10,1790,1655,3445,981,921,1902,1660,1407,3067,1788,1426,3214,1332,1098,2430,999,881,1880,928,789,1717,1027,953,1980,836,1282,2118,340,776,1116,11681,11188,22869
2020-07-11,1810,1681,3491,995,930,1925,1677,1427,3104,1808,1448,3256,1351,1113,2464,1015,896,1911,944,800,1744,1040,968,2008,840,1299,2139,342,785,1127,11822,11347,23169
2020-07-12,1827,1696,3523,1009,937,1946,1693,1443,3136,1825,1459,3284,1364,1121,2485,1022,905,1927,953,809,1762,1049,973,2022,847,1310,2157,346,792,1138,11935,11445,23380
2020-07-13,1851,1726,3577,1026,958,1984,1731,1470,3201,1856,1491,3347,1394,1147,2541,1046,933,1979,983,831,1814,1066,1001,2067,859,1355,2214,348,815,1163,12160,11727,23887
2020-07-14,1879,1755,3634,1049,970,2019,1762,1492,3254,1905,1521,3426,1426,1170,2596,1071,942,2013,1004,853,1857,1082,1027,2109,865,1372,2237,355,829,1184,12398,11931,24329
2020-07-15,1905,1782,3687,1077,987,2064,1790,1535,3325,1951,1560,3511,1458,1206,2664,1093,968,2061,1026,874,1900,1092,1041,2133,879,1389,2268,363,834,1197,12634,12176,24810
2020-07-16,1939,1800,3739,1092,1013,2105,1825,1575,3400,1991,1588,3579,1488,1236,2724,1119,994,2113,1039,888,1927,1106,1056,2162,897,1419,2316,365,852,1217,12861,12421,25282
2020-07-17,1973,1829,3802,1113,1024,2137,1850,1602,3452,2027,1627,3654,1522,1273,2795,1146,1024,2170,1061,915,1976,1124,1069,2193,912,1440,2352,369,862,1231,13097,12665,25762
2020-07-18,1995,1852,3847,1127,1035,2162,1880,1630,3510,2055,1661,3716,1546,1295,2841,1172,1040,2212,1083,932,2015,1133,1079,2212,926,1461,2387,371,867,1238,13288,12852,26140
2020-07-19,2020,1878,3898,1136,1049,2185,1901,1651,3552,2076,1680,3756,1564,1310,2874,1192,1059,2251,1094,942,2036,1145,1087,2232,935,1477,2412,374,873,1247,13437,13006,26443
2020-07-20,2061,1913,3974,1168,1075,2243,1950,1686,3636,2119,1723,3842,1601,1360,2961,1222,1093,2315,1116,970,2086,1165,1106,2271,954,1500,2454,377,885,1262,13733,13311,27044
2020-07-21,2093,1943,4036,1189,1093,2282,1989,1720,3709,2169,1747,3916,1638,1388,3026,1251,1119,2370,1142,996,2138,1184,1129,2313,968,1523,2491,382,896,1278,14005,13554,27559
2020-07-22,2143,1974,4117,1208,1112,2320,2040,1754,3794,2217,1795,4012,1685,1418,3103,1271,1143,2414,1155,1017,2172,1204,1145,2349,982,1552,2534,383,905,1288,14288,13815,28103
2020-07-23,2181,2009,4190,1232,1128,2360,2083,1795,3878,2257,1835,4092,1712,1441,3153,1299,1162,2461,1171,1037,2208,1220,1167,2387,990,1571,2561,389,916,1305,14534,14061,28595
2020-07-24,2207,2038,4245,1250,1148,2398,2126,1837,3963,2299,1879,4178,1740,1472,3212,1330,1178,2508,1201,1051,2252,1231,1185,2416,999,1597,2596,392,929,1321,14775,14314,29089
2020-07-25,2234,2059,4293,1271,1159,2430,2160,1863,4023,2331,1912,4243,1768,1493,3261,1342,1186,2528,1214,1063,2277,1241,1197,2438,1010,1613,2623,397,933,1330,14968,14478,29446
2020-07-26,2256,2080,4336,1283,1172,2455,2175,1878,4053,2352,1934,4286,1793,1505,3298,1359,1198,2557,1224,1071,2295,1254,1205,2459,1016,1628,2644,403,940,1343,15115,14611,29726
2020-07-27,2281,2111,4392,1305,1195,2500,2220,1909,4129,2392,1968,4360,1836,1547,3383,1385,1231,2616,1242,1095,2337,1270,1226,2496,1033,1649,2682,408,958,1366,15372,14889,30261
2020-07-28,2315,2138,4453,1324,1212,2536,2273,1953,4226,2441,2001,4442,1873,1579,3452,1417,1263,2680,1271,1121,2392,1283,1252,2535,1045,1669,2714,413,976,1389,15655,15164,30819
2020-07-29,2344,2173,4517,1344,1239,2583,2324,1991,4315,2484,2041,4525,1916,1615,3531,1446,1300,2746,1290,1147,2437,1305,1273,2578,1061,1699,2760,419,999,1418,15933,15477,31410
2020-07-30,2383,2204,4587,1372,1269,2641,2396,2041,4437,2540,2089,4629,1962,1645,3607,1479,1331,2810,1312,1178,2490,1319,1291,2610,1068,1717,2785,421,1005,1426,16252,15770,32022
2020-07-31,2414,2245,4659,1389,1289,2678,2436,2089,4525,2603,2138,4741,2003,1677,3680,1513,1354,2867,1334,1209,2543,1336,1316,2652,1079,1744,2823,426,1023,1449,16533,16084,32617
2020-08-01,2439,2264,4703,1400,1308,2708,2462,2119,4581,2630,2166,4796,2028,1710,3738,1535,1376,2911,1353,1217,2570,1351,1331,2682,1091,1765,2856,427,1034,1461,16716,16290,33006
2020-08-02,2466,2285,4751,1412,1321,2733,2487,2134,4621,2656,2197,4853,2045,1735,3780,1547,1399,2946,1364,1232,2596,1357,1349,2706,1101,1778,2879,429,1041,1470,16864,16471,33335
2020-08-03,2505,2326,4831,1435,1343,2778,2528,2175,4703,2704,2232,4936,2078,1763,3841,1572,1426,2998,1390,1249,2639,1367,1369,2736,1113,1808,2921,432,1055,1487,17124,16746,33870
2020-08-04,2541,2356,4897,1461,1371,2832,2583,2204,4787,2757,2271,5028,2126,1795,3921,1605,1452,3057,1416,1266,2682,1383,1388,2771,1130,1837,2967,437,1072,1509,17439,17012,34451
2020-08-05,2579,2393,4972,1492,1393,2885,2630,2234,4864,2797,2315,5112,2155,1827,3982,1636,1482,3118,1441,1288,2729,1401,1405,2806,1146,1858,3004,440,1079,1519,17717,17274,34991
2020-08-06,2612,2417,5029,1511,1419,2930,2677,2280,4957,2837,2360,5197,2206,1864,4070,1667,1514,3181,1464,1306,2770,1417,1423,2840,1162,1881,3043,445,1091,1536,17998,17555,35553
2020-08-07,2660,2451,5111,1538,1441,2979,2724,2316,5040,2877,2398,5275,2243,1910,4153,1697,1534,3231,1482,1329,2811,1434,1446,2880,1176,1918,3094,449,1112,1561,18280,17855,36135
2020-08-08,2690,2479,5169,1552,1456,3008,2751,2344,5095,2924,2441,5365,2265,1940,4205,1725,1561,3286,1501,1347,2848,1448,1471,2919,1187,1934,3121,450,1131,1581,18493,18104,36597
2020-08-09,2714,2505,5219,1562,1466,3028,2776,2368,5144,2956,2464,5420,2285,1972,4257,1749,1587,3336,1521,1362,2883,1461,1493,2954,1200,1972,3172,454,1149,1603,18678,18338,37016
2020-08-10,2753,2538,5291,1585,1488,3073,2834,2413,5247,3009,2496,5505,2326,2011,4337,1779,1620,3399,1540,1376,2916,1477,1516,2993,1214,1992,3206,458,1160,1618,18975,18610,37585
2020-08-11,2786,2571,5357,1618,1508,3126,2885,2453,5338,3081,2542,5623,2372,2047,4419,1811,1650,3461,1566,1393,2959,1499,1547,3046,1229,2020,3249,464,1172,1636,19311,18903,38214
2020-08-12,2818,2607,5425,1647,1523,3170,2931,2500,5431,3120,2609,5729,2415,2091,4506,1838,1681,3519,1592,1415,3007,1514,1570,3084,1241,2041,3282,469,1188,1657,19585,19225,38810
2020-08-13,2838,2637,5475,1678,1544,3222,2988,2551,5539,3185,2672,5857,2460,2129,4589,1875,1716,3591,1613,1439,3052,1540,1586,3126,1251,2065,3316,473,1203,1676,19901,19542,39443
2020-08-14,2861,2662,5523,1697,1561,3258,3051,2603,5654,3239,2723,5962,2514,2165,4679,1911,1750,3661,1640,1461,3101,1560,1617,3177,1264,2086,3350,476,1215,1691,20213,19843,40056
2020-08-15,2898,2683,5581,1723,1574,3297,3080,2641,5721,3282,2768,6050,2535,2201,4736,1934,1778,3712,1662,1479,3141,1574,1645,3219,1274,2127,3401,480,1232,1712,20442,20128,40570
2020-08-16,2929,2698,5627,1734,1581,3315,3114,2672,5786,3309,2795,6104,2553,2225,4778,1953,1796,3749,1672,1496,3168,1586,1658,3244,1285,2157,3442,484,1253,1737,20619,20331,40950
2020-08-17,2950,2713,5663,1754,1599,3353,3152,2705,5857,3347,2837,6184,2584,2258,4842,1980,1831,3811,1684,1528,3212,1597,1671,3268,1294,2174,3468,484,1268,1752,20826,20584,41410
2020-08-18,2988,2748,5736,1780,1611,3391,3193,2744,5937,3402,2884,6286,2627,2293,4920,2004,1876,3880,1703,1559,3262,1620,1697,3317,1303,2192,3495,484,1286,1770,21104,20890,41994
2020-08-19,3026,2781,5807,1802,1634,3436,3230,2795,6025,3458,2933,6391,2659,2332,4991,2036,1901,3937,1722,1584,3306,1637,1723,3360,1314,2228,3542,488,1304,1792,21372,21215,42587
2020-08-20,3050,2805,5855,1822,1650,3472,3275,2838,6113,3497,2978,6475,2687,2375,5062,2065,1925,3990,1744,1614,3358,1649,1742,3391,1329,2251,3580,491,1316,1807,21609,21494,43103
2020-08-21,3076,2842,5918,1848,1671,3519,3313,2878,6191,3544,3024,6568,2732,2415,5147,2099,1969,4068,1773,1640,3413,1671,1778,3449,1343,2284,3627,496,1326,1822,21895,21827,43722
2020-08-22,3090,2858,5948,1872,1689,3561,3341,2904,6245,3573,3062,6635,2765,2444,5209,2116,1989,4105,1794,1659,3453,1682,1797,3479,1351,2297,3648,499,1340,1839,22083,22039,44122
2020-08-23,3111,2887,5998,1883,1701,3584,3363,2918,6281,3604,3089,6693,2787,2462,5249,2139,2011,4150,1809,1675,3484,1691,1819,3510,1362,2304,3666,504,1344,1848,22253,22210,44463
2020-08-24,3150,2929,6079,1902,1721,3623,3401,2965,6366,3655,3129,6784,2822,2501,5323,2180,2038,4218,1830,1704,3534,1707,1842,3549,1378,2326,3704,510,1363,1873,22535,22518,45053
2020-08-25,3174,2955,6129,1925,1738,3663,3445,3020,6465,3708,3189,6897,2852,2533,5385,2207,2070,4277,1849,1731,3580,1720,1861,3581,1394,2354,3748,516,1380,1896,22790,22831,45621
2020-08-26,3217,2975,6192,1950,1762,3712,3504,3067,6571,3765,3232,6997,2891,2573,5464,2238,2104,4342,1877,1749,3626,1740,1887,3627,1410,2380,3790,519,1396,1915,23111,23125,46236
2020-08-27,3252,3003,6255,1981,1788,3769,3562,3122,6684,3821,3277,7098,2942,2619,5561,2272,2138,4410,1897,1779,3676,1764,1912,3676,1426,2407,3833,524,1421,1945,23441,23466,46907
2020-08-28,3286,3034,6320,2020,1808,3828,3629,3184,6813,3875,3335,7210,2993,2667,5660,2313,2190,4503,1919,1807,3726,1788,1939,3727,1437,2427,3864,530,1431,1961,23790,23822,47612
2020-08-29,3312,3048,6360,2030,1820,3850,3679,3222,6901,3912,3394,7306,3035,2706,5741,2336,2211,4547,1945,1824,3769,1804,1957,3761,1445,2451,3896,533,1447,1980,24031,24080,48111
2020-08-30,3335,3073,6408,2050,1837,3887,3706,3252,6958,3951,3426,7377,3068,2736,5804,2358,2231,4589,1959,1841,3800,1812,1972,3784,1454,2459,3913,536,1452,1988,24229,24279,48508
2020-08-31,3370,3094,6464,2073,1853,3926,3751,3296,7047,4000,3476,7476,3111,2782,5893,2383,2262,4645,1987,1872,3859,1838,1994,3832,1473,2495,3968,538,1468,2006,24524,24592,49116
2020-09-01,3407,3124,6531,2092,1887,3979,3801,3341,7142,4075,3536,7611,3165,2815,5980,2414,2305,4719,2007,1890,3897,1854,2016,3870,1488,2539,4027,545,1481,2026,24848,24934,49782
2020-09-02,3437,3139,6576,2111,1902,4013,3833,3394,7227,4106,3592,7698,3206,2846,6052,2442,2335,4777,2023,1913,3936,1879,2039,3918,1504,2565,4069,548,1511,2059,25089,25236,50325
2020-09-03,3466,3168,6634,2136,1924,4060,3887,3452,7339,4176,3659,7835,3258,2885,6143,2476,2360,4836,2043,1942,3985,1898,2061,3959,1516,2593,4109,552,1520,2072,25408,25564,50972
2020-09-04,3497,3201,6698,2158,1944,4102,3937,3502,7439,4231,3716,7947,3310,2937,6247,2504,2393,4897,2071,1979,4050,1922,2082,4004,1529,2622,4151,555,1535,2090,25714,25911,51625
2020-09-05,3517,3222,6739,2173,1955,4128,3977,3538,7515,4272,3769,8041,3345,2977,6322,2526,2417,4943,2095,2005,4100,1939,2098,4037,1544,2642,4186,558,1542,2100,25946,26165,52111
2020-09-06,3537,3241,6778,2185,1971,4156,3994,3571,7565,4302,3793,8095,3371,2999,6370,2542,2441,4983,2111,2025,4136,1949,2117,4066,1556,2658,4214,560,1552,2112,26107,26368,52475
2020-09-07,3564,3266,6830,2203,1994,4197,4050,3623,7673,4359,3845,8204,3414,3047,6461,2567,2484,5051,2145,2049,4194,1964,2140,4104,1568,2687,4255,567,1567,2134,26401,26702,53103
2020-09-08,3595,3293,6888,2228,2020,4248,4099,3663,7762,4422,3907,8329,3453,3091,6544,2612,2522,5134,2172,2082,4254,1989,2165,4154,1586,2713,4299,574,1588,2162,26730,27044,53774
2020-09-09,3630,3318,6948,2243,2042,4285,4153,3707,7860,4467,3946,8413,3498,3128,6626,2642,2558,5200,2201,2115,4316,2009,2194,4203,1600,2748,4348,575,1608,2183,27018,27364,54382
2020-09-10,3655,3336,6991,2272,2061,4333,4217,3764,7981,4530,4011,8541,3556,3176,6732,2675,2590,5265,2226,2139,4365,2031,2213,4244,1610,2781,4391,577,1624,2201,27349,27695,55044
2020-09-11,3682,3364,7046,2304,2082,4386,4267,3804,8071,4578,4068,8646,3596,3218,6814,2712,2643,5355,2261,2166,4427,2055,2240,4295,1626,2804,4430,580,1633,2213,27661,28022,55683
2020-09-12,3707,3383,7090,2319,2099,4418,4296,3835,8131,4608,4106,8714,3616,3248,6864,2737,2675,5412,2282,2189,4471,2074,2263,4337,1638,2834,4472,582,1648,2230,27859,28280,56139
2020-09-13,3735,3405,7140,2326,2110,4436,4318,3868,8186,4640,4145,8785,3636,3269,6905,2762,2695,5457,2306,2209,4515,2084,2274,4358,1643,2849,4492,586,1657,2243,28036,28481,56517
2020-09-14,3766,3431,7197,2348,2129,4477,4368,3932,8300,4688,4201,8889,3671,3309,6980,2807,2728,5535,2342,2241,4583,2110,2300,4410,1660,2865,4525,588,1667,2255,28348,28803,57151
2020-09-15,3798,3455,7253,2364,2142,4506,4417,3965,8382,4743,4270,9013,3708,3343,7051,2834,2765,5599,2369,2270,4639,2133,2329,4462,1674,2891,4565,590,1680,2270,28630,29110,57740
2020-09-16,3835,3490,7325,2398,2172,4570,4479,4027,8506,4794,4335,9129,3759,3390,7149,2865,2805,5670,2392,2304,4696,2159,2347,4506,1688,2920,4608,594,1689,2283,28963,29479,58442
2020-09-17,3862,3513,7375,2422,2208,4630,4527,4070,8597,4845,4382,9227,3805,3442,7247,2910,2855,5765,2429,2334,4763,2186,2375,4561,1703,2937,4640,597,1693,2290,29286,29809,59095
2020-09-18,3900,3553,7453,2440,2234,4674,4569,4118,8687,4910,4453,9363,3843,3487,7330,2942,2894,5836,2453,2372,4825,2215,2401,4616,1716,2960,4676,600,1704,2304,29588,30176,59764
2020-09-19,3912,3585,7497,2449,2256,4705,4595,4142,8737,4940,4490,9430,3868,3505,7373,2961,2912,5873,2476,2392,4868,2234,2421,4655,1728,2977,4705,604,1711,2315,29767,30391,60158
2020-09-20,3931,3608,7539,2470,2274,4744,4622,4171,8793,4972,4511,9483,3889,3529,7418,2978,2933,5911,2483,2408,4891,2251,2436,4687,1732,2994,4726,608,1719,2327,29936,30583,60519
2020-09-21,3960,3640,7600,2491,2305,4796,4666,4209,8875,5024,4571,9595,3926,3577,7503,3010,2956,5966,2507,2437,4944,2277,2462,4739,1742,3008,4750,609,1730,2339,30212,30895,61107
2020-09-22,3998,3675,7673,2520,2331,4851,4715,4262,8977,5072,4625,9697,3976,3606,7582,3050,2997,6047,2538,2460,4998,2302,2490,4792,1752,3040,4792,612,1743,2355,30535,31229,61764
2020-09-23,4035,3707,7742,2537,2350,4887,4748,4309,9057,5117,4675,9792,4013,3647,7660,3076,3033,6109,2568,2490,5058,2321,2519,4840,1763,3062,4825,614,1755,2369,30792,31547,62339
2020-09-24,4076,3745,7821,2569,2376,4945,4803,4355,9158,5180,4732,9912,4055,3682,7737,3109,3064,6173,2578,2534,5112,2339,2547,4886,1783,3085,4868,623,1777,2400,31115,31897,63012
2020-09-25,4109,3769,7878,2593,2391,4984,4847,4406,9253,5228,4783,10011,4100,3720,7820,3136,3098,6234,2609,2569,5178,2361,2570,4931,1801,3108,4909,623,1786,2409,31407,32200,63607
2020-09-26,4128,3786,7914,2614,2402,5016,4875,4430,9305,5264,4813,10077,4130,3753,7883,3157,3130,6287,2626,2589,5215,2378,2586,4964,1811,3125,4936,628,1794,2422,31611,32408,64019
2020-09-27,4147,3809,7956,2627,2422,5049,4910,4472,9382,5287,4838,10125,4163,3777,7940,3179,3148,6327,2643,2610,5253,2385,2602,4987,1819,3137,4956,631,1801,2432,31791,32616,64407
2020-09-28,4176,3833,8009,2647,2437,5084,4952,4513,9465,5338,4889,10227,4214,3811,8025,3218,3192,6410,2681,2632,5313,2402,2630,5032,1836,3158,4994,635,1821,2456,32099,32916,65015
2020-09-29,4217,3865,8082,2669,2462,5131,5020,4560,9580,5407,4958,10365,4271,3859,8130,3250,3223,6473,2717,2673,5390,2430,2672,5102,1858,3195,5053,638,1846,2484,32477,33313,65790
2020-09-30,4252,3893,8145,2693,2486,5179,5074,4617,9691,5460,5012,10472,4310,3891,8201,3290,3261,6551,2752,2715,5467,2456,2696,5152,1867,3216,5083,643,1857,2500,32797,33644,66441
2020-10-01,4289,3931,8220,2715,2527,5242,5128,4683,9811,5523,5080,10603,4346,3940,8286,3329,3295,6624,2792,2746,5538,2482,2738,5220,1881,3234,5115,646,1868,2514,33131,34042,67173
2020-10-02,4335,3974,8309,2742,2552,5294,5178,4752,9930,5571,5138,10709,4380,3990,8370,3368,3325,6693,2831,2779,5610,2506,2771,5277,1895,3267,5162,650,1887,2537,33456,34435,67891
2020-10-03,4351,3995,8346,2759,2574,5333,5218,4790,10008,5607,5174,10781,4406,4015,8421,3398,3349,6747,2845,2799,5644,2524,2788,5312,1903,3284,5187,653,1895,2548,33664,34663,68327
2020-10-04,4377,4021,8398,2776,2595,5371,5246,4823,10069,5631,5199,10830,4438,4043,8481,3416,3367,6783,2864,2819,5683,2534,2803,5337,1914,3309,5223,656,1898,2554,33852,34877,68729
2020-10-05,4399,4050,8449,2799,2620,5419,5293,4863,10156,5700,5255,10955,4503,4084,8587,3463,3407,6870,2907,2849,5756,2562,2840,5402,1932,3332,5264,659,1905,2564,34217,35205,69422
2020-10-06,4429,4092,8521,2827,2643,5470,5348,4905,10253,5758,5304,11062,4569,4120,8689,3507,3443,6950,2937,2881,5818,2591,2873,5464,1950,3359,5309,665,1916,2581,34581,35536,70117
2020-10-07,4467,4118,8585,2845,2665,5510,5402,4960,10362,5822,5370,11192,4614,4172,8786,3538,3488,7026,2968,2922,5890,2620,2902,5522,1968,3388,5356,674,1923,2597,34918,35908,70826
2020-10-08,4503,4149,8652,2869,2690,5559,5455,5015,10470,5872,5419,11291,4662,4218,8880,3576,3534,7110,2993,2950,5943,2640,2934,5574,1984,3408,5392,679,1940,2619,35233,36257,71490
2020-10-09,4531,4188,8719,2914,2722,5636,5492,5073,10565,5935,5488,11423,4711,4267,8978,3606,3576,7182,3027,2992,6019,2661,2968,5629,1997,3436,5433,682,1954,2636,35556,36664,72220
2020-10-10,4551,4213,8764,2942,2741,5683,5537,5113,10650,5984,5525,11509,4741,4300,9041,3632,3614,7246,3060,3022,6082,2675,2990,5665,2011,3457,5468,691,1967,2658,35824,36942,72766
2020-10-11,4576,4233,8809,2955,2756,5711,5566,5156,10722,6022,5569,11591,4782,4328,9110,3656,3635,7291,3090,3054,6144,2694,3016,5710,2027,3480,5507,691,1978,2669,36059,37205,73264
2020-10-12,4596,4257,8853,2987,2776,5763,5621,5221,10842,6074,5629,11703,4826,4375,9201,3697,3686,7383,3137,3083,6220,2729,3054,5783,2049,3519,5568,693,1994,2687,36409,37594,74003
2020-10-13,4640,4296,8936,3024,2804,5828,5699,5292,10991,6151,5725,11876,4883,4445,9328,3760,3755,7515,3182,3127,6309,2764,3100,5864,2075,3565,5640,703,2020,2723,36881,38129,75010
2020-10-14,4682,4328,9010,3045,2844,5889,5768,5372,11140,6233,5812,12045,4934,4509,9443,3806,3806,7612,3227,3173,6400,2805,3149,5954,2095,3596,5691,704,2042,2746,37299,38631,75930
2020-10-15,4724,4361,9085,3079,2883,5962,5842,5448,11290,6328,5912,12240,5009,4585,9594,3871,3869,7740,3280,3228,6508,2832,3201,6033,2114,3630,5744,713,2057,2770,37792,39174,76966
2020-10-16,4778,4397,9175,3115,2927,6042,5939,5564,11503,6427,5993,12420,5100,4659,9759,3927,3936,7863,3328,3282,6610,2863,3253,6116,2137,3674,5811,716,2090,2806,38330,39775,78105
2020-10-17,4798,4417,9215,3135,2954,6089,6007,5612,11619,6494,6068,12562,5151,4719,9870,3962,3973,7935,3361,3329,6690,2895,3293,6188,2148,3709,5857,719,2104,2823,38670,40178,78848
2020-10-18,4820,4438,9258,3152,2971,6123,6041,5647,11688,6536,6127,12663,5178,4755,9933,3999,3999,7998,3386,3353,6739,2914,3322,6236,2156,3745,5901,720,2117,2837,38902,40474,79376
2020-10-19,4883,4481,9364,3185,3011,6196,6126,5751,11877,6631,6231,12862,5285,4846,10131,4065,4068,8133,3454,3415,6869,2963,3384,6347,2178,3786,5964,723,2134,2857,39493,41107,80600
2020-10-20,4929,4533,9462,3225,3051,6276,6226,5849,12075,6723,6319,13042,5362,4941,10303,4137,4146,8283,3513,3466,6979,2995,3435,6430,2211,3830,6041,724,2159,2883,40045,41729,81774
2020-10-21,4964,4559,9523,3280,3086,6366,6296,5941,12237,6803,6397,13200,5430,5001,10431,4193,4194,8387,3560,3506,7066,3024,3472,6496,2230,3867,6097,727,2174,2901,40507,42197,82704
2020-10-22,5000,4587,9587,3316,3138,6454,6364,6010,12374,6876,6473,13349,5492,5080,10572,4242,4252,8494,3594,3548,7142,3050,3501,6551,2252,3903,6155,734,2193,2927,40920,42685,83605
2020-10-23,5027,4612,9639,3345,3162,6507,6419,6066,12485,6932,6541,13473,5537,5142,10679,4278,4290,8568,3629,3595,7224,3086,3539,6625,2274,3921,6195,739,2217,2956,41266,43085,84351
2020-10-24,5044,4635,9679,3360,3184,6544,6464,6095,12559,6976,6583,13559,5575,5175,10750,4302,4318,8620,3646,3619,7265,3110,3563,6673,2283,3944,6227,743,2230,2973,41503,43346,84849
2020-10-25,5078,4659,9737,3373,3205,6578,6515,6140,12655,7022,6647,13669,5615,5214,10829,4335,4358,8693,3675,3648,7323,3132,3590,6722,2291,3962,6253,747,2234,2981,41783,43657,85440
2020-10-26,5115,4689,9804,3422,3234,6656,6575,6201,12776,7105,6727,13832,5676,5288,10964,4380,4426,8806,3710,3692,7402,3165,3633,6798,2306,4006,6312,753,2253,3006,42207,44149,86356
2020-10-27,5152,4724,9876,3458,3257,6715,6654,6285,12939,7180,6795,13975,5760,5353,11113,4440,4494,8934,3766,3761,7527,3202,3678,6880,2323,4033,6356,756,2260,3016,42691,44640,87331
2020-10-28,5188,4760,9948,3485,3281,6766,6708,6355,13063,7246,6876,14122,5806,5415,11221,4490,4548,9038,3818,3796,7614,3229,3712,6941,2335,4066,6401,759,2274,3033,43064,45083,88147
2020-10-29,5218,4790,10008,3511,3301,6812,6795,6420,13215,7331,6952,14283,5864,5479,11343,4529,4593,9122,3865,3842,7707,3253,3742,6995,2350,4091,6441,762,2283,3045,43478,45493,88971
2020-10-30,5251,4814,10065,3534,3331,6865,6855,6506,13361,7400,7017,14417,5921,5534,11455,4570,4641,9211,3904,3892,7796,3276,3772,7048,2367,4121,6488,767,2300,3067,43845,45928,89773
2020-10-31,5276,4831,10107,3552,3348,6900,6893,6544,13437,7436,7070,14506,5952,5571,11523,4601,4672,9273,3931,3927,7858,3293,3794,7087,2374,4136,6510,770,2304,3074,44078,46197,90275
2020-11-01,5306,4855,10161,3572,3382,6954,6935,6593,13528,7485,7126,14611,6005,5606,11611,4638,4720,9358,3960,3966,7926,3316,3815,7131,2384,4155,6539,774,2312,3086,44375,46530,90905
2020-11-02,5339,4893,10232,3606,3417,7023,6997,6668,13665,7577,7199,14776,6062,5669,11731,4693,4769,9462,4011,4018,8029,3348,3845,7193,2401,4176,6577,776,2324,3100,44810,46978,91788
2020-11-03,5368,4918,10286,3627,3439,7066,7049,6737,13786,7637,7253,14890,6110,5703,11813,4733,4806,9539,4050,4053,8103,3375,3871,7246,2418,4208,6626,779,2337,3116,45146,47325,92471
2020-11-04,5402,4955,10357,3658,3470,7128,7121,6822,13943,7714,7335,15049,6188,5784,11972,4784,4863,9647,4108,4103,8211,3410,3906,7316,2437,4247,6684,789,2350,3139,45611,47835,93446
2020-11-05,5442,4993,10435,3710,3514,7224,7220,6900,14120,7807,7425,15232,6272,5858,12130,4850,4935,9785,4145,4153,8298,3442,3940,7382,2456,4275,6731,791,2363,3154,46135,48356,94491
2020-11-06,5464,5022,10486,3731,3546,7277,7267,6952,14219,7857,7484,15341,6306,5890,12196,4892,4980,9872,4177,4198,8375,3472,3978,7450,2469,4304,6773,794,2371,3165,46429,48725,95154
2020-11-07,5490,5046,10536,3751,3570,7321,7305,6997,14302,7902,7548,15450,6344,5929,12273,4927,5019,9946,4215,4236,8451,3498,4007,7505,2488,4324,6812,801,2376,3177,46721,49052,95773
2020-11-08,5522,5087,10609,3779,3598,7377,7357,7040,14397,7945,7609,15554,6387,5978,12365,4955,5053,10008,4251,4270,8521,3523,4034,7557,2499,4339,6838,805,2380,3185,47023,49388,96411
2020-11-09,5567,5134,10701,3832,3625,7457,7421,7111,14532,8021,7707,15728,6448,6045,12493,5010,5110,10120,4295,4325,8620,3545,4070,7615,2522,4375,6897,809,2389,3198,47470,49891,97361
2020-11-10,5599,5161,10760,3862,3652,7514,7483,7166,14649,8083,7771,15854,6496,6090,12586,5051,5156,10207,4353,4363,8716,3577,4103,7680,2541,4405,6946,813,2400,3213,47858,50267,98125
2020-11-11,5635,5193,10828,3883,3680,7563,7540,7235,14775,8158,7846,16004,6558,6147,12705,5097,5210,10307,4394,4401,8795,3607,4135,7742,2562,4437,6999,817,2419,3236,48251,50703,98954
2020-11-12,5682,5223,10905,3913,3711,7624,7601,7311,14912,8244,7920,16164,6628,6207,12835,5157,5246,10403,4430,4462,8892,3641,4177,7818,2581,4472,7053,820,2430,3250,48697,51159,99856
2020-11-13,5719,5249,10968,3952,3736,7688,7666,7390,15056,8307,7991,16298,6684,6264,12948,5207,5293,10500,4478,4515,8993,3676,4214,7890,2601,4505,7106,824,2444,3268,49114,51601,100715
2020-11-14,5764,5281,11045,3978,3759,7737,7705,7440,15145,8368,8053,16421,6721,6311,13032,5236,5328,10564,4515,4535,9050,3700,4245,7945,2609,4525,7134,828,2448,3276,49424,51925,101349
2020-11-15,5802,5316,11118,4000,3775,7775,7758,7504,15262,8422,8100,16522,6769,6357,13126,5275,5375,10650,4555,4572,9127,3720,4270,7990,2617,4549,7166,829,2462,3291,49747,52280,102027
2020-11-16,5838,5358,11196,4036,3806,7842,7812,7554,15366,8485,8169,16654,6835,6408,13243,5308,5423,10731,4594,4615,9209,3748,4306,8054,2635,4576,7211,834,2483,3317,50125,52698,102823
2020-11-17,5873,5399,11272,4073,3833,7906,7884,7631,15515,8575,8256,16831,6903,6473,13376,5355,5476,10831,4654,4681,9335,3788,4354,8142,2643,4612,7255,836,2492,3328,50584,53207,103791
2020-11-18,5910,5436,11346,4115,3872,7987,7960,7700,15660,8665,8342,17007,6968,6530,13498,5406,5519,10925,4694,4720,9414,3827,4395,8222,2658,4652,7310,839,2501,3340,51042,53667,104709
2020-11-19,5948,5461,11409,4160,3906,8066,8033,7774,15807,8743,8429,17172,7021,6587,13608,5454,5579,11033,4745,4772,9517,3863,4427,8290,2677,4686,7363,843,2512,3355,51487,54133,105620
2020-11-20,5983,5494,11477,4189,3940,8129,8100,7838,15938,8827,8499,17326,7070,6635,13705,5498,5623,11121,4794,4819,9613,3889,4453,8342,2694,4712,7406,848,2519,3367,51892,54532,106424
2020-11-21,6011,5519,11530,4213,3960,8173,8147,7877,16024,8876,8552,17428,7115,6674,13789,5526,5661,11187,4827,4848,9675,3911,4472,8383,2701,4723,7424,851,2529,3380,52178,54815,106993
2020-11-22,6039,5541,11580,4234,3979,8213,8194,7917,16111,8909,8600,17509,7157,6710,13867,5546,5681,11227,4848,4889,9737,3932,4486,8418,2709,4742,7451,852,2536,3388,52420,55081,107501
2020-11-23,6085,5577,11662,4259,4002,8261,8246,7970,16216,8963,8657,17620,7208,6748,13956,5585,5717,11302,4883,4928,9811,3950,4513,8463,2724,4769,7493,859,2549,3408,52762,55430,108192
2020-11-24,6118,5619,11737,4296,4035,8331,8310,8025,16335,9050,8726,17776,7270,6802,14072,5628,5764,11392,4926,4970,9896,3980,4552,8532,2747,4803,7550,862,2555,3417,53187,55851,109038
2020-11-25,6162,5660,11822,4335,4071,8406,8378,8092,16470,9129,8807,17936,7331,6858,14189,5673,5802,11475,4972,5009,9981,4001,4581,8582,2766,4828,7594,867,2564,3431,53614,56272,109886
2020-11-26,6196,5695,11891,4373,4106,8479,8451,8172,16623,9209,8897,18106,7378,6920,14298,5730,5853,11583,5027,5050,10077,4031,4624,8655,2780,4859,7639,876,2575,3451,54051,56751,110802
2020-11-27,6211,5724,11935,4396,4126,8522,8512,8242,16754,9266,8961,18227,7425,6957,14382,5777,5893,11670,5058,5086,10144,4058,4652,8710,2791,4890,7681,882,2581,3463,54376,57112,111488
2020-11-28,6254,5748,12002,4417,4147,8564,8568,8291,16859,9307,9017,18324,7462,7005,14467,5822,5929,11751,5077,5118,10195,4077,4678,8755,2801,4918,7719,884,2585,3469,54669,57436,112105
2020-11-29,6287,5778,12065,4430,4172,8602,8628,8351,16979,9361,9084,18445,7515,7043,14558,5857,5958,11815,5111,5155,10266,4094,4704,8798,2817,4930,7747,886,2592,3478,54986,57767,112753
2020-11-30,6331,5809,12140,4472,4202,8674,8724,8449,17173,9451,9171,18622,7601,7109,14710,5903,6017,11920,5168,5210,10378,4126,4749,8875,2835,4962,7797,894,2602,3496,55505,58280,113785
2020-12-01,6360,5850,12210,4496,4238,8734,8815,8527,17342,9520,9256,18776,7664,7177,14841,5936,6061,11997,5211,5271,10482,4163,4786,8949,2854,4993,7847,896,2606,3502,55915,58765,114680
2020-12-02,6380,5869,12249,4520,4255,8775,8866,8584,17450,9566,9325,18891,7718,7227,14945,5967,6095,12062,5234,5299,10533,4192,4813,9005,2868,5011,7879,902,2615,3517,56213,59093,115306
2020-12-03,6407,5908,12315,4555,4282,8837,8927,8684,17611,9652,9424,19076,7785,7292,15077,6013,6142,12155,5284,5356,10640,4222,4842,9064,2880,5031,7911,905,2626,3531,56630,59587,116217
2020-12-04,6436,5939,12375,4586,4323,8909,8995,8743,17738,9724,9493,19217,7853,7358,15211,6067,6199,12266,5332,5407,10739,4257,4879,9136,2897,5059,7956,912,2636,3548,57059,60036,117095
2020-12-05,6463,5965,12428,4612,4354,8966,9054,8796,17850,9789,9546,19335,7894,7392,15286,6096,6230,12326,5356,5428,10784,4274,4898,9172,2908,5078,7986,916,2643,3559,57362,60330,117692
2020-12-06,6483,5988,12471,4643,4370,9013,9103,8839,17942,9832,9586,19418,7926,7440,15366,6117,6259,12376,5383,5455,10838,4299,4926,9225,2923,5092,8015,917,2647,3564,57626,60602,118228
2020-12-07,6500,6023,12523,4673,4391,9064,9158,8900,18058,9899,9645,19544,7967,7490,15457,6154,6301,12455,5409,5484,10893,4319,4962,9281,2934,5110,8044,921,2653,3574,57934,60959,118893
2020-12-08,6530,6056,12586,4689,4417,9106,9214,8957,18171,9955,9708,19663,8003,7522,15525,6201,6343,12544,5440,5515,10955,4336,4992,9328,2941,5129,8070,926,2657,3583,58235,61296,119531
2020-12-09,6563,6082,12645,4716,4449,9165,9300,9049,18349,10050,9808,19858,8083,7583,15666,6284,6417,12701,5511,5590,11101,4380,5045,9425,2955,5162,8117,928,2674,3602,58770,61859,120629
2020-12-10,6603,6121,12724,4764,4499,9263,9398,9145,18543,10150,9936,20086,8164,7669,15833,6372,6506,12878,5588,5662,11250,4422,5071,9493,2970,5200,8170,935,2684,3619,59366,62493,121859
2020-12-11,6630,6161,12791,4805,4534,9339,9501,9248,18749,10269,10052,20321,8252,7757,16009,6452,6596,13048,5664,5753,11417,4465,5112,9577,2987,5227,8214,936,2692,3628,59961,63132,123093
2020-12-12,6656,6194,12850,4848,4563,9411,9585,9327,18912,10361,10159,20520,8339,7840,16179,6529,6655,13184,5709,5837,11546,4501,5162,9663,2998,5250,8248,938,2700,3638,60464,63687,124151
2020-12-13,6687,6220,12907,4877,4603,9480,9650,9399,19049,10447,10251,20698,8408,7916,16324,6609,6715,13324,5767,5881,11648,4533,5187,9720,3008,5271,8279,944,2704,3648,60930,64147,125077
2020-12-14,6735,6258,12993,4917,4644,9561,9749,9506,19255,10562,10355,20917,8493,8016,16509,6694,6800,13494,5836,5969,11805,4581,5241,9822,3026,5300,8326,953,2716,3669,61546,64805,126351
2020-12-15,6769,6295,13064,4962,4686,9648,9834,9592,19426,10675,10471,21146,8577,8091,16668,6778,6894,13672,5920,6056,11976,4625,5281,9906,3036,5318,8354,954,2728,3682,62130,65412,127542
2020-12-16,6790,6326,13116,5008,4736,9744,9943,9724,19667,10833,10628,21461,8669,8214,16883,6891,6986,13877,6025,6155,12180,4680,5343,10023,3056,5339,8395,958,2739,3697,62853,66190,129043
2020-12-17,6832,6370,13202,5061,4776,9837,10048,9843,19891,10991,10791,21782,8796,8345,17141,6982,7078,14060,6080,6237,12317,4722,5377,10099,3065,5361,8426,961,2746,3707,63538,66924,130462
2020-12-18,6884,6408,13292,5129,4843,9972,10183,9977,20160,11144,10970,22114,8933,8478,17411,7095,7187,14282,6202,6356,12558,4808,5444,10252,3081,5409,8490,966,2753,3719,64425,67825,132250
2020-12-19,6923,6440,13363,5179,4893,10072,10285,10097,20382,11326,11134,22460,9041,8582,17623,7189,7281,14470,6291,6465,12756,4852,5502,10354,3096,5436,8532,969,2757,3726,65151,68587,133738
2020-12-20,6955,6486,13441,5238,4951,10189,10399,10214,20613,11497,11299,22796,9162,8708,17870,7296,7390,14686,6392,6568,12960,4899,5551,10450,3107,5449,8556,972,2764,3736,65917,69380,135297
2020-12-21,7005,6534,13539,5316,5000,10316,10548,10355,20903,11675,11501,23176,9324,8842,18166,7406,7508,14914,6506,6698,13204,4960,5623,10583,3118,5484,8602,977,2770,3747,66835,70315,137150
2020-12-22,7050,6587,13637,5392,5071,10463,10710,10510,21220,11871,11707,23578,9490,9004,18494,7529,7624,15153,6648,6835,13483,5029,5674,10703,3135,5513,8648,981,2775,3756,67835,71300,139135
2020-12-23,7098,6641,13739,5468,5134,10602,10870,10666,21536,12087,11909,23996,9631,9169,18800,7659,7732,15391,6752,6952,13704,5083,5729,10812,3156,5550,8706,986,2789,3775,68790,72271,141061
2020-12-24,7129,6674,13803,5509,5182,10691,10968,10760,21728,12238,12019,24257,9730,9256,18986,7726,7801,15527,6810,7021,13831,5123,5759,10882,3160,5571,8731,989,2794,3783,69382,72837,142219
2020-12-25,7140,6689,13829,5521,5193,10714,10998,10778,21776,12269,12056,24325,9757,9272,19029,7745,7825,15570,6824,7039,13863,5137,5764,10901,3167,5584,8751,992,2798,3790,69550,72998,142548
2020-12-26,7187,6726,13913,5598,5277,10875,11122,10916,22038,12478,12243,24721,9878,9425,19303,7855,7937,15792,6894,7125,14019,5176,5818,10994,3185,5616,8801,993,2810,3803,70366,73893,144259
2020-12-27,7216,6752,13968,5683,5347,11030,11251,11023,22274,12680,12398,25078,10049,9577,19626,7974,8068,16042,7002,7234,14236,5220,5883,11103,3207,5650,8857,996,2822,3818,71278,74754,146032
2020-12-28,7274,6795,14069,5786,5448,11234,11441,11214,22655,12987,12687,25674,10255,9783,20038,8146,8237,16383,7124,7385,14509,5277,5957,11234,3231,5696,8927,1000,2839,3839,72521,76041,148562
2020-12-29,7318,6840,14158,5875,5540,11415,11635,11402,23037,13218,12896,26114,10443,9953,20396,8282,8361,16643,7228,7514,14742,5340,6024,11364,3255,5743,8998,1007,2850,3857,73601,77123,150724
2020-12-30,7366,6876,14242,5979,5649,11628,11831,11558,23389,13485,13142,26627,10622,10135,20757,8429,8537,16966,7345,7632,14977,5401,6097,11498,3279,5780,9059,1011,2861,3872,74748,78267,153015
2020-12-31,7394,6904,14298,6043,5717,11760,11973,11667,23640,13637,13323,26960,10750,10275,21025,8518,8613,17131,7397,7700,15097,5430,6139,11569,3290,5809,9099,1011,2869,3880,75443,79016,154459
2021-01-01,7408,6915,14323,6058,5739,11797,11996,11695,23691,13670,13361,27031,10782,10299,21081,8539,8643,17182,7412,7718,15130,5442,6154,11596,3295,5825,9120,1012,2873,3885,75614,79222,154836
2021-01-02,7455,6945,14400,6118,5808,11926,12129,11828,23957,13855,13530,27385,10912,10425,21337,8638,8774,17412,7533,7826,15359,5494,6212,11706,3309,5860,9169,1015,2881,3896,76458,80089,156547
2021-01-03,7486,6975,14461,6228,5891,12119,12312,12014,24326,14099,13785,27884,11097,10650,21747,8787,8954,17741,7674,7967,15641,5557,6296,11853,3325,5889,9214,1018,2887,3905,77583,81308,158891
2021-01-04,7533,7021,14554,6324,5960,12284,12564,12245,24809,14368,14097,28465,11327,10867,22194,8943,9122,18065,7795,8109,15904,5643,6373,12016,3358,5937,9295,1021,2899,3920,78876,82630,161506
2021-01-05,7567,7062,14629,6429,6042,12471,12812,12512,25324,14653,14413,29066,11555,11093,22648,9101,9300,18401,7930,8303,16233,5727,6473,12200,3381,5988,9369,1025,2910,3935,80180,84096,164276
2021-01-06,7609,7095,14704,6553,6145,12698,13061,12725,25786,14950,14689,29639,11815,11329,23144,9296,9480,18776,8076,8463,16539,5816,6577,12393,3407,6042,9449,1029,2928,3957,81612,85473,167085
2021-01-07,7646,7135,14781,6634,6236,12870,13252,12919,26171,15202,14909,30111,12003,11512,23515,9423,9637,19060,8187,8591,16778,5877,6669,12546,3428,6088,9516,1031,2938,3969,82683,86634,169317
2021-01-08,7691,7172,14863,6732,6347,13079,13461,13096,26557,15422,15147,30569,12162,11712,23874,9542,9776,19318,8280,8706,16986,5934,6755,12689,3454,6123,9577,1038,2946,3984,83716,87780,171496
2021-01-09,7721,7203,14924,6803,6412,13215,13616,13267,26883,15656,15370,31026,12311,11883,24194,9668,9919,19587,8369,8834,17203,5980,6824,12804,3470,6159,9629,1038,2958,3996,84632,88829,173461
2021-01-10,7762,7246,15008,6892,6508,13400,13773,13417,27190,15850,15620,31470,12478,12047,24525,9776,10054,19830,8472,8921,17393,6022,6886,12908,3481,6190,9671,1040,2968,4008,85546,89857,175403
2021-01-11,7812,7283,15095,6996,6615,13611,14004,13651,27655,16109,15923,32032,12679,12258,24937,9930,10208,20138,8577,9067,17644,6080,6952,13032,3498,6223,9721,1042,2975,4017,86727,91155,177882
2021-01-12,7865,7311,15176,7091,6709,13800,14207,13865,28072,16314,16141,32455,12845,12441,25286,10063,10370,20433,8689,9176,17865,6125,7008,13133,3523,6248,9771,1045,2984,4029,87767,92253,180020
2021-01-13,7930,7364,15294,7201,6827,14028,14446,14081,28527,16552,16375,32927,13038,12609,25647,10202,10538,20740,8803,9314,18117,6184,7069,13253,3543,6295,9838,1051,2987,4038,88950,93459,182409
2021-01-14,7977,7410,15387,7307,6935,14242,14659,14312,28971,16794,16623,33417,13215,12808,26023,10349,10719,21068,8908,9437,18345,6237,7134,13371,3560,6331,9891,1055,2992,4047,90061,94701,184762
2021-01-15,8029,7457,15486,7506,7102,14608,14914,14553,29467,17120,16954,34074,13483,13074,26557,10574,10950,21524,9047,9591,18638,6298,7223,13521,3581,6373,9954,1057,3000,4057,91609,96277,187886
2021-01-16,8058,7483,15541,7688,7266,14954,15122,14792,29914,17424,17271,34695,13760,13351,27111,10799,11150,21949,9191,9757,18948,6392,7322,13714,3603,6407,10010,1059,3010,4069,93096,97809,190905
2021-01-17,8088,7502,15590,7853,7419,15272,15320,15039,30359,17669,17542,35211,14029,13647,27676,10984,11339,22323,9301,9884,19185,6451,7388,13839,3621,6433,10054,1061,3012,4073,94377,99205,193582
2021-01-18,8134,7548,15682,8062,7627,15689,15604,15327,30931,18000,17870,35870,14352,13959,28311,11243,11586,22829,9475,10086,19561,6538,7493,14031,3645,6476,10121,1064,3021,4085,96117,100993,197110
2021-01-19,8187,7588,15775,8255,7787,16042,15891,15578,31469,18314,18183,36497,14663,14279,28942,11451,11819,23270,9654,10281,19935,6626,7602,14228,3663,6519,10182,1071,3038,4109,97775,102674,200449
2021-01-20,8235,7632,15867,8448,7982,16430,16145,15828,31973,18589,18448,37037,14957,14556,29513,11697,12063,23760,9844,10483,20327,6725,7715,14440,3688,6562,10250,1077,3051,4128,99405,104320,203725
2021-01-21,8287,7679,15966,8579,8119,16698,16372,16034,32406,18821,18690,37511,15157,14789,29946,11860,12277,24137,9993,10625,20618,6789,7795,14584,3725,6600,10325,1085,3062,4147,100668,105670,206338
2021-01-22,8326,7722,16048,8734,8250,16984,16559,16234,32793,19014,18900,37914,15356,15011,30367,12024,12449,24473,10124,10761,20885,6852,7872,14724,3742,6644,10386,1088,3065,4153,101819,106908,208727
2021-01-23,8359,7749,16108,8865,8375,17240,16775,16436,33211,19213,19128,38341,15554,15178,30732,12185,12615,24800,10211,10870,21081,6896,7924,14820,3756,6670,10426,1090,3071,4161,102904,108016,210920
2021-01-24,8387,7777,16164,9022,8517,17539,16993,16642,33635,19427,19355,38782,15773,15398,31171,12361,12797,25158,10334,10997,21331,6946,7989,14935,3776,6699,10475,1092,3078,4170,104111,109249,213360
2021-01-25,8430,7833,16263,9227,8674,17901,17272,16918,34190,19679,19635,39314,16045,15671,31716,12560,13016,25576,10502,11163,21665,7030,8083,15113,3806,6749,10555,1097,3091,4188,105648,110833,216481
2021-01-26,8493,7882,16375,9428,8820,18248,17510,17150,34660,19913,19872,39785,16279,15902,32181,12741,13225,25966,10630,11319,21949,7100,8166,15266,3829,6802,10631,1101,3106,4207,107024,112244,219268
2021-01-27,8551,7933,16484,9588,8976,18564,17731,17364,35095,20161,20121,40282,16501,16155,32656,12911,13427,26338,10760,11444,22204,7155,8231,15386,3858,6840,10698,1103,3124,4227,108319,113615,221934
2021-01-28,8602,7978,16580,9725,9086,18811,17929,17557,35486,20378,20325,40703,16675,16337,33012,13049,13599,26648,10869,11580,22449,7217,8308,15525,3883,6885,10768,1109,3138,4247,109436,114793,224229
2021-01-29,8644,8033,16677,9921,9255,19176,18174,17766,35940,20644,20611,41255,16915,16602,33517,13253,13812,27065,11030,11782,22812,7288,8410,15698,3906,6941,10847,1113,3148,4261,110888,116360,227248
2021-01-30,8672,8055,16727,10160,9484,19644,18390,17991,36381,20927,20916,41843,17228,16937,34165,13493,14068,27561,11180,11981,23161,7364,8515,15879,3925,6984,10909,1116,3156,4272,112455,118087,230542
2021-01-31,8700,8076,16776,10501,9801,20302,18667,18262,36929,21279,21271,42550,17695,17396,35091,13820,14394,28214,11369,12180,23549,7441,8617,16058,3948,7025,10973,1119,3167,4286,114539,120189,234728
2021-02-01,8742,8115,16857,10783,10116,20899,18925,18546,37471,21606,21626,43232,18087,17785,35872,14164,14705,28869,11582,12441,24023,7507,8745,16252,3981,7066,11047,1121,3177,4298,116498,122322,238820
2021-02-02,8781,8151,16932,11003,10360,21363,19179,18765,37944,21917,21981,43898,18478,18210,36688,14461,15017,29478,11801,12681,24482,7632,8885,16517,4010,7112,11122,1126,3189,4315,118388,124351,242739
2021-02-03,8822,8194,17016,11215,10537,21752,19405,19028,38433,22192,22272,44464,18798,18525,37323,14693,15280,29973,11994,12896,24890,7735,9022,16757,4043,7167,11210,1129,3200,4329,120026,126121,246147
2021-02-04,8871,8235,17106,11339,10652,21991,19590,19232,38822,22407,22509,44916,18980,18773,37753,14856,15467,30323,12103,13060,25163,7803,9123,16926,4064,7207,11271,1132,3216,4348,121145,127474,248619
2021-02-05,8916,8274,17190,11479,10769,22248,19753,19410,39163,22614,22712,45326,19160,18949,38109,14999,15639,30638,12230,13223,25453,7870,9201,17071,4079,7250,11329,1134,3224,4358,122234,128651,250885
2021-02-06,8939,8300,17239,11621,10908,22529,19903,19577,39480,22796,22949,45745,19348,19161,38509,15167,15817,30984,12329,13351,25680,7916,9276,17192,4096,7280,11376,1134,3231,4365,123249,129850,253099
2021-02-07,8968,8336,17304,11765,11040,22805,20054,19725,39779,22986,23162,46148,19535,19365,38900,15316,16005,31321,12422,13454,25876,7977,9338,17315,4111,7306,11417,1141,3236,4377,124275,130967,255242
2021-02-08,9010,8375,17385,11950,11244,23194,20274,19961,40235,23259,23455,46714,19841,19701,39542,15522,16237,31759,12563,13629,26192,8047,9434,17481,4136,7360,11496,1145,3251,4396,125747,132647,258394
2021-02-09,9050,8404,17454,12116,11416,23532,20475,20175,40650,23555,23719,47274,20104,19953,40057,15741,16461,32202,12738,13812,26550,8128,9535,17663,4163,7418,11581,1151,3265,4416,127221,134158,261379
2021-02-10,9092,8432,17524,12239,11538,23777,20654,20376,41030,23770,23974,47744,20360,20179,40539,15875,16657,32532,12867,13951,26818,8200,9624,17824,4189,7453,11642,1151,3274,4425,128397,135458,263855
2021-02-11,9135,8469,17604,12348,11662,24010,20810,20559,41369,24013,24204,48217,20567,20401,40968,16021,16830,32851,12998,14080,27078,8262,9691,17953,4211,7499,11710,1156,3284,4440,129521,136679,266200
2021-02-12,9179,8497,17676,12482,11791,24273,20963,20724,41687,24248,24430,48678,20789,20652,41441,16169,16999,33168,13115,14243,27358,8331,9777,18108,4234,7543,11777,1158,3297,4455,130668,137953,268621
2021-02-13,9203,8515,17718,12644,11952,24596,21122,20883,42005,24503,24676,49179,21049,20945,41994,16320,17194,33514,13236,14384,27620,8381,9848,18229,4252,7578,11830,1160,3308,4468,131870,139283,271153
2021-02-14,9225,8533,17758,12786,12116,24902,21247,21057,42304,24751,24965,49716,21323,21238,42561,16494,17385,33879,13373,14531,27904,8439,9944,18383,4267,7598,11865,1162,3321,4483,133067,140688,273755
2021-02-15,9249,8561,17810,12985,12344,25329,21430,21254,42684,25055,25291,50346,21695,21600,43295,16751,17617,34368,13511,14699,28210,8500,10038,18538,4283,7641,11924,1164,3334,4498,134623,142379,277002
2021-02-16,9276,8583,17859,13200,12528,25728,21670,21499,43169,25392,25683,51075,22022,21964,43986,16978,17807,34785,13633,14821,28454,8560,10120,18680,4297,7676,11973,1171,3340,4511,136199,144021,280220
2021-02-17,9307,8627,17934,13343,12669,26012,21966,21795,43761,25699,25993,51692,22275,22231,44506,17180,18030,35210,13822,15011,28833,8639,10221,18860,4317,7725,12042,1176,3355,4531,137724,145657,283381
2021-02-18,9338,8664,18002,13458,12807,26265,22208,22047,44255,25970,26309,52279,22519,22490,45009,17377,18221,35598,13959,15197,29156,8711,10322,19033,4344,7769,12113,1179,3359,4538,139063,147185,286248
2021-02-19,9382,8699,18081,13578,12935,26513,22438,22262,44700,26226,26593,52819,22740,22727,45467,17565,18427,35992,14103,15373,29476,8793,10429,19222,4362,7812,12174,1182,3368,4550,140369,148625,288994
2021-02-20,9416,8724,18140,13681,13052,26733,22632,22477,45109,26455,26832,53287,22960,22961,45921,17727,18617,36344,14206,15548,29754,8843,10500,19343,4382,7849,12231,1186,3371,4557,141488,149931,291419
2021-02-21,9454,8750,18204,13792,13166,26958,22788,22679,45467,26689,27084,53773,23171,23190,46361,17851,18786,36637,14324,15694,30018,8894,10568,19462,4401,7880,12281,1190,3377,4567,142554,151174,293728
2021-02-22,9502,8810,18312,13903,13306,27209,22987,22908,45895,26931,27373,54304,23390,23431,46821,18035,18978,37013,14451,15863,30314,8962,10660,19622,4439,7913,12352,1193,3383,4576,143793,152625,296418
2021-02-23,9560,8849,18409,14017,13417,27434,23174,23098,46272,27152,27627,54779,23593,23652,47245,18205,19160,37365,14586,16021,30607,9040,10767,19807,4467,7955,12422,1199,3397,4596,144993,153943,298936
2021-02-24,9600,8911,18511,14124,13533,27657,23322,23264,46586,27347,27846,55193,23731,23819,47550,18344,19314,37658,14726,16167,30893,9109,10858,19967,4486,7998,12484,1202,3406,4608,145991,155116,301107
2021-02-25,9664,8972,18636,14207,13622,27829,23491,23428,46919,27512,28030,55542,23898,23971,47869,18464,19462,37926,14832,16308,31140,9168,10945,20113,4503,8036,12539,1206,3422,4628,146945,156196,303141
2021-02-26,9714,9019,18733,14297,13722,28019,23662,23623,47285,27723,28224,55947,24063,24167,48230,18594,19619,38213,14940,16481,31421,9224,11027,20251,4519,8073,12592,1208,3439,4647,147944,157394,305338
2021-02-27,9744,9045,18789,14383,13834,28217,23800,23799,47599,27944,28456,56400,24229,24337,48566,18741,19794,38535,15078,16642,31720,9285,11107,20392,4539,8116,12655,1209,3447,4656,148952,158577,307529
2021-02-28,9770,9073,18843,14499,13964,28463,23987,24018,48005,28212,28751,56963,24447,24581,49028,18943,20049,38992,15264,16823,32087,9384,11218,20602,4558,8156,12714,1212,3456,4668,150276,160089,310365
2021-03-01,9845,9136,18981,14579,14066,28645,24168,24188,48356,28432,28953,57385,24636,24739,49375,19050,20193,39243,15381,16961,32342,9441,11317,20758,4582,8194,12776,1217,3469,4686,151331,161216,312547
2021-03-02,9926,9199,19125,14695,14161,28856,24309,24358,48667,28611,29146,57757,24786,24885,49671,19183,20345,39528,15471,17083,32554,9504,11374,20878,4612,8226,12838,1220,3476,4696,152317,162253,314570
2021-03-03,10000,9260,19260,14786,14230,29016,24434,24502,48936,28797,29300,58097,24912,25010,49922,19309,20484,39793,15596,17242,32838,9568,11464,21032,4627,8256,12883,1220,3491,4711,153249,163239,316488
2021-03-04,10062,9320,19382,14859,14320,29179,24562,24638,49200,28950,29430,58380,25029,25126,50155,19401,20616,40017,15694,17385,33079,9627,11558,21185,4647,8292,12939,1226,3505,4731,154057,164190,318247
2021-03-05,10119,9376,19495,14933,14402,29335,24697,24810,49507,29122,29600,58722,25160,25244,50404,19510,20747,40257,15797,17506,33303,9689,11637,21326,4663,8326,12989,1226,3510,4736,154916,165158,320074
2021-03-06,10153,9414,19567,14988,14462,29450,24824,24930,49754,29267,29746,59013,25275,25364,50639,19577,20860,40437,15875,17582,33457,9726,11697,21423,4683,8352,13035,1228,3516,4744,155596,165923,321519
2021-03-07,10190,9447,19637,15046,14517,29563,24923,25058,49981,29407,29895,59302,25357,25482,50839,19671,20989,40660,15978,17713,33691,9770,11760,21530,4704,8385,13089,1231,3518,4749,156277,166764,323041
2021-03-08,10256,9517,19773,15130,14601,29731,25060,25229,50289,29588,30078,59666,25490,25631,51121,19816,21148,40964,16118,17865,33983,9842,11840,21682,4724,8428,13152,1233,3529,4762,157257,167866,325123
2021-03-09,10344,9609,19953,15213,14678,29891,25195,25354,50549,29768,30249,60017,25653,25779,51432,19949,21295,41244,16239,18050,34289,9923,11939,21862,4746,8462,13208,1237,3536,4773,158267,168951,327218
2021-03-10,10440,9693,20133,15310,14758,30068,25322,25492,50814,29946,30430,60376,25772,25902,51674,20062,21442,41504,16353,18174,34527,9989,12036,22025,4765,8504,13269,1242,3545,4787,159201,169976,329177
2021-03-11,10517,9776,20293,15367,14836,30203,25429,25632,51061,30088,30568,60656,25867,26019,51886,20143,21550,41693,16436,18285,34721,10038,12101,22139,4787,8534,13321,1243,3559,4802,159915,170860,330775
2021-03-12,10602,9860,20462,15459,14923,30382,25548,25778,51326,30261,30735,60996,25987,26161,52148,20247,21696,41943,16538,18418,34956,10103,12181,22284,4808,8573,13381,1247,3571,4818,160800,171896,332696
2021-03-13,10665,9903,20568,15519,14993,30512,25685,25901,51586,30414,30897,61311,26116,26273,52389,20348,21821,42169,16665,18550,35215,10147,12247,22394,4817,8610,13427,1251,3574,4825,161627,172769,334396
2021-03-14,10714,9972,20686,15564,15056,30620,25797,26038,51835,30569,31079,61648,26235,26382,52617,20467,21972,42439,16790,18705,35495,10196,12332,22528,4833,8637,13470,1255,3583,4838,162420,173756,336176
2021-03-15,10843,10073,20916,15662,15151,30813,25935,26210,52145,30745,31280,62025,26407,26560,52967,20613,22128,42741,16934,18864,35798,10275,12443,22718,4851,8683,13534,1259,3598,4857,163524,174990,338514
2021-03-16,10941,10174,21115,15749,15246,30995,26059,26347,52406,30922,31461,62383,26548,26680,53228,20734,22276,43010,17047,19007,36054,10342,12538,22880,4863,8721,13584,1263,3614,4877,164468,176064,340532
2021-03-17,11015,10257,21272,15833,15322,31155,26175,26512,52687,31059,31596,62655,26656,26804,53460,20848,22401,43249,17159,19132,36291,10393,12621,23014,4879,8757,13636,1266,3627,4893,165283,177029,342312
2021-03-18,11097,10325,21422,15891,15389,31280,26287,26636,52923,31204,31719,62923,26745,26906,53651,20924,22504,43428,17245,19238,36483,10442,12686,23128,4895,8786,13681,1267,3636,4903,165997,177825,343822
2021-03-19,11185,10400,21585,15991,15481,31472,26404,26780,53184,31352,31880,63232,26842,27018,53860,21020,22627,43647,17337,19362,36699,10496,12746,23242,4908,8811,13719,1272,3643,4915,166807,178748,345555
2021-03-20,11216,10439,21655,16043,15545,31588,26504,26882,53386,31470,32006,63476,26930,27122,54052,21115,22733,43848,17423,19450,36873,10547,12798,23345,4923,8837,13760,1275,3650,4925,167446,179462,346908
2021-03-21,11271,10493,21764,16102,15610,31712,26615,26995,53610,31628,32144,63772,27019,27217,54236,21216,22854,44070,17500,19560,37060,10574,12856,23430,4940,8859,13799,1278,3661,4939,168143,180249,348392
2021-03-22,11344,10577,21921,16193,15688,31881,26745,27153,53898,31785,32309,64094,27153,27339,54492,21355,22991,44346,17599,19692,37291,10633,12927,23560,4960,8904,13864,1282,3683,4965,169049,181263,350312
2021-03-23,11431,10665,22096,16293,15788,32081,26875,27302,54177,31932,32455,64387,27276,27448,54724,21475,23110,44585,17709,19834,37543,10701,13008,23709,4983,8932,13915,1283,3694,4977,169958,182236,352194
2021-03-24,11479,10720,22199,16364,15847,32211,26974,27397,54371,32042,32595,64637,27355,27541,54896,21553,23207,44760,17769,19921,37690,10739,13076,23815,4996,8964,13960,1284,3700,4984,170555,182968,353523
2021-03-25,11544,10785,22329,16441,15931,32372,27084,27526,54610,32182,32738,64920,27480,27676,55156,21647,23323,44970,17856,20031,37887,10790,13139,23929,5018,8991,14009,1288,3705,4993,171330,183845,355175
2021-03-26,11635,10869,22504,16535,16035,32570,27227,27657,54884,32350,32890,65240,27609,27804,55413,21735,23459,45194,17938,20150,38088,10847,13201,24048,5038,9024,14062,1290,3716,5006,172204,184805,357009
2021-03-27,11702,10926,22628,16575,16087,32662,27332,27749,55081,32497,33032,65529,27717,27917,55634,21838,23577,45415,18033,20256,38289,10887,13259,24146,5050,9056,14106,1295,3721,5016,172926,185580,358506
2021-03-28,11755,10958,22713,16611,16145,32756,27410,27842,55252,32606,33168,65774,27832,28024,55856,21926,23691,45617,18114,20366,38480,10924,13297,24221,5066,9077,14143,1297,3726,5023,173541,186294,359835
2021-03-29,11839,11026,22865,16713,16220,32933,27522,27972,55494,32745,33330,66075,27969,28160,56129,22041,23804,45845,18202,20496,38698,10966,13346,24312,5082,9104,14186,1298,3737,5035,174377,187195,361572
2021-03-30,11910,11098,23008,16794,16313,33107,27617,28084,55701,32874,33458,66332,28083,28289,56372,22139,23905,46044,18288,20621,38909,11001,13396,24397,5100,9130,14230,1303,3744,5047,175109,188038,363147
2021-03-31,11974,11154,23128,16851,16363,33214,27718,28190,55908,33004,33590,66594,28164,28396,56560,22194,23995,46189,18338,20686,39024,11027,13436,24463,5115,9152,14267,1306,3753,5059,175691,188715,364406
2021-04-01,12028,11207,23235,16921,16428,33349,27829,28321,56150,33146,33708,66854,28263,28506,56769,22271,24099,46370,18412,20777,39189,11062,13477,24539,5128,9168,14296,1308,3763,5071,176368,189454,365822
2021-04-02,12095,11254,23349,16985,16499,33484,27923,28423,56346,33279,33824,67103,28361,28596,56957,22357,24187,46544,18475,20851,39326,11099,13510,24609,5140,9180,14320,1311,3768,5079,177025,190092,367117
2021-04-03,12135,11305,23440,17041,16571,33612,28012,28525,56537,33399,33962,67361,28469,28693,57162,22445,24294,46739,18553,20931,39484,11129,13558,24687,5156,9216,14372,1316,3772,5088,177655,190827,368482
2021-04-04,12194,11349,23543,17152,16672,33824,28140,28669,56809,33566,34149,67715,28601,28865,57466,22538,24421,46959,18625,21021,39646,11158,13606,24764,5173,9239,14412,1317,3778,5095,178464,191769,370233
2021-04-05,12273,11430,23703,17290,16819,34109,28302,28874,57176,33783,34347,68130,28794,29075,57869,22679,24581,47260,18721,21150,39871,11203,13665,24868,5185,9275,14460,1322,3787,5109,179552,193003,372555
2021-04-06,12347,11532,23879,17417,16938,34355,28535,29047,57582,34004,34589,68593,28980,29261,58241,22802,24735,47537,18816,21304,40120,11260,13750,25010,5209,9309,14518,1325,3800,5125,180695,194265,374960
2021-04-07,12442,11613,24055,17561,17065,34626,28719,29241,57960,34203,34824,69027,29168,29441,58609,22937,24898,47835,18900,21444,40344,11315,13829,25144,5223,9347,14570,1326,3808,5134,181794,195510,377304
2021-04-08,12522,11689,24211,17670,17170,34840,28873,29428,58301,34403,35045,69448,29317,29603,58920,23044,25030,48074,18988,21565,40553,11362,13891,25253,5239,9377,14616,1326,3820,5146,182744,196618,379362
2021-04-09,12594,11751,24345,17749,17252,35001,28972,29547,58519,34532,35177,69709,29448,29716,59164,23129,25132,48261,19054,21644,40698,11396,13937,25333,5247,9397,14644,1329,3828,5157,183450,197381,380831
2021-04-10,12638,11802,24440,17837,17334,35171,29106,29675,58781,34687,35323,70010,29559,29829,59388,23225,25240,48465,19126,21718,40844,11412,13969,25381,5252,9412,14664,1330,3831,5161,184172,198133,382305
2021-04-11,12685,11853,24538,17900,17408,35308,29199,29764,58963,34790,35462,70252,29672,29940,59612,23307,25320,48627,19193,21794,40987,11432,14002,25434,5264,9434,14698,1331,3836,5167,184773,198813,383586
2021-04-12,12764,11919,24683,18013,17508,35521,29318,29897,59215,34955,35629,70584,29803,30093,59896,23417,25480,48897,19282,21897,41179,11457,14055,25512,5278,9461,14739,1332,3848,5180,185619,199787,385406
2021-04-13,12853,11977,24830,18085,17580,35665,29447,30009,59456,35123,35785,70908,29932,30223,60155,23512,25591,49103,19343,21974,41317,11497,14085,25582,5286,9476,14762,1335,3856,5191,186413,200556,386969
2021-04-14,12933,12043,24976,18158,17634,35792,29525,30101,59626,35224,35882,71106,30005,30320,60325,23577,25666,49243,19433,22062,41495,11534,14139,25673,5299,9497,14796,1340,3861,5201,187028,201205,388233
2021-04-15,13024,12114,25138,18246,17738,35984,29661,30234,59895,35390,36041,71431,30172,30478,60650,23694,25824,49518,19505,22151,41656,11563,14178,25741,5314,9520,14834,1342,3870,5212,187911,202148,390059
2021-04-16,13101,12190,25291,18323,17815,36138,29811,30388,60199,35574,36224,71798,30315,30637,60952,23824,25977,49801,19610,22272,41882,11593,14226,25819,5322,9542,14864,1343,3880,5223,188816,203151,391967
2021-04-17,13175,12257,25432,18403,17892,36295,29940,30494,60434,35761,36364,72125,30448,30767,61215,23928,26090,50018,19693,22357,42050,11623,14282,25905,5333,9567,14900,1346,3883,5229,189650,203953,393603
2021-04-18,13222,12306,25528,18457,17935,36392,30033,30591,60624,35882,36502,72384,30573,30878,61451,24022,26188,50210,19778,22433,42211,11651,14316,25967,5353,9587,14940,1348,3889,5237,190319,204625,394944
2021-04-19,13306,12372,25678,18543,18023,36566,30206,30742,60948,36069,36676,72745,30732,31030,61762,24153,26325,50478,19884,22546,42430,11687,14377,26064,5360,9623,14983,1353,3901,5254,191293,205615,396908
2021-04-20,13395,12467,25862,18623,18104,36727,30328,30874,61202,36212,36819,73031,30873,31180,62053,24268,26436,50704,19979,22663,42642,11728,14422,26150,5384,9651,15035,1357,3911,5268,192147,206527,398674
2021-04-21,13482,12532,26014,18697,18157,36854,30450,30972,61422,36348,36945,73293,30982,31299,62281,24357,26537,50894,20062,22758,42820,11764,14458,26222,5394,9689,15083,1360,3919,5279,192896,207266,400162
2021-04-22,13581,12607,26188,18794,18237,37031,30578,31098,61676,36512,37118,73630,31139,31480,62619,24475,26669,51144,20149,22875,43024,11803,14525,26328,5409,9727,15136,1361,3927,5288,193801,208263,402064
2021-04-23,13661,12677,26338,18866,18316,37182,30718,31229,61947,36690,37287,73977,31280,31641,62921,24598,26823,51421,20237,22993,43230,11849,14588,26437,5425,9749,15174,1365,3933,5298,194689,209236,403925
2021-04-24,13705,12715,26420,18903,18341,37244,30756,31280,62036,36750,37343,74093,31336,31707,63043,24631,26860,51491,20259,23024,43283,11872,14625,26497,5432,9769,15201,1367,3948,5315,195011,209612,404623
2021-04-25,13764,12769,26533,18960,18390,37350,30833,31369,62202,36873,37450,74323,31449,31809,63258,24734,26969,51703,20325,23088,43413,11899,14656,26555,5441,9791,15232,1368,3951,5319,195646,210242,405888
2021-04-26,13840,12858,26698,19049,18470,37519,30978,31490,62468,37040,37616,74656,31595,31962,63557,24872,27110,51982,20405,23185,43590,11955,14721,26676,5454,9815,15269,1373,3957,5330,196561,211184,407745
2021-04-27,13909,12926,26835,19126,18550,37676,31123,31658,62781,37185,37767,74952,31717,32111,63828,24981,27231,52212,20493,23272,43765,11995,14792,26787,5475,9842,15317,1377,3966,5343,197381,212115,409496
2021-04-28,13991,13007,26998,19213,18635,37848,31255,31786,63041,37342,37917,75259,31863,32238,64101,25084,27346,52430,20566,23357,43923,12033,14840,26873,5484,9865,15349,1381,3974,5355,198212,212965,411177
2021-04-29,14083,13092,27175,19322,18736,38058,31409,31953,63362,37548,38116,75664,32051,32389,64440,25217,27507,52724,20654,23479,44133,12091,14918,27009,5513,9910,15423,1383,3989,5372,199271,214089,413360
2021-04-30,14177,13166,27343,19399,18805,38204,31490,32061,63551,37654,38244,75898,32144,32508,64652,25297,27599,52896,20717,23575,44292,12143,14976,27119,5535,9944,15479,1386,4006,5392,199942,214884,414826
2021-05-01,14238,13218,27456,19467,18852,38319,31572,32146,63718,37783,38361,76144,32253,32629,64882,25378,27706,53084,20777,23642,44419,12184,15025,27209,5551,9980,15531,1386,4011,5397,200589,215570,416159
2021-05-02,14302,13270,27572,19534,18922,38456,31684,32276,63960,37945,38533,76478,32371,32805,65176,25496,27831,53327,20859,23749,44608,12219,15079,27298,5566,10002,15568,1389,4027,5416,201365,216494,417859
2021-05-03,14426,13381,27807,19635,19031,38666,31910,32496,64406,38213,38816,77029,32603,33071,65674,25668,28076,53744,21008,23955,44963,12293,15185,27478,5589,10054,15643,1391,4043,5434,202736,218108,420844
2021-05-04,14522,13470,27992,19747,19142,38889,32121,32680,64801,38449,39065,77514,32804,33276,66080,25836,28290,54126,21126,24128,45254,12376,15296,27672,5613,10092,15705,1392,4061,5453,203986,219500,423486
2021-05-05,14629,13559,28188,19851,19233,39084,32297,32877,65174,38673,39300,77973,33007,33457,66464,25979,28469,54448,21232,24245,45477,12442,15371,27813,5645,10127,15772,1399,4074,5473,205154,220712,425866
2021-05-06,14716,13650,28366,19986,19356,39342,32481,33088,65569,38903,39532,78435,33239,33662,66901,26142,28656,54798,21345,24367,45712,12504,15442,27946,5674,10173,15847,1403,4096,5499,206393,222022,428415
2021-05-07,14812,13747,28559,20129,19478,39607,32678,33317,65995,39113,39794,78907,33468,33900,67368,26278,28855,55133,21468,24506,45974,12566,15533,28099,5693,10203,15896,1405,4102,5507,207610,223435,431045
2021-05-08,14861,13802,28663,20191,19525,39716,32782,33436,66218,39270,39937,79207,33567,34013,67580,26364,28951,55315,21525,24573,46098,12607,15564,28171,5712,10230,15942,1406,4113,5519,208285,224144,432429
2021-05-09,14926,13864,28790,20251,19586,39837,32873,33540,66413,39394,40079,79473,33691,34139,67830,26450,29049,55499,21585,24645,46230,12649,15618,28267,5728,10252,15980,1414,4115,5529,208961,224887,433848
2021-05-10,15034,13967,29001,20355,19687,40042,33084,33742,66826,39643,40307,79950,33892,34381,68273,26623,29232,55855,21726,24797,46523,12716,15714,28430,5755,10299,16054,1415,4124,5539,210243,226250,436493
2021-05-11,15131,14048,29179,20452,19780,40232,33231,33891,67122,39839,40497,80336,34057,34536,68593,26745,29371,56116,21843,24927,46770,12774,15794,28568,5778,10329,16107,1421,4130,5551,211271,227303,438574
2021-05-12,15222,14128,29350,20549,19860,40409,33371,34048,67419,40041,40650,80691,34241,34707,68948,26884,29513,56397,21944,25051,46995,12819,15859,28678,5793,10364,16157,1425,4140,5565,212289,228320,440609
2021-05-13,15345,14205,29550,20629,19931,40560,33537,34226,67763,40219,40853,81072,34415,34865,69280,26993,29655,56648,22026,25157,47183,12861,15924,28785,5811,10410,16221,1426,4145,5571,213262,229371,442633
2021-05-14,15445,14312,29757,20731,20056,40787,33734,34445,68179,40471,41086,81557,34596,35110,69706,27162,29836,56998,22140,25310,47450,12917,16001,28918,5841,10448,16289,1431,4153,5584,214468,230757,445225
2021-05-15,15519,14391,29910,20810,20134,40944,33856,34600,68456,40631,41274,81905,34745,35283,70028,27282,29965,57247,22224,25422,47646,12950,16043,28993,5860,10477,16337,1432,4167,5599,215309,231756,447065
2021-05-16,15578,14457,30035,20876,20204,41080,33962,34683,68645,40768,41431,82199,34874,35414,70288,27392,30083,57475,22302,25503,47805,12985,16089,29074,5874,10507,16381,1433,4179,5612,216044,232550,448594
2021-05-17,15741,14593,30334,21019,20337,41356,34174,34919,69093,41066,41744,82810,35136,35706,70842,27612,30322,57934,22448,25684,48132,13075,16208,29283,5910,10570,16480,1436,4195,5631,217617,234278,451895
2021-05-18,15868,14731,30599,21156,20470,41626,34423,35130,69553,41352,42040,83392,35440,35987,71427,27831,30531,58362,22581,25846,48427,13150,16296,29446,5938,10616,16554,1440,4205,5645,219179,235852,455031
2021-05-19,16008,14850,30858,21301,20605,41906,34666,35394,70060,41650,42356,84006,35733,36244,71977,28032,30754,58786,22730,26020,48750,13220,16386,29606,5964,10654,16618,1446,4222,5668,220750,237485,458235
2021-05-20,16150,14989,31139,21444,20765,42209,34958,35673,70631,41987,42655,84642,36004,36512,72516,28227,30985,59212,22886,26188,49074,13298,16484,29782,5994,10703,16697,1451,4237,5688,222399,239191,461590
2021-05-21,16260,15081,31341,21558,20882,42440,35170,35906,71076,42255,42952,85207,36250,36763,73013,28405,31190,59595,23018,26357,49375,13363,16546,29909,6020,10757,16777,1452,4248,5700,223751,240682,464433
2021-05-22,16318,15128,31446,21621,20960,42581,35283,36041,71324,42432,43116,85548,36391,36901,73292,28499,31304,59803,23089,26422,49511,13396,16586,29982,6037,10788,16825,1453,4260,5713,224519,241506,466025
2021-05-23,16376,15178,31554,21672,21025,42697,35371,36144,71515,42554,43251,85805,36501,36997,73498,28588,31419,60007,23148,26503,49651,13434,16620,30054,6048,10834,16882,1462,4274,5736,225154,242245,467399
2021-05-24,16464,15235,31699,21757,21132,42889,35537,36303,71840,42770,43477,86247,36680,37218,73898,28748,31626,60374,23257,26642,49899,13503,16702,30205,6073,10875,16948,1465,4284,5749,226254,243494,469748
2021-05-25,16537,15287,31824,21828,21216,43044,35704,36466,72170,42960,43663,86623,36862,37381,74243,28912,31787,60699,23355,26758,50113,13561,16763,30324,6089,10911,17000,1470,4293,5763,227278,244525,471803
2021-05-26,16642,15372,32014,21946,21353,43299,35941,36683,72624,43202,43912,87114,37110,37624,74734,29132,32018,61150,23474,26924,50398,13633,16855,30488,6114,10972,17086,1477,4300,5777,228671,246013,474684
2021-05-27,16724,15450,32174,22030,21451,43481,36128,36886,73014,43438,44135,87573,37287,37797,75084,29303,32211,61514,23578,27053,50631,13706,16931,30637,6135,11011,17146,1479,4315,5794,229808,247240,477048
2021-05-28,16816,15535,32351,22144,21590,43734,36354,37118,73472,43696,44374,88070,37528,38049,75577,29539,32463,62002,23720,27250,50970,13771,17017,30788,6159,11053,17212,1484,4327,5811,231211,248776,479987
2021-05-29,16878,15597,32475,22210,21663,43873,36490,37279,73769,43900,44539,88439,37715,38214,75929,29646,32599,62245,23802,27348,51150,13814,17074,30888,6178,11094,17272,1489,4340,5829,232122,249747,481869
2021-05-30,16916,15644,32560,22259,21717,43976,36613,37410,74023,44060,44690,88750,37861,38334,76195,29729,32706,62435,23866,27415,51281,13840,17121,30961,6193,11120,17313,1492,4349,5841,232829,250506,483335
2021-05-31,17004,15722,32726,22379,21827,44206,36840,37629,74469,44350,44952,89302,38099,38573,76672,29879,32880,62759,23972,27571,51543,13918,17218,31136,6220,11171,17391,1493,4364,5857,234154,251907,486061
2021-06-01,17100,15810,32910,22483,21927,44410,37035,37815,74850,44591,45182,89773,38286,38784,77070,30044,33073,63117,24109,27720,51829,13994,17299,31293,6254,11213,17467,1497,4375,5872,235393,253198,488591
2021-06-02,17217,15899,33116,22589,22042,44631,37238,38050,75288,44815,45449,90264,38507,39009,77516,30190,33245,63435,24229,27880,52109,14067,17393,31460,6285,11264,17549,1504,4390,5894,236641,254621,491262
2021-06-03,17313,16000,33313,22725,22136,44861,37458,38250,75708,45057,45697,90754,38737,39240,77977,30346,33429,63775,24359,28033,52392,14141,17482,31623,6312,11290,17602,1508,4407,5915,237956,255964,493920
2021-06-04,17449,16116,33565,22850,22258,45108,37700,38482,76182,45313,45962,91275,38975,39474,78449,30538,33671,64209,24477,28185,52662,14219,17588,31807,6336,11347,17683,1509,4415,5924,239366,257498,496864
2021-06-05,17520,16191,33711,22911,22319,45230,37823,38632,76455,45476,46137,91613,39122,39618,78740,30648,33788,64436,24539,28262,52801,14260,17660,31920,6351,11371,17722,1514,4428,5942,240164,258406,498570
2021-06-06,17595,16276,33871,22983,22390,45373,37940,38758,76698,45630,46285,91915,39261,39755,79016,30772,33906,64678,24605,28357,52962,14302,17718,32020,6363,11397,17760,1514,4440,5954,240965,259282,500247
2021-06-07,17698,16411,34109,23104,22512,45616,38148,38962,77110,45888,46532,92420,39462,39993,79455,30963,34120,65083,24754,28530,53284,14399,17847,32246,6398,11471,17869,1521,4474,5995,242335,260852,503187
2021-06-08,17826,16533,34359,23206,22617,45823,38347,39196,77543,46145,46769,92914,39678,40193,79871,31147,34338,65485,24852,28652,53504,14467,17970,32437,6424,11518,17942,1525,4491,6016,243617,262277,505894
2021-06-09,17943,16655,34598,23323,22715,46038,38581,39425,78006,46410,47042,93452,39902,40430,80332,31324,34559,65883,24970,28800,53770,14543,18057,32600,6457,11575,18032,1529,4508,6037,244982,263766,508748
2021-06-10,18060,16785,34845,23420,22827,46247,38805,39660,78465,46654,47327,93981,40105,40639,80744,31475,34764,66239,25071,28956,54027,14625,18168,32793,6485,11618,18103,1534,4526,6060,246234,265270,511504
2021-06-11,18168,16886,35054,23505,22938,46443,39009,39888,78897,46900,47604,94504,40331,40889,81220,31661,34951,66612,25187,29094,54281,14698,18280,32978,6516,11686,18202,1541,4540,6081,247516,266756,514272
2021-06-12,18256,16961,35217,23582,23009,46591,39157,40040,79197,47086,47784,94870,40484,41044,81528,31771,35094,66865,25265,29205,54470,14741,18353,33094,6541,11718,18259,1545,4552,6097,248428,267760,516188
2021-06-13,18340,17053,35393,23657,23086,46743,39277,40151,79428,47227,47928,95155,40632,41190,81822,31890,35225,67115,25338,29297,54635,14780,18402,33182,6560,11751,18311,1549,4563,6112,249250,268646,517896
2021-06-14,18483,17167,35650,23774,23210,46984,39465,40382,79847,47476,48199,95675,40862,41431,82293,32060,35449,67509,25450,29471,54921,14869,18504,33373,6589,11799,18388,1565,4582,6147,250593,270194,520787
2021-06-15,18615,17304,35919,23904,23328,47232,39682,40599,80281,47721,48461,96182,41077,41665,82742,32232,35646,67878,25586,29611,55197,14940,18593,33533,6622,11840,18462,1569,4598,6167,251948,271645,523593
2021-06-16,18747,17439,36186,24023,23440,47463,39898,40815,80713,47960,48730,96690,41302,41914,83216,32379,35828,68207,25698,29744,55442,15002,18676,33678,6653,11880,18533,1570,4611,6181,253232,273077,526309
2021-06-17,18882,17564,36446,24148,23580,47728,40136,41052,81188,48207,49024,97231,41523,42168,83691,32514,36017,68531,25821,29892,55713,15093,18781,33874,6675,11927,18602,1573,4622,6195,254572,274627,529199
2021-06-18,18992,17659,36651,24258,23691,47949,40351,41229,81580,48458,49294,97752,41729,42433,84162,32636,36206,68842,25913,30030,55943,15149,18865,34014,6701,11954,18655,1578,4636,6214,255765,275997,531762
2021-06-19,19077,17754,36831,24334,23756,48090,40477,41365,81842,48607,49479,98086,41878,42603,84481,32725,36315,69040,26003,30119,56122,15209,18931,34140,6724,12006,18730,1581,4654,6235,256615,276982,533597
2021-06-20,19165,17816,36981,24392,23795,48187,40557,41454,82011,48708,49619,98327,41987,42715,84702,32802,36409,69211,26067,30197,56264,15256,18979,34235,6736,12032,18768,1582,4661,6243,257252,277677,534929
2021-06-21,19267,17910,37177,24472,23862,48334,40663,41601,82264,48894,49783,98677,42151,42880,85031,32928,36544,69472,26138,30284,56422,15304,19049,34353,6765,12060,18825,1585,4666,6251,258167,278639,536806
2021-06-22,19434,18045,37479,24604,23986,48590,40853,41836,82689,49141,50034,99175,42411,43139,85550,33095,36723,69818,26284,30454,56738,15376,19156,34532,6790,12109,18899,1596,4678,6274,259584,280160,539744
2021-06-23,19603,18180,37783,24754,24122,48876,41043,42062,83105,49412,50321,99733,42647,43422,86069,33237,36903,70140,26415,30603,57018,15449,19260,34709,6823,12160,18983,1601,4695,6296,260984,281728,542712
2021-06-24,19776,18315,38091,24885,24265,49150,41248,42302,83550,49651,50629,100280,42899,43673,86572,33375,37102,70477,26543,30765,57308,15519,19349,34868,6843,12211,19054,1603,4708,6311,262342,283319,545661
2021-06-25,19954,18460,38414,25016,24409,49425,41457,42553,84010,49948,50993,100941,43128,43938,87066,33574,37331,70905,26688,30961,57649,15595,19466,35061,6872,12268,19140,1612,4728,6340,263844,285107,548951
2021-06-26,20043,18541,38584,25083,24487,49570,41572,42662,84234,50118,51156,101274,43258,44094,87352,33675,37425,71100,26782,31088,57870,15659,19563,35222,6891,12303,19194,1616,4744,6360,264697,286063,550760
2021-06-27,20143,18622,38765,25141,24548,49689,41674,42789,84463,50251,51292,101543,43368,44220,87588,33748,37511,71259,26849,31165,58014,15703,19622,35325,6901,12337,19238,1617,4753,6370,265395,286859,552254
2021-06-28,20264,18719,38983,25210,24619,49829,41776,42940,84716,50425,51461,101886,43498,44391,87889,33854,37617,71471,26934,31252,58186,15759,19694,35453,6931,12368,19299,1619,4768,6387,266270,287829,554099
2021-06-29,20394,18872,39266,25333,24738,50071,41966,43167,85133,50650,51685,102335,43689,44592,88281,34004,37768,71772,27051,31367,58418,15834,19775,35609,6951,12422,19373,1621,4792,6413,267493,289178,556671
2021-06-30,20556,19028,39584,25473,24862,50335,42162,43393,85555,50924,51943,102867,43898,44815,88713,34139,37978,72117,27147,31512,58659,15903,19859,35762,6981,12466,19447,1626,4809,6435,268809,290665,559474
2021-07-01,20676,19152,39828,25575,24977,50552,42347,43595,85942,51128,52217,103345,44078,45029,89107,34268,38152,72420,27243,31650,58893,15967,19945,35912,7009,12517,19526,1630,4824,6454,269921,292058,561979
2021-07-02,20844,19288,40132,25735,25106,50841,42549,43822,86371,51375,52523,103898,44245,45278,89523,34409,38354,72763,27356,31806,59162,16036,20039,36075,7032,12561,19593,1634,4836,6470,271215,293613,564828
2021-07-03,20942,19394,40336,25825,25200,51025,42673,43968,86641,51548,52730,104278,44386,45459,89845,34511,38474,72985,27443,31911,59354,16084,20109,36193,7048,12594,19642,1641,4851,6492,272101,294690,566791
2021-07-04,21041,19523,40564,25905,25271,51176,42768,44096,86864,51679,52891,104570,44493,45588,90081,34600,38598,73198,27514,32001,59515,16118,20176,36294,7059,12624,19683,1645,4861,6506,272822,295629,568451
2021-07-05,21234,19694,40928,26052,25409,51461,43000,44330,87330,51962,53191,105153,44701,45844,90545,34759,38807,73566,27638,32140,59778,16206,20271,36477,7092,12676,19768,1651,4878,6529,274295,297240,571535
2021-07-06,21436,19893,41329,26254,25552,51806,43245,44587,87832,52245,53516,105761,44947,46120,91067,34897,39003,73900,27754,32293,60047,16284,20375,36659,7117,12728,19845,1654,4907,6561,275833,298974,574807
2021-07-07,21618,20072,41690,26419,25706,52125,43494,44825,88319,52514,53824,106338,45198,46374,91572,35080,39179,74259,27856,32425,60281,16348,20445,36793,7138,12785,19923,1663,4919,6582,277328,300554,577882
2021-07-08,21793,20257,42050,26589,25866,52455,43753,45103,88856,52817,54171,106988,45439,46685,92124,35268,39410,74678,27975,32607,60582,16421,20561,36982,7180,12826,20006,1666,4936,6602,278901,302422,581323
2021-07-09,21920,20387,42307,26713,25979,52692,43917,45278,89195,53013,54401,107414,45627,46893,92520,35394,39552,74946,28073,32703,60776,16467,20626,37093,7205,12867,20072,1674,4948,6622,280003,303634,583637
2021-07-10,22031,20517,42548,26831,26076,52907,44052,45438,89490,53189,54616,107805,45777,47079,92856,35516,39702,75218,28160,32815,60975,16517,20698,37215,7224,12908,20132,1679,4958,6637,280976,304807,585783
2021-07-11,22175,20646,42821,26925,26150,53075,44177,45564,89741,53348,54817,108165,45920,47275,93195,35627,39830,75457,28246,32908,61154,16567,20762,37329,7236,12931,20167,1686,4970,6656,281907,305853,587760
2021-07-12,22382,20848,43230,27099,26313,53412,44427,45850,90277,53673,55135,108808,46199,47601,93800,35808,40071,75879,28396,33075,61471,16651,20856,37507,7264,12976,20240,1696,4989,6685,283595,307714,591309
2021-07-13,22599,21018,43617,27274,26481,53755,44684,46093,90777,53932,55435,109367,46439,47889,94328,35990,40297,76287,28515,33224,61739,16727,20965,37692,7292,13032,20324,1706,5006,6712,285158,309440,594598
2021-07-14,22813,21220,44033,27504,26662,54166,44978,46370,91348,54216,55768,109984,46700,48196,94896,36180,40541,76721,28666,33386,62052,16794,21054,37848,7314,13081,20395,1710,5019,6729,286875,311297,598172
2021-07-15,23004,21382,44386,27730,26861,54591,45258,46640,91898,54532,56105,110637,46996,48549,95545,36386,40778,77164,28792,33558,62350,16868,21163,38031,7338,13127,20465,1717,5039,6756,288621,313202,601823
2021-07-16,23164,21542,44706,27894,27036,54930,45508,46919,92427,54816,56438,111254,47307,48864,96171,36569,40988,77557,28904,33716,62620,16924,21255,38179,7363,13176,20539,1720,5054,6774,290169,314988,605157
2021-07-17,23274,21667,44941,28014,27146,55160,45685,47101,92786,55012,56676,111688,47494,49076,96570,36708,41146,77854,29000,33820,62820,16984,21321,38305,7373,13195,20568,1724,5064,6788,291268,316212,607480
2021-07-18,23383,21760,45143,28103,27247,55350,45820,47265,93085,55169,56860,112029,47656,49253,96909,36836,41285,78121,29068,33909,62977,17040,21388,38428,7400,13232,20632,1726,5071,6797,292201,317270,609471
2021-07-19,23555,21912,45467,28235,27371,55606,46075,47539,93614,55401,57134,112535,47898,49532,97430,37016,41530,78546,29214,34083,63297,17124,21504,38628,7432,13281,20713,1730,5077,6807,293680,318963,612643
2021-07-20,23719,22068,45787,28355,27503,55858,46290,47784,94074,55644,57394,113038,48112,49766,97878,37181,41714,78895,29345,34234,63579,17192,21603,38795,7457,13327,20784,1734,5097,6831,295029,320490,615519
2021-07-21,23905,22228,46133,28545,27658,56203,46555,48050,94605,55916,57727,113643,48368,50095,98463,37399,41980,79379,29495,34446,63941,17272,21737,39009,7486,13387,20873,1738,5110,6848,296679,322418,619097
2021-07-22,24075,22376,46451,28730,27826,56556,46789,48338,95127,56242,58087,114329,48685,50449,99134,37612,42233,79845,29619,34610,64229,17358,21836,39194,7518,13437,20955,1742,5120,6862,298370,324312,622682
2021-07-23,24222,22491,46713,28856,27961,56817,46995,48546,95541,56497,58393,114890,48909,50729,99638,37786,42423,80209,29730,34748,64478,17410,21936,39346,7535,13476,21011,1747,5135,6882,299687,325838,625525
2021-07-24,24344,22619,46963,28978,28109,57087,47191,48746,95937,56750,58684,115434,49167,50992,100159,37937,42617,80554,29831,34893,64724,17479,22011,39490,7559,13508,21067,1750,5142,6892,300986,327321,628307
2021-07-25,24451,22729,47180,29112,28255,57367,47330,48917,96247,56971,58954,115925,49483,51303,100786,38109,42794,80903,29941,34994,64935,17549,22088,39637,7572,13536,21108,1756,5151,6907,302274,328721,630995
2021-07-26,24591,22905,47496,29317,28494,57811,47566,49234,96800,57312,59348,116660,49838,51730,101568,38362,43082,81444,30096,35206,65302,17636,22238,39874,7609,13608,21217,1764,5169,6933,304091,331014,635105
2021-07-27,24702,23025,47727,29434,28645,58079,47748,49443,97191,57536,59600,117136,50063,51951,102014,38507,43248,81755,30203,35336,65539,17698,22340,40038,7637,13646,21283,1768,5182,6950,305296,332416,637712
2021-07-28,24815,23145,47960,29567,28798,58365,47978,49682,97660,57790,59879,117669,50299,52203,102502,38678,43457,82135,30348,35488,65836,17773,22437,40210,7660,13684,21344,1774,5187,6961,306682,333960,640642
2021-07-29,24950,23252,48202,29725,28944,58669,48175,49918,98093,58068,60207,118275,50524,52488,103012,38842,43655,82497,30475,35636,66111,17834,22524,40358,7682,13712,21394,1778,5205,6983,308053,335541,643594
2021-07-30,25098,23383,48481,29908,29124,59032,48454,50237,98691,58391,60622,119013,50811,52879,103690,39079,43946,83025,30650,35849,66499,17908,22650,40558,7715,13770,21485,1786,5219,7005,309800,337679,647479
2021-07-31,25250,23531,48781,30065,29327,59392,48622,50461,99083,58692,60989,119681,51159,53274,104433,39298,44175,83473,30772,36028,66800,17986,22751,40737,7737,13793,21530,1788,5234,7022,311369,339563,650932
2021-08-01,25398,23702,49100,30219,29523,59742,48750,50620,99370,58939,61294,120233,51486,53637,105123,39459,44369,83828,30881,36152,67033,18041,22845,40886,7754,13840,21594,1795,5245,7040,312722,341227,653949
2021-08-02,25616,23884,49500,30427,29746,60173,48990,50919,99909,59283,61676,120959,51838,54063,105901,39683,44673,84356,31084,36402,67486,18139,22983,41122,7798,13905,21703,1800,5264,7064,314658,343515,658173
2021-08-03,25852,24092,49944,30630,29980,60610,49220,51217,100437,59589,62060,121649,52149,54451,106600,39909,44966,84875,31256,36656,67912,18263,23131,41394,7827,13967,21794,1804,5283,7087,316499,345803,662302
2021-08-04,26070,24279,50349,30811,30149,60960,49449,51473,100922,59890,62370,122260,52388,54739,107127,40080,45204,85284,31407,36840,68247,18330,23254,41584,7848,14013,21861,1806,5301,7107,318079,347622,665701
2021-08-05,26301,24525,50826,31000,30362,61362,49761,51819,101580,60225,62765,122990,52722,55138,107860,40339,45515,85854,31580,37049,68629,18421,23388,41809,7880,14074,21954,1816,5316,7132,320045,349951,669996
2021-08-06,26567,24735,51302,31287,30590,61877,50092,52200,102292,60592,63203,123795,53057,55557,108614,40571,45840,86411,31784,37338,69122,18527,23568,42095,7916,14118,22034,1819,5331,7150,322212,352480,674692
2021-08-07,26724,24914,51638,31437,30773,62210,50282,52411,102693,60837,63476,124313,53269,55812,109081,40725,46042,86767,31910,37500,69410,18601,23696,42297,7939,14164,22103,1825,5335,7160,323549,354123,677672
2021-08-08,26948,25134,52082,31611,30949,62560,50422,52604,103026,61048,63723,124771,53493,56098,109591,40878,46242,87120,32043,37660,69703,18675,23763,42438,7956,14208,22164,1831,5348,7179,324905,355729,680634
2021-08-09,27315,25457,52772,31843,31204,63047,50688,53000,103688,61456,64135,125591,53816,56536,110352,41154,46569,87723,32234,37902,70136,18794,23883,42677,7995,14268,22263,1843,5366,7209,327138,358320,685458
2021-08-10,27722,25820,53542,32154,31505,63659,50999,53401,104400,61837,64610,126447,54156,56994,111150,41443,46907,88350,32429,38153,70582,18921,24037,42958,8033,14329,22362,1845,5385,7230,329539,361141,690680
2021-08-11,28058,26160,54218,32473,31824,64297,51347,53822,105169,62256,65093,127349,54545,57473,112018,41710,47252,88962,32620,38396,71016,19033,24165,43198,8077,14396,22473,1854,5408,7262,331973,363989,695962
2021-08-12,28417,26504,54921,32781,32141,64922,51658,54213,105871,62630,65541,128171,54905,57922,112827,41949,47585,89534,32794,38597,71391,19142,24275,43417,8121,14446,22567,1863,5429,7292,334260,366653,700913
2021-08-13,28853,26885,55738,33189,32554,65743,52015,54683,106698,63110,66118,129228,55332,58466,113798,42224,48018,90242,32995,38871,71866,19269,24449,43718,8171,14506,22677,1869,5445,7314,337027,369995,707022
2021-08-14,29125,27151,56276,33440,32786,66226,52211,54956,107167,63409,66471,129880,55604,58855,114459,42403,48286,90689,33128,39043,72171,19364,24551,43915,8198,14550,22748,1872,5457,7329,338754,372106,710860
2021-08-15,29348,27360,56708,33628,32948,66576,52382,55125,107507,63642,66763,130405,55825,59120,114945,42577,48495,91072,33246,39207,72453,19447,24642,44089,8221,14596,22817,1875,5469,7344,340191,373725,713916
2021-08-16,29648,27641,57289,33858,33179,67037,52558,55364,107922,63894,67089,130983,56082,59465,115547,42772,48709,91481,33350,39363,72713,19537,24751,44288,8244,14633,22877,1881,5482,7363,341824,375676,717500
2021-08-17,30134,28020,58154,34233,33539,67772,52886,55787,108673,64364,67632,131996,56430,60025,116455,43078,49115,92193,33545,39619,73164,19659,24892,44551,8277,14715,22992,1890,5503,7393,344496,378847,723343
2021-08-18,30602,28448,59050,34658,33912,68570,53153,56150,109303,64774,68144,132918,56783,60458,117241,43321,49459,92780,33728,39854,73582,19785,25044,44829,8305,14789,23094,1905,5523,7428,347014,381781,728795
2021-08-19,31032,28832,59864,35016,34270,69286,53410,56531,109941,65210,68637,133847,57119,60922,118041,43579,49782,93361,33897,40085,73982,19877,25159,45036,8334,14840,23174,1914,5535,7449,349388,384593,733981
2021-08-20,31535,29302,60837,35451,34689,70140,53719,56924,110643,65610,69187,134797,57502,61439,118941,43835,50150,93985,34099,40363,74462,19991,25316,45307,8365,14905,23270,1923,5557,7480,352030,387832,739862
2021-08-21,31804,29598,61402,35678,34913,70591,53917,57203,111120,65924,69571,135495,57767,61772,119539,44042,50403,94445,34240,40557,74797,20069,25425,45494,8391,14949,23340,1926,5573,7499,353758,389964,743722
2021-08-22,32196,29942,62138,35909,35139,71048,54079,57417,111496,66208,69960,136168,58041,62134,120175,44253,50671,94924,34381,40741,75122,20159,25526,45685,8417,14990,23407,1931,5587,7518,355574,392107,747681
2021-08-23,32872,30619,63491,36358,35583,71941,54421,57849,112270,66678,70521,137199,58445,62680,121125,44527,51059,95586,34598,41043,75641,20290,25700,45990,8459,15056,23515,1935,5605,7540,358583,395715,754298
2021-08-24,33566,31282,64848,36805,36002,72807,54737,58265,113002,67078,71108,138186,58809,63171,121980,44782,51421,96203,34786,41319,76105,20393,25848,46241,8511,15115,23626,1940,5622,7562,361407,399153,760560
2021-08-25,34247,31927,66174,37222,36415,73637,55012,58642,113654,67448,71650,139098,59182,63677,122859,45036,51751,96787,34991,41594,76585,20519,25998,46517,8555,15155,23710,1948,5650,7598,364160,402459,766619
2021-08-26,34921,32573,67494,37658,36829,74487,55307,59075,114382,67865,72218,140083,59565,64186,123751,45262,52116,97378,35180,41832,77012,20632,26172,46804,8594,15223,23817,1954,5666,7620,366938,405890,772828
2021-08-27,35676,33219,68895,38087,37314,75401,55589,59469,115058,68279,72810,141089,59911,64736,124647,45542,52486,98028,35383,42100,77483,20740,26320,47060,8623,15292,23915,1959,5679,7638,369789,409425,779214
2021-08-28,36081,33565,69646,38320,37523,75843,55781,59717,115498,68572,73177,141749,60153,65100,125253,45710,52701,98411,35520,42277,77797,20803,26416,47219,8658,15330,23988,1962,5686,7648,371560,411492,783052
2021-08-29,36539,33987,70526,38510,37738,76248,55916,59913,115829,68830,73505,142335,60403,65415,125818,45870,52933,98803,35647,42421,78068,20878,26509,47387,8696,15374,24070,1964,5693,7657,373253,413488,786741
2021-08-30,37328,34699,72027,38934,38115,77049,56176,60276,116452,69221,74025,143246,60787,65870,126657,46094,53247,99341,35830,42684,78514,20984,26656,47640,8744,15439,24183,1968,5712,7680,376066,416723,792789
2021-08-31,38195,35479,73674,39470,38576,78046,56466,60684,117150,69624,74547,144171,61160,66394,127554,46372,53586,99958,36046,42981,79027,21096,26830,47926,8780,15500,24280,1977,5728,7705,379186,420305,799491
2021-09-01,38994,36200,75194,39959,39018,78977,56738,61008,117746,70016,75097,145113,61496,66821,128317,46598,53887,100485,36230,43191,79421,21189,26983,48172,8818,15575,24393,1981,5745,7726,382019,423525,805544
2021-09-02,39630,36797,76427,40313,39373,79686,56965,61302,118267,70380,75518,145898,61761,67256,129017,46794,54161,100955,36395,43384,79779,21288,27093,48381,8844,15620,24464,1986,5761,7747,384356,426265,810621
2021-09-03,40131,37282,77413,40682,39736,80418,57222,61596,118818,70734,75950,146684,62096,67676,129772,46998,54466,101464,36577,43630,80207,21396,27243,48639,8874,15668,24542,1988,5773,7761,386698,429020,815718
2021-09-04,40448,37581,78029,40847,39892,80739,57350,61772,119122,70949,76230,147179,62324,67930,130254,47145,54649,101794,36687,43769,80456,21462,27342,48804,8899,15714,24613,1991,5785,7776,388102,430664,818766
2021-09-05,40792,37910,78702,41017,40072,81089,57498,61932,119430,71207,76542,147749,62531,68200,130731,47285,54838,102123,36816,43925,80741,21555,27442,48997,8922,15746,24668,1998,5797,7795,389621,432404,822025
2021-09-06,41486,38577,80063,41377,40413,81790,57756,62269,120025,71569,77010,148579,62873,68643,131516,47529,55160,102689,37012,44169,81181,21687,27584,49271,8960,15817,24777,2005,5820,7825,392254,435462,827716
2021-09-07,42078,39207,81285,41699,40794,82493,57997,62562,120559,71876,77431,149307,63138,69015,132153,47735,55431,103166,37161,44371,81532,21767,27718,49485,8990,15875,24865,2012,5848,7860,394453,438252,832705
2021-09-08,42527,39696,82223,42026,41081,83107,58197,62782,120979,72163,77769,149932,63388,69353,132741,47943,55671,103614,37293,44523,81816,21844,27817,49661,9022,15917,24939,2020,5862,7882,396423,440471,836894
2021-09-09,43026,40165,83191,42321,41339,83660,58374,63048,121422,72450,78093,150543,63619,69651,133270,48108,55915,104023,37439,44676,82115,21931,27925,49856,9059,15973,25032,2025,5878,7903,398352,442663,841015
2021-09-10,43530,40594,84124,42666,41688,84354,58689,63480,122169,72891,78672,151563,64064,70261,134325,48478,56387,104865,37687,45051,82738,22049,28103,50152,9113,16027,25140,2031,5894,7925,401198,446157,847355
2021-09-11,43795,40870,84665,42859,41903,84762,58943,63809,122752,73210,79098,152308,64399,70647,135046,48735,56709,105444,37884,45324,83208,22136,28254,50390,9142,16059,25201,2035,5901,7936,403138,448574,851712
2021-09-12,44054,41115,85169,42988,42041,85029,59054,63947,123001,73390,79321,152711,64595,70852,135447,48869,56862,105731,37991,45474,83465,22189,28329,50518,9157,16088,25245,2041,5910,7951,404328,449939,854267
2021-09-13,44585,41645,86230,43286,42379,85665,59291,64247,123538,73723,79756,153479,64928,71256,136184,49093,57176,106269,38192,45696,83888,22311,28490,50801,9190,16160,25350,2049,5928,7977,406648,452733,859381
2021-09-14,45120,42134,87254,43585,42659,86244,59484,64491,123975,73994,80130,154124,65166,71586,136752,49261,57433,106694,38343,45914,84257,22409,28629,51038,9213,16206,25419,2055,5941,7996,408630,455123,863753
2021-09-15,45534,42517,88051,43853,42894,86747,59627,64719,124346,74210,80471,154681,65375,71885,137260,49405,57626,107031,38454,46078,84532,22481,28726,51207,9247,16256,25503,2061,5964,8025,410247,457136,867383
2021-09-16,45940,42883,88823,44108,43153,87261,59792,64943,124735,74441,80823,155264,65601,72227,137828,49570,57830,107400,38570,46265,84835,22568,28851,51419,9278,16306,25584,2069,5978,8047,411937,459259,871196
2021-09-17,46457,43350,89807,44431,43471,87902,59973,65197,125170,74692,81176,155868,65863,72542,138405,49734,58065,107799,38700,46439,85139,22672,28989,51661,9306,16369,25675,2073,5988,8061,413901,461586,875487
2021-09-18,46727,43596,90323,44569,43614,88183,60098,65367,125465,74874,81403,156277,66038,72773,138811,49868,58227,108095,38821,46610,85431,22735,29089,51824,9336,16405,25741,2077,6000,8077,415143,463084,878227
2021-09-19,47027,43873,90900,44689,43740,88429,60211,65502,125713,75051,81634,156685,66224,72957,139181,49986,58378,108364,38915,46718,85633,22789,29170,51959,9353,16445,25798,2083,6008,8091,416328,464425,880753
2021-09-20,47598,44443,92041,45103,44160,89263,60390,65764,126154,75353,81989,157342,66496,73269,139765,50177,58633,108810,39088,46926,86014,22886,29291,52177,9382,16499,25881,2092,6018,8110,418565,466992,885557
2021-09-21,48049,44888,92937,45280,44351,89631,60545,65997,126542,75605,82267,157872,66722,73533,140255,50327,58831,109158,39226,47112,86338,22987,29409,52396,9416,16552,25968,2095,6028,8123,420252,468968,889220
2021-09-22,48572,45326,93898,45644,44685,90329,60694,66227,126921,75846,82628,158474,66931,73819,140750,50470,59062,109532,39355,47298,86653,23083,29512,52595,9436,16604,26040,2101,6048,8149,422132,471209,893341
2021-09-23,49006,45731,94737,46003,45050,91053,60851,66458,127309,76089,82982,159071,67150,74106,141256,50610,59278,109888,39514,47508,87022,23175,29632,52807,9463,16643,26106,2108,6062,8170,423969,473450,897419
2021-09-24,49391,46127,95518,46254,45258,91512,61002,66647,127649,76286,83225,159511,67332,74370,141702,50750,59472,110222,39644,47679,87323,23248,29757,53005,9488,16694,26182,2112,6069,8181,425507,475298,900805
2021-09-25,49619,46315,95934,46363,45366,91729,61100,66785,127885,76438,83411,159849,67465,74542,142007,50853,59598,110451,39733,47792,87525,23314,29836,53150,9510,16729,26239,2114,6084,8198,426509,476458,902967
2021-09-26,49877,46536,96413,46475,45490,91965,61188,66904,128092,76591,83605,160196,67631,74718,142349,50953,59743,110696,39841,47903,87744,23366,29906,53272,9527,16759,26286,2116,6093,8209,427565,477657,905222
2021-09-27,50365,46963,97328,46822,45766,92588,61356,67132,128488,76851,83912,160763,67892,74969,142861,51116,59965,111081,39983,48104,88087,23469,30034,53503,9554,16815,26369,2126,6110,8236,429534,479770,909304
2021-09-28,50854,47355,98209,47241,46216,93457,61495,67354,128849,77085,84201,161286,68098,75236,143334,51266,60163,111429,40105,48262,88367,23550,30120,53670,9572,16865,26437,2131,6121,8252,431397,481893,913290
2021-09-29,51269,47705,98974,47548,46523,94071,61652,67575,129227,77306,84504,161810,68314,75491,143805,51410,60355,111765,40232,48432,88664,23640,30260,53900,9611,16910,26521,2140,6131,8271,433122,483886,917008
2021-09-30,51604,48022,99626,47939,46927,94866,61790,67768,129558,77512,84747,162259,68474,75709,144183,51549,60526,112075,40345,48595,88940,23704,30364,54068,9636,16971,26607,2146,6144,8290,434699,485773,920472
2021-10-01,52022,48334,100356,48351,47340,95691,61958,67976,129934,77731,85065,162796,68708,75961,144669,51712,60703,112415,40466,48776,89242,23792,30484,54276,9665,17032,26697,2150,6164,8314,436555,487835,924390
2021-10-02,52239,48552,100791,48477,47461,95938,62083,68121,130204,77872,85278,163150,68836,76106,144942,51818,60839,112657,40560,48913,89473,23867,30559,54426,9681,17069,26750,2152,6174,8326,437585,489072,926657
2021-10-03,52434,48730,101164,48593,47564,96157,62201,68264,130465,78018,85431,163449,68964,76260,145224,51908,60956,112864,40630,49028,89658,23912,30628,54540,9700,17103,26803,2153,6179,8332,438513,490143,928656
2021-10-04,52859,49144,102003,49032,47936,96968,62383,68494,130877,78224,85762,163986,69187,76536,145723,52077,61188,113265,40774,49236,90010,24012,30760,54772,9730,17143,26873,2159,6193,8352,440437,492392,932829
2021-10-05,53285,49517,102802,49405,48395,97800,62538,68717,131255,78488,86089,164577,69405,76801,146206,52234,61411,113645,40890,49414,90304,24090,30880,54970,9761,17192,26953,2170,6206,8376,442266,494622,936888
2021-10-06,53625,49814,103439,49728,48736,98464,62728,68931,131659,78742,86421,165163,69625,77072,146697,52381,61642,114023,41024,49576,90600,24165,31000,55165,9794,17231,27025,2176,6215,8391,443988,496638,940626
2021-10-07,53908,50104,104012,49909,48943,98852,62906,69152,132058,78990,86746,165736,69853,77363,147216,52549,61857,114406,41145,49760,90905,24272,31100,55372,9823,17277,27100,2179,6230,8409,445534,498532,944066
2021-10-08,54055,50244,104299,50037,49094,99131,63058,69318,132376,79170,86957,166127,70045,77557,147602,52673,62036,114709,41280,49923,91203,24341,31175,55516,9844,17309,27153,2186,6244,8430,446689,499857,946546
2021-10-09,54180,50371,104551,50192,49249,99441,63181,69462,132643,79332,87156,166488,70206,77741,147947,52799,62189,114988,41396,50063,91459,24414,31276,55690,9863,17350,27213,2190,6253,8443,447753,501110,948863
2021-10-10,54349,50541,104890,50292,49355,99647,63288,69602,132890,79493,87340,166833,70365,77922,148287,52910,62334,115244,41507,50191,91698,24470,31358,55828,9883,17382,27265,2193,6259,8452,448750,502284,951034
2021-10-11,54540,50713,105253,50439,49506,99945,63448,69768,133216,79711,87554,167265,70565,78147,148712,53055,62515,115570,41642,50349,91991,24557,31454,56011,9903,17413,27316,2198,6271,8469,450058,503690,953748
2021-10-12,54892,51039,105931,50805,49885,100690,63658,70057,133715,80016,87889,167905,70829,78476,149305,53244,62763,116007,41814,50583,92397,24664,31586,56250,9941,17469,27410,2206,6290,8496,452069,506037,958106
2021-10-13,55253,51372,106625,51178,50264,101442,63899,70353,134252,80343,88236,168579,71109,78798,149907,53439,62982,116421,41958,50786,92744,24769,31729,56498,9968,17514,27482,2210,6298,8508,454126,508332,962458
2021-10-14,55585,51697,107282,51589,50663,102252,64110,70633,134743,80607,88562,169169,71385,79132,150517,53641,63250,116891,42128,51015,93143,24875,31857,56732,9999,17574,27573,2217,6316,8533,456136,510699,966835
2021-10-15,55866,51947,107813,51870,50964,102834,64290,70895,135185,80874,88867,169741,71614,79417,151031,53829,63453,117282,42272,51220,93492,24964,31995,56959,10021,17618,27639,2219,6325,8544,457819,512701,970520
2021-10-16,56030,52102,108132,52045,51175,103220,64436,71043,135479,81090,89099,170189,71806,79644,151450,53975,63645,117620,42402,51404,93806,25063,32123,57186,10054,17662,27716,2222,6337,8559,459123,514234,973357
2021-10-17,56183,52224,108407,52221,51330,103551,64523,71176,135699,81260,89293,170553,71969,79838,151807,54098,63786,117884,42493,51522,94015,25133,32211,57344,10074,17691,27765,2223,6341,8564,460177,515412,975589
2021-10-18,56565,52590,109155,52497,51626,104123,64742,71445,136187,81541,89606,171147,72214,80134,152348,54293,64046,118339,42679,51776,94455,25245,32363,57608,10116,17756,27872,2228,6351,8579,462120,517693,979813
2021-10-19,56980,52988,109968,52773,51934,104707,64928,71677,136605,81778,89900,171678,72399,80429,152828,54445,64239,118684,42828,51946,94774,25347,32487,57834,10149,17813,27962,2234,6370,8604,463861,519783,983644
2021-10-20,57402,53373,110775,53069,52266,105335,65149,71971,137120,82037,90263,172300,72631,80747,153378,54625,64467,119092,42961,52149,95110,25446,32631,58077,10179,17859,28038,2239,6380,8619,465738,522106,987844
2021-10-21,57853,53794,111647,53361,52607,105968,65351,72234,137585,82304,90665,172969,72860,81081,153941,54788,64750,119538,43099,52362,95461,25548,32775,58323,10208,17922,28130,2242,6401,8643,467614,524591,992205
2021-10-22,58271,54222,112493,53727,53030,106757,65538,72523,138061,82586,91054,173640,73118,81469,154587,54982,65031,120013,43257,52600,95857,25654,32909,58563,10245,17986,28231,2250,6414,8664,469628,527238,996866
2021-10-23,58525,54458,112983,53944,53227,107171,65654,72688,138342,82779,91277,174056,73299,81715,155014,55122,65220,120342,43376,52755,96131,25726,32998,58724,10262,18025,28287,2256,6427,8683,470943,528790,999733
2021-10-24,58813,54707,113520,54107,53371,107478,65749,72847,138596,82960,91521,174481,73465,81946,155411,55266,65407,120673,43478,52884,96362,25784,33086,58870,10287,18047,28334,2258,6435,8693,472167,530251,1002418
2021-10-25,59349,55252,114601,54442,53692,108134,65989,73178,139167,83310,91924,175234,73765,82320,156085,55469,65721,121190,43681,53178,96859,25889,33248,59137,10319,18095,28414,2260,6445,8705,474473,533053,1007526
2021-10-26,59847,55730,115577,54842,54042,108884,66234,73484,139718,83595,92301,175896,74019,82677,156696,55671,66006,121677,43883,53429,97312,25991,33385,59376,10345,18160,28505,2263,6455,8718,476690,535669,1012359
2021-10-27,60302,56163,116465,55204,54352,109556,66451,73745,140196,83849,92654,176503,74271,82991,157262,55851,66274,122125,44038,53651,97689,26108,33504,59612,10376,18213,28589,2267,6467,8734,478717,538014,1016731
2021-10-28,60752,56593,117345,55568,54709,110277,66644,74028,140672,84136,92993,177129,74502,83300,157802,56023,66499,122522,44206,53847,98053,26200,33627,59827,10412,18265,28677,2273,6482,8755,480716,540343,1021059
2021-10-29,61150,56987,118137,55926,55070,110996,66830,74304,141134,84429,93348,177777,74800,83660,158460,56212,66775,122987,44370,54074,98444,26313,33790,60103,10441,18329,28770,2276,6495,8771,482747,542832,1025579
2021-10-30,61372,57188,118560,56143,55298,111441,66958,74451,141409,84626,93602,178228,75009,83909,158918,56368,66953,123321,44496,54228,98724,26396,33892,60288,10471,18372,28843,2279,6502,8781,484118,544395,1028513
2021-10-31,61573,57397,118970,56334,55502,111836,67075,74590,141665,84781,93807,178588,75179,84129,159308,56503,67120,123623,44598,54357,98955,26450,33984,60434,10493,18400,28893,2282,6515,8797,485268,545801,1031069
2021-11-01,61966,57806,119772,56636,55814,112450,67246,74865,142111,85065,94186,179251,75513,84523,160036,56743,67438,124181,44798,54626,99424,26592,34149,60741,10520,18457,28977,2290,6529,8819,487369,548393,1035762
2021-11-02,62366,58183,120549,56945,56112,113057,67426,75116,142542,85320,94491,179811,75726,84869,160595,56905,67685,124590,44969,54836,99805,26692,34281,60973,10557,18510,29067,2294,6542,8836,489200,550625,1039825
2021-11-03,62781,58506,121287,57285,56496,113781,67612,75369,142981,85600,94828,180428,76013,85228,161241,57123,67953,125076,45139,55036,100175,26797,34425,61222,10589,18551,29140,2295,6554,8849,491234,552946,1044180
2021-11-04,63134,58824,121958,57598,56806,114404,67790,75613,143403,85861,95167,181028,76269,85565,161834,57338,68230,125568,45308,55249,100557,26892,34554,61446,10623,18600,29223,2301,6566,8867,493114,555174,1048288
2021-11-05,63454,59130,122584,57882,57122,115004,67994,75866,143860,86112,95511,181623,76514,85901,162415,57549,68484,126033,45483,55469,100952,26984,34678,61662,10658,18646,29304,2306,6580,8886,494936,557387,1052323
2021-11-06,63658,59304,122962,58089,57319,115408,68122,76030,144152,86312,95728,182040,76685,86108,162793,57685,68669,126354,45598,55591,101189,27052,34768,61820,10680,18683,29363,2308,6590,8898,496189,558790,1054979
2021-11-07,63852,59521,123373,58285,57520,115805,68225,76190,144415,86455,95919,182374,76849,86320,163169,57820,68843,126663,45701,55733,101434,27109,34843,61952,10707,18698,29405,2312,6595,8907,497315,560182,1057497
2021-11-08,64331,59938,124269,58582,57821,116403,68452,76485,144937,86769,96287,183056,77131,86734,163865,58029,69139,127168,45886,55960,101846,27222,34997,62219,10750,18760,29510,2316,6607,8923,499468,562728,1062196
2021-11-09,64744,60307,125051,58875,58106,116981,68623,76757,145380,87045,96597,183642,77401,87067,164468,58209,69387,127596,46028,56122,102150,27308,35103,62411,10776,18814,29590,2322,6615,8937,501331,564875,1066206
2021-11-10,65158,60637,125795,59172,58436,117608,68859,77054,145913,87322,96963,184285,77687,87419,165106,58436,69653,128089,46159,56315,102474,27383,35224,62607,10797,18865,29662,2327,6626,8953,503300,567192,1070492
2021-11-11,65564,61009,126573,59476,58761,118237,69069,77314,146383,87623,97377,185000,77943,87766,165709,58620,69929,128549,46294,56492,102786,27468,35336,62804,10826,18920,29746,2329,6637,8966,505212,569541,1074753
2021-11-12,65904,61349,127253,59840,59138,118978,69290,77582,146872,87930,97834,185764,78239,88188,166427,58857,70259,129116,46506,56812,103318,27572,35494,63066,10867,18967,29834,2331,6651,8982,507336,572274,1079610
2021-11-13,66113,61558,127671,60146,59417,119563,69440,77788,147228,88165,98090,186255,78442,88443,166885,59001,70474,129475,46634,56974,103608,27677,35636,63313,10892,19007,29899,2333,6665,8998,508843,574052,1082895
2021-11-14,66304,61742,128046,60278,59529,119807,69520,77907,147427,88315,98276,186591,78581,88598,167179,59083,70598,129681,46706,57094,103800,27734,35712,63446,10902,19027,29929,2337,6676,9013,509760,575159,1084919
2021-11-15,66710,62128,128838,60582,59821,120403,69699,78176,147875,88612,98634,187246,78838,88980,167818,59276,70893,130169,46899,57342,104241,27854,35891,63745,10942,19089,30031,2341,6688,9029,511753,577642,1089395
2021-11-16,67086,62501,129587,60879,60066,120945,69887,78454,148341,88866,99020,187886,79120,89321,168441,59492,71165,130657,47070,57569,104639,27949,36029,63978,10975,19125,30100,2345,6698,9043,513669,579948,1093617
2021-11-17,67485,62869,130354,61161,60298,121459,70094,78729,148823,89149,99463,188612,79405,89732,169137,59724,71473,131197,47239,57817,105056,28076,36186,64262,11009,19171,30180,2352,6707,9059,515694,582445,1098139
2021-11-18,67884,63199,131083,61520,60616,122136,70316,79032,149348,89454,99876,189330,79689,90124,169813,59920,71796,131716,47431,58037,105468,28168,36299,64467,11041,19224,30265,2362,6720,9082,517785,584923,1102708
2021-11-19,68179,63498,131677,61880,60991,122871,70514,79290,149804,89711,100284,189995,79997,90491,170488,60139,72109,132248,47607,58218,105825,28256,36449,64705,11069,19265,30334,2364,6730,9094,519716,587325,1107041
2021-11-20,68387,63684,132071,62123,61273,123396,70638,79475,150113,89899,100511,190410,80164,90729,170893,60272,72277,132549,47739,58353,106092,28336,36540,64876,11091,19297,30388,2366,6738,9104,521015,588877,1109892
2021-11-21,68543,63833,132376,62330,61478,123808,70719,79565,150284,90044,100677,190721,80311,90896,171207,60380,72399,132779,47830,58501,106331,28379,36629,65008,11112,19324,30436,2369,6742,9111,522017,590044,1112061
2021-11-22,68743,64055,132798,62561,61703,124264,70828,79710,150538,90237,100908,191145,80484,91157,171641,60528,72588,133116,47939,58660,106599,28468,36719,65187,11142,19365,30507,2371,6752,9123,523301,591617,1114918
2021-11-23,69082,64381,133463,62806,61965,124771,71002,79933,150935,90487,101222,191709,80694,91463,172157,60675,72835,133510,48075,58851,106926,28548,36841,65389,11180,19403,30583,2373,6764,9137,524922,593658,1118580
2021-11-24,69394,64687,134081,63022,62193,125215,71164,80163,151327,90740,101522,192262,80907,91776,172683,60814,73101,133915,48189,59020,107209,28640,36934,65574,11208,19455,30663,2376,6772,9148,526454,595623,1122077
2021-11-25,69706,65004,134710,63288,62451,125739,71372,80419,151791,91056,101897,192953,81176,92078,173254,61026,73342,134368,48341,59213,107554,28736,37047,65783,11241,19496,30737,2377,6780,9157,528319,597727,1126046
2021-11-26,69987,65297,135284,63698,62877,126575,71614,80654,152268,91342,102276,193618,81453,92455,173908,61243,73599,134842,48507,59420,107927,28827,37180,66007,11269,19540,30809,2378,6794,9172,530318,600092,1130410
2021-11-27,70167,65484,135651,63963,63150,127113,71809,80855,152664,91610,102571,194181,81716,92725,174441,61431,73820,135251,48683,59609,108292,28941,37311,66252,11310,19587,30897,2382,6809,9191,532012,601921,1133933
2021-11-28,70347,65635,135982,64120,63339,127459,71917,80980,152897,91779,102750,194529,81889,92949,174838,61552,73967,135519,48773,59725,108498,28988,37374,66362,11323,19620,30943,2386,6816,9202,533074,603155,1136229
2021-11-29,70627,65920,136547,64517,63712,128229,72145,81277,153422,92101,103127,195228,82192,93326,175518,61756,74258,136014,48959,59966,108925,29128,37538,66666,11362,19689,31051,2389,6833,9222,535176,605646,1140822
2021-11-30,70922,66197,137119,64836,64031,128867,72372,81600,153972,92446,103528,195974,82480,93713,176193,61970,74550,136520,49132,60198,109330,29229,37676,66905,11396,19748,31144,2393,6852,9245,537176,608093,1145269
2021-12-01,71282,66470,137752,65139,64326,129465,72552,81898,154450,92757,103918,196675,82790,94093,176883,62171,74822,136993,49311,60459,109770,29350,37824,67174,11427,19803,31230,2397,6867,9264,539176,610480,1149656
2021-12-02,71599,66758,138357,65507,64767,130274,72793,82268,155061,93151,104407,197558,83133,94523,177656,62409,75173,137582,49505,60709,110214,29456,37971,67427,11464,19854,31318,2399,6879,9278,541416,613309,1154725
2021-12-03,71820,66993,138813,65734,65049,130783,72957,82486,155443,93394,104691,198085,83369,94764,178133,62551,75369,137920,49647,60862,110509,29536,38069,67605,11487,19896,31383,2403,6892,9295,542898,615071,1157969
2021-12-04,72042,67161,139203,66081,65455,131536,73134,82724,155858,93654,105003,198657,83597,95088,178685,62705,75588,138293,49800,61032,110832,29614,38177,67791,11517,19945,31462,2404,6902,9306,544548,617075,1161623
2021-12-05,72281,67383,139664,66474,65830,132304,73303,82964,156267,93871,105281,199152,83813,95357,179170,62861,75820,138681,49920,61203,111123,29701,38290,67991,11536,19983,31519,2406,6912,9318,546166,619023,1165189
2021-12-06,72659,67788,140447,66846,66247,133093,73611,83362,156973,94257,105739,199996,84171,95835,180006,63134,76172,139306,50145,61526,111671,29841,38459,68300,11578,20061,31639,2414,6924,9338,548656,622113,1170769
2021-12-07,73031,68171,141202,67220,66669,133889,73893,83761,157654,94621,106280,200901,84510,96314,180824,63382,76527,139909,50308,61775,112083,29959,38637,68596,11614,20130,31744,2420,6942,9362,550958,625206,1176164
2021-12-08,73284,68431,141715,67446,66874,134320,74092,84073,158165,94878,106612,201490,84740,96616,181356,63569,76765,140334,50437,61971,112408,30043,38753,68796,11645,20173,31818,2421,6950,9371,552555,627218,1179773
2021-12-09,73621,68768,142389,67861,67319,135180,74419,84583,159002,95287,107169,202456,85127,97137,182264,63854,77165,141019,50663,62245,112908,30178,38934,69112,11688,20234,31922,2425,6962,9387,555123,630516,1185639
2021-12-10,73949,69151,143100,68564,68037,136601,74787,85109,159896,95783,107789,203572,85557,97712,183269,64144,77548,141692,50855,62537,113392,30310,39150,69460,11728,20306,32034,2430,6977,9407,558107,634316,1192423
2021-12-11,74162,69353,143515,68961,68503,137464,75035,85423,160458,96074,108172,204246,85850,98068,183918,64350,77797,142147,50996,62737,113733,30394,39266,69660,11746,20353,32099,2433,6986,9419,560001,636658,1196659
2021-12-12,74391,69588,143979,69257,68833,138090,75219,85725,160944,96349,108550,204899,86106,98397,184503,64539,78055,142594,51140,62944,114084,30473,39382,69855,11778,20396,32174,2436,7000,9436,561688,638870,1200558
2021-12-13,74750,69974,144724,69705,69304,139009,75607,86330,161937,96787,109126,205913,86506,98881,185387,64824,78497,143321,51375,63273,114648,30636,39562,70198,11828,20490,32318,2443,7024,9467,564461,642461,1206922
2021-12-14,75121,70357,145478,70129,69757,139886,76084,86989,163073,97325,109868,207193,86928,99412,186340,65097,78912,144009,51628,63591,115219,30780,39750,70530,11876,20547,32423,2450,7035,9485,567418,646218,1213636
2021-12-15,75503,70755,146258,70510,70275,140785,76516,87591,164107,97858,110482,208340,87345,99968,187313,65400,79318,144718,51831,63863,115694,30911,39895,70806,11925,20626,32551,2458,7051,9509,570257,649824,1220081
2021-12-16,75960,71207,147167,71073,70908,141981,77072,88400,165472,98496,111320,209816,87898,100657,188555,65759,79805,145564,52094,64189,116283,31030,40070,71100,11968,20702,32670,2463,7061,9524,573813,654319,1228132
2021-12-17,76385,71639,148024,71682,71641,143323,77632,89193,166825,99128,112116,211244,88386,101336,189722,66136,80307,146443,52333,64538,116871,31187,40265,71452,12004,20761,32765,2466,7076,9542,577339,658872,1236211
2021-12-18,76648,71906,148554,72072,72093,144165,77979,89700,167679,99591,112684,212275,88724,101800,190524,66411,80654,147065,52523,64774,117297,31284,40424,71708,12031,20812,32843,2469,7084,9553,579732,661931,1241663
2021-12-19,76906,72180,149086,72372,72452,144824,78256,90110,168366,99981,113196,213177,89066,102194,191260,66677,80987,147664,52723,64983,117706,31393,40551,71944,12057,20847,32904,2472,7090,9562,581903,664590,1246493
2021-12-20,77361,72669,150030,72910,73032,145942,78811,90887,169698,100668,114060,214728,89638,102940,192578,67082,81552,148634,53002,65381,118383,31577,40782,72359,12107,20943,33050,2479,7104,9583,585635,669350,1254985
2021-12-21,77761,73097,150858,73456,73591,147047,79542,91801,171343,101457,115063,216520,90243,103695,193938,67504,82095,149599,53266,65738,119004,31712,40963,72675,12149,21027,33176,2482,7117,9599,589572,674187,1263759
2021-12-22,78312,73543,151855,74061,74355,148416,80483,93104,173587,102512,116468,218980,91084,104820,195904,68025,82893,150918,53640,66218,119858,31915,41234,73149,12187,21121,33308,2489,7142,9631,594708,680898,1275606
2021-12-23,78817,74084,152901,74817,75197,150014,81546,94434,175980,103626,117906,221532,91912,105950,197862,68557,83700,152257,54032,66742,120774,32090,41526,73616,12236,21227,33463,2491,7162,9653,600124,687928,1288052
2021-12-24,79116,74367,153483,75217,75638,150855,82034,95132,177166,104188,118587,222775,92360,106529,198889,68875,84127,153002,54254,66983,121237,32198,41674,73872,12272,21280,33552,2495,7167,9662,603009,691484,1294493
2021-12-25,79269,74508,153777,75390,75842,151232,82189,95344,177533,104399,118844,223243,92549,106780,199329,69033,84319,153352,54357,67117,121474,32255,41771,74026,12290,21313,33603,2496,7176,9672,604227,693014,1297241
2021-12-26,79609,74848,154457,75903,76440,152343,82768,96008,178776,105058,119643,224701,93154,107582,200736,69500,84954,154454,54666,67513,122179,32443,41965,74408,12325,21384,33709,2503,7184,9687,607929,697521,1305450
2021-12-27,80091,75314,155405,76669,77296,153965,83621,97037,180658,106066,120897,226963,94009,108762,202771,70160,85897,156057,55127,68051,123178,32677,42282,74959,12393,21486,33879,2506,7218,9724,613319,704240,1317559
2021-12-28,80561,75749,156310,77545,78270,155815,84651,98325,182976,107119,122223,229342,94975,110043,205018,70868,86880,157748,55599,68647,124246,32878,42561,75439,12455,21605,34060,2509,7237,9746,619160,711540,1330700
2021-12-29,81073,76200,157273,78521,79278,157799,85836,99880,185716,108295,123740,232035,95983,111433,207416,71589,87968,159557,56090,69266,125356,33098,42888,75986,12511,21722,34233,2519,7256,9775,625515,719631,1345146
2021-12-30,81762,76824,158586,79676,80601,160277,87298,101574,188872,109615,125451,235066,97102,113050,210152,72450,89220,161670,56669,70077,126746,33377,43328,76705,12578,21853,34431,2528,7284,9812,633055,729262,1362317
2021-12-31,82004,77071,159075,80179,81136,161315,87891,102323,190214,110236,126154,236390,97621,113746,211367,72850,89779,162629,56930,70436,127366,33509,43512,77021,12614,21910,34524,2534,7291,9825,636368,733358,1369726
2022-01-01,82110,77182,159292,80322,81311,161633,88054,102531,190585,110431,126405,236836,97809,114015,211824,73024,90005,163029,57038,70579,127617,33559,43600,77159,12633,21934,34567,2535,7300,9835,637515,734862,1372377
2022-01-02,82244,77288,159532,80423,81415,161838,88155,102646,190801,110544,126569,237113,97940,114179,212119,73135,90134,163269,57111,70659,127770,33591,43654,77245,12643,21958,34601,2537,7306,9843,638323,735808,1374131
2022-01-03,82417,77455,159872,80537,81536,162073,88313,102858,191171,110743,126806,237549,98081,114411,212492,73272,90278,163550,57230,70781,128011,33648,43729,77377,12658,21996,34654,2540,7314,9854,639439,737164,1376603
2022-01-04,82553,77562,160115,80626,81615,162241,88452,103054,191506,110908,127011,237919,98220,114593,212813,73365,90385,163750,57287,70869,128156,33685,43785,77470,12675,22033,34708,2544,7319,9863,640315,738226,1378541
2022-01-05,82681,77664,160345,80726,81736,162462,88594,103273,191867,111099,127251,238350,98381,114787,213168,73470,90545,164015,57380,70976,128356,33740,43851,77591,12691,22061,34752,2548,7328,9876,641310,739472,1380782
2022-01-06,82802,77747,160549,80818,81835,162653,88724,103465,192189,111266,127464,238730,98520,114974,213494,73569,90682,164251,57459,71086,128545,33789,43898,77687,12710,22097,34807,2552,7338,9890,642209,740586,1382795
2022-01-07,82884,77824,160708,80881,81892,162773,88853,103629,192482,111430,127699,239129,98659,115124,213783,73655,90807,164462,57543,71190,128733,33829,43941,77770,12726,22118,34844,2552,7346,9898,643012,741570,1384582
2022-01-08,82944,77869,160813,80933,81956,162889,88908,103727,192635,111518,127827,239345,98744,115236,213980,73711,90902,164613,57589,71270,128859,33852,43986,77838,12734,22135,34869,2555,7349,9904,643488,742257,1385745
2022-01-09,82990,77922,160912,80962,82004,162966,88950,103784,192734,111566,127900,239466,98802,115302,214104,73746,90958,164704,57620,71314,128934,33863,44007,77870,12743,22147,34890,2556,7349,9905,643798,742687,1386485
2022-01-10,83068,77995,161063,81019,82062,163081,89031,103891,192922,111653,128025,239678,98883,115416,214299,73810,91043,164853,57668,71384,129052,33893,44048,77941,12751,22176,34927,2557,7359,9916,644333,743399,1387732
2022-01-11,83117,78058,161175,81064,82115,163179,89107,104001,193108,111765,128167,239932,98971,115512,214483,73869,91128,164997,57707,71436,129143,33912,44090,78002,12763,22192,34955,2557,7366,9923,644832,744065,1388897
2022-01-12,83191,78120,161311,81103,82154,163257,89159,104077,193236,111834,128281,240115,99038,115611,214649,73929,91193,165122,57750,71493,129243,33938,44122,78060,12775,22207,34982,2558,7368,9926,645275,744626,1389901
2022-01-13,83231,78166,161397,81152,82186,163338,89226,104197,193423,111931,128407,240338,99105,115706,214811,73982,91271,165253,57797,71541,129338,33953,44156,78109,12789,22226,35015,2560,7370,9930,645726,745226,1390952
2022-01-14,83301,78225,161526,81216,82281,163497,89293,104305,193598,112044,128565,240609,99197,115841,215038,74052,91364,165416,57843,71622,129465,33985,44192,78177,12801,22252,35053,2560,7375,9935,646292,746022,1392314
2022-01-15,83381,78309,161690,81296,82384,163680,89408,104445,193853,112197,128726,240923,99350,116007,215357,74127,91490,165617,57911,71703,129614,34016,44234,78250,12807,22261,35068,2560,7379,9939,647053,746938,1393991
2022-01-16,83428,78337,161765,81319,82405,163724,89432,104482,193914,112241,128767,241008,99392,116052,215444,74148,91534,165682,57925,71735,129660,34028,44249,78277,12812,22274,35086,2561,7384,9945,647286,747219,1394505
2022-01-17,83498,78405,161903,81353,82445,163798,89480,104553,194033,112312,128859,241171,99454,116142,215596,74187,91589,165776,57971,71783,129754,34046,44273,78319,12820,22290,35110,2562,7392,9954,647683,747731,1395414
2022-01-18,83546,78448,161994,81385,82493,163878,89531,104633,194164,112385,128981,241366,99513,116231,215744,74233,91653,165886,58015,71839,129854,34076,44309,78385,12831,22311,35142,2564,7399,9963,648079,748297,1396376
2022-01-19,83570,78472,162042,81412,82519,163931,89564,104670,194234,112444,129046,241490,99565,116313,215878,74269,91692,165961,58036,71883,129919,34088,44334,78422,12840,22325,35165,2565,7400,9965,648353,748654,1397007
2022-01-20,83587,78480,162067,81419,82525,163944,89574,104680,194254,112451,129062,241513,99577,116328,215905,74277,91707,165984,58042,71890,129932,34093,44340,78433,12844,22329,35173,2565,7400,9965,648429,748741,1397170
2022-01-21,83587,78480,162067,81419,82525,163944,89574,104680,194254,112451,129062,241513,99577,116328,215905,74277,91707,165984,58042,71890,129932,34093,44340,78433,12844,22329,35173,2565,7400,9965,648429,748741,1397170
2022-01-22,83587,78480,162067,81419,82525,163944,89574,104680,194254,112451,129062,241513,99577,116328,215905,74277,91707,165984,58042,71890,129932,34093,44340,78433,12844,22329,35173,2565,7400,9965,648429,748741,1397170
