FECHA,<=10M,<=10F,<=10,11-20M,11-20F,11-20,21-30M,21-30F,21-30,31-40M,31-40F,31-40,41-50M,41-50F,41-50,51-60M,51-60F,51-60,61-70M,61-70F,61-70,71-80M,71-80F,71-80,81-90M,81-90F,81-90,>=91M,>=91F,>=91,TotalM,TotalF,Total
2020-03-15,1,0,1,1,2,3,0,2,2,2,1,3,1,1,2,1,0,1,1,1,2,1,0,1,0,0,0,0,0,0,8,7,15
2020-03-16,2,3,5,3,3,6,1,6,7,3,2,5,1,3,4,4,2,6,3,4,7,1,0,1,0,0,0,0,0,0,18,23,41
2020-03-17,3,7,10,4,5,9,3,7,10,5,5,10,3,7,10,4,4,8,5,6,11,3,3,6,1,0,1,0,0,0,31,44,75
2020-03-18,6,8,14,5,5,10,4,7,11,7,6,13,4,10,14,5,5,10,6,8,14,4,3,7,2,0,2,0,0,0,43,52,95
2020-03-19,9,9,18,5,5,10,7,9,16,10,9,19,6,11,17,5,5,10,7,9,16,5,4,9,2,0,2,1,0,1,57,61,118
2020-03-20,10,10,20,6,5,11,9,10,19,11,12,23,6,13,19,5,6,11,9,10,19,6,6,12,3,0,3,1,0,1,66,72,138
2020-03-21,11,10,21,8,6,14,11,14,25,15,14,29,8,14,22,6,6,12,11,12,23,7,7,14,4,0,4,2,0,2,83,83,166
2020-03-22,14,11,25,8,6,14,15,16,31,15,14,29,9,14,23,8,7,15,11,15,26,9,8,17,7,2,9,2,1,3,98,94,192
2020-03-23,18,12,30,9,8,17,17,19,36,19,17,36,11,17,28,10,10,20,13,18,31,14,11,25,10,5,15,2,3,5,123,120,243
2020-03-24,21,13,34,9,9,18,19,22,41,22,19,41,11,20,31,12,12,24,13,18,31,16,11,27,12,6,18,3,3,6,138,133,271
2020-03-25,22,17,39,9,11,20,22,25,47,24,26,50,12,21,33,13,15,28,16,19,35,18,13,31,14,11,25,5,3,8,155,161,316
2020-03-26,26,20,46,11,13,24,24,27,51,28,30,58,15,25,40,17,18,35,17,24,41,22,16,38,20,11,31,6,4,10,186,188,374
2020-03-27,30,23,53,11,15,26,25,29,54,34,31,65,18,31,49,19,21,40,21,30,51,28,22,50,23,14,37,8,9,17,217,225,442
2020-03-28,32,24,56,11,15,26,28,31,59,38,34,72,19,32,51,24,23,47,25,30,55,32,29,61,26,15,41,8,9,17,243,242,485
2020-03-29,34,24,58,13,16,29,30,34,64,41,37,78,22,35,57,25,23,48,31,34,65,36,31,67,30,16,46,10,10,20,272,260,532
2020-03-30,37,26,63,13,16,29,32,41,73,48,39,87,27,39,66,28,25,53,38,36,74,39,37,76,34,17,51,13,12,25,309,288,597
2020-03-31,46,30,76,14,17,31,39,44,83,60,44,104,34,43,77,33,27,60,44,39,83,46,40,86,35,21,56,17,12,29,368,317,685
2020-04-01,57,40,97,15,20,35,47,48,95,71,47,118,49,50,99,38,37,75,49,42,91,54,44,98,41,26,67,17,13,30,438,367,805
2020-04-02,68,49,117,17,24,41,55,55,110,79,52,131,52,59,111,41,52,93,58,49,107,62,50,112,46,33,79,20,16,36,498,439,937
2020-04-03,90,58,148,22,28,50,63,62,125,87,64,151,63,72,135,47,60,107,66,54,120,69,55,124,52,39,91,21,21,42,580,513,1093
2020-04-04,101,73,174,26,32,58,67,69,136,94,77,171,73,78,151,54,61,115,72,57,129,71,60,131,56,41,97,22,24,46,636,572,1208
2020-04-05,110,83,193,31,37,68,75,71,146,101,86,187,83,85,168,59,69,128,74,68,142,77,68,145,59,45,104,24,26,50,693,638,1331
2020-04-06,122,93,215,36,42,78,85,77,162,114,93,207,96,90,186,70,76,146,82,77,159,86,73,159,66,49,115,25,29,54,782,699,1481
2020-04-07,135,105,240,41,46,87,92,82,174,122,102,224,103,97,200,80,79,159,86,82,168,95,82,177,72,59,131,27,30,57,853,764,1617
2020-04-08,147,115,262,45,49,94,97,93,190,129,106,235,112,104,216,89,87,176,95,91,186,106,87,193,73,63,136,30,34,64,923,829,1752
2020-04-09,152,121,273,48,53,101,102,101,203,144,117,261,117,115,232,98,96,194,102,95,197,113,97,210,78,71,149,34,39,73,988,905,1893
2020-04-10,172,128,300,54,57,111,104,107,211,150,123,273,129,117,246,102,103,205,110,96,206,114,107,221,83,80,163,35,43,78,1053,961,2014
2020-04-11,182,135,317,60,62,122,111,114,225,161,128,289,136,121,257,106,110,216,114,103,217,121,110,231,87,88,175,36,46,82,1114,1017,2131
2020-04-12,192,143,335,63,62,125,116,120,236,171,135,306,140,128,268,117,114,231,117,108,225,125,119,244,91,92,183,36,48,84,1168,1069,2237
2020-04-13,201,155,356,72,67,139,127,131,258,179,149,328,149,138,287,123,121,244,127,116,243,131,128,259,100,104,204,39,53,92,1248,1162,2410
2020-04-14,219,161,380,76,68,144,140,138,278,189,155,344,158,149,307,135,131,266,134,122,256,140,133,273,107,109,216,42,57,99,1340,1223,2563
2020-04-15,228,168,396,80,75,155,146,145,291,197,164,361,166,164,330,143,145,288,144,128,272,151,138,289,113,116,229,47,60,107,1415,1303,2718
2020-04-16,243,173,416,86,80,166,155,153,308,211,181,392,179,180,359,151,159,310,148,136,284,158,142,300,117,121,238,47,64,111,1495,1389,2884
2020-04-17,260,185,445,92,87,179,160,160,320,221,205,426,194,191,385,162,171,333,155,145,300,174,153,327,122,128,250,48,67,115,1588,1492,3080
2020-04-18,273,196,469,98,90,188,173,168,341,241,216,457,205,197,402,169,175,344,158,149,307,181,163,344,127,138,265,51,71,122,1676,1563,3239
2020-04-19,285,207,492,102,93,195,179,172,351,251,221,472,213,204,417,174,185,359,168,157,325,186,171,357,132,145,277,52,72,124,1742,1627,3369
2020-04-20,302,218,520,114,103,217,196,182,378,265,233,498,227,215,442,188,196,384,181,168,349,201,183,384,143,155,298,57,86,143,1874,1739,3613
2020-04-21,316,227,543,122,113,235,212,190,402,276,253,529,234,223,457,196,206,402,190,175,365,216,195,411,150,165,315,59,96,155,1971,1843,3814
2020-04-22,331,239,570,126,120,246,221,203,424,291,259,550,248,232,480,204,219,423,202,181,383,221,208,429,159,177,336,66,102,168,2069,1940,4009
2020-04-23,349,255,604,131,124,255,230,218,448,304,271,575,259,245,504,210,235,445,210,188,398,232,216,448,170,188,358,72,111,183,2167,2051,4218
2020-04-24,369,267,636,138,131,269,243,232,475,321,288,609,269,257,526,219,247,466,218,199,417,243,228,471,180,203,383,75,114,189,2275,2166,4441
2020-04-25,383,277,660,142,133,275,249,242,491,335,298,633,275,267,542,224,255,479,224,204,428,249,235,484,191,220,411,79,118,197,2351,2249,4600
2020-04-26,396,294,690,148,141,289,256,247,503,341,302,643,284,275,559,228,261,489,233,212,445,256,241,497,198,227,425,80,122,202,2420,2322,4742
2020-04-27,410,309,719,154,145,299,265,258,523,347,320,667,289,293,582,242,274,516,241,220,461,276,249,525,208,243,451,83,126,209,2515,2437,4952
2020-04-28,431,319,750,161,150,311,282,272,554,362,335,697,301,311,612,250,286,536,248,228,476,279,261,540,214,258,472,85,130,215,2613,2550,5163
2020-04-29,457,331,788,167,156,323,299,282,581,384,359,743,315,324,639,259,299,558,255,235,490,291,268,559,218,272,490,89,140,229,2734,2666,5400
2020-04-30,478,342,820,176,159,335,309,292,601,398,372,770,329,334,663,272,313,585,265,244,509,299,280,579,231,290,521,95,148,243,2852,2774,5626
2020-05-01,481,358,839,182,164,346,310,300,610,412,386,798,342,343,685,282,319,601,275,250,525,306,290,596,240,301,541,95,150,245,2925,2861,5786
2020-05-02,488,375,863,188,171,359,321,305,626,423,394,817,349,350,699,292,322,614,279,256,535,314,292,606,246,313,559,96,154,250,2996,2932,5928
2020-05-03,496,388,884,193,175,368,328,312,640,433,401,834,357,357,714,300,325,625,287,261,548,320,302,622,253,321,574,99,159,258,3066,3001,6067
2020-05-04,519,409,928,198,179,377,342,325,667,449,416,865,367,368,735,311,330,641,297,273,570,335,320,655,261,337,598,101,164,265,3180,3121,6301
2020-05-05,536,422,958,208,182,390,357,338,695,462,432,894,376,386,762,322,339,661,309,281,590,350,331,681,268,352,620,102,173,275,3290,3236,6526
2020-05-06,550,440,990,214,185,399,374,345,719,478,452,930,399,397,796,330,347,677,321,294,615,369,347,716,276,367,643,106,179,285,3417,3353,6770
2020-05-07,568,453,1021,226,191,417,391,357,748,492,468,960,419,411,830,336,356,692,330,303,633,387,355,742,285,381,666,107,186,293,3541,3461,7002
2020-05-08,589,466,1055,234,197,431,406,365,771,507,486,993,440,430,870,355,363,718,340,315,655,400,365,765,295,393,688,110,198,308,3676,3578,7254
2020-05-09,610,478,1088,238,199,437,414,381,795,515,499,1014,450,443,893,362,369,731,347,322,669,413,368,781,300,405,705,115,207,322,3764,3671,7435
2020-05-10,619,488,1107,240,203,443,425,392,817,521,510,1031,457,455,912,365,375,740,358,330,688,421,381,802,306,418,724,116,212,328,3828,3764,7592
2020-05-11,640,507,1147,247,208,455,437,409,846,538,527,1065,475,474,949,375,385,760,368,338,706,434,392,826,318,435,753,120,230,350,3952,3905,7857
2020-05-12,662,519,1181,256,218,474,468,435,903,565,544,1109,486,493,979,381,393,774,380,349,729,442,402,844,328,450,778,125,243,368,4093,4046,8139
2020-05-13,690,538,1228,266,228,494,493,453,946,585,567,1152,505,503,1008,393,405,798,390,360,750,452,412,864,336,467,803,126,251,377,4236,4184,8420
2020-05-14,714,568,1282,278,247,525,507,483,990,611,595,1206,519,513,1032,405,425,830,404,373,777,462,423,885,348,483,831,128,264,392,4376,4374,8750
2020-05-15,735,592,1327,286,253,539,515,501,1016,634,620,1254,532,538,1070,421,434,855,415,382,797,470,429,899,357,505,862,133,274,407,4498,4528,9026
2020-05-16,751,610,1361,294,262,556,522,518,1040,646,644,1290,543,551,1094,429,444,873,422,389,811,480,436,916,363,513,876,137,286,423,4587,4653,9240
2020-05-17,774,623,1397,298,271,569,537,532,1069,659,660,1319,554,564,1118,434,448,882,430,396,826,487,441,928,374,526,900,140,289,429,4687,4750,9437
2020-05-18,798,650,1448,309,288,597,572,560,1132,685,694,1379,572,587,1159,455,463,918,446,412,858,504,455,959,391,539,930,141,300,441,4873,4948,9821
2020-05-19,822,671,1493,324,305,629,603,591,1194,725,725,1450,603,610,1213,477,478,955,466,427,893,518,478,996,403,561,964,146,310,456,5087,5156,10243
2020-05-20,856,717,1573,342,323,665,638,622,1260,777,760,1537,631,632,1263,495,493,988,489,445,934,533,489,1022,415,579,994,152,314,466,5328,5374,10702
2020-05-21,895,753,1648,363,341,704,678,663,1341,812,806,1618,657,658,1315,516,507,1023,506,452,958,548,498,1046,425,597,1022,153,318,471,5553,5593,11146
2020-05-22,935,772,1707,382,362,744,714,701,1415,844,840,1684,685,680,1365,533,520,1053,516,462,978,558,509,1067,433,614,1047,159,330,489,5759,5790,11549
2020-05-23,958,793,1751,400,381,781,744,729,1473,879,863,1742,700,698,1398,542,532,1074,530,471,1001,566,523,1089,442,621,1063,161,332,493,5922,5943,11865
2020-05-24,975,815,1790,411,391,802,763,743,1506,896,884,1780,711,703,1414,552,537,1089,542,481,1023,577,532,1109,448,635,1083,163,338,501,6038,6059,12097
2020-05-25,1007,842,1849,432,421,853,788,779,1567,918,910,1828,733,720,1453,557,546,1103,552,490,1042,587,539,1126,458,649,1107,165,347,512,6197,6243,12440
2020-05-26,1053,880,1933,459,445,904,843,837,1680,971,960,1931,757,761,1518,574,573,1147,568,498,1066,601,546,1147,470,663,1133,169,358,527,6465,6521,12986
2020-05-27,1102,923,2025,472,464,936,872,878,1750,1005,996,2001,782,782,1564,595,592,1187,579,507,1086,609,563,1172,474,678,1152,173,360,533,6663,6743,13406
2020-05-28,1132,968,2100,495,479,974,913,929,1842,1038,1037,2075,812,813,1625,611,614,1225,588,523,1111,623,571,1194,488,699,1187,177,371,548,6877,7004,13881
2020-05-29,1177,1004,2181,518,499,1017,958,974,1932,1076,1091,2167,846,846,1692,630,637,1267,606,538,1144,641,586,1227,503,716,1219,178,375,553,7133,7266,14399
2020-05-30,1212,1031,2243,535,514,1049,1002,1004,2006,1114,1113,2227,866,870,1736,646,652,1298,618,549,1167,653,597,1250,511,730,1241,179,382,561,7336,7442,14778
2020-05-31,1241,1049,2290,552,527,1079,1018,1023,2041,1140,1127,2267,882,884,1766,653,664,1317,626,556,1182,664,603,1267,518,740,1258,179,389,568,7473,7562,15035
2020-06-01,1283,1081,2364,579,549,1128,1053,1079,2132,1172,1171,2343,905,916,1821,674,682,1356,651,575,1226,676,612,1288,527,751,1278,183,392,575,7703,7808,15511
2020-06-02,1329,1118,2447,602,575,1177,1096,1116,2212,1205,1204,2409,926,942,1868,690,706,1396,665,586,1251,701,626,1327,536,770,1306,187,405,592,7937,8048,15985
2020-06-03,1370,1143,2513,619,612,1231,1135,1152,2287,1236,1251,2487,954,975,1929,704,721,1425,685,601,1286,719,638,1357,548,786,1334,189,414,603,8159,8293,16452
2020-06-04,1411,1180,2591,642,640,1282,1176,1191,2367,1257,1293,2550,979,998,1977,734,744,1478,698,611,1309,741,651,1392,559,807,1366,191,423,614,8388,8538,16926
2020-06-05,1457,1222,2679,658,664,1322,1218,1232,2450,1295,1339,2634,1018,1031,2049,764,772,1536,717,626,1343,760,666,1426,572,829,1401,194,433,627,8653,8814,17467
2020-06-06,1493,1249,2742,676,677,1353,1240,1260,2500,1329,1377,2706,1037,1053,2090,779,786,1565,730,642,1372,773,674,1447,584,848,1432,195,443,638,8836,9009,17845
2020-06-07,1519,1274,2793,694,692,1386,1268,1286,2554,1351,1407,2758,1059,1062,2121,792,798,1590,739,647,1386,782,681,1463,595,859,1454,197,451,648,8996,9157,18153
2020-06-08,1555,1312,2867,718,721,1439,1318,1325,2643,1400,1459,2859,1098,1092,2190,813,826,1639,757,664,1421,802,696,1498,607,879,1486,200,460,660,9268,9434,18702
2020-06-09,1616,1350,2966,745,747,1492,1344,1375,2719,1446,1502,2948,1136,1126,2262,840,842,1682,770,676,1446,816,722,1538,619,911,1530,204,476,680,9536,9727,19263
2020-06-10,1645,1395,3040,761,768,1529,1397,1408,2805,1493,1552,3045,1176,1158,2334,868,872,1740,794,697,1491,838,751,1589,625,931,1556,210,492,702,9807,10024,19831
2020-06-11,1689,1441,3130,780,795,1575,1438,1454,2892,1545,1601,3146,1203,1200,2403,888,909,1797,808,723,1531,855,771,1626,633,960,1593,214,507,721,10053,10361,20414
2020-06-12,1739,1492,3231,799,827,1626,1502,1506,3008,1599,1674,3273,1248,1255,2503,917,938,1855,840,747,1587,873,788,1661,640,982,1622,220,517,737,10377,10726,21103
2020-06-13,1776,1522,3298,826,849,1675,1546,1556,3102,1640,1718,3358,1265,1295,2560,943,961,1904,854,757,1611,886,797,1683,649,1000,1649,222,524,746,10607,10979,21586
2020-06-14,1800,1558,3358,846,876,1722,1579,1583,3162,1665,1747,3412,1287,1314,2601,960,985,1945,866,764,1630,891,814,1705,663,1020,1683,222,532,754,10779,11193,21972
2020-06-15,1840,1595,3435,877,904,1781,1619,1623,3242,1697,1785,3482,1308,1340,2648,975,1003,1978,882,770,1652,903,827,1730,672,1035,1707,224,542,766,10997,11424,22421
2020-06-16,1898,1659,3557,904,933,1837,1695,1684,3379,1758,1838,3596,1358,1377,2735,1001,1032,2033,899,786,1685,920,835,1755,686,1061,1747,227,557,784,11346,11762,23108
2020-06-17,1945,1711,3656,932,969,1901,1762,1738,3500,1810,1906,3716,1402,1421,2823,1035,1052,2087,920,804,1724,931,856,1787,705,1078,1783,229,566,795,11671,12101,23772
2020-06-18,2003,1761,3764,959,991,1950,1838,1810,3648,1875,1981,3856,1463,1454,2917,1078,1084,2162,942,828,1770,951,873,1824,718,1102,1820,232,577,809,12059,12461,24520
2020-06-19,2064,1800,3864,977,1028,2005,1896,1875,3771,1958,2053,4011,1508,1510,3018,1127,1125,2252,973,849,1822,973,893,1866,736,1125,1861,239,590,829,12451,12848,25299
2020-06-20,2099,1845,3944,998,1055,2053,1941,1911,3852,2006,2095,4101,1538,1557,3095,1145,1156,2301,995,866,1861,985,903,1888,744,1142,1886,245,596,841,12696,13126,25822
2020-06-21,2137,1872,4009,1018,1075,2093,1974,1960,3934,2032,2143,4175,1562,1577,3139,1163,1168,2331,1006,878,1884,996,911,1907,751,1151,1902,246,603,849,12885,13338,26223
2020-06-22,2196,1921,4117,1050,1115,2165,2031,2027,4058,2098,2204,4302,1611,1632,3243,1197,1212,2409,1027,903,1930,1017,927,1944,759,1177,1936,248,616,864,13234,13734,26968
2020-06-23,2254,1977,4231,1087,1149,2236,2097,2093,4190,2175,2266,4441,1666,1693,3359,1227,1259,2486,1052,926,1978,1032,943,1975,775,1194,1969,251,623,874,13616,14123,27739
2020-06-24,2306,2031,4337,1117,1180,2297,2168,2166,4334,2228,2336,4564,1718,1745,3463,1260,1310,2570,1070,949,2019,1046,961,2007,791,1212,2003,253,627,880,13957,14517,28474
2020-06-25,2363,2097,4460,1158,1228,2386,2228,2233,4461,2291,2391,4682,1771,1788,3559,1305,1351,2656,1085,969,2054,1059,982,2041,803,1225,2028,257,633,890,14320,14897,29217
2020-06-26,2419,2148,4567,1195,1260,2455,2302,2316,4618,2353,2461,4814,1821,1836,3657,1331,1397,2728,1112,995,2107,1075,999,2074,816,1248,2064,259,642,901,14683,15302,29985
2020-06-27,2489,2216,4705,1233,1308,2541,2349,2380,4729,2399,2517,4916,1857,1877,3734,1357,1419,2776,1136,1006,2142,1080,1016,2096,823,1255,2078,263,648,911,14986,15642,30628
2020-06-28,2537,2243,4780,1249,1331,2580,2379,2435,4814,2434,2568,5002,1886,1907,3793,1383,1439,2822,1148,1015,2163,1089,1028,2117,833,1269,2102,269,654,923,15207,15889,31096
2020-06-29,2593,2298,4891,1290,1383,2673,2442,2489,4931,2500,2632,5132,1929,1952,3881,1408,1481,2889,1174,1029,2203,1104,1049,2153,848,1291,2139,271,663,934,15559,16267,31826
2020-06-30,2628,2348,4976,1311,1419,2730,2521,2547,5068,2545,2701,5246,1982,1996,3978,1444,1518,2962,1202,1043,2245,1123,1062,2185,854,1310,2164,273,673,946,15883,16617,32500
2020-07-01,2679,2393,5072,1333,1461,2794,2601,2609,5210,2608,2760,5368,2026,2048,4074,1478,1558,3036,1225,1065,2290,1139,1080,2219,863,1333,2196,276,679,955,16228,16986,33214
2020-07-02,2749,2454,5203,1368,1500,2868,2666,2686,5352,2670,2831,5501,2079,2099,4178,1512,1587,3099,1252,1086,2338,1157,1102,2259,876,1348,2224,281,685,966,16610,17378,33988
2020-07-03,2815,2499,5314,1407,1531,2938,2729,2748,5477,2749,2921,5670,2123,2149,4272,1545,1623,3168,1278,1103,2381,1175,1120,2295,889,1367,2256,284,690,974,16994,17751,34745
2020-07-04,2858,2542,5400,1432,1560,2992,2784,2818,5602,2794,2971,5765,2160,2185,4345,1574,1649,3223,1292,1116,2408,1188,1140,2328,896,1379,2275,287,697,984,17265,18057,35322
2020-07-05,2891,2580,5471,1460,1581,3041,2830,2871,5701,2836,3037,5873,2184,2224,4408,1596,1675,3271,1317,1139,2456,1207,1159,2366,908,1403,2311,291,705,996,17520,18374,35894
2020-07-06,2934,2618,5552,1487,1603,3090,2897,2943,5840,2914,3099,6013,2244,2297,4541,1641,1719,3360,1345,1171,2516,1230,1193,2423,920,1437,2357,294,719,1013,17906,18799,36705
2020-07-07,2998,2692,5690,1527,1647,3174,2981,3026,6007,3006,3177,6183,2298,2358,4656,1683,1767,3450,1368,1191,2559,1245,1207,2452,932,1464,2396,301,731,1032,18339,19260,37599
2020-07-08,3060,2739,5799,1569,1689,3258,3080,3115,6195,3081,3281,6362,2374,2452,4826,1729,1828,3557,1398,1218,2616,1269,1236,2505,946,1492,2438,306,750,1056,18812,19800,38612
2020-07-09,3106,2778,5884,1594,1717,3311,3149,3183,6332,3162,3350,6512,2436,2513,4949,1758,1858,3616,1411,1247,2658,1283,1266,2549,957,1522,2479,313,761,1074,19169,20195,39364
2020-07-10,3152,2815,5967,1625,1754,3379,3219,3267,6486,3221,3445,6666,2489,2564,5053,1793,1903,3696,1441,1278,2719,1307,1284,2591,972,1547,2519,314,774,1088,19533,20631,40164
2020-07-11,3195,2868,6063,1660,1776,3436,3271,3332,6603,3286,3516,6802,2538,2620,5158,1833,1948,3781,1471,1308,2779,1324,1319,2643,983,1576,2559,318,793,1111,19879,21056,40935
2020-07-12,3225,2893,6118,1680,1797,3477,3318,3377,6695,3341,3572,6913,2576,2664,5240,1851,1979,3830,1489,1325,2814,1337,1335,2672,990,1597,2587,322,802,1124,20129,21341,41470
2020-07-13,3284,2955,6239,1716,1843,3559,3403,3468,6871,3431,3673,7104,2661,2760,5421,1904,2061,3965,1537,1365,2902,1364,1389,2753,1007,1658,2665,325,832,1157,20632,22004,42636
2020-07-14,3344,3005,6349,1762,1879,3641,3478,3555,7033,3550,3788,7338,2756,2840,5596,1962,2107,4069,1581,1409,2990,1393,1423,2816,1032,1689,2721,333,850,1183,21191,22545,43736
2020-07-15,3401,3061,6462,1822,1925,3747,3562,3681,7243,3659,3935,7594,2847,2929,5776,2009,2176,4185,1615,1443,3058,1413,1453,2866,1051,1712,2763,340,861,1201,21719,23176,44895
2020-07-16,3464,3102,6566,1864,1989,3853,3649,3790,7439,3758,4046,7804,2928,3039,5967,2054,2252,4306,1647,1476,3123,1433,1486,2919,1070,1753,2823,342,887,1229,22209,23820,46029
2020-07-17,3532,3165,6697,1906,2035,3941,3736,3900,7636,3853,4168,8021,3000,3153,6153,2108,2324,4432,1687,1524,3211,1453,1511,2964,1091,1775,2866,346,896,1242,22712,24451,47163
2020-07-18,3576,3214,6790,1943,2071,4014,3817,3990,7807,3936,4281,8217,3051,3230,6281,2153,2369,4522,1719,1558,3277,1477,1525,3002,1107,1799,2906,348,903,1251,23127,24940,48067
2020-07-19,3619,3263,6882,1973,2104,4077,3868,4059,7927,3996,4360,8356,3091,3286,6377,2192,2412,4604,1750,1579,3329,1495,1537,3032,1119,1821,2940,351,911,1262,23454,25332,48786
2020-07-20,3705,3324,7029,2034,2170,4204,3964,4171,8135,4091,4507,8598,3181,3398,6579,2246,2491,4737,1793,1634,3427,1524,1568,3092,1142,1845,2987,354,924,1278,24034,26032,50066
2020-07-21,3764,3377,7141,2082,2212,4294,4072,4265,8337,4215,4631,8846,3266,3490,6756,2308,2566,4874,1829,1678,3507,1556,1600,3156,1157,1876,3033,359,935,1294,24608,26630,51238
2020-07-22,3852,3434,7286,2134,2271,4405,4202,4397,8599,4336,4772,9108,3365,3591,6956,2373,2641,5014,1857,1716,3573,1587,1628,3215,1174,1921,3095,361,946,1307,25241,27317,52558
2020-07-23,3926,3494,7420,2177,2330,4507,4313,4525,8838,4445,4925,9370,3439,3686,7125,2430,2713,5143,1887,1750,3637,1608,1654,3262,1183,1945,3128,368,957,1325,25776,27979,53755
2020-07-24,3986,3557,7543,2223,2373,4596,4424,4646,9070,4551,5054,9605,3528,3779,7307,2492,2785,5277,1934,1777,3711,1632,1681,3313,1195,1980,3175,370,970,1340,26335,28602,54937
2020-07-25,4044,3602,7646,2260,2404,4664,4491,4742,9233,4643,5167,9810,3597,3856,7453,2533,2843,5376,1959,1812,3771,1653,1710,3363,1208,2003,3211,376,976,1352,26764,29115,55879
2020-07-26,4092,3647,7739,2282,2432,4714,4547,4799,9346,4697,5234,9931,3646,3913,7559,2567,2886,5453,1977,1831,3808,1670,1726,3396,1216,2027,3243,382,984,1366,27076,29479,56555
2020-07-27,4139,3696,7835,2331,2479,4810,4632,4918,9550,4816,5358,10174,3730,4020,7750,2636,2989,5625,2014,1883,3897,1690,1758,3448,1238,2053,3291,387,1008,1395,27613,30162,57775
2020-07-28,4207,3760,7967,2378,2524,4902,4760,5075,9835,4939,5497,10436,3830,4131,7961,2715,3079,5794,2069,1931,4000,1717,1799,3516,1254,2093,3347,394,1029,1423,28263,30918,59181
2020-07-29,4280,3823,8103,2423,2576,4999,4886,5212,10098,5057,5639,10696,3941,4249,8190,2777,3144,5921,2111,1982,4093,1746,1824,3570,1276,2140,3416,404,1058,1462,28901,31647,60548
2020-07-30,4358,3879,8237,2478,2645,5123,5041,5348,10389,5190,5770,10960,4056,4351,8407,2847,3222,6069,2154,2027,4181,1770,1853,3623,1290,2170,3460,407,1068,1475,29591,32333,61924
2020-07-31,4418,3950,8368,2517,2688,5205,5150,5498,10648,5331,5932,11263,4153,4448,8601,2909,3298,6207,2199,2079,4278,1796,1882,3678,1304,2208,3512,414,1095,1509,30191,33078,63269
2020-08-01,4464,3991,8455,2551,2731,5282,5233,5604,10837,5422,6049,11471,4219,4534,8753,2965,3365,6330,2227,2099,4326,1824,1911,3735,1320,2246,3566,415,1120,1535,30640,33650,64290
2020-08-02,4516,4032,8548,2590,2766,5356,5298,5674,10972,5497,6127,11624,4274,4619,8893,2996,3414,6410,2246,2128,4374,1843,1937,3780,1338,2278,3616,419,1133,1552,31017,34108,65125
2020-08-03,4583,4107,8690,2631,2829,5460,5409,5799,11208,5610,6259,11869,4371,4740,9111,3058,3485,6543,2293,2167,4460,1862,1972,3834,1361,2327,3688,423,1163,1586,31601,34848,66449
2020-08-04,4662,4170,8832,2695,2899,5594,5542,5933,11475,5738,6402,12140,4467,4867,9334,3128,3572,6700,2343,2212,4555,1890,2011,3901,1385,2377,3762,429,1191,1620,32279,35634,67913
2020-08-05,4735,4242,8977,2756,2950,5706,5674,6087,11761,5869,6549,12418,4558,4997,9555,3221,3672,6893,2385,2260,4645,1920,2045,3965,1406,2411,3817,434,1204,1638,32958,36417,69375
2020-08-06,4806,4303,9109,2807,3014,5821,5797,6228,12025,6004,6714,12718,4673,5120,9793,3291,3756,7047,2433,2307,4740,1951,2082,4033,1428,2458,3886,441,1224,1665,33631,37206,70837
2020-08-07,4894,4375,9269,2860,3064,5924,5916,6380,12296,6142,6890,13032,4772,5262,10034,3365,3848,7213,2469,2365,4834,1983,2127,4110,1442,2509,3951,446,1239,1685,34289,38059,72348
2020-08-08,4947,4423,9370,2897,3109,6006,5986,6471,12457,6256,7022,13278,4842,5365,10207,3420,3912,7332,2512,2401,4913,2011,2158,4169,1459,2555,4014,447,1267,1714,34777,38683,73460
2020-08-09,4988,4462,9450,2929,3140,6069,6059,6563,12622,6340,7107,13447,4908,5466,10374,3469,3974,7443,2543,2427,4970,2042,2194,4236,1480,2619,4099,452,1292,1744,35210,39244,74454
2020-08-10,5070,4535,9605,3002,3218,6220,6205,6714,12919,6486,7277,13763,5020,5609,10629,3551,4081,7632,2589,2473,5062,2064,2231,4295,1502,2665,4167,460,1322,1782,35949,40125,76074
2020-08-11,5138,4601,9739,3070,3275,6345,6358,6878,13236,6658,7433,14091,5148,5761,10909,3632,4167,7799,2647,2538,5185,2110,2299,4409,1523,2737,4260,470,1361,1831,36754,41050,77804
2020-08-12,5205,4673,9878,3137,3353,6490,6490,7035,13525,6798,7650,14448,5274,5905,11179,3720,4265,7985,2696,2583,5279,2129,2335,4464,1537,2762,4299,476,1380,1856,37462,41941,79403
2020-08-13,5265,4739,10004,3209,3420,6629,6670,7240,13910,6966,7884,14850,5400,6064,11464,3805,4375,8180,2741,2639,5380,2163,2371,4534,1555,2794,4349,481,1397,1878,38255,42923,81178
2020-08-14,5320,4799,10119,3261,3484,6745,6843,7449,14292,7118,8094,15212,5536,6221,11757,3888,4478,8366,2793,2688,5481,2195,2409,4604,1572,2827,4399,483,1413,1896,39009,43862,82871
2020-08-15,5390,4846,10236,3324,3537,6861,6925,7599,14524,7236,8257,15493,5622,6341,11963,3942,4558,8500,2833,2736,5569,2223,2458,4681,1588,2890,4478,487,1441,1928,39570,44663,84233
2020-08-16,5431,4881,10312,3352,3575,6927,7026,7696,14722,7321,8358,15679,5673,6420,12093,3987,4614,8601,2848,2768,5616,2244,2482,4726,1607,2927,4534,489,1467,1956,39978,45188,85166
2020-08-17,5483,4912,10395,3397,3620,7017,7137,7821,14958,7452,8497,15949,5778,6536,12314,4060,4707,8767,2877,2820,5697,2268,2505,4773,1619,2969,4588,490,1488,1978,40561,45875,86436
2020-08-18,5556,4975,10531,3463,3684,7147,7274,7969,15243,7611,8687,16298,5919,6675,12594,4128,4830,8958,2927,2882,5809,2299,2550,4849,1637,3010,4647,490,1517,2007,41304,46779,88083
2020-08-19,5621,5032,10653,3531,3759,7290,7397,8143,15540,7740,8848,16588,6023,6805,12828,4204,4910,9114,2964,2928,5892,2326,2601,4927,1655,3059,4714,496,1545,2041,41957,47630,89587
2020-08-20,5675,5089,10764,3586,3814,7400,7529,8305,15834,7851,9020,16871,6113,6908,13021,4282,4985,9267,3004,2985,5989,2353,2635,4988,1679,3096,4775,499,1567,2066,42571,48404,90975
2020-08-21,5730,5155,10885,3645,3877,7522,7643,8466,16109,7991,9210,17201,6240,7032,13272,4352,5083,9435,3054,3042,6096,2392,2691,5083,1699,3144,4843,505,1584,2089,43251,49284,92535
2020-08-22,5770,5192,10962,3693,3917,7610,7733,8579,16312,8077,9345,17422,6327,7129,13456,4406,5136,9542,3090,3091,6181,2412,2729,5141,1714,3176,4890,511,1605,2116,43733,49899,93632
2020-08-23,5814,5241,11055,3732,3949,7681,7796,8681,16477,8142,9446,17588,6398,7206,13604,4449,5202,9651,3122,3125,6247,2432,2757,5189,1730,3197,4927,516,1612,2128,44131,50416,94547
2020-08-24,5891,5322,11213,3795,4018,7813,7919,8840,16759,8303,9622,17925,6503,7347,13850,4527,5297,9824,3173,3190,6363,2463,2803,5266,1749,3230,4979,522,1631,2153,44845,51300,96145
2020-08-25,5960,5392,11352,3849,4087,7936,8051,9035,17086,8460,9822,18282,6633,7489,14122,4589,5401,9990,3223,3243,6466,2496,2829,5325,1771,3269,5040,528,1649,2177,45560,52216,97776
2020-08-26,6030,5442,11472,3908,4165,8073,8214,9205,17419,8613,10004,18617,6713,7639,14352,4663,5494,10157,3275,3306,6581,2532,2878,5410,1795,3320,5115,532,1680,2212,46275,53133,99408
2020-08-27,6101,5507,11608,3989,4253,8242,8374,9372,17746,8750,10182,18932,6829,7795,14624,4740,5590,10330,3313,3362,6675,2567,2915,5482,1819,3369,5188,535,1710,2245,47017,54055,101072
2020-08-28,6161,5565,11726,4061,4324,8385,8567,9586,18153,8897,10378,19275,6958,7994,14952,4822,5710,10532,3369,3423,6792,2611,2963,5574,1839,3409,5248,539,1726,2265,47824,55078,102902
2020-08-29,6206,5600,11806,4104,4386,8490,8685,9736,18421,9014,10553,19567,7075,8109,15184,4887,5793,10680,3413,3462,6875,2646,3001,5647,1853,3457,5310,544,1756,2300,48427,55853,104280
2020-08-30,6241,5660,11901,4153,4432,8585,8771,9852,18623,9114,10647,19761,7152,8202,15354,4942,5848,10790,3444,3501,6945,2664,3031,5695,1861,3476,5337,548,1767,2315,48890,56416,105306
2020-08-31,6309,5706,12015,4218,4491,8709,8912,9999,18911,9263,10817,20080,7259,8344,15603,5022,5943,10965,3488,3562,7050,2704,3077,5781,1884,3518,5402,550,1779,2329,49609,57236,106845
2020-09-01,6373,5771,12144,4272,4571,8843,9076,10177,19253,9429,11020,20449,7382,8476,15858,5105,6057,11162,3528,3610,7138,2730,3112,5842,1901,3567,5468,557,1801,2358,50353,58162,108515
2020-09-02,6432,5816,12248,4313,4626,8939,9196,10338,19534,9568,11205,20773,7488,8593,16081,5182,6150,11332,3569,3666,7235,2773,3150,5923,1919,3612,5531,563,1834,2397,51003,58990,109993
2020-09-03,6505,5874,12379,4380,4693,9073,9348,10532,19880,9758,11405,21163,7618,8736,16354,5271,6255,11526,3615,3729,7344,2809,3195,6004,1941,3656,5597,567,1851,2418,51812,59926,111738
2020-09-04,6575,5944,12519,4443,4759,9202,9494,10726,20220,9926,11613,21539,7755,8907,16662,5352,6363,11715,3678,3793,7471,2847,3240,6087,1966,3695,5661,572,1869,2441,52608,60909,113517
2020-09-05,6620,5987,12607,4477,4801,9278,9620,10867,20487,10038,11767,21805,7841,9064,16905,5413,6446,11859,3730,3847,7577,2878,3271,6149,1986,3723,5709,575,1880,2455,53178,61653,114831
2020-09-06,6661,6028,12689,4518,4848,9366,9695,10986,20681,10113,11870,21983,7907,9141,17048,5461,6516,11977,3757,3880,7637,2890,3312,6202,2000,3746,5746,576,1888,2464,53578,62215,115793
2020-09-07,6723,6084,12807,4592,4918,9510,9841,11169,21010,10279,12072,22351,8048,9304,17352,5535,6642,12177,3823,3942,7765,2929,3356,6285,2019,3794,5813,582,1906,2488,54371,63187,117558
2020-09-08,6779,6150,12929,4651,4988,9639,9971,11355,21326,10459,12266,22725,8177,9450,17627,5637,6751,12388,3876,4025,7901,2973,3405,6378,2043,3834,5877,589,1927,2516,55155,64151,119306
2020-09-09,6843,6213,13056,4723,5065,9788,10136,11539,21675,10629,12462,23091,8308,9606,17914,5735,6865,12600,3937,4091,8028,3004,3445,6449,2062,3880,5942,590,1947,2537,55967,65113,121080
2020-09-10,6897,6251,13148,4798,5135,9933,10323,11734,22057,10801,12684,23485,8444,9782,18226,5842,6965,12807,3987,4164,8151,3045,3503,6548,2075,3937,6012,595,1979,2574,56807,66134,122941
2020-09-11,6957,6306,13263,4879,5216,10095,10481,11886,22367,10954,12905,23859,8566,9934,18500,5922,7085,13007,4050,4224,8274,3087,3547,6634,2097,3983,6080,597,1991,2588,57590,67077,124667
2020-09-12,7010,6338,13348,4928,5260,10188,10564,12003,22567,11061,13036,24097,8636,10041,18677,5975,7170,13145,4099,4270,8369,3114,3578,6692,2110,4029,6139,600,2005,2605,58097,67730,125827
2020-09-13,7066,6381,13447,4974,5304,10278,10646,12117,22763,11148,13160,24308,8695,10130,18825,6029,7235,13264,4155,4311,8466,3138,3594,6732,2113,4048,6161,605,2013,2618,58569,68293,126862
2020-09-14,7138,6442,13580,5031,5375,10406,10798,12307,23105,11299,13358,24657,8810,10278,19088,6125,7353,13478,4225,4390,8615,3179,3634,6813,2144,4084,6228,605,2036,2641,59354,69257,128611
2020-09-15,7214,6482,13696,5091,5434,10525,10942,12445,23387,11447,13556,25003,8920,10418,19338,6196,7448,13644,4291,4460,8751,3219,3686,6905,2163,4147,6310,609,2064,2673,60092,70140,130232
2020-09-16,7293,6553,13846,5174,5524,10698,11118,12653,23771,11612,13766,25378,9051,10582,19633,6278,7554,13832,4354,4531,8885,3253,3727,6980,2182,4193,6375,613,2080,2693,60928,71163,132091
2020-09-17,7358,6616,13974,5225,5610,10835,11281,12828,24109,11759,13942,25701,9187,10758,19945,6361,7675,14036,4422,4600,9022,3295,3771,7066,2205,4232,6437,617,2097,2714,61710,72129,133839
2020-09-18,7436,6682,14118,5279,5712,10991,11446,13005,24451,11927,14153,26080,9313,10908,20221,6455,7782,14237,4476,4672,9148,3345,3817,7162,2222,4266,6488,621,2117,2738,62520,73114,135634
2020-09-19,7472,6731,14203,5332,5767,11099,11544,13106,24650,12033,14271,26304,9380,10988,20368,6510,7839,14349,4524,4713,9237,3370,3844,7214,2241,4290,6531,625,2128,2753,63031,73677,136708
2020-09-20,7513,6780,14293,5384,5820,11204,11621,13190,24811,12123,14361,26484,9439,11078,20517,6552,7911,14463,4551,4753,9304,3391,3870,7261,2247,4318,6565,628,2142,2770,63449,74223,137672
2020-09-21,7585,6834,14419,5450,5901,11351,11753,13325,25078,12279,14540,26819,9543,11220,20763,6635,7992,14627,4607,4830,9437,3429,3908,7337,2262,4338,6600,630,2153,2783,64173,75041,139214
2020-09-22,7661,6904,14565,5536,5989,11525,11894,13524,25418,12446,14720,27166,9672,11350,21022,6730,8103,14833,4683,4891,9574,3478,3952,7430,2281,4381,6662,635,2172,2807,65016,75986,141002
2020-09-23,7737,6971,14708,5595,6063,11658,12025,13710,25735,12575,14896,27471,9794,11477,21271,6799,8204,15003,4747,4954,9701,3509,4000,7509,2297,4413,6710,638,2184,2822,65716,76872,142588
2020-09-24,7818,7034,14852,5669,6147,11816,12180,13885,26065,12725,15083,27808,9911,11610,21521,6866,8293,15159,4803,5046,9849,3549,4055,7604,2326,4461,6787,651,2215,2866,66498,77829,144327
2020-09-25,7887,7091,14978,5736,6215,11951,12313,14053,26366,12874,15236,28110,10030,11747,21777,6949,8395,15344,4876,5111,9987,3583,4093,7676,2346,4493,6839,652,2228,2880,67246,78662,145908
2020-09-26,7925,7129,15054,5796,6257,12053,12398,14140,26538,12977,15344,28321,10111,11829,21940,7005,8468,15473,4914,5146,10060,3608,4112,7720,2360,4510,6870,655,2235,2890,67749,79170,146919
2020-09-27,7971,7175,15146,5832,6313,12145,12473,14242,26715,13067,15451,28518,10193,11919,22112,7048,8520,15568,4945,5181,10126,3622,4137,7759,2371,4527,6898,657,2248,2905,68179,79713,147892
2020-09-28,8043,7244,15287,5896,6358,12254,12588,14375,26963,13228,15586,28814,10323,12023,22346,7148,8623,15771,5009,5224,10233,3658,4179,7837,2388,4561,6949,661,2266,2927,68942,80439,149381
2020-09-29,8126,7318,15444,5984,6445,12429,12758,14537,27295,13403,15772,29175,10458,12151,22609,7232,8700,15932,5075,5298,10373,3697,4240,7937,2415,4612,7027,663,2287,2950,69811,81360,151171
2020-09-30,8199,7388,15587,6048,6523,12571,12908,14748,27656,13532,15952,29484,10578,12265,22843,7332,8800,16132,5141,5373,10514,3737,4289,8026,2434,4666,7100,666,2300,2966,70575,82304,152879
2020-10-01,8275,7479,15754,6125,6618,12743,13068,14940,28008,13700,16140,29840,10694,12402,23096,7419,8897,16316,5202,5443,10645,3775,4346,8121,2451,4698,7149,669,2310,2979,71378,83273,154651
2020-10-02,8375,7546,15921,6196,6704,12900,13189,15112,28301,13847,16311,30158,10808,12541,23349,7507,8997,16504,5264,5512,10776,3819,4405,8224,2464,4739,7203,675,2326,3001,72144,84193,156337
2020-10-03,8417,7588,16005,6243,6776,13019,13289,15221,28510,13960,16422,30382,10895,12649,23544,7574,9053,16627,5305,5557,10862,3847,4431,8278,2477,4768,7245,679,2334,3013,72686,84799,157485
2020-10-04,8466,7637,16103,6289,6820,13109,13371,15328,28699,14039,16503,30542,10957,12728,23685,7620,9109,16729,5343,5592,10935,3867,4453,8320,2495,4795,7290,681,2340,3021,73128,85305,158433
2020-10-05,8517,7691,16208,6349,6880,13229,13520,15473,28993,14220,16677,30897,11095,12873,23968,7700,9216,16916,5434,5660,11094,3910,4519,8429,2519,4827,7346,684,2348,3032,73948,86164,160112
2020-10-06,8584,7768,16352,6421,6953,13374,13669,15645,29314,14389,16865,31254,11235,13010,24245,7796,9317,17113,5493,5731,11224,3950,4577,8527,2543,4859,7402,690,2358,3048,74770,87083,161853
2020-10-07,8666,7827,16493,6479,7023,13502,13836,15846,29682,14559,17059,31618,11365,13145,24510,7889,9440,17329,5565,5801,11366,3992,4622,8614,2562,4894,7456,696,2368,3064,75609,88025,163634
2020-10-08,8746,7889,16635,6543,7101,13644,13972,16017,29989,14700,17232,31932,11507,13278,24785,7979,9541,17520,5626,5873,11499,4033,4670,8703,2574,4936,7510,700,2389,3089,76380,88926,165306
2020-10-09,8808,7972,16780,6624,7188,13812,14101,16211,30312,14863,17437,32300,11621,13433,25054,8076,9660,17736,5681,5942,11623,4067,4717,8784,2586,4967,7553,705,2412,3117,77132,89939,167071
2020-10-10,8844,8023,16867,6680,7245,13925,14220,16336,30556,14960,17554,32514,11719,13532,25251,8140,9747,17887,5720,5990,11710,4088,4751,8839,2601,4994,7595,712,2421,3133,77684,90593,168277
2020-10-11,8894,8074,16968,6716,7301,14017,14281,16432,30713,15052,17678,32730,11791,13604,25395,8197,9802,17999,5769,6030,11799,4111,4783,8894,2616,5016,7632,714,2427,3141,78141,91147,169288
2020-10-12,8946,8118,17064,6774,7354,14128,14374,16545,30919,15160,17785,32945,11882,13718,25600,8273,9893,18166,5827,6093,11920,4139,4821,8960,2636,5041,7677,716,2439,3155,78727,91807,170534
2020-10-13,9024,8194,17218,6847,7414,14261,14526,16725,31251,15307,17984,33291,11999,13867,25866,8367,10005,18372,5910,6168,12078,4183,4887,9070,2665,5092,7757,725,2459,3184,79553,92795,172348
2020-10-14,9089,8265,17354,6906,7493,14399,14672,16899,31571,15449,18159,33608,12109,13991,26100,8443,10113,18556,5981,6228,12209,4229,4945,9174,2685,5124,7809,726,2472,3198,80289,93689,173978
2020-10-15,9160,8329,17489,6979,7584,14563,14824,17079,31903,15627,18359,33986,12264,14166,26430,8553,10215,18768,6057,6309,12366,4270,4988,9258,2705,5162,7867,733,2483,3216,81172,94674,175846
2020-10-16,9246,8390,17636,7078,7688,14766,15011,17316,32327,15805,18536,34341,12421,14344,26765,8662,10334,18996,6127,6380,12507,4318,5054,9372,2732,5210,7942,736,2512,3248,82136,95764,177900
2020-10-17,9295,8445,17740,7135,7753,14888,15121,17434,32555,15920,18687,34607,12513,14454,26967,8722,10402,19124,6181,6441,12622,4364,5084,9448,2746,5236,7982,739,2521,3260,82736,96457,179193
2020-10-18,9334,8481,17815,7177,7791,14968,15172,17515,32687,16003,18790,34793,12562,14520,27082,8776,10443,19219,6209,6469,12678,4385,5113,9498,2754,5258,8012,741,2527,3268,83113,96907,180020
2020-10-19,9442,8566,18008,7268,7893,15161,15328,17719,33047,16196,19027,35223,12721,14726,27447,8899,10579,19478,6303,6556,12859,4437,5184,9621,2779,5306,8085,743,2540,3283,84116,98096,182212
2020-10-20,9527,8649,18176,7362,7978,15340,15518,17933,33451,16371,19232,35603,12884,14914,27798,9006,10703,19709,6386,6628,13014,4475,5239,9714,2814,5350,8164,743,2555,3298,85086,99181,184267
2020-10-21,9592,8713,18305,7470,8071,15541,15660,18130,33790,16525,19394,35919,13003,15052,28055,9105,10790,19895,6461,6698,13159,4512,5279,9791,2835,5388,8223,746,2564,3310,85909,100079,185988
2020-10-22,9653,8771,18424,7557,8170,15727,15790,18280,34070,16655,19543,36198,13133,15192,28325,9189,10898,20087,6508,6776,13284,4547,5323,9870,2859,5429,8288,750,2581,3331,86641,100963,187604
2020-10-23,9717,8823,18540,7613,8229,15842,15902,18404,34306,16762,19657,36419,13231,15330,28561,9261,10967,20228,6566,6847,13413,4593,5367,9960,2875,5458,8333,756,2598,3354,87276,101680,188956
2020-10-24,9753,8859,18612,7644,8272,15916,15983,18466,34449,16836,19756,36592,13296,15413,28709,9309,11031,20340,6594,6887,13481,4620,5394,10014,2883,5486,8369,757,2607,3364,87675,102171,189846
2020-10-25,9806,8900,18706,7679,8325,16004,16054,18568,34622,16912,19880,36792,13361,15493,28854,9374,11110,20484,6627,6933,13560,4647,5421,10068,2893,5506,8399,758,2614,3372,88111,102750,190861
2020-10-26,9882,8964,18846,7768,8405,16173,16192,18714,34906,17047,20041,37088,13448,15624,29072,9470,11233,20703,6705,7006,13711,4699,5486,10185,2911,5544,8455,759,2627,3386,88881,103644,192525
2020-10-27,9941,9028,18969,7842,8477,16319,16335,18898,35233,17189,20218,37407,13574,15754,29328,9565,11362,20927,6784,7108,13892,4744,5548,10292,2925,5581,8506,762,2634,3396,89661,104608,194269
2020-10-28,10005,9089,19094,7894,8552,16446,16466,19069,35535,17350,20412,37762,13665,15881,29546,9657,11467,21124,6852,7174,14026,4777,5586,10363,2936,5615,8551,764,2649,3413,90366,105494,195860
2020-10-29,10057,9137,19194,7956,8631,16587,16617,19223,35840,17510,20575,38085,13763,16035,29798,9741,11562,21303,6905,7242,14147,4810,5626,10436,2950,5641,8591,766,2656,3422,91075,106328,197403
2020-10-30,10114,9177,19291,8007,8705,16712,16716,19369,36085,17636,20731,38367,13854,16159,30013,9804,11660,21464,6967,7321,14288,4839,5664,10503,2971,5671,8642,770,2670,3440,91678,107127,198805
2020-10-31,10159,9209,19368,8035,8747,16782,16798,19454,36252,17713,20849,38562,13927,16225,30152,9848,11719,21567,7010,7367,14377,4866,5697,10563,2980,5693,8673,773,2678,3451,92109,107638,199747
2020-11-01,10221,9260,19481,8089,8812,16901,16886,19563,36449,17800,20963,38763,14010,16319,30329,9915,11793,21708,7044,7434,14478,4898,5724,10622,2988,5722,8710,777,2683,3460,92628,108273,200901
2020-11-02,10278,9326,19604,8154,8890,17044,17014,19727,36741,17950,21114,39064,14128,16440,30568,9992,11874,21866,7112,7510,14622,4941,5769,10710,3008,5744,8752,778,2691,3469,93355,109085,202440
2020-11-03,10325,9373,19698,8200,8955,17155,17121,19868,36989,18062,21245,39307,14215,16519,30734,10056,11939,21995,7164,7561,14725,4986,5811,10797,3028,5780,8808,780,2704,3484,93937,109755,203692
2020-11-04,10381,9425,19806,8266,9029,17295,17298,20034,37332,18199,21415,39614,14357,16654,31011,10136,12037,22173,7239,7628,14867,5033,5856,10889,3045,5810,8855,785,2711,3496,94739,110599,205338
2020-11-05,10464,9498,19962,8358,9125,17483,17480,20218,37698,18379,21619,39998,14519,16793,31312,10247,12164,22411,7302,7711,15013,5073,5900,10973,3062,5837,8899,788,2723,3511,95672,111588,207260
2020-11-06,10516,9552,20068,8407,9180,17587,17584,20340,37924,18470,21739,40209,14595,16873,31468,10316,12241,22557,7350,7756,15106,5110,5955,11065,3077,5869,8946,791,2730,3521,96216,112235,208451
2020-11-07,10561,9598,20159,8447,9232,17679,17654,20436,38090,18542,21853,40395,14666,16964,31630,10377,12322,22699,7406,7820,15226,5142,5990,11132,3096,5888,8984,795,2734,3529,96686,112837,209523
2020-11-08,10616,9664,20280,8497,9299,17796,17748,20535,38283,18638,21984,40622,14745,17070,31815,10443,12382,22825,7458,7886,15344,5167,6021,11188,3103,5910,9013,800,2738,3538,97215,113489,210704
2020-11-09,10697,9742,20439,8575,9370,17945,17868,20693,38561,18772,22165,40937,14873,17201,32074,10549,12486,23035,7527,7964,15491,5197,6069,11266,3126,5949,9075,804,2747,3551,97988,114386,212374
2020-11-10,10748,9791,20539,8628,9444,18072,17972,20802,38774,18915,22306,41221,14972,17299,32271,10629,12567,23196,7596,8018,15614,5236,6108,11344,3143,5982,9125,808,2755,3563,98647,115072,213719
2020-11-11,10824,9850,20674,8683,9522,18205,18113,20963,39076,19059,22457,41516,15107,17430,32537,10726,12678,23404,7654,8078,15732,5277,6148,11425,3164,6013,9177,813,2769,3582,99420,115908,215328
2020-11-12,10890,9911,20801,8748,9602,18350,18254,21139,39393,19247,22629,41876,15236,17569,32805,10826,12774,23600,7722,8162,15884,5321,6204,11525,3186,6044,9230,814,2782,3596,100244,116816,217060
2020-11-13,10952,9956,20908,8818,9671,18489,18392,21312,39704,19375,22762,42137,15346,17691,33037,10919,12863,23782,7808,8237,16045,5373,6253,11626,3207,6076,9283,818,2792,3610,101008,117613,218621
2020-11-14,11019,10017,21036,8871,9709,18580,18468,21420,39888,19473,22872,42345,15411,17782,33193,10980,12934,23914,7864,8280,16144,5404,6297,11701,3219,6098,9317,822,2796,3618,101531,118205,219736
2020-11-15,11084,10088,21172,8937,9757,18694,18558,21545,40103,19587,22985,42572,15503,17879,33382,11038,13007,24045,7921,8340,16261,5441,6339,11780,3230,6125,9355,822,2809,3631,102121,118874,220995
2020-11-16,11153,10158,21311,9037,9824,18861,18660,21671,40331,19704,23129,42833,15617,17985,33602,11105,13092,24197,7983,8401,16384,5483,6388,11871,3255,6157,9412,826,2827,3653,102823,119632,222455
2020-11-17,11232,10237,21469,9116,9892,19008,18812,21835,40647,19877,23300,43177,15759,18134,33893,11203,13203,24406,8062,8509,16571,5520,6449,11969,3267,6192,9459,828,2840,3668,103676,120591,224267
2020-11-18,11304,10305,21609,9218,9987,19205,18971,22016,40987,20049,23495,43544,15872,18263,34135,11280,13293,24573,8128,8582,16710,5571,6498,12069,3282,6241,9523,830,2847,3677,104505,121527,226032
2020-11-19,11377,10370,21747,9309,10065,19374,19132,22204,41336,20175,23679,43854,15981,18401,34382,11374,13410,24784,8188,8656,16844,5620,6545,12165,3304,6272,9576,833,2855,3688,105293,122457,227750
2020-11-20,11448,10431,21879,9369,10139,19508,19265,22366,41631,20305,23839,44144,16090,18536,34626,11458,13511,24969,8245,8715,16960,5657,6586,12243,3329,6305,9634,838,2865,3703,106004,123293,229297
2020-11-21,11511,10484,21995,9414,10204,19618,19362,22471,41833,20425,23952,44377,16175,18625,34800,11523,13580,25103,8298,8771,17069,5687,6607,12294,3339,6324,9663,841,2875,3716,106575,123893,230468
2020-11-22,11561,10526,22087,9456,10253,19709,19451,22556,42007,20498,24047,44545,16249,18692,34941,11567,13635,25202,8339,8817,17156,5714,6629,12343,3351,6346,9697,843,2883,3726,107029,124384,231413
2020-11-23,11624,10585,22209,9508,10319,19827,19553,22667,42220,20621,24145,44766,16342,18787,35129,11621,13702,25323,8384,8875,17259,5746,6667,12413,3368,6375,9743,847,2892,3739,107614,125014,232628
2020-11-24,11693,10664,22357,9590,10395,19985,19677,22811,42488,20779,24295,45074,16460,18913,35373,11716,13803,25519,8449,8960,17409,5795,6721,12516,3392,6406,9798,849,2900,3749,108400,125868,234268
2020-11-25,11773,10730,22503,9671,10476,20147,19830,22969,42799,20927,24444,45371,16591,19035,35626,11793,13874,25667,8519,9027,17546,5822,6785,12607,3414,6440,9854,853,2908,3761,109193,126688,235881
2020-11-26,11855,10798,22653,9753,10561,20314,19965,23146,43111,21075,24610,45685,16702,19154,35856,11881,13965,25846,8593,9094,17687,5856,6841,12697,3431,6468,9899,862,2918,3780,109973,127555,237528
2020-11-27,11912,10854,22766,9812,10617,20429,20084,23295,43379,21174,24736,45910,16793,19221,36014,11956,14035,25991,8645,9154,17799,5884,6880,12764,3447,6504,9951,865,2922,3787,110572,128218,238790
2020-11-28,11978,10895,22873,9867,10656,20523,20181,23400,43581,21256,24846,46102,16861,19305,36166,12027,14105,26132,8681,9192,17873,5913,6919,12832,3462,6531,9993,868,2927,3795,111094,128776,239870
2020-11-29,12039,10946,22985,9912,10710,20622,20288,23526,43814,21352,24977,46329,16953,19404,36357,12087,14172,26259,8733,9260,17993,5946,6955,12901,3476,6546,10022,869,2931,3800,111655,129427,241082
2020-11-30,12130,11026,23156,10005,10792,20797,20455,23723,44178,21525,25149,46674,17104,19550,36654,12174,14265,26439,8821,9355,18176,6006,7008,13014,3496,6585,10081,873,2941,3814,112589,130394,242983
2020-12-01,12192,11100,23292,10083,10877,20960,20611,23892,44503,21664,25310,46974,17223,19689,36912,12230,14343,26573,8897,9453,18350,6060,7061,13121,3515,6619,10134,876,2943,3819,113351,131287,244638
2020-12-02,12237,11142,23379,10143,10941,21084,20706,24013,44719,21773,25452,47225,17309,19785,37094,12290,14406,26696,8949,9492,18441,6098,7104,13202,3533,6636,10169,879,2951,3830,113917,131922,245839
2020-12-03,12291,11197,23488,10224,11028,21252,20848,24201,45049,21924,25628,47552,17422,19924,37346,12377,14489,26866,9023,9564,18587,6145,7151,13296,3548,6665,10213,881,2956,3837,114683,132803,247486
2020-12-04,12356,11269,23625,10303,11106,21409,20970,24340,45310,22070,25786,47856,17541,20057,37598,12462,14589,27051,9093,9657,18750,6202,7195,13397,3567,6704,10271,887,2965,3852,115451,133668,249119
2020-12-05,12415,11327,23742,10372,11161,21533,21082,24448,45530,22198,25894,48092,17630,20142,37772,12515,14650,27165,9136,9708,18844,6229,7230,13459,3577,6726,10303,892,2972,3864,116046,134258,250304
2020-12-06,12461,11374,23835,10423,11208,21631,21158,24526,45684,22269,25991,48260,17696,20224,37920,12552,14701,27253,9179,9752,18931,6255,7264,13519,3593,6740,10333,892,2975,3867,116478,134755,251233
2020-12-07,12498,11426,23924,10484,11257,21741,21262,24641,45903,22374,26089,48463,17769,20328,38097,12606,14760,27366,9216,9803,19019,6286,7305,13591,3610,6761,10371,896,2980,3876,117001,135350,252351
2020-12-08,12551,11484,24035,10540,11317,21857,21363,24765,46128,22495,26202,48697,17845,20409,38254,12678,14833,27511,9277,9860,19137,6319,7350,13669,3618,6779,10397,900,2986,3886,117586,135985,253571
2020-12-09,12616,11544,24160,10614,11412,22026,21556,24980,46536,22686,26408,49094,18001,20544,38545,12808,14970,27778,9389,9961,19350,6366,7413,13779,3637,6811,10448,902,3001,3903,118575,137044,255619
2020-12-10,12696,11602,24298,10723,11541,22264,21754,25227,46981,22898,26665,49563,18157,20740,38897,12937,15134,28071,9493,10060,19553,6412,7459,13871,3655,6856,10511,907,3008,3915,119632,138292,257924
2020-12-11,12763,11672,24435,10828,11651,22479,21954,25492,47446,23141,26922,50063,18328,20949,39277,13077,15293,28370,9600,10178,19778,6472,7534,14006,3672,6884,10556,909,3016,3925,120744,139591,260335
2020-12-12,12828,11734,24562,10915,11736,22651,22115,25701,47816,23335,27134,50469,18498,21119,39617,13210,15428,28638,9684,10300,19984,6514,7589,14103,3683,6906,10589,912,3023,3935,121694,140670,262364
2020-12-13,12894,11782,24676,10995,11816,22811,22229,25864,48093,23511,27336,50847,18646,21285,39931,13332,15542,28874,9761,10379,20140,6553,7624,14177,3694,6925,10619,918,3027,3945,122533,141580,264113
2020-12-14,12978,11850,24828,11100,11933,23033,22419,26098,48517,23745,27572,51317,18821,21482,40303,13487,15718,29205,9873,10501,20374,6617,7697,14314,3715,6958,10673,927,3037,3964,123682,142846,266528
2020-12-15,13041,11919,24960,11191,12025,23216,22609,26320,48929,23945,27798,51743,18995,21653,40648,13617,15901,29518,9984,10608,20592,6675,7758,14433,3729,6982,10711,929,3047,3976,124715,144011,268726
2020-12-16,13091,11986,25077,11307,12166,23473,22810,26580,49390,24231,28090,52321,19215,21873,41088,13799,16079,29878,10106,10751,20857,6740,7832,14572,3755,7007,10762,933,3057,3990,125987,145421,271408
2020-12-17,13177,12069,25246,11431,12290,23721,23046,26880,49926,24512,28414,52926,19463,22098,41561,13970,16250,30220,10185,10860,21045,6805,7888,14693,3768,7033,10801,934,3067,4001,127291,146849,274140
2020-12-18,13263,12148,25411,11585,12462,24047,23297,27225,50522,24831,28754,53585,19710,22370,42080,14169,16481,30650,10378,11039,21417,6894,7978,14872,3786,7076,10862,936,3072,4008,128849,148605,277454
2020-12-19,13331,12210,25541,11701,12590,24291,23505,27505,51010,25156,29076,54232,19933,22605,42538,14337,16662,30999,10513,11199,21712,6959,8048,15007,3801,7103,10904,939,3076,4015,130175,150074,280249
2020-12-20,13399,12291,25690,11825,12722,24547,23718,27754,51472,25478,29413,54891,20180,22868,43048,14516,16870,31386,10630,11326,21956,7022,8108,15130,3814,7120,10934,942,3085,4027,131524,151557,283081
2020-12-21,13485,12390,25875,11968,12869,24837,24034,28077,52111,25842,29826,55668,20473,23149,43622,14705,17079,31784,10815,11494,22309,7102,8190,15292,3832,7166,10998,945,3091,4036,133201,153331,286532
2020-12-22,13583,12491,26074,12149,13069,25218,24378,28476,52854,26266,30286,56552,20811,23469,44280,14923,17307,32230,10987,11684,22671,7182,8270,15452,3849,7199,11048,949,3095,4044,135077,155346,290423
2020-12-23,13697,12590,26287,12353,13259,25612,24732,28872,53604,26682,30720,57402,21111,23811,44922,15140,17515,32655,11126,11867,22993,7244,8347,15591,3875,7234,11109,955,3105,4060,136915,157320,294235
2020-12-24,13750,12646,26396,12446,13371,25817,24925,29086,54011,26947,30971,57918,21286,23973,45259,15243,17635,32878,11209,11962,23171,7299,8393,15692,3881,7253,11134,956,3109,4065,137942,158399,296341
2020-12-25,13786,12671,26457,12485,13404,25889,24987,29144,54131,27009,31048,58057,21339,24015,45354,15286,17681,32967,11231,11987,23218,7314,8403,15717,3888,7269,11157,960,3113,4073,138285,158735,297020
2020-12-26,13867,12736,26603,12664,13624,26288,25249,29447,54696,27382,31404,58786,21581,24314,45895,15482,17879,33361,11344,12130,23474,7382,8472,15854,3910,7300,11210,961,3125,4086,139822,160431,300253
2020-12-27,13920,12785,26705,12892,13852,26744,25504,29736,55240,27783,31811,59594,21909,24665,46574,15707,18124,33831,11501,12278,23779,7443,8555,15998,3928,7331,11259,963,3135,4098,141550,162272,303822
2020-12-28,14049,12882,26931,13168,14140,27308,25882,30202,56084,28345,32414,60759,22364,25111,47475,15977,18447,34424,11675,12508,24183,7523,8658,16181,3958,7376,11334,965,3146,4111,143906,164884,308790
2020-12-29,14143,12972,27115,13432,14414,27846,26275,30639,56914,28790,32890,61680,22755,25523,48278,16213,18709,34922,11851,12724,24575,7612,8759,16371,3983,7431,11414,970,3155,4125,146024,167216,313240
2020-12-30,14237,13052,27289,13732,14731,28463,26691,31080,57771,29305,33400,62705,23133,25967,49100,16484,19041,35525,12026,12920,24946,7701,8853,16554,4014,7480,11494,974,3163,4137,148297,169687,317984
2020-12-31,14305,13117,27422,13942,14935,28877,26986,31364,58350,29621,33749,63370,23394,26287,49681,16647,19216,35863,12111,13013,25124,7745,8915,16660,4027,7508,11535,974,3169,4143,149752,171273,321025
2021-01-01,14333,13138,27471,13988,14987,28975,27036,31442,58478,29697,33841,63538,23453,26354,49807,16696,19270,35966,12137,13045,25182,7762,8937,16699,4032,7523,11555,975,3173,4148,150109,171710,321819
2021-01-02,14410,13200,27610,14183,15187,29370,27307,31758,59065,30008,34213,64221,23740,26651,50391,16885,19481,36366,12303,13211,25514,7840,9026,16866,4047,7560,11607,979,3180,4159,151702,173467,325169
2021-01-03,14464,13268,27732,14438,15461,29899,27710,32191,59901,30543,34769,65312,24157,27121,51278,17147,19798,36945,12510,13449,25959,7922,9144,17066,4074,7596,11670,982,3187,4169,153947,175984,329931
2021-01-04,14552,13355,27907,14693,15702,30395,28255,32787,61042,31133,35407,66540,24584,27586,52170,17426,20124,37550,12715,13673,26388,8026,9258,17284,4102,7658,11760,987,3197,4184,156473,178747,335220
2021-01-05,14646,13450,28096,14989,16001,30990,28799,33457,62256,31746,36068,67814,25060,28101,53161,17718,20440,38158,12942,13975,26917,8135,9389,17524,4133,7718,11851,993,3207,4200,159161,181806,340967
2021-01-06,14743,13530,28273,15319,16296,31615,29352,34019,63371,32340,36664,69004,25551,28610,54161,18038,20787,38825,13169,14228,27397,8246,9525,17771,4162,7778,11940,997,3222,4219,161917,184659,346576
2021-01-07,14832,13607,28439,15554,16550,32104,29780,34519,64299,32840,37145,69985,25898,28979,54877,18274,21069,39343,13345,14448,27793,8327,9648,17975,4189,7827,12016,999,3233,4232,164038,187025,351063
2021-01-08,14923,13697,28620,15830,16814,32644,30222,34993,65215,33257,37646,70903,26216,29418,55634,18520,21353,39873,13480,14637,28117,8414,9753,18167,4221,7865,12086,1003,3239,4242,166086,189415,355501
2021-01-09,14992,13766,28758,16065,17056,33121,30613,35457,66070,33707,38159,71866,26557,29818,56375,18742,21620,40362,13620,14846,28466,8473,9839,18312,4245,7905,12150,1003,3248,4251,168017,191714,359731
2021-01-10,15062,13837,28899,16348,17329,33677,30996,35883,66879,34118,38648,72766,26917,30214,57131,18956,21893,40849,13752,14993,28745,8519,9920,18439,4257,7938,12195,1005,3257,4262,169930,193912,363842
2021-01-11,15157,13907,29064,16634,17651,34285,31516,36427,67943,34644,39232,73876,27318,30640,57958,19202,22221,41423,13922,15207,29129,8607,10009,18616,4277,7968,12245,1006,3265,4271,172283,196527,368810
2021-01-12,15253,13979,29232,16880,17936,34816,31909,36947,68856,35034,39690,74724,27632,31025,58657,19438,22519,41957,14107,15365,29472,8675,10101,18776,4310,8004,12314,1009,3275,4284,174247,198841,373088
2021-01-13,15381,14087,29468,17176,18265,35441,32396,37495,69891,35491,40207,75698,28021,31431,59452,19698,22863,42561,14302,15591,29893,8760,10199,18959,4330,8052,12382,1014,3279,4293,176569,201469,378038
2021-01-14,15470,14189,29659,17480,18595,36075,32831,37969,70800,35928,40741,76669,28362,31865,60227,19971,23186,43157,14466,15797,30263,8830,10291,19121,4351,8092,12443,1017,3287,4304,178706,204012,382718
2021-01-15,15594,14279,29873,17959,19081,37040,33377,38591,71968,36624,41481,78105,28896,32502,61398,20358,23620,43978,14675,16029,30704,8914,10414,19328,4374,8141,12515,1019,3295,4314,181790,207433,389223
2021-01-16,15665,14331,29996,18521,19622,38143,33838,39156,72994,37243,42170,79413,29495,33161,62656,20742,24016,44758,14888,16288,31176,9022,10530,19552,4401,8182,12583,1020,3304,4324,184835,210760,395595
2021-01-17,15734,14375,30109,18973,20121,39094,34298,39707,74005,37810,42789,80599,30105,33873,63978,21119,24390,45509,15052,16472,31524,9105,10622,19727,4419,8211,12630,1022,3307,4329,187637,213867,401504
2021-01-18,15828,14465,30293,19501,20656,40157,34901,40372,75273,38498,43529,82027,30778,34580,65358,21563,24871,46434,15318,16774,32092,9225,10753,19978,4455,8270,12725,1024,3311,4335,191091,217581,408672
2021-01-19,15932,14550,30482,20007,21195,41202,35455,40978,76433,39164,44271,83435,31438,35273,66711,22004,25350,47354,15586,17085,32671,9333,10905,20238,4478,8318,12796,1029,3324,4353,194426,221249,415675
2021-01-20,16033,14639,30672,20474,21676,42150,35958,41561,77519,39746,44902,84648,31994,35869,67863,22416,25794,48210,15867,17386,33253,9469,11059,20528,4504,8362,12866,1033,3336,4369,197494,224584,422078
2021-01-21,16150,14719,30869,20817,22082,42899,36482,42059,78541,40227,45459,85686,32404,36374,68778,22714,26187,48901,16064,17620,33684,9559,11166,20725,4533,8416,12949,1038,3357,4395,199988,227439,427427
2021-01-22,16232,14802,31034,21215,22448,43663,36859,42541,79400,40620,45973,86593,32804,36849,69653,23002,26498,49500,16241,17827,34068,9659,11280,20939,4554,8460,13014,1041,3360,4401,202227,230038,432265
2021-01-23,16280,14848,31128,21610,22853,44463,37265,43019,80284,41046,46477,87523,33225,37268,70493,23307,26843,50150,16369,17999,34368,9711,11350,21061,4573,8490,13063,1043,3363,4406,204429,232510,436939
2021-01-24,16340,14899,31239,22080,23342,45422,37703,43494,81197,41492,46992,88484,33758,37809,71567,23649,27191,50840,16547,18195,34742,9773,11435,21208,4595,8525,13120,1045,3368,4413,206982,235250,442232
2021-01-25,16430,14996,31426,22650,23906,46556,38312,44135,82447,42107,47651,89758,34302,38447,72749,24040,27625,51665,16776,18430,35206,9882,11562,21444,4632,8587,13219,1053,3386,4439,210184,238725,448909
2021-01-26,16556,15079,31635,23135,24384,47519,38790,44692,83482,42601,48190,90791,34808,38976,73784,24361,28024,52385,16975,18696,35671,9994,11688,21682,4665,8652,13317,1057,3396,4453,212942,241777,454719
2021-01-27,16674,15182,31856,23578,24820,48398,39251,45204,84455,43086,48751,91837,35234,39490,74724,24682,28378,53060,17171,18903,36074,10077,11779,21856,4703,8707,13410,1058,3411,4469,215514,244625,460139
2021-01-28,16762,15269,32031,23946,25196,49142,39609,45640,85249,43490,49197,92687,35611,39921,75532,24964,28691,53655,17358,19126,36484,10182,11889,22071,4731,8756,13487,1063,3426,4489,217716,247111,464827
2021-01-29,16831,15360,32191,24461,25690,50151,40105,46203,86308,44064,49842,93906,36145,40538,76683,25348,29108,54456,17589,19402,36991,10274,12026,22300,4755,8811,13566,1065,3433,4498,220637,250413,471050
2021-01-30,16890,15405,32295,25165,26404,51569,40584,46770,87354,44666,50557,95223,36856,41380,78236,25823,29582,55405,17805,19701,37506,10374,12161,22535,4779,8854,13633,1067,3442,4509,224009,254256,478265
2021-01-31,16949,15463,32412,26153,27452,53605,41165,47444,88609,45416,51513,96929,37914,42539,80453,26441,30239,56680,18085,19999,38084,10484,12302,22786,4805,8902,13707,1069,3452,4521,228481,259305,487786
2021-02-01,17030,15541,32571,27014,28355,55369,41730,48149,89879,46183,52398,98581,38837,43571,82408,27040,30843,57883,18402,20373,38775,10600,12493,23093,4844,8949,13793,1070,3464,4534,232750,264136,496886
2021-02-02,17118,15627,32745,27712,29118,56830,42256,48739,90995,46885,53231,100116,39665,44506,84171,27615,31455,59070,18765,20736,39501,10782,12714,23496,4885,9008,13893,1073,3477,4550,236756,268611,505367
2021-02-03,17177,15707,32884,28289,29655,57944,42708,49313,92021,47496,53912,101408,40287,45215,85502,28032,31967,59999,19082,21071,40153,10933,12891,23824,4925,9077,14002,1077,3489,4566,240006,272297,512303
2021-02-04,17250,15786,33036,28608,30011,58619,43042,49771,92813,47928,54406,102334,40632,45743,86375,28358,32343,60701,19261,21315,40576,11026,13032,24058,4953,9120,14073,1081,3505,4586,242139,275032,517171
2021-02-05,17334,15866,33200,28921,30319,59240,43394,50189,93583,48306,54848,103154,40984,46146,87130,28629,32650,61279,19443,21527,40970,11129,13161,24290,4972,9171,14143,1082,3514,4596,244194,277391,521585
2021-02-06,17388,15912,33300,29268,30699,59967,43714,50589,94303,48703,55361,104064,41354,46618,87972,28951,32993,61944,19601,21712,41313,11204,13256,24460,4995,9208,14203,1082,3522,4604,246260,279870,526130
2021-02-07,17446,15972,33418,29646,31096,60742,44043,50939,94982,49122,55851,104973,41741,47105,88846,29240,33322,62562,19766,21876,41642,11288,13352,24640,5012,9238,14250,1088,3526,4614,248392,282277,530669
2021-02-08,17537,16050,33587,30165,31683,61848,44536,51499,96035,49714,56619,106333,42384,47850,90234,29598,33748,63346,19995,22149,42144,11394,13479,24873,5041,9304,14345,1091,3545,4636,251455,285926,537381
2021-02-09,17626,16117,33743,30593,32136,62729,44980,52006,96986,50299,57267,107566,42909,48489,91398,29977,34188,64165,20252,22427,42679,11514,13623,25137,5075,9357,14432,1096,3559,4655,254321,289169,543490
2021-02-10,17708,16178,33886,30922,32467,63389,45355,52462,97817,50787,57840,108627,43369,49002,92371,30257,34559,64816,20457,22673,43130,11625,13741,25366,5103,9407,14510,1096,3571,4667,256679,291900,548579
2021-02-11,17778,16241,34019,31222,32791,64013,45695,52922,98617,51234,58381,109615,43784,49514,93298,30491,34924,65415,20649,22888,43537,11726,13854,25580,5131,9450,14581,1100,3577,4677,258810,294542,553352
2021-02-12,17853,16308,34161,31543,33163,64706,46040,53317,99357,51713,58950,110663,44206,50093,94299,30788,35292,66080,20836,23126,43962,11827,13976,25803,5163,9500,14663,1101,3587,4688,261070,297312,558382
2021-02-13,17912,16348,34260,31987,33634,65621,46393,53735,100128,52277,59633,111910,44781,50848,95629,31125,35712,66837,21038,23338,44376,11903,14082,25985,5185,9528,14713,1106,3599,4705,263707,300457,564164
2021-02-14,17955,16384,34339,32430,34112,66542,46690,54133,100823,52819,60332,113151,45428,51618,97046,31462,36121,67583,21240,23566,44806,11993,14194,26187,5201,9558,14759,1107,3614,4721,266325,303632,569957
2021-02-15,17995,16445,34440,33004,34712,67716,47131,54680,101811,53512,61229,114741,46212,52517,98729,31907,36631,68538,21451,23814,45265,12090,14318,26408,5224,9614,14838,1109,3626,4735,269635,307586,577221
2021-02-16,18054,16486,34540,33582,35275,68857,47702,55459,103161,54324,62188,116512,47015,53467,100482,32315,37096,69411,21660,24041,45701,12179,14454,26633,5239,9652,14891,1117,3631,4748,273187,311749,584936
2021-02-17,18133,16576,34709,34019,35723,69742,48385,56285,104670,55008,63009,118017,47581,54108,101689,32690,37553,70243,21971,24369,46340,12304,14597,26901,5259,9708,14967,1123,3641,4764,276473,315569,592042
2021-02-18,18213,16642,34855,34375,36133,70508,48967,56980,105947,55624,63759,119383,48081,54757,102838,33059,37961,71020,22219,24654,46873,12429,14752,27181,5293,9762,15055,1127,3648,4775,279387,319048,598435
2021-02-19,18298,16699,34997,34695,36546,71241,49465,57571,107036,56203,64507,120710,48564,55380,103944,33428,38416,71844,22457,24933,47390,12555,14911,27466,5321,9810,15131,1129,3660,4789,282115,322433,604548
2021-02-20,18366,16752,35118,34981,36902,71883,49918,58108,108026,56660,65168,121828,49000,55968,104968,33743,38832,72575,22621,25197,47818,12641,15021,27662,5344,9843,15187,1133,3663,4796,284407,325454,609861
2021-02-21,18447,16801,35248,35265,37253,72518,50314,58676,108990,57203,65846,123049,49454,56540,105994,34040,39211,73251,22817,25439,48256,12718,15125,27843,5368,9876,15244,1136,3671,4807,286762,328438,615200
2021-02-22,18550,16910,35460,35576,37663,73239,50811,59336,110147,57799,66594,124393,49932,57157,107089,34390,39646,74036,23061,25725,48786,12830,15250,28080,5415,9916,15331,1139,3680,4819,289503,331877,621380
2021-02-23,18656,17000,35656,35843,37981,73824,51260,59923,111183,58329,67226,125555,50366,57695,108061,34711,40049,74760,23302,26006,49308,12947,15390,28337,5452,9971,15423,1146,3696,4842,292012,334937,626949
2021-02-24,18744,17112,35856,36110,38296,74406,51644,60403,112047,58774,67760,126534,50725,58146,108871,35004,40388,75392,23523,26243,49766,13052,15522,28574,5483,10025,15508,1150,3708,4858,294209,337603,631812
2021-02-25,18873,17225,36098,36318,38543,74861,52034,60872,112906,59197,68238,127435,51050,58552,109602,35233,40698,75931,23711,26480,50191,13152,15647,28799,5509,10069,15578,1155,3722,4877,296232,340046,636278
2021-02-26,18984,17323,36307,36516,38807,75323,52442,61427,113869,59666,68782,128448,51408,59034,110442,35500,41053,76553,23909,26770,50679,13249,15773,29022,5533,10116,15649,1157,3737,4894,298364,342822,641186
2021-02-27,19057,17396,36453,36768,39150,75918,52870,61976,114846,60249,69378,129627,51766,59521,111287,35852,41477,77329,24165,27057,51222,13357,15900,29257,5563,10174,15737,1158,3750,4908,300805,345779,646584
2021-02-28,19149,17476,36625,37148,39600,76748,53426,62728,116154,61024,70296,131320,52354,60241,112595,36366,42116,78482,24529,27493,52022,13532,16083,29615,5598,10228,15826,1160,3757,4917,304286,350018,654304
2021-03-01,19313,17623,36936,37458,39982,77440,53957,63426,117383,61661,71000,132661,52825,60824,113649,36707,42552,79259,24808,27822,52630,13642,16251,29893,5632,10301,15933,1165,3782,4947,307168,353563,660731
2021-03-02,19498,17783,37281,37791,40382,78173,54498,64090,118588,62232,71729,133961,53315,61371,114686,37051,43026,80077,25049,28131,53180,13762,16356,30118,5673,10359,16032,1169,3792,4961,310038,357019,667057
2021-03-03,19671,17925,37596,38045,40699,78744,54922,64673,119595,62754,72367,135121,53704,61885,115589,37372,43455,80827,25347,28482,53829,13908,16506,30414,5702,10403,16105,1170,3807,4977,312595,360202,672797
2021-03-04,19833,18078,37911,38319,41023,79342,55389,65264,120653,63250,73006,136256,54107,62414,116521,37668,43915,81583,25632,28862,54494,14054,16685,30739,5739,10460,16199,1176,3828,5004,315167,363535,678702
2021-03-05,19994,18229,38223,38638,41372,80010,55877,66009,121886,63867,73811,137678,54524,62990,117514,38049,44435,82484,25931,29184,55115,14189,16837,31026,5770,10519,16289,1176,3843,5019,318015,367229,685244
2021-03-06,20104,18323,38427,38830,41650,80480,56293,66567,122860,64395,74458,138853,54886,63473,118359,38337,44840,83177,26122,29409,55531,14283,16961,31244,5798,10554,16352,1179,3852,5031,320227,370087,690314
2021-03-07,20215,18424,38639,39056,41943,80999,56743,67181,123924,64942,75149,140091,55271,64016,119287,38653,45314,83967,26394,29710,56104,14387,17080,31467,5824,10600,16424,1183,3856,5039,322668,373273,695941
2021-03-08,20416,18595,39011,39357,42384,81741,57299,67977,125276,65658,75998,141656,55806,64687,120493,39111,45930,85041,26767,30089,56856,14543,17250,31793,5855,10662,16517,1188,3871,5059,326000,377443,703443
2021-03-09,20650,18802,39452,39654,42739,82393,57856,68655,126511,66363,76823,143186,56304,65332,121636,39529,46499,86028,27143,30570,57713,14726,17436,32162,5892,10725,16617,1195,3886,5081,329312,381467,710779
2021-03-10,20894,19017,39911,39982,43109,83091,58375,69298,127673,67049,77624,144673,56742,65959,122701,39954,47062,87016,27490,30942,58432,14862,17607,32469,5933,10788,16721,1199,3897,5096,332480,385303,717783
2021-03-11,21090,19229,40319,40223,43419,83642,58806,69943,128749,67548,78317,145865,57129,66517,123646,40265,47476,87741,27724,31261,58985,14997,17739,32736,5965,10838,16803,1204,3913,5117,334951,388652,723603
2021-03-12,21342,19468,40810,40529,43850,84379,59311,70711,130022,68208,79188,147396,57616,67162,124778,40612,48024,88636,28042,31642,59684,15158,17900,33058,6008,10908,16916,1207,3929,5136,338033,392782,730815
2021-03-13,21507,19608,41115,40755,44146,84901,59809,71380,131189,68812,79882,148694,58000,67687,125687,40969,48509,89478,28350,31976,60326,15279,18033,33312,6033,10955,16988,1212,3933,5145,340726,396109,736835
2021-03-14,21658,19799,41457,40997,44420,85417,60267,72100,132367,69449,80642,150091,58400,68289,126689,41393,49057,90450,28637,32338,60975,15397,18188,33585,6056,11009,17065,1217,3944,5161,343471,399786,743257
2021-03-15,21971,20068,42039,41345,44822,86167,60883,72977,133860,70187,81522,151709,58928,69073,128001,41843,49689,91532,29019,32783,61802,15545,18395,33940,6094,11073,17167,1223,3957,5180,347038,404359,751397
2021-03-16,22247,20334,42581,41691,45237,86928,61400,73669,135069,70920,82344,153264,59432,69663,129095,42267,50227,92494,29352,33186,62538,15702,18566,34268,6129,11144,17273,1231,3977,5208,350371,408347,758718
2021-03-17,22485,20537,43022,42011,45644,87655,61939,74401,136340,71520,83083,154603,59865,70242,130107,42637,50740,93377,29674,33567,63241,15833,18733,34566,6164,11194,17358,1234,3991,5225,353362,412132,765494
2021-03-18,22679,20723,43402,42258,45973,88231,62407,75024,137431,72070,83727,155797,60248,70742,130990,42914,51135,94049,29930,33853,63783,15955,18888,34843,6182,11244,17426,1240,4004,5244,355883,415313,771196
2021-03-19,22890,20938,43828,42595,46356,88951,62893,75734,138627,72655,84489,157144,60673,71321,131994,43248,51618,94866,30181,34149,64330,16066,19025,35091,6212,11287,17499,1247,4014,5261,358660,418931,777591
2021-03-20,23001,21042,44043,42825,46636,89461,63301,76284,139585,73166,85099,158265,61037,71763,132800,43551,52021,95572,30440,34404,64844,16168,19137,35305,6234,11321,17555,1257,4022,5279,360980,421729,782709
2021-03-21,23145,21176,44321,43024,46901,89925,63743,76865,140608,73746,85739,159485,61401,72248,133649,43887,52462,96349,30674,34697,65371,16245,19250,35495,6262,11355,17617,1259,4032,5291,363386,424725,788111
2021-03-22,23379,21423,44802,43366,47261,90627,64305,77651,141956,74463,86582,161045,61901,72883,134784,44293,53028,97321,30961,35060,66021,16387,19415,35802,6298,11439,17737,1264,4067,5331,366617,428809,795426
2021-03-23,23604,21635,45239,43697,47647,91344,64823,78347,143170,75067,87373,162440,62360,73436,135796,44690,53508,98198,31276,35468,66744,16542,19585,36127,6331,11487,17818,1267,4089,5356,369657,432575,802232
2021-03-24,23761,21784,45545,44011,47960,91971,65259,78898,144157,75576,87995,163571,62732,73915,136647,44971,53892,98863,31471,35682,67153,16635,19710,36345,6352,11553,17905,1269,4114,5383,372037,435503,807540
2021-03-25,23937,21949,45886,44343,48382,92725,65723,79594,145317,76172,88767,164939,63214,74541,137755,45335,54359,99694,31700,35980,67680,16748,19836,36584,6391,11612,18003,1275,4129,5404,374838,439149,813987
2021-03-26,24162,22166,46328,44699,48850,93549,66255,80391,146646,76816,89556,166372,63687,75229,138916,45675,54869,100544,31958,36302,68260,16887,19988,36875,6427,11668,18095,1278,4146,5424,377844,443165,821009
2021-03-27,24318,22318,46636,44932,49176,94108,66719,80986,147705,77392,90267,167659,64091,75796,139887,46000,55345,101345,32223,36588,68811,16999,20117,37116,6453,11717,18170,1284,4153,5437,380411,446463,826874
2021-03-28,24442,22441,46883,45159,49473,94632,67118,81585,148703,77971,91012,168983,64523,76330,140853,46333,55818,102151,32455,36847,69302,17078,20193,37271,6477,11754,18231,1288,4163,5451,382844,449616,832460
2021-03-29,24663,22659,47322,45541,49873,95414,67650,82344,149994,78629,91804,170433,65004,76999,142003,46723,56312,103035,32707,37184,69891,17173,20289,37462,6497,11797,18294,1291,4174,5465,385878,453435,839313
2021-03-30,24874,22852,47726,45884,50247,96131,68129,83048,151177,79221,92583,171804,65432,77592,143024,47067,56755,103822,32934,37458,70392,17258,20389,37647,6529,11841,18370,1296,4187,5483,388624,456952,845576
2021-03-31,25048,22999,48047,46206,50583,96789,68666,83795,152461,79827,93397,173224,65868,78221,144089,47362,57190,104552,33090,37629,70719,17310,20460,37770,6555,11875,18430,1297,4197,5494,391229,460346,851575
2021-04-01,25188,23159,48347,46564,50978,97542,69220,84470,153690,80456,94142,174598,66268,78803,145071,47696,57615,105311,33290,37872,71162,17383,20564,37947,6575,11902,18477,1301,4209,5510,393941,463714,857655
2021-04-02,25347,23275,48622,46858,51351,98209,69712,85119,154831,81013,94799,175812,66683,79363,146046,48005,58037,106042,33485,38067,71552,17453,20639,38092,6595,11938,18533,1303,4223,5526,396454,466811,863265
2021-04-03,25470,23395,48865,47174,51766,98940,70235,85744,155979,81607,95503,177110,67142,80012,147154,48353,58452,106805,33695,38320,72015,17531,20734,38265,6621,11987,18608,1308,4232,5540,399136,470145,869281
2021-04-04,25629,23527,49156,47831,52511,100342,71060,86904,157964,82668,96875,179543,68022,81098,149120,48903,59119,108022,33954,38602,72556,17605,20821,38426,6648,12026,18674,1310,4242,5552,403630,475725,879355
2021-04-05,25834,23738,49572,48593,53407,102000,72091,88329,160420,83868,98361,182229,69074,82439,151513,49518,59869,109387,34280,38980,73260,17729,20948,38677,6678,12082,18760,1314,4254,5568,408979,482407,891386
2021-04-06,26061,23960,50021,49218,54101,103319,73128,89553,162681,85014,99763,184777,69996,83521,153517,50167,60645,110812,34694,39470,74164,17885,21122,39007,6712,12149,18861,1317,4270,5587,414192,488554,902746
2021-04-07,26304,24196,50500,49873,54792,104665,74140,90770,164910,86056,101033,187089,70905,84651,155556,50756,61455,112211,35025,39896,74921,18006,21276,39282,6739,12206,18945,1317,4283,5600,419121,494558,913679
2021-04-08,26519,24370,50889,50355,55374,105729,74965,91919,166884,87014,102216,189230,71642,85571,157213,51266,62199,113465,35336,40233,75569,18109,21413,39522,6767,12259,19026,1319,4295,5614,423292,499849,923141
2021-04-09,26685,24537,51222,50686,55750,106436,75480,92645,168125,87530,102886,190416,72076,86134,158210,51540,62611,114151,35517,40447,75964,18175,21511,39686,6781,12297,19078,1320,4303,5623,425790,503121,928911
2021-04-10,26816,24657,51473,51018,56186,107204,76024,93359,169383,88188,103650,191838,72560,86787,159347,51875,63066,114941,35715,40664,76379,18221,21581,39802,6794,12323,19117,1322,4307,5629,428533,506580,935113
2021-04-11,26939,24784,51723,51310,56558,107868,76494,93974,170468,88794,104399,193193,73078,87441,160519,52210,63532,115742,35900,40853,76753,18274,21631,39905,6813,12348,19161,1324,4313,5637,431136,509833,940969
2021-04-12,27151,24993,52144,51661,56945,108606,77068,94711,171779,89420,105225,194645,73611,88198,161809,52608,64076,116684,36102,41119,77221,18350,21741,40091,6838,12397,19235,1329,4325,5654,434138,513730,947868
2021-04-13,27333,25123,52456,51970,57269,109239,77623,95430,173053,90062,106066,196128,74146,88907,163053,53008,64573,117581,36256,41297,77553,18421,21812,40233,6859,12426,19285,1334,4335,5669,437012,517238,954250
2021-04-14,27479,25256,52735,52169,57469,109638,77890,95792,173682,90360,106441,196801,74385,89242,163627,53205,64845,118050,36442,41487,77929,18483,21930,40413,6884,12482,19366,1339,4356,5695,438636,519300,957936
2021-04-15,27633,25399,53032,52475,57852,110327,78434,96524,174958,90996,107230,198226,74921,90055,164976,53586,65396,118982,36642,41712,78354,18540,22011,40551,6902,12521,19423,1340,4365,5705,441469,523065,964534
2021-04-16,27763,25550,53313,52754,58169,110923,78959,97216,176175,91645,107973,199618,75446,90683,166129,53913,65848,119761,36818,41918,78736,18575,22072,40647,6910,12535,19445,1341,4372,5713,444124,526336,970460
2021-04-17,27791,25584,53375,52863,58314,111177,79172,97509,176681,91940,108343,200283,75666,90987,166653,54069,66022,120091,36876,41980,78856,18595,22108,40703,6920,12564,19484,1342,4375,5717,445234,527786,973020
2021-04-18,27791,25586,53377,52863,58315,111178,79175,97516,176691,91941,108344,200285,75668,90988,166656,54069,66024,120093,36876,41983,78859,18595,22108,40703,6920,12564,19484,1342,4376,5718,445240,527804,973044
