FECHA,<=30M,<=30F,<=30,31-40M,31-40F,31-40,41-50M,41-50F,41-50,51-60M,51-60F,51-60,61-70M,61-70F,61-70,71-80M,71-80F,71-80,81-90M,81-90F,81-90,>=91M,>=91F,>=91,TotalM,TotalF,Total,DelayCount,CumDelay,DelayAvg
2020-03-15,2,4,6,2,1,3,1,2,3,1,0,1,1,1,2,1,0,1,0,0,0,0,0,0,8,8,16,16,48,3.0
2020-03-16,4,8,12,1,1,2,0,2,2,3,2,5,2,3,5,0,0,0,0,0,0,0,0,0,10,16,26,26,87,3.3461538461538463
2020-03-17,4,7,11,2,2,4,2,4,6,0,2,2,2,2,4,2,3,5,1,0,1,0,0,0,13,20,33,33,409,12.393939393939394
2020-03-18,5,1,6,2,1,3,1,3,4,1,1,2,2,2,4,1,0,1,1,0,1,0,0,0,13,8,21,21,39,1.8571428571428572
2020-03-19,6,3,9,3,3,6,2,1,3,0,0,0,1,1,2,1,1,2,0,0,0,1,0,1,14,9,23,23,56,2.4347826086956523
2020-03-20,5,2,7,2,3,5,0,2,2,0,1,1,2,1,3,1,2,3,1,0,1,0,0,0,11,11,22,22,35,1.5909090909090908
2020-03-21,5,6,11,4,2,6,2,1,3,1,0,1,2,2,4,1,1,2,1,0,1,1,0,1,17,12,29,29,78,2.689655172413793
2020-03-22,8,3,11,1,0,1,1,0,1,2,1,3,0,3,3,2,1,3,3,2,5,0,1,1,17,11,28,28,63,2.25
2020-03-23,7,6,13,4,4,8,2,3,5,2,3,5,2,3,5,5,3,8,3,3,6,0,2,2,25,27,52,52,94,1.8076923076923077
2020-03-24,5,5,10,3,2,5,1,3,4,2,2,4,0,1,1,2,0,2,2,1,3,1,0,1,16,14,30,30,44,1.4666666666666666
2020-03-25,4,9,13,2,8,10,1,1,2,1,3,4,3,1,4,2,2,4,2,5,7,2,0,2,17,29,46,46,107,2.3260869565217392
2020-03-26,8,7,15,4,4,8,3,4,7,4,3,7,1,5,6,4,3,7,6,0,6,1,1,2,31,27,58,58,196,3.3793103448275863
2020-03-27,6,7,13,6,1,7,3,6,9,2,3,5,5,6,11,5,6,11,3,3,6,2,5,7,32,37,69,69,153,2.217391304347826
2020-03-28,5,3,8,4,3,7,1,1,2,5,2,7,4,0,4,4,7,11,3,1,4,0,0,0,26,17,43,43,132,3.0697674418604652
2020-03-29,6,4,10,3,3,6,3,3,6,1,0,1,6,4,10,4,2,6,4,1,5,2,1,3,29,18,47,47,108,2.297872340425532
2020-03-30,5,9,14,7,2,9,5,5,10,3,2,5,7,2,9,3,6,9,4,1,5,3,2,5,37,29,66,66,128,1.9393939393939394
2020-03-31,17,8,25,12,5,17,7,5,12,5,2,7,6,3,9,7,3,10,2,4,6,4,0,4,60,30,90,90,179,1.988888888888889
2020-04-01,21,17,38,11,4,15,15,7,22,5,10,15,5,3,8,8,5,13,6,5,11,0,1,1,71,52,123,123,253,2.0569105691056913
2020-04-02,21,20,41,8,5,13,3,9,12,3,15,18,9,7,16,8,6,14,5,7,12,3,3,6,60,72,132,132,228,1.7272727272727273
2020-04-03,35,20,55,8,13,21,12,14,26,6,8,14,8,5,13,7,5,12,6,6,12,1,5,6,83,76,159,159,329,2.069182389937107
2020-04-04,20,26,46,9,15,24,11,6,17,8,2,10,7,3,10,2,5,7,4,2,6,1,3,4,62,62,124,124,235,1.8951612903225807
2020-04-05,22,19,41,7,9,16,10,8,18,5,8,13,2,11,13,6,8,14,3,4,7,2,2,4,57,69,126,126,215,1.7063492063492063
2020-04-06,27,21,48,14,7,21,13,6,19,12,7,19,8,9,17,10,5,15,7,4,11,1,3,4,92,62,154,154,224,1.4545454545454546
2020-04-07,25,20,45,9,10,19,8,8,16,11,5,16,4,5,9,9,9,18,6,10,16,2,1,3,74,68,142,142,182,1.2816901408450705
2020-04-08,21,24,45,8,5,13,9,7,16,9,9,18,9,9,18,11,6,17,1,4,5,3,4,7,71,68,139,139,242,1.7410071942446044
2020-04-09,14,18,32,15,12,27,5,13,18,10,9,19,7,4,11,7,10,17,5,8,13,4,5,9,67,79,146,146,214,1.4657534246575343
2020-04-10,28,17,45,6,6,12,12,2,14,4,7,11,8,2,10,1,10,11,5,9,14,1,4,5,65,57,122,122,160,1.3114754098360655
2020-04-11,24,19,43,11,7,18,7,3,10,4,7,11,4,7,11,7,3,10,4,8,12,1,3,4,62,57,119,119,151,1.26890756302521
2020-04-12,19,15,34,11,7,18,4,7,11,11,4,15,3,5,8,4,9,13,4,4,8,0,2,2,56,53,109,109,169,1.5504587155963303
2020-04-13,31,29,60,8,14,22,10,10,20,6,7,13,11,8,19,6,9,15,9,12,21,3,5,8,84,94,178,178,216,1.2134831460674158
2020-04-14,35,14,49,12,6,18,9,11,20,12,10,22,8,6,14,9,5,14,7,5,12,3,4,7,95,61,156,156,156,1.0
2020-04-15,21,22,43,9,9,18,8,15,23,9,14,23,10,6,16,11,6,17,6,8,14,5,2,7,79,82,161,161,224,1.391304347826087
2020-04-16,33,20,53,14,17,31,13,15,28,8,14,22,4,8,12,7,4,11,4,5,9,0,4,4,83,87,170,170,185,1.088235294117647
2020-04-17,28,26,54,12,24,36,15,11,26,13,11,24,6,9,15,16,11,27,5,7,12,1,3,4,96,102,198,198,272,1.3737373737373737
2020-04-18,33,22,55,21,10,31,11,5,16,8,5,13,3,4,7,7,10,17,5,10,15,3,4,7,91,70,161,161,250,1.5527950310559007
2020-04-19,22,18,40,12,6,18,8,7,15,5,10,15,9,8,17,6,8,14,5,7,12,1,1,2,68,65,133,133,169,1.2706766917293233
2020-04-20,48,32,80,15,12,27,15,12,27,15,11,26,14,11,25,16,12,28,11,10,21,5,14,19,139,114,253,253,286,1.1304347826086956
2020-04-21,40,28,68,10,22,32,8,9,17,8,10,18,9,7,16,15,12,27,7,10,17,2,10,12,99,108,207,207,242,1.1690821256038648
2020-04-22,28,32,60,16,6,22,15,10,25,8,12,20,12,6,18,5,13,18,9,12,21,7,6,13,100,97,197,197,295,1.49746192893401
2020-04-23,32,36,68,14,11,25,13,13,26,6,15,21,8,8,16,11,8,19,11,11,22,6,9,15,101,111,212,212,210,0.9905660377358491
2020-04-24,41,34,75,17,17,34,10,13,23,9,13,22,8,10,18,12,13,25,11,14,25,2,3,5,110,117,227,227,247,1.0881057268722467
2020-04-25,25,22,47,14,10,24,6,10,16,5,8,13,6,5,11,6,7,13,11,17,28,4,4,8,77,83,160,160,151,0.94375
2020-04-26,27,30,57,6,4,10,11,7,18,4,6,10,9,8,17,7,6,13,7,7,14,1,4,5,72,72,144,144,127,0.8819444444444444
2020-04-27,33,31,64,8,20,28,5,19,24,14,14,28,9,8,17,19,8,27,10,16,26,3,4,7,101,120,221,221,184,0.832579185520362
2020-04-28,46,31,77,16,15,31,12,19,31,8,13,21,7,8,15,3,12,15,6,15,21,2,4,6,100,117,217,217,166,0.7649769585253456
2020-04-29,48,30,78,22,25,47,14,13,27,9,13,22,7,7,14,12,7,19,4,14,18,4,10,14,120,119,239,239,190,0.7949790794979079
2020-04-30,40,25,65,14,12,26,14,10,24,13,14,27,10,10,20,8,12,20,13,18,31,6,8,14,118,109,227,227,181,0.7973568281938326
2020-05-01,10,30,40,14,14,28,14,11,25,10,6,16,10,6,16,7,10,17,9,11,20,0,2,2,74,90,164,164,142,0.8658536585365854
2020-05-02,26,29,55,11,8,19,7,7,14,10,3,13,4,6,10,8,2,10,6,12,18,1,4,5,73,71,144,144,136,0.9444444444444444
2020-05-03,20,26,46,10,8,18,9,6,15,9,3,12,8,5,13,6,10,16,7,8,15,3,5,8,72,71,143,143,115,0.8041958041958042
2020-05-04,42,41,83,16,16,32,10,12,22,11,6,17,10,12,22,15,18,33,8,16,24,2,5,7,114,126,240,240,171,0.7125
2020-05-05,42,31,73,14,18,32,9,18,27,11,9,20,13,8,21,14,11,25,7,16,23,1,10,11,111,121,232,232,142,0.6120689655172413
2020-05-06,40,30,70,18,20,38,23,11,34,9,9,18,13,13,26,19,16,35,8,15,23,4,6,10,134,120,254,254,169,0.6653543307086615
2020-05-07,47,34,81,15,18,33,20,14,34,6,9,15,9,9,18,19,8,27,9,14,23,1,7,8,126,113,239,239,173,0.7238493723849372
2020-05-08,44,27,71,14,18,32,21,19,40,20,9,29,10,12,22,13,10,23,10,12,22,3,12,15,135,119,254,254,273,1.0748031496062993
2020-05-09,33,34,67,8,13,21,10,13,23,7,6,13,7,7,14,13,4,17,5,12,17,5,9,14,88,98,186,186,163,0.8763440860215054
2020-05-10,23,26,49,6,11,17,7,12,19,3,6,9,11,8,19,8,13,21,6,12,18,1,5,6,65,93,158,157,132,0.8407643312101911
2020-05-11,42,39,81,18,19,37,19,20,39,11,11,22,11,8,19,13,11,24,12,17,29,4,18,22,130,143,273,273,201,0.7362637362637363
2020-05-12,63,49,112,27,18,45,11,20,31,8,8,16,12,13,25,9,9,18,11,15,26,4,13,17,145,145,290,290,209,0.7206896551724138
2020-05-13,66,49,115,19,23,42,20,11,31,13,13,26,11,11,22,10,10,20,8,18,26,1,8,9,148,143,291,291,262,0.9003436426116839
2020-05-14,50,81,131,28,29,57,14,11,25,15,20,35,13,13,26,10,11,21,13,16,29,2,13,15,145,194,339,339,288,0.8495575221238938
2020-05-15,39,49,88,24,26,50,15,27,42,15,10,25,11,9,20,9,6,15,9,22,31,5,10,15,127,159,286,285,247,0.8666666666666667
2020-05-16,33,48,81,12,26,38,11,13,24,8,11,19,7,7,14,10,7,17,6,8,14,4,12,16,91,132,223,223,269,1.2062780269058295
2020-05-17,43,37,80,13,16,29,10,13,23,5,3,8,8,7,15,7,5,12,12,13,25,2,4,6,100,98,198,198,144,0.7272727272727273
2020-05-18,72,75,147,27,34,61,20,24,44,21,15,36,16,16,32,17,14,31,17,13,30,1,11,12,191,202,393,393,278,0.7073791348600509
2020-05-19,72,74,146,41,33,74,33,24,57,22,16,38,21,14,35,15,23,38,12,22,34,5,10,15,221,216,437,437,332,0.7597254004576659
2020-05-20,88,98,186,52,33,85,29,23,52,18,15,33,24,18,42,15,11,26,12,18,30,6,4,10,244,220,464,464,278,0.5991379310344828
2020-05-21,103,99,202,38,46,84,26,27,53,23,15,38,18,7,25,15,10,25,10,17,27,1,4,5,234,225,459,459,234,0.5098039215686274
2020-05-22,100,82,182,32,37,69,28,23,51,19,13,32,10,10,20,10,11,21,8,17,25,6,12,18,213,205,418,418,200,0.4784688995215311
2020-05-23,71,69,140,36,24,60,17,17,34,10,13,23,14,11,25,8,14,22,9,8,17,2,2,4,167,158,325,325,186,0.5723076923076923
2020-05-24,48,45,93,17,23,40,12,7,19,10,4,14,12,10,22,12,10,22,6,14,20,2,6,8,119,119,238,238,153,0.6428571428571429
2020-05-25,80,94,174,23,27,50,22,19,41,5,9,14,10,9,19,10,7,17,10,15,25,2,8,10,162,188,350,350,199,0.5685714285714286
2020-05-26,129,125,254,58,50,108,24,41,65,18,28,46,16,8,24,14,7,21,12,14,26,4,11,15,275,284,559,559,377,0.6744186046511628
2020-05-27,94,103,197,34,39,73,27,22,49,22,21,43,12,9,21,8,16,24,4,16,20,4,2,6,205,228,433,433,299,0.6905311778290993
2020-05-28,94,114,208,35,47,82,31,30,61,17,24,41,9,16,25,15,8,23,14,21,35,4,12,16,219,272,491,491,358,0.7291242362525459
2020-05-29,115,103,218,38,56,94,35,36,71,18,23,41,20,15,35,17,15,32,16,17,33,1,4,5,260,269,529,529,396,0.7485822306238186
2020-05-30,96,76,172,38,22,60,20,25,45,16,15,31,12,11,23,13,11,24,8,14,22,1,7,8,204,181,385,382,165,0.4319371727748691
2020-05-31,64,50,114,29,15,44,16,14,30,7,12,19,8,7,15,12,6,18,7,11,18,0,7,7,143,122,265,265,135,0.5094339622641509
2020-06-01,105,113,218,33,46,79,24,33,57,22,19,41,25,19,44,12,9,21,9,12,21,4,3,7,234,254,488,488,312,0.639344262295082
2020-06-02,118,102,220,32,37,69,24,27,51,18,25,43,14,12,26,24,14,38,9,20,29,4,13,17,243,250,493,493,300,0.6085192697768763
2020-06-03,98,105,203,32,47,79,31,36,67,14,16,30,20,15,35,18,12,30,13,16,29,2,10,12,228,257,485,485,263,0.5422680412371134
2020-06-04,111,108,219,25,45,70,27,23,50,30,23,53,14,10,24,22,13,35,11,21,32,2,9,11,242,252,494,491,285,0.5804480651731161
2020-06-05,106,109,215,38,47,85,41,34,75,30,31,61,20,16,36,19,15,34,13,23,36,3,10,13,270,285,555,555,448,0.8072072072072072
2020-06-06,76,70,146,36,39,75,20,21,41,14,17,31,13,15,28,13,8,21,12,19,31,1,10,11,185,199,384,379,268,0.7071240105540897
2020-06-07,71,67,138,24,34,58,22,8,30,13,13,26,9,6,15,9,7,16,11,11,22,2,8,10,161,154,315,311,179,0.5755627009646302
2020-06-08,114,111,225,48,56,104,41,32,73,22,26,48,18,17,35,20,15,35,12,20,32,3,9,12,278,286,564,562,358,0.6370106761565836
2020-06-09,117,117,234,47,43,90,37,37,74,27,16,43,13,12,25,14,26,40,13,32,45,4,16,20,272,299,571,567,439,0.7742504409171076
2020-06-10,100,104,204,47,50,97,43,35,78,31,34,65,23,23,46,22,28,50,7,20,27,6,16,22,279,310,589,589,390,0.6621392190152802
2020-06-11,105,124,229,54,54,108,27,41,68,20,38,58,14,26,40,17,20,37,8,29,37,4,15,19,249,347,596,596,387,0.6493288590604027
2020-06-12,133,135,268,58,76,134,47,59,106,30,29,59,33,24,57,18,18,36,9,22,31,6,10,16,334,373,707,707,465,0.6577086280056577
2020-06-13,112,106,218,42,46,88,16,41,57,26,23,49,14,10,24,13,10,23,10,19,29,1,6,7,234,261,495,495,357,0.7212121212121212
2020-06-14,79,90,169,25,29,54,23,20,43,17,25,42,12,7,19,5,17,22,14,20,34,0,8,8,175,216,391,391,264,0.6751918158567775
2020-06-15,112,108,220,33,39,72,21,27,48,17,19,36,16,7,23,12,13,25,9,15,24,2,10,12,222,238,460,460,275,0.5978260869565217
2020-06-16,165,163,328,66,59,125,53,41,94,27,33,60,17,16,33,17,8,25,15,26,41,3,15,18,363,361,724,724,465,0.6422651933701657
2020-06-17,142,148,290,54,69,123,42,48,90,35,21,56,20,19,39,12,21,33,19,19,38,1,9,10,325,354,679,679,515,0.7584683357879234
2020-06-18,164,152,316,67,78,145,62,38,100,45,33,78,24,24,48,20,17,37,13,24,37,3,11,14,398,377,775,775,649,0.8374193548387097
2020-06-19,146,148,294,88,78,166,46,58,104,55,42,97,33,22,55,23,20,43,19,24,43,7,13,20,417,405,822,822,805,0.9793187347931873
2020-06-20,101,109,210,50,43,93,29,49,78,18,33,51,22,17,39,12,12,24,9,17,26,6,6,12,247,286,533,533,301,0.5647279549718575
2020-06-21,93,101,194,27,50,77,27,20,47,18,16,34,11,11,22,11,9,20,7,9,16,1,7,8,195,223,418,418,185,0.44258373205741625
2020-06-22,154,157,311,73,66,139,56,54,110,35,44,79,21,25,46,22,17,39,9,26,35,2,16,18,372,405,777,777,479,0.6164736164736164
2020-06-23,170,160,330,80,66,146,55,67,122,33,48,81,23,23,46,15,18,33,17,17,34,3,7,10,396,406,802,802,438,0.5461346633416458
2020-06-24,158,168,326,55,77,132,52,55,107,32,52,84,19,24,43,16,18,34,17,19,36,2,4,6,351,417,768,768,386,0.5026041666666666
2020-06-25,169,187,356,66,63,129,57,45,102,47,45,92,15,22,37,13,22,35,12,14,26,4,6,10,383,404,787,787,529,0.6721728081321474
2020-06-26,176,178,354,71,82,153,52,55,107,29,49,78,28,26,54,16,18,34,12,25,37,1,9,10,385,442,827,827,433,0.5235792019347038
2020-06-27,157,188,345,52,59,111,39,47,86,29,24,53,25,12,37,5,18,23,7,7,14,4,7,11,318,362,680,680,365,0.5367647058823529
2020-06-28,102,112,214,39,55,94,31,33,64,30,23,53,13,10,23,11,13,24,10,15,25,6,6,12,242,267,509,509,263,0.5166994106090373
2020-06-29,173,185,358,79,79,158,54,51,105,30,44,74,27,13,40,15,22,37,15,22,37,2,9,11,395,425,820,820,507,0.6182926829268293
2020-06-30,153,170,323,55,84,139,63,55,118,43,46,89,30,15,45,19,14,33,7,19,26,2,11,13,372,414,786,785,414,0.5273885350318471
2020-07-01,193,198,391,81,88,169,66,70,136,38,50,88,27,27,54,19,19,38,10,24,34,3,6,9,437,482,919,918,527,0.5740740740740741
2020-07-02,204,228,432,77,94,171,70,69,139,47,42,89,36,27,63,21,27,48,16,19,35,5,7,12,476,513,989,989,427,0.43174924165824063
2020-07-03,201,182,383,99,112,211,58,71,129,40,50,90,29,28,57,24,21,45,17,22,39,4,9,13,472,495,967,967,464,0.47983453981385726
2020-07-04,141,173,314,57,58,115,40,51,91,33,28,61,16,15,31,16,23,39,9,22,31,3,11,14,315,381,696,696,267,0.38362068965517243
2020-07-05,119,143,262,54,81,135,34,50,84,28,38,66,26,30,56,22,24,46,13,35,48,5,10,15,301,411,712,712,316,0.4438202247191011
2020-07-06,165,165,330,91,78,169,74,93,167,51,54,105,37,43,80,24,39,63,12,36,48,4,16,20,458,524,982,982,379,0.3859470468431772
2020-07-07,215,232,447,106,108,214,69,75,144,46,60,106,27,27,54,17,17,34,12,28,40,7,12,19,499,559,1058,1058,406,0.3837429111531191
2020-07-08,218,188,406,82,107,189,76,106,182,50,63,113,29,28,57,24,30,54,14,29,43,5,19,24,498,570,1068,1068,489,0.45786516853932585
2020-07-09,143,139,282,80,74,154,62,62,124,31,29,60,13,28,41,14,29,43,12,33,45,7,12,19,362,406,768,768,271,0.3528645833333333
2020-07-10,145,161,306,63,101,164,56,53,109,40,43,83,34,31,65,23,18,41,15,25,40,1,13,14,377,445,822,822,303,0.3686131386861314
2020-07-11,133,147,280,72,73,145,49,56,105,41,48,89,31,29,60,16,35,51,11,30,41,4,19,23,357,437,794,794,405,0.5100755667506297
2020-07-12,98,96,194,58,58,116,38,43,81,19,31,50,18,17,35,14,16,30,7,22,29,4,9,13,256,292,548,548,192,0.35036496350364965
2020-07-13,185,202,387,94,102,196,91,97,188,55,85,140,48,43,91,27,62,89,17,72,89,3,32,35,520,695,1215,1215,642,0.528395061728395
2020-07-14,184,176,360,117,113,230,94,77,171,61,48,109,48,44,92,29,33,62,25,31,56,8,18,26,566,540,1106,1106,440,0.39783001808318263
2020-07-15,202,232,434,112,158,270,88,92,180,50,70,120,34,36,70,19,30,49,18,23,41,7,11,18,530,652,1182,1182,502,0.42470389170896783
2020-07-16,190,214,404,100,118,218,81,109,190,47,70,117,33,34,67,20,33,53,19,43,62,2,26,28,492,647,1139,1139,647,0.5680421422300264
2020-07-17,198,235,433,97,126,223,74,115,189,54,80,134,39,47,86,23,25,48,21,23,44,4,8,12,510,659,1169,1169,558,0.4773310521813516
2020-07-18,166,172,338,84,111,195,56,73,129,46,46,92,31,32,63,24,14,38,16,25,41,2,7,9,425,480,905,905,499,0.5513812154696133
2020-07-19,124,151,275,58,78,136,38,58,96,40,42,82,30,21,51,19,11,30,12,21,33,3,8,11,324,390,714,714,314,0.43977591036414565
2020-07-20,249,245,494,97,147,244,98,112,210,58,83,141,39,57,96,29,30,59,23,25,48,3,13,16,596,712,1308,1308,543,0.4151376146788991
2020-07-21,219,197,416,123,124,247,82,92,174,64,79,143,39,43,82,31,31,62,14,31,45,5,11,16,577,608,1185,1184,519,0.43834459459459457
2020-07-22,271,257,528,128,151,279,105,107,212,68,76,144,29,37,66,30,27,57,18,44,62,2,10,12,651,709,1360,1360,615,0.4522058823529412
2020-07-23,235,247,482,111,155,266,77,100,177,53,70,123,30,33,63,22,27,49,10,24,34,7,10,17,545,666,1211,1211,593,0.48967795210569776
2020-07-24,226,240,466,108,139,247,93,94,187,65,76,141,45,27,72,24,27,51,11,34,45,2,13,15,574,650,1224,1224,660,0.5392156862745098
2020-07-25,165,176,341,91,115,206,67,80,147,43,60,103,26,34,60,20,29,49,12,23,35,5,6,11,429,523,952,952,550,0.5777310924369747
2020-07-26,128,129,257,55,71,126,50,54,104,33,41,74,19,19,38,17,17,34,8,25,33,6,6,12,316,362,678,678,333,0.4911504424778761
2020-07-27,181,214,395,122,131,253,80,108,188,72,101,173,37,50,87,21,32,53,20,25,45,5,24,29,538,685,1223,1223,566,0.4627964022894522
2020-07-28,253,274,527,119,145,264,100,118,218,80,95,175,56,45,101,27,42,69,16,39,55,7,21,28,658,779,1437,1437,576,0.40083507306889354
2020-07-29,246,251,497,121,144,265,111,121,232,68,66,134,42,49,91,29,23,52,22,46,68,10,29,39,649,729,1378,1378,570,0.41364296081277213
2020-07-30,293,273,566,136,136,272,113,106,219,71,81,152,42,49,91,24,33,57,14,29,43,3,10,13,696,717,1413,1413,638,0.45152158527954706
2020-07-31,213,263,476,147,160,307,97,99,196,59,77,136,45,54,99,26,29,55,14,38,52,7,25,32,608,745,1353,1353,696,0.5144124168514412
2020-08-01,166,189,355,87,126,213,66,85,151,56,66,122,28,18,46,28,29,57,16,35,51,1,23,24,448,571,1019,1019,541,0.5309126594700687
2020-08-02,156,154,310,79,85,164,56,88,144,31,50,81,19,29,48,19,27,46,18,30,48,4,12,16,382,475,857,857,391,0.456242707117853
2020-08-03,220,269,489,119,140,259,102,129,231,65,80,145,45,41,86,19,37,56,25,57,82,7,37,44,602,790,1392,1392,748,0.5373563218390804
2020-08-04,283,272,555,133,147,280,97,132,229,70,82,152,50,44,94,27,36,63,24,44,68,5,24,29,689,781,1470,1470,669,0.45510204081632655
2020-08-05,277,288,565,128,148,276,90,128,218,91,98,189,40,46,86,29,39,68,22,41,63,4,15,19,681,803,1484,1483,935,0.6304787592717465
2020-08-06,253,271,524,133,171,304,119,128,247,72,89,161,49,50,99,31,39,70,22,47,69,6,20,26,685,815,1500,1499,951,0.6344229486324217
2020-08-07,266,292,558,140,178,318,102,147,249,74,97,171,36,57,93,33,45,78,14,52,66,5,16,21,670,884,1554,1554,799,0.5141570141570142
2020-08-08,164,195,359,116,134,250,73,102,175,54,67,121,45,37,82,28,31,59,17,47,64,1,28,29,498,641,1139,1139,380,0.33362598770851626
2020-08-09,153,161,314,83,82,165,67,103,170,51,66,117,33,25,58,30,37,67,20,65,85,4,23,27,441,562,1003,1003,361,0.35992023928215355
2020-08-10,311,301,612,145,180,325,116,143,259,84,109,193,45,44,89,23,37,60,23,46,69,8,31,39,755,891,1646,1646,624,0.37910085054678005
2020-08-11,290,294,584,174,163,337,132,152,284,82,91,173,59,65,124,44,66,110,21,71,92,10,39,49,812,941,1753,1753,753,0.4295493439817456
2020-08-12,268,308,576,135,222,357,129,154,283,89,97,186,48,46,94,19,35,54,14,26,40,6,18,24,708,906,1614,1614,622,0.3853779429987608
2020-08-13,321,350,671,174,236,410,130,161,291,87,111,198,44,55,99,36,36,72,18,32,50,5,17,22,815,998,1813,1813,737,0.4065085493656922
2020-08-14,282,341,623,159,215,374,138,156,294,86,102,188,53,51,104,33,36,69,17,34,51,2,15,17,770,950,1720,1720,688,0.4
2020-08-15,224,255,479,118,162,280,86,128,214,57,80,137,42,52,94,28,48,76,16,65,81,4,25,29,575,815,1390,1390,586,0.42158273381294964
2020-08-16,177,170,347,87,102,189,51,79,130,45,58,103,17,36,53,23,25,48,19,43,62,2,30,32,421,543,964,963,388,0.40290758047767394
2020-08-17,211,200,411,131,149,280,106,122,228,73,92,165,30,57,87,24,24,48,12,44,56,1,21,22,588,709,1297,1297,540,0.4163454124903624
2020-08-18,267,278,545,160,183,343,138,141,279,69,123,192,49,60,109,32,45,77,19,41,60,0,29,29,734,900,1634,1634,547,0.3347613219094247
2020-08-19,261,309,570,129,164,293,110,126,236,78,85,163,34,45,79,28,51,79,17,49,66,6,27,33,663,856,1519,1519,495,0.32587228439763
2020-08-20,248,278,526,113,177,290,89,105,194,79,78,157,41,56,97,24,31,55,23,37,60,5,22,27,622,784,1406,1406,580,0.41251778093883357
2020-08-21,235,293,528,143,187,330,127,129,256,70,100,170,52,55,107,40,57,97,20,44,64,6,17,23,693,882,1575,1575,679,0.4311111111111111
2020-08-22,177,203,380,90,138,228,89,92,181,52,53,105,36,44,80,19,39,58,16,32,48,6,22,28,485,623,1108,1108,507,0.4575812274368231
2020-08-23,147,188,335,67,103,170,73,83,156,44,68,112,34,34,68,18,26,44,16,19,35,5,7,12,404,528,932,932,297,0.3186695278969957
2020-08-24,267,316,583,168,180,348,109,146,255,78,99,177,53,65,118,30,46,76,19,33,52,6,20,26,730,905,1635,1635,704,0.43058103975535167
2020-08-25,265,344,609,157,204,361,124,148,272,64,106,170,52,59,111,34,27,61,22,41,63,6,18,24,724,947,1671,1671,700,0.4189108318372232
2020-08-26,300,314,614,157,188,345,88,148,236,74,96,170,55,63,118,34,48,82,24,49,73,5,28,33,737,934,1671,1671,658,0.3937761819269898
2020-08-27,318,329,647,139,175,314,120,157,277,82,95,177,38,57,95,36,37,73,25,51,76,3,29,32,761,930,1691,1691,651,0.38497930218805443
2020-08-28,330,354,684,148,208,356,135,198,333,88,124,212,57,61,118,42,52,94,20,40,60,4,16,20,824,1053,1877,1877,884,0.47096430474160894
2020-08-29,204,253,457,122,181,303,118,120,238,67,81,148,43,38,81,35,39,74,14,48,62,5,30,35,608,790,1398,1398,724,0.5178826895565093
2020-08-30,175,229,404,99,99,198,77,93,170,56,58,114,30,38,68,18,32,50,10,26,36,4,13,17,469,588,1057,1057,362,0.3424787133396405
2020-08-31,277,257,534,149,175,324,112,138,250,83,101,184,45,65,110,40,46,86,24,44,68,2,14,16,732,840,1572,1572,864,0.549618320610687
2020-09-01,280,332,612,174,211,385,127,134,261,81,118,199,41,51,92,26,35,61,17,49,66,7,20,27,753,950,1703,1702,704,0.4136310223266745
2020-09-02,225,266,491,144,187,331,110,123,233,81,97,178,41,57,98,44,38,82,17,45,62,6,32,38,668,845,1513,1513,785,0.518836748182419
2020-09-03,300,333,633,193,202,395,132,145,277,90,111,201,45,63,108,38,45,83,22,46,68,4,17,21,824,962,1786,1786,681,0.3812989921612542
2020-09-04,283,344,627,165,208,373,144,170,314,79,109,188,63,66,129,38,45,83,25,40,65,5,17,22,802,999,1801,1801,809,0.4491948917268184
2020-09-05,207,232,439,116,167,283,86,163,249,62,85,147,52,55,107,30,30,60,20,28,48,2,11,13,575,771,1346,1346,735,0.5460624071322436
2020-09-06,163,207,370,75,107,182,67,80,147,45,72,117,29,33,62,12,39,51,14,22,36,1,8,9,406,568,974,974,410,0.4209445585215606
2020-09-07,282,308,590,171,203,374,143,169,312,74,127,201,69,64,133,39,43,82,18,48,66,6,18,24,802,980,1782,1782,788,0.44219977553310885
2020-09-08,261,322,583,181,199,380,131,152,283,100,111,211,50,82,132,42,49,91,24,40,64,7,21,28,796,976,1772,1772,787,0.4441309255079007
2020-09-09,311,328,639,177,199,376,134,154,288,104,113,217,61,68,129,30,36,66,18,45,63,1,19,20,836,962,1798,1798,937,0.521134593993326
2020-09-10,316,319,635,180,221,401,137,186,323,108,100,208,53,74,127,41,59,100,15,53,68,5,30,35,855,1042,1897,1897,971,0.5118608328940433
2020-09-11,303,293,596,155,227,382,128,153,281,79,125,204,65,60,125,42,47,89,21,45,66,2,13,15,795,963,1758,1758,942,0.5358361774744027
2020-09-12,191,197,388,108,135,243,73,108,181,52,86,138,50,47,97,28,31,59,13,48,61,3,13,16,518,665,1183,1183,586,0.49535080304311074
2020-09-13,188,199,387,89,129,218,58,89,147,59,65,124,53,41,94,25,15,40,3,19,22,5,8,13,480,565,1045,1045,411,0.39330143540669854
2020-09-14,281,322,603,154,208,362,116,160,276,102,119,221,72,82,154,42,40,82,31,36,67,0,25,25,798,992,1790,1790,759,0.4240223463687151
2020-09-15,279,234,513,153,202,355,111,144,255,77,95,172,65,70,135,40,52,92,18,65,83,4,30,34,747,892,1639,1639,841,0.513117754728493
2020-09-16,342,379,721,162,216,378,132,160,292,85,109,194,65,71,136,34,42,76,20,45,65,4,15,19,844,1037,1881,1881,669,0.35566188197767146
2020-09-17,288,340,628,151,186,337,142,182,324,86,124,210,72,70,142,43,45,88,22,38,60,4,17,21,808,1002,1810,1810,836,0.46187845303867403
2020-09-18,299,355,654,186,219,405,127,161,288,89,111,200,53,72,125,50,46,96,16,36,52,4,19,23,824,1019,1843,1843,739,0.400976668475312
2020-09-19,195,218,413,104,118,222,71,84,155,54,64,118,46,39,85,25,27,52,20,24,44,4,11,15,519,585,1104,1104,508,0.4601449275362319
2020-09-20,174,195,369,92,97,189,60,87,147,43,69,112,27,39,66,21,27,48,6,28,34,3,14,17,426,556,982,982,306,0.31160896130346233
2020-09-21,278,281,559,157,193,350,105,151,256,90,84,174,63,75,138,40,40,80,14,20,34,2,11,13,749,855,1604,1604,707,0.4407730673316708
2020-09-22,312,363,675,167,177,344,131,140,271,95,117,212,79,62,141,51,43,94,18,44,62,5,19,24,858,965,1823,1823,639,0.3505211190345584
2020-09-23,270,332,602,129,180,309,121,133,254,68,102,170,65,63,128,28,50,78,17,32,49,3,12,15,701,904,1605,1605,614,0.3825545171339564
2020-09-24,322,332,654,152,198,350,120,141,261,75,93,168,55,93,148,40,56,96,30,49,79,11,31,42,805,993,1798,1798,691,0.3843159065628476
2020-09-25,281,305,586,154,158,312,122,139,261,87,107,194,69,66,135,33,38,71,20,33,53,1,12,13,767,858,1625,1625,724,0.44553846153846155
2020-09-26,185,177,362,108,104,212,82,82,164,59,73,132,38,34,72,25,19,44,14,16,30,3,7,10,514,512,1026,1026,387,0.37719298245614036
2020-09-27,158,214,372,94,105,199,85,88,173,45,50,95,32,34,66,14,27,41,11,17,28,2,13,15,441,548,989,989,332,0.3356926188068756
2020-09-28,268,253,521,165,137,302,132,113,245,108,104,212,65,45,110,35,44,79,17,33,50,4,18,22,794,747,1541,1541,712,0.46203763789746916
2020-09-29,339,329,668,183,191,374,134,135,269,86,82,168,65,75,140,41,61,102,27,53,80,2,21,23,877,947,1824,1824,570,0.3125
2020-09-30,296,359,655,139,183,322,113,116,229,102,99,201,66,68,134,38,44,82,19,54,73,3,12,15,776,935,1711,1711,632,0.36937463471654003
2020-10-01,329,394,723,163,192,355,120,140,260,88,94,182,59,67,126,38,58,96,17,32,49,3,10,13,817,987,1804,1804,853,0.4728381374722838
2020-10-02,296,331,627,148,171,319,118,144,262,94,103,197,64,70,134,47,58,105,13,40,53,7,18,25,787,935,1722,1722,833,0.483739837398374
2020-10-03,198,226,424,115,112,227,91,112,203,67,59,126,41,45,86,28,27,55,13,29,42,4,8,12,557,618,1175,1175,638,0.5429787234042553
2020-10-04,185,204,389,86,90,176,65,82,147,46,60,106,40,35,75,24,22,46,17,26,43,2,6,8,465,525,990,990,448,0.45252525252525255
2020-10-05,268,272,540,187,181,368,140,137,277,85,116,201,92,68,160,45,64,109,22,31,53,3,8,11,842,877,1719,1719,816,0.47469458987783597
2020-10-06,293,331,624,169,189,358,147,141,288,101,105,206,60,75,135,40,58,98,23,33,56,6,10,16,839,942,1781,1781,625,0.35092644581695676
2020-10-07,311,337,648,179,206,385,139,139,278,94,127,221,70,71,141,41,44,85,19,34,53,6,10,16,859,968,1827,1827,674,0.36891078270388616
2020-10-08,286,315,601,148,179,327,146,132,278,94,103,197,62,71,133,43,46,89,12,41,53,4,21,25,795,908,1703,1703,693,0.40692894891368175
2020-10-09,274,377,651,161,210,371,116,163,279,100,114,214,52,72,124,34,50,84,12,31,43,5,23,28,754,1040,1794,1794,857,0.4777034559643255
2020-10-10,215,241,456,101,119,220,97,101,198,64,90,154,43,48,91,22,37,59,16,27,43,7,9,16,565,672,1237,1237,682,0.5513338722716249
2020-10-11,149,205,354,91,129,220,73,78,151,64,53,117,48,42,90,23,33,56,15,21,36,2,6,8,465,567,1032,1032,558,0.5406976744186046
2020-10-12,205,209,414,114,110,224,92,117,209,75,89,164,59,62,121,27,38,65,20,26,46,2,12,14,594,663,1257,1257,552,0.43914081145584727
2020-10-13,316,325,641,155,203,358,120,152,272,97,113,210,83,76,159,43,64,107,28,50,78,9,20,29,851,1003,1854,1854,767,0.41370010787486516
2020-10-14,277,329,606,139,178,317,113,128,241,73,114,187,70,58,128,47,57,104,21,32,53,1,12,13,741,908,1649,1649,796,0.48271679805942996
2020-10-15,303,349,652,181,200,381,158,181,339,115,100,215,79,81,160,40,43,83,20,39,59,7,12,19,903,1005,1908,1908,735,0.38522012578616355
2020-10-16,371,413,784,177,184,361,158,185,343,113,124,237,73,77,150,48,68,116,27,49,76,3,29,32,970,1129,2099,2099,866,0.41257741781800855
2020-10-17,221,248,469,116,156,272,93,106,199,60,72,132,53,63,116,43,32,75,14,26,40,3,9,12,603,712,1315,1315,571,0.4342205323193916
2020-10-18,135,157,292,85,112,197,50,66,116,54,40,94,28,28,56,20,28,48,9,22,31,2,6,8,383,459,842,842,519,0.6163895486935868
2020-10-19,363,398,761,194,241,435,160,215,375,125,142,267,99,92,191,51,74,125,25,45,70,2,13,15,1019,1220,2239,2239,1192,0.5323805270209915
2020-10-20,375,397,772,183,211,394,166,201,367,114,126,240,82,75,157,38,55,93,35,43,78,0,15,15,993,1123,2116,2116,1519,0.7178638941398866
2020-10-21,318,360,678,155,166,321,120,140,260,99,84,183,80,69,149,37,42,79,21,37,58,3,10,13,833,908,1741,1741,1075,0.617461229178633
2020-10-22,284,317,601,125,148,273,126,140,266,84,109,193,48,79,127,35,44,79,22,42,64,4,19,23,728,898,1626,1626,1100,0.6765067650676507
2020-10-23,238,251,489,109,125,234,102,143,245,72,66,138,59,69,128,45,44,89,16,28,44,6,17,23,647,743,1390,1390,1092,0.7856115107913669
2020-10-24,152,147,299,72,107,179,67,86,153,50,67,117,30,40,70,26,27,53,8,28,36,1,9,10,406,511,917,917,806,0.8789531079607416
2020-10-25,158,208,366,82,121,203,69,81,150,68,81,149,34,46,80,27,27,54,10,20,30,1,7,8,449,591,1040,1040,937,0.9009615384615385
2020-10-26,311,290,601,139,166,305,86,136,222,99,123,222,77,77,154,51,65,116,18,38,56,1,13,14,782,908,1690,1690,1419,0.8396449704142012
2020-10-27,288,325,613,148,183,331,132,138,270,96,129,225,79,103,182,45,62,107,14,36,50,3,7,10,805,983,1788,1788,1578,0.8825503355704698
2020-10-28,255,311,566,163,197,360,94,132,226,97,107,204,66,65,131,33,39,72,11,33,44,2,15,17,721,899,1620,1620,1278,0.7888888888888889
2020-10-29,274,300,574,160,168,328,98,162,260,86,102,188,52,70,122,32,40,72,14,27,41,2,7,9,718,876,1594,1594,1524,0.9560853199498118
2020-10-30,213,277,490,127,157,284,98,129,227,65,99,164,59,80,139,29,39,68,22,29,51,4,14,18,617,824,1441,1441,1130,0.7841776544066621
2020-10-31,162,158,320,78,122,200,76,69,145,42,58,100,44,47,91,26,33,59,9,21,30,3,8,11,440,516,956,956,793,0.8294979079497908
2020-11-01,212,229,441,91,112,203,85,97,182,67,74,141,33,68,101,32,26,58,8,30,38,4,5,9,532,641,1173,1173,992,0.8456947996589941
2020-11-02,252,323,575,150,153,303,116,129,245,79,89,168,68,77,145,44,46,90,19,24,43,1,8,9,729,849,1578,1578,1275,0.8079847908745247
2020-11-03,202,268,470,116,136,252,88,82,170,66,65,131,51,51,102,48,41,89,21,35,56,2,13,15,594,691,1285,1285,937,0.7291828793774319
2020-11-04,309,290,599,143,174,317,153,147,300,88,99,187,77,66,143,47,45,92,17,30,47,5,7,12,839,858,1697,1697,998,0.5880966411314084
2020-11-05,364,372,736,186,207,393,165,145,310,109,133,242,66,82,148,40,45,85,18,26,44,3,12,15,951,1022,1973,1973,1309,0.6634566649771921
2020-11-06,215,234,449,93,123,216,73,84,157,72,77,149,51,48,99,37,57,94,14,33,47,3,7,10,558,663,1221,1221,991,0.8116298116298116
2020-11-07,158,199,357,75,120,195,76,94,170,63,83,146,57,65,122,35,34,69,18,18,36,4,5,9,486,618,1104,1104,798,0.7228260869565217
2020-11-08,204,235,439,96,136,232,86,106,192,66,61,127,52,66,118,25,31,56,8,22,30,5,4,9,542,661,1203,1203,983,0.8171238570241064
2020-11-09,282,314,596,141,194,335,124,131,255,110,105,215,73,77,150,31,48,79,23,41,64,4,9,13,788,919,1707,1707,1318,0.7721148213239601
2020-11-10,212,241,453,147,143,290,97,103,200,79,82,161,70,55,125,39,41,80,17,32,49,4,8,12,665,705,1370,1370,897,0.6547445255474452
2020-11-11,286,301,587,153,155,308,134,135,269,102,114,216,59,60,119,41,41,82,21,31,52,5,13,18,801,850,1651,1651,1094,0.6626287098728043
2020-11-12,285,328,613,194,178,372,130,145,275,99,96,195,68,89,157,44,55,99,24,32,56,1,13,14,845,936,1781,1781,1129,0.6339135317237508
2020-11-13,272,299,571,128,146,274,114,122,236,95,90,185,85,77,162,54,49,103,20,31,51,4,10,14,772,824,1596,1596,1023,0.6409774436090225
2020-11-14,205,217,422,105,119,224,63,94,157,66,73,139,56,42,98,31,44,75,12,22,34,4,4,8,542,615,1157,1157,838,0.7242869490060502
2020-11-15,230,248,478,121,121,242,91,101,192,61,72,133,58,59,117,37,43,80,10,26,36,0,14,14,608,684,1292,1292,979,0.7577399380804953
2020-11-16,272,275,547,120,142,262,114,117,231,66,84,150,64,67,131,45,50,95,23,33,56,4,18,22,708,786,1494,1494,937,0.6271753681392236
2020-11-17,315,320,635,179,176,355,146,158,304,100,116,216,78,112,190,39,60,99,12,35,47,2,12,14,871,989,1860,1860,1300,0.6989247311827957
2020-11-18,338,346,684,184,201,385,114,136,250,81,97,178,65,72,137,50,48,98,16,47,63,2,8,10,850,955,1805,1805,1241,0.6875346260387811
2020-11-19,334,339,673,125,191,316,116,134,250,96,122,218,62,75,137,47,44,91,22,31,53,3,8,11,805,944,1749,1749,1252,0.7158376214979989
2020-11-20,269,297,566,143,152,295,111,135,246,83,99,182,59,58,117,37,42,79,24,34,58,4,9,13,730,826,1556,1556,1119,0.7191516709511568
2020-11-21,206,228,434,120,116,236,82,91,173,61,70,131,54,57,111,30,22,52,10,19,29,3,10,13,566,613,1179,1179,987,0.8371501272264631
2020-11-22,183,186,369,74,99,173,74,67,141,44,55,99,40,46,86,26,22,48,12,23,35,1,8,9,454,506,960,960,758,0.7895833333333333
2020-11-23,218,241,459,124,104,228,97,99,196,52,70,122,48,55,103,32,41,73,17,28,45,4,9,13,592,647,1239,1239,999,0.8062953995157385
2020-11-24,284,304,588,156,159,315,116,127,243,95,99,194,68,87,155,51,55,106,24,30,54,2,8,10,796,869,1665,1665,1262,0.757957957957958
2020-11-25,314,311,625,153,156,309,129,124,253,78,77,155,70,64,134,28,64,92,24,34,58,4,8,12,800,838,1638,1638,1118,0.6825396825396826
2020-11-26,306,339,645,150,171,321,109,118,227,85,89,174,73,68,141,35,57,92,16,26,42,9,11,20,783,879,1662,1662,1184,0.7123947051744886
2020-11-27,243,270,513,106,133,239,94,74,168,75,72,147,51,64,115,28,40,68,16,37,53,3,4,7,616,694,1310,1310,907,0.6923664122137405
2020-11-28,231,195,426,84,120,204,74,85,159,73,70,143,37,40,77,29,39,68,15,26,41,3,5,8,546,580,1126,1126,776,0.6891651865008881
2020-11-29,225,236,461,100,136,236,88,103,191,62,71,133,51,70,121,32,36,68,13,14,27,1,3,4,572,669,1241,1241,959,0.7727639000805802
2020-11-30,351,361,712,173,173,346,149,151,300,91,93,184,86,95,181,60,54,114,21,39,60,5,10,15,936,976,1912,1911,1327,0.6944008372579801
2020-12-01,297,342,639,144,164,308,129,144,273,57,80,137,78,99,177,54,54,108,19,33,52,3,2,5,781,918,1699,1699,1122,0.6603884638022366
2020-12-02,208,235,443,115,146,261,87,98,185,58,60,118,50,40,90,38,44,82,18,17,35,3,8,11,577,648,1225,1225,485,0.39591836734693875
2020-12-03,278,341,619,159,175,334,114,146,260,90,90,180,77,71,148,48,47,95,15,28,43,2,5,7,783,903,1686,1686,383,0.22716488730723605
2020-12-04,266,294,560,149,167,316,124,135,259,90,100,190,69,92,161,56,46,102,19,40,59,6,8,14,779,882,1661,1660,575,0.3463855421686747
2020-12-05,241,224,465,128,112,240,87,93,180,54,64,118,44,50,94,29,33,62,9,22,31,5,6,11,597,604,1201,1201,616,0.5129059117402165
2020-12-06,175,174,349,70,98,168,67,82,149,35,55,90,42,45,87,26,30,56,16,14,30,0,3,3,431,501,932,932,354,0.3798283261802575
2020-12-07,210,220,430,109,102,211,76,106,182,58,66,124,37,48,85,32,41,73,17,21,38,4,5,9,543,609,1152,1152,343,0.2977430555555556
2020-12-08,218,241,459,121,117,238,79,79,158,73,71,144,60,56,116,34,46,80,8,18,26,4,6,10,597,634,1231,1231,391,0.31762794476035744
2020-12-09,338,376,714,191,218,409,154,127,281,134,131,265,118,103,221,45,64,109,18,32,50,3,15,18,1001,1066,2067,2067,668,0.3231736816642477
2020-12-10,400,451,851,216,262,478,157,190,347,134,165,299,106,96,202,46,47,93,19,43,62,5,7,12,1083,1261,2344,2344,522,0.2226962457337884
2020-12-11,388,454,842,241,262,503,181,217,398,139,165,304,105,117,222,62,74,136,17,28,45,2,8,10,1135,1325,2460,2460,509,0.20691056910569106
2020-12-12,321,368,689,196,221,417,178,179,357,138,137,275,80,120,200,43,53,96,11,21,32,3,7,10,970,1106,2076,2076,523,0.2519267822736031
2020-12-13,273,310,583,171,212,383,155,163,318,124,119,243,75,76,151,36,35,71,11,19,30,6,4,10,851,938,1789,1789,346,0.19340413638904416
2020-12-14,386,426,812,246,238,484,178,210,388,156,175,331,116,121,237,64,72,136,22,32,54,9,10,19,1177,1284,2461,2461,633,0.2572125152377083
2020-12-15,346,397,743,196,235,431,180,180,360,130,178,308,110,107,217,61,59,120,15,27,42,2,9,11,1040,1192,2232,2231,547,0.24518153294486777
2020-12-16,378,481,859,297,308,605,228,228,456,177,185,362,127,143,270,67,75,142,26,25,51,4,10,14,1304,1455,2759,2759,616,0.2232693004711852
2020-12-17,463,529,992,296,331,627,256,242,498,175,175,350,80,107,187,68,58,126,13,26,39,1,10,11,1352,1478,2830,2830,664,0.23462897526501766
2020-12-18,509,604,1113,326,348,674,254,276,530,206,231,437,192,184,376,88,88,176,17,39,56,2,5,7,1594,1775,3369,3369,826,0.2451766102701098
2020-12-19,396,473,869,331,331,662,231,238,469,161,179,340,133,157,290,63,70,133,16,27,43,3,2,5,1334,1477,2811,2811,791,0.2813945215225898
2020-12-20,411,475,886,334,345,679,254,281,535,182,205,387,117,130,247,62,57,119,14,17,31,3,9,12,1377,1519,2896,2896,402,0.1388121546961326
2020-12-21,551,593,1144,366,412,778,295,295,590,195,211,406,186,165,351,77,82,159,17,47,64,3,6,9,1690,1811,3501,3501,686,0.19594401599542988
2020-12-22,637,718,1355,421,455,876,346,331,677,221,231,452,167,194,361,78,79,157,19,32,51,4,5,9,1893,2045,3938,3938,797,0.20238699847638394
2020-12-23,687,706,1393,413,438,851,308,353,661,218,214,432,140,181,321,62,74,136,25,36,61,6,11,17,1859,2013,3872,3872,803,0.20738636363636365
2020-12-24,352,398,750,266,256,522,178,165,343,105,123,228,85,95,180,54,46,100,6,19,25,1,4,5,1047,1106,2153,2153,569,0.2642823966558291
2020-12-25,140,118,258,63,77,140,52,43,95,44,48,92,22,28,50,17,11,28,7,16,23,4,4,8,349,345,694,694,419,0.6037463976945245
2020-12-26,531,603,1134,375,362,737,245,308,553,199,196,395,110,140,250,67,69,136,22,30,52,1,12,13,1550,1720,3270,3270,770,0.23547400611620795
2020-12-27,555,596,1151,406,402,808,329,353,682,215,241,456,156,151,307,61,82,143,17,33,50,2,9,11,1741,1867,3608,3608,433,0.12001108647450111
2020-12-28,805,874,1679,568,610,1178,457,453,910,280,328,608,174,228,402,80,102,182,30,44,74,2,11,13,2396,2650,5046,5046,819,0.16230677764565993
2020-12-29,751,824,1575,444,485,929,404,408,812,244,279,523,176,214,390,91,101,192,25,54,79,5,9,14,2140,2374,4514,4514,739,0.16371289322108995
2020-12-30,848,863,1711,518,526,1044,386,470,856,274,338,612,179,206,385,83,97,180,30,49,79,4,8,12,2322,2557,4879,4879,1111,0.22771059643369543
2020-12-31,589,574,1163,312,363,675,276,318,594,177,173,350,83,99,182,43,63,106,13,28,41,0,6,6,1493,1624,3117,3117,652,0.20917548925248636
2021-01-01,128,154,282,77,95,172,59,61,120,50,55,105,25,33,58,16,22,38,5,15,20,1,4,5,361,439,800,800,339,0.42375
2021-01-02,537,591,1128,314,384,698,278,289,567,186,216,402,169,164,333,75,91,166,16,38,54,4,7,11,1579,1780,3359,3359,643,0.19142601964870498
2021-01-03,722,795,1517,534,556,1090,418,466,884,254,320,574,213,245,458,83,119,202,27,36,63,3,7,10,2254,2544,4798,4798,529,0.110254272613589
2021-01-04,905,952,1857,603,648,1251,434,480,914,273,324,597,205,222,427,103,116,219,27,62,89,5,10,15,2555,2814,5369,5369,783,0.1458372136338238
2021-01-05,962,1083,2045,614,653,1267,473,520,993,284,323,607,217,300,517,106,131,237,32,63,95,6,9,15,2694,3082,5776,5775,757,0.13108225108225108
2021-01-06,1008,964,1972,601,600,1201,492,524,1016,329,342,671,227,255,482,110,134,244,30,60,90,4,15,19,2801,2894,5695,5694,810,0.1422550052687039
2021-01-07,766,865,1631,508,484,992,359,377,736,243,289,532,177,229,406,80,121,201,30,49,79,2,11,13,2165,2425,4590,4590,763,0.16623093681917211
2021-01-08,837,859,1696,425,513,938,318,453,771,244,287,531,137,196,333,83,103,186,32,38,70,4,4,8,2080,2453,4533,4532,942,0.20785525154457193
2021-01-09,714,798,1512,457,523,980,361,399,760,227,276,503,138,207,345,60,83,143,23,40,63,0,9,9,1980,2335,4315,4313,710,0.16461859494551356
2021-01-10,753,787,1540,420,497,917,359,397,756,228,272,500,135,148,283,45,80,125,11,35,46,2,9,11,1953,2225,4178,4178,473,0.11321206318812829
2021-01-11,921,974,1895,534,589,1123,412,453,865,249,334,583,169,213,382,89,89,178,20,30,50,1,7,8,2395,2689,5084,5084,749,0.1473249409913454
2021-01-12,738,898,1636,391,464,855,314,401,715,238,294,532,187,155,342,67,88,155,33,36,69,3,10,13,1971,2346,4317,4317,613,0.14199675700718092
2021-01-13,921,999,1920,466,521,987,388,409,797,268,342,610,193,232,425,82,97,179,20,46,66,5,4,9,2343,2650,4993,4993,697,0.13959543360704987
2021-01-14,849,930,1779,447,538,985,354,455,809,282,320,602,161,212,373,70,91,161,21,39,60,3,8,11,2187,2593,4780,4779,757,0.15840133919229965
2021-01-15,1177,1243,2420,712,752,1464,556,660,1216,397,452,849,213,234,447,86,126,212,23,49,72,2,8,10,3166,3524,6690,6690,868,0.12974588938714499
2021-01-16,1132,1188,2320,646,728,1374,627,678,1305,402,398,800,220,266,486,106,113,219,25,39,64,1,9,10,3159,3419,6578,6578,618,0.09394952873213742
2021-01-17,1003,1136,2139,571,646,1217,616,722,1338,389,392,781,169,195,364,85,92,177,19,27,46,2,3,5,2854,3213,6067,6067,481,0.07928135816713368
2021-01-18,1272,1330,2602,712,761,1473,701,735,1436,461,494,955,270,307,577,125,132,257,34,58,92,2,4,6,3577,3821,7398,7398,670,0.09056501757231684
2021-01-19,1202,1286,2488,692,771,1463,684,718,1402,461,491,952,264,303,567,107,154,261,23,48,71,5,13,18,3438,3784,7222,7222,539,0.0746330656327887
2021-01-20,1114,1174,2288,604,658,1262,582,621,1203,432,461,893,279,306,585,134,151,285,27,46,73,4,12,16,3176,3429,6605,6605,514,0.07781983345950037
2021-01-21,996,1014,2010,505,579,1084,422,514,936,296,403,699,203,232,435,91,109,200,29,55,84,6,21,27,2548,2927,5475,5475,642,0.11726027397260275
2021-01-22,884,970,1854,400,523,923,413,490,903,287,323,610,182,195,377,98,117,215,20,44,64,3,3,6,2287,2665,4952,4952,595,0.1201534733441034
2021-01-23,867,961,1828,436,510,946,423,441,864,318,354,672,130,164,294,51,70,121,19,29,48,2,3,5,2246,2532,4778,4778,407,0.08518208455420678
2021-01-24,999,1042,2041,455,525,980,544,561,1105,347,348,695,186,193,379,60,85,145,23,35,58,2,5,7,2616,2794,5410,5410,325,0.06007393715341959
2021-01-25,1322,1363,2685,640,695,1335,558,656,1214,411,436,847,231,244,475,109,126,235,35,65,100,8,18,26,3314,3603,6917,6917,518,0.0748879572068816
2021-01-26,1109,1155,2264,518,564,1082,520,548,1068,335,410,745,201,257,458,115,123,238,33,66,99,4,12,16,2835,3135,5970,5970,549,0.09195979899497488
2021-01-27,1040,1061,2101,494,590,1084,438,523,961,325,365,690,200,207,407,79,91,170,39,53,92,1,15,16,2616,2905,5521,5521,476,0.08621626516935338
2021-01-28,844,941,1785,415,457,872,392,442,834,287,318,605,180,220,400,105,114,219,29,47,76,5,15,20,2257,2554,4811,4811,582,0.12097277073373519
2021-01-29,1097,1188,2285,585,651,1236,541,634,1175,387,434,821,235,282,517,95,137,232,24,55,79,2,7,9,2966,3388,6354,6353,706,0.11112860066110498
2021-01-30,1283,1363,2646,625,726,1351,749,856,1605,473,480,953,219,301,520,101,135,236,25,43,68,2,9,11,3477,3913,7390,7390,465,0.06292286874154263
2021-01-31,1692,1858,3550,778,975,1753,1105,1203,2308,651,685,1336,281,296,577,111,140,251,25,48,73,2,10,12,4645,5215,9860,9860,300,0.030425963488843813
2021-02-01,1601,1770,3371,796,933,1729,961,1072,2033,628,639,1267,326,389,715,124,197,321,39,50,89,1,12,13,4476,5062,9538,9538,543,0.05693017404067939
2021-02-02,1383,1523,2906,745,882,1627,884,1001,1885,602,649,1251,387,386,773,183,221,404,43,60,103,3,12,15,4230,4734,8964,8964,470,0.05243195002231147
2021-02-03,1161,1257,2418,655,728,1383,665,761,1426,460,564,1024,334,350,684,162,179,341,43,69,112,4,13,17,3484,3921,7405,7405,480,0.06482106684672519
2021-02-04,781,942,1723,468,536,1004,379,579,958,348,405,753,186,261,447,96,146,242,29,44,73,4,17,21,2291,2930,5221,5221,457,0.08753112430568856
2021-02-05,784,871,1655,416,482,898,371,448,819,301,335,636,192,228,420,106,133,239,18,52,70,1,10,11,2189,2559,4748,4748,646,0.13605728727885424
2021-02-06,760,895,1655,439,567,1006,407,520,927,351,370,721,170,197,367,78,101,179,28,38,66,0,8,8,2233,2696,4929,4929,489,0.09920876445526476
2021-02-07,806,896,1702,460,566,1026,429,557,986,305,372,677,171,170,341,87,103,190,18,30,48,6,4,10,2282,2698,4980,4980,288,0.05783132530120482
2021-02-08,1211,1355,2566,665,872,1537,702,844,1546,390,483,873,248,294,542,116,139,255,30,70,100,4,18,22,3366,4075,7441,7441,631,0.0848004300497245
2021-02-09,1045,1149,2194,643,750,1393,592,747,1339,415,512,927,278,301,579,125,144,269,35,54,89,5,16,21,3138,3673,6811,6811,438,0.0643077374834826
2021-02-10,869,931,1800,561,658,1219,519,622,1141,330,424,754,224,271,495,119,121,240,32,51,83,0,13,13,2654,3091,5745,5745,400,0.06962576153176675
2021-02-11,788,938,1726,530,661,1191,458,615,1073,273,433,706,209,229,438,100,118,218,30,46,76,4,6,10,2392,3046,5438,5438,364,0.06693637366678926
2021-02-12,812,964,1776,548,693,1241,489,698,1187,322,456,778,198,254,452,107,131,238,33,51,84,1,10,11,2510,3257,5767,5767,603,0.10456043003294607
2021-02-13,923,1026,1949,636,800,1436,618,862,1480,369,488,857,217,238,455,75,105,180,22,28,50,5,12,17,2865,3559,6424,6424,476,0.07409713574097136
2021-02-14,845,1010,1855,587,794,1381,695,863,1558,374,468,842,212,243,455,91,119,210,18,32,50,1,15,16,2823,3544,6367,6366,330,0.051837888784165884
2021-02-15,1140,1339,2479,764,1003,1767,863,984,1847,470,557,1027,224,267,491,100,125,225,23,60,83,2,10,12,3586,4345,7931,7931,428,0.05396545202370445
2021-02-16,1310,1521,2831,908,1073,1981,870,1037,1907,452,523,975,231,243,474,91,135,226,16,36,52,9,5,14,3887,4573,8460,8460,402,0.0475177304964539
2021-02-17,1344,1554,2898,787,943,1730,638,716,1354,418,513,931,327,343,670,129,150,279,22,54,76,6,12,18,3671,4285,7956,7956,507,0.06372549019607843
2021-02-18,1133,1327,2460,696,840,1536,568,752,1320,410,464,874,260,298,558,130,160,290,37,56,93,3,9,12,3237,3906,7143,7143,614,0.08595828083438331
2021-02-19,1028,1190,2218,649,849,1498,547,702,1249,414,503,917,258,304,562,133,166,299,30,53,83,3,13,16,3062,3780,6842,6842,756,0.11049400760011692
2021-02-20,886,1069,1955,523,741,1264,495,653,1148,348,462,810,188,284,472,92,115,207,26,35,61,4,4,8,2562,3363,5925,5925,622,0.1049789029535865
2021-02-21,981,1299,2280,736,917,1653,588,779,1367,381,520,901,273,316,589,96,131,227,33,42,75,5,7,12,3093,4011,7104,7104,516,0.07263513513513513
2021-02-22,1388,1920,3308,985,1249,2234,775,995,1770,569,685,1254,370,417,787,158,161,319,57,52,109,3,11,14,4305,5490,9795,9795,686,0.0700357325165901
2021-02-23,1364,1715,3079,905,1166,2071,686,888,1574,537,700,1237,379,419,798,152,194,346,42,69,111,9,23,32,4074,5174,9248,9248,646,0.06985294117647059
2021-02-24,1193,1503,2696,790,916,1706,593,753,1346,476,585,1061,340,367,707,150,161,311,34,60,94,4,9,13,3580,4354,7934,7934,587,0.07398537937988404
2021-02-25,1115,1363,2478,657,778,1435,500,660,1160,388,526,914,281,344,625,125,152,277,31,50,81,4,15,19,3101,3888,6989,6987,588,0.0841562902533276
2021-02-26,1081,1451,2532,747,897,1644,550,765,1315,419,565,984,310,377,687,131,166,297,30,62,92,2,16,18,3270,4299,7569,7569,605,0.07993129871845686
2021-02-27,1037,1450,2487,838,954,1792,550,766,1316,509,654,1163,351,413,764,147,163,310,33,65,98,2,15,17,3467,4480,7947,7947,618,0.07776519441298603
2021-02-28,1356,1743,3099,1071,1314,2385,802,1024,1826,695,897,1592,458,517,975,202,209,411,41,56,97,3,8,11,4628,5768,10396,10396,528,0.050788764909580605
2021-03-01,1130,1408,2538,735,829,1564,546,699,1245,412,515,927,304,356,660,115,171,286,37,75,112,7,27,34,3286,4080,7366,7366,675,0.09163725224002173
2021-03-02,1198,1399,2597,665,848,1513,537,654,1191,384,540,924,260,327,587,123,108,231,44,60,104,4,11,15,3215,3947,7162,7162,584,0.08154146886344596
2021-03-03,945,1191,2136,600,739,1339,437,602,1039,358,495,853,331,385,716,153,157,310,32,48,80,1,14,15,2857,3631,6488,6488,727,0.11205302096177558
2021-03-04,936,1142,2078,522,693,1215,424,568,992,318,495,813,290,391,681,147,180,327,36,56,92,6,23,29,2679,3548,6227,6227,706,0.11337722819977518
2021-03-05,975,1253,2228,619,804,1423,409,572,981,379,521,900,299,326,625,135,157,292,30,63,93,0,15,15,2846,3711,6557,6556,690,0.10524710189139719
2021-03-06,724,933,1657,530,640,1170,364,479,843,289,410,699,194,224,418,92,120,212,28,34,62,2,9,11,2223,2849,5072,5072,601,0.11849369085173501
2021-03-07,803,1019,1822,545,688,1233,379,543,922,320,476,796,272,299,571,104,121,225,26,47,73,5,3,8,2454,3196,5650,5649,494,0.08744910603646663
2021-03-08,1072,1421,2493,718,836,1554,532,668,1200,457,607,1064,375,381,756,153,172,325,31,61,92,5,15,20,3343,4161,7504,7500,622,0.08293333333333333
2021-03-09,1084,1235,2319,696,824,1520,496,646,1142,419,570,989,372,480,852,183,185,368,35,65,100,6,14,20,3291,4019,7310,7310,635,0.08686730506155951
2021-03-10,1095,1222,2317,687,786,1473,439,603,1042,407,560,967,348,372,720,137,169,306,41,63,104,4,11,15,3158,3786,6944,6944,866,0.12471198156682027
2021-03-11,859,1154,2013,488,667,1155,366,539,905,305,406,711,233,320,553,135,131,266,31,49,80,5,15,20,2422,3281,5703,5703,904,0.15851306330001755
2021-03-12,1054,1403,2457,640,826,1466,470,601,1071,341,529,870,306,383,689,160,159,319,42,70,112,3,16,19,3016,3987,7003,7002,996,0.14224507283633248
2021-03-13,885,1101,1986,592,675,1267,375,500,875,351,476,827,306,329,635,120,131,251,25,46,71,5,4,9,2659,3262,5921,5921,766,0.12937003884478973
2021-03-14,845,1176,2021,631,757,1388,405,567,972,412,537,949,286,361,647,116,154,270,23,52,75,5,12,17,2723,3616,6339,6339,609,0.09607193563653574
2021-03-15,1267,1536,2803,711,844,1555,509,753,1262,447,616,1063,383,436,819,144,204,348,38,65,103,6,13,19,3505,4467,7972,7972,890,0.11164074259909684
2021-03-16,1113,1342,2455,709,793,1502,492,565,1057,415,522,937,321,399,720,153,171,324,36,71,107,8,20,28,3247,3883,7130,7130,756,0.10603085553997195
2021-03-17,1078,1317,2395,576,711,1287,427,550,977,348,491,839,320,371,691,126,164,290,33,50,83,3,14,17,2911,3668,6579,6578,792,0.12040133779264214
2021-03-18,891,1115,2006,535,610,1145,374,482,856,269,385,654,248,279,527,118,149,267,18,46,64,6,12,18,2459,3078,5537,5537,762,0.13761964962976342
2021-03-19,1028,1273,2301,559,730,1289,414,546,960,318,463,781,238,291,529,110,139,249,31,42,73,7,10,17,2705,3494,6199,6199,1062,0.17131795450879175
2021-03-20,725,915,1640,491,580,1071,354,441,795,290,384,674,249,241,490,101,109,210,22,35,57,9,8,17,2241,2713,4954,4949,722,0.14588805819357445
2021-03-21,772,947,1719,552,617,1169,348,461,809,322,421,743,235,292,527,73,113,186,25,34,59,2,10,12,2329,2895,5224,5224,577,0.11045176110260337
2021-03-22,1089,1332,2421,689,796,1485,467,593,1060,389,537,926,282,345,627,139,161,300,34,81,115,6,34,40,3095,3879,6974,6974,867,0.12431889876684829
2021-03-23,1030,1254,2284,574,741,1315,430,515,945,374,444,818,305,390,695,144,166,310,33,50,83,3,20,23,2893,3580,6473,6473,871,0.1345589371234358
2021-03-24,872,975,1847,492,584,1076,353,458,811,265,368,633,191,203,394,89,123,212,19,60,79,2,22,24,2283,2793,5076,5076,801,0.15780141843971632
2021-03-25,946,1204,2150,567,713,1280,462,589,1051,351,433,784,221,289,510,106,119,225,39,60,99,6,15,21,2698,3422,6120,6120,750,0.12254901960784313
2021-03-26,1087,1395,2482,599,726,1325,443,630,1073,322,466,788,244,309,553,133,149,282,34,53,87,3,16,19,2865,3744,6609,6609,885,0.13390830685428962
2021-03-27,803,999,1802,550,656,1206,381,524,905,306,457,763,247,277,524,102,125,227,25,48,73,6,7,13,2420,3093,5513,5513,843,0.15291130056230728
2021-03-28,714,958,1672,536,695,1231,420,495,915,314,452,766,220,246,466,76,72,148,21,38,59,4,9,13,2305,2965,5270,5270,713,0.13529411764705881
2021-03-29,1078,1304,2382,614,715,1329,454,617,1071,365,461,826,236,315,551,90,88,178,19,41,60,3,9,12,2859,3550,6409,6409,907,0.14151973786862224
2021-03-30,978,1182,2160,563,690,1253,397,555,952,318,402,720,202,248,450,85,92,177,28,42,70,6,11,17,2577,3222,5799,5797,908,0.1566327410729688
2021-03-31,952,1110,2062,538,735,1273,386,565,951,263,399,662,138,158,296,40,59,99,28,29,57,1,9,10,2346,3064,5410,5410,941,0.17393715341959334
2021-04-01,1007,1182,2189,601,673,1274,371,523,894,321,406,727,185,230,415,70,96,166,16,25,41,3,8,11,2574,3143,5717,5717,1160,0.20290362078012944
2021-04-02,923,1086,2009,513,603,1116,388,522,910,282,390,672,187,182,369,62,71,133,21,31,52,2,13,15,2378,2898,5276,5276,896,0.16982562547384383
2021-04-03,865,1059,1924,524,638,1162,413,585,998,320,366,686,180,211,391,65,79,144,21,40,61,3,7,10,2391,2985,5376,5376,851,0.15829613095238096
2021-04-04,1493,1887,3380,996,1263,2259,828,1011,1839,493,598,1091,230,244,474,68,78,146,24,38,62,1,8,9,4133,5127,9260,9260,630,0.06803455723542116
2021-04-05,1790,2254,4044,1075,1310,2385,934,1181,2115,541,649,1190,237,270,507,92,100,192,24,44,68,4,9,13,4697,5817,10514,10514,661,0.06286855621076659
2021-04-06,1283,1437,2720,756,951,1707,636,786,1422,440,520,960,229,249,478,75,87,162,18,28,46,1,12,13,3438,4070,7508,7507,499,0.06647129345943786
2021-04-07,737,852,1589,485,580,1065,438,503,941,275,345,620,77,104,181,28,29,57,5,17,22,0,3,3,2045,2433,4478,4475,78,0.01743016759776536
2021-04-08,47,88,135,50,57,107,44,34,78,22,21,43,6,5,11,2,1,3,0,0,0,0,0,0,171,206,377,377,0,0.0
