FECHA,SM,SF,S,CM,CF,C,CEM,CEF,CE,EM,EF,E,IM,IF,I,TotalM,TotalF,Total
2020-03-15,0,0,0,0,0,0,1,0,1,0,0,0,0,2,2,1,2,3
2020-03-16,0,0,0,0,0,0,2,1,3,0,0,0,5,2,7,7,3,10
2020-03-17,0,0,0,0,0,0,3,0,3,0,0,0,6,4,10,9,4,13
2020-03-18,0,1,1,1,1,2,1,0,1,0,0,0,3,3,6,5,5,10
2020-03-19,0,0,0,2,0,2,2,0,2,0,0,0,6,2,8,10,2,12
2020-03-20,0,0,0,2,0,2,1,1,2,0,0,0,7,2,9,10,3,13
2020-03-21,0,0,0,0,0,0,4,4,8,0,0,0,9,5,14,13,9,22
2020-03-22,0,0,0,3,0,3,2,1,3,2,0,2,10,3,13,17,4,21
2020-03-23,2,0,2,3,3,6,6,2,8,1,0,1,4,3,7,16,8,24
2020-03-24,1,0,1,5,3,8,2,2,4,0,0,0,11,2,13,19,7,26
2020-03-25,1,0,1,6,2,8,1,2,3,0,1,1,10,4,14,18,9,27
2020-03-26,0,0,0,1,2,3,4,4,8,0,0,0,7,5,12,12,11,23
2020-03-27,2,0,2,2,3,5,2,2,4,0,1,1,3,2,5,9,8,17
2020-03-28,1,2,3,3,3,6,2,1,3,0,1,1,2,0,2,8,7,15
2020-03-29,3,0,3,6,7,13,0,2,2,0,0,0,4,6,10,13,15,28
2020-03-30,3,1,4,11,8,19,1,0,1,0,0,0,2,3,5,17,12,29
2020-03-31,3,0,3,8,5,13,2,4,6,0,0,0,2,1,3,15,10,25
2020-04-01,0,2,2,8,8,16,1,1,2,1,0,1,3,3,6,13,14,27
2020-04-02,2,2,4,9,4,13,6,9,15,1,0,1,0,1,1,18,16,34
2020-04-03,4,4,8,4,5,9,1,4,5,0,0,0,1,0,1,10,13,23
2020-04-04,1,2,3,3,3,6,0,1,1,1,0,1,0,2,2,5,8,13
2020-04-05,1,3,4,4,3,7,1,2,3,0,0,0,1,1,2,7,9,16
2020-04-06,2,5,7,7,4,11,1,2,3,0,1,1,0,3,3,10,15,25
2020-04-07,1,3,4,7,2,9,2,2,4,0,0,0,1,1,2,11,8,19
2020-04-08,1,7,8,6,2,8,4,2,6,0,0,0,0,0,0,11,11,22
2020-04-09,0,2,2,3,1,4,3,0,3,0,0,0,1,0,1,7,3,10
2020-04-10,0,1,1,4,2,6,1,1,2,0,0,0,0,0,0,5,4,9
2020-04-11,1,1,2,2,1,3,1,1,2,0,0,0,1,0,1,5,3,8
2020-04-12,3,2,5,1,3,4,1,2,3,0,0,0,0,0,0,5,7,12
2020-04-13,3,4,7,4,3,7,2,3,5,0,1,1,0,0,0,9,11,20
2020-04-14,3,1,4,9,7,16,1,1,2,0,0,0,0,0,0,13,9,22
2020-04-15,3,1,4,1,4,5,0,1,1,0,0,0,0,0,0,4,6,10
2020-04-16,2,2,4,7,3,10,3,9,12,0,0,0,0,1,1,12,15,27
2020-04-17,4,4,8,2,9,11,2,2,4,0,0,0,0,0,0,8,15,23
2020-04-18,1,2,3,2,7,9,3,7,10,1,0,1,1,0,1,8,16,24
2020-04-19,1,4,5,5,6,11,3,5,8,0,0,0,0,0,0,9,15,24
2020-04-20,3,2,5,3,4,7,5,5,10,0,0,0,0,0,0,11,11,22
2020-04-21,0,5,5,5,15,20,4,9,13,0,0,0,0,1,1,9,30,39
2020-04-22,2,3,5,17,21,38,6,9,15,1,0,1,0,0,0,26,33,59
2020-04-23,3,2,5,15,11,26,15,15,30,1,0,1,0,0,0,34,28,62
2020-04-24,4,9,13,7,5,12,10,9,19,1,1,2,1,0,1,23,24,47
2020-04-25,0,3,3,10,10,20,2,3,5,1,0,1,0,0,0,13,16,29
2020-04-26,0,3,3,6,5,11,2,2,4,0,0,0,0,0,0,8,10,18
2020-04-27,4,6,10,12,21,33,12,6,18,0,0,0,0,1,1,28,34,62
2020-04-28,6,3,9,12,11,23,2,2,4,0,0,0,2,0,2,22,16,38
2020-04-29,1,3,4,12,12,24,4,5,9,1,0,1,0,0,0,18,20,38
2020-04-30,5,3,8,14,6,20,3,5,8,1,0,1,0,0,0,23,14,37
2020-05-01,2,0,2,10,15,25,10,6,16,2,1,3,0,0,0,24,22,46
2020-05-02,2,2,4,7,5,12,9,14,23,0,0,0,0,0,0,18,21,39
2020-05-03,1,1,2,9,7,16,8,10,18,0,2,2,1,0,1,19,20,39
2020-05-04,4,4,8,14,17,31,6,8,14,4,1,5,0,0,0,28,30,58
2020-05-05,1,6,7,32,34,66,15,30,45,6,5,11,0,1,1,54,76,130
2020-05-06,5,5,10,18,10,28,11,20,31,5,6,11,0,0,0,39,41,80
2020-05-07,2,5,7,20,17,37,23,26,49,6,6,12,0,0,0,51,54,105
2020-05-08,5,6,11,39,30,69,34,37,71,5,2,7,0,0,0,83,75,158
2020-05-09,8,5,13,16,16,32,28,20,48,2,7,9,0,0,0,54,48,102
2020-05-10,5,5,10,18,17,35,81,24,105,4,1,5,0,0,0,108,47,155
2020-05-11,1,4,5,35,35,70,14,21,35,8,2,10,0,0,0,58,62,120
2020-05-12,6,8,14,54,45,99,39,58,97,4,3,7,0,0,0,103,114,217
2020-05-13,2,7,9,52,35,87,33,38,71,2,3,5,0,0,0,89,83,172
2020-05-14,2,3,5,71,66,137,30,41,71,8,12,20,0,0,0,111,122,233
2020-05-15,6,6,12,40,37,77,46,52,98,2,8,10,0,0,0,94,103,197
2020-05-16,4,6,10,50,54,104,31,31,62,5,10,15,0,0,0,90,101,191
2020-05-17,3,10,13,60,37,97,47,38,85,8,4,12,0,0,0,118,89,207
2020-05-18,5,6,11,80,75,155,76,85,161,13,15,28,0,0,0,174,181,355
2020-05-19,7,10,17,85,76,161,73,72,145,5,5,10,0,0,0,170,163,333
2020-05-20,5,18,23,81,70,151,59,67,126,13,11,24,0,0,0,158,166,324
2020-05-21,8,15,23,81,68,149,83,72,155,17,10,27,0,0,0,189,165,354
2020-05-22,5,20,25,72,72,144,70,55,125,11,8,19,0,0,0,158,155,313
2020-05-23,7,8,15,61,58,119,78,89,167,9,10,19,0,0,0,155,165,320
2020-05-24,4,7,11,55,46,101,60,51,111,9,8,17,1,0,1,129,112,241
2020-05-25,7,16,23,43,62,105,67,64,131,14,10,24,0,0,0,131,152,283
2020-05-26,15,14,29,74,73,147,88,106,194,16,11,27,0,0,0,193,204,397
2020-05-27,11,25,36,86,61,147,97,92,189,15,13,28,0,0,0,209,191,400
2020-05-28,14,21,35,100,102,202,97,93,190,11,18,29,0,0,0,222,234,456
2020-05-29,6,12,18,75,96,171,81,91,172,16,11,27,0,0,0,178,210,388
2020-05-30,3,9,12,53,63,116,65,63,128,12,9,21,0,1,1,133,145,278
2020-05-31,4,10,14,62,60,122,46,51,97,9,8,17,0,0,0,121,129,250
2020-06-01,12,11,23,82,78,160,64,77,141,26,20,46,0,0,0,184,186,370
2020-06-02,13,16,29,93,101,194,87,83,170,28,21,49,0,0,0,221,221,442
2020-06-03,9,16,25,104,98,202,66,71,137,25,21,46,0,0,0,204,206,410
2020-06-04,10,19,29,90,101,191,56,79,135,24,15,39,0,0,0,180,214,394
2020-06-05,7,17,24,100,109,209,104,70,174,24,21,45,0,0,0,235,217,452
2020-06-06,7,31,38,92,80,172,63,78,141,19,9,28,0,0,0,181,198,379
2020-06-07,6,6,12,62,64,126,75,87,162,7,9,16,0,0,0,150,166,316
2020-06-08,16,36,52,135,111,246,102,105,207,44,37,81,0,0,0,297,289,586
2020-06-09,14,18,32,120,129,249,106,110,216,45,36,81,0,0,0,285,293,578
2020-06-10,20,14,34,118,116,234,91,138,229,39,34,73,0,1,1,268,303,571
2020-06-11,24,21,45,145,137,282,112,111,223,40,22,62,0,0,0,321,291,612
2020-06-12,11,28,39,166,141,307,100,111,211,33,24,57,0,0,0,310,304,614
2020-06-13,8,22,30,99,94,193,108,125,233,21,23,44,0,0,0,236,264,500
2020-06-14,17,19,36,70,77,147,66,84,150,16,11,27,0,0,0,169,191,360
2020-06-15,10,20,30,94,78,172,94,80,174,27,12,39,0,0,0,225,190,415
2020-06-16,15,29,44,151,129,280,120,126,246,60,32,92,0,0,0,346,316,662
2020-06-17,17,37,54,204,180,384,151,154,305,53,37,90,0,0,0,425,408,833
2020-06-18,20,37,57,218,168,386,131,143,274,60,49,109,0,0,0,429,397,826
2020-06-19,30,38,68,197,175,372,127,158,285,44,29,73,0,0,0,398,400,798
2020-06-20,22,27,49,144,129,273,126,143,269,35,46,81,0,0,0,327,345,672
2020-06-21,19,19,38,114,102,216,100,106,206,36,29,65,0,0,0,269,256,525
2020-06-22,22,38,60,225,190,415,213,145,358,63,48,111,0,0,0,523,421,944
2020-06-23,29,38,67,206,163,369,152,171,323,46,42,88,0,0,0,433,414,847
2020-06-24,33,47,80,201,154,355,145,150,295,50,39,89,0,0,0,429,390,819
2020-06-25,25,40,65,185,178,363,149,170,319,55,34,89,0,0,0,414,422,836
2020-06-26,30,39,69,189,184,373,169,159,328,43,44,87,0,0,0,431,426,857
2020-06-27,20,22,42,141,157,298,131,127,258,36,26,62,0,0,0,328,332,660
2020-06-28,23,32,55,150,118,268,103,89,192,28,25,53,0,0,0,304,264,568
2020-06-29,30,42,72,215,176,391,142,148,290,49,34,83,0,0,0,436,400,836
2020-06-30,37,50,87,211,175,386,137,149,286,34,35,69,0,0,0,419,409,828
2020-07-01,30,44,74,218,174,392,130,134,264,39,26,65,0,0,0,417,378,795
2020-07-02,34,53,87,229,208,437,151,146,297,25,27,52,0,0,0,439,434,873
2020-07-03,46,51,97,248,202,450,140,147,287,37,42,79,0,0,0,471,442,913
2020-07-04,20,44,64,195,254,449,103,98,201,40,26,66,1,1,2,359,423,782
2020-07-05,26,35,61,152,170,322,115,104,219,30,25,55,0,0,0,323,334,657
2020-07-06,47,77,124,260,253,513,153,128,281,54,37,91,0,0,0,514,495,1009
2020-07-07,35,50,85,246,220,466,144,135,279,58,33,91,0,1,1,483,439,922
2020-07-08,37,62,99,264,301,565,143,138,281,49,42,91,0,0,0,493,543,1036
2020-07-09,18,42,60,219,219,438,125,109,234,49,47,96,0,0,0,411,417,828
2020-07-10,23,46,69,205,217,422,134,120,254,58,35,93,0,0,0,420,418,838
2020-07-11,27,31,58,192,187,379,104,116,220,51,50,101,0,0,0,374,384,758
2020-07-12,24,34,58,155,137,292,103,93,196,42,38,80,0,0,0,324,302,626
2020-07-13,37,72,109,313,342,655,164,115,279,40,37,77,0,0,0,554,566,1120
2020-07-14,49,53,102,278,253,531,139,160,299,49,37,86,0,0,0,515,503,1018
2020-07-15,34,68,102,309,264,573,113,162,275,52,39,91,0,1,1,508,534,1042
2020-07-16,40,61,101,303,307,610,149,145,294,59,49,108,0,0,0,551,562,1113
2020-07-17,32,70,102,309,324,633,119,134,253,36,31,67,0,0,0,496,559,1055
2020-07-18,34,61,95,304,307,611,91,85,176,36,27,63,0,0,0,465,480,945
2020-07-19,46,39,85,237,239,476,98,120,218,58,38,96,0,0,0,439,436,875
2020-07-20,54,78,132,330,324,654,139,139,278,79,63,142,0,0,0,602,604,1206
2020-07-21,54,88,142,319,331,650,164,176,340,84,60,144,0,0,0,621,655,1276
2020-07-22,50,65,115,339,274,613,146,150,296,82,65,147,0,0,0,617,554,1171
2020-07-23,33,63,96,285,267,552,144,135,279,75,63,138,1,0,1,538,528,1066
2020-07-24,37,76,113,326,298,624,157,136,293,63,46,109,0,0,0,583,556,1139
2020-07-25,50,56,106,249,196,445,93,116,209,34,29,63,0,0,0,426,397,823
2020-07-26,28,30,58,202,231,433,68,93,161,38,23,61,0,0,0,336,377,713
2020-07-27,36,69,105,375,362,737,96,88,184,44,25,69,0,0,0,551,544,1095
2020-07-28,46,57,103,385,341,726,89,101,190,52,42,94,0,0,0,572,541,1113
2020-07-29,29,63,92,299,288,587,135,122,257,61,63,124,1,0,1,525,536,1061
2020-07-30,33,55,88,301,332,633,128,117,245,66,56,122,0,0,0,528,560,1088
2020-07-31,43,63,106,281,286,567,127,139,266,66,50,116,2,0,2,519,538,1057
2020-08-01,37,52,89,263,252,515,124,134,258,51,57,108,0,0,0,475,495,970
2020-08-02,32,40,72,256,259,515,98,106,204,45,32,77,0,0,0,431,437,868
2020-08-03,46,65,111,403,415,818,167,170,337,85,83,168,0,0,0,701,733,1434
2020-08-04,40,78,118,369,412,781,167,147,314,94,77,171,1,0,1,671,714,1385
2020-08-05,36,51,87,435,497,932,136,91,227,87,68,155,0,0,0,694,707,1401
2020-08-06,30,58,88,320,315,635,130,131,261,71,65,136,0,0,0,551,569,1120
2020-08-07,27,62,89,318,294,612,111,121,232,64,65,129,0,0,0,520,542,1062
2020-08-08,25,50,75,226,299,525,89,91,180,48,34,82,0,0,0,388,474,862
2020-08-09,22,30,52,227,216,443,75,79,154,52,36,88,0,0,0,376,361,737
2020-08-10,33,57,90,344,368,712,117,135,252,60,51,111,0,0,0,554,611,1165
2020-08-11,27,54,81,332,318,650,105,93,198,66,59,125,0,0,0,530,524,1054
2020-08-12,31,64,95,307,275,582,112,111,223,63,60,123,0,0,0,513,510,1023
2020-08-13,28,49,77,314,279,593,80,91,171,62,56,118,0,0,0,484,475,959
2020-08-14,29,46,75,306,264,570,97,117,214,48,48,96,0,0,0,480,475,955
2020-08-15,27,40,67,266,360,626,72,72,144,47,37,84,0,0,0,412,509,921
2020-08-16,21,29,50,198,179,377,69,60,129,58,21,79,0,0,0,346,289,635
2020-08-17,22,34,56,296,281,577,89,75,164,47,35,82,0,1,1,454,426,880
2020-08-18,41,65,106,345,372,717,107,87,194,95,72,167,1,0,1,589,596,1185
2020-08-19,41,55,96,371,391,762,97,98,195,102,55,157,0,0,0,611,599,1210
2020-08-20,33,31,64,346,334,680,121,88,209,66,48,114,0,0,0,566,501,1067
2020-08-21,40,55,95,330,312,642,104,100,204,67,59,126,0,0,0,541,526,1067
2020-08-22,23,38,61,259,275,534,102,83,185,58,40,98,0,0,0,442,436,878
2020-08-23,31,29,60,235,245,480,86,98,184,63,55,118,0,0,0,415,427,842
2020-08-24,32,55,87,411,348,759,112,126,238,90,71,161,0,0,0,645,600,1245
2020-08-25,34,55,89,465,450,915,95,100,195,72,75,147,0,0,0,666,680,1346
2020-08-26,54,40,94,513,456,969,90,92,182,72,69,141,0,0,0,729,657,1386
2020-08-27,36,53,89,476,496,972,100,127,227,60,59,119,0,0,0,672,735,1407
2020-08-28,28,40,68,393,395,788,102,107,209,74,74,148,0,0,0,597,616,1213
2020-08-29,19,46,65,290,313,603,91,81,172,51,50,101,0,0,0,451,490,941
2020-08-30,15,32,47,273,250,523,49,62,111,59,49,108,0,0,0,396,393,789
2020-08-31,34,54,88,451,501,952,80,73,153,68,49,117,0,0,0,633,677,1310
2020-09-01,25,31,56,468,458,926,69,78,147,58,56,114,0,0,0,620,623,1243
2020-09-02,17,35,52,355,323,678,71,61,132,48,63,111,0,0,0,491,482,973
2020-09-03,30,27,57,376,330,706,76,76,152,67,52,119,0,0,0,549,485,1034
2020-09-04,25,57,82,372,352,724,62,63,125,43,57,100,0,0,0,502,529,1031
2020-09-05,20,25,45,300,323,623,55,66,121,57,49,106,0,0,0,432,463,895
2020-09-06,14,31,45,222,213,435,56,42,98,39,37,76,1,0,1,332,323,655
2020-09-07,25,42,67,423,408,831,65,83,148,60,32,92,0,0,0,573,565,1138
2020-09-08,24,51,75,427,395,822,92,72,164,47,49,96,0,0,0,590,567,1157
2020-09-09,24,40,64,431,402,833,87,68,155,46,43,89,0,0,0,588,553,1141
2020-09-10,20,39,59,381,394,775,80,67,147,57,54,111,0,0,0,538,554,1092
2020-09-11,25,43,68,373,372,745,56,84,140,53,32,85,0,0,0,507,531,1038
2020-09-12,21,29,50,245,307,552,43,47,90,29,34,63,0,0,0,338,417,755
2020-09-13,19,28,47,245,241,486,36,49,85,38,35,73,0,0,0,338,353,691
2020-09-14,25,31,56,324,344,668,67,56,123,60,42,102,0,0,0,476,473,949
2020-09-15,21,23,44,337,313,650,49,63,112,48,36,84,0,0,0,455,435,890
2020-09-16,27,18,45,336,380,716,42,37,79,43,30,73,0,0,0,448,465,913
2020-09-17,9,24,33,278,261,539,40,65,105,69,51,120,0,0,0,396,401,797
2020-09-18,18,31,49,314,338,652,42,53,95,45,30,75,0,0,0,419,452,871
2020-09-19,17,21,38,230,223,453,45,31,76,26,40,66,0,0,0,318,315,633
2020-09-20,1,24,25,168,176,344,33,34,67,27,23,50,0,0,0,229,257,486
2020-09-21,19,25,44,302,241,543,44,40,84,45,31,76,0,0,0,410,337,747
2020-09-22,20,24,44,323,314,637,38,39,77,44,38,82,0,0,0,425,415,840
2020-09-23,13,25,38,292,291,583,45,35,80,46,45,91,0,0,0,396,396,792
2020-09-24,21,34,55,319,309,628,48,54,102,51,24,75,0,0,0,439,421,860
2020-09-25,21,18,39,307,338,645,52,56,108,43,30,73,0,0,0,423,442,865
2020-09-26,6,19,25,197,208,405,35,43,78,46,29,75,0,0,0,284,299,583
2020-09-27,15,15,30,205,187,392,52,37,89,45,28,73,0,0,0,317,267,584
2020-09-28,8,30,38,330,303,633,51,43,94,44,51,95,0,0,0,433,427,860
2020-09-29,16,20,36,320,319,639,36,52,88,66,44,110,0,0,0,438,435,873
2020-09-30,12,22,34,293,308,601,46,47,93,78,43,121,0,0,0,429,420,849
2020-10-01,12,26,38,267,304,571,46,45,91,41,49,90,0,0,0,366,424,790
2020-10-02,10,27,37,297,313,610,38,42,80,36,39,75,0,0,0,381,421,802
2020-10-03,8,7,15,191,184,375,41,31,72,28,35,63,0,0,0,268,257,525
2020-10-04,11,11,22,165,169,334,23,31,54,21,15,36,0,0,0,220,226,446
2020-10-05,22,21,43,275,272,547,49,42,91,31,34,65,0,0,0,377,369,746
2020-10-06,14,25,39,297,300,597,54,47,101,52,40,92,0,0,0,417,412,829
2020-10-07,11,17,28,261,277,538,46,56,102,44,25,69,0,0,0,362,375,737
2020-10-08,13,21,34,247,297,544,39,62,101,37,31,68,0,0,0,336,411,747
2020-10-09,12,24,36,244,322,566,53,56,109,41,30,71,0,0,0,350,432,782
2020-10-10,11,17,28,200,206,406,34,39,73,24,28,52,0,0,0,269,290,559
2020-10-11,8,12,20,159,195,354,20,28,48,17,12,29,1,0,1,205,247,452
2020-10-12,14,8,22,204,220,424,54,39,93,23,13,36,0,0,0,295,280,575
2020-10-13,17,25,42,288,269,557,43,42,85,47,37,84,0,0,0,395,373,768
2020-10-14,10,19,29,284,278,562,33,29,62,43,35,78,0,0,0,370,361,731
2020-10-15,18,18,36,281,286,567,45,44,89,33,24,57,1,0,1,378,372,750
2020-10-16,9,26,35,259,283,542,39,51,90,31,31,62,0,0,0,338,391,729
2020-10-17,4,14,18,192,161,353,44,52,96,22,21,43,0,0,0,262,248,510
2020-10-18,2,7,9,136,147,283,21,23,44,17,15,32,0,0,0,176,192,368
2020-10-19,7,19,26,229,208,437,37,36,73,30,18,48,0,1,1,303,282,585
2020-10-20,8,15,23,224,230,454,27,30,57,33,20,53,0,0,0,292,295,587
2020-10-21,6,9,15,184,191,375,26,29,55,36,20,56,0,0,0,252,249,501
2020-10-22,10,12,22,170,148,318,35,30,65,25,23,48,1,0,1,241,213,454
2020-10-23,8,11,19,188,187,375,27,26,53,25,31,56,0,0,0,248,255,503
2020-10-24,6,6,12,135,136,271,32,29,61,27,15,42,0,0,0,200,186,386
2020-10-25,7,11,18,109,101,210,22,26,48,15,18,33,0,0,0,153,156,309
2020-10-26,14,11,25,166,168,334,33,20,53,19,29,48,0,0,0,232,228,460
2020-10-27,9,10,19,206,224,430,24,24,48,28,18,46,0,0,0,267,276,543
2020-10-28,9,5,14,181,158,339,26,31,57,21,17,38,0,0,0,237,211,448
2020-10-29,3,8,11,150,143,293,20,22,42,19,10,29,0,0,0,192,183,375
2020-10-30,7,14,21,115,114,229,19,14,33,12,11,23,0,0,0,153,153,306
2020-10-31,3,6,9,80,89,169,10,19,29,11,9,20,0,0,0,104,123,227
2020-11-01,6,4,10,107,100,207,25,20,45,17,9,26,0,0,0,155,133,288
2020-11-02,12,13,25,131,136,267,23,27,50,19,16,35,0,0,0,185,192,377
2020-11-03,8,15,23,136,127,263,22,8,30,9,12,21,0,0,0,175,162,337
2020-11-04,5,8,13,131,158,289,15,12,27,15,13,28,0,1,1,166,192,358
2020-11-05,7,8,15,188,171,359,20,24,44,21,24,45,0,0,0,236,227,463
2020-11-06,8,15,23,141,128,269,16,19,35,20,18,38,0,0,0,185,180,365
2020-11-07,4,8,12,112,119,231,12,13,25,15,15,30,0,0,0,143,155,298
2020-11-08,5,10,15,86,86,172,17,20,37,14,12,26,0,0,0,122,128,250
2020-11-09,6,18,24,164,149,313,21,21,42,24,27,51,0,0,0,215,215,430
2020-11-10,8,11,19,169,149,318,22,19,41,22,19,41,0,0,0,221,198,419
2020-11-11,5,19,24,155,141,296,26,29,55,25,14,39,0,0,0,211,203,414
2020-11-12,6,4,10,152,132,284,18,23,41,13,16,29,0,0,0,189,175,364
2020-11-13,4,12,16,157,124,281,17,23,40,21,21,42,0,0,0,199,180,379
2020-11-14,4,7,11,127,109,236,12,17,29,17,16,33,0,0,0,160,149,309
2020-11-15,6,5,11,85,98,183,13,13,26,10,8,18,0,0,0,114,124,238
2020-11-16,5,7,12,119,127,246,11,16,27,13,19,32,0,0,0,148,169,317
2020-11-17,4,12,16,141,148,289,27,26,53,21,15,36,0,0,0,193,201,394
2020-11-18,8,9,17,143,156,299,13,23,36,28,21,49,0,0,0,192,209,401
2020-11-19,6,12,18,121,115,236,7,14,21,13,11,24,0,0,0,147,152,299
2020-11-20,3,5,8,118,97,215,16,10,26,4,8,12,0,0,0,141,120,261
2020-11-21,9,4,13,105,129,234,8,14,22,5,9,14,0,0,0,127,156,283
2020-11-22,3,8,11,70,59,129,11,11,22,14,7,21,0,1,1,98,86,184
2020-11-23,2,4,6,76,68,144,14,10,24,11,16,27,0,0,0,103,98,201
2020-11-24,7,8,15,134,106,240,18,19,37,15,17,32,0,0,0,174,150,324
2020-11-25,3,10,13,161,152,313,23,17,40,22,17,39,0,0,0,209,196,405
2020-11-26,7,14,21,111,130,241,15,13,28,24,14,38,0,0,0,157,171,328
2020-11-27,13,5,18,141,102,243,17,15,32,12,11,23,0,0,0,183,133,316
2020-11-28,6,2,8,96,110,206,8,14,22,12,14,26,0,0,0,122,140,262
2020-11-29,4,7,11,96,80,176,13,13,26,20,15,35,0,0,0,133,115,248
2020-11-30,7,3,10,118,119,237,8,12,20,12,16,28,0,0,0,145,150,295
2020-12-01,5,5,10,126,101,227,10,15,25,11,16,27,0,0,0,152,137,289
2020-12-02,4,4,8,97,101,198,5,9,14,5,10,15,0,0,0,111,124,235
2020-12-03,2,4,6,112,95,207,17,18,35,13,7,20,0,0,0,144,124,268
2020-12-04,6,8,14,125,106,231,14,19,33,15,14,29,0,1,1,160,148,308
2020-12-05,2,5,7,95,102,197,13,16,29,8,20,28,0,0,0,118,143,261
2020-12-06,5,5,10,90,80,170,11,7,18,4,7,11,0,0,0,110,99,209
2020-12-07,4,6,10,87,87,174,8,10,18,5,8,13,0,0,0,104,111,215
2020-12-08,5,10,15,138,101,239,14,8,22,12,8,20,0,0,0,169,127,296
2020-12-09,6,11,17,154,140,294,20,25,45,16,17,33,0,0,0,196,193,389
2020-12-10,4,13,17,142,147,289,22,30,52,13,18,31,0,0,0,181,208,389
2020-12-11,1,7,8,138,136,274,15,17,32,13,13,26,0,0,0,167,173,340
2020-12-12,3,7,10,133,100,233,22,23,45,8,13,21,1,0,1,167,143,310
2020-12-13,1,7,8,109,108,217,23,23,46,16,9,25,1,0,1,150,147,297
2020-12-14,8,13,21,184,172,356,17,16,33,22,21,43,0,0,0,231,222,453
2020-12-15,6,12,18,200,152,352,22,24,46,13,18,31,0,0,0,241,206,447
2020-12-16,7,9,16,185,175,360,27,19,46,16,16,32,0,0,0,235,219,454
2020-12-17,13,15,28,190,225,415,38,34,72,46,30,76,0,0,0,287,304,591
2020-12-18,4,14,18,245,210,455,33,46,79,20,22,42,0,2,2,302,294,596
2020-12-19,4,7,11,201,177,378,34,37,71,18,13,31,1,1,2,258,235,493
2020-12-20,7,8,15,186,160,346,18,21,39,16,12,28,0,0,0,227,201,428
2020-12-21,8,16,24,287,239,526,35,39,74,41,53,94,1,0,1,372,347,719
2020-12-22,13,10,23,280,277,557,36,38,74,35,26,61,0,0,0,364,351,715
2020-12-23,10,13,23,342,330,672,54,46,100,32,28,60,1,0,1,439,417,856
2020-12-24,5,5,10,187,165,352,26,29,55,13,8,21,0,0,0,231,207,438
2020-12-25,2,2,4,148,115,263,18,14,32,7,14,21,0,0,0,175,145,320
2020-12-26,6,8,14,332,324,656,57,48,105,40,36,76,0,0,0,435,416,851
2020-12-27,9,8,17,269,243,512,43,33,76,31,31,62,0,0,0,352,315,667
2020-12-28,8,12,20,445,433,878,66,54,120,66,51,117,0,0,0,585,550,1135
2020-12-29,10,19,29,455,476,931,76,86,162,74,48,122,0,0,0,615,629,1244
2020-12-30,15,19,34,517,485,1002,78,105,183,38,34,72,1,1,2,649,644,1293
2020-12-31,6,8,14,314,287,601,37,56,93,45,32,77,0,0,0,402,383,785
2021-01-01,2,9,11,126,153,279,17,10,27,14,13,27,0,1,1,159,186,345
2021-01-02,7,8,15,374,352,726,47,63,110,31,23,54,0,0,0,459,446,905
2021-01-03,11,15,26,364,355,719,44,51,95,32,32,64,0,1,1,451,454,905
2021-01-04,15,17,32,613,631,1244,67,58,125,65,49,114,0,0,0,760,755,1515
2021-01-05,16,15,31,586,549,1135,58,75,133,74,73,147,1,1,2,735,713,1448
2021-01-06,9,16,25,591,537,1128,60,65,125,62,52,114,2,2,4,724,672,1396
2021-01-07,8,8,16,496,517,1013,64,68,132,62,55,117,1,0,1,631,648,1279
2021-01-08,10,18,28,507,506,1013,67,47,114,43,45,88,0,2,2,627,618,1245
2021-01-09,7,11,18,404,412,816,57,54,111,29,32,61,1,0,1,498,509,1007
2021-01-10,6,10,16,291,303,594,37,42,79,17,26,43,1,0,1,352,381,733
2021-01-11,7,21,28,455,429,884,44,54,98,49,37,86,0,0,0,555,541,1096
2021-01-12,5,16,21,476,460,936,61,66,127,52,47,99,1,0,1,595,589,1184
2021-01-13,7,9,16,472,500,972,44,56,100,74,63,137,1,2,3,598,630,1228
2021-01-14,6,14,20,455,433,888,52,49,101,52,44,96,3,1,4,568,541,1109
2021-01-15,10,3,13,497,416,913,57,59,116,45,39,84,0,0,0,609,517,1126
2021-01-16,5,4,9,359,394,753,35,36,71,34,29,63,0,0,0,433,463,896
2021-01-17,7,8,15,332,316,648,27,25,52,33,23,56,2,0,2,401,372,773
2021-01-18,7,7,14,517,468,985,61,53,114,57,41,98,0,1,1,642,570,1212
2021-01-19,5,8,13,440,449,889,42,52,94,55,41,96,2,0,2,544,550,1094
2021-01-20,7,7,14,500,463,963,36,45,81,26,26,52,1,0,1,570,541,1111
2021-01-21,9,8,17,440,410,850,45,65,110,38,34,72,1,0,1,533,517,1050
2021-01-22,6,7,13,397,392,789,50,52,102,41,35,76,0,1,1,494,487,981
2021-01-23,3,15,18,334,330,664,22,38,60,31,28,59,0,0,0,390,411,801
2021-01-24,5,8,13,333,290,623,21,23,44,25,19,44,1,0,1,385,340,725
2021-01-25,7,14,21,488,437,925,38,54,92,60,36,96,1,0,1,594,541,1135
2021-01-26,7,12,19,450,468,918,39,33,72,35,28,63,0,1,1,531,542,1073
2021-01-27,7,5,12,395,381,776,34,28,62,32,37,69,0,0,0,468,451,919
2021-01-28,2,5,7,410,394,804,49,34,83,30,26,56,1,1,2,492,460,952
2021-01-29,1,5,6,373,432,805,43,53,96,29,27,56,1,0,1,447,517,964
2021-01-30,3,4,7,327,352,679,24,35,59,22,15,37,2,0,2,378,406,784
2021-01-31,2,5,7,318,352,670,27,38,65,27,23,50,0,1,1,374,419,793
2021-02-01,8,10,18,443,449,892,36,39,75,33,34,67,2,4,6,522,536,1058
2021-02-02,4,7,11,383,410,793,39,39,78,25,23,48,0,2,2,451,481,932
2021-02-03,3,9,12,399,374,773,38,38,76,37,39,76,3,1,4,480,461,941
2021-02-04,2,4,6,330,318,648,33,54,87,36,37,73,1,1,2,402,414,816
2021-02-05,5,12,17,302,291,593,32,49,81,26,32,58,0,2,2,365,386,751
2021-02-06,5,3,8,252,240,492,18,26,44,16,20,36,0,0,0,291,289,580
2021-02-07,1,4,5,199,195,394,23,26,49,23,20,43,0,0,0,246,245,491
2021-02-08,6,12,18,339,356,695,38,44,82,34,24,58,0,1,1,417,437,854
2021-02-09,7,3,10,283,240,523,29,35,64,17,23,40,0,0,0,336,301,637
2021-02-10,2,7,9,285,274,559,23,39,62,21,14,35,1,0,1,332,334,666
2021-02-11,3,7,10,264,279,543,27,31,58,21,19,40,0,0,0,315,336,651
2021-02-12,1,3,4,273,272,545,28,25,53,27,14,41,0,0,0,329,314,643
2021-02-13,2,4,6,220,185,405,31,25,56,17,34,51,0,0,0,270,248,518
2021-02-14,3,2,5,170,214,384,13,14,27,18,11,29,0,1,1,204,242,446
2021-02-15,4,6,10,192,215,407,14,24,38,19,21,40,0,0,0,229,266,495
2021-02-16,4,5,9,200,227,427,18,19,37,12,24,36,0,0,0,234,275,509
2021-02-17,3,5,8,319,290,609,26,38,64,33,31,64,0,0,0,381,364,745
2021-02-18,2,3,5,289,304,593,24,43,67,32,31,63,0,0,0,347,381,728
2021-02-19,1,7,8,300,280,580,31,25,56,30,16,46,1,2,3,363,330,693
2021-02-20,1,6,7,218,226,444,30,21,51,22,14,36,0,0,0,271,267,538
2021-02-21,3,3,6,197,224,421,22,20,42,21,21,42,0,0,0,243,268,511
2021-02-22,3,5,8,251,228,479,33,33,66,32,20,52,1,0,1,320,286,606
2021-02-23,2,8,10,281,243,524,31,25,56,26,26,52,0,0,0,340,302,642
2021-02-24,5,7,12,262,250,512,22,27,49,19,18,37,0,0,0,308,302,610
2021-02-25,0,5,5,275,296,571,24,40,64,44,36,80,1,0,1,344,377,721
2021-02-26,1,4,5,227,253,480,27,31,58,33,25,58,0,0,0,288,313,601
2021-02-27,2,7,9,197,200,397,23,28,51,27,19,46,0,0,0,249,254,503
2021-02-28,1,1,2,166,176,342,13,13,26,11,12,23,2,0,2,193,202,395
2021-03-01,3,5,8,288,273,561,30,33,63,33,32,65,1,0,1,355,343,698
2021-03-02,1,4,5,246,234,480,34,26,60,26,35,61,0,0,0,307,299,606
2021-03-03,5,5,10,285,284,569,36,32,68,30,15,45,0,0,0,356,336,692
2021-03-04,3,1,4,269,242,511,33,31,64,30,27,57,0,0,0,335,301,636
2021-03-05,2,6,8,300,289,589,49,52,101,34,33,67,1,0,1,386,380,766
2021-03-06,0,8,8,198,220,418,40,31,71,23,18,41,0,0,0,261,277,538
2021-03-07,1,4,5,191,205,396,25,29,54,30,15,45,0,0,0,247,253,500
2021-03-08,3,8,11,325,271,596,35,44,79,40,26,66,1,2,3,404,351,755
2021-03-09,0,9,9,301,304,605,37,41,78,53,47,100,1,0,1,392,401,793
2021-03-10,2,9,11,286,321,607,20,44,64,27,19,46,0,0,0,335,393,728
2021-03-11,1,5,6,291,329,620,41,43,84,46,26,72,0,0,0,379,403,782
2021-03-12,4,11,15,310,299,609,48,51,99,42,41,83,0,0,0,404,402,806
2021-03-13,1,5,6,233,233,466,53,37,90,32,39,71,1,2,3,320,316,636
2021-03-14,4,1,5,210,235,445,43,34,77,21,23,44,0,0,0,278,293,571
2021-03-15,2,1,3,381,289,670,33,43,76,27,28,55,0,0,0,443,361,804
2021-03-16,3,9,12,341,315,656,38,41,79,28,25,53,0,0,0,410,390,800
2021-03-17,4,7,11,313,291,604,37,46,83,57,40,97,0,1,1,411,385,796
2021-03-18,0,2,2,323,354,677,32,46,78,29,31,60,1,0,1,385,433,818
2021-03-19,4,5,9,346,369,715,48,49,97,29,38,67,0,0,0,427,461,888
2021-03-20,2,1,3,260,239,499,27,26,53,41,22,63,1,1,2,331,289,620
2021-03-21,2,1,3,273,266,539,22,40,62,32,30,62,0,0,0,329,337,666
2021-03-22,1,6,7,423,411,834,46,54,100,55,53,108,0,1,1,525,525,1050
2021-03-23,4,5,9,481,486,967,50,50,100,39,46,85,0,0,0,574,587,1161
2021-03-24,3,4,7,482,440,922,53,68,121,70,49,119,0,0,0,608,561,1169
2021-03-25,5,7,12,527,511,1038,60,81,141,67,78,145,0,0,0,659,677,1336
2021-03-26,1,8,9,582,593,1175,56,68,124,72,62,134,0,0,0,711,731,1442
2021-03-27,3,8,11,500,504,1004,77,77,154,30,35,65,0,0,0,610,624,1234
2021-03-28,3,6,9,504,450,954,52,68,120,43,26,69,1,0,1,603,550,1153
2021-03-29,6,9,15,719,636,1355,64,92,156,101,82,183,0,0,0,890,819,1709
2021-03-30,7,8,15,811,740,1551,77,105,182,65,66,131,0,0,0,960,919,1879
2021-03-31,9,7,16,840,793,1633,97,82,179,55,51,106,0,0,0,1001,933,1934
2021-04-01,1,14,15,807,793,1600,102,89,191,78,57,135,1,0,1,989,953,1942
2021-04-02,2,9,11,700,667,1367,67,90,157,60,51,111,0,0,0,829,817,1646
2021-04-03,4,6,10,748,748,1496,79,84,163,48,43,91,0,0,0,879,881,1760
2021-04-04,8,8,16,765,711,1476,61,72,133,62,53,115,0,0,0,896,844,1740
2021-04-05,5,16,21,1210,1223,2433,79,101,180,88,108,196,0,0,0,1382,1448,2830
2021-04-06,6,19,25,1212,1166,2378,82,102,184,73,61,134,0,0,0,1373,1348,2721
2021-04-07,7,20,27,1342,1228,2570,71,88,159,85,69,154,0,1,1,1505,1406,2911
2021-04-08,6,18,24,1178,1183,2361,89,109,198,97,65,162,0,0,0,1370,1375,2745
2021-04-09,7,17,24,1101,1124,2225,82,94,176,86,82,168,0,1,1,1276,1318,2594
2021-04-10,6,13,19,918,936,1854,83,111,194,68,53,121,0,0,0,1075,1113,2188
2021-04-11,1,8,9,863,914,1777,71,54,125,47,44,91,0,0,0,982,1020,2002
2021-04-12,11,10,21,1271,1172,2443,114,98,212,106,82,188,0,0,0,1502,1362,2864
2021-04-13,8,12,20,1165,1133,2298,83,79,162,92,90,182,1,0,1,1349,1314,2663
2021-04-14,7,16,23,1214,1264,2478,90,111,201,83,58,141,0,0,0,1394,1449,2843
2021-04-15,6,15,21,1127,1038,2165,84,83,167,71,74,145,0,1,1,1288,1211,2499
2021-04-16,10,11,21,1184,1181,2365,105,80,185,92,66,158,0,1,1,1391,1339,2730
2021-04-17,8,11,19,950,1024,1974,80,95,175,95,75,170,0,0,0,1133,1205,2338
2021-04-18,9,8,17,899,857,1756,73,78,151,57,56,113,0,0,0,1038,999,2037
2021-04-19,5,16,21,1340,1285,2625,75,97,172,98,85,183,0,0,0,1518,1483,3001
2021-04-20,6,12,18,1297,1240,2537,98,88,186,88,106,194,0,0,0,1489,1446,2935
2021-04-21,7,6,13,1267,1270,2537,71,94,165,82,51,133,0,0,0,1427,1421,2848
2021-04-22,6,9,15,1086,1117,2203,74,78,152,84,61,145,0,0,0,1250,1265,2515
2021-04-23,5,11,16,1180,1167,2347,64,77,141,45,72,117,0,0,0,1294,1327,2621
2021-04-24,3,13,16,804,814,1618,67,67,134,63,47,110,0,0,0,937,941,1878
2021-04-25,3,7,10,780,779,1559,48,63,111,61,33,94,0,0,0,892,882,1774
2021-04-26,12,18,30,1028,1044,2072,82,78,160,88,87,175,0,0,0,1210,1227,2437
2021-04-27,7,25,32,1026,1071,2097,75,89,164,55,61,116,0,0,0,1163,1246,2409
2021-04-28,6,20,26,1096,998,2094,70,86,156,47,56,103,1,0,1,1220,1160,2380
2021-04-29,7,11,18,997,1034,2031,61,75,136,55,57,112,0,0,0,1120,1177,2297
2021-04-30,4,8,12,1019,1090,2109,63,79,142,60,54,114,0,0,0,1146,1231,2377
2021-05-01,6,3,9,668,679,1347,70,69,139,47,55,102,0,0,0,791,806,1597
2021-05-02,4,11,15,673,710,1383,46,54,100,29,33,62,0,0,0,752,808,1560
2021-05-03,5,6,11,1129,1136,2265,90,99,189,73,71,144,0,0,0,1297,1312,2609
2021-05-04,8,13,21,1034,953,1987,61,81,142,85,70,155,0,0,0,1188,1117,2305
2021-05-05,5,10,15,887,941,1828,61,79,140,45,44,89,0,0,0,998,1074,2072
2021-05-06,2,4,6,791,858,1649,52,56,108,54,40,94,0,0,0,899,958,1857
2021-05-07,1,8,9,858,907,1765,59,57,116,52,42,94,0,0,0,970,1014,1984
2021-05-08,4,9,13,661,678,1339,56,39,95,48,48,96,0,0,0,769,774,1543
2021-05-09,7,8,15,578,599,1177,53,44,97,41,38,79,0,0,0,679,689,1368
2021-05-10,7,6,13,1086,1145,2231,76,96,172,91,83,174,0,0,0,1260,1330,2590
2021-05-11,3,6,9,1000,997,1997,79,105,184,62,65,127,0,0,0,1144,1173,2317
2021-05-12,8,10,18,1005,1003,2008,65,81,146,76,67,143,0,0,0,1154,1161,2315
2021-05-13,3,6,9,909,885,1794,52,63,115,49,43,92,0,1,1,1013,998,2011
2021-05-14,5,15,20,1080,1143,2223,78,104,182,73,67,140,0,0,0,1236,1329,2565
2021-05-15,6,9,15,821,813,1634,75,70,145,57,59,116,0,0,0,959,951,1910
2021-05-16,6,17,23,722,728,1450,59,74,133,87,59,146,0,0,0,874,878,1752
2021-05-17,12,16,28,1346,1376,2722,105,120,225,97,73,170,0,0,0,1560,1585,3145
2021-05-18,7,11,18,1284,1306,2590,89,68,157,71,67,138,0,0,0,1451,1452,2903
2021-05-19,4,19,23,1319,1291,2610,65,88,153,81,52,133,0,0,0,1469,1450,2919
2021-05-20,3,13,16,1160,1213,2373,72,91,163,71,59,130,0,0,0,1306,1376,2682
2021-05-21,7,11,18,1106,1145,2251,80,82,162,49,66,115,0,0,0,1242,1304,2546
2021-05-22,6,9,15,767,799,1566,72,70,142,64,54,118,0,0,0,909,932,1841
2021-05-23,7,9,16,809,708,1517,62,78,140,46,39,85,0,0,0,924,834,1758
2021-05-24,4,19,23,1081,1014,2095,95,86,181,81,75,156,1,0,1,1262,1194,2456
2021-05-25,13,13,26,1039,994,2033,64,76,140,45,45,90,0,0,0,1161,1128,2289
2021-05-26,10,14,24,1255,1228,2483,78,94,172,87,92,179,0,0,0,1430,1428,2858
2021-05-27,10,13,23,1131,1133,2264,88,94,182,70,70,140,0,0,0,1299,1310,2609
2021-05-28,7,9,16,1051,1062,2113,83,102,185,71,74,145,0,0,0,1212,1247,2459
2021-05-29,4,8,12,735,789,1524,59,89,148,68,65,133,0,0,0,866,951,1817
2021-05-30,4,12,16,597,634,1231,46,46,92,29,38,67,0,0,0,676,730,1406
2021-05-31,9,15,24,968,1072,2040,59,66,125,40,42,82,1,0,1,1077,1195,2272
2021-06-01,9,12,21,840,881,1721,80,71,151,43,44,87,0,0,0,972,1008,1980
2021-06-02,5,13,18,707,716,1423,58,76,134,43,43,86,0,0,0,813,848,1661
2021-06-03,1,10,11,730,786,1516,53,54,107,47,40,87,0,0,0,831,890,1721
2021-06-04,5,17,22,728,771,1499,40,64,104,50,52,102,0,0,0,823,904,1727
2021-06-05,6,14,20,576,557,1133,40,46,86,41,44,85,0,0,0,663,661,1324
2021-06-06,4,7,11,508,497,1005,37,42,79,39,41,80,0,0,0,588,587,1175
2021-06-07,7,11,18,835,835,1670,55,44,99,29,36,65,0,0,0,926,926,1852
2021-06-08,4,13,17,685,692,1377,61,68,129,45,36,81,0,0,0,795,809,1604
2021-06-09,5,9,14,704,643,1347,40,39,79,52,44,96,0,0,0,801,735,1536
2021-06-10,6,8,14,773,772,1545,42,46,88,31,33,64,0,0,0,852,859,1711
2021-06-11,4,6,10,694,696,1390,41,48,89,29,38,67,0,0,0,768,788,1556
2021-06-12,3,9,12,397,414,811,49,60,109,41,35,76,0,0,0,490,518,1008
2021-06-13,2,5,7,445,475,920,40,46,86,30,25,55,0,0,0,517,551,1068
2021-06-14,8,5,13,750,732,1482,43,76,119,38,39,77,0,0,0,839,852,1691
2021-06-15,5,10,15,620,614,1234,47,59,106,48,32,80,0,0,0,720,715,1435
2021-06-16,7,10,17,558,545,1103,41,51,92,31,31,62,0,0,0,637,637,1274
2021-06-17,5,7,12,585,615,1200,47,40,87,29,29,58,0,0,0,666,691,1357
2021-06-18,7,11,18,495,520,1015,46,44,90,26,33,59,0,0,0,574,608,1182
2021-06-19,4,2,6,338,367,705,40,41,81,34,40,74,0,0,0,416,450,866
2021-06-20,4,1,5,320,302,622,28,37,65,28,28,56,0,0,0,380,368,748
2021-06-21,6,15,21,397,415,812,39,44,83,41,47,88,0,1,1,483,522,1005
2021-06-22,7,5,12,662,686,1348,52,62,114,32,39,71,0,0,0,753,792,1545
2021-06-23,6,6,12,604,540,1144,39,47,86,26,24,50,0,0,0,675,617,1292
2021-06-24,7,7,14,592,628,1220,45,55,100,38,43,81,0,0,0,682,733,1415
2021-06-25,4,5,9,598,683,1281,59,52,111,34,40,74,0,0,0,695,780,1475
2021-06-26,3,7,10,404,396,800,37,50,87,42,34,76,0,0,0,486,487,973
2021-06-27,2,9,11,326,338,664,32,45,77,28,20,48,0,0,0,388,412,800
2021-06-28,4,11,15,521,528,1049,30,38,68,25,24,49,0,0,0,580,601,1181
2021-06-29,3,5,8,473,511,984,35,39,74,19,16,35,0,0,0,530,571,1101
2021-06-30,3,8,11,476,499,975,31,34,65,29,31,60,0,0,0,539,572,1111
2021-07-01,5,6,11,468,480,948,32,42,74,31,27,58,0,1,1,536,556,1092
2021-07-02,4,4,8,464,459,923,29,42,71,30,30,60,1,0,1,528,535,1063
2021-07-03,1,7,8,316,311,627,28,47,75,34,24,58,0,0,0,379,389,768
2021-07-04,0,5,5,280,254,534,30,21,51,36,19,55,0,0,0,346,299,645
2021-07-05,4,8,12,521,481,1002,44,31,75,22,22,44,0,0,0,591,542,1133
2021-07-06,7,6,13,473,425,898,27,29,56,31,27,58,0,0,0,538,487,1025
2021-07-07,3,8,11,421,384,805,35,34,69,32,27,59,0,0,0,491,453,944
2021-07-08,7,5,12,463,486,949,44,38,82,28,31,59,0,0,0,542,560,1102
2021-07-09,2,2,4,321,323,644,23,21,44,29,32,61,0,0,0,375,378,753
2021-07-10,1,4,5,332,345,677,25,38,63,22,34,56,0,0,0,380,421,801
2021-07-11,4,7,11,286,291,577,17,21,38,20,27,47,0,0,0,327,346,673
2021-07-12,6,6,12,464,461,925,38,35,73,27,26,53,0,0,0,535,528,1063
2021-07-13,4,1,5,397,419,816,21,15,36,19,25,44,0,0,0,441,460,901
2021-07-14,7,6,13,380,423,803,25,25,50,29,17,46,0,0,0,441,471,912
2021-07-15,4,6,10,416,404,820,22,30,52,16,23,39,0,0,0,458,463,921
2021-07-16,3,7,10,375,427,802,25,18,43,15,16,31,0,1,1,418,469,887
2021-07-17,2,7,9,302,282,584,16,16,32,21,20,41,0,0,0,341,325,666
2021-07-18,3,5,8,209,211,420,11,21,32,14,14,28,0,0,0,237,251,488
2021-07-19,0,3,3,352,367,719,26,26,52,19,12,31,0,0,0,397,408,805
2021-07-20,2,6,8,297,319,616,20,13,33,16,16,32,0,0,0,335,354,689
2021-07-21,5,5,10,305,347,652,18,19,37,12,13,25,0,0,0,340,384,724
2021-07-22,4,1,5,341,302,643,20,22,42,25,29,54,0,1,1,390,355,745
2021-07-23,2,1,3,315,344,659,32,27,59,26,18,44,0,0,0,375,390,765
2021-07-24,1,2,3,240,231,471,19,14,33,19,26,45,0,0,0,279,273,552
2021-07-25,1,4,5,229,222,451,12,16,28,5,8,13,0,0,0,247,250,497
2021-07-26,3,3,6,371,370,741,22,35,57,18,18,36,0,0,0,414,426,840
2021-07-27,3,7,10,308,307,615,18,23,41,17,16,33,0,0,0,346,353,699
2021-07-28,2,6,8,239,286,525,20,17,37,5,11,16,1,0,1,267,320,587
2021-07-29,1,3,4,292,279,571,7,12,19,7,13,20,0,0,0,307,307,614
2021-07-30,2,2,4,287,322,609,22,24,46,20,23,43,0,0,0,331,371,702
2021-07-31,0,5,5,207,226,433,15,29,44,17,13,30,0,1,1,239,274,513
2021-08-01,2,5,7,210,214,424,15,23,38,16,13,29,0,0,0,243,255,498
2021-08-02,4,2,6,363,402,765,19,16,35,11,12,23,0,0,0,397,432,829
2021-08-03,5,2,7,336,331,667,15,10,25,18,12,30,0,0,0,374,355,729
2021-08-04,2,3,5,292,288,580,20,22,42,12,8,20,0,0,0,326,321,647
2021-08-05,2,2,4,329,351,680,12,14,26,7,9,16,0,1,1,350,377,727
2021-08-06,2,4,6,314,347,661,18,23,41,14,23,37,0,0,0,348,397,745
2021-08-07,1,0,1,174,214,388,18,18,36,14,9,23,0,0,0,207,241,448
2021-08-08,2,3,5,161,196,357,17,10,27,10,17,27,0,0,0,190,226,416
2021-08-09,2,2,4,259,260,519,12,12,24,7,4,11,0,1,1,280,279,559
2021-08-10,1,3,4,258,279,537,7,8,15,4,7,11,0,0,0,270,297,567
2021-08-11,2,2,4,231,271,502,9,16,25,11,16,27,0,0,0,253,305,558
2021-08-12,2,2,4,228,242,470,12,17,29,8,11,19,0,0,0,250,272,522
2021-08-13,0,3,3,217,233,450,7,11,18,9,8,17,0,0,0,233,255,488
2021-08-14,2,2,4,154,161,315,10,12,22,12,8,20,0,0,0,178,183,361
2021-08-15,0,5,5,137,130,267,6,6,12,8,8,16,0,0,0,151,149,300
2021-08-16,1,4,5,154,153,307,8,11,19,7,13,20,0,0,0,170,181,351
2021-08-17,1,2,3,241,214,455,14,10,24,17,20,37,0,0,0,273,246,519
2021-08-18,2,3,5,236,223,459,14,10,24,9,9,18,0,0,0,261,245,506
2021-08-19,1,4,5,200,187,387,10,13,23,11,6,17,0,0,0,222,210,432
2021-08-20,1,2,3,203,253,456,12,11,23,7,2,9,0,1,1,223,269,492
2021-08-21,0,1,1,118,139,257,7,12,19,7,10,17,0,1,1,132,163,295
2021-08-22,2,0,2,112,125,237,7,9,16,7,4,11,0,0,0,128,138,266
2021-08-23,1,3,4,169,151,320,6,11,17,7,3,10,0,0,0,183,168,351
2021-08-24,1,4,5,152,169,321,8,6,14,7,5,12,0,0,0,168,184,352
2021-08-25,1,3,4,144,161,305,5,5,10,8,7,15,0,0,0,158,176,334
2021-08-26,1,0,1,157,154,311,10,9,19,2,5,7,0,0,0,170,168,338
2021-08-27,0,0,0,143,155,298,5,9,14,7,7,14,0,0,0,155,171,326
2021-08-28,0,2,2,105,97,202,7,9,16,5,6,11,0,0,0,117,114,231
2021-08-29,0,1,1,101,105,206,4,5,9,6,9,15,0,0,0,111,120,231
2021-08-30,1,4,5,118,158,276,12,10,22,6,7,13,0,0,0,137,179,316
2021-08-31,2,2,4,138,131,269,9,12,21,10,7,17,0,0,0,159,152,311
2021-09-01,3,1,4,116,150,266,12,11,23,1,5,6,0,0,0,132,167,299
2021-09-02,1,0,1,111,133,244,7,8,15,4,8,12,0,1,1,123,150,273
2021-09-03,1,2,3,129,147,276,5,4,9,5,11,16,0,0,0,140,164,304
2021-09-04,0,1,1,51,72,123,2,4,6,2,5,7,0,0,0,55,82,137
2021-09-05,0,4,4,79,59,138,6,4,10,4,5,9,0,0,0,89,72,161
2021-09-06,1,1,2,120,106,226,4,5,9,4,3,7,1,0,1,130,115,245
2021-09-07,1,3,4,91,93,184,3,4,7,2,2,4,0,0,0,97,102,199
2021-09-08,0,3,3,93,89,182,1,3,4,2,1,3,0,0,0,96,96,192
2021-09-09,0,1,1,82,85,167,10,7,17,3,3,6,0,0,0,95,96,191
2021-09-10,0,4,4,114,100,214,3,6,9,4,2,6,0,0,0,121,112,233
2021-09-11,1,1,2,65,65,130,6,3,9,1,1,2,0,0,0,73,70,143
2021-09-12,0,2,2,53,73,126,3,2,5,1,1,2,0,0,0,57,78,135
2021-09-13,2,1,3,97,102,199,3,3,6,5,3,8,0,0,0,107,109,216
2021-09-14,1,1,2,75,86,161,2,5,7,3,3,6,1,0,1,82,95,177
2021-09-15,1,2,3,80,92,172,1,1,2,1,2,3,0,0,0,83,97,180
2021-09-16,0,0,0,83,85,168,3,1,4,1,1,2,0,0,0,87,87,174
2021-09-17,0,0,0,78,89,167,5,4,9,0,3,3,0,0,0,83,96,179
2021-09-18,0,2,2,47,45,92,2,0,2,1,2,3,0,0,0,50,49,99
2021-09-19,0,0,0,40,44,84,1,1,2,4,2,6,0,0,0,45,47,92
2021-09-20,1,1,2,55,56,111,4,1,5,4,0,4,0,0,0,64,58,122
2021-09-21,0,1,1,72,61,133,2,1,3,0,0,0,0,0,0,74,63,137
2021-09-22,0,0,0,62,56,118,1,1,2,2,1,3,0,0,0,65,58,123
2021-09-23,0,0,0,61,74,135,2,0,2,2,1,3,0,0,0,65,75,140
2021-09-24,0,0,0,75,70,145,2,4,6,1,2,3,0,0,0,78,76,154
2021-09-25,1,3,4,34,48,82,4,2,6,2,2,4,0,0,0,41,55,96
2021-09-26,0,0,0,27,37,64,6,5,11,1,0,1,0,0,0,34,42,76
2021-09-27,0,0,0,52,63,115,2,1,3,2,3,5,0,0,0,56,67,123
2021-09-28,0,1,1,51,50,101,0,1,1,2,4,6,0,0,0,53,56,109
2021-09-29,1,1,2,40,59,99,1,0,1,4,1,5,0,0,0,46,61,107
2021-09-30,0,0,0,39,40,79,2,0,2,4,1,5,0,0,0,45,41,86
2021-10-01,0,1,1,48,70,118,3,1,4,4,1,5,0,0,0,55,73,128
2021-10-02,0,2,2,27,41,68,2,1,3,2,1,3,0,0,0,31,45,76
2021-10-03,0,0,0,27,32,59,0,1,1,0,0,0,0,0,0,27,33,60
2021-10-04,0,0,0,48,52,100,1,1,2,0,2,2,0,0,0,49,55,104
2021-10-05,0,1,1,61,62,123,0,1,1,1,1,2,0,0,0,62,65,127
2021-10-06,1,0,1,62,78,140,4,3,7,0,1,1,0,0,0,67,82,149
2021-10-07,0,0,0,52,50,102,2,2,4,1,2,3,0,0,0,55,54,109
2021-10-08,0,0,0,41,29,70,1,2,3,1,2,3,0,0,0,43,33,76
2021-10-09,0,0,0,25,31,56,1,2,3,3,3,6,0,0,0,29,36,65
2021-10-10,0,0,0,46,34,80,3,4,7,0,5,5,0,0,0,49,43,92
2021-10-11,1,0,1,47,49,96,3,3,6,0,2,2,0,0,0,51,54,105
2021-10-12,1,1,2,83,90,173,1,5,6,5,4,9,1,1,2,91,101,192
2021-10-13,0,0,0,69,78,147,6,4,10,1,0,1,0,0,0,76,82,158
2021-10-14,1,0,1,86,100,186,6,3,9,3,1,4,0,0,0,96,104,200
2021-10-15,0,0,0,58,79,137,4,1,5,4,3,7,1,0,1,67,83,150
2021-10-16,1,0,1,40,53,93,8,7,15,3,4,7,0,0,0,52,64,116
2021-10-17,0,1,1,35,26,61,5,0,5,4,3,7,0,0,0,44,30,74
2021-10-18,0,0,0,62,62,124,4,4,8,3,2,5,0,0,0,69,68,137
2021-10-19,0,1,1,64,82,146,1,2,3,5,2,7,0,0,0,70,87,157
2021-10-20,0,3,3,78,120,198,5,1,6,2,4,6,0,0,0,85,128,213
2021-10-21,0,1,1,109,126,235,1,10,11,2,2,4,0,0,0,112,139,251
2021-10-22,1,0,1,98,124,222,1,2,3,3,3,6,0,0,0,103,129,232
2021-10-23,0,0,0,65,64,129,3,5,8,2,1,3,0,0,0,70,70,140
2021-10-24,0,1,1,59,52,111,4,3,7,0,2,2,0,0,0,63,58,121
2021-10-25,0,0,0,76,109,185,2,3,5,1,1,2,0,0,0,79,113,192
2021-10-26,1,0,1,95,80,175,4,4,8,1,2,3,0,1,1,101,87,188
2021-10-27,0,0,0,93,100,193,2,4,6,1,3,4,0,0,0,96,107,203
2021-10-28,0,2,2,86,87,173,4,3,7,5,2,7,0,0,0,95,94,189
2021-10-29,0,2,2,83,97,180,5,0,5,5,2,7,0,0,0,93,101,194
2021-10-30,0,0,0,65,71,136,3,4,7,4,2,6,0,0,0,72,77,149
2021-10-31,2,3,5,54,58,112,3,3,6,0,6,6,0,0,0,59,70,129
2021-11-01,0,1,1,71,87,158,1,3,4,3,10,13,0,1,1,75,102,177
2021-11-02,0,1,1,70,77,147,3,3,6,2,3,5,0,0,0,75,84,159
2021-11-03,0,2,2,82,100,182,5,6,11,1,6,7,0,0,0,88,114,202
2021-11-04,0,1,1,113,95,208,3,6,9,3,3,6,0,0,0,119,105,224
2021-11-05,1,0,1,78,90,168,1,5,6,4,2,6,0,0,0,84,97,181
2021-11-06,1,2,3,79,85,164,3,9,12,8,5,13,1,1,2,92,102,194
2021-11-07,3,1,4,53,60,113,3,3,6,4,0,4,0,0,0,63,64,127
2021-11-08,0,0,0,94,106,200,4,4,8,4,2,6,0,0,0,102,112,214
2021-11-09,0,1,1,91,120,211,5,6,11,3,2,5,0,0,0,99,129,228
2021-11-10,2,2,4,116,124,240,2,5,7,4,7,11,1,0,1,125,138,263
2021-11-11,0,1,1,114,107,221,2,4,6,2,3,5,0,0,0,118,115,233
2021-11-12,0,1,1,107,125,232,3,3,6,4,10,14,0,0,0,114,139,253
2021-11-13,0,0,0,83,94,177,3,7,10,4,2,6,0,0,0,90,103,193
2021-11-14,0,0,0,70,69,139,3,9,12,5,2,7,0,0,0,78,80,158
2021-11-15,0,2,2,88,125,213,2,8,10,3,7,10,0,0,0,93,142,235
2021-11-16,1,3,4,89,100,189,8,7,15,9,5,14,0,0,0,107,115,222
2021-11-17,0,2,2,115,101,216,2,7,9,2,5,7,0,0,0,119,115,234
2021-11-18,2,1,3,108,96,204,10,11,21,4,2,6,0,0,0,124,110,234
2021-11-19,1,3,4,90,102,192,6,5,11,6,7,13,0,0,0,103,117,220
2021-11-20,0,2,2,85,80,165,4,10,14,6,7,13,0,0,0,95,99,194
2021-11-21,0,0,0,77,90,167,7,5,12,7,9,16,0,0,0,91,104,195
2021-11-22,0,1,1,76,90,166,3,14,17,8,6,14,0,0,0,87,111,198
2021-11-23,1,2,3,125,156,281,8,7,15,10,6,16,0,0,0,144,171,315
2021-11-24,0,0,0,143,132,275,5,9,14,8,8,16,0,1,1,156,150,306
2021-11-25,0,2,2,115,147,262,2,8,10,5,3,8,1,1,2,123,161,284
2021-11-26,1,1,2,123,140,263,7,10,17,4,6,10,0,0,0,135,157,292
2021-11-27,0,0,0,110,103,213,9,7,16,5,7,12,0,0,0,124,117,241
2021-11-28,0,3,3,104,89,193,2,7,9,6,4,10,0,0,0,112,103,215
2021-11-29,0,1,1,148,192,340,4,6,10,9,13,22,0,0,0,161,212,373
2021-11-30,0,1,1,169,181,350,6,5,11,8,10,18,0,0,0,183,197,380
2021-12-01,0,4,4,172,208,380,4,8,12,18,16,34,0,1,1,194,237,431
2021-12-02,3,2,5,191,213,404,6,11,17,7,9,16,0,1,1,207,236,443
2021-12-03,1,2,3,137,184,321,8,13,21,11,13,24,0,0,0,157,212,369
2021-12-04,0,1,1,141,163,304,8,9,17,12,14,26,0,1,1,161,188,349
2021-12-05,1,1,2,121,129,250,9,9,18,12,15,27,0,0,0,143,154,297
2021-12-06,0,8,8,227,244,471,9,14,23,8,14,22,1,0,1,245,280,525
2021-12-07,1,2,3,210,272,482,8,17,25,12,12,24,0,0,0,231,303,534
2021-12-08,1,2,3,184,190,374,10,17,27,9,20,29,0,0,0,204,229,433
2021-12-09,3,4,7,295,322,617,15,13,28,12,23,35,0,0,0,325,362,687
2021-12-10,0,2,2,274,287,561,10,18,28,16,12,28,0,0,0,300,319,619
2021-12-11,1,1,2,215,258,473,8,13,21,26,22,48,0,0,0,250,294,544
2021-12-12,3,3,6,223,206,429,14,12,26,11,18,29,1,0,1,252,239,491
2021-12-13,2,2,4,343,371,714,17,24,41,31,24,55,0,1,1,393,422,815
2021-12-14,2,3,5,377,412,789,24,17,41,41,32,73,0,1,1,444,465,909
2021-12-15,5,5,10,400,400,800,29,33,62,28,31,59,0,1,1,462,470,932
2021-12-16,5,3,8,512,442,954,41,36,77,36,44,80,2,0,2,596,525,1121
2021-12-17,0,3,3,463,476,939,25,32,57,40,38,78,0,0,0,528,549,1077
2021-12-18,2,3,5,405,394,799,26,33,59,43,38,81,0,1,1,476,469,945
2021-12-19,4,10,14,392,446,838,24,32,56,41,29,70,0,1,1,461,518,979
2021-12-20,2,6,8,735,832,1567,30,29,59,37,51,88,1,0,1,805,918,1723
2021-12-21,3,11,14,940,1139,2079,41,33,74,60,50,110,2,2,4,1046,1235,2281
2021-12-22,4,17,21,1392,1579,2971,47,71,118,54,47,101,1,0,1,1498,1714,3212
2021-12-23,4,21,25,1431,1476,2907,60,63,123,73,64,137,2,2,4,1570,1626,3196
2021-12-24,5,7,12,1010,1048,2058,31,39,70,45,43,88,1,4,5,1092,1141,2233
2021-12-25,4,5,9,724,763,1487,28,43,71,32,26,58,0,2,2,788,839,1627
2021-12-26,6,13,19,1734,1857,3591,63,76,139,81,117,198,1,1,2,1885,2064,3949
2021-12-27,12,25,37,2949,3254,6203,54,56,110,63,74,137,0,1,1,3078,3410,6488
2021-12-28,5,9,14,3688,4310,7998,34,50,84,46,37,83,0,2,2,3773,4408,8181
2021-12-29,11,20,31,4200,4702,8902,35,42,77,63,54,117,0,2,2,4309,4820,9129
2021-12-30,4,7,11,4136,4811,8947,16,25,41,68,84,152,0,0,0,4224,4927,9151
2021-12-31,4,3,7,2422,2759,5181,18,16,34,37,43,80,0,1,1,2481,2822,5303
2022-01-01,1,4,5,1733,1850,3583,4,6,10,33,44,77,0,1,1,1771,1905,3676
2022-01-02,1,0,1,3791,4379,8170,8,11,19,35,37,72,0,0,0,3835,4427,8262
2022-01-03,4,15,19,6583,7650,14233,22,20,42,116,108,224,0,0,0,6725,7793,14518
2022-01-04,6,13,19,6965,8096,15061,30,33,63,224,287,511,0,1,1,7225,8430,15655
2022-01-05,9,12,21,6863,8333,15196,34,44,78,256,287,543,1,1,2,7163,8677,15840
2022-01-06,2,6,8,6814,7959,14773,31,35,66,315,360,675,1,2,3,7163,8362,15525
2022-01-07,0,12,12,6108,7252,13360,21,19,40,217,274,491,0,1,1,6346,7558,13904
2022-01-08,3,6,9,4404,5181,9585,6,5,11,125,107,232,0,0,0,4538,5299,9837
2022-01-09,5,3,8,4398,5006,9404,15,14,29,151,163,314,0,0,0,4569,5186,9755
2022-01-10,10,25,35,7085,8080,15165,16,18,34,347,335,682,0,1,1,7458,8459,15917
2022-01-11,8,9,17,6094,6931,13025,13,22,35,537,609,1146,0,1,1,6652,7572,14224
2022-01-12,6,10,16,2329,2715,5044,21,18,39,4597,5347,9944,0,0,0,6953,8090,15043
2022-01-13,1,4,5,991,1200,2191,5,15,20,4372,4986,9358,0,0,0,5369,6205,11574
2022-01-14,3,4,7,417,553,970,6,11,17,6187,6991,13178,0,0,0,6613,7559,14172
2022-01-15,4,5,9,342,467,809,17,19,36,4341,4662,9003,0,0,0,4704,5153,9857
2022-01-16,4,2,6,251,360,611,7,10,17,4418,5172,9590,0,0,0,4680,5544,10224
2022-01-17,6,9,15,309,406,715,10,16,26,6270,7169,13439,0,0,0,6595,7600,14195
2022-01-18,6,6,12,274,366,640,14,20,34,5642,6454,12096,0,0,0,5936,6846,12782
2022-01-19,2,6,8,147,161,308,7,6,13,3502,4190,7692,0,0,0,3658,4363,8021
2022-01-20,1,6,7,15,11,26,2,1,3,265,285,550,0,0,0,283,303,586
2022-01-21,0,0,0,0,0,0,0,0,0,0,0,0,0,0,0,0,0,0
2022-01-22,0,0,0,0,0,0,0,0,0,0,0,0,0,0,0,0,0,0
