FECHA,<=10M,<=10F,<=10,11-20M,11-20F,11-20,21-30M,21-30F,21-30,31-40M,31-40F,31-40,41-50M,41-50F,41-50,51-60M,51-60F,51-60,61-70M,61-70F,61-70,71-80M,71-80F,71-80,81-90M,81-90F,81-90,>=91M,>=91F,>=91,TotalM,TotalF,Total,DelayCount,CumDelay,DelayAvg
2020-03-15,1,0,1,0,0,0,0,2,2,2,1,3,1,1,2,1,0,1,1,0,1,1,1,2,0,0,0,0,0,0,7,5,12,12,41,3.4166666666666665
2020-03-16,1,2,3,1,1,2,1,1,2,1,1,2,0,0,0,2,0,2,2,1,3,0,0,0,0,0,0,0,0,0,8,6,14,14,50,3.5714285714285716
2020-03-17,1,4,5,0,1,1,1,1,2,1,0,1,0,2,2,1,1,2,1,1,2,2,2,4,1,0,1,0,0,0,8,12,20,20,355,17.75
2020-03-18,2,1,3,0,0,0,0,0,0,2,1,3,0,2,2,1,1,2,0,2,2,1,0,1,1,0,1,0,0,0,7,7,14,14,22,1.5714285714285714
2020-03-19,1,0,1,0,0,0,3,2,5,2,2,4,1,1,2,0,0,0,1,1,2,1,1,2,0,0,0,1,0,1,10,7,17,17,36,2.1176470588235294
2020-03-20,1,1,2,1,0,1,0,0,0,1,2,3,0,1,1,0,1,1,0,1,1,2,2,4,1,0,1,0,0,0,6,8,14,14,28,2.0
2020-03-21,0,0,0,2,0,2,0,2,2,2,1,3,1,1,2,0,0,0,2,2,4,1,1,2,0,0,0,1,0,1,9,7,16,16,47,2.9375
2020-03-22,1,0,1,0,0,0,3,1,4,0,0,0,0,0,0,2,1,3,0,1,1,2,0,2,3,2,5,0,0,0,11,5,16,16,39,2.4375
2020-03-23,2,0,2,0,2,2,1,1,2,2,1,3,0,1,1,2,0,2,2,0,2,4,3,7,3,3,6,0,2,2,16,13,29,29,59,2.0344827586206895
2020-03-24,1,0,1,0,0,0,1,1,2,1,1,2,0,1,1,2,1,3,0,1,1,2,0,2,2,1,3,1,0,1,10,6,16,16,25,1.5625
2020-03-25,1,2,3,0,0,0,2,3,5,1,4,5,1,0,1,1,2,3,2,1,3,2,2,4,2,4,6,2,1,3,14,19,33,33,46,1.393939393939394
2020-03-26,4,3,7,2,0,2,1,2,3,4,2,6,1,4,5,3,2,5,1,3,4,3,1,4,4,0,4,3,1,4,26,18,44,44,160,3.6363636363636362
2020-03-27,2,2,4,0,1,1,1,2,3,3,0,3,1,4,5,1,3,4,1,5,6,4,6,10,3,2,5,2,6,8,18,31,49,49,111,2.2653061224489797
2020-03-28,2,0,2,0,0,0,1,2,3,2,1,3,1,1,2,3,1,4,3,0,3,4,6,10,2,1,3,1,0,1,19,12,31,31,107,3.4516129032258065
2020-03-29,1,0,1,1,1,2,1,2,3,2,0,2,2,2,4,0,0,0,6,3,9,4,1,5,4,2,6,2,1,3,23,12,35,35,78,2.2285714285714286
2020-03-30,3,1,4,0,0,0,1,5,6,1,2,3,5,2,7,1,1,2,5,1,6,3,5,8,5,1,6,3,2,5,27,20,47,47,92,1.9574468085106382
2020-03-31,7,2,9,1,0,1,3,1,4,3,2,5,4,1,5,2,1,3,4,1,5,6,3,9,2,3,5,4,0,4,36,14,50,50,98,1.96
2020-04-01,7,8,15,0,2,2,4,3,7,3,2,5,10,4,14,3,3,6,4,3,7,6,2,8,5,6,11,0,1,1,42,34,76,76,181,2.3815789473684212
2020-04-02,4,7,11,5,4,9,2,4,6,3,4,7,3,3,6,1,6,7,7,4,11,6,6,12,5,6,11,2,4,6,38,48,86,86,157,1.8255813953488371
2020-04-03,14,7,21,3,3,6,4,5,9,6,7,13,4,9,13,2,4,6,8,4,12,5,3,8,5,7,12,1,5,6,52,54,106,106,195,1.8396226415094339
2020-04-04,7,8,15,2,1,3,2,6,8,2,10,12,4,2,6,5,0,5,5,2,7,2,4,6,4,2,6,1,3,4,34,38,72,72,117,1.625
2020-04-05,5,6,11,4,2,6,5,1,6,5,1,6,8,1,9,4,2,6,1,10,11,5,8,13,4,4,8,2,3,5,43,38,81,81,135,1.6666666666666667
2020-04-06,10,7,17,3,2,5,6,3,9,10,2,12,9,4,13,7,2,9,4,7,11,11,4,15,7,4,11,1,2,3,68,37,105,105,163,1.5523809523809524
2020-04-07,7,9,16,1,2,3,5,3,8,5,6,11,4,4,8,7,2,9,4,3,7,6,8,14,6,11,17,2,1,3,47,49,96,96,112,1.1666666666666667
2020-04-08,7,5,12,2,1,3,2,5,7,5,2,7,7,4,11,5,3,8,6,5,11,9,4,13,2,3,5,3,6,9,48,38,86,86,106,1.2325581395348837
2020-04-09,1,2,3,2,2,4,2,7,9,11,9,20,3,5,8,7,5,12,4,2,6,7,9,16,3,9,12,4,5,9,44,55,99,99,132,1.3333333333333333
2020-04-10,13,2,15,3,3,6,2,5,7,4,1,5,8,1,9,2,5,7,5,2,7,1,9,10,4,8,12,2,4,6,44,40,84,84,108,1.2857142857142858
2020-04-11,5,4,9,2,2,4,8,4,12,5,3,8,4,1,5,1,3,4,3,6,9,7,2,9,4,7,11,1,5,6,40,37,77,77,96,1.2467532467532467
2020-04-12,7,5,12,2,0,2,0,2,2,5,2,7,3,5,8,7,1,8,2,3,5,3,8,11,3,4,7,1,2,3,33,32,65,65,105,1.6153846153846154
2020-04-13,5,7,12,4,3,7,8,6,14,4,7,11,4,3,7,4,5,9,7,4,11,5,7,12,7,8,15,5,6,11,53,56,109,109,137,1.2568807339449541
2020-04-14,12,4,16,2,1,3,7,6,13,7,2,9,4,5,9,9,5,14,4,7,11,8,5,13,7,4,11,4,4,8,64,43,107,107,111,1.0373831775700935
2020-04-15,7,3,10,5,5,10,1,6,7,6,7,13,6,11,17,4,8,12,6,2,8,10,2,12,8,8,16,5,3,8,58,55,113,113,159,1.407079646017699
2020-04-16,7,2,9,4,5,9,7,4,11,9,11,20,10,9,19,7,7,14,4,10,14,6,4,10,5,5,10,0,4,4,59,61,120,120,121,1.0083333333333333
2020-04-17,7,6,13,1,3,4,1,7,8,6,12,18,9,7,16,7,7,14,7,5,12,12,6,18,5,8,13,1,3,4,56,64,120,120,168,1.4
2020-04-18,7,7,14,3,1,4,9,2,11,14,6,20,7,5,12,6,3,9,2,2,4,4,10,14,6,8,14,3,4,7,61,48,109,109,159,1.4587155963302751
2020-04-19,5,6,11,4,1,5,4,2,6,4,3,7,3,5,8,5,8,13,4,6,10,6,8,14,3,7,10,2,1,3,40,47,87,87,109,1.2528735632183907
2020-04-20,10,5,15,8,8,16,12,4,16,12,8,20,6,6,12,8,3,11,11,8,19,14,11,25,9,8,17,5,15,20,95,76,171,171,196,1.1461988304093567
2020-04-21,9,8,17,5,3,8,12,3,15,7,9,16,2,4,6,4,7,11,5,6,11,11,12,23,8,10,18,2,10,12,65,72,137,137,160,1.167883211678832
2020-04-22,8,6,14,4,5,9,6,7,13,10,3,13,12,6,18,3,6,9,8,3,11,8,14,22,8,11,19,7,7,14,74,68,142,142,224,1.5774647887323943
2020-04-23,12,10,22,5,4,9,5,10,15,9,8,17,8,5,13,3,9,12,7,4,11,9,8,17,11,9,20,7,10,17,76,77,153,153,146,0.954248366013072
2020-04-24,10,9,19,5,4,9,8,7,15,12,11,23,5,6,11,7,8,15,8,9,17,10,10,20,10,16,26,3,3,6,78,83,161,161,177,1.0993788819875776
2020-04-25,8,3,11,4,1,5,2,5,7,7,8,15,4,3,7,5,4,9,6,5,11,7,3,10,9,16,25,5,5,10,57,53,110,110,98,0.8909090909090909
2020-04-26,5,15,20,5,5,10,2,4,6,3,2,5,8,5,13,2,3,5,6,6,12,5,7,12,7,7,14,1,3,4,44,57,101,101,89,0.8811881188118812
2020-04-27,11,9,20,4,4,8,5,5,10,3,9,12,4,8,12,9,7,16,8,7,15,19,6,25,11,13,24,3,6,9,77,74,151,151,124,0.8211920529801324
2020-04-28,12,7,19,4,5,9,11,9,20,10,9,19,7,9,16,6,8,14,5,7,12,3,12,15,6,14,20,2,4,6,66,84,150,150,116,0.7733333333333333
2020-04-29,12,8,20,6,3,9,11,6,17,17,10,27,10,6,16,8,6,14,4,8,12,9,5,14,3,15,18,5,10,15,85,77,162,162,136,0.8395061728395061
2020-04-30,13,8,21,9,2,11,8,3,11,5,5,10,11,7,18,7,10,17,10,10,20,7,9,16,8,16,24,8,8,16,86,78,164,164,135,0.823170731707317
2020-05-01,1,10,11,6,5,11,1,5,6,9,11,20,9,6,15,6,3,9,11,5,16,7,8,15,8,11,19,0,3,3,58,67,125,125,106,0.848
2020-05-02,5,14,19,5,6,11,6,2,8,10,5,15,5,5,10,8,2,10,3,2,5,7,2,9,6,12,18,1,3,4,56,53,109,109,108,0.9908256880733946
2020-05-03,6,4,10,2,2,4,6,5,11,8,5,13,4,5,9,7,2,9,8,7,15,3,8,11,8,8,16,3,5,8,55,51,106,106,87,0.8207547169811321
2020-05-04,14,16,30,5,2,7,7,10,17,9,6,15,5,6,11,9,3,12,7,12,19,15,13,28,7,18,25,3,4,7,81,90,171,171,134,0.783625730994152
2020-05-05,7,6,13,7,1,8,8,8,16,11,10,21,6,10,16,9,5,14,10,6,16,14,6,20,6,13,19,1,9,10,79,74,153,153,101,0.6601307189542484
2020-05-06,10,9,19,3,0,3,10,6,16,14,10,24,16,7,23,4,5,9,9,5,14,18,12,30,6,11,17,4,6,10,94,71,165,165,112,0.6787878787878788
2020-05-07,14,7,21,5,6,11,12,3,15,12,9,21,13,8,21,5,6,11,7,5,12,15,6,21,6,12,18,1,8,9,90,70,160,160,100,0.625
2020-05-08,12,11,23,6,4,10,11,7,18,9,12,21,16,10,26,13,5,18,5,9,14,13,8,21,11,13,24,2,12,14,98,91,189,189,198,1.0476190476190477
2020-05-09,15,9,24,3,0,3,4,11,15,5,6,11,7,7,14,4,3,7,7,7,14,11,2,13,5,10,15,5,8,13,66,63,129,129,115,0.8914728682170543
2020-05-10,7,7,14,1,1,2,7,7,14,5,7,12,2,3,5,4,6,10,7,4,11,9,11,20,5,10,15,1,7,8,48,63,111,111,100,0.9009009009009009
2020-05-11,12,13,25,6,4,10,6,5,11,11,11,22,8,12,20,8,5,13,11,5,16,11,10,21,11,16,27,4,13,17,88,94,182,182,131,0.7197802197802198
2020-05-12,13,8,21,6,8,14,20,15,35,21,5,26,8,10,18,6,4,10,9,6,15,5,12,17,10,13,23,5,12,17,103,93,196,196,139,0.7091836734693877
2020-05-13,20,9,29,9,9,18,17,8,25,12,17,29,15,5,20,8,9,17,6,7,13,9,6,15,7,14,21,2,9,11,105,93,198,198,171,0.8636363636363636
2020-05-14,18,20,38,9,5,14,11,17,28,18,14,32,10,8,18,5,9,14,9,11,20,9,9,18,9,12,21,2,15,17,100,120,220,220,196,0.8909090909090909
2020-05-15,17,15,32,8,5,13,6,9,15,11,10,21,10,15,25,10,6,16,10,9,19,7,6,13,10,20,30,5,10,15,94,105,199,198,181,0.9141414141414141
2020-05-16,6,14,20,7,4,11,4,8,12,8,13,21,6,6,12,6,8,14,4,5,9,10,5,15,6,4,10,5,13,18,62,80,142,142,194,1.3661971830985915
2020-05-17,11,12,23,3,5,8,9,5,14,6,7,13,8,11,19,3,2,5,6,7,13,6,4,10,10,9,19,4,7,11,66,69,135,135,97,0.7185185185185186
2020-05-18,16,17,33,7,9,16,20,18,38,19,14,33,10,13,23,12,8,20,10,12,22,17,14,31,16,13,29,2,11,13,129,129,258,258,203,0.7868217054263565
2020-05-19,16,14,30,11,10,21,25,20,45,30,19,49,23,9,32,12,13,25,13,10,23,9,18,27,11,19,30,3,9,12,153,141,294,294,208,0.7074829931972789
2020-05-20,23,30,53,7,12,19,21,17,38,34,15,49,16,14,30,8,11,19,16,11,27,11,11,22,12,16,28,6,6,12,154,143,297,297,195,0.6565656565656566
2020-05-21,22,27,49,16,5,21,26,20,46,27,17,44,10,16,26,17,10,27,10,7,17,16,9,25,7,16,23,1,4,5,152,131,283,283,149,0.5265017667844523
2020-05-22,20,15,35,11,11,22,24,23,47,18,23,41,15,11,26,11,6,17,5,9,14,9,8,17,7,12,19,6,14,20,126,132,258,258,133,0.5155038759689923
2020-05-23,10,13,23,11,13,24,23,12,35,23,16,39,8,8,16,7,7,14,11,11,22,9,11,20,8,5,13,3,2,5,113,98,211,211,129,0.6113744075829384
2020-05-24,12,12,24,8,9,17,10,8,18,13,9,22,10,2,12,5,4,9,10,4,14,10,7,17,5,10,15,2,6,8,85,71,156,156,118,0.7564102564102564
2020-05-25,23,19,42,16,13,29,17,21,38,12,12,24,14,10,24,5,7,12,4,5,9,13,2,15,8,15,23,2,8,10,114,112,226,226,126,0.5575221238938053
2020-05-26,25,23,48,18,16,34,32,29,61,40,19,59,18,20,38,8,13,21,8,5,13,13,4,17,10,16,26,3,10,13,175,155,330,330,245,0.7424242424242424
2020-05-27,32,24,56,14,12,26,19,21,40,22,14,36,15,10,25,17,12,29,8,7,15,4,11,15,5,17,22,4,2,6,140,130,270,270,207,0.7666666666666667
2020-05-28,23,32,55,14,7,21,24,26,50,19,19,38,17,14,31,12,14,26,9,12,21,11,6,17,13,15,28,5,15,20,147,160,307,307,221,0.7198697068403909
2020-05-29,30,24,54,22,17,39,34,26,60,26,32,58,24,16,40,14,14,28,12,9,21,15,9,24,14,16,30,2,4,6,193,167,360,360,281,0.7805555555555556
2020-05-30,22,18,40,12,9,21,30,22,52,33,10,43,11,12,23,11,11,22,6,5,11,10,10,20,8,11,19,1,7,8,144,115,259,258,115,0.44573643410852715
2020-05-31,19,13,32,9,8,17,15,9,24,11,10,21,11,4,15,4,7,11,7,4,11,10,5,15,5,8,13,1,8,9,92,76,168,168,90,0.5357142857142857
2020-06-01,26,19,45,13,14,27,23,32,55,25,29,54,14,17,31,15,10,25,19,11,30,13,8,21,5,10,15,5,4,9,158,154,312,312,213,0.6826923076923077
2020-06-02,33,21,54,18,18,36,27,23,50,19,24,43,17,15,32,8,11,19,15,8,23,21,11,32,5,13,18,5,12,17,168,156,324,324,193,0.595679012345679
2020-06-03,24,14,38,13,24,37,23,25,48,23,27,50,11,19,30,7,9,16,12,11,23,15,11,26,12,16,28,2,10,12,142,166,308,308,174,0.564935064935065
2020-06-04,24,20,44,15,18,33,27,24,51,16,19,35,13,12,25,21,12,33,10,5,15,19,11,30,10,14,24,3,10,13,158,145,303,302,196,0.6490066225165563
2020-06-05,32,31,63,11,15,26,33,20,53,25,34,59,26,20,46,19,18,37,12,13,25,13,11,24,11,20,31,3,9,12,185,191,376,376,325,0.8643617021276596
2020-06-06,19,19,38,11,9,20,17,15,32,26,23,49,11,10,21,14,7,21,9,9,18,11,9,20,9,16,25,3,9,12,130,126,256,251,170,0.6772908366533864
2020-06-07,11,18,29,12,10,22,17,10,27,16,12,28,13,7,20,10,6,16,7,4,11,8,6,14,10,12,22,3,8,11,107,93,200,197,112,0.5685279187817259
2020-06-08,21,24,45,15,16,31,28,25,53,32,25,57,32,16,48,18,16,34,13,9,22,16,14,30,10,17,27,4,7,11,189,169,358,358,228,0.6368715083798883
2020-06-09,40,23,63,17,21,38,18,27,45,24,27,51,29,18,47,14,7,21,13,5,18,8,14,22,12,26,38,3,11,14,178,179,357,356,214,0.601123595505618
2020-06-10,16,20,36,10,15,25,35,17,52,24,33,57,23,18,41,19,17,36,14,12,26,19,22,41,6,19,25,6,15,21,172,188,360,360,256,0.7111111111111111
2020-06-11,26,30,56,12,15,27,24,26,50,29,27,56,11,16,27,14,19,33,11,17,28,16,15,31,6,23,29,3,15,18,152,203,355,355,253,0.7126760563380282
2020-06-12,30,36,66,8,18,26,45,26,71,40,39,79,28,27,55,15,15,30,19,14,33,15,13,28,6,21,27,4,9,13,210,218,428,428,282,0.6588785046728972
2020-06-13,24,25,49,17,17,34,29,29,58,29,19,48,8,16,24,15,11,26,9,5,14,14,8,22,6,15,21,2,7,9,153,152,305,305,214,0.7016393442622951
2020-06-14,17,23,40,17,12,29,19,18,37,19,10,29,13,11,24,9,14,23,9,4,13,3,12,15,13,19,32,1,8,9,120,131,251,251,174,0.6932270916334662
2020-06-15,21,26,47,21,15,36,26,26,52,19,18,37,17,12,29,13,9,22,11,4,15,10,7,17,7,15,22,1,10,11,146,142,288,288,179,0.6215277777777778
2020-06-16,43,47,90,16,18,34,52,35,87,46,27,73,30,23,53,20,14,34,15,12,27,13,6,19,12,22,34,3,14,17,250,218,468,468,285,0.6089743589743589
2020-06-17,29,29,58,17,20,37,47,30,77,32,38,70,34,20,54,24,14,38,15,11,26,8,19,27,16,14,30,2,9,11,224,204,428,428,350,0.8177570093457944
2020-06-18,38,34,72,12,11,23,46,32,78,48,44,92,34,16,50,26,19,45,20,18,38,11,17,28,16,20,36,2,12,14,253,223,476,476,411,0.8634453781512605
2020-06-19,46,23,69,13,22,35,30,27,57,54,27,81,36,30,66,32,18,50,23,14,37,20,12,32,16,19,35,7,13,20,277,205,482,482,502,1.04149377593361
2020-06-20,27,25,52,11,16,27,34,23,57,33,23,56,21,24,45,15,17,32,15,13,28,11,8,19,7,14,21,4,6,10,178,169,347,347,204,0.5878962536023055
2020-06-21,23,14,37,13,12,25,24,24,48,19,23,42,16,8,24,13,7,20,7,9,16,8,6,14,5,10,15,1,7,8,129,120,249,249,108,0.43373493975903615
2020-06-22,37,32,69,24,21,45,30,35,65,39,23,62,28,23,51,19,27,46,18,16,34,17,15,32,7,21,28,2,12,14,221,225,446,446,310,0.695067264573991
2020-06-23,40,35,75,22,24,46,41,31,72,53,39,92,31,29,60,16,28,44,16,19,35,11,11,22,11,14,25,3,6,9,244,236,480,480,287,0.5979166666666667
2020-06-24,30,30,60,25,17,42,41,42,83,35,38,73,29,24,53,19,22,41,11,15,26,10,12,22,13,14,27,2,5,7,215,219,434,434,199,0.45852534562211983
2020-06-25,35,42,77,27,32,59,34,33,67,37,29,66,38,31,69,35,25,60,9,11,20,8,12,20,8,12,20,5,6,11,236,233,469,469,299,0.6375266524520256
2020-06-26,35,23,58,28,22,50,49,31,80,38,35,73,31,27,58,16,20,36,18,14,32,12,15,27,10,18,28,2,9,11,239,214,453,453,215,0.4746136865342163
2020-06-27,42,42,84,26,32,58,33,35,68,31,29,60,25,17,42,17,9,26,16,5,21,3,13,16,5,7,12,4,6,10,202,195,397,397,213,0.5365239294710328
2020-06-28,35,18,53,12,13,25,13,27,40,28,25,53,17,16,33,15,13,28,10,6,16,8,8,16,8,10,18,6,7,13,152,143,295,295,151,0.511864406779661
2020-06-29,35,41,76,28,28,56,35,34,69,42,29,71,23,22,45,14,28,42,22,10,32,12,15,27,11,13,24,5,9,14,227,229,456,456,256,0.5614035087719298
2020-06-30,23,34,57,10,19,29,45,34,79,32,38,70,28,27,55,24,19,43,20,8,28,18,10,28,8,17,25,2,11,13,210,217,427,426,228,0.5352112676056338
2020-07-01,30,27,57,12,23,35,53,38,91,38,29,67,23,27,50,21,27,48,16,9,25,11,11,22,8,19,27,2,6,8,214,216,430,430,229,0.5325581395348837
2020-07-02,41,38,79,19,23,42,37,42,79,46,40,86,33,25,58,17,20,37,17,8,25,8,12,20,12,12,24,4,5,9,234,225,459,459,182,0.39651416122004357
2020-07-03,41,30,71,28,15,43,37,28,65,43,45,88,25,30,55,20,20,40,17,13,30,9,15,24,9,17,26,4,4,8,233,217,450,450,229,0.5088888888888888
2020-07-04,25,32,57,16,17,33,31,35,66,29,23,52,26,17,43,18,13,31,10,8,18,8,12,20,5,9,14,3,6,9,171,172,343,343,157,0.4577259475218659
2020-07-05,20,25,45,18,11,29,26,29,55,28,29,57,10,21,31,17,16,33,17,14,31,15,12,27,8,13,21,3,9,12,162,179,341,341,162,0.4750733137829912
2020-07-06,21,28,49,17,15,32,39,37,76,47,23,70,33,25,58,26,23,49,22,22,44,18,25,43,10,21,31,3,9,12,236,228,464,464,151,0.3254310344827586
2020-07-07,34,50,84,16,23,39,54,41,95,42,34,76,26,32,58,28,18,46,17,17,34,12,12,24,10,20,30,7,12,19,246,259,505,505,191,0.3782178217821782
2020-07-08,34,23,57,29,25,54,51,37,88,34,37,71,39,36,75,20,28,48,16,17,33,16,21,37,12,15,27,4,14,18,255,253,508,508,229,0.4507874015748031
2020-07-09,25,18,43,14,11,25,27,27,54,33,25,58,28,24,52,13,12,25,7,16,23,9,22,31,4,15,19,6,7,13,166,177,343,343,140,0.40816326530612246
2020-07-10,22,18,40,20,20,40,26,24,50,31,26,57,20,21,41,14,13,27,17,15,32,16,12,28,12,14,26,2,11,13,180,174,354,354,134,0.3785310734463277
2020-07-11,22,29,51,17,10,27,20,24,44,21,28,49,19,25,44,17,19,36,19,10,29,12,19,31,4,16,20,2,10,12,153,190,343,343,152,0.44314868804664725
2020-07-12,19,16,35,16,7,23,18,17,35,22,11,33,15,10,25,7,10,17,10,10,20,10,5,15,6,11,17,4,7,11,127,104,231,231,88,0.38095238095238093
2020-07-13,26,35,61,21,22,43,42,33,75,36,39,75,35,32,67,26,33,59,31,24,55,18,33,51,13,46,59,2,25,27,250,322,572,572,336,0.5874125874125874
2020-07-14,30,30,60,27,15,42,34,24,58,59,36,95,34,29,63,28,15,43,22,24,46,17,26,43,6,18,24,7,14,21,264,231,495,495,221,0.44646464646464645
2020-07-15,28,30,58,31,22,53,35,53,88,55,48,103,37,42,79,25,30,55,22,23,45,10,16,26,14,16,30,8,5,13,265,285,550,550,227,0.4127272727272727
2020-07-16,39,20,59,19,32,51,43,51,94,51,34,85,36,37,73,26,33,59,16,14,30,15,18,33,19,29,48,2,18,20,266,286,552,552,315,0.5706521739130435
2020-07-17,34,30,64,24,17,41,29,39,68,39,49,88,35,43,78,29,36,65,24,27,51,18,16,34,16,21,37,4,10,14,252,288,540,540,261,0.48333333333333334
2020-07-18,25,23,48,15,13,28,38,32,70,32,40,72,27,28,55,25,22,47,24,18,42,9,10,19,14,21,35,2,5,7,211,212,423,423,228,0.5390070921985816
2020-07-19,28,27,55,11,16,27,25,24,49,23,27,50,22,22,44,22,23,45,14,10,24,13,8,21,11,16,27,2,6,8,171,179,350,350,127,0.3628571428571429
2020-07-20,41,38,79,36,28,64,54,45,99,53,59,112,42,56,98,32,39,71,27,34,61,19,21,40,20,22,42,3,11,14,327,353,680,680,257,0.3779411764705882
2020-07-21,37,31,68,25,22,47,44,39,83,60,42,102,40,38,78,32,30,62,26,25,51,19,24,43,14,24,38,5,11,16,302,286,588,588,228,0.3877551020408163
2020-07-22,55,33,88,22,23,45,61,48,109,54,56,110,50,40,90,27,27,54,16,24,40,22,19,41,15,31,46,1,10,11,323,311,634,634,246,0.38801261829652994
2020-07-23,43,37,80,25,19,44,52,50,102,51,51,102,34,30,64,30,24,54,18,22,40,17,21,38,8,19,27,6,11,17,284,284,568,568,327,0.5757042253521126
2020-07-24,28,33,61,19,21,40,54,48,102,49,63,112,37,32,69,32,21,53,30,14,44,11,19,30,11,26,37,3,14,17,274,291,565,565,279,0.49380530973451325
2020-07-25,28,28,56,25,13,38,37,40,77,39,41,80,31,28,59,13,9,22,14,15,29,12,12,24,9,18,27,5,4,9,213,208,421,421,228,0.5415676959619953
2020-07-26,25,25,50,14,14,28,23,19,42,24,25,49,30,12,42,18,15,33,11,8,19,14,9,23,7,16,23,5,6,11,171,149,320,320,162,0.50625
2020-07-27,27,34,61,26,23,49,49,38,87,49,43,92,47,46,93,29,39,68,26,24,50,17,21,38,17,20,37,5,19,24,292,307,599,599,268,0.44741235392320533
2020-07-28,35,30,65,22,21,43,62,66,128,56,43,99,39,42,81,37,38,75,30,29,59,15,27,42,10,22,32,5,19,24,311,337,648,648,269,0.41512345679012347
2020-07-29,34,36,70,23,28,51,62,50,112,53,52,105,50,45,95,34,43,77,21,29,50,23,21,44,17,28,45,5,24,29,322,356,678,678,259,0.38200589970501475
2020-07-30,42,35,77,33,33,66,83,65,148,65,54,119,53,37,90,40,39,79,23,31,54,14,18,32,8,19,27,1,6,7,362,337,699,699,316,0.4520743919885551
2020-07-31,32,42,74,19,26,45,49,63,112,72,59,131,48,39,87,38,30,68,22,32,54,21,25,46,9,28,37,6,18,24,316,362,678,678,307,0.4528023598820059
2020-08-01,26,19,45,12,21,33,29,38,67,33,38,71,26,37,63,28,25,53,21,9,30,19,16,35,11,22,33,1,11,12,206,236,442,442,223,0.504524886877828
2020-08-02,30,25,55,15,18,33,30,19,49,32,34,66,22,33,55,19,24,43,11,19,30,6,18,24,12,13,25,2,7,9,179,210,389,389,166,0.4267352185089974
2020-08-03,39,46,85,26,28,54,47,52,99,55,42,97,35,40,75,28,30,58,29,22,51,11,20,31,13,31,44,4,14,18,287,325,612,612,303,0.4950980392156863
2020-08-04,42,32,74,32,32,64,67,40,107,62,53,115,55,40,95,38,32,70,27,19,46,17,19,36,17,31,48,5,16,21,362,314,676,676,315,0.46597633136094674
2020-08-05,41,37,78,35,24,59,57,39,96,43,55,98,37,38,75,36,43,79,29,26,55,21,20,41,17,20,37,3,8,11,319,310,629,629,437,0.6947535771065183
2020-08-06,40,26,66,20,36,56,57,54,111,50,61,111,53,50,103,33,39,72,26,19,45,18,19,37,16,25,41,5,12,17,318,341,659,658,353,0.5364741641337386
2020-08-07,50,35,85,28,25,53,56,51,107,60,46,106,41,56,97,39,23,62,20,24,44,19,28,47,14,35,49,5,24,29,332,347,679,679,291,0.42857142857142855
2020-08-08,31,28,59,20,19,39,30,38,68,55,50,105,30,38,68,32,29,61,20,19,39,13,25,38,11,21,32,1,20,21,243,287,530,530,171,0.32264150943396225
2020-08-09,25,27,52,13,12,25,29,32,61,37,31,68,23,39,62,26,30,56,20,16,36,13,22,35,16,43,59,4,18,22,206,270,476,476,164,0.3445378151260504
2020-08-10,42,33,75,27,28,55,67,54,121,66,42,108,50,52,102,35,34,69,18,15,33,15,26,41,15,20,35,4,11,15,339,315,654,654,248,0.37920489296636084
2020-08-11,37,35,72,38,22,60,63,55,118,78,60,138,55,52,107,39,39,78,29,21,50,21,31,52,15,28,43,6,12,18,381,355,736,736,308,0.41847826086956524
2020-08-12,32,37,69,36,25,61,52,66,118,45,80,125,56,54,110,35,39,74,27,25,52,14,24,38,12,21,33,5,16,21,314,387,701,701,252,0.3594864479315264
2020-08-13,23,34,57,36,25,61,76,69,145,81,82,163,50,52,102,48,42,90,21,29,50,26,17,43,11,25,36,4,15,19,376,390,766,766,267,0.34856396866840733
2020-08-14,26,26,52,19,19,38,82,73,155,61,63,124,64,40,104,41,45,86,31,27,58,22,31,53,13,21,34,3,12,15,362,357,719,719,275,0.38247566063977745
2020-08-15,39,24,63,31,18,49,39,48,87,51,55,106,26,47,73,29,27,56,26,19,45,15,29,44,9,43,52,4,16,20,269,326,595,595,220,0.3697478991596639
2020-08-16,32,17,49,14,9,23,45,39,84,35,35,70,19,31,50,21,21,42,11,22,33,16,13,29,9,31,40,4,22,26,206,240,446,445,182,0.40898876404494383
2020-08-17,24,16,40,23,21,44,50,42,92,46,55,101,41,39,80,33,43,76,16,36,52,14,14,28,10,20,30,0,14,14,257,300,557,557,226,0.40574506283662476
2020-08-18,41,36,77,29,13,42,56,54,110,75,64,139,45,41,86,29,51,80,21,33,54,23,28,51,9,18,27,0,17,17,328,355,683,683,225,0.3294289897510981
2020-08-19,44,36,80,24,28,52,47,64,111,64,63,127,38,47,85,39,31,70,19,28,47,18,27,45,13,36,49,4,17,21,310,377,687,687,217,0.3158660844250364
2020-08-20,25,26,51,24,20,44,61,57,118,48,55,103,28,48,76,35,32,67,24,32,56,12,20,32,15,22,37,3,13,16,275,325,600,600,244,0.4066666666666667
2020-08-21,27,41,68,31,24,55,47,48,95,63,65,128,50,50,100,38,48,86,32,30,62,22,35,57,14,35,49,5,10,15,329,386,715,715,300,0.4195804195804196
2020-08-22,14,17,31,26,19,45,36,34,70,38,53,91,38,32,70,21,22,43,21,21,42,14,20,34,9,14,23,3,14,17,220,246,466,466,218,0.4678111587982833
2020-08-23,23,29,52,13,14,27,28,24,52,35,37,72,27,21,48,24,28,52,18,20,38,9,22,31,11,7,18,5,4,9,193,206,399,399,125,0.3132832080200501
2020-08-24,43,44,87,25,24,49,50,60,110,61,54,115,42,52,94,46,34,80,22,34,56,20,25,45,16,21,37,6,19,25,331,367,698,698,283,0.4054441260744986
2020-08-25,28,30,58,30,21,51,55,69,124,62,76,138,41,42,83,31,39,70,21,29,50,12,18,30,17,29,46,6,17,23,303,370,673,673,267,0.3967310549777117
2020-08-26,44,20,64,26,29,55,71,64,135,61,58,119,45,54,99,38,39,77,30,23,53,22,26,48,17,29,46,3,15,18,357,357,714,714,272,0.38095238095238093
2020-08-27,36,28,64,38,32,70,73,66,139,70,65,135,58,54,112,43,40,83,20,31,51,24,25,49,17,29,46,5,24,29,384,394,778,778,271,0.34832904884318766
2020-08-28,35,35,70,45,22,67,79,83,162,64,71,135,60,63,123,45,58,103,25,37,62,26,26,52,11,20,31,6,10,16,396,425,821,821,358,0.43605359317904996
2020-08-29,30,17,47,12,13,25,59,50,109,45,68,113,45,41,86,30,28,58,29,19,48,18,18,36,8,24,32,3,16,19,279,294,573,573,308,0.537521815008726
2020-08-30,24,28,52,20,17,37,43,32,75,46,35,81,39,39,78,29,23,52,14,19,33,11,17,28,8,11,19,3,5,8,237,226,463,463,132,0.28509719222462204
2020-08-31,37,26,63,30,26,56,63,53,116,54,63,117,53,52,105,29,37,66,27,38,65,27,26,53,20,39,59,2,15,17,342,375,717,717,390,0.5439330543933054
2020-09-01,40,34,74,22,41,63,64,64,128,87,71,158,62,38,100,37,56,93,19,26,45,15,24,39,15,43,58,7,15,22,368,412,780,779,303,0.3889602053915276
2020-09-02,32,23,55,23,19,42,46,63,109,49,71,120,47,38,85,40,34,74,17,24,41,27,24,51,17,26,43,3,30,33,301,352,653,653,337,0.5160796324655437
2020-09-03,32,30,62,33,24,57,75,72,147,89,79,168,56,53,109,44,34,78,24,33,57,18,25,43,12,28,40,4,9,13,387,387,774,774,340,0.4392764857881137
2020-09-04,35,36,71,27,27,54,57,62,119,68,68,136,60,67,127,31,40,71,32,42,74,26,24,50,14,27,41,3,16,19,353,409,762,762,342,0.44881889763779526
2020-09-05,23,23,46,16,14,30,50,45,95,51,63,114,39,50,89,25,32,57,28,28,56,17,17,34,16,19,35,2,7,9,267,298,565,565,332,0.5876106194690266
2020-09-06,20,22,42,14,17,31,24,38,62,37,32,69,30,28,58,17,26,43,16,22,38,10,22,32,12,16,28,2,9,11,182,232,414,414,176,0.4251207729468599
2020-09-07,28,32,60,22,27,49,70,75,145,74,65,139,48,59,107,35,55,90,41,30,71,15,25,40,14,30,44,7,14,21,354,412,766,766,316,0.412532637075718
2020-09-08,33,28,61,28,27,55,60,59,119,76,70,146,52,49,101,48,51,99,31,34,65,28,27,55,18,27,45,7,21,28,381,393,774,774,366,0.4728682170542636
2020-09-09,36,27,63,20,27,47,65,62,127,63,54,117,54,45,99,39,43,82,32,38,70,20,30,50,15,37,52,1,19,20,345,382,727,727,369,0.5075653370013755
2020-09-10,26,18,44,34,25,59,80,72,152,73,83,156,70,55,125,37,43,80,27,29,56,23,23,46,11,34,45,1,17,18,382,399,781,781,390,0.499359795134443
2020-09-11,29,31,60,37,23,60,62,52,114,61,77,138,52,58,110,44,59,103,34,29,63,25,28,53,19,25,44,3,10,13,366,392,758,758,367,0.4841688654353562
2020-09-12,25,20,45,20,22,42,37,37,74,33,50,83,27,36,63,29,38,67,25,25,50,20,23,43,13,31,44,2,14,16,231,296,527,527,263,0.4990512333965844
2020-09-13,30,24,54,12,11,23,37,44,81,37,54,91,24,24,48,27,23,50,27,25,52,12,11,23,5,14,19,5,9,14,216,239,455,455,173,0.3802197802197802
2020-09-14,33,32,65,25,26,51,64,82,146,62,69,131,45,54,99,53,49,102,40,36,76,27,28,55,18,17,35,2,10,12,369,403,772,772,343,0.44430051813471505
2020-09-15,37,27,64,21,18,39,61,41,102,63,81,144,46,43,89,30,41,71,30,35,65,22,32,54,15,30,45,1,12,13,326,360,686,686,361,0.5262390670553936
2020-09-16,40,37,77,43,35,78,71,81,152,65,80,145,55,53,108,39,45,84,31,34,65,26,19,45,15,30,45,3,11,14,388,425,813,813,280,0.34440344403444034
2020-09-17,32,26,58,27,41,68,56,58,114,59,59,118,54,67,121,51,55,106,40,36,76,27,27,54,15,18,33,3,4,7,364,391,755,755,357,0.4728476821192053
2020-09-18,39,43,82,22,32,54,57,65,122,81,83,164,46,56,102,37,44,81,26,44,70,31,27,58,14,24,38,3,12,15,356,430,786,786,329,0.41857506361323155
2020-09-19,14,35,49,10,26,36,32,31,63,37,47,84,27,24,51,23,21,44,29,23,52,19,21,40,14,18,32,3,8,11,208,254,462,462,214,0.46320346320346323
2020-09-20,23,28,51,26,23,49,31,35,66,38,33,71,26,26,52,17,27,44,12,19,31,20,17,37,4,18,22,3,8,11,200,234,434,434,109,0.2511520737327189
2020-09-21,32,34,66,26,35,61,57,50,107,59,71,130,47,52,99,36,28,64,27,33,60,25,27,52,11,16,27,1,10,11,321,356,677,677,293,0.4327917282127031
2020-09-22,42,36,78,37,40,77,60,71,131,62,65,127,57,37,94,45,49,94,35,27,62,28,30,58,11,33,44,3,13,16,380,401,781,781,278,0.3559539052496799
2020-09-23,41,34,75,21,22,43,44,69,113,55,68,123,45,48,93,33,42,75,32,33,65,20,32,52,11,25,36,2,12,14,304,385,689,689,232,0.3367198838896952
2020-09-24,44,40,84,35,33,68,68,59,127,80,72,152,50,49,99,36,35,71,13,51,64,19,29,48,23,25,48,7,22,29,375,415,790,790,297,0.3759493670886076
2020-09-25,34,25,59,28,20,48,57,62,119,60,57,117,54,49,103,36,38,74,30,38,68,25,24,49,19,24,43,0,10,10,343,347,690,690,335,0.4855072463768116
2020-09-26,23,19,42,25,16,41,40,36,76,45,38,83,34,36,70,25,36,61,22,23,45,17,16,33,10,18,28,6,9,15,247,247,494,494,188,0.3805668016194332
2020-09-27,22,25,47,16,24,40,41,46,87,30,35,65,35,27,62,27,23,50,21,19,40,7,17,24,8,13,21,3,7,10,210,236,446,446,150,0.336322869955157
2020-09-28,31,26,57,28,25,53,53,49,102,61,62,123,62,40,102,51,51,102,46,26,72,20,27,47,17,26,43,4,20,24,373,352,725,725,305,0.4206896551724138
2020-09-29,44,33,77,32,40,72,79,55,134,83,80,163,60,52,112,38,41,79,39,43,82,31,47,78,22,38,60,3,24,27,431,453,884,884,249,0.2816742081447964
2020-09-30,39,31,70,29,32,61,68,70,138,63,61,124,49,42,91,44,50,94,38,44,82,28,29,57,9,24,33,5,9,14,372,392,764,764,304,0.39790575916230364
2020-10-01,41,42,83,27,54,81,68,79,147,79,79,158,40,60,100,43,40,83,41,36,77,27,47,74,14,19,33,3,11,14,383,467,850,850,325,0.38235294117647056
2020-10-02,51,49,100,30,31,61,63,80,143,58,73,131,44,59,103,48,37,85,41,41,82,28,38,66,13,34,47,4,17,21,380,459,839,839,424,0.5053635280095352
2020-10-03,21,25,46,22,27,49,46,46,92,44,47,91,36,34,70,36,28,64,17,24,41,19,19,38,7,20,27,3,7,10,251,277,528,528,232,0.4393939393939394
2020-10-04,28,28,56,21,24,45,41,40,81,32,29,61,37,36,73,23,21,44,20,20,40,12,15,27,10,26,36,3,3,6,227,242,469,469,206,0.43923240938166314
2020-10-05,23,36,59,25,25,50,54,57,111,81,71,152,74,49,123,50,47,97,53,34,87,30,46,76,19,27,46,3,7,10,412,399,811,811,367,0.4525277435265105
2020-10-06,32,46,78,34,28,62,64,55,119,73,60,133,74,45,119,49,44,93,33,37,70,31,34,65,18,27,45,6,11,17,414,387,801,801,295,0.3682896379525593
2020-10-07,42,28,70,22,24,46,65,69,134,81,77,158,53,60,113,39,56,95,36,44,80,30,31,61,18,29,47,8,7,15,394,425,819,819,278,0.33943833943833945
2020-10-08,42,33,75,34,26,60,63,69,132,63,66,129,51,60,111,42,53,95,33,33,66,23,35,58,16,21,37,5,17,22,372,413,785,785,375,0.47770700636942676
2020-10-09,30,41,71,50,45,95,50,81,131,80,93,173,56,62,118,43,57,100,39,44,83,22,37,59,12,26,38,4,15,19,386,501,887,887,504,0.5682074408117249
2020-10-10,24,28,52,31,23,54,59,51,110,55,59,114,39,45,84,33,46,79,35,31,66,14,25,39,17,20,37,9,14,23,316,342,658,658,385,0.5851063829787234
2020-10-11,27,26,53,20,17,37,42,59,101,53,61,114,49,39,88,31,26,57,34,36,70,20,26,46,16,23,39,1,10,11,293,323,616,616,356,0.577922077922078
2020-10-12,22,29,51,39,29,68,72,82,154,68,76,144,53,64,117,49,70,119,52,40,92,38,44,82,23,39,62,2,16,18,418,489,907,907,348,0.3836824696802646
2020-10-13,49,44,93,54,35,89,106,104,210,99,120,219,68,83,151,76,83,159,54,52,106,39,49,88,28,48,76,9,24,33,582,642,1224,1224,470,0.3839869281045752
2020-10-14,47,41,88,35,50,85,91,110,201,98,113,211,64,85,149,58,65,123,50,50,100,49,53,102,22,33,55,0,21,21,514,621,1135,1135,495,0.43612334801762115
2020-10-15,44,39,83,48,51,99,101,110,211,125,127,252,91,105,196,76,80,156,64,63,127,32,54,86,18,35,53,9,16,25,608,680,1288,1288,463,0.359472049689441
2020-10-16,58,38,96,46,58,104,132,144,276,130,106,236,105,98,203,74,86,160,53,63,116,38,56,94,25,47,72,3,33,36,664,729,1393,1393,558,0.4005743000717875
2020-10-17,22,26,48,29,36,65,86,66,152,88,92,180,74,80,154,39,47,86,38,52,90,40,40,80,12,33,45,4,14,18,432,486,918,918,414,0.45098039215686275
2020-10-18,23,27,50,23,25,48,36,47,83,51,70,121,33,47,80,40,35,75,29,26,55,20,32,52,10,38,48,1,14,15,266,361,627,627,336,0.5358851674641149
2020-10-19,68,47,115,46,53,99,114,141,255,121,143,264,125,127,252,84,85,169,81,71,152,51,62,113,24,42,66,3,16,19,717,787,1504,1504,757,0.5033244680851063
2020-10-20,52,57,109,55,54,109,134,128,262,111,126,237,97,116,213,83,88,171,66,58,124,36,52,88,34,45,79,1,25,26,669,749,1418,1418,965,0.6805359661495064
2020-10-21,38,32,70,68,44,112,89,119,208,98,100,198,81,83,164,69,57,126,54,44,98,32,40,72,20,37,57,3,15,18,552,571,1123,1123,662,0.5894924309884239
2020-10-22,37,31,68,59,63,122,86,97,183,81,93,174,77,96,173,58,73,131,38,50,88,29,36,65,22,36,58,7,19,26,494,594,1088,1088,765,0.703125
2020-10-23,32,32,64,42,30,72,73,87,160,71,89,160,57,77,134,49,49,98,43,51,94,39,39,78,25,19,44,4,24,28,435,497,932,932,731,0.7843347639484979
2020-10-24,19,23,42,19,30,49,61,39,100,47,58,105,46,41,87,35,31,66,21,29,50,26,26,52,9,23,32,5,13,18,288,313,601,601,545,0.9068219633943427
2020-10-25,35,27,62,18,27,45,60,62,122,54,84,138,47,45,92,40,51,91,30,32,62,23,30,53,8,19,27,4,3,7,319,380,699,699,654,0.9356223175965666
2020-10-26,41,34,75,59,38,97,83,97,180,100,103,203,69,92,161,59,76,135,43,53,96,38,46,84,16,43,59,5,20,25,513,602,1115,1115,977,0.8762331838565023
2020-10-27,40,37,77,41,35,76,103,107,210,99,87,186,92,78,170,67,86,153,60,79,139,41,52,93,17,29,46,3,8,11,563,598,1161,1161,984,0.8475452196382429
2020-10-28,41,37,78,37,31,68,71,107,178,95,98,193,56,81,137,62,70,132,55,43,98,32,38,70,12,33,45,4,14,18,465,552,1017,1017,820,0.8062930186823992
2020-10-29,35,32,67,34,38,72,113,90,203,114,105,219,69,81,150,47,58,105,52,54,106,27,31,58,16,29,45,3,8,11,510,526,1036,1036,1003,0.9681467181467182
2020-10-30,36,25,61,29,39,68,78,116,194,89,93,182,70,71,141,44,56,100,43,54,97,25,31,56,19,31,50,6,17,23,439,533,972,972,754,0.7757201646090535
2020-10-31,26,22,48,21,21,42,44,52,96,47,67,114,40,54,94,37,31,68,29,40,69,21,24,45,8,15,23,3,4,7,276,330,606,606,505,0.8333333333333334
2020-11-01,37,28,65,29,41,70,58,68,126,59,73,132,61,49,110,42,54,96,32,44,76,27,27,54,9,20,29,3,6,9,357,410,767,767,646,0.8422425032594524
2020-11-02,37,42,79,41,47,88,88,97,185,103,94,197,68,82,150,66,58,124,57,58,115,34,35,69,17,24,41,2,13,15,513,550,1063,1063,861,0.8099717779868297
2020-11-03,32,28,60,24,25,49,74,87,161,82,75,157,55,42,97,47,52,99,40,39,79,34,28,62,18,35,53,3,13,16,409,424,833,833,617,0.7406962785114045
2020-11-04,37,41,78,40,43,83,107,111,218,90,103,193,97,99,196,66,72,138,65,56,121,40,37,77,22,41,63,11,15,26,575,618,1193,1193,695,0.5825649622799665
2020-11-05,43,41,84,58,51,109,128,113,241,121,116,237,99,91,190,78,92,170,42,53,95,35,39,74,19,28,47,2,15,17,625,639,1264,1264,814,0.6439873417721519
2020-11-06,27,32,59,26,40,66,68,75,143,64,76,140,42,45,87,49,52,101,37,46,83,30,40,70,15,29,44,4,9,13,362,444,806,806,675,0.8374689826302729
2020-11-07,30,29,59,27,29,56,52,72,124,52,73,125,45,53,98,43,51,94,42,42,84,26,30,56,21,20,41,7,5,12,345,404,749,749,578,0.7716955941255007
2020-11-08,37,43,80,34,37,71,64,62,126,59,78,137,52,60,112,32,43,75,41,40,81,27,31,58,11,16,27,4,4,8,361,414,775,775,642,0.8283870967741935
2020-11-09,51,50,101,65,40,105,84,104,188,99,124,223,75,82,157,76,72,148,55,62,117,25,38,63,24,39,63,4,10,14,558,621,1179,1179,926,0.7854113655640373
2020-11-10,36,28,64,36,33,69,81,73,154,93,93,186,59,58,117,49,54,103,64,43,107,31,35,66,23,28,51,4,11,15,476,456,932,932,616,0.6609442060085837
2020-11-11,43,34,77,31,40,71,88,93,181,89,92,181,74,73,147,54,68,122,44,42,86,35,34,69,20,38,58,4,18,22,482,532,1014,1014,699,0.6893491124260355
2020-11-12,50,31,81,42,39,81,79,106,185,106,104,210,81,78,159,68,53,121,40,70,110,37,45,82,21,36,57,3,11,14,527,573,1100,1100,705,0.6409090909090909
2020-11-13,44,29,73,48,35,83,86,109,195,74,89,163,73,73,146,57,60,117,54,61,115,37,38,75,21,34,55,4,14,18,498,542,1040,1040,697,0.6701923076923076
2020-11-14,48,36,84,28,28,56,56,66,122,70,77,147,44,60,104,37,43,80,48,25,73,26,36,62,8,23,31,4,4,8,369,398,767,767,558,0.727509778357236
2020-11-15,39,36,75,32,22,54,66,82,148,82,61,143,61,61,122,47,57,104,43,43,86,25,30,55,9,24,33,1,14,15,405,430,835,835,620,0.7425149700598802
2020-11-16,40,46,86,45,36,81,74,79,153,78,85,163,79,69,148,35,56,91,43,51,94,33,38,71,15,28,43,5,22,27,447,510,957,957,595,0.6217345872518286
2020-11-17,39,46,85,45,39,84,100,103,203,115,114,229,83,85,168,56,59,115,65,73,138,44,52,96,8,37,45,1,9,10,556,617,1173,1173,808,0.6888320545609549
2020-11-18,41,41,82,55,45,100,99,97,196,127,109,236,77,71,148,58,61,119,47,44,91,42,45,87,15,42,57,4,9,13,565,564,1129,1129,797,0.7059344552701505
2020-11-19,40,32,72,61,47,108,96,107,203,98,119,217,62,78,140,64,72,136,56,60,116,37,34,71,18,36,54,3,11,14,535,596,1131,1131,798,0.7055702917771883
2020-11-20,40,37,77,39,43,82,88,96,184,95,98,193,58,64,122,55,59,114,52,49,101,29,29,58,19,28,47,5,10,15,480,513,993,993,732,0.7371601208459214
2020-11-21,35,29,64,30,30,60,56,63,119,60,61,121,49,52,101,38,43,81,36,34,70,23,20,43,9,12,21,3,9,12,339,353,692,692,600,0.8670520231213873
2020-11-22,28,27,55,27,25,52,59,57,116,47,64,111,53,47,100,26,27,53,25,44,69,21,15,36,9,21,30,1,8,9,296,335,631,631,485,0.768621236133122
2020-11-23,47,36,83,30,32,62,69,70,139,74,73,147,63,50,113,43,45,88,40,42,82,21,29,50,18,28,46,6,12,18,411,417,828,828,668,0.8067632850241546
2020-11-24,41,46,87,47,42,89,90,89,179,108,90,198,78,67,145,55,60,115,54,48,102,31,42,73,25,34,59,3,6,9,532,524,1056,1056,835,0.790719696969697
2020-11-25,52,48,100,51,43,94,99,87,186,104,104,208,71,66,137,53,49,102,49,48,97,24,32,56,18,25,43,5,9,14,526,511,1037,1037,707,0.6817743490838959
2020-11-26,40,40,80,48,50,98,100,107,207,99,111,210,59,85,144,67,62,129,60,48,108,33,45,78,17,29,46,8,11,19,531,588,1119,1119,811,0.7247542448614834
2020-11-27,19,35,54,28,25,53,85,97,182,71,79,150,57,45,102,55,49,104,34,40,74,28,33,61,12,33,45,6,5,11,395,441,836,836,606,0.7248803827751196
2020-11-28,46,24,70,30,30,60,73,68,141,49,74,123,45,54,99,54,48,102,23,33,56,21,29,50,12,28,40,2,4,6,355,392,747,747,519,0.6947791164658634
2020-11-29,34,37,71,22,37,59,77,83,160,67,81,148,66,49,115,45,46,91,41,41,82,20,27,47,15,12,27,2,7,9,389,420,809,809,621,0.7676143386897404
2020-11-30,49,41,90,56,41,97,128,138,266,111,111,222,97,84,181,54,73,127,62,63,125,39,51,90,19,34,53,7,8,15,622,644,1266,1265,876,0.6924901185770751
2020-12-01,34,43,77,34,53,87,113,99,212,89,113,202,76,85,161,39,51,90,51,68,119,36,46,82,19,29,48,2,4,6,493,591,1084,1084,713,0.6577490774907749
2020-12-02,22,19,41,28,29,57,64,70,134,62,84,146,59,68,127,37,42,79,26,30,56,31,30,61,13,19,32,6,10,16,348,401,749,749,300,0.40053404539385845
2020-12-03,34,44,78,44,37,81,85,119,204,105,123,228,81,79,160,55,54,109,55,65,120,35,31,66,14,20,34,3,11,14,511,583,1094,1094,257,0.23491773308957953
2020-12-04,35,39,74,39,49,88,90,83,173,91,91,182,76,80,156,64,70,134,53,58,111,38,39,77,18,29,47,7,9,16,511,547,1058,1058,342,0.32325141776937616
2020-12-05,30,30,60,34,33,67,78,71,149,83,69,152,48,48,96,35,39,74,28,27,55,19,22,41,11,21,32,5,8,13,371,368,739,739,380,0.5142083897158322
2020-12-06,25,25,50,32,22,54,55,54,109,57,46,103,37,54,91,25,35,60,29,29,58,26,28,54,16,16,32,1,3,4,303,312,615,615,244,0.3967479674796748
2020-12-07,19,37,56,37,28,65,80,86,166,73,76,149,54,59,113,38,47,85,29,31,60,24,37,61,11,19,30,4,5,9,369,425,794,794,219,0.27581863979848864
2020-12-08,33,39,72,24,30,54,73,77,150,75,77,152,48,43,91,52,49,101,36,38,74,20,35,55,6,19,25,5,4,9,372,411,783,783,247,0.31545338441890164
2020-12-09,39,32,71,34,43,77,121,135,256,133,126,259,104,85,189,94,88,182,81,80,161,45,60,105,16,34,50,3,17,20,670,700,1370,1370,444,0.32408759124087594
2020-12-10,44,42,86,69,74,143,140,143,283,145,170,315,95,103,198,114,110,224,84,79,163,40,34,74,17,43,60,6,10,16,754,808,1562,1562,320,0.20486555697823303
2020-12-11,33,42,75,45,50,95,151,156,307,155,169,324,112,116,228,110,108,218,92,108,200,52,48,100,19,29,48,1,8,9,770,834,1604,1604,315,0.19638403990024939
2020-12-12,35,35,70,55,40,95,116,117,233,120,141,261,110,110,220,96,79,175,60,98,158,38,57,95,11,23,34,2,8,10,643,708,1351,1351,339,0.2509252405625463
2020-12-13,34,30,64,39,50,89,89,109,198,110,121,231,88,90,178,96,80,176,68,54,122,38,31,69,11,22,33,6,4,10,579,591,1170,1170,197,0.1683760683760684
2020-12-14,54,42,96,48,51,99,139,146,285,150,148,298,111,124,235,105,105,210,88,104,192,54,59,113,20,32,52,9,12,21,778,823,1601,1601,402,0.25109306683322924
2020-12-15,36,38,74,60,57,117,116,140,256,141,156,297,105,97,202,101,112,213,99,97,196,48,43,91,14,18,32,1,13,14,721,771,1492,1491,336,0.22535211267605634
2020-12-16,24,36,60,63,78,141,147,181,328,196,202,398,124,152,276,127,117,244,126,108,234,60,63,123,20,21,41,4,11,15,891,969,1860,1860,388,0.2086021505376344
2020-12-17,45,49,94,73,65,138,148,178,326,208,216,424,157,152,309,122,121,243,62,94,156,47,38,85,10,24,34,3,8,11,875,945,1820,1820,400,0.21978021978021978
2020-12-18,59,42,101,83,97,180,176,191,367,204,223,427,165,162,327,138,156,294,153,146,299,91,75,166,16,48,64,4,7,11,1089,1147,2236,2236,525,0.23479427549194992
2020-12-19,44,35,79,63,67,130,136,163,299,220,211,431,137,137,274,113,118,231,101,127,228,47,65,112,15,26,41,3,5,8,879,954,1833,1833,454,0.24768139661756683
2020-12-20,36,52,88,75,75,150,147,154,301,220,209,429,159,165,324,138,146,284,117,123,240,51,51,102,12,16,28,3,7,10,958,998,1956,1956,264,0.13496932515337423
2020-12-21,58,56,114,91,66,157,200,184,384,247,260,507,186,170,356,146,151,297,130,147,277,66,77,143,13,39,52,5,8,13,1142,1158,2300,2300,423,0.18391304347826087
2020-12-22,53,59,112,97,88,185,218,221,439,256,284,540,207,194,401,159,150,309,163,163,326,72,58,130,19,31,50,4,5,9,1248,1253,2501,2501,431,0.17233106757297081
2020-12-23,62,56,118,102,86,188,233,231,464,279,257,536,185,213,398,162,148,310,120,139,259,61,63,124,25,38,63,6,14,20,1235,1245,2480,2480,479,0.19314516129032258
2020-12-24,33,38,71,49,57,106,132,129,261,178,158,336,119,103,222,76,86,162,66,80,146,44,35,79,5,22,27,3,4,7,705,712,1417,1417,372,0.26252646436132676
2020-12-25,14,16,30,18,18,36,39,27,66,43,49,92,30,26,56,20,29,49,14,19,33,14,7,21,7,13,20,3,4,7,202,208,410,410,254,0.6195121951219512
2020-12-26,49,41,90,101,109,210,163,204,367,267,233,500,164,189,353,135,141,276,82,105,187,43,55,98,18,32,50,1,12,13,1023,1121,2144,2144,430,0.20055970149253732
2020-12-27,34,29,63,123,100,223,183,150,333,255,217,472,217,187,404,146,155,301,131,131,262,55,69,124,25,36,61,3,11,14,1172,1085,2257,2257,249,0.11032343819229065
2020-12-28,61,52,113,136,145,281,273,279,552,386,364,750,257,270,527,196,218,414,136,168,304,65,82,147,26,46,72,3,16,19,1539,1640,3179,3179,475,0.14941805599245045
2020-12-29,50,51,101,127,138,265,266,278,544,297,262,559,234,240,474,169,160,329,134,154,288,71,83,154,22,52,74,8,15,23,1378,1433,2811,2811,434,0.1543934542867307
2020-12-30,51,39,90,136,152,288,288,239,527,348,316,664,227,229,456,178,215,393,136,146,282,70,76,146,25,43,68,4,12,16,1463,1467,2930,2929,619,0.2113349265961079
2020-12-31,35,36,71,95,94,189,213,188,401,195,237,432,163,182,345,115,107,222,64,80,144,35,53,88,13,28,41,0,7,7,928,1012,1940,1940,371,0.19123711340206184
2021-01-01,18,11,29,22,26,48,31,40,71,43,50,93,41,31,72,28,35,63,18,21,39,18,16,34,5,17,22,1,4,5,225,251,476,476,200,0.42016806722689076
2021-01-02,50,35,85,84,108,192,186,188,374,225,229,454,165,170,335,116,162,278,141,125,266,65,62,127,14,36,50,3,8,11,1049,1123,2172,2172,409,0.18830570902394106
2021-01-03,33,35,68,148,137,285,273,280,553,334,342,676,236,285,521,184,219,403,161,172,333,74,96,170,20,34,54,3,6,9,1466,1606,3072,3072,334,0.10872395833333333
2021-01-04,48,49,97,121,103,224,347,366,713,368,404,772,277,286,563,187,227,414,145,158,303,95,88,183,33,54,87,4,12,16,1625,1747,3372,3372,499,0.14798339264531435
2021-01-05,39,50,89,146,133,279,364,391,755,391,410,801,286,294,580,193,228,421,166,233,399,90,103,193,26,53,79,5,11,16,1706,1906,3612,3611,497,0.13763500415397398
2021-01-06,48,39,87,167,157,324,368,336,704,377,375,752,311,303,614,231,240,471,169,199,368,100,107,207,29,56,85,4,19,23,1804,1831,3635,3634,504,0.1386901485965878
2021-01-07,44,44,88,109,131,240,280,280,560,321,308,629,242,227,469,159,189,348,137,151,288,67,100,167,25,48,73,2,9,11,1386,1487,2873,2873,516,0.17960320222763662
2021-01-08,53,43,96,122,152,274,308,282,590,275,310,585,197,256,453,156,184,340,105,141,246,67,102,169,27,37,64,7,9,16,1317,1516,2833,2832,574,0.20268361581920905
2021-01-09,32,38,70,107,124,231,211,255,466,313,320,633,195,227,422,164,173,337,103,153,256,49,69,118,20,39,59,0,12,12,1194,1410,2604,2603,410,0.15751056473300037
2021-01-10,44,45,89,123,139,262,238,243,481,267,326,593,212,223,435,141,169,310,115,94,209,43,71,114,12,32,44,1,10,11,1196,1352,2548,2548,291,0.11420722135007849
2021-01-11,56,41,97,155,157,312,334,345,679,332,383,715,254,263,517,185,195,380,127,169,296,72,73,145,21,40,61,1,7,8,1537,1673,3210,3210,488,0.15202492211838006
2021-01-12,64,38,102,127,126,253,274,315,589,277,288,565,208,227,435,153,197,350,126,119,245,51,62,113,27,29,56,3,9,12,1310,1410,2720,2719,408,0.15005516734093416
2021-01-13,72,63,135,151,166,317,340,320,660,299,306,605,248,240,488,176,213,389,136,168,304,69,74,143,20,47,67,6,4,10,1517,1601,3118,3118,428,0.1372674791533034
2021-01-14,54,52,106,153,150,303,290,318,608,297,327,624,212,248,460,182,228,410,126,156,282,63,72,135,19,36,55,3,6,9,1399,1593,2992,2992,514,0.17179144385026737
2021-01-15,56,53,109,251,230,481,360,383,743,432,445,877,337,321,658,273,282,555,156,183,339,69,96,165,24,44,68,3,10,13,1961,2047,4008,4008,555,0.13847305389221556
2021-01-16,34,29,63,254,250,504,313,345,658,395,411,806,358,366,724,278,254,532,169,188,357,101,103,204,23,36,59,2,12,14,1927,1994,3921,3921,386,0.09844427441979087
2021-01-17,38,21,59,218,215,433,298,370,668,344,352,696,347,391,738,237,244,481,121,155,276,66,69,135,20,26,46,2,2,4,1691,1845,3536,3536,326,0.09219457013574661
2021-01-18,53,54,107,279,283,562,404,416,820,443,439,882,405,387,792,317,301,618,210,236,446,96,119,215,29,47,76,3,9,12,2239,2291,4530,4530,430,0.09492273730684327
2021-01-19,58,45,103,261,231,492,396,386,782,428,425,853,392,402,794,268,309,577,198,230,428,100,120,220,20,49,69,7,16,23,2128,2213,4341,4341,318,0.07325501036627505
2021-01-20,56,51,107,259,255,514,360,388,748,377,366,743,359,363,722,293,306,599,224,237,461,110,128,238,24,45,69,8,14,22,2070,2153,4223,4223,349,0.08264267108690504
2021-01-21,59,52,111,173,214,387,315,319,634,282,325,607,255,298,553,195,280,475,170,160,330,75,87,162,37,38,75,8,12,20,1569,1785,3354,3354,456,0.13595706618962433
2021-01-22,47,50,97,210,182,392,258,294,552,259,280,539,257,284,541,194,216,410,145,161,306,70,90,160,17,42,59,3,3,6,1460,1602,3062,3062,363,0.11854996734160679
2021-01-23,35,30,65,199,181,380,282,290,572,264,299,563,241,210,451,201,214,415,100,122,222,46,58,104,14,28,42,2,7,9,1384,1439,2823,2823,418,0.14806942968473255
2021-01-24,29,33,62,232,208,440,311,309,620,284,293,577,289,292,581,222,221,443,138,147,285,54,72,126,21,32,53,2,6,8,1582,1613,3195,3195,220,0.06885758998435054
2021-01-25,55,68,123,289,252,541,405,407,812,353,387,740,336,358,694,245,273,518,191,200,391,90,104,194,28,56,84,6,11,17,1998,2116,4114,4114,327,0.0794846864365581
2021-01-26,67,56,123,276,232,508,342,321,663,318,301,619,285,307,592,219,257,476,157,183,340,79,92,171,27,56,83,4,16,20,1774,1821,3595,3595,393,0.10931849791376913
2021-01-27,65,55,120,212,226,438,324,314,638,311,325,636,270,310,580,204,248,452,149,145,294,62,79,141,31,42,73,2,18,20,1630,1762,3392,3392,301,0.08873820754716981
2021-01-28,57,55,112,189,170,359,263,275,538,277,278,555,216,224,440,173,215,388,133,153,286,73,90,163,28,44,72,5,14,19,1414,1518,2932,2932,360,0.12278308321964529
2021-01-29,45,58,103,263,240,503,345,326,671,358,392,750,311,348,659,248,266,514,185,231,416,79,115,194,24,57,81,4,9,13,1862,2042,3904,3903,526,0.134768127081732
2021-01-30,34,22,56,343,320,663,303,334,637,370,409,779,398,431,829,305,329,634,173,230,403,85,111,196,20,45,65,3,8,11,2034,2239,4273,4273,308,0.07208050549964896
2021-01-31,29,26,55,482,476,958,404,398,802,470,487,957,585,611,1196,406,428,834,206,232,438,88,111,199,24,41,65,2,11,13,2696,2821,5517,5517,181,0.03280768533623346
2021-02-01,47,48,95,389,463,852,369,432,801,440,487,927,512,501,1013,414,405,819,242,289,531,78,144,222,37,47,84,2,10,12,2530,2826,5356,5356,345,0.06441374159820762
2021-02-02,44,41,85,321,355,676,353,351,704,396,454,850,502,536,1038,368,385,753,257,283,540,146,163,309,35,49,84,5,12,17,2427,2629,5056,5056,274,0.05419303797468354
2021-02-03,45,49,94,285,252,537,321,363,684,366,386,752,398,411,809,295,320,615,225,251,476,114,149,263,34,57,91,4,11,15,2087,2249,4336,4336,312,0.07195571955719557
2021-02-04,56,45,101,165,156,321,248,284,532,273,297,570,231,307,538,209,242,451,133,201,334,72,111,183,22,42,64,3,16,19,1412,1701,3113,3113,313,0.1005460970125281
2021-02-05,50,45,95,173,162,335,248,255,503,256,271,527,231,229,460,174,204,378,141,180,321,74,85,159,16,47,63,2,8,10,1365,1486,2851,2851,439,0.1539810592774465
2021-02-06,27,29,56,185,184,369,220,236,456,242,309,551,228,263,491,204,227,431,121,148,269,51,86,137,17,31,48,0,8,8,1295,1521,2816,2816,296,0.10511363636363637
2021-02-07,32,38,70,187,183,370,205,232,437,263,289,552,238,262,500,193,230,423,113,118,231,63,65,128,16,24,40,7,5,12,1317,1446,2763,2763,171,0.06188925081433225
2021-02-08,51,43,94,249,294,543,318,345,663,366,407,773,400,422,822,254,293,547,158,203,361,78,108,186,27,57,84,4,16,20,1905,2188,4093,4093,366,0.08942096261910579
2021-02-09,47,32,79,216,226,442,279,299,578,382,360,742,324,357,681,272,274,546,201,206,407,86,109,195,31,62,93,5,14,19,1843,1939,3782,3782,273,0.07218402961396087
2021-02-10,48,31,79,164,162,326,246,277,523,282,343,625,301,289,590,173,235,408,151,172,323,85,93,178,29,37,66,0,10,10,1479,1649,3128,3128,245,0.07832480818414322
2021-02-11,52,40,92,141,174,315,210,262,472,302,295,597,251,285,536,176,223,399,146,156,302,73,79,152,25,48,73,4,10,14,1380,1572,2952,2952,219,0.0741869918699187
2021-02-12,49,36,85,178,186,364,215,220,435,304,315,619,274,312,586,174,213,387,139,188,327,76,91,167,27,44,71,2,14,16,1438,1619,3057,3057,377,0.12332351979064442
2021-02-13,28,23,51,217,238,455,223,248,471,340,343,683,310,376,686,203,236,439,141,161,302,53,82,135,19,35,54,2,11,13,1536,1753,3289,3289,309,0.09394952873213742
2021-02-14,24,20,44,198,223,421,179,247,426,329,380,709,372,400,772,201,242,443,160,160,320,63,108,171,15,22,37,2,13,15,1543,1815,3358,3357,192,0.05719392314566577
2021-02-15,25,36,61,281,291,572,270,289,559,396,440,836,463,471,934,293,291,584,157,190,347,69,107,176,16,46,62,2,12,14,1972,2173,4145,4145,244,0.05886610373944511
2021-02-16,28,23,51,288,254,542,351,393,744,457,523,980,428,487,915,285,247,532,144,143,287,67,85,152,13,36,49,7,6,13,2068,2197,4265,4265,282,0.06611957796014067
2021-02-17,34,46,80,196,208,404,436,439,875,420,426,846,329,348,677,231,272,503,208,217,425,93,114,207,21,51,72,5,14,19,1973,2135,4108,4108,271,0.06596884128529698
2021-02-18,34,42,76,165,187,352,348,374,722,376,407,783,296,330,626,251,254,505,164,206,370,86,113,199,28,45,73,3,6,9,1751,1964,3715,3715,333,0.08963660834454913
2021-02-19,49,37,86,151,186,337,324,329,653,323,376,699,283,315,598,222,261,483,165,201,366,88,117,205,22,44,66,4,9,13,1631,1875,3506,3506,362,0.10325156873930405
2021-02-20,40,26,66,135,170,305,274,288,562,294,338,632,270,303,573,194,251,445,120,200,320,61,78,139,23,38,61,4,3,7,1415,1695,3110,3110,259,0.0832797427652733
2021-02-21,40,27,67,146,167,313,230,294,524,309,333,642,251,282,533,150,207,357,140,169,309,57,73,130,21,32,53,4,9,13,1348,1593,2941,2941,211,0.0717443046582795
2021-02-22,53,67,120,141,188,329,292,338,630,323,393,716,286,310,596,218,240,458,151,207,358,75,100,175,40,37,77,3,5,8,1582,1885,3467,3467,307,0.08854917796365734
2021-02-23,67,50,117,139,146,285,256,277,533,294,332,626,243,281,524,206,223,429,159,193,352,88,118,206,30,40,70,7,16,23,1489,1676,3165,3165,290,0.09162717219589257
2021-02-24,41,66,107,147,166,313,201,240,441,267,279,546,179,242,421,168,190,358,169,160,329,80,96,176,22,43,65,3,10,13,1277,1492,2769,2769,245,0.08847959552184904
2021-02-25,76,69,145,107,120,227,222,237,459,218,236,454,206,192,398,145,175,320,118,159,277,64,93,157,19,36,55,4,16,20,1179,1333,2512,2512,244,0.09713375796178345
2021-02-26,58,56,114,112,121,233,221,275,496,273,247,520,206,235,441,162,193,355,128,191,319,60,91,151,20,36,56,2,17,19,1242,1462,2704,2704,248,0.09171597633136094
2021-02-27,32,31,63,118,152,270,198,240,438,275,305,580,193,210,403,185,226,411,165,193,358,67,91,158,20,48,68,1,7,8,1254,1503,2757,2757,284,0.10301051867972434
2021-02-28,33,34,67,161,175,336,259,306,565,339,391,730,282,297,579,262,323,585,211,230,441,111,123,234,21,41,62,3,9,12,1682,1929,3611,3611,237,0.06563278870119081
2021-03-01,82,70,152,101,137,238,235,233,468,282,257,539,216,200,416,125,169,294,137,159,296,68,112,180,23,43,66,5,14,19,1274,1394,2668,2668,364,0.136431784107946
2021-03-02,90,77,167,135,120,255,215,229,444,221,255,476,190,188,378,152,198,350,109,145,254,73,67,140,33,38,71,3,7,10,1221,1324,2545,2545,234,0.09194499017681729
2021-03-03,88,64,152,107,98,205,154,205,359,213,196,409,155,171,326,147,176,323,153,176,329,79,105,184,14,30,44,0,15,15,1110,1236,2346,2346,295,0.1257459505541347
2021-03-04,72,71,143,97,119,216,168,174,342,201,184,385,141,156,297,105,164,269,118,176,294,66,105,171,22,37,59,6,13,19,996,1199,2195,2195,295,0.13439635535307518
2021-03-05,62,62,124,93,104,197,167,222,389,222,223,445,146,143,289,125,168,293,127,141,268,70,88,158,18,34,52,0,6,6,1030,1191,2221,2221,304,0.13687528140477262
2021-03-06,42,44,86,75,81,156,166,163,329,185,188,373,133,148,281,95,137,232,94,99,193,46,65,111,21,27,48,2,6,8,859,958,1817,1817,217,0.11942762795817281
2021-03-07,41,39,80,82,81,163,149,187,336,187,195,382,103,161,264,120,150,270,119,152,271,47,71,118,21,34,55,4,4,8,873,1074,1947,1946,163,0.08376156217882837
2021-03-08,79,78,157,108,127,235,175,224,399,224,246,470,178,180,358,178,195,373,171,181,352,78,91,169,22,46,68,3,11,14,1216,1379,2595,2593,239,0.09217123023524874
2021-03-09,98,107,205,106,107,213,178,176,354,223,233,456,200,181,381,162,180,342,139,216,355,92,102,194,23,34,57,4,7,11,1225,1343,2568,2568,255,0.09929906542056074
2021-03-10,107,95,202,114,97,211,185,184,369,231,230,461,150,161,311,140,179,319,134,145,279,74,106,180,20,48,68,4,9,13,1159,1254,2413,2413,368,0.1525072523829258
2021-03-11,85,96,181,80,104,184,147,188,335,178,182,360,110,141,251,101,127,228,102,133,235,57,72,129,25,31,56,1,15,16,886,1089,1975,1975,371,0.1878481012658228
2021-03-12,101,102,203,110,125,235,160,199,359,215,234,449,153,178,331,128,182,310,123,158,281,75,91,166,23,43,66,4,12,16,1092,1324,2416,2415,411,0.1701863354037267
2021-03-13,75,48,123,75,88,163,184,184,368,221,220,441,145,145,290,120,165,285,149,151,300,53,70,123,10,38,48,5,3,8,1037,1112,2149,2149,448,0.20846905537459284
2021-03-14,56,76,132,67,83,150,155,199,354,207,236,443,140,151,291,139,178,317,148,173,321,55,94,149,20,27,47,4,9,13,991,1226,2217,2217,231,0.10419485791610285
2021-03-15,145,113,258,121,129,250,192,237,429,231,259,490,198,217,415,177,193,370,171,183,354,84,125,209,18,46,64,4,15,19,1341,1517,2858,2858,366,0.12806158152554234
2021-03-16,114,121,235,107,128,235,164,199,363,233,241,474,162,146,308,150,183,333,126,172,298,73,103,176,14,43,57,5,15,20,1148,1351,2499,2499,284,0.1136454581832733
2021-03-17,87,98,185,109,104,213,178,217,395,172,174,346,132,156,288,139,157,296,131,148,279,59,90,149,18,39,57,2,13,15,1027,1196,2223,2222,284,0.1278127812781278
2021-03-18,92,76,168,74,90,164,146,171,317,185,159,344,120,136,256,93,127,220,99,127,226,62,78,140,17,28,45,2,8,10,890,1000,1890,1890,288,0.1523809523809524
2021-03-19,99,83,182,116,114,230,153,198,351,193,202,395,120,143,263,113,147,260,104,149,253,62,68,130,14,26,40,5,8,13,979,1138,2117,2117,423,0.1998110533774209
2021-03-20,40,45,85,74,83,157,133,138,271,148,176,324,109,135,244,110,137,247,95,101,196,57,61,118,17,26,43,3,7,10,786,909,1695,1693,286,0.16893089190785587
2021-03-21,63,57,120,73,80,153,148,148,296,185,176,361,116,120,236,114,144,258,91,124,215,33,64,97,17,27,44,3,9,12,843,949,1792,1792,210,0.1171875
2021-03-22,91,98,189,116,100,216,165,219,384,203,215,418,167,157,324,163,177,340,120,152,272,68,79,147,23,48,71,4,22,26,1120,1267,2387,2387,397,0.1663175534143276
2021-03-23,100,99,199,129,115,244,180,209,389,177,188,365,148,128,276,149,162,311,123,163,286,71,90,161,24,28,52,1,11,12,1102,1193,2295,2295,350,0.15250544662309368
2021-03-24,57,66,123,92,82,174,116,127,243,142,174,316,99,123,222,96,120,216,64,98,162,45,73,118,12,33,45,1,6,7,724,902,1626,1626,294,0.18081180811808117
2021-03-25,75,80,155,102,107,209,153,184,337,181,181,362,154,173,327,111,145,256,101,123,224,53,66,119,27,29,56,3,4,7,960,1092,2052,2052,301,0.1466861598440546
2021-03-26,104,94,198,123,130,253,177,191,368,209,193,402,148,167,315,110,161,271,90,138,228,65,78,143,22,34,56,2,10,12,1050,1196,2246,2246,404,0.1798753339269813
2021-03-27,81,67,148,58,71,129,148,140,288,194,183,377,130,145,275,112,139,251,115,130,245,41,62,103,14,32,46,5,5,10,898,974,1872,1872,388,0.20726495726495728
2021-03-28,60,40,100,56,77,133,114,133,247,150,179,329,137,136,273,104,137,241,87,130,217,42,42,84,19,22,41,2,5,7,771,901,1672,1672,274,0.1638755980861244
2021-03-29,94,83,177,129,106,235,165,191,356,191,208,399,167,181,348,140,147,287,104,151,255,51,53,104,17,30,47,1,11,12,1059,1161,2220,2220,382,0.17207207207207206
2021-03-30,81,80,161,107,111,218,135,148,283,178,180,358,133,158,291,112,124,236,96,130,226,39,57,96,19,29,48,5,8,13,905,1025,1930,1929,333,0.17262830482115085
2021-03-31,73,68,141,84,70,154,143,166,309,163,175,338,111,137,248,75,113,188,54,75,129,26,42,68,16,23,39,2,9,11,747,878,1625,1625,380,0.23384615384615384
2021-04-01,61,63,124,90,83,173,157,174,331,176,167,343,122,138,260,98,130,228,84,106,190,39,55,94,13,16,29,2,10,12,842,942,1784,1784,432,0.242152466367713
2021-04-02,78,51,129,85,95,180,135,146,281,176,153,329,130,117,247,95,122,217,72,84,156,42,35,77,13,12,25,3,5,8,829,820,1649,1649,366,0.22195269860521527
2021-04-03,48,58,106,79,100,179,135,142,277,163,181,344,132,138,270,105,130,235,103,91,194,32,52,84,17,35,52,3,4,7,817,931,1748,1748,491,0.2808924485125858
2021-04-04,67,55,122,150,145,295,186,216,402,237,268,505,173,208,381,116,158,274,76,106,182,32,48,80,16,25,41,1,7,8,1054,1236,2290,2290,390,0.1703056768558952
2021-04-05,88,91,179,189,199,388,254,288,542,291,275,566,231,267,498,168,202,370,108,149,257,50,60,110,12,36,48,5,9,14,1396,1576,2972,2972,456,0.15343203230148048
2021-04-06,89,114,203,163,169,332,301,252,553,283,321,604,230,230,460,155,191,346,117,179,296,70,95,165,23,36,59,3,13,16,1434,1600,3034,3034,584,0.1924851680949242
2021-04-07,106,95,201,184,174,358,276,275,551,276,317,593,241,234,475,161,207,368,100,166,266,60,84,144,12,41,53,1,8,9,1417,1601,3018,3015,495,0.16417910447761194
2021-04-08,95,87,182,147,144,291,208,263,471,261,289,550,183,192,375,133,173,306,108,136,244,53,70,123,17,30,47,1,13,14,1206,1397,2603,2603,608,0.23357664233576642
2021-04-09,86,73,159,103,114,217,136,191,327,168,175,343,155,150,305,104,127,231,72,95,167,38,49,87,9,23,32,3,8,11,874,1005,1879,1878,550,0.2928647497337593
2021-04-10,50,54,104,108,127,235,186,175,361,199,180,379,126,145,271,112,128,240,80,88,168,17,38,55,7,15,22,1,3,4,886,953,1839,1838,358,0.19477693144722524
2021-04-11,54,55,109,77,101,178,132,132,264,153,184,337,145,146,291,102,111,213,81,83,164,25,37,62,11,23,34,2,5,7,782,877,1659,1659,311,0.18746232670283303
2021-04-12,88,84,172,139,131,270,163,197,360,212,240,452,167,205,372,134,201,335,102,118,220,32,57,89,13,28,41,1,12,13,1051,1273,2324,2322,402,0.1731266149870801
2021-04-13,98,65,163,94,94,188,176,161,337,216,211,427,156,169,325,129,135,264,74,85,159,44,33,77,8,16,24,3,8,11,998,977,1975,1975,396,0.20050632911392405
2021-04-14,87,76,163,88,78,166,121,138,259,139,135,274,95,122,217,79,103,182,106,95,201,40,62,102,15,21,36,5,5,10,775,835,1610,1609,492,0.3057799875699192
2021-04-15,101,83,184,115,134,249,208,216,424,223,207,430,212,205,417,140,189,329,89,107,196,32,50,82,15,26,41,2,8,10,1137,1225,2362,2361,457,0.19356204997882254
2021-04-16,92,88,180,94,105,199,218,208,426,241,253,494,181,196,377,152,197,349,121,148,269,32,52,84,9,26,35,1,9,10,1141,1282,2423,2422,422,0.17423616845582163
2021-04-17,88,73,161,103,95,198,170,154,324,228,188,416,170,175,345,120,142,262,96,100,196,35,62,97,15,32,47,3,5,8,1028,1026,2054,2054,434,0.2112950340798442
2021-04-18,52,63,115,69,60,129,136,142,278,157,186,343,158,140,298,115,121,236,96,91,187,32,44,76,22,20,42,3,7,10,840,874,1714,1714,282,0.1645274212368728
2021-04-19,101,78,179,116,123,239,228,216,444,238,248,486,205,189,394,158,177,335,121,127,248,40,67,107,8,37,45,4,13,17,1219,1275,2494,2494,381,0.15276663993584602
2021-04-20,101,108,209,110,102,212,172,185,357,183,201,384,175,188,363,141,140,281,124,147,271,49,54,103,24,33,57,4,9,13,1083,1167,2250,2250,405,0.18
2021-04-21,98,73,171,92,79,171,163,148,311,173,172,345,137,148,285,112,129,241,97,111,208,42,39,81,13,43,56,2,6,8,929,948,1877,1877,385,0.20511454448588173
2021-04-22,109,92,201,128,112,240,172,178,350,211,231,442,189,226,415,144,158,302,103,137,240,45,72,117,15,41,56,1,9,10,1117,1256,2373,2372,376,0.15851602023608768
2021-04-23,93,85,178,90,110,200,204,202,406,231,238,469,191,221,412,148,197,345,102,143,245,51,67,118,16,24,40,4,6,10,1130,1293,2423,2422,324,0.1337737407101569
2021-04-24,50,41,91,44,36,80,47,63,110,73,72,145,66,86,152,40,45,85,27,32,59,25,40,65,6,22,28,2,16,18,380,453,833,833,258,0.3097238895558223
2021-04-25,69,68,137,78,72,150,106,129,235,158,147,305,144,131,275,118,124,242,77,80,157,31,33,64,10,23,33,0,3,3,791,810,1601,1600,212,0.1325
2021-04-26,97,104,201,114,117,231,187,178,365,212,222,434,181,200,381,172,169,341,107,118,225,65,74,139,13,33,46,3,10,13,1151,1225,2376,2375,272,0.11452631578947368
2021-04-27,86,73,159,102,105,207,202,221,423,191,200,391,154,195,349,133,145,278,98,115,213,47,76,123,20,33,53,4,8,12,1037,1171,2208,2206,232,0.10516772438803264
2021-04-28,96,101,197,107,105,212,182,183,365,205,212,417,168,170,338,129,125,254,91,110,201,43,55,98,10,24,34,5,9,14,1036,1094,2130,2130,285,0.13380281690140844
2021-04-29,114,102,216,150,141,291,207,242,449,266,264,530,233,224,457,162,207,369,109,142,251,66,93,159,29,49,78,2,16,18,1338,1480,2818,2817,343,0.12176073837415691
2021-04-30,104,87,191,95,101,196,111,157,268,144,168,312,114,147,261,102,118,220,73,114,187,55,62,117,22,40,62,3,17,20,823,1011,1834,1834,407,0.22191930207197383
2021-05-01,71,63,134,87,62,149,131,136,267,162,171,333,139,169,308,103,130,233,74,89,163,46,53,99,17,41,58,1,6,7,831,920,1751,1750,334,0.19085714285714286
2021-05-02,70,62,132,91,97,188,170,191,361,230,245,475,174,237,411,142,164,306,103,136,239,45,65,110,17,26,43,3,15,18,1045,1238,2283,2283,266,0.11651335961454228
2021-05-03,143,126,269,132,145,277,320,304,624,343,397,740,307,340,647,227,310,537,174,249,423,94,117,211,22,57,79,2,22,24,1764,2067,3831,3831,461,0.12033411641868964
2021-05-04,113,102,215,148,161,309,281,272,553,344,340,684,265,264,529,219,277,496,146,207,353,95,125,220,25,45,70,1,17,18,1637,1810,3447,3447,303,0.08790252393385553
2021-05-05,126,108,234,128,120,248,258,290,548,298,321,619,250,241,491,179,214,393,133,138,271,80,85,165,35,41,76,7,14,21,1494,1572,3066,3064,302,0.09856396866840732
2021-05-06,98,115,213,176,172,348,259,336,595,307,324,631,284,270,554,207,234,441,129,149,278,73,85,158,30,46,76,4,21,25,1567,1752,3319,3319,417,0.1256402530882796
2021-05-07,121,115,236,185,171,356,280,356,636,303,366,669,286,330,616,187,259,446,141,167,308,69,101,170,19,31,50,3,6,9,1594,1902,3496,3496,403,0.1152745995423341
2021-05-08,55,68,123,80,76,156,165,179,344,210,209,419,142,152,294,105,128,233,68,78,146,44,37,81,19,28,47,1,11,12,889,966,1855,1855,294,0.15849056603773584
2021-05-09,79,74,153,76,91,167,142,163,305,176,198,374,159,174,333,105,130,235,73,86,159,51,63,114,18,23,41,9,2,11,888,1004,1892,1892,213,0.11257928118393234
2021-05-10,122,112,234,135,143,278,298,275,573,324,316,640,265,317,582,218,223,441,160,176,336,82,108,190,29,49,78,2,9,11,1635,1728,3363,3362,345,0.10261748958953004
2021-05-11,111,94,205,131,128,259,209,221,430,265,262,527,206,204,410,152,172,324,139,148,287,68,91,159,24,33,57,5,8,13,1310,1361,2671,2671,344,0.12879071508798204
2021-05-12,108,92,200,117,111,228,191,246,437,256,232,488,218,229,447,174,170,344,118,145,263,48,73,121,18,40,58,5,11,16,1253,1349,2602,2602,421,0.16179861644888546
2021-05-13,137,86,223,101,107,208,235,272,507,234,282,516,220,208,428,135,186,321,109,128,237,50,76,126,21,48,69,1,5,6,1243,1398,2641,2640,406,0.15378787878787878
2021-05-14,124,131,255,129,178,307,293,316,609,342,348,690,233,324,557,206,238,444,135,184,319,67,89,156,32,42,74,5,8,13,1566,1858,3424,3424,421,0.12295560747663552
2021-05-15,90,100,190,99,132,231,192,240,432,233,284,517,196,244,440,158,162,320,101,127,228,40,47,87,19,33,52,1,14,15,1129,1383,2512,2512,366,0.14570063694267515
2021-05-16,73,80,153,78,98,176,154,149,303,192,216,408,179,193,372,137,156,293,94,102,196,43,49,92,15,34,49,1,15,16,966,1092,2058,2058,272,0.13216715257531583
2021-05-17,180,163,343,195,193,388,317,374,691,421,444,865,328,388,716,280,329,609,177,211,388,106,138,244,39,69,108,3,15,18,2046,2324,4370,4369,492,0.1126115815976196
2021-05-18,156,159,315,183,192,375,363,350,713,409,412,821,385,375,760,271,272,543,172,195,367,90,101,191,32,47,79,4,9,13,2065,2112,4177,4177,442,0.10581757242039741
2021-05-19,171,131,302,203,197,400,372,394,766,436,440,876,370,361,731,253,309,562,183,211,394,90,98,188,32,47,79,7,17,24,2117,2205,4322,4322,358,0.08283202221193892
2021-05-20,165,160,325,190,229,419,424,436,860,464,436,900,352,376,728,251,302,553,183,188,371,83,107,190,34,52,86,3,16,19,2149,2302,4451,4450,371,0.08337078651685394
2021-05-21,118,104,222,155,165,320,316,376,692,378,437,815,320,353,673,233,262,495,153,202,355,82,74,156,31,61,92,1,11,12,1787,2045,3832,3832,540,0.1409185803757829
2021-05-22,73,55,128,88,109,197,167,232,399,247,219,466,176,187,363,124,138,262,82,85,167,44,46,90,15,37,52,1,13,14,1017,1121,2138,2138,455,0.2128157156220767
2021-05-23,68,59,127,66,97,163,146,155,301,175,189,364,153,146,299,112,148,260,69,100,169,44,36,80,12,47,59,9,14,23,854,991,1845,1845,289,0.15663956639566395
2021-05-24,102,75,177,120,152,272,257,233,490,291,315,606,240,289,529,217,264,481,129,172,301,81,90,171,23,43,66,3,11,14,1463,1644,3107,3107,319,0.10267138719021564
2021-05-25,78,62,140,100,109,209,251,263,514,249,283,532,237,231,468,203,209,412,120,140,260,64,72,136,19,36,55,5,9,14,1326,1414,2740,2739,262,0.09565534866739686
2021-05-26,115,98,213,160,166,326,339,331,670,347,348,695,311,327,638,282,299,581,150,197,347,87,101,188,29,67,96,7,7,14,1827,1941,3768,3768,344,0.09129511677282377
2021-05-27,95,97,192,114,127,241,260,298,558,322,320,642,232,223,455,211,259,470,127,155,282,86,87,173,24,37,61,1,15,16,1472,1618,3090,3089,382,0.12366461638070574
2021-05-28,114,100,214,156,198,354,330,349,679,353,373,726,324,361,685,304,332,636,172,228,400,77,99,176,27,48,75,4,12,16,1861,2100,3961,3961,371,0.09366321635950517
2021-05-29,73,71,144,89,108,197,204,233,437,266,257,523,234,229,463,146,186,332,99,121,220,48,69,117,19,43,62,5,13,18,1183,1330,2513,2513,324,0.12892956625547156
2021-05-30,45,50,95,75,78,153,183,202,385,204,211,415,190,168,358,110,148,258,74,86,160,32,55,87,15,28,43,3,9,12,931,1035,1966,1966,216,0.10986775178026449
2021-05-31,98,96,194,148,152,300,320,323,643,366,355,721,300,319,619,181,235,416,134,172,306,87,111,198,30,61,91,0,16,16,1664,1840,3504,3504,338,0.09646118721461187
2021-06-01,115,102,217,142,141,283,274,287,561,327,317,644,253,276,529,205,251,456,162,180,342,88,98,186,36,41,77,5,11,16,1607,1704,3311,3311,305,0.09211718514044095
2021-06-02,133,108,241,141,154,295,288,339,627,314,370,684,292,293,585,187,228,415,132,189,321,90,106,196,32,52,84,7,18,25,1616,1857,3473,3471,370,0.1065975223278594
2021-06-03,111,122,233,167,153,320,304,300,604,345,365,710,296,300,596,198,237,435,153,183,336,79,105,184,30,30,60,4,17,21,1687,1812,3499,3497,314,0.08979124964255075
2021-06-04,160,145,305,165,164,329,323,357,680,338,339,677,310,321,631,232,321,553,153,188,341,94,121,215,27,59,86,2,9,11,1804,2024,3828,3828,377,0.09848484848484848
2021-06-05,85,85,170,88,95,183,181,234,415,214,237,451,190,197,387,149,160,309,79,93,172,50,80,130,16,27,43,5,14,19,1057,1222,2279,2279,359,0.15752523036419483
2021-06-06,86,93,179,95,101,196,175,187,362,203,231,434,174,171,345,153,160,313,82,112,194,45,59,104,14,27,41,0,14,14,1027,1155,2182,2182,228,0.10449129239230064
2021-06-07,128,159,287,142,163,305,290,312,602,348,351,699,273,325,598,226,266,492,166,209,375,109,154,263,37,87,124,7,34,41,1726,2060,3786,3786,370,0.09772847332276809
2021-06-08,151,142,293,138,154,292,275,325,600,359,317,676,265,278,543,232,270,502,130,151,281,78,139,217,26,53,79,4,17,21,1658,1846,3504,3504,285,0.08133561643835617
2021-06-09,142,144,286,158,135,293,332,328,660,348,374,722,279,306,585,227,276,503,143,174,317,85,98,183,38,62,100,4,18,22,1756,1915,3671,3669,323,0.08803488689016081
2021-06-10,127,139,266,136,163,299,313,339,652,347,382,729,264,292,556,192,257,449,122,177,299,92,125,217,30,51,81,5,18,23,1628,1943,3571,3567,339,0.09503784693019345
2021-06-11,125,123,248,112,153,265,308,344,652,319,394,713,291,326,617,215,243,458,142,162,304,86,130,216,33,70,103,6,17,23,1637,1962,3599,3599,466,0.12948041122534037
2021-06-12,98,95,193,102,101,203,209,217,426,241,262,503,199,210,409,141,183,324,98,128,226,51,83,134,25,35,60,4,11,15,1168,1325,2493,2493,252,0.10108303249097472
2021-06-13,105,109,214,101,105,206,170,171,341,194,199,393,192,208,400,140,176,316,96,103,199,39,57,96,19,35,54,4,10,14,1060,1173,2233,2233,222,0.09941782355575458
2021-06-14,158,133,291,155,169,324,272,349,621,339,374,713,298,323,621,215,279,494,140,210,350,107,117,224,28,52,80,17,20,37,1729,2026,3755,3755,336,0.08948069241011984
2021-06-15,158,159,317,172,157,329,313,326,639,340,379,719,281,341,622,220,252,472,157,176,333,87,101,188,38,46,84,3,16,19,1769,1953,3722,3722,296,0.07952713594841483
2021-06-16,162,157,319,168,155,323,298,329,627,346,365,711,279,329,608,181,232,413,139,165,304,78,99,177,33,48,81,1,16,17,1685,1895,3580,3580,268,0.07486033519553073
2021-06-17,154,144,298,168,183,351,317,366,683,360,421,781,284,342,626,175,250,425,138,174,312,108,121,229,24,48,72,2,11,13,1730,2060,3790,3790,314,0.08284960422163588
2021-06-18,130,117,247,146,163,309,316,290,606,337,379,716,285,364,649,169,251,420,113,166,279,60,95,155,29,31,60,4,15,19,1589,1871,3460,3460,365,0.10549132947976879
2021-06-19,103,108,211,101,88,189,188,217,405,223,280,503,191,237,428,113,145,258,113,115,228,66,72,138,25,59,84,3,17,20,1126,1338,2464,2464,393,0.15949675324675325
2021-06-20,105,79,184,82,63,145,106,140,246,150,201,351,139,171,310,100,123,223,72,89,161,49,51,100,14,29,43,1,9,10,818,955,1773,1773,211,0.11900733220530176
2021-06-21,114,114,228,115,96,211,167,221,388,241,231,472,219,232,451,160,189,349,86,106,192,59,84,143,30,28,58,3,4,7,1194,1305,2499,2498,268,0.10728582866293035
2021-06-22,181,161,342,169,171,340,285,367,652,345,371,716,325,353,678,200,255,455,177,208,385,91,124,215,28,55,83,10,11,21,1811,2076,3887,3887,344,0.0885001286339079
2021-06-23,202,167,369,198,174,372,270,342,612,363,422,785,320,400,720,173,243,416,165,183,348,80,119,199,35,58,93,6,22,28,1812,2130,3942,3941,328,0.08322760720629283
2021-06-24,202,166,368,165,192,357,302,361,663,332,410,742,306,331,637,184,253,437,153,203,356,79,101,180,22,51,73,3,13,16,1748,2081,3829,3828,473,0.1235632183908046
2021-06-25,210,176,386,189,221,410,315,399,714,402,501,903,281,361,642,248,295,543,177,242,419,91,135,226,33,59,92,9,19,28,1955,2408,4363,4362,615,0.14099037138927098
2021-06-26,105,91,196,91,118,209,174,184,358,216,254,470,173,222,395,134,118,252,112,151,263,69,105,174,21,36,57,5,16,21,1100,1295,2395,2395,287,0.1198329853862213
2021-06-27,120,98,218,81,100,181,146,182,328,183,207,390,155,177,332,102,118,220,94,88,182,51,68,119,12,37,49,0,9,9,944,1084,2028,2028,259,0.12771203155818542
2021-06-28,138,118,256,90,86,176,155,207,362,231,248,479,172,207,379,138,135,273,102,98,200,60,79,139,32,34,66,2,15,17,1120,1227,2347,2346,350,0.14919011082693948
2021-06-29,148,188,336,155,173,328,267,331,598,317,346,663,234,287,521,187,196,383,142,146,288,88,88,176,23,56,79,2,27,29,1563,1838,3401,3401,374,0.10996765657159659
2021-06-30,189,184,373,193,170,363,292,365,657,372,400,772,297,297,594,172,275,447,121,184,305,76,92,168,31,47,78,5,17,22,1748,2031,3779,3779,346,0.09155861338978566
2021-07-01,138,142,280,161,173,334,287,317,604,298,400,698,222,292,514,172,235,407,119,167,286,80,93,173,30,53,83,4,14,18,1511,1886,3397,3396,397,0.11690223792697291
2021-07-02,192,160,352,211,191,402,296,363,659,341,435,776,221,350,571,187,261,448,137,200,337,85,104,189,23,48,71,4,13,17,1697,2125,3822,3821,437,0.11436796650091599
2021-07-03,116,124,240,116,147,263,189,243,432,254,291,545,195,251,446,133,153,286,118,126,244,49,78,127,19,38,57,7,15,22,1196,1466,2662,2662,379,0.142374154770849
2021-07-04,117,153,270,109,99,208,139,211,350,190,229,419,153,181,334,130,175,305,86,112,198,39,74,113,13,34,47,4,11,15,980,1279,2259,2259,400,0.17706949977866313
2021-07-05,239,207,446,189,189,378,323,371,694,373,442,815,277,373,650,191,268,459,159,171,330,98,114,212,36,52,88,5,17,22,1890,2204,4094,4093,523,0.1277791351087222
2021-07-06,241,232,473,253,203,456,361,398,759,398,470,868,313,382,695,196,263,459,141,193,334,89,119,208,29,55,84,3,28,31,2024,2343,4367,4367,429,0.0982367758186398
2021-07-07,215,210,425,217,230,447,359,409,768,387,465,852,323,338,661,228,243,471,126,156,282,77,86,163,24,56,80,10,13,23,1966,2206,4172,4171,376,0.09014624790218173
2021-07-08,209,212,421,241,270,511,418,441,859,425,493,918,317,438,755,245,308,553,152,235,387,90,129,219,41,44,85,5,16,21,2143,2586,4729,4728,591,0.125
2021-07-09,154,155,309,174,166,340,258,286,544,284,333,617,244,298,542,167,188,355,118,115,233,53,72,125,29,45,74,5,11,16,1486,1669,3155,3155,415,0.13153724247226625
2021-07-10,129,143,272,165,158,323,216,240,456,247,298,545,189,252,441,159,191,350,101,139,240,64,82,146,22,44,66,5,11,16,1297,1558,2855,2855,359,0.12574430823117339
2021-07-11,180,163,343,126,115,241,184,206,390,224,287,511,197,269,466,150,166,316,109,116,225,55,76,131,14,22,36,7,11,18,1246,1431,2677,2677,351,0.13111692192753083
2021-07-12,249,247,496,239,243,482,382,462,844,450,470,920,381,435,816,228,324,552,191,195,386,100,117,217,31,50,81,10,19,29,2261,2562,4823,4823,504,0.10449927431059507
2021-07-13,264,204,468,242,264,506,402,423,825,374,439,813,330,395,725,237,300,537,157,191,348,91,125,216,28,61,89,10,18,28,2135,2420,4555,4554,570,0.1251646903820817
2021-07-14,249,245,494,304,270,574,452,476,928,388,503,891,363,427,790,246,319,565,181,205,386,78,95,173,27,55,82,5,15,20,2293,2610,4903,4901,491,0.10018363599265456
2021-07-15,231,211,442,333,313,646,468,486,954,458,510,968,413,504,917,276,322,598,169,212,381,82,125,207,29,54,83,8,20,28,2467,2757,5224,5223,566,0.10836683898142829
2021-07-16,199,191,390,249,272,521,396,446,842,412,475,887,413,459,872,247,283,530,142,200,342,65,111,176,27,52,79,5,15,20,2155,2504,4659,4659,486,0.10431423052157116
2021-07-17,131,163,294,186,181,367,245,287,532,283,349,632,245,303,548,175,215,390,114,125,239,73,80,153,12,24,36,4,10,14,1468,1737,3205,3203,493,0.15391820168591944
2021-07-18,136,113,249,134,153,287,214,274,488,229,279,508,213,238,451,168,192,360,88,113,201,66,78,144,27,39,66,2,6,8,1277,1485,2762,2761,285,0.1032234697573343
2021-07-19,196,183,379,188,192,380,382,412,794,352,416,768,329,401,730,234,333,567,188,219,407,98,131,229,39,53,92,6,8,14,2012,2348,4360,4360,483,0.11077981651376147
2021-07-20,200,182,382,182,186,368,318,397,715,341,399,740,297,358,655,209,243,452,162,188,350,89,114,203,31,58,89,4,22,26,1833,2147,3980,3980,452,0.1135678391959799
2021-07-21,215,193,408,252,244,496,396,456,852,383,485,868,349,481,830,283,351,634,197,269,466,101,151,252,35,66,101,4,16,20,2215,2712,4927,4926,477,0.09683313032886723
2021-07-22,200,181,381,278,252,530,384,488,872,450,516,966,429,520,949,284,343,627,160,219,379,98,121,219,33,57,90,4,9,13,2320,2706,5026,5026,508,0.10107441305212893
2021-07-23,173,135,308,184,212,396,304,364,668,366,448,814,309,378,687,234,243,477,121,168,289,64,111,175,22,44,66,6,16,22,1783,2119,3902,3900,521,0.1335897435897436
2021-07-24,145,152,297,197,240,437,287,338,625,378,443,821,354,376,730,211,261,472,124,195,319,84,84,168,28,37,65,3,8,11,1811,2134,3945,3944,408,0.10344827586206896
2021-07-25,128,126,254,203,227,430,214,281,495,348,416,764,417,464,881,237,245,482,129,133,262,88,86,174,14,34,48,6,9,15,1784,2021,3805,3804,314,0.0825446898002103
2021-07-26,171,199,370,306,375,681,367,524,891,494,601,1095,484,588,1072,317,382,699,194,268,462,106,170,276,39,73,112,8,20,28,2486,3200,5686,5686,476,0.08371438621174815
2021-07-27,132,132,264,181,230,411,293,348,641,302,362,664,294,315,609,183,225,408,128,148,276,76,111,187,32,44,76,4,11,15,1625,1926,3551,3547,393,0.11079785734423457
2021-07-28,148,137,285,190,249,439,347,397,744,382,419,801,310,361,671,236,270,506,172,185,357,84,106,190,25,41,66,6,5,11,1900,2170,4070,4070,415,0.10196560196560196
2021-07-29,163,138,301,217,222,439,311,400,711,399,475,874,330,398,728,212,252,464,167,174,341,76,104,180,25,34,59,5,18,23,1905,2215,4120,4116,406,0.09863945578231292
2021-07-30,173,157,330,275,288,563,418,517,935,486,627,1113,413,566,979,316,412,728,209,264,473,87,148,235,35,63,98,9,13,22,2421,3055,5476,5474,630,0.11508951406649616
2021-07-31,178,180,358,250,297,547,287,378,665,445,561,1006,496,576,1072,301,324,625,157,230,387,90,115,205,27,28,55,2,16,18,2233,2705,4938,4938,394,0.0797893884163629
2021-08-01,192,206,398,240,306,546,191,295,486,355,444,799,439,544,983,215,268,483,126,166,292,69,107,176,23,50,73,7,10,17,1857,2396,4253,4252,371,0.08725305738476011
2021-08-02,274,218,492,311,318,629,364,480,844,513,589,1102,481,614,1095,309,430,739,254,296,550,117,165,282,49,70,119,5,20,25,2677,3200,5877,5876,597,0.10159972770592239
2021-08-03,274,256,530,294,367,661,362,503,865,450,565,1015,459,591,1050,314,428,742,218,317,535,148,181,329,36,67,103,5,18,23,2560,3293,5853,5852,569,0.09723171565276828
2021-08-04,263,227,490,243,258,501,376,430,806,427,499,926,320,430,750,223,321,544,197,233,430,83,142,225,27,54,81,2,19,21,2161,2613,4774,4773,561,0.11753614079195475
2021-08-05,277,301,578,289,350,639,486,596,1082,513,593,1106,463,568,1031,327,414,741,211,266,477,108,145,253,35,66,101,8,15,23,2717,3314,6031,6027,582,0.09656545545047288
2021-08-06,322,262,584,389,359,748,510,621,1131,559,706,1265,481,588,1069,314,474,788,265,360,625,127,210,337,39,51,90,3,16,19,3009,3647,6656,6655,630,0.0946656649135988
2021-08-07,194,219,413,226,275,501,300,347,647,377,416,793,305,373,678,219,274,493,151,196,347,83,146,229,24,48,72,6,5,11,1885,2299,4184,4181,529,0.12652475484333892
2021-08-08,289,264,553,261,272,533,245,313,558,308,378,686,333,420,753,198,271,469,169,206,375,87,86,173,20,48,68,6,12,18,1916,2270,4186,4186,525,0.1254180602006689
2021-08-09,437,396,833,339,373,712,449,640,1089,573,642,1215,466,636,1102,367,454,821,246,310,556,137,150,287,43,63,106,12,18,30,3069,3682,6751,6750,644,0.09540740740740741
2021-08-10,494,453,947,434,440,874,503,698,1201,532,711,1243,480,646,1126,383,469,852,256,331,587,147,182,329,44,68,112,3,20,23,3276,4018,7294,7289,889,0.12196460419810673
2021-08-11,421,415,836,461,496,957,536,718,1254,609,733,1342,525,710,1235,353,476,829,242,306,548,127,155,282,52,73,125,9,24,33,3335,4106,7441,7440,701,0.09422043010752688
2021-08-12,415,405,820,448,479,927,494,656,1150,531,678,1209,512,667,1179,319,451,770,209,263,472,126,138,264,48,57,105,9,20,29,3111,3814,6925,6924,727,0.10499711149624495
2021-08-13,544,453,997,600,617,1217,577,838,1415,739,937,1676,602,818,1420,382,581,963,261,345,606,144,195,339,58,67,125,5,16,21,3912,4867,8779,8778,825,0.09398496240601503
2021-08-14,334,327,661,361,360,721,302,459,761,429,539,968,399,542,941,259,362,621,172,231,403,113,118,231,30,50,80,4,13,17,2403,3001,5404,5404,764,0.14137675795706883
2021-08-15,283,276,559,262,272,534,252,292,544,336,430,766,315,390,705,243,313,556,146,198,344,96,115,211,23,51,74,3,14,17,1959,2351,4310,4310,529,0.12273781902552204
2021-08-16,369,344,713,319,357,676,272,398,670,374,505,879,391,505,896,261,313,574,146,198,344,110,118,228,28,41,69,7,13,20,2277,2792,5069,5069,578,0.1140264351943184
2021-08-17,570,470,1040,524,542,1066,512,734,1246,694,829,1523,490,789,1279,410,552,962,254,324,578,145,167,312,38,85,123,8,24,32,3645,4516,8161,8159,904,0.11079789189851698
2021-08-18,549,511,1060,568,550,1118,448,645,1093,614,802,1416,481,658,1139,334,486,820,222,305,527,142,184,326,36,80,116,15,23,38,3409,4244,7653,7653,824,0.10767019469489089
2021-08-19,509,466,975,497,543,1040,461,668,1129,634,786,1420,493,670,1163,349,443,792,216,292,508,113,136,249,33,56,89,10,14,24,3315,4074,7389,7389,850,0.11503586412234403
2021-08-20,624,557,1181,619,634,1253,532,698,1230,585,849,1434,534,749,1283,347,530,877,238,340,578,144,190,334,35,71,106,10,19,29,3668,4637,8305,8301,858,0.1033610408384532
2021-08-21,328,366,694,334,351,685,313,471,784,461,613,1074,383,508,891,269,353,622,184,247,431,105,142,247,29,48,77,3,16,19,2409,3115,5524,5523,771,0.13959804454101032
2021-08-22,475,447,922,306,349,655,273,365,638,417,570,987,391,526,917,287,346,633,177,229,406,114,126,240,30,41,71,6,15,21,2476,3014,5490,5490,798,0.1453551912568306
2021-08-23,807,782,1589,578,644,1222,520,713,1233,680,861,1541,587,822,1409,375,533,908,273,390,663,155,206,361,47,73,120,4,17,21,4026,5041,9067,9064,1043,0.11507060900264784
2021-08-24,825,781,1606,589,576,1165,498,678,1176,590,869,1459,521,687,1208,330,515,845,236,363,599,121,169,290,56,64,120,5,16,21,3771,4718,8489,8489,957,0.11273412651666863
2021-08-25,793,771,1564,560,556,1116,415,621,1036,544,832,1376,506,741,1247,340,462,802,256,357,613,151,175,326,49,41,90,8,29,37,3622,4585,8207,8206,936,0.11406288081891298
2021-08-26,820,772,1592,596,600,1196,474,698,1172,630,849,1479,516,736,1252,320,511,831,249,321,570,136,199,335,43,70,113,6,18,24,3790,4774,8564,8564,848,0.09901914992993928
2021-08-27,902,783,1685,570,696,1266,452,680,1132,622,922,1544,524,808,1332,363,516,879,260,340,600,128,180,308,39,74,113,4,15,19,3864,5014,8878,8878,839,0.09450326650146429
2021-08-28,500,426,926,317,301,618,296,428,724,425,550,975,338,529,867,248,310,558,175,229,404,77,113,190,44,43,87,4,7,11,2424,2936,5360,5360,678,0.12649253731343282
2021-08-29,546,505,1051,257,318,575,208,328,536,378,477,855,347,445,792,226,312,538,164,189,353,79,108,187,38,50,88,2,8,10,2245,2740,4985,4984,759,0.15228731942215087
2021-08-30,945,844,1789,546,540,1086,410,570,980,579,783,1362,520,643,1163,313,440,753,234,330,564,123,181,304,54,69,123,5,20,25,3729,4420,8149,8149,907,0.11130200024542888
2021-08-31,1030,921,1951,710,614,1324,440,666,1106,589,781,1370,535,762,1297,359,479,838,271,363,634,141,213,354,43,68,111,10,18,28,4128,4885,9013,9012,746,0.08277851753217931
2021-09-01,945,845,1790,626,590,1216,428,571,999,553,787,1340,474,633,1107,300,412,712,239,269,508,112,179,291,41,81,122,4,17,21,3722,4384,8106,8106,670,0.08265482358746608
2021-09-02,762,703,1465,484,507,991,356,487,843,516,619,1135,374,608,982,269,369,638,196,251,447,117,129,246,32,47,79,6,17,23,3112,3737,6849,6848,593,0.0865946261682243
2021-09-03,601,569,1170,489,516,1005,388,497,885,494,647,1141,454,614,1068,284,414,698,226,302,528,124,176,300,35,55,90,1,10,11,3096,3800,6896,6896,654,0.09483758700696056
2021-09-04,392,361,753,223,233,456,196,281,477,328,430,758,298,376,674,200,246,446,146,180,326,86,112,198,27,47,74,3,11,14,1899,2277,4176,4176,603,0.14439655172413793
2021-09-05,423,391,814,228,253,481,219,261,480,347,475,822,295,378,673,202,264,466,156,205,361,112,118,230,23,37,60,7,14,21,2012,2396,4408,4407,512,0.11617880644429317
2021-09-06,806,804,1610,470,470,940,401,556,957,537,683,1220,494,619,1113,324,443,767,247,306,553,164,169,333,38,78,116,7,26,33,3488,4154,7642,7640,789,0.10327225130890053
2021-09-07,692,753,1445,448,498,946,344,478,822,443,599,1042,379,531,910,250,355,605,192,254,446,93,162,255,34,65,99,7,27,34,2882,3722,6604,6603,676,0.10237770710283205
2021-09-08,538,570,1108,429,401,830,313,368,681,405,504,909,323,465,788,266,328,594,162,205,367,91,114,205,35,47,82,8,13,21,2570,3015,5585,5584,674,0.12070200573065902
2021-09-09,601,550,1151,377,365,742,280,447,727,390,480,870,324,457,781,218,327,545,190,198,388,100,128,228,41,58,99,5,16,21,2526,3026,5552,5549,638,0.1149756712921247
2021-09-10,583,524,1107,454,498,952,485,751,1236,642,853,1495,589,875,1464,475,644,1119,313,479,792,135,210,345,64,56,120,8,15,23,3748,4905,8653,8651,672,0.07767888105421339
2021-09-11,341,342,683,275,307,582,392,527,919,490,622,1112,465,568,1033,333,435,768,240,335,575,111,166,277,35,35,70,5,7,12,2687,3344,6031,6030,919,0.15240464344941956
2021-09-12,320,296,616,175,209,384,174,232,406,262,322,584,258,281,539,171,217,388,130,177,307,73,89,162,14,29,43,6,10,16,1583,1862,3445,3445,481,0.13962264150943396
2021-09-13,632,621,1253,385,445,830,339,492,831,474,628,1102,446,553,999,279,440,719,246,276,522,142,183,325,34,74,108,9,19,28,2986,3731,6717,6717,660,0.09825815096025012
2021-09-14,638,573,1211,386,405,791,314,411,725,394,552,946,335,479,814,234,354,588,182,259,441,128,165,293,30,57,87,6,14,20,2647,3269,5916,5913,827,0.13986132250972433
2021-09-15,494,456,950,340,331,671,217,352,569,317,488,805,294,418,712,187,251,438,149,209,358,87,113,200,36,57,93,8,26,34,2129,2701,4830,4827,663,0.13735239279055314
2021-09-16,474,429,903,347,341,688,253,366,619,334,523,857,319,465,784,212,281,493,145,236,381,98,144,242,35,52,87,11,16,27,2228,2853,5081,5079,469,0.09234101201023824
2021-09-17,607,557,1164,425,446,871,280,421,701,370,512,882,339,462,801,205,342,547,159,217,376,126,157,283,31,70,101,5,10,15,2547,3194,5741,5740,612,0.10662020905923345
2021-09-18,328,300,628,190,206,396,194,267,461,270,352,622,240,309,549,161,218,379,150,205,355,81,117,198,33,39,72,4,11,15,1651,2024,3675,3675,605,0.16462585034013605
2021-09-19,362,342,704,167,178,345,165,224,389,254,325,579,240,268,508,150,196,346,123,139,262,64,93,157,17,46,63,6,9,15,1548,1820,3368,3367,441,0.13097713097713098
2021-09-20,652,654,1306,504,538,1042,259,392,651,413,496,909,364,449,813,251,340,591,220,264,484,109,149,258,33,58,91,9,10,19,2814,3350,6164,6163,613,0.09946454648710044
2021-09-21,541,521,1062,236,276,512,232,367,599,357,422,779,308,365,673,185,280,465,177,230,407,126,137,263,40,56,96,3,9,12,2205,2663,4868,4867,549,0.1128004931169098
2021-09-22,602,505,1107,452,454,906,240,365,605,347,516,863,293,411,704,183,316,499,168,235,403,108,128,236,24,61,85,7,19,26,2424,3010,5434,5430,551,0.10147329650092081
2021-09-23,508,481,989,465,490,955,234,368,602,355,488,843,288,435,723,192,298,490,187,262,449,109,140,249,34,58,92,10,26,36,2382,3046,5428,5427,520,0.09581721024507094
2021-09-24,446,458,904,320,296,616,236,306,542,290,363,653,244,363,607,160,252,412,161,208,369,81,142,223,31,53,84,4,7,11,1973,2448,4421,4421,549,0.12418004976249718
2021-09-25,269,224,493,138,149,287,141,203,344,213,267,480,190,230,420,147,152,299,116,145,261,70,89,159,22,37,59,2,16,18,1308,1512,2820,2819,615,0.21816246896062433
2021-09-26,311,268,579,147,167,314,120,185,305,207,264,471,234,258,492,121,190,311,124,139,263,60,74,134,19,31,50,2,9,11,1345,1585,2930,2930,351,0.11979522184300341
2021-09-27,565,507,1072,441,365,806,236,349,585,371,436,807,339,361,700,199,301,500,178,250,428,131,150,281,29,58,87,10,18,28,2499,2795,5294,5294,574,0.1084246316584813
2021-09-28,548,468,1016,507,541,1048,207,333,540,333,416,749,288,374,662,191,240,431,159,208,367,95,100,195,22,56,78,5,12,17,2355,2748,5103,5102,524,0.10270482163857311
2021-09-29,491,417,908,385,420,805,243,346,589,319,448,767,292,349,641,193,246,439,155,220,375,104,151,255,44,49,93,10,11,21,2236,2657,4893,4890,442,0.09038854805725971
2021-09-30,381,371,752,457,509,966,207,300,507,305,353,658,231,315,546,181,227,408,137,204,341,75,122,197,28,62,90,6,13,19,2008,2476,4484,4482,318,0.07095046854082998
2021-10-01,481,380,861,519,534,1053,241,318,559,313,464,777,299,368,667,214,251,465,162,218,380,108,145,253,37,71,108,3,19,22,2377,2768,5145,5144,580,0.11275272161741835
2021-10-02,259,254,513,161,171,332,162,221,383,212,292,504,179,204,383,134,176,310,118,162,280,84,91,175,19,42,61,2,8,10,1330,1621,2951,2951,363,0.12300914944086751
2021-10-03,247,212,459,145,137,282,151,210,361,186,220,406,175,228,403,116,153,269,89,141,230,56,82,138,19,35,54,1,6,7,1185,1424,2609,2609,348,0.13338443848217707
2021-10-04,504,468,972,524,479,1003,264,369,633,301,471,772,319,382,701,210,321,531,177,260,437,114,165,279,38,43,81,3,14,17,2454,2972,5426,5426,543,0.10007371913011426
2021-10-05,502,446,948,509,605,1114,248,360,608,355,472,827,294,380,674,215,309,524,146,243,389,94,142,236,37,49,86,11,14,25,2411,3020,5431,5430,478,0.08802946593001841
2021-10-06,417,357,774,434,477,911,267,377,644,344,458,802,302,388,690,188,305,493,167,209,376,96,132,228,38,47,85,6,11,17,2259,2761,5020,5019,453,0.09025702331141662
2021-10-07,339,339,678,270,299,569,257,353,610,345,474,819,315,425,740,209,283,492,163,237,400,131,128,259,30,54,84,3,16,19,2062,2608,4670,4670,587,0.12569593147751607
2021-10-08,178,170,348,170,205,375,212,233,445,246,319,565,258,265,523,167,235,402,165,189,354,72,79,151,23,36,59,8,16,24,1499,1747,3246,3246,402,0.12384473197781885
2021-10-09,155,157,312,226,225,451,161,218,379,230,286,516,201,252,453,165,210,375,141,180,321,86,112,198,22,46,68,6,9,15,1393,1695,3088,3087,430,0.13929381276320052
2021-10-10,204,201,405,134,155,289,142,217,359,220,249,469,210,238,448,155,182,337,140,162,302,67,97,164,25,39,64,2,6,8,1299,1546,2845,2844,396,0.13924050632911392
2021-10-11,231,218,449,213,233,446,219,241,460,285,305,590,264,323,587,190,254,444,155,195,350,92,115,207,24,37,61,5,12,17,1678,1933,3611,3607,514,0.1425006930967563
2021-10-12,404,396,800,465,518,983,323,495,818,415,487,902,356,476,832,241,334,575,205,287,492,124,148,272,35,61,96,9,20,29,2577,3222,5799,5798,560,0.09658502932045533
2021-10-13,430,388,818,489,506,995,351,468,819,453,501,954,370,451,821,258,318,576,188,257,445,124,154,278,35,47,82,4,11,15,2702,3101,5803,5802,568,0.09789727680110306
2021-10-14,390,391,781,579,589,1168,343,453,796,391,501,892,358,466,824,259,345,604,212,274,486,127,156,283,39,64,103,8,18,26,2706,3257,5963,5963,451,0.07563307060204595
2021-10-15,320,279,599,391,417,808,299,419,718,382,443,825,304,406,710,240,266,506,184,270,454,106,172,278,25,47,72,2,10,12,2253,2729,4982,4981,516,0.10359365589239108
2021-10-16,193,177,370,267,312,579,228,256,484,298,326,624,265,323,588,193,251,444,163,225,388,117,160,277,37,50,87,4,14,18,1765,2094,3859,3858,469,0.12156557801969933
2021-10-17,183,145,328,230,238,468,158,219,377,236,260,496,238,273,511,156,201,357,118,149,267,84,104,188,22,32,54,1,3,4,1426,1624,3050,3049,311,0.1020006559527714
2021-10-18,445,421,866,394,411,805,328,448,776,413,463,876,340,441,781,272,353,625,226,306,532,134,175,309,47,70,117,6,10,16,2605,3098,5703,5694,582,0.10221285563751317
2021-10-19,487,471,958,392,426,818,287,393,680,347,446,793,268,439,707,216,294,510,187,221,408,118,149,267,36,61,97,6,19,25,2344,2919,5263,5261,521,0.0990306025470443
2021-10-20,488,452,940,456,533,989,360,484,844,393,567,960,371,483,854,254,344,598,169,269,438,121,161,282,39,50,89,5,11,16,2656,3354,6010,6009,655,0.109003161923781
2021-10-21,532,494,1026,441,534,975,324,440,764,417,643,1060,342,488,830,239,409,648,197,297,494,117,170,287,34,62,96,3,23,26,2646,3560,6206,6205,638,0.10282030620467365
2021-10-22,495,510,1005,556,648,1204,315,502,817,422,611,1033,369,588,957,273,384,657,199,301,500,134,158,292,42,66,108,9,15,24,2814,3783,6597,6595,603,0.09143290371493555
2021-10-23,302,276,578,317,308,625,183,276,459,276,361,637,261,356,617,185,276,461,159,199,358,89,106,195,22,46,68,6,16,22,1800,2220,4020,4020,494,0.12288557213930348
2021-10-24,325,300,625,256,240,496,152,277,429,272,376,648,244,342,586,201,264,465,127,163,290,70,94,164,24,26,50,2,7,9,1673,2089,3762,3762,409,0.10871876661350345
2021-10-25,626,633,1259,441,485,926,373,548,921,473,608,1081,464,589,1053,300,439,739,251,362,613,135,193,328,38,51,89,2,11,13,3103,3919,7022,7022,765,0.1089433209911706
2021-10-26,569,564,1133,565,522,1087,382,506,888,429,572,1001,375,526,901,291,405,696,252,321,573,123,159,282,32,67,99,4,12,16,3022,3654,6676,6675,529,0.07925093632958802
2021-10-27,539,513,1052,545,497,1042,343,419,762,389,526,915,353,488,841,235,361,596,201,282,483,136,148,284,40,64,104,3,15,18,2784,3313,6097,6092,518,0.0850295469468155
2021-10-28,545,497,1042,510,527,1037,311,463,774,433,529,962,360,509,869,243,333,576,206,240,446,107,148,255,40,56,96,6,17,23,2761,3319,6080,6077,476,0.07832812242883001
2021-10-29,505,491,996,495,485,980,321,488,809,451,560,1011,447,527,974,269,403,672,221,291,512,131,186,317,41,66,107,5,15,20,2886,3512,6398,6398,625,0.09768677711784933
2021-10-30,275,247,522,303,308,611,199,260,459,291,386,677,296,386,682,217,266,483,162,184,346,106,113,219,32,44,76,4,10,14,1885,2204,4089,4089,628,0.15358278307654682
2021-10-31,248,245,493,262,298,560,173,217,390,231,314,545,233,311,544,187,239,426,131,158,289,68,107,175,28,33,61,5,14,19,1566,1936,3502,3501,413,0.11796629534418737
2021-11-01,457,466,923,415,446,861,293,451,744,434,565,999,477,555,1032,360,445,805,265,354,619,168,199,367,42,69,111,11,17,28,2922,3567,6489,6489,619,0.09539220218831869
2021-11-02,502,446,948,433,436,869,282,425,707,360,486,846,328,484,812,240,360,600,207,286,493,125,145,270,44,62,106,6,14,20,2527,3144,5671,5669,596,0.10513318045510672
2021-11-03,509,387,896,466,565,1031,320,460,780,421,546,967,413,545,958,306,404,710,214,271,485,137,170,307,42,49,91,2,12,14,2830,3409,6239,6239,543,0.0870331783939734
2021-11-04,396,357,753,430,443,873,292,449,741,391,538,929,347,518,865,301,393,694,215,274,489,113,158,271,40,80,120,6,21,27,2531,3231,5762,5762,624,0.10829573064908019
2021-11-05,399,375,774,417,474,891,339,456,795,395,547,942,366,537,903,312,363,675,227,276,503,112,144,256,38,54,92,5,14,19,2610,3240,5850,5850,646,0.11042735042735043
2021-11-06,258,220,478,274,289,563,174,272,446,279,337,616,232,296,528,180,255,435,149,156,305,83,102,185,26,44,70,0,10,10,1655,1981,3636,3636,418,0.11496149614961496
2021-11-07,232,251,483,250,311,561,161,253,414,213,285,498,233,301,534,182,245,427,129,173,302,69,94,163,27,20,47,5,3,8,1501,1936,3437,3437,379,0.11027058481233634
2021-11-08,546,491,1037,397,398,795,336,457,793,438,548,986,401,594,995,281,415,696,238,280,518,133,171,304,44,71,115,5,14,19,2819,3439,6258,6258,637,0.1017897091722595
2021-11-09,487,429,916,392,425,817,281,459,740,408,506,914,380,498,878,249,359,608,187,207,394,107,121,228,36,63,99,7,8,15,2534,3075,5609,5606,507,0.09043881555476276
2021-11-10,469,416,885,378,435,813,355,494,849,392,583,975,403,519,922,292,385,677,178,259,437,96,144,240,27,65,92,4,14,18,2594,3314,5908,5908,450,0.07616790792146243
2021-11-11,508,468,976,373,474,847,343,446,789,466,627,1093,367,553,920,251,375,626,194,226,420,105,131,236,33,64,97,3,11,14,2643,3375,6018,6016,436,0.07247340425531915
2021-11-12,395,400,795,479,497,976,356,466,822,468,686,1154,433,614,1047,335,471,806,274,386,660,139,177,316,45,57,102,1,15,16,2925,3769,6694,6694,598,0.08933373170002988
2021-11-13,260,255,515,389,382,771,222,315,537,341,394,735,286,386,672,195,294,489,171,217,388,117,167,284,28,39,67,3,16,19,2012,2465,4477,4477,562,0.1255304891668528
2021-11-14,203,216,419,166,147,313,114,180,294,204,247,451,186,227,413,113,164,277,86,144,230,78,89,167,14,24,38,5,14,19,1169,1452,2621,2621,409,0.15604731018695153
2021-11-15,450,444,894,376,394,770,280,410,690,421,525,946,345,551,896,260,395,655,246,315,561,135,193,328,45,62,107,4,15,19,2562,3304,5866,5864,546,0.09311050477489768
2021-11-16,451,441,892,402,379,781,274,440,714,356,544,900,367,472,839,280,395,675,213,274,487,110,143,253,37,44,81,5,11,16,2495,3143,5638,5637,580,0.10289160901188575
2021-11-17,451,420,871,339,328,667,317,473,790,398,654,1052,380,557,937,311,418,729,221,302,523,140,166,306,35,46,81,7,10,17,2599,3374,5973,5973,487,0.08153356772141303
2021-11-18,468,388,856,446,467,913,316,469,785,429,602,1031,379,545,924,267,415,682,231,262,493,106,132,238,40,66,106,7,21,28,2689,3367,6056,6056,561,0.09263540290620872
2021-11-19,354,351,705,447,500,947,306,432,738,353,589,942,388,485,873,265,399,664,207,227,434,107,169,276,31,48,79,3,10,13,2461,3210,5671,5670,429,0.07566137566137567
2021-11-20,242,224,466,314,385,699,172,257,429,254,327,581,231,322,553,181,234,415,163,168,331,87,95,182,25,38,63,4,7,11,1673,2057,3730,3730,484,0.1297587131367292
2021-11-21,172,178,350,241,253,494,119,149,268,182,240,422,189,240,429,137,164,301,115,178,293,48,99,147,22,27,49,3,4,7,1228,1532,2760,2760,423,0.1532608695652174
2021-11-22,203,226,429,229,241,470,124,181,305,237,282,519,207,289,496,162,202,364,104,153,257,71,83,154,23,34,57,2,10,12,1362,1701,3063,3063,538,0.17564479268690825
2021-11-23,336,311,647,274,306,580,198,316,514,282,374,656,248,329,577,161,282,443,146,176,322,85,107,192,34,33,67,4,13,17,1768,2247,4015,4011,806,0.20094739466467215
2021-11-24,366,363,729,264,328,592,247,376,623,334,410,744,269,415,684,188,325,513,147,208,355,98,108,206,26,47,73,3,8,11,1942,2588,4530,4527,606,0.13386348575215373
2021-11-25,333,360,693,330,331,661,294,351,645,394,492,886,353,413,766,254,313,567,182,217,399,90,118,208,35,45,80,1,8,9,2266,2648,4914,4914,369,0.07509157509157509
2021-11-26,303,308,611,507,535,1042,321,367,688,354,512,866,359,478,837,245,325,570,186,230,416,83,136,219,24,40,64,0,9,9,2382,2940,5322,5321,452,0.0849464386393535
2021-11-27,172,188,360,324,334,658,222,260,482,285,341,626,284,329,613,187,228,415,138,158,296,74,85,159,25,32,57,1,15,16,1712,1970,3682,3682,236,0.06409560021727322
2021-11-28,86,82,168,120,163,283,85,138,223,127,172,299,126,187,313,91,118,209,57,62,119,25,24,49,3,13,16,1,1,2,721,960,1681,1681,101,0.060083283759666865
2021-11-29,8,8,16,16,18,34,6,8,14,12,9,21,9,15,24,7,6,13,2,4,6,4,3,7,2,1,3,0,0,0,66,72,138,138,0,0.0
