FECHA,<=10M,<=10F,<=10,11-20M,11-20F,11-20,21-30M,21-30F,21-30,31-40M,31-40F,31-40,41-50M,41-50F,41-50,51-60M,51-60F,51-60,61-70M,61-70F,61-70,71-80M,71-80F,71-80,81-90M,81-90F,81-90,>=91M,>=91F,>=91,TotalM,TotalF,Total
2020-03-15,0,0,0,0,1,1,1,0,1,1,0,1,0,0,0,0,0,0,0,1,1,0,0,0,0,0,0,0,0,0,2,2,4
2020-03-16,0,0,0,0,1,1,3,2,5,4,0,4,1,0,1,0,1,1,1,1,2,0,0,0,0,0,0,0,0,0,9,5,14
2020-03-17,0,0,0,1,1,2,4,3,7,6,1,7,1,0,1,2,3,5,1,3,4,2,0,2,0,0,0,0,0,0,17,11,28
2020-03-18,0,0,0,1,1,2,6,5,11,8,3,11,2,2,4,3,3,6,1,4,5,2,0,2,0,0,0,0,0,0,23,18,41
2020-03-19,0,0,0,2,1,3,7,5,12,13,3,16,4,2,6,4,4,8,1,5,6,4,1,5,0,0,0,0,0,0,35,21,56
2020-03-20,0,0,0,2,1,3,12,5,17,15,3,18,6,2,8,6,4,10,2,6,8,4,3,7,0,1,1,0,0,0,47,25,72
2020-03-21,1,0,1,4,3,7,14,5,19,16,7,23,8,3,11,9,7,16,5,7,12,6,3,9,0,1,1,0,0,0,63,36,99
2020-03-22,1,0,1,4,3,7,16,7,23,21,7,28,12,3,15,11,11,22,7,7,14,9,4,13,0,1,1,0,0,0,81,43,124
2020-03-23,1,0,1,5,3,8,18,9,27,26,8,34,14,5,19,15,13,28,8,9,17,12,6,18,1,1,2,0,0,0,100,54,154
2020-03-24,1,0,1,5,3,8,21,14,35,34,9,43,17,6,23,17,14,31,9,9,18,13,7,20,2,1,3,0,0,0,119,63,182
2020-03-25,3,0,3,6,4,10,25,18,43,36,11,47,21,6,27,19,14,33,11,9,20,14,7,21,3,3,6,0,1,1,138,73,211
2020-03-26,3,0,3,6,5,11,26,19,45,38,12,50,23,6,29,21,18,39,13,12,25,16,8,24,4,3,7,0,1,1,150,84,234
2020-03-27,3,0,3,6,5,11,27,21,48,42,12,54,24,9,33,22,19,41,15,14,29,16,10,26,4,3,7,0,1,1,159,94,253
2020-03-28,3,0,3,6,5,11,28,22,50,43,15,58,25,10,35,23,20,43,16,15,31,17,12,29,6,3,9,0,1,1,167,103,270
2020-03-29,3,0,3,6,5,11,31,25,56,49,18,67,25,10,35,24,24,48,18,19,37,20,14,34,6,3,9,1,1,2,183,119,302
2020-03-30,3,0,3,6,6,12,36,27,63,50,20,70,28,12,40,27,24,51,21,22,43,24,15,39,6,3,9,1,2,3,202,131,333
2020-03-31,4,0,4,6,7,13,38,29,67,52,21,73,31,13,44,31,24,55,23,23,46,28,19,47,6,4,10,1,4,5,220,144,364
2020-04-01,4,0,4,7,8,15,40,32,72,55,26,81,34,15,49,33,28,61,27,25,52,28,20,48,6,5,11,1,4,5,235,163,398
2020-04-02,4,0,4,7,8,15,41,32,73,58,31,89,36,16,52,35,31,66,29,25,54,36,22,58,6,9,15,2,7,9,254,181,435
2020-04-03,4,0,4,7,8,15,44,34,78,59,32,91,38,17,55,36,35,71,30,28,58,38,22,60,6,10,16,2,8,10,264,194,458
2020-04-04,4,2,6,7,8,15,46,36,82,60,32,92,38,18,56,38,36,74,31,30,61,38,22,60,6,11,17,3,8,11,271,203,474
2020-04-05,5,2,7,7,8,15,46,37,83,62,34,96,38,22,60,38,37,75,32,30,62,40,23,63,7,11,18,3,8,11,278,212,490
2020-04-06,5,2,7,7,8,15,47,39,86,65,37,102,38,22,60,40,42,82,35,32,67,42,25,67,7,12,19,3,8,11,289,227,516
2020-04-07,5,2,7,7,9,16,50,39,89,66,42,108,39,22,61,42,43,85,36,32,68,43,27,70,8,12,20,5,8,13,301,236,537
2020-04-08,7,2,9,8,9,17,51,40,91,67,48,115,40,25,65,44,43,87,37,32,69,45,28,73,8,12,20,5,8,13,312,247,559
2020-04-09,7,2,9,8,10,18,52,40,92,72,48,120,40,26,66,45,43,88,37,33,70,45,28,73,8,12,20,5,8,13,319,250,569
2020-04-10,7,2,9,8,10,18,52,41,93,76,51,127,40,26,66,46,43,89,37,33,70,45,28,73,8,12,20,5,8,13,324,254,578
2020-04-11,7,2,9,8,10,18,52,41,93,77,53,130,40,28,68,47,43,90,37,33,70,45,28,73,10,13,23,5,8,13,328,259,587
2020-04-12,7,2,9,8,10,18,53,41,94,80,56,136,40,28,68,47,45,92,37,33,70,45,29,74,11,14,25,5,8,13,333,266,599
2020-04-13,8,2,10,8,10,18,55,42,97,82,59,141,43,29,72,47,48,95,37,35,72,46,30,76,11,14,25,5,8,13,342,277,619
2020-04-14,8,2,10,8,10,18,58,44,102,86,60,146,44,31,75,49,49,98,40,36,76,48,30,78,11,15,26,5,9,14,357,286,643
2020-04-15,8,2,10,8,10,18,58,45,103,88,62,150,46,32,78,49,50,99,40,36,76,48,30,78,11,16,27,5,9,14,361,292,653
2020-04-16,8,2,10,8,10,18,58,47,105,92,64,156,47,32,79,52,52,104,41,36,77,51,31,82,11,22,33,6,10,16,374,306,680
2020-04-17,8,2,10,8,10,18,60,49,109,94,68,162,48,33,81,53,53,106,42,37,79,51,32,83,13,25,38,6,12,18,383,321,704
2020-04-18,8,3,11,8,10,18,61,50,111,94,69,163,50,35,85,54,54,108,44,38,82,52,33,85,14,30,44,6,15,21,391,337,728
2020-04-19,8,3,11,8,10,18,64,50,114,98,73,171,50,39,89,55,54,109,44,39,83,53,36,89,14,32,46,7,18,25,401,354,755
2020-04-20,8,3,11,8,10,18,64,51,115,100,74,174,52,40,92,58,57,115,45,39,84,53,39,92,17,33,50,8,19,27,413,365,778
2020-04-21,8,7,15,8,10,18,64,54,118,101,79,180,53,45,98,59,59,118,47,40,87,53,42,95,20,36,56,9,24,33,422,396,818
2020-04-22,9,7,16,9,11,20,71,61,132,106,83,189,56,49,105,60,63,123,50,42,92,55,49,104,23,41,64,14,31,45,453,437,890
2020-04-23,15,10,25,10,12,22,79,64,143,108,89,197,60,53,113,61,63,124,53,46,99,57,52,109,31,42,73,14,34,48,488,465,953
2020-04-24,16,10,26,11,14,25,83,70,153,116,94,210,63,56,119,63,69,132,56,47,103,57,52,109,33,45,78,14,34,48,512,491,1003
2020-04-25,18,11,29,14,14,28,83,74,157,119,96,215,65,63,128,66,69,135,57,48,105,57,52,109,34,47,81,14,34,48,527,508,1035
2020-04-26,19,13,32,16,14,30,83,77,160,121,97,218,67,65,132,66,69,135,57,48,105,57,53,110,35,48,83,14,34,48,535,518,1053
2020-04-27,21,15,36,17,15,32,86,83,169,126,109,235,75,70,145,68,72,140,60,48,108,59,54,113,38,50,88,15,35,50,565,551,1116
2020-04-28,21,15,36,19,16,35,87,86,173,134,111,245,76,73,149,72,72,144,62,49,111,62,54,116,39,55,94,15,37,52,587,568,1155
2020-04-29,22,17,39,21,19,40,90,88,178,138,112,250,80,78,158,73,73,146,63,51,114,64,55,119,39,58,97,15,37,52,605,588,1193
2020-04-30,25,17,42,21,23,44,92,90,182,146,117,263,84,80,164,77,75,152,64,51,115,65,55,120,39,59,98,15,37,52,628,604,1232
2020-05-01,28,20,48,25,24,49,98,98,196,147,122,269,88,84,172,80,77,157,66,52,118,65,55,120,39,60,99,16,37,53,652,629,1281
2020-05-02,32,22,54,28,29,57,103,104,207,151,129,280,90,85,175,80,78,158,66,52,118,66,55,121,39,61,100,16,37,53,671,652,1323
2020-05-03,33,23,56,33,30,63,106,110,216,154,137,291,92,86,178,83,78,161,67,54,121,66,55,121,40,62,102,16,37,53,690,672,1362
2020-05-04,35,26,61,37,34,71,112,116,228,162,146,308,96,91,187,85,80,165,70,54,124,66,55,121,41,64,105,16,38,54,720,704,1424
2020-05-05,39,32,71,41,41,82,119,127,246,179,156,335,104,106,210,91,85,176,71,58,129,68,58,126,47,74,121,17,45,62,776,782,1558
2020-05-06,41,38,79,44,46,90,128,134,262,187,168,355,113,112,225,94,85,179,73,59,132,70,60,130,47,74,121,19,47,66,816,823,1639
2020-05-07,47,44,91,49,52,101,138,150,288,200,180,380,121,119,240,100,88,188,74,64,138,70,61,131,50,75,125,19,49,68,868,882,1750
2020-05-08,58,52,110,57,63,120,155,168,323,216,198,414,137,132,269,105,90,195,80,67,147,74,61,135,51,79,130,20,49,69,953,959,1912
2020-05-09,60,56,116,59,69,128,164,176,340,231,215,446,149,137,286,114,96,210,84,70,154,75,63,138,51,79,130,21,49,70,1008,1010,2018
2020-05-10,65,61,126,64,75,139,179,185,364,258,229,487,181,141,322,138,102,240,88,73,161,75,65,140,52,79,131,21,49,70,1121,1059,2180
2020-05-11,71,69,140,69,82,151,190,195,385,277,247,524,191,151,342,141,105,246,92,75,167,76,67,143,53,82,135,21,50,71,1181,1123,2304
2020-05-12,79,86,165,76,93,169,216,228,444,306,268,574,205,165,370,153,114,267,98,78,176,80,73,153,53,83,136,24,52,76,1290,1240,2530
2020-05-13,87,92,179,87,103,190,239,245,484,322,286,608,224,180,404,163,124,287,106,84,190,80,74,154,54,86,140,24,55,79,1386,1329,2715
2020-05-14,105,112,217,107,125,232,264,275,539,339,308,647,238,193,431,181,139,320,111,89,200,81,75,156,54,87,141,24,55,79,1504,1458,2962
2020-05-15,118,130,248,115,139,254,283,296,579,358,333,691,257,209,466,192,150,342,113,92,205,83,77,160,54,89,143,25,56,81,1598,1571,3169
2020-05-16,131,141,272,124,150,274,305,325,630,373,352,725,281,227,508,200,159,359,117,94,211,85,79,164,56,92,148,25,60,85,1697,1679,3376
2020-05-17,147,150,297,137,163,300,335,341,676,401,372,773,294,239,533,215,168,383,119,103,222,87,79,166,60,98,158,25,61,86,1820,1774,3594
2020-05-18,168,171,339,156,182,338,379,386,765,436,413,849,316,262,578,234,193,427,128,108,236,95,85,180,63,103,166,26,64,90,2001,1967,3968
2020-05-19,195,197,392,176,203,379,416,425,841,477,446,923,338,287,625,249,201,450,134,116,250,96,88,184,65,108,173,27,66,93,2173,2137,4310
2020-05-20,214,213,427,189,225,414,457,467,924,507,480,987,365,309,674,273,218,491,145,126,271,98,94,192,66,113,179,28,67,95,2342,2312,4654
2020-05-21,231,230,461,215,245,460,490,512,1002,557,515,1072,392,338,730,295,231,526,157,128,285,104,98,202,68,116,184,28,70,98,2537,2483,5020
2020-05-22,248,239,487,230,263,493,523,560,1083,594,544,1138,422,372,794,314,242,556,169,137,306,104,102,206,69,117,186,29,71,100,2702,2647,5349
2020-05-23,267,265,532,249,289,538,557,592,1149,621,573,1194,456,391,847,329,265,594,176,142,318,106,105,211,71,127,198,29,73,102,2861,2822,5683
2020-05-24,282,278,560,259,298,557,583,621,1204,646,602,1248,484,411,895,346,275,621,183,145,328,107,109,216,74,128,202,30,74,104,2994,2941,5935
2020-05-25,304,296,600,275,313,588,607,652,1259,673,633,1306,508,433,941,360,290,650,188,154,342,111,118,229,76,136,212,31,75,106,3133,3100,6233
2020-05-26,327,314,641,297,340,637,647,695,1342,719,675,1394,541,460,1001,387,320,707,199,160,359,113,123,236,77,143,220,33,82,115,3340,3312,6652
2020-05-27,358,326,684,319,368,687,687,745,1432,766,712,1478,572,494,1066,414,341,755,204,169,373,123,131,254,80,147,227,33,85,118,3556,3518,7074
2020-05-28,388,341,729,343,398,741,737,798,1535,804,747,1551,604,534,1138,435,360,795,216,181,397,128,142,270,93,167,260,37,102,139,3785,3770,7555
2020-05-29,413,374,787,367,433,800,768,843,1611,855,778,1633,623,565,1188,455,376,831,225,192,417,140,150,290,96,180,276,37,109,146,3979,4000,7979
2020-05-30,424,391,815,391,456,847,797,881,1678,885,810,1695,639,582,1221,471,385,856,231,198,429,143,155,298,98,183,281,38,110,148,4117,4151,8268
2020-05-31,429,402,831,401,476,877,830,907,1737,906,835,1741,658,611,1269,487,402,889,238,202,440,150,160,310,104,185,289,41,110,151,4244,4290,8534
2020-06-01,450,419,869,418,503,921,862,946,1808,952,872,1824,695,642,1337,507,428,935,244,211,455,156,170,326,110,192,302,43,110,153,4437,4493,8930
2020-06-02,479,442,921,449,524,973,906,990,1896,989,916,1905,727,671,1398,525,448,973,264,222,486,168,174,342,113,210,323,47,120,167,4667,4717,9384
2020-06-03,500,464,964,464,547,1011,941,1039,1980,1042,957,1999,760,698,1458,550,472,1022,280,238,518,176,189,365,117,218,335,50,123,173,4880,4945,9825
2020-06-04,522,491,1013,483,574,1057,985,1094,2079,1077,1003,2080,782,729,1511,576,495,1071,296,243,539,181,194,375,117,224,341,53,131,184,5072,5178,10250
2020-06-05,562,514,1076,515,599,1114,1030,1147,2177,1122,1053,2175,813,757,1570,602,517,1119,311,257,568,187,207,394,122,230,352,53,135,188,5317,5416,10733
2020-06-06,583,535,1118,530,622,1152,1067,1190,2257,1177,1086,2263,838,795,1633,620,534,1154,318,264,582,192,215,407,125,244,369,55,143,198,5505,5628,11133
2020-06-07,598,556,1154,551,636,1187,1100,1231,2331,1208,1110,2318,866,820,1686,637,547,1184,323,272,595,195,222,417,128,257,385,55,152,207,5661,5803,11464
2020-06-08,628,594,1222,577,671,1248,1157,1288,2445,1273,1165,2438,905,865,1770,682,577,1259,343,284,627,209,232,441,140,270,410,56,160,216,5970,6106,12076
2020-06-09,654,618,1272,611,702,1313,1199,1345,2544,1335,1234,2569,954,909,1863,724,620,1344,361,299,660,226,242,468,148,283,431,56,168,224,6268,6420,12688
2020-06-10,673,639,1312,632,730,1362,1259,1403,2662,1388,1300,2688,1011,947,1958,755,650,1405,377,316,693,242,260,502,156,311,467,57,186,243,6550,6742,13292
2020-06-11,701,664,1365,662,767,1429,1347,1483,2830,1456,1351,2807,1059,1001,2060,800,673,1473,393,332,725,256,273,529,162,323,485,57,192,249,6893,7059,13952
2020-06-12,743,701,1444,698,809,1507,1401,1555,2956,1518,1408,2926,1112,1052,2164,838,698,1536,413,355,768,270,283,553,166,327,493,58,196,254,7217,7384,14601
2020-06-13,776,721,1497,720,847,1567,1453,1607,3060,1567,1461,3028,1145,1098,2243,866,723,1589,430,366,796,280,297,577,171,343,514,61,207,268,7469,7670,15139
2020-06-14,795,746,1541,742,863,1605,1482,1649,3131,1613,1498,3111,1169,1122,2291,888,741,1629,442,379,821,285,307,592,175,356,531,62,215,277,7653,7876,15529
2020-06-15,823,764,1587,767,879,1646,1535,1699,3234,1659,1547,3206,1209,1147,2356,905,760,1665,455,387,842,290,313,603,180,366,546,66,217,283,7889,8079,15968
2020-06-16,862,800,1662,791,914,1705,1602,1761,3363,1746,1623,3369,1275,1190,2465,943,798,1741,482,406,888,307,325,632,184,382,566,67,222,289,8259,8421,16680
2020-06-17,900,828,1728,825,953,1778,1692,1846,3538,1836,1711,3547,1339,1264,2603,1003,850,1853,517,433,950,336,338,674,193,407,600,68,233,301,8709,8863,17572
2020-06-18,926,864,1790,872,991,1863,1783,1930,3713,1933,1800,3733,1420,1340,2760,1062,902,1964,544,450,994,348,353,701,201,422,623,69,239,308,9158,9291,18449
2020-06-19,956,898,1854,914,1041,1955,1860,2014,3874,2023,1883,3906,1487,1387,2874,1102,944,2046,573,481,1054,376,375,751,218,442,660,70,259,329,9579,9724,19303
2020-06-20,987,937,1924,948,1080,2028,1929,2082,4011,2098,1945,4043,1540,1452,2992,1141,977,2118,591,500,1091,391,393,784,227,454,681,75,269,344,9927,10089,20016
2020-06-21,1010,969,1979,985,1111,2096,1972,2131,4103,2168,1997,4165,1575,1495,3070,1173,1001,2174,612,509,1121,401,404,805,236,470,706,76,281,357,10208,10368,20576
2020-06-22,1063,1007,2070,1025,1160,2185,2067,2213,4280,2282,2081,4363,1654,1555,3209,1254,1049,2303,661,542,1203,424,433,857,254,490,744,81,291,372,10765,10821,21586
2020-06-23,1098,1044,2142,1065,1199,2264,2170,2305,4475,2361,2177,4538,1738,1622,3360,1323,1101,2424,685,565,1250,438,445,883,269,521,790,84,300,384,11231,11279,22510
2020-06-24,1128,1070,2198,1100,1242,2342,2278,2400,4678,2451,2262,4713,1816,1695,3511,1380,1154,2534,713,585,1298,455,456,911,281,538,819,87,313,400,11689,11715,23404
2020-06-25,1168,1109,2277,1144,1285,2429,2366,2500,4866,2551,2350,4901,1871,1760,3631,1434,1197,2631,741,602,1343,466,472,938,290,564,854,89,326,415,12120,12165,24285
2020-06-26,1206,1155,2361,1200,1322,2522,2442,2598,5040,2657,2440,5097,1936,1836,3772,1490,1247,2737,775,623,1398,479,488,967,300,584,884,91,340,431,12576,12633,25209
2020-06-27,1245,1190,2435,1235,1364,2599,2519,2666,5185,2719,2524,5243,1983,1888,3871,1529,1280,2809,807,643,1450,487,498,985,308,600,908,93,346,439,12925,12999,25924
2020-06-28,1271,1207,2478,1270,1387,2657,2591,2734,5325,2777,2576,5353,2050,1929,3979,1566,1316,2882,823,656,1479,494,509,1003,316,613,929,96,354,450,13254,13281,26535
2020-06-29,1295,1233,2528,1315,1437,2752,2683,2812,5495,2883,2649,5532,2130,2012,4142,1617,1365,2982,857,676,1533,510,526,1036,334,637,971,99,367,466,13723,13714,27437
2020-06-30,1325,1265,2590,1363,1472,2835,2763,2892,5655,2968,2735,5703,2203,2081,4284,1676,1412,3088,886,704,1590,529,545,1074,352,662,1014,104,382,486,14169,14150,28319
2020-07-01,1351,1299,2650,1410,1511,2921,2842,2966,5808,3061,2820,5881,2264,2136,4400,1732,1458,3190,922,735,1657,546,559,1105,371,680,1051,107,391,498,14606,14555,29161
2020-07-02,1392,1328,2720,1449,1565,3014,2925,3066,5991,3139,2913,6052,2356,2206,4562,1783,1504,3287,970,762,1732,568,582,1150,379,697,1076,109,399,508,15070,15022,30092
2020-07-03,1434,1370,2804,1500,1607,3107,3020,3153,6173,3249,2993,6242,2428,2281,4709,1851,1558,3409,1005,787,1792,586,610,1196,387,721,1108,112,416,528,15572,15496,31068
2020-07-04,1461,1413,2874,1529,1633,3162,3084,3229,6313,3330,3064,6394,2498,2332,4830,1898,1602,3500,1040,815,1855,611,642,1253,393,768,1161,114,442,556,15958,15940,31898
2020-07-05,1482,1437,2919,1560,1661,3221,3136,3287,6423,3396,3114,6510,2559,2386,4945,1943,1647,3590,1069,840,1909,638,674,1312,407,800,1207,118,455,573,16308,16301,32609
2020-07-06,1507,1466,2973,1600,1696,3296,3229,3379,6608,3514,3209,6723,2649,2472,5121,2022,1704,3726,1122,878,2000,659,707,1366,421,848,1269,125,473,598,16848,16832,33680
2020-07-07,1543,1505,3048,1627,1729,3356,3339,3474,6813,3630,3304,6934,2734,2552,5286,2084,1755,3839,1156,904,2060,695,734,1429,435,873,1308,129,485,614,17372,17315,34687
2020-07-08,1584,1543,3127,1661,1769,3430,3430,3574,7004,3757,3416,7173,2815,2644,5459,2145,1828,3973,1206,940,2146,720,767,1487,458,915,1373,135,512,647,17911,17908,35819
2020-07-09,1619,1571,3190,1697,1808,3505,3496,3646,7142,3838,3514,7352,2891,2704,5595,2190,1857,4047,1250,988,2238,749,789,1538,473,955,1428,140,524,664,18343,18356,36699
2020-07-10,1654,1604,3258,1731,1839,3570,3568,3733,7301,3920,3600,7520,2964,2768,5732,2249,1917,4166,1296,1022,2318,767,806,1573,490,979,1469,144,537,681,18783,18805,37588
2020-07-11,1676,1633,3309,1760,1871,3631,3628,3803,7431,4003,3689,7692,3038,2829,5867,2304,1961,4265,1339,1048,2387,789,829,1618,495,1006,1501,149,548,697,19181,19217,38398
2020-07-12,1701,1653,3354,1781,1897,3678,3687,3860,7547,4071,3750,7821,3098,2869,5967,2355,1994,4349,1363,1075,2438,807,843,1650,513,1034,1547,153,564,717,19529,19539,39068
2020-07-13,1738,1686,3424,1831,1941,3772,3784,3969,7753,4196,3868,8064,3207,2969,6176,2439,2060,4499,1403,1112,2515,834,875,1709,533,1077,1610,160,588,748,20125,20145,40270
2020-07-14,1768,1720,3488,1867,1974,3841,3892,4070,7962,4327,3981,8308,3286,3049,6335,2504,2124,4628,1452,1155,2607,861,899,1760,546,1110,1656,168,607,775,20671,20689,41360
2020-07-15,1799,1752,3551,1908,2007,3915,3988,4170,8158,4439,4115,8554,3374,3150,6524,2576,2172,4748,1499,1190,2689,894,928,1822,560,1142,1702,173,634,807,21210,21260,42470
2020-07-16,1828,1793,3621,1954,2050,4004,4094,4264,8358,4574,4237,8811,3465,3238,6703,2651,2243,4894,1544,1228,2772,920,958,1878,580,1187,1767,184,671,855,21794,21869,43663
2020-07-17,1870,1818,3688,1985,2092,4077,4183,4401,8584,4691,4342,9033,3541,3322,6863,2717,2312,5029,1594,1260,2854,943,987,1930,601,1233,1834,191,704,895,22316,22471,44787
2020-07-18,1900,1854,3754,2027,2120,4147,4273,4485,8758,4806,4448,9254,3622,3418,7040,2788,2370,5158,1633,1295,2928,971,1017,1988,610,1265,1875,196,719,915,22826,22991,45817
2020-07-19,1931,1893,3824,2061,2152,4213,4349,4563,8912,4893,4540,9433,3698,3486,7184,2854,2425,5279,1672,1323,2995,996,1045,2041,625,1297,1922,205,737,942,23284,23461,46745
2020-07-20,1955,1936,3891,2097,2193,4290,4481,4680,9161,5043,4677,9720,3811,3578,7389,2925,2502,5427,1733,1381,3114,1023,1081,2104,650,1331,1981,208,750,958,23926,24109,48035
2020-07-21,2000,1969,3969,2139,2231,4370,4586,4812,9398,5191,4827,10018,3927,3697,7624,3023,2598,5621,1796,1413,3209,1047,1111,2158,670,1367,2037,212,775,987,24591,24800,49391
2020-07-22,2032,1994,4026,2174,2277,4451,4722,4926,9648,5329,4955,10284,4033,3787,7820,3119,2662,5781,1851,1458,3309,1090,1144,2234,689,1396,2085,216,796,1012,25255,25395,50650
2020-07-23,2064,2032,4096,2204,2319,4523,4841,5057,9898,5450,5065,10515,4131,3880,8011,3203,2725,5928,1889,1493,3382,1118,1169,2287,712,1423,2135,219,807,1026,25831,25970,51801
2020-07-24,2107,2067,4174,2247,2356,4603,4961,5174,10135,5592,5188,10780,4226,3990,8216,3298,2790,6088,1926,1538,3464,1139,1187,2326,727,1468,2195,225,828,1053,26448,26586,53034
2020-07-25,2132,2091,4223,2280,2381,4661,5036,5256,10292,5695,5281,10976,4317,4057,8374,3345,2840,6185,1963,1567,3530,1157,1212,2369,739,1491,2230,234,843,1077,26898,27019,53917
2020-07-26,2153,2116,4269,2303,2412,4715,5098,5333,10431,5761,5365,11126,4374,4118,8492,3386,2882,6268,1996,1586,3582,1184,1235,2419,759,1527,2286,239,858,1097,27253,27432,54685
2020-07-27,2180,2139,4319,2337,2449,4786,5214,5427,10641,5902,5501,11403,4462,4215,8677,3470,2960,6430,2038,1627,3665,1209,1264,2473,780,1553,2333,245,877,1122,27837,28012,55849
2020-07-28,2211,2162,4373,2385,2485,4870,5324,5537,10861,6050,5637,11687,4555,4309,8864,3557,3010,6567,2073,1670,3743,1240,1290,2530,800,1584,2384,248,899,1147,28443,28583,57026
2020-07-29,2232,2194,4426,2435,2529,4964,5430,5648,11078,6158,5754,11912,4656,4409,9065,3617,3088,6705,2124,1694,3818,1268,1316,2584,824,1620,2444,255,917,1172,28999,29169,58168
2020-07-30,2269,2219,4488,2465,2575,5040,5551,5755,11306,6295,5869,12164,4755,4513,9268,3671,3154,6825,2170,1718,3888,1287,1361,2648,842,1665,2507,260,947,1207,29565,29776,59341
2020-07-31,2296,2252,4548,2523,2621,5144,5645,5859,11504,6402,5983,12385,4858,4604,9462,3738,3223,6961,2230,1740,3970,1312,1392,2704,857,1704,2561,264,975,1239,30125,30353,60478
2020-08-01,2328,2286,4614,2552,2670,5222,5726,5966,11692,6514,6092,12606,4978,4695,9673,3796,3271,7067,2265,1770,4035,1328,1414,2742,870,1735,2605,269,988,1257,30626,30887,61513
2020-08-02,2356,2308,4664,2581,2708,5289,5802,6032,11834,6608,6180,12788,5056,4768,9824,3852,3320,7172,2305,1809,4114,1361,1442,2803,893,1778,2671,272,1014,1286,31086,31359,62445
2020-08-03,2396,2349,4745,2643,2754,5397,5937,6175,12112,6766,6318,13084,5193,4896,10089,3939,3419,7358,2370,1864,4234,1393,1480,2873,914,1839,2753,276,1049,1325,31827,32143,63970
2020-08-04,2428,2377,4805,2689,2807,5496,6061,6292,12353,6916,6463,13379,5320,5028,10348,4031,3506,7537,2435,1907,4342,1434,1524,2958,937,1906,2843,284,1085,1369,32535,32895,65430
2020-08-05,2469,2414,4883,2744,2848,5592,6188,6414,12602,7071,6598,13669,5432,5146,10578,4120,3574,7694,2518,1966,4484,1470,1568,3038,963,1984,2947,292,1134,1426,33267,33646,66913
2020-08-06,2500,2445,4945,2791,2889,5680,6312,6526,12838,7189,6729,13918,5543,5237,10780,4192,3650,7842,2559,2014,4573,1492,1594,3086,977,2020,2997,300,1156,1456,33855,34260,68115
2020-08-07,2529,2473,5002,2825,2928,5753,6416,6636,13052,7304,6845,14149,5646,5323,10969,4264,3723,7987,2600,2065,4665,1523,1619,3142,996,2050,3046,306,1172,1478,34409,34834,69243
2020-08-08,2557,2502,5059,2858,2953,5811,6488,6721,13209,7393,6937,14330,5713,5405,11118,4322,3785,8107,2632,2094,4726,1542,1654,3196,1007,2093,3100,309,1196,1505,34821,35340,70161
2020-08-09,2576,2515,5091,2892,2986,5878,6549,6802,13351,7470,7002,14472,5775,5470,11245,4384,3830,8214,2677,2132,4809,1562,1666,3228,1020,2115,3135,313,1200,1513,35218,35718,70936
2020-08-10,2604,2547,5151,2930,3024,5954,6656,6917,13573,7605,7140,14745,5880,5582,11462,4477,3908,8385,2715,2177,4892,1588,1693,3281,1036,2153,3189,317,1226,1543,35808,36367,72175
2020-08-11,2623,2569,5192,2958,3057,6015,6737,7017,13754,7742,7259,15001,6004,5664,11668,4555,3984,8539,2765,2209,4974,1615,1722,3337,1050,2197,3247,324,1250,1574,36373,36928,73301
2020-08-12,2651,2605,5256,2999,3087,6086,6836,7111,13947,7854,7377,15231,6100,5764,11864,4644,4059,8703,2810,2255,5065,1636,1747,3383,1061,2218,3279,330,1256,1586,36921,37479,74400
2020-08-13,2673,2626,5299,3041,3127,6168,6934,7210,14144,7958,7493,15451,6180,5860,12040,4708,4115,8823,2870,2280,5150,1654,1773,3427,1073,2236,3309,332,1263,1595,37423,37983,75406
2020-08-14,2697,2644,5341,3078,3169,6247,7027,7313,14340,8077,7602,15679,6266,5935,12201,4771,4167,8938,2914,2318,5232,1678,1793,3471,1088,2265,3353,336,1277,1613,37932,38483,76415
2020-08-15,2712,2664,5376,3116,3197,6313,7105,7403,14508,8177,7691,15868,6333,6012,12345,4827,4226,9053,2949,2354,5303,1704,1833,3537,1110,2329,3439,340,1307,1647,38373,39016,77389
2020-08-16,2729,2683,5412,3145,3215,6360,7184,7457,14641,8243,7754,15997,6399,6066,12465,4871,4257,9128,2979,2380,5359,1728,1851,3579,1121,2346,3467,343,1323,1666,38742,39332,78074
2020-08-17,2750,2698,5448,3192,3248,6440,7259,7554,14813,8352,7873,16225,6478,6140,12618,4942,4307,9249,3019,2411,5430,1759,1865,3624,1129,2366,3495,345,1332,1677,39225,39794,79019
2020-08-18,2772,2731,5503,3240,3283,6523,7378,7653,15031,8512,7996,16508,6595,6235,12830,5031,4400,9431,3060,2457,5517,1786,1894,3680,1143,2415,3558,350,1368,1718,39867,40432,80299
2020-08-19,2803,2760,5563,3276,3320,6596,7504,7770,15274,8665,8119,16784,6708,6347,13055,5109,4492,9601,3114,2499,5613,1808,1926,3734,1161,2450,3611,357,1390,1747,40505,41073,81578
2020-08-20,2832,2783,5615,3328,3357,6685,7606,7878,15484,8798,8237,17035,6813,6416,13229,5178,4554,9732,3170,2537,5707,1835,1955,3790,1181,2482,3663,361,1413,1774,41102,41612,82714
2020-08-21,2855,2805,5660,3370,3402,6772,7718,7985,15703,8938,8358,17296,6901,6522,13423,5257,4633,9890,3219,2570,5789,1857,1979,3836,1201,2501,3702,363,1426,1789,41679,42181,83860
2020-08-22,2879,2828,5707,3407,3428,6835,7816,8077,15893,9035,8465,17500,6982,6594,13576,5313,4695,10008,3259,2604,5863,1886,2001,3887,1212,2519,3731,364,1430,1794,42153,42641,84794
2020-08-23,2904,2853,5757,3444,3468,6912,7896,8161,16057,9116,8536,17652,7047,6674,13721,5375,4753,10128,3298,2644,5942,1907,2019,3926,1232,2542,3774,369,1441,1810,42588,43091,85679
2020-08-24,2938,2882,5820,3494,3506,7000,8022,8279,16301,9275,8672,17947,7172,6793,13965,5459,4844,10303,3359,2702,6061,1935,2046,3981,1247,2559,3806,372,1450,1822,43273,43733,87006
2020-08-25,2975,2905,5880,3543,3545,7088,8135,8420,16555,9431,8844,18275,7287,6920,14207,5558,4938,10496,3424,2754,6178,1975,2082,4057,1271,2597,3868,376,1470,1846,43975,44475,88450
2020-08-26,3011,2936,5947,3590,3601,7191,8272,8548,16820,9604,8982,18586,7441,7040,14481,5671,5020,10691,3480,2802,6282,2015,2132,4147,1288,2634,3922,379,1497,1876,44751,45192,89943
2020-08-27,3041,2976,6017,3646,3656,7302,8401,8702,17103,9778,9132,18910,7567,7179,14746,5760,5112,10872,3543,2853,6396,2041,2153,4194,1306,2684,3990,385,1516,1901,45468,45963,91431
2020-08-28,3063,2996,6059,3689,3707,7396,8528,8834,17362,9913,9266,19179,7676,7284,14960,5862,5199,11061,3602,2911,6513,2074,2186,4260,1321,2711,4032,386,1528,1914,46114,46622,92736
2020-08-29,3087,3013,6100,3719,3741,7460,8615,8922,17537,10015,9386,19401,7761,7374,15135,5932,5267,11199,3644,2954,6598,2096,2214,4310,1335,2734,4069,389,1534,1923,46593,47139,93732
2020-08-30,3101,3025,6126,3749,3777,7526,8688,8993,17681,10093,9469,19562,7830,7454,15284,6001,5321,11322,3688,2989,6677,2120,2233,4353,1347,2761,4108,391,1541,1932,47008,47563,94571
2020-08-31,3127,3044,6171,3787,3820,7607,8811,9125,17936,10242,9621,19863,7969,7569,15538,6086,5397,11483,3747,3036,6783,2154,2282,4436,1364,2817,4181,398,1563,1961,47685,48274,95959
2020-09-01,3145,3065,6210,3836,3863,7699,8917,9250,18167,10390,9745,20135,8113,7686,15799,6168,5471,11639,3807,3088,6895,2179,2317,4496,1384,2856,4240,402,1589,1991,48341,48930,97271
2020-09-02,3166,3077,6243,3875,3899,7774,9006,9350,18356,10508,9864,20372,8217,7784,16001,6231,5532,11763,3854,3133,6987,2199,2342,4541,1403,2877,4280,403,1592,1995,48862,49450,98312
2020-09-03,3178,3100,6278,3912,3927,7839,9121,9447,18568,10626,9983,20609,8326,7880,16206,6312,5590,11902,3906,3179,7085,2228,2373,4601,1419,2899,4318,407,1601,2008,49435,49979,99414
2020-09-04,3203,3119,6322,3945,3978,7923,9257,9541,18798,10742,10101,20843,8419,7993,16412,6392,5670,12062,3948,3215,7163,2250,2402,4652,1426,2916,4342,411,1614,2025,49993,50549,100542
2020-09-05,3213,3134,6347,3978,4005,7983,9336,9633,18969,10844,10197,21041,8515,8099,16614,6458,5723,12181,3981,3254,7235,2279,2432,4711,1438,2944,4382,413,1625,2038,50455,51046,101501
2020-09-06,3228,3149,6377,4007,4035,8042,9403,9690,19093,10901,10259,21160,8577,8157,16734,6504,5772,12276,4020,3282,7302,2301,2460,4761,1449,2958,4407,417,1632,2049,50807,51394,102201
2020-09-07,3249,3167,6416,4041,4070,8111,9509,9807,19316,11031,10376,21407,8666,8265,16931,6599,5858,12457,4081,3325,7406,2346,2498,4844,1472,2996,4468,420,1656,2076,51414,52018,103432
2020-09-08,3272,3186,6458,4074,4115,8189,9619,9908,19527,11168,10511,21679,8794,8381,17175,6685,5937,12622,4130,3372,7502,2381,2525,4906,1488,3033,4521,425,1669,2094,52036,52637,104673
2020-09-09,3295,3212,6507,4115,4156,8271,9742,10024,19766,11307,10645,21952,8900,8469,17369,6757,6010,12767,4194,3420,7614,2416,2556,4972,1496,3050,4546,431,1689,2120,52653,53231,105884
2020-09-10,3325,3230,6555,4154,4201,8355,9831,10123,19954,11420,10749,22169,9002,8569,17571,6850,6078,12928,4249,3454,7703,2451,2597,5048,1509,3097,4606,435,1721,2156,53226,53819,107045
2020-09-11,3355,3254,6609,4186,4246,8432,9908,10239,20147,11546,10854,22400,9120,8678,17798,6926,6160,13086,4280,3486,7766,2485,2630,5115,1523,3115,4638,436,1726,2162,53765,54388,108153
2020-09-12,3370,3266,6636,4211,4276,8487,9965,10308,20273,11623,10939,22562,9196,8766,17962,6976,6220,13196,4315,3520,7835,2501,2651,5152,1533,3140,4673,438,1745,2183,54128,54831,108959
2020-09-13,3385,3283,6668,4240,4302,8542,10018,10384,20402,11694,11011,22705,9257,8835,18092,7021,6257,13278,4353,3556,7909,2532,2674,5206,1540,3162,4702,440,1748,2188,54480,55212,109692
2020-09-14,3402,3299,6701,4273,4331,8604,10112,10478,20590,11813,11133,22946,9342,8913,18255,7088,6331,13419,4395,3597,7992,2563,2699,5262,1550,3186,4736,444,1756,2200,54982,55723,110705
2020-09-15,3429,3311,6740,4306,4363,8669,10184,10568,20752,11908,11228,23136,9418,9009,18427,7173,6393,13566,4445,3636,8081,2584,2728,5312,1565,3202,4767,446,1765,2211,55458,56203,111661
2020-09-16,3452,3328,6780,4345,4397,8742,10271,10652,20923,11994,11328,23322,9526,9090,18616,7242,6459,13701,4476,3670,8146,2604,2765,5369,1575,3227,4802,449,1784,2233,55934,56700,112634
2020-09-17,3467,3344,6811,4371,4432,8803,10364,10737,21101,12072,11428,23500,9599,9169,18768,7296,6506,13802,4526,3699,8225,2624,2784,5408,1590,3238,4828,452,1791,2243,56361,57128,113489
2020-09-18,3499,3372,6871,4408,4474,8882,10444,10840,21284,12169,11530,23699,9671,9247,18918,7351,6553,13904,4567,3728,8295,2641,2816,5457,1604,3255,4859,452,1801,2253,56806,57616,114422
2020-09-19,3510,3386,6896,4432,4504,8936,10496,10897,21393,12246,11610,23856,9736,9289,19025,7397,6595,13992,4606,3760,8366,2653,2835,5488,1607,3270,4877,453,1807,2260,57136,57953,115089
2020-09-20,3520,3400,6920,4456,4519,8975,10542,10944,21486,12294,11675,23969,9771,9325,19096,7423,6623,14046,4630,3794,8424,2670,2861,5531,1614,3279,4893,453,1813,2266,57373,58233,115606
2020-09-21,3538,3413,6951,4492,4548,9040,10625,11013,21638,12388,11741,24129,9857,9383,19240,7464,6673,14137,4670,3827,8497,2695,2890,5585,1628,3299,4927,453,1818,2271,57810,58605,116415
2020-09-22,3559,3425,6984,4521,4581,9102,10724,11091,21815,12480,11839,24319,9922,9465,19387,7526,6722,14248,4708,3867,8575,2716,2909,5625,1646,3329,4975,456,1831,2287,58258,59059,117317
2020-09-23,3580,3445,7025,4549,4616,9165,10808,11169,21977,12566,11925,24491,9992,9553,19545,7585,6778,14363,4743,3904,8647,2744,2934,5678,1654,3342,4996,460,1836,2296,58681,59502,118183
2020-09-24,3597,3462,7059,4587,4651,9238,10895,11254,22149,12661,12029,24690,10053,9624,19677,7652,6830,14482,4795,3941,8736,2767,2948,5715,1672,3364,5036,463,1841,2304,59142,59944,119086
2020-09-25,3615,3486,7101,4618,4676,9294,10982,11333,22315,12740,12130,24870,10140,9708,19848,7715,6895,14610,4837,3977,8814,2801,2980,5781,1683,3379,5062,466,1856,2322,59597,60420,120017
2020-09-26,3628,3496,7124,4646,4704,9350,11033,11384,22417,12796,12188,24984,10207,9761,19968,7753,6945,14698,4862,4007,8869,2820,3000,5820,1693,3391,5084,467,1865,2332,59905,60741,120646
2020-09-27,3644,3510,7154,4668,4732,9400,11103,11428,22531,12869,12252,25121,10267,9808,20075,7791,6986,14777,4885,4021,8906,2845,3013,5858,1699,3402,5101,470,1868,2338,60241,61020,121261
2020-09-28,3664,3526,7190,4702,4761,9463,11179,11516,22695,12963,12350,25313,10341,9882,20223,7849,7041,14890,4934,4066,9000,2866,3041,5907,1717,3424,5141,473,1874,2347,60688,61481,122169
2020-09-29,3695,3540,7235,4732,4782,9514,11274,11602,22876,13063,12435,25498,10421,9957,20378,7906,7101,15007,4972,4112,9084,2896,3075,5971,1726,3449,5175,474,1884,2358,61159,61937,123096
2020-09-30,3713,3562,7275,4757,4813,9570,11367,11701,23068,13156,12522,25678,10497,10037,20534,7961,7163,15124,5020,4144,9164,2927,3089,6016,1739,3470,5209,478,1889,2367,61615,62390,124005
2020-10-01,3733,3576,7309,4778,4850,9628,11455,11791,23246,13239,12608,25847,10561,10099,20660,8019,7223,15242,5050,4189,9239,2938,3117,6055,1748,3487,5235,481,1897,2378,62002,62837,124839
2020-10-02,3755,3593,7348,4813,4876,9689,11537,11871,23408,13315,12695,26010,10622,10177,20799,8073,7293,15366,5086,4227,9313,2958,3141,6099,1763,3508,5271,485,1908,2393,62407,63289,125696
2020-10-03,3775,3603,7378,4834,4905,9739,11591,11918,23509,13372,12738,26110,10666,10228,20894,8119,7343,15462,5111,4245,9356,2969,3148,6117,1768,3519,5287,486,1913,2399,62691,63560,126251
2020-10-04,3782,3610,7392,4854,4920,9774,11640,11969,23609,13416,12786,26202,10704,10267,20971,8150,7371,15521,5129,4270,9399,2984,3157,6141,1773,3527,5300,486,1920,2406,62918,63797,126715
2020-10-05,3793,3626,7419,4879,4942,9821,11710,12062,23772,13509,12861,26370,10771,10327,21098,8200,7426,15626,5178,4306,9484,3007,3180,6187,1781,3542,5323,487,1928,2415,63315,64200,127515
2020-10-06,3819,3643,7462,4906,4975,9881,11791,12155,23946,13611,12950,26561,10855,10397,21252,8262,7491,15753,5216,4338,9554,3022,3199,6221,1795,3558,5353,489,1934,2423,63766,64640,128406
2020-10-07,3832,3654,7486,4929,5005,9934,11883,12237,24120,13676,13033,26709,10929,10463,21392,8323,7549,15872,5244,4360,9604,3034,3218,6252,1806,3582,5388,489,1942,2431,64145,65043,129188
2020-10-08,3851,3667,7518,4954,5041,9995,11960,12316,24276,13761,13114,26875,10976,10544,21520,8371,7601,15972,5269,4389,9658,3050,3243,6293,1820,3618,5438,491,1957,2448,64503,65490,129993
2020-10-09,3870,3682,7552,4977,5070,10047,12019,12410,24429,13852,13203,27055,11030,10611,21641,8430,7653,16083,5295,4427,9722,3066,3266,6332,1836,3650,5486,494,1972,2466,64869,65944,130813
2020-10-10,3880,3688,7568,4995,5099,10094,12071,12459,24530,13914,13271,27185,11089,10658,21747,8469,7707,16176,5324,4456,9780,3081,3283,6364,1843,3661,5504,495,1974,2469,65161,66256,131417
2020-10-11,3893,3703,7596,5011,5119,10130,12110,12505,24615,13948,13324,27272,11133,10693,21826,8503,7735,16238,5338,4481,9819,3096,3298,6394,1851,3679,5530,497,1981,2478,65380,66518,131898
2020-10-12,3914,3718,7632,5035,5149,10184,12171,12544,24715,14016,13381,27397,11184,10738,21922,8537,7782,16319,5372,4507,9879,3114,3313,6427,1855,3696,5551,497,1987,2484,65695,66815,132510
2020-10-13,3929,3736,7665,5071,5178,10249,12247,12624,24871,14121,13465,27586,11259,10803,22062,8594,7826,16420,5409,4530,9939,3127,3331,6458,1864,3718,5582,499,1999,2498,66120,67210,133330
2020-10-14,3943,3751,7694,5102,5206,10308,12323,12704,25027,14198,13537,27735,11337,10868,22205,8657,7886,16543,5434,4560,9994,3147,3351,6498,1873,3728,5601,500,2005,2505,66514,67596,134110
2020-10-15,3959,3771,7730,5149,5246,10395,12409,12777,25186,14285,13616,27901,11401,10937,22338,8697,7928,16625,5463,4584,10047,3169,3375,6544,1880,3748,5628,503,2009,2512,66915,67991,134906
2020-10-16,3977,3781,7758,5177,5283,10460,12465,12874,25339,14361,13694,28055,11472,10999,22471,8746,7970,16716,5494,4613,10107,3186,3397,6583,1892,3774,5666,505,2026,2531,67275,68411,135686
2020-10-17,3990,3795,7785,5202,5307,10509,12518,12921,25439,14423,13767,28190,11516,11035,22551,8780,8003,16783,5516,4639,10155,3195,3404,6599,1899,3783,5682,508,2029,2537,67547,68683,136230
2020-10-18,4000,3803,7803,5220,5328,10548,12558,12960,25518,14464,13800,28264,11541,11061,22602,8802,8030,16832,5532,4657,10189,3209,3418,6627,1901,3791,5692,508,2034,2542,67735,68882,136617
2020-10-19,4016,3816,7832,5244,5355,10599,12615,13015,25630,14516,13858,28374,11612,11106,22718,8844,8070,16914,5559,4679,10238,3235,3441,6676,1905,3804,5709,509,2038,2547,68055,69182,137237
2020-10-20,4023,3826,7849,5261,5377,10638,12685,13087,25772,14580,13915,28495,11669,11161,22830,8895,8106,17001,5585,4706,10291,3249,3452,6701,1917,3822,5739,510,2044,2554,68374,69496,137870
2020-10-21,4038,3837,7875,5285,5401,10686,12735,13144,25879,14627,13965,28592,11723,11198,22921,8924,8149,17073,5614,4727,10341,3262,3468,6730,1920,3829,5749,511,2047,2558,68639,69765,138404
2020-10-22,4050,3847,7897,5309,5420,10729,12788,13204,25992,14677,14009,28686,11767,11234,23001,8951,8173,17124,5635,4742,10377,3273,3482,6755,1925,3836,5761,512,2047,2559,68887,69994,138881
2020-10-23,4061,3856,7917,5332,5436,10768,12834,13273,26107,14726,14062,28788,11821,11281,23102,8988,8203,17191,5664,4768,10432,3280,3494,6774,1937,3843,5780,513,2048,2561,69156,70264,139420
2020-10-24,4069,3868,7937,5348,5452,10800,12873,13312,26185,14764,14112,28876,11854,11313,23167,9025,8225,17250,5682,4784,10466,3292,3505,6797,1942,3849,5791,513,2053,2566,69362,70473,139835
2020-10-25,4077,3877,7954,5361,5468,10829,12906,13347,26253,14790,14143,28933,11888,11343,23231,9044,8248,17292,5699,4791,10490,3297,3512,6809,1945,3854,5799,513,2054,2567,69520,70637,140157
2020-10-26,4088,3882,7970,5375,5499,10874,12952,13384,26336,14850,14200,29050,11929,11382,23311,9078,8282,17360,5721,4813,10534,3306,3520,6826,1955,3866,5821,518,2058,2576,69772,70886,140658
2020-10-27,4095,3892,7987,5400,5525,10925,13007,13443,26450,14908,14249,29157,11982,11431,23413,9120,8321,17441,5742,4840,10582,3315,3535,6850,1965,3882,5847,520,2061,2581,70054,71179,141233
2020-10-28,4110,3904,8014,5426,5547,10973,13053,13492,26545,14959,14297,29256,12023,11463,23486,9149,8351,17500,5766,4859,10625,3324,3546,6870,1971,3886,5857,523,2064,2587,70304,71409,141713
2020-10-29,4120,3910,8030,5438,5560,10998,13093,13527,26620,15002,14345,29347,12059,11493,23552,9174,8375,17549,5780,4873,10653,3342,3553,6895,1975,3898,5873,524,2071,2595,70507,71605,142112
2020-10-30,4125,3915,8040,5445,5567,11012,13125,13560,26685,15051,14375,29426,12086,11526,23612,9189,8398,17587,5791,4889,10680,3355,3564,6919,1978,3902,5880,525,2073,2598,70670,71769,142439
2020-10-31,4127,3919,8046,5451,5579,11030,13147,13587,26734,15075,14405,29480,12106,11548,23654,9204,8414,17618,5803,4899,10702,3359,3571,6930,1982,3906,5888,525,2073,2598,70779,71901,142680
2020-11-01,4136,3927,8063,5461,5594,11055,13185,13614,26799,15108,14433,29541,12137,11573,23710,9223,8435,17658,5817,4908,10725,3367,3577,6944,1984,3910,5894,525,2074,2599,70943,72045,142988
2020-11-02,4144,3934,8078,5471,5616,11087,13222,13661,26883,15152,14472,29624,12179,11610,23789,9256,8462,17718,5833,4917,10750,3369,3586,6955,1989,3917,5906,525,2078,2603,71140,72253,143393
2020-11-03,4154,3940,8094,5488,5626,11114,13273,13693,26966,15183,14508,29691,12216,11635,23851,9281,8482,17763,5846,4940,10786,3372,3596,6968,1991,3927,5918,525,2080,2605,71329,72427,143756
2020-11-04,4162,3945,8107,5494,5641,11135,13316,13738,27054,15224,14545,29769,12240,11671,23911,9304,8509,17813,5866,4954,10820,3379,3609,6988,1994,3936,5930,525,2083,2608,71504,72631,144135
2020-11-05,4176,3955,8131,5518,5659,11177,13369,13793,27162,15277,14586,29863,12277,11709,23986,9332,8535,17867,5889,4971,10860,3392,3622,7014,1997,3953,5950,526,2089,2615,71753,72872,144625
2020-11-06,4189,3962,8151,5537,5676,11213,13391,13828,27219,15319,14631,29950,12315,11739,24054,9354,8555,17909,5911,4990,10901,3404,3633,7037,2001,3963,5964,527,2091,2618,71948,73068,145016
2020-11-07,4195,3967,8162,5544,5686,11230,13412,13860,27272,15360,14671,30031,12348,11771,24119,9369,8574,17943,5926,5008,10934,3412,3640,7052,2005,3968,5973,527,2091,2618,72098,73236,145334
2020-11-08,4201,3972,8173,5552,5698,11250,13430,13897,27327,15385,14696,30081,12377,11788,24165,9387,8593,17980,5941,5019,10960,3416,3642,7058,2009,3974,5983,528,2091,2619,72226,73370,145596
2020-11-09,4213,3977,8190,5569,5711,11280,13464,13950,27414,15428,14740,30168,12425,11823,24248,9425,8637,18062,5962,5041,11003,3432,3650,7082,2012,3980,5992,528,2094,2622,72458,73603,146061
2020-11-10,4223,3987,8210,5585,5724,11309,13504,13999,27503,15497,14777,30274,12459,11852,24311,9449,8655,18104,5984,5059,11043,3447,3672,7119,2018,3992,6010,530,2096,2626,72696,73813,146509
2020-11-11,4233,3994,8227,5600,5742,11342,13550,14044,27594,15546,14824,30370,12498,11887,24385,9489,8677,18166,6001,5078,11079,3457,3686,7143,2022,4000,6022,531,2100,2631,72927,74032,146959
2020-11-12,4244,4001,8245,5616,5758,11374,13601,14086,27687,15588,14859,30447,12531,11923,24454,9513,8701,18214,6015,5090,11105,3462,3693,7155,2025,4002,6027,532,2105,2637,73127,74218,147345
2020-11-13,4251,4006,8257,5636,5774,11410,13640,14127,27767,15625,14890,30515,12575,11954,24529,9539,8724,18263,6034,5110,11144,3477,3700,7177,2028,4011,6039,534,2112,2646,73339,74408,147747
2020-11-14,4257,4012,8269,5652,5789,11441,13668,14164,27832,15659,14918,30577,12604,11974,24578,9568,8745,18313,6053,5121,11174,3484,3709,7193,2033,4016,6049,535,2113,2648,73513,74561,148074
2020-11-15,4261,4019,8280,5661,5805,11466,13692,14189,27881,15680,14944,30624,12628,11991,24619,9587,8758,18345,6062,5131,11193,3491,3718,7209,2035,4025,6060,536,2113,2649,73633,74693,148326
2020-11-16,4267,4028,8295,5675,5822,11497,13716,14228,27944,15718,14976,30694,12654,12020,24674,9608,8779,18387,6072,5147,11219,3503,3728,7231,2042,4031,6073,538,2115,2653,73793,74874,148667
2020-11-17,4275,4034,8309,5693,5841,11534,13756,14266,28022,15763,15023,30786,12690,12051,24741,9634,8810,18444,6093,5162,11255,3511,3737,7248,2047,4044,6091,540,2121,2661,74002,75089,149091
2020-11-18,4278,4041,8319,5710,5860,11570,13797,14317,28114,15808,15061,30869,12730,12081,24811,9657,8842,18499,6107,5178,11285,3523,3751,7274,2051,4056,6107,540,2126,2666,74201,75313,149514
2020-11-19,4282,4045,8327,5721,5875,11596,13841,14349,28190,15837,15096,30933,12752,12104,24856,9682,8866,18548,6124,5190,11314,3529,3760,7289,2053,4060,6113,540,2131,2671,74361,75476,149837
2020-11-20,4287,4050,8337,5738,5894,11632,13878,14379,28257,15865,15117,30982,12771,12118,24889,9695,8881,18576,6139,5203,11342,3535,3764,7299,2058,4063,6121,542,2133,2675,74508,75602,150110
2020-11-21,4293,4060,8353,5751,5909,11660,13906,14407,28313,15900,15149,31049,12789,12152,24941,9709,8899,18608,6152,5217,11369,3542,3771,7313,2061,4066,6127,542,2136,2678,74645,75766,150411
2020-11-22,4297,4063,8360,5760,5915,11675,13926,14427,28353,15917,15173,31090,12808,12166,24974,9720,8907,18627,6168,5223,11391,3547,3780,7327,2063,4067,6130,542,2137,2679,74748,75858,150606
2020-11-23,4302,4066,8368,5765,5923,11688,13945,14452,28397,15947,15198,31145,12831,12177,25008,9726,8924,18650,6177,5229,11406,3556,3786,7342,2066,4069,6135,542,2139,2681,74857,75963,150820
2020-11-24,4309,4070,8379,5772,5937,11709,13981,14495,28476,15993,15235,31228,12862,12199,25061,9748,8938,18686,6196,5243,11439,3564,3794,7358,2070,4071,6141,542,2141,2683,75037,76123,151160
2020-11-25,4324,4076,8400,5785,5948,11733,14026,14545,28571,16049,15284,31333,12898,12238,25136,9774,8960,18734,6215,5257,11472,3572,3807,7379,2074,4077,6151,543,2143,2686,75260,76335,151595
2020-11-26,4327,4089,8416,5796,5969,11765,14065,14582,28647,16101,15316,31417,12925,12261,25186,9790,8991,18781,6225,5273,11498,3576,3811,7387,2079,4081,6160,544,2147,2691,75428,76520,151948
2020-11-27,4334,4093,8427,5814,5980,11794,14108,14619,28727,16140,15340,31480,12958,12286,25244,9814,9012,18826,6239,5287,11526,3586,3816,7402,2082,4085,6167,546,2149,2695,75621,76667,152288
2020-11-28,4340,4099,8439,5830,5994,11824,14138,14655,28793,16172,15368,31540,12981,12310,25291,9825,9029,18854,6247,5302,11549,3591,3819,7410,2083,4088,6171,546,2150,2696,75753,76814,152567
2020-11-29,4347,4100,8447,5842,6006,11848,14162,14686,28848,16210,15395,31605,13004,12327,25331,9844,9044,18888,6253,5315,11568,3594,3823,7417,2087,4093,6180,549,2150,2699,75892,76939,152831
2020-11-30,4355,4105,8460,5853,6020,11873,14197,14714,28911,16245,15426,31671,13033,12346,25379,9860,9070,18930,6260,5326,11586,3605,3834,7439,2090,4102,6192,549,2153,2702,76047,77096,153143
2020-12-01,4364,4110,8474,5862,6030,11892,14232,14739,28971,16278,15477,31755,13064,12369,25433,9878,9084,18962,6274,5334,11608,3611,3840,7451,2093,4105,6198,549,2153,2702,76205,77241,153446
2020-12-02,4366,4114,8480,5869,6043,11912,14262,14763,29025,16308,15499,31807,13078,12392,25470,9888,9097,18985,6286,5342,11628,3618,3851,7469,2096,4111,6207,552,2158,2710,76323,77370,153693
2020-12-03,4371,4118,8489,5882,6054,11936,14292,14786,29078,16344,15525,31869,13105,12410,25515,9907,9111,19018,6298,5355,11653,3626,3863,7489,2099,4115,6214,554,2160,2714,76478,77497,153975
2020-12-04,4380,4123,8503,5897,6070,11967,14318,14820,29138,16380,15564,31944,13137,12441,25578,9929,9131,19060,6312,5367,11679,3634,3869,7503,2104,4118,6222,555,2160,2715,76646,77663,154309
2020-12-05,4386,4128,8514,5907,6083,11990,14340,14847,29187,16408,15593,32001,13155,12469,25624,9947,9148,19095,6326,5380,11706,3640,3878,7518,2110,4124,6234,555,2161,2716,76774,77811,154585
2020-12-06,4393,4131,8524,5915,6090,12005,14361,14868,29229,16435,15612,32047,13173,12490,25663,9967,9163,19130,6334,5389,11723,3646,3882,7528,2115,4126,6241,555,2161,2716,76894,77912,154806
2020-12-07,4397,4135,8532,5921,6101,12022,14376,14893,29269,16454,15635,32089,13203,12508,25711,9980,9180,19160,6346,5401,11747,3652,3887,7539,2117,4128,6245,555,2163,2718,77001,78031,155032
2020-12-08,4404,4137,8541,5934,6114,12048,14402,14922,29324,16488,15663,32151,13243,12531,25774,10002,9196,19198,6363,5408,11771,3666,3896,7562,2121,4132,6253,556,2165,2721,77179,78164,155343
2020-12-09,4409,4144,8553,5959,6132,12091,14448,14961,29409,16531,15701,32232,13280,12569,25849,10029,9221,19250,6379,5427,11806,3673,3910,7583,2123,4137,6260,556,2169,2725,77387,78371,155758
2020-12-10,4413,4152,8565,5971,6156,12127,14483,15008,29491,16584,15740,32324,13320,12614,25934,10052,9245,19297,6396,5442,11838,3683,3922,7605,2126,4144,6270,556,2171,2727,77584,78594,156178
2020-12-11,4425,4160,8585,5979,6168,12147,14528,15047,29575,16619,15779,32398,13358,12642,26000,10070,9275,19345,6407,5461,11868,3687,3933,7620,2131,4151,6282,556,2172,2728,77760,78788,156548
2020-12-12,4433,4164,8597,5992,6181,12173,14576,15094,29670,16656,15809,32465,13384,12668,26052,10085,9290,19375,6420,5474,11894,3699,3939,7638,2133,4151,6284,556,2172,2728,77934,78942,156876
2020-12-13,4435,4169,8604,6008,6195,12203,14612,15123,29735,16686,15849,32535,13408,12694,26102,10100,9311,19411,6438,5484,11922,3709,3946,7655,2139,4154,6293,558,2172,2730,78093,79097,157190
2020-12-14,4439,4172,8611,6025,6208,12233,14672,15179,29851,16754,15898,32652,13447,12734,26181,10132,9338,19470,6455,5506,11961,3717,3958,7675,2144,4165,6309,559,2174,2733,78344,79332,157676
2020-12-15,4443,4175,8618,6047,6228,12275,14731,15233,29964,16814,15951,32765,13499,12768,26267,10155,9366,19521,6477,5515,11992,3728,3965,7693,2152,4169,6321,561,2177,2738,78607,79547,158154
2020-12-16,4452,4183,8635,6067,6257,12324,14806,15294,30100,16865,15996,32861,13524,12797,26321,10185,9395,19580,6492,5534,12026,3743,3974,7717,2161,4174,6335,564,2181,2745,78859,79785,158644
2020-12-17,4462,4187,8649,6092,6286,12378,14906,15383,30289,16939,16056,32995,13564,12853,26417,10212,9431,19643,6503,5560,12063,3759,3988,7747,2165,4180,6345,565,2183,2748,79167,80107,159274
2020-12-18,4466,4196,8662,6126,6305,12431,14992,15458,30450,17005,16127,33132,13618,12893,26511,10245,9472,19717,6530,5586,12116,3774,4001,7775,2169,4195,6364,565,2194,2759,79490,80427,159917
2020-12-19,4476,4201,8677,6156,6336,12492,15055,15510,30565,17061,16175,33236,13663,12938,26601,10275,9502,19777,6549,5604,12153,3787,4011,7798,2174,4203,6377,565,2195,2760,79761,80675,160436
2020-12-20,4479,4209,8688,6178,6349,12527,15119,15554,30673,17099,16221,33320,13704,12990,26694,10306,9525,19831,6576,5621,12197,3797,4018,7815,2177,4207,6384,568,2197,2765,80003,80891,160894
2020-12-21,4489,4218,8707,6208,6378,12586,15208,15651,30859,17181,16309,33490,13764,13050,26814,10360,9564,19924,6621,5644,12265,3819,4036,7855,2181,4215,6396,569,2199,2768,80400,81264,161664
2020-12-22,4497,4231,8728,6234,6407,12641,15290,15741,31031,17292,16387,33679,13824,13112,26936,10418,9618,20036,6641,5670,12311,3838,4052,7890,2185,4225,6410,570,2202,2772,80789,81645,162434
2020-12-23,4507,4242,8749,6263,6439,12702,15416,15858,31274,17406,16478,33884,13892,13184,27076,10490,9677,20167,6667,5704,12371,3866,4074,7940,2189,4236,6425,571,2204,2775,81267,82096,163363
2020-12-24,4509,4244,8753,6276,6462,12738,15482,15917,31399,17472,16521,33993,13927,13230,27157,10521,9701,20222,6688,5717,12405,3878,4081,7959,2191,4242,6433,571,2205,2776,81515,82320,163835
2020-12-25,4512,4251,8763,6291,6475,12766,15520,15955,31475,17507,16551,34058,13972,13257,27229,10544,9722,20266,6708,5731,12439,3883,4089,7972,2192,4243,6435,571,2206,2777,81700,82480,164180
2020-12-26,4522,4259,8781,6316,6511,12827,15632,16048,31680,17613,16647,34260,14043,13341,27384,10622,9780,20402,6749,5778,12527,3900,4107,8007,2195,4249,6444,572,2208,2780,82164,82928,165092
2020-12-27,4535,4263,8798,6339,6549,12888,15723,16137,31860,17712,16716,34428,14105,13388,27493,10673,9824,20497,6774,5806,12580,3917,4125,8042,2197,4255,6452,572,2208,2780,82547,83271,165818
2020-12-28,4552,4281,8833,6382,6611,12993,15869,16268,32137,17831,16839,34670,14219,13488,27707,10773,9889,20662,6820,5847,12667,3949,4157,8106,2209,4272,6481,574,2210,2784,83178,83862,167040
2020-12-29,4560,4299,8859,6431,6668,13099,16039,16440,32479,17987,16976,34963,14321,13586,27907,10841,9978,20819,6870,5903,12773,3984,4191,8175,2220,4281,6501,578,2213,2791,83831,84535,168366
2020-12-30,4585,4318,8903,6490,6738,13228,16215,16588,32803,18136,17109,35245,14432,13703,28135,10922,10061,20983,6922,5967,12889,4019,4223,8242,2229,4297,6526,581,2217,2798,84531,85221,169752
2020-12-31,4593,4325,8918,6527,6780,13307,16352,16708,33060,18220,17187,35407,14493,13779,28272,10968,10101,21069,6949,5994,12943,4039,4236,8275,2238,4302,6540,581,2217,2798,84960,85629,170589
2021-01-01,4598,4327,8925,6544,6793,13337,16384,16754,33138,18259,17229,35488,14516,13818,28334,10987,10119,21106,6969,6020,12989,4048,4247,8295,2241,4305,6546,581,2217,2798,85127,85829,170956
2021-01-02,4605,4336,8941,6590,6840,13430,16479,16863,33342,18370,17322,35692,14595,13907,28502,11062,10188,21250,7014,6062,13076,4068,4268,8336,2246,4309,6555,587,2217,2804,85616,86312,171928
2021-01-03,4620,4349,8969,6625,6879,13504,16595,17003,33598,18473,17412,35885,14678,13986,28664,11124,10258,21382,7054,6096,13150,4087,4291,8378,2254,4318,6572,588,2218,2806,86098,86810,172908
2021-01-04,4635,4359,8994,6689,6939,13628,16799,17199,33998,18648,17574,36222,14793,14087,28880,11217,10366,21583,7111,6147,13258,4117,4325,8442,2267,4340,6607,592,2223,2815,86868,87559,174427
2021-01-05,4655,4380,9035,6757,7006,13763,17033,17424,34457,18815,17731,36546,14911,14187,29098,11322,10438,21760,7168,6205,13373,4140,4358,8498,2273,4360,6633,594,2232,2826,87668,88321,175989
2021-01-06,4669,4393,9062,6821,7074,13895,17251,17641,34892,18992,17881,36873,15027,14282,29309,11406,10515,21921,7223,6264,13487,4173,4389,8562,2282,4375,6657,595,2236,2831,88439,89050,177489
2021-01-07,4689,4405,9094,6879,7138,14017,17429,17838,35267,19137,18020,37157,15134,14393,29527,11486,10604,22090,7265,6309,13574,4201,4426,8627,2291,4383,6674,600,2239,2839,89111,89755,178866
2021-01-08,4704,4420,9124,6938,7206,14144,17608,18011,35619,19277,18142,37419,15242,14500,29742,11574,10685,22259,7319,6365,13684,4228,4452,8680,2299,4397,6696,601,2245,2846,89790,90423,180213
2021-01-09,4711,4428,9139,6978,7251,14229,17735,18179,35914,19405,18232,37637,15338,14591,29929,11631,10755,22386,7365,6407,13772,4244,4480,8724,2305,4407,6712,603,2249,2852,90315,90979,181294
2021-01-10,4720,4432,9152,7018,7283,14301,17833,18306,36139,19475,18310,37785,15397,14656,30053,11685,10804,22489,7394,6438,13832,4258,4501,8759,2311,4413,6724,606,2251,2857,90697,91394,182091
2021-01-11,4726,4442,9168,7079,7336,14415,18007,18481,36488,19586,18434,38020,15488,14727,30215,11762,10878,22640,7441,6478,13919,4291,4529,8820,2319,4423,6742,607,2255,2862,91306,91983,183289
2021-01-12,4737,4449,9186,7130,7401,14531,18196,18661,36857,19729,18563,38292,15576,14821,30397,11828,10955,22783,7487,6521,14008,4324,4557,8881,2332,4438,6770,607,2260,2867,91946,92626,184572
2021-01-13,4753,4463,9216,7187,7483,14670,18361,18854,37215,19874,18703,38577,15680,14916,30596,11899,11029,22928,7534,6570,14104,4353,4574,8927,2345,4449,6794,608,2266,2874,92594,93307,185901
2021-01-14,4770,4473,9243,7247,7545,14792,18507,19030,37537,20010,18806,38816,15761,14996,30757,11965,11103,23068,7579,6611,14190,4380,4603,8983,2358,4456,6814,612,2268,2880,93189,93891,187080
2021-01-15,4784,4484,9268,7319,7595,14914,18688,19186,37874,20130,18905,39035,15865,15071,30936,12042,11194,23236,7627,6646,14273,4400,4627,9027,2368,4472,6840,612,2271,2883,93835,94451,188286
2021-01-16,4790,4494,9284,7375,7660,15035,18799,19315,38114,20235,18997,39232,15933,15152,31085,12090,11247,23337,7662,6676,14338,4421,4645,9066,2375,4481,6856,613,2277,2890,94293,94944,189237
2021-01-17,4795,4502,9297,7424,7699,15123,18900,19444,38344,20322,19073,39395,15998,15206,31204,12141,11298,23439,7707,6699,14406,4441,4652,9093,2381,4487,6868,614,2278,2892,94723,95338,190061
2021-01-18,4808,4515,9323,7486,7757,15243,19108,19618,38726,20448,19197,39645,16095,15291,31386,12222,11376,23598,7761,6747,14508,4469,4682,9151,2392,4503,6895,615,2282,2897,95404,95968,191372
2021-01-19,4822,4522,9344,7550,7838,15388,19253,19777,39030,20584,19300,39884,16181,15383,31564,12276,11439,23715,7808,6788,14596,4494,4707,9201,2406,4521,6927,615,2288,2903,95989,96563,192552
2021-01-20,4828,4528,9356,7628,7895,15523,19425,19930,39355,20700,19399,40099,16275,15480,31755,12347,11509,23856,7839,6837,14676,4517,4734,9251,2419,4541,6960,615,2294,2909,96593,97147,193740
2021-01-21,4837,4537,9374,7696,7956,15652,19546,20063,39609,20819,19504,40323,16372,15569,31941,12419,11593,24012,7883,6882,14765,4544,4760,9304,2430,4563,6993,619,2300,2919,97165,97727,194892
2021-01-22,4855,4547,9402,7752,8011,15763,19684,20211,39895,20913,19606,40519,16436,15641,32077,12486,11663,24149,7926,6909,14835,4564,4781,9345,2442,4573,7015,622,2303,2925,97680,98245,195925
2021-01-23,4861,4558,9419,7811,8073,15884,19787,20312,40099,20991,19671,40662,16489,15696,32185,12538,11728,24266,7954,6944,14898,4588,4812,9400,2445,4585,7030,625,2303,2928,98089,98682,196771
2021-01-24,4869,4570,9439,7871,8123,15994,19899,20386,40285,21076,19752,40828,16537,15754,32291,12574,11769,24343,7990,6967,14957,4609,4824,9433,2449,4591,7040,625,2303,2928,98499,99039,197538
2021-01-25,4879,4582,9461,7965,8220,16185,20054,20525,40579,21200,19838,41038,16630,15853,32483,12645,11828,24473,8044,7004,15048,4633,4857,9490,2457,4605,7062,628,2305,2933,99135,99617,198752
2021-01-26,4893,4597,9490,8056,8314,16370,20182,20667,40849,21297,19932,41229,16709,15942,32651,12715,11893,24608,8089,7039,15128,4659,4881,9540,2467,4627,7094,630,2314,2944,99697,100206,199903
2021-01-27,4901,4608,9509,8152,8393,16545,20293,20786,41079,21387,20008,41395,16777,16017,32794,12767,11940,24707,8134,7072,15206,4678,4900,9578,2475,4640,7115,631,2318,2949,100195,100682,200877
2021-01-28,4913,4618,9531,8223,8480,16703,20449,20901,41350,21485,20086,41571,16859,16095,32954,12830,11998,24828,8177,7108,15285,4693,4922,9615,2479,4654,7133,631,2322,2953,100739,101184,201923
2021-01-29,4932,4632,9564,8302,8569,16871,20550,21019,41569,21574,20183,41757,16931,16179,33110,12885,12078,24963,8205,7144,15349,4712,4947,9659,2485,4671,7156,635,2324,2959,101211,101746,202957
2021-01-30,4940,4637,9577,8400,8655,17055,20644,21111,41755,21635,20261,41896,16995,16244,33239,12923,12127,25050,8235,7178,15413,4724,4966,9690,2488,4679,7167,636,2327,2963,101620,102185,203805
2021-01-31,4943,4650,9593,8501,8741,17242,20728,21204,41932,21683,20330,42013,17066,16318,33384,12967,12175,25142,8263,7211,15474,4741,4978,9719,2491,4685,7176,637,2329,2966,102020,102621,204641
2021-02-01,4955,4663,9618,8592,8848,17440,20847,21319,42166,21773,20419,42192,17163,16398,33561,13031,12249,25280,8308,7258,15566,4773,5012,9785,2499,4700,7199,637,2333,2970,102578,103199,205777
2021-02-02,4962,4677,9639,8666,8929,17595,20959,21440,42399,21864,20519,42383,17237,16472,33709,13096,12312,25408,8352,7292,15644,4792,5026,9818,2507,4719,7226,637,2336,2973,103072,103722,206794
2021-02-03,4976,4691,9667,8740,8980,17720,21071,21545,42616,21958,20612,42570,17308,16545,33853,13164,12387,25551,8395,7340,15735,4815,5048,9863,2519,4735,7254,640,2336,2976,103586,104219,207805
2021-02-04,4981,4701,9682,8794,9032,17826,21161,21641,42802,22029,20692,42721,17386,16611,33997,13222,12451,25673,8439,7369,15808,4833,5072,9905,2530,4752,7282,640,2342,2982,104015,104663,208678
2021-02-05,4989,4710,9699,8844,9077,17921,21235,21726,42961,22111,20782,42893,17448,16688,34136,13269,12507,25776,8474,7391,15865,4852,5092,9944,2535,4762,7297,641,2346,2987,104398,105081,209479
2021-02-06,4996,4715,9711,8875,9107,17982,21309,21787,43096,22170,20848,43018,17501,16746,34247,13306,12547,25853,8499,7425,15924,4868,5109,9977,2541,4769,7310,641,2348,2989,104706,105401,210107
2021-02-07,4999,4720,9719,8904,9133,18037,21356,21835,43191,22224,20904,43128,17541,16776,34317,13346,12583,25929,8526,7459,15985,4889,5122,10011,2545,4778,7323,641,2351,2992,104971,105661,210632
2021-02-08,5010,4735,9745,8960,9178,18138,21432,21913,43345,22305,20997,43302,17636,16854,34490,13395,12647,26042,8575,7496,16071,4914,5155,10069,2553,4792,7345,643,2355,2998,105423,106122,211545
2021-02-09,5019,4739,9758,9001,9202,18203,21504,21975,43479,22376,21073,43449,17701,16914,34615,13439,12688,26127,8605,7531,16136,4928,5170,10098,2561,4802,7363,644,2356,3000,105778,106450,212228
2021-02-10,5033,4745,9778,9037,9239,18276,21569,22049,43618,22455,21156,43611,17761,16978,34739,13486,12730,26216,8636,7553,16189,4947,5190,10137,2566,4810,7376,645,2360,3005,106135,106810,212945
2021-02-11,5037,4753,9790,9066,9271,18337,21641,22127,43768,22519,21218,43737,17816,17030,34846,13522,12794,26316,8681,7590,16271,4970,5210,10180,2570,4812,7382,648,2365,3013,106470,107170,213640
2021-02-12,5046,4763,9809,9103,9306,18409,21703,22192,43895,22593,21291,43884,17875,17083,34958,13563,12830,26393,8712,7618,16330,4988,5227,10215,2583,4826,7409,650,2369,3019,106816,107505,214321
2021-02-13,5057,4766,9823,9129,9331,18460,21759,22245,44004,22649,21343,43992,17925,17134,35059,13601,12862,26463,8733,7637,16370,5007,5247,10254,2585,4834,7419,654,2372,3026,107099,107771,214870
2021-02-14,5063,4771,9834,9150,9356,18506,21791,22297,44088,22685,21396,44081,17973,17178,35151,13633,12892,26525,8758,7664,16422,5019,5266,10285,2590,4840,7430,654,2373,3027,107316,108033,215349
2021-02-15,5066,4777,9843,9178,9384,18562,21836,22349,44185,22738,21467,44205,18031,17233,35264,13664,12924,26588,8783,7685,16468,5027,5275,10302,2595,4845,7440,654,2378,3032,107572,108317,215889
2021-02-16,5075,4789,9864,9201,9416,18617,21878,22403,44281,22795,21519,44314,18082,17278,35360,13689,12959,26648,8806,7714,16520,5043,5299,10342,2603,4853,7456,654,2383,3037,107826,108613,216439
2021-02-17,5089,4797,9886,9229,9441,18670,21959,22487,44446,22878,21608,44486,18152,17343,35495,13738,13013,26751,8859,7745,16604,5061,5314,10375,2610,4867,7477,655,2385,3040,108230,109000,217230
2021-02-18,5095,4810,9905,9262,9467,18729,22052,22588,44640,22957,21698,44655,18208,17416,35624,13774,13072,26846,8897,7769,16666,5084,5329,10413,2614,4874,7488,656,2390,3046,108599,109413,218012
2021-02-19,5099,4814,9913,9301,9501,18802,22124,22661,44785,23070,21785,44855,18272,17475,35747,13808,13120,26928,8928,7793,16721,5103,5343,10446,2616,4882,7498,656,2390,3046,108977,109764,218741
2021-02-20,5106,4818,9924,9325,9522,18847,22186,22723,44909,23138,21841,44979,18314,17530,35844,13844,13160,27004,8960,7814,16774,5118,5358,10476,2620,4892,7512,657,2391,3048,109268,110049,219317
2021-02-21,5115,4822,9937,9344,9550,18894,22246,22782,45028,23199,21902,45101,18363,17571,35934,13872,13197,27069,8980,7845,16825,5129,5373,10502,2623,4896,7519,657,2395,3052,109528,110333,219861
2021-02-22,5124,4832,9956,9376,9575,18951,22319,22856,45175,23277,21965,45242,18421,17616,36037,13925,13227,27152,8997,7877,16874,5146,5388,10534,2627,4902,7529,659,2396,3055,109871,110634,220505
2021-02-23,5136,4843,9979,9403,9612,19015,22408,22929,45337,23347,22044,45391,18480,17663,36143,13963,13265,27228,9037,7903,16940,5162,5401,10563,2636,4910,7546,662,2396,3058,110234,110966,221200
2021-02-24,5150,4849,9999,9433,9644,19077,22489,23001,45490,23412,22096,45508,18533,17721,36254,14000,13314,27314,9065,7930,16995,5173,5422,10595,2637,4915,7552,664,2400,3064,110556,111292,221848
2021-02-25,5164,4862,10026,9466,9681,19147,22582,23098,45680,23485,22177,45662,18585,17794,36379,14053,13359,27412,9102,7952,17054,5189,5442,10631,2642,4920,7562,667,2407,3074,110935,111692,222627
2021-02-26,5172,4872,10044,9500,9705,19205,22643,23173,45816,23556,22228,45784,18621,17852,36473,14100,13407,27507,9127,7981,17108,5207,5466,10673,2648,4932,7580,669,2411,3080,111243,112027,223270
2021-02-27,5181,4875,10056,9519,9726,19245,22698,23233,45931,23607,22281,45888,18663,17906,36569,14142,13439,27581,9160,8000,17160,5213,5484,10697,2655,4937,7592,669,2412,3081,111507,112293,223800
2021-02-28,5187,4876,10063,9541,9744,19285,22730,23279,46009,23661,22333,45994,18700,17951,36651,14172,13457,27629,9179,8019,17198,5218,5493,10711,2657,4944,7601,669,2416,3085,111714,112512,224226
2021-03-01,5203,4895,10098,9578,9775,19353,22793,23345,46138,23758,22411,46169,18766,18011,36777,14222,13509,27731,9211,8042,17253,5233,5513,10746,2661,4958,7619,669,2419,3088,112094,112878,224972
2021-03-02,5216,4905,10121,9613,9807,19420,22860,23403,46263,23830,22494,46324,18815,18056,36871,14256,13552,27808,9246,8067,17313,5247,5526,10773,2666,4970,7636,669,2421,3090,112418,113201,225619
2021-03-03,5231,4914,10145,9652,9843,19495,22944,23478,46422,23902,22570,46472,18877,18103,36980,14295,13594,27889,9295,8096,17391,5263,5545,10808,2673,4982,7655,669,2425,3094,112801,113550,226351
2021-03-04,5247,4925,10172,9684,9885,19569,23014,23543,46557,23975,22631,46606,18940,18162,37102,14348,13636,27984,9330,8126,17456,5274,5559,10833,2674,4990,7664,670,2425,3095,113156,113882,227038
2021-03-05,5268,4932,10200,9735,9934,19669,23098,23625,46723,24048,22723,46771,19022,18216,37238,14406,13686,28092,9356,8162,17518,5290,5579,10869,2676,5001,7677,672,2428,3100,113571,114286,227857
2021-03-06,5273,4940,10213,9773,9978,19751,23141,23677,46818,24106,22773,46879,19072,18280,37352,14435,13726,28161,9389,8192,17581,5308,5584,10892,2682,5005,7687,672,2431,3103,113851,114586,228437
2021-03-07,5279,4953,10232,9804,10012,19816,23185,23724,46909,24162,22824,46986,19114,18325,37439,14475,13760,28235,9417,8218,17635,5315,5600,10915,2689,5008,7697,672,2432,3104,114112,114856,228968
2021-03-08,5296,4964,10260,9847,10035,19882,23256,23794,47050,24266,22899,47165,19193,18404,37597,14523,13817,28340,9460,8249,17709,5331,5618,10949,2701,5021,7722,673,2435,3108,114546,115236,229782
2021-03-09,5307,4983,10290,9889,10102,19991,23336,23866,47202,24347,22986,47333,19262,18482,37744,14591,13864,28455,9500,8281,17781,5352,5631,10983,2711,5031,7742,673,2437,3110,114968,115663,230631
2021-03-10,5327,4995,10322,9926,10151,20077,23396,23950,47346,24432,23056,47488,19311,18547,37858,14640,13925,28565,9530,8318,17848,5368,5657,11025,2714,5039,7753,673,2440,3113,115317,116078,231395
2021-03-11,5344,5015,10359,9965,10215,20180,23465,24046,47511,24519,23134,47653,19386,18610,37996,14691,13973,28664,9567,8344,17911,5383,5674,11057,2723,5052,7775,674,2442,3116,115717,116505,232222
2021-03-12,5363,5023,10386,10035,10282,20317,23537,24110,47647,24601,23207,47808,19464,18693,38157,14745,14035,28780,9593,8373,17966,5416,5699,11115,2728,5068,7796,676,2448,3124,116158,116938,233096
2021-03-13,5373,5031,10404,10078,10331,20409,23614,24170,47784,24659,23275,47934,19532,18751,38283,14790,14090,28880,9612,8395,18007,5433,5711,11144,2731,5071,7802,676,2451,3127,116498,117276,233774
2021-03-14,5382,5038,10420,10105,10380,20485,23668,24223,47891,24717,23329,48046,19576,18809,38385,14835,14137,28972,9644,8422,18066,5453,5727,11180,2736,5076,7812,676,2453,3129,116792,117594,234386
2021-03-15,5393,5058,10451,10153,10425,20578,23739,24284,48023,24816,23403,48219,19661,18868,38529,14913,14191,29104,9687,8459,18146,5481,5750,11231,2742,5084,7826,678,2463,3141,117263,117985,235248
2021-03-16,5407,5070,10477,10216,10472,20688,23818,24378,48196,24884,23477,48361,19761,18942,38703,14971,14242,29213,9713,8490,18203,5491,5762,11253,2752,5103,7855,681,2467,3148,117694,118403,236097
2021-03-17,5423,5085,10508,10284,10521,20805,23910,24466,48376,24980,23565,48545,19822,19015,38837,15011,14280,29291,9754,8525,18279,5515,5779,11294,2755,5108,7863,681,2469,3150,118135,118813,236948
2021-03-18,5441,5099,10540,10338,10574,20912,23992,24553,48545,25062,23659,48721,19889,19081,38970,15072,14334,29406,9784,8568,18352,5528,5812,11340,2763,5119,7882,681,2475,3156,118550,119274,237824
2021-03-19,5460,5119,10579,10390,10632,21022,24075,24654,48729,25162,23754,48916,19965,19165,39130,15121,14392,29513,9818,8605,18423,5556,5832,11388,2766,5133,7899,681,2476,3157,118994,119762,238756
2021-03-20,5466,5133,10599,10421,10672,21093,24140,24718,48858,25239,23816,49055,20042,19214,39256,15167,14436,29603,9852,8623,18475,5566,5848,11414,2770,5139,7909,681,2478,3159,119344,120077,239421
2021-03-21,5477,5147,10624,10460,10711,21171,24188,24780,48968,25321,23884,49205,20108,19276,39384,15201,14479,29680,9887,8657,18544,5590,5874,11464,2774,5148,7922,682,2478,3160,119688,120434,240122
2021-03-22,5494,5166,10660,10521,10773,21294,24298,24887,49185,25441,24011,49452,20200,19375,39575,15285,14557,29842,9929,8692,18621,5611,5891,11502,2782,5161,7943,683,2486,3169,120244,120999,241243
2021-03-23,5513,5179,10692,10577,10853,21430,24419,25017,49436,25571,24134,49705,20311,19479,39790,15371,14627,29998,9983,8751,18734,5640,5920,11560,2787,5178,7965,684,2490,3174,120856,121628,242484
2021-03-24,5531,5190,10721,10662,10930,21592,24533,25160,49693,25698,24246,49944,20428,19580,40008,15458,14710,30168,10038,8798,18836,5668,5947,11615,2796,5183,7979,687,2495,3182,121499,122239,243738
2021-03-25,5550,5209,10759,10735,11003,21738,24700,25323,50023,25838,24394,50232,20550,19698,40248,15542,14816,30358,10092,8855,18947,5700,5978,11678,2810,5198,8008,688,2498,3186,122205,122972,245177
2021-03-26,5581,5233,10814,10837,11082,21919,24859,25521,50380,25983,24531,50514,20699,19840,40539,15636,14909,30545,10144,8914,19058,5733,6014,11747,2822,5214,8036,688,2502,3190,122982,123760,246742
2021-03-27,5601,5252,10853,10906,11147,22053,24998,25667,50665,26104,24666,50770,20811,19966,40777,15724,14985,30709,10200,8971,19171,5761,6041,11802,2834,5227,8061,689,2505,3194,123628,124427,248055
2021-03-28,5621,5266,10887,10972,11219,22191,25111,25772,50883,26237,24786,51023,20934,20065,40999,15814,15065,30879,10248,9019,19267,5792,6067,11859,2842,5236,8078,690,2507,3197,124261,125002,249263
2021-03-29,5657,5295,10952,11074,11319,22393,25310,25964,51274,26395,24978,51373,21084,20211,41295,15949,15171,31120,10350,9072,19422,5836,6104,11940,2848,5249,8097,693,2512,3205,125196,125875,251071
2021-03-30,5678,5325,11003,11184,11419,22603,25534,26210,51744,26614,25159,51773,21259,20377,41636,16072,15295,31367,10427,9134,19561,5872,6150,12022,2859,5270,8129,700,2517,3217,126199,126856,253055
2021-03-31,5711,5353,11064,11302,11524,22826,25792,26458,52250,26843,25350,52193,21456,20545,42001,16183,15423,31606,10497,9207,19704,5902,6183,12085,2873,5288,8161,702,2524,3226,127261,127855,255116
2021-04-01,5731,5373,11104,11422,11659,23081,26068,26704,52772,27051,25563,52614,21599,20712,42311,16322,15540,31862,10587,9294,19881,5934,6217,12151,2884,5295,8179,705,2526,3231,128303,128883,257186
2021-04-02,5754,5403,11157,11532,11794,23326,26245,26888,53133,27243,25731,52974,21752,20856,42608,16425,15646,32071,10662,9356,20018,5970,6256,12226,2890,5306,8196,707,2527,3234,129180,129763,258943
2021-04-03,5777,5427,11204,11637,11892,23529,26422,27065,53487,27449,25931,53380,21933,21034,42967,16556,15765,32321,10737,9437,20174,6008,6295,12303,2904,5322,8226,710,2533,3243,130133,130701,260834
2021-04-04,5805,5449,11254,11749,11996,23745,26613,27270,53883,27644,26103,53747,22122,21188,43310,16674,15886,32560,10819,9508,20327,6038,6333,12371,2910,5334,8244,712,2536,3248,131086,131603,262689
2021-04-05,5844,5495,11339,11928,12167,24095,26930,27600,54530,27945,26442,54387,22351,21445,43796,16876,16088,32964,10943,9615,20558,6092,6394,12486,2926,5358,8284,712,2542,3254,132547,133146,265693
2021-04-06,5887,5531,11418,12077,12341,24418,27290,27916,55206,28257,26760,55017,22603,21698,44301,17066,16273,33339,11055,9715,20770,6138,6442,12580,2949,5372,8321,716,2548,3264,134038,134596,268634
2021-04-07,5928,5589,11517,12269,12530,24799,27668,28300,55968,28614,27025,55639,22868,21954,44822,17258,16448,33706,11156,9826,20982,6188,6490,12678,2966,5392,8358,719,2554,3273,135634,136108,271742
2021-04-08,5974,5641,11615,12447,12687,25134,28006,28655,56661,28906,27342,56248,23102,22214,45316,17461,16632,34093,11248,9919,21167,6241,6541,12782,2984,5416,8400,721,2557,3278,137090,137604,274694
2021-04-09,6036,5691,11727,12612,12835,25447,28299,28998,57297,29213,27651,56864,23352,22463,45815,17602,16805,34407,11329,10010,21339,6281,6583,12864,3002,5434,8436,725,2564,3289,138451,139034,277485
2021-04-10,6078,5722,11800,12756,12975,25731,28521,29285,57806,29436,27903,57339,23554,22667,46221,17739,16948,34687,11425,10099,21524,6327,6617,12944,3015,5454,8469,727,2570,3297,139578,140240,279818
2021-04-11,6107,5753,11860,12884,13145,26029,28687,29448,58135,29663,28125,57788,23738,22863,46601,17874,17080,34954,11525,10185,21710,6376,6670,13046,3026,5469,8495,729,2578,3307,140609,141316,281925
2021-04-12,6173,5798,11971,13062,13323,26385,28990,29733,58723,30003,28397,58400,23984,23129,47113,18076,17272,35348,11670,10311,21981,6451,6742,13193,3042,5494,8536,731,2583,3314,142182,142782,284964
2021-04-13,6220,5838,12058,13218,13464,26682,29265,30035,59300,30292,28674,58966,24246,23373,47619,18267,17460,35727,11797,10425,22222,6509,6805,13314,3063,5520,8583,736,2591,3327,143613,144185,287798
2021-04-14,6258,5904,12162,13383,13626,27009,29553,30360,59913,30582,28948,59530,24514,23652,48166,18488,17650,36138,11929,10566,22495,6581,6870,13451,3073,5541,8614,739,2601,3340,145100,145718,290818
2021-04-15,6306,5951,12257,13526,13755,27281,29803,30622,60425,30843,29224,60067,24753,23866,48619,18706,17818,36524,12043,10685,22728,6646,6930,13576,3087,5565,8652,742,2607,3349,146455,147023,293478
2021-04-16,6353,5994,12347,13681,13886,27567,30029,30902,60931,31144,29541,60685,25058,24140,49198,18913,17989,36902,12194,10812,23006,6709,7002,13711,3106,5588,8694,745,2615,3360,147932,148469,296401
2021-04-17,6390,6024,12414,13788,14013,27801,30248,31185,61433,31372,29801,61173,25296,24337,49633,19077,18149,37226,12312,10926,23238,6778,7075,13853,3116,5610,8726,748,2627,3375,149125,149747,298872
2021-04-18,6428,6065,12493,13887,14118,28005,30422,31373,61795,31603,30029,61632,25505,24529,50034,19259,18285,37544,12416,11024,23440,6833,7116,13949,3131,5629,8760,750,2634,3384,150234,150802,301036
2021-04-19,6475,6117,12592,14027,14253,28280,30717,31680,62397,31967,30348,62315,25792,24864,50656,19472,18488,37960,12577,11163,23740,6910,7180,14090,3148,5652,8800,751,2640,3391,151836,152385,304221
2021-04-20,6545,6176,12721,14168,14393,28561,30988,31972,62960,32294,30688,62982,26094,25150,51244,19698,18667,38365,12733,11297,24030,6969,7246,14215,3168,5688,8856,756,2644,3400,153413,153921,307334
2021-04-21,6590,6221,12811,14311,14543,28854,31244,32276,63520,32610,30989,63599,26392,25416,51808,19902,18858,38760,12878,11436,24314,7037,7314,14351,3197,5718,8915,759,2656,3415,154920,155427,310347
2021-04-22,6650,6276,12926,14449,14707,29156,31452,32496,63948,32893,31270,64163,26641,25652,52293,20077,19039,39116,12995,11552,24547,7098,7376,14474,3214,5745,8959,763,2667,3430,156232,156780,313012
2021-04-23,6711,6326,13037,14586,14861,29447,31699,32737,64436,33199,31552,64751,26891,25941,52832,20252,19223,39475,13112,11652,24764,7142,7448,14590,3230,5768,8998,767,2680,3447,157589,158188,315777
2021-04-24,6743,6359,13102,14681,14952,29633,31859,32914,64773,33384,31757,65141,27112,26154,53266,20414,19351,39765,13210,11727,24937,7175,7491,14666,3240,5795,9035,768,2691,3459,158586,159191,317777
2021-04-25,6787,6387,13174,14761,15036,29797,32004,33078,65082,33574,31946,65520,27297,26343,53640,20577,19481,40058,13293,11812,25105,7214,7530,14744,3251,5814,9065,769,2692,3461,159527,160119,319646
2021-04-26,6850,6427,13277,14857,15161,30018,32205,33319,65524,33868,32197,66065,27543,26600,54143,20767,19643,40410,13411,11919,25330,7263,7601,14864,3265,5839,9104,773,2698,3471,160802,161404,322206
2021-04-27,6907,6491,13398,14982,15290,30272,32406,33545,65951,34132,32480,66612,27757,26854,54611,20918,19816,40734,13527,12015,25542,7332,7669,15001,3290,5864,9154,778,2701,3479,162029,162725,324754
2021-04-28,6984,6534,13518,15126,15419,30545,32618,33742,66360,34392,32729,67121,27981,27100,55081,21088,20000,41088,13653,12122,25775,7392,7717,15109,3304,5887,9191,782,2710,3492,163320,163960,327280
2021-04-29,7029,6585,13614,15257,15558,30815,32842,33975,66817,34617,32994,67611,28202,27319,55521,21241,20157,41398,13761,12236,25997,7443,7776,15219,3321,5904,9225,784,2715,3499,164497,165219,329716
2021-04-30,7099,6645,13744,15375,15679,31054,33042,34214,67256,34846,33260,68106,28432,27538,55970,21410,20318,41728,13871,12370,26241,7500,7841,15341,3337,5922,9259,789,2723,3512,165701,166510,332211
2021-05-01,7141,6675,13816,15454,15753,31207,33179,34361,67540,35013,33440,68453,28582,27705,56287,21525,20431,41956,13970,12453,26423,7536,7883,15419,3344,5944,9288,789,2729,3518,166533,167374,333907
2021-05-02,7169,6705,13874,15532,15829,31361,33291,34501,67792,35162,33613,68775,28747,27872,56619,21640,20562,42202,14056,12534,26590,7573,7927,15500,3356,5962,9318,790,2734,3524,167316,168239,335555
2021-05-03,7238,6760,13998,15652,15966,31618,33507,34746,68253,35458,33897,69355,29004,28131,57135,21832,20769,42601,14199,12652,26851,7621,7987,15608,3381,5993,9374,796,2746,3542,168688,169647,338335
2021-05-04,7287,6826,14113,15767,16091,31858,33748,34948,68696,35718,34150,69868,29220,28335,57555,22009,20929,42938,14325,12747,27072,7665,8037,15702,3399,6014,9413,799,2758,3557,169937,170835,340772
2021-05-05,7338,6881,14219,15876,16190,32066,33956,35141,69097,35944,34380,70324,29409,28541,57950,22155,21100,43255,14420,12838,27258,7698,8088,15786,3414,6038,9452,804,2766,3570,171014,171963,342977
2021-05-06,7383,6928,14311,15957,16285,32242,34128,35356,69484,36138,34576,70714,29577,28720,58297,22299,21225,43524,14514,12924,27438,7738,8130,15868,3424,6060,9484,804,2777,3581,171962,172981,344943
2021-05-07,7425,6984,14409,16086,16397,32483,34299,35562,69861,36338,34784,71122,29750,28900,58650,22435,21373,43808,14612,13028,27640,7780,8173,15953,3443,6080,9523,807,2785,3592,172975,174066,347041
2021-05-08,7459,7005,14464,16159,16476,32635,34445,35698,70143,36501,34939,71440,29894,29082,58976,22555,21483,44038,14685,13097,27782,7818,8203,16021,3453,6099,9552,815,2798,3613,173784,174880,348664
2021-05-09,7492,7043,14535,16229,16547,32776,34561,35808,70369,36639,35104,71743,30032,29224,59256,22645,21568,44213,14761,13169,27930,7848,8234,16082,3464,6115,9579,819,2808,3627,174490,175620,350110
2021-05-10,7543,7102,14645,16372,16677,33049,34785,36062,70847,36902,35370,72272,30276,29470,59746,22842,21773,44615,14882,13296,28178,7911,8290,16201,3486,6156,9642,822,2817,3639,175821,177013,352834
2021-05-11,7603,7156,14759,16496,16775,33271,34984,36304,71288,37163,35628,72791,30512,29713,60225,23006,21935,44941,14982,13395,28377,7960,8335,16295,3497,6185,9682,830,2830,3660,177033,178256,355289
2021-05-12,7660,7216,14876,16593,16885,33478,35210,36520,71730,37420,35888,73308,30745,29931,60676,23171,22110,45281,15090,13483,28573,8009,8385,16394,3514,6217,9731,837,2841,3678,178249,179476,357725
2021-05-13,7728,7245,14973,16698,16988,33686,35390,36705,72095,37641,36104,73745,30944,30129,61073,23331,22285,45616,15165,13563,28728,8051,8432,16483,3528,6239,9767,842,2851,3693,179318,180541,359859
2021-05-14,7799,7304,15103,16825,17137,33962,35601,36951,72552,37904,36416,74320,31206,30372,61578,23516,22458,45974,15256,13679,28935,8108,8497,16605,3547,6261,9808,844,2859,3703,180606,181934,362540
2021-05-15,7862,7345,15207,16929,17261,34190,35767,37117,72884,38099,36601,74700,31407,30564,61971,23663,22603,46266,15344,13746,29090,8138,8545,16683,3561,6283,9844,845,2867,3712,181615,182932,364547
2021-05-16,7895,7389,15284,17003,17338,34341,35900,37283,73183,38288,36798,75086,31609,30762,62371,23805,22714,46519,15424,13818,29242,8177,8587,16764,3571,6295,9866,848,2879,3727,182520,183863,366383
2021-05-17,7982,7451,15433,17169,17508,34677,36187,37576,73763,38630,37121,75751,31922,31103,63025,24035,22965,47000,15561,13936,29497,8239,8662,16901,3605,6335,9940,855,2893,3748,184185,185550,369735
2021-05-18,8066,7523,15589,17333,17645,34978,36458,37878,74336,38974,37427,76401,32174,31379,63553,24246,23184,47430,15679,14055,29734,8302,8718,17020,3624,6367,9991,858,2914,3772,185714,187090,372804
2021-05-19,8142,7596,15738,17498,17808,35306,36748,38187,74935,39283,37735,77018,32488,31661,64149,24441,23372,47813,15807,14155,29962,8352,8785,17137,3645,6400,10045,860,2922,3782,187264,188621,375885
2021-05-20,8209,7654,15863,17641,17961,35602,37019,38502,75521,39580,38035,77615,32735,31926,64661,24623,23532,48155,15904,14262,30166,8413,8845,17258,3663,6447,10110,862,2929,3791,188649,190093,378742
2021-05-21,8273,7723,15996,17787,18101,35888,37254,38770,76024,39835,38324,78159,32992,32178,65170,24825,23725,48550,15997,14355,30352,8452,8892,17344,3685,6481,10166,866,2936,3802,189966,191485,381451
2021-05-22,8322,7753,16075,17865,18202,36067,37413,38936,76349,40065,38526,78591,33158,32355,65513,24970,23875,48845,16082,14431,30513,8481,8935,17416,3698,6516,10214,870,2953,3823,190924,192482,383406
2021-05-23,8349,7787,16136,17952,18313,36265,37587,39084,76671,40257,38719,78976,33347,32520,65867,25123,24002,49125,16168,14481,30649,8513,8973,17486,3718,6537,10255,872,2960,3832,191886,193376,385262
2021-05-24,8406,7817,16223,18066,18449,36515,37816,39307,77123,40541,38982,79523,33629,32797,66426,25314,24184,49498,16282,14565,30847,8550,9018,17568,3740,6566,10306,874,2970,3844,193218,194655,387873
2021-05-25,8455,7860,16315,18177,18548,36725,38024,39533,77557,40813,39239,80052,33895,33045,66940,25479,24354,49833,16370,14634,31004,8586,9064,17650,3758,6599,10357,874,2977,3851,194431,195853,390284
2021-05-26,8515,7929,16444,18325,18681,37006,38295,39821,78116,41144,39535,80679,34174,33334,67508,25691,24550,50241,16487,14749,31236,8643,9128,17771,3781,6640,10421,878,2994,3872,195933,197361,393294
2021-05-27,8584,7989,16573,18442,18820,37262,38542,40070,78612,41441,39824,81265,34442,33602,68044,25895,24736,50631,16594,14844,31438,8692,9177,17869,3802,6676,10478,882,3010,3892,197316,198748,396064
2021-05-28,8645,8042,16687,18598,18949,37547,38771,40320,79091,41685,40122,81807,34697,33835,68532,26082,24908,50990,16683,14949,31632,8731,9219,17950,3818,6717,10535,890,3020,3910,198600,200081,398681
2021-05-29,8699,8093,16792,18693,19047,37740,38923,40502,79425,41878,40313,82191,34860,34019,68879,26195,25052,51247,16762,15026,31788,8769,9263,18032,3837,6733,10570,891,3030,3921,199507,201078,400585
2021-05-30,8729,8121,16850,18770,19121,37891,39056,40657,79713,42026,40463,82489,35018,34180,69198,26277,25156,51433,16813,15074,31887,8792,9294,18086,3849,6755,10604,891,3031,3922,200221,201852,402073
2021-05-31,8785,8180,16965,18886,19246,38132,39262,40870,80132,42262,40720,82982,35210,34433,69643,26439,25323,51762,16899,15167,32066,8841,9348,18189,3870,6781,10651,892,3043,3935,201346,203111,404457
2021-06-01,8830,8232,17062,18984,19353,38337,39457,41069,80526,42480,40923,83403,35396,34646,70042,26585,25452,52037,16977,15240,32217,8876,9400,18276,3885,6809,10694,899,3054,3953,202369,204178,406547
2021-06-02,8871,8273,17144,19084,19435,38519,39600,41238,80838,42657,41108,83765,35547,34812,70359,26699,25562,52261,17048,15312,32360,8915,9444,18359,3901,6837,10738,905,3064,3969,203227,205085,408312
2021-06-03,8922,8318,17240,19182,19537,38719,39772,41412,81184,42832,41299,84131,35702,34971,70673,26808,25696,52504,17108,15370,32478,8954,9483,18437,3912,6865,10777,908,3075,3983,204100,206026,410126
2021-06-04,8978,8374,17352,19276,19650,38926,39931,41583,81514,43031,41480,84511,35857,35124,70981,26919,25836,52755,17162,15437,32599,8989,9520,18509,3922,6889,10811,910,3084,3994,204975,206977,411952
2021-06-05,9014,8413,17427,19341,19719,39060,40042,41686,81728,43179,41608,84787,35986,35258,71244,27020,25921,52941,17217,15484,32701,9010,9553,18563,3937,6922,10859,917,3100,4017,205663,207664,413327
2021-06-06,9054,8446,17500,19405,19775,39180,40139,41801,81940,43299,41728,85027,36126,35380,71506,27095,26003,53098,17257,15526,32783,9036,9579,18615,3946,6944,10890,921,3107,4028,206278,208289,414567
2021-06-07,9096,8488,17584,19508,19867,39375,40322,41977,82299,43485,41937,85422,36302,35578,71880,27232,26147,53379,17328,15578,32906,9073,9629,18702,3976,6967,10943,924,3118,4042,207246,209286,416532
2021-06-08,9142,8540,17682,19622,19948,39570,40479,42107,82586,43617,42110,85727,36458,35748,72206,27355,26257,53612,17381,15640,33021,9107,9664,18771,3990,6991,10981,927,3125,4052,208078,210130,418208
2021-06-09,9189,8576,17765,19712,20046,39758,40623,42251,82874,43785,42266,86051,36623,35888,72511,27476,26366,53842,17439,15689,33128,9143,9688,18831,4015,7008,11023,928,3131,4059,208933,210909,419842
2021-06-10,9235,8626,17861,19808,20161,39969,40798,42427,83225,43957,42437,86394,36801,36057,72858,27594,26480,54074,17499,15747,33246,9176,9723,18899,4028,7027,11055,932,3141,4073,209828,211826,421654
2021-06-11,9283,8664,17947,19899,20244,40143,40962,42566,83528,44115,42599,86714,36932,36222,73154,27698,26587,54285,17560,15808,33368,9206,9757,18963,4042,7057,11099,936,3150,4086,210633,212654,423287
2021-06-12,9320,8696,18016,19953,20305,40258,41047,42660,83707,44218,42712,86930,37036,36324,73360,27767,26647,54414,17590,15846,33436,9231,9776,19007,4050,7067,11117,938,3159,4097,211150,213192,424342
2021-06-13,9360,8736,18096,20001,20374,40375,41142,42763,83905,44315,42827,87142,37143,36420,73563,27841,26711,54552,17627,15886,33513,9253,9800,19053,4062,7090,11152,939,3167,4106,211683,213774,425457
2021-06-14,9409,8790,18199,20088,20473,40561,41307,42920,84227,44511,43051,87562,37325,36563,73888,27944,26794,54738,17684,15956,33640,9282,9844,19126,4073,7120,11193,942,3174,4116,212565,214685,427250
2021-06-15,9453,8822,18275,20180,20550,40730,41437,43062,84499,44665,43185,87850,37457,36715,74172,28038,26886,54924,17741,16005,33746,9315,9884,19199,4087,7145,11232,946,3192,4138,213319,215446,428765
2021-06-16,9494,8862,18356,20242,20629,40871,41568,43191,84759,44799,43335,88134,37594,36841,74435,28116,26960,55076,17788,16057,33845,9344,9900,19244,4094,7154,11248,951,3197,4148,213990,216126,430116
2021-06-17,9526,8894,18420,20326,20703,41029,41676,43305,84981,44943,43478,88421,37720,36994,74714,28197,27037,55234,17844,16118,33962,9381,9939,19320,4109,7181,11290,953,3205,4158,214675,216854,431529
2021-06-18,9562,8935,18497,20393,20774,41167,41781,43427,85208,45075,43601,88676,37821,37103,74924,28274,27112,55386,17884,16162,34046,9407,9973,19380,4112,7199,11311,956,3209,4165,215265,217495,432760
2021-06-19,9597,8967,18564,20442,20828,41270,41847,43497,85344,45172,43698,88870,37895,37191,75086,28334,27166,55500,17913,16195,34108,9431,10002,19433,4118,7210,11328,957,3210,4167,215706,217964,433670
2021-06-20,9616,8983,18599,20490,20874,41364,41907,43573,85480,45262,43781,89043,37970,37268,75238,28392,27213,55605,17933,16218,34151,9441,10014,19455,4124,7218,11342,960,3212,4172,216095,218354,434449
2021-06-21,9649,9015,18664,20552,20929,41481,41996,43660,85656,45370,43925,89295,38072,37360,75432,28444,27281,55725,17971,16251,34222,9461,10033,19494,4130,7229,11359,961,3217,4178,216606,218900,435506
2021-06-22,9699,9069,18768,20645,21019,41664,42117,43818,85935,45545,44117,89662,38229,37522,75751,28534,27363,55897,18031,16307,34338,9491,10063,19554,4142,7242,11384,961,3221,4182,217394,219741,437135
2021-06-23,9748,9109,18857,20725,21101,41826,42251,43935,86186,45671,44258,89929,38368,37645,76013,28617,27438,56055,18086,16344,34430,9517,10087,19604,4150,7250,11400,961,3224,4185,218094,220391,438485
2021-06-24,9794,9144,18938,20800,21183,41983,42375,44078,86453,45840,44427,90267,38496,37785,76281,28707,27535,56242,18129,16392,34521,9542,10128,19670,4158,7265,11423,966,3228,4194,218807,221165,439972
2021-06-25,9842,9193,19035,20904,21269,42173,42491,44249,86740,46001,44589,90590,38619,37923,76542,28794,27616,56410,18181,16458,34639,9563,10167,19730,4165,7285,11450,968,3234,4202,219528,221983,441511
2021-06-26,9874,9227,19101,20969,21329,42298,42570,44348,86918,46115,44680,90795,38716,38015,76731,28852,27689,56541,18214,16484,34698,9584,10185,19769,4171,7298,11469,969,3241,4210,220034,222496,442530
2021-06-27,9901,9256,19157,21015,21384,42399,42645,44427,87072,46202,44770,90972,38801,38099,76900,28892,27730,56622,18245,16513,34758,9595,10202,19797,4173,7306,11479,970,3244,4214,220439,222931,443370
2021-06-28,9945,9305,19250,21081,21458,42539,42754,44535,87289,46327,44915,91242,38921,38219,77140,28946,27794,56740,18299,16548,34847,9618,10223,19841,4180,7319,11499,970,3250,4220,221041,223566,444607
2021-06-29,9977,9349,19326,21154,21521,42675,42845,44636,87481,46457,45033,91490,39016,38339,77355,29006,27852,56858,18335,16594,34929,9642,10249,19891,4188,7333,11521,972,3256,4228,221592,224162,445754
2021-06-30,10011,9391,19402,21242,21591,42833,42939,44749,87688,46581,45150,91731,39102,38453,77555,29069,27909,56978,18365,16631,34996,9665,10282,19947,4196,7344,11540,974,3258,4232,222144,224758,446902
2021-07-01,10042,9415,19457,21318,21661,42979,43048,44873,87921,46698,45266,91964,39195,38547,77742,29137,27989,57126,18404,16673,35077,9687,10302,19989,4202,7354,11556,974,3261,4235,222705,225341,448046
2021-07-02,10083,9451,19534,21395,21732,43127,43133,44968,88101,46815,45392,92207,39307,38645,77952,29200,28047,57247,18435,16710,35145,9707,10328,20035,4207,7362,11569,974,3265,4239,223256,225900,449156
2021-07-03,10113,9474,19587,21444,21778,43222,43200,45051,88251,46893,45472,92365,39395,38707,78102,29242,28096,57338,18466,16741,35207,9718,10341,20059,4212,7368,11580,974,3268,4242,223657,226296,449953
2021-07-04,10137,9486,19623,21471,21822,43293,43279,45099,88378,46974,45532,92506,39457,38765,78222,29282,28142,57424,18489,16762,35251,9736,10355,20091,4217,7373,11590,974,3272,4246,224016,226608,450624
2021-07-05,10180,9515,19695,21538,21896,43434,43382,45195,88577,47121,45647,92768,39564,38871,78435,29341,28208,57549,18532,16804,35336,9763,10382,20145,4225,7382,11607,977,3274,4251,224623,227174,451797
2021-07-06,10218,9552,19770,21606,21945,43551,43481,45300,88781,47242,45748,92990,39663,38976,78639,29396,28244,57640,18567,16842,35409,9791,10403,20194,4233,7392,11625,981,3275,4256,225178,227677,452855
2021-07-07,10256,9585,19841,21668,22011,43679,43586,45394,88980,47354,45854,93208,39747,39064,78811,29447,28290,57737,18592,16865,35457,9810,10427,20237,4247,7397,11644,982,3275,4257,225689,228162,453851
2021-07-08,10293,9617,19910,21743,22079,43822,43702,45512,89214,47477,45993,93470,39854,39154,79008,29496,28370,57866,18628,16895,35523,9827,10445,20272,4250,7404,11654,984,3278,4262,226254,228747,455001
2021-07-09,10322,9635,19957,21805,22131,43936,43783,45598,89381,47559,46073,93632,39924,39234,79158,29531,28418,57949,18648,16916,35564,9841,10459,20300,4252,7408,11660,985,3279,4264,226650,229151,455801
2021-07-10,10348,9655,20003,21847,22179,44026,43860,45685,89545,47629,46153,93782,40005,39315,79320,29578,28472,58050,18673,16947,35620,9866,10485,20351,4255,7418,11673,987,3281,4268,227048,229590,456638
2021-07-11,10364,9680,20044,21896,22223,44119,43915,45759,89674,47711,46234,93945,40068,39381,79449,29615,28504,58119,18697,16969,35666,9877,10498,20375,4258,7422,11680,987,3281,4268,227388,229951,457339
2021-07-12,10399,9713,20112,21956,22284,44240,44021,45869,89890,47830,46349,94179,40164,39480,79644,29682,28570,58252,18737,17001,35738,9909,10523,20432,4264,7431,11695,987,3283,4270,227949,230503,458452
2021-07-13,10430,9751,20181,22020,22339,44359,44120,45968,90088,47909,46443,94352,40241,39567,79808,29734,28608,58342,18769,17026,35795,9927,10542,20469,4272,7443,11715,988,3290,4278,228410,230977,459387
2021-07-14,10462,9773,20235,22085,22395,44480,44227,46079,90306,47998,46545,94543,40308,39651,79959,29785,28663,58448,18798,17056,35854,9949,10558,20507,4273,7452,11725,988,3295,4283,228873,231467,460340
2021-07-15,10488,9793,20281,22155,22460,44615,44342,46193,90535,48101,46634,94735,40390,39733,80123,29828,28711,58539,18826,17089,35915,9962,10578,20540,4277,7455,11732,989,3297,4286,229358,231943,461301
2021-07-16,10524,9813,20337,22215,22517,44732,44436,46293,90729,48197,46743,94940,40455,39814,80269,29861,28764,58625,18858,17125,35983,9984,10608,20592,4279,7469,11748,990,3298,4288,229799,232444,462243
2021-07-17,10555,9829,20384,22262,22564,44826,44521,46361,90882,48268,46812,95080,40500,39883,80383,29902,28800,58702,18876,17143,36019,9996,10625,20621,4285,7470,11755,991,3299,4290,230156,232786,462942
2021-07-18,10565,9842,20407,22296,22602,44898,44578,46417,90995,48314,46872,95186,40548,39925,80473,29919,28827,58746,18893,17156,36049,10004,10635,20639,4294,7476,11770,991,3299,4290,230402,233051,463453
2021-07-19,10581,9867,20448,22351,22653,45004,44667,46518,91185,48410,46960,95370,40625,40002,80627,29964,28875,58839,18917,17180,36097,10015,10654,20669,4298,7482,11780,993,3302,4295,230821,233493,464314
2021-07-20,10603,9897,20500,22397,22690,45087,44734,46609,91343,48484,47041,95525,40696,40062,80758,30002,28913,58915,18941,17198,36139,10027,10664,20691,4302,7488,11790,993,3303,4296,231179,233865,465044
2021-07-21,10630,9913,20543,22443,22753,45196,44815,46690,91505,48557,47110,95667,40740,40142,80882,30049,28958,59007,18964,17220,36184,10037,10679,20716,4305,7491,11796,995,3303,4298,231535,234259,465794
2021-07-22,10646,9930,20576,22500,22806,45306,44899,46765,91664,48637,47201,95838,40803,40197,81000,30084,29006,59090,19010,17240,36250,10054,10690,20744,4308,7498,11806,997,3303,4300,231938,234636,466574
2021-07-23,10662,9948,20610,22560,22866,45426,44995,46858,91853,48716,47275,95991,40865,40267,81132,30123,29040,59163,19040,17270,36310,10064,10709,20773,4310,7506,11816,998,3304,4302,232333,235043,467376
2021-07-24,10675,9957,20632,22603,22913,45516,45059,46911,91970,48774,47336,96110,40913,40323,81236,30150,29076,59226,19065,17287,36352,10075,10716,20791,4312,7509,11821,998,3305,4303,232624,235333,467957
2021-07-25,10684,9968,20652,22637,22952,45589,45110,46970,92080,48834,47388,96222,40955,40365,81320,30175,29102,59277,19086,17295,36381,10087,10727,20814,4314,7515,11829,998,3308,4306,232880,235590,468470
2021-07-26,10706,9985,20691,22693,23006,45699,45213,47082,92295,48929,47470,96399,41015,40438,81453,30218,29149,59367,19114,17322,36436,10107,10747,20854,4319,7525,11844,998,3309,4307,233312,236033,469345
2021-07-27,10727,9997,20724,22735,23058,45793,45291,47177,92468,49014,47551,96565,41076,40493,81569,30256,29189,59445,19137,17340,36477,10117,10760,20877,4320,7529,11849,999,3310,4309,233672,236404,470076
2021-07-28,10740,10014,20754,22784,23106,45890,45345,47253,92598,49076,47621,96697,41121,40548,81669,30283,29219,59502,19153,17363,36516,10126,10771,20897,4322,7531,11853,999,3312,4311,233949,236738,470687
2021-07-29,10767,10026,20793,22832,23146,45978,45430,47322,92752,49136,47695,96831,41162,40605,81767,30314,29256,59570,19174,17385,36559,10133,10780,20913,4326,7539,11865,1001,3314,4315,234275,237068,471343
2021-07-30,10793,10044,20837,22885,23207,46092,45498,47398,92896,49190,47769,96959,41223,40668,81891,30355,29291,59646,19201,17415,36616,10142,10795,20937,4329,7551,11880,1003,3316,4319,234619,237454,472073
2021-07-31,10807,10067,20874,22919,23249,46168,45549,47451,93000,49227,47837,97064,41267,40710,81977,30392,29328,59720,19214,17428,36642,10158,10803,20961,4330,7554,11884,1003,3317,4320,234866,237744,472610
2021-08-01,10824,10080,20904,22950,23287,46237,45589,47495,93084,49276,47890,97166,41317,40765,82082,30423,29365,59788,19236,17443,36679,10166,10813,20979,4334,7559,11893,1004,3317,4321,235119,238014,473133
2021-08-02,10851,10105,20956,23027,23372,46399,45664,47581,93245,49339,47956,97295,41381,40845,82226,30483,29416,59899,19264,17470,36734,10178,10836,21014,4336,7565,11901,1005,3320,4325,235528,238466,473994
2021-08-03,10869,10120,20989,23086,23451,46537,45753,47643,93396,49409,48020,97429,41453,40912,82365,30521,29451,59972,19288,17493,36781,10193,10856,21049,4340,7569,11909,1006,3322,4328,235918,238837,474755
2021-08-04,10895,10131,21026,23130,23494,46624,45840,47715,93555,49468,48095,97563,41493,40967,82460,30560,29492,60052,19302,17514,36816,10210,10868,21078,4346,7571,11917,1008,3323,4331,236252,239170,475422
2021-08-05,10914,10145,21059,23193,23573,46766,45917,47797,93714,49542,48163,97705,41546,41021,82567,30606,29532,60138,19324,17534,36858,10219,10886,21105,4351,7578,11929,1011,3328,4339,236623,239557,476180
2021-08-06,10929,10172,21101,23253,23651,46904,45981,47884,93865,49614,48220,97834,41606,41089,82695,30648,29581,60229,19352,17557,36909,10237,10901,21138,4354,7583,11937,1011,3328,4339,236985,239966,476951
2021-08-07,10944,10187,21131,23286,23684,46970,46020,47945,93965,49654,48264,97918,41642,41132,82774,30678,29606,60284,19362,17578,36940,10244,10909,21153,4354,7586,11940,1012,3328,4340,237196,240219,477415
2021-08-08,10955,10210,21165,23314,23719,47033,46062,47986,94048,49694,48310,98004,41682,41170,82852,30700,29633,60333,19375,17594,36969,10248,10918,21166,4354,7587,11941,1012,3328,4340,237396,240455,477851
2021-08-09,10968,10237,21205,23361,23769,47130,46120,48045,94165,49751,48357,98108,41720,41209,82929,30742,29664,60406,19395,17611,37006,10257,10933,21190,4357,7590,11947,1012,3328,4340,237683,240743,478426
2021-08-10,10998,10257,21255,23409,23833,47242,46176,48099,94275,49796,48416,98212,41752,41251,83003,30777,29695,60472,19417,17641,37058,10267,10943,21210,4360,7592,11952,1012,3329,4341,237964,241056,479020
2021-08-11,11018,10278,21296,23457,23889,47346,46238,48164,94402,49839,48464,98303,41789,41294,83083,30801,29749,60550,19435,17659,37094,10280,10954,21234,4361,7598,11959,1012,3330,4342,238230,241379,479609
2021-08-12,11039,10298,21337,23510,23950,47460,46289,48209,94498,49887,48518,98405,41831,41326,83157,30823,29772,60595,19447,17681,37128,10288,10971,21259,4363,7606,11969,1012,3330,4342,238489,241661,480150
2021-08-13,11059,10328,21387,23561,24002,47563,46331,48246,94577,49932,48564,98496,41869,41369,83238,30846,29799,60645,19461,17695,37156,10292,10979,21271,4366,7614,11980,1013,3333,4346,238730,241929,480659
2021-08-14,11073,10340,21413,23596,24033,47629,46356,48279,94635,49974,48614,98588,41885,41395,83280,30871,29820,60691,19477,17702,37179,10302,10986,21288,4367,7616,11983,1013,3333,4346,238914,242118,481032
2021-08-15,11088,10349,21437,23617,24066,47683,46373,48312,94685,50005,48642,98647,41910,41417,83327,30897,29840,60737,19489,17707,37196,10312,10989,21301,4367,7617,11984,1014,3333,4347,239072,242272,481344
2021-08-16,11107,10359,21466,23651,24100,47751,46403,48351,94754,50032,48681,98713,41943,41453,83396,30916,29854,60770,19494,17720,37214,10314,10996,21310,4370,7619,11989,1014,3333,4347,239244,242466,481710
2021-08-17,11126,10374,21500,23716,24148,47864,46453,48398,94851,50076,48724,98800,42000,41500,83500,30933,29872,60805,19510,17735,37245,10322,11007,21329,4374,7625,11999,1014,3334,4348,239524,242717,482241
2021-08-18,11151,10395,21546,23774,24186,47960,46505,48438,94943,50124,48776,98900,42029,41541,83570,30964,29900,60864,19529,17753,37282,10328,11016,21344,4375,7629,12004,1014,3334,4348,239793,242968,482761
2021-08-19,11172,10409,21581,23829,24231,48060,46549,48472,95021,50162,48814,98976,42058,41582,83640,30978,29924,60902,19548,17766,37314,10333,11021,21354,4376,7633,12009,1014,3334,4348,240019,243186,483205
2021-08-20,11201,10430,21631,23872,24286,48158,46584,48508,95092,50197,48860,99057,42088,41635,83723,31002,29945,60947,19565,17787,37352,10344,11034,21378,4379,7642,12021,1015,3335,4350,240247,243462,483709
2021-08-21,11208,10439,21647,23903,24313,48216,46610,48541,95151,50220,48889,99109,42114,41670,83784,31018,29965,60983,19569,17791,37360,10348,11041,21389,4380,7644,12024,1015,3336,4351,240385,243629,484014
2021-08-22,11224,10457,21681,23924,24339,48263,46638,48564,95202,50241,48912,99153,42137,41697,83834,31030,29983,61013,19577,17796,37373,10354,11046,21400,4382,7647,12029,1015,3339,4354,240522,243780,484302
2021-08-23,11241,10473,21714,23956,24369,48325,46668,48595,95263,50282,48946,99228,42163,41729,83892,31048,29998,61046,19587,17810,37397,10364,11048,21412,4383,7649,12032,1017,3339,4356,240709,243956,484665
2021-08-24,11256,10490,21746,23995,24401,48396,46695,48626,95321,50313,48988,99301,42188,41756,83944,31065,30019,61084,19594,17817,37411,10373,11056,21429,4387,7652,12039,1017,3341,4358,240883,244146,485029
2021-08-25,11269,10505,21774,24034,24426,48460,46730,48649,95379,50338,49016,99354,42213,41800,84013,31080,30044,61124,19601,17824,37425,10376,11064,21440,4388,7656,12044,1018,3341,4359,241047,244325,485372
2021-08-26,11286,10527,21813,24072,24455,48527,46757,48694,95451,50363,49048,99411,42240,41823,84063,31094,30057,61151,19617,17827,37444,10382,11067,21449,4390,7661,12051,1019,3342,4361,241220,244501,485721
2021-08-27,11302,10542,21844,24113,24492,48605,46791,48725,95516,50385,49073,99458,42263,41852,84115,31109,30072,61181,19624,17834,37458,10383,11074,21457,4390,7671,12061,1020,3344,4364,241380,244679,486059
2021-08-28,11313,10551,21864,24135,24514,48649,46812,48751,95563,50400,49092,99492,42281,41870,84151,31126,30088,61214,19634,17839,37473,10389,11074,21463,4391,7671,12062,1020,3344,4364,241501,244794,486295
2021-08-29,11320,10565,21885,24167,24541,48708,46833,48771,95604,50427,49111,99538,42297,41887,84184,31135,30099,61234,19635,17845,37480,10390,11079,21469,4391,7671,12062,1020,3344,4364,241615,244913,486528
2021-08-30,11332,10580,21912,24197,24586,48783,46865,48802,95667,50452,49136,99588,42317,41923,84240,31146,30112,61258,19640,17856,37496,10395,11082,21477,4391,7673,12064,1020,3347,4367,241755,245097,486852
2021-08-31,11343,10589,21932,24237,24613,48850,46886,48833,95719,50487,49155,99642,42342,41956,84298,31158,30130,61288,19653,17863,37516,10399,11091,21490,4395,7676,12071,1020,3349,4369,241920,245255,487175
2021-09-01,11356,10606,21962,24276,24641,48917,46908,48862,95770,50512,49183,99695,42361,41988,84349,31171,30147,61318,19654,17874,37528,10405,11096,21501,4395,7679,12074,1020,3351,4371,242058,245427,487485
2021-09-02,11365,10621,21986,24299,24677,48976,46933,48889,95822,50538,49207,99745,42383,42013,84396,31186,30159,61345,19659,17879,37538,10407,11101,21508,4396,7683,12079,1020,3351,4371,242186,245580,487766
2021-09-03,11379,10640,22019,24335,24707,49042,46957,48909,95866,50555,49234,99789,42404,42044,84448,31202,30177,61379,19672,17888,37560,10414,11109,21523,4397,7686,12083,1020,3354,4374,242335,245748,488083
2021-09-04,11385,10649,22034,24348,24719,49067,46966,48923,95889,50570,49245,99815,42410,42060,84470,31205,30189,61394,19675,17890,37565,10416,11113,21529,4398,7691,12089,1020,3354,4374,242393,245833,488226
2021-09-05,11400,10664,22064,24370,24731,49101,46974,48933,95907,50586,49258,99844,42429,42071,84500,31211,30196,61407,19679,17892,37571,10417,11116,21533,4400,7692,12092,1020,3354,4374,242486,245907,488393
2021-09-06,11418,10676,22094,24394,24751,49145,46992,48952,95944,50610,49281,99891,42457,42090,84547,31220,30211,61431,19686,17898,37584,10422,11118,21540,4400,7693,12093,1020,3354,4374,242619,246024,488643
2021-09-07,11429,10689,22118,24412,24772,49184,47004,48973,95977,50630,49306,99936,42476,42103,84579,31228,30220,61448,19695,17902,37597,10423,11121,21544,4402,7695,12097,1020,3354,4374,242719,246135,488854
2021-09-08,11446,10703,22149,24434,24792,49226,47015,48989,96004,50646,49324,99970,42493,42121,84614,31237,30223,61460,19700,17904,37604,10426,11126,21552,4402,7696,12098,1020,3355,4375,242819,246233,489052
2021-09-09,11458,10713,22171,24452,24808,49260,47028,49007,96035,50665,49343,100008,42508,42139,84647,31252,30237,61489,19704,17906,37610,10428,11131,21559,4403,7697,12100,1020,3355,4375,242918,246336,489254
2021-09-10,11478,10728,22206,24470,24830,49300,47040,49019,96059,50696,49369,100065,42531,42158,84689,31263,30250,61513,19709,17910,37619,10430,11133,21563,4404,7698,12102,1020,3355,4375,243041,246450,489491
2021-09-11,11486,10735,22221,24484,24841,49325,47054,49027,96081,50709,49386,100095,42544,42176,84720,31270,30257,61527,19715,17914,37629,10430,11134,21564,4404,7698,12102,1020,3355,4375,243116,246523,489639
2021-09-12,11494,10749,22243,24496,24858,49354,47062,49039,96101,50720,49397,100117,42554,42187,84741,31273,30266,61539,19719,17916,37635,10430,11135,21565,4407,7699,12106,1020,3355,4375,243175,246601,489776
2021-09-13,11517,10765,22282,24521,24874,49395,47076,49054,96130,50737,49414,100151,42569,42206,84775,31280,30276,61556,19723,17925,37648,10433,11138,21571,4408,7703,12111,1020,3356,4376,243284,246711,489995
2021-09-14,11532,10778,22310,24536,24895,49431,47086,49067,96153,50751,49431,100182,42584,42222,84806,31289,30288,61577,19726,17927,37653,10439,11145,21584,4408,7703,12111,1020,3356,4376,243371,246812,490183
2021-09-15,11542,10795,22337,24555,24915,49470,47098,49071,96169,50768,49445,100213,42598,42243,84841,31295,30297,61592,19731,17932,37663,10443,11152,21595,4408,7703,12111,1020,3356,4376,243458,246909,490367
2021-09-16,11557,10810,22367,24577,24937,49514,47110,49081,96191,50782,49458,100240,42607,42259,84866,31301,30304,61605,19736,17936,37672,10446,11156,21602,4410,7703,12113,1020,3356,4376,243546,247000,490546
2021-09-17,11569,10825,22394,24587,24951,49538,47123,49093,96216,50796,49477,100273,42624,42275,84899,31311,30317,61628,19738,17943,37681,10451,11160,21611,4411,7703,12114,1020,3356,4376,243630,247100,490730
2021-09-18,11581,10832,22413,24595,24959,49554,47129,49099,96228,50802,49487,100289,42632,42286,84918,31317,30320,61637,19741,17944,37685,10451,11162,21613,4412,7703,12115,1020,3357,4377,243680,247149,490829
2021-09-19,11595,10838,22433,24600,24967,49567,47133,49107,96240,50809,49492,100301,42641,42298,84939,31320,30325,61645,19743,17946,37689,10454,11163,21617,4412,7704,12116,1020,3357,4377,243727,247197,490924
2021-09-20,11603,10847,22450,24619,24974,49593,47140,49114,96254,50816,49504,100320,42651,42309,84960,31326,30334,61660,19750,17951,37701,10454,11163,21617,4413,7705,12118,1020,3357,4377,243792,247258,491050
2021-09-21,11611,10856,22467,24636,24986,49622,47147,49122,96269,50835,49518,100353,42664,42319,84983,31332,30340,61672,19754,17953,37707,10458,11165,21623,4413,7707,12120,1020,3357,4377,243870,247323,491193
2021-09-22,11622,10862,22484,24648,24996,49644,47157,49127,96284,50849,49530,100379,42676,42334,85010,31334,30347,61681,19758,17954,37712,10460,11167,21627,4413,7708,12121,1020,3357,4377,243937,247382,491319
2021-09-23,11628,10866,22494,24659,25008,49667,47165,49138,96303,50862,49550,100412,42684,42342,85026,31345,30353,61698,19765,17961,37726,10460,11172,21632,4414,7711,12125,1020,3357,4377,244002,247458,491460
2021-09-24,11640,10874,22514,24672,25018,49690,47173,49147,96320,50879,49568,100447,42698,42354,85052,31355,30364,61719,19769,17963,37732,10461,11177,21638,4416,7712,12128,1021,3357,4378,244084,247534,491618
2021-09-25,11647,10881,22528,24683,25030,49713,47178,49154,96332,50885,49573,100458,42702,42368,85070,31359,30370,61729,19770,17966,37736,10464,11179,21643,4417,7712,12129,1021,3357,4378,244126,247590,491716
2021-09-26,11656,10885,22541,24691,25037,49728,47182,49161,96343,50889,49580,100469,42708,42379,85087,31362,30374,61736,19771,17966,37737,10464,11181,21645,4417,7712,12129,1021,3358,4379,244161,247633,491794
2021-09-27,11661,10889,22550,24703,25056,49759,47189,49173,96362,50907,49594,100501,42715,42386,85101,31367,30378,61745,19773,17973,37746,10464,11181,21645,4417,7713,12130,1021,3358,4379,244217,247701,491918
2021-09-28,11672,10895,22567,24716,25065,49781,47193,49183,96376,50916,49608,100524,42722,42396,85118,31372,30381,61753,19777,17975,37752,10465,11181,21646,4417,7715,12132,1021,3358,4379,244271,247757,492028
2021-09-29,11673,10899,22572,24726,25080,49806,47201,49191,96392,50927,49621,100548,42729,42410,85139,31377,30386,61763,19780,17977,37757,10467,11182,21649,4418,7716,12134,1021,3358,4379,244319,247820,492139
2021-09-30,11675,10902,22577,24738,25087,49825,47209,49200,96409,50934,49633,100567,42737,42416,85153,31382,30387,61769,19782,17979,37761,10469,11183,21652,4418,7717,12135,1021,3358,4379,244365,247862,492227
2021-10-01,11682,10908,22590,24749,25102,49851,47220,49209,96429,50943,49646,100589,42747,42431,85178,31386,30396,61782,19785,17986,37771,10471,11187,21658,4418,7718,12136,1021,3358,4379,244422,247941,492363
2021-10-02,11689,10911,22600,24755,25107,49862,47223,49219,96442,50949,49657,100606,42752,42442,85194,31390,30398,61788,19786,17988,37774,10472,11190,21662,4418,7719,12137,1021,3358,4379,244455,247989,492444
2021-10-03,11690,10912,22602,24756,25114,49870,47232,49224,96456,50959,49671,100630,42755,42450,85205,31393,30400,61793,19787,17989,37776,10472,11190,21662,4418,7719,12137,1021,3358,4379,244483,248027,492510
2021-10-04,11695,10916,22611,24765,25123,49888,47238,49234,96472,50968,49684,100652,42768,42459,85227,31396,30406,61802,19791,17990,37781,10473,11192,21665,4418,7721,12139,1021,3358,4379,244533,248083,492616
2021-10-05,11699,10918,22617,24782,25139,49921,47245,49245,96490,50982,49695,100677,42775,42474,85249,31406,30412,61818,19796,17994,37790,10474,11194,21668,4418,7721,12139,1021,3358,4379,244598,248150,492748
2021-10-06,11704,10925,22629,24800,25165,49965,47253,49251,96504,50994,49713,100707,42788,42485,85273,31411,30418,61829,19800,17999,37799,10479,11198,21677,4418,7724,12142,1021,3358,4379,244668,248236,492904
2021-10-07,11711,10930,22641,24809,25172,49981,47264,49258,96522,51005,49723,100728,42794,42500,85294,31416,30427,61843,19805,18002,37807,10481,11200,21681,4418,7724,12142,1021,3358,4379,244724,248294,493018
2021-10-08,11716,10935,22651,24819,25180,49999,47275,49267,96542,51018,49725,100743,42797,42505,85302,31418,30428,61846,19805,18004,37809,10482,11201,21683,4419,7724,12143,1021,3358,4379,244770,248327,493097
2021-10-09,11718,10935,22653,24822,25183,50005,47279,49272,96551,51023,49730,100753,42805,42516,85321,31421,30433,61854,19808,18007,37815,10483,11202,21685,4419,7726,12145,1023,3358,4381,244801,248362,493163
2021-10-10,11731,10937,22668,24831,25189,50020,47284,49276,96560,51030,49742,100772,42813,42523,85336,31426,30441,61867,19811,18008,37819,10485,11205,21690,4419,7726,12145,1023,3359,4382,244853,248406,493259
2021-10-11,11736,10940,22676,24841,25202,50043,47294,49290,96584,51036,49748,100784,42817,42537,85354,31438,30445,61883,19814,18010,37824,10485,11205,21690,4419,7728,12147,1024,3359,4383,244904,248464,493368
2021-10-12,11746,10952,22698,24856,25218,50074,47306,49306,96612,51050,49775,100825,42834,42556,85390,31449,30452,61901,19818,18014,37832,10493,11207,21700,4421,7728,12149,1024,3359,4383,244997,248567,493564
2021-10-13,11752,10963,22715,24869,25235,50104,47323,49323,96646,51064,49794,100858,42852,42565,85417,31453,30459,61912,19823,18017,37840,10495,11210,21705,4421,7728,12149,1024,3359,4383,245076,248653,493729
2021-10-14,11759,10968,22727,24887,25250,50137,47342,49341,96683,51082,49819,100901,42869,42582,85451,31466,30466,61932,19833,18028,37861,10497,11220,21717,4421,7729,12150,1024,3359,4383,245180,248762,493942
2021-10-15,11764,10970,22734,24899,25259,50158,47349,49357,96706,51099,49844,100943,42881,42599,85480,31476,30472,61948,19834,18034,37868,10501,11222,21723,4421,7730,12151,1024,3359,4383,245248,248846,494094
2021-10-16,11769,10975,22744,24908,25269,50177,47362,49371,96733,51108,49861,100969,42890,42610,85500,31480,30477,61957,19835,18037,37872,10503,11222,21725,4423,7730,12153,1024,3359,4383,245302,248911,494213
2021-10-17,11774,10978,22752,24913,25275,50188,47369,49375,96744,51117,49869,100986,42899,42615,85514,31484,30479,61963,19837,18039,37876,10505,11222,21727,4424,7731,12155,1024,3359,4383,245346,248942,494288
2021-10-18,11783,10986,22769,24936,25288,50224,47377,49383,96760,51128,49884,101012,42909,42627,85536,31489,30486,61975,19840,18047,37887,10507,11222,21729,4425,7731,12156,1024,3359,4383,245418,249013,494431
2021-10-19,11790,10995,22785,24952,25311,50263,47394,49390,96784,51135,49894,101029,42918,42639,85557,31496,30494,61990,19845,18059,37904,10509,11225,21734,4426,7734,12160,1025,3359,4384,245490,249100,494590
2021-10-20,11797,11004,22801,24977,25345,50322,47413,49412,96825,51152,49922,101074,42928,42653,85581,31503,30503,62006,19851,18068,37919,10509,11228,21737,4426,7736,12162,1025,3359,4384,245581,249230,494811
2021-10-21,11804,11016,22820,25015,25387,50402,47425,49433,96858,51170,49951,101121,42946,42673,85619,31514,30515,62029,19856,18076,37932,10513,11232,21745,4428,7736,12164,1025,3359,4384,245696,249378,495074
2021-10-22,11817,11029,22846,25048,25420,50468,47433,49453,96886,51184,49967,101151,42960,42700,85660,31527,30524,62051,19861,18083,37944,10521,11236,21757,4428,7740,12168,1026,3360,4386,245805,249512,495317
2021-10-23,11829,11034,22863,25065,25434,50499,47448,49468,96916,51198,49979,101177,42969,42718,85687,31534,30529,62063,19861,18083,37944,10521,11236,21757,4428,7744,12172,1026,3360,4386,245879,249585,495464
2021-10-24,11838,11046,22884,25078,25441,50519,47457,49474,96931,51211,49983,101194,42981,42734,85715,31538,30535,62073,19864,18087,37951,10522,11240,21762,4428,7744,12172,1026,3360,4386,245943,249644,495587
2021-10-25,11851,11062,22913,25094,25465,50559,47469,49494,96963,51223,49995,101218,42993,42756,85749,31547,30545,62092,19868,18091,37959,10524,11245,21769,4430,7746,12176,1026,3362,4388,246025,249761,495786
2021-10-26,11871,11073,22944,25111,25483,50594,47483,49507,96990,51241,50012,101253,43005,42779,85784,31560,30553,62113,19874,18095,37969,10527,11247,21774,4431,7746,12177,1026,3362,4388,246129,249857,495986
2021-10-27,11879,11082,22961,25133,25502,50635,47508,49522,97030,51250,50036,101286,43024,42795,85819,31569,30561,62130,19876,18108,37984,10530,11253,21783,4432,7746,12178,1027,3362,4389,246228,249967,496195
2021-10-28,11901,11091,22992,25152,25516,50668,47526,49540,97066,51261,50050,101311,43033,42811,85844,31577,30573,62150,19882,18115,37997,10532,11255,21787,4433,7749,12182,1027,3364,4391,246324,250064,496388
2021-10-29,11914,11114,23028,25177,25536,50713,47541,49556,97097,51280,50066,101346,43042,42824,85866,31587,30581,62168,19884,18120,38004,10535,11257,21792,4433,7750,12183,1027,3364,4391,246420,250168,496588
2021-10-30,11923,11127,23050,25194,25548,50742,47551,49567,97118,51293,50079,101372,43052,42839,85891,31598,30590,62188,19887,18122,38009,10535,11260,21795,4434,7752,12186,1027,3364,4391,246494,250248,496742
2021-10-31,11929,11135,23064,25203,25558,50761,47563,49578,97141,51302,50088,101390,43067,42856,85923,31606,30597,62203,19889,18126,38015,10535,11260,21795,4434,7754,12188,1027,3365,4392,246555,250317,496872
2021-11-01,11939,11150,23089,25217,25574,50791,47573,49595,97168,51321,50106,101427,43079,42874,85953,31613,30601,62214,19893,18132,38025,10535,11264,21799,4435,7758,12193,1027,3365,4392,246632,250419,497051
2021-11-02,11958,11163,23121,25226,25591,50817,47586,49611,97197,51331,50118,101449,43090,42884,85974,31619,30609,62228,19897,18135,38032,10538,11269,21807,4436,7759,12195,1027,3365,4392,246708,250504,497212
2021-11-03,11970,11183,23153,25240,25603,50843,47601,49636,97237,51348,50149,101497,43109,42899,86008,31627,30617,62244,19899,18136,38035,10539,11272,21811,4436,7759,12195,1027,3366,4393,246796,250620,497416
2021-11-04,11986,11193,23179,25253,25619,50872,47626,49657,97283,51376,50171,101547,43124,42919,86043,31636,30625,62261,19904,18139,38043,10544,11278,21822,4436,7760,12196,1028,3366,4394,246913,250727,497640
2021-11-05,11998,11207,23205,25267,25639,50906,47640,49672,97312,51395,50185,101580,43135,42943,86078,31644,30627,62271,19908,18143,38051,10547,11280,21827,4436,7760,12196,1028,3366,4394,246998,250822,497820
2021-11-06,12014,11229,23243,25275,25649,50924,47658,49689,97347,51409,50207,101616,43151,42962,86113,31654,30638,62292,19913,18147,38060,10550,11281,21831,4438,7760,12198,1028,3366,4394,247090,250928,498018
2021-11-07,12021,11239,23260,25279,25660,50939,47670,49693,97363,51423,50224,101647,43165,42977,86142,31663,30645,62308,19915,18147,38062,10550,11282,21832,4439,7761,12200,1028,3366,4394,247153,250994,498147
2021-11-08,12036,11251,23287,25291,25675,50966,47686,49708,97394,51449,50245,101694,43181,43003,86184,31671,30655,62326,19921,18152,38073,10554,11287,21841,4439,7765,12204,1028,3366,4394,247256,251107,498363
2021-11-09,12057,11267,23324,25308,25689,50997,47697,49740,97437,51464,50271,101735,43197,43020,86217,31680,30669,62349,19928,18158,38086,10557,11291,21848,4440,7765,12205,1029,3366,4395,247357,251236,498593
2021-11-10,12083,11289,23372,25321,25701,51022,47722,49776,97498,51479,50297,101776,43219,43044,86263,31693,30681,62374,19932,18164,38096,10561,11293,21854,4441,7766,12207,1030,3367,4397,247481,251378,498859
2021-11-11,12098,11303,23401,25337,25715,51052,47743,49800,97543,51510,50321,101831,43240,43066,86306,31701,30688,62389,19934,18168,38102,10565,11301,21866,4441,7766,12207,1030,3367,4397,247599,251495,499094
2021-11-12,12116,11319,23435,25348,25732,51080,47760,49835,97595,51527,50343,101870,43269,43087,86356,31713,30701,62414,19942,18176,38118,10568,11307,21875,4441,7768,12209,1030,3369,4399,247714,251637,499351
2021-11-13,12129,11334,23463,25361,25744,51105,47773,49859,97632,51543,50361,101904,43288,43105,86393,31725,30709,62434,19943,18181,38124,10570,11310,21880,4441,7771,12212,1030,3369,4399,247803,251743,499546
2021-11-14,12142,11344,23486,25370,25752,51122,47785,49881,97666,51565,50376,101941,43304,43119,86423,31728,30716,62444,19948,18184,38132,10572,11311,21883,4442,7771,12213,1030,3369,4399,247886,251823,499709
2021-11-15,12155,11366,23521,25377,25767,51144,47807,49901,97708,51578,50407,101985,43323,43146,86469,31737,30730,62467,19955,18195,38150,10573,11313,21886,4443,7772,12215,1031,3369,4400,247979,251966,499945
2021-11-16,12174,11377,23551,25385,25776,51161,47825,49924,97749,51608,50432,102040,43338,43167,86505,31746,30742,62488,19962,18201,38163,10574,11316,21890,4446,7774,12220,1031,3372,4403,248089,252081,500170
2021-11-17,12187,11386,23573,25395,25788,51183,47850,49945,97795,51632,50463,102095,43360,43189,86549,31756,30753,62509,19971,18210,38181,10576,11318,21894,4447,7776,12223,1031,3372,4403,248205,252200,500405
2021-11-18,12198,11399,23597,25409,25796,51205,47873,49965,97838,51667,50489,102156,43379,43214,86593,31766,30759,62525,19980,18217,38197,10578,11320,21898,4448,7778,12226,1031,3372,4403,248329,252309,500638
2021-11-19,12212,11414,23626,25426,25808,51234,47898,49987,97885,51686,50512,102198,43396,43234,86630,31774,30766,62540,19986,18225,38211,10579,11330,21909,4448,7779,12227,1031,3373,4404,248436,252428,500864
2021-11-20,12219,11422,23641,25436,25819,51255,47915,50004,97919,51706,50547,102253,43419,43251,86670,31782,30772,62554,19992,18228,38220,10581,11332,21913,4449,7779,12228,1031,3374,4405,248530,252528,501058
2021-11-21,12228,11438,23666,25448,25832,51280,47930,50020,97950,51723,50564,102287,43438,43263,86701,31790,30783,62573,19999,18243,38242,10585,11334,21919,4449,7781,12230,1031,3374,4405,248621,252632,501253
2021-11-22,12239,11448,23687,25465,25844,51309,47939,50038,97977,51740,50598,102338,43452,43280,86732,31801,30797,62598,20006,18246,38252,10585,11337,21922,4450,7782,12232,1031,3375,4406,248708,252745,501453
2021-11-23,12255,11455,23710,25481,25869,51350,47971,50082,98053,51775,50629,102404,43478,43310,86788,31807,30820,62627,20017,18254,38271,10588,11343,21931,4450,7783,12233,1031,3375,4406,248853,252920,501773
2021-11-24,12275,11466,23741,25501,25885,51386,48008,50120,98128,51797,50664,102461,43508,43335,86843,31821,30830,62651,20029,18264,38293,10591,11347,21938,4451,7786,12237,1032,3375,4407,249013,253072,502085
2021-11-25,12286,11477,23763,25511,25896,51407,48035,50164,98199,51830,50713,102543,43534,43355,86889,31832,30837,62669,20033,18273,38306,10592,11354,21946,4454,7787,12241,1032,3375,4407,249139,253231,502370
2021-11-26,12300,11485,23785,25524,25910,51434,48075,50194,98269,51865,50760,102625,43549,43385,86934,31837,30848,62685,20042,18282,38324,10594,11359,21953,4455,7789,12244,1032,3375,4407,249273,253387,502660
2021-11-27,12308,11495,23803,25536,25921,51457,48107,50231,98338,51903,50785,102688,43565,43404,86969,31845,30854,62699,20048,18286,38334,10598,11364,21962,4455,7789,12244,1032,3376,4408,249397,253505,502902
2021-11-28,12320,11501,23821,25551,25936,51487,48128,50254,98382,51933,50806,102739,43584,43425,87009,31854,30862,62716,20052,18292,38344,10600,11369,21969,4455,7789,12244,1032,3376,4408,249509,253610,503119
2021-11-29,12329,11516,23845,25567,25962,51529,48162,50300,98462,51975,50853,102828,43611,43462,87073,31865,30878,62743,20069,18310,38379,10607,11378,21985,4455,7789,12244,1033,3376,4409,249673,253824,503497
2021-11-30,12342,11531,23873,25589,25988,51577,48190,50332,98522,52024,50899,102923,43647,43498,87145,31883,30895,62778,20083,18329,38412,10609,11380,21989,4459,7792,12251,1034,3378,4412,249860,254022,503882
2021-12-01,12354,11540,23894,25612,26007,51619,48232,50383,98615,52073,50954,103027,43676,43542,87218,31897,30914,62811,20087,18340,38427,10614,11387,22001,4459,7796,12255,1034,3380,4414,250038,254243,504281
2021-12-02,12366,11554,23920,25631,26032,51663,48270,50441,98711,52132,51008,103140,43712,43582,87294,31920,30929,62849,20100,18349,38449,10620,11395,22015,4460,7804,12264,1034,3385,4419,250245,254479,504724
2021-12-03,12378,11570,23948,25651,26054,51705,48313,50496,98809,52166,51053,103219,43734,43620,87354,31927,30948,62875,20111,18363,38474,10622,11399,22021,4462,7805,12267,1034,3386,4420,250398,254694,505092
2021-12-04,12386,11579,23965,25669,26079,51748,48349,50535,98884,52207,51093,103300,43761,43660,87421,31943,30967,62910,20117,18371,38488,10631,11407,22038,4464,7809,12273,1034,3387,4421,250561,254887,505448
2021-12-05,12394,11586,23980,25688,26096,51784,48382,50567,98949,52241,51136,103377,43786,43690,87476,31956,30986,62942,20125,18379,38504,10633,11411,22044,4465,7811,12276,1035,3387,4422,250705,255049,505754
2021-12-06,12411,11613,24024,25712,26135,51847,48439,50637,99076,52299,51191,103490,43831,43737,87568,31977,31003,62980,20137,18392,38529,10644,11418,22062,4467,7813,12280,1037,3388,4425,250954,255327,506281
2021-12-07,12424,11629,24053,25748,26177,51925,48494,50739,99233,52352,51256,103608,43875,43777,87652,31992,31026,63018,20146,18398,38544,10646,11424,22070,4472,7817,12289,1037,3388,4425,251186,255631,506817
2021-12-08,12432,11641,24073,25776,26202,51978,48552,50816,99368,52405,51303,103708,43905,43809,87714,32002,31046,63048,20155,18406,38561,10652,11431,22083,4473,7819,12292,1039,3389,4428,251391,255862,507253
2021-12-09,12456,11660,24116,25821,26246,52067,48630,50916,99546,52485,51394,103879,43952,43862,87814,32025,31066,63091,20169,18427,38596,10664,11445,22109,4479,7822,12301,1039,3391,4430,251720,256229,507949
2021-12-10,12474,11678,24152,25859,26283,52142,48712,51004,99716,52558,51470,104028,44003,43919,87922,32047,31084,63131,20177,18440,38617,10667,11451,22118,4482,7826,12308,1040,3394,4434,252019,256549,508568
2021-12-11,12485,11695,24180,25882,26313,52195,48785,51108,99893,52607,51527,104134,44048,43968,88016,32074,31102,63176,20190,18447,38637,10674,11456,22130,4484,7828,12312,1040,3395,4435,252269,256839,509108
2021-12-12,12502,11715,24217,25905,26336,52241,48851,51164,100015,52677,51587,104264,44092,44017,88109,32096,31122,63218,20199,18453,38652,10677,11462,22139,4485,7829,12314,1040,3395,4435,252524,257080,509604
2021-12-13,12518,11736,24254,25950,26382,52332,48980,51305,100285,52764,51678,104442,44148,44075,88223,32124,31148,63272,20215,18481,38696,10686,11473,22159,4492,7833,12325,1040,3396,4436,252917,257507,510424
2021-12-14,12533,11753,24286,25997,26441,52438,49141,51453,100594,52878,51788,104666,44203,44131,88334,32147,31183,63330,20231,18505,38736,10697,11484,22181,4494,7839,12333,1040,3399,4439,253361,257976,511337
2021-12-15,12551,11762,24313,26060,26498,52558,49290,51626,100916,52985,51890,104875,44289,44199,88488,32168,31226,63394,20245,18519,38764,10701,11486,22187,4497,7842,12339,1040,3402,4442,253826,258450,512276
2021-12-16,12576,11788,24364,26123,26576,52699,49489,51797,101286,53138,51993,105131,44376,44266,88642,32205,31267,63472,20260,18542,38802,10711,11493,22204,4501,7845,12346,1040,3404,4444,254419,258971,513390
2021-12-17,12602,11809,24411,26189,26654,52843,49650,51959,101609,53265,52120,105385,44450,44353,88803,32244,31315,63559,20278,18566,38844,10720,11503,22223,4503,7850,12353,1040,3404,4444,254941,259533,514474
2021-12-18,12621,11825,24446,26240,26706,52946,49786,52093,101879,53394,52231,105625,44520,44431,88951,32279,31357,63636,20294,18589,38883,10730,11514,22244,4508,7854,12362,1042,3408,4450,255414,260008,515422
2021-12-19,12648,11836,24484,26284,26763,53047,49922,52272,102194,53513,52349,105862,44593,44512,89105,32312,31403,63715,20313,18607,38920,10738,11521,22259,4511,7858,12369,1043,3408,4451,255877,260529,516406
2021-12-20,12687,11877,24564,26375,26872,53247,50153,52582,102735,53721,52540,106261,44710,44642,89352,32373,31466,63839,20345,18634,38979,10757,11539,22296,4519,7864,12383,1043,3410,4453,256683,261426,518109
2021-12-21,12708,11905,24613,26493,27024,53517,50519,53010,103529,53973,52811,106784,44846,44801,89647,32443,31546,63989,20380,18668,39048,10780,11561,22341,4523,7871,12394,1044,3413,4457,257709,262610,520319
2021-12-22,12748,11953,24701,26688,27235,53923,51035,53667,104702,54319,53211,107530,45045,44992,90037,32533,31642,64175,20410,18711,39121,10805,11581,22386,4529,7877,12406,1045,3417,4462,259157,264286,523443
2021-12-23,12799,12006,24805,26927,27466,54393,51595,54242,105837,54658,53529,108187,45225,45178,90403,32633,31751,64384,20447,18765,39212,10830,11612,22442,4534,7888,12422,1045,3425,4470,260693,265862,526555
2021-12-24,12835,12041,24876,27097,27676,54773,51939,54593,106532,54885,53759,108644,45366,45344,90710,32710,31825,64535,20490,18801,39291,10849,11621,22470,4539,7896,12435,1046,3426,4472,261756,266982,528738
2021-12-25,12858,12062,24920,27253,27869,55122,52127,54809,106936,55047,53920,108967,45465,45457,90922,32784,31883,64667,20523,18837,39360,10863,11637,22500,4542,7901,12443,1047,3428,4475,262509,267803,530312
2021-12-26,12913,12122,25035,27584,28292,55876,52619,55349,107968,55455,54294,109749,45723,45773,91496,32963,32054,65017,20606,18924,39530,10895,11656,22551,4547,7910,12457,1049,3429,4478,264354,269803,534157
2021-12-27,13030,12232,25262,28110,28940,57050,53481,56280,109761,56078,54927,111005,46142,46224,92366,33192,32395,65587,20725,19037,39762,10966,11711,22677,4566,7927,12493,1051,3430,4481,267341,273103,540444
2021-12-28,13151,12341,25492,28756,29748,58504,54582,57582,112164,56845,55751,112596,46628,46779,93407,33462,32775,66237,20876,19216,40092,11040,11792,22832,4581,7954,12535,1053,3435,4488,270974,277373,548347
2021-12-29,13287,12460,25747,29465,30604,60069,55844,58901,114745,57606,56583,114189,47114,47355,94469,33778,33177,66955,21035,19411,40446,11125,11899,23024,4606,7992,12598,1057,3440,4497,274917,281822,556739
2021-12-30,13429,12604,26033,30151,31409,61560,57024,60180,117204,58356,57465,115821,47636,47967,95603,34099,33588,67687,21194,19609,40803,11190,11999,23189,4622,8026,12648,1062,3444,4506,278763,286291,565054
2021-12-31,13524,12692,26216,30500,31795,62295,57596,60813,118409,58799,57948,116747,47978,48362,96340,34309,33873,68182,21306,19738,41044,11251,12067,23318,4642,8043,12685,1063,3445,4508,280968,288776,569744
2022-01-01,13586,12737,26323,30695,32026,62721,57965,61211,119176,59146,58294,117440,48238,48651,96889,34480,34041,68521,21392,19830,41222,11300,12113,23413,4658,8053,12711,1063,3447,4510,282523,290403,572926
2022-01-02,13732,12871,26603,31067,32506,63573,58774,62144,120918,59851,59030,118881,48794,49327,98121,34852,34481,69333,21608,20060,41668,11392,12228,23620,4679,8084,12763,1063,3449,4512,285812,294180,579992
2022-01-03,13933,13038,26971,31662,33223,64885,60198,63848,124046,60983,60238,121221,49523,50255,99778,35357,35073,70430,21883,20390,42273,11526,12355,23881,4713,8120,12833,1065,3455,4520,290843,299995,590838
2022-01-04,14005,13089,27094,31946,33585,65531,60932,64709,125641,61482,60874,122356,49866,50720,100586,35552,35335,70887,22013,20528,42541,11572,12413,23985,4726,8133,12859,1066,3458,4524,293160,302844,596004
2022-01-05,14011,13100,27111,31961,33604,65565,60970,64779,125749,61516,60934,122450,49893,50774,100667,35563,35354,70917,22026,20540,42566,11577,12420,23997,4727,8136,12863,1066,3459,4525,293310,303100,596410
