FECHA,SM,SF,S,CM,CF,C,CEM,CEF,CE,EM,EF,E,IM,IF,I,TotalM,TotalF,Total
2020-03-15,0,0,0,0,0,0,1,0,1,0,0,0,0,2,2,1,2,3
2020-03-16,0,0,0,0,0,0,2,1,3,0,0,0,5,2,7,7,3,10
2020-03-17,0,0,0,0,0,0,3,0,3,0,0,0,6,4,10,9,4,13
2020-03-18,0,1,1,1,1,2,1,0,1,0,0,0,3,3,6,5,5,10
2020-03-19,0,0,0,2,0,2,2,0,2,0,0,0,6,2,8,10,2,12
2020-03-20,0,0,0,2,0,2,1,1,2,0,0,0,7,2,9,10,3,13
2020-03-21,0,0,0,0,0,0,4,4,8,0,0,0,9,5,14,13,9,22
2020-03-22,0,0,0,3,0,3,2,1,3,2,0,2,10,3,13,17,4,21
2020-03-23,2,0,2,3,3,6,6,2,8,1,0,1,4,3,7,16,8,24
2020-03-24,1,0,1,5,3,8,2,2,4,0,0,0,10,2,12,18,7,25
2020-03-25,1,0,1,6,2,8,1,2,3,0,1,1,10,4,14,18,9,27
2020-03-26,0,0,0,1,2,3,4,4,8,0,0,0,7,5,12,12,11,23
2020-03-27,2,0,2,1,4,5,2,2,4,0,1,1,3,2,5,8,9,17
2020-03-28,1,2,3,3,3,6,2,1,3,0,1,1,2,0,2,8,7,15
2020-03-29,3,0,3,6,6,12,0,2,2,0,0,0,4,6,10,13,14,27
2020-03-30,3,1,4,11,7,18,1,0,1,0,0,0,2,3,5,17,11,28
2020-03-31,3,0,3,8,5,13,2,4,6,0,0,0,2,1,3,15,10,25
2020-04-01,0,2,2,8,8,16,1,1,2,1,0,1,3,3,6,13,14,27
2020-04-02,2,2,4,9,4,13,6,8,14,1,0,1,0,1,1,18,15,33
2020-04-03,3,4,7,4,5,9,1,4,5,0,0,0,1,0,1,9,13,22
2020-04-04,1,2,3,3,3,6,0,1,1,1,0,1,0,2,2,5,8,13
2020-04-05,1,3,4,4,3,7,1,2,3,0,0,0,1,1,2,7,9,16
2020-04-06,2,5,7,7,4,11,1,2,3,0,1,1,0,3,3,10,15,25
2020-04-07,1,3,4,7,2,9,2,2,4,0,0,0,1,1,2,11,8,19
2020-04-08,1,7,8,6,2,8,3,2,5,0,0,0,0,0,0,10,11,21
2020-04-09,0,2,2,3,1,4,3,0,3,0,0,0,1,0,1,7,3,10
2020-04-10,0,1,1,4,2,6,1,1,2,0,0,0,0,0,0,5,4,9
2020-04-11,1,1,2,2,1,3,1,1,2,0,0,0,0,1,1,4,4,8
2020-04-12,3,2,5,1,3,4,1,2,3,0,0,0,0,0,0,5,7,12
2020-04-13,3,4,7,4,3,7,2,3,5,0,1,1,0,0,0,9,11,20
2020-04-14,3,1,4,9,7,16,1,1,2,0,0,0,0,0,0,13,9,22
2020-04-15,3,1,4,1,4,5,0,1,1,0,0,0,0,0,0,4,6,10
2020-04-16,2,2,4,7,3,10,3,9,12,0,0,0,1,0,1,13,14,27
2020-04-17,4,4,8,2,9,11,2,2,4,0,0,0,0,0,0,8,15,23
2020-04-18,1,2,3,2,7,9,3,7,10,1,0,1,1,0,1,8,16,24
2020-04-19,1,4,5,5,6,11,3,5,8,0,0,0,0,0,0,9,15,24
2020-04-20,3,2,5,3,4,7,5,5,10,0,0,0,0,0,0,11,11,22
2020-04-21,0,4,4,5,15,20,4,9,13,0,0,0,0,1,1,9,29,38
2020-04-22,2,2,4,17,21,38,6,9,15,1,0,1,0,0,0,26,32,58
2020-04-23,3,2,5,15,11,26,15,15,30,1,0,1,0,0,0,34,28,62
2020-04-24,4,9,13,7,5,12,10,9,19,1,1,2,1,0,1,23,24,47
2020-04-25,0,3,3,9,10,19,2,3,5,1,0,1,0,0,0,12,16,28
2020-04-26,0,3,3,6,5,11,2,2,4,0,0,0,0,0,0,8,10,18
2020-04-27,4,6,10,12,21,33,12,6,18,0,0,0,0,1,1,28,34,62
2020-04-28,6,3,9,12,11,23,2,2,4,0,0,0,2,0,2,22,16,38
2020-04-29,1,2,3,12,12,24,4,5,9,1,0,1,0,0,0,18,19,37
2020-04-30,5,3,8,14,6,20,3,5,8,1,0,1,0,0,0,23,14,37
2020-05-01,2,0,2,10,15,25,10,6,16,2,1,3,0,0,0,24,22,46
2020-05-02,1,2,3,7,4,11,9,14,23,0,0,0,0,0,0,17,20,37
2020-05-03,1,1,2,9,7,16,8,10,18,0,2,2,0,0,0,18,20,38
2020-05-04,4,4,8,14,17,31,6,7,13,4,1,5,0,0,0,28,29,57
2020-05-05,1,6,7,32,34,66,15,29,44,6,5,11,0,1,1,54,75,129
2020-05-06,5,5,10,18,10,28,11,20,31,5,6,11,0,0,0,39,41,80
2020-05-07,2,4,6,20,17,37,23,26,49,6,6,12,0,0,0,51,53,104
2020-05-08,5,6,11,38,30,68,34,37,71,5,2,7,0,0,0,82,75,157
2020-05-09,8,4,12,16,16,32,28,20,48,2,7,9,0,0,0,54,47,101
2020-05-10,5,5,10,18,17,35,80,24,104,4,1,5,0,0,0,107,47,154
2020-05-11,1,4,5,34,34,68,14,21,35,8,2,10,0,0,0,57,61,118
2020-05-12,6,8,14,54,45,99,38,57,95,4,3,7,0,0,0,102,113,215
2020-05-13,2,7,9,52,35,87,33,38,71,2,3,5,0,0,0,89,83,172
2020-05-14,2,2,4,70,66,136,30,39,69,8,12,20,0,0,0,110,119,229
2020-05-15,6,6,12,40,36,76,45,51,96,2,8,10,0,0,0,93,101,194
2020-05-16,4,6,10,50,52,102,31,31,62,5,10,15,0,0,0,90,99,189
2020-05-17,3,10,13,60,37,97,46,37,83,8,4,12,0,0,0,117,88,205
2020-05-18,5,6,11,79,75,154,76,85,161,13,15,28,0,0,0,173,181,354
2020-05-19,7,10,17,84,76,160,73,72,145,5,5,10,0,0,0,169,163,332
2020-05-20,5,18,23,79,70,149,59,65,124,13,11,24,0,0,0,156,164,320
2020-05-21,8,14,22,79,69,148,82,70,152,17,10,27,0,0,0,186,163,349
2020-05-22,5,18,23,70,70,140,68,55,123,11,8,19,0,0,0,154,151,305
2020-05-23,7,8,15,58,58,116,77,89,166,9,10,19,0,0,0,151,165,316
2020-05-24,4,6,10,55,46,101,57,52,109,6,6,12,1,0,1,123,110,233
2020-05-25,7,16,23,44,59,103,67,63,130,14,9,23,0,0,0,132,147,279
2020-05-26,15,14,29,73,69,142,87,103,190,16,11,27,0,0,0,191,197,388
2020-05-27,12,24,36,86,60,146,97,90,187,15,12,27,0,0,0,210,186,396
2020-05-28,13,21,34,99,101,200,94,93,187,11,18,29,0,0,0,217,233,450
2020-05-29,5,11,16,75,95,170,80,91,171,16,11,27,0,0,0,176,208,384
2020-05-30,3,8,11,52,63,115,65,63,128,11,9,20,0,1,1,131,144,275
2020-05-31,4,10,14,61,54,115,44,50,94,9,8,17,0,0,0,118,122,240
2020-06-01,12,10,22,81,78,159,64,76,140,26,18,44,0,0,0,183,182,365
2020-06-02,12,15,27,93,101,194,86,81,167,27,20,47,0,0,0,218,217,435
2020-06-03,9,15,24,102,98,200,66,70,136,24,21,45,0,0,0,201,204,405
2020-06-04,10,19,29,87,98,185,55,78,133,23,16,39,0,0,0,175,211,386
2020-06-05,7,16,23,99,106,205,100,68,168,24,20,44,0,0,0,230,210,440
2020-06-06,6,31,37,89,76,165,60,79,139,19,9,28,0,0,0,174,195,369
2020-06-07,4,5,9,61,62,123,71,84,155,7,8,15,0,0,0,143,159,302
2020-06-08,15,36,51,133,108,241,101,104,205,44,37,81,0,0,0,293,285,578
2020-06-09,14,15,29,117,125,242,104,109,213,44,35,79,0,0,0,279,284,563
2020-06-10,18,13,31,116,113,229,86,134,220,39,34,73,0,1,1,259,295,554
2020-06-11,24,21,45,142,131,273,110,108,218,39,21,60,0,0,0,315,281,596
2020-06-12,10,26,36,164,139,303,96,109,205,31,23,54,0,0,0,301,297,598
2020-06-13,6,18,24,97,92,189,106,124,230,20,22,42,0,0,0,229,256,485
2020-06-14,16,18,34,68,73,141,65,83,148,16,10,26,0,0,0,165,184,349
2020-06-15,8,18,26,92,75,167,92,77,169,27,12,39,0,0,0,219,182,401
2020-06-16,15,27,42,144,124,268,118,125,243,59,31,90,0,0,0,336,307,643
2020-06-17,14,34,48,205,169,374,146,150,296,53,37,90,0,0,0,418,390,808
2020-06-18,17,33,50,212,160,372,129,141,270,59,48,107,0,0,0,417,382,799
2020-06-19,29,35,64,192,171,363,124,155,279,44,28,72,0,0,0,389,389,778
2020-06-20,19,26,45,138,127,265,121,141,262,35,46,81,0,0,0,313,340,653
2020-06-21,18,19,37,111,98,209,97,100,197,37,27,64,0,0,0,263,244,507
2020-06-22,22,32,54,219,183,402,212,142,354,62,47,109,0,0,0,515,404,919
2020-06-23,28,34,62,201,159,360,149,167,316,46,39,85,0,0,0,424,399,823
2020-06-24,32,45,77,196,148,344,139,148,287,50,37,87,0,0,0,417,378,795
2020-06-25,20,36,56,176,168,344,149,166,315,53,34,87,0,0,0,398,404,802
2020-06-26,26,34,60,182,177,359,165,156,321,43,43,86,0,0,0,416,410,826
2020-06-27,20,21,41,133,150,283,130,125,255,35,25,60,0,0,0,318,321,639
2020-06-28,23,28,51,144,118,262,103,88,191,27,24,51,0,0,0,297,258,555
2020-06-29,28,39,67,208,163,371,140,149,289,45,32,77,0,0,0,421,383,804
2020-06-30,35,45,80,204,165,369,135,147,282,34,33,67,0,0,0,408,390,798
2020-07-01,27,40,67,212,169,381,128,132,260,39,25,64,0,0,0,406,366,772
2020-07-02,34,48,82,225,194,419,144,145,289,25,27,52,0,0,0,428,414,842
2020-07-03,43,42,85,242,200,442,141,142,283,36,40,76,0,0,0,462,424,886
2020-07-04,19,41,60,190,247,437,100,96,196,40,26,66,1,1,2,350,411,761
2020-07-05,26,34,60,149,164,313,110,100,210,29,24,53,0,0,0,314,322,636
2020-07-06,44,70,114,248,247,495,148,122,270,52,35,87,0,0,0,492,474,966
2020-07-07,32,46,78,235,214,449,143,131,274,57,32,89,0,1,1,467,424,891
2020-07-08,36,54,90,253,292,545,140,134,274,47,41,88,0,0,0,476,521,997
2020-07-09,17,37,54,211,216,427,124,103,227,48,46,94,0,0,0,400,402,802
2020-07-10,21,43,64,197,213,410,134,115,249,57,35,92,0,0,0,409,406,815
2020-07-11,24,27,51,186,177,363,101,115,216,50,49,99,0,0,0,361,368,729
2020-07-12,23,31,54,150,134,284,102,88,190,41,38,79,0,0,0,316,291,607
2020-07-13,32,69,101,305,318,623,163,110,273,40,35,75,0,0,0,540,532,1072
2020-07-14,48,48,96,262,243,505,135,153,288,48,37,85,0,0,0,493,481,974
2020-07-15,32,64,96,295,254,549,111,155,266,50,37,87,0,1,1,488,511,999
2020-07-16,38,57,95,290,298,588,147,142,289,59,48,107,0,0,0,534,545,1079
2020-07-17,31,60,91,300,310,610,116,128,244,36,29,65,0,0,0,483,527,1010
2020-07-18,32,51,83,295,288,583,85,84,169,35,25,60,0,0,0,447,448,895
2020-07-19,39,36,75,225,228,453,98,113,211,58,37,95,0,0,0,420,414,834
2020-07-20,50,69,119,323,307,630,135,135,270,74,59,133,0,0,0,582,570,1152
2020-07-21,53,80,133,313,319,632,159,171,330,82,58,140,0,0,0,607,628,1235
2020-07-22,48,59,107,325,260,585,143,147,290,80,62,142,0,0,0,596,528,1124
2020-07-23,31,59,90,274,260,534,139,130,269,73,60,133,1,0,1,518,509,1027
2020-07-24,36,75,111,316,287,603,154,128,282,61,46,107,0,0,0,567,536,1103
2020-07-25,48,47,95,241,190,431,91,112,203,33,27,60,0,0,0,413,376,789
2020-07-26,26,26,52,199,221,420,68,91,159,36,23,59,0,0,0,329,361,690
2020-07-27,30,60,90,355,344,699,94,85,179,41,24,65,0,0,0,520,513,1033
2020-07-28,44,53,97,368,330,698,85,96,181,51,35,86,0,0,0,548,514,1062
2020-07-29,28,57,85,285,276,561,131,118,249,58,62,120,1,0,1,503,513,1016
2020-07-30,30,50,80,289,316,605,125,112,237,64,55,119,0,0,0,508,533,1041
2020-07-31,40,57,97,270,270,540,124,132,256,66,45,111,2,0,2,502,504,1006
2020-08-01,35,48,83,253,236,489,120,130,250,46,55,101,0,0,0,454,469,923
2020-08-02,29,36,65,238,239,477,96,101,197,43,31,74,0,0,0,406,407,813
2020-08-03,45,57,102,382,398,780,163,156,319,82,78,160,0,0,0,672,689,1361
2020-08-04,37,70,107,351,397,748,165,143,308,91,72,163,1,0,1,645,682,1327
2020-08-05,35,49,84,423,475,898,134,88,222,83,67,150,0,0,0,675,679,1354
2020-08-06,28,55,83,308,304,612,128,124,252,72,62,134,0,0,0,536,545,1081
2020-08-07,24,54,78,303,281,584,110,117,227,63,62,125,0,0,0,500,514,1014
2020-08-08,23,44,67,216,285,501,87,90,177,47,31,78,0,0,0,373,450,823
2020-08-09,18,29,47,219,203,422,73,77,150,50,35,85,0,0,0,360,344,704
2020-08-10,32,53,85,328,351,679,113,133,246,58,51,109,0,0,0,531,588,1119
2020-08-11,26,50,76,320,299,619,102,87,189,63,57,120,0,0,0,511,493,1004
2020-08-12,29,60,89,289,258,547,110,102,212,62,56,118,0,0,0,490,476,966
2020-08-13,24,41,65,294,265,559,79,89,168,62,49,111,0,0,0,459,444,903
2020-08-14,29,45,74,287,245,532,95,112,207,47,46,93,0,0,0,458,448,906
2020-08-15,24,37,61,249,338,587,71,68,139,45,34,79,0,0,0,389,477,866
2020-08-16,18,28,46,192,169,361,67,59,126,54,19,73,0,0,0,331,275,606
2020-08-17,21,30,51,286,265,551,88,71,159,44,35,79,0,1,1,439,402,841
2020-08-18,38,59,97,331,344,675,103,85,188,92,66,158,1,0,1,565,554,1119
2020-08-19,41,53,94,357,374,731,95,94,189,98,52,150,0,0,0,591,573,1164
2020-08-20,31,30,61,332,310,642,112,86,198,62,46,108,0,0,0,537,472,1009
2020-08-21,35,51,86,321,301,622,101,98,199,62,57,119,0,0,0,519,507,1026
2020-08-22,20,38,58,247,264,511,100,76,176,58,36,94,0,0,0,425,414,839
2020-08-23,30,28,58,227,236,463,83,94,177,63,52,115,0,0,0,403,410,813
2020-08-24,31,53,84,394,334,728,108,122,230,88,70,158,0,0,0,621,579,1200
2020-08-25,33,52,85,442,427,869,92,97,189,71,71,142,0,0,0,638,647,1285
2020-08-26,49,36,85,487,436,923,88,89,177,70,64,134,0,0,0,694,625,1319
2020-08-27,29,49,78,448,464,912,99,120,219,59,54,113,0,0,0,635,687,1322
2020-08-28,27,37,64,377,379,756,99,103,202,73,69,142,0,0,0,576,588,1164
2020-08-29,16,43,59,281,291,572,91,78,169,50,47,97,0,0,0,438,459,897
2020-08-30,15,28,43,261,234,495,45,61,106,54,47,101,0,0,0,375,370,745
2020-08-31,34,50,84,435,475,910,79,70,149,66,45,111,0,0,0,614,640,1254
2020-09-01,25,28,53,448,438,886,67,74,141,58,52,110,0,0,0,598,592,1190
2020-09-02,17,30,47,335,309,644,68,58,126,46,60,106,0,0,0,466,457,923
2020-09-03,26,26,52,360,318,678,73,70,143,64,49,113,0,0,0,523,463,986
2020-09-04,24,55,79,353,335,688,60,62,122,43,56,99,0,0,0,480,508,988
2020-09-05,15,22,37,287,307,594,55,64,119,57,45,102,0,0,0,414,438,852
2020-09-06,14,29,43,218,201,419,55,41,96,39,35,74,1,0,1,327,306,633
2020-09-07,25,39,64,409,382,791,62,78,140,60,31,91,0,0,0,556,530,1086
2020-09-08,23,47,70,417,380,797,89,70,159,43,47,90,0,0,0,572,544,1116
2020-09-09,22,35,57,414,380,794,83,67,150,45,39,84,0,0,0,564,521,1085
2020-09-10,18,33,51,365,383,748,76,63,139,54,50,104,0,0,0,513,529,1042
2020-09-11,23,39,62,365,353,718,54,83,137,50,32,82,0,0,0,492,507,999
2020-09-12,19,26,45,234,289,523,43,44,87,28,33,61,0,0,0,324,392,716
2020-09-13,18,26,44,231,232,463,35,47,82,34,32,66,0,0,0,318,337,655
2020-09-14,25,29,54,311,327,638,66,53,119,59,42,101,0,0,0,461,451,912
2020-09-15,20,23,43,322,295,617,47,60,107,48,36,84,0,0,0,437,414,851
2020-09-16,26,18,44,321,361,682,40,35,75,42,30,72,0,0,0,429,444,873
2020-09-17,8,24,32,263,250,513,40,61,101,67,50,117,0,0,0,378,385,763
2020-09-18,17,27,44,307,325,632,41,52,93,43,28,71,0,0,0,408,432,840
2020-09-19,16,17,33,218,216,434,44,31,75,25,40,65,0,0,0,303,304,607
2020-09-20,1,21,22,164,165,329,31,33,64,25,23,48,0,0,0,221,242,463
2020-09-21,18,20,38,295,237,532,43,37,80,45,30,75,0,0,0,401,324,725
2020-09-22,18,21,39,310,300,610,37,36,73,41,38,79,0,0,0,406,395,801
2020-09-23,12,21,33,279,280,559,44,32,76,44,40,84,0,0,0,379,373,752
2020-09-24,18,31,49,311,295,606,47,53,100,51,24,75,0,0,0,427,403,830
2020-09-25,18,18,36,288,327,615,51,56,107,42,26,68,0,0,0,399,427,826
2020-09-26,6,14,20,187,199,386,34,43,77,42,29,71,0,0,0,269,285,554
2020-09-27,14,13,27,196,171,367,47,34,81,40,28,68,0,0,0,297,246,543
2020-09-28,8,27,35,315,293,608,49,40,89,43,46,89,0,0,0,415,406,821
2020-09-29,16,17,33,310,306,616,36,49,85,63,44,107,0,0,0,425,416,841
2020-09-30,12,20,32,280,287,567,43,46,89,74,40,114,0,0,0,409,393,802
2020-10-01,12,24,36,256,287,543,45,43,88,42,48,90,0,0,0,355,402,757
2020-10-02,10,26,36,285,303,588,38,42,80,36,37,73,0,0,0,369,408,777
2020-10-03,8,6,14,183,175,358,41,30,71,27,33,60,0,0,0,259,244,503
2020-10-04,10,10,20,152,162,314,23,30,53,21,15,36,0,0,0,206,217,423
2020-10-05,19,19,38,265,254,519,49,42,91,30,31,61,0,0,0,363,346,709
2020-10-06,14,22,36,292,282,574,51,46,97,51,37,88,0,0,0,408,387,795
2020-10-07,11,15,26,251,265,516,43,57,100,40,25,65,0,0,0,345,362,707
2020-10-08,13,20,33,241,287,528,38,57,95,36,31,67,0,0,0,328,395,723
2020-10-09,12,23,35,233,311,544,51,51,102,38,30,68,0,0,0,334,415,749
2020-10-10,10,16,26,195,190,385,33,37,70,22,24,46,0,0,0,260,267,527
2020-10-11,8,10,18,148,190,338,20,28,48,17,11,28,1,0,1,194,239,433
2020-10-12,10,8,18,197,210,407,52,39,91,23,12,35,0,0,0,282,269,551
2020-10-13,15,23,38,272,261,533,40,41,81,47,36,83,0,0,0,374,361,735
2020-10-14,9,17,26,268,270,538,31,28,59,41,35,76,0,0,0,349,350,699
2020-10-15,18,17,35,271,273,544,42,43,85,31,23,54,1,0,1,363,356,719
2020-10-16,8,24,32,249,268,517,36,48,84,30,30,60,0,0,0,323,370,693
2020-10-17,4,13,17,188,148,336,43,50,93,21,21,42,0,0,0,256,232,488
2020-10-18,2,6,8,127,139,266,21,21,42,17,14,31,0,0,0,167,180,347
2020-10-19,7,18,25,222,196,418,34,36,70,27,18,45,0,1,1,290,269,559
2020-10-20,6,13,19,221,219,440,25,30,55,33,18,51,0,0,0,285,280,565
2020-10-21,6,9,15,177,184,361,24,28,52,36,19,55,0,0,0,243,240,483
2020-10-22,10,10,20,162,140,302,32,29,61,24,23,47,1,0,1,229,202,431
2020-10-23,8,11,19,181,180,361,24,24,48,25,30,55,0,0,0,238,245,483
2020-10-24,5,5,10,130,132,262,31,28,59,27,14,41,0,0,0,193,179,372
2020-10-25,7,10,17,105,98,203,21,24,45,15,18,33,0,0,0,148,150,298
2020-10-26,13,11,24,162,156,318,31,18,49,18,27,45,0,0,0,224,212,436
2020-10-27,9,10,19,196,203,399,24,23,47,28,18,46,0,0,0,257,254,511
2020-10-28,10,3,13,173,152,325,25,29,54,21,17,38,0,0,0,229,201,430
2020-10-29,3,8,11,146,131,277,19,21,40,18,9,27,0,0,0,186,169,355
2020-10-30,6,13,19,111,108,219,19,12,31,12,10,22,0,0,0,148,143,291
2020-10-31,3,6,9,75,85,160,9,19,28,10,9,19,0,0,0,97,119,216
2020-11-01,5,3,8,104,94,198,25,19,44,17,9,26,0,0,0,151,125,276
2020-11-02,10,11,21,120,128,248,23,26,49,19,15,34,0,0,0,172,180,352
2020-11-03,8,14,22,133,120,253,18,7,25,8,13,21,0,0,0,167,154,321
2020-11-04,5,6,11,123,150,273,15,11,26,15,13,28,0,1,1,158,181,339
2020-11-05,6,7,13,177,166,343,20,24,44,22,22,44,0,0,0,225,219,444
2020-11-06,8,13,21,136,121,257,15,19,34,20,18,38,0,0,0,179,171,350
2020-11-07,4,7,11,107,111,218,12,12,24,15,14,29,0,0,0,138,144,282
2020-11-08,5,9,14,83,79,162,16,20,36,13,12,25,0,0,0,117,120,237
2020-11-09,5,15,20,156,141,297,20,20,40,22,27,49,0,0,0,203,203,406
2020-11-10,5,11,16,163,138,301,22,19,41,22,19,41,0,0,0,212,187,399
2020-11-11,4,18,22,150,131,281,27,25,52,24,14,38,0,0,0,205,188,393
2020-11-12,4,3,7,143,122,265,17,21,38,11,16,27,0,0,0,175,162,337
2020-11-13,3,12,15,147,111,258,16,23,39,20,19,39,0,0,0,186,165,351
2020-11-14,3,7,10,121,102,223,11,17,28,17,15,32,0,0,0,152,141,293
2020-11-15,5,5,10,80,94,174,12,11,23,10,7,17,0,0,0,107,117,224
2020-11-16,5,6,11,116,123,239,9,15,24,13,18,31,0,0,0,143,162,305
2020-11-17,3,9,12,134,143,277,24,24,48,21,15,36,0,0,0,182,191,373
2020-11-18,7,7,14,140,148,288,13,22,35,27,20,47,0,0,0,187,197,384
2020-11-19,6,10,16,116,114,230,7,14,21,13,9,22,0,0,0,142,147,289
2020-11-20,3,4,7,111,94,205,16,10,26,4,7,11,0,0,0,134,115,249
2020-11-21,7,4,11,102,124,226,8,14,22,5,9,14,0,0,0,122,151,273
2020-11-22,2,7,9,65,56,121,9,10,19,14,7,21,0,1,1,90,81,171
2020-11-23,2,3,5,73,63,136,13,8,21,11,16,27,0,0,0,99,90,189
2020-11-24,7,7,14,128,103,231,17,19,36,14,17,31,0,0,0,166,146,312
2020-11-25,3,9,12,153,144,297,22,16,38,22,17,39,0,0,0,200,186,386
2020-11-26,6,13,19,99,126,225,13,13,26,24,14,38,0,0,0,142,166,308
2020-11-27,12,4,16,135,99,234,16,14,30,12,10,22,0,0,0,175,127,302
2020-11-28,5,2,7,91,97,188,7,14,21,11,14,25,0,0,0,114,127,241
2020-11-29,4,7,11,95,75,170,12,11,23,20,14,34,0,0,0,131,107,238
2020-11-30,7,3,10,111,114,225,8,12,20,12,13,25,0,0,0,138,142,280
2020-12-01,5,5,10,123,94,217,10,15,25,11,16,27,0,0,0,149,130,279
2020-12-02,4,3,7,92,94,186,5,9,14,5,10,15,0,0,0,106,116,222
2020-12-03,2,4,6,109,89,198,17,17,34,10,7,17,0,0,0,138,117,255
2020-12-04,6,8,14,124,100,224,14,18,32,15,14,29,0,1,1,159,141,300
2020-12-05,2,5,7,92,99,191,11,16,27,8,19,27,0,0,0,113,139,252
2020-12-06,4,5,9,85,75,160,10,8,18,3,7,10,0,0,0,102,95,197
2020-12-07,4,6,10,82,81,163,7,10,17,5,8,13,0,0,0,98,105,203
2020-12-08,5,9,14,124,97,221,14,8,22,11,7,18,0,0,0,154,121,275
2020-12-09,5,10,15,146,132,278,18,25,43,14,16,30,0,0,0,183,183,366
2020-12-10,3,11,14,136,139,275,21,30,51,12,18,30,0,0,0,172,198,370
2020-12-11,0,7,7,133,132,265,13,16,29,13,13,26,0,0,0,159,168,327
2020-12-12,3,5,8,126,92,218,23,19,42,7,11,18,1,0,1,160,127,287
2020-12-13,1,6,7,104,102,206,22,23,45,15,9,24,1,0,1,143,140,283
2020-12-14,8,13,21,177,170,347,17,16,33,20,21,41,0,0,0,222,220,442
2020-12-15,6,11,17,189,145,334,22,23,45,13,16,29,0,0,0,230,195,425
2020-12-16,7,7,14,176,169,345,27,19,46,14,15,29,0,0,0,224,210,434
2020-12-17,13,14,27,182,210,392,33,33,66,45,30,75,0,0,0,273,287,560
2020-12-18,4,13,17,235,196,431,28,45,73,18,21,39,0,2,2,285,277,562
2020-12-19,4,7,11,190,167,357,33,35,68,17,9,26,1,1,2,245,219,464
2020-12-20,7,7,14,176,152,328,17,20,37,16,11,27,0,0,0,216,190,406
2020-12-21,7,14,21,277,226,503,35,38,73,41,51,92,1,0,1,361,329,690
2020-12-22,11,10,21,263,254,517,33,37,70,34,25,59,0,0,0,341,326,667
2020-12-23,10,9,19,323,310,633,53,44,97,29,27,56,1,0,1,416,390,806
2020-12-24,5,4,9,177,154,331,26,28,54,11,8,19,0,0,0,219,194,413
2020-12-25,2,2,4,139,100,239,17,14,31,6,13,19,0,0,0,164,129,293
2020-12-26,5,8,13,317,308,625,55,47,102,37,34,71,0,0,0,414,397,811
2020-12-27,8,8,16,252,220,472,40,30,70,28,30,58,0,0,0,328,288,616
2020-12-28,5,11,16,423,409,832,60,51,111,62,49,111,0,0,0,550,520,1070
2020-12-29,10,17,27,439,446,885,74,81,155,73,46,119,0,0,0,596,590,1186
2020-12-30,15,19,34,496,455,951,77,99,176,35,32,67,1,0,1,624,605,1229
2020-12-31,7,7,14,294,271,565,34,54,88,45,32,77,0,0,0,380,364,744
2021-01-01,2,7,9,122,144,266,16,9,25,14,10,24,0,1,1,154,171,325
2021-01-02,6,7,13,348,336,684,44,60,104,30,20,50,0,0,0,428,423,851
2021-01-03,11,14,25,341,327,668,43,51,94,31,31,62,0,1,1,426,424,850
2021-01-04,14,16,30,584,596,1180,60,55,115,64,44,108,0,0,0,722,711,1433
2021-01-05,15,13,28,559,509,1068,54,72,126,72,71,143,0,1,1,700,666,1366
2021-01-06,9,15,24,574,508,1082,57,60,117,59,50,109,2,2,4,701,635,1336
2021-01-07,8,7,15,476,478,954,61,66,127,59,54,113,1,0,1,605,605,1210
2021-01-08,10,15,25,484,468,952,61,45,106,38,42,80,0,2,2,593,572,1165
2021-01-09,7,10,17,388,388,776,53,51,104,29,31,60,0,0,0,477,480,957
2021-01-10,5,9,14,279,287,566,34,40,74,17,26,43,0,0,0,335,362,697
2021-01-11,7,19,26,427,405,832,43,51,94,47,35,82,0,0,0,524,510,1034
2021-01-12,4,14,18,458,436,894,57,60,117,50,45,95,1,0,1,570,555,1125
2021-01-13,7,9,16,453,487,940,42,52,94,68,59,127,1,2,3,571,609,1180
2021-01-14,6,12,18,431,409,840,51,48,99,49,42,91,3,1,4,540,512,1052
2021-01-15,10,3,13,478,389,867,54,56,110,41,38,79,0,0,0,583,486,1069
2021-01-16,5,4,9,341,371,712,33,35,68,31,27,58,0,0,0,410,437,847
2021-01-17,6,7,13,320,304,624,27,25,52,33,22,55,2,0,2,388,358,746
2021-01-18,7,6,13,488,440,928,54,51,105,54,39,93,0,1,1,603,537,1140
2021-01-19,5,8,13,429,434,863,40,51,91,55,41,96,2,0,2,531,534,1065
2021-01-20,6,7,13,478,441,919,36,39,75,26,25,51,1,0,1,547,512,1059
2021-01-21,8,8,16,438,417,855,42,60,102,36,30,66,1,0,1,525,515,1040
2021-01-22,5,7,12,379,377,756,47,49,96,39,36,75,0,1,1,470,470,940
2021-01-23,4,11,15,319,316,635,20,34,54,29,27,56,0,0,0,372,388,760
2021-01-24,4,8,12,313,273,586,21,24,45,24,17,41,0,0,0,362,322,684
2021-01-25,6,12,18,460,408,868,39,50,89,61,35,96,1,0,1,567,505,1072
2021-01-26,7,12,19,425,442,867,36,31,67,31,28,59,0,1,1,499,514,1013
2021-01-27,7,5,12,383,351,734,33,25,58,31,37,68,0,0,0,454,418,872
2021-01-28,2,5,7,383,377,760,48,32,80,28,26,54,1,1,2,462,441,903
2021-01-29,1,4,5,354,410,764,40,50,90,29,25,54,1,0,1,425,489,914
2021-01-30,3,4,7,311,336,647,23,33,56,21,14,35,2,0,2,360,387,747
2021-01-31,2,4,6,306,338,644,26,31,57,27,21,48,0,1,1,361,395,756
2021-02-01,8,11,19,416,417,833,35,39,74,32,34,66,1,4,5,492,505,997
2021-02-02,4,6,10,367,381,748,37,39,76,24,22,46,0,2,2,432,450,882
2021-02-03,3,9,12,382,348,730,35,37,72,35,39,74,3,1,4,458,434,892
2021-02-04,2,4,6,305,302,607,30,50,80,35,35,70,1,1,2,373,392,765
2021-02-05,5,11,16,290,277,567,31,45,76,24,31,55,0,1,1,350,365,715
2021-02-06,3,3,6,245,231,476,16,24,40,16,20,36,0,0,0,280,278,558
2021-02-07,1,3,4,189,190,379,21,26,47,22,20,42,0,0,0,233,239,472
2021-02-08,5,12,17,323,338,661,35,44,79,32,21,53,0,1,1,395,416,811
2021-02-09,7,3,10,271,225,496,28,33,61,17,21,38,0,0,0,323,282,605
2021-02-10,2,5,7,269,260,529,21,38,59,18,13,31,1,0,1,311,316,627
2021-02-11,3,6,9,251,270,521,27,31,58,20,17,37,0,0,0,301,324,625
2021-02-12,1,3,4,262,262,524,28,21,49,24,13,37,0,0,0,315,299,614
2021-02-13,2,4,6,207,173,380,28,25,53,16,33,49,0,0,0,253,235,488
2021-02-14,1,1,2,163,206,369,13,13,26,16,10,26,0,1,1,193,231,424
2021-02-15,4,5,9,180,200,380,15,21,36,16,20,36,0,0,0,215,246,461
2021-02-16,4,4,8,191,217,408,18,17,35,12,22,34,0,0,0,225,260,485
2021-02-17,2,4,6,307,275,582,26,37,63,31,29,60,0,0,0,366,345,711
2021-02-18,2,3,5,276,292,568,22,42,64,29,29,58,0,0,0,329,366,695
2021-02-19,1,6,7,290,267,557,29,22,51,30,16,46,1,2,3,351,313,664
2021-02-20,0,6,6,210,221,431,30,21,51,18,13,31,0,0,0,258,261,519
2021-02-21,2,3,5,183,210,393,21,19,40,20,21,41,0,0,0,226,253,479
2021-02-22,3,5,8,239,213,452,32,32,64,31,20,51,1,0,1,306,270,576
2021-02-23,2,7,9,268,229,497,30,25,55,22,25,47,0,0,0,322,286,608
2021-02-24,4,7,11,253,235,488,21,26,47,19,17,36,0,0,0,297,285,582
2021-02-25,0,5,5,264,283,547,24,39,63,43,34,77,1,0,1,332,361,693
2021-02-26,1,3,4,218,244,462,27,28,55,31,23,54,0,0,0,277,298,575
2021-02-27,2,7,9,186,189,375,22,28,50,25,17,42,0,0,0,235,241,476
2021-02-28,1,1,2,163,170,333,13,13,26,11,12,23,2,0,2,190,196,386
2021-03-01,3,5,8,278,256,534,30,32,62,32,30,62,0,0,0,343,323,666
2021-03-02,1,4,5,243,224,467,33,26,59,25,32,57,0,0,0,302,286,588
2021-03-03,5,5,10,273,270,543,36,29,65,29,14,43,0,0,0,343,318,661
2021-03-04,3,1,4,255,227,482,32,28,60,29,25,54,0,0,0,319,281,600
2021-03-05,2,5,7,294,278,572,46,49,95,33,30,63,1,0,1,376,362,738
2021-03-06,0,7,7,194,207,401,39,27,66,23,16,39,0,0,0,256,257,513
2021-03-07,1,4,5,186,197,383,23,27,50,30,15,45,0,0,0,240,243,483
2021-03-08,3,7,10,315,262,577,34,42,76,38,25,63,1,2,3,391,338,729
2021-03-09,0,9,9,293,288,581,37,39,76,50,47,97,0,0,0,380,383,763
2021-03-10,1,9,10,269,302,571,16,41,57,26,17,43,0,0,0,312,369,681
2021-03-11,1,5,6,271,307,578,40,42,82,43,24,67,0,0,0,355,378,733
2021-03-12,3,10,13,300,281,581,46,49,95,42,40,82,0,0,0,391,380,771
2021-03-13,1,5,6,223,221,444,48,35,83,31,38,69,1,2,3,304,301,605
2021-03-14,4,1,5,197,228,425,43,34,77,21,23,44,0,0,0,265,286,551
2021-03-15,2,0,2,362,276,638,32,42,74,25,26,51,0,0,0,421,344,765
2021-03-16,3,8,11,325,298,623,36,40,76,27,22,49,0,0,0,391,368,759
2021-03-17,4,6,10,299,279,578,35,45,80,50,39,89,0,1,1,388,370,758
2021-03-18,0,2,2,306,336,642,31,44,75,28,30,58,1,0,1,366,412,778
2021-03-19,4,4,8,333,351,684,47,45,92,28,37,65,0,0,0,412,437,849
2021-03-20,1,1,2,242,223,465,27,26,53,38,19,57,1,1,2,309,270,579
2021-03-21,2,1,3,253,257,510,21,36,57,32,31,63,0,0,0,308,325,633
2021-03-22,1,6,7,407,389,796,44,53,97,53,53,106,0,1,1,505,502,1007
2021-03-23,4,5,9,462,455,917,49,48,97,38,45,83,0,0,0,553,553,1106
2021-03-24,3,4,7,456,425,881,51,66,117,68,48,116,0,0,0,578,543,1121
2021-03-25,5,7,12,504,480,984,58,80,138,65,76,141,0,0,0,632,643,1275
2021-03-26,1,8,9,556,558,1114,52,65,117,68,59,127,0,0,0,677,690,1367
2021-03-27,3,8,11,482,484,966,76,73,149,30,33,63,0,0,0,591,598,1189
2021-03-28,3,6,9,479,433,912,50,63,113,39,25,64,1,0,1,572,527,1099
2021-03-29,5,9,14,686,600,1286,61,86,147,100,77,177,0,0,0,852,772,1624
2021-03-30,7,7,14,777,705,1482,74,97,171,64,65,129,0,0,0,922,874,1796
2021-03-31,9,6,15,817,748,1565,94,76,170,53,49,102,0,0,0,973,879,1852
2021-04-01,1,13,14,756,761,1517,100,86,186,75,54,129,1,0,1,933,914,1847
2021-04-02,2,9,11,669,628,1297,63,84,147,59,48,107,0,0,0,793,769,1562
2021-04-03,4,5,9,721,701,1422,75,83,158,46,42,88,0,0,0,846,831,1677
2021-04-04,8,7,15,734,671,1405,59,67,126,61,50,111,0,0,0,862,795,1657
2021-04-05,5,15,20,1154,1135,2289,77,93,170,85,100,185,0,0,0,1321,1343,2664
2021-04-06,6,17,23,1167,1093,2260,79,92,171,70,57,127,0,0,0,1322,1259,2581
2021-04-07,7,16,23,1281,1167,2448,68,84,152,80,64,144,0,1,1,1436,1332,2768
2021-04-08,5,17,22,1137,1123,2260,88,108,196,95,61,156,0,0,0,1325,1309,2634
2021-04-09,7,17,24,1064,1068,2132,74,91,165,84,76,160,0,1,1,1229,1253,2482
2021-04-10,5,12,17,885,887,1772,79,102,181,66,53,119,0,0,0,1035,1054,2089
2021-04-11,1,8,9,822,882,1704,67,51,118,47,43,90,0,0,0,937,984,1921
2021-04-12,11,9,20,1221,1118,2339,110,97,207,100,82,182,0,0,0,1442,1306,2748
2021-04-13,8,12,20,1105,1078,2183,81,76,157,89,89,178,1,0,1,1284,1255,2539
2021-04-14,7,14,21,1158,1201,2359,86,106,192,81,54,135,0,0,0,1332,1375,2707
2021-04-15,5,15,20,1075,987,2062,83,80,163,70,73,143,0,0,0,1233,1155,2388
2021-04-16,10,10,20,1139,1127,2266,102,77,179,86,62,148,0,1,1,1337,1277,2614
2021-04-17,8,11,19,915,977,1892,78,88,166,90,73,163,0,0,0,1091,1149,2240
2021-04-18,9,7,16,863,811,1674,71,76,147,55,54,109,0,0,0,998,948,1946
2021-04-19,5,15,20,1299,1233,2532,73,88,161,95,82,177,0,0,0,1472,1418,2890
2021-04-20,6,9,15,1246,1194,2440,94,82,176,87,96,183,0,0,0,1433,1381,2814
2021-04-21,7,5,12,1231,1227,2458,68,87,155,79,48,127,0,0,0,1385,1367,2752
2021-04-22,6,7,13,1045,1086,2131,71,74,145,83,59,142,0,0,0,1205,1226,2431
2021-04-23,4,11,15,1131,1110,2241,62,74,136,44,67,111,0,0,0,1241,1262,2503
2021-04-24,4,10,14,780,772,1552,63,63,126,58,44,102,0,0,0,905,889,1794
2021-04-25,3,5,8,748,746,1494,44,61,105,59,31,90,0,0,0,854,843,1697
2021-04-26,12,18,30,1000,1003,2003,77,77,154,84,87,171,0,0,0,1173,1185,2358
2021-04-27,7,24,31,986,1019,2005,73,87,160,54,56,110,0,0,0,1120,1186,2306
2021-04-28,5,18,23,1057,951,2008,71,81,152,45,54,99,1,0,1,1179,1104,2283
2021-04-29,7,11,18,964,993,1957,59,72,131,55,56,111,0,0,0,1085,1132,2217
2021-04-30,5,7,12,986,1033,2019,61,76,137,56,51,107,0,0,0,1108,1167,2275
2021-05-01,6,3,9,641,658,1299,66,68,134,45,53,98,0,0,0,758,782,1540
2021-05-02,4,11,15,658,678,1336,39,54,93,27,32,59,0,0,0,728,775,1503
2021-05-03,5,6,11,1091,1097,2188,87,93,180,70,69,139,0,0,0,1253,1265,2518
2021-05-04,8,11,19,995,911,1906,59,79,138,84,68,152,0,0,0,1146,1069,2215
2021-05-05,5,9,14,866,914,1780,58,76,134,43,43,86,0,0,0,972,1042,2014
2021-05-06,2,4,6,768,826,1594,47,55,102,51,38,89,0,0,0,868,923,1791
2021-05-07,1,8,9,829,873,1702,59,52,111,51,40,91,0,0,0,940,973,1913
2021-05-08,4,8,12,641,644,1285,49,38,87,45,46,91,0,0,0,739,736,1475
2021-05-09,7,7,14,558,576,1134,48,43,91,41,35,76,0,0,0,654,661,1315
2021-05-10,7,6,13,1054,1118,2172,76,91,167,88,80,168,0,0,0,1225,1295,2520
2021-05-11,3,6,9,967,956,1923,78,98,176,62,63,125,0,0,0,1110,1123,2233
2021-05-12,8,9,17,979,968,1947,63,80,143,73,65,138,0,0,0,1123,1122,2245
2021-05-13,3,6,9,875,849,1724,49,59,108,49,42,91,0,1,1,976,957,1933
2021-05-14,5,14,19,1050,1100,2150,78,98,176,69,63,132,0,0,0,1202,1275,2477
2021-05-15,6,9,15,797,780,1577,73,68,141,54,56,110,0,0,0,930,913,1843
2021-05-16,5,17,22,700,701,1401,57,71,128,85,56,141,0,0,0,847,845,1692
2021-05-17,11,16,27,1302,1324,2626,102,114,216,94,69,163,0,0,0,1509,1523,3032
2021-05-18,7,11,18,1244,1259,2503,84,67,151,70,63,133,0,0,0,1405,1400,2805
2021-05-19,4,19,23,1279,1228,2507,60,86,146,80,50,130,0,0,0,1423,1383,2806
2021-05-20,3,12,15,1120,1178,2298,68,88,156,67,55,122,0,0,0,1258,1333,2591
2021-05-21,5,8,13,1073,1099,2172,79,79,158,48,59,107,0,0,0,1205,1245,2450
2021-05-22,6,8,14,747,771,1518,71,65,136,61,53,114,0,0,0,885,897,1782
2021-05-23,7,9,16,775,680,1455,59,72,131,44,37,81,0,0,0,885,798,1683
2021-05-24,4,17,21,1051,949,2000,92,82,174,80,73,153,1,0,1,1228,1121,2349
2021-05-25,12,11,23,1000,962,1962,64,74,138,42,43,85,0,0,0,1118,1090,2208
2021-05-26,9,13,22,1224,1167,2391,73,91,164,82,84,166,0,0,0,1388,1355,2743
2021-05-27,9,13,22,1095,1080,2175,78,86,164,68,69,137,0,0,0,1250,1248,2498
2021-05-28,7,9,16,1026,1017,2043,78,95,173,68,70,138,0,0,0,1179,1191,2370
2021-05-29,2,6,8,715,770,1485,57,84,141,65,63,128,0,0,0,839,923,1762
2021-05-30,4,12,16,572,610,1182,44,46,90,27,35,62,0,0,0,647,703,1350
2021-05-31,9,15,24,938,1037,1975,56,62,118,38,42,80,1,0,1,1042,1156,2198
2021-06-01,9,10,19,812,852,1664,75,67,142,42,43,85,0,0,0,938,972,1910
2021-06-02,5,13,18,694,702,1396,56,70,126,41,40,81,0,0,0,796,825,1621
2021-06-03,1,8,9,703,755,1458,50,51,101,46,38,84,0,0,0,800,852,1652
2021-06-04,5,17,22,708,736,1444,38,63,101,49,49,98,0,0,0,800,865,1665
2021-06-05,6,12,18,551,541,1092,39,42,81,39,41,80,0,0,0,635,636,1271
2021-06-06,4,6,10,493,477,970,37,40,77,37,39,76,0,0,0,571,562,1133
2021-06-07,7,9,16,809,808,1617,53,41,94,28,33,61,0,0,0,897,891,1788
2021-06-08,4,12,16,665,668,1333,58,63,121,44,36,80,0,0,0,771,779,1550
2021-06-09,4,7,11,682,613,1295,37,39,76,52,44,96,0,0,0,775,703,1478
2021-06-10,6,7,13,750,743,1493,40,43,83,31,32,63,0,0,0,827,825,1652
2021-06-11,4,5,9,680,670,1350,40,47,87,29,37,66,0,0,0,753,759,1512
2021-06-12,3,8,11,387,396,783,48,58,106,41,34,75,0,0,0,479,496,975
2021-06-13,1,5,6,434,448,882,39,46,85,29,25,54,0,0,0,503,524,1027
2021-06-14,8,4,12,722,705,1427,40,74,114,38,38,76,0,0,0,808,821,1629
2021-06-15,4,8,12,598,588,1186,46,56,102,48,31,79,0,0,0,696,683,1379
2021-06-16,7,9,16,547,534,1081,41,49,90,29,31,60,0,0,0,624,623,1247
2021-06-17,5,7,12,569,589,1158,45,36,81,27,29,56,0,0,0,646,661,1307
2021-06-18,6,11,17,482,502,984,45,40,85,25,30,55,0,0,0,558,583,1141
2021-06-19,4,1,5,327,353,680,39,39,78,34,39,73,0,0,0,404,432,836
2021-06-20,3,1,4,303,288,591,28,35,63,24,26,50,0,0,0,358,350,708
2021-06-21,6,14,20,388,401,789,39,42,81,41,47,88,0,1,1,474,505,979
2021-06-22,7,5,12,643,659,1302,51,60,111,29,35,64,0,0,0,730,759,1489
2021-06-23,6,4,10,582,521,1103,39,45,84,25,24,49,0,0,0,652,594,1246
2021-06-24,7,7,14,572,606,1178,44,54,98,37,43,80,0,0,0,660,710,1370
2021-06-25,4,5,9,583,662,1245,58,46,104,34,37,71,0,0,0,679,750,1429
2021-06-26,3,7,10,388,374,762,36,48,84,40,34,74,0,0,0,467,463,930
2021-06-27,2,9,11,307,321,628,30,43,73,28,19,47,0,0,0,367,392,759
2021-06-28,4,11,15,494,512,1006,30,38,68,25,23,48,0,0,0,553,584,1137
2021-06-29,3,4,7,461,484,945,35,37,72,19,16,35,0,0,0,518,541,1059
2021-06-30,3,8,11,455,483,938,31,32,63,29,31,60,0,0,0,518,554,1072
2021-07-01,5,6,11,449,460,909,32,39,71,28,25,53,0,1,1,514,531,1045
2021-07-02,4,4,8,450,444,894,28,41,69,26,30,56,1,0,1,509,519,1028
2021-07-03,1,6,7,304,300,604,27,47,74,34,23,57,0,0,0,366,376,742
2021-07-04,0,4,4,274,250,524,29,21,50,36,18,54,0,0,0,339,293,632
2021-07-05,4,8,12,506,463,969,43,29,72,21,22,43,0,0,0,574,522,1096
2021-07-06,7,6,13,457,406,863,24,26,50,30,26,56,0,0,0,518,464,982
2021-07-07,3,8,11,407,359,766,34,33,67,31,25,56,0,0,0,475,425,900
2021-07-08,7,5,12,448,470,918,41,36,77,26,30,56,0,0,0,522,541,1063
2021-07-09,2,2,4,317,309,626,23,20,43,29,29,58,0,0,0,371,360,731
2021-07-10,1,3,4,316,335,651,23,38,61,21,32,53,0,0,0,361,408,769
2021-07-11,4,7,11,276,282,558,17,19,36,20,24,44,0,0,0,317,332,649
2021-07-12,6,6,12,453,441,894,36,31,67,24,25,49,0,0,0,519,503,1022
2021-07-13,4,1,5,384,399,783,21,15,36,19,25,44,0,0,0,428,440,868
2021-07-14,7,6,13,362,410,772,25,25,50,29,16,45,0,0,0,423,457,880
2021-07-15,2,6,8,398,386,784,20,30,50,16,22,38,0,0,0,436,444,880
2021-07-16,2,7,9,363,412,775,25,17,42,15,16,31,0,1,1,405,453,858
2021-07-17,2,7,9,296,265,561,16,15,31,19,20,39,0,0,0,333,307,640
2021-07-18,3,5,8,200,203,403,11,20,31,14,14,28,0,0,0,228,242,470
2021-07-19,0,3,3,338,354,692,25,26,51,18,12,30,0,0,0,381,395,776
2021-07-20,2,4,6,295,298,593,20,13,33,15,14,29,0,0,0,332,329,661
2021-07-21,5,4,9,298,334,632,17,18,35,11,13,24,0,0,0,331,369,700
2021-07-22,4,1,5,326,294,620,20,22,42,22,27,49,0,1,1,372,345,717
2021-07-23,2,1,3,299,333,632,30,26,56,25,18,43,0,0,0,356,378,734
2021-07-24,1,2,3,236,219,455,18,13,31,17,26,43,0,0,0,272,260,532
2021-07-25,1,4,5,221,213,434,11,14,25,4,8,12,0,0,0,237,239,476
2021-07-26,3,3,6,359,362,721,20,34,54,17,18,35,0,0,0,399,417,816
2021-07-27,3,6,9,300,305,605,17,23,40,16,16,32,0,0,0,336,350,686
2021-07-28,2,6,8,232,281,513,20,17,37,5,11,16,1,0,1,260,315,575
2021-07-29,1,2,3,285,266,551,6,11,17,7,13,20,0,0,0,299,292,591
2021-07-30,2,2,4,277,315,592,21,24,45,19,22,41,0,0,0,319,363,682
2021-07-31,0,5,5,198,222,420,15,26,41,17,13,30,0,1,1,230,267,497
2021-08-01,2,4,6,200,200,400,15,21,36,16,13,29,0,0,0,233,238,471
2021-08-02,4,1,5,351,385,736,19,16,35,11,12,23,0,0,0,385,414,799
2021-08-03,5,2,7,320,313,633,13,10,23,17,11,28,0,0,0,355,336,691
2021-08-04,2,3,5,284,277,561,20,20,40,11,8,19,0,0,0,317,308,625
2021-08-05,1,2,3,308,339,647,12,14,26,7,8,15,0,1,1,328,364,692
2021-08-06,2,4,6,300,329,629,18,19,37,13,23,36,0,0,0,333,375,708
2021-08-07,1,0,1,160,205,365,18,17,35,13,8,21,0,0,0,192,230,422
2021-08-08,2,3,5,153,189,342,16,9,25,10,16,26,0,0,0,181,217,398
2021-08-09,2,2,4,253,248,501,12,12,24,7,4,11,0,1,1,274,267,541
2021-08-10,1,3,4,253,275,528,7,8,15,4,7,11,0,0,0,265,293,558
2021-08-11,2,2,4,223,259,482,8,16,24,11,15,26,0,0,0,244,292,536
2021-08-12,2,2,4,219,230,449,10,15,25,8,10,18,0,0,0,239,257,496
2021-08-13,0,3,3,208,229,437,6,10,16,8,8,16,0,0,0,222,250,472
2021-08-14,2,1,3,150,154,304,9,11,20,11,7,18,0,0,0,172,173,345
2021-08-15,0,4,4,134,127,261,6,6,12,8,8,16,0,0,0,148,145,293
2021-08-16,1,3,4,149,148,297,8,10,18,6,12,18,0,0,0,164,173,337
2021-08-17,1,2,3,237,206,443,14,9,23,16,18,34,0,0,0,268,235,503
2021-08-18,2,2,4,233,213,446,13,10,23,9,9,18,0,0,0,257,234,491
2021-08-19,1,4,5,195,175,370,10,12,22,11,6,17,0,0,0,217,197,414
2021-08-20,1,2,3,197,244,441,12,10,22,7,2,9,0,1,1,217,259,476
2021-08-21,0,1,1,112,134,246,7,10,17,7,9,16,0,1,1,126,155,281
2021-08-22,2,0,2,108,121,229,7,9,16,7,4,11,0,0,0,124,134,258
2021-08-23,1,3,4,166,148,314,6,11,17,7,3,10,0,0,0,180,165,345
2021-08-24,1,4,5,146,165,311,7,6,13,7,5,12,0,0,0,161,180,341
2021-08-25,1,2,3,138,159,297,5,4,9,7,7,14,0,0,0,151,172,323
2021-08-26,1,0,1,152,146,298,10,8,18,2,4,6,0,0,0,165,158,323
2021-08-27,0,0,0,139,147,286,5,8,13,7,7,14,0,0,0,151,162,313
2021-08-28,0,2,2,103,95,198,7,9,16,5,6,11,0,0,0,115,112,227
2021-08-29,0,1,1,97,102,199,4,5,9,6,8,14,0,0,0,107,116,223
2021-08-30,1,3,4,116,152,268,12,9,21,6,7,13,0,0,0,135,171,306
2021-08-31,2,2,4,136,123,259,7,11,18,10,6,16,0,0,0,155,142,297
2021-09-01,3,1,4,115,147,262,11,11,22,1,5,6,0,0,0,130,164,294
2021-09-02,1,0,1,107,128,235,6,7,13,4,7,11,0,1,1,118,143,261
2021-09-03,1,1,2,125,143,268,4,2,6,5,10,15,0,0,0,135,156,291
2021-09-04,0,1,1,50,69,119,2,4,6,2,5,7,0,0,0,54,79,133
2021-09-05,0,4,4,76,58,134,6,4,10,4,5,9,0,0,0,86,71,157
2021-09-06,1,1,2,115,101,216,4,4,8,4,3,7,1,0,1,125,109,234
2021-09-07,1,3,4,88,88,176,3,4,7,2,2,4,0,0,0,94,97,191
2021-09-08,0,3,3,91,86,177,1,4,5,2,1,3,0,0,0,94,94,188
2021-09-09,0,1,1,79,80,159,10,7,17,3,3,6,0,0,0,92,91,183
2021-09-10,0,3,3,110,95,205,3,6,9,4,2,6,0,0,0,117,106,223
2021-09-11,1,1,2,64,61,125,5,3,8,1,1,2,0,0,0,71,66,137
2021-09-12,0,2,2,50,70,120,3,2,5,1,1,2,0,0,0,54,75,129
2021-09-13,2,1,3,93,98,191,3,3,6,5,3,8,0,0,0,103,105,208
2021-09-14,1,1,2,74,83,157,2,5,7,3,3,6,1,0,1,81,92,173
2021-09-15,1,1,2,79,89,168,1,1,2,1,2,3,0,0,0,82,93,175
2021-09-16,0,0,0,82,81,163,3,1,4,1,1,2,0,0,0,86,83,169
2021-09-17,0,0,0,75,86,161,5,4,9,0,2,2,0,0,0,80,92,172
2021-09-18,0,2,2,47,45,92,2,0,2,1,2,3,0,0,0,50,49,99
2021-09-19,0,0,0,39,42,81,1,1,2,4,2,6,0,0,0,44,45,89
2021-09-20,1,1,2,53,55,108,4,1,5,4,0,4,0,0,0,62,57,119
2021-09-21,0,1,1,70,58,128,2,1,3,0,0,0,0,0,0,72,60,132
2021-09-22,0,0,0,61,51,112,1,1,2,2,1,3,0,0,0,64,53,117
2021-09-23,0,0,0,61,72,133,2,0,2,2,1,3,0,0,0,65,73,138
2021-09-24,0,0,0,71,67,138,2,4,6,1,2,3,0,0,0,74,73,147
2021-09-25,1,3,4,28,45,73,4,2,6,2,2,4,0,0,0,35,52,87
2021-09-26,0,0,0,26,32,58,5,5,10,1,0,1,0,0,0,32,37,69
2021-09-27,0,0,0,49,61,110,2,1,3,2,3,5,0,0,0,53,65,118
2021-09-28,0,1,1,47,50,97,0,1,1,2,4,6,0,0,0,49,56,105
2021-09-29,1,1,2,36,58,94,1,0,1,4,1,5,0,0,0,42,60,102
2021-09-30,0,0,0,37,40,77,2,0,2,3,1,4,0,0,0,42,41,83
2021-10-01,0,1,1,48,70,118,2,1,3,4,1,5,0,0,0,54,73,127
2021-10-02,0,1,1,29,40,69,2,1,3,1,1,2,0,0,0,32,43,75
2021-10-03,0,0,0,26,30,56,0,1,1,0,0,0,0,0,0,26,31,57
2021-10-04,0,0,0,46,51,97,1,1,2,0,2,2,0,0,0,47,54,101
2021-10-05,0,1,1,58,57,115,0,1,1,1,1,2,0,0,0,59,60,119
2021-10-06,1,0,1,57,77,134,4,3,7,0,1,1,0,0,0,62,81,143
2021-10-07,0,0,0,50,48,98,2,2,4,1,2,3,0,0,0,53,52,105
2021-10-08,0,0,0,41,27,68,1,2,3,1,2,3,0,0,0,43,31,74
2021-10-09,0,0,0,25,30,55,1,2,3,3,3,6,0,0,0,29,35,64
2021-10-10,0,0,0,44,34,78,3,4,7,0,5,5,0,0,0,47,43,90
2021-10-11,1,0,1,48,46,94,3,3,6,0,2,2,0,0,0,52,51,103
2021-10-12,1,1,2,82,84,166,1,5,6,5,4,9,1,1,2,90,95,185
2021-10-13,0,0,0,67,74,141,6,4,10,1,0,1,0,0,0,74,78,152
2021-10-14,1,0,1,81,96,177,6,3,9,3,1,4,0,0,0,91,100,191
2021-10-15,0,0,0,57,78,135,4,1,5,4,3,7,1,0,1,66,82,148
2021-10-16,1,0,1,40,50,90,8,7,15,3,4,7,0,0,0,52,61,113
2021-10-17,0,1,1,33,26,59,5,0,5,4,2,6,0,0,0,42,29,71
2021-10-18,0,0,0,62,60,122,4,3,7,3,2,5,0,0,0,69,65,134
2021-10-19,0,1,1,60,81,141,1,2,3,5,2,7,0,0,0,66,86,152
2021-10-20,0,3,3,76,112,188,5,1,6,2,3,5,0,0,0,83,119,202
2021-10-21,0,1,1,101,122,223,1,10,11,2,2,4,0,0,0,104,135,239
2021-10-22,1,0,1,93,120,213,1,2,3,3,3,6,0,0,0,98,125,223
2021-10-23,0,0,0,63,64,127,3,5,8,2,1,3,0,0,0,68,70,138
2021-10-24,0,0,0,59,48,107,4,3,7,0,2,2,0,0,0,63,53,116
2021-10-25,0,0,0,71,108,179,2,3,5,1,1,2,0,0,0,74,112,186
2021-10-26,1,0,1,94,74,168,4,4,8,1,2,3,0,1,1,100,81,181
2021-10-27,0,0,0,87,99,186,2,4,6,1,3,4,0,0,0,90,106,196
2021-10-28,0,2,2,84,83,167,4,3,7,5,2,7,0,0,0,93,90,183
2021-10-29,0,2,2,83,96,179,5,0,5,5,2,7,0,0,0,93,100,193
2021-10-30,0,0,0,63,72,135,3,4,7,4,2,6,0,0,0,70,78,148
2021-10-31,2,3,5,52,58,110,3,1,4,0,6,6,0,0,0,57,68,125
2021-11-01,0,1,1,66,86,152,1,3,4,3,9,12,0,1,1,70,100,170
2021-11-02,0,1,1,71,76,147,3,3,6,2,3,5,0,0,0,76,83,159
2021-11-03,0,2,2,79,99,178,5,6,11,1,6,7,0,0,0,85,113,198
2021-11-04,0,1,1,111,92,203,3,6,9,3,3,6,0,0,0,117,102,219
2021-11-05,1,0,1,74,91,165,1,5,6,4,2,6,0,0,0,80,98,178
2021-11-06,1,2,3,77,82,159,3,8,11,8,5,13,1,1,2,90,98,188
2021-11-07,3,1,4,53,58,111,3,3,6,3,0,3,0,0,0,62,62,124
2021-11-08,0,0,0,93,105,198,4,4,8,4,2,6,0,0,0,101,111,212
2021-11-09,0,0,0,85,115,200,5,6,11,3,2,5,0,0,0,93,123,216
2021-11-10,2,2,4,116,123,239,2,5,7,4,7,11,1,0,1,125,137,262
2021-11-11,0,1,1,110,104,214,2,4,6,2,3,5,0,0,0,114,112,226
2021-11-12,0,1,1,104,123,227,3,3,6,4,9,13,0,0,0,111,136,247
2021-11-13,0,0,0,81,93,174,3,7,10,4,2,6,0,0,0,88,102,190
2021-11-14,0,0,0,66,67,133,3,8,11,5,2,7,0,0,0,74,77,151
2021-11-15,0,2,2,88,121,209,2,7,9,3,7,10,0,0,0,93,137,230
2021-11-16,1,3,4,89,101,190,6,7,13,9,5,14,0,0,0,105,116,221
2021-11-17,0,2,2,112,95,207,2,7,9,2,5,7,0,0,0,116,109,225
2021-11-18,2,1,3,101,92,193,10,10,20,4,2,6,0,0,0,117,105,222
2021-11-19,1,3,4,91,100,191,6,4,10,6,7,13,0,0,0,104,114,218
2021-11-20,0,2,2,84,79,163,4,10,14,6,7,13,0,0,0,94,98,192
2021-11-21,0,0,0,77,86,163,7,5,12,7,9,16,0,0,0,91,100,191
2021-11-22,0,1,1,73,88,161,3,14,17,8,6,14,0,0,0,84,109,193
2021-11-23,1,2,3,120,156,276,8,7,15,9,5,14,0,0,0,138,170,308
2021-11-24,0,0,0,143,130,273,4,9,13,8,8,16,0,1,1,155,148,303
2021-11-25,0,2,2,111,147,258,2,8,10,5,3,8,1,1,2,119,161,280
2021-11-26,1,1,2,120,138,258,7,10,17,4,6,10,0,0,0,132,155,287
2021-11-27,0,0,0,110,101,211,9,7,16,5,7,12,0,0,0,124,115,239
2021-11-28,0,3,3,101,87,188,2,6,8,6,4,10,0,0,0,109,100,209
2021-11-29,0,1,1,150,192,342,3,6,9,9,12,21,0,0,0,162,211,373
2021-11-30,0,1,1,170,182,352,6,5,11,8,9,17,0,0,0,184,197,381
2021-12-01,0,4,4,187,221,408,4,9,13,10,7,17,0,1,1,201,242,443
2021-12-02,3,2,5,194,213,407,6,11,17,6,8,14,0,1,1,209,235,444
2021-12-03,1,2,3,141,180,321,8,13,21,9,12,21,0,0,0,159,207,366
2021-12-04,0,1,1,140,163,303,8,9,17,11,13,24,0,1,1,159,187,346
2021-12-05,1,1,2,123,130,253,8,9,17,10,13,23,0,0,0,142,153,295
2021-12-06,0,8,8,221,248,469,9,14,23,8,13,21,1,0,1,239,283,522
2021-12-07,1,2,3,210,271,481,8,17,25,12,9,21,0,0,0,231,299,530
2021-12-08,1,2,3,189,191,380,10,17,27,9,19,28,0,0,0,209,229,438
2021-12-09,3,4,7,295,326,621,15,14,29,10,21,31,0,0,0,323,365,688
2021-12-10,0,2,2,273,291,564,9,18,27,15,10,25,0,0,0,297,321,618
2021-12-11,1,1,2,214,264,478,8,13,21,22,19,41,0,0,0,245,297,542
2021-12-12,3,3,6,242,245,487,13,12,25,10,15,25,0,0,0,268,275,543
2021-12-13,2,2,4,348,367,715,17,21,38,29,22,51,0,1,1,396,413,809
2021-12-14,2,3,5,378,413,791,24,17,41,38,26,64,0,1,1,442,460,902
2021-12-15,5,5,10,396,397,793,29,33,62,27,28,55,0,0,0,457,463,920
2021-12-16,5,4,9,511,444,955,41,35,76,32,35,67,2,0,2,591,518,1109
2021-12-17,0,3,3,469,481,950,25,32,57,34,29,63,0,0,0,528,545,1073
2021-12-18,2,3,5,419,396,815,26,33,59,32,33,65,0,1,1,479,466,945
2021-12-19,4,10,14,398,454,852,25,31,56,34,23,57,0,1,1,461,519,980
2021-12-20,2,6,8,741,846,1587,30,28,58,35,50,85,1,0,1,809,930,1739
2021-12-21,3,11,14,941,1137,2078,41,33,74,61,49,110,2,2,4,1048,1232,2280
2021-12-22,4,19,23,1396,1581,2977,47,72,119,54,46,100,1,0,1,1502,1718,3220
2021-12-23,4,21,25,1429,1468,2897,62,66,128,71,63,134,2,2,4,1568,1620,3188
2021-12-24,5,6,11,1025,1062,2087,31,40,71,43,41,84,1,4,5,1105,1153,2258
2021-12-25,4,5,9,731,782,1513,28,43,71,31,24,55,0,2,2,794,856,1650
2021-12-26,5,15,20,1776,1897,3673,63,76,139,77,110,187,1,1,2,1922,2099,4021
2021-12-27,12,25,37,3038,3341,6379,56,58,114,46,54,100,0,1,1,3152,3479,6631
2021-12-28,6,11,17,3821,4463,8284,42,58,100,42,33,75,0,2,2,3911,4567,8478
2021-12-29,12,19,31,4300,4820,9120,42,51,93,23,21,44,1,2,3,4378,4913,9291
2021-12-30,3,10,13,4246,4944,9190,24,34,58,20,28,48,0,1,1,4293,5017,9310
2021-12-31,3,4,7,2491,2856,5347,21,15,36,17,21,38,0,1,1,2532,2897,5429
2022-01-01,1,4,5,1893,2028,3921,6,9,15,6,7,13,0,1,1,1906,2049,3955
2022-01-02,1,1,2,3890,4459,8349,9,12,21,26,34,60,1,0,1,3927,4506,8433
2022-01-03,8,18,26,6788,7867,14655,23,24,47,33,28,61,0,0,0,6852,7937,14789
2022-01-04,8,17,25,7278,8538,15816,36,41,77,54,65,119,0,1,1,7376,8662,16038
2022-01-05,10,19,29,7280,8801,16081,40,50,90,40,48,88,2,1,3,7372,8919,16291
2022-01-06,5,10,15,7378,8615,15993,36,38,74,40,52,92,1,2,3,7460,8717,16177
2022-01-07,4,16,20,6615,7840,14455,22,23,45,25,50,75,0,1,1,6666,7930,14596
2022-01-08,8,30,38,4997,5816,10813,13,16,29,12,17,29,0,0,0,5030,5879,10909
2022-01-09,13,20,33,5201,5859,11060,30,28,58,55,78,133,0,0,0,5299,5985,11284
2022-01-10,14,31,45,8341,9479,17820,26,36,62,57,61,118,0,1,1,8438,9608,18046
2022-01-11,9,12,21,7672,8735,16407,20,30,50,50,73,123,0,1,1,7751,8851,16602
2022-01-12,7,26,33,7913,9247,17160,43,47,90,67,66,133,0,0,0,8030,9386,17416
2022-01-13,5,11,16,6268,7352,13620,20,34,54,37,58,95,0,0,0,6330,7455,13785
2022-01-14,11,8,19,7554,8543,16097,25,26,51,45,58,103,0,0,0,7635,8635,16270
2022-01-15,7,10,17,5407,5935,11342,19,22,41,48,69,117,0,0,0,5481,6036,11517
2022-01-16,6,4,10,5443,6447,11890,15,18,33,32,29,61,0,0,0,5496,6498,11994
2022-01-17,14,33,47,7801,9039,16840,16,37,53,173,190,363,1,0,1,8005,9299,17304
2022-01-18,8,10,18,7628,8883,16511,23,30,53,280,247,527,0,0,0,7939,9170,17109
2022-01-19,4,16,20,6734,8182,14916,18,18,36,59,58,117,0,0,0,6815,8274,15089
2022-01-20,2,20,22,5946,7217,13163,13,21,34,22,26,48,0,0,0,5983,7284,13267
2022-01-21,5,17,22,5482,6684,12166,14,19,33,20,31,51,0,0,0,5521,6751,12272
2022-01-22,6,6,12,3602,4337,7939,11,16,27,29,39,68,0,0,0,3648,4398,8046
2022-01-23,1,7,8,3331,3975,7306,4,3,7,12,13,25,0,0,0,3348,3998,7346
2022-01-24,7,14,21,4893,5690,10583,12,19,31,25,31,56,0,0,0,4937,5754,10691
2022-01-25,10,16,26,3904,4713,8617,10,16,26,32,31,63,0,0,0,3956,4776,8732
2022-01-26,5,19,24,3447,4207,7654,16,21,37,58,64,122,0,0,0,3526,4311,7837
2022-01-27,10,15,25,2936,3578,6514,12,21,33,122,49,171,0,0,0,3080,3663,6743
2022-01-28,11,12,23,2486,3149,5635,20,26,46,138,84,222,0,1,1,2655,3272,5927
2022-01-29,7,16,23,1720,1974,3694,9,8,17,78,46,124,0,0,0,1814,2044,3858
2022-01-30,1,6,7,1575,1891,3466,4,0,4,52,22,74,1,0,1,1633,1919,3552
2022-01-31,7,8,15,2450,2920,5370,8,13,21,195,85,280,0,0,0,2660,3026,5686
2022-02-01,9,5,14,1960,2446,4406,6,7,13,9,10,19,0,0,0,1984,2468,4452
2022-02-02,8,13,21,1695,2103,3798,13,16,29,4,11,15,0,0,0,1720,2143,3863
2022-02-03,4,5,9,1427,1611,3038,6,12,18,14,16,30,0,0,0,1451,1644,3095
2022-02-04,1,7,8,1231,1580,2811,1,4,5,7,9,16,0,0,0,1240,1600,2840
2022-02-05,2,7,9,769,1003,1772,4,8,12,80,75,155,0,0,0,855,1093,1948
2022-02-06,7,8,15,681,781,1462,4,4,8,44,30,74,0,0,0,736,823,1559
2022-02-07,6,12,18,945,1173,2118,12,11,23,104,35,139,0,0,0,1067,1231,2298
2022-02-08,5,4,9,742,1026,1768,17,14,31,45,26,71,0,0,0,809,1070,1879
2022-02-09,4,3,7,755,969,1724,8,2,10,38,28,66,0,0,0,805,1002,1807
2022-02-10,3,11,14,696,856,1552,9,10,19,44,18,62,0,0,0,752,895,1647
2022-02-11,2,4,6,529,700,1229,2,3,5,40,17,57,0,0,0,573,724,1297
2022-02-12,1,2,3,367,457,824,7,6,13,32,14,46,0,0,0,407,479,886
2022-02-13,0,4,4,336,392,728,4,1,5,26,10,36,0,0,0,366,407,773
2022-02-14,3,5,8,509,644,1153,2,7,9,44,22,66,0,0,0,558,678,1236
2022-02-15,2,6,8,479,599,1078,8,16,24,21,15,36,0,0,0,510,636,1146
2022-02-16,2,7,9,457,561,1018,4,14,18,36,20,56,0,0,0,499,602,1101
2022-02-17,2,11,13,411,480,891,5,7,12,55,23,78,0,0,0,473,521,994
2022-02-18,5,13,18,376,444,820,6,14,20,38,24,62,1,0,1,426,495,921
2022-02-19,0,0,0,253,273,526,0,2,2,67,32,99,0,0,0,320,307,627
2022-02-20,0,0,0,214,251,465,1,1,2,19,17,36,0,0,0,234,269,503
2022-02-21,4,4,8,311,393,704,3,2,5,61,18,79,0,0,0,379,417,796
2022-02-22,5,5,10,300,363,663,2,5,7,50,33,83,0,0,0,357,406,763
2022-02-23,1,4,5,298,384,682,3,1,4,74,33,107,0,0,0,376,422,798
2022-02-24,1,7,8,271,294,565,3,1,4,61,37,98,0,0,0,336,339,675
2022-02-25,0,0,0,236,266,502,1,2,3,73,32,105,0,0,0,310,300,610
2022-02-26,0,0,0,129,167,296,0,0,0,46,28,74,0,0,0,175,195,370
2022-02-27,0,0,0,133,138,271,0,0,0,50,22,72,0,0,0,183,160,343
2022-02-28,0,1,1,147,180,327,0,1,1,81,32,113,0,0,0,228,214,442
2022-03-01,0,1,1,151,196,347,0,0,0,3,2,5,0,0,0,154,199,353
2022-03-02,1,0,1,209,233,442,2,0,2,3,5,8,0,0,0,215,238,453
2022-03-03,0,3,3,194,252,446,0,2,2,4,2,6,0,0,0,198,259,457
2022-03-04,0,0,0,155,212,367,0,1,1,4,2,6,0,0,0,159,215,374
2022-03-05,0,0,0,134,158,292,0,2,2,6,5,11,0,0,0,140,165,305
2022-03-06,0,0,0,138,146,284,0,1,1,1,1,2,0,0,0,139,148,287
2022-03-07,0,0,0,128,174,302,0,1,1,2,1,3,0,0,0,130,176,306
2022-03-08,1,0,1,151,152,303,1,1,2,2,1,3,0,0,0,155,154,309
2022-03-09,0,1,1,131,170,301,2,1,3,1,2,3,0,0,0,134,174,308
2022-03-10,0,0,0,108,160,268,0,0,0,4,3,7,0,0,0,112,163,275
2022-03-11,0,0,0,115,145,260,0,0,0,2,2,4,0,0,0,117,147,264
2022-03-12,0,1,1,72,105,177,1,1,2,2,2,4,0,0,0,75,109,184
2022-03-13,0,0,0,97,105,202,0,0,0,1,0,1,0,0,0,98,105,203
2022-03-14,1,0,1,120,160,280,0,0,0,21,20,41,0,0,0,142,180,322
2022-03-15,0,0,0,161,164,325,0,0,0,16,20,36,0,0,0,177,184,361
2022-03-16,0,1,1,115,128,243,0,1,1,67,49,116,0,0,0,182,179,361
2022-03-17,1,0,1,51,61,112,1,0,1,76,87,163,0,0,0,129,148,277
2022-03-18,0,0,0,10,13,23,0,1,1,133,142,275,0,0,0,143,156,299
2022-03-19,0,0,0,9,7,16,0,0,0,118,94,212,0,0,0,127,101,228
2022-03-20,0,0,0,5,4,9,0,0,0,65,76,141,0,0,0,70,80,150
2022-03-21,0,1,1,3,8,11,0,0,0,105,151,256,0,0,0,108,160,268
2022-03-22,1,1,2,2,5,7,0,0,0,65,80,145,0,0,0,68,86,154
2022-03-23,0,0,0,5,3,8,0,0,0,53,72,125,0,0,0,58,75,133
