FECHA,<=10M,<=10F,<=10,11-20M,11-20F,11-20,21-30M,21-30F,21-30,31-40M,31-40F,31-40,41-50M,41-50F,41-50,51-60M,51-60F,51-60,61-70M,61-70F,61-70,71-80M,71-80F,71-80,81-90M,81-90F,81-90,>=91M,>=91F,>=91,TotalM,TotalF,Total
2020-03-15,1,0,1,0,0,0,0,2,2,2,1,3,1,1,2,1,0,1,1,0,1,1,1,2,0,0,0,0,0,0,7,5,12
2020-03-16,2,2,4,1,1,2,1,3,4,3,2,5,1,1,2,3,0,3,3,1,4,1,1,2,0,0,0,0,0,0,15,11,26
2020-03-17,3,6,9,1,2,3,2,4,6,4,2,6,2,3,5,3,1,4,4,2,6,3,3,6,1,0,1,0,0,0,23,23,46
2020-03-18,5,7,12,1,2,3,2,4,6,6,3,9,2,5,7,4,2,6,4,4,8,4,3,7,2,0,2,0,0,0,30,30,60
2020-03-19,6,7,13,1,2,3,5,6,11,8,5,13,3,6,9,4,2,6,5,5,10,5,4,9,2,0,2,1,0,1,40,37,77
2020-03-20,7,8,15,2,2,4,5,6,11,9,7,16,3,7,10,4,3,7,5,6,11,7,6,13,3,0,3,1,0,1,46,45,91
2020-03-21,7,8,15,4,2,6,6,8,14,12,8,20,4,8,12,4,3,7,7,8,15,8,7,15,3,0,3,2,0,2,57,52,109
2020-03-22,9,8,17,4,2,6,9,9,18,12,8,20,4,8,12,6,4,10,7,9,16,10,7,17,6,2,8,2,0,2,69,57,126
2020-03-23,12,8,20,4,4,8,10,11,21,14,9,23,4,9,13,8,4,12,9,9,18,14,10,24,9,5,14,2,2,4,86,71,157
2020-03-24,13,8,21,4,4,8,11,12,23,15,10,25,4,11,15,10,6,16,9,10,19,16,10,26,11,6,17,3,2,5,96,79,175
2020-03-25,14,11,25,4,4,8,13,15,28,16,14,30,5,11,16,11,8,19,11,11,22,18,12,30,13,10,23,5,3,8,110,99,209
2020-03-26,18,14,32,6,4,10,14,17,31,20,16,36,6,15,21,14,10,24,12,14,26,21,14,35,17,10,27,8,4,12,136,118,254
2020-03-27,20,17,37,6,5,11,15,19,34,23,16,39,7,19,26,15,13,28,13,19,32,25,20,45,20,12,32,10,10,20,154,150,304
2020-03-28,22,17,39,6,5,11,16,21,37,25,17,42,8,20,28,18,14,32,16,19,35,29,26,55,22,13,35,11,10,21,173,162,335
2020-03-29,23,17,40,7,6,13,17,23,40,27,17,44,10,22,32,18,14,32,22,22,44,33,27,60,26,15,41,13,11,24,196,174,370
2020-03-30,26,18,44,7,6,13,18,29,47,29,19,48,15,24,39,19,15,34,27,23,50,36,32,68,31,16,47,16,13,29,224,195,419
2020-03-31,33,20,53,8,6,14,22,30,52,34,21,55,20,26,46,21,16,37,32,25,57,41,35,76,33,19,52,20,13,33,264,211,475
2020-04-01,42,28,70,8,8,16,27,33,60,40,23,63,30,30,60,24,19,43,36,28,64,47,38,85,38,24,62,20,14,34,312,245,557
2020-04-02,46,36,82,13,12,25,29,37,66,43,27,70,33,33,66,25,26,51,44,31,75,54,45,99,43,30,73,23,18,41,353,295,648
2020-04-03,60,44,104,16,15,31,33,42,75,49,34,83,37,42,79,27,30,57,52,35,87,59,48,107,48,37,85,24,23,47,405,350,755
2020-04-04,67,54,121,18,17,35,35,49,84,51,44,95,41,44,85,32,30,62,57,37,94,61,52,113,52,39,91,25,26,51,439,392,831
2020-04-05,72,61,133,22,19,41,40,50,90,56,46,102,49,45,94,36,32,68,58,47,105,67,60,127,55,43,98,27,29,56,482,432,914
2020-04-06,82,68,150,25,21,46,46,53,99,66,48,114,58,49,107,44,34,78,64,54,118,77,64,141,62,47,109,28,31,59,552,469,1021
2020-04-07,89,78,167,26,23,49,51,56,107,71,55,126,62,53,115,51,36,87,68,58,126,83,72,155,68,58,126,30,32,62,599,521,1120
2020-04-08,96,84,180,30,24,54,53,61,114,76,57,133,69,57,126,56,39,95,74,63,137,92,76,168,70,61,131,33,38,71,649,560,1209
2020-04-09,98,86,184,32,26,58,55,68,123,87,66,153,72,62,134,64,46,110,78,64,142,99,86,185,75,69,144,37,43,80,697,616,1313
2020-04-10,111,88,199,36,29,65,57,73,130,91,67,158,80,63,143,67,51,118,83,66,149,101,95,196,80,77,157,38,47,85,744,656,1400
2020-04-11,116,92,208,38,31,69,65,77,142,96,70,166,85,65,150,69,55,124,86,72,158,108,97,205,84,85,169,39,51,90,786,695,1481
2020-04-12,125,97,222,40,31,71,66,80,146,102,72,174,88,70,158,78,56,134,89,77,166,111,105,216,87,89,176,40,53,93,826,730,1556
2020-04-13,130,105,235,44,34,78,76,86,162,106,80,186,93,75,168,82,61,143,96,81,177,116,113,229,95,97,192,44,59,103,882,791,1673
2020-04-14,142,109,251,47,35,82,82,92,174,114,83,197,97,79,176,91,67,158,100,88,188,124,118,242,102,101,203,48,63,111,947,835,1782
2020-04-15,151,112,263,51,40,91,84,98,182,120,90,210,104,91,195,95,74,169,107,90,197,134,121,255,109,108,217,53,66,119,1008,890,1898
2020-04-16,159,114,273,55,45,100,91,102,193,129,103,232,114,99,213,102,81,183,111,100,211,140,125,265,114,113,227,53,70,123,1068,952,2020
2020-04-17,167,122,289,56,48,104,92,109,201,135,115,250,125,107,232,109,88,197,118,105,223,153,133,286,119,121,240,54,73,127,1128,1021,2149
2020-04-18,174,129,303,59,49,108,102,111,213,149,121,270,132,112,244,115,91,206,120,107,227,157,143,300,125,129,254,57,77,134,1190,1069,2259
2020-04-19,179,135,314,63,50,113,106,113,219,153,125,278,135,117,252,120,99,219,125,113,238,162,151,313,128,136,264,59,78,137,1230,1117,2347
2020-04-20,189,141,330,71,58,129,118,118,236,165,134,299,143,123,266,129,102,231,136,121,257,176,162,338,138,144,282,63,93,156,1328,1196,2524
2020-04-21,200,149,349,76,61,137,130,121,251,173,143,316,145,127,272,133,109,242,142,127,269,187,174,361,146,154,300,65,103,168,1397,1268,2665
2020-04-22,208,155,363,81,66,147,136,128,264,184,146,330,156,133,289,136,116,252,150,130,280,195,188,383,154,166,320,72,109,181,1472,1337,2809
2020-04-23,221,165,386,86,70,156,141,138,279,193,154,347,164,139,303,139,125,264,157,134,291,204,196,400,165,176,341,79,118,197,1549,1415,2964
2020-04-24,232,174,406,91,74,165,149,145,294,205,165,370,169,145,314,146,133,279,165,144,309,214,207,421,175,191,366,82,121,203,1628,1499,3127
2020-04-25,240,178,418,95,75,170,151,150,301,213,173,386,173,149,322,151,137,288,171,149,320,221,210,431,184,207,391,87,126,213,1686,1554,3240
2020-04-26,246,193,439,101,80,181,153,154,307,217,175,392,181,154,335,153,140,293,177,156,333,226,217,443,191,214,405,88,129,217,1733,1612,3345
2020-04-27,257,203,460,107,83,190,158,160,318,220,184,404,185,163,348,163,146,309,184,163,347,245,223,468,202,228,430,91,134,225,1812,1687,3499
2020-04-28,270,210,480,111,88,199,169,169,338,230,193,423,192,172,364,169,154,323,189,170,359,248,235,483,208,242,450,93,138,231,1879,1771,3650
2020-04-29,285,218,503,116,91,207,180,175,355,248,204,452,203,179,382,177,160,337,193,178,371,257,241,498,211,256,467,98,148,246,1968,1850,3818
2020-04-30,300,227,527,124,93,217,188,179,367,253,209,462,214,186,400,184,171,355,203,187,390,264,250,514,219,272,491,106,156,262,2055,1930,3985
2020-05-01,301,238,539,130,98,228,189,184,373,262,220,482,223,192,415,189,174,363,214,192,406,271,258,529,227,283,510,106,159,265,2112,1998,4110
2020-05-02,306,252,558,135,104,239,195,186,381,272,225,497,229,197,426,197,176,373,217,194,411,279,260,539,233,295,528,107,162,269,2170,2051,4221
2020-05-03,313,256,569,138,106,244,200,191,391,280,231,511,233,202,435,205,178,383,225,201,426,283,268,551,240,303,543,110,167,277,2227,2103,4330
2020-05-04,329,272,601,143,108,251,208,201,409,289,237,526,238,208,446,214,181,395,232,213,445,298,281,579,248,321,569,112,171,283,2311,2193,4504
2020-05-05,336,279,615,150,109,259,217,209,426,300,247,547,244,218,462,223,186,409,242,219,461,313,288,601,254,333,587,113,181,294,2392,2269,4661
2020-05-06,348,288,636,153,109,262,227,215,442,316,259,575,258,225,483,227,192,419,251,224,475,332,300,632,260,345,605,117,187,304,2489,2344,4833
2020-05-07,362,295,657,158,115,273,240,220,460,327,268,595,272,233,505,232,198,430,258,229,487,347,306,653,266,357,623,118,195,313,2580,2416,4996
2020-05-08,375,306,681,164,119,283,252,228,480,336,282,618,288,242,530,245,203,448,263,240,503,360,314,674,277,370,647,120,207,327,2680,2511,5191
2020-05-09,391,316,707,167,119,286,256,239,495,341,289,630,295,248,543,249,207,456,270,247,517,371,316,687,282,380,662,125,215,340,2747,2576,5323
2020-05-10,398,324,722,168,120,288,263,249,512,346,295,641,298,253,551,253,212,465,277,252,529,380,327,707,287,390,677,126,222,348,2796,2644,5440
2020-05-11,410,338,748,174,124,298,269,255,524,358,307,665,306,265,571,261,217,478,288,258,546,392,336,728,297,406,703,130,235,365,2885,2741,5626
2020-05-12,425,346,771,180,132,312,291,271,562,379,313,692,314,276,590,267,221,488,297,265,562,398,347,745,307,419,726,135,247,382,2993,2837,5830
2020-05-13,446,357,803,189,139,328,308,279,587,392,332,724,328,282,610,275,229,504,303,273,576,407,354,761,315,433,748,136,256,392,3099,2934,6033
2020-05-14,464,378,842,198,146,344,320,295,615,411,347,758,338,290,628,280,238,518,313,284,597,416,363,779,324,446,770,138,270,408,3202,3057,6259
2020-05-15,481,395,876,206,151,357,326,304,630,422,357,779,348,305,653,291,245,536,322,293,615,423,369,792,334,466,800,143,280,423,3296,3165,6461
2020-05-16,487,409,896,213,156,369,330,313,643,431,369,800,354,312,666,297,252,549,328,298,626,433,374,807,340,470,810,148,294,442,3361,3247,6608
2020-05-17,500,422,922,216,161,377,339,319,658,437,376,813,362,323,685,300,254,554,334,305,639,439,378,817,350,479,829,152,301,453,3429,3318,6747
2020-05-18,517,441,958,224,170,394,359,337,696,457,390,847,372,336,708,312,263,575,344,317,661,456,392,848,366,492,858,154,312,466,3561,3450,7011
2020-05-19,533,456,989,236,181,417,384,356,740,487,410,897,395,346,741,325,277,602,357,328,685,465,410,875,377,512,889,157,321,478,3716,3597,7313
2020-05-20,556,489,1045,245,194,439,406,373,779,521,427,948,411,359,770,334,289,623,375,342,717,475,421,896,389,527,916,163,327,490,3875,3748,7623
2020-05-21,581,516,1097,261,200,461,435,392,827,548,445,993,423,376,799,351,300,651,385,348,733,491,430,921,397,543,940,163,331,494,4035,3881,7916
2020-05-22,604,531,1135,272,211,483,460,417,877,566,468,1034,439,389,828,362,307,669,390,357,747,501,438,939,403,556,959,169,344,513,4166,4018,8184
2020-05-23,616,544,1160,282,224,506,483,431,914,590,484,1074,448,398,846,369,315,684,401,368,769,510,450,960,411,561,972,172,346,518,4282,4121,8403
2020-05-24,630,561,1191,289,231,520,493,439,932,603,493,1096,458,400,858,374,319,693,411,372,783,520,457,977,416,571,987,174,352,526,4368,4195,8563
2020-05-25,654,580,1234,305,244,549,511,462,973,616,505,1121,473,410,883,379,326,705,415,377,792,533,459,992,425,586,1011,176,360,536,4487,4309,8796
2020-05-26,679,604,1283,323,259,582,543,494,1037,656,525,1181,491,431,922,387,340,727,423,382,805,547,463,1010,435,602,1037,179,370,549,4663,4470,9133
2020-05-27,712,630,1342,337,272,609,562,515,1077,678,539,1217,508,441,949,404,353,757,431,389,820,552,474,1026,439,619,1058,183,372,555,4806,4604,9410
2020-05-28,736,664,1400,353,281,634,585,541,1126,697,559,1256,528,459,987,416,368,784,441,401,842,562,480,1042,452,636,1088,188,386,574,4958,4775,9733
2020-05-29,769,689,1458,375,297,672,619,569,1188,724,592,1316,552,478,1030,430,382,812,453,411,864,577,489,1066,466,652,1118,190,390,580,5155,4949,10104
2020-05-30,794,709,1503,387,306,693,652,591,1243,755,603,1358,563,490,1053,441,393,834,459,416,875,587,499,1086,474,663,1137,191,397,588,5303,5067,10370
2020-05-31,813,722,1535,397,315,712,667,600,1267,766,613,1379,575,494,1069,446,400,846,466,420,886,598,504,1102,479,672,1151,192,405,597,5399,5145,10544
2020-06-01,841,743,1584,410,330,740,691,632,1323,792,643,1435,590,511,1101,461,410,871,485,432,917,611,512,1123,484,682,1166,197,409,606,5562,5304,10866
2020-06-02,876,766,1642,428,349,777,722,655,1377,812,667,1479,607,528,1135,470,421,891,500,440,940,632,523,1155,489,696,1185,202,420,622,5738,5465,11203
2020-06-03,902,781,1683,442,373,815,746,681,1427,835,700,1535,619,548,1167,478,431,909,514,451,965,648,535,1183,500,711,1211,204,430,634,5888,5641,11529
2020-06-04,926,802,1728,458,391,849,774,706,1480,852,722,1574,632,561,1193,499,444,943,524,456,980,667,546,1213,510,727,1237,207,440,647,6049,5795,11844
2020-06-05,958,833,1791,469,406,875,807,727,1534,878,756,1634,657,581,1238,519,463,982,536,469,1005,682,557,1239,520,747,1267,210,449,659,6236,5988,12224
2020-06-06,977,852,1829,480,416,896,825,742,1567,906,779,1685,668,592,1260,533,470,1003,545,478,1023,693,566,1259,530,763,1293,212,458,670,6369,6116,12485
2020-06-07,990,871,1861,492,427,919,842,752,1594,922,792,1714,682,600,1282,543,477,1020,552,481,1033,701,572,1273,541,775,1316,214,466,680,6479,6213,12692
2020-06-08,1013,897,1910,509,445,954,870,778,1648,957,819,1776,715,618,1333,562,493,1055,564,491,1055,717,586,1303,551,792,1343,218,473,691,6676,6392,13068
2020-06-09,1056,922,1978,528,466,994,887,810,1697,981,846,1827,744,636,1380,577,500,1077,577,497,1074,725,600,1325,563,818,1381,221,484,705,6859,6579,13438
2020-06-10,1072,943,2015,539,481,1020,923,828,1751,1005,879,1884,770,655,1425,597,517,1114,594,509,1103,745,623,1368,569,837,1406,227,499,726,7041,6771,13812
2020-06-11,1100,973,2073,550,496,1046,948,855,1803,1034,905,1939,783,676,1459,613,539,1152,605,527,1132,761,637,1398,575,861,1436,230,513,743,7199,6982,14181
2020-06-12,1131,1011,2142,558,517,1075,993,882,1875,1074,947,2021,812,707,1519,628,554,1182,626,542,1168,776,650,1426,581,882,1463,234,522,756,7413,7214,14627
2020-06-13,1158,1036,2194,576,535,1111,1023,913,1936,1104,967,2071,819,726,1545,643,566,1209,636,547,1183,789,658,1447,587,897,1484,236,529,765,7571,7374,14945
2020-06-14,1175,1059,2234,593,548,1141,1043,932,1975,1123,978,2101,833,738,1571,651,581,1232,645,551,1196,792,670,1462,600,918,1518,237,537,774,7692,7512,15204
2020-06-15,1197,1085,2282,614,563,1177,1069,959,2028,1142,997,2139,852,750,1602,663,591,1254,656,554,1210,803,677,1480,607,933,1540,239,547,786,7842,7656,15498
2020-06-16,1242,1132,2374,630,582,1212,1124,997,2121,1189,1024,2213,882,773,1655,683,605,1288,671,566,1237,816,683,1499,619,955,1574,242,561,803,8098,7878,15976
2020-06-17,1273,1162,2435,645,603,1248,1171,1029,2200,1224,1065,2289,915,793,1708,707,618,1325,687,577,1264,825,702,1527,635,969,1604,244,570,814,8326,8088,16414
2020-06-18,1311,1197,2508,658,615,1273,1220,1060,2280,1272,1114,2386,949,811,1760,735,639,1374,707,594,1301,836,719,1555,651,990,1641,246,582,828,8585,8321,16906
2020-06-19,1358,1221,2579,670,637,1307,1250,1089,2339,1328,1143,2471,984,843,1827,770,658,1428,732,610,1342,856,734,1590,667,1007,1674,253,595,848,8868,8537,17405
2020-06-20,1386,1248,2634,683,655,1338,1283,1111,2394,1362,1167,2529,1005,867,1872,786,675,1461,748,623,1371,866,742,1608,674,1021,1695,257,601,858,9050,8710,17760
2020-06-21,1413,1265,2678,699,669,1368,1308,1134,2442,1381,1193,2574,1021,874,1895,799,683,1482,756,633,1389,875,747,1622,680,1031,1711,258,608,866,9190,8837,18027
2020-06-22,1451,1299,2750,724,692,1416,1340,1172,2512,1423,1217,2640,1049,899,1948,819,710,1529,774,650,1424,893,762,1655,686,1052,1738,260,620,880,9419,9073,18492
2020-06-23,1491,1336,2827,748,717,1465,1385,1207,2592,1477,1257,2734,1079,930,2009,835,741,1576,790,669,1459,904,773,1677,697,1066,1763,263,626,889,9669,9322,18991
2020-06-24,1522,1368,2890,774,734,1508,1427,1249,2676,1513,1300,2813,1107,953,2060,855,765,1620,801,686,1487,914,785,1699,710,1080,1790,265,631,896,9888,9551,19439
2020-06-25,1559,1415,2974,803,769,1572,1466,1283,2749,1551,1329,2880,1145,986,2131,890,791,1681,810,696,1506,923,799,1722,719,1091,1810,270,637,907,10136,9796,19932
2020-06-26,1596,1439,3035,832,791,1623,1516,1317,2833,1590,1367,2957,1176,1015,2191,906,812,1718,829,712,1541,934,814,1748,729,1109,1838,272,646,918,10380,10022,20402
2020-06-27,1640,1486,3126,859,824,1683,1549,1355,2904,1621,1397,3018,1202,1033,2235,925,821,1746,844,717,1561,937,827,1764,736,1116,1852,276,652,928,10589,10228,20817
2020-06-28,1676,1504,3180,872,838,1710,1562,1387,2949,1649,1422,3071,1219,1051,2270,942,834,1776,854,723,1577,945,835,1780,744,1126,1870,282,659,941,10745,10379,21124
2020-06-29,1714,1547,3261,900,867,1767,1600,1424,3024,1692,1453,3145,1243,1074,2317,957,863,1820,876,733,1609,958,851,1809,755,1140,1895,287,667,954,10982,10619,21601
2020-06-30,1738,1581,3319,909,887,1796,1647,1460,3107,1726,1491,3217,1273,1104,2377,982,883,1865,897,742,1639,975,861,1836,763,1157,1920,289,678,967,11199,10844,22043
2020-07-01,1771,1610,3381,924,911,1835,1699,1501,3200,1766,1521,3287,1297,1132,2429,1007,911,1918,913,754,1667,988,873,1861,772,1176,1948,292,684,976,11429,11073,22502
2020-07-02,1814,1651,3465,943,937,1880,1738,1545,3283,1813,1561,3374,1331,1160,2491,1025,931,1956,931,763,1694,996,885,1881,785,1188,1973,296,689,985,11672,11310,22982
2020-07-03,1858,1681,3539,972,953,1925,1775,1575,3350,1858,1610,3468,1356,1191,2547,1046,951,1997,949,776,1725,1006,901,1907,794,1205,1999,300,693,993,11914,11536,23450
2020-07-04,1883,1713,3596,989,970,1959,1806,1612,3418,1886,1636,3522,1383,1208,2591,1065,964,2029,958,784,1742,1015,913,1928,800,1214,2014,303,699,1002,12088,11713,23801
2020-07-05,1904,1739,3643,1008,982,1990,1831,1644,3475,1915,1664,3579,1393,1229,2622,1082,980,2062,975,798,1773,1030,927,1957,808,1228,2036,306,707,1013,12252,11898,24150
2020-07-06,1926,1770,3696,1025,997,2022,1873,1682,3555,1968,1690,3658,1425,1257,2682,1109,1003,2112,997,820,1817,1048,953,2001,818,1251,2069,309,716,1025,12498,12139,24637
2020-07-07,1963,1823,3786,1043,1021,2064,1927,1724,3651,2015,1727,3742,1451,1289,2740,1138,1022,2160,1015,836,1851,1060,965,2025,828,1271,2099,316,728,1044,12756,12406,25162
2020-07-08,2000,1847,3847,1071,1047,2118,1978,1760,3738,2050,1766,3816,1491,1327,2818,1158,1052,2210,1031,853,1884,1076,986,2062,840,1286,2126,320,742,1062,13015,12666,25681
2020-07-09,2028,1866,3894,1086,1059,2145,2005,1787,3792,2085,1791,3876,1519,1353,2872,1171,1065,2236,1038,869,1907,1085,1008,2093,844,1301,2145,326,749,1075,13187,12848,26035
2020-07-10,2053,1884,3937,1106,1079,2185,2032,1814,3846,2115,1818,3933,1541,1373,2914,1185,1078,2263,1057,885,1942,1101,1020,2121,856,1317,2173,328,760,1088,13374,13028,26402
2020-07-11,2076,1916,3992,1123,1088,2211,2052,1839,3891,2139,1849,3988,1560,1398,2958,1201,1098,2299,1076,896,1972,1113,1039,2152,860,1333,2193,330,771,1101,13530,13227,26757
2020-07-12,2095,1933,4028,1139,1096,2235,2070,1857,3927,2163,1862,4025,1575,1410,2985,1209,1108,2317,1086,906,1992,1123,1044,2167,866,1345,2211,334,777,1111,13660,13338,26998
2020-07-13,2122,1970,4092,1163,1119,2282,2111,1894,4005,2200,1902,4102,1613,1443,3056,1235,1142,2377,1117,930,2047,1143,1077,2220,878,1392,2270,336,801,1137,13918,13670,27588
2020-07-14,2153,2000,4153,1190,1136,2326,2145,1919,4064,2262,1939,4201,1649,1476,3125,1263,1157,2420,1139,955,2094,1160,1105,2265,884,1409,2293,343,815,1158,14188,13911,28099
2020-07-15,2181,2033,4214,1222,1159,2381,2180,1978,4158,2318,1987,4305,1688,1518,3206,1289,1188,2477,1161,978,2139,1170,1122,2292,899,1425,2324,350,820,1170,14458,14208,28666
2020-07-16,2222,2057,4279,1240,1192,2432,2226,2029,4255,2369,2023,4392,1724,1559,3283,1316,1219,2535,1179,993,2172,1186,1140,2326,917,1455,2372,352,838,1190,14731,14505,29236
2020-07-17,2257,2089,4346,1264,1213,2477,2257,2071,4328,2407,2071,4478,1761,1606,3367,1346,1257,2603,1203,1019,2222,1204,1157,2361,933,1475,2408,356,848,1204,14988,14806,29794
2020-07-18,2283,2114,4397,1281,1227,2508,2296,2104,4400,2442,2110,4552,1788,1636,3424,1373,1280,2653,1228,1037,2265,1214,1167,2381,948,1496,2444,358,854,1212,15211,15025,30236
2020-07-19,2311,2143,4454,1292,1244,2536,2321,2128,4449,2467,2137,4604,1812,1659,3471,1396,1303,2699,1241,1048,2289,1227,1175,2402,959,1513,2472,360,860,1220,15386,15210,30596
2020-07-20,2357,2185,4542,1329,1271,2600,2374,2176,4550,2521,2198,4719,1854,1718,3572,1430,1345,2775,1269,1082,2351,1246,1197,2443,979,1534,2513,363,871,1234,15722,15577,31299
2020-07-21,2397,2217,4614,1354,1293,2647,2420,2217,4637,2582,2244,4826,1895,1756,3651,1464,1380,2844,1296,1108,2404,1267,1221,2488,992,1558,2550,368,882,1250,16035,15876,31911
2020-07-22,2452,2251,4703,1377,1316,2693,2484,2267,4751,2638,2300,4938,1946,1797,3743,1492,1406,2898,1312,1132,2444,1290,1241,2531,1007,1589,2596,369,892,1261,16367,16191,32558
2020-07-23,2497,2289,4786,1402,1337,2739,2538,2319,4857,2690,2356,5046,1979,1830,3809,1523,1431,2954,1330,1155,2485,1307,1262,2569,1015,1610,2625,375,901,1276,16656,16490,33146
2020-07-24,2527,2325,4852,1423,1358,2781,2594,2369,4963,2742,2421,5163,2019,1866,3885,1554,1453,3007,1360,1169,2529,1319,1282,2601,1027,1636,2663,377,915,1292,16942,16794,33736
2020-07-25,2557,2356,4913,1449,1371,2820,2632,2412,5044,2783,2461,5244,2050,1897,3947,1567,1466,3033,1374,1185,2559,1333,1294,2627,1037,1653,2690,382,919,1301,17164,17014,34178
2020-07-26,2583,2382,4965,1463,1385,2848,2655,2432,5087,2807,2488,5295,2080,1909,3989,1585,1484,3069,1385,1195,2580,1347,1303,2650,1044,1670,2714,387,925,1312,17336,17173,34509
2020-07-27,2611,2419,5030,1489,1409,2898,2705,2472,5177,2860,2534,5394,2126,1955,4081,1615,1524,3139,1410,1219,2629,1365,1324,2689,1061,1690,2751,392,944,1336,17634,17490,35124
2020-07-28,2648,2450,5098,1512,1430,2942,2767,2542,5309,2918,2578,5496,2169,1998,4167,1651,1565,3216,1442,1247,2689,1379,1353,2732,1071,1715,2786,397,965,1362,17954,17843,35797
2020-07-29,2686,2488,5174,1536,1458,2994,2829,2594,5423,2973,2632,5605,2222,2045,4267,1685,1609,3294,1467,1279,2746,1401,1374,2775,1089,1744,2833,402,989,1391,18290,18212,36502
2020-07-30,2732,2524,5256,1569,1494,3063,2913,2659,5572,3038,2691,5729,2279,2085,4364,1728,1652,3380,1490,1307,2797,1416,1392,2808,1097,1763,2860,403,995,1398,18665,18562,37227
2020-07-31,2768,2567,5335,1588,1520,3108,2963,2725,5688,3113,2754,5867,2329,2124,4453,1767,1685,3452,1513,1339,2852,1437,1417,2854,1108,1791,2899,409,1013,1422,18995,18935,37930
2020-08-01,2794,2588,5382,1602,1544,3146,2992,2764,5756,3146,2795,5941,2355,2164,4519,1796,1711,3507,1534,1347,2881,1456,1433,2889,1119,1813,2932,410,1024,1434,19204,19183,38387
2020-08-02,2824,2613,5437,1618,1561,3179,3022,2785,5807,3180,2828,6008,2377,2198,4575,1815,1734,3549,1545,1365,2910,1463,1450,2913,1131,1828,2959,412,1031,1443,19387,19393,38780
2020-08-03,2866,2660,5526,1645,1590,3235,3073,2838,5911,3238,2873,6111,2412,2240,4652,1844,1766,3610,1576,1387,2963,1474,1471,2945,1145,1860,3005,416,1045,1461,19689,19730,39419
2020-08-04,2912,2692,5604,1678,1623,3301,3140,2881,6021,3302,2928,6230,2468,2279,4747,1885,1800,3685,1602,1408,3010,1491,1493,2984,1162,1890,3052,421,1060,1481,20061,20054,40115
2020-08-05,2955,2732,5687,1713,1647,3360,3197,2924,6121,3349,2986,6335,2506,2318,4824,1922,1845,3767,1631,1436,3067,1513,1513,3026,1179,1910,3089,424,1068,1492,20389,20379,40768
2020-08-06,2996,2761,5757,1735,1683,3418,3254,2981,6235,3403,3048,6451,2559,2371,4930,1955,1887,3842,1658,1457,3115,1532,1534,3066,1195,1934,3129,429,1080,1509,20716,20736,41452
2020-08-07,3048,2802,5850,1762,1709,3471,3312,3035,6347,3465,3097,6562,2601,2430,5031,1995,1913,3908,1677,1481,3158,1551,1562,3113,1209,1970,3179,434,1103,1537,21054,21102,42156
2020-08-08,3080,2833,5913,1782,1727,3509,3347,3074,6421,3524,3150,6674,2635,2469,5104,2026,1945,3971,1697,1500,3197,1564,1587,3151,1220,1991,3211,435,1123,1558,21310,21399,42709
2020-08-09,3108,2862,5970,1796,1739,3535,3378,3108,6486,3563,3183,6746,2660,2509,5169,2054,1975,4029,1717,1517,3234,1577,1608,3185,1236,2035,3271,439,1141,1580,21528,21677,43205
2020-08-10,3155,2897,6052,1827,1766,3593,3444,3164,6608,3630,3228,6858,2710,2561,5271,2090,2011,4101,1736,1534,3270,1594,1634,3228,1249,2055,3304,443,1152,1595,21878,22002,43880
2020-08-11,3192,2935,6127,1867,1789,3656,3509,3222,6731,3707,3291,6998,2768,2616,5384,2132,2051,4183,1766,1559,3325,1617,1665,3282,1264,2082,3346,449,1164,1613,22271,22374,44645
2020-08-12,3227,2977,6204,1905,1815,3720,3562,3295,6857,3755,3375,7130,2823,2672,5495,2169,2093,4262,1794,1584,3378,1632,1692,3324,1276,2103,3379,454,1180,1634,22597,22786,45383
2020-08-13,3251,3012,6263,1943,1841,3784,3639,3369,7008,3840,3459,7299,2875,2726,5601,2218,2136,4354,1815,1618,3433,1659,1710,3369,1287,2129,3416,458,1195,1653,22985,23195,46180
2020-08-14,3277,3040,6317,1962,1866,3828,3722,3447,7169,3904,3528,7432,2941,2771,5712,2259,2179,4438,1846,1647,3493,1681,1741,3422,1300,2150,3450,461,1207,1668,23353,23576,46929
2020-08-15,3318,3064,6382,1995,1888,3883,3765,3498,7263,3954,3587,7541,2969,2821,5790,2289,2208,4497,1870,1666,3536,1696,1772,3468,1309,2195,3504,465,1223,1688,23630,23922,47552
2020-08-16,3350,3085,6435,2010,1899,3909,3810,3538,7348,3991,3625,7616,2990,2853,5843,2310,2229,4539,1881,1688,3569,1713,1787,3500,1318,2226,3544,469,1245,1714,23842,24175,48017
2020-08-17,3377,3102,6479,2032,1919,3951,3861,3585,7446,4042,3680,7722,3030,2897,5927,2345,2275,4620,1897,1724,3621,1728,1801,3529,1327,2246,3573,469,1259,1728,24108,24488,48596
2020-08-18,3421,3141,6562,2064,1933,3997,3917,3640,7557,4120,3747,7867,3079,2938,6017,2375,2334,4709,1918,1758,3676,1751,1829,3580,1336,2264,3600,469,1276,1745,24450,24860,49310
2020-08-19,3471,3178,6649,2088,1961,4049,3966,3709,7675,4188,3811,7999,3122,2987,6109,2413,2366,4779,1937,1787,3724,1769,1859,3628,1349,2300,3649,473,1293,1766,24776,25251,50027
2020-08-20,3496,3205,6701,2113,1982,4095,4028,3772,7800,4239,3870,8109,3153,3036,6189,2448,2398,4846,1963,1818,3781,1782,1879,3661,1365,2322,3687,476,1306,1782,25063,25588,50651
2020-08-21,3524,3249,6773,2146,2007,4153,4077,3825,7902,4303,3939,8242,3205,3085,6290,2490,2446,4936,1997,1850,3847,1805,1915,3720,1378,2357,3735,481,1316,1797,25406,25989,51395
2020-08-22,3538,3266,6804,2173,2027,4200,4117,3862,7979,4342,3994,8336,3244,3118,6362,2514,2469,4983,2020,1873,3893,1819,1937,3756,1387,2371,3758,484,1330,1814,25638,26247,51885
2020-08-23,3561,3297,6858,2188,2042,4230,4144,3887,8031,4377,4033,8410,3271,3140,6411,2538,2498,5036,2038,1892,3930,1829,1959,3788,1399,2378,3777,489,1334,1823,25834,26460,52294
2020-08-24,3606,3344,6950,2213,2068,4281,4197,3953,8150,4441,4093,8534,3320,3198,6518,2588,2533,5121,2064,1926,3990,1849,1984,3833,1416,2399,3815,494,1353,1847,26188,26851,53039
2020-08-25,3635,3376,7011,2245,2090,4335,4254,4025,8279,4508,4174,8682,3363,3241,6604,2623,2575,5198,2086,1956,4042,1863,2003,3866,1432,2429,3861,500,1369,1869,26509,27238,53747
2020-08-26,3682,3397,7079,2273,2120,4393,4327,4093,8420,4574,4233,8807,3407,3297,6704,2661,2612,5273,2116,1980,4096,1884,2030,3914,1449,2458,3907,503,1384,1887,26876,27604,54480
2020-08-27,3722,3428,7150,2312,2156,4468,4404,4160,8564,4646,4300,8946,3465,3354,6819,2705,2652,5357,2137,2012,4149,1909,2055,3964,1467,2489,3956,508,1406,1914,27275,28012,55287
2020-08-28,3762,3464,7226,2356,2182,4538,4484,4244,8728,4712,4373,9085,3526,3418,6944,2752,2710,5462,2164,2051,4215,1939,2082,4021,1477,2509,3986,514,1416,1930,27686,28449,56135
2020-08-29,3792,3482,7274,2372,2196,4568,4545,4296,8841,4759,4444,9203,3572,3461,7033,2783,2740,5523,2194,2073,4267,1957,2101,4058,1487,2533,4020,517,1432,1949,27978,28758,56736
2020-08-30,3816,3511,7327,2396,2214,4610,4590,4331,8921,4807,4481,9288,3611,3500,7111,2812,2766,5578,2210,2096,4306,1970,2118,4088,1495,2546,4041,520,1437,1957,28227,29000,57227
2020-08-31,3854,3540,7394,2425,2241,4666,4657,4389,9046,4866,4546,9412,3665,3555,7220,2843,2803,5646,2238,2135,4373,1998,2145,4143,1515,2585,4100,522,1452,1974,28583,29391,57974
2020-09-01,3894,3579,7473,2448,2283,4731,4725,4460,9185,4955,4621,9576,3730,3597,7327,2880,2861,5741,2259,2161,4420,2015,2172,4187,1529,2628,4157,529,1467,1996,28964,29829,58793
2020-09-02,3928,3603,7531,2473,2303,4776,4773,4528,9301,5008,4695,9703,3778,3638,7416,2918,2898,5816,2277,2185,4462,2043,2197,4240,1546,2655,4201,533,1497,2030,29277,30199,59476
2020-09-03,3962,3634,7596,2506,2330,4836,4850,4602,9452,5103,4775,9878,3835,3693,7528,2962,2933,5895,2302,2218,4520,2061,2222,4283,1558,2683,4241,537,1506,2043,29676,30596,60272
2020-09-04,3999,3674,7673,2535,2361,4896,4912,4668,9580,5176,4849,10025,3895,3763,7658,2994,2976,5970,2335,2260,4595,2087,2246,4333,1572,2709,4281,540,1522,2062,30045,31028,61073
2020-09-05,4026,3698,7724,2553,2375,4928,4963,4716,9679,5234,4918,10152,3935,3819,7754,3020,3011,6031,2365,2288,4653,2105,2264,4369,1588,2729,4317,542,1529,2071,30331,31347,61678
2020-09-06,4052,3722,7774,2568,2391,4959,4987,4755,9742,5272,4953,10225,3965,3850,7815,3037,3040,6077,2381,2312,4693,2115,2286,4401,1601,2745,4346,543,1538,2081,30521,31592,62113
2020-09-07,4082,3754,7836,2592,2420,5012,5058,4833,9891,5348,5019,10367,4015,3912,7927,3074,3097,6171,2424,2343,4767,2131,2312,4443,1615,2775,4390,550,1552,2102,30889,32017,62906
2020-09-08,4116,3785,7901,2623,2447,5070,5120,4900,10020,5430,5092,10522,4069,3967,8036,3124,3149,6273,2455,2383,4838,2160,2339,4499,1632,2802,4434,557,1574,2131,31286,32438,63724
2020-09-09,4153,3816,7969,2646,2479,5125,5189,4963,10152,5494,5153,10647,4123,4020,8143,3169,3194,6363,2486,2427,4913,2182,2368,4550,1647,2839,4486,558,1593,2151,31647,32852,64499
2020-09-10,4184,3835,8019,2682,2505,5187,5270,5038,10308,5575,5241,10816,4192,4076,8268,3211,3241,6452,2513,2455,4968,2206,2394,4600,1658,2873,4531,560,1609,2169,32051,33267,65318
2020-09-11,4217,3867,8084,2724,2529,5253,5334,5093,10427,5638,5322,10960,4248,4139,8387,3256,3302,6558,2550,2485,5035,2230,2423,4653,1677,2899,4576,563,1619,2182,32437,33678,66115
2020-09-12,4242,3889,8131,2744,2553,5297,5371,5131,10502,5673,5375,11048,4277,4178,8455,3287,3342,6629,2576,2512,5088,2251,2446,4697,1689,2930,4619,565,1633,2198,32675,33989,66664
2020-09-13,4273,3914,8187,2757,2566,5323,5409,5176,10585,5714,5431,11145,4301,4204,8505,3315,3366,6681,2605,2538,5143,2262,2457,4719,1694,2944,4638,570,1642,2212,32900,34238,67138
2020-09-14,4308,3950,8258,2785,2594,5379,5473,5258,10731,5782,5502,11284,4348,4261,8609,3371,3418,6789,2645,2580,5225,2290,2484,4774,1712,2962,4674,572,1652,2224,33286,34661,67947
2020-09-15,4348,3978,8326,2806,2612,5418,5535,5300,10835,5848,5589,11437,4393,4307,8700,3402,3461,6863,2679,2616,5295,2313,2518,4831,1727,2996,4723,573,1664,2237,33624,35041,68665
2020-09-16,4394,4019,8413,2848,2652,5500,5609,5388,10997,5913,5671,11584,4450,4365,8815,3443,3508,6951,2712,2652,5364,2337,2538,4875,1743,3026,4769,576,1675,2251,34025,35494,69519
2020-09-17,4428,4050,8478,2877,2694,5571,5669,5450,11119,5973,5736,11709,4505,4439,8944,3496,3567,7063,2752,2692,5444,2364,2566,4930,1758,3045,4803,579,1679,2258,34401,35918,70319
2020-09-18,4467,4093,8560,2899,2732,5631,5729,5521,11250,6057,5827,11884,4554,4496,9050,3534,3613,7147,2781,2739,5520,2394,2594,4988,1772,3068,4840,582,1691,2273,34769,36374,71143
2020-09-19,4482,4128,8610,2912,2758,5670,5760,5553,11313,6095,5877,11972,4583,4522,9105,3557,3635,7192,2811,2764,5575,2413,2615,5028,1787,3088,4875,585,1698,2283,34985,36638,71623
2020-09-20,4508,4157,8665,2938,2783,5721,5792,5588,11380,6135,5910,12045,4610,4550,9160,3577,3662,7239,2823,2784,5607,2433,2632,5065,1791,3106,4897,588,1706,2294,35195,36878,72073
2020-09-21,4542,4193,8735,2967,2818,5785,5851,5641,11492,6196,5984,12180,4658,4603,9261,3617,3694,7311,2856,2819,5675,2459,2660,5119,1802,3121,4923,589,1716,2305,35537,37249,72786
2020-09-22,4590,4232,8822,3005,2859,5864,5911,5713,11624,6261,6052,12313,4719,4641,9360,3667,3743,7410,2893,2846,5739,2487,2691,5178,1814,3155,4969,592,1729,2321,35939,37661,73600
2020-09-23,4635,4267,8902,3026,2884,5910,5957,5788,11745,6319,6120,12439,4763,4693,9456,3704,3786,7490,2925,2879,5804,2507,2727,5234,1825,3178,5003,594,1742,2336,36255,38064,74319
2020-09-24,4681,4311,8992,3063,2919,5982,6028,5850,11878,6400,6196,12596,4817,4747,9564,3739,3822,7561,2940,2932,5872,2525,2755,5280,1848,3203,5051,601,1764,2365,36642,38499,75141
2020-09-25,4719,4338,9057,3093,2941,6034,6090,5915,12005,6460,6256,12716,4874,4799,9673,3775,3863,7638,2972,2972,5944,2549,2782,5331,1867,3228,5095,601,1775,2376,37000,38869,75869
2020-09-26,4743,4359,9102,3119,2959,6078,6130,5954,12084,6507,6295,12802,4911,4837,9748,3800,3904,7704,2995,2994,5989,2566,2798,5364,1877,3247,5124,607,1784,2391,37255,39131,76386
2020-09-27,4766,4387,9153,3135,2983,6118,6172,6001,12173,6538,6333,12871,4948,4866,9814,3829,3934,7763,3017,3011,6028,2573,2816,5389,1886,3260,5146,609,1791,2400,37473,39382,76855
2020-09-28,4803,4414,9217,3164,3011,6175,6229,6052,12281,6606,6397,13003,5013,4909,9922,3882,3993,7875,3065,3038,6103,2594,2845,5439,1902,3287,5189,613,1811,2424,37871,39757,77628
2020-09-29,4851,4450,9301,3198,3053,6251,6307,6109,12416,6694,6477,13171,5076,4962,10038,3921,4034,7955,3107,3083,6190,2624,2895,5519,1924,3325,5249,616,1835,2451,38318,40223,78541
2020-09-30,4892,4485,9377,3228,3090,6318,6378,6182,12560,6759,6545,13304,5129,5009,10138,3965,4086,8051,3145,3131,6276,2654,2924,5578,1933,3350,5283,621,1844,2465,38704,40646,79350
2020-10-01,4936,4531,9467,3254,3145,6399,6452,6267,12719,6838,6625,13463,5173,5073,10246,4009,4125,8134,3186,3171,6357,2682,2971,5653,1947,3369,5316,625,1854,2479,39102,41131,80233
2020-10-02,4989,4581,9570,3286,3178,6464,6515,6350,12865,6899,6705,13604,5217,5136,10353,4061,4164,8225,3227,3213,6440,2712,3011,5723,1961,3402,5363,629,1871,2500,39496,41611,81107
2020-10-03,5014,4608,9622,3309,3209,6518,6563,6398,12961,6944,6752,13696,5255,5171,10426,4096,4192,8288,3244,3240,6484,2732,3029,5761,1969,3421,5390,632,1878,2510,39758,41898,81656
2020-10-04,5043,4640,9683,3330,3232,6562,6605,6441,13046,6977,6786,13763,5291,5206,10497,4124,4216,8340,3264,3261,6525,2745,3044,5789,1979,3447,5426,635,1881,2516,39993,42154,82147
2020-10-05,5067,4679,9746,3358,3259,6617,6660,6501,13161,7061,6862,13923,5369,5257,10626,4174,4266,8440,3322,3297,6619,2778,3090,5868,1999,3474,5473,638,1888,2526,40426,42573,82999
2020-10-06,5101,4728,9829,3397,3295,6692,6726,6557,13283,7137,6931,14068,5447,5305,10752,4224,4312,8536,3357,3336,6693,2809,3126,5935,2017,3501,5518,644,1899,2543,40859,42990,83849
2020-10-07,5148,4762,9910,3419,3321,6740,6795,6627,13422,7219,7019,14238,5503,5366,10869,4264,4370,8634,3395,3381,6776,2839,3158,5997,2035,3531,5566,652,1906,2558,41269,43441,84710
2020-10-08,5192,4797,9989,3456,3348,6804,6863,6701,13564,7287,7092,14379,5561,5427,10988,4308,4424,8732,3431,3414,6845,2865,3196,6061,2051,3557,5608,657,1930,2587,41671,43886,85557
2020-10-09,5226,4843,10069,3506,3392,6898,6915,6783,13698,7374,7194,14568,5619,5494,11113,4356,4483,8839,3470,3459,6929,2890,3234,6124,2062,3583,5645,661,1945,2606,42079,44410,86489
2020-10-10,5251,4875,10126,3539,3418,6957,6975,6840,13815,7434,7255,14689,5660,5543,11203,4391,4531,8922,3505,3491,6996,2905,3263,6168,2080,3603,5683,670,1960,2630,42410,44779,87189
2020-10-11,5280,4902,10182,3560,3436,6996,7021,6899,13920,7489,7318,14807,5708,5584,11292,4426,4559,8985,3541,3527,7068,2923,3292,6215,2096,3627,5723,671,1969,2640,42715,45113,87828
2020-10-12,5305,4934,10239,3601,3469,7070,7096,6984,14080,7564,7396,14960,5766,5658,11424,4476,4629,9105,3595,3570,7165,2961,3337,6298,2120,3673,5793,673,1988,2661,43157,45638,88795
2020-10-13,5359,4981,10340,3656,3509,7165,7206,7098,14304,7668,7522,15190,5838,5747,11585,4557,4722,9279,3651,3622,7273,2999,3390,6389,2148,3724,5872,682,2012,2694,43764,46327,90091
2020-10-14,5408,5027,10435,3694,3564,7258,7301,7214,14515,7771,7642,15413,5905,5836,11741,4620,4793,9413,3704,3674,7378,3051,3444,6495,2169,3758,5927,682,2032,2714,44305,46984,91289
2020-10-15,5455,5070,10525,3745,3618,7363,7410,7329,14739,7901,7773,15674,6005,5950,11955,4699,4878,9577,3770,3742,7512,3084,3499,6583,2187,3796,5983,691,2047,2738,44947,47702,92649
2020-10-16,5515,5110,10625,3793,3680,7473,7545,7481,15026,8040,7887,15927,6112,6058,12170,4775,4968,9743,3828,3810,7638,3124,3557,6681,2213,3844,6057,694,2082,2776,45639,48477,94116
2020-10-17,5541,5141,10682,3825,3719,7544,7638,7551,15189,8130,7988,16118,6189,6140,12329,4816,5016,9832,3868,3862,7730,3165,3597,6762,2227,3877,6104,698,2097,2795,46097,48988,95085
2020-10-18,5565,5169,10734,3850,3747,7597,7675,7602,15277,8187,8063,16250,6222,6190,12412,4855,5053,9908,3898,3889,7787,3187,3634,6821,2239,3914,6153,699,2110,2809,46377,49371,95748
2020-10-19,5636,5219,10855,3900,3804,7704,7794,7756,15550,8320,8215,16535,6348,6326,12674,4947,5142,10089,3978,3962,7940,3240,3698,6938,2264,3958,6222,702,2125,2827,47129,50205,97334
2020-10-20,5691,5280,10971,3958,3860,7818,7937,7889,15826,8443,8353,16796,6451,6450,12901,5032,5232,10264,4047,4025,8072,3276,3751,7027,2298,4003,6301,703,2150,2853,47836,50993,98829
2020-10-21,5730,5314,11044,4029,3909,7938,8033,8024,16057,8544,8457,17001,6537,6540,13077,5106,5290,10396,4107,4076,8183,3311,3797,7108,2319,4051,6370,706,2170,2876,48422,51628,100050
2020-10-22,5771,5349,11120,4092,3975,8067,8120,8128,16248,8630,8558,17188,6615,6641,13256,5167,5367,10534,4148,4129,8277,3343,3837,7180,2341,4089,6430,713,2193,2906,48940,52266,101206
2020-10-23,5807,5381,11188,4138,4014,8152,8193,8217,16410,8704,8654,17358,6673,6726,13399,5221,5418,10639,4194,4186,8380,3383,3878,7261,2366,4108,6474,718,2218,2936,49397,52800,102197
2020-10-24,5826,5405,11231,4158,4048,8206,8257,8266,16523,8753,8714,17467,6720,6773,13493,5257,5455,10712,4215,4216,8431,3412,3906,7318,2374,4131,6505,723,2231,2954,49695,53145,102840
2020-10-25,5863,5434,11297,4178,4076,8254,8318,8332,16650,8811,8802,17613,6768,6822,13590,5304,5511,10815,4247,4249,8496,3438,3938,7376,2382,4150,6532,727,2234,2961,50036,53548,103584
2020-10-26,5908,5470,11378,4242,4122,8364,8406,8431,16837,8916,8920,17836,6840,6919,13759,5369,5592,10961,4292,4303,8595,3476,3986,7462,2399,4196,6595,732,2254,2986,50580,54193,104773
2020-10-27,5948,5512,11460,4288,4160,8448,8516,8551,17067,9015,9010,18025,6934,7006,13940,5441,5683,11124,4356,4384,8740,3518,4042,7560,2416,4224,6640,735,2262,2997,51167,54834,106001
2020-10-28,5993,5555,11548,4326,4198,8524,8596,8666,17262,9116,9117,18233,6995,7085,14080,5506,5757,11263,4413,4433,8846,3549,4079,7628,2428,4257,6685,739,2276,3015,51661,55423,107084
2020-10-29,6028,5588,11616,4361,4240,8601,8710,8759,17469,9235,9229,18464,7068,7171,14239,5554,5818,11372,4466,4489,8955,3576,4111,7687,2445,4286,6731,741,2284,3025,52184,55975,108159
2020-10-30,6065,5614,11679,4392,4283,8675,8791,8880,17671,9329,9329,18658,7141,7247,14388,5602,5877,11479,4511,4543,9054,3600,4146,7746,2465,4316,6781,746,2301,3047,52642,56536,109178
2020-10-31,6092,5636,11728,4413,4307,8720,8838,8934,17772,9379,9398,18777,7182,7302,14484,5639,5911,11550,4544,4582,9126,3622,4171,7793,2473,4331,6804,749,2305,3054,52931,56877,109808
2020-11-01,6132,5668,11800,4444,4353,8797,8897,9006,17903,9440,9477,18917,7248,7357,14605,5681,5966,11647,4578,4631,9209,3649,4198,7847,2483,4352,6835,752,2311,3063,53304,57319,110623
2020-11-02,6173,5714,11887,4488,4403,8891,8991,9116,18107,9545,9572,19117,7320,7445,14765,5750,6029,11779,4638,4692,9330,3683,4233,7916,2501,4377,6878,755,2326,3081,53844,57907,111751
2020-11-03,6208,5744,11952,4516,4432,8948,9067,9208,18275,9629,9648,19277,7379,7490,14869,5799,6081,11880,4680,4732,9412,3718,4264,7982,2521,4411,6932,757,2339,3096,54274,58349,112623
2020-11-04,6248,5787,12035,4557,4478,9035,9184,9329,18513,9724,9760,19484,7478,7593,15071,5867,6158,12025,4749,4791,9540,3761,4304,8065,2542,4452,6994,768,2354,3122,54878,59006,113884
2020-11-05,6295,5829,12124,4624,4531,9155,9318,9451,18769,9853,9882,19735,7585,7690,15275,5954,6254,12208,4793,4851,9644,3797,4342,8139,2562,4482,7044,771,2368,3139,55552,59680,115232
2020-11-06,6324,5864,12188,4651,4576,9227,9391,9530,18921,9917,9960,19877,7629,7738,15367,6006,6309,12315,4830,4900,9730,3827,4383,8210,2577,4512,7089,775,2377,3152,55927,60149,116076
2020-11-07,6354,5897,12251,4679,4613,9292,9446,9605,19051,9970,10037,20007,7680,7795,15475,6051,6364,12415,4870,4944,9814,3854,4415,8269,2599,4532,7131,782,2382,3164,56285,60584,116869
2020-11-08,6396,5942,12338,4715,4652,9367,9515,9667,19182,10032,10119,20151,7732,7857,15589,6085,6410,12495,4913,4987,9900,3883,4448,8331,2609,4548,7157,786,2386,3172,56666,61016,117682
2020-11-09,6450,5996,12446,4784,4695,9479,9602,9777,19379,10141,10249,20390,7812,7951,15763,6168,6484,12652,4972,5051,10023,3908,4489,8397,2634,4587,7221,790,2396,3186,57261,61675,118936
2020-11-10,6487,6026,12513,4823,4733,9556,9687,9858,19545,10240,10349,20589,7876,8014,15890,6221,6540,12761,5036,5095,10131,3940,4524,8464,2658,4615,7273,794,2407,3201,57762,62161,119923
2020-11-11,6535,6063,12598,4858,4777,9635,9783,9959,19742,10334,10441,20775,7954,8090,16044,6282,6614,12896,5078,5136,10214,3975,4558,8533,2678,4654,7332,798,2425,3223,58275,62717,120992
2020-11-12,6586,6100,12686,4902,4817,9719,9862,10069,19931,10443,10551,20994,8046,8179,16225,6352,6668,13020,5124,5210,10334,4016,4603,8619,2699,4691,7390,801,2436,3237,58831,63324,122155
2020-11-13,6633,6130,12763,4953,4856,9809,9952,10180,20132,10524,10647,21171,8121,8256,16377,6412,6729,13141,5183,5273,10456,4053,4643,8696,2720,4724,7444,805,2450,3255,59356,63888,123244
2020-11-14,6685,6168,12853,4982,4885,9867,10008,10251,20259,10598,10731,21329,8167,8319,16486,6454,6774,13228,5233,5299,10532,4079,4680,8759,2729,4747,7476,809,2454,3263,59744,64308,124052
2020-11-15,6726,6210,12936,5018,4909,9927,10075,10339,20414,10681,10798,21479,8232,8382,16614,6503,6833,13336,5277,5346,10623,4105,4712,8817,2738,4771,7509,809,2468,3277,60164,64768,124932
2020-11-16,6767,6259,13026,5063,4947,10010,10152,10424,20576,10761,10888,21649,8314,8457,16771,6540,6893,13433,5321,5400,10721,4141,4750,8891,2754,4801,7555,814,2489,3303,60627,65308,125935
2020-11-17,6812,6310,13122,5113,4992,10105,10259,10533,20792,10881,11010,21891,8403,8546,16949,6600,6957,13557,5386,5474,10860,4187,4801,8988,2763,4838,7601,815,2498,3313,61219,65959,127178
2020-11-18,6856,6354,13210,5172,5039,10211,10367,10639,21006,11016,11128,22144,8486,8620,17106,6660,7022,13682,5432,5521,10953,4234,4847,9081,2779,4881,7660,818,2507,3325,61820,66558,128378
2020-11-19,6902,6391,13293,5238,5093,10331,10470,10760,21230,11119,11256,22375,8558,8705,17263,6727,7097,13824,5492,5582,11074,4272,4883,9155,2800,4917,7717,821,2517,3338,62399,67201,129600
2020-11-20,6950,6432,13382,5281,5135,10416,10560,10864,21424,11219,11356,22575,8619,8779,17398,6787,7162,13949,5545,5632,11177,4300,4913,9213,2820,4944,7764,825,2527,3352,62906,67744,130650
2020-11-21,6988,6464,13452,5311,5168,10479,10619,10932,21551,11286,11419,22705,8671,8837,17508,6827,7207,14034,5582,5667,11249,4323,4933,9256,2829,4957,7786,828,2537,3365,63264,68121,131385
2020-11-22,7018,6492,13510,5339,5196,10535,10677,10990,21667,11336,11484,22820,8725,8888,17613,6855,7238,14093,5612,5712,11324,4345,4949,9294,2838,4978,7816,829,2545,3374,63574,68472,132046
2020-11-23,7068,6532,13600,5373,5230,10603,10749,11064,21813,11417,11562,22979,8791,8945,17736,6900,7283,14183,5653,5757,11410,4367,4979,9346,2857,5007,7864,835,2557,3392,64010,68916,132926
2020-11-24,7110,6582,13692,5425,5275,10700,10842,11157,21999,11537,11656,23193,8875,9016,17891,6961,7346,14307,5708,5810,11518,4400,5023,9423,2882,5042,7924,837,2562,3399,64577,69469,134046
2020-11-25,7165,6633,13798,5481,5321,10802,10950,11252,22202,11647,11772,23419,8947,9088,18035,7017,7396,14413,5758,5862,11620,4426,5061,9487,2901,5069,7970,842,2571,3413,65134,70025,135159
2020-11-26,7206,6679,13885,5539,5375,10914,11055,11366,22421,11751,11893,23644,9009,9183,18192,7086,7462,14548,5819,5914,11733,4460,5108,9568,2918,5100,8018,850,2583,3433,65693,70663,136356
2020-11-27,7226,6716,13942,5572,5402,10974,11145,11471,22616,11823,11983,23806,9066,9227,18293,7143,7517,14660,5860,5957,11817,4488,5142,9630,2932,5136,8068,855,2588,3443,66110,71139,137249
2020-11-28,7275,6743,14018,5605,5436,11041,11224,11543,22767,11875,12059,23934,9114,9285,18399,7202,7566,14768,5888,5991,11879,4512,5176,9688,2943,5165,8108,857,2592,3449,66495,71556,138051
2020-11-29,7311,6783,14094,5630,5478,11108,11304,11625,22929,11946,12150,24096,9186,9339,18525,7248,7615,14863,5935,6036,11971,4534,5203,9737,2958,5179,8137,859,2599,3458,66911,72007,138918
2020-11-30,7365,6832,14197,5691,5520,11211,11436,11770,23206,12061,12274,24335,9285,9429,18714,7308,7692,15000,5996,6108,12104,4576,5255,9831,2977,5212,8189,865,2607,3472,67560,72699,140259
2020-12-01,7406,6878,14284,5730,5576,11306,11554,11875,23429,12159,12394,24553,9368,9520,18888,7348,7752,15100,6054,6178,12232,4614,5302,9916,2996,5240,8236,867,2611,3478,68096,73326,141422
2020-12-02,7432,6899,14331,5761,5610,11371,11624,11953,23577,12219,12480,24699,9430,9593,19023,7390,7797,15187,6088,6210,12298,4644,5335,9979,3010,5258,8268,872,2621,3493,68470,73756,142226
2020-12-03,7468,6944,14412,5808,5652,11460,11713,12083,23796,12330,12607,24937,9517,9678,19195,7449,7854,15303,6143,6275,12418,4681,5368,10049,3025,5281,8306,875,2631,3506,69009,74373,143382
2020-12-04,7506,6985,14491,5852,5705,11557,11807,12173,23980,12425,12708,25133,9595,9764,19359,7515,7929,15444,6197,6342,12539,4720,5409,10129,3043,5310,8353,882,2640,3522,69542,74965,144507
2020-12-05,7537,7017,14554,5892,5741,11633,11886,12250,24136,12512,12775,25287,9646,9812,19458,7552,7970,15522,6228,6371,12599,4740,5431,10171,3054,5332,8386,887,2648,3535,69934,75347,145281
2020-12-06,7568,7046,14614,5925,5766,11691,11947,12306,24253,12569,12824,25393,9687,9867,19554,7581,8007,15588,6259,6402,12661,4767,5459,10226,3070,5348,8418,888,2651,3539,70261,75676,145937
2020-12-07,7589,7083,14672,5966,5795,11761,12037,12402,24439,12642,12902,25544,9744,9932,19676,7619,8054,15673,6288,6436,12724,4792,5497,10289,3082,5367,8449,892,2656,3548,70651,76124,146775
2020-12-08,7624,7125,14749,5991,5825,11816,12114,12483,24597,12723,12980,25703,9793,9980,19773,7671,8106,15777,6330,6476,12806,4813,5533,10346,3088,5386,8474,897,2660,3557,71044,76554,147598
2020-12-09,7665,7162,14827,6029,5875,11904,12240,12626,24866,12866,13117,25983,9903,10070,19973,7768,8199,15967,6415,6557,12972,4857,5597,10454,3104,5419,8523,900,2677,3577,71747,77299,149046
2020-12-10,7711,7206,14917,6103,5951,12054,12389,12785,25174,13021,13297,26318,10011,10187,20198,7886,8313,16199,6504,6640,13144,4899,5634,10533,3121,5463,8584,906,2687,3593,72551,78163,150714
2020-12-11,7750,7249,14999,6154,6006,12160,12547,12959,25506,13190,13477,26667,10132,10312,20444,7997,8430,16427,6603,6748,13351,4951,5689,10640,3141,5492,8633,907,2695,3602,73372,79057,152429
2020-12-12,7788,7286,15074,6216,6055,12271,12668,13088,25756,13317,13629,26946,10254,10427,20681,8098,8512,16610,6667,6851,13518,4991,5746,10737,3151,5515,8666,909,2703,3612,74059,79812,153871
2020-12-13,7824,7317,15141,6260,6112,12372,12762,13207,25969,13435,13760,27195,10349,10522,20871,8200,8603,16803,6740,6907,13647,5029,5779,10808,3162,5539,8701,915,2707,3622,74676,80453,155129
2020-12-14,7881,7361,15242,6314,6167,12481,12913,13361,26274,13591,13919,27510,10465,10651,21116,8308,8714,17022,6829,7013,13842,5084,5843,10927,3183,5571,8754,924,2719,3643,75492,81319,156811
2020-12-15,7923,7402,15325,6377,6230,12607,13035,13511,26546,13747,14075,27822,10580,10754,21334,8415,8834,17249,6932,7119,14051,5134,5891,11025,3196,5589,8785,925,2732,3657,76264,82137,158401
2020-12-16,7951,7440,15391,6441,6318,12759,13197,13704,26901,13950,14287,28237,10719,10917,21636,8554,8960,17514,7058,7232,14290,5199,5957,11156,3216,5610,8826,929,2744,3673,77214,83169,160383
2020-12-17,8001,7492,15493,6515,6388,12903,13358,13898,27256,14164,14526,28690,10883,11080,21963,8683,9088,17771,7126,7328,14454,5252,6003,11255,3226,5634,8860,933,2752,3685,78141,84189,162330
2020-12-18,8066,7539,15605,6602,6496,13098,13552,14103,27655,14389,14765,29154,11057,11255,22312,8827,9249,18076,7289,7479,14768,5350,6081,11431,3241,5684,8925,937,2760,3697,79310,85411,164721
2020-12-19,8112,7576,15688,6672,6571,13243,13695,14279,27974,14621,14998,29619,11203,11403,22606,8949,9372,18321,7399,7615,15014,5399,6148,11547,3258,5709,8967,939,2765,3704,80247,86436,166683
2020-12-20,8153,7629,15782,6752,6656,13408,13853,14446,28299,14848,15225,30073,11373,11574,22947,9092,9532,18624,7522,7739,15261,5455,6199,11654,3270,5725,8995,942,2772,3714,81260,87497,168757
2020-12-21,8216,7689,15905,6852,6729,13581,14071,14648,28719,15109,15501,30610,11575,11753,23328,9248,9695,18943,7660,7888,15548,5523,6280,11803,3283,5765,9048,947,2779,3726,82484,88727,171211
2020-12-22,8277,7756,16033,6958,6823,13781,14309,14893,29202,15385,15813,31198,11797,11961,23758,9417,9851,19268,7827,8057,15884,5599,6345,11944,3302,5797,9099,951,2784,3735,83822,90080,173902
2020-12-23,8342,7819,16161,7073,6916,13989,14563,15156,29719,15679,16089,31768,11997,12194,24191,9589,10000,19589,7957,8204,16161,5663,6410,12073,3329,5834,9163,957,2799,3756,85149,91421,176570
2020-12-24,8375,7861,16236,7124,6979,14103,14706,15300,30006,15865,16251,32116,12126,12303,24429,9666,10088,19754,8023,8287,16310,5707,6447,12154,3334,5856,9190,960,2804,3764,85886,92176,178062
2020-12-25,8392,7878,16270,7143,7001,14144,14749,15329,30078,15912,16305,32217,12156,12333,24489,9689,10118,19807,8039,8308,16347,5720,6455,12175,3341,5872,9213,963,2808,3771,86104,92407,178511
2020-12-26,8445,7919,16364,7251,7122,14373,14923,15548,30471,16193,16557,32750,12335,12540,24875,9834,10267,20101,8125,8421,16546,5766,6513,12279,3359,5902,9261,964,2820,3784,87195,93609,180804
2020-12-27,8479,7951,16430,7385,7243,14628,15120,15714,30834,16460,16790,33250,12563,12748,25311,9992,10441,20433,8264,8555,16819,5821,6587,12408,3384,5938,9322,967,2831,3798,88435,94798,183233
2020-12-28,8546,8009,16555,7539,7410,14949,15416,16023,31439,16867,17178,34045,12835,13037,25872,10202,10672,20874,8406,8735,17141,5890,6671,12561,3411,5984,9395,970,2847,3817,90082,96566,186648
2020-12-29,8605,8065,16670,7678,7559,15237,15698,16326,32024,17179,17461,34640,13094,13297,26391,10378,10842,21220,8544,8898,17442,5964,6762,12726,3433,6033,9466,978,2862,3840,91551,98105,189656
2020-12-30,8661,8110,16771,7835,7731,15566,15995,16582,32577,17551,17808,35359,13346,13559,26905,10567,11069,21636,8688,9051,17739,6040,6841,12881,3459,6077,9536,981,2874,3855,93123,99702,192825
2020-12-31,8700,8151,16851,7941,7832,15773,16218,16790,33008,17764,18065,35829,13524,13762,27286,10694,11193,21887,8751,9135,17886,6079,6895,12974,3472,6105,9577,981,2881,3862,94124,100809,194933
2021-01-01,8718,8162,16880,7963,7859,15822,16253,16836,33089,17809,18120,35929,13565,13796,27361,10727,11229,21956,8771,9157,17928,6097,6912,13009,3477,6121,9598,982,2885,3867,94362,101077,195439
2021-01-02,8771,8201,16972,8061,7973,16034,16454,17042,33496,18047,18368,36415,13739,13983,27722,10849,11397,22246,8911,9293,18204,6162,6977,13139,3492,6159,9651,985,2893,3878,95471,102286,197757
2021-01-03,8808,8240,17048,8224,8125,16349,16739,17345,34084,18417,18738,37155,13993,14287,28280,11038,11632,22670,9080,9473,18553,6239,7076,13315,3514,6194,9708,988,2899,3887,97040,104009,201049
2021-01-04,8863,8291,17154,8360,8242,16602,17103,17734,34837,18810,19166,37976,14288,14599,28887,11233,11871,23104,9245,9638,18883,6331,7169,13500,3548,6254,9802,992,2911,3903,98773,105875,204648
2021-01-05,8907,8347,17254,8527,8393,16920,17486,18149,35635,19231,19612,38843,14600,14918,29518,11442,12113,23555,9418,9884,19302,6429,7275,13704,3575,6309,9884,997,2922,3919,100612,107922,208534
2021-01-06,8960,8394,17354,8709,8565,17274,17878,18518,36396,19635,20006,39641,14925,15237,30162,11686,12370,24056,9596,10094,19690,6530,7384,13914,3605,6366,9971,1001,2942,3943,102525,109876,212401
2021-01-07,9011,8440,17451,8842,8713,17555,18165,18818,36983,19971,20329,40300,15177,15473,30650,11850,12573,24423,9741,10251,19992,6606,7490,14096,3631,6417,10048,1003,2951,3954,103997,111455,215452
2021-01-08,9071,8485,17556,8982,8870,17852,18486,19132,37618,20254,20656,40910,15380,15749,31129,12020,12770,24790,9851,10397,20248,6674,7597,14271,3658,6454,10112,1010,2960,3970,105386,113070,218456
2021-01-09,9107,8528,17635,9103,9011,18114,18719,19419,38138,20587,20998,41585,15598,15998,31596,12192,12958,25150,9960,10558,20518,6724,7671,14395,3679,6492,10171,1010,2972,3982,106679,114605,221284
2021-01-10,9154,8576,17730,9240,9163,18403,18968,19687,38655,20866,21344,42210,15824,16237,32061,12349,13141,25490,10080,10662,20742,6768,7742,14510,3691,6524,10215,1011,2982,3993,107951,116058,224009
2021-01-11,9213,8620,17833,9405,9336,18741,19322,20066,39388,21219,21749,42968,16093,16518,32611,12545,13349,25894,10210,10835,21045,6843,7816,14659,3713,6564,10277,1012,2989,4001,109575,117842,227417
2021-01-12,9283,8663,17946,9544,9484,19028,19614,20401,40015,21507,22068,43575,16312,16760,33072,12705,13563,26268,10344,10964,21308,6894,7884,14778,3742,6592,10334,1015,2999,4014,110960,119378,230338
2021-01-13,9357,8729,18086,9714,9666,19380,19967,20741,40708,21821,22407,44228,16574,17020,33594,12893,13792,26685,10494,11145,21639,6965,7960,14925,3762,6640,10402,1021,3003,4024,112568,121103,233671
2021-01-14,9413,8784,18197,9880,9834,19714,20278,21079,41357,22135,22760,44895,16798,17288,34086,13086,14037,27123,10630,11305,21935,7027,8034,15061,3782,6677,10459,1024,3009,4033,114053,122807,236860
2021-01-15,9474,8839,18313,10153,10101,20254,20659,21493,42152,22587,23233,45820,17159,17642,34801,13371,14331,27702,10795,11503,22298,7093,8131,15224,3806,6722,10528,1027,3018,4045,116124,125013,241137
2021-01-16,9512,8868,18380,10443,10379,20822,20985,21870,42855,23002,23678,46680,17543,18038,35581,13656,14594,28250,10978,11713,22691,7195,8232,15427,3829,6763,10592,1029,3027,4056,118172,127162,245334
2021-01-17,9551,8892,18443,10685,10630,21315,21303,22263,43566,23369,24059,47428,17915,18451,36366,13905,14856,28761,11109,11869,22978,7262,8308,15570,3848,6789,10637,1031,3029,4060,119978,129146,249124
2021-01-18,9610,8950,18560,10995,10956,21951,21736,22715,44451,23841,24535,48376,18352,18874,37226,14236,15191,29427,11330,12118,23448,7358,8429,15787,3877,6838,10715,1034,3038,4072,122369,131644,254013
2021-01-19,9673,8997,18670,11286,11214,22500,22154,23123,45277,24311,24994,49305,18761,19298,38059,14521,15519,30040,11537,12361,23898,7459,8553,16012,3897,6888,10785,1041,3054,4095,124640,134001,258641
2021-01-20,9733,9053,18786,11583,11499,23082,22527,23538,46065,24719,25389,50108,19153,19697,38850,14835,15841,30676,11768,12612,24380,7576,8683,16259,3922,6932,10854,1049,3068,4117,126865,136312,263177
2021-01-21,9803,9108,18911,11773,11739,23512,22858,23868,46726,25025,25737,50762,19423,20020,39443,15045,16136,31181,11943,12785,24728,7655,8770,16425,3959,6974,10933,1056,3081,4137,128540,138218,266758
2021-01-22,9855,9162,19017,12005,11946,23951,23128,24181,47309,25292,26050,51342,19695,20327,40022,15247,16369,31616,12096,12958,25054,7729,8862,16591,3976,7016,10992,1059,3084,4143,130082,139955,270037
2021-01-23,9893,9193,19086,12241,12147,24388,23421,24493,47914,25586,26371,51957,19946,20555,40501,15454,16596,32050,12205,13088,25293,7776,8921,16697,3990,7046,11036,1062,3090,4152,131574,141500,273074
2021-01-24,9924,9229,19153,12500,12396,24896,23747,24828,48575,25889,26687,52576,20250,20878,41128,15688,16836,32524,12350,13241,25591,7829,8996,16825,4011,7077,11088,1064,3096,4160,133252,143264,276516
2021-01-25,9981,9301,19282,12831,12694,25525,24167,25258,49425,26265,27109,53374,20614,21279,41893,15945,17127,33072,12560,13448,26008,7924,9107,17031,4041,7135,11176,1070,3108,4178,135398,145566,280964
2021-01-26,10056,9360,19416,13128,12941,26069,24520,25608,50128,26597,27428,54025,20921,21609,42530,16174,17408,33582,12732,13645,26377,8009,9202,17211,4070,7191,11261,1074,3123,4197,137281,147515,284796
2021-01-27,10122,9418,19540,13362,13195,26557,24853,25954,50807,26928,27775,54703,21198,21939,43137,16390,17673,34063,12889,13801,26690,8077,9283,17360,4102,7236,11338,1076,3139,4215,138997,149413,288410
2021-01-28,10187,9476,19663,13572,13378,26950,25135,26249,51384,27220,28066,55286,21420,22178,43598,16575,17898,34473,13031,13961,26992,8158,9378,17536,4131,7280,11411,1081,3153,4234,140510,151017,291527
2021-01-29,10236,9540,19776,13864,13645,27509,25504,26603,52107,27599,28480,56079,21755,22551,44306,16847,18180,35027,13228,14201,27429,8239,9497,17736,4155,7338,11493,1085,3162,4247,142512,153197,295709
2021-01-30,10272,9564,19836,14246,14017,28263,25833,26962,52795,27988,28920,56908,22186,23015,45201,17171,18534,35705,13408,14441,27849,8326,9611,17937,4177,7383,11560,1088,3170,4258,144695,155617,300312
2021-01-31,10304,9592,19896,14796,14559,29355,26255,27391,53646,28506,29443,57949,22802,23693,46495,17604,18994,36598,13621,14681,28302,8415,9726,18141,4201,7427,11628,1090,3182,4272,147594,158688,306282
2021-02-01,10353,9643,19996,15229,15083,30312,26642,27865,54507,28977,29965,58942,23355,24250,47605,18040,19428,37468,13868,14988,28856,8498,9876,18374,4240,7475,11715,1093,3192,4285,150295,161765,312060
2021-02-02,10398,9693,20091,15600,15498,31098,27010,28245,55255,29402,30448,59850,23886,24831,48717,18432,19857,38289,14136,15286,29422,8645,10043,18688,4277,7524,11801,1097,3204,4301,152883,164629,317512
2021-02-03,10448,9748,20196,15914,15786,31700,27353,28633,55986,29798,30862,60660,24311,25280,49591,18742,20190,38932,14374,15556,29930,8761,10196,18957,4311,7584,11895,1102,3214,4316,155114,167049,322163
2021-02-04,10506,9796,20302,16102,15964,32066,27620,28933,56553,30089,31186,61275,24558,25616,50174,18960,20445,39405,14516,15768,30284,8838,10311,19149,4337,7626,11963,1105,3230,4335,156631,168875,325506
2021-02-05,10560,9848,20408,16292,16144,32436,27882,29208,57090,30362,31473,61835,24807,25866,50673,19145,20659,39804,14665,15958,30623,8915,10401,19316,4352,7673,12025,1107,3238,4345,158087,170468,328555
2021-02-06,10590,9879,20469,16501,16349,32850,28112,29466,57578,30620,31793,62413,25048,26148,51196,19362,20902,40264,14791,16117,30908,8968,10490,19458,4370,7704,12074,1107,3246,4353,159469,172094,331563
2021-02-07,10628,9920,20548,16711,16566,33277,28334,29719,58053,30907,32106,63013,25301,26427,51728,19567,21139,40706,14911,16244,31155,9031,10554,19585,4386,7730,12116,1114,3251,4365,160890,173656,334546
2021-02-08,10683,9968,20651,16988,16899,33887,28667,30084,58751,31292,32548,63840,25724,26884,52608,19832,21453,41285,15074,16456,31530,9116,10662,19778,4412,7788,12200,1118,3267,4385,162906,176009,338915
2021-02-09,10731,10003,20734,17230,17157,34387,28969,30406,59375,31701,32934,64635,26063,27268,53331,20113,21744,41857,15285,16671,31956,9212,10782,19994,4445,7851,12296,1123,3281,4404,164872,178097,342969
2021-02-10,10781,10038,20819,17407,17333,34740,29228,30696,59924,32001,33289,65290,26382,27580,53962,20305,22006,42311,15441,16851,32292,9298,10879,20177,4475,7887,12362,1123,3291,4414,166441,179850,346291
2021-02-11,10836,10081,20917,17564,17523,35087,29447,30972,60419,32315,33603,65918,26651,27876,54527,20485,22240,42725,15592,17016,32608,9373,10959,20332,4500,7937,12437,1127,3301,4428,167890,181508,349398
2021-02-12,10886,10118,21004,17759,17729,35488,29678,31204,60882,32630,33941,66571,26945,28210,55155,20674,22471,43145,15737,17213,32950,9450,11057,20507,4528,7983,12511,1129,3315,4444,169416,183241,352657
2021-02-13,10917,10145,21062,18003,17995,35998,29916,31464,61380,32990,34308,67298,27277,28612,55889,20889,22722,43611,15886,17380,33266,9504,11144,20648,4549,8018,12567,1132,3326,4458,171063,185114,356177
2021-02-14,10943,10166,21109,18232,18246,36478,30104,31720,61824,33336,34712,68048,27678,29036,56714,21102,22988,44090,16056,17549,33605,9572,11255,20827,4564,8040,12604,1134,3338,4472,172721,187050,359771
2021-02-15,10969,10208,21177,18549,18581,37130,30391,32039,62430,33756,35182,68938,28171,29543,57714,21416,23308,44724,16219,17741,33960,9643,11364,21007,4581,8092,12673,1136,3350,4486,174831,189408,364239
2021-02-16,10997,10233,21230,18871,18878,37749,30754,32459,63213,34259,35748,70007,28632,30071,58703,21710,23577,45287,16369,17894,34263,9713,11457,21170,4596,8127,12723,1144,3356,4500,177045,191800,368845
2021-02-17,11037,10282,21319,19082,19115,38197,31207,32929,64136,34702,36203,70905,28982,30441,59423,21953,23866,45819,16587,18128,34715,9805,11579,21384,4618,8178,12796,1149,3369,4518,179122,194090,373212
2021-02-18,11075,10330,21405,19268,19321,38589,31571,33326,64897,35111,36640,71751,29301,30798,60099,22213,24140,46353,16770,18338,35108,9899,11701,21600,4646,8224,12870,1151,3375,4526,181005,196193,377198
2021-02-19,11129,10368,21497,19438,19540,38978,31910,33681,65591,35465,37045,72510,29608,31137,60745,22445,24424,46869,16945,18545,35490,9993,11819,21812,4669,8272,12941,1154,3383,4537,182756,198214,380970
2021-02-20,11174,10397,21571,19586,19729,39315,32196,33985,66181,35776,37411,73187,29892,31455,61347,22653,24689,47342,17068,18758,35826,10056,11898,21954,4692,8312,13004,1158,3386,4544,184251,200020,384271
2021-02-21,11216,10427,21643,19749,19917,39666,32431,34309,66740,36098,37768,73866,30162,31753,61915,22810,24910,47720,17215,18941,36156,10115,11976,22091,4714,8345,13059,1162,3395,4557,185672,201741,387413
2021-02-22,11277,10497,21774,19904,20130,40034,32740,34658,67398,36445,38186,74631,30461,32084,62545,23039,25170,48209,17379,19157,36536,10198,12079,22277,4754,8382,13136,1165,3400,4565,187362,203743,391105
2021-02-23,11345,10551,21896,20057,20292,40349,33017,34963,67980,36761,38530,75291,30716,32385,63101,23253,25415,48668,17546,19356,36902,10290,12197,22487,4784,8422,13206,1172,3416,4588,188941,205527,394468
2021-02-24,11392,10622,22014,20211,20471,40682,33232,35216,68448,37040,38829,75869,30911,32638,63549,23427,25609,49036,17725,19518,37243,10370,12298,22668,4807,8464,13271,1174,3426,4600,190289,207091,397380
2021-02-25,11475,10696,22171,20331,20611,40942,33462,35464,68926,37275,39079,76354,31128,32841,63969,23584,25806,49390,17851,19683,37534,10434,12394,22828,4827,8501,13328,1178,3442,4620,191545,208517,400062
2021-02-26,11535,10757,22292,20453,20741,41194,33693,35755,69448,37567,39346,76913,31344,33089,64433,23756,26006,49762,17982,19884,37866,10498,12492,22990,4847,8537,13384,1180,3459,4639,192855,210066,402921
2021-02-27,11571,10790,22361,20579,20909,41488,33909,36014,69923,37862,39675,77537,31548,33319,64867,23952,26245,50197,18151,20086,38237,10569,12587,23156,4867,8585,13452,1181,3466,4647,194189,211676,405865
2021-02-28,11610,10829,22439,20757,21102,41859,34185,36341,70526,38233,40107,78340,31847,33644,65491,24231,26589,50820,18367,20334,38701,10684,12711,23395,4890,8627,13517,1183,3475,4658,195987,213759,409746
2021-03-01,11699,10904,22603,20864,21257,42121,34438,36587,71025,38528,40381,78909,32073,33862,65935,24370,26762,51132,18507,20508,39015,10756,12826,23582,4913,8671,13584,1188,3489,4677,197336,215247,412583
2021-03-02,11801,10983,22784,21004,21391,42395,34661,36833,71494,38764,40654,79418,32276,34065,66341,24531,26975,51506,18619,20663,39282,10833,12899,23732,4947,8710,13657,1191,3496,4687,198627,216669,415296
2021-03-03,11895,11049,22944,21116,21502,42618,34826,37057,71883,38991,40877,79868,32439,34244,66683,24690,27164,51854,18778,20850,39628,10914,13004,23918,4963,8742,13705,1191,3510,4701,199803,217999,417802
2021-03-04,11975,11124,23099,21224,21634,42858,35006,37239,72245,39203,41077,80280,32592,34412,67004,24797,27341,52138,18902,21039,39941,10980,13106,24086,4985,8779,13764,1197,3524,4721,200861,219275,420136
2021-03-05,12044,11193,23237,21325,21749,43074,35181,37482,72663,39441,41312,80753,32742,34567,67309,24933,27520,52453,19034,21186,40220,11054,13198,24252,5004,8813,13817,1197,3530,4727,201955,220550,422505
2021-03-06,12094,11239,23333,21407,21840,43247,35354,37660,73014,39636,41512,81148,32879,34726,67605,25034,27665,52699,19130,21290,40420,11102,13267,24369,5025,8841,13866,1199,3535,4734,202860,221575,424435
2021-03-07,12136,11283,23419,21493,21928,43421,35509,37860,73369,39834,41719,81553,32988,34896,67884,25161,27827,52988,19252,21446,40698,11150,13337,24487,5046,8877,13923,1203,3539,4742,203772,222712,426484
2021-03-08,12224,11369,23593,21608,22066,43674,35699,38092,73791,40068,41980,82048,33182,35090,68272,25347,28037,53384,19427,21634,41061,11232,13429,24661,5067,8924,13991,1206,3550,4756,205060,224171,429231
2021-03-09,12332,11488,23820,21733,22185,43918,35887,38290,74177,40305,42230,82535,33385,35280,68665,25517,28234,53751,19573,21856,41429,11330,13535,24865,5092,8960,14052,1210,3557,4767,206364,225615,431979
2021-03-10,12449,11591,24040,21861,22302,44163,36081,38487,74568,40547,42470,83017,33548,35456,69004,25666,28417,54083,19714,22011,41725,11411,13645,25056,5114,9008,14122,1214,3566,4780,207605,226953,434558
2021-03-11,12537,11700,24237,21946,22413,44359,36239,38683,74922,40724,42670,83394,33664,35603,69267,25768,28557,54325,19824,22150,41974,11468,13721,25189,5139,9038,14177,1216,3581,4797,208525,228116,436641
2021-03-12,12648,11812,24460,22064,22549,44613,36411,38896,75307,40952,42927,83879,33826,35794,69620,25906,28751,54657,19951,22323,42274,11545,13815,25360,5162,9083,14245,1220,3593,4813,209685,229543,439228
2021-03-13,12727,11868,24595,22146,22642,44788,36603,39099,75702,41181,43158,84339,33974,35949,69923,26031,28931,54962,20108,22487,42595,11606,13888,25494,5173,9122,14295,1225,3596,4821,210774,230740,441514
2021-03-14,12786,11954,24740,22225,22735,44960,36758,39317,76075,41408,43399,84807,34125,36114,70239,26178,29126,55304,20262,22665,42927,11666,13986,25652,5192,9149,14341,1229,3605,4834,211829,232050,443879
2021-03-15,12945,12078,25023,22360,22878,45238,36964,39581,76545,41651,43683,85334,34336,36346,70682,26368,29330,55698,20433,22858,43291,11757,14119,25876,5211,9198,14409,1233,3619,4852,213258,233690,446948
2021-03-16,13071,12206,25277,22477,23021,45498,37140,39796,76936,41897,43945,85842,34504,36505,71009,26529,29523,56052,20569,23044,43613,11832,14224,26056,5225,9242,14467,1238,3634,4872,214482,235140,449622
2021-03-17,13163,12311,25474,22598,23142,45740,37326,40015,77341,42078,44132,86210,34647,36672,71319,26677,29685,56362,20710,23199,43909,11894,14319,26213,5243,9281,14524,1240,3647,4887,215576,236403,451979
2021-03-18,13264,12391,25655,22678,23242,45920,37478,40198,77676,42274,44299,86573,34774,36818,71592,26773,29819,56592,20815,23333,44148,11958,14398,26356,5259,9313,14572,1242,3654,4896,216515,237465,453980
2021-03-19,13374,12482,25856,22806,23370,46176,37645,40401,78046,42477,44514,86991,34902,36970,71872,26889,29972,56861,20922,23485,44407,12025,14468,26493,5275,9339,14614,1247,3662,4909,217562,238663,456225
2021-03-20,13418,12532,25950,22888,23465,46353,37784,40544,78328,42633,44702,87335,35019,37113,72132,27007,30114,57121,21023,23594,44617,12086,14532,26618,5292,9367,14659,1250,3669,4919,218400,239632,458032
2021-03-21,13495,12593,26088,22966,23555,46521,37939,40700,78639,42827,44888,87715,35142,37244,72386,27123,30266,57389,21117,23725,44842,12122,14598,26720,5309,9394,14703,1253,3678,4931,219293,240641,459934
2021-03-22,13591,12704,26295,23094,23669,46763,38121,40941,79062,43046,45117,88163,35313,37416,72729,27294,30459,57753,21244,23886,45130,12194,14678,26872,5334,9443,14777,1257,3700,4957,220488,242013,462501
2021-03-23,13698,12813,26511,23231,23791,47022,38310,41164,79474,43237,45317,88554,35467,37554,73021,27445,30625,58070,21373,24060,45433,12265,14774,27039,5358,9472,14830,1258,3711,4969,221642,243281,464923
2021-03-24,13763,12887,26650,23326,23885,47211,38438,41297,79735,43394,45498,88892,35570,37686,73256,27550,30756,58306,21441,24158,45599,12312,14851,27163,5369,9505,14874,1259,3717,4976,222422,244240,466662
2021-03-25,13845,12980,26825,23437,24002,47439,38598,41493,80091,43587,45688,89275,35732,37873,73605,27668,30903,58571,21543,24286,45829,12369,14923,27292,5395,9537,14932,1263,3721,4984,223437,245406,468843
2021-03-26,13967,13080,27047,23567,24140,47707,38783,41696,80479,43806,45904,89710,35885,38050,73935,27786,31073,58859,21640,24429,46069,12436,15005,27441,5418,9571,14989,1266,3731,4997,224554,246679,471233
2021-03-27,14051,13151,27202,23630,24219,47849,38937,41846,80783,44006,46108,90114,36022,38203,74225,27907,31222,59129,21758,24565,46323,12478,15068,27546,5431,9604,15035,1271,3736,5007,225491,247722,473213
2021-03-28,14113,13197,27310,23690,24302,47992,39056,41999,81055,44165,46296,90461,36166,38355,74521,28019,31370,59389,21850,24701,46551,12521,15109,27630,5450,9627,15077,1273,3741,5014,226303,248697,475000
2021-03-29,14218,13293,27511,23833,24420,48253,39228,42204,81432,44363,46514,90877,36342,38549,74891,28168,31526,59694,21954,24861,46815,12574,15163,27737,5466,9659,15125,1274,3751,5025,227420,249940,477360
2021-03-30,14312,13385,27697,23951,24537,48488,39369,42373,81742,44553,46707,91260,36483,38720,75203,28288,31653,59941,22055,25003,47058,12613,15221,27834,5487,9688,15175,1278,3759,5037,228389,251046,479435
2021-03-31,14392,13460,27852,24044,24622,48666,39524,42550,82074,44728,46897,91625,36604,38873,75477,28368,31775,60143,22114,25082,47196,12640,15265,27905,5504,9709,15213,1280,3769,5049,229198,252002,481200
2021-04-01,14462,13534,27996,24140,24709,48849,39688,42736,82424,44916,47070,91986,36739,39026,75765,28477,31911,60388,22202,25194,47396,12684,15323,28007,5515,9725,15240,1282,3779,5061,230105,253007,483112
2021-04-02,14545,13588,28133,24231,24815,49046,39836,42896,82732,45096,47229,92325,36879,39156,76035,28576,32043,60619,22280,25284,47564,12726,15360,28086,5528,9737,15265,1285,3785,5070,230982,253893,484875
2021-04-03,14598,13650,28248,24322,24926,49248,39980,43055,83035,45268,47418,92686,37021,39307,76328,28685,32179,60864,22385,25375,47760,12759,15417,28176,5545,9772,15317,1288,3789,5077,231851,254888,486739
2021-04-04,14672,13708,28380,24483,25093,49576,40181,43288,83469,45518,47709,93227,37204,39534,76738,28811,32342,61153,22462,25491,47953,12793,15466,28259,5562,9798,15360,1288,3796,5084,232974,256225,489199
2021-04-05,14773,13809,28582,24702,25313,50015,40453,43589,84042,45824,48008,93832,37447,39816,77263,28982,32557,61539,22576,25644,48220,12844,15526,28370,5574,9835,15409,1293,3805,5098,234468,257902,492370
2021-04-06,14871,13934,28805,24886,25506,50392,40775,43861,84636,46129,48346,94475,37686,40066,77752,29146,32761,61907,22704,25834,48538,12914,15622,28536,5597,9871,15468,1296,3821,5117,236004,259622,495626
2021-04-07,14987,14046,29033,25089,25700,50789,41061,44153,85214,46421,48677,95098,37938,40315,78253,29319,32981,62300,22812,25998,48810,12975,15710,28685,5610,9911,15521,1297,3829,5126,237509,261320,498829
2021-04-08,15093,14147,29240,25247,25862,51109,41285,44425,85710,46695,48991,95686,38135,40519,78654,29460,33175,62635,22920,26142,49062,13029,15782,28811,5627,9941,15568,1298,3843,5141,238789,262827,501616
2021-04-09,15183,14230,29413,25363,25988,51351,41423,44629,86052,46874,49178,96052,38295,40682,78977,29571,33311,62882,22997,26240,49237,13069,15833,28902,5636,9964,15600,1301,3850,5151,239712,263905,503617
2021-04-10,15243,14287,29530,25479,26127,51606,41618,44816,86434,47086,49373,96459,38430,40834,79264,29688,33445,63133,23078,26341,49419,13086,15871,28957,5643,9981,15624,1302,3853,5155,240653,264928,505581
2021-04-11,15303,14352,29655,25571,26232,51803,41751,44954,86705,47244,49567,96811,38587,40986,79573,29792,33565,63357,23166,26428,49594,13114,15909,29023,5655,10004,15659,1304,3858,5162,241487,265855,507342
2021-04-12,15406,14445,29851,25725,26380,52105,41929,45165,87094,47465,49822,97287,38767,41216,79983,29931,33776,63707,23273,26552,49825,13148,15967,29115,5669,10032,15701,1306,3870,5176,242619,267225,509844
2021-04-13,15509,14514,30023,25832,26487,52319,42112,45346,87458,47691,50046,97737,38934,41402,80336,30070,33923,63993,23349,26639,49988,13194,16003,29197,5678,10050,15728,1309,3878,5187,243678,268288,511966
2021-04-14,15609,14598,30207,25931,26570,52501,42236,45491,87727,47840,50197,98037,39038,41531,80569,30154,34039,64193,23456,26737,50193,13236,16067,29303,5695,10072,15767,1314,3883,5197,244509,269185,513694
2021-04-15,15719,14692,30411,26058,26717,52775,42453,45716,88169,48074,50425,98499,39255,41749,81004,30302,34239,64541,23551,26853,50404,13269,16119,29388,5710,10098,15808,1316,3891,5207,245707,270499,516206
2021-04-16,15817,14793,30610,26168,26834,53002,42683,45940,88623,48328,50701,99029,39444,41959,81403,30462,34455,64917,23674,27006,50680,13303,16174,29477,5719,10125,15844,1317,3900,5217,246915,271887,518802
2021-04-17,15919,14873,30792,26286,26934,53220,42856,46110,88966,48574,50907,99481,39624,42154,81778,30594,34603,65197,23770,27112,50882,13337,16236,29573,5734,10163,15897,1320,3905,5225,248014,272997,521011
2021-04-18,15973,14943,30916,26361,27003,53364,43004,46263,89267,48744,51110,99854,39794,42302,82096,30717,34736,65453,23868,27210,51078,13370,16282,29652,5756,10184,15940,1323,3912,5235,248910,273945,522855
2021-04-19,16090,15028,31118,26493,27145,53638,43235,46493,89728,49000,51370,100370,40009,42507,82516,30885,34923,65808,23993,27345,51338,13411,16352,29763,5764,10222,15986,1327,3925,5252,250207,275310,525517
2021-04-20,16203,15147,31350,26608,27253,53861,43412,46690,90102,49193,51591,100784,40201,42707,82908,31034,35069,66103,24122,27499,51621,13463,16413,29876,5789,10255,16044,1331,3934,5265,251356,276558,527914
2021-04-21,16307,15228,31535,26710,27337,54047,43580,46849,90429,49369,51769,101138,40348,42867,83215,31151,35209,66360,24220,27616,51836,13509,16455,29964,5802,10298,16100,1333,3940,5273,252329,277568,529897
2021-04-22,16421,15333,31754,26846,27471,54317,43764,47036,90800,49593,52025,101618,40550,43113,83663,31307,35385,66692,24331,27762,52093,13553,16525,30078,5817,10339,16156,1334,3950,5284,253516,278939,532455
2021-04-23,16516,15425,31941,26948,27593,54541,43973,47256,91229,49840,52284,102124,40752,43355,84107,31463,35594,67057,24436,27907,52343,13606,16593,30199,5835,10364,16199,1338,3957,5295,254707,280328,535035
2021-04-24,16573,15472,32045,26994,27632,54626,44024,47323,91347,49915,52362,102277,40819,43445,84264,31507,35644,67151,24465,27942,52407,13633,16633,30266,5841,10389,16230,1340,3973,5313,255111,280815,535926
2021-04-25,16649,15546,32195,27078,27713,54791,44138,47465,91603,50079,52519,102598,40970,43594,84564,31632,35775,67407,24548,28031,52579,13667,16666,30333,5849,10412,16261,1340,3977,5317,255950,281698,537648
2021-04-26,16759,15658,32417,27208,27841,55049,44336,47658,91994,50298,52756,103054,41163,43812,84975,31813,35959,67772,24657,28155,52812,13735,16745,30480,5861,10446,16307,1344,3987,5331,257174,283017,540191
2021-04-27,16857,15742,32599,27325,27954,55279,44546,47892,92438,50500,52976,103476,41324,44016,85340,31957,36111,68068,24757,28278,53035,13782,16824,30606,5881,10480,16361,1348,3995,5343,258277,284268,542545
2021-04-28,16958,15849,32807,27439,28066,55505,44735,48090,92825,50724,53213,103937,41499,44206,85705,32094,36248,68342,24851,28396,53247,13826,16882,30708,5892,10505,16397,1352,4004,5356,259370,285459,544829
2021-04-29,17082,15959,33041,27603,28212,55815,44959,48347,93306,51003,53499,104502,41752,44447,86199,32267,36469,68736,24967,28549,53516,13897,16976,30873,5923,10555,16478,1354,4020,5374,260807,287033,547840
2021-04-30,17192,16049,33241,27708,28318,56026,45073,48517,93590,51163,53687,104850,41875,44603,86478,32378,36599,68977,25045,28667,53712,13953,17041,30994,5947,10597,16544,1357,4037,5394,261691,288115,549806
2021-05-01,17270,16117,33387,27803,28390,56193,45216,48667,93883,51330,53869,105199,42023,44788,86811,32486,36736,69222,25127,28759,53886,13999,17097,31096,5965,10640,16605,1358,4042,5400,262577,289105,551682
2021-05-02,17351,16186,33537,27900,28502,56402,45396,48873,94269,51569,54140,105709,42215,45046,87261,32636,36913,69549,25236,28901,54137,14049,17167,31216,5981,10667,16648,1361,4057,5418,263694,290452,554146
2021-05-03,17512,16328,33840,28048,28667,56715,45733,49205,94938,51926,54567,106493,42536,45414,87950,32884,37241,70125,25420,29161,54581,14148,17290,31438,6002,10726,16728,1364,4078,5442,265573,292677,558250
2021-05-04,17629,16440,34069,28219,28845,57064,46026,49508,95534,52291,54933,107224,42815,45711,88526,33121,37537,70658,25577,29376,54953,14246,17417,31663,6026,10770,16796,1366,4096,5462,267316,294633,561949
2021-05-05,17770,16562,34332,28354,28980,57334,46305,49826,96131,52606,55281,107887,43084,45976,89060,33315,37769,71084,25731,29531,55262,14333,17504,31837,6062,10814,16876,1373,4109,5482,268933,296352,565285
2021-05-06,17874,16690,34564,28546,29163,57709,46576,50188,96764,52929,55640,108569,43385,46256,89641,33536,38027,71563,25870,29695,55565,14412,17594,32006,6091,10862,16953,1377,4129,5506,270596,298244,568840
2021-05-07,18008,16814,34822,28748,29355,58103,46870,50574,97444,53250,56049,109299,43691,46612,90303,33732,38315,72047,26014,29873,55887,14483,17702,32185,6110,10895,17005,1379,4136,5515,272285,300325,572610
2021-05-08,18073,16887,34960,28836,29443,58279,47047,50763,97810,53475,56274,109749,43840,46777,90617,33851,38458,72309,26087,29959,56046,14527,17745,32272,6130,10923,17053,1380,4147,5527,273246,301376,574622
2021-05-09,18159,16971,35130,28927,29547,58474,47200,50940,98140,53674,56485,110159,44004,46970,90974,33965,38600,72565,26164,30052,56216,14580,17810,32390,6148,10945,17093,1389,4149,5538,274210,302469,576679
2021-05-10,18289,17098,35387,29076,29707,58783,47515,51242,98757,54021,56835,110856,44290,47321,91611,34201,38855,73056,26331,30240,56571,14666,17922,32588,6178,10995,17173,1391,4157,5548,275958,304372,580330
2021-05-11,18409,17201,35610,29217,29840,59057,47743,51489,99232,54303,57124,111427,44512,47556,92068,34366,39040,73406,26475,30397,56872,14742,18015,32757,6201,11028,17229,1396,4164,5560,277364,305854,583218
2021-05-12,18528,17303,35831,29339,29962,59301,47956,51753,99709,54578,57386,111964,44747,47792,92539,34548,39224,73772,26599,30551,57150,14791,18090,32881,6219,11070,17289,1401,4175,5576,278706,307306,586012
2021-05-13,18670,17402,36072,29454,30080,59534,48200,52050,100250,54834,57692,112526,44984,48025,93009,34693,39420,74113,26711,30688,57399,14843,18170,33013,6240,11120,17360,1402,4179,5581,280031,308826,588857
2021-05-14,18807,17549,36356,29604,30275,59879,48510,52387,100897,55197,58072,113269,45229,48371,93600,34922,39678,74600,26856,30880,57736,14916,18262,33178,6273,11162,17435,1407,4188,5595,281721,310824,592545
2021-05-15,18914,17656,36570,29718,30424,60142,48712,52651,101363,55447,58378,113825,45443,48644,94087,35092,39852,74944,26967,31016,57983,14961,18315,33276,6292,11196,17488,1408,4202,5610,282954,312334,595288
2021-05-16,18990,17746,36736,29809,30538,60347,48880,52822,101702,55647,58612,114259,45636,48851,94487,35236,40022,75258,27067,31128,58195,15004,18375,33379,6307,11228,17535,1409,4219,5628,283985,313541,597526
2021-05-17,19188,17928,37116,30021,30740,60761,49222,53225,102447,56094,59087,115181,45982,49267,95249,35530,40383,75913,27255,31350,58605,15115,18519,33634,6346,11297,17643,1412,4235,5647,286165,316031,602196
2021-05-18,19359,18100,37459,30230,30958,61188,49614,53593,103207,56533,59526,116059,46400,49678,96078,35818,40690,76508,27438,31565,59003,15209,18625,33834,6380,11346,17726,1416,4244,5660,288397,318325,606722
2021-05-19,19544,18244,37788,30450,31180,61630,50006,54028,104034,56996,59991,116987,46792,50072,96864,36081,41027,77108,27640,31783,59423,15302,18735,34037,6413,11389,17802,1423,4262,5685,290647,320711,611358
2021-05-20,19720,18425,38145,30672,31450,62122,50454,54509,104963,57490,60468,117958,47170,50495,97665,36350,41350,77700,27833,31989,59822,15387,18850,34237,6448,11444,17892,1425,4278,5703,292949,323258,616207
2021-05-21,19851,18541,38392,30846,31630,62476,50795,54919,105714,57892,60943,118835,47506,50893,98399,36603,41634,78237,27999,32199,60198,15476,18928,34404,6480,11509,17989,1426,4289,5715,294874,325485,620359
2021-05-22,19931,18602,38533,30940,31748,62688,50985,55168,106153,58156,61178,119334,47704,51101,98805,36737,41788,78525,28090,32286,60376,15521,18977,34498,6496,11551,18047,1427,4302,5729,295987,326701,622688
2021-05-23,20010,18665,38675,31021,31857,62878,51143,55340,106483,58347,61389,119736,47873,51257,99130,36858,41947,78805,28160,32394,60554,15567,19013,34580,6509,11599,18108,1436,4316,5752,296924,327777,624701
2021-05-24,20118,18752,38870,31156,32026,63182,51419,55594,107013,58654,61732,120386,48133,51575,99708,37092,42242,79334,28298,32580,60878,15655,19110,34765,6532,11644,18176,1439,4327,5766,298496,329582,628078
2021-05-25,20204,18820,39024,31278,32146,63424,51691,55873,107564,58916,62041,120957,48386,51829,100215,37314,42474,79788,28428,32735,61163,15724,19190,34914,6551,11681,18232,1444,4338,5782,299936,331127,631063
2021-05-26,20328,18929,39257,31462,32326,63788,52052,56230,108282,59283,62430,121713,48712,52194,100906,37610,42788,80398,28587,32946,61533,15817,19299,35116,6584,11749,18333,1452,4347,5799,301887,333238,635125
2021-05-27,20427,19035,39462,31582,32473,64055,52327,56555,108882,59626,62775,122401,48961,52439,101400,37832,43071,80903,28723,33111,61834,15905,19386,35291,6610,11787,18397,1453,4363,5816,303446,334995,638441
2021-05-28,20555,19150,39705,31749,32695,64444,52668,56940,109608,60001,63172,123173,49320,52828,102148,38152,43433,81585,28909,33355,62264,15985,19485,35470,6637,11838,18475,1457,4374,5831,305433,337270,642703
2021-05-29,20637,19229,39866,31848,32814,64662,52882,57197,110079,60290,63452,123742,49577,53072,102649,38313,43635,81948,29012,33482,62494,16033,19559,35592,6657,11881,18538,1461,4390,5851,306710,338711,645421
2021-05-30,20693,19288,39981,31937,32900,64837,53077,57415,110492,60511,63686,124197,49776,53258,103034,38435,43796,82231,29091,33573,62664,16066,19616,35682,6674,11907,18581,1464,4399,5863,307724,339838,647562
2021-05-31,20802,19394,40196,32094,33064,65158,53419,57764,111183,60897,64064,124961,50090,53603,103693,38624,44046,82670,29236,33751,62987,16159,19736,35895,6704,11969,18673,1464,4415,5879,309489,341806,651295
2021-06-01,20926,19505,40431,32250,33227,65477,53709,58079,111788,61243,64417,125660,50358,53918,104276,38841,44320,83161,29402,33947,63349,16252,19840,36092,6739,12013,18752,1469,4426,5895,311189,343692,654881
2021-06-02,21072,19621,40693,32404,33398,65802,54014,58437,112451,61581,64826,126407,50666,54245,104911,39042,44569,83611,29545,34146,63691,16347,19952,36299,6775,12062,18837,1476,4444,5920,312922,345700,658622
2021-06-03,21196,19753,40949,32585,33570,66155,54332,58762,113094,61957,65231,127188,50984,54578,105562,39256,44833,84089,29705,34336,64041,16433,20066,36499,6808,12093,18901,1480,4461,5941,314736,347683,662419
2021-06-04,21368,19916,41284,32770,33751,66521,54678,59153,113831,62313,65616,127929,51317,54925,106242,39503,45170,84673,29869,34539,64408,16528,20194,36722,6836,12153,18989,1482,4470,5952,316664,349887,666551
2021-06-05,21469,20007,41476,32869,33860,66729,54867,59408,114275,62543,65881,128424,51519,55144,106663,39660,45344,85004,29952,34639,64591,16581,20279,36860,6855,12184,19039,1487,4484,5971,317802,351230,669032
2021-06-06,21567,20113,41680,32973,33973,66946,55053,59615,114668,62759,66126,128885,51715,55330,107045,39823,45520,85343,30038,34758,64796,16628,20337,36965,6869,12211,19080,1487,4498,5985,318912,352481,671393
2021-06-07,21712,20280,41992,33134,34146,67280,55359,59959,115318,63125,66500,129625,52007,55687,107694,40060,45819,85879,30209,34979,65188,16743,20496,37239,6905,12303,19208,1494,4529,6023,320748,354698,675446
2021-06-08,21880,20435,42315,33281,34318,67599,55657,60310,115967,63505,66852,130357,52295,55990,108285,40307,46119,86426,30350,35147,65497,16826,20640,37466,6931,12358,19289,1498,4545,6043,322530,356714,679244
2021-06-09,22042,20597,42639,33458,34474,67932,56006,60656,116662,63879,67257,131136,52594,56328,108922,40548,46412,86960,30500,35333,65833,16917,20744,37661,6969,12421,19390,1502,4563,6065,324415,358785,683200
2021-06-10,22184,20750,42934,33608,34659,68267,56337,61026,117363,64260,67680,131940,52880,56657,109537,40761,46687,87448,30637,35522,66159,17016,20875,37891,7000,12469,19469,1507,4581,6088,326190,360906,687096
2021-06-11,22319,20885,43204,33737,34826,68563,56662,61398,118060,64597,68110,132707,53195,57034,110229,40991,46951,87942,30793,35699,66492,17104,21010,38114,7033,12541,19574,1513,4599,6112,327944,363053,690997
2021-06-12,22430,20987,43417,33850,34937,68787,56885,61633,118518,64853,68394,133247,53413,57263,110676,41141,47150,88291,30897,35835,66732,17158,21098,38256,7058,12578,19636,1517,4609,6126,329202,364484,693686
2021-06-13,22545,21105,43650,33968,35052,69020,57065,61826,118891,65072,68623,133695,53619,57495,111114,41289,47346,88635,31001,35954,66955,17201,21161,38362,7077,12612,19689,1522,4620,6142,330359,365794,696153
2021-06-14,22718,21256,43974,34135,35233,69368,57359,62210,119569,65435,69031,134466,53933,57849,111782,41519,47635,89154,31151,36179,67330,17313,21289,38602,7105,12670,19775,1539,4640,6179,332207,367992,700199
2021-06-15,22897,21430,44327,34331,35412,69743,57693,62563,120256,65794,69439,135233,54231,58222,112453,41752,47915,89667,31316,36364,67680,17402,21392,38794,7146,12718,19864,1541,4657,6198,334103,370112,704215
2021-06-16,23071,21598,44669,34520,35585,70105,58010,62925,120935,66163,69844,136007,54524,58585,113109,41952,48167,90119,31466,36540,68006,17486,21495,38981,7178,12767,19945,1542,4672,6214,335912,372178,708090
2021-06-17,23241,21760,45001,34702,35785,70487,58358,63317,121675,66555,70316,136871,54824,58960,113784,42147,48439,90586,31618,36725,68343,17598,21623,39221,7205,12818,20023,1544,4684,6228,337792,374427,712219
2021-06-18,23394,21896,45290,34868,35968,70836,58694,63645,122339,66927,70728,137655,55123,59353,114476,42330,48716,91046,31742,36905,68647,17661,21725,39386,7234,12851,20085,1548,4698,6246,339521,376485,716006
2021-06-19,23506,22015,45521,34981,36068,71049,58896,63885,122781,67172,71034,138206,55325,59609,114934,42452,48878,91330,31862,37026,68888,17733,21800,39533,7262,12913,20175,1551,4717,6268,340740,377945,718685
2021-06-20,23623,22109,45732,35073,36141,71214,59011,64036,123047,67335,71259,138594,55480,59788,115268,42569,49016,91585,31935,37124,69059,17787,21855,39642,7275,12943,20218,1552,4726,6278,341640,378997,720637
2021-06-21,23752,22233,45985,35200,36260,71460,59194,64279,123473,67590,71506,139096,55711,60039,115750,42742,49216,91958,32031,37240,69271,17851,21943,39794,7305,12973,20278,1555,4730,6285,342931,380419,723350
2021-06-22,23954,22411,46365,35391,36448,71839,59502,64684,124186,67967,71921,139888,56064,60423,116487,42956,49481,92437,32226,37466,69692,17944,22071,40015,7333,13031,20364,1565,4740,6305,344902,382676,727578
2021-06-23,24184,22600,46784,35608,36651,72259,59793,65069,124862,68360,72383,140743,56412,60873,117285,43139,49748,92887,32400,37667,70067,18030,22200,40230,7370,13091,20461,1571,4763,6334,346867,385045,731912
2021-06-24,24403,22784,47187,35794,36866,72660,60125,65478,125603,68724,72846,141570,56741,61252,117993,43330,50025,93355,32560,37886,70446,18118,22304,40422,7392,13141,20533,1574,4776,6350,348761,387358,736119
2021-06-25,24648,22986,47634,36013,37106,73119,60466,65912,126378,69150,73405,142555,57052,61668,118720,43600,50342,93942,32750,38144,70894,18216,22450,40666,7426,13202,20628,1583,4795,6378,350904,390010,740914
2021-06-26,24764,23089,47853,36121,37234,73355,60663,66120,126783,69387,73683,143070,57248,61908,119156,43741,50485,94226,32874,38312,71186,18285,22554,40839,7449,13241,20690,1588,4811,6399,352120,391437,743557
2021-06-27,24901,23203,48104,36213,37350,73563,60828,66316,127144,69583,73913,143496,57419,62114,119533,43851,50613,94464,32975,38407,71382,18337,22624,40961,7463,13279,20742,1588,4820,6408,353158,392639,745797
2021-06-28,25050,23336,48386,36318,37445,73763,61003,66544,127547,69840,74195,144035,57612,62336,119948,43997,50763,94760,33091,38510,71601,18397,22706,41103,7496,13313,20809,1590,4834,6424,354394,393982,748376
2021-06-29,25221,23541,48762,36493,37637,74130,61299,66915,128214,70191,74596,144787,57873,62678,120551,44207,50988,95195,33243,38669,71912,18491,22803,41294,7525,13386,20911,1594,4869,6463,356137,396082,752219
2021-06-30,25436,23749,49185,36713,37836,74549,61634,67328,128962,70598,75072,145670,58198,63024,121222,44413,51297,95710,33380,38880,72260,18572,22900,41472,7557,13438,20995,1599,4885,6484,358100,398409,756509
2021-07-01,25595,23917,49512,36901,38025,74926,61952,67711,129663,70955,75535,146490,58449,63368,121817,44613,51559,96172,33513,39062,72575,18656,23003,41659,7590,13491,21081,1603,4898,6501,359827,400569,760396
2021-07-02,25817,24096,49913,37141,38260,75401,62282,68123,130405,71337,76048,147385,58706,63776,122482,44814,51867,96681,33666,39280,72946,18748,23119,41867,7617,13541,21158,1607,4914,6521,361735,403024,764759
2021-07-03,25955,24244,50199,37281,38430,75711,62499,68406,130905,71628,76390,148018,58934,64076,123010,44972,52042,97014,33794,39418,73212,18800,23205,42005,7637,13588,21225,1614,4932,6546,363114,404731,767845
2021-07-04,26088,24415,50503,37408,38558,75966,62649,68648,131297,71856,76676,148532,59109,64298,123407,45124,52237,97361,33889,39539,73428,18843,23284,42127,7650,13622,21272,1618,4943,6561,364234,406220,770454
2021-07-05,26367,24641,51008,37623,38787,76410,63004,69077,132081,72288,77201,149489,59425,64712,124137,45342,52547,97889,34056,39736,73792,18949,23405,42354,7692,13677,21369,1623,4961,6584,366369,408744,775113
2021-07-06,26644,24915,51559,37911,39038,76949,63411,69532,132943,72733,77757,150490,59785,65156,124941,45573,52855,98428,34212,39941,74153,19048,23532,42580,7726,13737,21463,1626,4988,6614,368669,411451,780120
2021-07-07,26898,25149,52047,38165,39322,77487,63823,70008,133831,73178,78292,151470,60159,65561,125720,45830,53144,98974,34362,40110,74472,19133,23626,42759,7751,13794,21545,1634,5003,6637,370933,414009,784942
2021-07-08,27143,25394,52537,38448,39639,78087,64304,70547,134851,73664,78877,152541,60553,66101,126654,46101,53501,99602,34535,40371,74906,19234,23761,42995,7798,13842,21640,1638,5020,6658,373418,417053,790471
2021-07-09,27318,25572,52890,38661,39838,78499,64593,70888,135481,73996,79294,153290,60840,66458,127298,46294,53721,100015,34671,40504,75175,19291,23839,43130,7827,13888,21715,1643,5032,6675,375134,419034,794168
2021-07-10,27474,25744,53218,38857,40019,78876,64844,71178,136022,74289,79656,153945,61088,66772,127860,46471,53943,100414,34800,40664,75464,19357,23929,43286,7850,13932,21782,1648,5045,6693,376678,420882,797560
2021-07-11,27686,25932,53618,39011,40161,79172,65052,71426,136478,74548,80004,154552,61327,67096,128423,46643,54146,100789,34919,40793,75712,19416,24015,43431,7862,13956,21818,1655,5056,6711,378119,422585,800704
2021-07-12,27981,26223,54204,39310,40473,79783,65493,71956,137449,75071,80582,155653,61794,67635,129429,46906,54532,101438,35138,41008,76146,19522,24149,43671,7894,14010,21904,1666,5078,6744,380775,425646,806421
2021-07-13,28292,26474,54766,39594,40796,80390,65944,72466,138410,75506,81117,156623,62207,68124,130331,47182,54897,102079,35308,41224,76532,19628,24284,43912,7929,14075,22004,1675,5097,6772,383265,428554,811819
2021-07-14,28602,26779,55381,39964,41148,81112,66473,73040,139513,75983,81752,157735,62647,68666,131313,47466,55288,102754,35513,41450,76963,19719,24391,44110,7960,14130,22090,1679,5112,6791,386006,431756,817762
2021-07-15,28911,27060,55971,40394,41575,81969,67026,73689,140715,76546,82440,158986,63173,69363,132536,47810,55697,103507,35718,41712,77430,19820,24545,44365,7994,14190,22184,1688,5134,6822,389080,435405,824485
2021-07-16,29205,27334,56539,40814,41989,82803,67593,74413,142006,77132,83220,160352,63792,70127,133919,48145,56165,104310,35915,41990,77905,19922,24686,44608,8030,14251,22281,1692,5151,6843,392240,439326,831566
2021-07-17,29428,27557,56985,41081,42296,83377,67937,74854,142791,77529,83769,161298,64159,70584,134743,48407,56476,104883,36070,42162,78232,20014,24786,44800,8048,14283,22331,1696,5165,6861,394369,441932,836301
2021-07-18,29643,27749,57392,41297,42542,83839,68218,75246,143464,77890,84212,162102,64476,70991,135467,48656,56762,105418,36199,42309,78508,20096,24885,44981,8078,14325,22403,1699,5171,6870,396252,444192,840444
2021-07-19,29913,28013,57926,41596,42843,84439,68731,75863,144594,78409,84859,163268,64964,71601,136565,48992,57230,106222,36434,42602,79036,20224,25047,45271,8124,14389,22513,1704,5179,6883,399091,447626,846717
2021-07-20,30196,28268,58464,41865,43135,85000,69148,76421,145569,78891,85447,164338,65387,72142,137529,49293,57593,106886,36638,42848,79486,20334,25197,45531,8162,14456,22618,1710,5207,6917,401624,450714,852338
2021-07-21,30503,28544,59047,42240,43506,85746,69656,77062,146718,79453,86173,165626,65869,72808,138677,49666,58104,107770,36887,43189,80076,20461,25388,45849,8198,14534,22732,1715,5226,6941,404648,454534,859182
2021-07-22,30796,28810,59606,42629,43920,86549,70131,77744,147875,80075,86945,167020,66464,73568,140032,50054,58591,108645,37117,43475,80592,20577,25532,46109,8239,14602,22841,1721,5239,6960,407803,458426,866229
2021-07-23,31039,29012,60051,42905,44227,87132,70501,78235,148736,80552,87560,168112,66910,74092,141002,50365,58951,109316,37284,43693,80977,20659,25668,46327,8265,14654,22919,1728,5258,6986,410208,461350,871558
2021-07-24,31249,29219,60468,43192,44614,87806,70846,78679,149525,81038,88142,169180,67376,74661,142037,50658,59298,109956,37445,43928,81373,20756,25775,46531,8296,14695,22991,1733,5268,7001,412589,464279,876868
2021-07-25,31428,29394,60822,43511,44983,88494,71110,79044,150154,81483,88710,170193,67908,75316,143224,50958,59624,110582,37593,44094,81687,20860,25881,46741,8317,14735,23052,1739,5278,7017,414907,467059,881966
2021-07-26,31689,29670,61359,43917,45502,89419,71582,79710,151292,82139,89567,171706,68566,76148,144714,51374,60139,111513,37838,44436,82274,20990,26090,47080,8367,14815,23182,1749,5299,7048,418211,471376,889587
2021-07-27,31877,29847,61724,44156,45819,89975,71948,80152,152100,82525,90063,172588,68955,76590,145545,51596,60440,112036,37996,44623,82619,21077,26212,47289,8400,14869,23269,1753,5313,7066,420283,473928,894211
2021-07-28,32093,30031,62124,44426,46188,90614,72381,80669,153050,83012,90636,173648,69388,77126,146514,51878,60793,112671,38194,44869,83063,21185,26336,47521,8428,14919,23347,1759,5323,7082,422744,476890,899634
2021-07-29,32300,30214,62514,44726,46482,91208,72754,81187,153941,83498,91219,174717,69793,77657,147450,52128,61109,113237,38395,45092,83487,21274,26467,47741,8458,14956,23414,1764,5342,7106,425090,479725,904815
2021-07-30,32540,30438,62978,45084,46892,91976,73240,81863,155103,84110,92055,176165,70343,78405,148748,52513,61662,114175,38643,45429,84072,21379,26639,48018,8498,15021,23519,1774,5357,7131,428124,483761,911885
2021-07-31,32781,30679,63460,45444,47314,92758,73591,82338,155929,84707,92787,177494,71006,79176,150182,52897,62101,114998,38849,45708,84557,21489,26780,48269,8530,15054,23584,1776,5373,7149,431070,487310,918380
2021-08-01,33045,30974,64019,45774,47716,93490,73810,82694,156504,85139,93373,178512,71526,79865,151391,53167,62439,115606,38999,45902,84901,21571,26906,48477,8556,15114,23670,1783,5382,7165,433370,490365,923735
2021-08-02,33399,31276,64675,46211,48157,94368,74231,83263,157494,85747,94143,179890,72122,80689,152811,53529,62983,116512,39307,46247,85554,21704,27096,48800,8606,15189,23795,1789,5400,7189,436645,494443,931088
2021-08-03,33715,31602,65317,46562,48604,95166,74677,83871,158548,86280,94858,181138,72654,81386,154040,53897,63491,117388,39573,46596,86169,21870,27303,49173,8644,15251,23895,1794,5416,7210,439666,498378,938044
2021-08-04,34042,31891,65933,46871,48951,95822,75102,84393,159495,86777,95450,182227,73029,81930,154959,54182,63875,118057,39796,46880,86676,21970,27461,49431,8672,15311,23983,1797,5434,7231,442238,501576,943814
2021-08-05,34384,32249,66633,47231,49382,96613,75657,85106,160763,87377,96172,183549,73574,82627,156201,54568,64361,118929,40044,47194,87238,22094,27627,49721,8711,15375,24086,1806,5450,7256,445446,505543,950989
2021-08-06,34759,32556,67315,47689,49839,97528,76218,85816,162034,87999,96947,184946,74101,83325,157426,54920,64896,119816,40329,47592,87921,22237,27849,50086,8753,15425,24178,1811,5463,7274,448816,509708,958524
2021-08-07,34983,32789,67772,47949,50151,98100,76564,86217,162781,88419,97396,185815,74427,83746,158173,55174,65222,120396,40502,47825,88327,22323,27999,50322,8778,15476,24254,1817,5470,7287,450936,512291,963227
2021-08-08,35283,33059,68342,48239,50459,98698,76826,86540,163366,88739,97809,186548,74786,84205,158991,55392,65522,120914,40684,48041,88725,22404,28087,50491,8797,15523,24320,1822,5481,7303,452972,514726,967698
2021-08-09,35711,33456,69167,48558,50828,99386,77249,87153,164402,89272,98405,187677,75223,84776,159999,55722,65972,121694,40915,48330,89245,22529,28232,50761,8838,15586,24424,1833,5498,7331,455850,518236,974086
2021-08-10,36179,33886,70065,48972,51218,100190,77722,87787,165509,89775,99066,188841,75673,85351,161024,56072,66391,122463,41161,48642,89803,22665,28401,51066,8880,15644,24524,1835,5516,7351,458934,521902,980836
2021-08-11,36597,34304,70901,49428,51703,101131,78241,88479,166720,90340,99781,190121,76157,86016,162173,56410,66847,123257,41387,48935,90322,22789,28548,51337,8923,15708,24631,1846,5538,7384,462118,525859,987977
2021-08-12,37010,34703,71713,49816,52138,101954,78694,89077,167771,90845,100393,191238,76633,86618,163251,56701,67268,123969,41577,49155,90732,22904,28673,51577,8967,15765,24732,1853,5556,7409,465000,529346,994346
2021-08-13,37526,35147,72673,50385,52706,103091,79204,89826,169030,91506,101227,192733,77152,87351,164503,57045,67802,124847,41818,49479,91297,23049,28864,51913,9016,15828,24844,1859,5572,7431,468560,533802,1002362
2021-08-14,37839,35456,73295,50731,53030,103761,79484,90233,169717,91899,101704,193603,77516,87827,165343,57287,68138,125425,41967,49689,91656,23149,28979,52128,9043,15874,24917,1863,5583,7446,470778,536513,1007291
2021-08-15,38114,35742,73856,50984,53287,104271,79711,90517,170228,92213,102107,194320,77816,88181,165997,57526,68427,125953,42106,49885,91991,23239,29094,52333,9065,15917,24982,1866,5595,7461,472640,538752,1011392
2021-08-16,38468,36091,74559,51298,53621,104919,79962,90888,170850,92578,102567,195145,78180,88639,166819,57771,68717,126488,42249,50071,92320,23342,29206,52548,9094,15956,25050,1873,5608,7481,474815,541364,1016179
2021-08-17,39015,36543,75558,51798,54117,105915,80439,91544,171983,93216,103301,196517,78659,89346,168005,58152,69219,127371,42488,50370,92858,23476,29373,52849,9125,16037,25162,1878,5631,7509,478246,545481,1023727
2021-08-18,39557,37063,76620,52359,54637,106996,80867,92149,173016,93794,104032,197826,79120,89941,169061,58469,69664,128133,42708,50666,93374,23611,29550,53161,9159,16115,25274,1891,5654,7545,481535,549471,1031006
2021-08-19,40061,37523,77584,52840,55149,107989,81311,92795,174106,94381,104759,199140,79579,90561,170140,58808,70085,128893,42921,50937,93858,23713,29685,53398,9189,16166,25355,1901,5666,7567,484704,553326,1038030
2021-08-20,40677,38084,78761,53418,55759,109177,81799,93408,175207,94905,105499,200404,80045,91216,171261,59108,70539,129647,43140,51244,94384,23844,29872,53716,9224,16235,25459,1911,5684,7595,488071,557540,1045611
2021-08-21,41010,38450,79460,53741,56087,109828,82089,93830,175919,95320,106048,201368,80394,91681,172075,59371,70866,130237,43301,51474,94775,23930,30002,53932,9254,16284,25538,1913,5699,7612,490323,560421,1050744
2021-08-22,41467,38883,80350,54043,56414,110457,82340,94159,176499,95703,106562,202265,80751,92162,172913,59635,71192,130827,43471,51697,95168,24038,30114,54152,9277,16322,25599,1919,5713,7632,492644,563218,1055862
2021-08-23,42272,39644,81916,54624,57012,111636,82815,94801,177616,96351,107338,203689,81278,92915,174193,59975,71646,131621,43732,52043,95775,24173,30305,54478,9318,16390,25708,1923,5729,7652,496461,567823,1064284
2021-08-24,43072,40397,83469,55190,57556,112746,83273,95418,178691,96904,108131,205035,81729,93566,175295,60284,72095,132379,43944,52366,96310,24286,30452,54738,9370,16451,25821,1928,5745,7673,499980,572177,1072157
2021-08-25,43856,41136,84992,55708,58073,113781,83649,95970,179619,97384,108930,206314,82184,94238,176422,60597,72515,133112,44179,52706,96885,24432,30613,55045,9412,16491,25903,1934,5773,7707,503335,576445,1079780
2021-08-26,44665,41898,86563,56270,58646,114916,84093,96636,180729,97954,109721,207675,82661,94897,177558,60884,72964,133848,44410,53009,97419,24565,30809,55374,9454,16561,26015,1940,5790,7730,506896,580931,1087827
2021-08-27,45557,42678,88235,56835,59324,116159,84504,97249,181753,98512,110518,209030,83138,95627,178765,61209,73412,134621,44642,53326,97968,24689,30982,55671,9492,16634,26126,1944,5804,7748,510522,585554,1096076
2021-08-28,46075,43103,89178,57124,59613,116737,84764,97644,182408,98916,111014,209930,83429,96087,179516,61435,73686,135121,44808,53540,98348,24764,31091,55855,9530,16680,26210,1949,5811,7760,512794,588269,1101063
2021-08-29,46604,43593,90197,57365,59907,117272,84954,97915,182869,99249,111431,210680,83724,96470,180194,61631,73952,135583,44953,53723,98676,24834,31197,56031,9565,16725,26290,1951,5819,7770,514830,590732,1105562
2021-08-30,47571,44445,92016,57883,60415,118298,85346,98447,183793,99787,112153,211940,84210,97045,181255,61926,74345,136271,45166,54041,99207,24955,31371,56326,9620,16786,26406,1956,5838,7794,518420,594886,1113306
2021-08-31,48588,45376,93964,58529,60989,119518,85750,99048,184798,100315,112826,213141,84671,97663,182334,62233,74764,136997,45402,54360,99762,25090,31557,56647,9655,16855,26510,1963,5856,7819,522196,599294,1121490
2021-09-01,49508,46226,95734,59101,61513,120614,86162,99566,185728,100827,113505,214332,85084,98218,183302,62508,75112,137620,45610,54620,100230,25195,31721,56916,9693,16923,26616,1965,5874,7839,525653,603278,1128931
2021-09-02,50259,46940,97199,59550,61988,121538,86479,99990,186469,101278,114065,215343,85427,98758,184185,62744,75443,138187,45781,54851,100632,25298,31844,57142,9719,16967,26686,1971,5889,7860,528506,606735,1135241
2021-09-03,50865,47499,98364,60018,62445,122463,86830,100444,187274,101722,114664,216386,85832,99293,185125,62990,75800,138790,45996,55126,101122,25414,32010,57424,9756,17023,26779,1972,5898,7870,531395,610202,1141597
2021-09-04,51267,47854,99121,60236,62667,122903,87010,100696,187706,102017,115049,217066,86116,99625,185741,63178,76027,139205,46131,55301,101432,25497,32120,57617,9780,17066,26846,1975,5910,7885,533207,612315,1145522
2021-09-05,51684,48241,99925,60451,62913,123364,87196,100934,188130,102355,115461,217816,86364,99954,186318,63359,76265,139624,46264,55487,101751,25592,32221,57813,9804,17099,26903,1983,5923,7906,535052,614498,1149550
2021-09-06,52472,49068,101540,60889,63355,124244,87561,101438,188999,102864,116088,218952,86811,100517,187328,63651,76674,140325,46486,55767,102253,25744,32383,58127,9839,17175,27014,1990,5946,7936,538307,618411,1156718
2021-09-07,53161,49818,102979,61338,63864,125202,87894,101868,189762,103279,116644,219923,87164,100999,188163,63873,77010,140883,46666,56010,102676,25831,32527,58358,9873,17236,27109,1998,5970,7968,541077,621946,1163023
2021-09-08,53715,50381,104096,61768,64266,126034,88179,102220,190399,103660,117098,220758,87456,101421,188877,64108,77303,141411,46827,56218,103045,25912,32633,58545,9909,17279,27188,2006,5984,7990,543540,624803,1168343
2021-09-09,54299,50946,105245,62138,64600,126738,88433,102641,191074,104026,117544,221570,87750,101843,189593,64315,77604,141919,46996,56408,103404,26007,32758,58765,9944,17333,27277,2011,6001,8012,545919,627678,1173597
2021-09-10,54883,51504,106387,62597,65114,127711,88903,103365,192268,104610,118359,222969,88307,102685,190992,64779,78250,143029,47305,56911,104216,26137,32961,59098,10003,17381,27384,2017,6015,8032,549541,632545,1182086
2021-09-11,55225,51855,107080,62868,65413,128281,89288,103858,193146,105084,118947,224031,88753,103232,191985,65089,78664,143753,47525,57236,104761,26248,33121,59369,10034,17418,27452,2021,6023,8044,552135,635767,1187902
2021-09-12,55559,52156,107715,63044,65607,128651,89459,104083,193542,105330,119251,224581,88989,103487,192476,65253,78878,144131,47639,57397,105036,26318,33210,59528,10051,17445,27496,2026,6032,8058,553668,637546,1191214
2021-09-13,56233,52777,109010,63426,66044,129470,89783,104562,194345,105785,119861,225646,89406,103997,193403,65522,79286,144808,47875,57648,105523,26455,33384,59839,10086,17514,27600,2035,6050,8085,556606,641123,1197729
2021-09-14,56897,53363,110260,63800,66435,130235,90079,104933,195012,106149,120352,226501,89704,104448,194152,65747,79614,145361,48051,57889,105940,26573,33539,60112,10114,17575,27689,2042,6063,8105,559156,644211,1203367
2021-09-15,57397,53837,111234,64131,66771,130902,90287,105271,195558,106462,120825,227287,89978,104847,194825,65920,79854,145774,48200,58093,106293,26661,33648,60309,10146,17627,27773,2050,6087,8137,561232,646860,1208092
2021-09-16,57886,54278,112164,64498,67131,131629,90542,105622,196164,106781,121339,228120,90296,105300,195596,66128,80130,146258,48347,58311,106658,26755,33781,60536,10182,17678,27860,2062,6104,8166,563477,649674,1213151
2021-09-17,58516,54863,113379,64946,67592,132538,90820,106038,196858,107171,121861,229032,90612,105726,196338,66349,80485,146834,48509,58530,107039,26882,33948,60830,10213,17745,27958,2067,6115,8182,566085,652903,1218988
2021-09-18,58861,55193,114054,65154,67810,132964,91004,106315,197319,107431,122202,229633,90856,106045,196901,66501,80692,147193,48662,58729,107391,26969,34062,61031,10247,17784,28031,2070,6127,8197,567755,654959,1222714
2021-09-19,59232,55549,114781,65335,67987,133322,91168,106547,197715,107679,122519,230198,91092,106316,197408,66645,80885,147530,48790,58871,107661,27032,34154,61186,10264,17829,28093,2076,6136,8212,569313,656793,1226106
2021-09-20,59908,56224,116132,65856,68551,134407,91413,106918,198331,108091,122998,231089,91426,106752,198178,66881,81224,148105,48996,59118,108114,27146,34303,61449,10297,17885,28182,2084,6146,8230,572098,660119,1232217
2021-09-21,60482,56768,117250,66098,68828,134926,91617,107259,198876,108426,123406,231832,91711,107094,198805,67068,81486,148554,49176,59336,108512,27271,34434,61705,10336,17933,28269,2087,6154,8241,574272,662698,1236970
2021-09-22,61124,57285,118409,66592,69292,135884,91851,107624,199475,108777,123910,232687,92000,107510,199510,67254,81805,149059,49342,59552,108894,27385,34561,61946,10360,17991,28351,2095,6172,8267,576780,665702,1242482
2021-09-23,61682,57826,119508,67073,69814,136887,92115,108029,200144,109150,124447,233597,92311,107989,200300,67482,82138,149620,49543,59822,109365,27506,34700,62206,10398,18037,28435,2102,6188,8290,579362,668990,1248352
2021-09-24,62190,58345,120535,67416,70141,137557,92390,108378,200768,109491,124882,234373,92603,108414,201017,67685,82461,150146,49734,60054,109788,27598,34857,62455,10433,18091,28524,2107,6195,8302,581647,671818,1253465
2021-09-25,62523,58641,121164,67605,70339,137944,92571,108638,201209,109759,125220,234979,92855,108704,201559,67870,82672,150542,49883,60233,110116,27679,34958,62637,10456,18135,28591,2109,6207,8316,583310,673747,1257057
2021-09-26,62953,59024,121977,67806,70571,138377,92762,108925,201687,110072,125647,235719,93196,109080,202276,68091,82972,151063,50069,60450,110519,27758,35055,62813,10482,18177,28659,2111,6221,8332,585300,676122,1261422
2021-09-27,63732,59712,123444,68421,71104,139525,93110,109472,202582,110641,126340,236981,93694,109687,203381,68390,83418,151808,50327,60813,111140,27920,35247,63167,10516,18246,28762,2123,6239,8362,588874,680278,1269152
2021-09-28,64536,60390,124926,69095,71840,140935,93430,109981,203411,111126,127028,238154,94133,110314,204447,68696,83821,152517,50564,61116,111680,28051,35392,63443,10546,18310,28856,2129,6254,8383,592306,684446,1276752
2021-09-29,65221,60982,126203,69651,72433,142084,93767,110464,204231,111582,127708,239290,94553,110861,205414,68978,84190,153168,50785,61394,112179,28192,35574,63766,10597,18364,28961,2138,6266,8404,595464,688236,1283700
2021-09-30,65748,61511,127259,70249,73092,143341,94074,110901,204975,112006,128250,240256,94921,111363,206284,69243,84513,153756,50952,61645,112597,28299,35718,64017,10631,18441,29072,2145,6280,8425,598268,691714,1289982
2021-10-01,66409,62047,128456,70975,73845,144820,94455,111433,205888,112509,129005,241514,95398,112010,207408,69586,84951,154537,51189,61958,113147,28428,35892,64320,10679,18515,29194,2148,6302,8450,601776,695958,1297734
2021-10-02,66771,62397,129168,71189,74097,145286,94667,111733,206400,112804,129430,242234,95676,112336,208012,69791,85215,155006,51343,62167,113510,28543,36005,64548,10701,18561,29262,2152,6308,8460,603637,698249,1301886
2021-10-03,67117,62716,129833,71390,74303,145693,94878,112018,206896,113054,129762,242816,95919,112651,208570,69958,85437,155395,51460,62344,113804,28615,36108,64723,10725,18603,29328,2153,6314,8467,605269,700256,1305525
2021-10-04,67839,63375,131214,72106,74957,147063,95248,112589,207837,113490,130451,243941,96391,113265,209656,70263,85907,156170,51712,62694,114406,28757,36297,65054,10779,18664,29443,2158,6333,8491,608743,704532,1313275
2021-10-05,68537,64028,132565,72798,75801,148599,95617,113164,208781,114000,131174,245174,96847,113896,210743,70622,86410,157032,51941,63044,114985,28897,36493,65390,10827,18735,29562,2170,6351,8521,612256,709096,1321352
2021-10-06,69111,64574,133685,73437,76460,149897,96005,113753,209758,114544,131893,246437,97319,114543,211862,70917,86889,157806,52185,63358,115543,29016,36658,65674,10873,18786,29659,2178,6363,8541,615585,713277,1328862
2021-10-07,69600,65034,134634,73837,76898,150735,96345,114281,210626,115023,132573,247596,97740,115177,212917,71213,87293,158506,52398,63635,116033,29163,36813,65976,10912,18851,29763,2181,6384,8565,618412,716939,1335351
2021-10-08,69858,65271,135129,74082,77192,151274,96606,114586,211192,115330,132997,248327,98052,115541,213593,71431,87569,159000,52572,63856,116428,29262,36910,66172,10945,18893,29838,2187,6398,8585,620325,719213,1339538
2021-10-09,70104,65501,135605,74368,77492,151860,96805,114895,211700,115622,133378,249000,98316,115867,214183,71614,87823,159437,52739,64064,116803,29356,37020,66376,10970,18951,29921,2192,6411,8603,622086,721402,1343488
2021-10-10,70384,65759,136143,74560,77732,152292,96982,115172,212154,115880,133694,249574,98590,116172,214762,71813,88063,159876,52883,64247,117130,29432,37126,66558,11000,18993,29993,2194,6419,8613,623718,723377,1347095
2021-10-11,70707,66059,136766,74860,78112,152972,97227,115490,212717,116204,134123,250327,98921,116592,215513,72027,88365,160392,53070,64467,117537,29529,37268,66797,11033,19034,30067,2197,6429,8626,625775,725939,1351714
2021-10-12,71300,66618,137918,75464,78844,154308,97650,116152,213802,116765,134836,251601,99366,117249,216615,72350,88829,161179,53342,64826,118168,29678,37456,67134,11071,19103,30174,2207,6453,8660,629193,730366,1359559
2021-10-13,71863,67147,139010,76100,79479,155579,98042,116711,214753,117270,135462,252732,99775,117859,217634,72652,89250,161902,53574,65131,118705,29825,37629,67454,11103,19157,30260,2211,6463,8674,632415,734288,1366703
2021-10-14,72465,67727,140192,76850,80262,157112,98476,117332,215808,117756,136145,253901,100227,118486,218713,72992,89697,162689,53848,65487,119335,29976,37803,67779,11144,19230,30374,2217,6479,8696,635951,738648,1374599
2021-10-15,72882,68112,140994,77386,80854,158240,98858,117895,216753,118225,136770,254995,100651,119051,219702,73263,90096,163359,54090,65826,119916,30101,37971,68072,11172,19281,30453,2219,6494,8713,638847,742350,1381197
2021-10-16,73151,68364,141515,77736,81277,159013,99115,118198,217313,118548,137167,255715,100952,119468,220420,73483,90407,163890,54277,66076,120353,30225,38134,68359,11203,19329,30532,2221,6504,8725,640911,744924,1385835
2021-10-17,73392,68562,141954,78054,81582,159636,99284,118435,217719,118795,137469,256264,101185,119774,220959,73654,90626,164280,54412,66243,120655,30311,38236,68547,11224,19359,30583,2223,6506,8729,642534,746792,1389326
2021-10-18,73974,69134,143108,78599,82145,160744,99651,118984,218635,119292,138103,257395,101601,120370,221971,73975,91082,165057,54686,66606,121292,30474,38424,68898,11275,19427,30702,2230,6515,8745,645757,750790,1396547
2021-10-19,74544,69686,144230,79055,82655,161710,100009,119486,219495,119741,138752,258493,101966,120957,222923,74257,91483,165740,54924,66905,121829,30626,38604,69230,11319,19490,30809,2236,6533,8769,648677,754551,1403228
2021-10-20,75046,70158,145204,79521,83211,162732,100393,120013,220406,120165,139363,259528,102384,121501,223885,74552,91871,166423,55117,67215,122332,30760,38785,69545,11362,19541,30903,2238,6549,8787,651538,758207,1409745
2021-10-21,75570,70650,146220,80030,83807,163837,100725,120478,221203,120613,140023,260636,102757,122027,224784,74809,92310,167119,55322,67538,122860,30888,38967,69855,11396,19602,30998,2241,6567,8808,654351,761969,1416320
2021-10-22,76053,71153,147206,80627,84507,165134,101054,120968,222022,121057,140664,261721,103165,122649,225814,75089,92727,167816,55539,67879,123418,31027,39135,70162,11439,19669,31108,2249,6579,8828,657299,765930,1423229
2021-10-23,76280,71364,147644,80898,84793,165691,101218,121221,222439,121315,140989,262304,103394,122984,226378,75260,92979,168239,55681,68063,123744,31102,39225,70327,11464,19696,31160,2251,6590,8841,658863,767904,1426767
2021-10-24,76402,71498,147900,81086,84970,166056,101301,121402,222703,121512,141247,262759,103566,123236,226802,75393,93159,168552,55766,68145,123911,31143,39263,70406,11478,19704,31182,2254,6592,8846,659901,769216,1429117
2021-10-25,76465,71555,148020,81141,85039,166180,101351,121476,222827,121567,141325,262892,103625,123324,226949,75426,93211,168637,55794,68180,123974,31151,39276,70427,11484,19704,31188,2254,6594,8848,660258,769684,1429942
