FECHA,<=10M,<=10F,<=10,11-20M,11-20F,11-20,21-30M,21-30F,21-30,31-40M,31-40F,31-40,41-50M,41-50F,41-50,51-60M,51-60F,51-60,61-70M,61-70F,61-70,71-80M,71-80F,71-80,81-90M,81-90F,81-90,>=91M,>=91F,>=91,TotalM,TotalF,Total
2020-03-15,0,0,0,0,1,1,1,0,1,1,0,1,0,0,0,0,0,0,0,1,1,0,0,0,0,0,0,0,0,0,2,2,4
2020-03-16,0,0,0,0,1,1,4,2,6,4,0,4,1,0,1,0,1,1,1,1,2,0,0,0,0,0,0,0,0,0,10,5,15
2020-03-17,0,0,0,1,1,2,5,3,8,6,1,7,1,0,1,2,3,5,1,3,4,2,0,2,0,0,0,0,0,0,18,11,29
2020-03-18,0,0,0,1,1,2,7,5,12,8,4,12,2,1,3,3,3,6,1,4,5,2,0,2,0,0,0,0,0,0,24,18,42
2020-03-19,0,0,0,2,1,3,9,5,14,12,4,16,4,1,5,4,4,8,1,5,6,4,1,5,0,0,0,0,0,0,36,21,57
2020-03-20,0,0,0,2,1,3,14,5,19,14,4,18,6,1,7,6,4,10,2,6,8,4,3,7,0,1,1,0,0,0,48,25,73
2020-03-21,2,0,2,3,3,6,17,5,22,14,8,22,8,2,10,9,7,16,5,7,12,6,3,9,0,1,1,0,0,0,64,36,100
2020-03-22,2,0,2,3,3,6,19,7,26,19,8,27,12,2,14,11,11,22,7,7,14,9,4,13,0,1,1,0,0,0,82,43,125
2020-03-23,2,0,2,4,3,7,21,9,30,24,10,34,14,3,17,15,13,28,8,9,17,12,6,18,1,1,2,0,0,0,101,54,155
2020-03-24,2,0,2,4,3,7,24,14,38,33,11,44,16,4,20,17,14,31,9,9,18,13,7,20,2,1,3,0,0,0,120,63,183
2020-03-25,4,0,4,5,4,9,28,18,46,35,13,48,20,4,24,19,14,33,11,9,20,14,7,21,3,3,6,0,1,1,139,73,212
2020-03-26,4,0,4,5,5,10,29,19,48,37,14,51,22,4,26,21,18,39,14,12,26,15,8,23,4,3,7,0,1,1,151,84,235
2020-03-27,4,0,4,5,5,10,30,21,51,41,14,55,23,7,30,22,19,41,16,14,30,15,10,25,4,3,7,0,1,1,160,94,254
2020-03-28,4,0,4,5,5,10,31,22,53,42,17,59,25,8,33,23,20,43,17,15,32,16,12,28,6,3,9,0,1,1,169,103,272
2020-03-29,4,0,4,5,5,10,34,25,59,48,20,68,25,8,33,24,24,48,19,19,38,19,14,33,6,3,9,1,1,2,185,119,304
2020-03-30,4,0,4,5,6,11,39,28,67,49,22,71,28,10,38,27,24,51,22,22,44,23,15,38,6,3,9,1,2,3,204,132,336
2020-03-31,5,0,5,5,7,12,41,30,71,51,23,74,31,11,42,32,24,56,24,23,47,26,19,45,6,4,10,1,4,5,222,145,367
2020-04-01,5,0,5,6,8,14,43,34,77,54,28,82,34,13,47,34,28,62,28,25,53,26,20,46,6,5,11,1,4,5,237,165,402
2020-04-02,5,0,5,6,8,14,44,34,78,57,33,90,36,14,50,36,31,67,30,25,55,34,22,56,6,9,15,2,7,9,256,183,439
2020-04-03,5,0,5,6,8,14,47,36,83,58,34,92,38,15,53,37,35,72,31,28,59,36,22,58,6,10,16,2,8,10,266,196,462
2020-04-04,5,2,7,6,8,14,49,38,87,59,34,93,38,16,54,39,36,75,32,30,62,36,22,58,6,11,17,3,8,11,273,205,478
2020-04-05,6,2,8,6,8,14,49,40,89,61,35,96,38,20,58,39,37,76,33,30,63,38,23,61,7,11,18,3,8,11,280,214,494
2020-04-06,6,2,8,6,8,14,50,42,92,64,38,102,39,21,60,40,41,81,36,32,68,40,25,65,7,12,19,3,8,11,291,229,520
2020-04-07,6,2,8,6,9,15,53,42,95,65,43,108,40,21,61,42,42,84,37,32,69,41,27,68,8,12,20,5,8,13,303,238,541
2020-04-08,8,2,10,7,9,16,54,43,97,66,50,116,41,23,64,44,42,86,38,32,70,43,28,71,8,12,20,5,8,13,314,249,563
2020-04-09,8,2,10,7,10,17,55,43,98,71,50,121,41,24,65,45,42,87,38,33,71,43,28,71,8,12,20,5,8,13,321,252,573
2020-04-10,8,2,10,7,10,17,55,44,99,75,53,128,41,24,65,46,42,88,38,33,71,43,28,71,8,12,20,5,8,13,326,256,582
2020-04-11,8,2,10,7,10,17,55,45,100,76,54,130,41,26,67,47,42,89,38,33,71,43,28,71,10,13,23,5,8,13,330,261,591
2020-04-12,8,2,10,7,10,17,56,45,101,79,57,136,41,26,67,47,44,91,38,33,71,43,29,72,11,14,25,5,8,13,335,268,603
2020-04-13,9,2,11,7,10,17,58,46,104,81,60,141,44,27,71,47,47,94,38,35,73,44,30,74,11,14,25,5,8,13,344,279,623
2020-04-14,9,2,11,7,10,17,61,48,109,85,61,146,45,29,74,49,48,97,41,36,77,46,31,77,11,14,25,5,9,14,359,288,647
2020-04-15,9,2,11,7,10,17,61,49,110,87,63,150,47,30,77,49,49,98,41,36,77,46,31,77,11,15,26,5,9,14,363,294,657
2020-04-16,9,2,11,7,10,17,61,51,112,91,65,156,48,30,78,52,51,103,42,36,78,49,32,81,11,21,32,6,10,16,376,308,684
2020-04-17,9,2,11,7,10,17,63,53,116,93,69,162,49,31,80,53,52,105,43,37,80,49,33,82,13,25,38,6,11,17,385,323,708
2020-04-18,9,3,12,7,10,17,64,54,118,93,70,163,51,33,84,54,53,107,45,38,83,50,34,84,14,30,44,6,14,20,393,339,732
2020-04-19,9,3,12,7,10,17,67,54,121,97,74,171,51,37,88,55,53,108,45,39,84,51,37,88,14,32,46,7,17,24,403,356,759
2020-04-20,9,3,12,7,10,17,67,55,122,99,75,174,53,38,91,58,56,114,46,39,85,51,40,91,17,33,50,8,18,26,415,367,782
2020-04-21,9,7,16,7,10,17,67,58,125,100,81,181,54,42,96,59,58,117,48,40,88,51,43,94,20,36,56,9,23,32,424,398,822
2020-04-22,10,7,17,8,11,19,74,65,139,105,85,190,57,46,103,60,62,122,51,42,93,53,50,103,23,42,65,14,29,43,455,439,894
2020-04-23,16,10,26,9,12,21,82,69,151,107,90,197,61,50,111,61,62,123,54,46,100,55,53,108,31,43,74,14,32,46,490,467,957
2020-04-24,17,10,27,10,15,25,87,75,162,114,94,208,64,53,117,63,68,131,57,47,104,55,53,108,33,46,79,14,32,46,514,493,1007
2020-04-25,20,11,31,12,15,27,87,79,166,117,96,213,67,60,127,65,68,133,58,48,106,55,53,108,34,48,82,14,32,46,529,510,1039
2020-04-26,21,13,34,14,15,29,87,83,170,120,99,219,68,61,129,65,68,133,58,48,106,55,54,109,35,49,84,14,32,46,537,522,1059
2020-04-27,23,15,38,15,17,32,91,89,180,124,110,234,76,66,142,67,71,138,61,48,109,57,55,112,38,51,89,15,33,48,567,555,1122
2020-04-28,23,15,38,17,18,35,92,92,184,132,112,244,77,69,146,71,71,142,63,49,112,60,55,115,39,56,95,15,35,50,589,572,1161
2020-04-29,24,17,41,19,21,40,95,94,189,136,113,249,81,74,155,72,73,145,64,50,114,62,56,118,39,59,98,15,35,50,607,592,1199
2020-04-30,27,17,44,19,26,45,97,95,192,144,118,262,85,77,162,76,74,150,65,50,115,63,56,119,39,60,99,15,35,50,630,608,1238
2020-05-01,30,20,50,24,27,51,102,103,205,146,123,269,88,81,169,80,76,156,66,51,117,63,56,119,39,61,100,16,35,51,654,633,1287
2020-05-02,34,22,56,27,32,59,107,111,218,151,128,279,90,82,172,80,77,157,66,51,117,64,56,120,39,62,101,16,35,51,674,656,1330
2020-05-03,35,23,58,34,33,67,109,118,227,153,136,289,92,83,175,83,77,160,67,53,120,64,56,120,40,63,103,16,35,51,693,677,1370
2020-05-04,37,27,64,38,36,74,115,125,240,162,145,307,95,90,185,85,78,163,70,53,123,64,56,120,41,65,106,16,36,52,723,711,1434
2020-05-05,41,33,74,42,43,85,123,137,260,178,154,332,103,106,209,91,82,173,71,57,128,66,59,125,47,76,123,17,42,59,779,789,1568
2020-05-06,43,39,82,45,48,93,132,144,276,187,167,354,112,111,223,94,82,176,73,58,131,68,61,129,48,77,125,18,43,61,820,830,1650
2020-05-07,49,45,94,50,54,104,144,162,306,199,177,376,121,118,239,100,86,186,74,62,136,68,62,130,51,78,129,18,45,63,874,889,1763
2020-05-08,60,54,114,60,66,126,159,180,339,215,196,411,137,130,267,105,88,193,80,65,145,72,62,134,52,82,134,19,45,64,959,968,1927
2020-05-09,62,58,120,62,72,134,169,189,358,230,212,442,150,135,285,113,94,207,84,68,152,73,64,137,52,82,134,20,45,65,1015,1019,2034
2020-05-10,67,63,130,68,78,146,183,199,382,258,226,484,183,138,321,137,100,237,88,71,159,73,66,139,53,82,135,20,45,65,1130,1068,2198
2020-05-11,75,71,146,72,85,157,195,210,405,276,244,520,193,148,341,141,103,244,92,74,166,74,67,141,54,85,139,20,46,66,1192,1133,2325
2020-05-12,83,89,172,79,95,174,225,243,468,301,265,566,207,162,369,153,112,265,99,77,176,77,73,150,54,86,140,23,48,71,1301,1250,2551
2020-05-13,92,96,188,89,104,193,250,261,511,318,283,601,226,177,403,162,122,284,107,84,191,78,75,153,54,88,142,23,51,74,1399,1341,2740
2020-05-14,110,118,228,109,125,234,276,290,566,336,307,643,242,191,433,178,135,313,112,89,201,79,76,155,54,89,143,23,51,74,1519,1471,2990
2020-05-15,124,137,261,116,140,256,295,309,604,355,332,687,261,207,468,189,146,335,114,92,206,81,78,159,54,91,145,24,52,76,1613,1584,3197
2020-05-16,137,148,285,126,152,278,317,337,654,369,351,720,285,225,510,199,156,355,117,95,212,83,80,163,56,94,150,24,56,80,1713,1694,3407
2020-05-17,153,158,311,141,168,309,346,353,699,397,370,767,298,237,535,214,166,380,119,103,222,85,80,165,60,100,160,24,57,81,1837,1792,3629
2020-05-18,176,182,358,161,185,346,392,401,793,429,413,842,322,259,581,232,189,421,128,109,237,93,85,178,63,106,169,25,59,84,2021,1988,4009
2020-05-19,205,209,414,180,206,386,429,442,871,470,447,917,343,284,627,247,198,445,134,117,251,94,87,181,65,111,176,26,61,87,2193,2162,4355
2020-05-20,226,226,452,194,232,426,470,486,956,501,482,983,371,307,678,270,216,486,145,126,271,96,93,189,66,116,182,27,62,89,2366,2346,4712
2020-05-21,246,245,491,220,250,470,503,533,1036,552,516,1068,396,336,732,292,230,522,158,127,285,102,98,200,68,118,186,27,65,92,2564,2518,5082
2020-05-22,264,255,519,235,269,504,536,582,1118,588,544,1132,429,370,799,310,243,553,169,135,304,102,102,204,69,119,188,28,66,94,2730,2685,5415
2020-05-23,283,286,569,254,294,548,571,613,1184,615,572,1187,463,391,854,326,264,590,175,140,315,105,105,210,71,129,200,28,68,96,2891,2862,5753
2020-05-24,298,299,597,265,306,571,598,643,1241,639,601,1240,495,411,906,340,276,616,182,142,324,106,109,215,74,130,204,29,69,98,3026,2986,6012
2020-05-25,320,318,638,281,321,602,629,674,1303,663,632,1295,520,434,954,354,290,644,187,151,338,111,119,230,75,137,212,30,70,100,3170,3146,6316
2020-05-26,343,336,679,305,350,655,670,718,1388,710,672,1382,552,461,1013,380,319,699,198,157,355,113,125,238,76,143,219,32,77,109,3379,3358,6737
2020-05-27,375,350,725,327,377,704,713,769,1482,756,713,1469,584,496,1080,406,337,743,205,166,371,121,133,254,79,147,226,32,80,112,3598,3568,7166
2020-05-28,406,365,771,352,407,759,762,822,1584,797,749,1546,616,537,1153,426,357,783,217,177,394,126,144,270,92,169,261,36,95,131,3830,3822,7652
2020-05-29,432,402,834,376,441,817,792,868,1660,848,781,1629,635,568,1203,446,372,818,228,188,416,136,153,289,95,181,276,36,102,138,4024,4056,8080
2020-05-30,444,420,864,399,466,865,824,904,1728,877,815,1692,650,585,1235,462,381,843,234,194,428,139,158,297,97,184,281,37,103,140,4163,4210,8373
2020-05-31,450,431,881,410,486,896,857,931,1788,897,841,1738,670,613,1283,477,398,875,241,198,439,146,163,309,104,186,290,39,103,142,4291,4350,8641
2020-06-01,471,448,919,428,514,942,894,969,1863,941,879,1820,706,646,1352,497,425,922,246,208,454,153,172,325,110,193,303,40,103,143,4486,4557,9043
2020-06-02,503,471,974,459,539,998,939,1013,1952,979,928,1907,737,673,1410,515,445,960,266,219,485,165,176,341,113,211,324,44,113,157,4720,4788,9508
2020-06-03,525,495,1020,474,560,1034,978,1065,2043,1030,969,1999,770,700,1470,539,470,1009,282,235,517,173,190,363,117,219,336,47,116,163,4935,5019,9954
2020-06-04,548,524,1072,493,585,1078,1021,1126,2147,1067,1013,2080,791,731,1522,566,492,1058,296,240,536,178,195,373,117,225,342,50,124,174,5127,5255,10382
2020-06-05,589,547,1136,526,611,1137,1067,1186,2253,1115,1062,2177,824,762,1586,589,513,1102,310,254,564,184,208,392,122,232,354,50,127,177,5376,5502,10878
2020-06-06,610,568,1178,542,636,1178,1103,1229,2332,1171,1094,2265,851,800,1651,607,530,1137,317,262,579,190,216,406,124,245,369,52,135,187,5567,5715,11282
2020-06-07,625,589,1214,563,650,1213,1138,1272,2410,1200,1120,2320,882,825,1707,622,543,1165,322,270,592,193,224,417,127,259,386,52,142,194,5724,5894,11618
2020-06-08,656,629,1285,590,686,1276,1195,1330,2525,1267,1175,2442,920,873,1793,667,571,1238,341,282,623,207,236,443,139,271,410,53,149,202,6035,6202,12237
2020-06-09,684,654,1338,622,716,1338,1241,1389,2630,1331,1248,2579,973,918,1891,703,612,1315,359,296,655,224,246,470,147,285,432,53,156,209,6337,6520,12857
2020-06-10,704,676,1380,644,745,1389,1300,1449,2749,1389,1314,2703,1027,958,1985,733,643,1376,375,312,687,240,262,502,155,315,470,54,172,226,6621,6846,13467
2020-06-11,736,704,1440,671,784,1455,1388,1533,2921,1458,1366,2824,1077,1011,2088,776,667,1443,391,328,719,254,274,528,161,327,488,54,178,232,6966,7172,14138
2020-06-12,778,744,1522,708,825,1533,1442,1605,3047,1521,1427,2948,1130,1062,2192,816,692,1508,409,350,759,268,285,553,165,331,496,55,182,237,7292,7503,14795
2020-06-13,812,764,1576,731,866,1597,1496,1660,3156,1571,1480,3051,1163,1106,2269,843,716,1559,427,362,789,277,298,575,170,347,517,58,193,251,7548,7792,15340
2020-06-14,833,790,1623,752,882,1634,1526,1704,3230,1615,1517,3132,1188,1130,2318,864,734,1598,440,375,815,281,308,589,175,361,536,58,200,258,7732,8001,15733
2020-06-15,862,808,1670,777,899,1676,1582,1756,3338,1661,1566,3227,1229,1156,2385,879,752,1631,453,383,836,287,315,602,179,370,549,62,202,264,7971,8207,16178
2020-06-16,901,847,1748,806,932,1738,1654,1828,3482,1746,1639,3385,1293,1200,2493,916,791,1707,480,404,884,304,326,630,183,386,569,63,207,270,8346,8560,16906
2020-06-17,940,877,1817,840,972,1812,1744,1915,3659,1838,1728,3566,1361,1276,2637,976,841,1817,510,431,941,335,338,673,190,411,601,64,218,282,8798,9007,17805
2020-06-18,968,914,1882,890,1012,1902,1832,2000,3832,1940,1823,3763,1445,1354,2799,1034,893,1927,535,446,981,347,352,699,198,426,624,65,224,289,9254,9444,18698
2020-06-19,1001,949,1950,932,1064,1996,1914,2084,3998,2035,1909,3944,1509,1402,2911,1071,938,2009,568,474,1042,372,375,747,215,446,661,66,243,309,9683,9884,19567
2020-06-20,1034,988,2022,966,1104,2070,1984,2161,4145,2113,1967,4080,1562,1467,3029,1110,973,2083,586,492,1078,387,392,779,223,458,681,71,252,323,10036,10254,20290
2020-06-21,1057,1022,2079,1005,1134,2139,2032,2210,4242,2182,2023,4205,1596,1510,3106,1142,998,2140,607,500,1107,397,403,800,231,474,705,72,264,336,10321,10538,20859
2020-06-22,1111,1061,2172,1046,1187,2233,2132,2297,4429,2298,2104,4402,1679,1573,3252,1222,1048,2270,656,532,1188,419,432,851,250,494,744,76,274,350,10889,11002,21891
2020-06-23,1147,1100,2247,1089,1224,2313,2235,2400,4635,2381,2198,4579,1763,1644,3407,1288,1099,2387,680,555,1235,433,445,878,265,526,791,79,281,360,11360,11472,22832
2020-06-24,1178,1127,2305,1125,1269,2394,2347,2496,4843,2471,2285,4756,1844,1720,3564,1341,1150,2491,709,576,1285,450,455,905,275,543,818,82,294,376,11822,11915,23737
2020-06-25,1219,1169,2388,1172,1315,2487,2439,2599,5038,2574,2374,4948,1897,1785,3682,1394,1193,2587,737,593,1330,461,470,931,284,569,853,84,307,391,12261,12374,24635
2020-06-26,1259,1217,2476,1231,1355,2586,2525,2696,5221,2674,2470,5144,1959,1866,3825,1452,1239,2691,771,614,1385,474,487,961,294,589,883,86,320,406,12725,12853,25578
2020-06-27,1300,1253,2553,1266,1396,2662,2607,2767,5374,2739,2556,5295,2005,1919,3924,1493,1270,2763,802,634,1436,482,497,979,302,606,908,88,325,413,13084,13223,26307
2020-06-28,1328,1271,2599,1301,1419,2720,2683,2839,5522,2799,2607,5406,2072,1962,4034,1528,1307,2835,817,649,1466,490,507,997,311,619,930,90,333,423,13419,13513,26932
2020-06-29,1353,1299,2652,1348,1470,2818,2779,2922,5701,2907,2682,5589,2153,2044,4197,1580,1358,2938,849,669,1518,506,524,1030,329,645,974,93,344,437,13897,13957,27854
2020-06-30,1383,1332,2715,1402,1505,2907,2863,3006,5869,2992,2773,5765,2227,2114,4341,1639,1402,3041,877,697,1574,526,545,1071,347,668,1015,97,359,456,14353,14401,28754
2020-07-01,1411,1368,2779,1451,1544,2995,2943,3087,6030,3086,2862,5948,2288,2167,4455,1696,1447,3143,912,727,1639,544,559,1103,365,686,1051,100,368,468,14796,14815,29611
2020-07-02,1454,1401,2855,1494,1597,3091,3026,3189,6215,3165,2960,6125,2383,2237,4620,1745,1496,3241,961,752,1713,565,582,1147,373,703,1076,102,376,478,15268,15293,30561
2020-07-03,1497,1444,2941,1548,1643,3191,3123,3283,6406,3275,3043,6318,2459,2316,4775,1811,1546,3357,995,779,1774,585,608,1193,379,727,1106,105,393,498,15777,15782,31559
2020-07-04,1524,1488,3012,1578,1669,3247,3187,3362,6549,3360,3117,6477,2531,2369,4900,1856,1588,3444,1030,807,1837,609,642,1251,385,776,1161,107,416,523,16167,16234,32401
2020-07-05,1545,1513,3058,1611,1699,3310,3241,3421,6662,3426,3174,6600,2591,2425,5016,1903,1633,3536,1065,832,1897,631,675,1306,400,809,1209,110,428,538,16523,16609,33132
2020-07-06,1574,1542,3116,1648,1734,3382,3337,3517,6854,3547,3276,6823,2687,2506,5193,1976,1691,3667,1116,869,1985,654,708,1362,412,858,1270,117,445,562,17068,17146,34214
2020-07-07,1611,1582,3193,1676,1772,3448,3448,3613,7061,3666,3372,7038,2773,2588,5361,2038,1741,3779,1149,896,2045,690,734,1424,425,885,1310,121,455,576,17597,17638,35235
2020-07-08,1652,1621,3273,1712,1812,3524,3545,3719,7264,3793,3488,7281,2851,2677,5528,2102,1818,3920,1199,931,2130,716,767,1483,446,926,1372,127,482,609,18143,18241,36384
2020-07-09,1690,1650,3340,1748,1856,3604,3616,3790,7406,3873,3593,7466,2929,2734,5663,2145,1849,3994,1243,978,2221,745,789,1534,462,967,1429,131,493,624,18582,18699,37281
2020-07-10,1726,1685,3411,1783,1888,3671,3690,3880,7570,3957,3681,7638,3003,2798,5801,2205,1910,4115,1289,1011,2300,764,807,1571,479,990,1469,134,505,639,19030,19155,38185
2020-07-11,1750,1716,3466,1810,1922,3732,3754,3951,7705,4041,3769,7810,3077,2859,5936,2263,1953,4216,1332,1036,2368,784,831,1615,485,1017,1502,138,515,653,19434,19569,39003
2020-07-12,1777,1736,3513,1836,1953,3789,3813,4005,7818,4108,3834,7942,3138,2899,6037,2313,1986,4299,1356,1062,2418,804,847,1651,503,1043,1546,140,531,671,19788,19896,39684
2020-07-13,1817,1769,3586,1886,2000,3886,3916,4119,8035,4242,3954,8196,3245,3000,6245,2399,2053,4452,1395,1096,2491,830,880,1710,523,1085,1608,147,555,702,20400,20511,40911
2020-07-14,1849,1803,3652,1924,2035,3959,4033,4224,8257,4371,4067,8438,3324,3084,6408,2467,2118,4585,1442,1135,2577,857,904,1761,535,1122,1657,155,570,725,20957,21062,42019
2020-07-15,1882,1838,3720,1970,2069,4039,4131,4329,8460,4486,4201,8687,3411,3185,6596,2542,2168,4710,1488,1169,2657,890,933,1823,548,1155,1703,160,596,756,21508,21643,43151
2020-07-16,1911,1880,3791,2023,2116,4139,4237,4423,8660,4629,4330,8959,3502,3273,6775,2616,2241,4857,1533,1206,2739,915,965,1880,567,1199,1766,171,631,802,22104,22264,44368
2020-07-17,1956,1907,3863,2052,2163,4215,4331,4560,8891,4750,4437,9187,3581,3363,6944,2683,2307,4990,1580,1239,2819,939,993,1932,587,1247,1834,178,662,840,22637,22878,45515
2020-07-18,1987,1943,3930,2098,2196,4294,4429,4644,9073,4865,4546,9411,3664,3462,7126,2754,2363,5117,1616,1273,2889,967,1027,1994,596,1279,1875,183,675,858,23159,23408,46567
2020-07-19,2021,1985,4006,2134,2226,4360,4505,4729,9234,4956,4636,9592,3740,3537,7277,2817,2414,5231,1659,1300,2959,989,1055,2044,612,1311,1923,191,693,884,23624,23886,47510
2020-07-20,2045,2028,4073,2173,2277,4450,4643,4850,9493,5103,4774,9877,3855,3634,7489,2889,2496,5385,1722,1352,3074,1016,1091,2107,637,1344,1981,193,706,899,24276,24552,48828
2020-07-21,2091,2062,4153,2216,2320,4536,4758,4988,9746,5253,4931,10184,3974,3752,7726,2988,2592,5580,1784,1382,3166,1041,1120,2161,657,1380,2037,196,732,928,24958,25259,50217
2020-07-22,2123,2089,4212,2255,2371,4626,4901,5106,10007,5392,5062,10454,4085,3843,7928,3083,2658,5741,1837,1428,3265,1084,1152,2236,674,1409,2083,200,753,953,25634,25871,51505
2020-07-23,2155,2129,4284,2288,2413,4701,5030,5243,10273,5513,5176,10689,4184,3935,8119,3172,2718,5890,1875,1463,3338,1111,1176,2287,696,1436,2132,203,764,967,26227,26453,52680
2020-07-24,2201,2165,4366,2334,2454,4788,5157,5363,10520,5658,5301,10959,4280,4049,8329,3268,2782,6050,1912,1507,3419,1130,1195,2325,712,1481,2193,208,783,991,26860,27080,53940
2020-07-25,2226,2189,4415,2370,2482,4852,5237,5444,10681,5764,5398,11162,4374,4118,8492,3314,2833,6147,1947,1535,3482,1148,1220,2368,723,1503,2226,217,798,1015,27320,27520,54840
2020-07-26,2247,2215,4462,2394,2519,4913,5305,5521,10826,5835,5481,11316,4432,4183,8615,3352,2876,6228,1981,1554,3535,1175,1243,2418,742,1540,2282,222,811,1033,27685,27943,55628
2020-07-27,2275,2241,4516,2436,2561,4997,5424,5618,11042,5980,5623,11603,4518,4281,8799,3437,2953,6390,2022,1594,3616,1200,1271,2471,763,1566,2329,227,829,1056,28282,28537,56819
2020-07-28,2306,2265,4571,2485,2602,5087,5545,5731,11276,6129,5762,11891,4613,4377,8990,3522,3003,6525,2055,1637,3692,1233,1299,2532,782,1599,2381,229,848,1077,28899,29123,58022
2020-07-29,2328,2297,4625,2539,2649,5188,5657,5849,11506,6239,5884,12123,4715,4478,9193,3580,3077,6657,2105,1661,3766,1262,1325,2587,805,1635,2440,236,866,1102,29466,29721,59187
2020-07-30,2365,2322,4687,2574,2696,5270,5789,5964,11753,6375,6006,12381,4818,4579,9397,3641,3144,6785,2144,1685,3829,1282,1370,2652,822,1680,2502,241,894,1135,30051,30340,60391
2020-07-31,2395,2356,4751,2632,2745,5377,5892,6078,11970,6481,6122,12603,4922,4671,9593,3709,3214,6923,2200,1707,3907,1309,1402,2711,835,1718,2553,244,921,1165,30619,30934,61553
2020-08-01,2427,2390,4817,2664,2802,5466,5977,6186,12163,6590,6240,12830,5044,4758,9802,3772,3263,7035,2232,1737,3969,1325,1424,2749,848,1750,2598,249,932,1181,31128,31482,62610
2020-08-02,2455,2412,4867,2695,2842,5537,6056,6257,12313,6685,6326,13011,5125,4837,9962,3827,3307,7134,2273,1777,4050,1359,1452,2811,869,1793,2662,252,959,1211,31596,31962,63558
2020-08-03,2496,2456,4952,2758,2889,5647,6201,6409,12610,6847,6468,13315,5262,4964,10226,3913,3408,7321,2336,1829,4165,1392,1491,2883,889,1855,2744,256,992,1248,32350,32761,65111
2020-08-04,2530,2485,5015,2804,2945,5749,6331,6539,12870,7004,6613,13617,5394,5100,10494,4003,3495,7498,2399,1871,4270,1432,1535,2967,913,1922,2835,262,1026,1288,33072,33531,66603
2020-08-05,2573,2522,5095,2864,2987,5851,6468,6674,13142,7162,6746,13908,5509,5218,10727,4092,3567,7659,2479,1927,4406,1467,1580,3047,940,1999,2939,269,1074,1343,33823,34294,68117
2020-08-06,2605,2553,5158,2916,3030,5946,6597,6794,13391,7282,6873,14155,5620,5310,10930,4163,3649,7812,2519,1973,4492,1488,1607,3095,955,2033,2988,276,1095,1371,34421,34917,69338
2020-08-07,2635,2581,5216,2952,3074,6026,6706,6910,13616,7397,6995,14392,5724,5395,11119,4236,3724,7960,2560,2024,4584,1519,1632,3151,973,2061,3034,282,1110,1392,34984,35506,70490
2020-08-08,2663,2611,5274,2989,3101,6090,6784,7000,13784,7487,7092,14579,5792,5474,11266,4294,3786,8080,2590,2057,4647,1539,1665,3204,983,2105,3088,285,1133,1418,35406,36024,71430
2020-08-09,2682,2625,5307,3024,3137,6161,6850,7083,13933,7562,7160,14722,5856,5542,11398,4356,3832,8188,2636,2093,4729,1557,1677,3234,996,2127,3123,289,1138,1427,35808,36414,72222
2020-08-10,2711,2658,5369,3062,3177,6239,6964,7208,14172,7701,7300,15001,5964,5655,11619,4449,3906,8355,2672,2141,4813,1584,1702,3286,1011,2167,3178,293,1162,1455,36411,37076,73487
2020-08-11,2730,2681,5411,3092,3212,6304,7052,7319,14371,7835,7416,15251,6091,5741,11832,4525,3982,8507,2721,2173,4894,1611,1733,3344,1026,2214,3240,299,1184,1483,36982,37655,74637
2020-08-12,2758,2717,5475,3139,3245,6384,7155,7419,14574,7949,7534,15483,6185,5841,12026,4615,4060,8675,2764,2217,4981,1635,1756,3391,1034,2235,3269,305,1190,1495,37539,38214,75753
2020-08-13,2781,2740,5521,3184,3285,6469,7260,7526,14786,8053,7652,15705,6267,5940,12207,4677,4115,8792,2821,2244,5065,1655,1781,3436,1045,2254,3299,307,1196,1503,38050,38733,76783
2020-08-14,2808,2758,5566,3221,3330,6551,7358,7642,15000,8172,7761,15933,6354,6018,12372,4742,4167,8909,2862,2283,5145,1680,1801,3481,1060,2283,3343,310,1209,1519,38567,39252,77819
2020-08-15,2825,2778,5603,3259,3364,6623,7443,7739,15182,8278,7857,16135,6418,6096,12514,4800,4221,9021,2896,2323,5219,1707,1841,3548,1082,2344,3426,313,1239,1552,39021,39802,78823
2020-08-16,2844,2799,5643,3288,3383,6671,7525,7794,15319,8343,7921,16264,6485,6153,12638,4843,4255,9098,2927,2349,5276,1730,1858,3588,1093,2362,3455,316,1254,1570,39394,40128,79522
2020-08-17,2866,2815,5681,3336,3422,6758,7607,7899,15506,8451,8040,16491,6562,6226,12788,4919,4307,9226,2965,2378,5343,1760,1872,3632,1101,2382,3483,317,1263,1580,39884,40604,80488
2020-08-18,2889,2848,5737,3384,3459,6843,7734,8006,15740,8610,8161,16771,6679,6322,13001,5008,4399,9407,3009,2423,5432,1785,1902,3687,1113,2429,3542,322,1298,1620,40533,41247,81780
2020-08-19,2920,2879,5799,3425,3499,6924,7872,8127,15999,8761,8287,17048,6789,6440,13229,5089,4489,9578,3063,2467,5530,1807,1934,3741,1130,2462,3592,329,1320,1649,41185,41904,83089
2020-08-20,2949,2903,5852,3482,3538,7020,7981,8246,16227,8896,8408,17304,6900,6511,13411,5154,4554,9708,3122,2505,5627,1831,1961,3792,1150,2495,3645,333,1342,1675,41798,42463,84261
2020-08-21,2972,2925,5897,3524,3588,7112,8107,8363,16470,9040,8535,17575,6990,6618,13608,5231,4631,9862,3171,2539,5710,1853,1984,3837,1168,2515,3683,335,1354,1689,42391,43052,85443
2020-08-22,2998,2949,5947,3566,3618,7184,8207,8467,16674,9134,8644,17778,7076,6689,13765,5286,4693,9979,3211,2572,5783,1882,2007,3889,1179,2533,3712,336,1357,1693,42875,43529,86404
2020-08-23,3024,2974,5998,3605,3665,7270,8289,8556,16845,9216,8717,17933,7147,6766,13913,5345,4751,10096,3249,2613,5862,1903,2023,3926,1199,2556,3755,340,1368,1708,43317,43989,87306
2020-08-24,3059,3003,6062,3659,3705,7364,8422,8683,17105,9374,8851,18225,7274,6891,14165,5434,4843,10277,3306,2670,5976,1932,2050,3982,1212,2572,3784,343,1377,1720,44015,44645,88660
2020-08-25,3099,3027,6126,3712,3746,7458,8541,8837,17378,9538,9020,18558,7393,7018,14411,5530,4940,10470,3373,2720,6093,1970,2085,4055,1234,2612,3846,347,1395,1742,44737,45400,90137
2020-08-26,3137,3058,6195,3765,3806,7571,8686,8975,17661,9708,9157,18865,7554,7144,14698,5643,5019,10662,3429,2772,6201,2007,2132,4139,1251,2652,3903,350,1418,1768,45530,46133,91663
2020-08-27,3169,3099,6268,3824,3865,7689,8830,9143,17973,9884,9310,19194,7679,7287,14966,5739,5106,10845,3485,2824,6309,2037,2152,4189,1266,2700,3966,355,1437,1792,46268,46923,93191
2020-08-28,3191,3119,6310,3876,3921,7797,8959,9281,18240,10027,9448,19475,7791,7392,15183,5839,5197,11036,3542,2878,6420,2071,2185,4256,1279,2727,4006,356,1449,1805,46931,47597,94528
2020-08-29,3216,3136,6352,3908,3959,7867,9052,9376,18428,10126,9570,19696,7883,7483,15366,5905,5264,11169,3586,2923,6509,2092,2215,4307,1294,2747,4041,358,1455,1813,47420,48128,95548
2020-08-30,3230,3149,6379,3940,3998,7938,9126,9449,18575,10208,9656,19864,7953,7564,15517,5973,5317,11290,3628,2957,6585,2117,2235,4352,1305,2773,4078,360,1462,1822,47840,48560,96400
2020-08-31,3256,3169,6425,3982,4046,8028,9259,9587,18846,10359,9817,20176,8092,7673,15765,6061,5393,11454,3683,3003,6686,2150,2285,4435,1322,2832,4154,367,1481,1848,48531,49286,97817
2020-09-01,3276,3190,6466,4031,4094,8125,9375,9717,19092,10517,9945,20462,8232,7792,16024,6142,5464,11606,3742,3057,6799,2176,2320,4496,1341,2870,4211,371,1507,1878,49203,49956,99159
2020-09-02,3298,3203,6501,4071,4131,8202,9468,9827,19295,10642,10069,20711,8332,7885,16217,6209,5526,11735,3789,3100,6889,2195,2346,4541,1360,2891,4251,372,1510,1882,49736,50488,100224
2020-09-03,3310,3227,6537,4112,4159,8271,9588,9938,19526,10770,10189,20959,8441,7981,16422,6284,5589,11873,3844,3141,6985,2222,2377,4599,1376,2914,4290,375,1518,1893,50322,51033,101355
2020-09-04,3335,3247,6582,4148,4213,8361,9729,10040,19769,10887,10312,21199,8539,8097,16636,6359,5664,12023,3887,3177,7064,2242,2406,4648,1382,2931,4313,379,1531,1910,50887,51618,102505
2020-09-05,3346,3262,6608,4182,4243,8425,9811,10137,19948,10988,10414,21402,8639,8201,16840,6422,5718,12140,3920,3216,7136,2274,2434,4708,1392,2960,4352,380,1541,1921,51354,52126,103480
2020-09-06,3362,3278,6640,4215,4275,8490,9877,10195,20072,11047,10480,21527,8699,8258,16957,6471,5768,12239,3958,3247,7205,2296,2459,4755,1403,2974,4377,383,1548,1931,51711,52482,104193
2020-09-07,3384,3297,6681,4251,4314,8565,9994,10320,20314,11171,10595,21766,8793,8372,17165,6568,5849,12417,4017,3290,7307,2340,2498,4838,1427,3011,4438,385,1571,1956,52330,53117,105447
2020-09-08,3407,3318,6725,4290,4362,8652,10109,10431,20540,11312,10734,22046,8919,8490,17409,6652,5934,12586,4065,3335,7400,2374,2524,4898,1443,3048,4491,390,1583,1973,52961,53759,106720
2020-09-09,3432,3344,6776,4333,4409,8742,10241,10553,20794,11456,10869,22325,9026,8586,17612,6722,6006,12728,4128,3382,7510,2408,2555,4963,1452,3067,4519,395,1600,1995,53593,54371,107964
2020-09-10,3464,3363,6827,4372,4458,8830,10334,10658,20992,11574,10976,22550,9132,8684,17816,6813,6075,12888,4181,3417,7598,2442,2597,5039,1464,3114,4578,399,1630,2029,54175,54972,109147
2020-09-11,3494,3388,6882,4409,4508,8917,10420,10783,21203,11699,11084,22783,9255,8791,18046,6887,6159,13046,4214,3450,7664,2476,2627,5103,1477,3133,4610,400,1634,2034,54731,55557,110288
2020-09-12,3510,3400,6910,4437,4540,8977,10489,10858,21347,11775,11175,22950,9326,8874,18200,6939,6217,13156,4249,3486,7735,2491,2647,5138,1487,3160,4647,402,1651,2053,55105,56008,111113
2020-09-13,3526,3419,6945,4468,4566,9034,10546,10939,21485,11852,11245,23097,9388,8945,18333,6980,6253,13233,4289,3525,7814,2520,2667,5187,1494,3181,4675,404,1654,2058,55467,56394,111861
2020-09-14,3544,3435,6979,4505,4598,9103,10643,11044,21687,11976,11365,23341,9472,9026,18498,7047,6330,13377,4331,3565,7896,2551,2692,5243,1503,3204,4707,408,1661,2069,55980,56920,112900
2020-09-15,3573,3448,7021,4537,4635,9172,10725,11136,21861,12071,11464,23535,9553,9122,18675,7131,6395,13526,4384,3603,7987,2571,2720,5291,1516,3221,4737,410,1669,2079,56471,57413,113884
2020-09-16,3596,3465,7061,4579,4670,9249,10815,11234,22049,12168,11565,23733,9662,9203,18865,7201,6460,13661,4415,3636,8051,2591,2756,5347,1525,3247,4772,413,1687,2100,56965,57923,114888
2020-09-17,3612,3481,7093,4609,4707,9316,10909,11326,22235,12249,11666,23915,9737,9283,19020,7253,6508,13761,4464,3665,8129,2613,2775,5388,1538,3258,4796,416,1694,2110,57400,58363,115763
2020-09-18,3644,3509,7153,4647,4752,9399,10993,11437,22430,12347,11775,24122,9807,9361,19168,7309,6555,13864,4503,3694,8197,2630,2808,5438,1552,3275,4827,416,1703,2119,57848,58869,116717
2020-09-19,3655,3523,7178,4674,4784,9458,11051,11496,22547,12422,11860,24282,9877,9404,19281,7354,6598,13952,4543,3725,8268,2642,2826,5468,1556,3290,4846,416,1709,2125,58190,59215,117405
2020-09-20,3667,3538,7205,4696,4802,9498,11104,11547,22651,12470,11925,24395,9913,9444,19357,7380,6624,14004,4568,3761,8329,2660,2850,5510,1562,3299,4861,416,1715,2131,58436,59505,117941
2020-09-21,3685,3551,7236,4737,4831,9568,11188,11625,22813,12567,11992,24559,10000,9500,19500,7422,6674,14096,4608,3793,8401,2686,2880,5566,1573,3319,4892,416,1719,2135,58882,59884,118766
2020-09-22,3707,3563,7270,4770,4864,9634,11289,11712,23001,12659,12092,24751,10068,9581,19649,7484,6725,14209,4645,3832,8477,2708,2901,5609,1590,3347,4937,419,1732,2151,59339,60349,119688
2020-09-23,3728,3583,7311,4802,4906,9708,11379,11797,23176,12745,12177,24922,10139,9673,19812,7541,6781,14322,4683,3869,8552,2732,2926,5658,1598,3360,4958,423,1737,2160,59770,60809,120579
2020-09-24,3747,3601,7348,4839,4947,9786,11475,11890,23365,12838,12283,25121,10201,9742,19943,7611,6832,14443,4734,3907,8641,2756,2942,5698,1616,3381,4997,425,1742,2167,60242,61267,121509
2020-09-25,3767,3626,7393,4871,4972,9843,11567,11976,23543,12917,12386,25303,10289,9827,20116,7677,6896,14573,4775,3944,8719,2790,2976,5766,1626,3395,5021,428,1756,2184,60707,61754,122461
2020-09-26,3780,3636,7416,4901,5002,9903,11619,12031,23650,12974,12446,25420,10356,9879,20235,7715,6947,14662,4799,3973,8772,2809,2996,5805,1636,3409,5045,429,1763,2192,61018,62082,123100
2020-09-27,3798,3651,7449,4924,5032,9956,11691,12078,23769,13046,12514,25560,10419,9925,20344,7755,6989,14744,4822,3987,8809,2832,3009,5841,1642,3420,5062,432,1766,2198,61361,62371,123732
2020-09-28,3819,3668,7487,4958,5066,10024,11770,12168,23938,13145,12613,25758,10492,10000,20492,7811,7043,14854,4873,4031,8904,2852,3040,5892,1661,3441,5102,434,1772,2206,61815,62842,124657
2020-09-29,3853,3682,7535,4987,5087,10074,11871,12262,24133,13245,12699,25944,10577,10075,20652,7866,7103,14969,4913,4080,8993,2881,3075,5956,1670,3462,5132,434,1782,2216,62297,63307,125604
2020-09-30,3871,3705,7576,5013,5120,10133,11974,12369,24343,13342,12793,26135,10650,10156,20806,7925,7164,15089,4960,4111,9071,2911,3090,6001,1682,3482,5164,438,1787,2225,62766,63777,126543
2020-10-01,3891,3720,7611,5040,5159,10199,12066,12463,24529,13429,12882,26311,10713,10219,20932,7981,7228,15209,4991,4154,9145,2922,3116,6038,1692,3499,5191,440,1795,2235,63165,64235,127400
2020-10-02,3913,3737,7650,5076,5188,10264,12155,12545,24700,13506,12970,26476,10775,10298,21073,8034,7298,15332,5029,4193,9222,2940,3141,6081,1707,3518,5225,444,1806,2250,63579,64694,128273
2020-10-03,3934,3748,7682,5097,5218,10315,12213,12593,24806,13570,13013,26583,10817,10354,21171,8078,7349,15427,5054,4208,9262,2951,3148,6099,1712,3529,5241,445,1811,2256,63871,64971,128842
2020-10-04,3942,3755,7697,5118,5235,10353,12261,12647,24908,13617,13063,26680,10858,10392,21250,8109,7381,15490,5071,4231,9302,2966,3156,6122,1717,3538,5255,445,1817,2262,64104,65215,129319
2020-10-05,3953,3771,7724,5145,5259,10404,12332,12749,25081,13714,13139,26853,10926,10449,21375,8160,7436,15596,5118,4268,9386,2988,3177,6165,1725,3555,5280,446,1823,2269,64507,65626,130133
2020-10-06,3980,3789,7769,5171,5296,10467,12424,12845,25269,13815,13228,27043,11009,10520,21529,8223,7500,15723,5156,4299,9455,3003,3196,6199,1739,3572,5311,448,1828,2276,64968,66073,131041
2020-10-07,3995,3800,7795,5196,5330,10526,12518,12936,25454,13882,13312,27194,11090,10590,21680,8282,7555,15837,5183,4320,9503,3014,3217,6231,1750,3594,5344,448,1836,2284,65358,66490,131848
2020-10-08,4014,3815,7829,5222,5366,10588,12601,13022,25623,13965,13390,27355,11141,10671,21812,8330,7608,15938,5208,4350,9558,3033,3243,6276,1762,3628,5390,450,1850,2300,65726,66943,132669
2020-10-09,4033,3830,7863,5246,5399,10645,12664,13121,25785,14058,13485,27543,11201,10738,21939,8389,7664,16053,5234,4385,9619,3049,3269,6318,1778,3658,5436,453,1864,2317,66105,67413,133518
2020-10-10,4044,3836,7880,5263,5432,10695,12720,13176,25896,14119,13554,27673,11263,10786,22049,8430,7718,16148,5261,4413,9674,3065,3286,6351,1783,3668,5451,454,1866,2320,66402,67735,134137
2020-10-11,4057,3851,7908,5279,5456,10735,12760,13220,25980,14157,13608,27765,11305,10821,22126,8464,7749,16213,5275,4435,9710,3079,3302,6381,1791,3685,5476,456,1873,2329,66623,68000,134623
2020-10-12,4081,3867,7948,5301,5487,10788,12825,13265,26090,14224,13666,27890,11356,10866,22222,8502,7798,16300,5305,4459,9764,3097,3317,6414,1795,3702,5497,456,1879,2335,66942,68306,135248
2020-10-13,4097,3886,7983,5337,5516,10853,12910,13351,26261,14332,13755,28087,11428,10930,22358,8561,7839,16400,5341,4483,9824,3111,3335,6446,1802,3725,5527,458,1890,2348,67377,68710,136087
2020-10-14,4111,3901,8012,5371,5548,10919,12991,13436,26427,14409,13829,28238,11503,10995,22498,8624,7901,16525,5366,4513,9879,3131,3353,6484,1811,3735,5546,459,1896,2355,67776,69107,136883
2020-10-15,4127,3921,8048,5420,5596,11016,13087,13512,26599,14496,13911,28407,11567,11063,22630,8665,7946,16611,5392,4536,9928,3153,3376,6529,1818,3755,5573,462,1900,2362,68187,69516,137703
2020-10-16,4146,3932,8078,5448,5636,11084,13154,13618,26772,14576,13990,28566,11637,11125,22762,8716,7986,16702,5421,4567,9988,3172,3399,6571,1828,3781,5609,464,1916,2380,68562,69950,138512
2020-10-17,4159,3947,8106,5475,5661,11136,13212,13665,26877,14639,14068,28707,11679,11161,22840,8751,8021,16772,5443,4590,10033,3181,3406,6587,1835,3790,5625,467,1919,2386,68841,70228,139069
2020-10-18,4170,3955,8125,5495,5682,11177,13253,13707,26960,14683,14099,28782,11704,11189,22893,8775,8048,16823,5458,4608,10066,3195,3419,6614,1836,3798,5634,467,1924,2391,69036,70429,139465
2020-10-19,4189,3969,8158,5518,5711,11229,13315,13763,27078,14735,14158,28893,11773,11237,23010,8818,8087,16905,5488,4629,10117,3217,3442,6659,1840,3811,5651,468,1928,2396,69361,70735,140096
2020-10-20,4196,3979,8175,5537,5735,11272,13386,13839,27225,14804,14216,29020,11826,11294,23120,8871,8124,16995,5514,4655,10169,3230,3452,6682,1852,3829,5681,469,1935,2404,69685,71058,140743
2020-10-21,4211,3990,8201,5562,5761,11323,13441,13899,27340,14855,14269,29124,11879,11333,23212,8899,8165,17064,5542,4676,10218,3242,3467,6709,1855,3836,5691,470,1938,2408,69956,71334,141290
2020-10-22,4223,4000,8223,5588,5785,11373,13499,13965,27464,14908,14313,29221,11922,11369,23291,8926,8188,17114,5564,4692,10256,3253,3480,6733,1860,3843,5703,471,1938,2409,70214,71573,141787
2020-10-23,4235,4010,8245,5612,5802,11414,13550,14038,27588,14955,14369,29324,11978,11415,23393,8963,8218,17181,5594,4717,10311,3262,3492,6754,1870,3850,5720,472,1939,2411,70491,71850,142341
2020-10-24,4243,4022,8265,5630,5819,11449,13590,14081,27671,14994,14418,29412,12012,11446,23458,8999,8241,17240,5612,4732,10344,3274,3503,6777,1875,3857,5732,472,1943,2415,70701,72062,142763
2020-10-25,4251,4032,8283,5643,5836,11479,13624,14118,27742,15020,14451,29471,12046,11474,23520,9018,8265,17283,5629,4738,10367,3279,3511,6790,1878,3861,5739,472,1944,2416,70860,72230,143090
2020-10-26,4262,4037,8299,5658,5870,11528,13673,14161,27834,15082,14508,29590,12089,11512,23601,9052,8298,17350,5651,4760,10411,3287,3520,6807,1888,3872,5760,477,1948,2425,71119,72486,143605
2020-10-27,4269,4048,8317,5686,5895,11581,13730,14223,27953,15140,14561,29701,12142,11562,23704,9095,8336,17431,5670,4785,10455,3296,3536,6832,1898,3888,5786,478,1950,2428,71404,72784,144188
2020-10-28,4285,4060,8345,5713,5918,11631,13781,14278,28059,15191,14608,29799,12183,11595,23778,9124,8366,17490,5695,4805,10500,3304,3546,6850,1905,3892,5797,480,1953,2433,71661,73021,144682
2020-10-29,4296,4066,8362,5728,5933,11661,13828,14319,28147,15236,14657,29893,12221,11624,23845,9146,8389,17535,5709,4822,10531,3322,3552,6874,1909,3904,5813,481,1960,2441,71876,73226,145102
2020-10-30,4303,4071,8374,5736,5940,11676,13862,14355,28217,15286,14686,29972,12247,11659,23906,9162,8409,17571,5719,4838,10557,3335,3563,6898,1912,3908,5820,482,1962,2444,72044,73391,145435
2020-10-31,4305,4075,8380,5744,5952,11696,13883,14384,28267,15313,14716,30029,12268,11681,23949,9177,8425,17602,5731,4849,10580,3339,3569,6908,1916,3912,5828,482,1962,2444,72158,73525,145683
2020-11-01,4314,4083,8397,5754,5968,11722,13923,14413,28336,15347,14746,30093,12300,11708,24008,9196,8447,17643,5746,4857,10603,3346,3575,6921,1918,3916,5834,482,1963,2445,72326,73676,146002
2020-11-02,4323,4092,8415,5764,5992,11756,13959,14459,28418,15394,14786,30180,12339,11744,24083,9230,8474,17704,5762,4866,10628,3348,3584,6932,1923,3923,5846,482,1967,2449,72524,73887,146411
2020-11-03,4333,4098,8431,5784,6003,11787,14013,14493,28506,15427,14821,30248,12375,11772,24147,9256,8494,17750,5774,4889,10663,3352,3594,6946,1925,3933,5858,482,1969,2451,72721,74066,146787
2020-11-04,4342,4103,8445,5789,6018,11807,14059,14542,28601,15470,14861,30331,12399,11809,24208,9278,8522,17800,5795,4903,10698,3358,3607,6965,1928,3941,5869,482,1972,2454,72900,74278,147178
2020-11-05,4357,4113,8470,5817,6037,11854,14115,14605,28720,15526,14900,30426,12436,11847,24283,9308,8548,17856,5817,4920,10737,3371,3620,6991,1931,3958,5889,483,1978,2461,73161,74526,147687
2020-11-06,4370,4120,8490,5837,6056,11893,14138,14641,28779,15570,14947,30517,12475,11877,24352,9336,8569,17905,5837,4940,10777,3383,3630,7013,1935,3967,5902,483,1980,2463,73364,74727,148091
2020-11-07,4378,4125,8503,5844,6066,11910,14161,14676,28837,15614,14990,30604,12508,11908,24416,9350,8590,17940,5852,4958,10810,3391,3639,7030,1939,3970,5909,483,1980,2463,73520,74902,148422
2020-11-08,4384,4131,8515,5852,6078,11930,14180,14718,28898,15642,15015,30657,12534,11925,24459,9368,8611,17979,5867,4968,10835,3397,3641,7038,1942,3976,5918,484,1980,2464,73650,75043,148693
2020-11-09,4397,4136,8533,5871,6094,11965,14216,14773,28989,15686,15058,30744,12582,11962,24544,9406,8655,18061,5887,4990,10877,3414,3648,7062,1944,3983,5927,484,1982,2466,73887,75281,149168
2020-11-10,4407,4146,8553,5888,6107,11995,14264,14825,29089,15754,15098,30852,12615,11991,24606,9430,8674,18104,5908,5009,10917,3430,3672,7102,1949,3992,5941,487,1983,2470,74132,75497,149629
2020-11-11,4417,4153,8570,5904,6128,12032,14316,14873,29189,15806,15148,30954,12654,12027,24681,9468,8695,18163,5925,5028,10953,3441,3686,7127,1951,3999,5950,488,1987,2475,74370,75724,150094
2020-11-12,4428,4160,8588,5921,6145,12066,14373,14918,29291,15844,15187,31031,12689,12061,24750,9492,8721,18213,5939,5039,10978,3445,3694,7139,1955,4001,5956,488,1992,2480,74574,75918,150492
2020-11-13,4436,4165,8601,5942,6161,12103,14413,14962,29375,15881,15218,31099,12735,12093,24828,9517,8744,18261,5959,5060,11019,3460,3700,7160,1958,4010,5968,490,1999,2489,74791,76112,150903
2020-11-14,4442,4171,8613,5958,6177,12135,14443,14999,29442,15919,15248,31167,12763,12113,24876,9547,8764,18311,5977,5073,11050,3469,3708,7177,1961,4015,5976,491,2000,2491,74970,76268,151238
2020-11-15,4446,4178,8624,5968,6195,12163,14466,15024,29490,15941,15273,31214,12788,12131,24919,9566,8778,18344,5986,5082,11068,3476,3717,7193,1963,4024,5987,492,2000,2492,75092,76402,151494
2020-11-16,4452,4187,8639,5985,6214,12199,14494,15066,29560,15980,15306,31286,12815,12159,24974,9586,8799,18385,5996,5098,11094,3488,3729,7217,1971,4028,5999,493,2002,2495,75260,76588,151848
2020-11-17,4460,4193,8653,6006,6233,12239,14541,15107,29648,16022,15352,31374,12853,12195,25048,9612,8828,18440,6016,5112,11128,3496,3739,7235,1976,4041,6017,495,2007,2502,75477,76807,152284
2020-11-18,4464,4200,8664,6023,6253,12276,14586,15162,29748,16072,15388,31460,12892,12224,25116,9635,8862,18497,6028,5128,11156,3508,3752,7260,1980,4052,6032,495,2012,2507,75683,77033,152716
2020-11-19,4468,4204,8672,6034,6270,12304,14634,15192,29826,16103,15424,31527,12912,12250,25162,9662,8885,18547,6044,5142,11186,3514,3759,7273,1982,4057,6039,495,2016,2511,75848,77199,153047
2020-11-20,4473,4209,8682,6053,6293,12346,14674,15219,29893,16132,15446,31578,12933,12264,25197,9674,8900,18574,6059,5155,11214,3520,3764,7284,1987,4059,6046,497,2018,2515,76002,77327,153329
2020-11-21,4480,4219,8699,6066,6310,12376,14703,15252,29955,16167,15477,31644,12950,12299,25249,9689,8917,18606,6072,5169,11241,3527,3771,7298,1990,4062,6052,497,2021,2518,76141,77497,153638
2020-11-22,4484,4222,8706,6076,6317,12393,14725,15274,29999,16184,15498,31682,12970,12315,25285,9701,8925,18626,6087,5174,11261,3533,3780,7313,1991,4063,6054,497,2022,2519,76248,77590,153838
2020-11-23,4489,4225,8714,6083,6325,12408,14745,15302,30047,16215,15523,31738,12991,12326,25317,9708,8944,18652,6096,5179,11275,3544,3786,7330,1993,4065,6058,497,2024,2521,76361,77699,154060
2020-11-24,4496,4229,8725,6092,6341,12433,14786,15348,30134,16261,15561,31822,13021,12348,25369,9729,8960,18689,6115,5192,11307,3552,3793,7345,1996,4067,6063,497,2026,2523,76545,77865,154410
2020-11-25,4511,4235,8746,6107,6354,12461,14836,15400,30236,16317,15609,31926,13057,12387,25444,9756,8982,18738,6133,5206,11339,3560,3806,7366,2000,4073,6073,498,2028,2526,76775,78080,154855
2020-11-26,4514,4249,8763,6120,6378,12498,14877,15439,30316,16371,15641,32012,13082,12412,25494,9773,9012,18785,6143,5222,11365,3564,3810,7374,2005,4077,6082,499,2032,2531,76948,78272,155220
2020-11-27,4521,4254,8775,6139,6391,12530,14924,15478,30402,16412,15665,32077,13115,12439,25554,9798,9032,18830,6157,5237,11394,3574,3816,7390,2008,4080,6088,501,2034,2535,77149,78426,155575
2020-11-28,4527,4260,8787,6155,6406,12561,14955,15519,30474,16444,15693,32137,13138,12463,25601,9810,9049,18859,6166,5252,11418,3578,3819,7397,2009,4083,6092,501,2035,2536,77283,78579,155862
2020-11-29,4534,4261,8795,6167,6420,12587,14985,15553,30538,16480,15717,32197,13162,12481,25643,9829,9064,18893,6171,5265,11436,3581,3823,7404,2014,4088,6102,503,2035,2538,77426,78707,156133
2020-11-30,4542,4266,8808,6181,6434,12615,15024,15586,30610,16513,15747,32260,13194,12501,25695,9844,9089,18933,6178,5275,11453,3592,3835,7427,2017,4096,6113,503,2038,2541,77588,78867,156455
2020-12-01,4552,4271,8823,6193,6445,12638,15061,15615,30676,16544,15796,32340,13227,12524,25751,9860,9103,18963,6191,5284,11475,3598,3840,7438,2020,4099,6119,503,2038,2541,77749,79015,156764
2020-12-02,4554,4275,8829,6201,6459,12660,15090,15641,30731,16574,15820,32394,13242,12547,25789,9869,9117,18986,6204,5292,11496,3604,3851,7455,2023,4105,6128,506,2043,2549,77867,79150,157017
2020-12-03,4559,4279,8838,6214,6471,12685,15124,15664,30788,16610,15851,32461,13271,12562,25833,9886,9132,19018,6217,5306,11523,3611,3862,7473,2026,4109,6135,508,2045,2553,78026,79281,157307
2020-12-04,4569,4285,8854,6230,6488,12718,15149,15702,30851,16648,15890,32538,13303,12593,25896,9908,9153,19061,6230,5319,11549,3619,3867,7486,2032,4112,6144,508,2045,2553,78196,79454,157650
2020-12-05,4575,4290,8865,6240,6504,12744,15175,15732,30907,16677,15921,32598,13322,12620,25942,9926,9170,19096,6244,5331,11575,3625,3877,7502,2038,4118,6156,508,2045,2553,78330,79608,157938
2020-12-06,4582,4294,8876,6248,6511,12759,15199,15754,30953,16701,15941,32642,13340,12641,25981,9946,9185,19131,6253,5340,11593,3630,3881,7511,2043,4120,6163,508,2045,2553,78450,79712,158162
2020-12-07,4586,4299,8885,6254,6524,12778,15216,15779,30995,16722,15964,32686,13369,12659,26028,9959,9204,19163,6265,5350,11615,3636,3886,7522,2045,4122,6167,508,2047,2555,78560,79834,158394
2020-12-08,4594,4301,8895,6266,6538,12804,15246,15809,31055,16758,15996,32754,13410,12680,26090,9980,9223,19203,6285,5356,11641,3648,3895,7543,2048,4127,6175,509,2049,2558,78744,79974,158718
2020-12-09,4599,4309,8908,6291,6556,12847,15294,15851,31145,16802,16033,32835,13447,12716,26163,10009,9251,19260,6301,5373,11674,3656,3909,7565,2049,4131,6180,510,2053,2563,78958,80182,159140
2020-12-10,4605,4317,8922,6303,6581,12884,15332,15903,31235,16856,16072,32928,13488,12757,26245,10032,9276,19308,6318,5388,11706,3665,3922,7587,2052,4137,6189,510,2055,2565,79161,80408,159569
2020-12-11,4617,4326,8943,6313,6592,12905,15384,15953,31337,16889,16113,33002,13527,12784,26311,10049,9307,19356,6329,5407,11736,3669,3933,7602,2057,4144,6201,510,2056,2566,79344,80615,159959
2020-12-12,4625,4330,8955,6330,6605,12935,15435,16004,31439,16928,16143,33071,13554,12810,26364,10063,9322,19385,6342,5421,11763,3681,3939,7620,2059,4144,6203,510,2056,2566,79527,80774,160301
2020-12-13,4627,4335,8962,6347,6620,12967,15474,16037,31511,16959,16183,33142,13578,12835,26413,10078,9342,19420,6361,5432,11793,3690,3945,7635,2064,4147,6211,512,2056,2568,79690,80932,160622
2020-12-14,4632,4339,8971,6365,6638,13003,15537,16095,31632,17029,16230,33259,13618,12879,26497,10109,9368,19477,6378,5454,11832,3702,3957,7659,2068,4158,6226,513,2058,2571,79951,81176,161127
2020-12-15,4636,4342,8978,6388,6660,13048,15604,16154,31758,17089,16285,33374,13668,12914,26582,10132,9399,19531,6400,5462,11862,3712,3964,7676,2076,4161,6237,515,2061,2576,80220,81402,161622
2020-12-16,4646,4351,8997,6408,6689,13097,15691,16222,31913,17139,16329,33468,13696,12943,26639,10159,9430,19589,6416,5479,11895,3727,3973,7700,2085,4166,6251,518,2065,2583,80485,81647,162132
2020-12-17,4656,4356,9012,6437,6721,13158,15804,16316,32120,17209,16394,33603,13736,12997,26733,10184,9467,19651,6429,5504,11933,3742,3987,7729,2089,4173,6262,519,2066,2585,80805,81981,162786
2020-12-18,4660,4365,9025,6478,6744,13222,15892,16398,32290,17280,16468,33748,13792,13042,26834,10217,9503,19720,6454,5530,11984,3758,4002,7760,2092,4186,6278,519,2077,2596,81142,82315,163457
2020-12-19,4670,4370,9040,6511,6775,13286,15960,16453,32413,17337,16522,33859,13838,13086,26924,10246,9532,19778,6473,5548,12021,3771,4012,7783,2097,4194,6291,519,2078,2597,81422,82570,163992
2020-12-20,4674,4379,9053,6535,6789,13324,16028,16502,32530,17375,16568,33943,13882,13140,27022,10275,9553,19828,6501,5566,12067,3780,4019,7799,2100,4198,6298,522,2080,2602,81672,82794,164466
2020-12-21,4684,4388,9072,6565,6822,13387,16121,16607,32728,17463,16658,34121,13944,13199,27143,10330,9593,19923,6546,5591,12137,3800,4037,7837,2105,4207,6312,522,2082,2604,82080,83184,165264
2020-12-22,4692,4401,9093,6595,6855,13450,16215,16701,32916,17575,16736,34311,14003,13261,27264,10386,9648,20034,6569,5617,12186,3816,4053,7869,2110,4216,6326,523,2085,2608,82484,83573,166057
2020-12-23,4702,4412,9114,6625,6897,13522,16351,16821,33172,17692,16832,34524,14072,13334,27406,10460,9708,20168,6594,5650,12244,3843,4074,7917,2114,4227,6341,524,2087,2611,82977,84042,167019
2020-12-24,4704,4414,9118,6644,6923,13567,16421,16881,33302,17759,16876,34635,14103,13384,27487,10491,9732,20223,6615,5662,12277,3855,4081,7936,2116,4233,6349,524,2088,2612,83232,84274,167506
2020-12-25,4707,4421,9128,6661,6939,13600,16462,16920,33382,17796,16905,34701,14147,13415,27562,10514,9752,20266,6635,5676,12311,3861,4088,7949,2117,4234,6351,524,2089,2613,83424,84439,167863
2020-12-26,4718,4431,9149,6692,6978,13670,16580,17031,33611,17906,17000,34906,14220,13504,27724,10591,9808,20399,6676,5721,12397,3876,4105,7981,2121,4241,6362,524,2090,2614,83904,84909,168813
2020-12-27,4731,4437,9168,6718,7020,13738,16680,17124,33804,17999,17074,35073,14284,13555,27839,10643,9849,20492,6700,5749,12449,3892,4122,8014,2122,4247,6369,524,2090,2614,84293,85267,169560
2020-12-28,4749,4456,9205,6766,7091,13857,16835,17262,34097,18114,17208,35322,14408,13658,28066,10742,9919,20661,6743,5789,12532,3925,4154,8079,2133,4264,6397,526,2092,2618,84941,85893,170834
2020-12-29,4757,4474,9231,6823,7155,13978,17020,17448,34468,18281,17345,35626,14505,13754,28259,10812,10011,20823,6792,5842,12634,3959,4188,8147,2145,4273,6418,529,2095,2624,85623,86585,172208
2020-12-30,4783,4493,9276,6889,7233,14122,17202,17601,34803,18436,17483,35919,14616,13875,28491,10897,10092,20989,6839,5908,12747,3994,4221,8215,2154,4287,6441,532,2099,2631,86342,87292,173634
2020-12-31,4792,4501,9293,6928,7281,14209,17349,17726,35075,18522,17561,36083,14676,13949,28625,10943,10132,21075,6866,5935,12801,4016,4235,8251,2161,4291,6452,532,2099,2631,86785,87710,174495
2021-01-01,4797,4503,9300,6948,7296,14244,17381,17768,35149,18563,17605,36168,14699,13984,28683,10961,10150,21111,6886,5961,12847,4026,4246,8272,2162,4294,6456,532,2099,2631,86955,87906,174861
2021-01-02,4804,4514,9318,7001,7347,14348,17487,17891,35378,18670,17698,36368,14786,14073,28859,11034,10219,21253,6931,6001,12932,4046,4268,8314,2167,4298,6465,538,2099,2637,87464,88408,175872
2021-01-03,4820,4528,9348,7044,7392,14436,17614,18041,35655,18774,17794,36568,14868,14149,29017,11094,10289,21383,6971,6033,13004,4065,4292,8357,2175,4305,6480,539,2100,2639,87964,88923,176887
2021-01-04,4836,4538,9374,7118,7457,14575,17841,18257,36098,18949,17958,36907,14984,14253,29237,11191,10394,21585,7024,6084,13108,4093,4326,8419,2188,4327,6515,542,2105,2647,88766,89699,178465
2021-01-05,4856,4562,9418,7199,7534,14733,18087,18513,36600,19122,18116,37238,15103,14355,29458,11294,10469,21763,7084,6140,13224,4114,4360,8474,2194,4345,6539,544,2114,2658,89597,90508,180105
2021-01-06,4872,4575,9447,7272,7611,14883,18327,18743,37070,19305,18271,37576,15222,14458,29680,11378,10545,21923,7138,6201,13339,4144,4391,8535,2203,4360,6563,545,2118,2663,90406,91273,181679
2021-01-07,4893,4588,9481,7337,7685,15022,18521,18958,37479,19457,18415,37872,15326,14570,29896,11461,10633,22094,7184,6244,13428,4170,4428,8598,2211,4367,6578,550,2122,2672,91110,92010,183120
2021-01-08,4908,4605,9513,7397,7757,15154,18715,19149,37864,19594,18537,38131,15442,14687,30129,11549,10712,22261,7237,6300,13537,4196,4452,8648,2218,4383,6601,551,2127,2678,91807,92709,184516
2021-01-09,4915,4613,9528,7444,7813,15257,18857,19321,38178,19714,18634,38348,15539,14781,30320,11606,10781,22387,7283,6340,13623,4211,4479,8690,2224,4394,6618,553,2130,2683,92346,93286,185632
2021-01-10,4924,4618,9542,7490,7849,15339,18968,19459,38427,19782,18713,38495,15597,14846,30443,11661,10829,22490,7311,6372,13683,4224,4499,8723,2231,4400,6631,556,2132,2688,92744,93717,186461
2021-01-11,4931,4628,9559,7555,7910,15465,19158,19652,38810,19899,18833,38732,15689,14920,30609,11741,10907,22648,7352,6415,13767,4258,4523,8781,2237,4410,6647,557,2136,2693,93377,94334,187711
2021-01-12,4942,4636,9578,7611,7985,15596,19368,19841,39209,20039,18963,39002,15777,15019,30796,11808,10987,22795,7397,6457,13854,4292,4550,8842,2249,4427,6676,557,2139,2696,94040,95004,189044
2021-01-13,4958,4651,9609,7674,8082,15756,19551,20044,39595,20186,19100,39286,15875,15117,30992,11881,11059,22940,7445,6509,13954,4320,4570,8890,2261,4434,6695,558,2145,2703,94709,95711,190420
2021-01-14,4976,4662,9638,7741,8154,15895,19709,20236,39945,20319,19204,39523,15954,15198,31152,11951,11134,23085,7490,6548,14038,4346,4600,8946,2273,4442,6715,562,2146,2708,95321,96324,191645
2021-01-15,4990,4673,9663,7828,8214,16042,19894,20392,40286,20446,19309,39755,16055,15276,31331,12032,11223,23255,7537,6583,14120,4366,4625,8991,2282,4457,6739,562,2149,2711,95992,96901,192893
2021-01-16,4998,4684,9682,7891,8286,16177,20018,20528,40546,20549,19404,39953,16129,15359,31488,12080,11274,23354,7570,6610,14180,4388,4643,9031,2288,4467,6755,563,2154,2717,96474,97409,193883
2021-01-17,5003,4692,9695,7950,8338,16288,20129,20659,40788,20636,19481,40117,16194,15417,31611,12132,11324,23456,7613,6633,14246,4408,4650,9058,2294,4473,6767,564,2155,2719,96923,97822,194745
2021-01-18,5016,4705,9721,8024,8414,16438,20352,20840,41192,20767,19605,40372,16290,15503,31793,12214,11404,23618,7670,6680,14350,4434,4681,9115,2305,4490,6795,565,2157,2722,97637,98479,196116
2021-01-19,5031,4712,9743,8100,8505,16605,20510,21015,41525,20908,19704,40612,16377,15599,31976,12267,11466,23733,7715,6719,14434,4459,4707,9166,2318,4507,6825,565,2163,2728,98250,99097,197347
2021-01-20,5037,4718,9755,8187,8575,16762,20690,21179,41869,21024,19803,40827,16470,15698,32168,12339,11536,23875,7747,6769,14516,4481,4733,9214,2331,4526,6857,565,2169,2734,98871,99706,198577
2021-01-21,5047,4727,9774,8263,8640,16903,20819,21325,42144,21144,19914,41058,16570,15792,32362,12410,11621,24031,7791,6809,14600,4509,4758,9267,2340,4549,6889,569,2175,2744,99462,100310,199772
2021-01-22,5067,4737,9804,8326,8700,17026,20961,21484,42445,21240,20014,41254,16636,15870,32506,12473,11690,24163,7834,6836,14670,4530,4778,9308,2352,4559,6911,571,2178,2749,99990,100846,200836
2021-01-23,5074,4749,9823,8396,8771,17167,21069,21593,42662,21319,20077,41396,16689,15928,32617,12528,11754,24282,7864,6871,14735,4551,4807,9358,2356,4571,6927,573,2178,2751,100419,101299,201718
2021-01-24,5082,4763,9845,8465,8830,17295,21199,21673,42872,21404,20158,41562,16737,15985,32722,12566,11795,24361,7898,6896,14794,4572,4819,9391,2360,4577,6937,573,2178,2751,100856,101674,202530
2021-01-25,5092,4775,9867,8572,8941,17513,21362,21825,43187,21522,20245,41767,16835,16082,32917,12635,11853,24488,7951,6936,14887,4595,4849,9444,2368,4590,6958,576,2180,2756,101508,102276,203784
2021-01-26,5106,4789,9895,8676,9055,17731,21497,21970,43467,21617,20337,41954,16915,16172,33087,12705,11920,24625,7995,6970,14965,4621,4874,9495,2378,4611,6989,578,2189,2767,102088,102887,204975
2021-01-27,5113,4804,9917,8788,9145,17933,21612,22099,43711,21708,20414,42122,16983,16247,33230,12759,11967,24726,8039,7005,15044,4638,4891,9529,2386,4625,7011,579,2191,2770,102605,103388,205993
2021-01-28,5125,4814,9939,8866,9244,18110,21766,22222,43988,21811,20491,42302,17063,16331,33394,12823,12024,24847,8083,7041,15124,4651,4914,9565,2390,4638,7028,579,2195,2774,103157,103914,207071
2021-01-29,5145,4829,9974,8953,9340,18293,21873,22346,44219,21901,20587,42488,17139,16417,33556,12878,12102,24980,8112,7077,15189,4669,4939,9608,2396,4654,7050,582,2198,2780,103648,104489,208137
2021-01-30,5153,4835,9988,9071,9431,18502,21971,22450,44421,21963,20662,42625,17204,16483,33687,12916,12152,25068,8142,7112,15254,4681,4956,9637,2399,4663,7062,583,2200,2783,104083,104944,209027
2021-01-31,5156,4848,10004,9177,9526,18703,22060,22551,44611,22016,20730,42746,17278,16556,33834,12960,12201,25161,8171,7144,15315,4698,4969,9667,2402,4668,7070,583,2202,2785,104501,105395,209896
2021-02-01,5168,4863,10031,9280,9649,18929,22190,22673,44863,22107,20816,42923,17374,16643,34017,13027,12272,25299,8215,7192,15407,4730,5004,9734,2410,4681,7091,583,2206,2789,105084,105999,211083
2021-02-02,5176,4878,10054,9358,9737,19095,22304,22804,45108,22201,20918,43119,17452,16717,34169,13090,12336,25426,8261,7226,15487,4748,5019,9767,2418,4701,7119,583,2209,2792,105591,106545,212136
2021-02-03,5191,4892,10083,9440,9797,19237,22426,22913,45339,22291,21012,43303,17526,16794,34320,13157,12412,25569,8302,7272,15574,4771,5042,9813,2430,4715,7145,586,2209,2795,106120,107058,213178
2021-02-04,5196,4902,10098,9499,9857,19356,22525,23013,45538,22365,21096,43461,17602,16859,34461,13214,12478,25692,8347,7301,15648,4790,5065,9855,2439,4732,7171,586,2214,2800,106563,107517,214080
2021-02-05,5205,4911,10116,9552,9907,19459,22609,23111,45720,22452,21182,43634,17665,16934,34599,13259,12535,25794,8382,7323,15705,4808,5087,9895,2444,4740,7184,587,2218,2805,106963,107948,214911
2021-02-06,5214,4916,10130,9584,9945,19529,22686,23176,45862,22509,21246,43755,17718,16996,34714,13297,12576,25873,8407,7355,15762,4824,5104,9928,2451,4746,7197,587,2220,2807,107277,108280,215557
2021-02-07,5218,4921,10139,9615,9975,19590,22736,23232,45968,22565,21306,43871,17757,17026,34783,13337,12613,25950,8434,7388,15822,4844,5116,9960,2455,4756,7211,587,2222,2809,107548,108555,216103
2021-02-08,5229,4937,10166,9676,10025,19701,22817,23323,46140,22649,21392,44041,17851,17109,34960,13391,12676,26067,8485,7423,15908,4867,5150,10017,2461,4770,7231,589,2225,2814,108015,109030,217045
2021-02-09,5238,4941,10179,9720,10053,19773,22892,23391,46283,22722,21470,44192,17917,17168,35085,13433,12718,26151,8518,7455,15973,4879,5166,10045,2468,4779,7247,590,2226,2816,108377,109367,217744
2021-02-10,5255,4948,10203,9757,10095,19852,22963,23473,46436,22801,21561,44362,17980,17230,35210,13476,12761,26237,8550,7477,16027,4896,5185,10081,2473,4788,7261,591,2229,2820,108742,109747,218489
2021-02-11,5261,4957,10218,9786,10132,19918,23041,23551,46592,22867,21625,44492,18037,17284,35321,13515,12826,26341,8592,7512,16104,4918,5206,10124,2478,4790,7268,593,2234,2827,109088,110117,219205
2021-02-12,5271,4967,10238,9825,10171,19996,23105,23625,46730,22944,21694,44638,18100,17338,35438,13557,12862,26419,8620,7540,16160,4936,5223,10159,2489,4804,7293,595,2238,2833,109442,110462,219904
2021-02-13,5281,4970,10251,9855,10197,20052,23162,23681,46843,23003,21749,44752,18151,17388,35539,13595,12896,26491,8640,7559,16199,4954,5244,10198,2490,4812,7302,599,2240,2839,109730,110736,220466
2021-02-14,5287,4976,10263,9878,10225,20103,23195,23731,46926,23040,21806,44846,18205,17434,35639,13624,12927,26551,8665,7587,16252,4966,5262,10228,2495,4818,7313,599,2241,2840,109954,111007,220961
2021-02-15,5290,4982,10272,9908,10256,20164,23245,23789,47034,23094,21874,44968,18262,17489,35751,13658,12961,26619,8689,7607,16296,4973,5269,10242,2501,4823,7324,599,2246,2845,110219,111296,221515
2021-02-16,5299,4994,10293,9932,10291,20223,23292,23848,47140,23154,21927,45081,18311,17535,35846,13683,12996,26679,8714,7636,16350,4987,5292,10279,2509,4830,7339,600,2251,2851,110481,111600,222081
2021-02-17,5313,5002,10315,9965,10318,20283,23377,23949,47326,23247,22012,45259,18380,17600,35980,13736,13055,26791,8765,7665,16430,5007,5306,10313,2516,4843,7359,601,2253,2854,110907,112003,222910
2021-02-18,5320,5016,10336,9999,10344,20343,23478,24058,47536,23327,22104,45431,18436,17675,36111,13773,13109,26882,8803,7690,16493,5029,5321,10350,2520,4849,7369,602,2258,2860,111287,112424,223711
2021-02-19,5325,5022,10347,10040,10378,20418,23557,24144,47701,23441,22192,45633,18500,17735,36235,13807,13156,26963,8835,7715,16550,5047,5335,10382,2522,4855,7377,602,2258,2860,111676,112790,224466
2021-02-20,5332,5027,10359,10068,10399,20467,23623,24215,47838,23513,22246,45759,18543,17791,36334,13842,13196,27038,8866,7737,16603,5062,5351,10413,2526,4863,7389,603,2259,2862,111978,113084,225062
2021-02-21,5342,5031,10373,10090,10432,20522,23689,24273,47962,23575,22310,45885,18590,17833,36423,13871,13234,27105,8886,7769,16655,5073,5363,10436,2529,4867,7396,603,2263,2866,112248,113375,225623
2021-02-22,5352,5041,10393,10126,10462,20588,23772,24351,48123,23657,22375,46032,18645,17877,36522,13924,13267,27191,8904,7797,16701,5089,5377,10466,2533,4873,7406,605,2264,2869,112607,113684,226291
2021-02-23,5364,5052,10416,10155,10501,20656,23865,24430,48295,23731,22459,46190,18703,17922,36625,13965,13311,27276,8945,7822,16767,5103,5390,10493,2542,4881,7423,608,2264,2872,112981,114032,227013
2021-02-24,5378,5059,10437,10191,10536,20727,23948,24507,48455,23798,22509,46307,18756,17982,36738,14002,13362,27364,8972,7849,16821,5115,5409,10524,2545,4886,7431,608,2268,2876,113313,114367,227680
2021-02-25,5393,5073,10466,10225,10581,20806,24048,24609,48657,23873,22592,46465,18812,18057,36869,14054,13409,27463,9009,7870,16879,5130,5431,10561,2550,4892,7442,611,2273,2884,113705,114787,228492
2021-02-26,5401,5083,10484,10265,10611,20876,24109,24685,48794,23944,22645,46589,18851,18114,36965,14100,13458,27558,9035,7900,16935,5148,5457,10605,2555,4905,7460,613,2275,2888,114021,115133,229154
2021-02-27,5411,5086,10497,10285,10632,20917,24166,24750,48916,23998,22696,46694,18893,18172,37065,14142,13488,27630,9067,7921,16988,5154,5473,10627,2562,4910,7472,613,2276,2889,114291,115404,229695
2021-02-28,5419,5087,10506,10307,10651,20958,24203,24803,49006,24053,22746,46799,18932,18214,37146,14172,13508,27680,9085,7940,17025,5159,5481,10640,2564,4917,7481,613,2280,2893,114507,115627,230134
2021-03-01,5437,5106,10543,10347,10685,21032,24269,24878,49147,24155,22822,46977,18996,18281,37277,14223,13557,27780,9116,7966,17082,5174,5500,10674,2567,4932,7499,613,2282,2895,114897,116009,230906
2021-03-02,5451,5116,10567,10385,10718,21103,24336,24946,49282,24229,22898,47127,19046,18327,37373,14256,13604,27860,9150,7990,17140,5189,5511,10700,2571,4944,7515,613,2284,2897,115226,116338,231564
2021-03-03,5466,5126,10592,10427,10756,21183,24428,25023,49451,24301,22978,47279,19112,18378,37490,14293,13647,27940,9200,8017,17217,5203,5531,10734,2578,4955,7533,613,2288,2901,115621,116699,232320
2021-03-04,5482,5139,10621,10460,10799,21259,24505,25090,49595,24373,23040,47413,19178,18439,37617,14345,13689,28034,9237,8049,17286,5214,5545,10759,2580,4963,7543,613,2288,2901,115987,117041,233028
2021-03-05,5504,5147,10651,10518,10855,21373,24594,25180,49774,24445,23131,47576,19260,18497,37757,14401,13743,28144,9262,8081,17343,5230,5566,10796,2582,4973,7555,615,2291,2906,116411,117464,233875
2021-03-06,5509,5155,10664,10558,10904,21462,24641,25234,49875,24505,23184,47689,19312,18563,37875,14427,13782,28209,9296,8112,17408,5248,5570,10818,2587,4977,7564,615,2294,2909,116698,117775,234473
2021-03-07,5515,5169,10684,10590,10940,21530,24688,25284,49972,24564,23236,47800,19354,18608,37962,14470,13817,28287,9321,8140,17461,5255,5586,10841,2594,4980,7574,615,2295,2910,116966,118055,235021
2021-03-08,5532,5180,10712,10635,10966,21601,24769,25362,50131,24673,23317,47990,19433,18685,38118,14516,13876,28392,9366,8170,17536,5270,5606,10876,2605,4992,7597,616,2299,2915,117415,118453,235868
2021-03-09,5545,5199,10744,10685,11040,21725,24847,25435,50282,24752,23407,48159,19506,18766,38272,14582,13922,28504,9404,8202,17606,5291,5621,10912,2615,5001,7616,616,2301,2917,117843,118894,236737
2021-03-10,5565,5211,10776,10726,11095,21821,24911,25524,50435,24846,23477,48323,19556,18832,38388,14631,13983,28614,9436,8239,17675,5306,5648,10954,2619,5008,7627,616,2304,2920,118212,119321,237533
2021-03-11,5582,5232,10814,10773,11167,21940,24984,25627,50611,24932,23549,48481,19635,18899,38534,14680,14029,28709,9473,8267,17740,5322,5663,10985,2627,5021,7648,617,2305,2922,118625,119759,238384
2021-03-12,5601,5241,10842,10847,11235,22082,25062,25694,50756,25015,23621,48636,19713,18985,38698,14734,14090,28824,9498,8295,17793,5354,5688,11042,2633,5037,7670,618,2311,2929,119075,120197,239272
2021-03-13,5611,5250,10861,10897,11289,22186,25140,25761,50901,25074,23691,48765,19782,19049,38831,14778,14140,28918,9518,8321,17839,5369,5698,11067,2636,5040,7676,618,2314,2932,119423,120553,239976
2021-03-14,5620,5257,10877,10925,11341,22266,25200,25824,51024,25137,23746,48883,19829,19106,38935,14822,14187,29009,9551,8348,17899,5384,5713,11097,2641,5045,7686,618,2316,2934,119727,120883,240610
2021-03-15,5632,5279,10911,10975,11388,22363,25277,25888,51165,25234,23820,49054,19915,19168,39083,14902,14240,29142,9593,8385,17978,5416,5733,11149,2646,5054,7700,620,2325,2945,120210,121280,241490
2021-03-16,5646,5291,10937,11040,11445,22485,25368,25981,51349,25302,23900,49202,20018,19242,39260,14961,14292,29253,9620,8416,18036,5426,5745,11171,2655,5073,7728,623,2329,2952,120659,121714,242373
2021-03-17,5662,5308,10970,11110,11500,22610,25463,26078,51541,25400,23991,49391,20080,19313,39393,15002,14329,29331,9661,8451,18112,5449,5762,11211,2658,5078,7736,623,2331,2954,121108,122141,243249
2021-03-18,5682,5322,11004,11166,11555,22721,25555,26178,51733,25481,24083,49564,20146,19388,39534,15062,14377,29439,9692,8493,18185,5463,5797,11260,2663,5087,7750,623,2337,2960,121533,122617,244150
2021-03-19,5703,5342,11045,11221,11623,22844,25644,26287,51931,25578,24177,49755,20224,19478,39702,15110,14430,29540,9728,8533,18261,5491,5816,11307,2666,5101,7767,623,2337,2960,121988,123124,245112
2021-03-20,5710,5358,11068,11252,11669,22921,25711,26352,52063,25664,24245,49909,20297,19528,39825,15156,14473,29629,9763,8553,18316,5502,5830,11332,2669,5108,7777,623,2338,2961,122347,123454,245801
2021-03-21,5723,5373,11096,11294,11712,23006,25762,26414,52176,25746,24316,50062,20363,19591,39954,15189,14518,29707,9800,8585,18385,5524,5856,11380,2673,5117,7790,624,2338,2962,122698,123820,246518
2021-03-22,5742,5393,11135,11357,11778,23135,25886,26530,52416,25869,24444,50313,20458,19691,40149,15274,14593,29867,9840,8623,18463,5546,5873,11419,2679,5131,7810,625,2345,2970,123276,124401,247677
2021-03-23,5763,5406,11169,11419,11866,23285,26009,26668,52677,26006,24566,50572,20565,19797,40362,15364,14662,30026,9894,8685,18579,5573,5901,11474,2684,5147,7831,626,2349,2975,123903,125047,248950
2021-03-24,5783,5419,11202,11508,11950,23458,26129,26817,52946,26136,24681,50817,20686,19899,40585,15451,14746,30197,9948,8729,18677,5600,5928,11528,2693,5152,7845,628,2354,2982,124562,125675,250237
2021-03-25,5802,5441,11243,11596,12035,23631,26303,26991,53294,26283,24835,51118,20805,20019,40824,15539,14853,30392,9999,8785,18784,5634,5959,11593,2706,5166,7872,628,2357,2985,125295,126441,251736
2021-03-26,5836,5466,11302,11702,12125,23827,26479,27200,53679,26429,24979,51408,20958,20161,41119,15631,14950,30581,10050,8842,18892,5668,5994,11662,2717,5182,7899,628,2361,2989,126098,127260,253358
2021-03-27,5859,5486,11345,11776,12195,23971,26624,27350,53974,26553,25114,51667,21073,20298,41371,15717,15024,30741,10107,8899,19006,5694,6022,11716,2728,5194,7922,629,2363,2992,126760,127945,254705
2021-03-28,5880,5502,11382,11845,12277,24122,26756,27455,54211,26688,25238,51926,21197,20395,41592,15805,15104,30909,10156,8945,19101,5726,6048,11774,2735,5202,7937,630,2365,2995,127418,128531,255949
2021-03-29,5919,5532,11451,11955,12384,24339,26970,27663,54633,26849,25443,52292,21350,20537,41887,15949,15214,31163,10251,8995,19246,5770,6085,11855,2740,5214,7954,632,2370,3002,128385,129437,257822
2021-03-30,5941,5563,11504,12070,12493,24563,27209,27920,55129,27070,25639,52709,21527,20699,42226,16071,15338,31409,10326,9054,19380,5804,6132,11936,2750,5236,7986,639,2374,3013,129407,130448,259855
2021-03-31,5976,5595,11571,12197,12611,24808,27492,28183,55675,27302,25841,53143,21725,20870,42595,16187,15469,31656,10396,9119,19515,5833,6165,11998,2762,5254,8016,640,2380,3020,130510,131487,261997
2021-04-01,5996,5617,11613,12331,12756,25087,27785,28448,56233,27515,26055,53570,21870,21044,42914,16331,15590,31921,10481,9201,19682,5865,6197,12062,2773,5261,8034,643,2382,3025,131590,132551,264141
2021-04-02,6021,5647,11668,12457,12922,25379,27969,28638,56607,27708,26228,53936,22028,21193,43221,16440,15694,32134,10554,9261,19815,5899,6237,12136,2779,5273,8052,645,2383,3028,132500,133476,265976
2021-04-03,6044,5671,11715,12575,13029,25604,28156,28824,56980,27916,26434,54350,22210,21369,43579,16569,15819,32388,10627,9338,19965,5938,6277,12215,2792,5286,8078,648,2389,3037,133475,134436,267911
2021-04-04,6074,5693,11767,12691,13146,25837,28367,29038,57405,28121,26616,54737,22400,21526,43926,16693,15933,32626,10704,9410,20114,5969,6316,12285,2796,5298,8094,650,2392,3042,134465,135368,269833
2021-04-05,6117,5741,11858,12881,13334,26215,28714,29398,58112,28423,26959,55382,22634,21789,44423,16897,16138,33035,10825,9517,20342,6021,6376,12397,2810,5322,8132,650,2398,3048,135972,136972,272944
2021-04-06,6163,5781,11944,13041,13517,26558,29093,29737,58830,28747,27281,56028,22883,22049,44932,17089,16323,33412,10940,9611,20551,6066,6425,12491,2831,5335,8166,654,2404,3058,137507,138463,275970
2021-04-07,6206,5841,12047,13253,13729,26982,29490,30147,59637,29113,27555,56668,23147,22315,45462,17276,16498,33774,11043,9719,20762,6115,6469,12584,2849,5354,8203,657,2409,3066,139149,140036,279185
2021-04-08,6252,5894,12146,13442,13900,27342,29861,30524,60385,29419,27876,57295,23383,22583,45966,17476,16682,34158,11135,9812,20947,6166,6517,12683,2867,5378,8245,659,2412,3071,140660,141578,282238
2021-04-09,6316,5946,12262,13615,14066,27681,30173,30880,61053,29744,28190,57934,23627,22832,46459,17613,16859,34472,11216,9905,21121,6204,6554,12758,2885,5396,8281,663,2419,3082,142056,143047,285103
2021-04-10,6361,5979,12340,13770,14224,27994,30404,31181,61585,29977,28446,58423,23838,23038,46876,17746,17006,34752,11317,9992,21309,6245,6588,12833,2898,5416,8314,665,2423,3088,143221,144293,287514
2021-04-11,6391,6011,12402,13909,14408,28317,30584,31354,61938,30208,28676,58884,24026,23241,47267,17879,17135,35014,11417,10077,21494,6294,6640,12934,2907,5429,8336,667,2431,3098,144282,145402,289684
2021-04-12,6465,6059,12524,14093,14602,28695,30893,31660,62553,30560,28945,59505,24271,23516,47787,18087,17330,35417,11563,10202,21765,6368,6709,13077,2922,5453,8375,670,2436,3106,145892,146912,292804
2021-04-13,6518,6101,12619,14253,14757,29010,31187,31983,63170,30862,29232,60094,24527,23758,48285,18281,17519,35800,11690,10312,22002,6425,6769,13194,2942,5479,8421,675,2443,3118,147360,148353,295713
2021-04-14,6558,6169,12727,14433,14930,29363,31488,32320,63808,31161,29505,60666,24799,24041,48840,18503,17709,36212,11817,10455,22272,6496,6827,13323,2951,5500,8451,678,2453,3131,148884,149909,298793
2021-04-15,6612,6217,12829,14586,15068,29654,31749,32596,64345,31430,29783,61213,25043,24257,49300,18712,17877,36589,11934,10574,22508,6561,6887,13448,2964,5520,8484,681,2459,3140,150272,151238,301510
2021-04-16,6662,6264,12926,14742,15212,29954,31997,32898,64895,31740,30094,61834,25345,24531,49876,18920,18049,36969,12087,10703,22790,6618,6955,13573,2984,5542,8526,683,2466,3149,151778,152714,304492
2021-04-17,6703,6296,12999,14852,15351,30203,32223,33191,65414,31987,30358,62345,25578,24734,50312,19083,18208,37291,12203,10816,23019,6684,7027,13711,2994,5566,8560,686,2475,3161,152993,154022,307015
2021-04-18,6742,6339,13081,14956,15463,30419,32414,33386,65800,32215,30585,62800,25793,24931,50724,19269,18344,37613,12300,10913,23213,6740,7065,13805,3007,5586,8593,687,2481,3168,154123,155093,309216
2021-04-19,6795,6396,13191,15099,15608,30707,32730,33713,66443,32583,30923,63506,26082,25263,51345,19491,18550,38041,12459,11047,23506,6815,7126,13941,3022,5609,8631,687,2487,3174,155763,156722,312485
2021-04-20,6871,6458,13329,15245,15758,31003,33016,34026,67042,32921,31276,64197,26391,25544,51935,19717,18740,38457,12607,11177,23784,6873,7190,14063,3041,5645,8686,692,2491,3183,157374,158305,315679
2021-04-21,6921,6504,13425,15401,15922,31323,33283,34342,67625,33247,31588,64835,26694,25811,52505,19912,18944,38856,12749,11309,24058,6942,7252,14194,3068,5678,8746,695,2500,3195,158912,159850,318762
2021-04-22,6986,6563,13549,15548,16090,31638,33505,34578,68083,33535,31869,65404,26946,26051,52997,20086,19124,39210,12866,11429,24295,7000,7310,14310,3086,5703,8789,700,2509,3209,160258,161226,321484
2021-04-23,7052,6616,13668,15691,16249,31940,33768,34835,68603,33841,32160,66001,27205,26341,53546,20259,19311,39570,12980,11529,24509,7042,7380,14422,3103,5727,8830,702,2521,3223,161643,162669,324312
2021-04-24,7091,6649,13740,15784,16345,32129,33939,35024,68963,34035,32372,66407,27424,26547,53971,20423,19440,39863,13075,11603,24678,7076,7421,14497,3113,5754,8867,703,2532,3235,162663,163687,326350
2021-04-25,7138,6683,13821,15865,16430,32295,34089,35199,69288,34232,32570,66802,27608,26739,54347,20585,19566,40151,13159,11687,24846,7112,7458,14570,3122,5773,8895,704,2533,3237,163614,164638,328252
2021-04-26,7204,6727,13931,15969,16568,32537,34306,35447,69753,34531,32829,67360,27853,27000,54853,20773,19724,40497,13278,11795,25073,7158,7527,14685,3137,5797,8934,707,2539,3246,164916,165953,330869
2021-04-27,7264,6793,14057,16099,16704,32803,34518,35691,70209,34801,33118,67919,28068,27260,55328,20926,19888,40814,13393,11895,25288,7225,7591,14816,3161,5822,8983,712,2542,3254,166167,167304,333471
2021-04-28,7347,6844,14191,16252,16832,33084,34729,35906,70635,35067,33377,68444,28295,27508,55803,21099,20064,41163,13514,12006,25520,7283,7637,14920,3176,5845,9021,715,2549,3264,167477,168568,336045
2021-04-29,7393,6897,14290,16393,16978,33371,34962,36147,71109,35294,33658,68952,28519,27726,56245,21251,20227,41478,13622,12113,25735,7334,7696,15030,3191,5862,9053,717,2553,3270,168676,169857,338533
2021-04-30,7466,6960,14426,16519,17109,33628,35169,36399,71568,35528,33930,69458,28754,27948,56702,21418,20393,41811,13730,12246,25976,7390,7757,15147,3206,5879,9085,721,2561,3282,169901,171182,341083
2021-05-01,7510,6990,14500,16602,17189,33791,35313,36556,71869,35696,34113,69809,28906,28116,57022,21538,20504,42042,13826,12328,26154,7424,7799,15223,3213,5901,9114,721,2567,3288,170749,172063,342812
2021-05-02,7539,7024,14563,16683,17267,33950,35431,36706,72137,35850,34293,70143,29070,28280,57350,21657,20633,42290,13911,12409,26320,7461,7844,15305,3222,5918,9140,722,2572,3294,171546,172946,344492
2021-05-03,7614,7082,14696,16804,17409,34213,35668,36963,72631,36152,34589,70741,29330,28548,57878,21847,20839,42686,14050,12522,26572,7509,7904,15413,3247,5948,9195,728,2583,3311,172949,174387,347336
2021-05-04,7665,7151,14816,16929,17538,34467,35908,37176,73084,36414,34846,71260,29554,28754,58308,22030,20997,43027,14169,12614,26783,7552,7955,15507,3265,5968,9233,731,2594,3325,174217,175593,349810
2021-05-05,7719,7210,14929,17043,17645,34688,36128,37384,73512,36654,35086,71740,29741,28963,58704,22178,21166,43344,14262,12707,26969,7583,8003,15586,3280,5992,9272,736,2602,3338,175324,176758,352082
2021-05-06,7770,7260,15030,17129,17751,34880,36307,37602,73909,36852,35283,72135,29913,29146,59059,22319,21290,43609,14355,12793,27148,7624,8046,15670,3287,6014,9301,736,2613,3349,176292,177798,354090
2021-05-07,7816,7320,15136,17261,17870,35131,36484,37816,74300,37061,35503,72564,30085,29327,59412,22457,21434,43891,14453,12895,27348,7667,8088,15755,3305,6033,9338,739,2621,3360,177328,178907,356235
2021-05-08,7853,7343,15196,17335,17956,35291,36636,37963,74599,37234,35662,72896,30229,29508,59737,22573,21548,44121,14527,12956,27483,7700,8121,15821,3317,6054,9371,745,2630,3375,178149,179741,357890
2021-05-09,7888,7383,15271,17404,18031,35435,36760,38080,74840,37373,35829,73202,30372,29657,60029,22665,21630,44295,14602,13027,27629,7730,8153,15883,3326,6069,9395,749,2640,3389,178869,180499,359368
2021-05-10,7943,7447,15390,17551,18169,35720,36993,38345,75338,37647,36103,73750,30614,29904,60518,22867,21836,44703,14718,13149,27867,7794,8210,16004,3346,6110,9456,753,2647,3400,180226,181920,362146
2021-05-11,8006,7506,15512,17682,18271,35953,37199,38592,75791,37920,36370,74290,30848,30147,60995,23031,21997,45028,14817,13243,28060,7842,8255,16097,3357,6138,9495,762,2659,3421,181464,183178,364642
2021-05-12,8066,7571,15637,17790,18387,36177,37435,38823,76258,38179,36624,74803,31083,30371,61454,23204,22170,45374,14918,13330,28248,7890,8306,16196,3373,6169,9542,769,2670,3439,182707,184421,367128
2021-05-13,8137,7600,15737,17903,18506,36409,37622,39020,76642,38403,36848,75251,31288,30573,61861,23358,22346,45704,14992,13409,28401,7931,8355,16286,3387,6189,9576,774,2680,3454,183795,185526,369321
2021-05-14,8211,7666,15877,18038,18657,36695,37840,39286,77126,38671,37167,75838,31554,30818,62372,23540,22517,46057,15085,13526,28611,7983,8414,16397,3406,6210,9616,775,2688,3463,185103,186949,372052
2021-05-15,8279,7707,15986,18145,18794,36939,38015,39465,77480,38868,37356,76224,31754,31013,62767,23688,22659,46347,15168,13591,28759,8013,8458,16471,3422,6233,9655,775,2696,3471,186127,187972,374099
2021-05-16,8315,7753,16068,18222,18878,37100,38159,39638,77797,39065,37559,76624,31957,31211,63168,23829,22770,46599,15245,13662,28907,8052,8499,16551,3432,6244,9676,778,2708,3486,187054,188922,375976
2021-05-17,8408,7818,16226,18393,19062,37455,38469,39948,78417,39415,37890,77305,32269,31560,63829,24060,23019,47079,15378,13779,29157,8114,8570,16684,3466,6284,9750,784,2721,3505,188756,190651,379407
2021-05-18,8495,7894,16389,18567,19204,37771,38762,40268,79030,39764,38202,77966,32526,31845,64371,24272,23239,47511,15492,13896,29388,8176,8623,16799,3487,6317,9804,786,2741,3527,190327,192229,382556
2021-05-19,8578,7972,16550,18743,19380,38123,39066,40604,79670,40068,38506,78574,32848,32134,64982,24473,23428,47901,15616,13993,29609,8223,8690,16913,3508,6348,9856,788,2748,3536,191911,193803,385714
2021-05-20,8648,8035,16683,18897,19541,38438,39357,40934,80291,40369,38815,79184,33093,32398,65491,24661,23590,48251,15708,14098,29806,8283,8748,17031,3525,6395,9920,790,2754,3544,193331,195308,388639
2021-05-21,8715,8105,16820,19049,19698,38747,39605,41218,80823,40634,39103,79737,33345,32651,65996,24863,23789,48652,15802,14191,29993,8320,8797,17117,3544,6428,9972,794,2762,3556,194671,196742,391413
2021-05-22,8769,8137,16906,19135,19809,38944,39769,41398,81167,40867,39311,80178,33513,32824,66337,25013,23939,48952,15885,14271,30156,8348,8839,17187,3557,6462,10019,797,2779,3576,195653,197769,393422
2021-05-23,8798,8172,16970,19229,19926,39155,39953,41555,81508,41070,39517,80587,33702,32984,66686,25170,24072,49242,15968,14317,30285,8380,8876,17256,3577,6486,10063,798,2785,3583,196645,198690,395335
2021-05-24,8857,8206,17063,19351,20073,39424,40191,41797,81988,41361,39799,81160,33991,33266,67257,25367,24253,49620,16079,14403,30482,8418,8922,17340,3598,6514,10112,800,2795,3595,198013,200028,398041
2021-05-25,8908,8254,17162,19467,20178,39645,40408,42036,82444,41647,40066,81713,34265,33520,67785,25531,24417,49948,16171,14471,30642,8452,8970,17422,3614,6544,10158,800,2802,3602,199263,201258,400521
2021-05-26,8973,8326,17299,19616,20325,39941,40697,42339,83036,41978,40377,82355,34551,33808,68359,25754,24615,50369,16285,14587,30872,8507,9035,17542,3638,6584,10222,803,2818,3621,200802,202814,403616
2021-05-27,9047,8388,17435,19742,20471,40213,40954,42613,83567,42283,40675,82958,34827,34082,68909,25963,24799,50762,16391,14685,31076,8555,9085,17640,3658,6619,10277,806,2832,3638,202226,204249,406475
2021-05-28,9112,8444,17556,19905,20614,40519,41196,42874,84070,42529,40982,83511,35090,34317,69407,26150,24969,51119,16482,14789,31271,8594,9129,17723,3673,6659,10332,813,2841,3654,203544,205618,409162
2021-05-29,9170,8499,17669,20004,20715,40719,41360,43076,84436,42722,41174,83896,35258,34504,69762,26262,25116,51378,16566,14865,31431,8630,9171,17801,3690,6675,10365,814,2851,3665,204476,206646,411122
2021-05-30,9200,8530,17730,20085,20793,40878,41506,43238,84744,42866,41333,84199,35419,34668,70087,26348,25220,51568,16615,14913,31528,8652,9204,17856,3703,6693,10396,814,2852,3666,205208,207444,412652
2021-05-31,9262,8594,17856,20203,20923,41126,41717,43455,85172,43100,41600,84700,35623,34924,70547,26506,25387,51893,16697,15001,31698,8701,9259,17960,3725,6718,10443,815,2863,3678,206349,208724,415073
2021-06-01,9307,8648,17955,20308,21041,41349,41923,43665,85588,43329,41804,85133,35812,35141,70953,26650,25517,52167,16772,15075,31847,8739,9306,18045,3738,6747,10485,822,2873,3695,207400,209817,417217
2021-06-02,9351,8693,18044,20412,21130,41542,42076,43845,85921,43505,41993,85498,35960,35308,71268,26768,25633,52401,16841,15144,31985,8777,9352,18129,3754,6776,10530,828,2880,3708,208272,210754,419026
2021-06-03,9404,8742,18146,20518,21240,41758,42251,44032,86283,43695,42187,85882,36112,35470,71582,26879,25765,52644,16899,15203,32102,8817,9395,18212,3765,6796,10561,831,2891,3722,209171,211721,420892
2021-06-04,9464,8801,18265,20614,21361,41975,42417,44213,86630,43894,42367,86261,36268,35630,71898,26987,25903,52890,16953,15269,32222,8852,9435,18287,3775,6820,10595,833,2899,3732,210057,212698,422755
2021-06-05,9501,8839,18340,20686,21439,42125,42538,44321,86859,44036,42495,86531,36406,35767,72173,27080,25985,53065,17009,15318,32327,8872,9465,18337,3791,6856,10647,839,2912,3751,210758,213397,424155
2021-06-06,9541,8873,18414,20755,21505,42260,42635,44438,87073,44163,42617,86780,36548,35890,72438,27154,26066,53220,17050,15361,32411,8898,9492,18390,3799,6877,10676,843,2919,3762,211386,214038,425424
2021-06-07,9585,8919,18504,20860,21597,42457,42828,44624,87452,44350,42834,87184,36730,36096,72826,27294,26205,53499,17116,15415,32531,8934,9542,18476,3830,6901,10731,845,2930,3775,212372,215063,427435
2021-06-08,9634,8972,18606,20974,21688,42662,42998,44755,87753,44493,43015,87508,36891,36259,73150,27408,26321,53729,17170,15474,32644,8968,9577,18545,3846,6925,10771,847,2937,3784,213229,215923,429152
2021-06-09,9684,9013,18697,21068,21790,42858,43154,44901,88055,44665,43172,87837,37053,36403,73456,27524,26430,53954,17226,15522,32748,9005,9598,18603,3874,6941,10815,848,2943,3791,214101,216713,430814
2021-06-10,9732,9066,18798,21167,21911,43078,43337,45089,88426,44845,43347,88192,37233,36570,73803,27641,26544,54185,17284,15579,32863,9040,9633,18673,3886,6961,10847,852,2951,3803,215017,217651,432668
2021-06-11,9786,9107,18893,21256,21996,43252,43502,45246,88748,45009,43512,88521,37366,36737,74103,27742,26652,54394,17344,15639,32983,9070,9666,18736,3900,6989,10889,855,2960,3815,215830,218504,434334
2021-06-12,9824,9143,18967,21313,22058,43371,43589,45346,88935,45119,43622,88741,37469,36840,74309,27807,26715,54522,17375,15676,33051,9097,9686,18783,3904,7000,10904,857,2969,3826,216354,219055,435409
2021-06-13,9867,9184,19051,21363,22133,43496,43689,45447,89136,45226,43746,88972,37575,36934,74509,27876,26778,54654,17415,15718,33133,9119,9708,18827,3916,7023,10939,858,2976,3834,216904,219647,436551
2021-06-14,9921,9240,19161,21452,22238,43690,43855,45612,89467,45427,43976,89403,37757,37077,74834,27977,26861,54838,17470,15785,33255,9146,9750,18896,3928,7056,10984,861,2982,3843,217794,220577,438371
2021-06-15,9968,9274,19242,21544,22317,43861,43994,45758,89752,45585,44116,89701,37890,37224,75114,28074,26954,55028,17526,15835,33361,9178,9789,18967,3940,7079,11019,865,2999,3864,218564,221345,439909
2021-06-16,10011,9320,19331,21604,22399,44003,44137,45894,90031,45727,44272,89999,38031,37357,75388,28153,27029,55182,17573,15883,33456,9205,9804,19009,3947,7089,11036,870,3003,3873,219258,222050,441308
2021-06-17,10046,9353,19399,21689,22477,44166,44250,46012,90262,45866,44416,90282,38152,37510,75662,28237,27104,55341,17627,15943,33570,9244,9844,19088,3962,7115,11077,872,3010,3882,219945,222784,442729
2021-06-18,10084,9398,19482,21757,22549,44306,44367,46139,90506,45997,44540,90537,38247,37620,75867,28313,27175,55488,17669,15988,33657,9270,9877,19147,3964,7134,11098,875,3014,3889,220543,223434,443977
2021-06-19,10120,9434,19554,21809,22600,44409,44435,46212,90647,46095,44640,90735,38322,37714,76036,28374,27227,55601,17692,16023,33715,9293,9902,19195,3971,7144,11115,876,3015,3891,220987,223911,444898
2021-06-20,10140,9450,19590,21861,22648,44509,44496,46292,90788,46188,44730,90918,38396,37793,76189,28433,27273,55706,17710,16045,33755,9303,9913,19216,3977,7152,11129,879,3017,3896,221383,224313,445696
2021-06-21,10174,9484,19658,21927,22702,44629,44591,46385,90976,46299,44878,91177,38495,37882,76377,28486,27340,55826,17747,16080,33827,9323,9932,19255,3980,7162,11142,880,3022,3902,221902,224867,446769
2021-06-22,10228,9541,19769,22020,22797,44817,44720,46550,91270,46480,45073,91553,38649,38040,76689,28576,27419,55995,17807,16135,33942,9353,9960,19313,3990,7176,11166,880,3025,3905,222703,225716,448419
2021-06-23,10279,9586,19865,22103,22879,44982,44863,46682,91545,46605,45211,91816,38788,38163,76951,28655,27496,56151,17859,16172,34031,9378,9983,19361,3998,7184,11182,880,3028,3908,223408,226384,449792
2021-06-24,10327,9624,19951,22180,22972,45152,44995,46828,91823,46776,45392,92168,38912,38300,77212,28744,27590,56334,17903,16224,34127,9402,10021,19423,4007,7200,11207,885,3031,3916,224131,227182,451313
2021-06-25,10379,9676,20055,22285,23062,45347,45121,47010,92131,46944,45563,92507,39035,38430,77465,28829,27675,56504,17950,16288,34238,9423,10057,19480,4013,7219,11232,887,3036,3923,224866,228016,452882
2021-06-26,10413,9713,20126,22355,23124,45479,45203,47107,92310,47063,45653,92716,39130,38527,77657,28887,27745,56632,17984,16311,34295,9443,10077,19520,4018,7232,11250,888,3043,3931,225384,228532,453916
2021-06-27,10444,9743,20187,22402,23185,45587,45289,47189,92478,47146,45739,92885,39213,38614,77827,28928,27785,56713,18014,16340,34354,9453,10093,19546,4020,7240,11260,889,3046,3935,225798,228974,454772
2021-06-28,10492,9792,20284,22469,23262,45731,45404,47301,92705,47279,45887,93166,39331,38739,78070,28986,27849,56835,18065,16375,34440,9476,10114,19590,4027,7252,11279,889,3052,3941,226418,229623,456041
2021-06-29,10526,9838,20364,22546,23327,45873,45503,47408,92911,47409,46009,93418,39425,38855,78280,29047,27905,56952,18097,16422,34519,9499,10139,19638,4035,7267,11302,891,3057,3948,226978,230227,457205
2021-06-30,10564,9881,20445,22632,23402,46034,45608,47529,93137,47534,46131,93665,39509,38964,78473,29107,27963,57070,18126,16459,34585,9521,10170,19691,4042,7278,11320,894,3059,3953,227537,230836,458373
2021-07-01,10595,9907,20502,22715,23479,46194,45718,47657,93375,47648,46249,93897,39603,39063,78666,29173,28037,57210,18164,16502,34666,9542,10189,19731,4047,7288,11335,894,3062,3956,228099,231433,459532
2021-07-02,10637,9943,20580,22796,23555,46351,45806,47757,93563,47771,46378,94149,39717,39160,78877,29232,28093,57325,18196,16538,34734,9562,10214,19776,4051,7296,11347,894,3066,3960,228662,232000,460662
2021-07-03,10668,9966,20634,22849,23609,46458,45879,47842,93721,47850,46465,94315,39803,39220,79023,29275,28141,57416,18225,16569,34794,9574,10226,19800,4056,7303,11359,894,3067,3961,229073,232408,461481
2021-07-04,10693,9979,20672,22882,23656,46538,45958,47896,93854,47932,46529,94461,39862,39273,79135,29316,28187,57503,18251,16588,34839,9591,10241,19832,4060,7307,11367,894,3071,3965,229439,232727,462166
2021-07-05,10735,10013,20748,22953,23727,46680,46066,47998,94064,48079,46649,94728,39969,39375,79344,29376,28254,57630,18286,16630,34916,9620,10266,19886,4067,7317,11384,896,3073,3969,230047,233302,463349
2021-07-06,10773,10053,20826,23022,23777,46799,46167,48109,94276,48203,46759,94962,40069,39474,79543,29426,28290,57716,18323,16665,34988,9647,10287,19934,4075,7326,11401,900,3074,3974,230605,233814,464419
2021-07-07,10811,10086,20897,23086,23844,46930,46272,48206,94478,48313,46865,95178,40153,39558,79711,29476,28339,57815,18348,16688,35036,9665,10309,19974,4087,7331,11418,901,3074,3975,231112,234300,465412
2021-07-08,10851,10119,20970,23161,23916,47077,46394,48329,94723,48436,47004,95440,40259,39645,79904,29526,28416,57942,18381,16718,35099,9681,10326,20007,4090,7338,11428,903,3076,3979,231682,234887,466569
2021-07-09,10882,10139,21021,23225,23971,47196,46477,48415,94892,48516,47083,95599,40327,39727,80054,29560,28461,58021,18402,16741,35143,9695,10339,20034,4092,7342,11434,904,3077,3981,232080,235295,467375
2021-07-10,10909,10160,21069,23270,24022,47292,46554,48500,95054,48594,47164,95758,40407,39808,80215,29610,28513,58123,18426,16775,35201,9717,10364,20081,4095,7350,11445,906,3079,3985,232488,235735,468223
2021-07-11,10924,10185,21109,23321,24071,47392,46616,48575,95191,48675,47243,95918,40469,39870,80339,29647,28543,58190,18450,16795,35245,9727,10378,20105,4097,7354,11451,906,3079,3985,232832,236093,468925
2021-07-12,10964,10218,21182,23384,24135,47519,46719,48686,95405,48795,47363,96158,40567,39967,80534,29710,28609,58319,18490,16827,35317,9757,10404,20161,4102,7363,11465,906,3081,3987,233394,236653,470047
2021-07-13,11000,10257,21257,23447,24195,47642,46819,48788,95607,48880,47456,96336,40635,40053,80688,29763,28647,58410,18523,16850,35373,9774,10424,20198,4109,7374,11483,907,3088,3995,233857,237132,470989
2021-07-14,11033,10282,21315,23513,24252,47765,46930,48903,95833,48969,47559,96528,40706,40138,80844,29815,28704,58519,18552,16877,35429,9795,10438,20233,4111,7384,11495,907,3091,3998,234331,237628,471959
2021-07-15,11061,10303,21364,23590,24320,47910,47050,49023,96073,49075,47646,96721,40784,40220,81004,29858,28754,58612,18577,16910,35487,9807,10456,20263,4115,7387,11502,908,3093,4001,234825,238112,472937
2021-07-16,11098,10324,21422,23652,24377,48029,47149,49130,96279,49165,47751,96916,40852,40301,81153,29892,28807,58699,18610,16947,35557,9827,10485,20312,4117,7401,11518,909,3094,4003,235271,238617,473888
2021-07-17,11131,10340,21471,23701,24430,48131,47236,49205,96441,49237,47818,97055,40901,40369,81270,29935,28843,58778,18625,16966,35591,9840,10500,20340,4123,7402,11525,910,3095,4005,235639,238968,474607
2021-07-18,11143,10354,21497,23735,24469,48204,47299,49265,96564,49287,47874,97161,40948,40413,81361,29952,28869,58821,18642,16979,35621,9848,10509,20357,4131,7408,11539,910,3095,4005,235895,239235,475130
2021-07-19,11160,10381,21541,23793,24523,48316,47390,49364,96754,49381,47967,97348,41027,40493,81520,29995,28909,58904,18664,17005,35669,9859,10526,20385,4135,7414,11549,912,3098,4010,236316,239680,475996
2021-07-20,11184,10411,21595,23844,24561,48405,47456,49460,96916,49456,48047,97503,41098,40556,81654,30032,28942,58974,18686,17023,35709,9871,10536,20407,4139,7420,11559,912,3099,4011,236678,240055,476733
2021-07-21,11212,10427,21639,23891,24629,48520,47543,49543,97086,49534,48116,97650,41139,40635,81774,30079,28986,59065,18708,17046,35754,9881,10550,20431,4142,7423,11565,913,3099,4012,237042,240454,477496
2021-07-22,11230,10444,21674,23949,24686,48635,47630,49620,97250,49614,48206,97820,41199,40686,81885,30117,29035,59152,18754,17064,35818,9897,10560,20457,4144,7430,11574,915,3099,4014,237449,240830,478279
2021-07-23,11246,10463,21709,24009,24749,48758,47734,49709,97443,49691,48285,97976,41260,40753,82013,30157,29069,59226,18782,17095,35877,9908,10576,20484,4146,7439,11585,916,3100,4016,237849,241238,479087
2021-07-24,11259,10473,21732,24053,24797,48850,47804,49769,97573,49748,48342,98090,41309,40809,82118,30184,29105,59289,18806,17111,35917,9919,10584,20503,4148,7441,11589,916,3101,4017,238146,241532,479678
2021-07-25,11269,10485,21754,24087,24843,48930,47860,49831,97691,49805,48399,98204,41349,40849,82198,30213,29132,59345,18827,17118,35945,9928,10596,20524,4150,7446,11596,916,3104,4020,238404,241803,480207
2021-07-26,11291,10502,21793,24152,24907,49059,47968,49944,97912,49897,48480,98377,41410,40922,82332,30256,29176,59432,18856,17146,36002,9947,10616,20563,4154,7455,11609,916,3105,4021,238847,242253,481100
2021-07-27,11311,10515,21826,24200,24964,49164,48050,50042,98092,49979,48564,98543,41470,40974,82444,30292,29214,59506,18878,17164,36042,9957,10628,20585,4155,7459,11614,917,3106,4023,239209,242630,481839
2021-07-28,11324,10534,21858,24251,25013,49264,48109,50122,98231,50040,48632,98672,41515,41027,82542,30319,29245,59564,18895,17189,36084,9966,10638,20604,4157,7462,11619,917,3107,4024,239493,242969,482462
2021-07-29,11351,10547,21898,24304,25055,49359,48191,50195,98386,50101,48711,98812,41556,41082,82638,30350,29279,59629,18916,17211,36127,9971,10647,20618,4161,7470,11631,919,3108,4027,239820,243305,483125
2021-07-30,11378,10567,21945,24358,25116,49474,48264,50273,98537,50155,48785,98940,41616,41149,82765,30389,29314,59703,18944,17240,36184,9979,10663,20642,4165,7482,11647,920,3110,4030,240168,243699,483867
2021-07-31,11392,10590,21982,24395,25162,49557,48316,50328,98644,50196,48855,99051,41659,41189,82848,30428,29351,59779,18958,17251,36209,9994,10671,20665,4166,7485,11651,920,3111,4031,240424,243993,484417
2021-08-01,11409,10605,22014,24428,25199,49627,48357,50376,98733,50245,48905,99150,41708,41246,82954,30458,29389,59847,18980,17266,36246,10001,10680,20681,4170,7490,11660,921,3111,4032,240677,244267,484944
2021-08-02,11437,10631,22068,24505,25286,49791,48441,50466,98907,50306,48977,99283,41774,41332,83106,30516,29437,59953,19009,17292,36301,10012,10703,20715,4171,7497,11668,922,3113,4035,241093,244734,485827
2021-08-03,11455,10649,22104,24571,25368,49939,48530,50528,99058,50379,49044,99423,41845,41396,83241,30552,29472,60024,19033,17318,36351,10027,10721,20748,4175,7500,11675,922,3115,4037,241489,245111,486600
2021-08-04,11480,10660,22140,24622,25416,50038,48617,50604,99221,50440,49124,99564,41886,41455,83341,30590,29509,60099,19049,17338,36387,10044,10733,20777,4181,7502,11683,924,3116,4040,241833,245457,487290
2021-08-05,11499,10677,22176,24695,25498,50193,48691,50688,99379,50514,49189,99703,41941,41511,83452,30635,29547,60182,19071,17359,36430,10052,10750,20802,4187,7509,11696,926,3121,4047,242211,245849,488060
2021-08-06,11516,10705,22221,24755,25578,50333,48758,50780,99538,50584,49254,99838,42004,41581,83585,30676,29590,60266,19099,17384,36483,10070,10765,20835,4190,7515,11705,926,3121,4047,242578,246273,488851
2021-08-07,11532,10721,22253,24793,25613,50406,48799,50844,99643,50625,49295,99920,42044,41624,83668,30702,29616,60318,19109,17406,36515,10079,10772,20851,4190,7518,11708,927,3121,4048,242800,246530,489330
2021-08-08,11543,10745,22288,24825,25647,50472,48839,50886,99725,50667,49341,100008,42083,41661,83744,30724,29645,60369,19123,17421,36544,10083,10780,20863,4190,7519,11709,927,3121,4048,243004,246766,489770
2021-08-09,11556,10773,22329,24876,25700,50576,48900,50944,99844,50724,49388,100112,42119,41700,83819,30765,29672,60437,19143,17442,36585,10091,10791,20882,4192,7523,11715,927,3121,4048,243293,247054,490347
2021-08-10,11587,10795,22382,24925,25765,50690,48954,50999,99953,50770,49448,100218,42156,41745,83901,30799,29704,60503,19164,17471,36635,10101,10800,20901,4196,7525,11721,927,3122,4049,243579,247374,490953
2021-08-11,11608,10819,22427,24974,25823,50797,49022,51065,100087,50813,49497,100310,42192,41787,83979,30823,29758,60581,19182,17490,36672,10114,10811,20925,4197,7530,11727,927,3123,4050,243852,247703,491555
2021-08-12,11631,10841,22472,25029,25885,50914,49076,51113,100189,50862,49549,100411,42234,41821,84055,30845,29781,60626,19193,17512,36705,10122,10828,20950,4199,7538,11737,927,3123,4050,244118,247991,492109
2021-08-13,11652,10873,22525,25083,25935,51018,49118,51155,100273,50906,49593,100499,42272,41864,84136,30868,29807,60675,19206,17526,36732,10126,10836,20962,4202,7546,11748,928,3126,4054,244361,248261,492622
2021-08-14,11667,10885,22552,25118,25971,51089,49142,51184,100326,50948,49646,100594,42288,41893,84181,30893,29825,60718,19221,17532,36753,10135,10844,20979,4203,7548,11751,928,3126,4054,244543,248454,492997
2021-08-15,11685,10896,22581,25139,26003,51142,49160,51217,100377,50979,49675,100654,42315,41915,84230,30918,29845,60763,19232,17538,36770,10144,10847,20991,4203,7549,11752,929,3126,4055,244704,248611,493315
2021-08-16,11704,10907,22611,25177,26040,51217,49190,51256,100446,51008,49715,100723,42347,41949,84296,30939,29860,60799,19235,17551,36786,10146,10854,21000,4206,7551,11757,929,3126,4055,244881,248809,493690
2021-08-17,11724,10926,22650,25247,26087,51334,49244,51302,100546,51054,49760,100814,42404,41998,84402,30957,29878,60835,19253,17566,36819,10153,10869,21022,4210,7555,11765,929,3127,4056,245175,249068,494243
2021-08-18,11750,10951,22701,25306,26122,51428,49297,51344,100641,51098,49813,100911,42433,42040,84473,30990,29905,60895,19271,17586,36857,10159,10878,21037,4211,7558,11769,929,3127,4056,245444,249324,494768
2021-08-19,11772,10966,22738,25362,26170,51532,49341,51378,100719,51136,49852,100988,42463,42082,84545,31006,29928,60934,19288,17599,36887,10163,10884,21047,4212,7561,11773,929,3127,4056,245672,249547,495219
2021-08-20,11803,10987,22790,25408,26226,51634,49379,51418,100797,51169,49897,101066,42494,42134,84628,31029,29949,60978,19304,17623,36927,10175,10895,21070,4215,7570,11785,930,3127,4057,245906,249826,495732
2021-08-21,11814,10996,22810,25439,26255,51694,49406,51453,100859,51193,49929,101122,42520,42167,84687,31044,29969,61013,19309,17627,36936,10178,10903,21081,4216,7571,11787,930,3128,4058,246049,249998,496047
2021-08-22,11830,11014,22844,25460,26282,51742,49434,51480,100914,51215,49950,101165,42543,42195,84738,31056,29986,61042,19317,17632,36949,10184,10908,21092,4218,7574,11792,930,3131,4061,246187,250152,496339
2021-08-23,11847,11030,22877,25492,26313,51805,49466,51507,100973,51256,49983,101239,42570,42229,84799,31075,30001,61076,19326,17646,36972,10194,10911,21105,4219,7575,11794,932,3131,4063,246377,250326,496703
2021-08-24,11864,11047,22911,25533,26350,51883,49495,51536,101031,51290,50024,101314,42593,42257,84850,31094,30020,61114,19332,17653,36985,10202,10921,21123,4222,7578,11800,932,3133,4065,246557,250519,497076
2021-08-25,11877,11063,22940,25575,26378,51953,49528,51561,101089,51315,50053,101368,42618,42299,84917,31109,30045,61154,19339,17660,36999,10205,10927,21132,4223,7582,11805,933,3133,4066,246722,250701,497423
2021-08-26,11895,11084,22979,25613,26406,52019,49559,51605,101164,51340,50086,101426,42644,42323,84967,31125,30057,61182,19354,17663,37017,10209,10930,21139,4226,7585,11811,934,3134,4068,246899,250873,497772
2021-08-27,11911,11100,23011,25659,26445,52104,49590,51637,101227,51362,50109,101471,42665,42350,85015,31138,30071,61209,19361,17670,37031,10211,10938,21149,4226,7595,11821,935,3136,4071,247058,251051,498109
2021-08-28,11922,11110,23032,25684,26471,52155,49611,51661,101272,51375,50127,101502,42682,42367,85049,31155,30088,61243,19372,17675,37047,10218,10938,21156,4226,7595,11821,935,3136,4071,247180,251168,498348
2021-08-29,11929,11124,23053,25718,26499,52217,49633,51681,101314,51402,50146,101548,42695,42383,85078,31164,30098,61262,19373,17680,37053,10219,10943,21162,4226,7595,11821,935,3136,4071,247294,251285,498579
2021-08-30,11940,11138,23078,25749,26545,52294,49663,51714,101377,51426,50170,101596,42714,42417,85131,31176,30110,61286,19378,17689,37067,10224,10947,21171,4226,7597,11823,935,3139,4074,247431,251466,498897
2021-08-31,11948,11145,23093,25784,26569,52353,49682,51745,101427,51456,50187,101643,42738,42450,85188,31186,30126,61312,19388,17693,37081,10227,10953,21180,4230,7600,11830,935,3141,4076,247574,251609,499183
2021-09-01,11950,11151,23101,25811,26581,52392,49696,51766,101462,51470,50203,101673,42753,42476,85229,31196,30139,61335,19388,17702,37090,10232,10957,21189,4230,7601,11831,935,3143,4078,247661,251719,499380
2021-09-02,11950,11151,23101,25816,26587,52403,49700,51772,101472,51475,50205,101680,42755,42482,85237,31199,30140,61339,19389,17702,37091,10233,10959,21192,4230,7601,11831,935,3143,4078,247682,251742,499424
