FECHA,<=10M,<=10F,<=10,11-20M,11-20F,11-20,21-30M,21-30F,21-30,31-40M,31-40F,31-40,41-50M,41-50F,41-50,51-60M,51-60F,51-60,61-70M,61-70F,61-70,71-80M,71-80F,71-80,81-90M,81-90F,81-90,>=91M,>=91F,>=91,TotalM,TotalF,Total
2020-03-15,1,0,1,0,0,0,0,2,2,2,1,3,1,0,1,1,0,1,1,0,1,1,1,2,0,0,0,0,0,0,7,4,11
2020-03-16,2,2,4,1,1,2,1,3,4,3,2,5,1,0,1,3,0,3,3,1,4,1,1,2,0,0,0,0,0,0,15,10,25
2020-03-17,3,6,9,1,2,3,2,4,6,4,2,6,1,2,3,4,1,5,4,2,6,3,3,6,1,0,1,0,0,0,23,22,45
2020-03-18,5,7,12,1,2,3,2,4,6,6,3,9,1,4,5,5,2,7,4,4,8,4,3,7,2,0,2,0,0,0,30,29,59
2020-03-19,6,7,13,1,2,3,5,6,11,8,5,13,2,5,7,5,2,7,5,5,10,5,4,9,2,0,2,1,0,1,40,36,76
2020-03-20,7,8,15,2,2,4,5,6,11,9,7,16,2,5,7,5,3,8,5,6,11,7,6,13,3,0,3,1,0,1,46,43,89
2020-03-21,7,8,15,4,2,6,5,8,13,11,8,19,3,6,9,5,3,8,7,8,15,8,7,15,3,0,3,2,0,2,55,50,105
2020-03-22,8,8,16,4,2,6,8,9,17,11,8,19,3,6,9,7,4,11,7,9,16,10,7,17,6,2,8,2,0,2,66,55,121
2020-03-23,9,8,17,5,4,9,9,10,19,13,9,22,3,7,10,9,4,13,9,9,18,14,10,24,9,5,14,2,2,4,82,68,150
2020-03-24,10,8,18,5,4,9,10,11,21,14,10,24,3,8,11,11,5,16,9,10,19,16,10,26,11,6,17,3,2,5,92,74,166
2020-03-25,11,10,21,5,4,9,12,14,26,15,14,29,4,8,12,12,7,19,11,11,22,18,12,30,13,10,23,5,3,8,106,93,199
2020-03-26,15,13,28,7,4,11,13,16,29,19,16,35,5,12,17,15,9,24,12,14,26,21,13,34,17,10,27,8,4,12,132,111,243
2020-03-27,17,15,32,7,5,12,14,18,32,22,16,38,6,15,21,16,12,28,13,19,32,25,19,44,20,12,32,10,10,20,150,141,291
2020-03-28,19,15,34,7,5,12,15,20,35,23,17,40,7,16,23,19,13,32,16,19,35,29,25,54,22,13,35,11,10,21,168,153,321
2020-03-29,20,15,35,8,6,14,16,22,38,25,17,42,9,18,27,19,13,32,22,22,44,33,26,59,26,15,41,13,11,24,191,165,356
2020-03-30,23,16,39,8,6,14,17,27,44,26,19,45,14,20,34,20,14,34,27,23,50,36,31,67,31,16,47,16,13,29,218,185,403
2020-03-31,30,18,48,9,6,15,20,28,48,29,21,50,18,21,39,22,15,37,31,24,55,41,34,75,33,19,52,20,13,33,253,199,452
2020-04-01,36,26,62,9,8,17,24,31,55,32,23,55,28,25,53,25,18,43,35,27,62,47,36,83,38,25,63,20,14,34,294,233,527
2020-04-02,40,33,73,14,12,26,26,35,61,35,27,62,31,28,59,26,24,50,41,31,72,53,42,95,43,31,74,22,18,40,331,281,612
2020-04-03,54,40,94,17,15,32,30,40,70,40,34,74,35,36,71,28,28,56,48,34,82,58,45,103,48,38,86,23,23,46,381,333,714
2020-04-04,61,48,109,18,16,34,32,46,78,42,44,86,39,38,77,33,28,61,52,36,88,60,49,109,52,40,92,24,26,50,413,371,784
2020-04-05,65,54,119,21,17,38,38,47,85,47,45,92,47,39,86,37,30,67,53,46,99,65,57,122,56,44,100,26,29,55,455,408,863
2020-04-06,75,61,136,24,18,42,44,50,94,57,47,104,56,43,99,44,32,76,57,53,110,76,61,137,63,48,111,27,31,58,523,444,967
2020-04-07,82,69,151,25,20,45,49,53,102,62,53,115,60,47,107,50,34,84,61,56,117,82,69,151,69,59,128,29,32,61,569,492,1061
2020-04-08,88,74,162,27,21,48,51,58,109,67,55,122,67,51,118,55,37,92,67,60,127,91,73,164,71,62,133,32,38,70,616,529,1145
2020-04-09,89,76,165,29,23,52,53,65,118,78,64,142,70,56,126,62,42,104,71,62,133,98,82,180,74,71,145,36,43,79,660,584,1244
2020-04-10,102,78,180,32,26,58,55,70,125,81,65,146,78,57,135,64,46,110,76,63,139,99,92,191,78,79,157,38,47,85,703,623,1326
2020-04-11,107,82,189,34,28,62,63,74,137,86,68,154,82,58,140,65,49,114,79,69,148,106,94,200,82,86,168,39,52,91,743,660,1403
2020-04-12,114,87,201,36,28,64,63,76,139,91,70,161,85,63,148,72,50,122,81,72,153,109,102,211,85,90,175,40,54,94,776,692,1468
2020-04-13,119,94,213,40,31,71,71,82,153,95,77,172,89,66,155,76,54,130,87,76,163,114,109,223,92,98,190,45,60,105,828,747,1575
2020-04-14,131,98,229,42,32,74,78,88,166,102,79,181,93,71,164,85,59,144,91,83,174,122,114,236,99,102,201,49,64,113,892,790,1682
2020-04-15,138,101,239,47,37,84,79,94,173,108,86,194,98,82,180,89,67,156,97,85,182,131,116,247,108,110,218,54,67,121,949,845,1794
2020-04-16,145,103,248,51,42,93,86,97,183,117,97,214,108,91,199,96,74,170,101,95,196,137,120,257,113,115,228,54,71,125,1008,905,1913
2020-04-17,152,109,261,52,45,97,87,104,191,123,109,232,117,97,214,103,81,184,108,99,207,149,126,275,118,123,241,55,74,129,1064,967,2031
2020-04-18,158,116,274,55,46,101,96,106,202,137,115,252,124,102,226,109,84,193,110,101,211,153,136,289,124,131,255,58,78,136,1124,1015,2139
2020-04-19,163,122,285,59,47,106,100,108,208,141,118,259,127,106,233,114,92,206,114,107,221,159,144,303,127,138,265,60,79,139,1164,1061,2225
2020-04-20,173,127,300,67,55,122,111,112,223,154,125,279,133,112,245,122,95,217,125,115,240,173,155,328,136,146,282,65,94,159,1259,1136,2395
2020-04-21,182,135,317,72,58,130,123,115,238,161,134,295,135,116,251,126,102,228,130,121,251,184,167,351,144,156,300,67,104,171,1324,1208,2532
2020-04-22,190,140,330,76,63,139,129,122,251,171,137,308,147,122,269,129,108,237,138,124,262,192,181,373,152,167,319,74,111,185,1398,1275,2673
2020-04-23,202,149,351,81,68,149,134,131,265,180,146,326,155,127,282,132,117,249,145,128,273,201,189,390,163,176,339,81,121,202,1474,1352,2826
2020-04-24,212,158,370,86,72,158,142,138,280,192,156,348,160,133,293,139,125,264,153,137,290,211,199,410,173,192,365,84,124,208,1552,1434,2986
2020-04-25,220,160,380,90,73,163,144,143,287,199,164,363,164,136,300,144,129,273,159,142,301,218,202,420,182,208,390,89,129,218,1609,1486,3095
2020-04-26,225,174,399,95,79,174,146,147,293,202,166,368,172,141,313,146,132,278,165,148,313,223,209,432,189,215,404,90,132,222,1653,1543,3196
2020-04-27,236,183,419,99,83,182,151,152,303,205,175,380,176,149,325,154,139,293,173,155,328,242,215,457,200,228,428,93,138,231,1729,1617,3346
2020-04-28,248,190,438,103,88,191,162,161,323,215,184,399,183,158,341,160,147,307,178,162,340,245,227,472,206,242,448,95,142,237,1795,1701,3496
2020-04-29,260,198,458,108,91,199,173,167,340,231,194,425,193,164,357,168,153,321,182,170,352,254,232,486,209,257,466,100,152,252,1878,1778,3656
2020-04-30,273,206,479,117,93,210,181,170,351,236,198,434,204,171,375,175,163,338,192,180,372,260,241,501,218,273,491,108,160,268,1964,1855,3819
2020-05-01,274,216,490,123,98,221,182,175,357,245,208,453,213,178,391,181,166,347,203,185,388,267,249,516,226,284,510,108,163,271,2022,1922,3944
2020-05-02,279,229,508,128,104,232,188,177,365,255,213,468,218,183,401,189,167,356,206,187,393,274,251,525,232,296,528,109,166,275,2078,1973,4051
2020-05-03,285,233,518,130,106,236,194,182,376,263,218,481,222,188,410,196,169,365,213,194,407,278,259,537,240,304,544,112,171,283,2133,2024,4157
2020-05-04,299,249,548,135,108,243,201,192,393,271,224,495,226,194,420,204,172,376,220,206,426,293,271,564,247,322,569,115,175,290,2211,2113,4324
2020-05-05,306,255,561,142,109,251,209,200,409,282,234,516,231,204,435,213,177,390,230,212,442,307,276,583,253,336,589,116,184,300,2289,2187,4476
2020-05-06,316,264,580,145,109,254,219,206,425,296,244,540,247,211,458,217,182,399,239,217,456,324,288,612,260,347,607,120,190,310,2383,2258,4641
2020-05-07,330,271,601,150,114,264,231,210,441,308,253,561,260,219,479,222,188,410,246,222,468,339,293,632,266,359,625,121,198,319,2473,2327,4800
2020-05-08,342,282,624,156,118,274,242,217,459,317,265,582,276,229,505,235,193,428,251,231,482,352,301,653,277,372,649,123,210,333,2571,2418,4989
2020-05-09,357,291,648,159,118,277,246,228,474,322,271,593,283,236,519,239,196,435,258,238,496,363,303,666,282,382,664,128,218,346,2637,2481,5118
2020-05-10,364,298,662,160,119,279,253,235,488,327,278,605,285,239,524,243,202,445,265,242,507,372,313,685,287,392,679,129,225,354,2685,2543,5228
2020-05-11,376,311,687,166,123,289,259,240,499,338,289,627,293,251,544,251,207,458,276,247,523,383,323,706,298,408,706,133,238,371,2773,2637,5410
2020-05-12,389,319,708,172,131,303,279,255,534,359,294,653,301,261,562,257,211,468,285,253,538,388,335,723,308,421,729,138,250,388,2876,2730,5606
2020-05-13,409,328,737,181,140,321,296,262,558,371,311,682,315,266,581,264,220,484,291,260,551,397,341,738,315,435,750,140,259,399,2979,2822,5801
2020-05-14,427,348,775,190,145,335,307,279,586,389,325,714,325,274,599,269,229,498,300,271,571,406,350,756,324,447,771,142,274,416,3079,2942,6021
2020-05-15,444,362,806,198,150,348,313,288,601,400,335,735,335,289,624,279,235,514,310,280,590,412,356,768,334,467,801,147,284,431,3172,3046,6218
2020-05-16,450,376,826,205,154,359,317,296,613,408,348,756,341,295,636,285,243,528,314,285,599,422,361,783,340,471,811,152,297,449,3234,3126,6360
2020-05-17,461,388,849,208,159,367,326,301,627,414,355,769,349,305,654,288,245,533,320,292,612,428,365,793,350,480,830,156,304,460,3300,3194,6494
2020-05-18,477,404,881,215,168,383,346,319,665,433,368,801,359,318,677,300,253,553,330,304,634,445,379,824,366,493,859,158,315,473,3429,3321,6750
2020-05-19,493,418,911,226,178,404,371,339,710,462,387,849,382,327,709,312,266,578,343,314,657,454,397,851,377,512,889,161,324,485,3581,3462,7043
2020-05-20,515,448,963,233,189,422,392,356,748,496,402,898,398,341,739,320,277,597,359,325,684,465,407,872,389,529,918,167,330,497,3734,3604,7338
2020-05-21,537,475,1012,249,194,443,418,376,794,522,419,941,409,357,766,337,287,624,368,332,700,481,416,897,396,545,941,168,334,502,3885,3735,7620
2020-05-22,557,490,1047,260,205,465,442,399,841,540,442,982,424,368,792,348,293,641,373,341,714,489,424,913,403,557,960,174,348,522,4010,3867,7877
2020-05-23,567,503,1070,271,218,489,465,411,876,563,458,1021,432,376,808,355,300,655,384,352,736,498,435,933,411,562,973,177,350,527,4123,3965,8088
2020-05-24,579,514,1093,279,227,506,475,419,894,576,467,1043,441,378,819,361,304,665,394,356,750,508,442,950,416,572,988,179,356,535,4208,4035,8243
2020-05-25,602,533,1135,295,240,535,492,440,932,588,479,1067,453,388,841,366,311,677,398,361,759,521,444,965,424,587,1011,181,364,545,4320,4147,8467
2020-05-26,627,556,1183,313,256,569,523,469,992,629,496,1125,471,408,879,374,324,698,406,366,772,534,448,982,434,603,1037,184,374,558,4495,4300,8795
2020-05-27,657,580,1237,328,268,596,539,490,1029,651,510,1161,486,418,904,391,336,727,414,373,787,538,459,997,439,620,1059,188,376,564,4631,4430,9061
2020-05-28,680,612,1292,342,275,617,563,515,1078,670,529,1199,503,432,935,403,350,753,422,385,807,550,464,1014,452,635,1087,193,391,584,4778,4588,9366
2020-05-29,708,636,1344,364,292,656,598,541,1139,696,561,1257,527,448,975,417,364,781,434,394,828,565,473,1038,466,651,1117,195,395,590,4970,4755,9725
2020-05-30,730,654,1384,376,301,677,628,563,1191,729,571,1300,537,460,997,428,375,803,440,399,839,575,483,1058,474,662,1136,196,402,598,5113,4870,9983
2020-05-31,748,666,1414,385,309,694,643,572,1215,740,581,1321,548,464,1012,432,382,814,447,403,850,585,488,1073,479,670,1149,197,410,607,5204,4945,10149
2020-06-01,773,684,1457,398,323,721,666,604,1270,765,609,1374,562,481,1043,447,392,839,465,413,878,597,496,1093,485,680,1165,202,414,616,5360,5096,10456
2020-06-02,806,704,1510,416,340,756,693,627,1320,783,633,1416,580,496,1076,455,403,858,480,421,901,617,507,1124,490,693,1183,207,426,633,5527,5250,10777
2020-06-03,830,718,1548,429,364,793,715,651,1366,806,660,1466,591,515,1106,462,412,874,492,432,924,632,518,1150,502,709,1211,209,436,645,5668,5415,11083
2020-06-04,854,738,1592,444,382,826,742,674,1416,822,678,1500,604,527,1131,483,424,907,502,437,939,651,529,1180,512,723,1235,212,446,658,5826,5558,11384
2020-06-05,886,769,1655,455,396,851,775,693,1468,847,711,1558,630,547,1177,502,442,944,514,450,964,664,540,1204,523,743,1266,215,455,670,6011,5746,11757
2020-06-06,905,788,1693,466,405,871,792,708,1500,873,734,1607,641,557,1198,516,449,965,523,459,982,675,549,1224,532,759,1291,218,464,682,6141,5872,12013
2020-06-07,915,805,1720,478,415,893,809,718,1527,889,746,1635,654,564,1218,526,455,981,530,463,993,683,555,1238,542,771,1313,221,472,693,6247,5964,12211
2020-06-08,935,829,1764,493,431,924,837,742,1579,921,770,1691,685,580,1265,545,471,1016,543,472,1015,699,568,1267,552,788,1340,225,479,704,6435,6130,12565
2020-06-09,975,851,1826,510,453,963,855,768,1623,945,798,1743,714,598,1312,559,478,1037,556,477,1033,707,582,1289,564,814,1378,228,490,718,6613,6309,12922
2020-06-10,991,871,1862,520,468,988,890,785,1675,969,831,1800,737,616,1353,578,494,1072,570,489,1059,726,604,1330,570,833,1403,234,505,739,6785,6496,13281
2020-06-11,1017,901,1918,532,483,1015,914,810,1724,998,858,1856,748,632,1380,592,513,1105,581,506,1087,742,619,1361,576,856,1432,237,520,757,6937,6698,13635
2020-06-12,1046,937,1983,540,501,1041,958,836,1794,1039,897,1936,776,659,1435,607,528,1135,600,520,1120,757,632,1389,582,877,1459,241,529,770,7146,6916,14062
2020-06-13,1070,962,2032,556,516,1072,987,866,1853,1068,916,1984,784,675,1459,622,539,1161,609,524,1133,771,641,1412,588,892,1480,243,536,779,7298,7067,14365
2020-06-14,1087,985,2072,573,528,1101,1006,884,1890,1086,925,2011,797,686,1483,631,552,1183,618,528,1146,774,652,1426,601,912,1513,244,544,788,7417,7196,14613
2020-06-15,1108,1011,2119,594,543,1137,1032,909,1941,1105,943,2048,814,698,1512,644,561,1205,629,532,1161,784,659,1443,608,927,1535,245,554,799,7563,7337,14900
2020-06-16,1151,1058,2209,610,561,1171,1084,943,2027,1150,971,2121,843,721,1564,664,575,1239,644,544,1188,797,665,1462,620,949,1569,248,568,816,7811,7555,15366
2020-06-17,1179,1087,2266,627,579,1206,1131,974,2105,1180,1008,2188,876,741,1617,688,589,1277,659,555,1214,805,684,1489,636,963,1599,250,577,827,8031,7757,15788
2020-06-18,1216,1121,2337,639,590,1229,1176,1006,2182,1228,1051,2279,910,757,1667,714,607,1321,679,572,1251,816,700,1516,652,983,1635,252,589,841,8282,7976,16258
2020-06-19,1261,1144,2405,652,612,1264,1205,1033,2238,1282,1078,2360,946,787,1733,744,625,1369,701,585,1286,837,712,1549,668,1002,1670,259,602,861,8555,8180,16735
2020-06-20,1288,1169,2457,663,628,1291,1239,1056,2295,1315,1101,2416,967,810,1777,759,642,1401,716,598,1314,848,719,1567,675,1017,1692,263,608,871,8733,8348,17081
2020-06-21,1311,1183,2494,676,640,1316,1262,1080,2342,1335,1124,2459,983,818,1801,772,648,1420,723,608,1331,856,725,1581,680,1027,1707,264,615,879,8862,8468,17330
2020-06-22,1346,1215,2561,699,661,1360,1293,1115,2408,1373,1147,2520,1011,841,1852,791,675,1466,739,624,1363,875,740,1615,687,1047,1734,266,627,893,9080,8692,17772
2020-06-23,1385,1250,2635,719,685,1404,1335,1145,2480,1426,1184,2610,1041,870,1911,806,703,1509,755,643,1398,886,751,1637,698,1061,1759,269,633,902,9320,8925,18245
2020-06-24,1415,1280,2695,744,702,1446,1376,1187,2563,1461,1222,2683,1070,894,1964,825,725,1550,766,658,1424,896,763,1659,711,1075,1786,271,638,909,9535,9144,18679
2020-06-25,1450,1321,2771,770,733,1503,1409,1220,2629,1497,1249,2746,1109,925,2034,860,750,1610,775,669,1444,904,775,1679,719,1087,1806,276,644,920,9769,9373,19142
2020-06-26,1485,1344,2829,797,755,1552,1458,1251,2709,1535,1284,2819,1140,952,2092,876,769,1645,793,683,1476,916,789,1705,729,1106,1835,278,653,931,10007,9586,19593
2020-06-27,1526,1384,2910,823,787,1610,1492,1286,2778,1565,1313,2878,1165,969,2134,893,778,1671,809,688,1497,919,802,1721,734,1113,1847,282,659,941,10208,9779,19987
2020-06-28,1561,1402,2963,835,800,1635,1505,1313,2818,1593,1337,2930,1182,985,2167,908,791,1699,819,694,1513,927,810,1737,742,1123,1865,288,666,954,10360,9921,20281
2020-06-29,1596,1442,3038,862,828,1690,1540,1345,2885,1636,1364,3000,1205,1007,2212,922,818,1740,840,704,1544,939,825,1764,753,1135,1888,293,675,968,10586,10143,20729
2020-06-30,1618,1475,3093,872,848,1720,1585,1378,2963,1668,1402,3070,1233,1034,2267,946,836,1782,859,712,1571,957,834,1791,761,1152,1913,295,686,981,10794,10357,21151
2020-07-01,1647,1502,3149,884,871,1755,1637,1414,3051,1705,1432,3137,1256,1061,2317,968,863,1831,875,721,1596,968,844,1812,769,1171,1940,297,692,989,11006,10571,21577
2020-07-02,1688,1540,3228,903,894,1797,1674,1456,3130,1750,1472,3222,1289,1086,2375,985,883,1868,892,729,1621,976,856,1832,781,1183,1964,301,697,998,11239,10796,22035
2020-07-03,1729,1568,3297,931,910,1841,1711,1484,3195,1793,1517,3310,1314,1116,2430,1005,902,1907,909,742,1651,985,871,1856,790,1200,1990,305,701,1006,11472,11011,22483
2020-07-04,1754,1600,3354,947,926,1873,1741,1519,3260,1823,1539,3362,1340,1133,2473,1023,915,1938,919,750,1669,993,883,1876,795,1209,2004,308,707,1015,11643,11181,22824
2020-07-05,1774,1625,3399,965,937,1902,1767,1548,3315,1850,1567,3417,1350,1155,2505,1040,931,1971,936,764,1700,1008,895,1903,803,1222,2025,311,716,1027,11804,11360,23164
2020-07-06,1794,1653,3447,983,952,1935,1806,1585,3391,1896,1589,3485,1383,1179,2562,1066,953,2019,957,786,1743,1025,920,1945,813,1243,2056,314,725,1039,12037,11585,23622
2020-07-07,1828,1703,3531,999,974,1973,1859,1626,3485,1938,1622,3560,1409,1211,2620,1094,971,2065,974,803,1777,1037,932,1969,823,1263,2086,321,736,1057,12282,11841,24123
2020-07-08,1862,1724,3586,1028,998,2026,1909,1662,3571,1972,1657,3629,1448,1247,2695,1114,998,2112,990,820,1810,1053,953,2006,835,1278,2113,325,750,1075,12536,12087,24623
2020-07-09,1887,1742,3629,1042,1009,2051,1936,1689,3625,2005,1681,3686,1476,1271,2747,1127,1010,2137,997,836,1833,1062,975,2037,839,1292,2131,331,758,1089,12702,12263,24965
2020-07-10,1909,1759,3668,1062,1029,2091,1962,1713,3675,2036,1706,3742,1495,1292,2787,1141,1023,2164,1014,851,1865,1078,987,2065,851,1306,2157,333,769,1102,12881,12435,25316
2020-07-11,1931,1788,3719,1079,1039,2118,1982,1735,3717,2057,1734,3791,1514,1316,2830,1158,1041,2199,1031,861,1892,1091,1005,2096,855,1323,2178,335,779,1114,13033,12621,25654
2020-07-12,1950,1804,3754,1095,1046,2141,2000,1752,3752,2079,1745,3824,1529,1325,2854,1165,1051,2216,1041,871,1912,1101,1010,2111,861,1334,2195,339,786,1125,13160,12724,25884
2020-07-13,1975,1836,3811,1114,1069,2183,2043,1785,3828,2115,1782,3897,1563,1357,2920,1191,1084,2275,1072,895,1967,1119,1043,2162,874,1380,2254,341,811,1152,13407,13042,26449
2020-07-14,2005,1866,3871,1141,1084,2225,2077,1809,3886,2173,1817,3990,1597,1385,2982,1218,1099,2317,1094,919,2013,1136,1069,2205,880,1398,2278,348,825,1173,13669,13271,26940
2020-07-15,2033,1896,3929,1172,1105,2277,2112,1862,3974,2226,1865,4091,1632,1426,3058,1244,1129,2373,1116,942,2058,1146,1085,2231,894,1414,2308,356,830,1186,13931,13554,27485
2020-07-16,2072,1916,3988,1190,1136,2326,2156,1911,4067,2275,1898,4173,1667,1463,3130,1271,1161,2432,1132,956,2088,1161,1102,2263,913,1444,2357,358,848,1206,14195,13835,28030
2020-07-17,2106,1946,4052,1214,1151,2365,2185,1950,4135,2313,1946,4259,1703,1505,3208,1300,1197,2497,1156,983,2139,1179,1117,2296,929,1465,2394,362,858,1220,14447,14118,28565
2020-07-18,2129,1969,4098,1229,1164,2393,2222,1982,4204,2346,1986,4332,1730,1533,3263,1325,1218,2543,1180,1001,2181,1188,1126,2314,943,1486,2429,364,863,1227,14656,14328,28984
2020-07-19,2157,1995,4152,1240,1180,2420,2247,2006,4253,2369,2012,4381,1752,1554,3306,1347,1241,2588,1194,1011,2205,1201,1134,2335,953,1502,2455,367,869,1236,14827,14504,29331
2020-07-20,2198,2033,4231,1275,1208,2483,2301,2051,4352,2422,2070,4492,1794,1610,3404,1378,1279,2657,1219,1045,2264,1220,1155,2375,973,1524,2497,370,880,1250,15150,14855,30005
2020-07-21,2235,2064,4299,1300,1229,2529,2344,2090,4434,2482,2110,4592,1834,1647,3481,1410,1309,2719,1245,1070,2315,1239,1179,2418,987,1548,2535,375,891,1266,15451,15137,30588
2020-07-22,2290,2097,4387,1322,1251,2573,2405,2138,4543,2536,2166,4702,1884,1687,3571,1437,1336,2773,1261,1093,2354,1261,1196,2457,1002,1577,2579,376,900,1276,15774,15441,31215
2020-07-23,2333,2133,4466,1347,1268,2615,2457,2185,4642,2586,2216,4802,1917,1716,3633,1467,1358,2825,1279,1114,2393,1278,1217,2495,1010,1596,2606,382,911,1293,16056,15714,31770
2020-07-24,2361,2166,4527,1366,1289,2655,2511,2233,4744,2635,2279,4914,1952,1748,3700,1499,1379,2878,1309,1128,2437,1289,1236,2525,1021,1622,2643,385,925,1310,16328,16005,32333
2020-07-25,2389,2191,4580,1391,1302,2693,2548,2272,4820,2674,2321,4995,1983,1774,3757,1511,1387,2898,1323,1143,2466,1301,1248,2549,1030,1640,2670,390,929,1319,16540,16207,32747
2020-07-26,2414,2216,4630,1405,1316,2721,2569,2291,4860,2699,2346,5045,2011,1786,3797,1530,1402,2932,1333,1151,2484,1316,1257,2573,1036,1656,2692,396,935,1331,16709,16356,33065
2020-07-27,2441,2249,4690,1430,1340,2770,2619,2328,4947,2746,2388,5134,2058,1830,3888,1559,1441,3000,1358,1175,2533,1333,1277,2610,1053,1677,2730,401,954,1355,16998,16659,33657
2020-07-28,2476,2278,4754,1452,1359,2811,2680,2391,5071,2803,2431,5234,2097,1871,3968,1596,1479,3075,1388,1204,2592,1348,1304,2652,1063,1698,2761,406,973,1379,17309,16988,34297
2020-07-29,2510,2314,4824,1474,1387,2861,2742,2440,5182,2856,2482,5338,2147,1915,4062,1629,1521,3150,1409,1233,2642,1371,1325,2696,1080,1726,2806,411,997,1408,17629,17340,34969
2020-07-30,2552,2346,4898,1507,1420,2927,2825,2505,5330,2921,2535,5456,2199,1952,4151,1669,1560,3229,1432,1264,2696,1385,1343,2728,1088,1745,2833,412,1003,1415,17990,17673,35663
2020-07-31,2584,2388,4972,1526,1445,2971,2874,2568,5442,2993,2594,5587,2247,1991,4238,1707,1590,3297,1454,1295,2749,1406,1368,2774,1097,1773,2870,418,1021,1439,18306,18033,36339
2020-08-01,2610,2407,5017,1538,1466,3004,2903,2604,5507,3026,2632,5658,2273,2028,4301,1735,1615,3350,1475,1303,2778,1425,1384,2809,1108,1795,2903,419,1032,1451,18512,18266,36778
2020-08-02,2640,2431,5071,1553,1484,3037,2933,2623,5556,3055,2666,5721,2294,2060,4354,1754,1639,3393,1486,1322,2808,1431,1402,2833,1120,1808,2928,421,1039,1460,18687,18474,37161
2020-08-03,2679,2477,5156,1579,1510,3089,2980,2675,5655,3110,2707,5817,2328,2100,4428,1783,1668,3451,1515,1343,2858,1442,1423,2865,1133,1839,2972,425,1053,1478,18974,18795,37769
2020-08-04,2721,2508,5229,1610,1542,3152,3046,2713,5759,3172,2761,5933,2383,2140,4523,1820,1699,3519,1542,1361,2903,1459,1442,2901,1150,1870,3020,430,1069,1499,19333,19105,38438
2020-08-05,2762,2545,5307,1645,1565,3210,3103,2751,5854,3215,2815,6030,2419,2178,4597,1856,1742,3598,1571,1387,2958,1480,1461,2941,1167,1891,3058,433,1077,1510,19651,19412,39063
2020-08-06,2801,2570,5371,1665,1600,3265,3159,2805,5964,3265,2875,6140,2472,2226,4698,1888,1781,3669,1597,1406,3003,1498,1479,2977,1183,1915,3098,438,1089,1527,19966,19746,39712
2020-08-07,2851,2604,5455,1692,1626,3318,3215,2856,6071,3325,2921,6246,2512,2282,4794,1927,1803,3730,1617,1430,3047,1517,1507,3024,1197,1950,3147,443,1113,1556,20296,20092,40388
2020-08-08,2881,2632,5513,1711,1645,3356,3245,2892,6137,3379,2970,6349,2541,2319,4860,1958,1833,3791,1637,1449,3086,1530,1532,3062,1208,1970,3178,444,1134,1578,20534,20376,40910
2020-08-09,2906,2659,5565,1724,1656,3380,3272,2924,6196,3417,3000,6417,2564,2356,4920,1984,1863,3847,1657,1465,3122,1543,1554,3097,1224,2010,3234,448,1153,1601,20739,20640,41379
2020-08-10,2948,2692,5640,1751,1684,3435,3339,2978,6317,3483,3040,6523,2614,2408,5022,2019,1896,3915,1675,1480,3155,1558,1580,3138,1239,2030,3269,452,1164,1616,21078,20952,42030
2020-08-11,2985,2727,5712,1789,1705,3494,3401,3033,6434,3560,3096,6656,2669,2458,5127,2057,1936,3993,1703,1501,3204,1580,1611,3191,1254,2058,3312,458,1176,1634,21456,21301,42757
2020-08-12,3017,2764,5781,1824,1728,3552,3454,3098,6552,3605,3176,6781,2725,2512,5237,2092,1973,4065,1729,1525,3254,1595,1635,3230,1266,2079,3345,463,1192,1655,21770,21682,43452
2020-08-13,3040,2796,5836,1860,1753,3613,3526,3165,6691,3685,3259,6944,2775,2561,5336,2139,2014,4153,1750,1554,3304,1621,1652,3273,1276,2104,3380,467,1207,1674,22139,22065,44204
2020-08-14,3065,2822,5887,1880,1772,3652,3606,3237,6843,3747,3321,7068,2838,2601,5439,2179,2059,4238,1781,1581,3362,1642,1683,3325,1289,2125,3414,470,1219,1689,22497,22420,44917
2020-08-15,3103,2846,5949,1911,1790,3701,3642,3285,6927,3798,3375,7173,2864,2646,5510,2208,2088,4296,1807,1600,3407,1657,1712,3369,1298,2168,3466,474,1235,1709,22762,22745,45507
2020-08-16,3135,2862,5997,1925,1799,3724,3684,3323,7007,3832,3410,7242,2883,2676,5559,2230,2108,4338,1818,1622,3440,1673,1725,3398,1307,2199,3506,478,1257,1735,22965,22981,45946
2020-08-17,3158,2878,6036,1948,1820,3768,3733,3365,7098,3879,3465,7344,2924,2715,5639,2263,2150,4413,1833,1658,3491,1685,1739,3424,1318,2217,3535,478,1272,1750,23219,23279,46498
2020-08-18,3199,2913,6112,1977,1832,3809,3789,3418,7207,3952,3527,7479,2968,2756,5724,2290,2199,4489,1853,1690,3543,1708,1766,3474,1327,2235,3562,478,1289,1767,23541,23625,47166
2020-08-19,3243,2949,6192,2001,1859,3860,3836,3481,7317,4016,3589,7605,3004,2803,5807,2329,2230,4559,1871,1718,3589,1726,1793,3519,1339,2271,3610,482,1306,1788,23847,23999,47846
2020-08-20,3268,2975,6243,2025,1879,3904,3897,3537,7434,4064,3643,7707,3032,2850,5882,2364,2261,4625,1895,1749,3644,1738,1813,3551,1354,2293,3647,485,1319,1804,24122,24319,48441
2020-08-21,3295,3014,6309,2056,1903,3959,3942,3585,7527,4125,3705,7830,3082,2897,5979,2402,2309,4711,1927,1779,3706,1760,1849,3609,1368,2328,3696,490,1329,1819,24447,24698,49145
2020-08-22,3309,3031,6340,2082,1922,4004,3978,3619,7597,4162,3754,7916,3120,2929,6049,2423,2331,4754,1948,1800,3748,1773,1869,3642,1376,2342,3718,493,1343,1836,24664,24940,49604
2020-08-23,3331,3060,6391,2095,1936,4031,4005,3643,7648,4196,3790,7986,3147,2950,6097,2447,2357,4804,1966,1820,3786,1782,1891,3673,1387,2349,3736,498,1347,1845,24854,25143,49997
2020-08-24,3373,3104,6477,2120,1959,4079,4054,3703,7757,4257,3843,8100,3188,3001,6189,2493,2391,4884,1988,1854,3842,1801,1915,3716,1403,2371,3774,504,1366,1870,25181,25507,50688
2020-08-25,3399,3133,6532,2150,1978,4128,4109,3773,7882,4318,3918,8236,3228,3042,6270,2525,2431,4956,2009,1882,3891,1813,1933,3746,1420,2400,3820,510,1383,1893,25481,25873,51354
2020-08-26,3443,3153,6596,2176,2006,4182,4180,3836,8016,4377,3976,8353,3272,3096,6368,2564,2467,5031,2038,1904,3942,1835,1960,3795,1437,2429,3866,513,1398,1911,25835,26225,52060
2020-08-27,3479,3181,6660,2214,2037,4251,4252,3901,8153,4446,4038,8484,3330,3150,6480,2607,2505,5112,2058,1935,3993,1859,1985,3844,1454,2457,3911,518,1422,1940,26217,26611,52828
2020-08-28,3513,3216,6729,2258,2059,4317,4329,3983,8312,4510,4107,8617,3390,3211,6601,2652,2561,5213,2082,1972,4054,1885,2011,3896,1465,2477,3942,524,1432,1956,26608,27029,53637
2020-08-29,3542,3232,6774,2270,2072,4342,4388,4033,8421,4554,4171,8725,3435,3252,6687,2681,2588,5269,2109,1991,4100,1902,2029,3931,1473,2501,3974,527,1448,1975,26881,27317,54198
2020-08-30,3566,3259,6825,2290,2088,4378,4429,4066,8495,4600,4206,8806,3473,3290,6763,2709,2611,5320,2123,2010,4133,1913,2046,3959,1481,2512,3993,530,1453,1983,27114,27541,54655
2020-08-31,3603,3283,6886,2320,2114,4434,4491,4118,8609,4653,4269,8922,3526,3341,6867,2738,2648,5386,2150,2046,4196,1940,2072,4012,1501,2551,4052,532,1468,2000,27454,27910,55364
2020-09-01,3643,3317,6960,2341,2155,4496,4553,4181,8734,4740,4339,9079,3586,3379,6965,2773,2700,5473,2168,2071,4239,1955,2096,4051,1516,2592,4108,539,1483,2022,27814,28313,56127
2020-09-02,3674,3340,7014,2364,2171,4535,4599,4244,8843,4787,4409,9196,3633,3418,7051,2812,2734,5546,2186,2095,4281,1982,2120,4102,1533,2618,4151,542,1513,2055,28112,28662,56774
2020-09-03,3705,3370,7075,2396,2194,4590,4672,4315,8987,4875,4487,9362,3690,3470,7160,2855,2768,5623,2210,2127,4337,2000,2145,4145,1545,2646,4191,546,1522,2068,28494,29044,57538
2020-09-04,3739,3405,7144,2424,2218,4642,4728,4376,9104,4941,4555,9496,3751,3536,7287,2885,2806,5691,2243,2170,4413,2026,2169,4195,1559,2673,4232,549,1538,2087,28845,29446,58291
2020-09-05,3762,3427,7189,2440,2232,4672,4777,4420,9197,4990,4617,9607,3790,3586,7376,2909,2838,5747,2271,2198,4469,2043,2186,4229,1574,2692,4266,552,1545,2097,29108,29741,58849
2020-09-06,3782,3449,7231,2454,2249,4703,4801,4458,9259,5027,4647,9674,3820,3612,7432,2925,2864,5789,2287,2220,4507,2053,2207,4260,1586,2707,4293,554,1555,2109,29289,29968,59257
2020-09-07,3810,3479,7289,2476,2276,4752,4871,4530,9401,5100,4712,9812,3868,3669,7537,2959,2919,5878,2325,2250,4575,2068,2231,4299,1600,2737,4337,561,1569,2130,29638,30372,60010
2020-09-08,3843,3506,7349,2503,2303,4806,4932,4588,9520,5175,4782,9957,3920,3718,7638,3007,2968,5975,2356,2285,4641,2096,2257,4353,1618,2764,4382,568,1590,2158,30018,30761,60779
2020-09-09,3879,3532,7411,2523,2330,4853,4997,4649,9646,5235,4836,10071,3974,3763,7737,3043,3010,6053,2389,2323,4712,2116,2287,4403,1633,2800,4433,569,1609,2178,30358,31139,61497
2020-09-10,3905,3550,7455,2556,2354,4910,5077,4721,9798,5308,4918,10226,4042,3817,7859,3080,3053,6133,2416,2351,4767,2139,2310,4449,1644,2834,4478,570,1626,2196,30737,31534,62271
2020-09-11,3933,3580,7513,2591,2378,4969,5138,4773,9911,5369,4995,10364,4094,3874,7968,3123,3111,6234,2450,2380,4830,2164,2337,4501,1662,2859,4521,573,1636,2209,31097,31923,63020
2020-09-12,3958,3599,7557,2610,2399,5009,5176,4811,9987,5402,5044,10446,4120,3909,8029,3152,3148,6300,2475,2405,4880,2184,2360,4544,1675,2890,4565,575,1650,2225,31327,32215,63542
2020-09-13,3988,3623,7611,2622,2410,5032,5211,4855,10066,5438,5098,10536,4142,3932,8074,3179,3172,6351,2501,2430,4931,2196,2371,4567,1680,2904,4584,580,1659,2239,31537,32454,63991
2020-09-14,4021,3653,7674,2647,2436,5083,5274,4937,10211,5498,5167,10665,4187,3985,8172,3232,3220,6452,2540,2467,5007,2224,2399,4623,1698,2921,4619,582,1669,2251,31903,32854,64757
2020-09-15,4057,3680,7737,2668,2453,5121,5334,4978,10312,5559,5247,10806,4234,4028,8262,3262,3260,6522,2570,2501,5071,2246,2430,4676,1713,2949,4662,583,1681,2264,32226,33207,65433
2020-09-16,4097,3717,7814,2708,2488,5196,5405,5057,10462,5624,5327,10951,4289,4081,8370,3301,3305,6606,2601,2535,5136,2272,2449,4721,1728,2979,4707,586,1692,2278,32611,33630,66241
2020-09-17,4128,3742,7870,2735,2529,5264,5461,5114,10575,5680,5386,11066,4344,4147,8491,3351,3358,6709,2642,2569,5211,2299,2476,4775,1743,2997,4740,589,1696,2285,32972,34014,66986
2020-09-18,4167,3785,7952,2757,2561,5318,5517,5177,10694,5761,5468,11229,4389,4201,8590,3388,3402,6790,2668,2613,5281,2330,2502,4832,1757,3021,4778,592,1708,2300,33326,34438,67764
2020-09-19,4181,3819,8000,2767,2586,5353,5549,5207,10756,5797,5515,11312,4416,4224,8640,3410,3423,6833,2696,2636,5332,2349,2523,4872,1771,3039,4810,595,1715,2310,33531,34687,68218
2020-09-20,4203,3846,8049,2793,2607,5400,5579,5244,10823,5835,5547,11382,4442,4250,8692,3427,3449,6876,2708,2655,5363,2369,2540,4909,1775,3057,4832,598,1723,2321,33729,34918,68647
2020-09-21,4235,3879,8114,2819,2641,5460,5636,5293,10929,5894,5618,11512,4487,4302,8789,3463,3477,6940,2735,2687,5422,2394,2567,4961,1785,3073,4858,599,1733,2332,34047,35270,69317
2020-09-22,4276,3915,8191,2856,2678,5534,5692,5361,11053,5956,5683,11639,4542,4338,8880,3508,3526,7034,2770,2713,5483,2422,2597,5019,1795,3106,4901,602,1746,2348,34419,35663,70082
2020-09-23,4316,3948,8264,2877,2700,5577,5736,5427,11163,6010,5749,11759,4587,4385,8972,3541,3568,7109,2802,2746,5548,2442,2629,5071,1806,3130,4936,604,1758,2362,34721,36040,70761
2020-09-24,4359,3988,8347,2911,2733,5644,5804,5483,11287,6089,5820,11909,4637,4432,9069,3577,3603,7180,2814,2797,5611,2461,2658,5119,1829,3155,4984,611,1780,2391,35092,36449,71541
2020-09-25,4393,4012,8405,2939,2752,5691,5860,5545,11405,6150,5877,12027,4690,4479,9169,3613,3640,7253,2844,2835,5679,2486,2682,5168,1848,3179,5027,611,1790,2401,35434,36791,72225
2020-09-26,4416,4031,8447,2963,2768,5731,5900,5579,11479,6195,5916,12111,4724,4513,9237,3638,3675,7313,2866,2857,5723,2503,2698,5201,1858,3197,5055,617,1799,2416,35680,37033,72713
2020-09-27,4438,4056,8494,2979,2791,5770,5941,5625,11566,6225,5950,12175,4759,4540,9299,3665,3697,7362,2886,2876,5762,2510,2715,5225,1866,3210,5076,620,1806,2426,35889,37266,73155
2020-09-28,4469,4082,8551,3007,2816,5823,5993,5674,11667,6285,6012,12297,4818,4579,9397,3715,3747,7462,2930,2901,5831,2529,2742,5271,1883,3236,5119,624,1826,2450,36253,37615,73868
2020-09-29,4513,4114,8627,3039,2855,5894,6071,5728,11799,6367,6089,12456,4878,4631,9509,3753,3787,7540,2968,2944,5912,2560,2788,5348,1905,3274,5179,627,1850,2477,36681,38060,74741
2020-09-30,4552,4144,8696,3068,2887,5955,6137,5796,11933,6430,6151,12581,4927,4671,9598,3796,3836,7632,3006,2987,5993,2587,2817,5404,1914,3298,5212,632,1859,2491,37049,38446,75495
2020-10-01,4592,4185,8777,3095,2941,6036,6203,5873,12076,6507,6228,12735,4968,4731,9699,3838,3876,7714,3047,3021,6068,2614,2864,5478,1928,3316,5244,635,1870,2505,37427,38905,76332
2020-10-02,4643,4234,8877,3125,2971,6096,6266,5953,12219,6565,6300,12865,5012,4790,9802,3885,3912,7797,3087,3062,6149,2640,2902,5542,1940,3350,5290,639,1887,2526,37802,39361,77163
2020-10-03,4664,4259,8923,3146,2998,6144,6312,5998,12310,6609,6344,12953,5047,4824,9871,3921,3939,7860,3104,3086,6190,2659,2921,5580,1947,3370,5317,642,1894,2536,38051,39633,77684
2020-10-04,4692,4287,8979,3166,3021,6187,6353,6038,12391,6640,6373,13013,5084,4860,9944,3942,3960,7902,3123,3106,6229,2670,2936,5606,1958,3396,5354,645,1897,2542,38273,39874,78147
2020-10-05,4714,4322,9036,3191,3047,6238,6407,6093,12500,6721,6442,13163,5157,4908,10065,3992,4006,7998,3175,3140,6315,2700,2980,5680,1977,3423,5400,648,1904,2552,38682,40265,78947
2020-10-06,4745,4367,9112,3224,3075,6299,6471,6148,12619,6792,6501,13293,5229,4952,10181,4042,4049,8091,3206,3178,6384,2730,3014,5744,1995,3450,5445,654,1915,2569,39088,40649,79737
2020-10-07,4786,4394,9180,3245,3098,6343,6535,6216,12751,6871,6575,13446,5281,5011,10292,4080,4105,8185,3243,3221,6464,2760,3045,5805,2013,3479,5492,662,1922,2584,39476,41066,80542
2020-10-08,4828,4427,9255,3278,3124,6402,6597,6282,12879,6934,6639,13573,5332,5070,10402,4122,4158,8280,3274,3254,6528,2783,3080,5863,2029,3500,5529,667,1939,2606,39844,41473,81317
2020-10-09,4858,4467,9325,3328,3167,6495,6646,6359,13005,7014,6731,13745,5386,5131,10517,4164,4213,8377,3313,3298,6611,2804,3116,5920,2042,3527,5569,671,1954,2625,40226,41963,82189
2020-10-10,4882,4493,9375,3359,3189,6548,6705,6410,13115,7069,6789,13858,5425,5175,10600,4196,4258,8454,3347,3329,6676,2818,3140,5958,2059,3547,5606,680,1968,2648,40540,42298,82838
2020-10-11,4909,4518,9427,3378,3206,6584,6747,6467,13214,7121,6849,13970,5474,5212,10686,4226,4284,8510,3381,3365,6746,2838,3165,6003,2075,3570,5645,681,1978,2659,40830,42614,83444
2020-10-12,4931,4546,9477,3417,3235,6652,6818,6548,13366,7188,6923,14111,5527,5276,10803,4275,4352,8627,3432,3404,6836,2876,3210,6086,2098,3609,5707,683,1994,2677,41245,43097,84342
2020-10-13,4979,4588,9567,3470,3271,6741,6921,6651,13572,7288,7040,14328,5594,5358,10952,4350,4433,8783,3484,3456,6940,2915,3258,6173,2126,3657,5783,692,2018,2710,41819,43730,85549
2020-10-14,5026,4627,9653,3505,3318,6823,7011,6759,13770,7383,7150,14533,5657,5442,11099,4408,4497,8905,3532,3506,7038,2961,3311,6272,2149,3690,5839,692,2039,2731,42324,44339,86663
2020-10-15,5070,4666,9736,3552,3366,6918,7111,6867,13978,7506,7276,14782,5747,5545,11292,4484,4574,9058,3594,3568,7162,2993,3366,6359,2167,3723,5890,701,2055,2756,42925,45006,87931
2020-10-16,5127,4704,9831,3597,3423,7020,7243,7008,14251,7634,7381,15015,5850,5642,11492,4556,4659,9215,3648,3630,7278,3030,3421,6451,2191,3770,5961,704,2087,2791,43580,45725,89305
2020-10-17,5149,4729,9878,3626,3457,7083,7327,7072,14399,7721,7473,15194,5923,5722,11645,4595,4706,9301,3684,3680,7364,3069,3462,6531,2204,3803,6007,708,2101,2809,44006,46205,90211
2020-10-18,5172,4755,9927,3648,3482,7130,7363,7118,14481,7770,7542,15312,5956,5767,11723,4635,4738,9373,3713,3705,7418,3089,3494,6583,2214,3839,6053,709,2115,2824,44269,46555,90824
2020-10-19,5239,4802,10041,3694,3535,7229,7477,7254,14731,7887,7683,15570,6079,5891,11970,4717,4823,9540,3794,3775,7569,3140,3556,6696,2238,3880,6118,712,2132,2844,44977,47331,92308
2020-10-20,5291,4858,10149,3748,3588,7336,7608,7379,14987,7996,7803,15799,6176,6006,12182,4798,4910,9708,3859,3833,7692,3176,3608,6784,2272,3925,6197,713,2157,2870,45637,48067,93704
2020-10-21,5329,4890,10219,3813,3631,7444,7697,7499,15196,8094,7901,15995,6256,6088,12344,4867,4967,9834,3912,3874,7786,3207,3648,6855,2291,3962,6253,716,2172,2888,46182,48632,94814
2020-10-22,5366,4921,10287,3871,3693,7564,7780,7594,15374,8175,7992,16167,6332,6183,12515,4924,5039,9963,3948,3923,7871,3236,3683,6919,2313,3998,6311,723,2191,2914,46668,49217,95885
2020-10-23,5398,4950,10348,3912,3723,7635,7852,7680,15532,8245,8078,16323,6390,6258,12648,4972,5088,10060,3991,3974,7965,3275,3722,6997,2338,4017,6355,727,2215,2942,47100,49705,96805
2020-10-24,5417,4973,10390,3930,3753,7683,7913,7718,15631,8292,8135,16427,6436,6299,12735,5006,5119,10125,4010,4002,8012,3301,3747,7048,2347,4040,6387,732,2228,2960,47384,50014,97398
2020-10-25,5451,5000,10451,3948,3780,7728,7973,7776,15749,8345,8219,16564,6483,6342,12825,5045,5169,10214,4041,4034,8075,3324,3777,7101,2355,4058,6413,736,2232,2968,47701,50387,98088
2020-10-26,5492,5034,10526,4007,3815,7822,8051,7870,15921,8442,8321,16763,6553,6433,12986,5103,5244,10347,4082,4086,8168,3361,3823,7184,2371,4101,6472,742,2252,2994,48204,50979,99183
2020-10-27,5532,5071,10603,4047,3850,7897,8152,7977,16129,8540,8406,16946,6643,6510,13153,5170,5326,10496,4143,4166,8309,3402,3875,7277,2388,4130,6518,745,2260,3005,48762,51571,100333
2020-10-28,5571,5108,10679,4083,3880,7963,8220,8081,16301,8633,8502,17135,6699,6590,13289,5232,5396,10628,4198,4209,8407,3434,3912,7346,2400,4162,6562,749,2274,3023,49219,52114,101333
2020-10-29,5605,5139,10744,4116,3917,8033,8330,8170,16500,8746,8603,17349,6768,6671,13439,5277,5454,10731,4249,4262,8511,3461,3943,7404,2416,4191,6607,752,2282,3034,49720,52632,102352
2020-10-30,5641,5164,10805,4145,3955,8100,8407,8284,16691,8832,8694,17526,6839,6742,13581,5321,5507,10828,4292,4316,8608,3486,3974,7460,2435,4222,6657,758,2299,3057,50156,53157,103313
2020-10-31,5667,5184,10851,4165,3976,8141,8451,8335,16786,8877,8761,17638,6877,6795,13672,5356,5537,10893,4321,4356,8677,3507,3998,7505,2443,4237,6680,761,2303,3064,50425,53482,103907
2020-11-01,5703,5211,10914,4194,4017,8211,8508,8399,16907,8936,8833,17769,6937,6843,13780,5397,5590,10987,4353,4398,8751,3534,4025,7559,2452,4257,6709,764,2309,3073,50778,53882,104660
2020-11-02,5740,5253,10993,4235,4063,8298,8595,8496,17091,9040,8926,17966,7004,6923,13927,5459,5648,11107,4411,4455,8866,3568,4060,7628,2469,4281,6750,766,2322,3088,51287,54427,105714
2020-11-03,5771,5281,11052,4258,4088,8346,8668,8582,17250,9118,8998,18116,7059,6964,14023,5505,5698,11203,4451,4493,8944,3601,4087,7688,2487,4316,6803,769,2335,3104,51687,54842,106529
2020-11-04,5808,5322,11130,4296,4131,8427,8773,8691,17464,9206,9099,18305,7154,7063,14217,5572,5769,11341,4514,4548,9062,3641,4124,7765,2509,4357,6866,780,2350,3130,52253,55454,107707
2020-11-05,5850,5363,11213,4353,4182,8535,8898,8801,17699,9326,9213,18539,7250,7153,14403,5649,5861,11510,4556,4600,9156,3676,4162,7838,2528,4386,6914,782,2365,3147,52868,56086,108954
2020-11-06,5876,5394,11270,4379,4221,8600,8964,8876,17840,9390,9287,18677,7292,7196,14488,5698,5914,11612,4593,4646,9239,3706,4202,7908,2543,4415,6958,786,2374,3160,53227,56525,109752
2020-11-07,5906,5423,11329,4406,4249,8655,9016,8946,17962,9440,9361,18801,7338,7248,14586,5741,5963,11704,4635,4688,9323,3732,4232,7964,2564,4435,6999,793,2379,3172,53571,56924,110495
2020-11-08,5939,5465,11404,4440,4287,8727,9080,9005,18085,9498,9438,18936,7389,7308,14697,5774,6005,11779,4676,4727,9403,3759,4260,8019,2574,4451,7025,797,2383,3180,53926,57329,111255
2020-11-09,5988,5515,11503,4504,4325,8829,9163,9105,18268,9594,9564,19158,7462,7389,14851,5848,6075,11923,4730,4790,9520,3784,4297,8081,2598,4489,7087,801,2393,3194,54472,57942,112414
2020-11-10,6023,5543,11566,4540,4357,8897,9244,9177,18421,9686,9657,19343,7519,7446,14965,5896,6128,12024,4792,4833,9625,3815,4332,8147,2620,4517,7137,805,2404,3209,54940,58394,113334
2020-11-11,6066,5577,11643,4570,4397,8967,9331,9268,18599,9776,9747,19523,7592,7517,15109,5948,6196,12144,4838,4875,9713,3850,4366,8216,2640,4553,7193,809,2423,3232,55420,58919,114339
2020-11-12,6114,5608,11722,4611,4436,9047,9410,9370,18780,9881,9849,19730,7673,7594,15267,6015,6248,12263,4877,4944,9821,3887,4410,8297,2661,4589,7250,812,2434,3246,55941,59482,115423
2020-11-13,6157,5636,11793,4660,4470,9130,9495,9476,18971,9954,9936,19890,7745,7667,15412,6069,6306,12375,4933,5005,9938,3924,4448,8372,2682,4623,7305,816,2448,3264,56435,60015,116450
2020-11-14,6205,5671,11876,4688,4496,9184,9550,9538,19088,10022,10010,20032,7786,7727,15513,6105,6347,12452,4981,5030,10011,3950,4482,8432,2690,4646,7336,820,2452,3272,56797,60399,117196
2020-11-15,6244,5707,11951,4719,4516,9235,9615,9620,19235,10104,10069,20173,7844,7788,15632,6151,6403,12554,5024,5073,10097,3974,4512,8486,2699,4670,7369,821,2466,3287,57195,60824,118019
2020-11-16,6284,5753,12037,4763,4551,9314,9688,9696,19384,10179,10154,20333,7922,7857,15779,6186,6457,12643,5067,5124,10191,4007,4550,8557,2714,4698,7412,826,2487,3313,57636,61327,118963
2020-11-17,6323,5798,12121,4806,4590,9396,9787,9797,19584,10291,10266,20557,8002,7940,15942,6241,6516,12757,5132,5197,10329,4051,4602,8653,2721,4735,7456,828,2496,3324,58182,61937,120119
2020-11-18,6363,5839,12202,4861,4635,9496,9884,9893,19777,10412,10374,20786,8078,8010,16088,6299,6573,12872,5178,5240,10418,4092,4648,8740,2737,4777,7514,832,2505,3337,58736,62494,121230
2020-11-19,6402,5868,12270,4921,4679,9600,9975,9997,19972,10511,10491,21002,8140,8086,16226,6360,6645,13005,5233,5298,10531,4129,4683,8812,2755,4813,7568,835,2516,3351,59261,63076,122337
2020-11-20,6442,5905,12347,4958,4720,9678,10061,10091,20152,10604,10588,21192,8196,8149,16345,6415,6701,13116,5283,5347,10630,4159,4712,8871,2774,4841,7615,840,2525,3365,59732,63579,123311
2020-11-21,6477,5934,12411,4987,4747,9734,10116,10155,20271,10663,10649,21312,8244,8201,16445,6452,6744,13196,5319,5379,10698,4182,4733,8915,2783,4853,7636,843,2534,3377,60066,63929,123995
2020-11-22,6505,5960,12465,5012,4771,9783,10174,10211,20385,10708,10712,21420,8297,8249,16546,6477,6768,13245,5342,5424,10766,4204,4748,8952,2792,4874,7666,844,2542,3386,60355,64259,124614
2020-11-23,6552,5996,12548,5042,4802,9844,10242,10281,20523,10779,10784,21563,8359,8298,16657,6521,6814,13335,5382,5466,10848,4224,4776,9000,2810,4902,7712,850,2555,3405,60761,64674,125435
2020-11-24,6592,6040,12632,5089,4843,9932,10330,10370,20700,10886,10873,21759,8434,8363,16797,6576,6873,13449,5435,5513,10948,4256,4818,9074,2835,4936,7771,853,2561,3414,61286,65190,126476
2020-11-25,6644,6088,12732,5139,4884,10023,10429,10454,20883,10987,10972,21959,8505,8427,16932,6629,6921,13550,5484,5559,11043,4280,4849,9129,2853,4961,7814,858,2570,3428,61808,65685,127493
2020-11-26,6684,6128,12812,5187,4933,10120,10528,10561,21089,11086,11082,22168,8561,8510,17071,6696,6982,13678,5543,5607,11150,4314,4893,9207,2870,4990,7860,866,2581,3447,62335,66267,128602
2020-11-27,6702,6161,12863,5215,4956,10171,10611,10658,21269,11155,11157,22312,8616,8554,17170,6751,7031,13782,5576,5645,11221,4342,4927,9269,2882,5023,7905,872,2586,3458,62722,66698,129420
2020-11-28,6748,6185,12933,5245,4985,10230,10681,10723,21404,11205,11229,22434,8661,8607,17268,6802,7079,13881,5598,5678,11276,4363,4956,9319,2894,5051,7945,874,2590,3464,63071,67083,130154
2020-11-29,6782,6221,13003,5266,5022,10288,10757,10806,21563,11270,11310,22580,8725,8656,17381,6847,7122,13969,5638,5718,11356,4382,4983,9365,2910,5063,7973,876,2597,3473,63453,67498,130951
2020-11-30,6830,6261,13091,5319,5063,10382,10885,10941,21826,11380,11420,22800,8819,8737,17556,6900,7194,14094,5700,5780,11480,4419,5032,9451,2930,5098,8028,883,2605,3488,64065,68131,132196
2020-12-01,6864,6303,13167,5352,5114,10466,10997,11040,22037,11465,11525,22990,8896,8821,17717,6939,7245,14184,5749,5847,11596,4457,5077,9534,2949,5127,8076,885,2609,3494,64553,68708,133261
2020-12-02,6886,6322,13208,5379,5142,10521,11059,11109,22168,11525,11609,23134,8955,8886,17841,6975,7286,14261,5775,5876,11651,4488,5107,9595,2962,5146,8108,891,2618,3509,64895,69101,133996
2020-12-03,6920,6365,13285,5421,5177,10598,11143,11226,22369,11629,11727,23356,9036,8964,18000,7027,7340,14367,5829,5939,11768,4522,5138,9660,2976,5166,8142,894,2629,3523,65397,69671,135068
2020-12-04,6955,6402,13357,5458,5225,10683,11233,11309,22542,11717,11817,23534,9112,9043,18155,7091,7409,14500,5882,5995,11877,4560,5177,9737,2994,5194,8188,901,2639,3540,65903,70210,136113
2020-12-05,6984,6432,13416,5491,5257,10748,11309,11377,22686,11799,11885,23684,9159,9088,18247,7127,7448,14575,5908,6022,11930,4579,5198,9777,3005,5215,8220,906,2646,3552,66267,70568,136835
2020-12-06,7008,6457,13465,5524,5278,10802,11363,11431,22794,11856,11929,23785,9195,9142,18337,7151,7483,14634,5937,6050,11987,4605,5227,9832,3021,5230,8251,907,2649,3556,66567,70876,137443
2020-12-07,7026,6494,13520,5559,5305,10864,11441,11517,22958,11930,12004,23934,9249,9201,18450,7189,7529,14718,5966,6081,12047,4628,5264,9892,3032,5249,8281,911,2654,3565,66931,71298,138229
2020-12-08,7059,6532,13591,5582,5335,10917,11513,11590,23103,12004,12080,24084,9295,9243,18538,7240,7577,14817,6002,6118,12120,4648,5297,9945,3038,5268,8306,916,2658,3574,67297,71698,138995
2020-12-09,7096,6564,13660,5616,5378,10994,11631,11719,23350,12136,12207,24343,9399,9324,18723,7333,7664,14997,6080,6198,12278,4695,5357,10052,3053,5302,8355,919,2675,3594,67958,72388,140346
2020-12-10,7139,6605,13744,5683,5448,11131,11768,11855,23623,12276,12375,24651,9494,9428,18922,7443,7774,15217,6164,6275,12439,4736,5391,10127,3070,5344,8414,925,2685,3610,68698,73180,141878
2020-12-11,7172,6647,13819,5728,5498,11226,11917,12008,23925,12428,12542,24970,9601,9542,19143,7551,7880,15431,6256,6383,12639,4787,5438,10225,3089,5372,8461,926,2693,3619,69455,74003,143458
2020-12-12,7205,6682,13887,5782,5538,11320,12031,12124,24155,12544,12677,25221,9707,9649,19356,7646,7960,15606,6315,6479,12794,4825,5496,10321,3100,5395,8495,928,2701,3629,70083,74701,144784
2020-12-13,7238,6712,13950,5820,5586,11406,12119,12234,24353,12653,12798,25451,9795,9738,19533,7741,8037,15778,6383,6533,12916,4859,5527,10386,3111,5417,8528,934,2705,3639,70653,75287,145940
2020-12-14,7289,6754,14043,5868,5637,11505,12254,12378,24632,12802,12939,25741,9903,9863,19766,7847,8141,15988,6466,6637,13103,4913,5585,10498,3131,5449,8580,943,2717,3660,71416,76100,147516
2020-12-15,7325,6792,14117,5924,5690,11614,12369,12516,24885,12943,13092,26035,10006,9957,19963,7945,8251,16196,6562,6730,13292,4960,5630,10590,3143,5467,8610,944,2729,3673,72121,76854,148975
2020-12-16,7349,6828,14177,5985,5763,11748,12513,12693,25206,13134,13290,26424,10125,10109,20234,8072,8364,16436,6685,6838,13523,5019,5692,10711,3164,5488,8652,948,2740,3688,72994,77805,150799
2020-12-17,7394,6877,14271,6056,5827,11883,12660,12870,25530,13338,13503,26841,10282,10258,20540,8192,8481,16673,6748,6931,13679,5064,5730,10794,3174,5512,8686,951,2747,3698,73859,78736,152595
2020-12-18,7452,6919,14371,6137,5924,12061,12833,13057,25890,13540,13724,27264,10446,10418,20864,8329,8635,16964,6896,7075,13971,5155,5805,10960,3189,5560,8749,956,2754,3710,74933,79871,154804
2020-12-19,7496,6953,14449,6200,5989,12189,12964,13215,26179,13756,13932,27688,10581,10552,21133,8439,8752,17191,6995,7200,14195,5202,5869,11071,3204,5586,8790,959,2759,3718,75796,80807,156603
2020-12-20,7530,7004,14534,6275,6062,12337,13109,13366,26475,13974,14138,28112,10736,10715,21451,8576,8897,17473,7111,7320,14431,5252,5919,11171,3216,5602,8818,962,2766,3728,76741,81789,158530
2020-12-21,7586,7057,14643,6364,6128,12492,13308,13545,26853,14216,14391,28607,10917,10880,21797,8721,9041,17762,7242,7468,14710,5316,5995,11311,3230,5640,8870,967,2774,3741,77867,82919,160786
2020-12-22,7638,7114,14752,6457,6212,12669,13522,13759,27281,14462,14664,29126,11125,11072,22197,8875,9187,18062,7403,7629,15032,5387,6052,11439,3249,5670,8919,971,2779,3750,79089,84138,163227
2020-12-23,7700,7169,14869,6559,6294,12853,13751,13983,27734,14739,14918,29657,11305,11281,22586,9030,9329,18359,7523,7767,15290,5448,6115,11563,3274,5708,8982,977,2793,3770,80306,85357,165663
2020-12-24,7733,7207,14940,6607,6351,12958,13880,14106,27986,14915,15075,29990,11424,11382,22806,9106,9413,18519,7589,7846,15435,5492,6150,11642,3279,5730,9009,980,2797,3777,81005,86057,167062
2020-12-25,7747,7222,14969,6625,6369,12994,13919,14132,28051,14958,15124,30082,11454,11408,22862,9126,9442,18568,7603,7865,15468,5506,6157,11663,3286,5743,9029,983,2801,3784,81207,86263,167470
2020-12-26,7796,7263,15059,6719,6474,13193,14082,14333,28415,15222,15354,30576,11612,11592,23204,9255,9581,18836,7685,7968,15653,5549,6212,11761,3304,5774,9078,984,2813,3797,82208,87364,169572
2020-12-27,7830,7291,15121,6836,6572,13408,14259,14478,28737,15469,15566,31035,11826,11775,23601,9398,9737,19135,7813,8093,15906,5604,6278,11882,3329,5810,9139,987,2824,3811,83351,88424,171775
2020-12-28,7890,7342,15232,6967,6713,13680,14524,14752,29276,15851,15924,31775,12079,12042,24121,9594,9951,19545,7948,8259,16207,5669,6359,12028,3355,5856,9211,990,2840,3830,84867,90038,174905
2020-12-29,7938,7392,15330,7092,6849,13941,14785,15026,29811,16141,16186,32327,12306,12275,24581,9759,10107,19866,8079,8411,16490,5740,6439,12179,3377,5908,9285,998,2855,3853,86215,91448,177663
2020-12-30,7989,7430,15419,7224,6997,14221,15070,15263,30333,16489,16497,32986,12527,12502,25029,9934,10317,20251,8213,8556,16769,5809,6514,12323,3402,5951,9353,1002,2867,3869,87659,92894,180553
2020-12-31,8023,7465,15488,7316,7087,14403,15283,15439,30722,16683,16732,33415,12688,12679,25367,10048,10424,20472,8275,8635,16910,5844,6567,12411,3414,5979,9393,1002,2874,3876,88576,93881,182457
2021-01-01,8040,7476,15516,7338,7113,14451,15314,15477,30791,16726,16780,33506,12725,12711,25436,10075,10459,20534,8293,8656,16949,5861,6583,12444,3419,5996,9415,1003,2878,3881,88794,94129,182923
2021-01-02,8089,7511,15600,7420,7218,14638,15498,15660,31158,16948,17006,33954,12887,12875,25762,10188,10617,20805,8433,8779,17212,5922,6644,12566,3433,6032,9465,1006,2886,3892,89824,95228,185052
2021-01-03,8122,7546,15668,7567,7348,14915,15765,15930,31695,17279,17339,34618,13115,13157,26272,10369,10832,21201,8591,8948,17539,5995,6738,12733,3452,6066,9518,1009,2892,3901,91264,96796,188060
2021-01-04,8170,7595,15765,7686,7449,15135,16104,16283,32387,17640,17738,35378,13387,13436,26823,10552,11055,21607,8736,9104,17840,6089,6824,12913,3485,6119,9604,1012,2905,3917,92861,98508,191369
2021-01-05,8209,7643,15852,7829,7576,15405,16463,16666,33129,18020,18135,36155,13669,13719,27388,10739,11275,22014,8899,9335,18234,6174,6926,13100,3511,6171,9682,1016,2916,3932,94529,100362,194891
2021-01-06,8255,7682,15937,7993,7729,15722,16824,16997,33821,18392,18498,36890,13975,14017,27992,10966,11507,22473,9069,9531,18600,6273,7032,13305,3540,6227,9767,1020,2935,3955,96307,102155,198462
2021-01-07,8299,7726,16025,8098,7858,15956,17097,17267,34364,18711,18800,37511,14210,14241,28451,11120,11692,22812,9202,9677,18879,6340,7132,13472,3565,6274,9839,1022,2944,3966,97664,103611,201275
2021-01-08,8352,7767,16119,8219,8006,16225,17396,17542,34938,18983,19105,38088,14403,14495,28898,11274,11871,23145,9307,9816,19123,6406,7234,13640,3592,6311,9903,1029,2953,3982,98961,105100,204061
2021-01-09,8384,7805,16189,8323,8122,16445,17600,17791,35391,19295,19418,38713,14597,14715,29312,11437,12042,23479,9405,9967,19372,6457,7303,13760,3612,6348,9960,1029,2965,3994,100139,106476,206615
2021-01-10,8427,7850,16277,8442,8259,16701,17834,18022,35856,19558,19738,39296,14805,14934,29739,11575,12210,23785,9520,10061,19581,6500,7373,13873,3624,6380,10004,1030,2975,4005,101315,107802,209117
2021-01-11,8483,7891,16374,8594,8412,17006,18161,18352,36513,19887,20116,40003,15057,15194,30251,11759,12401,24160,9644,10227,19871,6571,7446,14017,3645,6419,10064,1031,2982,4013,102832,109440,212272
2021-01-12,8545,7928,16473,8717,8535,17252,18430,18661,37091,20157,20401,40558,15264,15416,30680,11907,12592,24499,9768,10345,20113,6622,7507,14129,3672,6448,10120,1034,2991,4025,104116,110824,214940
2021-01-13,8615,7990,16605,8863,8695,17558,18766,18975,37741,20454,20700,41154,15508,15648,31156,12082,12802,24884,9902,10506,20408,6690,7580,14270,3692,6496,10188,1040,2995,4035,105612,112387,217999
2021-01-14,8669,8042,16711,9011,8840,17851,19052,19292,38344,20748,21022,41770,15716,15889,31605,12263,13026,25289,10026,10660,20686,6752,7649,14401,3711,6532,10243,1043,3001,4044,106991,113953,220944
2021-01-15,8725,8094,16819,9259,9067,18326,19402,19663,39065,21173,21452,42625,16050,16203,32253,12528,13302,25830,10178,10839,21017,6821,7744,14565,3734,6575,10309,1046,3011,4057,108916,115950,224866
2021-01-16,8757,8123,16880,9501,9308,18809,19710,19999,39709,21566,21854,43420,16405,16561,32966,12801,13554,26355,10344,11027,21371,6922,7846,14768,3757,6611,10368,1048,3022,4070,110811,117905,228716
2021-01-17,8795,8144,16939,9711,9519,19230,20002,20360,40362,21901,22197,44098,16746,16945,33691,13032,13795,26827,10465,11180,21645,6987,7915,14902,3777,6637,10414,1050,3024,4074,112466,119716,232182
2021-01-18,8847,8195,17042,9982,9799,19781,20399,20760,41159,22333,22630,44963,17143,17325,34468,13347,14093,27440,10672,11417,22089,7082,8032,15114,3805,6685,10490,1053,3033,4086,114663,121969,236632
2021-01-19,8904,8238,17142,10236,10023,20259,20792,21140,41932,22751,23046,45797,17530,17719,35249,13605,14395,28000,10870,11646,22516,7181,8152,15333,3825,6732,10557,1060,3049,4109,116754,124140,240894
2021-01-20,8958,8289,17247,10493,10273,20766,21149,21517,42666,23125,23406,46531,17882,18074,35956,13893,14696,28589,11090,11881,22971,7291,8276,15567,3849,6778,10627,1068,3063,4131,118798,126253,245051
2021-01-21,9016,8339,17355,10661,10477,21138,21459,21829,43288,23401,23723,47124,18134,18365,36499,14084,14973,29057,11260,12037,23297,7365,8363,15728,3886,6816,10702,1076,3075,4151,120342,127997,248339
2021-01-22,9062,8389,17451,10866,10652,21518,21714,22117,43831,23657,23996,47653,18383,18642,37025,14277,15184,29461,11401,12197,23598,7434,8452,15886,3903,6859,10762,1079,3078,4157,121776,129566,251342
2021-01-23,9097,8418,17515,11056,10829,21885,21997,22400,44397,23920,24287,48207,18622,18847,37469,14475,15396,29871,11501,12317,23818,7480,8511,15991,3917,6887,10804,1081,3085,4166,123146,130977,254123
2021-01-24,9126,8449,17575,11274,11032,22306,22306,22697,45003,24199,24574,48773,18911,19129,38040,14695,15609,30304,11638,12461,24099,7534,8581,16115,3938,6919,10857,1083,3091,4174,124704,132542,257246
2021-01-25,9181,8517,17698,11550,11275,22825,22707,23100,45807,24539,24954,49493,19244,19478,38722,14935,15880,30815,11827,12653,24480,7623,8684,16307,3966,6975,10941,1089,3102,4191,126661,134618,261279
2021-01-26,9248,8572,17820,11819,11501,23320,23041,23416,46457,24851,25250,50101,19528,19779,39307,15152,16137,31289,11982,12833,24815,7700,8775,16475,3994,7031,11025,1093,3118,4211,128408,136412,264820
2021-01-27,9313,8627,17940,12026,11716,23742,23357,23725,47082,25157,25572,50729,19796,20081,39877,15354,16381,31735,12129,12976,25105,7762,8853,16615,4025,7073,11098,1095,3136,4231,130014,138140,268154
2021-01-28,9370,8682,18052,12210,11880,24090,23617,23991,47608,25429,25844,51273,20011,20302,40313,15525,16589,32114,12261,13128,25389,7833,8943,16776,4053,7117,11170,1100,3150,4250,131409,139626,271035
2021-01-29,9414,8739,18153,12464,12111,24575,23960,24306,48266,25776,26219,51995,20318,20639,40957,15770,16854,32624,12445,13355,25800,7911,9059,16970,4077,7174,11251,1104,3159,4263,133239,141615,274854
2021-01-30,9447,8761,18208,12795,12427,25222,24255,24631,48886,26135,26619,52754,20706,21064,41770,16072,17178,33250,12614,13583,26197,7997,9169,17166,4096,7219,11315,1107,3167,4274,135224,143818,279042
2021-01-31,9476,8786,18262,13258,12889,26147,24649,25021,49670,26597,27090,53687,21284,21664,42948,16473,17600,34073,12818,13809,26627,8083,9278,17361,4120,7260,11380,1109,3178,4287,137867,146575,284442
2021-02-01,9522,8833,18355,13634,13334,26968,25014,25442,50456,27026,27564,54590,21778,22156,43934,16890,17999,34889,13055,14095,27150,8161,9419,17580,4156,7307,11463,1111,3188,4299,140347,149337,289684
2021-02-02,9565,8873,18438,13945,13671,27616,25361,25785,51146,27415,28008,55423,22269,22681,44950,17254,18377,35631,13311,14372,27683,8305,9582,17887,4191,7356,11547,1116,3200,4316,142732,151905,294637
2021-02-03,9609,8921,18530,14222,13916,28138,25670,26144,51814,27776,28387,56163,22659,23084,45743,17544,18694,36238,13536,14618,28154,8418,9730,18148,4225,7411,11636,1120,3211,4331,144779,154116,298895
2021-02-04,9664,8966,18630,14383,14067,28450,25915,26420,52335,28043,28678,56721,22887,23383,46270,17751,18933,36684,13669,14815,28484,8487,9841,18328,4248,7453,11701,1123,3227,4350,146170,155783,301953
2021-02-05,9714,9011,18725,14550,14224,28774,26161,26668,52829,28295,28944,57239,23111,23611,46722,17923,19134,37057,13809,14993,28802,8561,9928,18489,4264,7500,11764,1125,3234,4359,147513,157247,304760
2021-02-06,9741,9039,18780,14728,14398,29126,26378,26900,53278,28532,29250,57782,23337,23867,47204,18125,19353,37478,13927,15137,29064,8611,10014,18625,4281,7531,11812,1125,3242,4367,148785,158731,307516
2021-02-07,9773,9076,18849,14909,14572,29481,26576,27127,53703,28788,29532,58320,23568,24119,47687,18313,19576,37889,14039,15253,29292,8674,10079,18753,4297,7555,11852,1132,3247,4379,150069,160136,310205
2021-02-08,9822,9119,18941,15154,14856,30010,26885,27460,54345,29144,29931,59075,23960,24538,48498,18560,19865,38425,14199,15454,29653,8750,10187,18937,4324,7612,11936,1136,3263,4399,151934,162285,314219
2021-02-09,9868,9149,19017,15362,15077,30439,27160,27753,54913,29522,30287,59809,24279,24885,49164,18830,20137,38967,14398,15657,30055,8836,10297,19133,4355,7674,12029,1141,3277,4418,153751,164193,317944
2021-02-10,9915,9179,19094,15522,15236,30758,27404,28025,55429,29800,30623,60423,24575,25171,49746,18997,20366,39363,14548,15824,30372,8921,10389,19310,4384,7711,12095,1141,3287,4428,155207,165811,321018
2021-02-11,9965,9219,19184,15663,15404,31067,27608,28281,55889,30096,30915,61011,24824,25449,50273,19173,20586,39759,14693,15980,30673,8994,10467,19461,4410,7759,12169,1145,3297,4442,156571,167357,323928
2021-02-12,10014,9254,19268,15838,15583,31421,27821,28499,56320,30393,31222,61615,25092,25756,50848,19346,20793,40139,14829,16164,30993,9070,10555,19625,4435,7804,12239,1147,3310,4457,157985,168940,326925
2021-02-13,10040,9277,19317,16049,15814,31863,28039,28741,56780,30728,31558,62286,25402,26127,51529,19547,21025,40572,14968,16325,31293,9123,10633,19756,4454,7839,12293,1149,3321,4470,159499,170660,330159
2021-02-14,10063,9297,19360,16236,16030,32266,28214,28978,57192,31055,31933,62988,25769,26516,52285,19747,21263,41010,15126,16482,31608,9184,10741,19925,4469,7861,12330,1151,3334,4485,161014,172435,333449
2021-02-15,10088,9331,19419,16505,16315,32820,28481,29258,57739,31442,32356,63798,26221,26982,53203,20040,21550,41590,15281,16669,31950,9251,10846,20097,4485,7907,12392,1153,3346,4499,162947,174560,337507
2021-02-16,10116,9354,19470,16784,16562,33346,28832,29634,58466,31889,32868,64757,26639,27455,54094,20320,21792,42112,15427,16809,32236,9315,10930,20245,4498,7943,12441,1160,3352,4512,164980,176699,341679
2021-02-17,10150,9400,19550,16975,16766,33741,29255,30070,59325,32303,33291,65594,26958,27799,54757,20550,22059,42609,15631,17024,32655,9407,11041,20448,4519,7996,12515,1165,3366,4531,166913,178812,345725
2021-02-18,10183,9442,19625,17138,16950,34088,29599,30437,60036,32670,33690,66360,27252,28125,55377,20795,22308,43103,15788,17228,33016,9490,11154,20644,4547,8041,12588,1168,3372,4540,168630,180747,349377
2021-02-19,10232,9478,19710,17287,17124,34411,29915,30757,60672,32991,34052,67043,27529,28438,55967,21015,22563,43578,15950,17428,33378,9578,11269,20847,4567,8085,12652,1172,3381,4553,170236,182575,352811
2021-02-20,10272,9504,19776,17417,17286,34703,30186,31041,61227,33276,34379,67655,27798,28736,56534,21210,22811,44021,16068,17628,33696,9638,11347,20985,4590,8123,12713,1175,3384,4559,171630,184239,355869
2021-02-21,10312,9531,19843,17558,17449,35007,30416,31328,61744,33575,34703,68278,28048,29013,57061,21356,23014,44370,16205,17792,33997,9695,11420,21115,4611,8155,12766,1179,3393,4572,172955,185798,358753
2021-02-22,10365,9596,19961,17699,17634,35333,30703,31658,62361,33890,35087,68977,28333,29321,57654,21570,23250,44820,16355,17990,34345,9770,11520,21290,4651,8192,12843,1182,3398,4580,174518,187646,362164
2021-02-23,10430,9642,20072,17837,17775,35612,30955,31931,62886,34178,35409,69587,28570,29597,58167,21769,23472,45241,16510,18175,34685,9856,11634,21490,4681,8234,12915,1189,3413,4602,175975,189282,365257
2021-02-24,10471,9708,20179,17976,17931,35907,31154,32164,63318,34439,35682,70121,28744,29838,58582,21934,23659,45593,16678,18336,35014,9934,11730,21664,4703,8277,12980,1192,3422,4614,177225,190747,367972
2021-02-25,10546,9773,20319,18082,18047,36129,31373,32397,63770,34653,35911,70564,28948,30028,58976,22076,23834,45910,16793,18491,35284,9999,11823,21822,4722,8313,13035,1196,3438,4634,178388,192055,370443
2021-02-26,10602,9826,20428,18194,18165,36359,31594,32663,64257,34922,36158,71080,29151,30262,59413,22234,24023,46257,16921,18681,35602,10059,11913,21972,4742,8349,13091,1198,3455,4653,179617,193495,373112
2021-02-27,10634,9857,20491,18310,18315,36625,31789,32899,64688,35192,36455,71647,29343,30468,59811,22413,24243,46656,17083,18869,35952,10126,12002,22128,4762,8397,13159,1199,3462,4661,180851,194967,375818
2021-02-28,10666,9891,20557,18467,18484,36951,32039,33204,65243,35528,36836,72364,29617,30758,60375,22667,24560,47227,17292,19094,36386,10237,12123,22360,4783,8438,13221,1202,3471,4673,182498,196859,379357
2021-03-01,10745,9960,20705,18566,18614,37180,32272,33437,65709,35806,37088,72894,29832,30954,60786,22789,24725,47514,17426,19251,36677,10305,12232,22537,4806,8480,13286,1207,3485,4692,183754,198226,381980
2021-03-02,10832,10034,20866,18701,18734,37435,32483,33658,66141,36025,37337,73362,30021,31139,61160,22939,24920,47859,17533,19395,36928,10378,12298,22676,4839,8518,13357,1210,3492,4702,184961,199525,384486
2021-03-03,10920,10097,21017,18808,18826,37634,32634,33858,66492,36235,37527,73762,30173,31306,61479,23084,25094,48178,17684,19570,37254,10453,12403,22856,4854,8549,13403,1210,3507,4717,186055,200737,386792
2021-03-04,10989,10167,21156,18901,18942,37843,32802,34029,66831,36429,37709,74138,30313,31457,61770,23189,25254,48443,17802,19742,37544,10519,12509,23028,4875,8586,13461,1216,3520,4736,187035,201915,388950
2021-03-05,11051,10228,21279,18992,19043,38035,32970,34246,67216,36647,37926,74573,30458,31599,62057,23313,25420,48733,17929,19880,37809,10586,12596,23182,4893,8621,13514,1216,3526,4742,188055,203085,391140
2021-03-06,11091,10272,21363,19065,19122,38187,33135,34407,67542,36828,38109,74937,30591,31747,62338,23405,25557,48962,18022,19974,37996,10632,12661,23293,4914,8648,13562,1218,3532,4750,188901,204029,392930
2021-03-07,11130,10310,21440,19144,19197,38341,33280,34592,67872,37015,38302,75317,30694,31905,62599,23520,25704,49224,18141,20122,38263,10678,12732,23410,4935,8682,13617,1221,3536,4757,189758,205082,394840
2021-03-08,11203,10388,21591,19250,19320,38570,33455,34814,68269,37235,38540,75775,30865,32081,62946,23697,25896,49593,18307,20299,38606,10756,12821,23577,4957,8726,13683,1224,3547,4771,190949,206432,397381
2021-03-09,11299,10492,21791,19351,19426,38777,33630,34984,68614,37452,38768,76220,31059,32261,63320,23856,26071,49927,18442,20512,38954,10849,12924,23773,4980,8759,13739,1228,3554,4782,192146,207751,399897
2021-03-10,11406,10583,21989,19460,19522,38982,33810,35165,68975,37682,38994,76676,31206,32418,63624,23992,26246,50238,18573,20654,39227,10922,13031,23953,4999,8805,13804,1232,3563,4795,193282,208981,402263
2021-03-11,11490,10675,22165,19537,19624,39161,33954,35352,69306,37856,39176,77032,31314,32559,63873,24092,26371,50463,18672,20785,39457,10978,13103,24081,5024,8836,13860,1233,3578,4811,194150,210059,404209
2021-03-12,11590,10775,22365,19647,19746,39393,34111,35547,69658,38067,39404,77471,31463,32731,64194,24216,26550,50766,18796,20940,39736,11053,13193,24246,5047,8879,13926,1237,3590,4827,195227,211355,406582
2021-03-13,11663,10823,22486,19720,19828,39548,34290,35725,70015,38286,39620,77906,31607,32872,64479,24336,26710,51046,18942,21091,40033,11104,13263,24367,5058,8917,13975,1242,3593,4835,196248,212442,408690
2021-03-14,11718,10899,22617,19785,19908,39693,34440,35921,70361,38490,39853,78343,31747,33017,64764,24472,26890,51362,19090,21261,40351,11159,13357,24516,5078,8944,14022,1246,3602,4848,197225,213652,410877
2021-03-15,11861,11010,22871,19904,20033,39937,34629,36155,70784,38716,40111,78827,31938,33231,65169,24648,27078,51726,19256,21441,40697,11243,13480,24723,5096,8990,14086,1250,3617,4867,198541,215146,413687
2021-03-16,11974,11126,23100,20008,20156,40164,34791,36351,71142,38946,40349,79295,32099,33374,65473,24797,27261,52058,19382,21607,40989,11315,13581,24896,5109,9033,14142,1255,3632,4887,199676,216470,416146
2021-03-17,12055,11220,23275,20113,20256,40369,34965,36562,71527,39116,40520,79636,32226,33526,65752,24933,27416,52349,19514,21755,41269,11373,13669,25042,5127,9072,14199,1257,3645,4902,200679,217641,418320
2021-03-18,12146,11294,23440,20185,20346,40531,35109,36732,71841,39298,40677,79975,32346,33661,66007,25025,27541,52566,19609,21879,41488,11434,13746,25180,5144,9101,14245,1260,3653,4913,201556,218630,420186
2021-03-19,12243,11377,23620,20299,20459,40758,35260,36927,72187,39484,40874,80358,32467,33801,66268,25135,27687,52822,19711,22026,41737,11496,13812,25308,5158,9127,14285,1265,3661,4926,202518,219751,422269
2021-03-20,12281,11421,23702,20372,20540,40912,35390,37062,72452,39629,41047,80676,32575,33930,66505,25242,27825,53067,19806,22123,41929,11552,13873,25425,5175,9153,14328,1268,3668,4936,203290,220642,423932
2021-03-21,12340,11478,23818,20445,20619,41064,35536,37209,72745,39811,41218,81029,32691,34048,66739,25355,27967,53322,19897,22248,42145,11585,13936,25521,5192,9180,14372,1271,3677,4948,204123,221580,425703
2021-03-22,12430,11575,24005,20557,20716,41273,35700,37421,73121,40009,41432,81441,32854,34202,67056,25514,28139,53653,20018,22398,42416,11652,14014,25666,5215,9228,14443,1275,3698,4973,205224,222823,428047
2021-03-23,12529,11673,24202,20680,20829,41509,35879,37623,73502,40182,41615,81797,33001,34329,67330,25659,28301,53960,20141,22558,42699,11721,14105,25826,5238,9256,14494,1276,3709,4985,206306,223998,430304
2021-03-24,12585,11736,24321,20767,20912,41679,35997,37748,73745,40322,41787,82109,33098,34449,67547,25754,28417,54171,20204,22657,42861,11766,14176,25942,5249,9289,14538,1277,3714,4991,207019,224885,431904
2021-03-25,12660,11815,24475,20868,21016,41884,36148,37928,74076,40503,41966,82469,33248,34619,67867,25864,28559,54423,20302,22779,43081,11819,14240,26059,5276,9318,14594,1280,3718,4998,207968,225958,433926
2021-03-26,12759,11908,24667,20986,21141,42127,36320,38117,74437,40712,42154,82866,33394,34782,68176,25972,28714,54686,20391,22915,43306,11883,14315,26198,5298,9352,14650,1282,3728,5010,208997,227126,436123
2021-03-27,12836,11974,24810,21042,21210,42252,36467,38254,74721,40902,42335,83237,33521,34924,68445,26084,28852,54936,20505,23041,43546,11925,14379,26304,5312,9384,14696,1287,3733,5020,209881,228086,437967
2021-03-28,12894,12013,24907,21096,21288,42384,36579,38386,74965,41049,42508,83557,33655,35057,68712,26187,28987,55174,20591,23169,43760,11967,14421,26388,5329,9406,14735,1289,3738,5027,210636,228973,439609
2021-03-29,12988,12093,25081,21222,21391,42613,36739,38574,75313,41233,42716,83949,33822,35230,69052,26325,29130,55455,20694,23317,44011,12017,14474,26491,5346,9436,14782,1290,3749,5039,211676,230110,441786
2021-03-30,13067,12171,25238,21327,21500,42827,36871,38719,75590,41408,42890,84298,33955,35386,69341,26435,29251,55686,20787,23446,44233,12054,14530,26584,5365,9465,14830,1295,3757,5052,212564,231115,443679
2021-03-31,13139,12238,25377,21409,21566,42975,37012,38880,75892,41569,43059,84628,34064,35521,69585,26505,29364,55869,20841,23520,44361,12080,14573,26653,5381,9488,14869,1297,3766,5063,213297,231975,445272
2021-04-01,13199,12299,25498,21495,21649,43144,37166,39050,76216,41740,43225,84965,34186,35654,69840,26600,29491,56091,20925,23626,44551,12118,14626,26744,5394,9504,14898,1299,3775,5074,214122,232899,447021
2021-04-02,13275,12350,25625,21577,21743,43320,37300,39192,76492,41916,43375,85291,34314,35769,70083,26696,29612,56308,20995,23709,44704,12160,14660,26820,5407,9516,14923,1302,3780,5082,214942,233706,448648
2021-04-03,13322,12408,25730,21652,21833,43485,37432,39333,76765,42074,43552,85626,34444,35905,70349,26799,29741,56540,21095,23800,44895,12193,14712,26905,5423,9551,14974,1306,3784,5090,215740,234619,450359
2021-04-04,13388,12461,25849,21796,21972,43768,37616,39545,77161,42307,43814,86121,34614,36106,70720,26912,29896,56808,21172,23906,45078,12224,14760,26984,5439,9575,15014,1307,3791,5098,216775,235826,452601
2021-04-05,13474,12550,26024,21982,22164,44146,37866,39822,77688,42594,44084,86678,34840,36368,71208,27077,30097,57174,21280,24053,45333,12274,14819,27093,5451,9611,15062,1312,3800,5112,218150,237368,455518
2021-04-06,13561,12663,26224,22140,22322,44462,38166,40069,78235,42871,44399,87270,35069,36594,71663,27228,30283,57511,21395,24229,45624,12342,14915,27257,5475,9647,15122,1315,3813,5128,219562,238934,458496
2021-04-07,13665,12756,26421,22316,22493,44809,38435,40342,78777,43141,44705,87846,35309,36827,72136,27387,30485,57872,21492,24393,45885,12402,14998,27400,5488,9687,15175,1316,3821,5137,220951,240507,461458
2021-04-08,13757,12839,26596,22457,22632,45089,38639,40598,79237,43399,44991,88390,35491,37017,72508,27519,30654,58173,21598,24529,46127,12453,15066,27519,5506,9717,15223,1317,3834,5151,222136,241877,464013
2021-04-09,13839,12911,26750,22554,22742,45296,38772,40786,79558,43566,45166,88732,35643,37165,72808,27620,30777,58397,21671,24624,46295,12490,15115,27605,5515,9740,15255,1320,3842,5162,222990,242868,465858
2021-04-10,13888,12963,26851,22662,22864,45526,38954,40957,79911,43761,45344,89105,35769,37306,73075,27729,30904,58633,21751,24711,46462,12507,15152,27659,5522,9755,15277,1321,3845,5166,223864,243801,467665
2021-04-11,13940,13018,26958,22737,22961,45698,39084,41087,80171,43910,45524,89434,35912,37451,73363,27829,31012,58841,21832,24794,46626,12530,15189,27719,5534,9778,15312,1323,3850,5173,224631,244664,469295
2021-04-12,14025,13098,27123,22875,23091,45966,39242,41279,80521,44118,45759,89877,36076,37650,73726,27959,31211,59170,21934,24914,46848,12561,15244,27805,5546,9806,15352,1324,3862,5186,225660,245914,471574
2021-04-13,14121,13163,27284,22967,23182,46149,39414,41437,80851,44332,45966,90298,36229,37819,74048,28085,31344,59429,22005,24997,47002,12606,15276,27882,5554,9823,15377,1327,3870,5197,226640,246877,473517
2021-04-14,14207,13236,27443,23054,23258,46312,39531,41571,81102,44470,46098,90568,36323,37938,74261,28163,31442,59605,22107,25092,47199,12646,15337,27983,5569,9844,15413,1332,3875,5207,227402,247691,475093
2021-04-15,14304,13318,27622,23165,23388,46553,39736,41783,81519,44689,46301,90990,36535,38138,74673,28302,31630,59932,22195,25198,47393,12677,15385,28062,5584,9870,15454,1334,3883,5217,228521,248894,477415
2021-04-16,14394,13400,27794,23258,23492,46750,39949,41987,81936,44923,46549,91472,36711,38331,75042,28453,31823,60276,22315,25347,47662,12709,15437,28146,5593,9896,15489,1335,3892,5227,229640,250154,479794
2021-04-17,14479,13473,27952,23358,23586,46944,40119,42137,82256,45148,46735,91883,36878,38501,75379,28572,31963,60535,22408,25446,47854,12744,15498,28242,5607,9928,15535,1338,3897,5235,230651,251164,481815
2021-04-18,14531,13535,28066,23426,23646,47072,40249,42276,82525,45304,46915,92219,37034,38639,75673,28688,32084,60772,22504,25535,48039,12776,15540,28316,5629,9949,15578,1341,3904,5245,231482,252023,483505
2021-04-19,14631,13612,28243,23538,23763,47301,40475,42485,82960,45540,47160,92700,37233,38826,76059,28843,32258,61101,22625,25661,48286,12816,15605,28421,5637,9987,15624,1345,3917,5262,232683,253274,485957
2021-04-20,14732,13719,28451,23647,23861,47508,40642,42668,83310,45722,47358,93080,37406,39012,76418,28981,32393,61374,22744,25806,48550,12864,15659,28523,5661,10019,15680,1349,3926,5275,233748,254421,488169
2021-04-21,14827,13790,28617,23738,23935,47673,40803,42812,83615,45894,47524,93418,37540,39159,76699,29092,32517,61609,22841,25917,48758,12906,15698,28604,5674,10062,15736,1351,3932,5283,234666,255346,490012
2021-04-22,14935,13878,28813,23862,24041,47903,40974,42984,83958,46101,47756,93857,37730,39383,77113,29235,32674,61909,22941,26054,48995,12952,15769,28721,5689,10103,15792,1352,3941,5293,235771,256583,492354
2021-04-23,15027,13962,28989,23950,24143,48093,41169,43180,84349,46331,47987,94318,37918,39599,77517,29382,32868,62250,23042,26194,49236,13003,15835,28838,5705,10127,15832,1356,3947,5303,236883,257842,494725
2021-04-24,15077,14003,29080,23993,24178,48171,41216,43243,84459,46403,48059,94462,37983,39684,77667,29421,32913,62334,23068,26225,49293,13029,15875,28904,5711,10149,15860,1358,3963,5321,237259,258292,495551
2021-04-25,15145,14069,29214,24071,24248,48319,41319,43372,84691,46556,48202,94758,38124,39813,77937,29538,33037,62575,23145,26303,49448,13060,15908,28968,5721,10172,15893,1358,3966,5324,238037,259090,497127
2021-04-26,15241,14170,29411,24183,24359,48542,41501,43548,85049,46766,48417,95183,38303,40006,78309,29707,33201,62908,23251,26417,49668,13123,15982,29105,5734,10199,15933,1361,3972,5333,239170,260271,499441
2021-04-27,15325,14243,29568,24282,24461,48743,41701,43766,85467,46954,48615,95569,38452,40197,78649,29836,33342,63178,23347,26527,49874,13168,16059,29227,5754,10230,15984,1365,3980,5345,240184,261420,501604
2021-04-28,15420,14338,29758,24387,24565,48952,41879,43947,85826,47152,48822,95974,38622,40365,78987,29961,33467,63428,23436,26636,50072,13211,16113,29324,5764,10254,16018,1370,3989,5359,241202,262496,503698
2021-04-29,15527,14436,29963,24531,24702,49233,42083,44183,86266,47411,49081,96492,38854,40580,79434,30122,33671,63793,23545,26776,50321,13277,16203,29480,5793,10302,16095,1372,4004,5376,242515,263938,506453
2021-04-30,15626,14520,30146,24624,24801,49425,42193,44339,86532,47551,49246,96797,38968,40726,79694,30223,33784,64007,23615,26889,50504,13331,16264,29595,5815,10341,16156,1375,4022,5397,243321,264932,508253
2021-05-01,15697,14583,30280,24711,24861,49572,42322,44472,86794,47712,49410,97122,39103,40890,79993,30325,33911,64236,23688,26974,50662,13377,16317,29694,5832,10382,16214,1376,4028,5404,244143,265828,509971
2021-05-02,15764,14644,30408,24795,24957,49752,42486,44658,87144,47938,49649,97587,39277,41121,80398,30463,34071,64534,23791,27106,50897,13421,16381,29802,5848,10408,16256,1379,4043,5422,245162,267038,512200
2021-05-03,15905,14767,30672,24923,25099,50022,42799,44959,87758,48277,50035,98312,39574,41453,81027,30687,34375,65062,23965,27350,51315,13514,16496,30010,5868,10461,16329,1381,4060,5441,246893,269055,515948
2021-05-04,16017,14865,30882,25061,25258,50319,43081,45223,88304,48618,50365,98983,39832,41706,81538,30901,34647,65548,24112,27550,51662,13609,16620,30229,5893,10506,16399,1382,4077,5459,248506,270817,519323
2021-05-05,16141,14969,31110,25188,25378,50566,43334,45508,88842,48913,50679,99592,40075,41941,82016,31078,34859,65937,24242,27684,51926,13688,16704,30392,5927,10546,16473,1389,4091,5480,249975,272359,522334
2021-05-06,16234,15078,31312,25363,25547,50910,43590,45835,89425,49211,50998,100209,40352,42206,82558,31278,35090,66368,24368,27831,52199,13759,16789,30548,5956,10592,16548,1393,4112,5505,251504,274078,525582
2021-05-07,16353,15191,31544,25544,25713,51257,43864,46178,90042,49510,51354,100864,40633,42525,83158,31461,35345,66806,24507,27994,52501,13826,16886,30712,5975,10623,16598,1396,4118,5514,253069,275927,528996
2021-05-08,16408,15259,31667,25623,25786,51409,44024,46352,90376,49717,51557,101274,40774,42675,83449,31564,35471,67035,24574,28071,52645,13869,16922,30791,5995,10651,16646,1397,4129,5526,253945,276873,530818
2021-05-09,16484,15331,31815,25700,25874,51574,44161,46508,90669,49887,51752,101639,40931,42846,83777,31665,35600,67265,24648,28155,52803,13919,16985,30904,6013,10674,16687,1406,4131,5537,254814,277856,532670
2021-05-10,16604,15442,32046,25833,26012,51845,44454,46778,91232,50206,52063,102269,41188,43156,84344,31884,35819,67703,24808,28328,53136,14001,17090,31091,6042,10723,16765,1407,4140,5547,256427,279551,535978
2021-05-11,16713,15535,32248,25961,26136,52097,44655,46992,91647,50466,52319,102785,41393,43360,84753,32033,35990,68023,24946,28474,53420,14069,17181,31250,6066,10756,16822,1412,4148,5560,257714,280891,538605
2021-05-12,16816,15624,32440,26080,26247,52327,44840,47229,92069,50721,52541,103262,41610,43584,85194,32203,36158,68361,25063,28616,53679,14118,17254,31372,6084,10796,16880,1417,4159,5576,258952,282208,541160
2021-05-13,16950,15709,32659,26179,26349,52528,45073,47498,92571,50952,52819,103771,41826,43784,85610,32337,36342,68679,25171,28741,53912,14166,17329,31495,6104,10845,16949,1418,4164,5582,260176,283580,543756
2021-05-14,17074,15835,32909,26302,26520,52822,45361,47813,93174,51289,53164,104453,42053,44100,86153,32539,36573,69112,25301,28916,54217,14231,17416,31647,6136,10887,17023,1423,4172,5595,261709,285396,547105
2021-05-15,17164,15934,33098,26401,26649,53050,45545,48046,93591,51519,53440,104959,42245,44337,86582,32695,36731,69426,25399,29041,54440,14270,17464,31734,6155,10920,17075,1424,4186,5610,262817,286748,549565
2021-05-16,17236,16009,33245,26479,26745,53224,45694,48188,93882,51707,53648,105355,42422,44529,86951,32830,36883,69713,25493,29142,54635,14313,17513,31826,6170,10954,17124,1425,4200,5625,263769,287811,551580
2021-05-17,17412,16169,33581,26668,26929,53597,46011,48553,94564,52121,54079,106200,42745,44910,87655,33108,37201,70309,25665,29352,55017,14416,17648,32064,6210,11022,17232,1428,4215,5643,265784,290078,555862
2021-05-18,17563,16323,33886,26844,27112,53956,46362,48891,95253,52520,54483,107003,43124,45279,88403,33374,37468,70842,25835,29547,55382,14505,17748,32253,6242,11070,17312,1432,4224,5656,267801,292145,559946
2021-05-19,17728,16452,34180,27040,27307,54347,46724,49277,96001,52947,54912,107859,43488,45635,89123,33624,37769,71393,26018,29755,55773,14594,17845,32439,6273,11117,17390,1439,4241,5680,269875,294310,564185
2021-05-20,17889,16605,34494,27224,27527,54751,47138,49707,96845,53405,55338,108743,43838,45992,89830,33871,38070,71941,26199,29942,56141,14675,17952,32627,6306,11169,17475,1442,4256,5698,271987,296558,568545
2021-05-21,18007,16707,34714,27373,27685,55058,47446,50076,97522,53775,55756,109531,44152,46338,90490,34098,38329,72427,26350,30141,56491,14755,18023,32778,6337,11229,17566,1443,4267,5710,273736,298551,572287
2021-05-22,18076,16760,34836,27458,27793,55251,47611,50300,97911,54014,55971,109985,44327,46519,90846,34217,38465,72682,26431,30226,56657,14797,18069,32866,6352,11266,17618,1444,4280,5724,274727,299649,574376
2021-05-23,18144,16817,34961,27522,27884,55406,47751,50450,98201,54187,56156,110343,44478,46662,91140,34327,38609,72936,26499,30324,56823,14841,18105,32946,6364,11313,17677,1453,4294,5747,275566,300614,576180
2021-05-24,18244,16890,35134,27638,28027,55665,48005,50680,98685,54470,56465,110935,44716,46947,91663,34535,38871,73406,26625,30490,57115,14918,18195,33113,6388,11355,17743,1456,4305,5761,276995,302225,579220
2021-05-25,18320,16951,35271,27735,28131,55866,48246,50935,99181,54712,56745,111457,44946,47173,92119,34733,39076,73809,26741,30628,57369,14982,18267,33249,6406,11391,17797,1461,4314,5775,278282,303611,581893
2021-05-26,18433,17047,35480,27893,28295,56188,48581,51259,99840,55053,57084,112137,45252,47493,92745,35011,39368,74379,26888,30823,57711,15069,18367,33436,6434,11458,17892,1468,4321,5789,280082,305515,585597
2021-05-27,18527,17142,35669,28006,28419,56425,48835,51550,100385,55371,57397,112768,45481,47712,93193,35221,39621,74842,27012,30969,57981,15154,18451,33605,6458,11495,17953,1469,4336,5805,281534,307092,588626
2021-05-28,18635,17240,35875,28158,28611,56769,49156,51888,101044,55718,57759,113477,45796,48067,93863,35522,39945,75467,27181,31195,58376,15229,18550,33779,6486,11542,18028,1473,4348,5821,283354,309145,592499
2021-05-29,18708,17311,36019,28241,28715,56956,49356,52118,101474,55977,58004,113981,46027,48291,94318,35665,40129,75794,27278,31314,58592,15277,18619,33896,6505,11585,18090,1478,4361,5839,284512,310447,594959
2021-05-30,18750,17361,36111,28309,28789,57098,49536,52319,101855,56179,58207,114386,46214,48452,94666,35773,40273,76046,27351,31397,58748,15308,18672,33980,6519,11613,18132,1481,4370,5851,285420,311453,596873
2021-05-31,18847,17456,36303,28452,28935,57387,49853,52636,102489,56541,58555,115096,46508,48768,95276,35953,40500,76453,27484,31567,59051,15391,18781,34172,6550,11674,18224,1482,4386,5868,287061,313258,600319
2021-06-01,18958,17558,36516,28587,29071,57658,50121,52913,103034,56865,58867,115732,46757,49039,95796,36155,40742,76897,27643,31744,59387,15479,18880,34359,6586,11714,18300,1487,4397,5884,288638,314925,603563
2021-06-02,19088,17661,36749,28725,29222,57947,50404,53248,103652,57173,59230,116403,47038,49328,96366,36337,40965,77302,27776,31928,59704,15568,18984,34552,6616,11766,18382,1494,4415,5909,290219,316747,606966
2021-06-03,19197,17778,36975,28889,29362,58251,50700,53542,104242,57510,59582,117092,47323,49619,96942,36532,41195,77727,27924,32107,60031,15646,19086,34732,6646,11796,18442,1498,4432,5930,291865,318499,610364
2021-06-04,19357,17918,37275,29042,29520,58562,51021,53884,104905,57846,59915,117761,47625,49933,97558,36756,41510,78266,28073,32292,60365,15740,19207,34947,6673,11854,18527,1500,4441,5941,293633,320474,614107
2021-06-05,19441,18001,37442,29126,29610,58736,51194,54107,105301,58056,60143,118199,47813,50125,97938,36902,41664,78566,28150,32385,60535,15789,19286,35075,6688,11881,18569,1505,4455,5960,294664,321657,616321
2021-06-06,19525,18093,37618,29218,29704,58922,51363,54290,105653,58255,60366,118621,47979,50294,98273,37052,41818,78870,28231,32496,60727,15834,19344,35178,6702,11908,18610,1505,4468,5973,295664,322781,618445
2021-06-07,19648,18250,37898,29359,29861,59220,51642,54592,106234,58594,60709,119303,48244,50618,98862,37275,42072,79347,28396,32702,61098,15942,19493,35435,6739,11992,18731,1512,4501,6013,297351,324790,622141
2021-06-08,19797,18387,38184,29494,30009,59503,51913,54913,106826,58949,61023,119972,48507,50890,99397,37503,42334,79837,28522,32850,61372,16018,19630,35648,6765,12045,18810,1516,4518,6034,298984,326599,625583
2021-06-09,19939,18529,38468,29644,30141,59785,52236,55231,107467,59286,61388,120674,48781,51185,99966,37727,42607,80334,28661,33019,61680,16102,19726,35828,6802,12107,18909,1520,4536,6056,300698,328469,629167
2021-06-10,20065,18666,38731,29776,30299,60075,52546,55562,108108,59622,61763,121385,49043,51468,100511,37917,42858,80775,28781,33194,61975,16190,19847,36037,6832,12159,18991,1525,4554,6079,302297,330370,632667
2021-06-11,20186,18786,38972,29889,30447,60336,52851,55900,108751,59934,62146,122080,49328,51778,101106,38133,43096,81229,28922,33355,62277,16275,19974,36249,6864,12228,19092,1531,4571,6102,303913,332281,636194
2021-06-12,20282,18876,39158,29989,30543,60532,53055,56115,109170,60172,62402,122574,49522,51984,101506,38271,43275,81546,29017,33482,62499,16326,20055,36381,6889,12263,19152,1535,4582,6117,305058,333577,638635
2021-06-13,20386,18983,39369,30088,30644,60732,53221,56275,109496,60357,62599,122956,49706,52188,101894,38410,43444,81854,29111,33585,62696,16364,20111,36475,6908,12297,19205,1539,4594,6133,306090,334720,640810
2021-06-14,20542,19112,39654,30235,30807,61042,53485,56618,110103,60685,62966,123651,50000,52503,102503,38625,43718,82343,29249,33789,63038,16469,20227,36696,6937,12348,19285,1556,4613,6169,307783,336701,644484
2021-06-15,20696,19268,39964,30402,30963,61365,53791,56929,110720,61014,63333,124347,50273,52837,103110,38844,43966,82810,29405,33956,63361,16553,20328,36881,6975,12391,19366,1559,4629,6188,309512,338600,648112
2021-06-16,20854,19423,40277,30565,31115,61680,54086,57251,111337,61347,63689,125036,50551,53162,103713,39024,44191,83215,29541,34118,63659,16630,20427,37057,7008,12439,19447,1560,4644,6204,311166,340459,651625
2021-06-17,21004,19564,40568,30731,31292,62023,54396,57610,112006,61698,64098,125796,50832,53492,104324,39194,44433,83627,29679,34289,63968,16734,20548,37282,7032,12487,19519,1562,4655,6217,312862,342468,655330
2021-06-18,21131,19676,40807,30876,31447,62323,54704,57891,112595,62029,64465,126494,51109,53850,104959,39359,44677,84036,29791,34453,64244,16794,20640,37434,7061,12518,19579,1566,4669,6235,314420,344286,658706
2021-06-19,21233,19782,41015,30973,31531,62504,54886,58102,112988,62244,64738,126982,51296,54081,105377,39469,44819,84288,29901,34566,64467,16858,20710,37568,7086,12578,19664,1569,4686,6255,315515,345593,661108
2021-06-20,21332,19859,41191,31054,31589,62643,54993,58234,113227,62386,64935,127321,51430,54245,105675,39568,44941,84509,29971,34653,64624,16906,20761,37667,7100,12606,19706,1570,4695,6265,316310,346518,662828
2021-06-21,21445,19970,41415,31162,31679,62841,55154,58449,113603,62626,65160,127786,51647,54468,106115,39724,45124,84848,30055,34759,64814,16963,20843,37806,7130,12634,19764,1573,4699,6272,317479,347785,665264
2021-06-22,21623,20126,41749,31326,31839,63165,55435,58810,114245,62961,65523,128484,51966,54814,106780,39922,45370,85292,30230,34962,65192,17049,20965,38014,7158,12689,19847,1583,4710,6293,319253,349808,669061
2021-06-23,21818,20286,42104,31515,32006,63521,55697,59142,114839,63319,65930,129249,52278,55204,107482,40094,45611,85705,30392,35138,65530,17127,21081,38208,7193,12747,19940,1589,4731,6320,321022,351876,672898
2021-06-24,22015,20439,42454,31674,32198,63872,55996,59497,115493,63645,66329,129974,52582,55535,108117,40272,45862,86134,30544,35335,65879,17205,21181,38386,7214,12798,20012,1592,4744,6336,322739,353918,676657
2021-06-25,22223,20611,42834,31855,32408,64263,56305,59886,116191,64035,66815,130850,52857,55887,108744,40516,46153,86669,30716,35565,66281,17293,21316,38609,7246,12857,20103,1601,4763,6364,324647,356261,680908
2021-06-26,22326,20699,43025,31942,32524,64466,56474,60067,116541,64247,67056,131303,53024,56100,109124,40643,46270,86913,30828,35713,66541,17362,21421,38783,7267,12894,20161,1606,4779,6385,325719,357523,683242
2021-06-27,22446,20793,43239,32022,32624,64646,56617,60244,116861,64422,67258,131680,53175,56275,109450,40740,46385,87125,30917,35799,66716,17412,21488,38900,7279,12931,20210,1606,4788,6394,326636,358585,685221
2021-06-28,22584,20908,43492,32110,32709,64819,56766,60449,117215,64648,67494,132142,53347,56482,109829,40875,46518,87393,31017,35891,66908,17472,21568,39040,7310,12963,20273,1608,4803,6411,327737,359785,687522
2021-06-29,22729,21088,43817,32261,32874,65135,57028,60774,117802,64962,67826,132788,53578,56763,110341,41056,46709,87765,31158,36037,67195,17560,21654,39214,7333,13020,20353,1610,4830,6440,329275,361575,690850
2021-06-30,22915,21266,44181,32448,33039,65487,57315,61133,118448,65326,68213,133539,53864,57057,110921,41222,46979,88201,31277,36220,67497,17635,21746,39381,7364,13067,20431,1615,4847,6462,330981,363567,694548
2021-07-01,23049,21404,44453,32604,33206,65810,57594,61440,119034,65618,68602,134220,54082,57340,111422,41391,47205,88596,31390,36383,67773,17714,21838,39552,7393,13120,20513,1619,4861,6480,332454,365399,697853
2021-07-02,23237,21561,44798,32810,33387,66197,57885,61796,119681,65948,69028,134976,54300,57680,111980,41575,47461,89036,31525,36572,68097,17797,21942,39739,7416,13168,20584,1623,4874,6497,334116,367469,701585
2021-07-03,23352,21682,45034,32926,33524,66450,58065,62028,120093,66195,69307,135502,54491,57926,112417,41706,47609,89315,31641,36697,68338,17845,22018,39863,7434,13205,20639,1630,4889,6519,335285,368885,704170
2021-07-04,23465,21832,45297,33034,33621,66655,58203,62229,120432,66379,69528,135907,54639,58104,112743,41832,47777,89609,31725,36807,68532,17883,22091,39974,7447,13239,20686,1634,4900,6534,336241,370128,706369
2021-07-05,23696,22034,45730,33220,33802,67022,58520,62586,121106,66746,69959,136705,54908,58462,113370,42021,48041,90062,31883,36977,68860,17976,22202,40178,7482,13291,20773,1640,4917,6557,338092,372271,710363
2021-07-06,23931,22260,46191,33467,33999,67466,58872,62969,121841,67136,70422,137558,55215,58833,114048,42214,48299,90513,32022,37166,69188,18062,22319,40381,7510,13346,20856,1643,4945,6588,340072,374558,714630
2021-07-07,24137,22467,46604,33681,34217,67898,59227,63368,122595,67509,70873,138382,55528,59164,114692,42438,48530,90968,32148,37321,69469,18137,22405,40542,7534,13402,20936,1652,4958,6610,341991,376705,718696
2021-07-08,24341,22675,47016,33913,34476,68389,59640,63796,123436,67925,71356,139281,55841,59589,115430,42678,48826,91504,32296,37552,69848,18226,22535,40761,7575,13446,21021,1656,4974,6630,344091,379225,723316
2021-07-09,24491,22826,47317,34079,34635,68714,59886,64071,123957,68204,71676,139880,56080,59880,115960,42841,49010,91851,32413,37663,70076,18276,22605,40881,7604,13491,21095,1662,4985,6647,345536,380842,726378
2021-07-10,24616,22967,47583,34238,34785,69023,60097,64309,124406,68441,71963,140404,56259,60125,116384,42996,49196,92192,32514,37797,70311,18338,22687,41025,7625,13534,21159,1667,4996,6663,346791,382359,729150
2021-07-11,24791,23124,47915,34360,34895,69255,60278,64507,124785,68661,72237,140898,56448,60390,116838,43144,49360,92504,32620,37912,70532,18391,22763,41154,7639,13556,21195,1674,5007,6681,348006,383751,731757
2021-07-12,25030,23365,48395,34592,35135,69727,60652,64956,125608,69098,72689,141787,56817,60823,117640,43367,49672,93039,32809,38103,70912,18490,22877,41367,7670,13604,21274,1684,5026,6710,350209,386250,736459
2021-07-13,25284,23568,48852,34827,35390,70217,61042,65369,126411,69462,73112,142574,57134,61200,118334,43598,49966,93564,32962,38289,71251,18580,22998,41578,7698,13665,21363,1694,5043,6737,352281,388600,740881
2021-07-14,25529,23804,49333,35124,35646,70770,61486,65829,127315,69841,73596,143437,57482,61614,119096,43841,50277,94118,33140,38489,71629,18657,23092,41749,7725,13720,21445,1699,5058,6757,354524,391125,745649
2021-07-15,25756,24009,49765,35444,35942,71386,61942,66298,128240,70289,74083,144372,57885,62098,119983,44112,50587,94699,33309,38699,72008,18739,23212,41951,7751,13767,21518,1707,5077,6784,356934,393772,750706
2021-07-16,25948,24197,50145,35685,36209,71894,62327,66730,129057,70689,74542,145231,58292,62546,120838,44347,50861,95208,33451,38896,72347,18801,23320,42121,7778,13819,21597,1712,5092,6804,359030,396212,755242
2021-07-17,26077,24351,50428,35864,36384,72248,62568,67010,129578,70967,74888,145855,58528,62837,121365,44521,51074,95595,33563,39021,72584,18871,23397,42268,7790,13840,21630,1716,5102,6818,360465,397904,758369
2021-07-18,26207,24457,50664,35991,36534,72525,62778,67281,130059,71193,75162,146355,58740,63067,121807,44685,51261,95946,33647,39132,72779,18936,23474,42410,7817,13879,21696,1718,5108,6826,361712,399355,761067
2021-07-19,26402,24631,51033,36170,36714,72884,63149,67681,130830,71539,75558,147097,59064,63462,122526,44913,51584,96497,33833,39345,73178,19033,23604,42637,7854,13932,21786,1723,5116,6839,363680,401627,765307
2021-07-20,26597,24807,51404,36343,36891,73234,63461,68062,131523,71867,75950,147817,59358,63807,123165,45119,51822,96941,33990,39526,73516,19120,23717,42837,7885,13989,21874,1727,5138,6865,365467,403709,769176
2021-07-21,26806,24996,51802,36587,37123,73710,63844,68502,132346,72240,76423,148663,59696,64276,123972,45399,52166,97565,34181,39791,73972,19218,23866,43084,7917,14054,21971,1731,5154,6885,367619,406351,773970
2021-07-22,27006,25170,52176,36858,37362,74220,64220,68971,133191,72687,76925,149612,60113,64776,124889,45680,52506,98186,34338,40003,74341,19317,23985,43302,7950,14111,22061,1735,5163,6898,369904,408972,778876
2021-07-23,27175,25303,52478,37034,37562,74596,64517,69322,133839,73043,77361,150404,60412,65137,125549,45910,52741,98651,34459,40168,74627,19379,24094,43473,7972,14155,22127,1741,5179,6920,371642,411022,782664
2021-07-24,27320,25452,52772,37224,37796,75020,64793,69650,134443,73408,77786,151194,60754,65504,126258,46112,52990,99102,34580,40359,74939,19462,24177,43639,8000,14192,22192,1744,5187,6931,373397,413093,786490
2021-07-25,27445,25575,53020,37418,38014,75432,65002,69921,134923,73745,78187,151932,61157,65952,127109,46342,53232,99574,34709,40485,75194,19549,24262,43811,8014,14226,22240,1750,5196,6946,375131,415050,790181
2021-07-26,27613,25770,53383,37715,38368,76083,65356,70427,135783,74229,78770,152999,61630,66523,128153,46651,53604,100255,34901,40743,75644,19654,24432,44086,8053,14297,22350,1758,5216,6974,377560,418150,795710
2021-07-27,27742,25902,53644,37888,38581,76469,65644,70771,136415,74525,79119,153644,61913,66826,128739,46828,53826,100654,35026,40887,75913,19726,24544,44270,8084,14340,22424,1762,5227,6989,379138,420023,799161
2021-07-28,27885,26035,53920,38073,38816,76889,65986,71159,137145,74898,79521,154419,62217,67175,129392,47061,54092,101153,35196,41067,76263,19805,24650,44455,8110,14379,22489,1768,5232,7000,380999,422126,803125
2021-07-29,28041,26170,54211,38285,39030,77315,66290,71543,137833,75289,79981,155270,62533,67561,130094,47272,54340,101612,35357,41239,76596,19880,24749,44629,8135,14413,22548,1773,5250,7023,382855,424276,807131
2021-07-30,28210,26325,54535,38543,39304,77847,66695,72043,138738,75757,80587,156344,62933,68111,131044,47583,54741,102324,35561,41500,77061,19963,24896,44859,8170,14476,22646,1781,5263,7044,385196,427246,812442
2021-07-31,28381,26498,54879,38780,39584,78364,66970,72412,139382,76189,81125,157314,63413,68664,132077,47877,55060,102937,35715,41724,77439,20050,25011,45061,8197,14503,22700,1783,5279,7062,387355,429860,817215
2021-08-01,28563,26699,55262,39006,39874,78880,67156,72700,139856,76531,81553,158084,63837,69186,133023,48086,55323,103409,35838,41887,77725,20119,25117,45236,8219,14552,22771,1790,5289,7079,389145,432180,821325
2021-08-02,28824,26912,55736,39304,40183,79487,67508,73157,140665,77030,82122,159152,64307,69781,134088,48388,55736,104124,36086,42178,78264,20234,25279,45513,8268,14621,22889,1795,5308,7103,391744,435277,827021
2021-08-03,29094,27163,56257,39588,40535,80123,67858,73640,141498,77470,82667,160137,64747,70351,135098,48699,56143,104842,36300,42487,78787,20376,25459,45835,8301,14687,22988,1800,5325,7125,394233,438457,832690
2021-08-04,29350,27380,56730,39824,40783,80607,68223,74059,142282,77885,83148,161033,65060,70761,135821,48916,56457,105373,36490,42713,79203,20458,25598,46056,8328,14739,23067,1802,5344,7146,396336,440982,837318
2021-08-05,29617,27675,57292,40100,41119,81219,68694,74628,143322,78381,83719,162100,65507,71309,136816,49233,56857,106090,36695,42968,79663,20565,25744,46309,8364,14803,23167,1810,5359,7169,398966,444181,843147
2021-08-06,29932,27932,57864,40480,41468,81948,69195,75227,144422,78922,84394,163316,65967,71892,137859,49542,57318,106860,36952,43322,80274,20691,25952,46643,8401,14853,23254,1813,5374,7187,401895,447732,849627
2021-08-07,30123,28143,58266,40693,41737,82430,69489,75565,145054,79287,84797,164084,66262,72245,138507,49753,57582,107335,37100,43512,80612,20772,26095,46867,8424,14901,23325,1819,5379,7198,403722,449956,853678
2021-08-08,30402,28402,58804,40942,41998,82940,69728,75867,145595,79586,85158,164744,66579,72654,139233,49946,57846,107792,37264,43708,80972,20856,26180,47036,8444,14948,23392,1825,5391,7216,405572,452152,857724
2021-08-09,30832,28789,59621,41263,42358,83621,70162,76486,146648,80138,85788,165926,67033,73266,140299,50299,58288,108587,37505,44007,81512,20991,26328,47319,8486,15012,23498,1838,5409,7247,408547,455731,864278
2021-08-10,31308,29225,60533,41681,42789,84470,70640,77147,147787,80658,86482,167140,67497,73886,141383,50672,58752,109424,37751,44326,82077,21133,26507,47640,8528,15078,23606,1840,5428,7268,411708,459620,871328
2021-08-11,31712,29622,61334,42120,43269,85389,71153,77844,148997,81253,87190,168443,68002,74571,142573,51013,59213,110226,37987,44626,82613,21259,26659,47918,8578,15150,23728,1849,5452,7301,414926,463596,878522
2021-08-12,32115,30017,62132,42537,43730,86267,71630,78469,150099,81765,87845,169610,68499,75213,143712,51327,59657,110984,38191,44881,83072,21382,26792,48174,8624,15206,23830,1858,5472,7330,417928,467282,885210
2021-08-13,32643,30461,63104,43112,44316,87428,72183,79260,151443,82479,88749,171228,69080,76001,145081,51696,60219,111915,38440,45216,83656,21521,26986,48507,8682,15272,23954,1863,5488,7351,421699,471968,893667
2021-08-14,32962,30779,63741,43462,44661,88123,72474,79688,152162,82898,89274,172172,69467,76530,145997,51942,60565,112507,38606,45440,84046,21630,27099,48729,8710,15320,24030,1866,5501,7367,424017,474857,898874
2021-08-15,33234,31040,64274,43710,44917,88627,72717,79965,152682,83225,89685,172910,69767,76911,146678,52181,60867,113048,38749,45632,84381,21724,27208,48932,8733,15370,24103,1869,5515,7384,425909,477110,903019
2021-08-16,33586,31370,64956,44011,45259,89270,72982,80347,153329,83591,90163,173754,70144,77397,147541,52437,61167,113604,38891,45822,84713,21831,27328,49159,8761,15411,24172,1876,5527,7403,428110,479791,907901
2021-08-17,34141,31820,65961,44517,45774,90291,73478,81041,154519,84265,90971,175236,70615,78156,148771,52838,61706,114544,39139,46136,85275,21974,27491,49465,8799,15497,24296,1884,5549,7433,431650,484141,915791
2021-08-18,34672,32314,66986,45064,46298,91362,73913,81663,155576,84856,91748,176604,71080,78781,149861,53160,62183,115343,39353,46429,85782,22112,27669,49781,8834,15578,24412,1899,5570,7469,434943,488233,923176
2021-08-19,35166,32769,67935,45543,46812,92355,74353,82300,156653,85464,92513,177977,71557,79429,150986,53501,62612,116113,39565,46711,86276,22223,27802,50025,8867,15634,24501,1909,5584,7493,438148,492166,930314
2021-08-20,35771,33311,69082,46129,47416,93545,74862,82969,157831,86031,93328,179359,72071,80146,152217,53844,63124,116968,39794,47044,86838,22361,27988,50349,8901,15704,24605,1919,5603,7522,441683,496633,938316
2021-08-21,36090,33663,69753,46442,47749,94191,75168,83419,158587,86479,93909,180388,72445,80638,153083,54108,63470,117578,39970,47281,87251,22462,28128,50590,8931,15752,24683,1922,5619,7541,444017,499628,943645
2021-08-22,36552,34095,70647,46736,48081,94817,75435,83767,159202,86887,94455,181342,72826,81150,153976,54385,63810,118195,40145,47500,87645,22574,28248,50822,8961,15795,24756,1928,5634,7562,446429,502535,948964
2021-08-23,37340,34862,72202,47295,48702,95997,75944,84457,160401,87551,95276,182827,73390,81941,155331,54751,64318,119069,40411,47881,88292,22728,28453,51181,9008,15869,24877,1932,5650,7582,450350,507409,957759
2021-08-24,38142,35624,73766,47864,49256,97120,76428,85120,161548,88122,96112,184234,73896,82600,156496,55071,64815,119886,40640,48236,88876,22845,28618,51463,9064,15933,24997,1937,5666,7603,454009,511980,965989
2021-08-25,38922,36376,75298,48401,49789,98190,76830,85719,162549,88653,96915,185568,74390,83318,157708,55402,65262,120664,40891,48585,89476,22991,28790,51781,9113,15974,25087,1945,5695,7640,457538,516423,973961
2021-08-26,39721,37119,76840,48978,50370,99348,77285,86389,163674,89266,97734,187000,74891,84025,158916,55714,65762,121476,41128,48900,90028,23123,28987,52110,9156,16044,25200,1951,5712,7663,461213,521042,982255
2021-08-27,40588,37871,78459,49530,51044,100574,77723,87043,164766,89863,98624,188487,75392,84807,160199,56070,66263,122333,41379,49232,90611,23251,29165,52416,9193,16118,25311,1955,5726,7681,464944,525893,990837
2021-08-28,41072,38286,79358,49830,51323,101153,78012,87450,165462,90276,99153,189429,75722,85309,161031,56307,66553,122860,41548,49458,91006,23327,29275,52602,9236,16161,25397,1959,5733,7692,467289,528701,995990
2021-08-29,41601,38771,80372,50080,51624,101704,78213,87762,165975,90642,99618,190260,76057,85737,161794,56529,66858,123387,41710,49643,91353,23403,29379,52782,9274,16210,25484,1961,5741,7702,469470,531343,1000813
2021-08-30,42518,39587,82105,50611,52145,102756,78614,88312,166926,91199,100375,191574,76568,86366,162934,56828,67282,124110,41937,49955,91892,23526,29553,53079,9327,16279,25606,1966,5761,7727,473094,535615,1008709
2021-08-31,43520,40486,84006,51294,52737,104031,79043,88951,167994,91779,101132,192911,77088,87101,164189,57179,67751,124930,42196,50304,92500,23659,29762,53421,9369,16347,25716,1976,5779,7755,477103,540350,1017453
2021-09-01,44444,41310,85754,51893,53311,105204,79458,89498,168956,92325,101896,194221,77544,87711,165255,57466,68150,125616,42429,50563,92992,23768,29941,53709,9409,16428,25837,1980,5796,7776,480716,544604,1025320
2021-09-02,45181,41995,87176,52353,53801,106154,79802,89972,169774,92821,102502,195323,77907,88296,166203,57727,68509,126236,42619,50809,93428,23884,30066,53950,9439,16474,25913,1986,5812,7798,483719,548236,1031955
2021-09-03,45759,42549,88308,52825,54288,107113,80178,90455,170633,93303,103131,196434,78351,88884,167235,57999,68909,126908,42833,51105,93938,24007,30239,54246,9473,16528,26001,1987,5822,7809,486715,551910,1038625
2021-09-04,46137,42902,89039,53039,54507,107546,80372,90730,171102,93618,103539,197157,78645,89241,167886,58194,69145,127339,42975,51279,94254,24091,30350,54441,9500,16575,26075,1990,5833,7823,488561,554101,1042662
2021-09-05,46540,43279,89819,53261,54747,108008,80585,90983,171568,93952,104003,197955,78926,89610,168536,58387,69402,127789,43130,51479,94609,24202,30465,54667,9523,16610,26133,1997,5847,7844,490503,556425,1046928
2021-09-06,47327,44067,91394,53714,55197,108911,80973,91526,172499,94476,104664,199140,79406,90211,169617,58699,69829,128528,43372,51780,95152,24360,30629,54989,9561,16687,26248,2004,5874,7878,493892,560464,1054356
2021-09-07,47996,44800,92796,54148,55677,109825,81311,91994,173305,94906,105245,200151,79764,90726,170490,58945,70173,129118,43559,52028,95587,24450,30785,55235,9595,16751,26346,2011,5901,7912,496685,564080,1060765
2021-09-08,48517,45356,93873,54560,56060,110620,81609,92353,173962,95300,105731,201031,80083,91173,171256,59201,70494,129695,43715,52226,95941,24538,30897,55435,9630,16795,26425,2019,5914,7933,499172,566999,1066171
2021-09-09,49097,45896,94993,54925,56412,111337,81883,92784,174667,95677,106196,201873,80392,91611,172003,59412,70815,130227,43894,52421,96315,24640,31023,55663,9670,16853,26523,2024,5930,7954,501614,569941,1071555
2021-09-10,49667,46405,96072,55368,56902,112270,82360,93514,175874,96307,107019,203326,80964,92462,173426,59877,71441,131318,44197,52883,97080,24770,31228,55998,9730,16909,26639,2032,5945,7977,505272,574708,1079980
2021-09-11,49994,46740,96734,55628,57197,112825,82739,94028,176767,96783,107619,204402,81415,93011,174426,60200,71864,132064,44435,53210,97645,24879,31391,56270,9765,16944,26709,2037,5952,7989,507875,577956,1085831
2021-09-12,50305,47027,97332,55797,57398,113195,82908,94250,177158,97033,107932,204965,81662,93288,174950,60368,72077,132445,44559,53384,97943,24947,31476,56423,9780,16973,26753,2043,5961,8004,509402,579766,1089168
2021-09-13,50930,47636,98566,56169,57821,113990,83235,94728,177963,97494,108543,206037,82100,93826,175926,60638,72510,133148,44801,53656,98457,25087,31657,56744,9814,17046,26860,2052,5979,8031,512320,583402,1095722
2021-09-14,51550,48192,99742,56544,58211,114755,83543,95117,178660,97880,109076,206956,82424,94285,176709,60868,72858,133726,44976,53908,98884,25208,31821,57029,9845,17102,26947,2058,5993,8051,514896,586563,1101459
2021-09-15,52033,48638,100671,56878,58523,115401,83756,95459,179215,98186,109550,207736,82712,94690,177402,61048,73104,134152,45120,54112,99232,25293,31933,57226,9881,17157,27038,2066,6017,8083,516973,589183,1106156
2021-09-16,52492,49053,101545,57220,58852,116072,84006,95809,179815,98510,110057,208567,83023,95138,178161,61255,73382,134637,45263,54346,99609,25391,32075,57466,9914,17208,27122,2076,6033,8109,519150,591953,1111103
2021-09-17,53086,49596,102682,57631,59283,116914,84277,96217,180494,98866,110549,209415,83356,95588,178944,61454,73706,135160,45421,54559,99980,25513,32227,57740,9945,17277,27222,2080,6043,8123,521629,595045,1116674
2021-09-18,53405,49887,103292,57817,59482,117299,84469,96476,180945,99127,110886,210013,83586,95891,179477,61614,73918,135532,45565,54756,100321,25593,32341,57934,9978,17315,27293,2084,6054,8138,523238,597006,1120244
2021-09-19,53758,50216,103974,57980,59651,117631,84627,96695,181322,99373,111201,210574,83823,96145,179968,61755,74111,135866,45681,54892,100573,25657,32432,58089,9995,17360,27355,2090,6063,8153,524739,598766,1123505
2021-09-20,54401,50855,105256,58474,60177,118651,84882,97070,181952,99778,111685,211463,84174,96579,180753,61996,74441,136437,45894,55146,101040,25764,32580,58344,10027,17417,27444,2099,6073,8172,527489,602023,1129512
2021-09-21,54927,51364,106291,58696,60441,119137,85104,97428,182532,100124,112091,212215,84467,96930,181397,62178,74716,136894,46066,55368,101434,25887,32714,58601,10067,17472,27539,2102,6083,8185,529618,604607,1134225
2021-09-22,55520,51856,107376,59139,60881,120020,85339,97784,183123,100461,112596,213057,84753,97325,182078,62355,75023,137378,46228,55591,101819,25993,32838,58831,10091,17530,27621,2108,6102,8210,531987,607526,1139513
2021-09-23,56017,52324,108341,59583,61358,120941,85568,98143,183711,100803,113073,213876,85031,97741,182772,62539,75309,137848,46414,55847,102261,26101,32974,59075,10125,17587,27712,2118,6128,8246,534299,610484,1144783
2021-09-24,56455,52771,109226,59891,61642,121533,85797,98440,184237,101079,113426,214505,85264,98089,183353,62697,75554,138251,46571,56053,102624,26181,33116,59297,10156,17640,27796,2122,6135,8257,536213,612866,1149079
2021-09-25,56716,52991,109707,60023,61784,121807,85935,98639,184574,101284,113688,214972,85447,98315,183762,62840,75706,138546,46682,56192,102874,26252,33205,59457,10178,17676,27854,2124,6151,8275,537481,614347,1151828
2021-09-26,57018,53252,110270,60166,61943,122109,86052,98818,184870,101488,113945,215433,85672,98565,184237,62959,75892,138851,46803,56327,103130,26312,33279,59591,10197,17707,27904,2126,6160,8286,538793,615888,1154681
2021-09-27,57568,53742,111310,60596,62292,122888,86282,99161,185443,101846,114372,216218,86003,98913,184916,63151,76183,139334,46978,56570,103548,26439,33424,59863,10226,17765,27991,2136,6178,8314,541225,618600,1159825
2021-09-28,58103,54197,112300,61088,62816,123904,86483,99485,185968,102171,114768,216939,86280,99276,185556,63336,76418,139754,47134,56771,103905,26533,33521,60054,10247,17821,28068,2141,6190,8331,543516,621263,1164779
2021-09-29,58575,54601,113176,61464,63222,124686,86719,99822,186541,102479,115201,217680,86557,99616,186173,63526,76656,140182,47288,56981,104269,26635,33671,60306,10291,17868,28159,2150,6200,8350,545684,623838,1169522
2021-09-30,58949,54961,113910,61911,63722,125633,86921,100111,187032,102772,115541,218313,86779,99915,186694,63704,76876,140580,47423,57183,104606,26706,33790,60496,10318,17930,28248,2156,6213,8369,547639,626242,1173881
2021-10-01,59417,55332,114749,62421,64241,126662,87158,100418,187576,103072,115987,219059,87068,100268,187336,63912,77117,141029,47579,57395,104974,26808,33933,60741,10355,17997,28352,2159,6232,8391,549949,628920,1178869
2021-10-02,59667,55577,115244,62577,64407,126984,87316,100632,187948,103273,116273,219546,87238,100461,187699,64041,77287,141328,47692,57551,105243,26890,34021,60911,10375,18038,28413,2161,6240,8401,551230,630487,1181717
2021-10-03,59899,55783,115682,62715,64538,127253,87464,100837,188301,103457,116489,219946,87406,100680,188086,64154,77437,141591,47779,57688,105467,26944,34102,61046,10394,18072,28466,2162,6244,8406,552374,631870,1184244
2021-10-04,60385,56239,116624,63236,65006,128242,87718,101195,188913,103741,116949,220690,87712,101047,188759,64356,77750,142106,47955,57944,105899,27055,34262,61317,10431,18116,28547,2166,6258,8424,554755,634766,1189521
2021-10-05,60877,56670,117547,63718,65594,129312,87964,101539,189503,104080,117400,221480,87999,101412,189411,64563,78052,142615,48098,58180,106278,27148,34400,61548,10469,18165,28634,2177,6272,8449,557093,637684,1194777
2021-10-06,61280,57013,118293,64137,66055,130192,88228,101895,190123,104413,117844,222257,88297,101789,190086,64747,78349,143096,48258,58381,106639,27242,34530,61772,10507,18212,28719,2183,6283,8466,559292,640351,1199643
2021-10-07,61612,57344,118956,64394,66345,130739,88480,102234,190714,104751,118298,223049,88603,102200,190803,64954,78624,143578,48416,58613,107029,27370,34653,62023,10535,18264,28799,2186,6299,8485,561301,642874,1204175
2021-10-08,61784,57511,119295,64561,66543,131104,88688,102461,191149,104989,118611,223600,88853,102455,191308,65117,78852,143969,48578,58796,107374,27440,34731,62171,10557,18300,28857,2194,6315,8509,562761,644575,1207336
2021-10-09,61931,57658,119589,64775,66759,131534,88847,102672,191519,105209,118887,224096,89045,102703,191748,65276,79055,144331,48717,58972,107689,27526,34842,62368,10576,18347,28923,2200,6324,8524,564102,646219,1210321
2021-10-10,62131,57854,119985,64907,66905,131812,88987,102877,191864,105423,119129,224552,89248,102936,192184,65424,79233,144657,48849,59129,107978,27589,34936,62525,10599,18384,28983,2202,6330,8532,565359,647713,1213072
2021-10-11,62353,58063,120416,65114,67122,132236,89203,103111,192314,105696,119425,225121,89501,103245,192746,65603,79477,145080,49002,59318,108320,27681,35048,62729,10623,18420,29043,2207,6342,8549,566983,649571,1216554
2021-10-12,62743,58448,121191,65562,67617,133179,89517,103584,193101,106094,119895,225989,89845,103698,193543,65834,79796,145630,49200,59599,108799,27802,35193,62995,10659,18480,29139,2216,6362,8578,569472,652672,1222144
2021-10-13,63164,58827,121991,66040,68107,134147,89859,104042,193901,106527,120372,226899,90207,104130,194337,66076,80093,146169,49380,59849,109229,27924,35346,63270,10692,18526,29218,2220,6372,8592,572089,655664,1227753
2021-10-14,63552,59208,122760,66599,68668,135267,90189,104483,194672,106899,120851,227750,90553,104576,195129,66327,80417,146744,49586,60118,109704,28050,35501,63551,10728,18591,29319,2229,6390,8619,574712,658803,1233515
2021-10-15,63864,59484,123348,66970,69073,136043,90465,104883,195348,107265,121277,228542,90845,104965,195810,66558,80677,147235,49762,60378,110140,28151,35664,63815,10752,18639,29391,2231,6400,8631,576863,661440,1238303
2021-10-16,64057,59658,123715,67202,69349,136551,90684,105128,195812,107554,121589,229143,91103,105283,196386,66745,80923,147668,49922,60598,110520,28264,35820,64084,10788,18690,29478,2235,6414,8649,578554,663452,1242006
2021-10-17,64236,59796,124032,67418,69569,136987,90828,105334,196162,107782,121847,229629,91320,105538,196858,66894,81116,148010,50032,60739,110771,28345,35922,64267,10810,18720,29530,2236,6417,8653,579901,664998,1244899
2021-10-18,64656,60205,124861,67782,69956,137738,91137,105756,196893,108171,122290,230461,91637,105951,197588,67149,81455,148604,50246,61037,111283,28470,36092,64562,10855,18788,29643,2242,6427,8669,582345,667957,1250302
2021-10-19,65131,60664,125795,68148,70360,138508,91413,106133,197546,108502,122716,231218,91897,106358,198255,67355,81733,149088,50428,61251,111679,28584,36237,64821,10890,18850,29740,2248,6446,8694,584596,670748,1255344
2021-10-20,65606,61103,126709,68559,70857,139416,91761,106594,198355,108876,123252,232128,92246,106814,199060,67599,82067,149666,50586,61507,112093,28701,36396,65097,10927,18900,29827,2253,6458,8711,587114,673948,1261062
2021-10-21,66125,61580,127705,68968,71360,140328,92070,107012,199082,109265,123848,233113,92579,107278,199857,67827,82446,150273,50770,61793,112563,28815,36558,65373,10959,18963,29922,2256,6480,8736,589634,677318,1266952
2021-10-22,66604,62077,128681,69492,71970,141462,92362,107480,199842,109657,124419,234076,92936,107826,200762,68089,82805,150894,50963,62084,113047,28945,36711,65656,11000,19030,30030,2265,6495,8760,592313,680897,1273210
2021-10-23,66900,62348,129248,69806,72258,142064,92541,107756,200297,109922,124766,234688,93193,108161,201354,68271,83071,151342,51115,62281,113396,29034,36816,65850,11022,19075,30097,2271,6510,8781,594075,683042,1277117
2021-10-24,67216,62632,129848,70047,72482,142529,92687,108024,200711,110186,125129,235315,93429,108490,201919,68461,83320,151781,51235,62440,113675,29102,36908,66010,11046,19099,30145,2273,6518,8791,595682,685042,1280724
2021-10-25,67819,63251,131070,70471,72947,143418,93042,108536,201578,110646,125709,236355,93857,109041,202898,68742,83740,152482,51476,62792,114268,29231,37093,66324,11081,19150,30231,2275,6529,8804,598640,688788,1287428
2021-10-26,68371,63800,132171,70994,73438,144432,93415,109022,202437,111059,126251,237310,94216,109541,203757,69023,84130,153153,51718,63096,114814,29349,37249,66598,11111,19215,30326,2279,6541,8820,601535,692283,1293818
2021-10-27,68889,64300,133189,71500,73908,145408,93748,109427,203175,111430,126752,238182,94555,110004,204559,69252,84473,153725,51910,63375,115285,29478,37391,66869,11150,19277,30427,2282,6556,8838,604194,695463,1299657
2021-10-28,69417,64781,134198,71985,74407,146392,94047,109871,203918,111840,127252,239092,94895,110483,205378,69483,84794,154277,52112,63614,115726,29579,37536,67115,11190,19332,30522,2288,6573,8861,606836,698643,1305479
2021-10-29,69900,65249,135149,72462,74874,147336,94351,110339,204690,112276,127786,240062,95318,110978,206296,69742,85177,154919,52328,63890,116218,29708,37721,67429,11230,19397,30627,2292,6589,8881,609607,702000,1311607
2021-10-30,70153,65482,135635,72766,75177,147943,94542,110584,205126,112556,128159,240715,95604,111349,206953,69946,85428,155374,52485,64069,116554,29812,37828,67640,11262,19441,30703,2297,6596,8893,611423,704113,1315536
2021-10-31,70392,65716,136108,73018,75452,148470,94705,110797,205502,112780,128463,241243,95823,111647,207470,70125,85660,155785,52604,64222,116826,29878,37935,67813,11289,19472,30761,2301,6609,8910,612915,705973,1318888
2021-11-01,70833,66164,136997,73411,75867,149278,94985,111233,206218,113195,128997,242192,96284,112171,208455,70463,86080,156543,52853,64562,117415,30040,38127,68167,11328,19538,30866,2312,6626,8938,615704,709365,1325069
2021-11-02,71323,66603,137926,73824,76282,150106,95255,111640,206895,113542,129462,243004,96594,112637,209231,70691,86421,157112,53057,64836,117893,30158,38268,68426,11372,19600,30972,2318,6641,8959,618134,712390,1330524
2021-11-03,71818,66983,138801,74276,76837,151113,95566,112081,207647,113941,129978,243919,96987,113160,210147,70985,86807,157792,53263,65096,118359,30296,38433,68729,11410,19648,31058,2320,6652,8972,620862,715675,1336537
2021-11-04,72213,67340,139553,74699,77252,151951,95843,112508,208351,114318,130483,244801,97331,113655,210986,71273,87180,158453,53470,65363,118833,30407,38589,68996,11449,19727,31176,2326,6672,8998,623329,718769,1342098
2021-11-05,72606,67717,140323,75082,77707,152789,96178,112946,209124,114692,131008,245700,97683,114155,211838,71572,87531,159103,53693,65629,119322,30514,38724,69238,11487,19781,31268,2331,6686,9017,625838,721884,1347722
2021-11-06,72853,67932,140785,75350,77984,153334,96348,113216,209564,114958,131328,246286,97899,114443,212342,71747,87785,159532,53842,65784,119626,30593,38826,69419,11513,19822,31335,2331,6696,9027,627434,723816,1351250
2021-11-07,73075,68177,141252,75588,78275,153863,96504,113467,209971,115161,131608,246769,98130,114734,212864,71927,88025,159952,53966,65956,119922,30660,38920,69580,11540,19841,31381,2336,6699,9035,628887,725702,1354589
2021-11-08,73618,68661,142279,75986,78675,154661,96839,113917,210756,115595,132143,247738,98519,115327,213846,72206,88436,160642,54196,66233,120429,30787,39089,69876,11588,19911,31499,2341,6713,9054,631675,729105,1360780
2021-11-09,74101,69084,143185,76384,79106,155490,97115,114364,211479,115995,132634,248629,98893,115820,214713,72452,88790,161242,54380,66434,120814,30888,39208,70096,11622,19974,31596,2348,6721,9069,634178,732135,1366313
2021-11-10,74568,69496,144064,76755,79532,156287,97470,114847,212317,116385,133205,249590,99293,116337,215630,72738,89168,161906,54557,66692,121249,30982,39351,70333,11649,20043,31692,2352,6736,9088,636749,735407,1372156
2021-11-11,75070,69954,145024,77129,80002,157131,97812,115293,213105,116850,133832,250682,99660,116885,216545,72986,89545,162531,54753,66917,121670,31088,39483,70571,11681,20110,31791,2354,6747,9101,639383,738768,1378151
2021-11-12,75462,70352,145814,77598,80498,158096,98167,115764,213931,117312,134518,251830,100088,117501,217589,73324,90013,163337,55029,67302,122331,31225,39665,70890,11726,20167,31893,2356,6760,9116,642287,742540,1384827
2021-11-13,75722,70610,146332,77990,80871,158861,98388,116079,214467,117649,134904,252553,100374,117885,218259,73517,90308,163825,55200,67519,122719,31346,39832,71178,11753,20209,31962,2359,6775,9134,644298,744992,1389290
2021-11-14,75927,70826,146753,78157,81016,159173,98501,116261,214762,117852,135150,253002,100561,118113,218674,73628,90469,164097,55287,67660,122947,31422,39923,71345,11768,20233,32001,2365,6789,9154,645468,746440,1391908
2021-11-15,76380,71264,147644,78541,81413,159954,98782,116681,215463,118273,135669,253942,100914,118667,219581,73891,90870,164761,55538,67973,123511,31567,40117,71684,11814,20295,32109,2369,6803,9172,648069,749752,1397821
2021-11-16,76830,71704,148534,78946,81795,160741,99064,117135,216199,118631,136215,254846,101283,119150,220433,74179,91270,165449,55756,68257,124013,31678,40267,71945,11853,20337,32190,2374,6815,9189,650594,752945,1403539
2021-11-17,77286,72127,149413,79291,82129,161420,99387,117608,216995,119042,136872,255914,101673,119723,221396,74498,91693,166191,55981,68564,124545,31823,40437,72260,11892,20387,32279,2381,6825,9206,653254,756365,1409619
2021-11-18,77761,72520,150281,79740,82591,162331,99708,118087,217795,119477,137480,256957,102055,120285,222340,74763,92116,166879,56215,68831,125046,31929,40569,72498,11933,20452,32385,2390,6845,9235,655971,759776,1415747
2021-11-19,78126,72875,151001,80194,83098,163292,100016,118530,218546,119843,138075,257918,102446,120787,223233,75038,92530,167568,56427,69062,125489,32038,40739,72777,11963,20498,32461,2394,6855,9249,658485,763049,1421534
2021-11-20,78370,73105,151475,80512,83493,164005,100191,118798,218989,120101,138409,258510,102677,121115,223792,75219,92764,167983,56593,69229,125822,32126,40834,72960,11989,20535,32524,2398,6862,9260,660176,765144,1425320
2021-11-21,78548,73284,151832,80757,83762,164519,100309,118948,219257,120290,138643,258933,102867,121357,224224,75360,92927,168287,56707,69415,126122,32178,40936,73114,12012,20564,32576,2400,6866,9266,661428,766702,1428130
2021-11-22,78796,73551,152347,81048,84060,165108,100464,119166,219630,120554,138970,259524,103117,121700,224817,75553,93168,168721,56836,69603,126439,32275,41044,73319,12042,20611,32653,2402,6879,9281,663087,768752,1431839
2021-11-23,79201,73927,153128,81379,84410,165789,100713,119537,220250,120908,139403,260311,103397,122098,225495,75746,93496,169242,57009,69822,126831,32378,41182,73560,12086,20655,32741,2405,6894,9299,665222,771424,1436646
2021-11-24,79544,74278,153822,81633,84721,166354,100974,119913,220887,121241,139818,261059,103675,122511,226186,75933,93824,169757,57156,70031,127187,32480,41292,73772,12116,20704,32820,2409,6902,9311,667161,773994,1441155
2021-11-25,79888,74650,154538,81970,85050,167020,101271,120270,221541,121638,140310,261948,104031,122927,226958,76196,94142,170338,57342,70252,127594,32577,41411,73988,12151,20750,32901,2410,6911,9321,669474,776673,1446147
2021-11-26,80208,74976,155184,82478,85577,168055,101602,120653,222255,122015,140847,262862,104403,123423,227826,76457,94481,170938,57538,70496,128034,32679,41558,74237,12179,20795,32974,2412,6922,9334,671971,779728,1451699
2021-11-27,80424,75193,155617,82824,85957,168781,101862,120948,222810,122355,141232,263587,104719,123784,228503,76690,94746,171436,57737,70717,128454,32804,41694,74498,12223,20848,33071,2414,6939,9353,674052,782058,1456110
2021-11-28,80623,75365,155988,83032,86219,169251,102013,121147,223160,122577,141495,264072,104921,124076,228997,76854,94926,171780,57848,70848,128696,32855,41767,74622,12239,20881,33120,2418,6947,9365,675380,783671,1459051
2021-11-29,80946,75695,156641,83484,86679,170163,102333,121566,223899,122999,142016,265015,105292,124555,229847,77103,95290,172393,58064,71131,129195,33007,41935,74942,12278,20945,33223,2423,6963,9386,677929,786775,1464704
2021-11-30,81262,76001,157263,83884,87102,170986,102643,122026,224669,123448,142555,266003,105670,125053,230723,77371,95665,173036,58262,71400,129662,33120,42087,75207,12317,21010,33327,2426,6982,9408,680403,789881,1470284
2021-12-01,81654,76302,157956,84244,87484,171728,102907,122470,225377,123814,143067,266881,106041,125528,231569,77611,95997,173608,58481,71680,130161,33242,42229,75471,12344,21061,33405,2430,6999,9429,682768,792817,1475585
2021-12-02,81994,76623,158617,84681,88028,172709,103229,122969,226198,124277,143691,267968,106467,126061,232528,77886,96398,174284,58684,71968,130652,33349,42387,75736,12378,21115,33493,2432,7012,9444,685377,796252,1481629
2021-12-03,82227,76869,159096,84960,88360,173320,103461,123268,226729,124567,144043,268610,106743,126368,233111,78053,96637,174690,58843,72139,130982,33435,42482,75917,12402,21153,33555,2435,7025,9460,687126,798344,1485470
2021-12-04,82460,77069,159529,85376,88837,174213,103696,123565,227261,124866,144429,269295,107003,126734,233737,78222,96895,175117,59005,72322,131327,33514,42597,76111,12435,21201,33636,2435,7036,9471,689012,800685,1489697
2021-12-05,82702,77281,159983,85781,89257,175038,103897,123861,227758,125108,144769,269877,107249,127062,234311,78407,97145,175552,59133,72503,131636,33599,42704,76303,12458,21233,33691,2435,7043,9478,690769,802858,1493627
2021-12-06,83050,77628,160678,86183,89718,175901,104237,124319,228556,125538,145298,270836,107633,127594,235227,78700,97545,176245,59362,72823,132185,33730,42847,76577,12503,21301,33804,2439,7053,9492,693375,806126,1499501
2021-12-07,83305,77867,161172,86477,90057,176534,104484,124694,229178,125854,145751,271605,107908,127997,235905,78877,97805,176682,59473,72977,132450,33789,42943,76732,12518,21340,33858,2440,7064,9504,695125,808495,1503620
2021-12-08,83316,77892,161208,86496,90088,176584,104503,124725,229228,125873,145773,271646,107926,128018,235944,78896,97822,176718,59485,72992,132477,33795,42953,76748,12521,21341,33862,2440,7064,9504,695251,808668,1503919
2021-12-09,83316,77892,161208,86496,90088,176584,104503,124725,229228,125873,145773,271646,107926,128018,235944,78896,97822,176718,59485,72992,132477,33795,42953,76748,12521,21341,33862,2440,7064,9504,695251,808668,1503919
2021-12-10,83316,77892,161208,86496,90088,176584,104503,124725,229228,125873,145773,271646,107926,128018,235944,78896,97822,176718,59485,72992,132477,33795,42953,76748,12521,21341,33862,2440,7064,9504,695251,808668,1503919
