FECHA,<=10M,<=10F,<=10,11-20M,11-20F,11-20,21-30M,21-30F,21-30,31-40M,31-40F,31-40,41-50M,41-50F,41-50,51-60M,51-60F,51-60,61-70M,61-70F,61-70,71-80M,71-80F,71-80,81-90M,81-90F,81-90,>=91M,>=91F,>=91,TotalM,TotalF,Total
2020-03-15,1,0,1,0,0,0,0,1,1,2,1,3,0,0,0,1,0,1,0,0,0,1,1,2,0,0,0,0,0,0,5,3,8
2020-03-16,2,2,4,0,1,1,1,2,3,3,2,5,0,0,0,3,0,3,2,1,3,1,1,2,0,0,0,0,0,0,12,9,21
2020-03-17,2,6,8,0,2,2,1,3,4,4,2,6,0,2,2,4,1,5,3,2,5,2,3,5,1,0,1,0,0,0,17,21,38
2020-03-18,4,7,11,0,2,2,1,3,4,6,3,9,0,3,3,5,2,7,3,3,6,3,4,7,2,0,2,0,0,0,24,27,51
2020-03-19,5,7,12,0,2,2,4,4,8,8,4,12,1,4,5,5,2,7,4,4,8,4,5,9,2,0,2,1,0,1,34,32,66
2020-03-20,6,8,14,1,2,3,4,4,8,8,6,14,1,4,5,5,2,7,4,5,9,6,7,13,3,0,3,1,0,1,39,38,77
2020-03-21,6,8,14,1,2,3,6,5,11,10,8,18,2,5,7,5,2,7,6,6,12,7,8,15,3,0,3,1,0,1,47,44,91
2020-03-22,6,8,14,1,2,3,9,6,15,10,8,18,2,5,7,6,3,9,6,7,13,9,8,17,6,2,8,1,0,1,56,49,105
2020-03-23,7,8,15,2,4,6,9,7,16,11,9,20,2,5,7,8,3,11,8,7,15,12,9,21,9,6,15,1,1,2,69,59,128
2020-03-24,8,8,16,2,4,6,9,7,16,12,10,22,2,6,8,10,4,14,8,7,15,14,9,23,10,7,17,2,1,3,77,63,140
2020-03-25,9,10,19,2,4,6,10,9,19,13,10,23,2,6,8,10,6,16,10,8,18,16,11,27,12,11,23,4,2,6,88,77,165
2020-03-26,12,12,24,4,4,8,11,11,22,16,12,28,3,8,11,13,7,20,11,11,22,19,12,31,16,11,27,6,3,9,111,91,202
2020-03-27,13,14,27,4,5,9,11,12,23,18,12,30,4,9,13,14,8,22,12,15,27,23,18,41,19,14,33,8,9,17,126,116,242
2020-03-28,15,14,29,4,5,9,12,12,24,18,12,30,5,10,15,17,9,26,15,15,30,26,22,48,21,15,36,9,9,18,142,123,265
2020-03-29,16,14,30,5,6,11,12,13,25,20,12,32,7,12,19,17,9,26,21,18,39,27,23,50,26,17,43,11,10,21,162,134,296
2020-03-30,18,15,33,5,6,11,13,15,28,21,15,36,10,13,23,18,10,28,25,18,43,30,28,58,31,18,49,14,12,26,185,150,335
2020-03-31,23,16,39,7,6,13,15,16,31,24,17,41,12,13,25,19,10,29,29,20,49,34,31,65,32,21,53,18,12,30,213,162,375
2020-04-01,29,23,52,7,8,15,17,19,36,28,18,46,19,16,35,22,11,33,33,21,54,39,33,72,36,27,63,18,13,31,248,189,437
2020-04-02,33,28,61,11,13,24,17,22,39,31,21,52,22,20,42,23,14,37,38,25,63,46,39,85,41,32,73,20,15,35,282,229,511
2020-04-03,45,33,78,14,14,28,20,28,48,36,26,62,25,26,51,23,17,40,43,27,70,50,41,91,45,38,83,22,20,42,323,270,593
2020-04-04,52,38,90,14,15,29,20,32,52,38,35,73,29,27,56,27,17,44,47,29,76,52,44,96,49,40,89,23,23,46,351,300,651
2020-04-05,56,43,99,16,16,32,26,32,58,42,35,77,37,29,66,30,19,49,47,37,84,57,53,110,53,44,97,25,26,51,389,334,723
2020-04-06,63,47,110,18,17,35,30,34,64,53,35,88,44,32,76,36,20,56,50,42,92,67,55,122,59,49,108,26,29,55,446,360,806
2020-04-07,70,52,122,19,19,38,34,36,70,56,39,95,47,36,83,40,21,61,52,45,97,74,63,137,64,58,122,29,30,59,485,399,884
2020-04-08,74,57,131,21,20,41,36,38,74,59,41,100,54,39,93,42,23,65,58,47,105,81,67,148,67,61,128,32,36,68,524,429,953
2020-04-09,75,58,133,22,21,43,38,43,81,68,48,116,56,42,98,46,28,74,60,49,109,89,76,165,70,70,140,36,41,77,560,476,1036
2020-04-10,88,60,148,24,22,46,40,46,86,70,49,119,64,43,107,47,30,77,64,50,114,90,86,176,74,77,151,38,46,84,599,509,1108
2020-04-11,93,64,157,26,24,50,44,50,94,73,51,124,68,44,112,47,33,80,66,56,122,95,88,183,78,84,162,39,51,90,629,545,1174
2020-04-12,98,68,166,27,24,51,44,52,96,77,52,129,70,48,118,52,34,86,68,58,126,97,96,193,81,88,169,40,53,93,654,573,1227
2020-04-13,101,73,174,31,27,58,52,54,106,81,59,140,72,49,121,56,38,94,74,62,136,101,102,203,88,97,185,45,59,104,701,620,1321
2020-04-14,112,77,189,33,27,60,57,58,115,87,60,147,76,53,129,64,43,107,78,69,147,108,107,215,95,100,195,49,63,112,759,657,1416
2020-04-15,117,80,197,37,32,69,58,61,119,92,66,158,80,62,142,67,52,119,83,71,154,116,109,225,103,107,210,54,66,120,807,706,1513
2020-04-16,124,82,206,40,36,76,62,64,126,97,74,171,89,69,158,73,59,132,87,81,168,121,112,233,107,113,220,55,70,125,855,760,1615
2020-04-17,130,86,216,41,38,79,63,70,133,100,83,183,96,74,170,79,64,143,94,84,178,133,117,250,112,120,232,56,74,130,904,810,1714
2020-04-18,135,91,226,43,38,81,71,72,143,111,85,196,102,78,180,84,66,150,96,86,182,137,126,263,117,127,244,59,79,138,955,848,1803
2020-04-19,139,97,236,47,39,86,73,73,146,115,88,203,105,80,185,89,72,161,98,91,189,143,134,277,119,134,253,61,80,141,989,888,1877
2020-04-20,147,102,249,56,43,99,82,75,157,126,93,219,110,86,196,96,74,170,108,96,204,158,145,303,128,142,270,66,95,161,1077,951,2028
2020-04-21,156,109,265,59,45,104,94,76,170,132,102,234,112,88,200,100,81,181,111,101,212,170,156,326,135,152,287,69,104,173,1138,1014,2152
2020-04-22,163,114,277,62,47,109,100,83,183,139,104,243,119,95,214,102,84,186,115,103,218,179,170,349,143,162,305,76,111,187,1198,1073,2271
2020-04-23,173,123,296,66,52,118,104,89,193,144,109,253,126,96,222,105,88,193,121,109,230,186,176,362,153,171,324,84,121,205,1262,1134,2396
2020-04-24,182,130,312,71,56,127,110,96,206,154,116,270,129,100,229,112,92,204,128,117,245,195,185,380,162,187,349,88,124,212,1331,1203,2534
2020-04-25,189,132,321,75,57,132,112,98,210,158,121,279,133,103,236,117,96,213,134,120,254,201,186,387,171,201,372,93,129,222,1383,1243,2626
2020-04-26,194,143,337,79,62,141,113,99,212,161,123,284,140,107,247,119,99,218,139,125,264,205,193,398,178,208,386,94,131,225,1422,1290,2712
2020-04-27,202,152,354,83,65,148,118,103,221,164,131,295,143,111,254,125,105,230,146,131,277,222,197,419,189,222,411,97,137,234,1489,1354,2843
2020-04-28,214,158,372,86,68,154,125,109,234,171,134,305,145,117,262,132,111,243,150,138,288,225,209,434,195,236,431,99,141,240,1542,1421,2963
2020-04-29,224,165,389,90,71,161,136,113,249,184,137,321,152,122,274,138,116,254,153,144,297,234,213,447,198,250,448,104,152,256,1613,1483,3096
2020-04-30,235,172,407,99,72,171,140,114,254,188,141,329,160,126,286,144,121,265,160,153,313,241,222,463,206,266,472,112,160,272,1685,1547,3232
2020-05-01,235,181,416,102,76,178,142,117,259,195,149,344,169,133,302,150,122,272,170,158,328,248,230,478,214,276,490,112,164,276,1737,1606,3343
2020-05-02,239,192,431,105,81,186,147,118,265,203,152,355,174,136,310,155,123,278,173,160,333,253,232,485,220,285,505,113,167,280,1782,1646,3428
2020-05-03,244,196,440,107,82,189,153,122,275,209,156,365,177,139,316,160,125,285,180,165,345,257,238,495,228,293,521,116,172,288,1831,1688,3519
2020-05-04,257,209,466,111,84,195,159,127,286,214,162,376,180,142,322,165,127,292,186,175,361,272,250,522,235,311,546,119,176,295,1898,1763,3661
2020-05-05,263,215,478,115,84,199,167,133,300,223,170,393,183,150,333,172,132,304,195,179,374,286,255,541,240,325,565,121,185,306,1965,1828,3793
2020-05-06,271,223,494,117,84,201,173,136,309,232,178,410,196,156,352,175,137,312,202,182,384,300,267,567,246,336,582,126,191,317,2038,1890,3928
2020-05-07,284,230,514,120,88,208,183,138,321,240,184,424,208,164,372,181,141,322,208,186,394,312,271,583,253,347,600,127,198,325,2116,1947,4063
2020-05-08,294,238,532,124,91,215,190,143,333,250,192,442,216,172,388,191,144,335,213,193,406,321,279,600,264,358,622,130,211,341,2193,2021,4214
2020-05-09,303,244,547,127,91,218,192,152,344,255,196,451,222,177,399,195,146,341,217,200,417,332,281,613,269,367,636,135,217,352,2247,2071,4318
2020-05-10,309,249,558,128,91,219,197,157,354,258,201,459,223,180,403,200,150,350,223,202,425,340,289,629,274,375,649,136,225,361,2288,2119,4407
2020-05-11,320,258,578,132,94,226,203,162,365,268,207,475,230,188,418,208,153,361,233,205,438,349,297,646,285,392,677,140,238,378,2368,2194,4562
2020-05-12,329,266,595,138,101,239,221,173,394,285,209,494,235,196,431,213,155,368,242,210,452,353,307,660,294,404,698,146,249,395,2456,2270,4726
2020-05-13,348,275,623,145,108,253,233,180,413,294,221,515,246,199,445,218,161,379,247,215,462,363,313,676,300,418,718,148,258,406,2542,2348,4890
2020-05-14,362,294,656,154,113,267,243,195,438,305,233,538,255,206,461,223,166,389,255,225,480,369,323,692,311,428,739,150,273,423,2627,2456,5083
2020-05-15,375,306,681,159,117,276,249,203,452,309,241,550,263,217,480,230,171,401,264,233,497,375,329,704,321,446,767,155,284,439,2700,2547,5247
2020-05-16,381,318,699,164,120,284,253,209,462,315,252,567,269,224,493,236,179,415,267,237,504,384,332,716,326,450,776,160,296,456,2755,2617,5372
2020-05-17,391,326,717,167,122,289,261,213,474,320,257,577,276,231,507,239,181,420,271,242,513,390,335,725,335,460,795,165,303,468,2815,2670,5485
2020-05-18,405,341,746,171,130,301,277,225,502,336,266,602,284,242,526,250,187,437,279,254,533,405,348,753,350,472,822,167,314,481,2924,2779,5703
2020-05-19,419,353,772,181,137,318,297,240,537,359,282,641,299,248,547,260,198,458,291,264,555,414,363,777,361,490,851,169,324,493,3050,2899,5949
2020-05-20,437,377,814,187,145,332,316,247,563,386,296,682,313,260,573,267,208,475,304,274,578,422,373,795,373,504,877,175,331,506,3180,3015,6195
2020-05-21,456,399,855,198,150,348,337,263,600,408,308,716,322,273,595,278,213,491,313,281,594,436,380,816,379,520,899,176,335,511,3303,3122,6425
2020-05-22,472,412,884,210,160,370,354,278,632,426,326,752,336,280,616,288,217,505,318,290,608,443,386,829,386,533,919,182,349,531,3415,3231,6646
2020-05-23,481,422,903,220,168,388,369,287,656,445,338,783,345,287,632,293,225,518,327,301,628,453,396,849,394,538,932,185,351,536,3512,3313,6825
2020-05-24,492,432,924,226,176,402,378,292,670,456,344,800,352,289,641,299,228,527,335,305,640,462,401,863,398,549,947,187,356,543,3585,3372,6957
2020-05-25,511,449,960,241,185,426,390,308,698,466,354,820,361,295,656,304,232,536,339,308,647,474,402,876,406,563,969,188,364,552,3680,3460,7140
2020-05-26,533,468,1001,254,197,451,410,328,738,494,368,862,375,307,682,311,243,554,346,313,659,486,405,891,416,577,993,191,375,566,3816,3581,7397
2020-05-27,558,491,1049,270,207,477,422,345,767,512,379,891,387,315,702,325,253,578,353,321,674,490,416,906,421,591,1012,195,378,573,3933,3696,7629
2020-05-28,576,518,1094,284,213,497,441,362,803,528,390,918,400,324,724,333,265,598,362,332,694,501,420,921,432,605,1037,200,394,594,4057,3823,7880
2020-05-29,599,539,1138,303,224,527,467,383,850,551,412,963,417,335,752,346,276,622,371,337,708,512,429,941,445,621,1066,202,397,599,4213,3953,8166
2020-05-30,620,555,1175,314,232,546,490,403,893,580,418,998,425,345,770,354,287,641,374,340,714,521,438,959,454,630,1084,203,405,608,4335,4053,8388
2020-05-31,633,566,1199,323,240,563,502,407,909,587,427,1014,432,348,780,357,292,649,378,344,722,530,442,972,459,638,1097,204,413,617,4405,4117,8522
2020-06-01,655,583,1238,333,253,586,519,433,952,606,450,1056,444,360,804,364,303,667,395,352,747,541,450,991,465,647,1112,209,416,625,4531,4247,8778
2020-06-02,682,601,1283,350,270,620,535,450,985,621,465,1086,460,376,836,372,313,685,407,359,766,560,459,1019,470,660,1130,214,427,641,4671,4380,9051
2020-06-03,701,614,1315,362,288,650,550,473,1023,642,481,1123,469,387,856,378,320,698,419,369,788,571,469,1040,483,676,1159,216,437,653,4791,4514,9305
2020-06-04,723,632,1355,374,301,675,573,488,1061,656,495,1151,478,397,875,391,328,719,428,374,802,587,477,1064,493,689,1182,219,448,667,4922,4629,9551
2020-06-05,748,658,1406,384,313,697,599,503,1102,677,521,1198,501,413,914,405,345,750,440,384,824,599,488,1087,504,708,1212,222,457,679,5079,4790,9869
2020-06-06,764,674,1438,395,320,715,610,513,1123,696,537,1233,512,423,935,418,351,769,449,392,841,606,497,1103,512,723,1235,226,467,693,5188,4897,10085
2020-06-07,773,688,1461,404,329,733,623,519,1142,705,541,1246,523,428,951,426,354,780,456,395,851,614,503,1117,522,734,1256,229,475,704,5275,4966,10241
2020-06-08,791,709,1500,418,344,762,648,536,1184,727,562,1289,551,439,990,441,369,810,469,403,872,629,516,1145,532,750,1282,233,481,714,5439,5109,10548
2020-06-09,827,727,1554,430,359,789,665,558,1223,742,582,1324,572,452,1024,452,374,826,482,408,890,636,530,1166,544,774,1318,236,492,728,5586,5256,10842
2020-06-10,840,743,1583,440,371,811,694,574,1268,764,604,1368,593,465,1058,469,383,852,493,418,911,655,551,1206,550,792,1342,242,506,748,5740,5407,11147
2020-06-11,863,768,1631,449,380,829,711,591,1302,788,627,1415,605,476,1081,480,396,876,503,433,936,668,564,1232,555,811,1366,246,521,767,5868,5567,11435
2020-06-12,889,799,1688,456,394,850,747,610,1357,819,657,1476,628,501,1129,493,404,897,521,445,966,681,578,1259,561,832,1393,249,530,779,6044,5750,11794
2020-06-13,910,820,1730,470,408,878,771,630,1401,841,670,1511,637,511,1148,507,413,920,530,449,979,695,585,1280,567,847,1414,251,536,787,6179,5869,12048
2020-06-14,926,839,1765,484,417,901,784,642,1426,853,677,1530,649,520,1169,515,424,939,537,452,989,698,595,1293,580,866,1446,252,544,796,6278,5976,12254
2020-06-15,945,860,1805,501,430,931,802,659,1461,871,694,1565,666,528,1194,523,432,955,546,456,1002,709,602,1311,587,879,1466,253,554,807,6403,6094,12497
2020-06-16,977,902,1879,513,445,958,844,680,1524,912,715,1627,689,546,1235,541,443,984,558,465,1023,723,610,1333,599,900,1499,256,568,824,6612,6274,12886
2020-06-17,997,926,1923,531,462,993,872,703,1575,938,740,1678,716,558,1274,558,450,1008,571,474,1045,730,626,1356,617,913,1530,258,577,835,6788,6429,13217
2020-06-18,1033,958,1991,543,471,1014,910,729,1639,977,769,1746,743,568,1311,578,462,1040,585,489,1074,740,641,1381,631,931,1562,260,589,849,7000,6607,13607
2020-06-19,1072,979,2051,552,490,1042,930,743,1673,1014,787,1801,765,590,1355,602,475,1077,602,497,1099,762,651,1413,646,948,1594,268,601,869,7213,6761,13974
2020-06-20,1098,1000,2098,563,505,1068,953,758,1711,1043,805,1848,781,605,1386,610,488,1098,612,508,1120,773,658,1431,653,962,1615,271,608,879,7357,6897,14254
2020-06-21,1119,1013,2132,573,515,1088,974,771,1745,1064,820,1884,794,614,1408,624,493,1117,618,517,1135,780,663,1443,658,973,1631,272,615,887,7476,6994,14470
2020-06-22,1145,1040,2185,589,531,1120,996,802,1798,1093,836,1929,815,630,1445,638,515,1153,630,530,1160,797,675,1472,666,989,1655,274,626,900,7643,7174,14817
2020-06-23,1182,1069,2251,610,549,1159,1028,827,1855,1133,864,1997,838,645,1483,652,535,1187,641,543,1184,803,684,1487,679,1004,1683,277,632,909,7843,7352,15195
2020-06-24,1207,1095,2302,630,563,1193,1059,861,1920,1159,887,2046,863,665,1528,668,551,1219,650,554,1204,813,694,1507,692,1017,1709,279,637,916,8020,7524,15544
2020-06-25,1233,1129,2362,652,588,1240,1085,883,1968,1187,911,2098,894,686,1580,693,570,1263,655,562,1217,820,705,1525,699,1030,1729,284,644,928,8202,7708,15910
2020-06-26,1261,1152,2413,675,606,1281,1121,907,2028,1212,939,2151,918,704,1622,707,585,1292,668,575,1243,831,717,1548,708,1049,1757,285,652,937,8386,7886,16272
2020-06-27,1297,1182,2479,696,633,1329,1147,932,2079,1235,959,2194,937,716,1653,721,591,1312,682,580,1262,835,725,1560,712,1056,1768,289,658,947,8551,8032,16583
2020-06-28,1330,1197,2527,704,644,1348,1158,953,2111,1257,974,2231,951,730,1681,736,602,1338,690,584,1274,841,732,1573,718,1066,1784,295,665,960,8680,8147,16827
2020-06-29,1362,1232,2594,725,666,1391,1183,969,2152,1286,993,2279,970,744,1714,748,622,1370,709,591,1300,854,746,1600,729,1078,1807,300,675,975,8866,8316,17182
2020-06-30,1381,1256,2637,731,681,1412,1213,992,2205,1311,1019,2330,991,765,1756,763,635,1398,725,599,1324,870,754,1624,739,1092,1831,302,687,989,9026,8480,17506
2020-07-01,1405,1278,2683,740,702,1442,1255,1020,2275,1334,1042,2376,1011,782,1793,778,660,1438,737,608,1345,879,762,1641,747,1113,1860,305,693,998,9191,8660,17851
2020-07-02,1439,1313,2752,758,719,1477,1282,1046,2328,1366,1072,2438,1039,802,1841,789,676,1465,751,615,1366,884,772,1656,759,1124,1883,309,697,1006,9376,8836,18212
2020-07-03,1475,1338,2813,783,732,1515,1310,1059,2369,1394,1102,2496,1064,823,1887,802,688,1490,765,627,1392,893,785,1678,767,1140,1907,314,701,1015,9567,8995,18562
2020-07-04,1494,1366,2860,798,747,1545,1334,1085,2419,1414,1117,2531,1088,836,1924,815,698,1513,776,631,1407,901,795,1696,772,1150,1922,317,707,1024,9709,9132,18841
2020-07-05,1512,1389,2901,814,755,1569,1353,1103,2456,1435,1136,2571,1096,853,1949,828,710,1538,792,643,1435,914,805,1719,781,1162,1943,320,716,1036,9845,9272,19117
2020-07-06,1528,1410,2938,831,768,1599,1380,1133,2513,1466,1152,2618,1122,869,1991,848,728,1576,809,663,1472,929,828,1757,789,1180,1969,324,728,1052,10026,9459,19485
2020-07-07,1555,1450,3005,843,785,1628,1416,1157,2573,1499,1178,2677,1143,894,2037,870,742,1612,821,677,1498,939,841,1780,799,1198,1997,332,739,1071,10217,9661,19878
2020-07-08,1584,1469,3053,863,804,1667,1453,1184,2637,1524,1205,2729,1175,924,2099,886,763,1649,835,694,1529,953,860,1813,810,1214,2024,337,753,1090,10420,9870,20290
2020-07-09,1607,1485,3092,875,811,1686,1472,1203,2675,1554,1221,2775,1194,940,2134,897,773,1670,841,709,1550,961,881,1842,813,1228,2041,343,762,1105,10557,10013,20570
2020-07-10,1627,1500,3127,891,824,1715,1494,1220,2714,1578,1238,2816,1213,959,2172,910,784,1694,853,723,1576,977,891,1868,825,1243,2068,345,772,1117,10713,10154,20867
2020-07-11,1642,1522,3164,904,831,1735,1509,1237,2746,1597,1257,2854,1230,974,2204,924,799,1723,868,732,1600,989,907,1896,829,1259,2088,347,780,1127,10839,10298,21137
2020-07-12,1658,1536,3194,917,838,1755,1523,1249,2772,1611,1269,2880,1241,980,2221,932,807,1739,877,741,1618,996,912,1908,837,1269,2106,351,788,1139,10943,10389,21332
2020-07-13,1680,1561,3241,932,857,1789,1556,1272,2828,1639,1297,2936,1267,1004,2271,954,832,1786,906,760,1666,1014,940,1954,849,1313,2162,353,811,1164,11150,10647,21797
2020-07-14,1704,1589,3293,953,866,1819,1584,1289,2873,1683,1323,3006,1296,1023,2319,975,841,1816,926,779,1705,1030,964,1994,855,1328,2183,360,823,1183,11366,10825,22191
2020-07-15,1727,1614,3341,975,880,1855,1611,1329,2940,1720,1356,3076,1324,1056,2380,992,865,1857,946,797,1743,1041,976,2017,869,1344,2213,368,828,1196,11573,11045,22618
2020-07-16,1759,1631,3390,989,906,1895,1637,1364,3001,1755,1382,3137,1350,1083,2433,1013,885,1898,960,810,1770,1054,991,2045,886,1370,2256,371,846,1217,11774,11268,23042
2020-07-17,1790,1658,3448,1009,917,1926,1659,1385,3044,1788,1419,3207,1380,1115,2495,1038,910,1948,979,833,1812,1072,1003,2075,901,1390,2291,375,856,1231,11991,11486,23477
2020-07-18,1807,1680,3487,1022,928,1950,1685,1408,3093,1814,1447,3261,1399,1132,2531,1061,927,1988,999,849,1848,1080,1013,2093,913,1407,2320,377,861,1238,12157,11652,23809
2020-07-19,1830,1705,3535,1028,942,1970,1702,1425,3127,1832,1464,3296,1415,1143,2558,1079,944,2023,1010,859,1869,1092,1021,2113,921,1421,2342,381,868,1249,12290,11792,24082
2020-07-20,1869,1738,3607,1058,968,2026,1744,1457,3201,1873,1500,3373,1448,1186,2634,1104,973,2077,1030,883,1913,1111,1041,2152,940,1442,2382,385,880,1265,12562,12068,24630
2020-07-21,1899,1765,3664,1077,985,2062,1779,1488,3267,1911,1524,3435,1479,1210,2689,1132,996,2128,1053,908,1961,1129,1063,2192,954,1465,2419,390,891,1281,12803,12295,25098
2020-07-22,1945,1794,3739,1093,1005,2098,1823,1512,3335,1955,1566,3521,1522,1234,2756,1151,1021,2172,1066,926,1992,1142,1078,2220,970,1485,2455,391,897,1288,13058,12518,25576
2020-07-23,1980,1821,3801,1117,1020,2137,1859,1545,3404,1995,1601,3596,1544,1252,2796,1177,1037,2214,1080,944,2024,1158,1096,2254,978,1505,2483,396,908,1304,13284,12729,26013
2020-07-24,2003,1844,3847,1134,1042,2176,1898,1578,3476,2031,1634,3665,1567,1278,2845,1204,1052,2256,1110,955,2065,1170,1112,2282,987,1532,2519,399,921,1320,13503,12948,26451
2020-07-25,2028,1864,3892,1154,1053,2207,1926,1601,3527,2058,1660,3718,1588,1297,2885,1215,1060,2275,1122,966,2088,1180,1124,2304,997,1545,2542,404,926,1330,13672,13096,26768
2020-07-26,2049,1885,3934,1166,1066,2232,1939,1615,3554,2076,1681,3757,1604,1308,2912,1230,1072,2302,1132,974,2106,1193,1131,2324,1003,1557,2560,410,932,1342,13802,13221,27023
2020-07-27,2071,1915,3986,1187,1084,2271,1978,1643,3621,2114,1705,3819,1638,1345,2983,1254,1101,2355,1148,998,2146,1207,1149,2356,1020,1578,2598,415,948,1363,14032,13466,27498
2020-07-28,2102,1938,4040,1205,1100,2305,2025,1677,3702,2152,1734,3886,1673,1370,3043,1283,1126,2409,1177,1023,2200,1218,1173,2391,1032,1597,2629,420,965,1385,14287,13703,27990
2020-07-29,2129,1968,4097,1224,1122,2346,2071,1708,3779,2189,1772,3961,1713,1403,3116,1308,1161,2469,1195,1049,2244,1240,1193,2433,1047,1623,2670,426,989,1415,14542,13988,28530
2020-07-30,2164,1997,4161,1246,1146,2392,2134,1753,3887,2241,1806,4047,1753,1428,3181,1339,1190,2529,1213,1075,2288,1255,1209,2464,1054,1640,2694,428,995,1423,14827,14239,29066
2020-07-31,2192,2034,4226,1264,1164,2428,2170,1799,3969,2299,1848,4147,1786,1456,3242,1371,1211,2582,1233,1100,2333,1273,1232,2505,1064,1665,2729,432,1013,1445,15084,14522,29606
2020-08-01,2217,2049,4266,1273,1183,2456,2193,1824,4017,2322,1872,4194,1807,1484,3291,1392,1231,2623,1251,1108,2359,1287,1245,2532,1075,1686,2761,434,1023,1457,15251,14705,29956
2020-08-02,2240,2069,4309,1284,1192,2476,2215,1838,4053,2345,1899,4244,1823,1504,3327,1404,1251,2655,1261,1123,2384,1293,1259,2552,1085,1699,2784,436,1029,1465,15386,14863,30249
2020-08-03,2275,2105,4380,1302,1208,2510,2245,1874,4119,2391,1932,4323,1851,1527,3378,1426,1271,2697,1285,1138,2423,1303,1276,2579,1097,1722,2819,439,1041,1480,15614,15094,30708
2020-08-04,2309,2132,4441,1326,1234,2560,2296,1901,4197,2437,1964,4401,1896,1552,3448,1456,1292,2748,1310,1153,2463,1316,1294,2610,1112,1746,2858,444,1055,1499,15902,15323,31225
2020-08-05,2343,2165,4508,1354,1253,2607,2340,1924,4264,2471,1999,4470,1922,1581,3503,1481,1318,2799,1333,1173,2506,1332,1308,2640,1127,1762,2889,446,1062,1508,16149,15545,31694
2020-08-06,2371,2182,4553,1373,1275,2648,2380,1962,4342,2508,2038,4546,1967,1614,3581,1511,1346,2857,1352,1192,2544,1348,1326,2674,1142,1785,2927,451,1074,1525,16403,15794,32197
2020-08-07,2418,2212,4630,1399,1295,2694,2420,1995,4415,2541,2069,4610,2001,1651,3652,1540,1356,2896,1366,1212,2578,1365,1346,2711,1155,1817,2972,455,1086,1541,16660,16039,32699
2020-08-08,2443,2239,4682,1413,1310,2723,2444,2020,4464,2579,2107,4686,2018,1676,3694,1564,1383,2947,1387,1224,2611,1376,1370,2746,1164,1829,2993,456,1104,1560,16844,16262,33106
2020-08-09,2466,2262,4728,1422,1317,2739,2466,2040,4506,2607,2126,4733,2035,1703,3738,1579,1406,2985,1406,1238,2644,1390,1388,2778,1176,1864,3040,461,1120,1581,17008,16464,33472
2020-08-10,2502,2291,4793,1442,1335,2777,2517,2081,4598,2656,2157,4813,2069,1737,3806,1603,1430,3033,1426,1248,2674,1404,1408,2812,1190,1885,3075,465,1131,1596,17274,16703,33977
2020-08-11,2532,2320,4852,1472,1352,2824,2567,2121,4688,2719,2195,4914,2108,1769,3877,1631,1455,3086,1449,1262,2711,1422,1438,2860,1205,1914,3119,471,1143,1614,17576,16969,34545
2020-08-12,2561,2352,4913,1500,1366,2866,2605,2159,4764,2754,2247,5001,2142,1807,3949,1659,1480,3139,1475,1283,2758,1437,1460,2897,1216,1934,3150,476,1158,1634,17825,17246,35071
2020-08-13,2580,2379,4959,1527,1388,2915,2653,2198,4851,2815,2301,5116,2179,1840,4019,1692,1512,3204,1492,1303,2795,1460,1477,2937,1227,1958,3185,480,1174,1654,18105,17530,35635
2020-08-14,2598,2404,5002,1550,1403,2953,2708,2241,4949,2862,2346,5208,2224,1867,4091,1720,1544,3264,1518,1323,2841,1476,1504,2980,1240,1976,3216,483,1187,1670,18379,17795,36174
2020-08-15,2632,2422,5054,1573,1415,2988,2734,2273,5007,2893,2382,5275,2244,1898,4142,1740,1565,3305,1538,1339,2877,1492,1527,3019,1248,2012,3260,488,1201,1689,18582,18034,36616
2020-08-16,2659,2434,5093,1581,1422,3003,2765,2299,5064,2917,2408,5325,2260,1918,4178,1753,1578,3331,1550,1356,2906,1503,1540,3043,1260,2038,3298,492,1216,1708,18740,18209,36949
2020-08-17,2678,2449,5127,1597,1439,3036,2796,2328,5124,2949,2441,5390,2285,1946,4231,1775,1607,3382,1561,1388,2949,1513,1553,3066,1270,2053,3323,492,1229,1721,18916,18433,37349
2020-08-18,2715,2479,5194,1621,1448,3069,2836,2360,5196,2994,2481,5475,2319,1974,4293,1795,1647,3442,1578,1412,2990,1534,1577,3111,1277,2070,3347,492,1245,1737,19161,18693,37854
2020-08-19,2750,2508,5258,1641,1469,3110,2866,2398,5264,3039,2521,5560,2347,2005,4352,1821,1671,3492,1593,1432,3025,1549,1602,3151,1289,2104,3393,496,1262,1758,19391,18972,38363
2020-08-20,2769,2530,5299,1658,1485,3143,2902,2436,5338,3078,2558,5636,2368,2041,4409,1846,1693,3539,1615,1459,3074,1559,1618,3177,1303,2127,3430,500,1273,1773,19598,19220,38818
2020-08-21,2793,2561,5354,1679,1505,3184,2936,2469,5405,3117,2598,5715,2407,2074,4481,1876,1733,3609,1639,1477,3116,1580,1642,3222,1316,2154,3470,504,1282,1786,19847,19495,39342
2020-08-22,2805,2576,5381,1701,1522,3223,2965,2492,5457,3143,2626,5769,2435,2097,4532,1892,1752,3644,1656,1494,3150,1589,1658,3247,1324,2167,3491,507,1296,1803,20017,19680,39697
2020-08-23,2823,2604,5427,1712,1532,3244,2983,2502,5485,3170,2651,5821,2456,2112,4568,1911,1771,3682,1665,1509,3174,1597,1677,3274,1335,2174,3509,511,1300,1811,20163,19832,39995
2020-08-24,2858,2643,5501,1728,1548,3276,3014,2545,5559,3215,2686,5901,2490,2147,4637,1946,1794,3740,1687,1536,3223,1612,1699,3311,1350,2195,3545,517,1317,1834,20417,20110,40527
2020-08-25,2878,2665,5543,1747,1562,3309,3049,2589,5638,3257,2734,5991,2518,2178,4696,1968,1820,3788,1703,1557,3260,1625,1715,3340,1364,2220,3584,522,1335,1857,20631,20375,41006
2020-08-26,2912,2683,5595,1770,1584,3354,3099,2630,5729,3312,2771,6083,2550,2210,4760,1997,1849,3846,1728,1575,3303,1642,1738,3380,1379,2242,3621,525,1352,1877,20914,20634,41548
2020-08-27,2945,2709,5654,1798,1603,3401,3151,2678,5829,3357,2809,6166,2597,2249,4846,2027,1878,3905,1743,1605,3348,1666,1762,3428,1394,2266,3660,530,1373,1903,21208,20932,42140
2020-08-28,2976,2734,5710,1833,1623,3456,3216,2732,5948,3404,2856,6260,2642,2290,4932,2067,1922,3989,1763,1631,3394,1689,1788,3477,1404,2286,3690,536,1383,1919,21530,21245,42775
2020-08-29,2998,2747,5745,1841,1631,3472,3261,2763,6024,3435,2908,6343,2682,2328,5010,2087,1941,4028,1784,1642,3426,1704,1805,3509,1412,2307,3719,539,1400,1939,21743,21472,43215
2020-08-30,3020,2771,5791,1861,1645,3506,3282,2792,6074,3468,2933,6401,2714,2355,5069,2106,1959,4065,1797,1658,3455,1711,1819,3530,1421,2314,3735,541,1405,1946,21921,21651,43572
2020-08-31,3051,2791,5842,1884,1659,3543,3320,2833,6153,3510,2975,6485,2751,2393,5144,2131,1989,4120,1823,1686,3509,1734,1838,3572,1440,2347,3787,543,1418,1961,22187,21929,44116
2020-09-01,3086,2821,5907,1901,1688,3589,3365,2866,6231,3573,3029,6602,2798,2421,5219,2160,2028,4188,1842,1701,3543,1748,1857,3605,1454,2380,3834,549,1431,1980,22476,22222,44698
2020-09-02,3112,2834,5946,1918,1703,3621,3393,2909,6302,3602,3070,6672,2831,2448,5279,2189,2054,4243,1856,1723,3579,1770,1877,3647,1468,2406,3874,552,1461,2013,22691,22485,45176
2020-09-03,3140,2859,5999,1941,1719,3660,3442,2958,6400,3660,3127,6787,2874,2482,5356,2216,2073,4289,1877,1749,3626,1789,1899,3688,1480,2433,3913,556,1468,2024,22975,22767,45742
2020-09-04,3169,2891,6060,1959,1736,3695,3486,2998,6484,3701,3171,6872,2914,2531,5445,2242,2102,4344,1900,1781,3681,1814,1919,3733,1491,2459,3950,559,1480,2039,23235,23068,46303
2020-09-05,3188,2909,6097,1973,1746,3719,3519,3026,6545,3736,3212,6948,2944,2564,5508,2259,2125,4384,1923,1803,3726,1829,1934,3763,1506,2477,3983,561,1487,2048,23438,23283,46721
2020-09-06,3206,2926,6132,1981,1760,3741,3532,3052,6584,3763,3233,6996,2965,2583,5548,2274,2147,4421,1939,1820,3759,1839,1952,3791,1517,2493,4010,562,1497,2059,23578,23463,47041
2020-09-07,3229,2948,6177,1994,1777,3771,3581,3096,6677,3809,3275,7084,3000,2620,5620,2295,2180,4475,1965,1840,3805,1853,1974,3827,1528,2521,4049,570,1511,2081,23824,23742,47566
2020-09-08,3256,2970,6226,2015,1800,3815,3625,3129,6754,3869,3325,7194,3034,2654,5688,2334,2214,4548,1991,1868,3859,1877,1997,3874,1546,2545,4091,577,1531,2108,24124,24033,48157
2020-09-09,3288,2990,6278,2029,1822,3851,3674,3166,6840,3910,3357,7267,3075,2686,5761,2360,2245,4605,2018,1896,3914,1894,2019,3913,1561,2580,4141,578,1551,2129,24387,24312,48699
2020-09-10,3311,3005,6316,2057,1836,3893,3728,3220,6948,3963,3413,7376,3127,2727,5854,2389,2272,4661,2040,1916,3956,1914,2036,3950,1570,2608,4178,580,1565,2145,24679,24598,49277
2020-09-11,3334,3032,6366,2087,1854,3941,3772,3255,7027,4007,3462,7469,3163,2765,5928,2421,2309,4730,2072,1940,4012,1937,2061,3998,1586,2629,4215,583,1574,2157,24962,24881,49843
2020-09-12,3357,3050,6407,2101,1866,3967,3795,3278,7073,4033,3496,7529,3181,2792,5973,2442,2338,4780,2090,1960,4050,1956,2083,4039,1598,2656,4254,585,1590,2175,25138,25109,50247
2020-09-13,3383,3070,6453,2107,1875,3982,3816,3306,7122,4062,3527,7589,3198,2809,6007,2463,2356,4819,2111,1979,4090,1965,2092,4057,1603,2668,4271,589,1600,2189,25297,25282,50579
2020-09-14,3411,3095,6506,2126,1891,4017,3860,3363,7223,4104,3572,7676,3226,2841,6067,2504,2381,4885,2142,2011,4153,1988,2115,4103,1619,2683,4302,591,1610,2201,25571,25562,51133
2020-09-15,3439,3116,6555,2141,1902,4043,3901,3388,7289,4155,3627,7782,3255,2870,6125,2529,2411,4940,2168,2034,4202,2010,2141,4151,1633,2708,4341,593,1623,2216,25824,25820,51644
2020-09-16,3472,3144,6616,2171,1927,4098,3956,3439,7395,4196,3681,7877,3297,2914,6211,2561,2439,5000,2188,2066,4254,2032,2159,4191,1646,2732,4378,596,1631,2227,26115,26132,52247
2020-09-17,3495,3167,6662,2190,1960,4150,3996,3470,7466,4243,3717,7960,3338,2953,6291,2598,2480,5078,2222,2091,4313,2057,2184,4241,1661,2750,4411,599,1635,2234,26399,26407,52806
2020-09-18,3526,3203,6729,2207,1983,4190,4033,3509,7542,4299,3776,8075,3372,2992,6364,2625,2511,5136,2245,2124,4369,2082,2208,4290,1674,2774,4448,602,1645,2247,26665,26725,53390
2020-09-19,3535,3228,6763,2215,2005,4220,4055,3529,7584,4326,3809,8135,3392,3009,6401,2643,2525,5168,2265,2141,4406,2101,2223,4324,1684,2792,4476,607,1652,2259,26823,26913,53736
2020-09-20,3550,3250,6800,2231,2021,4252,4074,3554,7628,4357,3828,8185,3409,3029,6438,2656,2542,5198,2271,2157,4428,2118,2234,4352,1688,2808,4496,611,1660,2271,26965,27083,54048
2020-09-21,3576,3279,6855,2245,2046,4291,4114,3590,7704,4399,3880,8279,3440,3067,6507,2682,2564,5246,2290,2180,4470,2143,2256,4399,1696,2821,4517,612,1671,2283,27197,27354,54551
2020-09-22,3609,3312,6921,2271,2067,4338,4156,3635,7791,4442,3921,8363,3483,3087,6570,2719,2602,5321,2317,2203,4520,2167,2281,4448,1705,2850,4555,615,1684,2299,27484,27642,55126
2020-09-23,3644,3342,6986,2287,2082,4369,4187,3677,7864,4480,3965,8445,3513,3120,6633,2741,2631,5372,2343,2229,4572,2185,2309,4494,1716,2870,4586,617,1697,2314,27713,27922,55635
2020-09-24,3683,3374,7057,2315,2105,4420,4235,3716,7951,4528,4015,8543,3551,3149,6700,2769,2661,5430,2352,2268,4620,2202,2335,4537,1735,2892,4627,626,1718,2344,27996,28233,56229
2020-09-25,3712,3395,7107,2336,2118,4454,4267,3763,8030,4574,4061,8635,3591,3184,6775,2792,2688,5480,2376,2294,4670,2223,2353,4576,1752,2914,4666,626,1727,2353,28249,28497,56746
2020-09-26,3728,3410,7138,2355,2127,4482,4291,3784,8075,4607,4089,8696,3617,3216,6833,2811,2712,5523,2389,2311,4700,2239,2366,4605,1761,2928,4689,629,1734,2363,28427,28677,57104
2020-09-27,3745,3432,7177,2366,2143,4509,4321,3822,8143,4626,4110,8736,3645,3237,6882,2830,2729,5559,2405,2328,4733,2246,2378,4624,1769,2940,4709,631,1741,2372,28584,28860,57444
2020-09-28,3771,3453,7224,2387,2157,4544,4352,3854,8206,4671,4156,8827,3688,3264,6952,2864,2769,5633,2437,2348,4785,2265,2404,4669,1786,2960,4746,635,1761,2396,28856,29126,57982
2020-09-29,3806,3482,7288,2406,2178,4584,4410,3899,8309,4730,4216,8946,3742,3304,7046,2895,2799,5694,2469,2385,4854,2289,2445,4734,1810,2993,4803,638,1784,2422,29195,29485,58680
2020-09-30,3839,3506,7345,2426,2199,4625,4458,3947,8405,4780,4264,9044,3777,3333,7110,2929,2831,5760,2500,2415,4915,2311,2469,4780,1819,3011,4830,643,1793,2436,29482,29768,59250
2020-10-01,3872,3537,7409,2443,2231,4674,4506,3998,8504,4834,4323,9157,3806,3376,7182,2964,2858,5822,2535,2441,4976,2336,2508,4844,1833,3027,4860,646,1805,2451,29775,30104,59879
2020-10-02,3911,3575,7486,2470,2251,4721,4548,4059,8607,4871,4370,9241,3838,3419,7257,2998,2885,5883,2574,2474,5048,2357,2540,4897,1845,3056,4901,650,1826,2476,30062,30455,60517
2020-10-03,3925,3592,7517,2483,2268,4751,4585,4092,8677,4901,4400,9301,3863,3440,7303,3018,2905,5923,2589,2493,5082,2373,2557,4930,1853,3073,4926,653,1834,2487,30243,30654,60897
2020-10-04,3946,3614,7560,2500,2286,4786,4608,4121,8729,4923,4421,9344,3889,3464,7353,3032,2925,5957,2609,2509,5118,2383,2570,4953,1863,3098,4961,656,1837,2493,30409,30845,61254
2020-10-05,3966,3641,7607,2520,2307,4827,4646,4155,8801,4981,4465,9446,3946,3496,7442,3077,2958,6035,2649,2538,5187,2407,2604,5011,1880,3119,4999,660,1842,2502,30732,31125,61857
2020-10-06,3992,3679,7671,2548,2329,4877,4694,4188,8882,5034,4507,9541,4006,3526,7532,3115,2988,6103,2677,2568,5245,2434,2636,5070,1898,3141,5039,666,1854,2520,31064,31416,62480
2020-10-07,4028,3700,7728,2563,2350,4913,4739,4235,8974,5096,4566,9662,4045,3573,7618,3143,3026,6169,2707,2603,5310,2456,2661,5117,1906,3167,5073,674,1862,2536,31357,31743,63100
2020-10-08,4062,3729,7791,2586,2373,4959,4786,4284,9070,5139,4605,9744,4086,3606,7692,3174,3064,6238,2729,2630,5359,2474,2690,5164,1924,3185,5109,679,1878,2557,31639,32044,63683
2020-10-09,4087,3763,7850,2628,2406,5034,4818,4334,9152,5190,4665,9855,4125,3643,7768,3203,3096,6299,2758,2670,5428,2490,2720,5210,1936,3210,5146,682,1890,2572,31917,32397,64314
2020-10-10,4106,3786,7892,2652,2423,5075,4854,4363,9217,5233,4698,9931,4153,3670,7823,3224,3125,6349,2783,2697,5480,2502,2741,5243,1949,3231,5180,690,1901,2591,32146,32635,64781
2020-10-11,4126,3804,7930,2665,2436,5101,4881,4395,9276,5265,4736,10001,4185,3695,7880,3245,3144,6389,2806,2729,5535,2519,2763,5282,1964,3254,5218,690,1912,2602,32346,32868,65214
2020-10-12,4144,3825,7969,2696,2451,5147,4924,4447,9371,5313,4790,10103,4224,3732,7956,3279,3187,6466,2846,2758,5604,2550,2798,5348,1984,3291,5275,692,1927,2619,32652,33206,65858
2020-10-13,4183,3855,8038,2726,2473,5199,4995,4505,9500,5378,4864,10242,4267,3781,8048,3332,3246,6578,2889,2797,5686,2579,2839,5418,2007,3336,5343,701,1950,2651,33057,33646,66703
2020-10-14,4222,3883,8105,2745,2509,5254,5055,4566,9621,5454,4938,10392,4308,3834,8142,3374,3294,6668,2927,2837,5764,2614,2881,5495,2025,3369,5394,703,1972,2675,33427,34083,67510
2020-10-15,4259,3911,8170,2776,2541,5317,5115,4631,9746,5532,5016,10548,4374,3898,8272,3432,3354,6786,2977,2885,5862,2639,2933,5572,2042,3402,5444,711,1987,2698,33857,34558,68415
2020-10-16,4310,3942,8252,2806,2579,5385,5202,4717,9919,5614,5086,10700,4448,3958,8406,3484,3408,6892,3019,2929,5948,2667,2987,5654,2062,3441,5503,716,2020,2736,34328,35067,69395
2020-10-17,4326,3960,8286,2825,2603,5428,5260,4759,10019,5663,5142,10805,4491,4007,8498,3508,3437,6945,3050,2970,6020,2694,3021,5715,2074,3474,5548,719,2032,2751,34610,35405,70015
2020-10-18,4345,3982,8327,2840,2615,5455,5289,4788,10077,5699,5186,10885,4515,4039,8554,3534,3458,6992,3072,2990,6062,2712,3045,5757,2081,3503,5584,720,2040,2760,34807,35646,70453
2020-10-19,4399,4018,8417,2867,2650,5517,5361,4871,10232,5782,5275,11057,4611,4117,8728,3589,3517,7106,3132,3046,6178,2760,3098,5858,2101,3541,5642,723,2054,2777,35325,36187,71512
2020-10-20,4440,4065,8505,2901,2680,5581,5447,4954,10401,5862,5343,11205,4680,4190,8870,3650,3576,7226,3189,3093,6282,2787,3144,5931,2132,3581,5713,724,2078,2802,35812,36704,72516
2020-10-21,4469,4089,8558,2950,2709,5659,5502,5036,10538,5936,5409,11345,4735,4237,8972,3699,3615,7314,3234,3124,6358,2812,3173,5985,2150,3619,5769,728,2091,2819,36215,37102,73317
2020-10-22,4503,4113,8616,2982,2758,5740,5554,5095,10649,5995,5466,11461,4788,4301,9089,3736,3661,7397,3264,3158,6422,2833,3200,6033,2172,3651,5823,734,2108,2842,36561,37511,74072
2020-10-23,4528,4135,8663,3005,2779,5784,5599,5143,10742,6044,5524,11568,4825,4351,9176,3763,3690,7453,3299,3200,6499,2870,3234,6104,2193,3667,5860,739,2133,2872,36865,37856,74721
2020-10-24,4544,4157,8701,3016,2795,5811,5639,5167,10806,6083,5556,11639,4857,4380,9237,3781,3714,7495,3316,3218,6534,2889,3257,6146,2201,3686,5887,743,2146,2889,37069,38076,75145
2020-10-25,4573,4176,8749,3029,2811,5840,5685,5204,10889,6119,5610,11729,4890,4413,9303,3808,3747,7555,3345,3242,6587,2908,3279,6187,2208,3702,5910,747,2150,2897,37312,38334,75646
2020-10-26,4608,4204,8812,3072,2835,5907,5738,5253,10991,6189,5683,11872,4943,4474,9417,3849,3805,7654,3377,3285,6662,2939,3317,6256,2224,3743,5967,753,2168,2921,37692,38767,76459
2020-10-27,4641,4234,8875,3104,2851,5955,5807,5325,11132,6247,5741,11988,5013,4528,9541,3904,3863,7767,3429,3348,6777,2971,3358,6329,2242,3769,6011,756,2175,2931,38114,39192,77306
2020-10-28,4674,4267,8941,3121,2869,5990,5854,5382,11236,6304,5806,12110,5056,4585,9641,3944,3914,7858,3472,3375,6847,2998,3389,6387,2253,3802,6055,758,2189,2947,38434,39578,78012
2020-10-29,4703,4294,8997,3143,2887,6030,5930,5432,11362,6380,5873,12253,5107,4642,9749,3979,3952,7931,3514,3418,6932,3016,3415,6431,2267,3823,6090,762,2197,2959,38801,39933,78734
2020-10-30,4733,4314,9047,3164,2915,6079,5982,5506,11488,6433,5922,12355,5156,4689,9845,4014,3995,8009,3547,3457,7004,3036,3442,6478,2283,3849,6132,767,2213,2980,39115,40302,79417
2020-10-31,4755,4329,9084,3177,2930,6107,6017,5538,11555,6466,5967,12433,5184,4720,9904,4042,4018,8060,3573,3484,7057,3052,3463,6515,2290,3863,6153,770,2216,2986,39326,40528,79854
2020-11-01,4781,4351,9132,3196,2962,6158,6054,5576,11630,6507,6011,12518,5227,4747,9974,4068,4056,8124,3599,3517,7116,3073,3483,6556,2297,3881,6178,775,2225,3000,39577,40809,80386
2020-11-02,4813,4384,9197,3223,2994,6217,6111,5640,11751,6589,6069,12658,5278,4796,10074,4114,4099,8213,3644,3563,7207,3102,3512,6614,2312,3900,6212,777,2236,3013,39963,41193,81156
2020-11-03,4835,4406,9241,3243,3014,6257,6159,5696,11855,6641,6113,12754,5320,4820,10140,4152,4131,8283,3679,3594,7273,3126,3536,6662,2331,3931,6262,780,2249,3029,40266,41490,81756
2020-11-04,4867,4438,9305,3267,3042,6309,6221,5767,11988,6708,6180,12888,5384,4892,10276,4199,4178,8377,3729,3636,7365,3153,3568,6721,2349,3967,6316,791,2262,3053,40668,41930,82598
2020-11-05,4901,4471,9372,3310,3082,6392,6304,5835,12139,6790,6252,13042,5449,4955,10404,4261,4235,8496,3760,3679,7439,3182,3597,6779,2368,3992,6360,793,2273,3066,41118,42371,83489
2020-11-06,4920,4497,9417,3327,3112,6439,6345,5881,12226,6829,6304,13133,5479,4981,10460,4301,4274,8575,3789,3720,7509,3209,3630,6839,2380,4020,6400,796,2281,3077,41375,42700,84075
2020-11-07,4941,4518,9459,3342,3134,6476,6381,5918,12299,6863,6358,13221,5512,5016,10528,4331,4306,8637,3819,3753,7572,3233,3661,6894,2397,4039,6436,803,2286,3089,41622,42989,84611
2020-11-08,4971,4554,9525,3364,3159,6523,6422,5954,12376,6899,6413,13312,5551,5059,10610,4354,4335,8689,3852,3781,7633,3255,3686,6941,2407,4050,6457,808,2290,3098,41883,43281,85164
2020-11-09,5010,4597,9607,3413,3179,6592,6474,6016,12490,6956,6488,13444,5603,5113,10716,4401,4384,8785,3888,3835,7723,3275,3721,6996,2431,4083,6514,812,2298,3110,42263,43714,85977
2020-11-10,5039,4622,9661,3441,3199,6640,6524,6058,12582,7007,6543,13550,5643,5150,10793,4437,4422,8859,3937,3868,7805,3305,3751,7056,2448,4110,6558,816,2310,3126,42597,44033,86630
2020-11-11,5073,4653,9726,3461,3217,6678,6571,6121,12692,7068,6604,13672,5695,5192,10887,4475,4466,8941,3974,3900,7874,3330,3774,7104,2471,4138,6609,820,2327,3147,42938,44392,87330
2020-11-12,5117,4682,9799,3485,3247,6732,6621,6180,12801,7139,6663,13802,5751,5242,10993,4525,4494,9019,4009,3956,7965,3362,3810,7172,2488,4169,6657,822,2336,3158,43319,44779,88098
2020-11-13,5152,4706,9858,3518,3263,6781,6674,6244,12918,7191,6724,13915,5799,5288,11087,4565,4533,9098,4056,4001,8057,3393,3844,7237,2508,4197,6705,826,2352,3178,43682,45152,88834
2020-11-14,5195,4735,9930,3540,3278,6818,6710,6289,12999,7242,6777,14019,5830,5325,11155,4592,4564,9156,4089,4022,8111,3415,3871,7286,2515,4215,6730,830,2356,3186,43958,45432,89390
2020-11-15,5228,4766,9994,3560,3289,6849,6753,6340,13093,7287,6816,14103,5864,5369,11233,4622,4604,9226,4120,4052,8172,3433,3894,7327,2524,4236,6760,831,2370,3201,44222,45736,89958
2020-11-16,5262,4805,10067,3587,3313,6900,6802,6382,13184,7341,6873,14214,5921,5414,11335,4651,4645,9296,4158,4091,8249,3460,3927,7387,2541,4261,6802,836,2392,3228,44559,46103,90662
2020-11-17,5295,4843,10138,3618,3336,6954,6864,6446,13310,7421,6941,14362,5981,5467,11448,4695,4693,9388,4210,4147,8357,3496,3974,7470,2549,4294,6843,838,2402,3240,44967,46543,91510
2020-11-18,5326,4873,10199,3652,3366,7018,6928,6501,13429,7498,7017,14515,6036,5515,11551,4739,4729,9468,4242,4180,8422,3529,4013,7542,2564,4331,6895,841,2412,3253,45355,46937,92292
2020-11-19,5361,4894,10255,3687,3393,7080,6989,6563,13552,7559,7083,14642,6080,5565,11645,4778,4779,9557,4288,4228,8516,3563,4041,7604,2581,4363,6944,846,2423,3269,45732,47332,93064
2020-11-20,5393,4924,10317,3710,3424,7134,7044,6609,13653,7626,7144,14770,6125,5598,11723,4816,4819,9635,4330,4270,8600,3586,4063,7649,2597,4390,6987,851,2429,3280,46078,47670,93748
2020-11-21,5416,4945,10361,3729,3441,7170,7086,6642,13728,7668,7188,14856,6164,5628,11792,4840,4849,9689,4359,4291,8650,3601,4081,7682,2603,4402,7005,854,2438,3292,46320,47905,94225
2020-11-22,5440,4967,10407,3747,3454,7201,7126,6675,13801,7697,7227,14924,6202,5662,11864,4861,4865,9726,4377,4329,8706,3619,4095,7714,2611,4421,7032,855,2445,3300,46535,48140,94675
2020-11-23,5484,5000,10484,3770,3476,7246,7169,6721,13890,7743,7273,15016,6250,5693,11943,4894,4895,9789,4407,4364,8771,3636,4118,7754,2625,4447,7072,862,2457,3319,46840,48444,95284
2020-11-24,5516,5037,10553,3802,3503,7305,7224,6766,13990,7816,7329,15145,6305,5734,12039,4932,4937,9869,4441,4401,8842,3668,4156,7824,2645,4481,7126,865,2462,3327,47214,48806,96020
2020-11-25,5553,5072,10625,3837,3534,7371,7287,6820,14107,7879,7396,15275,6353,5782,12135,4969,4967,9936,4482,4431,8913,3687,4184,7871,2662,4506,7168,870,2468,3338,47579,49160,96739
2020-11-26,5582,5103,10685,3871,3565,7436,7348,6884,14232,7945,7473,15418,6397,5833,12230,5016,5013,10029,4530,4466,8996,3712,4223,7935,2675,4532,7207,881,2479,3360,47957,49571,97528
2020-11-27,5595,5129,10724,3890,3582,7472,7395,6938,14333,7998,7525,15523,6439,5865,12304,5055,5042,10097,4556,4495,9051,3736,4248,7984,2686,4561,7247,887,2484,3371,48237,49869,98106
2020-11-28,5634,5149,10783,3908,3601,7509,7440,6982,14422,8033,7570,15603,6468,5905,12373,5095,5071,10166,4573,4525,9098,3755,4269,8024,2694,4588,7282,889,2488,3377,48489,50148,98637
2020-11-29,5664,5175,10839,3920,3624,7544,7493,7034,14527,8078,7631,15709,6514,5939,12453,5127,5096,10223,4603,4557,9160,3768,4291,8059,2708,4599,7307,891,2496,3387,48766,50442,99208
2020-11-30,5705,5200,10905,3955,3651,7606,7580,7117,14697,8152,7708,15860,6588,5995,12583,5169,5147,10316,4653,4600,9253,3798,4338,8136,2725,4629,7354,899,2505,3404,49224,50890,100114
2020-12-01,5732,5238,10970,3977,3684,7661,7654,7181,14835,8218,7785,16003,6639,6047,12686,5196,5186,10382,4692,4652,9344,3829,4371,8200,2742,4657,7399,902,2510,3412,49581,51311,100892
2020-12-02,5750,5255,11005,3995,3700,7695,7697,7226,14923,8257,7844,16101,6682,6085,12767,5218,5217,10435,4715,4678,9393,3852,4393,8245,2755,4674,7429,908,2519,3427,49829,51591,101420
2020-12-03,5773,5289,11062,4024,3721,7745,7748,7315,15063,8327,7925,16252,6742,6141,12883,5259,5261,10520,4756,4729,9485,3881,4421,8302,2767,4690,7457,911,2530,3441,50188,52022,102210
2020-12-04,5800,5318,11118,4051,3760,7811,7806,7362,15168,8388,7986,16374,6798,6195,12993,5303,5312,10615,4799,4775,9574,3910,4455,8365,2783,4711,7494,917,2539,3456,50555,52413,102968
2020-12-05,5822,5342,11164,4075,3783,7858,7860,7403,15263,8448,8032,16480,6835,6224,13059,5329,5335,10664,4819,4794,9613,3926,4472,8398,2792,4727,7519,921,2546,3467,50827,52658,103485
2020-12-06,5840,5362,11202,4103,3796,7899,7901,7439,15340,8487,8066,16553,6865,6261,13126,5349,5361,10710,4843,4814,9657,3948,4498,8446,2806,4740,7546,922,2551,3473,51064,52888,103952
2020-12-07,5855,5393,11248,4129,3815,7944,7952,7491,15443,8546,8118,16664,6898,6304,13202,5377,5397,10774,4864,4836,9700,3967,4532,8499,2817,4756,7573,926,2557,3483,51331,53199,104530
2020-12-08,5881,5421,11302,4141,3832,7973,8002,7542,15544,8592,8165,16757,6933,6334,13267,5419,5428,10847,4890,4866,9756,3983,4561,8544,2822,4775,7597,931,2561,3492,51594,53485,105079
2020-12-09,5910,5445,11355,4163,3858,8021,8073,7619,15692,8673,8242,16915,6998,6384,13382,5492,5484,10976,4951,4933,9884,4025,4610,8635,2836,4804,7640,933,2579,3512,52054,53958,106012
2020-12-10,5947,5479,11426,4206,3898,8104,8152,7700,15852,8756,8347,17103,7072,6458,13530,5570,5556,11126,5014,4997,10011,4063,4633,8696,2850,4842,7692,940,2588,3528,52570,54498,107068
2020-12-11,5970,5509,11479,4237,3924,8161,8235,7788,16023,8848,8441,17289,7144,6529,13673,5641,5630,11271,5083,5069,10152,4100,4672,8772,2867,4866,7733,940,2596,3536,53065,55024,108089
2020-12-12,5992,5539,11531,4270,3942,8212,8304,7849,16153,8922,8531,17453,7216,6598,13814,5707,5678,11385,5123,5144,10267,4131,4714,8845,2879,4888,7767,942,2603,3545,53486,55486,108972
2020-12-13,6020,5562,11582,4297,3975,8272,8357,7912,16269,8994,8604,17598,7272,6665,13937,5780,5725,11505,5175,5183,10358,4161,4737,8898,2889,4908,7797,947,2607,3554,53892,55878,109770
2020-12-14,6066,5594,11660,4330,4011,8341,8446,7997,16443,9085,8692,17777,7343,6749,14092,5852,5799,11651,5230,5260,10490,4205,4790,8995,2905,4935,7840,955,2619,3574,54417,56446,110863
2020-12-15,6097,5627,11724,4367,4049,8416,8517,8069,16586,9183,8779,17962,7420,6810,14230,5921,5881,11802,5309,5330,10639,4241,4823,9064,2915,4953,7868,956,2631,3587,54926,56952,111878
2020-12-16,6117,5654,11771,4405,4091,8496,8611,8184,16795,9318,8911,18229,7501,6907,14408,6011,5956,11967,5405,5419,10824,4294,4882,9176,2935,4970,7905,960,2643,3603,55557,57617,113174
2020-12-17,6154,5695,11849,4450,4123,8573,8695,8282,16977,9451,9047,18498,7613,7019,14632,6089,6030,12119,5455,5492,10947,4332,4912,9244,2945,4995,7940,963,2648,3611,56147,58243,114390
2020-12-18,6198,5725,11923,4503,4179,8682,8802,8382,17184,9585,9201,18786,7729,7131,14860,6180,6123,12303,5565,5598,11163,4412,4966,9378,2960,5038,7998,969,2657,3626,56903,59000,115903
2020-12-19,6234,5755,11989,4547,4222,8769,8892,8486,17378,9745,9343,19088,7825,7210,15035,6264,6205,12469,5638,5688,11326,4454,5022,9476,2975,5065,8040,973,2661,3634,57547,59657,117204
2020-12-20,6261,5796,12057,4592,4270,8862,8987,8587,17574,9889,9476,19365,7927,7312,15239,6355,6299,12654,5727,5785,11512,4491,5065,9556,2987,5077,8064,975,2668,3643,58191,60335,118526
2020-12-21,6305,5838,12143,4663,4309,8972,9113,8705,17818,10035,9646,19681,8066,7425,15491,6450,6401,12851,5828,5897,11725,4549,5123,9672,2997,5110,8107,980,2673,3653,58986,61127,120113
2020-12-22,6342,5888,12230,4725,4365,9090,9247,8826,18073,10190,9803,19993,8205,7556,15761,6560,6492,13052,5948,6010,11958,4613,5171,9784,3014,5138,8152,984,2677,3661,59828,61926,121754
2020-12-23,6382,5928,12310,4785,4419,9204,9375,8941,18316,10373,9976,20349,8323,7693,16016,6664,6582,13246,6037,6102,12139,4665,5219,9884,3032,5167,8199,986,2691,3677,60622,62718,123340
2020-12-24,6411,5955,12366,4817,4458,9275,9461,9020,18481,10503,10075,20578,8409,7764,16173,6722,6640,13362,6092,6163,12255,4696,5248,9944,3036,5186,8222,988,2695,3683,61135,63204,124339
2020-12-25,6420,5969,12389,4825,4465,9290,9488,9038,18526,10529,10109,20638,8432,7775,16207,6739,6660,13399,6103,6180,12283,4708,5252,9960,3042,5198,8240,991,2700,3691,61277,63346,124623
2020-12-26,6463,6000,12463,4892,4530,9422,9594,9148,18742,10710,10270,20980,8536,7907,16443,6837,6759,13596,6169,6251,12420,4742,5300,10042,3062,5232,8294,992,2710,3702,61997,64107,126104
2020-12-27,6490,6025,12515,4958,4586,9544,9696,9243,18939,10882,10392,21274,8680,8035,16715,6941,6873,13814,6263,6346,12609,4784,5360,10144,3081,5263,8344,996,2723,3719,62771,64846,127617
2020-12-28,6541,6062,12603,5037,4668,9705,9858,9393,19251,11138,10619,21757,8853,8206,17059,7085,7017,14102,6366,6478,12844,4837,5418,10255,3104,5306,8410,999,2739,3738,63818,65906,129724
2020-12-29,6578,6103,12681,5118,4738,9856,10006,9545,19551,11328,10782,22110,9017,8339,17356,7200,7115,14315,6452,6590,13042,4896,5477,10373,3129,5347,8476,1006,2751,3757,64730,66787,131517
2020-12-30,6621,6132,12753,5202,4822,10024,10168,9670,19838,11552,10984,22536,9169,8487,17656,7310,7255,14565,6547,6690,13237,4955,5543,10498,3151,5383,8534,1010,2762,3772,65685,67728,133413
2020-12-31,6644,6155,12799,5255,4873,10128,10290,9760,20050,11680,11133,22813,9282,8608,17890,7380,7315,14695,6595,6749,13344,4979,5582,10561,3162,5411,8573,1010,2770,3780,66277,68356,134633
2021-01-01,6658,6165,12823,5265,4887,10152,10310,9784,20094,11707,11164,22871,9306,8628,17934,7397,7337,14734,6610,6766,13376,4990,5593,10583,3168,5428,8596,1011,2774,3785,66422,68526,134948
2021-01-02,6701,6193,12894,5311,4942,10253,10417,9890,20307,11863,11288,23151,9413,8733,18146,7483,7446,14929,6715,6857,13572,5036,5646,10682,3180,5462,8642,1014,2782,3796,67133,69239,136372
2021-01-03,6727,6221,12948,5399,5007,10406,10567,10033,20600,12065,11494,23559,9572,8915,18487,7616,7592,15208,6842,6983,13825,5092,5721,10813,3195,5487,8682,1017,2789,3806,68092,70242,138334
2021-01-04,6770,6262,13032,5477,5069,10546,10765,10218,20983,12279,11749,24028,9768,9096,18864,7750,7736,15486,6946,7108,14054,5166,5789,10955,3227,5532,8759,1021,2800,3821,69169,71359,140528
2021-01-05,6797,6300,13097,5557,5139,10696,10965,10426,21391,12502,12007,24509,9960,9280,19240,7881,7880,15761,7060,7275,14335,5243,5878,11121,3250,5582,8832,1024,2809,3833,70239,72576,142815
2021-01-06,6833,6328,13161,5659,5227,10886,11169,10602,21771,12761,12233,24994,10177,9459,19636,8045,8035,16080,7190,7407,14597,5323,5966,11289,3277,5633,8910,1028,2826,3854,71462,73716,145178
2021-01-07,6867,6365,13232,5724,5295,11019,11315,10756,22071,12972,12417,25389,10342,9610,19952,8154,8156,16310,7285,7515,14800,5378,6051,11429,3297,5664,8961,1030,2837,3867,72364,74666,147030
2021-01-08,6908,6399,13307,5804,5387,11191,11479,10895,22374,13157,12617,25774,10480,9773,20253,8257,8275,16532,7368,7623,14991,5426,6127,11553,3319,5693,9012,1037,2845,3882,73235,75634,148869
2021-01-09,6935,6422,13357,5862,5440,11302,11601,11033,22634,13350,12793,26143,10601,9915,20516,8362,8383,16745,7448,7736,15184,5468,6185,11653,3334,5725,9059,1037,2857,3894,73998,76489,150487
2021-01-10,6973,6459,13432,5932,5512,11444,11722,11157,22879,13511,12993,26504,10731,10055,20786,8453,8495,16948,7533,7807,15340,5509,6237,11746,3344,5751,9095,1039,2867,3906,74747,77333,152080
2021-01-11,7013,6491,13504,6010,5592,11602,11910,11347,23257,13738,13241,26979,10897,10232,21129,8580,8625,17205,7620,7935,15555,5563,6297,11860,3362,5783,9145,1041,2873,3914,75734,78416,154150
2021-01-12,7054,6515,13569,6088,5667,11755,12077,11524,23601,13917,13417,27334,11034,10382,21416,8686,8761,17447,7719,8029,15748,5605,6349,11954,3384,5804,9188,1044,2882,3926,76608,79330,155938
2021-01-13,7108,6561,13669,6182,5761,11943,12266,11690,23956,14109,13606,27715,11207,10521,21728,8805,8905,17710,7823,8146,15969,5656,6406,12062,3398,5848,9246,1049,2885,3934,77603,80329,157932
2021-01-14,7148,6598,13746,6267,5844,12111,12442,11880,24322,14321,13804,28125,11354,10686,22040,8917,9055,17972,7921,8252,16173,5705,6463,12168,3414,5883,9297,1053,2890,3943,78542,81355,159897
2021-01-15,7192,6640,13832,6425,5980,12405,12641,12081,24722,14593,14070,28663,11575,10904,22479,9106,9243,18349,8038,8383,16421,5763,6546,12309,3432,5921,9353,1056,2898,3954,79821,82666,162487
2021-01-16,7213,6661,13874,6571,6110,12681,12805,12261,25066,14834,14322,29156,11811,11132,22943,9288,9418,18706,8160,8533,16693,5844,6633,12477,3451,5952,9403,1058,2908,3966,81035,83930,164965
2021-01-17,7237,6675,13912,6711,6232,12943,12954,12459,25413,15035,14548,29583,12041,11367,23408,9444,9581,19025,8253,8642,16895,5899,6686,12585,3466,5979,9445,1060,2910,3970,82100,85079,167179
2021-01-18,7278,6715,13993,6875,6394,13269,13183,12680,25863,15307,14813,30120,12318,11627,23945,9663,9789,19452,8402,8815,17217,5981,6779,12760,3490,6020,9510,1063,2919,3982,83560,86551,170111
2021-01-19,7320,6750,14070,7036,6515,13551,13418,12882,26300,15558,15061,30619,12572,11878,24450,9842,9976,19818,8552,8982,17534,6061,6880,12941,3507,6059,9566,1070,2936,4006,84936,87919,172855
2021-01-20,7358,6788,14146,7199,6678,13877,13620,13082,26702,15777,15277,31054,12817,12104,24921,10051,10179,20230,8723,9157,17880,6153,6980,13133,3531,6098,9629,1076,2947,4023,86305,89290,175595
2021-01-21,7402,6829,14231,7309,6790,14099,13808,13249,27057,15961,15481,31442,12981,12300,25281,10192,10362,20554,8853,9277,18130,6212,7054,13266,3563,6130,9693,1083,2959,4042,87364,90431,177795
2021-01-22,7434,6870,14304,7435,6893,14328,13962,13411,27373,16122,15658,31780,13137,12471,25608,10322,10506,20828,8977,9392,18369,6270,7120,13390,3578,6172,9750,1086,2962,4048,88323,91455,179778
2021-01-23,7464,6897,14361,7535,6997,14532,14138,13569,27707,16278,15831,32109,13313,12618,25931,10446,10636,21082,9055,9489,18544,6313,7168,13481,3591,6196,9787,1088,2968,4056,89221,92369,181590
2021-01-24,7491,6923,14414,7654,7106,14760,14308,13731,28039,16448,16014,32462,13493,12790,26283,10595,10785,21380,9162,9596,18758,6358,7224,13582,3609,6225,9834,1089,2975,4064,90207,93369,183576
2021-01-25,7531,6966,14497,7819,7231,15050,14525,13947,28472,16659,16230,32889,13709,13006,26715,10762,10963,21725,9309,9733,19042,6424,7304,13728,3639,6274,9913,1094,2988,4082,91471,94642,186113
2021-01-26,7584,7002,14586,7976,7347,15323,14714,14132,28846,16856,16420,33276,13897,13188,27085,10917,11132,22049,9416,9874,19290,6492,7383,13875,3659,6323,9982,1098,3000,4098,92609,95801,188410
2021-01-27,7639,7048,14687,8107,7469,15576,14889,14319,29208,17064,16620,33684,14088,13380,27468,11057,11298,22355,9529,9988,19517,6543,7441,13984,3687,6357,10044,1100,3017,4117,93703,96937,190640
2021-01-28,7681,7082,14763,8218,7563,15781,15055,14473,29528,17253,16790,34043,14235,13520,27755,11171,11438,22609,9630,10098,19728,6596,7504,14100,3711,6399,10110,1106,3031,4137,94656,97898,192554
2021-01-29,7719,7130,14849,8373,7694,16067,15236,14644,29880,17476,17011,34487,14440,13736,28176,11337,11617,22954,9770,10274,20044,6658,7600,14258,3734,6448,10182,1110,3041,4151,95853,99195,195048
2021-01-30,7743,7148,14891,8560,7868,16428,15413,14831,30244,17700,17248,34948,14698,14011,28709,11546,11820,23366,9896,10448,20344,6723,7694,14417,3751,6483,10234,1114,3050,4164,97144,100601,197745
2021-01-31,7766,7167,14933,8831,8126,16957,15648,15037,30685,17983,17537,35520,15078,14379,29457,11837,12084,23921,10058,10614,20672,6791,7789,14580,3772,6520,10292,1117,3061,4178,98881,102314,201195
2021-02-01,7801,7202,15003,9058,8368,17426,15863,15249,31112,18229,17820,36049,15385,14697,30082,12132,12351,24483,10237,10838,21075,6851,7905,14756,3803,6558,10361,1119,3072,4191,100478,104060,204538
2021-02-02,7835,7234,15069,9243,8558,17801,16073,15417,31490,18474,18107,36581,15699,15027,30726,12397,12610,25007,10430,11050,21480,6957,8025,14982,3829,6602,10431,1124,3083,4207,102061,105713,207774
2021-02-03,7871,7268,15139,9416,8698,18114,16258,15633,31891,18693,18338,37031,15972,15280,31252,12593,12827,25420,10597,11227,21824,7053,8147,15200,3856,6656,10512,1127,3093,4220,103436,107167,210603
2021-02-04,7910,7304,15214,9526,8793,18319,16405,15806,32211,18875,18540,37415,16123,15490,31613,12736,12977,25713,10693,11364,22057,7109,8237,15346,3876,6694,10570,1130,3109,4239,104383,108314,212697
2021-02-05,7943,7336,15279,9649,8878,18527,16539,15954,32493,19042,18699,37741,16272,15633,31905,12864,13122,25986,10802,11500,22302,7165,8309,15474,3892,6736,10628,1131,3117,4248,105299,109284,214583
2021-02-06,7964,7356,15320,9769,8985,18754,16660,16087,32747,19192,18892,38084,16420,15805,32225,13004,13267,26271,10887,11619,22506,7204,8374,15578,3906,6764,10670,1133,3124,4257,106139,110273,216412
2021-02-07,7992,7389,15381,9886,9101,18987,16771,16209,32980,19342,19067,38409,16574,15968,32542,13131,13424,26555,10965,11708,22673,7252,8428,15680,3920,6788,10708,1140,3129,4269,106973,111211,218184
2021-02-08,8030,7423,15453,10039,9273,19312,16953,16397,33350,19564,19299,38863,16824,16251,33075,13298,13624,26922,11084,11860,22944,7315,8512,15827,3944,6837,10781,1144,3140,4284,108195,112616,220811
2021-02-09,8062,7447,15509,10184,9409,19593,17121,16565,33686,19806,19506,39312,17030,16466,33496,13480,13815,27295,11240,12014,23254,7386,8602,15988,3967,6889,10856,1149,3153,4302,109425,113866,223291
2021-02-10,8102,7472,15574,10288,9510,19798,17268,16720,33988,19980,19712,39692,17245,16652,33897,13596,13970,27566,11344,12123,23467,7451,8677,16128,3992,6923,10915,1149,3163,4312,110415,114922,225337
2021-02-11,8137,7503,15640,10381,9614,19995,17402,16872,34274,20174,19894,40068,17420,16833,34253,13721,14115,27836,11462,12233,23695,7505,8735,16240,4014,6970,10984,1154,3173,4327,111370,115942,227312
2021-02-12,8172,7528,15700,10484,9722,20206,17531,17005,34536,20356,20080,40436,17591,17032,34623,13840,14248,28088,11567,12365,23932,7564,8811,16375,4037,7006,11043,1156,3182,4338,112298,116979,229277
2021-02-13,8194,7540,15734,10615,9850,20465,17673,17129,34802,20561,20270,40831,17823,17250,35073,13968,14412,28380,11672,12481,24153,7604,8877,16481,4054,7038,11092,1158,3192,4350,113322,118039,231361
2021-02-14,8212,7555,15767,10733,9981,20714,17781,17271,35052,20772,20487,41259,18037,17485,35522,14115,14574,28689,11791,12598,24389,7657,8965,16622,4068,7057,11125,1160,3204,4364,114326,119177,233503
2021-02-15,8231,7576,15807,10890,10162,21052,17935,17418,35353,21013,20736,41749,18339,17775,36114,14327,14777,29104,11909,12743,24652,7718,9049,16767,4082,7097,11179,1162,3217,4379,115606,120550,236156
2021-02-16,8256,7597,15853,11078,10307,21385,18118,17607,35725,21282,21028,42310,18608,18069,36677,14525,14940,29465,12020,12848,24868,7774,9122,16896,4094,7130,11224,1169,3224,4393,116924,121872,238796
2021-02-17,8283,7635,15918,11203,10420,21623,18361,17833,36194,21524,21268,42792,18812,18297,37109,14692,15127,29819,12179,13013,25192,7839,9212,17051,4112,7173,11285,1175,3234,4409,118180,123212,241392
2021-02-18,8311,7664,15975,11294,10543,21837,18564,18029,36593,21753,21519,43272,19013,18494,37507,14856,15283,30139,12304,13169,25473,7899,9305,17204,4138,7211,11349,1177,3238,4415,119309,124455,243764
2021-02-19,8349,7695,16044,11395,10646,22041,18752,18202,36954,21952,21746,43698,19214,18686,37900,15018,15455,30473,12436,13322,25758,7968,9404,17372,4154,7253,11407,1180,3246,4426,120418,125655,246073
2021-02-20,8382,7715,16097,11482,10749,22231,18912,18376,37288,22155,21952,44107,19396,18884,38280,15151,15621,30772,12528,13474,26002,8014,9470,17484,4174,7288,11462,1183,3249,4432,121377,126778,248155
2021-02-21,8414,7735,16149,11580,10840,22420,19033,18531,37564,22342,22143,44485,19572,19078,38650,15254,15761,31015,12634,13606,26240,8059,9528,17587,4191,7316,11507,1187,3255,4442,122266,127793,250059
2021-02-22,8452,7791,16243,11677,10958,22635,19201,18715,37916,22536,22374,44910,19752,19278,39030,15411,15920,31331,12747,13757,26504,8119,9610,17729,4228,7348,11576,1190,3261,4451,123313,129012,252325
2021-02-23,8502,7827,16329,11773,11044,22817,19349,18863,38212,22716,22582,45298,19927,19442,39369,15555,16075,31630,12864,13898,26762,8190,9707,17897,4254,7387,11641,1196,3276,4472,124326,130101,254427
2021-02-24,8539,7882,16421,11870,11139,23009,19467,19007,38474,22873,22751,45624,20049,19577,39626,15672,16197,31869,12991,14020,27011,8250,9788,18038,4274,7426,11700,1199,3285,4484,125184,131072,256256
2021-02-25,8598,7934,16532,11946,11214,23160,19604,19135,38739,23013,22909,45922,20200,19698,39898,15780,16322,32102,13076,14143,27219,8300,9863,18163,4290,7464,11754,1203,3302,4505,126010,131984,257994
2021-02-26,8645,7977,16622,12021,11293,23314,19749,19302,39051,23194,23070,46264,20341,19850,40191,15887,16458,32345,13167,14283,27450,8349,9941,18290,4305,7501,11806,1205,3319,4524,126863,132994,259857
2021-02-27,8670,8002,16672,12086,11386,23472,19866,19449,39315,23377,23256,46633,20486,19981,40467,16017,16605,32622,13280,14413,27693,8404,10009,18413,4325,7541,11866,1205,3328,4533,127716,133970,261686
2021-02-28,8688,8026,16714,12187,11489,23676,20012,19628,39640,23602,23488,47090,20661,20171,40832,16194,16819,33013,13439,14583,28022,8487,10101,18588,4344,7579,11923,1208,3338,4546,128822,135222,264044
2021-03-01,8757,8080,16837,12259,11572,23831,20160,19775,39935,23790,23645,47435,20822,20305,41127,16287,16935,33222,13538,14700,28238,8535,10185,18720,4368,7612,11980,1212,3351,4563,129728,136160,265888
2021-03-02,8824,8136,16960,12362,11653,24015,20280,19917,40197,23940,23815,47755,20950,20427,41377,16404,17067,33471,13611,14802,28413,8598,10236,18834,4394,7642,12036,1215,3360,4575,130578,137055,267633
2021-03-03,8890,8185,17075,12439,11712,24151,20386,20037,40423,24100,23947,48047,21060,20529,41589,16517,17183,33700,13716,14942,28658,8654,10315,18969,4403,7666,12069,1215,3373,4588,131380,137889,269269
2021-03-04,8943,8236,17179,12498,11789,24287,20491,20148,40639,24237,24055,48292,21166,20630,41796,16603,17297,33900,13801,15071,28872,8710,10401,19111,4422,7700,12122,1221,3384,4605,132092,138711,270803
2021-03-05,8988,8283,17271,12561,11861,24422,20602,20295,40897,24376,24205,48581,21273,20725,41998,16699,17407,34106,13887,15172,29059,8763,10478,19241,4438,7729,12167,1221,3388,4609,132808,139543,272351
2021-03-06,9014,8316,17330,12609,11910,24519,20704,20391,41095,24502,24320,48822,21377,20822,42199,16760,17496,34256,13946,15240,29186,8795,10534,19329,4457,7754,12211,1223,3395,4618,133387,140178,273565
2021-03-07,9048,8343,17391,12660,11954,24614,20785,20491,41276,24611,24440,49051,21445,20925,42370,16840,17598,34438,14030,15353,29383,8828,10588,19416,4475,7783,12258,1226,3398,4624,133948,140873,274821
2021-03-08,9104,8408,17512,12731,12028,24759,20906,20640,41546,24760,24575,49335,21555,21048,42603,16970,17729,34699,14140,15488,29628,8897,10662,19559,4493,7819,12312,1228,3408,4636,134784,141805,276589
2021-03-09,9177,8481,17658,12804,12094,24898,21013,20735,41748,24905,24716,49621,21696,21172,42868,17088,17845,34933,14236,15643,29879,8961,10756,19717,4516,7853,12369,1232,3415,4647,135628,142710,278338
2021-03-10,9259,8556,17815,12883,12165,25048,21118,20847,41965,25056,24857,49913,21795,21281,43076,17191,17970,35161,14328,15751,30079,9025,10838,19863,4535,7892,12427,1237,3424,4661,136427,143581,280008
2021-03-11,9325,8631,17956,12936,12235,25171,21206,20963,42169,25173,24974,50147,21879,21372,43251,17263,18059,35322,14401,15850,30251,9068,10896,19964,4552,7920,12472,1239,3438,4677,137042,144338,281380
2021-03-12,9402,8700,18102,13010,12312,25322,21311,21083,42394,25321,25109,50430,21986,21494,43480,17352,18187,35539,14481,15963,30444,9127,10966,20093,4570,7947,12517,1243,3447,4690,137803,145208,283011
2021-03-13,9450,8737,18187,13059,12368,25427,21433,21179,42612,25450,25233,50683,22095,21583,43678,17437,18294,35731,14588,16074,30662,9166,11025,20191,4579,7983,12562,1246,3450,4696,138503,145926,284429
2021-03-14,9492,8791,18283,13100,12424,25524,21520,21283,42803,25582,25375,50957,22188,21677,43865,17536,18417,35953,14700,16198,30898,9209,11102,20311,4594,8009,12603,1250,3459,4709,139171,146735,285906
2021-03-15,9601,8881,18482,13187,12506,25693,21633,21426,43059,25726,25535,51261,22334,21826,44160,17662,18549,36211,14817,16335,31152,9280,11204,20484,4612,8053,12665,1254,3472,4726,140106,147787,287893
2021-03-16,9680,8970,18650,13261,12588,25849,21737,21535,43272,25878,25679,51557,22452,21924,44376,17766,18671,36437,14908,16457,31365,9338,11290,20628,4624,8090,12714,1257,3487,4744,140901,148691,289592
2021-03-17,9744,9045,18789,13339,12656,25995,21838,21669,43507,25989,25790,51779,22552,22024,44576,17863,18775,36638,15004,16567,31571,9389,11360,20749,4639,8125,12764,1259,3501,4760,141616,149512,291128
2021-03-18,9816,9098,18914,13392,12713,26105,21934,21769,43703,26111,25899,52010,22628,22107,44735,17930,18854,36784,15074,16657,31731,9434,11414,20848,4653,8154,12807,1260,3510,4770,142232,150175,292407
2021-03-19,9895,9167,19062,13472,12787,26259,22035,21895,43930,26244,26026,52270,22708,22199,44907,18009,18959,36968,15151,16761,31912,9479,11462,20941,4664,8180,12844,1265,3517,4782,142922,150953,293875
2021-03-20,9920,9199,19119,13517,12844,26361,22126,21982,44108,26341,26134,52475,22779,22294,45073,18087,19044,37131,15231,16839,32070,9524,11511,21035,4673,8204,12877,1268,3524,4792,143466,151575,295041
2021-03-21,9970,9248,19218,13569,12905,26474,22220,22075,44295,26473,26243,52716,22850,22371,45221,18180,19149,37329,15304,16936,32240,9550,11565,21115,4688,8227,12915,1271,3535,4806,144075,152254,296329
2021-03-22,10025,9325,19350,13651,12973,26624,22326,22204,44530,26607,26376,52983,22969,22468,45437,18302,19266,37568,15389,17048,32437,9600,11629,21229,4709,8265,12974,1275,3556,4831,144853,153110,297963
2021-03-23,10095,9401,19496,13740,13052,26792,22436,22327,44763,26735,26496,53231,23081,22556,45637,18403,19364,37767,15483,17167,32650,9657,11704,21361,4731,8290,13021,1275,3567,4842,145636,153924,299560
2021-03-24,10140,9447,19587,13802,13100,26902,22522,22405,44927,26825,26598,53423,23147,22636,45783,18473,19446,37919,15535,17249,32784,9691,11763,21454,4743,8320,13063,1275,3571,4846,146153,154535,300688
2021-03-25,10199,9499,19698,13872,13172,27044,22617,22512,45129,26942,26719,53661,23254,22747,46001,18548,19549,38097,15617,17344,32961,9736,11823,21559,4763,8343,13106,1277,3577,4854,146825,155285,302110
2021-03-26,10281,9574,19855,13953,13256,27209,22739,22613,45352,27086,26841,53927,23359,22856,46215,18623,19663,38286,15691,17450,33141,9791,11881,21672,4782,8373,13155,1278,3586,4864,147583,156093,303676
2021-03-27,10339,9626,19965,13988,13301,27289,22822,22686,45508,27215,26958,54173,23454,22949,46403,18711,19763,38474,15770,17546,33316,9824,11928,21752,4793,8400,13193,1282,3591,4873,148198,156748,304946
2021-03-28,10385,9655,20040,14017,13347,27364,22886,22759,45645,27303,27065,54368,23546,23031,46577,18785,19852,38637,15847,17646,33493,9859,11963,21822,4809,8421,13230,1284,3596,4880,148721,157335,306056
2021-03-29,10456,9713,20169,14111,13411,27522,22973,22861,45834,27421,27189,54610,23656,23148,46804,18884,19945,38829,15922,17759,33681,9896,12009,21905,4822,8446,13268,1285,3606,4891,149426,158087,307513
2021-03-30,10516,9775,20291,14179,13489,27668,23051,22951,46002,27521,27290,54811,23749,23253,47002,18970,20024,38994,16000,17867,33867,9927,12050,21977,4838,8470,13308,1291,3613,4904,150042,158782,308824
2021-03-31,10575,9824,20399,14221,13525,27746,23130,23033,46163,27624,27400,55024,23820,23339,47159,19018,20094,39112,16046,17927,33973,9951,12084,22035,4851,8492,13343,1294,3622,4916,150530,159340,309870
2021-04-01,10622,9867,20489,14279,13583,27862,23214,23138,46352,27739,27490,55229,23902,23433,47335,19082,20181,39263,16113,18009,34122,9984,12119,22103,4862,8509,13371,1296,3631,4927,151093,159960,311053
2021-04-02,10680,9902,20582,14330,13646,27976,23286,23221,46507,27849,27584,55433,23982,23504,47486,19152,20254,39406,16169,18073,34242,10016,12151,22167,4871,8521,13392,1298,3636,4934,151633,160492,312125
2021-04-03,10718,9944,20662,14378,13701,28079,23354,23300,46654,27952,27690,55642,24073,23578,47651,19224,20346,39570,16234,18143,34377,10043,12197,22240,4886,8552,13438,1303,3639,4942,152165,161090,313255
2021-04-04,10764,9981,20745,14472,13784,28256,23458,23414,46872,28088,27834,55922,24183,23714,47897,19295,20456,39751,16294,18218,34512,10071,12239,22310,4902,8573,13475,1304,3644,4948,152831,161857,314688
2021-04-05,10833,10048,20881,14582,13912,28494,23585,23573,47158,28266,28007,56273,24353,23880,48233,19413,20587,40000,16381,18337,34718,10112,12295,22407,4914,8607,13521,1309,3650,4959,153748,162896,316644
2021-04-06,10897,10137,21034,14681,14012,28693,23788,23707,47495,28453,28200,56653,24508,24035,48543,19521,20704,40225,16465,18470,34935,10164,12375,22539,4933,8637,13570,1311,3662,4973,154721,163939,318660
2021-04-07,10976,10206,21182,14806,14122,28928,23940,23858,47798,28617,28387,57004,24665,24176,48841,19639,20848,40487,16539,18586,35125,10211,12449,22660,4945,8674,13619,1312,3670,4982,155650,164976,320626
2021-04-08,11044,10272,21316,14897,14213,29110,24065,24010,48075,28784,28571,57355,24788,24309,49097,19722,20966,40688,16612,18695,35307,10250,12501,22751,4958,8705,13663,1313,3681,4994,156433,165923,322356
2021-04-09,11105,10329,21434,14968,14282,29250,24146,24102,48248,28890,28678,57568,24894,24397,49291,19790,21050,40840,16677,18765,35442,10279,12545,22824,4966,8725,13691,1316,3688,5004,157031,166561,323592
2021-04-10,11145,10373,21518,15039,14352,29391,24255,24199,48454,29016,28794,57810,24988,24491,49479,19873,21132,41005,16738,18831,35569,10291,12573,22864,4971,8740,13711,1317,3691,5008,157633,167176,324809
2021-04-11,11188,10417,21605,15091,14416,29507,24336,24263,48599,29108,28891,57999,25082,24574,49656,19941,21204,41145,16791,18888,35679,10313,12604,22917,4982,8760,13742,1318,3696,5014,158150,167713,325863
2021-04-12,11255,10474,21729,15184,14503,29687,24431,24373,48804,29241,29027,58268,25194,24696,49890,20033,21338,41371,16869,18971,35840,10337,12653,22990,4994,8785,13779,1319,3708,5027,158857,168528,327385
2021-04-13,11324,10530,21854,15246,14563,29809,24530,24464,48994,29383,29147,58530,25307,24803,50110,20112,21430,41542,16921,19042,35963,10373,12678,23051,5002,8799,13801,1323,3716,5039,159521,169172,328693
2021-04-14,11390,10586,21976,15312,14608,29920,24592,24534,49126,29465,29222,58687,25376,24884,50260,20167,21490,41657,16993,19120,36113,10408,12727,23135,5013,8818,13831,1328,3721,5049,160044,169710,329754
2021-04-15,11466,10650,22116,15395,14693,30088,24699,24644,49343,29606,29336,58942,25515,25020,50535,20264,21620,41884,17051,19194,36245,10435,12761,23196,5029,8841,13870,1330,3730,5060,160790,170489,331279
2021-04-16,11540,10722,22262,15458,14764,30222,24820,24760,49580,29752,29486,59238,25628,25147,50775,20377,21753,42130,17141,19292,36433,10462,12806,23268,5034,8864,13898,1331,3740,5071,161543,171334,332877
2021-04-17,11604,10777,22381,15521,14824,30345,24920,24836,49756,29896,29601,59497,25740,25247,50987,20462,21846,42308,17216,19364,36580,10489,12855,23344,5043,8886,13929,1333,3743,5076,162224,171979,334203
2021-04-18,11642,10817,22459,15570,14856,30426,24994,24918,49912,30000,29708,59708,25849,25341,51190,20542,21922,42464,17289,19435,36724,10512,12886,23398,5061,8904,13965,1335,3748,5083,162794,172535,335329
2021-04-19,11712,10871,22583,15644,14924,30568,25131,25038,50169,30163,29859,60022,25991,25455,51446,20657,22037,42694,17385,19530,36915,10546,12939,23485,5068,8938,14006,1339,3759,5098,163636,173350,336986
2021-04-20,11787,10952,22739,15714,14992,30706,25231,25139,50370,30279,29971,60250,26114,25577,51691,20754,22122,42876,17467,19640,37107,10581,12980,23561,5089,8963,14052,1343,3769,5112,164359,174105,338464
2021-04-21,11864,11008,22872,15776,15036,30812,25329,25222,50551,30386,30078,60464,26196,25683,51879,20824,22203,43027,17535,19722,37257,10611,13014,23625,5097,8994,14091,1346,3774,5120,164964,174734,339698
2021-04-22,11942,11072,23014,15865,15103,30968,25433,25327,50760,30526,30222,60748,26325,25834,52159,20924,22315,43239,17614,19818,37432,10646,13068,23714,5111,9029,14140,1347,3784,5131,165733,175572,341305
2021-04-23,12011,11132,23143,15930,15171,31101,25545,25428,50973,30679,30342,61021,26445,25965,52410,21030,22429,43459,17685,19917,37602,10682,13120,23802,5130,9048,14178,1352,3790,5142,166489,176342,342831
2021-04-24,12050,11164,23214,15960,15192,31152,25573,25470,51043,30732,30389,61121,26489,26017,52506,21059,22465,43524,17704,19946,37650,10699,13151,23850,5137,9066,14203,1354,3802,5156,166757,176662,343419
2021-04-25,12099,11213,23312,16006,15234,31240,25631,25537,51168,30829,30472,61301,26580,26099,52679,21148,22552,43700,17759,19999,37758,10724,13178,23902,5144,9089,14233,1355,3805,5160,167275,177178,344453
2021-04-26,12167,11293,23460,16078,15305,31383,25757,25629,51386,30973,30609,61582,26705,26218,52923,21266,22662,43928,17829,20082,37911,10775,13233,24008,5156,9111,14267,1360,3811,5171,168066,177953,346019
2021-04-27,12229,11352,23581,16149,15370,31519,25870,25768,51638,31094,30722,61816,26812,26326,53138,21365,22766,44131,17908,20162,38070,10806,13295,24101,5173,9135,14308,1364,3821,5185,168770,178717,347487
2021-04-28,12297,11421,23718,16225,15444,31669,25985,25871,51856,31228,30840,62068,26933,26435,53368,21444,22851,44295,17967,20227,38194,10842,13334,24176,5178,9152,14330,1368,3827,5195,169467,179402,348869
2021-04-29,12371,11490,23861,16320,15531,31851,26102,26001,52103,31400,31004,62404,27089,26558,53647,21563,22982,44545,18035,20330,38365,10893,13403,24296,5204,9182,14386,1369,3836,5205,170346,180317,350663
2021-04-30,12449,11550,23999,16382,15585,31967,26161,26092,52253,31481,31104,62585,27162,26653,53815,21639,23056,44695,18087,20412,38499,10933,13448,24381,5225,9206,14431,1372,3847,5219,170891,180953,351844
2021-05-01,12503,11593,24096,16441,15623,32064,26227,26158,52385,31582,31188,62770,27257,26747,54004,21703,23150,44853,18143,20462,38605,10967,13487,24454,5240,9236,14476,1372,3852,5224,171435,181496,352931
2021-05-02,12555,11636,24191,16496,15679,32175,26315,26257,52572,31712,31318,63030,27348,26875,54223,21798,23245,45043,18212,20552,38764,11000,13537,24537,5255,9259,14514,1373,3868,5241,172064,182226,354290
2021-05-03,12662,11730,24392,16586,15766,32352,26493,26437,52930,31931,31542,63473,27529,27079,54608,21941,23435,45376,18344,20724,39068,11055,13625,24680,5276,9303,14579,1375,3884,5259,173192,183525,356717
2021-05-04,12743,11806,24549,16687,15859,32546,26663,26574,53237,32114,31720,63834,27694,27235,54929,22082,23607,45689,18443,20874,39317,11119,13719,24838,5303,9335,14638,1376,3898,5274,174224,184627,358851
2021-05-05,12829,11882,24711,16776,15939,32715,26803,26733,53536,32293,31896,64189,27867,27383,55250,22201,23755,45956,18534,20972,39506,11175,13777,24952,5331,9366,14697,1383,3909,5292,175192,185612,360804
2021-05-06,12902,11960,24862,16880,16033,32913,26947,26889,53836,32479,32077,64556,28055,27548,55603,22342,23910,46252,18639,21070,39709,11223,13840,25063,5356,9401,14757,1387,3931,5318,176210,186659,362869
2021-05-07,12980,12045,25025,16986,16129,33115,27106,27057,54163,32651,32270,64921,28223,27735,55958,22455,24072,46527,18740,21186,39926,11277,13923,25200,5371,9428,14799,1389,3937,5326,177178,187782,364960
2021-05-08,13023,12094,25117,17038,16165,33203,27187,27147,54334,32772,32376,65148,28303,27829,56132,22525,24147,46672,18794,21234,40028,11312,13953,25265,5389,9450,14839,1389,3947,5336,177732,188342,366074
2021-05-09,13080,12145,25225,17087,16213,33300,27256,27232,54488,32864,32494,65358,28409,27926,56335,22587,24229,46816,18848,21291,40139,11348,14002,25350,5404,9467,14871,1399,3949,5348,178282,188948,367230
2021-05-10,13169,12233,25402,17174,16298,33472,27428,27395,54823,33056,32672,65728,28571,28120,56691,22730,24382,47112,18974,21416,40390,11409,14096,25505,5427,9508,14935,1399,3958,5357,179337,190078,369415
2021-05-11,13254,12304,25558,17257,16371,33628,27550,27504,55054,33214,32809,66023,28709,28235,56944,22827,24490,47317,19076,21529,40605,11456,14165,25621,5449,9534,14983,1405,3966,5371,180197,190907,371104
2021-05-12,13328,12375,25703,17334,16436,33770,27661,27624,55285,33367,32926,66293,28862,28366,57228,22939,24597,47536,19157,21625,40782,11494,14215,25709,5463,9567,15030,1409,3975,5384,181014,191706,372720
2021-05-13,13433,12444,25877,17393,16496,33889,27788,27765,55553,33505,33084,66589,29007,28485,57492,23028,24717,47745,19226,21708,40934,11531,14268,25799,5478,9607,15085,1410,3980,5390,181799,192554,374353
2021-05-14,13515,12533,26048,17475,16591,34066,27945,27934,55879,33698,33258,66956,29164,28673,57837,23167,24864,48031,19317,21831,41148,11583,14335,25918,5507,9643,15150,1415,3985,5400,182786,193647,376433
2021-05-15,13576,12604,26180,17539,16653,34192,28041,28055,56096,33814,33403,67217,29280,28805,58085,23254,24965,48219,19393,21926,41319,11609,14372,25981,5527,9671,15198,1416,3998,5414,183449,194452,377901
2021-05-16,13623,12658,26281,17595,16709,34304,28120,28115,56235,33918,33525,67443,29376,28899,58275,23337,25060,48397,19453,21987,41440,11640,14411,26051,5540,9694,15234,1417,4006,5423,184019,195064,379083
2021-05-17,13759,12774,26533,17708,16819,34527,28293,28295,56588,34142,33760,67902,29577,29130,58707,23515,25252,48767,19584,22134,41718,11721,14511,26232,5573,9754,15327,1419,4023,5442,185291,196452,381743
2021-05-18,13861,12893,26754,17831,16923,34754,28497,28454,56951,34363,33981,68344,29827,29344,59171,23694,25420,49114,19699,22269,41968,11783,14588,26371,5596,9798,15394,1423,4032,5455,186574,197702,384276
2021-05-19,13983,12992,26975,17952,17034,34986,28694,28651,57345,34606,34233,68839,30066,29544,59610,23857,25605,49462,19828,22415,42243,11848,14668,26516,5621,9830,15451,1428,4048,5476,187883,199020,386903
2021-05-20,14104,13112,27216,18065,17164,35229,28929,28876,57805,34880,34468,69348,30293,29753,60046,24021,25785,49806,19960,22556,42516,11910,14747,26657,5646,9873,15519,1432,4061,5493,189240,200395,389635
2021-05-21,14199,13190,27389,18150,17254,35404,29102,29059,58161,35093,34693,69786,30488,29946,60434,24166,25949,50115,20073,22697,42770,11963,14806,26769,5668,9923,15591,1433,4070,5503,190335,201587,391922
2021-05-22,14249,13226,27475,18205,17310,35515,29189,29155,58344,35232,34818,70050,30593,30054,60647,24246,26036,50282,20129,22751,42880,11989,14841,26830,5683,9951,15634,1434,4081,5515,190949,202223,393172
2021-05-23,14299,13270,27569,18247,17363,35610,29262,29235,58497,35335,34916,70251,30684,30128,60812,24318,26126,50444,20177,22820,42997,12022,14870,26892,5694,9989,15683,1443,4094,5537,191481,202811,394292
2021-05-24,14372,13318,27690,18320,17449,35769,29397,29363,58760,35502,35097,70599,30824,30306,61130,24441,26299,50740,20264,22939,43203,12086,14937,27023,5719,10023,15742,1445,4104,5549,192370,203835,396205
2021-05-25,14435,13362,27797,18372,17517,35889,29529,29481,59010,35648,35237,70885,30979,30433,61412,24579,26416,50995,20345,23038,43383,12134,14986,27120,5733,10059,15792,1450,4112,5562,193204,204641,397845
2021-05-26,14523,13434,27957,18479,17631,36110,29717,29645,59362,35844,35433,71277,31186,30633,61819,24772,26601,51373,20449,23180,43629,12189,15057,27246,5757,10109,15866,1457,4118,5575,194373,205841,400214
2021-05-27,14594,13497,28091,18544,17712,36256,29870,29808,59678,36024,35589,71613,31345,30769,62114,24915,26757,51672,20533,23287,43820,12260,15124,27384,5773,10147,15920,1460,4133,5593,195318,206823,402141
2021-05-28,14672,13567,28239,18646,17819,36465,30044,29985,60029,36243,35778,72021,31537,30970,62507,25105,26965,52070,20650,23459,44109,12319,15197,27516,5792,10188,15980,1466,4144,5610,196474,208072,404546
2021-05-29,14725,13623,28348,18698,17880,36578,30148,30114,60262,36401,35911,72312,31686,31092,62778,25200,27077,52277,20716,23543,44259,12358,15241,27599,5809,10225,16034,1470,4156,5626,197211,208862,406073
2021-05-30,14757,13665,28422,18738,17922,36660,30242,30210,60452,36529,36030,72559,31807,31182,62989,25269,27155,52424,20768,23597,44365,12380,15282,27662,5823,10250,16073,1473,4165,5638,197786,209458,407244
2021-05-31,14828,13732,28560,18835,18004,36839,30425,30390,60815,36766,36237,73003,32002,31371,63373,25397,27298,52695,20860,23717,44577,12439,15370,27809,5847,10295,16142,1475,4178,5653,198874,210592,409466
2021-06-01,14911,13806,28717,18919,18085,37004,30588,30536,61124,36953,36419,73372,32143,31532,63675,25540,27450,52990,20976,23822,44798,12506,15439,27945,5880,10336,16216,1479,4189,5668,199895,211614,411509
2021-06-02,15014,13878,28892,19012,18184,37196,30750,30714,61464,37137,36629,73766,32318,31701,64019,25658,27582,53240,21072,23956,45028,12570,15523,28093,5906,10379,16285,1486,4200,5686,200923,212746,413669
2021-06-03,15100,13963,29063,19127,18262,37389,30922,30871,61793,37350,36826,74176,32501,31875,64376,25782,27726,53508,21171,24079,45250,12632,15601,28233,5928,10402,16330,1490,4213,5703,202003,213818,415821
2021-06-04,15216,14063,29279,19231,18362,37593,31115,31047,62162,37559,37036,74595,32699,32064,64763,25943,27927,53870,21280,24202,45482,12703,15693,28396,5952,10449,16401,1491,4221,5712,203189,215064,418253
2021-06-05,15278,14124,29402,19272,18412,37684,31215,31171,62386,37694,37179,74873,32825,32176,65001,26033,28019,54052,21332,24265,45597,12742,15754,28496,5967,10470,16437,1495,4235,5730,203853,215805,419658
2021-06-06,15336,14194,29530,19329,18474,37803,31309,31269,62578,37824,37290,75114,32940,32268,65208,26132,28116,54248,21392,24343,45735,12778,15804,28582,5979,10495,16474,1495,4248,5743,204514,216501,421015
2021-06-07,15418,14310,29728,19427,18581,38008,31484,31432,62916,38036,37491,75527,33105,32458,65563,26295,28291,54586,21523,24480,46003,12859,15918,28777,6010,10556,16566,1502,4282,5784,205659,217799,423458
2021-06-08,15522,14415,29937,19521,18674,38195,31652,31611,63263,38237,37676,75913,33277,32606,65883,26446,28474,54920,21607,24579,46186,12915,16022,28937,6033,10599,16632,1506,4296,5802,206716,218952,425668
2021-06-09,15627,14514,30141,19625,18761,38386,31852,31781,63633,38439,37888,76327,33451,32794,66245,26597,28653,55250,21710,24697,46407,12979,16092,29071,6058,10651,16709,1509,4308,5817,207847,220139,427986
2021-06-10,15733,14624,30357,19712,18849,38561,32032,31963,63995,38646,38110,76756,33613,32959,66572,26728,28820,55548,21785,24825,46610,13052,16185,29237,6083,10688,16771,1514,4327,5841,208898,221350,430248
2021-06-11,15815,14710,30525,19787,18941,38728,32186,32136,64322,38846,38321,77167,33802,33158,66960,26876,28975,55851,21884,24939,46823,13114,16282,29396,6113,10741,16854,1521,4338,5859,209944,222541,432485
2021-06-12,15891,14773,30664,19846,18996,38842,32310,32248,64558,38990,38458,77448,33928,33286,67214,26967,29094,56061,21954,25028,46982,13150,16344,29494,6135,10769,16904,1525,4349,5874,210696,223345,434041
2021-06-13,15962,14852,30814,19908,19063,38971,32403,32325,64728,39101,38566,77667,34053,33399,67452,27058,29197,56255,22012,25100,47112,13181,16387,29568,6153,10797,16950,1529,4359,5888,211360,224045,435405
2021-06-14,16085,14950,31035,20003,19163,39166,32558,32488,65046,39306,38782,78088,34245,33588,67833,27202,29366,56568,22104,25248,47352,13254,16478,29732,6181,10837,17018,1541,4373,5914,212479,225273,437752
2021-06-15,16200,15067,31267,20109,19260,39369,32735,32659,65394,39491,38988,78479,34419,33766,68185,27348,29524,56872,22220,25375,47595,13316,16554,29870,6212,10868,17080,1544,4385,5929,213594,226446,440040
2021-06-16,16309,15181,31490,20216,19345,39561,32905,32834,65739,39692,39196,78888,34609,33964,68573,27464,29673,57137,22319,25491,47810,13367,16624,29991,6239,10905,17144,1545,4396,5941,214665,227609,442274
2021-06-17,16419,15289,31708,20322,19468,39790,33080,33008,66088,39882,39414,79296,34797,34150,68947,27577,29815,57392,22422,25622,48044,13447,16710,30157,6260,10949,17209,1548,4405,5953,215754,228830,444584
2021-06-18,16514,15366,31880,20419,19562,39981,33254,33150,66404,40078,39627,79705,34958,34362,69320,27676,29964,57640,22502,25734,48236,13496,16789,30285,6284,10971,17255,1553,4419,5972,216734,229944,446678
2021-06-19,16587,15448,32035,20481,19617,40098,33350,33249,66599,40192,39762,79954,35081,34495,69576,27748,30049,57797,22579,25802,48381,13544,16842,30386,6301,11004,17305,1555,4426,5981,217418,230694,448112
2021-06-20,16658,15503,32161,20525,19651,40176,33409,33312,66721,40274,39874,80148,35169,34584,69753,27812,30121,57933,22637,25869,48506,13585,16884,30469,6311,11030,17341,1557,4433,5990,217937,231261,449198
2021-06-21,16742,15584,32326,20595,19698,40293,33496,33430,66926,40416,40003,80419,35302,34701,70003,27916,30231,58147,22701,25937,48638,13630,16944,30574,6336,11053,17389,1562,4437,5999,218696,232018,450714
2021-06-22,16876,15699,32575,20701,19801,40502,33657,33606,67263,40608,40195,80803,35505,34893,70398,28044,30376,58420,22823,26079,48902,13688,17035,30723,6358,11098,17456,1574,4449,6023,219834,233231,453065
2021-06-23,17018,15817,32835,20830,19906,40736,33800,33784,67584,40829,40406,81235,35688,35112,70800,28163,30514,58677,22932,26198,49130,13742,17121,30863,6386,11143,17529,1580,4463,6043,220968,234464,455432
2021-06-24,17167,15932,33099,20937,20018,40955,33954,33966,67920,41020,40642,81662,35902,35294,71196,28272,30682,58954,23031,26329,49360,13805,17195,31000,6404,11182,17586,1582,4472,6054,222074,235712,457786
2021-06-25,17317,16057,33374,21051,20132,41183,34116,34172,68288,41238,40920,82158,36100,35497,71597,28437,30878,59315,23147,26489,49636,13868,17299,31167,6429,11231,17660,1591,4491,6082,223294,237166,460460
2021-06-26,17393,16127,33520,21106,20189,41295,34201,34258,68459,41362,41046,82408,36203,35625,71828,28523,30952,59475,23219,26596,49815,13915,17382,31297,6448,11260,17708,1595,4503,6098,223965,237938,461903
2021-06-27,17481,16202,33683,21151,20245,41396,34285,34353,68638,41465,41146,82611,36289,35733,72022,28584,31020,59604,23277,26661,49938,13954,17427,31381,6457,11284,17741,1597,4511,6108,224540,238582,463122
2021-06-28,17584,16280,33864,21212,20305,41517,34366,34462,68828,41610,41279,82889,36394,35881,72275,28673,31108,59781,23355,26727,50082,14006,17492,31498,6484,11312,17796,1599,4525,6124,225283,239371,464654
2021-06-29,17685,16407,34092,21311,20402,41713,34526,34641,69167,41782,41454,83236,36537,36035,72572,28795,31224,60019,23447,26815,50262,14075,17562,31637,6503,11359,17862,1601,4547,6148,226262,240446,466708
2021-06-30,17827,16535,34362,21430,20510,41940,34676,34806,69482,41997,41649,83646,36718,36214,72932,28903,31389,60292,23530,26929,50459,14137,17633,31770,6529,11400,17929,1606,4557,6163,227353,241622,468975
2021-07-01,17925,16636,34561,21515,20598,42113,34817,34962,69779,42155,41851,84006,36859,36380,73239,29006,31526,60532,23611,27042,50653,14194,17702,31896,6556,11446,18002,1609,4571,6180,228247,242714,470961
2021-07-02,18070,16753,34823,21647,20711,42358,34975,35131,70106,42347,42081,84428,36992,36584,73576,29129,31691,60820,23702,27169,50871,14254,17780,32034,6577,11484,18061,1614,4582,6196,229307,243966,473273
2021-07-03,18146,16839,34985,21722,20781,42503,35076,35247,70323,42474,42230,84704,37095,36713,73808,29213,31786,60999,23766,27254,51020,14294,17842,32136,6592,11515,18107,1622,4595,6217,230000,244802,474802
2021-07-04,18229,16950,35179,21783,20833,42616,35156,35351,70507,42577,42357,84934,37173,36808,73981,29287,31882,61169,23824,27327,51151,14321,17894,32215,6603,11539,18142,1627,4606,6233,230580,245547,476127
2021-07-05,18390,17099,35489,21904,20947,42851,35343,35537,70880,42792,42585,85377,37340,37009,74349,29417,32048,61465,23923,27441,51364,14400,17975,32375,6635,11586,18221,1633,4621,6254,231777,246848,478625
2021-07-06,18566,17258,35824,22070,21072,43142,35542,35727,71269,43009,42821,85830,37545,37218,74763,29526,32191,61717,24015,27569,51584,14470,18059,32529,6656,11629,18285,1636,4641,6277,233035,248185,481220
2021-07-07,18719,17406,36125,22206,21194,43400,35726,35893,71619,43240,43045,86285,37750,37413,75163,29676,32330,62006,24091,27673,51764,14525,18125,32650,6675,11679,18354,1644,4653,6297,234252,249411,483663
2021-07-08,18857,17568,36425,22350,21325,43675,35914,36099,72013,43478,43300,86778,37942,37654,75596,29837,32515,62352,24179,27820,51999,14585,18224,32809,6711,11707,18418,1648,4665,6313,235501,250877,486378
2021-07-09,18954,17673,36627,22454,21418,43872,36037,36224,72261,43623,43476,87099,38084,37805,75889,29943,32616,62559,24253,27899,52152,14622,18282,32904,6728,11740,18468,1656,4673,6329,236354,251806,488160
2021-07-10,19050,17782,36832,22546,21505,44051,36134,36345,72479,43758,43639,87397,38200,37940,76140,30048,32734,62782,24328,27993,52321,14663,18344,33007,6746,11775,18521,1661,4682,6343,237134,252739,489873
2021-07-11,19172,17893,37065,22625,21561,44186,36234,36440,72674,43878,43785,87663,38305,38097,76402,30138,32834,62972,24402,28063,52465,14706,18400,33106,6755,11796,18551,1669,4694,6363,237884,253563,491447
2021-07-12,19344,18056,37400,22772,21696,44468,36430,36647,73077,44127,44027,88154,38520,38335,76855,30282,33035,63317,24522,28195,52717,14773,18484,33257,6778,11832,18610,1678,4709,6387,239226,255016,494242
2021-07-13,19521,18203,37724,22915,21828,44743,36619,36835,73454,44328,44239,88567,38713,38547,77260,30419,33213,63632,24620,28334,52954,14841,18582,33423,6805,11885,18690,1686,4726,6412,240467,256392,496859
2021-07-14,19704,18370,38074,23107,21979,45086,36841,37041,73882,44554,44493,89047,38925,38788,77713,30575,33402,63977,24741,28467,53208,14895,18656,33551,6824,11933,18757,1689,4737,6426,241855,257866,499721
2021-07-15,19865,18503,38368,23288,22139,45427,37056,37225,74281,44801,44730,89531,39161,39064,78225,30736,33587,64323,24853,28609,53462,14956,18738,33694,6846,11970,18816,1696,4753,6449,243258,259318,502576
2021-07-16,19999,18642,38641,23411,22268,45679,37255,37443,74698,45009,44986,89995,39403,39302,78705,30894,33747,64641,24947,28734,53681,15003,18820,33823,6867,12017,18884,1699,4767,6466,244487,260726,505213
2021-07-17,20098,18749,38847,23508,22355,45863,37385,37570,74955,45155,45161,90316,39545,39468,79013,31007,33863,64870,25021,28814,53835,15058,18874,33932,6875,12035,18910,1704,4777,6481,245356,261666,507022
2021-07-18,20181,18827,39008,23589,22436,46025,37486,37686,75172,45274,45300,90574,39668,39600,79268,31103,33969,65072,25077,28885,53962,15110,18931,34041,6900,12069,18969,1706,4785,6491,246094,262488,508582
2021-07-19,20322,18960,39282,23699,22536,46235,37678,37892,75570,45452,45517,90969,39867,39808,79675,31245,34160,65405,25198,29034,54232,15180,19036,34216,6925,12112,19037,1711,4791,6502,247277,263846,511123
2021-07-20,20466,19088,39554,23787,22629,46416,37843,38061,75904,45644,45722,91366,40033,39991,80024,31386,34305,65691,25313,29156,54469,15238,19119,34357,6951,12153,19104,1715,4811,6526,248376,265035,513411
2021-07-21,20619,19228,39847,23930,22750,46680,38056,38248,76304,45859,45954,91813,40232,40237,80469,31551,34499,66050,25442,29334,54776,15308,19231,34539,6980,12212,19192,1718,4823,6541,249695,266516,516211
2021-07-22,20761,19350,40111,24070,22876,46946,38239,38453,76692,46099,46210,92309,40479,40502,80981,31715,34690,66405,25545,29463,55008,15383,19314,34697,7009,12261,19270,1720,4834,6554,251020,267953,518973
2021-07-23,20882,19447,40329,24172,22984,47156,38406,38602,77008,46304,46429,92733,40639,40709,81348,31847,34842,66689,25640,29580,55220,15428,19392,34820,7023,12294,19317,1724,4849,6573,252065,269128,521193
2021-07-24,20979,19550,40529,24271,23088,47359,38552,38770,77322,46480,46638,93118,40835,40891,81726,31973,34996,66969,25720,29706,55426,15485,19457,34942,7044,12321,19365,1727,4858,6585,253066,270275,523341
2021-07-25,21072,19640,40712,24372,23195,47567,38652,38890,77542,46646,46839,93485,41075,41109,82184,32103,35137,67240,25817,29784,55601,15551,19525,35076,7054,12346,19400,1733,4867,6600,254075,271332,525407
2021-07-26,21193,19780,40973,24534,23385,47919,38830,39141,77971,46878,47122,94000,41353,41438,82791,32310,35363,67673,25943,29961,55904,15625,19651,35276,7086,12409,19495,1741,4887,6628,255493,273137,528630
2021-07-27,21286,19885,41171,24627,23503,48130,38963,39308,78271,47058,47315,94373,41524,41595,83119,32428,35499,67927,26030,30071,56101,15680,19743,35423,7109,12442,19551,1745,4898,6643,256450,274259,530709
2021-07-28,21388,19987,41375,24719,23619,48338,39148,39489,78637,47259,47523,94782,41700,41775,83475,32568,35663,68231,26151,30194,56345,15740,19823,35563,7132,12479,19611,1751,4903,6654,257556,275455,533011
2021-07-29,21506,20075,41581,24833,23732,48565,39305,39650,78955,47477,47760,95237,41875,41990,83865,32706,35813,68519,26242,30308,56550,15791,19895,35686,7152,12504,19656,1755,4920,6675,258642,276647,535289
2021-07-30,21623,20187,41810,24979,23874,48853,39533,39893,79426,47716,48069,95785,42087,42268,84355,32888,36037,68925,26386,30471,56857,15858,20007,35865,7180,12556,19736,1763,4933,6696,260013,278295,538308
2021-07-31,21744,20306,42050,25098,24026,49124,39659,40060,79719,47934,48337,96271,42345,42549,84894,33055,36213,69268,26475,30616,57091,15916,20088,36004,7201,12577,19778,1765,4947,6712,261192,279719,540911
2021-08-01,21869,20445,42314,25218,24181,49399,39765,40177,79942,48124,48541,96665,42584,42818,85402,33180,36365,69545,26567,30717,57284,15961,20165,36126,7216,12620,19836,1771,4958,6729,262255,280987,543242
2021-08-02,22052,20601,42653,25380,24361,49741,39939,40395,80334,48382,48835,97217,42850,43144,85994,33354,36597,69951,26726,30922,57648,16040,20276,36316,7257,12683,19940,1776,4974,6750,263756,282788,546544
2021-08-03,22253,20774,43027,25535,24542,50077,40118,40607,80725,48606,49101,97707,43083,43426,86509,33534,36813,70347,26871,31114,57985,16144,20395,36539,7281,12744,20025,1780,4991,6771,265205,284507,549712
2021-08-04,22432,20916,43348,25673,24670,50343,40301,40802,81103,48830,49330,98160,43264,43640,86904,33679,36996,70675,26989,31261,58250,16207,20502,36709,7299,12784,20083,1781,5009,6790,266455,285910,552365
2021-08-05,22625,21119,43744,25820,24833,50653,40544,41057,81601,49088,49618,98706,43524,43918,87442,33878,37250,71128,27124,31424,58548,16281,20605,36886,7330,12838,20168,1791,5024,6815,268005,287686,555691
2021-08-06,22832,21301,44133,26042,25010,51052,40800,41335,82135,49367,49925,99292,43785,44238,88023,34048,37489,71537,27286,31657,58943,16375,20752,37127,7362,12878,20240,1794,5038,6832,269691,289623,559314
2021-08-07,22958,21438,44396,26164,25148,51312,40950,41492,82442,49547,50116,99663,43950,44421,88371,34165,37650,71815,27383,31781,59164,16436,20860,37296,7382,12915,20297,1799,5044,6843,270734,290865,561599
2021-08-08,23137,21623,44760,26305,25289,51594,41058,41625,82683,49716,50296,100012,44120,44624,88744,34277,37785,72062,27492,31924,59416,16496,20920,37416,7396,12958,20354,1805,5055,6860,271802,292099,563901
2021-08-09,23420,21893,45313,26492,25474,51966,41273,41919,83192,50014,50610,100624,44356,44938,89294,34487,38029,72516,27649,32129,59778,16598,21020,37618,7433,13013,20446,1815,5071,6886,273537,294096,567633
2021-08-10,23747,22189,45936,26732,25713,52445,41525,42212,83737,50299,50944,101243,44625,45276,89901,34714,38283,72997,27814,32316,60130,16693,21151,37844,7464,13071,20535,1819,5088,6907,275432,296243,571675
2021-08-11,24024,22468,46492,26983,25960,52943,41789,42518,84307,50617,51287,101904,44924,45613,90537,34919,38553,73472,27971,32500,60471,16782,21256,38038,7504,13131,20635,1828,5111,6939,277341,298397,575738
2021-08-12,24315,22752,47067,27231,26219,53450,42031,42817,84848,50894,51614,102508,45201,45949,91150,35103,38823,73926,28111,32645,60756,16868,21359,38227,7539,13177,20716,1837,5130,6967,279130,300485,579615
2021-08-13,24673,23061,47734,27566,26554,54120,42289,43141,85430,51248,52026,103274,45517,46337,91854,35320,39153,74473,28270,32874,61144,16972,21510,38482,7577,13229,20806,1843,5145,6988,281275,303030,584305
2021-08-14,24891,23269,48160,27761,26740,54501,42430,43332,85762,51467,52288,103755,45717,46623,92340,35470,39354,74824,28374,33014,61388,17051,21597,38648,7596,13270,20866,1846,5154,7000,282603,304641,587244
2021-08-15,25073,23441,48514,27914,26873,54787,42554,43452,86006,51649,52499,104148,45887,46823,92710,35604,39515,75119,28469,33136,61605,17115,21675,38790,7616,13309,20925,1848,5166,7014,283729,305889,589618
2021-08-16,25319,23684,49003,28102,27048,55150,42700,43616,86316,51848,52722,104570,46085,47073,93158,35754,39689,75443,28556,33253,61809,17194,21763,38957,7638,13345,20983,1853,5175,7028,285049,307368,592417
2021-08-17,25719,24006,49725,28413,27335,55748,42938,43922,86860,52205,53126,105331,46357,47480,93837,35990,39995,75985,28727,33468,62195,17294,21886,39180,7662,13421,21083,1863,5195,7058,287168,309834,597002
2021-08-18,26096,24360,50456,28767,27619,56386,43136,44182,87318,52511,53489,106000,46636,47781,94417,36177,40258,76435,28877,33657,62534,17388,22009,39397,7685,13486,21171,1878,5212,7090,289151,312053,601204
2021-08-19,26449,24675,51124,29057,27889,56946,43333,44462,87795,52819,53840,106659,46899,48123,95022,36377,40505,76882,29011,33837,62848,17455,22109,39564,7711,13534,21245,1886,5224,7110,290997,314198,605195
2021-08-20,26870,25067,51937,29411,28231,57642,43566,44734,88300,53110,54209,107319,47185,48500,95685,36586,40779,77365,29169,34048,63217,17553,22234,39787,7738,13588,21326,1894,5234,7128,293082,316624,609706
2021-08-21,27089,25312,52401,29592,28397,57989,43716,44940,88656,53335,54484,107819,47392,48733,96125,36741,40956,77697,29278,34203,63481,17622,22328,39950,7761,13632,21393,1897,5249,7146,294423,318234,612657
2021-08-22,27401,25587,52988,29784,28577,58361,43841,45081,88922,53542,54768,108310,47601,49007,96608,36916,41159,78075,29389,34347,63736,17694,22413,40107,7784,13669,21453,1902,5263,7165,295854,319871,615725
2021-08-23,27962,26143,54105,30136,28935,59071,44087,45398,89485,53885,55168,109053,47920,49406,97326,37125,41462,78587,29566,34590,64156,17805,22559,40364,7822,13733,21555,1906,5280,7186,298214,322674,620888
2021-08-24,28539,26712,55251,30515,29277,59792,44337,45695,90032,54180,55596,109776,48190,49752,97942,37332,41736,79068,29725,34815,64540,17894,22683,40577,7869,13781,21650,1910,5297,7207,300491,325344,625835
2021-08-25,29101,27251,56352,30865,29608,60473,44531,45949,90480,54455,55981,110436,48485,50120,98605,37542,41975,79517,29888,35027,64915,17998,22808,40806,7904,13816,21720,1917,5322,7239,302686,327857,630543
2021-08-26,29669,27798,57467,31226,29931,61157,44758,46258,91016,54756,56391,111147,48773,50481,99254,37706,42254,79960,30041,35225,65266,18086,22951,41037,7941,13874,21815,1923,5336,7259,304879,330499,635378
2021-08-27,30291,28328,58619,31598,30327,61925,44979,46535,91514,55054,56812,111866,49031,50869,99900,37933,42525,80458,30212,35434,65646,18174,23080,41254,7964,13933,21897,1928,5346,7274,307164,333189,640353
2021-08-28,30618,28609,59227,31792,30498,62290,45131,46716,91847,55278,57068,112346,49202,51130,100332,38069,42683,80752,30320,35574,65894,18225,23167,41392,7991,13967,21958,1931,5353,7284,308557,334765,643322
2021-08-29,30987,28948,59935,31946,30671,62617,45233,46866,92099,55472,57281,112753,49391,51349,100740,38200,42854,81054,30412,35693,66105,18288,23250,41538,8024,14009,22033,1933,5358,7291,309886,336279,646165
2021-08-30,31634,29538,61172,32320,30990,63310,45445,47125,92570,55775,57661,113436,49686,51695,101381,38374,43105,81479,30564,35895,66459,18367,23372,41739,8071,14062,22133,1936,5379,7315,312172,338822,650994
2021-08-31,32351,30188,62539,32789,31391,64180,45668,47436,93104,56098,58037,114135,49980,52092,102072,38595,43362,81957,30735,36120,66855,18459,23516,41975,8104,14116,22220,1943,5396,7339,314722,341654,656376
2021-09-01,33004,30784,63788,33197,31748,64945,45886,47674,93560,56411,58421,114832,50238,52412,102650,38780,43591,82371,30886,36294,67180,18539,23638,42177,8138,14182,22320,1948,5411,7359,317027,344155,661182
2021-09-02,33538,31271,64809,33489,32054,65543,46064,47889,93953,56684,58714,115398,50452,52719,103171,38941,43802,82743,31019,36445,67464,18625,23734,42359,8161,14221,22382,1955,5426,7381,318928,346275,665203
2021-09-03,33967,31680,65647,33792,32346,66138,46260,48109,94369,56943,59045,115988,50724,53020,103744,39110,44032,83142,31168,36644,67812,18714,23861,42575,8186,14266,22452,1957,5437,7394,320821,348440,669261
2021-09-04,34211,31938,66149,33914,32471,66385,46363,48237,94600,57104,59248,116352,50906,53220,104126,39232,44173,83405,31257,36757,68014,18770,23949,42719,8208,14309,22517,1961,5447,7408,321926,349749,671675
2021-09-05,34479,32211,66690,34060,32616,66676,46473,48359,94832,57299,59481,116780,51068,53411,104479,39344,44323,83667,31354,36885,68239,18848,24031,42879,8232,14340,22572,1969,5459,7428,323126,351116,674242
2021-09-06,35072,32769,67841,34374,32884,67258,46678,48607,95285,57581,59817,117398,51336,53738,105074,39530,44573,84103,31510,37079,68589,18969,24145,43114,8266,14401,22667,1975,5478,7453,325291,353491,678782
2021-09-07,35547,33285,68832,34644,33214,67858,46870,48822,95692,57819,60122,117941,51554,54000,105554,39702,44778,84480,31632,37245,68877,19041,24260,43301,8289,14454,22743,1980,5501,7481,327078,355681,682759
2021-09-08,35927,33686,69613,34931,33443,68374,47017,48985,96002,58025,60373,118398,51739,54251,105990,39867,44966,84833,31741,37361,69102,19108,24352,43460,8316,14486,22802,1988,5516,7504,328659,357419,686078
2021-09-09,36352,34097,70449,35183,33657,68840,47162,49178,96340,58243,60619,118862,51926,54462,106388,39996,45152,85148,31857,37479,69336,19184,24441,43625,8349,14539,22888,1992,5534,7526,330244,359158,689402
2021-09-10,36797,34454,71251,35473,33947,69420,47393,49499,96892,58566,61065,119631,52272,54913,107185,40286,45514,85800,32058,37786,69844,19277,24592,43869,8399,14586,22985,1997,5549,7546,332518,361905,694423
2021-09-11,37023,34679,71702,35631,34113,69744,47588,49752,97340,58812,61384,120196,52535,55211,107746,40491,45757,86248,32223,38003,70226,19352,24722,44074,8428,14612,23040,2001,5556,7557,334084,363789,697873
2021-09-12,37233,34882,72115,35745,34220,69965,47678,49848,97526,58943,61555,120498,52672,55361,108033,40597,45876,86473,32316,38127,70443,19393,24789,44182,8441,14640,23081,2006,5565,7571,335024,364863,699887
2021-09-13,37666,35323,72989,36011,34495,70506,47871,50090,97961,59200,61869,121069,52928,55669,108597,40769,46129,86898,32483,38303,70786,19490,24925,44415,8467,14704,23171,2014,5585,7599,336899,367092,703991
2021-09-14,38130,35737,73867,36256,34717,70973,48024,50268,98292,59405,62140,121545,53121,55908,109029,40906,46326,87232,32600,38476,71076,19568,25045,44613,8492,14747,23239,2020,5599,7619,338522,368963,707485
2021-09-15,38471,36058,74529,36486,34913,71399,48134,50442,98576,59571,62398,121969,53285,56130,109415,41013,46484,87497,32686,38602,71288,19625,25128,44753,8522,14791,23313,2026,5619,7645,339819,370565,710384
2021-09-16,38805,36356,75161,36705,35140,71845,48258,50604,98862,59739,62653,122392,53460,56378,109838,41131,46639,87770,32772,38748,71520,19701,25234,44935,8547,14829,23376,2035,5629,7664,341153,372210,713363
2021-09-17,39224,36755,75979,36969,35399,72368,48404,50786,99190,59932,62894,122826,53658,56618,110276,41264,46823,88087,32884,38889,71773,19796,25347,45143,8568,14886,23454,2038,5637,7675,342737,374034,716771
2021-09-18,39435,36962,76397,37080,35527,72607,48515,50911,99426,60067,63057,123124,53787,56801,110588,41377,46941,88318,32990,39023,72013,19855,25437,45292,8594,14916,23510,2042,5645,7687,343742,375220,718962
2021-09-19,39691,37189,76880,37178,35631,72809,48602,51021,99623,60197,63230,123427,53928,56934,110862,41465,47056,88521,33076,39110,72186,19900,25504,45404,8607,14950,23557,2048,5653,7701,344692,376278,720970
2021-09-20,40162,37654,77816,37537,36000,73537,48751,51217,99968,60436,63497,123933,54138,57174,111312,41624,47260,88884,33215,39276,72491,19981,25611,45592,8630,14998,23628,2055,5662,7717,346529,378349,724878
2021-09-21,40542,38018,78560,37694,36153,73847,48867,51394,100261,60630,63698,124328,54322,57368,111690,41745,47412,89157,33330,39414,72744,20069,25716,45785,8659,15043,23702,2056,5669,7725,347914,379885,727799
2021-09-22,40972,38393,79365,38003,36433,74436,48986,51564,100550,60805,63966,124771,54492,57593,112085,41856,47588,89444,33435,39563,72998,20147,25799,45946,8677,15092,23769,2062,5687,7749,349435,381678,731113
2021-09-23,41336,38725,80061,38323,36729,75052,49101,51735,100836,60978,64239,125217,54660,57816,112476,41972,47750,89722,33552,39730,73282,20234,25900,46134,8699,15126,23825,2069,5700,7769,350924,383450,734374
2021-09-24,41649,39047,80696,38538,36906,75444,49223,51877,101100,61136,64414,125550,54802,58017,112819,42077,47904,89981,33666,39872,73538,20300,25999,46299,8723,15172,23895,2073,5708,7781,352187,384916,737103
2021-09-25,41839,39196,81035,38619,36992,75611,49306,51977,101283,61260,64546,125806,54906,58147,113053,42160,48007,90167,33741,39962,73703,20353,26067,46420,8743,15202,23945,2075,5721,7796,353002,385817,738819
2021-09-26,42060,39380,81440,38708,37087,75795,49378,52067,101445,61383,64691,126074,55025,58290,113315,42240,48120,90360,33822,40051,73873,20397,26121,46518,8757,15232,23989,2078,5728,7806,353848,386767,740615
2021-09-27,42463,39736,82199,39010,37326,76336,49509,52238,101747,61583,64922,126505,55228,58485,113713,42366,48295,90661,33925,40214,74139,20487,26223,46710,8780,15276,24056,2084,5742,7826,355435,388457,743892
2021-09-28,42876,40078,82954,39376,37730,77106,49625,52405,102030,61765,65126,126891,55386,58692,114078,42480,48446,90926,34026,40346,74372,20552,26298,46850,8797,15320,24117,2089,5752,7841,356972,390193,747165
2021-09-29,43221,40364,83585,39623,37990,77613,49749,52579,102328,61942,65339,127281,55553,58884,114437,42595,48599,91194,34130,40488,74618,20623,26406,47029,8835,15353,24188,2098,5760,7858,358369,391762,750131
2021-09-30,43495,40630,84125,39949,38329,78278,49865,52726,102591,62093,65520,127613,55670,59053,114723,42705,48740,91445,34226,40623,74849,20682,26492,47174,8855,15394,24249,2105,5770,7875,359645,393277,752922
2021-10-01,43846,40892,84738,40304,38688,78992,49988,52883,102871,62275,65755,128030,55856,59243,115099,42839,48875,91714,34324,40758,75082,20759,26596,47355,8881,15450,24331,2109,5788,7897,361181,394928,756109
2021-10-02,44026,41076,85102,40408,38788,79196,50092,52993,103085,62387,65914,128301,55952,59356,115308,42929,48985,91914,34394,40868,75262,20820,26652,47472,8894,15484,24378,2111,5797,7908,362013,395913,757926
2021-10-03,44184,41224,85408,40506,38875,79381,50192,53108,103300,62506,66025,128531,56058,59478,115536,43003,49085,92088,34455,40961,75416,20861,26712,47573,8908,15514,24422,2112,5801,7913,362785,396783,759568
2021-10-04,44530,41578,86108,40889,39187,80076,50328,53288,103616,62669,66281,128950,56233,59694,115927,43140,49263,92403,34574,41120,75694,20944,26822,47766,8936,15550,24486,2118,5816,7934,364361,398599,762960
2021-10-05,44885,41886,86771,41206,39575,80781,50448,53451,103899,62880,66532,129412,56409,59886,116295,43270,49429,92699,34673,41262,75935,21009,26921,47930,8964,15595,24559,2128,5828,7956,365872,400365,766237
2021-10-06,45174,42128,87302,41468,39857,81325,50596,53613,104209,63065,66775,129840,56599,60090,116689,43381,49618,92999,34782,41391,76173,21070,27017,48087,8991,15632,24623,2134,5837,7971,367260,401958,769218
2021-10-07,45408,42376,87784,41623,40021,81644,50719,53777,104496,63260,67005,130265,56769,60297,117066,43515,49792,93307,34878,41544,76422,21159,27107,48266,9017,15674,24691,2137,5851,7988,368485,403444,771929
2021-10-08,45534,42488,88022,41728,40130,81858,50840,53902,104742,63396,67162,130558,56933,60445,117378,43625,49929,93554,34984,41667,76651,21214,27170,48384,9035,15703,24738,2144,5864,8008,369433,404460,773893
2021-10-09,45637,42590,88227,41845,40250,82095,50935,54016,104951,63530,67316,130846,57057,60583,117640,43724,50051,93775,35077,41782,76859,21274,27257,48531,9053,15739,24792,2149,5872,8021,370281,405456,775737
2021-10-10,45773,42726,88499,41922,40339,82261,51023,54126,105149,63659,67458,131117,57178,60719,117897,43814,50158,93972,35171,41882,77053,21325,27327,48652,9068,15764,24832,2151,5878,8029,371084,406377,777461
2021-10-11,45926,42872,88798,42039,40460,82499,51145,54240,105385,63832,67623,131455,57338,60888,118226,43930,50297,94227,35285,42008,77293,21397,27408,48805,9085,15791,24876,2155,5888,8043,372132,407475,779607
2021-10-12,46217,43125,89342,42343,40771,83114,51295,54467,105762,64069,67851,131920,57548,61140,118688,44084,50483,94567,35423,42207,77630,21484,27516,49000,9118,15842,24960,2163,5903,8066,373744,409305,783049
2021-10-13,46518,43402,89920,42654,41069,83723,51481,54701,106182,64323,68105,132428,57770,61371,119141,44239,50639,94878,35539,42375,77914,21563,27622,49185,9142,15880,25022,2167,5908,8075,375396,411072,786468
2021-10-14,46787,43657,90444,42995,41399,84394,51642,54911,106553,64526,68338,132864,57992,61610,119602,44407,50853,95260,35682,42552,78234,21649,27724,49373,9169,15937,25106,2173,5925,8098,377022,412906,789928
2021-10-15,47022,43857,90879,43228,41642,84870,51766,55103,106869,64728,68549,133277,58164,61826,119990,44557,50998,95555,35803,42724,78527,21720,27846,49566,9189,15979,25168,2175,5933,8108,378352,414457,792809
2021-10-16,47161,43971,91132,43355,41795,85150,51885,55221,107106,64896,68726,133622,58320,62007,120327,44681,51145,95826,35911,42858,78769,21804,27959,49763,9217,16019,25236,2177,5943,8120,379407,415644,795051
2021-10-17,47283,44080,91363,43493,41920,85413,51958,55312,107270,65021,68864,133885,58453,62155,120608,44773,51242,96015,35978,42940,78918,21859,28033,49892,9235,16045,25280,2178,5947,8125,380231,416538,796769
2021-10-18,47599,44386,91985,43705,42162,85867,52129,55512,107641,65248,69101,134349,58648,62368,121016,44930,51444,96374,36139,43131,79270,21950,28164,50114,9275,16099,25374,2183,5955,8138,381806,418322,800128
2021-10-19,47936,44713,92649,43928,42394,86322,52276,55687,107963,65424,69321,134745,58796,62588,121384,45047,51596,96643,36255,43264,79519,22024,28255,50279,9302,16138,25440,2189,5971,8160,383177,419927,803104
2021-10-20,48279,45023,93302,44165,42658,86823,52447,55907,108354,65613,69577,135190,58968,62809,121777,45188,51755,96943,36357,43423,79780,22107,28376,50483,9327,16180,25507,2193,5979,8172,384644,421687,806331
2021-10-21,48625,45372,93997,44413,42930,87343,52600,56095,108695,65815,69861,135676,59139,63051,122190,45308,51962,97270,36466,43587,80053,22185,28499,50684,9353,16233,25586,2196,5998,8194,386100,423588,809688
2021-10-22,48955,45719,94674,44713,43256,87969,52737,56315,109052,66037,70128,136165,59328,63337,122665,45455,52181,97636,36585,43777,80362,22272,28610,50882,9383,16290,25673,2204,6011,8215,387669,425624,813293
2021-10-23,49146,45901,95047,44874,43418,88292,52817,56443,109260,66182,70284,136466,59463,63517,122980,45569,52325,97894,36676,43899,80575,22336,28677,51013,9397,16320,25717,2211,6022,8233,388671,426806,815477
2021-10-24,49384,46101,95485,45009,43529,88538,52895,56563,109458,66309,70456,136765,59588,63681,123269,45679,52459,98138,36764,43998,80762,22384,28752,51136,9417,16339,25756,2213,6029,8242,389642,427907,817549
2021-10-25,49820,46543,96363,45279,43806,89085,53082,56810,109892,66574,70753,137327,59815,63969,123784,45832,52698,98530,36934,44245,81179,22472,28887,51359,9444,16378,25822,2215,6037,8252,391467,430126,821593
2021-10-26,50227,46906,97133,45616,44086,89702,53272,57026,110298,66784,71028,137812,60016,64240,124256,45988,52904,98892,37081,44442,81523,22549,28998,51547,9467,16435,25902,2217,6045,8262,393217,432110,825327
2021-10-27,50589,47259,97848,45891,44330,90221,53446,57218,110664,66974,71267,138241,60193,64478,124671,46135,53109,99244,37189,44618,81807,22647,29104,51751,9496,16477,25973,2219,6056,8275,394779,433916,828695
2021-10-28,50960,47629,98589,46201,44603,90804,53586,57419,111005,67172,71502,138674,60358,64695,125053,46254,53268,99522,37320,44777,82097,22723,29208,51931,9529,16516,26045,2225,6070,8295,396328,435687,832015
2021-10-29,51282,47957,99239,46499,44899,91398,53728,57621,111349,67388,71748,139136,60582,64958,125540,46404,53476,99880,37459,44958,82417,22812,29344,52156,9557,16574,26131,2228,6078,8306,397939,437613,835552
2021-10-30,51461,48113,99574,46671,45081,91752,53817,57721,111538,67539,71934,139473,60734,65125,125859,46518,53601,100119,37560,45080,82640,22883,29428,52311,9584,16610,26194,2232,6083,8315,398999,438776,837775
2021-10-31,51622,48292,99914,46824,45239,92063,53907,57828,111735,67655,72077,139732,60862,65287,126149,46618,53726,100344,37640,45174,82814,22924,29499,52423,9601,16634,26235,2236,6095,8331,399889,439851,839740
2021-11-01,51937,48628,100565,47073,45491,92564,54031,58022,112053,67885,72349,140234,61110,65574,126684,46789,53964,100753,37791,45385,83176,23036,29647,52683,9622,16688,26310,2243,6108,8351,401517,441856,843373
2021-11-02,52273,48949,101222,47329,45743,93072,54174,58201,112375,68082,72561,140643,61258,65829,127087,46919,54162,101081,37923,45551,83474,23112,29757,52869,9653,16737,26390,2247,6119,8366,402970,443609,846579
2021-11-03,52616,49221,101837,47604,46064,93668,54318,58398,112716,68277,72809,141086,61462,66097,127559,47087,54359,101446,38051,45712,83763,23197,29873,53070,9677,16769,26446,2248,6130,8378,404537,445432,849969
2021-11-04,52882,49489,102371,47868,46324,94192,54447,58572,113019,68468,73045,141513,61643,66337,127980,47249,54558,101807,38186,45881,84067,23270,29974,53244,9707,16816,26523,2256,6143,8399,405976,447139,853115
2021-11-05,53128,49728,102856,48111,46577,94688,54599,58755,113354,68660,73283,141943,61827,66570,128397,47407,54756,102163,38329,46048,84377,23347,30069,53416,9734,16851,26585,2260,6154,8414,407402,448791,856193
2021-11-06,53285,49857,103142,48286,46736,95022,54696,58877,113573,68813,73443,142256,61958,66725,128683,47526,54888,102414,38421,46151,84572,23401,30141,53542,9756,16880,26636,2260,6163,8423,408402,449861,858263
2021-11-07,53438,50033,103471,48453,46899,95352,54776,59009,113785,68925,73569,142494,62076,66873,128949,47633,55032,102665,38502,46257,84759,23442,30205,53647,9781,16893,26674,2265,6167,8432,409291,450937,860228
2021-11-08,53801,50372,104173,48706,47133,95839,54946,59229,114175,69159,73832,142991,62294,67171,129465,47794,55246,103040,38649,46444,85093,23538,30332,53870,9820,16945,26765,2269,6178,8447,410976,452882,863858
2021-11-09,54130,50678,104808,48945,47357,96302,55071,59434,114505,69361,74058,143419,62488,67398,129886,47931,55438,103369,38760,46572,85332,23611,30421,54032,9843,16996,26839,2275,6187,8462,412415,454539,866954
2021-11-10,54473,50955,105428,49181,47626,96807,55250,59648,114898,69570,74312,143882,62710,67644,130354,48102,55636,103738,38864,46724,85588,23671,30524,54195,9864,17041,26905,2279,6197,8476,413964,456307,870271
2021-11-11,54795,51261,106056,49442,47892,97334,55409,59818,115227,69799,74611,144410,62895,67885,130780,48232,55824,104056,38975,46860,85835,23734,30621,54355,9887,17084,26971,2281,6211,8492,415449,458067,873516
2021-11-12,55069,51538,106607,49746,48201,97947,55574,60014,115588,70041,74938,144979,63120,68184,131304,48405,56067,104472,39132,47134,86266,23823,30751,54574,9921,17126,27047,2283,6225,8508,417114,460178,877292
2021-11-13,55240,51713,106953,49995,48426,98421,55697,60167,115864,70227,75133,145360,63279,68370,131649,48520,56228,104748,39220,47271,86491,23904,30872,54776,9943,17156,27099,2287,6233,8520,418312,461569,879881
2021-11-14,55386,51864,107250,50110,48514,98624,55760,60244,116004,70335,75260,145595,63390,68479,131869,48589,56323,104912,39274,47360,86634,23950,30932,54882,9951,17171,27122,2291,6243,8534,419036,462390,881426
2021-11-15,55704,52178,107882,50370,48749,99119,55900,60428,116328,70551,75529,146080,63574,68743,132317,48740,56544,105284,39417,47553,86970,24048,31075,55123,9986,17225,27211,2295,6255,8550,420585,464279,884864
2021-11-16,56001,52491,108492,50608,48958,99566,56038,60630,116668,70735,75820,146555,63795,68970,132765,48911,56740,105651,39540,47732,87272,24121,31196,55317,10012,17253,27265,2299,6262,8561,422060,466052,888112
2021-11-17,56312,52774,109086,50831,49147,99978,56202,60808,117010,70953,76145,147098,64009,69272,133281,49079,56975,106054,39666,47937,87603,24223,31321,55544,10038,17290,27328,2305,6271,8576,423618,467940,891558
2021-11-18,56633,53039,109672,51113,49395,100508,56363,61035,117398,71188,76437,147625,64217,69533,133750,49223,57213,106436,39821,48103,87924,24299,31410,55709,10068,17330,27398,2315,6281,8596,425240,469776,895016
2021-11-19,56859,53273,110132,51413,49701,101114,56516,61214,117730,71371,76719,148090,64434,69786,134220,49377,57443,106820,39955,48253,88208,24373,31534,55907,10092,17367,27459,2316,6290,8606,426706,471580,898286
2021-11-20,57019,53414,110433,51616,49926,101542,56615,61355,117970,71502,76894,148396,64559,69948,134507,49485,57578,107063,40066,48363,88429,24438,31605,56043,10112,17392,27504,2319,6295,8614,427731,472770,900501
2021-11-21,57148,53536,110684,51796,50091,101887,56676,61413,118089,71602,77012,148614,64664,70067,134731,49567,57663,107230,40136,48483,88619,24473,31677,56150,10131,17418,27549,2322,6299,8621,428515,473659,902174
2021-11-22,57308,53727,111035,51974,50271,102245,56766,61508,118274,71739,77186,148925,64793,70270,135063,49684,57800,107484,40216,48608,88824,24548,31750,56298,10155,17456,27611,2325,6308,8633,429508,474884,904392
2021-11-23,57585,53989,111574,52162,50479,102641,56896,61668,118564,71921,77397,149318,64949,70484,135433,49789,57990,107779,40325,48752,89077,24606,31856,56462,10189,17490,27679,2327,6319,8646,430749,476424,907173
2021-11-24,57838,54226,112064,52347,50662,103009,57021,61842,118863,72111,77601,149712,65093,70706,135799,49898,58187,108085,40411,48885,89296,24681,31934,56615,10210,17532,27742,2329,6325,8654,431939,477900,909839
2021-11-25,58084,54480,112564,52579,50862,103441,57175,62014,119189,72344,77860,150204,65303,70923,136226,50062,58367,108429,40539,49038,89577,24754,32031,56785,10235,17570,27805,2330,6333,8663,433405,479478,912883
2021-11-26,58295,54707,113002,52924,51198,104122,57355,62181,119536,72570,78124,150694,65512,71187,136699,50230,58557,108787,40671,49194,89865,24839,32144,56983,10259,17609,27868,2331,6345,8676,434986,481246,916232
2021-11-27,58434,54859,113293,53153,51413,104566,57503,62335,119838,72779,78341,151120,65723,71394,137117,50371,58720,109091,40811,49350,90161,24934,32248,57182,10295,17643,27938,2335,6357,8692,436338,482660,918998
2021-11-28,58565,54985,113550,53272,51565,104837,57584,62423,120007,72895,78468,151363,65846,71553,137399,50458,58822,109280,40885,49447,90332,24972,32296,57268,10306,17673,27979,2339,6363,8702,437122,483595,920717
2021-11-29,58796,55208,114004,53595,51876,105471,57764,62631,120395,73116,78733,151849,66076,71813,137889,50626,59033,109659,41036,49635,90671,25076,32435,57511,10340,17722,28062,2341,6372,8713,438766,485458,924224
2021-11-30,59025,55434,114459,53844,52123,105967,57937,62868,120805,73381,79005,152386,66281,72085,138366,50785,59260,110045,41168,49815,90983,25153,32553,57706,10370,17767,28137,2343,6390,8733,440287,487300,927587
2021-12-01,59310,55649,114959,54098,52349,106447,58075,63104,121179,73608,79264,152872,66488,72358,138846,50930,59470,110400,41310,50026,91336,25245,32679,57924,10398,17812,28210,2346,6403,8749,441808,489114,930922
2021-12-02,59564,55877,115441,54405,52708,107113,58260,63379,121639,73904,79590,153494,66734,72663,139397,51114,59734,110848,41461,50235,91696,25336,32801,58137,10432,17856,28288,2346,6414,8760,443556,491257,934813
2021-12-03,59734,56059,115793,54595,52934,107529,58390,63539,121929,74100,79796,153896,66901,72835,139736,51231,59882,111113,41570,50354,91924,25404,32886,58290,10453,17896,28349,2348,6426,8774,444726,492607,937333
2021-12-04,59907,56200,116107,54879,53262,108141,58535,63717,122252,74300,80023,154323,67069,73066,140135,51345,60046,111391,41673,50479,92152,25461,32968,58429,10477,17937,28414,2350,6436,8786,445996,494134,940130
2021-12-05,60091,56371,116462,55189,53560,108749,58657,63893,122550,74468,80215,154683,67229,73257,140486,51460,60208,111668,41769,50603,92372,25537,33058,58595,10489,17971,28460,2352,6444,8796,447241,495580,942821
2021-12-06,60410,56702,117112,55484,53891,109375,58887,64185,123072,74757,80558,155315,67485,73597,141082,51669,60470,112139,41942,50838,92780,25639,33203,58842,10520,18038,28558,2359,6451,8810,449152,497933,947085
2021-12-07,60704,57009,117713,55787,54218,110005,59097,64469,123566,75032,80934,155966,67734,73907,141641,51858,60732,112590,42066,51043,93109,25734,33344,59078,10550,18096,28646,2365,6463,8828,450927,500215,951142
2021-12-08,60902,57209,118111,55959,54377,110336,59257,64713,123970,75224,81178,156402,67905,74123,142028,52000,60910,112910,42168,51205,93373,25807,33434,59241,10572,18133,28705,2368,6468,8836,452162,501750,953912
2021-12-09,61162,57478,118640,56288,54722,111010,59499,65066,124565,75539,81574,157113,68189,74496,142685,52207,61207,113414,42338,51423,93761,25919,33582,59501,10612,18184,28796,2373,6478,8851,454126,504210,958336
2021-12-10,61413,57788,119201,56846,55258,112104,59755,65421,125176,75903,82021,157924,68487,74880,143367,52428,61471,113899,42492,51661,94153,26026,33751,59777,10643,18239,28882,2377,6487,8864,456370,506977,963347
2021-12-11,61588,57942,119530,57160,55630,112790,59938,65644,125582,76116,82288,158404,68701,75141,143842,52587,61651,114238,42599,51818,94417,26099,33850,59949,10662,18274,28936,2380,6495,8875,457830,508733,966563
2021-12-12,61766,58128,119894,57407,55905,113312,60084,65876,125960,76335,82546,158881,68904,75399,144303,52727,61843,114570,42709,51974,94683,26164,33954,60118,10683,18316,28999,2383,6507,8890,459162,510448,969610
2021-12-13,62057,58424,120481,57759,56280,114039,60392,66321,126713,76659,82955,159614,69194,75755,144949,52943,62165,115108,42910,52234,95144,26298,34111,60409,10729,18393,29122,2391,6527,8918,461332,513165,974497
2021-12-14,62353,58726,121079,58101,56646,114747,60736,66795,127531,77068,83491,160559,69500,76143,145643,53164,62463,115627,43097,52467,95564,26415,34277,60692,10769,18440,29209,2397,6541,8938,463600,515989,979589
2021-12-15,62663,59038,121701,58402,57023,115425,61070,67235,128305,77475,83944,161419,69823,76544,146367,53397,62779,116176,43260,52679,95939,26525,34393,60918,10808,18503,29311,2406,6552,8958,465829,518690,984519
2021-12-16,63042,59422,122464,58849,57524,116373,61479,67818,129297,77974,84550,162524,70219,77026,147245,53678,63159,116837,43457,52937,96394,26623,34542,61165,10842,18568,29410,2407,6562,8969,468570,522108,990678
2021-12-17,63395,59776,123171,59329,58093,117422,61913,68391,130304,78483,85125,163608,70604,77547,148151,53973,63534,117507,43642,53229,96871,26748,34707,61455,10878,18621,29499,2410,6573,8983,471375,525596,996971
2021-12-18,63617,59985,123602,59635,58431,118066,62182,68786,130968,78853,85551,164404,70872,77890,148762,54201,63803,118004,43788,53432,97220,26835,34849,61684,10898,18665,29563,2412,6584,8996,473293,527976,1001269
2021-12-19,63833,60220,124053,59872,58711,118583,62392,69075,131467,79142,85936,165078,71123,78174,149297,54397,64042,118439,43935,53599,97534,26922,34948,61870,10923,18698,29621,2415,6588,9003,474954,529991,1004945
2021-12-20,64199,60611,124810,60292,59143,119435,62830,69652,132482,79671,86535,166206,71558,78709,150267,54723,64494,119217,44145,53918,98063,27068,35155,62223,10965,18778,29743,2423,6600,9023,477874,533595,1011469
2021-12-21,64526,60974,125500,60713,59573,120286,63370,70282,133652,80296,87295,167591,72024,79253,151277,55048,64919,119967,44345,54190,98535,27178,35306,62484,10995,18845,29840,2427,6611,9038,480922,537248,1018170
2021-12-22,64976,61332,126308,61164,60132,121296,64044,71183,135227,81038,88264,169302,72632,80043,152675,55466,65502,120968,44635,54578,99213,27334,35513,62847,11026,18909,29935,2434,6629,9063,484749,542085,1026834
2021-12-23,65390,61776,127166,61721,60730,122451,64811,72084,136895,81859,89249,171108,73226,80843,154069,55879,66104,121983,44934,54997,99931,27470,35736,63206,11067,18997,30064,2437,6645,9082,488794,547161,1035955
2021-12-24,65636,62001,127637,62019,61044,123063,65180,72566,137746,82276,89729,172005,73549,81282,154831,56122,66432,122554,45104,55201,100305,27559,35860,63419,11098,19042,30140,2440,6651,9091,490983,549808,1040791
2021-12-25,65748,62099,127847,62141,61197,123338,65295,72717,138012,82434,89899,172333,73694,81449,155143,56237,66580,122817,45179,55313,100492,27608,35937,63545,11112,19072,30184,2441,6658,9099,491889,550921,1042810
2021-12-26,66009,62371,128380,62543,61636,124179,65724,73201,138925,82922,90477,173399,74159,82013,156172,56619,67053,123672,45418,55624,101042,27769,36106,63875,11143,19135,30278,2447,6667,9114,494753,554283,1049036
2021-12-27,66390,62742,129132,63111,62289,125400,66362,73955,140317,83704,91362,175066,74799,82923,157722,57120,67749,124869,45773,56078,101851,27961,36387,64348,11201,19225,30426,2449,6686,9135,498870,559396,1058266
2021-12-28,66772,63108,129880,63783,63000,126783,67100,74850,141950,84513,92338,176851,75502,83847,159349,57706,68492,126198,46160,56582,102742,28129,36620,64749,11250,19329,30579,2451,6702,9153,503366,564868,1068234
2021-12-29,67184,63478,130662,64507,63749,128256,67966,75938,143904,85364,93424,178788,76268,84864,161132,58260,69311,127571,46557,57075,103632,28313,36887,65200,11300,19426,30726,2460,6709,9169,508179,570861,1079040
2021-12-30,67717,63964,131681,65392,64698,130090,69027,77131,146158,86339,94651,180990,77115,86023,163138,58906,70249,129155,47000,57751,104751,28537,37264,65801,11350,19537,30887,2470,6732,9202,513853,578000,1091853
2021-12-31,67914,64171,132085,65800,65079,130879,69498,77670,147168,86834,95168,182002,77539,86534,164073,59213,70701,129914,47225,58049,105274,28647,37427,66074,11385,19588,30973,2472,6745,9217,516527,581132,1097659
2022-01-01,68016,64276,132292,65923,65211,131134,69630,77827,147457,86991,95372,182363,77698,86738,164436,59356,70895,130251,47315,58171,105486,28697,37504,66201,11405,19611,31016,2472,6757,9229,517503,582362,1099865
2022-01-02,68175,64417,132592,66087,65377,131464,69780,78010,147790,87148,95596,182744,77900,86987,164887,59494,71070,130564,47420,58291,105711,28751,37572,66323,11415,19642,31057,2472,6762,9234,518642,583724,1102366
2022-01-03,68488,64716,133204,66472,65839,132311,70316,78629,148945,87684,96232,183916,78379,87675,166054,59880,71650,131530,47729,58645,106374,28890,37783,66673,11441,19710,31151,2478,6778,9256,521757,587657,1109414
2022-01-04,68860,65063,133923,67064,66482,133546,71114,79603,150717,88468,97128,185596,79085,88571,167656,60396,72312,132708,48068,59107,107175,29032,38000,67032,11494,19792,31286,2485,6790,9275,526066,592848,1118914
2022-01-05,69160,65343,134503,67490,66997,134487,71758,80422,152180,89176,97954,187130,79690,89302,168992,60829,72885,133714,48355,59504,107859,29165,38190,67355,11521,19849,31370,2490,6802,9292,529634,597248,1126882
2022-01-06,69364,65527,134891,67796,67328,135124,72202,80999,153201,89618,98518,188136,80061,89799,169860,61094,73293,134387,48525,59787,108312,29262,38323,67585,11543,19897,31440,2495,6812,9307,531960,600283,1132243
2022-01-07,69467,65603,135070,67851,67394,135245,72314,81169,153483,89798,98743,188541,80208,89953,170161,61188,73429,134617,48607,59898,108505,29309,38370,67679,11554,19916,31470,2496,6819,9315,532792,601294,1134086
2022-01-08,69543,65669,135212,67904,67461,135365,72373,81269,153642,89885,98892,188777,80310,90076,170386,61250,73536,134786,48655,59982,108637,29341,38426,67767,11565,19936,31501,2498,6824,9322,533324,602071,1135395
2022-01-09,69598,65725,135323,67938,67521,135459,72417,81340,153757,89962,98986,188948,80378,90158,170536,61295,73608,134903,48700,60028,108728,29356,38454,67810,11577,19954,31531,2499,6824,9323,533720,602598,1136318
2022-01-10,69701,65819,135520,68000,67596,135596,72518,81466,153984,90087,99151,189238,80485,90299,170784,61367,73705,135072,48762,60112,108874,29396,38512,67908,11586,19994,31580,2500,6845,9345,534402,603499,1137901
2022-01-11,69787,65930,135717,68058,67661,135719,72620,81607,154227,90237,99331,189568,80606,90456,171062,61439,73823,135262,48832,60194,109026,29427,38577,68004,11608,20022,31630,2502,6856,9358,535116,604457,1139573
2022-01-12,69896,66028,135924,68118,67719,135837,72711,81743,154454,90369,99520,189889,80717,90612,171329,61536,73935,135471,48913,60282,109195,29471,38644,68115,11634,20080,31714,2503,6877,9380,535868,605440,1141308
2022-01-13,69981,66117,136098,68184,67770,135954,72805,81878,154683,90483,99697,190180,80841,90748,171589,61617,74061,135678,48968,60371,109339,29504,38700,68204,11653,20148,31801,2509,6901,9410,536545,606391,1142936
2022-01-14,70084,66211,136295,68256,67875,136131,72890,82008,154898,90622,99878,190500,80949,90918,171867,61707,74171,135878,49050,60478,109528,29563,38770,68333,11672,20206,31878,2513,6920,9433,537306,607435,1144741
2022-01-15,70186,66304,136490,68338,67968,136306,72998,82133,155131,90769,100053,190822,81103,91083,172186,61797,74295,136092,49121,60568,109689,29597,38820,68417,11680,20226,31906,2514,6925,9439,538103,608375,1146478
2022-01-16,70263,66360,136623,68384,67999,136383,73040,82181,155221,90825,100121,190946,81159,91162,172321,61826,74351,136177,49147,60612,109759,29618,38842,68460,11685,20244,31929,2515,6930,9445,538462,608802,1147264
2022-01-17,70368,66454,136822,68443,68063,136506,73121,82298,155419,90957,100297,191254,81265,91322,172587,61903,74463,136366,49233,60705,109938,29652,38901,68553,11700,20302,32002,2517,6955,9472,539159,609760,1148919
2022-01-18,70496,66555,137051,68516,68166,136682,73229,82466,155695,91122,100522,191644,81409,91523,172932,62000,74594,136594,49314,60831,110145,29716,38989,68705,11724,20357,32081,2521,6972,9493,540047,610975,1151022
2022-01-19,70602,66649,137251,68599,68246,136845,73322,82591,155913,91263,100715,191978,81554,91704,173258,62104,74739,136843,49390,60963,110353,29776,39086,68862,11754,20430,32184,2524,7005,9529,540888,612128,1153016
2022-01-20,70711,66734,137445,68677,68318,136995,73424,82731,156155,91403,100892,192295,81698,91885,173583,62208,74887,137095,49475,61070,110545,29825,39158,68983,11785,20467,32252,2524,7019,9543,541730,613161,1154891
2022-01-21,70814,66837,137651,68743,68428,137171,73539,82871,156410,91571,101135,192706,81853,92088,173941,62309,75032,137341,49578,61200,110778,29878,39252,69130,11808,20518,32326,2525,7041,9566,542618,614402,1157020
2022-01-22,70905,66955,137860,68831,68518,137349,73648,83010,156658,91751,101370,193121,82005,92297,174302,62421,75185,137606,49649,61313,110962,29925,39331,69256,11828,20539,32367,2529,7048,9577,543492,615566,1159058
2022-01-23,71099,67182,138281,69102,68835,137937,73894,83366,157260,92162,101876,194038,82402,92861,175263,62746,75615,138361,49832,61589,111421,30008,39445,69453,11853,20572,32425,2530,7056,9586,545628,618397,1164025
2022-01-24,71244,67339,138583,69268,69040,138308,74113,83622,157735,92429,102229,194658,82684,93198,175882,62924,75870,138794,49984,61809,111793,30101,39577,69678,11877,20635,32512,2534,7079,9613,547158,620398,1167556
2022-01-25,71509,67547,139056,69577,69358,138935,74493,84054,158547,92811,102775,195586,83113,93724,176837,63220,76282,139502,50233,62141,112374,30240,39773,70013,11929,20722,32651,2541,7110,9651,549666,623486,1173152
2022-01-26,71731,67752,139483,69833,69648,139481,74776,84455,159231,93180,103265,196445,83449,94156,177605,63494,76673,140167,50450,62433,112883,30361,39931,70292,11977,20832,32809,2548,7148,9696,551799,626293,1178092
2022-01-27,71967,67984,139951,70171,70037,140208,75132,84958,160090,93669,103924,197593,83892,94774,178666,63813,77130,140943,50716,62779,113495,30494,40139,70633,12009,20924,32933,2555,7179,9734,554418,629828,1184246
2022-01-28,72186,68192,140378,70463,70324,140787,75428,85350,160778,94025,104479,198504,84249,95276,179525,64101,77566,141667,50933,63110,114043,30603,40319,70922,12034,21012,33046,2558,7204,9762,556580,632832,1189412
2022-01-29,72372,68358,140730,70671,70573,141244,75644,85620,161264,94323,104881,199204,84564,95649,180213,64356,77871,142227,51112,63407,114519,30713,40462,71175,12074,21060,33134,2561,7214,9775,558390,635095,1193485
2022-01-30,72549,68513,141062,70902,70833,141735,75843,85892,161735,94583,105222,199805,84884,96074,180958,64593,78172,142765,51260,63652,114912,30803,40593,71396,12100,21111,33211,2562,7223,9785,560079,637285,1197364
2022-01-31,72807,68744,141551,71220,71236,142456,76177,86242,162419,94966,105732,200698,85245,96625,181870,64862,78569,143431,51462,63942,115404,30927,40795,71722,12134,21184,33318,2568,7242,9810,562368,640311,1202679
2022-02-01,73096,68986,142082,71622,71670,143292,76537,86701,163238,95402,106285,201687,85710,97232,182942,65162,79039,144201,51697,64272,115969,31073,41037,72110,12177,21281,33458,2576,7279,9855,565052,643782,1208834
2022-02-02,73318,69199,142517,71960,71974,143934,76860,87081,163941,95781,106776,202557,86045,97751,183796,65421,79401,144822,51934,64567,116501,31200,41246,72446,12222,21361,33583,2583,7311,9894,567324,646667,1213991
2022-02-03,73463,69342,142805,72141,72159,144300,77037,87297,164334,95992,107053,203045,86269,98058,184327,65587,79601,145188,52083,64767,116850,31271,41361,72632,12241,21403,33644,2586,7319,9905,568670,648360,1217030
2022-02-04,73666,69534,143200,72359,72400,144759,77304,87597,164901,96316,107444,203760,86540,98508,185048,65833,79948,145781,52267,65057,117324,31382,41523,72905,12273,21476,33749,2589,7337,9926,570529,650824,1221353
2022-02-05,73802,69674,143476,72493,72554,145047,77463,87785,165248,96510,107704,204214,86733,98758,185491,65982,80158,146140,52367,65215,117582,31453,41611,73064,12288,21512,33800,2595,7351,9946,571686,652322,1224008
2022-02-06,73974,69797,143771,72634,72695,145329,77609,87961,165570,96700,107950,204650,86972,99068,186040,66102,80384,146486,52475,65370,117845,31514,41700,73214,12309,21539,33848,2598,7363,9961,572887,653827,1226714
2022-02-07,74183,69979,144162,72825,72915,145740,77845,88263,166108,97024,108336,205360,87244,99430,186674,66326,80706,147032,52646,65647,118293,31636,41868,73504,12345,21628,33973,2607,7378,9985,574681,656150,1230831
2022-02-08,74349,70118,144467,72987,73113,146100,78076,88581,166657,97282,108683,205965,87491,99749,187240,66489,80975,147464,52794,65881,118675,31733,42005,73738,12379,21686,34065,2614,7387,10001,576194,658178,1234372
2022-02-09,74557,70293,144850,73179,73302,146481,78313,88809,167122,97572,109015,206587,87682,100064,187746,66654,81221,147875,52952,66072,119024,31832,42126,73958,12409,21735,34144,2618,7395,10013,577768,660032,1237800
2022-02-10,74755,70497,145252,73393,73528,146921,78569,89117,167686,97892,109398,207290,87957,100439,188396,66869,81525,148394,53098,66295,119393,31939,42294,74233,12456,21813,34269,2620,7412,10032,579548,662318,1241866
2022-02-11,74916,70651,145567,73565,73733,147298,78826,89399,168225,98189,109700,207889,88197,100722,188919,67043,81777,148820,53262,66543,119805,32019,42419,74438,12486,21894,34380,2626,7442,10068,581129,664280,1245409
2022-02-12,75027,70748,145775,73700,73870,147570,78971,89588,168559,98392,109925,208317,88364,100925,189289,67173,81954,149127,53382,66679,120061,32087,42518,74605,12507,21942,34449,2632,7452,10084,582235,665601,1247836
2022-02-13,75124,70858,145982,73817,73993,147810,79124,89759,168883,98576,110169,208745,88546,101153,189699,67301,82114,149415,53460,66813,120273,32145,42596,74741,12520,21971,34491,2633,7461,10094,583246,666887,1250133
2022-02-14,75360,71045,146405,74021,74200,148221,79401,90097,169498,98913,110543,209456,88848,101511,190359,67526,82406,149932,53650,67052,120702,32249,42760,75009,12559,22030,34589,2638,7471,10109,585165,669115,1254280
2022-02-15,75593,71261,146854,74237,74438,148675,79717,90441,170158,99266,110942,210208,89148,101867,191015,67736,82698,150434,53801,67303,121104,32354,42889,75243,12599,22098,34697,2642,7492,10134,587093,671429,1258522
2022-02-16,75855,71481,147336,74444,74657,149101,80034,90822,170856,99581,111286,210867,89418,102198,191616,67931,82956,150887,53938,67528,121466,32437,43020,75457,12632,22151,34783,2647,7506,10153,588917,673605,1262522
2022-02-17,76086,71686,147772,74650,74866,149516,80332,91127,171459,99912,111681,211593,89682,102505,192187,68122,83250,151372,54109,67745,121854,32530,43181,75711,12667,22218,34885,2651,7525,10176,590741,675784,1266525
2022-02-18,76286,71858,148144,74853,75083,149936,80632,91471,172103,100243,112083,212326,89939,102847,192786,68300,83536,151836,54264,67951,122215,32612,43315,75927,12693,22266,34959,2658,7535,10193,592480,677945,1270425
2022-02-19,76422,71986,148408,74969,75214,150183,80781,91674,172455,100431,112309,212740,90111,103064,193175,68430,83694,152124,54356,68080,122436,32668,43402,76070,12711,22291,35002,2661,7542,10203,593540,679256,1272796
2022-02-20,76621,72158,148779,75098,75328,150426,80948,91862,172810,100607,112507,213114,90269,103248,193517,68534,83836,152370,54445,68189,122634,32724,43471,76195,12731,22318,35049,2662,7549,10211,594639,680466,1275105
2022-02-21,76897,72397,149294,75302,75507,150809,81301,92194,173495,100959,112884,213843,90581,103584,194165,68779,84095,152874,54647,68409,123056,32838,43613,76451,12769,22385,35154,2665,7568,10233,596738,682636,1279374
2022-02-22,77231,72668,149899,75510,75710,151220,81615,92583,174198,101301,113272,214573,90890,103892,194782,68978,84394,153372,54830,68660,123490,32957,43771,76728,12803,22440,35243,2671,7583,10254,598786,684973,1283759
2022-02-23,77532,72922,150454,75721,75915,151636,81955,92929,174884,101635,113635,215270,91173,104194,195367,69179,84647,153826,54978,68869,123847,33053,43899,76952,12829,22481,35310,2674,7597,10271,600729,687088,1287817
2022-02-24,77793,73154,150947,75891,76078,151969,82220,93211,175431,101949,113957,215906,91393,104468,195861,69362,84851,154213,55106,69017,124123,33131,43995,77126,12849,22518,35367,2676,7612,10288,602370,688861,1291231
2022-02-25,78115,73531,151646,76120,76274,152394,82522,93568,176090,102287,114332,216619,91658,104777,196435,69568,85122,154690,55282,69224,124506,33210,44122,77332,12877,22570,35447,2679,7628,10307,604318,691148,1295466
2022-02-26,78340,73743,152083,76241,76386,152627,82707,93756,176463,102504,114521,217025,91817,104963,196780,69705,85274,154979,55372,69356,124728,33275,44196,77471,12895,22614,35509,2679,7649,10328,605535,692458,1297993
2022-02-27,78609,73959,152568,76360,76485,152845,82855,93922,176777,102695,114726,217421,91969,105169,197138,69800,85393,155193,55469,69473,124942,33338,44265,77603,12917,22645,35562,2680,7653,10333,606692,693690,1300382
2022-02-28,78962,74286,153248,76516,76623,153139,83063,94183,177246,102942,115052,217994,92158,105390,197548,69978,85599,155577,55622,69635,125257,33427,44377,77804,12945,22676,35621,2688,7663,10351,608301,695484,1303785
2022-03-01,79310,74635,153945,76687,76765,153452,83235,94394,177629,103154,115317,218471,92389,105589,197978,70136,85791,155927,55730,69776,125506,33489,44460,77949,12973,22708,35681,2689,7673,10362,609792,697108,1306900
2022-03-02,79771,75026,154797,76906,76954,153860,83531,94732,178263,103493,115777,219270,92650,105898,198548,70325,86056,156381,55886,69955,125841,33579,44586,78165,13010,22770,35780,2695,7698,10393,611846,699452,1311298
2022-03-03,80253,75460,155713,77163,77214,154377,83844,95075,178919,103846,116187,220033,92911,106189,199100,70488,86248,156736,56050,70159,126209,33679,44703,78382,13037,22823,35860,2700,7710,10410,613971,701768,1315739
2022-03-04,80622,75795,156417,77450,77476,154926,84183,95485,179668,104213,116606,220819,93209,106501,199710,70698,86501,157199,56239,70385,126624,33780,44824,78604,13059,22877,35936,2702,7722,10424,616155,704172,1320327
2022-03-05,80897,76055,156952,77619,77671,155290,84409,95758,180167,104468,116896,221364,93426,106769,200195,70852,86689,157541,56397,70565,126962,33867,44922,78789,13076,22916,35992,2709,7733,10442,617720,705974,1323694
2022-03-06,81173,76342,157515,77806,77861,155667,84578,95968,180546,104668,117131,221799,93603,106980,200583,70962,86845,157807,56503,70706,127209,33951,45007,78958,13091,22938,36029,2709,7740,10449,619044,707518,1326562
2022-03-07,81658,76752,158410,78107,78096,156203,84869,96331,181200,104998,117507,222505,93889,107300,201189,71157,87089,158246,56688,70932,127620,34059,45128,79187,13110,22997,36107,2713,7756,10469,621248,709888,1331136
2022-03-08,82166,77179,159345,78391,78375,156766,85158,96663,181821,105299,117876,223175,94165,107594,201759,71328,87324,158652,56854,71135,127989,34148,45260,79408,13140,23050,36190,2715,7770,10485,623364,712226,1335590
2022-03-09,82515,77496,160011,78615,78608,157223,85441,96966,182407,105602,118217,223819,94419,107885,202304,71493,87551,159044,57007,71351,128358,34252,45370,79622,13164,23092,36256,2717,7780,10497,625225,714316,1339541
2022-03-10,82871,77854,160725,78860,78871,157731,85694,97273,182967,105877,118570,224447,94640,108159,202799,71651,87752,159403,57140,71525,128665,34313,45480,79793,13187,23133,36320,2720,7790,10510,626953,716407,1343360
2022-03-11,83232,78185,161417,79102,79085,158187,85949,97609,183558,106184,118914,225098,94894,108460,203354,71827,87968,159795,57297,71714,129011,34410,45612,80022,13217,23178,36395,2728,7801,10529,628840,718526,1347366
2022-03-12,83488,78436,161924,79270,79232,158502,86107,97811,183918,106410,119181,225591,95080,108684,203764,71984,88126,160110,57428,71854,129282,34483,45703,80186,13240,23204,36444,2731,7810,10541,630221,720041,1350262
2022-03-13,83797,78705,162502,79459,79397,158856,86273,98042,184315,106632,119440,226072,95253,108890,204143,72108,88290,160398,57527,71990,129517,34545,45777,80322,13266,23237,36503,2734,7815,10549,631594,721583,1353177
2022-03-14,84268,79185,163453,79783,79685,159468,86608,98405,185013,106989,119890,226879,95565,109264,204829,72316,88571,160887,57722,72214,129936,34661,45911,80572,13298,23282,36580,2739,7826,10565,633949,724233,1358182
2022-03-15,84784,79637,164421,80107,79942,160049,86907,98735,185642,107280,120296,227576,95848,109591,205439,72535,88842,161377,57875,72419,130294,34766,46054,80820,13326,23341,36667,2745,7842,10587,636173,726699,1362872
2022-03-16,85219,79995,165214,80340,80201,160541,87186,99062,186248,107602,120696,228298,96099,109901,206000,72715,89111,161826,58031,72637,130668,34854,46185,81039,13365,23385,36750,2753,7858,10611,638164,729031,1367195
2022-03-17,85557,80304,165861,80586,80457,161043,87409,99343,186752,107884,121030,228914,96349,110182,206531,72881,89346,162227,58168,72809,130977,34932,46327,81259,13387,23441,36828,2759,7867,10626,639912,731106,1371018
2022-03-18,85792,80502,166294,80735,80593,161328,87579,99562,187141,108074,121296,229370,96507,110376,206883,72997,89500,162497,58263,72963,131226,34992,46393,81385,13407,23471,36878,2764,7885,10649,641110,732541,1373651
2022-03-19,85960,80657,166617,80837,80709,161546,87727,99743,187470,108281,121539,229820,96657,110530,207187,73129,89645,162774,58360,73090,131450,35060,46467,81527,13428,23497,36925,2764,7891,10655,642203,733768,1375971
2022-03-20,86141,80819,166960,80939,80818,161757,87868,99904,187772,108446,121736,230182,96765,110679,207444,73237,89763,163000,58452,73204,131656,35119,46526,81645,13446,23534,36980,2768,7903,10671,643181,734886,1378067
2022-03-21,86439,81143,167582,81118,80987,162105,88078,100202,188280,108732,122046,230778,97008,110952,207960,73420,89993,163413,58591,73391,131982,35199,46633,81832,13466,23568,37034,2772,7915,10687,644823,736830,1381653
2022-03-22,86625,81324,167949,81280,81160,162440,88297,100440,188737,108961,122367,231328,97241,111204,208445,73579,90180,163759,58717,73583,132300,35284,46730,82014,13478,23599,37077,2772,7923,10695,646234,738510,1384744
2022-03-23,86798,81484,168282,81425,81301,162726,88468,100670,189138,109179,122604,231783,97399,111401,208800,73709,90337,164046,58819,73704,132523,35333,46810,82143,13498,23620,37118,2773,7927,10700,647401,739858,1387259
