FECHA,<=10M,<=10F,<=10,11-20M,11-20F,11-20,21-30M,21-30F,21-30,31-40M,31-40F,31-40,41-50M,41-50F,41-50,51-60M,51-60F,51-60,61-70M,61-70F,61-70,71-80M,71-80F,71-80,81-90M,81-90F,81-90,>=91M,>=91F,>=91,TotalM,TotalF,Total,DelayCount,CumDelay,DelayAvg
2020-03-15,1,0,1,0,0,0,0,2,2,2,1,3,1,0,1,1,0,1,1,0,1,1,1,2,0,0,0,0,0,0,7,4,11,11,38,3.4545454545454546
2020-03-16,1,2,3,1,1,2,1,1,2,1,1,2,0,0,0,2,0,2,2,1,3,0,0,0,0,0,0,0,0,0,8,6,14,14,50,3.5714285714285716
2020-03-17,1,4,5,0,1,1,1,1,2,1,0,1,0,2,2,1,1,2,1,1,2,2,2,4,1,0,1,0,0,0,8,12,20,20,355,17.75
2020-03-18,2,1,3,0,0,0,0,0,0,2,1,3,0,2,2,1,1,2,0,2,2,1,0,1,1,0,1,0,0,0,7,7,14,14,22,1.5714285714285714
2020-03-19,1,0,1,0,0,0,3,2,5,2,2,4,1,1,2,0,0,0,1,1,2,1,1,2,0,0,0,1,0,1,10,7,17,17,36,2.1176470588235294
2020-03-20,1,1,2,1,0,1,0,0,0,1,2,3,0,0,0,0,1,1,0,1,1,2,2,4,1,0,1,0,0,0,6,7,13,13,27,2.076923076923077
2020-03-21,0,0,0,2,0,2,0,2,2,2,1,3,1,1,2,0,0,0,2,2,4,1,1,2,0,0,0,1,0,1,9,7,16,16,47,2.9375
2020-03-22,1,0,1,0,0,0,3,1,4,0,0,0,0,0,0,2,1,3,0,1,1,2,0,2,3,2,5,0,0,0,11,5,16,16,39,2.4375
2020-03-23,1,0,1,1,2,3,1,1,2,2,1,3,0,1,1,2,0,2,2,0,2,4,3,7,3,3,6,0,2,2,16,13,29,29,59,2.0344827586206895
2020-03-24,1,0,1,0,0,0,1,1,2,1,1,2,0,1,1,2,1,3,0,1,1,2,0,2,2,1,3,1,0,1,10,6,16,16,25,1.5625
2020-03-25,1,2,3,0,0,0,2,3,5,1,4,5,1,0,1,1,2,3,2,1,3,2,2,4,2,4,6,2,1,3,14,19,33,33,46,1.393939393939394
2020-03-26,4,3,7,2,0,2,1,2,3,4,2,6,1,4,5,3,2,5,1,3,4,3,1,4,4,0,4,3,1,4,26,18,44,44,160,3.6363636363636362
2020-03-27,2,2,4,0,1,1,1,2,3,3,0,3,1,3,4,1,3,4,1,5,6,4,6,10,3,2,5,2,6,8,18,30,48,48,107,2.2291666666666665
2020-03-28,2,0,2,0,0,0,1,2,3,1,1,2,1,1,2,3,1,4,3,0,3,4,6,10,2,1,3,1,0,1,18,12,30,30,104,3.466666666666667
2020-03-29,1,0,1,1,1,2,1,2,3,2,0,2,2,2,4,0,0,0,6,3,9,4,1,5,4,2,6,2,1,3,23,12,35,35,78,2.2285714285714286
2020-03-30,3,1,4,0,0,0,1,5,6,1,2,3,5,2,7,1,1,2,5,1,6,3,5,8,5,1,6,3,2,5,27,20,47,47,92,1.9574468085106382
2020-03-31,7,2,9,1,0,1,3,1,4,3,2,5,4,1,5,2,1,3,4,1,5,5,3,8,2,3,5,4,0,4,35,14,49,49,98,2.0
2020-04-01,6,8,14,0,2,2,4,3,7,3,2,5,10,4,14,3,3,6,4,3,7,6,2,8,5,6,11,0,1,1,41,34,75,75,180,2.4
2020-04-02,4,7,11,5,4,9,2,4,6,3,4,7,3,3,6,1,6,7,6,4,10,6,6,12,5,6,11,2,4,6,37,48,85,85,155,1.8235294117647058
2020-04-03,14,7,21,3,3,6,4,5,9,5,7,12,4,8,12,2,4,6,7,3,10,5,3,8,5,7,12,1,5,6,50,52,102,102,192,1.8823529411764706
2020-04-04,7,8,15,1,1,2,2,6,8,2,10,12,4,2,6,5,0,5,4,2,6,2,4,6,4,2,6,1,3,4,32,38,70,70,115,1.6428571428571428
2020-04-05,4,6,10,3,1,4,6,1,7,5,1,6,8,1,9,4,2,6,1,10,11,5,8,13,4,4,8,2,3,5,42,37,79,79,131,1.6582278481012658
2020-04-06,10,7,17,3,1,4,6,3,9,10,2,12,9,4,13,7,2,9,4,7,11,11,4,15,7,4,11,1,2,3,68,36,104,104,163,1.5673076923076923
2020-04-07,7,8,15,1,2,3,5,3,8,5,6,11,4,4,8,6,2,8,4,3,7,6,8,14,6,11,17,2,1,3,46,48,94,94,112,1.1914893617021276
2020-04-08,6,5,11,2,1,3,2,5,7,5,2,7,7,4,11,5,3,8,6,4,10,9,4,13,2,3,5,3,6,9,47,37,84,84,104,1.2380952380952381
2020-04-09,1,2,3,2,2,4,2,7,9,11,9,20,3,5,8,7,5,12,4,2,6,7,9,16,3,9,12,4,5,9,44,55,99,99,132,1.3333333333333333
2020-04-10,13,2,15,3,3,6,2,5,7,3,1,4,8,1,9,2,4,6,5,1,6,1,10,11,4,8,12,2,4,6,43,39,82,82,106,1.2926829268292683
2020-04-11,5,4,9,2,2,4,8,4,12,5,3,8,4,1,5,1,3,4,3,6,9,7,2,9,4,7,11,1,5,6,40,37,77,77,96,1.2467532467532467
2020-04-12,7,5,12,2,0,2,0,2,2,5,2,7,3,5,8,7,1,8,2,3,5,3,8,11,3,4,7,1,2,3,33,32,65,65,105,1.6153846153846154
2020-04-13,5,7,12,4,3,7,8,6,14,4,7,11,4,3,7,4,4,8,6,4,10,5,7,12,7,8,15,5,6,11,52,55,107,107,134,1.2523364485981308
2020-04-14,12,4,16,2,1,3,7,6,13,7,2,9,4,5,9,9,5,14,4,7,11,8,5,13,7,4,11,4,4,8,64,43,107,107,111,1.0373831775700935
2020-04-15,7,3,10,5,5,10,1,6,7,6,7,13,5,11,16,4,8,12,6,2,8,9,2,11,9,8,17,5,3,8,57,55,112,112,158,1.4107142857142858
2020-04-16,7,2,9,4,5,9,7,3,10,9,11,20,10,9,19,7,7,14,4,10,14,6,4,10,5,5,10,0,4,4,59,60,119,119,121,1.0168067226890756
2020-04-17,7,6,13,1,3,4,1,7,8,6,12,18,9,6,15,7,7,14,7,4,11,12,6,18,5,8,13,1,3,4,56,62,118,118,168,1.423728813559322
2020-04-18,6,7,13,3,1,4,9,2,11,14,6,20,7,5,12,6,3,9,2,2,4,4,10,14,6,8,14,3,4,7,60,48,108,108,158,1.462962962962963
2020-04-19,5,6,11,4,1,5,4,2,6,4,3,7,3,4,7,5,8,13,4,6,10,6,8,14,3,7,10,2,1,3,40,46,86,86,108,1.255813953488372
2020-04-20,10,5,15,8,8,16,11,4,15,13,7,20,6,6,12,8,3,11,11,8,19,14,11,25,9,8,17,5,15,20,95,75,170,170,195,1.1470588235294117
2020-04-21,9,8,17,5,3,8,12,3,15,7,9,16,2,4,6,4,7,11,5,6,11,11,12,23,8,10,18,2,10,12,65,72,137,137,160,1.167883211678832
2020-04-22,8,5,13,4,5,9,6,7,13,10,3,13,12,6,18,3,6,9,8,3,11,8,14,22,8,11,19,7,7,14,74,67,141,141,224,1.5886524822695036
2020-04-23,12,9,21,5,5,10,5,9,14,9,9,18,8,5,13,3,9,12,7,4,11,9,8,17,11,9,20,7,10,17,76,77,153,153,146,0.954248366013072
2020-04-24,10,9,19,5,4,9,8,7,15,12,10,22,5,6,11,7,8,15,8,9,17,10,10,20,10,16,26,3,3,6,78,82,160,160,174,1.0875
2020-04-25,8,2,10,4,1,5,2,5,7,7,8,15,4,3,7,5,4,9,6,5,11,7,3,10,9,16,25,5,5,10,57,52,109,109,97,0.8899082568807339
2020-04-26,5,14,19,5,6,11,2,4,6,3,2,5,8,5,13,2,3,5,6,6,12,5,7,12,7,7,14,1,3,4,44,57,101,101,89,0.8811881188118812
2020-04-27,11,9,20,4,4,8,5,5,10,3,9,12,4,8,12,8,7,15,8,7,15,19,6,25,11,13,24,3,6,9,76,74,150,150,123,0.82
2020-04-28,12,7,19,4,5,9,11,9,20,10,9,19,7,9,16,6,8,14,5,7,12,3,12,15,6,14,20,2,4,6,66,84,150,150,116,0.7733333333333333
2020-04-29,12,8,20,5,3,8,11,6,17,16,10,26,10,6,16,8,6,14,4,8,12,9,5,14,3,15,18,5,10,15,83,77,160,160,136,0.85
2020-04-30,13,8,21,9,2,11,8,3,11,5,4,9,11,7,18,7,10,17,10,10,20,6,9,15,9,16,25,8,8,16,86,77,163,163,134,0.8220858895705522
2020-05-01,1,10,11,6,5,11,1,5,6,9,10,19,9,7,16,6,3,9,11,5,16,7,8,15,8,11,19,0,3,3,58,67,125,125,106,0.848
2020-05-02,5,13,18,5,6,11,6,2,8,10,5,15,5,5,10,8,1,9,3,2,5,7,2,9,6,12,18,1,3,4,56,51,107,107,107,1.0
2020-05-03,6,4,10,2,2,4,6,5,11,8,5,13,4,5,9,7,2,9,7,7,14,4,8,12,8,8,16,3,5,8,55,51,106,106,87,0.8207547169811321
2020-05-04,14,16,30,5,2,7,7,10,17,8,6,14,4,6,10,8,3,11,7,12,19,15,12,27,7,18,25,3,4,7,78,89,167,167,130,0.7784431137724551
2020-05-05,7,6,13,7,1,8,8,8,16,11,10,21,5,10,15,9,5,14,10,6,16,14,5,19,6,14,20,1,9,10,78,74,152,152,101,0.6644736842105263
2020-05-06,10,9,19,3,0,3,10,6,16,14,10,24,16,7,23,4,5,9,9,5,14,17,12,29,7,11,18,4,6,10,94,71,165,165,112,0.6787878787878788
2020-05-07,14,7,21,5,5,10,12,4,16,12,9,21,13,8,21,5,6,11,7,5,12,15,5,20,6,12,18,1,8,9,90,69,159,159,100,0.6289308176100629
2020-05-08,12,11,23,6,4,10,11,7,18,9,12,21,16,10,26,13,5,18,5,9,14,13,8,21,11,13,24,2,12,14,98,91,189,189,198,1.0476190476190477
2020-05-09,15,9,24,3,0,3,4,11,15,5,6,11,7,7,14,4,3,7,7,7,14,11,2,13,5,10,15,5,8,13,66,63,129,129,115,0.8914728682170543
2020-05-10,7,7,14,1,1,2,7,7,14,5,7,12,2,3,5,4,6,10,7,4,11,9,10,19,5,10,15,1,7,8,48,62,110,110,100,0.9090909090909091
2020-05-11,12,13,25,6,4,10,6,5,11,11,11,22,8,12,20,8,5,13,11,5,16,11,10,21,11,16,27,4,13,17,88,94,182,182,131,0.7197802197802198
2020-05-12,13,8,21,6,8,14,20,15,35,21,5,26,8,10,18,6,4,10,9,6,15,5,12,17,10,13,23,5,12,17,103,93,196,196,139,0.7091836734693877
2020-05-13,20,9,29,9,9,18,17,7,24,12,17,29,14,5,19,7,9,16,6,7,13,9,6,15,7,14,21,2,9,11,103,92,195,195,169,0.8666666666666667
2020-05-14,18,20,38,9,5,14,11,17,28,18,14,32,10,8,18,5,9,14,9,11,20,9,9,18,9,12,21,2,15,17,100,120,220,220,196,0.8909090909090909
2020-05-15,17,14,31,8,5,13,6,9,15,11,10,21,10,15,25,10,6,16,10,9,19,6,6,12,10,20,30,5,10,15,93,104,197,196,179,0.9132653061224489
2020-05-16,6,14,20,7,4,11,4,8,12,8,13,21,6,6,12,6,8,14,4,5,9,10,5,15,6,4,10,5,13,18,62,80,142,142,194,1.3661971830985915
2020-05-17,11,12,23,3,5,8,9,5,14,6,7,13,8,10,18,3,2,5,6,7,13,6,4,10,10,9,19,4,7,11,66,68,134,134,96,0.7164179104477612
2020-05-18,16,16,32,7,9,16,20,18,38,19,13,32,10,13,23,12,8,20,10,12,22,17,14,31,16,13,29,2,11,13,129,127,256,256,202,0.7890625
2020-05-19,16,14,30,11,10,21,25,20,45,29,19,48,23,9,32,12,13,25,13,10,23,9,18,27,11,19,30,3,9,12,152,141,293,293,208,0.7098976109215017
2020-05-20,22,30,52,7,11,18,21,17,38,34,15,49,16,14,30,8,11,19,16,11,27,11,10,21,12,17,29,6,6,12,153,142,295,295,195,0.6610169491525424
2020-05-21,22,27,49,16,5,21,26,20,46,26,17,43,11,16,27,17,10,27,9,7,16,16,9,25,7,16,23,1,4,5,151,131,282,282,149,0.5283687943262412
2020-05-22,20,15,35,11,11,22,24,23,47,18,23,41,15,11,26,11,6,17,5,9,14,8,8,16,7,12,19,6,14,20,125,132,257,257,133,0.5175097276264592
2020-05-23,10,13,23,11,13,24,23,12,35,23,16,39,8,8,16,7,7,14,11,11,22,9,11,20,8,5,13,3,2,5,113,98,211,211,129,0.6113744075829384
2020-05-24,12,11,23,8,9,17,10,8,18,13,9,22,9,2,11,6,4,10,10,4,14,10,7,17,5,10,15,2,6,8,85,70,155,155,118,0.7612903225806451
2020-05-25,23,19,42,16,13,29,17,21,38,12,12,24,12,10,22,5,7,12,4,5,9,13,2,15,8,15,23,2,8,10,112,112,224,224,125,0.5580357142857143
2020-05-26,25,23,48,18,16,34,31,29,60,41,17,58,18,20,38,8,13,21,8,5,13,13,4,17,10,16,26,3,10,13,175,153,328,328,242,0.7378048780487805
2020-05-27,30,24,54,15,12,27,16,21,37,22,14,36,15,10,25,17,12,29,8,7,15,4,11,15,5,17,22,4,2,6,136,130,266,266,202,0.7593984962406015
2020-05-28,23,32,55,14,7,21,24,25,49,19,19,38,17,14,31,12,14,26,8,12,20,12,5,17,13,15,28,5,15,20,147,158,305,305,221,0.7245901639344262
2020-05-29,28,24,52,22,17,39,35,26,61,26,32,58,24,16,40,14,14,28,12,9,21,15,9,24,14,16,30,2,4,6,192,167,359,359,280,0.7799442896935933
2020-05-30,22,18,40,12,9,21,30,22,52,33,10,43,10,12,22,11,11,22,6,5,11,10,10,20,8,11,19,1,7,8,143,115,258,257,115,0.4474708171206226
2020-05-31,18,12,30,9,8,17,15,9,24,11,10,21,11,4,15,4,7,11,7,4,11,10,5,15,5,8,13,1,8,9,91,75,166,166,90,0.5421686746987951
2020-06-01,25,18,43,13,14,27,23,32,55,25,28,53,14,17,31,15,10,25,18,10,28,12,8,20,6,10,16,5,4,9,156,151,307,307,212,0.6905537459283387
2020-06-02,33,20,53,18,17,35,27,23,50,18,24,42,18,15,33,8,11,19,15,8,23,20,11,31,5,13,18,5,12,17,167,154,321,321,193,0.6012461059190031
2020-06-03,24,14,38,13,24,37,22,24,46,23,27,50,11,19,30,7,9,16,12,11,23,15,11,26,12,16,28,2,10,12,141,165,306,306,172,0.5620915032679739
2020-06-04,24,20,44,15,18,33,27,23,50,16,18,34,13,12,25,21,12,33,10,5,15,19,11,30,10,14,24,3,10,13,158,143,301,300,196,0.6533333333333333
2020-06-05,32,31,63,11,14,25,33,19,52,25,33,58,26,20,46,19,18,37,12,13,25,13,11,24,11,20,31,3,9,12,185,188,373,373,324,0.868632707774799
2020-06-06,19,19,38,11,9,20,17,15,32,26,23,49,11,10,21,14,7,21,9,9,18,11,9,20,9,16,25,3,9,12,130,126,256,251,170,0.6772908366533864
2020-06-07,10,17,27,12,10,22,17,10,27,16,12,28,13,7,20,10,6,16,7,4,11,8,6,14,10,12,22,3,8,11,106,92,198,195,112,0.5743589743589743
2020-06-08,20,24,44,15,16,31,28,24,52,32,24,56,31,16,47,19,16,35,13,9,22,16,13,29,10,17,27,4,7,11,188,166,354,354,227,0.6412429378531074
2020-06-09,40,22,62,17,22,39,18,26,44,24,28,52,29,18,47,14,7,21,13,5,18,8,14,22,12,26,38,3,11,14,178,179,357,356,214,0.601123595505618
2020-06-10,16,20,36,10,15,25,35,17,52,24,33,57,23,18,41,19,16,35,14,12,26,19,22,41,6,19,25,6,15,21,172,187,359,359,256,0.713091922005571
2020-06-11,26,30,56,12,15,27,24,25,49,29,27,56,11,16,27,14,19,33,11,17,28,16,15,31,6,23,29,3,15,18,152,202,354,354,252,0.711864406779661
2020-06-12,29,36,65,8,18,26,44,26,70,41,39,80,28,27,55,15,15,30,19,14,33,15,13,28,6,21,27,4,9,13,209,218,427,427,280,0.6557377049180327
2020-06-13,24,25,49,16,15,31,29,30,59,29,19,48,8,16,24,15,11,26,9,4,13,14,9,23,6,15,21,2,7,9,152,151,303,303,213,0.7029702970297029
2020-06-14,17,23,40,17,12,29,19,18,37,18,9,27,13,11,24,9,13,22,9,4,13,3,11,14,13,20,33,1,8,9,119,129,248,248,174,0.7016129032258065
2020-06-15,21,26,47,21,15,36,26,25,51,19,18,37,17,12,29,13,9,22,11,4,15,10,7,17,7,15,22,1,10,11,146,141,287,287,179,0.6236933797909407
2020-06-16,43,47,90,16,18,34,52,34,86,45,28,73,29,23,52,20,14,34,15,12,27,13,6,19,12,22,34,3,14,17,248,218,466,466,283,0.6072961373390557
2020-06-17,28,29,57,17,18,35,47,31,78,30,37,67,33,20,53,24,14,38,15,11,26,8,19,27,16,14,30,2,9,11,220,202,422,422,342,0.8104265402843602
2020-06-18,37,34,71,12,11,23,45,32,77,48,43,91,34,16,50,26,18,44,20,17,37,11,16,27,16,20,36,2,12,14,251,219,470,470,408,0.8680851063829788
2020-06-19,45,23,68,13,22,35,29,27,56,54,27,81,36,30,66,30,18,48,22,13,35,21,12,33,16,19,35,7,13,20,273,204,477,477,498,1.0440251572327044
2020-06-20,27,25,52,11,16,27,34,23,57,33,23,56,21,23,44,15,17,32,15,13,28,11,7,18,7,15,22,4,6,10,178,168,346,346,204,0.5895953757225434
2020-06-21,23,14,37,13,12,25,23,24,47,20,23,43,16,8,24,13,6,19,7,10,17,8,6,14,5,10,15,1,7,8,129,120,249,249,108,0.43373493975903615
2020-06-22,35,32,67,23,21,44,31,35,66,38,23,61,28,23,51,19,27,46,16,16,32,19,15,34,7,20,27,2,12,14,218,224,442,442,308,0.6968325791855203
2020-06-23,39,35,74,20,24,44,42,30,72,53,37,90,30,29,59,15,28,43,16,19,35,11,11,22,11,14,25,3,6,9,240,233,473,473,282,0.5961945031712473
2020-06-24,30,30,60,25,17,42,41,42,83,35,38,73,29,24,53,19,22,41,11,15,26,10,12,22,13,14,27,2,5,7,215,219,434,434,199,0.45852534562211983
2020-06-25,35,41,76,26,31,57,33,33,66,36,27,63,39,31,70,35,25,60,9,11,20,8,12,20,8,12,20,5,6,11,234,229,463,463,296,0.6393088552915767
2020-06-26,35,23,58,27,22,49,49,31,80,38,35,73,31,27,58,16,19,35,18,14,32,12,14,26,10,19,29,2,9,11,238,213,451,451,214,0.4745011086474501
2020-06-27,41,40,81,26,32,58,34,35,69,30,29,59,25,17,42,17,9,26,16,5,21,3,13,16,5,7,12,4,6,10,201,193,394,394,213,0.5406091370558376
2020-06-28,35,18,53,12,13,25,13,27,40,28,24,52,17,16,33,15,13,28,10,6,16,8,8,16,8,10,18,6,7,13,152,142,294,294,150,0.5102040816326531
2020-06-29,35,40,75,27,28,55,35,32,67,43,27,70,23,22,45,14,27,41,21,10,31,12,15,27,11,12,23,5,9,14,226,222,448,448,252,0.5625
2020-06-30,22,33,55,10,20,30,45,33,78,32,38,70,28,27,55,24,18,42,19,8,27,18,9,27,8,17,25,2,11,13,208,214,422,421,225,0.5344418052256532
2020-07-01,29,27,56,12,23,35,52,36,88,37,30,67,23,27,50,22,27,49,16,9,25,11,10,21,8,19,27,2,6,8,212,214,426,426,224,0.5258215962441315
2020-07-02,41,38,79,19,23,42,37,42,79,45,40,85,33,25,58,17,20,37,17,8,25,8,12,20,12,12,24,4,5,9,233,225,458,458,182,0.39737991266375544
2020-07-03,41,28,69,28,16,44,37,28,65,43,45,88,25,30,55,20,19,39,17,13,30,9,15,24,9,17,26,4,4,8,233,215,448,448,229,0.5111607142857143
2020-07-04,25,32,57,16,16,32,30,35,65,30,22,52,26,17,43,18,13,31,10,8,18,8,12,20,5,9,14,3,6,9,171,170,341,341,157,0.4604105571847507
2020-07-05,20,25,45,18,11,29,26,29,55,27,28,55,10,22,32,17,16,33,17,14,31,15,12,27,8,13,21,3,9,12,161,179,340,340,162,0.4764705882352941
2020-07-06,20,28,48,18,15,33,39,37,76,46,22,68,33,24,57,26,22,48,21,22,43,17,25,42,10,21,31,3,9,12,233,225,458,458,151,0.3296943231441048
2020-07-07,34,50,84,16,22,38,53,41,94,42,33,75,26,32,58,28,18,46,17,17,34,12,12,24,10,20,30,7,11,18,245,256,501,501,191,0.3812375249500998
2020-07-08,34,21,55,29,24,53,50,36,86,34,35,69,39,36,75,20,27,47,16,17,33,16,21,37,12,15,27,4,14,18,254,246,500,500,226,0.452
2020-07-09,25,18,43,14,11,25,27,27,54,33,24,57,28,24,52,13,12,25,7,16,23,9,22,31,4,14,18,6,8,14,166,176,342,342,140,0.4093567251461988
2020-07-10,22,17,39,20,20,40,26,24,50,31,25,56,19,21,40,14,13,27,17,15,32,16,12,28,12,14,26,2,11,13,179,172,351,351,132,0.37606837606837606
2020-07-11,22,29,51,17,10,27,20,22,42,21,28,49,19,24,43,17,18,35,17,10,27,13,18,31,4,17,21,2,10,12,152,186,338,338,152,0.44970414201183434
2020-07-12,19,16,35,16,7,23,18,17,35,22,11,33,15,9,24,7,10,17,10,10,20,10,5,15,6,11,17,4,7,11,127,103,230,230,88,0.3826086956521739
2020-07-13,25,32,57,19,23,42,43,33,76,36,37,73,34,32,66,26,33,59,31,24,55,18,33,51,13,46,59,2,25,27,247,318,565,565,330,0.584070796460177
2020-07-14,30,30,60,27,15,42,34,24,58,58,35,93,34,28,62,27,15,42,22,24,46,17,26,43,6,18,24,7,14,21,262,229,491,491,221,0.45010183299389
2020-07-15,28,30,58,31,21,52,35,53,88,53,48,101,35,41,76,26,30,56,22,23,45,10,16,26,14,16,30,8,5,13,262,283,545,545,226,0.41467889908256883
2020-07-16,39,20,59,18,31,49,44,49,93,49,33,82,35,37,72,27,32,59,16,14,30,15,17,32,19,30,49,2,18,20,264,281,545,545,312,0.5724770642201835
2020-07-17,34,30,64,24,15,39,29,39,68,38,48,86,36,42,78,29,36,65,24,27,51,18,15,33,16,21,37,4,10,14,252,283,535,535,261,0.48785046728971965
2020-07-18,23,23,46,15,13,28,37,32,69,33,40,73,27,28,55,25,21,46,24,18,42,9,9,18,14,21,35,2,5,7,209,210,419,419,228,0.5441527446300716
2020-07-19,28,26,54,11,16,27,25,24,49,23,26,49,22,21,43,22,23,45,14,10,24,13,8,21,10,16,26,3,6,9,171,176,347,347,126,0.3631123919308357
2020-07-20,41,38,79,35,28,63,54,45,99,53,58,111,42,56,98,31,38,69,25,34,59,19,21,40,20,22,42,3,11,14,323,351,674,674,251,0.3724035608308605
2020-07-21,37,31,68,25,21,46,43,39,82,60,40,100,40,37,77,32,30,62,26,25,51,19,24,43,14,24,38,5,11,16,301,282,583,583,226,0.3876500857632933
2020-07-22,55,33,88,22,22,44,61,48,109,54,56,110,50,40,90,27,27,54,16,23,39,22,17,39,15,29,44,1,9,10,323,304,627,627,243,0.3875598086124402
2020-07-23,43,36,79,25,17,42,52,47,99,50,50,100,33,29,62,30,22,52,18,21,39,17,21,38,8,19,27,6,11,17,282,273,555,555,322,0.5801801801801801
2020-07-24,28,33,61,19,21,40,54,48,102,49,63,112,35,32,67,32,21,53,30,14,44,11,19,30,11,26,37,3,14,17,272,291,563,563,278,0.4937833037300178
2020-07-25,28,25,53,25,13,38,37,39,76,39,42,81,31,26,57,12,8,20,14,15,29,12,12,24,9,18,27,5,4,9,212,202,414,414,227,0.5483091787439613
2020-07-26,25,25,50,14,14,28,21,19,40,25,25,50,28,12,40,19,15,34,10,8,18,15,9,24,6,16,22,6,6,12,169,149,318,318,161,0.5062893081761006
2020-07-27,27,33,60,25,24,49,50,37,87,47,42,89,47,44,91,29,39,68,25,24,49,17,20,37,17,21,38,5,19,24,289,303,592,592,263,0.44425675675675674
2020-07-28,35,29,64,22,19,41,61,63,124,57,43,100,39,41,80,37,38,75,30,29,59,15,27,42,10,21,31,5,19,24,311,329,640,640,266,0.415625
2020-07-29,34,36,70,22,28,50,62,49,111,53,51,104,50,44,94,33,42,75,21,29,50,23,21,44,17,28,45,5,24,29,320,352,672,672,256,0.38095238095238093
2020-07-30,42,32,74,33,33,66,83,65,148,65,53,118,52,37,89,40,39,79,23,31,54,14,18,32,8,19,27,1,6,7,361,333,694,694,314,0.45244956772334294
2020-07-31,32,42,74,19,25,44,49,63,112,72,59,131,48,39,87,38,30,68,22,31,53,21,25,46,9,28,37,6,18,24,316,360,676,676,306,0.4526627218934911
2020-08-01,26,19,45,12,21,33,29,36,65,33,38,71,26,37,63,28,25,53,21,8,29,19,16,35,11,22,33,1,11,12,206,233,439,439,222,0.5056947608200456
2020-08-02,30,24,54,15,18,33,30,19,49,29,34,63,21,32,53,19,24,43,11,19,30,6,18,24,12,13,25,2,7,9,175,208,383,383,162,0.42297650130548303
2020-08-03,39,46,85,26,26,52,47,52,99,55,41,96,34,40,74,29,29,58,29,21,50,11,21,32,13,31,44,4,14,18,287,321,608,608,303,0.49835526315789475
2020-08-04,42,31,73,31,32,63,66,38,104,62,54,116,55,40,95,37,31,68,27,18,45,17,19,36,17,31,48,5,16,21,359,310,669,669,315,0.47085201793721976
2020-08-05,41,37,78,35,23,58,57,38,95,43,54,97,36,38,74,36,43,79,29,26,55,21,19,40,17,21,38,3,8,11,318,307,625,625,430,0.688
2020-08-06,39,25,64,20,35,55,56,54,110,50,60,110,53,48,101,32,39,71,26,19,45,18,18,36,16,24,40,5,12,17,315,334,649,648,351,0.5416666666666666
2020-08-07,50,34,84,27,26,53,56,51,107,60,46,106,40,56,96,39,22,61,20,24,44,19,28,47,14,35,49,5,24,29,330,346,676,676,291,0.43047337278106507
2020-08-08,30,28,58,19,19,38,30,36,66,54,49,103,29,37,66,31,30,61,20,19,39,13,25,38,11,20,31,1,21,22,238,284,522,522,166,0.31800766283524906
2020-08-09,25,27,52,13,11,24,27,32,59,38,30,68,23,37,60,26,30,56,20,16,36,13,22,35,16,40,56,4,19,23,205,264,469,469,163,0.34754797441364604
2020-08-10,42,33,75,27,28,55,67,54,121,66,40,106,50,52,102,35,33,68,18,15,33,15,26,41,15,20,35,4,11,15,339,312,651,651,247,0.3794162826420891
2020-08-11,37,35,72,38,21,59,62,55,117,77,56,133,55,50,105,38,40,78,28,21,49,22,31,53,15,28,43,6,12,18,378,349,727,727,303,0.4167812929848693
2020-08-12,32,37,69,35,23,58,53,65,118,45,80,125,56,54,110,35,37,72,26,24,50,15,24,39,12,21,33,5,16,21,314,381,695,695,252,0.36258992805755397
2020-08-13,23,32,55,36,25,61,72,67,139,80,83,163,50,49,99,47,41,88,21,29,50,26,17,43,10,25,35,4,15,19,369,383,752,752,259,0.34441489361702127
2020-08-14,25,26,51,20,19,39,80,72,152,62,62,124,63,40,103,40,45,85,31,27,58,21,31,52,13,21,34,3,12,15,358,355,713,713,269,0.37727910238429174
2020-08-15,38,24,62,31,18,49,36,48,84,51,54,105,26,45,71,29,29,58,26,19,45,15,29,44,9,43,52,4,16,20,265,325,590,590,218,0.3694915254237288
2020-08-16,32,16,48,14,9,23,42,38,80,34,35,69,19,30,49,22,20,42,11,22,33,16,13,29,9,31,40,4,22,26,203,236,439,438,179,0.408675799086758
2020-08-17,23,16,39,23,21,44,49,42,91,47,55,102,41,39,80,33,42,75,15,36,51,12,14,26,11,18,29,0,15,15,254,298,552,552,225,0.4076086956521739
2020-08-18,41,35,76,29,12,41,56,53,109,73,62,135,44,41,85,27,49,76,20,32,52,23,27,50,9,18,27,0,17,17,322,346,668,668,219,0.3278443113772455
2020-08-19,44,36,80,24,27,51,47,63,110,64,62,126,36,47,83,39,31,70,18,28,46,18,27,45,12,36,48,4,17,21,306,374,680,680,217,0.3191176470588235
2020-08-20,25,26,51,24,20,44,61,56,117,48,54,102,28,47,75,35,31,66,24,31,55,12,20,32,15,22,37,3,13,16,275,320,595,595,243,0.4084033613445378
2020-08-21,27,39,66,31,24,55,45,48,93,61,62,123,50,47,97,38,48,86,32,30,62,22,36,58,14,35,49,5,10,15,325,379,704,704,299,0.4247159090909091
2020-08-22,14,17,31,26,19,45,36,34,70,37,49,86,38,32,70,21,22,43,21,21,42,13,20,33,8,14,22,3,14,17,217,242,459,459,215,0.4684095860566449
2020-08-23,22,29,51,13,14,27,27,24,51,34,36,70,27,21,48,24,26,50,18,20,38,9,22,31,11,7,18,5,4,9,190,203,393,393,124,0.3155216284987277
2020-08-24,42,44,86,25,23,48,49,60,109,61,53,114,41,51,92,46,34,80,22,34,56,19,24,43,16,22,38,6,19,25,327,364,691,691,279,0.4037626628075253
2020-08-25,26,29,55,30,19,49,55,70,125,61,75,136,40,41,81,32,40,72,21,28,49,12,18,30,17,29,46,6,17,23,300,366,666,666,264,0.3963963963963964
2020-08-26,44,20,64,26,28,54,71,63,134,59,58,117,44,54,98,39,36,75,29,22,51,22,27,49,17,29,46,3,15,18,354,352,706,706,269,0.3810198300283286
2020-08-27,36,28,64,38,31,69,72,65,137,69,62,131,58,54,112,43,38,81,20,31,51,24,25,49,17,28,45,5,24,29,382,386,768,768,268,0.3489583333333333
2020-08-28,34,35,69,44,22,66,77,82,159,64,69,133,60,61,121,45,56,101,24,37,61,26,26,52,11,20,31,6,10,16,391,418,809,809,350,0.4326328800988875
2020-08-29,29,16,45,12,13,25,59,50,109,44,64,108,45,41,86,29,27,56,27,19,46,17,18,35,8,24,32,3,16,19,273,288,561,561,296,0.5276292335115864
2020-08-30,24,27,51,20,16,36,41,33,74,46,35,81,38,38,76,28,23,51,14,19,33,11,17,28,8,11,19,3,5,8,233,224,457,457,130,0.2844638949671772
2020-08-31,37,24,61,30,26,56,62,52,114,53,63,116,53,51,104,29,37,66,27,36,63,27,26,53,20,39,59,2,15,17,340,369,709,709,389,0.5486600846262342
2020-09-01,40,34,74,21,41,62,62,63,125,87,70,157,60,38,98,35,52,87,18,25,43,15,24,39,15,41,56,7,15,22,360,403,763,762,293,0.38451443569553806
2020-09-02,31,23,54,23,16,39,46,63,109,47,70,117,47,39,86,39,34,73,18,24,42,27,24,51,17,26,43,3,30,33,298,349,647,647,335,0.517774343122102
2020-09-03,31,30,61,32,23,55,73,71,144,88,78,166,57,52,109,43,34,77,24,32,56,18,25,43,12,28,40,4,9,13,382,382,764,764,333,0.43586387434554974
2020-09-04,34,35,69,28,24,52,56,61,117,66,68,134,61,66,127,30,38,68,33,43,76,26,24,50,14,27,41,3,16,19,351,402,753,753,339,0.450199203187251
2020-09-05,23,22,45,16,14,30,49,44,93,49,62,111,39,50,89,24,32,56,28,28,56,17,17,34,15,19,34,3,7,10,263,295,558,558,327,0.5860215053763441
2020-09-06,20,22,42,14,17,31,24,38,62,37,30,67,30,26,56,16,26,42,16,22,38,10,21,31,12,15,27,2,10,12,181,227,408,408,175,0.42892156862745096
2020-09-07,28,30,58,22,27,49,70,72,142,73,65,138,48,57,105,34,55,89,38,30,68,15,24,39,14,30,44,7,14,21,349,404,753,753,308,0.40903054448871184
2020-09-08,33,27,60,27,27,54,61,58,119,75,70,145,52,49,101,48,49,97,31,35,66,28,26,54,18,27,45,7,21,28,380,389,769,769,364,0.47334200260078024
2020-09-09,36,26,62,20,27,47,65,61,126,60,54,114,54,45,99,36,42,78,33,38,71,20,30,50,15,36,51,1,19,20,340,378,718,718,361,0.5027855153203342
2020-09-10,26,18,44,33,24,57,80,72,152,73,82,155,68,54,122,37,43,80,27,28,55,23,23,46,11,34,45,1,17,18,379,395,774,774,386,0.49870801033591733
2020-09-11,28,30,58,35,24,59,61,52,113,61,77,138,52,57,109,43,58,101,34,29,63,25,27,52,18,25,43,3,10,13,360,389,749,749,360,0.48064085447263016
2020-09-12,25,19,44,19,21,40,38,38,76,33,49,82,26,35,61,29,37,66,25,25,50,20,23,43,13,31,44,2,14,16,230,292,522,522,260,0.49808429118773945
2020-09-13,30,24,54,12,11,23,35,44,79,36,54,90,22,23,45,27,24,51,26,25,51,12,11,23,5,14,19,5,9,14,210,239,449,449,171,0.38084632516703787
2020-09-14,33,30,63,25,26,51,63,82,145,60,69,129,45,53,98,53,48,101,39,37,76,28,28,56,18,17,35,2,10,12,366,400,766,766,339,0.4425587467362924
2020-09-15,36,27,63,21,17,38,60,41,101,61,80,141,47,43,90,30,40,70,30,34,64,22,31,53,15,28,43,1,12,13,323,353,676,676,358,0.5295857988165681
2020-09-16,40,37,77,40,35,75,71,79,150,65,80,145,55,53,108,39,45,84,31,34,65,26,19,45,15,30,45,3,11,14,385,423,808,808,279,0.34529702970297027
2020-09-17,31,25,56,27,41,68,56,57,113,56,59,115,55,66,121,50,53,103,41,34,75,27,27,54,15,18,33,3,4,7,361,384,745,745,348,0.4671140939597315
2020-09-18,39,43,82,22,32,54,56,63,119,81,82,163,45,54,99,37,44,81,26,44,70,31,26,57,14,24,38,3,12,15,354,424,778,778,328,0.42159383033419023
2020-09-19,14,34,48,10,25,35,32,30,62,36,47,83,27,23,50,22,21,43,28,23,51,19,21,40,14,18,32,3,7,10,205,249,454,454,212,0.4669603524229075
2020-09-20,22,27,49,26,21,47,30,37,67,38,32,70,26,26,52,17,26,43,12,19,31,20,17,37,4,18,22,3,8,11,198,231,429,429,107,0.2494172494172494
2020-09-21,32,33,65,26,34,60,57,49,106,59,71,130,45,52,97,36,28,64,27,32,59,25,27,52,10,16,26,1,10,11,318,352,670,670,286,0.42686567164179107
2020-09-22,41,36,77,37,37,74,56,68,124,62,65,127,55,36,91,45,49,94,35,26,61,28,30,58,10,33,43,3,13,16,372,393,765,765,275,0.35947712418300654
2020-09-23,40,33,73,21,22,43,44,66,110,54,66,120,45,47,92,33,42,75,32,33,65,20,32,52,11,24,35,2,12,14,302,377,679,679,227,0.33431516936671574
2020-09-24,43,40,83,34,33,67,68,56,124,79,71,150,50,47,97,36,35,71,12,51,63,19,29,48,23,25,48,7,22,29,371,409,780,780,291,0.3730769230769231
2020-09-25,34,24,58,28,19,47,56,62,118,61,57,118,53,47,100,36,37,73,30,38,68,25,24,49,19,24,43,0,10,10,342,342,684,684,332,0.4853801169590643
2020-09-26,23,19,42,24,16,40,40,34,74,45,39,84,34,34,68,25,35,60,22,22,44,17,16,33,10,18,28,6,9,15,246,242,488,488,186,0.38114754098360654
2020-09-27,22,25,47,16,23,39,41,46,87,30,34,64,35,27,62,27,22,49,20,19,39,7,17,24,8,13,21,3,7,10,209,233,442,442,150,0.3393665158371041
2020-09-28,31,26,57,28,25,53,52,49,101,60,62,122,59,39,98,50,50,100,44,25,69,19,27,46,17,26,43,4,20,24,364,349,713,713,296,0.41514726507713884
2020-09-29,44,32,76,32,39,71,78,54,132,82,77,159,60,52,112,38,40,78,38,43,81,31,46,77,22,38,60,3,24,27,428,445,873,873,245,0.2806414662084765
2020-09-30,39,30,69,29,32,61,66,68,134,63,62,125,49,40,89,43,49,92,38,43,81,27,29,56,9,24,33,5,9,14,368,386,754,754,300,0.3978779840848806
2020-10-01,40,41,81,27,54,81,66,77,143,77,77,154,41,60,101,42,40,82,41,34,75,27,47,74,14,18,32,3,11,14,378,459,837,837,322,0.3847072879330944
2020-10-02,51,49,100,30,30,60,63,80,143,58,72,130,44,59,103,47,36,83,40,41,81,26,38,64,12,34,46,4,17,21,375,456,831,831,417,0.5018050541516246
2020-10-03,21,25,46,21,27,48,46,45,91,44,44,88,35,34,69,36,27,63,17,24,41,19,19,38,7,20,27,3,7,10,249,272,521,521,230,0.44145873320537427
2020-10-04,28,28,56,20,23,43,41,40,81,31,29,60,37,36,73,21,21,42,19,20,39,11,15,26,11,26,37,3,3,6,222,241,463,463,203,0.43844492440604754
2020-10-05,22,35,57,25,26,51,54,55,109,81,69,150,73,48,121,50,46,96,52,34,86,30,44,74,19,27,46,3,7,10,409,391,800,800,363,0.45375
2020-10-06,31,45,76,33,28,61,64,55,119,71,59,130,72,44,116,50,43,93,31,38,69,30,34,64,18,27,45,6,11,17,406,384,790,790,292,0.369620253164557
2020-10-07,41,27,68,21,23,44,64,68,132,79,74,153,52,59,111,38,56,94,37,43,80,30,31,61,18,29,47,8,7,15,388,417,805,805,276,0.34285714285714286
2020-10-08,42,33,75,33,26,59,62,66,128,63,64,127,51,59,110,42,53,95,31,33,64,23,35,58,16,21,37,5,17,22,368,407,775,775,365,0.47096774193548385
2020-10-09,30,40,70,50,43,93,49,77,126,80,92,172,54,61,115,42,55,97,39,44,83,21,36,57,13,27,40,4,15,19,382,490,872,872,493,0.5653669724770642
2020-10-10,24,26,50,31,22,53,59,51,110,55,58,113,39,44,83,32,45,77,34,31,65,14,24,38,17,20,37,9,14,23,314,335,649,649,384,0.5916795069337443
2020-10-11,27,25,52,19,17,36,42,57,99,52,60,112,49,37,86,30,26,56,34,36,70,20,25,45,16,23,39,1,10,11,290,316,606,606,352,0.5808580858085809
2020-10-12,22,28,50,39,29,68,71,81,152,67,74,141,53,64,117,49,68,117,51,39,90,38,45,83,23,39,62,2,16,18,415,483,898,898,344,0.3830734966592428
2020-10-13,48,42,90,53,36,89,103,103,206,100,117,217,67,82,149,75,81,156,52,52,104,39,48,87,28,48,76,9,24,33,574,633,1207,1207,460,0.38111019055509526
2020-10-14,47,39,86,35,47,82,90,108,198,95,110,205,63,84,147,58,64,122,48,50,98,46,53,99,23,33,56,0,21,21,505,609,1114,1114,483,0.43357271095152605
2020-10-15,44,39,83,47,48,95,100,108,208,123,126,249,90,103,193,76,77,153,62,62,124,32,55,87,18,33,51,9,16,25,601,667,1268,1268,452,0.35646687697160884
2020-10-16,57,38,95,45,57,102,132,141,273,128,105,233,103,97,200,72,85,157,54,62,116,37,55,92,24,47,71,3,32,35,655,719,1374,1374,554,0.4032023289665211
2020-10-17,22,25,47,29,34,63,84,64,148,87,92,179,73,80,153,39,47,86,36,50,86,39,41,80,13,33,46,4,14,18,426,480,906,906,411,0.45364238410596025
2020-10-18,23,26,49,22,25,47,36,46,82,49,69,118,33,45,78,40,32,72,29,25,54,20,32,52,10,36,46,1,14,15,263,350,613,613,330,0.5383360522022839
2020-10-19,67,47,114,46,53,99,114,136,250,117,141,258,123,124,247,82,85,167,81,70,151,51,62,113,24,41,65,3,17,20,708,776,1484,1484,749,0.5047169811320755
2020-10-20,52,56,108,54,53,107,131,125,256,109,120,229,97,115,212,81,87,168,65,58,123,36,52,88,34,45,79,1,25,26,660,736,1396,1396,946,0.6776504297994269
2020-10-21,38,32,70,65,43,108,89,120,209,98,98,196,80,82,162,69,57,126,53,41,94,31,40,71,19,37,56,3,15,18,545,565,1110,1110,657,0.5918918918918918
2020-10-22,37,31,68,58,62,120,83,95,178,81,91,172,76,95,171,57,72,129,36,49,85,29,35,64,22,36,58,7,19,26,486,585,1071,1071,750,0.7002801120448179
2020-10-23,32,29,61,41,30,71,72,86,158,70,86,156,58,75,133,48,49,97,43,51,94,39,39,78,25,19,44,4,24,28,432,488,920,920,724,0.7869565217391304
2020-10-24,19,23,42,18,30,48,61,38,99,47,57,104,46,41,87,34,31,65,19,28,47,26,25,51,9,23,32,5,13,18,284,309,593,593,536,0.9038785834738617
2020-10-25,34,27,61,18,27,45,60,58,118,53,84,137,47,43,90,39,50,89,31,32,63,23,30,53,8,18,26,4,4,8,317,373,690,690,646,0.936231884057971
2020-10-26,41,34,75,59,35,94,78,94,172,97,102,199,70,91,161,58,75,133,41,52,93,37,46,83,16,43,59,6,20,26,503,592,1095,1095,959,0.8757990867579909
2020-10-27,40,37,77,40,35,75,101,107,208,98,85,183,90,77,167,67,82,149,61,80,141,41,52,93,17,29,46,3,8,11,558,592,1150,1150,974,0.8469565217391304
2020-10-28,39,37,76,36,30,66,68,104,172,93,96,189,56,80,136,62,70,132,55,43,98,32,37,69,12,32,44,4,14,18,457,543,1000,1000,809,0.809
2020-10-29,34,31,65,33,37,70,110,89,199,113,101,214,69,81,150,45,58,103,51,53,104,27,31,58,16,29,45,3,8,11,501,518,1019,1019,987,0.9685966633954858
2020-10-30,36,25,61,29,38,67,77,114,191,86,91,177,71,71,142,44,53,97,43,54,97,25,31,56,19,31,50,6,17,23,436,525,961,961,749,0.7793964620187305
2020-10-31,26,20,46,20,21,41,44,51,95,45,67,112,38,53,91,35,30,65,29,40,69,21,24,45,8,15,23,3,4,7,269,325,594,594,496,0.835016835016835
2020-11-01,36,27,63,29,41,70,57,64,121,59,72,131,60,48,108,41,53,94,32,42,74,27,27,54,9,20,29,3,6,9,353,400,753,753,634,0.8419654714475432
2020-11-02,37,42,79,41,46,87,87,97,184,104,93,197,67,80,147,62,58,120,58,57,115,34,35,69,17,24,41,2,13,15,509,545,1054,1054,856,0.8121442125237192
2020-11-03,31,28,59,23,25,48,73,86,159,78,72,150,55,41,96,46,50,96,40,38,78,33,27,60,18,35,53,3,13,16,400,415,815,815,604,0.7411042944785277
2020-11-04,37,41,78,38,43,81,105,109,214,88,101,189,95,99,194,67,71,138,63,55,118,40,37,77,22,41,63,11,15,26,566,612,1178,1178,687,0.5831918505942275
2020-11-05,42,41,83,57,51,108,125,110,235,120,114,234,96,90,186,77,92,169,42,52,94,35,38,73,19,29,48,2,15,17,615,632,1247,1247,807,0.6471531676022454
2020-11-06,26,31,57,26,39,65,66,75,141,64,74,138,42,43,85,49,53,102,37,46,83,30,40,70,15,29,44,4,9,13,359,439,798,798,672,0.8421052631578947
2020-11-07,30,29,59,27,28,55,52,70,122,50,74,124,46,52,98,43,49,92,42,42,84,26,30,56,21,20,41,7,5,12,344,399,743,743,570,0.7671601615074024
2020-11-08,33,42,75,34,38,72,64,59,123,58,77,135,51,60,111,33,42,75,41,39,80,27,28,55,10,16,26,4,4,8,355,405,760,760,628,0.8263157894736842
2020-11-09,49,50,99,64,38,102,83,100,183,96,126,222,73,81,154,74,70,144,54,63,117,25,37,62,24,38,62,4,10,14,546,613,1159,1159,912,0.7868852459016393
2020-11-10,35,28,63,36,32,68,81,72,153,92,93,185,57,57,114,48,53,101,62,43,105,31,35,66,22,28,50,4,11,15,468,452,920,920,608,0.6608695652173913
2020-11-11,43,34,77,30,40,70,87,91,178,90,90,180,73,71,144,52,68,120,46,42,88,35,34,69,20,36,56,4,19,23,480,525,1005,1005,695,0.6915422885572139
2020-11-12,48,31,79,41,39,80,79,102,181,105,102,207,81,77,158,67,52,119,39,69,108,37,44,81,21,36,57,3,11,14,521,563,1084,1084,698,0.6439114391143912
2020-11-13,43,28,71,49,34,83,85,106,191,73,87,160,72,73,145,54,58,112,56,61,117,37,38,75,21,34,55,4,14,18,494,533,1027,1027,684,0.6660175267770204
2020-11-14,48,35,83,28,26,54,55,62,117,68,74,142,41,60,101,36,41,77,48,25,73,26,34,60,8,23,31,4,4,8,362,384,746,746,546,0.7319034852546917
2020-11-15,39,36,75,31,20,51,65,82,147,82,59,141,58,61,119,46,56,102,43,43,86,24,30,54,9,24,33,1,14,15,398,425,823,823,610,0.741190765492102
2020-11-16,40,46,86,44,35,79,73,76,149,75,85,160,78,69,147,35,54,89,43,51,94,33,38,71,15,28,43,5,21,26,441,503,944,944,591,0.6260593220338984
2020-11-17,39,45,84,43,39,82,99,101,200,112,112,224,80,83,163,55,59,114,65,73,138,44,52,96,7,37,44,2,9,11,546,610,1156,1156,797,0.6894463667820069
2020-11-18,40,41,81,55,45,100,97,96,193,121,108,229,76,70,146,58,57,115,46,43,89,41,46,87,16,42,58,4,9,13,554,557,1111,1111,783,0.7047704770477048
2020-11-19,39,29,68,60,44,104,91,104,195,99,117,216,62,76,138,61,72,133,55,58,113,37,35,72,18,36,54,3,11,14,525,582,1107,1107,782,0.7064137308039747
2020-11-20,40,37,77,37,41,78,86,94,180,93,97,190,56,63,119,55,56,111,50,49,99,30,29,59,19,28,47,5,9,14,471,503,974,974,719,0.7381930184804928
2020-11-21,35,29,64,29,27,56,55,64,119,59,61,120,48,52,100,37,43,80,36,32,68,23,21,44,9,12,21,3,9,12,334,350,684,684,598,0.8742690058479532
2020-11-22,28,26,54,25,24,49,58,56,114,45,63,108,53,48,101,25,24,49,23,45,68,22,15,37,9,21,30,1,8,9,289,330,619,619,477,0.7705977382875606
2020-11-23,47,36,83,30,31,61,68,70,138,71,72,143,62,49,111,44,46,90,40,42,82,20,28,48,18,28,46,6,13,19,406,415,821,821,659,0.8026796589524969
2020-11-24,40,44,84,47,41,88,88,89,177,107,89,196,75,65,140,55,59,114,53,47,100,32,42,74,25,34,59,3,6,9,525,516,1041,1041,825,0.792507204610951
2020-11-25,52,48,100,50,41,91,99,84,183,101,99,200,71,64,135,53,48,101,49,46,95,24,31,55,18,25,43,5,9,14,522,495,1017,1017,694,0.6823992133726647
2020-11-26,40,40,80,48,49,97,99,107,206,99,110,209,56,83,139,67,61,128,59,48,107,34,44,78,17,29,46,8,11,19,527,582,1109,1109,804,0.7249774571686204
2020-11-27,18,33,51,28,23,51,83,97,180,69,75,144,55,44,99,55,49,104,33,38,71,28,34,62,12,33,45,6,5,11,387,431,818,818,591,0.7224938875305623
2020-11-28,46,24,70,30,29,59,70,65,135,50,72,122,45,53,98,51,48,99,22,33,55,21,29,50,12,28,40,2,4,6,349,385,734,734,511,0.6961852861035422
2020-11-29,34,36,70,21,37,58,76,83,159,65,81,146,64,49,113,45,43,88,40,40,80,19,27,46,16,12,28,2,7,9,382,415,797,797,615,0.7716436637390214
2020-11-30,48,40,88,53,41,94,128,135,263,110,110,220,94,81,175,53,72,125,62,62,124,37,49,86,20,35,55,7,8,15,612,633,1245,1244,861,0.6921221864951769
2020-12-01,34,42,76,33,51,84,112,99,211,85,105,190,77,84,161,39,51,90,49,67,116,38,45,83,19,29,48,2,4,6,488,577,1065,1065,701,0.6582159624413145
2020-12-02,22,19,41,27,28,55,62,69,131,60,84,144,59,65,124,36,41,77,26,29,55,31,30,61,13,19,32,6,9,15,342,393,735,735,294,0.4
2020-12-03,34,43,77,42,35,77,84,117,201,104,118,222,81,78,159,52,54,106,54,63,117,34,31,65,14,20,34,3,11,14,502,570,1072,1072,254,0.23694029850746268
2020-12-04,35,37,72,37,48,85,90,83,173,88,90,178,76,79,155,64,69,133,53,56,109,38,39,77,18,28,46,7,10,17,506,539,1045,1045,339,0.3244019138755981
2020-12-05,29,30,59,33,32,65,76,68,144,82,68,150,47,45,92,36,39,75,26,27,53,19,21,40,11,21,32,5,7,12,364,358,722,722,373,0.5166204986149584
2020-12-06,24,25,49,33,21,54,54,54,108,57,44,101,36,54,90,24,35,59,29,28,57,26,29,55,16,15,31,1,3,4,300,308,608,608,241,0.3963815789473684
2020-12-07,18,37,55,35,27,62,78,86,164,74,75,149,54,59,113,38,46,84,29,31,60,23,37,60,11,19,30,4,5,9,364,422,786,786,219,0.2786259541984733
2020-12-08,33,38,71,23,30,53,72,73,145,74,76,150,46,42,88,51,48,99,36,37,73,20,33,53,6,19,25,5,4,9,366,400,766,766,240,0.3133159268929504
2020-12-09,37,32,69,34,43,77,118,129,247,132,127,259,104,81,185,93,87,180,78,80,158,47,60,107,15,34,49,3,17,20,661,690,1351,1351,441,0.32642487046632124
2020-12-10,43,41,84,67,70,137,137,136,273,140,168,308,95,104,199,110,110,220,84,77,161,41,34,75,17,42,59,6,10,16,740,792,1532,1532,311,0.20300261096605743
2020-12-11,33,42,75,45,50,95,149,153,302,152,167,319,107,114,221,108,106,214,92,108,200,51,47,98,19,28,47,1,8,9,757,823,1580,1580,311,0.19683544303797468
2020-12-12,33,35,68,54,40,94,114,116,230,116,135,251,106,107,213,95,80,175,59,96,155,38,58,96,11,23,34,2,8,10,628,698,1326,1326,329,0.24811463046757165
2020-12-13,33,30,63,38,48,86,88,110,198,109,121,230,88,89,177,95,77,172,68,54,122,34,31,65,11,22,33,6,4,10,570,586,1156,1156,194,0.16782006920415224
2020-12-14,51,42,93,48,51,99,135,144,279,149,141,290,108,125,233,106,104,210,83,104,187,54,58,112,20,32,52,9,12,21,763,813,1576,1576,390,0.24746192893401014
2020-12-15,36,38,74,56,53,109,115,138,253,141,153,294,103,94,197,98,110,208,96,93,189,47,45,92,12,18,30,1,12,13,705,754,1459,1458,327,0.2242798353909465
2020-12-16,24,36,60,61,73,134,144,177,321,191,198,389,119,152,271,127,113,240,123,108,231,59,62,121,21,21,42,4,11,15,873,951,1824,1824,384,0.21052631578947367
2020-12-17,45,49,94,71,64,135,147,177,324,204,213,417,157,149,306,120,117,237,63,93,156,45,38,83,10,24,34,3,7,10,865,931,1796,1796,389,0.21659242761692651
2020-12-18,58,42,100,81,97,178,173,187,360,202,221,423,164,160,324,137,154,291,148,144,292,91,75,166,15,48,63,5,7,12,1074,1135,2209,2209,510,0.23087369850611136
2020-12-19,44,34,78,63,65,128,131,158,289,216,208,424,135,134,269,110,117,227,99,125,224,47,64,111,15,26,41,3,5,8,863,936,1799,1799,447,0.24847137298499167
2020-12-20,34,51,85,75,73,148,145,151,296,218,206,424,155,163,318,137,145,282,116,120,236,50,50,100,12,16,28,3,7,10,945,982,1927,1927,258,0.13388687078360145
2020-12-21,56,53,109,89,66,155,199,179,378,242,253,495,181,165,346,145,144,289,131,148,279,64,76,140,14,38,52,5,8,13,1126,1130,2256,2256,409,0.18129432624113476
2020-12-22,52,57,109,93,84,177,214,214,428,246,273,519,208,192,400,154,146,300,161,161,322,71,57,128,19,30,49,4,5,9,1222,1219,2441,2441,421,0.1724702990577632
2020-12-23,62,55,117,102,82,184,229,224,453,277,254,531,180,209,389,155,142,297,120,138,258,61,63,124,25,38,63,6,14,20,1217,1219,2436,2436,473,0.19417077175697867
2020-12-24,33,38,71,48,57,105,129,123,252,176,157,333,119,101,220,76,84,160,66,79,145,44,35,79,5,22,27,3,4,7,699,700,1399,1399,368,0.26304503216583275
2020-12-25,14,15,29,18,18,36,39,26,65,43,49,92,30,26,56,20,29,49,14,19,33,14,7,21,7,13,20,3,4,7,202,206,408,408,252,0.6176470588235294
2020-12-26,49,41,90,94,105,199,163,201,364,264,230,494,158,184,342,129,139,268,82,103,185,43,55,98,18,31,49,1,12,13,1001,1101,2102,2102,420,0.19980970504281637
2020-12-27,34,28,62,117,98,215,177,145,322,247,212,459,214,183,397,143,156,299,128,125,253,55,66,121,25,36,61,3,11,14,1143,1060,2203,2203,245,0.1112119836586473
2020-12-28,60,51,111,131,141,272,265,274,539,382,358,740,253,267,520,196,214,410,135,166,301,65,81,146,26,46,72,3,16,19,1516,1614,3130,3130,470,0.1501597444089457
2020-12-29,48,50,98,125,136,261,261,274,535,290,262,552,227,233,460,165,156,321,131,152,283,71,80,151,22,52,74,8,15,23,1348,1410,2758,2758,424,0.15373459028281364
2020-12-30,51,38,89,132,148,280,285,237,522,348,311,659,221,227,448,175,210,385,134,145,279,69,75,144,25,43,68,4,12,16,1444,1446,2890,2889,608,0.2104534440983039
2020-12-31,34,35,69,92,90,182,213,176,389,194,235,429,161,177,338,114,107,221,62,79,141,35,53,88,12,28,40,0,7,7,917,987,1904,1904,363,0.19065126050420167
2021-01-01,17,11,28,22,26,48,31,38,69,43,48,91,37,32,69,27,35,62,18,21,39,17,16,33,5,17,22,1,4,5,218,248,466,466,187,0.4012875536480687
2021-01-02,49,35,84,82,105,187,184,183,367,222,226,448,162,164,326,113,158,271,140,123,263,61,61,122,14,36,50,3,8,11,1030,1099,2129,2129,402,0.18882104274307188
2021-01-03,33,35,68,147,130,277,267,270,537,331,333,664,228,282,510,181,215,396,158,169,327,73,94,167,19,34,53,3,6,9,1440,1568,3008,3008,322,0.10704787234042554
2021-01-04,48,49,97,119,101,220,339,353,692,361,399,760,272,279,551,183,223,406,145,156,301,94,86,180,33,53,86,3,13,16,1597,1712,3309,3309,487,0.14717437292233304
2021-01-05,39,48,87,143,127,270,359,383,742,380,397,777,282,283,565,187,220,407,163,231,394,85,102,187,26,52,78,4,11,15,1668,1854,3522,3521,487,0.1383129792672536
2021-01-06,46,39,85,164,153,317,361,331,692,372,363,735,306,298,604,227,232,459,170,196,366,99,106,205,29,56,85,4,19,23,1778,1793,3571,3570,496,0.13893557422969188
2021-01-07,44,44,88,105,129,234,273,270,543,319,302,621,235,224,459,154,185,339,133,146,279,67,100,167,25,47,72,2,9,11,1357,1456,2813,2813,512,0.18201208674013508
2021-01-08,53,41,94,121,148,269,299,275,574,272,305,577,193,254,447,154,179,333,105,139,244,66,102,168,27,37,64,7,9,16,1297,1489,2786,2785,555,0.1992818671454219
2021-01-09,32,38,70,104,116,220,204,249,453,312,313,625,194,220,414,163,171,334,98,151,249,51,69,120,20,37,57,0,12,12,1178,1376,2554,2553,399,0.1562867215041128
2021-01-10,43,45,88,119,137,256,234,231,465,263,320,583,208,219,427,138,168,306,115,94,209,43,70,113,12,32,44,1,10,11,1176,1326,2502,2502,287,0.11470823341326938
2021-01-11,56,41,97,152,153,305,327,330,657,329,378,707,252,260,512,184,191,375,124,166,290,71,73,144,21,39,60,1,7,8,1517,1638,3155,3155,479,0.15182250396196514
2021-01-12,62,37,99,123,123,246,269,309,578,270,285,555,207,222,429,148,191,339,124,118,242,51,61,112,27,29,56,3,9,12,1284,1384,2668,2667,403,0.151106111736033
2021-01-13,70,62,132,146,160,306,336,314,650,297,299,596,244,232,476,175,210,385,134,161,295,68,73,141,20,48,68,6,4,10,1496,1563,3059,3059,417,0.13631905851585485
2021-01-14,54,52,106,148,145,293,286,317,603,294,322,616,208,241,449,181,224,405,124,154,278,62,69,131,19,36,55,3,6,9,1379,1566,2945,2945,510,0.1731748726655348
2021-01-15,56,52,108,248,227,475,350,371,721,425,430,855,334,314,648,265,276,541,152,179,331,69,95,164,23,43,66,3,10,13,1925,1997,3922,3922,539,0.13742988271290157
2021-01-16,32,29,61,242,241,483,308,336,644,393,402,795,355,358,713,273,252,525,166,188,354,101,102,203,23,36,59,2,11,13,1895,1955,3850,3850,378,0.09818181818181818
2021-01-17,38,21,59,210,211,421,292,361,653,335,343,678,341,384,725,231,241,472,121,153,274,65,69,134,20,26,46,2,2,4,1655,1811,3466,3466,321,0.0926139642238892
2021-01-18,52,51,103,271,280,551,397,400,797,432,433,865,397,380,777,315,298,613,207,237,444,95,117,212,28,48,76,3,9,12,2197,2253,4450,4450,420,0.09438202247191012
2021-01-19,57,43,100,254,224,478,393,380,773,418,416,834,387,394,781,258,302,560,198,229,427,99,120,219,20,47,67,7,16,23,2091,2171,4262,4262,312,0.07320506804317221
2021-01-20,54,51,105,257,250,507,357,377,734,374,360,734,352,355,707,288,301,589,220,235,455,110,124,234,24,46,70,8,14,22,2044,2113,4157,4157,343,0.08251142650950205
2021-01-21,58,50,108,168,204,372,310,312,622,276,317,593,252,291,543,191,277,468,170,156,326,74,87,161,37,38,75,8,12,20,1544,1744,3288,3288,449,0.1365571776155718
2021-01-22,46,50,96,205,175,380,255,288,543,256,273,529,249,277,526,193,211,404,141,160,301,69,89,158,17,43,60,3,3,6,1434,1569,3003,3003,358,0.11921411921411922
2021-01-23,35,29,64,190,177,367,283,283,566,263,291,554,239,205,444,198,212,410,100,120,220,46,59,105,14,28,42,2,7,9,1370,1411,2781,2781,418,0.15030564545127653
2021-01-24,29,31,60,218,203,421,309,297,606,279,287,566,289,282,571,220,213,433,137,144,281,54,70,124,21,32,53,2,6,8,1558,1565,3123,3123,214,0.06852385526737112
2021-01-25,55,68,123,276,243,519,401,403,804,340,380,720,333,349,682,240,271,511,189,192,381,89,103,192,28,56,84,6,11,17,1957,2076,4033,4033,322,0.07984130919910737
2021-01-26,67,55,122,269,226,495,334,316,650,312,296,608,284,301,585,217,257,474,155,180,335,77,91,168,28,56,84,4,16,20,1747,1794,3541,3541,388,0.10957356678904265
2021-01-27,65,55,120,207,215,422,316,309,625,306,322,628,268,302,570,202,244,446,147,143,290,62,78,140,31,42,73,2,18,20,1606,1728,3334,3334,294,0.08818236352729454
2021-01-28,57,55,112,184,164,348,260,266,526,272,272,544,215,221,436,171,208,379,132,152,284,71,90,161,28,44,72,5,14,19,1395,1486,2881,2881,359,0.12460951058660187
2021-01-29,44,57,101,254,231,485,343,315,658,347,375,722,307,337,644,245,265,510,184,227,411,78,116,194,24,57,81,4,9,13,1830,1989,3819,3818,518,0.1356731272917758
2021-01-30,33,22,55,331,316,647,295,325,620,359,400,759,388,425,813,302,324,626,169,228,397,86,110,196,19,45,64,3,8,11,1985,2203,4188,4188,299,0.07139446036294174
2021-01-31,29,25,54,463,462,925,394,390,784,462,471,933,578,600,1178,401,422,823,204,226,430,86,109,195,24,41,65,2,11,13,2643,2757,5400,5400,179,0.03314814814814815
2021-02-01,46,47,93,376,445,821,365,421,786,429,474,903,494,492,986,417,399,816,237,286,523,78,141,219,36,47,83,2,10,12,2480,2762,5242,5242,331,0.06314383822968332
2021-02-02,43,40,83,311,337,648,347,343,690,389,444,833,491,525,1016,364,378,742,256,277,533,144,163,307,35,49,84,5,12,17,2385,2568,4953,4953,270,0.054512416717141125
2021-02-03,44,48,92,277,245,522,309,359,668,361,379,740,390,403,793,290,317,607,225,246,471,113,148,261,34,55,89,4,11,15,2047,2211,4258,4258,305,0.07162987317989666
2021-02-04,55,45,100,161,151,312,245,276,521,267,291,558,228,299,527,207,239,446,133,197,330,69,111,180,23,42,65,3,16,19,1391,1667,3058,3058,301,0.09843034663178549
2021-02-05,50,45,95,167,157,324,246,248,494,252,266,518,224,228,452,172,201,373,140,178,318,74,87,161,16,47,63,2,7,9,1343,1464,2807,2807,427,0.15211970074812967
2021-02-06,27,28,55,178,174,352,217,232,449,237,306,543,226,256,482,202,219,421,118,144,262,50,86,136,17,31,48,0,8,8,1272,1484,2756,2756,293,0.10631349782293179
2021-02-07,32,37,69,181,174,355,198,227,425,256,282,538,231,252,483,188,223,411,112,116,228,63,65,128,16,24,40,7,5,12,1284,1405,2689,2689,171,0.06359241353663071
2021-02-08,49,43,92,245,284,529,309,333,642,356,399,755,392,419,811,247,289,536,160,201,361,76,108,184,27,57,84,4,16,20,1865,2149,4014,4014,361,0.08993522670652715
2021-02-09,46,30,76,208,221,429,275,293,568,378,356,734,319,347,666,270,272,542,199,203,402,86,110,196,31,62,93,5,14,19,1817,1908,3725,3725,270,0.07248322147651007
2021-02-10,47,30,77,160,159,319,244,272,516,278,336,614,296,286,582,167,229,396,150,167,317,85,92,177,29,37,66,0,10,10,1456,1618,3074,3074,241,0.07839947950553025
2021-02-11,50,40,90,141,168,309,204,256,460,296,292,588,249,278,527,176,220,396,145,156,301,73,78,151,26,48,74,4,10,14,1364,1546,2910,2910,219,0.07525773195876288
2021-02-12,49,35,84,175,179,354,213,218,431,297,307,604,268,307,575,173,207,380,136,184,320,76,88,164,25,45,70,2,13,15,1414,1583,2997,2997,376,0.1254587921254588
2021-02-13,26,23,49,211,231,442,218,242,460,335,336,671,310,371,681,201,232,433,139,161,300,53,78,131,19,35,54,2,11,13,1514,1720,3234,3234,305,0.0943104514533086
2021-02-14,23,20,43,187,216,403,175,237,412,327,375,702,367,389,756,200,238,438,158,157,315,61,108,169,15,22,37,2,13,15,1515,1775,3290,3289,190,0.057768318637883856
2021-02-15,25,34,59,269,285,554,267,280,547,387,423,810,452,466,918,293,287,580,155,187,342,67,105,172,16,46,62,2,12,14,1933,2125,4058,4058,242,0.05963528831936915
2021-02-16,28,23,51,279,247,526,351,376,727,447,512,959,418,473,891,280,242,522,146,140,286,64,84,148,13,36,49,7,6,13,2033,2139,4172,4172,277,0.06639501438159157
2021-02-17,34,46,80,191,204,395,423,436,859,414,423,837,319,344,663,230,267,497,204,215,419,92,111,203,21,53,74,5,14,19,1933,2113,4046,4046,269,0.06648541769649036
2021-02-18,33,42,75,163,184,347,344,367,711,367,399,766,294,326,620,245,249,494,157,204,361,83,113,196,28,45,73,3,6,9,1717,1935,3652,3652,331,0.09063526834611171
2021-02-19,49,36,85,149,174,323,316,320,636,321,362,683,277,313,590,220,255,475,162,200,362,88,115,203,20,44,64,4,9,13,1606,1828,3434,3434,360,0.10483401281304601
2021-02-20,40,26,66,130,162,292,271,284,555,285,327,612,269,298,567,195,248,443,118,200,318,60,78,138,23,38,61,3,3,6,1394,1664,3058,3058,252,0.08240680183126227
2021-02-21,40,27,67,141,163,304,230,287,517,299,324,623,250,277,527,146,203,349,137,164,301,57,73,130,21,32,53,4,9,13,1325,1559,2884,2884,210,0.07281553398058252
2021-02-22,53,65,118,141,185,326,287,330,617,315,384,699,285,308,593,214,236,450,150,198,348,75,100,175,40,37,77,3,5,8,1563,1848,3411,3411,305,0.08941659337437702
2021-02-23,65,46,111,138,141,279,252,273,525,288,322,610,237,276,513,199,222,421,155,185,340,86,114,200,30,42,72,7,15,22,1457,1636,3093,3093,280,0.09052699644358228
2021-02-24,41,66,107,139,156,295,199,233,432,261,273,534,174,241,415,165,187,352,168,161,329,78,96,174,22,43,65,3,9,12,1250,1465,2715,2715,238,0.08766114180478822
2021-02-25,75,65,140,106,116,222,219,233,452,214,229,443,204,190,394,142,175,317,115,155,270,65,93,158,19,36,55,4,16,20,1163,1308,2471,2471,241,0.09753136382031566
2021-02-26,56,53,109,112,118,230,221,266,487,269,247,516,203,234,437,158,189,347,128,190,318,60,90,150,20,36,56,2,17,19,1229,1440,2669,2669,242,0.0906706631697265
2021-02-27,32,31,63,116,150,266,195,236,431,270,297,567,192,206,398,179,220,399,162,188,350,67,89,156,20,48,68,1,7,8,1234,1472,2706,2706,283,0.10458240946045824
2021-02-28,32,34,66,157,169,326,250,305,555,336,381,717,274,290,564,254,317,571,209,225,434,111,121,232,21,41,62,3,9,12,1647,1892,3539,3539,233,0.06583780729019496
2021-03-01,79,69,148,99,130,229,233,233,466,278,252,530,215,196,411,122,165,287,134,157,291,68,109,177,23,42,65,5,14,19,1256,1367,2623,2623,358,0.136484940907358
2021-03-02,87,74,161,135,120,255,211,221,432,219,249,468,189,185,374,150,195,345,107,144,251,73,66,139,33,38,71,3,7,10,1207,1299,2506,2506,231,0.09217877094972067
2021-03-03,88,63,151,107,92,199,151,200,351,210,190,400,152,167,319,145,174,319,151,175,326,75,105,180,15,31,46,0,15,15,1094,1212,2306,2306,289,0.12532523850823937
2021-03-04,69,70,139,93,116,209,168,171,339,194,182,376,140,151,291,105,160,265,118,172,290,66,106,172,21,37,58,6,13,19,980,1178,2158,2158,293,0.13577386468952735
2021-03-05,62,61,123,91,101,192,168,217,385,218,217,435,145,142,287,124,166,290,127,138,265,67,87,154,18,35,53,0,6,6,1020,1170,2190,2190,303,0.13835616438356163
2021-03-06,40,44,84,73,79,152,165,161,326,181,183,364,133,148,281,92,137,229,93,94,187,46,65,111,21,27,48,2,6,8,846,944,1790,1790,215,0.12011173184357542
2021-03-07,39,38,77,79,75,154,145,185,330,187,193,380,103,158,261,115,147,262,119,148,267,46,71,117,21,34,55,3,4,7,857,1053,1910,1909,158,0.08276584599266631
2021-03-08,73,78,151,106,123,229,175,222,397,220,238,458,171,176,347,177,192,369,166,177,343,78,89,167,22,44,66,3,11,14,1191,1350,2541,2539,234,0.09216226860968886
2021-03-09,96,104,200,101,106,207,175,170,345,217,228,445,194,180,374,159,175,334,135,213,348,93,103,196,23,33,56,4,7,11,1197,1319,2516,2516,250,0.09936406995230525
2021-03-10,107,91,198,109,96,205,180,181,361,230,226,456,147,157,304,136,175,311,131,142,273,73,107,180,19,46,65,4,9,13,1136,1230,2366,2366,357,0.15088757396449703
2021-03-11,84,92,176,77,102,179,144,187,331,174,182,356,108,141,249,100,125,225,99,131,230,56,72,128,25,31,56,1,15,16,868,1078,1946,1946,363,0.18653648509763618
2021-03-12,100,100,200,110,122,232,157,195,352,211,228,439,149,172,321,124,179,303,124,155,279,75,90,165,23,43,66,4,12,16,1077,1296,2373,2372,409,0.1724283305227656
2021-03-13,73,48,121,73,82,155,179,178,357,219,216,435,144,141,285,120,160,280,146,151,297,51,70,121,11,38,49,5,3,8,1021,1087,2108,2108,343,0.1627134724857685
2021-03-14,55,76,131,65,80,145,150,196,346,204,233,437,140,145,285,136,180,316,148,170,318,55,94,149,20,27,47,4,9,13,977,1210,2187,2187,228,0.10425240054869685
2021-03-15,143,111,254,119,125,244,189,234,423,226,258,484,191,214,405,176,188,364,166,180,346,84,123,207,18,46,64,4,15,19,1316,1494,2810,2810,362,0.1288256227758007
2021-03-16,113,116,229,104,123,227,162,196,358,230,238,468,161,143,304,149,183,332,126,166,292,72,101,173,13,43,56,5,15,20,1135,1324,2459,2459,281,0.1142740951606344
2021-03-17,81,94,175,105,100,205,174,211,385,170,171,341,127,152,279,136,155,291,132,148,280,58,88,146,18,39,57,2,13,15,1003,1171,2174,2173,281,0.12931431201104465
2021-03-18,91,74,165,72,90,162,144,170,314,182,157,339,120,135,255,92,125,217,95,124,219,61,77,138,17,29,46,3,8,11,877,989,1866,1866,282,0.15112540192926044
2021-03-19,97,83,180,114,113,227,151,195,346,186,197,383,121,140,261,110,146,256,102,147,249,62,66,128,14,26,40,5,8,13,962,1121,2083,2083,418,0.20067210753720596
2021-03-20,38,44,82,73,81,154,130,135,265,145,173,318,108,129,237,107,138,245,95,97,192,56,61,117,17,26,43,3,7,10,772,891,1663,1661,282,0.16977724262492475
2021-03-21,59,57,116,73,79,152,146,147,293,182,171,353,116,118,234,113,142,255,91,125,216,33,63,96,17,27,44,3,9,12,833,938,1771,1771,207,0.11688311688311688
2021-03-22,90,97,187,112,97,209,164,212,376,198,214,412,163,154,317,159,172,331,121,150,271,67,78,145,23,48,71,4,21,25,1101,1243,2344,2344,394,0.1680887372013652
2021-03-23,99,98,197,123,113,236,179,202,381,173,183,356,147,127,274,145,162,307,123,160,283,69,91,160,23,28,51,1,11,12,1082,1175,2257,2257,344,0.15241470979175897
2021-03-24,56,63,119,87,83,170,118,125,243,140,172,312,97,120,217,95,116,211,63,99,162,45,71,116,11,33,44,1,5,6,713,887,1600,1600,282,0.17625
2021-03-25,75,79,154,101,104,205,151,180,331,181,179,360,150,170,320,110,142,252,98,122,220,53,64,117,27,29,56,3,4,7,949,1073,2022,2022,300,0.14836795252225518
2021-03-26,99,93,192,118,125,243,172,189,361,209,188,397,146,163,309,108,155,263,89,136,225,64,75,139,22,34,56,2,10,12,1029,1168,2197,2197,401,0.18252162039144287
2021-03-27,77,66,143,56,69,125,147,137,284,190,181,371,127,142,269,112,138,250,114,126,240,42,64,106,14,32,46,5,5,10,884,960,1844,1844,384,0.20824295010845986
2021-03-28,58,39,97,54,78,132,112,132,244,147,173,320,134,133,267,103,135,238,86,128,214,42,42,84,17,22,39,2,5,7,755,887,1642,1642,270,0.16443361753958588
2021-03-29,94,80,174,126,103,229,160,188,348,184,208,392,167,173,340,138,143,281,103,148,251,50,53,103,17,30,47,1,11,12,1040,1137,2177,2177,375,0.17225539733578318
2021-03-30,79,78,157,105,109,214,132,145,277,175,174,349,133,156,289,110,121,231,93,129,222,37,56,93,19,29,48,5,8,13,888,1005,1893,1892,329,0.17389006342494714
2021-03-31,72,67,139,82,66,148,141,161,302,161,169,330,109,135,244,70,113,183,54,74,128,26,43,69,16,23,39,2,9,11,733,860,1593,1593,358,0.22473320778405526
2021-04-01,60,61,121,86,83,169,154,170,324,171,166,337,122,133,255,95,127,222,84,106,190,38,53,91,13,16,29,2,9,11,825,924,1749,1749,421,0.24070897655803317
2021-04-02,76,51,127,82,94,176,134,142,276,176,150,326,128,115,243,96,121,217,70,83,153,42,34,76,13,12,25,3,5,8,820,807,1627,1627,360,0.2212661339889367
2021-04-03,47,58,105,75,90,165,132,141,273,158,177,335,130,136,266,103,129,232,100,91,191,33,52,85,16,35,51,4,4,8,798,913,1711,1711,482,0.28170660432495614
2021-04-04,66,53,119,144,139,283,184,212,396,233,262,495,170,201,371,113,155,268,77,106,183,31,48,79,16,24,40,1,7,8,1035,1207,2242,2242,385,0.17172167707404104
2021-04-05,86,89,175,186,192,378,250,277,527,287,270,557,226,262,488,165,201,366,108,147,255,50,59,109,12,36,48,5,9,14,1375,1542,2917,2917,447,0.15323962975659924
2021-04-06,87,113,200,158,158,316,300,247,547,277,315,592,229,226,455,151,186,337,115,176,291,68,96,164,24,36,60,3,13,16,1412,1566,2978,2978,573,0.19241101410342512
2021-04-07,104,93,197,176,171,347,269,273,542,270,306,576,240,233,473,159,202,361,97,164,261,60,83,143,13,40,53,1,8,9,1389,1573,2962,2959,486,0.16424467725582967
2021-04-08,92,83,175,141,139,280,204,256,460,258,286,544,182,190,372,132,169,301,106,136,242,51,68,119,18,30,48,1,13,14,1185,1370,2555,2555,600,0.23483365949119372
2021-04-09,82,72,154,97,110,207,133,188,321,167,175,342,152,148,300,101,123,224,73,95,168,37,49,86,9,23,32,3,8,11,854,991,1845,1844,541,0.2933839479392625
2021-04-10,49,52,101,108,122,230,182,171,353,195,178,373,126,141,267,109,127,236,80,87,167,17,37,54,7,15,22,1,3,4,874,933,1807,1806,354,0.19601328903654486
2021-04-11,52,55,107,75,97,172,130,130,260,149,180,329,143,145,288,100,108,208,81,83,164,23,37,60,12,23,35,2,5,7,767,863,1630,1630,301,0.18466257668711655
2021-04-12,85,80,165,138,130,268,158,192,350,208,235,443,164,199,363,130,199,329,102,120,222,31,55,86,12,28,40,1,12,13,1029,1250,2279,2277,394,0.17303469477382522
2021-04-13,96,65,161,92,91,183,172,158,330,214,207,421,153,169,322,126,133,259,71,83,154,45,32,77,8,17,25,3,8,11,980,963,1943,1943,387,0.19917653113741637
2021-04-14,86,73,159,87,76,163,117,134,251,138,132,270,94,119,213,78,98,176,102,95,197,40,61,101,15,21,36,5,5,10,762,814,1576,1575,484,0.3073015873015873
2021-04-15,97,82,179,111,130,241,205,212,417,219,203,422,212,200,412,139,188,327,88,106,194,31,48,79,15,26,41,2,8,10,1119,1203,2322,2321,455,0.19603619129685482
2021-04-16,90,82,172,93,104,197,213,204,417,234,248,482,176,193,369,151,193,344,120,149,269,32,52,84,9,26,35,1,9,10,1119,1260,2379,2378,417,0.1753574432296047
2021-04-17,85,73,158,100,94,194,170,150,320,225,186,411,167,170,337,119,140,259,93,99,192,35,61,96,14,32,46,3,5,8,1011,1010,2021,2021,432,0.21375556655121228
2021-04-18,52,62,114,68,60,128,130,139,269,156,180,336,156,138,294,116,121,237,96,89,185,32,42,74,22,21,43,3,7,10,831,859,1690,1690,281,0.16627218934911242
2021-04-19,100,77,177,112,117,229,226,209,435,236,245,481,199,187,386,155,174,329,121,126,247,40,65,105,8,38,46,4,13,17,1201,1251,2452,2452,380,0.15497553017944535
2021-04-20,101,107,208,109,98,207,167,183,350,182,198,380,173,186,359,138,135,273,119,145,264,48,54,102,24,32,56,4,9,13,1065,1147,2212,2212,397,0.1794755877034358
2021-04-21,95,71,166,91,74,165,161,144,305,172,166,338,134,147,281,111,124,235,97,111,208,42,39,81,13,43,56,2,6,8,918,925,1843,1843,372,0.20184481823114486
2021-04-22,108,88,196,124,106,230,171,172,343,207,232,439,190,224,414,143,157,300,100,137,237,46,71,117,15,41,56,1,9,10,1105,1237,2342,2341,372,0.15890645023494232
2021-04-23,92,84,176,88,102,190,195,196,391,230,231,461,188,216,404,147,194,341,101,140,241,51,66,117,16,24,40,4,6,10,1112,1259,2371,2370,312,0.13164556962025317
2021-04-24,50,41,91,43,35,78,47,63,110,72,72,144,65,85,150,39,45,84,26,31,57,26,40,66,6,22,28,2,16,18,376,450,826,826,255,0.30871670702179177
2021-04-25,68,66,134,78,70,148,103,129,232,153,143,296,141,129,270,117,124,241,77,78,155,31,33,64,10,23,33,0,3,3,778,798,1576,1575,210,0.13333333333333333
2021-04-26,96,101,197,112,111,223,182,176,358,210,215,425,179,193,372,169,164,333,106,114,220,63,74,137,13,27,40,3,6,9,1133,1181,2314,2313,268,0.11586683960224817
2021-04-27,84,73,157,99,102,201,200,218,418,188,198,386,149,191,340,129,141,270,96,110,206,45,77,122,20,31,51,4,8,12,1014,1149,2163,2161,228,0.10550670985654789
2021-04-28,95,95,190,105,104,209,178,181,359,198,207,405,170,168,338,125,125,250,89,109,198,43,54,97,10,24,34,5,9,14,1018,1076,2094,2094,282,0.1346704871060172
2021-04-29,107,98,205,144,137,281,204,236,440,259,259,518,232,215,447,161,204,365,109,140,249,66,90,156,29,48,77,2,15,17,1313,1442,2755,2754,338,0.12273057371096587
2021-04-30,99,84,183,93,99,192,110,156,266,140,165,305,114,146,260,101,113,214,70,113,183,54,61,115,22,39,61,3,18,21,806,994,1800,1800,393,0.21833333333333332
2021-05-01,71,63,134,87,60,147,129,133,262,161,164,325,135,164,299,102,127,229,73,85,158,46,53,99,17,41,58,1,6,7,822,896,1718,1717,330,0.19219569015725102
2021-05-02,67,61,128,84,96,180,164,186,350,226,239,465,174,231,405,138,160,298,103,132,235,44,64,108,16,26,42,3,15,18,1019,1210,2229,2229,261,0.11709286675639301
2021-05-03,141,123,264,128,142,270,313,301,614,339,386,725,297,332,629,224,304,528,174,244,418,93,115,208,20,53,73,2,17,19,1731,2017,3748,3748,455,0.12139807897545357
2021-05-04,112,98,210,138,159,297,282,264,546,341,330,671,258,253,511,214,272,486,147,200,347,95,124,219,25,45,70,1,17,18,1613,1762,3375,3375,292,0.08651851851851852
2021-05-05,124,104,228,127,120,247,253,285,538,295,314,609,243,235,478,177,212,389,130,134,264,79,84,163,34,40,74,7,14,21,1469,1542,3011,3009,299,0.09936856098371552
2021-05-06,93,109,202,175,169,344,256,327,583,298,319,617,277,265,542,200,231,431,126,147,273,71,85,156,29,46,75,4,21,25,1529,1719,3248,3248,412,0.1268472906403941
2021-05-07,119,113,232,181,166,347,274,343,617,299,356,655,281,319,600,183,255,438,139,163,302,67,97,164,19,31,50,3,6,9,1565,1849,3414,3414,397,0.11628588166373754
2021-05-08,55,68,123,79,73,152,160,174,334,207,203,410,141,150,291,103,126,229,67,77,144,43,36,79,20,28,48,1,11,12,876,946,1822,1822,291,0.1597145993413831
2021-05-09,76,72,148,77,88,165,137,156,293,170,195,365,157,171,328,101,129,230,74,84,158,50,63,113,18,23,41,9,2,11,869,983,1852,1852,211,0.11393088552915767
2021-05-10,120,111,231,133,138,271,293,270,563,319,311,630,257,310,567,219,219,438,160,173,333,82,105,187,29,49,78,1,9,10,1613,1695,3308,3307,342,0.10341699425461143
2021-05-11,109,93,202,128,124,252,201,214,415,260,256,516,205,204,409,149,171,320,138,146,284,68,91,159,24,33,57,5,8,13,1287,1340,2627,2627,340,0.12942519984773507
2021-05-12,103,89,192,119,111,230,185,237,422,255,222,477,217,224,441,170,168,338,117,142,259,49,73,122,18,40,58,5,11,16,1238,1317,2555,2555,412,0.16125244618395304
2021-05-13,134,85,219,99,102,201,233,269,502,231,278,509,216,200,416,134,184,318,108,125,233,48,75,123,20,49,69,1,5,6,1224,1372,2596,2595,399,0.15375722543352602
2021-05-14,124,126,250,123,171,294,288,315,603,337,345,682,227,316,543,202,231,433,130,175,305,65,87,152,32,42,74,5,8,13,1533,1816,3349,3349,410,0.1224246043595103
2021-05-15,90,99,189,99,129,228,184,233,417,230,276,506,192,237,429,156,158,314,98,125,223,39,48,87,19,33,52,1,14,15,1108,1352,2460,2460,365,0.1483739837398374
2021-05-16,72,75,147,78,96,174,149,142,291,188,208,396,177,192,369,135,152,287,94,101,195,43,49,92,15,34,49,1,14,15,952,1063,2015,2015,272,0.1349875930521092
2021-05-17,176,160,336,189,184,373,317,365,682,414,431,845,323,381,704,278,318,596,172,210,382,103,135,238,40,68,108,3,15,18,2015,2267,4282,4281,483,0.11282410651716888
2021-05-18,151,154,305,176,183,359,351,338,689,399,404,803,379,369,748,266,267,533,170,195,365,89,100,189,32,48,80,4,9,13,2017,2067,4084,4084,435,0.10651322233104799
2021-05-19,165,129,294,196,195,391,362,386,748,427,429,856,364,356,720,250,301,551,183,208,391,89,97,186,31,47,78,7,17,24,2074,2165,4239,4239,352,0.08303845246520405
2021-05-20,161,153,314,184,220,404,414,430,844,458,426,884,350,357,707,247,301,548,181,187,368,81,107,188,33,52,85,3,15,18,2112,2248,4360,4359,365,0.08373480155999083
2021-05-21,118,102,220,149,158,307,308,369,677,370,418,788,314,346,660,227,259,486,151,199,350,80,71,151,31,60,91,1,11,12,1749,1993,3742,3742,532,0.14216996258685194
2021-05-22,69,53,122,85,108,193,165,224,389,239,215,454,175,181,356,119,136,255,81,85,166,42,46,88,15,37,52,1,13,14,991,1098,2089,2089,440,0.2106270943034945
2021-05-23,68,57,125,64,91,155,140,150,290,173,185,358,151,143,294,110,144,254,68,98,166,44,36,80,12,47,59,9,14,23,839,965,1804,1804,280,0.15521064301552107
2021-05-24,100,73,173,116,143,259,254,230,484,283,309,592,238,285,523,208,262,470,126,166,292,77,90,167,24,42,66,3,11,14,1429,1611,3040,3040,308,0.1013157894736842
2021-05-25,76,61,137,97,104,201,241,255,496,242,280,522,230,226,456,198,205,403,116,138,254,64,72,136,18,36,54,5,9,14,1287,1386,2673,2672,255,0.09543413173652694
2021-05-26,113,96,209,158,164,322,335,324,659,341,339,680,306,320,626,278,292,570,147,195,342,87,100,187,28,67,95,7,7,14,1800,1904,3704,3704,336,0.09071274298056156
2021-05-27,94,95,189,113,124,237,254,291,545,318,313,631,229,219,448,210,253,463,124,146,270,85,84,169,24,37,61,1,15,16,1452,1577,3029,3028,378,0.12483487450462351
2021-05-28,108,98,206,152,192,344,321,338,659,347,362,709,315,355,670,301,324,625,169,226,395,75,99,174,28,47,75,4,12,16,1820,2053,3873,3873,360,0.09295120061967467
2021-05-29,73,71,144,83,104,187,200,230,430,259,245,504,231,224,455,143,184,327,97,119,216,48,69,117,19,43,62,5,13,18,1158,1302,2460,2460,314,0.12764227642276424
2021-05-30,42,50,92,68,74,142,180,201,381,202,203,405,187,161,348,108,144,252,73,83,156,31,53,84,14,28,42,3,9,12,908,1006,1914,1914,214,0.11180773249738767
2021-05-31,97,95,192,143,146,289,317,317,634,362,348,710,294,316,610,180,227,407,133,170,303,83,109,192,31,61,92,1,16,17,1641,1805,3446,3446,337,0.09779454439930355
2021-06-01,111,102,213,135,136,271,268,277,545,324,312,636,249,271,520,202,242,444,159,177,336,88,99,187,36,40,76,5,11,16,1577,1667,3244,3244,302,0.09309494451294698
2021-06-02,130,103,233,138,151,289,283,335,618,308,363,671,281,289,570,182,223,405,133,184,317,89,104,193,30,52,82,7,18,25,1581,1822,3403,3401,364,0.10702734489855925
2021-06-03,109,117,226,164,140,304,296,294,590,337,352,689,285,291,576,195,230,425,148,179,327,78,102,180,30,30,60,4,17,21,1646,1752,3398,3396,309,0.09098939929328621
2021-06-04,160,140,300,153,158,311,321,342,663,336,333,669,302,314,616,224,315,539,149,185,334,94,121,215,27,58,85,2,9,11,1768,1975,3743,3743,372,0.0993855196366551
2021-06-05,84,83,167,84,90,174,173,223,396,210,228,438,188,192,380,146,154,300,77,93,170,49,79,128,15,27,42,5,14,19,1031,1183,2214,2214,355,0.16034327009936766
2021-06-06,84,92,176,92,94,186,169,183,352,199,223,422,166,169,335,150,154,304,81,111,192,45,58,103,14,27,41,0,13,13,1000,1124,2124,2124,224,0.10546139359698682
2021-06-07,123,157,280,141,157,298,279,302,581,339,343,682,265,324,589,223,254,477,165,206,371,108,149,257,37,84,121,7,33,40,1687,2009,3696,3696,359,0.09713203463203464
2021-06-08,149,137,286,135,148,283,271,321,592,355,314,669,263,272,535,228,262,490,126,148,274,76,137,213,26,53,79,4,17,21,1633,1809,3442,3442,279,0.0810575246949448
2021-06-09,142,142,284,150,132,282,323,318,641,337,365,702,274,295,569,224,273,497,139,169,308,84,96,180,37,62,99,4,18,22,1714,1870,3584,3582,313,0.08738135120044668
2021-06-10,126,137,263,132,158,290,310,331,641,336,375,711,262,283,545,190,251,441,120,175,295,88,121,209,30,52,82,5,18,23,1599,1901,3500,3496,335,0.09582379862700229
2021-06-11,121,120,241,113,148,261,305,338,643,312,383,695,285,310,595,216,238,454,141,161,302,85,127,212,32,69,101,6,17,23,1616,1911,3527,3527,448,0.12702013042245536
2021-06-12,96,90,186,100,96,196,204,215,419,238,256,494,194,206,400,138,179,317,95,127,222,51,81,132,25,35,60,4,11,15,1145,1296,2441,2441,252,0.10323637853338796
2021-06-13,104,107,211,99,101,200,166,160,326,185,197,382,184,204,388,139,169,308,94,103,197,38,56,94,19,34,53,4,12,16,1032,1143,2175,2175,217,0.09977011494252873
2021-06-14,156,129,285,147,163,310,264,343,607,328,367,695,294,315,609,215,274,489,138,204,342,105,116,221,29,51,80,17,19,36,1693,1981,3674,3674,331,0.09009254218835057
2021-06-15,154,156,310,167,156,323,306,311,617,329,367,696,273,334,607,219,248,467,156,167,323,84,101,185,38,43,81,3,16,19,1729,1899,3628,3628,290,0.07993384785005513
2021-06-16,158,155,313,163,152,315,295,322,617,333,356,689,278,325,603,180,225,405,136,162,298,77,99,176,33,48,81,1,15,16,1654,1859,3513,3513,265,0.07543410190720182
2021-06-17,150,141,291,166,177,343,310,359,669,351,409,760,281,330,611,170,242,412,138,171,309,104,121,225,24,48,72,2,11,13,1696,2009,3705,3705,310,0.08367071524966262
2021-06-18,127,112,239,145,155,300,308,281,589,331,367,698,277,358,635,165,244,409,112,164,276,60,92,152,29,31,60,4,14,18,1558,1818,3376,3376,358,0.10604265402843602
2021-06-19,102,106,208,97,84,181,182,211,393,215,273,488,187,231,418,110,142,252,110,113,223,64,70,134,25,60,85,3,17,20,1095,1307,2402,2402,391,0.16278101582014987
2021-06-20,99,77,176,81,58,139,107,132,239,142,197,339,134,164,298,99,122,221,70,87,157,48,51,99,14,28,42,1,9,10,795,925,1720,1720,201,0.11686046511627907
2021-06-21,113,111,224,108,90,198,161,215,376,240,225,465,217,223,440,156,183,339,84,106,190,57,82,139,30,28,58,3,4,7,1169,1267,2436,2435,262,0.10759753593429158
2021-06-22,178,156,334,164,160,324,281,361,642,335,363,698,319,346,665,198,246,444,175,203,378,86,122,208,28,55,83,10,11,21,1774,2023,3797,3797,329,0.08664735317355807
2021-06-23,195,160,355,189,167,356,262,332,594,358,407,765,312,390,702,172,241,413,162,176,338,78,116,194,35,58,93,6,21,27,1769,2068,3837,3836,321,0.08368091762252346
2021-06-24,197,153,350,159,192,351,299,355,654,326,399,725,304,331,635,178,251,429,152,197,349,78,100,178,21,51,72,3,13,16,1717,2042,3759,3758,465,0.12373602980308675
2021-06-25,208,172,380,181,210,391,309,389,698,390,486,876,275,352,627,244,291,535,172,230,402,88,135,223,32,59,91,9,19,28,1908,2343,4251,4250,607,0.1428235294117647
2021-06-26,103,88,191,87,116,203,169,181,350,212,241,453,167,213,380,127,117,244,112,148,260,69,105,174,21,37,58,5,16,21,1072,1262,2334,2334,286,0.12253641816623821
2021-06-27,120,94,214,80,100,180,143,177,320,175,202,377,151,175,326,97,115,212,89,86,175,50,67,117,12,37,49,0,9,9,917,1062,1979,1979,256,0.12935826174835777
2021-06-28,138,115,253,88,85,173,149,205,354,226,236,462,172,207,379,135,133,268,100,92,192,60,80,140,31,32,63,2,15,17,1101,1200,2301,2300,347,0.1508695652173913
2021-06-29,145,180,325,151,165,316,262,325,587,314,332,646,231,281,512,181,191,372,141,146,287,88,86,174,23,57,80,2,27,29,1538,1790,3328,3328,365,0.10967548076923077
2021-06-30,186,178,364,187,165,352,287,359,646,364,387,751,286,294,580,166,270,436,119,183,302,75,92,167,31,47,78,5,17,22,1706,1992,3698,3698,342,0.09248242293131423
2021-07-01,134,138,272,156,167,323,279,307,586,292,389,681,218,283,501,169,226,395,113,163,276,79,92,171,29,53,82,4,14,18,1473,1832,3305,3304,394,0.11924939467312348
2021-07-02,188,157,345,206,181,387,291,356,647,330,426,756,218,340,558,184,256,440,135,189,324,83,104,187,23,48,71,4,13,17,1662,2070,3732,3731,434,0.11632270168855535
2021-07-03,115,121,236,116,137,253,180,232,412,247,279,526,191,246,437,131,148,279,116,125,241,48,76,124,18,37,55,7,15,22,1169,1416,2585,2585,374,0.14468085106382977
2021-07-04,113,150,263,108,97,205,138,201,339,184,221,405,148,178,326,126,168,294,84,110,194,38,73,111,13,34,47,4,11,15,956,1243,2199,2199,395,0.17962710322874034
2021-07-05,231,202,433,186,181,367,317,357,674,367,431,798,269,358,627,189,264,453,158,170,328,93,111,204,35,52,87,6,17,23,1851,2143,3994,3993,513,0.1284748309541698
2021-07-06,235,226,461,247,197,444,352,383,735,390,463,853,307,371,678,193,258,451,139,189,328,86,117,203,28,55,83,3,28,31,1980,2287,4267,4267,421,0.09866416686196391
2021-07-07,206,207,413,214,218,432,355,399,754,373,451,824,313,331,644,224,231,455,126,155,281,75,86,161,24,56,80,9,13,22,1919,2147,4066,4065,371,0.09126691266912669
2021-07-08,204,208,412,232,259,491,413,428,841,416,483,899,313,425,738,240,296,536,148,231,379,89,130,219,41,44,85,4,16,20,2100,2520,4620,4619,583,0.1262177960597532
2021-07-09,150,151,301,166,159,325,246,275,521,279,320,599,239,291,530,163,184,347,117,111,228,50,70,120,29,45,74,6,11,17,1445,1617,3062,3062,411,0.1342259960809928
2021-07-10,125,141,266,159,150,309,211,238,449,237,287,524,179,245,424,155,186,341,101,134,235,62,82,144,21,43,64,5,11,16,1255,1517,2772,2772,357,0.12878787878787878
2021-07-11,175,157,332,122,110,232,181,198,379,220,274,494,189,265,454,148,164,312,106,115,221,53,76,129,14,22,36,7,11,18,1215,1392,2607,2607,345,0.1323360184119678
2021-07-12,239,241,480,232,240,472,374,449,823,437,452,889,369,433,802,223,312,535,189,191,380,99,114,213,31,48,79,10,19,29,2203,2499,4702,4702,496,0.10548702679710761
2021-07-13,254,203,457,235,255,490,390,413,803,364,423,787,317,377,694,231,294,525,153,186,339,90,121,211,28,61,89,10,17,27,2072,2350,4422,4421,555,0.12553720877629496
2021-07-14,245,236,481,297,256,553,444,460,904,379,484,863,348,414,762,243,311,554,178,200,378,77,94,171,27,55,82,5,15,20,2243,2525,4768,4766,481,0.10092320604280319
2021-07-15,227,205,432,320,296,616,456,469,925,448,487,935,403,484,887,271,310,581,169,210,379,82,120,202,26,47,73,8,19,27,2410,2647,5057,5056,542,0.1071993670886076
2021-07-16,192,188,380,241,267,508,385,432,817,400,459,859,407,448,855,235,274,509,142,197,339,62,108,170,27,52,79,5,15,20,2096,2440,4536,4536,477,0.10515873015873016
2021-07-17,129,154,283,179,175,354,241,280,521,278,346,624,236,291,527,174,213,387,112,125,237,70,77,147,12,21,33,4,10,14,1435,1692,3127,3125,478,0.15296
2021-07-18,130,106,236,127,150,277,210,271,481,226,274,500,212,230,442,164,187,351,84,111,195,65,77,142,27,39,66,2,6,8,1247,1451,2698,2697,281,0.10418984056358917
2021-07-19,195,174,369,179,180,359,371,400,771,346,396,742,324,395,719,228,323,551,186,213,399,97,130,227,37,53,90,5,8,13,1968,2272,4240,4240,471,0.11108490566037736
2021-07-20,195,176,371,173,177,350,312,381,693,328,392,720,294,345,639,206,238,444,157,181,338,87,113,200,31,57,88,4,22,26,1787,2082,3869,3869,441,0.11398294132850866
2021-07-21,209,189,398,244,232,476,383,440,823,373,473,846,338,469,807,280,344,624,191,265,456,98,149,247,32,65,97,4,16,20,2152,2642,4794,4793,467,0.09743375756311287
2021-07-22,200,174,374,271,239,510,376,469,845,447,502,949,417,500,917,281,340,621,157,212,369,99,119,218,33,57,90,4,9,13,2285,2621,4906,4906,504,0.10273134936812067
2021-07-23,169,133,302,176,200,376,297,351,648,356,436,792,299,361,660,230,235,465,121,165,286,62,109,171,22,44,66,6,16,22,1738,2050,3788,3786,510,0.1347068145800317
2021-07-24,145,149,294,190,234,424,276,328,604,365,425,790,342,367,709,202,249,451,121,191,312,83,83,166,28,37,65,3,8,11,1755,2071,3826,3825,404,0.10562091503267974
2021-07-25,125,123,248,194,218,412,209,271,480,337,401,738,403,448,851,230,242,472,129,126,255,87,85,172,14,34,48,6,9,15,1734,1957,3691,3690,310,0.08401084010840108
2021-07-26,168,195,363,297,354,651,354,506,860,484,583,1067,473,571,1044,309,372,681,192,258,450,105,170,275,39,71,110,8,20,28,2429,3100,5529,5529,471,0.08518719479110147
2021-07-27,129,132,261,173,213,386,288,344,632,296,349,645,283,303,586,177,222,399,125,144,269,72,112,184,31,43,74,4,11,15,1578,1873,3451,3447,386,0.1119814331302582
2021-07-28,143,133,276,185,235,420,342,388,730,373,402,775,304,349,653,233,266,499,170,180,350,79,106,185,26,39,65,6,5,11,1861,2103,3964,3964,406,0.10242179616548941
2021-07-29,156,135,291,212,214,426,304,384,688,391,460,851,316,386,702,211,248,459,161,172,333,75,99,174,25,34,59,5,18,23,1856,2150,4006,4002,393,0.09820089955022489
2021-07-30,169,155,324,258,274,532,405,500,905,468,606,1074,400,550,950,311,401,712,204,261,465,83,147,230,35,63,98,8,13,21,2341,2970,5311,5309,613,0.11546430589564889
2021-07-31,171,173,344,237,280,517,275,369,644,432,538,970,480,553,1033,294,319,613,154,224,378,87,115,202,27,27,54,2,16,18,2159,2614,4773,4773,387,0.08108108108108109
2021-08-01,182,201,383,226,290,516,186,288,474,342,428,770,424,522,946,209,263,472,123,163,286,69,106,175,22,49,71,7,10,17,1790,2320,4110,4109,363,0.08834266244828426
2021-08-02,261,213,474,298,309,607,352,457,809,499,569,1068,470,595,1065,302,413,715,248,291,539,115,162,277,49,69,118,5,19,24,2599,3097,5696,5695,585,0.10272168568920105
2021-08-03,270,251,521,284,352,636,350,483,833,440,545,985,440,570,1010,311,407,718,214,309,523,142,180,322,33,66,99,5,17,22,2489,3180,5669,5668,554,0.09774170783345096
2021-08-04,256,217,473,236,248,484,365,419,784,415,481,896,313,410,723,217,314,531,190,226,416,82,139,221,27,52,79,2,19,21,2103,2525,4628,4627,549,0.11865139399178734
2021-08-05,267,295,562,276,336,612,471,569,1040,496,571,1067,447,548,995,317,400,717,205,255,460,107,146,253,36,64,100,8,15,23,2630,3199,5829,5825,570,0.09785407725321889
2021-08-06,315,257,572,380,349,729,501,599,1100,541,675,1216,460,583,1043,309,461,770,257,354,611,126,208,334,37,50,87,3,15,18,2929,3551,6480,6479,625,0.09646550393579256
2021-08-07,191,211,402,213,269,482,294,338,632,365,403,768,295,353,648,211,264,475,148,190,338,81,143,224,23,48,71,6,5,11,1827,2224,4051,4048,516,0.1274703557312253
2021-08-08,279,259,538,249,261,510,239,302,541,299,361,660,317,409,726,193,264,457,164,196,360,84,85,169,20,47,67,6,12,18,1850,2196,4046,4046,519,0.1282748393475037
2021-08-09,430,387,817,321,360,681,434,619,1053,552,630,1182,454,612,1066,353,442,795,241,299,540,135,148,283,42,64,106,13,18,31,2975,3579,6554,6553,624,0.09522356172745307
2021-08-10,476,436,912,418,431,849,478,661,1139,520,694,1214,464,620,1084,373,464,837,246,319,565,142,179,321,42,66,108,2,19,21,3161,3889,7050,7045,865,0.12278211497515969
2021-08-11,404,397,801,439,480,919,513,697,1210,595,708,1303,505,685,1190,341,461,802,236,300,536,126,152,278,50,72,122,9,24,33,3218,3976,7194,7193,684,0.09509245099402197
2021-08-12,403,395,798,417,461,878,477,625,1102,512,655,1167,497,642,1139,314,444,758,204,255,459,123,133,256,46,56,102,9,20,29,3002,3686,6688,6687,710,0.10617616270375355
2021-08-13,528,444,972,575,586,1161,553,791,1344,714,904,1618,581,788,1369,369,562,931,249,335,584,139,194,333,58,66,124,5,16,21,3771,4686,8457,8456,808,0.09555345316934721
2021-08-14,319,318,637,350,345,695,291,428,719,419,525,944,387,529,916,246,346,592,166,224,390,109,113,222,28,48,76,3,13,16,2318,2889,5207,5207,735,0.14115613597080853
2021-08-15,272,261,533,248,256,504,243,277,520,327,411,738,300,381,681,239,302,541,143,192,335,94,109,203,23,50,73,3,14,17,1892,2253,4145,4145,502,0.12110977080820265
2021-08-16,352,330,682,301,342,643,265,382,647,366,478,844,377,486,863,256,300,556,142,190,332,107,120,227,28,41,69,7,12,19,2201,2681,4882,4882,561,0.11491192134371159
2021-08-17,555,450,1005,506,515,1021,496,694,1190,674,808,1482,471,759,1230,401,539,940,248,314,562,143,163,306,38,86,124,8,22,30,3540,4350,7890,7888,870,0.11029411764705882
2021-08-18,531,494,1025,547,524,1071,435,622,1057,591,777,1368,465,625,1090,322,477,799,214,293,507,138,178,316,35,81,116,15,21,36,3293,4092,7385,7385,803,0.10873392010832769
2021-08-19,494,455,949,479,514,993,440,637,1077,608,765,1373,477,648,1125,341,429,770,212,282,494,111,133,244,33,56,89,10,14,24,3205,3933,7138,7138,823,0.11529840291398151
2021-08-20,605,542,1147,586,604,1190,509,669,1178,567,815,1382,514,717,1231,343,512,855,229,333,562,138,186,324,34,70,104,10,19,29,3535,4467,8002,7998,833,0.10415103775943986
2021-08-21,319,352,671,313,333,646,306,450,756,448,581,1029,374,492,866,264,346,610,176,237,413,101,140,241,30,48,78,3,16,19,2334,2995,5329,5328,755,0.1417042042042042
2021-08-22,462,432,894,294,332,626,267,348,615,408,546,954,381,512,893,277,340,617,175,219,394,112,120,232,30,43,73,6,15,21,2412,2907,5319,5319,768,0.14438804286520024
2021-08-23,788,767,1555,559,621,1180,509,690,1199,664,821,1485,564,791,1355,366,508,874,266,381,647,154,205,359,47,74,121,4,16,20,3921,4874,8795,8792,1020,0.11601455868971793
2021-08-24,802,762,1564,569,554,1123,484,663,1147,571,836,1407,506,659,1165,320,497,817,229,355,584,117,165,282,56,64,120,5,16,21,3659,4571,8230,8230,934,0.1134872417982989
2021-08-25,780,752,1532,537,533,1070,402,599,1001,531,803,1334,494,718,1212,331,447,778,251,349,600,146,172,318,49,41,90,8,29,37,3529,4443,7972,7971,904,0.11341111529293689
2021-08-26,799,743,1542,577,581,1158,455,670,1125,613,819,1432,501,707,1208,312,500,812,237,315,552,132,197,329,43,70,113,6,17,23,3675,4619,8294,8294,830,0.1000723414516518
2021-08-27,867,752,1619,552,674,1226,438,654,1092,597,890,1487,501,782,1283,356,501,857,251,332,583,128,178,306,37,74,111,4,14,18,3731,4851,8582,8582,810,0.09438359356793288
2021-08-28,484,415,899,300,279,579,289,407,696,413,529,942,330,502,832,237,290,527,169,226,395,76,110,186,43,43,86,4,7,11,2345,2808,5153,5153,654,0.12691635940228993
2021-08-29,529,485,1014,250,301,551,201,312,513,366,465,831,335,428,763,222,305,527,162,185,347,76,104,180,38,49,87,2,8,10,2181,2642,4823,4822,734,0.15221899626710908
2021-08-30,917,816,1733,531,521,1052,401,550,951,557,757,1314,511,629,1140,299,424,723,227,312,539,123,174,297,53,69,122,5,20,25,3624,4272,7896,7896,880,0.11144883485309018
2021-08-31,1002,899,1901,683,592,1275,429,639,1068,580,757,1337,520,735,1255,351,469,820,259,349,608,133,209,342,42,68,110,10,18,28,4009,4735,8744,8743,731,0.08360974493880818
2021-09-01,924,824,1748,599,574,1173,415,547,962,546,764,1310,456,610,1066,287,399,686,233,259,492,109,179,288,40,81,121,4,17,21,3613,4254,7867,7867,655,0.0832591839328842
2021-09-02,737,685,1422,460,490,950,344,474,818,496,606,1102,363,585,948,261,359,620,190,246,436,116,125,241,30,46,76,6,16,22,3003,3632,6635,6634,578,0.08712692191739524
2021-09-03,578,554,1132,472,487,959,376,483,859,482,629,1111,444,588,1032,272,400,672,214,296,510,123,173,296,34,54,88,1,10,11,2996,3674,6670,6670,640,0.095952023988006
2021-09-04,378,353,731,214,219,433,194,275,469,315,408,723,294,357,651,195,236,431,142,174,316,84,111,195,27,47,74,3,11,14,1846,2191,4037,4037,581,0.14391875154817935
2021-09-05,403,377,780,222,240,462,213,253,466,334,464,798,281,369,650,193,257,450,155,200,355,111,115,226,23,35,58,7,14,21,1942,2324,4266,4265,499,0.11699882766705745
2021-09-06,787,788,1575,453,450,903,388,543,931,524,661,1185,480,601,1081,312,427,739,242,301,543,158,164,322,38,77,115,7,27,34,3389,4039,7428,7426,773,0.1040937247508753
2021-09-07,669,733,1402,434,480,914,338,468,806,430,581,1011,358,515,873,246,344,590,187,248,435,90,156,246,34,64,98,7,27,34,2793,3616,6409,6408,654,0.10205992509363296
2021-09-08,521,556,1077,412,383,795,298,359,657,394,486,880,319,447,766,256,321,577,156,198,354,88,112,200,35,44,79,8,13,21,2487,2919,5406,5405,660,0.12210915818686402
2021-09-09,580,540,1120,365,352,717,274,431,705,377,465,842,309,438,747,211,321,532,179,195,374,102,126,228,40,58,98,5,16,21,2442,2942,5384,5381,625,0.11614941460695039
2021-09-10,570,509,1079,443,490,933,477,730,1207,630,823,1453,572,851,1423,465,626,1091,303,462,765,130,205,335,60,56,116,8,15,23,3658,4767,8425,8423,652,0.0774070996082156
2021-09-11,327,335,662,260,295,555,379,514,893,476,600,1076,451,549,1000,323,423,746,238,327,565,109,163,272,35,35,70,5,7,12,2603,3248,5851,5850,891,0.1523076923076923
2021-09-12,311,287,598,169,201,370,169,222,391,250,313,563,247,277,524,168,213,381,124,174,298,68,85,153,15,29,44,6,9,15,1527,1810,3337,3337,471,0.14114474078513636
2021-09-13,625,609,1234,372,423,795,327,478,805,461,611,1072,438,538,976,270,433,703,242,272,514,140,181,321,34,73,107,9,18,27,2918,3636,6554,6554,643,0.0981080256332011
2021-09-14,620,556,1176,375,390,765,308,389,697,386,533,919,324,459,783,230,348,578,175,252,427,121,164,285,31,56,87,6,14,20,2576,3161,5737,5734,807,0.14073944890129056
2021-09-15,483,446,929,334,312,646,213,342,555,306,474,780,288,405,693,180,246,426,144,204,348,85,112,197,36,55,91,8,24,32,2077,2620,4697,4694,657,0.13996591393268001
2021-09-16,459,415,874,342,329,671,250,350,600,324,507,831,311,448,759,207,278,485,143,234,377,98,142,240,33,51,84,10,16,26,2177,2770,4947,4946,459,0.09280226445612616
2021-09-17,594,543,1137,411,431,842,271,408,679,356,492,848,333,450,783,199,324,523,158,213,371,122,152,274,31,69,100,4,10,14,2479,3092,5571,5570,595,0.10682226211849193
2021-09-18,319,291,610,186,199,385,192,259,451,261,337,598,230,303,533,160,212,372,144,197,341,80,114,194,33,38,71,4,11,15,1609,1961,3570,3570,595,0.16666666666666666
2021-09-19,353,329,682,163,169,332,158,219,377,246,315,561,237,254,491,141,193,334,116,136,252,64,91,155,17,45,62,6,9,15,1501,1760,3261,3260,437,0.13404907975460123
2021-09-20,643,639,1282,494,526,1020,255,375,630,405,484,889,351,434,785,241,330,571,213,254,467,107,148,255,32,57,89,9,10,19,2750,3257,6007,6006,597,0.09940059940059941
2021-09-21,526,509,1035,222,264,486,222,358,580,346,406,752,293,351,644,182,275,457,172,222,394,123,134,257,40,55,95,3,10,13,2129,2584,4713,4712,535,0.11353989813242785
2021-09-22,593,492,1085,443,440,883,235,356,591,337,505,842,286,395,681,177,307,484,162,223,385,106,124,230,24,58,82,6,19,25,2369,2919,5288,5284,536,0.10143830431491295
2021-09-23,497,468,965,444,477,921,229,359,588,342,477,819,278,416,694,184,286,470,186,256,442,108,136,244,34,57,91,10,26,36,2312,2958,5270,5269,512,0.09717213892579236
2021-09-24,438,447,885,308,284,592,229,297,526,276,353,629,233,348,581,158,245,403,157,206,363,80,142,222,31,53,84,4,7,11,1914,2382,4296,4296,528,0.12290502793296089
2021-09-25,261,220,481,132,142,274,138,199,337,205,262,467,183,226,409,143,152,295,111,139,250,71,89,160,22,36,58,2,16,18,1268,1481,2749,2748,598,0.21761280931586607
2021-09-26,302,261,563,143,159,302,117,179,296,204,257,461,225,250,475,119,186,305,121,135,256,60,74,134,19,31,50,2,9,11,1312,1541,2853,2853,343,0.12022432527164388
2021-09-27,550,490,1040,430,349,779,230,343,573,358,427,785,331,348,679,192,291,483,175,243,418,127,145,272,29,58,87,10,18,28,2432,2712,5144,5144,565,0.10983670295489892
2021-09-28,535,455,990,492,524,1016,201,324,525,325,396,721,277,363,640,185,235,420,156,201,357,94,97,191,21,56,77,5,12,17,2291,2663,4954,4953,508,0.10256410256410256
2021-09-29,472,404,876,376,406,782,236,337,573,308,433,741,277,340,617,190,238,428,154,210,364,102,150,252,44,47,91,9,10,19,2168,2575,4743,4740,426,0.08987341772151898
2021-09-30,374,360,734,447,500,947,202,289,491,293,340,633,222,299,521,178,220,398,135,202,337,71,119,190,27,62,89,6,13,19,1955,2404,4359,4357,306,0.07023181087904522
2021-10-01,468,371,839,510,519,1029,237,307,544,300,446,746,289,353,642,208,241,449,156,212,368,102,143,245,37,67,104,3,19,22,2310,2678,4988,4987,567,0.11369560858231402
2021-10-02,250,245,495,156,166,322,158,214,372,201,286,487,170,193,363,129,170,299,113,156,269,82,88,170,20,41,61,2,8,10,1281,1567,2848,2848,351,0.12324438202247191
2021-10-03,232,206,438,138,131,269,148,205,353,184,216,400,168,219,387,113,150,263,87,137,224,54,81,135,19,34,53,1,4,5,1144,1383,2527,2527,342,0.13533834586466165
2021-10-04,486,456,942,521,468,989,254,358,612,284,460,744,306,367,673,202,313,515,176,256,432,111,160,271,37,44,81,4,14,18,2381,2896,5277,5277,526,0.09967784726170173
2021-10-05,492,431,923,482,588,1070,246,344,590,339,451,790,287,365,652,207,302,509,143,236,379,93,138,231,38,49,87,11,14,25,2338,2918,5256,5255,465,0.08848715509039011
2021-10-06,403,343,746,419,461,880,264,356,620,333,444,777,298,377,675,184,297,481,160,201,361,94,130,224,38,47,85,6,11,17,2199,2667,4866,4865,441,0.09064748201438849
2021-10-07,332,331,663,257,290,547,252,339,591,338,454,792,306,411,717,207,275,482,158,232,390,128,123,251,28,52,80,3,16,19,2009,2523,4532,4532,580,0.12797881729920565
2021-10-08,172,167,339,167,198,365,208,227,435,238,313,551,250,255,505,163,228,391,162,183,345,70,78,148,22,36,58,8,16,24,1460,1701,3161,3161,398,0.12590952230306865
2021-10-09,147,147,294,214,216,430,159,211,370,220,276,496,192,248,440,159,203,362,139,176,315,86,111,197,19,47,66,6,9,15,1341,1644,2985,2984,415,0.1390750670241287
2021-10-10,200,196,396,132,146,278,140,205,345,214,242,456,203,233,436,148,178,326,132,157,289,63,94,157,23,37,60,2,6,8,1257,1494,2751,2750,374,0.136
2021-10-11,222,209,431,207,217,424,216,234,450,273,296,569,253,309,562,179,244,423,153,189,342,92,112,204,24,36,60,5,12,17,1624,1858,3482,3478,500,0.1437607820586544
2021-10-12,390,385,775,448,495,943,314,473,787,398,470,868,344,453,797,231,319,550,198,281,479,121,145,266,36,60,96,9,20,29,2489,3101,5590,5589,544,0.09733404902487028
2021-10-13,421,379,800,478,490,968,342,458,800,433,477,910,362,432,794,242,297,539,180,250,430,122,153,275,33,46,79,4,10,14,2617,2992,5609,5608,555,0.0989657631954351
2021-10-14,388,381,769,559,561,1120,330,441,771,372,479,851,346,446,792,251,324,575,206,269,475,126,155,281,36,65,101,9,18,27,2623,3139,5762,5762,442,0.0767094758764318
2021-10-15,312,276,588,371,405,776,276,400,676,366,426,792,292,389,681,231,260,491,176,260,436,101,163,264,24,48,72,2,10,12,2151,2637,4788,4787,505,0.10549404637560059
2021-10-16,193,174,367,232,276,508,219,245,464,289,312,601,258,318,576,187,246,433,160,220,380,113,156,269,36,51,87,4,14,18,1691,2012,3703,3702,457,0.12344678552133982
2021-10-17,179,138,317,216,220,436,144,206,350,228,258,486,217,255,472,149,193,342,110,141,251,81,102,183,22,30,52,1,3,4,1347,1546,2893,2892,295,0.10200553250345781
2021-10-18,420,409,829,364,387,751,309,422,731,389,443,832,317,413,730,255,339,594,214,298,512,125,170,295,45,68,113,6,10,16,2444,2959,5403,5394,565,0.10474601408972933
2021-10-19,475,459,934,366,404,770,276,377,653,331,426,757,260,407,667,206,278,484,182,214,396,114,145,259,35,62,97,6,19,25,2251,2791,5042,5040,510,0.10119047619047619
2021-10-20,475,439,914,411,497,908,348,461,809,374,536,910,349,456,805,244,334,578,158,256,414,117,159,276,37,50,87,5,12,17,2518,3200,5718,5717,640,0.11194682525800245
2021-10-21,519,477,996,409,503,912,309,418,727,389,596,985,333,464,797,228,379,607,184,286,470,114,162,276,32,63,95,3,22,25,2520,3370,5890,5889,618,0.10494141619969434
2021-10-22,479,497,976,524,610,1134,292,468,760,392,571,963,357,548,905,262,359,621,193,291,484,130,153,283,41,67,108,9,15,24,2679,3579,6258,6257,582,0.09301582227904746
2021-10-23,296,271,567,314,288,602,179,276,455,265,347,612,257,335,592,182,266,448,152,197,349,89,105,194,22,45,67,6,15,21,1762,2145,3907,3907,477,0.12208855899667263
2021-10-24,316,284,600,241,224,465,146,268,414,264,363,627,236,329,565,190,249,439,120,159,279,68,92,160,24,24,48,2,8,10,1607,2000,3607,3607,403,0.1117271971167175
2021-10-25,603,619,1222,424,465,889,355,512,867,460,580,1040,428,551,979,281,420,701,241,352,593,129,185,314,35,51,86,2,11,13,2958,3746,6704,6704,739,0.11023269689737471
2021-10-26,552,549,1101,523,491,1014,373,486,859,413,542,955,359,500,859,281,390,671,242,304,546,118,156,274,30,65,95,4,12,16,2895,3495,6390,6389,513,0.08029425575207387
2021-10-27,518,500,1018,506,470,976,333,405,738,371,501,872,339,463,802,229,343,572,192,279,471,129,142,271,39,62,101,3,15,18,2659,3180,5839,5835,503,0.08620394173093401
2021-10-28,528,481,1009,485,499,984,299,444,743,410,500,910,340,479,819,231,321,552,202,239,441,101,145,246,40,55,95,6,17,23,2642,3180,5822,5819,436,0.07492696339577247
2021-10-29,483,468,951,477,467,944,304,468,772,436,534,970,423,495,918,259,383,642,216,276,492,129,185,314,40,65,105,4,16,20,2771,3357,6128,6128,601,0.09807441253263707
2021-10-30,253,233,486,304,303,607,191,245,436,280,373,653,286,371,657,204,251,455,157,179,336,104,107,211,32,44,76,5,7,12,1816,2113,3929,3929,598,0.15220157800967168
2021-10-31,239,234,473,252,275,527,163,213,376,224,304,528,219,298,517,179,232,411,119,153,272,66,107,173,27,31,58,4,13,17,1492,1860,3352,3351,402,0.11996418979409132
2021-11-01,441,448,889,393,415,808,280,436,716,415,534,949,461,524,985,338,420,758,249,340,589,162,192,354,39,66,105,11,17,28,2789,3392,6181,6181,607,0.09820417408186377
2021-11-02,490,439,929,413,415,828,270,407,677,347,465,812,310,466,776,228,341,569,204,274,478,118,141,259,44,62,106,6,15,21,2430,3025,5455,5453,587,0.10764716669723089
2021-11-03,495,380,875,452,555,1007,311,441,752,399,516,915,393,523,916,294,386,680,206,260,466,138,165,303,38,48,86,2,11,13,2728,3285,6013,6013,517,0.08598037585231998
2021-11-04,395,357,752,423,415,838,277,427,704,377,505,882,344,495,839,288,373,661,207,267,474,111,156,267,39,79,118,6,20,26,2467,3094,5561,5561,620,0.11149073907570581
2021-11-05,393,377,770,383,455,838,335,438,773,374,525,899,352,500,852,299,351,650,223,266,489,107,135,242,38,54,92,5,14,19,2509,3115,5624,5624,639,0.11362019914651493
2021-11-06,247,215,462,268,277,545,170,270,440,266,320,586,216,288,504,175,254,429,149,155,304,79,102,181,26,41,67,0,10,10,1596,1932,3528,3528,401,0.11366213151927437
2021-11-07,222,245,467,238,291,529,156,251,407,203,280,483,231,291,522,180,240,420,124,172,296,67,94,161,27,19,46,5,3,8,1453,1886,3339,3339,370,0.11081162024558251
2021-11-08,543,484,1027,398,400,798,335,450,785,434,535,969,389,593,982,279,411,690,230,277,507,127,169,296,48,70,118,5,14,19,2788,3403,6191,6191,661,0.10676788887094169
2021-11-09,483,423,906,398,431,829,276,447,723,400,491,891,374,493,867,246,354,600,184,201,385,101,119,220,34,63,97,7,8,15,2503,3030,5533,5530,493,0.0891500904159132
2021-11-10,467,412,879,371,426,797,355,483,838,390,571,961,400,517,917,286,378,664,177,258,435,94,143,237,27,69,96,4,15,19,2571,3272,5843,5843,453,0.07752866678076331
2021-11-11,502,458,960,374,470,844,342,446,788,465,627,1092,367,548,915,248,377,625,196,225,421,106,132,238,32,67,99,2,11,13,2634,3361,5995,5993,431,0.07191723677623894
2021-11-12,392,398,790,469,496,965,355,471,826,462,686,1148,428,616,1044,338,468,806,276,385,661,137,182,319,45,57,102,2,13,15,2904,3772,6676,6676,592,0.08867585380467345
2021-11-13,260,258,518,392,373,765,221,315,536,337,386,723,286,384,670,193,295,488,171,217,388,121,167,288,27,42,69,3,15,18,2011,2452,4463,4463,557,0.12480394353573829
2021-11-14,205,216,421,167,145,312,113,182,295,203,246,449,187,228,415,111,161,272,87,141,228,76,91,167,15,24,39,6,14,20,1170,1448,2618,2618,403,0.15393430099312452
2021-11-15,453,438,891,384,397,781,281,420,701,421,519,940,353,554,907,263,401,664,251,313,564,145,194,339,46,62,108,4,14,18,2601,3312,5913,5911,531,0.08983251564879038
2021-11-16,450,440,890,405,382,787,282,454,736,358,546,904,369,483,852,288,400,688,218,284,502,111,150,261,39,42,81,5,12,17,2525,3193,5718,5717,584,0.10215147804792724
2021-11-17,456,423,879,345,334,679,323,473,796,411,657,1068,390,573,963,319,423,742,225,307,532,145,170,315,39,50,89,7,10,17,2660,3420,6080,6080,496,0.08157894736842106
2021-11-18,475,393,868,449,462,911,321,479,800,435,608,1043,382,562,944,265,423,688,234,267,501,106,132,238,41,65,106,9,20,29,2717,3411,6128,6128,602,0.09823759791122716
2021-11-19,365,355,720,454,507,961,308,443,751,366,595,961,391,502,893,275,414,689,212,231,443,109,170,279,30,46,76,4,10,14,2514,3273,5787,5786,452,0.07811959903214656
2021-11-20,244,230,474,318,395,713,175,268,443,258,334,592,231,328,559,181,234,415,166,167,333,88,95,183,26,37,63,4,7,11,1691,2095,3786,3786,490,0.1294241944004226
2021-11-21,178,179,357,245,269,514,118,150,268,189,234,423,190,242,432,141,163,304,114,186,300,52,102,154,23,29,52,2,4,6,1252,1558,2810,2810,426,0.1516014234875445
2021-11-22,248,267,515,291,298,589,155,218,373,264,327,591,250,343,593,193,241,434,129,188,317,97,108,205,30,47,77,2,13,15,1659,2050,3709,3709,522,0.14073874359665678
2021-11-23,405,376,781,331,350,681,249,371,620,354,433,787,280,398,678,193,328,521,173,219,392,103,138,241,44,44,88,3,15,18,2135,2672,4807,4803,773,0.16094107849260877
2021-11-24,343,351,694,254,311,565,261,376,637,333,415,748,278,413,691,187,328,515,147,209,356,102,110,212,30,49,79,4,8,12,1939,2570,4509,4506,623,0.13826009764758102
2021-11-25,344,372,716,337,329,666,297,357,654,397,492,889,356,416,772,263,318,581,186,221,407,97,119,216,35,46,81,1,9,10,2313,2679,4992,4992,454,0.09094551282051282
2021-11-26,320,326,646,508,527,1035,331,383,714,377,537,914,372,496,868,261,339,600,196,244,440,102,147,249,28,45,73,2,11,13,2497,3055,5552,5551,567,0.1021437578814628
2021-11-27,216,217,433,346,380,726,260,295,555,340,385,725,316,361,677,233,265,498,199,221,420,125,136,261,44,53,97,2,17,19,2081,2330,4411,4411,481,0.10904556789843572
2021-11-28,199,172,371,208,262,470,151,199,350,222,263,485,202,292,494,164,180,344,111,131,242,51,73,124,16,33,49,4,8,12,1328,1613,2941,2941,328,0.11152669160149609
2021-11-29,323,330,653,452,460,912,320,419,739,422,521,943,371,479,850,249,364,613,216,283,499,152,168,320,39,64,103,5,16,21,2549,3104,5653,5653,582,0.10295418361931717
2021-11-30,316,306,622,400,423,823,310,460,770,449,539,988,378,498,876,268,375,643,198,269,467,113,152,265,39,65,104,3,19,22,2474,3106,5580,5579,696,0.12475354006094282
2021-12-01,392,301,693,360,382,742,264,444,708,366,512,878,371,475,846,240,332,572,219,280,499,122,142,264,27,51,78,4,17,21,2365,2936,5301,5300,543,0.10245283018867925
2021-12-02,340,321,661,437,544,981,322,499,821,463,624,1087,426,533,959,275,401,676,203,288,491,107,158,265,34,54,88,2,13,15,2609,3435,6044,6043,481,0.0795962270395499
2021-12-03,233,246,479,279,332,611,232,299,531,290,352,642,276,307,583,167,239,406,159,171,330,86,95,181,24,38,62,3,13,16,1749,2092,3841,3834,684,0.1784037558685446
2021-12-04,233,200,433,416,477,893,235,297,532,299,386,685,260,366,626,169,258,427,162,183,345,79,115,194,33,48,81,0,11,11,1886,2341,4227,4226,437,0.10340747752011359
2021-12-05,242,212,454,405,420,825,201,296,497,242,340,582,246,328,574,185,250,435,128,181,309,85,107,192,23,32,55,0,7,7,1757,2173,3930,3930,289,0.07353689567430026
2021-12-06,348,347,695,402,461,863,340,458,798,430,529,959,384,532,916,293,400,693,229,320,549,131,143,274,45,68,113,4,10,14,2606,3268,5874,5874,382,0.06503234593122234
2021-12-07,255,239,494,294,339,633,247,375,622,316,453,769,275,403,678,177,260,437,111,154,265,59,96,155,15,39,54,1,11,12,1750,2369,4119,4119,109,0.026462733673221654
2021-12-08,11,25,36,19,31,50,19,31,50,19,22,41,18,21,39,19,17,36,12,15,27,6,10,16,3,1,4,0,0,0,126,173,299,299,0,0.0
2021-12-09,0,0,0,0,0,0,0,0,0,0,0,0,0,0,0,0,0,0,0,0,0,0,0,0,0,0,0,0,0,0,0,0,0,0,0,
2021-12-10,0,0,0,0,0,0,0,0,0,0,0,0,0,0,0,0,0,0,0,0,0,0,0,0,0,0,0,0,0,0,0,0,0,0,0,
