FECHA,SM,SF,S,CM,CF,C,CEM,CEF,CE,EM,EF,E,IM,IF,I,TotalM,TotalF,Total
2020-03-15,0,0,0,0,0,0,1,0,1,0,0,0,0,2,2,1,2,3
2020-03-16,0,0,0,0,0,0,2,1,3,0,0,0,5,2,7,7,3,10
2020-03-17,0,0,0,0,0,0,2,1,3,0,0,0,6,4,10,8,5,13
2020-03-18,0,1,1,1,1,2,1,0,1,0,0,0,4,3,7,6,5,11
2020-03-19,0,0,0,2,0,2,2,0,2,0,0,0,7,3,10,11,3,14
2020-03-20,0,0,0,2,0,2,1,1,2,0,0,0,7,2,9,10,3,13
2020-03-21,0,0,0,0,0,0,4,4,8,0,0,0,9,5,14,13,9,22
2020-03-22,0,0,0,4,0,4,2,1,3,2,0,2,10,3,13,18,4,22
2020-03-23,2,0,2,3,3,6,6,2,8,1,0,1,4,3,7,16,8,24
2020-03-24,1,0,1,5,4,9,2,2,4,0,0,0,11,3,14,19,9,28
2020-03-25,1,0,1,6,2,8,1,2,3,0,1,1,10,4,14,18,9,27
2020-03-26,0,0,0,1,2,3,4,4,8,0,0,0,7,5,12,12,11,23
2020-03-27,2,0,2,1,4,5,2,2,4,0,1,1,3,3,6,8,10,18
2020-03-28,1,2,3,3,3,6,2,1,3,0,1,1,2,0,2,8,7,15
2020-03-29,3,0,3,6,7,13,0,2,2,0,0,0,4,6,10,13,15,28
2020-03-30,3,1,4,11,8,19,1,0,1,0,0,0,2,3,5,17,12,29
2020-03-31,3,0,3,8,5,13,2,4,6,0,0,0,2,1,3,15,10,25
2020-04-01,0,2,2,10,8,18,1,1,2,1,0,1,3,3,6,15,14,29
2020-04-02,2,2,4,10,4,14,5,10,15,1,0,1,0,1,1,18,17,35
2020-04-03,4,4,8,4,5,9,1,4,5,0,0,0,1,0,1,10,13,23
2020-04-04,1,2,3,3,3,6,0,1,1,1,0,1,0,2,2,5,8,13
2020-04-05,1,3,4,4,3,7,1,2,3,0,0,0,1,1,2,7,9,16
2020-04-06,2,5,7,7,4,11,1,2,3,0,1,1,0,3,3,10,15,25
2020-04-07,1,3,4,8,2,10,2,2,4,0,0,0,1,1,2,12,8,20
2020-04-08,1,7,8,6,2,8,4,2,6,0,0,0,0,0,0,11,11,22
2020-04-09,0,2,2,3,1,4,3,0,3,0,0,0,1,0,1,7,3,10
2020-04-10,0,1,1,4,2,6,1,1,2,0,0,0,0,0,0,5,4,9
2020-04-11,1,1,2,2,1,3,1,1,2,0,0,0,0,1,1,4,4,8
2020-04-12,3,2,5,1,3,4,1,2,3,0,0,0,0,0,0,5,7,12
2020-04-13,3,4,7,4,3,7,2,3,5,0,1,1,0,0,0,9,11,20
2020-04-14,4,1,5,9,7,16,1,1,2,0,0,0,0,0,0,14,9,23
2020-04-15,3,1,4,1,4,5,0,1,1,0,0,0,0,0,0,4,6,10
2020-04-16,2,2,4,7,3,10,3,9,12,0,0,0,1,0,1,13,14,27
2020-04-17,5,4,9,2,9,11,2,2,4,0,0,0,0,0,0,9,15,24
2020-04-18,1,2,3,2,7,9,3,7,10,1,0,1,1,0,1,8,16,24
2020-04-19,1,4,5,6,6,12,3,5,8,0,0,0,0,0,0,10,15,25
2020-04-20,4,2,6,3,4,7,5,5,10,0,0,0,0,0,0,12,11,23
2020-04-21,0,5,5,5,15,20,4,9,13,0,0,0,0,1,1,9,30,39
2020-04-22,2,4,6,17,21,38,6,9,15,1,0,1,0,0,0,26,34,60
2020-04-23,3,2,5,15,11,26,16,15,31,1,0,1,0,0,0,35,28,63
2020-04-24,4,9,13,7,6,13,10,9,19,1,1,2,1,0,1,23,25,48
2020-04-25,0,3,3,11,10,21,2,3,5,1,0,1,0,0,0,14,16,30
2020-04-26,0,3,3,6,5,11,2,2,4,0,0,0,0,0,0,8,10,18
2020-04-27,4,6,10,13,21,34,13,5,18,0,0,0,0,1,1,30,33,63
2020-04-28,6,3,9,12,12,24,2,2,4,0,0,0,2,0,2,22,17,39
2020-04-29,1,3,4,12,12,24,4,5,9,1,0,1,0,0,0,18,20,38
2020-04-30,5,3,8,14,7,21,3,6,9,1,0,1,0,0,0,23,16,39
2020-05-01,2,0,2,10,16,26,10,8,18,2,1,3,0,0,0,24,25,49
2020-05-02,2,2,4,7,6,13,10,15,25,0,0,0,0,0,0,19,23,42
2020-05-03,1,1,2,9,7,16,8,10,18,0,2,2,1,0,1,19,20,39
2020-05-04,4,5,9,14,17,31,8,9,17,4,1,5,0,0,0,30,32,62
2020-05-05,1,6,7,34,35,69,15,31,46,6,5,11,0,1,1,56,78,134
2020-05-06,5,5,10,18,10,28,12,20,32,5,6,11,0,0,0,40,41,81
2020-05-07,2,7,9,20,17,37,24,28,52,6,7,13,0,0,0,52,59,111
2020-05-08,6,6,12,40,30,70,34,38,72,5,2,7,0,0,0,85,76,161
2020-05-09,8,5,13,17,18,35,28,20,48,2,8,10,0,0,0,55,51,106
2020-05-10,5,5,10,19,19,38,85,24,109,4,1,5,0,0,0,113,49,162
2020-05-11,1,4,5,36,35,71,14,22,36,8,3,11,0,0,0,59,64,123
2020-05-12,6,9,15,57,47,104,42,58,100,4,3,7,0,0,0,109,117,226
2020-05-13,2,7,9,52,37,89,34,42,76,3,2,5,0,0,0,91,88,179
2020-05-14,2,3,5,73,68,141,33,43,76,8,12,20,0,0,0,116,126,242
2020-05-15,6,6,12,40,41,81,45,57,102,2,9,11,0,0,0,93,113,206
2020-05-16,5,6,11,55,58,113,33,33,66,5,11,16,0,0,0,98,108,206
2020-05-17,3,10,13,63,40,103,49,40,89,8,4,12,0,0,0,123,94,217
2020-05-18,6,8,14,84,76,160,78,92,170,13,17,30,0,0,0,181,193,374
2020-05-19,7,11,18,86,80,166,73,74,147,5,5,10,0,0,0,171,170,341
2020-05-20,5,20,25,87,74,161,64,69,133,13,12,25,0,0,0,169,175,344
2020-05-21,8,16,24,83,68,151,85,78,163,19,9,28,0,0,0,195,171,366
2020-05-22,5,21,26,73,72,145,76,62,138,11,9,20,0,0,0,165,164,329
2020-05-23,7,9,16,63,62,125,80,93,173,9,11,20,0,0,0,159,175,334
2020-05-24,4,8,12,58,46,104,61,55,116,9,8,17,1,0,1,133,117,250
2020-05-25,9,17,26,44,63,107,71,68,139,14,11,25,0,0,0,138,159,297
2020-05-26,16,14,30,79,74,153,96,111,207,16,13,29,0,0,0,207,212,419
2020-05-27,11,26,37,89,65,154,101,100,201,15,14,29,0,0,0,216,205,421
2020-05-28,14,22,36,104,106,210,99,104,203,12,19,31,0,0,0,229,251,480
2020-05-29,8,16,24,81,98,179,88,100,188,17,14,31,0,0,0,194,228,422
2020-05-30,3,9,12,56,65,121,67,65,132,12,11,23,0,1,1,138,151,289
2020-05-31,4,10,14,67,62,129,47,57,104,9,10,19,0,0,0,127,139,266
2020-06-01,12,12,24,86,84,170,67,83,150,27,24,51,0,0,0,192,203,395
2020-06-02,15,16,31,95,101,196,89,86,175,31,21,52,0,0,0,230,224,454
2020-06-03,10,19,29,108,108,216,70,75,145,25,23,48,0,0,0,213,225,438
2020-06-04,11,21,32,94,105,199,62,87,149,24,18,42,0,0,0,191,231,422
2020-06-05,8,18,26,102,118,220,107,79,186,26,23,49,0,0,0,243,238,481
2020-06-06,9,31,40,95,84,179,65,85,150,19,10,29,0,0,0,188,210,398
2020-06-07,7,7,14,65,66,131,77,91,168,7,10,17,0,0,0,156,174,330
2020-06-08,18,37,55,140,117,257,105,111,216,45,38,83,0,0,0,308,303,611
2020-06-09,16,19,35,123,139,262,110,116,226,46,37,83,0,0,0,295,311,606
2020-06-10,23,18,41,126,125,251,94,140,234,37,37,74,0,1,1,280,321,601
2020-06-11,24,24,48,148,146,294,127,122,249,44,25,69,0,0,0,343,317,660
2020-06-12,11,31,42,170,148,318,105,116,221,36,29,65,0,0,0,322,324,646
2020-06-13,11,24,35,104,99,203,112,133,245,23,25,48,0,0,0,250,281,531
2020-06-14,19,19,38,73,79,152,74,94,168,16,13,29,0,0,0,182,205,387
2020-06-15,12,24,36,100,80,180,95,85,180,29,13,42,0,0,0,236,202,438
2020-06-16,18,32,50,160,139,299,128,135,263,61,35,96,0,0,0,367,341,708
2020-06-17,19,42,61,216,190,406,158,167,325,55,40,95,0,0,0,448,439,887
2020-06-18,22,42,64,228,176,404,134,156,290,63,52,115,0,0,0,447,426,873
2020-06-19,33,44,77,204,186,390,134,167,301,48,35,83,0,0,0,419,432,851
2020-06-20,24,29,53,148,138,286,136,150,286,39,47,86,0,0,0,347,364,711
2020-06-21,21,19,40,116,113,229,105,113,218,37,30,67,0,0,0,279,275,554
2020-06-22,23,39,62,241,206,447,227,154,381,64,51,115,0,0,0,555,450,1005
2020-06-23,29,43,72,219,177,396,162,179,341,54,56,110,0,0,0,464,455,919
2020-06-24,36,56,92,212,166,378,152,168,320,55,42,97,0,0,0,455,432,887
2020-06-25,26,44,70,192,187,379,159,174,333,54,41,95,0,0,0,431,446,877
2020-06-26,33,45,78,196,200,396,177,173,350,46,48,94,0,0,0,452,466,918
2020-06-27,23,28,51,149,172,321,139,138,277,37,28,65,0,0,0,348,366,714
2020-06-28,29,36,65,157,122,279,113,97,210,29,25,54,0,0,0,328,280,608
2020-06-29,33,46,79,234,187,421,145,163,308,56,36,92,0,0,0,468,432,900
2020-06-30,43,55,98,223,186,409,140,158,298,38,36,74,0,0,0,444,435,879
2020-07-01,32,50,82,227,186,413,135,139,274,42,29,71,0,0,0,436,404,840
2020-07-02,38,57,95,237,218,455,159,158,317,29,32,61,0,0,0,463,465,928
2020-07-03,49,54,103,261,214,475,147,155,302,41,50,91,0,0,0,498,473,971
2020-07-04,23,45,68,210,261,471,109,108,217,42,28,70,1,1,2,385,443,828
2020-07-05,31,41,72,164,176,340,119,112,231,35,28,63,0,0,0,349,357,706
2020-07-06,49,88,137,276,262,538,158,139,297,57,39,96,0,0,0,540,528,1068
2020-07-07,39,59,98,271,238,509,154,147,301,57,36,93,0,1,1,521,481,1002
2020-07-08,41,71,112,290,324,614,154,151,305,52,45,97,0,0,0,537,591,1128
2020-07-09,19,50,69,228,232,460,132,116,248,51,50,101,0,0,0,430,448,878
2020-07-10,26,51,77,211,229,440,143,132,275,60,36,96,0,0,0,440,448,888
2020-07-11,29,36,65,201,195,396,111,128,239,55,51,106,0,0,0,396,410,806
2020-07-12,27,37,64,166,145,311,109,98,207,44,40,84,0,0,0,346,320,666
2020-07-13,44,81,125,332,357,689,170,123,293,47,41,88,0,0,0,593,602,1195
2020-07-14,51,63,114,294,269,563,147,169,316,53,42,95,0,0,0,545,543,1088
2020-07-15,41,79,120,321,276,597,119,172,291,55,42,97,1,1,2,537,570,1107
2020-07-16,42,67,109,318,324,642,156,156,312,62,57,119,0,0,0,578,604,1182
2020-07-17,33,77,110,322,344,666,125,143,268,38,33,71,0,0,0,518,597,1115
2020-07-18,39,67,106,334,332,666,98,89,187,37,29,66,0,0,0,508,517,1025
2020-07-19,47,47,94,244,252,496,102,128,230,64,41,105,0,0,0,457,468,925
2020-07-20,58,85,143,346,338,684,147,158,305,89,64,153,0,0,0,640,645,1285
2020-07-21,56,93,149,336,344,680,183,192,375,88,62,150,0,0,0,663,691,1354
2020-07-22,56,70,126,359,293,652,162,165,327,86,67,153,0,0,0,663,595,1258
2020-07-23,37,69,106,306,286,592,155,150,305,76,69,145,1,0,1,575,574,1149
2020-07-24,39,89,128,347,321,668,167,155,322,64,51,115,0,0,0,617,616,1233
2020-07-25,50,64,114,264,214,478,101,122,223,35,32,67,0,0,0,450,432,882
2020-07-26,29,33,62,214,250,464,72,104,176,40,25,65,0,0,0,355,412,767
2020-07-27,39,77,116,400,383,783,100,92,192,45,28,73,0,0,0,584,580,1164
2020-07-28,47,63,110,407,358,765,94,104,198,57,45,102,0,0,0,605,570,1175
2020-07-29,30,67,97,318,311,629,142,137,279,65,70,135,1,0,1,556,585,1141
2020-07-30,38,61,99,319,349,668,139,133,272,70,64,134,0,0,0,566,607,1173
2020-07-31,46,71,117,301,308,609,139,146,285,71,52,123,3,0,3,560,577,1137
2020-08-01,39,61,100,278,268,546,129,143,272,55,62,117,0,0,0,501,534,1035
2020-08-02,38,45,83,270,278,548,104,115,219,47,34,81,0,0,0,459,472,931
2020-08-03,51,74,125,423,441,864,177,177,354,89,92,181,0,0,0,740,784,1524
2020-08-04,43,84,127,385,432,817,178,158,336,101,78,179,1,0,1,708,752,1460
2020-08-05,44,56,100,451,522,973,144,101,245,93,71,164,0,0,0,732,750,1482
2020-08-06,36,65,101,329,333,662,146,143,289,77,71,148,0,0,0,588,612,1200
2020-08-07,30,68,98,331,309,640,121,127,248,71,69,140,0,0,0,553,573,1126
2020-08-08,29,56,85,237,312,549,95,102,197,51,36,87,0,0,0,412,506,918
2020-08-09,24,32,56,240,222,462,80,83,163,53,41,94,0,0,0,397,378,775
2020-08-10,38,60,98,363,393,756,123,144,267,65,52,117,0,0,0,589,649,1238
2020-08-11,32,56,88,349,340,689,111,102,213,72,63,135,0,0,0,564,561,1125
2020-08-12,37,75,112,324,292,616,118,119,237,68,64,132,0,0,0,547,550,1097
2020-08-13,28,54,82,326,300,626,83,93,176,65,57,122,0,0,0,502,504,1006
2020-08-14,35,49,84,321,278,599,104,121,225,49,52,101,0,0,0,509,500,1009
2020-08-15,30,44,74,285,369,654,77,76,153,49,44,93,0,0,0,441,533,974
2020-08-16,24,31,55,213,193,406,72,69,141,59,23,82,0,0,0,368,316,684
2020-08-17,24,37,61,314,305,619,92,80,172,53,39,92,0,1,1,483,462,945
2020-08-18,51,72,123,371,396,767,113,94,207,105,76,181,1,0,1,641,638,1279
2020-08-19,44,60,104,385,415,800,103,106,209,105,59,164,0,0,0,637,640,1277
2020-08-20,35,40,75,365,355,720,125,96,221,71,48,119,0,0,0,596,539,1135
2020-08-21,42,62,104,354,330,684,113,110,223,68,67,135,0,0,0,577,569,1146
2020-08-22,23,44,67,270,286,556,115,86,201,65,44,109,0,0,0,473,460,933
2020-08-23,32,34,66,248,257,505,89,101,190,66,58,124,0,0,0,435,450,885
2020-08-24,38,70,108,434,362,796,115,130,245,97,77,174,0,0,0,684,639,1323
2020-08-25,34,64,98,491,491,982,100,109,209,77,78,155,0,0,0,702,742,1444
2020-08-26,54,47,101,547,496,1043,97,100,197,78,74,152,0,0,0,776,717,1493
2020-08-27,42,62,104,501,515,1016,107,133,240,65,60,125,0,0,0,715,770,1485
2020-08-28,33,48,81,430,423,853,105,112,217,78,76,154,0,0,0,646,659,1305
2020-08-29,21,50,71,307,323,630,97,85,182,54,58,112,0,0,0,479,516,995
2020-08-30,18,35,53,282,268,550,54,69,123,61,52,113,0,0,0,415,424,839
2020-08-31,35,59,94,477,520,997,87,77,164,77,54,131,0,0,0,676,710,1386
2020-09-01,25,35,60,491,475,966,73,85,158,67,61,128,0,0,0,656,656,1312
2020-09-02,23,40,63,371,347,718,75,66,141,52,67,119,0,0,0,521,520,1041
2020-09-03,32,33,65,392,358,750,80,82,162,69,56,125,0,0,0,573,529,1102
2020-09-04,31,67,98,409,372,781,71,72,143,47,59,106,0,0,0,558,570,1128
2020-09-05,20,33,53,325,343,668,58,69,127,59,52,111,0,0,0,462,497,959
2020-09-06,16,33,49,233,228,461,60,45,105,42,42,84,1,0,1,352,348,700
2020-09-07,25,48,73,447,449,896,73,91,164,61,35,96,0,0,0,606,623,1229
2020-09-08,27,60,87,447,424,871,96,78,174,48,57,105,0,0,0,618,619,1237
2020-09-09,25,44,69,454,432,886,88,72,160,49,46,95,0,0,0,616,594,1210
2020-09-10,21,41,62,410,419,829,82,70,152,60,58,118,0,0,0,573,588,1161
2020-09-11,28,45,73,393,395,788,63,91,154,55,38,93,0,0,0,539,569,1108
2020-09-12,23,35,58,258,319,577,46,54,100,35,34,69,0,0,0,362,442,804
2020-09-13,20,32,52,256,259,515,37,53,90,39,37,76,0,0,0,352,381,733
2020-09-14,27,35,62,341,367,708,72,61,133,62,47,109,0,0,0,502,510,1012
2020-09-15,25,26,51,350,339,689,51,72,123,49,43,92,0,0,0,475,480,955
2020-09-16,29,20,49,354,403,757,47,40,87,46,34,80,0,0,0,476,497,973
2020-09-17,11,29,40,301,275,576,42,70,112,73,54,127,0,0,0,427,428,855
2020-09-18,21,34,55,331,363,694,46,60,106,46,30,76,0,0,0,444,487,931
2020-09-19,21,22,43,234,238,472,48,33,81,26,43,69,0,0,0,329,336,665
2020-09-20,1,26,27,171,191,362,35,37,72,30,26,56,0,0,0,237,280,517
2020-09-21,22,32,54,319,263,582,46,41,87,48,36,84,0,0,0,435,372,807
2020-09-22,21,30,51,339,339,678,39,44,83,48,41,89,0,0,0,447,454,901
2020-09-23,14,34,48,305,320,625,50,41,91,52,48,100,0,0,0,421,443,864
2020-09-24,22,35,57,334,324,658,50,57,107,54,26,80,0,0,0,460,442,902
2020-09-25,26,22,48,329,358,687,54,61,115,46,35,81,0,0,0,455,476,931
2020-09-26,6,22,28,216,222,438,38,47,85,48,30,78,0,0,0,308,321,629
2020-09-27,16,18,34,215,194,409,55,38,93,50,29,79,0,0,0,336,279,615
2020-09-28,10,32,42,335,331,666,52,45,97,50,53,103,0,0,0,447,461,908
2020-09-29,16,21,37,342,335,677,39,54,93,74,46,120,0,0,0,471,456,927
2020-09-30,13,26,39,312,332,644,50,48,98,81,46,127,0,0,0,456,452,908
2020-10-01,12,30,42,280,319,599,50,49,99,45,49,94,0,0,0,387,447,834
2020-10-02,11,31,42,312,337,649,40,43,83,42,41,83,0,0,0,405,452,857
2020-10-03,9,7,16,202,194,396,42,32,74,31,38,69,0,0,0,284,271,555
2020-10-04,12,11,23,170,178,348,24,32,56,21,16,37,0,0,0,227,237,464
2020-10-05,23,24,47,288,299,587,54,46,100,32,34,66,0,0,0,397,403,800
2020-10-06,15,29,44,324,320,644,58,50,108,52,41,93,0,0,0,449,440,889
2020-10-07,10,20,30,271,298,569,47,59,106,51,26,77,0,0,0,379,403,782
2020-10-08,14,22,36,266,324,590,40,69,109,38,32,70,0,0,0,358,447,805
2020-10-09,12,25,37,257,339,596,55,58,113,42,32,74,0,0,0,366,454,820
2020-10-10,12,18,30,219,226,445,35,40,75,26,28,54,0,0,0,292,312,604
2020-10-11,10,12,22,168,206,374,22,28,50,18,16,34,1,0,1,219,262,481
2020-10-12,15,7,22,219,232,451,54,42,96,26,15,41,0,0,0,314,296,610
2020-10-13,17,27,44,308,286,594,48,43,91,50,39,89,0,0,0,423,395,818
2020-10-14,11,24,35,302,295,597,35,32,67,46,35,81,0,0,0,394,386,780
2020-10-15,18,19,37,299,304,603,49,47,96,34,25,59,1,0,1,401,395,796
2020-10-16,10,30,40,273,298,571,44,56,100,33,35,68,0,0,0,360,419,779
2020-10-17,5,14,19,200,182,382,44,54,98,23,22,45,0,0,0,272,272,544
2020-10-18,4,8,12,145,150,295,21,24,45,17,17,34,0,0,0,187,199,386
2020-10-19,9,27,36,241,213,454,39,37,76,30,21,51,0,1,1,319,299,618
2020-10-20,10,16,26,242,245,487,32,33,65,35,20,55,0,0,0,319,314,633
2020-10-21,6,13,19,197,202,399,26,33,59,36,21,57,0,0,0,265,269,534
2020-10-22,10,12,22,176,159,335,36,33,69,25,25,50,1,0,1,248,229,477
2020-10-23,9,12,21,201,198,399,31,27,58,27,33,60,0,0,0,268,270,538
2020-10-24,7,8,15,137,151,288,34,32,66,28,17,45,0,0,0,206,208,414
2020-10-25,7,12,19,113,105,218,23,27,50,15,20,35,0,0,0,158,164,322
2020-10-26,16,13,29,179,184,363,35,22,57,21,30,51,0,0,0,251,249,500
2020-10-27,9,11,20,219,235,454,24,27,51,30,20,50,0,0,0,282,293,575
2020-10-28,10,6,16,192,174,366,27,33,60,21,17,38,0,0,0,250,230,480
2020-10-29,3,11,14,158,153,311,22,22,44,19,10,29,0,0,0,202,196,398
2020-10-30,7,15,22,121,122,243,22,15,37,12,12,24,0,0,0,162,164,326
2020-10-31,3,6,9,85,98,183,10,19,29,11,9,20,0,0,0,109,132,241
2020-11-01,7,8,15,112,106,218,27,21,48,18,9,27,0,0,0,164,144,308
2020-11-02,12,17,29,140,145,285,23,29,52,20,17,37,0,0,0,195,208,403
2020-11-03,8,16,24,149,137,286,22,9,31,10,12,22,0,0,0,189,174,363
2020-11-04,6,8,14,139,166,305,16,14,30,14,15,29,0,1,1,175,204,379
2020-11-05,7,10,17,198,179,377,22,27,49,22,25,47,0,0,0,249,241,490
2020-11-06,8,16,24,150,136,286,17,21,38,20,23,43,0,0,0,195,196,391
2020-11-07,5,10,15,116,129,245,14,13,27,15,16,31,0,0,0,150,168,318
2020-11-08,5,10,15,90,90,180,18,21,39,15,12,27,0,0,0,128,133,261
2020-11-09,6,20,26,177,163,340,21,22,43,28,27,55,0,0,0,232,232,464
2020-11-10,8,13,21,180,155,335,26,20,46,24,22,46,0,0,0,238,210,448
2020-11-11,7,20,27,169,153,322,28,30,58,27,16,43,0,0,0,231,219,450
2020-11-12,6,4,10,160,138,298,19,27,46,15,17,32,0,0,0,200,186,386
2020-11-13,4,12,16,167,131,298,19,25,44,22,22,44,0,0,0,212,190,402
2020-11-14,4,8,12,138,112,250,12,17,29,20,16,36,0,0,0,174,153,327
2020-11-15,6,6,12,89,104,193,14,13,27,11,9,20,0,0,0,120,132,252
2020-11-16,5,8,13,129,134,263,12,17,29,14,22,36,0,0,0,160,181,341
2020-11-17,6,13,19,152,158,310,28,30,58,23,14,37,0,0,0,209,215,424
2020-11-18,9,11,20,148,165,313,13,24,37,29,24,53,0,0,0,199,224,423
2020-11-19,8,13,21,131,123,254,8,16,24,13,11,24,0,0,0,160,163,323
2020-11-20,4,5,9,121,101,222,16,12,28,4,8,12,0,0,0,145,126,271
2020-11-21,9,5,14,110,134,244,10,15,25,6,10,16,0,0,0,135,164,299
2020-11-22,3,8,11,76,64,140,11,11,22,13,8,21,0,1,1,103,92,195
2020-11-23,2,4,6,80,74,154,15,11,26,11,16,27,0,0,0,108,105,213
2020-11-24,7,11,18,138,110,248,19,20,39,16,19,35,0,0,0,180,160,340
2020-11-25,3,10,13,172,165,337,24,19,43,24,18,42,0,0,0,223,212,435
2020-11-26,10,14,24,118,141,259,15,14,29,25,16,41,0,0,0,168,185,353
2020-11-27,13,5,18,147,113,260,18,18,36,14,11,25,0,0,0,192,147,339
2020-11-28,7,2,9,104,117,221,8,14,22,13,14,27,0,0,0,132,147,279
2020-11-29,5,7,12,101,88,189,13,15,28,20,15,35,0,0,0,139,125,264
2020-11-30,8,4,12,127,122,249,8,13,21,12,18,30,0,0,0,155,157,312
2020-12-01,5,5,10,132,107,239,10,16,26,11,17,28,0,0,0,158,145,303
2020-12-02,6,4,10,102,105,207,5,10,15,5,10,15,0,0,0,118,129,247
2020-12-03,3,4,7,122,96,218,17,18,35,13,9,22,0,0,0,155,127,282
2020-12-04,6,11,17,129,120,249,18,18,36,15,15,30,0,1,1,168,165,333
2020-12-05,2,6,8,104,105,209,13,16,29,9,21,30,0,0,0,128,148,276
2020-12-06,6,5,11,98,82,180,11,7,18,5,7,12,0,0,0,120,101,221
2020-12-07,4,6,10,89,94,183,8,11,19,6,8,14,0,0,0,107,119,226
2020-12-08,6,10,16,146,106,252,14,8,22,12,9,21,0,0,0,178,133,311
2020-12-09,9,12,21,161,150,311,21,27,48,17,18,35,0,0,0,208,207,415
2020-12-10,5,16,21,152,157,309,26,31,57,14,19,33,0,0,0,197,223,420
2020-12-11,2,8,10,143,155,298,16,18,34,15,13,28,0,0,0,176,194,370
2020-12-12,3,8,11,139,106,245,23,23,46,8,16,24,1,0,1,174,153,327
2020-12-13,2,8,10,113,113,226,26,23,49,16,10,26,1,0,1,158,154,312
2020-12-14,9,14,23,195,181,376,20,18,38,26,22,48,0,0,0,250,235,485
2020-12-15,8,12,20,216,160,376,25,24,49,14,19,33,0,0,0,263,215,478
2020-12-16,7,10,17,200,189,389,28,23,51,16,16,32,0,0,0,251,238,489
2020-12-17,14,18,32,204,236,440,44,36,80,46,32,78,0,0,0,308,322,630
2020-12-18,5,17,22,261,228,489,36,50,86,21,23,44,0,2,2,323,320,643
2020-12-19,4,7,11,209,186,395,36,41,77,19,13,32,1,1,2,269,248,517
2020-12-20,10,8,18,194,171,365,19,24,43,16,13,29,0,0,0,239,216,455
2020-12-21,9,19,28,304,256,560,37,43,80,45,55,100,1,0,1,396,373,769
2020-12-22,13,10,23,301,299,600,39,42,81,35,29,64,0,0,0,388,380,768
2020-12-23,13,16,29,372,354,726,58,50,108,34,31,65,1,0,1,478,451,929
2020-12-24,5,6,11,201,179,380,27,31,58,14,8,22,1,0,1,248,224,472
2020-12-25,2,3,5,155,126,281,18,15,33,10,15,25,0,0,0,185,159,344
2020-12-26,7,10,17,349,347,696,64,52,116,42,39,81,0,0,0,462,448,910
2020-12-27,10,8,18,292,264,556,47,39,86,34,32,66,0,0,0,383,343,726
2020-12-28,10,14,24,482,462,944,70,61,131,69,54,123,0,0,0,631,591,1222
2020-12-29,10,22,32,487,510,997,81,90,171,75,49,124,0,0,0,653,671,1324
2020-12-30,15,23,38,559,513,1072,84,114,198,39,35,74,2,1,3,699,686,1385
2020-12-31,7,8,15,337,303,640,38,60,98,47,37,84,0,0,0,429,408,837
2021-01-01,2,10,12,130,161,291,17,10,27,18,17,35,0,1,1,167,199,366
2021-01-02,7,9,16,391,376,767,52,68,120,39,28,67,0,0,0,489,481,970
2021-01-03,11,17,28,391,383,774,47,58,105,32,37,69,0,1,1,481,496,977
2021-01-04,15,19,34,607,616,1223,73,60,133,71,51,122,0,0,0,766,746,1512
2021-01-05,18,18,36,637,588,1225,65,76,141,77,77,154,1,1,2,798,760,1558
2021-01-06,12,17,29,624,577,1201,63,72,135,65,56,121,2,2,4,766,724,1490
2021-01-07,9,9,18,528,560,1088,68,71,139,64,59,123,1,0,1,670,699,1369
2021-01-08,13,19,32,539,543,1082,73,53,126,50,48,98,0,2,2,675,665,1340
2021-01-09,9,12,21,424,441,865,60,61,121,30,38,68,1,0,1,524,552,1076
2021-01-10,6,11,17,308,324,632,43,47,90,19,29,48,1,0,1,377,411,788
2021-01-11,9,25,34,495,465,960,46,56,102,55,39,94,0,0,0,605,585,1190
2021-01-12,7,19,26,511,496,1007,65,74,139,55,50,105,1,0,1,639,639,1278
2021-01-13,8,11,19,507,529,1036,48,67,115,78,64,142,1,2,3,642,673,1315
2021-01-14,8,15,23,474,463,937,55,52,107,53,50,103,3,1,4,593,581,1174
2021-01-15,11,3,14,529,445,974,59,67,126,46,44,90,0,0,0,645,559,1204
2021-01-16,5,4,9,376,417,793,42,40,82,35,29,64,0,0,0,458,490,948
2021-01-17,7,9,16,352,330,682,28,26,54,36,25,61,2,0,2,425,390,815
2021-01-18,8,7,15,543,516,1059,63,57,120,58,44,102,0,1,1,672,625,1297
2021-01-19,6,8,14,464,478,942,47,56,103,61,44,105,2,0,2,580,586,1166
2021-01-20,7,8,15,528,493,1021,37,49,86,29,30,59,1,0,1,602,580,1182
2021-01-21,9,11,20,469,460,929,48,67,115,39,37,76,1,0,1,566,575,1141
2021-01-22,6,8,14,414,409,823,52,53,105,41,42,83,0,1,1,513,513,1026
2021-01-23,3,15,18,349,350,699,22,41,63,32,31,63,0,0,0,406,437,843
2021-01-24,5,8,13,350,303,653,24,24,48,28,19,47,1,0,1,408,354,762
2021-01-25,8,15,23,517,467,984,43,57,100,61,38,99,1,0,1,630,577,1207
2021-01-26,7,12,19,477,505,982,38,36,74,38,33,71,0,1,1,560,587,1147
2021-01-27,7,6,13,414,400,814,38,32,70,35,38,73,0,0,0,494,476,970
2021-01-28,4,5,9,449,425,874,53,40,93,34,28,62,1,1,2,541,499,1040
2021-01-29,1,6,7,394,467,861,43,55,98,30,29,59,1,1,2,469,558,1027
2021-01-30,3,5,8,351,373,724,25,37,62,23,19,42,2,0,2,404,434,838
2021-01-31,2,6,8,337,365,702,29,39,68,30,23,53,0,1,1,398,434,832
2021-02-01,9,10,19,468,486,954,40,40,80,36,37,73,2,4,6,555,577,1132
2021-02-02,4,8,12,416,445,861,41,44,85,26,23,49,0,2,2,487,522,1009
2021-02-03,4,10,14,424,394,818,39,44,83,38,43,81,3,1,4,508,492,1000
2021-02-04,2,4,6,350,339,689,36,56,92,39,40,79,1,1,2,428,440,868
2021-02-05,5,13,18,315,312,627,31,56,87,27,32,59,0,2,2,378,415,793
2021-02-06,5,4,9,264,261,525,21,31,52,17,22,39,0,0,0,307,318,625
2021-02-07,1,4,5,209,205,414,26,27,53,27,21,48,0,0,0,263,257,520
2021-02-08,6,13,19,361,374,735,44,46,90,35,25,60,0,1,1,446,459,905
2021-02-09,7,3,10,296,262,558,30,36,66,22,24,46,0,0,0,355,325,680
2021-02-10,2,7,9,306,296,602,24,40,64,21,16,37,1,0,1,354,359,713
2021-02-11,4,8,12,281,297,578,28,34,62,22,21,43,0,0,0,335,360,695
2021-02-12,1,3,4,286,290,576,30,26,56,28,16,44,0,0,0,345,335,680
2021-02-13,2,4,6,232,194,426,32,29,61,17,35,52,0,0,0,283,262,545
2021-02-14,3,3,6,180,228,408,13,16,29,19,12,31,0,1,1,215,260,475
2021-02-15,5,6,11,209,230,439,17,26,43,21,22,43,0,0,0,252,284,536
2021-02-16,4,5,9,216,246,462,20,20,40,12,25,37,0,0,0,252,296,548
2021-02-17,3,6,9,335,308,643,30,38,68,35,33,68,0,1,1,403,386,789
2021-02-18,2,4,6,302,327,629,30,46,76,35,35,70,0,0,0,369,412,781
2021-02-19,1,8,9,312,295,607,33,26,59,30,19,49,1,2,3,377,350,727
2021-02-20,1,6,7,236,238,474,30,24,54,23,16,39,0,0,0,290,284,574
2021-02-21,3,3,6,208,237,445,24,21,45,24,22,46,0,0,0,259,283,542
2021-02-22,4,5,9,268,241,509,33,34,67,35,20,55,1,0,1,341,300,641
2021-02-23,4,8,12,299,267,566,31,26,57,27,29,56,0,0,0,361,330,691
2021-02-24,5,7,12,273,268,541,23,29,52,20,19,39,1,0,1,322,323,645
2021-02-25,0,6,6,303,313,616,27,43,70,45,37,82,1,0,1,376,399,775
2021-02-26,1,4,5,243,269,512,29,33,62,34,27,61,0,0,0,307,333,640
2021-02-27,2,8,10,207,207,414,25,30,55,29,21,50,0,0,0,263,266,529
2021-02-28,1,1,2,178,190,368,14,14,28,11,13,24,2,0,2,206,218,424
2021-03-01,3,5,8,307,293,600,32,35,67,34,33,67,1,0,1,377,366,743
2021-03-02,1,4,5,260,252,512,35,27,62,28,38,66,0,0,0,324,321,645
2021-03-03,6,6,12,306,293,599,36,32,68,33,17,50,0,0,0,381,348,729
2021-03-04,3,1,4,285,268,553,35,33,68,32,30,62,0,0,0,355,332,687
2021-03-05,3,6,9,320,302,622,52,57,109,38,38,76,1,0,1,414,403,817
2021-03-06,0,8,8,209,236,445,43,35,78,26,18,44,0,0,0,278,297,575
2021-03-07,1,7,8,203,216,419,25,29,54,31,16,47,0,0,0,260,268,528
2021-03-08,3,8,11,344,292,636,36,48,84,41,28,69,1,2,3,425,378,803
2021-03-09,0,9,9,319,318,637,42,43,85,57,47,104,1,0,1,419,417,836
2021-03-10,2,9,11,295,339,634,22,47,69,30,19,49,0,0,0,349,414,763
2021-03-11,2,5,7,303,341,644,44,48,92,46,28,74,0,0,0,395,422,817
2021-03-12,4,11,15,334,314,648,50,53,103,44,46,90,0,0,0,432,424,856
2021-03-13,1,6,7,247,248,495,56,40,96,35,41,76,1,2,3,340,337,677
2021-03-14,4,1,5,223,252,475,43,35,78,24,30,54,0,0,0,294,318,612
2021-03-15,2,1,3,402,305,707,38,50,88,28,33,61,0,0,0,470,389,859
2021-03-16,3,9,12,353,335,688,41,44,85,30,26,56,0,0,0,427,414,841
2021-03-17,4,7,11,333,310,643,40,47,87,62,44,106,0,1,1,439,409,848
2021-03-18,0,2,2,346,377,723,36,49,85,32,32,64,1,0,1,415,460,875
2021-03-19,5,6,11,358,388,746,50,52,102,31,40,71,0,0,0,444,486,930
2021-03-20,3,1,4,274,255,529,31,29,60,41,28,69,1,1,2,350,314,664
2021-03-21,3,2,5,283,281,564,23,40,63,34,33,67,0,0,0,343,356,699
2021-03-22,1,7,8,449,438,887,49,60,109,57,57,114,0,1,1,556,563,1119
2021-03-23,4,7,11,510,513,1023,54,56,110,43,50,93,0,0,0,611,626,1237
2021-03-24,3,4,7,503,481,984,57,72,129,78,54,132,1,0,1,642,611,1253
2021-03-25,5,7,12,560,553,1113,66,91,157,73,80,153,0,0,0,704,731,1435
2021-03-26,4,9,13,621,637,1258,62,77,139,79,64,143,0,0,0,766,787,1553
2021-03-27,3,8,11,520,540,1060,84,81,165,32,37,69,0,0,0,639,666,1305
2021-03-28,3,6,9,527,471,998,55,71,126,46,27,73,1,0,1,632,575,1207
2021-03-29,6,10,16,758,682,1440,66,96,162,104,85,189,0,0,0,934,873,1807
2021-03-30,7,10,17,845,789,1634,80,111,191,71,71,142,0,0,0,1003,981,1984
2021-03-31,9,7,16,892,852,1744,101,84,185,60,56,116,0,0,0,1062,999,2061
2021-04-01,2,15,17,853,854,1707,104,96,200,81,63,144,1,0,1,1041,1028,2069
2021-04-02,2,11,13,735,713,1448,74,98,172,65,56,121,0,0,0,876,878,1754
2021-04-03,4,6,10,807,795,1602,90,91,181,51,45,96,0,0,0,952,937,1889
2021-04-04,9,10,19,811,756,1567,63,78,141,68,58,126,0,0,0,951,902,1853
2021-04-05,5,18,23,1279,1298,2577,83,108,191,91,115,206,0,0,0,1458,1539,2997
2021-04-06,6,20,26,1308,1251,2559,89,107,196,83,66,149,0,0,0,1486,1444,2930
2021-04-07,7,21,28,1416,1320,2736,77,93,170,94,76,170,0,1,1,1594,1511,3105
2021-04-08,6,20,26,1247,1283,2530,95,118,213,106,73,179,0,0,0,1454,1494,2948
2021-04-09,7,18,25,1173,1216,2389,90,105,195,90,88,178,0,1,1,1360,1428,2788
2021-04-10,6,13,19,960,1011,1971,90,121,211,70,58,128,0,0,0,1126,1203,2329
2021-04-11,1,8,9,908,963,1871,73,56,129,48,47,95,0,0,0,1030,1074,2104
2021-04-12,11,10,21,1337,1250,2587,117,112,229,107,91,198,0,0,0,1572,1463,3035
2021-04-13,8,14,22,1234,1207,2441,90,81,171,96,101,197,1,0,1,1429,1403,2832
2021-04-14,7,16,23,1293,1340,2633,95,116,211,91,61,152,0,0,0,1486,1533,3019
2021-04-15,7,15,22,1180,1118,2298,87,89,176,78,79,157,0,1,1,1352,1302,2654
2021-04-16,11,11,22,1259,1272,2531,112,90,202,94,69,163,0,1,1,1476,1443,2919
2021-04-17,9,12,21,994,1087,2081,85,99,184,103,79,182,0,0,0,1191,1277,2468
2021-04-18,10,8,18,957,906,1863,81,83,164,60,57,117,0,0,0,1108,1054,2162
2021-04-19,6,19,25,1406,1373,2779,83,104,187,106,86,192,0,0,0,1601,1582,3183
2021-04-20,7,16,23,1371,1318,2689,103,92,195,95,109,204,0,0,0,1576,1535,3111
2021-04-21,7,7,14,1336,1344,2680,75,97,172,89,57,146,0,0,0,1507,1505,3012
2021-04-22,6,10,16,1138,1193,2331,80,86,166,88,64,152,0,0,0,1312,1353,2665
2021-04-23,6,13,19,1235,1237,2472,66,82,148,50,76,126,0,0,0,1357,1408,2765
2021-04-24,4,12,16,854,865,1719,73,74,147,66,51,117,0,0,0,997,1002,1999
2021-04-25,4,8,12,823,821,1644,50,64,114,64,35,99,0,0,0,941,928,1869
2021-04-26,13,18,31,1089,1094,2183,84,81,165,89,91,180,0,0,0,1275,1284,2559
2021-04-27,9,27,36,1073,1131,2204,82,95,177,62,68,130,0,0,0,1226,1321,2547
2021-04-28,7,20,27,1157,1070,2227,74,89,163,52,56,108,1,0,1,1291,1235,2526
2021-04-29,7,12,19,1047,1105,2152,64,78,142,59,63,122,0,0,0,1177,1258,2435
2021-04-30,6,8,14,1069,1139,2208,66,85,151,63,56,119,0,0,0,1204,1288,2492
2021-05-01,6,3,9,701,730,1431,75,75,150,50,56,106,0,0,0,832,864,1696
2021-05-02,4,10,14,699,760,1459,47,58,105,33,37,70,0,0,0,783,865,1648
2021-05-03,5,8,13,1199,1223,2422,92,104,196,76,73,149,0,0,0,1372,1408,2780
2021-05-04,8,14,22,1086,1010,2096,64,85,149,91,79,170,0,0,0,1249,1188,2437
2021-05-05,5,11,16,957,988,1945,67,83,150,48,45,93,0,0,0,1077,1127,2204
2021-05-06,2,4,6,832,910,1742,55,61,116,57,43,100,0,0,0,946,1018,1964
2021-05-07,3,12,15,899,966,1865,59,59,118,51,47,98,0,0,0,1012,1084,2096
2021-05-08,5,10,15,691,713,1404,62,42,104,51,49,100,0,0,0,809,814,1623
2021-05-09,8,8,16,599,644,1243,55,46,101,44,40,84,0,0,0,706,738,1444
2021-05-10,7,6,13,1149,1201,2350,79,100,179,95,86,181,0,0,0,1330,1393,2723
2021-05-11,4,6,10,1058,1054,2112,85,112,197,64,71,135,0,0,0,1211,1243,2454
2021-05-12,10,11,21,1055,1055,2110,69,85,154,82,68,150,0,0,0,1216,1219,2435
2021-05-13,4,8,12,958,947,1905,54,65,119,53,43,96,0,1,1,1069,1064,2133
2021-05-14,6,16,22,1124,1195,2319,78,110,188,80,72,152,0,0,0,1288,1393,2681
2021-05-15,6,9,15,868,852,1720,78,74,152,57,63,120,0,0,0,1009,998,2007
2021-05-16,7,19,26,741,767,1508,64,76,140,93,69,162,0,0,0,905,931,1836
2021-05-17,14,19,33,1439,1465,2904,109,127,236,102,76,178,0,0,0,1664,1687,3351
2021-05-18,7,12,19,1354,1385,2739,93,73,166,75,70,145,0,0,0,1529,1540,3069
2021-05-19,6,23,29,1387,1363,2750,74,90,164,83,55,138,0,0,0,1550,1531,3081
2021-05-20,5,13,18,1221,1299,2520,79,97,176,80,63,143,0,0,0,1385,1472,2857
2021-05-21,7,11,18,1171,1227,2398,85,85,170,52,69,121,0,0,0,1315,1392,2707
2021-05-22,6,13,19,807,850,1657,77,73,150,68,59,127,0,0,0,958,995,1953
2021-05-23,7,11,18,839,758,1597,66,83,149,50,41,91,0,0,0,962,893,1855
2021-05-24,4,23,27,1138,1085,2223,98,91,189,91,80,171,1,0,1,1332,1279,2611
2021-05-25,13,14,27,1084,1059,2143,69,79,148,47,46,93,0,0,0,1213,1198,2411
2021-05-26,11,15,26,1319,1292,2611,79,102,181,92,97,189,0,0,0,1501,1506,3007
2021-05-27,10,15,25,1206,1199,2405,96,99,195,71,72,143,0,0,0,1383,1385,2768
2021-05-28,7,11,18,1115,1124,2239,89,111,200,72,87,159,0,0,0,1283,1333,2616
2021-05-29,4,9,13,770,826,1596,65,94,159,68,68,136,0,0,0,907,997,1904
2021-05-30,5,13,18,630,675,1305,47,46,93,31,39,70,0,0,0,713,773,1486
2021-05-31,9,17,26,1013,1129,2142,64,70,134,38,43,81,1,0,1,1125,1259,2384
2021-06-01,9,12,21,884,934,1818,82,75,157,47,45,92,0,0,0,1022,1066,2088
2021-06-02,5,13,18,745,765,1510,61,81,142,45,47,92,0,0,0,856,906,1762
2021-06-03,2,11,13,766,833,1599,55,57,112,49,40,89,0,0,0,872,941,1813
2021-06-04,6,17,23,772,807,1579,44,71,115,53,56,109,0,0,0,875,951,1826
2021-06-05,9,15,24,595,582,1177,42,46,88,42,44,86,0,0,0,688,687,1375
2021-06-06,5,7,12,529,532,1061,38,43,81,42,43,85,0,0,0,614,625,1239
2021-06-07,7,12,19,868,895,1763,59,50,109,33,39,72,0,0,0,967,996,1963
2021-06-08,4,13,17,716,723,1439,66,69,135,45,39,84,0,0,0,831,844,1675
2021-06-09,5,9,14,747,686,1433,46,40,86,57,44,101,0,0,0,855,779,1634
2021-06-10,6,9,15,814,826,1640,42,47,89,33,35,68,0,0,0,895,917,1812
2021-06-11,5,6,11,724,732,1456,43,50,93,33,40,73,0,0,0,805,828,1633
2021-06-12,5,11,16,417,429,846,51,61,112,43,36,79,0,0,0,516,537,1053
2021-06-13,2,6,8,458,503,961,43,47,90,29,26,55,0,0,0,532,582,1114
2021-06-14,8,5,13,787,785,1572,47,78,125,39,43,82,0,0,0,881,911,1792
2021-06-15,5,12,17,648,649,1297,50,64,114,51,35,86,0,0,0,754,760,1514
2021-06-16,7,10,17,588,577,1165,44,56,100,32,35,67,0,0,0,671,678,1349
2021-06-17,5,7,12,601,648,1249,48,41,89,31,31,62,0,0,0,685,727,1412
2021-06-18,7,12,19,511,550,1061,46,45,91,26,34,60,0,0,0,590,641,1231
2021-06-19,4,5,9,362,379,741,40,43,83,35,42,77,0,0,0,441,469,910
2021-06-20,4,2,6,326,319,645,30,39,69,29,30,59,0,0,0,389,390,779
2021-06-21,6,15,21,420,432,852,41,47,88,44,51,95,0,1,1,511,546,1057
2021-06-22,7,7,14,692,726,1418,56,67,123,33,41,74,0,0,0,788,841,1629
2021-06-23,7,6,13,627,570,1197,40,48,88,26,26,52,0,0,0,700,650,1350
2021-06-24,7,9,16,619,659,1278,47,58,105,39,48,87,0,0,0,712,774,1486
2021-06-25,4,5,9,622,719,1341,60,52,112,35,42,77,0,0,0,721,818,1539
2021-06-26,3,7,10,424,419,843,37,53,90,42,34,76,0,0,0,506,513,1019
2021-06-27,3,9,12,340,357,697,33,49,82,29,20,49,0,0,0,405,435,840
2021-06-28,4,12,16,539,556,1095,31,39,70,25,25,50,0,0,0,599,632,1231
2021-06-29,3,5,8,490,535,1025,38,40,78,20,16,36,0,0,0,551,596,1147
2021-06-30,3,7,10,488,522,1010,31,36,67,30,31,61,0,0,0,552,596,1148
2021-07-01,5,7,12,490,503,993,34,43,77,32,27,59,0,1,1,561,581,1142
2021-07-02,4,4,8,481,481,962,31,43,74,34,31,65,1,0,1,551,559,1110
2021-07-03,1,7,8,334,318,652,31,47,78,35,24,59,0,0,0,401,396,797
2021-07-04,0,5,5,291,266,557,30,21,51,37,20,57,0,0,0,358,312,670
2021-07-05,5,10,15,536,500,1036,45,32,77,21,23,44,0,0,0,607,565,1172
2021-07-06,7,6,13,487,440,927,28,30,58,33,27,60,0,0,0,555,503,1058
2021-07-07,3,10,13,439,414,853,36,34,70,33,27,60,0,0,0,511,485,996
2021-07-08,7,5,12,484,507,991,44,39,83,29,34,63,0,0,0,564,585,1149
2021-07-09,3,2,5,340,347,687,24,21,45,29,34,63,0,0,0,396,404,800
2021-07-10,1,5,6,348,357,705,26,42,68,23,35,58,0,0,0,398,439,837
2021-07-11,4,7,11,298,303,601,18,23,41,20,28,48,0,0,0,340,361,701
2021-07-12,7,7,14,484,480,964,39,36,75,28,29,57,0,0,0,558,552,1110
2021-07-13,5,1,6,416,432,848,21,16,37,19,25,44,0,0,0,461,474,935
2021-07-14,8,7,15,398,440,838,26,25,51,29,17,46,0,0,0,461,489,950
2021-07-15,4,6,10,438,413,851,23,33,56,20,24,44,0,0,0,485,476,961
2021-07-16,3,9,12,395,453,848,27,20,47,15,16,31,0,1,1,440,499,939
2021-07-17,3,8,11,315,298,613,18,16,34,21,20,41,0,0,0,357,342,699
2021-07-18,3,5,8,217,223,440,12,21,33,14,15,29,0,0,0,246,264,510
2021-07-19,0,4,4,372,396,768,26,29,55,21,13,34,0,0,0,419,442,861
2021-07-20,2,7,9,316,331,647,23,16,39,16,18,34,0,0,0,357,372,729
2021-07-21,5,6,11,319,355,674,18,20,38,13,13,26,0,0,0,355,394,749
2021-07-22,4,1,5,353,323,676,20,23,43,25,29,54,0,1,1,402,377,779
2021-07-23,1,1,2,334,357,691,33,30,63,27,19,46,0,0,0,395,407,802
2021-07-24,1,3,4,247,244,491,21,14,35,21,29,50,0,0,0,290,290,580
2021-07-25,1,4,5,237,228,465,12,17,29,5,8,13,0,0,0,255,257,512
2021-07-26,4,3,7,387,386,773,23,35,58,17,18,35,0,0,0,431,442,873
2021-07-27,4,7,11,318,323,641,19,24,43,17,17,34,0,0,0,358,371,729
2021-07-28,3,8,11,246,298,544,21,17,38,5,11,16,1,0,1,276,334,610
2021-07-29,1,3,4,309,301,610,8,13,21,7,13,20,0,0,0,325,330,655
2021-07-30,2,2,4,299,335,634,22,27,49,21,22,43,0,0,0,344,386,730
2021-07-31,0,5,5,215,239,454,15,31,46,17,14,31,0,1,1,247,290,537
2021-08-01,2,6,8,218,226,444,15,23,38,16,14,30,0,0,0,251,269,520
2021-08-02,4,2,6,371,418,789,22,17,39,11,14,25,0,0,0,408,451,859
2021-08-03,5,2,7,351,344,695,15,13,28,18,12,30,0,0,0,389,371,760
2021-08-04,3,3,6,300,299,599,20,22,42,11,9,20,0,0,0,334,333,667
2021-08-05,3,3,6,346,359,705,13,14,27,8,10,18,0,1,1,370,387,757
2021-08-06,3,5,8,324,359,683,18,22,40,17,23,40,0,0,0,362,409,771
2021-08-07,1,0,1,177,225,402,18,19,37,14,9,23,0,0,0,210,253,463
2021-08-08,2,3,5,168,203,371,17,12,29,13,17,30,0,0,0,200,235,435
2021-08-09,2,2,4,266,269,535,12,12,24,7,4,11,0,1,1,287,288,575
2021-08-10,1,4,5,266,291,557,8,9,17,6,8,14,0,0,0,281,312,593
2021-08-11,2,2,4,242,288,530,10,16,26,12,16,28,0,0,0,266,322,588
2021-08-12,2,2,4,237,250,487,12,18,30,8,12,20,0,0,0,259,282,541
2021-08-13,0,3,3,225,244,469,7,13,20,9,8,17,0,0,0,241,268,509
2021-08-14,2,2,4,159,166,325,11,12,23,12,8,20,0,0,0,184,188,372
2021-08-15,0,6,6,143,134,277,7,6,13,8,8,16,0,0,0,158,154,312
2021-08-16,1,4,5,157,165,322,7,12,19,7,13,20,0,0,0,172,194,366
2021-08-17,1,2,3,248,219,467,14,10,24,17,20,37,0,0,0,280,251,531
2021-08-18,2,3,5,243,229,472,14,10,24,10,9,19,0,0,0,269,251,520
2021-08-19,1,4,5,202,193,395,10,13,23,12,6,18,0,0,0,225,216,441
2021-08-20,1,2,3,208,259,467,12,11,23,7,2,9,0,1,1,228,275,503
2021-08-21,0,2,2,125,142,267,7,12,19,6,10,16,0,1,1,138,167,305
2021-08-22,3,0,3,120,137,257,7,10,17,7,4,11,0,0,0,137,151,288
2021-08-23,1,3,4,173,158,331,6,11,17,7,3,10,0,0,0,187,175,362
2021-08-24,1,4,5,157,175,332,9,6,15,7,5,12,0,0,0,174,190,364
2021-08-25,1,3,4,148,163,311,5,6,11,9,7,16,0,0,0,163,179,342
2021-08-26,1,0,1,159,160,319,11,9,20,2,7,9,0,0,0,173,176,349
2021-08-27,0,0,0,148,161,309,5,10,15,7,7,14,0,0,0,160,178,338
2021-08-28,0,2,2,108,98,206,7,9,16,5,6,11,0,0,0,120,115,235
2021-08-29,0,1,1,104,104,208,4,5,9,6,9,15,0,0,0,114,119,233
2021-08-30,1,4,5,122,163,285,11,10,21,6,7,13,0,0,0,140,184,324
2021-08-31,2,2,4,144,137,281,9,12,21,10,7,17,0,0,0,165,158,323
2021-09-01,2,1,3,121,154,275,13,11,24,1,5,6,0,0,0,137,171,308
2021-09-02,1,0,1,116,136,252,7,9,16,4,7,11,0,1,1,128,153,281
2021-09-03,1,2,3,138,152,290,5,4,9,5,10,15,0,0,0,149,168,317
2021-09-04,0,1,1,54,75,129,2,4,6,2,5,7,0,0,0,58,85,143
2021-09-05,0,4,4,82,60,142,6,5,11,4,5,9,0,0,0,92,74,166
2021-09-06,1,1,2,121,108,229,4,5,9,4,3,7,1,0,1,131,117,248
2021-09-07,1,4,5,93,100,193,3,5,8,2,2,4,0,0,0,99,111,210
2021-09-08,0,3,3,96,90,186,1,3,4,2,1,3,0,0,0,99,97,196
2021-09-09,0,1,1,86,90,176,10,7,17,3,5,8,0,0,0,99,103,202
2021-09-10,0,4,4,115,101,216,3,7,10,4,2,6,0,0,0,122,114,236
2021-09-11,1,1,2,65,68,133,7,3,10,2,1,3,0,0,0,75,73,148
2021-09-12,0,2,2,54,73,127,3,2,5,2,1,3,0,0,0,59,78,137
2021-09-13,2,1,3,99,103,202,3,3,6,5,3,8,0,0,0,109,110,219
2021-09-14,1,1,2,79,92,171,2,5,7,3,3,6,1,0,1,86,101,187
2021-09-15,1,2,3,84,92,176,1,1,2,1,2,3,0,0,0,87,97,184
2021-09-16,0,0,0,84,89,173,3,1,4,1,1,2,0,0,0,88,91,179
2021-09-17,0,0,0,79,92,171,5,4,9,0,4,4,0,0,0,84,100,184
2021-09-18,0,2,2,47,45,92,2,0,2,1,2,3,0,0,0,50,49,99
2021-09-19,0,0,0,41,45,86,1,1,2,4,2,6,0,0,0,46,48,94
2021-09-20,1,1,2,56,59,115,4,1,5,4,0,4,0,0,0,65,61,126
2021-09-21,0,1,1,74,63,137,2,1,3,1,0,1,0,0,0,77,65,142
2021-09-22,0,0,0,64,56,120,1,1,2,2,1,3,0,0,0,67,58,125
2021-09-23,0,0,0,62,75,137,1,0,1,2,1,3,0,0,0,65,76,141
2021-09-24,0,0,0,79,70,149,2,4,6,1,2,3,0,0,0,82,76,158
2021-09-25,1,3,4,35,48,83,4,2,6,2,2,4,0,0,0,42,55,97
2021-09-26,0,0,0,28,38,66,6,5,11,1,0,1,0,0,0,35,43,78
2021-09-27,0,0,0,52,63,115,2,1,3,2,3,5,0,0,0,56,67,123
2021-09-28,0,1,1,52,50,102,0,1,1,2,4,6,0,0,0,54,56,110
2021-09-29,1,1,2,41,61,102,2,0,2,4,1,5,0,0,0,48,63,111
2021-09-30,0,0,0,40,41,81,2,0,2,4,1,5,0,0,0,46,42,88
2021-10-01,0,1,1,50,76,126,3,1,4,4,1,5,0,0,0,57,79,136
2021-10-02,0,2,2,28,43,71,2,1,3,3,2,5,0,0,0,33,48,81
2021-10-03,0,0,0,28,36,64,0,2,2,0,0,0,0,0,0,28,38,66
2021-10-04,0,0,0,49,53,102,1,1,2,0,2,2,0,0,0,50,56,106
2021-10-05,0,1,1,62,63,125,0,1,1,1,1,2,0,0,0,63,66,129
2021-10-06,1,0,1,65,82,147,4,3,7,0,1,1,0,0,0,70,86,156
2021-10-07,0,0,0,53,53,106,2,3,5,1,2,3,0,0,0,56,58,114
2021-10-08,0,0,0,43,29,72,2,2,4,1,2,3,0,0,0,46,33,79
2021-10-09,0,0,0,26,31,57,2,1,3,3,3,6,0,0,0,31,35,66
2021-10-10,0,0,0,48,35,83,3,4,7,0,5,5,0,0,0,51,44,95
2021-10-11,1,0,1,48,51,99,2,3,5,0,4,4,0,0,0,51,58,109
2021-10-12,1,1,2,85,92,177,1,5,6,5,4,9,1,1,2,93,103,196
2021-10-13,0,0,0,72,82,154,6,4,10,1,0,1,0,0,0,79,86,165
2021-10-14,1,0,1,94,105,199,6,3,9,3,1,4,0,0,0,104,109,213
2021-10-15,0,0,0,58,80,138,4,1,5,4,3,7,2,0,2,68,84,152
2021-10-16,1,0,1,42,54,96,8,7,15,3,4,7,0,0,0,54,65,119
2021-10-17,0,1,1,35,26,61,5,0,5,4,3,7,0,0,0,44,30,74
2021-10-18,0,0,0,64,64,128,4,4,8,3,3,6,0,0,0,71,71,142
2021-10-19,0,0,0,66,83,149,1,2,3,5,2,7,0,0,0,72,87,159
2021-10-20,0,3,3,84,122,206,5,1,6,2,4,6,0,0,0,91,130,221
2021-10-21,0,1,1,111,134,245,2,10,12,2,2,4,0,0,0,115,147,262
2021-10-22,1,0,1,104,127,231,1,2,3,3,4,7,0,0,0,109,133,242
2021-10-23,0,0,0,68,67,135,3,5,8,2,1,3,0,0,0,73,73,146
2021-10-24,0,1,1,58,53,111,5,3,8,0,2,2,0,0,0,63,59,122
2021-10-25,0,0,0,79,111,190,2,3,5,1,2,3,0,0,0,82,116,198
2021-10-26,1,0,1,97,87,184,4,4,8,1,2,3,0,1,1,103,94,197
2021-10-27,0,0,0,94,102,196,2,4,6,2,3,5,0,0,0,98,109,207
2021-10-28,0,2,2,87,89,176,4,3,7,5,2,7,0,0,0,96,96,192
2021-10-29,0,2,2,86,99,185,5,0,5,5,3,8,0,0,0,96,104,200
2021-10-30,0,0,0,67,73,140,3,4,7,4,3,7,0,0,0,74,80,154
2021-10-31,2,3,5,56,57,113,3,3,6,0,6,6,0,0,0,61,69,130
2021-11-01,0,1,1,72,87,159,1,3,4,4,10,14,0,1,1,77,102,179
2021-11-02,0,1,1,71,77,148,3,3,6,2,4,6,0,0,0,76,85,161
2021-11-03,0,2,2,82,102,184,5,6,11,1,6,7,0,0,0,88,116,204
2021-11-04,0,1,1,111,96,207,3,6,9,3,3,6,0,0,0,117,106,223
2021-11-05,1,0,1,79,88,167,1,5,6,4,2,6,0,0,0,85,95,180
2021-11-06,1,2,3,79,89,168,3,9,12,8,5,13,1,1,2,92,106,198
2021-11-07,3,1,4,53,62,115,3,3,6,4,0,4,0,0,0,63,66,129
2021-11-08,0,0,0,94,107,201,5,4,9,4,2,6,0,0,0,103,113,216
2021-11-09,0,1,1,93,118,211,5,6,11,3,4,7,0,0,0,101,129,230
2021-11-10,1,2,3,116,127,243,2,5,7,4,7,11,1,0,1,124,141,265
2021-11-11,0,1,1,114,107,221,2,4,6,2,3,5,0,0,0,118,115,233
2021-11-12,0,1,1,108,127,235,3,3,6,4,10,14,0,0,0,115,141,256
2021-11-13,0,0,0,82,97,179,3,7,10,4,2,6,0,0,0,89,106,195
2021-11-14,0,0,0,73,69,142,3,9,12,5,2,7,1,0,1,82,80,162
2021-11-15,0,2,2,88,126,214,2,8,10,3,7,10,0,0,0,93,143,236
2021-11-16,1,3,4,92,99,191,8,7,15,9,6,15,0,0,0,110,115,225
2021-11-17,0,2,2,112,105,217,2,7,9,2,5,7,0,0,0,116,119,235
2021-11-18,2,1,3,107,95,202,10,11,21,4,2,6,1,0,1,124,109,233
2021-11-19,1,3,4,95,104,199,6,5,11,5,7,12,0,0,0,107,119,226
2021-11-20,0,2,2,84,81,165,4,10,14,6,7,13,0,0,0,94,100,194
2021-11-21,0,0,0,77,90,167,7,5,12,7,9,16,0,0,0,91,104,195
2021-11-22,0,1,1,76,91,167,3,15,18,8,6,14,0,0,0,87,113,200
2021-11-23,1,2,3,125,160,285,9,7,16,10,6,16,0,0,0,145,175,320
2021-11-24,0,0,0,146,133,279,5,9,14,8,8,16,0,1,1,159,151,310
2021-11-25,0,2,2,117,145,262,3,8,11,5,3,8,1,1,2,126,159,285
2021-11-26,1,1,2,122,138,260,7,10,17,4,6,10,0,0,0,134,155,289
2021-11-27,0,0,0,110,104,214,9,7,16,5,7,12,0,0,0,124,118,242
2021-11-28,0,3,3,104,90,194,2,7,9,6,4,10,0,0,0,112,104,216
2021-11-29,0,1,1,151,192,343,4,6,10,9,15,24,0,0,0,164,214,378
2021-11-30,0,1,1,172,183,355,6,5,11,8,9,17,0,0,0,186,198,384
2021-12-01,0,4,4,161,197,358,4,8,12,13,11,24,0,1,1,178,221,399
2021-12-02,3,2,5,192,214,406,6,11,17,6,7,13,0,1,1,207,235,442
2021-12-03,1,2,3,135,187,322,9,13,22,8,12,20,0,0,0,153,214,367
2021-12-04,0,1,1,143,167,310,8,10,18,12,14,26,0,1,1,163,193,356
2021-12-05,1,1,2,122,139,261,10,8,18,11,14,25,0,0,0,144,162,306
2021-12-06,0,8,8,230,241,471,9,14,23,8,15,23,1,0,1,248,278,526
2021-12-07,1,2,3,211,276,487,8,17,25,12,9,21,0,0,0,232,304,536
2021-12-08,1,2,3,184,193,377,10,17,27,9,19,28,0,0,0,204,231,435
2021-12-09,3,4,7,301,330,631,15,13,28,10,20,30,0,0,0,329,367,696
2021-12-10,0,2,2,272,289,561,11,18,29,15,11,26,0,0,0,298,320,618
2021-12-11,1,1,2,218,257,475,8,13,21,23,19,42,0,0,0,250,290,540
2021-12-12,3,4,7,226,210,436,14,12,26,11,15,26,1,0,1,255,241,496
2021-12-13,2,2,4,342,376,718,18,25,43,31,23,54,0,1,1,393,427,820
2021-12-14,2,3,5,376,417,793,24,17,41,41,31,72,0,1,1,443,469,912
2021-12-15,5,4,9,403,407,810,30,33,63,27,29,56,0,1,1,465,474,939
2021-12-16,5,4,9,512,445,957,41,36,77,33,36,69,2,0,2,593,521,1114
2021-12-17,0,4,4,464,495,959,24,31,55,34,30,64,0,0,0,522,560,1082
2021-12-18,2,3,5,412,402,814,26,33,59,32,34,66,0,0,0,472,472,944
2021-12-19,4,10,14,394,448,842,24,32,56,40,29,69,0,1,1,462,520,982
2021-12-20,4,6,10,730,808,1538,30,27,57,40,56,96,1,0,1,805,897,1702
2021-12-21,3,10,13,917,1086,2003,39,29,68,64,55,119,2,2,4,1025,1182,2207
2021-12-22,4,17,21,1327,1522,2849,46,71,117,66,61,127,1,0,1,1444,1671,3115
2021-12-23,4,21,25,1380,1407,2787,60,63,123,88,80,168,2,2,4,1534,1573,3107
2021-12-24,5,6,11,942,985,1927,30,39,69,85,86,171,1,4,5,1063,1120,2183
2021-12-25,4,5,9,658,714,1372,27,43,70,64,55,119,0,2,2,753,819,1572
2021-12-26,7,13,20,1633,1727,3360,62,75,137,134,178,312,1,1,2,1837,1994,3831
2021-12-27,10,25,35,2733,3013,5746,52,49,101,189,207,396,0,1,1,2984,3295,6279
2021-12-28,5,8,13,3096,3640,6736,32,44,76,496,574,1070,0,2,2,3629,4268,7897
2021-12-29,6,13,19,1246,1498,2744,22,28,50,2669,2906,5575,0,2,2,3943,4447,8390
2021-12-30,1,3,4,543,665,1208,14,23,37,3284,3776,7060,0,0,0,3842,4467,8309
2021-12-31,2,1,3,291,344,635,13,13,26,1898,2126,4024,0,1,1,2204,2485,4689
2022-01-01,1,3,4,178,189,367,4,4,8,1372,1428,2800,0,1,1,1555,1625,3180
2022-01-02,1,0,1,291,377,668,6,6,12,2989,3394,6383,0,0,0,3287,3777,7064
2022-01-03,2,9,11,425,561,986,7,6,13,4597,5236,9833,0,0,0,5031,5812,10843
2022-01-04,1,7,8,193,247,440,4,4,8,2118,2587,4705,0,1,1,2316,2846,5162
2022-01-05,0,0,0,7,12,19,3,5,8,139,239,378,1,0,1,150,256,406
