FECHA,SM,SF,S,CM,CF,C,CEM,CEF,CE,EM,EF,E,IM,IF,I,TotalM,TotalF,Total
2020-03-15,0,0,0,0,0,0,1,0,1,0,0,0,0,2,2,1,2,3
2020-03-16,0,0,0,0,0,0,2,1,3,0,0,0,6,2,8,8,3,11
2020-03-17,0,0,0,0,0,0,2,1,3,0,0,0,6,4,10,8,5,13
2020-03-18,0,1,1,1,1,2,1,0,1,0,0,0,4,3,7,6,5,11
2020-03-19,0,0,0,2,0,2,2,0,2,0,0,0,7,3,10,11,3,14
2020-03-20,0,0,0,2,0,2,1,1,2,0,0,0,7,2,9,10,3,13
2020-03-21,0,0,0,0,0,0,4,4,8,0,0,0,9,5,14,13,9,22
2020-03-22,0,0,0,4,0,4,2,1,3,2,0,2,10,3,13,18,4,22
2020-03-23,2,0,2,3,3,6,6,2,8,1,0,1,4,3,7,16,8,24
2020-03-24,1,0,1,5,4,9,2,2,4,0,0,0,11,3,14,19,9,28
2020-03-25,1,0,1,6,2,8,1,2,3,0,1,1,10,4,14,18,9,27
2020-03-26,0,0,0,1,2,3,4,4,8,0,0,0,7,5,12,12,11,23
2020-03-27,2,0,2,1,4,5,2,2,4,0,1,1,3,3,6,8,10,18
2020-03-28,1,2,3,3,3,6,2,1,3,0,1,1,3,0,3,9,7,16
2020-03-29,3,0,3,6,7,13,0,2,2,0,0,0,4,6,10,13,15,28
2020-03-30,3,1,4,11,8,19,1,0,1,0,0,0,2,3,5,17,12,29
2020-03-31,3,0,3,8,5,13,2,4,6,0,0,0,2,1,3,15,10,25
2020-04-01,0,2,2,10,8,18,1,1,2,1,0,1,3,4,7,15,15,30
2020-04-02,2,2,4,10,4,14,5,10,15,1,0,1,0,1,1,18,17,35
2020-04-03,4,4,8,4,5,9,1,4,5,0,0,0,1,0,1,10,13,23
2020-04-04,1,2,3,3,3,6,0,1,1,1,0,1,0,2,2,5,8,13
2020-04-05,1,3,4,4,3,7,1,2,3,0,0,0,1,1,2,7,9,16
2020-04-06,2,5,7,7,4,11,1,2,3,0,1,1,0,3,3,10,15,25
2020-04-07,1,3,4,8,2,10,2,3,5,0,0,0,1,1,2,12,9,21
2020-04-08,1,7,8,6,2,8,4,2,6,0,0,0,0,0,0,11,11,22
2020-04-09,0,2,2,3,1,4,3,0,3,0,0,0,1,0,1,7,3,10
2020-04-10,0,1,1,4,2,6,1,1,2,0,0,0,0,0,0,5,4,9
2020-04-11,1,1,2,2,1,3,1,1,2,0,0,0,0,1,1,4,4,8
2020-04-12,3,3,6,1,3,4,1,2,3,0,0,0,0,0,0,5,8,13
2020-04-13,3,4,7,4,3,7,2,3,5,0,1,1,0,0,0,9,11,20
2020-04-14,4,1,5,9,7,16,1,1,2,0,0,0,0,0,0,14,9,23
2020-04-15,3,1,4,1,4,5,0,1,1,0,0,0,0,0,0,4,6,10
2020-04-16,2,2,4,7,3,10,3,9,12,0,0,0,1,0,1,13,14,27
2020-04-17,5,4,9,2,9,11,2,2,4,0,0,0,0,0,0,9,15,24
2020-04-18,1,2,3,2,7,9,3,7,10,1,0,1,1,0,1,8,16,24
2020-04-19,1,4,5,6,6,12,3,5,8,0,0,0,0,0,0,10,15,25
2020-04-20,4,2,6,3,4,7,5,5,10,0,0,0,0,0,0,12,11,23
2020-04-21,0,5,5,5,14,19,4,9,13,0,0,0,0,1,1,9,29,38
2020-04-22,2,4,6,17,21,38,6,9,15,1,0,1,0,0,0,26,34,60
2020-04-23,3,2,5,15,11,26,16,15,31,1,0,1,0,0,0,35,28,63
2020-04-24,4,9,13,7,6,13,10,9,19,1,1,2,1,0,1,23,25,48
2020-04-25,0,3,3,11,10,21,2,3,5,1,0,1,0,0,0,14,16,30
2020-04-26,0,4,4,6,5,11,2,3,5,0,0,0,0,0,0,8,12,20
2020-04-27,4,6,10,13,21,34,13,5,18,0,0,0,0,1,1,30,33,63
2020-04-28,6,3,9,12,12,24,2,2,4,0,0,0,2,0,2,22,17,39
2020-04-29,1,3,4,12,12,24,4,5,9,1,0,1,0,0,0,18,20,38
2020-04-30,5,3,8,14,7,21,3,6,9,1,0,1,0,0,0,23,16,39
2020-05-01,2,0,2,9,15,24,10,8,18,2,1,3,0,0,0,23,24,47
2020-05-02,2,2,4,8,6,14,10,15,25,0,0,0,0,0,0,20,23,43
2020-05-03,1,1,2,9,7,16,8,11,19,0,2,2,1,0,1,19,21,40
2020-05-04,4,5,9,14,18,32,8,10,18,4,1,5,0,0,0,30,34,64
2020-05-05,1,6,7,34,35,69,15,31,46,6,5,11,0,1,1,56,78,134
2020-05-06,5,5,10,19,11,30,12,20,32,5,6,11,0,0,0,41,42,83
2020-05-07,2,7,9,22,17,39,24,28,52,6,7,13,0,0,0,54,59,113
2020-05-08,6,6,12,40,31,71,34,39,73,5,2,7,0,0,0,85,78,163
2020-05-09,8,5,13,17,18,35,29,20,49,2,8,10,0,0,0,56,51,107
2020-05-10,5,5,10,19,19,38,88,24,112,4,1,5,0,0,0,116,49,165
2020-05-11,1,5,6,37,35,72,16,22,38,8,3,11,0,0,0,62,65,127
2020-05-12,6,9,15,56,47,103,42,58,100,4,3,7,0,0,0,108,117,225
2020-05-13,2,7,9,53,38,91,35,42,77,3,3,6,0,0,0,93,90,183
2020-05-14,2,3,5,74,69,143,34,43,77,8,12,20,0,0,0,118,127,245
2020-05-15,6,6,12,40,41,81,45,57,102,2,9,11,0,0,0,93,113,206
2020-05-16,5,6,11,56,59,115,34,33,67,5,12,17,0,0,0,100,110,210
2020-05-17,3,10,13,64,42,106,50,42,92,8,4,12,0,0,0,125,98,223
2020-05-18,6,8,14,86,78,164,79,93,172,13,17,30,0,0,0,184,196,380
2020-05-19,7,11,18,87,80,167,73,78,151,5,5,10,0,0,0,172,174,346
2020-05-20,5,20,25,91,79,170,63,74,137,13,12,25,0,0,0,172,185,357
2020-05-21,8,16,24,84,69,153,88,81,169,19,9,28,0,0,0,199,175,374
2020-05-22,5,22,27,75,75,150,76,63,139,11,9,20,0,0,0,167,169,336
2020-05-23,8,9,17,63,63,126,82,95,177,9,11,20,0,0,0,162,178,340
2020-05-24,4,8,12,60,50,110,62,56,118,9,8,17,1,0,1,136,122,258
2020-05-25,10,18,28,46,62,108,75,68,143,14,11,25,0,0,0,145,159,304
2020-05-26,16,15,31,80,74,154,97,112,209,16,13,29,0,0,0,209,214,423
2020-05-27,11,27,38,89,67,156,103,101,204,16,15,31,0,0,0,219,210,429
2020-05-28,14,22,36,106,108,214,99,104,203,13,19,32,0,0,0,232,253,485
2020-05-29,8,16,24,81,100,181,88,102,190,17,15,32,0,0,0,194,233,427
2020-05-30,3,9,12,56,66,122,68,67,135,12,11,23,0,1,1,139,154,293
2020-05-31,4,11,15,67,62,129,48,57,105,9,10,19,0,0,0,128,140,268
2020-06-01,12,12,24,88,85,173,67,85,152,27,25,52,0,0,0,194,207,401
2020-06-02,15,19,34,96,106,202,92,86,178,31,21,52,0,0,0,234,232,466
2020-06-03,10,19,29,108,110,218,71,76,147,26,23,49,0,0,0,215,228,443
2020-06-04,11,22,33,94,108,202,62,87,149,24,18,42,0,0,0,191,235,426
2020-06-05,8,21,29,102,120,222,111,82,193,26,25,51,0,0,0,247,248,495
2020-06-06,9,31,40,96,84,180,66,85,151,21,11,32,0,0,0,192,211,403
2020-06-07,7,9,16,68,68,136,77,91,168,7,10,17,0,0,0,159,178,337
2020-06-08,18,38,56,142,122,264,106,112,218,46,39,85,0,0,0,312,311,623
2020-06-09,16,20,36,128,143,271,111,117,228,46,37,83,0,0,0,301,317,618
2020-06-10,23,18,41,127,127,254,95,143,238,37,37,74,0,1,1,282,326,608
2020-06-11,25,26,51,149,150,299,127,128,255,44,27,71,0,0,0,345,331,676
2020-06-12,12,30,42,173,155,328,106,117,223,37,30,67,0,0,0,328,332,660
2020-06-13,11,24,35,106,101,207,114,135,249,25,26,51,0,0,0,256,286,542
2020-06-14,19,19,38,73,80,153,74,96,170,16,13,29,0,0,0,182,208,390
2020-06-15,12,24,36,102,84,186,96,87,183,29,13,42,0,0,0,239,208,447
2020-06-16,20,33,53,163,145,308,128,137,265,62,37,99,0,0,0,373,352,725
2020-06-17,19,45,64,220,193,413,159,168,327,55,40,95,0,0,0,453,446,899
2020-06-18,24,46,70,232,176,408,135,162,297,64,52,116,0,0,0,455,436,891
2020-06-19,34,47,81,209,189,398,136,169,305,49,36,85,0,0,0,428,441,869
2020-06-20,25,29,54,153,144,297,138,151,289,39,48,87,0,0,0,355,372,727
2020-06-21,21,20,41,117,118,235,107,114,221,38,31,69,0,0,0,283,283,566
2020-06-22,23,40,63,248,211,459,229,158,387,66,53,119,0,0,0,566,462,1028
2020-06-23,29,45,74,223,184,407,163,184,347,54,57,111,0,0,0,469,470,939
2020-06-24,38,56,94,220,171,391,154,171,325,55,44,99,0,0,0,467,442,909
2020-06-25,27,46,73,201,193,394,163,176,339,56,42,98,0,0,0,447,457,904
2020-06-26,34,47,81,203,208,411,179,174,353,46,48,94,0,0,0,462,477,939
2020-06-27,23,28,51,153,173,326,145,141,286,39,28,67,0,0,0,360,370,730
2020-06-28,29,38,67,163,126,289,113,101,214,30,25,55,0,0,0,335,290,625
2020-06-29,36,47,83,238,195,433,148,169,317,57,36,93,0,0,0,479,447,926
2020-06-30,47,58,105,227,189,416,141,160,301,39,38,77,0,0,0,454,445,899
2020-07-01,34,51,85,229,190,419,138,146,284,42,29,71,0,0,0,443,416,859
2020-07-02,39,59,98,240,226,466,161,164,325,32,33,65,0,0,0,472,482,954
2020-07-03,51,55,106,269,225,494,150,158,308,42,53,95,0,0,0,512,491,1003
2020-07-04,24,48,72,213,266,479,111,110,221,42,28,70,1,1,2,391,453,844
2020-07-05,32,46,78,168,179,347,120,117,237,36,30,66,0,0,0,356,372,728
2020-07-06,49,89,138,280,266,546,161,141,302,57,41,98,0,0,0,547,537,1084
2020-07-07,40,62,102,278,241,519,155,152,307,57,36,93,0,1,1,530,492,1022
2020-07-08,43,74,117,298,326,624,156,155,311,52,46,98,0,0,0,549,601,1150
2020-07-09,19,53,72,230,239,469,137,119,256,53,51,104,0,0,0,439,462,901
2020-07-10,27,52,79,216,234,450,143,134,277,63,36,99,0,0,0,449,456,905
2020-07-11,30,38,68,205,197,402,113,128,241,56,51,107,0,0,0,404,414,818
2020-07-12,27,38,65,171,147,318,112,102,214,45,41,86,0,0,0,355,328,683
2020-07-13,45,82,127,346,367,713,171,126,297,49,41,90,0,0,0,611,616,1227
2020-07-14,53,65,118,302,281,583,149,171,320,54,42,96,0,0,0,558,559,1117
2020-07-15,42,82,124,331,281,612,122,173,295,56,45,101,1,1,2,552,582,1134
2020-07-16,44,72,116,327,329,656,159,159,318,64,58,122,0,0,0,594,618,1212
2020-07-17,37,82,119,327,351,678,130,146,276,38,36,74,0,0,0,532,615,1147
2020-07-18,43,70,113,338,338,676,102,93,195,39,30,69,0,0,0,522,531,1053
2020-07-19,47,51,98,250,257,507,104,129,233,64,42,106,0,0,0,465,479,944
2020-07-20,62,88,150,352,351,703,150,160,310,91,65,156,0,0,0,655,664,1319
2020-07-21,57,95,152,349,357,706,188,193,381,89,65,154,0,0,0,683,710,1393
2020-07-22,57,74,131,369,302,671,167,170,337,87,69,156,0,0,0,680,615,1295
2020-07-23,38,70,108,318,293,611,159,151,310,79,71,150,1,0,1,595,585,1180
2020-07-24,39,92,131,360,326,686,175,162,337,67,52,119,0,0,0,641,632,1273
2020-07-25,51,64,115,273,220,493,104,129,233,36,34,70,0,0,0,464,447,911
2020-07-26,32,34,66,219,258,477,73,107,180,40,27,67,0,0,0,364,426,790
2020-07-27,40,79,119,414,393,807,102,95,197,45,31,76,0,0,0,601,598,1199
2020-07-28,47,66,113,415,366,781,96,110,206,59,48,107,0,0,0,617,590,1207
2020-07-29,30,69,99,327,318,645,143,141,284,68,70,138,1,0,1,569,598,1167
2020-07-30,40,63,103,331,357,688,146,135,281,71,66,137,0,0,0,588,621,1209
2020-07-31,47,74,121,307,316,623,142,151,293,72,55,127,3,0,3,571,596,1167
2020-08-01,41,62,103,282,280,562,131,148,279,56,62,118,0,0,0,510,552,1062
2020-08-02,39,48,87,276,279,555,109,119,228,47,36,83,0,0,0,471,482,953
2020-08-03,52,77,129,434,451,885,180,181,361,94,95,189,0,0,0,760,804,1564
2020-08-04,44,86,130,398,444,842,181,163,344,102,81,183,1,0,1,726,774,1500
2020-08-05,44,58,102,468,528,996,149,105,254,94,71,165,0,0,0,755,762,1517
2020-08-06,37,67,104,336,338,674,151,147,298,78,71,149,0,0,0,602,623,1225
2020-08-07,31,70,101,337,322,659,122,128,250,74,72,146,0,0,0,564,592,1156
2020-08-08,29,56,85,244,319,563,97,105,202,52,41,93,0,0,0,422,521,943
2020-08-09,24,34,58,245,229,474,80,86,166,53,43,96,0,0,0,402,392,794
2020-08-10,39,61,100,376,405,781,124,145,269,67,53,120,0,0,0,606,664,1270
2020-08-11,32,57,89,357,357,714,113,103,216,73,63,136,0,0,0,575,580,1155
2020-08-12,37,78,115,332,302,634,120,120,240,73,63,136,0,0,0,562,563,1125
2020-08-13,29,57,86,334,308,642,86,95,181,67,61,128,0,0,0,516,521,1037
2020-08-14,35,49,84,326,293,619,107,124,231,50,55,105,0,0,0,518,521,1039
2020-08-15,30,45,75,300,383,683,79,82,161,49,46,95,0,0,0,458,556,1014
2020-08-16,25,34,59,216,199,415,73,73,146,59,24,83,0,0,0,373,330,703
2020-08-17,25,38,63,324,318,642,92,86,178,53,41,94,0,1,1,494,484,978
2020-08-18,51,75,126,378,403,781,115,95,210,108,76,184,1,0,1,653,649,1302
2020-08-19,47,61,108,395,429,824,109,112,221,106,60,166,0,0,0,657,662,1319
2020-08-20,37,43,80,379,371,750,129,104,233,72,49,121,0,0,0,617,567,1184
2020-08-21,44,67,111,363,347,710,117,114,231,70,67,137,0,0,0,594,595,1189
2020-08-22,23,46,69,278,300,578,117,90,207,68,47,115,0,0,0,486,483,969
2020-08-23,32,35,67,257,266,523,90,102,192,66,58,124,0,0,0,445,461,906
2020-08-24,38,74,112,451,377,828,115,133,248,99,78,177,0,0,0,703,662,1365
2020-08-25,35,65,100,511,502,1013,102,109,211,79,83,162,0,0,0,727,759,1486
2020-08-26,56,50,106,563,512,1075,100,100,200,79,81,160,0,0,0,798,743,1541
2020-08-27,43,64,107,515,532,1047,111,138,249,68,61,129,0,0,0,737,795,1532
2020-08-28,35,51,86,446,435,881,108,117,225,81,80,161,0,0,0,670,683,1353
2020-08-29,20,53,73,316,335,651,99,90,189,59,58,117,0,0,0,494,536,1030
2020-08-30,19,36,55,286,274,560,56,71,127,61,52,113,0,0,0,422,433,855
2020-08-31,38,63,101,494,529,1023,88,82,170,74,54,128,0,0,0,694,728,1422
2020-09-01,26,36,62,502,489,991,77,86,163,68,64,132,0,0,0,673,675,1348
2020-09-02,26,41,67,382,354,736,78,69,147,53,70,123,0,0,0,539,534,1073
2020-09-03,34,34,68,401,374,775,81,86,167,73,56,129,0,0,0,589,550,1139
2020-09-04,31,73,104,417,383,800,71,73,144,49,61,110,0,0,0,568,590,1158
2020-09-05,20,35,55,329,351,680,60,70,130,60,52,112,0,0,0,469,508,977
2020-09-06,16,33,49,238,236,474,62,47,109,42,42,84,1,0,1,359,358,717
2020-09-07,25,49,74,463,461,924,73,91,164,60,37,97,0,0,0,621,638,1259
2020-09-08,27,61,88,459,444,903,96,81,177,50,57,107,0,0,0,632,643,1275
2020-09-09,26,49,75,467,441,908,87,77,164,50,46,96,0,0,0,630,613,1243
2020-09-10,21,42,63,419,429,848,84,72,156,60,60,120,0,0,0,584,603,1187
2020-09-11,28,44,72,410,406,816,65,94,159,58,43,101,0,0,0,561,587,1148
2020-09-12,23,36,59,267,328,595,48,53,101,39,35,74,0,0,0,377,452,829
2020-09-13,21,33,54,264,263,527,39,53,92,39,36,75,0,0,0,363,385,748
2020-09-14,27,35,62,350,380,730,74,62,136,61,49,110,0,0,0,512,526,1038
2020-09-15,25,27,52,363,353,716,51,76,127,50,44,94,0,0,0,489,500,989
2020-09-16,30,20,50,376,422,798,48,41,89,48,35,83,0,0,0,502,518,1020
2020-09-17,12,30,42,309,284,593,45,71,116,75,57,132,0,0,0,441,442,883
2020-09-18,21,37,58,336,376,712,46,60,106,45,32,77,0,0,0,448,505,953
2020-09-19,21,23,44,243,246,489,50,35,85,27,43,70,0,0,0,341,347,688
2020-09-20,1,27,28,180,200,380,36,38,74,31,27,58,0,0,0,248,292,540
2020-09-21,22,33,55,323,267,590,48,43,91,51,38,89,0,0,0,444,381,825
2020-09-22,21,31,52,346,353,699,40,45,85,50,42,92,0,0,0,457,471,928
2020-09-23,15,37,52,314,335,649,51,42,93,54,49,103,0,0,0,434,463,897
2020-09-24,24,37,61,342,332,674,51,61,112,56,27,83,0,0,0,473,457,930
2020-09-25,26,22,48,340,370,710,54,63,117,49,37,86,0,0,0,469,492,961
2020-09-26,7,22,29,219,231,450,38,47,85,50,31,81,0,0,0,314,331,645
2020-09-27,17,20,37,224,200,424,56,40,96,50,30,80,0,0,0,347,290,637
2020-09-28,10,32,42,344,343,687,52,45,97,49,54,103,0,0,0,455,474,929
2020-09-29,16,23,39,351,340,691,42,56,98,77,49,126,0,0,0,486,468,954
2020-09-30,13,27,40,323,345,668,52,50,102,83,46,129,0,0,0,471,468,939
2020-10-01,14,29,43,292,326,618,52,51,103,45,50,95,0,0,0,403,456,859
2020-10-02,11,31,42,325,347,672,40,44,84,43,43,86,0,0,0,419,465,884
2020-10-03,9,7,16,209,202,411,42,32,74,32,38,70,0,0,0,292,279,571
2020-10-04,12,12,24,175,184,359,25,32,57,21,18,39,0,0,0,233,246,479
2020-10-05,24,26,50,290,305,595,55,46,101,32,34,66,0,0,0,401,411,812
2020-10-06,15,28,43,331,327,658,59,51,110,52,43,95,0,0,0,457,449,906
2020-10-07,10,21,31,281,312,593,49,59,108,53,28,81,0,0,0,393,420,813
2020-10-08,14,22,36,271,334,605,43,69,112,43,31,74,0,0,0,371,456,827
2020-10-09,16,24,40,264,351,615,56,61,117,42,33,75,0,0,0,378,469,847
2020-10-10,12,18,30,220,234,454,37,41,78,27,26,53,0,0,0,296,319,615
2020-10-11,9,13,22,163,203,366,22,28,50,18,15,33,1,0,1,213,259,472
2020-10-12,15,7,22,223,237,460,54,42,96,27,16,43,0,0,0,319,302,621
2020-10-13,17,27,44,307,293,600,49,45,94,50,37,87,0,0,0,423,402,825
2020-10-14,11,27,38,301,299,600,34,34,68,47,38,85,0,0,0,393,398,791
2020-10-15,18,21,39,305,307,612,50,47,97,35,25,60,1,0,1,409,400,809
2020-10-16,11,31,42,282,307,589,47,58,105,35,36,71,0,0,0,375,432,807
2020-10-17,5,14,19,207,189,396,44,54,98,23,22,45,0,0,0,279,279,558
2020-10-18,4,8,12,148,145,293,22,26,48,17,17,34,0,0,0,191,196,387
2020-10-19,10,26,36,240,216,456,40,37,77,30,21,51,0,1,1,320,301,621
2020-10-20,10,16,26,246,250,496,32,32,64,35,20,55,0,0,0,323,318,641
2020-10-21,6,13,19,199,203,402,29,33,62,37,20,57,0,0,0,271,269,540
2020-10-22,11,12,23,181,168,349,35,33,68,24,26,50,0,0,0,251,239,490
2020-10-23,9,13,22,204,201,405,32,27,59,26,35,61,1,0,1,272,276,548
2020-10-24,7,8,15,135,155,290,33,32,65,26,17,43,0,0,0,201,212,413
2020-10-25,7,11,18,114,110,224,24,27,51,15,20,35,0,0,0,160,168,328
2020-10-26,16,14,30,186,191,377,33,22,55,22,30,52,0,0,0,257,257,514
2020-10-27,9,12,21,221,238,459,25,28,53,30,20,50,0,0,0,285,298,583
2020-10-28,11,5,16,195,170,365,27,34,61,21,19,40,0,0,0,254,228,482
2020-10-29,2,12,14,165,156,321,21,24,45,21,9,30,0,0,0,209,201,410
2020-10-30,7,16,23,121,122,243,24,15,39,12,11,23,0,0,0,164,164,328
2020-10-31,3,7,10,89,95,184,12,21,33,10,9,19,0,0,0,114,132,246
2020-11-01,7,8,15,113,108,221,28,22,50,17,11,28,0,0,0,165,149,314
2020-11-02,11,16,27,137,146,283,22,30,52,18,17,35,0,0,0,188,209,397
2020-11-03,8,17,25,150,138,288,23,10,33,11,13,24,0,0,0,192,178,370
2020-11-04,6,8,14,142,168,310,17,15,32,14,15,29,0,1,1,179,207,386
2020-11-05,8,10,18,203,184,387,21,28,49,23,24,47,0,0,0,255,246,501
2020-11-06,8,16,24,154,141,295,19,21,40,21,25,46,0,0,0,202,203,405
2020-11-07,6,11,17,119,133,252,13,15,28,15,17,32,0,0,0,153,176,329
2020-11-08,4,12,16,91,96,187,19,21,40,16,13,29,0,0,0,130,142,272
2020-11-09,7,20,27,177,163,340,21,23,44,29,27,56,0,0,0,234,233,467
2020-11-10,8,14,22,185,154,339,27,24,51,25,22,47,0,0,0,245,214,459
2020-11-11,7,21,28,173,158,331,29,30,59,28,16,44,0,0,0,237,225,462
2020-11-12,6,4,10,166,145,311,20,28,48,15,16,31,0,0,0,207,193,400
2020-11-13,4,12,16,168,132,300,19,25,44,23,23,46,0,0,0,214,192,406
2020-11-14,4,8,12,142,115,257,14,17,31,21,15,36,0,0,0,181,155,336
2020-11-15,6,6,12,88,102,190,15,14,29,10,9,19,0,0,0,119,131,250
2020-11-16,7,9,16,132,139,271,14,17,31,14,20,34,0,0,0,167,185,352
2020-11-17,6,14,20,156,164,320,29,29,58,23,14,37,0,0,0,214,221,435
2020-11-18,10,11,21,152,167,319,16,24,40,30,24,54,0,0,0,208,226,434
2020-11-19,7,13,20,130,122,252,9,15,24,16,11,27,0,0,0,162,161,323
2020-11-20,4,5,9,130,108,238,17,12,29,5,8,13,0,0,0,156,133,289
2020-11-21,9,4,13,108,140,248,10,16,26,8,10,18,0,0,0,135,170,305
2020-11-22,3,8,11,79,65,144,12,11,23,13,8,21,0,1,1,107,93,200
2020-11-23,2,4,6,81,78,159,15,12,27,11,16,27,0,0,0,109,110,219
2020-11-24,7,10,17,140,113,253,17,20,37,16,19,35,0,0,0,180,162,342
2020-11-25,3,10,13,176,164,340,24,19,43,27,18,45,0,0,0,230,211,441
2020-11-26,10,14,24,124,147,271,15,13,28,24,18,42,0,0,0,173,192,365
2020-11-27,13,5,18,155,122,277,17,18,35,14,12,26,0,0,0,199,157,356
2020-11-28,7,2,9,105,123,228,8,15,23,13,15,28,0,0,0,133,155,288
2020-11-29,5,7,12,107,93,200,13,17,30,20,15,35,0,0,0,145,132,277
2020-11-30,8,5,13,133,125,258,10,13,23,12,19,31,0,0,0,163,162,325
2020-12-01,5,5,10,131,110,241,11,16,27,14,17,31,0,0,0,161,148,309
2020-12-02,6,4,10,97,112,209,5,10,15,5,10,15,0,0,0,113,136,249
2020-12-03,4,4,8,125,102,227,18,18,36,13,10,23,0,0,0,160,134,294
2020-12-04,6,12,18,129,122,251,19,18,37,15,16,31,0,1,1,169,169,338
2020-12-05,2,6,8,109,110,219,13,16,29,9,21,30,0,0,0,133,153,286
2020-12-06,6,5,11,99,84,183,11,8,19,5,7,12,0,0,0,121,104,225
2020-12-07,4,6,10,93,97,190,8,11,19,8,8,16,0,0,0,113,122,235
2020-12-08,7,11,18,153,111,264,14,9,23,12,9,21,0,0,0,186,140,326
2020-12-09,10,13,23,166,152,318,22,27,49,18,18,36,0,0,0,216,210,426
2020-12-10,6,16,22,160,163,323,27,31,58,14,20,34,0,0,0,207,230,437
2020-12-11,2,8,10,148,170,318,16,21,37,17,15,32,0,0,0,183,214,397
2020-12-12,3,8,11,147,115,262,24,22,46,9,16,25,1,0,1,184,161,345
2020-12-13,3,8,11,116,115,231,26,23,49,18,12,30,1,0,1,164,158,322
2020-12-14,9,15,24,206,188,394,20,19,39,28,24,52,0,0,0,263,246,509
2020-12-15,8,13,21,222,167,389,26,26,52,16,21,37,1,0,1,273,227,500
2020-12-16,7,10,17,210,195,405,30,24,54,17,16,33,0,0,0,264,245,509
2020-12-17,15,18,33,215,252,467,45,40,85,47,31,78,0,0,0,322,341,663
2020-12-18,5,17,22,274,242,516,39,53,92,20,27,47,0,2,2,338,341,679
2020-12-19,4,8,12,214,189,403,38,41,79,20,13,33,1,1,2,277,252,529
2020-12-20,10,8,18,199,178,377,21,26,47,19,13,32,0,0,0,249,225,474
2020-12-21,9,19,28,319,271,590,37,44,81,47,58,105,1,0,1,413,392,805
2020-12-22,17,10,27,314,311,625,41,43,84,38,31,69,0,0,0,410,395,805
2020-12-23,14,16,30,384,375,759,60,55,115,33,32,65,1,0,1,492,478,970
2020-12-24,5,6,11,213,185,398,28,33,61,14,9,23,1,0,1,261,233,494
2020-12-25,2,3,5,162,130,292,19,15,34,12,16,28,0,0,0,195,164,359
2020-12-26,7,10,17,362,362,724,66,55,121,45,41,86,0,0,0,480,468,948
2020-12-27,10,8,18,302,284,586,48,41,89,35,32,67,0,0,0,395,365,760
2020-12-28,10,15,25,492,491,983,72,66,138,69,54,123,0,0,0,643,626,1269
2020-12-29,12,24,36,510,529,1039,86,92,178,81,53,134,0,0,0,689,698,1387
2020-12-30,16,23,39,587,539,1126,85,121,206,39,37,76,2,1,3,729,721,1450
2020-12-31,7,8,15,351,311,662,41,62,103,47,38,85,0,0,0,446,419,865
2021-01-01,2,10,12,137,162,299,17,10,27,15,12,27,0,1,1,171,195,366
2021-01-02,8,10,18,404,392,796,59,71,130,37,29,66,0,0,0,508,502,1010
2021-01-03,11,17,28,409,409,818,50,58,108,32,37,69,0,1,1,502,522,1024
2021-01-04,17,21,38,633,635,1268,77,64,141,74,53,127,0,0,0,801,773,1574
2021-01-05,19,20,39,663,631,1294,68,80,148,83,80,163,1,1,2,834,812,1646
2021-01-06,12,19,31,657,613,1270,69,72,141,73,62,135,2,2,4,813,768,1581
2021-01-07,10,10,20,548,586,1134,72,78,150,71,63,134,1,0,1,702,737,1439
2021-01-08,13,22,35,558,567,1125,76,57,133,51,51,102,0,2,2,698,699,1397
2021-01-09,9,13,22,443,459,902,61,63,124,33,41,74,1,0,1,547,576,1123
2021-01-10,6,10,16,325,346,671,44,47,91,19,31,50,1,0,1,395,434,829
2021-01-11,9,25,34,521,499,1020,47,57,104,56,39,95,0,0,0,633,620,1253
2021-01-12,7,20,27,530,519,1049,66,80,146,56,51,107,1,0,1,660,670,1330
2021-01-13,8,11,19,532,555,1087,50,70,120,80,68,148,1,3,4,671,707,1378
2021-01-14,8,15,23,491,490,981,56,57,113,56,49,105,3,1,4,614,612,1226
2021-01-15,11,4,15,552,459,1011,64,70,134,48,48,96,0,0,0,675,581,1256
2021-01-16,5,4,9,402,436,838,45,42,87,37,31,68,0,0,0,489,513,1002
2021-01-17,7,9,16,371,355,726,29,28,57,35,26,61,2,0,2,444,418,862
2021-01-18,8,7,15,576,536,1112,63,62,125,62,46,108,0,1,1,709,652,1361
2021-01-19,6,7,13,484,504,988,52,58,110,65,45,110,2,0,2,609,614,1223
2021-01-20,8,9,17,545,516,1061,38,55,93,29,31,60,1,0,1,621,611,1232
2021-01-21,9,11,20,487,477,964,48,72,120,41,39,80,1,0,1,586,599,1185
2021-01-22,6,8,14,424,424,848,56,57,113,41,45,86,0,1,1,527,535,1062
2021-01-23,3,17,20,369,361,730,23,42,65,32,32,64,0,0,0,427,452,879
2021-01-24,5,8,13,381,326,707,26,24,50,28,19,47,1,0,1,441,377,818
2021-01-25,8,16,24,531,494,1025,45,58,103,63,40,103,1,0,1,648,608,1256
2021-01-26,7,12,19,497,526,1023,39,37,76,40,33,73,0,2,2,583,610,1193
2021-01-27,8,6,14,439,424,863,38,35,73,35,40,75,0,1,1,520,506,1026
2021-01-28,4,5,9,454,453,907,53,41,94,35,29,64,1,1,2,547,529,1076
2021-01-29,1,6,7,414,479,893,44,56,100,32,29,61,1,1,2,492,571,1063
2021-01-30,3,6,9,378,392,770,28,38,66,24,18,42,2,0,2,435,454,889
2021-01-31,3,6,9,349,385,734,32,41,73,32,24,56,0,1,1,416,457,873
2021-02-01,9,11,20,496,512,1008,41,41,82,37,39,76,2,4,6,585,607,1192
2021-02-02,5,9,14,431,463,894,41,45,86,26,26,52,0,2,2,503,545,1048
2021-02-03,4,12,16,439,409,848,40,46,86,39,44,83,3,2,5,525,513,1038
2021-02-04,2,4,6,368,353,721,36,59,95,38,42,80,1,1,2,445,459,904
2021-02-05,5,13,18,329,327,656,36,57,93,27,34,61,0,2,2,397,433,830
2021-02-06,5,4,9,269,272,541,23,33,56,18,23,41,0,0,0,315,332,647
2021-02-07,1,4,5,218,220,438,26,28,54,26,22,48,0,0,0,271,274,545
2021-02-08,6,14,20,380,394,774,46,45,91,35,25,60,0,1,1,467,479,946
2021-02-09,8,3,11,305,273,578,30,37,67,22,24,46,0,0,0,365,337,702
2021-02-10,2,8,10,319,317,636,25,40,65,22,17,39,1,0,1,369,382,751
2021-02-11,4,8,12,290,308,598,29,34,63,23,22,45,0,0,0,346,372,718
2021-02-12,2,3,5,290,298,588,33,28,61,28,16,44,0,0,0,353,345,698
2021-02-13,2,4,6,238,203,441,32,30,62,16,35,51,0,0,0,288,272,560
2021-02-14,3,4,7,188,236,424,14,16,30,21,14,35,0,1,1,226,271,497
2021-02-15,5,5,10,215,235,450,21,26,47,22,24,46,0,0,0,263,290,553
2021-02-16,4,4,8,224,256,480,21,20,41,12,26,38,0,0,0,261,306,567
2021-02-17,3,9,12,360,323,683,30,41,71,35,34,69,0,1,1,428,408,836
2021-02-18,2,4,6,320,336,656,29,51,80,36,35,71,0,0,0,387,426,813
2021-02-19,1,8,9,324,313,637,34,28,62,31,19,50,1,2,3,391,370,761
2021-02-20,1,6,7,245,251,496,29,23,52,24,17,41,0,0,0,299,297,596
2021-02-21,3,3,6,215,242,457,25,22,47,24,22,46,0,0,0,267,289,556
2021-02-22,4,6,10,287,249,536,34,36,70,36,21,57,1,0,1,362,312,674
2021-02-23,4,8,12,313,286,599,33,26,59,29,30,59,0,0,0,379,350,729
2021-02-24,5,7,12,280,275,555,23,32,55,21,19,40,1,0,1,330,333,663
2021-02-25,0,6,6,317,337,654,28,44,72,45,37,82,1,0,1,391,424,815
2021-02-26,2,4,6,248,279,527,30,32,62,34,27,61,0,0,0,314,342,656
2021-02-27,2,8,10,212,215,427,26,29,55,30,21,51,0,0,0,270,273,543
2021-02-28,1,1,2,187,194,381,16,15,31,13,13,26,1,0,1,218,223,441
2021-03-01,3,5,8,314,306,620,33,35,68,35,37,72,1,0,1,386,383,769
2021-03-02,1,4,5,267,258,525,36,30,66,29,37,66,0,0,0,333,329,662
2021-03-03,6,6,12,319,302,621,36,35,71,34,20,54,0,0,0,395,363,758
2021-03-04,4,1,5,295,277,572,37,35,72,33,30,63,0,0,0,369,343,712
2021-03-05,3,6,9,329,315,644,55,62,117,38,42,80,1,0,1,426,425,851
2021-03-06,0,9,9,216,246,462,44,36,80,26,19,45,0,0,0,286,310,596
2021-03-07,1,7,8,210,224,434,25,28,53,31,17,48,0,0,0,267,276,543
2021-03-08,3,8,11,358,308,666,38,53,91,42,31,73,1,2,3,442,402,844
2021-03-09,0,10,10,329,332,661,43,45,88,58,49,107,1,0,1,431,436,867
2021-03-10,2,9,11,316,349,665,23,49,72,31,19,50,0,0,0,372,426,798
2021-03-11,2,5,7,317,352,669,44,50,94,48,30,78,0,0,0,411,437,848
2021-03-12,4,10,14,337,323,660,54,55,109,44,46,90,0,0,0,439,434,873
2021-03-13,1,6,7,254,262,516,58,45,103,35,43,78,1,2,3,349,358,707
2021-03-14,4,1,5,230,258,488,47,39,86,25,34,59,0,0,0,306,332,638
2021-03-15,2,1,3,410,313,723,39,51,90,32,34,66,0,0,0,483,399,882
2021-03-16,3,10,13,363,347,710,42,44,86,32,29,61,0,0,0,440,430,870
2021-03-17,4,9,13,341,322,663,41,48,89,62,47,109,0,1,1,448,427,875
2021-03-18,1,2,3,354,396,750,36,50,86,32,33,65,1,0,1,424,481,905
2021-03-19,5,6,11,373,406,779,51,55,106,33,42,75,0,0,0,462,509,971
2021-03-20,3,1,4,284,268,552,33,32,65,43,28,71,1,1,2,364,330,694
2021-03-21,3,2,5,286,289,575,26,42,68,34,36,70,0,0,0,349,369,718
2021-03-22,1,7,8,470,450,920,53,62,115,58,61,119,0,1,1,582,581,1163
2021-03-23,4,7,11,527,532,1059,55,56,111,42,53,95,0,0,0,628,648,1276
2021-03-24,3,4,7,517,496,1013,59,74,133,81,58,139,1,0,1,661,632,1293
2021-03-25,6,7,13,585,584,1169,71,99,170,78,87,165,0,0,0,740,777,1517
2021-03-26,4,9,13,643,669,1312,64,82,146,83,68,151,0,0,0,794,828,1622
2021-03-27,3,9,12,536,556,1092,87,82,169,33,41,74,0,0,0,659,688,1347
2021-03-28,4,5,9,549,491,1040,54,72,126,49,27,76,1,0,1,657,595,1252
2021-03-29,6,10,16,788,716,1504,68,103,171,107,85,192,0,0,0,969,914,1883
2021-03-30,8,12,20,869,817,1686,81,116,197,71,76,147,0,0,0,1029,1021,2050
2021-03-31,8,7,15,933,906,1839,102,88,190,61,56,117,0,0,0,1104,1057,2161
2021-04-01,3,15,18,913,922,1835,108,99,207,84,70,154,1,0,1,1109,1106,2215
2021-04-02,1,12,13,781,762,1543,74,104,178,66,56,122,0,0,0,922,934,1856
2021-04-03,4,6,10,827,827,1654,92,97,189,52,43,95,0,0,0,975,973,1948
2021-04-04,9,11,20,853,793,1646,66,79,145,73,60,133,0,0,0,1001,943,1944
2021-04-05,5,18,23,1339,1363,2702,85,111,196,98,120,218,0,0,0,1527,1612,3139
2021-04-06,6,21,27,1361,1294,2655,92,111,203,85,70,155,0,0,0,1544,1496,3040
2021-04-07,7,23,30,1449,1370,2819,81,99,180,96,82,178,0,1,1,1633,1575,3208
2021-04-08,6,21,27,1296,1331,2627,100,126,226,111,76,187,0,0,0,1513,1554,3067
2021-04-09,7,19,26,1172,1228,2400,94,112,206,95,87,182,0,1,1,1368,1447,2815
2021-04-10,5,12,17,972,1025,1997,92,128,220,74,63,137,0,0,0,1143,1228,2371
2021-04-11,1,8,9,909,971,1880,77,59,136,47,46,93,0,0,0,1034,1084,2118
2021-04-12,12,10,22,1353,1276,2629,115,107,222,104,93,197,0,0,0,1584,1486,3070
2021-04-13,8,16,24,1281,1252,2533,92,84,176,95,102,197,1,0,1,1477,1454,2931
2021-04-14,6,17,23,1394,1411,2805,98,115,213,79,57,136,0,0,0,1577,1600,3177
2021-04-15,8,17,25,1204,1143,2347,86,90,176,79,73,152,0,1,1,1377,1324,2701
2021-04-16,10,13,23,1282,1297,2579,119,103,222,110,80,190,0,1,1,1521,1494,3015
2021-04-17,10,13,23,1014,1100,2114,92,101,193,107,85,192,0,0,0,1223,1299,2522
2021-04-18,10,8,18,970,913,1883,86,86,172,66,59,125,0,0,0,1132,1066,2198
2021-04-19,7,19,26,1440,1409,2849,86,104,190,106,86,192,0,0,0,1639,1618,3257
2021-04-20,7,16,23,1387,1344,2731,100,87,187,88,112,200,0,0,0,1582,1559,3141
2021-04-21,6,6,12,1360,1367,2727,74,102,176,96,67,163,0,0,0,1536,1542,3078
2021-04-22,6,9,15,1166,1220,2386,80,95,175,93,65,158,0,0,0,1345,1389,2734
2021-04-23,6,13,19,1276,1272,2548,71,91,162,59,82,141,0,0,0,1412,1458,2870
2021-04-24,5,11,16,880,879,1759,75,76,151,66,51,117,0,0,0,1026,1017,2043
2021-04-25,4,8,12,827,848,1675,47,65,112,63,36,99,0,0,0,941,957,1898
2021-04-26,13,15,28,1123,1134,2257,90,87,177,94,94,188,0,0,0,1320,1330,2650
2021-04-27,9,27,36,1119,1184,2303,84,99,183,65,67,132,0,0,0,1277,1377,2654
2021-04-28,6,21,27,1158,1091,2249,76,88,164,58,58,116,1,0,1,1299,1258,2557
2021-04-29,6,13,19,1092,1149,2241,66,83,149,62,62,124,0,0,0,1226,1307,2533
2021-04-30,7,9,16,1091,1187,2278,65,84,149,63,56,119,0,0,0,1226,1336,2562
2021-05-01,4,3,7,714,738,1452,74,75,149,51,56,107,0,0,0,843,872,1715
2021-05-02,6,10,16,714,782,1496,47,63,110,36,39,75,0,0,0,803,894,1697
2021-05-03,5,8,13,1207,1247,2454,90,103,193,76,74,150,0,0,0,1378,1432,2810
2021-05-04,6,14,20,1100,1037,2137,67,81,148,91,77,168,0,0,0,1264,1209,2473
2021-05-05,5,10,15,984,1011,1995,68,92,160,54,53,107,0,0,0,1111,1166,2277
2021-05-06,2,4,6,846,931,1777,57,59,116,54,46,100,0,0,0,959,1040,1999
2021-05-07,3,14,17,909,996,1905,57,54,111,48,44,92,0,0,0,1017,1108,2125
2021-05-08,5,10,15,693,729,1422,64,46,110,52,45,97,0,0,0,814,830,1644
2021-05-09,8,6,14,594,657,1251,56,49,105,46,43,89,0,0,0,704,755,1459
2021-05-10,8,5,13,1167,1199,2366,78,101,179,84,78,162,0,0,0,1337,1383,2720
2021-05-11,4,6,10,1079,1068,2147,85,104,189,66,74,140,0,0,0,1234,1252,2486
2021-05-12,9,8,17,1093,1097,2190,63,83,146,73,59,132,0,0,0,1238,1247,2485
2021-05-13,3,7,10,970,1000,1970,43,59,102,50,37,87,0,1,1,1066,1104,2170
2021-05-14,4,12,16,1150,1209,2359,73,111,184,70,66,136,0,0,0,1297,1398,2695
2021-05-15,3,6,9,906,886,1792,59,69,128,41,55,96,0,0,0,1009,1016,2025
2021-05-16,6,15,21,760,795,1555,60,69,129,80,59,139,0,0,0,906,938,1844
2021-05-17,11,16,27,1495,1507,3002,100,115,215,94,68,162,0,0,0,1700,1706,3406
2021-05-18,8,13,21,1390,1429,2819,88,68,156,64,63,127,0,0,0,1550,1573,3123
2021-05-19,6,20,26,1415,1402,2817,67,86,153,85,53,138,0,0,0,1573,1561,3134
2021-05-20,4,11,15,1270,1323,2593,75,90,165,76,68,144,0,0,0,1425,1492,2917
2021-05-21,6,10,16,1197,1292,2489,79,80,159,49,62,111,0,0,0,1331,1444,2775
2021-05-22,3,11,14,830,886,1716,71,61,132,70,55,125,0,0,0,974,1013,1987
2021-05-23,6,11,17,858,791,1649,58,72,130,43,34,77,0,0,0,965,908,1873
2021-05-24,4,18,22,1196,1145,2341,80,87,167,78,69,147,0,0,0,1358,1319,2677
2021-05-25,10,9,19,1118,1091,2209,58,68,126,43,38,81,0,0,0,1229,1206,2435
2021-05-26,8,6,14,1379,1376,2755,64,77,141,82,88,170,0,0,0,1533,1547,3080
2021-05-27,5,10,15,1244,1252,2496,78,71,149,64,71,135,0,0,0,1391,1404,2795
2021-05-28,6,10,16,1159,1181,2340,78,96,174,67,75,142,0,0,0,1310,1362,2672
2021-05-29,4,7,11,786,847,1633,63,93,156,68,64,132,0,0,0,921,1011,1932
2021-05-30,5,12,17,641,710,1351,44,39,83,28,39,67,0,0,0,718,800,1518
2021-05-31,5,11,16,1019,1151,2170,56,58,114,43,52,95,0,0,0,1123,1272,2395
2021-06-01,6,6,12,943,974,1917,70,59,129,43,46,89,0,0,0,1062,1085,2147
2021-06-02,4,9,13,744,764,1508,48,69,117,52,58,110,0,0,0,848,900,1748
2021-06-03,1,7,8,758,826,1584,49,51,100,75,66,141,0,0,0,883,950,1833
2021-06-04,5,11,16,595,652,1247,31,53,84,250,259,509,0,0,0,881,975,1856
2021-06-05,5,11,16,138,132,270,32,32,64,498,494,992,0,0,0,673,669,1342
2021-06-06,4,6,10,111,94,205,29,31,60,482,501,983,0,0,0,626,632,1258
2021-06-07,4,8,12,132,128,260,40,36,76,777,819,1596,0,0,0,953,991,1944
2021-06-08,3,14,17,125,109,234,41,46,87,672,660,1332,0,0,0,841,829,1670
2021-06-09,2,5,7,78,85,163,24,22,46,660,606,1266,0,0,0,764,718,1482
2021-06-10,1,2,3,47,87,134,17,23,40,483,450,933,0,0,0,548,562,1110
2021-06-11,0,0,0,6,7,13,1,0,1,140,132,272,0,0,0,147,139,286
