FECHA,<=10M,<=10F,<=10,11-20M,11-20F,11-20,21-30M,21-30F,21-30,31-40M,31-40F,31-40,41-50M,41-50F,41-50,51-60M,51-60F,51-60,61-70M,61-70F,61-70,71-80M,71-80F,71-80,81-90M,81-90F,81-90,>=91M,>=91F,>=91,TotalM,TotalF,Total
2020-03-15,1,0,1,0,0,0,0,1,1,2,1,3,0,0,0,1,0,1,0,0,0,1,1,2,0,0,0,0,0,0,5,3,8
2020-03-16,2,2,4,0,1,1,1,2,3,3,2,5,0,0,0,3,0,3,2,1,3,1,1,2,0,0,0,0,0,0,12,9,21
2020-03-17,2,6,8,0,2,2,1,3,4,4,2,6,0,2,2,4,1,5,3,2,5,3,3,6,1,0,1,0,0,0,18,21,39
2020-03-18,4,7,11,0,2,2,1,3,4,6,3,9,0,3,3,5,2,7,3,4,7,4,3,7,2,0,2,0,0,0,25,27,52
2020-03-19,5,7,12,0,2,2,4,4,8,8,4,12,1,4,5,5,2,7,4,5,9,5,4,9,2,0,2,1,0,1,35,32,67
2020-03-20,6,8,14,1,2,3,4,4,8,9,6,15,1,4,5,5,2,7,4,6,10,7,6,13,3,0,3,1,0,1,41,38,79
2020-03-21,6,8,14,2,2,4,5,6,11,11,7,18,2,5,7,5,2,7,6,7,13,8,7,15,3,0,3,1,0,1,49,44,93
2020-03-22,6,8,14,2,2,4,8,7,15,11,7,18,2,5,7,6,3,9,6,8,14,10,7,17,6,2,8,1,0,1,58,49,107
2020-03-23,7,8,15,3,4,7,9,8,17,12,8,20,2,6,8,8,3,11,8,8,16,13,9,22,9,5,14,1,1,2,72,60,132
2020-03-24,8,8,16,3,4,7,9,8,17,13,9,22,2,7,9,10,4,14,8,8,16,15,9,24,10,6,16,2,1,3,80,64,144
2020-03-25,9,10,19,3,4,7,10,10,20,14,10,24,2,7,9,10,6,16,10,9,19,17,11,28,12,10,22,4,2,6,91,79,170
2020-03-26,13,13,26,5,4,9,11,12,23,17,12,29,3,9,12,13,7,20,11,12,23,20,12,32,16,10,26,7,3,10,116,94,210
2020-03-27,15,15,30,5,5,10,11,13,24,20,12,32,4,11,15,14,9,23,12,16,28,24,18,42,19,13,32,9,9,18,133,121,254
2020-03-28,17,15,32,5,5,10,12,13,25,20,12,32,5,12,17,17,10,27,15,16,31,28,24,52,21,14,35,10,9,19,150,130,280
2020-03-29,18,15,33,6,6,12,12,14,26,22,12,34,7,14,21,17,10,27,21,19,40,30,25,55,26,16,42,12,10,22,171,141,312
2020-03-30,20,16,36,6,6,12,13,17,30,23,15,38,11,15,26,18,11,29,25,19,44,33,30,63,31,17,48,15,12,27,195,158,353
2020-03-31,25,18,43,8,6,14,15,18,33,26,17,43,14,15,29,19,11,30,29,21,50,37,33,70,33,20,53,19,12,31,225,171,396
2020-04-01,31,25,56,8,8,16,18,21,39,29,18,47,24,18,42,22,12,34,33,24,57,42,35,77,38,26,64,19,13,32,264,200,464
2020-04-02,35,30,65,12,13,25,18,24,42,32,22,54,27,22,49,23,16,39,38,28,66,49,41,90,43,31,74,21,16,37,298,243,541
2020-04-03,48,36,84,15,15,30,21,29,50,37,28,65,30,28,58,24,19,43,42,30,72,53,43,96,47,37,84,23,21,44,340,286,626
2020-04-04,55,42,97,16,16,32,21,33,54,39,37,76,34,29,63,28,19,47,47,32,79,55,46,101,51,39,90,24,24,48,370,317,687
2020-04-05,59,48,107,18,17,35,27,33,60,43,38,81,42,30,72,32,21,53,48,41,89,60,54,114,55,43,98,26,27,53,410,352,762
2020-04-06,68,53,121,20,18,38,32,35,67,54,39,93,50,33,83,38,22,60,52,47,99,70,57,127,61,48,109,27,30,57,472,382,854
2020-04-07,75,60,135,21,20,41,36,37,73,58,43,101,54,37,91,42,23,65,55,50,105,76,64,140,68,58,126,29,31,60,514,423,937
2020-04-08,80,65,145,23,21,44,38,39,77,62,45,107,60,40,100,44,25,69,61,53,114,84,68,152,70,61,131,32,37,69,554,454,1008
2020-04-09,81,66,147,24,23,47,40,44,84,73,53,126,62,43,105,49,30,79,63,55,118,92,77,169,73,70,143,36,42,78,593,503,1096
2020-04-10,94,68,162,26,26,52,42,48,90,75,54,129,70,44,114,50,32,82,68,56,124,93,87,180,77,77,154,38,47,85,633,539,1172
2020-04-11,99,72,171,28,28,56,46,52,98,78,56,134,74,45,119,50,35,85,70,62,132,98,89,187,81,84,165,39,52,91,663,575,1238
2020-04-12,104,76,180,29,28,57,46,54,100,82,57,139,76,49,125,55,36,91,72,65,137,101,96,197,84,88,172,40,54,94,689,603,1292
2020-04-13,107,82,189,33,31,64,54,57,111,86,63,149,79,51,130,59,40,99,78,69,147,105,103,208,91,96,187,45,60,105,737,652,1389
2020-04-14,119,86,205,35,31,66,60,62,122,92,64,156,83,56,139,67,45,112,82,76,158,112,108,220,98,100,198,49,64,113,797,692,1489
2020-04-15,126,89,215,39,36,75,61,65,126,97,70,167,87,66,153,71,54,125,87,78,165,120,110,230,106,107,213,54,67,121,848,742,1590
2020-04-16,133,91,224,43,40,83,66,68,134,103,79,182,96,73,169,78,61,139,91,88,179,126,113,239,110,113,223,55,71,126,901,797,1698
2020-04-17,139,95,234,44,42,86,67,74,141,107,89,196,104,78,182,84,66,150,98,91,189,138,118,256,115,120,235,56,75,131,952,848,1800
2020-04-18,145,101,246,46,42,88,75,76,151,118,92,210,111,82,193,89,68,157,100,93,193,142,128,270,120,127,247,59,80,139,1005,889,1894
2020-04-19,150,107,257,49,43,92,78,78,156,122,95,217,114,84,198,94,74,168,102,100,202,148,136,284,122,134,256,61,81,142,1040,932,1972
2020-04-20,159,112,271,57,49,106,87,79,166,133,100,233,119,91,210,101,76,177,112,106,218,163,146,309,131,142,273,66,96,162,1128,997,2125
2020-04-21,168,119,287,60,52,112,99,81,180,139,109,248,121,93,214,105,83,188,116,112,228,174,158,332,138,152,290,69,106,175,1189,1065,2254
2020-04-22,176,124,300,63,56,119,105,87,192,147,111,258,131,100,231,108,87,195,120,114,234,184,172,356,146,163,309,76,113,189,1256,1127,2383
2020-04-23,187,133,320,67,61,128,109,94,203,153,116,269,138,101,239,111,92,203,126,119,245,191,180,371,157,172,329,83,123,206,1322,1191,2513
2020-04-24,196,142,338,72,65,137,115,101,216,164,124,288,142,105,247,117,97,214,133,127,260,200,189,389,167,188,355,86,126,212,1392,1264,2656
2020-04-25,204,144,348,76,66,142,117,105,222,170,132,302,146,108,254,122,101,223,139,130,269,206,190,396,176,202,378,91,131,222,1447,1309,2756
2020-04-26,209,157,366,80,72,152,118,107,225,173,134,307,153,112,265,124,104,228,145,135,280,210,198,408,184,209,393,92,134,226,1488,1362,2850
2020-04-27,219,166,385,84,75,159,123,111,234,176,142,318,156,118,274,130,111,241,153,142,295,228,203,431,195,222,417,95,140,235,1559,1430,2989
2020-04-28,231,172,403,87,78,165,131,117,248,184,146,330,159,124,283,137,117,254,157,149,306,231,215,446,201,236,437,97,144,241,1615,1498,3113
2020-04-29,241,180,421,91,81,172,142,123,265,198,153,351,167,129,296,144,122,266,160,156,316,240,219,459,204,250,454,102,155,257,1689,1568,3257
2020-04-30,253,187,440,100,83,183,149,124,273,201,157,358,175,134,309,151,127,278,168,165,333,246,228,474,213,266,479,109,163,272,1765,1634,3399
2020-05-01,253,196,449,105,87,192,150,127,277,208,165,373,184,141,325,157,128,285,178,170,348,253,236,489,221,276,497,109,167,276,1818,1693,3511
2020-05-02,257,208,465,108,93,201,155,128,283,216,170,386,189,144,333,162,129,291,181,172,353,258,238,496,227,285,512,110,170,280,1863,1737,3600
2020-05-03,262,212,474,110,94,204,161,132,293,223,174,397,193,147,340,168,131,299,188,179,367,262,245,507,235,293,528,113,175,288,1915,1782,3697
2020-05-04,276,227,503,115,96,211,167,138,305,230,180,410,196,150,346,173,134,307,194,189,383,277,257,534,242,311,553,116,179,295,1986,1861,3847
2020-05-05,282,233,515,121,97,218,175,145,320,240,188,428,199,158,357,180,139,319,203,193,396,291,262,553,247,325,572,118,188,306,2056,1928,3984
2020-05-06,290,241,531,124,97,221,182,151,333,250,196,446,213,164,377,183,144,327,212,196,408,308,276,584,253,336,589,123,194,317,2138,1995,4133
2020-05-07,304,248,552,129,102,231,193,154,347,258,202,460,226,172,398,188,149,337,218,200,418,322,281,603,259,348,607,124,202,326,2221,2058,4279
2020-05-08,314,256,570,133,106,239,202,159,361,267,211,478,235,181,416,198,152,350,223,209,432,332,289,621,269,359,628,127,215,342,2300,2137,4437
2020-05-09,325,262,587,136,106,242,204,169,373,272,215,487,241,187,428,202,155,357,227,216,443,344,291,635,274,368,642,132,222,354,2357,2191,4548
2020-05-10,332,269,601,137,107,244,209,175,384,275,220,495,243,190,433,206,159,365,233,220,453,352,299,651,279,377,656,133,230,363,2399,2246,4645
2020-05-11,343,279,622,143,111,254,214,179,393,285,227,512,250,198,448,214,163,377,243,223,466,361,308,669,290,393,683,137,243,380,2480,2324,4804
2020-05-12,352,287,639,149,119,268,232,192,424,303,232,535,255,207,462,219,166,385,252,228,480,366,318,684,299,406,705,143,254,397,2570,2409,4979
2020-05-13,371,296,667,158,128,286,244,199,443,313,245,558,267,211,478,225,173,398,257,233,490,376,324,700,305,420,725,145,263,408,2661,2492,5153
2020-05-14,387,315,702,166,134,300,255,214,469,324,257,581,276,218,494,230,179,409,265,243,508,383,334,717,315,431,746,147,278,425,2748,2603,5351
2020-05-15,400,328,728,171,139,310,262,222,484,330,265,595,284,229,513,238,184,422,274,251,525,389,340,729,325,449,774,152,289,441,2825,2696,5521
2020-05-16,406,340,746,177,142,319,266,228,494,336,277,613,290,235,525,244,192,436,277,255,532,398,343,741,331,454,785,157,301,458,2882,2767,5649
2020-05-17,417,350,767,180,146,326,275,233,508,342,282,624,297,242,539,247,194,441,282,260,542,403,347,750,341,463,804,161,308,469,2945,2825,5770
2020-05-18,432,365,797,185,154,339,292,248,540,360,291,651,306,253,559,258,201,459,290,272,562,418,360,778,356,475,831,163,319,482,3060,2938,5998
2020-05-19,448,377,825,196,162,358,312,266,578,386,307,693,323,261,584,268,213,481,303,282,585,427,377,804,367,493,860,165,329,494,3195,3067,6262
2020-05-20,469,403,872,203,171,374,333,275,608,415,321,736,339,273,612,274,223,497,317,293,610,436,387,823,379,509,888,171,335,506,3336,3190,6526
2020-05-21,488,427,915,216,177,393,355,291,646,437,334,771,348,287,635,286,229,515,326,300,626,450,395,845,385,524,909,172,339,511,3463,3303,6766
2020-05-22,505,442,947,228,187,415,373,309,682,457,352,809,362,295,657,296,234,530,331,309,640,458,403,861,392,535,927,178,353,531,3580,3419,6999
2020-05-23,514,454,968,239,196,435,389,318,707,479,365,844,369,303,672,301,241,542,340,320,660,468,413,881,400,540,940,181,355,536,3680,3505,7185
2020-05-24,525,464,989,247,204,451,397,323,720,490,372,862,376,305,681,307,244,551,348,324,672,477,418,895,405,551,956,183,360,543,3755,3565,7320
2020-05-25,546,482,1028,262,215,477,410,337,747,500,382,882,386,312,698,312,251,563,352,328,680,490,420,910,413,566,979,184,368,552,3855,3661,7516
2020-05-26,569,501,1070,276,229,505,432,359,791,531,397,928,400,325,725,320,263,583,359,333,692,503,424,927,423,580,1003,187,379,566,4000,3790,7790
2020-05-27,596,525,1121,293,240,533,444,375,819,550,408,958,412,334,746,335,274,609,365,340,705,507,435,942,428,595,1023,191,381,572,4121,3907,8028
2020-05-28,615,554,1169,308,247,555,465,395,860,565,420,985,427,343,770,344,288,632,374,351,725,518,439,957,439,609,1048,196,397,593,4251,4043,8294
2020-05-29,640,576,1216,328,260,588,493,416,909,588,444,1032,446,355,801,357,301,658,385,356,741,531,448,979,452,625,1077,198,401,599,4418,4182,8600
2020-05-30,662,593,1255,339,268,607,518,437,955,620,451,1071,456,365,821,365,312,677,391,360,751,539,458,997,461,635,1096,199,410,609,4550,4289,8839
2020-05-31,677,605,1282,349,276,625,531,443,974,628,460,1088,463,368,831,369,318,687,395,364,759,548,463,1011,466,643,1109,200,418,618,4626,4358,8984
2020-06-01,701,623,1324,361,290,651,549,472,1021,651,484,1135,475,383,858,378,329,707,413,373,786,560,472,1032,472,652,1124,205,421,626,4765,4499,9264
2020-06-02,730,641,1371,379,307,686,570,489,1059,667,504,1171,493,398,891,386,339,725,426,380,806,579,481,1060,477,665,1142,210,433,643,4917,4637,9554
2020-06-03,751,654,1405,392,327,719,588,513,1101,689,523,1212,503,411,914,392,348,740,438,391,829,591,491,1082,489,681,1170,212,443,655,5045,4782,9827
2020-06-04,774,674,1448,405,342,747,611,530,1141,703,538,1241,513,421,934,406,356,762,446,396,842,608,500,1108,500,694,1194,215,453,668,5181,4904,10085
2020-06-05,803,703,1506,415,356,771,638,544,1182,725,568,1293,538,439,977,420,373,793,458,406,864,621,512,1133,511,713,1224,218,462,680,5347,5076,10423
2020-06-06,819,721,1540,426,363,789,652,554,1206,746,585,1331,548,449,997,433,379,812,467,415,882,629,521,1150,520,729,1249,221,471,692,5461,5187,10648
2020-06-07,829,736,1565,437,373,810,668,561,1229,756,590,1346,559,455,1014,441,385,826,474,418,892,637,527,1164,530,741,1271,224,479,703,5555,5265,10820
2020-06-08,849,758,1607,452,390,842,693,579,1272,782,612,1394,585,469,1054,456,400,856,487,426,913,653,541,1194,540,757,1297,228,485,713,5725,5417,11142
2020-06-09,887,778,1665,466,407,873,709,601,1310,797,634,1431,609,485,1094,466,405,871,500,432,932,660,554,1214,552,782,1334,231,496,727,5877,5574,11451
2020-06-10,902,798,1700,477,419,896,742,618,1360,818,659,1477,630,498,1128,484,417,901,512,442,954,679,575,1254,558,800,1358,237,512,749,6039,5738,11777
2020-06-11,927,824,1751,487,432,919,759,637,1396,843,683,1526,641,510,1151,495,432,927,523,457,980,692,589,1281,563,823,1386,241,526,767,6171,5913,12084
2020-06-12,955,858,1813,495,448,943,795,656,1451,879,717,1596,665,535,1200,508,441,949,542,471,1013,706,603,1309,569,843,1412,244,535,779,6358,6107,12465
2020-06-13,979,882,1861,509,463,972,821,679,1500,902,731,1633,674,547,1221,523,451,974,551,475,1026,720,611,1331,575,859,1434,246,541,787,6500,6239,12739
2020-06-14,996,902,1898,524,472,996,836,691,1527,915,739,1654,688,556,1244,531,462,993,558,478,1036,723,622,1345,588,877,1465,247,549,796,6606,6348,12954
2020-06-15,1016,924,1940,542,485,1027,857,709,1566,933,756,1689,705,564,1269,539,470,1009,567,482,1049,734,629,1363,595,891,1486,248,559,807,6736,6469,13205
2020-06-16,1050,966,2016,557,501,1058,903,734,1637,974,778,1752,728,584,1312,558,481,1039,579,491,1070,748,637,1385,607,912,1519,251,573,824,6955,6657,13612
2020-06-17,1074,993,2067,574,519,1093,934,757,1691,1002,806,1808,756,597,1353,577,488,1065,591,501,1092,755,654,1409,624,926,1550,253,582,835,7140,6823,13963
2020-06-18,1111,1026,2137,586,529,1115,974,784,1758,1046,837,1883,785,608,1393,598,500,1098,607,518,1125,766,669,1435,638,945,1583,255,594,849,7366,7010,14376
2020-06-19,1153,1048,2201,597,549,1146,997,799,1796,1088,857,1945,812,632,1444,626,514,1140,624,529,1153,788,682,1470,653,963,1616,263,606,869,7601,7179,14780
2020-06-20,1180,1070,2250,608,565,1173,1022,817,1839,1120,875,1995,829,649,1478,637,528,1165,636,540,1176,798,689,1487,660,977,1637,266,613,879,7756,7323,15079
2020-06-21,1203,1083,2286,620,575,1195,1042,831,1873,1141,892,2033,843,657,1500,650,533,1183,643,549,1192,805,694,1499,665,988,1653,267,620,887,7879,7422,15301
2020-06-22,1236,1115,2351,639,593,1232,1065,863,1928,1173,910,2083,866,675,1541,665,555,1220,656,564,1220,823,706,1529,672,1004,1676,269,631,900,8064,7616,15680
2020-06-23,1274,1144,2418,660,615,1275,1099,890,1989,1216,940,2156,892,693,1585,680,577,1257,669,578,1247,833,715,1548,683,1019,1702,273,637,910,8279,7808,16087
2020-06-24,1300,1173,2473,683,630,1313,1135,926,2061,1244,967,2211,920,713,1633,698,595,1293,678,594,1272,844,725,1569,695,1032,1727,275,642,917,8472,7997,16469
2020-06-25,1332,1214,2546,707,658,1365,1161,950,2111,1274,991,2265,954,738,1692,729,615,1344,684,603,1287,851,737,1588,702,1044,1746,280,648,928,8674,8198,16872
2020-06-26,1363,1237,2600,731,677,1408,1199,976,2175,1303,1021,2324,979,759,1738,742,631,1373,698,616,1314,861,752,1613,711,1063,1774,282,657,939,8869,8389,17258
2020-06-27,1402,1271,2673,755,704,1459,1226,1003,2229,1329,1045,2374,1001,774,1775,755,637,1392,712,621,1333,865,763,1628,715,1069,1784,286,663,949,9046,8550,17596
2020-06-28,1437,1289,2726,764,716,1480,1238,1026,2264,1355,1063,2418,1015,790,1805,769,648,1417,720,625,1345,872,770,1642,721,1079,1800,292,670,962,9183,8676,17859
2020-06-29,1469,1327,2796,788,740,1528,1265,1045,2310,1393,1085,2478,1035,806,1841,783,669,1452,739,634,1373,885,784,1669,732,1091,1823,297,680,977,9386,8861,18247
2020-06-30,1489,1357,2846,796,758,1554,1298,1068,2366,1420,1115,2535,1059,828,1887,799,683,1482,756,642,1398,901,793,1694,742,1107,1849,299,691,990,9559,9042,18601
2020-07-01,1517,1383,2900,806,780,1586,1343,1099,2442,1447,1141,2588,1079,849,1928,816,709,1525,769,650,1419,911,801,1712,751,1128,1879,302,697,999,9741,9237,18978
2020-07-02,1554,1419,2973,824,799,1623,1374,1128,2502,1482,1173,2655,1108,870,1978,830,727,1557,783,658,1441,918,813,1731,762,1138,1900,306,701,1007,9941,9426,19367
2020-07-03,1594,1445,3039,850,814,1664,1403,1143,2546,1513,1207,2720,1131,894,2025,844,741,1585,799,669,1468,927,826,1753,770,1154,1924,311,705,1016,10142,9598,19740
2020-07-04,1618,1475,3093,864,830,1694,1428,1172,2600,1538,1221,2759,1156,908,2064,857,751,1608,812,674,1486,935,839,1774,775,1164,1939,314,711,1025,10297,9745,20042
2020-07-05,1637,1499,3136,882,839,1721,1448,1194,2642,1561,1243,2804,1164,927,2091,871,766,1637,829,685,1514,949,850,1799,784,1177,1961,317,720,1037,10442,9900,20342
2020-07-06,1654,1523,3177,899,851,1750,1476,1228,2704,1595,1262,2857,1191,947,2138,894,784,1678,846,706,1552,966,874,1840,793,1197,1990,321,730,1051,10635,10102,20737
2020-07-07,1684,1569,3253,913,868,1781,1511,1256,2767,1631,1290,2921,1213,973,2186,918,798,1716,861,721,1582,976,886,1862,802,1217,2019,329,741,1070,10838,10319,21157
2020-07-08,1716,1588,3304,934,887,1821,1554,1285,2839,1659,1318,2977,1247,1006,2253,935,820,1755,875,738,1613,990,905,1895,814,1233,2047,333,755,1088,11057,10535,21592
2020-07-09,1740,1605,3345,949,897,1846,1576,1307,2883,1688,1336,3024,1268,1024,2292,946,831,1777,882,754,1636,998,927,1925,817,1247,2064,339,763,1102,11203,10691,21894
2020-07-10,1759,1621,3380,967,910,1877,1599,1325,2924,1713,1353,3066,1288,1043,2331,958,842,1800,895,768,1663,1014,939,1953,829,1262,2091,341,773,1114,11363,10836,22199
2020-07-11,1779,1646,3425,981,920,1901,1615,1343,2958,1733,1373,3106,1306,1058,2364,973,857,1830,910,778,1688,1026,955,1981,833,1279,2112,343,782,1125,11499,10991,22490
2020-07-12,1795,1661,3456,995,927,1922,1629,1357,2986,1749,1384,3133,1317,1066,2383,981,866,1847,919,787,1706,1035,960,1995,840,1289,2129,347,790,1137,11607,11087,22694
2020-07-13,1819,1691,3510,1012,947,1959,1667,1384,3051,1780,1413,3193,1345,1092,2437,1004,894,1898,949,809,1758,1052,988,2040,852,1333,2185,349,813,1162,11829,11364,23193
2020-07-14,1846,1720,3566,1035,959,1994,1696,1405,3101,1828,1442,3270,1377,1113,2490,1028,903,1931,970,831,1801,1068,1012,2080,858,1350,2208,356,826,1182,12062,11561,23623
2020-07-15,1871,1747,3618,1061,975,2036,1724,1445,3169,1871,1477,3348,1407,1148,2555,1048,928,1976,992,851,1843,1079,1025,2104,872,1366,2238,364,832,1196,12289,11794,24083
2020-07-16,1905,1765,3670,1075,1001,2076,1756,1484,3240,1910,1504,3414,1435,1178,2613,1073,952,2025,1006,865,1871,1093,1040,2133,890,1395,2285,366,850,1216,12509,12034,24543
2020-07-17,1938,1794,3732,1096,1011,2107,1780,1508,3288,1945,1545,3490,1467,1213,2680,1099,980,2079,1026,890,1916,1110,1053,2163,905,1414,2319,370,860,1230,12736,12268,25004
2020-07-18,1958,1816,3774,1110,1022,2132,1809,1535,3344,1973,1577,3550,1489,1235,2724,1124,996,2120,1046,907,1953,1118,1063,2181,918,1433,2351,372,865,1237,12917,12449,25366
2020-07-19,1981,1842,3823,1118,1036,2154,1827,1555,3382,1993,1594,3587,1506,1248,2754,1144,1013,2157,1057,917,1974,1130,1071,2201,926,1449,2375,376,871,1247,13058,12596,25654
2020-07-20,2022,1877,3899,1149,1063,2212,1874,1588,3462,2034,1635,3669,1542,1294,2836,1174,1045,2219,1077,945,2022,1150,1090,2240,945,1472,2417,379,883,1262,13346,12892,26238
2020-07-21,2054,1905,3959,1168,1080,2248,1912,1620,3532,2078,1660,3738,1576,1321,2897,1203,1070,2273,1100,970,2070,1168,1113,2281,959,1495,2454,384,894,1278,13602,13128,26730
2020-07-22,2102,1936,4038,1188,1099,2287,1962,1648,3610,2124,1707,3831,1623,1350,2973,1222,1095,2317,1113,990,2103,1187,1129,2316,972,1523,2495,385,903,1288,13878,13380,27258
2020-07-23,2139,1970,4109,1213,1115,2328,2004,1687,3691,2164,1745,3909,1648,1373,3021,1248,1112,2360,1128,1010,2138,1203,1150,2353,980,1542,2522,391,914,1305,14118,13618,27736
2020-07-24,2164,1997,4161,1230,1137,2367,2046,1725,3771,2205,1785,3990,1673,1401,3074,1279,1127,2406,1158,1022,2180,1214,1167,2381,989,1569,2558,394,927,1321,14352,13857,28209
2020-07-25,2191,2018,4209,1251,1148,2399,2080,1749,3829,2233,1816,4049,1697,1421,3118,1291,1135,2426,1171,1033,2204,1224,1179,2403,1000,1584,2584,399,931,1330,14537,14014,28551
2020-07-26,2213,2039,4252,1263,1161,2424,2094,1764,3858,2254,1837,4091,1718,1432,3150,1307,1147,2454,1181,1041,2222,1237,1187,2424,1006,1598,2604,405,937,1342,14678,14143,28821
2020-07-27,2237,2070,4307,1286,1183,2469,2137,1795,3932,2292,1867,4159,1757,1471,3228,1333,1179,2512,1199,1065,2264,1253,1206,2459,1023,1619,2642,410,953,1363,14927,14408,29335
2020-07-28,2271,2096,4367,1304,1200,2504,2186,1836,4022,2337,1900,4237,1793,1501,3294,1364,1209,2573,1228,1091,2319,1264,1232,2496,1035,1639,2674,415,971,1386,15197,14675,29872
2020-07-29,2300,2129,4429,1323,1226,2549,2235,1874,4109,2378,1939,4317,1835,1535,3370,1392,1246,2638,1246,1117,2363,1286,1253,2539,1051,1666,2717,421,995,1416,15467,14980,30447
2020-07-30,2338,2159,4497,1350,1256,2606,2303,1922,4225,2434,1981,4415,1877,1560,3437,1426,1276,2702,1266,1146,2412,1300,1268,2568,1059,1684,2743,423,1001,1424,15776,15253,31029
2020-07-31,2369,2200,4569,1367,1276,2643,2342,1970,4312,2496,2027,4523,1917,1591,3508,1459,1299,2758,1287,1175,2462,1317,1292,2609,1069,1711,2780,429,1019,1448,16052,15560,31612
2020-08-01,2394,2219,4613,1377,1294,2671,2367,1999,4366,2521,2055,4576,1940,1622,3562,1479,1320,2799,1305,1183,2488,1331,1306,2637,1081,1732,2813,430,1030,1460,16225,15760,31985
2020-08-02,2420,2240,4660,1388,1306,2694,2390,2014,4404,2546,2084,4630,1957,1644,3601,1491,1343,2834,1315,1198,2513,1337,1321,2658,1091,1746,2837,432,1036,1468,16367,15932,32299
2020-08-03,2459,2279,4738,1410,1324,2734,2430,2056,4486,2591,2119,4710,1990,1670,3660,1515,1368,2883,1340,1215,2555,1347,1340,2687,1103,1771,2874,435,1048,1483,16620,16190,32810
2020-08-04,2495,2308,4803,1434,1351,2785,2483,2085,4568,2642,2157,4799,2037,1698,3735,1547,1392,2939,1365,1233,2598,1361,1361,2722,1117,1797,2914,440,1063,1503,16921,16445,33366
2020-08-05,2531,2344,4875,1465,1372,2837,2530,2112,4642,2682,2197,4879,2066,1729,3795,1577,1422,2999,1390,1255,2645,1378,1377,2755,1133,1815,2948,443,1070,1513,17195,16693,33888
2020-08-06,2563,2366,4929,1484,1398,2882,2576,2153,4729,2721,2242,4963,2115,1765,3880,1607,1454,3061,1412,1272,2684,1394,1395,2789,1148,1838,2986,448,1082,1530,17468,16965,34433
2020-08-07,2611,2400,5011,1511,1420,2931,2621,2188,4809,2759,2276,5035,2151,1809,3960,1636,1471,3107,1429,1294,2723,1411,1416,2827,1162,1874,3036,452,1100,1552,17743,17248,34991
2020-08-08,2639,2427,5066,1526,1435,2961,2647,2215,4862,2803,2317,5120,2170,1836,4006,1663,1499,3162,1449,1310,2759,1425,1441,2866,1173,1889,3062,453,1119,1572,17948,17488,35436
2020-08-09,2663,2453,5116,1535,1444,2979,2671,2239,4910,2834,2338,5172,2190,1866,4056,1679,1524,3203,1470,1325,2795,1438,1463,2901,1185,1924,3109,458,1136,1594,18123,17712,35835
2020-08-10,2701,2485,5186,1557,1466,3023,2727,2284,5011,2885,2370,5255,2229,1903,4132,1708,1555,3263,1489,1339,2828,1454,1485,2939,1199,1944,3143,462,1147,1609,18411,17978,36389
2020-08-11,2734,2518,5252,1590,1485,3075,2777,2324,5101,2954,2415,5369,2272,1936,4208,1738,1583,3321,1515,1355,2870,1473,1514,2987,1214,1973,3187,468,1159,1627,18735,18262,36997
2020-08-12,2766,2553,5319,1619,1500,3119,2822,2369,5191,2992,2476,5468,2312,1975,4287,1765,1610,3375,1541,1376,2917,1488,1536,3024,1226,1994,3220,473,1175,1648,19004,18564,37568
2020-08-13,2786,2582,5368,1648,1521,3169,2877,2417,5294,3055,2536,5591,2354,2011,4365,1799,1645,3444,1561,1400,2961,1509,1551,3060,1237,2019,3256,477,1190,1667,19303,18872,38175
2020-08-14,2808,2607,5415,1668,1537,3205,2937,2464,5401,3106,2584,5690,2403,2042,4445,1831,1678,3509,1587,1420,3007,1528,1580,3108,1249,2038,3287,480,1203,1683,19597,19153,38750
2020-08-15,2844,2626,5470,1693,1550,3243,2966,2501,5467,3143,2624,5767,2424,2076,4500,1853,1700,3553,1609,1436,3045,1542,1609,3151,1259,2077,3336,484,1219,1703,19817,19418,39235
2020-08-16,2875,2641,5516,1703,1557,3260,2999,2530,5529,3169,2650,5819,2441,2097,4538,1869,1716,3585,1620,1452,3072,1554,1622,3176,1270,2106,3376,488,1240,1728,19988,19611,39599
2020-08-17,2895,2656,5551,1723,1575,3298,3035,2561,5596,3203,2689,5892,2468,2126,4594,1895,1750,3645,1632,1484,3116,1565,1635,3200,1279,2121,3400,488,1253,1741,20183,19850,40033
2020-08-18,2933,2690,5623,1749,1587,3336,3075,2597,5672,3251,2734,5985,2510,2158,4668,1918,1792,3710,1650,1513,3163,1588,1660,3248,1288,2139,3427,488,1270,1758,20450,20140,40590
2020-08-19,2970,2722,5692,1771,1608,3379,3110,2642,5752,3306,2780,6086,2542,2195,4737,1948,1817,3765,1668,1536,3204,1605,1686,3291,1299,2173,3472,492,1288,1780,20711,20447,41158
2020-08-20,2994,2745,5739,1791,1624,3415,3151,2683,5834,3344,2822,6166,2566,2237,4803,1977,1841,3818,1689,1566,3255,1616,1705,3321,1313,2196,3509,495,1299,1794,20936,20718,41654
2020-08-21,3020,2782,5802,1816,1645,3461,3187,2718,5905,3386,2867,6253,2606,2272,4878,2010,1884,3894,1716,1584,3300,1638,1731,3369,1326,2227,3553,500,1308,1808,21205,21018,42223
2020-08-22,3034,2798,5832,1839,1662,3501,3215,2743,5958,3414,2901,6315,2636,2297,4933,2027,1904,3931,1735,1603,3338,1649,1748,3397,1333,2240,3573,503,1322,1825,21385,21218,42603
2020-08-23,3055,2827,5882,1850,1674,3524,3237,2756,5993,3443,2925,6368,2656,2314,4970,2049,1923,3972,1749,1619,3368,1658,1769,3427,1344,2247,3591,508,1326,1834,21549,21380,42929
2020-08-24,3094,2868,5962,1869,1693,3562,3273,2802,6075,3493,2963,6456,2690,2352,5042,2087,1948,4035,1770,1647,3417,1673,1791,3464,1360,2268,3628,514,1344,1858,21823,21676,43499
2020-08-25,3115,2894,6009,1891,1710,3601,3313,2855,6168,3542,3018,6560,2717,2384,5101,2113,1979,4092,1787,1670,3457,1685,1810,3495,1375,2295,3670,520,1360,1880,22058,21975,44033
2020-08-26,3154,2914,6068,1915,1733,3648,3370,2899,6269,3599,3059,6658,2754,2421,5175,2144,2011,4155,1815,1688,3503,1705,1833,3538,1391,2320,3711,523,1376,1899,22370,22254,44624
2020-08-27,3189,2941,6130,1945,1756,3701,3423,2955,6378,3652,3101,6753,2803,2465,5268,2176,2044,4220,1835,1717,3552,1728,1859,3587,1406,2346,3752,528,1401,1929,22685,22585,45270
2020-08-28,3223,2971,6194,1983,1775,3758,3491,3012,6503,3704,3154,6858,2852,2511,5363,2216,2093,4309,1857,1744,3601,1752,1886,3638,1417,2366,3783,534,1411,1945,23029,22923,45952
2020-08-29,3248,2985,6233,1993,1786,3779,3539,3049,6588,3737,3211,6948,2893,2550,5443,2238,2114,4352,1881,1759,3640,1768,1903,3671,1425,2389,3814,537,1427,1964,23259,23173,46432
2020-08-30,3271,3010,6281,2013,1803,3816,3565,3079,6644,3775,3239,7014,2926,2577,5503,2260,2133,4393,1895,1774,3669,1775,1919,3694,1434,2397,3831,539,1432,1971,23453,23363,46816
2020-08-31,3306,3031,6337,2036,1818,3854,3607,3120,6727,3822,3286,7108,2968,2618,5586,2285,2163,4448,1923,1805,3728,1801,1939,3740,1451,2432,3883,541,1447,1988,23740,23659,47399
2020-09-01,3342,3061,6403,2054,1851,3905,3655,3161,6816,3892,3342,7234,3020,2648,5668,2315,2204,4519,1941,1820,3761,1816,1959,3775,1465,2466,3931,548,1459,2007,24048,23971,48019
2020-09-02,3371,3076,6447,2071,1866,3937,3687,3212,6899,3922,3392,7314,3059,2678,5737,2344,2233,4577,1957,1843,3800,1840,1980,3820,1480,2492,3972,551,1489,2040,24282,24261,48543
2020-09-03,3400,3104,6504,2095,1887,3982,3740,3267,7007,3990,3457,7447,3107,2715,5822,2376,2257,4633,1977,1872,3849,1859,2002,3861,1492,2519,4011,555,1498,2053,24591,24578,49169
2020-09-04,3431,3137,6568,2117,1904,4021,3789,3315,7104,4040,3510,7550,3154,2766,5920,2402,2287,4689,2004,1907,3911,1883,2023,3906,1505,2548,4053,558,1512,2070,24883,24909,49792
2020-09-05,3451,3157,6608,2132,1915,4047,3825,3349,7174,4079,3558,7637,3186,2802,5988,2423,2309,4732,2027,1930,3957,1900,2039,3939,1519,2568,4087,561,1519,2080,25103,25146,50249
2020-09-06,3471,3175,6646,2143,1930,4073,3840,3380,7220,4108,3580,7688,3210,2822,6032,2439,2333,4772,2043,1949,3992,1909,2057,3966,1531,2584,4115,562,1529,2091,25256,25339,50595
2020-09-07,3495,3200,6695,2159,1952,4111,3895,3429,7324,4164,3624,7788,3249,2869,6118,2463,2372,4835,2073,1970,4043,1923,2080,4003,1542,2612,4154,570,1543,2113,25533,25651,51184
2020-09-08,3526,3227,6753,2183,1978,4161,3943,3465,7408,4226,3684,7910,3287,2909,6196,2507,2408,4915,2100,2001,4101,1948,2105,4053,1560,2638,4198,577,1563,2140,25857,25978,51835
2020-09-09,3560,3251,6811,2199,2000,4199,3996,3508,7504,4270,3721,7991,3328,2945,6273,2537,2441,4978,2128,2032,4160,1968,2131,4099,1574,2673,4247,578,1583,2161,26138,26285,52423
2020-09-10,3585,3268,6853,2227,2017,4244,4059,3562,7621,4330,3781,8111,3383,2990,6373,2567,2470,5037,2151,2054,4205,1989,2147,4136,1584,2704,4288,580,1598,2178,26455,26591,53046
2020-09-11,3611,3296,6907,2259,2037,4296,4107,3600,7707,4376,3834,8210,3423,3030,6453,2603,2518,5121,2183,2080,4263,2011,2174,4185,1600,2725,4325,583,1607,2190,26756,26901,53657
2020-09-12,3634,3314,6948,2274,2053,4327,4133,3627,7760,4404,3869,8273,3443,3060,6503,2626,2550,5176,2202,2102,4304,2030,2195,4225,1612,2755,4367,585,1622,2207,26943,27147,54090
2020-09-13,3662,3335,6997,2281,2063,4344,4155,3658,7813,4435,3904,8339,3463,3078,6541,2649,2569,5218,2226,2122,4348,2039,2204,4243,1617,2770,4387,589,1631,2220,27116,27334,54450
2020-09-14,3692,3361,7053,2303,2081,4384,4203,3717,7920,4480,3953,8433,3494,3115,6609,2693,2598,5291,2259,2154,4413,2065,2229,4294,1633,2784,4417,591,1641,2232,27413,27633,55046
2020-09-15,3723,3384,7107,2319,2093,4412,4249,3748,7997,4531,4016,8547,3529,3145,6674,2717,2631,5348,2286,2182,4468,2088,2257,4345,1647,2809,4456,593,1654,2247,27682,27919,55601
2020-09-16,3759,3418,7177,2352,2122,4474,4308,3805,8113,4578,4078,8656,3576,3191,6767,2747,2666,5413,2307,2216,4523,2111,2273,4384,1661,2835,4496,597,1662,2259,27996,28266,56262
2020-09-17,3785,3441,7226,2375,2157,4532,4353,3841,8194,4627,4120,8747,3620,3237,6857,2789,2711,5500,2343,2242,4585,2137,2300,4437,1676,2853,4529,600,1666,2266,28305,28568,56873
2020-09-18,3821,3481,7302,2392,2182,4574,4393,3886,8279,4690,4187,8877,3655,3278,6933,2820,2748,5568,2366,2276,4642,2164,2326,4490,1689,2876,4565,603,1677,2280,28593,28917,57510
2020-09-19,3833,3512,7345,2401,2203,4604,4419,3909,8328,4720,4223,8943,3679,3295,6974,2839,2765,5604,2388,2295,4683,2184,2345,4529,1701,2893,4594,607,1684,2291,28771,29124,57895
2020-09-20,3851,3535,7386,2418,2219,4637,4443,3935,8378,4751,4242,8993,3699,3315,7014,2854,2785,5639,2394,2312,4706,2202,2358,4560,1705,2910,4615,611,1692,2303,28928,29303,58231
2020-09-21,3880,3566,7446,2439,2247,4686,4485,3972,8457,4801,4299,9100,3735,3358,7093,2883,2808,5691,2415,2340,4755,2227,2383,4610,1715,2924,4639,612,1703,2315,29192,29600,58792
2020-09-22,3917,3601,7518,2466,2270,4736,4533,4022,8555,4846,4347,9193,3783,3381,7164,2920,2849,5769,2446,2363,4809,2252,2410,4662,1724,2956,4680,615,1716,2331,29502,29915,59417
2020-09-23,3954,3632,7586,2482,2287,4769,4566,4068,8634,4888,4396,9284,3817,3419,7236,2945,2882,5827,2475,2394,4869,2270,2438,4708,1735,2978,4713,617,1729,2346,29749,30223,59972
2020-09-24,3995,3666,7661,2513,2313,4826,4619,4113,8732,4945,4449,9394,3857,3450,7307,2977,2911,5888,2484,2438,4922,2288,2465,4753,1755,3001,4756,626,1750,2376,30059,30556,60615
2020-09-25,4028,3690,7718,2535,2327,4862,4660,4163,8823,4990,4498,9488,3899,3487,7386,3003,2943,5946,2511,2471,4982,2310,2486,4796,1773,3022,4795,626,1759,2385,30335,30846,61181
2020-09-26,4047,3707,7754,2556,2337,4893,4686,4187,8873,5024,4524,9548,3927,3521,7448,3024,2972,5996,2527,2490,5017,2327,2499,4826,1782,3037,4819,630,1767,2397,30530,31041,61571
2020-09-27,4066,3730,7796,2569,2357,4926,4718,4225,8943,5046,4548,9594,3959,3542,7501,3045,2989,6034,2543,2511,5054,2334,2512,4846,1790,3049,4839,633,1774,2407,30703,31237,61940
2020-09-28,4094,3753,7847,2589,2371,4960,4759,4265,9024,5095,4594,9689,4008,3573,7581,3083,3031,6114,2581,2533,5114,2351,2539,4890,1807,3069,4876,637,1794,2431,31004,31522,62526
2020-09-29,4133,3785,7918,2610,2395,5005,4822,4310,9132,5160,4661,9821,4065,3616,7681,3115,3061,6176,2614,2573,5187,2379,2579,4958,1829,3102,4931,640,1817,2457,31367,31899,63266
2020-09-30,4168,3813,7981,2631,2417,5048,4874,4364,9238,5212,4712,9924,4102,3647,7749,3154,3095,6249,2649,2614,5263,2406,2603,5009,1838,3122,4960,645,1827,2472,31679,32214,63893
2020-10-01,4204,3849,8053,2651,2455,5106,4925,4429,9354,5272,4775,10047,4138,3695,7833,3188,3127,6315,2687,2644,5331,2431,2643,5074,1852,3138,4990,648,1839,2487,31996,32594,64590
2020-10-02,4248,3891,8139,2678,2479,5157,4970,4494,9464,5316,4827,10143,4172,3741,7913,3226,3157,6383,2724,2676,5400,2453,2676,5129,1865,3170,5035,652,1858,2510,32304,32969,65273
2020-10-03,4263,3911,8174,2694,2500,5194,5009,4528,9537,5349,4860,10209,4197,3764,7961,3252,3179,6431,2737,2696,5433,2470,2693,5163,1873,3187,5060,655,1866,2521,32499,33184,65683
2020-10-04,4287,3934,8221,2711,2519,5230,5035,4558,9593,5371,4883,10254,4226,3790,8016,3270,3199,6469,2755,2713,5468,2480,2708,5188,1884,3211,5095,658,1869,2527,32677,33384,66061
2020-10-05,4309,3963,8272,2734,2544,5278,5081,4595,9676,5436,4934,10370,4290,3829,8119,3316,3238,6554,2796,2742,5538,2504,2743,5247,1903,3234,5137,661,1875,2536,33030,33697,66727
2020-10-06,4338,4003,8341,2762,2568,5330,5134,4635,9769,5493,4979,10472,4351,3861,8212,3356,3273,6629,2827,2773,5600,2533,2777,5310,1921,3260,5181,667,1886,2553,33382,34015,67397
2020-10-07,4376,4029,8405,2780,2590,5370,5187,4686,9873,5555,5044,10599,4395,3911,8306,3388,3314,6702,2857,2812,5669,2562,2805,5367,1937,3289,5226,676,1893,2569,33713,34373,68086
2020-10-08,4412,4059,8471,2802,2615,5417,5237,4738,9975,5603,5088,10691,4440,3949,8389,3425,3357,6782,2880,2839,5719,2583,2835,5418,1954,3309,5263,681,1909,2590,34017,34698,68715
2020-10-09,4439,4097,8536,2848,2646,5494,5270,4794,10064,5660,5152,10812,4485,3995,8480,3454,3395,6849,2912,2883,5795,2601,2867,5468,1968,3336,5304,684,1921,2605,34321,35086,69407
2020-10-10,4459,4121,8580,2874,2665,5539,5312,4830,10142,5705,5188,10893,4515,4026,8541,3478,3430,6908,2941,2912,5853,2613,2889,5502,1982,3356,5338,693,1933,2626,34572,35350,69922
2020-10-11,4483,4141,8624,2888,2679,5567,5341,4867,10208,5741,5230,10971,4552,4055,8607,3501,3451,6952,2968,2944,5912,2631,2913,5544,1998,3379,5377,693,1943,2636,34796,35602,70398
2020-10-12,4502,4165,8667,2920,2698,5618,5391,4929,10320,5793,5285,11078,4595,4098,8693,3539,3500,7039,3012,2971,5983,2666,2950,5616,2019,3417,5436,695,1959,2654,35132,35972,71104
2020-10-13,4546,4204,8750,2954,2724,5678,5466,4995,10461,5864,5370,11234,4644,4158,8802,3598,3567,7165,3056,3012,6068,2699,2993,5692,2043,3463,5506,704,1983,2687,35574,36469,72043
2020-10-14,4588,4235,8823,2974,2763,5737,5530,5065,10595,5944,5448,11392,4692,4218,8910,3642,3617,7259,3099,3055,6154,2739,3042,5781,2062,3494,5556,705,2005,2710,35975,36942,72917
2020-10-15,4626,4265,8891,3007,2799,5806,5598,5138,10736,6029,5535,11564,4763,4289,9052,3705,3677,7382,3151,3108,6259,2764,3092,5856,2081,3527,5608,713,2020,2733,36437,37450,73887
2020-10-16,4680,4299,8979,3042,2841,5883,5693,5237,10930,6122,5612,11734,4849,4357,9206,3761,3740,7501,3196,3161,6357,2794,3143,5937,2103,3571,5674,716,2053,2769,36956,38014,74970
2020-10-17,4698,4319,9017,3062,2867,5929,5754,5279,11033,6180,5683,11863,4895,4411,9306,3793,3771,7564,3228,3206,6434,2824,3181,6005,2114,3606,5720,719,2067,2786,37267,38390,75657
2020-10-18,4719,4340,9059,3078,2882,5960,5787,5311,11098,6221,5735,11956,4921,4445,9366,3825,3795,7620,3250,3228,6478,2842,3209,6051,2121,3637,5758,720,2075,2795,37484,38657,76141
2020-10-19,4780,4382,9162,3106,2921,6027,5868,5406,11274,6311,5833,12144,5021,4533,9554,3889,3859,7748,3314,3288,6602,2890,3264,6154,2144,3676,5820,723,2091,2814,38046,39253,77299
2020-10-20,4826,4432,9258,3144,2960,6104,5964,5499,11463,6400,5917,12317,5096,4620,9716,3958,3930,7888,3373,3337,6710,2920,3314,6234,2176,3717,5893,724,2116,2840,38581,39842,78423
2020-10-21,4857,4458,9315,3199,2995,6194,6028,5589,11617,6475,5991,12466,5161,4674,9835,4011,3976,7987,3419,3375,6794,2945,3349,6294,2196,3755,5951,727,2129,2856,39018,40291,79309
2020-10-22,4892,4486,9378,3234,3045,6279,6088,5652,11740,6542,6061,12603,5220,4747,9967,4051,4027,8078,3454,3412,6866,2970,3377,6347,2218,3790,6008,733,2147,2880,39402,40744,80146
2020-10-23,4920,4510,9430,3262,3068,6330,6138,5704,11842,6594,6124,12718,5262,4803,10065,4085,4062,8147,3487,3457,6944,3006,3412,6418,2239,3808,6047,738,2171,2909,39731,41119,80850
2020-10-24,4937,4532,9469,3277,3087,6364,6182,5731,11913,6637,6163,12800,5298,4834,10132,4106,4090,8196,3503,3481,6984,3028,3434,6462,2248,3830,6078,742,2184,2926,39958,41366,81324
2020-10-25,4970,4555,9525,3290,3105,6395,6230,5774,12004,6680,6222,12902,5336,4869,10205,4136,4127,8263,3532,3508,7040,3049,3458,6507,2255,3847,6102,746,2188,2934,40224,41653,81877
2020-10-26,5007,4585,9592,3336,3133,6469,6289,5832,12121,6756,6300,13056,5393,4939,10332,4179,4191,8370,3566,3551,7117,3082,3497,6579,2271,3889,6160,751,2206,2957,40630,42123,82753
2020-10-27,5044,4619,9663,3368,3156,6524,6364,5910,12274,6823,6360,13183,5475,4998,10473,4234,4257,8491,3619,3616,7235,3116,3542,6658,2289,3917,6206,754,2212,2966,41086,42587,83673
2020-10-28,5078,4653,9731,3393,3179,6572,6417,5974,12391,6888,6435,13323,5520,5060,10580,4282,4309,8591,3670,3647,7317,3143,3577,6720,2301,3950,6251,757,2226,2983,41449,43010,84459
2020-10-29,5108,4682,9790,3418,3198,6616,6498,6031,12529,6972,6509,13481,5572,5122,10694,4319,4354,8673,3716,3692,7408,3165,3605,6770,2317,3975,6292,760,2234,2994,41845,43402,85247
2020-10-30,5141,4705,9846,3440,3228,6668,6555,6112,12667,7036,6569,13605,5627,5172,10799,4358,4401,8759,3753,3738,7491,3186,3634,6820,2334,4002,6336,765,2251,3016,42195,43812,86007
2020-10-31,5165,4721,9886,3456,3244,6700,6592,6147,12739,7070,6617,13687,5656,5205,10861,4386,4431,8817,3780,3770,7550,3203,3655,6858,2341,4017,6358,768,2254,3022,42417,44061,86478
2020-11-01,5194,4745,9939,3475,3275,6750,6630,6191,12821,7116,6669,13785,5704,5236,10940,4418,4472,8890,3806,3807,7613,3226,3675,6901,2349,4036,6385,773,2262,3035,42691,44368,87059
2020-11-02,5227,4782,10009,3507,3308,6815,6690,6263,12953,7207,6738,13945,5759,5292,11051,4469,4521,8990,3854,3858,7712,3258,3705,6963,2366,4057,6423,774,2274,3048,43111,44798,87909
2020-11-03,5256,4805,10061,3527,3331,6858,6738,6329,13067,7263,6790,14053,5806,5318,11124,4509,4556,9065,3891,3890,7781,3283,3730,7013,2385,4088,6473,777,2287,3064,43435,45124,88559
2020-11-04,5290,4842,10132,3558,3361,6919,6806,6406,13212,7337,6864,14201,5876,5395,11271,4558,4608,9166,3944,3936,7880,3315,3764,7079,2404,4125,6529,788,2300,3088,43876,45601,89477
2020-11-05,5329,4878,10207,3607,3405,7012,6904,6479,13383,7420,6945,14365,5952,5464,11416,4622,4672,9294,3978,3985,7963,3345,3797,7142,2423,4152,6575,790,2312,3102,44370,46089,90459
2020-11-06,5351,4906,10257,3627,3438,7065,6946,6528,13474,7466,7000,14466,5985,5494,11479,4663,4714,9377,4010,4029,8039,3375,3835,7210,2435,4181,6616,793,2320,3113,44651,46445,91096
2020-11-07,5376,4929,10305,3645,3461,7106,6982,6569,13551,7507,7058,14565,6021,5531,11552,4696,4750,9446,4046,4066,8112,3400,3864,7264,2453,4200,6653,800,2325,3125,44926,46753,91679
2020-11-08,5408,4968,10376,3672,3488,7160,7029,6612,13641,7547,7117,14664,6061,5579,11640,4722,4782,9504,4082,4098,8180,3425,3889,7314,2464,4212,6676,804,2329,3133,45214,47074,92288
2020-11-09,5453,5012,10465,3724,3512,7236,7083,6681,13764,7618,7201,14819,6120,5643,11763,4776,4834,9610,4122,4152,8274,3448,3924,7372,2486,4248,6734,809,2337,3146,45639,47544,93183
2020-11-10,5484,5039,10523,3753,3536,7289,7136,6733,13869,7676,7259,14935,6166,5687,11853,4814,4877,9691,4178,4187,8365,3478,3956,7434,2503,4278,6781,813,2348,3161,46001,47900,93901
2020-11-11,5519,5071,10590,3772,3561,7333,7188,6800,13988,7745,7326,15071,6224,5736,11960,4859,4927,9786,4215,4220,8435,3504,3985,7489,2526,4306,6832,817,2365,3182,46369,48297,94666
2020-11-12,5566,5101,10667,3797,3592,7389,7246,6872,14118,7826,7394,15220,6289,5794,12083,4918,4961,9879,4250,4275,8525,3537,4025,7562,2544,4338,6882,819,2376,3195,46792,48728,95520
2020-11-13,5603,5127,10730,3835,3616,7451,7308,6941,14249,7881,7459,15340,6340,5847,12187,4965,5004,9969,4297,4325,8622,3571,4062,7633,2564,4368,6932,823,2390,3213,47187,49139,96326
2020-11-14,5647,5159,10806,3862,3638,7500,7346,6989,14335,7937,7515,15452,6373,5892,12265,4993,5037,10030,4333,4344,8677,3593,4092,7685,2571,4387,6958,827,2394,3221,47482,49447,96929
2020-11-15,5683,5194,10877,3882,3652,7534,7397,7046,14443,7986,7560,15546,6413,5937,12350,5027,5080,10107,4367,4380,8747,3612,4117,7729,2579,4409,6988,828,2408,3236,47774,49783,97557
2020-11-16,5719,5235,10954,3915,3682,7597,7450,7093,14543,8040,7627,15667,6477,5982,12459,5059,5125,10184,4404,4421,8825,3640,4153,7793,2597,4435,7032,833,2429,3262,48134,50182,98316
2020-11-17,5754,5273,11027,3950,3708,7658,7520,7166,14686,8127,7709,15836,6542,6042,12584,5104,5175,10279,4461,4481,8942,3678,4203,7881,2605,4471,7076,835,2438,3273,48576,50666,99242
2020-11-18,5790,5310,11100,3990,3744,7734,7592,7231,14823,8211,7790,16001,6603,6095,12698,5151,5216,10367,4498,4519,9017,3716,4241,7957,2620,4509,7129,838,2448,3286,49009,51103,100112
2020-11-19,5828,5334,11162,4030,3777,7807,7657,7300,14957,8282,7866,16148,6654,6149,12803,5197,5273,10470,4547,4570,9117,3750,4272,8022,2637,4542,7179,842,2459,3301,49424,51542,100966
2020-11-20,5860,5367,11227,4056,3811,7867,7720,7358,15078,8360,7927,16287,6702,6194,12896,5238,5316,10554,4592,4613,9205,3776,4294,8070,2654,4569,7223,847,2466,3313,49805,51915,101720
2020-11-21,5885,5391,11276,4080,3830,7910,7763,7396,15159,8403,7977,16380,6747,6230,12977,5265,5352,10617,4623,4639,9262,3797,4314,8111,2660,4580,7240,850,2476,3326,50073,52185,102258
2020-11-22,5911,5413,11324,4100,3847,7947,7806,7432,15238,8436,8022,16458,6788,6265,13053,5285,5371,10656,4643,4680,9323,3818,4327,8145,2668,4599,7267,851,2483,3334,50306,52439,102745
2020-11-23,5956,5448,11404,4125,3870,7995,7851,7480,15331,8489,8077,16566,6837,6301,13138,5323,5406,10729,4678,4718,9396,3836,4352,8188,2682,4626,7308,858,2495,3353,50635,52773,103408
2020-11-24,5988,5489,11477,4161,3901,8062,7908,7529,15437,8571,8142,16713,6896,6350,13246,5363,5449,10812,4719,4758,9477,3869,4391,8260,2703,4661,7364,861,2500,3361,51039,53170,104209
2020-11-25,6029,5528,11557,4198,3935,8133,7976,7589,15565,8645,8218,16863,6953,6403,13356,5405,5485,10890,4763,4795,9558,3891,4419,8310,2721,4686,7407,866,2507,3373,51447,53565,105012
2020-11-26,6061,5561,11622,4235,3969,8204,8044,7663,15707,8722,8307,17029,7000,6460,13460,5458,5536,10994,4818,4834,9652,3921,4460,8381,2735,4715,7450,875,2518,3393,51869,54023,105892
2020-11-27,6075,5589,11664,4257,3987,8244,8098,7725,15823,8777,8367,17144,7046,6494,13540,5501,5572,11073,4847,4866,9713,3948,4485,8433,2746,4746,7492,881,2524,3405,52176,54355,106531
2020-11-28,6117,5611,11728,4277,4008,8285,8149,7773,15922,8815,8418,17233,7081,6535,13616,5544,5605,11149,4866,4898,9764,3966,4510,8476,2756,4774,7530,883,2528,3411,52454,54660,107114
2020-11-29,6150,5641,11791,4290,4032,8322,8208,7832,16040,8867,8485,17352,7130,6571,13701,5578,5633,11211,4896,4933,9829,3980,4535,8515,2772,4786,7558,885,2535,3420,52756,54983,107739
2020-11-30,6193,5671,11864,4330,4059,8389,8299,7924,16223,8948,8567,17515,7212,6634,13846,5623,5690,11313,4953,4984,9937,4012,4580,8592,2789,4817,7606,893,2544,3437,53252,55470,108722
2020-12-01,6220,5712,11932,4354,4093,8447,8382,8000,16382,9015,8649,17664,7272,6697,13969,5654,5731,11385,4994,5042,10036,4046,4617,8663,2807,4848,7655,896,2548,3444,53640,55937,109577
2020-12-02,6240,5731,11971,4376,4110,8486,8432,8055,16487,9059,8717,17776,7323,6742,14065,5682,5765,11447,5016,5070,10086,4074,4641,8715,2821,4866,7687,902,2557,3459,53925,56254,110179
2020-12-03,6267,5768,12035,4408,4135,8543,8490,8149,16639,9139,8809,17948,7388,6803,14191,5728,5811,11539,5063,5127,10190,4103,4670,8773,2833,4884,7717,905,2568,3473,54324,56724,111048
2020-12-04,6295,5797,12092,4436,4174,8610,8553,8203,16756,9207,8877,18084,7452,6864,14316,5779,5865,11644,5108,5176,10284,4136,4705,8841,2850,4909,7759,911,2577,3488,54727,57147,111874
2020-12-05,6322,5823,12145,4462,4201,8663,8609,8251,16860,9268,8927,18195,7491,6897,14388,5808,5896,11704,5131,5197,10328,4152,4723,8875,2860,4927,7787,915,2584,3499,55018,57426,112444
2020-12-06,6342,5845,12187,4492,4217,8709,8656,8293,16949,9310,8965,18275,7522,6942,14464,5829,5923,11752,5158,5217,10375,4174,4750,8924,2875,4941,7816,916,2588,3504,55274,57681,112955
2020-12-07,6359,5879,12238,4521,4238,8759,8708,8351,17059,9375,9021,18396,7560,6986,14546,5863,5962,11825,5182,5243,10425,4194,4785,8979,2886,4959,7845,920,2594,3514,55568,58018,113586
2020-12-08,6387,5912,12299,4537,4260,8797,8763,8407,17170,9430,9077,18507,7593,7017,14610,5908,6003,11911,5212,5273,10485,4211,4815,9026,2893,4978,7871,925,2598,3523,55859,58340,114199
2020-12-09,6418,5938,12356,4561,4289,8850,8849,8494,17343,9516,9165,18681,7668,7070,14738,5987,6070,12057,5280,5345,10625,4252,4864,9116,2907,5009,7916,927,2615,3542,56365,58859,115224
2020-12-10,6457,5975,12432,4605,4335,8940,8940,8587,17527,9606,9281,18887,7745,7151,14896,6069,6149,12218,5349,5414,10763,4292,4889,9181,2922,5047,7969,934,2624,3558,56919,59452,116371
2020-12-11,6483,6014,12497,4641,4367,9008,9037,8682,17719,9713,9392,19105,7825,7234,15059,6145,6233,12378,5421,5496,10917,4330,4930,9260,2939,5073,8012,935,2632,3567,57469,60053,117522
2020-12-12,6508,6047,12555,4681,4391,9072,9117,8754,17871,9798,9493,19291,7905,7311,15216,6217,6288,12505,5464,5576,11040,4363,4976,9339,2950,5096,8046,937,2640,3577,57940,60572,118512
2020-12-13,6539,6072,12611,4710,4430,9140,9175,8823,17998,9878,9572,19450,7966,7382,15348,6294,6342,12636,5517,5617,11134,4396,5000,9396,2960,5117,8077,943,2644,3587,58378,60999,119377
2020-12-14,6588,6107,12695,4746,4468,9214,9268,8921,18189,9987,9671,19658,8046,7479,15525,6376,6422,12798,5581,5702,11283,4443,5052,9495,2976,5146,8122,952,2655,3607,58963,61623,120586
2020-12-15,6621,6144,12765,4790,4508,9298,9347,8999,18346,10095,9778,19873,8126,7546,15672,6455,6514,12969,5663,5785,11448,4484,5090,9574,2986,5164,8150,953,2667,3620,59520,62195,121715
2020-12-16,6642,6174,12816,4829,4554,9383,9451,9126,18577,10238,9924,20162,8216,7657,15873,6558,6598,13156,5765,5879,11644,4537,5150,9687,3006,5183,8189,957,2679,3636,60199,62924,123123
2020-12-17,6680,6217,12897,4878,4591,9469,9552,9236,18788,10381,10082,20463,8338,7780,16118,6643,6681,13324,5821,5957,11778,4578,5183,9761,3015,5205,8220,960,2686,3646,60846,63618,124464
2020-12-18,6732,6251,12983,4939,4655,9594,9680,9353,19033,10525,10248,20773,8468,7908,16376,6750,6788,13538,5940,6071,12011,4662,5248,9910,3030,5252,8282,966,2693,3659,61692,64467,126159
2020-12-19,6770,6283,13053,4987,4703,9690,9778,9468,19246,10694,10405,21099,8575,7996,16571,6839,6877,13716,6023,6172,12195,4705,5308,10013,3043,5279,8322,970,2697,3667,62384,65188,127572
2020-12-20,6800,6327,13127,5042,4757,9799,9886,9579,19465,10853,10558,21411,8690,8114,16804,6938,6982,13920,6123,6271,12394,4747,5353,10100,3054,5292,8346,973,2704,3677,63106,65937,129043
2020-12-21,6847,6375,13222,5119,4804,9923,10027,9711,19738,11016,10746,21762,8840,8234,17074,7044,7093,14137,6231,6393,12624,4810,5420,10230,3065,5327,8392,978,2710,3688,63977,66813,130790
2020-12-22,6890,6428,13318,5193,4871,10064,10177,9859,20036,11201,10930,22131,8997,8385,17382,7161,7203,14364,6367,6523,12890,4874,5470,10344,3083,5356,8439,982,2715,3697,64925,67740,132665
2020-12-23,6938,6482,13420,5263,4927,10190,10328,10002,20330,11398,11119,22517,9129,8538,17667,7278,7303,14581,6465,6629,13094,4928,5521,10449,3102,5388,8490,986,2730,3716,65815,68639,134454
2020-12-24,6967,6514,13481,5300,4970,10270,10421,10090,20511,11539,11228,22767,9223,8618,17841,7343,7371,14714,6522,6694,13216,4964,5550,10514,3106,5409,8515,988,2735,3723,66373,69179,135552
2020-12-25,6978,6529,13507,5310,4980,10290,10449,10108,20557,11569,11263,22832,9249,8632,17881,7361,7394,14755,6535,6712,13247,4977,5555,10532,3113,5422,8535,991,2739,3730,66532,69334,135866
2020-12-26,7023,6565,13588,5386,5057,10443,10563,10237,20800,11766,11442,23208,9364,8776,18140,7466,7497,14963,6603,6790,13393,5014,5609,10623,3132,5454,8586,992,2750,3742,67309,70177,137486
2020-12-27,7051,6590,13641,5466,5123,10589,10677,10341,21018,11960,11578,23538,9524,8921,18445,7580,7621,15201,6708,6894,13602,5055,5672,10727,3152,5485,8637,995,2762,3757,68168,70987,139155
2020-12-28,7106,6631,13737,5565,5218,10783,10866,10512,21378,12246,11839,24085,9715,9114,18829,7739,7779,15518,6826,7034,13860,5109,5742,10851,3175,5529,8704,998,2778,3776,69345,72176,141521
2020-12-29,7150,6676,13826,5653,5301,10954,11040,10687,21727,12469,12026,24495,9893,9270,19163,7868,7896,15764,6926,7155,14081,5169,5804,10973,3198,5575,8773,1005,2789,3794,70371,73179,143550
2020-12-30,7197,6708,13905,5751,5399,11150,11223,10829,22052,12717,12261,24978,10061,9441,19502,8003,8062,16065,7038,7266,14304,5227,5875,11102,3224,5611,8835,1009,2800,3809,71450,74252,145702
2020-12-31,7223,6735,13958,5814,5462,11276,11351,10928,22279,12856,12428,25284,10185,9573,19758,8088,8129,16217,7088,7327,14415,5254,5917,11171,3235,5639,8874,1009,2807,3816,72103,74945,147048
2021-01-01,7237,6746,13983,5827,5480,11307,11373,10954,22327,12886,12463,25349,10215,9596,19811,8108,8155,16263,7103,7346,14449,5266,5931,11197,3241,5654,8895,1010,2811,3821,72266,75136,147402
2021-01-02,7283,6775,14058,5882,5544,11426,11493,11077,22570,13059,12612,25671,10336,9711,20047,8201,8278,16479,7221,7449,14670,5316,5988,11304,3254,5689,8943,1013,2819,3832,73058,75942,149000
2021-01-03,7313,6804,14117,5985,5617,11602,11666,11245,22911,13290,12845,26135,10510,9909,20419,8345,8447,16792,7358,7584,14942,5378,6068,11446,3270,5717,8987,1016,2825,3841,74131,77061,151192
2021-01-04,7358,6848,14206,6073,5684,11757,11898,11460,23358,13541,13138,26679,10731,10108,20839,8490,8602,17092,7474,7719,15193,5458,6143,11601,3303,5764,9067,1019,2836,3855,75345,78302,153647
2021-01-05,7389,6888,14277,6167,5764,11931,12127,11701,23828,13800,13429,27229,10946,10320,21266,8638,8763,17401,7600,7901,15501,5540,6240,11780,3328,5815,9143,1022,2847,3869,76557,79668,156225
2021-01-06,7429,6918,14347,6285,5858,12143,12362,11896,24258,14079,13687,27766,11189,10533,21722,8824,8931,17755,7742,8054,15796,5627,6335,11962,3356,5867,9223,1026,2865,3891,77919,80944,158863
2021-01-07,7465,6956,14421,6362,5941,12303,12537,12074,24611,14317,13897,28214,11367,10704,22071,8944,9076,18020,7848,8175,16023,5687,6423,12110,3377,5904,9281,1028,2875,3903,78932,82025,160957
2021-01-08,7510,6993,14503,6452,6045,12497,12728,12237,24965,14519,14123,28642,11517,10885,22402,9058,9206,18264,7939,8288,16227,5740,6504,12244,3399,5936,9335,1035,2884,3919,79897,83101,162998
2021-01-09,7539,7020,14559,6519,6105,12624,12876,12393,25269,14731,14329,29060,11654,11040,22694,9175,9335,18510,8025,8412,16437,5785,6570,12355,3414,5969,9383,1035,2897,3932,80753,84070,164823
2021-01-10,7580,7061,14641,6602,6194,12796,13023,12535,25558,14913,14559,29472,11806,11194,23000,9273,9459,18732,8121,8491,16612,5827,6630,12457,3424,5998,9422,1037,2907,3944,81606,85028,166634
2021-01-11,7628,7096,14724,6697,6289,12986,13239,12754,25993,15152,14833,29985,11993,11398,23391,9416,9606,19022,8222,8634,16856,5883,6695,12578,3441,6031,9472,1039,2915,3954,82710,86251,168961
2021-01-12,7680,7124,14804,6787,6377,13164,13430,12955,26385,15346,15029,30375,12148,11565,23713,9543,9757,19300,8333,8736,17069,5927,6750,12677,3465,6054,9519,1042,2924,3966,83701,87271,170972
2021-01-13,7744,7176,14920,6893,6486,13379,13646,13150,26796,15567,15240,30807,12331,11716,24047,9673,9918,19591,8444,8866,17310,5985,6810,12795,3481,6099,9580,1048,2927,3975,84812,88388,173200
2021-01-14,7789,7220,15009,6993,6584,13577,13847,13367,27214,15797,15471,31268,12498,11898,24396,9804,10092,19896,8543,8980,17523,6038,6869,12907,3498,6133,9631,1052,2932,3984,85859,89546,175405
2021-01-15,7840,7264,15104,7175,6742,13917,14086,13593,27679,16104,15773,31877,12750,12146,24896,10014,10307,20321,8675,9128,17803,6098,6957,13055,3518,6174,9692,1054,2940,3994,87314,91024,178338
2021-01-16,7864,7289,15153,7345,6893,14238,14277,13810,28087,16384,16061,32445,13008,12408,25416,10222,10499,20721,8810,9286,18096,6187,7052,13239,3538,6205,9743,1056,2950,4006,88691,92453,181144
2021-01-17,7893,7308,15201,7500,7032,14532,14455,14037,28492,16613,16312,32925,13263,12683,25946,10394,10676,21070,8910,9408,18318,6246,7111,13357,3555,6231,9786,1058,2952,4010,89887,93750,183637
2021-01-18,7937,7353,15290,7690,7217,14907,14718,14304,29022,16926,16613,33539,13567,12979,26546,10640,10913,21553,9080,9595,18675,6329,7211,13540,3578,6272,9850,1061,2960,4021,91526,95417,186943
2021-01-19,7988,7392,15380,7872,7364,15236,14981,14539,29520,17219,16900,34119,13850,13274,27124,10835,11124,21959,9246,9783,19029,6412,7320,13732,3596,6312,9908,1068,2978,4046,93067,96986,190053
2021-01-20,8033,7434,15467,8051,7548,15599,15220,14767,29987,17470,17150,34620,14129,13529,27658,11064,11347,22411,9428,9980,19408,6506,7430,13936,3619,6351,9970,1074,2988,4062,94594,98524,193118
2021-01-21,8081,7477,15558,8177,7675,15852,15431,14954,30385,17686,17377,35063,14313,13750,28063,11221,11545,22766,9569,10112,19681,6570,7508,14078,3654,6388,10042,1082,2999,4081,95784,99785,195569
2021-01-22,8119,7520,15639,8321,7794,16115,15604,15145,30749,17866,17570,35436,14498,13955,28453,11371,11702,23073,9694,10242,19936,6631,7579,14210,3671,6432,10103,1085,3002,4087,96860,100941,197801
2021-01-23,8151,7547,15698,8436,7911,16347,15805,15333,31138,18049,17771,35820,14686,14112,28798,11516,11853,23369,9780,10347,20127,6675,7628,14303,3684,6459,10143,1087,3008,4095,97869,101969,199838
2021-01-24,8179,7575,15754,8578,8039,16617,15999,15524,31523,18246,17983,36229,14894,14310,29204,11682,12024,23706,9900,10468,20368,6725,7693,14418,3702,6488,10190,1089,3015,4104,98994,103119,202113
2021-01-25,8222,7628,15850,8773,8178,16951,16250,15777,32027,18482,18234,36716,15141,14564,29705,11872,12231,24103,10063,10624,20687,6801,7784,14585,3733,6538,10271,1094,3028,4122,100431,104586,205017
2021-01-26,8281,7673,15954,8957,8310,17267,16460,15988,32448,18700,18450,37150,15358,14777,30135,12044,12423,24467,10178,10771,20949,6870,7865,14735,3754,6590,10344,1098,3040,4138,101700,105887,207587
2021-01-27,8338,7723,16061,9105,8450,17555,16662,16195,32857,18929,18676,37605,15568,15009,30577,12203,12612,24815,10304,10892,21196,6922,7926,14848,3782,6627,10409,1100,3057,4157,102913,107167,210080
2021-01-28,8383,7767,16150,9236,8553,17789,16848,16373,33221,19134,18864,37998,15733,15174,30907,12330,12772,25102,10411,11018,21429,6979,7996,14975,3807,6671,10478,1106,3070,4176,103967,108258,212225
2021-01-29,8425,7821,16246,9418,8709,18127,17067,16568,33635,19381,19126,38507,15958,15420,31378,12524,12969,25493,10567,11209,21776,7044,8093,15137,3831,6724,10555,1110,3080,4190,105325,109719,215044
2021-01-30,8452,7843,16295,9636,8916,18552,17267,16774,34041,19642,19408,39050,16247,15730,31977,12750,13211,25961,10705,11397,22102,7114,8196,15310,3849,6764,10613,1113,3088,4201,106775,111327,218102
2021-01-31,8479,7863,16342,9951,9208,19159,17531,17022,34553,19970,19741,39711,16677,16163,32840,13062,13515,26577,10884,11587,22471,7185,8294,15479,3871,6804,10675,1117,3099,4216,108727,113296,222023
2021-02-01,8518,7901,16419,10217,9499,19716,17765,17280,35045,20270,20061,40331,17035,16522,33557,13392,13805,27197,11085,11829,22914,7250,8421,15671,3903,6842,10745,1119,3110,4229,110554,115270,225824
2021-02-02,8555,7936,16491,10425,9724,20149,18004,17479,35483,20553,20384,40937,17397,16911,34308,13675,14097,27772,11293,12059,23352,7367,8552,15919,3930,6887,10817,1124,3122,4246,112323,117151,229474
2021-02-03,8596,7977,16573,10625,9885,20510,18209,17722,35931,20803,20644,41447,17703,17200,34903,13888,14345,28233,11473,12258,23731,7469,8688,16157,3961,6942,10903,1127,3132,4259,113854,118793,232647
2021-02-04,8642,8017,16659,10747,9991,20738,18383,17922,36305,21006,20870,41876,17874,17434,35308,14046,14516,28562,11578,12414,23992,7529,8786,16315,3983,6982,10965,1129,3148,4277,114917,120080,234997
2021-02-05,8684,8056,16740,10882,10098,20980,18532,18086,36618,21205,21057,42262,18042,17597,35639,14183,14679,28862,11699,12567,24266,7591,8862,16453,3999,7026,11025,1131,3156,4287,115948,121184,237132
2021-02-06,8706,8079,16785,11017,10218,21235,18669,18243,36912,21373,21277,42650,18219,17795,36014,14345,14846,29191,11793,12692,24485,7632,8931,16563,4015,7056,11071,1131,3163,4294,116900,122300,239200
2021-02-07,8735,8114,16849,11147,10340,21487,18801,18382,37183,21548,21475,43023,18394,17981,36375,14483,15020,29503,11883,12793,24676,7688,8991,16679,4029,7081,11110,1138,3168,4306,117846,123345,241191
2021-02-08,8777,8152,16929,11321,10532,21853,19004,18599,37603,21808,21738,43546,18679,18292,36971,14677,15239,29916,12017,12962,24979,7756,9083,16839,4053,7130,11183,1142,3182,4324,119234,124909,244143
2021-02-09,8816,8180,16996,11480,10695,22175,19193,18796,37989,22080,21981,44061,18922,18532,37454,14886,15450,30336,12184,13134,25318,7828,9179,17007,4078,7185,11263,1148,3195,4343,120615,126327,246942
2021-02-10,8858,8206,17064,11598,10812,22410,19356,18972,38328,22276,22216,44492,19156,18744,37900,15013,15630,30643,12303,13257,25560,7898,9263,17161,4106,7220,11326,1148,3205,4353,121712,127525,249237
2021-02-11,8900,8242,17142,11701,10934,22635,19506,19142,38648,22496,22428,44924,19354,18950,38304,15148,15790,30938,12428,13380,25808,7960,9324,17284,4129,7266,11395,1153,3215,4368,122775,128671,251446
2021-02-12,8944,8268,17212,11824,11054,22878,19648,19293,38941,22705,22636,45341,19558,19178,38736,15285,15949,31234,12538,13535,26073,8025,9407,17432,4153,7307,11460,1155,3229,4384,123835,129856,253691
2021-02-13,8968,8286,17254,11975,11209,23184,19805,19438,39243,22944,22860,45804,19806,19432,39238,15428,16131,31559,12653,13663,26316,8073,9473,17546,4169,7341,11510,1157,3239,4396,124978,131072,256050
2021-02-14,8989,8303,17292,12107,11363,23470,19926,19598,39524,23179,23116,46295,20057,19699,39756,15589,16313,31902,12781,13800,26581,8130,9566,17696,4183,7361,11544,1159,3252,4411,126100,132371,258471
2021-02-15,9013,8329,17342,12293,11574,23867,20101,19770,39871,23457,23415,46872,20406,20038,40444,15823,16531,32354,12911,13959,26870,8191,9660,17851,4199,7403,11602,1161,3265,4426,127555,133944,261499
2021-02-16,9040,8351,17391,12501,11738,24239,20317,19990,40307,23772,23764,47536,20714,20375,41089,16034,16713,32747,13032,14075,27107,8247,9740,17987,4211,7438,11649,1168,3271,4439,129036,135455,264491
2021-02-17,9069,8393,17462,12638,11866,24504,20593,20256,40849,24046,24047,48093,20950,20621,41571,16228,16921,33149,13208,14257,27465,8320,9839,18159,4231,7486,11717,1173,3284,4457,130456,136970,267426
2021-02-18,9100,8427,17527,12747,11996,24743,20823,20488,41311,24295,24331,48626,21173,20860,42033,16417,17093,33510,13342,14429,27771,8390,9937,18327,4258,7528,11786,1176,3289,4465,131721,138378,270099
2021-02-19,9144,8462,17606,12860,12114,24974,21037,20686,41723,24531,24594,49125,21389,21074,42463,16596,17290,33886,13479,14596,28075,8468,10040,18508,4274,7571,11845,1179,3298,4477,132957,139725,272682
2021-02-20,9178,8485,17663,12956,12229,25185,21220,20884,42104,24748,24817,49565,21596,21290,42886,16750,17469,34219,13578,14760,28338,8514,10110,18624,4294,7606,11900,1183,3301,4484,134017,140951,274968
2021-02-21,9214,8509,17723,13062,12338,25400,21365,21071,42436,24966,25050,50016,21790,21508,43298,16872,17630,34502,13691,14900,28591,8564,10176,18740,4311,7637,11948,1187,3307,4494,135022,142126,277148
2021-02-22,9260,8567,17827,13168,12471,25639,21544,21283,42827,25193,25316,50509,21994,21731,43725,17039,17807,34846,13810,15063,28873,8631,10263,18894,4348,7671,12019,1190,3313,4503,136177,143485,279662
2021-02-23,9317,8606,17923,13273,12576,25849,21719,21457,43176,25400,25545,50945,22183,21924,44107,17196,17972,35168,13939,15213,29152,8704,10365,19069,4376,7711,12087,1196,3327,4523,137303,144696,281999
2021-02-24,9356,8668,18024,13378,12682,26060,21852,21613,43465,25581,25743,51324,22316,22081,44397,17330,18113,35443,14074,15351,29425,8770,10455,19225,4395,7750,12145,1198,3336,4534,138250,145792,284042
2021-02-25,9419,8724,18143,13458,12770,26228,22011,21765,43776,25736,25918,51654,22479,22221,44700,17443,18249,35692,14171,15487,29658,8824,10539,19363,4413,7788,12201,1202,3352,4554,139156,146813,285969
2021-02-26,9469,8770,18239,13542,12859,26401,22175,21950,44125,25931,26099,52030,22635,22400,45035,17565,18399,35964,14269,15650,29919,8878,10622,19500,4429,7824,12253,1204,3369,4573,140097,147942,288039
2021-02-27,9499,8796,18295,13623,12966,26589,22303,22114,44417,26137,26310,52447,22789,22552,45341,17708,18555,36263,14394,15801,30195,8939,10696,19635,4449,7866,12315,1205,3376,4581,141046,149032,290078
2021-02-28,9525,8824,18349,13732,13088,26820,22477,22315,44792,26391,26575,52966,22989,22770,45759,17900,18798,36698,14573,15978,30551,9029,10801,19830,4469,7904,12373,1208,3385,4593,142293,150438,292731
2021-03-01,9597,8883,18480,13812,13178,26990,22646,22478,45124,26598,26761,53359,23167,22923,46090,18004,18930,36934,14683,16109,30792,9079,10897,19976,4493,7941,12434,1213,3398,4611,143292,151498,294790
2021-03-02,9674,8946,18620,13921,13266,27187,22779,22638,45417,26766,26946,53712,23315,23061,46376,18130,19076,37206,14767,16225,30992,9141,10953,20094,4521,7972,12493,1216,3405,4621,144230,152488,296718
2021-03-03,9746,9006,18752,14007,13331,27338,22902,22773,45675,26940,27093,54033,23433,23175,46608,18250,19203,37453,14882,16379,31261,9201,11037,20238,4534,8000,12534,1216,3417,4633,145111,153414,298525
2021-03-04,9806,9063,18869,14078,13416,27494,23019,22899,45918,27084,27217,54301,23550,23287,46837,18340,19327,37667,14975,16517,31492,9258,11132,20390,4553,8034,12587,1222,3429,4651,145885,154321,300206
2021-03-05,9858,9115,18973,14150,13498,27648,23143,23065,46208,27249,27381,54630,23669,23396,47065,18446,19449,37895,15071,16628,31699,9318,11209,20527,4570,8064,12634,1222,3434,4656,146696,155239,301935
2021-03-06,9890,9152,19042,14204,13553,27757,23261,23175,46436,27386,27516,54902,23779,23506,47285,18509,19557,38066,15143,16699,31842,9352,11267,20619,4590,8090,12680,1224,3440,4664,147338,155955,303293
2021-03-07,9926,9185,19111,14262,13606,27868,23351,23290,46641,27516,27652,55168,23858,23621,47479,18595,19674,38269,15237,16823,32060,9390,11325,20715,4607,8121,12728,1227,3443,4670,147969,156740,304709
2021-03-08,9991,9253,19244,14343,13688,28031,23478,23454,46932,27685,27816,55501,23982,23759,47741,18734,19821,38555,15369,16967,32336,9461,11403,20864,4627,8164,12791,1229,3454,4683,148899,157779,306678
2021-03-09,10076,9342,19418,14421,13761,28182,23606,23572,47178,27852,27973,55825,24136,23893,48029,18859,19953,38812,15477,17144,32621,9538,11498,21036,4648,8197,12845,1233,3461,4694,149846,158794,308640
2021-03-10,10170,9423,19593,14513,13839,28352,23726,23701,47427,28024,28143,56167,24246,24012,48258,18968,20091,39059,15582,17263,32845,9605,11591,21196,4667,8238,12905,1238,3470,4708,150739,159771,310510
2021-03-11,10244,9505,19749,14571,13915,28486,23826,23832,47658,28161,28272,56433,24335,24120,48455,19046,20193,39239,15661,17368,33029,9654,11653,21307,4688,8268,12956,1240,3483,4723,151426,160609,312035
2021-03-12,10326,9584,19910,14657,13998,28655,23942,23964,47906,28321,28426,56747,24448,24254,48702,19144,20335,39479,15750,17496,33246,9720,11729,21449,4708,8299,13007,1244,3492,4736,152260,161577,313837
2021-03-13,10386,9627,20013,14713,14065,28778,24075,24079,48154,28467,28571,57038,24567,24359,48926,19235,20454,39689,15870,17618,33488,9764,11791,21555,4717,8336,13053,1247,3495,4742,153041,162395,315436
2021-03-14,10434,9694,20128,14757,14124,28881,24174,24200,48374,28615,28736,57351,24679,24462,49141,19348,20591,39939,15990,17765,33755,9809,11874,21683,4733,8362,13095,1251,3504,4755,153790,163312,317102
2021-03-15,10558,9792,20350,14849,14215,29064,24305,24364,48669,28775,28925,57700,24841,24629,49470,19486,20740,40226,16125,17914,34039,9886,11983,21869,4751,8407,13158,1255,3518,4773,154831,164487,319318
2021-03-16,10651,9889,20540,14929,14308,29237,24423,24489,48912,28944,29088,58032,24975,24738,49713,19603,20882,40485,16232,18051,34283,9950,12073,22023,4762,8444,13206,1258,3534,4792,155727,165496,321223
2021-03-17,10725,9969,20694,15009,14379,29388,24533,24638,49171,29072,29216,58288,25081,24854,49935,19708,20998,40706,16337,18170,34507,9999,12153,22152,4778,8480,13258,1261,3547,4808,156503,166404,322907
2021-03-18,10806,10035,20841,15065,14440,29505,24640,24749,49389,29210,29334,58544,25164,24950,50114,19781,21095,40876,16417,18271,34688,10047,12216,22263,4793,8509,13302,1262,3556,4818,157185,167155,324340
2021-03-19,10892,10107,20999,15161,14523,29684,24750,24886,49636,29350,29483,58833,25259,25058,50317,19872,21212,41084,16502,18389,34891,10100,12276,22376,4805,8535,13340,1267,3563,4830,157958,168032,325990
2021-03-20,10921,10143,21064,15211,14587,29798,24845,24981,49826,29459,29606,59065,25344,25162,50506,19960,21309,41269,16587,18470,35057,10146,12327,22473,4818,8561,13379,1270,3570,4840,158561,168716,327277
2021-03-21,10973,10194,21167,15268,14649,29917,24949,25087,50036,29603,29735,59338,25425,25248,50673,20056,21422,41478,16659,18577,35236,10175,12384,22559,4834,8583,13417,1273,3581,4854,159215,169460,328675
2021-03-22,11042,10277,21319,15358,14723,30081,25074,25236,50310,29753,29883,59636,25554,25360,50914,20186,21554,41740,16755,18703,35458,10232,12453,22685,4855,8623,13478,1277,3603,4880,160086,170415,330501
2021-03-23,11127,10361,21488,15455,14815,30270,25197,25373,50570,29889,30021,59910,25673,25460,51133,20299,21666,41965,16860,18833,35693,10299,12531,22830,4877,8650,13527,1277,3614,4891,160953,171324,332277
2021-03-24,11175,10413,21588,15524,14869,30393,25290,25461,50751,29992,30147,60139,25747,25546,51293,20375,21757,42132,16918,18920,35838,10335,12595,22930,4890,8680,13570,1277,3619,4896,161523,172007,333530
2021-03-25,11238,10478,21716,15600,14950,30550,25392,25582,50974,30123,30284,60407,25864,25675,51539,20464,21870,42334,17002,19023,36025,10384,12658,23042,4912,8705,13617,1281,3624,4905,162260,172849,335109
2021-03-26,11326,10559,21885,15691,15050,30741,25532,25698,51230,30283,30423,60706,25982,25797,51779,20549,21998,42547,17082,19138,36220,10440,12717,23157,4931,8737,13668,1282,3634,4916,163098,173751,336849
2021-03-27,11389,10614,22003,15728,15099,30827,25629,25787,51416,30423,30552,60975,26085,25903,51988,20648,22109,42757,17173,19240,36413,10477,12772,23249,4943,8765,13708,1286,3639,4925,163781,174480,338261
2021-03-28,11442,10645,22087,15764,15151,30915,25701,25870,51571,30525,30677,61202,26188,26003,52191,20729,22212,42941,17251,19344,36595,10513,12810,23323,4959,8787,13746,1288,3644,4932,164360,175143,339503
2021-03-29,11525,10706,22231,15862,15223,31085,25803,25992,51795,30658,30824,61482,26312,26131,52443,20837,22317,43154,17333,19467,36800,10552,12859,23411,4975,8813,13788,1289,3654,4943,165146,175986,341132
2021-03-30,11594,10774,22368,15936,15310,31246,25890,26100,51990,30774,30946,61720,26418,26253,52671,20932,22408,43340,17416,19586,37002,10586,12906,23492,4993,8839,13832,1294,3661,4955,165833,176783,342616
2021-03-31,11658,10829,22487,15987,15357,31344,25980,26193,52173,30897,31068,61965,26495,26350,52845,20986,22487,43473,17466,19649,37115,10612,12942,23554,5007,8861,13868,1297,3670,4967,166385,177406,343791
2021-04-01,11710,10877,22587,16053,15419,31472,26083,26312,52395,31030,31175,62205,26587,26454,53041,21060,22585,43645,17538,19736,37274,10645,12981,23626,5019,8877,13896,1299,3680,4979,167024,178096,345120
2021-04-02,11775,10921,22696,16111,15490,31601,26171,26407,52578,31154,31283,62437,26680,26540,53220,21143,22665,43808,17596,19806,37402,10678,13014,23692,5028,8889,13917,1301,3685,4986,167637,178700,346337
2021-04-03,11815,10969,22784,16165,15557,31722,26250,26499,52749,31269,31404,62673,26781,26631,53412,21227,22768,43995,17666,19880,37546,10706,13063,23769,5044,8924,13968,1306,3689,4995,168229,179384,347613
2021-04-04,11871,11011,22882,16271,15651,31922,26367,26626,52993,31420,31575,62995,26905,26789,53694,21317,22893,44210,17737,19961,37698,10734,13108,23842,5060,8946,14006,1307,3694,5001,168989,180254,349243
2021-04-05,11949,11089,23038,16400,15795,32195,26511,26809,53320,31619,31766,63385,27088,26978,54066,21451,23044,44495,17829,20084,37913,10777,13165,23942,5072,8982,14054,1312,3702,5014,170008,181414,351422
2021-04-06,12019,11188,23207,16519,15908,32427,26730,26967,53697,31821,31990,63811,27264,27152,54416,21569,23188,44757,17920,20231,38151,10832,13250,24082,5094,9014,14108,1315,3714,5029,171083,182602,353685
2021-04-07,12111,11267,23378,16661,16029,32690,26897,27144,54041,32006,32201,64207,27441,27314,54755,21699,23341,45040,18003,20364,38367,10882,13326,24208,5107,9051,14158,1316,3722,5038,172123,183759,355882
2021-04-08,12189,11336,23525,16763,16132,32895,27037,27316,54353,32196,32411,64607,27580,27464,55044,21795,23469,45264,18083,20480,38563,10926,13384,24310,5122,9082,14204,1316,3733,5049,173007,184807,357814
2021-04-09,12260,11397,23657,16838,16208,33046,27131,27428,54559,32310,32537,64847,27705,27565,55270,21872,23567,45439,18149,20556,38705,10960,13427,24387,5130,9102,14232,1319,3741,5060,173674,185528,359202
2021-04-10,12304,11447,23751,16920,16285,33205,27253,27541,54794,32458,32670,65128,27810,27672,55482,21960,23665,45625,18218,20627,38845,10976,13458,24434,5135,9117,14252,1320,3744,5064,174354,186226,360580
2021-04-11,12350,11497,23847,16981,16356,33337,27341,27620,54961,32557,32795,65352,27912,27772,55684,22037,23742,45779,18281,20696,38977,10996,13492,24488,5147,9138,14285,1321,3749,5070,174923,186857,361780
2021-04-12,12426,11561,23987,17088,16449,33537,27452,27747,55199,32710,32950,65660,28031,27911,55942,22143,23893,46036,18364,20788,39152,11020,13546,24566,5160,9165,14325,1322,3761,5083,175716,187771,363487
2021-04-13,12509,11618,24127,17156,16515,33671,27573,27852,55425,32868,33084,65952,28151,28034,56185,22230,23998,46228,18418,20863,39281,11057,13575,24632,5169,9180,14349,1325,3769,5094,176456,188488,364944
2021-04-14,12584,11681,24265,17227,16567,33794,27647,27934,55581,32958,33174,66132,28222,28124,56346,22291,24069,46360,18502,20946,39448,11093,13630,24723,5181,9199,14380,1330,3774,5104,177035,189098,366133
2021-04-15,12673,11748,24421,17313,16665,33978,27772,28055,55827,33119,33317,66436,28385,28274,56659,22396,24215,46611,18568,21032,39600,11122,13665,24787,5196,9222,14418,1332,3783,5115,177876,189976,367852
2021-04-16,12749,11823,24572,17387,16738,34125,27909,28195,56104,33283,33489,66772,28517,28419,56936,22520,24356,46876,18665,21141,39806,11150,13712,24862,5203,9245,14448,1333,3793,5126,178716,190911,369627
2021-04-17,12820,11889,24709,17466,16810,34276,28030,28290,56320,33451,33623,67074,28646,28535,57181,22617,24464,47081,18743,21221,39964,11179,13766,24945,5212,9268,14480,1335,3796,5131,179499,191662,371161
2021-04-18,12865,11938,24803,17518,16847,34365,28117,28385,56502,33566,33750,67316,28762,28640,57402,22708,24554,47262,18821,21298,40119,11204,13799,25003,5233,9287,14520,1336,3802,5138,180130,192300,372430
2021-04-19,12947,12000,24947,17602,16932,34534,28273,28527,56800,33744,33911,67655,28912,28776,57688,22832,24676,47508,18923,21407,40330,11237,13855,25092,5240,9322,14562,1340,3813,5153,181050,193219,374269
2021-04-20,13032,12091,25123,17680,17011,34691,28389,28647,57036,33873,34040,67913,29046,28913,57959,22939,24776,47715,19009,21525,40534,11274,13898,25172,5263,9349,14612,1344,3823,5167,181849,194073,375922
2021-04-21,13116,12153,25269,17751,17063,34814,28504,28740,57244,33997,34157,68154,29144,29027,58171,23021,24867,47888,19087,21613,40700,11309,13932,25241,5272,9386,14658,1347,3830,5177,182548,194768,377316
2021-04-22,13214,12227,25441,17842,17139,34981,28626,28858,57484,34151,34319,68470,29291,29197,58488,23133,24995,48128,19173,21722,40895,11348,13995,25343,5287,9424,14711,1348,3838,5186,183413,195714,379127
2021-04-23,13291,12295,25586,17911,17215,35126,28758,28975,57733,34317,34471,68788,29425,29342,58767,23248,25138,48386,19257,21833,41090,11392,14054,25446,5303,9446,14749,1353,3844,5197,184255,196613,380868
2021-04-24,13334,12331,25665,17944,17239,35183,28795,29023,57818,34374,34522,68896,29472,29404,58876,23276,25174,48450,19278,21865,41143,11413,14091,25504,5310,9465,14775,1355,3859,5214,184551,196973,381524
2021-04-25,13389,12384,25773,17996,17284,35280,28861,29103,57964,34489,34623,69112,29579,29496,59075,23371,25276,48647,19339,21926,41265,11440,14122,25562,5318,9487,14805,1356,3862,5218,185138,197563,382701
2021-04-26,13464,12470,25934,18083,17362,35445,28999,29210,58209,34647,34782,69429,29719,29635,59354,23496,25407,48903,19415,22015,41430,11492,14183,25675,5330,9509,14839,1361,3868,5229,186006,198441,384447
2021-04-27,13531,12538,26069,18158,17438,35596,29136,29369,58505,34782,34918,69700,29833,29768,59601,23601,25526,49127,19497,22101,41598,11531,14245,25776,5351,9535,14886,1365,3877,5242,186785,199315,386100
2021-04-28,13609,12615,26224,18243,17518,35761,29259,29488,58747,34936,35056,69992,29967,29884,59851,23693,25628,49321,19562,22179,41741,11568,14291,25859,5358,9555,14913,1369,3883,5252,187564,200097,387661
2021-04-29,13698,12695,26393,18350,17611,35961,29405,29642,59047,35134,35237,70371,30140,30023,60163,23821,25777,49598,19641,22297,41938,11620,14362,25982,5385,9588,14973,1370,3892,5262,188564,201124,389688
2021-04-30,13788,12764,26552,18424,17677,36101,29476,29744,59220,35230,35356,70586,30225,30129,60354,23901,25862,49763,19701,22388,42089,11670,14414,26084,5407,9616,15023,1373,3904,5277,189195,201854,391049
2021-05-01,13847,12814,26661,18489,17721,36210,29555,29821,59376,35348,35464,70812,30330,30234,60564,23973,25959,49932,19760,22449,42209,11708,14460,26168,5421,9649,15070,1373,3909,5282,189804,202480,392284
2021-05-02,13908,12861,26769,18553,17785,36338,29657,29939,59596,35498,35617,71115,30440,30387,60827,24082,26072,50154,19832,22550,42382,11741,14513,26254,5435,9673,15108,1376,3925,5301,190522,203322,393844
2021-05-03,14027,12967,26994,18645,17886,36531,29870,30141,60011,35754,35876,71630,30652,30625,61277,24239,26301,50540,19976,22754,42730,11807,14612,26419,5457,9722,15179,1378,3942,5320,191805,204826,396631
2021-05-04,14119,13051,27170,18751,17990,36741,30066,30302,60368,35969,36086,72055,30839,30812,61651,24400,26500,50900,20087,22920,43007,11882,14714,26596,5481,9756,15237,1379,3958,5337,192973,206089,399062
2021-05-05,14221,13138,27359,18849,18078,36927,30228,30483,60711,36177,36299,72476,31029,30981,62010,24534,26674,51208,20184,23031,43215,11944,14781,26725,5510,9787,15297,1386,3971,5357,194062,207223,401285
2021-05-06,14301,13224,27525,18980,18193,37173,30403,30670,61073,36383,36508,72891,31241,31171,62412,24686,26850,51536,20291,23143,43434,12000,14848,26848,5537,9827,15364,1390,3993,5383,195212,208427,403639
2021-05-07,14393,13318,27711,19113,18310,37423,30589,30880,61469,36579,36739,73318,31449,31390,62839,24811,27037,51848,20406,23272,43678,12061,14935,26996,5555,9856,15411,1392,3999,5391,196348,209736,406084
2021-05-08,14442,13371,27813,19171,18350,37521,30684,30988,61672,36718,36868,73586,31542,31498,63040,24892,27123,52015,20461,23333,43794,12102,14966,27068,5574,9881,15455,1393,4010,5403,196979,210388,407367
2021-05-09,14507,13431,27938,19229,18408,37637,30767,31082,61849,36830,36998,73828,31658,31615,63273,24970,27214,52184,20514,23399,43913,12141,15018,27159,5590,9900,15490,1402,4012,5414,197608,211077,408685
2021-05-10,14613,13529,28142,19324,18502,37826,30967,31266,62233,37060,37210,74270,31846,31841,63687,25131,27387,52518,20648,23543,44191,12206,15111,27317,5616,9944,15560,1403,4021,5424,198814,212354,411168
2021-05-11,14707,13609,28316,19417,18584,38001,31106,31403,62509,37249,37381,74630,32004,31981,63985,25237,27511,52748,20761,23667,44428,12258,15186,27444,5639,9973,15612,1409,4028,5437,199787,213323,413110
2021-05-12,14794,13686,28480,19509,18660,38169,31233,31549,62782,37437,37525,74962,32175,32140,64315,25369,27641,53010,20854,23781,44635,12302,15248,27550,5653,10007,15660,1413,4039,5452,200739,214276,415015
2021-05-13,14910,13759,28669,19587,18728,38315,31383,31715,63098,37604,37705,75309,32338,32286,64624,25473,27773,53246,20930,23877,44807,12342,15309,27651,5670,10050,15720,1413,4043,5456,201650,215245,416895
2021-05-14,15005,13861,28866,19683,18846,38529,31565,31909,63474,37834,37912,75746,32513,32509,65022,25630,27946,53576,21036,24019,45055,12394,15384,27778,5700,10087,15787,1418,4049,5467,202778,216522,419300
2021-05-15,15075,13938,29013,19758,18920,38678,31680,32053,63733,37980,38083,76063,32649,32667,65316,25740,28065,53805,21119,24129,45248,12424,15423,27847,5719,10115,15834,1419,4063,5482,203563,217456,421019
2021-05-16,15127,13999,29126,19822,18983,38805,31773,32127,63900,38105,38226,76331,32765,32777,65542,25840,28175,54015,21184,24205,45389,12460,15466,27926,5732,10144,15876,1420,4073,5493,204228,218175,422403
2021-05-17,15283,14131,29414,19957,19112,39069,31968,32332,64300,38381,38513,76894,33000,33040,66040,26040,28392,54432,21323,24373,45696,12546,15578,28124,5767,10204,15971,1422,4088,5510,205687,219763,425450
2021-05-18,15405,14265,29670,20090,19233,39323,32202,32525,64727,38644,38784,77428,33282,33296,66578,26248,28581,54829,21449,24528,45977,12615,15661,28276,5792,10249,16041,1426,4097,5523,207153,221219,428372
2021-05-19,15537,14382,29919,20226,19360,39586,32435,32764,65199,38921,39076,77997,33558,33526,67084,26429,28785,55214,21590,24693,46283,12682,15747,28429,5817,10286,16103,1432,4114,5546,208627,222733,431360
2021-05-20,15674,14517,30191,20361,19510,39871,32702,33033,65735,39229,39340,78569,33816,33773,67589,26615,28996,55611,21739,24851,46590,12753,15837,28590,5845,10333,16178,1437,4128,5565,210171,224318,434489
2021-05-21,15782,14605,30387,20467,19614,40081,32898,33244,66142,39475,39608,79083,34042,33999,68041,26781,29185,55966,21863,25013,46876,12815,15898,28713,5869,10384,16253,1438,4138,5576,211430,225688,437118
2021-05-22,15838,14650,30488,20526,19684,40210,32999,33368,66367,39638,39759,79397,34171,34126,68297,26866,29289,56155,21928,25075,47003,12847,15936,28783,5884,10414,16298,1439,4149,5588,212136,226450,438586
2021-05-23,15894,14697,30591,20571,19742,40313,33086,33464,66550,39752,39880,79632,34273,34211,68484,26949,29395,56344,21985,25151,47136,12883,15968,28851,5895,10456,16351,1448,4162,5610,212736,227126,439862
2021-05-24,15978,14749,30727,20649,19839,40488,33246,33609,66855,39946,40085,80031,34438,34408,68846,27097,29597,56694,22085,25280,47365,12951,16049,29000,5920,10494,16414,1451,4172,5623,213761,228282,442043
2021-05-25,16047,14800,30847,20713,19918,40631,33405,33757,67162,40117,40248,80365,34610,34555,69165,27251,29749,57000,22173,25390,47563,13006,16106,29112,5934,10531,16465,1455,4180,5635,214711,229234,443945
2021-05-26,16148,14882,31030,20828,20043,40871,33626,33960,67586,40338,40478,80816,34840,34777,69617,27463,29966,57429,22285,25548,47833,13072,16195,29267,5957,10588,16545,1462,4186,5648,216019,230623,446642
2021-05-27,16225,14954,31179,20906,20133,41039,33798,34142,67940,40548,40677,81225,35012,34932,69944,27621,30146,57767,22380,25671,48051,13146,16268,29414,5976,10627,16603,1464,4201,5665,217076,231751,448827
2021-05-28,16311,15036,31347,21018,20266,41284,34010,34353,68363,40789,40896,81685,35238,35166,70404,27839,30380,58219,22512,25858,48370,13209,16350,29559,6000,10669,16669,1469,4213,5682,218395,233187,451582
2021-05-29,16369,15097,31466,21078,20330,41408,34134,34504,68638,40970,41050,82020,35410,35311,70721,27939,30504,58443,22589,25949,48538,13249,16401,29650,6018,10707,16725,1474,4226,5700,219230,234079,453309
2021-05-30,16406,15143,31549,21122,20380,41502,34241,34623,68864,41120,41192,82312,35546,35422,70968,28017,30602,58619,22646,26012,48658,13274,16445,29719,6033,10732,16765,1477,4235,5712,219882,234786,454668
2021-05-31,16493,15218,31711,21231,20479,41710,34450,34824,69274,41387,41430,82817,35770,35639,71409,28154,30763,58917,22750,26154,48904,13343,16539,29882,6060,10780,16840,1478,4251,5729,221116,236077,457193
2021-06-01,16583,15301,31884,21329,20572,41901,34631,34993,69624,41608,41644,83252,35948,35825,71773,28312,30940,59252,22879,26288,49167,13415,16615,30030,6094,10821,16915,1482,4262,5744,222281,237261,459542
2021-06-02,16694,15383,32077,21431,20680,42111,34820,35209,70029,41816,41889,83705,36147,36023,72170,28449,31098,59547,22990,26437,49427,13486,16709,30195,6124,10869,16993,1489,4276,5765,223446,238573,462019
2021-06-03,16787,15480,32267,21563,20770,42333,35021,35390,70411,42048,42122,84170,36361,36229,72590,28593,31268,59861,23110,26577,49687,13555,16792,30347,6149,10892,17041,1493,4290,5783,224680,239810,464490
2021-06-04,16920,15593,32513,21680,20886,42566,35246,35604,70850,42290,42362,84652,36580,36452,73032,28778,31494,60272,23222,26717,49939,13630,16893,30523,6172,10947,17119,1494,4298,5792,226012,241246,467258
2021-06-05,16990,15666,32656,21736,20943,42679,35357,35744,71101,42443,42531,84974,36716,36586,73302,28880,31599,60479,23284,26789,50073,13670,16962,30632,6187,10968,17155,1499,4311,5810,226762,242099,468861
2021-06-06,17060,15746,32806,21802,21013,42815,35468,35857,71325,42590,42662,85252,36845,36699,73544,28994,31714,60708,23349,26880,50229,13710,17018,30728,6198,10993,17191,1499,4323,5822,227515,242905,470420
2021-06-07,17162,15875,33037,21914,21131,43045,35665,36044,71709,42830,42895,85725,37026,36918,73944,29177,31910,61087,23486,27038,50524,13799,17137,30936,6231,11057,17288,1506,4355,5861,228796,244360,473156
2021-06-08,17284,15993,33277,22015,21232,43247,35857,36256,72113,43071,43109,86180,37221,37105,74326,29349,32119,61468,23579,27153,50732,13862,17252,31114,6256,11101,17357,1510,4369,5879,230004,245689,475693
2021-06-09,17397,16108,33505,22128,21327,43455,36078,36460,72538,43317,43356,86673,37429,37324,74753,29518,32318,61836,23692,27291,50983,13934,17334,31268,6286,11156,17442,1514,4385,5899,231293,247059,478352
2021-06-10,17511,16231,33742,22221,21434,43655,36297,36677,72974,43548,43606,87154,37616,37513,75129,29662,32515,62177,23781,27438,51219,14014,17441,31455,6313,11194,17507,1519,4404,5923,232482,248453,480935
2021-06-11,17611,16329,33940,22305,21541,43846,36477,36880,73357,43782,43856,87638,37827,37745,75572,29833,32690,62523,23893,27569,51462,14084,17548,31632,6344,11254,17598,1526,4415,5941,233682,249827,483509
2021-06-12,17694,16399,34093,22374,21607,43981,36615,37016,73631,43952,44017,87969,37971,37889,75860,29931,32825,62756,23966,27671,51637,14124,17618,31742,6367,11284,17651,1530,4426,5956,234524,250752,485276
2021-06-13,17770,16488,34258,22443,21681,44124,36726,37117,73843,44085,44149,88234,38105,38022,76127,30038,32941,62979,24033,27751,51784,14160,17665,31825,6385,11315,17700,1534,4437,5971,235279,251566,486845
2021-06-14,17908,16597,34505,22551,21800,44351,36897,37323,74220,44315,44401,88716,38321,38242,76563,30201,33143,63344,24136,27915,52051,14243,17759,32002,6414,11357,17771,1548,4452,6000,236534,252989,489523
2021-06-15,18035,16730,34765,22672,21906,44578,37095,37526,74621,44536,44640,89176,38519,38457,76976,30364,33328,63692,24266,28050,52316,14309,17841,32150,6446,11391,17837,1551,4463,6014,237793,254332,492125
2021-06-16,18160,16861,35021,22783,22006,44789,37293,37731,75024,44764,44890,89654,38727,38684,77411,30499,33496,63995,24373,28177,52550,14369,17918,32287,6476,11430,17906,1552,4476,6028,238996,255669,494665
2021-06-17,18288,16980,35268,22895,22144,45039,37516,37946,75462,44983,45158,90141,38936,38909,77845,30626,33667,64293,24493,28319,52812,14456,18020,32476,6498,11477,17975,1555,4487,6042,240246,257107,497353
2021-06-18,18396,17072,35468,22999,22250,45249,37715,38110,75825,45213,45406,90619,39126,39153,78279,30738,33838,64576,24580,28441,53021,14507,18103,32610,6523,11500,18023,1560,4501,6061,241357,258374,499731
2021-06-19,18478,17164,35642,23071,22311,45382,37832,38235,76067,45342,45576,90918,39267,39313,78580,30822,33935,64757,24664,28520,53184,14561,18163,32724,6542,11534,18076,1563,4509,6072,242142,259260,501402
2021-06-20,18557,17225,35782,23120,22347,45467,37907,38313,76220,45437,45706,91143,39371,39416,78787,30891,34022,64913,24725,28595,53320,14605,18209,32814,6553,11561,18114,1564,4516,6080,242730,259910,502640
2021-06-21,18655,17316,35971,23198,22409,45607,38007,38449,76456,45607,45855,91462,39522,39553,79075,31005,34148,65153,24793,28674,53467,14652,18275,32927,6581,11588,18169,1567,4520,6087,243587,260787,504374
2021-06-22,18818,17448,36266,23317,22524,45841,38186,38665,76851,45836,46081,91917,39760,39782,79542,31155,34311,65466,24930,28836,53766,14714,18374,33088,6604,11636,18240,1579,4532,6111,244899,262189,507088
2021-06-23,18980,17579,36559,23467,22651,46118,38357,38872,77229,46091,46336,92427,39977,40040,80017,31285,34469,65754,25052,28972,54024,14778,18471,33249,6635,11681,18316,1584,4548,6132,246206,263619,509825
2021-06-24,19147,17713,36860,23594,22781,46375,38545,39087,77632,46311,46616,92927,40217,40259,80476,31411,34657,66068,25172,29122,54294,14845,18555,33400,6653,11723,18376,1586,4556,6142,247481,265069,512550
2021-06-25,19319,17852,37171,23717,22914,46631,38736,39323,78059,46578,46952,93530,40428,40503,80931,31598,34874,66472,25308,29307,54615,14916,18665,33581,6681,11778,18459,1595,4576,6171,248876,266744,515620
2021-06-26,19401,17931,37332,23782,22986,46768,38838,39424,78262,46729,47097,93826,40546,40651,81197,31690,34961,66651,25388,29425,54813,14977,18757,33734,6700,11809,18509,1599,4587,6186,249650,267628,517278
2021-06-27,19496,18011,37507,23833,23048,46881,38935,39537,78472,46848,47215,94063,40647,40769,81416,31760,35036,66796,25451,29500,54951,15018,18814,33832,6710,11843,18553,1601,4596,6197,250299,268369,518668
2021-06-28,19611,18105,37716,23898,23116,47014,39029,39676,78705,47014,47369,94383,40768,40930,81698,31861,35136,66997,25535,29583,55118,15070,18884,33954,6738,11874,18612,1603,4610,6213,251127,269283,520410
2021-06-29,19736,18253,37989,24013,23225,47238,39208,39888,79096,47225,47574,94799,40937,41112,82049,32000,35278,67278,25647,29687,55334,15141,18963,34104,6757,11923,18680,1605,4634,6239,252269,270537,522806
2021-06-30,19894,18403,38297,24149,23342,47491,39392,40093,79485,47480,47804,95284,41132,41320,82452,32128,35466,67594,25738,29822,55560,15207,19037,34244,6786,11963,18749,1609,4646,6255,253515,271896,525411
2021-07-01,20009,18519,38528,24246,23449,47695,39559,40277,79836,47667,48045,95712,41297,41510,82807,32252,35629,67881,25827,29946,55773,15267,19114,34381,6814,12011,18825,1613,4661,6274,254551,273161,527712
2021-07-02,20172,18650,38822,24398,23573,47971,39741,40481,80222,47888,48330,96218,41449,41737,83186,32388,35820,68208,25932,30082,56014,15330,19201,34531,6836,12054,18890,1618,4672,6290,255752,274600,530352
2021-07-03,20265,18746,39011,24481,23659,48140,39855,40611,80466,48037,48505,96542,41578,41897,83475,32482,35930,68412,26015,30184,56199,15374,19270,34644,6852,12084,18936,1625,4685,6310,256564,275571,532135
2021-07-04,20360,18868,39228,24552,23726,48278,39947,40727,80674,48155,48654,96809,41671,42012,83683,32566,36046,68612,26081,30265,56346,15405,19333,34738,6862,12111,18973,1630,4696,6326,257229,276438,533667
2021-07-05,20547,19036,39583,24690,23853,48543,40165,40943,81108,48411,48927,97338,41872,42249,84121,32712,36240,68952,26197,30398,56595,15492,19419,34911,6896,12162,19058,1636,4711,6347,258618,277938,536556
2021-07-06,20747,19222,39969,24878,23988,48866,40394,41172,81566,48667,49214,97881,42099,42495,84594,32840,36408,69248,26300,30545,56845,15568,19517,35085,6919,12208,19127,1639,4738,6377,260051,279507,539558
2021-07-07,20925,19393,40318,25035,24131,49166,40613,41380,81993,48918,49488,98406,42332,42725,85057,33014,36572,69586,26390,30666,57056,15631,19585,35216,6939,12260,19199,1647,4750,6397,261444,280950,542394
2021-07-08,21091,19569,40660,25199,24279,49478,40845,41639,82484,49193,49809,99002,42560,43012,85572,33192,36785,69977,26495,30837,57332,15698,19693,35391,6979,12299,19278,1650,4765,6415,262902,282687,545589
2021-07-09,21209,19693,40902,25317,24386,49703,40993,41791,82784,49372,50013,99385,42730,43201,85931,33310,36912,70222,26583,30922,57505,15740,19757,35497,7000,12335,19335,1658,4774,6432,263912,283784,547696
2021-07-10,21316,19821,41137,25425,24478,49903,41122,41943,83065,49536,50206,99742,42860,43362,86222,33428,37049,70477,26666,31023,57689,15787,19827,35614,7018,12373,19391,1663,4783,6446,264821,284865,549686
2021-07-11,21455,19945,41400,25513,24541,50054,41237,42049,83286,49679,50386,100065,42986,43543,86529,33533,37169,70702,26749,31108,57857,15835,19886,35721,7029,12396,19425,1670,4795,6465,265686,285818,551504
2021-07-12,21657,20138,41795,25677,24693,50370,41467,42308,83775,49976,50673,100649,43246,43845,87091,33699,37390,71089,26889,31259,58148,15913,19976,35889,7056,12438,19494,1680,4812,6492,267260,287532,554792
2021-07-13,21861,20300,42161,25836,24849,50685,41701,42530,84231,50212,50941,101153,43477,44099,87576,33866,37601,71467,27001,31404,58405,15986,20081,36067,7083,12493,19576,1690,4829,6519,268713,289127,557840
2021-07-14,22066,20495,42561,26053,25015,51068,41970,42777,84747,50469,51242,101711,43722,44382,88104,34041,37826,71867,27144,31557,58701,16047,20158,36205,7106,12541,19647,1693,4842,6535,270311,290835,561146
2021-07-15,22253,20652,42905,26267,25198,51465,42220,43018,85238,50761,51544,102305,43995,44701,88696,34231,38044,72275,27268,31719,58987,16116,20259,36375,7131,12584,19715,1700,4863,6563,271942,292582,564524
2021-07-16,22402,20807,43209,26418,25355,51773,42445,43280,85725,51011,51847,102858,44289,44988,89277,34402,38232,72634,27372,31864,59236,16170,20349,36519,7156,12632,19788,1703,4878,6581,273368,294232,567600
2021-07-17,22508,20928,43436,26531,25455,51986,42608,43438,86046,51183,52066,103249,44461,45181,89642,34529,38373,72902,27465,31959,59424,16226,20408,36634,7165,12650,19815,1707,4888,6595,274383,295346,569729
2021-07-18,22607,21013,43620,26620,25549,52169,42733,43581,86314,51320,52228,103548,44603,45342,89945,34645,38507,73152,27532,32041,59573,16281,20470,36751,7191,12685,19876,1709,4896,6605,275241,296312,571553
2021-07-19,22768,21157,43925,26746,25666,52412,42967,43832,86799,51530,52478,104008,44829,45595,90424,34814,38733,73547,27674,32204,59878,16361,20585,36946,7217,12731,19948,1713,4902,6615,276619,297883,574502
2021-07-20,22926,21307,44233,26856,25779,52635,43163,44056,87219,51755,52719,104474,45028,45808,90836,34965,38904,73869,27793,32346,60139,16428,20681,37109,7242,12775,20017,1717,4922,6639,277873,299297,577170
2021-07-21,23106,21462,44568,27035,25924,52959,43406,44289,87695,52005,53011,105016,45265,46104,91369,35164,39142,74306,27937,32550,60487,16509,20807,37316,7270,12835,20105,1721,4933,6654,279418,301057,580475
2021-07-22,23266,21600,44866,27204,26076,53280,43621,44553,88174,52303,53332,105635,45555,46423,91978,35352,39377,74729,28049,32700,60749,16589,20901,37490,7300,12885,20185,1725,4943,6668,280964,302790,583754
2021-07-23,23404,21711,45115,27323,26197,53520,43813,44738,88551,52540,53603,106143,45750,46671,92421,35505,39560,75065,28155,32832,60987,16638,20990,37628,7316,12919,20235,1730,4958,6688,282174,304179,586353
2021-07-24,23516,21831,45347,27436,26336,53772,43995,44925,88920,52764,53859,106623,45979,46900,92879,35644,39736,75380,28247,32969,61216,16702,21063,37765,7339,12949,20288,1732,4965,6697,283354,305533,588887
2021-07-25,23619,21936,45555,27561,26474,54035,44122,45074,89196,52965,54113,107078,46266,47176,93442,35802,39898,75700,28350,33063,61413,16772,21137,37909,7351,12975,20326,1738,4974,6712,284546,306820,591366
2021-07-26,23753,22102,45855,27754,26694,54448,44341,45366,89707,53263,54466,107729,46597,47557,94154,36034,40163,76197,28495,33263,61758,16856,21278,38134,7386,13041,20427,1746,4992,6738,286225,308922,595147
2021-07-27,23860,22218,46078,27868,26836,54704,44504,45560,90064,53464,54698,108162,46804,47747,94551,36172,40322,76494,28595,33382,61977,16915,21375,38290,7412,13077,20489,1750,5004,6754,287344,310219,597563
2021-07-28,23969,22331,46300,27982,26976,54958,44714,45778,90492,53702,54948,108650,47014,47975,94989,36333,40518,76851,28732,33524,62256,16984,21464,38448,7435,13114,20549,1756,5009,6765,288621,311637,600258
2021-07-29,24101,22433,46534,28128,27108,55236,44895,45983,90878,53955,55232,109187,47227,48232,95459,36494,40698,77192,28841,33660,62501,17043,21546,38589,7456,13140,20596,1759,5026,6785,289899,313058,602957
2021-07-30,24244,22554,46798,28295,27275,55570,45153,46280,91433,54240,55603,109843,47479,48579,96058,36707,40963,77670,29008,33859,62867,17115,21663,38778,7487,13197,20684,1767,5039,6806,291495,315012,606507
2021-07-31,24392,22693,47085,28438,27464,55902,45306,46481,91787,54508,55929,110437,47790,48939,96729,36900,41170,78070,29116,34023,63139,17188,21761,38949,7508,13220,20728,1769,5054,6823,292915,316734,609649
2021-08-01,24536,22857,47393,28575,27643,56218,45427,46624,92051,54732,56186,110918,48083,49273,97356,37047,41351,78398,29218,34140,63358,17239,21846,39085,7525,13264,20789,1776,5065,6841,294158,318249,612407
2021-08-02,24748,23032,47780,28764,27849,56613,45643,46895,92538,55039,56532,111571,48394,49661,98055,37250,41639,78889,29402,34368,63770,17337,21974,39311,7568,13329,20897,1781,5082,6863,295926,320361,616287
2021-08-03,24977,23231,48208,28953,28058,57011,45851,47160,93011,55317,56876,112193,48673,50012,98685,37459,41903,79362,29564,34600,64164,17450,22112,39562,7593,13391,20984,1787,5099,6886,297624,322442,620066
2021-08-04,25188,23408,48596,29118,28205,57323,46067,47393,93460,55585,57155,112740,48881,50271,99152,37625,42120,79745,29705,34771,64476,17515,22228,39743,7613,13434,21047,1789,5116,6905,299086,324101,623187
2021-08-05,25410,23638,49048,29293,28402,57695,46348,47707,94055,55893,57499,113392,49190,50624,99814,37859,42421,80280,29866,34970,64836,17600,22349,39949,7646,13495,21141,1799,5131,6930,300904,326236,627140
2021-08-06,25659,23839,49498,29558,28607,58165,46652,48055,94707,56218,57877,114095,49499,51010,100509,38066,42721,80787,30056,35236,65292,17697,22518,40215,7680,13536,21216,1802,5146,6948,302887,328545,631432
2021-08-07,25806,24007,49813,29698,28775,58473,46828,48253,95081,56438,58112,114550,49692,51235,100927,38209,42911,81120,30174,35389,65563,17771,22635,40406,7701,13579,21280,1808,5150,6958,304125,330046,634171
2021-08-08,26019,24221,50240,29859,28936,58795,46956,48421,95377,56632,58328,114960,49896,51497,101393,38347,43084,81431,30297,35548,65845,17839,22697,40536,7713,13623,21336,1813,5164,6977,305371,331519,636890
2021-08-09,26364,24534,50898,30079,29166,59245,47204,48779,95983,57000,58710,115710,50178,51893,102071,38602,43385,81987,30479,35779,66258,17950,22811,40761,7752,13680,21432,1823,5181,7004,307431,333918,641349
2021-08-10,26755,24884,51639,30368,29438,59806,47497,49142,96639,57344,59131,116475,50501,52308,102809,38858,43694,82552,30662,36004,66666,18068,22951,41019,7788,13738,21526,1826,5200,7026,309667,336490,646157
2021-08-11,27079,25212,52291,30662,29737,60399,47806,49522,97328,57729,59558,117287,50855,52721,103576,39103,44019,83122,30836,36223,67059,18168,23074,41242,7832,13802,21634,1835,5223,7058,311905,339091,650996
2021-08-12,27417,25541,52958,30947,30030,60977,48095,49882,97977,58068,59955,118023,51186,53122,104308,39320,44329,83649,30997,36407,67404,18268,23180,41448,7873,13852,21725,1843,5243,7086,314014,341541,655555
2021-08-13,27831,25902,53733,31328,30422,61750,48418,50299,98717,58503,60468,118971,51571,53616,105187,39574,44732,84306,31186,36656,67842,18387,23346,41733,7921,13908,21829,1849,5259,7108,316568,344608,661176
2021-08-14,28087,26157,54244,31559,30635,62194,48596,50544,99140,58774,60786,119560,51819,53958,105777,39741,44981,84722,31310,36814,68124,18478,23445,41923,7944,13951,21895,1852,5269,7121,318160,346540,664700
2021-08-15,28299,26357,54656,31736,30784,62520,48755,50705,99460,58979,61042,120021,52023,54197,106220,39905,45176,85081,31420,36958,68378,18553,23530,42083,7965,13991,21956,1855,5281,7136,319490,348021,667511
2021-08-16,28582,26625,55207,31951,30996,62947,48918,50918,99836,59212,61325,120537,52252,54521,106773,40085,45378,85463,31518,37103,68621,18642,23629,42271,7988,14027,22015,1861,5291,7152,321009,349813,670822
2021-08-17,29045,26997,56042,32305,31329,63634,49212,51291,100503,59644,61820,121464,52568,55016,107584,40369,45750,86119,31706,37343,69049,18757,23764,42521,8013,14105,22118,1870,5311,7181,323489,352726,676215
2021-08-18,29495,27411,56906,32707,31674,64381,49452,51612,101064,60013,62275,122288,52897,55391,108288,40587,46065,86652,31875,37562,69437,18873,23910,42783,8040,14173,22213,1885,5331,7216,325824,355404,681228
2021-08-19,29906,27783,57689,33050,32006,65056,49685,51949,101634,60401,62713,123114,53211,55805,109016,40827,46363,87190,32032,37776,69808,18954,24020,42974,8067,14224,22291,1893,5343,7236,328026,357982,686008
2021-08-20,30394,28230,58624,33462,32401,65863,49962,52294,102256,60762,63206,123968,53564,56273,109837,41065,46696,87761,32219,38039,70258,19062,24167,43229,8094,14280,22374,1901,5357,7258,330485,360943,691428
2021-08-21,30650,28517,59167,33673,32596,66269,50145,52550,102695,61038,63547,124585,53806,56571,110377,41250,46920,88170,32349,38220,70569,19136,24266,43402,8119,14324,22443,1904,5372,7276,332070,362883,694953
2021-08-22,31023,28845,59868,33903,32808,66711,50293,52733,103026,61295,63901,125196,54054,56901,110955,41443,47163,88606,32478,38387,70865,19218,24364,43582,8142,14363,22505,1909,5386,7295,333758,364851,698609
2021-08-23,31672,29492,61164,34325,33223,67548,50601,53124,103725,61724,64397,126121,54430,57389,111819,41695,47526,89221,32680,38665,71345,19343,24529,43872,8182,14429,22611,1912,5404,7316,336564,368178,704742
2021-08-24,32337,30135,62472,34750,33623,68373,50888,53496,104384,62080,64933,127013,54765,57834,112599,41925,47856,89781,32853,38926,71779,19445,24666,44111,8231,14481,22712,1917,5420,7337,339191,371370,710561
2021-08-25,32990,30757,63747,35148,34006,69154,51138,53826,104964,62403,65416,127819,55109,58286,113395,42163,48155,90318,33041,39182,72223,19564,24806,44370,8268,14519,22787,1924,5445,7369,341748,374398,716146
2021-08-26,33641,31385,65026,35563,34384,69947,51410,54206,105616,62773,65923,128696,55464,58744,114208,42364,48484,90848,33217,39407,72624,19668,24971,44639,8306,14581,22887,1930,5461,7391,344336,377546,721882
2021-08-27,34365,32009,66374,35972,34840,70812,51668,54558,106226,63140,66457,129597,55781,59224,115005,42628,48825,91453,33407,39649,73056,19770,25113,44883,8334,14643,22977,1935,5472,7407,347000,380790,727790
2021-08-28,34752,32336,67088,36192,35034,71226,51845,54783,106628,63411,66777,130188,55996,59543,115539,42780,49019,91799,33532,39811,73343,19829,25206,45035,8366,14677,23043,1938,5479,7417,348641,382665,731306
2021-08-29,35184,32734,67918,36366,35234,71600,51970,54962,106932,63645,67061,130706,56218,59819,116037,42933,49226,92159,33649,39950,73599,19902,25295,45197,8401,14719,23120,1940,5486,7426,350208,384486,734694
2021-08-30,35945,33423,69368,36770,35601,72371,52210,55285,107495,64004,67533,131537,56572,60219,116791,43138,49519,92657,33824,40187,74011,19995,25431,45426,8451,14777,23228,1943,5506,7449,352852,387481,740333
2021-08-31,36772,34172,70944,37281,36039,73320,52477,55661,108138,64384,68002,132386,56920,60694,117614,43403,49829,93232,34020,40469,74489,20100,25595,45695,8487,14834,23321,1952,5521,7473,355796,390816,746612
2021-09-01,37541,34866,72407,37751,36455,74206,52730,55953,108683,64747,68489,133236,57233,61082,118315,43610,50104,93714,34192,40664,74856,20190,25732,45922,8522,14905,23427,1956,5537,7493,358472,393787,752259
2021-09-02,38156,35443,73599,38087,36794,74881,52936,56227,109163,65072,68865,133937,57484,61467,118951,43795,50355,94150,34346,40842,75188,20287,25835,46122,8547,14949,23496,1962,5553,7515,360672,396330,757002
2021-09-03,38642,35913,74555,38430,37141,75571,53170,56495,109665,65394,69256,134650,57804,61844,119648,43987,50632,94619,34514,41061,75575,20387,25977,46364,8573,14994,23567,1964,5564,7528,362865,398877,761742
2021-09-04,38947,36203,75150,38581,37286,75867,53294,56641,109935,65588,69499,135087,58011,62080,120091,44122,50808,94930,34617,41193,75810,20449,26075,46524,8596,15038,23634,1967,5574,7541,364172,400397,764569
2021-09-05,39268,36513,75781,38743,37452,76195,53428,56784,110212,65813,69782,135595,58203,62322,120525,44254,50982,95236,34730,41340,76070,20536,26171,46707,8619,15069,23688,1974,5585,7559,365568,402000,767568
2021-09-06,39942,37156,77098,39093,37762,76855,53669,57097,110766,66149,70198,136347,58530,62718,121248,44483,51279,95762,34906,41559,76465,20664,26308,46972,8654,15134,23788,1980,5604,7584,368070,404815,772885
2021-09-07,40505,37760,78265,39397,38127,77524,53891,57368,111259,66425,70574,136999,58774,63046,121820,44677,51526,96203,35043,41749,76792,20739,26435,47174,8682,15189,23871,1988,5629,7617,370121,407403,777524
2021-09-08,40941,38228,79169,39716,38390,78106,54068,57567,111635,66688,70876,137564,58996,63352,122348,44866,51753,96619,35169,41889,77058,20813,26534,47347,8710,15227,23937,1996,5643,7639,371963,409459,781422
2021-09-09,41417,38683,80100,40003,38631,78634,54233,57810,112043,66952,71166,138118,59208,63621,122829,45018,51980,96998,35302,42026,77328,20896,26640,47536,8745,15282,24027,2001,5660,7661,373775,411499,785274
2021-09-10,41905,39094,80999,40332,38966,79298,54513,58202,112715,67353,71700,139053,59614,64165,123779,45358,52412,97770,35529,42374,77903,21004,26808,47812,8796,15332,24128,2006,5676,7682,376410,414729,791139
2021-09-11,42161,39357,81518,40516,39160,79676,54740,58502,113242,67648,72083,139731,59926,64521,124447,45596,52708,98304,35713,42626,78339,21087,26948,48035,8825,15362,24187,2010,5683,7693,378222,416950,795172
2021-09-12,42405,39589,81994,40639,39284,79923,54842,58626,113468,67805,72285,140090,60099,64703,124802,45720,52853,98573,35813,42765,78578,21134,27021,48155,8837,15391,24228,2016,5692,7708,379310,418209,797519
2021-09-13,42911,40089,83000,40927,39599,80526,55064,58907,113971,68103,72681,140784,60411,65070,125481,45921,53145,99066,36000,42973,78973,21248,27177,48425,8865,15460,24325,2025,5710,7735,381475,420811,802286
2021-09-14,43435,40561,83996,41200,39866,81066,55240,59123,114363,68352,73012,141364,60637,65368,126005,46079,53381,99460,36142,43177,79319,21334,27306,48640,8890,15505,24395,2030,5723,7753,383339,423022,806361
2021-09-15,43825,40931,84756,41458,40093,81551,55369,59328,114697,68548,73324,141872,60829,65637,126466,46209,53566,99775,36241,43331,79572,21400,27397,48797,8921,15553,24474,2036,5743,7779,384836,424903,809739
2021-09-16,44206,41276,85482,41702,40341,82043,55521,59534,115055,68750,73636,142386,61035,65943,126978,46358,53762,100120,36349,43503,79852,21482,27513,48995,8948,15595,24543,2044,5752,7796,386395,426855,813250
2021-09-17,44703,41729,86432,42004,40633,82637,55688,59757,115445,68978,73945,142923,61274,66231,127505,46510,53977,100487,36474,43668,80142,21587,27640,49227,8972,15653,24625,2047,5761,7808,388237,428994,817231
2021-09-18,44963,41968,86931,42134,40772,82906,55805,59904,115709,69141,74144,143285,61431,66436,127867,46636,54125,100761,36592,43828,80420,21647,27735,49382,8999,15685,24684,2051,5770,7821,389399,430367,819766
2021-09-19,45248,42232,87480,42246,40896,83142,55908,60028,115936,69306,74346,143652,61603,66603,128206,46744,54260,101004,36681,43927,80608,21698,27811,49509,9014,15722,24736,2056,5779,7835,390504,431604,822108
2021-09-20,45798,42784,88582,42643,41300,83943,56073,60268,116341,69580,74669,144249,61856,66882,128738,46928,54497,101425,36842,44127,80969,21790,27929,49719,9041,15774,24815,2065,5788,7853,392616,434018,826634
2021-09-21,46235,43217,89452,42814,41475,84289,56212,60480,116692,69806,74912,144718,62065,67126,129191,47063,54672,101735,36973,44298,81271,21886,28040,49926,9073,15825,24898,2066,5797,7863,394193,435842,830035
2021-09-22,46736,43642,90378,43156,41791,84947,56352,60685,117037,70019,75240,145259,62258,67390,129648,47194,54880,102074,37095,44471,81566,21978,28138,50116,9091,15875,24966,2072,5816,7888,395951,437928,833879
2021-09-23,47155,44033,91188,43501,42136,85637,56498,60899,117397,70225,75565,145790,62457,67653,130110,47326,55079,102405,37236,44670,81906,22068,28249,50317,9118,15912,25030,2079,5830,7909,397663,440026,837689
2021-09-24,47513,44421,91934,43740,42327,86067,56638,61066,117704,70409,75786,146195,62620,67886,130506,47457,55256,102713,37360,44829,82189,22136,28365,50501,9142,15962,25104,2083,5838,7921,399098,441736,840834
2021-09-25,47732,44598,92330,43842,42428,86270,56731,61190,117921,70555,75954,146509,62743,68041,130784,47549,55378,102927,37442,44933,82375,22199,28438,50637,9163,15994,25157,2085,5851,7936,400041,442805,842846
2021-09-26,47980,44804,92784,43945,42544,86489,56816,61300,118116,70698,76136,146834,62885,68205,131090,47641,55514,103155,37542,45033,82575,22247,28504,50751,9180,16024,25204,2087,5860,7947,401021,443924,844945
2021-09-27,48445,45212,93657,44281,42802,87083,56965,61504,118469,70934,76413,147347,63124,68439,131563,47791,55718,103509,37670,45223,82893,22344,28627,50971,9206,16070,25276,2095,5876,7971,402855,445884,848739
2021-09-28,48921,45595,94516,44686,43233,87919,57096,61704,118800,71149,76667,147816,63314,68684,131998,47934,55894,103828,37782,45373,83155,22420,28711,51131,9224,16116,25340,2100,5887,7987,404626,447864,852490
2021-09-29,49323,45935,95258,44970,43523,88493,57236,61905,119141,71352,76950,148302,63515,68917,132432,48066,56070,104136,37902,45536,83438,22505,28842,51347,9264,16157,25421,2109,5897,8006,406242,449732,855974
2021-09-30,49644,46241,95885,45340,43915,89255,57366,62083,119449,71536,77166,148702,63656,69118,132774,48193,56233,104426,38012,45693,83705,22565,28943,51508,9287,16217,25504,2115,5910,8025,407714,451519,859233
2021-10-01,50043,46541,96584,45734,44312,90046,57520,62270,119790,71743,77451,149194,63867,69346,133213,48343,56399,104742,38126,45856,83982,22647,29059,51706,9314,16277,25591,2119,5930,8049,409456,453441,862897
2021-10-02,50251,46749,97000,45854,44427,90281,57638,62400,120038,71877,77648,149525,63984,69478,133462,48444,56524,104968,38212,45987,84199,22718,29129,51847,9330,16309,25639,2121,5939,8060,410429,454590,865019
2021-10-03,50439,46917,97356,45964,44522,90486,57748,62534,120282,72016,77788,149804,64106,69619,133725,48527,56635,105162,38280,46094,84374,22764,29194,51958,9349,16343,25692,2122,5944,8066,411315,455590,866905
2021-10-04,50848,47316,98164,46390,44869,91259,57918,62743,120661,72202,78089,150291,64309,69875,134184,48684,56839,105523,38418,46282,84700,22860,29319,52179,9378,16381,25759,2129,5959,8088,413136,457672,870808
2021-10-05,51256,47680,98936,46748,45315,92063,58059,62940,120999,72441,78386,150827,64509,70108,134617,48831,57039,105870,38529,46446,84975,22936,29430,52366,9406,16430,25836,2140,5972,8112,414855,459746,874601
2021-10-06,51580,47962,99542,47055,45635,92690,58235,63141,121376,72674,78685,151359,64721,70356,135077,48963,57251,106214,38652,46601,85253,23004,29542,52546,9436,16466,25902,2146,5981,8127,416466,461620,878086
2021-10-07,51854,48248,100102,47226,45831,93057,58394,63347,121741,72906,78970,151876,64928,70613,135541,49123,57451,106574,38763,46772,85535,23106,29640,52746,9464,16510,25974,2149,5996,8145,417913,463378,881291
2021-10-08,51994,48382,100376,47348,45966,93314,58535,63503,122038,73062,79162,152224,65112,70790,135902,49239,57621,106860,38889,46921,85810,23169,29706,52875,9484,16542,26026,2156,6011,8167,418988,464604,883592
2021-10-09,52114,48503,100617,47486,46107,93593,58643,63637,122280,73214,79345,152559,65259,70955,136214,49356,57765,107121,38996,47051,86047,23239,29796,53035,9501,16582,26083,2161,6019,8180,419969,465760,885729
2021-10-10,52272,48664,100936,47580,46207,93787,58742,63761,122503,73363,79515,152878,65401,71122,136523,49463,57897,107360,39098,47173,86271,23291,29877,53168,9520,16611,26131,2164,6027,8191,420894,466854,887748
2021-10-11,52451,48827,101278,47714,46348,94062,58883,63905,122788,73570,79706,153276,65588,71323,136911,49597,58067,107664,39225,47316,86541,23369,29967,53336,9538,16639,26177,2168,6038,8206,422103,468136,890239
2021-10-12,52786,49147,101933,48064,46712,94776,59073,64169,123242,73850,80008,153858,65830,71622,137452,49772,58300,108072,39389,47536,86925,23465,30095,53560,9574,16690,26264,2175,6054,8229,423978,470333,894311
2021-10-13,53130,49472,102602,48422,47065,95487,59290,64445,123735,74147,80322,154469,66091,71917,138008,49953,58496,108449,39524,47733,87257,23560,30225,53785,9601,16734,26335,2180,6061,8241,425898,472470,898368
2021-10-14,53446,49777,103223,48814,47439,96253,59480,64694,124174,74386,80613,154999,66354,72207,138561,50146,58747,108893,39683,47942,87625,23660,30348,54008,9630,16793,26423,2187,6078,8265,427786,474638,902424
2021-10-15,53712,50021,103733,49080,47722,96802,59638,64921,124559,74627,80884,155511,66565,72467,139032,50324,58927,109251,39821,48137,87958,23744,30485,54229,9651,16835,26486,2189,6088,8277,429351,476487,905838
2021-10-16,53868,50160,104028,49236,47911,97147,59776,65063,124839,74818,81103,155921,66746,72676,139422,50469,59103,109572,39941,48306,88247,23837,30605,54442,9683,16876,26559,2192,6098,8290,430566,477901,908467
2021-10-17,54012,50276,104288,49393,48061,97454,59860,65180,125040,74971,81271,156242,66905,72850,139755,50582,59228,109810,40025,48413,88438,23901,30687,54588,9700,16905,26605,2193,6102,8295,431542,478973,910515
2021-10-18,54373,50628,105001,49650,48343,97993,60060,65424,125484,75225,81551,156776,67130,73121,140251,50755,59461,110216,40200,48652,88852,24009,30830,54839,9740,16965,26705,2198,6110,8308,433340,481085,914425
2021-10-19,54769,51002,105771,49916,48621,98537,60229,65639,125868,75441,81816,157257,67299,73386,140685,50891,59643,110534,40335,48810,89145,24105,30941,55046,9769,17009,26778,2204,6128,8332,434958,482995,917953
2021-10-20,55170,51369,106539,50194,48931,99125,60432,65897,126329,75671,82139,157810,67511,73655,141166,51059,59841,110900,40451,49000,89451,24199,31078,55277,9796,17054,26850,2209,6137,8346,436692,485101,921793
2021-10-21,55596,51766,107362,50478,49251,99729,60617,66133,126750,75920,82501,158421,67715,73954,141669,51209,60105,111314,40584,49198,89782,24292,31217,55509,9823,17113,26936,2212,6157,8369,438446,487395,925841
2021-10-22,55988,52185,108173,50826,49638,100464,60782,66397,127179,76180,82836,159016,67943,74307,142250,51385,60359,111744,40730,49426,90156,24392,31346,55738,9859,17176,27035,2219,6172,8391,440304,489842,930146
2021-10-23,56225,52407,108632,51026,49823,100849,60882,66554,127436,76355,83038,159393,68107,74536,142643,51513,60530,112043,40840,49574,90414,24461,31429,55890,9876,17210,27086,2225,6184,8409,441510,491285,932795
2021-10-24,56501,52646,109147,51182,49955,101137,60971,66702,127673,76516,83255,159771,68258,74741,142999,51645,60696,112341,40935,49695,90630,24517,31514,56031,9901,17229,27130,2227,6191,8418,442653,492624,935277
2021-10-25,57013,53165,110178,51490,50262,101752,61196,66999,128195,76833,83623,160456,68524,75080,143604,51834,60982,112816,41124,49967,91091,24618,31671,56289,9931,17272,27203,2229,6200,8429,444792,495221,940013
2021-10-26,57487,53616,111103,51876,50581,102457,61424,67277,128701,77088,83972,161060,68764,75403,144167,52022,61242,113264,41307,50191,91498,24715,31798,56513,9955,17331,27286,2232,6209,8441,446870,497620,944490
2021-10-27,57919,54028,111947,52215,50866,103081,61626,67507,129133,77317,84278,161595,68989,75680,144669,52189,61486,113675,41446,50401,91847,24827,31909,56736,9987,17382,27369,2235,6221,8456,448750,499758,948508
2021-10-28,58344,54443,112787,52560,51195,103755,61801,67764,129565,77567,84582,162149,69202,75956,145158,52345,61689,114034,41605,50584,92189,24910,32027,56937,10023,17429,27452,2241,6235,8476,450598,501904,952502
2021-10-29,58726,54831,113557,52906,51536,104442,61973,68010,129983,77839,84905,162744,69476,76283,145759,52517,61942,114459,41766,50799,92565,25013,32184,57197,10050,17491,27541,2244,6244,8488,452510,504225,956735
2021-10-30,58939,55018,113957,53112,51750,104862,62088,68143,130231,78017,85132,163149,69663,76500,146163,52661,62098,114759,41885,50942,92827,25094,32279,57373,10080,17531,27611,2247,6251,8498,453786,505644,959430
2021-10-31,59131,55219,114350,53293,51931,105224,62198,68274,130472,78155,85315,163470,69823,76705,146528,52784,62246,115030,41977,51061,93038,25144,32366,57510,10102,17556,27658,2251,6264,8515,454858,506937,961795
2021-11-01,59506,55613,115119,53578,52220,105798,62351,68515,130866,78417,85657,164074,70135,77063,147198,53003,62538,115541,42158,51305,93463,25277,32528,57805,10127,17610,27737,2258,6277,8535,456810,509326,966136
2021-11-02,59887,55976,115863,53867,52496,106363,62524,68741,131265,78647,85921,164568,70320,77386,147706,53156,62769,115925,42318,51494,93812,25371,32654,58025,10162,17662,27824,2262,6289,8551,458514,511388,969902
2021-11-03,60287,56291,116578,54191,52856,107047,62702,68976,131678,78901,86228,165129,70582,77718,148300,53360,63020,116380,42472,51681,94153,25466,32794,58260,10191,17699,27890,2264,6299,8563,460416,513562,973978
2021-11-04,60616,56597,117213,54490,53145,107635,62863,69197,132060,79140,86534,165674,70816,78018,148834,53556,63275,116831,42630,51879,94509,25555,32912,58467,10225,17746,27971,2272,6312,8584,462163,515615,977778
2021-11-05,60923,56891,117814,54757,53437,108194,63050,69431,132481,79369,86838,166207,71040,78320,149360,53746,63513,117259,42799,52082,94881,25644,33023,58667,10261,17789,28050,2276,6326,8602,463865,517650,981515
2021-11-06,61116,57056,118172,54955,53622,108577,63169,69573,132742,79545,87034,166579,71200,78512,149712,53871,63681,117552,42907,52196,95103,25710,33108,58818,10283,17823,28106,2276,6335,8611,465032,518940,983972
2021-11-07,61295,57263,118558,55142,53811,108953,63268,69719,132987,79676,87196,166872,71349,78698,150047,53996,63848,117844,43004,52327,95331,25762,33176,58938,10310,17836,28146,2281,6340,8621,466083,520214,986297
2021-11-08,61755,57663,119418,55423,54093,109516,63475,69991,133466,79962,87534,167496,71608,79069,150677,54187,64107,118294,43176,52537,95713,25868,33319,59187,10352,17894,28246,2284,6352,8636,468090,522559,990649
2021-11-09,62149,58015,120164,55696,54352,110048,63629,70238,133867,80213,87807,168020,71854,79375,151229,54350,64336,118686,43308,52688,95996,25946,33421,59367,10375,17949,28324,2291,6361,8652,469811,524542,994353
2021-11-10,62539,58327,120866,55975,54657,110632,63838,70506,134344,80466,88126,168592,72118,79692,151810,54558,64579,119137,43425,52876,96301,26018,33538,59556,10396,17998,28394,2295,6371,8666,471628,526670,998298
2021-11-11,62926,58683,121609,56269,54964,111233,64034,70734,134768,80748,88492,169240,72347,79998,152345,54730,64830,119560,43551,53037,96588,26100,33647,59747,10423,18050,28473,2297,6383,8680,473425,528818,1002243
2021-11-12,63250,59009,122259,56618,55316,111934,64232,70973,135205,81029,88911,169940,72627,80382,153009,54950,65129,120079,43741,53342,97083,26199,33795,59994,10459,18094,28553,2299,6397,8696,475404,531348,1006752
2021-11-13,63456,59209,122665,56911,55579,112490,64374,71167,135541,81249,89150,170399,72816,80614,153430,55088,65329,120417,43865,53494,97359,26293,33933,60226,10483,18133,28616,2302,6410,8712,476837,533018,1009855
2021-11-14,63636,59380,123016,57043,55688,112731,64445,71272,135717,81387,89320,170707,72949,80739,153688,55165,65445,120610,43929,53608,97537,26346,34005,60351,10492,18150,28642,2306,6420,8726,477698,534027,1011725
2021-11-15,64018,59744,123762,57337,55957,113294,64617,71507,136124,81656,89641,171297,73170,81071,154241,55348,65716,121064,44107,53837,97944,26461,34175,60636,10528,18206,28734,2310,6432,8742,479552,536286,1015838
2021-11-16,64374,60102,124476,57618,56185,113803,64793,71762,136555,81884,89996,171880,73434,81376,154810,55552,65965,121517,44266,54056,98322,26552,34308,60860,10556,18240,28796,2314,6441,8755,481343,538431,1019774
2021-11-17,64751,60447,125198,57885,56400,114285,64984,71996,136980,82144,90391,172535,73695,81748,155443,55768,66251,122019,44421,54295,98716,26671,34450,61121,10589,18279,28868,2320,6450,8770,483228,540707,1023935
2021-11-18,65136,60766,125902,58222,56697,114919,65194,72268,137462,82416,90761,173177,73952,82080,156032,55948,66550,122498,44602,54488,99090,26755,34553,61308,10621,18327,28948,2329,6462,8791,485175,542952,1028127
2021-11-19,65418,61058,126476,58567,57043,115610,65371,72501,137872,82649,91124,173773,74227,82408,156635,56147,66829,122976,44768,54660,99428,26838,34696,61534,10647,18364,29011,2332,6472,8804,486964,545155,1032119
2021-11-20,65611,61232,126843,58793,57311,116104,65488,72674,138162,82812,91329,174141,74377,82609,156986,56277,66989,123266,44892,54780,99672,26915,34785,61700,10668,18396,29064,2334,6478,8812,488167,546583,1034750
2021-11-21,65758,61372,127130,58992,57501,116493,65563,72748,138311,82944,91479,174423,74508,82759,157267,56381,67104,123485,44976,54921,99897,26956,34869,61825,10689,18422,29111,2337,6482,8819,489104,547657,1036761
2021-11-22,65950,61590,127540,59207,57716,116923,65663,72873,138536,83116,91689,174805,74670,82999,157669,56517,67276,123793,45076,55070,100146,27042,34948,61990,10714,18460,29174,2340,6492,8832,490295,549113,1039408
2021-11-23,66275,61902,128177,59426,57957,117383,65815,73070,138885,83339,91966,175305,74865,83279,158144,56655,67503,124158,45204,55245,100449,27118,35062,62180,10750,18498,29248,2342,6503,8845,491789,550985,1042774
2021-11-24,66574,62190,128764,59633,58171,117804,65962,73285,139247,83566,92228,175794,75039,83564,158603,56788,67741,124529,45310,55402,100712,27204,35149,62353,10775,18548,29323,2344,6511,8855,493195,552789,1045984
2021-11-25,66869,62488,129357,59880,58403,118283,66151,73519,139670,83849,92559,176408,75286,83827,159113,56982,67963,124945,45453,55581,101034,27292,35256,62548,10803,18588,29391,2345,6519,8864,494910,554703,1049613
2021-11-26,67139,62777,129916,60258,58801,119059,66371,73731,140102,84121,92902,177023,75542,84162,159704,57182,68192,125374,45609,55773,101382,27378,35382,62760,10828,18630,29458,2346,6533,8879,496774,556883,1053657
2021-11-27,67314,62953,130267,60510,59056,119566,66555,73913,140468,84363,93164,177527,75785,84416,160201,57358,68405,125763,45770,55955,101725,27484,35505,62989,10865,18667,29532,2350,6546,8896,498354,558580,1056934
2021-11-28,67482,63101,130583,60657,59234,119891,66653,74023,140676,84517,93330,177847,75944,84616,160560,57467,68536,126003,45859,56068,101927,27530,35561,63091,10879,18698,29577,2354,6552,8906,499342,559719,1059061
2021-11-29,67754,63383,131137,61030,59586,120616,66868,74285,141153,84793,93664,178457,76229,84959,161188,57655,68800,126455,46039,56303,102342,27657,35716,63373,10915,18753,29668,2357,6563,8920,501297,562012,1063309
2021-11-30,68034,63648,131682,61326,59885,121211,67075,74577,141652,85116,94023,179139,76486,85301,161787,57857,69064,126921,46202,56531,102733,27754,35848,63602,10948,18809,29757,2361,6582,8943,503159,564268,1067427
2021-12-01,68377,63909,132286,61609,60150,121759,67240,74856,142096,85395,94366,179761,76766,85652,162418,58043,69321,127364,46369,56772,103141,27865,35989,63854,10979,18858,29837,2364,6597,8961,505007,566470,1071477
2021-12-02,68683,64188,132871,61959,60571,122530,67457,75196,142653,85748,94804,180552,77070,86041,163111,58262,69637,127899,46548,57010,103558,27963,36128,64091,11015,18903,29918,2366,6608,8974,507071,569086,1076157
2021-12-03,68886,64406,133292,62175,60836,123011,67607,75395,143002,85976,95059,181035,77286,86257,163543,58394,69811,128205,46684,57155,103839,28038,36225,64263,11036,18943,29979,2368,6621,8989,508450,570708,1079158
2021-12-04,69097,64571,133668,62497,61217,123714,67769,75614,143383,86212,95349,181561,77493,86543,164036,58533,70014,128547,46823,57311,104134,28108,36328,64436,11064,18987,30051,2369,6632,9001,509965,572566,1082531
2021-12-05,69324,64783,134107,62865,61568,124433,67923,75831,143754,86414,95598,182012,77687,86792,164479,58670,70230,128900,46939,57470,104409,28195,36436,64631,11080,19023,30103,2371,6642,9013,511468,574373,1085841
2021-12-06,69685,65178,134863,63213,61957,125170,68194,76196,144390,86774,96009,182783,78005,87232,165237,58923,70549,129472,47148,57761,104909,28319,36603,64922,11122,19096,30218,2379,6654,9033,513762,577235,1090997
2021-12-07,70046,65547,135593,63558,62349,125907,68447,76553,145000,87108,96495,183603,78318,87651,165969,59156,70871,130027,47300,57998,105298,28426,36766,65192,11158,19166,30324,2384,6672,9056,515901,580068,1095969
2021-12-08,70284,65802,136086,63770,62535,126305,68630,76833,145463,87349,96806,184155,78526,87930,166456,59335,71094,130429,47433,58187,105620,28508,36881,65389,11188,19206,30394,2386,6678,9064,517409,581952,1099361
2021-12-09,70612,66116,136728,64152,62946,127098,68925,77285,146210,87728,97308,185036,78874,88402,167276,59586,71452,131038,47641,58442,106083,28634,37054,65688,11231,19266,30497,2391,6688,9079,519774,584959,1104733
2021-12-10,70923,66487,137410,64801,63602,128403,69251,77751,147002,88175,97868,186043,79270,88903,168173,59855,71800,131655,47828,58709,106537,28762,37252,66014,11268,19324,30592,2396,6698,9094,522529,588394,1110923
2021-12-11,71124,66681,137805,65168,64036,129204,69475,78038,147513,88439,98212,186651,79533,89234,168767,60047,72033,132080,47961,58893,106854,28850,37363,66213,11290,19370,30660,2399,6706,9105,524286,590566,1114852
2021-12-12,71350,66905,138255,65445,64341,129786,69650,78314,147964,88698,98537,187235,79764,89540,169304,60219,72266,132485,48099,59088,107187,28928,37477,66405,11315,19412,30727,2403,6716,9119,525871,592596,1118467
2021-12-13,71688,67271,138959,65854,64780,130634,70009,78868,148877,89096,99043,188139,80130,89980,170110,60493,72673,133166,48323,59397,107720,29086,37651,66737,11365,19498,30863,2411,6735,9146,528455,595896,1124351
2021-12-14,72048,67635,139683,66247,65209,131456,70428,79461,149889,89579,99720,189299,80528,90479,171007,60764,73044,133808,48555,59692,108247,29220,37832,67052,11412,19550,30962,2418,6748,9166,531199,599370,1130569
2021-12-15,72408,68010,140418,66597,65673,132270,70829,80009,150838,90071,100273,190344,80910,90984,171894,61045,73420,134465,48749,59948,108697,29346,37967,67313,11461,19624,31085,2426,6768,9194,533842,602676,1136518
2021-12-16,72850,68446,141296,67119,66244,133363,71334,80738,152072,90649,101041,191690,81394,91596,172990,61371,73866,135237,48987,60255,109242,29457,38137,67594,11500,19698,31198,2429,6778,9207,537090,606799,1143889
2021-12-17,73261,68852,142113,67694,66927,134621,71841,81457,153298,91238,101740,192978,81852,92223,174075,61716,74331,136047,49210,60591,109801,29607,38323,67930,11541,19756,31297,2432,6790,9222,540392,610990,1151382
2021-12-18,73513,69093,142606,68055,67334,135389,72151,81913,154064,91668,102248,193916,82153,92637,174790,61973,74647,136620,49386,60811,110197,29700,38478,68178,11563,19806,31369,2434,6798,9232,542596,613765,1156361
2021-12-19,73750,69360,143110,68339,67673,136012,72399,82272,154671,92016,102710,194726,82458,92994,175452,62222,74939,137161,49575,61011,110586,29803,38597,68400,11590,19839,31429,2437,6803,9240,544589,616198,1160787
2021-12-20,74180,69830,144010,68842,68188,137030,72921,82977,155898,92638,103454,196092,82984,93660,176644,62594,75455,138049,49837,61390,111227,29976,38823,68799,11639,19927,31566,2445,6815,9260,548056,620519,1168575
2021-12-21,74560,70236,144796,69341,68696,138037,73583,83765,157348,93371,104364,197735,83537,94330,177867,62981,75957,138938,50079,61712,111791,30097,38987,69084,11677,19997,31674,2446,6826,9272,551672,624870,1176542
2021-12-22,75081,70653,145734,69880,69373,139253,74431,84915,159346,94291,105584,199875,84299,95336,179635,63467,76687,140154,50433,62160,112593,30280,39241,69521,11714,20087,31801,2453,6847,9300,556329,630883,1187212
2021-12-23,75565,71173,146738,70547,70112,140659,75385,86069,161454,95288,106843,202131,85032,96359,181391,63956,77423,141379,50799,62649,113448,30439,39511,69950,11761,20185,31946,2455,6868,9323,561227,637192,1198419
2021-12-24,75850,71442,147292,70903,70503,141406,75828,86689,162517,95791,107446,203237,85438,96879,182317,64246,77810,142056,51010,62879,113889,30542,39648,70190,11798,20239,32037,2458,6874,9332,563864,640409,1204273
2021-12-25,75994,71575,147569,71057,70687,141744,75964,86871,162835,95980,107665,203645,85611,97093,182704,64387,77985,142372,51105,63009,114114,30593,39740,70333,11815,20269,32084,2459,6882,9341,564965,641776,1206741
2021-12-26,76312,71907,148219,71530,71216,142746,76482,87456,163938,96570,108360,204930,86166,97808,183974,64825,78563,143388,51389,63379,114768,30774,39925,70699,11848,20336,32184,2468,6890,9358,568364,645840,1214204
2021-12-27,76769,72358,149127,72236,71981,144217,77249,88381,165630,97487,109464,206951,86948,98888,185836,65426,79427,144853,51817,63894,115711,30998,40235,71233,11912,20433,32345,2470,6916,9386,573312,651977,1225289
2021-12-28,77222,72781,150003,73026,72849,145875,78160,89501,167661,98444,110636,209080,87826,100023,187849,66084,80315,146399,52263,64461,116724,31188,40496,71684,11969,20549,32518,2473,6934,9407,578655,658545,1237200
2021-12-29,77718,73205,150923,73893,73731,147624,79208,90858,170066,99486,111950,211436,88734,101268,190002,66725,81297,148022,52720,65033,117753,31393,40791,72184,12020,20649,32669,2481,6944,9425,584378,665726,1250104
2021-12-30,78359,73795,152154,74934,74890,149824,80484,92290,172774,100638,113407,214045,89731,102685,192416,67478,82380,149858,53236,65773,119009,31657,41210,72867,12081,20764,32845,2490,6970,9460,591088,674164,1265252
2021-12-31,78594,74034,152628,75402,75373,150775,81040,92966,174006,101238,114063,215301,90217,103334,193551,67855,82905,150760,53495,66122,119617,31780,41389,73169,12119,20826,32945,2494,6977,9471,594234,677989,1272223
2022-01-01,78700,74143,152843,75532,75528,151060,81189,93143,174332,101418,114283,215701,90389,103574,193963,68016,83113,151129,53601,66254,119855,31830,41472,73302,12136,20848,32984,2495,6988,9483,595306,679346,1274652
2022-01-02,78829,74252,153081,75630,75627,151257,81290,93261,174551,101533,114439,215972,90517,103737,194254,68116,83235,151351,53668,66339,120007,31862,41526,73388,12147,20870,33017,2496,6993,9489,596088,680279,1276367
2022-01-03,79011,74427,153438,75739,75739,151478,81438,93455,174893,101724,114669,216393,90661,103964,194625,68251,83385,151636,53782,66458,120240,31920,41601,73521,12159,20911,33070,2499,7003,9502,597184,681612,1278796
2022-01-04,79167,74548,153715,75830,75821,151651,81583,93652,175235,101888,114872,216760,90808,104149,194957,68342,83492,151834,53844,66539,120383,31955,41661,73616,12176,20944,33120,2503,7007,9510,598096,682685,1280781
2022-01-05,79290,74657,153947,75933,75938,151871,81741,93865,175606,102092,115110,217202,90972,104343,195315,68442,83654,152096,53938,66647,120585,32012,41728,73740,12191,20972,33163,2506,7017,9523,599117,683931,1283048
2022-01-06,79421,74753,154174,76030,76044,152074,81874,94070,175944,102262,115338,217600,91113,104536,195649,68549,83799,152348,54012,66762,120774,32062,41778,73840,12206,21009,33215,2510,7026,9536,600039,685115,1285154
2022-01-07,79523,74843,154366,76093,76113,152206,82003,94253,176256,102436,115583,218019,91270,104701,195971,68648,83938,152586,54108,66880,120988,32103,41828,73931,12217,21028,33245,2511,7033,9544,600912,686200,1287112
2022-01-08,79608,74918,154526,76152,76189,152341,82066,94356,176422,102537,115746,218283,91379,104836,196215,68724,84059,152783,54161,66970,121131,32130,41881,74011,12228,21048,33276,2514,7037,9551,601499,687040,1288539
2022-01-09,79667,74983,154650,76191,76253,152444,82117,94434,176551,102616,115852,218468,91452,104920,196372,68775,84137,152912,54208,67029,121237,32147,41912,74059,12241,21067,33308,2515,7037,9552,601929,687624,1289553
2022-01-10,79775,75081,154856,76256,76332,152588,82223,94579,176802,102742,116036,218778,91572,105071,196643,68856,84245,153101,54279,67132,121411,32198,41976,74174,12255,21122,33377,2516,7060,9576,602672,688634,1291306
2022-01-11,79876,75199,155075,76317,76412,152729,82335,94744,177079,102905,116254,219159,91701,105242,196943,68936,84378,153314,54352,67224,121576,32234,42043,74277,12278,21153,33431,2517,7071,9588,603451,689720,1293171
2022-01-12,79994,75302,155296,76376,76475,152851,82434,94894,177328,103045,116452,219497,91807,105412,197219,69034,84497,153531,54430,67321,121751,32276,42097,74373,12301,21199,33500,2518,7084,9602,604215,690733,1294948
2022-01-13,80071,75385,155456,76443,76519,152962,82528,95044,177572,103171,116648,219819,91915,105544,197459,69109,84626,153735,54490,67402,121892,32302,42146,74448,12318,21240,33558,2524,7099,9623,604871,691653,1296524
2022-01-14,80183,75486,155669,76516,76634,153150,82621,95189,177810,103318,116860,220178,92029,105730,197759,69202,84742,153944,54551,67499,122050,32357,42193,74550,12334,21285,33619,2528,7110,9638,605639,692728,1298367
2022-01-15,80292,75592,155884,76609,76739,153348,82749,95351,178100,103484,117053,220537,92202,105912,198114,69302,84887,154189,54630,67601,122231,32395,42245,74640,12347,21302,33649,2529,7114,9643,606539,693796,1300335
2022-01-16,80369,75643,156012,76656,76769,153425,82791,95407,178198,103549,117129,220678,92264,105988,198252,69337,84948,154285,54653,67645,122298,32412,42264,74676,12351,21319,33670,2530,7119,9649,606912,694231,1301143
2022-01-17,80464,75737,156201,76709,76819,153528,82874,95523,178397,103665,117289,220954,92356,106136,198492,69406,85052,154458,54731,67738,122469,32446,42319,74765,12363,21363,33726,2531,7138,9669,607545,695114,1302659
2022-01-18,80582,75833,156415,76776,76913,153689,82980,95687,178667,103816,117518,221334,92486,106323,198809,69503,85178,154681,54826,67856,122682,32502,42396,74898,12387,21428,33815,2535,7155,9690,608393,696287,1304680
2022-01-19,80684,75913,156597,76850,76992,153842,83062,95805,178867,103953,117702,221655,92617,106488,199105,69589,85304,154893,54882,67961,122843,32544,42471,75015,12419,21488,33907,2538,7175,9713,609138,697299,1306437
2022-01-20,80786,75996,156782,76922,77057,153979,83156,95947,179103,104085,117882,221967,92752,106662,199414,69686,85437,155123,54956,68071,123027,32590,42538,75128,12446,21523,33969,2538,7191,9729,609917,698304,1308221
2022-01-21,80865,76080,156945,76965,77127,154092,83230,96038,179268,104203,118047,222250,92847,106816,199663,69753,85534,155287,55021,68164,123185,32626,42595,75221,12462,21555,34017,2540,7203,9743,610512,699159,1309671
2022-01-22,80930,76162,157092,77010,77169,154179,83263,96103,179366,104276,118132,222408,92900,106902,199802,69800,85597,155397,55050,68218,123268,32652,42631,75283,12478,21570,34048,2542,7206,9748,610901,699690,1310591
2022-01-23,81012,76264,157276,77090,77251,154341,83325,96190,179515,104369,118260,222629,92987,107032,200019,69877,85699,155576,55089,68284,123373,32673,42670,75343,12493,21591,34084,2542,7211,9753,611457,700452,1311909
2022-01-24,81150,76414,157564,77238,77446,154684,83539,96463,180002,104627,118627,223254,93269,107381,200650,70044,85960,156004,55230,68499,123729,32756,42787,75543,12515,21639,34154,2544,7217,9761,612912,702433,1315345
2022-01-25,81305,76526,157831,77400,77603,155003,83719,96687,180406,104845,118899,223744,93501,107682,201183,70202,86196,156398,55374,68678,124052,32831,42907,75738,12543,21697,34240,2550,7232,9782,614270,704107,1318377
2022-01-26,81446,76665,158111,77549,77787,155336,83904,96933,180837,105060,119215,224275,93748,107947,201695,70363,86448,156811,55515,68880,124395,32899,43015,75914,12570,21738,34308,2552,7240,9792,615606,705868,1321474
2022-01-27,81563,76770,158333,77660,77900,155560,84000,97087,181087,105214,119439,224653,93906,108140,202046,70463,86606,157069,55602,69005,124607,32946,43100,76046,12596,21772,34368,2557,7253,9810,616507,707072,1323579
2022-01-28,81724,76926,158650,77884,78115,155999,84226,97395,181621,105495,119894,225389,94168,108544,202712,70698,86953,157651,55782,69265,125047,33038,43239,76277,12615,21838,34453,2560,7267,9827,618190,709436,1327626
2022-01-29,81888,77077,158965,78098,78373,156471,84445,97687,182132,105794,120325,226119,94497,108926,203423,70958,87299,158257,55948,69550,125498,33145,43369,76514,12650,21881,34531,2565,7275,9840,619988,711762,1331750
2022-01-30,81955,77144,159099,78155,78438,156593,84492,97772,182264,105875,120425,226300,94593,109027,203620,71023,87378,158401,55983,69614,125597,33173,43410,76583,12661,21900,34561,2566,7279,9845,620476,712387,1332863
2022-01-31,82093,77275,159368,78350,78710,157060,84712,98016,182728,106134,120751,226885,94813,109373,204186,71182,87637,158819,56128,69805,125933,33251,43535,76786,12682,21924,34606,2572,7285,9857,621917,714311,1336228
2022-02-01,82172,77341,159513,78434,78786,157220,84780,98098,182878,106235,120869,227104,94891,109503,204394,71238,87718,158956,56174,69874,126048,33286,43602,76888,12694,21955,34649,2580,7291,9871,622484,715037,1337521
2022-02-02,82214,77381,159595,78481,78832,157313,84822,98169,182991,106291,120948,227239,94937,109587,204524,71282,87776,159058,56204,69913,126117,33315,43629,76944,12707,21964,34671,2583,7297,9880,622836,715496,1338332
2022-02-03,82228,77387,159615,78484,78840,157324,84836,98178,183014,106298,120967,227265,94954,109600,204554,71291,87798,159089,56210,69928,126138,33321,43639,76960,12707,21966,34673,2583,7299,9882,622912,715602,1338514
