FECHA,<=10M,<=10F,<=10,11-20M,11-20F,11-20,21-30M,21-30F,21-30,31-40M,31-40F,31-40,41-50M,41-50F,41-50,51-60M,51-60F,51-60,61-70M,61-70F,61-70,71-80M,71-80F,71-80,81-90M,81-90F,81-90,>=91M,>=91F,>=91,TotalM,TotalF,Total
2020-03-15,1,0,1,0,0,0,0,2,2,2,1,3,1,1,2,1,0,1,1,0,1,1,1,2,0,0,0,0,0,0,7,5,12
2020-03-16,2,3,5,1,0,1,1,4,5,3,2,5,1,1,2,4,1,5,3,2,5,1,1,2,0,0,0,0,0,0,16,14,30
2020-03-17,3,7,10,2,1,3,3,5,8,4,4,8,2,4,6,4,3,7,4,4,8,3,3,6,1,0,1,0,0,0,26,31,57
2020-03-18,6,8,14,3,1,4,4,5,9,6,5,11,3,7,10,5,4,9,4,6,10,4,3,7,2,0,2,0,0,0,37,39,76
2020-03-19,9,9,18,3,1,4,7,7,14,9,6,15,5,8,13,5,4,9,5,7,12,5,4,9,2,0,2,1,0,1,51,46,97
2020-03-20,10,10,20,4,1,5,8,7,15,10,9,19,5,9,14,5,5,10,6,8,14,7,6,13,3,0,3,1,0,1,59,55,114
2020-03-21,10,10,20,7,2,9,9,9,18,13,10,23,7,10,17,6,5,11,8,10,18,8,7,15,4,0,4,2,0,2,74,63,137
2020-03-22,13,11,24,7,2,9,13,10,23,13,10,23,7,10,17,9,6,15,8,11,19,10,7,17,7,2,9,2,1,3,89,70,159
2020-03-23,17,12,29,7,4,11,14,12,26,16,11,27,8,11,19,11,7,18,10,12,22,14,10,24,10,5,15,2,3,5,109,87,196
2020-03-24,19,12,31,7,4,11,15,14,29,18,12,30,8,13,21,13,9,22,10,12,22,16,10,26,12,6,18,3,3,6,121,95,216
2020-03-25,20,16,36,7,4,11,17,17,34,20,17,37,9,14,23,14,12,26,13,13,26,17,12,29,14,11,25,5,3,8,136,119,255
2020-03-26,24,19,43,9,5,14,19,19,38,24,20,44,10,18,28,17,14,31,14,17,31,21,15,36,19,11,30,7,4,11,164,142,306
2020-03-27,26,22,48,9,6,15,20,21,41,28,21,49,11,22,33,18,17,35,16,21,37,25,20,45,22,14,36,9,9,18,184,173,357
2020-03-28,28,23,51,9,6,15,22,23,45,30,22,52,12,23,35,22,19,41,19,21,40,29,27,56,25,15,40,9,9,18,205,188,393
2020-03-29,29,23,52,11,7,18,23,26,49,32,25,57,14,26,40,23,19,42,24,24,48,33,29,62,29,16,45,11,10,21,229,205,434
2020-03-30,32,25,57,11,7,18,24,32,56,39,27,66,18,30,48,24,20,44,31,25,56,36,34,70,33,17,50,14,12,26,262,229,491
2020-03-31,40,28,68,12,7,19,31,34,65,47,30,77,23,34,57,27,21,48,37,28,65,40,37,77,35,20,55,18,12,30,310,251,561
2020-04-01,51,38,89,13,9,22,36,38,74,55,32,87,35,39,74,30,28,58,41,31,72,45,41,86,40,25,65,18,13,31,364,294,658
2020-04-02,59,47,106,16,13,29,39,43,82,60,37,97,38,44,82,32,36,68,50,36,86,53,46,99,45,32,77,21,16,37,413,350,763
2020-04-03,75,55,130,20,16,36,43,49,92,67,47,114,45,55,100,35,42,77,58,41,99,60,50,110,50,38,88,22,21,43,475,414,889
2020-04-04,84,67,151,23,20,43,45,56,101,69,57,126,50,57,107,42,42,84,64,44,108,62,55,117,54,40,94,23,24,47,516,462,978
2020-04-05,92,77,169,27,25,52,51,57,108,76,59,135,58,62,120,46,44,90,65,55,120,68,62,130,57,45,102,25,26,51,565,512,1077
2020-04-06,103,86,189,31,27,58,60,60,120,86,64,150,69,65,134,55,46,101,73,63,136,78,67,145,64,49,113,26,29,55,645,556,1201
2020-04-07,113,95,208,35,31,66,65,64,129,94,71,165,74,70,144,63,48,111,76,67,143,86,75,161,70,60,130,28,30,58,704,611,1315
2020-04-08,121,105,226,39,33,72,69,72,141,99,74,173,82,74,156,70,53,123,85,73,158,95,79,174,72,64,136,31,35,66,763,662,1425
2020-04-09,126,109,235,42,36,78,72,79,151,113,83,196,85,79,164,79,61,140,89,77,166,102,89,191,77,72,149,35,40,75,820,725,1545
2020-04-10,143,113,256,46,39,85,74,85,159,117,85,202,95,80,175,82,67,149,95,78,173,103,98,201,82,80,162,36,43,79,873,768,1641
2020-04-11,152,118,270,50,42,92,81,89,170,123,88,211,102,83,185,84,71,155,99,84,183,110,101,211,85,87,172,37,47,84,923,810,1733
2020-04-12,161,125,286,52,42,94,83,93,176,131,91,222,105,90,195,93,74,167,102,88,190,113,109,222,90,91,181,37,49,86,967,852,1819
2020-04-13,170,136,306,60,46,106,94,101,195,135,99,234,110,93,203,98,79,177,111,95,206,118,118,236,96,101,197,41,54,95,1033,922,1955
2020-04-14,185,142,327,63,47,110,101,107,208,144,104,248,115,97,212,109,86,195,115,102,217,128,123,251,102,105,207,45,58,103,1107,971,2078
2020-04-15,194,145,339,66,53,119,107,113,220,149,111,260,123,110,233,114,95,209,124,106,230,137,127,264,108,111,219,50,61,111,1172,1032,2204
2020-04-16,206,148,354,71,57,128,115,117,232,159,124,283,132,122,254,120,105,225,128,116,244,144,131,275,112,116,228,50,65,115,1237,1101,2338
2020-04-17,222,159,381,75,62,137,117,123,240,165,139,304,144,131,275,127,112,239,136,122,258,159,141,300,117,124,241,51,68,119,1313,1181,2494
2020-04-18,233,168,401,81,63,144,127,128,255,180,145,325,153,136,289,134,116,250,138,125,263,165,151,316,123,133,256,54,72,126,1388,1237,2625
2020-04-19,243,177,420,85,63,148,131,130,261,185,149,334,158,141,299,139,124,263,145,132,277,170,159,329,128,140,268,55,73,128,1439,1288,2727
2020-04-20,257,187,444,93,70,163,144,136,280,197,159,356,167,147,314,148,130,278,157,141,298,185,171,356,138,149,287,59,87,146,1545,1377,2922
2020-04-21,269,195,464,98,76,174,156,142,298,206,172,378,171,151,322,155,138,293,165,149,314,197,181,378,145,159,304,61,97,158,1623,1460,3083
2020-04-22,283,205,488,102,83,185,163,150,313,217,175,392,184,158,342,161,146,307,173,153,326,204,194,398,153,171,324,68,103,171,1708,1538,3246
2020-04-23,301,218,519,106,86,192,169,161,330,225,183,408,192,166,358,166,158,324,180,157,337,214,202,416,164,181,345,74,112,186,1791,1624,3415
2020-04-24,318,229,547,111,91,202,179,170,349,237,195,432,198,173,371,173,166,339,188,168,356,225,212,437,174,196,370,77,115,192,1880,1715,3595
2020-04-25,330,236,566,116,92,208,182,175,357,245,202,447,202,178,380,178,173,351,194,172,366,231,216,447,184,212,396,81,120,201,1943,1776,3719
2020-04-26,339,253,592,121,98,219,185,178,363,249,204,453,210,184,394,181,176,357,202,179,381,237,223,460,191,219,410,82,124,206,1997,1838,3835
2020-04-27,351,265,616,128,102,230,190,186,376,254,216,470,214,195,409,192,184,376,209,188,397,256,228,484,202,235,437,85,128,213,2081,1927,4008
2020-04-28,369,272,641,133,107,240,201,198,399,265,228,493,221,206,427,199,193,392,215,195,410,259,240,499,208,249,457,87,132,219,2157,2020,4177
2020-04-29,392,284,676,139,112,251,215,205,420,283,240,523,233,214,447,207,200,407,219,203,422,269,246,515,211,263,474,92,142,234,2260,2109,4369
2020-04-30,410,294,704,148,113,261,223,211,434,291,249,540,244,224,468,215,212,427,228,211,439,276,257,533,219,280,499,100,149,249,2354,2200,4554
2020-05-01,412,307,719,154,119,273,224,218,442,302,258,560,254,230,484,222,215,437,238,217,455,283,266,549,227,291,518,100,151,251,2416,2272,4688
2020-05-02,418,323,741,160,125,285,232,220,452,311,265,576,260,235,495,229,217,446,241,221,462,291,267,558,232,302,534,101,154,255,2475,2329,4804
2020-05-03,426,332,758,164,128,292,238,225,463,318,271,589,265,240,505,237,219,456,249,228,477,296,276,572,238,310,548,104,159,263,2535,2388,4923
2020-05-04,444,351,795,169,130,299,247,234,481,329,280,609,270,245,515,246,223,469,257,239,496,310,291,601,246,327,573,106,163,269,2624,2483,5107
2020-05-05,456,363,819,176,133,309,258,243,501,341,294,635,275,257,532,256,229,485,267,246,513,325,299,624,251,339,590,107,173,280,2712,2576,5288
2020-05-06,470,378,848,180,134,314,268,250,518,356,308,664,294,266,560,262,234,496,277,252,529,343,314,657,258,351,609,111,179,290,2819,2666,5485
2020-05-07,487,389,876,187,139,326,282,257,539,367,319,686,309,277,586,267,240,507,284,259,543,360,320,680,264,363,627,112,186,298,2919,2749,5668
2020-05-08,503,401,904,194,144,338,296,264,560,379,335,714,324,288,612,282,244,526,292,270,562,372,329,701,275,375,650,114,198,312,3031,2848,5879
2020-05-09,522,413,935,197,144,341,303,276,579,383,343,726,333,296,629,287,250,537,298,276,574,384,332,716,280,385,665,119,206,325,3106,2921,6027
2020-05-10,530,421,951,199,147,346,311,285,596,389,350,739,338,303,641,291,256,547,306,282,588,392,345,737,285,397,682,120,211,331,3161,2997,6158
2020-05-11,547,438,985,205,152,357,318,293,611,402,362,764,352,314,666,299,263,562,316,288,604,405,354,759,298,415,713,124,226,350,3266,3105,6371
2020-05-12,566,448,1014,212,162,374,344,313,657,421,370,791,361,328,689,305,267,572,325,295,620,413,365,778,307,429,736,129,238,367,3383,3215,6598
2020-05-13,592,464,1056,220,171,391,363,324,687,435,391,826,375,335,710,315,276,591,334,304,638,422,373,795,315,444,759,130,246,376,3501,3328,6829
2020-05-14,612,487,1099,231,185,416,374,343,717,454,408,862,386,342,728,323,287,610,344,315,659,432,382,814,325,457,782,132,261,393,3613,3467,7080
2020-05-15,631,509,1140,238,191,429,381,354,735,468,422,890,394,358,752,334,293,627,355,324,679,439,388,827,333,477,810,137,270,407,3710,3586,7296
2020-05-16,643,525,1168,245,197,442,386,366,752,477,436,913,401,367,768,341,300,641,362,331,693,448,395,843,339,481,820,142,284,426,3784,3682,7466
2020-05-17,663,538,1201,249,204,453,395,377,772,484,443,927,409,378,787,346,304,650,369,338,707,454,400,854,350,493,843,145,288,433,3864,3763,7627
2020-05-18,684,561,1245,257,216,473,419,397,816,505,462,967,420,397,817,360,314,674,384,352,736,471,413,884,367,506,873,146,299,445,4013,3917,7930
2020-05-19,701,579,1280,271,230,501,446,421,867,537,483,1020,444,411,855,375,327,702,400,364,764,481,432,913,379,528,907,149,308,457,4183,4083,8266
2020-05-20,728,618,1346,285,245,530,471,443,914,577,501,1078,460,425,885,387,339,726,416,380,796,494,443,937,391,544,935,155,313,468,4364,4251,8615
2020-05-21,760,651,1411,304,256,560,499,465,964,603,530,1133,476,446,922,405,351,756,428,386,814,508,450,958,398,560,958,156,317,473,4537,4412,8949
2020-05-22,793,668,1461,317,271,588,529,495,1024,625,554,1179,493,460,953,416,360,776,435,396,831,518,461,979,406,576,982,162,330,492,4694,4571,9265
2020-05-23,811,687,1498,331,287,618,551,513,1064,650,569,1219,501,476,977,424,368,792,447,407,854,526,474,1000,415,582,997,164,332,496,4820,4695,9515
2020-05-24,828,706,1534,338,295,633,565,524,1089,663,582,1245,510,480,990,431,372,803,458,414,872,537,483,1020,420,593,1013,166,338,504,4916,4787,9703
2020-05-25,855,729,1584,355,316,671,588,550,1138,678,600,1278,528,490,1018,436,380,816,466,422,888,548,488,1036,430,609,1039,168,347,515,5052,4931,9983
2020-05-26,890,759,1649,376,337,713,623,582,1205,724,635,1359,546,517,1063,446,399,845,475,428,903,563,494,1057,440,623,1063,171,357,528,5254,5131,10385
2020-05-27,933,791,1724,388,354,742,644,612,1256,748,652,1400,562,529,1091,464,413,877,485,436,921,570,508,1078,444,637,1081,175,359,534,5413,5291,10704
2020-05-28,959,834,1793,406,366,772,669,643,1312,773,672,1445,586,550,1136,478,434,912,494,448,942,580,517,1097,458,654,1112,179,372,551,5582,5490,11072
2020-05-29,994,865,1859,428,385,813,705,677,1382,801,711,1512,615,571,1186,493,454,947,509,459,968,596,528,1124,472,671,1143,181,376,557,5794,5697,11491
2020-05-30,1022,888,1910,442,395,837,740,701,1441,832,725,1557,627,588,1215,505,467,972,517,464,981,606,539,1145,479,682,1161,182,383,565,5952,5832,11784
2020-05-31,1048,904,1952,453,407,860,755,711,1466,848,734,1582,641,598,1239,510,477,987,525,468,993,617,545,1162,484,692,1176,183,391,574,6064,5927,11991
2020-06-01,1079,932,2011,475,425,900,787,751,1538,875,768,1643,656,619,1275,526,491,1017,549,484,1033,629,554,1183,490,701,1191,188,395,583,6254,6120,12374
2020-06-02,1121,960,2081,495,445,940,819,778,1597,899,793,1692,673,638,1311,538,507,1045,565,495,1060,651,565,1216,497,716,1213,192,406,598,6450,6303,12753
2020-06-03,1157,983,2140,509,473,982,846,804,1650,924,829,1753,689,659,1348,547,519,1066,580,510,1090,669,576,1245,507,732,1239,194,415,609,6622,6500,13122
2020-06-04,1190,1013,2203,528,497,1025,879,831,1710,942,856,1798,708,676,1384,574,534,1108,590,517,1107,688,589,1277,517,750,1267,196,424,620,6812,6687,13499
2020-06-05,1233,1052,2285,544,517,1061,913,859,1772,971,892,1863,736,701,1437,598,556,1154,605,532,1137,705,600,1305,528,770,1298,199,433,632,7032,6912,13944
2020-06-06,1259,1074,2333,560,529,1089,932,876,1808,999,917,1916,750,718,1468,610,566,1176,616,544,1160,718,608,1326,539,787,1326,200,442,642,7183,7061,14244
2020-06-07,1281,1097,2378,575,541,1116,952,894,1846,1016,930,1946,769,726,1495,620,574,1194,623,548,1171,726,614,1340,550,799,1349,202,449,651,7314,7172,14486
2020-06-08,1311,1130,2441,595,562,1157,987,921,1908,1055,965,2020,803,747,1550,637,591,1228,638,559,1197,740,630,1370,561,815,1376,206,456,662,7533,7376,14909
2020-06-09,1366,1162,2528,617,585,1202,1006,959,1965,1083,998,2081,832,770,1602,654,597,1251,650,568,1218,749,644,1393,572,841,1413,209,468,677,7738,7592,15330
2020-06-10,1392,1198,2590,631,602,1233,1046,982,2028,1114,1037,2151,862,793,1655,676,616,1292,670,580,1250,770,668,1438,577,861,1438,215,483,698,7953,7820,15773
2020-06-11,1431,1237,2668,644,621,1265,1076,1010,2086,1151,1066,2217,879,817,1696,693,638,1331,682,601,1283,786,684,1470,584,887,1471,218,498,716,8144,8059,16203
2020-06-12,1467,1279,2746,653,646,1299,1127,1047,2174,1194,1116,2310,912,849,1761,711,657,1368,708,617,1325,801,698,1499,590,908,1498,222,507,729,8385,8324,16709
2020-06-13,1503,1307,2810,675,666,1341,1161,1083,2244,1228,1142,2370,921,870,1791,729,673,1402,719,622,1341,813,706,1519,598,924,1522,224,513,737,8571,8506,17077
2020-06-14,1523,1335,2858,695,684,1379,1186,1103,2289,1247,1159,2406,940,882,1822,740,690,1430,729,628,1357,816,719,1535,611,945,1556,225,521,746,8712,8666,17378
2020-06-15,1558,1367,2925,721,703,1424,1215,1131,2346,1268,1184,2452,959,898,1857,753,703,1456,741,633,1374,829,729,1558,617,961,1578,227,531,758,8888,8840,17728
2020-06-16,1610,1427,3037,742,723,1465,1273,1179,2452,1314,1220,2534,997,922,1919,773,717,1490,756,646,1402,844,736,1580,630,983,1613,230,545,775,9169,9098,18267
2020-06-17,1652,1471,3123,765,750,1515,1324,1216,2540,1352,1267,2619,1031,948,1979,797,731,1528,771,660,1431,853,755,1608,648,999,1647,231,553,784,9424,9350,18774
2020-06-18,1701,1515,3216,785,764,1549,1384,1260,2644,1401,1321,2722,1075,971,2046,830,753,1583,791,679,1470,866,769,1635,663,1023,1686,233,564,797,9729,9619,19348
2020-06-19,1756,1546,3302,797,791,1588,1420,1299,2719,1465,1363,2828,1112,1012,2124,868,775,1643,820,698,1518,885,787,1672,681,1042,1723,240,578,818,10044,9891,19935
2020-06-20,1788,1582,3370,815,810,1625,1454,1325,2779,1500,1393,2893,1136,1043,2179,885,795,1680,835,711,1546,895,796,1691,688,1057,1745,244,583,827,10240,10095,20335
2020-06-21,1821,1602,3423,832,827,1659,1482,1357,2839,1521,1424,2945,1152,1051,2203,899,804,1703,844,721,1565,906,803,1709,694,1066,1760,245,590,835,10396,10245,20641
2020-06-22,1868,1644,3512,860,852,1712,1519,1402,2921,1572,1453,3025,1183,1082,2265,924,833,1757,859,741,1600,925,818,1743,700,1088,1788,247,602,849,10657,10515,21172
2020-06-23,1916,1687,3603,888,883,1771,1568,1445,3013,1628,1495,3123,1217,1124,2341,940,864,1804,878,762,1640,936,831,1767,711,1103,1814,249,608,857,10931,10802,21733
2020-06-24,1959,1732,3691,914,905,1819,1616,1496,3112,1667,1544,3211,1257,1154,2411,961,894,1855,891,779,1670,945,846,1791,726,1117,1843,251,612,863,11187,11079,22266
2020-06-25,2009,1786,3795,949,945,1894,1657,1537,3194,1712,1579,3291,1294,1187,2481,996,926,1922,902,796,1698,956,859,1815,735,1129,1864,256,617,873,11466,11361,22827
2020-06-26,2053,1824,3877,983,971,1954,1714,1583,3297,1754,1621,3375,1331,1221,2552,1014,949,1963,925,814,1739,968,875,1843,746,1148,1894,257,626,883,11745,11632,23377
2020-06-27,2114,1879,3993,1014,1009,2023,1752,1631,3383,1785,1653,3438,1360,1245,2605,1035,964,1999,940,821,1761,971,888,1859,754,1155,1909,261,632,893,11986,11877,23863
2020-06-28,2155,1901,4056,1028,1027,2055,1769,1669,3438,1815,1684,3499,1380,1268,2648,1057,978,2035,950,828,1778,979,896,1875,762,1167,1929,267,639,906,12162,12057,24219
2020-06-29,2200,1949,4149,1062,1066,2128,1815,1708,3523,1869,1720,3589,1405,1295,2700,1073,1008,2081,975,839,1814,994,912,1906,774,1185,1959,270,646,916,12437,12328,24765
2020-06-30,2233,1991,4224,1077,1096,2173,1867,1743,3610,1904,1765,3669,1441,1329,2770,1100,1033,2133,997,848,1845,1011,922,1933,780,1204,1984,272,657,929,12682,12588,25270
2020-07-01,2278,2027,4305,1093,1123,2216,1923,1789,3712,1944,1800,3744,1472,1360,2832,1122,1062,2184,1014,863,1877,1026,936,1962,789,1225,2014,275,663,938,12936,12848,25784
2020-07-02,2335,2082,4417,1117,1154,2271,1970,1842,3812,1989,1844,3833,1511,1392,2903,1141,1082,2223,1033,876,1909,1038,952,1990,800,1235,2035,278,668,946,13212,13127,26339
2020-07-03,2389,2122,4511,1147,1176,2323,2014,1875,3889,2040,1898,3938,1536,1425,2961,1166,1102,2268,1052,891,1943,1049,967,2016,810,1252,2062,281,672,953,13484,13380,26864
2020-07-04,2425,2158,4583,1169,1199,2368,2049,1916,3965,2070,1929,3999,1565,1446,3011,1188,1116,2304,1065,901,1966,1060,983,2043,815,1263,2078,284,679,963,13690,13590,27280
2020-07-05,2450,2195,4645,1190,1211,2401,2080,1951,4031,2098,1964,4062,1578,1471,3049,1205,1135,2340,1085,916,2001,1075,998,2073,824,1278,2102,288,687,975,13873,13806,27679
2020-07-06,2482,2230,4712,1210,1232,2442,2124,1994,4118,2151,1996,4147,1614,1509,3123,1238,1163,2401,1110,941,2051,1093,1025,2118,834,1303,2137,291,695,986,14147,14088,28235
2020-07-07,2530,2296,4826,1240,1264,2504,2174,2045,4219,2207,2040,4247,1646,1543,3189,1266,1194,2460,1128,955,2083,1106,1038,2144,844,1326,2170,298,707,1005,14439,14408,28847
2020-07-08,2574,2329,4903,1269,1296,2565,2229,2091,4320,2249,2084,4333,1692,1589,3281,1289,1226,2515,1146,975,2121,1123,1058,2181,854,1342,2196,302,721,1023,14727,14711,29438
2020-07-09,2608,2356,4964,1286,1310,2596,2261,2122,4383,2293,2114,4407,1727,1619,3346,1304,1240,2544,1158,990,2148,1131,1081,2212,859,1358,2217,309,729,1038,14936,14919,29855
2020-07-10,2639,2383,5022,1308,1333,2641,2294,2155,4449,2322,2151,4473,1750,1643,3393,1320,1258,2578,1178,1009,2187,1148,1093,2241,872,1375,2247,310,739,1049,15141,15139,30280
2020-07-11,2669,2422,5091,1330,1346,2676,2321,2183,4504,2349,2183,4532,1776,1672,3448,1339,1284,2623,1198,1022,2220,1161,1114,2275,876,1394,2270,312,748,1060,15331,15368,30699
2020-07-12,2696,2440,5136,1346,1356,2702,2346,2205,4551,2373,2201,4574,1793,1689,3482,1348,1295,2643,1210,1033,2243,1171,1122,2293,882,1406,2288,316,754,1070,15481,15501,30982
2020-07-13,2733,2488,5221,1375,1381,2756,2392,2252,4644,2419,2246,4665,1837,1733,3570,1377,1336,2713,1243,1059,2302,1193,1158,2351,897,1452,2349,318,778,1096,15784,15883,31667
2020-07-14,2783,2528,5311,1405,1404,2809,2432,2283,4715,2490,2299,4789,1880,1774,3654,1412,1353,2765,1266,1086,2352,1212,1186,2398,903,1471,2374,325,792,1117,16108,16176,32284
2020-07-15,2821,2575,5396,1446,1429,2875,2474,2353,4827,2560,2371,4931,1924,1821,3745,1439,1390,2829,1289,1111,2400,1224,1205,2429,918,1487,2405,332,798,1130,16427,16540,32967
2020-07-16,2868,2605,5473,1470,1466,2936,2529,2413,4942,2624,2417,5041,1965,1872,3837,1469,1430,2899,1309,1129,2438,1241,1226,2467,937,1519,2456,334,815,1149,16746,16892,33638
2020-07-17,2916,2646,5562,1498,1493,2991,2561,2467,5028,2671,2474,5145,2007,1935,3942,1501,1471,2972,1337,1159,2496,1258,1245,2503,954,1538,2492,338,824,1162,17041,17252,34293
2020-07-18,2945,2681,5626,1516,1511,3027,2608,2511,5119,2709,2521,5230,2037,1973,4010,1528,1495,3023,1363,1184,2547,1273,1254,2527,970,1560,2530,340,830,1170,17289,17520,34809
2020-07-19,2979,2721,5700,1534,1534,3068,2641,2539,5180,2743,2559,5302,2068,2003,4071,1553,1520,3073,1380,1198,2578,1287,1263,2550,980,1578,2558,342,837,1179,17507,17752,35259
2020-07-20,3040,2769,5809,1573,1573,3146,2698,2597,5295,2802,2638,5440,2112,2074,4186,1588,1562,3150,1410,1242,2652,1311,1290,2601,1001,1598,2599,345,849,1194,17880,18192,36072
2020-07-21,3088,2808,5896,1601,1600,3201,2754,2644,5398,2866,2701,5567,2159,2120,4279,1626,1602,3228,1435,1271,2706,1337,1316,2653,1015,1624,2639,350,858,1208,18231,18544,36775
2020-07-22,3156,2851,6007,1628,1630,3258,2832,2710,5542,2937,2767,5704,2222,2175,4397,1662,1640,3302,1455,1299,2754,1367,1339,2706,1029,1658,2687,351,869,1220,18639,18938,37577
2020-07-23,3209,2900,6109,1657,1664,3321,2891,2772,5663,3002,2834,5836,2264,2219,4483,1696,1671,3367,1473,1326,2799,1384,1361,2745,1037,1681,2718,358,877,1235,18971,19305,38276
2020-07-24,3252,2948,6200,1688,1692,3380,2963,2829,5792,3058,2902,5960,2313,2270,4583,1731,1700,3431,1506,1342,2848,1400,1382,2782,1049,1706,2755,360,891,1251,19320,19662,38982
2020-07-25,3296,2986,6282,1716,1711,3427,3007,2879,5886,3109,2957,6066,2347,2307,4654,1747,1720,3467,1524,1362,2886,1414,1404,2818,1061,1720,2781,365,894,1259,19586,19940,39526
2020-07-26,3333,3019,6352,1732,1729,3461,3037,2903,5940,3137,2993,6130,2380,2326,4706,1766,1740,3506,1536,1375,2911,1429,1417,2846,1069,1742,2811,369,900,1269,19788,20144,39932
2020-07-27,3372,3061,6433,1769,1757,3526,3090,2954,6044,3201,3050,6251,2431,2384,4815,1799,1789,3588,1563,1410,2973,1447,1438,2885,1087,1763,2850,374,921,1295,20133,20527,40660
2020-07-28,3424,3112,6536,1798,1786,3584,3165,3034,6199,3267,3113,6380,2484,2431,4915,1847,1835,3682,1600,1440,3040,1464,1469,2933,1098,1789,2887,379,941,1320,20526,20950,41476
2020-07-29,3480,3162,6642,1829,1820,3649,3240,3097,6337,3328,3182,6510,2550,2490,5040,1885,1882,3767,1632,1476,3108,1488,1493,2981,1117,1824,2941,387,965,1352,20936,21391,42327
2020-07-30,3537,3209,6746,1867,1869,3736,3332,3166,6498,3401,3251,6652,2613,2542,5155,1931,1926,3857,1659,1506,3165,1505,1513,3018,1125,1844,2969,389,973,1362,21359,21799,43158
2020-07-31,3581,3267,6848,1890,1897,3787,3389,3240,6629,3486,3335,6821,2673,2591,5264,1971,1969,3940,1687,1538,3225,1525,1542,3067,1135,1873,3008,395,989,1384,21732,22241,43973
2020-08-01,3621,3303,6924,1910,1926,3836,3426,3291,6717,3525,3387,6912,2705,2634,5339,2003,1999,4002,1709,1548,3257,1545,1560,3105,1148,1896,3044,396,1002,1398,21988,22546,44534
2020-08-02,3664,3337,7001,1931,1950,3881,3459,3324,6783,3567,3425,6992,2733,2676,5409,2021,2025,4046,1719,1565,3284,1553,1577,3130,1160,1912,3072,398,1009,1407,22205,22800,45005
2020-08-03,3717,3396,7113,1965,1990,3955,3522,3393,6915,3633,3482,7115,2774,2732,5506,2059,2065,4124,1750,1589,3339,1566,1599,3165,1173,1944,3117,403,1022,1425,22562,23212,45774
2020-08-04,3778,3440,7218,2005,2032,4037,3605,3446,7051,3709,3552,7261,2835,2788,5623,2105,2104,4209,1781,1615,3396,1584,1625,3209,1190,1974,3164,408,1036,1444,23000,23612,46612
2020-08-05,3835,3494,7329,2047,2064,4111,3673,3513,7186,3767,3623,7390,2877,2844,5721,2150,2155,4305,1813,1646,3459,1612,1649,3261,1205,1997,3202,411,1046,1457,23390,24031,47421
2020-08-06,3888,3539,7427,2078,2106,4184,3741,3583,7324,3833,3700,7533,2935,2905,5840,2185,2198,4383,1844,1670,3514,1632,1672,3304,1221,2025,3246,416,1059,1475,23773,24457,48230
2020-08-07,3953,3592,7545,2110,2135,4245,3812,3660,7472,3906,3771,7677,2983,2979,5962,2225,2234,4459,1863,1701,3564,1656,1704,3360,1235,2065,3300,421,1079,1500,24164,24920,49084
2020-08-08,3998,3633,7631,2135,2162,4297,3852,3706,7558,3972,3834,7806,3024,3030,6054,2258,2271,4529,1884,1725,3609,1670,1733,3403,1247,2103,3350,422,1105,1527,24462,25302,49764
2020-08-09,4032,3668,7700,2158,2175,4333,3888,3750,7638,4017,3868,7885,3056,3079,6135,2294,2310,4604,1903,1746,3649,1688,1759,3447,1263,2150,3413,426,1123,1549,24725,25628,50353
2020-08-10,4093,3722,7815,2196,2208,4404,3964,3821,7785,4093,3930,8023,3121,3141,6262,2343,2363,4706,1923,1769,3692,1703,1785,3488,1277,2175,3452,430,1137,1567,25143,26051,51194
2020-08-11,4145,3769,7914,2242,2236,4478,4040,3892,7932,4186,4006,8192,3189,3215,6404,2390,2411,4801,1964,1804,3768,1733,1840,3573,1295,2222,3517,437,1161,1598,25621,26556,52177
2020-08-12,4195,3821,8016,2285,2279,4564,4104,3972,8076,4245,4113,8358,3254,3281,6535,2434,2456,4890,1995,1836,3831,1749,1869,3618,1306,2243,3549,441,1177,1618,26008,27047,53055
2020-08-13,4235,3870,8105,2329,2316,4645,4196,4056,8252,4339,4220,8559,3316,3352,6668,2485,2508,4993,2021,1872,3893,1777,1889,3666,1319,2268,3587,446,1192,1638,26463,27543,54006
2020-08-14,4271,3913,8184,2360,2350,4710,4288,4150,8438,4415,4317,8732,3390,3405,6795,2533,2562,5095,2055,1907,3962,1801,1924,3725,1332,2289,3621,449,1205,1654,26894,28022,54916
2020-08-15,4323,3946,8269,2404,2386,4790,4334,4213,8547,4470,4393,8863,3431,3466,6897,2563,2598,5161,2083,1935,4018,1823,1965,3788,1347,2339,3686,453,1226,1679,27231,28467,55698
2020-08-16,4360,3972,8332,2423,2402,4825,4382,4259,8641,4513,4441,8954,3451,3504,6955,2588,2627,5215,2098,1959,4057,1839,1983,3822,1358,2372,3730,456,1246,1702,27468,28765,56233
2020-08-17,4399,3994,8393,2453,2427,4880,4442,4316,8758,4579,4508,9087,3507,3560,7067,2629,2680,5309,2115,1998,4113,1857,2000,3857,1369,2393,3762,456,1258,1714,27806,29134,56940
2020-08-18,4453,4046,8499,2489,2457,4946,4513,4381,8894,4674,4599,9273,3566,3625,7191,2663,2750,5413,2141,2032,4173,1880,2030,3910,1379,2414,3793,456,1274,1730,28214,29608,57822
2020-08-19,4509,4093,8602,2521,2495,5016,4564,4456,9020,4750,4669,9419,3616,3687,7303,2705,2787,5492,2164,2063,4227,1898,2069,3967,1396,2452,3848,462,1294,1756,28585,30065,58650
2020-08-20,4549,4140,8689,2551,2526,5077,4632,4535,9167,4813,4744,9557,3656,3743,7399,2743,2835,5578,2192,2097,4289,1917,2090,4007,1410,2476,3886,465,1307,1772,28928,30493,59421
2020-08-21,4588,4197,8785,2586,2556,5142,4692,4602,9294,4886,4826,9712,3719,3800,7519,2788,2895,5683,2229,2136,4365,1943,2130,4073,1423,2515,3938,469,1318,1787,29323,30975,60298
2020-08-22,4614,4223,8837,2614,2581,5195,4739,4653,9392,4935,4899,9834,3761,3844,7605,2816,2921,5737,2261,2162,4423,1959,2162,4121,1436,2538,3974,474,1338,1812,29609,31321,60930
2020-08-23,4646,4261,8907,2632,2595,5227,4772,4694,9466,4972,4942,9914,3796,3873,7669,2840,2955,5795,2283,2186,4469,1969,2185,4154,1449,2547,3996,479,1342,1821,29838,31580,61418
2020-08-24,4706,4318,9024,2670,2629,5299,4833,4769,9602,5042,5029,10071,3850,3943,7793,2896,2999,5895,2316,2230,4546,1991,2216,4207,1465,2575,4040,484,1362,1846,30253,32070,62323
2020-08-25,4748,4366,9114,2711,2659,5370,4901,4868,9769,5121,5122,10243,3907,4005,7912,2933,3054,5987,2343,2265,4608,2009,2240,4249,1481,2607,4088,490,1380,1870,30644,32566,63210
2020-08-26,4808,4401,9209,2749,2701,5450,4993,4947,9940,5203,5199,10402,3958,4074,8032,2979,3106,6085,2375,2299,4674,2034,2271,4305,1498,2637,4135,493,1396,1889,31090,33031,64121
2020-08-27,4862,4446,9308,2799,2749,5548,5080,5019,10099,5284,5276,10560,4028,4147,8175,3033,3158,6191,2401,2336,4737,2062,2295,4357,1516,2667,4183,498,1416,1914,31563,33509,65072
2020-08-28,4909,4490,9399,2851,2789,5640,5178,5124,10302,5366,5365,10731,4095,4232,8327,3088,3230,6318,2434,2380,4814,2097,2333,4430,1531,2698,4229,501,1426,1927,32050,34067,66117
2020-08-29,4944,4518,9462,2871,2812,5683,5245,5187,10432,5420,5452,10872,4155,4281,8436,3125,3268,6393,2470,2403,4873,2118,2355,4473,1541,2724,4265,505,1442,1947,32394,34442,66836
2020-08-30,4973,4559,9532,2903,2835,5738,5293,5237,10530,5475,5496,10971,4202,4332,8534,3158,3298,6456,2491,2430,4921,2132,2374,4506,1548,2739,4287,508,1449,1957,32683,34749,67432
2020-08-31,5023,4596,9619,2945,2872,5817,5378,5312,10690,5547,5575,11122,4261,4402,8663,3199,3342,6541,2522,2470,4992,2160,2412,4572,1569,2779,4348,510,1463,1973,33114,35223,68337
2020-09-01,5077,4644,9721,2975,2919,5894,5456,5395,10851,5646,5672,11318,4336,4465,8801,3242,3409,6651,2547,2497,5044,2178,2439,4617,1585,2827,4412,517,1479,1996,33559,35746,69305
2020-09-02,5123,4675,9798,3001,2948,5949,5523,5477,11000,5713,5761,11474,4388,4523,8911,3287,3456,6743,2570,2527,5097,2211,2464,4675,1599,2859,4458,520,1507,2027,33935,36197,70132
2020-09-03,5169,4714,9883,3046,2984,6030,5609,5571,11180,5816,5862,11678,4449,4588,9037,3338,3503,6841,2602,2564,5166,2234,2492,4726,1616,2892,4508,523,1517,2040,34402,36687,71089
2020-09-04,5219,4768,9987,3082,3024,6106,5682,5656,11338,5905,5954,11859,4517,4672,9189,3376,3553,6929,2640,2608,5248,2264,2520,4784,1633,2919,4552,527,1532,2059,34845,37206,72051
2020-09-05,5254,4797,10051,3102,3041,6143,5740,5713,11453,5967,6037,12004,4565,4746,9311,3405,3587,6992,2670,2639,5309,2286,2542,4828,1648,2942,4590,529,1540,2069,35166,37584,72750
2020-09-06,5288,4830,10118,3122,3064,6186,5773,5759,11532,6013,6080,12093,4599,4784,9383,3424,3619,7043,2690,2664,5354,2295,2570,4865,1661,2958,4619,530,1549,2079,35395,37877,73272
2020-09-07,5330,4871,10201,3154,3101,6255,5855,5846,11701,6108,6168,12276,4662,4862,9524,3473,3688,7161,2730,2704,5434,2317,2596,4913,1676,2989,4665,536,1563,2099,35841,38388,74229
2020-09-08,5372,4919,10291,3188,3141,6329,5931,5930,11861,6203,6261,12464,4725,4927,9652,3527,3741,7268,2762,2751,5513,2348,2627,4975,1695,3016,4711,541,1584,2125,36292,38897,75189
2020-09-09,5423,4961,10384,3220,3188,6408,6013,6008,12021,6286,6341,12627,4796,4993,9789,3581,3796,7377,2794,2797,5591,2371,2657,5028,1711,3053,4764,542,1604,2146,36737,39398,76135
2020-09-10,5465,4990,10455,3264,3223,6487,6111,6098,12209,6388,6449,12837,4876,5068,9944,3632,3849,7481,2820,2833,5653,2398,2687,5085,1721,3084,4805,544,1622,2166,37219,39903,77122
2020-09-11,5514,5033,10547,3313,3259,6572,6193,6164,12357,6466,6545,13011,4943,5150,10093,3684,3920,7604,2862,2869,5731,2426,2717,5143,1740,3117,4857,547,1631,2178,37688,40405,78093
2020-09-12,5550,5057,10607,3340,3287,6627,6235,6216,12451,6514,6609,13123,4973,5198,10171,3719,3963,7682,2893,2898,5791,2447,2739,5186,1753,3149,4902,549,1644,2193,37973,40760,78733
2020-09-13,5590,5091,10681,3360,3311,6671,6279,6273,12552,6559,6669,13228,5003,5238,10241,3753,3995,7748,2925,2926,5851,2463,2750,5213,1756,3165,4921,554,1653,2207,38242,41071,79313
2020-09-14,5642,5143,10785,3403,3349,6752,6354,6373,12727,6648,6752,13400,5058,5311,10369,3815,4062,7877,2969,2979,5948,2492,2782,5274,1778,3189,4967,555,1662,2217,38714,41602,80316
2020-09-15,5698,5176,10874,3433,3372,6805,6429,6432,12861,6722,6852,13574,5117,5368,10485,3853,4108,7961,3011,3020,6031,2518,2819,5337,1793,3223,5016,556,1674,2230,39130,42044,81174
2020-09-16,5757,5229,10986,3486,3426,6912,6520,6541,13061,6795,6958,13753,5188,5445,10633,3904,4165,8069,3050,3066,6116,2542,2843,5385,1809,3253,5062,559,1685,2244,39610,42611,82221
2020-09-17,5804,5268,11072,3516,3476,6992,6603,6617,13220,6865,7044,13909,5258,5540,10798,3966,4230,8196,3095,3112,6207,2572,2871,5443,1826,3274,5100,562,1693,2255,40067,43125,83192
2020-09-18,5863,5324,11187,3547,3526,7073,6682,6708,13390,6950,7157,14107,5320,5616,10936,4015,4285,8300,3128,3161,6289,2609,2899,5508,1838,3299,5137,565,1707,2272,40517,43682,84199
2020-09-19,5884,5367,11251,3571,3562,7133,6725,6749,13474,7003,7215,14218,5353,5646,10999,4041,4314,8355,3162,3193,6355,2627,2921,5548,1853,3319,5172,569,1714,2283,40788,44000,84788
2020-09-20,5917,5401,11318,3601,3594,7195,6767,6788,13555,7051,7253,14304,5387,5684,11071,4059,4349,8408,3177,3215,6392,2646,2941,5587,1858,3335,5193,572,1721,2293,41035,44281,85316
2020-09-21,5971,5445,11416,3638,3642,7280,6841,6857,13698,7130,7347,14477,5443,5758,11201,4106,4390,8496,3217,3261,6478,2676,2971,5647,1872,3354,5226,573,1733,2306,41467,44758,86225
2020-09-22,6032,5502,11534,3687,3692,7379,6921,6950,13871,7208,7430,14638,5513,5815,11328,4164,4445,8609,3264,3296,6560,2706,3008,5714,1886,3389,5275,576,1747,2323,41957,45274,87231
2020-09-23,6089,5546,11635,3724,3728,7452,6977,7037,14014,7279,7530,14809,5568,5876,11444,4210,4496,8706,3305,3339,6644,2726,3049,5775,1895,3413,5308,579,1756,2335,42352,45770,88122
2020-09-24,6151,5598,11749,3775,3778,7553,7061,7109,14170,7366,7623,14989,5634,5945,11579,4249,4540,8789,3327,3396,6723,2749,3081,5830,1917,3441,5358,586,1777,2363,42815,46288,89103
2020-09-25,6201,5638,11839,3814,3813,7627,7132,7192,14324,7440,7693,15133,5703,6008,11711,4292,4585,8877,3372,3445,6817,2773,3109,5882,1936,3467,5403,586,1788,2374,43249,46738,89987
2020-09-26,6229,5668,11897,3842,3839,7681,7175,7228,14403,7494,7742,15236,5742,6049,11791,4322,4630,8952,3400,3468,6868,2794,3123,5917,1944,3482,5426,590,1796,2386,43532,47025,90557
2020-09-27,6263,5704,11967,3861,3866,7727,7217,7282,14499,7539,7790,15329,5787,6092,11879,4349,4663,9012,3423,3490,6913,2800,3141,5941,1953,3496,5449,592,1802,2394,43784,47326,91110
2020-09-28,6316,5749,12065,3896,3893,7789,7271,7345,14616,7618,7866,15484,5865,6145,12010,4413,4723,9136,3469,3521,6990,2823,3168,5991,1969,3519,5488,596,1818,2414,44236,47747,91983
2020-09-29,6375,5803,12178,3944,3946,7890,7361,7417,14778,7722,7968,15690,5940,6208,12148,4462,4766,9228,3513,3567,7080,2853,3221,6074,1992,3556,5548,597,1841,2438,44759,48293,93052
2020-09-30,6436,5861,12297,3981,3988,7969,7440,7507,14947,7796,8045,15841,6000,6271,12271,4517,4826,9343,3554,3620,7174,2882,3253,6135,2006,3583,5589,600,1850,2450,45212,48804,94016
2020-10-01,6494,5933,12427,4023,4052,8075,7522,7609,15131,7889,8141,16030,6058,6339,12397,4564,4880,9444,3598,3669,7267,2914,3299,6213,2016,3600,5616,603,1861,2464,45681,49383,95064
2020-10-02,6570,5995,12565,4066,4095,8161,7596,7698,15294,7961,8232,16193,6112,6414,12526,4615,4924,9539,3641,3713,7354,2944,3341,6285,2028,3638,5666,607,1875,2482,46140,49925,96065
2020-10-03,6606,6032,12638,4094,4135,8229,7652,7750,15402,8016,8288,16304,6154,6456,12610,4656,4952,9608,3667,3743,7410,2967,3363,6330,2036,3661,5697,611,1880,2491,46459,50260,96719
2020-10-04,6645,6070,12715,4121,4161,8282,7707,7806,15513,8055,8335,16390,6193,6499,12692,4681,4979,9660,3689,3763,7452,2984,3381,6365,2045,3684,5729,612,1883,2495,46732,50561,97293
2020-10-05,6682,6119,12801,4157,4192,8349,7784,7873,15657,8156,8425,16581,6276,6566,12842,4738,5038,9776,3754,3807,7561,3019,3431,6450,2065,3715,5780,615,1890,2505,47246,51056,98302
2020-10-06,6726,6180,12906,4198,4238,8436,7857,7939,15796,8240,8507,16747,6360,6625,12985,4795,5093,9888,3799,3853,7652,3052,3468,6520,2083,3742,5825,621,1900,2521,47731,51545,99276
2020-10-07,6788,6222,13010,4232,4273,8505,7936,8020,15956,8331,8604,16935,6426,6698,13124,4842,5165,10007,3846,3900,7746,3080,3506,6586,2099,3768,5867,624,1907,2531,48204,52063,100267
2020-10-08,6848,6263,13111,4271,4312,8583,8001,8099,16100,8401,8689,17090,6494,6762,13256,4888,5216,10104,3888,3938,7826,3116,3541,6657,2110,3796,5906,628,1926,2554,48645,52542,101187
2020-10-09,6896,6323,13219,4321,4356,8677,8051,8191,16242,8485,8789,17274,6547,6832,13379,4927,5275,10202,3921,3980,7901,3144,3578,6722,2120,3819,5939,632,1942,2574,49044,53085,102129
2020-10-10,6921,6366,13287,4350,4380,8730,8104,8242,16346,8539,8840,17379,6591,6878,13469,4963,5320,10283,3948,4010,7958,3158,3602,6760,2136,3840,5976,638,1952,2590,49348,53430,102778
2020-10-11,6965,6399,13364,4376,4400,8776,8135,8299,16434,8583,8911,17494,6627,6916,13543,5000,5350,10350,3980,4034,8014,3174,3623,6797,2147,3858,6005,639,1958,2597,49626,53748,103374
2020-10-12,7004,6434,13438,4415,4429,8844,8186,8358,16544,8643,8968,17611,6664,6964,13628,5032,5398,10430,4023,4069,8092,3193,3655,6848,2162,3881,6043,639,1967,2606,49961,54123,104084
2020-10-13,7063,6491,13554,4463,4460,8923,8267,8432,16699,8729,9067,17796,6723,7038,13761,5099,5464,10563,4070,4117,8187,3226,3700,6926,2180,3919,6099,643,1980,2623,50463,54668,105131
2020-10-14,7112,6544,13656,4499,4501,9000,8336,8521,16857,8802,9146,17948,6773,7097,13870,5139,5513,10652,4113,4152,8265,3259,3742,7001,2197,3940,6137,643,1993,2636,50873,55149,106022
2020-10-15,7168,6592,13760,4537,4538,9075,8416,8603,17019,8894,9222,18116,6853,7170,14023,5202,5570,10772,4161,4201,8362,3285,3775,7060,2212,3968,6180,649,2003,2652,51377,55642,107019
2020-10-16,7237,6639,13876,4585,4591,9176,8524,8723,17247,8994,9299,18293,6923,7257,14180,5258,5635,10893,4208,4256,8464,3315,3822,7137,2233,4009,6242,651,2030,2681,51928,56261,108189
2020-10-17,7273,6674,13947,4617,4622,9239,8589,8779,17368,9057,9368,18425,6969,7305,14274,5290,5671,10961,4243,4294,8537,3347,3845,7192,2244,4031,6275,654,2037,2691,52283,56626,108909
2020-10-18,7303,6706,14009,4640,4638,9278,8615,8811,17426,9103,9433,18536,6993,7339,14332,5325,5689,11014,4265,4314,8579,3359,3862,7221,2252,4047,6299,655,2042,2697,52510,56881,109391
2020-10-19,7385,6766,14151,4683,4689,9372,8705,8912,17617,9203,9557,18760,7079,7457,14536,5387,5756,11143,4324,4364,8688,3395,3917,7312,2266,4082,6348,656,2051,2707,53083,57551,110634
2020-10-20,7449,6835,14284,4744,4736,9480,8804,9003,17807,9290,9651,18941,7161,7563,14724,5446,5817,11263,4374,4408,8782,3425,3962,7387,2290,4118,6408,656,2066,2722,53639,58159,111798
2020-10-21,7493,6875,14368,4805,4780,9585,8887,9094,17981,9362,9732,19094,7222,7632,14854,5501,5857,11358,4420,4449,8869,3455,3993,7448,2307,4150,6457,658,2070,2728,54110,58632,112742
2020-10-22,7537,6921,14458,4866,4840,9706,8950,9170,18120,9422,9817,19239,7284,7693,14977,5549,5907,11456,4445,4497,8942,3475,4026,7501,2320,4175,6495,661,2078,2739,54509,59124,113633
2020-10-23,7583,6959,14542,4902,4869,9771,8998,9226,18224,9477,9880,19357,7328,7760,15088,5588,5947,11535,4480,4540,9020,3508,4053,7561,2333,4194,6527,665,2093,2758,54862,59521,114383
2020-10-24,7612,6985,14597,4919,4890,9809,9042,9255,18297,9513,9924,19437,7361,7799,15160,5609,5979,11588,4500,4570,9070,3530,4076,7606,2340,4215,6555,667,2103,2770,55093,59796,114889
2020-10-25,7654,7014,14668,4940,4918,9858,9087,9298,18385,9548,9995,19543,7401,7836,15237,5633,6024,11657,4520,4598,9118,3550,4099,7649,2345,4228,6573,669,2105,2774,55347,60115,115462
2020-10-26,7707,7058,14765,4992,4962,9954,9149,9361,18510,9625,10079,19704,7450,7911,15361,5686,6087,11773,4561,4638,9199,3584,4136,7720,2356,4254,6610,670,2114,2784,55780,60600,116380
2020-10-27,7757,7112,14869,5028,4993,10021,9237,9446,18683,9689,10154,19843,7524,7979,15503,5739,6155,11894,4611,4698,9309,3614,4180,7794,2371,4281,6652,673,2120,2793,56243,61118,117361
2020-10-28,7806,7164,14970,5068,5031,10099,9303,9518,18821,9770,10244,20014,7570,8043,15613,5799,6216,12015,4651,4736,9387,3637,4212,7849,2382,4307,6689,676,2131,2807,56662,61602,118264
2020-10-29,7848,7204,15052,5103,5065,10168,9390,9596,18986,9853,10321,20174,7618,8116,15734,5841,6265,12106,4689,4777,9466,3656,4239,7895,2394,4331,6725,677,2138,2815,57069,62052,119121
2020-10-30,7892,7236,15128,5126,5104,10230,9441,9669,19110,9920,10395,20315,7677,8183,15860,5878,6319,12197,4729,4829,9558,3679,4271,7950,2412,4355,6767,681,2152,2833,57435,62513,119948
2020-10-31,7925,7260,15185,5144,5120,10264,9479,9701,19180,9957,10459,20416,7708,8223,15931,5903,6350,12253,4758,4869,9627,3700,4298,7998,2420,4370,6790,683,2161,2844,57677,62811,120488
2020-11-01,7978,7303,15281,5169,5153,10322,9533,9764,19297,10003,10515,20518,7751,8259,16010,5931,6389,12320,4780,4912,9692,3720,4321,8041,2427,4388,6815,686,2165,2851,57978,63169,121147
2020-11-02,8025,7358,15383,5209,5197,10406,9603,9845,19448,10083,10592,20675,7820,8328,16148,5975,6436,12411,4823,4963,9786,3755,4357,8112,2440,4406,6846,687,2175,2862,58420,63657,122077
2020-11-03,8059,7394,15453,5229,5232,10461,9655,9919,19574,10146,10656,20802,7871,8369,16240,6015,6474,12489,4858,4996,9854,3787,4389,8176,2457,4434,6891,688,2187,2875,58765,64050,122815
2020-11-04,8107,7440,15547,5264,5269,10533,9751,10009,19760,10223,10748,20971,7952,8447,16399,6077,6530,12607,4916,5051,9967,3821,4423,8244,2478,4468,6946,694,2200,2894,59283,64585,123868
2020-11-05,8168,7492,15660,5334,5326,10660,9863,10106,19969,10329,10837,21166,8035,8528,16563,6139,6599,12738,4957,5109,10066,3855,4458,8313,2495,4492,6987,698,2210,2908,59873,65157,125030
2020-11-06,8199,7535,15734,5368,5366,10734,9925,10159,20084,10373,10906,21279,8081,8566,16647,6180,6649,12829,4990,5157,10147,3887,4501,8388,2510,4522,7032,701,2216,2917,60214,65577,125791
2020-11-07,8235,7574,15809,5392,5397,10789,9971,10212,20183,10411,10965,21376,8129,8616,16745,6219,6695,12914,5033,5201,10234,3919,4529,8448,2530,4540,7070,708,2222,2930,60547,65951,126498
2020-11-08,8283,7629,15912,5412,5432,10844,10025,10272,20297,10466,11041,21507,8176,8665,16841,6253,6739,12992,5065,5246,10311,3940,4556,8496,2539,4555,7094,710,2227,2937,60869,66362,127231
2020-11-09,8353,7690,16043,5474,5473,10947,10092,10363,20455,10557,11140,21697,8250,8743,16993,6313,6802,13115,5112,5296,10408,3965,4595,8560,2565,4590,7155,714,2236,2950,61395,66928,128323
2020-11-10,8395,7729,16124,5516,5514,11030,10164,10419,20583,10637,11216,21853,8297,8793,17090,6357,6845,13202,5168,5337,10505,3992,4625,8617,2587,4615,7202,719,2248,2967,61832,67341,129173
2020-11-11,8452,7775,16227,5552,5559,11111,10246,10510,20756,10713,11290,22003,8369,8867,17236,6425,6905,13330,5202,5377,10579,4022,4661,8683,2606,4650,7256,724,2265,2989,62311,67859,130170
2020-11-12,8515,7828,16343,5588,5598,11186,10325,10598,20923,10823,11383,22206,8449,8945,17394,6480,6959,13439,5251,5434,10685,4055,4708,8763,2625,4686,7311,727,2276,3003,62838,68415,131253
2020-11-13,8573,7865,16438,5633,5643,11276,10408,10693,21101,10885,11470,22355,8510,9014,17524,6526,7011,13537,5306,5494,10800,4089,4753,8842,2645,4725,7370,732,2288,3020,63307,68956,132263
2020-11-14,8636,7919,16555,5662,5670,11332,10449,10750,21199,10951,11530,22481,8555,9067,17622,6564,7051,13615,5347,5518,10865,4113,4791,8904,2657,4745,7402,736,2291,3027,63670,69332,133002
2020-11-15,8693,7979,16672,5705,5695,11400,10509,10814,21323,11018,11589,22607,8609,9121,17730,6610,7100,13710,5394,5559,10953,4137,4825,8962,2667,4769,7436,736,2302,3038,64078,69753,133831
2020-11-16,8748,8037,16785,5761,5737,11498,10569,10872,21441,11095,11674,22769,8675,9183,17858,6644,7153,13797,5438,5599,11037,4168,4867,9035,2682,4794,7476,739,2315,3054,64519,70231,134750
2020-11-17,8806,8102,16908,5810,5782,11592,10655,10974,21629,11197,11779,22976,8749,9267,18016,6700,7216,13916,5501,5667,11168,4211,4919,9130,2700,4834,7534,744,2330,3074,65073,70870,135943
2020-11-18,8860,8156,17016,5869,5821,11690,10738,11062,21800,11295,11890,23185,8810,9337,18147,6751,7269,14020,5545,5712,11257,4256,4960,9216,2713,4875,7588,746,2335,3081,65583,71417,137000
2020-11-19,8923,8207,17130,5928,5873,11801,10827,11172,21999,11377,11988,23365,8878,9420,18298,6807,7329,14136,5585,5765,11350,4292,4991,9283,2735,4908,7643,749,2343,3092,66101,71996,138097
2020-11-20,8980,8254,17234,5964,5925,11889,10904,11252,22156,11458,12075,23533,8940,9504,18444,6854,7382,14236,5635,5806,11441,4321,5021,9342,2752,4937,7689,753,2356,3109,66561,72512,139073
2020-11-21,9025,8301,17326,5992,5964,11956,10955,11312,22267,11522,12132,23654,8986,9556,18542,6888,7426,14314,5670,5846,11516,4344,5041,9385,2761,4953,7714,756,2366,3122,66899,72897,139796
2020-11-22,9065,8334,17399,6019,5993,12012,11009,11356,22365,11568,12191,23759,9033,9596,18629,6918,7455,14373,5697,5887,11584,4366,5058,9424,2773,4973,7746,758,2375,3133,67206,73218,140424
2020-11-23,9120,8385,17505,6051,6033,12084,11064,11426,22490,11636,12252,23888,9085,9656,18741,6955,7502,14457,5732,5928,11660,4393,5090,9483,2791,5000,7791,762,2387,3149,67589,73659,141248
2020-11-24,9172,8451,17623,6100,6083,12183,11139,11518,22657,11740,12337,24077,9158,9717,18875,7013,7562,14575,5784,5984,11768,4432,5133,9565,2816,5033,7849,763,2394,3157,68117,74212,142329
2020-11-25,9234,8509,17743,6154,6132,12286,11226,11614,22840,11822,12429,24251,9223,9783,19006,7066,7608,14674,5834,6025,11859,4455,5177,9632,2834,5064,7898,769,2404,3173,68617,74745,143362
2020-11-26,9289,8569,17858,6211,6185,12396,11303,11703,23006,11915,12535,24450,9281,9857,19138,7122,7661,14783,5885,6074,11959,4491,5222,9713,2845,5093,7938,778,2414,3192,69120,75313,144433
2020-11-27,9332,8613,17945,6251,6220,12471,11378,11809,23187,11980,12612,24592,9334,9895,19229,7171,7711,14882,5921,6109,12030,4519,5254,9773,2858,5127,7985,782,2417,3199,69526,75767,145293
2020-11-28,9390,8646,18036,6288,6245,12533,11436,11874,23310,12025,12682,24707,9377,9953,19330,7224,7750,14974,5942,6137,12079,4541,5287,9828,2870,5150,8020,783,2424,3207,69876,76148,146024
2020-11-29,9447,8690,18137,6314,6279,12593,11501,11951,23452,12084,12761,24845,9439,10003,19442,7262,7792,15054,5989,6189,12178,4562,5320,9882,2885,5166,8051,784,2429,3213,70267,76580,146847
2020-11-30,9522,8751,18273,6380,6323,12703,11607,12066,23673,12182,12861,25043,9530,10094,19624,7323,7860,15183,6056,6260,12316,4618,5363,9981,2903,5197,8100,788,2438,3226,70909,77213,148122
2020-12-01,9565,8812,18377,6424,6379,12803,11706,12164,23870,12272,12968,25240,9605,10177,19782,7356,7911,15267,6118,6336,12454,4663,5410,10073,2931,5225,8156,791,2443,3234,71431,77825,149256
2020-12-02,9600,8843,18443,6461,6416,12877,11767,12240,24007,12334,13043,25377,9662,10239,19901,7392,7950,15342,6153,6367,12520,4692,5444,10136,2948,5243,8191,793,2452,3245,71802,78237,150039
2020-12-03,9645,8890,18535,6517,6461,12978,11856,12345,24201,12431,13156,25587,9739,10328,20067,7447,8003,15450,6211,6425,12636,4731,5479,10210,2962,5266,8228,794,2459,3253,72333,78812,151145
2020-12-04,9699,8941,18640,6570,6507,13077,11932,12428,24360,12514,13246,25760,9811,10411,20222,7507,8079,15586,6266,6499,12765,4777,5516,10293,2979,5296,8275,800,2469,3269,72855,79392,152247
2020-12-05,9742,8990,18732,6609,6546,13155,12010,12485,24495,12594,13322,25916,9865,10461,20326,7546,8115,15661,6299,6537,12836,4802,5540,10342,2987,5317,8304,805,2476,3281,73259,79789,153048
2020-12-06,9782,9039,18821,6642,6576,13218,12062,12539,24601,12644,13379,26023,9909,10516,20425,7574,8151,15725,6333,6578,12911,4828,5564,10392,3003,5334,8337,806,2481,3287,73583,80157,153740
2020-12-07,9816,9087,18903,6689,6612,13301,12139,12609,24748,12721,13450,26171,9956,10587,20543,7606,8188,15794,6362,6610,12972,4855,5594,10449,3017,5355,8372,808,2489,3297,73969,80581,154550
2020-12-08,9858,9132,18990,6714,6649,13363,12211,12688,24899,12785,13520,26305,10009,10635,20644,7650,8231,15881,6406,6652,13058,4874,5634,10508,3024,5375,8399,812,2495,3307,74343,81011,155354
2020-12-09,9914,9182,19096,6757,6692,13449,12315,12813,25128,12880,13627,26507,10090,10718,20808,7720,8312,16032,6478,6723,13201,4915,5689,10604,3044,5413,8457,814,2511,3325,74927,81680,156607
2020-12-10,9976,9227,19203,6815,6764,13579,12429,12932,25361,12993,13771,26764,10168,10824,20992,7797,8401,16198,6545,6791,13336,4952,5731,10683,3061,5461,8522,819,2520,3339,75555,82422,157977
2020-12-11,10033,9289,19322,6868,6817,13685,12547,13057,25604,13116,13886,27002,10260,10915,21175,7868,8494,16362,6616,6880,13496,4999,5788,10787,3080,5491,8571,821,2528,3349,76208,83145,159353
2020-12-12,10092,9338,19430,6915,6866,13781,12645,13157,25802,13210,14001,27211,10346,11006,21352,7937,8570,16507,6664,6960,13624,5033,5829,10862,3093,5516,8609,823,2537,3360,76758,83780,160538
2020-12-13,10148,9375,19523,6961,6918,13879,12717,13245,25962,13300,14097,27397,10411,11078,21489,7996,8640,16636,6714,7005,13719,5060,5856,10916,3109,5536,8645,829,2541,3370,77245,84291,161536
2020-12-14,10225,9426,19651,7019,6973,13992,12842,13374,26216,13430,14231,27661,10509,11186,21695,8076,8731,16807,6794,7085,13879,5115,5915,11030,3132,5564,8696,838,2554,3392,77980,85039,163019
2020-12-15,10282,9477,19759,7073,7029,14102,12944,13488,26432,13561,14353,27914,10603,11274,21877,8156,8826,16982,6873,7161,14034,5154,5959,11113,3143,5589,8732,841,2565,3406,78630,85721,164351
2020-12-16,10319,9530,19849,7145,7115,14260,13076,13633,26709,13704,14523,28227,10726,11405,22131,8246,8915,17161,6949,7247,14196,5200,6018,11218,3164,5613,8777,845,2574,3419,79374,86573,165947
2020-12-17,10387,9600,19987,7220,7190,14410,13197,13799,26996,13883,14726,28609,10862,11545,22407,8371,9014,17385,7010,7324,14334,5248,6062,11310,3176,5637,8813,847,2581,3428,80201,87478,167679
2020-12-18,10465,9660,20125,7300,7282,14582,13356,13980,27336,14060,14928,28988,11015,11699,22714,8489,9139,17628,7143,7443,14586,5315,6135,11450,3191,5677,8868,851,2588,3439,81185,88531,169716
2020-12-19,10530,9712,20242,7375,7347,14722,13474,14124,27598,14253,15127,29380,11139,11833,22972,8582,9231,17813,7222,7547,14769,5360,6195,11555,3204,5704,8908,854,2594,3448,81993,89414,171407
2020-12-20,10585,9779,20364,7448,7432,14880,13620,14258,27878,14441,15320,29761,11283,11993,23276,8705,9372,18077,7295,7637,14932,5408,6243,11651,3216,5719,8935,858,2601,3459,82859,90354,173213
2020-12-21,10661,9860,20521,7526,7506,15032,13802,14422,28224,14660,15568,30228,11446,12152,23598,8815,9513,18328,7422,7754,15176,5473,6314,11787,3228,5763,8991,863,2608,3471,83896,91460,175356
2020-12-22,10744,9945,20689,7631,7619,15250,14001,14628,28629,14892,15834,30726,11620,12323,23943,8950,9652,18602,7540,7888,15428,5540,6367,11907,3244,5793,9037,867,2614,3481,85029,92663,177692
2020-12-23,10840,10028,20868,7737,7723,15460,14206,14849,29055,15158,16085,31243,11808,12524,24332,9073,9781,18854,7642,8020,15662,5597,6431,12028,3271,5832,9103,874,2628,3502,86206,93901,180107
2020-12-24,10889,10077,20966,7787,7785,15572,14334,14977,29311,15324,16224,31548,11926,12626,24552,9131,9860,18991,7692,8095,15787,5639,6457,12096,3276,5849,9125,875,2632,3507,86873,94582,181455
2020-12-25,10918,10097,21015,7808,7806,15614,14367,15009,29376,15363,16282,31645,11962,12651,24613,9161,9892,19053,7709,8116,15825,5652,6467,12119,3281,5867,9148,880,2636,3516,87101,94823,181924
2020-12-26,10987,10159,21146,7911,7916,15827,14527,15191,29718,15590,16514,32104,12116,12823,24939,9293,10014,19307,7791,8220,16011,5704,6528,12232,3300,5901,9201,881,2647,3528,88100,95913,184013
2020-12-27,11032,10197,21229,8029,8017,16046,14685,15343,30028,15825,16723,32548,12311,13008,25319,9407,10163,19570,7896,8326,16222,5755,6600,12355,3319,5932,9251,884,2658,3542,89143,96967,186110
2020-12-28,11130,10280,21410,8187,8185,16372,14941,15588,30529,16150,17055,33205,12553,13246,25799,9573,10365,19938,8020,8483,16503,5824,6690,12514,3350,5982,9332,886,2677,3563,90614,98551,189165
2020-12-29,11206,10357,21563,8335,8343,16678,15190,15850,31040,16415,17333,33748,12787,13499,26286,9733,10523,20256,8150,8630,16780,5898,6782,12680,3370,6032,9402,893,2691,3584,91977,100040,192017
2020-12-30,11285,10420,21705,8509,8513,17022,15435,16122,31557,16745,17648,34393,13008,13732,26740,9900,10728,20628,8282,8766,17048,5973,6865,12838,3394,6075,9469,896,2704,3600,93427,101573,195000
2020-12-31,11348,10475,21823,8633,8625,17258,15630,16299,31929,16933,17886,34819,13180,13912,27092,10013,10842,20855,8341,8838,17179,6009,6913,12922,3412,6100,9512,896,2712,3608,94395,102602,196997
2021-01-01,11376,10494,21870,8668,8656,17324,15668,16355,32023,16986,17949,34935,13227,13959,27186,10048,10889,20937,8364,8856,17220,6026,6932,12958,3417,6114,9531,897,2716,3613,94677,102920,197597
2021-01-02,11444,10548,21992,8781,8775,17556,15837,16550,32387,17212,18190,35402,13393,14141,27534,10173,11025,21198,8496,8988,17484,6090,7010,13100,3432,6146,9578,902,2725,3627,95760,104098,199858
2021-01-03,11491,10606,22097,8931,8934,17865,16084,16837,32921,17540,18497,36037,13637,14427,28064,10349,11237,21586,8646,9172,17818,6157,7108,13265,3457,6186,9643,905,2735,3640,97197,105739,202936
2021-01-04,11572,10679,22251,9078,9069,18147,16438,17223,33661,17937,18904,36841,13907,14727,28634,10526,11467,21993,8793,9336,18129,6248,7213,13461,3487,6255,9742,910,2748,3658,98896,107621,206517
2021-01-05,11644,10755,22399,9268,9258,18526,16838,17642,34480,18339,19311,37650,14191,15057,29248,10724,11682,22406,8949,9567,18516,6343,7329,13672,3520,6317,9837,918,2760,3678,100734,109678,210412
2021-01-06,11723,10818,22541,9462,9441,18903,17203,18030,35233,18735,19678,38413,14481,15350,29831,10960,11935,22895,9114,9768,18882,6439,7457,13896,3549,6374,9923,922,2779,3701,102588,111630,214218
2021-01-07,11803,10886,22689,9619,9616,19235,17535,18383,35918,19101,20040,39141,14744,15611,30355,11121,12128,23249,9250,9948,19198,6511,7567,14078,3579,6426,10005,925,2791,3716,104188,113396,217584
2021-01-08,11880,10956,22836,9805,9797,19602,17884,18734,36618,19411,20398,39809,14967,15914,30881,11291,12329,23620,9375,10107,19482,6577,7666,14243,3612,6461,10073,930,2799,3729,105732,115161,220893
2021-01-09,11933,11018,22951,9949,9963,19912,18165,19052,37217,19753,20766,40519,15200,16181,31381,11469,12542,24011,9494,10270,19764,6627,7745,14372,3633,6506,10139,930,2811,3741,107153,116854,224007
2021-01-10,11997,11085,23082,10147,10167,20314,18429,19340,37769,20055,21109,41164,15427,16451,31878,11626,12722,24348,9608,10391,19999,6662,7818,14480,3645,6541,10186,934,2825,3759,108530,118449,226979
2021-01-11,12084,11144,23228,10351,10391,20742,18823,19750,38573,20483,21547,42030,15717,16768,32485,11837,12977,24814,9753,10565,20318,6748,7902,14650,3671,6597,10268,937,2846,3783,110404,120487,230891
2021-01-12,12182,11206,23388,10532,10599,21131,19153,20154,39307,20795,21887,42682,15959,17058,33017,12032,13213,25245,9912,10700,20612,6812,7992,14804,3702,6631,10333,942,2856,3798,112021,122296,234317
2021-01-13,12287,11301,23588,10754,10847,21601,19550,20548,40098,21156,22290,43446,16260,17356,33616,12243,13460,25703,10073,10901,20974,6885,8073,14958,3722,6679,10401,946,2859,3805,113876,124314,238190
2021-01-14,12363,11385,23748,10985,11105,22090,19907,20963,40870,21517,22691,44208,16529,17668,34197,12475,13719,26194,10226,11088,21314,6956,8162,15118,3744,6717,10461,950,2866,3816,115652,126364,242016
2021-01-15,12456,11463,23919,11344,11469,22813,20357,21448,41805,22050,23277,45327,16937,18127,35064,12785,14047,26832,10384,11302,21686,7042,8274,15316,3764,6768,10532,954,2876,3830,118073,129051,247124
2021-01-16,12512,11503,24015,11767,11883,23650,20710,21882,42592,22516,23803,46319,17393,18606,35999,13103,14348,27451,10576,11516,22092,7141,8379,15520,3789,6810,10599,956,2886,3842,120463,131616,252079
2021-01-17,12575,11544,24119,12109,12269,24378,21085,22354,43439,22939,24279,47218,17859,19131,36990,13415,14647,28062,10720,11678,22398,7213,8464,15677,3808,6836,10644,958,2891,3849,122681,134093,256774
2021-01-18,12660,11627,24287,12550,12717,25267,21615,22935,44550,23522,24915,48437,18427,19684,38111,13807,15063,28870,10973,11959,22932,7332,8600,15932,3846,6899,10745,962,2904,3866,125694,137303,262997
2021-01-19,12761,11709,24470,13045,13230,26275,22228,23627,45855,24248,25692,49940,19055,20396,39451,14241,15587,29828,11277,12308,23585,7462,8765,16227,3876,6963,10839,969,2919,3888,129162,141196,270358
2021-01-20,12862,11797,24659,13573,13764,27337,22856,24350,47206,24991,26488,51479,19715,21101,40816,14732,16152,30884,11637,12672,24309,7627,8953,16580,3914,7019,10933,976,2936,3912,132883,145232,278115
2021-01-21,12979,11881,24860,13941,14208,28149,23461,24989,48450,25583,27147,52730,20200,21714,41914,15076,16645,31721,11896,12931,24827,7736,9074,16810,3957,7083,11040,983,2960,3943,135812,148632,284444
2021-01-22,13064,11967,25031,14358,14620,28978,23938,25595,49533,26075,27765,53840,20684,22260,42944,15412,17018,32430,12135,13192,25327,7841,9195,17036,3984,7139,11123,990,2966,3956,138481,151717,290198
2021-01-23,13114,12016,25130,14796,15074,29870,24451,26226,50677,26597,28367,54964,21142,22760,43902,15776,17458,33234,12307,13409,25716,7901,9271,17172,4005,7176,11181,993,2974,3967,141082,154731,295813
2021-01-24,13176,12069,25245,15343,15618,30961,25005,26878,51883,27151,29033,56184,21734,23398,45132,16197,17912,34109,12526,13637,26163,7982,9378,17360,4032,7216,11248,996,2980,3976,144142,158119,302261
2021-01-25,13262,12173,25435,15984,16244,32228,25803,27756,53559,27879,29890,57769,22389,24157,46546,16642,18469,35111,12803,13941,26744,8120,9533,17653,4075,7292,11367,1004,3001,4005,147961,162456,310417
2021-01-26,13377,12269,25646,16528,16792,33320,26441,28455,54896,28487,30551,59038,22959,24811,47770,17068,18962,36030,13077,14256,27333,8249,9680,17929,4112,7364,11476,1008,3018,4026,151306,166158,317464
2021-01-27,13494,12366,25860,16987,17249,34236,27007,29120,56127,29071,31271,60342,23460,25431,48891,17452,19406,36858,13319,14516,27835,8345,9796,18141,4152,7431,11583,1010,3040,4050,154297,169626,323923
2021-01-28,13582,12447,26029,17385,17674,35059,27501,29691,57192,29575,31839,61414,23865,25937,49802,17783,19796,37579,13558,14774,28332,8466,9939,18405,4188,7481,11669,1016,3057,4073,156919,172635,329554
2021-01-29,13652,12539,26191,17962,18244,36206,28131,30433,58564,30275,32628,62903,24476,26659,51135,18284,20334,38618,13844,15102,28946,8587,10106,18693,4215,7552,11767,1023,3070,4093,160449,176667,337116
2021-01-30,13715,12587,26302,18725,19044,37769,28715,31166,59881,31026,33533,64559,25294,27598,52892,18852,20953,39805,14147,15473,29620,8711,10264,18975,4246,7605,11851,1025,3079,4104,164456,181302,345758
2021-01-31,13771,12645,26416,19880,20274,40154,29522,32090,61612,31994,34690,66684,26500,29009,55509,19630,21797,41427,14496,15846,30342,8833,10414,19247,4273,7662,11935,1027,3094,4121,169926,187521,357447
2021-02-01,13852,12722,26574,20815,21361,42176,30256,33055,63311,32931,35779,68710,27567,30240,57807,20397,22587,42984,14896,16309,31205,8976,10627,19603,4327,7719,12046,1029,3104,4133,175046,193503,368549
2021-02-02,13936,12804,26740,21588,22266,43854,30945,33867,64812,33799,36826,70625,28601,31375,59976,21085,23366,44451,15335,16767,32102,9196,10873,20069,4378,7797,12175,1033,3116,4149,179896,199057,378953
2021-02-03,14002,12890,26892,22217,22897,45114,31563,34630,66193,34557,37702,72259,29350,32248,61598,21643,24051,45694,15732,17194,32926,9378,11091,20469,4422,7878,12300,1039,3133,4172,183903,203714,387617
2021-02-04,14078,12965,27043,22592,23294,45886,32036,35245,67281,35110,38339,73449,29791,32881,62672,22025,24529,46554,15966,17505,33471,9505,11254,20759,4450,7925,12375,1044,3152,4196,186597,207089,393686
2021-02-05,14157,13034,27191,22936,23665,46601,32494,35814,68308,35589,38921,74510,30234,33380,63614,22362,24923,47285,16202,17790,33992,9623,11392,21015,4469,7980,12449,1045,3163,4208,189111,210062,399173
2021-02-06,14208,13079,27287,23327,24133,47460,32907,36330,69237,36068,39549,75617,30702,33960,64662,22741,25365,48106,16413,18023,34436,9719,11508,21227,4495,8026,12521,1046,3170,4216,191626,213143,404769
2021-02-07,14259,13139,27398,23766,24601,48367,33317,36864,70181,36618,40204,76822,31221,34553,65774,23113,25806,48919,16604,18230,34834,9811,11606,21417,4517,8057,12574,1052,3176,4228,194278,216236,410514
2021-02-08,14359,13218,27577,24344,25276,49620,33960,37629,71589,37403,41220,78623,32027,35476,67503,23580,26399,49979,16888,18571,35459,9949,11760,21709,4551,8128,12679,1056,3197,4253,198117,220874,418991
2021-02-09,14457,13280,27737,24821,25808,50629,34541,38310,72851,38157,42084,80241,32671,36278,68949,24052,26974,51026,17215,18919,36134,10097,11923,22020,4590,8200,12790,1061,3213,4274,201662,224989,426651
2021-02-10,14529,13341,27870,25185,26196,51381,35011,38902,73913,38772,42834,81606,33241,36988,70229,24406,27454,51860,17463,19218,36681,10231,12063,22294,4624,8255,12879,1062,3226,4288,204524,228477,433001
2021-02-11,14602,13401,28003,25489,26591,52080,35419,39491,74910,39361,43514,82875,33763,37643,71406,24706,27921,52627,17702,19484,37186,10343,12192,22535,4656,8312,12968,1066,3237,4303,207107,231786,438893
2021-02-12,14681,13471,28152,25848,27001,52849,35842,39978,75820,39956,44221,84177,34307,38290,72597,25047,28387,53434,17923,19774,37697,10454,12323,22777,4693,8368,13061,1069,3252,4321,209820,235065,444885
2021-02-13,14733,13513,28246,26318,27555,53873,36257,40498,76755,40645,45076,85721,34945,39143,74088,25457,28864,54321,18166,20045,38211,10539,12435,22974,4718,8409,13127,1074,3263,4337,212852,238801,451653
2021-02-14,14782,13553,28335,26839,28122,54961,36600,41011,77611,41311,45922,87233,35697,40033,75730,25867,29366,55233,18424,20322,38746,10654,12575,23229,4737,8439,13176,1077,3276,4353,215988,242619,458607
2021-02-15,14824,13615,28439,27472,28819,56291,37134,41687,78821,42155,46949,89104,36634,41135,77769,26414,29980,56394,18687,20639,39326,10753,12721,23474,4766,8504,13270,1079,3289,4368,219918,247338,467256
2021-02-16,14876,13652,28528,28167,29455,57622,37854,42683,80537,43225,48174,91399,37606,42255,79861,26946,30559,57505,18949,20911,39860,10850,12862,23712,4786,8547,13333,1087,3294,4381,224346,252392,476738
2021-02-17,14948,13737,28685,28634,29980,58614,38775,43825,82600,44113,49213,93326,38331,43043,81374,27425,31129,58554,19299,21296,40595,10987,13043,24030,4814,8621,13435,1093,3314,4407,228419,257201,485620
2021-02-18,15023,13807,28830,29020,30431,59451,39476,44684,84160,44898,50166,95064,38957,43773,82730,27897,31628,59525,19597,21649,41246,11140,13218,24358,4853,8682,13535,1097,3327,4424,231958,261365,493323
2021-02-19,15108,13868,28976,29340,30885,60225,40096,45424,85520,45596,51026,96622,39516,44469,83985,28299,32143,60442,19890,21985,41875,11275,13392,24667,4888,8737,13625,1102,3341,4443,235110,265270,500380
2021-02-20,15173,13918,29091,29647,31281,60928,40607,46080,86687,46165,51809,97974,40038,45135,85173,28669,32641,61310,20110,22304,42414,11366,13503,24869,4913,8777,13690,1106,3345,4451,237794,268793,506587
2021-02-21,15252,13962,29214,29954,31662,61616,41108,46771,87879,46809,52586,99395,40567,45784,86351,29012,33077,62089,20360,22579,42939,11454,13621,25075,4940,8816,13756,1112,3354,4466,240568,272212,512780
2021-02-22,15351,14069,29420,30277,32077,62354,41692,47548,89240,47506,53448,100954,41127,46474,87601,29420,33566,62986,20636,22919,43555,11583,13765,25348,4990,8867,13857,1115,3364,4479,243697,276097,519794
2021-02-23,15453,14155,29608,30567,32398,62965,42231,48206,90437,48095,54200,102295,41584,47031,88615,29779,34037,63816,20921,23246,44167,11708,13930,25638,5025,8929,13954,1123,3382,4505,246486,279514,526000
2021-02-24,15537,14264,29801,30841,32716,63557,42657,48730,91387,48627,54803,103430,41971,47518,89489,30095,34418,64513,21167,23522,44689,11830,14070,25900,5056,8979,14035,1126,3391,4517,248907,282411,531318
2021-02-25,15657,14376,30033,31053,32970,64023,43086,49229,92315,49047,55295,104342,42311,47923,90234,30374,34756,65130,21366,23782,45148,11928,14198,26126,5085,9024,14109,1130,3406,4536,251037,284959,535996
2021-02-26,15753,14480,30233,31256,33225,64481,43480,49731,93211,49528,55826,105354,42666,48375,91041,30657,35114,65771,21593,24087,45680,12040,14336,26376,5113,9076,14189,1132,3425,4557,253218,287675,540893
2021-02-27,15821,14543,30364,31485,33546,65031,43892,50286,94178,50070,56466,106536,43019,48830,91849,31003,35549,66552,21854,24407,46261,12150,14467,26617,5138,9134,14272,1134,3433,4567,255566,290661,546227
2021-02-28,15896,14614,30510,31831,33959,65790,44380,50926,95306,50790,57323,108113,43557,49521,93078,31480,36156,67636,22210,24798,47008,12315,14647,26962,5175,9182,14357,1137,3441,4578,258771,294567,553338
2021-03-01,16046,14735,30781,32056,34232,66288,44779,51396,96175,51288,57847,109135,43908,49955,93863,31739,36505,68244,22440,25058,47498,12404,14794,27198,5201,9242,14443,1143,3461,4604,261004,297225,558229
2021-03-02,16212,14871,31083,32306,34498,66804,45182,51866,97048,51721,58349,110070,44257,50346,94603,32002,36871,68873,22618,25318,47936,12500,14887,27387,5240,9297,14537,1146,3470,4616,263184,299773,562957
2021-03-03,16362,14991,31353,32481,34740,67221,45488,52287,97775,52107,58776,110883,44533,50689,95222,32261,37200,69461,22865,25620,48485,12621,15019,27640,5265,9341,14606,1147,3483,4630,265130,302146,567276
2021-03-04,16486,15112,31598,32664,34966,67630,45799,52639,98438,52461,59188,111649,44794,51014,95808,32474,37524,69998,23072,25912,48984,12737,15170,27907,5293,9386,14679,1152,3503,4655,266932,304414,571346
2021-03-05,16615,15225,31840,32861,35197,68058,46118,53074,99192,52847,59625,112472,45034,51322,96356,32721,37836,70557,23287,26151,49438,12843,15292,28135,5321,9434,14755,1152,3512,4664,268799,306668,575467
2021-03-06,16697,15295,31992,32994,35354,68348,46402,53404,99806,53177,59997,113174,45265,51617,96882,32905,38094,70999,23423,26316,49739,12913,15387,28300,5347,9466,14813,1154,3520,4674,270277,308450,578727
2021-03-07,16783,15372,32155,33144,35539,68683,46688,53782,100470,53545,60421,113966,45457,51938,97395,33120,38405,71525,23626,26547,50173,12993,15490,28483,5369,9508,14877,1158,3524,4682,271883,310526,582409
2021-03-08,16948,15521,32469,33338,35805,69143,47018,54252,101270,53957,60919,114876,45798,52300,98098,33411,38784,72195,23901,26834,50735,13113,15620,28733,5394,9557,14951,1162,3537,4699,274040,313129,587169
2021-03-09,17134,15696,32830,33540,36021,69561,47363,54633,101996,54376,61387,115763,46121,52656,98777,33684,39133,72817,24158,27189,51347,13266,15766,29032,5424,9605,15029,1166,3547,4713,276232,315633,591865
2021-03-10,17342,15874,33216,33751,36250,70001,47680,55005,102685,54799,61837,116636,46384,52990,99374,33941,39475,73416,24404,27449,51853,13378,15912,29290,5456,9660,15116,1169,3558,4727,278304,318010,596314
2021-03-11,17501,16051,33552,33911,36442,70353,47953,55384,103337,55098,62217,117315,46598,53281,99879,34122,39727,73849,24565,27681,52246,13473,16016,29489,5487,9698,15185,1173,3574,4747,279881,320071,599952
2021-03-12,17710,16245,33955,34112,36700,70812,48246,55793,104039,55483,62673,118156,46871,53617,100488,34343,40056,74399,24780,27959,52739,13584,16140,29724,5518,9754,15272,1177,3586,4763,281824,322523,604347
2021-03-13,17839,16360,34199,34254,36884,71138,48554,56166,104720,55869,63086,118955,47128,53905,101033,34554,40363,74917,25000,28215,53215,13668,16243,29911,5538,9797,15335,1182,3589,4771,283586,324608,608194
2021-03-14,17956,16515,34471,34406,37064,71470,48819,56590,105409,56271,63555,119826,47375,54236,101611,34832,40694,75526,25224,28509,53733,13763,16367,30130,5559,9839,15398,1187,3599,4786,285392,326968,612360
2021-03-15,18212,16734,34946,34630,37298,71928,49170,57099,106269,56712,64072,120784,47699,54666,102365,35129,41080,76209,25496,28817,54313,13881,16551,30432,5586,9896,15482,1191,3613,4804,287706,329826,617532
2021-03-16,18448,16953,35401,34832,37554,72386,49463,57498,106961,57135,64536,121671,47980,54982,102962,35397,41415,76812,25724,29111,54835,13992,16691,30683,5612,9956,15568,1198,3631,4829,289781,332327,622108
2021-03-17,18624,17115,35739,35034,37787,72821,49765,57901,107666,57468,64921,122389,48229,55280,103509,35621,41711,77332,25933,29374,55307,14086,16818,30904,5641,10003,15644,1201,3644,4845,291602,334554,626156
2021-03-18,18793,17268,36061,35197,37974,73171,50034,58248,108282,57798,65260,123058,48464,55544,104008,35796,41950,77746,26118,29591,55709,14180,16932,31112,5658,10045,15703,1205,3653,4858,293243,336465,629708
2021-03-19,18963,17435,36398,35427,38202,73629,50308,58638,108946,58119,65666,123785,48706,55840,104546,35995,42222,78217,26292,29817,56109,14267,17030,31297,5683,10080,15763,1210,3664,4874,294970,338594,633564
2021-03-20,19048,17518,36566,35573,38380,73953,50550,58928,109478,58404,66013,124417,48928,56098,105026,36183,42457,78640,26460,29997,56457,14355,17117,31472,5702,10113,15815,1219,3672,4891,296422,340293,636715
2021-03-21,19169,17625,36794,35697,38535,74232,50818,59232,110050,58753,66382,125135,49138,56354,105492,36382,42728,79110,26625,30209,56834,14412,17197,31609,5722,10145,15867,1222,3681,4903,297938,342088,640026
2021-03-22,19355,17825,37180,35928,38738,74666,51144,59662,110806,59157,66823,125980,49420,56666,106086,36644,43076,79720,26822,30454,57276,14514,17322,31836,5750,10213,15963,1226,3707,4933,299960,344486,644446
2021-03-23,19540,17998,37538,36140,38965,75105,51445,60032,111477,59500,67240,126740,49688,56935,106623,36879,43345,80224,27037,30733,57770,14629,17462,32091,5777,10247,16024,1227,3724,4951,301862,346681,648543
2021-03-24,19667,18124,37791,36312,39137,75449,51665,60312,111977,59786,67571,127357,49876,57189,107065,37043,43569,80612,27153,30886,58039,14698,17563,32261,5792,10298,16090,1228,3740,4968,303220,348389,651609
2021-03-25,19813,18269,38082,36505,39374,75879,51924,60689,112613,60119,67954,128073,50147,57521,107668,37247,43817,81064,27310,31083,58393,14786,17663,32449,5820,10336,16156,1232,3743,4975,304903,350449,655352
2021-03-26,20003,18439,38442,36730,39645,76375,52221,61081,113302,60486,68374,128860,50386,57875,108261,37436,44088,81524,27472,31304,58776,14884,17779,32663,5854,10382,16236,1235,3759,4994,306707,352726,659433
2021-03-27,20136,18557,38693,36860,39808,76668,52490,61387,113877,60819,68768,129587,50617,58180,108797,37622,44347,81969,27653,31505,59158,14952,17882,32834,5875,10427,16302,1240,3765,5005,308264,354626,662890
2021-03-28,20243,18646,38889,36983,39978,76961,52715,61687,114402,61131,69161,130292,50866,58448,109314,37803,44621,82424,27803,31703,59506,15013,17941,32954,5895,10460,16355,1243,3774,5017,309695,356419,666114
2021-03-29,20419,18818,39237,37231,40195,77426,53012,62076,115088,61509,69576,131085,51114,58789,109903,38033,44909,82942,27966,31946,59912,15079,18012,33091,5915,10500,16415,1244,3781,5025,311522,358602,670124
2021-03-30,20591,18969,39560,37441,40420,77861,53260,62404,115664,61835,69962,131797,51345,59078,110423,38232,45141,83373,28116,32140,60256,15138,18100,33238,5938,10533,16471,1249,3789,5038,313145,360536,673681
2021-03-31,20731,19093,39824,37604,40581,78185,53543,62743,116286,62167,70355,132522,51554,59374,110928,38381,45357,83738,28205,32264,60469,15177,18153,33330,5959,10561,16520,1250,3800,5050,314571,362281,676852
2021-04-01,20841,19230,40071,37790,40779,78569,53845,63098,116943,62506,70720,133226,51783,59666,111449,38567,45596,84163,28341,32431,60772,15236,18237,33473,5973,10584,16557,1254,3811,5065,316136,364152,680288
2021-04-02,20972,19328,40300,37963,40986,78949,54119,63415,117534,62834,71045,133879,52010,59925,111935,38738,45844,84582,28478,32567,61045,15289,18288,33577,5991,10604,16595,1256,3819,5075,317650,365821,683471
2021-04-03,21075,19436,40511,38127,41201,79328,54408,63734,118142,63147,71418,134565,52248,60233,112481,38915,46070,84985,28623,32711,61334,15338,18365,33703,6011,10646,16657,1262,3825,5087,319154,367639,686793
2021-04-04,21211,19552,40763,38442,41548,79990,54806,64280,119086,63641,72020,135661,52642,60717,113359,39144,46373,85517,28753,32889,61642,15393,18430,33823,6028,10683,16711,1262,3834,5096,321322,370326,691648
2021-04-05,21375,19747,41122,38859,41995,80854,55329,64941,120270,64242,72650,136892,53116,61310,114426,39439,46765,86204,28933,33115,62048,15476,18521,33997,6049,10727,16776,1266,3844,5110,324084,373615,697699
2021-04-06,21562,19953,41515,39196,42358,81554,55901,65510,121411,64835,73331,138166,53574,61798,115372,39744,47140,86884,29137,33417,62554,15582,18653,34235,6077,10776,16853,1269,3859,5128,326877,376795,703672
2021-04-07,21758,20159,41917,39564,42730,82294,56432,66109,122541,65369,73962,139331,54027,62305,116332,40041,47560,87601,29311,33687,62998,15672,18769,34441,6095,10825,16920,1271,3873,5144,329540,379979,709519
2021-04-08,21944,20326,42270,39835,43042,82877,56842,66655,123497,65854,74570,140424,54396,62686,117082,40301,47895,88196,29482,33906,63388,15748,18885,34633,6121,10870,16991,1273,3886,5159,331796,382721,714517
2021-04-09,22090,20472,42562,40036,43292,83328,57120,67039,124159,66174,74913,141087,54660,62985,117645,40468,48127,88595,29602,34053,63655,15804,18955,34759,6130,10900,17030,1276,3892,5168,333360,384628,717988
2021-04-10,22205,20575,42780,40230,43528,83758,57430,67404,124834,66557,75296,141853,54906,63295,118201,40640,48374,89014,29734,34198,63932,15835,19004,34839,6139,10922,17061,1278,3896,5174,334954,386492,721446
2021-04-11,22301,20680,42981,40408,43730,84138,57665,67688,125353,66853,75686,142539,55168,63578,118746,40811,48594,89405,29859,34334,64193,15868,19049,34917,6153,10948,17101,1280,3902,5182,336366,388189,724555
2021-04-12,22471,20839,43310,40663,43957,84620,57983,68092,126075,67216,76115,143331,55474,63977,119451,41035,48904,89939,30008,34511,64519,15913,19136,35049,6170,10989,17159,1285,3913,5198,338218,390433,728651
2021-04-13,22635,20962,43597,40851,44154,85005,58298,68460,126758,67614,76551,144165,55748,64336,120084,41251,49181,90432,30122,34631,64753,15975,19185,35160,6187,11011,17198,1289,3921,5210,339970,392392,732362
2021-04-14,22791,21081,43872,41022,44315,85337,58486,68689,127175,67839,76810,144649,55912,64562,120474,41386,49377,90763,30273,34774,65047,16032,19269,35301,6211,11041,17252,1293,3928,5221,341245,393846,735091
2021-04-15,22968,21250,44218,41230,44596,85826,58820,69113,127933,68223,77276,145499,56265,64997,121262,41651,49704,91355,30433,34948,65381,16079,19346,35425,6230,11080,17310,1295,3938,5233,343194,396248,739442
2021-04-16,23134,21416,44550,41423,44816,86239,59200,69546,128746,68634,77765,146399,56586,65372,121958,41904,50031,91935,30619,35173,65792,16130,19428,35558,6243,11111,17354,1299,3948,5247,345172,398606,743778
2021-04-17,23283,21545,44828,41596,44993,86589,59468,69862,129330,69027,78143,147170,56858,65718,122576,42105,50278,92383,30747,35333,66080,16182,19511,35693,6261,11161,17422,1304,3956,5260,346831,400500,747331
2021-04-18,23376,21674,45050,41739,45133,86872,59714,70147,129861,69323,78518,147841,57137,66008,123145,42288,50494,92782,30880,35491,66371,16232,19574,35806,6287,11191,17478,1307,3964,5271,348283,402194,750477
2021-04-19,23571,21825,45396,41963,45379,87342,60046,70537,130583,69731,78984,148715,57485,66362,123847,42536,50806,93342,31040,35711,66751,16293,19668,35961,6303,11242,17545,1310,3981,5291,350278,404495,754773
2021-04-20,23760,22025,45785,42156,45571,87727,60336,70899,131235,70051,79382,149433,57780,66708,124488,42752,51073,93825,31218,35943,67161,16360,19753,36113,6341,11272,17613,1314,3987,5301,352068,406613,758681
2021-04-21,23919,22160,46079,42301,45724,88025,60588,71177,131765,70304,79723,150027,58030,66993,125023,42923,51319,94242,31350,36114,67464,16417,19818,36235,6358,11314,17672,1316,3994,5310,353506,408336,761842
2021-04-22,24099,22328,46427,42522,45940,88462,60864,71512,132376,70646,80138,150784,58343,67372,125715,43153,51578,94731,31495,36315,67810,16476,19908,36384,6375,11365,17740,1318,4005,5323,355291,410461,765752
2021-04-23,24258,22484,46742,42731,46148,88879,61163,71866,133029,71023,80588,151611,58663,67734,126397,43376,51881,95257,31646,36507,68153,16545,19990,36535,6408,11397,17805,1323,4013,5336,357136,412608,769744
2021-04-24,24341,22558,46899,42804,46212,89016,61240,71980,133220,71130,80709,151839,58761,67853,126614,43442,51962,95404,31687,36559,68246,16576,20033,36609,6417,11425,17842,1329,4030,5359,357727,413321,771048
2021-04-25,24466,22680,47146,42942,46365,89307,61436,72218,133654,71379,81000,152379,58991,68125,127116,43627,52177,95804,31802,36694,68496,16632,20079,36711,6428,11457,17885,1329,4036,5365,359032,414831,773863
2021-04-26,24655,22849,47504,43143,46583,89726,61730,72538,134268,71720,81363,153083,59277,68473,127750,43874,52461,96335,31952,36867,68819,16722,20190,36912,6444,11497,17941,1333,4046,5379,360850,416867,777717
2021-04-27,24816,22987,47803,43331,46790,90121,62007,72894,134901,72027,81728,153755,59524,68763,128287,44084,52701,96785,32091,37030,69121,16783,20286,37069,6463,11540,18003,1337,4052,5389,362463,418771,781234
2021-04-28,24979,23142,48121,43514,46976,90490,62266,73194,135460,72344,82075,154419,59777,69061,128838,44265,52939,97204,32211,37177,69388,16841,20360,37201,6480,11570,18050,1343,4060,5403,364020,420554,784574
2021-04-29,25176,23307,48483,43752,47192,90944,62555,73560,136115,72714,82508,155222,60112,69457,129569,44524,53247,97771,32359,37387,69746,16941,20481,37422,6515,11628,18143,1346,4077,5423,365994,422844,788838
2021-04-30,25340,23444,48784,43896,47318,91214,62703,73778,136481,72927,82766,155693,60279,69686,129965,44678,53443,98121,32466,37539,70005,17007,20566,37573,6539,11672,18211,1348,4092,5440,367183,424304,791487
2021-05-01,25459,23548,49007,44039,47426,91465,62879,73990,136869,73143,83029,156172,60469,69933,130402,44822,53630,98452,32572,37644,70216,17052,20629,37681,6555,11716,18271,1349,4097,5446,368339,425642,793981
2021-05-02,25572,23643,49215,44148,47538,91686,63040,74176,137216,73358,83289,156647,60637,70175,130812,44968,53793,98761,32678,37807,70485,17103,20702,37805,6577,11744,18321,1353,4112,5465,369434,426979,796413
2021-05-03,25788,23851,49639,44319,47720,92039,63373,74513,137886,73719,83706,157425,60959,70529,131488,45209,54121,99330,32856,38077,70933,17199,20826,38025,6600,11809,18409,1357,4125,5482,371379,429277,800656
2021-05-04,25957,24049,50006,44496,47906,92402,63663,74808,138471,74085,84068,158153,61250,70854,132104,45425,54407,99832,33021,38301,71322,17304,20950,38254,6624,11853,18477,1358,4139,5497,373183,431335,804518
2021-05-05,26159,24229,50388,44644,48066,92710,63931,75133,139064,74413,84391,158804,61526,71157,132683,45619,54644,100263,33166,38458,71624,17382,21040,38422,6658,11905,18563,1365,4152,5517,374863,433175,808038
2021-05-06,26318,24416,50734,44854,48284,93138,64201,75416,139617,74709,84733,159442,61837,71458,133295,45851,54907,100758,33306,38639,71945,17451,21133,38584,6684,11954,18638,1368,4171,5539,376579,435111,811690
2021-05-07,26514,24576,51090,45066,48510,93576,64480,75758,140238,75002,85117,160119,62137,71774,133911,46029,55161,101190,33458,38821,72279,17523,21236,38759,6704,11992,18696,1371,4180,5551,378284,437125,815409
2021-05-08,26624,24677,51301,45158,48593,93751,64642,75934,140576,75200,85329,160529,62265,71928,134193,46141,55313,101454,33529,38905,72434,17560,21277,38837,6721,12016,18737,1372,4190,5562,379212,438162,817374
2021-05-09,26761,24792,51553,45251,48702,93953,64775,76101,140876,75375,85518,160893,62429,72106,134535,46239,55450,101689,33614,38998,72612,17612,21338,38950,6746,12039,18785,1376,4192,5568,380178,439236,819414
2021-05-10,26942,24962,51904,45412,48890,94302,65062,76400,141462,75702,85854,161556,62713,72436,135149,46456,55687,102143,33766,39195,72961,17697,21455,39152,6780,12090,18870,1377,4198,5575,381907,441167,823074
2021-05-11,27116,25103,52219,45554,49034,94588,65277,76628,141905,75963,86103,162066,62921,72667,135588,46618,55878,102496,33902,39354,73256,17780,21551,39331,6800,12122,18922,1381,4204,5585,383312,442644,825956
2021-05-12,27289,25249,52538,45691,49172,94863,65482,76869,142351,76215,86363,162578,63132,72896,136028,46772,56080,102852,34019,39507,73526,17840,21629,39469,6822,12160,18982,1384,4214,5598,384646,444139,828785
2021-05-13,27470,25383,52853,45805,49305,95110,65662,77120,142782,76456,86648,163104,63355,73128,136483,46909,56272,103181,34130,39639,73769,17901,21715,39616,6849,12205,19054,1386,4220,5606,385923,445635,831558
2021-05-14,27658,25588,53246,45969,49517,95486,65948,77411,143359,76797,87025,163822,63635,73445,137080,47118,56538,103656,34272,39824,74096,17965,21809,39774,6882,12246,19128,1389,4228,5617,387633,447631,835264
2021-05-15,27791,25719,53510,46102,49649,95751,66122,77640,143762,77022,87296,164318,63845,73694,137539,47266,56696,103962,34370,39950,74320,18013,21862,39875,6902,12284,19186,1391,4238,5629,388824,449028,837852
2021-05-16,27910,25844,53754,46196,49765,95961,66269,77788,144057,77181,87513,164694,64014,73885,137899,47402,56858,104260,34451,40045,74496,18051,21918,39969,6918,12312,19230,1392,4249,5641,389784,450177,839961
2021-05-17,28172,26105,54277,46424,49990,96414,66588,78153,144741,77584,87974,165558,64340,74306,138646,47675,57174,104849,34629,40275,74904,18166,22066,40232,6960,12381,19341,1396,4264,5660,391934,452688,844622
2021-05-18,28413,26337,54750,46650,50217,96867,66936,78502,145438,77986,88402,166388,64708,74693,139401,47929,57451,105380,34788,40493,75281,18270,22172,40442,6995,12433,19428,1400,4273,5673,394075,454973,849048
2021-05-19,28650,26548,55198,46873,50455,97328,67289,78901,146190,78412,88847,167259,65079,75072,140151,48176,57747,105923,34976,40715,75691,18354,22281,40635,7028,12481,19509,1406,4290,5696,396243,457337,853580
2021-05-20,28914,26797,55711,47136,50734,97870,67719,79326,147045,78877,89295,168172,65433,75497,140930,48435,58057,106492,35162,40919,76081,18437,22401,40838,7060,12524,19584,1407,4309,5716,398580,459859,858439
2021-05-21,29080,26964,56044,47336,50931,98267,68030,79728,147758,79245,89736,168981,65753,75875,141628,48674,58334,107008,35297,41123,76420,18526,22480,41006,7088,12590,19678,1410,4325,5735,400439,462086,862525
2021-05-22,29179,27059,56238,47439,51049,98488,68209,79924,148133,79459,89967,169426,65929,76070,141999,48822,58485,107307,35371,41213,76584,18563,22531,41094,7100,12632,19732,1411,4335,5746,401482,463265,864747
2021-05-23,29289,27149,56438,47518,51157,98675,68354,80083,148437,79648,90151,169799,66084,76214,142298,48931,58629,107560,35440,41314,76754,18599,22575,41174,7112,12677,19789,1420,4349,5769,402395,464298,866693
2021-05-24,29418,27273,56691,47672,51330,99002,68611,80321,148932,79933,90435,170368,66333,76526,142859,49158,58900,108058,35585,41498,77083,18693,22684,41377,7130,12726,19856,1423,4359,5782,403956,466052,870008
2021-05-25,29536,27370,56906,47799,51473,99272,68861,80580,149441,80192,90705,170897,66573,76782,143355,49369,59116,108485,35699,41666,77365,18764,22779,41543,7152,12772,19924,1428,4376,5804,405373,467619,872992
2021-05-26,29702,27526,57228,47973,51670,99643,69212,80909,150121,80548,91071,171619,66892,77119,144011,49641,59414,109055,35853,41853,77706,18848,22891,41739,7182,12838,20020,1436,4386,5822,407287,469677,876964
2021-05-27,29823,27671,57494,48099,51835,99934,69477,81220,150697,80854,91392,172246,67165,77402,144567,49862,59682,109544,35972,42007,77979,18936,22985,41921,7213,12876,20089,1437,4401,5838,408838,471471,880309
2021-05-28,29990,27826,57816,48299,52066,100365,69809,81572,151381,81208,91800,173008,67510,77816,145326,50170,60026,110196,36154,42242,78396,19018,23086,42104,7232,12923,20155,1441,4412,5853,410831,473769,884600
2021-05-29,30103,27931,58034,48413,52200,100613,70022,81818,151840,81482,92094,173576,67757,78067,145824,50318,60217,110535,36253,42366,78619,19065,23158,42223,7249,12955,20204,1445,4419,5864,412107,475225,887332
2021-05-30,30191,28010,58201,48512,52304,100816,70218,82029,152247,81709,92323,174032,67945,78283,146228,50448,60390,110838,36344,42463,78807,19108,23215,42323,7267,12978,20245,1448,4428,5876,413190,476423,889613
2021-05-31,30341,28163,58504,48701,52504,101205,70541,82365,152906,82089,92707,174796,68270,78663,146933,50643,60662,111305,36504,42661,79165,19208,23337,42545,7306,13033,20339,1450,4444,5894,415053,478539,893592
2021-06-01,30511,28313,58824,48861,52695,101556,70833,82684,153517,82420,93070,175490,68524,78993,147517,50869,60963,111832,36678,42859,79537,19309,23449,42758,7346,13076,20422,1453,4456,5909,416804,480558,897362
2021-06-02,30720,28474,59194,49044,52897,101941,71146,83040,154186,82766,93468,176234,68846,79347,148193,51088,61226,112314,36831,43068,79899,19406,23581,42987,7382,13126,20508,1458,4477,5935,418687,482704,901391
2021-06-03,30905,28666,59571,49270,53114,102384,71498,83463,154961,83174,93938,177112,69181,79753,148934,51334,61526,112860,37010,43294,80304,19495,23712,43207,7420,13168,20588,1461,4494,5955,420748,485128,905876
2021-06-04,31154,28901,60055,49546,53418,102964,71995,84090,156085,83729,94618,178347,69690,80316,150006,51696,62033,113729,37249,43598,80847,19623,23875,43498,7454,13240,20694,1463,4508,5971,423599,488597,912196
2021-06-05,31320,29046,60366,49714,53602,103316,72282,84469,156751,84067,95038,179105,70011,80668,150679,51926,62311,114237,37375,43761,81136,19694,23978,43672,7479,13276,20755,1468,4526,5994,425336,490675,916011
2021-06-06,31487,29226,60713,49889,53778,103667,72559,84799,157358,84393,95446,179839,70332,81035,151367,52159,62597,114756,37497,43917,81414,19753,24059,43812,7500,13309,20809,1468,4542,6010,427037,492708,919745
2021-06-07,31709,29474,61183,50129,54066,104195,73000,85341,158341,84915,96047,180962,70783,81677,152460,52529,63097,115626,37744,44225,81969,19913,24269,44182,7543,13431,20974,1477,4579,6056,429742,496206,925948
2021-06-08,31986,29717,61703,50352,54340,104692,73406,85865,159271,85456,96644,182100,71214,82207,153421,52872,63525,116397,37957,44478,82435,20029,24453,44482,7576,13502,21078,1484,4603,6087,432332,499334,931666
2021-06-09,32228,29962,62190,50637,54608,105245,73870,86401,160271,86010,97293,183303,71674,82765,154439,53230,63971,117201,38182,44757,82939,20163,24590,44753,7626,13574,21200,1489,4623,6112,435109,502544,937653
2021-06-10,32463,30214,62677,50902,54930,105832,74339,87037,161376,86580,98000,184580,72143,83390,155533,53552,64411,117963,38384,45041,83425,20301,24762,45063,7658,13631,21289,1496,4643,6139,437818,506059,943877
2021-06-11,32685,30435,63120,51134,55214,106348,74825,87665,162490,87131,98743,185874,72650,84113,156763,53900,64865,118765,38619,45333,83952,20423,24938,45361,7700,13715,21415,1503,4666,6169,440570,509687,950257
2021-06-12,32869,30598,63467,51343,55430,106773,75138,88073,163211,87537,99219,186756,73017,84553,157570,54145,65195,119340,38772,45534,84306,20509,25048,45557,7729,13757,21486,1508,4676,6184,442567,512083,954650
2021-06-13,33063,30788,63851,51545,55607,107152,75384,88403,163787,87892,99667,187559,73375,84982,158357,54380,65513,119893,38916,45714,84630,20574,25131,45705,7755,13796,21551,1514,4688,6202,444398,514289,958687
2021-06-14,33338,31033,64371,51846,55908,107754,75856,89004,164860,88472,100349,188821,73850,85639,159489,54741,65974,120715,39142,46054,85196,20718,25302,46020,7795,13863,21658,1531,4710,6241,447289,517836,965125
2021-06-15,33632,31311,64943,52150,56232,108382,76314,89581,165895,89073,101041,190114,74303,86291,160594,55079,66440,121519,39376,46323,85699,20833,25446,46279,7843,13923,21766,1536,4729,6265,450139,521317,971456
2021-06-16,33927,31584,65511,52431,56523,108954,76789,90182,166971,89662,101740,191402,74784,86930,161714,55385,66860,122245,39585,46583,86168,20946,25589,46535,7880,13983,21863,1538,4746,6284,452927,524720,977647
2021-06-17,34192,31843,66035,52731,56853,109584,77338,90875,168213,90286,102552,192838,75297,87693,162990,55693,67351,123044,39820,46863,86683,21084,25756,46840,7916,14045,21961,1541,4764,6305,455898,528595,984493
2021-06-18,34444,32078,66522,53039,57164,110203,77848,91525,169373,90905,103404,194309,75831,88430,164261,56012,67846,123858,40029,47142,87171,21172,25905,47077,7953,14088,22041,1544,4778,6322,458777,532360,991137
2021-06-19,34647,32279,66926,53220,57370,110590,78150,91970,170120,91369,103986,195355,76181,88890,165071,56235,68138,124373,40204,47323,87527,21266,26005,47271,7987,14156,22143,1548,4798,6346,460807,534915,995722
2021-06-20,34837,32439,67276,53357,57502,110859,78334,92274,170608,91656,104365,196021,76442,89228,165670,56417,68369,124786,40310,47463,87773,21343,26083,47426,8002,14192,22194,1550,4808,6358,462248,536723,998971
2021-06-21,35072,32649,67721,53563,57721,111284,78595,92673,171268,92054,104844,196898,76845,89682,166527,56674,68686,125360,40457,47639,88096,21443,26192,47635,8034,14224,22258,1554,4814,6368,464291,539124,1003415
2021-06-22,35395,32943,68338,53893,58017,111910,79044,93295,172339,92639,105560,198199,77400,90365,167765,56995,69141,126136,40721,47967,88688,21568,26361,47929,8070,14304,22374,1563,4828,6391,467288,542781,1010069
2021-06-23,35758,33249,69007,54241,58374,112615,79477,93949,173426,93256,106375,199631,77953,91125,169078,57286,69604,126890,40959,48244,89203,21684,26546,48230,8109,14391,22500,1568,4860,6428,470291,546717,1017008
2021-06-24,36077,33549,69626,54565,58736,113301,79931,94595,174526,93844,107141,200985,78434,91770,170204,57586,70022,127608,41193,48558,89751,21792,26689,48481,8137,14448,22585,1572,4876,6448,473131,550384,1023515
2021-06-25,36443,33853,70296,54918,59145,114063,80450,95355,175805,94508,108115,202623,78953,92567,171520,57977,70531,128508,41453,48931,90384,21927,26881,48808,8184,14528,22712,1581,4893,6474,476394,554799,1031193
2021-06-26,36625,34027,70652,55098,59346,114444,80721,95699,176420,94883,108582,203465,79263,92976,172239,58194,70782,128976,41618,49136,90754,22018,27008,49026,8215,14580,22795,1586,4909,6495,478221,557045,1035266
2021-06-27,36833,34214,71047,55248,59547,114795,80960,96017,176977,95191,108960,204151,79561,93349,172910,58359,71018,129377,41755,49285,91040,22103,27095,49198,8238,14623,22861,1588,4920,6508,479836,559028,1038864
2021-06-28,37092,34437,71529,55405,59727,115132,81202,96367,177569,95573,109429,205002,79849,93736,173585,58571,71249,129820,41909,49441,91350,22193,27207,49400,8275,14670,22945,1591,4934,6525,481660,561197,1042857
2021-06-29,37354,34743,72097,55692,60043,115735,81637,96970,178607,96169,110139,206308,80276,94304,174580,58885,71638,130523,42134,49680,91814,22323,27354,49677,8309,14761,23070,1597,4970,6567,484376,564602,1048978
2021-06-30,37701,35090,72791,56077,60446,116523,82138,97665,179803,96844,110994,207838,80788,94981,175769,59238,72171,131409,42371,49979,92350,22445,27494,49939,8346,14828,23174,1602,4990,6592,487550,568638,1056188
2021-07-01,37972,35360,73332,56409,60793,117202,82615,98367,180982,97435,111804,209239,81221,95645,176866,59557,72618,132175,42577,50253,92830,22558,27630,50188,8385,14893,23278,1607,5006,6613,490336,572369,1062705
2021-07-02,38357,35674,74031,56833,61250,118083,83136,99100,182236,98047,112732,210779,81671,96430,178101,59900,73154,133054,42798,50553,93351,22682,27791,50473,8428,14951,23379,1612,5025,6637,493464,576660,1070124
2021-07-03,38588,35928,74516,57066,61520,118586,83450,99535,182985,98488,113302,211790,82038,96943,178981,60162,73443,133605,42976,50762,93738,22767,27901,50668,8455,15003,23458,1619,5043,6662,495609,579380,1074989
2021-07-04,38837,36203,75040,57274,61739,119013,83685,99896,183581,98844,113795,212639,82332,97354,179686,60410,73769,134179,43107,50926,94033,22829,28000,50829,8477,15048,23525,1623,5054,6677,497418,581784,1079202
2021-07-05,39250,36583,75833,57615,62112,119727,84192,100569,184761,99501,114640,214141,82828,98072,180900,60740,74208,134948,43345,51204,94549,22973,28162,51135,8522,15114,23636,1628,5074,6702,500594,585738,1086332
2021-07-06,39704,36982,76686,58087,62567,120654,84743,101264,186007,100154,115519,215673,83350,98788,182138,61061,74686,135747,43575,51489,95064,23096,28339,51435,8563,15193,23756,1632,5107,6739,503965,589934,1093899
2021-07-07,40106,37341,77447,58513,63020,121533,85321,101987,187308,100787,116350,217137,83907,99463,183370,61416,75139,136555,43777,51752,95529,23207,28445,51652,8594,15253,23847,1641,5122,6763,507269,593872,1101141
2021-07-08,40494,37741,78235,58991,63542,122533,86034,102876,188910,101525,117314,218839,84523,100355,184878,61828,75747,137575,44011,52123,96134,23346,28625,51971,8652,15306,23958,1646,5142,6788,511050,598771,1109821
2021-07-09,40768,38038,78806,59338,63897,123235,86434,103410,189844,102006,117962,219968,84945,100935,185880,62088,76092,138180,44177,52320,96497,23436,28725,52161,8684,15359,24043,1650,5154,6804,513526,601892,1115418
2021-07-10,41030,38298,79328,59639,64200,123839,86785,103838,190623,102391,118490,220881,85295,101411,186706,62326,76418,138744,44342,52527,96869,23526,28842,52368,8715,15412,24127,1652,5168,6820,515701,604604,1120305
2021-07-11,41348,38575,79923,59864,64423,124287,87085,104210,191295,102750,119013,221763,85666,101939,187605,62582,76738,139320,44510,52713,97223,23605,28941,52546,8727,15439,24166,1658,5175,6833,517795,607166,1124961
2021-07-12,41808,39029,80837,60328,64907,125235,87698,104999,192697,103493,119899,223392,86325,102775,189100,62963,77282,140245,44820,53012,97832,23737,29112,52849,8772,15504,24276,1670,5197,6867,521614,611716,1133330
2021-07-13,42268,39417,81685,60763,65394,126157,88326,105750,194076,104145,120745,224890,86897,103533,190430,63345,77817,141162,45059,53310,98369,23864,29278,53142,8811,15564,24375,1678,5222,6900,525156,616030,1141186
2021-07-14,42737,39838,82575,61353,65979,127332,89009,106562,195571,104787,121669,226456,87500,104368,191868,63719,78357,142076,45338,53604,98942,23993,29418,53411,8843,15621,24464,1682,5233,6915,528961,620649,1149610
2021-07-15,43108,40162,83270,61951,66572,128523,89672,107427,197099,105526,122614,228140,88206,105327,193533,64153,78907,143060,45602,53917,99519,24111,29591,53702,8873,15684,24557,1690,5253,6943,532892,625454,1158346
2021-07-16,43419,40444,83863,62467,67060,129527,90277,108224,198501,106156,123487,229643,88850,106186,195036,64517,79411,143928,45807,54214,100021,24225,29734,53959,8908,15738,24646,1693,5273,6966,536319,629771,1166090
2021-07-17,43581,40608,84189,62731,67363,130094,90583,108670,199253,106527,124005,230532,89204,106649,195853,64760,79697,144457,45944,54369,100313,24299,29815,54114,8924,15762,24686,1697,5283,6980,538250,632221,1170471
2021-07-18,43667,40681,84348,62873,67544,130417,90781,108960,199741,106790,124370,231160,89444,106962,196406,64931,79914,144845,46024,54447,100471,24333,29862,54195,8932,15774,24706,1698,5284,6982,539473,633798,1173271
2021-07-19,43673,40692,84365,62880,67548,130428,90796,108975,199771,106804,124387,231191,89457,106975,196432,64940,79921,144861,46027,54454,100481,24338,29866,54204,8932,15776,24708,1698,5284,6982,539545,633878,1173423
