FECHA,<=10M,<=10F,<=10,11-20M,11-20F,11-20,21-30M,21-30F,21-30,31-40M,31-40F,31-40,41-50M,41-50F,41-50,51-60M,51-60F,51-60,61-70M,61-70F,61-70,71-80M,71-80F,71-80,81-90M,81-90F,81-90,>=91M,>=91F,>=91,TotalM,TotalF,Total
2020-03-15,1,0,1,0,0,0,0,2,2,2,1,3,1,1,2,1,0,1,1,0,1,1,1,2,0,0,0,0,0,0,7,5,12
2020-03-16,2,3,5,1,0,1,1,4,5,3,2,5,1,1,2,3,1,4,3,2,5,1,1,2,0,0,0,0,0,0,15,14,29
2020-03-17,3,7,10,1,1,2,3,5,8,4,3,7,2,4,6,3,3,6,4,3,7,3,3,6,1,0,1,0,0,0,24,29,53
2020-03-18,6,8,14,2,1,3,4,5,9,6,4,10,3,7,10,4,4,8,5,5,10,4,3,7,2,0,2,0,0,0,36,37,73
2020-03-19,8,8,16,2,1,3,7,7,14,9,6,15,5,8,13,4,4,8,6,6,12,5,4,9,2,0,2,1,0,1,49,44,93
2020-03-20,9,9,18,3,1,4,8,7,15,10,8,18,5,9,14,4,5,9,7,7,14,7,6,13,3,0,3,1,0,1,57,52,109
2020-03-21,9,9,18,5,2,7,9,9,18,13,9,22,7,10,17,5,5,10,9,9,18,8,7,15,3,0,3,2,0,2,70,60,130
2020-03-22,12,10,22,5,2,7,12,10,22,13,9,22,7,10,17,7,6,13,9,10,19,10,7,17,6,2,8,2,0,2,83,66,149
2020-03-23,16,11,27,5,4,9,13,12,25,15,10,25,7,12,19,9,6,15,11,11,22,14,10,24,9,5,14,2,2,4,101,83,184
2020-03-24,18,11,29,5,4,9,14,13,27,16,11,27,7,14,21,11,8,19,11,12,23,16,10,26,11,6,17,3,2,5,112,91,203
2020-03-25,19,15,34,5,4,9,16,16,32,18,15,33,8,14,22,12,11,23,14,13,27,18,12,30,13,10,23,5,3,8,128,113,241
2020-03-26,23,18,41,7,5,12,18,18,36,22,18,40,9,18,27,15,13,28,15,16,31,21,15,36,18,10,28,7,4,11,155,135,290
2020-03-27,25,21,46,7,6,13,19,20,39,25,18,43,10,22,32,16,16,32,17,21,38,25,21,46,21,12,33,9,10,19,174,167,341
2020-03-28,27,21,48,7,6,13,20,22,42,27,19,46,11,23,34,19,17,36,20,21,41,29,28,57,23,13,36,10,10,20,193,180,373
2020-03-29,28,21,49,9,7,16,21,24,45,29,20,49,13,26,39,19,17,36,26,25,51,33,29,62,27,15,42,12,11,23,217,195,412
2020-03-30,32,23,55,9,7,16,22,30,52,34,22,56,18,28,46,20,18,38,33,26,59,36,34,70,31,16,47,15,13,28,250,217,467
2020-03-31,40,25,65,10,7,17,28,31,59,42,24,66,23,31,54,22,19,41,39,28,67,40,37,77,33,19,52,19,13,32,296,234,530
2020-04-01,50,35,85,10,9,19,33,34,67,49,26,75,34,36,70,25,24,49,43,31,74,46,41,87,38,24,62,19,14,33,347,274,621
2020-04-02,57,43,100,14,13,27,36,39,75,54,30,84,37,41,78,27,32,59,51,36,87,54,47,101,43,30,73,22,18,40,395,329,724
2020-04-03,73,51,124,18,16,34,41,46,87,60,40,100,43,51,94,29,37,66,59,41,100,60,51,111,49,36,85,23,23,46,455,392,847
2020-04-04,80,63,143,20,19,39,43,54,97,62,51,113,48,53,101,35,37,72,65,44,109,62,56,118,53,38,91,24,26,50,492,441,933
2020-04-05,86,73,159,24,24,48,49,55,104,68,53,121,55,58,113,39,39,78,66,55,121,68,63,131,56,42,98,26,29,55,537,491,1028
2020-04-06,96,82,178,28,26,54,56,58,114,78,58,136,64,62,126,48,42,90,73,62,135,79,68,147,63,46,109,27,32,59,612,536,1148
2020-04-07,106,92,198,32,31,63,61,61,122,85,65,150,68,67,135,56,44,100,77,66,143,87,76,163,69,57,126,29,33,62,670,592,1262
2020-04-08,114,101,215,36,33,69,64,67,131,90,68,158,75,71,146,63,48,111,86,71,157,96,80,176,71,60,131,32,39,71,727,638,1365
2020-04-09,118,104,222,39,35,74,67,74,141,104,77,181,77,77,154,71,56,127,90,75,165,103,90,193,76,68,144,36,44,80,781,700,1481
2020-04-10,133,108,241,43,38,81,69,80,149,108,79,187,87,78,165,74,62,136,96,76,172,104,99,203,81,76,157,37,48,85,832,744,1576
2020-04-11,139,113,252,47,41,88,76,84,160,114,84,198,94,81,175,76,66,142,100,82,182,111,102,213,84,83,167,38,52,90,879,788,1667
2020-04-12,148,119,267,49,41,90,78,88,166,122,87,209,97,87,184,85,69,154,103,86,189,114,110,224,89,87,176,38,54,92,923,828,1751
2020-04-13,157,130,287,56,45,101,90,95,185,126,96,222,103,92,195,90,75,165,111,92,203,118,118,236,97,97,194,42,59,101,990,899,1889
2020-04-14,172,136,308,59,46,105,96,101,197,135,100,235,107,97,204,101,81,182,115,99,214,127,123,250,103,101,204,46,63,109,1061,947,2008
2020-04-15,181,139,320,63,52,115,100,107,207,141,106,247,115,111,226,106,89,195,124,103,227,137,127,264,109,108,217,51,66,117,1127,1008,2135
2020-04-16,191,142,333,68,57,125,107,111,218,151,119,270,125,123,248,113,98,211,128,113,241,144,131,275,113,113,226,51,70,121,1191,1077,2268
2020-04-17,205,153,358,72,62,134,108,118,226,157,133,290,139,133,272,120,105,225,135,119,254,159,140,299,118,121,239,52,73,125,1265,1157,2422
2020-04-18,215,162,377,78,63,141,117,121,238,172,139,311,147,138,285,127,109,236,137,121,258,164,150,314,124,130,254,55,77,132,1336,1210,2546
2020-04-19,225,169,394,82,64,146,121,123,244,177,143,320,152,143,295,132,118,250,144,127,271,169,158,327,129,137,266,56,78,134,1387,1260,2647
2020-04-20,239,178,417,90,72,162,134,129,263,189,153,342,161,149,310,141,123,264,156,136,292,184,169,353,139,145,284,60,93,153,1493,1347,2840
2020-04-21,251,186,437,95,78,173,147,133,280,197,166,363,164,153,317,148,130,278,163,144,307,195,179,374,147,155,302,62,103,165,1569,1427,2996
2020-04-22,264,196,460,99,85,184,153,140,293,208,169,377,175,159,334,154,139,293,171,147,318,202,193,395,155,167,322,69,109,178,1650,1504,3154
2020-04-23,281,208,489,103,89,192,160,151,311,217,177,394,183,167,350,159,151,310,178,151,329,212,201,413,165,177,342,76,118,194,1734,1590,3324
2020-04-24,297,219,516,108,94,202,169,159,328,229,188,417,189,174,363,166,159,325,186,162,348,223,212,435,175,192,367,79,121,200,1821,1680,3501
2020-04-25,307,223,530,112,95,207,172,164,336,237,197,434,193,179,372,171,165,336,192,166,358,230,216,446,185,207,392,83,126,209,1882,1738,3620
2020-04-26,315,239,554,117,101,218,175,168,343,241,200,441,201,185,386,174,168,342,199,173,372,236,223,459,192,214,406,84,130,214,1934,1801,3735
2020-04-27,327,251,578,123,104,227,181,176,357,246,210,456,204,196,400,185,177,362,205,182,387,256,229,485,203,228,431,87,135,222,2017,1888,3905
2020-04-28,344,258,602,128,109,237,192,188,380,257,221,478,212,207,419,191,186,377,211,189,400,259,241,500,209,242,451,89,139,228,2092,1980,4072
2020-04-29,363,270,633,134,114,248,206,195,401,275,232,507,222,215,437,200,193,393,215,197,412,269,247,516,212,256,468,94,149,243,2190,2068,4258
2020-04-30,380,280,660,143,115,258,216,201,417,281,239,520,233,224,457,207,206,413,225,205,430,276,257,533,220,273,493,102,156,258,2283,2156,4439
2020-05-01,382,293,675,149,120,269,217,208,425,292,250,542,243,230,473,214,209,423,236,211,447,283,265,548,228,285,513,102,158,260,2346,2229,4575
2020-05-02,389,310,699,154,126,280,223,210,433,302,255,557,250,235,485,221,211,432,239,215,454,291,266,557,234,297,531,103,161,264,2406,2286,4692
2020-05-03,397,318,715,158,128,286,228,215,443,310,261,571,255,240,495,229,213,442,247,222,469,296,275,571,240,305,545,106,166,272,2466,2343,4809
2020-05-04,415,337,752,163,130,293,236,225,461,320,267,587,261,246,507,238,216,454,255,234,489,310,290,600,248,321,569,108,170,278,2554,2436,4990
2020-05-05,426,347,773,171,132,303,246,234,480,332,281,613,267,257,524,248,221,469,265,242,507,325,297,622,254,334,588,109,180,289,2643,2525,5168
2020-05-06,439,361,800,175,132,307,257,241,498,349,296,645,284,266,550,253,226,479,275,248,523,344,311,655,261,346,607,113,186,299,2750,2613,5363
2020-05-07,455,372,827,182,137,319,271,249,520,360,305,665,298,276,574,258,232,490,282,255,537,360,317,677,267,358,625,114,194,308,2847,2695,5542
2020-05-08,470,385,855,189,142,331,286,256,542,370,320,690,315,286,601,273,236,509,290,266,556,373,326,699,278,370,648,116,206,322,2960,2793,5753
2020-05-09,488,397,885,193,142,335,292,268,560,375,328,703,324,294,618,277,242,519,297,272,569,384,328,712,283,380,663,121,214,335,3034,2865,5899
2020-05-10,496,405,901,194,144,338,300,278,578,380,334,714,328,301,629,280,247,527,306,278,584,392,340,732,288,393,681,122,219,341,3086,2939,6025
2020-05-11,511,422,933,200,149,349,307,285,592,394,348,742,340,313,653,288,253,541,317,284,601,405,349,754,300,410,710,126,233,359,3188,3046,6234
2020-05-12,530,431,961,207,158,365,332,304,636,413,356,769,349,326,675,294,258,552,326,292,618,413,360,773,309,424,733,131,244,375,3304,3153,6457
2020-05-13,554,446,1000,217,167,384,349,316,665,427,380,807,365,333,698,303,267,570,334,300,634,422,368,790,317,439,756,132,253,385,3420,3269,6689
2020-05-14,574,469,1043,226,180,406,361,334,695,446,398,844,376,341,717,310,277,587,345,312,657,432,377,809,326,452,778,134,268,402,3530,3408,6938
2020-05-15,592,489,1081,234,185,419,368,345,713,459,410,869,384,358,742,321,284,605,355,321,676,438,383,821,336,473,809,139,278,417,3626,3526,7152
2020-05-16,604,506,1110,241,191,432,373,355,728,468,424,892,391,366,757,326,291,617,362,326,688,447,389,836,342,478,820,144,292,436,3698,3618,7316
2020-05-17,622,519,1141,245,198,443,381,365,746,476,431,907,399,377,776,331,294,625,369,333,702,453,394,847,352,490,842,148,296,444,3776,3697,7473
2020-05-18,643,539,1182,253,209,462,406,385,791,498,448,946,410,395,805,345,305,650,382,347,729,471,408,879,369,503,872,149,307,456,3926,3846,7772
2020-05-19,659,557,1216,266,222,488,432,406,838,530,471,1001,435,410,845,361,319,680,398,360,758,481,427,908,381,525,906,152,316,468,4095,4013,8108
2020-05-20,685,596,1281,279,238,517,459,427,886,569,488,1057,450,424,874,370,331,701,417,374,791,493,439,932,393,541,934,158,322,480,4273,4180,8453
2020-05-21,716,626,1342,298,247,545,489,449,938,597,514,1111,466,444,910,387,343,730,429,380,809,507,448,955,401,557,958,159,326,485,4449,4334,8783
2020-05-22,748,643,1391,311,261,572,516,478,994,618,539,1157,482,459,941,399,352,751,435,390,825,517,459,976,407,572,979,165,339,504,4598,4492,9090
2020-05-23,766,660,1426,324,275,599,539,496,1035,643,555,1198,492,474,966,408,359,767,448,400,848,526,472,998,416,578,994,167,341,508,4729,4610,9339
2020-05-24,782,679,1461,331,282,613,552,505,1057,656,567,1223,501,478,979,414,363,777,459,406,865,536,480,1016,421,590,1011,169,347,516,4821,4697,9518
2020-05-25,807,702,1509,348,303,651,573,529,1102,669,581,1250,516,488,1004,420,371,791,466,414,880,547,484,1031,431,606,1037,171,355,526,4948,4833,9781
2020-05-26,840,731,1571,368,323,691,606,559,1165,715,612,1327,533,513,1046,429,387,816,474,420,894,561,489,1050,441,621,1062,174,365,539,5141,5020,10161
2020-05-27,881,762,1643,381,340,721,627,585,1212,739,629,1368,550,525,1075,447,401,848,483,428,911,568,501,1069,445,636,1081,178,367,545,5299,5174,10473
2020-05-28,906,804,1710,399,352,751,651,614,1265,761,650,1411,574,546,1120,459,419,878,492,440,932,578,507,1085,459,653,1112,182,381,563,5461,5366,10827
2020-05-29,940,833,1773,422,371,793,687,644,1331,789,689,1478,603,566,1169,474,437,911,506,451,957,593,518,1111,473,670,1143,184,385,569,5671,5564,11235
2020-05-30,967,855,1822,436,380,816,723,668,1391,823,704,1527,615,583,1198,486,449,935,512,457,969,603,529,1132,481,680,1161,185,392,577,5831,5697,11528
2020-05-31,991,871,1862,447,390,837,739,678,1417,838,713,1551,629,590,1219,491,458,949,520,461,981,614,535,1149,486,690,1176,186,400,586,5941,5786,11727
2020-06-01,1021,896,1917,468,407,875,766,715,1481,866,744,1610,645,609,1254,506,471,977,542,474,1016,626,543,1169,492,700,1192,191,404,595,6123,5963,12086
2020-06-02,1061,923,1984,489,429,918,799,742,1541,887,769,1656,662,628,1290,517,485,1002,559,482,1041,647,554,1201,499,714,1213,195,415,610,6315,6141,12456
2020-06-03,1096,946,2042,503,454,957,824,768,1592,912,804,1716,677,651,1328,525,496,1021,573,497,1070,665,565,1230,509,730,1239,197,424,621,6481,6335,12816
2020-06-04,1128,974,2102,520,476,996,856,796,1652,930,830,1760,695,667,1362,549,511,1060,582,504,1086,685,578,1263,519,746,1265,200,433,633,6664,6515,13179
2020-06-05,1166,1012,2178,533,495,1028,891,819,1710,958,869,1827,722,692,1414,570,534,1104,596,519,1115,701,590,1291,531,766,1297,203,442,645,6871,6738,13609
2020-06-06,1190,1034,2224,547,507,1054,911,835,1746,985,894,1879,736,708,1444,583,543,1126,607,531,1138,712,598,1310,541,783,1324,205,451,656,7017,6884,13901
2020-06-07,1212,1057,2269,560,519,1079,930,851,1781,1002,909,1911,752,716,1468,593,550,1143,614,536,1150,720,604,1324,553,795,1348,207,459,666,7143,6996,14139
2020-06-08,1240,1090,2330,579,539,1118,966,878,1844,1040,940,1980,785,736,1521,612,568,1180,627,547,1174,736,620,1356,563,812,1375,211,466,677,7359,7196,14555
2020-06-09,1291,1121,2412,603,562,1165,984,915,1899,1067,969,2036,816,757,1573,629,574,1203,638,555,1193,744,635,1379,575,838,1413,214,477,691,7561,7403,14964
2020-06-10,1315,1151,2466,617,580,1197,1021,935,1956,1098,1006,2104,845,778,1623,651,594,1245,657,567,1224,763,659,1422,581,858,1439,220,491,711,7768,7619,15387
2020-06-11,1352,1189,2541,630,599,1229,1051,964,2015,1133,1035,2168,860,803,1663,667,617,1284,668,588,1256,779,674,1453,588,884,1472,223,506,729,7951,7859,15810
2020-06-12,1388,1231,2619,639,623,1262,1098,997,2095,1178,1082,2260,892,833,1725,683,634,1317,691,605,1296,795,688,1483,594,905,1499,227,515,742,8185,8113,16298
2020-06-13,1422,1258,2680,661,643,1304,1131,1030,2161,1210,1105,2315,900,853,1753,699,649,1348,701,610,1311,808,696,1504,600,920,1520,229,522,751,8361,8286,16647
2020-06-14,1442,1283,2725,681,661,1342,1155,1049,2204,1229,1121,2350,917,864,1781,709,666,1375,711,614,1325,811,708,1519,613,941,1554,230,530,760,8498,8437,16935
2020-06-15,1474,1315,2789,706,680,1386,1184,1077,2261,1250,1145,2395,936,877,1813,721,677,1398,723,617,1340,824,718,1542,619,957,1576,232,540,772,8669,8603,17272
2020-06-16,1523,1374,2897,727,700,1427,1242,1120,2362,1297,1181,2478,973,902,1875,742,694,1436,740,630,1370,839,725,1564,631,979,1610,235,554,789,8949,8859,17808
2020-06-17,1563,1414,2977,748,725,1473,1292,1155,2447,1335,1225,2560,1008,924,1932,767,709,1476,756,642,1398,848,744,1592,648,994,1642,237,563,800,9202,9095,18297
2020-06-18,1608,1456,3064,767,739,1506,1347,1194,2541,1383,1278,2661,1051,943,1994,798,731,1529,776,660,1436,861,760,1621,663,1018,1681,239,574,813,9493,9353,18846
2020-06-19,1662,1486,3148,781,764,1545,1379,1230,2609,1443,1318,2761,1087,981,2068,835,750,1585,805,680,1485,881,778,1659,680,1036,1716,246,588,834,9799,9611,19410
2020-06-20,1694,1520,3214,797,784,1581,1414,1253,2667,1479,1346,2825,1110,1009,2119,852,769,1621,821,694,1515,891,787,1678,687,1051,1738,250,593,843,9995,9806,19801
2020-06-21,1725,1541,3266,813,801,1614,1442,1283,2725,1499,1374,2873,1126,1016,2142,865,779,1644,830,704,1534,901,793,1694,694,1060,1754,251,600,851,10146,9951,20097
2020-06-22,1772,1581,3353,841,827,1668,1479,1326,2805,1546,1401,2947,1156,1048,2204,889,805,1694,846,725,1571,919,808,1727,700,1082,1782,253,612,865,10401,10215,20616
2020-06-23,1818,1621,3439,869,858,1727,1527,1366,2893,1601,1446,3047,1189,1088,2277,906,836,1742,864,746,1610,930,820,1750,712,1097,1809,255,618,873,10671,10496,21167
2020-06-24,1859,1660,3519,897,879,1776,1576,1411,2987,1637,1497,3134,1225,1119,2344,928,864,1792,875,764,1639,940,833,1773,727,1112,1839,257,622,879,10921,10761,21682
2020-06-25,1908,1713,3621,933,918,1851,1618,1450,3068,1680,1531,3211,1263,1153,2416,965,895,1860,885,778,1663,951,847,1798,736,1124,1860,262,627,889,11201,11036,22237
2020-06-26,1952,1747,3699,967,945,1912,1673,1496,3169,1720,1576,3296,1298,1185,2483,983,919,1902,908,795,1703,963,863,1826,747,1143,1890,263,636,899,11474,11305,22779
2020-06-27,2008,1800,3808,996,982,1978,1709,1544,3253,1754,1611,3365,1325,1207,2532,1005,929,1934,925,801,1726,966,877,1843,755,1150,1905,267,642,909,11710,11543,23253
2020-06-28,2048,1821,3869,1010,998,2008,1725,1582,3307,1783,1637,3420,1343,1227,2570,1023,942,1965,935,809,1744,974,885,1859,763,1162,1925,273,649,922,11877,11712,23589
2020-06-29,2090,1867,3957,1041,1037,2078,1768,1621,3389,1834,1673,3507,1367,1253,2620,1038,973,2011,960,821,1781,987,901,1888,776,1179,1955,276,657,933,12137,11982,24119
2020-06-30,2121,1906,4027,1053,1064,2117,1819,1658,3477,1869,1718,3587,1400,1287,2687,1067,998,2065,981,830,1811,1005,911,1916,783,1197,1980,278,668,946,12376,12237,24613
2020-07-01,2166,1941,4107,1070,1091,2161,1877,1703,3580,1910,1751,3661,1431,1319,2750,1093,1026,2119,998,844,1842,1019,923,1942,792,1218,2010,281,674,955,12637,12490,25127
2020-07-02,2218,1993,4211,1095,1122,2217,1923,1752,3675,1958,1798,3756,1470,1349,2819,1113,1049,2162,1016,855,1871,1029,937,1966,805,1229,2034,284,679,963,12911,12763,25674
2020-07-03,2271,2028,4299,1122,1142,2264,1963,1787,3750,2009,1855,3864,1495,1381,2876,1137,1072,2209,1035,870,1905,1039,953,1992,814,1246,2060,288,683,971,13173,13017,26190
2020-07-04,2305,2064,4369,1142,1163,2305,1998,1826,3824,2038,1886,3924,1523,1400,2923,1158,1085,2243,1045,879,1924,1050,968,2018,819,1257,2076,291,690,981,13369,13218,26587
2020-07-05,2328,2100,4428,1163,1175,2338,2029,1860,3889,2066,1920,3986,1535,1424,2959,1175,1103,2278,1064,894,1958,1065,982,2047,828,1271,2099,295,698,993,13548,13427,26975
2020-07-06,2360,2135,4495,1183,1194,2377,2072,1904,3976,2122,1954,4076,1569,1458,3027,1206,1128,2334,1088,918,2006,1083,1011,2094,838,1294,2132,298,707,1005,13819,13703,27522
2020-07-07,2407,2199,4606,1209,1222,2431,2130,1952,4082,2177,1998,4175,1598,1489,3087,1235,1153,2388,1107,934,2041,1095,1024,2119,848,1317,2165,305,719,1024,14111,14007,28118
2020-07-08,2450,2231,4681,1239,1252,2491,2186,1993,4179,2215,2039,4254,1645,1532,3177,1259,1186,2445,1126,953,2079,1111,1044,2155,860,1332,2192,309,733,1042,14400,14295,28695
2020-07-09,2482,2257,4739,1254,1266,2520,2216,2022,4238,2254,2067,4321,1678,1559,3237,1272,1199,2471,1136,969,2105,1120,1067,2187,864,1348,2212,316,740,1056,14592,14494,29086
2020-07-10,2512,2280,4792,1275,1289,2564,2247,2053,4300,2283,2104,4387,1703,1583,3286,1289,1218,2507,1157,988,2145,1136,1079,2215,878,1365,2243,317,750,1067,14797,14709,29506
2020-07-11,2541,2318,4859,1296,1301,2597,2268,2082,4350,2308,2137,4445,1728,1610,3338,1304,1240,2544,1177,1001,2178,1150,1098,2248,882,1383,2265,319,759,1078,14973,14929,29902
2020-07-12,2567,2335,4902,1312,1311,2623,2291,2103,4394,2334,2154,4488,1744,1623,3367,1314,1251,2565,1188,1012,2200,1159,1105,2264,888,1395,2283,323,765,1088,15120,15054,30174
2020-07-13,2602,2380,4982,1340,1336,2676,2333,2147,4480,2377,2200,4577,1787,1662,3449,1343,1285,2628,1220,1038,2258,1179,1140,2319,902,1441,2343,325,790,1115,15408,15419,30827
2020-07-14,2647,2417,5064,1371,1358,2729,2371,2176,4547,2443,2243,4686,1828,1700,3528,1376,1305,2681,1242,1064,2306,1198,1168,2366,908,1458,2366,332,804,1136,15716,15693,31409
2020-07-15,2683,2460,5143,1408,1384,2792,2412,2242,4654,2505,2307,4812,1869,1744,3613,1402,1339,2741,1265,1088,2353,1210,1187,2397,922,1474,2396,339,809,1148,16015,16034,32049
2020-07-16,2729,2489,5218,1430,1420,2850,2465,2301,4766,2564,2349,4913,1908,1793,3701,1432,1374,2806,1284,1106,2390,1226,1205,2431,940,1505,2445,341,826,1167,16319,16368,32687
2020-07-17,2776,2529,5305,1457,1445,2902,2497,2350,4847,2611,2406,5017,1948,1853,3801,1464,1414,2878,1311,1135,2446,1244,1224,2468,956,1524,2480,345,836,1181,16609,16716,33325
2020-07-18,2805,2559,5364,1478,1462,2940,2540,2391,4931,2646,2452,5098,1976,1888,3864,1490,1439,2929,1338,1157,2495,1256,1235,2491,971,1546,2517,347,842,1189,16847,16971,33818
2020-07-19,2839,2596,5435,1494,1484,2978,2566,2418,4984,2676,2487,5163,2006,1917,3923,1515,1465,2980,1354,1170,2524,1271,1244,2515,982,1564,2546,349,849,1198,17052,17194,34246
2020-07-20,2898,2644,5542,1532,1522,3054,2622,2475,5097,2733,2556,5289,2051,1985,4036,1550,1507,3057,1384,1209,2593,1293,1269,2562,1004,1585,2589,352,860,1212,17419,17612,35031
2020-07-21,2943,2681,5624,1559,1547,3106,2673,2521,5194,2797,2614,5411,2098,2030,4128,1587,1543,3130,1410,1238,2648,1315,1294,2609,1018,1611,2629,357,870,1227,17757,17949,35706
2020-07-22,3005,2720,5725,1583,1576,3159,2746,2583,5329,2862,2678,5540,2153,2081,4234,1620,1578,3198,1429,1262,2691,1341,1316,2657,1032,1643,2675,358,880,1238,18129,18317,36446
2020-07-23,3057,2766,5823,1611,1609,3220,2806,2642,5448,2922,2746,5668,2194,2120,4314,1653,1608,3261,1447,1289,2736,1358,1336,2694,1040,1665,2705,365,889,1254,18453,18670,37123
2020-07-24,3097,2812,5909,1637,1635,3272,2873,2696,5569,2978,2814,5792,2241,2163,4404,1687,1634,3321,1479,1305,2784,1375,1359,2734,1050,1691,2741,367,903,1270,18784,19012,37796
2020-07-25,3140,2850,5990,1665,1652,3317,2913,2742,5655,3026,2865,5891,2273,2197,4470,1702,1653,3355,1495,1324,2819,1389,1379,2768,1062,1705,2767,372,907,1279,19037,19274,38311
2020-07-26,3175,2883,6058,1680,1670,3350,2938,2764,5702,3053,2898,5951,2306,2213,4519,1722,1673,3395,1507,1337,2844,1404,1392,2796,1069,1724,2793,377,913,1290,19231,19467,38698
2020-07-27,3212,2925,6137,1715,1698,3413,2989,2809,5798,3113,2948,6061,2354,2264,4618,1753,1716,3469,1533,1366,2899,1422,1414,2836,1086,1745,2831,382,934,1316,19559,19819,39378
2020-07-28,3259,2970,6229,1742,1725,3467,3061,2888,5949,3173,2999,6172,2400,2312,4712,1797,1762,3559,1568,1398,2966,1436,1443,2879,1097,1771,2868,387,954,1341,19920,20222,40142
2020-07-29,3306,3015,6321,1774,1760,3534,3126,2945,6071,3235,3059,6294,2461,2365,4826,1832,1808,3640,1599,1434,3033,1460,1468,2928,1114,1801,2915,394,978,1372,20301,20633,40934
2020-07-30,3359,3060,6419,1810,1806,3616,3214,3012,6226,3306,3127,6433,2522,2413,4935,1877,1850,3727,1625,1462,3087,1478,1488,2966,1122,1820,2942,395,984,1379,20708,21022,41730
2020-07-31,3401,3114,6515,1829,1834,3663,3271,3087,6358,3387,3201,6588,2577,2459,5036,1916,1890,3806,1648,1497,3145,1500,1515,3015,1133,1848,2981,401,1002,1403,21063,21447,42510
2020-08-01,3435,3148,6583,1849,1862,3711,3303,3134,6437,3423,3249,6672,2607,2501,5108,1947,1918,3865,1668,1506,3174,1521,1533,3054,1145,1869,3014,402,1013,1415,21300,21733,43033
2020-08-02,3473,3180,6653,1871,1883,3754,3332,3161,6493,3462,3287,6749,2632,2544,5176,1966,1944,3910,1680,1524,3204,1528,1550,3078,1157,1885,3042,404,1020,1424,21505,21978,43483
2020-08-03,3528,3234,6762,1903,1919,3822,3389,3221,6610,3524,3337,6861,2673,2601,5274,2002,1981,3983,1710,1549,3259,1539,1572,3111,1171,1918,3089,409,1034,1443,21848,22366,44214
2020-08-04,3581,3275,6856,1941,1961,3902,3465,3275,6740,3598,3396,6994,2735,2650,5385,2045,2019,4064,1737,1573,3310,1556,1598,3154,1188,1950,3138,414,1049,1463,22260,22746,45006
2020-08-05,3633,3326,6959,1981,1990,3971,3531,3327,6858,3653,3463,7116,2776,2697,5473,2087,2067,4154,1768,1603,3371,1581,1621,3202,1203,1970,3173,417,1057,1474,22630,23121,45751
2020-08-06,3683,3370,7053,2011,2030,4041,3593,3397,6990,3716,3535,7251,2834,2757,5591,2121,2112,4233,1797,1629,3426,1601,1641,3242,1219,1994,3213,422,1070,1492,22997,23535,46532
2020-08-07,3746,3420,7166,2044,2060,4104,3658,3463,7121,3783,3598,7381,2878,2819,5697,2161,2143,4304,1817,1657,3474,1622,1671,3293,1232,2033,3265,427,1091,1518,23368,23955,47323
2020-08-08,3789,3454,7243,2068,2086,4154,3699,3504,7203,3848,3660,7508,2919,2866,5785,2195,2176,4371,1839,1679,3518,1636,1698,3334,1243,2054,3297,428,1111,1539,23664,24288,47952
2020-08-09,3823,3489,7312,2089,2100,4189,3733,3546,7279,3894,3697,7591,2951,2911,5862,2228,2212,4440,1859,1698,3557,1654,1721,3375,1258,2101,3359,432,1128,1560,23921,24603,48524
2020-08-10,3881,3542,7423,2124,2133,4257,3807,3612,7419,3971,3755,7726,3012,2971,5983,2270,2258,4528,1881,1719,3600,1670,1746,3416,1271,2125,3396,436,1140,1576,24323,25001,49324
2020-08-11,3932,3588,7520,2165,2159,4324,3881,3680,7561,4057,3832,7889,3081,3039,6120,2316,2305,4621,1914,1751,3665,1695,1780,3475,1287,2149,3436,443,1152,1595,24771,25435,50206
2020-08-12,3978,3638,7616,2208,2197,4405,3944,3768,7712,4114,3930,8044,3141,3104,6245,2357,2348,4705,1946,1780,3726,1710,1808,3518,1298,2170,3468,448,1168,1616,25144,25911,51055
2020-08-13,4014,3685,7699,2253,2232,4485,4028,3851,7879,4207,4034,8241,3197,3168,6365,2409,2397,4806,1969,1814,3783,1738,1828,3566,1309,2195,3504,452,1183,1635,25576,26387,51963
2020-08-14,4046,3724,7770,2281,2264,4545,4117,3938,8055,4279,4119,8398,3265,3220,6485,2456,2447,4903,2003,1849,3852,1762,1863,3625,1322,2216,3538,455,1195,1650,25986,26835,52821
2020-08-15,4097,3753,7850,2323,2293,4616,4169,4001,8170,4332,4192,8524,3302,3281,6583,2488,2481,4969,2029,1877,3906,1777,1895,3672,1331,2262,3593,459,1212,1671,26307,27247,53554
2020-08-16,4133,3778,7911,2339,2309,4648,4216,4045,8261,4373,4235,8608,3324,3321,6645,2510,2506,5016,2043,1900,3943,1793,1911,3704,1341,2294,3635,463,1234,1697,26535,27533,54068
2020-08-17,4170,3797,7967,2368,2332,4700,4269,4100,8369,4435,4296,8731,3372,3372,6744,2548,2557,5105,2059,1939,3998,1812,1926,3738,1350,2314,3664,463,1247,1710,26846,27880,54726
2020-08-18,4222,3847,8069,2403,2356,4759,4334,4162,8496,4526,4386,8912,3422,3429,6851,2582,2625,5207,2081,1974,4055,1836,1956,3792,1360,2334,3694,463,1263,1726,27229,28332,55561
2020-08-19,4278,3893,8171,2431,2390,4821,4388,4240,8628,4598,4459,9057,3468,3490,6958,2623,2664,5287,2102,2002,4104,1855,1991,3846,1375,2372,3747,467,1278,1745,27585,28779,56364
2020-08-20,4312,3938,8250,2458,2420,4878,4454,4315,8769,4653,4530,9183,3504,3548,7052,2661,2701,5362,2130,2037,4167,1873,2011,3884,1389,2395,3784,470,1291,1761,27904,29186,57090
2020-08-21,4347,3993,8340,2494,2453,4947,4508,4386,8894,4722,4613,9335,3562,3601,7163,2706,2752,5458,2166,2075,4241,1899,2048,3947,1403,2432,3835,475,1300,1775,28282,29653,57935
2020-08-22,4369,4015,8384,2522,2476,4998,4553,4430,8983,4768,4680,9448,3602,3638,7240,2733,2775,5508,2196,2101,4297,1914,2074,3988,1413,2448,3861,478,1315,1793,28548,29952,58500
2020-08-23,4398,4053,8451,2539,2492,5031,4583,4466,9049,4803,4725,9528,3633,3666,7299,2759,2807,5566,2215,2125,4340,1923,2096,4019,1425,2455,3880,483,1320,1803,28761,30205,58966
2020-08-24,4455,4106,8561,2569,2522,5091,4639,4538,9177,4876,4801,9677,3688,3737,7425,2814,2849,5663,2248,2167,4415,1944,2125,4069,1440,2482,3922,488,1341,1829,29161,30668,59829
2020-08-25,4493,4151,8644,2609,2551,5160,4703,4628,9331,4955,4889,9844,3739,3791,7530,2851,2899,5750,2272,2198,4470,1961,2144,4105,1455,2513,3968,494,1357,1851,29532,31121,60653
2020-08-26,4548,4182,8730,2640,2591,5231,4785,4705,9490,5030,4962,9992,3788,3854,7642,2893,2950,5843,2305,2227,4532,1985,2174,4159,1472,2545,4017,497,1371,1868,29943,31561,61504
2020-08-27,4600,4222,8822,2686,2633,5319,4870,4776,9646,5109,5035,10144,3852,3922,7774,2945,2996,5941,2327,2262,4589,2013,2200,4213,1491,2577,4068,502,1392,1894,30395,32015,62410
2020-08-28,4646,4265,8911,2736,2666,5402,4963,4872,9835,5184,5121,10305,3918,3995,7913,2997,3065,6062,2354,2302,4656,2047,2231,4278,1504,2600,4104,506,1401,1907,30855,32518,63373
2020-08-29,4678,4290,8968,2756,2686,5442,5030,4934,9964,5237,5202,10439,3973,4046,8019,3033,3100,6133,2387,2325,4712,2065,2250,4315,1514,2625,4139,509,1416,1925,31182,32874,64056
2020-08-30,4706,4329,9035,2784,2708,5492,5082,4981,10063,5290,5242,10532,4020,4093,8113,3066,3128,6194,2406,2349,4755,2078,2269,4347,1521,2640,4161,512,1421,1933,31465,33160,64625
2020-08-31,4753,4363,9116,2824,2744,5568,5163,5053,10216,5357,5318,10675,4081,4158,8239,3103,3171,6274,2437,2391,4828,2107,2300,4407,1541,2682,4223,514,1435,1949,31880,33615,65495
2020-09-01,4802,4412,9214,2854,2792,5646,5239,5132,10371,5456,5408,10864,4152,4214,8366,3142,3236,6378,2463,2420,4883,2124,2328,4452,1556,2727,4283,521,1449,1970,32309,34118,66427
2020-09-02,4845,4441,9286,2880,2820,5700,5295,5212,10507,5524,5495,11019,4205,4264,8469,3186,3281,6467,2484,2449,4933,2152,2352,4504,1573,2758,4331,525,1477,2002,32669,34549,67218
2020-09-03,4887,4476,9363,2921,2852,5773,5375,5298,10673,5625,5591,11216,4266,4323,8589,3237,3323,6560,2514,2485,4999,2172,2378,4550,1586,2788,4374,529,1486,2015,33112,35000,68112
2020-09-04,4932,4529,9461,2956,2888,5844,5445,5375,10820,5705,5677,11382,4333,4403,8736,3278,3374,6652,2551,2526,5077,2200,2406,4606,1601,2815,4416,533,1502,2035,33534,35495,69029
2020-09-05,4967,4558,9525,2978,2906,5884,5503,5429,10932,5766,5760,11526,4378,4471,8849,3306,3409,6715,2580,2557,5137,2219,2425,4644,1616,2836,4452,535,1509,2044,33848,35860,69708
2020-09-06,4997,4589,9586,2997,2925,5922,5532,5473,11005,5807,5801,11608,4411,4507,8918,3326,3442,6768,2599,2583,5182,2229,2451,4680,1629,2852,4481,536,1518,2054,34063,36141,70204
2020-09-07,5036,4631,9667,3027,2962,5989,5610,5561,11171,5897,5887,11784,4473,4583,9056,3373,3509,6882,2639,2623,5262,2247,2478,4725,1643,2886,4529,543,1532,2075,34488,36652,71140
2020-09-08,5077,4672,9749,3058,2997,6055,5682,5638,11320,5989,5977,11966,4531,4647,9178,3425,3568,6993,2671,2671,5342,2277,2508,4785,1661,2914,4575,549,1552,2101,34920,37144,72064
2020-09-09,5127,4713,9840,3088,3040,6128,5758,5708,11466,6070,6055,12125,4598,4712,9310,3479,3620,7099,2704,2716,5420,2302,2539,4841,1677,2952,4629,550,1571,2121,35353,37626,72979
2020-09-10,5166,4739,9905,3130,3074,6204,5844,5789,11633,6166,6158,12324,4675,4783,9458,3525,3671,7196,2733,2750,5483,2328,2567,4895,1689,2987,4676,552,1587,2139,35808,38105,73913
2020-09-11,5212,4779,9991,3178,3106,6284,5917,5853,11770,6239,6249,12488,4737,4861,9598,3572,3739,7311,2775,2787,5562,2357,2597,4954,1708,3018,4726,555,1597,2152,36250,38586,74836
2020-09-12,5244,4804,10048,3204,3132,6336,5959,5907,11866,6286,6307,12593,4768,4907,9675,3608,3780,7388,2804,2817,5621,2380,2620,5000,1720,3050,4770,557,1610,2167,36530,38934,75464
2020-09-13,5279,4835,10114,3223,3151,6374,6000,5960,11960,6330,6368,12698,4794,4944,9738,3640,3812,7452,2835,2843,5678,2396,2631,5027,1723,3065,4788,562,1619,2181,36782,39228,76010
2020-09-14,5325,4880,10205,3263,3188,6451,6067,6058,12125,6410,6452,12862,4847,5013,9860,3700,3872,7572,2881,2894,5775,2423,2663,5086,1742,3084,4826,563,1629,2192,37221,39733,76954
2020-09-15,5379,4912,10291,3291,3210,6501,6135,6111,12246,6478,6553,13031,4900,5072,9972,3736,3920,7656,2923,2938,5861,2449,2700,5149,1758,3120,4878,564,1641,2205,37613,40177,77790
2020-09-16,5438,4959,10397,3340,3264,6604,6222,6213,12435,6547,6647,13194,4970,5140,10110,3784,3974,7758,2959,2979,5938,2471,2722,5193,1775,3150,4925,567,1653,2220,38073,40701,78774
2020-09-17,5481,4999,10480,3372,3315,6687,6294,6285,12579,6616,6729,13345,5037,5227,10264,3843,4039,7882,2999,3021,6020,2500,2750,5250,1791,3170,4961,570,1657,2227,38503,41192,79695
2020-09-18,5537,5054,10591,3400,3361,6761,6366,6371,12737,6706,6837,13543,5093,5294,10387,3889,4091,7980,3029,3072,6101,2535,2778,5313,1803,3195,4998,573,1670,2243,38931,41723,80654
2020-09-19,5557,5093,10650,3421,3397,6818,6402,6412,12814,6750,6891,13641,5123,5326,10449,3913,4115,8028,3064,3102,6166,2555,2801,5356,1818,3215,5033,577,1677,2254,39180,42029,81209
2020-09-20,5589,5126,10715,3451,3428,6879,6437,6454,12891,6795,6926,13721,5156,5364,10520,3933,4146,8079,3079,3123,6202,2576,2822,5398,1822,3232,5054,580,1685,2265,39418,42306,81724
2020-09-21,5638,5167,10805,3484,3469,6953,6505,6515,13020,6865,7015,13880,5207,5428,10635,3975,4184,8159,3116,3164,6280,2606,2850,5456,1835,3250,5085,581,1695,2276,39812,42737,82549
2020-09-22,5696,5219,10915,3528,3518,7046,6575,6604,13179,6936,7097,14033,5272,5481,10753,4027,4235,8262,3157,3195,6352,2637,2884,5521,1847,3285,5132,584,1709,2293,40259,43227,83486
2020-09-23,5749,5261,11010,3559,3555,7114,6626,6686,13312,7005,7182,14187,5321,5539,10860,4069,4284,8353,3196,3236,6432,2657,2923,5580,1858,3311,5169,586,1721,2307,40626,43698,84324
2020-09-24,5808,5311,11119,3609,3602,7211,6710,6754,13464,7091,7269,14360,5388,5605,10993,4109,4326,8435,3215,3293,6508,2677,2953,5630,1881,3338,5219,593,1743,2336,41081,44194,85275
2020-09-25,5856,5344,11200,3642,3634,7276,6775,6830,13605,7160,7342,14502,5451,5664,11115,4151,4372,8523,3253,3341,6594,2700,2981,5681,1901,3363,5264,593,1756,2349,41482,44627,86109
2020-09-26,5884,5371,11255,3673,3661,7334,6816,6870,13686,7213,7389,14602,5494,5705,11199,4178,4418,8596,3281,3363,6644,2721,2997,5718,1911,3383,5294,599,1765,2364,41770,44922,86692
2020-09-27,5917,5403,11320,3690,3688,7378,6862,6925,13787,7253,7436,14689,5538,5743,11281,4206,4451,8657,3305,3383,6688,2727,3014,5741,1921,3397,5318,601,1771,2372,42020,45211,87231
2020-09-28,5969,5444,11413,3723,3719,7442,6922,6989,13911,7329,7512,14841,5614,5793,11407,4270,4516,8786,3352,3412,6764,2750,3044,5794,1939,3425,5364,605,1791,2396,42473,45645,88118
2020-09-29,6028,5496,11524,3771,3771,7542,7008,7055,14063,7424,7609,15033,5686,5855,11541,4314,4561,8875,3398,3461,6859,2781,3097,5878,1962,3465,5427,607,1814,2421,42979,46184,89163
2020-09-30,6086,5553,11639,3808,3813,7621,7087,7145,14232,7497,7682,15179,5745,5912,11657,4367,4619,8986,3439,3513,6952,2815,3129,5944,1973,3490,5463,612,1823,2435,43429,46679,90108
2020-10-01,6139,5622,11761,3848,3877,7725,7167,7244,14411,7585,7776,15361,5803,5981,11784,4415,4667,9082,3483,3561,7044,2848,3181,6029,1986,3510,5496,616,1835,2451,43890,47254,91144
2020-10-02,6208,5685,11893,3890,3919,7809,7239,7336,14575,7655,7870,15525,5864,6050,11914,4469,4715,9184,3530,3607,7137,2878,3223,6101,2000,3548,5548,620,1850,2470,44353,47803,92156
2020-10-03,6240,5719,11959,3918,3956,7874,7291,7386,14677,7710,7925,15635,5908,6090,11998,4508,4748,9256,3550,3639,7189,2899,3244,6143,2008,3568,5576,624,1856,2480,44656,48131,92787
2020-10-04,6279,5755,12034,3946,3981,7927,7339,7441,14780,7746,7967,15713,5948,6130,12078,4537,4777,9314,3573,3660,7233,2915,3262,6177,2017,3593,5610,627,1859,2486,44927,48425,93352
2020-10-05,6312,5802,12114,3981,4014,7995,7409,7511,14920,7844,8053,15897,6038,6195,12233,4592,4834,9426,3637,3706,7343,2949,3310,6259,2038,3623,5661,630,1866,2496,45430,48914,94344
2020-10-06,6353,5860,12213,4024,4057,8081,7480,7579,15059,7930,8130,16060,6129,6257,12386,4647,4885,9532,3680,3749,7429,2982,3349,6331,2057,3651,5708,636,1877,2513,45918,49394,95312
2020-10-07,6414,5899,12313,4056,4092,8148,7559,7663,15222,8022,8235,16257,6194,6330,12524,4688,4959,9647,3728,3799,7527,3016,3387,6403,2075,3682,5757,644,1883,2527,46396,49929,96325
2020-10-08,6472,5944,12416,4098,4127,8225,7636,7745,15381,8101,8331,16432,6261,6397,12658,4734,5020,9754,3769,3841,7610,3050,3425,6475,2088,3712,5800,649,1907,2556,46858,50449,97307
2020-10-09,6518,6005,12523,4155,4181,8336,7702,7854,15556,8202,8446,16648,6324,6476,12800,4789,5091,9880,3811,3889,7700,3078,3470,6548,2101,3740,5841,653,1922,2575,47333,51074,98407
2020-10-10,6546,6047,12593,4193,4215,8408,7771,7928,15699,8270,8518,16788,6377,6538,12915,4835,5149,9984,3851,3924,7775,3096,3500,6596,2118,3764,5882,663,1934,2597,47720,51517,99237
2020-10-11,6591,6082,12673,4219,4240,8459,7821,8002,15823,8330,8603,16933,6433,6587,13020,4875,5187,10062,3894,3964,7858,3115,3531,6646,2134,3789,5923,665,1943,2608,48077,51928,100005
2020-10-12,6631,6120,12751,4269,4284,8553,7907,8100,16007,8416,8702,17118,6509,6675,13184,4930,5267,10197,3955,4011,7966,3157,3580,6737,2158,3838,5996,667,1962,2629,48599,52539,101138
2020-10-13,6705,6183,12888,4337,4341,8678,8041,8237,16278,8546,8853,17399,6588,6779,13367,5023,5370,10393,4021,4073,8094,3200,3640,6840,2189,3890,6079,675,1986,2661,49325,53352,102677
2020-10-14,6772,6238,13010,4388,4407,8795,8153,8385,16538,8669,8999,17668,6666,6885,13551,5091,5454,10545,4088,4127,8215,3258,3702,6960,2212,3926,6138,675,2006,2681,49972,54129,104101
2020-10-15,6831,6290,13121,4448,4472,8920,8283,8533,16816,8819,9159,17978,6788,7019,13807,5181,5556,10737,4155,4210,8365,3298,3759,7057,2231,3967,6198,683,2021,2704,50717,54986,105703
2020-10-16,6911,6345,13256,4515,4553,9068,8445,8716,17161,8981,9306,18287,6913,7158,14071,5271,5666,10937,4218,4283,8501,3341,3822,7163,2262,4019,6281,686,2055,2741,51543,55923,107466
2020-10-17,6947,6389,13336,4559,4604,9163,8550,8814,17364,9078,9432,18510,6996,7254,14250,5318,5725,11043,4262,4344,8606,3385,3867,7252,2276,4052,6328,690,2070,2760,52061,56551,108612
2020-10-18,6979,6426,13405,4587,4638,9225,8592,8874,17466,9146,9524,18670,7032,7310,14342,5362,5768,11130,4293,4374,8667,3411,3907,7318,2287,4094,6381,691,2082,2773,52380,56997,109377
2020-10-19,7070,6497,13567,4657,4718,9375,8729,9055,17784,9309,9712,19021,7176,7479,14655,5466,5871,11337,4382,4460,8842,3466,3977,7443,2314,4146,6460,694,2098,2792,53263,58013,111276
2020-10-20,7144,6580,13724,4736,4793,9529,8896,9220,18116,9457,9875,19332,7301,7640,14941,5559,5976,11535,4461,4534,8995,3509,4032,7541,2350,4196,6546,695,2121,2816,54108,58967,113075
2020-10-21,7198,6620,13818,4826,4858,9684,9012,9377,18389,9578,10000,19578,7402,7753,15155,5640,6051,11691,4530,4596,9126,3545,4079,7624,2372,4246,6618,698,2140,2838,54801,59720,114521
2020-10-22,7251,6672,13923,4908,4938,9846,9114,9514,18628,9690,10126,19816,7506,7871,15377,5719,6144,11863,4582,4664,9246,3577,4126,7703,2398,4288,6686,703,2163,2866,55448,60506,115954
2020-10-23,7299,6717,14016,4962,4983,9945,9202,9616,18818,9779,10238,20017,7578,7975,15553,5790,6207,11997,4631,4733,9364,3622,4170,7792,2423,4307,6730,708,2188,2896,55994,61134,117128
2020-10-24,7329,6751,14080,4990,5028,10018,9270,9676,18946,9838,10307,20145,7630,8033,15663,5835,6252,12087,4659,4771,9430,3649,4199,7848,2432,4330,6762,713,2201,2914,56345,61548,117893
2020-10-25,7374,6785,14159,5013,5069,10082,9339,9756,19095,9905,10411,20316,7691,8095,15786,5891,6320,12211,4696,4812,9508,3676,4233,7909,2440,4349,6789,717,2204,2921,56742,62034,118776
2020-10-26,7430,6836,14266,5087,5130,10217,9447,9883,19330,10027,10556,20583,7770,8210,15980,5966,6417,12383,4747,4879,9626,3721,4290,8011,2459,4399,6858,721,2223,2944,57375,62823,120198
2020-10-27,7479,6894,14373,5141,5186,10327,9573,10023,19596,10139,10686,20825,7884,8310,16194,6046,6526,12572,4826,4968,9794,3769,4346,8115,2478,4432,6910,724,2233,2957,58059,63604,121663
2020-10-28,7537,6950,14487,5193,5237,10430,9669,10170,19839,10259,10822,21081,7955,8403,16358,6127,6618,12745,4886,5025,9911,3803,4384,8187,2491,4466,6957,727,2248,2975,58647,64323,122970
2020-10-29,7582,6991,14573,5236,5295,10531,9805,10292,20097,10398,10964,21362,8039,8510,16549,6188,6699,12887,4941,5093,10034,3833,4420,8253,2509,4495,7004,729,2256,2985,59260,65015,124275
2020-10-30,7634,7028,14662,5275,5355,10630,9901,10429,20330,10516,11097,21613,8131,8606,16737,6241,6774,13015,4995,5157,10152,3859,4455,8314,2528,4526,7054,734,2273,3007,59814,65700,125514
2020-10-31,7669,7055,14724,5299,5389,10688,9964,10494,20458,10587,11195,21782,8179,8670,16849,6280,6819,13099,5032,5206,10238,3886,4486,8372,2535,4545,7080,737,2282,3019,60168,66141,126309
2020-11-01,7724,7098,14822,5335,5448,10783,10035,10586,20621,10669,11294,21963,8252,8738,16990,6327,6883,13210,5072,5262,10334,3915,4515,8430,2545,4569,7114,740,2287,3027,60614,66680,127294
2020-11-02,7778,7157,14935,5386,5511,10897,10152,10717,20869,10796,11407,22203,8339,8850,17189,6402,6962,13364,5142,5331,10473,3960,4556,8516,2565,4600,7165,743,2300,3043,61263,67391,128654
2020-11-03,7820,7195,15015,5421,5555,10976,10243,10832,21075,10893,11505,22398,8408,8909,17317,6464,7024,13488,5193,5379,10572,4000,4594,8594,2585,4636,7221,744,2312,3056,61771,67941,129712
2020-11-04,7868,7246,15114,5469,5613,11082,10384,10971,21355,11004,11643,22647,8529,9029,17558,6537,7112,13649,5266,5448,10714,4046,4637,8683,2607,4681,7288,755,2326,3081,62465,68706,131171
2020-11-05,7930,7301,15231,5552,5692,11244,10537,11118,21655,11157,11794,22951,8649,9141,17790,6635,7226,13861,5328,5520,10848,4090,4680,8770,2626,4710,7336,758,2340,3098,63262,69522,132784
2020-11-06,7967,7346,15313,5588,5741,11329,10618,11210,21828,11236,11894,23130,8703,9208,17911,6696,7290,13986,5370,5571,10941,4121,4729,8850,2640,4740,7380,762,2349,3111,63701,70078,133779
2020-11-07,8009,7386,15395,5628,5790,11418,10679,11296,21975,11297,11993,23290,8766,9278,18044,6744,7361,14105,5421,5626,11047,4154,4763,8917,2662,4760,7422,769,2354,3123,64129,70607,134736
2020-11-08,8058,7444,15502,5671,5839,11510,10751,11378,22129,11375,12096,23471,8830,9356,18186,6797,7418,14215,5466,5680,11146,4184,4794,8978,2672,4781,7453,773,2359,3132,64577,71145,135722
2020-11-09,8129,7511,15640,5749,5899,11648,10852,11511,22363,11495,12257,23752,8928,9472,18400,6892,7505,14397,5531,5753,11284,4213,4839,9052,2699,4822,7521,777,2369,3146,65265,71938,137203
2020-11-10,8176,7552,15728,5796,5958,11754,10947,11607,22554,11613,12383,23996,9005,9546,18551,6959,7576,14535,5600,5801,11401,4252,4874,9126,2724,4852,7576,781,2380,3161,65853,72529,138382
2020-11-11,8233,7606,15839,5846,6019,11865,11061,11738,22799,11727,12497,24224,9109,9647,18756,7037,7664,14701,5649,5851,11500,4292,4913,9205,2746,4891,7637,785,2398,3183,66485,73224,139709
2020-11-12,8295,7656,15951,5902,6075,11977,11163,11884,23047,11872,12645,24517,9213,9758,18971,7122,7737,14859,5705,5928,11633,4336,4963,9299,2768,4929,7697,787,2410,3197,67163,73985,141148
2020-11-13,8355,7696,16051,5959,6130,12089,11272,12029,23301,11969,12762,24731,9300,9856,19156,7196,7808,15004,5779,5997,11776,4376,5008,9384,2791,4965,7756,791,2424,3215,67788,74675,142463
2020-11-14,8419,7749,16168,5995,6163,12158,11338,12120,23458,12059,12863,24922,9355,9931,19286,7242,7865,15107,5836,6028,11864,4403,5050,9453,2802,4988,7790,795,2428,3223,68244,75185,143429
2020-11-15,8473,7811,16284,6050,6193,12243,11410,12224,23634,12159,12946,25105,9427,10009,19436,7296,7930,15226,5885,6081,11966,4432,5087,9519,2811,5013,7824,795,2442,3237,68738,75736,144474
2020-11-16,8533,7873,16406,6113,6237,12350,11497,12328,23825,12253,13064,25317,9517,10099,19616,7345,8006,15351,5938,6145,12083,4471,5133,9604,2828,5044,7872,800,2463,3263,69295,76392,145687
2020-11-17,8594,7945,16539,6184,6299,12483,11619,12458,24077,12390,13209,25599,9625,10213,19838,7419,8087,15506,6009,6233,12242,4519,5194,9713,2838,5079,7917,803,2473,3276,70000,77190,147190
2020-11-18,8651,8006,16657,6260,6360,12620,11749,12595,24344,12540,13357,25897,9718,10313,20031,7492,8159,15651,6066,6289,12355,4568,5246,9814,2854,5124,7978,805,2481,3286,70703,77930,148633
2020-11-19,8714,8051,16765,6338,6434,12772,11872,12752,24624,12658,13514,26172,9805,10413,20218,7570,8245,15815,6130,6360,12490,4607,5290,9897,2877,5161,8038,808,2491,3299,71379,78711,150090
2020-11-20,8776,8100,16876,6389,6490,12879,11982,12879,24861,12770,13642,26412,9883,10514,20397,7636,8316,15952,6188,6414,12602,4639,5327,9966,2897,5190,8087,812,2504,3316,71972,79376,151348
2020-11-21,8826,8145,16971,6425,6538,12963,12051,12965,25016,12860,13726,26586,9949,10582,20531,7679,8373,16052,6228,6457,12685,4665,5347,10012,2907,5204,8111,815,2517,3332,72405,79854,152259
2020-11-22,8867,8181,17048,6464,6576,13040,12117,13034,25151,12921,13806,26727,10013,10641,20654,7713,8411,16124,6266,6506,12772,4691,5364,10055,2917,5226,8143,816,2526,3342,72785,80271,153056
2020-11-23,8928,8241,17169,6509,6626,13135,12203,13128,25331,13021,13896,26917,10092,10720,20812,7765,8469,16234,6310,6557,12867,4723,5403,10126,2934,5254,8188,822,2538,3360,73307,80832,154139
2020-11-24,8983,8308,17291,6577,6687,13264,12302,13242,25544,13164,14012,27176,10195,10813,21008,7837,8546,16383,6376,6617,12993,4762,5451,10213,2960,5289,8249,824,2544,3368,73980,81509,155489
2020-11-25,9049,8364,17413,6648,6750,13398,12434,13371,25805,13301,14146,27447,10294,10898,21192,7902,8611,16513,6442,6676,13118,4786,5498,10284,2980,5321,8301,829,2553,3382,74665,82188,156853
2020-11-26,9104,8425,17529,6722,6824,13546,12559,13501,26060,13422,14294,27716,10372,11006,21378,7978,8690,16668,6511,6736,13247,4826,5550,10376,2995,5354,8349,838,2565,3403,75327,82945,158272
2020-11-27,9141,8469,17610,6769,6867,13636,12661,13632,26293,13515,14410,27925,10448,11064,21512,8036,8760,16796,6557,6781,13338,4858,5591,10449,3009,5391,8400,843,2569,3412,75837,83534,159371
2020-11-28,9198,8504,17702,6813,6910,13723,12748,13716,26464,13579,14503,28082,10507,11132,21639,8099,8817,16916,6585,6823,13408,4886,5630,10516,3019,5421,8440,845,2573,3418,76279,84029,160308
2020-11-29,9256,8553,17809,6851,6960,13811,12841,13817,26658,13669,14607,28276,10585,11204,21789,8149,8875,17024,6637,6879,13516,4912,5661,10573,3035,5436,8471,846,2579,3425,76781,84571,161352
2020-11-30,9330,8618,17948,6924,7015,13939,12990,13987,26977,13806,14752,28558,10702,11320,22022,8216,8961,17177,6710,6964,13674,4961,5716,10677,3055,5470,8525,853,2588,3441,77547,85391,162938
2020-12-01,9380,8677,18057,6981,7086,14067,13124,14132,27256,13923,14892,28815,10796,11426,22222,8262,9032,17294,6778,7049,13827,5007,5764,10771,3076,5501,8577,855,2591,3446,78182,86150,164332
2020-12-02,9413,8707,18120,7025,7131,14156,13208,14230,27438,13999,14993,28992,10861,11515,22376,8311,9083,17394,6819,7087,13906,5037,5800,10837,3091,5518,8609,859,2601,3460,78623,86665,165288
2020-12-03,9461,8760,18221,7085,7195,14280,13317,14390,27707,14129,15144,29273,10962,11615,22577,8385,9153,17538,6883,7162,14045,5079,5835,10914,3106,5545,8651,861,2608,3469,79268,87407,166675
2020-12-04,9515,8817,18332,7149,7257,14406,13424,14507,27931,14246,15270,29516,11054,11721,22775,8463,9243,17706,6940,7245,14185,5122,5878,11000,3126,5579,8705,868,2617,3485,79907,88134,168041
2020-12-05,9560,8865,18425,7199,7301,14500,13519,14598,28117,14355,15355,29710,11120,11788,22908,8506,9292,17798,6979,7288,14267,5144,5903,11047,3137,5600,8737,873,2625,3498,80392,88615,169007
2020-12-06,9598,8906,18504,7237,7333,14570,13586,14670,28256,14423,15421,29844,11170,11858,23028,8543,9335,17878,7015,7326,14341,5171,5935,11106,3154,5616,8770,874,2629,3503,80771,89029,169800
2020-12-07,9631,8952,18583,7294,7373,14667,13685,14776,28461,14507,15519,30026,11234,11939,23173,8587,9388,17975,7049,7366,14415,5198,5973,11171,3168,5636,8804,877,2635,3512,81230,89557,170787
2020-12-08,9672,8998,18670,7328,7419,14747,13780,14879,28659,14601,15616,30217,11303,12002,23305,8645,9448,18093,7095,7413,14508,5220,6012,11232,3177,5655,8832,881,2640,3521,81702,90082,171784
2020-12-09,9728,9047,18775,7381,7482,14863,13938,15052,28990,14771,15793,30564,11430,12116,23546,8757,9574,18331,7194,7506,14700,5267,6081,11348,3196,5690,8886,884,2657,3541,82546,90998,173544
2020-12-10,9791,9096,18887,7473,7585,15058,14113,15255,29368,14960,16018,30978,11567,12268,23835,8887,9713,18600,7294,7607,14901,5310,6124,11434,3214,5733,8947,891,2667,3558,83500,92066,175566
2020-12-11,9847,9153,19000,7545,7667,15212,14300,15480,29780,15163,16237,31400,11707,12416,24123,9017,9865,18882,7409,7737,15146,5370,6193,11563,3234,5762,8996,893,2675,3568,84485,93185,177670
2020-12-12,9903,9203,19106,7620,7741,15361,14446,15644,30090,15320,16429,31749,11863,12565,24428,9136,9985,19121,7486,7851,15337,5416,6254,11670,3245,5786,9031,895,2685,3580,85330,94143,179473
2020-12-13,9960,9240,19200,7679,7814,15493,14562,15788,30350,15465,16607,32072,11985,12695,24680,9254,10098,19352,7569,7928,15497,5454,6286,11740,3256,5810,9066,901,2690,3591,86085,94956,181041
2020-12-14,10037,9293,19330,7752,7892,15644,14748,15989,30737,15656,16805,32461,12130,12851,24981,9383,10236,19619,7678,8049,15727,5514,6358,11872,3280,5841,9121,910,2702,3612,87088,96016,183104
2020-12-15,10098,9343,19441,7829,7974,15803,14901,16187,31088,15853,16991,32844,12265,12980,25245,9509,10387,19896,7791,8167,15958,5571,6413,11984,3294,5861,9155,913,2714,3627,88024,97017,185041
2020-12-16,10138,9394,19532,7922,8096,16018,15085,16426,31511,16091,17261,33352,12443,13175,25618,9680,10552,20232,7938,8314,16252,5648,6490,12138,3316,5885,9201,917,2726,3643,89178,98319,187497
2020-12-17,10206,9464,19670,8024,8192,16216,15272,16678,31950,16351,17562,33913,12641,13383,26024,9838,10708,20546,8013,8426,16439,5709,6540,12249,3328,5908,9236,919,2734,3653,90301,99595,189896
2020-12-18,10284,9525,19809,8146,8328,16474,15504,16947,32451,16624,17865,34489,12845,13611,26456,10006,10903,20909,8204,8610,16814,5808,6627,12435,3346,5958,9304,923,2740,3663,91690,101114,192804
2020-12-19,10345,9579,19924,8239,8427,16666,15666,17162,32828,16915,18147,35062,13019,13809,26828,10151,11052,21203,8336,8774,17110,5868,6700,12568,3363,5985,9348,925,2745,3670,92827,102380,195207
2020-12-20,10396,9644,20040,8347,8540,16887,15853,17369,33222,17189,18439,35628,13213,14023,27236,10325,11241,21566,8473,8914,17387,5934,6761,12695,3376,6002,9378,928,2753,3681,94034,103686,197720
2020-12-21,10469,9725,20194,8473,8648,17121,16115,17629,33744,17499,18780,36279,13465,14248,27713,10512,11442,21954,8643,9090,17733,6009,6851,12860,3390,6048,9438,933,2759,3692,95508,105220,200728
2020-12-22,10551,9804,20355,8618,8789,17407,16395,17954,34349,17852,19174,37026,13731,14506,28237,10709,11635,22344,8830,9275,18105,6098,6923,13021,3409,6080,9489,937,2764,3701,97130,106904,204034
2020-12-23,10643,9881,20524,8781,8920,17701,16698,18287,34985,18206,19520,37726,13976,14798,28774,10902,11825,22727,8974,9444,18418,6166,6998,13164,3439,6119,9558,944,2779,3723,98729,108571,207300
2020-12-24,10694,9929,20623,8849,9004,17853,16872,18464,35336,18430,19720,38150,14124,14939,29063,10991,11932,22923,9045,9542,18587,6214,7044,13258,3444,6142,9586,947,2784,3731,99610,109500,209110
2020-12-25,10721,9952,20673,8879,9037,17916,16923,18505,35428,18483,19788,38271,14158,14973,29131,11021,11966,22987,9064,9569,18633,6230,7054,13284,3451,6158,9609,950,2788,3738,99880,109790,209670
2020-12-26,10789,10006,20795,9024,9202,18226,17137,18772,35909,18810,20097,38907,14374,15223,29597,11195,12138,23333,9172,9710,18882,6286,7121,13407,3470,6188,9658,951,2801,3752,101208,111258,212466
2020-12-27,10830,10046,20876,9200,9369,18569,17370,18984,36354,19146,20413,39559,14650,15489,30139,11372,12348,23720,9329,9861,19190,6351,7203,13554,3493,6223,9716,954,2812,3766,102695,112748,215443
2020-12-28,10923,10124,21047,9408,9603,19011,17722,19370,37092,19623,20898,40521,14986,15850,30836,11614,12631,24245,9497,10064,19561,6431,7297,13728,3521,6272,9793,957,2828,3785,104682,114937,219619
2020-12-29,10999,10192,21191,9608,9811,19419,18057,19746,37803,19985,21248,41233,15313,16185,31498,11814,12847,24661,9660,10251,19911,6514,7400,13914,3547,6330,9877,966,2842,3808,106463,116852,223315
2020-12-30,11077,10258,21335,9826,10057,19883,18406,20110,38516,20439,21655,42094,15612,16535,32147,12051,13135,25186,9832,10429,20261,6602,7491,14093,3573,6375,9948,969,2854,3823,108387,118899,227286
2020-12-31,11136,10314,21450,9985,10214,20199,18658,20362,39020,20701,21974,42675,15829,16797,32626,12211,13288,25499,9907,10522,20429,6646,7551,14197,3587,6404,9991,970,2862,3832,109630,120288,229918
2021-01-01,11157,10332,21489,10017,10249,20266,18707,20420,39127,20756,22044,42800,15876,16851,32727,12255,13334,25589,9932,10545,20477,6663,7570,14233,3592,6420,10012,971,2866,3837,109926,120631,230557
2021-01-02,11228,10388,21616,10158,10408,20566,18935,20676,39611,21044,22349,43393,16083,17085,33168,12406,13532,25938,10096,10704,20800,6735,7649,14384,3607,6455,10062,975,2874,3849,111267,122120,233387
2021-01-03,11275,10441,21716,10375,10617,20992,19263,21083,40346,21513,22793,44306,16397,17462,33859,12630,13810,26440,10293,10913,21206,6818,7756,14574,3630,6492,10122,978,2882,3860,113172,124249,237421
2021-01-04,11351,10511,21862,10558,10793,21351,19710,21578,41288,22006,23331,45337,16757,17860,34617,12861,14102,26963,10488,11111,21599,6921,7863,14784,3665,6554,10219,982,2894,3876,115299,126597,241896
2021-01-05,11420,10588,22008,10778,11020,21798,20175,22117,42292,22520,23872,46392,17138,18257,35395,13114,14391,27505,10692,11405,22097,7025,7978,15003,3695,6617,10312,987,2907,3894,117544,129152,246696
2021-01-06,11495,10656,22151,11023,11245,22268,20642,22599,43241,23004,24365,47369,17528,18639,36167,13395,14701,28096,10901,11649,22550,7136,8112,15248,3726,6678,10404,991,2925,3916,119841,131569,251410
2021-01-07,11566,10721,22287,11209,11455,22664,20990,22985,43975,23424,24782,48206,17828,18929,36757,13593,14955,28548,11074,11848,22922,7216,8232,15448,3753,6731,10484,993,2936,3929,121646,133574,255220
2021-01-08,11639,10793,22432,11411,11677,23088,21368,23373,44741,23763,25202,48965,18079,19287,37366,13795,15195,28990,11206,12020,23226,7293,8341,15634,3781,6770,10551,1000,2945,3945,123335,135603,258938
2021-01-09,11690,10849,22539,11580,11881,23461,21665,23725,45390,24151,25629,49780,18347,19595,37942,13991,15436,29427,11342,12207,23549,7349,8421,15770,3803,6813,10616,1000,2958,3958,124918,137514,262432
2021-01-10,11752,10907,22659,11788,12104,23892,21973,24070,46043,24496,26045,50541,18615,19903,38518,14186,15659,29845,11485,12344,23829,7395,8501,15896,3816,6845,10661,1001,2971,3972,126507,139349,265856
2021-01-11,11827,10959,22786,12011,12348,24359,22414,24552,46966,24946,26550,51496,18925,20247,39172,14418,15925,30343,11633,12543,24176,7475,8583,16058,3838,6883,10721,1002,2979,3981,128489,141569,270058
2021-01-12,11917,11015,22932,12207,12560,24767,22774,24980,47754,25271,26949,52220,19187,20568,39755,14611,16178,30789,11792,12696,24488,7536,8664,16200,3868,6917,10785,1006,2989,3995,130169,143516,273685
2021-01-13,12017,11108,23125,12431,12810,25241,23198,25421,48619,25661,27367,53028,19500,20909,40409,14832,16446,31278,11965,12912,24877,7614,8743,16357,3886,6966,10852,1012,2993,4005,132116,145675,277791
2021-01-14,12093,11189,23282,12660,13047,25707,23571,25841,49412,26033,27801,53834,19780,21236,41016,15049,16733,31782,12118,13097,25215,7688,8827,16515,3906,7004,10910,1015,2999,4014,133913,147774,281687
2021-01-15,12183,11262,23445,13019,13414,26433,24014,26364,50378,26594,28406,55000,20195,21709,41904,15392,17109,32501,12297,13328,25625,7773,8937,16710,3929,7049,10978,1019,3008,4027,136415,150586,287001
2021-01-16,12233,11301,23534,13440,13814,27254,24410,26836,51246,27089,28968,56057,20647,22207,42854,15726,17435,33161,12511,13568,26079,7892,9053,16945,3953,7090,11043,1020,3017,4037,138921,153289,292210
2021-01-17,12285,11334,23619,13759,14181,27940,24793,27326,52119,27545,29470,57015,21130,22728,43858,16031,17757,33788,12666,13743,26409,7966,9142,17108,3971,7119,11090,1022,3019,4041,141168,155819,296987
2021-01-18,12366,11410,23776,14188,14616,28804,25306,27877,53183,28124,30076,58200,21659,23288,44947,16418,18173,34591,12921,14027,26948,8079,9274,17353,4006,7171,11177,1024,3026,4050,144091,158938,303029
2021-01-19,12450,11479,23929,14587,15014,29601,25788,28397,54185,28688,30654,59342,22168,23840,46008,16758,18580,35338,13169,14315,27484,8192,9414,17606,4027,7226,11253,1031,3039,4070,146858,161958,308816
2021-01-20,12536,11552,24088,14986,15394,30380,26242,28882,55124,29195,31154,60349,22631,24318,46949,17114,18979,36093,13432,14606,28038,8329,9561,17890,4057,7273,11330,1037,3052,4089,149559,164771,314330
2021-01-21,12638,11625,24263,15246,15703,30949,26639,29294,55933,29579,31584,61163,22955,24733,47688,17367,19334,36701,13629,14812,28441,8416,9660,18076,4095,7321,11416,1044,3066,4110,151608,167132,318740
2021-01-22,12709,11699,24408,15556,15995,31551,26959,29698,56657,29896,31985,61881,23287,25106,48393,17594,19601,37195,13806,15011,28817,8499,9760,18259,4115,7364,11479,1047,3069,4116,153468,169288,322756
2021-01-23,12752,11738,24490,15888,16295,32183,27305,30090,57395,30247,32382,62629,23594,25404,48998,17850,19878,37728,13931,15169,29100,8545,9821,18366,4132,7394,11526,1050,3076,4126,155294,171247,326541
2021-01-24,12805,11785,24590,16258,16643,32901,27681,30507,58188,30624,32791,63415,23988,25831,49819,18138,20167,38305,14087,15350,29437,8605,9909,18514,4152,7429,11581,1052,3082,4134,157390,173494,330884
2021-01-25,12877,11875,24752,16698,17075,33773,28187,31057,59244,31099,33336,64435,24442,26327,50769,18442,20532,38974,14309,15586,29895,8711,10032,18743,4184,7489,11673,1058,3094,4152,160007,176403,336410
2021-01-26,12975,11950,24925,17095,17425,34520,28602,31503,60105,31504,33753,65257,24818,26741,51559,18725,20878,39603,14512,15827,30339,8805,10143,18948,4211,7548,11759,1063,3108,4171,162310,178876,341186
2021-01-27,13063,12033,25096,17429,17759,35188,28981,31919,60900,31898,34196,66094,25151,27155,52306,18987,21180,40167,14690,16014,30704,8880,10237,19117,4243,7601,11844,1065,3124,4189,164387,181218,345605
2021-01-28,13141,12106,25247,17693,18047,35740,29312,32284,61596,32251,34556,66807,25420,27468,52888,19208,21451,40659,14852,16206,31058,8974,10340,19314,4272,7647,11919,1070,3138,4208,166193,183243,349436
2021-01-29,13201,12191,25392,18106,18443,36549,29746,32733,62479,32707,35076,67783,25830,27931,53761,19532,21791,41323,15076,16464,31540,9065,10473,19538,4296,7703,11999,1074,3148,4222,168633,185953,354586
2021-01-30,13254,12228,25482,18636,18987,37623,30130,33183,63313,33187,35641,68828,26344,28513,54857,19929,22209,42138,15284,16738,32022,9161,10604,19765,4321,7749,12070,1076,3156,4232,171322,189008,360330
2021-01-31,13301,12272,25573,19427,19787,39214,30643,33732,64375,33787,36333,70120,27106,29373,56479,20434,22774,43208,15534,17014,32548,9265,10737,20002,4346,7795,12141,1078,3168,4246,174921,192985,367906
2021-02-01,13370,12340,25710,20055,20507,40562,31102,34321,65423,34380,36997,71377,27793,30123,57916,20961,23298,44259,15810,17362,33172,9368,10906,20274,4388,7845,12233,1080,3177,4257,178307,196876,375183
2021-02-02,13438,12408,25846,20581,21117,41698,31532,34799,66331,34928,37634,72562,28465,30843,59308,21426,23820,45246,16127,17708,33835,9524,11102,20626,4428,7906,12334,1083,3189,4272,181532,200526,382058
2021-02-03,13490,12483,25973,21035,21532,42567,31947,35267,67214,35422,38172,73594,28962,31409,60371,21813,24249,46062,16405,18022,34427,9654,11270,20924,4463,7965,12428,1088,3200,4288,184279,203569,387848
2021-02-04,13559,12547,26106,21293,21794,43087,32267,35654,67921,35781,38569,74350,29258,31826,61084,22068,24573,46641,16568,18258,34826,9743,11400,21143,4490,8008,12498,1091,3217,4308,186118,205846,391964
2021-02-05,13624,12611,26235,21534,22027,43561,32572,35993,68565,36092,38935,75027,29563,32142,61705,22280,24838,47118,16740,18472,35212,9830,11505,21335,4504,8057,12561,1093,3225,4318,187832,207805,395637
2021-02-06,13666,12650,26316,21808,22332,44140,32844,36309,69153,36406,39339,75745,29864,32508,62372,22545,25128,47673,16887,18653,35540,9903,11599,21502,4521,8094,12615,1093,3232,4325,189537,209844,399381
2021-02-07,13711,12701,26412,22098,22639,44737,33099,36618,69717,36744,39720,76464,30189,32889,63078,22784,25427,48211,17025,18798,35823,9972,11681,21653,4539,8120,12659,1099,3237,4336,191260,211830,403090
2021-02-08,13794,12770,26564,22490,23098,45588,33494,37071,70565,37230,40282,77512,30704,33486,64190,23089,25808,48897,17220,19044,36264,10074,11802,21876,4567,8184,12751,1103,3255,4358,193765,214800,408565
2021-02-09,13865,12815,26680,22825,23452,46277,33853,37482,71335,37727,40768,78495,31129,33997,65126,23411,26171,49582,17459,19294,36753,10182,11937,22119,4604,8250,12854,1108,3269,4377,196163,217435,413598
2021-02-10,13930,12861,26791,23077,23707,46784,34149,37845,71994,38093,41213,79306,31510,34408,65918,23647,26491,50138,17629,19501,37130,10279,12039,22318,4635,8291,12926,1108,3279,4387,198057,219635,417692
2021-02-11,13998,12914,26912,23288,23972,47260,34402,38190,72592,38465,41612,80077,31833,34798,66631,23859,26777,50636,17801,19691,37492,10367,12136,22503,4660,8342,13002,1112,3288,4400,199785,221720,421505
2021-02-12,14066,12967,27033,23550,24245,47795,34672,38483,73155,38859,42043,80902,32188,35209,67397,24080,27077,51157,17962,19911,37873,10457,12240,22697,4692,8392,13084,1114,3302,4416,201640,223869,425509
2021-02-13,14111,12998,27109,23872,24626,48498,34953,38800,73753,39290,42536,81826,32600,35737,68337,24348,27397,51745,18128,20102,38230,10518,12341,22859,4715,8427,13142,1118,3313,4431,203653,226277,429930
2021-02-14,14146,13027,27173,24214,24994,49208,35182,39124,74306,39723,43049,82772,33075,36296,69371,24605,27720,52325,18315,20302,38617,10606,12459,23065,4732,8451,13183,1120,3324,4444,205718,228746,434464
2021-02-15,14180,13077,27257,24650,25453,50103,35519,39529,75048,40252,43650,83902,33679,36968,70647,24962,28116,53078,18497,20522,39019,10686,12572,23258,4752,8507,13259,1122,3335,4457,208299,231729,440028
2021-02-16,14220,13105,27325,25107,25857,50964,35950,40084,76034,40866,44371,85237,34251,37649,71900,25302,28446,53748,18671,20710,39381,10759,12686,23445,4767,8542,13309,1130,3340,4470,211023,234790,445813
2021-02-17,14280,13179,27459,25405,26186,51591,36491,40686,77177,41402,44941,86343,34686,38105,72791,25607,28796,54403,18922,20978,39900,10867,12826,23693,4790,8596,13386,1135,3354,4489,213585,237647,451232
2021-02-18,14335,13237,27572,25670,26475,52145,36939,41172,78111,41906,45482,87388,35069,38559,73628,25914,29126,55040,19141,21228,40369,10974,12964,23938,4820,8644,13464,1137,3361,4498,215905,240248,456153
2021-02-19,14401,13287,27688,25895,26785,52680,37341,41607,78948,42342,46010,88352,35441,38970,74411,26193,29462,55655,19337,21468,40805,11076,13102,24178,4844,8693,13537,1140,3369,4509,218010,242753,460763
2021-02-20,14456,13328,27784,26097,27049,53146,37688,41980,79668,42709,46488,89197,35772,39383,75155,26445,29780,56225,19479,21712,41191,11146,13194,24340,4865,8729,13594,1145,3373,4518,219802,245016,464818
2021-02-21,14516,13364,27880,26312,27290,53602,37985,42390,80375,43105,46931,90036,36103,39769,75872,26652,30058,56710,19647,21921,41568,11214,13283,24497,4887,8758,13645,1150,3382,4532,221571,247146,468717
2021-02-22,14596,13450,28046,26524,27582,54106,38363,42846,81209,43533,47461,90994,36455,40194,76649,26924,30383,57307,19848,22170,42018,11310,13393,24703,4928,8795,13723,1153,3389,4542,223634,249663,473297
2021-02-23,14684,13523,28207,26729,27800,54529,38693,43231,81924,43908,47892,91800,36765,40564,77329,27173,30689,57862,20043,22403,42446,11411,13525,24936,4958,8840,13798,1160,3404,4564,225524,251871,477395
2021-02-24,14755,13618,28373,26934,28030,54964,38949,43555,82504,44252,48275,92527,37001,40868,77869,27379,30933,58312,20231,22592,42823,11505,13636,25141,4980,8882,13862,1163,3413,4576,227149,253802,480951
2021-02-25,14855,13713,28568,27089,28210,55299,39229,43865,83094,44547,48600,93147,37248,41126,78374,27560,31172,58732,20377,22782,43159,11577,13744,25321,5002,8923,13925,1167,3428,4595,228651,255563,484214
2021-02-26,14937,13800,28737,27235,28390,55625,39500,44198,83698,44892,48933,93825,37495,41427,78922,27760,31416,59176,20527,23014,43541,11658,13848,25506,5023,8962,13985,1169,3446,4615,230196,257434,487630
2021-02-27,14992,13847,28839,27410,28614,56024,39762,44546,84308,45240,49346,94586,37732,41711,79443,27991,31721,59712,20718,23249,43967,11744,13954,25698,5045,9012,14057,1170,3453,4623,231804,259453,491257
2021-02-28,15048,13907,28955,27649,28877,56526,40073,44947,85020,45703,49892,95595,38087,42131,80218,28305,32124,60429,20965,23536,44501,11877,14095,25972,5070,9055,14125,1172,3461,4633,233949,262025,495974
2021-03-01,15170,14014,29184,27808,29073,56881,40360,45256,85616,46042,50231,96273,38334,42404,80738,28474,32343,60817,21123,23741,44864,11952,14217,26169,5094,9101,14195,1177,3474,4651,235534,263854,499388
2021-03-02,15308,14129,29437,27990,29264,57254,40631,45539,86170,46322,50563,96885,38579,42648,81227,28656,32599,61255,21251,23924,45175,12032,14293,26325,5130,9144,14274,1180,3481,4661,237079,265584,502663
2021-03-03,15431,14220,29651,28127,29423,57550,40824,45809,86633,46580,50857,97437,38779,42871,81650,28838,32823,61661,21424,24140,45564,12119,14407,26526,5149,9180,14329,1180,3493,4673,238451,267223,505674
2021-03-04,15536,14320,29856,28269,29601,57870,41032,46037,87069,46833,51104,97937,38962,43089,82051,28974,33026,62000,21574,24351,45925,12196,14530,26726,5173,9216,14389,1186,3509,4695,239735,268783,508518
2021-03-05,15639,14415,30054,28414,29752,58166,41241,46321,87562,47108,51388,98496,39127,43271,82398,29137,33246,62383,21726,24529,46255,12278,14635,26913,5195,9250,14445,1186,3515,4701,241051,270322,511373
2021-03-06,15709,14475,30184,28515,29865,58380,41442,46547,87989,47331,51634,98965,39291,43462,82753,29254,33417,62671,21832,24654,46486,12338,14710,27048,5217,9278,14495,1188,3521,4709,242117,271563,513680
2021-03-07,15780,14536,30316,28626,29983,58609,41624,46799,88423,47573,51896,99469,39420,43673,83093,29402,33614,63016,21975,24826,46801,12393,14789,27182,5237,9317,14554,1192,3525,4717,243222,272958,516180
2021-03-08,15917,14655,30572,28771,30167,58938,41841,47099,88940,47847,52224,100071,39647,43914,83561,29612,33869,63481,22176,25041,47217,12481,14888,27369,5259,9364,14623,1194,3537,4731,244745,274758,519503
2021-03-09,16073,14802,30875,28918,30312,59230,42067,47347,89414,48136,52534,100670,39878,44150,84028,29817,34108,63925,22346,25308,47654,12591,15008,27599,5286,9406,14692,1198,3543,4741,246310,276518,522828
2021-03-10,16238,14943,31181,29074,30477,59551,42295,47590,89885,48417,52833,101250,40072,44364,84436,29988,34332,64320,22519,25490,48009,12678,15126,27804,5312,9455,14767,1201,3552,4753,247794,278162,525956
2021-03-11,16370,15090,31460,29185,30622,59807,42484,47827,90311,48624,53078,101702,40220,44551,84771,30103,34502,64605,22643,25662,48305,12747,15212,27959,5340,9487,14827,1203,3567,4770,248919,279598,528517
2021-03-12,16530,15235,31765,29329,30805,60134,42674,48096,90770,48891,53383,102274,40417,44785,85202,30255,34736,64991,22793,25871,48664,12832,15310,28142,5365,9535,14900,1206,3578,4784,250292,281334,531626
2021-03-13,16638,15323,31961,29438,30931,60369,42898,48340,91238,49153,53668,102821,40597,44982,85579,30406,34952,65358,22957,26058,49015,12900,15390,28290,5380,9575,14955,1210,3581,4791,251577,282800,534377
2021-03-14,16725,15445,32170,29549,31055,60604,43079,48612,91691,49430,53980,103410,40778,45199,85977,30600,35180,65780,23127,26267,49394,12973,15495,28468,5400,9606,15006,1214,3589,4803,252875,284428,537303
2021-03-15,16938,15630,32568,29718,31233,60951,43320,48945,92265,49732,54323,104055,41029,45478,86507,30815,35446,66261,23329,26489,49818,13072,15637,28709,5422,9658,15080,1218,3602,4820,254593,286441,541034
2021-03-16,17122,15813,32935,29876,31417,61293,43522,49215,92737,50017,54637,104654,41234,45686,86920,31008,35686,66694,23493,26699,50192,13157,15750,28907,5438,9702,15140,1223,3617,4840,256090,288222,544312
2021-03-17,17268,15943,33211,30028,31582,61610,43740,49479,93219,50226,54883,105109,41409,45891,87300,31174,35879,67053,23652,26890,50542,13230,15859,29089,5456,9747,15203,1225,3630,4855,257408,289783,547191
2021-03-18,17404,16066,33470,30140,31717,61857,43933,49697,93630,50456,55105,105561,41566,46076,87642,31293,36043,67336,23775,27050,50825,13303,15952,29255,5471,9784,15255,1227,3639,4866,258568,291129,549697
2021-03-19,17545,16202,33747,30307,31884,62191,44132,49941,94073,50693,55366,106059,41726,46268,87994,31435,36226,67661,23906,27227,51133,13379,16028,29407,5489,9814,15303,1232,3649,4881,259844,292605,552449
2021-03-20,17614,16274,33888,30411,32004,62415,44298,50124,94422,50894,55594,106488,41878,46449,88327,31581,36394,67975,24027,27359,51386,13448,16101,29549,5505,9843,15348,1238,3656,4894,260894,293798,554692
2021-03-21,17717,16361,34078,30511,32113,62624,44481,50316,94797,51126,55833,106959,42030,46615,88645,31720,36582,68302,24141,27520,51661,13495,16173,29668,5522,9872,15394,1241,3665,4906,261984,295050,557034
2021-03-22,17863,16526,34389,30681,32262,62943,44696,50608,95304,51391,56118,107509,42235,46832,89067,31914,36823,68737,24298,27711,52009,13574,16274,29848,5547,9925,15472,1245,3687,4932,263444,296766,560210
2021-03-23,18024,16672,34696,30845,32418,63263,44909,50860,95769,51621,56384,108005,42418,47012,89430,32082,37018,69100,24452,27915,52367,13658,16384,30042,5572,9955,15527,1246,3700,4946,264827,298318,563145
2021-03-24,18130,16772,34902,30977,32542,63519,45056,51034,96090,51814,56608,108422,42545,47181,89726,32201,37174,69375,24534,28028,52562,13712,16464,30176,5582,9989,15571,1247,3706,4953,265798,299498,565296
2021-03-25,18254,16897,35151,31115,32709,63824,45243,51278,96521,52045,56849,108894,42743,47412,90155,32342,37340,69682,24651,28175,52826,13779,16545,30324,5609,10022,15631,1251,3709,4960,267032,300936,567968
2021-03-26,18414,17039,35453,31289,32894,64183,45461,51528,96989,52295,57118,109413,42919,47646,90565,32472,37539,70011,24767,28342,53109,13856,16638,30494,5632,10054,15686,1254,3721,4975,268359,302519,570878
2021-03-27,18528,17138,35666,31379,33004,64383,45648,51716,97364,52523,57373,109896,43087,47848,90935,32609,37717,70326,24905,28494,53399,13902,16710,30612,5649,10090,15739,1259,3726,4985,269489,303816,573305
2021-03-28,18623,17206,35829,31465,33124,64589,45783,51900,97683,52727,57620,110347,43261,48027,91288,32732,37896,70628,25014,28645,53659,13948,16756,30704,5667,10116,15783,1261,3732,4993,270481,305022,575503
2021-03-29,18764,17344,36108,31662,33281,64943,45982,52151,98133,52974,57892,110866,43451,48274,91725,32907,38088,70995,25139,28823,53962,13998,16815,30813,5684,10153,15837,1262,3740,5002,271823,306561,578384
2021-03-30,18899,17472,36371,31816,33447,65263,46148,52352,98500,53195,58146,111341,43616,48475,92091,33046,38242,71288,25257,28977,54234,14042,16888,30930,5705,10183,15888,1266,3746,5012,272990,307928,580918
2021-03-31,19016,17579,36595,31941,33559,65500,46325,52564,98889,53415,58397,111812,43750,48662,92412,33146,38392,71538,25328,29070,54398,14069,16935,31004,5726,10206,15932,1267,3756,5023,273983,309120,583103
2021-04-01,19111,17696,36807,32068,33685,65753,46526,52790,99316,53631,58631,112262,43910,48855,92765,33271,38553,71824,25428,29201,54629,14118,17003,31121,5738,10227,15965,1269,3767,5036,275070,310408,585478
2021-04-02,19226,17773,36999,32192,33829,66021,46705,52980,99685,53846,58836,112682,44067,49018,93085,33390,38713,72103,25516,29299,54815,14164,17044,31208,5754,10241,15995,1271,3774,5045,276131,311507,587638
2021-04-03,19304,17865,37169,32313,33990,66303,46887,53173,100060,54061,59084,113145,44223,49216,93439,33522,38875,72397,25633,29404,55037,14200,17103,31303,5772,10276,16048,1274,3780,5054,277189,312766,589955
2021-04-04,19414,17957,37371,32520,34210,66730,47135,53469,100604,54383,59471,113854,44461,49527,93988,33666,39063,72729,25723,29535,55258,14239,17157,31396,5789,10306,16095,1274,3787,5061,278604,314482,593086
2021-04-05,19554,18109,37663,32813,34510,67323,47472,53854,101326,54747,59854,114601,44759,49900,94659,33869,39328,73197,25849,29708,55557,14295,17224,31519,5806,10346,16152,1278,3796,5074,280442,316629,597071
2021-04-06,19712,18290,38002,33056,34772,67828,47857,54207,102064,55125,60269,115394,45038,50217,95255,34077,39575,73652,25995,29926,55921,14380,17332,31712,5828,10383,16211,1281,3812,5093,282349,318783,601132
2021-04-07,19877,18450,38327,33332,35035,68367,48192,54572,102764,55479,60695,116174,45351,50537,95888,34268,39854,74122,26120,30114,56234,14446,17425,31871,5842,10422,16264,1282,3820,5102,284189,320924,605113
2021-04-08,20035,18593,38628,33541,35266,68807,48461,54910,103371,55803,61090,116893,45584,50800,96384,34432,40089,74521,26241,30284,56525,14504,17509,32013,5862,10460,16322,1284,3833,5117,285747,322834,608581
2021-04-09,20164,18714,38878,33698,35451,69149,48633,55162,103795,56027,61320,117347,45780,51003,96783,34558,40260,74818,26334,30397,56731,14549,17569,32118,5870,10484,16354,1287,3839,5126,286900,324199,611099
2021-04-10,20256,18801,39057,33839,35629,69468,48858,55406,104264,56284,61576,117860,45951,51207,97158,34687,40413,75100,26429,30513,56942,14573,17612,32185,5877,10501,16378,1289,3842,5131,288043,325500,613543
2021-04-11,20335,18892,39227,33977,35776,69753,49010,55574,104584,56479,61820,118299,46140,51392,97532,34806,40563,75369,26527,30617,57144,14603,17653,32256,5891,10525,16416,1291,3846,5137,289059,326658,615717
2021-04-12,20478,19015,39493,34181,35960,70141,49225,55833,105058,56752,62124,118876,46357,51689,98046,34971,40807,75778,26647,30755,57402,14645,17723,32368,5907,10555,16462,1294,3857,5151,290457,328318,618775
2021-04-13,20622,19119,39741,34325,36106,70431,49433,56076,105509,57024,62420,119444,46565,51941,98506,35130,41001,76131,26739,30855,57594,14697,17766,32463,5919,10572,16491,1298,3866,5164,291752,329722,621474
2021-04-14,20755,19223,39978,34459,36223,70682,49577,56246,105823,57196,62616,119812,46683,52101,98784,35235,41149,76384,26859,30961,57820,14739,17842,32581,5939,10597,16536,1302,3872,5174,292744,330830,623574
2021-04-15,20908,19360,40268,34619,36427,71046,49827,56531,106358,57470,62922,120392,46941,52403,99344,35417,41386,76803,26979,31089,58068,14777,17899,32676,5953,10627,16580,1304,3882,5186,294195,332526,626721
2021-04-16,21038,19501,40539,34772,36579,71351,50112,56832,106944,57786,63273,121059,47180,52685,99865,35608,41641,77249,27126,31268,58394,14818,17960,32778,5962,10657,16619,1308,3891,5199,295710,334287,629997
2021-04-17,21174,19606,40780,34922,36709,71631,50314,57057,107371,58076,63551,121627,47398,52946,100344,35762,41829,77591,27232,31390,58622,14861,18030,32891,5978,10699,16677,1312,3897,5209,297029,335714,632743
2021-04-18,21253,19714,40967,35024,36814,71838,50494,57250,107744,58287,63804,122091,47607,53152,100759,35905,41996,77901,27338,31509,58847,14897,18082,32979,6001,10723,16724,1314,3904,5218,298120,336948,635068
2021-04-19,21418,19842,41260,35197,37013,72210,50769,57548,108317,58618,64145,122763,47874,53417,101291,36115,42234,78349,27474,31674,59148,14948,18161,33109,6013,10766,16779,1318,3924,5242,299744,338724,638468
2021-04-20,21578,20006,41584,35345,37166,72511,50989,57811,108800,58865,64453,123318,48103,53701,101804,36292,42432,78724,27631,31854,59485,15009,18236,33245,6043,10803,16846,1322,3935,5257,301177,340397,641574
2021-04-21,21720,20130,41850,35471,37277,72748,51185,58022,109207,59073,64702,123775,48298,53910,102208,36437,42623,79060,27741,31988,59729,15061,18288,33349,6058,10845,16903,1324,3941,5265,302368,341726,644094
2021-04-22,21884,20273,42157,35661,37461,73122,51403,58286,109689,59354,65036,124390,48555,54225,102780,36636,42848,79484,27864,32154,60018,15116,18371,33487,6075,10892,16967,1325,3949,5274,303873,343495,647368
2021-04-23,22012,20405,42417,35834,37653,73487,51670,58601,110271,59664,65435,125099,48832,54563,103395,36831,43128,79959,27988,32326,60314,15177,18450,33627,6098,10922,17020,1329,3956,5285,305435,345439,650874
2021-04-24,22084,20472,42556,35899,37704,73603,51731,58700,110431,59760,65538,125298,48915,54676,103591,36887,43191,80078,28021,32373,60394,15211,18497,33708,6108,10952,17060,1332,3972,5304,305948,346075,652023
2021-04-25,22187,20572,42759,36017,37829,73846,51886,58896,110782,59975,65767,125742,49114,54890,104004,37045,43362,80407,28117,32483,60600,15253,18534,33787,6116,10980,17096,1332,3977,5309,307042,347290,654332
2021-04-26,22356,20723,43079,36188,38010,74198,52134,59154,111288,60261,66093,126354,49378,55191,104569,37261,43584,80845,28251,32632,60883,15329,18633,33962,6131,11017,17148,1336,3987,5323,308625,349024,657649
2021-04-27,22494,20848,43342,36355,38173,74528,52381,59472,111853,60543,66406,126949,49582,55465,105047,37453,43788,81241,28365,32779,61144,15386,18724,34110,6150,11055,17205,1341,3995,5336,310050,350705,660755
2021-04-28,22633,20990,43623,36504,38344,74848,52613,59737,112350,60821,66735,127556,49817,55741,105558,37621,43994,81615,28473,32915,61388,15438,18791,34229,6166,11087,17253,1347,4010,5357,311433,352344,663777
2021-04-29,22812,21151,43963,36732,38536,75268,52895,60103,112998,61182,67153,128335,50139,56119,106258,37855,44296,82151,28614,33110,61724,15521,18903,34424,6197,11142,17339,1350,4029,5379,313297,354542,667839
2021-04-30,22961,21283,44244,36873,38662,75535,53048,60336,113384,61379,67426,128805,50302,56360,106662,38003,44492,82495,28716,33251,61967,15588,18982,34570,6224,11195,17419,1353,4046,5399,314447,356033,670480
2021-05-01,23065,21375,44440,37020,38769,75789,53238,60565,113803,61608,67704,129312,50514,56646,107160,38154,44673,82827,28824,33358,62182,15639,19052,34691,6244,11243,17487,1355,4052,5407,315661,357437,673098
2021-05-02,23185,21468,44653,37165,38932,76097,53484,60856,114340,61935,68113,130048,50772,57014,107786,38355,44917,83272,28962,33541,62503,15705,19135,34840,6266,11276,17542,1358,4067,5425,317187,359319,676506
2021-05-03,23422,21679,45101,37396,39182,76578,53917,61342,115259,62448,68737,131185,51210,57530,108740,38663,45371,84034,29201,33878,63079,15830,19280,35110,6296,11346,17642,1362,4089,5451,319745,362434,682179
2021-05-04,23599,21872,45471,37628,39421,77049,54320,61793,116113,62942,69293,132235,51616,58009,109625,38977,45775,84752,29403,34147,63550,15947,19430,35377,6323,11392,17715,1366,4108,5474,322121,365240,687361
2021-05-05,23802,22059,45861,37831,39655,77486,54708,62266,116974,63396,69797,133193,51987,58438,110425,39233,46106,85339,29594,34352,63946,16053,19536,35589,6363,11450,17813,1374,4122,5496,324341,367781,692122
2021-05-06,23984,22265,46249,38118,39958,78076,55116,62839,117955,63891,70444,134335,52449,58943,111392,39589,46521,86110,29790,34598,64388,16164,19656,35820,6395,11511,17906,1380,4144,5524,326876,370879,697755
2021-05-07,24204,22453,46657,38435,40299,78734,55624,63540,119164,64463,71262,135725,52974,59655,112629,39913,47031,86944,30012,34874,64886,16265,19798,36063,6420,11560,17980,1383,4153,5536,329693,374625,704318
2021-05-08,24336,22574,46910,38582,40453,79035,55903,63897,119800,64846,71699,136545,53224,59961,113185,40124,47297,87421,30121,35000,65121,16323,19864,36187,6449,11604,18053,1385,4169,5554,331293,376518,707811
2021-05-09,24497,22717,47214,38740,40638,79378,56159,64219,120378,65201,72128,137329,53524,60323,113847,40324,47574,87898,30256,35154,65410,16399,19957,36356,6477,11644,18121,1391,4178,5569,332968,378532,711500
2021-05-10,24707,22923,47630,38990,40919,79909,56665,64803,121468,65779,72783,138562,54005,60936,114941,40664,48009,88673,30484,35438,65922,16516,20111,36627,6516,11713,18229,1392,4190,5582,335718,381825,717543
2021-05-11,24906,23104,48010,39222,41161,80383,57027,65250,122277,66242,73311,139553,54401,61378,115779,40932,48363,89295,30685,35680,66365,16625,20232,36857,6548,11753,18301,1396,4202,5598,337984,384434,722418
2021-05-12,25107,23283,48390,39429,41376,80805,57391,65698,123089,66679,73818,140497,54794,61834,116628,41219,48705,89924,30860,35902,66762,16706,20324,37030,6577,11797,18374,1401,4216,5617,340163,386953,727116
2021-05-13,25318,23448,48766,39608,41597,81205,57752,66211,123963,67094,74403,141497,55170,62303,117473,41476,49062,90538,31032,36093,67125,16789,20434,37223,6608,11865,18473,1404,4227,5631,342251,389643,731894
2021-05-14,25553,23693,49246,39862,41914,81776,58279,66837,125116,67714,75161,142875,55636,62944,118580,41827,49494,91321,31248,36363,67611,16903,20560,37463,6653,11920,18573,1409,4234,5643,345084,393120,738204
2021-05-15,25716,23842,49558,40063,42140,82203,58599,67280,125879,68131,75723,143854,56023,63427,119450,42105,49819,91924,31403,36571,67974,16975,20641,37616,6679,11969,18648,1412,4251,5663,347106,395663,742769
2021-05-16,25857,23991,49848,40211,42356,82567,58857,67626,126483,68477,76207,144684,56341,63837,120178,42349,50132,92481,31551,36743,68294,17039,20722,37761,6698,12014,18712,1413,4271,5684,348793,397899,746692
2021-05-17,26167,24284,50451,40538,42692,83230,59395,68287,127682,69215,77049,146264,56914,64574,121488,42809,50708,93517,31832,37075,68907,17194,20909,38103,6748,12098,18846,1417,4288,5705,352229,401964,754193
2021-05-18,26434,24572,51006,40854,43057,83911,59975,68937,128912,69908,77875,147783,57578,65328,122906,43242,51228,94470,32084,37377,69461,17335,21053,38388,6793,12157,18950,1422,4300,5722,355625,405884,761509
2021-05-19,26731,24829,51560,41202,43423,84625,60584,69703,130287,70683,78740,149423,58212,66042,124254,43678,51811,95489,32382,37698,70080,17455,21200,38655,6837,12215,19052,1431,4319,5750,359195,409980,769175
2021-05-20,27037,25128,52165,41594,43836,85430,61289,70570,131859,71486,79635,151121,58849,66857,125706,44103,52375,96478,32664,38007,70671,17572,21368,38940,6880,12282,19162,1432,4342,5774,362906,414400,777306
2021-05-21,27255,25325,52580,41890,44172,86062,61852,71279,133131,72116,80436,152552,59400,67540,126940,44478,52858,97336,32898,38304,71202,17697,21487,39184,6924,12374,19298,1435,4367,5802,365945,418142,784087
2021-05-22,27383,25435,52818,42044,44371,86415,62154,71695,133849,72513,80868,153381,59698,67912,127610,44717,53123,97840,33027,38426,71453,17755,21553,39308,6947,12437,19384,1438,4383,5821,367676,420203,787879
2021-05-23,27518,25547,53065,42187,44540,86727,62396,71986,134382,72829,81219,154048,59958,68188,128146,44906,53362,98268,33131,38577,71708,17807,21607,39414,6963,12485,19448,1448,4399,5847,369143,421910,791053
2021-05-24,27673,25679,53352,42422,44802,87224,62806,72419,135225,73280,81783,155063,60366,68719,129085,45259,53855,99114,33346,38851,72197,17928,21750,39678,6988,12543,19531,1452,4411,5863,371520,424812,796332
2021-05-25,27819,25794,53613,42626,45031,87657,63215,72867,136082,73695,82302,155997,60761,69182,129943,45564,54218,99782,33540,39089,72629,18023,21869,39892,7014,12590,19604,1459,4429,5888,373716,427371,801087
2021-05-26,28009,25968,53977,42899,45322,88221,63731,73436,137167,74239,82938,157177,61239,69750,130989,45995,54725,100720,33766,39364,73130,18148,22012,40160,7055,12670,19725,1467,4443,5910,376548,430628,807176
2021-05-27,28158,26132,54290,43064,45549,88613,64125,73945,138070,74688,83474,158162,61635,70196,131831,46307,55164,101471,33943,39595,73538,18257,22126,40383,7090,12719,19809,1468,4463,5931,378735,433363,812098
2021-05-28,28351,26322,54673,43330,45868,89198,64622,74543,139165,75255,84156,159411,62172,70848,133020,46751,55719,102470,34202,39926,74128,18370,22264,40634,7122,12775,19897,1472,4478,5950,381647,436899,818546
2021-05-29,28482,26439,54921,43484,46064,89548,64912,74918,139830,75672,84599,160271,62524,71258,133782,46986,55995,102981,34333,40089,74422,18435,22357,40792,7142,12825,19967,1479,4496,5975,383449,439040,822489
2021-05-30,28578,26530,55108,43624,46217,89841,65182,75254,140436,75986,84965,160951,62815,71576,134391,47168,56242,103410,34448,40210,74658,18486,22435,40921,7163,12852,20015,1482,4505,5987,384932,440786,825718
2021-05-31,28736,26694,55430,43872,46462,90334,65628,75765,141393,76507,85537,162044,63261,72134,135395,47442,56598,104040,34659,40464,75123,18608,22588,41196,7210,12916,20126,1484,4522,6006,387407,443680,831087
2021-06-01,28917,26858,55775,44094,46723,90817,66010,76227,142237,77005,86073,163078,63648,72606,136254,47741,56998,104739,34885,40729,75614,18712,22718,41430,7257,12966,20223,1490,4536,6026,389759,446434,836193
2021-06-02,29140,27027,56167,44334,46995,91329,66406,76727,143133,77485,86672,164157,64085,73117,137202,48030,57364,105394,35090,41000,76090,18828,22872,41700,7293,13030,20323,1498,4559,6057,392189,449363,841552
2021-06-03,29338,27233,56571,44597,47260,91857,66840,77281,144121,78010,87297,165307,64522,73655,138177,48346,57757,106103,35316,41277,76593,18941,23027,41968,7330,13068,20398,1504,4580,6084,394744,452435,847179
2021-06-04,29581,27453,57034,44869,47539,92408,67289,77835,145124,78514,87925,166439,64970,74157,139127,48671,58216,106887,35531,41557,77088,19056,23183,42239,7363,13138,20501,1506,4593,6099,397350,455596,852946
2021-06-05,29737,27600,57337,45032,47705,92737,67548,78170,145718,78832,88319,167151,65258,74476,139734,48883,58460,107343,35647,41695,77342,19123,23287,42410,7388,13169,20557,1512,4609,6121,398960,457490,856450
2021-06-06,29892,27769,57661,45190,47860,93050,67784,78453,146237,79134,88656,167790,65531,74785,140316,49090,58707,107797,35759,41842,77601,19180,23361,42541,7408,13209,20617,1513,4628,6141,400481,459270,859751
2021-06-07,30108,28007,58115,45402,48103,93505,68185,78939,147124,79620,89204,168824,65927,75352,141279,49410,59156,108566,35971,42128,78099,19345,23545,42890,7451,13307,20758,1521,4661,6182,402940,462402,865342
2021-06-08,30377,28246,58623,45617,48349,93966,68555,79414,147969,80093,89714,169807,66304,75806,142110,49709,59539,109248,36154,42364,78518,19455,23733,43188,7482,13372,20854,1526,4686,6212,405272,465223,870495
2021-06-09,30609,28472,59081,45871,48581,94452,68958,79900,148858,80568,90291,170859,66700,76270,142970,50031,59955,109986,36347,42609,78956,19575,23860,43435,7524,13435,20959,1531,4703,6234,407714,468076,875790
2021-06-10,30829,28697,59526,46095,48857,94952,69367,80418,149785,81047,90885,171932,67080,76783,143863,50298,60334,110632,36551,42860,79411,19693,24021,43714,7554,13491,21045,1538,4722,6260,410052,471068,881120
2021-06-11,31043,28907,59950,46301,49090,95391,69783,80935,150718,81484,91477,172961,67491,77330,144821,50576,60687,111263,36756,43108,79864,19805,24189,43994,7590,13566,21156,1543,4738,6281,412372,474027,886399
2021-06-12,31203,29056,60259,46470,49270,95740,70052,81265,151317,81812,91856,173668,67768,77693,145461,50767,60953,111720,36885,43290,80175,19876,24291,44167,7615,13606,21221,1546,4748,6294,413994,476028,890022
2021-06-13,31378,29227,60605,46656,49433,96089,70272,81527,151799,82101,92205,174306,68032,78021,146053,50955,61189,112144,37008,43453,80461,19937,24365,44302,7638,13641,21279,1551,4760,6311,415528,477821,893349
2021-06-14,31635,29452,61087,46924,49689,96613,70641,82011,152652,82581,92735,175316,68435,78536,146971,51256,61546,112802,37208,43745,80953,20067,24513,44580,7671,13703,21374,1568,4780,6348,417986,480710,898696
2021-06-15,31899,29706,61605,47193,49952,97145,71033,82478,153511,83072,93276,176348,68810,79058,147868,51541,61926,113467,37413,43975,81388,20167,24638,44805,7713,13755,21468,1571,4792,6363,420412,483556,903968
2021-06-16,32182,29962,62144,47442,50201,97643,71423,82972,154395,83557,93831,177388,69198,79578,148776,51781,62257,114038,37603,44195,81798,20268,24767,45035,7747,13805,21552,1572,4806,6378,422773,486374,909147
2021-06-17,32424,30205,62629,47698,50474,98172,71831,83488,155319,84046,94464,178510,69591,80137,149728,52043,62624,114667,37812,44442,82254,20380,24913,45293,7778,13858,21636,1574,4818,6392,425177,489423,914600
2021-06-18,32652,30417,63069,47943,50725,98668,72218,83950,156168,84498,95041,179539,69973,80651,150624,52271,62974,115245,37982,44680,82662,20459,25039,45498,7809,13893,21702,1577,4831,6408,427382,492201,919583
2021-06-19,32833,30606,63439,48098,50881,98979,72454,84288,156742,84849,95452,180301,70244,80981,151225,52449,63200,115649,38132,44834,82966,20535,25128,45663,7838,13953,21791,1581,4844,6425,429013,494167,923180
2021-06-20,33006,30751,63757,48211,50990,99201,72604,84506,157110,85069,95739,180808,70443,81230,151673,52589,63378,115967,38227,44954,83181,20606,25194,45800,7851,13989,21840,1583,4853,6436,430189,495584,925773
2021-06-21,33214,30936,64150,48385,51168,99553,72810,84800,157610,85380,96079,181459,70743,81559,152302,52790,63616,116406,38341,45096,83437,20683,25285,45968,7875,14017,21892,1585,4859,6444,431806,497415,929221
2021-06-22,33494,31195,64689,48650,51417,100067,73168,85257,158425,85824,96618,182442,71168,82039,153207,53037,63950,116987,38557,45350,83907,20787,25434,46221,7909,14083,21992,1594,4875,6469,434188,500218,934406
2021-06-23,33816,31461,65277,48942,51703,100645,73519,85726,159245,86310,97216,183526,71603,82594,154197,53263,64295,117558,38752,45593,84345,20887,25591,46478,7940,14156,22096,1599,4901,6500,436631,503236,939867
2021-06-24,34112,31732,65844,49200,52003,101203,73886,86216,160102,86748,97768,184516,71980,83074,155054,53510,64605,118115,38924,45851,84775,20968,25708,46676,7964,14204,22168,1603,4917,6520,438895,506078,944973
2021-06-25,34449,32009,66458,49485,52329,101814,74276,86731,161007,87249,98466,185715,72372,83613,155985,53802,64987,118789,39129,46138,85267,21082,25870,46952,8005,14278,22283,1610,4937,6547,441459,509358,950817
2021-06-26,34607,32161,66768,49623,52491,102114,74488,86985,161473,87520,98788,186308,72587,83904,156491,53963,65164,119127,39273,46317,85590,21159,25979,47138,8027,14326,22353,1615,4953,6568,442862,511068,953930
2021-06-27,34789,32329,67118,49738,52654,102392,74674,87229,161903,87756,99077,186833,72814,84178,156992,54102,65335,119437,39385,46448,85833,21232,26057,47289,8044,14365,22409,1617,4963,6580,444151,512635,956786
2021-06-28,35006,32534,67540,49874,52800,102674,74859,87484,162343,88045,99416,187461,73037,84472,157509,54269,65522,119791,39511,46569,86080,21309,26155,47464,8078,14400,22478,1620,4978,6598,445608,514330,959938
2021-06-29,35234,32798,68032,50098,53041,103139,75178,87896,163074,88427,99869,188296,73326,84831,158157,54471,65770,120241,39671,46746,86417,21410,26262,47672,8106,14462,22568,1621,4998,6619,447542,516673,964215
2021-06-30,35514,33090,68604,50389,53309,103698,75524,88356,163880,88856,100384,189240,73650,85219,158869,54686,66112,120798,39835,46971,86806,21496,26363,47859,8137,14512,22649,1625,5007,6632,449712,519323,969035
2021-07-01,35741,33308,69049,50629,53556,104185,75842,88775,164617,89230,100859,190089,73917,85611,159528,54883,66378,121261,39985,47183,87168,21577,26477,48054,8172,14565,22737,1628,5017,6645,451604,521729,973333
2021-07-02,36055,33555,69610,50946,53847,104793,76162,89210,165372,89634,101410,191044,74192,86060,160252,55096,66686,121782,40141,47401,87542,21671,26604,48275,8205,14610,22815,1631,5032,6663,453733,524415,978148
2021-07-03,36251,33751,70002,51108,54058,105166,76360,89468,165828,89891,101738,191629,74399,86337,160736,55249,66850,122099,40265,47540,87805,21726,26690,48416,8221,14646,22867,1636,5043,6679,455106,526121,981227
2021-07-04,36456,33968,70424,51257,54224,105481,76516,89720,166236,90135,102043,192178,74587,86582,161169,55392,67037,122429,40364,47663,88027,21772,26767,48539,8239,14681,22920,1639,5054,6693,456357,527739,984096
2021-07-05,36798,34284,71082,51531,54519,106050,76872,90172,167044,90589,102589,193178,74901,87050,161951,55602,67315,122917,40532,47867,88399,21877,26895,48772,8278,14733,23011,1644,5069,6713,458624,530493,989117
2021-07-06,37181,34631,71812,51882,54868,106750,77258,90628,167886,91041,103172,194213,75255,87530,162785,55825,67628,123453,40685,48088,88773,21965,27035,49000,8308,14796,23104,1647,5087,6734,461047,533463,994510
2021-07-07,37517,34937,72454,52218,55206,107424,77665,91098,168763,91469,103718,195187,75646,87951,163597,56076,67922,123998,40838,48282,89120,22040,27115,49155,8330,14845,23175,1654,5103,6757,463453,536177,999630
2021-07-08,37852,35261,73113,52578,55593,108171,78154,91634,169788,91960,104339,196299,76048,88495,164543,56339,68305,124644,41011,48567,89578,22142,27257,49399,8380,14889,23269,1658,5120,6778,466122,539460,1005582
2021-07-09,38091,35510,73601,52839,55842,108681,78434,91993,170427,92291,104773,197064,76330,88859,165189,56520,68544,125064,41121,48698,89819,22209,27343,49552,8410,14937,23347,1663,5128,6791,467908,541627,1009535
2021-07-10,38308,35737,74045,53074,56068,109142,78684,92281,170965,92561,105156,197717,76556,89180,165736,56704,68783,125487,41252,48854,90106,22282,27442,49724,8433,14982,23415,1667,5140,6807,469521,543623,1013144
2021-07-11,38576,35974,74550,53244,56245,109489,78905,92547,171452,92825,105519,198344,76805,89525,166330,56891,69009,125900,41378,49005,90383,22348,27528,49876,8447,15008,23455,1672,5150,6822,471091,545510,1016601
2021-07-12,38969,36355,75324,53597,56618,110215,79353,93119,172472,93350,106125,199475,77280,90106,167386,57168,69392,126560,41610,49224,90834,22453,27670,50123,8482,15057,23539,1683,5167,6850,473945,548833,1022778
2021-07-13,39361,36688,76049,53932,56990,110922,79801,93641,173442,93816,106689,200505,77688,90641,168329,57446,69774,127220,41778,49462,91240,22560,27802,50362,8513,15117,23630,1692,5189,6881,476587,551993,1028580
2021-07-14,39736,37049,76785,54380,57421,111801,80323,94210,174533,94282,107334,201616,78124,91211,169335,57707,70149,127856,41989,49690,91679,22663,27922,50585,8544,15167,23711,1696,5201,6897,479444,555354,1034798
2021-07-15,40064,37328,77392,54870,57889,112759,80811,94839,175650,94843,108027,202870,78657,91893,170550,58053,70557,128610,42183,49941,92124,22763,28068,50831,8575,15221,23796,1702,5216,6918,482521,558979,1041500
2021-07-16,40353,37604,77957,55282,58273,113555,81280,95429,176709,95311,108701,204012,79146,92527,171673,58339,70934,129273,42352,50185,92537,22851,28187,51038,8609,15276,23885,1705,5232,6937,485228,562348,1047576
2021-07-17,40570,37834,78404,55549,58550,114099,81563,95797,177360,95639,109145,204784,79432,92893,172325,58542,71170,129712,42480,50326,92806,22929,28277,51206,8625,15305,23930,1710,5243,6953,487039,564540,1051579
2021-07-18,40787,38015,78802,55755,58795,114550,81804,96124,177928,95929,109524,205453,79687,93226,172913,58747,71393,130140,42589,50453,93042,22996,28355,51351,8651,15349,24000,1713,5250,6963,488658,566484,1055142
2021-07-19,41058,38264,79322,56041,59101,115142,82228,96645,178873,96369,110070,206439,80071,93723,173794,59027,71773,130800,42784,50713,93497,23109,28497,51606,8697,15403,24100,1716,5255,6971,491100,569444,1060544
2021-07-20,41349,38519,79868,56303,59392,115695,82581,97107,179688,96753,110553,207306,80428,94162,174590,59285,72066,131351,42949,50921,93870,23194,28626,51820,8727,15449,24176,1723,5268,6991,493292,572063,1065355
2021-07-21,41665,38811,80476,56662,59754,116416,83034,97664,180698,97231,111146,208377,80874,94773,175647,59612,72485,132097,43167,51223,94390,23305,28790,52095,8760,15520,24280,1727,5281,7008,496037,575447,1071484
2021-07-22,41959,39080,81039,57067,60160,117227,83454,98263,181717,97784,111846,209630,81381,95413,176794,59957,72877,132834,43371,51484,94855,23412,28924,52336,8797,15570,24367,1731,5292,7023,498913,578909,1077822
2021-07-23,42198,39291,81489,57355,60483,117838,83792,98704,182496,98197,112405,210602,81783,95856,177639,60219,73208,133427,43516,51690,95206,23493,29051,52544,8823,15618,24441,1738,5309,7047,501114,581615,1082729
2021-07-24,42402,39495,81897,57640,60874,118514,84107,99088,183195,98638,112919,211557,82221,96374,178595,60492,73514,134006,43663,51901,95564,23578,29145,52723,8851,15657,24508,1741,5321,7062,503333,584288,1087621
2021-07-25,42585,39684,82269,57961,61266,119227,84351,99429,183780,99049,113441,212490,82724,96972,179696,60764,73806,134570,43806,52066,95872,23678,29240,52918,8870,15696,24566,1747,5329,7076,505535,586929,1092464
2021-07-26,42865,39967,82832,58386,61812,120198,84782,100051,184833,99677,114225,213902,83326,97736,181062,61152,74272,135424,44043,52397,96440,23806,29443,53249,8918,15772,24690,1755,5348,7103,508710,591023,1099733
2021-07-27,43083,40176,83259,58671,62194,120865,85197,100576,185773,100130,114808,214938,83785,98254,182039,61409,74624,136033,44225,52610,96835,23906,29580,53486,8957,15828,24785,1759,5363,7122,511122,594013,1105135
2021-07-28,43338,40401,83739,59003,62652,121655,85706,101180,186886,100736,115517,216253,84288,98898,183186,61753,75048,136801,44454,52893,97347,24032,29715,53747,8987,15879,24866,1767,5374,7141,514064,597557,1111621
2021-07-29,43596,40627,84223,59376,63030,122406,86148,101816,187964,101345,116231,217576,84797,99547,184344,62071,75439,137510,44689,53146,97835,24140,29858,53998,9019,15919,24938,1771,5390,7161,516952,601003,1117955
2021-07-30,43874,40891,84765,59836,63559,123395,86756,102657,189413,102092,117325,219417,85488,100497,185985,62533,76109,138642,44995,53522,98517,24263,30047,54310,9067,15990,25057,1779,5405,7184,520683,606002,1126685
2021-07-31,44172,41165,85337,60289,64082,124371,87168,103272,190440,102780,118239,221019,86259,101458,187717,62968,76621,139589,45233,53830,99063,24387,30198,54585,9101,16024,25125,1781,5417,7198,524138,610306,1134444
2021-08-01,44488,41504,85992,60700,64579,125279,87443,103697,191140,103300,118975,222275,86881,102292,189173,63285,77014,140299,45403,54050,99453,24475,30332,54807,9129,16086,25215,1788,5426,7214,526892,613955,1140847
2021-08-02,44893,41871,86764,61240,65143,126383,87953,104393,192346,104013,119918,223931,87575,103293,190868,63705,77637,141342,45753,54462,100215,24626,30541,55167,9176,16165,25341,1794,5447,7241,530728,618870,1149598
2021-08-03,45264,42246,87510,61669,65711,127380,88481,105116,193597,104650,120797,225447,88215,104141,192356,64146,78262,142408,46073,54863,100936,24805,30793,55598,9223,16248,25471,1801,5472,7273,534327,623649,1157976
2021-08-04,45633,42597,88230,62064,66136,128200,88985,105720,194705,105232,121523,226755,88666,104795,193461,64474,78716,143190,46337,55194,101531,24922,30986,55908,9257,16307,25564,1804,5490,7294,537374,627464,1164838
2021-08-05,46035,43004,89039,62524,66669,129193,89637,106546,196183,105942,122430,228372,89321,105628,194949,64896,79307,144203,46626,55553,102179,25063,31167,56230,9297,16377,25674,1811,5506,7317,541152,632187,1173339
2021-08-06,46474,43377,89851,63109,67272,130381,90291,107448,197739,106682,123459,230141,89983,106523,196506,65314,79955,145269,46950,56010,102960,25226,31412,56638,9344,16435,25779,1815,5518,7333,545188,637409,1182597
2021-08-07,46752,43665,90417,63440,67671,131111,90697,107931,198628,107188,124021,231209,90381,107031,197412,65600,80340,145940,47136,56269,103405,25327,31577,56904,9375,16491,25866,1820,5524,7344,547716,640520,1188236
2021-08-08,47120,43993,91113,63785,68067,131852,90998,108331,199329,107559,124527,232086,90814,107599,198413,65872,80697,146569,47342,56510,103852,25416,31685,57101,9395,16539,25934,1825,5534,7359,550126,643482,1193608
2021-08-09,47620,44445,92065,64172,68540,132712,91523,109064,200587,108187,125272,233459,91349,108318,199667,66280,81231,147511,47612,56854,104466,25563,31849,57412,9442,16598,26040,1834,5548,7382,553582,647719,1201301
2021-08-10,48171,44958,93129,64676,69060,133736,92084,109832,201916,108782,126069,234851,91883,109049,200932,66681,81752,148433,47885,57207,105092,25718,32038,57756,9488,16658,26146,1837,5563,7400,557205,652186,1209391
2021-08-11,48632,45423,94055,65219,69659,134878,92694,110644,203338,109454,126912,236366,92464,109859,202323,67080,82292,149372,48139,57519,105658,25858,32203,58061,9534,16725,26259,1844,5583,7427,560918,656819,1217737
2021-08-12,49063,45821,94884,65712,70153,135865,93188,111347,204535,110029,127617,237646,92979,110578,203557,67400,82756,150156,48356,57770,106126,25965,32331,58296,9573,16774,26347,1849,5600,7449,564114,660747,1224861
2021-08-13,49451,46164,95615,66254,70733,136987,93711,112158,205869,110727,128560,239287,93567,111384,204951,67764,83324,151088,48586,58077,106663,26083,32483,58566,9612,16826,26438,1854,5611,7465,567609,665320,1232929
2021-08-14,49560,46285,95845,66452,70935,137387,93896,112471,206367,110995,128955,239950,93822,111735,205557,67926,83552,151478,48668,58196,106864,26127,32525,58652,9629,16838,26467,1855,5617,7472,568930,667109,1236039
2021-08-15,49576,46299,95875,66494,70982,137476,93940,112522,206462,111063,129061,240124,93870,111818,205688,67973,83634,151607,48693,58222,106915,26137,32536,58673,9631,16841,26472,1855,5617,7472,569232,667532,1236764
