FECHA,<=10M,<=10F,<=10,11-20M,11-20F,11-20,21-30M,21-30F,21-30,31-40M,31-40F,31-40,41-50M,41-50F,41-50,51-60M,51-60F,51-60,61-70M,61-70F,61-70,71-80M,71-80F,71-80,81-90M,81-90F,81-90,>=91M,>=91F,>=91,TotalM,TotalF,Total,DelayCount,CumDelay,DelayAvg
2020-03-15,1,0,1,0,0,0,0,2,2,2,1,3,1,1,2,1,0,1,1,0,1,1,1,2,0,0,0,0,0,0,7,5,12,12,41,3.4166666666666665
2020-03-16,1,2,3,1,1,2,1,1,2,1,1,2,0,0,0,2,0,2,2,1,3,0,0,0,0,0,0,0,0,0,8,6,14,14,50,3.5714285714285716
2020-03-17,1,4,5,0,1,1,1,1,2,1,0,1,1,2,3,0,1,1,1,1,2,2,2,4,1,0,1,0,0,0,8,12,20,20,355,17.75
2020-03-18,2,1,3,0,0,0,0,0,0,2,1,3,0,2,2,1,1,2,0,2,2,1,0,1,1,0,1,0,0,0,7,7,14,14,22,1.5714285714285714
2020-03-19,1,0,1,0,0,0,3,2,5,2,2,4,1,1,2,0,0,0,1,1,2,1,1,2,0,0,0,1,0,1,10,7,17,17,36,2.1176470588235294
2020-03-20,1,1,2,1,0,1,0,0,0,1,2,3,0,1,1,0,1,1,0,1,1,2,2,4,1,0,1,0,0,0,6,8,14,14,28,2.0
2020-03-21,0,0,0,2,0,2,1,2,3,3,1,4,1,1,2,0,0,0,2,2,4,1,1,2,0,0,0,1,0,1,11,7,18,18,56,3.111111111111111
2020-03-22,2,0,2,0,0,0,3,1,4,0,0,0,0,0,0,2,1,3,0,1,1,2,0,2,3,2,5,0,0,0,12,5,17,17,41,2.411764705882353
2020-03-23,3,0,3,0,2,2,1,2,3,2,1,3,0,1,1,2,0,2,2,0,2,4,3,7,3,3,6,0,2,2,17,14,31,31,61,1.967741935483871
2020-03-24,1,0,1,0,0,0,1,1,2,1,1,2,0,2,2,2,2,4,0,1,1,2,0,2,2,1,3,1,0,1,10,8,18,18,29,1.6111111111111112
2020-03-25,1,3,4,0,0,0,2,3,5,1,4,5,1,0,1,1,2,3,2,1,3,2,2,4,2,4,6,2,1,3,14,20,34,34,46,1.3529411764705883
2020-03-26,4,3,7,2,0,2,1,2,3,4,2,6,1,4,5,3,2,5,1,3,4,3,2,5,4,0,4,3,1,4,26,19,45,45,160,3.5555555555555554
2020-03-27,2,3,5,0,1,1,1,2,3,3,0,3,1,4,5,1,3,4,1,5,6,4,6,10,3,2,5,2,6,8,18,32,50,50,112,2.24
2020-03-28,2,0,2,0,0,0,1,2,3,2,1,3,1,1,2,3,1,4,3,0,3,4,6,10,2,1,3,1,0,1,19,12,31,31,107,3.4516129032258065
2020-03-29,1,0,1,1,1,2,1,2,3,2,0,2,2,2,4,0,0,0,6,3,9,4,1,5,4,2,6,2,1,3,23,12,35,35,78,2.2285714285714286
2020-03-30,3,1,4,0,0,0,1,6,7,2,2,4,5,2,7,1,1,2,5,1,6,3,5,8,5,1,6,3,2,5,28,21,49,49,95,1.9387755102040816
2020-03-31,7,2,9,1,0,1,4,1,5,5,2,7,5,2,7,2,1,3,5,2,7,5,3,8,2,3,5,4,0,4,40,16,56,56,107,1.9107142857142858
2020-04-01,9,8,17,0,2,2,5,3,8,6,2,8,10,4,14,3,3,6,4,3,7,6,3,9,5,5,10,0,1,1,48,34,82,82,192,2.341463414634146
2020-04-02,4,8,12,5,4,9,2,4,6,3,4,7,3,3,6,1,7,8,8,3,11,7,7,14,5,6,11,3,4,7,41,50,91,91,168,1.8461538461538463
2020-04-03,14,8,22,3,3,6,4,5,9,6,7,13,4,9,13,2,4,6,8,4,12,5,3,8,5,7,12,1,5,6,52,55,107,107,195,1.8224299065420562
2020-04-04,7,10,17,2,2,4,2,7,9,2,10,12,4,2,6,5,0,5,5,2,7,2,4,6,4,2,6,1,3,4,34,42,76,76,120,1.5789473684210527
2020-04-05,5,7,12,4,2,6,5,1,6,5,2,7,8,1,9,4,2,6,1,10,11,6,8,14,3,4,7,2,3,5,43,40,83,83,140,1.6867469879518073
2020-04-06,10,7,17,3,2,5,6,3,9,10,2,12,9,4,13,8,2,10,6,7,13,10,4,14,7,4,11,1,2,3,70,37,107,107,164,1.5327102803738317
2020-04-07,7,10,17,1,2,3,5,3,8,5,7,12,4,4,8,7,2,9,4,4,8,6,8,14,6,11,17,2,1,3,47,52,99,99,119,1.202020202020202
2020-04-08,7,6,13,4,1,5,2,5,7,5,2,7,7,4,11,5,3,8,6,5,11,9,4,13,2,3,5,3,6,9,50,39,89,89,109,1.2247191011235956
2020-04-09,2,2,4,2,2,4,2,7,9,11,9,20,3,5,8,8,7,15,4,1,5,7,10,17,5,8,13,4,5,9,48,56,104,104,136,1.3076923076923077
2020-04-10,13,2,15,4,3,7,2,5,7,4,1,5,8,1,9,3,5,8,5,2,7,2,9,11,5,8,13,1,4,5,47,40,87,87,113,1.2988505747126438
2020-04-11,5,4,9,2,2,4,8,4,12,5,3,8,5,2,7,2,4,6,3,6,9,7,2,9,4,8,12,1,4,5,42,39,81,81,101,1.2469135802469136
2020-04-12,9,5,14,2,0,2,1,3,4,6,2,8,3,5,8,9,1,10,3,5,8,3,8,11,3,4,7,1,2,3,40,35,75,75,118,1.5733333333333333
2020-04-13,5,8,13,4,3,7,10,6,16,4,8,12,5,5,10,4,5,9,7,4,11,5,8,13,8,8,16,4,6,10,56,61,117,117,144,1.2307692307692308
2020-04-14,12,4,16,3,1,4,6,6,12,8,3,11,4,4,8,9,6,15,4,7,11,8,5,13,7,4,11,4,4,8,65,44,109,109,113,1.036697247706422
2020-04-15,9,3,12,4,5,9,2,6,8,6,7,13,7,12,19,4,7,11,7,2,9,10,3,13,7,7,14,5,3,8,61,55,116,116,163,1.4051724137931034
2020-04-16,8,2,10,4,5,9,7,4,11,9,13,22,10,8,18,7,7,14,4,10,14,6,4,10,5,5,10,0,4,4,60,62,122,122,122,1.0
2020-04-17,8,8,16,1,3,4,1,7,8,6,12,18,11,8,19,7,7,14,7,5,12,13,8,21,5,8,13,1,3,4,60,69,129,129,184,1.426356589147287
2020-04-18,7,7,14,3,1,4,10,2,12,14,6,20,7,5,12,6,3,9,2,2,4,4,10,14,6,8,14,3,4,7,62,48,110,110,159,1.4454545454545455
2020-04-19,5,6,11,4,1,5,4,2,6,4,4,8,3,5,8,5,8,13,5,6,11,5,8,13,3,7,10,2,1,3,40,48,88,88,111,1.2613636363636365
2020-04-20,10,6,16,8,8,16,12,5,17,12,9,21,8,6,14,9,3,12,11,8,19,14,11,25,10,8,18,4,15,19,98,79,177,177,204,1.152542372881356
2020-04-21,11,8,19,5,3,8,12,3,15,8,9,17,2,4,6,4,7,11,6,6,12,11,12,23,8,10,18,2,10,12,69,72,141,141,166,1.177304964539007
2020-04-22,8,6,14,5,5,10,6,7,13,11,3,14,11,6,17,3,7,10,8,3,11,8,14,22,8,12,20,7,6,13,75,69,144,144,227,1.5763888888888888
2020-04-23,13,10,23,5,4,9,5,10,15,9,8,17,8,6,14,3,9,12,7,4,11,9,8,17,11,10,21,7,9,16,77,78,155,155,148,0.9548387096774194
2020-04-24,11,9,20,5,4,9,8,7,15,12,11,23,5,6,11,7,8,15,8,10,18,10,11,21,10,15,25,3,3,6,79,84,163,163,177,1.0858895705521472
2020-04-25,8,4,12,4,1,5,2,5,7,8,8,16,4,4,8,5,4,9,6,5,11,7,3,10,9,16,25,5,5,10,58,55,113,113,102,0.9026548672566371
2020-04-26,6,15,21,6,5,11,2,4,6,4,2,6,8,5,13,2,3,5,6,7,13,5,7,12,7,7,14,1,3,4,47,58,105,105,91,0.8666666666666667
2020-04-27,11,10,21,6,3,9,5,6,11,3,9,12,4,9,13,10,6,16,7,7,14,19,6,25,11,14,25,3,5,8,79,75,154,154,125,0.8116883116883117
2020-04-28,13,7,20,4,5,9,11,9,20,10,9,19,7,9,16,6,8,14,5,7,12,3,12,15,6,14,20,2,4,6,67,84,151,151,117,0.7748344370860927
2020-04-29,15,8,23,5,3,8,11,6,17,18,11,29,11,7,18,8,6,14,4,8,12,9,6,15,3,14,17,5,10,15,89,79,168,168,138,0.8214285714285714
2020-04-30,15,9,24,8,2,10,8,4,12,5,5,10,11,7,18,7,11,18,10,9,19,7,9,16,8,16,24,8,8,16,87,80,167,167,136,0.8143712574850299
2020-05-01,1,11,12,6,5,11,1,5,6,9,11,20,9,6,15,5,3,8,11,5,16,7,8,15,8,11,19,0,3,3,57,68,125,125,107,0.856
2020-05-02,5,14,19,5,6,11,6,2,8,10,5,15,6,5,11,8,2,10,3,2,5,8,2,10,6,12,18,1,3,4,58,53,111,111,111,1.0
2020-05-03,7,4,11,3,2,5,5,5,10,8,6,14,4,5,9,8,2,10,8,7,15,4,8,12,7,8,15,3,5,8,57,52,109,109,89,0.8165137614678899
2020-05-04,16,16,32,5,2,7,8,10,18,9,6,15,5,6,11,9,3,12,7,12,19,15,13,28,8,18,26,2,4,6,84,90,174,174,136,0.7816091954022989
2020-05-05,7,7,14,7,1,8,9,8,17,11,10,21,6,10,16,9,5,14,10,6,16,15,7,22,6,12,18,1,10,11,81,76,157,157,102,0.6496815286624203
2020-05-06,12,9,21,3,0,3,10,6,16,16,12,28,14,7,21,4,6,10,9,5,14,19,12,31,6,12,18,4,6,10,97,75,172,172,116,0.6744186046511628
2020-05-07,14,7,21,5,6,11,13,5,18,11,9,20,14,8,22,5,6,11,7,5,12,15,6,21,6,12,18,1,8,9,91,72,163,163,101,0.6196319018404908
2020-05-08,13,11,24,6,4,10,12,8,20,9,14,23,16,9,25,13,5,18,5,11,16,13,8,21,11,13,24,2,12,14,100,95,195,195,207,1.0615384615384615
2020-05-09,16,10,26,3,0,3,4,11,15,5,7,12,7,6,13,4,4,8,7,7,14,11,2,13,5,10,15,5,8,13,67,65,132,132,115,0.8712121212121212
2020-05-10,7,8,15,1,1,2,7,10,17,5,6,11,3,5,8,4,5,9,7,5,12,9,11,20,5,10,15,1,7,8,49,68,117,116,101,0.8706896551724138
2020-05-11,12,14,26,6,4,10,6,6,12,12,12,24,8,12,20,8,5,13,11,6,17,12,9,21,10,16,26,4,13,17,89,97,186,186,136,0.7311827956989247
2020-05-12,15,8,23,6,8,14,22,16,38,21,6,27,8,11,19,6,4,10,9,7,16,6,11,17,10,13,23,5,12,17,108,96,204,204,145,0.7107843137254902
2020-05-13,21,11,32,9,7,16,17,8,25,13,19,32,14,6,20,8,8,16,6,8,14,9,7,16,8,14,22,1,9,10,106,97,203,203,175,0.8620689655172413
2020-05-14,18,21,39,9,7,16,12,16,28,19,15,34,10,8,18,5,9,14,10,11,21,9,9,18,9,13,22,2,14,16,103,123,226,226,208,0.9203539823008849
2020-05-15,17,17,34,8,5,13,6,9,15,11,10,21,10,15,25,11,7,18,9,9,18,7,6,13,10,20,30,5,10,15,94,108,202,201,182,0.9054726368159204
2020-05-16,6,14,20,7,5,12,4,9,13,9,12,21,6,7,13,6,7,13,6,5,11,10,5,15,6,4,10,5,14,19,65,82,147,147,197,1.3401360544217686
2020-05-17,13,13,26,3,5,8,9,6,15,6,7,13,8,11,19,3,2,5,6,7,13,6,4,10,10,9,19,4,7,11,68,71,139,139,98,0.7050359712230215
2020-05-18,17,19,36,8,9,17,20,18,38,20,14,34,10,13,23,12,9,21,10,12,22,17,14,31,16,13,29,2,11,13,132,132,264,264,211,0.7992424242424242
2020-05-19,16,15,31,12,11,23,25,19,44,30,20,50,23,10,33,13,14,27,13,11,24,9,18,27,11,20,31,3,9,12,155,147,302,302,211,0.6986754966887417
2020-05-20,23,33,56,9,13,22,22,17,39,34,17,51,16,13,29,9,12,21,18,14,32,10,11,21,12,15,27,6,6,12,159,151,310,310,203,0.6548387096774193
2020-05-21,25,27,52,16,6,22,29,19,48,27,18,45,12,17,29,17,11,28,10,6,16,16,9,25,8,16,24,0,4,4,160,133,293,293,155,0.5290102389078498
2020-05-22,23,15,38,11,11,22,25,25,50,18,23,41,16,13,29,11,7,18,5,9,14,10,8,18,6,13,19,6,13,19,131,137,268,268,135,0.503731343283582
2020-05-23,12,13,25,10,13,23,23,14,37,24,16,40,9,9,18,7,8,15,11,11,22,9,12,21,8,5,13,3,2,5,116,103,219,219,132,0.6027397260273972
2020-05-24,14,17,31,7,7,14,10,8,18,13,9,22,10,2,12,5,4,9,10,4,14,10,7,17,5,10,15,2,6,8,86,74,160,160,121,0.75625
2020-05-25,24,19,43,16,13,29,18,23,41,13,12,25,15,10,25,5,7,12,4,5,9,13,2,15,9,15,24,2,8,10,119,114,233,233,130,0.5579399141630901
2020-05-26,25,24,49,18,15,33,32,32,64,40,20,60,18,21,39,8,14,22,8,5,13,14,4,18,10,16,26,3,10,13,176,161,337,337,248,0.7359050445103857
2020-05-27,33,26,59,14,13,27,19,21,40,22,14,36,17,10,27,17,13,30,8,7,15,5,11,16,4,17,21,4,2,6,143,134,277,277,212,0.7653429602888087
2020-05-28,24,34,58,16,9,25,23,26,49,19,20,39,20,18,38,12,15,27,10,12,22,10,6,16,13,17,30,5,14,19,152,171,323,323,236,0.7306501547987616
2020-05-29,33,25,58,22,16,38,34,28,62,27,33,60,24,19,43,14,14,28,12,10,22,15,9,24,14,16,30,2,4,6,197,174,371,371,286,0.77088948787062
2020-05-30,25,20,45,12,9,21,33,22,55,31,11,42,11,12,23,11,11,22,6,5,11,10,10,20,8,11,19,1,7,8,148,118,266,265,118,0.44528301886792454
2020-05-31,19,13,32,10,9,19,15,9,24,11,10,21,12,4,16,5,7,12,7,4,11,11,5,16,5,9,14,1,8,9,96,78,174,174,92,0.5287356321839081
2020-06-01,28,21,49,13,15,28,24,32,56,26,30,56,15,17,32,15,10,25,19,12,31,13,8,21,5,10,15,5,4,9,163,159,322,322,221,0.6863354037267081
2020-06-02,35,23,58,18,19,37,31,23,54,20,24,44,17,17,34,9,11,20,15,8,23,21,11,32,5,14,19,5,11,16,176,161,337,337,201,0.5964391691394659
2020-06-03,26,15,41,14,24,38,24,26,50,23,33,56,12,20,32,8,10,18,14,11,25,16,12,28,11,15,26,2,10,12,150,176,326,326,184,0.5644171779141104
2020-06-04,24,21,45,16,18,34,28,25,53,17,22,39,13,13,26,21,13,34,10,5,15,19,11,30,10,16,26,3,10,13,161,154,315,314,201,0.6401273885350318
2020-06-05,32,31,63,11,15,26,33,21,54,26,34,60,25,20,45,20,19,39,12,13,25,15,11,26,10,20,30,3,9,12,187,193,380,380,330,0.868421052631579
2020-06-06,19,19,38,11,10,21,18,15,33,28,23,51,11,11,22,14,7,21,9,9,18,11,9,20,10,16,26,2,9,11,133,128,261,256,177,0.69140625
2020-06-07,13,19,32,12,11,23,17,10,27,16,13,29,14,8,22,10,7,17,7,3,10,8,6,14,11,12,23,2,8,10,110,97,207,204,115,0.5637254901960784
2020-06-08,23,26,49,17,18,35,28,26,54,35,27,62,33,18,51,19,16,35,12,10,22,16,14,30,10,17,27,4,7,11,197,179,376,376,238,0.6329787234042553
2020-06-09,43,25,68,19,21,40,17,32,49,24,27,51,29,18,47,15,7,22,13,6,19,8,14,22,12,26,38,3,11,14,183,187,370,369,318,0.8617886178861789
2020-06-10,16,21,37,11,15,26,36,18,54,24,33,57,26,19,45,20,17,37,17,12,29,20,23,43,6,19,25,6,15,21,182,192,374,374,262,0.7005347593582888
2020-06-11,28,30,58,11,15,26,25,27,52,29,26,55,13,21,34,16,22,38,11,18,29,16,14,30,6,24,30,3,14,17,158,211,369,369,261,0.7073170731707317
2020-06-12,31,38,69,8,21,29,45,27,72,40,42,82,29,31,60,15,15,30,21,15,36,15,13,28,6,21,27,4,9,13,214,232,446,446,298,0.6681614349775785
2020-06-13,27,25,52,18,18,36,30,31,61,30,20,50,7,19,26,15,12,27,10,5,15,13,8,21,6,15,21,2,7,9,158,160,318,318,222,0.6981132075471698
2020-06-14,17,23,40,17,13,30,20,19,39,19,11,30,14,12,26,8,15,23,9,4,13,3,12,15,13,21,34,1,8,9,121,138,259,259,179,0.6911196911196911
2020-06-15,22,26,48,21,15,36,26,27,53,19,19,38,19,12,31,12,10,22,11,3,14,11,7,18,7,15,22,2,10,12,150,144,294,294,182,0.6190476190476191
2020-06-16,45,47,92,16,19,35,55,38,93,47,27,74,30,23,53,20,14,34,15,12,27,13,6,19,12,22,34,3,14,17,256,222,478,478,294,0.6150627615062761
2020-06-17,31,30,61,15,21,36,47,32,79,35,41,76,33,20,53,24,13,37,16,11,27,9,19,28,16,14,30,2,9,11,228,210,438,438,365,0.8333333333333334
2020-06-18,38,35,73,13,12,25,49,31,80,48,49,97,34,18,52,28,21,49,20,17,37,11,17,28,16,21,37,2,12,14,259,233,492,492,421,0.8556910569105691
2020-06-19,47,24,71,12,22,34,30,29,59,56,29,85,35,32,67,35,19,54,25,16,41,20,15,35,16,17,33,7,13,20,283,216,499,499,522,1.0460921843687374
2020-06-20,28,27,55,13,18,31,33,22,55,34,24,58,21,24,45,16,17,33,16,13,29,10,8,18,7,14,21,4,6,10,182,173,355,355,206,0.5802816901408451
2020-06-21,27,17,44,16,14,30,25,23,48,19,26,45,16,7,23,13,8,21,8,10,18,9,5,14,6,10,16,1,7,8,140,127,267,267,117,0.43820224719101125
2020-06-22,38,34,72,25,23,48,32,38,70,42,24,66,28,25,53,20,27,47,18,17,35,18,15,33,6,21,27,2,12,14,229,236,465,465,321,0.6903225806451613
2020-06-23,40,37,77,24,25,49,45,35,80,54,40,94,30,31,61,16,31,47,16,19,35,11,11,22,11,14,25,3,6,9,250,249,499,499,298,0.5971943887775552
2020-06-24,31,32,63,26,17,43,42,42,84,36,43,79,28,23,51,20,24,44,11,17,28,10,12,22,13,14,27,2,5,7,219,229,448,448,208,0.4642857142857143
2020-06-25,37,47,84,29,35,64,39,34,73,38,29,67,38,33,71,35,26,61,9,10,19,9,14,23,9,11,20,5,6,11,248,245,493,493,320,0.6490872210953347
2020-06-26,37,24,61,29,22,51,50,34,84,39,38,77,31,29,60,16,21,37,19,16,35,11,15,26,10,18,28,2,9,11,244,226,470,470,225,0.4787234042553192
2020-06-27,44,47,91,27,33,60,33,38,71,31,30,61,26,18,44,19,9,28,15,5,20,3,13,16,7,7,14,4,6,10,209,206,415,415,222,0.5349397590361445
2020-06-28,36,18,54,13,14,27,13,32,45,28,25,53,17,18,35,17,13,30,10,6,16,8,8,16,8,10,18,6,7,13,156,151,307,307,154,0.501628664495114
2020-06-29,38,43,81,28,29,57,38,37,75,43,31,74,24,23,47,15,29,44,22,10,32,13,16,29,11,14,25,5,8,13,237,240,477,477,266,0.5576519916142557
2020-06-30,24,34,58,9,20,29,47,36,83,34,38,72,30,30,60,25,20,45,21,9,30,17,10,27,8,17,25,2,11,13,217,225,442,441,234,0.5306122448979592
2020-07-01,33,29,62,15,24,39,52,41,93,40,30,70,24,28,52,25,28,53,16,12,28,13,12,25,9,19,28,3,6,9,230,229,459,459,244,0.5315904139433552
2020-07-02,43,41,84,19,26,45,39,44,83,47,40,87,34,28,62,18,20,38,18,9,27,8,12,20,13,12,25,4,5,9,243,237,480,480,191,0.39791666666666664
2020-07-03,44,30,74,29,16,45,37,30,67,45,49,94,25,31,56,21,20,41,18,13,31,10,16,26,9,17,26,4,4,8,242,226,468,468,236,0.5042735042735043
2020-07-04,25,32,57,17,17,34,31,37,68,28,26,54,27,17,44,19,13,32,9,8,17,9,12,21,6,9,15,3,6,9,174,177,351,351,158,0.45014245014245013
2020-07-05,21,26,47,19,12,31,25,32,57,29,28,57,10,21,31,17,16,33,17,14,31,15,14,29,8,14,22,3,8,11,164,185,349,349,167,0.4785100286532951
2020-07-06,22,31,53,17,15,32,42,38,80,53,26,79,32,28,60,27,23,50,22,22,44,18,26,44,10,23,33,3,9,12,246,241,487,487,153,0.3141683778234086
2020-07-07,37,53,90,18,24,42,54,42,96,47,37,84,26,32,58,29,19,48,18,16,34,12,12,24,10,20,30,7,12,19,258,267,525,525,197,0.37523809523809526
2020-07-08,37,24,61,28,26,54,51,36,87,35,39,74,40,38,78,20,30,50,16,17,33,16,21,37,12,15,27,4,14,18,259,260,519,519,235,0.4527938342967245
2020-07-09,28,19,47,15,12,27,27,27,54,35,25,60,28,26,54,13,13,26,7,16,23,9,22,31,4,15,19,6,7,13,172,182,354,354,145,0.4096045197740113
2020-07-10,25,18,43,20,20,40,27,27,54,30,27,57,22,20,42,14,13,27,19,16,35,16,12,28,12,16,28,2,11,13,187,180,367,367,139,0.3787465940054496
2020-07-11,23,32,55,17,9,26,20,25,45,24,31,55,19,25,44,16,20,36,19,11,30,12,19,31,4,16,20,2,11,13,156,199,355,355,155,0.43661971830985913
2020-07-12,19,17,36,16,8,24,18,18,36,24,13,37,15,12,27,8,10,18,10,10,20,10,5,15,6,12,18,4,6,10,130,111,241,241,89,0.36929460580912865
2020-07-13,27,37,64,24,23,47,41,37,78,37,40,77,38,33,71,26,34,60,31,24,55,20,33,53,12,47,59,2,24,26,258,332,590,590,342,0.5796610169491525
2020-07-14,31,30,61,27,17,44,34,25,59,62,37,99,36,33,69,28,15,43,22,25,47,17,28,45,6,17,23,7,14,21,270,241,511,511,229,0.4481409001956947
2020-07-15,28,33,61,32,23,55,35,59,94,56,48,104,39,42,81,26,31,57,22,23,45,10,17,27,15,16,31,7,5,12,270,297,567,567,231,0.4074074074074074
2020-07-16,41,24,65,18,33,51,46,51,97,51,36,87,36,41,77,27,31,58,18,15,33,16,18,34,18,30,48,2,18,20,273,297,570,570,322,0.5649122807017544
2020-07-17,35,32,67,24,21,45,31,42,73,38,48,86,37,47,84,30,38,68,24,26,50,18,17,35,16,20,36,4,10,14,257,301,558,558,265,0.47491039426523296
2020-07-18,26,25,51,17,14,31,39,33,72,35,39,74,27,30,57,27,23,50,25,18,43,10,10,20,15,21,36,2,6,8,223,219,442,442,242,0.5475113122171946
2020-07-19,28,29,57,11,17,28,25,24,49,25,27,52,24,23,47,23,23,46,13,11,24,13,8,21,11,17,28,2,6,8,175,185,360,360,135,0.375
2020-07-20,46,42,88,37,27,64,53,48,101,54,61,115,42,59,101,34,42,76,28,34,62,19,22,41,20,21,41,3,11,14,336,367,703,703,269,0.38264580369843526
2020-07-21,40,32,72,25,22,47,46,41,87,61,46,107,41,38,79,34,35,69,27,26,53,21,24,45,13,24,37,5,11,16,313,299,612,612,236,0.38562091503267976
2020-07-22,55,34,89,23,23,46,64,50,114,56,56,112,51,41,92,28,26,54,16,24,40,23,20,43,15,31,46,1,10,11,332,315,647,647,251,0.38794435857805254
2020-07-23,45,38,83,25,21,46,54,52,106,52,56,108,33,33,66,31,25,56,18,23,41,17,21,38,8,21,29,6,9,15,289,299,588,588,334,0.5680272108843537
2020-07-24,30,36,66,21,21,42,56,50,106,52,65,117,40,36,76,31,22,53,30,14,44,12,20,32,12,26,38,2,14,16,286,304,590,590,292,0.49491525423728816
2020-07-25,30,31,61,26,13,39,38,43,81,41,40,81,31,31,62,13,13,26,14,16,30,14,12,26,10,17,27,5,4,9,222,220,442,442,239,0.5407239819004525
2020-07-26,26,26,52,14,14,28,23,20,43,24,27,51,30,12,42,18,18,36,11,10,21,14,9,23,7,17,24,5,6,11,172,159,331,331,164,0.4954682779456193
2020-07-27,28,37,65,26,24,50,50,40,90,53,46,99,46,46,92,30,40,70,25,24,49,18,21,39,17,20,37,5,19,24,298,317,615,615,272,0.44227642276422763
2020-07-28,37,31,68,23,21,44,62,70,132,58,44,102,43,43,86,36,41,77,32,28,60,14,29,43,10,25,35,5,21,26,320,353,673,673,277,0.4115898959881129
2020-07-29,38,38,76,24,28,52,62,52,114,55,54,109,53,47,100,34,44,78,25,32,57,22,21,43,18,29,47,5,24,29,336,369,705,705,273,0.3872340425531915
2020-07-30,46,36,82,33,36,69,84,65,149,65,59,124,57,40,97,43,43,86,23,28,51,15,18,33,8,19,27,1,6,7,375,350,725,725,322,0.44413793103448274
2020-07-31,36,43,79,19,26,45,50,66,116,75,63,138,50,39,89,39,33,72,23,32,55,21,25,46,11,28,39,6,18,24,330,373,703,703,322,0.45803698435277385
2020-08-01,26,21,47,14,24,38,29,39,68,33,41,74,26,40,66,29,26,55,21,8,29,19,16,35,11,22,33,1,11,12,209,248,457,457,230,0.5032822757111597
2020-08-02,30,25,55,16,17,33,30,21,51,34,33,67,22,34,56,19,23,42,11,18,29,7,17,24,12,15,27,2,7,9,183,210,393,393,172,0.43765903307888043
2020-08-03,42,47,89,27,29,56,51,53,104,58,45,103,35,42,77,29,32,61,31,22,53,11,21,32,14,32,46,4,14,18,302,337,639,639,317,0.49608763693270735
2020-08-04,46,32,78,33,33,66,67,43,110,64,55,119,56,39,95,41,34,75,26,21,47,17,22,39,17,30,47,5,15,20,372,324,696,696,324,0.46551724137931033
2020-08-05,43,40,83,35,24,59,57,43,100,47,58,105,38,39,77,37,45,82,29,28,57,22,20,42,17,20,37,3,8,11,328,325,653,653,447,0.6845329249617151
2020-08-06,41,29,70,22,36,58,57,57,114,54,62,116,53,53,106,33,42,75,27,21,48,19,21,40,16,24,40,5,12,17,327,357,684,683,377,0.5519765739385066
2020-08-07,52,41,93,27,26,53,58,54,112,62,49,111,42,59,101,40,26,66,19,24,43,19,28,47,14,36,50,5,23,28,338,366,704,704,304,0.4318181818181818
2020-08-08,32,31,63,20,18,38,35,39,74,59,53,112,34,39,73,31,32,63,20,19,39,13,25,38,11,21,32,1,20,21,256,297,553,553,178,0.321880650994575
2020-08-09,28,29,57,14,12,26,31,34,65,39,33,72,25,40,65,28,30,58,20,17,37,13,21,34,16,44,60,4,18,22,218,278,496,496,173,0.3487903225806452
2020-08-10,47,35,82,31,27,58,66,56,122,67,45,112,50,52,102,36,36,72,19,17,36,17,26,43,13,20,33,4,11,15,350,325,675,675,256,0.37925925925925924
2020-08-11,37,38,75,40,23,63,65,58,123,77,63,140,58,55,113,42,40,82,30,25,55,23,31,54,15,27,42,6,12,18,393,372,765,765,326,0.4261437908496732
2020-08-12,35,42,77,38,26,64,53,73,126,48,84,132,55,56,111,37,42,79,28,25,53,15,27,42,12,21,33,5,16,21,326,412,738,738,263,0.35636856368563685
2020-08-13,24,35,59,38,26,64,77,74,151,85,84,169,52,54,106,49,43,92,21,34,55,27,18,45,11,26,37,4,15,19,388,409,797,797,282,0.35382685069008785
2020-08-14,26,28,54,19,25,44,83,78,161,64,69,133,66,45,111,41,43,84,31,29,60,22,31,53,13,21,34,3,12,15,368,381,749,749,307,0.4098798397863818
2020-08-15,41,24,65,33,22,55,43,51,94,50,59,109,28,50,78,30,29,59,24,19,43,15,31,46,9,45,54,4,16,20,277,346,623,623,231,0.3707865168539326
2020-08-16,32,21,53,15,11,26,45,40,85,37,38,75,21,32,53,21,21,42,11,22,33,17,15,32,9,31,40,4,22,26,212,253,465,464,191,0.41163793103448276
2020-08-17,27,17,44,22,20,42,51,47,98,51,55,106,40,44,84,35,46,81,16,36,52,15,14,29,9,20,29,0,14,14,266,313,579,579,238,0.4110535405872193
2020-08-18,44,39,83,32,14,46,56,55,111,78,67,145,49,41,90,30,59,89,21,34,55,23,28,51,9,18,27,0,17,17,342,372,714,714,234,0.3277310924369748
2020-08-19,50,37,87,24,28,52,49,69,118,68,64,132,43,49,92,38,32,70,19,29,48,18,30,48,13,36,49,4,17,21,326,391,717,717,229,0.3193863319386332
2020-08-20,25,27,52,25,21,46,62,63,125,51,59,110,31,49,80,35,32,67,26,31,57,13,20,33,16,22,38,3,13,16,287,337,624,624,255,0.40865384615384615
2020-08-21,28,44,72,33,25,58,49,53,102,64,69,133,52,49,101,42,48,90,34,32,66,23,36,59,13,35,48,5,10,15,343,401,744,744,313,0.4206989247311828
2020-08-22,14,17,31,27,20,47,40,37,77,39,55,94,39,33,72,24,23,47,23,23,46,14,22,36,9,14,23,3,14,17,232,258,490,490,227,0.463265306122449
2020-08-23,23,31,54,15,15,30,27,25,52,35,39,74,27,22,49,24,29,53,18,19,37,10,22,32,12,7,19,5,4,9,196,213,409,409,126,0.3080684596577017
2020-08-24,45,47,92,25,26,51,53,66,119,64,60,124,49,58,107,50,35,85,26,34,60,20,25,45,17,21,38,5,19,24,354,391,745,745,310,0.4161073825503356
2020-08-25,29,32,61,32,22,54,57,72,129,67,81,148,43,43,86,35,42,77,22,30,52,14,19,33,16,30,46,6,16,22,321,387,708,708,290,0.4096045197740113
2020-08-26,47,21,68,28,30,58,73,68,141,66,59,125,44,56,100,38,37,75,30,24,54,21,27,48,17,29,46,3,15,18,367,366,733,733,282,0.38472032742155526
2020-08-27,40,31,71,39,36,75,77,67,144,72,67,139,58,57,115,44,40,84,21,32,53,25,25,50,18,31,49,5,22,27,399,408,807,807,285,0.35315985130111527
2020-08-28,40,36,76,44,26,70,80,84,164,66,73,139,61,64,125,47,58,105,27,39,66,30,27,57,10,20,30,6,10,16,411,437,848,848,363,0.42806603773584906
2020-08-29,30,18,48,16,14,30,61,52,113,47,71,118,46,43,89,31,30,61,30,22,52,18,19,37,10,24,34,3,16,19,292,309,601,601,322,0.5357737104825291
2020-08-30,24,29,53,24,18,42,45,35,80,48,37,85,39,39,78,29,26,55,16,23,39,13,17,30,8,13,21,3,5,8,249,242,491,491,146,0.2973523421588595
2020-08-31,38,29,67,29,27,56,67,58,125,59,65,124,54,55,109,31,37,68,28,39,67,28,27,55,20,39,59,2,15,17,356,391,747,747,414,0.5542168674698795
2020-09-01,40,39,79,23,42,65,68,71,139,89,75,164,65,42,107,37,58,95,21,26,47,17,27,44,14,43,57,7,15,22,381,438,819,818,319,0.3899755501222494
2020-09-02,34,24,58,25,20,45,48,68,116,53,74,127,48,41,89,38,37,75,18,24,42,28,25,53,17,27,44,4,30,34,313,370,683,683,354,0.5183016105417276
2020-09-03,34,31,65,33,27,60,77,74,151,95,80,175,57,55,112,44,35,79,25,33,58,18,25,43,12,28,40,4,9,13,399,397,796,796,347,0.435929648241206
2020-09-04,37,40,77,29,31,60,62,66,128,73,74,147,60,70,130,32,43,75,33,42,75,26,24,50,14,26,40,3,16,19,369,432,801,801,350,0.4369538077403246
2020-09-05,27,24,51,18,14,32,51,48,99,58,69,127,40,56,96,26,35,61,30,28,58,18,18,36,16,20,36,2,7,9,286,319,605,605,348,0.5752066115702479
2020-09-06,26,24,50,15,16,31,24,39,63,38,35,73,30,31,61,17,29,46,16,24,40,10,22,32,13,16,29,1,9,10,190,245,435,435,184,0.42298850574712643
2020-09-07,30,32,62,24,29,53,71,78,149,76,66,142,50,62,112,37,57,94,43,31,74,16,26,42,14,30,44,7,14,21,368,425,793,793,333,0.41992433795712486
2020-09-08,34,31,65,31,27,58,62,67,129,82,73,155,54,55,109,50,52,102,31,40,71,29,27,56,17,27,44,7,22,29,397,421,818,818,386,0.4718826405867971
2020-09-09,37,31,68,23,32,55,69,63,132,64,61,125,54,53,107,45,45,90,31,44,75,22,29,51,15,37,52,1,19,20,361,414,775,775,401,0.5174193548387097
2020-09-10,31,19,50,36,26,62,81,75,156,81,88,169,69,56,125,42,47,89,27,28,55,24,26,50,11,34,45,2,16,18,404,415,819,819,410,0.5006105006105006
2020-09-11,33,32,65,42,24,66,64,55,119,63,81,144,56,63,119,45,61,106,37,30,67,24,29,53,19,26,45,3,10,13,386,411,797,797,389,0.4880803011292346
2020-09-12,25,22,47,20,24,44,37,38,75,35,53,88,29,39,68,31,40,71,26,27,53,21,23,44,12,31,43,2,14,16,238,311,549,549,275,0.5009107468123861
2020-09-13,31,25,56,13,13,26,38,45,83,41,56,97,24,26,50,28,24,52,29,26,55,11,11,22,5,14,19,5,9,14,225,249,474,474,183,0.3860759493670886
2020-09-14,35,36,71,28,28,56,64,82,146,68,71,139,47,57,104,56,52,108,40,42,82,28,27,55,18,18,36,2,10,12,386,423,809,809,358,0.44252163164400493
2020-09-15,40,28,68,21,18,39,62,42,104,66,87,153,45,46,91,31,43,74,34,36,70,23,34,57,15,34,49,1,12,13,338,380,718,718,376,0.5236768802228412
2020-09-16,46,41,87,42,40,82,74,88,162,65,82,147,57,58,115,41,47,88,33,36,69,24,20,44,16,30,46,3,11,14,401,453,854,854,295,0.34543325526932084
2020-09-17,34,31,65,29,42,71,60,62,122,60,65,125,55,74,129,53,59,112,40,40,80,27,28,55,15,19,34,3,4,7,376,424,800,800,375,0.46875
2020-09-18,39,43,82,22,38,60,60,71,131,84,91,175,49,57,106,38,46,84,29,47,76,30,28,58,14,23,37,3,12,15,368,456,824,824,352,0.42718446601941745
2020-09-19,15,35,50,13,26,39,31,32,63,38,50,88,29,26,55,23,22,45,30,25,55,19,21,40,15,20,35,3,7,10,216,264,480,480,220,0.4583333333333333
2020-09-20,26,29,55,26,25,51,32,35,67,40,33,73,27,28,55,20,27,47,12,20,32,20,17,37,4,18,22,3,8,11,210,240,450,450,119,0.2644444444444444
2020-09-21,34,36,70,29,35,64,59,53,112,61,74,135,48,53,101,40,32,72,33,35,68,26,28,54,11,15,26,1,10,11,342,371,713,713,309,0.43338008415147267
2020-09-22,48,39,87,38,41,79,60,72,132,65,68,133,61,38,99,50,49,99,37,27,64,28,31,59,12,34,46,3,13,16,402,412,814,814,286,0.35135135135135137
2020-09-23,45,35,80,21,25,46,46,75,121,58,68,126,44,52,96,37,43,80,32,33,65,20,36,56,11,23,34,2,13,15,316,403,719,719,238,0.33101529902642557
2020-09-24,46,44,90,37,35,72,71,62,133,81,76,157,54,54,108,35,36,71,15,53,68,18,28,46,23,25,48,7,22,29,387,435,822,822,304,0.36982968369829683
2020-09-25,38,27,65,30,22,52,62,65,127,60,60,120,57,52,109,36,41,77,32,40,72,24,27,51,19,25,44,0,11,11,358,370,728,728,354,0.48626373626373626
2020-09-26,24,21,45,26,18,44,40,39,79,47,39,86,37,38,75,25,41,66,23,22,45,17,16,33,10,19,29,6,9,15,255,262,517,517,194,0.37524177949709864
2020-09-27,23,28,51,16,24,40,42,47,89,31,38,69,37,29,66,29,30,59,22,17,39,7,18,25,9,13,22,2,7,9,218,251,469,469,157,0.3347547974413646
2020-09-28,37,27,64,29,28,57,57,51,108,68,64,132,65,43,108,53,59,112,48,27,75,21,29,50,16,27,43,4,20,24,398,375,773,773,325,0.4204398447606727
2020-09-29,48,36,84,34,42,76,78,57,135,88,80,168,63,53,116,39,41,80,42,45,87,30,50,80,22,38,60,3,24,27,447,466,913,913,256,0.28039430449069
2020-09-30,41,35,76,30,37,67,71,73,144,65,68,133,53,47,100,44,52,96,38,48,86,30,29,59,9,25,34,5,9,14,386,423,809,809,324,0.4004944375772559
2020-10-01,44,46,90,26,55,81,74,85,159,79,80,159,44,64,108,44,39,83,41,40,81,28,47,75,14,19,33,4,10,14,398,485,883,883,337,0.38165345413363533
2020-10-02,53,50,103,32,33,65,63,83,146,61,80,141,44,63,107,52,39,91,41,42,83,30,40,70,14,33,47,4,17,21,394,480,874,874,449,0.5137299771167048
2020-10-03,25,27,52,23,31,54,48,48,96,45,47,92,38,35,73,35,28,63,17,27,44,20,18,38,8,19,27,3,7,10,262,287,549,549,237,0.43169398907103823
2020-10-04,29,32,61,21,23,44,42,43,85,33,34,67,36,35,71,28,24,52,20,21,41,13,15,28,10,26,36,3,3,6,235,256,491,491,228,0.46435845213849286
2020-10-05,24,39,63,28,27,55,55,60,115,84,76,160,78,51,129,50,50,100,58,36,94,33,46,79,20,27,47,3,7,10,433,419,852,852,392,0.460093896713615
2020-10-06,34,49,83,39,36,75,66,56,122,76,69,145,78,48,126,50,46,96,35,39,74,31,36,67,18,27,45,6,11,17,433,417,850,850,307,0.3611764705882353
2020-10-07,47,34,81,22,26,48,69,70,139,82,88,170,56,61,117,40,58,98,38,45,83,30,32,62,18,30,48,8,7,15,410,451,861,861,284,0.32984901277584205
2020-10-08,44,35,79,37,27,64,68,74,142,68,73,141,58,61,119,44,54,98,36,33,69,26,38,64,16,26,42,5,24,29,402,445,847,847,397,0.46871310507674147
2020-10-09,34,46,80,50,44,94,52,82,134,87,102,189,58,67,125,48,59,107,39,45,84,25,38,63,11,26,37,4,15,19,408,524,932,932,541,0.5804721030042919
2020-10-10,25,32,57,33,26,59,60,57,117,60,61,121,41,49,90,35,48,83,35,32,67,15,29,44,18,20,38,9,15,24,331,369,700,700,416,0.5942857142857143
2020-10-11,29,27,56,21,18,39,46,59,105,55,63,118,48,41,89,35,28,63,36,36,72,18,29,47,16,24,40,1,9,10,305,334,639,639,376,0.5884194053208138
2020-10-12,25,32,57,41,33,74,75,85,160,75,78,153,58,74,132,50,70,120,54,43,97,38,45,83,24,46,70,2,19,21,442,525,967,967,381,0.3940020682523268
2020-10-13,54,47,101,55,40,95,110,114,224,104,126,230,72,89,161,81,93,174,56,52,108,38,53,91,28,51,79,9,24,33,607,689,1296,1296,507,0.3912037037037037
2020-10-14,49,46,95,38,55,93,95,116,211,103,120,223,67,89,156,63,71,134,53,52,105,52,54,106,21,34,55,0,20,20,541,657,1198,1198,526,0.43906510851419034
2020-10-15,47,43,90,51,54,105,109,115,224,130,131,261,100,114,214,79,85,164,66,68,134,33,55,88,18,38,56,9,15,24,642,718,1360,1360,504,0.37058823529411766
2020-10-16,60,40,100,48,62,110,135,152,287,139,114,253,107,108,215,76,90,166,58,68,126,40,58,98,26,48,74,3,35,38,692,775,1467,1467,589,0.4014996591683708
2020-10-17,26,31,57,32,39,71,93,70,163,90,101,191,77,82,159,41,48,89,40,52,92,41,40,81,14,33,47,4,15,19,458,511,969,969,440,0.4540763673890609
2020-10-18,24,28,52,25,28,53,37,51,88,57,75,132,33,50,83,39,37,76,30,27,57,22,37,59,12,37,49,1,13,14,280,383,663,663,354,0.5339366515837104
2020-10-19,71,50,121,50,57,107,119,154,273,133,152,285,126,136,262,92,89,181,80,73,153,53,64,117,25,44,69,3,15,18,752,834,1586,1586,811,0.5113493064312736
2020-10-20,55,61,116,58,56,114,143,133,276,123,138,261,103,124,227,85,90,175,69,63,132,36,53,89,34,45,79,1,25,26,707,788,1495,1495,1015,0.6789297658862876
2020-10-21,39,34,73,71,49,120,96,135,231,101,104,205,86,90,176,74,58,132,60,51,111,35,46,81,21,48,69,3,20,23,586,635,1221,1221,743,0.6085176085176085
2020-10-22,41,35,76,63,66,129,87,104,191,86,101,187,78,101,179,61,77,138,41,53,94,32,40,72,22,38,60,7,23,30,518,638,1156,1156,805,0.6963667820069204
2020-10-23,36,32,68,46,39,85,73,89,162,74,96,170,58,85,143,54,51,105,46,57,103,40,41,81,25,19,44,5,25,30,457,534,991,991,782,0.7891019172552977
2020-10-24,19,24,43,20,34,54,64,49,113,49,60,109,47,47,94,36,37,73,21,30,51,29,28,57,8,23,31,5,13,18,298,345,643,643,580,0.9020217729393468
2020-10-25,37,29,66,20,28,48,61,66,127,58,88,146,48,49,97,47,56,103,32,33,65,26,32,58,8,19,27,4,3,7,341,403,744,744,697,0.9368279569892473
2020-10-26,45,36,81,64,46,110,88,99,187,105,118,223,72,97,169,65,81,146,45,54,99,38,48,86,17,46,63,5,20,25,544,645,1189,1189,1032,0.8679562657695542
2020-10-27,40,42,82,46,38,84,110,120,230,99,90,189,94,87,181,72,91,163,64,81,145,42,56,98,17,28,45,3,8,11,587,641,1228,1228,1045,0.8509771986970684
2020-10-28,45,43,88,38,38,76,80,115,195,101,107,208,61,79,140,65,74,139,57,49,106,31,37,68,12,33,45,4,14,18,494,589,1083,1083,883,0.8153277931671283
2020-10-29,35,33,68,35,42,77,114,93,207,119,112,231,73,86,159,48,61,109,53,56,109,27,32,59,17,29,46,2,8,10,523,552,1075,1075,1042,0.9693023255813954
2020-10-30,37,26,63,31,43,74,81,121,202,94,100,194,73,76,149,48,59,107,45,54,99,24,35,59,20,30,50,5,17,22,458,561,1019,1019,800,0.7850834151128557
2020-10-31,27,22,49,21,24,45,47,54,101,50,69,119,41,55,96,37,34,71,33,39,72,22,25,47,8,15,23,3,4,7,289,341,630,630,533,0.846031746031746
2020-11-01,40,32,72,31,46,77,59,72,131,61,79,140,66,55,121,42,55,97,34,49,83,27,27,54,10,21,31,3,6,9,373,442,815,815,683,0.838036809815951
2020-11-02,41,46,87,44,50,94,94,110,204,105,95,200,72,88,160,69,63,132,60,61,121,34,35,69,18,25,43,3,15,18,540,588,1128,1128,912,0.8085106382978723
2020-11-03,35,30,65,28,29,57,76,92,168,84,76,160,59,45,104,49,52,101,42,40,82,35,31,66,20,34,54,2,13,15,430,442,872,872,644,0.7385321100917431
2020-11-04,40,43,83,41,46,87,117,121,238,95,112,207,99,103,202,68,77,145,69,59,128,43,40,83,21,41,62,11,15,26,604,657,1261,1261,737,0.584456780333069
2020-11-05,47,42,89,67,53,120,134,122,256,129,122,251,107,97,204,87,96,183,44,60,104,36,38,74,20,30,50,3,14,17,674,674,1348,1348,891,0.6609792284866469
2020-11-06,29,35,64,27,45,72,73,79,152,64,78,142,44,48,92,52,55,107,37,49,86,30,41,71,15,30,45,4,9,13,375,469,844,844,696,0.8246445497630331
2020-11-07,30,33,63,28,37,65,55,75,130,53,77,130,51,57,108,45,55,100,40,44,84,27,32,59,22,20,42,7,5,12,358,435,793,793,605,0.7629255989911727
2020-11-08,42,45,87,36,39,75,69,62,131,62,82,144,52,62,114,34,46,80,43,43,86,29,33,62,10,16,26,4,4,8,381,432,813,813,668,0.8216482164821648
2020-11-09,54,54,108,69,43,112,87,110,197,109,130,239,80,94,174,83,74,157,59,64,123,25,41,66,25,39,64,4,10,14,595,659,1254,1254,979,0.7807017543859649
2020-11-10,37,30,67,39,38,77,85,81,166,99,100,199,64,63,127,53,56,109,64,44,108,32,35,67,24,28,52,4,11,15,501,486,987,987,654,0.662613981762918
2020-11-11,48,37,85,35,44,79,96,101,197,94,92,186,78,76,154,61,74,135,42,41,83,35,34,69,20,39,59,4,18,22,513,556,1069,1069,746,0.6978484565014031
2020-11-12,51,37,88,44,40,84,79,110,189,109,110,219,92,89,181,70,54,124,46,74,120,41,45,86,21,37,58,3,11,14,556,607,1163,1163,745,0.6405846947549441
2020-11-13,47,30,77,51,39,90,90,111,201,81,96,177,75,77,152,60,61,121,59,63,122,37,40,77,21,33,54,4,14,18,525,564,1089,1089,726,0.6666666666666666
2020-11-14,52,38,90,29,29,58,56,71,127,74,84,158,46,63,109,42,45,87,50,26,76,26,37,63,9,23,32,4,4,8,388,420,808,808,586,0.7252475247524752
2020-11-15,41,42,83,36,24,60,67,88,155,83,67,150,65,63,128,49,59,108,44,47,91,26,32,58,9,24,33,0,14,14,420,460,880,880,655,0.7443181818181818
2020-11-16,41,49,90,45,38,83,77,85,162,80,90,170,82,75,157,37,60,97,44,54,98,36,38,74,16,30,46,5,21,26,463,540,1003,1003,629,0.6271186440677966
2020-11-17,45,51,96,50,45,95,107,109,216,120,122,242,89,89,178,60,64,124,65,74,139,46,51,97,9,37,46,1,9,10,592,651,1243,1243,863,0.6942880128720836
2020-11-18,44,44,88,59,47,106,108,106,214,135,118,253,83,74,157,60,65,125,46,47,93,47,46,93,16,43,59,3,9,12,601,599,1200,1200,845,0.7041666666666667
2020-11-19,46,37,83,66,54,120,103,121,224,103,128,231,72,85,157,67,75,142,60,61,121,38,36,74,21,36,57,3,10,13,579,643,1222,1222,867,0.70949263502455
2020-11-20,48,41,89,43,42,85,90,104,194,100,100,200,61,74,135,60,65,125,53,50,103,28,30,58,20,27,47,4,10,14,507,543,1050,1050,764,0.7276190476190476
2020-11-21,38,32,70,30,33,63,59,68,127,67,63,130,52,58,110,40,45,85,37,35,72,23,20,43,9,13,22,3,10,13,358,377,735,735,623,0.8476190476190476
2020-11-22,30,28,58,28,28,56,58,58,116,50,65,115,54,51,105,28,31,59,30,45,75,22,16,38,9,21,30,1,8,9,310,351,661,661,514,0.7776096822995462
2020-11-23,50,40,90,34,34,68,72,74,146,81,78,159,66,57,123,45,45,90,41,45,86,22,30,52,19,29,48,6,12,18,436,444,880,880,716,0.8136363636363636
2020-11-24,42,50,92,52,45,97,93,93,186,120,94,214,84,71,155,61,63,124,55,53,108,33,44,77,25,35,60,2,5,7,567,553,1120,1120,877,0.7830357142857143
2020-11-25,55,51,106,56,46,102,108,95,203,110,116,226,72,72,144,56,50,106,50,52,102,26,38,64,19,27,46,5,9,14,557,556,1113,1113,760,0.6828391734052112
2020-11-26,41,46,87,58,54,112,105,114,219,104,121,225,62,95,157,69,66,135,61,52,113,34,47,81,17,31,48,8,12,20,559,638,1197,1197,866,0.7234753550543024
2020-11-27,20,37,57,33,27,60,90,105,195,72,90,162,57,44,101,57,55,112,41,43,84,28,34,62,14,36,50,5,5,10,417,476,893,893,645,0.7222844344904815
2020-11-28,49,27,76,33,34,67,79,72,151,52,76,128,48,58,106,59,49,108,28,34,62,24,34,58,11,29,40,2,4,6,385,417,802,802,556,0.6932668329177057
2020-11-29,36,40,76,25,42,67,80,82,162,71,91,162,72,54,126,46,49,95,47,45,92,22,27,49,15,14,29,2,7,9,416,451,867,867,665,0.7670126874279123
2020-11-30,54,49,103,61,42,103,132,145,277,115,124,239,99,90,189,60,77,137,61,72,133,42,52,94,19,33,52,6,8,14,649,692,1341,1340,934,0.6970149253731344
2020-12-01,41,46,87,39,56,95,118,105,223,98,120,218,83,91,174,40,60,100,58,70,128,38,47,85,19,28,47,2,4,6,536,627,1163,1163,754,0.648323301805675
2020-12-02,26,21,47,31,34,65,70,78,148,60,86,146,62,73,135,42,45,87,34,32,66,30,33,63,14,18,32,5,10,15,374,430,804,804,316,0.39303482587064675
2020-12-03,36,45,81,47,42,89,89,130,219,111,127,238,87,85,172,59,57,116,55,65,120,37,33,70,15,23,38,3,10,13,539,617,1156,1156,274,0.2370242214532872
2020-12-04,38,41,79,44,53,97,94,90,184,95,101,196,78,86,164,66,75,141,54,67,121,39,41,80,18,29,47,7,9,16,533,592,1125,1125,371,0.3297777777777778
2020-12-05,31,32,63,40,36,76,79,77,156,87,67,154,51,48,99,37,41,78,31,29,60,20,22,42,11,22,33,5,8,13,392,382,774,774,390,0.5038759689922481
2020-12-06,31,29,60,33,25,58,61,56,117,57,49,106,41,55,96,29,37,66,31,31,62,27,28,55,16,16,32,1,3,4,327,329,656,656,256,0.3902439024390244
2020-12-07,21,37,58,41,29,70,90,96,186,73,78,151,57,65,122,38,47,85,29,34,63,25,38,63,12,19,31,4,5,9,390,448,838,838,233,0.27804295942720764
2020-12-08,35,42,77,25,30,55,77,81,158,81,78,159,49,48,97,52,52,104,42,40,82,21,36,57,6,19,25,5,4,9,393,430,823,823,251,0.30498177399756987
2020-12-09,41,37,78,38,50,88,126,143,269,143,137,280,110,90,200,97,93,190,85,81,166,44,64,108,16,33,49,3,17,20,703,745,1448,1448,455,0.31422651933701656
2020-12-10,46,44,90,74,76,150,149,159,308,155,180,335,108,117,225,118,114,232,89,83,172,42,37,79,17,44,61,6,10,16,804,864,1668,1668,344,0.20623501199040767
2020-12-11,39,43,82,51,55,106,158,174,332,169,180,349,121,125,246,111,117,228,99,108,207,52,55,107,20,29,49,1,8,9,821,894,1715,1715,329,0.19183673469387755
2020-12-12,38,37,75,62,49,111,121,129,250,127,152,279,122,115,237,101,82,183,64,103,167,40,57,97,10,23,33,2,8,10,687,755,1442,1442,359,0.24895977808599168
2020-12-13,36,31,67,44,57,101,94,119,213,118,131,249,95,95,190,102,91,193,73,56,129,38,33,71,11,24,35,6,4,10,617,641,1258,1258,210,0.1669316375198728
2020-12-14,57,44,101,54,55,109,151,154,305,156,159,315,116,129,245,108,111,219,89,106,195,55,64,119,21,32,53,9,12,21,816,866,1682,1682,432,0.2568370986920333
2020-12-15,42,41,83,63,63,126,122,150,272,156,156,312,115,103,218,107,120,227,103,106,209,50,48,98,13,18,31,1,13,14,772,818,1590,1589,367,0.23096286972938956
2020-12-16,28,38,66,64,88,152,162,193,355,203,212,415,139,163,302,139,126,265,126,113,239,65,66,131,20,21,41,4,12,16,950,1032,1982,1982,412,0.20787083753784055
2020-12-17,50,52,102,74,70,144,161,194,355,214,239,453,164,163,327,129,128,257,68,96,164,53,46,99,10,24,34,4,8,12,927,1020,1947,1947,425,0.21828454031843864
2020-12-18,65,47,112,87,108,195,194,205,399,225,239,464,174,175,349,144,161,305,163,151,314,98,78,176,15,50,65,4,8,12,1169,1222,2391,2391,560,0.23421162693433709
2020-12-19,46,37,83,70,75,145,143,176,319,232,233,465,146,148,294,122,123,245,110,136,246,49,67,116,17,25,42,2,5,7,937,1025,1962,1962,492,0.25076452599388377
2020-12-20,41,53,94,80,85,165,158,167,325,227,227,454,170,171,341,143,160,303,123,124,247,56,51,107,12,16,28,3,7,10,1013,1061,2074,2074,284,0.1369334619093539
2020-12-21,63,60,123,100,73,173,218,202,420,261,276,537,202,179,381,156,163,319,138,149,287,68,81,149,13,40,53,5,7,12,1224,1230,2454,2454,457,0.18622656886715566
2020-12-22,61,67,128,106,94,200,238,245,483,276,312,588,222,208,430,169,156,325,167,169,336,76,65,141,19,32,51,4,5,9,1338,1353,2691,2691,468,0.17391304347826086
2020-12-23,65,63,128,115,93,208,254,263,517,294,276,570,200,233,433,172,149,321,130,147,277,64,65,129,27,37,64,6,15,21,1327,1341,2668,2668,528,0.19790104947526238
2020-12-24,33,42,75,51,63,114,143,144,287,186,162,348,129,109,238,77,88,165,66,83,149,44,37,81,5,22,27,3,5,8,737,755,1492,1492,401,0.2687667560321716
2020-12-25,17,17,34,19,22,41,43,29,72,47,54,101,30,30,60,23,30,53,16,21,37,13,8,21,7,16,23,3,4,7,218,231,449,449,277,0.6169265033407573
2020-12-26,53,41,94,108,121,229,174,219,393,281,252,533,179,207,386,145,149,294,86,113,199,46,58,104,18,30,48,1,12,13,1091,1202,2293,2293,461,0.20104666375926733
2020-12-27,34,32,66,134,121,255,197,166,363,267,233,500,228,208,436,158,174,332,139,134,273,55,74,129,25,36,61,3,11,14,1240,1189,2429,2429,267,0.10992177850967476
2020-12-28,67,58,125,154,167,321,296,309,605,407,388,795,272,289,561,210,231,441,142,180,322,69,84,153,27,46,73,3,16,19,1647,1768,3415,3415,504,0.14758418740849194
2020-12-29,59,56,115,139,149,288,282,303,585,312,283,595,259,260,519,176,170,346,138,163,301,74,91,165,22,49,71,8,15,23,1469,1539,3008,3008,476,0.15824468085106383
2020-12-30,56,45,101,157,172,329,297,256,553,372,347,719,252,262,514,189,227,416,144,153,297,76,79,155,26,44,70,3,12,15,1572,1597,3169,3168,659,0.20801767676767677
2020-12-31,39,41,80,106,101,207,223,208,431,213,257,470,178,203,381,127,124,251,63,84,147,39,54,93,13,28,41,0,7,7,1001,1107,2108,2108,412,0.1954459203036053
2021-01-01,18,11,29,22,27,49,35,46,81,45,55,100,41,34,75,33,36,69,20,22,42,18,17,35,5,16,21,1,4,5,238,268,506,506,213,0.4209486166007905
2021-01-02,53,39,92,98,114,212,201,206,407,238,248,486,174,187,361,122,168,290,140,136,276,65,65,130,15,38,53,3,8,11,1109,1209,2318,2318,442,0.1906816220880069
2021-01-03,37,39,76,163,152,315,285,303,588,370,370,740,254,304,558,189,235,424,169,180,349,77,99,176,22,35,57,3,6,9,1569,1723,3292,3292,350,0.106318347509113
2021-01-04,55,51,106,136,117,253,364,389,753,393,428,821,295,312,607,195,239,434,165,165,330,92,93,185,34,60,94,4,12,16,1733,1866,3599,3599,527,0.14642956376771327
2021-01-05,44,56,100,167,151,318,383,415,798,421,446,867,312,319,631,209,242,451,173,246,419,98,106,204,27,55,82,5,11,16,1839,2047,3886,3885,536,0.13796653796653796
2021-01-06,53,47,100,182,172,354,392,369,761,404,394,798,325,319,644,244,257,501,178,210,388,101,109,210,30,57,87,4,20,24,1913,1954,3867,3866,548,0.14174857734092086
2021-01-07,51,46,97,133,148,281,287,300,587,336,323,659,252,236,488,164,203,367,145,157,302,76,106,182,26,51,77,2,9,11,1472,1579,3051,3051,548,0.17961324156014422
2021-01-08,60,45,105,140,157,297,321,314,635,283,327,610,203,276,479,170,197,367,110,146,256,68,107,175,27,37,64,7,9,16,1389,1615,3004,3003,605,0.20146520146520147
2021-01-09,36,43,79,121,141,262,233,287,520,333,342,675,218,249,467,172,188,360,109,161,270,50,74,124,21,38,59,0,12,12,1293,1535,2828,2827,456,0.1613017332861691
2021-01-10,47,48,95,137,152,289,249,268,517,279,346,625,226,239,465,157,183,340,120,104,224,44,71,115,12,32,44,1,10,11,1272,1453,2725,2725,311,0.11412844036697248
2021-01-11,59,44,103,165,173,338,354,379,733,353,405,758,269,281,550,196,208,404,130,173,303,75,74,149,22,40,62,1,7,8,1624,1784,3408,3408,506,0.14847417840375587
2021-01-12,70,43,113,139,148,287,292,335,627,288,319,607,219,242,461,160,214,374,134,129,263,51,68,119,29,28,57,3,10,13,1385,1536,2921,2920,431,0.1476027397260274
2021-01-13,74,66,140,170,182,352,353,340,693,314,339,653,262,260,522,188,229,417,150,181,331,71,76,147,20,48,68,6,4,10,1608,1725,3333,3333,454,0.13621362136213622
2021-01-14,56,55,111,166,168,334,311,338,649,314,353,667,224,268,492,193,245,438,136,160,296,62,74,136,20,37,57,3,6,9,1485,1704,3189,3189,559,0.1752900595798056
2021-01-15,61,55,116,273,267,540,381,414,795,452,473,925,361,354,715,285,294,579,165,198,363,66,97,163,24,45,69,3,9,12,2071,2206,4277,4277,589,0.13771335047930794
2021-01-16,38,29,67,290,278,568,326,377,703,415,445,860,384,396,780,285,263,548,183,210,393,102,101,203,23,41,64,2,9,11,2048,2149,4197,4197,412,0.0981653562068144
2021-01-17,39,24,63,242,251,493,318,393,711,367,381,748,372,413,785,249,262,511,131,156,287,67,76,143,19,26,45,2,2,4,1806,1984,3790,3790,336,0.08865435356200528
2021-01-18,59,58,117,310,326,636,433,452,885,472,476,948,437,423,860,331,335,666,221,249,470,96,121,217,29,49,78,3,9,12,2391,2498,4889,4889,450,0.09204336265084885
2021-01-19,63,47,110,291,258,549,418,408,826,470,459,929,409,424,833,285,328,613,207,243,450,101,124,225,20,50,70,7,16,23,2271,2357,4628,4628,337,0.07281763180639585
2021-01-20,60,56,116,297,285,582,373,415,788,408,395,803,392,399,791,314,322,636,231,251,482,117,130,247,25,44,69,8,14,22,2225,2311,4536,4536,370,0.08156966490299823
2021-01-21,70,55,125,190,240,430,331,330,661,306,348,654,270,323,593,210,295,505,175,173,348,79,87,166,37,42,79,7,13,20,1675,1906,3581,3581,493,0.13767104160848925
2021-01-22,52,54,106,232,207,439,270,313,583,267,313,580,272,307,579,202,233,435,153,173,326,74,92,166,17,42,59,3,3,6,1542,1737,3279,3279,379,0.11558401951814577
2021-01-23,38,31,69,236,201,437,293,312,605,294,321,615,251,228,479,207,227,434,109,130,239,47,59,106,14,30,44,3,6,9,1492,1545,3037,3037,432,0.14224563714191638
2021-01-24,31,36,67,259,249,508,326,335,661,303,316,619,304,323,627,234,240,474,145,153,298,53,75,128,21,31,52,2,6,8,1678,1764,3442,3442,231,0.06711214410226612
2021-01-25,57,72,129,331,298,629,420,430,850,376,422,798,364,401,765,257,291,548,210,207,417,95,111,206,30,58,88,6,12,18,2146,2302,4448,4448,359,0.08071043165467626
2021-01-26,75,59,134,297,247,544,353,350,703,332,319,651,307,330,637,229,281,510,172,197,369,85,95,180,29,56,85,4,15,19,1883,1949,3832,3832,407,0.10621085594989561
2021-01-27,66,58,124,234,254,488,333,346,679,331,347,678,277,330,607,216,265,481,157,156,313,68,81,149,32,45,77,2,16,18,1716,1898,3614,3614,326,0.09020475926950747
2021-01-28,65,58,123,210,183,393,282,295,577,292,291,583,222,239,461,185,225,410,142,160,302,81,95,176,29,44,73,5,14,19,1513,1604,3117,3117,390,0.12512030798845045
2021-01-29,49,64,113,292,267,559,369,354,723,379,414,793,335,373,708,272,282,554,197,240,437,81,119,200,24,58,82,4,9,13,2002,2180,4182,4181,557,0.13322171729251375
2021-01-30,36,24,60,382,372,754,329,359,688,389,440,829,431,464,895,324,354,678,180,240,420,87,114,201,22,45,67,3,8,11,2183,2420,4603,4603,339,0.07364762111666305
2021-01-31,32,28,60,550,542,1092,422,429,851,518,523,1041,616,678,1294,433,460,893,213,240,453,89,115,204,24,44,68,2,12,14,2899,3071,5970,5970,194,0.03249581239530988
2021-02-01,49,51,100,433,524,957,387,474,861,471,522,993,553,557,1110,436,434,870,247,307,554,83,150,233,39,48,87,3,10,13,2701,3077,5778,5778,374,0.0647282796815507
2021-02-02,45,50,95,371,415,786,368,380,748,425,483,908,531,581,1112,392,429,821,268,298,566,147,167,314,37,49,86,4,12,16,2588,2864,5452,5452,298,0.054658840792369774
2021-02-03,50,55,105,314,288,602,343,388,731,396,414,810,425,449,874,310,333,643,238,270,508,116,153,269,34,60,94,5,10,15,2231,2420,4651,4651,337,0.07245753601376048
2021-02-04,58,48,106,188,178,366,267,300,567,291,324,615,247,336,583,218,255,473,142,212,354,77,115,192,26,42,68,3,16,19,1517,1826,3343,3343,340,0.1017050553395154
2021-02-05,54,52,106,190,180,370,262,275,537,273,287,560,249,250,499,185,214,399,149,190,339,77,90,167,15,47,62,2,8,10,1456,1593,3049,3049,473,0.1551328304362086
2021-02-06,30,31,61,209,205,414,230,258,488,258,320,578,241,282,523,217,243,460,126,159,285,53,89,142,18,31,49,0,8,8,1382,1626,3008,3008,311,0.10339095744680851
2021-02-07,38,41,79,210,217,427,222,253,475,287,313,600,253,279,532,205,237,442,120,127,247,63,64,127,16,26,42,7,5,12,1421,1562,2983,2983,187,0.06268856855514583
2021-02-08,55,48,103,277,333,610,333,365,698,385,442,827,423,457,880,265,314,579,163,212,375,85,108,193,26,58,84,4,16,20,2016,2353,4369,4369,394,0.09018081940947585
2021-02-09,48,35,83,242,258,500,302,322,624,409,386,795,339,384,723,281,291,572,211,215,426,96,120,216,33,63,96,5,14,19,1966,2088,4054,4054,293,0.07227429699062654
2021-02-10,50,35,85,177,176,353,259,290,549,300,355,655,319,312,631,192,262,454,156,180,336,86,97,183,30,36,66,0,10,10,1569,1753,3322,3322,262,0.07886815171583383
2021-02-11,55,43,98,157,190,347,219,276,495,314,314,628,269,296,565,180,234,414,151,165,316,75,80,155,25,50,75,4,10,14,1449,1658,3107,3107,235,0.07563566140971999
2021-02-12,50,37,87,195,206,401,231,232,463,315,338,653,294,334,628,189,231,420,145,197,342,77,98,175,28,46,74,2,14,16,1526,1733,3259,3259,409,0.12549861920834612
2021-02-13,31,27,58,244,266,510,238,260,498,360,367,727,332,402,734,215,251,466,149,167,316,54,87,141,21,35,56,3,11,14,1647,1873,3520,3520,326,0.09261363636363637
2021-02-14,26,21,47,229,251,480,188,256,444,346,404,750,401,424,825,213,266,479,170,169,339,68,111,179,15,22,37,2,12,14,1658,1936,3594,3593,204,0.05677706651822989
2021-02-15,26,42,68,317,335,652,287,319,606,420,470,890,493,507,1000,314,320,634,163,192,355,71,109,180,17,52,69,2,12,14,2110,2358,4468,4468,258,0.05774395702775291
2021-02-16,28,25,53,322,297,619,363,420,783,503,566,1069,461,528,989,294,269,563,150,153,303,70,93,163,15,35,50,8,6,14,2214,2392,4606,4606,294,0.06382978723404255
2021-02-17,40,49,89,211,237,448,453,470,923,443,455,898,350,370,720,243,289,532,218,234,452,92,122,214,22,51,73,5,13,18,2077,2290,4367,4367,290,0.06640714449278681
2021-02-18,38,48,86,186,206,392,364,397,761,409,437,846,319,357,676,260,274,534,183,210,393,94,122,216,28,46,74,2,6,8,1883,2103,3986,3986,353,0.08855995985950828
2021-02-19,54,38,92,170,219,389,339,355,694,354,405,759,307,339,646,232,284,516,175,207,382,94,118,212,23,48,71,3,8,11,1751,2021,3772,3772,400,0.10604453870625663
2021-02-20,45,29,74,148,189,337,286,304,590,311,366,677,284,318,602,208,265,473,123,213,336,63,79,142,23,40,63,4,3,7,1495,1806,3301,3301,295,0.08936685852771888
2021-02-21,42,30,72,163,188,351,235,324,559,322,357,679,270,298,568,157,221,378,147,183,330,59,78,137,22,33,55,4,9,13,1421,1721,3142,3142,226,0.07192870782940802
2021-02-22,61,70,131,155,213,368,309,349,658,347,418,765,299,331,630,229,260,489,164,216,380,83,103,186,40,37,77,3,5,8,1690,2002,3692,3692,318,0.08613217768147345
2021-02-23,68,54,122,153,162,315,277,305,582,316,344,660,255,301,556,214,245,459,167,199,366,92,118,210,30,40,70,7,16,23,1579,1784,3363,3363,302,0.08980077311923877
2021-02-24,47,71,118,154,179,333,215,253,468,279,299,578,195,253,448,174,194,368,179,162,341,80,101,181,23,42,65,2,10,12,1348,1564,2912,2912,258,0.0885989010989011
2021-02-25,83,74,157,120,140,260,230,248,478,235,250,485,217,203,420,157,197,354,126,165,291,64,96,160,20,37,57,4,16,20,1256,1426,2682,2682,254,0.0947054436987323
2021-02-26,60,61,121,122,130,252,231,291,522,292,267,559,216,248,464,172,200,372,131,201,332,64,98,162,20,36,56,2,17,19,1310,1549,2859,2859,263,0.09199020636586219
2021-02-27,36,33,69,126,168,294,216,259,475,295,329,624,204,230,434,196,239,435,169,202,371,71,95,166,20,48,68,1,7,8,1334,1610,2944,2944,300,0.10190217391304347
2021-02-28,39,39,78,178,193,371,276,327,603,371,432,803,299,325,624,279,344,623,216,248,464,115,124,239,23,42,65,2,9,11,1798,2083,3881,3881,249,0.06415872197887143
2021-03-01,89,75,164,107,155,262,253,246,499,295,274,569,226,218,444,139,173,312,140,174,314,72,115,187,23,44,67,5,14,19,1349,1488,2837,2837,386,0.13605921748325697
2021-03-02,102,79,181,140,134,274,223,246,469,236,273,509,203,203,406,161,213,374,112,155,267,77,73,150,34,39,73,3,7,10,1291,1422,2713,2713,257,0.09472908219683007
2021-03-03,94,66,160,112,111,223,165,224,389,227,223,450,163,179,342,159,189,348,159,187,346,81,105,186,16,32,48,0,14,14,1176,1330,2506,2506,305,0.12170790103750997
2021-03-04,80,75,155,108,132,240,180,182,362,212,200,412,153,168,321,107,177,284,124,189,313,66,102,168,22,37,59,6,14,20,1058,1276,2334,2334,314,0.13453299057412169
2021-03-05,69,69,138,101,115,216,175,243,418,238,235,473,150,155,305,136,179,315,132,147,279,74,92,166,19,34,53,0,6,6,1094,1275,2369,2369,327,0.13803292528493036
2021-03-06,50,46,96,82,91,173,173,178,351,195,200,395,137,159,296,101,145,246,96,104,200,48,69,117,21,28,49,2,5,7,905,1025,1930,1930,228,0.11813471502590674
2021-03-07,42,44,86,86,88,174,155,200,355,198,207,405,109,170,279,127,162,289,122,156,278,48,70,118,21,36,57,4,4,8,912,1137,2049,2048,172,0.083984375
2021-03-08,88,86,174,115,138,253,190,232,422,234,261,495,194,194,388,186,210,396,175,188,363,82,92,174,21,47,68,3,11,14,1288,1459,2747,2745,259,0.09435336976320582
2021-03-09,108,119,227,125,119,244,188,198,386,237,250,487,203,190,393,170,197,367,146,222,368,98,106,204,25,36,61,4,7,11,1304,1444,2748,2748,278,0.10116448326055313
2021-03-10,117,103,220,128,117,245,194,197,391,242,240,482,163,176,339,149,183,332,141,155,296,81,110,191,22,48,70,4,9,13,1241,1338,2579,2579,390,0.1512214036448236
2021-03-11,88,109,197,85,111,196,158,196,354,177,200,377,116,147,263,102,140,242,110,139,249,57,76,133,25,30,55,2,15,17,920,1163,2083,2083,393,0.1886701872299568
2021-03-12,111,112,223,118,136,254,172,213,385,228,257,485,162,191,353,138,194,332,127,173,300,77,94,171,23,45,68,4,12,16,1160,1427,2587,2586,438,0.16937354988399073
2021-03-13,79,56,135,82,93,175,192,203,395,229,231,460,148,155,303,125,180,305,157,164,321,61,73,134,11,39,50,5,3,8,1089,1197,2286,2286,465,0.20341207349081364
2021-03-14,59,86,145,79,93,172,155,218,373,227,241,468,151,165,316,147,195,342,154,178,332,60,98,158,19,27,46,4,9,13,1055,1310,2365,2365,239,0.1010570824524313
2021-03-15,159,124,283,135,143,278,206,264,470,243,284,527,211,232,443,190,204,394,171,193,364,91,133,224,19,49,68,4,14,18,1429,1640,3069,3069,398,0.12968393613554904
2021-03-16,126,128,254,117,143,260,176,215,391,246,262,508,168,159,327,161,193,354,136,186,322,75,105,180,14,44,58,5,15,20,1224,1450,2674,2674,303,0.11331338818249813
2021-03-17,92,105,197,121,121,242,186,219,405,181,187,368,143,167,310,148,162,310,141,155,296,62,95,157,18,39,57,2,13,15,1094,1263,2357,2356,301,0.12775891341256368
2021-03-18,101,80,181,80,100,180,152,183,335,196,167,363,127,146,273,96,134,230,105,134,239,64,79,143,16,32,48,2,7,9,939,1062,2001,2001,306,0.15292353823088456
2021-03-19,110,91,201,128,128,256,167,203,370,203,215,418,128,152,280,116,153,269,107,152,259,67,70,137,16,26,42,5,8,13,1047,1198,2245,2245,443,0.1973273942093541
2021-03-20,44,50,94,82,95,177,139,143,282,156,188,344,117,143,260,118,142,260,101,109,210,61,64,125,17,28,45,3,7,10,838,969,1807,1805,301,0.1667590027700831
2021-03-21,77,61,138,78,90,168,155,156,311,194,186,380,123,131,254,116,152,268,94,131,225,36,66,102,17,27,44,3,9,12,893,1009,1902,1902,228,0.11987381703470032
2021-03-22,96,111,207,128,114,242,182,241,423,219,229,448,171,172,343,171,193,364,127,161,288,72,80,152,25,49,74,4,22,26,1195,1372,2567,2567,425,0.16556291390728478
2021-03-23,107,109,216,137,122,259,189,223,412,191,200,391,154,138,292,151,166,317,129,174,303,71,96,167,24,29,53,1,11,12,1154,1268,2422,2422,375,0.15483071841453344
2021-03-24,65,74,139,95,94,189,128,133,261,157,181,338,103,132,235,105,131,236,68,98,166,47,77,124,11,33,44,1,6,7,780,959,1739,1739,316,0.18171362852213915
2021-03-25,82,93,175,111,117,228,160,196,356,193,190,383,162,187,349,118,147,265,102,128,230,57,72,129,26,32,58,4,4,8,1015,1166,2181,2181,324,0.1485557083906465
2021-03-26,122,100,222,130,138,268,185,203,388,219,216,435,153,177,330,118,170,288,97,143,240,67,82,149,23,34,57,3,10,13,1117,1273,2390,2390,430,0.1799163179916318
2021-03-27,84,71,155,63,79,142,154,150,304,200,204,404,137,153,290,121,149,270,118,136,254,42,63,105,13,33,46,5,5,10,937,1043,1980,1980,414,0.20909090909090908
2021-03-28,62,46,108,60,83,143,119,153,272,159,188,347,144,152,296,112,148,260,92,136,228,43,41,84,19,23,42,2,5,7,812,975,1787,1787,293,0.16396194739787354
2021-03-29,105,96,201,143,118,261,172,205,377,198,218,416,176,194,370,149,156,305,104,160,264,53,54,107,16,32,48,1,10,11,1117,1243,2360,2360,407,0.17245762711864407
2021-03-30,94,92,186,118,117,235,141,169,310,190,193,383,141,171,312,120,127,247,101,142,243,39,58,97,21,29,50,4,8,12,969,1106,2075,2074,371,0.17888138862102218
2021-03-31,80,75,155,93,85,178,155,177,332,175,190,365,121,153,274,80,122,202,59,79,138,27,44,71,17,21,38,2,10,12,809,956,1765,1765,420,0.23796033994334279
2021-04-01,70,74,144,96,87,183,164,186,350,188,173,361,135,153,288,109,136,245,88,112,200,44,58,102,11,16,27,2,10,12,907,1005,1912,1912,469,0.2452928870292887
2021-04-02,83,54,137,91,106,197,148,160,308,180,159,339,140,130,270,99,132,231,78,90,168,42,37,79,13,12,25,3,6,9,877,886,1763,1763,382,0.21667612024957458
2021-04-03,53,62,115,91,111,202,144,159,303,172,189,361,142,151,293,109,136,245,105,91,196,33,57,90,17,35,52,3,4,7,869,995,1864,1864,509,0.273068669527897
2021-04-04,74,58,132,161,167,328,201,233,434,250,291,541,183,227,410,126,163,289,77,116,193,34,49,83,17,26,43,0,7,7,1123,1337,2460,2460,427,0.17357723577235773
2021-04-05,101,101,202,219,220,439,272,301,573,306,299,605,243,282,525,171,215,386,114,153,267,51,60,111,12,37,49,5,9,14,1494,1677,3171,3171,481,0.15168716493219805
2021-04-06,98,125,223,184,193,377,322,272,594,305,338,643,239,250,489,164,204,368,128,190,318,70,96,166,23,36,59,3,16,19,1536,1720,3256,3256,631,0.19379606879606878
2021-04-07,116,112,228,203,194,397,286,292,578,292,331,623,252,249,501,173,220,393,108,164,272,61,88,149,13,40,53,1,8,9,1505,1698,3203,3200,533,0.1665625
2021-04-08,106,101,207,158,162,320,224,272,496,274,314,588,197,204,401,141,194,335,108,144,252,54,72,126,17,30,47,1,14,15,1280,1507,2787,2787,649,0.23286688195191962
2021-04-09,90,83,173,116,126,242,138,204,342,179,187,366,160,163,323,111,136,247,77,98,175,40,51,91,9,23,32,3,7,10,923,1078,2001,2000,580,0.29
2021-04-10,60,57,117,116,139,255,195,187,382,212,195,407,135,152,287,117,134,251,81,101,182,17,38,55,7,17,24,1,3,4,941,1023,1964,1963,382,0.1946001018848701
2021-04-11,60,65,125,92,105,197,133,138,271,158,194,352,157,152,309,104,120,224,88,87,175,28,38,66,12,23,35,2,5,7,834,927,1761,1761,332,0.18852924474730268
2021-04-12,103,93,196,154,148,302,178,211,389,221,255,476,180,230,410,139,211,350,107,124,231,34,58,92,14,28,42,2,12,14,1132,1370,2502,2500,439,0.1756
2021-04-13,103,69,172,107,107,214,183,181,364,226,224,450,167,186,353,139,147,286,76,87,163,46,36,82,9,18,27,3,8,11,1059,1063,2122,2122,425,0.2002827521206409
2021-04-14,100,84,184,99,83,182,124,145,269,149,151,300,104,129,233,84,116,200,107,98,205,42,64,106,17,22,39,5,5,10,831,897,1728,1727,521,0.301679212507238
2021-04-15,110,94,204,127,147,274,217,225,442,234,228,462,217,218,435,148,200,348,95,116,211,33,52,85,15,26,41,2,8,10,1198,1314,2512,2511,487,0.19394663480684987
2021-04-16,98,101,199,110,117,227,230,224,454,254,276,530,189,210,399,160,216,376,123,153,276,34,55,89,9,27,36,1,9,10,1208,1388,2596,2595,439,0.16917148362235068
2021-04-17,102,80,182,118,100,218,173,170,343,246,206,452,180,195,375,132,148,280,96,106,202,34,62,96,15,38,53,3,5,8,1099,1110,2209,2209,467,0.2114078768673608
2021-04-18,54,70,124,75,69,144,148,153,301,170,203,373,170,148,318,123,133,256,98,98,196,33,46,79,22,21,43,3,7,10,896,948,1844,1844,298,0.1616052060737527
2021-04-19,117,85,202,132,142,274,231,230,461,256,260,516,215,205,420,168,187,355,125,135,260,41,70,111,8,38,46,4,13,17,1297,1365,2662,2662,409,0.15364387678437266
2021-04-20,113,119,232,115,108,223,177,197,374,193,221,414,192,200,392,149,146,295,129,154,283,52,61,113,25,33,58,4,9,13,1149,1248,2397,2397,434,0.1810596579057155
2021-04-21,104,81,185,102,84,186,168,159,327,176,178,354,147,160,307,117,140,257,98,117,215,46,42,88,13,43,56,2,6,8,973,1010,1983,1983,418,0.210791729702471
2021-04-22,114,105,219,136,134,270,184,187,371,224,256,480,202,246,448,156,176,332,111,146,257,44,70,114,15,41,56,1,10,11,1187,1371,2558,2557,417,0.1630817364098553
2021-04-23,95,92,187,102,122,224,209,220,429,247,259,506,202,242,444,156,209,365,105,145,250,53,68,121,18,25,43,4,7,11,1191,1389,2580,2579,356,0.13803799922450563
2021-04-24,57,47,104,46,39,85,51,67,118,75,78,153,67,90,157,44,50,94,29,35,64,27,40,67,6,25,31,2,16,18,404,487,891,891,281,0.3153759820426487
2021-04-25,76,74,150,84,81,165,114,142,256,164,157,321,151,149,300,125,131,256,83,89,172,34,33,67,8,23,31,0,4,4,839,883,1722,1721,232,0.1348053457292272
2021-04-26,110,112,222,130,128,258,198,193,391,219,237,456,193,218,411,181,184,365,109,124,233,68,79,147,12,34,46,4,10,14,1224,1319,2543,2542,298,0.11723052714398112
2021-04-27,98,84,182,117,113,230,210,234,444,202,220,422,161,204,365,144,152,296,100,123,223,47,79,126,20,34,54,4,8,12,1103,1251,2354,2352,258,0.1096938775510204
2021-04-28,101,107,208,114,112,226,189,198,387,224,237,461,175,190,365,137,137,274,94,118,212,44,58,102,11,25,36,4,9,13,1093,1191,2284,2284,312,0.13660245183887915
2021-04-29,124,110,234,164,146,310,224,257,481,279,286,565,253,241,494,173,221,394,116,153,269,71,94,165,31,50,81,2,16,18,1437,1574,3011,3010,374,0.12425249169435217
2021-04-30,110,90,200,105,106,211,114,170,284,160,188,348,123,156,279,111,130,241,78,118,196,56,65,121,24,42,66,3,17,20,884,1082,1966,1966,439,0.22329603255340794
2021-05-01,78,68,146,95,72,167,143,150,293,167,182,349,148,185,333,108,137,245,82,92,174,46,56,102,18,43,61,1,5,6,886,990,1876,1875,368,0.19626666666666667
2021-05-02,81,69,150,97,112,209,180,206,386,239,271,510,192,258,450,150,177,327,109,142,251,50,70,120,16,27,43,3,15,18,1117,1347,2464,2464,283,0.1148538961038961
2021-05-03,161,142,303,148,165,313,337,332,669,357,427,784,321,368,689,248,328,576,184,260,444,99,123,222,21,59,80,3,21,24,1879,2225,4104,4104,494,0.12037037037037036
2021-05-04,117,112,229,171,178,349,293,303,596,365,366,731,279,297,576,237,296,533,157,215,372,98,127,225,24,44,68,2,18,20,1743,1956,3699,3699,324,0.08759124087591241
2021-05-05,141,122,263,135,135,270,279,318,597,315,348,663,269,265,534,194,232,426,154,155,309,87,87,174,36,44,80,7,13,20,1617,1719,3336,3334,332,0.09958008398320337
2021-05-06,104,128,232,192,183,375,271,362,633,323,359,682,301,280,581,221,258,479,139,164,303,79,90,169,29,48,77,4,20,24,1663,1892,3555,3555,444,0.1248945147679325
2021-05-07,134,124,258,202,192,394,294,386,680,321,409,730,306,356,662,196,288,484,144,178,322,71,108,179,19,33,52,2,7,9,1689,2081,3770,3770,437,0.11591511936339523
2021-05-08,65,73,138,88,88,176,177,189,366,225,225,450,149,165,314,119,143,262,73,86,159,44,43,87,20,28,48,1,11,12,961,1051,2012,2012,313,0.1555666003976143
2021-05-09,86,84,170,91,104,195,153,177,330,199,211,410,164,193,357,114,142,256,77,93,170,53,65,118,18,22,40,9,2,11,964,1093,2057,2057,229,0.11132717549829849
2021-05-10,130,127,257,149,160,309,315,302,617,347,350,697,286,351,637,236,255,491,167,188,355,86,112,198,30,50,80,2,8,10,1748,1903,3651,3650,373,0.10219178082191781
2021-05-11,120,103,223,141,133,274,228,247,475,282,289,571,222,235,457,165,185,350,144,157,301,76,93,169,23,33,56,5,7,12,1406,1482,2888,2888,366,0.12673130193905818
2021-05-12,119,102,221,122,122,244,213,264,477,275,262,537,235,236,471,182,184,366,124,154,278,49,75,124,18,42,60,5,11,16,1342,1452,2794,2794,461,0.1649964209019327
2021-05-13,142,99,241,115,118,233,244,297,541,256,306,562,237,233,470,145,196,341,112,137,249,52,80,132,21,50,71,1,4,5,1325,1520,2845,2844,441,0.1550632911392405
2021-05-14,137,147,284,150,195,345,310,337,647,363,380,743,245,346,591,229,258,487,145,192,337,73,92,165,33,42,75,5,9,14,1690,1998,3688,3688,489,0.13259219088937094
2021-05-15,107,107,214,114,149,263,202,264,466,250,306,556,214,273,487,170,174,344,111,136,247,45,53,98,19,34,53,1,14,15,1233,1510,2743,2743,385,0.14035727305869486
2021-05-16,76,90,166,91,114,205,168,171,339,200,234,434,193,207,400,144,170,314,100,112,212,43,60,103,15,32,47,1,17,18,1031,1207,2238,2238,296,0.1322609472743521
2021-05-17,198,182,380,212,202,414,342,403,745,447,475,922,346,416,762,294,361,655,188,222,410,111,144,255,39,69,108,3,16,19,2180,2490,4670,4669,532,0.11394302848575712
2021-05-18,171,172,343,209,218,427,392,368,760,439,439,878,418,411,829,288,307,595,183,215,398,94,106,200,34,49,83,4,9,13,2232,2294,4526,4526,491,0.10848431285903667
2021-05-19,185,144,329,220,222,442,392,435,827,463,465,928,392,394,786,263,337,600,202,218,420,93,110,203,33,43,76,7,18,25,2250,2386,4636,4636,387,0.08347713546160483
2021-05-20,176,181,357,222,270,492,448,481,929,494,477,971,378,423,801,269,323,592,193,206,399,85,115,200,35,55,90,2,16,18,2302,2547,4849,4848,399,0.0823019801980198
2021-05-21,131,116,247,174,180,354,341,410,751,402,475,877,336,398,734,253,284,537,166,210,376,89,78,167,32,65,97,1,11,12,1925,2227,4152,4152,596,0.14354527938342967
2021-05-22,80,61,141,94,118,212,190,249,439,264,235,499,198,208,406,134,154,288,91,87,178,45,49,94,16,42,58,1,13,14,1113,1216,2329,2329,504,0.21640188922284243
2021-05-23,79,63,142,81,109,190,158,172,330,191,211,402,169,156,325,121,159,280,70,108,178,46,36,82,13,48,61,9,14,23,937,1076,2013,2013,309,0.15350223546944858
2021-05-24,108,87,195,135,169,304,276,254,530,307,343,650,260,318,578,234,295,529,138,186,324,88,97,185,23,45,68,3,11,14,1572,1805,3377,3377,359,0.10630737340835061
2021-05-25,86,68,154,122,120,242,272,279,551,262,309,571,253,254,507,222,232,454,130,155,285,69,80,149,19,37,56,5,11,16,1440,1545,2985,2984,288,0.09651474530831099
2021-05-26,124,109,233,184,180,364,361,357,718,367,389,756,326,365,691,296,314,610,159,211,370,93,109,202,33,68,101,8,9,17,1951,2111,4062,4062,371,0.09133431806991629
2021-05-27,99,106,205,120,147,267,275,325,600,343,345,688,249,245,494,222,283,505,136,165,301,88,87,175,26,38,64,1,16,17,1559,1757,3316,3315,407,0.12277526395173453
2021-05-28,128,115,243,167,222,389,341,385,726,375,397,772,359,389,748,320,362,682,186,244,430,80,99,179,27,51,78,4,11,15,1987,2275,4262,4262,404,0.09479117785077429
2021-05-29,82,79,161,99,119,218,214,257,471,289,280,569,257,244,501,161,202,363,103,127,230,48,74,122,20,43,63,4,16,20,1277,1441,2718,2718,338,0.1243561442236939
2021-05-30,56,59,115,89,86,175,195,218,413,221,234,455,199,186,385,122,161,283,79,91,170,33,57,90,17,26,43,3,9,12,1014,1127,2141,2141,236,0.1102288650163475
2021-05-31,109,106,215,157,164,321,342,349,691,386,378,764,314,345,659,189,250,439,145,178,323,93,120,213,30,62,92,0,16,16,1765,1968,3733,3732,357,0.09565916398713827
2021-06-01,124,111,235,156,163,319,290,315,605,346,353,699,268,315,583,217,274,491,166,196,362,93,104,197,35,44,79,5,11,16,1700,1886,3586,3586,332,0.09258226436140547
2021-06-02,146,116,262,154,171,325,305,358,663,338,409,747,308,327,635,201,249,450,143,199,342,95,112,207,36,49,85,7,18,25,1733,2008,3741,3739,396,0.1059106713024873
2021-06-03,124,132,256,181,172,353,318,325,643,376,405,781,318,333,651,214,264,478,160,190,350,86,114,200,33,31,64,4,17,21,1814,1983,3797,3795,342,0.09011857707509881
2021-06-04,172,163,335,185,181,366,346,391,737,356,385,741,333,347,680,247,337,584,164,203,367,95,128,223,28,60,88,2,9,11,1928,2204,4132,4132,396,0.09583736689254599
2021-06-05,101,91,192,99,109,208,189,255,444,230,265,495,202,219,421,157,174,331,83,100,183,53,85,138,19,31,50,5,14,19,1138,1343,2481,2481,380,0.1531640467553406
2021-06-06,98,106,204,104,113,217,186,207,393,216,245,461,196,186,382,163,176,339,86,119,205,47,58,105,14,27,41,0,14,14,1110,1251,2361,2361,238,0.10080474375264718
2021-06-07,145,167,312,161,173,334,306,344,650,366,374,740,292,357,649,237,299,536,171,221,392,115,159,274,36,92,128,7,31,38,1836,2217,4053,4053,402,0.09918578830495929
2021-06-08,168,155,323,147,172,319,298,351,649,380,352,732,288,303,591,247,300,547,141,168,309,83,144,227,26,55,81,4,16,20,1782,2016,3798,3798,312,0.08214849921011058
2021-06-09,162,162,324,177,156,333,349,346,695,374,405,779,299,338,637,241,293,534,150,186,336,91,104,195,38,63,101,4,18,22,1885,2071,3956,3954,358,0.09054122407688417
2021-06-10,142,153,295,150,185,335,331,370,701,381,423,804,286,329,615,213,275,488,137,189,326,99,131,230,31,48,79,5,18,23,1775,2121,3896,3892,362,0.09301130524152107
2021-06-11,135,135,270,129,167,296,325,372,697,337,430,767,315,377,692,230,264,494,156,177,333,88,135,223,33,72,105,6,18,24,1754,2147,3901,3901,504,0.1291976416303512
2021-06-12,111,102,213,113,111,224,223,235,458,256,284,540,218,229,447,150,199,349,104,136,240,54,88,142,25,37,62,4,10,14,1258,1431,2689,2689,269,0.10003718854592786
2021-06-13,115,118,233,118,115,233,180,193,373,219,229,448,206,232,438,148,196,344,104,119,223,43,63,106,19,34,53,5,11,16,1157,1310,2467,2467,237,0.0960680989055533
2021-06-14,173,151,324,167,181,348,294,384,678,363,408,771,314,354,668,230,289,519,150,225,375,112,128,240,28,58,86,17,20,37,1848,2198,4046,4046,360,0.08897676717745921
2021-06-15,179,174,353,196,179,375,334,353,687,359,408,767,298,373,671,233,280,513,165,185,350,89,103,192,41,48,89,2,17,19,1896,2120,4016,4016,328,0.08167330677290836
2021-06-16,174,168,342,189,173,362,317,362,679,369,405,774,293,363,656,200,252,452,150,176,326,84,103,187,32,49,81,1,15,16,1809,2066,3875,3875,284,0.07329032258064516
2021-06-17,170,162,332,182,200,382,348,392,740,392,472,864,300,375,675,195,272,467,152,185,337,112,128,240,27,51,78,2,12,14,1880,2249,4129,4129,349,0.08452409784451441
2021-06-18,153,136,289,166,183,349,336,328,664,372,412,784,299,393,692,183,277,460,124,180,304,63,102,165,29,33,62,4,14,18,1729,2058,3787,3787,389,0.10271983100079218
2021-06-19,112,119,231,113,100,213,202,240,442,245,306,551,202,256,458,122,162,284,120,121,241,72,75,147,28,62,90,3,19,22,1219,1460,2679,2679,409,0.152668906308324
2021-06-20,117,94,211,92,73,165,115,151,266,163,225,388,155,179,334,117,138,255,73,98,171,54,55,109,13,30,43,1,9,10,900,1052,1952,1952,231,0.11834016393442623
2021-06-21,129,124,253,127,119,246,183,243,426,255,247,502,231,251,482,173,200,373,96,116,212,64,88,152,30,30,60,3,4,7,1291,1422,2713,2712,291,0.10730088495575221
2021-06-22,202,178,380,191,188,379,308,405,713,377,415,792,353,384,737,214,265,479,195,226,421,93,128,221,28,58,86,10,10,20,1971,2257,4228,4228,374,0.08845789971617786
2021-06-23,230,189,419,217,203,420,291,385,676,393,462,855,348,450,798,183,267,450,174,201,375,86,129,215,37,60,97,6,23,29,1965,2369,4334,4333,358,0.08262174013385645
2021-06-24,219,184,403,186,215,401,332,409,741,364,463,827,329,379,708,191,277,468,160,219,379,88,104,192,22,50,72,3,13,16,1894,2313,4207,4206,508,0.12077983832620066
2021-06-25,245,202,447,219,240,459,341,434,775,426,559,985,311,416,727,270,317,587,190,258,448,98,146,244,34,61,95,9,19,28,2143,2652,4795,4794,638,0.13308302044221945
2021-06-26,116,103,219,108,128,236,197,208,405,237,278,515,196,240,436,141,143,284,124,168,292,69,104,173,23,39,62,5,16,21,1216,1427,2643,2643,305,0.11539916761256148
2021-06-27,137,114,251,92,116,208,165,196,361,196,230,426,171,206,377,110,128,238,101,95,196,52,70,122,14,38,52,0,9,9,1038,1202,2240,2240,283,0.1263392857142857
2021-06-28,149,133,282,105,95,200,175,228,403,257,282,539,193,222,415,146,150,296,116,103,219,60,82,142,33,34,67,2,14,16,1236,1343,2579,2578,376,0.14584949573312644
2021-06-29,171,205,376,175,192,367,296,371,667,351,401,752,261,342,603,210,225,435,152,159,311,94,97,191,29,73,102,4,35,39,1743,2100,3843,3843,423,0.11007025761124122
2021-06-30,215,208,423,220,199,419,335,413,748,407,476,883,325,346,671,206,309,515,137,211,348,81,97,178,32,52,84,5,16,21,1963,2327,4290,4290,373,0.08694638694638694
2021-07-01,159,168,327,188,189,377,318,383,701,357,463,820,251,344,595,200,262,462,133,182,315,84,103,187,33,53,86,4,13,17,1727,2160,3887,3885,437,0.11248391248391248
2021-07-02,222,179,401,240,235,475,330,412,742,382,513,895,257,408,665,201,308,509,153,218,371,92,116,208,27,50,77,4,16,20,1908,2455,4363,4361,475,0.10891997248337537
2021-07-03,138,148,286,140,170,310,217,283,500,291,342,633,228,300,528,158,175,333,128,138,266,52,86,138,20,47,67,7,18,25,1379,1707,3086,3086,411,0.13318211276733635
2021-07-04,133,171,304,127,128,255,150,242,392,228,286,514,175,222,397,152,195,347,95,121,216,43,79,122,13,34,47,4,11,15,1120,1489,2609,2609,429,0.16443081640475277
2021-07-05,279,226,505,215,229,444,355,429,784,432,525,957,316,414,730,218,310,528,167,197,364,106,121,227,42,55,97,5,18,23,2135,2524,4659,4658,570,0.12237011592958351
2021-07-06,277,274,551,288,251,539,407,455,862,445,556,1001,360,444,804,231,308,539,156,205,361,99,127,226,34,60,94,3,27,30,2300,2707,5007,5007,471,0.09406830437387657
2021-07-07,254,234,488,254,284,538,412,476,888,445,535,980,374,405,779,257,289,546,150,169,319,85,94,179,25,57,82,8,15,23,2264,2558,4822,4821,417,0.0864965774735532
2021-07-08,245,245,490,283,317,600,481,539,1020,486,585,1071,394,540,934,271,357,628,173,261,434,101,135,236,47,48,95,4,17,21,2485,3044,5529,5528,655,0.11848769898697539
2021-07-09,175,178,353,213,199,412,289,341,630,332,417,749,287,357,644,193,220,413,136,133,269,57,78,135,29,46,75,5,12,17,1716,1981,3697,3697,503,0.1360562618339194
2021-07-10,156,172,328,196,181,377,251,290,541,293,362,655,248,314,562,177,222,399,129,160,289,66,90,156,23,44,67,5,13,18,1544,1848,3392,3392,417,0.12293632075471699
2021-07-11,212,188,400,154,142,296,208,248,456,259,348,607,239,324,563,172,203,375,119,129,248,59,86,145,12,24,36,7,11,18,1441,1703,3144,3144,395,0.12563613231552162
2021-07-12,295,291,586,299,312,611,441,530,971,523,578,1101,467,539,1006,263,386,649,219,215,434,106,134,240,32,54,86,11,22,33,2656,3061,5717,5717,573,0.10022739198880531
2021-07-13,311,251,562,284,323,607,451,510,961,435,535,970,413,489,902,276,365,641,170,216,386,106,135,241,35,65,100,9,19,28,2490,2908,5398,5397,643,0.1191402631091347
2021-07-14,310,305,615,370,352,722,529,574,1103,477,635,1112,440,542,982,284,391,675,205,226,431,91,107,198,31,55,86,4,15,19,2741,3202,5943,5940,602,0.10134680134680135
2021-07-15,309,281,590,430,427,857,553,649,1202,563,688,1251,526,697,1223,344,409,753,205,262,467,101,154,255,34,60,94,9,22,31,3074,3649,6723,6722,783,0.1164831895269265
2021-07-16,294,274,568,420,414,834,567,724,1291,586,780,1366,619,764,1383,335,468,803,197,278,475,102,141,243,36,61,97,4,17,21,3160,3921,7081,7080,663,0.09364406779661016
2021-07-17,223,223,446,267,307,574,344,441,785,397,549,946,367,457,824,262,311,573,155,172,327,92,100,192,18,32,50,4,14,18,2129,2606,4735,4733,624,0.1318402704415804
2021-07-18,215,192,407,216,246,462,281,392,673,361,443,804,317,407,724,249,286,535,129,147,276,82,99,181,30,42,72,3,6,9,1883,2260,4143,4142,402,0.09705456301303718
2021-07-19,270,264,534,299,301,600,513,617,1130,519,647,1166,488,610,1098,336,468,804,235,293,528,128,162,290,46,64,110,5,8,13,2839,3434,6273,6272,616,0.09821428571428571
2021-07-20,283,255,538,269,292,561,417,558,975,482,588,1070,423,541,964,301,363,664,204,246,450,110,150,260,38,67,105,6,28,34,2533,3088,5621,5621,571,0.10158334815869062
2021-07-21,307,276,583,375,371,746,508,641,1149,562,726,1288,482,666,1148,373,511,884,249,341,590,127,191,318,36,78,114,5,19,24,3024,3820,6844,6843,632,0.0923571532953383
2021-07-22,293,266,559,389,414,803,475,682,1157,622,772,1394,595,760,1355,388,487,875,230,286,516,116,144,260,41,68,109,6,13,19,3155,3892,7047,7047,650,0.09223783170143324
2021-07-23,243,202,445,276,307,583,370,491,861,477,615,1092,446,524,970,311,360,671,167,218,385,82,136,218,26,52,78,7,19,26,2405,2924,5329,5327,644,0.12089356110381078
2021-07-24,210,207,417,287,387,674,345,444,789,486,582,1068,466,569,1035,293,347,640,161,235,396,97,107,204,31,41,72,5,10,15,2381,2929,5310,5309,521,0.09813524204181578
2021-07-25,179,175,354,319,369,688,264,365,629,445,568,1013,532,655,1187,300,326,626,148,166,314,104,106,210,21,40,61,6,10,16,2318,2780,5098,5097,403,0.07906611732391602
2021-07-26,261,276,537,406,519,925,472,666,1138,656,857,1513,658,832,1490,416,515,931,245,342,587,130,209,339,50,80,130,10,21,31,3304,4317,7621,7621,594,0.07794252722739797
2021-07-27,188,177,365,239,317,556,366,442,808,386,496,882,389,442,831,222,301,523,158,187,345,87,122,209,33,54,87,4,14,18,2072,2552,4624,4618,483,0.10459073191857947
2021-07-28,216,184,400,270,369,639,433,517,950,487,573,1060,433,536,969,282,353,635,198,246,444,108,124,232,28,50,78,6,10,16,2461,2962,5423,5421,501,0.09241837299391256
2021-07-29,207,183,390,300,294,594,373,518,891,486,583,1069,405,531,936,250,316,566,201,223,424,89,131,220,30,37,67,5,19,24,2346,2835,5181,5176,491,0.09486089644513138
2021-07-30,240,224,464,358,410,768,486,676,1162,612,836,1448,550,748,1298,385,553,938,248,337,585,105,172,277,40,65,105,10,15,25,3034,4036,7070,7068,743,0.10512167515563102
2021-07-31,241,241,482,360,422,782,351,475,826,597,732,1329,663,771,1434,384,439,823,206,279,485,110,141,251,32,33,65,2,16,18,2946,3549,6495,6495,444,0.06836027713625865
2021-08-01,264,295,559,330,402,732,219,356,575,432,586,1018,520,689,1209,270,338,608,150,194,344,82,126,208,26,60,86,7,9,16,2300,3055,5355,5354,449,0.08386253268584236
2021-08-02,354,302,656,437,441,878,421,569,990,608,770,1378,596,824,1420,362,544,906,308,345,653,133,190,323,50,75,125,6,18,24,3275,4078,7353,7352,654,0.08895538628944505
2021-08-03,316,326,642,351,447,798,446,608,1054,533,715,1248,532,697,1229,368,508,876,266,349,615,166,207,373,38,62,100,5,16,21,3021,3935,6956,6954,690,0.0992234685073339
2021-08-04,327,289,616,309,347,656,425,522,947,497,592,1089,375,544,919,285,384,669,223,284,507,100,158,258,28,60,88,3,18,21,2572,3198,5770,5768,588,0.10194174757281553
2021-08-05,342,358,700,360,431,791,555,713,1268,600,722,1322,545,697,1242,386,486,872,248,314,562,124,166,290,39,64,103,9,16,25,3208,3967,7175,7171,660,0.09203737275135965
2021-08-06,375,307,682,458,457,915,561,710,1271,622,775,1397,527,698,1225,352,535,887,285,398,683,143,222,365,42,50,92,5,13,18,3370,4165,7535,7534,663,0.08800106185293337
2021-08-07,224,233,457,260,312,572,346,401,747,420,449,869,326,421,747,254,326,580,173,233,406,86,150,236,25,51,76,6,7,13,2120,2583,4703,4700,508,0.10808510638297872
2021-08-08,300,270,570,290,308,598,262,323,585,320,413,733,359,459,818,218,300,518,182,216,398,81,88,169,19,47,66,5,11,16,2036,2435,4471,4471,504,0.1127264594050548
2021-08-09,428,397,825,319,369,688,423,613,1036,533,596,1129,437,571,1008,330,450,780,231,289,520,125,145,270,41,63,104,11,17,28,2878,3510,6388,6387,650,0.10176921872553625
2021-08-10,468,430,898,414,390,804,473,634,1107,503,661,1164,450,575,1025,350,419,769,246,312,558,136,169,305,42,58,100,2,18,20,3084,3666,6750,6745,845,0.12527798369162343
2021-08-11,418,418,836,456,485,941,519,692,1211,565,715,1280,484,665,1149,338,456,794,226,293,519,124,147,271,43,64,107,11,22,33,3184,3957,7141,7140,677,0.09481792717086834
2021-08-12,413,399,812,388,435,823,453,598,1051,505,612,1117,476,602,1078,291,421,712,190,220,410,115,125,240,44,57,101,7,18,25,2882,3487,6369,6369,684,0.10739519547809703
2021-08-13,516,444,960,569,568,1137,510,749,1259,661,834,1495,519,733,1252,344,534,878,241,324,565,145,191,336,49,63,112,6,16,22,3560,4456,8016,8015,790,0.09856519026824703
2021-08-14,313,309,622,346,324,670,280,407,687,393,477,870,364,476,840,242,336,578,149,210,359,100,115,215,27,46,73,4,11,15,2218,2711,4929,4929,706,0.14323392168796917
2021-08-15,275,286,561,253,257,510,227,284,511,314,403,717,300,354,654,239,289,528,139,196,335,90,115,205,22,43,65,3,12,15,1862,2239,4101,4101,504,0.12289685442574981
2021-08-16,354,349,703,314,334,648,251,371,622,365,460,825,364,458,822,245,290,535,143,186,329,103,112,215,29,39,68,7,13,20,2175,2612,4787,4787,586,0.12241487361604345
2021-08-17,547,452,999,500,496,996,477,656,1133,638,734,1372,479,707,1186,381,502,883,239,299,538,134,167,301,31,81,112,5,23,28,3431,4117,7548,7547,832,0.11024248045581025
2021-08-18,542,520,1062,561,520,1081,428,605,1033,578,731,1309,461,595,1056,317,445,762,220,296,516,135,177,312,34,78,112,13,23,36,3289,3990,7279,7279,808,0.11100425882676192
2021-08-19,504,460,964,481,512,993,444,646,1090,587,727,1314,459,620,1079,339,421,760,213,271,484,102,135,237,30,51,81,10,12,22,3169,3855,7024,7024,858,0.12215261958997722
2021-08-20,616,561,1177,578,610,1188,488,613,1101,524,740,1264,466,655,1121,300,454,754,219,307,526,131,187,318,35,69,104,10,18,28,3367,4214,7581,7576,816,0.10770855332629356
2021-08-21,333,366,699,323,328,651,290,422,712,415,549,964,349,465,814,263,327,590,161,230,391,86,130,216,30,49,79,2,15,17,2252,2881,5133,5133,729,0.14202220923436587
2021-08-22,457,433,890,302,327,629,251,329,580,383,514,897,357,481,838,264,326,590,170,223,393,108,112,220,23,38,61,6,14,20,2321,2797,5118,5118,776,0.15162172723720202
2021-08-23,805,761,1566,581,598,1179,475,642,1117,648,776,1424,527,753,1280,340,454,794,261,346,607,135,191,326,41,68,109,4,16,20,3817,4605,8422,8420,957,0.11365795724465558
2021-08-24,800,753,1553,566,544,1110,458,617,1075,553,793,1346,451,651,1102,309,449,758,212,323,535,113,147,260,52,61,113,5,16,21,3519,4354,7873,7873,912,0.11583894322367586
2021-08-25,784,739,1523,518,517,1035,376,552,928,480,799,1279,455,672,1127,313,420,733,235,340,575,146,161,307,42,40,82,6,28,34,3355,4268,7623,7621,929,0.12190001312163758
2021-08-26,809,762,1571,562,573,1135,444,666,1110,570,791,1361,477,659,1136,287,449,736,231,303,534,133,196,329,42,70,112,6,17,23,3561,4486,8047,8047,809,0.10053436063129116
2021-08-27,892,780,1672,565,678,1243,411,613,1024,558,797,1355,477,730,1207,325,448,773,232,317,549,124,173,297,38,73,111,4,14,18,3626,4623,8249,8249,777,0.09419323554370226
2021-08-28,518,425,943,289,289,578,260,395,655,404,496,900,291,460,751,226,274,500,166,214,380,75,109,184,38,46,84,5,7,12,2272,2715,4987,4987,645,0.12933627431321434
2021-08-29,529,490,1019,241,294,535,190,271,461,333,417,750,295,383,678,196,266,462,145,183,328,70,106,176,35,45,80,2,8,10,2036,2463,4499,4498,678,0.15073365940417963
2021-08-30,967,852,1819,518,508,1026,392,532,924,538,722,1260,486,575,1061,295,393,688,213,318,531,121,174,295,55,61,116,5,19,24,3590,4154,7744,7744,884,0.11415289256198347
2021-08-31,1017,931,1948,646,574,1220,404,601,1005,528,673,1201,461,618,1079,307,419,726,236,319,555,135,186,321,35,69,104,7,18,25,3776,4408,8184,8183,713,0.08713185873151656
2021-09-01,920,850,1770,572,524,1096,412,518,930,512,679,1191,413,555,968,275,348,623,208,260,468,105,164,269,38,68,106,2,18,20,3457,3984,7441,7441,647,0.08695067867222148
2021-09-02,751,714,1465,449,475,924,317,424,741,451,560,1011,343,540,883,236,331,567,171,231,402,103,123,226,26,44,70,6,15,21,2853,3457,6310,6309,570,0.0903471231573942
2021-09-03,606,559,1165,468,457,925,351,454,805,444,599,1043,405,535,940,246,357,603,215,275,490,116,166,282,37,56,93,1,9,10,2889,3467,6356,6356,630,0.09911894273127753
2021-09-04,402,355,757,218,222,440,180,252,432,295,385,680,284,332,616,188,227,415,135,175,310,83,110,193,24,43,67,3,12,15,1812,2113,3925,3925,597,0.1521019108280255
2021-09-05,417,387,804,215,246,461,186,238,424,338,412,750,248,329,577,181,238,419,133,186,319,95,101,196,24,33,57,8,13,21,1845,2183,4028,4027,484,0.12018872609883288
2021-09-06,788,827,1615,438,442,880,365,504,869,509,627,1136,447,563,1010,292,409,701,222,280,502,152,162,314,35,76,111,7,23,30,3255,3913,7168,7166,777,0.10842869104102708
2021-09-07,689,750,1439,449,509,958,333,430,763,415,556,971,353,482,835,222,336,558,180,243,423,87,144,231,34,61,95,8,24,32,2770,3535,6305,6304,680,0.10786802030456853
2021-09-08,554,563,1117,430,402,832,285,352,637,381,454,835,292,422,714,235,293,528,161,208,369,81,106,187,36,43,79,8,14,22,2463,2857,5320,5319,663,0.12464749012972363
2021-09-09,584,565,1149,370,334,704,254,421,675,366,446,812,294,422,716,207,301,508,169,190,359,95,125,220,35,54,89,5,17,22,2379,2875,5254,5250,618,0.11771428571428572
2021-09-10,584,558,1142,459,514,973,470,724,1194,584,815,1399,557,842,1399,464,646,1110,309,503,812,130,203,333,59,48,107,6,14,20,3622,4867,8489,8488,631,0.0743402450518379
2021-09-11,342,351,693,271,299,570,385,493,878,474,588,1062,446,547,993,310,414,724,220,325,545,111,160,271,31,37,68,4,8,12,2594,3222,5816,5815,901,0.15494411006018916
2021-09-12,334,301,635,176,194,370,171,225,396,246,304,550,236,255,491,164,214,378,114,161,275,70,89,159,17,27,44,5,9,14,1533,1779,3312,3312,477,0.14402173913043478
2021-09-13,674,621,1295,382,437,819,324,479,803,455,610,1065,417,510,927,269,408,677,236,251,487,137,174,311,35,69,104,9,18,27,2938,3577,6515,6515,654,0.10038372985418266
2021-09-14,664,586,1250,374,391,765,296,371,667,364,491,855,298,451,749,225,328,553,176,241,417,118,155,273,28,61,89,7,13,20,2550,3088,5638,5635,819,0.1453416149068323
2021-09-15,500,474,974,331,336,667,208,338,546,313,473,786,274,399,673,173,240,413,149,204,353,88,109,197,32,52,84,8,24,32,2076,2649,4725,4722,659,0.13955950868276154
2021-09-16,489,441,930,367,360,727,255,351,606,319,514,833,318,453,771,208,276,484,147,218,365,94,133,227,36,51,87,12,17,29,2245,2814,5059,5057,484,0.0957089183310263
2021-09-17,630,585,1215,448,461,909,278,416,694,390,522,912,316,426,742,221,355,576,162,219,381,127,167,294,31,67,98,5,11,16,2608,3229,5837,5836,598,0.10246744345442084
2021-09-18,345,330,675,208,218,426,184,277,461,260,341,601,244,319,563,152,207,359,153,199,352,87,114,201,34,39,73,3,12,15,1670,2056,3726,3726,610,0.16371443907675792
2021-09-19,371,356,727,181,177,358,164,232,396,248,317,565,236,271,507,144,193,337,128,142,270,63,92,155,17,45,62,6,9,15,1558,1834,3392,3391,450,0.13270421704511942
2021-09-20,676,675,1351,521,564,1085,245,371,616,412,479,891,334,436,770,236,339,575,206,247,453,114,149,263,33,56,89,8,10,18,2785,3326,6111,6111,628,0.1027655048273605
2021-09-21,574,544,1118,242,277,519,204,341,545,335,408,743,285,342,627,187,262,449,180,218,398,125,131,256,39,48,87,3,8,11,2174,2579,4753,4752,535,0.11258417508417508
2021-09-22,642,517,1159,494,464,958,234,365,599,351,504,855,289,416,705,186,319,505,166,216,382,114,127,241,24,58,82,8,18,26,2508,3004,5512,5510,570,0.10344827586206896
2021-09-23,558,541,1099,481,522,1003,264,405,669,373,537,910,311,479,790,228,333,561,201,270,471,121,139,260,38,46,84,7,16,23,2582,3288,5870,5869,576,0.0981427841199523
2021-09-24,508,519,1027,343,327,670,275,349,624,341,435,776,292,425,717,203,323,526,191,232,423,92,157,249,35,54,89,5,7,12,2285,2828,5113,5113,651,0.12732251124584393
2021-09-25,333,296,629,189,198,387,181,260,441,268,338,606,252,290,542,185,211,396,149,179,328,81,101,182,23,44,67,2,12,14,1663,1929,3592,3591,833,0.23196881091617932
2021-09-26,430,383,813,201,232,433,191,287,478,313,427,740,341,376,717,221,300,521,186,217,403,79,97,176,26,42,68,2,14,16,1990,2375,4365,4365,441,0.10103092783505155
2021-09-27,779,688,1467,615,533,1148,348,547,895,569,693,1262,498,607,1105,299,446,745,258,363,621,162,192,354,34,69,103,12,18,30,3574,4156,7730,7729,752,0.09729589856385043
2021-09-28,804,678,1482,674,736,1410,320,509,829,485,688,1173,439,627,1066,306,403,709,237,303,540,131,145,276,30,64,94,6,15,21,3432,4168,7600,7599,711,0.09356494275562574
2021-09-29,685,592,1277,556,593,1149,337,483,820,456,680,1136,420,547,967,282,369,651,221,278,499,141,182,323,51,54,105,9,12,21,3158,3790,6948,6945,566,0.08149748020158387
2021-09-30,527,529,1056,598,659,1257,307,437,744,424,542,966,368,502,870,265,323,588,167,251,418,107,144,251,34,77,111,7,14,21,2804,3478,6282,6280,423,0.06735668789808917
2021-10-01,661,536,1197,726,753,1479,381,532,913,503,755,1258,477,647,1124,343,438,781,237,313,550,129,174,303,48,74,122,3,22,25,3508,4244,7752,7751,793,0.10230937943491163
2021-10-02,362,350,712,214,252,466,212,300,512,295,425,720,278,326,604,205,264,469,154,209,363,115,113,228,22,46,68,4,6,10,1861,2291,4152,4152,496,0.11946050096339114
2021-10-03,346,319,665,201,206,407,211,285,496,250,332,582,243,315,558,167,222,389,117,177,294,72,103,175,24,42,66,1,6,7,1632,2007,3639,3639,469,0.12888156086837044
2021-10-04,722,659,1381,716,654,1370,370,571,941,436,689,1125,472,614,1086,305,470,775,252,350,602,142,189,331,54,61,115,5,19,24,3474,4276,7750,7750,739,0.09535483870967743
2021-10-05,698,653,1351,692,844,1536,369,575,944,510,723,1233,456,631,1087,359,503,862,229,350,579,140,196,336,48,71,119,12,18,30,3513,4564,8077,8076,686,0.08494304110946013
2021-10-06,574,546,1120,639,659,1298,388,589,977,544,719,1263,472,647,1119,295,479,774,244,314,558,119,165,284,46,51,97,8,12,20,3329,4181,7510,7509,649,0.08642961779198295
2021-10-07,489,460,949,400,438,838,340,528,868,479,680,1159,421,634,1055,296,404,700,213,277,490,147,155,302,39,65,104,3,21,24,2827,3662,6489,6489,844,0.13006626598859608
2021-10-08,258,237,495,245,294,539,261,305,566,307,424,731,312,364,676,218,276,494,174,221,395,99,97,196,33,42,75,6,14,20,1913,2274,4187,4187,566,0.1351803200382135
2021-10-09,246,230,476,286,300,586,199,309,508,292,381,673,264,326,590,183,254,437,167,208,375,94,110,204,25,58,83,5,13,18,1761,2189,3950,3947,604,0.15302761591081834
2021-10-10,280,258,538,192,240,432,177,277,454,258,316,574,274,305,579,199,240,439,144,183,327,76,106,182,30,42,72,2,8,10,1632,1975,3607,3606,548,0.15196894065446478
2021-10-11,323,300,623,300,380,680,245,318,563,324,429,753,331,420,751,214,302,516,187,220,407,97,142,239,33,41,74,3,10,13,2057,2562,4619,4615,712,0.1542795232936078
2021-10-12,593,559,1152,604,732,1336,423,662,1085,561,713,1274,445,657,1102,323,464,787,272,359,631,149,188,337,38,69,107,10,24,34,3418,4427,7845,7844,744,0.09484956654767976
2021-10-13,563,529,1092,636,635,1271,392,559,951,505,626,1131,409,610,1019,302,421,723,232,305,537,147,173,320,32,54,86,4,10,14,3222,3922,7144,7143,646,0.09043819123617527
2021-10-14,602,580,1182,750,783,1533,434,621,1055,486,683,1169,452,627,1079,340,447,787,274,356,630,151,174,325,41,73,114,6,16,22,3536,4360,7896,7896,627,0.07940729483282674
2021-10-15,417,385,802,536,592,1128,382,563,945,469,625,1094,424,565,989,271,399,670,242,339,581,125,168,293,28,51,79,2,15,17,2896,3702,6598,6597,698,0.10580566924359558
2021-10-16,269,252,521,350,423,773,257,303,560,323,397,720,301,417,718,220,311,531,187,250,437,124,163,287,31,48,79,2,10,12,2064,2574,4638,4637,579,0.1248652145783912
2021-10-17,241,198,439,318,305,623,169,237,406,247,302,549,233,306,539,171,219,390,135,167,302,86,102,188,21,30,51,2,2,4,1623,1868,3491,3490,395,0.11318051575931232
2021-10-18,582,572,1154,545,563,1108,367,549,916,497,634,1131,416,596,1012,321,456,777,274,363,637,163,188,351,51,68,119,7,9,16,3223,3998,7221,7210,705,0.09778085991678225
2021-10-19,570,552,1122,456,510,966,358,502,860,449,649,1098,365,587,952,282,401,683,238,299,537,152,180,332,44,63,107,6,18,24,2920,3761,6681,6679,540,0.08085042671058541
2021-10-20,502,472,974,466,556,1022,384,527,911,424,611,1035,418,544,962,295,388,683,193,310,503,134,181,315,43,51,94,2,16,18,2861,3656,6517,6516,669,0.10267034990791897
2021-10-21,524,492,1016,509,596,1105,332,465,797,448,660,1108,373,526,899,257,439,696,205,323,528,128,182,310,34,61,95,3,18,21,2813,3762,6575,6574,592,0.09005171889260724
2021-10-22,483,503,986,597,700,1297,329,490,819,444,641,1085,408,622,1030,280,417,697,217,341,558,139,168,307,43,67,110,8,12,20,2948,3961,6909,6908,463,0.06702374059061957
2021-10-23,227,211,438,271,286,557,164,253,417,258,325,583,229,335,564,171,252,423,142,184,326,75,90,165,25,27,52,2,11,13,1564,1974,3538,3538,263,0.07433578292820803
2021-10-24,122,134,256,188,177,365,83,181,264,197,258,455,172,252,424,133,180,313,85,82,167,41,38,79,14,8,22,3,2,5,1038,1312,2350,2350,78,0.033191489361702124
2021-10-25,63,57,120,55,69,124,50,74,124,55,78,133,59,88,147,33,52,85,28,35,63,8,13,21,6,0,6,0,2,2,357,468,825,825,0,0.0
