FECHA,<=10M,<=10F,<=10,11-20M,11-20F,11-20,21-30M,21-30F,21-30,31-40M,31-40F,31-40,41-50M,41-50F,41-50,51-60M,51-60F,51-60,61-70M,61-70F,61-70,71-80M,71-80F,71-80,81-90M,81-90F,81-90,>=91M,>=91F,>=91,TotalM,TotalF,Total
2020-03-15,0,0,0,0,1,1,1,0,1,1,0,1,0,0,0,0,0,0,0,1,1,0,0,0,0,0,0,0,0,0,2,2,4
2020-03-16,0,0,0,0,1,1,4,2,6,4,0,4,1,0,1,0,1,1,1,1,2,0,0,0,0,0,0,0,0,0,10,5,15
2020-03-17,0,0,0,1,1,2,5,3,8,6,1,7,1,0,1,2,3,5,1,3,4,2,0,2,0,0,0,0,0,0,18,11,29
2020-03-18,0,0,0,1,1,2,7,5,12,8,4,12,2,1,3,3,3,6,1,4,5,2,0,2,0,0,0,0,0,0,24,18,42
2020-03-19,0,0,0,2,1,3,9,5,14,12,4,16,4,2,6,4,3,7,1,5,6,4,1,5,0,0,0,0,0,0,36,21,57
2020-03-20,0,0,0,2,1,3,14,5,19,14,4,18,6,2,8,6,3,9,2,6,8,4,3,7,0,1,1,0,0,0,48,25,73
2020-03-21,2,0,2,3,3,6,17,5,22,14,8,22,8,3,11,9,6,15,5,7,12,6,3,9,0,1,1,0,0,0,64,36,100
2020-03-22,2,0,2,3,4,7,19,6,25,19,8,27,12,3,15,11,10,21,7,7,14,9,4,13,0,1,1,0,0,0,82,43,125
2020-03-23,2,0,2,4,4,8,21,8,29,24,10,34,14,4,18,15,12,27,8,9,17,12,6,18,1,1,2,0,0,0,101,54,155
2020-03-24,2,0,2,4,4,8,24,13,37,33,11,44,16,5,21,17,13,30,9,9,18,13,7,20,2,1,3,0,0,0,120,63,183
2020-03-25,4,0,4,5,5,10,28,17,45,35,13,48,20,5,25,19,13,32,11,9,20,14,7,21,3,3,6,0,1,1,139,73,212
2020-03-26,4,0,4,5,6,11,29,18,47,37,14,51,22,5,27,21,17,38,14,12,26,15,8,23,4,3,7,0,1,1,151,84,235
2020-03-27,4,0,4,5,6,11,30,20,50,41,14,55,23,8,31,22,18,40,16,14,30,15,10,25,4,3,7,0,1,1,160,94,254
2020-03-28,4,0,4,5,6,11,31,21,52,42,17,59,25,9,34,23,19,42,17,16,33,16,11,27,6,3,9,0,1,1,169,103,272
2020-03-29,4,0,4,5,6,11,34,24,58,48,20,68,25,9,34,24,23,47,20,20,40,18,13,31,6,3,9,1,1,2,185,119,304
2020-03-30,4,0,4,5,7,12,39,27,66,49,22,71,28,11,39,27,23,50,23,23,46,22,14,36,6,3,9,1,2,3,204,132,336
2020-03-31,5,0,5,5,8,13,41,29,70,51,23,74,31,12,43,32,23,55,25,24,49,25,18,43,6,4,10,1,4,5,222,145,367
2020-04-01,5,0,5,6,9,15,43,33,76,54,28,82,34,14,48,34,27,61,29,26,55,25,19,44,6,5,11,1,4,5,237,165,402
2020-04-02,5,0,5,6,9,15,44,34,78,57,32,89,36,15,51,36,30,66,32,26,58,32,22,54,6,8,14,2,7,9,256,183,439
2020-04-03,5,0,5,6,9,15,47,36,83,58,33,91,39,16,55,36,34,70,33,29,62,34,22,56,6,9,15,2,8,10,266,196,462
2020-04-04,5,2,7,6,9,15,49,38,87,59,33,92,39,17,56,38,35,73,34,31,65,34,22,56,6,10,16,3,8,11,273,205,478
2020-04-05,6,2,8,6,9,15,49,40,89,61,34,95,39,21,60,38,36,74,35,31,66,36,23,59,7,10,17,3,8,11,280,214,494
2020-04-06,6,2,8,6,9,15,50,42,92,64,37,101,40,22,62,39,40,79,38,33,71,38,25,63,7,11,18,3,8,11,291,229,520
2020-04-07,6,2,8,6,10,16,53,42,95,65,42,107,41,22,63,41,41,82,39,33,72,39,27,66,8,11,19,5,8,13,303,238,541
2020-04-08,8,2,10,7,10,17,54,43,97,66,49,115,42,24,66,43,41,84,40,33,73,41,28,69,8,11,19,5,8,13,314,249,563
2020-04-09,8,2,10,7,11,18,55,43,98,71,49,120,42,25,67,44,41,85,40,34,74,41,28,69,8,11,19,5,8,13,321,252,573
2020-04-10,8,2,10,7,11,18,55,44,99,75,52,127,42,25,67,45,41,86,40,34,74,41,28,69,8,11,19,5,8,13,326,256,582
2020-04-11,8,2,10,7,11,18,55,45,100,76,53,129,42,27,69,46,41,87,40,34,74,41,28,69,10,12,22,5,8,13,330,261,591
2020-04-12,8,2,10,7,11,18,56,45,101,79,57,136,42,27,69,46,43,89,40,34,74,41,29,70,11,13,24,5,8,13,335,269,604
2020-04-13,9,2,11,7,11,18,58,46,104,81,60,141,45,28,73,46,46,92,40,36,76,42,30,72,11,13,24,5,8,13,344,280,624
2020-04-14,9,2,11,7,11,18,61,48,109,85,61,146,46,30,76,48,47,95,43,37,80,44,31,75,11,13,24,5,9,14,359,289,648
2020-04-15,9,2,11,7,12,19,61,48,109,87,63,150,48,31,79,48,48,96,43,37,80,44,31,75,11,14,25,5,9,14,363,295,658
2020-04-16,9,2,11,7,12,19,61,50,111,91,65,156,49,31,80,51,50,101,44,37,81,47,32,79,11,20,31,6,10,16,376,309,685
2020-04-17,9,2,11,7,12,19,63,52,115,93,69,162,50,32,82,52,51,103,45,38,83,47,33,80,13,24,37,6,11,17,385,324,709
2020-04-18,9,3,12,7,12,19,64,53,117,93,70,163,52,34,86,53,52,105,47,39,86,48,34,82,14,29,43,6,14,20,393,340,733
2020-04-19,9,3,12,7,12,19,67,53,120,97,74,171,52,38,90,54,52,106,47,40,87,49,37,86,14,31,45,7,17,24,403,357,760
2020-04-20,9,3,12,7,12,19,67,54,121,99,75,174,54,39,93,57,55,112,48,40,88,49,40,89,17,32,49,8,18,26,415,368,783
2020-04-21,9,7,16,7,12,19,67,57,124,100,81,181,55,43,98,58,57,115,50,41,91,49,43,92,20,34,54,9,23,32,424,398,822
2020-04-22,10,7,17,8,13,21,75,64,139,104,86,190,58,46,104,59,61,120,53,43,96,51,50,101,23,40,63,14,29,43,455,439,894
2020-04-23,16,10,26,9,14,23,83,68,151,106,91,197,62,50,112,60,61,121,56,47,103,53,53,106,31,41,72,14,32,46,490,467,957
2020-04-24,18,10,28,9,17,26,88,74,162,113,95,208,65,53,118,62,67,129,59,48,107,53,53,106,33,44,77,14,32,46,514,493,1007
2020-04-25,21,11,32,11,17,28,88,78,166,116,97,213,68,60,128,64,67,131,60,49,109,53,53,106,34,46,80,14,32,46,529,510,1039
2020-04-26,22,13,35,13,17,30,88,82,170,119,100,219,69,61,130,64,67,131,60,49,109,53,54,107,35,47,82,14,32,46,537,522,1059
2020-04-27,24,15,39,15,19,34,91,90,181,123,109,232,77,66,143,66,70,136,63,49,112,55,55,110,38,49,87,15,33,48,567,555,1122
2020-04-28,24,15,39,17,20,37,92,93,185,131,111,242,78,69,147,70,70,140,65,50,115,58,55,113,39,54,93,15,35,50,589,572,1161
2020-04-29,25,17,42,19,23,42,95,95,190,135,112,247,82,74,156,71,72,143,66,51,117,60,56,116,39,57,96,15,35,50,607,592,1199
2020-04-30,28,17,45,19,28,47,97,96,193,143,117,260,86,77,163,75,73,148,67,51,118,61,56,117,39,58,97,15,35,50,630,608,1238
2020-05-01,32,20,52,23,29,52,102,104,206,144,121,265,89,81,170,79,75,154,68,52,120,61,56,117,39,59,98,16,35,51,653,632,1285
2020-05-02,37,22,59,26,34,60,106,112,218,149,126,275,91,82,173,79,76,155,68,52,120,62,56,118,39,60,99,16,35,51,673,655,1328
2020-05-03,38,23,61,33,35,68,108,119,227,151,134,285,93,83,176,82,76,158,69,54,123,62,56,118,40,61,101,16,35,51,692,676,1368
2020-05-04,40,27,67,37,38,75,114,126,240,160,143,303,96,90,186,84,77,161,72,54,126,62,56,118,41,63,104,16,36,52,722,710,1432
2020-05-05,44,33,77,41,46,87,122,138,260,177,152,329,103,105,208,90,81,171,73,58,131,64,59,123,47,74,121,17,42,59,778,788,1566
2020-05-06,46,39,85,44,51,95,131,146,277,187,165,352,111,110,221,93,81,174,76,59,135,65,61,126,48,75,123,18,43,61,819,830,1649
2020-05-07,52,46,98,50,56,106,142,164,306,200,175,375,119,117,236,99,85,184,77,63,140,65,62,127,51,76,127,18,45,63,873,889,1762
2020-05-08,63,56,119,60,67,127,158,182,340,215,194,409,135,129,264,105,87,192,82,66,148,69,62,131,52,80,132,19,45,64,958,968,1926
2020-05-09,65,60,125,62,73,135,168,191,359,230,210,440,148,134,282,113,94,207,86,68,154,70,64,134,52,80,132,20,45,65,1014,1019,2033
2020-05-10,70,65,135,68,79,147,182,201,383,258,224,482,181,137,318,138,100,238,89,71,160,70,66,136,53,80,133,20,45,65,1129,1068,2197
2020-05-11,78,73,151,72,86,158,194,212,406,276,242,518,191,148,339,142,102,244,93,74,167,71,67,138,54,83,137,20,46,66,1191,1133,2324
2020-05-12,86,91,177,79,96,175,224,245,469,301,263,564,204,162,366,154,111,265,100,77,177,74,73,147,54,84,138,23,48,71,1299,1250,2549
2020-05-13,95,98,193,89,106,195,249,262,511,319,281,600,222,177,399,164,121,285,107,84,191,75,75,150,54,86,140,23,51,74,1397,1341,2738
2020-05-14,114,121,235,108,126,234,275,292,567,337,304,641,238,192,430,180,133,313,112,89,201,76,76,152,54,87,141,23,51,74,1517,1471,2988
2020-05-15,129,140,269,114,141,255,294,311,605,357,329,686,257,209,466,190,144,334,114,92,206,78,79,157,54,88,142,24,52,76,1611,1585,3196
2020-05-16,142,151,293,124,153,277,316,339,655,371,348,719,281,227,508,200,154,354,118,95,213,80,82,162,56,90,146,24,56,80,1712,1695,3407
2020-05-17,158,161,319,139,170,309,345,355,700,400,366,766,295,238,533,214,165,379,120,103,223,82,83,165,60,95,155,24,57,81,1837,1793,3630
2020-05-18,181,185,366,159,187,346,392,404,796,432,408,840,318,260,578,232,188,420,129,109,238,90,88,178,63,101,164,25,59,84,2021,1989,4010
2020-05-19,210,212,422,178,209,387,429,445,874,475,441,916,339,285,624,246,197,443,135,117,252,91,90,181,65,106,171,26,61,87,2194,2163,4357
2020-05-20,231,229,460,192,235,427,471,490,961,505,476,981,367,309,676,268,214,482,146,126,272,93,96,189,67,111,178,26,62,88,2366,2348,4714
2020-05-21,251,249,500,220,252,472,504,537,1041,556,511,1067,392,339,731,289,228,517,159,127,286,99,101,200,69,113,182,26,65,91,2565,2522,5087
2020-05-22,269,259,528,236,271,507,538,586,1124,591,541,1132,425,373,798,307,241,548,170,136,306,99,104,203,70,114,184,27,66,93,2732,2691,5423
2020-05-23,288,290,578,256,296,552,573,618,1191,619,568,1187,458,396,854,323,261,584,177,140,317,101,107,208,72,124,196,27,68,95,2894,2868,5762
2020-05-24,303,303,606,267,308,575,601,650,1251,642,596,1238,491,416,907,338,273,611,182,142,324,102,111,213,75,125,200,28,69,97,3029,2993,6022
2020-05-25,325,322,647,284,325,609,631,680,1311,666,627,1293,517,437,954,351,287,638,188,151,339,107,121,228,76,132,208,29,70,99,3174,3152,6326
2020-05-26,348,341,689,308,353,661,672,724,1396,713,668,1381,549,464,1013,378,317,695,198,157,355,109,127,236,77,138,215,31,77,108,3383,3366,6749
2020-05-27,380,355,735,331,381,712,714,775,1489,759,710,1469,581,498,1079,405,335,740,204,166,370,117,135,252,80,142,222,31,80,111,3602,3577,7179
2020-05-28,412,370,782,356,411,767,762,829,1591,801,745,1546,612,539,1151,425,355,780,216,177,393,122,147,269,93,164,257,35,94,129,3834,3831,7665
2020-05-29,438,408,846,380,444,824,793,875,1668,851,777,1628,632,570,1202,444,370,814,227,188,415,132,157,289,96,175,271,35,101,136,4028,4065,8093
2020-05-30,450,426,876,404,469,873,824,912,1736,880,812,1692,647,585,1232,460,379,839,233,194,427,135,162,297,98,178,276,36,102,138,4167,4219,8386
2020-05-31,456,437,893,415,489,904,857,939,1796,900,838,1738,668,614,1282,475,395,870,239,198,437,142,167,309,105,180,285,38,102,140,4295,4359,8654
2020-06-01,477,454,931,433,518,951,895,977,1872,943,876,1819,706,647,1353,493,421,914,244,208,452,149,176,325,111,187,298,39,102,141,4490,4566,9056
2020-06-02,510,477,987,465,543,1008,940,1022,1962,979,925,1904,737,674,1411,511,441,952,264,219,483,161,180,341,114,205,319,43,112,155,4724,4798,9522
2020-06-03,532,501,1033,481,564,1045,979,1074,2053,1029,966,1995,770,702,1472,535,466,1001,280,235,515,169,193,362,118,213,331,46,115,161,4939,5029,9968
2020-06-04,555,532,1087,501,588,1089,1021,1134,2155,1066,1010,2076,793,734,1527,562,488,1050,292,240,532,174,199,373,118,218,336,49,123,172,5131,5266,10397
2020-06-05,596,556,1152,535,613,1148,1066,1194,2260,1114,1060,2174,827,765,1592,584,509,1093,306,254,560,180,212,392,123,225,348,49,126,175,5380,5514,10894
2020-06-06,617,577,1194,551,638,1189,1103,1237,2340,1170,1093,2263,854,802,1656,602,526,1128,313,262,575,186,220,406,125,238,363,51,134,185,5572,5727,11299
2020-06-07,633,598,1231,571,653,1224,1139,1279,2418,1200,1120,2320,885,826,1711,617,539,1156,318,271,589,189,227,416,128,252,380,51,141,192,5731,5906,11637
2020-06-08,666,638,1304,597,689,1286,1197,1339,2536,1266,1178,2444,924,871,1795,663,567,1230,336,283,619,204,240,444,139,263,402,52,148,200,6044,6216,12260
2020-06-09,695,663,1358,628,720,1348,1243,1399,2642,1329,1251,2580,981,916,1897,698,608,1306,353,297,650,222,250,472,146,277,423,52,155,207,6347,6536,12883
2020-06-10,715,686,1401,650,748,1398,1303,1462,2765,1386,1315,2701,1039,957,1996,724,637,1361,369,313,682,238,266,504,154,307,461,53,171,224,6631,6862,13493
2020-06-11,747,714,1461,677,787,1464,1391,1548,2939,1456,1370,2826,1090,1009,2099,765,661,1426,385,330,715,252,277,529,160,319,479,53,177,230,6976,7192,14168
2020-06-12,789,755,1544,714,827,1541,1447,1622,3069,1519,1430,2949,1144,1060,2204,804,686,1490,403,352,755,266,288,554,164,323,487,54,182,236,7304,7525,14829
2020-06-13,825,776,1601,735,867,1602,1502,1679,3181,1569,1482,3051,1178,1105,2283,830,710,1540,421,364,785,276,301,577,168,339,507,57,193,250,7561,7816,15377
2020-06-14,846,802,1648,756,883,1639,1533,1723,3256,1613,1519,3132,1202,1129,2331,851,729,1580,434,376,810,280,311,591,173,353,526,57,200,257,7745,8025,15770
2020-06-15,875,820,1695,781,901,1682,1590,1776,3366,1658,1568,3226,1243,1155,2398,867,747,1614,446,384,830,286,318,604,177,362,539,61,202,263,7984,8233,16217
2020-06-16,914,859,1773,810,934,1744,1663,1850,3513,1744,1639,3383,1306,1201,2507,905,785,1690,472,405,877,303,330,633,181,377,558,62,207,269,8360,8587,16947
2020-06-17,953,891,1844,845,973,1818,1752,1941,3693,1838,1724,3562,1376,1276,2652,965,836,1801,501,432,933,334,342,676,188,404,592,63,216,279,8815,9035,17850
2020-06-18,982,929,1911,894,1012,1906,1845,2030,3875,1937,1816,3753,1459,1353,2812,1023,889,1912,527,448,975,345,355,700,196,419,615,64,222,286,9272,9473,18745
2020-06-19,1015,964,1979,936,1064,2000,1930,2115,4045,2031,1903,3934,1524,1401,2925,1062,934,1996,558,476,1034,370,378,748,212,439,651,65,241,306,9703,9915,19618
2020-06-20,1050,1003,2053,968,1107,2075,2002,2192,4194,2108,1962,4070,1579,1465,3044,1101,969,2070,575,493,1068,385,396,781,220,450,670,70,250,320,10058,10287,20345
2020-06-21,1073,1038,2111,1007,1139,2146,2051,2241,4292,2177,2019,4196,1614,1507,3121,1132,995,2127,595,500,1095,395,407,802,228,467,695,71,261,332,10343,10574,20917
2020-06-22,1129,1078,2207,1047,1191,2238,2155,2328,4483,2289,2101,4390,1696,1569,3265,1213,1046,2259,643,533,1176,417,437,854,247,485,732,75,271,346,10911,11039,21950
2020-06-23,1166,1117,2283,1091,1230,2321,2256,2433,4689,2374,2192,4566,1779,1643,3422,1281,1094,2375,664,556,1220,431,451,882,262,517,779,78,278,356,11382,11511,22893
2020-06-24,1197,1145,2342,1127,1275,2402,2369,2530,4899,2464,2279,4743,1863,1719,3582,1336,1145,2481,694,577,1271,449,461,910,271,534,805,81,291,372,11851,11956,23807
2020-06-25,1238,1187,2425,1176,1321,2497,2461,2635,5096,2571,2368,4939,1917,1785,3702,1389,1187,2576,723,594,1317,459,476,935,280,561,841,83,303,386,12297,12417,24714
2020-06-26,1279,1235,2514,1237,1363,2600,2546,2730,5276,2669,2464,5133,1983,1868,3851,1445,1231,2676,756,615,1371,472,493,965,290,583,873,85,314,399,12762,12896,25658
2020-06-27,1320,1271,2591,1276,1406,2682,2626,2800,5426,2733,2550,5283,2030,1920,3950,1485,1262,2747,787,635,1422,480,504,984,298,599,897,87,319,406,13122,13266,26388
2020-06-28,1349,1289,2638,1310,1429,2739,2702,2874,5576,2793,2599,5392,2097,1963,4060,1521,1300,2821,802,649,1451,488,515,1003,307,612,919,89,327,416,13458,13557,27015
2020-06-29,1374,1317,2691,1358,1480,2838,2798,2958,5756,2904,2675,5579,2176,2045,4221,1575,1351,2926,831,669,1500,504,532,1036,326,638,964,91,338,429,13937,14003,27940
2020-06-30,1404,1351,2755,1412,1515,2927,2884,3044,5928,2988,2765,5753,2249,2114,4363,1634,1395,3029,859,697,1556,524,553,1077,344,661,1005,95,353,448,14393,14448,28841
2020-07-01,1434,1387,2821,1459,1554,3013,2965,3131,6096,3083,2852,5935,2310,2166,4476,1689,1440,3129,894,727,1621,543,567,1110,361,679,1040,98,362,460,14836,14865,29701
2020-07-02,1477,1420,2897,1502,1608,3110,3049,3232,6281,3161,2951,6112,2408,2240,4648,1735,1488,3223,944,752,1696,563,590,1153,369,696,1065,100,370,470,15308,15347,30655
2020-07-03,1523,1463,2986,1556,1655,3211,3147,3328,6475,3272,3035,6307,2482,2317,4799,1801,1538,3339,978,778,1756,583,617,1200,376,720,1096,102,386,488,15820,15837,31657
2020-07-04,1551,1508,3059,1586,1682,3268,3211,3405,6616,3357,3111,6468,2553,2369,4922,1848,1581,3429,1011,805,1816,607,652,1259,382,768,1150,104,409,513,16210,16290,32500
2020-07-05,1572,1534,3106,1619,1712,3331,3266,3466,6732,3424,3167,6591,2611,2423,5034,1896,1626,3522,1046,830,1876,628,686,1314,397,801,1198,107,420,527,16566,16665,33231
2020-07-06,1602,1563,3165,1658,1748,3406,3361,3564,6925,3545,3270,6815,2708,2503,5211,1969,1683,3652,1096,868,1964,651,718,1369,409,850,1259,114,437,551,17113,17204,34317
2020-07-07,1639,1603,3242,1689,1787,3476,3472,3661,7133,3664,3366,7030,2795,2586,5381,2030,1731,3761,1130,895,2025,686,744,1430,423,877,1300,117,447,564,17645,17697,35342
2020-07-08,1680,1643,3323,1726,1827,3553,3569,3770,7339,3792,3483,7275,2876,2670,5546,2092,1810,3902,1180,928,2108,713,781,1494,443,914,1357,123,474,597,18194,18300,36494
2020-07-09,1719,1672,3391,1762,1871,3633,3639,3842,7481,3874,3588,7462,2955,2728,5683,2136,1841,3977,1222,974,2196,742,803,1545,460,956,1416,126,484,610,18635,18759,37394
2020-07-10,1755,1707,3462,1799,1904,3703,3712,3932,7644,3961,3676,7637,3028,2793,5821,2195,1901,4096,1268,1007,2275,760,821,1581,478,979,1457,128,496,624,19084,19216,38300
2020-07-11,1779,1739,3518,1827,1938,3765,3777,4004,7781,4044,3767,7811,3103,2853,5956,2253,1944,4197,1310,1031,2341,780,846,1626,485,1004,1489,132,506,638,19490,19632,39122
2020-07-12,1806,1759,3565,1855,1969,3824,3836,4058,7894,4111,3833,7944,3165,2892,6057,2303,1978,4281,1333,1056,2389,800,863,1663,503,1030,1533,134,522,656,19846,19960,39806
2020-07-13,1847,1792,3639,1907,2017,3924,3938,4175,8113,4251,3953,8204,3267,2992,6259,2388,2045,4433,1373,1089,2462,825,896,1721,523,1072,1595,141,546,687,20460,20577,41037
2020-07-14,1880,1826,3706,1945,2052,3997,4055,4282,8337,4380,4070,8450,3349,3078,6427,2453,2107,4560,1420,1129,2549,852,920,1772,536,1108,1644,148,561,709,21018,21133,42151
2020-07-15,1913,1862,3775,1991,2086,4077,4154,4392,8546,4496,4201,8697,3436,3179,6615,2530,2157,4687,1465,1163,2628,884,949,1833,549,1141,1690,153,587,740,21571,21717,43288
2020-07-16,1942,1905,3847,2046,2133,4179,4260,4486,8746,4638,4329,8967,3529,3271,6800,2604,2228,4832,1509,1199,2708,910,981,1891,568,1185,1753,163,623,786,22169,22340,44509
2020-07-17,1988,1932,3920,2075,2182,4257,4356,4623,8979,4757,4439,9196,3608,3360,6968,2673,2293,4966,1556,1232,2788,932,1009,1941,589,1233,1822,169,654,823,22703,22957,45660
2020-07-18,2019,1968,3987,2125,2216,4341,4451,4711,9162,4872,4546,9418,3692,3460,7152,2743,2348,5091,1592,1265,2857,960,1045,2005,598,1263,1861,174,667,841,23226,23489,46715
2020-07-19,2054,2010,4064,2160,2246,4406,4529,4796,9325,4965,4640,9605,3765,3532,7297,2806,2400,5206,1638,1292,2930,979,1074,2053,614,1295,1909,182,684,866,23692,23969,47661
2020-07-20,2078,2054,4132,2199,2298,4497,4672,4915,9587,5112,4780,9892,3880,3629,7509,2876,2481,5357,1703,1343,3046,1005,1110,2115,638,1329,1967,184,696,880,24347,24635,48982
2020-07-21,2126,2089,4215,2240,2342,4582,4789,5055,9844,5263,4937,10200,3999,3749,7748,2976,2574,5550,1764,1373,3137,1031,1138,2169,657,1367,2024,187,720,907,25032,25344,50376
2020-07-22,2158,2117,4275,2280,2394,4674,4934,5179,10113,5403,5064,10467,4110,3842,7952,3069,2637,5706,1819,1419,3238,1073,1171,2244,674,1396,2070,191,740,931,25711,25959,51670
2020-07-23,2191,2157,4348,2315,2438,4753,5065,5318,10383,5524,5179,10703,4207,3934,8141,3157,2696,5853,1856,1454,3310,1101,1195,2296,695,1423,2118,194,751,945,26305,26545,52850
2020-07-24,2239,2195,4434,2360,2480,4840,5194,5438,10632,5670,5306,10976,4308,4046,8354,3250,2760,6010,1895,1497,3392,1118,1214,2332,711,1468,2179,199,770,969,26944,27174,54118
2020-07-25,2264,2220,4484,2400,2507,4907,5275,5523,10798,5776,5404,11180,4402,4114,8516,3293,2811,6104,1930,1525,3455,1136,1239,2375,722,1490,2212,208,785,993,27406,27618,55024
2020-07-26,2286,2246,4532,2423,2544,4967,5344,5600,10944,5846,5488,11334,4459,4179,8638,3331,2854,6185,1965,1544,3509,1162,1262,2424,741,1527,2268,213,798,1011,27770,28042,55812
2020-07-27,2315,2273,4588,2465,2585,5050,5467,5698,11165,5991,5630,11621,4544,4275,8819,3418,2935,6353,2005,1583,3588,1186,1289,2475,762,1554,2316,218,814,1032,28371,28636,57007
2020-07-28,2346,2297,4643,2516,2627,5143,5590,5815,11405,6138,5767,11905,4636,4372,9008,3503,2986,6489,2039,1626,3665,1219,1317,2536,781,1587,2368,220,833,1053,28988,29227,58215
2020-07-29,2368,2330,4698,2572,2673,5245,5702,5935,11637,6249,5888,12137,4738,4474,9212,3559,3057,6616,2090,1650,3740,1248,1344,2592,803,1623,2426,227,850,1077,29556,29824,59380
2020-07-30,2405,2357,4762,2607,2721,5328,5837,6047,11884,6385,6013,12398,4841,4573,9414,3621,3123,6744,2128,1674,3802,1268,1390,2658,820,1667,2487,232,878,1110,30144,30443,60587
2020-07-31,2435,2391,4826,2665,2770,5435,5946,6163,12109,6487,6132,12619,4947,4661,9608,3688,3195,6883,2183,1695,3878,1295,1422,2717,833,1705,2538,235,905,1140,30714,31039,61753
2020-08-01,2468,2427,4895,2696,2828,5524,6031,6270,12301,6598,6251,12849,5068,4748,9816,3751,3245,6996,2214,1725,3939,1312,1444,2756,846,1736,2582,240,916,1156,31224,31590,62814
2020-08-02,2496,2449,4945,2729,2868,5597,6110,6345,12455,6692,6336,13028,5148,4828,9976,3809,3289,7098,2253,1765,4018,1347,1471,2818,867,1780,2647,243,942,1185,31694,32073,63767
2020-08-03,2539,2493,5032,2794,2918,5712,6255,6497,12752,6856,6482,13338,5288,4954,10242,3895,3388,7283,2315,1816,4131,1380,1511,2891,886,1841,2727,247,975,1222,32455,32875,65330
2020-08-04,2575,2522,5097,2839,2977,5816,6388,6627,13015,7011,6630,13641,5419,5087,10506,3985,3476,7461,2379,1858,4237,1419,1554,2973,910,1909,2819,253,1008,1261,33178,33648,66826
2020-08-05,2618,2559,5177,2901,3019,5920,6526,6764,13290,7171,6764,13935,5531,5205,10736,4073,3546,7619,2460,1916,4376,1454,1597,3051,936,1986,2922,260,1055,1315,33930,34411,68341
2020-08-06,2651,2591,5242,2955,3062,6017,6656,6887,13543,7290,6888,14178,5642,5298,10940,4146,3628,7774,2499,1962,4461,1474,1623,3097,951,2021,2972,267,1075,1342,34531,35035,69566
2020-08-07,2681,2619,5300,2991,3107,6098,6770,7005,13775,7402,7008,14410,5745,5387,11132,4219,3702,7921,2540,2012,4552,1505,1649,3154,969,2050,3019,273,1089,1362,35095,35628,70723
2020-08-08,2709,2649,5358,3028,3135,6163,6848,7096,13944,7493,7105,14598,5812,5466,11278,4278,3765,8043,2570,2046,4616,1524,1680,3204,979,2094,3073,276,1112,1388,35517,36148,71665
2020-08-09,2728,2663,5391,3064,3175,6239,6916,7176,14092,7566,7174,14740,5876,5534,11410,4342,3810,8152,2613,2081,4694,1542,1692,3234,992,2116,3108,280,1117,1397,35919,36538,72457
2020-08-10,2758,2697,5455,3103,3215,6318,7028,7302,14330,7705,7317,15022,5987,5643,11630,4435,3884,8319,2648,2129,4777,1568,1719,3287,1007,2155,3162,284,1141,1425,36523,37202,73725
2020-08-11,2778,2720,5498,3134,3251,6385,7119,7415,14534,7840,7432,15272,6114,5729,11843,4511,3959,8470,2696,2162,4858,1595,1749,3344,1023,2203,3226,289,1162,1451,37099,37782,74881
2020-08-12,2806,2756,5562,3182,3285,6467,7223,7515,14738,7956,7552,15508,6210,5830,12040,4597,4035,8632,2739,2207,4946,1619,1771,3390,1031,2224,3255,295,1168,1463,37658,38343,76001
2020-08-13,2829,2779,5608,3228,3328,6556,7328,7620,14948,8060,7671,15731,6294,5928,12222,4658,4091,8749,2796,2233,5029,1639,1795,3434,1042,2244,3286,297,1173,1470,38171,38862,77033
2020-08-14,2856,2797,5653,3266,3373,6639,7427,7737,15164,8180,7780,15960,6380,6006,12386,4723,4145,8868,2837,2272,5109,1664,1813,3477,1057,2273,3330,300,1186,1486,38690,39382,78072
2020-08-15,2873,2817,5690,3305,3409,6714,7512,7836,15348,8286,7875,16161,6444,6086,12530,4781,4200,8981,2872,2312,5184,1691,1855,3546,1079,2333,3412,303,1216,1519,39146,39939,79085
2020-08-16,2892,2838,5730,3335,3428,6763,7595,7892,15487,8352,7944,16296,6510,6141,12651,4824,4236,9060,2902,2336,5238,1714,1873,3587,1090,2351,3441,306,1230,1536,39520,40269,79789
2020-08-17,2915,2854,5769,3382,3468,6850,7678,7998,15676,8460,8065,16525,6587,6217,12804,4899,4286,9185,2942,2365,5307,1743,1887,3630,1098,2371,3469,307,1239,1546,40011,40750,80761
2020-08-18,2938,2887,5825,3432,3505,6937,7804,8108,15912,8620,8188,16808,6703,6313,13016,4990,4379,9369,2984,2408,5392,1769,1917,3686,1111,2419,3530,311,1273,1584,40662,41397,82059
2020-08-19,2969,2918,5887,3474,3546,7020,7944,8233,16177,8770,8314,17084,6815,6433,13248,5072,4465,9537,3037,2452,5489,1790,1948,3738,1128,2453,3581,318,1294,1612,41317,42056,83373
2020-08-20,2999,2942,5941,3531,3586,7117,8055,8357,16412,8907,8433,17340,6922,6504,13426,5138,4529,9667,3096,2491,5587,1814,1975,3789,1148,2488,3636,322,1314,1636,41932,42619,84551
2020-08-21,3022,2965,5987,3576,3639,7215,8177,8476,16653,9054,8563,17617,7010,6609,13619,5215,4603,9818,3144,2526,5670,1837,1997,3834,1165,2508,3673,324,1326,1650,42524,43212,85736
2020-08-22,3049,2989,6038,3617,3670,7287,8278,8583,16861,9151,8674,17825,7097,6681,13778,5268,4664,9932,3185,2559,5744,1866,2020,3886,1175,2526,3701,325,1329,1654,43011,43695,86706
2020-08-23,3075,3014,6089,3658,3717,7375,8360,8673,17033,9234,8748,17982,7167,6759,13926,5328,4719,10047,3222,2600,5822,1887,2036,3923,1195,2549,3744,329,1340,1669,43455,44155,87610
2020-08-24,3110,3043,6153,3713,3760,7473,8499,8802,17301,9389,8885,18274,7293,6884,14177,5417,4809,10226,3279,2657,5936,1916,2064,3980,1209,2564,3773,332,1349,1681,44157,44817,88974
2020-08-25,3151,3068,6219,3766,3802,7568,8623,8957,17580,9550,9055,18605,7410,7009,14419,5518,4907,10425,3344,2706,6050,1957,2100,4057,1229,2603,3832,335,1367,1702,44883,45574,90457
2020-08-26,3189,3100,6289,3821,3862,7683,8768,9099,17867,9719,9190,18909,7572,7136,14708,5632,4986,10618,3399,2758,6157,1994,2147,4141,1246,2644,3890,338,1389,1727,45678,46311,91989
2020-08-27,3221,3143,6364,3881,3920,7801,8913,9270,18183,9895,9343,19238,7696,7278,14974,5726,5074,10800,3456,2809,6265,2024,2169,4193,1261,2692,3953,343,1408,1751,46416,47106,93522
2020-08-28,3244,3163,6407,3936,3977,7913,9048,9410,18458,10037,9484,19521,7805,7380,15185,5828,5167,10995,3511,2862,6373,2058,2202,4260,1274,2719,3993,344,1420,1764,47085,47784,94869
2020-08-29,3269,3181,6450,3968,4014,7982,9145,9507,18652,10137,9608,19745,7898,7470,15368,5893,5236,11129,3555,2907,6462,2078,2232,4310,1289,2739,4028,346,1426,1772,47578,48320,95898
2020-08-30,3283,3194,6477,4001,4056,8057,9222,9580,18802,10218,9694,19912,7967,7550,15517,5961,5289,11250,3597,2942,6539,2103,2250,4353,1300,2766,4066,348,1432,1780,48000,48753,96753
2020-08-31,3309,3214,6523,4045,4106,8151,9355,9717,19072,10370,9855,20225,8106,7658,15764,6048,5368,11416,3655,2987,6642,2133,2300,4433,1317,2825,4142,355,1451,1806,48693,49481,98174
2020-09-01,3329,3235,6564,4098,4156,8254,9469,9848,19317,10527,9984,20511,8246,7780,16026,6128,5439,11567,3713,3040,6753,2159,2334,4493,1336,2865,4201,359,1475,1834,49364,50156,99520
2020-09-02,3352,3249,6601,4142,4195,8337,9563,9959,19522,10652,10106,20758,8347,7872,16219,6194,5503,11697,3761,3083,6844,2177,2360,4537,1355,2885,4240,360,1478,1838,49903,50690,100593
2020-09-03,3364,3273,6637,4185,4224,8409,9682,10069,19751,10782,10228,21010,8457,7971,16428,6269,5566,11835,3814,3124,6938,2204,2392,4596,1371,2906,4277,363,1486,1849,50491,51239,101730
2020-09-04,3389,3293,6682,4225,4280,8505,9822,10171,19993,10899,10352,21251,8557,8086,16643,6342,5643,11985,3856,3159,7015,2224,2422,4646,1377,2923,4300,367,1498,1865,51058,51827,102885
2020-09-05,3400,3309,6709,4259,4309,8568,9906,10269,20175,11000,10454,21454,8659,8188,16847,6404,5697,12101,3889,3198,7087,2255,2450,4705,1387,2952,4339,368,1508,1876,51527,52334,103861
2020-09-06,3416,3325,6741,4294,4341,8635,9971,10330,20301,11060,10520,21580,8720,8245,16965,6451,5746,12197,3927,3229,7156,2278,2475,4753,1397,2967,4364,371,1514,1885,51885,52692,104577
2020-09-07,3438,3344,6782,4331,4380,8711,10089,10457,20546,11186,10635,21821,8815,8360,17175,6546,5824,12370,3986,3274,7260,2321,2515,4836,1421,3004,4425,373,1537,1910,52506,53330,105836
2020-09-08,3461,3365,6826,4372,4428,8800,10208,10568,20776,11324,10777,22101,8942,8482,17424,6629,5906,12535,4033,3317,7350,2355,2542,4897,1437,3040,4477,378,1549,1927,53139,53974,107113
2020-09-09,3486,3391,6877,4415,4475,8890,10342,10695,21037,11465,10908,22373,9050,8578,17628,6699,5980,12679,4094,3361,7455,2388,2573,4961,1446,3060,4506,383,1565,1948,53768,54586,108354
2020-09-10,3521,3410,6931,4452,4525,8977,10435,10805,21240,11581,11016,22597,9158,8678,17836,6790,6043,12833,4148,3396,7544,2420,2614,5034,1458,3108,4566,387,1594,1981,54350,55189,109539
2020-09-11,3551,3435,6986,4490,4575,9065,10525,10932,21457,11704,11124,22828,9280,8784,18064,6865,6128,12993,4181,3428,7609,2454,2645,5099,1471,3127,4598,388,1598,1986,54909,55776,110685
2020-09-12,3567,3447,7014,4518,4609,9127,10594,11008,21602,11780,11213,22993,9352,8869,18221,6916,6186,13102,4216,3464,7680,2469,2665,5134,1482,3154,4636,389,1614,2003,55283,56229,111512
2020-09-13,3583,3465,7048,4549,4635,9184,10651,11089,21740,11857,11283,23140,9416,8939,18355,6958,6223,13181,4255,3503,7758,2497,2685,5182,1489,3174,4663,391,1617,2008,55646,56613,112259
2020-09-14,3601,3481,7082,4586,4667,9253,10752,11196,21948,11974,11402,23376,9499,9018,18517,7028,6301,13329,4295,3542,7837,2529,2710,5239,1497,3197,4694,395,1624,2019,56156,57138,113294
2020-09-15,3630,3494,7124,4618,4706,9324,10836,11287,22123,12067,11499,23566,9580,9116,18696,7111,6367,13478,4349,3581,7930,2548,2737,5285,1510,3215,4725,397,1632,2029,56646,57634,114280
2020-09-16,3653,3511,7164,4664,4743,9407,10929,11388,22317,12165,11598,23763,9690,9199,18889,7180,6432,13612,4380,3615,7995,2568,2773,5341,1519,3241,4760,400,1650,2050,57148,58150,115298
2020-09-17,3669,3528,7197,4695,4780,9475,11026,11481,22507,12246,11700,23946,9767,9278,19045,7232,6482,13714,4428,3641,8069,2590,2793,5383,1533,3251,4784,402,1657,2059,57588,58591,116179
2020-09-18,3701,3557,7258,4733,4825,9558,11113,11593,22706,12344,11811,24155,9836,9353,19189,7288,6528,13816,4468,3670,8138,2607,2826,5433,1545,3268,4813,402,1666,2068,58037,59097,117134
2020-09-19,3712,3571,7283,4762,4857,9619,11169,11652,22821,12421,11898,24319,9905,9397,19302,7333,6570,13903,4507,3700,8207,2619,2843,5462,1549,3283,4832,402,1672,2074,58379,59443,117822
2020-09-20,3724,3586,7310,4784,4875,9659,11222,11704,22926,12469,11964,24433,9941,9437,19378,7359,6596,13955,4534,3736,8270,2636,2868,5504,1555,3291,4846,402,1678,2080,58626,59735,118361
2020-09-21,3743,3599,7342,4826,4905,9731,11304,11783,23087,12564,12030,24594,10029,9493,19522,7402,6646,14048,4573,3768,8341,2662,2899,5561,1566,3310,4876,402,1682,2084,59071,60115,119186
2020-09-22,3765,3611,7376,4861,4941,9802,11403,11869,23272,12661,12131,24792,10094,9575,19669,7463,6697,14160,4609,3807,8416,2684,2920,5604,1583,3341,4924,405,1693,2098,59528,60585,120113
2020-09-23,3786,3632,7418,4893,4982,9875,11496,11955,23451,12749,12218,24967,10163,9667,19830,7522,6753,14275,4646,3843,8489,2708,2947,5655,1591,3353,4944,409,1698,2107,59963,61048,121011
2020-09-24,3807,3650,7457,4930,5022,9952,11592,12051,23643,12840,12322,25162,10225,9735,19960,7592,6804,14396,4697,3880,8577,2732,2963,5695,1609,3374,4983,411,1703,2114,60435,61504,121939
2020-09-25,3827,3675,7502,4962,5049,10011,11686,12133,23819,12920,12428,25348,10313,9819,20132,7659,6871,14530,4739,3916,8655,2765,2998,5763,1619,3388,5007,414,1717,2131,60904,61994,122898
2020-09-26,3840,3687,7527,4992,5077,10069,11738,12192,23930,12979,12486,25465,10380,9871,20251,7696,6922,14618,4763,3945,8708,2784,3018,5802,1629,3403,5032,415,1724,2139,61216,62325,123541
2020-09-27,3858,3702,7560,5016,5109,10125,11811,12239,24050,13053,12554,25607,10443,9916,20359,7735,6964,14699,4787,3960,8747,2807,3030,5837,1635,3414,5049,418,1727,2145,61563,62615,124178
2020-09-28,3879,3718,7597,5051,5143,10194,11892,12334,24226,13150,12652,25802,10517,9989,20506,7790,7020,14810,4839,4003,8842,2826,3061,5887,1654,3435,5089,420,1733,2153,62018,63088,125106
2020-09-29,3913,3733,7646,5080,5164,10244,11994,12430,24424,13253,12740,25993,10601,10062,20663,7846,7078,14924,4880,4052,8932,2854,3098,5952,1663,3456,5119,420,1743,2163,62504,63556,126060
2020-09-30,3932,3756,7688,5106,5197,10303,12098,12540,24638,13350,12831,26181,10675,10144,20819,7905,7140,15045,4926,4081,9007,2883,3112,5995,1675,3477,5152,424,1747,2171,62974,64025,126999
2020-10-01,3952,3772,7724,5135,5235,10370,12190,12636,24826,13437,12918,26355,10737,10208,20945,7961,7202,15163,4958,4124,9082,2895,3137,6032,1684,3494,5178,426,1755,2181,63375,64481,127856
2020-10-02,3976,3789,7765,5173,5264,10437,12278,12720,24998,13513,13006,26519,10799,10287,21086,8016,7272,15288,4994,4164,9158,2913,3161,6074,1700,3513,5213,430,1766,2196,63792,64942,128734
2020-10-03,3998,3800,7798,5193,5295,10488,12336,12767,25103,13577,13049,26626,10840,10344,21184,8060,7324,15384,5019,4178,9197,2924,3168,6092,1705,3524,5229,431,1771,2202,64083,65220,129303
2020-10-04,4006,3807,7813,5215,5314,10529,12385,12820,25205,13623,13099,26722,10881,10381,21262,8090,7356,15446,5037,4201,9238,2938,3176,6114,1710,3533,5243,431,1777,2208,64316,65464,129780
2020-10-05,4017,3823,7840,5243,5339,10582,12459,12922,25381,13718,13176,26894,10946,10438,21384,8141,7410,15551,5084,4238,9322,2960,3197,6157,1717,3549,5266,432,1783,2215,64717,65875,130592
2020-10-06,4044,3841,7885,5270,5379,10649,12552,13019,25571,13818,13265,27083,11030,10511,21541,8202,7470,15672,5121,4269,9390,2974,3217,6191,1731,3565,5296,434,1788,2222,65176,66324,131500
2020-10-07,4059,3852,7911,5297,5414,10711,12646,13111,25757,13888,13348,27236,11108,10582,21690,8261,7524,15785,5147,4290,9437,2986,3237,6223,1741,3587,5328,434,1796,2230,65567,66741,132308
2020-10-08,4079,3867,7946,5324,5451,10775,12728,13200,25928,13971,13426,27397,11159,10661,21820,8310,7577,15887,5174,4321,9495,3004,3262,6266,1753,3621,5374,436,1810,2246,65938,67196,133134
2020-10-09,4098,3884,7982,5349,5484,10833,12792,13293,26085,14061,13524,27585,11219,10727,21946,8368,7632,16000,5199,4357,9556,3021,3287,6308,1768,3652,5420,439,1824,2263,66314,67664,133978
2020-10-10,4109,3890,7999,5368,5517,10885,12846,13349,26195,14122,13591,27713,11281,10776,22057,8408,7686,16094,5226,4384,9610,3038,3303,6341,1772,3662,5434,440,1826,2266,66610,67984,134594
2020-10-11,4122,3905,8027,5383,5539,10922,12885,13392,26277,14160,13644,27804,11321,10809,22130,8440,7719,16159,5240,4404,9644,3052,3318,6370,1780,3679,5459,442,1833,2275,66825,68242,135067
2020-10-12,4146,3921,8067,5405,5572,10977,12952,13436,26388,14227,13703,27930,11372,10856,22228,8477,7762,16239,5269,4430,9699,3070,3331,6401,1784,3695,5479,442,1839,2281,67144,68545,135689
2020-10-13,4162,3940,8102,5441,5602,11043,13035,13520,26555,14335,13788,28123,11441,10920,22361,8532,7804,16336,5305,4455,9760,3083,3349,6432,1790,3719,5509,444,1849,2293,67568,68946,136514
2020-10-14,4176,3956,8132,5475,5635,11110,13117,13605,26722,14410,13861,28271,11514,10986,22500,8593,7866,16459,5330,4483,9813,3103,3368,6471,1798,3727,5525,445,1855,2300,67961,69342,137303
2020-10-15,4192,3976,8168,5523,5680,11203,13211,13679,26890,14499,13940,28439,11577,11053,22630,8635,7911,16546,5355,4509,9864,3125,3387,6512,1805,3747,5552,448,1859,2307,68370,69741,138111
2020-10-16,4211,3987,8198,5551,5725,11276,13279,13782,27061,14579,14020,28599,11646,11114,22760,8684,7950,16634,5384,4542,9926,3144,3408,6552,1815,3772,5587,450,1874,2324,68743,70174,138917
2020-10-17,4224,4002,8226,5580,5751,11331,13335,13830,27165,14643,14098,28741,11687,11148,22835,8718,7985,16703,5406,4565,9971,3153,3415,6568,1822,3781,5603,453,1877,2330,69021,70452,139473
2020-10-18,4234,4010,8244,5600,5772,11372,13375,13872,27247,14686,14129,28815,11712,11174,22886,8742,8011,16753,5421,4581,10002,3167,3428,6595,1823,3790,5613,453,1881,2334,69213,70648,139861
2020-10-19,4253,4024,8277,5622,5801,11423,13438,13927,27365,14736,14187,28923,11778,11221,22999,8786,8049,16835,5451,4600,10051,3187,3451,6638,1827,3803,5630,454,1885,2339,69532,70948,140480
2020-10-20,4260,4034,8294,5640,5826,11466,13509,14002,27511,14807,14242,29049,11830,11277,23107,8837,8085,16922,5477,4627,10104,3200,3459,6659,1839,3820,5659,455,1892,2347,69854,71264,141118
2020-10-21,4274,4045,8319,5663,5853,11516,13563,14058,27621,14860,14292,29152,11883,11316,23199,8866,8125,16991,5504,4647,10151,3212,3474,6686,1842,3827,5669,456,1895,2351,70123,71532,141655
2020-10-22,4287,4055,8342,5690,5877,11567,13617,14124,27741,14911,14335,29246,11925,11352,23277,8893,8150,17043,5524,4661,10185,3223,3487,6710,1847,3834,5681,457,1895,2352,70374,71770,142144
2020-10-23,4299,4065,8364,5714,5894,11608,13668,14195,27863,14954,14391,29345,11980,11398,23378,8930,8180,17110,5555,4686,10241,3232,3499,6731,1857,3841,5698,458,1896,2354,70647,72045,142692
2020-10-24,4307,4077,8384,5732,5911,11643,13707,14240,27947,14991,14439,29430,12011,11429,23440,8965,8204,17169,5572,4700,10272,3243,3510,6753,1862,3848,5710,458,1900,2358,70848,72258,143106
2020-10-25,4315,4087,8402,5745,5927,11672,13741,14277,28018,15018,14471,29489,12044,11457,23501,8985,8228,17213,5589,4706,10295,3248,3519,6767,1865,3852,5717,458,1901,2359,71008,72425,143433
2020-10-26,4328,4092,8420,5757,5961,11718,13790,14321,28111,15083,14529,29612,12085,11495,23580,9019,8261,17280,5611,4726,10337,3256,3529,6785,1875,3862,5737,462,1905,2367,71266,72681,143947
2020-10-27,4335,4103,8438,5785,5988,11773,13850,14383,28233,15137,14583,29720,12137,11543,23680,9062,8298,17360,5630,4752,10382,3265,3544,6809,1885,3877,5762,463,1907,2370,71549,72978,144527
2020-10-28,4351,4116,8467,5812,6007,11819,13901,14434,28335,15185,14629,29814,12179,11575,23754,9091,8328,17419,5654,4771,10425,3273,3554,6827,1892,3882,5774,465,1909,2374,71803,73205,145008
2020-10-29,4362,4122,8484,5828,6023,11851,13946,14474,28420,15228,14676,29904,12218,11605,23823,9110,8351,17461,5668,4786,10454,3290,3560,6850,1896,3894,5790,466,1916,2382,72012,73407,145419
2020-10-30,4368,4127,8495,5836,6030,11866,13978,14511,28489,15277,14703,29980,12246,11640,23886,9126,8371,17497,5678,4801,10479,3302,3571,6873,1899,3898,5797,467,1918,2385,72177,73570,145747
2020-10-31,4370,4131,8501,5844,6042,11886,13998,14539,28537,15305,14733,30038,12267,11662,23929,9141,8387,17528,5689,4811,10500,3306,3577,6883,1903,3902,5805,467,1918,2385,72290,73702,145992
2020-11-01,4379,4139,8518,5854,6057,11911,14039,14567,28606,15337,14763,30100,12296,11689,23985,9160,8408,17568,5704,4820,10524,3313,3583,6896,1905,3906,5811,467,1919,2386,72454,73851,146305
2020-11-02,4388,4148,8536,5863,6082,11945,14075,14614,28689,15384,14799,30183,12331,11725,24056,9192,8434,17626,5719,4829,10548,3315,3592,6907,1910,3913,5823,467,1923,2390,72644,74059,146703
2020-11-03,4398,4154,8552,5884,6093,11977,14128,14648,28776,15417,14834,30251,12364,11752,24116,9217,8457,17674,5731,4850,10581,3318,3602,6920,1912,3922,5834,467,1925,2392,72836,74237,147073
2020-11-04,4407,4158,8565,5890,6108,11998,14173,14696,28869,15461,14874,30335,12389,11787,24176,9238,8487,17725,5751,4862,10613,3324,3615,6939,1915,3929,5844,467,1928,2395,73015,74444,147459
2020-11-05,4422,4168,8590,5918,6126,12044,14226,14758,28984,15518,14913,30431,12424,11825,24249,9268,8512,17780,5771,4879,10650,3337,3629,6966,1918,3945,5863,468,1933,2401,73270,74688,147958
2020-11-06,4435,4176,8611,5940,6144,12084,14250,14798,29048,15561,14959,30520,12461,11855,24316,9295,8534,17829,5791,4899,10690,3349,3639,6988,1922,3952,5874,468,1935,2403,73472,74891,148363
2020-11-07,4443,4181,8624,5947,6154,12101,14274,14833,29107,15603,15002,30605,12493,11885,24378,9309,8555,17864,5806,4917,10723,3356,3648,7004,1926,3955,5881,468,1935,2403,73625,75065,148690
2020-11-08,4451,4187,8638,5953,6166,12119,14293,14878,29171,15631,15026,30657,12518,11903,24421,9328,8576,17904,5820,4925,10745,3362,3650,7012,1929,3961,5890,469,1935,2404,73754,75207,148961
2020-11-09,4464,4192,8656,5973,6182,12155,14328,14934,29262,15674,15067,30741,12566,11939,24505,9364,8619,17983,5839,4946,10785,3380,3656,7036,1930,3968,5898,469,1937,2406,73987,75440,149427
2020-11-10,4475,4202,8677,5989,6195,12184,14378,14987,29365,15740,15105,30845,12598,11968,24566,9388,8638,18026,5860,4965,10825,3396,3679,7075,1935,3975,5910,472,1938,2410,74231,75652,149883
2020-11-11,4485,4209,8694,6005,6216,12221,14428,15035,29463,15791,15155,30946,12640,12000,24640,9424,8660,18084,5878,4983,10861,3407,3695,7102,1936,3982,5918,474,1942,2416,74468,75877,150345
2020-11-12,4496,4216,8712,6024,6233,12257,14483,15080,29563,15831,15193,31024,12676,12036,24712,9448,8683,18131,5891,4994,10885,3411,3702,7113,1940,3986,5926,474,1946,2420,74674,76069,150743
2020-11-13,4504,4221,8725,6045,6250,12295,14523,15122,29645,15868,15224,31092,12721,12067,24788,9472,8706,18178,5911,5016,10927,3425,3707,7132,1943,3995,5938,476,1953,2429,74888,76261,151149
2020-11-14,4510,4227,8737,6062,6267,12329,14553,15156,29709,15904,15254,31158,12748,12087,24835,9503,8727,18230,5930,5029,10959,3434,3715,7149,1946,4000,5946,477,1954,2431,75067,76416,151483
2020-11-15,4514,4234,8748,6071,6285,12356,14576,15181,29757,15926,15278,31204,12773,12104,24877,9520,8740,18260,5939,5039,10978,3441,3723,7164,1948,4009,5957,478,1954,2432,75186,76547,151733
2020-11-16,4520,4243,8763,6087,6303,12390,14606,15221,29827,15963,15312,31275,12800,12133,24933,9539,8763,18302,5950,5052,11002,3454,3735,7189,1955,4013,5968,479,1956,2435,75353,76731,152084
2020-11-17,4528,4249,8777,6108,6322,12430,14655,15264,29919,16002,15358,31360,12838,12168,25006,9563,8792,18355,5970,5067,11037,3462,3745,7207,1960,4026,5986,481,1960,2441,75567,76951,152518
2020-11-18,4533,4256,8789,6125,6344,12469,14700,15320,30020,16051,15394,31445,12878,12197,25075,9586,8825,18411,5982,5083,11065,3474,3757,7231,1964,4037,6001,481,1965,2446,75774,77178,152952
2020-11-19,4537,4260,8797,6137,6361,12498,14748,15349,30097,16081,15428,31509,12897,12222,25119,9609,8847,18456,5998,5097,11095,3480,3764,7244,1966,4041,6007,481,1969,2450,75934,77338,153272
2020-11-20,4542,4265,8807,6155,6385,12540,14790,15376,30166,16109,15450,31559,12918,12236,25154,9622,8863,18485,6014,5111,11125,3487,3769,7256,1971,4044,6015,483,1972,2455,76091,77471,153562
2020-11-21,4549,4275,8824,6168,6402,12570,14818,15411,30229,16144,15479,31623,12934,12271,25205,9637,8879,18516,6027,5126,11153,3494,3776,7270,1974,4047,6021,483,1975,2458,76228,77641,153869
2020-11-22,4553,4278,8831,6178,6409,12587,14840,15433,30273,16161,15499,31660,12954,12288,25242,9649,8886,18535,6042,5131,11173,3500,3785,7285,1975,4048,6023,483,1976,2459,76335,77733,154068
2020-11-23,4558,4281,8839,6185,6417,12602,14859,15462,30321,16191,15524,31715,12973,12298,25271,9658,8906,18564,6050,5136,11186,3511,3791,7302,1977,4050,6027,483,1978,2461,76445,77843,154288
2020-11-24,4565,4285,8850,6194,6433,12627,14898,15506,30404,16236,15562,31798,13002,12317,25319,9679,8923,18602,6069,5149,11218,3518,3798,7316,1980,4052,6032,483,1980,2463,76624,78005,154629
2020-11-25,4580,4291,8871,6211,6445,12656,14947,15560,30507,16291,15607,31898,13038,12354,25392,9706,8945,18651,6086,5162,11248,3526,3810,7336,1985,4058,6043,483,1982,2465,76853,78214,155067
2020-11-26,4583,4305,8888,6224,6468,12692,14988,15603,30591,16344,15637,31981,13062,12379,25441,9722,8974,18696,6096,5178,11274,3531,3814,7345,1990,4062,6052,484,1986,2470,77024,78406,155430
2020-11-27,4590,4310,8900,6243,6481,12724,15034,15643,30677,16387,15662,32049,13093,12406,25499,9747,8994,18741,6110,5192,11302,3541,3822,7363,1993,4065,6058,486,1988,2474,77224,78563,155787
2020-11-28,4596,4317,8913,6259,6495,12754,15064,15684,30748,16418,15692,32110,13116,12429,25545,9760,9011,18771,6119,5207,11326,3545,3825,7370,1994,4068,6062,486,1990,2476,77357,78718,156075
2020-11-29,4603,4318,8921,6272,6509,12781,15095,15718,30813,16455,15718,32173,13139,12450,25589,9780,9024,18804,6124,5220,11344,3548,3829,7377,1998,4073,6071,488,1990,2478,77502,78849,156351
2020-11-30,4611,4323,8934,6286,6523,12809,15137,15751,30888,16485,15749,32234,13170,12470,25640,9797,9049,18846,6131,5231,11362,3558,3841,7399,2001,4081,6082,488,1993,2481,77664,79011,156675
2020-12-01,4621,4328,8949,6298,6534,12832,15173,15779,30952,16519,15797,32316,13202,12494,25696,9813,9063,18876,6143,5240,11383,3564,3846,7410,2004,4084,6088,488,1993,2481,77825,79158,156983
2020-12-02,4623,4332,8955,6308,6548,12856,15199,15805,31004,16546,15822,32368,13217,12517,25734,9823,9076,18899,6154,5248,11402,3570,3858,7428,2007,4089,6096,491,1998,2489,77938,79293,157231
2020-12-03,4628,4336,8964,6322,6560,12882,15232,15827,31059,16584,15856,32440,13246,12531,25777,9838,9091,18929,6167,5262,11429,3577,3870,7447,2010,4093,6103,493,2000,2493,78097,79426,157523
2020-12-04,4638,4342,8980,6338,6579,12917,15257,15862,31119,16622,15896,32518,13277,12561,25838,9859,9111,18970,6180,5275,11455,3585,3874,7459,2016,4096,6112,493,2000,2493,78265,79596,157861
2020-12-05,4644,4348,8992,6348,6596,12944,15284,15892,31176,16649,15924,32573,13297,12588,25885,9877,9128,19005,6193,5287,11480,3591,3884,7475,2022,4102,6124,493,2000,2493,78398,79749,158147
2020-12-06,4651,4352,9003,6356,6603,12959,15308,15913,31221,16673,15943,32616,13315,12610,25925,9896,9143,19039,6203,5296,11499,3596,3889,7485,2027,4104,6131,493,2000,2493,78518,79853,158371
2020-12-07,4655,4357,9012,6362,6616,12978,15327,15938,31265,16695,15966,32661,13343,12628,25971,9909,9161,19070,6215,5306,11521,3602,3894,7496,2029,4106,6135,493,2002,2495,78630,79974,158604
2020-12-08,4663,4359,9022,6375,6630,13005,15355,15968,31323,16730,15999,32729,13384,12648,26032,9933,9179,19112,6234,5312,11546,3615,3903,7518,2032,4111,6143,494,2004,2498,78815,80113,158928
2020-12-09,4668,4368,9036,6401,6648,13049,15405,16008,31413,16773,16038,32811,13421,12684,26105,9963,9207,19170,6250,5330,11580,3622,3916,7538,2033,4115,6148,495,2008,2503,79031,80322,159353
2020-12-10,4674,4376,9050,6417,6675,13092,15442,16060,31502,16828,16077,32905,13461,12725,26186,9986,9232,19218,6267,5345,11612,3631,3929,7560,2036,4121,6157,495,2010,2505,79237,80550,159787
2020-12-11,4686,4385,9071,6428,6687,13115,15494,16111,31605,16859,16119,32978,13500,12752,26252,10002,9265,19267,6278,5363,11641,3635,3942,7577,2041,4128,6169,495,2011,2506,79418,80763,160181
2020-12-12,4694,4389,9083,6446,6700,13146,15544,16162,31706,16897,16148,33045,13527,12778,26305,10016,9280,19296,6291,5377,11668,3647,3949,7596,2043,4128,6171,495,2011,2506,79600,80922,160522
2020-12-13,4696,4394,9090,6463,6714,13177,15584,16196,31780,16928,16188,33116,13550,12803,26353,10031,9300,19331,6310,5388,11698,3656,3955,7611,2049,4131,6180,497,2011,2508,79764,81080,160844
2020-12-14,4701,4398,9099,6482,6732,13214,15648,16257,31905,16997,16235,33232,13590,12845,26435,10060,9325,19385,6327,5412,11739,3668,3966,7634,2053,4140,6193,497,2013,2510,80023,81323,161346
2020-12-15,4705,4401,9106,6506,6756,13262,15713,16315,32028,17058,16288,33346,13642,12880,26522,10082,9356,19438,6349,5419,11768,3678,3973,7651,2060,4143,6203,499,2016,2515,80292,81547,161839
2020-12-16,4715,4410,9125,6526,6786,13312,15801,16381,32182,17106,16331,33437,13670,12909,26579,10109,9387,19496,6363,5436,11799,3693,3982,7675,2069,4148,6217,502,2020,2522,80554,81790,162344
2020-12-17,4725,4415,9140,6556,6822,13378,15912,16475,32387,17177,16395,33572,13711,12963,26674,10134,9424,19558,6378,5461,11839,3707,3995,7702,2073,4155,6228,503,2021,2524,80876,82126,163002
2020-12-18,4729,4424,9153,6597,6846,13443,16001,16559,32560,17248,16467,33715,13766,13011,26777,10169,9461,19630,6400,5485,11885,3723,4009,7732,2077,4169,6246,503,2031,2534,81213,82462,163675
2020-12-19,4739,4430,9169,6625,6870,13495,16069,16614,32683,17307,16521,33828,13810,13056,26866,10199,9489,19688,6420,5503,11923,3735,4020,7755,2082,4176,6258,503,2032,2535,81489,82711,164200
2020-12-20,4743,4439,9182,6650,6884,13534,16133,16663,32796,17343,16570,33913,13855,13109,26964,10229,9508,19737,6447,5521,11968,3744,4028,7772,2085,4180,6265,506,2034,2540,81735,82936,164671
2020-12-21,4754,4448,9202,6680,6918,13598,16225,16766,32991,17432,16660,34092,13917,13166,27083,10285,9549,19834,6489,5547,12036,3763,4045,7808,2089,4189,6278,506,2036,2542,82140,83324,165464
2020-12-22,4762,4461,9223,6710,6954,13664,16320,16867,33187,17546,16732,34278,13975,13229,27204,10340,9605,19945,6514,5573,12087,3778,4061,7839,2094,4198,6292,507,2039,2546,82546,83719,166265
2020-12-23,4772,4472,9244,6742,7000,13742,16457,16986,33443,17655,16828,34483,14043,13301,27344,10416,9663,20079,6537,5604,12141,3805,4082,7887,2098,4210,6308,508,2040,2548,83033,84186,167219
2020-12-24,4772,4474,9246,6765,7026,13791,16522,17046,33568,17729,16875,34604,14074,13351,27425,10448,9688,20136,6556,5615,12171,3817,4089,7906,2100,4216,6316,508,2041,2549,83291,84421,167712
2020-12-25,4775,4481,9256,6782,7043,13825,16564,17085,33649,17768,16902,34670,14116,13382,27498,10473,9708,20181,6576,5629,12205,3822,4096,7918,2101,4217,6318,508,2042,2550,83485,84585,168070
2020-12-26,4787,4491,9278,6814,7085,13899,16678,17191,33869,17875,16995,34870,14191,13471,27662,10548,9766,20314,6619,5673,12292,3836,4112,7948,2105,4224,6329,508,2043,2551,83961,85051,169012
2020-12-27,4801,4497,9298,6844,7126,13970,16777,17283,34060,17970,17070,35040,14252,13525,27777,10600,9805,20405,6643,5702,12345,3852,4128,7980,2106,4230,6336,508,2043,2551,84353,85409,169762
2020-12-28,4819,4515,9334,6893,7195,14088,16926,17421,34347,18086,17204,35290,14374,13624,27998,10699,9875,20574,6686,5740,12426,3885,4159,8044,2117,4247,6364,510,2045,2555,84995,86025,171020
2020-12-29,4827,4533,9360,6954,7265,14219,17114,17609,34723,18252,17340,35592,14474,13720,28194,10770,9964,20734,6733,5792,12525,3920,4193,8113,2128,4256,6384,513,2048,2561,85685,86720,172405
2020-12-30,4852,4552,9404,7025,7344,14369,17299,17763,35062,18412,17483,35895,14584,13839,28423,10853,10048,20901,6779,5857,12636,3955,4226,8181,2137,4269,6406,516,2052,2568,86412,87433,173845
2020-12-31,4860,4561,9421,7069,7393,14462,17444,17887,35331,18495,17562,36057,14646,13911,28557,10897,10087,20984,6806,5883,12689,3978,4240,8218,2143,4273,6416,516,2052,2568,86854,87849,174703
2021-01-01,4864,4563,9427,7089,7409,14498,17476,17926,35402,18536,17607,36143,14670,13945,28615,10915,10106,21021,6825,5908,12733,3988,4251,8239,2144,4276,6420,516,2052,2568,87023,88043,175066
2021-01-02,4873,4574,9447,7142,7462,14604,17581,18050,35631,18644,17699,36343,14758,14033,28791,10988,10176,21164,6869,5949,12818,4007,4272,8279,2149,4280,6429,522,2052,2574,87533,88547,176080
2021-01-03,4889,4588,9477,7186,7510,14696,17714,18200,35914,18746,17798,36544,14839,14111,28950,11046,10244,21290,6910,5981,12891,4027,4297,8324,2157,4286,6443,523,2053,2576,88037,89068,177105
2021-01-04,4905,4598,9503,7261,7577,14838,17940,18417,36357,18925,17961,36886,14956,14212,29168,11141,10350,21491,6962,6033,12995,4055,4330,8385,2171,4308,6479,525,2057,2582,88841,89843,178684
2021-01-05,4926,4622,9548,7345,7655,15000,18186,18683,36869,19099,18116,37215,15075,14313,29388,11242,10426,21668,7025,6087,13112,4075,4365,8440,2177,4326,6503,527,2067,2594,89677,90660,180337
2021-01-06,4942,4635,9577,7422,7737,15159,18427,18917,37344,19283,18267,37550,15197,14415,29612,11323,10507,21830,7080,6147,13227,4105,4396,8501,2186,4340,6526,528,2071,2599,90493,91432,181925
2021-01-07,4963,4649,9612,7485,7813,15298,18622,19133,37755,19433,18411,37844,15304,14530,29834,11407,10594,22001,7127,6191,13318,4128,4434,8562,2194,4349,6543,533,2074,2607,91196,92178,183374
2021-01-08,4978,4667,9645,7551,7885,15436,18815,19327,38142,19572,18533,38105,15420,14646,30066,11493,10674,22167,7183,6247,13430,4152,4458,8610,2201,4364,6565,534,2079,2613,91899,92880,184779
2021-01-09,4986,4676,9662,7599,7944,15543,18960,19499,38459,19692,18633,38325,15519,14739,30258,11549,10745,22294,7231,6286,13517,4166,4484,8650,2207,4375,6582,536,2082,2618,92445,93463,185908
2021-01-10,4995,4681,9676,7647,7985,15632,19071,19638,38709,19762,18715,38477,15578,14804,30382,11603,10794,22397,7259,6318,13577,4178,4505,8683,2214,4381,6595,539,2084,2623,92846,93905,186751
2021-01-11,5002,4691,9693,7717,8049,15766,19263,19829,39092,19877,18839,38716,15672,14881,30553,11681,10873,22554,7300,6363,13663,4211,4526,8737,2220,4391,6611,540,2088,2628,93483,94530,188013
2021-01-12,5013,4700,9713,7776,8129,15905,19473,20018,39491,20019,18966,38985,15758,14981,30739,11746,10953,22699,7345,6404,13749,4245,4555,8800,2232,4407,6639,540,2091,2631,94147,95204,189351
2021-01-13,5029,4716,9745,7843,8231,16074,19661,20220,39881,20166,19104,39270,15858,15080,30938,11823,11026,22849,7392,6457,13849,4273,4574,8847,2243,4415,6658,541,2096,2637,94829,95919,190748
2021-01-14,5047,4727,9774,7913,8304,16217,19820,20413,40233,20300,19208,39508,15938,15160,31098,11896,11102,22998,7438,6496,13934,4297,4603,8900,2255,4423,6678,545,2097,2642,95449,96533,191982
2021-01-15,5061,4738,9799,8003,8367,16370,20006,20570,40576,20431,19314,39745,16038,15240,31278,11975,11189,23164,7488,6532,14020,4317,4628,8945,2264,4438,6702,545,2100,2645,96128,97116,193244
2021-01-16,5069,4749,9818,8073,8445,16518,20125,20704,40829,20533,19409,39942,16114,15324,31438,12023,11242,23265,7524,6560,14084,4338,4646,8984,2270,4448,6718,546,2105,2651,96615,97632,194247
2021-01-17,5074,4757,9831,8132,8502,16634,20239,20836,41075,20616,19489,40105,16180,15383,31563,12076,11290,23366,7566,6587,14153,4358,4652,9010,2276,4454,6730,547,2106,2653,97064,98056,195120
2021-01-18,5087,4770,9857,8207,8579,16786,20468,21022,41490,20749,19611,40360,16274,15468,31742,12157,11370,23527,7622,6634,14256,4385,4685,9070,2286,4471,6757,548,2108,2656,97783,98718,196501
2021-01-19,5102,4777,9879,8287,8673,16960,20625,21197,41822,20890,19710,40600,16360,15570,31930,12210,11430,23640,7666,6674,14340,4411,4709,9120,2298,4488,6786,548,2114,2662,98397,99342,197739
2021-01-20,5109,4784,9893,8376,8743,17119,20800,21361,42161,21008,19811,40819,16453,15671,32124,12282,11499,23781,7700,6726,14426,4433,4734,9167,2311,4509,6820,548,2119,2667,99020,99957,198977
2021-01-21,5119,4793,9912,8455,8810,17265,20930,21505,42435,21131,19923,41054,16552,15768,32320,12353,11581,23934,7742,6766,14508,4460,4760,9220,2320,4531,6851,552,2125,2677,99614,100562,200176
2021-01-22,5139,4803,9942,8523,8872,17395,21066,21663,42729,21229,20023,41252,16620,15848,32468,12415,11650,24065,7785,6794,14579,4480,4781,9261,2332,4541,6873,554,2128,2682,100143,101103,201246
2021-01-23,5146,4815,9961,8596,8944,17540,21173,21772,42945,21310,20083,41393,16670,15908,32578,12471,11713,24184,7814,6828,14642,4501,4810,9311,2336,4553,6889,556,2128,2684,100573,101554,202127
2021-01-24,5154,4829,9983,8667,9004,17671,21304,21857,43161,21395,20163,41558,16719,15966,32685,12511,11754,24265,7846,6854,14700,4522,4822,9344,2340,4559,6899,556,2128,2684,101014,101936,202950
2021-01-25,5165,4841,10006,8777,9121,17898,21462,22007,43469,21516,20251,41767,16817,16065,32882,12577,11812,24389,7899,6893,14792,4546,4853,9399,2348,4573,6921,559,2129,2688,101666,102545,204211
2021-01-26,5179,4856,10035,8883,9239,18122,21598,22149,43747,21615,20341,41956,16897,16155,33052,12649,11879,24528,7944,6928,14872,4569,4877,9446,2358,4594,6952,561,2138,2699,102253,103156,205409
2021-01-27,5186,4872,10058,8999,9331,18330,21712,22278,43990,21706,20418,42124,16967,16231,33198,12706,11927,24633,7986,6962,14948,4585,4893,9478,2366,4608,6974,562,2140,2702,102775,103660,206435
2021-01-28,5198,4882,10080,9078,9433,18511,21866,22401,44267,21810,20497,42307,17048,16317,33365,12769,11984,24753,8031,6999,15030,4598,4915,9513,2370,4621,6991,562,2144,2706,103330,104193,207523
2021-01-29,5218,4897,10115,9169,9533,18702,21972,22520,44492,21898,20597,42495,17125,16402,33527,12825,12061,24886,8060,7034,15094,4616,4940,9556,2376,4637,7013,565,2147,2712,103824,104768,208592
2021-01-30,5226,4903,10129,9289,9624,18913,22072,22624,44696,21961,20675,42636,17190,16469,33659,12863,12115,24978,8091,7068,15159,4628,4956,9584,2379,4646,7025,566,2149,2715,104265,105229,209494
2021-01-31,5229,4916,10145,9396,9722,19118,22162,22728,44890,22014,20742,42756,17265,16542,33807,12907,12164,25071,8119,7101,15220,4646,4968,9614,2382,4651,7033,566,2151,2717,104686,105685,210371
2021-02-01,5241,4931,10172,9501,9850,19351,22295,22855,45150,22106,20826,42932,17362,16629,33991,12974,12236,25210,8165,7148,15313,4677,5004,9681,2390,4664,7054,566,2155,2721,105277,106298,211575
2021-02-02,5249,4946,10195,9581,9943,19524,22409,22982,45391,22204,20929,43133,17437,16705,34142,13038,12298,25336,8212,7181,15393,4693,5020,9713,2398,4683,7081,566,2158,2724,105787,106845,212632
2021-02-03,5264,4960,10224,9665,10004,19669,22531,23095,45626,22292,21023,43315,17513,16781,34294,13104,12374,25478,8252,7228,15480,4717,5043,9760,2410,4697,7107,569,2158,2727,106317,107363,213680
2021-02-04,5269,4970,10239,9726,10069,19795,22630,23196,45826,22366,21107,43473,17591,16847,34438,13163,12441,25604,8297,7256,15553,4736,5066,9802,2420,4714,7134,569,2163,2732,106767,107829,214596
2021-02-05,5278,4979,10257,9781,10119,19900,22717,23297,46014,22451,21192,43643,17653,16924,34577,13209,12495,25704,8331,7281,15612,4754,5087,9841,2425,4722,7147,570,2167,2737,107169,108263,215432
2021-02-06,5287,4984,10271,9815,10157,19972,22797,23362,46159,22509,21257,43766,17705,16987,34692,13245,12537,25782,8355,7311,15666,4770,5104,9874,2432,4728,7160,570,2169,2739,107485,108596,216081
2021-02-07,5291,4989,10280,9846,10189,20035,22848,23418,46266,22565,21317,43882,17746,17018,34764,13284,12575,25859,8383,7343,15726,4790,5115,9905,2436,4738,7174,570,2171,2741,107759,108873,216632
2021-02-08,5302,5005,10307,9907,10238,20145,22935,23511,46446,22649,21400,44049,17839,17106,34945,13339,12640,25979,8434,7381,15815,4813,5150,9963,2442,4752,7194,572,2174,2746,108232,109357,217589
2021-02-09,5311,5010,10321,9952,10268,20220,23011,23584,46595,22726,21476,44202,17902,17163,35065,13380,12685,26065,8469,7410,15879,4823,5166,9989,2449,4761,7210,573,2175,2748,108596,109698,218294
2021-02-10,5328,5018,10346,9990,10310,20300,23085,23671,46756,22804,21564,44368,17968,17226,35194,13424,12728,26152,8502,7433,15935,4840,5185,10025,2454,4770,7224,574,2178,2752,108969,110083,219052
2021-02-11,5334,5028,10362,10019,10347,20366,23162,23750,46912,22872,21629,44501,18025,17279,35304,13462,12793,26255,8546,7470,16016,4861,5205,10066,2459,4772,7231,576,2183,2759,109316,110456,219772
2021-02-12,5344,5038,10382,10059,10388,20447,23224,23822,47046,22948,21698,44646,18089,17333,35422,13505,12831,26336,8573,7497,16070,4879,5222,10101,2470,4786,7256,578,2187,2765,109669,110802,220471
2021-02-13,5354,5041,10395,10089,10416,20505,23283,23879,47162,23007,21755,44762,18140,17383,35523,13544,12865,26409,8592,7516,16108,4897,5243,10140,2471,4794,7265,582,2189,2771,109959,111081,221040
2021-02-14,5360,5047,10407,10114,10444,20558,23316,23930,47246,23045,21814,44859,18194,17430,35624,13574,12896,26470,8617,7543,16160,4910,5261,10171,2476,4800,7276,582,2190,2772,110188,111355,221543
2021-02-15,5363,5053,10416,10144,10475,20619,23368,23990,47358,23098,21880,44978,18250,17485,35735,13609,12931,26540,8642,7562,16204,4917,5269,10186,2482,4806,7288,582,2194,2776,110455,111645,222100
2021-02-16,5372,5065,10437,10168,10510,20678,23417,24052,47469,23161,21934,45095,18298,17530,35828,13634,12966,26600,8666,7591,16257,4931,5291,10222,2490,4813,7303,583,2199,2782,110720,111951,222671
2021-02-17,5386,5073,10459,10204,10541,20745,23501,24155,47656,23254,22016,45270,18367,17596,35963,13692,13027,26719,8715,7621,16336,4951,5305,10256,2497,4825,7322,584,2201,2785,111151,112360,223511
2021-02-18,5393,5087,10480,10240,10568,20808,23604,24267,47871,23335,22109,45444,18422,17671,36093,13731,13083,26814,8754,7644,16398,4974,5319,10293,2501,4831,7332,585,2206,2791,111539,112785,224324
2021-02-19,5398,5093,10491,10283,10606,20889,23686,24353,48039,23446,22197,45643,18488,17731,36219,13767,13129,26896,8785,7669,16454,4992,5333,10325,2503,4838,7341,585,2206,2791,111933,113155,225088
2021-02-20,5405,5098,10503,10311,10627,20938,23752,24428,48180,23517,22250,45767,18531,17788,36319,13803,13170,26973,8815,7692,16507,5007,5350,10357,2507,4846,7353,586,2207,2793,112234,113456,225690
2021-02-21,5415,5102,10517,10334,10660,20994,23819,24487,48306,23576,22315,45891,18578,17829,36407,13832,13208,27040,8836,7724,16560,5017,5361,10378,2510,4850,7360,586,2211,2797,112503,113747,226250
2021-02-22,5425,5112,10537,10371,10692,21063,23902,24565,48467,23660,22381,46041,18633,17872,36505,13885,13241,27126,8854,7753,16607,5034,5377,10411,2513,4856,7369,588,2212,2800,112865,114061,226926
2021-02-23,5438,5123,10561,10399,10731,21130,24000,24644,48644,23735,22466,46201,18691,17919,36610,13926,13285,27211,8895,7778,16673,5048,5390,10438,2522,4864,7386,591,2212,2803,113245,114412,227657
2021-02-24,5453,5131,10584,10437,10767,21204,24081,24719,48800,23803,22521,46324,18743,17975,36718,13960,13338,27298,8922,7804,16726,5060,5409,10469,2525,4869,7394,591,2216,2807,113575,114749,228324
2021-02-25,5468,5146,10614,10473,10813,21286,24180,24824,49004,23877,22603,46480,18800,18050,36850,14013,13386,27399,8959,7825,16784,5075,5430,10505,2530,4877,7407,594,2220,2814,113969,115174,229143
2021-02-26,5476,5156,10632,10513,10843,21356,24241,24902,49143,23948,22653,46601,18839,18111,36950,14060,13433,27493,8984,7855,16839,5093,5456,10549,2535,4890,7425,596,2222,2818,114285,115521,229806
2021-02-27,5486,5159,10645,10533,10864,21397,24298,24970,49268,24003,22704,46707,18881,18170,37051,14101,13463,27564,9016,7875,16891,5100,5473,10573,2542,4895,7437,596,2223,2819,114556,115796,230352
2021-02-28,5494,5161,10655,10555,10882,21437,24335,25023,49358,24061,22754,46815,18919,18213,37132,14130,13483,27613,9034,7894,16928,5105,5482,10587,2544,4901,7445,596,2227,2823,114773,116020,230793
2021-03-01,5512,5181,10693,10595,10916,21511,24401,25100,49501,24164,22829,46993,18982,18281,37263,14181,13530,27711,9065,7920,16985,5120,5502,10622,2547,4916,7463,596,2229,2825,115163,116404,231567
2021-03-02,5527,5192,10719,10633,10949,21582,24471,25168,49639,24239,22908,47147,19032,18325,37357,14217,13577,27794,9097,7942,17039,5135,5513,10648,2552,4929,7481,596,2231,2827,115499,116734,232233
2021-03-03,5542,5202,10744,10677,10989,21666,24563,25245,49808,24316,22990,47306,19095,18377,37472,14254,13620,27874,9147,7969,17116,5149,5533,10682,2559,4941,7500,596,2234,2830,115898,117100,232998
2021-03-04,5559,5215,10774,10709,11032,21741,24641,25316,49957,24389,23049,47438,19161,18437,37598,14305,13663,27968,9185,8001,17186,5160,5547,10707,2561,4949,7510,596,2234,2830,116266,117443,233709
2021-03-05,5581,5223,10804,10769,11089,21858,24730,25408,50138,24464,23139,47603,19245,18495,37740,14361,13721,28082,9209,8030,17239,5176,5568,10744,2564,4959,7523,597,2237,2834,116696,117869,234565
2021-03-06,5586,5231,10817,10809,11142,21951,24780,25462,50242,24524,23191,47715,19296,18562,37858,14387,13761,28148,9243,8060,17303,5194,5572,10766,2569,4964,7533,597,2239,2836,116985,118184,235169
2021-03-07,5592,5245,10837,10843,11178,22021,24827,25513,50340,24581,23244,47825,19338,18607,37945,14431,13797,28228,9268,8088,17356,5201,5588,10789,2576,4967,7543,597,2240,2837,117254,118467,235721
2021-03-08,5609,5256,10865,10888,11205,22093,24911,25596,50507,24688,23322,48010,19419,18684,38103,14475,13857,28332,9315,8119,17434,5216,5608,10824,2587,4979,7566,598,2244,2842,117706,118870,236576
2021-03-09,5623,5276,10899,10939,11278,22217,24995,25670,50665,24766,23413,48179,19491,18765,38256,14542,13904,28446,9352,8150,17502,5238,5624,10862,2597,4988,7585,598,2246,2844,118141,119314,237455
2021-03-10,5643,5289,10932,10981,11333,22314,25060,25761,50821,24861,23482,48343,19542,18832,38374,14590,13965,28555,9384,8187,17571,5253,5650,10903,2601,4995,7596,598,2249,2847,118513,119743,238256
2021-03-11,5660,5311,10971,11029,11407,22436,25134,25866,51000,24951,23553,48504,19621,18899,38520,14639,14014,28653,9420,8214,17634,5269,5666,10935,2609,5007,7616,599,2250,2849,118931,120187,239118
2021-03-12,5679,5320,10999,11103,11475,22578,25214,25934,51148,25033,23626,48659,19698,18987,38685,14693,14074,28767,9447,8243,17690,5300,5690,10990,2615,5024,7639,600,2256,2856,119382,120629,240011
2021-03-13,5690,5329,11019,11153,11531,22684,25292,26000,51292,25094,23697,48791,19768,19052,38820,14735,14123,28858,9467,8270,17737,5314,5700,11014,2618,5027,7645,600,2259,2859,119731,120988,240719
2021-03-14,5699,5336,11035,11182,11586,22768,25354,26062,51416,25155,23754,48909,19816,19108,38924,14781,14172,28953,9499,8297,17796,5328,5714,11042,2623,5032,7655,600,2261,2861,120037,121322,241359
2021-03-15,5712,5358,11070,11233,11634,22867,25431,26127,51558,25255,23826,49081,19901,19170,39071,14863,14226,29089,9541,8335,17876,5359,5733,11092,2628,5042,7670,602,2270,2872,120525,121721,242246
2021-03-16,5727,5370,11097,11300,11691,22991,25523,26221,51744,25324,23906,49230,20004,19246,39250,14921,14280,29201,9567,8365,17932,5371,5745,11116,2636,5060,7696,605,2274,2879,120978,122158,243136
2021-03-17,5743,5388,11131,11371,11746,23117,25621,26319,51940,25420,23997,49417,20069,19317,39386,14961,14317,29278,9610,8400,18010,5392,5763,11155,2639,5066,7705,605,2276,2881,121431,122589,244020
2021-03-18,5764,5402,11166,11427,11802,23229,25714,26425,52139,25499,24092,49591,20134,19392,39526,15022,14366,29388,9641,8440,18081,5406,5798,11204,2644,5075,7719,605,2282,2887,121856,123074,244930
2021-03-19,5785,5422,11207,11485,11870,23355,25804,26540,52344,25598,24186,49784,20212,19483,39695,15069,14418,29487,9679,8481,18160,5432,5817,11249,2647,5089,7736,605,2282,2887,122316,123588,245904
2021-03-20,5792,5439,11231,11521,11916,23437,25872,26606,52478,25685,24255,49940,20287,19534,39821,15117,14461,29578,9712,8499,18211,5443,5832,11275,2650,5096,7746,605,2283,2888,122684,123921,246605
2021-03-21,5805,5455,11260,11563,11960,23523,25924,26666,52590,25765,24332,50097,20354,19594,39948,15150,14507,29657,9748,8533,18281,5465,5856,11321,2654,5105,7759,606,2283,2889,123034,124291,247325
2021-03-22,5825,5475,11300,11626,12026,23652,26051,26784,52835,25890,24462,50352,20447,19695,40142,15235,14580,29815,9789,8571,18360,5485,5875,11360,2660,5118,7778,607,2289,2896,123615,124875,248490
2021-03-23,5846,5488,11334,11689,12116,23805,26178,26921,53099,26025,24585,50610,20555,19802,40357,15323,14649,29972,9845,8632,18477,5510,5904,11414,2665,5133,7798,608,2293,2901,124244,125523,249767
2021-03-24,5867,5501,11368,11777,12201,23978,26304,27069,53373,26151,24703,50854,20675,19905,40580,15410,14736,30146,9899,8676,18575,5538,5931,11469,2674,5138,7812,610,2298,2908,124905,126158,251063
2021-03-25,5887,5523,11410,11866,12291,24157,26484,27245,53729,26295,24860,51155,20795,20030,40825,15499,14842,30341,9950,8732,18682,5572,5961,11533,2688,5152,7840,610,2301,2911,125646,126937,252583
2021-03-26,5921,5548,11469,11973,12382,24355,26663,27456,54119,26441,25012,51453,20947,20167,41114,15591,14944,30535,10001,8789,18790,5605,5994,11599,2699,5169,7868,610,2305,2915,126451,127766,254217
2021-03-27,5944,5569,11513,12049,12455,24504,26813,27608,54421,26567,25148,51715,21060,20300,41360,15675,15023,30698,10059,8843,18902,5630,6023,11653,2710,5181,7891,611,2307,2918,127118,128457,255575
2021-03-28,5965,5586,11551,12118,12544,24662,26945,27712,54657,26705,25274,51979,21183,20399,41582,15763,15103,30866,10108,8889,18997,5663,6049,11712,2717,5190,7907,612,2309,2921,127779,129055,256834
2021-03-29,6006,5617,11623,12231,12656,24887,27158,27923,55081,26868,25478,52346,21334,20542,41876,15908,15214,31122,10200,8939,19139,5707,6085,11792,2721,5202,7923,614,2314,2928,128747,129970,258717
2021-03-30,6028,5648,11676,12349,12770,25119,27400,28185,55585,27087,25677,52764,21516,20703,42219,16029,15341,31370,10278,8998,19276,5738,6134,11872,2732,5224,7956,620,2318,2938,129777,130998,260775
2021-03-31,6063,5680,11743,12477,12895,25372,27690,28459,56149,27313,25880,53193,21718,20873,42591,16146,15473,31619,10349,9061,19410,5768,6167,11935,2744,5242,7986,621,2324,2945,130889,132054,262943
2021-04-01,6085,5703,11788,12627,13066,25693,27991,28734,56725,27529,26098,53627,21864,21049,42913,16294,15595,31889,10431,9145,19576,5802,6197,11999,2754,5249,8003,624,2326,2950,132001,133162,265163
2021-04-02,6111,5734,11845,12756,13236,25992,28177,28933,57110,27728,26274,54002,22024,21198,43222,16406,15699,32105,10502,9204,19706,5837,6237,12074,2760,5261,8021,626,2327,2953,132927,134103,267030
2021-04-03,6134,5759,11893,12876,13348,26224,28367,29126,57493,27939,26482,54421,22203,21374,43577,16535,15825,32360,10576,9280,19856,5875,6278,12153,2774,5274,8048,629,2333,2962,133908,135079,268987
2021-04-04,6166,5781,11947,12996,13474,26470,28584,29338,57922,28147,26668,54815,22393,21534,43927,16661,15938,32599,10652,9351,20003,5908,6316,12224,2778,5286,8064,631,2336,2967,134916,136022,270938
2021-04-05,6210,5830,12040,13191,13671,26862,28936,29694,58630,28454,27017,55471,22631,21800,44431,16863,16138,33001,10776,9458,20234,5958,6377,12335,2792,5309,8101,631,2342,2973,136442,137636,274078
2021-04-06,6257,5871,12128,13355,13864,27219,29322,30029,59351,28788,27340,56128,22877,22065,44942,17057,16330,33387,10888,9550,20438,6003,6426,12429,2813,5322,8135,635,2348,2983,137995,139145,277140
2021-04-07,6301,5931,12232,13569,14083,27652,29716,30432,60148,29154,27616,56770,23140,22334,45474,17244,16504,33748,10994,9656,20650,6049,6470,12519,2831,5341,8172,638,2353,2991,139636,140720,280356
2021-04-08,6348,5988,12336,13765,14265,28030,30080,30810,60890,29460,27936,57396,23378,22603,45981,17449,16686,34135,11085,9751,20836,6100,6517,12617,2849,5364,8213,640,2356,2996,141154,142276,283430
2021-04-09,6414,6044,12458,13943,14438,28381,30381,31166,61547,29773,28239,58012,23614,22846,46460,17583,16859,34442,11164,9841,21005,6138,6555,12693,2866,5380,8246,644,2363,3007,142520,143731,286251
2021-04-10,6461,6079,12540,14101,14598,28699,30613,31469,62082,29995,28491,58486,23817,23050,46867,17713,17003,34716,11265,9927,21192,6176,6586,12762,2880,5401,8281,646,2367,3013,143667,144971,288638
2021-04-11,6491,6113,12604,14221,14762,28983,30795,31645,62440,30221,28724,58945,24004,23249,47253,17846,17131,34977,11363,10012,21375,6226,6636,12862,2887,5415,8302,648,2374,3022,144702,146061,290763
2021-04-12,6565,6163,12728,14399,14954,29353,31105,31949,63054,30565,28992,59557,24242,23516,47758,18050,17321,35371,11511,10138,21649,6299,6700,12999,2901,5440,8341,651,2379,3030,146288,147552,293840
2021-04-13,6618,6205,12823,14566,15113,29679,31404,32269,63673,30863,29286,60149,24507,23768,48275,18240,17513,35753,11640,10243,21883,6356,6762,13118,2920,5465,8385,656,2386,3042,147770,149010,296780
2021-04-14,6659,6275,12934,14757,15290,30047,31725,32630,64355,31179,29575,60754,24788,24056,48844,18466,17702,36168,11762,10380,22142,6426,6821,13247,2930,5487,8417,659,2395,3054,149351,150611,299962
2021-04-15,6716,6323,13039,14908,15432,30340,31982,32903,64885,31438,29845,61283,25034,24280,49314,18672,17872,36544,11882,10496,22378,6491,6880,13371,2943,5509,8452,662,2400,3062,150728,151940,302668
2021-04-16,6768,6374,13142,15068,15580,30648,32238,33220,65458,31745,30157,61902,25343,24554,49897,18885,18045,36930,12034,10625,22659,6545,6947,13492,2963,5531,8494,664,2407,3071,152253,153440,305693
2021-04-17,6808,6407,13215,15187,15714,30901,32461,33510,65971,31990,30422,62412,25572,24759,50331,19054,18200,37254,12147,10739,22886,6613,7019,13632,2973,5555,8528,667,2416,3083,153472,154741,308213
2021-04-18,6848,6452,13300,15292,15825,31117,32646,33706,66352,32225,30643,62868,25788,24955,50743,19243,18335,37578,12238,10838,23076,6671,7057,13728,2986,5571,8557,668,2423,3091,154605,155805,310410
2021-04-19,6905,6510,13415,15435,15972,31407,32963,34033,66996,32595,30978,63573,26079,25281,51360,19458,18539,37997,12399,10971,23370,6743,7116,13859,3001,5595,8596,668,2429,3097,156246,157424,313670
2021-04-20,6980,6575,13555,15582,16126,31708,33242,34339,67581,32934,31328,64262,26377,25549,51926,19681,18732,38413,12545,11103,23648,6800,7176,13976,3021,5630,8651,672,2433,3105,157834,158991,316825
2021-04-21,7032,6621,13653,15739,16288,32027,33519,34661,68180,33256,31642,64898,26681,25824,52505,19874,18927,38801,12679,11229,23908,6865,7242,14107,3048,5663,8711,675,2442,3117,159368,160539,319907
2021-04-22,7101,6681,13782,15883,16462,32345,33749,34910,68659,33550,31920,65470,26928,26062,52990,20046,19108,39154,12793,11352,24145,6926,7300,14226,3064,5688,8752,680,2451,3131,160720,161934,322654
2021-04-23,7169,6736,13905,16036,16623,32659,34022,35171,69193,33864,32224,66088,27184,26349,53533,20231,19293,39524,12906,11455,24361,6968,7369,14337,3082,5713,8795,682,2461,3143,162144,163394,325538
2021-04-24,7208,6768,13976,16127,16723,32850,34197,35361,69558,34065,32430,66495,27400,26556,53956,20399,19419,39818,12999,11533,24532,7005,7408,14413,3092,5741,8833,682,2471,3153,163174,164410,327584
2021-04-25,7256,6805,14061,16205,16815,33020,34352,35533,69885,34262,32622,66884,27576,26746,54322,20558,19549,40107,13083,11614,24697,7040,7448,14488,3101,5759,8860,683,2472,3155,164116,165363,329479
2021-04-26,7323,6850,14173,16308,16953,33261,34575,35780,70355,34563,32890,67453,27830,27004,54834,20744,19713,40457,13204,11721,24925,7085,7519,14604,3116,5785,8901,686,2477,3163,165434,166692,332126
2021-04-27,7384,6916,14300,16439,17089,33528,34791,36034,70825,34841,33182,68023,28043,27269,55312,20898,19872,40770,13315,11823,25138,7150,7582,14732,3139,5809,8948,691,2480,3171,166691,168056,334747
2021-04-28,7469,6968,14437,16586,17218,33804,35000,36246,71246,35113,33440,68553,28266,27508,55774,21069,20051,41120,13430,11927,25357,7209,7627,14836,3151,5832,8983,694,2486,3180,167987,169303,337290
2021-04-29,7520,7022,14542,16730,17363,34093,35241,36493,71734,35337,33721,69058,28495,27727,56222,21222,20219,41441,13536,12031,25567,7258,7685,14943,3168,5852,9020,696,2489,3185,169203,170602,339805
2021-04-30,7594,7085,14679,16860,17495,34355,35447,36743,72190,35564,33997,69561,28733,27946,56679,21386,20382,41768,13644,12168,25812,7313,7742,15055,3183,5869,9052,700,2497,3197,170424,171924,342348
2021-05-01,7638,7117,14755,16943,17573,34516,35593,36896,72489,35730,34173,69903,28881,28111,56992,21504,20493,41997,13740,12248,25988,7346,7782,15128,3189,5890,9079,700,2503,3203,171264,172786,344050
2021-05-02,7668,7152,14820,17024,17654,34678,35712,37045,72757,35880,34360,70240,29046,28273,57319,21626,20623,42249,13828,12325,26153,7379,7826,15205,3197,5908,9105,701,2508,3209,172061,173674,345735
2021-05-03,7744,7213,14957,17146,17796,34942,35941,37303,73244,36181,34655,70836,29300,28534,57834,21807,20820,42627,13961,12436,26397,7428,7885,15313,3221,5938,9159,707,2518,3225,173436,175098,348534
2021-05-04,7795,7282,15077,17273,17919,35192,36175,37518,73693,36438,34906,71344,29523,28745,58268,21989,20972,42961,14083,12524,26607,7466,7937,15403,3241,5959,9200,709,2529,3238,174692,176291,350983
2021-05-05,7849,7340,15189,17388,18031,35419,36395,37726,74121,36676,35143,71819,29717,28954,58671,22135,21141,43276,14173,12614,26787,7495,7985,15480,3255,5982,9237,713,2538,3251,175796,177454,353250
2021-05-06,7902,7393,15295,17475,18130,35605,36565,37942,74507,36873,35342,72215,29885,29138,59023,22275,21257,43532,14260,12701,26961,7534,8027,15561,3261,6003,9264,714,2549,3263,176744,178482,355226
2021-05-07,7949,7455,15404,17606,18247,35853,36737,38149,74886,37075,35560,72635,30053,29320,59373,22408,21404,43812,14356,12801,27157,7575,8068,15643,3280,6023,9303,716,2556,3272,177755,179583,357338
2021-05-08,7985,7480,15465,17681,18335,36016,36887,38295,75182,37247,35718,72965,30193,29495,59688,22529,21518,44047,14422,12865,27287,7605,8097,15702,3292,6044,9336,722,2565,3287,178563,180412,358975
2021-05-09,8021,7521,15542,17750,18409,36159,37004,38414,75418,37383,35882,73265,30332,29643,59975,22621,21596,44217,14493,12936,27429,7633,8128,15761,3300,6059,9359,726,2574,3300,179263,181162,360425
2021-05-10,8076,7588,15664,17895,18540,36435,37232,38671,75903,37657,36155,73812,30581,29881,60462,22814,21792,44606,14600,13051,27651,7694,8181,15875,3319,6097,9416,730,2581,3311,180598,182537,363135
2021-05-11,8138,7647,15785,18027,18644,36671,37441,38914,76355,37923,36416,74339,30815,30123,60938,22970,21946,44916,14700,13142,27842,7740,8228,15968,3330,6124,9454,739,2592,3331,181823,183776,365599
2021-05-12,8199,7715,15914,18136,18759,36895,37674,39145,76819,38186,36663,74849,31043,30345,61388,23143,22120,45263,14792,13232,28024,7788,8278,16066,3346,6155,9501,746,2603,3349,183053,185015,368068
2021-05-13,8269,7745,16014,18248,18879,37127,37859,39337,77196,38399,36891,75290,31241,30543,61784,23292,22293,45585,14866,13311,28177,7829,8325,16154,3361,6173,9534,751,2612,3363,184115,186109,370224
2021-05-14,8342,7810,16152,18381,19027,37408,38083,39607,77690,38660,37189,75849,31503,30781,62284,23469,22468,45937,14957,13423,28380,7878,8383,16261,3379,6195,9574,752,2620,3372,185404,187503,372907
2021-05-15,8411,7852,16263,18488,19161,37649,38250,39782,78032,38852,37378,76230,31701,30969,62670,23616,22608,46224,15041,13490,28531,7908,8427,16335,3395,6219,9614,752,2626,3378,186414,188512,374926
2021-05-16,8447,7899,16346,18571,19247,37818,38388,39959,78347,39047,37576,76623,31892,31154,63046,23752,22715,46467,15118,13561,28679,7946,8466,16412,3403,6230,9633,755,2637,3392,187319,189444,376763
2021-05-17,8540,7966,16506,18747,19429,38176,38699,40255,78954,39389,37908,77297,32200,31498,63698,23980,22957,46937,15250,13672,28922,8009,8540,16549,3436,6268,9704,761,2650,3411,189011,191143,380154
2021-05-18,8629,8049,16678,18922,19568,38490,38989,40569,79558,39727,38220,77947,32461,31785,64246,24185,23176,47361,15361,13788,29149,8074,8593,16667,3454,6298,9752,763,2670,3433,190565,192716,383281
2021-05-19,8714,8126,16840,19097,19748,38845,39291,40903,80194,40036,38526,78562,32769,32066,64835,24388,23359,47747,15482,13882,29364,8121,8659,16780,3474,6328,9802,764,2677,3441,192136,194274,386410
2021-05-20,8787,8188,16975,19245,19914,39159,39583,41228,80811,40341,38836,79177,33017,32326,65343,24577,23517,48094,15575,13979,29554,8182,8716,16898,3488,6374,9862,767,2683,3450,193562,195761,389323
2021-05-21,8857,8259,17116,19395,20073,39468,39829,41518,81347,40609,39119,79728,33266,32589,65855,24772,23712,48484,15667,14071,29738,8216,8766,16982,3507,6407,9914,771,2691,3462,194889,197205,392094
2021-05-22,8912,8292,17204,19485,20182,39667,39990,41700,81690,40838,39326,80164,33434,32757,66191,24918,23862,48780,15752,14151,29903,8245,8805,17050,3521,6440,9961,774,2708,3482,195869,198223,394092
2021-05-23,8941,8328,17269,19578,20301,39879,40174,41858,82032,41030,39531,80561,33622,32913,66535,25078,23994,49072,15831,14198,30029,8276,8842,17118,3539,6463,10002,775,2713,3488,196844,199141,395985
2021-05-24,9000,8366,17366,19706,20446,40152,40404,42095,82499,41320,39816,81136,33901,33189,67090,25273,24166,49439,15939,14283,30222,8315,8888,17203,3561,6491,10052,777,2722,3499,198196,200462,398658
2021-05-25,9053,8414,17467,19820,20554,40374,40621,42335,82956,41596,40071,81667,34176,33442,67618,25432,24323,49755,16027,14352,30379,8346,8936,17282,3576,6519,10095,777,2729,3506,199424,201675,401099
2021-05-26,9119,8487,17606,19969,20701,40670,40908,42638,83546,41931,40375,82306,34455,33732,68187,25658,24520,50178,16136,14466,30602,8403,8997,17400,3598,6561,10159,780,2744,3524,200957,203221,404178
2021-05-27,9196,8550,17746,20093,20839,40932,41156,42905,84061,42233,40676,82909,34727,33998,68725,25860,24696,50556,16239,14560,30799,8453,9048,17501,3619,6596,10215,783,2758,3541,202359,204626,406985
2021-05-28,9261,8606,17867,20257,20989,41246,41400,43163,84563,42478,40983,83461,34984,34233,69217,26042,24859,50901,16331,14662,30993,8492,9095,17587,3636,6638,10274,789,2766,3555,203670,205994,409664
2021-05-29,9322,8660,17982,20355,21086,41441,41556,43365,84921,42677,41178,83855,35150,34422,69572,26148,24998,51146,16414,14736,31150,8529,9135,17664,3651,6654,10305,790,2776,3566,204592,207010,411602
2021-05-30,9351,8693,18044,20441,21164,41605,41696,43527,85223,42821,41333,84154,35310,34587,69897,26230,25102,51332,16461,14785,31246,8552,9168,17720,3663,6672,10335,790,2777,3567,205315,207808,413123
2021-05-31,9413,8761,18174,20557,21294,41851,41903,43747,85650,43052,41599,84651,35510,34838,70348,26389,25269,51658,16542,14877,31419,8597,9221,17818,3684,6697,10381,791,2788,3579,206438,209091,415529
2021-06-01,9459,8817,18276,20666,21411,42077,42110,43954,86064,43283,41810,85093,35700,35046,70746,26531,25401,51932,16616,14955,31571,8635,9267,17902,3699,6726,10425,797,2797,3594,207496,210184,417680
2021-06-02,9502,8860,18362,20776,21503,42279,42254,44129,86383,43459,41989,85448,35843,35212,71055,26649,25514,52163,16681,15020,31701,8677,9311,17988,3715,6756,10471,803,2804,3607,208359,211098,419457
2021-06-03,9556,8911,18467,20880,21610,42490,42432,44319,86751,43640,42185,85825,35997,35376,71373,26754,25643,52397,16739,15075,31814,8715,9356,18071,3727,6777,10504,806,2814,3620,209246,212066,421312
2021-06-04,9618,8971,18589,20976,21733,42709,42600,44504,87104,43838,42363,86201,36153,35535,71688,26864,25775,52639,16798,15138,31936,8751,9394,18145,3736,6802,10538,808,2823,3631,210142,213038,423180
2021-06-05,9651,9009,18660,21051,21808,42859,42727,44606,87333,43972,42494,86466,36287,35664,71951,26955,25859,52814,16858,15182,32040,8770,9425,18195,3752,6836,10588,814,2835,3649,210837,213718,424555
2021-06-06,9693,9043,18736,21122,21871,42993,42824,44723,87547,44105,42613,86718,36429,35791,72220,27029,25942,52971,16900,15224,32124,8798,9454,18252,3760,6856,10616,818,2842,3660,211478,214359,425837
2021-06-07,9740,9092,18832,21227,21968,43195,43022,44908,87930,44287,42830,87117,36611,35993,72604,27165,26080,53245,16964,15278,32242,8833,9505,18338,3791,6878,10669,820,2852,3672,212460,215384,427844
2021-06-08,9790,9144,18934,21341,22061,43402,43194,45041,88235,44432,43005,87437,36779,36164,72943,27281,26191,53472,17014,15337,32351,8867,9540,18407,3803,6901,10704,822,2859,3681,213323,216243,429566
2021-06-09,9843,9185,19028,21434,22169,43603,43350,45183,88533,44597,43164,87761,36938,36303,73241,27388,26299,53687,17072,15386,32458,8904,9560,18464,3832,6918,10750,823,2865,3688,214181,217032,431213
2021-06-10,9893,9237,19130,21539,22289,43828,43531,45362,88893,44775,43334,88109,37114,36469,73583,27503,26410,53913,17125,15442,32567,8938,9592,18530,3844,6941,10785,827,2870,3697,215089,217946,433035
2021-06-11,9948,9279,19227,21628,22376,44004,43692,45511,89203,44939,43492,88431,37243,36632,73875,27605,26514,54119,17187,15502,32689,8968,9624,18592,3858,6969,10827,830,2879,3709,215898,218778,434676
2021-06-12,9985,9317,19302,21686,22437,44123,43779,45611,89390,45049,43596,88645,37338,36729,74067,27670,26578,54248,17219,15536,32755,8993,9643,18636,3862,6981,10843,833,2886,3719,216414,219314,435728
2021-06-13,10029,9358,19387,21738,22509,44247,43876,45719,89595,45156,43725,88881,37441,36821,74262,27742,26637,54379,17256,15574,32830,9014,9665,18679,3874,7004,10878,834,2892,3726,216960,219904,436864
2021-06-14,10082,9415,19497,21826,22613,44439,44036,45880,89916,45356,43951,89307,37626,36970,74596,27833,26723,54556,17313,15642,32955,9041,9710,18751,3884,7033,10917,837,2898,3735,217834,220835,438669
2021-06-15,10130,9450,19580,21917,22693,44610,44182,46024,90206,45516,44095,89611,37756,37114,74870,27928,26819,54747,17369,15689,33058,9072,9751,18823,3897,7056,10953,841,2915,3756,218608,221606,440214
2021-06-16,10174,9497,19671,21977,22777,44754,44318,46160,90478,45653,44244,89897,37899,37245,75144,28015,26892,54907,17415,15736,33151,9098,9766,18864,3903,7066,10969,845,2920,3765,219297,222303,441600
2021-06-17,10209,9533,19742,22064,22853,44917,44435,46277,90712,45792,44389,90181,38021,37395,75416,28098,26969,55067,17470,15799,33269,9136,9804,18940,3918,7092,11010,846,2927,3773,219989,223038,443027
2021-06-18,10246,9578,19824,22135,22926,45061,44554,46402,90956,45919,44511,90430,38118,37506,75624,28173,27041,55214,17510,15847,33357,9161,9837,18998,3920,7111,11031,849,2931,3780,220585,223690,444275
2021-06-19,10283,9616,19899,22189,22977,45166,44621,46476,91097,46018,44606,90624,38193,37597,75790,28234,27095,55329,17536,15878,33414,9183,9862,19045,3926,7121,11047,850,2932,3782,221033,224160,445193
2021-06-20,10301,9633,19934,22240,23026,45266,44684,46555,91239,46111,44700,90811,38264,37676,75940,28291,27140,55431,17556,15899,33455,9193,9873,19066,3932,7130,11062,853,2934,3787,221425,224566,445991
2021-06-21,10337,9667,20004,22306,23079,45385,44778,46647,91425,46222,44848,91070,38358,37770,76128,28342,27212,55554,17591,15929,33520,9213,9893,19106,3934,7141,11075,854,2939,3793,221935,225125,447060
2021-06-22,10394,9723,20117,22396,23174,45570,44910,46808,91718,46397,45042,91439,38511,37920,76431,28431,27292,55723,17651,15982,33633,9243,9920,19163,3944,7155,11099,854,2941,3795,222731,225957,448688
2021-06-23,10444,9769,20213,22482,23260,45742,45055,46934,91989,46529,45181,91710,38647,38040,76687,28517,27368,55885,17700,16018,33718,9268,9944,19212,3953,7164,11117,854,2944,3798,223449,226622,450071
2021-06-24,10496,9807,20303,22556,23352,45908,45189,47085,92274,46703,45356,92059,38770,38177,76947,28605,27460,56065,17743,16069,33812,9295,9979,19274,3960,7181,11141,859,2947,3806,224176,227413,451589
2021-06-25,10547,9866,20413,22660,23442,46102,45304,47261,92565,46872,45527,92399,38887,38311,77198,28686,27540,56226,17791,16134,33925,9317,10015,19332,3966,7201,11167,861,2953,3814,224891,228250,453141
2021-06-26,10581,9901,20482,22732,23505,46237,45383,47359,92742,46989,45615,92604,38979,38407,77386,28742,27611,56353,17822,16158,33980,9338,10036,19374,3972,7213,11185,862,2960,3822,225400,228765,454165
2021-06-27,10612,9931,20543,22776,23565,46341,45474,47438,92912,47074,45706,92780,39059,38489,77548,28785,27655,56440,17853,16188,34041,9348,10051,19399,3974,7220,11194,863,2963,3826,225818,229206,455024
2021-06-28,10662,9981,20643,22843,23640,46483,45589,47550,93139,47207,45847,93054,39179,38617,77796,28845,27719,56564,17905,16222,34127,9369,10073,19442,3982,7232,11214,863,2969,3832,226444,229850,456294
2021-06-29,10699,10026,20725,22923,23709,46632,45680,47654,93334,47338,45969,93307,39270,38727,77997,28907,27773,56680,17939,16271,34210,9394,10099,19493,3989,7246,11235,865,2974,3839,227004,230448,457452
2021-06-30,10742,10071,20813,23007,23786,46793,45786,47785,93571,47461,46091,93552,39356,38837,78193,28966,27834,56800,17969,16308,34277,9417,10126,19543,3998,7257,11255,866,2976,3842,227568,231071,458639
2021-07-01,10775,10097,20872,23087,23861,46948,45900,47912,93812,47578,46214,93792,39449,38939,78388,29039,27904,56943,18005,16351,34356,9439,10144,19583,4004,7266,11270,866,2978,3844,228142,231666,459808
2021-07-02,10815,10135,20950,23169,23938,47107,45990,48010,94000,47701,46340,94041,39557,39039,78596,29098,27959,57057,18038,16388,34426,9459,10168,19627,4009,7274,11283,866,2981,3847,228702,232232,460934
2021-07-03,10848,10158,21006,23219,23994,47213,46062,48096,94158,47776,46427,94203,39653,39100,78753,29139,28009,57148,18070,16418,34488,9470,10181,19651,4014,7281,11295,866,2982,3848,229117,232646,461763
2021-07-04,10873,10172,21045,23255,24039,47294,46141,48150,94291,47853,46487,94340,39714,39154,78868,29176,28058,57234,18094,16438,34532,9485,10196,19681,4019,7285,11304,866,2986,3852,229476,232965,462441
2021-07-05,10916,10208,21124,23324,24107,47431,46248,48253,94501,47992,46602,94594,39824,39253,79077,29238,28122,57360,18131,16477,34608,9514,10217,19731,4025,7295,11320,868,2988,3856,230080,233522,463602
2021-07-06,10960,10251,21211,23400,24161,47561,46348,48371,94719,48113,46718,94831,39923,39350,79273,29288,28165,57453,18171,16516,34687,9543,10241,19784,4032,7306,11338,871,2990,3861,230649,234069,464718
2021-07-07,10996,10284,21280,23462,24221,47683,46450,48461,94911,48216,46825,95041,40008,39433,79441,29336,28209,57545,18197,16539,34736,9562,10260,19822,4044,7311,11355,872,2990,3862,231143,234533,465676
2021-07-08,11039,10317,21356,23535,24298,47833,46572,48578,95150,48339,46957,95296,40108,39518,79626,29383,28282,57665,18230,16568,34798,9578,10280,19858,4048,7317,11365,874,2992,3866,231706,235107,466813
2021-07-09,11071,10337,21408,23594,24355,47949,46654,48659,95313,48416,47032,95448,40173,39594,79767,29417,28325,57742,18251,16590,34841,9590,10291,19881,4050,7320,11370,875,2993,3868,232091,235496,467587
2021-07-10,11092,10357,21449,23640,24403,48043,46727,48730,95457,48489,47108,95597,40243,39669,79912,29460,28377,57837,18275,16620,34895,9611,10311,19922,4054,7328,11382,877,2994,3871,232468,235897,468365
2021-07-11,11103,10382,21485,23685,24445,48130,46782,48792,95574,48566,47178,95744,40295,39725,80020,29495,28405,57900,18297,16637,34934,9621,10325,19946,4056,7331,11387,877,2994,3871,232777,236214,468991
2021-07-12,11122,10398,21520,23724,24485,48209,46849,48863,95712,48642,47252,95894,40354,39781,80135,29532,28447,57979,18317,16658,34975,9636,10339,19975,4058,7334,11392,877,2995,3872,233111,236552,469663
2021-07-13,11125,10399,21524,23737,24495,48232,46858,48882,95740,48657,47269,95926,40365,39794,80159,29539,28452,57991,18322,16662,34984,9638,10342,19980,4058,7334,11392,877,2995,3872,233176,236624,469800
