FECHA,<=10M,<=10F,<=10,11-20M,11-20F,11-20,21-30M,21-30F,21-30,31-40M,31-40F,31-40,41-50M,41-50F,41-50,51-60M,51-60F,51-60,61-70M,61-70F,61-70,71-80M,71-80F,71-80,81-90M,81-90F,81-90,>=91M,>=91F,>=91,TotalM,TotalF,Total
2020-03-15,1,0,1,1,1,2,0,2,2,2,1,3,1,1,2,1,0,1,1,1,2,1,0,1,0,0,0,0,0,0,8,6,14
2020-03-16,2,3,5,2,2,4,1,5,6,3,2,5,1,3,4,4,1,5,3,4,7,1,0,1,0,0,0,0,0,0,17,20,37
2020-03-17,3,7,10,3,3,6,3,6,9,4,4,8,3,7,10,4,3,7,5,6,11,3,2,5,1,0,1,0,0,0,29,38,67
2020-03-18,6,8,14,4,3,7,4,6,10,6,5,11,4,10,14,5,4,9,5,8,13,4,2,6,2,0,2,0,0,0,40,46,86
2020-03-19,9,9,18,4,3,7,8,8,16,9,7,16,6,11,17,5,4,9,6,9,15,5,3,8,2,0,2,1,0,1,55,54,109
2020-03-20,10,10,20,5,3,8,10,8,18,10,10,20,6,12,18,5,5,10,7,10,17,7,5,12,3,0,3,1,0,1,64,63,127
2020-03-21,11,10,21,7,4,11,12,10,22,14,11,25,8,13,21,6,5,11,9,12,21,8,6,14,4,0,4,2,0,2,81,71,152
2020-03-22,14,11,25,7,4,11,16,12,28,14,11,25,9,13,22,8,6,14,9,13,22,10,7,17,7,2,9,2,1,3,96,80,176
2020-03-23,18,12,30,8,6,14,18,14,32,17,14,31,11,16,27,10,8,18,11,15,26,15,10,25,10,5,15,2,3,5,120,103,223
2020-03-24,20,13,33,8,6,14,20,16,36,20,16,36,11,19,30,12,10,22,11,16,27,17,10,27,12,6,18,3,3,6,134,115,249
2020-03-25,21,17,38,8,8,16,22,18,40,22,22,44,12,20,32,13,13,26,14,17,31,19,12,31,14,11,25,5,3,8,150,141,291
2020-03-26,25,20,45,10,10,20,24,20,44,26,25,51,15,24,39,17,15,32,15,21,36,23,15,38,19,11,30,7,4,11,181,165,346
2020-03-27,28,23,51,10,11,21,25,22,47,32,26,58,17,30,47,19,18,37,18,25,43,29,20,49,22,14,36,9,9,18,209,198,407
2020-03-28,30,24,54,10,11,21,28,24,52,34,29,63,18,31,49,23,20,43,22,25,47,33,27,60,25,15,40,9,9,18,232,215,447
2020-03-29,32,24,56,12,12,24,30,27,57,37,31,68,20,34,54,24,20,44,27,28,55,37,29,66,29,16,45,11,10,21,259,231,490
2020-03-30,35,26,61,12,12,24,31,33,64,45,33,78,24,38,62,27,22,49,34,30,64,40,34,74,33,17,50,14,12,26,295,257,552
2020-03-31,44,30,74,13,13,26,38,35,73,56,38,94,29,42,71,31,23,54,40,33,73,47,37,84,34,20,54,18,12,30,350,283,633
2020-04-01,55,40,95,14,15,29,45,39,84,66,40,106,42,49,91,36,32,68,44,36,80,53,41,94,40,25,65,18,13,31,413,330,743
2020-04-02,65,49,114,16,19,35,49,46,95,72,47,119,45,57,102,39,45,84,53,41,94,61,47,108,45,32,77,21,16,37,466,399,865
2020-04-03,86,58,144,20,23,43,56,53,109,79,58,137,55,68,123,42,52,94,61,46,107,68,51,119,51,38,89,22,21,43,540,468,1008
2020-04-04,97,72,169,23,27,50,59,60,119,84,70,154,64,72,136,49,52,101,67,49,116,70,56,126,55,40,95,23,24,47,591,522,1113
2020-04-05,106,82,188,28,32,60,67,62,129,92,74,166,72,78,150,53,58,111,69,60,129,76,64,140,58,44,102,25,26,51,646,580,1226
2020-04-06,118,91,209,32,35,67,76,68,144,105,80,185,83,82,165,64,64,128,77,69,146,85,69,154,65,48,113,26,29,55,731,635,1366
2020-04-07,130,101,231,35,40,75,82,72,154,113,88,201,88,89,177,74,67,141,80,73,153,94,77,171,71,59,130,28,30,58,795,696,1491
2020-04-08,141,111,252,39,43,82,87,80,167,119,91,210,96,94,190,83,73,156,89,82,171,105,82,187,72,63,135,31,34,65,862,753,1615
2020-04-09,146,117,263,42,46,88,91,88,179,135,100,235,100,103,203,91,80,171,96,87,183,112,92,204,77,71,148,35,39,74,925,823,1748
2020-04-10,166,121,287,46,49,95,94,93,187,140,104,244,110,104,214,95,87,182,103,88,191,113,102,215,82,80,162,36,42,78,985,870,1855
2020-04-11,176,128,304,51,53,104,101,99,200,150,108,258,117,108,225,98,92,190,107,93,200,120,105,225,85,88,173,37,45,82,1042,919,1961
2020-04-12,186,136,322,54,53,107,104,104,208,159,112,271,121,115,236,108,96,204,110,97,207,124,114,238,89,92,181,37,47,84,1092,966,2058
2020-04-13,195,148,343,62,57,119,116,114,230,166,123,289,128,122,250,113,102,215,119,105,224,129,123,252,96,102,198,40,52,92,1164,1048,2212
2020-04-14,212,154,366,66,58,124,126,121,247,174,129,303,136,131,267,125,111,236,125,111,236,139,128,267,103,107,210,43,56,99,1249,1106,2355
2020-04-15,221,161,382,70,65,135,132,128,260,181,137,318,144,145,289,130,124,254,135,117,252,149,133,282,110,113,223,48,59,107,1320,1182,2502
2020-04-16,235,164,399,76,69,145,141,134,275,192,152,344,156,161,317,138,137,275,139,126,265,156,137,293,114,118,232,48,63,111,1395,1261,2656
2020-04-17,252,175,427,82,76,158,146,139,285,199,173,372,169,170,339,148,148,296,146,134,280,172,147,319,119,126,245,49,66,115,1482,1354,2836
2020-04-18,265,186,451,88,78,166,157,146,303,217,182,399,181,175,356,155,152,307,148,138,286,179,157,336,124,135,259,52,70,122,1566,1419,2985
2020-04-19,276,197,473,92,80,172,162,150,312,225,186,411,188,182,370,160,161,321,157,145,302,184,165,349,129,142,271,53,71,124,1626,1479,3105
2020-04-20,292,208,500,103,88,191,177,157,334,241,197,438,201,192,393,171,170,341,169,155,324,199,177,376,139,152,291,57,84,141,1749,1580,3329
2020-04-21,306,217,523,109,96,205,190,165,355,250,216,466,206,197,403,178,179,357,178,163,341,213,189,402,147,162,309,59,94,153,1836,1678,3514
2020-04-22,321,228,549,113,103,216,197,175,372,262,220,482,220,206,426,185,190,375,188,168,356,219,202,421,156,174,330,66,100,166,1927,1766,3693
2020-04-23,339,243,582,117,108,225,205,187,392,272,230,502,230,217,447,190,204,394,197,174,371,229,210,439,167,185,352,72,109,181,2018,1867,3885
2020-04-24,358,255,613,123,114,237,217,198,415,287,246,533,238,224,462,199,214,413,204,185,389,240,221,461,177,199,376,75,112,187,2118,1968,4086
2020-04-25,372,265,637,127,115,242,223,205,428,300,255,555,243,232,475,204,222,426,210,190,400,246,227,473,187,215,402,79,116,195,2191,2042,4233
2020-04-26,383,282,665,132,123,255,230,209,439,305,257,562,251,240,491,207,228,435,218,197,415,254,234,488,194,222,416,80,119,199,2254,2111,4365
2020-04-27,397,297,694,138,127,265,236,219,455,311,274,585,255,253,508,218,238,456,226,205,431,272,240,512,205,238,443,83,123,206,2341,2214,4555
2020-04-28,417,306,723,143,132,275,251,233,484,324,287,611,264,268,532,226,249,475,233,213,446,275,252,527,211,253,464,85,127,212,2429,2320,4749
2020-04-29,442,318,760,148,138,286,267,243,510,341,306,647,277,278,555,235,259,494,239,221,460,287,259,546,215,267,482,89,137,226,2540,2426,4966
2020-04-30,463,329,792,157,140,297,276,252,528,351,316,667,288,289,577,247,273,520,249,230,479,295,270,565,226,284,510,96,144,240,2648,2527,5175
2020-05-01,466,344,810,163,146,309,278,259,537,365,328,693,299,297,596,254,279,533,259,236,495,302,280,582,235,295,530,96,146,242,2717,2610,5327
2020-05-02,473,360,833,169,152,321,288,263,551,373,336,709,305,302,607,262,282,544,262,242,504,310,282,592,241,306,547,97,150,247,2780,2675,5455
2020-05-03,481,372,853,173,156,329,295,271,566,380,342,722,311,309,620,270,284,554,270,248,518,315,291,606,247,314,561,100,155,255,2842,2742,5584
2020-05-04,503,392,895,178,160,338,306,281,587,394,354,748,320,316,636,280,288,568,279,259,538,330,309,639,255,330,585,102,160,262,2947,2849,5796
2020-05-05,518,405,923,185,163,348,320,294,614,407,367,774,327,332,659,292,296,588,291,267,558,345,320,665,261,344,605,103,169,272,3049,2957,6006
2020-05-06,532,422,954,191,165,356,333,301,634,424,384,808,348,342,690,299,303,602,302,278,580,363,335,698,268,356,624,107,175,282,3167,3061,6228
2020-05-07,550,434,984,198,171,369,348,312,660,437,399,836,366,355,721,305,311,616,311,286,597,380,343,723,276,369,645,108,182,290,3279,3162,6441
2020-05-08,568,447,1015,206,177,383,362,320,682,451,417,868,382,370,752,322,318,640,322,297,619,392,353,745,286,381,667,111,194,305,3402,3274,6676
2020-05-09,588,459,1047,210,179,389,369,332,701,456,427,883,391,379,770,328,324,652,330,303,633,404,356,760,291,393,684,116,202,318,3483,3354,6837
2020-05-10,597,468,1065,212,183,395,379,342,721,463,434,897,398,389,787,331,330,661,339,309,648,412,369,781,296,405,701,117,207,324,3544,3436,6980
2020-05-11,616,487,1103,218,188,406,390,356,746,477,447,924,415,402,817,341,337,678,349,317,666,425,378,803,309,422,731,121,224,345,3661,3558,7219
2020-05-12,638,498,1136,226,198,424,421,379,800,500,462,962,424,419,843,347,342,689,358,326,684,434,388,822,318,436,754,126,237,363,3792,3685,7477
2020-05-13,666,516,1182,235,208,443,443,393,836,518,483,1001,440,426,866,358,352,710,367,337,704,443,397,840,326,451,777,127,245,372,3923,3808,7731
2020-05-14,689,546,1235,246,225,471,457,417,874,541,506,1047,454,436,890,368,368,736,379,349,728,453,407,860,337,466,803,129,259,388,4053,3979,8032
2020-05-15,709,569,1278,254,231,485,464,432,896,560,526,1086,463,456,919,381,374,755,389,357,746,460,413,873,345,486,831,134,268,402,4159,4112,8271
2020-05-16,723,587,1310,262,240,502,469,446,915,571,546,1117,471,468,939,388,382,770,397,363,760,469,420,889,351,492,843,138,281,419,4239,4225,8464
2020-05-17,745,600,1345,266,248,514,482,460,942,578,560,1138,480,480,960,393,385,778,405,370,775,476,425,901,362,505,867,141,284,425,4328,4317,8645
2020-05-18,767,625,1392,276,265,541,508,482,990,601,585,1186,493,501,994,413,397,810,420,384,804,493,438,931,379,518,897,142,295,437,4492,4490,8982
2020-05-19,789,645,1434,292,280,572,538,510,1048,639,615,1254,521,519,1040,434,411,845,438,396,834,506,460,966,391,540,931,146,305,451,4694,4681,9375
2020-05-20,819,687,1506,309,297,606,565,538,1103,685,641,1326,539,536,1075,449,424,873,459,413,872,518,471,989,403,556,959,152,310,462,4898,4873,9771
2020-05-21,858,722,1580,327,311,638,603,570,1173,713,680,1393,561,561,1122,468,438,906,473,419,892,532,479,1011,410,573,983,153,314,467,5098,5067,10165
2020-05-22,896,740,1636,344,331,675,637,602,1239,740,709,1449,584,582,1166,483,450,933,481,429,910,542,490,1032,418,590,1008,159,326,485,5284,5249,10533
2020-05-23,916,761,1677,361,348,709,666,628,1294,772,727,1499,596,600,1196,494,460,954,493,439,932,550,504,1054,427,596,1023,161,328,489,5436,5391,10827
2020-05-24,933,782,1715,372,357,729,684,643,1327,788,744,1532,609,605,1214,502,464,966,504,448,952,562,513,1075,433,609,1042,163,334,497,5550,5499,11049
2020-05-25,965,809,1774,393,384,777,706,675,1381,806,766,1572,630,618,1248,507,472,979,514,457,971,572,519,1091,443,623,1066,165,343,508,5701,5666,11367
2020-05-26,1007,846,1853,420,407,827,751,722,1473,857,808,1665,651,653,1304,521,494,1015,527,465,992,587,525,1112,453,637,1090,168,353,521,5942,5910,11852
2020-05-27,1055,888,1943,432,427,859,776,757,1533,887,837,1724,671,668,1339,540,513,1053,537,474,1011,595,539,1134,457,653,1110,172,355,527,6122,6111,12233
2020-05-28,1085,931,2016,452,441,893,813,800,1613,919,867,1786,697,698,1395,556,533,1089,546,489,1035,605,547,1152,471,671,1142,176,368,544,6320,6345,12665
2020-05-29,1126,966,2092,474,461,935,857,840,1697,950,913,1863,730,725,1455,571,554,1125,562,503,1065,623,562,1185,486,687,1173,177,372,549,6556,6583,13139
2020-05-30,1159,992,2151,490,475,965,895,866,1761,983,931,1914,748,747,1495,586,569,1155,572,510,1082,635,572,1207,493,698,1191,178,379,557,6739,6739,13478
2020-05-31,1187,1009,2196,505,487,992,911,881,1792,1004,943,1947,765,760,1525,591,581,1172,580,516,1096,646,578,1224,499,708,1207,178,387,565,6866,6850,13716
2020-06-01,1224,1041,2265,530,507,1037,944,930,1874,1032,985,2017,785,788,1573,609,599,1208,605,533,1138,657,587,1244,507,719,1226,182,390,572,7075,7079,14154
2020-06-02,1268,1075,2343,551,528,1079,983,961,1944,1061,1014,2075,804,809,1613,624,616,1240,618,544,1162,683,600,1283,516,737,1253,186,403,589,7294,7287,14581
2020-06-03,1308,1100,2408,567,563,1130,1015,990,2005,1093,1055,2148,826,838,1664,634,628,1262,638,559,1197,699,612,1311,527,753,1280,188,412,600,7495,7510,15005
2020-06-04,1347,1135,2482,586,591,1177,1054,1024,2078,1113,1087,2200,850,859,1709,663,646,1309,650,567,1217,722,625,1347,537,773,1310,190,421,611,7712,7728,15440
2020-06-05,1393,1176,2569,602,613,1215,1092,1055,2147,1148,1131,2279,886,888,1774,691,673,1364,668,581,1249,740,639,1379,551,793,1344,193,430,623,7964,7979,15943
2020-06-06,1425,1201,2626,620,625,1245,1112,1078,2190,1180,1162,2342,900,905,1805,706,686,1392,679,594,1273,753,647,1400,563,811,1374,194,439,633,8132,8148,16280
2020-06-07,1450,1225,2675,636,638,1274,1134,1101,2235,1199,1184,2383,920,915,1835,718,694,1412,688,599,1287,762,654,1416,575,822,1397,196,447,643,8278,8279,16557
2020-06-08,1485,1262,2747,660,662,1322,1180,1132,2312,1244,1229,2473,958,941,1899,738,715,1453,704,614,1318,778,669,1447,588,839,1427,199,454,653,8534,8517,17051
2020-06-09,1541,1299,2840,685,688,1373,1205,1179,2384,1282,1265,2547,990,966,1956,760,726,1486,716,625,1341,790,687,1477,601,869,1470,202,465,667,8772,8769,17541
2020-06-10,1569,1341,2910,701,706,1407,1251,1208,2459,1322,1306,2628,1028,990,2018,788,746,1534,738,640,1378,812,713,1525,606,889,1495,208,480,688,9023,9019,18042
2020-06-11,1611,1385,2996,716,728,1444,1289,1249,2538,1369,1346,2715,1050,1021,2071,807,775,1582,750,663,1413,828,732,1560,614,917,1531,212,495,707,9246,9311,18557
2020-06-12,1658,1431,3089,731,756,1487,1347,1294,2641,1417,1404,2821,1091,1065,2156,830,801,1631,779,683,1462,845,747,1592,620,939,1559,217,504,721,9535,9624,19159
2020-06-13,1694,1460,3154,756,777,1533,1385,1335,2720,1455,1442,2897,1104,1097,2201,853,822,1675,791,691,1482,858,755,1613,629,957,1586,219,510,729,9744,9846,19590
2020-06-14,1716,1493,3209,776,800,1576,1414,1357,2771,1475,1463,2938,1124,1111,2235,869,841,1710,802,697,1499,863,770,1633,643,976,1619,219,518,737,9901,10026,19927
2020-06-15,1756,1529,3285,805,825,1630,1451,1392,2843,1504,1495,2999,1144,1134,2278,883,854,1737,818,703,1521,875,782,1657,650,990,1640,221,528,749,10107,10232,20339
2020-06-16,1811,1592,3403,828,851,1679,1518,1445,2963,1557,1543,3100,1187,1162,2349,907,874,1781,833,717,1550,891,789,1680,663,1015,1678,224,541,765,10419,10529,20948
2020-06-17,1855,1642,3497,852,880,1732,1580,1490,3070,1604,1596,3200,1230,1195,2425,936,891,1827,849,733,1582,901,809,1710,682,1031,1713,226,550,776,10715,10817,21532
2020-06-18,1909,1690,3599,877,897,1774,1650,1549,3199,1662,1660,3322,1287,1224,2511,975,920,1895,869,754,1623,918,824,1742,696,1056,1752,229,561,790,11072,11135,22207
2020-06-19,1969,1728,3697,894,929,1823,1697,1603,3300,1737,1718,3455,1332,1270,2602,1021,953,1974,898,773,1671,938,843,1781,713,1076,1789,236,574,810,11435,11467,22902
2020-06-20,2003,1767,3770,916,952,1868,1734,1635,3369,1779,1756,3535,1359,1308,2667,1039,978,2017,918,788,1706,950,852,1802,720,1092,1812,240,579,819,11658,11707,23365
2020-06-21,2039,1792,3831,936,971,1907,1763,1671,3434,1804,1795,3599,1380,1322,2702,1056,988,2044,929,798,1727,961,859,1820,726,1101,1827,241,586,827,11835,11883,23718
2020-06-22,2093,1839,3932,967,1005,1972,1806,1729,3535,1862,1840,3702,1421,1362,2783,1085,1024,2109,947,822,1769,980,875,1855,732,1124,1856,243,598,841,12136,12218,24354
2020-06-23,2147,1890,4037,999,1037,2036,1867,1781,3648,1929,1892,3821,1464,1412,2876,1113,1065,2178,968,843,1811,992,890,1882,744,1141,1885,246,604,850,12469,12555,25024
2020-06-24,2197,1942,4139,1027,1064,2091,1925,1838,3763,1983,1951,3934,1510,1458,2968,1140,1105,2245,984,863,1847,1004,904,1908,759,1155,1914,248,608,856,12777,12888,25665
2020-06-25,2251,2004,4255,1066,1109,2175,1980,1887,3867,2032,1997,4029,1558,1498,3056,1181,1143,2324,998,880,1878,1016,920,1936,769,1167,1936,252,614,866,13103,13219,26322
2020-06-26,2304,2053,4357,1102,1137,2239,2048,1948,3996,2086,2052,4138,1602,1542,3144,1202,1181,2383,1023,905,1928,1029,936,1965,780,1188,1968,253,623,876,13429,13565,26994
2020-06-27,2370,2114,4484,1136,1182,2318,2088,2010,4098,2126,2095,4221,1636,1569,3205,1224,1198,2422,1042,914,1956,1032,949,1981,788,1195,1983,257,629,886,13699,13855,27554
2020-06-28,2416,2138,4554,1151,1204,2355,2110,2058,4168,2156,2140,4296,1659,1593,3252,1248,1216,2464,1053,921,1974,1041,959,2000,797,1208,2005,263,635,898,13894,14072,27966
2020-06-29,2464,2189,4653,1188,1252,2440,2167,2109,4276,2218,2193,4411,1695,1627,3322,1268,1254,2522,1078,932,2010,1056,977,2033,809,1227,2036,266,642,908,14209,14402,28611
2020-06-30,2499,2236,4735,1207,1284,2491,2234,2155,4389,2257,2250,4507,1738,1666,3404,1300,1287,2587,1103,943,2046,1074,988,2062,815,1246,2061,268,652,920,14495,14707,29202
2020-07-01,2548,2278,4826,1228,1323,2551,2301,2213,4514,2304,2300,4604,1775,1709,3484,1327,1320,2647,1123,962,2085,1091,1004,2095,824,1267,2091,271,659,930,14792,15035,29827
2020-07-02,2613,2339,4952,1261,1361,2622,2362,2281,4643,2358,2354,4712,1824,1752,3576,1358,1346,2704,1149,979,2128,1107,1023,2130,837,1281,2118,274,666,940,15143,15382,30525
2020-07-03,2676,2383,5059,1298,1388,2686,2416,2332,4748,2427,2421,4848,1857,1794,3651,1389,1375,2764,1170,994,2164,1120,1040,2160,850,1298,2148,277,670,947,15480,15695,31175
2020-07-04,2715,2422,5137,1320,1414,2734,2460,2387,4847,2461,2458,4919,1890,1825,3715,1414,1392,2806,1183,1007,2190,1132,1058,2190,857,1309,2166,280,677,957,15712,15949,31661
2020-07-05,2745,2461,5206,1345,1432,2777,2497,2427,4924,2496,2507,5003,1908,1857,3765,1432,1413,2845,1205,1028,2233,1149,1073,2222,867,1327,2194,284,684,968,15928,16209,32137
2020-07-06,2783,2499,5282,1370,1453,2823,2554,2488,5042,2566,2552,5118,1952,1909,3861,1472,1444,2916,1232,1058,2290,1171,1103,2274,878,1359,2237,287,697,984,16265,16562,32827
2020-07-07,2841,2570,5411,1404,1489,2893,2618,2555,5173,2642,2608,5250,1991,1953,3944,1507,1480,2987,1251,1076,2327,1185,1116,2301,887,1382,2269,294,709,1003,16620,16938,33558
2020-07-08,2892,2607,5499,1439,1524,2963,2681,2613,5294,2695,2672,5367,2046,2007,4053,1536,1518,3054,1272,1096,2368,1202,1138,2340,897,1399,2296,298,726,1024,16958,17300,34258
2020-07-09,2930,2635,5565,1461,1542,3003,2720,2654,5374,2749,2710,5459,2085,2047,4132,1555,1536,3091,1284,1116,2400,1212,1161,2373,905,1416,2321,303,734,1037,17204,17551,34755
2020-07-10,2967,2663,5630,1486,1568,3054,2764,2702,5466,2791,2757,5548,2119,2077,4196,1579,1563,3142,1304,1135,2439,1231,1174,2405,918,1434,2352,304,745,1049,17463,17818,35281
2020-07-11,3002,2708,5710,1511,1585,3096,2796,2739,5535,2831,2801,5632,2155,2115,4270,1602,1594,3196,1324,1154,2478,1245,1203,2448,925,1458,2383,307,760,1067,17698,18117,35815
2020-07-12,3033,2729,5762,1527,1601,3128,2829,2766,5595,2865,2830,5695,2178,2135,4313,1614,1613,3227,1337,1170,2507,1256,1214,2470,931,1472,2403,311,766,1077,17881,18296,36177
2020-07-13,3080,2783,5863,1558,1632,3190,2885,2827,5712,2924,2888,5812,2235,2196,4431,1652,1661,3313,1375,1200,2575,1280,1254,2534,945,1521,2466,313,791,1104,18247,18753,37000
2020-07-14,3135,2827,5962,1587,1660,3247,2933,2878,5811,3008,2954,5962,2293,2246,4539,1692,1681,3373,1408,1229,2637,1307,1283,2590,964,1541,2505,320,806,1126,18647,19105,37752
2020-07-15,3184,2879,6063,1634,1696,3330,2992,2967,5959,3088,3048,6136,2354,2307,4661,1725,1726,3451,1435,1256,2691,1323,1308,2631,978,1559,2537,327,813,1140,19040,19559,38599
2020-07-16,3239,2917,6156,1664,1743,3407,3058,3045,6103,3160,3110,6270,2409,2382,4791,1759,1777,3536,1459,1279,2738,1340,1338,2678,997,1595,2592,329,835,1164,19414,20021,39435
2020-07-17,3294,2966,6260,1699,1781,3480,3104,3111,6215,3217,3185,6402,2459,2458,4917,1797,1822,3619,1489,1314,2803,1358,1357,2715,1014,1615,2629,333,843,1176,19764,20452,40216
2020-07-18,3332,3007,6339,1727,1806,3533,3164,3166,6330,3267,3247,6514,2496,2506,5002,1827,1849,3676,1516,1344,2860,1376,1368,2744,1029,1638,2667,335,849,1184,20069,20780,40849
2020-07-19,3372,3051,6423,1748,1831,3579,3199,3205,6404,3306,3303,6609,2530,2543,5073,1856,1879,3735,1539,1361,2900,1391,1378,2769,1040,1657,2697,337,856,1193,20318,21064,41382
2020-07-20,3448,3109,6557,1793,1876,3669,3273,3280,6553,3376,3399,6775,2588,2628,5216,1895,1938,3833,1573,1410,2983,1416,1407,2823,1063,1678,2741,340,868,1208,20765,21593,42358
2020-07-21,3499,3156,6655,1828,1909,3737,3346,3340,6686,3456,3481,6937,2645,2682,5327,1939,1991,3930,1602,1445,3047,1442,1433,2875,1078,1708,2786,345,878,1223,21180,22023,43203
2020-07-22,3578,3208,6786,1864,1946,3810,3438,3426,6864,3544,3569,7113,2719,2752,5471,1979,2038,4017,1623,1475,3098,1474,1457,2931,1094,1746,2840,347,888,1235,21660,22505,44165
2020-07-23,3642,3261,6903,1895,1991,3886,3521,3512,7033,3626,3659,7285,2766,2815,5581,2019,2082,4101,1644,1504,3148,1495,1480,2975,1101,1770,2871,354,896,1250,22063,22970,45033
2020-07-24,3689,3319,7008,1933,2021,3954,3602,3590,7192,3695,3746,7441,2829,2878,5707,2062,2126,4188,1681,1524,3205,1512,1505,3017,1114,1799,2913,356,909,1265,22473,23417,45890
2020-07-25,3739,3360,7099,1966,2043,4009,3655,3652,7307,3767,3811,7578,2874,2929,5803,2085,2156,4241,1699,1550,3249,1529,1528,3057,1126,1815,2941,361,912,1273,22801,23756,46557
2020-07-26,3782,3396,7178,1982,2066,4048,3692,3683,7375,3799,3854,7653,2913,2957,5870,2108,2184,4292,1713,1562,3275,1545,1541,3086,1135,1839,2974,366,919,1285,23035,24001,47036
2020-07-27,3824,3442,7266,2021,2103,4124,3756,3753,7509,3879,3938,7817,2974,3034,6008,2154,2249,4403,1744,1602,3346,1564,1568,3132,1155,1861,3016,371,942,1313,23442,24492,47934
2020-07-28,3884,3498,7382,2054,2136,4190,3846,3859,7705,3959,4019,7978,3039,3098,6137,2208,2311,4519,1787,1637,3424,1583,1605,3188,1167,1892,3059,377,961,1338,23904,25016,48920
2020-07-29,3947,3554,7501,2086,2172,4258,3938,3943,7881,4037,4105,8142,3125,3170,6295,2254,2361,4615,1820,1678,3498,1611,1628,3239,1189,1934,3123,385,987,1372,24392,25532,49924
2020-07-30,4016,3605,7621,2131,2226,4357,4055,4032,8087,4130,4194,8324,3207,3234,6441,2306,2415,4721,1853,1713,3566,1629,1651,3280,1201,1956,3157,387,994,1381,24915,26020,50935
2020-07-31,4068,3669,7737,2160,2258,4418,4133,4126,8259,4230,4301,8531,3274,3299,6573,2355,2473,4828,1882,1752,3634,1650,1679,3329,1213,1990,3203,393,1012,1405,25358,26559,51917
2020-08-01,4111,3707,7818,2183,2292,4475,4184,4198,8382,4282,4368,8650,3309,3349,6658,2393,2514,4907,1906,1768,3674,1670,1697,3367,1226,2017,3243,393,1027,1420,25657,26937,52594
2020-08-02,4161,3743,7904,2211,2324,4535,4227,4240,8467,4335,4421,8756,3344,3401,6745,2415,2549,4964,1919,1789,3708,1682,1717,3399,1240,2040,3280,395,1036,1431,25929,27260,53189
2020-08-03,4219,3812,8031,2246,2371,4617,4305,4322,8627,4419,4501,8920,3405,3480,6885,2460,2601,5061,1957,1819,3776,1697,1743,3440,1257,2081,3338,400,1050,1450,26365,27780,54145
2020-08-04,4292,3865,8157,2295,2422,4717,4401,4397,8798,4519,4587,9106,3479,3555,7034,2512,2649,5161,1996,1850,3846,1718,1773,3491,1277,2123,3400,405,1071,1476,26894,28292,55186
2020-08-05,4354,3928,8282,2341,2458,4799,4495,4485,8980,4600,4677,9277,3535,3627,7162,2570,2706,5276,2031,1886,3917,1745,1801,3546,1295,2149,3444,409,1081,1490,27375,28798,56173
2020-08-06,4416,3980,8396,2377,2505,4882,4580,4577,9157,4687,4787,9474,3603,3705,7308,2615,2761,5376,2066,1918,3984,1767,1829,3596,1311,2179,3490,414,1094,1508,27836,29335,57171
2020-08-07,4490,4046,8536,2419,2540,4959,4660,4680,9340,4779,4890,9669,3668,3802,7470,2666,2811,5477,2093,1956,4049,1798,1866,3664,1324,2224,3548,419,1110,1529,28316,29925,58241
2020-08-08,4540,4091,8631,2451,2575,5026,4706,4745,9451,4862,4967,9829,3720,3872,7592,2707,2857,5564,2127,1984,4111,1820,1898,3718,1337,2262,3599,420,1135,1555,28690,30386,59076
2020-08-09,4576,4126,8702,2477,2598,5075,4752,4802,9554,4920,5018,9938,3758,3938,7696,2749,2899,5648,2150,2010,4160,1843,1931,3774,1356,2319,3675,425,1158,1583,29006,30799,59805
2020-08-10,4649,4195,8844,2531,2644,5175,4852,4899,9751,5018,5107,10125,3837,4025,7862,2812,2974,5786,2183,2046,4229,1861,1961,3822,1374,2353,3727,431,1177,1608,29548,31381,60929
2020-08-11,4709,4250,8959,2582,2679,5261,4947,4995,9942,5141,5216,10357,3922,4123,8045,2872,3041,5913,2229,2091,4320,1896,2020,3916,1393,2402,3795,439,1202,1641,30130,32019,62149
2020-08-12,4766,4313,9079,2627,2731,5358,5037,5100,10137,5219,5349,10568,4009,4211,8220,2932,3105,6037,2262,2127,4389,1913,2051,3964,1405,2424,3829,444,1219,1663,30614,32630,63244
2020-08-13,4815,4371,9186,2679,2778,5457,5153,5217,10370,5337,5490,10827,4096,4312,8408,2992,3174,6166,2293,2168,4461,1945,2082,4027,1419,2450,3869,449,1234,1683,31178,33276,64454
2020-08-14,4861,4419,9280,2714,2821,5535,5270,5341,10611,5438,5611,11049,4185,4401,8586,3048,3243,6291,2332,2206,4538,1970,2116,4086,1433,2473,3906,452,1247,1699,31703,33878,65581
2020-08-15,4922,4459,9381,2764,2863,5627,5325,5422,10747,5515,5706,11221,4241,4475,8716,3085,3296,6381,2363,2241,4604,1993,2160,4153,1449,2532,3981,456,1271,1727,32113,34425,66538
2020-08-16,4962,4490,9452,2786,2884,5670,5392,5484,10876,5572,5766,11338,4268,4529,8797,3121,3335,6456,2379,2268,4647,2011,2181,4192,1464,2566,4030,458,1294,1752,32413,34797,67210
2020-08-17,5008,4515,9523,2823,2914,5737,5465,5558,11023,5659,5851,11510,4340,4609,8949,3171,3397,6568,2403,2310,4713,2032,2199,4231,1476,2591,4067,458,1306,1764,32835,35250,68085
2020-08-18,5072,4570,9642,2868,2957,5825,5559,5646,11205,5771,5961,11732,4420,4695,9115,3210,3477,6687,2442,2350,4792,2059,2231,4290,1490,2619,4109,458,1325,1783,33349,35831,69180
2020-08-19,5133,4621,9754,2914,3007,5921,5635,5755,11390,5856,6060,11916,4488,4781,9269,3263,3526,6789,2470,2384,4854,2081,2275,4356,1507,2661,4168,464,1348,1812,33811,36418,70229
2020-08-20,5185,4670,9855,2952,3044,5996,5726,5853,11579,5934,6163,12097,4541,4847,9388,3308,3579,6887,2502,2429,4931,2102,2300,4402,1525,2691,4216,467,1364,1831,34242,36940,71182
2020-08-21,5232,4730,9962,2997,3083,6080,5798,5952,11750,6030,6269,12299,4628,4929,9557,3361,3646,7007,2543,2477,5020,2130,2346,4476,1540,2739,4279,472,1380,1852,34731,37551,72282
2020-08-22,5263,4762,10025,3030,3113,6143,5859,6017,11876,6086,6363,12449,4689,4983,9672,3400,3678,7078,2574,2509,5083,2147,2383,4530,1553,2763,4316,477,1401,1878,35078,37972,73050
2020-08-23,5300,4804,10104,3053,3133,6186,5900,6073,11973,6132,6419,12551,4734,5024,9758,3430,3720,7150,2597,2536,5133,2158,2407,4565,1567,2774,4341,482,1404,1886,35353,38294,73647
2020-08-24,5370,4875,10245,3097,3175,6272,5977,6161,12138,6227,6529,12756,4806,5110,9916,3490,3784,7274,2632,2589,5221,2184,2442,4626,1585,2807,4392,488,1423,1911,35856,38895,74751
2020-08-25,5425,4934,10359,3140,3219,6359,6069,6288,12357,6329,6645,12974,4883,5189,10072,3535,3852,7387,2670,2630,5300,2209,2466,4675,1605,2844,4449,494,1439,1933,36359,39506,75865
2020-08-26,5489,4975,10464,3185,3269,6454,6187,6392,12579,6432,6755,13187,4945,5287,10232,3594,3923,7517,2711,2675,5386,2240,2500,4740,1625,2881,4506,497,1454,1951,36905,40111,77016
2020-08-27,5555,5032,10587,3245,3332,6577,6301,6495,12796,6534,6868,13402,5027,5384,10411,3655,3989,7644,2744,2718,5462,2270,2528,4798,1647,2922,4569,501,1478,1979,37479,40746,78225
2020-08-28,5608,5084,10692,3304,3386,6690,6420,6619,13039,6629,6987,13616,5111,5498,10609,3721,4076,7797,2779,2770,5549,2310,2569,4879,1663,2953,4616,504,1488,1992,38049,41430,79479
2020-08-29,5651,5116,10767,3332,3417,6749,6503,6708,13211,6715,7088,13803,5183,5570,10753,3764,4124,7888,2816,2802,5618,2339,2596,4935,1677,2992,4669,509,1509,2018,38489,41922,80411
2020-08-30,5685,5168,10853,3371,3446,6817,6560,6776,13336,6785,7145,13930,5239,5634,10873,3807,4163,7970,2840,2831,5671,2356,2620,4976,1684,3006,4690,512,1517,2029,38839,42306,81145
2020-08-31,5745,5210,10955,3420,3491,6911,6661,6866,13527,6881,7245,14126,5317,5719,11036,3858,4226,8084,2877,2880,5757,2389,2664,5053,1704,3047,4751,514,1531,2045,39366,42879,82245
2020-09-01,5803,5265,11068,3462,3547,7009,6771,6967,13738,7006,7375,14381,5412,5800,11212,3907,4306,8213,2906,2913,5819,2410,2695,5105,1720,3096,4816,521,1548,2069,39918,43512,83430
2020-09-02,5855,5304,11159,3492,3584,7076,6852,7063,13915,7102,7490,14592,5477,5880,11357,3966,4369,8335,2934,2950,5884,2445,2728,5173,1734,3132,4866,524,1575,2099,40381,44075,84456
2020-09-03,5914,5355,11269,3547,3633,7180,6956,7187,14143,7229,7621,14850,5564,5967,11531,4031,4427,8458,2970,2995,5965,2474,2760,5234,1753,3169,4922,528,1588,2116,40966,44702,85668
2020-09-04,5973,5418,11391,3593,3681,7274,7058,7302,14360,7344,7749,15093,5644,6069,11713,4081,4501,8582,3014,3047,6061,2507,2795,5302,1772,3200,4972,532,1603,2135,41518,45365,86883
2020-09-05,6012,5452,11464,3615,3707,7322,7139,7384,14523,7418,7854,15272,5703,6162,11865,4119,4549,8668,3048,3082,6130,2529,2820,5349,1790,3225,5015,534,1611,2145,41907,45846,87753
2020-09-06,6051,5487,11538,3638,3735,7373,7189,7449,14638,7469,7907,15376,5746,6212,11958,4148,4595,8743,3069,3107,6176,2540,2851,5391,1803,3245,5048,535,1619,2154,42188,46207,88395
2020-09-07,6104,5536,11640,3682,3781,7463,7290,7562,14852,7585,8031,15616,5820,6311,12131,4204,4681,8885,3117,3152,6269,2569,2879,5448,1819,3280,5099,540,1634,2174,42730,46847,89577
2020-09-08,6152,5592,11744,3726,3826,7552,7379,7672,15051,7701,8158,15859,5907,6400,12307,4263,4755,9018,3158,3205,6363,2603,2913,5516,1838,3308,5146,545,1654,2199,43272,47483,90755
2020-09-09,6210,5642,11852,3768,3892,7660,7491,7775,15266,7816,8274,16090,5999,6492,12491,4327,4825,9152,3200,3261,6461,2628,2945,5573,1855,3347,5202,546,1673,2219,43840,48126,91966
2020-09-10,6256,5675,11931,3822,3934,7756,7614,7901,15515,7939,8410,16349,6100,6606,12706,4392,4893,9285,3237,3309,6546,2661,2983,5644,1864,3378,5242,548,1691,2239,44433,48780,93213
2020-09-11,6310,5724,12034,3883,3986,7869,7719,7990,15709,8044,8539,16583,6190,6708,12898,4454,4982,9436,3286,3355,6641,2691,3016,5707,1886,3413,5299,550,1700,2250,45013,49413,94426
2020-09-12,6355,5754,12109,3916,4018,7934,7770,8059,15829,8105,8620,16725,6231,6776,13007,4493,5039,9532,3324,3389,6713,2716,3044,5760,1898,3451,5349,552,1715,2267,45360,49865,95225
2020-09-13,6401,5794,12195,3943,4046,7989,7824,8136,15960,8159,8697,16856,6270,6836,13106,4536,5075,9611,3361,3420,6781,2733,3054,5787,1901,3468,5369,557,1723,2280,45685,50249,95934
2020-09-14,6466,5851,12317,3990,4095,8085,7931,8259,16190,8272,8813,17085,6336,6941,13277,4606,5157,9763,3413,3485,6898,2766,3089,5855,1924,3492,5416,557,1733,2290,46261,50915,97176
2020-09-15,6534,5889,12423,4026,4125,8151,8024,8343,16367,8374,8948,17322,6416,7021,13437,4650,5225,9875,3462,3536,6998,2800,3133,5933,1939,3541,5480,560,1755,2315,46785,51516,98301
2020-09-16,6606,5956,12562,4091,4192,8283,8139,8482,16621,8478,9088,17566,6504,7123,13627,4708,5296,10004,3509,3592,7101,2828,3162,5990,1958,3583,5541,563,1770,2333,47384,52244,99628
2020-09-17,6660,6002,12662,4125,4253,8378,8245,8584,16829,8576,9200,17776,6598,7235,13833,4779,5373,10152,3560,3647,7207,2864,3191,6055,1975,3607,5582,566,1780,2346,47948,52872,100820
2020-09-18,6727,6062,12789,4164,4313,8477,8349,8696,17045,8688,9337,18025,6673,7336,14009,4844,5453,10297,3597,3703,7300,2907,3232,6139,1991,3639,5630,571,1800,2371,48511,53571,102082
2020-09-19,6752,6110,12862,4195,4354,8549,8406,8764,17170,8759,9406,18165,6716,7378,14094,4878,5496,10374,3636,3734,7370,2926,3255,6181,2005,3659,5664,576,1808,2384,48849,53964,102813
2020-09-20,6789,6152,12941,4231,4395,8626,8457,8819,17276,8827,9458,18285,6755,7428,14183,4900,5540,10440,3657,3761,7418,2947,3278,6225,2011,3677,5688,579,1815,2394,49153,54323,103476
2020-09-21,6853,6201,13054,4275,4457,8732,8547,8912,17459,8934,9572,18506,6825,7519,14344,4958,5599,10557,3705,3815,7520,2981,3311,6292,2026,3698,5724,580,1825,2405,49684,54909,104593
2020-09-22,6925,6263,13188,4337,4515,8852,8650,9040,17690,9035,9686,18721,6916,7605,14521,5026,5677,10703,3761,3860,7621,3014,3349,6363,2041,3734,5775,584,1842,2426,50289,55571,105860
2020-09-23,6989,6318,13307,4378,4558,8936,8726,9158,17884,9121,9800,18921,6988,7683,14671,5078,5745,10823,3812,3912,7724,3038,3395,6433,2053,3764,5817,586,1855,2441,50769,56188,106957
2020-09-24,7063,6373,13436,4438,4614,9052,8837,9253,18090,9220,9918,19138,7066,7779,14845,5126,5802,10928,3844,3981,7825,3063,3433,6496,2076,3800,5876,593,1879,2472,51326,56832,108158
2020-09-25,7126,6421,13547,4486,4659,9145,8923,9360,18283,9311,10014,19325,7149,7858,15007,5182,5862,11044,3901,4035,7936,3092,3465,6557,2095,3827,5922,593,1890,2483,51858,57391,109249
2020-09-26,7159,6453,13612,4522,4690,9212,8972,9414,18386,9386,10081,19467,7197,7910,15107,5219,5916,11135,3933,4063,7996,3114,3479,6593,2105,3842,5947,596,1898,2494,52203,57746,109949
2020-09-27,7200,6494,13694,4545,4726,9271,9025,9484,18509,9443,10147,19590,7251,7963,15214,5250,5952,11202,3959,4091,8050,3123,3497,6620,2116,3858,5974,598,1907,2505,52510,58119,110629
2020-09-28,7261,6554,13815,4588,4757,9345,9094,9569,18663,9539,10240,19779,7345,8036,15381,5322,6030,11352,4011,4123,8134,3154,3529,6683,2132,3885,6017,602,1921,2523,53048,58644,111692
2020-09-29,7334,6614,13948,4647,4817,9464,9208,9669,18877,9656,10363,20019,7434,8127,15561,5384,6082,11466,4059,4179,8238,3187,3587,6774,2159,3929,6088,603,1943,2546,53671,59310,112981
2020-09-30,7401,6678,14079,4690,4863,9553,9307,9792,19099,9751,10471,20222,7510,8206,15716,5448,6154,11602,4111,4239,8350,3217,3623,6840,2175,3971,6146,606,1956,2562,54216,59953,114169
2020-10-01,7468,6765,14233,4746,4936,9682,9412,9920,19332,9863,10603,20466,7588,8290,15878,5503,6219,11722,4158,4294,8452,3250,3670,6920,2186,3992,6178,610,1967,2577,54784,60656,115440
2020-10-02,7557,6831,14388,4803,4996,9799,9495,10032,19527,9962,10718,20680,7663,8376,16039,5563,6282,11845,4211,4344,8555,3284,3720,7004,2197,4031,6228,615,1981,2596,55350,61311,116661
2020-10-03,7597,6872,14469,4835,5046,9881,9565,10105,19670,10029,10789,20818,7716,8438,16154,5613,6318,11931,4241,4381,8622,3312,3743,7055,2208,4058,6266,619,1987,2606,55735,61737,117472
2020-10-04,7643,6915,14558,4864,5076,9940,9629,10180,19809,10082,10844,20926,7765,8489,16254,5643,6355,11998,4265,4405,8670,3330,3763,7093,2221,4084,6305,621,1992,2613,56063,62103,118166
2020-10-05,7688,6967,14655,4913,5116,10029,9731,10279,20010,10206,10958,21164,7863,8578,16441,5709,6429,12138,4340,4460,8800,3366,3822,7188,2241,4115,6356,624,1999,2623,56681,62723,119404
2020-10-06,7750,7038,14788,4961,5169,10130,9822,10371,20193,10316,11077,21393,7965,8658,16623,5778,6500,12278,4389,4511,8900,3403,3871,7274,2262,4147,6409,630,2008,2638,57276,63350,120626
2020-10-07,7823,7090,14913,4999,5216,10215,9929,10488,20417,10437,11204,21641,8060,8759,16819,5836,6588,12424,4442,4563,9005,3432,3912,7344,2278,4173,6451,633,2016,2649,57869,64009,121878
2020-10-08,7894,7141,15035,5040,5263,10303,10013,10597,20610,10536,11320,21856,8142,8843,16985,5899,6652,12551,4487,4612,9099,3470,3954,7424,2289,4204,6493,637,2035,2672,58407,64621,123028
2020-10-09,7947,7213,15160,5095,5322,10417,10081,10718,20799,10640,11457,22097,8212,8944,17156,5954,6725,12679,4532,4665,9197,3499,3993,7492,2301,4227,6528,641,2053,2694,58902,65317,124219
2020-10-10,7979,7263,15242,5136,5350,10486,10157,10790,20947,10707,11527,22234,8274,9008,17282,5999,6783,12782,4562,4700,9262,3515,4021,7536,2317,4250,6567,647,2062,2709,59293,65754,125047
2020-10-11,8026,7308,15334,5166,5384,10550,10191,10857,21048,10762,11617,22379,8325,9055,17380,6041,6823,12864,4599,4728,9327,3532,4047,7579,2329,4269,6598,648,2069,2717,59619,66157,125776
2020-10-12,8073,7350,15423,5210,5422,10632,10251,10935,21186,10828,11688,22516,8377,9118,17495,6087,6882,12969,4646,4774,9420,3555,4080,7635,2343,4292,6635,649,2081,2730,60019,66622,126641
2020-10-13,8142,7419,15561,5265,5460,10725,10348,11043,21391,10931,11805,22736,8456,9212,17668,6162,6960,13122,4708,4832,9540,3592,4133,7725,2363,4332,6695,654,2096,2750,60621,67292,127913
2020-10-14,8198,7485,15683,5308,5512,10820,10442,11151,21593,11026,11914,22940,8522,9291,17813,6213,7034,13247,4762,4875,9637,3626,4182,7808,2382,4362,6744,655,2109,2764,61134,67915,129049
2020-10-15,8259,7542,15801,5358,5558,10916,10540,11258,21798,11141,12022,23163,8623,9404,18027,6282,7098,13380,4818,4937,9755,3656,4215,7871,2397,4393,6790,661,2119,2780,61735,68546,130281
2020-10-16,8341,7598,15939,5418,5632,11050,10678,11410,22088,11262,12134,23396,8723,9517,18240,6356,7179,13535,4873,4997,9870,3693,4270,7963,2420,4440,6860,663,2146,2809,62427,69323,131750
2020-10-17,8386,7644,16030,5460,5668,11128,10751,11479,22230,11341,12232,23573,8781,9586,18367,6397,7224,13621,4913,5040,9953,3729,4297,8026,2431,4465,6896,666,2153,2819,62855,69788,132643
2020-10-18,8425,7677,16102,5489,5691,11180,10785,11526,22311,11397,12312,23709,8812,9625,18437,6442,7248,13690,4934,5063,9997,3745,4318,8063,2439,4483,6922,667,2157,2824,63135,70100,133235
2020-10-19,8523,7752,16275,5548,5755,11303,10895,11665,22560,11526,12462,23988,8919,9771,18690,6522,7338,13860,5003,5123,10126,3788,4380,8168,2457,4520,6977,668,2167,2835,63849,70933,134782
2020-10-20,8599,7830,16429,5621,5811,11432,11018,11795,22813,11643,12583,24226,9025,9901,18926,6600,7417,14017,5067,5182,10249,3820,4429,8249,2483,4560,7043,668,2181,2849,64544,71689,136233
2020-10-21,8654,7886,16540,5703,5867,11570,11118,11923,23041,11743,12695,24438,9104,9995,19099,6674,7477,14151,5127,5236,10363,3852,4464,8316,2502,4591,7093,670,2186,2856,65147,72320,137467
2020-10-22,8710,7936,16646,5769,5937,11706,11204,12031,23235,11824,12804,24628,9186,10073,19259,6730,7549,14279,5161,5294,10455,3875,4501,8376,2519,4619,7138,672,2194,2866,65650,72938,138588
2020-10-23,8765,7982,16747,5812,5975,11787,11274,12113,23387,11884,12882,24766,9253,10160,19413,6779,7597,14376,5203,5346,10549,3912,4536,8448,2531,4645,7176,677,2212,2889,66090,73448,139538
2020-10-24,8799,8012,16811,5834,5997,11831,11329,12150,23479,11941,12941,24882,9297,10210,19507,6805,7643,14448,5227,5378,10605,3937,4564,8501,2537,4671,7208,679,2221,2900,66385,73787,140172
2020-10-25,8846,8045,16891,5862,6032,11894,11382,12212,23594,11996,13030,25026,9346,10256,19602,6840,7701,14541,5251,5413,10664,3960,4585,8545,2544,4685,7229,680,2224,2904,66707,74183,140890
2020-10-26,8912,8096,17008,5927,6089,12016,11468,12304,23772,12098,13145,25243,9408,10351,19759,6905,7793,14698,5310,5471,10781,4002,4640,8642,2556,4719,7275,682,2235,2917,67268,74843,142111
2020-10-27,8969,8153,17122,5980,6130,12110,11579,12420,23999,12192,13265,25457,9500,10445,19945,6977,7883,14860,5373,5549,10922,4037,4692,8729,2572,4753,7325,685,2241,2926,67864,75531,143395
2020-10-28,9023,8210,17233,6021,6181,12202,11669,12513,24182,12286,13391,25677,9559,10537,20096,7048,7963,15011,5420,5592,11012,4061,4726,8787,2584,4783,7367,688,2255,2943,68359,76151,144510
2020-10-29,9073,8257,17330,6069,6236,12305,11787,12625,24412,12400,13499,25899,9631,10640,20271,7110,8036,15146,5465,5647,11112,4090,4763,8853,2595,4811,7406,689,2263,2952,68909,76777,145686
2020-10-30,9124,8295,17419,6099,6284,12383,11845,12716,24561,12480,13597,26077,9699,10721,20420,7159,8105,15264,5512,5711,11223,4115,4795,8910,2616,4839,7455,692,2277,2969,69341,77340,146681
2020-10-31,9166,8323,17489,6119,6305,12424,11901,12763,24664,12531,13681,26212,9746,10771,20517,7192,8146,15338,5543,5753,11296,4137,4825,8962,2625,4856,7481,695,2285,2980,69655,77708,147363
2020-11-01,9223,8372,17595,6157,6347,12504,11972,12841,24813,12587,13761,26348,9807,10827,20634,7238,8196,15434,5570,5810,11380,4165,4851,9016,2634,4883,7517,699,2292,2991,70052,78180,148232
2020-11-02,9276,8434,17710,6209,6403,12612,12061,12954,25015,12695,13862,26557,9886,10916,20802,7291,8258,15549,5620,5872,11492,4203,4890,9093,2650,4904,7554,700,2303,3003,70591,78796,149387
2020-11-03,9316,8480,17796,6237,6449,12686,12127,13057,25184,12781,13954,26735,9948,10969,20917,7345,8308,15653,5660,5915,11575,4242,4928,9170,2667,4943,7610,703,2315,3018,71026,79318,150344
2020-11-04,9370,8532,17902,6285,6501,12786,12247,13170,25417,12876,14073,26949,10050,11074,21124,7416,8383,15799,5724,5976,11700,4286,4968,9254,2688,4980,7668,710,2328,3038,71652,79985,151637
2020-11-05,9443,8595,18038,6364,6567,12931,12393,13310,25703,13028,14211,27239,10166,11190,21356,7493,8472,15965,5774,6051,11825,4322,5005,9327,2707,5005,7712,714,2338,3052,72404,80744,153148
2020-11-06,9489,8643,18132,6406,6616,13022,12474,13390,25864,13097,14305,27402,10230,11247,21477,7546,8535,16081,5819,6106,11925,4356,5055,9411,2727,5038,7765,718,2346,3064,72862,81281,154143
2020-11-07,9530,8686,18216,6442,6655,13097,12533,13466,25999,13153,14388,27541,10293,11320,21613,7595,8603,16198,5871,6164,12035,4390,5088,9478,2751,5058,7809,723,2354,3077,73281,81782,155063
2020-11-08,9586,8751,18337,6470,6700,13170,12611,13544,26155,13225,14495,27720,10355,11392,21747,7641,8659,16300,5909,6221,12130,4413,5119,9532,2760,5077,7837,727,2360,3087,73697,82318,156015
2020-11-09,9671,8825,18496,6540,6753,13293,12697,13673,26370,13347,14639,27986,10448,11491,21939,7726,8745,16471,5972,6288,12260,4446,5166,9612,2788,5119,7907,732,2374,3106,74367,83073,157440
2020-11-10,9724,8874,18598,6584,6810,13394,12789,13762,26551,13462,14753,28215,10519,11573,22092,7787,8807,16594,6041,6339,12380,4479,5206,9685,2813,5154,7967,737,2384,3121,74935,83662,158597
2020-11-11,9794,8928,18722,6628,6874,13502,12901,13898,26799,13573,14876,28449,10624,11680,22304,7875,8904,16779,6096,6389,12485,4518,5249,9767,2835,5192,8027,742,2403,3145,75586,84393,159979
2020-11-12,9866,8994,18860,6677,6932,13609,13017,14036,27053,13725,15011,28736,10737,11796,22533,7960,8987,16947,6157,6465,12622,4557,5305,9862,2856,5230,8086,745,2417,3162,76297,85173,161470
2020-11-13,9932,9041,18973,6752,6994,13746,13138,14197,27335,13840,15156,28996,10842,11910,22752,8044,9075,17119,6237,6539,12776,4611,5355,9966,2881,5274,8155,749,2432,3181,77026,85973,162999
2020-11-14,10005,9110,19115,6804,7040,13844,13247,14328,27575,13961,15298,29259,10929,12009,22938,8112,9152,17264,6302,6589,12891,4643,5401,10044,2897,5301,8198,753,2439,3192,77653,86667,164320
2020-11-15,10078,9185,19263,6877,7091,13968,13358,14488,27846,14104,15448,29552,11042,12129,23171,8190,9249,17439,6371,6666,13037,4684,5454,10138,2913,5329,8242,753,2455,3208,78370,87494,165864
2020-11-16,10153,9261,19414,6982,7160,14142,13499,14653,28152,14255,15640,29895,11171,12257,23428,8273,9353,17626,6445,6745,13190,4740,5514,10254,2939,5374,8313,758,2480,3238,79215,88437,167652
2020-11-17,10241,9347,19588,7082,7249,14331,13681,14880,28561,14478,15871,30349,11332,12453,23785,8383,9495,17878,6540,6866,13406,4802,5589,10391,2960,5424,8384,764,2500,3264,80263,89674,169937
2020-11-18,10314,9418,19732,7198,7356,14554,13879,15122,29001,14685,16106,30791,11474,12617,24091,8484,9613,18097,6626,6946,13572,4860,5655,10515,2982,5479,8461,766,2511,3277,81268,90823,172091
2020-11-19,10395,9488,19883,7314,7464,14778,14071,15364,29435,14861,16357,31218,11606,12792,24398,8603,9748,18351,6698,7040,13738,4909,5712,10621,3008,5519,8527,771,2521,3292,82236,92005,174241
2020-11-20,10475,9552,20027,7381,7547,14928,14239,15570,29809,15028,16559,31587,11751,12956,24707,8704,9865,18569,6773,7104,13877,4955,5765,10720,3037,5561,8598,776,2538,3314,83119,93017,176136
2020-11-21,10540,9609,20149,7433,7626,15059,14344,15713,30057,15162,16696,31858,11853,13066,24919,8789,9949,18738,6834,7166,14000,4990,5793,10783,3048,5584,8632,779,2551,3330,83772,93753,177525
2020-11-22,10599,9662,20261,7485,7685,15170,14450,15827,30277,15258,16821,32079,11943,13164,25107,8844,10018,18862,6886,7221,14107,5023,5815,10838,3063,5612,8675,782,2561,3343,84333,94386,178719
2020-11-23,10675,9732,20407,7549,7766,15315,14584,15974,30558,15411,16955,32366,12058,13298,25356,8927,10114,19041,6947,7298,14245,5067,5863,10930,3085,5644,8729,789,2574,3363,85092,95218,180310
2020-11-24,10750,9814,20564,7643,7862,15505,14730,16153,30883,15608,17149,32757,12213,13464,25677,9038,10233,19271,7033,7394,14427,5127,5925,11052,3113,5682,8795,791,2584,3375,86046,96260,182306
2020-11-25,10834,9891,20725,7738,7961,15699,14928,16373,31301,15815,17356,33171,12376,13620,25996,9136,10335,19471,7127,7482,14609,5165,5994,11159,3138,5731,8869,797,2596,3393,87054,97339,184393
2020-11-26,10922,9969,20891,7837,8071,15908,15113,16601,31714,16021,17591,33612,12510,13780,26290,9241,10456,19697,7212,7571,14783,5218,6061,11279,3156,5771,8927,806,2609,3415,88036,98480,186516
2020-11-27,10990,10030,21020,7916,8138,16054,15275,16812,32087,16168,17771,33939,12631,13875,26506,9334,10554,19888,7279,7644,14923,5258,6107,11365,3174,5812,8986,810,2615,3425,88835,99358,188193
2020-11-28,11065,10076,21141,7979,8197,16176,15402,16960,32362,16270,17924,34194,12721,13983,26704,9414,10640,20054,7323,7691,15014,5291,6152,11443,3192,5845,9037,813,2621,3434,89470,100089,189559
2020-11-29,11132,10135,21267,8040,8270,16310,15552,17115,32667,16390,18098,34488,12838,14096,26934,9485,10736,20221,7389,7780,15169,5327,6203,11530,3211,5872,9083,815,2632,3447,90179,100937,191116
2020-11-30,11228,10221,21449,8155,8366,16521,15761,17348,33109,16598,18318,34916,13012,14278,27290,9590,10858,20448,7492,7900,15392,5399,6268,11667,3236,5914,9150,820,2642,3462,91291,102113,193404
2020-12-01,11293,10298,21591,8244,8462,16706,15970,17576,33546,16794,18531,35325,13168,14443,27611,9672,10968,20640,7586,8024,15610,5459,6326,11785,3259,5954,9213,823,2650,3473,92268,103232,195500
2020-12-02,11338,10339,21677,8312,8546,16858,16105,17730,33835,16917,18710,35627,13274,14571,27845,9739,11038,20777,7645,8079,15724,5500,6379,11879,3282,5975,9257,825,2659,3484,92937,104026,196963
2020-12-03,11394,10400,21794,8406,8647,17053,16271,17977,34248,17112,18933,36045,13421,14742,28163,9840,11140,20980,7729,8176,15905,5550,6427,11977,3301,6006,9307,827,2665,3492,93851,105113,198964
2020-12-04,11463,10475,21938,8502,8746,17248,16437,18171,34608,17294,19143,36437,13562,14912,28474,9960,11262,21222,7812,8281,16093,5618,6478,12096,3322,6048,9370,833,2675,3508,94803,106191,200994
2020-12-05,11527,10538,22065,8578,8816,17394,16573,18310,34883,17459,19298,36757,13680,15019,28699,10023,11347,21370,7867,8347,16214,5652,6516,12168,3333,6076,9409,838,2683,3521,95530,106950,202480
2020-12-06,11581,10593,22174,8633,8868,17501,16665,18420,35085,17561,19416,36977,13758,15117,28875,10072,11413,21485,7921,8403,16324,5688,6554,12242,3353,6095,9448,839,2689,3528,96071,107568,203639
2020-12-07,11621,10648,22269,8709,8934,17643,16800,18593,35393,17701,19553,37254,13855,15252,29107,10147,11498,21645,7970,8465,16435,5725,6598,12323,3372,6117,9489,843,2695,3538,96743,108353,205096
2020-12-08,11675,10712,22387,8772,9009,17781,16933,18750,35683,17848,19713,37561,13960,15349,29309,10239,11596,21835,8038,8523,16561,5755,6653,12408,3384,6141,9525,847,2703,3550,97451,109149,206600
2020-12-09,11749,10782,22531,8856,9123,17979,17189,19043,36232,18088,20006,38094,14158,15547,29705,10404,11784,22188,8181,8643,16824,5810,6734,12544,3409,6183,9592,850,2723,3573,98694,110568,209262
2020-12-10,11831,10842,22673,8979,9293,18272,17453,19388,36841,18382,20359,38741,14374,15795,30169,10586,11994,22580,8319,8780,17099,5868,6793,12661,3433,6236,9669,857,2734,3591,100082,112214,212296
2020-12-11,11905,10918,22823,9105,9439,18544,17737,19758,37495,18713,20736,39449,14604,16071,30675,10780,12200,22980,8469,8944,17413,5942,6876,12818,3456,6278,9734,860,2743,3603,101571,113963,215534
2020-12-12,11974,10985,22959,9213,9554,18767,17967,20051,38018,18966,21041,40007,14827,16315,31142,10948,12387,23335,8585,9099,17684,5996,6944,12940,3473,6306,9779,863,2753,3616,102812,115435,218247
2020-12-13,12046,11035,23081,9311,9662,18973,18147,20282,38429,19206,21331,40537,15011,16519,31530,11115,12556,23671,8694,9200,17894,6042,6988,13030,3488,6327,9815,869,2758,3627,103929,116658,220587
2020-12-14,12134,11107,23241,9440,9799,19239,18407,20609,39016,19523,21671,41194,15236,16776,32012,11313,12764,24077,8839,9367,18206,6125,7072,13197,3514,6367,9881,878,2771,3649,105409,118303,223712
2020-12-15,12207,11185,23392,9541,9919,19460,18642,20918,39560,19800,21989,41789,15454,17003,32457,11496,13003,24499,8989,9515,18504,6197,7138,13335,3531,6392,9923,880,2783,3663,106737,119845,226582
2020-12-16,12263,11252,23515,9679,10088,19767,18926,21281,40207,20173,22416,42589,15738,17300,33038,11717,13242,24959,9170,9708,18878,6289,7229,13518,3559,6417,9976,884,2794,3678,108398,121727,230125
2020-12-17,12360,11338,23698,9825,10235,20060,19240,21705,40945,20576,22856,43432,16045,17623,33668,11928,13480,25408,9282,9851,19133,6363,7289,13652,3575,6444,10019,886,2803,3689,110080,123624,233704
2020-12-18,12460,11423,23883,9998,10467,20465,19594,22157,41751,20988,23313,44301,16367,17969,34336,12184,13768,25952,9533,10093,19626,6479,7389,13868,3597,6501,10098,889,2815,3704,112089,125895,237984
2020-12-19,12540,11497,24037,10137,10622,20759,19857,22538,42395,21409,23753,45162,16642,18261,34903,12393,14025,26418,9709,10294,20003,6554,7481,14035,3614,6534,10148,891,2821,3712,113746,127826,241572
2020-12-20,12610,11580,24190,10290,10783,21073,20143,22877,43020,21834,24190,46024,16938,18588,35526,12637,14300,26937,9881,10461,20342,6631,7549,14180,3629,6553,10182,895,2829,3724,115488,129710,245198
2020-12-21,12708,11686,24394,10453,10963,21416,20545,23322,43867,22309,24745,47054,17311,18958,36269,12908,14586,27494,10104,10693,20797,6729,7657,14386,3651,6613,10264,898,2844,3742,117616,132067,249683
2020-12-22,12816,11789,24605,10671,11199,21870,20981,23880,44861,22852,25388,48240,17726,19394,37120,13194,14881,28075,10339,10947,21286,6838,7761,14599,3676,6650,10326,904,2850,3754,119997,134739,254736
2020-12-23,12942,11897,24839,10915,11432,22347,21453,24422,45875,23373,25964,49337,18103,19852,37955,13453,15160,28613,10524,11176,21700,6914,7851,14765,3710,6696,10406,912,2865,3777,122299,137315,259614
2020-12-24,12999,11957,24956,11027,11589,22616,21719,24697,46416,23713,26283,49996,18332,20072,38404,13582,15315,28897,10628,11299,21927,6979,7902,14881,3716,6720,10436,915,2871,3786,123610,138705,262315
2020-12-25,13040,11984,25024,11069,11636,22705,21798,24773,46571,23788,26376,50164,18389,20122,38511,13634,15371,29005,10655,11329,21984,6998,7915,14913,3721,6739,10460,919,2874,3793,124011,139119,263130
2020-12-26,13141,12055,25196,11276,11890,23166,22142,25193,47335,24247,26849,51096,18685,20512,39197,13881,15639,29520,10803,11510,22313,7075,7999,15074,3743,6775,10518,920,2887,3807,125913,141309,267222
2020-12-27,13198,12109,25307,11559,12177,23736,22510,25597,48107,24749,27392,52141,19087,20943,40030,14161,15956,30117,10999,11697,22696,7151,8092,15243,3767,6812,10579,923,2898,3821,128104,143673,271777
2020-12-28,13331,12219,25550,11902,12549,24451,23032,26262,49294,25472,28178,53650,19651,21546,41197,14505,16393,30898,11222,11980,23202,7259,8219,15478,3802,6870,10672,926,2923,3849,131102,147139,278241
2020-12-29,13434,12313,25747,12209,12884,25093,23557,26880,50437,26056,28818,54874,20138,22075,42213,14810,16739,31549,11443,12235,23678,7363,8339,15702,3837,6943,10780,935,2940,3875,133782,150166,283948
2020-12-30,13538,12403,25941,12567,13301,25868,24126,27472,51598,26715,29502,56217,20622,22656,43278,15148,17163,32311,11673,12490,24163,7470,8447,15917,3867,6997,10864,938,2952,3890,136664,153383,290047
2020-12-31,13615,12479,26094,12820,13559,26379,24506,27868,52374,27109,29969,57078,20946,23064,44010,15376,17392,32768,11776,12616,24392,7522,8519,16041,3882,7026,10908,939,2960,3899,138491,155452,293943
2021-01-01,13647,12504,26151,12876,13621,26497,24581,27972,52553,27202,30085,57287,21018,23154,44172,15432,17460,32892,11804,12653,24457,7542,8543,16085,3888,7042,10930,940,2964,3904,138930,155998,294928
2021-01-02,13727,12571,26298,13085,13886,26971,24916,28383,53299,27624,30570,58194,21340,23544,44884,15666,17729,33395,12018,12869,24887,7626,8646,16272,3907,7081,10988,946,2972,3918,140855,158251,299106
2021-01-03,13787,12643,26430,13408,14207,27615,25451,29033,54484,28320,31358,59678,21873,24162,46035,15992,18154,34146,12261,13144,25405,7718,8775,16493,3935,7124,11059,949,2981,3930,143694,161581,305275
2021-01-04,13880,12737,26617,13702,14506,28208,26159,29897,56056,29086,32217,61303,22412,24780,47192,16343,18585,34928,12530,13418,25948,7849,8906,16755,3971,7200,11171,953,2995,3948,146885,165241,312126
2021-01-05,13978,12837,26815,14058,14860,28918,26889,30793,57682,29895,33096,62991,23001,25441,48442,16718,19016,35734,12807,13772,26579,7974,9058,17032,4011,7272,11283,960,3008,3968,150291,169153,319444
2021-01-06,14080,12929,27009,14440,15235,29675,27634,31643,59277,30649,33904,64553,23610,26070,49680,17136,19486,36622,13099,14092,27191,8107,9217,17324,4045,7338,11383,964,3027,3991,153764,172941,326705
2021-01-07,14172,13010,27182,14722,15552,30274,28183,32317,60500,31244,34562,65806,24062,26547,50609,17437,19866,37303,13330,14374,27704,8211,9357,17568,4078,7397,11475,967,3041,4008,156406,176023,332429
2021-01-08,14270,13108,27378,15035,15877,30912,28746,32955,61701,31749,35212,66961,24462,27090,51552,17733,20222,37955,13509,14607,28116,8310,9483,17793,4114,7440,11554,974,3051,4025,158902,179045,337947
2021-01-09,14339,13184,27523,15303,16196,31499,29258,33561,62819,32314,35884,68198,24872,27576,52448,18015,20569,38584,13675,14853,28528,8383,9579,17962,4140,7492,11632,974,3065,4039,161273,181959,343232
2021-01-10,14422,13259,27681,15629,16542,32171,29753,34150,63903,32871,36537,69408,25291,28075,53366,18291,20911,39202,13846,15033,28879,8438,9681,18119,4157,7533,11690,977,3079,4056,163675,184800,348475
2021-01-11,14523,13337,27860,15971,16932,32903,30421,34948,65369,33549,37340,70889,25753,28636,54389,18612,21327,39939,14047,15289,29336,8535,9785,18320,4182,7582,11764,981,3099,4080,166574,188275,354849
2021-01-12,14638,13413,28051,16273,17285,33558,30951,35614,66565,34048,37984,72032,26136,29137,55273,18912,21729,40641,14263,15492,29755,8610,9888,18498,4215,7620,11835,986,3109,4095,169032,191271,360303
2021-01-13,14770,13533,28303,16607,17682,34289,31583,36359,67942,34634,38659,73293,26630,29657,56287,19233,22152,41385,14504,15776,30280,8709,10006,18715,4236,7673,11909,992,3113,4105,171898,194610,366508
2021-01-14,14870,13643,28513,16947,18098,35045,32133,37057,69190,35184,39341,74525,27054,30197,57251,19571,22549,42120,14707,16024,30731,8795,10108,18903,4258,7716,11974,995,3123,4118,174514,197856,372370
2021-01-15,15001,13742,28743,17498,18704,36202,32795,37914,70709,36054,40323,76377,27695,30992,58687,20049,23117,43166,14957,16321,31278,8898,10242,19140,4285,7771,12056,1000,3132,4132,178232,202258,380490
2021-01-16,15070,13802,28872,18159,19373,37532,33387,38688,72075,36814,41261,78075,28421,31840,60261,20547,23635,44182,15235,16632,31867,9030,10374,19404,4315,7815,12130,1001,3142,4143,181979,206562,388541
2021-01-17,15140,13852,28992,18691,19981,38672,33984,39477,73461,37532,42068,79600,29158,32695,61853,21016,24127,45143,15454,16868,32322,9124,10477,19601,4334,7849,12183,1003,3145,4148,185436,210539,395975
2021-01-18,15240,13944,29184,19320,20649,39969,34743,40387,75130,38405,43036,81441,29996,33622,63618,21577,24739,46316,15781,17265,33046,9275,10636,19911,4375,7936,12311,1009,3175,4184,189721,215389,405110
2021-01-19,15347,14040,29387,19928,21288,41216,35451,41228,76679,39243,43987,83230,30778,34506,65284,22122,25343,47465,16108,17642,33750,9401,10808,20209,4400,7999,12399,1016,3189,4205,193794,220030,413824
2021-01-20,15452,14135,29587,20476,21872,42348,36111,41973,78084,39999,44811,84810,31465,35268,66733,22641,25925,48566,16463,18013,34476,9574,10982,20556,4433,8053,12486,1023,3204,4227,197637,224236,421873
2021-01-21,15578,14222,29800,20866,22365,43231,36748,42645,79393,40574,45514,86088,31973,35898,67871,22994,26424,49418,16724,18279,35003,9679,11098,20777,4468,8105,12573,1031,3225,4256,200635,227775,428410
2021-01-22,15666,14311,29977,21324,22832,44156,37250,43285,80535,41059,46166,87225,32470,36492,68962,23330,26817,50147,16944,18540,35484,9787,11220,21007,4490,8153,12643,1037,3230,4267,203357,231046,434403
2021-01-23,15722,14356,30078,21800,23327,45127,37762,43932,81694,41588,46793,88381,32966,37011,69977,23693,27235,50928,17103,18748,35851,9849,11299,21148,4510,8189,12699,1039,3236,4275,206032,234126,440158
2021-01-24,15788,14411,30199,22349,23917,46266,38361,44580,82941,42143,47464,89607,33596,37680,71276,24099,27678,51777,17312,18971,36283,9925,11402,21327,4540,8227,12767,1041,3242,4283,209154,237572,446726
2021-01-25,15884,14519,30403,23011,24583,47594,39153,45475,84628,42911,48332,91243,34287,38477,72764,24561,28245,52806,17576,19260,36836,10057,11540,21597,4578,8297,12875,1047,3261,4308,213065,241989,455054
2021-01-26,16011,14609,30620,23571,25153,48724,39775,46183,85958,43531,49045,92576,34887,39137,74024,24992,28763,53755,17829,19594,37423,10189,11681,21870,4614,8365,12979,1053,3277,4330,216452,245807,462259
2021-01-27,16129,14716,30845,24075,25667,49742,40357,46845,87202,44137,49756,93893,35409,39771,75180,25400,29209,54609,18071,19844,37915,10288,11798,22086,4653,8430,13083,1056,3299,4355,219575,249335,468910
2021-01-28,16224,14806,31030,24493,26122,50615,40846,47425,88271,44631,50339,94970,35841,40303,76144,25710,29583,55293,18297,20110,38407,10406,11925,22331,4686,8479,13165,1061,3317,4378,222195,252409,474604
2021-01-29,16301,14911,31212,25086,26712,51798,41485,48142,89627,45325,51170,96495,36472,41080,77552,26176,30105,56281,18586,20429,39015,10521,12083,22604,4713,8543,13256,1063,3326,4389,225728,256501,482229
2021-01-30,16370,14965,31335,25885,27554,53439,42065,48883,90948,46082,52091,98173,37296,42097,79393,26742,30735,57477,18865,20796,39661,10635,12239,22874,4742,8592,13334,1065,3335,4400,229747,261287,491034
2021-01-31,16434,15030,31464,27070,28837,55907,42827,49790,92617,47034,53282,100316,38529,43533,82062,27502,31570,59072,19194,21161,40355,10760,12394,23154,4770,8645,13415,1067,3348,4415,235187,267590,502777
2021-02-01,16529,15114,31643,28074,29968,58042,43545,50727,94272,47994,54393,102387,39613,44836,84449,28246,32357,60603,19571,21609,41180,10891,12596,23487,4811,8698,13509,1068,3360,4428,240342,273658,514000
2021-02-02,16623,15206,31829,28889,30912,59801,44220,51522,95742,48865,55441,104306,40613,46019,86632,28939,33118,62057,20001,22048,42049,11098,12839,23937,4857,8771,13628,1071,3373,4444,245176,279249,524425
2021-02-03,16689,15302,31991,29567,31564,61131,44807,52258,97065,49604,56310,105914,41360,46894,88254,29469,33769,63238,20361,22422,42783,11269,13047,24316,4901,8839,13740,1077,3387,4464,249104,283792,532896
2021-02-04,16765,15381,32146,29958,31967,61925,45244,52856,98100,50134,56933,107067,41800,47562,89362,29856,34244,64100,20583,22711,43294,11380,13206,24586,4927,8885,13812,1081,3406,4487,251728,287151,538879
2021-02-05,16853,15461,32314,30313,32335,62648,45674,53399,99073,50593,57502,108095,42232,48070,90302,30181,34642,64823,20812,22984,43796,11493,13353,24846,4950,8946,13896,1082,3417,4499,254183,290109,544292
2021-02-06,16906,15513,32419,30689,32785,63474,46071,53914,99985,51099,58157,109256,42693,48670,91363,30570,35071,65641,21006,23210,44216,11575,13464,25039,4974,8989,13963,1083,3425,4508,256666,293198,549864
2021-02-07,16970,15581,32551,31119,33250,64369,46456,54399,100855,51618,58804,110422,43175,49284,92459,30930,35507,66437,21192,23406,44598,11666,13567,25233,4992,9023,14015,1089,3429,4518,259207,296250,555457
2021-02-08,17065,15663,32728,31692,33940,65632,47072,55158,102230,52372,59767,112139,43935,50231,94166,31365,36086,67451,21455,23721,45176,11792,13716,25508,5022,9095,14117,1093,3452,4545,262863,300829,563692
2021-02-09,17160,15732,32892,32182,34476,66658,47608,55829,103437,53080,60587,113667,44557,51049,95606,31815,36650,68465,21757,24048,45805,11932,13876,25808,5058,9158,14216,1099,3467,4566,266248,304872,571120
2021-02-10,17241,15794,33035,32559,34863,67422,48057,56406,104463,53679,61324,115003,45112,51715,96827,32159,37109,69268,21997,24332,46329,12054,14010,26064,5093,9211,14304,1099,3480,4579,269050,308244,577294
2021-02-11,17319,15859,33178,32870,35252,68122,48462,56967,105429,54217,61991,116208,45594,52367,97961,32441,37553,69994,22226,24582,46808,12168,14140,26308,5120,9265,14385,1103,3491,4594,271520,311467,582987
2021-02-12,17401,15930,33331,33243,35686,68929,48874,57472,106346,54774,62692,117466,46109,53081,99190,32777,38009,70786,22432,24853,47285,12285,14278,26563,5153,9320,14473,1105,3506,4611,274153,314827,588980
2021-02-13,17459,15970,33429,33734,36246,69980,49294,57962,107256,55409,63513,118922,46748,53945,100693,33161,38500,71661,22648,25108,47756,12371,14394,26765,5176,9355,14531,1110,3517,4627,277110,318510,595620
2021-02-14,17507,16006,33513,34231,36811,71042,49635,58456,108091,56056,64342,120398,47505,54830,102335,33531,38974,72505,22884,25378,48262,12478,14521,26999,5194,9381,14575,1111,3527,4638,280132,322226,602358
2021-02-15,17549,16069,33618,34868,37480,72348,50134,59134,109268,56846,65356,122202,48423,55884,104307,34040,39579,73619,23121,25663,48784,12574,14653,27227,5219,9439,14658,1113,3538,4651,283887,326795,610682
2021-02-16,17611,16114,33725,35519,38110,73629,50795,60082,110877,57804,66509,124313,49299,56995,106294,34521,40117,74638,23355,25917,49272,12672,14786,27458,5235,9478,14713,1121,3543,4664,287932,331651,619583
2021-02-17,17695,16211,33906,35984,38613,74597,51623,61080,112703,58619,67463,126082,49944,57740,107684,34963,40658,75621,23686,26273,49959,12805,14955,27760,5263,9544,14807,1128,3562,4690,291710,336099,627809
2021-02-18,17770,16282,34052,36367,39052,75419,52282,61886,114168,59354,68326,127680,50533,58477,109010,35380,41135,76515,23966,26592,50558,12942,15124,28066,5300,9597,14897,1132,3573,4705,295026,340044,635070
2021-02-19,17862,16346,34208,36707,39502,76209,52851,62589,115440,60016,69151,129167,51079,59176,110255,35785,41621,77406,24209,26902,51111,13065,15289,28354,5329,9643,14972,1136,3583,4719,298039,343802,641841
2021-02-20,17931,16401,34332,37018,39892,76910,53342,63191,116533,60548,69883,130431,51571,59785,111356,36148,42067,78215,24403,27195,51598,13154,15407,28561,5355,9682,15037,1141,3588,4729,300611,347091,647702
2021-02-21,18012,16454,34466,37309,40279,77588,53793,63813,117606,61141,70631,131772,52069,60429,112498,36451,42470,78921,24622,27457,52079,13232,15524,28756,5380,9713,15093,1145,3598,4743,303154,350368,653522
2021-02-22,18117,16565,34682,37624,40711,78335,54350,64579,118929,61798,71444,133242,52573,61095,113668,36840,42955,79795,24888,27779,52667,13351,15651,29002,5426,9758,15184,1148,3608,4756,306115,354145,660260
2021-02-23,18230,16657,34887,37898,41039,78937,54847,65208,120055,62351,72133,134484,53013,61658,114671,37178,43398,80576,25151,28079,53230,13469,15800,29269,5460,9817,15277,1156,3623,4779,308753,357412,666165
2021-02-24,18320,16769,35089,38182,41366,79548,55241,65703,120944,62827,72701,135528,53374,62137,115511,37474,43761,81235,25385,28330,53715,13581,15932,29513,5486,9864,15350,1159,3633,4792,311029,360196,671225
2021-02-25,18453,16889,35342,38394,41611,80005,55645,66174,121819,63259,73180,136439,53703,62544,116247,37717,44086,81803,25563,28576,54139,13671,16063,29734,5510,9909,15419,1164,3647,4811,313079,362679,675758
2021-02-26,18559,16992,35551,38596,41870,80466,56036,66697,122733,63737,73709,137446,54056,63004,117060,37978,44451,82429,25767,28866,54633,13768,16189,29957,5531,9955,15486,1166,3664,4830,315194,365397,680591
2021-02-27,18629,17060,35689,38828,42194,81022,56427,67228,123655,64266,74289,138555,54415,63459,117874,38316,44860,83176,26016,29164,55180,13868,16323,30191,5560,10012,15572,1168,3675,4843,317493,368264,685757
2021-02-28,18716,17133,35849,39169,42592,81761,56867,67854,124721,64939,75083,140022,54931,64115,119046,38747,45407,84154,26327,29537,55864,14019,16498,30517,5588,10063,15651,1170,3683,4853,320473,371965,692438
2021-03-01,18868,17269,36137,39403,42868,82271,57283,68330,125613,65395,75588,140983,55274,64549,119823,39000,45725,84725,26533,29794,56327,14107,16639,30746,5614,10113,15727,1175,3699,4874,322652,374574,697226
2021-03-02,19039,17414,36453,39656,43160,82816,57672,68768,126440,65796,76088,141884,55616,64935,120551,39236,46079,85315,26705,30025,56730,14205,16730,30935,5653,10167,15820,1178,3707,4885,324756,377073,701829
2021-03-03,19194,17541,36735,39840,43406,83246,57961,69184,127145,66161,76526,142687,55887,65286,121173,39482,46400,85882,26926,30283,57209,14299,16859,31158,5675,10202,15877,1178,3718,4896,326603,379405,706008
2021-03-04,19337,17678,37015,40027,43630,83657,58251,69532,127783,66491,76912,143403,56148,65614,121762,39673,46696,86369,27132,30562,57694,14402,17003,31405,5705,10258,15963,1184,3738,4922,328350,381623,709973
2021-03-05,19475,17812,37287,40218,43844,84062,58567,69954,128521,66857,77350,144207,56393,65932,122325,39907,46993,86900,27331,30784,58115,14499,17125,31624,5730,10298,16028,1184,3745,4929,330161,383837,713998
2021-03-06,19572,17900,37472,40349,44000,84349,58837,70282,129119,67171,77704,144875,56629,66210,122839,40074,47229,87303,27468,30937,58405,14564,17216,31780,5751,10329,16080,1186,3751,4937,331601,385558,717159
2021-03-07,19666,17988,37654,40502,44176,84678,59103,70631,129734,67506,78090,145596,56834,66508,123342,40272,47509,87781,27651,31145,58796,14638,17311,31949,5773,10369,16142,1190,3756,4946,333135,387483,720618
2021-03-08,19853,18143,37996,40700,44435,85135,59433,71072,130505,67895,78546,146441,57161,66884,124045,40551,47874,88425,27902,31418,59320,14753,17430,32183,5800,10422,16222,1193,3769,4962,335241,389993,725234
2021-03-09,20057,18329,38386,40896,44639,85535,59772,71445,131217,68291,79003,147294,57455,67240,124695,40816,48213,89029,28142,31759,59901,14890,17572,32462,5830,10467,16297,1197,3779,4976,337346,392446,729792
2021-03-10,20278,18510,38788,41106,44881,85987,60087,71810,131897,68698,79457,148155,57715,67556,125271,41059,48540,89599,28369,32011,60380,14990,17704,32694,5858,10513,16371,1200,3789,4989,339360,394771,734131
2021-03-11,20456,18703,39159,41258,45083,86341,60347,72166,132513,68980,79826,148806,57930,67862,125792,41222,48776,89998,28522,32225,60747,15080,17809,32889,5886,10552,16438,1203,3802,5005,340884,396804,737688
2021-03-12,20681,18913,39594,41445,45342,86787,60646,72550,133196,69336,80290,149626,58209,68204,126413,41423,49088,90511,28721,32512,61233,15186,17926,33112,5918,10607,16525,1206,3817,5023,342771,399249,742020
2021-03-13,20825,19042,39867,41587,45528,87115,60948,72911,133859,69701,80689,150390,58448,68485,126933,41623,49390,91013,28922,32750,61672,15263,18024,33287,5936,10647,16583,1210,3821,5031,344463,401287,745750
2021-03-14,20959,19213,40172,41749,45685,87434,61205,73311,134516,70078,81120,151198,58700,68800,127500,41884,49715,91599,29118,33002,62120,15351,18144,33495,5957,10685,16642,1215,3831,5046,346216,403506,749722
2021-03-15,21231,19458,40689,41977,45931,87908,61554,73791,135345,70508,81616,152124,59015,69232,128247,42174,50097,92271,29376,33295,62671,15463,18313,33776,5987,10742,16729,1219,3843,5062,348504,406318,754822
2021-03-16,21477,19700,41177,42196,46191,88387,61861,74189,136050,70928,82077,153005,59301,69535,128836,42424,50416,92840,29600,33563,63163,15567,18438,34005,6014,10801,16815,1224,3860,5084,350592,408770,759362
2021-03-17,21682,19875,41557,42390,46429,88819,62157,74583,136740,71269,82450,153719,59532,69830,129362,42638,50708,93346,29802,33811,63613,15654,18569,34223,6038,10845,16883,1227,3873,5100,352389,410973,763362
2021-03-18,21853,20036,41889,42549,46618,89167,62431,74915,137346,71589,82785,154374,59758,70085,129843,42803,50942,93745,29964,34006,63970,15748,18676,34424,6053,10884,16937,1230,3880,5110,353978,412827,766805
2021-03-19,22034,20234,42268,42774,46851,89625,62710,75286,137996,71919,83169,155088,59997,70389,130386,42995,51204,94199,30135,34220,64355,15828,18770,34598,6073,10920,16993,1236,3889,5125,355701,414932,770633
2021-03-20,22129,20325,42454,42911,47016,89927,62945,75566,138511,72204,83495,155699,60212,70639,130851,43186,51441,94627,30294,34383,64677,15900,18852,34752,6090,10951,17041,1243,3895,5138,357114,416563,773677
2021-03-21,22260,20440,42700,43047,47167,90214,63191,75853,139044,72539,83845,156384,60420,70884,131304,43378,51695,95073,30448,34584,65032,15955,18939,34894,6114,10983,17097,1245,3905,5150,358597,418295,776892
2021-03-22,22469,20653,43122,43275,47376,90651,63500,76273,139773,72908,84267,157175,60703,71194,131897,43628,52028,95656,30640,34826,65466,16057,19062,35119,6140,11047,17187,1249,3927,5176,360569,420653,781222
2021-03-23,22666,20842,43508,43483,47608,91091,63780,76645,140425,73235,84699,157934,60957,71478,132435,43864,52300,96164,30843,35093,65936,16167,19201,35368,6166,11083,17249,1252,3945,5197,362413,422894,785307
2021-03-24,22804,20978,43782,43677,47780,91457,64001,76915,140916,73511,85003,158514,61153,71718,132871,44021,52523,96544,30955,35230,66185,16232,19293,35525,6178,11119,17297,1253,3951,5204,363785,424510,788295
2021-03-25,22960,21122,44082,43857,48018,91875,64253,77271,141524,73848,85385,159233,61431,72055,133486,44221,52764,96985,31092,35431,66523,16307,19379,35686,6208,11159,17367,1257,3956,5213,365434,426540,791974
2021-03-26,23158,21309,44467,44080,48292,92372,64555,77656,142211,74212,85782,159994,61685,72415,134100,44407,53050,97457,31251,35645,66896,16401,19492,35893,6235,11196,17431,1260,3968,5228,367244,428805,796049
2021-03-27,23300,21445,44745,44210,48451,92661,64808,77944,142752,74532,86138,160670,61901,72711,134612,44595,53320,97915,31416,35830,67246,16472,19583,36055,6255,11237,17492,1265,3974,5239,368754,430633,799387
2021-03-28,23415,21549,44964,44329,48625,92954,65022,78225,143247,74804,86499,161303,62132,72965,135097,44776,53571,98347,31555,36017,67572,16526,19644,36170,6274,11266,17540,1267,3980,5247,370100,432341,802441
2021-03-29,23604,21736,45340,44587,48857,93444,65322,78602,143924,75161,86906,162067,62390,73326,135716,45007,53833,98840,31710,36240,67950,16587,19716,36303,6292,11306,17598,1268,3988,5256,371928,434510,806438
2021-03-30,23783,21907,45690,44795,49091,93886,65575,78938,144513,75478,87290,162768,62619,73619,136238,45200,54067,99267,31866,36430,68296,16641,19789,36430,6316,11339,17655,1273,3994,5267,373546,436464,810010
2021-03-31,23936,22038,45974,44964,49259,94223,65833,79272,145105,75784,87644,163428,62825,73921,136746,45345,54281,99626,31966,36552,68518,16679,19841,36520,6336,11363,17699,1274,4004,5278,374942,438175,813117
2021-04-01,24061,22186,46247,45162,49465,94627,66127,79603,145730,76114,87998,164112,63031,74191,137222,45533,54523,100056,32092,36704,68796,16733,19921,36654,6351,11387,17738,1275,4015,5290,376479,439993,816472
2021-04-02,24203,22287,46490,45330,49671,95001,66393,79908,146301,76426,88325,164751,63254,74466,137720,45710,54753,100463,32200,36827,69027,16787,19973,36760,6370,11405,17775,1277,4021,5298,377950,441636,819586
2021-04-03,24313,22393,46706,45503,49893,95396,66662,80212,146874,76755,88691,165446,63494,74791,138285,45885,54971,100856,32337,36968,69305,16833,20041,36874,6391,11447,17838,1282,4029,5311,379455,443436,822891
2021-04-04,24461,22510,46971,45813,50236,96049,67046,80692,147738,77225,89317,166542,63867,75276,139143,46101,55258,101359,32463,37138,69601,16884,20108,36992,6409,11480,17889,1283,4038,5321,381552,446053,827605
2021-04-05,24647,22702,47349,46230,50703,96933,67551,81311,148862,77808,89941,167749,64326,75871,140197,46388,55627,102015,32635,37368,70003,16963,20203,37166,6431,11526,17957,1287,4047,5334,384266,449299,833565
2021-04-06,24859,22928,47787,46576,51083,97659,68103,81878,149981,78402,90624,169026,64761,76380,141141,46685,56006,102691,32844,37667,70511,17068,20331,37399,6457,11578,18035,1290,4060,5350,387045,452535,839580
2021-04-07,25078,23151,48229,46964,51461,98425,68620,82470,151090,78932,91278,170210,65237,76919,142156,46973,56440,103413,33031,37923,70954,17154,20446,37600,6474,11627,18101,1290,4073,5363,389753,455788,845541
2021-04-08,25284,23324,48608,47257,51778,99035,69034,83040,152074,79442,91905,171347,65622,77397,143019,47229,56828,104057,33190,38135,71325,17220,20557,37777,6497,11670,18167,1292,4084,5376,392067,458718,850785
2021-04-09,25442,23480,48922,47487,52047,99534,69308,83450,152758,79775,92329,172104,65910,77745,143655,47409,57093,104502,33320,38285,71605,17275,20635,37910,6509,11705,18214,1294,4093,5387,393729,460862,854591
2021-04-10,25571,23600,49171,47696,52293,99989,69651,83874,153525,80191,92767,172958,66187,78110,144297,47597,57356,104953,33441,38447,71888,17304,20686,37990,6517,11725,18242,1297,4099,5396,395452,462957,858409
2021-04-11,25679,23716,49395,47882,52520,100402,69913,84190,154103,80525,93201,173726,66483,78487,144970,47795,57613,105408,33567,38576,72143,17339,20732,38071,6537,11756,18293,1299,4105,5404,397019,464896,861915
2021-04-12,25876,23900,49776,48158,52777,100935,70258,84635,154893,80935,93686,174621,66831,78958,145789,48047,57967,106014,33713,38768,72481,17394,20821,38215,6559,11798,18357,1301,4115,5416,399072,467425,866497
2021-04-13,26064,24041,50105,48372,52986,101358,70602,85074,155676,81365,94221,175586,67173,79403,146576,48307,58290,106597,33825,38899,72724,17454,20875,38329,6575,11822,18397,1306,4125,5431,401043,469736,870779
2021-04-14,26233,24186,50419,48562,53165,101727,70830,85330,156160,81616,94533,176149,67350,79675,147025,48470,58504,106974,33987,39058,73045,17513,20977,38490,6597,11863,18460,1312,4134,5446,402470,471425,873895
2021-04-15,26421,24369,50790,48813,53457,102270,71228,85835,157063,82065,95125,177190,67759,80252,148011,48762,58903,107665,34158,39238,73396,17560,21056,38616,6618,11901,18519,1314,4143,5457,404698,474279,878977
2021-04-16,26613,24559,51172,49042,53704,102746,71648,86382,158030,82579,95748,178327,68181,80751,148932,49074,59300,108374,34372,39475,73847,17622,21148,38770,6633,11935,18568,1322,4156,5478,407086,477158,884244
2021-04-17,26775,24692,51467,49258,53901,103159,71974,86758,158732,83026,96207,179233,68500,81173,149673,49302,59589,108891,34516,39654,74170,17680,21241,38921,6653,11985,18638,1325,4162,5487,409009,479362,888371
2021-04-18,26882,24830,51712,49405,54089,103494,72272,87097,159369,83383,96655,180038,68828,81546,150374,49534,59870,109404,34675,39828,74503,17735,21314,39049,6682,12018,18700,1328,4172,5500,410724,481419,892143
2021-04-19,27111,25007,52118,49652,54387,104039,72702,87602,160304,83913,97222,181135,69242,82050,151292,49825,60245,110070,34860,40059,74919,17808,21409,39217,6704,12086,18790,1330,4206,5536,413147,484273,897420
2021-04-20,27321,25251,52572,49873,54632,104505,73070,88067,161137,84331,97770,182101,69623,82546,152169,50096,60588,110684,35067,40325,75392,17893,21506,39399,6739,12132,18871,1333,4218,5551,415346,487035,902381
2021-04-21,27498,25410,52908,50055,54813,104868,73384,88436,161820,84670,98215,182885,69933,82959,152892,50306,60905,111211,35228,40514,75742,17957,21583,39540,6759,12182,18941,1334,4226,5560,417124,489243,906367
2021-04-22,27706,25605,53311,50312,55094,105406,73764,88919,162683,85167,98858,184025,70375,83478,153853,50606,61278,111884,35407,40744,76151,18037,21680,39717,6783,12237,19020,1335,4238,5573,419492,492131,911623
2021-04-23,27897,25795,53692,50620,55412,106032,74232,89518,163750,85722,99630,185352,70847,84103,154950,50926,61736,112662,35601,40987,76588,18122,21791,39913,6823,12284,19107,1340,4250,5590,422130,495506,917636
2021-04-24,28001,25879,53880,50740,55508,106248,74377,89731,164108,85921,99865,185786,71004,84317,155321,51026,61874,112900,35669,41074,76743,18173,21856,40029,6841,12330,19171,1346,4275,5621,423098,496709,919807
2021-04-25,28169,26030,54199,50992,55774,106766,74791,90309,165100,86484,100580,187064,71477,84924,156401,51391,62330,113721,35892,41299,77191,18257,21925,40182,6858,12375,19233,1347,4282,5629,425658,499828,925486
2021-04-26,28420,26252,54672,51301,56148,107449,75332,91020,166352,87159,101432,188591,72071,85631,157702,51818,62893,114711,36139,41579,77718,18370,22069,40439,6881,12420,19301,1350,4293,5643,428841,503737,932578
2021-04-27,28641,26440,55081,51637,56532,108169,75852,91760,167612,87792,102287,190079,72594,86320,158914,52215,63415,115630,36377,41840,78217,18465,22211,40676,6911,12485,19396,1358,4308,5666,431842,507598,939440
2021-04-28,28857,26642,55499,51947,56872,108819,76322,92426,168748,88409,103084,191493,73102,86984,160086,52575,63870,116445,36587,42091,78678,18546,22321,40867,6939,12538,19477,1365,4330,5695,434649,511158,945807
2021-04-29,29125,26864,55989,52367,57288,109655,76903,93280,170183,89159,104072,193231,73749,87905,161654,53057,64532,117589,36851,42442,79293,18687,22499,41186,6987,12612,19599,1370,4355,5725,438255,515849,954104
2021-04-30,29321,27038,56359,52613,57525,110138,77229,93780,171009,89592,104682,194274,74102,88433,162535,53340,64947,118287,37032,42668,79700,18794,22630,41424,7024,12687,19711,1373,4382,5755,440420,518772,959192
2021-05-01,29473,27169,56642,52863,57746,110609,77635,94305,171940,90111,105341,195452,74514,89043,163557,53654,65326,118980,37208,42832,80040,18877,22730,41607,7051,12747,19798,1376,4390,5766,442762,521629,964391
2021-05-02,29632,27296,56928,53090,57994,111084,77988,94804,172792,90630,106027,196657,74923,89626,164549,53957,65710,119667,37409,43089,80498,18973,22835,41808,7078,12795,19873,1380,4407,5787,445060,524583,969643
2021-05-03,29925,27558,57483,53405,58344,111749,78604,95605,174209,91399,106995,198394,75550,90414,165964,54420,66379,120799,37728,43515,81243,19139,23011,42150,7119,12886,20005,1385,4432,5817,448674,529139,977813
2021-05-04,30152,27792,57944,53725,58680,112405,79168,96295,175463,92121,107861,199982,76167,91172,167339,54862,67003,121865,37983,43843,81826,19298,23195,42493,7156,12970,20126,1389,4461,5850,452021,533272,985293
2021-05-05,30389,28013,58402,54004,58996,113000,79715,96998,176713,92758,108601,201359,76713,91861,168574,55243,67502,122745,38219,44113,82332,19432,23331,42763,7199,13040,20239,1396,4476,5872,455068,536931,991999
2021-05-06,30593,28247,58840,54378,59385,113763,80253,97772,178025,93414,109511,202925,77303,92590,169893,55687,68081,123768,38470,44403,82873,19565,23474,43039,7231,13106,20337,1403,4494,5897,458297,541063,999360
2021-05-07,30848,28454,59302,54750,59809,114559,80858,98674,179532,94108,110521,204629,77934,93528,171462,56068,68706,124774,38714,44722,83436,19672,23620,43292,7259,13165,20424,1405,4514,5919,461616,545713,1007329
2021-05-08,30992,28582,59574,54923,60004,114927,81195,99136,180331,94555,111045,205600,78247,93909,172156,56308,69014,125322,38845,44865,83710,19735,23690,43425,7283,13207,20490,1407,4528,5935,463490,547980,1011470
2021-05-09,31157,28736,59893,55099,60211,115310,81486,99518,181004,94985,111547,206532,78585,94360,172945,56530,69327,125857,39002,45030,84032,19808,23785,43593,7317,13254,20571,1414,4543,5957,465383,550311,1015694
2021-05-10,31385,28961,60346,55395,60563,115958,82093,100212,182305,95696,112358,208054,79157,95082,174239,56929,69846,126775,39246,45330,84576,19928,23936,43864,7353,13312,20665,1414,4556,5970,468596,554156,1022752
2021-05-11,31572,29126,60698,55631,60845,116476,82493,100757,183250,96224,112967,209191,79635,95606,175241,57244,70252,127496,39474,45600,85074,20042,24061,44103,7379,13352,20731,1416,4563,5979,471110,557129,1028239
2021-05-12,31691,29225,60916,55789,61029,116818,82819,101152,183971,96599,113434,210033,79988,96036,176024,57492,70592,128084,39625,45781,85406,20107,24132,44239,7403,13380,20783,1418,4570,5988,472931,559331,1032262
2021-05-13,31718,29240,60958,55805,61042,116847,82845,101201,184046,96634,113493,210127,80015,96082,176097,57510,70627,128137,39631,45798,85429,20113,24141,44254,7410,13393,20803,1419,4574,5993,473100,559591,1032691
2021-05-14,31719,29246,60965,55812,61043,116855,82857,101217,184074,96642,113508,210150,80021,96091,176112,57515,70634,128149,39634,45804,85438,20114,24143,44257,7411,13393,20804,1419,4574,5993,473144,559653,1032797
