FECHA,<=10M,<=10F,<=10,11-20M,11-20F,11-20,21-30M,21-30F,21-30,31-40M,31-40F,31-40,41-50M,41-50F,41-50,51-60M,51-60F,51-60,61-70M,61-70F,61-70,71-80M,71-80F,71-80,81-90M,81-90F,81-90,>=91M,>=91F,>=91,TotalM,TotalF,Total
2020-03-15,0,0,0,0,1,1,1,0,1,1,0,1,0,0,0,0,0,0,0,1,1,0,0,0,0,0,0,0,0,0,2,2,4
2020-03-16,0,0,0,0,1,1,4,2,6,4,0,4,1,0,1,0,1,1,1,1,2,0,0,0,0,0,0,0,0,0,10,5,15
2020-03-17,0,0,0,1,1,2,5,3,8,6,1,7,1,0,1,2,3,5,1,3,4,2,0,2,0,0,0,0,0,0,18,11,29
2020-03-18,0,0,0,1,1,2,7,5,12,8,4,12,2,1,3,3,3,6,1,4,5,2,0,2,0,0,0,0,0,0,24,18,42
2020-03-19,0,0,0,2,1,3,9,5,14,12,4,16,4,1,5,4,4,8,1,5,6,4,1,5,0,0,0,0,0,0,36,21,57
2020-03-20,0,0,0,2,1,3,14,5,19,14,4,18,6,1,7,6,4,10,2,6,8,4,3,7,0,1,1,0,0,0,48,25,73
2020-03-21,2,0,2,3,3,6,17,5,22,14,8,22,8,2,10,9,7,16,5,7,12,6,3,9,0,1,1,0,0,0,64,36,100
2020-03-22,2,0,2,3,4,7,19,6,25,19,8,27,12,2,14,11,11,22,7,7,14,9,4,13,0,1,1,0,0,0,82,43,125
2020-03-23,2,0,2,4,4,8,21,8,29,24,10,34,14,3,17,15,13,28,8,9,17,12,6,18,1,1,2,0,0,0,101,54,155
2020-03-24,2,0,2,4,4,8,24,13,37,33,11,44,16,4,20,17,14,31,9,9,18,13,7,20,2,1,3,0,0,0,120,63,183
2020-03-25,4,0,4,5,5,10,28,17,45,35,13,48,20,4,24,19,14,33,11,9,20,14,7,21,3,3,6,0,1,1,139,73,212
2020-03-26,4,0,4,5,6,11,29,18,47,37,14,51,22,4,26,21,18,39,14,12,26,15,8,23,4,3,7,0,1,1,151,84,235
2020-03-27,4,0,4,5,6,11,30,20,50,41,14,55,23,7,30,22,19,41,16,14,30,15,10,25,4,3,7,0,1,1,160,94,254
2020-03-28,4,0,4,5,6,11,31,21,52,42,17,59,25,8,33,23,20,43,17,16,33,16,11,27,6,3,9,0,1,1,169,103,272
2020-03-29,4,0,4,5,6,11,34,24,58,48,20,68,25,8,33,24,24,48,19,20,39,19,13,32,6,3,9,1,1,2,185,119,304
2020-03-30,4,0,4,5,7,12,39,27,66,49,22,71,28,10,38,27,24,51,22,23,45,23,14,37,6,3,9,1,2,3,204,132,336
2020-03-31,5,0,5,5,8,13,41,29,70,51,23,74,31,11,42,32,24,56,24,24,48,26,18,44,6,4,10,1,4,5,222,145,367
2020-04-01,5,0,5,6,9,15,43,33,76,54,28,82,34,13,47,34,28,62,28,26,54,26,19,45,6,5,11,1,4,5,237,165,402
2020-04-02,5,0,5,6,9,15,44,33,77,57,33,90,36,14,50,36,31,67,31,26,57,33,22,55,6,8,14,2,7,9,256,183,439
2020-04-03,5,0,5,6,9,15,47,35,82,58,34,92,39,15,54,36,35,71,32,29,61,35,22,57,6,9,15,2,8,10,266,196,462
2020-04-04,5,2,7,6,9,15,49,37,86,59,34,93,39,16,55,38,36,74,33,31,64,35,22,57,6,10,16,3,8,11,273,205,478
2020-04-05,6,2,8,6,9,15,49,39,88,61,35,96,39,20,59,38,37,75,34,31,65,37,23,60,7,10,17,3,8,11,280,214,494
2020-04-06,6,2,8,6,9,15,50,41,91,64,38,102,40,21,61,39,41,80,37,33,70,39,25,64,7,11,18,3,8,11,291,229,520
2020-04-07,6,2,8,6,10,16,53,41,94,65,43,108,41,21,62,41,42,83,38,33,71,40,27,67,8,11,19,5,8,13,303,238,541
2020-04-08,8,2,10,7,10,17,54,42,96,66,50,116,42,23,65,43,42,85,39,33,72,42,28,70,8,11,19,5,8,13,314,249,563
2020-04-09,8,2,10,7,11,18,55,42,97,71,50,121,42,24,66,44,42,86,39,34,73,42,28,70,8,11,19,5,8,13,321,252,573
2020-04-10,8,2,10,7,11,18,55,43,98,75,53,128,42,24,66,45,42,87,39,34,73,42,28,70,8,11,19,5,8,13,326,256,582
2020-04-11,8,2,10,7,11,18,55,44,99,76,54,130,42,26,68,46,42,88,39,34,73,42,28,70,10,12,22,5,8,13,330,261,591
2020-04-12,8,2,10,7,11,18,56,44,100,79,57,136,42,26,68,46,44,90,39,34,73,42,29,71,11,13,24,5,8,13,335,268,603
2020-04-13,9,2,11,7,11,18,58,45,103,81,60,141,45,27,72,46,47,93,39,36,75,43,30,73,11,13,24,5,8,13,344,279,623
2020-04-14,9,2,11,7,11,18,61,47,108,85,61,146,46,29,75,48,48,96,42,37,79,45,31,76,11,13,24,5,9,14,359,288,647
2020-04-15,9,2,11,7,12,19,61,47,108,87,63,150,48,30,78,48,49,97,42,37,79,45,31,76,11,14,25,5,9,14,363,294,657
2020-04-16,9,2,11,7,12,19,61,49,110,91,65,156,49,30,79,51,51,102,43,37,80,48,32,80,11,20,31,6,10,16,376,308,684
2020-04-17,9,2,11,7,12,19,63,51,114,93,69,162,50,31,81,52,52,104,44,38,82,48,33,81,13,24,37,6,11,17,385,323,708
2020-04-18,9,3,12,7,12,19,64,52,116,93,70,163,52,33,85,53,53,106,46,39,85,49,34,83,14,29,43,6,14,20,393,339,732
2020-04-19,9,3,12,7,12,19,67,52,119,97,74,171,52,37,89,54,53,107,46,40,86,50,37,87,14,31,45,7,17,24,403,356,759
2020-04-20,9,3,12,7,12,19,67,53,120,99,75,174,54,38,92,57,56,113,47,40,87,50,40,90,17,32,49,8,18,26,415,367,782
2020-04-21,9,7,16,7,12,19,67,56,123,100,81,181,55,42,97,58,58,116,49,41,90,50,43,93,20,35,55,9,23,32,424,398,822
2020-04-22,10,7,17,8,13,21,74,63,137,105,85,190,58,46,104,59,62,121,52,43,95,52,50,102,23,41,64,14,29,43,455,439,894
2020-04-23,16,10,26,9,14,23,82,67,149,107,90,197,62,50,112,60,62,122,55,47,102,54,53,107,31,42,73,14,32,46,490,467,957
2020-04-24,18,10,28,9,17,26,87,73,160,114,94,208,65,53,118,62,68,130,58,48,106,54,53,107,33,45,78,14,32,46,514,493,1007
2020-04-25,21,11,32,11,17,28,87,77,164,117,96,213,68,60,128,64,68,132,59,49,108,54,53,107,34,47,81,14,32,46,529,510,1039
2020-04-26,22,13,35,13,17,30,87,81,168,120,99,219,69,61,130,64,68,132,59,49,108,54,54,108,35,48,83,14,32,46,537,522,1059
2020-04-27,24,15,39,14,19,33,91,89,180,124,108,232,77,66,143,66,71,137,62,49,111,56,55,111,38,50,88,15,33,48,567,555,1122
2020-04-28,24,15,39,16,20,36,92,92,184,132,110,242,78,69,147,70,71,141,64,50,114,59,55,114,39,55,94,15,35,50,589,572,1161
2020-04-29,25,17,42,18,23,41,95,94,189,136,111,247,82,74,156,71,73,144,65,51,116,61,56,117,39,58,97,15,35,50,607,592,1199
2020-04-30,28,17,45,18,28,46,97,95,192,144,116,260,86,77,163,75,74,149,66,51,117,62,56,118,39,59,98,15,35,50,630,608,1238
2020-05-01,31,20,51,23,29,52,102,103,205,145,120,265,89,81,170,79,76,155,67,52,119,62,56,118,39,60,99,16,35,51,653,632,1285
2020-05-02,35,22,57,26,34,60,107,111,218,150,125,275,91,82,173,79,77,156,67,52,119,63,56,119,39,61,100,16,35,51,673,655,1328
2020-05-03,36,23,59,33,35,68,109,118,227,152,133,285,93,83,176,82,77,159,68,54,122,63,56,119,40,62,102,16,35,51,692,676,1368
2020-05-04,38,27,65,37,38,75,115,125,240,161,142,303,96,90,186,84,78,162,71,54,125,63,56,119,41,64,105,16,36,52,722,710,1432
2020-05-05,42,33,75,41,45,86,123,137,260,177,151,328,104,106,210,90,82,172,72,58,130,65,59,124,47,75,122,17,42,59,778,788,1566
2020-05-06,44,39,83,44,50,94,132,145,277,187,164,351,112,111,223,93,82,175,75,59,134,66,61,127,48,76,124,18,43,61,819,830,1649
2020-05-07,50,45,95,49,56,105,144,163,307,200,174,374,120,118,238,99,86,185,76,63,139,66,62,128,51,77,128,18,45,63,873,889,1762
2020-05-08,61,55,116,59,67,126,159,181,340,216,193,409,136,130,266,104,88,192,82,66,148,70,62,132,52,81,133,19,45,64,958,968,1926
2020-05-09,63,59,122,61,73,134,169,190,359,231,209,440,149,135,284,112,95,207,86,68,154,71,64,135,52,81,133,20,45,65,1014,1019,2033
2020-05-10,68,64,132,67,79,146,183,200,383,259,223,482,182,138,320,136,101,237,90,71,161,71,66,137,53,81,134,20,45,65,1129,1068,2197
2020-05-11,76,72,148,71,86,157,195,211,406,277,241,518,192,148,340,140,104,244,94,74,168,72,67,139,54,84,138,20,46,66,1191,1133,2324
2020-05-12,84,90,174,78,96,174,225,244,469,302,262,564,205,162,367,152,113,265,101,77,178,75,73,148,54,85,139,23,48,71,1299,1250,2549
2020-05-13,93,97,190,88,105,193,250,262,512,319,280,599,224,177,401,162,123,285,108,84,192,76,75,151,54,87,141,23,51,74,1397,1341,2738
2020-05-14,111,119,230,108,126,234,276,292,568,337,303,640,240,191,431,178,136,314,113,89,202,77,76,153,54,88,142,23,51,74,1517,1471,2988
2020-05-15,126,138,264,114,141,255,295,311,606,356,328,684,259,208,467,189,147,336,115,92,207,79,78,157,54,90,144,24,52,76,1611,1585,3196
2020-05-16,139,149,288,124,153,277,317,339,656,370,347,717,283,226,509,199,157,356,118,95,213,81,81,162,56,92,148,24,56,80,1711,1695,3406
2020-05-17,155,159,314,139,170,309,346,355,701,399,365,764,296,237,533,214,167,381,120,103,223,83,82,165,60,97,157,24,57,81,1836,1792,3628
2020-05-18,178,183,361,159,187,346,393,404,797,430,407,837,320,259,579,232,190,422,129,109,238,91,87,178,63,103,166,25,59,84,2020,1988,4008
2020-05-19,207,210,417,178,208,386,430,446,876,472,440,912,340,284,624,247,199,446,135,117,252,92,89,181,65,108,173,26,61,87,2192,2162,4354
2020-05-20,228,227,455,192,234,426,471,491,962,503,475,978,368,307,675,269,217,486,146,126,272,94,95,189,67,113,180,26,62,88,2364,2347,4711
2020-05-21,248,246,494,219,252,471,504,538,1042,555,509,1064,393,337,730,290,231,521,159,127,286,100,100,200,69,115,184,26,65,91,2563,2520,5083
2020-05-22,266,256,522,234,271,505,539,587,1126,590,539,1129,426,371,797,308,244,552,170,136,306,100,103,203,70,116,186,27,66,93,2730,2689,5419
2020-05-23,285,287,572,254,296,550,573,618,1191,618,567,1185,459,394,853,324,264,588,176,140,316,103,106,209,72,126,198,27,68,95,2891,2866,5757
2020-05-24,300,300,600,265,308,573,601,649,1250,641,596,1237,491,414,905,340,276,616,181,142,323,104,110,214,75,127,202,28,69,97,3026,2991,6017
2020-05-25,322,319,641,281,324,605,632,679,1311,665,627,1292,516,436,952,354,290,644,186,151,337,109,120,229,76,134,210,29,70,99,3170,3150,6320
2020-05-26,345,337,682,305,353,658,673,723,1396,712,668,1380,548,463,1011,381,320,701,196,157,353,111,126,237,77,140,217,31,77,108,3379,3364,6743
2020-05-27,377,351,728,327,381,708,716,774,1490,758,709,1467,580,498,1078,407,338,745,203,166,369,119,134,253,80,144,224,31,80,111,3598,3575,7173
2020-05-28,408,366,774,353,411,764,764,827,1591,800,745,1545,611,539,1150,427,358,785,215,177,392,124,146,270,93,166,259,35,94,129,3830,3829,7659
2020-05-29,434,404,838,377,444,821,795,873,1668,850,777,1627,630,570,1200,447,373,820,226,188,414,134,156,290,96,177,273,35,101,136,4024,4063,8087
2020-05-30,446,422,868,400,469,869,827,909,1736,879,812,1691,645,586,1231,463,382,845,232,194,426,137,161,298,98,180,278,36,102,138,4163,4217,8380
2020-05-31,452,433,885,411,489,900,860,936,1796,899,838,1737,665,615,1280,479,398,877,238,198,436,144,166,310,105,182,287,38,102,140,4291,4357,8648
2020-06-01,473,450,923,429,518,947,897,973,1870,943,876,1819,702,648,1350,498,424,922,243,208,451,151,175,326,111,189,300,39,102,141,4486,4563,9049
2020-06-02,505,473,978,460,543,1003,943,1017,1960,980,926,1906,733,675,1408,516,444,960,263,219,482,163,179,342,114,207,321,43,112,155,4720,4795,9515
2020-06-03,527,497,1024,475,564,1039,983,1069,2052,1030,967,1997,766,702,1468,540,470,1010,279,234,513,171,193,364,118,215,333,46,115,161,4935,5026,9961
2020-06-04,550,526,1076,495,590,1085,1025,1129,2154,1067,1011,2078,789,734,1523,567,492,1059,291,239,530,176,198,374,118,221,339,49,123,172,5127,5263,10390
2020-06-05,591,549,1140,529,616,1145,1070,1189,2259,1115,1061,2176,823,765,1588,589,513,1102,305,253,558,182,211,393,123,228,351,49,126,175,5376,5511,10887
2020-06-06,612,570,1182,545,641,1186,1107,1232,2339,1171,1094,2265,850,802,1652,607,530,1137,312,261,573,188,219,407,125,241,366,51,134,185,5568,5724,11292
2020-06-07,627,591,1218,566,655,1221,1143,1275,2418,1201,1121,2322,881,826,1707,622,543,1165,317,269,586,191,227,418,128,255,383,51,141,192,5727,5903,11630
2020-06-08,660,631,1291,592,691,1283,1201,1334,2535,1267,1178,2445,920,872,1792,668,571,1239,335,281,616,206,240,446,139,266,405,52,148,200,6040,6212,12252
2020-06-09,689,656,1345,623,721,1344,1247,1394,2641,1330,1251,2581,976,917,1893,703,612,1315,353,295,648,224,250,474,146,280,426,52,155,207,6343,6531,12874
2020-06-10,709,678,1387,645,750,1395,1307,1456,2763,1387,1316,2703,1033,957,1990,730,642,1372,369,311,680,240,266,506,154,310,464,53,171,224,6627,6857,13484
2020-06-11,741,706,1447,672,789,1461,1395,1540,2935,1456,1371,2827,1083,1009,2092,773,666,1439,385,327,712,254,278,532,160,322,482,53,177,230,6972,7185,14157
2020-06-12,783,747,1530,709,829,1538,1450,1614,3064,1519,1431,2950,1137,1060,2197,812,691,1503,403,349,752,268,289,557,164,326,490,54,181,235,7299,7517,14816
2020-06-13,819,767,1586,730,870,1600,1505,1671,3176,1569,1483,3052,1171,1105,2276,838,715,1553,421,361,782,278,302,580,168,342,510,57,192,249,7556,7808,15364
2020-06-14,840,793,1633,751,886,1637,1536,1715,3251,1612,1520,3132,1196,1129,2325,859,734,1593,434,373,807,282,312,594,173,356,529,57,199,256,7740,8017,15757
2020-06-15,869,811,1680,776,903,1679,1593,1768,3361,1657,1569,3226,1237,1155,2392,875,752,1627,446,381,827,288,319,607,177,365,542,61,201,262,7979,8224,16203
2020-06-16,908,850,1758,805,936,1741,1665,1842,3507,1743,1640,3383,1301,1201,2502,913,790,1703,472,402,874,305,331,636,181,380,561,62,206,268,8355,8578,16933
2020-06-17,947,880,1827,839,976,1815,1755,1931,3686,1836,1727,3563,1370,1277,2647,975,841,1816,501,429,930,336,343,679,188,405,593,63,217,280,8810,9026,17836
2020-06-18,976,917,1893,888,1016,1904,1846,2018,3864,1936,1820,3756,1454,1355,2809,1033,894,1927,527,444,971,347,357,704,196,420,616,64,223,287,9267,9464,18731
2020-06-19,1009,952,1961,930,1068,1998,1930,2103,4033,2030,1906,3936,1518,1403,2921,1071,940,2011,558,472,1030,373,380,753,212,440,652,65,242,307,9696,9906,19602
2020-06-20,1044,991,2035,962,1110,2072,2002,2179,4181,2107,1964,4071,1573,1468,3041,1109,976,2085,576,489,1065,388,398,786,220,451,671,70,251,321,10051,10277,20328
2020-06-21,1067,1026,2093,1001,1142,2143,2051,2228,4279,2175,2020,4195,1607,1511,3118,1141,1002,2143,597,496,1093,398,409,807,228,467,695,71,263,334,10336,10564,20900
2020-06-22,1121,1065,2186,1043,1195,2238,2152,2315,4467,2290,2101,4391,1689,1574,3263,1222,1052,2274,645,528,1173,420,438,858,247,487,734,75,273,348,10904,11028,21932
2020-06-23,1157,1104,2261,1086,1232,2318,2255,2421,4676,2374,2193,4567,1772,1647,3419,1289,1101,2390,668,551,1219,434,451,885,262,519,781,78,280,358,11375,11499,22874
2020-06-24,1188,1132,2320,1122,1277,2399,2368,2517,4885,2464,2280,4744,1855,1723,3578,1345,1152,2497,698,572,1270,451,461,912,272,536,808,81,293,374,11844,11943,23787
2020-06-25,1229,1174,2403,1170,1323,2493,2459,2621,5080,2571,2369,4940,1907,1789,3696,1399,1194,2593,727,589,1316,461,476,937,281,563,844,83,305,388,12287,12403,24690
2020-06-26,1270,1222,2492,1229,1364,2593,2546,2717,5263,2669,2465,5134,1972,1871,3843,1456,1239,2695,760,610,1370,474,493,967,291,583,874,85,318,403,12752,12882,25634
2020-06-27,1311,1258,2569,1266,1405,2671,2628,2789,5417,2733,2551,5284,2019,1923,3942,1496,1270,2766,791,630,1421,482,504,986,299,599,898,87,323,410,13112,13252,26364
2020-06-28,1339,1276,2615,1301,1428,2729,2704,2862,5566,2793,2601,5394,2086,1966,4052,1531,1307,2838,806,645,1451,490,514,1004,308,612,920,89,331,420,13447,13542,26989
2020-06-29,1364,1304,2668,1348,1479,2827,2800,2946,5746,2903,2677,5580,2166,2048,4214,1584,1358,2942,836,665,1501,506,531,1037,326,638,964,92,342,434,13925,13988,27913
2020-06-30,1394,1337,2731,1402,1514,2916,2884,3031,5915,2989,2768,5757,2239,2117,4356,1643,1402,3045,864,693,1557,526,552,1078,344,661,1005,96,357,453,14381,14432,28813
2020-07-01,1423,1373,2796,1450,1553,3003,2964,3114,6078,3084,2857,5941,2300,2170,4470,1699,1447,3146,899,723,1622,545,566,1111,361,679,1040,99,366,465,14824,14848,29672
2020-07-02,1466,1406,2872,1493,1607,3100,3048,3215,6263,3162,2955,6117,2398,2243,4641,1745,1496,3241,948,748,1696,566,589,1155,369,696,1065,101,374,475,15296,15329,30625
2020-07-03,1511,1449,2960,1548,1654,3202,3143,3309,6452,3273,3041,6314,2473,2320,4793,1811,1546,3357,982,774,1756,586,615,1201,376,721,1097,103,390,493,15806,15819,31625
2020-07-04,1539,1494,3033,1577,1681,3258,3207,3386,6593,3358,3116,6474,2545,2373,4918,1858,1589,3447,1015,801,1816,610,649,1259,382,770,1152,105,413,518,16196,16272,32468
2020-07-05,1560,1520,3080,1610,1710,3320,3261,3446,6707,3425,3173,6598,2604,2428,5032,1906,1634,3540,1049,826,1875,632,682,1314,397,804,1201,108,424,532,16552,16647,33199
2020-07-06,1590,1549,3139,1647,1745,3392,3358,3543,6901,3546,3275,6821,2700,2510,5210,1980,1691,3671,1099,864,1963,655,714,1369,409,853,1262,115,441,556,17099,17185,34284
2020-07-07,1627,1589,3216,1677,1784,3461,3468,3640,7108,3666,3371,7037,2787,2593,5380,2042,1739,3781,1133,891,2024,690,740,1430,422,880,1302,119,451,570,17631,17678,35309
2020-07-08,1668,1629,3297,1713,1824,3537,3566,3749,7315,3794,3483,7277,2866,2681,5547,2106,1817,3923,1183,925,2108,717,776,1493,442,918,1360,125,478,603,18180,18280,36460
2020-07-09,1707,1658,3365,1749,1868,3617,3636,3821,7457,3875,3587,7462,2944,2738,5682,2149,1849,3998,1226,971,2197,746,798,1544,459,959,1418,128,489,617,18619,18738,37357
2020-07-10,1743,1693,3436,1786,1901,3687,3709,3911,7620,3959,3674,7633,3019,2803,5822,2209,1909,4118,1272,1004,2276,764,816,1580,477,982,1459,130,501,631,19068,19194,38262
2020-07-11,1767,1724,3491,1814,1936,3750,3772,3983,7755,4043,3764,7807,3093,2863,5956,2268,1952,4220,1314,1029,2343,784,840,1624,484,1008,1492,134,511,645,19473,19610,39083
2020-07-12,1794,1744,3538,1842,1967,3809,3831,4037,7868,4110,3830,7940,3155,2902,6057,2318,1986,4304,1337,1054,2391,804,856,1660,502,1035,1537,136,527,663,19829,19938,39767
2020-07-13,1835,1777,3612,1893,2015,3908,3933,4153,8086,4249,3950,8199,3258,3002,6260,2404,2053,4457,1377,1088,2465,829,889,1718,522,1077,1599,143,551,694,20443,20555,40998
2020-07-14,1867,1811,3678,1931,2050,3981,4050,4260,8310,4380,4067,8447,3338,3086,6424,2471,2116,4587,1424,1127,2551,856,913,1769,534,1114,1648,151,566,717,21002,21110,42112
2020-07-15,1900,1846,3746,1977,2085,4062,4148,4366,8514,4495,4201,8696,3425,3187,6612,2548,2166,4714,1468,1161,2629,889,942,1831,547,1147,1694,156,592,748,21553,21693,43246
2020-07-16,1929,1889,3818,2032,2131,4163,4253,4460,8713,4638,4330,8968,3517,3277,6794,2621,2238,4859,1513,1198,2711,914,974,1888,567,1191,1758,166,628,794,22150,22316,44466
2020-07-17,1975,1916,3891,2061,2179,4240,4348,4597,8945,4758,4437,9195,3596,3368,6964,2690,2304,4994,1559,1231,2790,937,1002,1939,587,1239,1826,173,659,832,22684,22932,45616
2020-07-18,2006,1952,3958,2110,2213,4323,4444,4684,9128,4873,4543,9416,3680,3468,7148,2760,2360,5120,1595,1264,2859,965,1036,2001,596,1271,1867,178,672,850,23207,23463,46670
2020-07-19,2041,1994,4035,2145,2243,4388,4522,4769,9291,4965,4636,9601,3754,3541,7295,2823,2412,5235,1639,1291,2930,986,1065,2051,612,1303,1915,186,689,875,23673,23943,47616
2020-07-20,2065,2037,4102,2184,2295,4479,4663,4889,9552,5111,4776,9887,3870,3637,7507,2894,2494,5388,1704,1342,3046,1012,1101,2113,636,1337,1973,188,701,889,24327,24609,48936
2020-07-21,2112,2072,4184,2226,2339,4565,4779,5028,9807,5262,4933,10195,3990,3756,7746,2992,2588,5580,1766,1372,3138,1037,1130,2167,656,1374,2030,191,726,917,25011,25318,50329
2020-07-22,2144,2100,4244,2265,2391,4656,4924,5148,10072,5400,5063,10463,4103,3848,7951,3085,2652,5737,1820,1418,3238,1079,1162,2241,673,1404,2077,195,746,941,25688,25932,51620
2020-07-23,2177,2140,4317,2298,2434,4732,5056,5288,10344,5519,5178,10697,4201,3940,8141,3173,2711,5884,1858,1453,3311,1106,1186,2292,695,1431,2126,198,757,955,26281,26518,52799
2020-07-24,2224,2177,4401,2344,2475,4819,5185,5408,10593,5665,5304,10969,4300,4052,8352,3268,2776,6044,1896,1496,3392,1124,1205,2329,711,1476,2187,203,776,979,26920,27145,54065
2020-07-25,2249,2201,4450,2382,2503,4885,5265,5493,10758,5773,5401,11174,4392,4120,8512,3314,2827,6141,1931,1524,3455,1142,1230,2372,722,1498,2220,212,791,1003,27382,27588,54970
2020-07-26,2271,2227,4498,2405,2540,4945,5334,5570,10904,5843,5484,11327,4449,4186,8635,3352,2870,6222,1965,1543,3508,1169,1253,2422,741,1535,2276,217,804,1021,27746,28012,55758
2020-07-27,2299,2253,4552,2447,2582,5029,5455,5668,11123,5990,5625,11615,4534,4283,8817,3438,2950,6388,2005,1582,3587,1194,1281,2475,762,1561,2323,222,821,1043,28346,28606,56952
2020-07-28,2330,2277,4607,2498,2624,5122,5576,5783,11359,6137,5763,11900,4629,4380,9009,3523,3000,6523,2039,1625,3664,1227,1309,2536,781,1594,2375,224,840,1064,28964,29195,58159
2020-07-29,2352,2310,4662,2553,2670,5223,5688,5901,11589,6248,5884,12132,4732,4482,9214,3579,3073,6652,2090,1649,3739,1255,1335,2590,804,1630,2434,231,858,1089,29532,29792,59324
2020-07-30,2389,2336,4725,2588,2717,5305,5821,6014,11835,6386,6007,12393,4835,4583,9418,3641,3139,6780,2128,1673,3801,1275,1381,2656,821,1674,2495,236,886,1122,30120,30410,60530
2020-07-31,2419,2370,4789,2646,2766,5412,5930,6129,12059,6488,6125,12613,4940,4673,9613,3709,3209,6918,2183,1695,3878,1302,1413,2715,834,1712,2546,239,913,1152,30690,31005,61695
2020-08-01,2451,2405,4856,2678,2824,5502,6015,6235,12250,6598,6244,12842,5061,4760,9821,3773,3259,7032,2214,1725,3939,1318,1436,2754,847,1743,2590,244,924,1168,31199,31555,62754
2020-08-02,2479,2427,4906,2710,2864,5574,6093,6308,12401,6694,6329,13023,5141,4840,9981,3831,3302,7133,2253,1766,4019,1352,1463,2815,868,1787,2655,247,950,1197,31668,32036,63704
2020-08-03,2521,2471,4992,2774,2913,5687,6239,6459,12698,6858,6477,13335,5280,4963,10243,3917,3402,7319,2315,1818,4133,1386,1502,2888,887,1849,2736,251,983,1234,32428,32837,65265
2020-08-04,2555,2500,5055,2820,2970,5790,6372,6590,12962,7014,6623,13637,5411,5098,10509,4007,3489,7496,2378,1861,4239,1426,1545,2971,911,1917,2828,257,1016,1273,33151,33609,66760
2020-08-05,2598,2537,5135,2880,3012,5892,6511,6726,13237,7172,6757,13929,5525,5216,10741,4095,3559,7654,2459,1919,4378,1460,1587,3047,938,1995,2933,264,1063,1327,33902,34371,68273
2020-08-06,2630,2568,5198,2933,3056,5989,6639,6846,13485,7293,6884,14177,5636,5309,10945,4167,3641,7808,2499,1964,4463,1480,1614,3094,953,2030,2983,271,1083,1354,34501,34995,69496
2020-08-07,2660,2596,5256,2969,3101,6070,6751,6962,13713,7406,7004,14410,5740,5396,11136,4240,3716,7956,2540,2015,4555,1511,1640,3151,971,2058,3029,277,1098,1375,35065,35586,70651
2020-08-08,2688,2626,5314,3006,3128,6134,6829,7053,13882,7496,7101,14597,5808,5476,11284,4298,3778,8076,2571,2050,4621,1530,1671,3201,981,2102,3083,280,1121,1401,35487,36106,71593
2020-08-09,2707,2640,5347,3041,3164,6205,6896,7136,14032,7570,7170,14740,5873,5544,11417,4360,3823,8183,2616,2086,4702,1548,1683,3231,994,2124,3118,284,1126,1410,35889,36496,72385
2020-08-10,2737,2674,5411,3079,3203,6282,7009,7261,14270,7709,7312,15021,5982,5655,11637,4452,3897,8349,2652,2134,4786,1575,1709,3284,1009,2164,3173,288,1150,1438,36492,37159,73651
2020-08-11,2757,2697,5454,3109,3238,6347,7100,7373,14473,7845,7428,15273,6109,5741,11850,4528,3972,8500,2700,2166,4866,1602,1740,3342,1024,2211,3235,294,1172,1466,37068,37738,74806
2020-08-12,2785,2733,5518,3157,3272,6429,7203,7473,14676,7959,7547,15506,6206,5842,12048,4616,4048,8664,2743,2210,4953,1626,1763,3389,1032,2232,3264,300,1178,1478,37627,38298,75925
2020-08-13,2808,2756,5564,3203,3313,6516,7307,7580,14887,8064,7665,15729,6289,5940,12229,4677,4104,8781,2800,2236,5036,1646,1787,3433,1043,2251,3294,302,1184,1486,38139,38816,76955
2020-08-14,2835,2774,5609,3241,3358,6599,7405,7696,15101,8183,7775,15958,6376,6018,12394,4742,4157,8899,2841,2275,5116,1671,1806,3477,1058,2280,3338,305,1197,1502,38657,39336,77993
2020-08-15,2852,2794,5646,3279,3394,6673,7490,7792,15282,8289,7871,16160,6440,6097,12537,4800,4212,9012,2875,2315,5190,1698,1847,3545,1080,2341,3421,308,1227,1535,39111,39890,79001
2020-08-16,2871,2815,5686,3309,3413,6722,7572,7848,15420,8354,7939,16293,6508,6152,12660,4843,4246,9089,2905,2341,5246,1721,1865,3586,1091,2358,3449,311,1242,1553,39485,40219,79704
2020-08-17,2894,2831,5725,3356,3452,6808,7654,7953,15607,8463,8060,16523,6584,6226,12810,4919,4297,9216,2944,2370,5314,1750,1879,3629,1099,2378,3477,312,1251,1563,39975,40697,80672
2020-08-18,2917,2864,5781,3406,3489,6895,7780,8063,15843,8622,8181,16803,6700,6322,13022,5009,4389,9398,2988,2415,5403,1776,1909,3685,1111,2425,3536,317,1286,1603,40626,41343,81969
2020-08-19,2948,2895,5843,3448,3529,6977,7920,8186,16106,8772,8308,17080,6811,6440,13251,5092,4478,9570,3040,2459,5499,1798,1940,3738,1128,2459,3587,324,1307,1631,41281,42001,83282
2020-08-20,2977,2919,5896,3506,3569,7075,8029,8306,16335,8910,8430,17340,6919,6511,13430,5158,4543,9701,3099,2498,5597,1822,1967,3789,1148,2493,3641,328,1328,1656,41896,42564,84460
2020-08-21,3000,2941,5941,3549,3620,7169,8153,8426,16579,9055,8560,17615,7008,6615,13623,5234,4618,9852,3148,2532,5680,1845,1990,3835,1165,2513,3678,330,1340,1670,42487,43155,85642
2020-08-22,3026,2965,5991,3591,3651,7242,8254,8532,16786,9151,8670,17821,7096,6687,13783,5287,4679,9966,3188,2565,5753,1875,2013,3888,1175,2531,3706,331,1343,1674,42974,43636,86610
2020-08-23,3052,2990,6042,3631,3698,7329,8337,8621,16958,9233,8743,17976,7167,6764,13931,5346,4736,10082,3226,2606,5832,1896,2029,3925,1195,2554,3749,335,1354,1689,43418,44095,87513
2020-08-24,3087,3019,6106,3685,3741,7426,8474,8749,17223,9390,8879,18269,7294,6890,14184,5435,4826,10261,3283,2664,5947,1925,2057,3982,1209,2569,3778,338,1363,1701,44120,44757,88877
2020-08-25,3127,3044,6171,3738,3782,7520,8594,8904,17498,9555,9049,18604,7412,7016,14428,5533,4923,10456,3351,2714,6065,1964,2092,4056,1230,2609,3839,342,1381,1723,44846,45514,90360
2020-08-26,3165,3075,6240,3793,3843,7636,8738,9046,17784,9725,9184,18909,7574,7142,14716,5647,5003,10650,3406,2766,6172,2001,2139,4140,1247,2650,3897,345,1403,1748,45641,46251,91892
2020-08-27,3197,3116,6313,3853,3903,7756,8883,9215,18098,9901,9338,19239,7697,7285,14982,5742,5090,10832,3463,2818,6281,2031,2161,4192,1262,2698,3960,350,1422,1772,46379,47046,93425
2020-08-28,3220,3136,6356,3908,3960,7868,9015,9355,18370,10044,9478,19522,7807,7388,15195,5844,5182,11026,3518,2872,6390,2065,2194,4259,1275,2725,4000,351,1434,1785,47047,47724,94771
2020-08-29,3245,3154,6399,3940,3997,7937,9109,9452,18561,10146,9601,19747,7900,7479,15379,5910,5251,11161,3561,2917,6478,2086,2224,4310,1290,2745,4035,353,1440,1793,47540,48260,95800
2020-08-30,3259,3167,6426,3973,4039,8012,9185,9524,18709,10227,9688,19915,7969,7558,15527,5979,5305,11284,3603,2951,6554,2111,2243,4354,1301,2772,4073,355,1446,1801,47962,48693,96655
2020-08-31,3285,3187,6472,4016,4087,8103,9319,9662,18981,10378,9848,20226,8108,7667,15775,6066,5383,11449,3658,2996,6654,2144,2293,4437,1318,2831,4149,362,1465,1827,48654,49419,98073
2020-09-01,3305,3208,6513,4067,4136,8203,9434,9793,19227,10536,9977,20513,8247,7788,16035,6147,5452,11599,3716,3050,6766,2170,2327,4497,1337,2869,4206,366,1491,1857,49325,50091,99416
2020-09-02,3328,3222,6550,4111,4175,8286,9527,9904,19431,10662,10098,20760,8346,7881,16227,6214,5516,11730,3764,3093,6857,2188,2353,4541,1356,2889,4245,367,1494,1861,49863,50625,100488
2020-09-03,3340,3246,6586,4152,4203,8355,9648,10015,19663,10792,10219,21011,8455,7979,16434,6289,5579,11868,3818,3135,6953,2215,2385,4600,1372,2910,4282,370,1502,1872,50451,51173,101624
2020-09-04,3365,3266,6631,4191,4259,8450,9789,10117,19906,10908,10343,21251,8554,8094,16648,6363,5656,12019,3860,3169,7029,2235,2415,4650,1378,2928,4306,374,1514,1888,51017,51761,102778
2020-09-05,3376,3281,6657,4225,4289,8514,9872,10214,20086,11009,10445,21454,8656,8197,16853,6424,5710,12134,3894,3208,7102,2266,2443,4709,1388,2957,4345,375,1524,1899,51485,52268,103753
2020-09-06,3392,3297,6689,4260,4321,8581,9937,10275,20212,11068,10511,21579,8716,8254,16970,6473,5759,12232,3932,3239,7171,2289,2468,4757,1398,2971,4369,378,1531,1909,51843,52626,104469
2020-09-07,3414,3316,6730,4296,4360,8656,10055,10401,20456,11193,10626,21819,8812,8368,17180,6568,5839,12407,3991,3283,7274,2333,2509,4842,1422,3007,4429,380,1555,1935,52464,53264,105728
2020-09-08,3437,3337,6774,4336,4408,8744,10174,10512,20686,11332,10767,22099,8938,8486,17424,6652,5925,12577,4038,3326,7364,2367,2536,4903,1438,3043,4481,385,1567,1952,53097,53907,107004
2020-09-09,3462,3363,6825,4379,4455,8834,10306,10637,20943,11475,10899,22374,9045,8582,17627,6721,5999,12720,4099,3370,7469,2400,2567,4967,1447,3063,4510,390,1583,1973,53724,54518,108242
2020-09-10,3495,3382,6877,4417,4504,8921,10400,10744,21144,11591,11008,22599,9152,8680,17832,6812,6065,12877,4154,3405,7559,2432,2608,5040,1459,3111,4570,394,1612,2006,54306,55119,109425
2020-09-11,3525,3407,6932,4454,4554,9008,10488,10869,21357,11715,11118,22833,9275,8785,18060,6887,6150,13037,4187,3437,7624,2466,2639,5105,1472,3130,4602,395,1616,2011,54864,55705,110569
2020-09-12,3541,3419,6960,4482,4587,9069,10557,10945,21502,11791,11207,22998,9347,8869,18216,6938,6207,13145,4222,3474,7696,2481,2658,5139,1482,3156,4638,397,1633,2030,55238,56155,111393
2020-09-13,3557,3437,6994,4513,4613,9126,10613,11026,21639,11869,11277,23146,9410,8939,18349,6980,6244,13224,4261,3512,7773,2510,2679,5189,1489,3176,4665,399,1636,2035,55601,56539,112140
2020-09-14,3575,3453,7028,4550,4645,9195,10710,11131,21841,11990,11398,23388,9493,9018,18511,7050,6321,13371,4301,3552,7853,2542,2704,5246,1497,3199,4696,403,1643,2046,56111,57064,113175
2020-09-15,3604,3466,7070,4582,4683,9265,10793,11222,22015,12084,11496,23580,9573,9116,18689,7134,6387,13521,4355,3590,7945,2561,2732,5293,1510,3217,4727,405,1651,2056,56601,57560,114161
2020-09-16,3627,3483,7110,4627,4720,9347,10884,11320,22204,12182,11597,23779,9683,9199,18882,7203,6452,13655,4386,3624,8010,2581,2767,5348,1519,3243,4762,408,1669,2077,57100,58074,115174
2020-09-17,3643,3500,7143,4657,4756,9413,10980,11413,22393,12264,11699,23963,9758,9278,19036,7256,6501,13757,4434,3652,8086,2603,2787,5390,1533,3253,4786,410,1676,2086,57538,58515,116053
2020-09-18,3675,3529,7204,4695,4801,9496,11064,11525,22589,12363,11809,24172,9827,9354,19181,7312,6547,13859,4473,3681,8154,2621,2820,5441,1545,3270,4815,410,1685,2095,57985,59021,117006
2020-09-19,3686,3543,7229,4724,4833,9557,11120,11584,22704,12438,11896,24334,9898,9397,19295,7357,6589,13946,4512,3712,8224,2633,2838,5471,1549,3285,4834,410,1691,2101,58327,59368,117695
2020-09-20,3698,3558,7256,4746,4851,9597,11173,11635,22808,12486,11963,24449,9934,9438,19372,7383,6615,13998,4538,3748,8286,2651,2862,5513,1555,3294,4849,410,1697,2107,58574,59661,118235
2020-09-21,3717,3571,7288,4787,4880,9667,11256,11714,22970,12581,12030,24611,10021,9494,19515,7425,6665,14090,4578,3780,8358,2677,2893,5570,1566,3313,4879,410,1701,2111,59018,60041,119059
2020-09-22,3739,3583,7322,4820,4914,9734,11357,11802,23159,12677,12131,24808,10086,9576,19662,7486,6716,14202,4615,3819,8434,2699,2914,5613,1583,3343,4926,413,1713,2126,59475,60511,119986
2020-09-23,3760,3604,7364,4852,4955,9807,11449,11888,23337,12765,12217,24982,10156,9667,19823,7544,6773,14317,4652,3856,8508,2723,2941,5664,1591,3355,4946,417,1718,2135,59909,60974,120883
2020-09-24,3781,3622,7403,4887,4995,9882,11546,11981,23527,12856,12324,25180,10218,9735,19953,7614,6824,14438,4703,3893,8596,2747,2957,5704,1609,3376,4985,419,1723,2142,60380,61430,121810
2020-09-25,3801,3647,7448,4919,5020,9939,11639,12065,23704,12936,12429,25365,10307,9819,20126,7681,6889,14570,4745,3930,8675,2780,2992,5772,1619,3390,5009,422,1737,2159,60849,61918,122767
2020-09-26,3814,3659,7473,4949,5048,9997,11691,12121,23812,12995,12490,25485,10374,9871,20245,7718,6940,14658,4769,3959,8728,2799,3012,5811,1629,3404,5033,423,1745,2168,61161,62249,123410
2020-09-27,3832,3674,7506,4973,5078,10051,11764,12169,23933,13069,12558,25627,10436,9916,20352,7758,6982,14740,4793,3974,8767,2822,3024,5846,1635,3415,5050,426,1748,2174,61508,62538,124046
2020-09-28,3853,3690,7543,5008,5111,10119,11842,12264,24106,13168,12657,25825,10510,9989,20499,7813,7038,14851,4845,4017,8862,2841,3055,5896,1654,3436,5090,428,1754,2182,61962,63011,124973
2020-09-29,3887,3705,7592,5037,5132,10169,11943,12358,24301,13270,12745,26015,10595,10062,20657,7869,7097,14966,4884,4066,8950,2870,3092,5962,1663,3457,5120,428,1764,2192,62446,63478,125924
2020-09-30,3905,3728,7633,5064,5165,10229,12047,12468,24515,13367,12836,26203,10669,10144,20813,7927,7158,15085,4931,4096,9027,2898,3106,6004,1675,3478,5153,432,1768,2200,62915,63947,126862
2020-10-01,3925,3743,7668,5091,5204,10295,12140,12563,24703,13454,12924,26378,10732,10208,20940,7983,7220,15203,4963,4139,9102,2910,3131,6041,1684,3495,5179,434,1776,2210,63316,64403,127719
2020-10-02,3949,3760,7709,5126,5233,10359,12231,12645,24876,13530,13012,26542,10794,10287,21081,8036,7290,15326,5001,4179,9180,2928,3155,6083,1700,3514,5214,438,1787,2225,63733,64862,128595
2020-10-03,3970,3771,7741,5147,5264,10411,12289,12692,24981,13594,13055,26649,10835,10344,21179,8080,7342,15422,5026,4193,9219,2939,3162,6101,1705,3525,5230,439,1792,2231,64024,65140,129164
2020-10-04,3978,3778,7756,5169,5282,10451,12337,12745,25082,13640,13106,26746,10876,10381,21257,8110,7374,15484,5043,4216,9259,2954,3170,6124,1710,3534,5244,439,1798,2237,64256,65384,129640
2020-10-05,3989,3794,7783,5196,5307,10503,12408,12847,25255,13739,13183,26922,10941,10438,21379,8161,7428,15589,5090,4253,9343,2976,3191,6167,1717,3550,5267,440,1804,2244,64657,65795,130452
2020-10-06,4016,3812,7828,5223,5346,10569,12500,12944,25444,13840,13271,27111,11024,10511,21535,8222,7489,15711,5128,4284,9412,2990,3210,6200,1731,3567,5298,442,1809,2251,65116,66243,131359
2020-10-07,4031,3823,7854,5249,5381,10630,12594,13035,25629,13910,13355,27265,11102,10582,21684,8280,7543,15823,5155,4305,9460,3001,3230,6231,1742,3589,5331,442,1817,2259,65506,66660,132166
2020-10-08,4050,3838,7888,5275,5417,10692,12678,13123,25801,13992,13435,27427,11153,10661,21814,8329,7596,15925,5181,4336,9517,3020,3255,6275,1754,3623,5377,444,1831,2275,65876,67115,132991
2020-10-09,4069,3854,7923,5300,5447,10747,12739,13220,25959,14086,13531,27617,11213,10727,21940,8387,7651,16038,5206,4372,9578,3036,3280,6316,1770,3654,5424,447,1845,2292,66253,67581,133834
2020-10-10,4080,3860,7940,5318,5480,10798,12794,13275,26069,14147,13599,27746,11275,10776,22051,8427,7705,16132,5233,4399,9632,3053,3296,6349,1774,3664,5438,448,1847,2295,66549,67901,134450
2020-10-11,4093,3875,7968,5333,5502,10835,12832,13318,26150,14184,13651,27835,11316,10810,22126,8460,7737,16197,5247,4420,9667,3067,3311,6378,1782,3681,5463,450,1854,2304,66764,68159,134923
2020-10-12,4117,3891,8008,5355,5535,10890,12897,13362,26259,14250,13709,27959,11367,10857,22224,8498,7781,16279,5276,4445,9721,3085,3325,6410,1786,3697,5483,450,1860,2310,67081,68462,135543
2020-10-13,4133,3910,8043,5391,5565,10956,12979,13445,26424,14358,13796,28154,11437,10921,22358,8553,7823,16376,5312,4469,9781,3098,3344,6442,1792,3721,5513,452,1870,2322,67505,68864,136369
2020-10-14,4147,3926,8073,5425,5597,11022,13059,13530,26589,14434,13870,28304,11511,10986,22497,8614,7884,16498,5337,4499,9836,3118,3362,6480,1800,3730,5530,453,1876,2329,67898,69260,137158
2020-10-15,4163,3946,8109,5472,5642,11114,13154,13603,26757,14523,13949,28472,11574,11054,22628,8655,7929,16584,5363,4524,9887,3140,3382,6522,1807,3750,5557,456,1880,2336,68307,69659,137966
2020-10-16,4182,3957,8139,5500,5684,11184,13221,13708,26929,14602,14028,28630,11645,11115,22760,8704,7968,16672,5392,4556,9948,3159,3404,6563,1817,3775,5592,458,1895,2353,68680,70090,138770
2020-10-17,4195,3972,8167,5528,5710,11238,13277,13756,27033,14666,14106,28772,11685,11149,22834,8739,8003,16742,5414,4579,9993,3168,3411,6579,1824,3784,5608,461,1898,2359,68957,70368,139325
2020-10-18,4205,3980,8185,5548,5730,11278,13317,13799,27116,14709,14137,28846,11710,11175,22885,8763,8029,16792,5429,4595,10024,3182,3424,6606,1825,3793,5618,461,1902,2363,69149,70564,139713
2020-10-19,4224,3994,8218,5570,5758,11328,13379,13855,27234,14760,14195,28955,11776,11222,22998,8806,8067,16873,5460,4614,10074,3202,3447,6649,1829,3806,5635,462,1906,2368,69468,70864,140332
2020-10-20,4231,4004,8235,5588,5783,11371,13450,13929,27379,14830,14251,29081,11828,11278,23106,8857,8103,16960,5486,4640,10126,3215,3456,6671,1841,3823,5664,463,1913,2376,69789,71180,140969
2020-10-21,4245,4015,8260,5611,5809,11420,13504,13986,27490,14883,14301,29184,11880,11317,23197,8887,8143,17030,5513,4660,10173,3227,3471,6698,1844,3830,5674,464,1916,2380,70058,71448,141506
2020-10-22,4258,4025,8283,5638,5833,11471,13558,14052,27610,14934,14344,29278,11922,11353,23275,8914,8168,17082,5533,4674,10207,3238,3484,6722,1849,3837,5686,465,1916,2381,70309,71686,141995
2020-10-23,4270,4035,8305,5662,5850,11512,13609,14122,27731,14977,14400,29377,11977,11399,23376,8951,8198,17149,5564,4699,10263,3247,3496,6743,1859,3844,5703,466,1917,2383,70582,71960,142542
2020-10-24,4278,4047,8325,5680,5867,11547,13647,14167,27814,15015,14448,29463,12008,11430,23438,8985,8222,17207,5582,4713,10295,3258,3507,6765,1864,3851,5715,466,1921,2387,70783,72173,142956
2020-10-25,4286,4057,8343,5693,5883,11576,13681,14204,27885,15041,14480,29521,12042,11458,23500,9004,8246,17250,5599,4719,10318,3263,3516,6779,1867,3855,5722,466,1922,2388,70942,72340,143282
2020-10-26,4298,4062,8360,5706,5917,11623,13730,14247,27977,15106,14538,29644,12083,11496,23579,9039,8278,17317,5621,4740,10361,3271,3525,6796,1877,3866,5743,470,1926,2396,71201,72595,143796
2020-10-27,4305,4073,8378,5734,5943,11677,13789,14309,28098,15161,14591,29752,12135,11545,23680,9082,8315,17397,5640,4766,10406,3280,3540,6820,1887,3881,5768,471,1928,2399,71484,72891,144375
2020-10-28,4321,4086,8407,5761,5962,11723,13840,14360,28200,15209,14637,29846,12176,11577,23753,9112,8345,17457,5664,4785,10449,3288,3550,6838,1894,3885,5779,473,1931,2404,71738,73118,144856
2020-10-29,4332,4092,8424,5776,5977,11753,13884,14400,28284,15252,14685,29937,12215,11607,23822,9132,8368,17500,5678,4800,10478,3305,3556,6861,1898,3897,5795,474,1938,2412,71946,73320,145266
2020-10-30,4338,4097,8435,5784,5984,11768,13916,14436,28352,15301,14713,30014,12242,11642,23884,9148,8387,17535,5688,4816,10504,3317,3567,6884,1901,3901,5802,475,1940,2415,72110,73483,145593
2020-10-31,4340,4101,8441,5791,5996,11787,13937,14464,28401,15329,14743,30072,12263,11664,23927,9163,8403,17566,5699,4826,10525,3321,3573,6894,1905,3905,5810,475,1940,2415,72223,73615,145838
2020-11-01,4349,4109,8458,5801,6011,11812,13978,14492,28470,15361,14773,30134,12292,11690,23982,9182,8424,17606,5714,4835,10549,3328,3579,6907,1907,3909,5816,475,1941,2416,72387,73763,146150
2020-11-02,4358,4118,8476,5810,6035,11845,14014,14537,28551,15408,14811,30219,12327,11727,24054,9214,8449,17663,5729,4844,10573,3330,3588,6918,1912,3916,5828,475,1945,2420,72577,73970,146547
2020-11-03,4368,4124,8492,5831,6046,11877,14066,14570,28636,15440,14845,30285,12361,11755,24116,9239,8471,17710,5741,4866,10607,3333,3598,6931,1914,3925,5839,475,1947,2422,72768,74147,146915
2020-11-04,4377,4128,8505,5837,6061,11898,14111,14617,28728,15484,14885,30369,12386,11791,24177,9260,8501,17761,5761,4878,10639,3339,3611,6950,1917,3932,5849,475,1950,2425,72947,74354,147301
2020-11-05,4392,4138,8530,5864,6079,11943,14165,14679,28844,15540,14924,30464,12422,11829,24251,9289,8526,17815,5782,4895,10677,3352,3625,6977,1920,3948,5868,476,1955,2431,73202,74598,147800
2020-11-06,4405,4146,8551,5886,6097,11983,14188,14717,28905,15583,14970,30553,12460,11858,24318,9316,8548,17864,5802,4915,10717,3364,3635,6999,1924,3955,5879,476,1957,2433,73404,74798,148202
2020-11-07,4413,4151,8564,5893,6107,12000,14211,14752,28963,15626,15013,30639,12492,11888,24380,9330,8569,17899,5817,4933,10750,3371,3644,7015,1928,3958,5886,476,1957,2433,73557,74972,148529
2020-11-08,4420,4157,8577,5900,6119,12019,14230,14795,29025,15653,15039,30692,12518,11906,24424,9348,8589,17937,5832,4942,10774,3377,3646,7023,1931,3964,5895,477,1957,2434,73686,75114,148800
2020-11-09,4433,4162,8595,5919,6135,12054,14265,14850,29115,15697,15082,30779,12566,11942,24508,9384,8632,18016,5851,4963,10814,3395,3652,7047,1932,3971,5903,477,1959,2436,73919,75348,149267
2020-11-10,4443,4172,8615,5936,6148,12084,14314,14901,29215,15763,15122,30885,12599,11971,24570,9408,8651,18059,5872,4982,10854,3411,3675,7086,1937,3978,5915,480,1960,2440,74163,75560,149723
2020-11-11,4453,4179,8632,5952,6169,12121,14364,14949,29313,15814,15171,30985,12641,12004,24645,9443,8673,18116,5890,5000,10890,3422,3691,7113,1938,3985,5923,482,1964,2446,74399,75785,150184
2020-11-12,4464,4186,8650,5970,6186,12156,14419,14994,29413,15854,15209,31063,12677,12040,24717,9467,8696,18163,5903,5011,10914,3426,3698,7124,1942,3989,5931,482,1968,2450,74604,75977,150581
2020-11-13,4472,4191,8663,5991,6203,12194,14459,15036,29495,15890,15240,31130,12724,12071,24795,9491,8719,18210,5922,5033,10955,3441,3703,7144,1945,3998,5943,484,1975,2459,74819,76169,150988
2020-11-14,4478,4197,8675,6007,6219,12226,14489,15070,29559,15925,15270,31195,12752,12091,24843,9522,8740,18262,5941,5046,10987,3450,3711,7161,1948,4003,5951,485,1976,2461,74997,76323,151320
2020-11-15,4482,4204,8686,6016,6237,12253,14512,15095,29607,15947,15294,31241,12777,12108,24885,9539,8753,18292,5950,5056,11006,3457,3719,7176,1950,4012,5962,486,1976,2462,75116,76454,151570
2020-11-16,4488,4213,8701,6032,6255,12287,14542,15135,29677,15984,15328,31312,12804,12136,24940,9558,8777,18335,5961,5069,11030,3470,3731,7201,1957,4016,5973,487,1978,2465,75283,76638,151921
2020-11-17,4496,4219,8715,6053,6274,12327,14587,15177,29764,16026,15374,31400,12842,12171,25013,9582,8806,18388,5981,5084,11065,3478,3741,7219,1962,4029,5991,489,1982,2471,75496,76857,152353
2020-11-18,4501,4226,8727,6070,6296,12366,14631,15232,29863,16076,15411,31487,12882,12200,25082,9605,8838,18443,5993,5100,11093,3490,3754,7244,1966,4040,6006,489,1987,2476,75703,77084,152787
2020-11-19,4505,4230,8735,6081,6312,12393,14680,15262,29942,16105,15445,31550,12902,12225,25127,9628,8860,18488,6009,5114,11123,3496,3761,7257,1968,4044,6012,489,1991,2480,75863,77244,153107
2020-11-20,4510,4235,8745,6099,6335,12434,14721,15289,30010,16134,15467,31601,12923,12239,25162,9641,8876,18517,6024,5128,11152,3503,3766,7269,1973,4047,6020,491,1994,2485,76019,77376,153395
2020-11-21,4517,4245,8762,6112,6352,12464,14749,15324,30073,16169,15496,31665,12939,12274,25213,9656,8892,18548,6037,5143,11180,3510,3773,7283,1976,4050,6026,491,1997,2488,76156,77546,153702
2020-11-22,4521,4248,8769,6122,6359,12481,14771,15346,30117,16186,15516,31702,12959,12291,25250,9668,8899,18567,6052,5148,11200,3516,3782,7298,1977,4051,6028,491,1998,2489,76263,77638,153901
2020-11-23,4526,4251,8777,6129,6367,12496,14790,15375,30165,16216,15541,31757,12978,12301,25279,9677,8919,18596,6060,5153,11213,3527,3788,7315,1979,4053,6032,491,2000,2491,76373,77748,154121
2020-11-24,4533,4255,8788,6138,6383,12521,14829,15418,30247,16261,15578,31839,13007,12322,25329,9698,8936,18634,6079,5166,11245,3534,3795,7329,1982,4055,6037,491,2002,2493,76552,77910,154462
2020-11-25,4548,4261,8809,6154,6395,12549,14878,15472,30350,16316,15623,31939,13042,12359,25401,9726,8958,18684,6096,5179,11275,3542,3807,7349,1987,4061,6048,491,2004,2495,76780,78119,154899
2020-11-26,4551,4275,8826,6167,6418,12585,14919,15514,30433,16369,15654,32023,13066,12384,25450,9742,8987,18729,6106,5195,11301,3547,3811,7358,1992,4065,6057,492,2008,2500,76951,78311,155262
2020-11-27,4558,4280,8838,6185,6431,12616,14966,15554,30520,16412,15679,32091,13096,12411,25507,9768,9007,18775,6120,5209,11329,3557,3819,7376,1995,4068,6063,494,2010,2504,77151,78468,155619
2020-11-28,4564,4286,8850,6201,6446,12647,14996,15595,30591,16443,15709,32152,13119,12434,25553,9781,9024,18805,6129,5224,11353,3561,3822,7383,1996,4071,6067,494,2012,2506,77284,78623,155907
2020-11-29,4571,4287,8858,6214,6460,12674,15026,15629,30655,16480,15734,32214,13142,12455,25597,9801,9037,18838,6134,5237,11371,3564,3826,7390,2000,4076,6076,496,2012,2508,77428,78753,156181
2020-11-30,4579,4292,8871,6228,6474,12702,15067,15662,30729,16511,15765,32276,13173,12474,25647,9818,9063,18881,6141,5247,11388,3575,3838,7413,2003,4084,6087,496,2015,2511,77591,78914,156505
2020-12-01,4589,4297,8886,6240,6485,12725,15103,15690,30793,16544,15813,32357,13206,12498,25704,9834,9077,18911,6153,5256,11409,3581,3843,7424,2006,4087,6093,496,2015,2511,77752,79061,156813
2020-12-02,4591,4301,8892,6248,6499,12747,15131,15716,30847,16571,15838,32409,13221,12521,25742,9843,9090,18933,6165,5264,11429,3587,3855,7442,2009,4092,6101,499,2020,2519,77865,79196,157061
2020-12-03,4596,4305,8901,6262,6511,12773,15164,15738,30902,16608,15871,32479,13250,12536,25786,9859,9105,18964,6178,5278,11456,3594,3867,7461,2012,4096,6108,501,2022,2523,78024,79329,157353
2020-12-04,4606,4311,8917,6278,6529,12807,15189,15774,30963,16646,15911,32557,13281,12566,25847,9880,9125,19005,6191,5291,11482,3602,3871,7473,2018,4099,6117,501,2022,2523,78192,79499,157691
2020-12-05,4612,4317,8929,6288,6546,12834,15216,15804,31020,16673,15939,32612,13301,12593,25894,9898,9142,19040,6204,5303,11507,3608,3881,7489,2024,4105,6129,501,2022,2523,78325,79652,157977
2020-12-06,4619,4321,8940,6296,6553,12849,15240,15825,31065,16697,15958,32655,13319,12615,25934,9917,9157,19074,6214,5312,11526,3613,3886,7499,2029,4107,6136,501,2022,2523,78445,79756,158201
2020-12-07,4623,4326,8949,6302,6566,12868,15259,15850,31109,16719,15981,32700,13347,12632,25979,9930,9176,19106,6226,5322,11548,3619,3891,7510,2031,4109,6140,501,2024,2525,78557,79877,158434
2020-12-08,4631,4328,8959,6315,6580,12895,15287,15880,31167,16754,16013,32767,13388,12653,26041,9953,9194,19147,6246,5328,11574,3632,3900,7532,2034,4114,6148,502,2026,2528,78742,80016,158758
2020-12-09,4636,4336,8972,6340,6598,12938,15337,15921,31258,16797,16052,32849,13425,12689,26114,9983,9222,19205,6262,5346,11608,3639,3913,7552,2035,4118,6153,503,2030,2533,78957,80225,159182
2020-12-10,4642,4344,8986,6356,6624,12980,15374,15973,31347,16852,16091,32943,13465,12730,26195,10006,9247,19253,6279,5361,11640,3648,3926,7574,2038,4124,6162,503,2032,2535,79163,80452,159615
2020-12-11,4654,4353,9007,6366,6636,13002,15427,16024,31451,16883,16133,33016,13504,12756,26260,10022,9279,19301,6290,5380,11670,3652,3939,7591,2043,4131,6174,503,2033,2536,79344,80664,160008
2020-12-12,4662,4357,9019,6384,6648,13032,15477,16074,31551,16920,16162,33082,13532,12782,26314,10036,9294,19330,6303,5394,11697,3664,3946,7610,2045,4131,6176,503,2033,2536,79526,80821,160347
2020-12-13,4664,4362,9026,6401,6662,13063,15517,16108,31625,16950,16201,33151,13555,12808,26363,10051,9314,19365,6322,5405,11727,3672,3952,7624,2051,4134,6185,505,2033,2538,79688,80979,160667
2020-12-14,4669,4366,9035,6420,6680,13100,15581,16168,31749,17019,16249,33268,13595,12850,26445,10080,9339,19419,6339,5428,11767,3684,3964,7648,2054,4143,6197,506,2035,2541,79947,81222,161169
2020-12-15,4673,4369,9042,6443,6703,13146,15646,16226,31872,17080,16303,33383,13646,12884,26530,10103,9370,19473,6361,5436,11797,3694,3971,7665,2061,4146,6207,508,2038,2546,80215,81446,161661
2020-12-16,4683,4378,9061,6463,6731,13194,15734,16293,32027,17128,16347,33475,13673,12913,26586,10130,9401,19531,6375,5453,11828,3709,3980,7689,2070,4151,6221,511,2042,2553,80476,81689,162165
2020-12-17,4693,4383,9076,6492,6766,13258,15846,16385,32231,17199,16412,33611,13714,12967,26681,10155,9437,19592,6390,5478,11868,3723,3994,7717,2074,4157,6231,512,2043,2555,80798,82022,162820
2020-12-18,4697,4392,9089,6533,6790,13323,15933,16468,32401,17270,16485,33755,13769,13015,26784,10188,9474,19662,6414,5502,11916,3739,4008,7747,2078,4170,6248,512,2054,2566,81133,82358,163491
2020-12-19,4707,4398,9105,6559,6814,13373,16001,16523,32524,17330,16539,33869,13813,13059,26872,10218,9503,19721,6434,5520,11954,3751,4019,7770,2083,4177,6260,512,2055,2567,81408,82607,164015
2020-12-20,4711,4407,9118,6582,6828,13410,16067,16571,32638,17366,16588,33954,13858,13112,26970,10248,9522,19770,6461,5538,11999,3760,4027,7787,2086,4181,6267,515,2057,2572,81654,82831,164485
2020-12-21,4722,4416,9138,6612,6861,13473,16157,16674,32831,17456,16677,34133,13921,13169,27090,10303,9563,19866,6504,5564,12068,3778,4044,7822,2091,4190,6281,515,2059,2574,82059,83217,165276
2020-12-22,4730,4429,9159,6642,6896,13538,16250,16777,33027,17572,16749,34321,13979,13232,27211,10358,9618,19976,6528,5590,12118,3794,4060,7854,2096,4199,6295,516,2062,2578,82465,83612,166077
2020-12-23,4740,4440,9180,6674,6942,13616,16386,16895,33281,17682,16844,34526,14047,13304,27351,10433,9676,20109,6552,5621,12173,3821,4081,7902,2100,4210,6310,517,2064,2581,82952,84077,167029
2020-12-24,4740,4442,9182,6696,6968,13664,16452,16954,33406,17756,16890,34646,14078,13355,27433,10464,9701,20165,6571,5631,12202,3833,4088,7921,2102,4216,6318,517,2065,2582,83209,84310,167519
2020-12-25,4743,4449,9192,6713,6985,13698,16494,16992,33486,17793,16918,34711,14121,13386,27507,10489,9721,20210,6590,5645,12235,3839,4095,7934,2103,4217,6320,517,2066,2583,83402,84474,167876
2020-12-26,4755,4459,9214,6744,7025,13769,16607,17100,33707,17902,17010,34912,14196,13475,27671,10565,9779,20344,6633,5689,12322,3853,4111,7964,2107,4224,6331,517,2067,2584,83879,84939,168818
2020-12-27,4769,4465,9234,6772,7066,13838,16707,17192,33899,17996,17084,35080,14258,13528,27786,10616,9818,20434,6657,5717,12374,3869,4128,7997,2108,4230,6338,517,2067,2584,84269,85295,169564
2020-12-28,4787,4483,9270,6819,7135,13954,16855,17327,34182,18113,17219,35332,14379,13628,28007,10714,9888,20602,6700,5755,12455,3902,4159,8061,2119,4247,6366,519,2069,2588,84907,85910,170817
2020-12-29,4795,4501,9296,6878,7204,14082,17044,17515,34559,18279,17356,35635,14479,13723,28202,10784,9977,20761,6748,5807,12555,3936,4193,8129,2131,4256,6387,522,2072,2594,85596,86604,172200
2020-12-30,4820,4520,9340,6946,7282,14228,17231,17667,34898,18436,17497,35933,14590,13844,28434,10867,10060,20927,6795,5873,12668,3971,4226,8197,2140,4269,6409,525,2076,2601,86321,87314,173635
2020-12-31,4828,4529,9357,6988,7330,14318,17374,17790,35164,18521,17577,36098,14651,13915,28566,10912,10099,21011,6822,5898,12720,3993,4240,8233,2147,4273,6420,525,2076,2601,86761,87727,174488
2021-01-01,4832,4531,9363,7008,7345,14353,17406,17829,35235,18562,17621,36183,14674,13949,28623,10930,10117,21047,6841,5924,12765,4003,4250,8253,2148,4276,6424,525,2076,2601,86929,87918,174847
2021-01-02,4841,4542,9383,7061,7396,14457,17511,17954,35465,18669,17712,36381,14761,14036,28797,11003,10186,21189,6884,5965,12849,4021,4271,8292,2153,4280,6433,531,2076,2607,87435,88418,175853
2021-01-03,4857,4556,9413,7104,7441,14545,17638,18102,35740,18772,17806,36578,14843,14113,28956,11062,10252,21314,6925,5997,12922,4041,4295,8336,2161,4287,6448,532,2077,2609,87935,88926,176861
2021-01-04,4873,4566,9439,7178,7507,14685,17863,18314,36177,18950,17969,36919,14958,14213,29171,11160,10358,21518,6976,6048,13024,4070,4328,8398,2174,4309,6483,535,2081,2616,88737,89693,178430
2021-01-05,4893,4590,9483,7260,7583,14843,18107,18572,36679,19124,18125,37249,15078,14312,29390,11261,10433,21694,7038,6102,13140,4091,4362,8453,2180,4327,6507,537,2091,2628,89569,90497,180066
2021-01-06,4910,4603,9513,7334,7664,14998,18349,18804,37153,19305,18276,37581,15196,14413,29609,11346,10514,21860,7093,6162,13255,4121,4393,8514,2188,4341,6529,538,2095,2633,90380,91265,181645
2021-01-07,4931,4617,9548,7396,7739,15135,18543,19014,37557,19456,18419,37875,15299,14528,29827,11430,10600,22030,7139,6205,13344,4145,4431,8576,2196,4350,6546,543,2098,2641,91078,92001,183079
2021-01-08,4946,4634,9580,7460,7810,15270,18736,19209,37945,19594,18541,38135,15415,14645,30060,11517,10678,22195,7194,6261,13455,4168,4455,8623,2203,4365,6568,544,2103,2647,91777,92701,184478
2021-01-09,4953,4642,9595,7508,7868,15376,18878,19381,38259,19712,18641,38353,15514,14736,30250,11573,10746,22319,7239,6299,13538,4183,4480,8663,2209,4376,6585,546,2106,2652,92315,93275,185590
2021-01-10,4962,4647,9609,7556,7907,15463,18988,19514,38502,19781,18719,38500,15573,14799,30372,11627,10795,22422,7267,6331,13598,4196,4500,8696,2216,4382,6598,549,2108,2657,92715,93702,186417
2021-01-11,4969,4657,9626,7620,7969,15589,19180,19703,38883,19894,18841,38735,15666,14875,30541,11706,10872,22578,7307,6374,13681,4230,4522,8752,2222,4392,6614,550,2112,2662,93344,94317,187661
2021-01-12,4980,4666,9646,7677,8045,15722,19390,19894,39284,20031,18967,38998,15753,14973,30726,11772,10952,22724,7352,6416,13768,4264,4550,8814,2234,4408,6642,550,2115,2665,94003,94986,188989
2021-01-13,4996,4681,9677,7744,8146,15890,19575,20094,39669,20177,19102,39279,15852,15073,30925,11849,11024,22873,7399,6469,13868,4292,4569,8861,2246,4416,6662,551,2120,2671,94681,95694,190375
2021-01-14,5014,4692,9706,7811,8218,16029,19734,20285,40019,20308,19205,39513,15931,15153,31084,11922,11099,23021,7444,6509,13953,4317,4597,8914,2258,4425,6683,555,2121,2676,95294,96304,191598
2021-01-15,5028,4703,9731,7896,8281,16177,19920,20441,40361,20438,19311,39749,16031,15231,31262,12002,11188,23190,7494,6544,14038,4336,4621,8957,2267,4440,6707,555,2124,2679,95967,96884,192851
2021-01-16,5036,4714,9750,7963,8358,16321,20039,20574,40613,20541,19408,39949,16107,15313,31420,12050,11239,23289,7528,6572,14100,4358,4639,8997,2273,4450,6723,556,2129,2685,96451,97396,193847
2021-01-17,5041,4722,9763,8022,8411,16433,20149,20706,40855,20627,19486,40113,16173,15372,31545,12102,11287,23389,7571,6595,14166,4377,4646,9023,2279,4456,6735,557,2130,2687,96898,97811,194709
2021-01-18,5054,4735,9789,8098,8485,16583,20378,20885,41263,20758,19609,40367,16268,15457,31725,12184,11367,23551,7627,6642,14269,4403,4679,9082,2290,4473,6763,558,2132,2690,97618,98464,196082
2021-01-19,5069,4742,9811,8176,8578,16754,20536,21060,41596,20897,19707,40604,16354,15559,31913,12238,11428,23666,7671,6680,14351,4428,4704,9132,2302,4490,6792,558,2138,2696,98229,99086,197315
2021-01-20,5075,4748,9823,8262,8647,16909,20714,21224,41938,21016,19806,40822,16446,15661,32107,12310,11497,23807,7705,6732,14437,4450,4730,9180,2315,4509,6824,558,2144,2702,98851,99698,198549
2021-01-21,5085,4757,9842,8341,8713,17054,20843,21370,42213,21139,19918,41057,16543,15757,32300,12381,11580,23961,7748,6772,14520,4477,4756,9233,2324,4531,6855,562,2150,2712,99443,100304,199747
2021-01-22,5105,4767,9872,8407,8775,17182,20981,21529,42510,21236,20019,41255,16612,15836,32448,12443,11649,24092,7791,6800,14591,4498,4777,9275,2336,4542,6878,564,2153,2717,99973,100847,200820
2021-01-23,5112,4779,9891,8480,8846,17326,21088,21637,42725,21318,20081,41399,16662,15896,32558,12499,11710,24209,7820,6835,14655,4519,4806,9325,2341,4554,6895,566,2153,2719,100405,101297,201702
2021-01-24,5120,4793,9913,8550,8905,17455,21219,21720,42939,21403,20162,41565,16711,15953,32664,12538,11752,24290,7853,6861,14714,4540,4818,9358,2345,4560,6905,566,2153,2719,100845,101677,202522
2021-01-25,5130,4805,9935,8659,9021,17680,21380,21871,43251,21524,20250,41774,16810,16050,32860,12604,11811,24415,7906,6900,14806,4564,4849,9413,2352,4575,6927,569,2154,2723,101498,102286,203784
2021-01-26,5144,4819,9963,8765,9140,17905,21515,22013,43528,21623,20341,41964,16890,16139,33029,12676,11878,24554,7951,6935,14886,4588,4873,9461,2362,4596,6958,571,2163,2734,102085,102897,204982
2021-01-27,5151,4835,9986,8877,9230,18107,21632,22144,43776,21715,20418,42133,16960,16215,33175,12732,11926,24658,7993,6969,14962,4605,4890,9495,2370,4610,6980,572,2165,2737,102607,103402,206009
2021-01-28,5163,4845,10008,8956,9332,18288,21785,22268,44053,21818,20496,42314,17040,16300,33340,12796,11983,24779,8037,7005,15042,4618,4913,9531,2374,4623,6997,572,2169,2741,103159,103934,207093
2021-01-29,5183,4860,10043,9045,9430,18475,21892,22390,44282,21907,20597,42504,17117,16386,33503,12852,12059,24911,8066,7041,15107,4637,4938,9575,2380,4639,7019,575,2172,2747,103654,104512,208166
2021-01-30,5191,4866,10057,9164,9521,18685,21993,22494,44487,21970,20675,42645,17182,16450,33632,12890,12113,25003,8097,7076,15173,4649,4954,9603,2383,4648,7031,576,2174,2750,104095,104971,209066
2021-01-31,5194,4879,10073,9270,9618,18888,22084,22599,44683,22024,20743,42767,17257,16523,33780,12934,12163,25097,8125,7109,15234,4666,4966,9632,2386,4653,7039,576,2176,2752,104516,105429,209945
2021-02-01,5206,4894,10100,9374,9743,19117,22217,22724,44941,22117,20829,42946,17352,16609,33961,13003,12235,25238,8171,7156,15327,4697,5001,9698,2394,4666,7060,576,2180,2756,105107,106037,211144
2021-02-02,5214,4909,10123,9455,9835,19290,22331,22851,45182,22214,20931,43145,17426,16684,34110,13068,12298,25366,8217,7189,15406,4714,5016,9730,2402,4686,7088,576,2183,2759,105617,106582,212199
2021-02-03,5229,4923,10152,9537,9897,19434,22453,22964,45417,22303,21025,43328,17503,16761,34264,13134,12374,25508,8257,7236,15493,4738,5038,9776,2414,4700,7114,579,2183,2762,106147,107101,213248
2021-02-04,5234,4933,10167,9597,9960,19557,22553,23066,45619,22378,21109,43487,17579,16827,34406,13192,12441,25633,8303,7264,15567,4757,5061,9818,2424,4717,7141,579,2188,2767,106596,107566,214162
2021-02-05,5243,4942,10185,9652,10010,19662,22640,23167,45807,22463,21196,43659,17640,16904,34544,13238,12496,25734,8337,7289,15626,4775,5082,9857,2429,4725,7154,580,2192,2772,106997,108003,215000
2021-02-06,5252,4947,10199,9684,10047,19731,22721,23233,45954,22521,21261,43782,17692,16967,34659,13274,12537,25811,8361,7320,15681,4791,5099,9890,2436,4731,7167,580,2194,2774,107312,108336,215648
2021-02-07,5256,4952,10208,9715,10078,19793,22772,23289,46061,22577,21322,43899,17733,16998,34731,13313,12574,25887,8389,7353,15742,4811,5110,9921,2440,4741,7181,580,2196,2776,107586,108613,216199
2021-02-08,5267,4968,10235,9776,10127,19903,22858,23380,46238,22661,21406,44067,17826,17086,34912,13368,12639,26007,8440,7390,15830,4835,5145,9980,2447,4755,7202,582,2199,2781,108060,109095,217155
2021-02-09,5276,4972,10248,9820,10157,19977,22934,23449,46383,22738,21485,44223,17889,17143,35032,13409,12683,26092,8474,7420,15894,4846,5161,10007,2454,4764,7218,583,2200,2783,108423,109434,217857
2021-02-10,5293,4979,10272,9858,10199,20057,23006,23535,46541,22818,21573,44391,17954,17206,35160,13453,12726,26179,8506,7443,15949,4864,5180,10044,2459,4773,7232,584,2203,2787,108795,109817,218612
2021-02-11,5299,4989,10288,9887,10235,20122,23083,23614,46697,22884,21639,44523,18010,17258,35268,13492,12791,26283,8548,7479,16027,4887,5200,10087,2464,4775,7239,586,2208,2794,109140,110188,219328
2021-02-12,5309,4999,10308,9926,10274,20200,23146,23689,46835,22960,21708,44668,18074,17312,35386,13534,12829,26363,8576,7506,16082,4905,5217,10122,2475,4789,7264,588,2212,2800,109493,110535,220028
2021-02-13,5319,5002,10321,9956,10302,20258,23205,23744,46949,23019,21764,44783,18125,17362,35487,13572,12864,26436,8596,7525,16121,4923,5238,10161,2476,4797,7273,592,2214,2806,109783,110812,220595
2021-02-14,5325,5008,10333,9981,10330,20311,23237,23794,47031,23057,21823,44880,18179,17408,35587,13600,12895,26495,8621,7553,16174,4935,5256,10191,2481,4803,7284,592,2215,2807,110008,111085,221093
2021-02-15,5328,5014,10342,10011,10361,20372,23288,23854,47142,23111,21889,45000,18236,17463,35699,13635,12930,26565,8645,7572,16217,4942,5264,10206,2487,4808,7295,592,2220,2812,110275,111375,221650
2021-02-16,5337,5026,10363,10035,10396,20431,23336,23916,47252,23173,21942,45115,18285,17508,35793,13659,12965,26624,8670,7601,16271,4956,5286,10242,2495,4815,7310,593,2225,2818,110539,111680,222219
2021-02-17,5351,5034,10385,10070,10424,20494,23419,24020,47439,23269,22025,45294,18354,17574,35928,13717,13026,26743,8719,7630,16349,4976,5302,10278,2502,4827,7329,594,2227,2821,110971,112089,223060
2021-02-18,5358,5048,10406,10106,10451,20557,23521,24131,47652,23350,22119,45469,18410,17650,36060,13756,13083,26839,8757,7653,16410,4999,5316,10315,2506,4833,7339,595,2232,2827,111358,112516,223874
2021-02-19,5363,5054,10417,10149,10488,20637,23600,24217,47817,23463,22206,45669,18476,17710,36186,13791,13130,26921,8789,7678,16467,5017,5330,10347,2508,4839,7347,595,2232,2827,111751,112884,224635
2021-02-20,5370,5059,10429,10177,10509,20686,23666,24291,47957,23534,22259,45793,18519,17766,36285,13827,13170,26997,8819,7701,16520,5032,5347,10379,2512,4847,7359,596,2233,2829,112052,113182,225234
2021-02-21,5380,5063,10443,10200,10542,20742,23730,24349,48079,23595,22323,45918,18566,17807,36373,13856,13208,27064,8839,7733,16572,5043,5358,10401,2515,4851,7366,596,2237,2833,112320,113471,225791
2021-02-22,5390,5073,10463,10236,10574,20810,23814,24427,48241,23678,22389,46067,18622,17850,36472,13908,13240,27148,8858,7763,16621,5059,5374,10433,2519,4857,7376,598,2238,2836,112682,113785,226467
2021-02-23,5402,5083,10485,10264,10613,20877,23910,24506,48416,23755,22473,46228,18680,17899,36579,13949,13284,27233,8899,7788,16687,5073,5387,10460,2528,4865,7393,601,2238,2839,113061,114136,227197
2021-02-24,5416,5091,10507,10303,10649,20952,23991,24581,48572,23822,22526,46348,18732,17957,36689,13984,13336,27320,8926,7814,16740,5085,5406,10491,2531,4870,7401,601,2242,2843,113391,114472,227863
2021-02-25,5431,5106,10537,10337,10693,21030,24091,24687,48778,23896,22608,46504,18790,18032,36822,14037,13384,27421,8963,7835,16798,5100,5427,10527,2536,4878,7414,604,2246,2850,113785,114896,228681
2021-02-26,5439,5116,10555,10377,10723,21100,24152,24762,48914,23967,22661,46628,18829,18090,36919,14084,13432,27516,8988,7865,16853,5118,5453,10571,2541,4891,7432,606,2248,2854,114101,115241,229342
2021-02-27,5449,5119,10568,10397,10744,21141,24209,24830,49039,24022,22712,46734,18871,18148,37019,14125,13463,27588,9020,7885,16905,5125,5470,10595,2548,4896,7444,606,2249,2855,114372,115516,229888
2021-02-28,5457,5120,10577,10419,10763,21182,24246,24883,49129,24077,22762,46839,18911,18191,37102,14155,13483,27638,9038,7904,16942,5130,5478,10608,2550,4903,7453,606,2253,2859,114589,115740,230329
2021-03-01,5475,5139,10614,10460,10797,21257,24312,24961,49273,24180,22836,47016,18974,18259,37233,14206,13531,27737,9069,7930,16999,5145,5498,10643,2553,4918,7471,606,2255,2861,114980,116124,231104
2021-03-02,5490,5150,10640,10499,10829,21328,24381,25030,49411,24256,22915,47171,19023,18303,37326,14240,13577,27817,9103,7953,17056,5160,5509,10669,2557,4931,7488,606,2257,2863,115315,116454,231769
2021-03-03,5505,5160,10665,10543,10868,21411,24473,25106,49579,24331,22997,47328,19088,18355,37443,14277,13621,27898,9153,7980,17133,5174,5530,10704,2564,4943,7507,606,2260,2866,115714,116820,232534
2021-03-04,5522,5173,10695,10575,10911,21486,24550,25176,49726,24404,23056,47460,19153,18416,37569,14328,13663,27991,9190,8012,17202,5185,5544,10729,2566,4951,7517,606,2260,2866,116079,117162,233241
2021-03-05,5544,5181,10725,10635,10968,21603,24638,25267,49905,24476,23147,47623,19239,18474,37713,14383,13719,28102,9215,8042,17257,5201,5565,10766,2569,4961,7530,607,2263,2870,116507,117587,234094
2021-03-06,5549,5189,10738,10675,11019,21694,24687,25322,50009,24535,23199,47734,19290,18541,37831,14409,13759,28168,9249,8072,17321,5219,5569,10788,2574,4965,7539,607,2266,2873,116794,117901,234695
2021-03-07,5555,5203,10758,10709,11055,21764,24734,25373,50107,24593,23251,47844,19332,18585,37917,14452,13795,28247,9275,8100,17375,5226,5585,10811,2581,4968,7549,607,2267,2874,117064,118182,235246
2021-03-08,5572,5214,10786,10754,11082,21836,24817,25454,50271,24700,23331,48031,19413,18662,38075,14496,13855,28351,9320,8131,17451,5242,5605,10847,2592,4980,7572,608,2271,2879,117514,118585,236099
2021-03-09,5585,5234,10819,10805,11155,21960,24898,25528,50426,24778,23423,48201,19485,18743,38228,14563,13901,28464,9357,8163,17520,5264,5621,10885,2602,4989,7591,608,2273,2881,117945,119030,236975
2021-03-10,5605,5247,10852,10848,11209,22057,24963,25619,50582,24872,23491,48363,19536,18810,38346,14612,13962,28574,9389,8200,17589,5279,5648,10927,2606,4996,7602,608,2276,2884,118318,119458,237776
2021-03-11,5622,5268,10890,10896,11285,22181,25037,25723,50760,24961,23564,48525,19615,18877,38492,14661,14010,28671,9426,8227,17653,5295,5665,10960,2614,5008,7622,609,2277,2886,118736,119904,238640
2021-03-12,5641,5277,10918,10970,11353,22323,25114,25791,50905,25042,23637,48679,19692,18965,38657,14716,14071,28787,9452,8256,17708,5326,5690,11016,2620,5025,7645,610,2283,2893,119183,120348,239531
2021-03-13,5651,5286,10937,11021,11408,22429,25192,25858,51050,25103,23708,48811,19760,19030,38790,14759,14120,28879,9472,8283,17755,5341,5700,11041,2623,5028,7651,610,2286,2896,119532,120707,240239
2021-03-14,5660,5293,10953,11049,11462,22511,25255,25921,51176,25164,23766,48930,19807,19087,38894,14805,14169,28974,9506,8310,17816,5355,5714,11069,2628,5033,7661,610,2288,2898,119839,121043,240882
2021-03-15,5672,5315,10987,11099,11510,22609,25333,25985,51318,25263,23840,49103,19893,19149,39042,14887,14223,29110,9548,8347,17895,5386,5734,11120,2633,5042,7675,612,2297,2909,120326,121442,241768
2021-03-16,5687,5327,11014,11164,11567,22731,25426,26079,51505,25333,23920,49253,19995,19225,39220,14944,14277,29221,9574,8377,17951,5396,5745,11141,2642,5061,7703,615,2300,2915,120776,121878,242654
2021-03-17,5703,5344,11047,11236,11623,22859,25524,26177,51701,25428,24010,49438,20059,19297,39356,14985,14314,29299,9617,8411,18028,5417,5763,11180,2645,5067,7712,615,2302,2917,121229,122308,243537
2021-03-18,5724,5358,11082,11292,11679,22971,25615,26281,51896,25508,24104,49612,20125,19373,39498,15046,14363,29409,9648,8453,18101,5431,5798,11229,2650,5076,7726,615,2308,2923,121654,122793,244447
2021-03-19,5745,5378,11123,11348,11747,23095,25707,26395,52102,25604,24197,49801,20205,19462,39667,15094,14416,29510,9685,8493,18178,5458,5817,11275,2653,5090,7743,615,2308,2923,122114,123303,245417
2021-03-20,5752,5394,11146,11383,11794,23177,25773,26459,52232,25689,24268,49957,20282,19513,39795,15141,14459,29600,9719,8512,18231,5468,5832,11300,2656,5097,7753,615,2309,2924,122478,123637,246115
2021-03-21,5765,5410,11175,11425,11837,23262,25824,26520,52344,25770,24344,50114,20348,19574,39922,15175,14505,29680,9755,8545,18300,5490,5857,11347,2660,5106,7766,616,2309,2925,122828,124007,246835
2021-03-22,5784,5430,11214,11489,11903,23392,25950,26638,52588,25895,24473,50368,20441,19675,40116,15262,14580,29842,9795,8583,18378,5511,5874,11385,2666,5121,7787,617,2315,2932,123410,124592,248002
2021-03-23,5805,5443,11248,11551,11994,23545,26077,26775,52852,26031,24595,50626,20550,19782,40332,15350,14648,29998,9850,8645,18495,5538,5903,11441,2671,5136,7807,618,2319,2937,124041,125240,249281
2021-03-24,5826,5456,11282,11639,12079,23718,26199,26922,53121,26160,24712,50872,20671,19883,40554,15438,14735,30173,9904,8688,18592,5566,5930,11496,2680,5141,7821,620,2324,2944,124703,125870,250573
2021-03-25,5846,5478,11324,11727,12169,23896,26378,27099,53477,26304,24866,51170,20792,20006,40798,15526,14840,30366,9955,8744,18699,5600,5961,11561,2693,5155,7848,620,2327,2947,125441,126645,252086
2021-03-26,5880,5503,11383,11834,12259,24093,26557,27309,53866,26452,25014,51466,20943,20149,41092,15620,14942,30562,10006,8803,18809,5634,5993,11627,2704,5172,7876,620,2331,2951,126250,127475,253725
2021-03-27,5903,5523,11426,11910,12332,24242,26708,27463,54171,26577,25150,51727,21057,20285,41342,15706,15018,30724,10063,8860,18923,5660,6021,11681,2715,5184,7899,621,2333,2954,126920,128169,255089
2021-03-28,5924,5540,11464,11979,12417,24396,26840,27571,54411,26716,25275,51991,21181,20382,41563,15794,15100,30894,10112,8906,19018,5692,6048,11740,2722,5192,7914,622,2335,2957,127582,128766,256348
2021-03-29,5965,5571,11536,12091,12527,24618,27054,27782,54836,26880,25482,52362,21332,20526,41858,15940,15209,31149,10206,8956,19162,5735,6087,11822,2727,5204,7931,624,2340,2964,128554,129684,258238
2021-03-30,5987,5602,11589,12208,12639,24847,27298,28045,55343,27098,25674,52772,21515,20691,42206,16062,15337,31399,10282,9014,19296,5768,6135,11903,2737,5226,7963,630,2344,2974,129585,130707,260292
2021-03-31,6022,5634,11656,12335,12763,25098,27585,28313,55898,27325,25881,53206,21715,20861,42576,16179,15469,31648,10353,9078,19431,5798,6168,11966,2749,5244,7993,631,2350,2981,130692,131761,262453
2021-04-01,6044,5656,11700,12485,12932,25417,27886,28588,56474,27542,26099,53641,21861,21037,42898,16326,15593,31919,10436,9161,19597,5830,6199,12029,2760,5251,8011,634,2352,2986,131804,132868,264672
2021-04-02,6069,5687,11756,12614,13100,25714,28072,28788,56860,27738,26274,54012,22021,21185,43206,16437,15696,32133,10510,9220,19730,5864,6239,12103,2767,5263,8030,636,2353,2989,132728,133805,266533
2021-04-03,6092,5711,11803,12734,13210,25944,28259,28981,57240,27949,26481,54430,22205,21365,43570,16565,15822,32387,10585,9297,19882,5901,6279,12180,2780,5277,8057,639,2359,2998,133709,134782,268491
2021-04-04,6124,5733,11857,12853,13333,26186,28478,29196,57674,28158,26663,54821,22396,21524,43920,16691,15937,32628,10660,9369,20029,5933,6317,12250,2784,5289,8073,641,2362,3003,134718,135723,270441
2021-04-05,6167,5782,11949,13048,13526,26574,28828,29557,58385,28465,27013,55478,22636,21787,44423,16894,16138,33032,10780,9477,20257,5985,6377,12362,2799,5313,8112,641,2368,3009,136243,137338,273581
2021-04-06,6214,5823,12037,13212,13719,26931,29211,29891,59102,28800,27333,56133,22881,22052,44933,17086,16326,33412,10894,9572,20466,6030,6428,12458,2820,5326,8146,645,2374,3019,137793,138844,276637
2021-04-07,6258,5883,12141,13423,13937,27360,29601,30291,59892,29170,27609,56779,23143,22321,45464,17274,16500,33774,10999,9678,20677,6078,6473,12551,2838,5345,8183,648,2379,3027,139432,140416,279848
2021-04-08,6305,5940,12245,13615,14116,27731,29970,30675,60645,29474,27925,57399,23381,22594,45975,17478,16684,34162,11090,9774,20864,6129,6521,12650,2856,5367,8223,650,2382,3032,140948,141978,282926
2021-04-09,6369,5996,12365,13790,14285,28075,30271,31025,61296,29790,28226,58016,23617,22839,46456,17610,16857,34467,11170,9865,21035,6165,6558,12723,2874,5384,8258,654,2389,3043,142310,143424,285734
2021-04-10,6416,6031,12447,13945,14441,28386,30504,31329,61833,30014,28478,58492,23819,23044,46863,17745,17004,34749,11266,9952,21218,6205,6588,12793,2887,5405,8292,656,2393,3049,143457,144665,288122
2021-04-11,6446,6063,12509,14066,14603,28669,30684,31507,62191,30242,28709,58951,24005,23244,47249,17879,17132,35011,11364,10037,21401,6255,6638,12893,2894,5420,8314,658,2400,3058,144493,145753,290246
2021-04-12,6521,6112,12633,14242,14793,29035,30995,31814,62809,30588,28979,59567,24244,23511,47755,18084,17326,35410,11511,10162,21673,6328,6703,13031,2909,5444,8353,661,2405,3066,146083,147249,293332
2021-04-13,6574,6154,12728,14407,14951,29358,31290,32137,63427,30889,29272,60161,24506,23765,48271,18278,17517,35795,11640,10270,21910,6386,6766,13152,2929,5470,8399,666,2412,3078,147565,148714,296279
2021-04-14,6614,6224,12838,14597,15124,29721,31610,32502,64112,31205,29558,60763,24789,24053,48842,18505,17712,36217,11762,10410,22172,6457,6825,13282,2939,5493,8432,669,2421,3090,149147,150322,299469
2021-04-15,6669,6271,12940,14747,15265,30012,31868,32777,64645,31466,29830,61296,25037,24278,49315,18711,17878,36589,11883,10529,22412,6522,6886,13408,2952,5514,8466,672,2426,3098,150527,151654,302181
2021-04-16,6719,6320,13039,14908,15415,30323,32123,33089,65212,31773,30143,61916,25345,24552,49897,18923,18051,36974,12035,10658,22693,6578,6954,13532,2972,5536,8508,674,2433,3107,152050,153151,305201
2021-04-17,6759,6351,13110,15023,15552,30575,32350,33376,65726,32016,30407,62423,25574,24756,50330,19095,18206,37301,12149,10772,22921,6646,7026,13672,2982,5560,8542,677,2442,3119,153271,154448,307719
2021-04-18,6798,6396,13194,15127,15663,30790,32538,33569,66107,32249,30630,62879,25793,24954,50747,19282,18340,37622,12241,10869,23110,6702,7064,13766,2995,5578,8573,678,2448,3126,154403,155511,309914
2021-04-19,6853,6453,13306,15272,15807,31079,32853,33898,66751,32615,30960,63575,26085,25284,51369,19500,18544,38044,12400,11004,23404,6774,7122,13896,3010,5602,8612,678,2454,3132,156040,157128,313168
2021-04-20,6929,6516,13445,15419,15962,31381,33132,34204,67336,32955,31307,64262,26385,25556,51941,19724,18733,38457,12547,11136,23683,6832,7183,14015,3029,5637,8666,683,2458,3141,157635,158692,316327
2021-04-21,6980,6562,13542,15575,16122,31697,33411,34522,67933,33277,31621,64898,26691,25833,52524,19918,18930,38848,12683,11262,23945,6899,7248,14147,3056,5671,8727,686,2467,3153,159176,160238,319414
2021-04-22,7046,6622,13668,15721,16293,32014,33638,34767,68405,33569,31900,65469,26941,26072,53013,20092,19111,39203,12795,11386,24181,6962,7305,14267,3072,5696,8768,691,2476,3167,160527,161628,322155
2021-04-23,7114,6675,13789,15872,16452,32324,33913,35029,68942,33881,32203,66084,27195,26362,53557,20272,19295,39567,12908,11484,24392,7006,7376,14382,3090,5720,8810,693,2488,3181,161944,163084,325028
2021-04-24,7154,6707,13861,15963,16552,32515,34088,35220,69308,34084,32413,66497,27416,26571,53987,20439,19422,39861,13003,11561,24564,7044,7416,14460,3099,5747,8846,694,2499,3193,162984,164108,327092
2021-04-25,7202,6743,13945,16042,16643,32685,34245,35394,69639,34280,32607,66887,27592,26762,54354,20599,19553,40152,13090,11643,24733,7078,7457,14535,3108,5765,8873,695,2500,3195,163931,165067,328998
2021-04-26,7269,6787,14056,16145,16781,32926,34470,35644,70114,34582,32873,67455,27841,27020,54861,20787,19717,40504,13213,11751,24964,7124,7529,14653,3123,5789,8912,698,2506,3204,165252,166397,331649
2021-04-27,7329,6853,14182,16276,16916,33192,34689,35899,70588,34860,33169,68029,28060,27284,55344,20941,19880,40821,13325,11854,25179,7191,7594,14785,3147,5813,8960,703,2509,3212,166521,167771,334292
2021-04-28,7412,6906,14318,16427,17046,33473,34898,36111,71009,35131,33428,68559,28282,27530,55812,21112,20056,41168,13441,11961,25402,7250,7639,14889,3159,5837,8996,706,2516,3222,167818,169030,336848
2021-04-29,7463,6960,14423,16573,17191,33764,35139,36361,71500,35359,33714,69073,28510,27753,56263,21268,20225,41493,13551,12066,25617,7300,7699,14999,3177,5857,9034,708,2519,3227,169048,170345,339393
2021-04-30,7537,7023,14560,16704,17325,34029,35347,36618,71965,35589,33992,69581,28749,27974,56723,21434,20393,41827,13661,12202,25863,7356,7760,15116,3193,5874,9067,712,2528,3240,170282,171689,341971
2021-05-01,7582,7055,14637,16787,17405,34192,35493,36778,72271,35762,34172,69934,28903,28141,57044,21552,20504,42056,13759,12284,26043,7389,7800,15189,3200,5895,9095,712,2534,3246,171139,172568,343707
2021-05-02,7614,7090,14704,16868,17486,34354,35615,36929,72544,35917,34360,70277,29068,28307,57375,21677,20633,42310,13849,12367,26216,7423,7844,15267,3209,5912,9121,713,2539,3252,171953,173467,345420
2021-05-03,7688,7150,14838,16989,17629,34618,35846,37190,73036,36218,34656,70874,29328,28571,57899,21856,20830,42686,13986,12481,26467,7472,7904,15376,3234,5942,9176,719,2550,3269,173336,174903,348239
2021-05-04,7739,7218,14957,17115,17755,34870,36083,37406,73489,36475,34913,71388,29553,28787,58340,22042,20984,43026,14109,12571,26680,7513,7957,15470,3254,5964,9218,722,2561,3283,174605,176116,350721
2021-05-05,7795,7277,15072,17229,17867,35096,36303,37611,73914,36718,35152,71870,29750,28998,58748,22189,21155,43344,14200,12662,26862,7545,8006,15551,3268,5987,9255,726,2570,3296,175723,177285,353008
2021-05-06,7846,7329,15175,17316,17969,35285,36478,37829,74307,36916,35354,72270,29921,29181,59102,22334,21275,43609,14290,12751,27041,7587,8049,15636,3274,6009,9283,727,2581,3308,176689,178327,355016
2021-05-07,7893,7390,15283,17449,18087,35536,36653,38041,74694,37121,35576,72697,30091,29366,59457,22470,21423,43893,14388,12853,27241,7630,8092,15722,3293,6029,9322,729,2588,3317,177717,179445,357162
2021-05-08,7929,7415,15344,17525,18174,35699,36803,38187,74990,37297,35736,73033,30231,29544,59775,22593,21536,44129,14457,12914,27371,7660,8124,15784,3305,6051,9356,735,2597,3332,178535,180278,358813
2021-05-09,7964,7456,15420,17596,18249,35845,36921,38305,75226,37434,35904,73338,30372,29692,60064,22686,21618,44304,14529,12984,27513,7688,8156,15844,3314,6066,9380,739,2606,3345,179243,181036,360279
2021-05-10,8019,7523,15542,17740,18382,36122,37152,38566,75718,37708,36175,73883,30619,29933,60552,22880,21818,44698,14639,13101,27740,7750,8210,15960,3333,6105,9438,743,2613,3356,180583,182426,363009
2021-05-11,8082,7581,15663,17876,18484,36360,37362,38813,76175,37973,36443,74416,30858,30177,61035,23039,21975,45014,14738,13192,27930,7798,8260,16058,3344,6133,9477,753,2625,3378,181823,183683,365506
2021-05-12,8142,7648,15790,17986,18600,36586,37601,39046,76647,38237,36696,74933,31089,30401,61490,23211,22150,45361,14833,13284,28117,7846,8311,16157,3360,6164,9524,759,2636,3395,183064,184936,368000
2021-05-13,8212,7677,15889,18098,18720,36818,37788,39242,77030,38453,36927,75380,31286,30603,61889,23361,22326,45687,14910,13362,28272,7887,8359,16246,3375,6185,9560,764,2646,3410,184134,186047,370181
2021-05-14,8285,7742,16027,18229,18870,37099,38014,39514,77528,38715,37226,75941,31548,30841,62389,23539,22501,46040,15004,13475,28479,7938,8418,16356,3393,6207,9600,765,2654,3419,185430,187448,372878
2021-05-15,8353,7785,16138,18336,19004,37340,38187,39691,77878,38907,37418,76325,31747,31031,62778,23687,22641,46328,15088,13544,28632,7969,8462,16431,3409,6231,9640,765,2660,3425,186448,188467,374915
2021-05-16,8389,7832,16221,18418,19090,37508,38329,39867,78196,39102,37618,76720,31937,31221,63158,23823,22750,46573,15166,13613,28779,8006,8502,16508,3418,6242,9660,768,2671,3439,187356,189406,376762
2021-05-17,8482,7897,16379,18593,19274,37867,38640,40161,78801,39448,37949,77397,32248,31574,63822,24056,22997,47053,15299,13724,29023,8070,8574,16644,3451,6282,9733,774,2684,3458,189061,191116,380177
2021-05-18,8570,7979,16549,18768,19413,38181,38929,40471,79400,39789,38262,78051,32509,31861,64370,24262,23221,47483,15411,13842,29253,8133,8628,16761,3470,6312,9782,776,2704,3480,190617,192693,383310
2021-05-19,8656,8055,16711,18943,19595,38538,39232,40808,80040,40098,38566,78664,32818,32145,64963,24463,23406,47869,15533,13935,29468,8179,8693,16872,3491,6342,9833,777,2711,3488,192190,194256,386446
2021-05-20,8728,8117,16845,19093,19760,38853,39524,41132,80656,40401,38876,79277,33065,32406,65471,24651,23563,48214,15631,14034,29665,8239,8750,16989,3507,6389,9896,780,2717,3497,193619,195744,389363
2021-05-21,8797,8187,16984,19242,19919,39161,39772,41421,81193,40665,39162,79827,33315,32667,65982,24845,23762,48607,15724,14125,29849,8273,8800,17073,3526,6422,9948,784,2724,3508,194943,197189,392132
2021-05-22,8852,8220,17072,19332,20026,39358,39934,41601,81535,40892,39366,80258,33486,32841,66327,24991,23915,48906,15810,14205,30015,8302,8840,17142,3540,6455,9995,787,2741,3528,195926,198210,394136
2021-05-23,8881,8256,17137,19426,20144,39570,40115,41759,81874,41085,39569,80654,33672,33000,66672,25152,24047,49199,15892,14252,30144,8332,8878,17210,3558,6478,10036,788,2746,3534,196901,199129,396030
2021-05-24,8940,8293,17233,19552,20288,39840,40347,41996,82343,41376,39854,81230,33952,33279,67231,25346,24221,49567,15999,14338,30337,8372,8923,17295,3580,6505,10085,790,2756,3546,198254,200453,398707
2021-05-25,8991,8341,17332,19667,20392,40059,40562,42239,82801,41653,40112,81765,34226,33530,67756,25504,24379,49883,16089,14408,30497,8404,8971,17375,3596,6532,10128,790,2763,3553,199482,201667,401149
2021-05-26,9056,8414,17470,19815,20540,40355,40843,42539,83382,41989,40421,82410,34507,33819,68326,25733,24574,50307,16198,14524,30722,8460,9031,17491,3620,6572,10192,793,2779,3572,201014,203213,404227
2021-05-27,9133,8477,17610,19938,20682,40620,41089,42808,83897,42296,40725,83021,34775,34087,68862,25937,24754,50691,16301,14622,30923,8509,9081,17590,3641,6608,10249,796,2793,3589,202415,204637,407052
2021-05-28,9198,8533,17731,20100,20831,40931,41330,43064,84394,42543,41032,83575,35036,34323,69359,26121,24920,51041,16391,14726,31117,8548,9128,17676,3658,6648,10306,802,2802,3604,203727,206007,409734
2021-05-29,9257,8586,17843,20198,20929,41127,41488,43264,84752,42739,41228,83967,35204,34510,69714,26227,25061,51288,16475,14799,31274,8584,9168,17752,3673,6664,10337,803,2812,3615,204648,207021,411669
2021-05-30,9286,8618,17904,20281,21009,41290,41632,43426,85058,42881,41386,84267,35364,34674,70038,26310,25167,51477,16521,14847,31368,8607,9201,17808,3685,6682,10367,803,2813,3616,205370,207823,413193
2021-05-31,9348,8684,18032,20394,21140,41534,41837,43646,85483,43116,41653,84769,35565,34929,70494,26471,25333,51804,16603,14936,31539,8653,9256,17909,3707,6708,10415,804,2824,3628,206498,209109,415607
2021-06-01,9393,8738,18131,20502,21258,41760,42045,43853,85898,43346,41864,85210,35753,35136,70889,26616,25466,52082,16678,15015,31693,8690,9299,17989,3721,6737,10458,811,2833,3644,207555,210199,417754
2021-06-02,9436,8781,18217,20608,21350,41958,42190,44028,86218,43522,42042,85564,35895,35301,71196,26732,25581,52313,16743,15082,31825,8731,9343,18074,3737,6766,10503,817,2840,3657,208411,211114,419525
2021-06-03,9490,8833,18323,20711,21456,42167,42366,44217,86583,43702,42238,85940,36050,35464,71514,26838,25711,52549,16801,15138,31939,8769,9387,18156,3749,6787,10536,820,2850,3670,209296,212081,421377
2021-06-04,9551,8892,18443,20807,21580,42387,42532,44396,86928,43903,42422,86325,36205,35621,71826,26945,25844,52789,16857,15202,32059,8803,9427,18230,3759,6811,10570,822,2860,3682,210184,213055,423239
2021-06-05,9584,8930,18514,20881,21655,42536,42657,44498,87155,44041,42553,86594,36339,35750,72089,27037,25927,52964,16915,15250,32165,8823,9458,18281,3775,6845,10620,828,2872,3700,210880,213738,424618
2021-06-06,9626,8964,18590,20953,21717,42670,42755,44615,87370,44172,42669,86841,36483,35877,72360,27112,26008,53120,16959,15293,32252,8851,9486,18337,3782,6866,10648,832,2879,3711,211525,214374,425899
2021-06-07,9671,9012,18683,21059,21813,42872,42950,44800,87750,44355,42887,87242,36666,36080,72746,27252,26145,53397,17023,15348,32371,8886,9536,18422,3814,6890,10704,834,2889,3723,212510,215400,427910
2021-06-08,9721,9064,18785,21174,21904,43078,43120,44932,88052,44500,43064,87564,36832,36249,73081,27368,26257,53625,17074,15407,32481,8918,9571,18489,3827,6914,10741,836,2896,3732,213370,216258,429628
2021-06-09,9775,9104,18879,21267,22009,43276,43277,45074,88351,44667,43221,87888,36994,36393,73387,27475,26364,53839,17132,15457,32589,8956,9593,18549,3856,6930,10786,837,2902,3739,214236,217047,431283
2021-06-10,9823,9156,18979,21371,22127,43498,43460,45255,88715,44847,43394,88241,37167,36557,73724,27591,26474,54065,17185,15515,32700,8989,9626,18615,3868,6952,10820,841,2908,3749,215142,217964,433106
2021-06-11,9877,9198,19075,21460,22214,43674,43621,45407,89028,45015,43554,88569,37295,36715,74010,27692,26580,54272,17247,15576,32823,9019,9659,18678,3882,6979,10861,844,2917,3761,215952,218799,434751
2021-06-12,9914,9235,19149,21518,22275,43793,43708,45510,89218,45124,43656,88780,37391,36813,74204,27757,26644,54401,17279,15610,32889,9045,9679,18724,3886,6990,10876,847,2926,3773,216469,219338,435807
2021-06-13,9957,9276,19233,21569,22347,43916,43808,45618,89426,45230,43784,89014,37497,36906,74403,27828,26703,54531,17319,15648,32967,9067,9701,18768,3898,7012,10910,848,2932,3780,217021,219927,436948
2021-06-14,10009,9333,19342,21657,22449,44106,43966,45780,89746,45429,44008,89437,37684,37054,74738,27922,26790,54712,17375,15714,33089,9094,9745,18839,3908,7042,10950,851,2938,3789,217895,220853,438748
2021-06-15,10055,9368,19423,21749,22528,44277,44111,45922,90033,45591,44151,89742,37815,37197,75012,28020,26886,54906,17431,15762,33193,9125,9785,18910,3921,7065,10986,855,2955,3810,218673,221619,440292
2021-06-16,10098,9414,19512,21810,22613,44423,44246,46056,90302,45730,44296,90026,37962,37328,75290,28105,26956,55061,17478,15809,33287,9153,9801,18954,3927,7075,11002,860,2960,3820,219369,222308,441677
2021-06-17,10132,9448,19580,21894,22689,44583,44365,46171,90536,45864,44442,90306,38085,37477,75562,28188,27034,55222,17533,15870,33403,9190,9840,19030,3942,7101,11043,862,2967,3829,220055,223039,443094
2021-06-18,10169,9493,19662,21965,22760,44725,44484,46296,90780,45992,44564,90556,38180,37587,75767,28264,27106,55370,17574,15919,33493,9216,9873,19089,3944,7121,11065,865,2971,3836,220653,223690,444343
2021-06-19,10207,9531,19738,22019,22809,44828,44549,46366,90915,46091,44660,90751,38255,37675,75930,28326,27158,55484,17598,15952,33550,9238,9898,19136,3950,7131,11081,866,2972,3838,221099,224152,445251
2021-06-20,10225,9547,19772,22070,22859,44929,44613,46444,91057,46183,44753,90936,38326,37753,76079,28383,27204,55587,17616,15974,33590,9249,9909,19158,3956,7140,11096,869,2974,3843,221490,224557,446047
2021-06-21,10260,9581,19841,22135,22912,45047,44708,46538,91246,46294,44898,91192,38422,37846,76268,28434,27274,55708,17651,16007,33658,9270,9929,19199,3958,7150,11108,870,2979,3849,222002,225114,447116
2021-06-22,10316,9637,19953,22224,23008,45232,44840,46696,91536,46469,45094,91563,38574,37998,76572,28525,27352,55877,17711,16060,33771,9301,9956,19257,3968,7164,11132,870,2981,3851,222798,225946,448744
2021-06-23,10366,9683,20049,22310,23093,45403,44984,46823,91807,46600,45235,91835,38710,38116,76826,28607,27427,56034,17761,16098,33859,9326,9980,19306,3977,7173,11150,870,2984,3854,223511,226612,450123
2021-06-24,10417,9720,20137,22384,23187,45571,45119,46971,92090,46775,45409,92184,38833,38253,77086,28694,27517,56211,17805,16149,33954,9352,10016,19368,3986,7190,11176,875,2987,3862,224240,227399,451639
2021-06-25,10468,9777,20245,22488,23280,45768,45234,47148,92382,46940,45582,92522,38951,38385,77336,28776,27596,56372,17850,16211,34061,9374,10051,19425,3991,7210,11201,877,2992,3869,224949,228232,453181
2021-06-26,10503,9812,20315,22559,23339,45898,45313,47246,92559,47055,45671,92726,39043,38480,77523,28832,27665,56497,17881,16234,34115,9393,10071,19464,3997,7223,11220,878,2999,3877,225454,228740,454194
2021-06-27,10534,9841,20375,22602,23399,46001,45403,47326,92729,47142,45763,92905,39122,38562,77684,28874,27709,56583,17913,16264,34177,9403,10087,19490,3999,7230,11229,879,3002,3881,225871,229183,455054
2021-06-28,10582,9890,20472,22669,23474,46143,45519,47434,92953,47274,45905,93179,39241,38691,77932,28933,27773,56706,17964,16298,34262,9425,10108,19533,4007,7242,11249,879,3008,3887,226493,229823,456316
2021-06-29,10619,9935,20554,22747,23543,46290,45609,47536,93145,47402,46025,93427,39330,38802,78132,28993,27826,56819,17995,16347,34342,9450,10133,19583,4014,7256,11270,881,3013,3894,227040,230416,457456
2021-06-30,10657,9980,20637,22834,23619,46453,45712,47665,93377,47525,46146,93671,39415,38914,78329,29049,27884,56933,18025,16382,34407,9470,10162,19632,4020,7267,11287,883,3015,3898,227590,231034,458624
2021-07-01,10688,10007,20695,22914,23693,46607,45824,47792,93616,47641,46264,93905,39504,39017,78521,29120,27954,57074,18065,16424,34489,9490,10181,19671,4026,7278,11304,883,3017,3900,228155,231627,459782
2021-07-02,10729,10043,20772,22995,23769,46764,45914,47890,93804,47766,46390,94156,39611,39118,78729,29181,28009,57190,18097,16460,34557,9510,10205,19715,4031,7285,11316,883,3021,3904,228717,232190,460907
2021-07-03,10760,10066,20826,23045,23825,46870,45987,47974,93961,47839,46477,94316,39705,39178,78883,29224,28060,57284,18130,16489,34619,9519,10218,19737,4036,7292,11328,883,3022,3905,229128,232601,461729
2021-07-04,10785,10079,20864,23082,23870,46952,46066,48028,94094,47918,46537,94455,39764,39233,78997,29261,28109,57370,18154,16508,34662,9536,10233,19769,4040,7296,11336,883,3026,3909,229489,232919,462408
2021-07-05,10827,10114,20941,23152,23937,47089,46172,48131,94303,48057,46655,94712,39873,39330,79203,29320,28173,57493,18187,16548,34735,9565,10256,19821,4046,7306,11352,885,3028,3913,230084,233478,463562
2021-07-06,10869,10155,21024,23226,23990,47216,46273,48250,94523,48182,46770,94952,39970,39427,79397,29370,28215,57585,18227,16586,34813,9595,10276,19871,4053,7316,11369,889,3030,3919,230654,234015,464669
2021-07-07,10906,10189,21095,23291,24050,47341,46376,48343,94719,48285,46878,95163,40057,39509,79566,29421,28260,57681,18253,16608,34861,9616,10297,19913,4065,7321,11386,890,3030,3920,231160,234485,465645
2021-07-08,10949,10223,21172,23364,24125,47489,46499,48461,94960,48413,47013,95426,40161,39593,79754,29466,28336,57802,18285,16638,34923,9631,10316,19947,4069,7327,11396,892,3032,3924,231729,235064,466793
2021-07-09,10980,10243,21223,23426,24182,47608,46583,48545,95128,48491,47090,95581,40232,39674,79906,29499,28382,57881,18306,16660,34966,9645,10328,19973,4071,7331,11402,893,3033,3926,232126,235468,467594
2021-07-10,11007,10264,21271,23471,24231,47702,46656,48626,95282,48571,47174,95745,40306,39756,80062,29550,28435,57985,18331,16692,35023,9666,10351,20017,4075,7339,11414,895,3034,3929,232528,235902,468430
2021-07-11,11022,10288,21310,23520,24279,47799,46718,48700,95418,48654,47250,95904,40368,39814,80182,29586,28467,58053,18353,16711,35064,9678,10365,20043,4077,7343,11420,895,3034,3929,232871,236251,469122
2021-07-12,11061,10321,21382,23582,24341,47923,46827,48809,95636,48774,47367,96141,40467,39910,80377,29649,28533,58182,18392,16744,35136,9708,10390,20098,4082,7352,11434,895,3036,3931,233437,236803,470240
2021-07-13,11097,10360,21457,23646,24400,48046,46927,48910,95837,48864,47459,96323,40536,39996,80532,29705,28569,58274,18424,16768,35192,9724,10410,20134,4089,7362,11451,896,3043,3939,233908,237277,471185
2021-07-14,11132,10385,21517,23713,24456,48169,47032,49024,96056,48956,47562,96518,40606,40079,80685,29758,28627,58385,18454,16793,35247,9742,10425,20167,4090,7370,11460,896,3045,3941,234379,237766,472145
2021-07-15,11161,10406,21567,23789,24526,48315,47150,49141,96291,49063,47647,96710,40684,40159,80843,29800,28681,58481,18479,16825,35304,9753,10442,20195,4094,7373,11467,897,3047,3944,234870,238247,473117
2021-07-16,11199,10426,21625,23851,24582,48433,47247,49244,96491,49149,47756,96905,40751,40239,80990,29835,28732,58567,18512,16861,35373,9776,10472,20248,4095,7387,11482,898,3048,3946,235313,238747,474060
2021-07-17,11232,10441,21673,23900,24637,48537,47332,49319,96651,49224,47822,97046,40803,40311,81114,29879,28769,58648,18527,16880,35407,9789,10486,20275,4100,7388,11488,898,3049,3947,235684,239102,474786
2021-07-18,11245,10456,21701,23933,24673,48606,47395,49382,96777,49275,47877,97152,40851,40353,81204,29899,28796,58695,18544,16893,35437,9798,10497,20295,4107,7394,11501,898,3049,3947,235945,239370,475315
2021-07-19,11262,10484,21746,23990,24726,48716,47487,49483,96970,49372,47973,97345,40926,40431,81357,29943,28837,58780,18569,16919,35488,9810,10515,20325,4112,7400,11512,900,3052,3952,236371,239820,476191
2021-07-20,11285,10514,21799,24040,24767,48807,47553,49581,97134,49443,48055,97498,40998,40494,81492,29980,28872,58852,18592,16938,35530,9822,10526,20348,4116,7406,11522,900,3053,3953,236729,240206,476935
2021-07-21,11314,10530,21844,24088,24840,48928,47643,49665,97308,49528,48123,97651,41040,40577,81617,30024,28915,58939,18615,16959,35574,9832,10540,20372,4119,7408,11527,902,3053,3955,237105,240610,477715
2021-07-22,11333,10546,21879,24147,24899,49046,47733,49745,97478,49605,48213,97818,41097,40634,81731,30066,28965,59031,18661,16981,35642,9846,10551,20397,4122,7416,11538,904,3053,3957,237514,241003,478517
2021-07-23,11349,10565,21914,24210,24961,49171,47837,49830,97667,49682,48290,97972,41159,40701,81860,30108,28997,59105,18689,17011,35700,9856,10566,20422,4124,7425,11549,905,3054,3959,237919,241400,479319
2021-07-24,11361,10575,21936,24256,25009,49265,47906,49890,97796,49741,48347,98088,41206,40755,81961,30135,29032,59167,18713,17028,35741,9868,10573,20441,4126,7427,11553,905,3055,3960,238217,241691,479908
2021-07-25,11373,10587,21960,24291,25055,49346,47960,49948,97908,49800,48401,98201,41247,40795,82042,30164,29060,59224,18734,17035,35769,9877,10585,20462,4128,7432,11560,905,3058,3963,238479,241956,480435
2021-07-26,11393,10605,21998,24359,25117,49476,48072,50062,98134,49890,48483,98373,41309,40868,82177,30210,29105,59315,18763,17064,35827,9896,10606,20502,4133,7440,11573,905,3059,3964,238930,242409,481339
2021-07-27,11413,10618,22031,24406,25176,49582,48155,50159,98314,49974,48571,98545,41366,40919,82285,30247,29145,59392,18785,17085,35870,9907,10619,20526,4134,7444,11578,906,3060,3966,239293,242796,482089
2021-07-28,11426,10636,22062,24455,25223,49678,48214,50241,98455,50035,48637,98672,41411,40969,82380,30272,29174,59446,18802,17110,35912,9917,10628,20545,4135,7446,11581,906,3061,3967,239573,243125,482698
2021-07-29,11452,10650,22102,24507,25261,49768,48294,50312,98606,50098,48712,98810,41453,41023,82476,30305,29204,59509,18820,17133,35953,9923,10635,20558,4141,7454,11595,907,3063,3970,239900,243447,483347
2021-07-30,11478,10667,22145,24560,25323,49883,48368,50392,98760,50148,48782,98930,41514,41093,82607,30346,29241,59587,18847,17163,36010,9931,10652,20583,4144,7465,11609,908,3065,3973,240244,243843,484087
2021-07-31,11491,10690,22181,24600,25367,49967,48419,50448,98867,50187,48850,99037,41557,41133,82690,30383,29275,59658,18862,17174,36036,9947,10660,20607,4144,7467,11611,908,3066,3974,240498,244130,484628
2021-08-01,11508,10705,22213,24634,25405,50039,48462,50495,98957,50240,48901,99141,41603,41187,82790,30410,29310,59720,18882,17189,36071,9957,10668,20625,4148,7472,11620,909,3066,3975,240753,244398,485151
2021-08-02,11535,10731,22266,24709,25487,50196,48542,50576,99118,50298,48971,99269,41670,41269,82939,30469,29360,59829,18909,17215,36124,9968,10689,20657,4149,7479,11628,910,3068,3978,241159,244845,486004
2021-08-03,11551,10747,22298,24771,25570,50341,48623,50642,99265,50367,49037,99404,41738,41333,83071,30504,29395,59899,18933,17241,36174,9983,10706,20689,4153,7482,11635,910,3070,3980,241533,245223,486756
2021-08-04,11573,10758,22331,24821,25614,50435,48697,50712,99409,50427,49112,99539,41778,41387,83165,30540,29431,59971,18950,17258,36208,9998,10720,20718,4158,7484,11642,910,3071,3981,241852,245547,487399
2021-08-05,11590,10776,22366,24899,25688,50587,48766,50784,99550,50496,49168,99664,41829,41442,83271,30578,29471,60049,18966,17275,36241,10005,10736,20741,4164,7491,11655,912,3075,3987,242205,245906,488111
2021-08-06,11600,10791,22391,24940,25748,50688,48807,50841,99648,50535,49212,99747,41865,41485,83350,30601,29496,60097,18985,17292,36277,10016,10741,20757,4165,7492,11657,912,3075,3987,242426,246173,488599
2021-08-07,11601,10793,22394,24945,25751,50696,48811,50848,99659,50540,49216,99756,41872,41491,83363,30603,29498,60101,18986,17297,36283,10016,10741,20757,4165,7492,11657,912,3075,3987,242451,246202,488653
2021-08-08,11601,10793,22394,24945,25751,50696,48811,50848,99659,50540,49216,99756,41872,41491,83363,30603,29498,60101,18986,17297,36283,10016,10741,20757,4165,7492,11657,912,3075,3987,242451,246202,488653
