FECHA,<=10M,<=10F,<=10,11-20M,11-20F,11-20,21-30M,21-30F,21-30,31-40M,31-40F,31-40,41-50M,41-50F,41-50,51-60M,51-60F,51-60,61-70M,61-70F,61-70,71-80M,71-80F,71-80,81-90M,81-90F,81-90,>=91M,>=91F,>=91,TotalM,TotalF,Total,DelayCount,CumDelay,DelayAvg
2020-03-15,1,0,1,0,0,0,0,1,1,2,1,3,0,0,0,1,0,1,0,0,0,1,1,2,0,0,0,0,0,0,5,3,8,8,26,3.25
2020-03-16,1,2,3,0,1,1,1,1,2,1,1,2,0,0,0,2,0,2,2,1,3,0,0,0,0,0,0,0,0,0,7,6,13,13,46,3.5384615384615383
2020-03-17,0,4,4,0,1,1,0,1,1,1,0,1,0,2,2,1,1,2,1,1,2,2,2,4,1,0,1,0,0,0,6,12,18,18,41,2.2777777777777777
2020-03-18,2,1,3,0,0,0,0,0,0,2,1,3,0,1,1,1,1,2,0,2,2,1,0,1,1,0,1,0,0,0,7,6,13,13,22,1.6923076923076923
2020-03-19,1,0,1,0,0,0,3,1,4,2,1,3,1,1,2,0,0,0,1,1,2,1,1,2,0,0,0,1,0,1,10,5,15,15,36,2.4
2020-03-20,1,1,2,1,0,1,0,0,0,1,2,3,0,0,0,0,0,0,0,1,1,2,2,4,1,0,1,0,0,0,6,6,12,12,24,2.0
2020-03-21,0,0,0,1,0,1,1,2,3,2,1,3,1,1,2,0,0,0,2,1,3,1,1,2,0,0,0,0,0,0,8,6,14,14,38,2.7142857142857144
2020-03-22,0,0,0,0,0,0,3,1,4,0,0,0,0,0,0,1,1,2,0,1,1,2,0,2,3,2,5,0,0,0,9,5,14,14,39,2.7857142857142856
2020-03-23,1,0,1,1,2,3,1,1,2,1,1,2,0,1,1,2,0,2,2,0,2,3,2,5,3,3,6,0,1,1,14,11,25,25,50,2.0
2020-03-24,1,0,1,0,0,0,0,0,0,1,1,2,0,1,1,2,1,3,0,0,0,2,0,2,1,1,2,1,0,1,8,4,12,12,16,1.3333333333333333
2020-03-25,1,2,3,0,0,0,1,2,3,1,1,2,0,0,0,0,2,2,2,1,3,2,2,4,2,4,6,2,1,3,11,15,26,26,36,1.3846153846153846
2020-03-26,4,3,7,2,0,2,1,2,3,3,2,5,1,2,3,3,1,4,1,3,4,3,1,4,4,0,4,3,1,4,25,15,40,40,146,3.65
2020-03-27,2,2,4,0,1,1,0,1,1,3,0,3,1,2,3,1,2,3,1,4,5,4,6,10,3,3,6,2,6,8,17,27,44,44,96,2.1818181818181817
2020-03-28,2,0,2,0,0,0,1,0,1,0,0,0,1,1,2,3,1,4,3,0,3,4,6,10,2,1,3,1,0,1,17,9,26,26,89,3.423076923076923
2020-03-29,1,0,1,1,1,2,0,1,1,2,0,2,2,2,4,0,0,0,6,3,9,2,1,3,5,2,7,2,1,3,21,11,32,32,69,2.15625
2020-03-30,2,1,3,0,0,0,1,3,4,1,3,4,4,1,5,1,1,2,4,0,4,3,5,8,5,1,6,3,2,5,24,17,41,41,81,1.975609756097561
2020-03-31,5,2,7,2,0,2,2,1,3,3,2,5,3,0,3,1,0,1,4,2,6,4,3,7,2,3,5,4,0,4,30,13,43,43,82,1.9069767441860466
2020-04-01,6,7,13,0,2,2,3,3,6,3,1,4,10,3,13,3,1,4,4,3,7,5,2,7,5,6,11,0,1,1,39,29,68,68,171,2.514705882352941
2020-04-02,4,5,9,4,5,9,0,3,3,3,4,7,3,4,7,1,4,5,5,4,9,7,6,13,5,5,10,2,3,5,34,43,77,77,132,1.7142857142857142
2020-04-03,13,6,19,3,2,5,3,5,8,5,6,11,3,6,9,1,3,4,4,2,6,4,2,6,4,6,10,2,5,7,42,43,85,85,168,1.9764705882352942
2020-04-04,7,6,13,1,1,2,0,4,4,2,9,11,4,1,5,4,0,4,5,2,7,2,3,5,4,2,6,1,3,4,30,31,61,61,98,1.6065573770491803
2020-04-05,4,6,10,2,1,3,6,0,6,4,1,5,8,1,9,4,2,6,1,9,10,5,8,13,4,4,8,2,3,5,40,35,75,75,125,1.6666666666666667
2020-04-06,9,5,14,2,1,3,5,2,7,11,1,12,8,3,11,6,1,7,4,6,10,10,3,13,6,5,11,1,3,4,62,30,92,92,139,1.5108695652173914
2020-04-07,7,7,14,1,2,3,4,2,6,4,4,8,4,4,8,4,1,5,3,3,6,6,7,13,7,10,17,2,1,3,42,41,83,83,100,1.2048192771084338
2020-04-08,5,5,10,2,1,3,2,2,4,4,2,6,6,3,9,2,2,4,6,3,9,8,4,12,2,3,5,3,6,9,40,31,71,71,87,1.2253521126760563
2020-04-09,1,1,2,1,2,3,2,5,7,11,8,19,2,3,5,5,5,10,2,2,4,8,9,17,3,9,12,4,5,9,39,49,88,88,115,1.3068181818181819
2020-04-10,13,2,15,2,3,5,2,4,6,2,1,3,8,1,9,1,2,3,5,1,6,1,10,11,4,7,11,2,5,7,40,36,76,76,99,1.3026315789473684
2020-04-11,5,4,9,2,2,4,4,4,8,3,2,5,4,1,5,0,3,3,2,6,8,5,2,7,4,7,11,1,5,6,30,36,66,66,90,1.3636363636363635
2020-04-12,5,4,9,1,0,1,0,2,2,4,1,5,2,4,6,5,1,6,2,3,5,3,7,10,3,4,7,1,2,3,26,28,54,54,84,1.5555555555555556
2020-04-13,3,6,9,4,3,7,8,3,11,4,6,10,3,2,5,4,4,8,6,4,10,4,7,11,7,8,15,5,6,11,48,49,97,97,121,1.2474226804123711
2020-04-14,12,4,16,2,0,2,6,5,11,6,1,7,4,5,9,8,5,13,4,7,11,7,5,12,7,4,11,4,4,8,60,40,100,100,111,1.11
2020-04-15,7,3,10,4,5,9,1,3,4,5,6,11,4,10,14,4,9,13,5,2,7,8,2,10,8,7,15,5,3,8,51,50,101,101,142,1.4059405940594059
2020-04-16,7,2,9,4,4,8,5,3,8,6,9,15,9,7,16,7,7,14,4,10,14,6,3,9,4,6,10,1,4,5,53,55,108,108,110,1.0185185185185186
2020-04-17,6,4,10,1,2,3,1,6,7,4,10,14,8,5,13,6,5,11,7,3,10,12,5,17,5,7,12,1,4,5,51,51,102,102,150,1.4705882352941178
2020-04-18,6,6,12,2,0,2,8,2,10,11,3,14,7,4,11,5,2,7,2,2,4,4,10,14,5,7,12,3,5,8,53,41,94,94,141,1.5
2020-04-19,5,6,11,3,1,4,3,2,5,4,3,7,3,2,5,5,6,11,2,7,9,6,8,14,2,7,9,2,1,3,35,43,78,78,98,1.2564102564102564
2020-04-20,9,5,14,8,6,14,9,1,10,11,5,16,5,7,12,7,2,9,10,6,16,15,10,25,9,8,17,5,15,20,88,65,153,153,321,2.0980392156862746
2020-04-21,9,7,16,3,3,6,12,2,14,6,9,15,2,2,4,4,7,11,4,6,10,11,12,23,7,10,17,3,10,13,61,68,129,129,151,1.1705426356589148
2020-04-22,8,5,13,3,4,7,6,6,12,8,2,10,10,7,17,3,4,7,4,2,6,10,14,24,8,11,19,7,7,14,67,62,129,129,203,1.573643410852713
2020-04-23,11,9,20,4,5,9,4,7,11,6,5,11,7,1,8,3,5,8,6,5,11,7,8,15,11,9,20,7,10,17,66,64,130,130,126,0.9692307692307692
2020-04-24,9,9,18,5,4,9,6,7,13,11,8,19,4,4,8,6,5,11,7,8,15,9,9,18,10,16,26,3,3,6,70,73,143,143,157,1.097902097902098
2020-04-25,8,2,10,4,1,5,2,4,6,6,8,14,4,3,7,5,4,9,6,3,9,6,1,7,9,14,23,5,5,10,55,45,100,100,90,0.9
2020-04-26,5,13,18,4,6,10,1,2,3,3,2,5,7,4,11,2,3,5,6,5,11,4,8,12,8,7,15,1,3,4,41,53,94,94,84,0.8936170212765957
2020-04-27,10,9,19,4,3,7,5,4,9,3,8,11,3,6,9,6,7,13,8,7,15,18,5,23,11,13,24,3,6,9,71,68,139,139,114,0.8201438848920863
2020-04-28,12,6,18,3,3,6,8,6,14,8,4,12,3,6,9,7,6,13,4,7,11,3,12,15,6,14,20,2,4,6,56,68,124,124,95,0.7661290322580645
2020-04-29,10,8,18,4,3,7,11,6,17,14,7,21,8,5,13,7,5,12,3,7,10,9,4,13,3,14,17,5,11,16,74,70,144,144,123,0.8541666666666666
2020-04-30,12,7,19,9,2,11,7,1,8,3,4,7,8,5,13,7,5,12,8,9,17,6,9,15,9,16,25,7,8,15,76,66,142,142,116,0.8169014084507042
2020-05-01,0,9,9,5,4,9,1,3,4,7,8,15,9,7,16,6,1,7,10,5,15,7,8,15,8,10,18,0,4,4,53,59,112,112,97,0.8660714285714286
2020-05-02,4,12,16,3,6,9,5,1,6,8,5,13,5,3,8,5,1,6,3,2,5,5,2,7,6,9,15,1,3,4,45,44,89,89,93,1.0449438202247192
2020-05-03,5,4,9,2,1,3,6,4,10,7,4,11,4,3,7,6,2,8,7,7,14,4,7,11,8,8,16,3,5,8,52,45,97,97,80,0.8247422680412371
2020-05-04,14,15,29,5,2,7,6,6,12,7,6,13,3,3,6,5,3,8,6,10,16,15,12,27,7,18,25,3,4,7,71,79,150,150,121,0.8066666666666666
2020-05-05,6,6,12,6,1,7,8,7,15,10,8,18,3,8,11,7,5,12,9,4,13,14,5,19,5,14,19,2,9,11,70,67,137,137,95,0.6934306569343066
2020-05-06,8,8,16,3,0,3,7,6,13,10,8,18,14,6,20,3,5,8,9,3,12,17,14,31,6,11,17,5,6,11,82,67,149,149,102,0.6845637583892618
2020-05-07,14,7,21,5,5,10,11,3,14,8,6,14,13,8,21,5,5,10,6,4,10,14,5,19,6,12,18,1,8,9,83,63,146,146,93,0.636986301369863
2020-05-08,10,8,18,4,4,8,9,5,14,9,9,18,9,9,18,10,3,13,5,9,14,10,8,18,10,11,21,3,13,16,79,79,158,158,168,1.0632911392405062
2020-05-09,11,6,17,3,0,3,2,10,12,5,4,9,6,6,12,4,3,7,4,7,11,12,2,14,5,9,14,5,7,12,57,54,111,111,97,0.8738738738738738
2020-05-10,7,7,14,1,1,2,5,6,11,3,5,8,2,3,5,4,4,8,6,4,10,8,8,16,5,9,14,1,8,9,42,55,97,97,86,0.8865979381443299
2020-05-11,11,10,21,6,4,10,5,4,9,10,7,17,7,8,15,8,4,12,10,3,13,9,9,18,11,16,27,4,13,17,81,78,159,159,115,0.7232704402515723
2020-05-12,9,8,17,6,8,14,18,13,31,18,5,23,5,9,14,5,3,8,9,5,14,5,10,15,9,13,22,6,11,17,90,85,175,175,128,0.7314285714285714
2020-05-13,19,9,28,9,9,18,12,7,19,10,13,23,12,4,16,6,7,13,5,5,10,10,6,16,6,14,20,2,9,11,91,83,174,174,147,0.8448275862068966
2020-05-14,16,19,35,8,6,14,11,15,26,11,12,23,9,7,16,5,6,11,8,10,18,7,10,17,10,11,21,2,15,17,87,111,198,198,169,0.8535353535353535
2020-05-15,13,13,26,5,5,10,7,8,15,6,8,14,8,11,19,8,5,13,9,8,17,6,6,12,10,18,28,5,11,16,77,93,170,169,158,0.9349112426035503
2020-05-16,6,12,18,6,3,9,4,6,10,6,12,18,6,6,12,6,8,14,3,4,7,9,3,12,6,5,11,5,12,17,57,71,128,128,176,1.375
2020-05-17,11,10,21,3,4,7,9,5,14,6,5,11,7,7,14,3,2,5,5,5,10,5,4,9,10,9,19,4,7,11,63,58,121,121,83,0.6859504132231405
2020-05-18,15,15,30,5,8,13,17,15,32,18,9,27,9,11,20,11,7,18,8,12,20,15,13,28,15,12,27,2,11,13,115,113,228,228,185,0.8114035087719298
2020-05-19,16,12,28,11,8,19,20,18,38,26,16,42,17,8,25,10,12,22,13,10,23,9,17,26,11,18,29,2,10,12,135,129,264,264,195,0.7386363636363636
2020-05-20,21,26,47,7,9,16,21,9,30,29,14,43,16,12,28,6,10,16,14,11,25,9,10,19,12,16,28,6,6,12,141,123,264,264,176,0.6666666666666666
2020-05-21,19,24,43,13,6,19,22,16,38,22,13,35,9,14,23,12,6,18,9,7,16,14,8,22,6,15,21,1,4,5,127,113,240,240,129,0.5375
2020-05-22,17,15,32,12,10,22,18,18,36,20,18,38,14,8,22,10,5,15,5,9,14,8,8,16,7,11,18,6,14,20,117,116,233,233,123,0.5278969957081545
2020-05-23,9,12,21,11,9,20,16,9,25,22,13,35,7,8,15,5,7,12,9,11,20,10,10,20,8,5,13,3,2,5,100,86,186,186,114,0.6129032258064516
2020-05-24,11,10,21,8,8,16,8,5,13,11,7,18,7,2,9,6,3,9,8,4,12,9,5,14,5,11,16,2,5,7,75,60,135,135,107,0.7925925925925926
2020-05-25,21,18,39,15,11,26,13,14,27,10,10,20,10,7,17,5,7,12,4,4,8,13,2,15,8,15,23,1,8,9,100,96,196,196,104,0.5306122448979592
2020-05-26,23,19,42,14,14,28,22,22,44,31,15,46,14,13,27,8,12,20,7,5,12,13,4,17,10,14,24,3,11,14,145,129,274,274,201,0.7335766423357665
2020-05-27,27,24,51,17,11,28,12,16,28,19,11,30,12,9,21,15,11,26,6,7,13,4,11,15,5,15,20,4,2,6,121,117,238,238,170,0.7142857142857143
2020-05-28,19,29,48,15,7,22,21,20,41,15,12,27,15,9,24,9,14,23,9,11,20,11,4,15,11,14,25,5,16,21,130,136,266,266,184,0.6917293233082706
2020-05-29,25,22,47,20,13,33,28,21,49,23,24,47,19,12,31,13,13,26,11,5,16,13,9,22,13,16,29,2,4,6,167,139,306,306,244,0.7973856209150327
2020-05-30,22,17,39,11,8,19,25,21,46,32,7,39,10,10,20,8,11,19,6,4,10,8,10,18,9,10,19,1,9,10,132,107,239,238,108,0.453781512605042
2020-05-31,15,12,27,10,8,18,13,6,19,8,9,17,7,3,10,4,6,10,4,4,8,9,5,14,5,8,13,1,8,9,76,69,145,145,74,0.5103448275862069
2020-06-01,24,18,42,12,14,26,18,29,47,23,24,47,12,15,27,9,11,20,18,9,27,12,9,21,6,9,15,5,3,8,139,141,280,280,196,0.7
2020-06-02,29,18,47,18,17,35,21,17,38,16,20,36,18,15,33,8,10,18,13,7,20,19,9,28,5,13,18,5,12,17,152,138,290,290,168,0.5793103448275863
2020-06-03,21,13,34,13,20,33,18,24,42,22,19,41,10,13,23,6,9,15,12,11,23,12,10,22,12,16,28,2,10,12,128,145,273,273,148,0.5421245421245421
2020-06-04,23,20,43,13,15,28,23,17,40,14,15,29,10,10,20,14,8,22,8,5,13,17,9,26,11,13,24,3,10,13,136,122,258,257,174,0.6770428015564203
2020-06-05,29,29,58,10,14,24,27,14,41,22,30,52,25,18,43,14,17,31,12,10,22,13,12,25,11,19,30,3,9,12,166,172,338,338,296,0.8757396449704142
2020-06-06,16,18,34,11,7,18,14,10,24,21,17,38,10,10,20,13,6,19,9,9,18,8,9,17,9,16,25,3,9,12,114,111,225,220,150,0.6818181818181818
2020-06-07,10,15,25,11,10,21,16,7,23,10,5,15,11,6,17,8,6,14,7,3,10,8,6,14,10,12,22,3,8,11,94,78,172,169,91,0.5384615384615384
2020-06-08,20,22,42,15,17,32,25,18,43,26,22,48,26,14,40,15,15,30,13,8,21,16,14,30,10,16,26,4,6,10,170,152,322,322,208,0.6459627329192547
2020-06-09,38,20,58,14,17,31,16,22,38,15,22,37,24,16,40,10,5,15,13,6,19,7,13,20,12,25,37,3,11,14,152,157,309,308,188,0.6103896103896104
2020-06-10,15,20,35,11,12,23,33,17,50,21,25,46,21,13,34,18,12,30,12,10,22,19,21,40,6,18,24,6,16,22,162,164,326,326,241,0.7392638036809815
2020-06-11,25,26,51,10,13,23,17,19,36,25,24,49,11,12,23,11,15,26,11,15,26,13,14,27,5,23,28,4,14,18,132,175,307,307,220,0.7166123778501629
2020-06-12,28,34,62,8,16,24,36,19,55,36,34,70,24,25,49,13,9,22,19,14,33,14,14,28,6,20,26,3,9,12,187,194,381,381,254,0.6666666666666666
2020-06-13,24,24,48,14,15,29,26,23,49,23,14,37,9,12,21,15,10,25,9,4,13,14,8,22,6,16,22,2,6,8,142,132,274,274,191,0.6970802919708029
2020-06-14,17,20,37,15,9,24,15,12,27,13,8,21,14,9,23,8,11,19,7,3,10,3,11,14,13,18,31,1,8,9,106,109,215,215,150,0.6976744186046512
2020-06-15,20,22,42,18,13,31,21,18,39,18,17,35,17,8,25,8,8,16,9,4,13,11,7,18,7,14,21,1,10,11,130,121,251,251,166,0.6613545816733067
2020-06-16,34,42,76,15,16,31,46,25,71,41,22,63,23,20,43,19,11,30,12,9,21,14,8,22,12,21,33,3,14,17,219,188,407,407,234,0.5749385749385749
2020-06-17,24,27,51,17,18,35,31,23,54,28,28,56,28,13,41,19,7,26,12,10,22,7,17,24,17,14,31,2,9,11,185,166,351,351,292,0.8319088319088319
2020-06-18,37,33,70,12,10,22,40,27,67,44,31,75,29,11,40,21,12,33,16,17,33,11,15,26,14,19,33,2,12,14,226,187,413,413,353,0.8547215496368039
2020-06-19,42,22,64,11,20,31,23,15,38,42,20,62,27,24,51,28,14,42,17,11,28,22,13,35,15,18,33,8,12,20,235,169,404,404,408,1.00990099009901
2020-06-20,27,22,49,11,16,27,25,18,43,32,18,50,17,17,34,11,14,25,12,11,23,10,7,17,7,14,21,3,7,10,155,144,299,299,174,0.5819397993311036
2020-06-21,23,13,36,12,10,22,20,14,34,21,17,38,14,8,22,13,5,18,7,9,16,7,5,12,5,11,16,1,7,8,123,99,222,222,100,0.45045045045045046
2020-06-22,33,32,65,19,18,37,23,32,55,32,18,50,23,18,41,15,22,37,13,15,28,18,12,30,7,16,23,2,11,13,185,194,379,379,284,0.7493403693931399
2020-06-23,38,29,67,21,22,43,34,27,61,43,30,73,26,18,44,15,22,37,13,14,27,10,9,19,11,15,26,4,6,10,215,192,407,407,236,0.5798525798525799
2020-06-24,26,29,55,23,15,38,36,36,72,28,27,55,28,20,48,18,18,36,9,16,25,11,10,21,12,13,25,2,5,7,193,189,382,382,166,0.43455497382198954
2020-06-25,32,41,73,24,28,52,26,24,50,30,24,54,34,25,59,31,20,51,6,9,15,7,12,19,7,12,19,5,6,11,202,201,403,403,258,0.6401985111662531
2020-06-26,31,23,54,24,19,43,38,26,64,29,30,59,25,21,46,13,16,29,14,13,27,10,15,25,9,19,28,2,9,11,195,191,386,386,168,0.43523316062176165
2020-06-27,39,34,73,24,27,51,27,27,54,26,24,50,22,15,37,13,6,19,14,5,19,4,11,15,4,6,10,4,6,10,177,161,338,338,192,0.5680473372781065
2020-06-28,35,18,53,9,12,21,12,23,35,26,18,44,14,16,30,14,11,25,8,4,12,7,7,14,6,10,16,6,7,13,137,126,263,263,134,0.5095057034220533
2020-06-29,32,38,70,24,24,48,27,19,46,38,22,60,20,16,36,14,21,35,19,9,28,13,14,27,11,12,23,5,10,15,203,185,388,388,224,0.5773195876288659
2020-06-30,20,30,50,8,18,26,33,23,56,27,30,57,24,22,46,16,14,30,17,8,25,16,9,25,10,16,26,2,11,13,173,181,354,354,183,0.5169491525423728
2020-07-01,28,26,54,10,22,32,45,31,76,27,26,53,20,21,41,17,26,43,13,8,21,10,8,18,9,21,30,3,6,9,182,195,377,377,211,0.5596816976127321
2020-07-02,37,36,73,18,19,37,31,29,60,35,32,67,29,21,50,14,18,32,14,8,22,7,12,19,11,10,21,4,4,8,200,189,389,389,153,0.39331619537275064
2020-07-03,40,26,66,26,15,41,29,15,44,31,34,65,23,24,47,14,14,28,16,11,27,9,13,22,8,16,24,5,4,9,201,172,373,373,195,0.5227882037533512
2020-07-04,24,30,54,14,16,30,25,29,54,25,14,39,25,14,39,13,10,23,13,5,18,8,13,21,5,10,15,3,6,9,155,147,302,302,136,0.4503311258278146
2020-07-05,19,24,43,18,9,27,20,22,42,23,22,45,8,19,27,14,15,29,17,11,28,14,11,25,9,13,22,3,9,12,145,155,300,300,144,0.48
2020-07-06,17,24,41,17,12,29,28,34,62,34,19,53,27,20,47,23,18,41,17,21,38,17,24,41,9,20,29,4,10,14,193,202,395,395,129,0.3265822784810127
2020-07-07,30,46,76,14,17,31,35,28,63,36,28,64,22,26,48,24,14,38,15,15,30,10,12,22,9,20,29,8,11,19,203,217,420,420,171,0.40714285714285714
2020-07-08,32,19,51,21,19,40,43,29,72,28,28,56,34,33,67,17,22,39,14,17,31,14,19,33,12,16,28,4,14,18,219,216,435,435,194,0.4459770114942529
2020-07-09,24,17,41,15,10,25,22,22,44,29,18,47,21,18,39,11,11,22,7,16,23,8,22,30,3,14,17,6,8,14,146,156,302,302,119,0.39403973509933776
2020-07-10,19,16,35,18,13,31,23,18,41,25,17,42,20,19,39,12,11,23,13,14,27,16,12,28,12,15,27,2,10,12,160,145,305,305,107,0.35081967213114756
2020-07-11,20,25,45,14,10,24,16,18,34,20,20,40,18,15,33,15,15,30,15,10,25,12,16,28,4,17,21,2,9,11,136,155,291,291,128,0.43986254295532645
2020-07-12,16,15,31,14,7,21,14,14,28,16,11,27,11,8,19,8,9,17,9,9,18,9,5,14,7,10,17,4,8,12,108,96,204,204,79,0.3872549019607843
2020-07-13,24,30,54,17,20,37,38,27,65,31,29,60,28,26,54,23,28,51,30,22,52,17,28,45,12,44,56,2,23,25,222,277,499,499,303,0.6072144288577155
2020-07-14,27,29,56,23,12,35,29,21,50,48,29,77,32,21,53,24,9,33,21,22,43,16,24,40,6,17,23,7,13,20,233,197,430,430,194,0.4511627906976744
2020-07-15,25,27,52,26,16,42,28,40,68,43,35,78,30,35,65,20,25,45,22,20,42,11,13,24,14,16,30,8,6,14,227,233,460,461,206,0.44685466377440347
2020-07-16,34,18,52,14,26,40,32,39,71,39,27,66,28,30,58,25,24,49,14,14,28,14,15,29,18,29,47,2,18,20,220,240,460,460,268,0.5826086956521739
2020-07-17,33,29,62,21,10,31,24,24,48,35,41,76,32,35,67,26,28,54,20,25,45,17,13,30,15,19,34,4,10,14,227,234,461,461,224,0.48590021691973967
2020-07-18,20,22,42,14,11,25,29,27,56,28,32,60,22,22,44,25,16,41,20,17,37,8,10,18,13,19,32,2,5,7,181,181,362,362,204,0.56353591160221
2020-07-19,23,26,49,8,14,22,18,20,38,20,17,37,17,13,30,20,17,37,11,10,21,12,8,20,8,16,24,4,6,10,141,147,288,288,91,0.3159722222222222
2020-07-20,41,35,76,31,27,58,47,33,80,41,41,82,36,46,82,30,32,62,20,28,48,20,19,39,19,23,42,3,12,15,288,296,584,584,204,0.3493150684931507
2020-07-21,32,28,60,19,17,36,38,32,70,44,25,69,34,27,61,29,25,54,23,25,48,18,23,41,14,23,37,5,11,16,256,236,492,492,192,0.3902439024390244
2020-07-22,48,31,79,20,19,39,50,28,78,46,47,93,47,29,76,19,25,44,13,20,33,19,16,35,13,28,41,1,9,10,276,252,528,528,196,0.3712121212121212
2020-07-23,37,34,71,25,16,41,42,39,81,40,38,78,25,23,48,26,17,43,15,20,35,16,21,37,8,19,27,6,11,17,240,238,478,478,271,0.5669456066945606
2020-07-24,25,27,52,17,22,39,42,38,80,41,40,81,25,28,53,31,15,46,30,12,42,11,17,28,9,27,36,3,13,16,234,239,473,473,235,0.49682875264270615
2020-07-25,27,21,48,21,11,32,34,24,58,28,31,59,24,20,44,12,8,20,13,11,24,10,12,22,11,15,26,5,4,9,185,157,342,342,191,0.5584795321637427
2020-07-26,22,21,43,12,13,25,14,15,29,21,21,42,21,11,32,16,12,28,10,8,18,13,8,21,6,14,20,6,6,12,141,129,270,270,122,0.45185185185185184
2020-07-27,24,31,55,23,22,45,43,31,74,38,30,68,39,39,78,26,32,58,18,24,42,16,19,35,17,21,38,5,16,21,249,265,514,514,234,0.45525291828793774
2020-07-28,34,26,60,18,17,35,49,41,90,45,33,78,36,30,66,31,30,61,29,26,55,11,26,37,12,20,32,5,18,23,270,267,537,537,222,0.4134078212290503
2020-07-29,29,33,62,19,26,45,49,38,87,41,39,80,42,34,76,28,37,65,18,26,44,22,21,43,16,27,43,6,24,30,270,305,575,575,216,0.37565217391304345
2020-07-30,38,30,68,27,30,57,68,48,116,56,42,98,42,25,67,34,30,64,20,29,49,14,15,29,8,18,26,2,6,8,309,273,582,582,256,0.43986254295532645
2020-07-31,31,41,72,17,20,37,39,48,87,62,46,108,40,31,71,33,23,56,21,29,50,17,24,41,10,27,37,6,18,24,276,307,583,583,261,0.44768439108061747
2020-08-01,25,19,44,10,18,28,25,29,54,25,28,53,23,31,54,20,21,41,18,8,26,14,14,28,12,21,33,1,11,12,173,200,373,373,181,0.48525469168900803
2020-08-02,26,21,47,11,12,23,23,15,38,25,29,54,17,22,39,12,23,35,10,15,25,6,15,21,10,14,24,2,6,8,142,172,314,314,123,0.39171974522292996
2020-08-03,39,39,78,22,18,40,40,42,82,45,35,80,33,26,59,24,25,49,25,17,42,10,19,29,12,25,37,3,12,15,253,258,511,511,259,0.5068493150684932
2020-08-04,36,29,65,24,27,51,53,29,82,51,38,89,47,28,75,32,24,56,25,18,43,14,21,35,14,26,40,5,15,20,301,255,556,556,249,0.447841726618705
2020-08-05,36,36,72,31,21,52,47,27,74,40,40,80,29,31,60,30,30,60,25,22,47,17,16,33,16,18,34,3,7,10,274,248,522,522,344,0.6590038314176245
2020-08-06,32,22,54,19,26,45,46,41,87,39,45,84,49,36,85,30,32,62,22,17,39,16,18,34,15,23,38,5,12,17,273,272,545,544,303,0.5569852941176471
2020-08-07,48,34,82,27,22,49,45,35,80,38,34,72,36,44,80,29,17,46,17,22,39,17,21,38,14,36,50,4,18,22,275,283,558,558,229,0.4103942652329749
2020-08-08,28,27,55,15,15,30,26,27,53,44,41,85,19,27,46,27,28,55,20,16,36,14,25,39,11,15,26,1,19,20,205,240,445,445,139,0.31235955056179776
2020-08-09,24,26,50,9,9,18,24,24,48,31,21,52,20,30,50,16,25,41,21,15,36,13,22,35,12,35,47,5,17,22,175,224,399,399,145,0.3634085213032581
2020-08-10,38,32,70,22,22,44,56,45,101,51,32,83,39,37,76,29,31,60,19,14,33,16,22,38,14,20,34,4,11,15,288,266,554,554,205,0.3700361010830325
2020-08-11,33,33,66,33,19,52,50,40,90,69,45,114,43,33,76,30,28,58,26,16,42,19,29,48,15,29,44,6,12,18,324,284,608,608,245,0.4029605263157895
2020-08-12,32,35,67,29,15,44,45,45,90,38,61,99,40,39,79,27,27,54,26,21,47,15,22,37,12,21,33,5,16,21,269,302,571,571,207,0.36252189141856395
2020-08-13,20,29,49,29,21,50,55,48,103,63,60,123,42,36,78,34,35,69,20,24,44,21,15,36,11,25,36,4,15,19,299,308,607,607,201,0.3311367380560132
2020-08-14,22,25,47,20,16,36,60,47,107,51,48,99,49,31,80,32,33,65,26,20,46,19,29,48,12,19,31,3,13,16,294,281,575,575,224,0.38956521739130434
2020-08-15,36,19,55,25,13,38,29,37,66,37,40,77,21,34,55,22,22,44,22,16,38,14,29,43,10,39,49,4,16,20,220,265,485,485,676,1.3938144329896907
2020-08-16,31,15,46,10,7,17,33,29,62,26,26,52,17,21,38,16,16,32,11,16,27,12,13,25,11,29,40,4,21,25,171,193,364,363,153,0.4214876033057851
2020-08-17,20,15,35,20,18,38,36,31,67,34,39,73,27,29,56,26,34,60,12,32,44,11,13,24,9,15,24,0,13,13,195,239,434,434,168,0.3870967741935484
2020-08-18,38,34,72,26,12,38,40,36,76,48,45,93,42,32,74,23,42,65,18,29,47,23,25,48,9,18,27,0,17,17,267,290,557,558,172,0.30824372759856633
2020-08-19,37,32,69,22,21,43,35,45,80,55,46,101,32,37,69,30,25,55,18,23,41,17,26,43,11,34,45,4,18,22,261,307,568,568,192,0.3380281690140845
2020-08-20,24,23,47,20,16,36,41,41,82,38,42,80,24,42,66,29,24,53,21,30,51,11,19,30,14,23,37,3,11,14,225,271,496,496,211,0.4254032258064516
2020-08-21,26,37,63,25,21,46,36,35,71,42,45,87,40,35,75,33,43,76,27,18,45,22,26,48,13,31,44,5,9,14,269,300,569,569,258,0.45342706502636204
2020-08-22,14,16,30,23,17,40,28,25,53,28,34,62,30,25,55,17,20,37,19,19,38,11,17,28,7,13,20,3,14,17,180,200,380,380,172,0.45263157894736844
2020-08-23,21,29,50,11,12,23,22,13,35,29,24,53,20,17,37,22,19,41,14,16,30,9,21,30,11,7,18,5,4,9,164,162,326,326,106,0.32515337423312884
2020-08-24,39,41,80,19,19,38,36,46,82,50,38,88,34,38,72,38,25,63,21,28,49,15,22,37,16,21,37,6,18,24,274,296,570,570,227,0.39824561403508774
2020-08-25,21,26,47,22,17,39,40,53,93,49,55,104,27,32,59,26,31,57,17,23,40,12,19,31,15,27,42,6,16,22,235,299,534,534,213,0.398876404494382
2020-08-26,39,20,59,24,23,47,57,44,101,57,41,98,37,37,74,31,32,63,28,18,46,20,23,43,16,25,41,3,16,19,312,279,591,592,224,0.3783783783783784
2020-08-27,35,27,62,30,23,53,53,56,109,53,42,95,49,44,93,32,33,65,20,29,49,23,26,49,15,26,41,5,25,30,315,331,646,646,216,0.33436532507739936
2020-08-28,34,30,64,38,19,57,68,57,125,52,53,105,49,46,95,40,49,89,22,27,49,24,27,51,11,20,31,6,10,16,344,338,682,682,299,0.43841642228739003
2020-08-29,25,14,39,10,11,21,48,37,85,33,57,90,41,39,80,22,21,43,24,15,39,16,17,33,8,23,31,3,16,19,230,250,480,480,260,0.5416666666666666
2020-08-30,23,25,48,20,17,37,26,30,56,38,28,66,33,27,60,22,19,41,14,15,29,7,16,23,9,8,17,2,5,7,194,190,384,384,108,0.28125
2020-08-31,35,21,56,23,15,38,42,41,83,47,47,94,42,41,83,25,30,55,28,31,59,26,20,46,17,35,52,2,15,17,287,296,583,583,312,0.5351629502572899
2020-09-01,36,30,66,18,33,51,48,41,89,70,56,126,52,30,82,30,41,71,18,15,33,15,20,35,14,34,48,7,12,19,308,312,620,619,234,0.3780290791599354
2020-09-02,29,15,44,17,15,32,32,51,83,30,50,80,39,30,69,29,29,58,16,23,39,24,21,45,15,26,41,3,30,33,234,290,524,524,255,0.4866412213740458
2020-09-03,29,28,57,24,21,45,53,55,108,68,65,133,48,37,85,32,24,56,20,29,49,19,22,41,12,27,39,4,9,13,309,317,626,627,255,0.40669856459330145
2020-09-04,31,33,64,22,17,39,49,48,97,50,53,103,47,51,98,26,30,56,27,35,62,24,21,45,13,29,42,3,14,17,292,331,623,623,287,0.4606741573033708
2020-09-05,20,20,40,15,11,26,36,34,70,39,48,87,32,36,68,21,22,43,23,23,46,17,16,33,14,20,34,3,7,10,220,237,457,457,273,0.5973741794310722
2020-09-06,20,18,38,11,15,26,15,31,46,29,22,51,24,20,44,16,24,40,16,19,35,9,18,27,12,16,28,1,10,11,153,193,346,346,146,0.42196531791907516
2020-09-07,24,25,49,16,22,38,55,49,104,56,44,100,39,47,86,24,39,63,30,21,51,14,23,37,11,28,39,8,14,22,277,312,589,590,242,0.4101694915254237
2020-09-08,31,27,58,24,26,50,48,36,84,62,60,122,38,40,78,44,36,80,27,31,58,25,25,50,18,26,44,7,20,27,324,327,651,651,304,0.46697388632872505
2020-09-09,34,24,58,16,22,38,53,43,96,44,37,81,41,36,77,30,33,63,28,31,59,20,26,46,14,35,49,1,20,21,281,307,588,588,283,0.4812925170068027
2020-09-10,25,17,42,28,17,45,63,54,117,60,60,120,55,45,100,30,29,59,23,22,45,21,16,37,10,31,41,2,15,17,317,306,623,623,312,0.5008025682182986
2020-09-11,26,28,54,32,20,52,48,38,86,46,53,99,40,40,80,36,48,84,32,26,58,22,27,49,16,21,37,3,9,12,301,310,611,611,279,0.45662847790507366
2020-09-12,23,18,41,15,16,31,26,27,53,28,35,63,20,30,50,23,32,55,19,22,41,19,21,40,12,30,42,2,15,17,187,246,433,433,204,0.47113163972286376
2020-09-13,28,21,49,7,10,17,22,31,53,31,35,66,20,18,38,23,19,42,24,20,44,9,9,18,5,15,20,4,9,13,173,187,360,360,136,0.37777777777777777
2020-09-14,30,26,56,22,18,40,48,59,107,45,49,94,31,37,68,44,29,73,33,32,65,26,25,51,16,14,30,2,10,12,297,299,596,596,254,0.4261744966442953
2020-09-15,31,23,54,16,12,28,46,31,77,51,63,114,35,30,65,24,33,57,27,28,55,23,28,51,14,25,39,2,13,15,269,286,555,555,295,0.5315315315315315
2020-09-16,36,34,70,33,29,62,59,57,116,47,62,109,47,46,93,30,35,65,21,34,55,23,16,39,14,26,40,4,8,12,314,347,661,661,221,0.33434190620272314
2020-09-17,26,23,49,23,35,58,45,36,81,49,42,91,44,46,90,42,45,87,36,26,62,26,27,53,15,18,33,3,4,7,309,302,611,611,286,0.46808510638297873
2020-09-18,36,40,76,17,25,42,40,45,85,63,67,130,35,41,76,31,37,68,23,34,57,27,26,53,13,23,36,3,11,14,288,349,637,637,273,0.42857142857142855
2020-09-19,12,31,43,9,21,30,26,23,49,30,36,66,24,17,41,19,17,36,22,19,41,20,19,39,12,17,29,4,7,11,178,207,385,385,195,0.5064935064935064
2020-09-20,18,23,41,17,16,33,24,26,50,31,19,50,20,20,40,15,20,35,6,17,23,18,13,31,4,17,21,4,8,12,157,179,336,337,89,0.26409495548961426
2020-09-21,29,31,60,21,28,49,42,37,79,50,57,107,36,43,79,29,23,52,21,28,49,25,25,50,10,14,24,1,11,12,264,297,561,561,231,0.4117647058823529
2020-09-22,37,35,72,27,23,50,48,50,98,45,48,93,48,23,71,37,41,78,31,23,54,25,27,52,9,32,41,3,13,16,310,315,625,627,227,0.3620414673046252
2020-09-23,37,31,68,16,17,33,33,46,79,42,49,91,34,38,72,25,33,58,29,31,60,18,28,46,11,22,33,2,13,15,247,308,555,555,202,0.36396396396396397
2020-09-24,41,34,75,31,26,57,53,45,98,57,53,110,40,31,71,32,29,61,9,44,53,18,27,45,20,23,43,9,21,30,310,333,643,643,228,0.3545878693623639
2020-09-25,33,24,57,22,14,36,41,50,91,45,49,94,42,37,79,26,32,58,27,33,60,22,21,43,18,21,39,0,9,9,276,290,566,566,289,0.5106007067137809
2020-09-26,19,17,36,21,10,31,26,24,50,34,26,60,28,34,62,21,29,50,16,19,35,17,13,30,9,15,24,4,8,12,195,195,390,390,163,0.41794871794871796
2020-09-27,19,23,42,13,20,33,32,38,70,22,24,46,32,21,53,21,17,38,16,21,37,7,13,20,8,12,20,3,7,10,173,196,369,369,133,0.3604336043360434
2020-09-28,28,23,51,20,14,34,41,40,81,49,46,95,49,31,80,38,42,80,38,22,60,17,27,44,17,20,37,4,20,24,301,285,586,586,241,0.4112627986348123
2020-09-29,39,32,71,21,24,45,63,45,108,65,67,132,57,43,100,32,30,62,33,40,73,28,40,68,22,33,55,3,23,26,363,377,740,740,204,0.2756756756756757
2020-09-30,35,28,63,21,22,43,52,54,106,52,51,103,37,31,68,39,34,73,35,41,76,27,24,51,9,20,29,5,10,15,312,315,627,627,251,0.4003189792663477
2020-10-01,36,36,72,20,38,58,51,65,116,60,63,123,36,48,84,34,32,66,38,30,68,25,40,65,14,16,30,3,12,15,317,380,697,697,265,0.3802008608321377
2020-10-02,44,42,86,27,24,51,45,65,110,44,52,96,34,46,80,38,30,68,37,32,69,22,33,55,13,32,45,4,19,23,308,375,683,683,345,0.5051244509516838
2020-10-03,15,20,35,16,21,37,39,34,73,33,33,66,25,23,48,26,22,48,13,20,33,17,17,34,8,17,25,3,8,11,195,215,410,411,188,0.45742092457420924
2020-10-04,24,23,47,17,19,36,26,30,56,22,23,45,29,26,55,18,20,38,18,17,35,10,15,25,11,24,35,3,3,6,178,200,378,378,160,0.42328042328042326
2020-10-05,22,29,51,23,25,48,46,37,83,65,51,116,64,39,103,46,39,85,41,29,70,24,35,59,19,23,42,3,6,9,353,313,666,666,300,0.45045045045045046
2020-10-06,29,40,69,28,24,52,53,40,93,57,45,102,61,32,93,40,35,75,31,31,62,29,34,63,18,26,44,6,11,17,352,318,670,670,242,0.3611940298507463
2020-10-07,38,26,64,18,22,40,53,51,104,62,65,127,44,50,94,32,41,73,30,39,69,29,28,57,16,29,45,9,7,16,331,358,689,689,235,0.34107402031930334
2020-10-08,36,30,66,22,25,47,50,52,102,48,44,92,45,38,83,37,43,80,23,27,50,21,30,51,17,20,37,5,16,21,304,325,629,629,269,0.4276629570747218
2020-10-09,27,38,65,46,31,77,33,56,89,57,64,121,45,46,91,29,38,67,32,44,76,18,32,50,14,27,41,3,12,15,304,388,692,692,377,0.5447976878612717
2020-10-10,20,24,44,26,19,45,42,36,78,45,36,81,30,31,61,24,35,59,29,29,58,12,22,34,14,20,34,9,12,21,251,264,515,515,310,0.6019417475728155
2020-10-11,24,20,44,14,14,28,29,37,66,36,42,78,37,29,66,23,21,44,27,32,59,18,24,42,16,23,39,0,10,10,224,252,476,477,281,0.589098532494759
2020-10-12,19,24,43,32,19,51,50,62,112,52,55,107,43,43,86,38,49,87,44,27,71,35,37,72,21,38,59,2,16,18,336,370,706,706,285,0.40368271954674223
2020-10-13,44,39,83,34,26,60,75,66,141,71,85,156,49,60,109,59,67,126,44,41,85,33,43,76,24,46,70,9,24,33,442,497,939,939,351,0.3738019169329074
2020-10-14,42,31,73,20,39,59,64,70,134,80,78,158,48,60,108,44,50,94,43,43,86,40,49,89,19,31,50,1,22,23,401,473,874,874,385,0.4405034324942792
2020-10-15,38,30,68,33,36,69,68,73,141,85,87,172,71,71,142,63,60,123,52,53,105,25,50,75,19,33,52,8,15,23,462,508,970,970,349,0.3597938144329897
2020-10-16,54,34,88,35,42,77,95,99,194,93,77,170,86,68,154,56,63,119,45,53,98,30,51,81,22,44,66,3,33,36,519,564,1083,1083,435,0.40166204986149584
2020-10-17,18,20,38,20,26,46,61,42,103,58,71,129,46,54,100,32,31,63,32,45,77,30,38,68,11,35,46,3,14,17,311,376,687,687,324,0.47161572052401746
2020-10-18,21,21,42,16,15,31,33,32,65,41,52,93,26,34,60,32,24,56,22,22,44,18,28,46,7,31,38,1,8,9,217,267,484,484,266,0.5495867768595041
2020-10-19,61,42,103,28,39,67,81,95,176,90,98,188,100,88,188,64,64,128,64,60,124,48,55,103,23,39,62,3,16,19,562,596,1158,1159,583,0.5030198446937014
2020-10-20,46,50,96,38,39,77,96,93,189,89,84,173,75,87,162,69,71,140,59,49,108,30,50,80,32,41,73,1,25,26,535,589,1124,1124,738,0.6565836298932385
2020-10-21,31,26,57,55,35,90,64,90,154,75,74,149,65,54,119,53,46,99,46,38,84,25,35,60,20,38,58,3,13,16,437,449,886,886,531,0.5993227990970654
2020-10-22,35,28,63,35,50,85,60,63,123,67,70,137,59,73,132,40,51,91,35,37,72,25,28,53,22,35,57,6,18,24,384,453,837,837,586,0.7001194743130227
2020-10-23,28,24,52,28,23,51,50,52,102,52,63,115,42,56,98,34,35,69,33,45,78,36,35,71,21,18,39,5,24,29,329,375,704,704,550,0.78125
2020-10-24,17,22,39,15,19,34,44,27,71,43,39,82,36,31,67,21,28,49,16,24,40,22,22,44,9,22,31,4,13,17,227,247,474,474,424,0.8945147679324894
2020-10-25,33,23,56,13,18,31,48,43,91,43,59,102,38,35,73,30,37,67,29,27,56,21,24,45,7,17,24,4,4,8,266,287,553,553,523,0.945750452079566
2020-10-26,37,30,67,46,28,74,59,58,117,76,78,154,57,70,127,43,64,107,34,43,77,33,39,72,16,42,58,5,18,23,406,470,876,876,771,0.8801369863013698
2020-10-27,37,34,71,32,23,55,75,78,153,67,60,127,82,59,141,55,66,121,53,65,118,34,45,79,18,28,46,3,6,9,456,464,920,920,785,0.8532608695652174
2020-10-28,34,34,68,25,23,48,53,64,117,65,75,140,45,62,107,48,52,100,51,31,82,27,35,62,12,33,45,3,14,17,363,423,786,786,652,0.8295165394402035
2020-10-29,30,29,59,25,19,44,81,57,138,84,74,158,52,62,114,37,45,82,46,45,91,22,28,50,16,25,41,3,8,11,396,392,788,788,777,0.9860406091370558
2020-10-30,33,23,56,22,30,52,57,81,138,64,60,124,55,50,105,39,47,86,37,46,83,21,29,50,17,27,44,5,17,22,350,410,760,760,592,0.7789473684210526
2020-10-31,24,16,40,16,16,32,37,35,72,34,48,82,29,33,62,28,30,58,27,32,59,17,21,38,7,15,22,3,3,6,222,249,471,471,386,0.8195329087048833
2020-11-01,29,24,53,19,31,50,38,44,82,46,52,98,48,31,79,32,41,73,26,37,63,23,20,43,8,19,27,5,8,13,274,307,581,581,497,0.8554216867469879
2020-11-02,33,37,70,32,33,65,60,72,132,91,69,160,55,56,111,51,49,100,48,51,99,32,30,62,17,21,38,1,12,13,420,430,850,850,685,0.8058823529411765
2020-11-03,29,23,52,20,23,43,48,66,114,56,52,108,47,26,73,40,35,75,37,32,69,25,25,50,19,31,50,3,13,16,324,326,650,650,469,0.7215384615384616
2020-11-04,34,37,71,31,30,61,68,77,145,74,74,148,70,77,147,49,52,101,53,46,99,32,34,66,19,37,56,11,13,24,441,477,918,919,528,0.5745375408052231
2020-11-05,39,36,75,49,44,93,98,73,171,83,81,164,76,69,145,64,64,128,34,49,83,30,33,63,19,27,46,2,12,14,494,488,982,982,648,0.659877800407332
2020-11-06,22,28,50,20,33,53,42,49,91,46,55,101,33,30,63,41,42,83,32,44,76,30,38,68,12,29,41,3,8,11,281,356,637,637,531,0.8335949764521193
2020-11-07,25,23,48,18,23,41,36,41,77,41,58,99,36,37,73,33,36,69,36,37,73,25,29,54,18,19,37,7,5,12,275,308,583,583,446,0.7650085763293311
2020-11-08,32,39,71,27,27,54,47,43,90,40,59,99,40,48,88,26,32,58,36,32,68,25,25,50,11,12,23,4,4,8,288,321,609,609,512,0.8407224958949097
2020-11-09,45,44,89,52,24,76,54,69,123,71,84,155,59,64,123,54,52,106,40,54,94,23,35,58,22,36,58,5,8,13,425,470,895,895,698,0.7798882681564245
2020-11-10,31,27,58,29,24,53,53,52,105,58,58,116,46,44,90,38,43,81,56,35,91,30,32,62,17,30,47,4,11,15,362,356,718,718,471,0.6559888579387186
2020-11-11,35,32,67,19,25,44,52,67,119,69,67,136,58,49,107,45,50,95,37,33,70,26,29,55,23,28,51,4,17,21,368,397,765,765,531,0.6941176470588235
2020-11-12,47,30,77,25,31,56,58,72,130,81,68,149,65,58,123,59,34,93,35,55,90,33,40,73,18,32,50,2,11,13,423,431,854,854,563,0.6592505854800936
2020-11-13,37,26,63,38,24,62,62,69,131,55,65,120,51,53,104,47,43,90,47,50,97,34,37,71,20,30,50,4,14,18,395,411,806,806,536,0.6650124069478908
2020-11-14,44,32,76,27,22,49,38,48,86,56,56,112,33,45,78,28,33,61,36,19,55,22,30,52,7,19,26,4,4,8,295,308,603,603,431,0.714759535655058
2020-11-15,36,35,71,20,14,34,51,57,108,49,45,94,40,45,85,34,43,77,34,36,70,19,25,44,8,22,30,1,14,15,292,336,628,628,468,0.7452229299363057
2020-11-16,36,41,77,33,30,63,53,47,100,54,67,121,64,45,109,32,45,77,37,41,78,28,36,64,18,26,44,5,21,26,360,399,759,759,476,0.6271409749670619
2020-11-17,35,38,73,35,26,61,70,73,143,87,82,169,65,60,125,45,50,95,57,60,117,38,50,88,8,36,44,2,9,11,442,484,926,926,620,0.6695464362850972
2020-11-18,36,37,73,40,36,76,72,65,137,84,81,165,61,53,114,47,41,88,37,38,75,38,38,76,15,38,53,3,10,13,433,437,870,870,604,0.6942528735632184
2020-11-19,38,24,62,40,33,73,65,69,134,71,76,147,51,54,105,46,57,103,49,51,100,34,31,65,17,33,50,4,11,15,415,439,854,854,603,0.7060889929742389
2020-11-20,32,33,65,26,34,60,63,58,121,78,61,139,48,45,93,41,43,84,45,43,88,26,22,48,17,27,44,5,7,12,381,373,754,754,574,0.7612732095490716
2020-11-21,25,24,49,24,19,43,43,38,81,43,50,93,45,36,81,27,36,63,31,26,57,21,20,41,6,11,17,3,10,13,268,270,538,538,471,0.8754646840148699
2020-11-22,26,22,48,20,17,37,43,36,79,33,45,78,41,35,76,20,19,39,20,41,61,21,13,34,8,19,27,1,7,8,233,254,487,487,377,0.7741273100616016
2020-11-23,45,35,80,25,23,48,45,48,93,53,55,108,49,36,85,38,35,73,35,38,73,18,25,43,14,27,41,7,12,19,329,334,663,663,531,0.8009049773755657
2020-11-24,32,41,73,36,31,67,57,49,106,82,65,147,59,49,108,40,43,83,41,40,81,33,39,72,21,35,56,3,5,8,404,397,801,801,630,0.7865168539325843
2020-11-25,41,39,80,37,34,71,68,60,128,74,76,150,57,53,110,42,36,78,44,37,81,22,28,50,18,25,43,5,7,12,408,395,803,803,554,0.6899128268991283
2020-11-26,32,33,65,37,34,71,68,74,142,77,89,166,47,57,104,53,51,104,55,39,94,30,41,71,14,29,43,9,11,20,422,458,880,880,641,0.7284090909090909
2020-11-27,14,28,42,22,18,40,54,62,116,55,60,115,46,34,80,43,36,79,29,32,61,27,25,52,11,31,42,6,6,12,307,332,639,639,464,0.7261345852895149
2020-11-28,42,22,64,20,21,41,51,48,99,38,51,89,35,41,76,43,33,76,19,32,51,18,25,43,10,28,38,2,4,6,278,305,583,583,410,0.7032590051457976
2020-11-29,33,30,63,13,24,37,59,59,118,52,67,119,49,36,85,34,28,62,30,35,65,14,25,39,16,12,28,2,7,9,302,323,625,625,484,0.7744
2020-11-30,43,30,73,40,27,67,91,92,183,81,82,163,82,63,145,45,57,102,57,51,108,32,45,77,17,31,48,8,9,17,496,487,983,982,688,0.7006109979633401
2020-12-01,27,41,68,24,34,58,83,76,159,67,82,149,60,63,123,31,41,72,41,58,99,34,37,71,18,31,49,3,4,7,388,467,855,855,557,0.6514619883040935
2020-12-02,20,19,39,22,17,39,50,55,105,44,68,112,51,45,96,28,34,62,22,28,50,28,24,52,14,18,32,6,9,15,285,317,602,602,249,0.41362126245847175
2020-12-03,27,37,64,32,25,57,58,94,152,80,92,172,65,61,126,46,46,92,47,57,104,29,29,58,12,18,30,3,11,14,399,470,869,869,203,0.2336018411967779
2020-12-04,28,29,57,28,39,67,63,54,117,68,68,136,64,61,125,51,54,105,45,49,94,33,35,68,17,25,42,6,9,15,403,423,826,826,266,0.3220338983050847
2020-12-05,27,26,53,26,27,53,56,48,104,61,50,111,39,33,72,29,31,60,23,21,44,16,18,34,10,18,28,4,7,11,291,279,570,570,316,0.5543859649122806
2020-12-06,20,22,42,30,16,46,47,42,89,42,38,80,31,45,76,21,27,48,27,20,47,22,27,49,15,14,29,1,4,5,256,255,511,511,188,0.3679060665362035
2020-12-07,17,34,51,29,21,50,52,58,110,65,56,121,38,44,82,34,39,73,24,26,50,20,35,55,11,18,29,4,6,10,294,337,631,631,173,0.27416798732171155
2020-12-08,28,33,61,16,22,38,55,56,111,55,56,111,33,31,64,45,41,86,30,30,60,17,30,47,7,19,26,5,4,9,291,322,613,614,181,0.2947882736156352
2020-12-09,31,26,57,24,29,53,86,87,173,86,88,174,75,53,128,79,67,146,68,72,140,41,49,90,14,31,45,2,17,19,506,519,1025,1025,340,0.33170731707317075
2020-12-10,39,37,76,44,46,90,91,93,184,90,116,206,77,81,158,82,79,161,69,69,138,40,25,65,15,38,53,7,9,16,554,593,1147,1147,246,0.21447253705318223
2020-12-11,26,39,65,36,32,68,97,95,192,107,111,218,80,83,163,76,84,160,72,82,154,38,41,79,17,26,43,1,8,9,550,601,1151,1151,236,0.2050390964378801
2020-12-12,25,33,58,40,24,64,80,72,152,85,101,186,80,77,157,72,55,127,43,80,123,33,46,79,11,23,34,2,8,10,471,519,990,990,261,0.2636363636363636
2020-12-13,31,25,56,29,39,68,58,69,127,80,79,159,61,71,132,77,54,131,53,41,94,33,24,57,10,21,31,6,4,10,438,427,865,865,159,0.1838150289017341
2020-12-14,49,35,84,36,38,74,93,98,191,109,99,208,80,97,177,82,80,162,64,85,149,47,52,99,16,29,45,9,11,20,585,624,1209,1209,289,0.23904052936311002
2020-12-15,33,37,70,44,40,84,79,78,157,108,107,215,80,67,147,79,92,171,82,83,165,41,38,79,10,18,28,1,12,13,557,572,1129,1130,258,0.22831858407079647
2020-12-16,21,30,51,39,46,85,104,127,231,143,146,289,90,111,201,103,84,187,102,94,196,53,60,113,20,19,39,4,12,16,679,729,1408,1408,303,0.21519886363636365
2020-12-17,38,43,81,49,37,86,101,110,211,143,158,301,122,123,245,85,83,168,56,78,134,41,33,74,9,22,31,3,7,10,647,694,1341,1341,304,0.226696495152871
2020-12-18,52,34,86,61,64,125,128,117,245,144,166,310,130,128,258,107,107,214,119,114,233,84,65,149,15,47,62,6,7,13,846,849,1695,1695,383,0.22595870206489677
2020-12-19,38,32,70,48,48,96,98,115,213,169,157,326,107,88,195,89,89,178,83,101,184,43,60,103,13,27,40,4,4,8,692,721,1413,1413,344,0.2434536447275301
2020-12-20,30,44,74,55,54,109,108,111,219,159,153,312,115,118,233,99,105,204,100,99,199,42,45,87,11,13,24,3,7,10,722,749,1471,1471,198,0.13460231135282122
2020-12-21,47,48,95,77,47,124,141,132,273,163,188,351,150,120,270,106,111,217,108,122,230,63,67,130,11,35,46,5,6,11,871,876,1747,1747,289,0.16542644533485976
2020-12-22,43,53,96,74,67,141,150,148,298,185,184,369,157,151,308,117,110,227,136,130,266,64,50,114,18,29,47,4,5,9,948,927,1875,1875,324,0.1728
2020-12-23,48,54,102,70,56,126,151,143,294,197,189,386,132,153,285,117,100,217,98,106,204,54,51,105,19,32,51,4,15,19,890,899,1789,1789,333,0.18613750698714365
2020-12-24,29,32,61,37,43,80,93,88,181,141,109,250,94,80,174,65,68,133,57,65,122,36,29,65,4,21,25,2,5,7,558,540,1098,1098,258,0.23497267759562843
2020-12-25,11,15,26,10,10,20,28,18,46,30,35,65,26,14,40,18,23,41,13,18,31,13,5,18,7,13,20,3,4,7,159,155,314,314,185,0.589171974522293
2020-12-26,45,36,81,76,77,153,114,129,243,197,179,376,115,144,259,105,103,208,68,78,146,37,54,91,19,32,51,1,11,12,777,843,1620,1620,333,0.20555555555555555
2020-12-27,28,25,53,80,66,146,114,104,218,194,136,330,160,145,305,114,124,238,105,104,209,41,63,104,20,31,51,3,12,15,859,810,1669,1669,182,0.10904733373277412
2020-12-28,55,41,96,99,95,194,189,171,360,286,261,547,191,193,384,159,158,317,118,140,258,54,70,124,23,44,67,3,16,19,1177,1189,2366,2366,357,0.15088757396449703
2020-12-29,44,45,89,88,83,171,174,175,349,223,187,410,178,156,334,129,117,246,100,121,221,60,62,122,23,46,69,7,11,18,1026,1003,2029,2029,315,0.15524889107934944
2020-12-30,47,32,79,98,98,196,183,142,325,248,235,483,168,171,339,135,166,301,112,111,223,58,71,129,26,36,62,4,11,15,1079,1073,2152,2151,457,0.21245932124593211
2020-12-31,26,27,53,63,63,126,128,99,227,139,167,306,124,132,256,85,67,152,50,61,111,27,42,69,11,28,39,0,7,7,653,693,1346,1346,295,0.21916790490341753
2021-01-01,14,11,25,13,18,31,22,26,48,30,35,65,30,23,53,20,26,46,15,19,34,12,14,26,6,15,21,1,4,5,163,191,354,354,137,0.3870056497175141
2021-01-02,46,29,75,55,64,119,120,123,243,173,149,322,121,115,236,93,123,216,118,103,221,50,57,107,13,35,48,3,8,11,792,806,1598,1598,319,0.19962453066332916
2021-01-03,30,29,59,103,73,176,173,168,341,231,233,464,174,198,372,144,169,313,137,135,272,62,80,142,16,28,44,3,6,9,1073,1119,2192,2192,235,0.10720802919708029
2021-01-04,45,44,89,88,67,155,232,215,447,251,293,544,221,199,420,145,155,300,116,135,251,80,75,155,33,47,80,3,11,14,1214,1241,2455,2455,378,0.1539714867617108
2021-01-05,31,40,71,94,80,174,229,241,470,259,291,550,215,212,427,148,161,309,126,182,308,82,97,179,25,51,76,3,11,14,1212,1366,2578,2577,355,0.1377570818781529
2021-01-06,40,30,70,118,94,212,235,195,430,279,258,537,243,213,456,186,168,354,142,153,295,87,95,182,28,52,80,4,18,22,1362,1276,2638,2637,385,0.1459992415623815
2021-01-07,36,38,74,77,83,160,175,178,353,238,210,448,178,171,349,120,145,265,106,121,227,60,88,148,21,37,58,2,10,12,1013,1081,2094,2094,379,0.18099331423113657
2021-01-08,45,37,82,90,104,194,191,163,354,202,226,428,150,181,331,114,130,244,91,113,204,53,81,134,22,32,54,7,9,16,965,1076,2041,2040,411,0.20147058823529412
2021-01-09,29,27,56,67,60,127,148,156,304,212,206,418,137,155,292,117,129,246,86,124,210,45,66,111,15,33,48,0,13,13,856,969,1825,1824,297,0.16282894736842105
2021-01-10,41,41,82,83,89,172,147,142,289,182,230,412,152,154,306,98,124,222,96,79,175,42,60,102,10,29,39,2,10,12,853,958,1811,1811,229,0.12644947542794036
2021-01-11,48,35,83,95,95,190,216,219,435,239,274,513,187,204,391,143,147,290,101,143,244,56,65,121,17,33,50,2,8,10,1104,1223,2327,2327,354,0.15212720240653202
2021-01-12,52,28,80,90,88,178,191,201,392,194,196,390,155,167,322,127,151,278,111,102,213,44,55,99,24,23,47,3,9,12,991,1020,2011,2011,302,0.15017404276479362
2021-01-13,64,52,116,106,109,215,216,195,411,221,211,432,183,151,334,130,161,291,111,130,241,58,60,118,16,45,61,6,3,9,1111,1117,2228,2228,321,0.1440754039497307
2021-01-14,45,44,89,100,98,198,201,217,418,230,231,461,167,182,349,131,174,305,99,114,213,53,59,112,17,34,51,4,5,9,1047,1158,2205,2206,388,0.17588395285584768
2021-01-15,51,44,95,182,158,340,239,226,465,307,302,609,252,248,500,210,215,425,132,148,280,60,88,148,20,41,61,2,8,10,1455,1478,2933,2933,435,0.14831230821684283
2021-01-16,24,25,49,170,151,321,191,217,408,280,288,568,258,262,520,208,192,400,135,158,293,89,95,184,20,31,51,2,10,12,1377,1429,2806,2806,287,0.1022808267997149
2021-01-17,29,19,48,155,139,294,178,227,405,229,251,480,255,275,530,172,177,349,100,122,222,59,59,118,17,26,43,2,2,4,1196,1297,2493,2493,260,0.10429201764941837
2021-01-18,44,45,89,190,185,375,263,267,530,313,301,614,304,296,600,246,237,483,170,187,357,83,100,183,23,41,64,3,8,11,1639,1667,3306,3306,321,0.09709618874773139
2021-01-19,51,39,90,182,147,329,263,235,498,293,287,580,283,295,578,195,211,406,166,188,354,83,109,192,18,40,58,7,18,25,1541,1569,3110,3110,251,0.08070739549839229
2021-01-20,45,42,87,179,184,363,239,228,467,251,250,501,279,255,534,229,223,452,182,197,379,94,110,204,23,39,62,6,10,16,1527,1538,3065,3065,271,0.08841761827079934
2021-01-21,48,43,91,126,127,253,211,187,398,216,227,443,184,221,405,157,198,355,141,132,273,64,78,142,35,37,72,8,11,19,1190,1261,2451,2451,350,0.14279885760913913
2021-01-22,38,43,81,144,119,263,173,191,364,180,193,373,185,205,390,150,157,307,125,130,255,61,71,132,17,44,61,3,3,6,1076,1156,2232,2232,286,0.12813620071684587
2021-01-23,32,27,59,115,117,232,201,188,389,183,201,384,188,157,345,145,151,296,86,105,191,44,49,93,13,27,40,2,6,8,1009,1028,2037,2037,345,0.16936671575846834
2021-01-24,28,28,56,142,128,270,194,191,385,197,212,409,208,198,406,166,171,337,120,121,241,50,65,115,18,29,47,2,7,9,1125,1150,2275,2275,156,0.06857142857142857
2021-01-25,43,53,96,195,139,334,251,253,504,236,251,487,247,254,501,190,207,397,163,156,319,76,91,167,31,50,81,5,13,18,1437,1467,2904,2904,248,0.08539944903581267
2021-01-26,59,45,104,184,132,316,210,211,421,218,216,434,217,213,430,172,192,364,115,147,262,69,81,150,21,52,73,4,12,16,1269,1301,2570,2570,290,0.11284046692607004
2021-01-27,57,50,107,148,140,288,202,207,409,229,226,455,210,232,442,159,189,348,126,121,247,52,61,113,28,37,65,2,17,19,1213,1280,2493,2494,215,0.08620689655172414
2021-01-28,45,44,89,131,103,234,186,178,364,205,188,393,165,165,330,127,160,287,107,126,233,57,70,127,25,44,69,6,13,19,1054,1091,2145,2145,272,0.12680652680652682
2021-01-29,42,54,96,182,156,338,219,195,414,247,262,509,225,246,471,194,197,391,156,191,347,65,97,162,24,53,77,4,10,14,1358,1461,2819,2818,409,0.14513839602555004
2021-01-30,27,22,49,218,207,425,200,206,406,261,282,543,289,310,599,226,242,468,138,188,326,70,103,173,18,40,58,3,8,11,1450,1608,3058,3058,232,0.07586657946370176
2021-01-31,27,20,47,315,292,607,264,248,512,328,333,661,430,433,863,312,304,616,179,190,369,71,98,169,22,40,62,4,11,15,1952,1969,3921,3921,144,0.036725325172149964
2021-02-01,39,38,77,266,291,557,234,258,492,300,320,620,358,359,717,330,290,620,201,242,443,65,127,192,32,38,70,2,11,13,1827,1974,3801,3801,252,0.06629834254143646
2021-02-02,37,35,72,208,225,433,239,199,438,283,323,606,362,389,751,283,292,575,208,230,438,117,131,248,27,45,72,5,12,17,1769,1881,3650,3650,198,0.054246575342465755
2021-02-03,41,41,82,200,161,361,205,243,448,250,260,510,306,289,595,213,248,461,180,199,379,102,136,238,31,55,86,3,10,13,1531,1642,3173,3173,246,0.07752915222187204
2021-02-04,46,40,86,122,106,228,174,200,374,203,226,429,171,234,405,158,171,329,105,156,261,60,98,158,22,40,62,2,16,18,1063,1287,2350,2350,240,0.10212765957446808
2021-02-05,42,39,81,135,107,242,149,164,313,199,187,386,168,163,331,137,163,300,121,153,274,62,76,138,16,44,60,2,8,10,1031,1104,2135,2136,312,0.14606741573033707
2021-02-06,22,23,45,135,120,255,137,157,294,168,220,388,177,198,375,162,167,329,94,125,219,41,69,110,16,30,46,0,7,7,952,1116,2068,2068,221,0.10686653771760155
2021-02-07,29,35,64,130,122,252,132,139,271,175,198,373,175,186,361,138,174,312,90,101,191,56,60,116,14,25,39,7,5,12,946,1045,1991,1991,138,0.06931190356604722
2021-02-08,42,38,80,174,192,366,203,217,420,260,263,523,285,311,596,194,219,413,134,169,303,68,92,160,24,49,73,4,14,18,1388,1564,2952,2952,284,0.09620596205962059
2021-02-09,39,28,67,159,163,322,189,197,386,272,243,515,243,240,483,209,211,420,167,172,339,72,96,168,25,55,80,6,13,19,1381,1418,2799,2799,207,0.07395498392282958
2021-02-10,42,26,68,118,117,235,163,176,339,196,235,431,234,212,446,127,180,307,119,123,242,70,84,154,28,35,63,0,10,10,1097,1198,2295,2295,177,0.07712418300653595
2021-02-11,42,36,78,103,122,225,150,170,320,220,212,432,198,206,404,135,160,295,125,123,248,62,61,123,23,46,69,5,10,15,1063,1146,2209,2209,176,0.07967406066093255
2021-02-12,44,26,70,123,120,243,142,151,293,209,208,417,204,228,432,137,159,296,110,155,265,65,83,148,24,41,65,2,14,16,1060,1185,2245,2245,299,0.133184855233853
2021-02-13,24,18,42,151,155,306,157,145,302,239,224,463,248,254,502,143,182,325,115,128,243,48,66,114,16,34,50,2,10,12,1143,1216,2359,2359,232,0.0983467571004663
2021-02-14,21,17,38,132,154,286,121,160,281,235,256,491,251,267,518,161,182,343,128,137,265,57,93,150,14,20,34,2,13,15,1122,1299,2421,2422,145,0.05986787778695293
2021-02-15,24,26,50,186,211,397,175,172,347,278,299,577,349,339,688,234,218,452,130,159,289,61,94,155,16,42,58,2,13,15,1455,1573,3028,3028,189,0.062417437252311754
2021-02-16,27,22,49,208,164,372,216,220,436,315,349,664,308,337,645,211,182,393,121,116,237,56,80,136,12,35,47,7,6,13,1481,1511,2992,2992,233,0.07787433155080214
2021-02-17,29,42,71,137,128,265,276,266,542,274,283,557,236,246,482,194,208,402,176,182,358,73,99,172,20,48,68,5,13,18,1420,1515,2935,2935,214,0.07291311754684839
2021-02-18,31,34,65,109,130,239,230,232,462,249,284,533,223,239,462,189,172,361,134,172,306,70,98,168,27,42,69,3,5,8,1265,1408,2673,2673,269,0.10063598952487841
2021-02-19,44,35,79,113,118,231,214,198,412,236,263,499,216,214,430,179,197,376,137,167,304,78,103,181,16,43,59,3,9,12,1236,1347,2583,2583,307,0.11885404568331398
2021-02-20,34,23,57,96,115,211,183,198,381,217,223,440,207,216,423,154,179,333,99,164,263,46,70,116,20,35,55,4,3,7,1060,1226,2286,2286,197,0.08617672790901137
2021-02-21,36,24,60,106,109,215,145,187,332,218,233,451,194,218,412,122,161,283,113,140,253,50,66,116,17,31,48,4,6,10,1005,1175,2180,2180,171,0.07844036697247707
2021-02-22,46,58,104,106,133,239,179,212,391,227,266,493,204,223,427,167,177,344,119,163,282,67,87,154,37,34,71,3,6,9,1155,1359,2514,2514,243,0.09665871121718377
2021-02-23,57,39,96,105,105,210,175,174,349,207,229,436,189,193,382,157,165,322,129,150,279,73,102,175,28,40,68,6,14,20,1126,1211,2337,2337,228,0.0975609756097561
2021-02-24,39,62,101,105,106,211,133,156,289,181,198,379,133,157,290,134,141,275,135,138,273,66,90,156,19,39,58,2,9,11,947,1096,2043,2043,204,0.09985315712187959
2021-02-25,63,56,119,80,88,168,159,152,311,155,175,330,163,140,303,113,136,249,97,136,233,54,84,138,18,38,56,4,16,20,906,1021,1927,1928,202,0.10477178423236515
2021-02-26,50,46,96,84,89,173,164,185,349,195,181,376,156,179,335,122,150,272,98,163,261,54,83,137,16,36,52,2,17,19,941,1129,2070,2070,204,0.09855072463768116
2021-02-27,30,26,56,81,107,188,128,164,292,206,211,417,154,152,306,143,156,299,125,151,276,61,74,135,20,42,62,1,7,8,949,1090,2039,2039,215,0.10544384502206965
2021-02-28,26,28,54,109,122,231,174,201,375,254,265,519,200,218,418,192,243,435,179,177,356,90,105,195,20,38,58,3,9,12,1247,1406,2653,2653,175,0.06596306068601583
2021-03-01,72,59,131,80,90,170,169,163,332,207,186,393,178,153,331,104,132,236,110,131,241,50,96,146,24,37,61,5,13,18,999,1060,2059,2060,295,0.14320388349514562
2021-03-02,77,63,140,109,88,197,133,160,293,168,185,353,148,138,286,126,146,272,84,116,200,62,56,118,28,31,59,3,7,10,938,990,1928,1928,188,0.0975103734439834
2021-03-03,72,60,132,86,65,151,123,135,258,174,147,321,118,114,232,120,127,247,115,154,269,60,84,144,13,28,41,0,12,12,881,926,1807,1807,233,0.12894299944659657
2021-03-04,60,57,117,71,85,156,117,126,243,144,124,268,117,112,229,90,124,214,93,138,231,57,95,152,19,34,53,6,12,18,774,907,1681,1681,219,0.13027959547888163
2021-03-05,52,52,104,72,82,154,124,166,290,165,164,329,119,109,228,106,122,228,96,111,207,60,77,137,17,30,47,0,5,5,811,918,1729,1729,250,0.14459224985540775
2021-03-06,32,37,69,54,55,109,118,110,228,137,135,272,110,110,220,63,108,171,72,71,143,34,58,92,20,26,46,2,6,8,642,716,1358,1358,174,0.12812960235640647
2021-03-07,36,33,69,58,53,111,90,115,205,130,136,266,79,115,194,86,117,203,94,124,218,38,58,96,17,31,48,3,3,6,631,785,1416,1415,119,0.08409893992932863
2021-03-08,65,68,133,81,82,163,127,164,291,169,164,333,124,138,262,139,147,286,132,144,276,71,78,149,20,43,63,2,11,13,930,1039,1969,1967,192,0.09761057447890188
2021-03-09,85,89,174,78,73,151,128,118,246,167,157,324,154,134,288,125,132,257,108,177,285,77,95,172,21,33,54,4,7,11,947,1015,1962,1962,195,0.09938837920489296
2021-03-10,94,81,175,92,78,170,120,129,249,172,170,342,110,119,229,109,138,247,105,119,224,67,93,160,19,41,60,5,9,14,893,977,1870,1870,291,0.15561497326203208
2021-03-11,74,82,156,58,76,134,100,131,231,137,129,266,89,108,197,78,102,180,79,105,184,49,62,111,21,30,51,2,13,15,687,838,1525,1525,295,0.19344262295081968
2021-03-12,82,79,161,86,83,169,116,132,248,160,154,314,113,134,247,98,142,240,89,128,217,66,76,142,20,31,51,4,9,13,834,968,1802,1801,304,0.1687951138256524
2021-03-13,60,43,103,56,67,123,133,115,248,146,145,291,119,105,224,91,119,210,120,122,242,44,62,106,9,37,46,3,3,6,781,818,1599,1599,273,0.17073170731707318
2021-03-14,48,67,115,44,59,103,99,121,220,148,165,313,112,103,215,113,137,250,120,147,267,45,83,128,16,26,42,4,9,13,749,917,1666,1666,188,0.11284513805522209
2021-03-15,124,98,222,92,91,183,131,164,295,160,189,349,162,167,329,138,149,287,135,149,284,77,109,186,18,45,63,4,14,18,1041,1175,2216,2216,302,0.13628158844765342
2021-03-16,93,97,190,80,93,173,118,125,243,169,163,332,134,109,243,117,142,259,107,137,244,64,90,154,11,37,48,3,16,19,896,1009,1905,1905,216,0.11338582677165354
2021-03-17,74,80,154,80,71,151,110,149,259,128,128,256,106,116,222,105,116,221,105,119,224,49,80,129,16,36,52,3,13,16,776,908,1684,1683,233,0.1384432560903149
2021-03-18,81,66,147,56,61,117,107,111,218,138,118,256,83,96,179,73,97,170,80,101,181,48,63,111,15,29,44,1,9,10,682,751,1433,1433,210,0.1465457083042568
2021-03-19,86,72,158,96,83,179,110,137,247,140,149,289,95,108,203,91,117,208,85,118,203,53,60,113,12,26,38,5,7,12,773,877,1650,1650,343,0.20787878787878789
2021-03-20,29,36,65,50,64,114,95,95,190,109,123,232,85,104,189,88,97,185,85,81,166,46,51,97,13,26,39,3,7,10,603,684,1287,1286,212,0.16485225505443235
2021-03-21,52,51,103,57,62,119,104,106,210,144,129,273,81,86,167,96,113,209,72,107,179,29,57,86,16,22,38,3,11,14,654,744,1398,1398,164,0.11731044349070101
2021-03-22,69,83,152,90,74,164,125,149,274,150,148,298,129,112,241,130,132,262,96,126,222,57,69,126,21,40,61,4,22,26,871,955,1826,1827,305,0.16694033935413247
2021-03-23,85,84,169,97,92,189,123,137,260,136,138,274,119,100,219,113,112,225,105,130,235,67,78,145,22,27,49,0,11,11,867,909,1776,1776,271,0.15259009009009009
2021-03-24,48,52,100,69,54,123,93,88,181,103,126,229,74,86,160,76,91,167,58,87,145,36,64,100,13,30,43,0,5,5,570,683,1253,1253,233,0.18595371109337588
2021-03-25,63,65,128,76,81,157,102,121,223,131,137,268,117,129,246,89,113,202,84,103,187,49,63,112,22,25,47,4,5,9,737,842,1579,1579,226,0.14312856238125396
2021-03-26,88,81,169,91,100,191,140,116,256,160,139,299,118,122,240,85,128,213,80,115,195,56,59,115,19,32,51,1,10,11,838,902,1740,1740,320,0.1839080459770115
2021-03-27,63,55,118,37,49,86,97,89,186,140,129,269,103,106,209,99,111,210,91,102,193,37,55,92,12,28,40,4,5,9,683,729,1412,1412,295,0.20892351274787535
2021-03-28,53,31,84,36,52,88,72,83,155,102,125,227,103,100,203,81,103,184,78,104,182,36,38,74,16,22,38,2,5,7,579,663,1242,1242,216,0.17391304347826086
2021-03-29,83,61,144,98,72,170,102,122,224,133,147,280,124,128,252,108,105,213,82,123,205,39,49,88,16,26,42,1,10,11,786,843,1629,1629,289,0.17740945365254757
2021-03-30,69,68,137,74,87,161,87,108,195,116,122,238,106,122,228,95,91,186,83,119,202,34,47,81,18,26,44,5,7,12,687,797,1484,1483,261,0.17599460552933244
2021-03-31,64,55,119,51,47,98,90,93,183,123,122,245,77,97,174,54,79,133,50,63,113,26,36,62,14,22,36,3,9,12,552,623,1175,1175,302,0.2570212765957447
2021-04-01,52,48,100,66,62,128,103,119,222,133,107,240,92,104,196,74,98,172,72,87,159,33,39,72,12,16,28,2,10,12,639,690,1329,1329,332,0.24981188863807374
2021-04-02,65,44,109,58,71,129,88,95,183,124,108,232,93,86,179,83,80,163,58,70,128,33,33,66,9,12,21,2,5,7,613,604,1217,1217,277,0.2276088742810189
2021-04-03,40,48,88,54,67,121,79,92,171,115,121,236,101,91,192,84,103,187,70,74,144,28,49,77,16,35,51,5,4,9,592,684,1276,1276,376,0.2946708463949843
2021-04-04,56,42,98,106,94,200,117,127,244,151,171,322,124,158,282,90,125,215,71,81,152,28,45,73,16,22,38,1,5,6,760,870,1630,1630,310,0.1901840490797546
2021-04-05,78,78,156,129,144,273,144,183,327,199,191,390,183,189,372,134,151,285,92,123,215,43,57,100,12,36,48,5,8,13,1019,1160,2179,2179,330,0.15144561725562183
2021-04-06,70,99,169,119,113,232,219,158,377,202,224,426,176,174,350,118,144,262,91,147,238,55,85,140,22,32,54,3,12,15,1075,1188,2263,2263,709,0.31330092797171893
2021-04-07,92,79,171,142,121,263,167,177,344,185,211,396,177,162,339,130,153,283,83,133,216,50,76,126,13,37,50,1,8,9,1040,1157,2197,2194,353,0.1608933454876937
2021-04-08,78,69,147,102,103,205,140,172,312,190,210,400,139,150,289,96,128,224,80,116,196,44,58,102,15,31,46,0,11,11,884,1048,1932,1932,401,0.20755693581780538
2021-04-09,71,61,132,75,76,151,94,112,206,114,126,240,125,101,226,77,98,175,66,76,142,34,43,77,8,20,28,3,8,11,667,721,1388,1387,416,0.2999279019466474
2021-04-10,44,50,94,82,77,159,122,113,235,148,133,281,105,107,212,88,98,186,69,71,140,16,31,47,5,15,20,1,3,4,680,698,1378,1377,267,0.19389978213507625
2021-04-11,46,50,96,61,71,132,88,79,167,99,125,224,102,100,202,77,77,154,63,69,132,20,34,54,12,21,33,1,5,6,569,631,1200,1200,222,0.185
2021-04-12,76,64,140,107,93,200,111,127,238,153,155,308,119,139,258,106,151,257,83,92,175,24,54,78,13,27,40,1,12,13,793,914,1707,1705,289,0.16950146627565982
2021-04-13,83,57,140,68,66,134,121,105,226,158,134,292,120,123,243,87,105,192,54,75,129,37,29,66,9,15,24,3,8,11,740,717,1457,1457,297,0.20384351407000686
2021-04-14,75,63,138,71,52,123,74,82,156,90,90,180,71,90,161,61,71,132,84,83,167,36,55,91,12,19,31,5,5,10,579,610,1189,1188,366,0.30808080808080807
2021-04-15,89,67,156,86,98,184,125,121,246,161,143,304,163,150,313,105,146,251,66,86,152,29,35,64,15,23,38,2,9,11,841,878,1719,1718,337,0.19615832363213037
2021-04-16,76,75,151,74,73,147,137,140,277,164,172,336,132,145,277,124,141,265,97,109,206,28,47,75,7,23,30,1,10,11,840,935,1775,1775,552,0.31098591549295773
2021-04-17,71,66,137,79,72,151,121,95,216,168,134,302,129,116,245,97,108,205,78,80,158,29,54,83,9,23,32,2,3,5,783,751,1534,1534,340,0.22164276401564537
2021-04-18,45,49,94,52,37,89,87,95,182,115,127,242,116,105,221,91,90,181,78,77,155,25,33,58,21,19,40,1,6,7,631,638,1269,1269,229,0.18045705279747834
2021-04-19,82,62,144,84,85,169,156,142,298,178,161,339,150,136,286,124,122,246,102,109,211,33,56,89,7,35,42,4,11,15,920,919,1839,1839,528,0.28711256117455136
2021-04-20,85,91,176,78,79,157,116,120,236,129,129,258,134,137,271,107,100,207,86,118,204,37,43,80,23,27,50,4,10,14,799,854,1653,1653,299,0.1808832425892317
2021-04-21,84,62,146,71,52,123,115,93,208,124,117,241,98,114,212,82,91,173,78,88,166,35,34,69,9,37,46,3,7,10,699,695,1394,1394,283,0.203012912482066
2021-04-22,98,74,172,91,76,167,122,118,240,154,162,316,147,170,317,112,128,240,86,109,195,39,63,102,15,38,53,1,8,9,865,946,1811,1810,300,0.16574585635359115
2021-04-23,77,68,145,69,76,145,132,117,249,166,152,318,134,145,279,115,143,258,84,111,195,44,59,103,16,22,38,5,6,11,842,899,1741,1740,242,0.13908045977011493
2021-04-24,43,36,79,33,24,57,37,48,85,57,51,108,47,62,109,28,36,64,21,32,53,21,37,58,7,19,26,2,15,17,296,360,656,656,207,0.3155487804878049
2021-04-25,55,53,108,52,45,97,66,80,146,115,101,216,107,92,199,95,102,197,61,61,122,27,31,58,8,22,30,1,3,4,587,590,1177,1176,165,0.14030612244897958
2021-04-26,75,86,161,87,78,165,138,107,245,158,159,317,140,139,279,125,131,256,76,89,165,52,61,113,12,22,34,5,6,11,868,878,1746,1745,217,0.12435530085959885
2021-04-27,67,68,135,75,76,151,137,159,296,135,136,271,114,133,247,105,119,224,82,86,168,39,62,101,21,26,47,4,9,13,779,874,1653,1651,183,0.1108419139915203
2021-04-28,78,77,155,85,80,165,123,119,242,154,138,292,134,116,250,92,102,194,65,78,143,37,46,83,7,20,27,4,6,10,779,782,1561,1561,204,0.13068545803971812
2021-04-29,89,80,169,107,93,200,146,154,300,198,181,379,173,139,312,128,149,277,79,118,197,52,71,123,27,33,60,1,9,10,1000,1027,2027,2026,258,0.12734452122408688
2021-04-30,90,69,159,74,66,140,71,102,173,96,119,215,85,106,191,80,85,165,60,91,151,50,52,102,22,28,50,3,12,15,631,730,1361,1361,310,0.22777369581190302
2021-05-01,59,50,109,65,44,109,79,77,156,118,108,226,105,105,210,72,97,169,59,61,120,38,46,84,14,33,47,0,5,5,609,626,1235,1234,253,0.20502431118314424
2021-05-02,61,47,108,64,64,128,102,118,220,150,153,303,110,153,263,109,113,222,72,101,173,33,53,86,14,24,38,3,16,19,718,842,1560,1560,220,0.14102564102564102
2021-05-03,119,106,225,92,101,193,213,202,415,256,259,515,212,238,450,157,229,386,144,204,348,66,99,165,22,49,71,2,17,19,1283,1504,2787,2787,341,0.12235378543236455
2021-05-04,92,84,176,106,104,210,196,161,357,215,210,425,187,187,374,161,199,360,111,166,277,75,102,177,24,34,58,1,16,17,1168,1263,2431,2431,233,0.09584533113944879
2021-05-05,102,87,189,98,88,186,162,181,343,208,213,421,190,169,359,134,174,308,97,111,208,62,67,129,29,31,60,7,13,20,1089,1134,2223,2221,519,0.23367852318775326
2021-05-06,80,86,166,131,115,246,175,187,362,206,209,415,212,190,402,152,176,328,107,112,219,56,67,123,27,40,67,4,22,26,1150,1204,2354,2354,501,0.21282922684791844
2021-05-07,92,94,186,133,117,250,186,210,396,196,231,427,208,219,427,125,187,312,115,129,244,61,87,148,18,29,47,2,6,8,1136,1309,2445,2445,324,0.1325153374233129
2021-05-08,49,53,102,58,40,98,95,108,203,139,129,268,93,108,201,81,86,167,55,61,116,41,31,72,19,25,44,1,11,12,631,652,1283,1283,214,0.16679657053780203
2021-05-09,65,60,125,58,58,116,83,94,177,112,130,242,116,117,233,78,91,169,53,66,119,39,52,91,16,19,35,9,2,11,629,689,1318,1318,172,0.13050075872534142
2021-05-10,106,98,204,95,94,189,200,184,384,230,212,442,188,226,414,161,173,334,134,144,278,65,93,158,26,44,70,1,9,10,1206,1277,2483,2482,267,0.10757453666398066
2021-05-11,94,80,174,93,82,175,139,137,276,189,171,360,158,140,298,106,124,230,113,124,237,52,75,127,23,29,52,6,7,13,973,969,1942,1942,256,0.13182286302780638
2021-05-12,87,77,164,92,76,168,127,146,273,188,144,332,171,159,330,132,130,262,93,114,207,44,62,106,14,34,48,4,11,15,952,953,1905,1905,311,0.16325459317585303
2021-05-13,116,73,189,78,68,146,150,166,316,167,180,347,163,146,309,104,132,236,76,96,172,40,61,101,17,43,60,0,4,4,911,969,1880,1879,325,0.1729643427354976
2021-05-14,95,102,197,96,118,214,182,194,376,230,207,437,175,223,398,157,173,330,106,142,248,52,75,127,30,37,67,5,6,11,1128,1277,2405,2405,293,0.12182952182952184
2021-05-15,70,77,147,75,74,149,115,144,259,146,171,317,136,158,294,110,119,229,83,110,193,30,39,69,19,28,47,1,14,15,785,934,1719,1719,263,0.15299592786503782
2021-05-16,52,61,113,64,63,127,93,74,167,125,143,268,116,110,226,100,110,210,65,76,141,36,43,79,13,29,42,1,10,11,665,719,1384,1384,203,0.14667630057803469
2021-05-17,156,132,288,135,129,264,195,205,400,276,287,563,235,263,498,200,217,417,139,168,307,86,112,198,35,60,95,2,15,17,1459,1588,3047,3047,383,0.12569740728585493
2021-05-18,122,134,256,133,121,254,234,193,427,263,271,534,282,256,538,208,189,397,126,155,281,69,83,152,25,45,70,4,9,13,1466,1456,2922,2922,344,0.11772758384668036
2021-05-19,132,117,249,136,127,263,233,239,472,277,292,569,276,230,506,181,204,385,141,165,306,67,86,153,25,37,62,6,17,23,1474,1514,2988,2988,270,0.09036144578313253
2021-05-20,137,135,272,135,150,285,267,269,536,308,264,572,258,247,505,186,211,397,149,158,307,71,90,161,28,47,75,5,14,19,1544,1585,3129,3129,278,0.08884627676573985
2021-05-21,108,88,196,106,104,210,196,211,407,246,268,514,226,226,452,166,189,355,124,162,286,62,61,123,24,51,75,1,10,11,1259,1370,2629,2629,397,0.1510079878280715
2021-05-22,56,45,101,59,70,129,101,124,225,163,151,314,129,127,256,85,104,189,65,62,127,32,38,70,15,30,45,1,11,12,706,762,1468,1468,326,0.2220708446866485
2021-05-23,56,47,103,45,58,103,87,96,183,114,121,235,102,85,187,83,106,189,57,76,133,36,32,68,11,42,53,9,13,22,600,676,1276,1276,217,0.1700626959247649
2021-05-24,84,52,136,78,97,175,160,145,305,194,205,399,165,197,362,148,202,350,100,129,229,68,81,149,25,38,63,3,10,13,1025,1156,2181,2181,219,0.10041265474552957
2021-05-25,69,51,120,64,79,143,159,148,307,171,163,334,172,147,319,154,152,306,88,110,198,55,57,112,14,37,51,4,8,12,950,952,1902,1901,209,0.10994213571804314
2021-05-26,101,82,183,115,125,240,221,203,424,221,230,451,230,222,452,212,217,429,112,158,270,66,89,155,23,57,80,7,6,13,1308,1389,2697,2697,249,0.09232480533926585
2021-05-27,77,72,149,78,90,168,172,182,354,210,199,409,172,155,327,158,180,338,95,123,218,74,73,147,19,39,58,2,15,17,1057,1128,2185,2184,285,0.1304945054945055
2021-05-28,86,82,168,112,133,245,212,211,423,241,219,460,226,234,460,218,234,452,132,187,319,63,82,145,24,42,66,5,12,17,1319,1436,2755,2755,263,0.0954627949183303
2021-05-29,58,61,119,60,64,124,124,151,275,181,154,335,172,145,317,100,124,224,77,91,168,40,51,91,18,38,56,5,13,18,835,892,1727,1727,210,0.12159814707585408
2021-05-30,37,46,83,44,50,94,107,119,226,150,142,292,136,111,247,78,98,176,57,63,120,25,44,69,15,25,40,3,9,12,652,707,1359,1359,164,0.12067696835908756
2021-05-31,87,75,162,109,99,208,209,201,410,267,238,505,224,217,441,137,161,298,104,142,246,69,94,163,27,48,75,1,16,17,1234,1291,2525,2525,249,0.09861386138613862
2021-06-01,90,83,173,98,93,191,181,169,350,221,214,435,178,186,364,158,177,335,129,134,263,72,76,148,34,41,75,4,11,15,1165,1184,2349,2350,223,0.09489361702127659
2021-06-02,111,82,193,102,108,210,189,216,405,208,245,453,199,198,397,137,158,295,111,149,260,71,94,165,30,48,78,7,14,21,1165,1312,2477,2476,274,0.11066235864297254
2021-06-03,93,97,190,132,90,222,201,181,382,232,233,465,214,206,420,144,170,314,120,140,260,69,83,152,25,23,48,4,14,18,1234,1237,2471,2469,248,0.10044552450384771
2021-06-04,133,113,246,117,116,233,225,214,439,242,240,482,219,223,442,185,226,411,112,140,252,75,101,176,23,55,78,1,8,9,1332,1436,2768,2768,275,0.09934971098265896
2021-06-05,70,73,143,56,57,113,111,140,251,153,169,322,136,134,270,102,105,207,62,72,134,40,69,109,15,21,36,5,13,18,750,853,1603,1603,265,0.1653150343106675
2021-06-06,70,80,150,66,70,136,111,113,224,147,131,278,129,113,242,114,115,229,65,91,156,40,56,96,11,25,36,0,12,12,753,806,1559,1559,165,0.10583707504810776
2021-06-07,102,129,231,112,118,230,197,187,384,240,233,473,181,219,400,183,196,379,137,158,295,89,119,208,33,64,97,7,32,39,1281,1455,2736,2736,274,0.10014619883040936
2021-06-08,122,118,240,101,101,202,192,212,404,241,214,455,195,187,382,172,209,381,93,115,208,63,115,178,25,44,69,4,14,18,1208,1329,2537,2537,213,0.08395743003547497
2021-06-09,113,115,228,113,95,208,221,204,425,246,247,493,208,219,427,169,199,368,113,138,251,72,82,154,30,55,85,4,16,20,1289,1370,2659,2657,236,0.08882197967632668
2021-06-10,114,123,237,93,107,200,219,217,436,231,250,481,187,189,376,144,197,341,89,147,236,80,107,187,27,38,65,5,19,24,1189,1394,2583,2580,247,0.09573643410852713
2021-06-11,100,98,198,84,107,191,180,203,383,234,250,484,211,232,443,171,175,346,112,131,243,70,107,177,31,60,91,7,11,18,1200,1374,2574,2574,332,0.128982128982129
2021-06-12,83,70,153,69,66,135,138,136,274,170,161,331,144,144,288,98,135,233,73,102,175,40,70,110,23,30,53,4,11,15,842,925,1767,1767,196,0.11092246745897001
2021-06-13,76,89,165,69,74,143,111,101,212,133,132,265,134,133,267,107,116,223,67,80,147,36,47,83,18,31,49,4,11,15,755,814,1569,1569,159,0.10133843212237094
2021-06-14,138,109,247,108,119,227,171,206,377,230,252,482,216,220,436,163,202,365,103,164,267,83,94,177,29,42,71,14,15,29,1255,1423,2678,2678,244,0.09111277072442121
2021-06-15,127,133,260,121,106,227,198,203,401,221,239,460,198,215,413,163,185,348,130,135,265,66,82,148,32,34,66,3,11,14,1259,1343,2602,2602,232,0.08916218293620293
2021-06-16,125,131,256,111,100,211,198,205,403,228,250,478,208,227,435,135,168,303,107,127,234,60,77,137,30,39,69,1,13,14,1203,1337,2540,2540,215,0.08464566929133858
2021-06-17,128,119,247,112,138,250,223,215,438,219,268,487,209,225,434,127,171,298,120,142,262,87,102,189,22,47,69,3,11,14,1250,1438,2688,2688,242,0.0900297619047619
2021-06-18,108,92,200,104,106,210,199,164,363,230,248,478,190,244,434,112,171,283,87,122,209,51,83,134,25,23,48,5,14,19,1111,1267,2378,2378,303,0.12741799831791423
2021-06-19,82,92,174,72,61,133,117,125,242,129,170,299,141,160,301,84,97,181,84,79,163,54,60,114,19,34,53,3,8,11,785,886,1671,1671,331,0.1980849790544584
2021-06-20,79,61,140,49,36,85,75,78,153,95,130,225,104,103,207,69,87,156,61,75,136,44,46,90,11,27,38,1,7,8,588,650,1238,1238,160,0.12924071082390953
2021-06-21,98,91,189,78,62,140,100,136,236,170,149,319,151,137,288,114,126,240,68,79,147,47,66,113,28,27,55,3,4,7,857,877,1734,1733,204,0.11771494518176573
2021-06-22,163,132,295,119,115,234,179,216,395,229,226,455,238,229,467,150,163,313,137,162,299,62,99,161,23,48,71,12,12,24,1312,1402,2714,2714,260,0.09579955784819455
2021-06-23,162,131,293,150,127,277,171,207,378,255,255,510,217,258,475,130,158,288,122,136,258,64,97,161,31,45,76,5,16,21,1307,1430,2737,2736,258,0.09429824561403509
2021-06-24,167,134,301,127,130,257,188,215,403,220,280,500,240,219,459,126,188,314,120,150,270,67,84,151,18,42,60,2,8,10,1275,1450,2725,2725,378,0.13871559633027522
2021-06-25,172,139,311,123,133,256,191,236,427,267,336,603,211,244,455,187,217,404,136,185,321,71,110,181,28,55,83,9,20,29,1395,1675,3070,3069,494,0.1609644835451287
2021-06-26,82,79,161,65,72,137,102,101,203,151,145,296,118,148,266,92,87,179,80,118,198,61,92,153,19,31,50,4,11,15,774,884,1658,1658,209,0.12605548854041013
2021-06-27,95,80,175,51,62,113,97,113,210,119,118,237,101,118,219,70,75,145,63,75,138,41,57,98,10,34,44,2,9,11,649,741,1390,1390,196,0.1410071942446043
2021-06-28,115,94,209,65,68,133,94,139,233,166,154,320,121,161,282,101,100,201,84,83,167,52,70,122,28,31,59,2,14,16,828,914,1742,1741,258,0.1481906950028719
2021-06-29,125,148,273,115,109,224,179,212,391,211,205,416,169,182,351,139,142,281,112,104,216,71,79,150,19,49,68,2,24,26,1142,1254,2396,2396,279,0.1164440734557596
2021-06-30,158,150,308,136,117,253,184,205,389,255,230,485,195,208,403,128,188,316,91,135,226,66,74,140,29,40,69,4,12,16,1246,1359,2605,2605,260,0.09980806142034548
2021-07-01,115,116,231,97,107,204,167,184,351,187,241,428,165,190,355,124,163,287,89,124,213,60,77,137,28,48,76,4,15,19,1036,1265,2301,2300,289,0.12565217391304348
2021-07-02,163,131,294,152,124,276,182,204,386,221,285,506,152,227,379,136,191,327,105,136,241,63,87,150,22,43,65,5,11,16,1201,1439,2640,2640,318,0.12045454545454545
2021-07-03,93,96,189,83,86,169,114,130,244,149,175,324,129,160,289,94,110,204,83,102,185,44,69,113,16,30,46,7,13,20,812,971,1783,1783,281,0.15759955131800338
2021-07-04,95,122,217,71,67,138,92,116,208,118,149,267,93,115,208,84,116,200,66,81,147,31,63,94,10,27,37,5,11,16,665,867,1532,1532,324,0.21148825065274152
2021-07-05,187,168,355,138,127,265,218,216,434,256,273,529,201,237,438,146,194,340,116,133,249,87,86,173,34,51,85,6,15,21,1389,1500,2889,2888,317,0.1097645429362881
2021-07-06,200,186,386,188,135,323,229,229,458,256,287,543,227,246,473,128,168,296,103,147,250,76,98,174,23,46,69,3,27,30,1433,1569,3002,3002,316,0.10526315789473684
2021-07-07,178,171,349,157,143,300,219,208,427,251,274,525,233,230,463,174,164,338,90,121,211,63,68,131,20,52,72,8,12,20,1393,1443,2836,2835,285,0.10052910052910052
2021-07-08,166,176,342,164,148,312,232,259,491,275,321,596,228,287,515,178,213,391,105,171,276,67,108,175,40,39,79,3,15,18,1458,1737,3195,3194,616,0.1928616155291171
2021-07-09,118,124,242,118,107,225,148,152,300,179,204,383,170,189,359,118,127,245,88,85,173,42,64,106,21,36,57,8,9,17,1010,1097,2107,2107,313,0.14855244423350736
2021-07-10,107,128,235,108,92,200,129,152,281,164,193,357,130,161,291,118,137,255,83,101,184,47,70,117,18,38,56,5,9,14,909,1081,1990,1990,285,0.14321608040201006
2021-07-11,139,124,263,88,63,151,115,106,221,143,180,323,126,181,307,105,120,225,83,85,168,48,59,107,11,23,34,7,12,19,865,953,1818,1818,257,0.14136413641364137
2021-07-12,202,193,395,164,152,316,230,259,489,297,287,584,260,302,562,166,221,387,140,151,291,78,90,168,27,42,69,10,17,27,1574,1714,3288,3288,380,0.11557177615571776
2021-07-13,204,162,366,159,156,315,234,222,456,236,268,504,231,254,485,167,211,378,112,145,257,73,105,178,27,55,82,10,17,27,1453,1595,3048,3047,418,0.1371841155234657
2021-07-14,205,195,400,217,166,383,269,247,516,257,301,558,245,283,528,175,225,400,143,153,296,61,77,138,23,48,71,3,13,16,1598,1708,3306,3304,363,0.10986682808716706
2021-07-15,187,157,344,214,183,397,250,241,491,292,302,594,273,319,592,190,218,408,124,162,286,69,101,170,25,43,68,7,21,28,1631,1747,3378,3378,397,0.11752516281823565
2021-07-16,149,155,304,151,157,308,225,262,487,250,303,553,294,287,581,171,188,359,104,145,249,54,90,144,25,48,73,3,15,18,1426,1650,3076,3076,349,0.1134590377113134
2021-07-17,106,121,227,113,100,213,163,158,321,172,219,391,172,193,365,127,141,268,93,95,188,56,59,115,9,18,27,4,10,14,1015,1114,2129,2127,372,0.17489421720733428
2021-07-18,99,85,184,89,94,183,125,143,268,137,162,299,142,161,303,116,134,250,67,82,149,55,62,117,26,35,61,2,8,10,858,966,1824,1823,207,0.11354909489851893
2021-07-19,161,144,305,126,117,243,234,251,485,210,250,460,226,253,479,169,226,395,142,163,305,80,115,195,26,46,72,4,6,10,1378,1571,2949,2949,348,0.11800610376398779
2021-07-20,158,150,308,110,113,223,196,224,420,225,241,466,199,213,412,151,171,322,119,142,261,67,96,163,25,44,69,4,20,24,1254,1414,2668,2668,348,0.13043478260869565
2021-07-21,180,155,335,179,145,324,243,233,476,250,292,542,237,296,533,199,238,437,144,204,348,81,126,207,28,60,88,4,11,15,1545,1760,3305,3304,354,0.10714285714285714
2021-07-22,160,138,298,169,152,321,215,264,479,298,321,619,290,319,609,188,235,423,112,150,262,80,94,174,30,50,80,4,10,14,1546,1733,3279,3279,369,0.11253430924062215
2021-07-23,138,111,249,119,121,240,192,185,377,237,271,508,195,248,443,153,183,336,106,132,238,49,89,138,16,34,50,5,15,20,1210,1389,2599,2597,359,0.13823642664613014
2021-07-24,112,120,232,113,139,252,182,187,369,224,256,480,229,229,458,139,176,315,92,137,229,64,73,137,23,30,53,2,7,9,1180,1354,2534,2533,291,0.11488353730754046
2021-07-25,103,105,208,125,138,263,127,149,276,201,254,455,287,276,563,158,162,320,103,94,197,70,74,144,12,26,38,6,9,15,1192,1287,2479,2478,212,0.08555286521388217
2021-07-26,134,166,300,193,220,413,219,292,511,298,353,651,331,381,712,232,265,497,145,200,345,84,141,225,35,66,101,8,18,26,1679,2102,3781,3781,372,0.09838667019307061
2021-07-27,107,116,223,114,142,256,163,194,357,201,232,433,207,190,397,138,159,297,100,119,219,59,97,156,26,36,62,4,12,16,1119,1297,2416,2414,304,0.1259320629660315
2021-07-28,109,113,222,114,140,254,210,218,428,238,250,488,210,228,438,161,196,357,137,142,279,69,89,158,23,37,60,6,5,11,1277,1418,2695,2695,307,0.11391465677179963
2021-07-29,132,102,234,146,132,278,181,205,386,253,284,537,213,257,470,161,180,341,109,136,245,59,82,141,21,26,47,3,17,20,1278,1421,2699,2697,296,0.10975157582499073
2021-07-30,143,121,264,167,167,334,258,297,555,285,371,656,252,347,599,213,265,478,167,199,366,72,117,189,31,57,88,8,13,21,1596,1954,3550,3549,473,0.1332769794308256
2021-07-31,148,139,287,143,189,332,153,201,354,268,326,594,311,360,671,193,207,400,108,164,272,73,98,171,21,23,44,2,15,17,1420,1722,3142,3142,282,0.08975175047740293
2021-08-01,144,164,308,137,179,316,121,143,264,224,257,481,293,334,627,147,181,328,102,117,219,51,85,136,17,44,61,7,11,18,1243,1515,2758,2757,271,0.09829524845846935
2021-08-02,212,175,387,189,206,395,216,271,487,307,346,653,311,388,699,203,288,491,184,228,412,98,128,226,43,65,108,5,17,22,1768,2112,3880,3879,452,0.11652487754575921
2021-08-03,229,199,428,189,209,398,208,265,473,278,344,622,279,351,630,209,264,473,162,232,394,113,138,251,25,62,87,6,17,23,1698,2081,3779,3778,423,0.1119640021175225
2021-08-04,211,177,388,165,147,312,216,233,449,268,279,547,208,259,467,166,217,383,141,171,312,65,116,181,20,43,63,2,17,19,1462,1659,3121,3120,383,0.12275641025641025
2021-08-05,222,230,452,175,197,372,281,314,595,308,344,652,309,353,662,234,301,535,161,199,360,85,121,206,33,61,94,10,15,25,1818,2135,3953,3951,435,0.11009870918754745
2021-08-06,249,201,450,265,205,470,304,348,652,325,378,703,309,386,695,207,300,507,190,266,456,97,169,266,34,41,75,3,15,18,1983,2309,4292,4291,470,0.109531577720811
2021-08-07,147,168,315,140,168,308,176,198,374,220,235,455,193,225,418,143,190,333,118,153,271,74,117,191,21,43,64,6,4,10,1238,1501,2739,2739,367,0.13399050748448338
2021-08-08,213,214,427,161,161,322,128,168,296,194,216,410,204,262,466,138,173,311,123,159,282,68,62,130,12,44,56,5,14,19,1246,1473,2719,2719,382,0.14049282824567855
2021-08-09,345,313,658,220,230,450,248,358,606,368,382,750,282,396,678,255,301,556,182,231,413,111,114,225,39,57,96,10,17,27,2060,2399,4459,4459,477,0.10697465799506616
2021-08-10,391,350,741,289,272,561,293,363,656,344,421,765,323,415,738,256,309,565,183,225,408,118,140,258,36,58,94,3,19,22,2236,2572,4808,4803,632,0.13158442640016657
2021-08-11,324,328,652,294,299,593,309,380,689,385,427,812,354,413,767,245,325,570,174,219,393,100,123,223,44,64,108,9,23,32,2238,2601,4839,4838,510,0.10541546093427036
2021-08-12,338,329,667,285,293,578,289,360,649,339,397,736,331,401,732,217,310,527,161,184,345,100,106,206,41,50,91,8,20,28,2109,2450,4559,4558,543,0.11913119789381307
2021-08-13,414,361,775,381,392,773,323,417,740,435,513,948,385,494,879,254,403,657,189,249,438,119,166,285,48,56,104,6,16,22,2554,3067,5621,5621,591,0.1051414339085572
2021-08-14,256,255,511,231,213,444,178,245,423,271,318,589,248,342,590,167,249,416,124,158,282,91,99,190,23,43,66,3,10,13,1592,1932,3524,3524,549,0.155788876276958
2021-08-15,212,200,412,177,149,326,159,161,320,205,256,461,204,239,443,164,195,359,110,144,254,75,85,160,21,40,61,3,12,15,1330,1481,2811,2811,380,0.1351832088224831
2021-08-16,283,268,551,215,212,427,163,213,376,233,283,516,229,324,553,180,202,382,98,145,243,89,99,188,23,36,59,6,10,16,1519,1792,3311,3311,425,0.1283600120809423
2021-08-17,463,372,835,354,333,687,294,373,667,432,495,927,316,495,811,284,372,656,188,240,428,115,135,250,25,78,103,9,20,29,2480,2913,5393,5391,663,0.1229827490261547
2021-08-18,450,414,864,402,345,747,240,321,561,369,455,824,329,375,704,218,315,533,169,219,388,116,146,262,27,68,95,15,20,35,2335,2678,5013,5013,618,0.12327947336923997
2021-08-19,411,372,783,343,332,675,233,337,570,388,438,826,314,414,728,240,298,538,157,214,371,81,110,191,27,51,78,8,12,20,2202,2578,4780,4780,591,0.12364016736401674
2021-08-20,488,447,935,412,395,807,277,345,622,361,493,854,353,468,821,238,333,571,187,263,450,108,147,255,27,56,83,8,14,22,2459,2961,5420,5420,627,0.11568265682656827
2021-08-21,256,287,543,211,195,406,183,256,439,276,341,617,242,298,540,185,224,409,130,181,311,74,99,173,25,44,69,3,15,18,1585,1940,3525,3524,543,0.15408626560726446
2021-08-22,373,328,701,230,212,442,148,183,331,257,354,611,248,330,578,193,243,436,129,167,296,82,98,180,23,39,62,5,14,19,1688,1968,3656,3656,576,0.1575492341356674
2021-08-23,649,647,1296,422,415,837,308,391,699,429,496,925,376,488,864,252,363,615,202,278,480,125,165,290,40,66,106,3,18,21,2806,3327,6133,6131,787,0.12836405154134725
2021-08-24,665,643,1308,425,400,825,287,372,659,356,536,892,335,445,780,230,330,560,173,261,434,102,137,239,49,52,101,5,16,21,2627,3192,5819,5819,732,0.125794810104829
2021-08-25,653,622,1275,398,383,781,250,330,580,323,483,806,344,452,796,238,299,537,188,256,444,119,140,259,37,38,75,7,25,32,2557,3028,5585,5584,699,0.1251790830945559
2021-08-26,651,628,1279,415,378,793,272,380,652,370,507,877,355,458,813,201,329,530,176,225,401,104,165,269,38,62,100,6,16,22,2588,3148,5736,5736,628,0.10948396094839609
2021-08-27,724,624,1348,409,456,865,258,352,610,367,534,901,317,480,797,264,341,605,190,242,432,102,142,244,28,62,90,5,11,16,2664,3244,5908,5908,613,0.10375761679079215
2021-08-28,387,327,714,220,194,414,177,225,402,271,320,591,215,319,534,152,194,346,125,162,287,59,93,152,32,34,66,3,7,10,1641,1875,3516,3517,467,0.1327836224054592
2021-08-29,432,398,830,174,200,374,125,179,304,234,284,518,222,276,498,153,207,360,117,139,256,73,89,162,35,42,77,2,7,9,1567,1821,3388,3387,548,0.16179509890758784
2021-08-30,761,689,1450,404,367,771,240,323,563,359,472,831,354,400,754,205,293,498,175,237,412,93,136,229,50,58,108,3,20,23,2644,2995,5639,5639,673,0.11934740202163505
2021-08-31,827,749,1576,511,438,949,267,376,643,380,469,849,348,475,823,265,310,575,196,282,478,105,164,269,36,57,93,9,15,24,2944,3335,6279,6278,557,0.08872252309652756
2021-09-01,769,694,1463,470,416,886,253,292,545,363,487,850,313,388,701,207,275,482,172,195,367,90,137,227,35,71,106,4,16,20,2676,2971,5647,5647,516,0.09137595183283159
2021-09-02,615,577,1192,336,339,675,206,274,480,325,376,701,251,385,636,185,251,436,154,178,332,97,103,200,25,44,69,6,16,22,2200,2543,4743,4743,453,0.09550917141049968
2021-09-03,486,470,956,343,347,690,234,268,502,322,391,713,320,377,697,192,277,469,168,219,387,100,142,242,26,45,71,2,11,13,2193,2547,4740,4740,494,0.10421940928270042
2021-09-04,305,290,595,151,145,296,124,146,270,194,243,437,207,236,443,135,176,311,103,132,235,62,98,160,23,44,67,3,10,13,1307,1520,2827,2827,436,0.1542270958613371
2021-09-05,321,310,631,162,166,328,134,143,277,225,283,508,192,242,434,132,174,306,113,147,260,87,96,183,23,31,54,7,11,18,1396,1603,2999,2998,360,0.12008005336891261
2021-09-06,674,643,1317,350,310,660,241,313,554,336,416,752,327,396,723,229,297,526,176,219,395,128,137,265,35,65,100,6,19,25,2502,2815,5317,5316,575,0.1081640331075997
2021-09-07,563,604,1167,304,365,669,222,271,493,276,376,652,244,328,572,194,247,441,137,190,327,75,127,202,28,55,83,8,25,33,2051,2588,4639,4638,501,0.10802069857697283
2021-09-08,436,468,904,319,263,582,177,199,376,263,302,565,222,306,528,189,227,416,126,140,266,74,99,173,28,38,66,8,14,22,1842,2056,3898,3897,529,0.13574544521426737
2021-09-09,476,455,931,287,241,528,165,243,408,264,290,554,212,269,481,152,227,379,133,137,270,83,106,189,35,55,90,5,17,22,1812,2040,3852,3849,479,0.12444790854767472
2021-09-10,488,411,899,329,335,664,280,392,672,401,534,935,406,544,950,340,432,772,227,348,575,108,168,276,51,50,101,5,16,21,2635,3230,5865,5865,501,0.08542199488491048
2021-09-11,256,263,519,184,194,378,227,300,527,295,383,678,312,356,668,238,296,534,184,252,436,83,140,223,29,30,59,4,7,11,1812,2221,4033,4032,702,0.17410714285714285
2021-09-12,244,232,476,123,124,247,102,124,226,157,202,359,173,182,355,124,145,269,100,139,239,47,73,120,12,29,41,6,9,15,1088,1259,2347,2347,347,0.14784831700042608
2021-09-13,506,500,1006,288,315,603,222,281,503,298,396,694,312,367,679,201,292,493,187,208,395,114,156,270,28,69,97,9,18,27,2165,2602,4767,4767,493,0.10341934130480386
2021-09-14,524,472,996,273,267,540,176,216,392,249,331,580,226,298,524,158,236,394,142,204,346,86,129,215,25,45,70,5,13,18,1864,2211,4075,4074,590,0.14482081492390772
2021-09-15,390,370,760,258,227,485,129,205,334,196,312,508,192,269,461,130,185,315,99,154,253,66,91,157,31,48,79,6,20,26,1497,1881,3378,3376,472,0.13981042654028436
2021-09-16,381,345,726,244,248,492,152,206,358,202,312,514,206,306,512,149,196,345,108,172,280,82,116,198,27,42,69,8,9,17,1559,1952,3511,3510,364,0.1037037037037037
2021-09-17,497,453,950,302,292,594,167,223,390,228,309,537,239,288,527,152,215,367,125,165,290,105,127,232,24,58,82,3,9,12,1842,2139,3981,3980,450,0.11306532663316583
2021-09-18,260,239,499,130,139,269,117,147,264,163,199,362,157,205,362,126,148,274,118,160,278,60,95,155,27,32,59,4,9,13,1162,1373,2535,2535,440,0.17357001972386588
2021-09-19,285,264,549,112,124,236,103,124,227,165,202,367,172,167,339,108,135,243,89,99,188,51,76,127,15,37,52,5,9,14,1105,1237,2342,2341,331,0.14139256727894062
2021-09-20,550,552,1102,397,404,801,165,240,405,274,323,597,253,279,532,184,237,421,161,200,361,92,118,210,27,52,79,9,9,18,2112,2414,4526,4525,476,0.10519337016574586
2021-09-21,437,433,870,171,175,346,139,212,351,226,243,469,209,244,453,135,175,310,131,171,302,96,111,207,32,51,83,1,9,10,1577,1824,3401,3400,404,0.1188235294117647
2021-09-22,501,425,926,342,316,658,140,205,345,213,328,541,193,264,457,131,208,339,122,173,295,92,98,190,18,50,68,6,19,25,1758,2086,3844,3841,442,0.11507419942723249
2021-09-23,419,391,810,345,345,690,146,214,360,206,325,531,199,263,462,132,199,331,141,199,340,90,111,201,27,37,64,7,14,21,1712,2098,3810,3809,386,0.10133893410343922
2021-09-24,358,388,746,239,191,430,140,167,307,184,221,405,163,233,396,131,177,308,124,159,283,68,116,184,24,50,74,4,8,12,1435,1710,3145,3145,391,0.12432432432432433
2021-09-25,219,177,396,102,101,203,93,124,217,146,168,314,123,155,278,92,122,214,82,104,186,63,73,136,21,32,53,2,13,15,943,1069,2012,2011,481,0.23918448533068126
2021-09-26,248,206,454,103,116,219,85,110,195,143,182,325,142,164,306,92,136,228,100,100,200,48,66,114,17,30,47,2,9,11,980,1119,2099,2099,251,0.11958075273939972
2021-09-27,465,408,873,336,258,594,149,204,353,236,277,513,239,234,473,150,204,354,128,190,318,97,123,220,26,46,72,8,16,24,1834,1960,3794,3794,442,0.11649973642593568
2021-09-28,476,383,859,405,431,836,131,200,331,215,254,469,190,245,435,143,176,319,112,150,262,76,84,160,18,46,64,5,11,16,1771,1980,3751,3750,387,0.1032
2021-09-29,402,340,742,284,290,574,140,201,341,203,283,486,201,233,434,132,176,308,120,163,283,85,131,216,40,41,81,9,10,19,1616,1868,3484,3481,339,0.09738580867566791
2021-09-30,321,306,627,370,392,762,130,178,308,184,216,400,141,201,342,127,163,290,110,157,267,60,101,161,23,60,83,6,13,19,1472,1787,3259,3257,230,0.07061713233036537
2021-10-01,399,300,699,394,397,791,154,187,341,207,285,492,211,228,439,150,166,316,114,163,277,82,116,198,27,60,87,4,20,24,1742,1922,3664,3664,452,0.12336244541484716
2021-10-02,208,208,416,120,115,235,118,130,248,134,197,331,117,132,249,101,125,226,86,131,217,71,70,141,16,32,48,2,9,11,973,1149,2122,2123,272,0.1281205840791333
2021-10-03,188,168,356,110,95,205,110,134,244,139,140,279,122,141,263,83,111,194,68,107,175,46,65,111,19,34,53,1,5,6,886,1000,1886,1886,251,0.13308589607635207
2021-10-04,409,399,808,426,347,773,170,209,379,186,301,487,203,256,459,157,204,361,138,188,326,96,125,221,29,38,67,7,15,22,1821,2082,3903,3903,386,0.0988982833717653
2021-10-05,408,364,772,358,446,804,141,197,338,239,297,536,200,233,433,147,200,347,111,164,275,76,111,187,28,49,77,11,13,24,1719,2074,3793,3792,333,0.08781645569620253
2021-10-06,324,282,606,307,320,627,176,201,377,233,299,532,212,248,460,132,212,344,123,155,278,68,112,180,30,36,66,6,9,15,1611,1874,3485,3485,338,0.096987087517934
2021-10-07,274,286,560,171,196,367,159,206,365,232,285,517,207,257,464,160,200,360,111,171,282,102,98,200,28,44,72,3,15,18,1447,1758,3205,3205,484,0.15101404056162246
2021-10-08,140,134,274,122,135,257,141,156,297,156,192,348,184,177,361,116,170,286,126,149,275,63,66,129,20,32,52,7,15,22,1075,1226,2301,2301,296,0.12863972186006084
2021-10-09,120,121,241,138,141,279,108,134,242,152,183,335,147,165,312,117,144,261,107,130,237,70,90,160,17,40,57,5,8,13,981,1156,2137,2136,321,0.1502808988764045
2021-10-10,158,161,319,94,100,194,99,124,223,149,170,319,142,167,309,107,132,239,102,122,224,52,81,133,19,29,48,3,8,11,925,1094,2019,2018,285,0.14122893954410307
2021-10-11,179,163,342,134,141,275,141,144,285,207,191,398,187,201,388,134,170,304,127,143,270,78,90,168,18,28,46,4,11,15,1209,1282,2491,2487,367,0.14756735022114997
2021-10-12,335,320,655,350,364,714,190,264,454,280,302,582,242,299,541,175,233,408,164,220,384,96,128,224,36,51,87,7,16,23,1875,2197,4072,4072,393,0.09651277013752456
2021-10-13,344,325,669,358,353,711,217,276,493,297,314,611,261,295,556,181,196,377,135,197,332,95,130,225,27,44,71,5,7,12,1920,2137,4057,4056,401,0.09886587771203156
2021-10-14,316,305,621,392,374,766,190,249,439,239,291,530,263,290,553,193,251,444,159,209,368,100,123,223,29,59,88,7,17,24,1888,2168,4056,4056,316,0.07790927021696252
2021-10-15,266,244,510,266,283,549,158,227,385,241,271,512,211,260,471,178,180,358,138,195,333,84,137,221,21,42,63,2,10,12,1565,1849,3414,3413,362,0.10606504541459127
2021-10-16,156,139,295,156,189,345,138,142,280,191,219,410,181,209,390,145,176,321,120,169,289,93,120,213,32,41,73,3,10,13,1215,1414,2629,2628,359,0.13660578386605784
2021-10-17,144,116,260,157,150,307,84,117,201,153,168,321,159,174,333,113,125,238,84,107,191,64,82,146,17,29,46,1,4,5,976,1072,2048,2047,217,0.10600879335613092
2021-10-18,361,352,713,257,282,539,200,244,444,254,280,534,225,271,496,173,233,406,175,239,414,108,143,251,40,60,100,5,8,13,1798,2112,3910,3907,405,0.10366009726132583
2021-10-19,396,374,770,266,278,544,169,215,384,216,265,481,169,265,434,136,182,318,135,158,293,96,111,207,29,44,73,6,18,24,1618,1910,3528,3527,390,0.11057555996597675
2021-10-20,401,367,768,278,310,588,203,258,461,230,323,553,212,269,481,168,198,366,116,190,306,94,137,231,27,45,72,5,9,14,1734,2106,3840,3839,470,0.12242771555092472
2021-10-21,426,397,823,284,320,604,185,236,421,249,362,611,204,299,503,150,264,414,133,198,331,93,139,232,27,59,86,3,20,23,1754,2294,4048,4047,440,0.10872251050160613
2021-10-22,392,419,811,348,387,735,165,264,429,260,335,595,228,353,581,176,254,430,146,228,374,100,129,229,36,63,99,7,15,22,1858,2447,4305,4304,445,0.10339219330855019
2021-10-23,237,222,459,200,185,385,100,157,257,175,202,377,164,229,393,128,171,299,110,148,258,69,83,152,17,34,51,6,12,18,1206,1443,2649,2649,357,0.1347678369195923
2021-10-24,276,239,515,156,132,288,89,148,237,161,217,378,151,205,356,132,166,298,95,121,216,56,85,141,25,19,44,2,7,9,1143,1339,2482,2482,290,0.1168412570507655
2021-10-25,512,519,1031,308,307,615,225,297,522,317,368,685,266,339,605,189,286,475,189,272,461,101,157,258,30,43,73,2,9,11,2139,2597,4736,4736,532,0.11233108108108109
2021-10-26,474,451,925,386,319,705,228,278,506,255,349,604,240,323,563,188,260,448,183,224,407,97,127,224,24,59,83,3,9,12,2078,2399,4477,4477,364,0.08130444494080857
2021-10-27,432,412,844,339,285,624,202,230,432,229,306,535,225,277,502,167,244,411,139,210,349,112,111,223,32,51,83,3,12,15,1880,2138,4018,4014,356,0.08868958644743398
2021-10-28,425,415,840,345,329,674,175,257,432,250,304,554,213,276,489,156,203,359,159,183,342,83,118,201,36,47,83,6,14,20,1848,2146,3994,3993,305,0.07638367142499373
2021-10-29,382,388,770,346,341,687,172,246,418,272,323,595,274,327,601,172,253,425,161,215,376,103,157,260,27,62,89,3,9,12,1912,2321,4233,4233,462,0.10914245216158752
2021-10-30,213,187,400,206,214,420,115,133,248,178,227,405,187,217,404,144,156,300,119,143,262,81,95,176,30,40,70,3,7,10,1276,1419,2695,2695,407,0.1510204081632653
2021-10-31,192,201,393,181,181,362,110,131,241,138,183,321,160,205,365,123,148,271,92,119,211,50,87,137,22,25,47,4,13,17,1072,1293,2365,2364,296,0.12521150592216582
2021-11-01,375,394,769,285,289,574,153,241,394,262,342,604,312,358,670,219,292,511,181,244,425,133,162,295,25,54,79,7,13,20,1952,2389,4341,4341,433,0.09974660216539968
2021-11-02,381,363,744,289,276,565,173,226,399,230,264,494,185,323,508,153,231,384,160,189,349,94,126,220,35,52,87,4,12,16,1704,2062,3766,3764,402,0.10680127523910733
2021-11-03,400,315,715,324,360,684,178,235,413,254,307,561,262,332,594,204,251,455,154,187,341,95,140,235,29,37,66,2,10,12,1902,2174,4076,4076,385,0.09445534838076546
2021-11-04,329,306,635,299,289,588,161,221,382,239,306,545,234,300,534,196,255,451,158,198,356,89,118,207,34,47,81,8,13,21,1747,2053,3800,3801,411,0.10812943962115233
2021-11-05,307,294,601,267,292,559,187,234,421,229,304,533,224,302,526,190,238,428,169,203,372,89,111,200,36,43,79,4,14,18,1702,2035,3737,3737,461,0.12336098474712336
2021-11-06,193,165,358,198,185,383,119,142,261,176,196,372,160,192,352,125,168,293,108,114,222,66,85,151,22,34,56,0,9,9,1167,1290,2457,2457,288,0.11721611721611722
2021-11-07,179,207,386,187,189,376,99,146,245,131,162,293,149,186,335,125,167,292,97,131,228,52,68,120,27,13,40,5,5,10,1051,1274,2325,2325,289,0.1243010752688172
2021-11-08,460,400,860,281,282,563,207,272,479,286,338,624,259,371,630,191,259,450,172,210,382,106,143,249,42,58,100,3,12,15,2007,2345,4352,4352,463,0.10638786764705882
2021-11-09,394,352,746,273,259,532,154,247,401,251,273,524,246,306,552,163,229,392,132,151,283,78,102,180,23,55,78,7,9,16,1721,1983,3704,3702,339,0.09157212317666126
2021-11-10,390,312,702,279,305,584,209,268,477,253,319,572,264,317,581,208,243,451,117,188,305,72,117,189,21,49,70,4,10,14,1817,2128,3945,3945,299,0.07579214195183777
2021-11-11,387,356,743,294,307,601,196,228,424,282,366,648,229,306,535,172,251,423,126,161,287,82,109,191,27,52,79,2,12,14,1797,2148,3945,3944,298,0.0755578093306288
2021-11-12,324,326,650,349,352,701,198,239,437,281,419,700,280,384,664,220,299,519,190,305,495,99,148,247,36,44,80,2,14,16,1979,2530,4509,4509,435,0.09647371922821024
2021-11-13,206,200,406,293,263,556,142,194,336,220,239,459,189,232,421,138,200,338,124,152,276,94,138,232,24,39,63,3,13,16,1433,1670,3103,3103,419,0.13503061553335483
2021-11-14,180,171,351,132,109,241,71,105,176,138,170,308,133,125,258,77,116,193,64,114,178,53,72,125,9,17,26,4,10,14,861,1009,1870,1870,297,0.1588235294117647
2021-11-15,382,364,746,294,269,563,172,235,407,269,321,590,221,332,553,183,271,454,178,229,407,115,170,285,36,56,92,4,12,16,1854,2259,4113,4111,396,0.09632692775480418
2021-11-16,356,358,714,281,228,509,176,255,431,228,355,583,264,305,569,204,249,453,159,219,378,91,133,224,28,34,62,4,9,13,1791,2145,3936,3936,420,0.10670731707317073
2021-11-17,377,345,722,267,215,482,191,234,425,260,395,655,261,372,633,216,286,502,155,239,394,119,142,261,33,39,72,6,9,15,1885,2276,4161,4161,369,0.08868060562364816
2021-11-18,385,319,704,337,297,634,210,272,482,272,370,642,257,332,589,180,299,479,181,193,374,84,103,187,32,48,80,9,12,21,1947,2245,4192,4192,411,0.09804389312977099
2021-11-19,282,292,574,345,346,691,177,233,410,233,363,596,275,328,603,199,279,478,166,172,338,83,143,226,26,37,63,3,10,13,1789,2203,3992,3991,335,0.0839388624404911
2021-11-20,193,174,367,226,268,494,117,173,290,163,205,368,150,201,351,130,160,290,124,120,244,77,89,166,21,32,53,2,6,8,1203,1428,2631,2631,375,0.14253135689851767
2021-11-21,147,140,287,199,190,389,75,74,149,132,150,282,131,150,281,104,115,219,84,141,225,41,84,125,21,26,47,3,4,7,937,1074,2011,2011,321,0.1596220785678767
2021-11-22,192,218,410,215,215,430,100,125,225,172,210,382,162,240,402,136,172,308,100,149,249,86,79,165,25,38,63,3,10,13,1191,1456,2647,2647,371,0.14015867019267095
2021-11-23,325,312,637,219,241,460,152,197,349,223,277,500,195,280,475,138,227,365,128,175,303,76,114,190,36,38,74,2,11,13,1494,1872,3366,3363,525,0.15611061552185548
2021-11-24,299,288,587,207,214,421,147,215,362,227,262,489,174,285,459,133,238,371,106,157,263,86,87,173,25,50,75,2,8,10,1406,1804,3210,3209,459,0.14303521346213774
2021-11-25,295,298,593,247,232,479,189,234,423,283,331,614,247,263,510,194,222,416,143,179,322,88,107,195,28,40,68,1,8,9,1715,1914,3629,3629,323,0.08900523560209424
2021-11-26,270,289,559,378,398,776,220,212,432,272,343,615,256,335,591,200,229,429,156,192,348,86,126,212,25,42,67,1,14,15,1864,2180,4044,4044,423,0.10459940652818991
2021-11-27,175,176,351,252,255,507,184,182,366,242,262,504,243,254,497,176,213,389,161,182,343,106,123,229,37,37,74,4,13,17,1580,1697,3277,3277,345,0.1052792187976808
2021-11-28,168,148,316,147,178,325,98,110,208,154,166,320,159,200,359,109,131,240,89,113,202,46,56,102,14,31,45,4,6,10,988,1139,2127,2127,250,0.11753643629525153
2021-11-29,272,282,554,373,352,725,215,262,477,276,334,610,285,343,628,188,264,452,180,235,415,127,155,282,36,55,91,3,11,14,1955,2293,4248,4248,408,0.096045197740113
2021-11-30,280,265,545,296,299,595,207,292,499,323,359,682,257,342,599,202,264,466,163,228,391,97,132,229,33,56,89,4,19,23,1862,2256,4118,4118,518,0.12578921806702284
2021-12-01,343,261,604,283,265,548,165,279,444,279,343,622,280,351,631,186,257,443,167,241,408,111,141,252,31,49,80,3,15,18,1848,2202,4050,4049,432,0.10669301061990615
2021-12-02,306,279,585,350,421,771,217,340,557,353,438,791,304,389,693,219,316,535,179,238,417,98,139,237,36,45,81,2,11,13,2064,2616,4680,4680,501,0.10705128205128205
2021-12-03,203,218,421,216,265,481,150,199,349,228,255,483,216,216,432,132,174,306,136,145,281,75,97,172,21,40,61,2,13,15,1379,1622,3001,2999,534,0.1780593531177059
2021-12-04,211,165,376,322,381,703,162,219,381,236,290,526,207,286,493,139,203,342,139,156,295,70,103,173,28,44,72,1,11,12,1515,1858,3373,3373,408,0.12096056922620813
2021-12-05,227,212,439,368,351,719,154,217,371,202,249,451,194,249,443,137,216,353,116,159,275,87,108,195,16,36,52,2,10,12,1503,1807,3310,3310,306,0.09244712990936556
2021-12-06,361,395,756,348,389,737,271,365,636,360,411,771,318,440,758,253,319,572,209,291,500,124,167,291,42,73,115,8,12,20,2294,2862,5156,5156,465,0.09018619084561676
2021-12-07,361,369,730,345,392,737,253,357,610,334,486,820,313,419,732,233,322,555,152,237,389,107,163,270,36,70,106,5,18,23,2139,2833,4972,4971,432,0.08690404345202173
2021-12-08,238,255,493,212,186,398,183,280,463,241,311,552,208,279,487,179,223,402,133,189,322,82,115,197,30,40,70,2,6,8,1508,1884,3392,3391,363,0.10704806841639634
2021-12-09,328,314,642,382,411,793,295,452,747,379,502,881,348,472,820,251,358,609,208,255,463,126,173,299,43,60,103,5,10,15,2365,3007,5372,5370,542,0.10093109869646183
2021-12-10,311,371,682,649,656,1305,326,466,792,447,560,1007,396,501,897,269,348,617,187,267,454,128,198,326,37,58,95,5,10,15,2755,3435,6190,6183,564,0.09121785540999515
2021-12-11,201,194,395,367,434,801,224,287,511,264,344,608,263,331,594,192,233,425,133,184,317,88,111,199,22,46,68,3,8,11,1757,2172,3929,3926,394,0.10035659704533877
2021-12-12,226,224,450,277,305,582,175,276,451,259,325,584,231,306,537,172,233,405,138,195,333,78,114,192,25,42,67,4,10,14,1585,2030,3615,3615,362,0.10013831258644537
2021-12-13,338,366,704,409,439,848,359,554,913,398,506,904,366,440,806,274,407,681,224,309,533,158,174,332,50,86,136,8,19,27,2584,3300,5884,5884,627,0.1065601631543168
2021-12-14,360,364,724,393,429,822,419,593,1012,483,677,1160,398,499,897,271,371,642,232,295,527,134,181,315,47,52,99,7,13,20,2744,3474,6218,6218,567,0.09118687680926343
2021-12-15,360,375,735,350,464,814,401,548,949,492,553,1045,382,505,887,281,376,657,194,256,450,126,135,261,49,74,123,8,20,28,2643,3306,5949,5948,598,0.10053799596503027
2021-12-16,442,436,878,522,571,1093,505,729,1234,578,768,1346,484,612,1096,326,446,772,238,307,545,111,170,281,39,74,113,3,10,13,3248,4123,7371,7368,617,0.08374049945711183
2021-12-17,411,406,817,575,683,1258,507,719,1226,589,699,1288,458,627,1085,345,465,810,223,336,559,150,186,336,41,58,99,3,12,15,3302,4191,7493,7490,892,0.11909212283044059
2021-12-18,252,241,493,361,407,768,310,456,766,430,508,938,301,414,715,257,316,573,176,220,396,93,155,248,22,50,72,2,8,10,2204,2775,4979,4979,630,0.12653143201446074
2021-12-19,237,267,504,284,339,623,248,359,607,348,462,810,305,357,662,249,292,541,189,200,389,103,119,222,27,33,60,3,5,8,1993,2433,4426,4426,588,0.13285133303208316
2021-12-20,430,470,900,503,515,1018,522,705,1227,622,744,1366,526,666,1192,372,516,888,262,379,641,173,226,399,49,88,137,8,12,20,3467,4321,7788,7785,884,0.11355170199100835
2021-12-21,380,406,786,499,508,1007,662,788,1450,733,910,1643,553,670,1223,387,502,889,242,322,564,121,164,285,38,70,108,1,11,12,3616,4351,7967,7963,884,0.11101343714680396
2021-12-22,521,417,938,539,677,1216,848,1150,1998,920,1220,2140,762,1006,1768,486,730,1216,354,448,802,183,254,437,37,90,127,7,21,28,4657,6013,10670,10661,1071,0.10045961917268549
2021-12-23,484,520,1004,667,739,1406,954,1154,2108,997,1259,2256,733,1023,1756,489,736,1225,366,489,855,159,270,429,47,98,145,2,21,23,4898,6309,11207,11194,1526,0.13632303019474717
2021-12-24,285,269,554,356,391,747,443,620,1063,503,603,1106,406,520,926,290,387,677,211,230,441,103,137,240,37,54,91,3,6,9,2637,3217,5854,5848,1224,0.20930232558139536
2021-12-25,144,133,277,154,184,338,136,182,318,189,219,408,173,214,387,141,175,316,95,130,225,51,92,143,17,30,47,1,8,9,1101,1367,2468,2453,836,0.34080717488789236
2021-12-26,318,332,650,473,529,1002,518,585,1103,590,695,1285,555,715,1270,438,578,1016,284,370,654,181,185,366,33,67,100,9,8,17,3399,4064,7463,7455,1165,0.15627095908786048
2021-12-27,457,451,908,706,765,1471,767,925,1692,917,1104,2021,782,1080,1862,601,864,1465,428,515,943,224,310,534,64,97,161,2,26,28,4948,6137,11085,11065,1312,0.11857207410754632
2021-12-28,453,423,876,790,868,1658,911,1120,2031,957,1172,2129,878,1135,2013,658,888,1546,446,567,1013,190,261,451,57,116,173,3,18,21,5343,6568,11911,11901,1151,0.09671456180152928
2021-12-29,496,424,920,867,882,1749,1048,1357,2405,1042,1314,2356,908,1245,2153,641,982,1623,457,572,1029,205,295,500,51,100,151,8,10,18,5723,7181,12904,12882,1254,0.09734513274336283
2021-12-30,641,590,1231,1041,1159,2200,1276,1432,2708,1152,1457,2609,997,1417,2414,753,1083,1836,516,740,1256,264,419,683,61,115,176,9,26,35,6710,8438,15148,15128,1240,0.08196721311475409
2021-12-31,235,239,474,468,483,951,556,676,1232,600,656,1256,486,649,1135,377,525,902,259,349,608,123,179,302,38,62,100,4,7,11,3146,3825,6971,6928,662,0.09555427251732102
2022-01-01,106,109,215,130,155,285,149,177,326,180,220,400,172,240,412,161,208,369,106,132,238,50,83,133,17,22,39,1,11,12,1072,1357,2429,2392,385,0.1609531772575251
2022-01-02,129,109,238,98,99,197,101,118,219,115,156,271,128,163,291,100,122,222,67,85,152,32,54,86,11,22,33,1,5,6,782,933,1715,1676,647,0.3860381861575179
2022-01-03,182,175,357,109,112,221,148,194,342,191,230,421,144,227,371,135,150,285,114,119,233,58,75,133,12,41,53,3,10,13,1096,1333,2429,2419,985,0.4071930549813973
2022-01-04,156,121,277,91,82,173,145,197,342,164,203,367,147,185,332,91,107,198,62,81,143,35,60,95,17,33,50,4,4,8,912,1073,1985,1973,970,0.49163710086163204
2022-01-05,123,109,232,103,117,220,158,213,371,204,238,442,164,194,358,100,162,262,94,108,202,57,67,124,15,28,43,3,10,13,1021,1246,2267,2258,1189,0.5265721877767936
2022-01-06,131,96,227,97,106,203,133,205,338,170,228,398,141,193,334,107,145,252,74,115,189,50,50,100,15,37,52,4,9,13,922,1184,2106,2093,1116,0.5332059245102724
2022-01-07,102,90,192,63,69,132,129,183,312,174,245,419,157,165,322,99,139,238,96,118,214,41,50,91,11,19,30,1,7,8,873,1085,1958,1940,1175,0.6056701030927835
2022-01-08,85,75,160,59,76,135,63,103,166,101,163,264,109,135,244,76,121,197,53,90,143,27,53,80,11,20,31,3,4,7,587,840,1427,1422,691,0.4859353023909986
2022-01-09,59,65,124,39,64,103,51,78,129,79,106,185,73,84,157,51,78,129,47,59,106,17,31,48,13,19,32,1,0,1,430,584,1014,999,571,0.5715715715715716
2022-01-10,108,98,206,65,79,144,106,145,251,126,184,310,120,151,271,81,108,189,71,103,174,51,64,115,14,55,69,1,23,24,743,1010,1753,1731,718,0.414789139225881
2022-01-11,101,118,219,61,80,141,112,165,277,163,218,381,129,171,300,80,133,213,73,92,165,36,67,103,23,31,54,1,11,12,779,1086,1865,1833,573,0.31260229132569556
2022-01-12,118,103,221,59,63,122,99,150,249,140,198,338,106,170,276,98,119,217,78,97,175,42,54,96,23,46,69,1,13,14,764,1013,1777,1757,505,0.28742174160500855
2022-01-13,77,83,160,67,44,111,94,150,244,126,196,322,108,132,240,75,129,204,60,81,141,26,49,75,17,41,58,6,15,21,656,920,1576,1573,495,0.3146853146853147
2022-01-14,112,101,213,73,115,188,93,145,238,147,212,359,114,186,300,93,116,209,61,97,158,55,47,102,16,45,61,4,11,15,768,1075,1843,1836,633,0.34477124183006536
2022-01-15,109,106,215,93,105,198,128,162,290,166,193,359,173,182,355,100,145,245,79,102,181,38,52,90,13,17,30,1,4,5,900,1068,1968,1962,534,0.27217125382262997
2022-01-16,77,51,128,47,30,77,42,56,98,65,76,141,62,76,138,35,61,96,23,44,67,17,19,36,4,17,21,1,5,6,373,435,808,804,411,0.5111940298507462
2022-01-17,95,94,189,53,50,103,83,116,199,116,160,276,92,148,240,69,104,173,78,93,171,34,55,89,12,44,56,1,19,20,633,883,1516,1505,656,0.43588039867109635
2022-01-18,118,96,214,67,94,161,106,164,270,151,229,380,130,187,317,97,126,223,95,118,213,56,77,133,24,65,89,4,17,21,848,1173,2021,2008,544,0.27091633466135456
2022-01-19,102,80,182,74,79,153,82,118,200,137,184,321,131,165,296,86,126,212,56,105,161,42,75,117,32,60,92,3,20,23,745,1012,1757,1745,477,0.273352435530086
2022-01-20,102,83,185,72,65,137,94,142,236,132,180,312,135,174,309,97,133,230,74,110,184,46,67,113,27,35,62,0,16,16,779,1005,1784,1760,399,0.22670454545454546
2022-01-21,79,84,163,43,70,113,74,91,165,118,165,283,95,154,249,67,97,164,65,93,158,36,57,93,16,32,48,2,12,14,595,855,1450,1432,581,0.4057262569832402
2022-01-22,65,82,147,45,42,87,33,65,98,73,85,158,53,86,139,47,63,110,29,54,83,26,36,62,16,15,31,2,3,5,389,531,920,913,307,0.3362541073384447
2022-01-23,82,102,184,80,82,162,62,87,149,93,128,221,87,130,217,77,102,179,39,66,105,21,39,60,15,21,36,0,5,5,556,762,1318,1307,260,0.19892884468247896
2022-01-24,138,150,288,148,195,343,214,273,487,258,367,625,282,349,631,167,261,428,141,215,356,83,117,200,22,48,70,2,6,8,1455,1981,3436,3420,582,0.17017543859649123
2022-01-25,155,112,267,162,157,319,180,224,404,218,272,490,232,301,533,158,236,394,144,179,323,75,120,195,28,58,86,6,15,21,1358,1674,3032,3016,407,0.13494694960212203
2022-01-26,141,139,280,149,184,333,185,246,431,215,316,531,247,265,512,161,252,413,141,202,343,68,108,176,27,41,68,2,8,10,1336,1761,3097,3087,662,0.21444768383543894
2022-01-27,117,105,222,111,113,224,96,154,250,154,224,378,158,193,351,100,158,258,87,125,212,47,85,132,26,34,60,5,13,18,901,1204,2105,2087,421,0.2017249640632487
2022-01-28,161,156,317,224,215,439,226,308,534,281,455,736,262,404,666,235,347,582,180,260,440,92,139,231,19,66,85,3,14,17,1683,2364,4047,4023,639,0.15883668903803133
2022-01-29,164,151,315,214,258,472,219,292,511,299,431,730,329,382,711,260,346,606,166,285,451,107,130,237,35,43,78,5,8,13,1798,2326,4124,4108,345,0.08398247322297955
2022-01-30,67,67,134,57,65,122,47,85,132,81,100,181,96,101,197,65,79,144,35,64,99,28,41,69,11,19,30,1,4,5,488,625,1113,1112,244,0.21942446043165467
2022-01-31,138,131,269,195,272,467,220,244,464,259,326,585,220,346,566,159,259,418,145,191,336,78,125,203,21,24,45,6,6,12,1441,1924,3365,3351,415,0.12384362876753208
2022-02-01,79,66,145,84,76,160,68,82,150,101,118,219,78,130,208,56,81,137,46,69,115,35,67,102,12,31,43,8,6,14,567,726,1293,1274,284,0.22291993720565148
2022-02-02,42,40,82,47,46,93,42,71,113,56,79,135,46,84,130,44,58,102,30,39,69,29,27,56,13,9,22,3,6,9,352,459,811,803,111,0.1382316313823163
2022-02-03,14,6,20,3,8,11,14,9,23,7,19,26,17,13,30,9,22,31,6,15,21,6,10,16,0,2,2,0,2,2,76,106,182,162,0,0.0
