FECHA,<=10M,<=10F,<=10,11-20M,11-20F,11-20,21-30M,21-30F,21-30,31-40M,31-40F,31-40,41-50M,41-50F,41-50,51-60M,51-60F,51-60,61-70M,61-70F,61-70,71-80M,71-80F,71-80,81-90M,81-90F,81-90,>=91M,>=91F,>=91,TotalM,TotalF,Total,DelayCount,CumDelay,DelayAvg
2020-03-15,1,0,1,1,0,1,0,2,2,2,1,3,1,1,2,1,0,1,1,0,1,1,1,2,0,0,0,0,0,0,8,5,13,13,41,3.1538461538461537
2020-03-16,1,3,4,1,1,2,1,3,4,1,1,2,0,0,0,3,1,4,2,2,4,0,0,0,0,0,0,0,0,0,9,11,20,20,66,3.3
2020-03-17,1,4,5,1,1,2,2,1,3,1,2,3,1,3,4,0,2,2,1,2,3,2,2,4,1,0,1,0,0,0,10,17,27,27,389,14.407407407407407
2020-03-18,3,1,4,1,0,1,1,0,1,2,1,3,1,3,4,1,1,2,0,2,2,1,0,1,1,0,1,0,0,0,11,8,19,19,36,1.894736842105263
2020-03-19,3,1,4,0,0,0,3,2,5,3,1,4,2,1,3,0,0,0,1,1,2,1,1,2,0,0,0,1,0,1,14,7,21,21,56,2.6666666666666665
2020-03-20,1,1,2,1,0,1,1,0,1,1,3,4,0,1,1,0,1,1,1,1,2,2,2,4,1,0,1,0,0,0,8,9,17,17,30,1.7647058823529411
2020-03-21,1,0,1,2,1,3,1,2,3,3,1,4,2,1,3,1,0,1,2,2,4,1,1,2,1,0,1,1,0,1,15,8,23,23,66,2.869565217391304
2020-03-22,3,1,4,0,0,0,4,1,5,0,0,0,0,0,0,3,1,4,0,1,1,2,0,2,3,2,5,0,1,1,15,7,22,22,51,2.3181818181818183
2020-03-23,4,1,5,1,2,3,2,2,4,3,1,4,2,2,4,2,2,4,2,1,3,4,3,7,3,3,6,0,2,2,23,19,42,42,75,1.7857142857142858
2020-03-24,2,1,3,0,0,0,2,2,4,2,1,3,0,2,2,2,2,4,0,1,1,2,0,2,2,1,3,1,0,1,13,10,23,23,35,1.5217391304347827
2020-03-25,1,4,5,0,0,0,2,3,5,2,6,8,1,1,2,1,3,4,3,1,4,1,2,3,2,5,7,2,0,2,15,25,40,40,96,2.4
2020-03-26,4,3,7,2,2,4,2,2,4,4,3,7,1,4,5,4,2,6,1,4,5,4,3,7,5,0,5,2,1,3,29,24,53,53,182,3.4339622641509435
2020-03-27,3,3,6,0,1,1,1,2,3,5,1,6,1,5,6,1,3,4,3,4,7,5,5,10,3,3,6,2,5,7,24,32,56,56,122,2.1785714285714284
2020-03-28,2,1,3,0,0,0,3,2,5,2,1,3,1,1,2,4,2,6,4,0,4,4,7,11,3,1,4,0,0,0,23,15,38,38,125,3.289473684210526
2020-03-29,2,0,2,2,1,3,2,3,5,2,2,4,2,3,5,1,0,1,5,3,8,4,2,6,4,1,5,2,1,3,26,16,42,42,97,2.3095238095238093
2020-03-30,3,2,5,0,0,0,1,6,7,7,2,9,4,4,8,3,1,4,7,1,8,3,5,8,4,1,5,3,2,5,35,24,59,59,113,1.9152542372881356
2020-03-31,8,3,11,1,0,1,7,2,9,9,4,13,5,4,9,3,1,4,6,3,9,4,3,7,2,3,5,4,0,4,49,23,72,72,149,2.0694444444444446
2020-04-01,11,10,21,1,2,3,5,4,9,9,2,11,12,5,17,4,7,11,4,3,7,6,4,10,5,5,10,0,1,1,57,43,100,100,214,2.14
2020-04-02,10,9,19,2,4,6,4,7,11,5,6,11,3,6,9,3,8,11,9,6,15,8,5,13,5,7,12,3,3,6,52,61,113,113,202,1.7876106194690264
2020-04-03,17,9,26,4,4,8,5,8,13,7,11,18,9,11,20,3,7,10,8,5,13,7,4,11,5,6,11,1,5,6,66,70,136,136,266,1.9558823529411764
2020-04-04,10,13,23,3,4,7,2,7,9,4,10,14,6,4,10,6,0,6,6,3,9,2,5,7,4,2,6,1,3,4,44,51,95,95,179,1.8842105263157896
2020-04-05,9,10,19,4,5,9,6,2,8,7,2,9,8,5,13,4,4,8,2,11,13,6,8,14,3,4,7,2,2,4,51,53,104,104,178,1.7115384615384615
2020-04-06,11,9,20,4,2,6,9,4,13,11,5,16,11,3,14,9,3,12,8,8,16,10,5,15,7,4,11,1,3,4,81,46,127,127,188,1.4803149606299213
2020-04-07,10,9,19,4,4,8,5,4,9,8,8,16,5,6,11,9,2,11,3,4,7,8,8,16,6,11,17,2,1,3,60,57,117,117,132,1.1282051282051282
2020-04-08,8,10,18,4,2,6,4,8,12,5,3,8,9,4,13,7,6,13,9,6,15,11,4,15,1,4,5,3,5,8,61,52,113,113,142,1.2566371681415929
2020-04-09,5,4,9,3,3,6,3,7,10,16,9,25,4,7,11,8,8,16,6,5,11,6,10,16,5,8,13,4,5,9,60,66,126,126,192,1.5238095238095237
2020-04-10,19,4,23,4,3,7,2,6,8,4,3,7,10,1,11,4,6,10,6,1,7,1,10,11,5,8,13,1,3,4,56,45,101,101,137,1.3564356435643565
2020-04-11,9,7,16,4,3,7,8,4,12,7,4,11,7,3,10,2,4,6,4,6,10,7,3,10,3,7,10,1,4,5,52,45,97,97,126,1.2989690721649485
2020-04-12,10,7,17,2,0,2,2,4,6,8,3,11,3,7,10,9,4,13,3,4,7,3,9,12,5,4,9,0,2,2,45,44,89,89,143,1.6067415730337078
2020-04-13,9,11,20,8,4,12,13,8,21,6,10,16,6,5,11,5,5,10,9,7,16,5,9,14,6,10,16,4,5,9,71,74,145,145,184,1.2689655172413794
2020-04-14,15,6,21,3,1,4,8,6,14,9,5,14,5,5,10,11,7,18,4,7,11,11,5,16,7,4,11,3,4,7,76,50,126,126,130,1.0317460317460319
2020-04-15,9,4,13,3,6,9,6,7,13,5,7,12,8,13,21,5,10,15,9,5,14,9,4,13,6,6,12,5,3,8,65,65,130,130,183,1.4076923076923078
2020-04-16,12,3,15,6,4,10,7,4,11,12,14,26,10,14,24,7,10,17,5,10,15,7,4,11,4,5,9,0,4,4,70,72,142,142,161,1.1338028169014085
2020-04-17,16,11,27,5,5,10,2,6,8,6,15,21,12,9,21,10,7,17,7,6,13,15,11,26,5,8,13,1,3,4,79,81,160,160,230,1.4375
2020-04-18,12,10,22,6,1,7,11,6,17,17,7,24,9,5,14,7,4,11,2,3,5,6,10,16,6,9,15,3,4,7,79,59,138,138,218,1.5797101449275361
2020-04-19,11,10,21,4,1,5,5,3,8,6,4,10,6,6,12,5,9,14,7,7,14,5,8,13,5,7,12,1,1,2,55,56,111,111,134,1.2072072072072073
2020-04-20,14,11,25,10,7,17,15,6,21,13,11,24,10,8,18,9,6,15,12,10,22,15,12,27,10,9,19,4,14,18,112,94,206,206,242,1.174757281553398
2020-04-21,13,9,22,5,6,11,12,6,18,9,15,24,4,4,8,7,8,15,9,8,17,14,11,25,7,10,17,2,10,12,82,87,169,169,204,1.2071005917159763
2020-04-22,14,11,25,4,7,11,7,9,16,12,3,15,13,8,21,7,8,15,8,5,13,7,13,20,8,12,20,7,6,13,87,82,169,169,256,1.514792899408284
2020-04-23,18,13,31,4,5,9,8,10,18,10,9,19,10,8,18,5,12,17,8,4,12,10,8,18,11,11,22,6,8,14,90,88,178,178,175,0.9831460674157303
2020-04-24,19,11,30,5,6,11,10,10,20,12,13,25,7,7,14,8,9,17,8,10,18,11,11,22,10,14,24,3,3,6,93,94,187,187,205,1.0962566844919786
2020-04-25,13,9,22,4,1,5,3,7,10,8,7,15,5,5,10,5,7,12,6,4,10,6,5,11,10,16,26,4,4,8,64,65,129,129,119,0.9224806201550387
2020-04-26,9,17,26,5,6,11,4,3,7,5,2,7,8,7,15,3,4,7,8,7,15,6,7,13,7,7,14,1,3,4,56,63,119,119,102,0.8571428571428571
2020-04-27,12,12,24,7,4,11,6,8,14,5,14,19,4,13,17,11,9,20,7,8,15,19,5,24,11,16,27,3,4,7,85,93,178,178,150,0.8426966292134831
2020-04-28,19,8,27,5,5,10,13,12,25,12,12,24,7,12,19,7,9,16,6,7,13,3,12,15,6,14,20,2,4,6,80,95,175,175,138,0.7885714285714286
2020-04-29,24,12,36,6,6,12,16,8,24,17,16,33,12,9,21,8,9,17,5,8,13,10,6,16,3,14,17,5,10,15,106,98,204,204,160,0.7843137254901961
2020-04-30,19,11,30,9,2,11,9,7,16,8,9,17,11,10,21,10,13,23,11,8,19,8,11,19,8,17,25,8,7,15,101,95,196,196,164,0.8367346938775511
2020-05-01,3,13,16,6,6,12,2,7,9,14,11,25,11,6,17,7,4,11,10,6,16,7,9,16,8,11,19,0,2,2,68,75,143,143,126,0.8811188811188811
2020-05-02,7,16,23,6,6,12,9,2,11,8,7,15,7,5,12,7,2,9,3,4,7,8,1,9,5,11,16,1,4,5,61,58,119,119,121,1.0168067226890756
2020-05-03,8,10,18,4,3,7,6,7,13,7,6,13,5,5,10,8,3,11,8,6,14,5,9,14,6,8,14,3,5,8,60,62,122,122,101,0.8278688524590164
2020-05-04,19,20,39,4,2,6,11,10,21,13,10,23,6,5,11,9,4,13,9,11,20,15,17,32,7,16,23,2,4,6,95,99,194,194,151,0.7783505154639175
2020-05-05,15,13,28,7,3,10,11,10,21,13,14,27,6,13,19,10,6,16,11,7,18,15,9,24,5,12,17,1,10,11,94,97,191,191,125,0.6544502617801047
2020-05-06,14,16,30,5,1,6,13,7,20,15,16,31,20,9,29,6,6,12,11,7,18,18,15,33,7,12,19,4,6,10,113,95,208,208,144,0.6923076923076923
2020-05-07,17,11,28,7,6,13,15,8,23,11,14,25,17,12,29,5,7,12,7,8,15,17,7,24,6,12,18,1,7,8,103,92,195,195,126,0.6461538461538462
2020-05-08,17,13,30,7,6,13,15,7,22,13,16,29,15,12,27,15,4,19,10,11,21,11,9,20,11,12,23,2,12,14,116,102,218,218,239,1.0963302752293578
2020-05-09,19,12,31,4,1,5,7,12,19,4,8,12,9,9,18,5,6,11,8,6,14,12,3,15,5,11,16,5,8,13,78,76,154,154,142,0.922077922077922
2020-05-10,9,9,18,2,3,5,8,10,18,6,6,12,5,7,12,4,6,10,9,6,15,8,13,21,5,12,17,1,5,6,57,77,134,133,115,0.8646616541353384
2020-05-11,18,19,37,5,5,10,9,11,20,14,13,27,14,12,26,9,6,15,10,7,17,13,8,21,13,18,31,4,15,19,109,114,223,223,155,0.695067264573991
2020-05-12,20,11,31,7,10,17,25,21,46,21,9,30,8,16,24,6,5,11,9,9,18,8,10,18,9,14,23,5,12,17,118,117,235,235,163,0.6936170212765957
2020-05-13,27,17,44,8,10,18,19,14,33,16,20,36,14,7,21,11,9,20,9,9,18,9,8,17,8,15,23,1,8,9,122,117,239,239,223,0.9330543933054394
2020-05-14,22,26,48,10,15,25,14,20,34,20,19,39,11,8,19,8,13,21,10,12,22,10,9,19,10,14,24,2,14,16,117,150,267,267,242,0.9063670411985019
2020-05-15,20,23,43,7,6,13,7,13,20,14,15,29,9,15,24,12,6,18,11,9,20,7,6,13,8,20,28,5,9,14,100,122,222,221,196,0.8868778280542986
2020-05-16,14,17,31,7,7,14,5,12,17,10,19,29,7,9,16,7,7,14,8,7,15,9,7,16,6,5,11,5,13,18,78,103,181,181,227,1.2541436464088398
2020-05-17,21,13,34,4,8,12,11,11,22,7,9,16,9,11,20,4,4,8,8,7,15,5,5,10,11,12,23,3,4,7,83,84,167,167,126,0.7544910179640718
2020-05-18,21,25,46,9,14,23,24,21,45,20,21,41,11,20,31,15,10,25,15,14,29,17,13,30,17,13,30,1,11,12,150,162,312,312,234,0.75
2020-05-19,19,19,38,16,14,30,29,26,55,34,24,58,26,16,42,17,13,30,16,12,28,10,19,29,12,22,34,3,9,12,182,174,356,356,248,0.6966292134831461
2020-05-20,29,40,69,14,16,30,28,23,51,42,17,59,17,16,33,12,12,24,16,16,32,13,11,24,12,16,28,6,5,11,189,172,361,361,233,0.6454293628808865
2020-05-21,35,34,69,19,13,32,29,25,54,26,32,58,16,21,37,18,12,30,14,6,20,14,7,21,7,16,23,1,4,5,179,170,349,349,184,0.5272206303724928
2020-05-22,34,18,52,13,17,30,32,31,63,22,26,48,20,15,35,12,10,22,7,10,17,10,11,21,8,17,25,6,12,18,164,167,331,331,158,0.4773413897280967
2020-05-23,20,19,39,15,17,32,24,22,46,28,17,45,8,17,25,9,8,17,12,11,23,8,13,21,9,6,15,2,2,4,135,132,267,267,162,0.6067415730337079
2020-05-24,17,20,37,11,8,19,13,12,25,14,15,29,11,5,16,7,4,11,11,9,20,11,9,20,5,12,17,2,6,8,102,100,202,202,143,0.7079207920792079
2020-05-25,27,25,52,19,23,42,23,27,50,16,20,36,18,12,30,5,8,13,8,8,16,11,6,17,10,15,25,2,9,11,139,153,292,292,163,0.5582191780821918
2020-05-26,36,35,71,22,23,45,38,34,72,46,37,83,19,29,48,11,20,31,10,6,16,15,6,21,9,13,22,3,10,13,209,213,422,422,304,0.7203791469194313
2020-05-27,45,36,81,12,17,29,23,33,56,25,22,47,17,13,30,19,15,34,10,8,18,7,14,21,4,14,18,4,2,6,166,174,340,340,259,0.7617647058823529
2020-05-28,29,43,72,19,12,31,28,36,64,28,22,50,25,22,47,17,21,38,9,13,22,10,9,19,14,17,31,4,13,17,183,208,391,391,286,0.731457800511509
2020-05-29,37,32,69,22,20,42,38,38,76,30,42,72,31,21,52,15,21,36,15,11,26,16,15,31,15,16,31,1,4,5,220,220,440,440,325,0.7386363636363636
2020-05-30,30,25,55,15,11,26,35,25,60,32,17,49,13,19,32,12,14,26,9,6,15,11,11,22,7,11,18,1,7,8,165,146,311,310,138,0.44516129032258067
2020-05-31,28,16,44,12,12,24,15,11,26,18,10,28,14,10,24,5,10,15,8,4,12,11,6,17,6,10,16,0,8,8,117,97,214,214,109,0.5093457943925234
2020-06-01,33,29,62,22,19,41,34,41,75,28,36,64,18,26,44,16,14,30,24,16,40,12,9,21,6,9,15,5,4,9,198,203,401,401,267,0.6658354114713217
2020-06-02,44,30,74,20,20,40,37,28,65,25,28,53,17,20,37,14,15,29,15,12,27,22,12,34,7,17,24,4,13,17,205,195,400,400,240,0.6
2020-06-03,39,23,62,15,29,44,30,26,56,28,38,66,18,24,42,10,12,22,16,15,31,18,12,30,10,16,26,2,9,11,186,204,390,390,211,0.541025641025641
2020-06-04,36,34,70,18,26,44,36,31,67,18,28,46,20,17,37,27,16,43,11,7,18,20,13,33,10,18,28,2,9,11,198,199,397,394,243,0.616751269035533
2020-06-05,44,40,84,16,20,36,34,28,62,32,36,68,28,29,57,24,24,48,17,15,32,16,13,29,11,19,30,4,9,13,226,233,459,459,394,0.8583877995642701
2020-06-06,28,23,51,17,12,29,20,20,40,29,26,55,13,17,30,12,10,22,11,12,23,13,8,21,12,17,29,1,9,10,156,154,310,305,233,0.7639344262295082
2020-06-07,24,24,48,16,11,27,20,20,40,18,15,33,19,8,27,11,8,19,9,4,13,8,7,15,11,11,22,2,8,10,138,116,254,251,140,0.5577689243027888
2020-06-08,30,35,65,22,21,43,39,28,67,42,37,79,35,24,59,17,19,36,15,13,28,15,15,30,12,16,28,4,7,11,231,215,446,444,288,0.6486486486486487
2020-06-09,55,35,90,24,23,47,21,41,62,30,33,63,28,22,50,17,7,24,12,9,21,10,14,24,13,26,39,3,12,15,213,222,435,433,353,0.815242494226328
2020-06-10,27,41,68,14,18,32,42,22,64,34,39,73,31,23,54,24,20,44,20,14,34,21,24,45,5,20,25,6,15,21,224,236,460,460,309,0.6717391304347826
2020-06-11,40,42,82,14,19,33,33,32,65,39,32,71,18,28,46,18,24,42,12,22,34,16,19,35,7,28,35,3,15,18,200,261,461,461,305,0.6616052060737527
2020-06-12,40,44,84,9,25,34,53,40,93,48,53,101,36,37,73,18,21,39,28,16,44,17,14,31,6,21,27,4,9,13,259,280,539,539,349,0.647495361781076
2020-06-13,36,29,65,23,20,43,37,37,74,37,32,69,10,27,37,20,17,37,11,7,18,12,8,20,9,17,26,2,6,8,197,200,397,397,286,0.7204030226700252
2020-06-14,21,30,51,20,17,37,26,22,48,19,17,36,19,12,31,12,17,29,11,6,17,3,13,16,14,21,35,0,8,8,145,163,308,308,206,0.6688311688311688
2020-06-15,38,32,70,26,19,45,31,31,62,25,27,52,19,19,38,15,12,27,13,5,18,13,10,23,6,16,22,2,10,12,188,181,369,369,218,0.5907859078590786
2020-06-16,52,60,112,23,20,43,63,50,113,46,38,84,37,24,61,23,18,41,14,13,27,16,7,23,13,24,37,3,13,16,290,267,557,557,346,0.6211849192100538
2020-06-17,42,45,87,23,28,51,56,39,95,43,50,93,38,29,67,25,15,40,16,15,31,9,19,28,18,17,35,1,8,9,271,265,536,536,427,0.7966417910447762
2020-06-18,52,45,97,21,17,38,62,48,110,51,57,108,44,23,67,34,23,57,19,19,38,14,14,28,14,25,39,2,11,13,313,282,595,595,511,0.8588235294117647
2020-06-19,56,34,90,15,29,44,41,41,82,66,47,113,37,43,80,41,26,67,29,19,48,19,19,38,18,19,37,7,14,21,329,291,620,620,656,1.0580645161290323
2020-06-20,32,37,69,20,20,40,33,27,60,37,31,68,24,32,56,17,21,38,16,14,30,11,8,19,6,16,22,4,4,8,200,210,410,410,237,0.5780487804878048
2020-06-21,34,21,55,18,17,35,28,32,60,24,33,57,18,9,27,14,10,24,10,10,20,11,7,18,6,9,15,1,7,8,164,155,319,319,144,0.45141065830721006
2020-06-22,49,45,94,31,28,59,39,48,87,51,31,82,34,37,71,26,30,56,17,20,37,18,15,33,6,22,28,2,12,14,273,288,561,561,371,0.661319073083779
2020-06-23,49,48,97,30,31,61,50,45,95,60,44,104,36,46,82,17,33,50,19,19,38,11,14,25,11,17,28,2,6,8,285,303,588,588,340,0.5782312925170068
2020-06-24,44,48,92,27,23,50,49,52,101,44,52,96,42,35,77,21,32,53,14,18,32,11,15,26,14,14,28,2,4,6,268,293,561,561,263,0.46880570409982175
2020-06-25,51,55,106,37,42,79,42,43,85,45,38,83,39,35,74,39,35,74,11,17,28,11,14,25,10,11,21,4,5,9,289,295,584,584,392,0.6712328767123288
2020-06-26,47,41,88,34,26,60,62,49,111,48,45,93,39,38,77,19,34,53,23,19,42,12,17,29,11,21,32,1,9,10,296,299,595,595,310,0.5210084033613446
2020-06-27,63,58,121,31,39,70,38,49,87,34,34,68,29,23,52,21,16,37,15,8,23,3,13,16,8,7,15,4,6,10,246,253,499,499,264,0.5290581162324649
2020-06-28,43,23,66,16,19,35,18,43,61,27,36,63,20,24,44,22,14,36,10,7,17,8,10,18,9,11,20,6,7,13,179,194,373,373,189,0.5067024128686327
2020-06-29,46,51,97,35,42,77,48,43,91,58,43,101,28,30,58,17,33,50,25,11,36,15,16,31,12,18,30,3,7,10,287,294,581,581,331,0.5697074010327022
2020-06-30,32,44,76,17,32,49,59,38,97,36,47,83,37,35,72,29,28,57,24,10,34,17,10,27,6,20,26,2,10,12,259,274,533,532,273,0.5131578947368421
2020-07-01,46,37,83,17,31,48,58,50,108,41,38,79,34,36,70,23,29,52,18,17,35,16,15,31,9,21,30,3,6,9,265,280,545,544,327,0.6011029411764706
2020-07-02,59,56,115,27,32,59,48,60,108,47,45,92,43,34,77,23,21,44,23,15,38,16,18,34,11,13,24,3,7,10,300,301,601,601,234,0.389351081530782
2020-07-03,56,40,96,32,23,55,46,40,86,60,57,117,25,35,60,28,22,50,20,15,35,12,15,27,11,17,28,3,4,7,293,268,561,561,296,0.5276292335115864
2020-07-04,37,39,76,22,24,46,35,44,79,31,30,61,30,24,54,24,16,40,13,12,25,11,16,27,5,11,16,3,7,10,211,223,434,434,185,0.42626728110599077
2020-07-05,27,37,64,21,15,36,34,36,70,29,40,69,16,28,44,17,20,37,22,16,38,16,15,31,8,16,24,4,7,11,194,230,424,424,200,0.4716981132075472
2020-07-06,34,37,71,23,21,44,48,48,96,57,37,94,40,40,80,35,29,64,26,28,54,18,26,44,10,25,35,3,8,11,294,299,593,593,203,0.342327150084317
2020-07-07,51,67,118,31,35,66,58,55,113,61,50,111,34,34,68,30,33,63,17,15,32,13,13,26,10,23,33,7,12,19,312,337,649,649,255,0.3929121725731895
2020-07-08,47,35,82,29,33,62,56,47,103,46,49,95,48,48,96,25,34,59,19,20,39,17,20,37,10,16,26,4,14,18,301,316,617,617,290,0.4700162074554295
2020-07-09,36,27,63,17,14,31,34,31,65,50,32,82,35,33,68,16,15,31,12,16,28,8,23,31,7,17,24,6,8,14,221,216,437,437,166,0.37986270022883295
2020-07-10,32,27,59,23,26,49,39,34,73,32,41,73,26,25,51,18,23,41,20,19,39,17,12,29,13,17,30,1,10,11,221,234,455,455,176,0.3868131868131868
2020-07-11,31,42,73,23,14,37,27,31,58,28,34,62,29,31,60,22,32,54,20,15,35,14,28,42,7,25,32,3,15,18,204,267,471,471,251,0.5329087048832272
2020-07-12,29,18,47,16,12,28,27,23,50,28,23,51,19,18,37,10,14,24,11,12,23,11,9,20,6,14,20,4,6,10,161,149,310,310,116,0.3741935483870968
2020-07-13,40,50,90,30,25,55,50,51,101,48,49,97,46,46,92,33,42,75,35,27,62,24,39,63,14,45,59,2,24,26,322,398,720,720,415,0.5763888888888888
2020-07-14,52,41,93,29,26,55,43,35,78,75,55,130,47,44,91,37,17,54,23,28,51,19,29,48,6,18,24,7,15,22,338,308,646,646,288,0.4458204334365325
2020-07-15,42,48,90,43,29,72,45,76,121,71,78,149,46,51,97,27,40,67,27,25,52,14,20,34,14,16,30,7,7,14,336,390,726,726,306,0.4214876033057851
2020-07-16,52,32,84,26,40,66,56,61,117,65,54,119,43,59,102,32,42,74,20,19,39,18,20,38,19,33,52,2,17,19,333,377,710,710,401,0.5647887323943662
2020-07-17,50,46,96,32,30,62,35,59,94,49,63,112,43,67,110,33,40,73,28,32,60,19,19,38,17,20,37,4,8,12,310,384,694,694,341,0.49135446685878964
2020-07-18,31,35,66,20,19,39,49,49,98,41,53,94,33,39,72,29,24,53,26,27,53,15,11,26,16,22,38,2,6,8,262,285,547,547,309,0.5648994515539305
2020-07-19,36,41,77,18,25,43,34,31,65,34,43,77,31,33,64,25,26,51,20,15,35,15,10,25,11,18,29,2,7,9,226,249,475,475,188,0.3957894736842105
2020-07-20,64,52,116,44,39,83,62,58,120,61,88,149,47,73,120,36,45,81,30,42,72,25,26,51,21,20,41,3,13,16,393,456,849,849,352,0.41460541813898705
2020-07-21,50,41,91,31,32,63,65,52,117,71,68,139,48,49,97,40,46,86,26,31,57,26,26,52,14,29,43,5,9,14,376,383,759,759,309,0.40711462450592883
2020-07-22,70,49,119,32,32,64,80,75,155,77,71,148,67,62,129,37,43,80,21,29,50,31,23,54,15,37,52,1,10,11,431,431,862,862,370,0.42923433874709976
2020-07-23,58,49,107,30,35,65,72,68,140,73,77,150,43,47,90,36,34,70,18,29,47,18,22,40,7,23,30,7,8,15,362,392,754,754,412,0.5464190981432361
2020-07-24,44,51,95,35,28,63,74,67,141,61,75,136,54,55,109,38,33,71,34,18,52,18,22,40,12,26,38,2,13,15,372,388,760,760,391,0.5144736842105263
2020-07-25,46,40,86,31,20,51,50,54,104,56,56,112,38,43,81,18,24,42,18,25,43,14,23,37,12,13,25,5,3,8,288,301,589,589,315,0.534804753820034
2020-07-26,39,35,74,16,21,37,31,26,57,30,40,70,33,19,52,20,21,41,12,13,25,15,13,28,9,23,32,5,7,12,210,218,428,428,213,0.4976635514018692
2020-07-27,41,44,85,37,28,65,55,58,113,68,67,135,56,59,115,34,49,83,28,36,64,18,22,40,18,21,39,5,22,27,360,406,766,766,347,0.45300261096605743
2020-07-28,53,54,107,31,31,62,77,86,163,69,68,137,54,55,109,50,48,98,38,32,70,19,33,52,11,26,37,5,21,26,407,454,861,861,346,0.40185830429732866
2020-07-29,58,52,110,31,34,65,77,67,144,69,73,142,70,63,133,41,47,88,34,39,73,25,23,48,20,37,57,8,25,33,433,460,893,893,365,0.4087346024636058
2020-07-30,63,47,110,43,52,95,99,73,172,81,72,153,65,56,121,48,45,93,30,32,62,18,21,39,10,19,29,2,8,10,459,425,884,884,396,0.4479638009049774
2020-07-31,47,61,108,26,31,57,59,77,136,91,95,186,63,55,118,41,48,89,28,33,61,20,30,50,11,31,42,6,16,22,392,477,869,869,430,0.4948216340621404
2020-08-01,41,38,79,21,33,54,39,54,93,42,55,97,34,46,80,32,32,64,24,12,36,20,18,38,13,24,37,0,13,13,266,325,591,591,313,0.5296108291032149
2020-08-02,45,35,80,22,26,48,36,36,72,48,44,92,30,46,76,18,29,47,11,16,27,8,17,25,12,16,28,2,7,9,232,272,504,504,232,0.4603174603174603
2020-08-03,55,61,116,35,41,76,66,77,143,71,60,131,45,60,105,38,44,82,31,27,58,14,23,37,14,31,45,4,14,18,373,438,811,811,413,0.5092478421701603
2020-08-04,67,50,117,42,44,86,84,56,140,84,73,157,68,61,129,47,40,87,34,28,62,18,25,43,18,33,51,5,15,20,467,425,892,892,383,0.42937219730941706
2020-08-05,58,57,115,44,32,76,76,70,146,68,77,145,49,61,110,48,52,100,31,34,65,28,25,53,15,23,38,4,11,15,421,442,863,863,579,0.6709154113557358
2020-08-06,57,48,105,33,45,78,76,75,151,75,86,161,61,69,130,39,45,84,33,26,59,21,24,45,16,29,45,5,13,18,416,460,876,875,504,0.576
2020-08-07,69,59,128,36,31,67,75,84,159,78,79,157,53,81,134,43,38,81,22,35,57,28,33,61,13,42,55,5,19,24,422,501,923,923,453,0.49079089924160346
2020-08-08,47,42,89,28,29,57,40,48,88,70,67,137,45,54,99,38,39,77,21,26,47,16,31,47,12,37,49,1,26,27,318,399,717,717,231,0.32217573221757323
2020-08-09,34,35,69,23,19,42,37,48,85,49,37,86,35,55,90,38,40,78,21,22,43,19,26,45,16,47,63,5,18,23,277,347,624,624,214,0.34294871794871795
2020-08-10,62,55,117,39,35,74,84,78,162,78,71,149,68,70,138,52,64,116,24,27,51,16,27,43,15,25,40,4,14,18,442,466,908,908,342,0.3766519823788546
2020-08-11,55,50,105,46,32,78,83,79,162,104,86,190,78,80,158,50,55,105,41,39,80,31,57,88,18,47,65,7,24,31,513,549,1062,1062,417,0.3926553672316384
2020-08-12,52,54,106,45,46,91,74,90,164,66,118,184,72,71,143,47,48,95,32,32,64,15,30,45,11,21,32,4,17,21,418,527,945,945,344,0.364021164021164
2020-08-13,43,49,92,48,43,91,99,91,190,99,115,214,68,76,144,53,58,111,27,38,65,29,24,53,13,24,37,5,15,20,484,533,1017,1017,382,0.37561455260570303
2020-08-14,38,44,82,32,36,68,97,101,198,86,106,192,77,60,137,50,61,111,36,36,72,25,34,59,13,22,35,3,13,16,457,513,970,970,391,0.40309278350515465
2020-08-15,55,35,90,44,38,82,48,68,116,61,81,142,45,69,114,31,41,72,29,32,61,22,41,63,16,51,67,4,21,25,355,477,832,832,331,0.39783653846153844
2020-08-16,38,28,66,20,20,40,52,51,103,45,54,99,21,43,64,27,31,58,14,25,39,17,18,35,13,33,46,3,20,23,250,323,573,572,233,0.40734265734265734
2020-08-17,40,22,62,33,26,59,63,60,123,69,74,143,60,65,125,46,57,103,20,41,61,20,17,37,12,24,36,0,13,13,363,399,762,762,310,0.4068241469816273
2020-08-18,57,52,109,39,35,74,78,74,152,102,93,195,66,73,139,35,70,105,32,37,69,22,29,51,10,21,31,0,16,16,441,500,941,941,343,0.3645058448459086
2020-08-19,57,50,107,37,43,80,56,91,147,76,79,155,55,68,123,44,43,87,24,32,56,18,41,59,17,39,56,6,20,26,390,506,896,896,288,0.32142857142857145
2020-08-20,44,48,92,32,35,67,75,85,160,68,86,154,48,59,107,41,50,91,30,37,67,19,22,41,17,25,42,3,12,15,377,459,836,836,335,0.4007177033492823
2020-08-21,42,58,100,39,31,70,64,75,139,80,88,168,70,62,132,45,62,107,37,40,77,26,42,68,13,40,53,5,11,16,421,509,930,930,402,0.432258064516129
2020-08-22,28,27,55,31,26,57,52,56,108,53,76,129,49,48,97,30,27,57,32,30,62,17,37,54,13,23,36,5,20,25,310,370,680,680,313,0.4602941176470588
2020-08-23,36,39,75,18,17,35,34,47,81,39,47,86,38,32,70,28,38,66,22,25,47,10,23,33,13,9,22,5,4,9,243,281,524,524,165,0.3148854961832061
2020-08-24,63,64,127,38,39,77,65,80,145,73,93,166,58,73,131,58,45,103,33,50,83,24,32,56,16,29,45,5,19,24,433,524,957,957,383,0.400208986415883
2020-08-25,46,51,97,41,34,75,75,110,185,87,97,184,65,67,132,38,59,97,31,38,69,20,23,43,16,34,50,6,18,24,425,531,956,956,381,0.3985355648535565
2020-08-26,61,38,99,41,44,85,104,86,190,90,90,180,53,80,133,50,57,107,34,37,71,27,32,59,18,34,52,3,16,19,481,514,995,995,379,0.38090452261306534
2020-08-27,59,51,110,55,57,112,95,79,174,91,95,186,76,79,155,55,58,113,28,40,68,30,26,56,21,38,59,4,24,28,514,547,1061,1061,395,0.37229029217719134
2020-08-28,48,49,97,52,42,94,105,111,216,85,101,186,71,98,169,60,78,138,33,46,79,37,40,77,15,31,46,3,10,13,509,606,1115,1115,497,0.44573991031390137
2020-08-29,40,30,70,22,24,46,71,73,144,62,90,152,64,58,122,40,40,80,36,24,60,21,22,43,10,28,38,4,16,20,370,405,775,775,417,0.5380645161290323
2020-08-30,32,44,76,33,25,58,52,54,106,61,48,109,49,54,103,36,32,68,22,27,49,15,21,36,7,13,20,3,7,10,310,325,635,635,203,0.31968503937007875
2020-08-31,54,39,93,46,38,84,90,79,169,79,89,168,63,78,141,46,51,97,35,43,78,30,39,69,21,40,61,2,13,15,466,509,975,975,562,0.5764102564102564
2020-09-01,56,50,106,34,49,83,88,90,178,101,104,205,79,67,146,44,72,116,27,29,56,19,28,47,16,48,64,7,16,23,471,553,1024,1023,418,0.40860215053763443
2020-09-02,46,36,82,28,33,61,70,87,157,78,95,173,57,63,120,50,52,102,24,32,56,34,29,63,14,32,46,3,27,30,404,486,890,890,465,0.5224719101123596
2020-09-03,53,48,101,50,40,90,91,106,197,111,109,220,70,73,143,57,51,108,35,40,75,27,30,57,19,37,56,4,12,16,517,546,1063,1063,430,0.4045155221072437
2020-09-04,51,61,112,39,42,81,81,93,174,96,98,194,71,88,159,42,60,102,41,50,91,30,30,60,18,29,47,4,15,19,473,566,1039,1039,459,0.44177093358999037
2020-09-05,36,30,66,20,20,40,66,62,128,68,87,155,53,83,136,30,38,68,33,34,67,22,24,46,15,24,39,2,8,10,345,410,755,755,432,0.5721854304635762
2020-09-06,36,34,70,22,23,45,38,56,94,47,44,91,37,42,79,21,36,57,20,25,45,9,28,37,13,17,30,1,9,10,244,314,558,558,238,0.4265232974910394
2020-09-07,44,45,89,38,40,78,87,90,177,101,100,201,63,87,150,51,74,125,43,41,84,25,26,51,16,33,49,5,15,20,473,551,1024,1024,433,0.4228515625
2020-09-08,45,50,95,40,42,82,77,91,168,102,102,204,70,76,146,56,57,113,33,47,80,32,34,66,18,28,46,5,21,26,478,548,1026,1026,452,0.4405458089668616
2020-09-09,53,46,99,36,55,91,90,87,177,88,89,177,73,74,147,59,61,120,35,51,86,23,31,54,17,37,54,1,20,21,475,551,1026,1026,526,0.5126705653021443
2020-09-10,43,31,74,48,37,85,107,98,205,108,123,231,88,88,176,56,55,111,30,42,72,28,33,61,10,30,40,2,19,21,520,556,1076,1076,551,0.5120817843866171
2020-09-11,51,44,95,54,38,92,90,72,162,92,102,194,71,84,155,57,80,137,48,40,88,28,32,60,19,33,52,3,8,11,513,533,1046,1046,544,0.5200764818355641
2020-09-12,39,26,65,27,29,56,46,58,104,50,70,120,35,55,90,37,49,86,32,31,63,21,24,45,13,32,45,2,14,16,302,388,690,690,353,0.5115942028985507
2020-09-13,40,35,75,21,26,47,48,60,108,50,69,119,32,42,74,37,32,69,35,28,63,17,11,28,3,16,19,5,9,14,288,328,616,616,248,0.4025974025974026
2020-09-14,58,55,113,44,41,85,88,112,200,94,92,186,58,79,137,67,70,137,45,55,100,31,33,64,22,24,46,1,9,10,508,570,1078,1078,455,0.42207792207792205
2020-09-15,63,35,98,33,25,58,80,67,147,83,112,195,61,61,122,40,51,91,44,42,86,27,39,66,16,33,49,1,12,13,448,477,925,925,470,0.5081081081081081
2020-09-16,64,59,123,57,54,111,96,116,212,85,116,201,76,84,160,52,62,114,41,50,91,26,24,50,16,30,46,3,12,15,516,607,1123,1123,412,0.3668744434550312
2020-09-17,48,41,89,32,50,82,89,84,173,78,95,173,80,103,183,63,66,129,48,49,97,33,29,62,18,24,42,3,10,13,492,551,1043,1043,518,0.4966442953020134
2020-09-18,60,57,117,33,51,84,86,103,189,89,119,208,65,83,148,52,64,116,34,50,84,36,30,66,12,25,37,4,14,18,471,596,1067,1067,456,0.42736644798500467
2020-09-19,24,45,69,25,36,61,48,48,96,59,64,123,34,32,66,30,35,65,35,33,68,18,21,39,15,20,35,5,8,13,293,342,635,635,303,0.47716535433070867
2020-09-20,35,38,73,32,35,67,47,44,91,55,40,95,34,41,75,19,36,55,17,24,41,20,20,40,6,17,23,3,7,10,268,302,570,570,163,0.28596491228070176
2020-09-21,59,45,104,37,53,90,80,80,160,86,96,182,64,78,142,48,50,98,43,51,94,31,32,63,14,20,34,1,11,12,463,516,979,979,433,0.44228804902962204
2020-09-22,66,59,125,50,54,104,88,101,189,86,90,176,81,70,151,58,64,122,49,36,85,32,37,69,14,36,50,3,14,17,527,561,1088,1088,390,0.3584558823529412
2020-09-23,58,49,107,42,38,80,67,94,161,77,103,180,57,65,122,50,56,106,44,45,89,21,43,64,9,24,33,3,9,12,428,526,954,954,364,0.38155136268343814
2020-09-24,66,54,120,54,54,108,96,79,175,89,101,190,70,73,143,41,49,90,26,60,86,23,31,54,23,33,56,7,22,29,495,556,1051,1051,396,0.37678401522359656
2020-09-25,58,43,101,44,37,81,75,91,166,81,83,164,73,76,149,45,48,93,47,49,96,26,30,56,19,27,46,0,11,11,468,495,963,963,447,0.46417445482866043
2020-09-26,29,30,59,31,27,58,45,42,87,63,52,115,40,43,83,30,46,76,30,24,54,21,14,35,8,15,23,4,8,12,301,301,602,602,249,0.41362126245847175
2020-09-27,35,38,73,21,28,49,44,56,100,47,54,101,46,45,91,29,32,61,23,24,47,7,18,25,9,14,23,2,6,8,263,315,578,578,182,0.314878892733564
2020-09-28,56,51,107,38,30,68,60,66,126,80,81,161,82,57,139,67,67,134,48,33,81,26,29,55,17,23,40,4,16,20,478,453,931,931,390,0.4189044038668099
2020-09-29,66,55,121,53,58,111,97,83,180,108,109,217,77,73,150,51,45,96,44,51,95,31,54,85,24,38,62,1,24,25,552,590,1142,1142,339,0.2968476357267951
2020-09-30,63,60,123,38,45,83,88,102,190,82,88,170,64,67,131,59,66,125,42,55,97,29,33,62,15,28,43,3,8,11,483,552,1035,1035,414,0.4
2020-10-01,60,78,138,43,66,109,97,112,209,99,107,206,67,72,139,47,58,105,44,50,94,32,47,79,10,17,27,3,11,14,502,618,1120,1120,473,0.42232142857142857
2020-10-02,82,62,144,48,50,98,79,93,172,79,97,176,60,80,140,53,46,99,46,46,92,31,44,75,12,38,50,5,14,19,495,570,1065,1065,553,0.5192488262910798
2020-10-03,37,39,76,28,44,72,62,57,119,59,60,119,44,50,94,44,31,75,29,34,63,23,21,44,9,25,34,4,5,9,339,366,705,705,321,0.4553191489361702
2020-10-04,42,39,81,28,27,55,59,64,123,47,51,98,42,44,86,27,29,56,24,20,44,17,18,35,10,24,34,1,3,4,297,319,616,616,263,0.42694805194805197
2020-10-05,38,51,89,41,33,74,82,77,159,109,104,213,87,75,162,61,61,122,68,48,116,35,51,86,20,30,50,3,7,10,544,537,1081,1081,494,0.4569842738205365
2020-10-06,50,67,117,46,48,94,75,79,154,89,91,180,86,64,150,62,60,122,44,50,94,33,39,72,19,29,48,6,9,15,510,536,1046,1046,369,0.3527724665391969
2020-10-07,69,43,112,33,38,71,86,89,175,99,103,202,76,84,160,50,76,126,48,47,95,28,40,68,16,25,41,3,7,10,508,552,1060,1060,368,0.3471698113207547
2020-10-08,64,45,109,42,39,81,69,92,161,76,99,175,73,68,141,52,57,109,45,43,88,37,36,73,11,30,41,4,19,23,473,528,1001,1001,416,0.4155844155844156
2020-10-09,51,66,117,53,47,100,59,98,157,89,110,199,60,80,140,42,67,109,36,45,81,30,37,67,10,23,33,4,16,20,434,589,1023,1023,507,0.49560117302052786
2020-10-10,26,44,70,32,24,56,58,57,115,58,55,113,49,53,102,38,47,85,29,33,62,13,26,39,16,22,38,6,10,16,325,371,696,696,395,0.5675287356321839
2020-10-11,45,37,82,27,23,50,32,61,93,46,75,121,40,41,81,38,34,72,35,24,59,16,23,39,11,18,29,1,6,7,291,342,633,633,355,0.5608214849921012
2020-10-12,42,36,78,42,31,73,51,64,115,64,66,130,39,52,91,34,53,87,45,39,84,21,31,52,14,23,37,0,9,9,352,404,756,756,332,0.43915343915343913
2020-10-13,64,65,129,48,34,82,88,90,178,85,105,190,67,76,143,67,68,135,47,48,95,34,49,83,19,38,57,4,13,17,523,586,1109,1109,511,0.46077547339945896
2020-10-14,52,54,106,40,48,88,80,94,174,81,83,164,54,67,121,44,53,97,50,38,88,33,45,78,17,28,45,1,15,16,452,525,977,977,459,0.46980552712384854
2020-10-15,58,52,110,42,40,82,88,93,181,100,81,181,87,84,171,63,59,122,52,54,106,26,33,59,15,29,44,6,10,16,537,535,1072,1072,409,0.38152985074626866
2020-10-16,74,50,124,52,56,108,116,126,242,106,93,199,78,96,174,61,71,132,49,57,106,31,48,79,23,44,67,2,26,28,592,667,1259,1259,511,0.40587768069896746
2020-10-17,39,40,79,36,33,69,67,60,127,70,78,148,52,55,107,36,39,75,36,37,73,33,24,57,11,25,36,3,7,10,383,398,781,781,351,0.4494238156209987
2020-10-18,37,33,70,25,18,43,29,37,66,51,72,123,27,36,63,43,19,62,21,21,42,14,19,33,8,16,24,1,5,6,256,276,532,532,325,0.6109022556390977
2020-10-19,90,64,154,52,55,107,92,109,201,108,134,242,88,126,214,66,75,141,62,56,118,38,57,95,15,34,49,1,10,11,612,720,1332,1332,693,0.5202702702702703
2020-10-20,70,70,140,64,50,114,111,103,214,96,104,200,92,112,204,65,67,132,58,48,106,32,46,78,24,36,60,0,15,15,612,651,1263,1263,911,0.721298495645289
2020-10-21,45,46,91,66,46,112,88,108,196,79,94,173,67,76,143,58,50,108,49,46,95,29,32,61,18,31,49,2,4,6,501,533,1034,1034,620,0.5996131528046421
2020-10-22,46,48,94,64,60,124,73,88,161,67,92,159,74,65,139,50,54,104,28,52,80,21,35,56,15,25,40,3,8,11,441,527,968,968,667,0.6890495867768595
2020-10-23,49,41,90,40,31,71,53,68,121,55,69,124,50,74,124,44,42,86,36,46,82,34,32,66,13,25,38,4,18,22,378,446,824,824,665,0.8070388349514563
2020-10-24,31,26,57,21,21,42,49,30,79,44,49,93,35,43,78,24,33,57,21,30,51,22,24,46,7,23,30,2,10,12,256,289,545,545,501,0.9192660550458716
2020-10-25,44,31,75,25,30,55,47,51,98,43,79,122,43,40,83,26,48,74,21,31,52,20,23,43,5,13,18,2,2,4,276,348,624,624,574,0.9198717948717948
2020-10-26,58,48,106,55,49,104,73,70,143,88,97,185,49,79,128,57,72,129,42,49,91,37,47,84,11,26,37,1,9,10,471,546,1017,1017,855,0.8407079646017699
2020-10-27,54,55,109,43,35,78,93,90,183,78,94,172,77,77,154,57,75,132,53,65,118,31,47,78,15,28,43,3,6,9,504,572,1076,1076,935,0.8689591078066915
2020-10-28,51,56,107,41,44,85,70,80,150,81,101,182,50,76,126,62,66,128,43,38,81,22,33,55,11,26,37,3,11,14,434,531,965,965,804,0.8331606217616581
2020-10-29,45,42,87,36,39,75,97,83,180,85,89,174,54,81,135,48,55,103,42,42,84,21,27,48,11,25,36,1,7,8,440,490,930,930,886,0.9526881720430107
2020-10-30,48,32,80,27,43,70,53,78,131,70,84,154,63,73,136,42,57,99,43,60,103,22,32,54,19,25,44,4,14,18,391,498,889,889,696,0.7829021372328459
2020-10-31,39,25,64,19,17,36,42,35,77,43,71,114,34,44,78,28,31,59,30,40,70,22,29,51,8,15,23,2,9,11,267,316,583,583,487,0.8353344768439108
2020-11-01,56,45,101,28,34,62,57,68,125,49,64,113,47,43,90,34,41,75,23,53,76,21,26,47,8,26,34,3,6,9,326,406,732,732,604,0.825136612021858
2020-11-02,48,58,106,43,46,89,76,84,160,88,81,169,73,78,151,47,52,99,45,52,97,34,38,72,14,18,32,1,10,11,469,517,986,986,804,0.8154158215010142
2020-11-03,35,42,77,25,37,62,57,83,140,74,73,147,58,45,103,41,42,83,38,34,72,35,35,70,16,31,47,1,10,11,380,432,812,812,626,0.770935960591133
2020-11-04,49,47,96,38,43,81,103,97,200,80,98,178,90,85,175,60,62,122,58,56,114,39,35,74,22,35,57,6,13,19,545,571,1116,1116,661,0.5922939068100358
2020-11-05,65,57,122,72,60,132,116,110,226,116,107,223,90,94,184,67,75,142,41,62,103,34,35,69,18,24,42,4,10,14,623,634,1257,1257,813,0.6467780429594272
2020-11-06,38,43,81,35,43,78,66,60,126,49,78,127,52,46,98,45,55,100,37,50,87,32,46,78,16,30,46,3,7,10,373,458,831,831,659,0.7930204572803851
2020-11-07,39,40,79,26,33,59,47,55,102,43,63,106,51,56,107,44,48,92,47,50,97,34,28,62,21,18,39,6,6,12,358,397,755,755,591,0.7827814569536424
2020-11-08,49,56,105,26,40,66,67,67,134,62,84,146,51,54,105,38,46,84,33,47,80,23,28,51,9,15,24,2,5,7,360,442,802,802,660,0.8229426433915212
2020-11-09,78,65,143,64,44,108,70,100,170,100,114,214,82,87,169,64,68,132,50,57,107,26,46,72,26,34,60,4,10,14,564,625,1189,1189,929,0.7813288477712363
2020-11-10,44,42,86,44,47,91,77,66,143,86,88,174,52,53,105,46,47,93,59,44,103,31,33,64,21,28,49,5,12,17,465,460,925,925,605,0.654054054054054
2020-11-11,64,50,114,40,45,85,92,104,196,85,91,176,79,79,158,76,65,141,40,41,81,33,37,70,20,36,56,5,18,23,534,566,1100,1100,724,0.6581818181818182
2020-11-12,66,59,125,38,39,77,90,90,180,118,104,222,88,85,173,62,61,123,50,64,114,34,49,83,20,37,57,3,11,14,569,599,1168,1168,729,0.6241438356164384
2020-11-13,58,40,98,48,46,94,95,107,202,72,98,170,70,77,147,51,57,108,58,62,120,40,46,86,19,40,59,5,13,18,516,586,1102,1102,695,0.6306715063520871
2020-11-14,65,59,124,31,30,61,48,62,110,69,68,137,48,57,105,44,42,86,44,28,72,28,41,69,12,20,32,4,3,7,393,410,803,803,595,0.7409713574097135
2020-11-15,61,61,122,49,29,78,61,74,135,77,65,142,58,58,116,51,50,101,50,44,94,27,36,63,10,24,34,0,11,11,444,452,896,896,685,0.7645089285714286
2020-11-16,61,59,120,64,49,113,63,63,126,82,102,184,76,68,144,40,60,100,45,43,88,34,45,79,18,25,43,3,14,17,486,528,1014,1014,639,0.6301775147928994
2020-11-17,61,68,129,55,49,104,94,115,209,110,115,225,80,94,174,58,72,130,67,77,144,44,53,97,18,41,59,5,15,20,592,699,1291,1291,915,0.7087529047250194
2020-11-18,58,54,112,70,45,115,92,100,192,107,122,229,61,78,139,55,64,119,48,48,96,46,43,89,13,42,55,2,6,8,552,602,1154,1154,799,0.6923743500866552
2020-11-19,68,56,124,63,52,115,93,124,217,89,114,203,72,90,162,62,63,125,41,56,97,38,33,71,22,37,59,3,7,10,551,632,1183,1183,820,0.6931530008453085
2020-11-20,61,51,112,40,53,93,89,93,182,89,98,187,71,92,163,49,62,111,49,42,91,31,33,64,19,31,50,4,12,16,502,567,1069,1069,761,0.7118802619270346
2020-11-21,50,51,101,29,42,71,56,65,121,70,63,133,53,55,108,42,48,90,38,41,79,23,22,45,10,19,29,3,11,14,374,417,791,791,661,0.8356510745891277
2020-11-22,45,36,81,29,32,61,59,48,107,51,64,115,51,46,97,32,34,66,28,43,71,23,18,41,13,22,35,2,9,11,333,352,685,685,528,0.7708029197080292
2020-11-23,57,53,110,39,44,83,57,82,139,79,65,144,55,73,128,42,49,91,36,45,81,30,31,61,19,30,49,5,12,17,419,484,903,903,742,0.8217054263565892
2020-11-24,54,67,121,52,51,103,83,106,189,106,92,198,78,71,149,63,67,130,53,64,117,41,45,86,26,34,60,1,8,9,557,605,1162,1162,907,0.7805507745266781
2020-11-25,64,59,123,54,53,107,94,109,203,93,102,195,70,75,145,57,50,107,52,46,98,24,45,69,19,33,52,6,10,16,533,582,1115,1115,756,0.6780269058295965
2020-11-26,62,63,125,61,59,120,85,101,186,101,124,225,67,82,149,58,59,117,56,52,108,38,48,86,12,28,40,9,10,19,549,626,1175,1175,843,0.7174468085106382
2020-11-27,50,49,99,43,37,80,85,112,197,72,88,160,58,45,103,55,54,109,44,37,81,28,35,63,14,36,50,4,4,8,453,497,950,950,696,0.7326315789473684
2020-11-28,65,38,103,39,30,69,62,72,134,50,81,131,47,64,111,52,45,97,23,29,52,24,33,57,15,25,40,1,7,8,378,424,802,802,553,0.6895261845386533
2020-11-29,57,45,102,31,36,67,72,81,153,64,94,158,70,54,124,40,46,86,49,55,104,23,35,58,15,17,32,1,4,5,422,467,889,889,667,0.750281214848144
2020-11-30,79,62,141,71,49,120,114,124,238,112,106,218,98,102,200,66,70,136,76,78,154,58,44,102,19,33,52,3,9,12,696,677,1373,1372,956,0.6967930029154519
2020-12-01,46,66,112,49,57,106,118,106,224,98,117,215,80,93,173,36,54,90,68,79,147,48,51,99,28,29,57,4,5,9,575,657,1232,1232,793,0.6436688311688312
2020-12-02,38,34,72,42,39,81,66,83,149,68,84,152,64,67,131,36,42,78,38,31,69,30,36,66,19,18,37,1,8,9,402,442,844,844,332,0.3933649289099526
2020-12-03,47,47,94,61,51,112,97,123,220,107,124,231,85,95,180,57,59,116,58,58,116,42,37,79,15,25,40,2,8,10,571,627,1198,1198,285,0.2378964941569282
2020-12-04,57,55,112,59,51,110,84,91,175,92,101,193,77,96,173,66,81,147,61,79,140,51,42,93,18,35,53,6,9,15,571,640,1211,1210,415,0.34297520661157027
2020-12-05,50,51,101,43,44,87,81,66,147,89,83,172,61,58,119,42,39,81,38,41,79,27,26,53,8,22,30,5,7,12,444,437,881,881,424,0.48127128263337116
2020-12-06,42,50,92,37,31,68,55,61,116,55,63,118,47,58,105,30,38,68,34,44,78,27,25,52,17,17,34,1,6,7,345,393,738,738,282,0.3821138211382114
2020-12-07,35,50,85,50,40,90,83,78,161,81,76,157,51,76,127,34,40,74,32,37,69,27,29,56,15,21,36,3,8,11,411,455,866,866,215,0.24826789838337182
2020-12-08,45,50,95,28,39,67,77,85,162,69,79,148,57,55,112,51,48,99,46,46,92,21,43,64,7,21,28,4,6,10,405,472,877,877,276,0.314709236031927
2020-12-09,62,54,116,46,59,105,114,137,251,100,117,217,93,95,188,75,88,163,83,74,157,41,59,100,20,39,59,2,17,19,636,739,1375,1375,496,0.36072727272727273
2020-12-10,68,49,117,66,83,149,129,143,272,125,157,282,90,112,202,83,96,179,74,73,147,41,44,85,20,49,69,5,10,15,701,816,1517,1517,339,0.22346736980883322
2020-12-11,62,67,129,65,63,128,147,161,308,156,174,330,115,117,232,86,111,197,81,93,174,55,63,118,20,32,52,2,8,10,789,889,1678,1678,323,0.19249106078665076
2020-12-12,60,53,113,54,59,113,122,140,262,121,153,274,117,124,241,88,94,182,59,92,151,35,45,80,13,26,39,2,10,12,671,796,1467,1467,411,0.28016359918200406
2020-12-13,61,39,100,53,58,111,90,118,208,123,131,254,95,96,191,75,93,168,60,55,115,32,32,64,16,20,36,6,4,10,611,646,1257,1257,259,0.2060461416070008
2020-12-14,80,59,139,73,70,143,141,153,294,158,164,322,113,129,242,95,102,197,90,94,184,56,63,119,24,33,57,10,13,23,840,880,1720,1720,492,0.28604651162790695
2020-12-15,60,61,121,63,68,131,120,144,264,149,151,300,112,100,212,89,114,203,88,85,173,43,46,89,12,26,38,3,10,13,739,805,1544,1544,394,0.2551813471502591
2020-12-16,45,59,104,84,96,180,160,184,344,184,204,388,146,149,295,109,115,224,86,95,181,53,62,115,23,25,48,4,10,14,894,999,1893,1893,468,0.24722662440570523
2020-12-17,77,74,151,88,93,181,152,227,379,208,242,450,165,174,339,141,118,259,70,89,159,52,46,98,12,24,36,2,8,10,967,1095,2062,2062,480,0.23278370514064015
2020-12-18,88,65,153,96,109,205,202,240,442,226,257,483,182,192,374,146,150,296,150,132,282,75,78,153,17,46,63,3,7,10,1185,1276,2461,2461,661,0.26859000406338884
2020-12-19,67,59,126,89,77,166,143,199,342,238,262,500,150,172,322,117,118,235,95,122,217,51,67,118,14,29,43,3,7,10,967,1112,2079,2079,588,0.2828282828282828
2020-12-20,58,73,131,91,105,196,188,187,375,243,258,501,182,190,372,145,168,313,95,103,198,58,54,112,13,16,29,4,8,12,1077,1162,2239,2239,301,0.13443501563197857
2020-12-21,85,86,171,89,100,189,229,241,470,277,322,599,206,208,414,148,178,326,152,134,286,71,78,149,13,50,63,5,12,17,1275,1409,2684,2684,525,0.19560357675111772
2020-12-22,95,96,191,138,149,287,273,319,592,312,370,682,234,242,476,170,180,350,136,153,289,76,65,141,18,33,51,4,7,11,1456,1614,3070,3070,678,0.22084690553745928
2020-12-23,111,94,205,163,160,323,313,341,654,367,379,746,258,291,549,174,177,351,128,158,286,61,73,134,27,42,69,7,14,21,1609,1729,3338,3338,849,0.2543439185140803
2020-12-24,56,55,111,89,99,188,194,188,382,239,232,471,166,155,321,87,111,198,81,98,179,55,43,98,5,23,28,2,6,8,974,1010,1984,1984,683,0.3442540322580645
2020-12-25,37,24,61,37,36,73,65,57,122,67,87,154,58,42,100,46,46,92,24,26,50,22,13,35,5,19,24,5,5,10,366,355,721,721,468,0.6490984743411928
2020-12-26,93,74,167,182,226,408,285,350,635,388,391,779,260,324,584,223,229,452,140,156,296,83,86,169,20,35,55,1,13,14,1675,1884,3559,3559,923,0.2593425119415566
2020-12-27,58,52,110,283,283,566,377,405,782,506,539,1045,396,438,834,283,325,608,202,194,396,83,98,181,26,40,66,3,11,14,2217,2385,4602,4602,489,0.10625814863102999
2020-12-28,135,108,243,323,370,693,529,670,1199,714,804,1518,559,592,1151,350,433,783,231,293,524,107,126,233,38,53,91,3,20,23,2989,3469,6458,6458,963,0.14911737379993806
2020-12-29,102,94,196,290,351,641,526,606,1132,607,649,1256,502,532,1034,304,356,660,228,261,489,103,120,223,35,69,104,7,18,25,2704,3056,5760,5760,903,0.15677083333333333
2020-12-30,106,87,193,357,404,761,571,615,1186,669,687,1356,476,573,1049,341,439,780,244,253,497,107,120,227,34,61,95,3,17,20,2908,3256,6164,6163,1292,0.20963816323219212
2020-12-31,75,72,147,247,262,509,392,401,793,419,488,907,344,393,737,235,221,456,113,127,240,58,72,130,20,32,52,1,8,9,1904,2076,3980,3980,788,0.19798994974874373
2021-01-01,33,25,58,52,59,111,79,109,188,97,114,211,73,85,158,58,70,128,33,32,65,22,25,47,7,16,23,1,4,5,455,539,994,994,439,0.4416498993963783
2021-01-02,82,67,149,211,257,468,349,414,763,435,484,919,328,391,719,237,287,524,223,224,447,86,105,191,20,37,57,6,8,14,1977,2274,4251,4251,754,0.17737003058103976
2021-01-03,60,69,129,320,312,632,550,665,1215,725,787,1512,528,606,1134,339,438,777,246,282,528,97,131,228,30,45,75,3,11,14,2898,3346,6244,6244,699,0.11194746957078795
2021-01-04,92,91,183,298,305,603,738,880,1618,821,901,1722,574,645,1219,374,463,837,264,286,550,135,134,269,40,80,120,6,13,19,3342,3798,7140,7140,935,0.13095238095238096
2021-01-05,97,102,199,350,355,705,774,923,1697,810,916,1726,587,662,1249,404,450,854,287,373,660,133,163,296,44,76,120,7,13,20,3493,4033,7526,7525,926,0.12305647840531561
2021-01-06,101,87,188,380,378,758,767,830,1597,785,846,1631,625,634,1259,445,488,933,309,338,647,133,170,303,36,76,112,4,20,24,3585,3867,7452,7451,980,0.13152596966850089
2021-01-07,93,83,176,280,324,604,576,705,1281,612,697,1309,465,492,957,311,385,696,241,291,532,107,145,252,37,63,100,4,14,18,2726,3199,5925,5925,968,0.16337552742616035
2021-01-08,102,96,198,308,327,635,592,665,1257,535,694,1229,397,560,957,312,368,680,186,236,422,106,132,238,40,45,85,6,10,16,2584,3133,5717,5716,1130,0.19769069279216236
2021-01-09,69,75,144,264,315,579,487,606,1093,586,713,1299,425,516,941,301,375,676,172,257,429,85,107,192,28,53,81,0,14,14,2417,3031,5448,5446,874,0.16048475945648183
2021-01-10,77,79,156,317,360,677,502,623,1125,555,671,1226,433,513,946,286,342,628,180,196,376,64,102,166,18,47,65,4,26,30,2436,2959,5395,5395,601,0.11139944392956441
2021-01-11,99,71,170,341,391,732,676,830,1506,737,847,1584,476,598,1074,343,425,768,220,262,482,100,112,212,32,64,96,5,24,29,3029,3624,6653,6653,891,0.1339245453179017
2021-01-12,115,73,188,304,350,654,541,694,1235,509,663,1172,424,493,917,311,426,737,226,211,437,88,107,195,37,43,80,5,11,16,2560,3071,5631,5630,775,0.13765541740674955
2021-01-13,132,112,244,332,409,741,642,769,1411,599,713,1312,500,557,1057,336,422,758,261,298,559,99,120,219,24,58,82,6,6,12,2931,3464,6395,6395,848,0.13260359655981235
2021-01-14,102,108,210,357,430,787,563,732,1295,596,710,1306,435,550,985,356,428,784,224,254,478,89,111,200,23,49,72,4,14,18,2749,3386,6135,6134,934,0.15226605803716986
2021-01-15,122,97,219,558,617,1175,684,891,1575,911,1018,1929,675,819,1494,512,609,1121,265,319,584,108,146,254,29,54,83,5,9,14,3869,4579,8448,8448,982,0.1162405303030303
2021-01-16,67,53,120,656,660,1316,620,802,1422,791,959,1750,761,873,1634,506,529,1035,289,335,624,146,133,279,27,44,71,2,9,11,3865,4397,8262,8262,751,0.09089808763011377
2021-01-17,72,48,120,532,610,1142,624,835,1459,764,888,1652,745,865,1610,481,511,992,235,250,485,95,109,204,20,33,53,2,5,7,3570,4154,7724,7724,568,0.0735370274469187
2021-01-18,100,99,199,631,663,1294,796,964,1760,923,1048,1971,860,932,1792,601,645,1246,361,402,763,150,160,310,42,78,120,5,25,30,4469,5016,9485,9484,783,0.08256010122311261
2021-01-19,110,94,204,604,634,1238,742,898,1640,909,991,1900,799,897,1696,555,644,1199,369,398,767,145,182,327,30,67,97,7,14,21,4270,4819,9089,9089,647,0.07118494883925625
2021-01-20,109,94,203,555,592,1147,671,791,1462,808,878,1686,713,766,1479,530,609,1139,375,390,765,176,188,364,35,59,94,7,17,24,3979,4384,8363,8363,634,0.07581011598708598
2021-01-21,120,88,208,396,492,888,642,692,1334,613,730,1343,505,655,1160,364,522,886,274,272,546,110,127,237,43,65,108,8,25,33,3075,3668,6743,6743,775,0.11493400563547382
2021-01-22,91,92,183,454,455,909,498,642,1140,520,657,1177,507,608,1115,353,411,764,245,277,522,106,128,234,26,52,78,7,6,13,2807,3328,6135,6135,728,0.11866340668296659
2021-01-23,53,51,104,469,497,966,542,682,1224,564,657,1221,501,548,1049,382,458,840,178,223,401,58,78,136,21,40,61,2,6,8,2770,3240,6010,6010,502,0.08352745424292846
2021-01-24,68,56,124,575,593,1168,603,683,1286,590,728,1318,641,685,1326,440,470,910,221,229,450,85,109,194,30,39,69,2,6,8,3255,3598,6853,6853,435,0.06347584999270392
2021-01-25,92,107,199,687,670,1357,832,926,1758,802,925,1727,718,835,1553,472,583,1055,286,311,597,143,156,299,43,74,117,9,21,30,4084,4608,8692,8692,583,0.06707317073170732
2021-01-26,124,95,219,573,590,1163,669,730,1399,653,712,1365,610,677,1287,447,521,968,272,331,603,133,151,284,37,71,108,4,16,20,3522,3894,7416,7416,650,0.08764832793959007
2021-01-27,119,101,220,481,497,978,578,705,1283,610,739,1349,529,655,1184,403,479,882,244,266,510,100,115,215,37,62,99,2,21,23,3103,3640,6743,6743,547,0.0811211626872312
2021-01-28,93,87,180,423,456,879,501,607,1108,523,613,1136,429,538,967,336,397,733,238,263,501,121,135,256,36,54,90,5,17,22,2705,3167,5872,5872,699,0.11903950953678474
2021-01-29,77,103,180,609,602,1211,649,765,1414,732,856,1588,649,779,1428,516,567,1083,302,337,639,120,168,288,27,67,94,4,10,14,3685,4254,7939,7938,910,0.1146384479717813
2021-01-30,68,55,123,811,854,1665,596,776,1372,798,942,1740,862,1027,1889,589,643,1232,304,384,688,127,162,289,32,51,83,2,10,12,4189,4904,9093,9093,612,0.0673045199604091
2021-01-31,61,64,125,1222,1302,2524,817,955,1772,976,1219,2195,1258,1482,2740,794,881,1675,347,379,726,126,153,279,29,54,83,2,15,17,5632,6504,12136,12136,360,0.02966381015161503
2021-02-01,94,80,174,1013,1147,2160,716,965,1681,967,1154,2121,1095,1332,2427,782,831,1613,405,476,881,140,209,349,46,54,100,2,11,13,5260,6259,11519,11519,667,0.057904331973261565
2021-02-02,92,87,179,823,946,1769,690,838,1528,930,1096,2026,1050,1225,2275,708,802,1510,447,457,904,220,244,464,50,76,126,4,13,17,5014,5784,10798,10798,559,0.05176884608260789
2021-02-03,69,95,164,680,661,1341,627,767,1394,767,919,1686,779,899,1678,539,684,1223,398,412,810,182,216,398,45,78,123,6,15,21,4092,4746,8838,8838,572,0.06472052500565739
2021-02-04,76,79,155,398,413,811,477,616,1093,550,651,1201,468,678,1146,397,485,882,238,304,542,121,158,279,29,47,76,5,20,25,2759,3451,6210,6210,567,0.09130434782608696
2021-02-05,84,80,164,359,376,735,450,569,1019,482,609,1091,448,520,968,343,402,745,238,280,518,114,141,255,17,54,71,1,10,11,2536,3041,5577,5577,763,0.13681190604267526
2021-02-06,57,49,106,384,467,851,417,534,951,495,673,1168,474,594,1068,385,457,842,213,233,446,93,120,213,25,48,73,1,7,8,2544,3182,5726,5726,537,0.09378274537198743
2021-02-07,57,64,121,430,460,890,416,549,965,530,660,1190,496,643,1139,371,447,818,187,204,391,90,105,195,20,31,51,7,5,12,2604,3168,5772,5772,327,0.056652806652806656
2021-02-08,101,85,186,577,702,1279,642,772,1414,778,1015,1793,791,995,1786,450,604,1054,286,341,627,130,148,278,34,73,107,4,21,25,3793,4756,8549,8549,691,0.08082816703708036
2021-02-09,98,67,165,496,552,1048,553,687,1240,743,872,1615,657,840,1497,470,596,1066,319,344,663,147,165,312,39,65,104,5,17,22,3527,4205,7732,7732,529,0.06841696844283497
2021-02-10,84,66,150,380,388,768,442,594,1036,605,750,1355,579,729,1308,352,475,827,243,292,535,131,141,272,34,53,87,0,12,12,2850,3500,6350,6350,449,0.07070866141732284
2021-02-11,78,62,140,315,393,708,406,566,972,592,703,1295,516,693,1209,299,485,784,241,268,509,108,134,242,33,55,88,4,11,15,2592,3370,5962,5962,419,0.07027843005702784
2021-02-12,84,74,158,370,426,796,420,507,927,590,739,1329,542,714,1256,343,485,828,221,290,511,112,143,255,35,57,92,3,15,18,2720,3450,6170,6170,676,0.10956239870340356
2021-02-13,57,43,100,479,555,1034,426,517,943,674,851,1525,636,904,1540,399,489,888,226,265,491,80,111,191,25,40,65,5,11,16,3007,3786,6793,6793,512,0.07537170616811424
2021-02-14,49,41,90,504,560,1064,343,519,862,665,871,1536,756,901,1657,399,521,920,245,275,520,108,132,240,18,28,46,3,13,16,3090,3861,6951,6950,345,0.04964028776978417
2021-02-15,41,63,104,629,686,1315,535,692,1227,821,1052,1873,925,1078,2003,541,623,1164,255,307,562,99,142,241,25,67,92,2,13,15,3873,4723,8596,8595,462,0.0537521815008726
2021-02-16,57,41,98,662,634,1296,681,985,1666,1013,1184,2197,928,1130,2058,501,559,1060,258,259,517,95,143,238,20,39,59,8,5,13,4223,4979,9202,9202,557,0.06053031949576179
2021-02-17,84,93,177,463,518,981,862,1064,1926,829,994,1823,685,775,1460,442,543,985,338,387,725,138,176,314,30,72,102,7,20,27,3878,4642,8520,8520,508,0.05962441314553991
2021-02-18,76,71,147,375,432,807,657,857,1514,762,899,1661,595,742,1337,449,489,938,284,342,626,153,172,325,36,59,95,4,14,18,3391,4077,7468,7468,559,0.07485270487412962
2021-02-19,93,67,160,340,469,809,595,731,1326,678,869,1547,565,724,1289,407,520,927,272,328,600,133,176,309,35,53,88,4,13,17,3122,3950,7072,7072,633,0.0895079185520362
2021-02-20,70,53,123,306,391,697,506,635,1141,553,783,1336,506,643,1149,357,500,857,206,295,501,91,113,204,25,40,65,4,5,9,2624,3458,6082,6082,489,0.08040118382111147
2021-02-21,80,50,130,301,394,695,477,668,1145,606,747,1353,511,640,1151,330,423,753,235,274,509,87,123,210,26,34,60,5,11,16,2658,3364,6022,6022,398,0.06609099966788443
2021-02-22,107,114,221,317,428,745,580,790,1370,683,863,1546,551,693,1244,396,482,878,272,330,602,129,139,268,47,50,97,3,10,13,3085,3899,6984,6984,541,0.07746277205040092
2021-02-23,110,89,199,289,319,608,524,645,1169,558,734,1292,460,580,1040,357,465,822,274,313,587,121,158,279,35,61,96,9,18,27,2737,3382,6119,6119,491,0.08024186958653375
2021-02-24,88,116,204,279,326,605,415,506,921,507,595,1102,372,496,868,309,379,688,234,270,504,117,134,251,30,46,76,3,11,14,2354,2879,5233,5233,443,0.08465507357156507
2021-02-25,128,118,246,209,255,464,421,478,899,436,488,924,345,422,767,271,340,611,191,244,435,94,128,222,28,48,76,4,14,18,2127,2535,4662,4661,409,0.08774940999785454
2021-02-26,103,106,209,198,258,456,396,524,920,487,531,1018,338,462,800,290,355,645,218,306,524,107,133,240,28,48,76,2,19,21,2167,2742,4909,4909,427,0.08698309227948665
2021-02-27,71,70,141,234,326,560,401,547,948,539,618,1157,359,466,825,342,421,763,265,320,585,107,138,245,28,54,82,2,8,10,2348,2968,5316,5316,481,0.09048156508653123
2021-02-28,82,76,158,342,398,740,475,617,1092,685,842,1527,535,674,1209,454,569,1023,337,382,719,156,180,336,32,50,82,3,8,11,3101,3796,6897,6897,400,0.05799623024503407
2021-03-01,158,131,289,230,283,513,418,477,895,490,527,1017,352,438,790,257,347,604,227,263,490,93,147,240,26,62,88,6,20,26,2257,2695,4952,4952,583,0.11773021001615509
2021-03-02,172,148,320,247,283,530,402,462,864,413,515,928,357,404,761,250,364,614,170,248,418,96,93,189,39,56,95,3,8,11,2149,2581,4730,4730,411,0.086892177589852
2021-03-03,159,126,285,185,244,429,301,438,739,380,442,822,286,352,638,254,333,587,240,282,522,108,134,242,26,43,69,1,12,13,1940,2406,4346,4346,518,0.11919005982512655
2021-03-04,141,131,272,185,226,411,289,354,643,353,419,772,261,326,587,210,320,530,201,295,496,110,149,259,28,47,75,6,20,26,1784,2287,4071,4071,509,0.1250307049864898
2021-03-05,138,128,266,208,219,427,315,435,750,383,441,824,256,327,583,247,315,562,220,236,456,103,125,228,27,47,74,0,9,9,1897,2282,4179,4178,498,0.11919578745811393
2021-03-06,92,84,176,127,162,289,277,328,605,331,380,711,232,284,516,172,239,411,132,166,298,69,95,164,24,31,55,2,8,10,1458,1777,3235,3235,401,0.12395672333848531
2021-03-07,96,89,185,156,180,336,268,366,634,349,412,761,198,308,506,202,306,508,201,224,425,80,95,175,22,42,64,4,4,8,1576,2026,3602,3601,323,0.0896973063038045
2021-03-08,174,154,328,196,264,460,337,461,798,415,494,909,338,369,707,292,383,675,266,275,541,121,121,242,26,51,77,3,13,16,2168,2585,4753,4750,441,0.09284210526315789
2021-03-09,197,186,383,198,210,408,342,389,731,414,472,886,315,361,676,270,358,628,246,359,605,151,147,298,29,49,78,4,13,17,2166,2544,4710,4710,441,0.09363057324840764
2021-03-10,220,190,410,211,242,453,307,371,678,410,462,872,271,352,623,242,342,584,245,259,504,114,146,260,32,51,83,3,11,14,2055,2426,4481,4481,642,0.1432715911626869
2021-03-11,178,193,371,160,190,350,275,372,647,290,381,671,217,289,506,177,246,423,157,236,393,95,106,201,30,37,67,3,15,18,1582,2065,3647,3647,639,0.17521250342747463
2021-03-12,227,215,442,196,250,446,309,411,720,381,464,845,280,346,626,211,322,533,208,288,496,107,124,231,32,55,87,3,12,15,1954,2487,4441,4440,692,0.15585585585585585
2021-03-13,136,128,264,143,186,329,304,377,681,371,397,768,250,290,540,198,320,518,210,247,457,84,100,184,19,43,62,5,4,9,1720,2092,3812,3812,584,0.15320041972717732
2021-03-14,135,171,306,156,167,323,257,408,665,395,457,852,240,327,567,268,338,606,214,280,494,93,125,218,21,41,62,5,11,16,1784,2325,4109,4109,453,0.11024580189827209
2021-03-15,267,238,505,224,252,476,348,498,846,436,518,954,330,437,767,297,390,687,270,304,574,117,180,297,27,58,85,4,14,18,2320,2889,5209,5209,644,0.12363217508158955
2021-03-16,246,239,485,211,259,470,304,409,713,422,476,898,286,315,601,268,331,599,232,285,517,109,134,243,26,58,84,6,17,23,2110,2523,4633,4633,528,0.1139650334556443
2021-03-17,198,168,366,197,237,434,301,403,704,337,381,718,250,297,547,229,295,524,216,265,481,90,132,222,28,45,73,3,13,16,1849,2236,4085,4084,529,0.12952987267384916
2021-03-18,174,161,335,161,195,356,268,333,601,325,343,668,236,265,501,171,236,407,164,203,367,93,111,204,16,43,59,3,9,12,1611,1899,3510,3510,501,0.14273504273504273
2021-03-19,183,195,378,224,223,447,284,381,665,322,407,729,240,310,550,193,276,469,179,227,406,83,95,178,22,35,57,6,10,16,1736,2159,3895,3895,733,0.18818998716302954
2021-03-20,92,89,181,140,169,309,239,284,523,295,341,636,217,268,485,185,234,419,160,169,329,83,86,169,18,32,50,9,7,16,1438,1679,3117,3114,505,0.1621708413615928
2021-03-21,128,116,244,128,152,280,266,304,570,346,363,709,199,244,443,199,271,470,157,211,368,58,85,143,20,31,51,3,10,13,1504,1787,3291,3291,411,0.12488605287146765
2021-03-22,205,212,417,229,207,436,318,428,746,394,436,830,286,321,607,267,349,616,195,247,442,102,124,226,27,62,89,3,23,26,2026,2409,4435,4435,666,0.15016910935738445
2021-03-23,199,187,386,205,236,441,293,377,670,346,428,774,268,277,545,228,272,500,213,274,487,115,138,253,28,34,62,1,17,18,1896,2240,4136,4136,653,0.15788201160541587
2021-03-24,136,132,268,183,172,355,223,272,495,287,334,621,190,263,453,163,221,384,120,150,270,68,99,167,16,39,55,1,6,7,1387,1688,3075,3075,559,0.18178861788617887
2021-03-25,156,150,306,192,237,429,253,362,615,339,386,725,276,345,621,204,238,442,152,196,348,87,101,188,28,38,66,3,2,5,1690,2055,3745,3745,545,0.14552736982643524
2021-03-26,196,187,383,224,272,496,294,389,683,376,414,790,254,362,616,188,283,471,162,223,385,100,121,221,32,48,80,3,17,20,1829,2316,4145,4145,676,0.16308805790108566
2021-03-27,145,127,272,127,157,284,258,298,556,335,382,717,233,290,523,189,272,461,178,195,373,73,97,170,20,44,64,5,6,11,1563,1868,3431,3431,627,0.18274555523171088
2021-03-28,113,103,216,124,170,294,214,300,514,306,381,687,242,266,508,174,259,433,151,193,344,55,58,113,21,33,54,3,8,11,1403,1771,3174,3174,535,0.16855702583490864
2021-03-29,186,185,371,255,223,478,286,385,671,361,415,776,260,352,612,233,276,509,162,232,394,68,70,138,19,41,60,1,8,9,1831,2187,4018,4018,675,0.1679940268790443
2021-03-30,177,169,346,214,236,450,253,339,592,333,382,715,233,299,532,205,248,453,154,198,352,62,79,141,24,33,57,5,7,12,1660,1990,3650,3649,695,0.19046314058646205
2021-03-31,150,132,282,168,166,334,275,333,608,315,391,706,220,313,533,150,214,364,90,129,219,37,53,90,21,26,47,1,10,11,1427,1767,3194,3194,735,0.2301189730745147
2021-04-01,120,153,273,192,201,393,304,350,654,338,372,710,220,293,513,189,241,430,140,166,306,58,90,148,15,22,37,3,11,14,1579,1899,3478,3478,960,0.27602070155261643
2021-04-02,145,104,249,168,205,373,264,302,566,323,322,645,226,272,498,164,246,410,125,125,250,54,51,105,19,17,36,2,8,10,1490,1652,3142,3142,703,0.22374283895607894
2021-04-03,111,109,220,170,215,385,282,302,584,315,367,682,231,323,554,177,220,397,138,144,282,47,76,123,22,41,63,4,9,13,1497,1806,3303,3303,792,0.23978201634877383
2021-04-04,154,123,277,312,333,645,382,500,882,458,587,1045,355,466,821,221,292,513,124,174,298,52,66,118,17,36,53,1,9,10,2076,2586,4662,4662,724,0.1552981552981553
2021-04-05,178,202,380,413,442,855,497,602,1099,564,616,1180,437,560,997,288,359,647,164,221,385,81,94,175,23,46,69,4,11,15,2649,3153,5802,5802,878,0.15132712857635297
2021-04-06,208,219,427,322,358,680,543,537,1080,575,655,1230,406,474,880,287,355,642,192,288,480,103,128,231,28,50,78,3,15,18,2667,3079,5746,5745,1065,0.185378590078329
2021-04-07,210,218,428,363,369,732,508,584,1092,493,617,1110,440,491,931,280,408,688,185,265,450,87,116,203,17,48,65,2,14,16,2585,3130,5715,5712,941,0.16474089635854341
2021-04-08,201,171,372,274,293,567,394,530,924,468,602,1070,351,410,761,243,354,597,165,215,380,73,113,186,24,45,69,2,13,15,2195,2746,4941,4941,947,0.1916616069621534
2021-04-09,157,153,310,207,255,462,262,366,628,312,351,663,258,297,555,166,238,404,123,144,267,58,70,128,9,32,41,3,8,11,1555,1914,3469,3468,939,0.27076124567474047
2021-04-10,120,112,232,199,238,437,322,364,686,376,392,768,244,305,549,169,243,412,117,146,263,33,48,81,6,19,25,3,3,6,1589,1870,3459,3458,671,0.1940427993059572
2021-04-11,102,112,214,177,208,385,229,279,508,308,371,679,255,301,556,173,213,386,121,129,250,34,44,78,14,28,42,2,6,8,1415,1691,3106,3106,555,0.17868641339343205
2021-04-12,182,173,355,256,231,487,317,398,715,362,432,794,317,403,720,227,316,543,151,184,335,52,85,137,19,41,60,5,11,16,1888,2274,4162,4160,748,0.1798076923076923
2021-04-13,181,130,311,201,191,392,311,375,686,394,441,835,291,362,653,225,276,501,111,120,231,59,51,110,17,24,41,4,9,13,1794,1979,3773,3773,709,0.1879141266896369
2021-04-14,168,132,300,174,165,339,193,226,419,232,262,494,167,226,393,133,194,327,154,143,297,56,88,144,23,30,53,5,7,12,1305,1473,2778,2777,818,0.29456247749369824
2021-04-15,183,176,359,216,272,488,345,413,758,375,477,852,352,446,798,254,339,593,154,178,332,49,80,129,18,39,57,2,10,12,1948,2430,4378,4375,779,0.17805714285714286
2021-04-16,184,179,363,211,231,442,377,436,813,436,505,941,335,407,742,258,337,595,186,225,411,55,82,137,13,32,45,6,10,16,2061,2444,4505,4504,782,0.1736234458259325
2021-04-17,158,132,290,192,173,365,274,312,586,387,371,758,278,335,613,199,246,445,124,163,287,56,83,139,18,52,70,5,8,13,1691,1875,3566,3566,704,0.19742007851934942
2021-04-18,102,136,238,139,150,289,256,285,541,300,373,673,278,285,563,195,219,414,140,156,296,50,61,111,27,31,58,2,8,10,1489,1704,3193,3192,455,0.1425438596491228
2021-04-19,215,164,379,228,249,477,353,411,764,420,456,876,359,370,729,250,318,568,168,219,387,57,90,147,16,54,70,4,18,22,2070,2349,4419,4419,657,0.14867617107942974
2021-04-20,197,220,417,198,203,401,301,379,680,335,416,751,292,362,654,223,269,492,180,237,417,72,86,158,35,31,66,4,7,11,1837,2210,4047,4046,666,0.16460701927829954
2021-04-21,171,142,313,147,151,298,248,287,535,270,341,611,248,303,551,168,247,415,125,171,296,57,72,129,18,44,62,1,8,9,1453,1766,3219,3219,603,0.18732525629077354
2021-04-22,184,180,364,220,219,439,281,348,629,345,453,798,328,395,723,228,269,497,152,200,352,61,93,154,18,52,70,2,11,13,1819,2220,4039,4037,635,0.15729502105523904
2021-04-23,169,168,337,213,213,426,304,371,675,369,451,820,324,383,707,229,315,544,157,195,352,72,90,162,33,42,75,5,13,18,1875,2241,4116,4113,652,0.15852176027230733
2021-04-24,92,75,167,75,64,139,81,122,203,108,123,231,106,124,230,63,86,149,45,59,104,34,44,78,9,29,38,6,16,22,619,742,1361,1361,425,0.31227038941954444
2021-04-25,134,126,260,139,152,291,203,241,444,250,295,545,244,276,520,184,226,410,122,126,248,56,51,107,10,35,45,0,6,6,1342,1534,2876,2875,356,0.12382608695652174
2021-04-26,207,189,396,198,227,425,292,325,617,343,373,716,287,343,630,254,295,549,157,176,333,85,115,200,15,40,55,4,10,14,1842,2093,3935,3934,471,0.11972547025927809
2021-04-27,178,155,333,194,204,398,293,362,655,320,378,698,264,286,550,215,241,456,133,163,296,63,96,159,19,44,63,4,6,10,1683,1935,3618,3616,399,0.1103429203539823
2021-04-28,170,164,334,190,190,380,253,294,547,332,360,692,256,320,576,188,252,440,122,156,278,62,76,138,17,33,50,6,7,13,1596,1852,3448,3448,429,0.1244199535962877
2021-04-29,217,184,401,247,227,474,300,376,676,381,459,840,341,423,764,257,313,570,154,226,380,108,126,234,37,59,96,3,17,20,2045,2410,4455,4454,476,0.10687022900763359
2021-04-30,168,147,315,144,132,276,149,224,373,222,261,483,166,244,410,162,201,363,110,158,268,71,90,161,26,43,69,2,14,16,1220,1514,2734,2732,541,0.19802342606149342
2021-05-01,128,109,237,147,108,255,182,217,399,226,273,499,198,253,451,146,190,336,104,108,212,47,62,109,16,43,59,1,5,6,1195,1368,2563,2562,433,0.16900858704137392
2021-05-02,120,103,223,115,123,238,155,192,347,230,260,490,175,253,428,147,167,314,105,166,271,57,75,132,22,29,51,4,15,19,1130,1383,2513,2513,306,0.12176681257461201
2021-05-03,244,221,465,183,191,374,336,334,670,363,431,794,332,356,688,249,356,605,192,279,471,104,125,229,21,64,85,4,15,19,2028,2372,4400,4400,589,0.13386363636363635
2021-05-04,187,215,402,182,198,380,301,306,607,368,379,747,310,352,662,223,301,524,167,228,395,109,127,236,25,42,67,1,14,15,1873,2162,4035,4034,371,0.09196826970748637
2021-05-05,212,189,401,163,170,333,278,328,606,325,347,672,278,304,582,200,254,454,148,156,304,80,96,176,35,52,87,6,12,18,1725,1908,3633,3631,355,0.0977692095841366
2021-05-06,171,204,375,219,222,441,277,293,570,303,367,670,308,320,628,236,279,515,141,183,324,69,102,171,28,50,78,3,18,21,1755,2038,3793,3791,409,0.1078871010287523
2021-05-07,211,177,388,216,233,449,283,346,629,304,421,725,302,333,635,182,266,448,167,197,364,82,111,193,21,40,61,2,9,11,1770,2133,3903,3903,491,0.12580066615424032
2021-05-08,121,112,233,92,88,180,167,182,349,198,205,403,126,155,281,125,157,282,71,81,152,37,45,82,19,27,46,1,11,12,957,1063,2020,2020,332,0.16435643564356436
2021-05-09,151,127,278,101,113,214,136,169,305,174,192,366,166,184,350,99,143,242,95,94,189,54,69,123,26,29,55,4,3,7,1006,1123,2129,2129,260,0.1221230624706435
2021-05-10,201,181,382,162,180,342,301,298,599,328,352,680,289,336,625,212,243,455,153,201,354,86,120,206,36,50,86,1,6,7,1769,1967,3736,3735,379,0.10147255689424364
2021-05-11,193,153,346,151,159,310,224,231,455,262,265,527,218,233,451,172,194,366,142,172,314,83,100,183,22,32,54,3,7,10,1470,1546,3016,3016,340,0.11273209549071618
2021-05-12,183,162,345,141,139,280,200,249,449,250,271,521,221,243,464,164,210,374,119,154,273,64,78,142,23,36,59,3,10,13,1368,1552,2920,2920,474,0.16232876712328767
2021-05-13,191,145,336,118,139,257,180,256,436,241,295,536,228,242,470,145,202,347,110,139,249,55,88,143,21,41,62,2,6,8,1291,1553,2844,2843,494,0.17376011255715793
2021-05-14,211,218,429,167,210,377,292,305,597,361,387,748,289,335,624,219,277,496,148,186,334,67,97,164,32,39,71,2,8,10,1788,2062,3850,3850,492,0.1277922077922078
2021-05-15,143,137,280,130,134,264,172,222,394,236,282,518,212,255,467,154,156,310,98,120,218,48,54,102,20,37,57,3,11,14,1216,1408,2624,2624,411,0.1566310975609756
2021-05-16,130,133,263,95,123,218,150,167,317,170,235,405,165,199,364,142,166,308,93,110,203,41,62,103,16,27,43,1,11,12,1003,1233,2236,2236,290,0.129695885509839
2021-05-17,281,273,554,239,242,481,347,375,722,422,467,889,349,441,790,279,341,620,175,229,404,123,149,272,44,72,116,3,16,19,2262,2605,4867,4865,526,0.10811921891058582
2021-05-18,251,253,504,236,239,475,351,357,708,407,455,862,381,405,786,261,284,545,155,219,374,106,112,218,39,48,87,4,9,13,2191,2381,4572,4572,521,0.11395450568678915
2021-05-19,263,227,490,237,243,480,356,409,765,454,477,931,378,410,788,267,315,582,190,223,413,85,114,199,35,49,84,4,17,21,2269,2484,4753,4753,388,0.08163265306122448
2021-05-20,277,268,545,270,292,562,433,454,887,484,471,955,392,458,850,278,338,616,200,215,415,91,127,218,33,44,77,2,19,21,2460,2686,5146,5145,385,0.07482993197278912
2021-05-21,184,181,365,217,210,427,333,430,763,380,479,859,330,416,746,255,315,570,141,216,357,97,91,188,30,66,96,2,16,18,1969,2420,4389,4389,608,0.13852813852813853
2021-05-22,108,106,214,104,116,220,190,216,406,240,257,497,194,203,397,167,173,340,80,87,167,38,51,89,14,44,58,2,10,12,1137,1263,2400,2400,490,0.20416666666666666
2021-05-23,120,99,219,87,110,197,153,170,323,196,187,383,174,159,333,110,146,256,71,106,177,39,47,86,13,46,59,9,16,25,972,1086,2058,2058,332,0.16132167152575316
2021-05-24,135,129,264,163,170,333,268,265,533,304,319,623,260,334,594,226,272,498,147,198,345,99,119,218,21,51,72,4,9,13,1627,1866,3493,3493,340,0.09733753220727169
2021-05-25,130,103,233,134,154,288,268,290,558,278,288,566,257,287,544,218,245,463,131,184,315,76,102,178,22,49,71,7,16,23,1521,1718,3239,3237,305,0.09422304603027494
2021-05-26,176,162,338,184,210,394,367,354,721,380,405,785,350,378,728,301,337,638,169,203,372,92,117,209,35,71,106,7,13,20,2061,2250,4311,4311,385,0.08930642542333565
2021-05-27,126,146,272,127,168,295,264,310,574,290,321,611,271,285,556,211,267,478,124,159,283,88,99,187,33,44,77,1,17,18,1535,1816,3351,3350,417,0.12447761194029851
2021-05-28,174,172,346,210,221,431,339,389,728,375,444,819,366,460,826,335,384,719,175,227,402,92,111,203,19,50,69,4,14,18,2089,2472,4561,4561,412,0.09033106774830081
2021-05-29,118,110,228,113,129,242,204,244,448,282,303,585,245,265,510,143,186,329,101,130,231,45,69,114,17,33,50,3,6,9,1271,1475,2746,2746,369,0.13437727603787328
2021-05-30,88,77,165,108,106,214,188,212,400,231,240,471,186,218,404,130,184,314,85,99,184,42,62,104,17,23,40,3,9,12,1078,1230,2308,2308,246,0.10658578856152513
2021-05-31,156,156,312,203,199,402,336,357,693,388,418,806,340,424,764,199,286,485,166,197,363,106,124,230,43,58,101,3,16,19,1940,2235,4175,4174,377,0.09032103497843795
2021-06-01,183,160,343,163,208,371,302,357,659,371,397,768,283,365,648,235,324,559,179,213,392,105,110,215,43,46,89,3,13,16,1867,2193,4060,4060,335,0.08251231527093596
2021-06-02,221,170,391,198,225,423,317,367,684,366,429,795,347,388,735,216,284,500,159,217,376,104,129,233,37,52,89,7,21,28,1972,2282,4254,4253,462,0.108629202915589
2021-06-03,197,206,403,240,243,483,386,476,862,454,538,992,364,461,825,265,349,614,186,239,425,93,138,231,46,62,108,6,28,34,2237,2740,4977,4976,513,0.10309485530546623
2021-06-04,263,238,501,318,334,652,576,726,1302,644,841,1485,569,703,1272,380,568,948,266,329,595,135,173,308,35,71,106,2,16,18,3188,3999,7187,7187,611,0.08501460971197997
2021-06-05,172,155,327,197,205,402,321,422,743,377,490,867,354,413,767,231,296,527,122,172,294,78,106,184,26,41,67,6,20,26,1884,2320,4204,4204,558,0.13273073263558516
2021-06-06,179,186,365,180,186,366,289,360,649,345,419,764,324,424,748,226,305,531,119,161,280,62,87,149,25,38,63,0,21,21,1749,2187,3936,3936,370,0.09400406504065041
2021-06-07,239,256,495,276,302,578,502,616,1118,571,696,1267,497,717,1214,405,560,965,257,336,593,180,224,404,45,126,171,9,34,43,2981,3867,6848,6847,633,0.09244924784577187
2021-06-08,294,270,564,239,297,536,445,620,1065,605,666,1271,457,597,1054,370,489,859,217,263,480,125,197,322,33,76,109,7,25,32,2792,3500,6292,6292,515,0.08184996821360457
2021-06-09,264,258,522,307,282,589,507,608,1115,613,742,1355,492,631,1123,385,486,871,228,291,519,140,148,288,49,74,123,4,20,24,2989,3540,6529,6526,588,0.09010113392583512
2021-06-10,242,258,500,288,343,631,525,729,1254,635,810,1445,492,694,1186,342,502,844,227,297,524,138,182,320,34,62,96,7,21,28,2930,3898,6828,6824,537,0.07869284876905042
2021-06-11,238,235,473,256,314,570,542,707,1249,584,880,1464,543,832,1375,354,495,849,242,305,547,132,185,317,48,89,137,7,25,32,2946,4067,7013,7013,671,0.09567945244545843
2021-06-12,200,182,382,221,244,465,347,453,800,451,538,989,379,508,887,254,354,608,155,210,365,94,113,207,28,45,73,4,9,13,2133,2656,4789,4789,450,0.09396533723115473
2021-06-13,200,197,397,196,192,388,262,359,621,344,483,827,345,436,781,217,292,509,136,175,311,64,85,149,22,40,62,5,15,20,1791,2274,4065,4065,383,0.0942189421894219
2021-06-14,288,248,536,307,321,628,500,640,1140,632,751,1383,506,704,1210,380,491,871,240,347,587,142,164,306,40,70,110,16,23,39,3051,3759,6810,6808,536,0.07873090481786134
2021-06-15,301,287,588,329,353,682,502,628,1130,642,754,1396,522,709,1231,356,515,871,249,290,539,122,157,279,50,66,116,6,19,25,3079,3778,6857,6857,507,0.07393904039667493
2021-06-16,304,294,598,298,305,603,511,656,1167,613,766,1379,499,677,1176,318,435,753,216,256,472,112,140,252,40,56,96,3,15,18,2914,3600,6514,6514,416,0.06386245010746085
2021-06-17,280,280,560,316,332,648,577,732,1309,684,878,1562,533,809,1342,333,513,846,247,293,540,139,173,312,36,65,101,5,18,23,3150,4093,7243,7243,543,0.07496893552395416
2021-06-18,261,239,500,303,328,631,534,705,1239,649,925,1574,558,778,1336,313,501,814,213,272,485,91,155,246,34,42,76,3,12,15,2959,3957,6916,6915,516,0.07462039045553145
2021-06-19,208,203,411,190,204,394,305,465,770,475,611,1086,325,468,793,220,298,518,168,187,355,91,100,191,34,68,102,5,20,25,2021,2624,4645,4645,565,0.1216361679224973
2021-06-20,160,135,295,121,121,242,165,273,438,238,344,582,219,309,528,158,208,366,104,118,222,68,65,133,14,35,49,2,8,10,1249,1616,2865,2865,325,0.11343804537521815
2021-06-21,197,174,371,178,196,374,225,353,578,356,441,797,366,435,801,241,278,519,132,159,291,85,96,181,31,27,58,3,4,7,1814,2163,3977,3975,368,0.09257861635220126
2021-06-22,264,238,502,317,272,589,434,560,994,542,683,1225,533,658,1191,306,438,744,249,306,555,118,149,267,32,63,95,6,10,16,2801,3377,6178,6176,376,0.06088082901554404
2021-06-23,71,80,151,159,164,323,221,397,618,331,468,799,310,450,760,154,241,395,94,109,203,47,73,120,15,37,52,1,20,21,1403,2039,3442,3441,108,0.03138622493461203
2021-06-24,9,10,19,36,31,67,63,93,156,92,117,209,77,101,178,59,58,117,30,29,59,4,3,7,0,1,1,0,2,2,370,445,815,814,0,0.0
