FECHA,<=10M,<=10F,<=10,11-20M,11-20F,11-20,21-30M,21-30F,21-30,31-40M,31-40F,31-40,41-50M,41-50F,41-50,51-60M,51-60F,51-60,61-70M,61-70F,61-70,71-80M,71-80F,71-80,81-90M,81-90F,81-90,>=91M,>=91F,>=91,TotalM,TotalF,Total,DelayCount,CumDelay,DelayAvg
2020-03-15,1,0,1,0,0,0,0,1,1,2,1,3,0,0,0,1,0,1,0,0,0,1,1,2,0,0,0,0,0,0,5,3,8,8,26,3.25
2020-03-16,1,2,3,0,1,1,1,1,2,1,1,2,0,0,0,2,0,2,2,1,3,0,0,0,0,0,0,0,0,0,7,6,13,13,46,3.5384615384615383
2020-03-17,0,4,4,0,1,1,0,1,1,1,0,1,0,2,2,1,1,2,1,1,2,1,2,3,1,0,1,0,0,0,5,12,17,17,37,2.176470588235294
2020-03-18,2,1,3,0,0,0,0,0,0,2,1,3,0,1,1,1,1,2,0,1,1,1,1,2,1,0,1,0,0,0,7,6,13,13,22,1.6923076923076923
2020-03-19,1,0,1,0,0,0,3,1,4,2,1,3,1,1,2,0,0,0,1,1,2,1,1,2,0,0,0,1,0,1,10,5,15,15,36,2.4
2020-03-20,1,1,2,1,0,1,0,0,0,0,2,2,0,0,0,0,0,0,0,1,1,2,2,4,1,0,1,0,0,0,5,6,11,11,20,1.8181818181818181
2020-03-21,0,0,0,0,0,0,2,1,3,2,2,4,1,1,2,0,0,0,2,1,3,1,1,2,0,0,0,0,0,0,8,6,14,14,38,2.7142857142857144
2020-03-22,0,0,0,0,0,0,3,1,4,0,0,0,0,0,0,1,1,2,0,1,1,2,0,2,3,2,5,0,0,0,9,5,14,14,39,2.7857142857142856
2020-03-23,1,0,1,1,2,3,0,1,1,1,1,2,0,0,0,2,0,2,2,0,2,3,1,4,3,4,7,0,1,1,13,10,23,23,46,2.0
2020-03-24,1,0,1,0,0,0,0,0,0,1,1,2,0,1,1,2,1,3,0,0,0,2,0,2,1,1,2,1,0,1,8,4,12,12,16,1.3333333333333333
2020-03-25,1,2,3,0,0,0,1,2,3,1,0,1,0,0,0,0,2,2,2,1,3,2,2,4,2,4,6,2,1,3,11,14,25,25,36,1.44
2020-03-26,3,2,5,2,0,2,1,2,3,3,2,5,1,2,3,3,1,4,1,3,4,3,1,4,4,0,4,2,1,3,23,14,37,37,143,3.864864864864865
2020-03-27,1,2,3,0,1,1,0,1,1,2,0,2,1,1,2,1,1,2,1,4,5,4,6,10,3,3,6,2,6,8,15,25,40,40,90,2.25
2020-03-28,2,0,2,0,0,0,1,0,1,0,0,0,1,1,2,3,1,4,3,0,3,3,4,7,2,1,3,1,0,1,16,7,23,23,65,2.8260869565217392
2020-03-29,1,0,1,1,1,2,0,1,1,2,0,2,2,2,4,0,0,0,6,3,9,1,1,2,5,2,7,2,1,3,20,11,31,31,65,2.096774193548387
2020-03-30,2,1,3,0,0,0,1,2,3,1,3,4,3,1,4,1,1,2,4,0,4,3,5,8,5,1,6,3,2,5,23,16,39,39,78,2.0
2020-03-31,5,1,6,2,0,2,2,1,3,3,2,5,2,0,2,1,0,1,4,2,6,4,3,7,1,3,4,4,0,4,28,12,40,40,78,1.95
2020-04-01,6,7,13,0,2,2,2,3,5,4,1,5,7,3,10,3,1,4,4,1,5,5,2,7,4,6,10,0,1,1,35,27,62,62,160,2.5806451612903225
2020-04-02,4,5,9,4,5,9,0,3,3,3,3,6,3,4,7,1,3,4,5,4,9,7,6,13,5,5,10,2,2,4,34,40,74,74,123,1.662162162162162
2020-04-03,12,5,17,3,1,4,3,6,9,5,5,10,3,6,9,0,3,3,5,2,7,4,2,6,4,6,10,2,5,7,41,41,82,82,162,1.975609756097561
2020-04-04,7,5,12,0,1,1,0,4,4,2,9,11,4,1,5,4,0,4,4,2,6,2,3,5,4,2,6,1,3,4,28,30,58,58,97,1.6724137931034482
2020-04-05,4,5,9,2,1,3,6,0,6,4,0,4,8,2,10,3,2,5,0,8,8,5,9,14,4,4,8,2,3,5,38,34,72,72,118,1.6388888888888888
2020-04-06,7,4,11,2,1,3,4,2,6,11,0,11,7,3,10,6,1,7,3,5,8,10,2,12,6,5,11,1,3,4,57,26,83,83,127,1.5301204819277108
2020-04-07,7,5,12,1,2,3,4,2,6,3,4,7,3,4,7,4,1,5,2,3,5,7,8,15,5,9,14,3,1,4,39,39,78,78,96,1.2307692307692308
2020-04-08,4,5,9,2,1,3,2,2,4,3,2,5,7,3,10,2,2,4,6,2,8,7,4,11,3,3,6,3,6,9,39,30,69,69,84,1.2173913043478262
2020-04-09,1,1,2,1,1,2,2,5,7,9,7,16,2,3,5,4,5,9,2,2,4,8,9,17,3,9,12,4,5,9,36,47,83,83,111,1.3373493975903614
2020-04-10,13,2,15,2,1,3,2,3,5,2,1,3,8,1,9,1,2,3,4,1,5,1,10,11,4,7,11,2,5,7,39,33,72,72,91,1.2638888888888888
2020-04-11,5,4,9,2,2,4,4,4,8,3,2,5,4,1,5,0,3,3,2,6,8,5,2,7,4,7,11,1,5,6,30,36,66,66,90,1.3636363636363635
2020-04-12,5,4,9,1,0,1,0,2,2,4,1,5,2,4,6,5,1,6,2,2,4,2,8,10,3,4,7,1,2,3,25,28,53,53,84,1.5849056603773586
2020-04-13,3,5,8,4,3,7,8,2,10,4,7,11,2,1,3,4,4,8,6,4,10,4,6,10,7,9,16,5,6,11,47,47,94,94,118,1.2553191489361701
2020-04-14,11,4,15,2,0,2,5,4,9,6,1,7,4,4,8,8,5,13,4,7,11,7,5,12,7,3,10,4,4,8,58,37,95,95,108,1.1368421052631579
2020-04-15,5,3,8,4,5,9,1,3,4,5,6,11,4,9,13,3,9,12,5,2,7,8,2,10,8,7,15,5,3,8,48,49,97,97,139,1.4329896907216495
2020-04-16,7,2,9,3,4,7,4,3,7,5,8,13,9,7,16,6,7,13,4,10,14,5,3,8,4,6,10,1,4,5,48,54,102,102,109,1.0686274509803921
2020-04-17,6,4,10,1,2,3,1,6,7,3,9,12,7,5,12,6,5,11,7,3,10,12,5,17,5,7,12,1,4,5,49,50,99,99,144,1.4545454545454546
2020-04-18,5,5,10,2,0,2,8,2,10,11,2,13,6,4,10,5,2,7,2,2,4,4,9,13,5,7,12,3,5,8,51,38,89,89,132,1.4831460674157304
2020-04-19,4,6,10,4,1,5,2,1,3,4,3,7,3,2,5,5,6,11,2,5,7,6,8,14,2,7,9,2,1,3,34,40,74,74,86,1.162162162162162
2020-04-20,8,5,13,9,4,13,9,2,11,11,5,16,5,6,11,7,2,9,10,5,15,15,11,26,9,8,17,5,15,20,88,63,151,151,319,2.1125827814569536
2020-04-21,9,7,16,3,2,5,12,1,13,6,9,15,2,2,4,4,7,11,3,5,8,12,11,23,7,10,17,3,9,12,61,63,124,124,146,1.1774193548387097
2020-04-22,7,5,12,3,2,5,6,7,13,7,2,9,7,7,14,2,3,5,4,2,6,9,14,23,8,10,18,7,7,14,60,59,119,119,191,1.6050420168067228
2020-04-23,10,9,19,4,5,9,4,6,10,5,5,10,7,1,8,3,4,7,6,6,12,7,6,13,10,9,19,8,10,18,64,61,125,125,123,0.984
2020-04-24,9,7,16,5,4,9,6,7,13,10,7,17,3,4,7,7,4,11,7,8,15,9,9,18,9,16,25,4,3,7,69,69,138,138,151,1.0942028985507246
2020-04-25,7,2,9,4,1,5,2,2,4,4,5,9,4,3,7,5,4,9,6,3,9,6,1,7,9,14,23,5,5,10,52,40,92,92,84,0.9130434782608695
2020-04-26,5,11,16,4,5,9,1,1,2,3,2,5,7,4,11,2,3,5,5,5,10,4,7,11,7,7,14,1,2,3,39,47,86,86,78,0.9069767441860465
2020-04-27,8,9,17,4,3,7,5,4,9,3,8,11,3,4,7,6,6,12,7,6,13,17,4,21,11,14,25,3,6,9,67,64,131,131,109,0.8320610687022901
2020-04-28,12,6,18,3,3,6,7,6,13,7,3,10,2,6,8,7,6,13,4,7,11,3,12,15,6,14,20,2,4,6,53,67,120,120,93,0.775
2020-04-29,10,7,17,4,3,7,11,4,15,13,3,16,7,5,12,6,5,11,3,6,9,9,4,13,3,14,17,5,11,16,71,62,133,133,113,0.849624060150376
2020-04-30,11,7,18,9,1,10,4,1,5,4,4,8,8,4,12,6,5,11,7,9,16,7,9,16,8,16,24,8,8,16,72,64,136,136,107,0.7867647058823529
2020-05-01,0,9,9,3,4,7,2,3,5,7,8,15,9,7,16,6,1,7,10,5,15,7,8,15,8,10,18,0,4,4,52,59,111,111,96,0.8648648648648649
2020-05-02,4,11,15,3,5,8,5,1,6,8,3,11,5,3,8,5,1,6,3,2,5,5,2,7,6,9,15,1,3,4,45,40,85,85,91,1.0705882352941176
2020-05-03,5,4,9,2,1,3,6,4,10,6,4,10,3,3,6,5,2,7,7,5,12,4,6,10,8,8,16,3,5,8,49,42,91,91,78,0.8571428571428571
2020-05-04,13,13,26,4,2,6,6,5,11,5,6,11,3,3,6,5,2,7,6,10,16,15,12,27,7,18,25,3,4,7,67,75,142,142,115,0.8098591549295775
2020-05-05,6,6,12,4,0,4,8,6,14,9,8,17,3,8,11,7,5,12,9,4,13,14,5,19,5,14,19,2,9,11,67,65,132,132,91,0.6893939393939394
2020-05-06,8,8,16,2,0,2,6,3,9,9,8,17,13,6,19,3,5,8,7,3,10,14,12,26,6,11,17,5,6,11,73,62,135,135,92,0.6814814814814815
2020-05-07,13,7,20,3,4,7,10,2,12,8,6,14,12,8,20,6,4,10,6,4,10,12,4,16,7,11,18,1,7,8,78,57,135,135,88,0.6518518518518519
2020-05-08,10,8,18,4,3,7,7,5,12,10,8,18,8,8,16,10,3,13,5,7,12,9,8,17,11,11,22,3,13,16,77,74,151,151,161,1.0662251655629138
2020-05-09,9,6,15,3,0,3,2,9,11,5,4,9,6,5,11,4,2,6,4,7,11,11,2,13,5,9,14,5,6,11,54,50,104,104,87,0.8365384615384616
2020-05-10,6,5,11,1,0,1,5,5,10,3,5,8,1,3,4,5,4,9,6,2,8,8,8,16,5,8,13,1,8,9,41,48,89,89,78,0.8764044943820225
2020-05-11,11,9,20,4,3,7,6,5,11,10,6,16,7,8,15,8,3,11,10,3,13,9,8,17,11,17,28,4,13,17,80,75,155,155,112,0.7225806451612903
2020-05-12,9,8,17,6,7,13,18,11,29,17,2,19,5,8,13,5,2,7,9,5,14,4,10,14,9,12,21,6,11,17,88,76,164,164,120,0.7317073170731707
2020-05-13,19,9,28,7,7,14,12,7,19,9,12,21,11,3,14,5,6,11,5,5,10,10,6,16,6,14,20,2,9,11,86,78,164,164,140,0.8536585365853658
2020-05-14,14,19,33,9,5,14,10,15,25,11,12,23,9,7,16,5,5,10,8,10,18,6,10,16,11,10,21,2,15,17,85,108,193,193,164,0.8497409326424871
2020-05-15,13,12,25,5,4,9,6,8,14,4,8,12,8,11,19,7,5,12,9,8,17,6,6,12,10,18,28,5,11,16,73,91,164,163,151,0.9263803680981595
2020-05-16,6,12,18,5,3,8,4,6,10,6,11,17,6,7,13,6,8,14,3,4,7,9,3,12,5,4,9,5,12,17,55,70,125,125,175,1.4
2020-05-17,10,8,18,3,2,5,8,4,12,5,5,10,7,7,14,3,2,5,4,5,9,6,3,9,9,10,19,5,7,12,60,53,113,113,78,0.6902654867256637
2020-05-18,14,15,29,4,8,12,16,12,28,16,9,25,8,11,19,11,6,17,8,12,20,15,13,28,15,12,27,2,11,13,109,109,218,218,176,0.8073394495412844
2020-05-19,14,12,26,10,7,17,20,15,35,23,16,39,15,6,21,10,11,21,12,10,22,9,15,24,11,18,29,2,10,12,126,120,246,246,185,0.7520325203252033
2020-05-20,18,24,42,6,8,14,19,7,26,27,14,41,14,12,26,7,10,17,13,10,23,8,10,18,12,14,26,6,7,13,130,116,246,246,170,0.6910569105691057
2020-05-21,19,22,41,11,5,16,21,16,37,22,12,34,9,13,22,11,5,16,9,7,16,14,7,21,6,16,22,1,4,5,123,107,230,230,123,0.5347826086956522
2020-05-22,16,13,29,12,10,22,17,15,32,18,18,36,14,7,21,10,4,14,5,9,14,7,6,13,7,13,20,6,14,20,112,109,221,221,120,0.5429864253393665
2020-05-23,9,10,19,10,8,18,15,9,24,19,12,31,9,7,16,5,8,13,9,11,20,10,10,20,8,5,13,3,2,5,97,82,179,179,113,0.6312849162011173
2020-05-24,11,10,21,6,8,14,9,5,14,11,6,17,7,2,9,6,3,9,8,4,12,9,5,14,4,11,15,2,5,7,73,59,132,132,105,0.7954545454545454
2020-05-25,19,17,36,15,9,24,12,16,28,10,10,20,9,6,15,5,4,9,4,3,7,12,1,13,8,14,22,1,8,9,95,88,183,183,98,0.5355191256830601
2020-05-26,22,19,41,13,12,25,20,20,40,28,14,42,14,12,26,7,11,18,7,5,12,12,3,15,10,14,24,3,11,14,136,121,257,257,192,0.7470817120622568
2020-05-27,25,23,48,16,10,26,12,17,29,18,11,29,12,8,20,14,10,24,7,8,15,4,11,15,5,14,19,4,3,7,117,115,232,232,165,0.7112068965517241
2020-05-28,18,27,45,14,6,20,19,17,36,16,11,27,13,9,22,8,12,20,9,11,20,11,4,15,11,14,25,5,16,21,124,127,251,251,180,0.7171314741035857
2020-05-29,23,21,44,19,11,30,26,21,47,23,22,45,17,11,28,13,11,24,9,5,14,11,9,20,13,16,29,2,3,5,156,130,286,286,225,0.7867132867132867
2020-05-30,21,16,37,11,8,19,23,20,43,29,6,35,8,10,18,8,11,19,3,3,6,9,9,18,9,9,18,1,8,9,122,100,222,221,101,0.45701357466063347
2020-05-31,13,11,24,9,8,17,12,4,16,7,9,16,7,3,10,3,5,8,4,4,8,9,4,13,5,8,13,1,8,9,70,64,134,134,71,0.5298507462686567
2020-06-01,22,17,39,10,13,23,17,26,43,19,23,42,12,12,24,7,11,18,17,8,25,11,8,19,6,9,15,5,3,8,126,130,256,256,177,0.69140625
2020-06-02,27,18,45,17,17,34,16,17,33,15,15,30,16,16,32,8,10,18,12,7,19,19,9,28,5,13,18,5,11,16,140,133,273,273,158,0.5787545787545788
2020-06-03,19,13,32,12,18,30,15,23,38,21,16,37,9,11,20,6,7,13,12,10,22,11,10,21,13,16,29,2,10,12,120,134,254,254,140,0.5511811023622047
2020-06-04,22,18,40,12,13,25,23,15,38,14,14,28,9,10,19,13,8,21,9,5,14,16,8,24,10,13,23,3,11,14,131,115,246,245,166,0.6775510204081633
2020-06-05,25,26,51,10,12,22,26,15,41,21,26,47,23,16,39,14,17,31,12,10,22,12,11,23,11,19,30,3,9,12,157,161,318,318,283,0.889937106918239
2020-06-06,16,16,32,11,7,18,11,10,21,19,16,35,11,10,21,13,6,19,9,8,17,7,9,16,8,15,23,4,10,14,109,107,216,211,144,0.6824644549763034
2020-06-07,9,14,23,9,9,18,13,6,19,9,4,13,11,5,16,8,3,11,7,3,10,8,6,14,10,11,21,3,8,11,87,69,156,153,88,0.5751633986928104
2020-06-08,18,21,39,14,15,29,25,17,42,22,21,43,28,11,39,15,15,30,13,8,21,15,13,28,10,16,26,4,6,10,164,143,307,307,200,0.6514657980456026
2020-06-09,36,18,54,12,15,27,17,22,39,15,20,35,21,13,34,11,5,16,13,5,18,7,14,21,12,24,36,3,11,14,147,147,294,293,176,0.6006825938566553
2020-06-10,13,16,29,10,12,22,29,16,45,22,22,44,21,13,34,17,9,26,11,10,21,19,21,40,6,18,24,6,14,20,154,151,305,305,223,0.7311475409836066
2020-06-11,23,25,48,9,9,18,17,17,34,24,23,47,12,11,23,11,13,24,10,15,25,13,13,26,5,19,24,4,15,19,128,160,288,288,210,0.7291666666666666
2020-06-12,26,31,57,7,14,21,36,19,55,31,30,61,23,25,48,13,8,21,18,12,30,13,14,27,6,21,27,3,9,12,176,183,359,359,243,0.6768802228412256
2020-06-13,21,21,42,14,14,28,24,20,44,22,13,35,9,10,19,14,9,23,9,4,13,14,7,21,6,15,21,2,6,8,135,119,254,254,184,0.7244094488188977
2020-06-14,16,19,35,14,9,23,13,12,25,12,7,19,12,9,21,8,11,19,7,3,10,3,10,13,13,19,32,1,8,9,99,107,206,206,147,0.7135922330097088
2020-06-15,19,21,40,17,13,30,18,17,35,18,17,35,17,8,25,8,8,16,9,4,13,11,7,18,7,13,20,1,10,11,125,118,243,243,160,0.6584362139917695
2020-06-16,32,42,74,12,15,27,42,21,63,41,21,62,23,18,41,18,11,29,12,9,21,14,8,22,12,21,33,3,14,17,209,180,389,389,226,0.5809768637532133
2020-06-17,20,24,44,18,17,35,28,23,51,26,25,51,27,12,39,17,7,24,13,9,22,7,16,23,18,13,31,2,9,11,176,155,331,331,273,0.824773413897281
2020-06-18,36,32,68,12,9,21,38,26,64,39,29,68,27,10,37,20,12,32,14,15,29,10,15,25,14,18,32,2,12,14,212,178,390,390,323,0.8282051282051283
2020-06-19,39,21,60,9,19,28,20,14,34,37,18,55,22,22,44,24,13,37,17,8,25,22,10,32,15,17,32,8,12,20,213,154,367,367,343,0.9346049046321526
2020-06-20,26,21,47,11,15,26,23,15,38,29,18,47,16,15,31,8,13,21,10,11,21,11,7,18,7,14,21,3,7,10,144,136,280,280,160,0.5714285714285714
2020-06-21,21,13,34,10,10,20,21,13,34,21,15,36,13,9,22,14,5,19,6,9,15,7,5,12,5,11,16,1,7,8,119,97,216,216,98,0.4537037037037037
2020-06-22,26,27,53,16,16,32,22,31,53,29,16,45,21,16,37,14,22,36,12,13,25,17,12,29,8,16,24,2,11,13,167,180,347,347,269,0.7752161383285303
2020-06-23,37,29,66,21,18,39,32,25,57,40,28,68,23,15,38,14,20,34,11,13,24,6,9,15,13,15,28,3,6,9,200,178,378,378,223,0.58994708994709
2020-06-24,25,26,51,20,14,34,31,34,65,26,23,49,25,20,45,16,16,32,9,11,20,10,10,20,13,13,26,2,5,7,177,172,349,349,151,0.4326647564469914
2020-06-25,26,34,60,22,25,47,26,22,48,28,24,52,31,21,52,25,19,44,5,8,13,7,11,18,7,13,20,5,7,12,182,184,366,366,234,0.639344262295082
2020-06-26,28,23,51,23,18,41,36,24,60,25,28,53,24,18,42,14,15,29,13,13,26,11,12,23,9,19,28,1,8,9,184,178,362,362,146,0.40331491712707185
2020-06-27,36,30,66,21,27,48,26,25,51,23,20,43,19,12,31,14,6,20,14,5,19,4,8,12,4,7,11,4,6,10,165,146,311,311,174,0.5594855305466238
2020-06-28,33,15,48,8,11,19,11,21,32,22,15,37,14,14,28,15,11,26,8,4,12,6,7,13,6,10,16,6,7,13,129,115,244,244,122,0.5
2020-06-29,32,35,67,21,22,43,25,16,41,29,19,48,19,14,33,12,20,32,19,7,26,13,14,27,11,12,23,5,10,15,186,169,355,355,202,0.5690140845070423
2020-06-30,19,24,43,6,15,21,30,23,53,25,26,51,21,21,42,15,13,28,16,8,24,16,8,24,10,14,24,2,12,14,160,164,324,324,167,0.5154320987654321
2020-07-01,24,22,46,9,21,30,42,28,70,23,23,46,20,17,37,15,25,40,12,9,21,9,8,17,8,21,29,3,6,9,165,180,345,345,196,0.5681159420289855
2020-07-02,34,35,69,18,17,35,27,26,53,32,30,62,28,20,48,11,16,27,14,7,21,5,10,15,12,11,23,4,4,8,185,176,361,361,135,0.3739612188365651
2020-07-03,36,25,61,25,13,38,28,13,41,28,30,58,25,21,46,13,12,25,14,12,26,9,13,22,8,16,24,5,4,9,191,159,350,350,172,0.49142857142857144
2020-07-04,19,28,47,15,15,30,24,26,50,20,15,35,24,13,37,13,10,23,11,4,15,8,10,18,5,10,15,3,6,9,142,137,279,279,128,0.45878136200716846
2020-07-05,18,23,41,16,8,24,19,18,37,21,19,40,8,17,25,13,12,25,16,12,28,13,10,23,9,12,21,3,9,12,136,140,276,276,130,0.47101449275362317
2020-07-06,16,21,37,17,13,30,27,30,57,31,16,47,26,16,42,20,18,38,17,20,37,15,23,38,8,18,26,4,12,16,181,187,368,368,128,0.34782608695652173
2020-07-07,27,40,67,12,17,29,36,24,60,33,26,59,21,25,46,22,14,36,12,14,26,10,13,23,10,18,28,8,11,19,191,202,393,393,161,0.40966921119592875
2020-07-08,29,19,48,20,19,39,37,27,64,25,27,52,32,30,62,16,21,37,14,17,31,14,19,33,11,16,27,5,14,19,203,209,412,412,181,0.4393203883495146
2020-07-09,23,16,39,12,7,19,19,19,38,30,16,46,19,16,35,11,10,21,6,15,21,8,21,29,3,14,17,6,9,15,137,143,280,280,109,0.3892857142857143
2020-07-10,20,15,35,16,13,29,22,17,39,24,17,41,19,19,38,13,11,24,12,14,26,16,10,26,12,15,27,2,10,12,156,141,297,297,104,0.3501683501683502
2020-07-11,15,22,37,13,7,20,15,17,32,19,19,38,17,15,32,14,15,29,15,9,24,12,16,28,4,16,20,2,8,10,126,144,270,270,119,0.44074074074074077
2020-07-12,16,14,30,13,7,20,14,12,26,14,12,26,11,6,17,8,8,16,9,9,18,7,5,12,8,10,18,4,8,12,104,91,195,195,75,0.38461538461538464
2020-07-13,22,25,47,15,19,34,33,23,56,28,28,56,26,24,50,22,25,47,29,19,48,18,28,46,12,44,56,2,23,25,207,258,465,465,296,0.6365591397849463
2020-07-14,24,28,52,21,9,30,28,17,45,44,26,70,29,19,48,21,9,30,20,19,39,16,24,40,6,15,21,7,12,19,216,178,394,394,177,0.44923857868020306
2020-07-15,23,25,48,22,14,36,27,40,67,37,33,70,28,33,61,17,24,41,20,18,38,11,12,23,14,16,30,8,5,13,207,220,427,428,189,0.441588785046729
2020-07-16,32,17,49,14,26,40,26,35,61,35,26,61,26,27,53,21,20,41,14,13,27,13,15,28,17,26,43,3,18,21,201,223,424,424,251,0.5919811320754716
2020-07-17,31,27,58,20,11,31,22,21,43,33,37,70,30,32,62,25,25,50,19,23,42,18,12,30,15,20,35,4,10,14,217,218,435,435,217,0.49885057471264366
2020-07-18,17,22,39,13,11,24,26,23,49,26,28,54,19,17,36,23,17,40,20,16,36,8,10,18,12,17,29,2,5,7,166,166,332,332,189,0.5692771084337349
2020-07-19,23,25,48,6,14,20,17,17,34,18,17,35,16,11,27,18,17,35,11,10,21,12,8,20,8,14,22,4,7,11,133,140,273,273,83,0.304029304029304
2020-07-20,39,33,72,30,26,56,42,32,74,41,36,77,33,43,76,25,29,54,20,24,44,19,20,39,19,21,40,4,12,16,272,276,548,548,194,0.354014598540146
2020-07-21,30,27,57,19,17,36,35,31,66,38,24,62,31,24,55,28,23,51,23,25,48,18,22,40,14,23,37,5,11,16,241,227,468,468,185,0.3952991452991453
2020-07-22,46,29,75,16,20,36,44,24,68,44,42,86,43,24,67,19,25,44,13,18,31,13,15,28,16,20,36,1,6,7,255,223,478,478,188,0.39330543933054396
2020-07-23,35,27,62,24,15,39,36,33,69,40,35,75,22,18,40,26,16,42,14,18,32,16,18,34,8,20,28,5,11,16,226,211,437,437,257,0.5881006864988558
2020-07-24,23,23,46,17,22,39,39,33,72,36,33,69,23,26,49,27,15,42,30,11,41,12,16,28,9,27,36,3,13,16,219,219,438,438,218,0.4977168949771689
2020-07-25,25,20,45,20,11,31,28,23,51,27,26,53,21,19,40,11,8,19,12,11,23,10,12,22,10,13,23,5,5,10,169,148,317,317,165,0.5205047318611987
2020-07-26,21,21,42,12,13,25,13,14,27,18,21,39,16,11,27,15,12,27,10,8,18,13,7,20,6,12,18,6,6,12,130,125,255,255,111,0.43529411764705883
2020-07-27,22,30,52,21,18,39,39,28,67,38,24,62,34,37,71,24,29,53,16,24,40,14,18,32,17,21,38,5,16,21,230,245,475,475,216,0.45473684210526316
2020-07-28,31,23,54,18,16,34,47,34,81,38,29,67,35,25,60,29,25,54,29,25,54,11,24,35,12,19,31,5,17,22,255,237,492,492,206,0.4186991869918699
2020-07-29,27,30,57,19,22,41,46,31,77,37,38,75,40,33,73,25,35,60,18,26,44,22,20,42,15,26,41,6,24,30,255,285,540,540,203,0.37592592592592594
2020-07-30,35,29,64,22,24,46,63,45,108,52,34,86,40,25,65,31,29,60,18,26,44,15,16,31,7,17,24,2,6,8,285,251,536,536,233,0.43470149253731344
2020-07-31,28,37,65,18,18,36,36,46,82,58,42,100,33,28,61,32,21,53,20,25,45,18,23,41,10,25,35,4,18,22,257,283,540,540,239,0.4425925925925926
2020-08-01,25,15,40,9,19,28,23,25,48,23,24,47,21,28,49,21,20,41,18,8,26,14,13,27,11,21,32,2,10,12,167,183,350,350,174,0.49714285714285716
2020-08-02,23,20,43,11,9,20,22,14,36,23,27,50,16,20,36,12,20,32,10,15,25,6,14,20,10,13,23,2,6,8,135,158,293,293,116,0.39590443686006827
2020-08-03,35,36,71,18,16,34,30,36,66,46,33,79,28,23,51,22,20,42,24,15,39,10,17,27,12,23,35,3,12,15,228,231,459,459,237,0.5163398692810458
2020-08-04,34,27,61,24,26,50,51,27,78,46,32,78,45,25,70,30,21,51,25,15,40,13,18,31,15,24,39,5,14,19,288,229,517,517,227,0.43907156673114117
2020-08-05,34,33,67,28,19,47,44,23,67,34,35,69,26,29,55,25,26,51,23,20,43,16,14,30,15,16,31,2,7,9,247,222,469,469,312,0.6652452025586354
2020-08-06,28,17,45,19,22,41,40,38,78,37,39,76,45,33,78,30,28,58,19,19,38,16,18,34,15,23,38,5,12,17,254,249,503,503,287,0.5705765407554672
2020-08-07,47,30,77,26,20,46,40,33,73,33,31,64,34,37,71,29,10,39,14,20,34,17,20,37,13,32,45,4,12,16,257,245,502,502,209,0.4163346613545817
2020-08-08,25,27,52,14,15,29,24,25,49,38,38,76,17,25,42,24,27,51,21,12,33,11,24,35,9,12,21,1,18,19,184,223,407,407,126,0.3095823095823096
2020-08-09,23,23,46,9,7,16,22,20,42,28,19,47,17,27,44,15,23,38,19,14,33,14,18,32,12,35,47,5,16,21,164,202,366,366,137,0.3743169398907104
2020-08-10,36,29,65,20,18,38,51,41,92,49,31,80,34,34,68,24,24,48,20,10,30,14,20,34,14,21,35,4,11,15,266,239,505,505,192,0.3801980198019802
2020-08-11,30,29,59,30,17,47,50,40,90,63,38,101,39,32,71,28,25,53,23,14,37,18,30,48,15,29,44,6,12,18,302,266,568,568,225,0.3961267605633803
2020-08-12,29,32,61,28,14,42,38,38,76,35,52,87,34,38,72,28,25,53,26,21,47,15,22,37,11,20,31,5,15,20,249,277,526,526,192,0.3650190114068441
2020-08-13,19,27,46,27,22,49,48,39,87,61,54,115,37,33,70,33,32,65,17,20,37,23,17,40,11,24,35,4,16,20,280,284,564,564,190,0.33687943262411346
2020-08-14,18,25,43,23,15,38,55,43,98,47,45,92,45,27,72,28,32,60,26,20,46,16,27,43,13,18,31,3,13,16,274,265,539,539,199,0.3692022263450835
2020-08-15,34,18,52,23,12,35,26,32,58,31,36,67,20,31,51,20,21,41,20,16,36,16,23,39,8,36,44,5,14,19,203,239,442,442,659,1.490950226244344
2020-08-16,27,12,39,8,7,15,31,26,57,24,26,50,16,20,36,13,13,26,12,17,29,11,13,24,12,26,38,4,15,19,158,175,333,332,140,0.42168674698795183
2020-08-17,19,15,34,16,17,33,31,29,60,32,33,65,25,28,53,22,29,51,11,32,43,10,13,23,10,15,25,0,13,13,176,224,400,400,149,0.3725
2020-08-18,37,30,67,24,9,33,40,32,72,45,40,85,34,28,62,20,40,60,17,24,41,21,24,45,7,17,24,0,16,16,245,260,505,506,155,0.30632411067193677
2020-08-19,35,29,64,20,21,41,30,38,68,45,40,85,28,31,59,26,24,50,15,20,35,15,25,40,12,34,46,4,17,21,230,279,509,509,177,0.3477406679764244
2020-08-20,19,22,41,17,16,33,36,38,74,39,37,76,21,36,57,25,22,47,22,27,49,10,16,26,14,23,37,4,11,15,207,248,455,455,194,0.42637362637362636
2020-08-21,24,31,55,21,20,41,34,33,67,39,40,79,39,33,72,30,40,70,24,18,42,21,24,45,13,27,40,4,9,13,249,275,524,524,241,0.4599236641221374
2020-08-22,12,15,27,22,17,39,29,23,52,26,28,54,28,23,51,16,19,35,17,17,34,9,16,25,8,13,21,3,14,17,170,185,355,355,158,0.4450704225352113
2020-08-23,18,28,46,11,10,21,18,10,28,27,25,52,21,15,36,19,19,38,9,15,24,8,19,27,11,7,18,4,4,8,146,152,298,298,100,0.33557046979865773
2020-08-24,35,39,74,16,16,32,31,43,74,45,35,80,34,35,69,35,23,58,22,27,49,15,22,37,15,21,36,6,17,23,254,278,532,532,216,0.40601503759398494
2020-08-25,20,22,42,19,14,33,35,44,79,42,48,90,28,31,59,22,26,48,16,21,37,13,16,29,14,25,39,5,18,23,214,265,479,479,183,0.38204592901878914
2020-08-26,34,18,52,23,22,45,50,41,91,55,37,92,32,32,64,29,29,58,25,18,43,17,23,40,15,22,37,3,17,20,283,259,542,543,206,0.37937384898710863
2020-08-27,33,26,59,28,19,47,52,48,100,45,38,83,47,39,86,30,29,59,15,30,45,24,24,48,15,24,39,5,21,26,294,298,592,592,199,0.33614864864864863
2020-08-28,31,25,56,35,20,55,65,54,119,47,47,94,45,41,86,40,44,84,20,26,46,23,26,49,10,20,30,6,10,16,322,313,635,635,278,0.4377952755905512
2020-08-29,22,13,35,8,8,16,45,31,76,31,52,83,40,38,78,20,19,39,21,11,32,15,17,32,8,21,29,3,17,20,213,227,440,440,215,0.48863636363636365
2020-08-30,22,24,46,20,14,34,21,29,50,33,25,58,32,27,59,19,18,37,13,16,29,7,14,21,9,7,16,2,5,7,178,179,357,357,100,0.2801120448179272
2020-08-31,31,20,51,23,14,37,38,41,79,42,42,84,37,38,75,25,30,55,26,28,54,23,19,42,19,33,52,2,13,15,266,278,544,544,292,0.5367647058823529
2020-09-01,35,30,65,17,29,46,45,33,78,63,54,117,47,28,75,29,39,68,19,15,34,14,19,33,14,33,47,6,13,19,289,293,582,581,221,0.3803786574870912
2020-09-02,26,13,39,17,15,32,28,43,71,29,41,70,33,27,60,29,26,55,14,22,36,22,20,42,14,26,40,3,30,33,215,263,478,478,225,0.4707112970711297
2020-09-03,28,25,53,23,16,39,49,49,98,58,57,115,43,34,77,27,19,46,21,26,47,19,22,41,12,27,39,4,7,11,284,282,566,567,233,0.4109347442680776
2020-09-04,29,32,61,18,17,35,44,40,84,41,44,85,40,49,89,26,29,55,23,32,55,25,20,45,11,26,37,3,12,15,260,301,561,561,264,0.47058823529411764
2020-09-05,19,18,37,14,10,24,33,28,61,35,41,76,30,33,63,17,23,40,23,22,45,15,15,30,15,18,33,2,7,9,203,215,418,418,245,0.5861244019138756
2020-09-06,18,17,35,8,14,22,13,26,39,27,21,48,21,19,40,15,22,37,16,17,33,10,18,28,11,16,27,1,10,11,140,180,320,320,136,0.425
2020-09-07,23,22,45,13,17,30,49,44,93,46,42,88,35,37,72,21,33,54,26,20,46,14,22,36,11,28,39,8,14,22,246,279,525,526,207,0.3935361216730038
2020-09-08,27,22,49,21,23,44,44,33,77,60,50,110,34,34,68,39,34,73,26,28,54,24,23,47,18,24,42,7,20,27,300,291,591,591,273,0.4619289340101523
2020-09-09,32,20,52,14,22,36,49,37,86,41,32,73,41,32,73,26,31,57,27,28,55,17,22,39,15,35,50,1,20,21,263,279,542,542,265,0.488929889298893
2020-09-10,23,15,38,28,14,42,54,54,108,53,56,109,52,41,93,29,27,56,22,20,42,20,17,37,9,28,37,2,14,16,292,286,578,578,285,0.4930795847750865
2020-09-11,23,27,50,30,18,48,44,35,79,44,49,93,36,38,74,32,37,69,32,24,56,23,25,48,16,21,37,3,9,12,283,283,566,566,256,0.45229681978798586
2020-09-12,23,18,41,14,12,26,23,23,46,26,34,60,18,27,45,21,29,50,18,20,38,19,22,41,12,27,39,2,16,18,176,228,404,404,192,0.4752475247524752
2020-09-13,26,20,46,6,9,15,21,28,49,29,31,60,17,17,34,21,18,39,21,19,40,9,9,18,5,12,17,4,10,14,159,173,332,332,122,0.3674698795180723
2020-09-14,28,25,53,19,16,35,44,57,101,42,45,87,28,32,60,41,25,66,31,32,63,23,23,46,16,15,31,2,10,12,274,280,554,554,233,0.42057761732851984
2020-09-15,28,21,49,15,11,26,41,25,66,51,55,106,29,29,58,25,30,55,26,23,49,22,26,48,14,25,39,2,13,15,253,258,511,511,271,0.5303326810176126
2020-09-16,33,28,61,30,25,55,55,51,106,41,54,95,42,44,86,32,28,60,20,32,52,22,18,40,13,24,37,3,8,11,291,312,603,603,201,0.3333333333333333
2020-09-17,23,23,46,19,33,52,40,31,71,47,36,83,41,39,80,37,41,78,34,25,59,25,25,50,15,18,33,3,4,7,284,275,559,559,247,0.4418604651162791
2020-09-18,31,36,67,17,23,40,37,39,76,56,59,115,34,39,73,27,31,58,23,33,56,25,24,49,13,24,37,3,10,13,266,318,584,584,248,0.4246575342465753
2020-09-19,9,25,34,8,22,30,22,20,42,27,33,60,20,17,37,18,14,32,20,17,37,19,15,34,10,18,28,5,7,12,158,188,346,346,177,0.5115606936416185
2020-09-20,15,22,37,16,16,32,19,25,44,31,19,50,17,20,37,13,17,30,6,16,22,17,11,28,4,16,20,4,8,12,142,170,312,313,83,0.26517571884984026
2020-09-21,26,29,55,14,25,39,40,36,76,42,52,94,31,38,69,26,22,48,19,23,42,25,22,47,8,13,21,1,11,12,232,271,503,503,203,0.40357852882703776
2020-09-22,33,33,66,26,21,47,42,45,87,43,41,84,43,20,63,37,38,75,27,23,50,24,25,49,9,29,38,3,13,16,287,288,575,577,207,0.3587521663778163
2020-09-23,35,30,65,16,15,31,31,42,73,38,44,82,30,33,63,22,29,51,26,26,52,18,28,46,11,20,31,2,13,15,229,280,509,509,180,0.35363457760314343
2020-09-24,39,32,71,28,23,51,48,39,87,48,50,98,38,29,67,28,30,58,9,39,48,17,26,43,19,22,41,9,21,30,283,311,594,594,207,0.3484848484848485
2020-09-25,29,21,50,21,13,34,32,47,79,46,46,92,40,35,75,23,27,50,24,26,50,21,18,39,17,22,39,0,9,9,253,264,517,517,273,0.528046421663443
2020-09-26,16,15,31,19,9,28,24,21,45,33,28,61,26,32,58,19,24,43,13,17,30,16,13,29,9,14,23,3,7,10,178,180,358,358,146,0.40782122905027934
2020-09-27,17,22,39,11,16,27,30,38,68,19,21,40,28,21,49,19,17,36,16,17,33,7,12,19,8,12,20,2,7,9,157,183,340,340,124,0.36470588235294116
2020-09-28,26,21,47,21,14,35,31,32,63,45,46,91,43,27,70,34,40,74,32,20,52,19,26,45,17,20,37,4,20,24,272,266,538,538,206,0.3828996282527881
2020-09-29,35,29,64,19,21,40,58,45,103,59,60,119,54,40,94,31,30,61,32,37,69,24,41,65,24,33,57,3,23,26,339,359,698,698,186,0.2664756446991404
2020-09-30,33,24,57,20,21,41,48,48,96,50,48,98,35,29,64,34,32,66,31,30,61,22,24,46,9,18,27,5,9,14,287,283,570,570,225,0.39473684210526316
2020-10-01,33,31,64,17,32,49,48,51,99,54,59,113,29,43,72,35,27,62,35,26,61,25,39,64,14,16,30,3,12,15,293,336,629,629,240,0.3815580286168522
2020-10-02,39,38,77,27,20,47,42,61,103,37,47,84,32,43,75,34,27,61,39,33,72,21,32,53,12,29,41,4,21,25,287,351,638,638,319,0.5
2020-10-03,14,17,31,13,17,30,37,33,70,30,30,60,25,21,46,20,20,40,15,19,34,16,17,33,8,17,25,3,8,11,181,199,380,381,171,0.44881889763779526
2020-10-04,21,22,43,17,18,35,23,29,52,22,21,43,26,24,50,14,20,34,20,16,36,10,13,23,10,25,35,3,3,6,166,191,357,357,140,0.39215686274509803
2020-10-05,20,27,47,20,21,41,38,34,72,58,44,102,57,32,89,45,33,78,40,29,69,24,34,58,17,21,38,4,5,9,323,280,603,603,269,0.4461028192371476
2020-10-06,26,38,64,28,22,50,48,33,81,53,42,95,60,30,90,38,30,68,28,30,58,27,32,59,18,22,40,6,12,18,332,291,623,623,219,0.35152487961476725
2020-10-07,36,21,57,15,21,36,45,47,92,62,59,121,39,47,86,28,38,66,30,35,65,22,25,47,8,26,34,8,8,16,293,327,620,620,222,0.3580645161290323
2020-10-08,34,29,63,23,23,46,47,49,96,43,39,82,41,33,74,31,38,69,22,27,49,18,29,47,18,18,36,5,16,21,282,301,583,583,243,0.41680960548885077
2020-10-09,25,34,59,42,33,75,32,50,82,51,60,111,39,37,76,29,32,61,29,40,69,16,30,46,12,25,37,3,12,15,278,353,631,631,353,0.5594294770206022
2020-10-10,19,23,42,24,17,41,36,29,65,43,33,76,28,27,55,21,29,50,25,27,52,12,21,33,13,21,34,8,11,19,229,238,467,467,273,0.5845824411134903
2020-10-11,20,18,38,13,13,26,27,32,59,32,38,70,32,25,57,21,19,40,23,32,55,17,22,39,15,23,38,0,11,11,200,233,433,434,261,0.6013824884792627
2020-10-12,18,21,39,31,15,46,43,52,95,48,54,102,39,37,76,34,43,77,40,29,69,31,35,66,20,37,57,2,15,17,306,338,644,644,252,0.391304347826087
2020-10-13,39,30,69,30,22,52,71,58,129,65,74,139,43,49,92,53,59,112,43,39,82,29,41,70,23,45,68,9,23,32,405,440,845,845,303,0.3585798816568047
2020-10-14,39,28,67,19,36,55,60,61,121,76,74,150,41,53,94,42,48,90,38,40,78,35,42,77,18,33,51,2,22,24,370,437,807,807,356,0.44114002478314746
2020-10-15,37,28,65,31,32,63,60,65,125,78,78,156,66,64,130,58,60,118,50,48,98,25,52,77,17,33,50,8,15,23,430,475,905,905,329,0.36353591160220994
2020-10-16,51,31,82,30,38,68,87,86,173,82,70,152,74,60,134,52,54,106,42,44,86,28,54,82,20,39,59,5,33,38,471,509,980,980,403,0.41122448979591836
2020-10-17,16,18,34,19,24,43,58,42,100,49,56,105,43,49,92,24,29,53,31,41,72,27,34,61,12,33,45,3,12,15,282,338,620,620,301,0.4854838709677419
2020-10-18,19,22,41,15,12,27,29,29,58,36,44,80,24,32,56,26,21,47,22,20,42,18,24,42,7,29,36,1,8,9,197,241,438,438,250,0.5707762557077626
2020-10-19,54,36,90,27,35,62,72,83,155,83,89,172,96,78,174,55,59,114,60,56,116,48,53,101,20,38,58,3,14,17,518,541,1059,1060,534,0.5037735849056604
2020-10-20,41,47,88,34,30,64,86,83,169,80,68,148,69,73,142,61,59,120,57,47,104,27,46,73,31,40,71,1,24,25,487,517,1004,1004,661,0.6583665338645418
2020-10-21,29,24,53,49,29,78,55,82,137,74,66,140,55,47,102,49,39,88,45,31,76,25,29,54,18,38,56,4,13,17,403,398,801,801,494,0.616729088639201
2020-10-22,34,24,58,32,49,81,52,59,111,59,57,116,53,64,117,37,46,83,30,34,64,21,27,48,22,32,54,6,17,23,346,409,755,755,515,0.6821192052980133
2020-10-23,25,22,47,23,21,44,45,48,93,49,58,107,37,50,87,27,29,56,35,42,77,37,34,71,21,16,37,5,25,30,304,345,649,649,505,0.7781201848998459
2020-10-24,16,22,38,11,16,27,40,24,64,39,32,71,32,29,61,18,24,42,17,18,35,19,23,42,8,19,27,4,13,17,204,220,424,424,374,0.8820754716981132
2020-10-25,29,19,48,13,16,29,46,37,83,36,54,90,33,33,66,27,33,60,29,24,53,19,22,41,7,16,23,4,4,8,243,258,501,501,470,0.93812375249501
2020-10-26,35,28,63,43,24,67,53,49,102,70,73,143,53,61,114,41,58,99,32,43,75,31,38,69,16,41,57,6,18,24,380,433,813,813,716,0.8806888068880688
2020-10-27,33,30,63,32,16,48,69,72,141,58,58,116,70,54,124,55,58,113,52,63,115,32,41,73,18,26,44,3,7,10,422,425,847,847,725,0.8559622195985832
2020-10-28,33,33,66,17,18,35,47,57,104,57,65,122,43,57,100,40,51,91,43,27,70,27,31,58,11,33,44,2,14,16,320,386,706,706,579,0.8201133144475921
2020-10-29,29,27,56,22,18,40,76,50,126,76,67,143,51,57,108,35,38,73,42,43,85,18,26,44,14,21,35,4,8,12,367,355,722,722,716,0.9916897506925207
2020-10-30,30,20,50,21,28,49,52,74,126,53,49,102,49,47,96,35,43,78,33,39,72,20,27,47,16,26,42,5,16,21,314,369,683,683,530,0.7759882869692533
2020-10-31,22,15,37,13,15,28,35,32,67,33,45,78,28,31,59,28,23,51,26,27,53,16,21,37,7,14,21,3,3,6,211,226,437,437,355,0.8123569794050344
2020-11-01,26,22,48,19,32,51,37,38,75,41,44,85,43,27,70,26,38,64,26,33,59,21,20,41,7,18,25,5,9,14,251,281,532,532,456,0.8571428571428571
2020-11-02,32,33,65,27,32,59,57,64,121,82,58,140,51,49,100,46,43,89,45,46,91,29,29,58,15,19,34,2,11,13,386,384,770,770,628,0.8155844155844156
2020-11-03,22,22,44,20,20,40,48,56,104,52,44,96,42,24,66,38,32,70,35,31,66,24,24,48,19,31,50,3,13,16,303,297,600,600,435,0.725
2020-11-04,32,32,64,24,28,52,62,71,133,67,67,134,64,72,136,47,47,94,50,42,92,27,32,59,18,36,54,11,13,24,402,440,842,843,478,0.5670225385527876
2020-11-05,34,33,67,43,40,83,83,68,151,82,72,154,65,63,128,62,57,119,31,43,74,29,29,58,19,25,44,2,11,13,450,441,891,891,578,0.6487093153759821
2020-11-06,19,26,45,17,30,47,41,46,87,39,52,91,30,26,56,40,39,79,29,41,70,27,33,60,12,28,40,3,8,11,257,329,586,586,485,0.8276450511945392
2020-11-07,21,21,42,15,22,37,36,37,73,34,54,88,33,35,68,30,32,62,30,33,63,24,31,55,17,19,36,7,5,12,247,289,536,536,414,0.7723880597014925
2020-11-08,30,36,66,22,25,47,41,36,77,36,55,91,39,43,82,23,29,52,33,28,61,22,25,47,10,11,21,5,4,9,261,292,553,553,464,0.8390596745027125
2020-11-09,39,43,82,49,20,69,52,62,114,57,75,132,52,54,106,47,49,96,36,54,90,20,35,55,24,33,57,4,8,12,380,433,813,813,632,0.7773677736777368
2020-11-10,29,25,54,28,20,48,50,42,92,51,55,106,40,37,77,36,38,74,49,33,82,30,30,60,17,27,44,4,12,16,334,319,653,653,434,0.664624808575804
2020-11-11,34,31,65,20,18,38,47,63,110,61,61,122,52,42,94,38,44,82,37,32,69,25,23,48,23,28,51,4,17,21,341,359,700,700,485,0.6928571428571428
2020-11-12,44,29,73,24,30,54,50,59,109,71,59,130,56,50,106,50,28,78,35,56,91,32,36,68,17,31,48,2,9,11,381,387,768,768,497,0.6471354166666666
2020-11-13,35,24,59,33,16,49,53,64,117,52,61,113,48,46,94,40,39,79,47,45,92,31,34,65,20,28,48,4,16,20,363,373,736,736,500,0.6793478260869565
2020-11-14,43,29,72,22,15,37,36,45,81,51,53,104,31,37,68,27,31,58,33,21,54,22,27,49,7,18,25,4,4,8,276,280,556,556,402,0.7230215827338129
2020-11-15,33,31,64,20,11,31,43,51,94,45,39,84,34,44,78,30,40,70,31,30,61,18,23,41,9,21,30,1,14,15,264,304,568,568,420,0.7394366197183099
2020-11-16,34,39,73,27,24,51,49,42,91,54,57,111,57,45,102,29,41,70,38,39,77,27,33,60,17,25,42,5,22,27,337,367,704,704,435,0.6178977272727273
2020-11-17,33,38,71,31,23,54,62,64,126,80,68,148,60,53,113,44,48,92,52,56,108,36,47,83,8,33,41,2,10,12,408,440,848,848,571,0.6733490566037735
2020-11-18,31,30,61,34,30,64,64,55,119,77,76,153,55,48,103,44,36,80,32,33,65,33,39,72,15,37,52,3,10,13,388,394,782,782,546,0.6982097186700768
2020-11-19,35,21,56,35,27,62,61,62,123,61,66,127,44,50,94,39,50,89,46,48,94,34,28,62,17,32,49,5,11,16,377,395,772,772,540,0.6994818652849741
2020-11-20,32,30,62,23,31,54,55,46,101,67,61,128,45,33,78,38,40,78,42,42,84,23,22,45,16,27,43,5,6,11,346,338,684,684,518,0.7573099415204678
2020-11-21,23,21,44,19,17,36,42,33,75,42,44,86,39,30,69,24,30,54,29,21,50,15,18,33,6,12,18,3,9,12,242,235,477,477,426,0.8930817610062893
2020-11-22,24,22,46,18,13,31,40,33,73,29,39,68,38,34,72,21,16,37,18,38,56,18,14,32,8,19,27,1,7,8,215,235,450,450,348,0.7733333333333333
2020-11-23,44,33,77,23,22,45,43,46,89,46,46,92,48,31,79,33,30,63,30,35,65,17,23,40,14,26,40,7,12,19,305,304,609,609,491,0.80623973727422
2020-11-24,32,37,69,32,27,59,55,45,100,73,56,129,55,41,96,38,42,80,34,37,71,32,38,70,20,34,54,3,5,8,374,362,736,736,584,0.7934782608695652
2020-11-25,37,35,72,35,31,66,63,54,117,63,67,130,48,48,96,37,30,67,41,30,71,19,28,47,17,25,42,5,6,11,365,354,719,719,495,0.6884561891515995
2020-11-26,29,31,60,34,31,65,61,64,125,66,77,143,44,51,95,47,46,93,48,35,83,25,39,64,13,26,39,11,11,22,378,411,789,789,574,0.7275031685678074
2020-11-27,13,26,39,19,17,36,47,54,101,53,52,105,42,32,74,39,29,68,26,29,55,24,25,49,11,29,40,6,5,11,280,298,578,578,421,0.7283737024221453
2020-11-28,39,20,59,18,19,37,45,44,89,35,45,80,29,40,69,40,29,69,17,30,47,19,21,40,8,27,35,2,4,6,252,279,531,531,375,0.7062146892655368
2020-11-29,30,26,56,12,23,35,53,52,105,45,61,106,46,34,80,32,25,57,30,32,62,13,22,35,14,11,25,2,8,10,277,294,571,571,443,0.7758318739054291
2020-11-30,41,25,66,35,27,62,87,83,170,74,77,151,74,56,130,42,51,93,50,43,93,30,47,77,17,30,47,8,9,17,458,448,906,905,642,0.7093922651933702
2020-12-01,27,38,65,22,33,55,74,64,138,66,77,143,51,52,103,27,39,66,39,52,91,31,33,64,17,28,45,3,5,8,357,421,778,778,513,0.6593830334190232
2020-12-02,18,17,35,18,16,34,43,45,88,39,59,98,43,38,81,22,31,53,23,26,49,23,22,45,13,17,30,6,9,15,248,280,528,528,221,0.4185606060606061
2020-12-03,23,34,57,29,21,50,51,89,140,70,81,151,60,56,116,41,44,85,41,51,92,29,28,57,12,16,28,3,11,14,359,431,790,790,186,0.23544303797468355
2020-12-04,27,29,56,27,39,66,58,47,105,61,61,122,56,54,110,44,51,95,43,46,89,29,34,63,16,21,37,6,9,15,367,391,758,758,246,0.3245382585751979
2020-12-05,22,24,46,24,23,47,54,41,95,60,46,106,37,29,66,26,23,49,20,19,39,16,17,33,9,16,25,4,7,11,272,245,517,517,277,0.5357833655705996
2020-12-06,18,20,38,28,13,41,41,36,77,39,34,73,30,37,67,20,26,46,24,20,44,22,26,48,14,13,27,1,5,6,237,230,467,467,172,0.3683083511777302
2020-12-07,15,31,46,26,19,45,51,52,103,59,52,111,33,43,76,28,36,64,21,22,43,19,34,53,11,16,27,4,6,10,267,311,578,578,155,0.2681660899653979
2020-12-08,26,28,54,12,17,29,50,51,101,46,47,93,35,30,65,42,31,73,26,30,56,16,29,45,5,19,24,5,4,9,263,286,549,550,162,0.29454545454545455
2020-12-09,29,24,53,22,26,48,71,77,148,81,77,158,65,50,115,73,56,129,61,67,128,42,49,91,14,29,43,2,18,20,460,473,933,933,298,0.31939978563772775
2020-12-10,37,34,71,43,40,83,79,81,160,83,105,188,74,74,148,78,72,150,63,64,127,38,23,61,14,38,52,7,9,16,516,540,1056,1056,219,0.20738636363636365
2020-12-11,23,30,53,31,26,57,83,88,171,92,94,186,72,71,143,71,74,145,69,72,141,37,39,76,17,24,41,0,8,8,495,526,1021,1021,210,0.20568070519098922
2020-12-12,22,30,52,33,18,51,69,61,130,74,90,164,72,69,141,66,48,114,40,75,115,31,42,73,12,22,34,2,7,9,421,462,883,883,233,0.2638731596828992
2020-12-13,28,23,51,27,33,60,53,63,116,72,73,145,56,67,123,73,47,120,52,39,91,30,23,53,10,20,30,5,4,9,406,392,798,799,151,0.18898623279098872
2020-12-14,46,32,78,33,36,69,89,85,174,91,88,179,71,84,155,72,74,146,55,77,132,44,53,97,16,27,43,8,12,20,525,568,1093,1093,262,0.23970722781335774
2020-12-15,31,33,64,37,38,75,71,72,143,98,87,185,77,61,138,69,82,151,79,70,149,36,33,69,10,18,28,1,12,13,509,506,1015,1016,226,0.22244094488188976
2020-12-16,20,27,47,38,42,80,94,115,209,135,132,267,81,97,178,90,75,165,96,89,185,53,59,112,20,17,37,4,12,16,631,665,1296,1296,274,0.21141975308641975
2020-12-17,37,41,78,45,32,77,84,98,182,133,136,269,112,112,224,78,74,152,50,73,123,38,30,68,10,25,35,3,5,8,590,626,1216,1216,272,0.2236842105263158
2020-12-18,44,30,74,53,56,109,107,100,207,134,154,288,116,112,228,91,93,184,110,106,216,80,54,134,15,43,58,6,9,15,756,757,1513,1513,347,0.2293456708526107
2020-12-19,36,30,66,44,43,87,90,104,194,160,142,302,96,79,175,84,82,166,73,90,163,42,56,98,15,27,42,4,4,8,644,657,1301,1301,310,0.2382782475019216
2020-12-20,27,41,68,45,48,93,95,101,196,144,133,277,102,102,204,91,94,185,89,97,186,37,43,80,12,12,24,2,7,9,644,678,1322,1322,172,0.13010590015128592
2020-12-21,44,42,86,71,39,110,126,118,244,146,170,316,139,113,252,95,102,197,101,112,213,58,58,116,10,33,43,5,5,10,795,792,1587,1587,247,0.15563957151858854
2020-12-22,37,50,87,62,56,118,134,121,255,155,157,312,139,131,270,110,91,201,120,113,233,64,48,112,17,28,45,4,4,8,842,799,1641,1641,287,0.1748933577087142
2020-12-23,40,40,80,60,54,114,128,115,243,183,173,356,118,137,255,104,90,194,89,92,181,52,48,100,18,29,47,2,14,16,794,792,1586,1586,290,0.1828499369482976
2020-12-24,29,27,56,32,39,71,86,79,165,130,99,229,86,71,157,58,58,116,55,61,116,31,29,60,4,19,23,2,4,6,513,486,999,999,238,0.23823823823823823
2020-12-25,9,14,23,8,7,15,27,18,45,26,34,60,23,11,34,17,20,37,11,17,28,12,4,16,6,12,18,3,5,8,142,142,284,284,162,0.5704225352112676
2020-12-26,43,31,74,67,65,132,106,110,216,181,161,342,104,132,236,98,99,197,66,71,137,34,48,82,20,34,54,1,10,11,720,761,1481,1481,306,0.20661715057393654
2020-12-27,27,25,52,66,56,122,102,95,197,172,122,294,144,128,272,104,114,218,94,95,189,42,60,102,19,31,50,4,13,17,774,739,1513,1513,165,0.10905485789821547
2020-12-28,51,37,88,79,82,161,162,150,312,256,227,483,173,171,344,144,144,288,103,132,235,53,58,111,23,43,66,3,16,19,1047,1060,2107,2107,330,0.15662078785002373
2020-12-29,37,41,78,81,70,151,148,152,300,190,163,353,164,133,297,115,98,213,86,112,198,59,59,118,25,41,66,7,12,19,912,881,1793,1793,288,0.16062465142219742
2020-12-30,43,29,72,84,84,168,162,125,287,224,202,426,152,148,300,110,140,250,95,100,195,59,66,125,22,36,58,4,11,15,955,941,1896,1895,397,0.20949868073878627
2020-12-31,23,23,46,53,51,104,122,90,212,128,149,277,113,121,234,70,60,130,48,59,107,24,39,63,11,28,39,0,8,8,592,628,1220,1220,266,0.2180327868852459
2021-01-01,14,10,24,10,14,24,20,24,44,27,31,58,24,20,44,17,22,39,15,17,32,11,11,22,6,17,23,1,4,5,145,170,315,315,119,0.37777777777777777
2021-01-02,43,28,71,46,55,101,107,106,213,156,124,280,107,105,212,86,109,195,105,91,196,46,53,99,12,34,46,3,8,11,711,713,1424,1424,294,0.20646067415730338
2021-01-03,26,28,54,88,65,153,150,143,293,202,206,408,159,182,341,133,146,279,127,126,253,56,75,131,15,25,40,3,7,10,959,1003,1962,1962,214,0.109072375127421
2021-01-04,43,41,84,78,62,140,198,185,383,214,255,469,196,181,377,134,144,278,104,125,229,74,68,142,32,45,77,4,11,15,1077,1117,2194,2194,347,0.15815861440291704
2021-01-05,27,38,65,80,70,150,200,208,408,223,258,481,192,184,376,131,144,275,114,167,281,77,89,166,23,50,73,3,9,12,1070,1217,2287,2287,311,0.1359860078705728
2021-01-06,36,28,64,102,88,190,204,176,380,259,226,485,217,179,396,164,155,319,130,132,262,80,88,168,27,51,78,4,17,21,1223,1140,2363,2362,335,0.1418289585097375
2021-01-07,34,37,71,65,68,133,146,154,300,211,184,395,165,151,316,109,121,230,95,108,203,55,85,140,20,31,51,2,11,13,902,950,1852,1852,337,0.18196544276457882
2021-01-08,41,34,75,80,92,172,164,139,303,185,200,385,138,163,301,103,119,222,83,108,191,48,76,124,22,29,51,7,8,15,871,968,1839,1838,376,0.2045701849836779
2021-01-09,27,23,50,58,53,111,122,138,260,193,176,369,121,142,263,105,108,213,80,113,193,42,58,100,15,32,47,0,12,12,763,855,1618,1617,261,0.1614100185528757
2021-01-10,38,37,75,70,72,142,121,124,245,161,200,361,130,140,270,91,112,203,85,71,156,41,52,93,10,26,36,2,10,12,749,844,1593,1593,211,0.13245448838669177
2021-01-11,40,32,72,78,80,158,188,190,378,227,248,475,166,177,343,127,130,257,87,128,215,54,60,114,18,32,50,2,6,8,987,1083,2070,2071,320,0.1545147271849348
2021-01-12,41,24,65,78,75,153,167,177,344,179,176,355,137,150,287,106,136,242,99,94,193,42,52,94,22,21,43,3,9,12,874,914,1788,1788,266,0.1487695749440716
2021-01-13,54,46,100,94,94,188,189,166,355,192,189,381,173,139,312,119,144,263,104,117,221,51,57,108,14,44,58,5,3,8,995,999,1994,1994,296,0.14844533600802406
2021-01-14,40,37,77,85,83,168,176,190,366,212,198,410,147,165,312,112,150,262,98,106,204,49,57,106,16,35,51,4,5,9,939,1026,1965,1966,346,0.17599186164801628
2021-01-15,44,42,86,158,136,294,199,201,400,272,266,538,221,218,439,189,188,377,117,131,248,58,83,141,18,38,56,3,8,11,1279,1311,2590,2590,386,0.14903474903474903
2021-01-16,21,21,42,146,130,276,164,180,344,241,252,493,236,228,464,182,175,357,122,150,272,81,87,168,19,31,50,2,10,12,1214,1264,2478,2478,261,0.1053268765133172
2021-01-17,24,14,38,140,122,262,149,198,347,201,226,427,230,235,465,156,163,319,93,109,202,55,53,108,15,27,42,2,2,4,1065,1149,2214,2214,230,0.10388437217705511
2021-01-18,41,40,81,164,162,326,229,221,450,272,265,537,277,260,537,219,208,427,149,173,322,82,93,175,24,41,65,3,9,12,1460,1472,2932,2932,285,0.09720327421555253
2021-01-19,42,35,77,161,121,282,235,202,437,251,248,499,254,251,505,179,187,366,150,167,317,80,101,181,17,39,56,7,17,24,1376,1368,2744,2744,228,0.08309037900874636
2021-01-20,38,38,76,163,163,326,202,200,402,219,216,435,245,226,471,209,203,412,171,175,346,92,100,192,24,39,63,6,11,17,1369,1371,2740,2740,245,0.08941605839416059
2021-01-21,44,41,85,110,112,222,188,167,355,184,204,388,164,196,360,141,183,324,130,120,250,59,74,133,32,32,64,7,12,19,1059,1141,2200,2200,313,0.14227272727272727
2021-01-22,32,41,73,126,103,229,154,162,316,161,177,338,156,171,327,130,144,274,124,115,239,58,66,124,15,42,57,3,3,6,959,1024,1983,1983,262,0.13212304589006554
2021-01-23,30,27,57,100,104,204,176,158,334,156,173,329,176,147,323,124,130,254,78,97,175,43,48,91,13,24,37,2,6,8,898,914,1812,1812,322,0.17770419426048564
2021-01-24,27,26,53,119,109,228,170,162,332,170,183,353,180,172,352,149,149,298,107,107,214,45,56,101,18,29,47,1,7,8,986,1000,1986,1986,145,0.07301107754279959
2021-01-25,40,43,83,165,125,290,217,216,433,211,216,427,216,216,432,167,178,345,147,137,284,66,80,146,30,49,79,5,13,18,1264,1273,2537,2537,222,0.08750492707922744
2021-01-26,53,36,89,157,116,273,189,185,374,197,190,387,188,182,370,155,169,324,107,141,248,68,79,147,20,49,69,4,12,16,1138,1159,2297,2297,248,0.10796691336525903
2021-01-27,55,46,101,131,122,253,175,187,362,208,200,408,191,192,383,140,166,306,113,114,227,51,58,109,28,34,62,2,17,19,1094,1136,2230,2231,193,0.08650829224562977
2021-01-28,42,34,76,111,94,205,166,154,320,189,170,359,147,140,287,114,140,254,101,110,211,53,63,116,24,42,66,6,14,20,953,961,1914,1914,244,0.12748171368861025
2021-01-29,38,48,86,155,131,286,181,171,352,223,221,444,205,216,421,166,179,345,140,176,316,62,96,158,23,49,72,4,10,14,1197,1297,2494,2493,378,0.15162454873646208
2021-01-30,24,18,42,187,174,361,177,187,364,224,237,461,258,275,533,209,203,412,126,174,300,65,94,159,17,35,52,4,9,13,1291,1406,2697,2697,208,0.0771227289581016
2021-01-31,23,19,42,271,258,529,235,206,441,283,289,572,380,368,748,291,264,555,162,166,328,68,95,163,21,37,58,3,11,14,1737,1713,3450,3450,127,0.03681159420289855
2021-02-01,35,35,70,227,242,469,215,212,427,246,283,529,307,318,625,295,267,562,179,224,403,60,116,176,31,38,69,2,11,13,1597,1746,3343,3343,219,0.0655100209392761
2021-02-02,34,32,66,185,190,375,210,168,378,245,287,532,314,330,644,265,259,524,193,212,405,106,120,226,26,44,70,5,11,16,1583,1653,3236,3236,185,0.05716934487021014
2021-02-03,36,34,70,173,140,313,185,216,401,219,231,450,273,253,526,196,217,413,167,177,344,96,122,218,27,54,81,3,10,13,1375,1454,2829,2829,218,0.07705903145987981
2021-02-04,39,36,75,110,95,205,147,173,320,182,202,384,151,210,361,143,150,293,96,137,233,56,90,146,20,38,58,3,16,19,947,1147,2094,2094,212,0.10124164278892073
2021-02-05,33,32,65,123,85,208,134,148,282,167,159,326,149,143,292,128,145,273,109,136,245,56,72,128,16,42,58,1,8,9,916,970,1886,1887,289,0.15315315315315314
2021-02-06,21,20,41,120,107,227,121,133,254,150,193,343,148,172,320,140,145,285,85,119,204,39,65,104,14,28,42,2,7,9,840,989,1829,1829,196,0.10716238381629306
2021-02-07,28,33,61,117,116,233,111,122,233,150,175,325,154,163,317,127,157,284,78,89,167,48,54,102,14,24,38,7,5,12,834,938,1772,1772,123,0.06941309255079006
2021-02-08,38,34,72,153,172,325,182,188,370,222,232,454,250,283,533,167,200,367,119,152,271,63,84,147,24,49,73,4,11,15,1222,1405,2627,2627,260,0.09897221164826799
2021-02-09,32,24,56,145,136,281,168,168,336,242,207,449,206,215,421,182,191,373,156,154,310,71,90,161,23,52,75,5,13,18,1230,1250,2480,2480,191,0.07701612903225806
2021-02-10,40,25,65,104,101,205,147,155,302,174,206,380,215,186,401,116,155,271,104,109,213,65,75,140,25,34,59,0,10,10,990,1056,2046,2046,152,0.07429130009775171
2021-02-11,35,31,66,93,104,197,134,152,286,194,182,376,175,181,356,125,145,270,118,110,228,54,58,112,22,47,69,5,10,15,955,1020,1975,1975,162,0.0820253164556962
2021-02-12,35,25,60,103,108,211,129,133,262,182,186,368,171,199,370,119,133,252,105,132,237,59,76,135,23,36,59,2,9,11,928,1037,1965,1965,263,0.13384223918575064
2021-02-13,22,12,34,131,128,259,142,124,266,205,190,395,232,218,450,128,164,292,105,116,221,40,66,106,17,32,49,2,10,12,1024,1060,2084,2084,201,0.09644913627639155
2021-02-14,18,15,33,118,131,249,108,142,250,211,217,428,214,235,449,147,162,309,119,117,236,53,88,141,14,19,33,2,12,14,1004,1138,2142,2143,130,0.06066262249183388
2021-02-15,19,21,40,157,181,338,154,147,301,241,249,490,302,290,592,212,203,415,118,145,263,61,84,145,14,40,54,2,13,15,1280,1373,2653,2653,173,0.0652091971353185
2021-02-16,25,21,46,188,145,333,183,189,372,269,292,561,269,294,563,198,163,361,111,105,216,56,73,129,12,33,45,7,7,14,1318,1322,2640,2640,218,0.08257575757575758
2021-02-17,27,38,65,125,113,238,243,226,469,242,240,482,204,228,432,167,187,354,159,165,324,65,90,155,18,43,61,6,10,16,1256,1340,2596,2596,192,0.07395993836671803
2021-02-18,28,29,57,91,123,214,203,196,399,229,251,480,201,197,398,164,156,320,125,156,281,60,93,153,26,38,64,2,4,6,1129,1243,2372,2372,232,0.09780775716694773
2021-02-19,38,31,69,101,103,204,188,173,361,199,227,426,201,192,393,162,172,334,132,153,285,69,99,168,16,42,58,3,8,11,1109,1200,2309,2309,284,0.12299696838458207
2021-02-20,33,20,53,87,103,190,160,174,334,203,206,409,182,198,380,133,166,299,92,152,244,46,66,112,20,35,55,3,3,6,959,1123,2082,2082,179,0.08597502401536984
2021-02-21,32,20,52,98,91,189,121,155,276,187,191,378,176,194,370,103,140,243,106,132,238,45,58,103,17,28,45,4,6,10,889,1015,1904,1904,156,0.0819327731092437
2021-02-22,38,56,94,97,118,215,168,184,352,194,231,425,180,200,380,157,159,316,113,151,264,60,82,142,37,32,69,3,6,9,1047,1219,2266,2266,219,0.09664607237422772
2021-02-23,50,36,86,96,86,182,148,148,296,180,208,388,175,164,339,144,155,299,117,141,258,71,97,168,26,39,65,6,15,21,1013,1089,2102,2102,209,0.0994291151284491
2021-02-24,37,55,92,97,95,192,118,144,262,157,169,326,122,135,257,117,122,239,127,122,249,60,81,141,20,39,59,3,9,12,858,971,1829,1829,192,0.10497539639147074
2021-02-25,59,52,111,76,75,151,137,128,265,140,158,298,151,121,272,108,125,233,85,123,208,50,75,125,16,38,54,4,17,21,826,912,1738,1739,178,0.10235767682576193
2021-02-26,47,43,90,75,79,154,145,167,312,181,161,342,141,152,293,107,136,243,91,140,231,49,78,127,15,37,52,2,17,19,853,1010,1863,1863,187,0.10037573805689748
2021-02-27,25,25,50,65,93,158,117,147,264,183,186,369,145,131,276,130,147,277,113,130,243,55,68,123,20,40,60,0,9,9,853,976,1829,1829,195,0.10661563696008748
2021-02-28,18,24,42,101,103,204,146,179,325,225,232,457,175,190,365,177,214,391,159,170,329,83,92,175,19,38,57,3,10,13,1106,1252,2358,2358,161,0.06827820186598813
2021-03-01,69,54,123,72,83,155,148,147,295,188,157,345,161,134,295,93,116,209,99,117,216,48,84,132,24,33,57,4,13,17,906,938,1844,1845,271,0.14688346883468834
2021-03-02,67,56,123,103,81,184,120,142,262,150,170,320,128,122,250,117,132,249,73,102,175,63,51,114,26,30,56,3,9,12,850,895,1745,1745,167,0.09570200573065903
2021-03-03,66,49,115,77,59,136,106,120,226,160,132,292,110,102,212,113,116,229,105,140,245,56,79,135,9,24,33,0,13,13,802,834,1636,1636,204,0.12469437652811736
2021-03-04,53,51,104,59,77,136,105,111,216,137,108,245,106,101,207,86,114,200,85,129,214,56,86,142,19,34,53,6,11,17,712,822,1534,1534,202,0.1316818774445893
2021-03-05,45,47,92,63,72,135,111,147,258,139,150,289,107,95,202,96,110,206,86,101,187,53,77,130,16,29,45,0,4,4,716,832,1548,1548,227,0.146640826873385
2021-03-06,26,33,59,48,49,97,102,96,198,126,115,241,104,97,201,61,89,150,59,68,127,32,56,88,19,25,44,2,7,9,579,635,1214,1214,158,0.1301482701812191
2021-03-07,34,27,61,51,44,95,81,100,181,109,120,229,68,103,171,80,102,182,84,113,197,33,54,87,18,29,47,3,3,6,561,695,1256,1256,110,0.0875796178343949
2021-03-08,56,65,121,71,74,145,121,149,270,149,135,284,110,123,233,130,131,261,110,135,245,69,74,143,18,36,54,2,10,12,836,932,1768,1766,167,0.09456398640996602
2021-03-09,73,73,146,73,66,139,107,95,202,145,141,286,141,124,265,118,116,234,96,155,251,64,94,158,23,34,57,4,7,11,844,905,1749,1749,177,0.10120068610634649
2021-03-10,82,75,157,79,71,150,105,112,217,151,141,292,99,109,208,103,125,228,92,108,200,64,82,146,19,39,58,5,9,14,799,871,1670,1670,243,0.14550898203592813
2021-03-11,66,75,141,53,70,123,88,116,204,117,117,234,84,91,175,72,89,161,73,99,172,43,58,101,17,28,45,2,14,16,615,757,1372,1372,264,0.1924198250728863
2021-03-12,77,69,146,74,77,151,105,120,225,148,135,283,107,122,229,89,128,217,80,113,193,59,70,129,18,27,45,4,9,13,761,870,1631,1630,280,0.17177914110429449
2021-03-13,48,37,85,49,56,105,122,96,218,129,124,253,109,89,198,85,107,192,107,111,218,39,59,98,9,36,45,3,3,6,700,718,1418,1418,247,0.17418899858956277
2021-03-14,42,54,96,41,56,97,87,104,191,132,142,274,93,94,187,99,123,222,112,124,236,43,77,120,15,26,41,4,9,13,668,809,1477,1477,167,0.11306702775897089
2021-03-15,109,90,199,87,82,169,113,143,256,144,160,304,146,149,295,126,132,258,117,137,254,71,102,173,18,44,62,4,13,17,935,1052,1987,1987,266,0.1338701560140916
2021-03-16,79,89,168,74,82,156,104,109,213,152,144,296,118,98,216,104,122,226,91,122,213,58,86,144,12,37,49,3,15,18,795,904,1699,1699,186,0.10947616244849911
2021-03-17,64,75,139,78,68,146,101,134,235,111,111,222,100,100,200,97,104,201,96,110,206,51,70,121,15,35,50,2,14,16,715,821,1536,1536,207,0.134765625
2021-03-18,72,53,125,53,57,110,96,100,196,122,109,231,76,83,159,67,79,146,70,90,160,45,54,99,14,29,43,1,9,10,616,663,1279,1279,185,0.14464425332290853
2021-03-19,79,69,148,80,74,154,101,126,227,133,127,260,80,92,172,79,105,184,77,104,181,45,48,93,11,26,37,5,7,12,690,778,1468,1468,293,0.19959128065395096
2021-03-20,25,32,57,45,57,102,91,87,178,97,108,205,71,95,166,78,85,163,80,78,158,45,49,94,9,24,33,3,7,10,544,622,1166,1165,195,0.16738197424892703
2021-03-21,50,49,99,52,61,113,94,93,187,132,109,241,71,77,148,93,105,198,73,97,170,26,54,80,15,23,38,3,11,14,609,679,1288,1288,134,0.10403726708074534
2021-03-22,55,77,132,82,68,150,106,129,235,134,133,267,119,97,216,122,117,239,85,112,197,50,64,114,21,38,59,4,21,25,778,856,1634,1635,272,0.16636085626911315
2021-03-23,70,76,146,89,79,168,110,123,233,128,120,248,112,88,200,101,98,199,94,119,213,57,75,132,22,25,47,0,11,11,783,814,1597,1597,237,0.14840325610519725
2021-03-24,45,46,91,62,48,110,86,78,164,90,102,192,66,80,146,70,82,152,52,82,134,34,59,93,12,30,42,0,4,4,517,611,1128,1128,210,0.18617021276595744
2021-03-25,59,52,111,70,72,142,95,107,202,117,121,238,107,111,218,75,103,178,82,95,177,45,60,105,20,23,43,2,6,8,672,750,1422,1422,200,0.14064697609001406
2021-03-26,82,75,157,81,84,165,122,101,223,144,122,266,105,109,214,75,114,189,74,106,180,55,58,113,19,30,49,1,9,10,758,808,1566,1566,259,0.16538952745849297
2021-03-27,58,52,110,35,45,80,83,73,156,129,117,246,95,93,188,88,100,188,79,96,175,33,47,80,11,27,38,4,5,9,615,655,1270,1270,270,0.2125984251968504
2021-03-28,46,29,75,29,46,75,64,73,137,88,107,195,92,82,174,74,89,163,77,100,177,35,35,70,16,21,37,2,5,7,523,587,1110,1110,200,0.18018018018018017
2021-03-29,71,58,129,94,64,158,87,102,189,118,124,242,110,117,227,99,93,192,75,113,188,37,46,83,13,25,38,1,10,11,705,752,1457,1457,254,0.17433081674673986
2021-03-30,60,62,122,68,78,146,78,90,168,100,101,201,93,105,198,86,79,165,78,108,186,31,41,72,16,24,40,6,7,13,616,695,1311,1310,230,0.17557251908396945
2021-03-31,59,49,108,42,36,78,79,82,161,103,110,213,71,86,157,48,70,118,46,60,106,24,34,58,13,22,35,3,9,12,488,558,1046,1046,267,0.2552581261950287
2021-04-01,47,43,90,58,58,116,84,105,189,115,90,205,82,94,176,64,87,151,67,82,149,33,35,68,11,17,28,2,9,11,563,620,1183,1183,293,0.24767540152155537
2021-04-02,58,35,93,51,63,114,72,83,155,110,94,204,80,71,151,70,73,143,56,64,120,32,32,64,9,12,21,2,5,7,540,532,1072,1072,238,0.22201492537313433
2021-04-03,38,42,80,48,55,103,68,79,147,103,106,209,91,74,165,72,92,164,65,70,135,27,46,73,15,31,46,5,3,8,532,598,1130,1130,340,0.3008849557522124
2021-04-04,46,37,83,94,83,177,104,114,218,136,144,280,110,136,246,71,110,181,60,75,135,28,42,70,16,21,37,1,5,6,666,767,1433,1433,286,0.19958129797627355
2021-04-05,69,67,136,110,128,238,127,159,286,178,173,351,170,166,336,118,131,249,87,119,206,41,56,97,12,34,46,5,6,11,917,1039,1956,1956,292,0.1492842535787321
2021-04-06,64,89,153,99,100,199,203,134,337,187,193,380,155,155,310,108,117,225,84,133,217,52,80,132,19,30,49,2,12,14,973,1043,2016,2016,662,0.32837301587301587
2021-04-07,79,69,148,125,110,235,152,151,303,164,187,351,157,141,298,118,144,262,74,116,190,47,74,121,12,37,49,1,8,9,929,1037,1966,1964,308,0.15682281059063136
2021-04-08,68,66,134,91,91,182,125,152,277,167,184,351,123,133,256,83,118,201,73,109,182,39,52,91,13,31,44,1,11,12,783,947,1730,1730,366,0.2115606936416185
2021-04-09,61,57,118,71,69,140,81,92,173,106,107,213,106,88,194,68,84,152,65,70,135,29,44,73,8,20,28,3,7,10,598,638,1236,1235,380,0.3076923076923077
2021-04-10,40,44,84,71,70,141,109,97,206,126,116,242,94,94,188,83,82,165,61,66,127,12,28,40,5,15,20,1,3,4,602,615,1217,1216,233,0.19161184210526316
2021-04-11,43,44,87,52,64,116,81,64,145,92,97,189,94,83,177,68,72,140,53,57,110,22,31,53,11,20,31,1,5,6,517,537,1054,1054,195,0.18500948766603414
2021-04-12,67,57,124,93,87,180,95,110,205,133,136,269,112,122,234,92,134,226,78,83,161,24,49,73,12,25,37,1,12,13,707,815,1522,1520,269,0.1769736842105263
2021-04-13,69,56,125,62,60,122,99,91,190,142,120,262,113,107,220,79,92,171,52,71,123,36,25,61,8,14,22,4,8,12,664,644,1308,1308,268,0.20489296636085627
2021-04-14,66,56,122,66,45,111,62,70,132,82,75,157,69,81,150,55,60,115,72,78,150,35,49,84,11,19,30,5,5,10,523,538,1061,1060,329,0.310377358490566
2021-04-15,76,64,140,83,85,168,107,110,217,141,114,255,139,136,275,97,130,227,58,74,132,27,34,61,16,23,39,2,9,11,746,779,1525,1525,297,0.19475409836065574
2021-04-16,74,72,146,63,71,134,121,116,237,146,150,296,113,127,240,113,133,246,90,98,188,27,45,72,5,23,28,1,10,11,753,845,1598,1598,282,0.17647058823529413
2021-04-17,64,55,119,63,60,123,100,76,176,144,115,259,112,100,212,85,93,178,75,72,147,27,49,76,9,22,31,2,3,5,681,645,1326,1326,319,0.24057315233785823
2021-04-18,38,40,78,49,32,81,74,82,156,104,107,211,109,94,203,80,76,156,73,71,144,23,31,54,18,18,36,2,5,7,570,556,1126,1126,196,0.17406749555950266
2021-04-19,70,54,124,74,68,142,137,120,257,163,151,314,142,114,256,115,115,230,96,95,191,34,53,87,7,34,41,4,11,15,842,815,1657,1657,507,0.3059746529873265
2021-04-20,75,81,156,70,68,138,100,101,201,116,112,228,123,122,245,97,85,182,82,110,192,35,41,76,21,25,46,4,10,14,723,755,1478,1478,269,0.18200270635994586
2021-04-21,77,56,133,62,44,106,98,83,181,107,107,214,82,106,188,70,81,151,68,82,150,30,34,64,8,31,39,3,5,8,605,629,1234,1234,255,0.206645056726094
2021-04-22,78,64,142,89,67,156,104,105,209,140,144,284,129,151,280,100,112,212,79,96,175,35,54,89,14,35,49,1,10,11,769,838,1607,1606,264,0.1643835616438356
2021-04-23,69,60,129,65,68,133,112,101,213,153,120,273,120,131,251,106,114,220,71,99,170,36,52,88,19,19,38,5,6,11,756,770,1526,1525,219,0.1436065573770492
2021-04-24,39,32,71,30,21,51,28,42,70,53,47,100,44,52,96,29,36,65,19,29,48,17,31,48,7,18,25,2,12,14,268,320,588,588,186,0.3163265306122449
2021-04-25,49,49,98,46,42,88,58,67,125,97,83,180,91,82,173,89,87,176,55,53,108,25,27,52,7,23,30,1,3,4,518,516,1034,1033,148,0.14327202323330107
2021-04-26,68,80,148,72,71,143,126,92,218,144,137,281,125,119,244,118,110,228,70,83,153,51,55,106,12,22,34,5,6,11,791,775,1566,1565,198,0.12651757188498403
2021-04-27,62,59,121,71,65,136,113,139,252,121,113,234,107,108,215,99,104,203,79,80,159,31,62,93,17,24,41,4,10,14,704,764,1468,1466,175,0.11937244201909959
2021-04-28,68,69,137,76,74,150,115,103,218,134,118,252,121,109,230,79,85,164,59,65,124,36,39,75,5,17,22,4,6,10,697,685,1382,1382,186,0.1345875542691751
2021-04-29,74,69,143,95,87,182,117,130,247,172,164,336,156,123,279,119,131,250,68,103,171,51,69,120,26,30,56,1,9,10,879,915,1794,1793,240,0.13385387618516453
2021-04-30,78,60,138,62,54,116,59,91,150,81,100,181,73,95,168,76,74,150,52,82,134,40,45,85,21,24,45,3,11,14,545,636,1181,1181,277,0.23454699407281965
2021-05-01,54,43,97,59,38,97,66,66,132,101,84,185,95,94,189,64,94,158,56,50,106,34,39,73,15,30,45,0,5,5,544,543,1087,1086,227,0.20902394106813996
2021-05-02,52,43,95,55,56,111,88,99,187,130,130,260,91,128,219,95,95,190,69,90,159,33,50,83,15,23,38,1,16,17,629,730,1359,1359,187,0.13760117733627666
2021-05-03,107,94,201,90,87,177,178,180,358,219,224,443,181,204,385,143,190,333,132,172,304,55,88,143,21,44,65,2,16,18,1128,1299,2427,2427,262,0.10795220436753193
2021-05-04,81,76,157,101,93,194,170,137,307,183,178,361,165,156,321,141,172,313,99,150,249,64,94,158,27,32,59,1,14,15,1032,1102,2134,2134,197,0.0923149015932521
2021-05-05,86,76,162,89,80,169,140,159,299,179,176,355,173,148,321,119,148,267,91,98,189,56,58,114,28,31,59,7,11,18,968,985,1953,1951,482,0.24705279343926193
2021-05-06,73,78,151,104,94,198,144,156,300,186,181,367,188,165,353,141,155,296,105,98,203,48,63,111,25,35,60,4,22,26,1018,1047,2065,2065,470,0.22760290556900725
2021-05-07,78,85,163,106,96,202,159,168,327,172,193,365,168,187,355,113,162,275,101,116,217,54,83,137,15,27,42,2,6,8,968,1123,2091,2091,265,0.12673362027737925
2021-05-08,43,49,92,52,36,88,81,90,171,121,106,227,80,94,174,70,75,145,54,48,102,35,30,65,18,22,40,0,10,10,554,560,1114,1114,196,0.17594254937163376
2021-05-09,57,51,108,49,48,97,69,85,154,92,118,210,106,97,203,62,82,144,54,57,111,36,49,85,15,17,32,10,2,12,550,606,1156,1156,140,0.12110726643598616
2021-05-10,89,88,177,87,85,172,172,163,335,192,178,370,162,194,356,143,153,296,126,125,251,61,94,155,23,41,64,0,9,9,1055,1130,2185,2184,239,0.10943223443223443
2021-05-11,85,71,156,83,73,156,122,109,231,158,137,295,138,115,253,97,108,205,102,113,215,47,69,116,22,26,48,6,8,14,860,829,1689,1689,219,0.12966252220248667
2021-05-12,74,71,145,77,65,142,111,120,231,153,117,270,153,131,284,112,107,219,81,96,177,38,50,88,14,33,47,4,9,13,817,799,1616,1616,268,0.16584158415841585
2021-05-13,105,69,174,59,60,119,127,141,268,138,158,296,145,119,264,89,120,209,69,83,152,37,53,90,15,40,55,1,5,6,785,848,1633,1632,290,0.17769607843137256
2021-05-14,82,89,171,82,95,177,157,169,326,193,174,367,157,188,345,139,147,286,91,123,214,52,67,119,29,36,65,5,5,10,987,1093,2080,2080,264,0.12692307692307692
2021-05-15,61,71,132,64,62,126,96,121,217,116,145,261,116,132,248,87,101,188,76,95,171,26,37,63,20,28,48,1,13,14,663,805,1468,1468,229,0.15599455040871935
2021-05-16,47,54,101,56,56,112,79,60,139,104,122,226,96,94,190,83,95,178,60,61,121,31,39,70,13,23,36,1,8,9,570,612,1182,1182,178,0.1505922165820643
2021-05-17,136,116,252,113,110,223,173,180,353,224,235,459,201,231,432,178,192,370,131,147,278,81,100,181,33,60,93,2,17,19,1272,1388,2660,2660,342,0.12857142857142856
2021-05-18,102,119,221,123,104,227,204,159,363,221,221,442,250,214,464,179,168,347,115,135,250,62,77,139,23,44,67,4,9,13,1283,1250,2533,2533,310,0.12238452427951046
2021-05-19,122,99,221,121,111,232,197,197,394,243,252,495,239,200,439,163,185,348,129,146,275,65,80,145,25,32,57,5,16,21,1309,1318,2627,2627,242,0.09212028930338789
2021-05-20,121,120,241,113,130,243,235,225,460,274,235,509,227,209,436,164,180,344,132,141,273,62,79,141,25,43,68,4,13,17,1357,1375,2732,2732,242,0.08857979502196194
2021-05-21,95,78,173,85,90,175,173,183,356,213,225,438,195,193,388,145,164,309,113,141,254,53,59,112,22,50,72,1,9,10,1095,1192,2287,2287,358,0.1565369479667687
2021-05-22,50,36,86,55,56,111,87,96,183,139,125,264,105,108,213,80,87,167,56,54,110,26,35,61,15,28,43,1,11,12,614,636,1250,1250,295,0.236
2021-05-23,50,44,94,42,53,95,73,80,153,103,98,201,91,74,165,72,90,162,48,69,117,33,29,62,11,38,49,9,13,22,532,588,1120,1120,186,0.16607142857142856
2021-05-24,73,48,121,73,86,159,135,128,263,167,181,348,140,178,318,123,173,296,87,119,206,64,67,131,25,34,59,2,10,12,889,1024,1913,1913,196,0.10245687401986409
2021-05-25,63,44,107,52,68,120,132,118,250,146,140,286,155,127,282,138,117,255,81,99,180,48,49,97,14,36,50,5,8,13,834,806,1640,1639,195,0.11897498474679682
2021-05-26,88,72,160,107,114,221,188,164,352,196,196,392,207,200,407,193,185,378,104,142,246,55,71,126,24,50,74,7,6,13,1169,1200,2369,2369,219,0.09244406922752216
2021-05-27,71,63,134,65,81,146,153,163,316,180,156,336,159,136,295,143,156,299,84,107,191,71,67,138,16,38,54,3,15,18,945,982,1927,1926,258,0.13395638629283488
2021-05-28,78,70,148,102,107,209,174,177,351,219,189,408,192,201,393,190,208,398,117,172,289,59,73,132,19,41,60,6,11,17,1156,1249,2405,2405,246,0.10228690228690229
2021-05-29,53,56,109,52,61,113,104,129,233,158,133,291,149,122,271,95,112,207,66,84,150,39,44,83,17,37,54,4,12,16,737,790,1527,1527,191,0.12508185985592665
2021-05-30,32,42,74,40,42,82,94,96,190,128,119,247,121,90,211,69,78,147,52,54,106,22,41,63,14,25,39,3,9,12,575,596,1171,1171,147,0.125533731853117
2021-05-31,71,67,138,97,82,179,183,180,363,237,207,444,195,189,384,128,143,271,92,120,212,59,88,147,24,45,69,2,13,15,1088,1134,2222,2222,221,0.09945994599459947
2021-06-01,83,74,157,84,81,165,163,146,309,187,182,369,141,161,302,143,152,295,116,105,221,67,69,136,33,41,74,4,11,15,1021,1022,2043,2044,191,0.09344422700587084
2021-06-02,103,72,175,93,99,192,162,178,340,184,210,394,175,169,344,118,132,250,96,134,230,64,84,148,26,43,69,7,11,18,1028,1132,2160,2159,240,0.111162575266327
2021-06-03,86,85,171,115,78,193,172,157,329,213,197,410,183,174,357,124,144,268,99,123,222,62,78,140,22,23,45,4,13,17,1080,1072,2152,2150,212,0.0986046511627907
2021-06-04,116,100,216,104,100,204,193,176,369,209,210,419,198,189,387,161,201,362,109,123,232,71,92,163,24,47,71,1,8,9,1186,1246,2432,2432,247,0.1015625
2021-06-05,62,61,123,41,50,91,100,124,224,135,143,278,126,112,238,90,92,182,52,63,115,39,61,100,15,21,36,4,14,18,664,741,1405,1405,238,0.1693950177935943
2021-06-06,58,70,128,57,62,119,94,98,192,130,111,241,115,92,207,99,97,196,60,78,138,36,50,86,12,25,37,0,13,13,661,696,1357,1357,147,0.10832719233603537
2021-06-07,82,116,198,98,107,205,175,163,338,212,201,413,165,190,355,163,175,338,131,137,268,81,114,195,31,61,92,7,34,41,1145,1298,2443,2443,248,0.10151453131395825
2021-06-08,104,105,209,94,93,187,168,179,347,201,185,386,172,148,320,151,183,334,84,99,183,56,104,160,23,43,66,4,14,18,1057,1153,2210,2210,180,0.08144796380090498
2021-06-09,105,99,204,104,87,191,200,170,370,202,212,414,174,188,362,151,179,330,103,118,221,64,70,134,25,52,77,3,12,15,1131,1187,2318,2316,217,0.09369602763385147
2021-06-10,106,110,216,87,88,175,180,182,362,207,222,429,162,165,327,131,167,298,75,128,203,73,93,166,25,37,62,5,19,24,1051,1211,2262,2259,224,0.09915891987605135
2021-06-11,82,86,168,75,92,167,154,173,327,200,211,411,189,199,388,148,155,303,99,114,213,62,97,159,30,53,83,7,11,18,1046,1191,2237,2237,287,0.12829682610639248
2021-06-12,76,63,139,59,55,114,124,112,236,144,137,281,126,128,254,91,119,210,70,89,159,36,62,98,22,28,50,4,11,15,752,804,1556,1556,182,0.11696658097686376
2021-06-13,71,79,150,62,67,129,93,77,170,111,108,219,125,113,238,91,103,194,58,72,130,31,43,74,18,28,46,4,10,14,664,700,1364,1364,148,0.10850439882697947
2021-06-14,123,98,221,95,100,195,155,163,318,205,216,421,192,189,381,144,169,313,92,148,240,73,91,164,28,40,68,12,14,26,1119,1228,2347,2347,214,0.09118023008095441
2021-06-15,115,117,232,106,97,203,177,171,348,185,206,391,174,178,352,146,158,304,116,127,243,62,76,138,31,31,62,3,12,15,1115,1173,2288,2288,208,0.09090909090909091
2021-06-16,109,114,223,107,85,192,170,175,345,201,208,409,190,198,388,116,149,265,99,116,215,51,70,121,27,37,64,1,11,12,1071,1163,2234,2234,183,0.0819158460161146
2021-06-17,110,108,218,106,123,229,175,174,349,190,218,408,188,186,374,113,142,255,103,131,234,80,86,166,21,44,65,3,9,12,1089,1221,2310,2310,211,0.09134199134199134
2021-06-18,95,77,172,97,94,191,174,142,316,196,213,409,161,212,373,99,149,248,80,112,192,49,79,128,24,22,46,5,14,19,980,1114,2094,2095,273,0.13031026252983294
2021-06-19,73,82,155,62,55,117,96,99,195,114,135,249,123,133,256,72,85,157,77,68,145,48,53,101,17,33,50,2,7,9,684,750,1434,1434,303,0.2112970711297071
2021-06-20,71,55,126,44,34,78,59,63,122,82,112,194,88,89,177,64,72,136,58,67,125,41,42,83,10,26,36,2,7,9,519,567,1086,1086,145,0.13351749539594843
2021-06-21,84,81,165,70,47,117,87,118,205,142,129,271,133,117,250,104,110,214,64,68,132,45,60,105,25,23,48,5,4,9,759,757,1516,1515,183,0.12079207920792079
2021-06-22,134,115,249,106,103,209,161,176,337,192,192,384,203,192,395,128,145,273,122,142,264,58,91,149,22,45,67,12,12,24,1138,1213,2351,2352,231,0.09821428571428571
2021-06-23,142,118,260,129,105,234,143,178,321,221,211,432,183,219,402,119,138,257,109,119,228,54,86,140,28,45,73,6,14,20,1134,1233,2367,2366,224,0.09467455621301775
2021-06-24,149,115,264,107,112,219,154,182,336,191,236,427,214,182,396,109,168,277,99,131,230,63,74,137,18,39,57,2,9,11,1106,1248,2354,2354,333,0.14146134239592184
2021-06-25,150,125,275,114,114,228,162,206,368,218,278,496,198,203,401,165,196,361,116,160,276,63,104,167,25,49,74,9,19,28,1220,1454,2674,2673,437,0.1634867190422746
2021-06-26,76,70,146,55,57,112,85,86,171,124,126,250,103,128,231,86,74,160,72,107,179,47,83,130,19,29,48,4,12,16,671,772,1443,1443,183,0.12681912681912683
2021-06-27,88,75,163,45,56,101,84,95,179,103,100,203,86,108,194,61,68,129,58,65,123,39,45,84,9,24,33,2,8,10,575,644,1219,1219,179,0.1468416735028712
2021-06-28,103,78,181,61,60,121,81,109,190,145,133,278,105,148,253,89,88,177,78,66,144,52,65,117,27,28,55,2,14,16,743,789,1532,1531,226,0.14761593729588504
2021-06-29,101,127,228,99,97,196,160,179,339,172,175,347,143,154,297,122,116,238,92,88,180,69,70,139,19,47,66,2,22,24,979,1075,2054,2054,248,0.12074001947419669
2021-06-30,142,128,270,119,108,227,150,165,315,215,195,410,181,179,360,108,165,273,83,114,197,62,71,133,26,41,67,5,10,15,1091,1176,2267,2267,237,0.10454344949272165
2021-07-01,98,101,199,85,88,173,141,156,297,158,202,360,141,166,307,103,137,240,81,113,194,57,69,126,27,46,73,3,14,17,894,1092,1986,1985,258,0.12997481108312342
2021-07-02,145,117,262,132,113,245,158,169,327,192,230,422,133,204,337,123,165,288,91,127,218,60,78,138,21,38,59,5,11,16,1060,1252,2312,2312,283,0.12240484429065744
2021-07-03,76,86,162,75,70,145,101,116,217,127,149,276,103,129,232,84,95,179,64,85,149,40,62,102,15,31,46,8,13,21,693,836,1529,1529,248,0.16219751471550034
2021-07-04,83,111,194,61,52,113,80,104,184,103,127,230,78,95,173,74,96,170,58,73,131,27,52,79,11,24,35,5,11,16,580,745,1325,1325,296,0.22339622641509435
2021-07-05,161,149,310,121,114,235,187,186,373,215,228,443,167,201,368,130,166,296,99,114,213,79,81,160,32,47,79,6,15,21,1197,1301,2498,2497,286,0.1145374449339207
2021-07-06,176,159,335,166,125,291,199,190,389,217,236,453,205,209,414,109,143,252,92,128,220,70,84,154,21,43,64,3,20,23,1258,1337,2595,2595,284,0.10944123314065511
2021-07-07,153,148,301,136,122,258,184,166,350,231,224,455,205,195,400,150,139,289,76,104,180,55,66,121,19,50,69,8,12,20,1217,1226,2443,2442,258,0.10565110565110565
2021-07-08,138,162,300,144,131,275,188,206,394,238,255,493,192,241,433,161,185,346,88,147,235,60,99,159,36,28,64,4,12,16,1249,1466,2715,2714,557,0.20523212969786292
2021-07-09,97,105,202,104,93,197,123,125,248,145,176,321,142,151,293,106,101,207,74,79,153,37,58,95,17,33,50,8,8,16,853,929,1782,1782,279,0.15656565656565657
2021-07-10,96,109,205,92,87,179,97,121,218,135,163,298,116,135,251,105,118,223,75,94,169,41,62,103,18,35,53,5,9,14,780,933,1713,1714,242,0.1411901983663944
2021-07-11,122,111,233,79,56,135,100,95,195,120,146,266,105,157,262,90,100,190,74,70,144,43,56,99,9,21,30,8,12,20,750,824,1574,1574,232,0.1473951715374841
2021-07-12,172,163,335,147,135,282,196,207,403,249,242,491,215,238,453,144,201,345,120,132,252,67,84,151,23,36,59,9,15,24,1342,1453,2795,2795,336,0.12021466905187836
2021-07-13,177,147,324,143,132,275,189,188,377,201,212,413,193,212,405,137,178,315,98,139,237,68,98,166,27,53,80,8,17,25,1241,1376,2617,2617,370,0.14138326327856324
2021-07-14,183,167,350,192,151,343,222,206,428,226,254,480,212,241,453,156,189,345,121,133,254,54,74,128,19,48,67,3,11,14,1388,1474,2862,2860,316,0.11048951048951049
2021-07-15,161,133,294,181,160,341,215,184,399,247,237,484,236,276,512,161,185,346,112,142,254,61,82,143,22,37,59,7,16,23,1403,1452,2855,2855,334,0.1169877408056042
2021-07-16,134,139,273,123,129,252,199,218,417,208,256,464,242,238,480,158,160,318,94,125,219,47,82,129,21,47,68,3,14,17,1229,1408,2637,2637,309,0.11717861205915814
2021-07-17,99,107,206,97,87,184,130,127,257,146,175,321,142,166,308,113,116,229,74,80,154,55,54,109,8,18,26,5,10,15,869,940,1809,1807,296,0.16380741560597675
2021-07-18,83,78,161,81,81,162,101,116,217,119,139,258,123,132,255,96,106,202,56,71,127,52,57,109,25,34,59,2,8,10,738,822,1560,1559,187,0.11994868505452214
2021-07-19,141,133,274,110,100,210,192,206,398,178,217,395,199,208,407,142,191,333,121,149,270,70,105,175,25,43,68,5,6,11,1183,1358,2541,2541,303,0.1192443919716647
2021-07-20,144,128,272,88,93,181,165,169,334,192,205,397,166,183,349,141,145,286,115,122,237,58,83,141,26,41,67,4,20,24,1099,1189,2288,2288,316,0.1381118881118881
2021-07-21,153,140,293,143,121,264,213,187,400,215,232,447,199,246,445,165,194,359,129,178,307,70,112,182,29,59,88,3,12,15,1319,1481,2800,2799,300,0.10718113612004287
2021-07-22,142,122,264,140,126,266,183,205,388,240,256,496,247,265,512,164,191,355,103,129,232,75,83,158,29,49,78,2,11,13,1325,1437,2762,2762,344,0.12454742939898625
2021-07-23,121,97,218,102,108,210,167,149,316,205,219,424,160,207,367,132,152,284,95,117,212,45,78,123,14,33,47,4,15,19,1045,1175,2220,2218,333,0.15013525698827773
2021-07-24,97,103,200,99,104,203,146,168,314,176,209,385,196,182,378,126,154,280,80,126,206,57,65,122,21,27,48,3,9,12,1001,1147,2148,2148,261,0.12150837988826815
2021-07-25,93,90,183,101,107,208,100,120,220,166,201,367,240,218,458,130,141,271,97,78,175,66,68,134,10,25,35,6,9,15,1009,1057,2066,2065,192,0.09297820823244551
2021-07-26,121,140,261,162,190,352,178,251,429,232,283,515,278,329,607,207,226,433,126,177,303,74,126,200,32,63,95,8,20,28,1418,1805,3223,3223,344,0.1067328575860999
2021-07-27,93,105,198,93,118,211,133,167,300,180,193,373,171,157,328,118,136,254,87,110,197,55,92,147,23,33,56,4,11,15,957,1122,2079,2077,261,0.1256620125180549
2021-07-28,102,102,204,92,116,208,185,181,366,201,208,409,176,180,356,140,164,304,121,123,244,60,80,140,23,37,60,6,5,11,1106,1196,2302,2302,283,0.12293657688966117
2021-07-29,118,88,206,114,113,227,157,161,318,218,237,455,175,215,390,138,150,288,91,114,205,51,72,123,20,25,45,4,17,21,1086,1192,2278,2277,247,0.10847606499780413
2021-07-30,117,112,229,146,142,288,228,243,471,239,309,548,212,278,490,182,224,406,144,163,307,67,112,179,28,52,80,8,13,21,1371,1648,3019,3018,429,0.14214711729622267
2021-07-31,121,119,240,119,152,271,126,167,293,218,268,486,258,281,539,167,176,343,89,145,234,58,81,139,21,21,42,2,14,16,1179,1424,2603,2603,248,0.09527468305800998
2021-08-01,125,139,264,120,155,275,106,117,223,190,204,394,239,269,508,125,152,277,92,101,193,45,77,122,15,43,58,6,11,17,1063,1268,2331,2330,242,0.10386266094420601
2021-08-02,183,156,339,162,180,342,174,218,392,258,294,552,266,326,592,174,232,406,159,205,364,79,111,190,41,63,104,5,16,21,1501,1801,3302,3301,392,0.11875189336564677
2021-08-03,201,173,374,155,181,336,179,212,391,224,266,490,233,282,515,180,216,396,145,192,337,104,119,223,24,61,85,4,17,21,1449,1719,3168,3167,373,0.11777707609725292
2021-08-04,179,142,321,138,128,266,183,195,378,224,229,453,181,214,395,145,183,328,118,147,265,63,107,170,18,40,58,1,18,19,1250,1403,2653,2652,319,0.12028657616892911
2021-08-05,193,203,396,147,163,310,243,255,498,258,288,546,260,278,538,199,254,453,135,163,298,74,103,177,31,54,85,10,15,25,1550,1776,3326,3324,384,0.11552346570397112
2021-08-06,207,182,389,222,177,399,256,278,534,279,307,586,261,320,581,170,239,409,162,233,395,94,147,241,32,40,72,3,14,17,1686,1937,3623,3622,401,0.11071231363887354
2021-08-07,126,137,263,122,138,260,150,157,307,180,191,371,165,183,348,117,161,278,97,124,221,61,108,169,20,37,57,5,6,11,1043,1242,2285,2285,321,0.14048140043763677
2021-08-08,179,185,364,141,141,282,108,133,241,169,180,349,170,203,373,112,135,247,109,143,252,60,60,120,14,43,57,6,11,17,1068,1234,2302,2302,332,0.14422241529105126
2021-08-09,283,270,553,187,185,372,215,294,509,298,314,612,236,314,550,210,244,454,157,205,362,102,100,202,37,55,92,10,16,26,1735,1997,3732,3732,398,0.10664523043944266
2021-08-10,327,296,623,240,239,479,252,293,545,285,334,619,269,338,607,227,254,481,165,187,352,95,131,226,31,58,89,4,17,21,1895,2147,4042,4038,559,0.13843486874690442
2021-08-11,277,279,556,251,247,498,264,306,570,318,343,661,299,337,636,205,270,475,157,184,341,89,105,194,40,60,100,9,23,32,1909,2154,4063,4062,428,0.10536681437715412
2021-08-12,291,284,575,248,259,507,242,299,541,277,327,604,277,336,613,184,270,454,140,145,285,86,103,189,35,46,81,9,19,28,1789,2088,3877,3876,483,0.12461300309597523
2021-08-13,358,309,667,335,335,670,258,324,582,354,412,766,316,388,704,217,330,547,159,229,388,104,151,255,38,52,90,6,15,21,2145,2545,4690,4690,535,0.1140724946695096
2021-08-14,218,208,426,195,186,381,141,191,332,219,262,481,200,286,486,150,201,351,104,140,244,79,87,166,19,41,60,3,9,12,1328,1611,2939,2939,484,0.16468186457978903
2021-08-15,182,172,354,153,133,286,124,120,244,182,211,393,170,200,370,134,161,295,95,122,217,64,78,142,20,39,59,2,12,14,1126,1248,2374,2374,328,0.13816343723673125
2021-08-16,246,243,489,188,175,363,146,164,310,199,223,422,198,250,448,150,174,324,87,117,204,79,88,167,22,36,58,5,9,14,1320,1479,2799,2799,384,0.13719185423365488
2021-08-17,400,322,722,311,287,598,238,306,544,357,404,761,272,407,679,236,306,542,171,215,386,100,123,223,24,76,100,10,20,30,2119,2466,4585,4583,592,0.1291730307658739
2021-08-18,377,354,731,354,284,638,198,260,458,306,363,669,279,301,580,187,263,450,150,189,339,94,123,217,23,65,88,15,17,32,1983,2219,4202,4202,534,0.1270823417420276
2021-08-19,353,315,668,290,270,560,197,280,477,308,351,659,263,342,605,200,247,447,134,180,314,67,100,167,26,48,74,8,12,20,1846,2145,3991,3991,510,0.12778752192432974
2021-08-20,421,392,813,354,342,696,233,272,505,291,369,660,286,377,663,209,274,483,158,211,369,98,125,223,27,54,81,8,10,18,2085,2426,4511,4511,545,0.12081578363999114
2021-08-21,219,245,464,181,166,347,150,206,356,225,275,500,207,233,440,155,177,332,109,155,264,69,94,163,23,44,67,3,15,18,1341,1610,2951,2951,490,0.16604540833615725
2021-08-22,312,275,587,192,180,372,125,141,266,207,284,491,209,274,483,175,203,378,111,144,255,72,85,157,23,37,60,5,14,19,1431,1637,3068,3068,473,0.15417209908735333
2021-08-23,561,556,1117,352,358,710,246,317,563,343,400,743,319,399,718,209,303,512,177,243,420,111,146,257,38,64,102,4,17,21,2360,2803,5163,5162,686,0.13289422704378148
2021-08-24,577,569,1146,379,342,721,250,297,547,295,428,723,270,346,616,207,274,481,159,225,384,89,124,213,47,48,95,4,17,21,2277,2670,4947,4947,645,0.13038204972710735
2021-08-25,562,539,1101,350,331,681,194,254,448,275,385,660,295,368,663,210,239,449,163,212,375,104,125,229,35,35,70,7,25,32,2195,2513,4708,4707,602,0.12789462502655619
2021-08-26,568,547,1115,361,323,684,227,309,536,301,410,711,288,361,649,164,279,443,153,198,351,88,143,231,37,58,95,6,14,20,2193,2642,4835,4835,542,0.11209927611168563
2021-08-27,622,530,1152,372,396,768,221,277,498,298,421,719,258,388,646,227,271,498,171,209,380,88,129,217,23,59,82,5,10,15,2285,2690,4975,4975,525,0.10552763819095477
2021-08-28,327,281,608,194,171,365,152,181,333,224,256,480,171,261,432,136,158,294,108,140,248,51,87,138,27,34,61,3,7,10,1393,1576,2969,2970,404,0.13602693602693602
2021-08-29,369,339,708,154,173,327,102,150,252,194,213,407,189,219,408,131,171,302,92,119,211,63,83,146,33,42,75,2,5,7,1329,1514,2843,2842,486,0.17100633356790992
2021-08-30,647,590,1237,374,319,693,212,259,471,303,380,683,295,346,641,174,251,425,152,202,354,79,122,201,47,53,100,3,21,24,2286,2543,4829,4829,583,0.12072892938496584
2021-08-31,717,650,1367,469,401,870,223,311,534,323,376,699,294,397,691,221,257,478,171,225,396,92,144,236,33,54,87,7,17,24,2550,2832,5382,5381,486,0.09031778479836462
2021-09-01,653,596,1249,408,357,765,218,238,456,313,384,697,258,320,578,185,229,414,151,174,325,80,122,202,34,66,100,5,15,20,2305,2501,4806,4806,448,0.09321681231793591
2021-09-02,534,487,1021,292,306,598,178,215,393,273,293,566,214,307,521,161,211,372,133,151,284,86,96,182,23,39,62,7,15,22,1901,2120,4021,4021,397,0.09873165879134543
2021-09-03,429,409,838,303,292,595,196,220,416,259,331,590,272,301,573,169,230,399,149,199,348,89,127,216,25,45,70,2,11,13,1893,2165,4058,4058,433,0.1067028092656481
2021-09-04,244,258,502,122,125,247,103,128,231,161,203,364,182,200,382,122,141,263,89,113,202,56,88,144,22,43,65,4,10,14,1105,1309,2414,2414,377,0.15617232808616405
2021-09-05,268,273,541,146,145,291,110,122,232,195,233,428,162,191,353,112,150,262,97,128,225,78,82,160,24,31,55,8,12,20,1200,1367,2567,2566,302,0.11769290724863601
2021-09-06,593,558,1151,314,268,582,205,248,453,282,336,618,268,327,595,186,250,436,156,194,350,121,114,235,34,61,95,6,19,25,2165,2375,4540,4539,501,0.11037673496364839
2021-09-07,475,516,991,270,330,600,192,215,407,238,305,543,218,262,480,172,205,377,122,166,288,72,115,187,23,53,76,5,23,28,1787,2190,3977,3976,429,0.10789738430583501
2021-09-08,380,401,781,287,229,516,147,163,310,206,251,457,185,251,436,165,188,353,109,116,225,67,92,159,27,32,59,8,15,23,1581,1738,3319,3318,458,0.13803496081977096
2021-09-09,425,411,836,252,214,466,145,193,338,218,246,464,187,211,398,129,186,315,116,118,234,76,89,165,33,53,86,4,18,22,1585,1739,3324,3321,427,0.12857573020174645
2021-09-10,445,357,802,290,290,580,231,321,552,323,446,769,346,451,797,290,362,652,201,307,508,93,151,244,50,47,97,5,15,20,2274,2747,5021,5021,428,0.08524198366859191
2021-09-11,226,225,451,158,166,324,195,253,448,246,319,565,263,298,561,205,243,448,165,217,382,75,130,205,29,26,55,4,7,11,1566,1884,3450,3449,625,0.18121194549144679
2021-09-12,210,203,413,114,107,221,90,96,186,131,171,302,137,150,287,106,119,225,93,124,217,41,67,108,13,28,41,5,9,14,940,1074,2014,2014,307,0.15243296921549157
2021-09-13,433,441,874,266,275,541,193,242,435,257,314,571,256,308,564,172,253,425,167,176,343,97,136,233,26,64,90,8,20,28,1875,2229,4104,4104,432,0.10526315789473684
2021-09-14,464,414,878,245,222,467,153,178,331,205,271,476,193,239,432,137,197,334,117,173,290,78,120,198,25,43,68,6,14,20,1623,1871,3494,3493,514,0.14715144574864014
2021-09-15,341,321,662,230,196,426,110,174,284,166,258,424,164,222,386,107,158,265,86,126,212,57,83,140,30,44,74,6,20,26,1297,1602,2899,2897,421,0.14532274767000344
2021-09-16,334,298,632,219,227,446,124,162,286,168,255,423,175,248,423,118,155,273,86,146,232,76,106,182,25,38,63,9,10,19,1334,1645,2979,2978,324,0.10879785090664876
2021-09-17,419,399,818,264,259,523,146,182,328,193,241,434,198,240,438,133,184,317,112,141,253,95,113,208,21,57,78,3,8,11,1584,1824,3408,3407,406,0.11916642207220429
2021-09-18,211,207,418,111,128,239,111,125,236,135,163,298,129,183,312,113,118,231,106,134,240,59,90,149,26,30,56,4,8,12,1005,1186,2191,2192,405,0.18476277372262773
2021-09-19,256,227,483,98,104,202,87,110,197,130,173,303,141,133,274,88,115,203,86,87,173,45,67,112,13,34,47,6,8,14,950,1058,2008,2007,286,0.1425012456402591
2021-09-20,471,465,936,359,369,728,149,196,345,239,267,506,210,240,450,159,204,363,139,166,305,81,107,188,23,48,71,7,9,16,1837,2071,3908,3907,418,0.10698745840798567
2021-09-21,380,364,744,157,153,310,116,177,293,194,201,395,184,194,378,121,152,273,115,138,253,88,105,193,29,45,74,1,7,8,1385,1536,2921,2920,346,0.1184931506849315
2021-09-22,430,375,805,309,280,589,119,170,289,175,268,443,170,225,395,111,176,287,105,149,254,78,83,161,18,49,67,6,18,24,1521,1793,3314,3311,399,0.12050739957716702
2021-09-23,364,332,696,320,296,616,115,171,286,173,273,446,168,223,391,116,162,278,117,167,284,87,101,188,22,34,56,7,13,20,1489,1772,3261,3260,339,0.10398773006134969
2021-09-24,313,322,635,215,177,392,122,142,264,158,175,333,142,201,343,105,154,259,114,142,256,66,99,165,24,46,70,4,8,12,1263,1466,2729,2729,337,0.1234884573103701
2021-09-25,190,149,339,81,86,167,83,100,183,124,132,256,104,130,234,83,103,186,75,90,165,53,68,121,20,30,50,2,13,15,815,901,1716,1715,427,0.24897959183673468
2021-09-26,221,184,405,89,95,184,72,90,162,123,145,268,119,143,262,80,113,193,81,89,170,44,54,98,14,30,44,3,7,10,846,950,1796,1796,222,0.12360801781737193
2021-09-27,403,356,759,302,239,541,131,171,302,200,231,431,203,195,398,126,175,301,103,163,266,90,102,192,23,44,67,6,14,20,1587,1690,3277,3277,384,0.11718034787915776
2021-09-28,413,342,755,366,404,770,116,167,283,182,204,386,158,207,365,114,151,265,101,132,233,65,75,140,17,44,61,5,10,15,1537,1736,3273,3272,342,0.10452322738386308
2021-09-29,345,286,631,247,260,507,124,174,298,177,213,390,167,192,359,115,153,268,104,142,246,71,108,179,38,33,71,9,8,17,1397,1569,2966,2963,279,0.0941613229834627
2021-09-30,274,266,540,326,339,665,116,147,263,151,181,332,117,169,286,110,141,251,96,135,231,59,86,145,20,41,61,7,10,17,1276,1515,2791,2789,198,0.07099318752240946
2021-10-01,351,262,613,355,359,714,123,157,280,182,235,417,186,190,376,134,135,269,98,135,233,77,104,181,26,56,82,4,18,22,1536,1651,3187,3187,398,0.1248823344838406
2021-10-02,180,184,364,104,100,204,104,110,214,112,159,271,96,113,209,90,110,200,70,110,180,61,56,117,13,34,47,2,9,11,832,985,1817,1818,232,0.1276127612761276
2021-10-03,158,148,306,98,87,185,100,115,215,119,111,230,106,122,228,74,100,174,61,93,154,41,60,101,14,30,44,1,4,5,772,870,1642,1642,226,0.13763702801461633
2021-10-04,346,354,700,383,312,695,136,180,316,163,256,419,175,216,391,137,178,315,119,159,278,83,110,193,28,36,64,6,15,21,1576,1816,3392,3392,350,0.10318396226415094
2021-10-05,355,308,663,317,388,705,120,163,283,211,251,462,176,192,368,130,166,296,99,142,241,65,99,164,28,45,73,10,12,22,1511,1766,3277,3276,295,0.09004884004884005
2021-10-06,289,242,531,262,282,544,148,162,310,185,243,428,190,204,394,111,189,300,109,129,238,61,96,157,27,37,64,6,9,15,1388,1593,2981,2981,299,0.10030191211003019
2021-10-07,234,248,482,155,164,319,123,164,287,195,230,425,170,207,377,134,174,308,96,153,249,89,90,179,26,42,68,3,14,17,1225,1486,2711,2711,421,0.15529324972334932
2021-10-08,126,112,238,105,109,214,121,125,246,136,157,293,164,148,312,110,137,247,106,123,229,55,63,118,18,29,47,7,13,20,948,1016,1964,1964,267,0.13594704684317718
2021-10-09,103,102,205,117,120,237,95,114,209,134,154,288,124,138,262,99,122,221,93,115,208,60,87,147,18,36,54,5,8,13,848,996,1844,1843,280,0.1519262072707542
2021-10-10,136,136,272,77,89,166,88,110,198,129,142,271,121,136,257,90,107,197,94,100,194,51,70,121,15,25,40,2,6,8,803,921,1724,1723,259,0.15031921067904816
2021-10-11,153,146,299,117,121,238,122,114,236,173,165,338,160,169,329,116,139,255,114,126,240,72,81,153,17,27,44,4,10,14,1048,1098,2146,2143,303,0.14139057396173588
2021-10-12,291,253,544,304,311,615,150,227,377,237,228,465,210,252,462,154,186,340,138,199,337,87,108,195,33,51,84,8,15,23,1612,1830,3442,3442,329,0.09558396281231842
2021-10-13,301,277,578,311,298,609,186,234,420,254,254,508,222,231,453,155,156,311,116,168,284,79,106,185,24,38,62,4,5,9,1652,1767,3419,3418,345,0.10093622001170276
2021-10-14,269,255,524,341,330,671,161,210,371,203,233,436,222,239,461,168,214,382,143,177,320,86,102,188,27,57,84,6,17,23,1626,1834,3460,3460,271,0.07832369942196532
2021-10-15,235,200,435,233,243,476,124,192,316,202,211,413,172,216,388,150,145,295,121,172,293,71,122,193,20,42,62,2,8,10,1330,1551,2881,2880,313,0.10868055555555556
2021-10-16,139,114,253,127,153,280,119,118,237,168,177,345,156,181,337,124,147,271,108,134,242,84,113,197,28,40,68,2,10,12,1055,1187,2242,2241,327,0.1459170013386881
2021-10-17,122,109,231,138,125,263,73,91,164,125,138,263,133,148,281,92,97,189,67,82,149,55,74,129,18,26,44,1,4,5,824,894,1718,1717,193,0.11240535818287711
2021-10-18,316,306,622,212,242,454,171,200,371,227,237,464,195,213,408,157,202,359,161,191,352,91,131,222,40,54,94,5,8,13,1575,1784,3359,3357,350,0.10425975573428657
2021-10-19,337,327,664,223,232,455,147,175,322,176,220,396,148,220,368,117,152,269,116,133,249,74,91,165,27,39,66,6,16,22,1371,1605,2976,2975,332,0.11159663865546218
2021-10-20,343,310,653,237,264,501,171,220,391,189,256,445,172,221,393,141,159,300,102,159,261,83,121,204,25,42,67,4,8,12,1467,1760,3227,3226,409,0.12678239305641661
2021-10-21,346,349,695,248,272,520,153,188,341,202,284,486,171,242,413,120,207,327,109,164,273,78,123,201,26,53,79,3,19,22,1456,1901,3357,3357,379,0.11289842120941317
2021-10-22,330,347,677,300,326,626,137,220,357,222,267,489,189,286,475,147,219,366,119,190,309,87,111,198,30,57,87,8,13,21,1569,2036,3605,3604,378,0.1048834628190899
2021-10-23,191,182,373,161,162,323,80,128,208,145,156,301,135,180,315,114,144,258,91,122,213,64,67,131,14,30,44,7,11,18,1002,1182,2184,2184,300,0.13736263736263737
2021-10-24,238,200,438,135,111,246,78,120,198,127,172,299,125,164,289,110,134,244,88,99,187,48,75,123,20,19,39,2,7,9,971,1101,2072,2072,246,0.11872586872586872
2021-10-25,436,442,878,270,277,547,187,247,434,265,297,562,227,288,515,153,239,392,170,247,417,88,135,223,27,39,66,2,8,10,1825,2219,4044,4044,456,0.11275964391691394
2021-10-26,407,363,770,337,280,617,190,216,406,210,275,485,201,271,472,156,206,362,147,197,344,77,111,188,23,57,80,2,8,10,1750,1984,3734,3734,314,0.08409212640599893
2021-10-27,362,353,715,275,244,519,174,192,366,190,239,429,177,238,415,147,205,352,108,176,284,98,106,204,29,42,71,2,11,13,1562,1806,3368,3364,308,0.09155766944114149
2021-10-28,371,370,741,310,273,583,140,201,341,198,235,433,165,217,382,119,159,278,131,159,290,76,104,180,33,39,72,6,14,20,1549,1771,3320,3319,271,0.08165109972883398
2021-10-29,322,328,650,298,296,594,142,202,344,216,246,462,224,263,487,150,208,358,139,181,320,89,136,225,28,58,86,3,8,11,1611,1926,3537,3537,402,0.11365564037319763
2021-10-30,179,156,335,172,182,354,89,100,189,151,186,337,152,167,319,114,125,239,101,122,223,71,84,155,27,36,63,4,5,9,1060,1163,2223,2223,357,0.16059379217273953
2021-10-31,161,179,340,153,158,311,90,107,197,116,143,259,128,162,290,100,125,225,80,94,174,41,71,112,17,24,41,4,12,16,890,1075,1965,1964,254,0.12932790224032586
2021-11-01,315,336,651,249,252,501,124,194,318,230,272,502,248,287,535,171,238,409,151,211,362,112,148,260,21,54,75,7,13,20,1628,2005,3633,3633,362,0.09964216900633086
2021-11-02,336,321,657,256,252,508,143,179,322,197,212,409,148,255,403,130,198,328,132,166,298,76,110,186,31,49,80,4,11,15,1453,1753,3206,3204,352,0.10986267166042447
2021-11-03,343,272,615,275,321,596,144,197,341,195,248,443,204,268,472,168,197,365,128,161,289,85,116,201,24,32,56,1,11,12,1567,1823,3390,3390,336,0.09911504424778761
2021-11-04,266,268,534,264,260,524,129,174,303,191,236,427,181,240,421,162,199,361,135,169,304,73,101,174,30,47,77,8,13,21,1439,1707,3146,3147,347,0.11026374324753734
2021-11-05,246,239,485,243,253,496,152,183,335,192,238,430,184,233,417,158,198,356,143,167,310,77,95,172,27,35,62,4,11,15,1426,1652,3078,3078,404,0.13125406107862247
2021-11-06,157,129,286,175,159,334,97,122,219,153,160,313,131,155,286,119,132,251,92,103,195,54,72,126,22,29,51,0,9,9,1000,1070,2070,2070,246,0.11884057971014493
2021-11-07,153,176,329,167,163,330,80,132,212,112,126,238,118,148,266,107,144,251,81,106,187,41,64,105,25,13,38,5,4,9,889,1076,1965,1965,244,0.12417302798982188
2021-11-08,363,339,702,253,234,487,170,220,390,234,263,497,218,298,516,161,214,375,147,187,334,96,127,223,39,52,91,4,11,15,1685,1945,3630,3630,408,0.11239669421487604
2021-11-09,329,306,635,239,224,463,125,205,330,202,226,428,194,227,421,137,192,329,111,128,239,73,89,162,23,51,74,6,9,15,1439,1657,3096,3094,296,0.09566903684550743
2021-11-10,343,277,620,236,269,505,179,214,393,209,254,463,222,246,468,171,198,369,104,152,256,60,103,163,21,45,66,4,10,14,1549,1768,3317,3317,262,0.07898703647874586
2021-11-11,322,306,628,261,266,527,159,170,329,229,299,528,185,241,426,130,188,318,111,136,247,63,97,160,23,43,66,2,14,16,1485,1760,3245,3244,256,0.07891491985203453
2021-11-12,274,277,551,304,309,613,165,196,361,242,327,569,225,299,524,173,243,416,157,274,431,89,130,219,34,42,76,2,14,16,1665,2111,3776,3776,379,0.1003707627118644
2021-11-13,171,175,346,249,225,474,123,153,276,186,195,381,159,186,345,115,161,276,88,137,225,81,121,202,22,30,52,4,8,12,1198,1391,2589,2589,338,0.13055233680957898
2021-11-14,146,151,297,115,88,203,63,77,140,108,127,235,111,109,220,69,95,164,54,89,143,46,60,106,8,15,23,4,10,14,724,821,1545,1545,251,0.16245954692556636
2021-11-15,318,314,632,260,235,495,140,184,324,216,269,485,184,264,448,151,221,372,143,193,336,98,143,241,35,54,89,4,12,16,1549,1889,3438,3437,330,0.09601396566773349
2021-11-16,297,313,610,238,209,447,138,202,340,184,291,475,221,227,448,171,196,367,123,179,302,73,121,194,26,28,54,4,7,11,1475,1773,3248,3248,370,0.11391625615763547
2021-11-17,311,283,594,223,189,412,164,178,342,218,325,543,214,302,516,168,235,403,126,205,331,102,125,227,26,37,63,6,9,15,1558,1888,3446,3446,308,0.0893789901334881
2021-11-18,321,265,586,282,248,530,161,227,388,235,292,527,208,261,469,144,238,382,155,166,321,76,89,165,30,40,70,10,10,20,1622,1836,3458,3458,351,0.10150375939849623
2021-11-19,226,234,460,300,306,606,153,179,332,183,282,465,217,253,470,154,230,384,134,150,284,74,124,198,24,37,61,1,9,10,1466,1804,3270,3269,290,0.08871214438666258
2021-11-20,160,141,301,203,225,428,99,141,240,131,175,306,125,162,287,108,135,243,111,110,221,65,71,136,20,25,45,3,5,8,1025,1190,2215,2215,317,0.14311512415349886
2021-11-21,129,122,251,180,165,345,61,58,119,100,118,218,105,119,224,82,85,167,70,120,190,35,72,107,19,26,45,3,4,7,784,889,1673,1673,281,0.1679617453676031
2021-11-22,160,191,351,178,180,358,90,95,185,137,174,311,129,203,332,117,137,254,80,125,205,75,73,148,24,38,62,3,9,12,993,1225,2218,2218,325,0.14652840396753833
2021-11-23,277,262,539,188,208,396,130,160,290,182,211,393,156,214,370,105,190,295,109,144,253,58,106,164,34,34,68,2,11,13,1241,1540,2781,2779,448,0.16120906801007556
2021-11-24,253,237,490,185,183,368,125,174,299,190,204,394,144,222,366,109,197,306,86,133,219,75,78,153,21,42,63,2,6,8,1190,1476,2666,2665,394,0.14784240150093808
2021-11-25,246,254,500,232,200,432,154,172,326,233,259,492,210,217,427,164,180,344,128,153,281,73,97,170,25,38,63,1,8,9,1466,1578,3044,3044,267,0.08771353482260184
2021-11-26,211,227,438,345,336,681,180,167,347,226,264,490,209,264,473,168,190,358,132,156,288,85,113,198,24,39,63,1,12,13,1581,1768,3349,3349,366,0.10928635413556285
2021-11-27,139,152,291,229,215,444,148,154,302,209,217,426,211,207,418,141,163,304,140,156,296,95,104,199,36,34,70,4,12,16,1352,1414,2766,2766,300,0.10845986984815618
2021-11-28,131,126,257,119,152,271,81,88,169,116,127,243,123,159,282,87,102,189,74,97,171,38,48,86,11,30,41,4,6,10,784,935,1719,1719,193,0.11227457824316463
2021-11-29,231,223,454,323,311,634,180,208,388,221,265,486,230,260,490,168,211,379,151,188,339,104,139,243,34,49,83,2,9,11,1644,1863,3507,3507,363,0.10350727117194183
2021-11-30,229,226,455,249,247,496,173,237,410,265,272,537,205,272,477,159,227,386,132,180,312,77,118,195,30,45,75,2,18,20,1521,1842,3363,3363,431,0.12815938150460898
2021-12-01,285,215,500,254,226,480,138,236,374,227,259,486,207,273,480,145,210,355,142,211,353,92,126,218,28,45,73,3,13,16,1521,1814,3335,3334,370,0.11097780443911218
2021-12-02,254,228,482,307,359,666,185,275,460,296,326,622,246,305,551,184,264,448,151,209,360,91,122,213,34,44,78,0,11,11,1748,2143,3891,3891,406,0.10434335646363403
2021-12-03,170,182,352,190,226,416,130,160,290,196,206,402,167,172,339,117,148,265,109,119,228,68,85,153,21,40,61,2,12,14,1170,1350,2520,2520,448,0.17777777777777778
2021-12-04,173,141,314,284,328,612,145,178,323,200,227,427,168,231,399,114,164,278,103,125,228,57,82,139,24,41,65,2,10,12,1270,1527,2797,2797,337,0.12048623525205578
2021-12-05,184,171,355,310,298,608,122,176,298,168,192,360,160,191,351,115,162,277,96,124,220,76,90,166,12,34,46,2,8,10,1245,1446,2691,2691,266,0.09884801189149016
2021-12-06,319,331,650,295,331,626,230,292,522,289,343,632,256,340,596,209,262,471,173,235,408,102,145,247,31,67,98,7,7,14,1911,2353,4264,4264,386,0.09052532833020638
2021-12-07,294,307,601,303,327,630,210,284,494,275,376,651,249,310,559,189,262,451,124,205,329,95,141,236,30,58,88,6,12,18,1775,2282,4057,4056,450,0.11094674556213018
2021-12-08,198,200,398,172,159,331,160,244,404,192,244,436,171,216,387,142,178,320,102,162,264,73,90,163,22,37,59,3,5,8,1235,1535,2770,2769,292,0.1054532322137956
2021-12-09,260,269,529,329,345,674,242,353,595,315,396,711,284,373,657,207,297,504,170,218,388,112,148,260,40,51,91,5,10,15,1964,2460,4424,4422,462,0.1044776119402985
2021-12-10,251,310,561,558,536,1094,256,355,611,364,447,811,298,384,682,221,264,485,154,238,392,107,169,276,31,55,86,4,9,13,2244,2767,5011,5006,510,0.10187774670395526
2021-12-11,175,154,329,314,372,686,183,223,406,213,267,480,214,261,475,159,180,339,107,157,264,73,99,172,19,35,54,3,8,11,1460,1756,3216,3214,345,0.10734287492221531
2021-12-12,178,186,364,247,275,522,146,232,378,219,258,477,203,258,461,140,192,332,110,156,266,65,104,169,21,42,63,3,12,15,1332,1715,3047,3047,306,0.10042664916311125
2021-12-13,291,296,587,352,375,727,308,445,753,324,409,733,290,356,646,216,322,538,201,260,461,134,157,291,46,77,123,8,20,28,2170,2717,4887,4887,542,0.11090648659709433
2021-12-14,296,302,598,342,366,708,344,474,818,409,536,945,306,388,694,221,298,519,187,233,420,117,166,283,40,47,87,6,14,20,2268,2824,5092,5092,475,0.09328358208955224
2021-12-15,310,312,622,301,377,678,334,440,774,407,453,860,323,401,724,233,316,549,163,212,375,110,116,226,39,63,102,9,11,20,2229,2701,4930,4929,515,0.10448366808683303
2021-12-16,379,384,763,447,501,948,409,583,992,499,606,1105,396,482,878,281,380,661,197,258,455,98,149,247,34,65,99,1,10,11,2741,3418,6159,6156,548,0.08901884340480831
2021-12-17,353,354,707,480,569,1049,434,573,1007,509,575,1084,385,521,906,295,375,670,185,292,477,125,165,290,36,53,89,3,11,14,2805,3488,6293,6290,767,0.121939586645469
2021-12-18,222,209,431,306,338,644,269,395,664,370,426,796,268,343,611,228,269,497,146,203,349,87,142,229,20,44,64,2,11,13,1918,2380,4298,4298,523,0.12168450442066077
2021-12-19,216,235,451,237,280,517,210,289,499,289,385,674,251,284,535,196,239,435,147,167,314,87,99,186,25,33,58,3,4,7,1661,2015,3676,3676,498,0.13547334058759522
2021-12-20,366,391,757,420,432,852,438,577,1015,529,599,1128,435,535,970,326,452,778,210,319,529,146,207,353,42,80,122,8,12,20,2920,3604,6524,6522,747,0.11453541858325667
2021-12-21,327,363,690,421,430,851,540,630,1170,625,760,1385,466,544,1010,325,425,750,200,272,472,110,151,261,30,67,97,4,11,15,3048,3653,6701,6699,753,0.11240483654276757
2021-12-22,450,358,808,451,559,1010,674,901,1575,742,969,1711,608,790,1398,418,583,1001,290,388,678,156,207,363,31,64,95,7,18,25,3827,4837,8664,8656,924,0.1067467652495379
2021-12-23,414,444,858,557,598,1155,767,901,1668,821,985,1806,594,800,1394,413,602,1015,299,419,718,136,223,359,41,88,129,3,16,19,4045,5076,9121,9111,1263,0.13862364175172867
2021-12-24,246,225,471,298,314,612,369,482,851,417,480,897,323,439,762,243,328,571,170,204,374,89,124,213,31,45,76,3,6,9,2189,2647,4836,4832,996,0.20612582781456953
2021-12-25,112,98,210,122,153,275,115,151,266,158,170,328,145,167,312,115,148,263,75,112,187,49,77,126,14,30,44,1,7,8,906,1113,2019,2006,722,0.35992023928215355
2021-12-26,261,272,533,402,439,841,429,484,913,488,578,1066,465,564,1029,382,473,855,239,311,550,161,169,330,31,63,94,6,9,15,2864,3362,6226,6218,989,0.1590543583145706
2021-12-27,381,371,752,568,653,1221,638,754,1392,782,885,1667,640,910,1550,501,696,1197,355,454,809,192,281,473,58,90,148,2,19,21,4117,5113,9230,9216,1073,0.1164279513888889
2021-12-28,382,366,748,672,711,1383,738,895,1633,809,976,1785,703,924,1627,586,743,1329,387,504,891,168,233,401,49,104,153,2,16,18,4496,5472,9968,9959,1010,0.10141580479967868
2021-12-29,412,370,782,724,749,1473,866,1088,1954,851,1086,1937,766,1017,1783,554,819,1373,397,493,890,184,267,451,50,97,147,9,7,16,4813,5993,10806,10788,1112,0.10307749351130886
2021-12-30,533,486,1019,885,949,1834,1061,1193,2254,975,1227,2202,847,1159,2006,646,938,1584,443,676,1119,224,377,601,50,111,161,10,23,33,5674,7139,12813,12797,1115,0.08712979604594827
2021-12-31,197,207,404,408,381,789,471,539,1010,495,517,1012,424,511,935,307,452,759,225,298,523,110,163,273,35,51,86,2,13,15,2674,3132,5806,5768,602,0.10436893203883495
2022-01-01,102,105,207,123,132,255,132,157,289,157,204,361,159,204,363,143,194,337,90,122,212,50,77,127,20,23,43,0,12,12,976,1230,2206,2178,348,0.15977961432506887
2022-01-02,159,141,300,164,166,330,150,183,333,157,224,381,202,249,451,138,175,313,105,120,225,54,68,122,10,31,41,0,5,5,1139,1362,2501,2470,567,0.22955465587044535
2022-01-03,313,299,612,385,462,847,536,619,1155,536,636,1172,479,688,1167,386,580,966,309,354,663,139,211,350,26,68,94,6,16,22,3115,3933,7048,7039,892,0.12672254581616707
2022-01-04,372,347,719,592,643,1235,798,974,1772,784,896,1680,706,896,1602,516,662,1178,339,462,801,142,217,359,53,82,135,7,12,19,4309,5191,9500,9489,797,0.08399199072610392
2022-01-05,300,280,580,426,515,941,644,819,1463,708,826,1534,605,731,1336,433,573,1006,287,397,684,133,190,323,27,57,84,5,12,17,3568,4400,7968,7962,1039,0.13049485054006532
2022-01-06,204,184,388,306,331,637,444,577,1021,442,564,1006,371,497,868,265,408,673,170,283,453,97,133,230,22,48,70,5,10,15,2326,3035,5361,5350,936,0.17495327102803737
2022-01-07,103,76,179,55,66,121,112,170,282,180,225,405,147,154,301,94,136,230,82,111,193,47,47,94,11,19,30,1,7,8,832,1011,1843,1828,1048,0.5733041575492341
2022-01-08,76,66,142,53,67,120,59,100,159,87,149,236,102,123,225,62,107,169,48,84,132,32,56,88,11,20,31,2,5,7,532,777,1309,1304,675,0.5176380368098159
2022-01-09,55,56,111,34,60,94,44,71,115,77,94,171,68,82,150,45,72,117,45,46,91,15,28,43,12,18,30,1,0,1,396,527,923,911,508,0.557628979143798
2022-01-10,103,94,197,62,75,137,101,126,227,125,165,290,107,141,248,72,97,169,62,84,146,40,58,98,9,40,49,1,21,22,682,901,1583,1565,684,0.4370607028753994
2022-01-11,86,111,197,58,65,123,102,141,243,150,180,330,121,157,278,72,118,190,70,82,152,31,65,96,22,28,50,2,11,13,714,958,1672,1645,470,0.2857142857142857
2022-01-12,109,98,207,60,58,118,91,136,227,132,189,321,111,156,267,97,112,209,81,88,169,44,67,111,26,58,84,1,21,22,752,983,1735,1719,449,0.26119837114601513
2022-01-13,85,89,174,66,51,117,94,135,229,114,177,291,124,136,260,81,126,207,55,89,144,33,56,89,19,68,87,6,24,30,677,951,1628,1624,464,0.2857142857142857
2022-01-14,103,94,197,72,105,177,85,130,215,139,181,320,108,170,278,90,110,200,82,107,189,59,70,129,19,58,77,4,19,23,761,1044,1805,1800,521,0.28944444444444445
2022-01-15,102,93,195,82,93,175,108,125,233,147,175,322,154,165,319,90,124,214,71,90,161,34,50,84,8,20,28,1,5,6,797,940,1737,1731,491,0.28365106874638935
2022-01-16,77,56,133,46,31,77,42,48,90,56,68,124,56,79,135,29,56,85,26,44,70,21,22,43,5,18,23,1,5,6,359,427,786,782,384,0.49104859335038364
2022-01-17,105,94,199,59,64,123,81,117,198,132,176,308,106,160,266,77,112,189,86,93,179,34,59,93,15,58,73,2,25,27,697,958,1655,1644,639,0.3886861313868613
2022-01-18,128,101,229,73,103,176,108,168,276,165,225,390,144,201,345,97,131,228,81,126,207,64,88,152,24,55,79,4,17,21,888,1215,2103,2093,533,0.2546583850931677
2022-01-19,106,94,200,83,80,163,93,125,218,141,193,334,145,181,326,104,145,249,76,132,208,60,97,157,30,73,103,3,33,36,841,1153,1994,1987,480,0.24157020634121792
2022-01-20,109,85,194,78,72,150,102,140,242,140,177,317,144,181,325,104,148,252,85,107,192,49,72,121,31,37,68,0,14,14,842,1033,1875,1855,389,0.20970350404312668
2022-01-21,103,103,206,66,110,176,115,140,255,168,243,411,155,203,358,101,145,246,103,130,233,53,94,147,23,51,74,1,22,23,888,1241,2129,2114,551,0.260643330179754
2022-01-22,91,118,209,88,90,178,109,139,248,180,235,415,152,209,361,112,153,265,71,113,184,47,79,126,20,21,41,4,7,11,874,1164,2038,2033,298,0.14658140678799803
2022-01-23,194,227,421,271,317,588,246,356,602,411,506,917,397,564,961,325,430,755,183,276,459,83,114,197,25,33,58,1,8,9,2136,2831,4967,4959,238,0.04799354708610607
2022-01-24,145,157,302,166,205,371,219,256,475,267,353,620,282,337,619,178,255,433,152,220,372,93,132,225,24,63,87,4,23,27,1530,2001,3531,3516,475,0.1350967007963595
2022-01-25,265,208,473,309,318,627,380,432,812,382,546,928,429,526,955,296,412,708,249,332,581,139,196,335,52,87,139,7,31,38,2508,3088,5596,5580,338,0.06057347670250896
2022-01-26,222,205,427,256,290,546,283,401,684,369,490,859,336,432,768,274,391,665,217,292,509,121,158,279,48,110,158,7,38,45,2133,2807,4940,4931,538,0.10910565808152504
2022-01-27,236,232,468,338,389,727,356,503,859,489,659,1148,443,618,1061,319,457,776,266,346,612,133,208,341,32,92,124,7,31,38,2619,3535,6154,6139,378,0.06157354618015964
2022-01-28,219,208,427,292,287,579,296,392,688,356,555,911,357,502,859,288,436,724,217,331,548,109,180,289,25,88,113,3,25,28,2162,3004,5166,5144,613,0.11916796267496112
2022-01-29,186,166,352,208,249,457,216,270,486,298,402,700,315,373,688,255,305,560,179,297,476,110,143,253,40,48,88,3,10,13,1810,2263,4073,4062,384,0.09453471196454949
2022-01-30,177,155,332,231,260,491,199,272,471,260,341,601,320,425,745,237,301,538,148,245,393,90,131,221,26,51,77,1,9,10,1689,2190,3879,3878,320,0.08251676121712223
2022-01-31,258,231,489,318,403,721,334,350,684,383,510,893,361,551,912,269,397,666,202,290,492,124,202,326,34,73,107,6,19,25,2289,3026,5315,5303,507,0.09560626060720347
2022-02-01,289,242,531,402,434,836,360,459,819,436,553,989,465,607,1072,300,470,770,235,330,565,146,242,388,43,97,140,8,37,45,2684,3471,6155,6139,420,0.06841505131128849
2022-02-02,222,213,435,338,304,642,323,380,703,379,491,870,335,519,854,259,362,621,237,295,532,127,209,336,45,80,125,7,32,39,2272,2885,5157,5150,629,0.12213592233009708
2022-02-03,145,143,288,181,185,366,177,216,393,211,277,488,224,307,531,166,200,366,149,200,349,71,115,186,19,42,61,3,8,11,1346,1693,3039,3011,416,0.1381600797077383
2022-02-04,203,192,395,218,241,459,267,300,567,324,391,715,271,450,721,246,347,593,184,290,474,111,162,273,32,73,105,3,18,21,1859,2464,4323,4310,447,0.1037122969837587
2022-02-05,136,140,276,134,154,288,159,188,347,194,260,454,193,250,443,149,210,359,100,158,258,71,88,159,15,36,51,6,14,20,1157,1498,2655,2649,243,0.09173272933182333
2022-02-06,172,123,295,141,141,282,146,176,322,190,246,436,239,310,549,120,226,346,108,155,263,61,89,150,21,27,48,3,12,15,1201,1505,2706,2704,214,0.07914201183431953
2022-02-07,209,182,391,191,220,411,236,302,538,324,386,710,272,362,634,224,322,546,171,277,448,122,168,290,36,89,125,9,15,24,1794,2323,4117,4114,288,0.07000486144871172
2022-02-08,166,139,305,162,198,360,231,318,549,258,347,605,247,319,566,163,269,432,148,234,382,97,137,234,34,58,92,7,9,16,1513,2028,3541,3541,269,0.07596724089240328
2022-02-09,208,175,383,192,189,381,237,228,465,290,332,622,191,315,506,165,246,411,158,191,349,99,121,220,30,49,79,4,8,12,1574,1854,3428,3426,283,0.08260361938120257
2022-02-10,198,204,402,214,226,440,256,308,564,320,383,703,275,375,650,215,304,519,146,223,369,107,168,275,47,78,125,2,17,19,1780,2286,4066,4060,323,0.07955665024630541
2022-02-11,161,154,315,172,205,377,257,282,539,297,302,599,240,283,523,174,252,426,164,248,412,80,125,205,30,81,111,6,30,36,1581,1962,3543,3543,306,0.0863674851820491
2022-02-12,111,97,208,135,137,272,145,189,334,203,225,428,167,203,370,130,177,307,120,136,256,68,99,167,21,48,69,6,10,16,1106,1321,2427,2425,273,0.11257731958762887
2022-02-13,97,110,207,117,123,240,153,171,324,184,244,428,182,228,410,128,160,288,78,134,212,58,78,136,13,29,42,1,9,10,1011,1286,2297,2294,212,0.09241499564080209
2022-02-14,236,187,423,204,207,411,277,338,615,337,374,711,302,358,660,225,292,517,190,239,429,104,164,268,39,59,98,5,10,15,1919,2228,4147,4147,428,0.10320713768989631
2022-02-15,233,216,449,216,238,454,316,344,660,353,399,752,300,356,656,210,292,502,151,251,402,105,129,234,40,68,108,4,21,25,1928,2314,4242,4240,327,0.07712264150943396
2022-02-16,262,220,482,207,219,426,317,381,698,315,344,659,270,331,601,195,258,453,137,225,362,83,131,214,33,53,86,5,14,19,1824,2176,4000,3997,272,0.06805103827870904
2022-02-17,231,205,436,206,209,415,298,305,603,331,395,726,264,307,571,191,294,485,171,217,388,93,161,254,35,67,102,4,19,23,1824,2179,4003,4001,352,0.08797800549862535
2022-02-18,200,172,372,203,217,420,300,344,644,331,402,733,257,342,599,178,286,464,155,206,361,82,134,216,26,48,74,7,10,17,1739,2161,3900,3900,367,0.0941025641025641
2022-02-19,136,128,264,116,131,247,149,203,352,188,226,414,172,217,389,130,158,288,92,129,221,56,87,143,18,25,43,3,7,10,1060,1311,2371,2370,200,0.08438818565400844
2022-02-20,199,172,371,129,114,243,167,188,355,176,198,374,158,184,342,104,142,246,89,109,198,56,69,125,20,27,47,1,7,8,1099,1210,2309,2308,243,0.10528596187175043
2022-02-21,276,239,515,204,179,383,353,332,685,352,377,729,312,336,648,245,259,504,202,220,422,114,142,256,38,67,105,3,19,22,2099,2170,4269,4269,325,0.07613024127430311
2022-02-22,334,271,605,208,203,411,314,389,703,342,388,730,309,308,617,199,299,498,183,251,434,119,158,277,34,55,89,6,15,21,2048,2337,4385,4385,293,0.06681870011402509
2022-02-23,301,254,555,211,205,416,340,346,686,334,363,697,283,302,585,201,253,454,148,209,357,96,128,224,26,41,67,3,14,17,1943,2115,4058,4056,290,0.07149901380670612
2022-02-24,261,232,493,170,163,333,265,282,547,314,322,636,220,274,494,183,204,387,128,148,276,78,96,174,20,37,57,2,15,17,1641,1773,3414,3413,261,0.07647231174919426
2022-02-25,322,377,699,229,196,425,302,357,659,338,375,713,265,309,574,206,271,477,176,207,383,79,127,206,28,52,80,3,16,19,1948,2287,4235,4232,431,0.10184310018903592
2022-02-26,225,212,437,121,112,233,185,188,373,217,189,406,159,186,345,137,152,289,90,132,222,65,74,139,18,44,62,0,21,21,1217,1310,2527,2525,396,0.15683168316831683
2022-02-27,269,216,485,119,99,218,148,166,314,191,205,396,152,206,358,95,119,214,97,117,214,63,69,132,22,31,53,1,4,5,1157,1232,2389,2388,371,0.15536013400335008
2022-02-28,353,327,680,156,138,294,208,261,469,247,326,573,189,221,410,178,206,384,153,162,315,89,112,201,28,31,59,8,10,18,1609,1794,3403,3403,377,0.11078460182192183
2022-03-01,348,349,697,171,142,313,172,211,383,212,265,477,231,199,430,158,192,350,108,141,249,62,83,145,28,32,60,1,10,11,1491,1624,3115,3115,497,0.15955056179775282
2022-03-02,461,391,852,219,189,408,296,338,634,339,460,799,261,309,570,189,265,454,156,179,335,90,126,216,37,62,99,6,25,31,2054,2344,4398,4397,538,0.12235615192176484
2022-03-03,482,434,916,257,260,517,313,343,656,353,410,763,261,291,552,163,192,355,164,204,368,100,117,217,27,53,80,5,12,17,2125,2316,4441,4438,497,0.11198738170347003
2022-03-04,369,335,704,287,262,549,339,410,749,367,419,786,298,312,610,210,253,463,189,226,415,101,121,222,22,54,76,2,12,14,2184,2404,4588,4584,548,0.11954624781849912
2022-03-05,275,260,535,169,195,364,226,273,499,255,290,545,217,268,485,154,188,342,158,180,338,87,98,185,17,39,56,7,11,18,1565,1802,3367,3363,448,0.13321439191198334
2022-03-06,276,287,563,187,190,377,169,210,379,200,235,435,177,211,388,110,156,266,106,141,247,84,85,169,15,22,37,0,7,7,1324,1544,2868,2867,416,0.14509940704569235
2022-03-07,485,410,895,301,235,536,291,363,654,330,376,706,286,320,606,195,244,439,185,226,411,108,121,229,19,59,78,4,16,20,2204,2370,4574,4573,443,0.0968729499234638
2022-03-08,508,427,935,284,279,563,289,332,621,301,369,670,276,294,570,171,235,406,166,203,369,89,132,221,30,53,83,2,14,16,2116,2338,4454,4453,406,0.0911744891084662
2022-03-09,349,317,666,224,233,457,283,303,586,303,341,644,254,291,545,165,227,392,153,216,369,104,110,214,24,42,66,2,10,12,1861,2090,3951,3951,389,0.09845608706656543
2022-03-10,356,358,714,245,263,508,253,307,560,275,353,628,221,274,495,158,201,359,133,174,307,61,110,171,23,41,64,3,10,13,1728,2091,3819,3818,434,0.11367207962283918
2022-03-11,361,331,692,242,214,456,255,336,591,307,344,651,254,301,555,176,216,392,157,189,346,97,132,229,30,45,75,8,11,19,1887,2119,4006,4006,435,0.10858711932101847
2022-03-12,256,251,507,168,147,315,158,202,360,226,267,493,186,224,410,157,158,315,131,140,271,73,91,164,23,26,49,3,9,12,1381,1515,2896,2895,481,0.16614853195164075
2022-03-13,309,269,578,189,165,354,166,231,397,222,259,481,173,206,379,124,164,288,99,136,235,62,74,136,26,33,59,3,5,8,1373,1542,2915,2915,400,0.137221269296741
2022-03-14,471,480,951,324,288,612,335,363,698,357,450,807,312,374,686,208,281,489,195,224,419,116,134,250,32,45,77,5,11,16,2355,2650,5005,5002,498,0.09956017592962815
2022-03-15,516,452,968,324,257,581,299,330,629,291,406,697,283,327,610,219,271,490,153,205,358,105,143,248,28,59,87,6,16,22,2224,2466,4690,4689,490,0.10449989336745574
2022-03-16,435,358,793,233,259,492,279,327,606,322,400,722,251,310,561,180,269,449,156,218,374,88,131,219,39,44,83,8,16,24,1991,2332,4323,4321,513,0.11872251793566305
2022-03-17,338,309,647,246,256,502,223,281,504,282,334,616,250,281,531,166,235,401,137,172,309,78,142,220,22,56,78,6,9,15,1748,2075,3823,3823,545,0.14255820036620456
2022-03-18,235,198,433,149,136,285,170,219,389,190,266,456,158,194,352,116,154,270,95,154,249,60,66,126,20,30,50,5,18,23,1198,1435,2633,2627,465,0.17700799390940236
2022-03-19,168,155,323,102,116,218,148,181,329,207,243,450,150,154,304,132,145,277,97,127,224,68,74,142,21,26,47,0,6,6,1093,1227,2320,2320,295,0.1271551724137931
2022-03-20,181,162,343,102,109,211,141,161,302,165,197,362,108,149,257,108,118,226,92,114,206,59,59,118,18,37,55,4,12,16,978,1118,2096,2096,255,0.12166030534351145
2022-03-21,298,324,622,179,169,348,210,298,508,286,310,596,243,273,516,183,230,413,139,187,326,80,107,187,20,34,54,4,12,16,1642,1944,3586,3585,289,0.0806136680613668
2022-03-22,186,181,367,162,173,335,219,238,457,229,321,550,233,252,485,159,187,346,126,192,318,85,97,182,12,31,43,0,8,8,1411,1680,3091,3089,272,0.08805438653285853
2022-03-23,173,160,333,145,141,286,171,230,401,218,237,455,158,197,355,130,157,287,102,121,223,49,80,129,20,21,41,1,4,5,1167,1348,2515,2515,81,0.03220675944333996
