FECHA,<=10M,<=10F,<=10,11-20M,11-20F,11-20,21-30M,21-30F,21-30,31-40M,31-40F,31-40,41-50M,41-50F,41-50,51-60M,51-60F,51-60,61-70M,61-70F,61-70,71-80M,71-80F,71-80,81-90M,81-90F,81-90,>=91M,>=91F,>=91,TotalM,TotalF,Total,DelayCount,CumDelay,DelayAvg
2020-03-15,1,0,1,0,0,0,0,1,1,2,1,3,0,0,0,1,0,1,0,0,0,1,1,2,0,0,0,0,0,0,5,3,8,8,26,3.25
2020-03-16,1,2,3,0,1,1,1,1,2,1,1,2,0,0,0,2,0,2,2,1,3,0,0,0,0,0,0,0,0,0,7,6,13,13,46,3.5384615384615383
2020-03-17,0,4,4,0,1,1,0,1,1,1,0,1,0,2,2,1,1,2,1,1,2,1,2,3,1,0,1,0,0,0,5,12,17,17,37,2.176470588235294
2020-03-18,2,1,3,0,0,0,0,0,0,2,1,3,0,1,1,1,1,2,0,1,1,1,1,2,1,0,1,0,0,0,7,6,13,13,22,1.6923076923076923
2020-03-19,1,0,1,0,0,0,2,1,3,3,1,4,1,1,2,0,0,0,1,1,2,1,1,2,0,0,0,1,0,1,10,5,15,15,36,2.4
2020-03-20,1,0,1,1,0,1,0,0,0,0,2,2,0,0,0,0,0,0,0,1,1,2,2,4,1,0,1,0,0,0,5,5,10,10,20,2.0
2020-03-21,0,0,0,0,0,0,2,1,3,2,2,4,1,1,2,0,0,0,1,1,2,2,1,3,0,0,0,0,0,0,8,6,14,14,38,2.7142857142857144
2020-03-22,0,0,0,0,0,0,3,1,4,0,0,0,0,0,0,1,1,2,0,1,1,2,0,2,2,2,4,0,0,0,8,5,13,13,35,2.6923076923076925
2020-03-23,1,0,1,1,2,3,0,1,1,1,1,2,0,0,0,2,0,2,2,0,2,3,1,4,3,4,7,0,1,1,13,10,23,23,46,2.0
2020-03-24,1,0,1,0,0,0,0,0,0,1,1,2,0,1,1,2,1,3,0,0,0,2,0,2,1,1,2,1,0,1,8,4,12,12,16,1.3333333333333333
2020-03-25,1,2,3,0,0,0,0,2,2,2,0,2,0,0,0,0,2,2,2,1,3,2,2,4,2,4,6,2,1,3,11,14,25,25,36,1.44
2020-03-26,3,2,5,2,0,2,1,2,3,3,2,5,1,2,3,0,1,1,1,3,4,3,1,4,3,0,3,3,1,4,20,14,34,34,141,4.147058823529412
2020-03-27,1,2,3,0,1,1,0,1,1,2,0,2,1,1,2,1,1,2,1,3,4,4,6,10,3,3,6,2,5,7,15,23,38,38,89,2.3421052631578947
2020-03-28,2,0,2,0,0,0,1,0,1,0,0,0,0,1,1,3,1,4,3,0,3,3,4,7,2,1,3,1,0,1,15,7,22,22,65,2.9545454545454546
2020-03-29,1,0,1,1,1,2,0,1,1,2,0,2,1,2,3,1,0,1,6,3,9,1,1,2,5,2,7,2,1,3,20,11,31,31,65,2.096774193548387
2020-03-30,1,1,2,0,0,0,1,2,3,1,3,4,3,1,4,1,1,2,4,0,4,2,5,7,6,1,7,3,2,5,22,16,38,38,76,2.0
2020-03-31,5,1,6,2,0,2,1,1,2,3,2,5,2,0,2,1,0,1,4,2,6,4,3,7,1,3,4,4,0,4,27,12,39,39,78,2.0
2020-04-01,6,6,12,0,2,2,2,3,5,4,1,5,7,3,10,2,1,3,4,1,5,5,2,7,4,5,9,0,1,1,34,25,59,59,150,2.542372881355932
2020-04-02,4,5,9,4,5,9,0,2,2,3,3,6,3,2,5,1,2,3,5,5,10,6,6,12,6,5,11,2,2,4,34,37,71,71,116,1.6338028169014085
2020-04-03,12,5,17,1,1,2,4,6,10,5,4,9,2,6,8,0,3,3,5,1,6,4,2,6,4,5,9,2,6,8,39,39,78,78,146,1.8717948717948718
2020-04-04,6,5,11,0,1,1,0,4,4,2,8,10,4,1,5,3,0,3,4,2,6,2,3,5,4,2,6,1,3,4,26,29,55,55,91,1.6545454545454545
2020-04-05,3,5,8,2,1,3,6,0,6,3,0,3,9,2,11,3,2,5,0,8,8,5,9,14,4,4,8,2,2,4,37,33,70,70,111,1.5857142857142856
2020-04-06,7,4,11,2,1,3,3,2,5,10,0,10,7,3,10,6,1,7,3,5,8,10,2,12,6,5,11,1,3,4,55,26,81,81,122,1.5061728395061729
2020-04-07,7,5,12,1,2,3,4,2,6,3,4,7,3,4,7,4,1,5,2,3,5,6,8,14,5,9,14,3,1,4,38,39,77,77,95,1.2337662337662338
2020-04-08,3,5,8,2,1,3,1,2,3,3,2,5,7,3,10,1,2,3,5,2,7,7,4,11,3,3,6,3,6,9,35,30,65,65,82,1.2615384615384615
2020-04-09,1,1,2,1,0,1,2,5,7,9,7,16,2,3,5,4,5,9,2,2,4,8,9,17,3,9,12,4,5,9,36,46,82,82,108,1.3170731707317074
2020-04-10,13,2,15,2,1,3,1,3,4,2,1,3,8,1,9,1,2,3,4,1,5,1,10,11,4,6,10,2,5,7,38,32,70,70,89,1.2714285714285714
2020-04-11,5,3,8,2,2,4,3,4,7,4,2,6,4,1,5,0,2,2,2,6,8,5,2,7,4,7,11,1,5,6,30,34,64,64,87,1.359375
2020-04-12,4,4,8,1,0,1,0,2,2,4,1,5,2,4,6,5,1,6,2,2,4,2,8,10,3,4,7,1,2,3,24,28,52,52,82,1.5769230769230769
2020-04-13,3,5,8,4,3,7,8,2,10,4,7,11,1,1,2,4,4,8,5,4,9,5,6,11,6,8,14,6,6,12,46,46,92,92,114,1.2391304347826086
2020-04-14,11,4,15,2,0,2,5,4,9,6,1,7,4,4,8,6,5,11,4,7,11,7,5,12,6,3,9,5,4,9,56,37,93,93,105,1.1290322580645162
2020-04-15,5,3,8,4,4,8,1,4,5,4,6,10,5,8,13,3,7,10,5,3,8,8,2,10,8,7,15,5,3,8,48,47,95,95,138,1.4526315789473685
2020-04-16,6,2,8,3,4,7,4,3,7,5,7,12,9,7,16,5,7,12,4,10,14,5,3,8,4,5,9,1,4,5,46,52,98,98,107,1.0918367346938775
2020-04-17,6,4,10,1,2,3,1,6,7,3,8,11,7,5,12,6,5,11,7,3,10,12,4,16,5,7,12,1,4,5,49,48,97,97,138,1.422680412371134
2020-04-18,4,5,9,2,0,2,7,1,8,9,2,11,6,4,10,5,2,7,2,2,4,4,9,13,4,7,11,3,5,8,46,37,83,83,124,1.4939759036144578
2020-04-19,4,6,10,4,1,5,2,1,3,3,3,6,4,1,5,5,6,11,2,5,7,6,8,14,2,7,9,2,1,3,34,39,73,73,86,1.178082191780822
2020-04-20,8,4,12,7,4,11,9,2,11,11,5,16,5,5,10,7,2,9,10,5,15,15,11,26,9,8,17,5,15,20,86,61,147,147,317,2.1564625850340136
2020-04-21,8,6,14,3,2,5,10,0,10,5,10,15,3,2,5,3,5,8,3,5,8,12,11,23,7,10,17,3,9,12,57,60,117,117,134,1.1452991452991452
2020-04-22,7,5,12,3,2,5,6,6,12,7,3,10,7,7,14,2,3,5,4,2,6,9,14,23,8,10,18,7,7,14,60,59,119,119,191,1.6050420168067228
2020-04-23,9,9,18,4,5,9,4,6,10,5,5,10,6,1,7,3,4,7,6,6,12,7,6,13,8,9,17,8,10,18,60,61,121,121,118,0.9752066115702479
2020-04-24,9,6,15,4,4,8,6,6,12,10,7,17,3,4,7,6,5,11,7,7,14,9,8,17,9,16,25,4,3,7,67,66,133,133,143,1.0751879699248121
2020-04-25,7,2,9,3,1,4,1,2,3,3,4,7,4,3,7,4,4,8,5,3,8,5,1,6,10,14,24,5,5,10,47,39,86,86,82,0.9534883720930233
2020-04-26,5,9,14,4,5,9,1,1,2,3,2,5,6,4,10,2,3,5,5,4,9,4,5,9,7,8,15,1,2,3,38,43,81,81,74,0.9135802469135802
2020-04-27,8,7,15,4,3,7,4,3,7,1,8,9,4,4,8,6,6,12,6,5,11,17,5,22,11,13,24,3,6,9,64,60,124,124,103,0.8306451612903226
2020-04-28,12,6,18,3,3,6,7,5,12,7,4,11,2,6,8,7,6,13,4,7,11,3,11,14,6,14,20,2,4,6,53,66,119,119,93,0.7815126050420168
2020-04-29,9,6,15,4,2,6,10,4,14,13,2,15,7,4,11,4,5,9,4,6,10,9,4,13,3,14,17,5,11,16,68,58,126,126,110,0.873015873015873
2020-04-30,10,7,17,8,1,9,5,0,5,4,5,9,8,4,12,6,5,11,6,8,14,7,9,16,8,16,24,8,8,16,70,63,133,133,105,0.7894736842105263
2020-05-01,0,9,9,3,2,5,2,4,6,7,8,15,9,7,16,6,1,7,10,5,15,7,8,15,8,10,18,0,4,4,52,58,110,110,95,0.8636363636363636
2020-05-02,2,11,13,2,4,6,4,1,5,8,3,11,5,3,8,5,1,6,2,2,4,5,2,7,6,8,14,1,4,5,40,39,79,79,87,1.1012658227848102
2020-05-03,5,4,9,2,1,3,6,2,8,5,3,8,3,3,6,5,2,7,7,5,12,4,6,10,8,8,16,3,5,8,48,39,87,87,74,0.8505747126436781
2020-05-04,13,13,26,3,2,5,5,4,9,5,6,11,3,3,6,5,2,7,5,9,14,15,10,25,7,18,25,3,4,7,64,71,135,135,111,0.8222222222222222
2020-05-05,6,6,12,4,0,4,7,6,13,9,7,16,3,8,11,7,4,11,9,4,13,13,4,17,5,15,20,2,9,11,65,63,128,128,89,0.6953125
2020-05-06,8,8,16,2,0,2,5,2,7,10,7,17,13,6,19,3,5,8,7,2,9,14,13,27,5,11,16,6,6,12,73,60,133,133,90,0.6766917293233082
2020-05-07,12,7,19,3,4,7,10,2,12,8,6,14,12,7,19,6,4,10,5,4,9,11,4,15,7,11,18,1,7,8,75,56,131,131,83,0.6335877862595419
2020-05-08,10,8,18,4,3,7,7,5,12,10,8,18,6,7,13,10,3,13,5,6,11,8,8,16,11,9,20,3,15,18,74,72,146,146,159,1.0890410958904109
2020-05-09,8,6,14,3,0,3,2,9,11,5,3,8,6,5,11,4,2,6,4,7,11,11,2,13,5,9,14,5,6,11,53,49,102,102,85,0.8333333333333334
2020-05-10,6,5,11,0,0,0,5,4,9,3,5,8,1,3,4,5,4,9,6,2,8,8,8,16,5,7,12,1,8,9,40,46,86,86,75,0.872093023255814
2020-05-11,10,8,18,4,2,6,6,4,10,10,5,15,7,7,14,8,3,11,10,3,13,9,8,17,10,16,26,5,14,19,79,70,149,149,109,0.7315436241610739
2020-05-12,9,8,17,6,7,13,18,10,28,15,1,16,5,8,13,5,1,6,8,5,13,4,10,14,9,12,21,6,11,17,85,73,158,158,115,0.7278481012658228
2020-05-13,19,8,27,7,6,13,12,7,19,9,12,21,10,3,13,3,6,9,5,5,10,10,6,16,6,14,20,2,9,11,83,76,159,159,139,0.8742138364779874
2020-05-14,14,17,31,9,6,15,10,15,25,9,11,20,10,7,17,5,4,9,8,10,18,5,10,15,12,9,21,2,15,17,84,104,188,188,157,0.8351063829787234
2020-05-15,11,13,24,5,4,9,7,8,15,4,8,12,8,11,19,7,4,11,9,7,16,5,5,10,10,18,28,5,10,15,71,88,159,158,145,0.9177215189873418
2020-05-16,6,12,18,5,3,8,4,6,10,6,11,17,4,7,11,7,7,14,3,4,7,8,3,11,5,3,8,5,12,17,53,68,121,121,170,1.4049586776859504
2020-05-17,9,8,17,3,2,5,7,4,11,6,4,10,7,7,14,3,2,5,3,4,7,7,4,11,9,10,19,5,7,12,59,52,111,111,77,0.6936936936936937
2020-05-18,14,15,29,3,7,10,17,12,29,16,9,25,8,11,19,11,5,16,7,13,20,14,13,27,16,11,27,2,12,14,108,108,216,216,176,0.8148148148148148
2020-05-19,14,10,24,10,7,17,18,15,33,22,16,38,13,6,19,10,11,21,11,10,21,9,15,24,11,17,28,2,10,12,120,117,237,237,175,0.7383966244725738
2020-05-20,16,24,40,4,6,10,19,7,26,26,14,40,14,12,26,7,10,17,13,11,24,8,10,18,12,14,26,6,7,13,125,115,240,240,168,0.7
2020-05-21,19,21,40,11,4,15,21,15,36,21,12,33,9,13,22,9,5,14,8,7,15,14,7,21,5,16,21,2,4,6,119,104,223,223,120,0.5381165919282511
2020-05-22,14,12,26,11,11,22,16,15,31,19,18,37,13,6,19,11,4,15,4,8,12,8,7,15,7,13,20,6,14,20,109,108,217,217,116,0.5345622119815668
2020-05-23,9,9,18,10,8,18,14,9,23,19,12,31,9,7,16,3,8,11,9,10,19,10,11,21,8,5,13,3,2,5,94,81,175,175,110,0.6285714285714286
2020-05-24,10,10,20,6,7,13,8,6,14,12,6,18,7,2,9,6,3,9,8,4,12,9,5,14,4,11,15,2,5,7,72,59,131,131,104,0.7938931297709924
2020-05-25,18,12,30,16,11,27,12,15,27,9,9,18,8,6,14,5,4,9,3,3,6,13,1,14,8,13,21,1,8,9,93,82,175,175,91,0.52
2020-05-26,21,18,39,13,12,25,18,16,34,27,14,41,11,12,23,8,9,17,7,6,13,12,3,15,10,14,24,3,11,14,130,115,245,245,187,0.763265306122449
2020-05-27,25,23,48,16,10,26,12,16,28,17,11,28,12,7,19,14,10,24,6,8,14,4,11,15,4,13,17,4,4,8,114,113,227,227,162,0.7136563876651982
2020-05-28,17,25,42,14,6,20,19,15,34,15,10,25,12,9,21,8,12,20,8,12,20,11,3,14,11,15,26,5,15,20,120,122,242,242,178,0.7355371900826446
2020-05-29,23,21,44,18,10,28,27,21,48,22,22,44,16,11,27,12,10,22,9,4,13,11,8,19,13,17,30,2,3,5,153,127,280,280,219,0.7821428571428571
2020-05-30,20,15,35,11,8,19,22,19,41,31,7,38,7,10,17,9,11,20,3,3,6,9,9,18,9,8,17,1,8,9,122,98,220,219,100,0.45662100456621
2020-05-31,12,11,23,9,7,16,11,3,14,7,9,16,6,3,9,4,5,9,4,4,8,9,4,13,5,7,12,1,9,10,68,62,130,130,67,0.5153846153846153
2020-06-01,21,17,38,9,11,20,15,24,39,18,23,41,12,12,24,7,10,17,17,8,25,9,8,17,7,9,16,5,3,8,120,125,245,245,170,0.6938775510204082
2020-06-02,27,17,44,17,17,34,15,16,31,16,15,31,16,15,31,8,11,19,11,7,18,17,9,26,7,12,19,5,12,17,139,131,270,270,156,0.5777777777777777
2020-06-03,18,13,31,12,17,29,16,24,40,21,14,35,9,11,20,4,7,11,11,10,21,12,10,22,12,15,27,2,10,12,117,131,248,248,138,0.5564516129032258
2020-06-04,21,18,39,12,12,24,21,12,33,15,16,31,8,8,16,13,8,21,9,5,14,16,7,23,11,13,24,3,11,14,129,110,239,238,159,0.6680672268907563
2020-06-05,25,25,50,9,12,21,25,15,40,20,24,44,23,14,37,13,15,28,11,11,22,10,10,20,13,18,31,3,10,13,152,154,306,306,276,0.9019607843137255
2020-06-06,14,16,30,11,7,18,11,10,21,18,16,34,10,10,20,14,6,20,9,8,17,7,8,15,7,14,21,4,10,14,105,105,210,205,138,0.6731707317073171
2020-06-07,9,13,22,9,10,19,12,6,18,8,4,12,11,5,16,7,2,9,8,4,12,6,6,12,11,11,22,3,8,11,84,69,153,150,85,0.5666666666666667
2020-06-08,17,21,38,15,13,28,24,16,40,22,20,42,26,9,35,16,17,33,13,8,21,15,12,27,10,16,26,4,6,10,162,138,300,300,196,0.6533333333333333
2020-06-09,35,18,53,11,15,26,18,17,35,14,20,34,21,14,35,10,5,15,13,4,17,6,14,20,13,25,38,3,11,14,144,143,287,286,172,0.6013986013986014
2020-06-10,11,15,26,10,12,22,27,15,42,21,21,42,20,13,33,17,8,25,11,9,20,19,21,40,6,18,24,6,14,20,148,146,294,294,216,0.7346938775510204
2020-06-11,23,24,47,8,8,16,18,16,34,24,21,45,12,11,23,10,13,23,10,15,25,13,13,26,4,19,23,4,15,19,126,155,281,281,207,0.7366548042704626
2020-06-12,25,31,56,6,14,20,35,18,53,30,26,56,20,24,44,13,7,20,18,11,29,13,14,27,6,21,27,3,9,12,169,175,344,344,231,0.6715116279069767
2020-06-13,21,21,42,13,13,26,25,20,45,22,13,35,9,9,18,14,10,24,9,2,11,14,9,23,6,15,21,2,6,8,135,118,253,253,184,0.7272727272727273
2020-06-14,14,17,31,15,9,24,13,11,24,11,8,19,12,9,21,7,11,18,8,3,11,3,10,13,13,18,31,1,8,9,97,104,201,201,143,0.7114427860696517
2020-06-15,19,19,38,16,13,29,17,16,33,18,15,33,17,8,25,8,8,16,7,4,11,11,7,18,7,13,20,1,10,11,121,113,234,234,156,0.6666666666666666
2020-06-16,30,39,69,12,15,27,40,20,60,41,21,62,21,17,38,19,11,30,11,9,20,12,8,20,12,21,33,4,14,18,202,175,377,377,221,0.5862068965517241
2020-06-17,19,23,42,17,17,34,26,23,49,25,24,49,26,12,38,19,5,24,12,10,22,6,15,21,18,13,31,2,9,11,170,151,321,321,264,0.822429906542056
2020-06-18,33,32,65,12,9,21,37,24,61,37,29,66,26,11,37,19,10,29,14,16,30,9,15,24,14,16,30,2,12,14,203,174,377,377,308,0.8169761273209549
2020-06-19,39,19,58,9,19,28,19,13,32,35,18,53,21,21,42,23,12,35,17,9,26,21,9,30,15,17,32,8,12,20,207,149,356,356,340,0.9550561797752809
2020-06-20,24,20,44,11,14,25,21,15,36,30,17,47,14,15,29,8,13,21,10,10,20,11,7,18,7,14,21,3,7,10,139,132,271,271,153,0.5645756457564576
2020-06-21,20,13,33,9,9,18,21,12,33,21,16,37,9,7,16,14,4,18,5,8,13,7,5,12,5,11,16,1,7,8,112,92,204,204,91,0.44607843137254904
2020-06-22,25,27,52,15,13,28,21,29,50,25,13,38,21,16,37,14,20,34,11,13,24,16,12,28,8,15,23,2,11,13,158,169,327,327,254,0.7767584097859327
2020-06-23,35,28,63,20,16,36,32,26,58,40,25,65,22,16,38,14,18,32,11,11,22,7,9,16,12,14,26,3,6,9,196,169,365,365,216,0.5917808219178082
2020-06-24,25,26,51,19,13,32,30,33,63,24,24,48,25,16,41,15,16,31,9,12,21,10,10,20,13,13,26,2,5,7,172,168,340,340,144,0.4235294117647059
2020-06-25,24,33,57,20,23,43,27,20,47,28,22,50,27,20,47,25,18,43,5,8,13,7,11,18,7,13,20,5,6,11,175,174,349,349,223,0.6389684813753582
2020-06-26,26,22,48,22,18,40,36,23,59,24,26,50,24,19,43,14,15,29,12,9,21,10,14,24,9,18,27,1,8,9,178,172,350,350,139,0.39714285714285713
2020-06-27,33,30,63,22,26,48,27,24,51,22,18,40,18,11,29,13,5,18,12,5,17,5,8,13,4,7,11,4,6,10,160,140,300,300,164,0.5466666666666666
2020-06-28,32,15,47,8,10,18,11,22,33,21,14,35,13,14,27,15,11,26,8,4,12,5,6,11,7,9,16,6,7,13,126,112,238,238,120,0.5042016806722689
2020-06-29,32,33,65,20,23,43,22,15,37,28,19,47,18,14,32,12,20,32,19,7,26,12,15,27,11,12,23,4,9,13,178,167,345,345,200,0.5797101449275363
2020-06-30,19,23,42,5,15,20,29,22,51,24,25,49,21,21,42,14,13,27,16,8,24,15,7,22,11,13,24,2,12,14,156,159,315,315,163,0.5174603174603175
2020-07-01,24,22,46,8,20,28,39,28,67,21,23,44,21,16,37,12,26,38,12,7,19,9,8,17,8,19,27,3,7,10,157,176,333,333,189,0.5675675675675675
2020-07-02,33,34,67,18,16,34,26,23,49,28,30,58,26,19,45,11,15,26,13,7,20,6,10,16,12,11,23,4,4,8,177,169,346,346,128,0.3699421965317919
2020-07-03,33,24,57,26,13,39,29,12,41,27,30,57,25,21,46,12,11,23,15,11,26,9,13,22,8,14,22,5,6,11,189,155,344,344,170,0.4941860465116279
2020-07-04,18,27,45,14,13,27,24,25,49,20,15,35,20,12,32,14,10,24,11,4,15,8,9,17,5,10,15,3,6,9,137,131,268,268,124,0.4626865671641791
2020-07-05,18,21,39,14,9,23,20,16,36,20,17,37,8,17,25,13,13,26,16,11,27,13,10,23,9,12,21,3,9,12,134,135,269,269,129,0.4795539033457249
2020-07-06,15,21,36,16,12,28,26,29,55,31,14,45,25,13,38,19,19,38,17,20,37,15,22,37,8,19,27,4,12,16,176,181,357,357,127,0.3557422969187675
2020-07-07,25,35,60,14,17,31,36,24,60,33,26,59,21,22,43,21,15,36,12,14,26,10,13,23,8,15,23,8,12,20,188,193,381,381,153,0.4015748031496063
2020-07-08,29,18,47,19,19,38,37,26,63,24,24,48,30,28,58,16,18,34,13,17,30,15,18,33,11,16,27,5,15,20,199,199,398,398,178,0.4472361809045226
2020-07-09,22,16,38,12,6,18,19,20,39,29,15,44,17,14,31,12,11,23,6,14,20,7,20,27,4,15,19,6,9,15,134,140,274,274,104,0.3795620437956204
2020-07-10,19,15,34,16,13,29,22,17,39,23,16,39,20,16,36,11,10,21,12,12,24,15,10,25,12,15,27,2,9,11,152,133,285,285,100,0.3508771929824561
2020-07-11,15,20,35,10,7,17,17,15,32,16,19,35,17,15,32,11,16,27,16,8,24,11,16,27,3,16,19,2,8,10,118,140,258,258,109,0.42248062015503873
2020-07-12,15,14,29,13,7,20,14,12,26,12,12,24,12,3,15,8,9,17,9,9,18,7,5,12,8,9,17,4,8,12,102,88,190,190,72,0.37894736842105264
2020-07-13,22,23,45,14,18,32,30,23,53,28,28,56,24,21,45,22,24,46,28,17,45,18,27,45,12,44,56,2,23,25,200,248,448,448,282,0.6294642857142857
2020-07-14,22,27,49,21,8,29,27,17,44,42,23,65,28,20,48,20,8,28,19,16,35,17,25,42,6,15,21,7,12,19,209,171,380,380,172,0.45263157894736844
2020-07-15,23,23,46,22,13,35,26,37,63,35,29,64,27,32,59,14,22,36,21,18,39,11,12,23,14,16,30,8,5,13,201,207,408,409,176,0.43031784841075793
2020-07-16,30,17,47,14,25,39,25,36,61,33,26,59,24,26,50,21,18,39,15,12,27,13,14,27,17,25,42,3,18,21,195,217,412,412,246,0.5970873786407767
2020-07-17,27,26,53,21,11,32,21,20,41,30,32,62,30,31,61,24,25,49,18,22,40,17,12,29,16,20,36,4,10,14,208,209,417,417,204,0.4892086330935252
2020-07-18,15,21,36,13,11,24,24,22,46,25,26,51,20,17,37,23,16,39,19,15,34,7,11,18,13,17,30,2,5,7,161,161,322,322,187,0.5807453416149069
2020-07-19,22,21,43,6,15,21,17,16,33,16,16,32,13,11,24,18,17,35,10,10,20,12,7,19,8,15,23,4,7,11,126,135,261,261,76,0.29118773946360155
2020-07-20,39,30,69,28,28,56,40,31,71,39,35,74,30,43,73,25,24,49,20,26,46,19,18,37,19,22,41,3,12,15,262,269,531,531,183,0.3446327683615819
2020-07-21,28,27,55,17,17,34,32,31,63,36,22,58,28,24,52,25,23,48,23,24,47,17,20,37,13,23,36,5,11,16,224,222,446,446,179,0.4013452914798206
2020-07-22,45,29,74,15,20,35,42,23,65,44,42,86,42,22,64,19,23,42,12,16,28,13,14,27,16,21,37,1,6,7,249,216,465,465,183,0.3935483870967742
2020-07-23,34,27,61,24,14,38,34,32,66,35,32,67,21,16,37,27,15,42,10,18,28,19,16,35,8,21,29,5,11,16,217,202,419,419,251,0.5990453460620525
2020-07-24,22,20,42,16,22,38,37,32,69,37,31,68,23,24,47,27,13,40,28,11,39,13,16,29,9,26,35,3,13,16,215,208,423,423,210,0.49645390070921985
2020-07-25,22,19,41,21,12,33,28,22,50,24,24,48,22,19,41,8,7,15,11,10,21,10,11,21,10,14,24,5,5,10,161,143,304,304,155,0.5098684210526315
2020-07-26,21,21,42,11,12,23,14,13,27,16,21,37,15,11,26,16,11,27,10,9,19,12,7,19,6,12,18,6,6,12,127,123,250,250,109,0.436
2020-07-27,22,30,52,17,17,34,39,25,64,36,23,59,34,35,69,22,28,50,15,23,38,16,18,34,16,21,37,5,17,22,222,237,459,459,204,0.4444444444444444
2020-07-28,30,21,51,17,16,33,47,32,79,39,29,68,33,25,58,27,24,51,28,24,52,11,24,35,10,19,29,5,16,21,247,230,477,477,199,0.4171907756813417
2020-07-29,25,29,54,21,21,42,43,29,72,34,37,71,37,33,70,23,32,55,18,27,45,22,20,42,15,27,42,7,23,30,245,278,523,523,197,0.37667304015296366
2020-07-30,33,29,62,23,23,46,59,42,101,47,34,81,42,24,66,30,29,59,19,24,43,15,16,31,6,15,21,2,6,8,276,242,518,518,220,0.4247104247104247
2020-07-31,25,35,60,18,18,36,32,45,77,55,41,96,31,24,55,33,20,53,19,24,43,18,22,40,10,25,35,4,17,21,245,271,516,516,232,0.4496124031007752
2020-08-01,22,15,37,11,17,28,20,26,46,22,23,45,19,29,48,21,19,40,18,7,25,14,13,27,11,21,32,2,10,12,160,180,340,340,171,0.5029411764705882
2020-08-02,22,20,42,9,8,17,23,14,37,22,25,47,15,18,33,12,19,31,9,16,25,6,14,20,9,13,22,2,6,8,129,153,282,282,113,0.40070921985815605
2020-08-03,32,35,67,13,15,28,32,30,62,44,34,78,26,23,49,21,18,39,23,15,38,10,17,27,12,24,36,3,12,15,216,223,439,440,231,0.525
2020-08-04,33,25,58,25,26,51,50,25,75,45,31,76,38,23,61,32,20,52,25,13,38,13,18,31,14,22,36,5,14,19,280,217,497,497,209,0.42052313883299797
2020-08-05,31,31,62,28,18,46,41,22,63,34,35,69,25,28,53,25,25,50,21,19,40,16,12,28,15,16,31,2,7,9,238,213,451,451,300,0.6651884700665188
2020-08-06,27,15,42,20,22,42,35,38,73,40,38,78,45,32,77,29,29,58,18,19,37,14,17,31,15,22,37,6,12,18,249,244,493,493,273,0.5537525354969574
2020-08-07,45,30,75,25,19,44,37,29,66,33,30,63,34,34,68,29,9,38,12,19,31,18,18,36,12,33,45,5,12,17,250,233,483,483,197,0.4078674948240166
2020-08-08,25,27,52,13,13,26,23,24,47,38,36,74,15,24,39,23,27,50,20,10,30,11,24,35,9,12,21,1,17,18,178,214,392,392,121,0.3086734693877551
2020-08-09,22,21,43,8,8,16,20,19,39,27,18,45,17,25,42,15,22,37,18,13,31,13,18,31,12,34,46,5,17,22,157,195,352,352,131,0.3721590909090909
2020-08-10,36,28,64,19,18,37,49,39,88,48,29,77,32,29,61,24,24,48,21,9,30,13,20,33,13,20,33,4,12,16,259,228,487,487,188,0.3860369609856263
2020-08-11,29,27,56,29,19,48,48,38,86,61,38,99,37,28,65,27,25,52,22,12,34,18,28,46,15,27,42,6,13,19,292,255,547,547,216,0.39488117001828155
2020-08-12,26,29,55,29,12,41,37,38,75,33,43,76,33,37,70,26,26,52,26,20,46,13,21,34,11,19,30,5,16,21,239,261,500,500,179,0.358
2020-08-13,19,27,46,26,22,48,47,34,81,57,52,109,35,33,68,31,32,63,14,19,33,25,18,43,11,23,34,4,17,21,269,277,546,546,184,0.336996336996337
2020-08-14,16,21,37,21,14,35,50,44,94,47,39,86,43,23,66,29,29,58,25,20,45,17,26,43,12,17,29,3,13,16,263,246,509,510,183,0.3588235294117647
2020-08-15,33,17,50,22,12,34,26,29,55,29,32,61,20,29,49,19,21,40,20,15,35,14,23,37,9,35,44,5,15,20,197,228,425,425,653,1.536470588235294
2020-08-16,25,11,36,9,8,17,30,25,55,21,23,44,17,18,35,13,14,27,12,17,29,11,13,24,12,26,38,4,15,19,154,170,324,323,137,0.4241486068111455
2020-08-17,17,13,30,14,16,30,29,28,57,31,32,63,24,28,52,22,25,47,9,33,42,9,13,22,10,15,25,0,13,13,165,216,381,381,142,0.37270341207349084
2020-08-18,36,27,63,21,7,28,40,29,69,43,36,79,32,27,59,20,40,60,17,24,41,18,24,42,8,17,25,0,16,16,235,247,482,483,145,0.3002070393374741
2020-08-19,33,26,59,20,21,41,29,35,64,41,39,80,28,31,59,24,19,43,14,20,34,15,24,39,12,34,46,4,17,21,220,266,486,486,170,0.3497942386831276
2020-08-20,17,20,37,15,14,29,33,35,68,39,37,76,21,30,51,25,22,47,19,23,42,11,17,28,13,22,35,5,12,17,198,232,430,430,187,0.43488372093023253
2020-08-21,24,30,54,19,20,39,35,31,66,36,37,73,37,33,70,30,38,68,19,17,36,21,24,45,14,27,41,4,9,13,239,266,505,505,233,0.4613861386138614
2020-08-22,12,13,25,22,18,40,26,20,46,28,26,54,27,22,49,15,17,32,17,16,33,9,14,23,7,13,20,3,15,18,166,174,340,340,143,0.42058823529411765
2020-08-23,18,25,43,11,8,19,18,12,30,24,25,49,21,14,35,15,18,33,8,14,22,9,19,28,11,7,18,4,4,8,139,146,285,285,96,0.3368421052631579
2020-08-24,34,38,72,13,15,28,28,38,66,46,38,84,28,33,61,33,20,53,21,26,47,14,23,37,14,21,35,6,17,23,237,269,506,506,206,0.40711462450592883
2020-08-25,19,22,41,19,13,32,34,40,74,42,46,88,29,30,59,19,26,45,20,19,39,13,17,30,14,24,38,5,17,22,214,254,468,468,181,0.38675213675213677
2020-08-26,32,18,50,23,22,45,48,41,89,52,35,87,32,30,62,28,27,55,26,17,43,17,20,37,16,23,39,3,16,19,277,249,526,527,202,0.38330170777988615
2020-08-27,32,25,57,27,19,46,50,46,96,40,37,77,47,36,83,29,28,57,15,29,44,24,25,49,13,21,34,6,22,28,283,288,571,571,191,0.3345008756567426
2020-08-28,31,24,55,35,19,54,60,51,111,44,46,90,40,36,76,39,42,81,19,25,44,20,25,45,9,20,29,8,10,18,305,298,603,603,254,0.42122719734660036
2020-08-29,21,11,32,8,7,15,42,33,75,31,45,76,39,34,73,19,19,38,21,12,33,15,17,32,8,20,28,3,17,20,207,215,422,422,208,0.4928909952606635
2020-08-30,22,24,46,20,13,33,21,23,44,32,23,55,31,24,55,21,18,39,13,13,26,5,14,19,9,6,15,2,5,7,176,163,339,339,94,0.27728613569321536
2020-08-31,29,18,47,23,14,37,37,40,77,42,40,82,34,35,69,20,28,48,26,25,51,21,18,39,20,31,51,2,15,17,254,264,518,518,276,0.5328185328185329
2020-09-01,35,29,64,16,27,43,44,31,75,61,50,111,47,28,75,26,35,61,18,17,35,14,19,33,13,32,45,6,12,18,280,280,560,559,213,0.3810375670840787
2020-09-02,24,13,37,17,13,30,25,37,62,28,33,61,33,29,62,27,25,52,12,21,33,21,19,40,14,25,39,3,28,31,204,243,447,447,203,0.4541387024608501
2020-09-03,27,24,51,21,15,36,46,47,93,55,52,107,45,32,77,27,18,45,20,26,46,16,22,38,13,27,40,4,7,11,274,270,544,545,224,0.41100917431192663
2020-09-04,29,30,59,17,17,34,42,37,79,42,38,80,39,47,86,24,29,53,23,30,53,24,19,43,11,27,38,3,11,14,254,285,539,539,250,0.46382189239332094
2020-09-05,19,16,35,14,10,24,31,27,58,34,37,71,26,33,59,16,22,38,22,18,40,15,16,31,15,18,33,2,7,9,194,204,398,398,234,0.5879396984924623
2020-09-06,18,16,34,8,14,22,13,22,35,26,19,45,20,17,37,16,20,36,15,16,31,9,16,25,10,16,26,2,11,13,137,167,304,304,131,0.4309210526315789
2020-09-07,21,22,43,13,16,29,47,40,87,45,39,84,32,33,65,22,32,54,26,20,46,12,22,34,12,28,40,8,14,22,238,266,504,505,198,0.3920792079207921
2020-09-08,27,21,48,20,23,43,42,30,72,57,44,101,35,32,67,38,33,71,25,26,51,23,21,44,17,24,41,7,19,26,291,273,564,564,250,0.4432624113475177
2020-09-09,30,20,50,14,21,35,49,36,85,39,30,69,40,29,69,26,32,58,26,26,52,17,22,39,14,34,48,1,20,21,256,270,526,526,250,0.4752851711026616
2020-09-10,21,13,34,27,16,43,51,52,103,49,54,103,52,37,89,27,26,53,22,19,41,18,14,32,10,27,37,2,14,16,279,272,551,551,271,0.49183303085299457
2020-09-11,22,25,47,27,17,44,43,31,74,38,45,83,34,38,72,30,33,63,32,24,56,23,22,45,16,20,36,3,10,13,268,265,533,533,231,0.4333958724202627
2020-09-12,22,18,40,14,11,25,23,24,47,25,32,57,16,24,40,19,27,46,18,19,37,20,19,39,12,25,37,2,16,18,171,215,386,386,186,0.48186528497409326
2020-09-13,23,18,41,7,9,16,19,28,47,24,30,54,17,17,34,18,17,35,22,19,41,8,7,15,5,12,17,4,10,14,147,167,314,314,110,0.3503184713375796
2020-09-14,28,25,53,17,16,33,40,53,93,42,47,89,29,27,56,40,25,65,29,29,58,22,22,44,17,16,33,2,10,12,266,270,536,536,226,0.4216417910447761
2020-09-15,28,21,49,15,11,26,40,24,64,47,52,99,29,27,56,25,30,55,24,21,45,22,24,46,15,24,39,2,13,15,247,247,494,494,261,0.52834008097166
2020-09-16,33,27,60,27,25,52,52,51,103,40,51,91,40,40,80,31,25,56,19,30,49,22,17,39,13,25,38,3,8,11,280,299,579,579,192,0.3316062176165803
2020-09-17,22,23,45,19,29,48,37,30,67,46,32,78,40,36,76,35,38,73,34,27,61,25,22,47,14,21,35,3,4,7,275,262,537,537,230,0.42830540037243947
2020-09-18,30,32,62,16,23,39,36,36,72,48,55,103,33,39,72,26,25,51,24,33,57,24,24,48,13,24,37,3,10,13,253,301,554,554,239,0.4314079422382672
2020-09-19,9,25,34,7,20,27,21,19,40,23,29,52,19,15,34,18,16,34,18,16,34,19,15,34,10,17,27,5,7,12,149,179,328,328,167,0.5091463414634146
2020-09-20,14,22,36,14,15,29,20,26,46,30,16,46,14,17,31,13,17,30,6,17,23,16,11,27,4,16,20,4,8,12,135,165,300,301,83,0.2757475083056478
2020-09-21,26,29,55,14,24,38,38,34,72,41,49,90,30,37,67,25,22,47,20,20,40,22,20,42,8,12,20,1,10,11,225,257,482,482,190,0.3941908713692946
2020-09-22,33,32,65,25,20,45,42,42,84,41,38,79,41,20,61,32,36,68,26,24,50,25,24,49,8,29,37,4,12,16,277,277,554,556,199,0.3579136690647482
2020-09-23,35,30,65,15,13,28,31,39,70,36,41,77,29,32,61,21,24,45,24,25,49,17,21,38,11,19,30,2,14,16,221,258,479,479,169,0.35281837160751567
2020-09-24,37,31,68,26,22,48,48,34,82,47,50,97,37,27,64,26,29,55,7,38,45,17,26,43,20,22,42,9,21,30,274,300,574,574,197,0.343205574912892
2020-09-25,27,20,47,20,12,32,31,45,76,42,43,85,39,32,71,22,26,48,25,25,50,19,18,37,17,22,39,0,9,9,242,252,494,494,265,0.5364372469635628
2020-09-26,15,13,28,18,8,26,24,21,45,30,27,57,24,31,55,18,19,37,12,16,28,17,14,31,9,14,23,3,7,10,170,170,340,340,142,0.4176470588235294
2020-09-27,16,21,37,11,15,26,29,38,67,19,18,37,26,20,46,17,17,34,17,16,33,7,12,19,8,12,20,2,7,9,152,176,328,328,121,0.36890243902439024
2020-09-28,26,18,44,21,12,33,29,30,59,42,41,83,43,25,68,34,38,72,31,20,51,17,25,42,17,20,37,4,20,24,264,249,513,513,194,0.37816764132553604
2020-09-29,34,28,62,19,19,38,56,46,102,58,54,112,48,38,86,31,27,58,32,37,69,24,40,64,25,33,58,3,23,26,330,345,675,675,182,0.2696296296296296
2020-09-30,32,23,55,19,21,40,47,43,90,47,47,94,32,29,61,31,30,61,30,29,59,22,23,45,9,18,27,5,9,14,274,272,546,546,215,0.39377289377289376
2020-10-01,30,28,58,16,33,49,48,50,98,53,52,105,29,44,73,31,22,53,37,25,62,24,38,62,14,17,31,3,12,15,285,321,606,606,221,0.36468646864686466
2020-10-02,39,36,75,25,22,47,40,60,100,37,46,83,30,38,68,30,24,54,39,31,70,21,33,54,12,27,39,4,21,25,277,338,615,615,309,0.5024390243902439
2020-10-03,13,16,29,14,16,30,36,33,69,30,29,59,23,20,43,18,18,36,15,18,33,16,17,33,7,16,23,3,9,12,175,192,367,368,163,0.4429347826086957
2020-10-04,20,22,42,17,17,34,21,25,46,23,22,45,24,22,46,14,20,34,20,14,34,9,13,22,9,25,34,3,3,6,160,183,343,343,131,0.3819241982507289
2020-10-05,20,26,46,19,21,40,36,31,67,55,44,99,55,31,86,46,31,77,34,29,63,26,34,60,17,21,38,4,5,9,312,273,585,585,259,0.4427350427350427
2020-10-06,25,36,61,27,21,48,47,32,79,52,40,92,56,29,85,38,28,66,26,28,54,25,30,55,18,22,40,6,12,18,320,278,598,598,211,0.3528428093645485
2020-10-07,34,20,54,14,21,35,45,42,87,59,56,115,38,46,84,28,36,64,26,34,60,23,25,48,8,26,34,8,8,16,283,314,597,597,209,0.3500837520938023
2020-10-08,34,27,61,21,20,41,44,47,91,45,38,83,35,30,65,30,37,67,21,27,48,19,29,48,16,19,35,5,15,20,270,289,559,559,233,0.41681574239713776
2020-10-09,22,31,53,42,29,71,29,50,79,45,56,101,43,35,78,25,33,58,28,33,61,16,31,47,13,24,37,3,13,16,266,335,601,601,333,0.5540765391014975
2020-10-10,18,23,41,21,14,35,38,27,65,41,32,73,26,25,51,19,28,47,25,25,50,14,19,33,13,20,33,8,12,20,223,225,448,448,261,0.5825892857142857
2020-10-11,17,18,35,13,11,24,25,30,55,31,31,62,30,26,56,19,18,37,21,27,48,15,22,37,14,21,35,0,11,11,185,215,400,401,228,0.5685785536159601
2020-10-12,18,19,37,27,13,40,40,51,91,44,55,99,38,31,69,31,38,69,36,29,65,30,32,62,21,35,56,2,17,19,287,320,607,607,244,0.40197693574958815
2020-10-13,37,30,67,29,19,48,64,59,123,66,66,132,39,47,86,50,50,100,41,39,80,28,39,67,24,43,67,9,25,34,387,417,804,804,283,0.35199004975124376
2020-10-14,37,27,64,19,30,49,54,59,113,73,66,139,37,48,85,40,47,87,37,39,76,34,41,75,15,34,49,2,21,23,348,412,760,760,337,0.44342105263157894
2020-10-15,34,28,62,28,32,60,56,62,118,72,75,147,64,60,124,54,57,111,49,47,96,24,49,73,16,32,48,9,15,24,406,457,863,863,298,0.34530706836616454
2020-10-16,48,30,78,27,35,62,78,81,159,79,66,145,72,57,129,48,49,97,39,42,81,27,48,75,18,40,58,6,33,39,442,481,923,923,383,0.41495124593716143
2020-10-17,13,15,28,19,25,44,52,42,94,46,48,94,41,48,89,24,28,52,28,38,66,25,32,57,12,33,45,3,12,15,263,321,584,584,283,0.4845890410958904
2020-10-18,18,22,40,14,12,26,26,28,54,33,41,74,24,30,54,24,20,44,23,18,41,18,25,43,7,27,34,1,8,9,188,231,419,419,240,0.5727923627684964
2020-10-19,51,34,85,27,35,62,69,81,150,78,80,158,93,70,163,51,62,113,58,54,112,46,47,93,19,37,56,3,15,18,495,515,1010,1011,507,0.5014836795252225
2020-10-20,39,43,82,35,31,66,80,75,155,79,65,144,64,62,126,58,58,116,52,48,100,27,41,68,30,42,72,1,23,24,465,488,953,953,626,0.6568730325288562
2020-10-21,27,21,48,48,26,74,48,70,118,68,63,131,53,45,98,46,34,80,41,30,71,24,29,53,18,36,54,5,12,17,378,366,744,744,452,0.6075268817204301
2020-10-22,31,22,53,32,45,77,47,56,103,57,53,110,52,59,111,36,42,78,27,33,60,20,26,46,22,27,49,5,15,20,329,378,707,707,495,0.7001414427157001
2020-10-23,25,19,44,22,21,43,44,44,88,45,53,98,35,39,74,27,26,53,32,39,71,31,34,65,22,16,38,5,26,31,288,317,605,605,474,0.7834710743801653
2020-10-24,16,22,38,10,11,21,37,25,62,37,28,65,29,28,57,17,23,40,15,16,31,18,24,42,8,19,27,4,13,17,191,209,400,400,362,0.905
2020-10-25,26,19,45,12,15,27,46,35,81,36,45,81,30,28,58,27,29,56,27,24,51,19,21,40,7,16,23,4,4,8,234,236,470,470,438,0.9319148936170213
2020-10-26,32,28,60,41,20,61,45,47,92,67,72,139,49,58,107,40,55,95,32,39,71,30,40,70,13,36,49,7,17,24,356,412,768,768,677,0.8815104166666666
2020-10-27,32,28,60,28,16,44,65,68,133,57,55,112,68,46,114,54,53,107,48,60,108,35,42,77,18,25,43,3,7,10,408,400,808,808,689,0.8527227722772277
2020-10-28,30,30,60,17,16,33,42,54,96,59,63,122,39,50,89,38,45,83,40,22,62,27,31,58,11,33,44,2,14,16,305,358,663,663,551,0.8310708898944194
2020-10-29,28,23,51,21,19,40,72,50,122,72,63,135,47,56,103,33,35,68,41,39,80,15,26,41,14,20,34,4,10,14,347,341,688,688,684,0.9941860465116279
2020-10-30,29,19,48,18,27,45,49,70,119,52,46,98,47,43,90,32,40,72,32,34,66,20,25,45,16,27,43,5,16,21,300,347,647,647,502,0.7758887171561051
2020-10-31,20,15,35,11,13,24,33,31,64,34,42,76,24,26,50,26,23,49,26,25,51,16,21,37,6,13,19,4,4,8,200,213,413,413,334,0.8087167070217918
2020-11-01,25,20,45,19,30,49,33,35,68,39,38,77,41,25,66,26,35,61,24,28,52,21,19,40,6,15,21,6,9,15,240,254,494,494,427,0.8643724696356275
2020-11-02,31,29,60,27,29,56,50,59,109,78,54,132,45,47,92,44,38,82,44,41,85,29,32,61,14,16,30,2,12,14,364,357,721,721,589,0.8169209431345353
2020-11-03,21,21,42,18,20,38,48,53,101,49,39,88,39,23,62,34,30,64,32,28,60,25,26,51,19,29,48,3,14,17,288,283,571,571,413,0.723292469352014
2020-11-04,30,32,62,21,28,49,60,65,125,64,61,125,60,71,131,44,44,88,45,39,84,26,30,56,19,35,54,10,14,24,379,419,798,799,450,0.5632040050062578
2020-11-05,30,32,62,39,39,78,81,69,150,77,68,145,60,60,120,60,54,114,28,42,70,30,26,56,18,25,43,2,11,13,425,426,851,851,554,0.6509988249118684
2020-11-06,15,23,38,16,26,42,37,44,81,35,46,81,28,23,51,39,36,75,28,39,67,24,34,58,13,28,41,3,8,11,238,307,545,545,450,0.8256880733944955
2020-11-07,20,20,40,16,22,38,35,34,69,31,48,79,27,33,60,30,28,58,31,34,65,22,29,51,17,18,35,7,5,12,236,271,507,507,380,0.7495069033530573
2020-11-08,28,34,62,20,22,42,39,35,74,32,49,81,37,39,76,22,27,49,33,28,61,20,24,44,10,11,21,4,4,8,245,273,518,518,432,0.833976833976834
2020-11-09,39,39,78,48,17,65,49,56,105,53,73,126,48,51,99,47,45,92,35,54,89,21,32,53,22,33,55,5,8,13,367,408,775,775,605,0.7806451612903226
2020-11-10,28,22,50,27,20,47,45,39,84,47,52,99,38,30,68,30,35,65,49,31,80,29,29,58,18,24,42,4,12,16,315,294,609,609,404,0.6633825944170771
2020-11-11,31,31,62,19,18,37,45,57,102,58,57,115,49,38,87,32,40,72,36,31,67,23,21,44,23,26,49,4,16,20,320,335,655,655,455,0.6946564885496184
2020-11-12,41,24,65,22,28,50,48,56,104,66,52,118,55,46,101,44,29,73,36,52,88,32,38,70,17,31,48,2,9,11,363,365,728,728,480,0.6593406593406593
2020-11-13,35,22,57,32,14,46,51,60,111,51,56,107,43,41,84,41,35,76,44,43,87,31,32,63,19,27,46,5,16,21,352,346,698,698,478,0.6848137535816619
2020-11-14,41,27,68,21,16,37,32,43,75,48,46,94,27,33,60,28,24,52,32,21,53,21,26,47,7,18,25,4,4,8,261,258,519,519,377,0.7263969171483622
2020-11-15,32,31,63,18,10,28,41,49,90,40,34,74,32,41,73,26,39,65,31,30,61,18,22,40,9,20,29,1,13,14,248,289,537,537,400,0.74487895716946
2020-11-16,34,36,70,22,23,45,45,37,82,52,55,107,49,43,92,29,39,68,35,38,73,25,33,58,17,24,41,5,23,28,313,351,664,664,413,0.6219879518072289
2020-11-17,28,33,61,31,25,56,57,63,120,75,64,139,57,50,107,43,47,90,48,52,100,38,45,83,8,30,38,2,10,12,387,419,806,806,544,0.674937965260546
2020-11-18,29,29,58,29,27,56,58,49,107,73,69,142,53,42,95,42,34,76,30,33,63,35,39,74,15,34,49,3,10,13,367,366,733,733,515,0.7025920873124147
2020-11-19,30,21,51,35,25,60,56,60,116,57,65,122,42,46,88,37,48,85,46,47,93,34,25,59,15,28,43,5,13,18,357,378,735,735,514,0.6993197278911565
2020-11-20,32,30,62,22,29,51,51,46,97,65,59,124,42,30,72,37,34,71,39,38,77,24,18,42,16,26,42,5,6,11,333,316,649,649,494,0.7611710323574731
2020-11-21,18,19,37,20,16,36,38,32,70,42,40,82,34,26,60,24,30,54,28,20,48,15,17,32,6,12,18,3,9,12,228,221,449,449,403,0.8975501113585747
2020-11-22,23,21,44,15,11,26,40,28,68,27,37,64,38,30,68,19,14,33,17,38,55,16,12,28,7,19,26,1,6,7,203,216,419,419,328,0.7828162291169452
2020-11-23,42,30,72,20,21,41,42,43,85,43,43,86,43,29,72,34,28,62,27,34,61,18,23,41,14,24,38,6,12,18,289,287,576,576,463,0.8038194444444444
2020-11-24,30,36,66,30,24,54,50,41,91,71,53,124,51,39,90,38,43,81,32,37,69,31,37,68,20,32,52,3,6,9,356,348,704,704,556,0.7897727272727273
2020-11-25,35,31,66,30,33,63,64,52,116,55,67,122,44,44,88,35,28,63,37,29,66,18,28,46,17,23,40,5,6,11,340,341,681,681,470,0.6901615271659325
2020-11-26,28,26,54,35,29,64,56,62,118,61,71,132,40,45,85,44,42,86,42,34,76,21,39,60,13,25,38,12,11,23,352,384,736,736,537,0.7296195652173914
2020-11-27,11,25,36,19,17,36,43,48,91,50,49,99,39,30,69,37,29,66,24,27,51,24,23,47,11,27,38,6,5,11,264,280,544,544,392,0.7205882352941176
2020-11-28,36,19,55,20,16,36,43,45,88,34,38,72,26,36,62,39,28,67,15,28,43,18,21,39,9,25,34,2,4,6,242,260,502,502,350,0.6972111553784861
2020-11-29,29,26,55,12,20,32,48,49,97,46,57,103,39,31,70,30,22,52,29,32,61,12,22,34,13,11,24,2,8,10,260,278,538,538,417,0.775092936802974
2020-11-30,39,24,63,31,25,56,85,80,165,67,69,136,72,54,126,41,48,89,49,43,92,29,46,75,17,30,47,8,9,17,438,428,866,865,609,0.7040462427745665
2020-12-01,25,37,62,22,31,53,68,58,126,61,71,132,49,47,96,25,36,61,36,51,87,31,32,63,17,28,45,3,6,9,337,397,734,734,477,0.6498637602179836
2020-12-02,16,17,33,18,15,33,42,40,82,39,58,97,42,34,76,20,28,48,23,27,50,22,23,45,13,16,29,6,10,16,241,268,509,509,211,0.41453831041257366
2020-12-03,23,34,57,28,18,46,48,81,129,64,81,145,58,52,110,38,41,79,42,52,94,26,27,53,12,16,28,3,11,14,342,413,755,755,176,0.23311258278145697
2020-12-04,23,28,51,25,35,60,53,44,97,62,59,121,56,48,104,39,54,93,45,45,90,26,35,61,16,20,36,7,9,16,352,377,729,729,242,0.3319615912208505
2020-12-05,21,22,43,20,22,42,53,36,89,55,41,96,36,28,64,27,22,49,19,18,37,16,17,33,8,15,23,5,7,12,260,228,488,488,260,0.5327868852459017
2020-12-06,16,20,36,28,11,39,40,32,72,34,33,67,30,33,63,21,27,48,23,18,41,21,26,47,14,13,27,1,5,6,228,218,446,446,169,0.3789237668161435
2020-12-07,14,29,43,23,19,42,51,47,98,58,49,107,32,40,72,27,34,61,21,20,41,19,33,52,11,15,26,4,8,12,260,294,554,554,146,0.26353790613718414
2020-12-08,24,27,51,10,17,27,50,49,99,45,44,89,33,28,61,39,26,65,24,30,54,16,28,44,5,19,24,5,4,9,251,272,523,524,156,0.29770992366412213
2020-12-09,27,22,49,23,27,50,65,73,138,78,73,151,64,44,108,71,51,122,55,68,123,40,41,81,14,30,44,2,18,20,439,447,886,886,283,0.3194130925507901
2020-12-10,35,33,68,42,39,81,78,79,157,76,96,172,73,69,142,74,69,143,60,61,121,38,23,61,14,35,49,7,9,16,497,513,1010,1010,211,0.2089108910891089
2020-12-11,22,29,51,28,23,51,80,79,159,90,82,172,68,68,136,69,67,136,68,71,139,37,37,74,17,23,40,0,8,8,479,487,966,966,199,0.20600414078674947
2020-12-12,21,29,50,27,16,43,66,54,120,72,82,154,68,64,132,61,46,107,40,71,111,29,41,70,12,22,34,1,7,8,397,432,829,829,223,0.2689987937273824
2020-12-13,27,22,49,27,30,57,46,60,106,65,66,131,50,61,111,71,49,120,49,37,86,28,22,50,10,20,30,5,4,9,378,371,749,750,136,0.18133333333333335
2020-12-14,44,31,75,29,34,63,81,75,156,83,80,163,67,78,145,69,68,137,55,73,128,41,52,93,16,26,42,8,12,20,493,529,1022,1022,244,0.23874755381604695
2020-12-15,30,32,62,36,37,73,66,63,129,94,80,174,70,59,129,67,76,143,69,66,135,32,32,64,10,15,25,1,13,14,475,473,948,948,212,0.22362869198312235
2020-12-16,19,22,41,36,37,73,90,105,195,129,126,255,74,88,162,80,70,150,93,84,177,53,56,109,21,17,38,4,11,15,599,616,1215,1215,261,0.21481481481481482
2020-12-17,36,39,75,39,31,70,82,94,176,129,122,251,109,104,213,73,72,145,49,68,117,35,28,63,12,26,38,4,5,9,568,589,1157,1157,265,0.22904062229904926
2020-12-18,41,27,68,51,52,103,99,91,190,125,141,266,107,104,211,82,85,167,106,94,200,72,52,124,15,41,56,6,10,16,704,697,1401,1401,326,0.23269093504639543
2020-12-19,36,30,66,42,40,82,84,101,185,146,128,274,85,74,159,82,77,159,71,84,155,41,55,96,16,28,44,4,4,8,607,621,1228,1228,300,0.24429967426710097
2020-12-20,25,38,63,43,42,85,89,96,185,131,122,253,96,94,190,81,89,170,82,95,177,38,43,81,12,11,23,2,7,9,599,637,1236,1236,159,0.12864077669902912
2020-12-21,42,40,82,64,37,101,116,113,229,135,154,289,131,103,234,91,88,179,98,107,205,52,59,111,10,32,42,5,5,10,744,738,1482,1482,230,0.15519568151147098
2020-12-22,33,49,82,60,49,109,128,115,243,139,150,289,140,123,263,100,80,180,110,103,213,64,47,111,15,27,42,4,5,9,793,748,1541,1541,275,0.17845554834523036
2020-12-23,35,35,70,57,50,107,123,106,229,171,154,325,110,120,230,99,80,179,82,90,172,49,49,98,19,29,48,2,15,17,747,728,1475,1475,277,0.18779661016949153
2020-12-24,28,25,53,30,37,67,83,73,156,127,95,222,77,67,144,56,53,109,51,56,107,32,27,59,4,16,20,2,5,7,490,454,944,944,215,0.2277542372881356
2020-12-25,9,14,23,8,7,15,25,17,42,26,32,58,20,10,30,17,18,35,7,16,23,13,3,16,6,12,18,3,5,8,134,134,268,268,154,0.5746268656716418
2020-12-26,39,29,68,62,58,120,96,100,196,173,152,325,99,119,218,95,91,186,64,73,137,33,46,79,20,34,54,1,11,12,682,713,1395,1395,287,0.2057347670250896
2020-12-27,23,24,47,55,52,107,99,91,190,155,109,264,134,117,251,95,104,199,89,87,176,39,56,95,19,31,50,4,12,16,712,683,1395,1395,152,0.10896057347670252
2020-12-28,46,35,81,77,71,148,151,141,292,244,211,455,166,156,322,134,139,273,99,112,211,49,58,107,22,40,62,4,18,22,992,981,1973,1973,311,0.15762797769893563
2020-12-29,34,37,71,71,67,138,142,135,277,180,145,325,151,121,272,108,90,198,83,106,189,55,57,112,26,40,66,7,13,20,857,811,1668,1668,268,0.1606714628297362
2020-12-30,39,29,68,77,77,154,147,109,256,205,189,394,144,137,281,102,128,230,88,95,183,59,69,128,19,34,53,4,11,15,884,878,1762,1761,382,0.2169222032935832
2020-12-31,21,23,44,50,46,96,113,78,191,118,138,256,108,111,219,63,58,121,46,54,100,23,39,62,10,26,36,0,9,9,552,582,1134,1134,250,0.2204585537918871
2021-01-01,11,8,19,9,13,22,18,24,42,25,29,54,22,15,37,16,22,38,16,15,31,10,11,21,5,17,22,1,4,5,133,158,291,291,113,0.38831615120274915
2021-01-02,40,27,67,41,44,85,101,104,205,147,112,259,94,94,188,76,107,183,102,76,178,39,51,90,14,35,49,3,8,11,657,658,1315,1315,271,0.20608365019011407
2021-01-03,23,27,50,82,61,143,143,132,275,183,176,359,153,157,310,125,127,252,117,113,230,58,72,130,15,28,43,3,7,10,902,900,1802,1802,201,0.11154273029966703
2021-01-04,43,37,80,71,54,125,183,159,342,199,237,436,187,153,340,123,127,250,99,120,219,72,67,139,32,44,76,4,11,15,1013,1009,2022,2022,331,0.16369930761622156
2021-01-05,22,35,57,69,65,134,194,183,377,211,242,453,179,173,352,126,139,265,107,148,255,74,86,160,23,49,72,3,10,13,1008,1130,2138,2138,296,0.1384471468662301
2021-01-06,35,26,61,90,81,171,187,156,343,241,209,450,203,160,363,153,141,294,125,129,254,76,84,160,27,51,78,4,17,21,1141,1054,2195,2194,324,0.14767547857793983
2021-01-07,34,35,69,57,63,120,141,141,282,199,163,362,162,136,298,100,114,214,89,100,189,50,78,128,20,30,50,2,11,13,854,871,1725,1725,316,0.18318840579710144
2021-01-08,40,33,73,71,85,156,150,126,276,174,187,361,127,149,276,97,110,207,77,95,172,44,73,117,20,30,50,8,8,16,808,896,1704,1703,349,0.20493247210804463
2021-01-09,26,22,48,53,52,105,110,124,234,176,164,340,110,135,245,96,101,197,76,99,175,42,58,100,14,31,45,0,11,11,703,797,1500,1499,240,0.1601067378252168
2021-01-10,35,36,71,64,67,131,117,114,231,152,183,335,115,127,242,81,109,190,83,65,148,40,50,90,10,26,36,2,10,12,699,787,1486,1486,196,0.13189771197846567
2021-01-11,37,31,68,71,73,144,177,178,355,217,222,439,158,158,316,115,118,233,80,127,207,53,58,111,18,31,49,2,6,8,928,1002,1930,1931,294,0.15225271879854999
2021-01-12,39,22,61,71,74,145,150,164,314,166,157,323,126,136,262,98,119,217,92,85,177,44,52,96,19,21,40,3,9,12,808,839,1647,1647,251,0.15239829993928355
2021-01-13,53,44,97,83,83,166,177,160,337,185,179,364,157,124,281,113,137,250,98,108,206,51,53,104,16,41,57,4,6,10,937,935,1872,1872,276,0.14743589743589744
2021-01-14,38,34,72,79,76,155,165,178,343,200,186,386,132,155,287,109,138,247,91,101,192,47,55,102,16,34,50,4,5,9,881,962,1843,1844,328,0.17787418655097614
2021-01-15,42,38,80,141,126,267,184,181,365,260,241,501,201,197,398,179,170,349,108,119,227,57,77,134,18,38,56,3,8,11,1193,1195,2388,2388,358,0.14991624790619765
2021-01-16,18,20,38,134,119,253,151,156,307,223,226,449,220,203,423,161,157,318,118,141,259,75,81,156,18,33,51,2,10,12,1120,1146,2266,2266,239,0.10547219770520741
2021-01-17,22,13,35,126,114,240,138,174,312,179,214,393,215,212,427,147,151,298,89,104,193,50,50,100,15,28,43,2,2,4,983,1062,2045,2045,208,0.10171149144254278
2021-01-18,41,38,79,152,145,297,202,194,396,251,247,498,253,231,484,206,193,399,136,164,300,79,89,168,23,38,61,3,8,11,1346,1347,2693,2693,265,0.09840326773115485
2021-01-19,39,34,73,147,109,256,218,184,402,228,229,457,233,222,455,174,173,347,140,155,295,70,99,169,17,38,55,7,17,24,1273,1260,2533,2533,210,0.08290564547966837
2021-01-20,36,35,71,152,143,295,190,184,374,201,201,402,224,203,427,196,187,383,161,166,327,89,95,184,27,37,64,6,11,17,1282,1262,2544,2544,228,0.08962264150943396
2021-01-21,41,42,83,102,103,205,170,152,322,177,190,367,158,177,335,129,170,299,120,108,228,56,73,129,33,30,63,7,12,19,993,1057,2050,2050,296,0.144390243902439
2021-01-22,30,36,66,122,94,216,146,151,297,152,146,298,151,164,315,124,129,253,110,112,222,62,64,126,15,41,56,3,3,6,915,940,1855,1855,246,0.1326145552560647
2021-01-23,29,24,53,93,94,187,165,151,316,148,153,301,158,137,295,113,120,233,75,88,163,40,47,87,12,23,35,3,6,9,836,843,1679,1679,308,0.18344252531268612
2021-01-24,26,26,52,107,99,206,151,151,302,167,160,327,167,148,315,129,141,270,103,99,202,43,51,94,19,30,49,1,7,8,913,912,1825,1825,137,0.07506849315068494
2021-01-25,35,41,76,150,114,264,206,199,405,200,193,393,199,202,401,160,165,325,139,137,276,60,71,131,31,48,79,5,14,19,1185,1184,2369,2369,206,0.08695652173913043
2021-01-26,50,29,79,149,106,255,177,168,345,180,173,353,170,162,332,142,160,302,101,134,235,61,77,138,19,48,67,5,11,16,1054,1068,2122,2122,226,0.10650329877474081
2021-01-27,52,44,96,127,113,240,163,179,342,182,177,359,175,174,349,130,143,273,99,111,210,52,54,106,27,35,62,2,17,19,1009,1047,2056,2057,174,0.08458920758385999
2021-01-28,39,32,71,100,85,185,159,140,299,175,155,330,138,122,260,105,123,228,97,100,197,49,59,108,23,40,63,6,15,21,891,871,1762,1762,236,0.13393870601589103
2021-01-29,36,40,76,138,121,259,172,158,330,214,201,415,191,192,383,159,161,320,132,162,294,61,94,155,24,46,70,3,10,13,1130,1185,2315,2314,348,0.15038893690579083
2021-01-30,22,17,39,175,156,331,168,169,337,210,215,425,239,259,498,193,185,378,116,170,286,67,92,159,16,36,52,4,8,12,1210,1307,2517,2517,196,0.07787048073102901
2021-01-31,23,17,40,240,235,475,220,182,402,258,260,518,349,338,687,279,240,519,156,154,310,62,92,154,21,36,57,3,11,14,1611,1565,3176,3177,120,0.03777148253068933
2021-02-01,32,32,64,212,223,435,201,192,393,227,255,482,286,287,573,281,240,521,165,213,378,60,108,168,30,37,67,3,11,14,1497,1598,3095,3095,211,0.06817447495961228
2021-02-02,34,30,64,161,176,337,199,157,356,219,257,476,292,300,592,244,236,480,188,194,382,99,116,215,26,40,66,6,13,19,1468,1519,2987,2987,179,0.05992634750585872
2021-02-03,34,33,67,163,126,289,171,194,365,211,214,425,246,228,474,189,197,386,158,169,327,92,116,208,24,50,74,3,11,14,1291,1338,2629,2629,200,0.07607455306200075
2021-02-04,32,34,66,101,84,185,136,165,301,174,185,359,142,188,330,133,144,277,94,129,223,52,88,140,20,37,57,2,18,20,886,1072,1958,1958,205,0.10469867211440245
2021-02-05,32,32,64,117,74,191,126,141,267,165,150,315,140,126,266,115,134,249,104,129,233,53,73,126,18,40,58,1,9,10,871,908,1779,1780,281,0.15786516853932583
2021-02-06,17,19,36,114,99,213,110,124,234,131,172,303,142,159,301,125,136,261,80,109,189,39,64,103,14,26,40,2,7,9,774,915,1689,1689,184,0.10894020130254589
2021-02-07,25,32,57,111,110,221,101,117,218,139,156,295,137,144,281,124,147,271,75,83,158,43,51,94,13,23,36,6,5,11,774,868,1642,1642,113,0.06881851400730817
2021-02-08,33,32,65,138,158,296,177,181,358,200,221,421,232,252,484,151,189,340,114,139,253,60,81,141,25,49,74,4,11,15,1134,1313,2447,2447,241,0.09848794442174091
2021-02-09,31,23,54,136,121,257,166,152,318,219,191,410,195,192,387,165,183,348,150,147,297,70,87,157,22,49,71,5,14,19,1159,1159,2318,2318,177,0.07635893011216566
2021-02-10,37,25,62,103,90,193,140,146,286,160,194,354,198,174,372,113,141,254,94,101,195,64,77,141,25,34,59,0,10,10,934,992,1926,1926,144,0.07476635514018691
2021-02-11,33,29,62,86,93,179,127,141,268,181,171,352,158,161,319,121,137,258,117,103,220,52,57,109,22,40,62,5,8,13,902,940,1842,1842,155,0.08414766558089033
2021-02-12,31,23,54,95,96,191,114,122,236,171,171,342,155,186,341,110,122,232,100,121,221,56,74,130,20,37,57,2,9,11,854,961,1815,1815,249,0.1371900826446281
2021-02-13,20,11,31,122,117,239,140,115,255,185,172,357,217,202,419,120,150,270,97,112,209,38,62,100,17,31,48,2,10,12,958,982,1940,1940,183,0.09432989690721649
2021-02-14,17,14,31,109,121,230,104,132,236,196,190,386,202,210,412,137,148,285,113,105,218,50,86,136,15,19,34,2,12,14,945,1037,1982,1983,124,0.06253151790216843
2021-02-15,17,20,37,148,160,308,149,129,278,224,222,446,281,260,541,195,190,385,110,139,249,56,87,143,13,39,52,2,13,15,1195,1259,2454,2454,160,0.06519967400162999
2021-02-16,24,20,44,174,137,311,168,168,336,246,256,502,249,265,514,184,155,339,103,99,202,52,70,122,13,30,43,7,8,15,1220,1208,2428,2428,213,0.08772652388797364
2021-02-17,24,38,62,118,104,222,217,205,422,228,210,438,187,208,395,157,172,329,152,158,310,61,91,152,18,42,60,6,11,17,1168,1239,2407,2407,182,0.07561279601163273
2021-02-18,23,27,50,86,115,201,187,177,364,215,228,443,186,182,368,155,141,296,117,142,259,58,89,147,25,40,65,3,3,6,1055,1144,2199,2199,225,0.10231923601637108
2021-02-19,35,29,64,99,93,192,177,155,332,183,209,392,193,181,374,149,162,311,121,140,261,66,95,161,14,40,54,3,8,11,1040,1112,2152,2152,268,0.12453531598513011
2021-02-20,29,18,47,85,93,178,147,156,303,190,191,381,170,178,348,121,155,276,85,138,223,45,65,110,19,34,53,4,3,7,895,1031,1926,1926,167,0.08670820353063344
2021-02-21,32,20,52,90,81,171,117,140,257,172,177,349,167,171,338,100,128,228,100,129,229,43,55,98,17,29,46,4,6,10,842,936,1778,1778,150,0.0843644544431946
2021-02-22,36,52,88,93,112,205,160,166,326,177,205,382,172,180,352,148,147,295,106,146,252,58,77,135,39,36,75,3,6,9,992,1127,2119,2119,204,0.09627182633317603
2021-02-23,48,35,83,89,78,167,139,132,271,176,186,362,153,146,299,144,141,285,108,138,246,66,87,153,26,38,64,6,16,22,955,997,1952,1952,202,0.10348360655737705
2021-02-24,37,53,90,94,86,180,109,135,244,143,156,299,115,125,240,113,111,224,120,116,236,56,79,135,19,39,58,3,9,12,809,909,1718,1718,183,0.10651920838183934
2021-02-25,57,47,104,71,70,141,131,117,248,132,142,274,142,108,250,104,119,223,80,121,201,49,71,120,17,37,54,4,16,20,787,848,1635,1636,174,0.10635696821515893
2021-02-26,47,41,88,72,76,148,141,155,296,170,151,321,140,141,281,101,122,223,84,136,220,50,74,124,15,37,52,2,17,19,822,950,1772,1772,181,0.10214446952595936
2021-02-27,24,21,45,60,85,145,110,140,250,171,172,343,134,121,255,121,140,261,109,122,231,54,65,119,20,38,58,1,9,10,804,913,1717,1717,194,0.11298776936517181
2021-02-28,18,21,39,94,92,186,131,166,297,202,210,412,164,168,332,155,196,351,151,154,305,78,89,167,19,37,56,3,10,13,1015,1143,2158,2158,147,0.06811862835959222
2021-03-01,64,52,116,69,78,147,137,138,275,175,147,322,151,129,280,87,111,198,94,110,204,47,83,130,24,31,55,4,14,18,852,893,1745,1746,264,0.15120274914089346
2021-03-02,63,54,117,95,70,165,115,142,257,144,154,298,123,116,239,110,127,237,71,95,166,60,47,107,27,28,55,3,9,12,811,842,1653,1653,160,0.09679370840895342
2021-03-03,62,43,105,73,51,124,103,117,220,149,125,274,101,94,195,114,106,220,99,120,219,52,75,127,10,24,34,0,13,13,763,768,1531,1531,183,0.11952971913781842
2021-03-04,51,47,98,54,72,126,100,109,209,125,98,223,101,96,197,81,104,185,82,121,203,52,78,130,17,34,51,6,11,17,669,770,1439,1439,194,0.1348158443363447
2021-03-05,35,43,78,64,66,130,105,140,245,135,138,273,104,88,192,91,100,191,79,99,178,48,74,122,17,30,47,0,4,4,678,782,1460,1460,212,0.14520547945205478
2021-03-06,23,30,53,44,43,87,99,82,181,113,106,219,95,91,186,61,81,142,58,65,123,30,52,82,19,25,44,2,7,9,544,582,1126,1126,149,0.13232682060390763
2021-03-07,32,25,57,48,41,89,79,94,173,97,107,204,62,95,157,77,94,171,77,101,178,30,51,81,18,29,47,3,3,6,523,640,1163,1163,104,0.08942390369733448
2021-03-08,54,61,115,65,67,132,113,136,249,142,128,270,105,110,215,122,121,243,104,127,231,66,73,139,16,34,50,2,10,12,789,867,1656,1655,157,0.09486404833836858
2021-03-09,66,65,131,68,59,127,101,87,188,131,135,266,136,111,247,108,111,219,91,143,234,59,89,148,24,35,59,4,7,11,788,842,1630,1630,156,0.09570552147239264
2021-03-10,79,72,151,71,58,129,98,116,214,141,133,274,89,99,188,96,113,209,84,102,186,59,79,138,19,38,57,4,9,13,740,819,1559,1559,223,0.14304041051956382
2021-03-11,61,71,132,50,67,117,79,109,188,110,109,219,79,82,161,71,84,155,71,95,166,41,50,91,16,27,43,2,15,17,580,709,1289,1289,238,0.18463925523661753
2021-03-12,71,66,137,74,67,141,99,110,209,135,126,261,101,110,211,83,119,202,76,105,181,55,68,123,19,26,45,4,9,13,717,806,1523,1522,273,0.17936925098554535
2021-03-13,46,36,82,45,48,93,112,93,205,124,109,233,104,81,185,75,99,174,104,103,207,38,61,99,9,35,44,3,4,7,660,669,1329,1329,230,0.17306245297215953
2021-03-14,41,50,91,39,50,89,81,99,180,124,125,249,87,84,171,91,111,202,104,116,220,38,75,113,16,26,42,4,9,13,625,745,1370,1370,159,0.11605839416058394
2021-03-15,99,84,183,81,80,161,105,132,237,124,145,269,134,137,271,119,125,244,116,133,249,62,99,161,18,43,61,5,14,19,863,992,1855,1855,256,0.13800539083557953
2021-03-16,73,84,157,73,79,152,92,103,195,144,130,274,109,92,201,93,112,205,89,113,202,53,79,132,11,35,46,2,17,19,739,844,1583,1583,177,0.11181301326595072
2021-03-17,62,69,131,70,62,132,95,120,215,105,101,206,92,92,184,89,96,185,89,100,189,47,67,114,13,33,46,2,15,17,664,755,1419,1419,183,0.12896405919661733
2021-03-18,69,48,117,52,51,103,92,92,184,114,101,215,74,79,153,65,72,137,63,87,150,46,52,98,14,28,42,1,10,11,590,620,1210,1210,172,0.14214876033057852
2021-03-19,70,64,134,76,68,144,97,114,211,127,114,241,75,79,154,75,103,178,70,95,165,43,43,86,10,26,36,5,7,12,648,713,1361,1361,274,0.20132255694342396
2021-03-20,24,30,54,43,52,95,89,86,175,94,102,196,69,88,157,73,79,152,71,72,143,43,47,90,10,23,33,2,7,9,518,586,1104,1103,188,0.17044424297370808
2021-03-21,54,50,104,49,56,105,90,84,174,124,104,228,72,72,144,86,94,180,68,94,162,25,49,74,15,25,40,3,11,14,586,639,1225,1225,132,0.10775510204081633
2021-03-22,49,73,122,79,62,141,98,121,219,127,120,247,109,88,197,114,106,220,83,103,186,45,60,105,20,33,53,4,21,25,728,787,1515,1516,260,0.17150395778364116
2021-03-23,64,69,133,78,75,153,105,114,219,124,114,238,102,84,186,93,88,181,90,105,195,54,75,129,21,25,46,0,10,10,731,759,1490,1490,225,0.15100671140939598
2021-03-24,39,42,81,55,43,98,79,69,148,86,94,180,64,76,140,66,74,140,50,78,128,33,59,92,12,27,39,0,5,5,484,567,1051,1051,197,0.1874405328258801
2021-03-25,54,48,102,62,72,134,88,99,187,106,114,220,100,105,205,71,94,165,78,93,171,44,55,99,20,21,41,2,8,10,625,709,1334,1335,189,0.14157303370786517
2021-03-26,74,66,140,78,81,159,116,93,209,139,116,255,96,106,202,72,104,176,73,104,177,52,57,109,19,29,48,1,9,10,720,765,1485,1485,240,0.16161616161616163
2021-03-27,52,48,100,31,37,68,77,73,150,117,109,226,94,88,182,81,93,174,74,89,163,34,46,80,9,27,36,4,4,8,573,614,1187,1187,250,0.21061499578770007
2021-03-28,40,26,66,27,42,69,59,67,126,78,97,175,90,77,167,69,79,148,77,97,174,33,34,67,14,20,34,2,5,7,489,544,1033,1033,184,0.1781219748305905
2021-03-29,65,52,117,93,61,154,83,96,179,109,115,224,105,109,214,95,89,184,70,104,174,35,42,77,13,24,37,1,10,11,669,702,1371,1371,246,0.17943107221006566
2021-03-30,52,59,111,61,73,134,70,78,148,93,96,189,97,99,196,81,76,157,75,99,174,29,39,68,16,21,37,6,7,13,580,647,1227,1226,213,0.1737357259380098
2021-03-31,53,45,98,41,39,80,72,77,149,97,102,199,65,80,145,47,66,113,44,57,101,23,32,55,12,21,33,3,10,13,457,529,986,986,251,0.25456389452332656
2021-04-01,44,40,84,56,53,109,81,99,180,111,81,192,78,87,165,60,81,141,63,75,138,33,30,63,11,18,29,2,9,11,539,573,1112,1112,279,0.25089928057553956
2021-04-02,53,34,87,48,62,110,64,80,144,107,82,189,75,67,142,63,69,132,57,60,117,31,30,61,9,13,22,2,4,6,509,501,1010,1010,218,0.21584158415841584
2021-04-03,36,38,74,48,53,101,66,70,136,93,101,194,85,66,151,66,84,150,62,69,131,27,44,71,13,30,43,5,3,8,501,558,1059,1059,332,0.31350330500472146
2021-04-04,41,32,73,88,76,164,98,106,204,125,124,249,101,125,226,71,105,176,56,70,126,27,41,68,16,19,35,1,7,8,624,705,1329,1329,277,0.20842738901429647
2021-04-05,58,62,120,105,116,221,121,143,264,162,160,322,158,149,307,112,124,236,85,113,198,40,54,94,12,33,45,5,6,11,858,960,1818,1818,273,0.15016501650165018
2021-04-06,59,85,144,92,91,183,190,128,318,170,177,347,145,145,290,98,102,200,83,124,207,49,77,126,19,29,48,2,12,14,907,970,1877,1877,632,0.33670751198721366
2021-04-07,76,65,141,107,96,203,148,137,285,149,173,322,147,133,280,105,130,235,78,110,188,47,67,114,11,38,49,0,7,7,868,956,1824,1822,284,0.15587266739846323
2021-04-08,63,61,124,82,83,165,118,141,259,154,167,321,114,123,237,84,102,186,71,100,171,37,51,88,13,30,43,1,10,11,737,868,1605,1605,332,0.20685358255451713
2021-04-09,58,55,113,68,62,130,75,93,168,95,99,194,104,80,184,64,78,142,61,66,127,28,41,69,8,21,29,3,7,10,564,602,1166,1165,352,0.3021459227467811
2021-04-10,39,39,78,68,65,133,99,90,189,114,104,218,90,85,175,78,73,151,57,64,121,13,28,41,5,13,18,1,3,4,564,564,1128,1127,219,0.19432120674356698
2021-04-11,38,39,77,51,59,110,75,57,132,85,90,175,82,76,158,64,70,134,53,55,108,18,29,47,11,19,30,1,5,6,478,499,977,977,189,0.19344933469805528
2021-04-12,59,52,111,89,79,168,94,106,200,124,125,249,102,114,216,88,114,202,77,84,161,24,47,71,11,26,37,2,12,14,670,759,1429,1427,247,0.1730903994393833
2021-04-13,63,53,116,61,58,119,91,85,176,132,112,244,100,98,198,74,80,154,50,67,117,36,23,59,7,15,22,4,8,12,618,599,1217,1217,248,0.2037797863599014
2021-04-14,63,51,114,62,44,106,57,66,123,77,68,145,63,73,136,52,58,110,67,76,143,34,47,81,10,17,27,5,6,11,490,506,996,995,316,0.31758793969849247
2021-04-15,71,61,132,77,81,158,100,105,205,129,103,232,127,123,250,86,121,207,58,63,121,25,30,55,17,24,41,2,9,11,692,720,1412,1412,279,0.19759206798866855
2021-04-16,70,65,135,62,68,130,119,108,227,133,135,268,102,114,216,109,132,241,85,92,177,26,42,68,6,23,29,1,10,11,713,789,1502,1502,267,0.177762982689747
2021-04-17,60,51,111,60,57,117,89,72,161,136,103,239,101,94,195,84,84,168,73,63,136,24,49,73,8,21,29,2,4,6,637,598,1235,1235,301,0.2437246963562753
2021-04-18,33,37,70,46,28,74,72,77,149,93,98,191,101,86,187,77,75,152,66,69,135,22,27,49,17,18,35,1,5,6,528,520,1048,1048,184,0.17557251908396945
2021-04-19,66,52,118,72,63,135,128,109,237,152,132,284,135,104,239,103,108,211,92,90,182,33,50,83,6,35,41,4,12,16,791,755,1546,1546,490,0.3169469598965071
2021-04-20,70,79,149,65,62,127,91,91,182,106,103,209,113,111,224,95,78,173,78,104,182,33,41,74,21,25,46,5,10,15,677,704,1381,1381,248,0.17958001448225924
2021-04-21,71,54,125,61,42,103,83,75,158,102,94,196,81,99,180,68,74,142,62,75,137,29,30,59,8,29,37,3,6,9,568,578,1146,1146,240,0.2094240837696335
2021-04-22,74,58,132,84,65,149,104,95,199,126,133,259,119,138,257,94,104,198,73,89,162,33,49,82,14,33,47,1,11,12,722,775,1497,1496,248,0.1657754010695187
2021-04-23,61,55,116,63,64,127,98,87,185,146,112,258,114,116,230,92,102,194,67,86,153,36,51,87,15,18,33,6,6,12,698,697,1395,1394,183,0.13127690100430417
2021-04-24,34,30,64,31,19,50,27,42,69,49,46,95,42,46,88,29,37,66,19,25,44,16,29,45,7,19,26,2,12,14,256,305,561,561,172,0.3065953654188948
2021-04-25,45,43,88,42,42,84,52,58,110,89,71,160,81,75,156,84,81,165,52,47,99,24,24,48,7,23,30,1,3,4,477,467,944,943,129,0.13679745493107104
2021-04-26,64,72,136,62,69,131,116,89,205,135,121,256,116,104,220,110,105,215,64,73,137,48,54,102,12,21,33,5,5,10,732,713,1445,1444,183,0.12673130193905818
2021-04-27,60,54,114,67,59,126,106,132,238,116,109,225,99,99,198,86,98,184,77,74,151,32,56,88,17,22,39,4,11,15,664,714,1378,1376,171,0.12427325581395349
2021-04-28,63,61,124,74,69,143,108,93,201,120,107,227,113,95,208,69,76,145,61,65,126,31,38,69,6,17,23,4,5,9,649,626,1275,1275,180,0.1411764705882353
2021-04-29,66,59,125,86,87,173,112,119,231,163,150,313,143,109,252,109,113,222,67,91,158,47,67,114,26,30,56,1,9,10,820,834,1654,1653,224,0.1355111917725348
2021-04-30,68,54,122,63,53,116,55,86,141,71,97,168,67,79,146,72,65,137,50,80,130,37,43,80,21,24,45,3,9,12,507,590,1097,1097,265,0.2415679124886053
2021-05-01,45,40,85,58,38,96,65,58,123,87,80,167,95,87,182,59,85,144,53,47,100,32,36,68,16,27,43,0,4,4,510,502,1012,1011,220,0.2176063303659743
2021-05-02,50,41,91,51,50,101,76,87,163,118,114,232,87,119,206,87,88,175,59,81,140,34,45,79,14,26,40,1,16,17,577,667,1244,1244,169,0.13585209003215434
2021-05-03,98,84,182,85,81,166,166,163,329,207,212,419,169,176,345,137,175,312,126,162,288,53,88,141,19,42,61,3,16,19,1063,1199,2262,2262,244,0.10786914235190097
2021-05-04,76,72,148,91,88,179,161,128,289,171,162,333,155,140,295,128,157,285,90,136,226,57,90,147,27,30,57,1,15,16,957,1018,1975,1975,184,0.09316455696202532
2021-05-05,84,73,157,84,70,154,131,145,276,162,158,320,160,140,300,114,133,247,85,91,176,53,59,112,28,30,58,7,12,19,908,911,1819,1817,470,0.25866813428728674
2021-05-06,73,75,148,96,87,183,132,128,260,175,164,339,176,147,323,134,147,281,99,95,194,49,57,106,26,34,60,4,22,26,964,956,1920,1920,457,0.23802083333333332
2021-05-07,71,78,149,95,93,188,146,151,297,165,177,342,150,162,312,100,152,252,101,110,211,46,76,122,15,28,43,2,6,8,891,1033,1924,1924,259,0.1346153846153846
2021-05-08,39,46,85,44,33,77,72,79,151,113,95,208,76,82,158,61,67,128,53,44,97,32,30,62,18,22,40,0,10,10,508,508,1016,1016,186,0.1830708661417323
2021-05-09,56,43,99,47,38,85,61,79,140,83,108,191,96,92,188,56,70,126,50,53,103,36,51,87,14,15,29,9,3,12,508,552,1060,1060,136,0.12830188679245283
2021-05-10,84,79,163,84,85,169,154,146,300,171,166,337,152,176,328,132,142,274,118,115,233,60,92,152,22,39,61,0,9,9,977,1049,2026,2025,223,0.11012345679012346
2021-05-11,82,68,150,76,67,143,119,99,218,142,125,267,120,100,220,97,101,198,96,101,197,46,68,114,20,26,46,6,8,14,804,763,1567,1567,205,0.13082322910019145
2021-05-12,71,64,135,70,64,134,95,111,206,149,112,261,146,123,269,104,101,205,72,92,164,39,49,88,14,31,45,4,10,14,764,757,1521,1521,251,0.16502301117685733
2021-05-13,100,64,164,55,54,109,123,129,252,123,146,269,138,112,250,83,101,184,65,76,141,35,48,83,15,34,49,1,6,7,738,770,1508,1507,280,0.18579960185799602
2021-05-14,75,76,151,75,89,164,146,153,299,172,154,326,148,164,312,130,137,267,85,110,195,50,64,114,29,33,62,5,6,11,915,986,1901,1901,246,0.12940557601262492
2021-05-15,58,66,124,60,53,113,85,105,190,109,122,231,104,126,230,78,93,171,72,88,160,25,36,61,20,26,46,1,14,15,612,729,1341,1341,214,0.15958240119313946
2021-05-16,42,51,93,50,50,100,70,54,124,97,114,211,91,80,171,79,87,166,57,58,115,32,36,68,12,22,34,1,9,10,531,561,1092,1092,165,0.1510989010989011
2021-05-17,125,107,232,104,99,203,161,166,327,201,212,413,191,199,390,170,176,346,120,134,254,79,101,180,34,58,92,2,19,21,1187,1271,2458,2458,322,0.13100081366965013
2021-05-18,97,108,205,115,97,212,188,143,331,200,198,398,225,194,419,163,158,321,109,117,226,53,72,125,24,44,68,4,9,13,1178,1140,2318,2318,285,0.12295081967213115
2021-05-19,110,94,204,115,102,217,172,177,349,230,226,456,224,178,402,153,170,323,120,133,253,61,77,138,22,29,51,5,17,22,1212,1203,2415,2415,229,0.094824016563147
2021-05-20,113,110,223,109,124,233,228,203,431,247,211,458,211,189,400,156,163,319,127,136,263,55,78,133,26,42,68,4,12,16,1276,1268,2544,2544,230,0.09040880503144653
2021-05-21,83,69,152,84,83,167,162,167,329,196,205,401,170,174,344,139,147,286,102,127,229,51,60,111,19,47,66,2,9,11,1008,1088,2096,2096,324,0.15458015267175573
2021-05-22,46,33,79,51,53,104,79,81,160,125,112,237,85,92,177,77,82,159,54,49,103,24,31,55,14,28,42,1,11,12,556,572,1128,1128,280,0.24822695035460993
2021-05-23,47,40,87,40,50,90,69,73,142,95,92,187,79,60,139,70,80,150,46,59,105,32,30,62,8,36,44,8,12,20,494,532,1026,1026,168,0.16374269005847952
2021-05-24,68,43,111,68,81,149,117,110,227,151,167,318,134,160,294,116,148,264,80,111,191,62,61,123,24,35,59,2,10,12,822,926,1748,1748,187,0.10697940503432495
2021-05-25,57,44,101,51,64,115,126,108,234,127,128,255,138,119,257,128,112,240,78,89,167,45,46,91,13,35,48,5,8,13,768,753,1521,1520,186,0.12236842105263158
2021-05-26,81,65,146,103,106,209,170,149,319,190,173,363,190,173,363,183,178,361,105,137,242,53,72,125,24,47,71,7,7,14,1106,1107,2213,2214,211,0.09530261969286359
2021-05-27,67,58,125,57,78,135,141,140,281,166,139,305,149,124,273,139,140,279,79,100,179,67,66,133,15,37,52,2,14,16,882,896,1778,1777,240,0.13505908835115363
2021-05-28,72,66,138,100,102,202,160,164,324,205,166,371,177,173,350,180,188,368,112,158,270,56,67,123,19,43,62,6,10,16,1087,1137,2224,2224,223,0.10026978417266187
2021-05-29,50,51,101,50,56,106,99,116,215,143,120,263,140,109,249,96,102,198,62,78,140,35,43,78,17,36,53,4,12,16,696,723,1419,1419,189,0.1331923890063425
2021-05-30,31,38,69,35,37,72,88,83,171,120,109,229,113,80,193,61,70,131,49,47,96,18,38,56,15,26,41,3,9,12,533,537,1070,1070,140,0.1308411214953271
2021-05-31,68,59,127,91,80,171,169,169,338,215,188,403,180,173,353,118,129,247,88,112,200,53,86,139,24,45,69,2,12,14,1008,1053,2061,2061,200,0.09704027171276079
2021-06-01,78,65,143,80,76,156,151,134,285,175,153,328,126,150,276,132,136,268,108,100,208,63,62,125,32,41,73,4,12,16,949,929,1878,1879,180,0.09579563597658329
2021-06-02,92,63,155,88,95,183,147,162,309,172,189,361,152,158,310,113,124,237,91,121,212,61,79,140,26,42,68,6,11,17,948,1044,1992,1991,216,0.10848819688598695
2021-06-03,79,80,159,110,74,184,157,143,300,198,178,376,171,153,324,113,130,243,97,112,209,62,69,131,17,24,41,5,14,19,1009,977,1986,1984,195,0.09828629032258064
2021-06-04,109,96,205,101,88,189,176,173,349,194,182,376,180,169,349,151,190,341,102,114,216,70,86,156,22,46,68,1,9,10,1106,1153,2259,2259,230,0.1018149623727313
2021-06-05,57,53,110,39,41,80,91,119,210,128,121,249,116,91,207,84,85,169,49,57,106,38,57,95,15,21,36,4,14,18,621,659,1280,1280,218,0.1703125
2021-06-06,57,65,122,52,58,110,89,91,180,123,104,227,105,84,189,91,85,176,55,69,124,35,45,80,12,22,34,0,14,14,619,637,1256,1256,135,0.10748407643312102
2021-06-07,73,103,176,99,102,201,165,141,306,196,184,380,161,166,327,152,149,301,117,122,239,78,108,186,31,58,89,7,33,40,1079,1166,2245,2245,234,0.10423162583518931
2021-06-08,99,89,188,87,92,179,146,166,312,191,174,365,151,128,279,142,163,305,79,96,175,52,97,149,21,39,60,3,12,15,971,1056,2027,2027,172,0.08485446472619634
2021-06-09,94,89,183,100,78,178,186,146,332,187,204,391,167,164,331,142,168,310,99,118,217,64,65,129,25,53,78,3,12,15,1067,1097,2164,2163,207,0.0957004160887656
2021-06-10,100,98,198,84,83,167,158,169,327,194,202,396,151,154,305,118,148,266,71,124,195,70,85,155,23,35,58,5,20,25,974,1118,2092,2089,212,0.10148396361895644
2021-06-11,75,79,154,74,86,160,146,156,302,188,191,379,166,183,349,134,136,270,94,114,208,61,91,152,28,52,80,7,10,17,973,1098,2071,2071,272,0.1313375181071946
2021-06-12,68,58,126,53,45,98,117,105,222,133,121,254,108,126,234,84,103,187,67,84,151,36,58,94,20,27,47,4,10,14,690,737,1427,1427,170,0.11913104414856342
2021-06-13,67,75,142,55,61,116,91,69,160,95,97,192,117,108,225,79,94,173,54,67,121,31,40,71,18,26,44,4,10,14,611,647,1258,1258,142,0.11287758346581876
2021-06-14,118,89,207,87,92,179,146,151,297,194,197,391,172,171,343,142,160,302,88,135,223,67,83,150,26,36,62,11,14,25,1051,1128,2179,2179,202,0.0927030748049564
2021-06-15,105,110,215,103,84,187,161,160,321,173,182,355,164,161,325,141,147,288,106,116,222,62,73,135,27,30,57,3,12,15,1045,1075,2120,2120,195,0.09198113207547169
2021-06-16,102,102,204,97,76,173,158,161,319,182,191,373,173,170,343,109,131,240,94,109,203,49,63,112,28,38,66,1,11,12,993,1052,2045,2045,164,0.08019559902200489
2021-06-17,100,97,197,100,114,214,159,152,311,180,197,377,167,168,335,109,128,237,101,121,222,76,81,157,20,41,61,3,9,12,1015,1108,2123,2123,195,0.09185115402731983
2021-06-18,85,72,157,89,93,182,159,129,288,177,187,364,152,192,344,88,133,221,72,106,178,48,77,125,24,21,45,5,14,19,899,1024,1923,1924,255,0.13253638253638253
2021-06-19,64,77,141,60,49,109,88,93,181,108,121,229,109,110,219,61,78,139,62,64,126,41,51,92,18,33,51,2,8,10,613,684,1297,1297,289,0.2228218966846569
2021-06-20,61,47,108,40,33,73,54,55,109,75,97,172,81,78,159,59,65,124,54,63,117,40,39,79,10,25,35,2,7,9,476,509,985,985,130,0.1319796954314721
2021-06-21,77,75,152,65,44,109,82,104,186,135,119,254,117,106,223,101,101,202,59,63,122,40,58,98,27,23,50,5,5,10,708,698,1406,1405,172,0.12241992882562278
2021-06-22,131,105,236,98,91,189,146,155,301,177,173,350,185,177,362,121,126,247,115,132,247,52,85,137,22,44,66,11,12,23,1058,1100,2158,2159,216,0.1000463177396943
2021-06-23,133,111,244,117,92,209,128,162,290,207,185,392,167,200,367,114,129,243,107,108,215,51,81,132,27,40,67,5,14,19,1056,1122,2178,2177,213,0.09784106568672485
2021-06-24,137,102,239,99,101,200,139,166,305,180,218,398,193,162,355,101,152,253,88,125,213,59,73,132,18,37,55,2,9,11,1016,1145,2161,2161,298,0.13789912077741787
2021-06-25,138,113,251,107,108,215,146,180,326,195,255,450,175,184,359,153,179,332,110,137,247,53,95,148,26,45,71,9,19,28,1112,1315,2427,2426,419,0.17271228359439406
2021-06-26,68,64,132,53,55,108,77,75,152,110,107,217,90,115,205,79,65,144,68,95,163,46,82,128,20,29,49,4,11,15,615,698,1313,1313,173,0.13175932977913177
2021-06-27,79,65,144,43,53,96,79,88,167,88,93,181,81,99,180,55,60,115,55,63,118,37,42,79,10,23,33,2,6,8,529,592,1121,1121,167,0.14897413024085637
2021-06-28,91,73,164,61,56,117,71,101,172,128,124,252,100,130,230,81,80,161,68,63,131,47,61,108,25,27,52,2,14,16,674,729,1403,1402,207,0.14764621968616262
2021-06-29,90,112,202,95,88,183,149,162,311,149,151,300,133,138,271,110,107,217,91,74,165,65,70,135,18,42,60,2,22,24,902,966,1868,1868,237,0.12687366167023553
2021-06-30,135,117,252,110,99,209,138,154,292,195,166,361,168,163,331,101,150,251,78,106,184,56,64,120,26,40,66,6,10,16,1013,1069,2082,2082,221,0.10614793467819404
2021-07-01,96,93,189,78,78,156,124,143,267,138,179,317,122,142,264,97,124,221,79,107,186,52,67,119,27,44,71,3,15,18,816,992,1808,1807,246,0.13613724405091313
2021-07-02,127,108,235,120,102,222,156,149,305,180,213,393,121,188,309,104,147,251,82,117,199,55,72,127,21,36,57,5,10,15,971,1142,2113,2113,260,0.12304779933743493
2021-07-03,70,75,145,74,58,132,96,106,202,113,125,238,100,120,220,79,85,164,62,79,141,37,60,97,12,29,41,8,12,20,651,749,1400,1400,230,0.16428571428571428
2021-07-04,76,101,177,55,47,102,71,90,161,100,118,218,69,83,152,72,84,156,53,70,123,26,52,78,11,24,35,5,11,16,538,680,1218,1218,288,0.23645320197044334
2021-07-05,146,133,279,112,100,212,174,159,333,199,208,407,149,172,321,127,143,270,87,111,198,80,78,158,31,44,75,6,14,20,1111,1162,2273,2272,266,0.11707746478873239
2021-07-06,165,142,307,153,116,269,169,163,332,204,220,424,187,181,368,103,123,226,84,119,203,68,80,148,20,41,61,4,21,25,1157,1206,2363,2363,251,0.10622090562843843
2021-07-07,140,140,280,126,115,241,166,148,314,216,204,420,186,168,354,140,125,265,72,97,169,49,62,111,20,48,68,8,11,19,1123,1118,2241,2240,241,0.10758928571428572
2021-07-08,126,150,276,141,122,263,175,186,361,211,229,440,174,207,381,144,172,316,80,132,212,54,91,145,33,29,62,6,12,18,1144,1330,2474,2473,535,0.21633643348160128
2021-07-09,89,98,187,93,89,182,115,108,223,129,151,280,131,135,266,91,89,180,72,69,141,34,52,86,17,32,49,7,7,14,778,830,1608,1608,250,0.15547263681592038
2021-07-10,93,98,191,88,78,166,89,115,204,128,143,271,104,119,223,94,106,200,73,87,160,40,59,99,18,35,53,5,9,14,732,849,1581,1582,230,0.14538558786346398
2021-07-11,107,100,207,74,51,125,93,81,174,112,128,240,97,129,226,84,87,171,69,61,130,41,55,96,9,21,30,7,12,19,693,725,1418,1418,211,0.14880112834978843
2021-07-12,157,155,312,138,124,262,185,190,375,217,217,434,200,217,417,130,184,314,115,118,233,62,77,139,24,35,59,8,15,23,1236,1332,2568,2568,316,0.12305295950155763
2021-07-13,157,135,292,135,122,257,176,169,345,187,184,371,178,193,371,130,169,299,95,128,223,64,87,151,27,49,76,7,17,24,1156,1253,2409,2409,338,0.1403071814030718
2021-07-14,170,154,324,171,143,314,208,196,404,205,234,439,183,204,387,144,169,313,111,119,230,49,68,117,20,50,70,3,11,14,1264,1348,2612,2610,287,0.10996168582375479
2021-07-15,151,125,276,168,145,313,201,165,366,232,215,447,216,246,462,150,171,321,103,130,233,58,75,133,22,35,57,7,18,25,1308,1325,2633,2633,316,0.12001519179642993
2021-07-16,125,126,251,118,113,231,183,202,385,184,218,402,221,213,434,147,139,286,89,112,201,42,81,123,23,43,66,3,14,17,1135,1261,2396,2396,286,0.11936560934891485
2021-07-17,93,99,192,86,85,171,126,113,239,132,156,288,127,145,272,105,100,205,73,75,148,51,50,101,8,17,25,5,9,14,806,849,1655,1653,272,0.1645493042952208
2021-07-18,76,65,141,70,78,148,91,102,193,102,126,228,110,116,226,84,94,178,52,63,115,49,55,104,24,32,56,2,10,12,660,741,1401,1400,172,0.12285714285714286
2021-07-19,131,123,254,103,93,196,177,185,362,166,191,357,180,186,366,133,166,299,114,141,255,66,94,160,26,39,65,5,8,13,1101,1226,2327,2327,283,0.12161581435324452
2021-07-20,134,112,246,80,88,168,149,151,300,171,174,345,158,157,315,126,125,251,106,116,222,52,79,131,26,41,67,4,19,23,1006,1062,2068,2068,293,0.14168278529980657
2021-07-21,138,129,267,133,109,242,197,175,372,198,205,403,173,211,384,154,169,323,118,160,278,66,107,173,29,57,86,4,12,16,1210,1334,2544,2543,278,0.10931970114038538
2021-07-22,133,115,248,128,117,245,166,183,349,205,229,434,228,234,462,149,173,322,95,121,216,69,79,148,27,48,75,2,11,13,1202,1310,2512,2512,323,0.1285828025477707
2021-07-23,110,90,200,97,100,197,151,133,284,188,183,371,146,182,328,121,134,255,89,111,200,40,79,119,12,30,42,4,16,20,958,1058,2016,2014,315,0.1564051638530288
2021-07-24,91,94,185,89,94,183,140,149,289,158,185,343,166,164,330,123,131,254,76,108,184,54,61,115,20,25,45,2,8,10,919,1019,1938,1938,219,0.1130030959752322
2021-07-25,83,76,159,89,94,183,91,107,198,155,181,336,205,185,390,116,129,245,85,76,161,65,60,125,11,24,35,6,9,15,906,941,1847,1847,174,0.09420682187330806
2021-07-26,110,125,235,145,164,309,158,225,383,221,246,467,250,294,544,193,197,390,120,163,283,67,123,190,33,63,96,8,19,27,1305,1619,2924,2924,321,0.10978112175102599
2021-07-27,86,94,180,84,101,185,126,148,274,164,168,332,157,136,293,107,113,220,84,106,190,52,86,138,23,33,56,4,10,14,887,995,1882,1880,247,0.13138297872340426
2021-07-28,93,97,190,84,103,187,166,167,333,183,186,369,168,158,326,120,155,275,112,115,227,57,76,133,22,34,56,7,4,11,1012,1095,2107,2107,270,0.12814428096820124
2021-07-29,108,76,184,106,100,206,143,141,284,199,210,409,150,176,326,119,127,246,81,106,187,50,67,117,20,25,45,4,17,21,980,1045,2025,2024,226,0.11166007905138339
2021-07-30,108,103,211,131,129,260,218,219,437,214,261,475,191,234,425,169,197,366,136,154,290,63,111,174,25,51,76,8,13,21,1263,1472,2735,2734,410,0.14996342355523043
2021-07-31,106,107,213,112,138,250,111,154,265,194,239,433,228,240,468,143,152,295,81,133,214,55,78,133,19,22,41,2,15,17,1051,1278,2329,2329,222,0.0953198797767282
2021-08-01,115,129,244,106,141,247,99,103,202,165,177,342,218,238,456,112,134,246,81,87,168,44,72,116,15,43,58,6,11,17,961,1135,2096,2095,223,0.10644391408114559
2021-08-02,165,140,305,145,166,311,159,191,350,240,251,491,241,284,525,160,205,365,148,183,331,73,100,173,39,60,99,5,18,23,1375,1598,2973,2972,366,0.12314939434724091
2021-08-03,183,163,346,144,166,310,162,183,345,207,232,439,209,257,466,164,199,363,135,174,309,97,106,203,23,62,85,3,16,19,1327,1558,2885,2884,342,0.11858529819694869
2021-08-04,166,130,296,127,118,245,164,176,340,202,202,404,162,191,353,132,167,299,112,132,244,62,99,161,17,37,54,1,19,20,1145,1271,2416,2415,306,0.1267080745341615
2021-08-05,179,189,368,130,150,280,224,233,457,241,247,488,237,246,483,184,229,413,130,152,282,69,94,163,31,53,84,10,14,24,1435,1607,3042,3041,354,0.11640907596185465
2021-08-06,184,162,346,208,158,366,233,251,484,248,256,504,233,288,521,154,213,367,153,197,350,89,140,229,32,38,70,3,12,15,1537,1715,3252,3251,378,0.11627191633343587
2021-08-07,114,127,241,109,122,231,136,138,274,159,173,332,147,159,306,98,146,244,92,113,205,59,100,159,18,34,52,6,5,11,938,1117,2055,2055,295,0.1435523114355231
2021-08-08,158,171,329,134,128,262,90,120,210,150,154,304,150,178,328,102,123,225,100,127,227,60,59,119,13,43,56,6,11,17,963,1114,2077,2077,306,0.14732787674530573
2021-08-09,262,242,504,167,173,340,191,263,454,277,278,555,215,273,488,196,221,417,154,180,334,88,91,179,36,56,92,10,15,25,1596,1792,3388,3388,360,0.10625737898465171
2021-08-10,293,264,557,219,221,440,224,257,481,255,294,549,241,302,543,212,237,449,151,166,317,92,121,213,29,57,86,3,17,20,1719,1936,3655,3651,520,0.14242673240208162
2021-08-11,250,249,499,221,215,436,230,269,499,287,292,579,250,288,538,178,235,413,145,168,313,84,101,185,40,57,97,9,24,33,1694,1898,3592,3591,381,0.1060985797827903
2021-08-12,272,253,525,229,239,468,219,265,484,253,281,534,238,293,531,171,229,400,120,138,258,82,94,176,32,45,77,9,19,28,1625,1856,3481,3480,461,0.1324712643678161
2021-08-13,326,270,596,306,309,615,231,276,507,318,348,666,273,347,620,194,292,486,151,216,367,100,141,241,34,50,84,7,15,22,1940,2264,4204,4204,496,0.11798287345385347
2021-08-14,193,188,381,181,169,350,126,161,287,187,216,403,183,248,431,137,178,315,96,123,219,74,81,155,20,41,61,3,9,12,1200,1414,2614,2614,438,0.1675592960979342
2021-08-15,158,145,303,137,119,256,117,112,229,156,183,339,146,168,314,123,139,262,88,103,191,56,71,127,21,37,58,2,12,14,1004,1089,2093,2093,307,0.14667940754897277
2021-08-16,224,212,436,174,158,332,139,139,278,174,191,365,164,219,383,137,157,294,79,106,185,77,81,158,20,36,56,4,8,12,1192,1307,2499,2499,349,0.139655862344938
2021-08-17,358,296,654,287,266,553,211,265,476,323,346,669,242,352,594,210,267,477,156,192,348,97,118,215,21,75,96,9,20,29,1914,2197,4111,4109,564,0.1372596738865904
2021-08-18,333,328,661,312,257,569,187,223,410,273,326,599,239,244,483,172,228,400,135,176,311,90,116,206,22,61,83,13,17,30,1776,1976,3752,3752,488,0.1300639658848614
2021-08-19,326,285,611,262,242,504,179,239,418,275,303,578,238,284,522,176,214,390,118,166,284,62,92,154,28,46,74,7,12,19,1671,1883,3554,3554,473,0.13308947664603263
2021-08-20,386,356,742,328,305,633,213,236,449,264,318,582,248,319,567,190,249,439,145,192,337,88,114,202,28,49,77,8,11,19,1898,2149,4047,4047,499,0.1233012107734124
2021-08-21,196,220,416,164,149,313,137,178,315,202,240,442,180,201,381,139,155,294,97,142,239,69,90,159,23,42,65,2,16,18,1209,1433,2642,2642,462,0.17486752460257382
2021-08-22,284,249,533,174,168,342,114,123,237,181,247,428,186,225,411,151,171,322,100,123,223,67,77,144,22,38,60,5,15,20,1284,1436,2720,2720,430,0.15808823529411764
2021-08-23,509,502,1011,330,325,655,227,273,500,321,352,673,285,346,631,191,276,467,156,218,374,98,135,233,38,60,98,2,18,20,2157,2505,4662,4661,624,0.1338768504612744
2021-08-24,534,523,1057,343,324,667,221,270,491,271,377,648,240,299,539,189,244,433,151,207,358,85,119,204,47,48,95,3,16,19,2084,2427,4511,4511,598,0.13256484149855907
2021-08-25,516,511,1027,317,306,623,180,227,407,247,346,593,264,328,592,191,200,391,144,193,337,100,120,220,34,33,67,7,23,30,2000,2287,4287,4286,548,0.12785814279048063
2021-08-26,521,497,1018,339,303,642,207,262,469,265,349,614,264,317,581,149,244,393,139,178,317,79,137,216,38,54,92,6,15,21,2007,2356,4363,4363,504,0.11551684620673848
2021-08-27,556,485,1041,349,377,726,207,237,444,268,354,622,233,319,552,210,232,442,147,194,341,83,121,204,22,58,80,5,11,16,2080,2388,4468,4468,493,0.1103401969561325
2021-08-28,294,250,544,168,161,329,137,164,301,199,221,420,152,228,380,125,136,261,91,133,224,47,78,125,28,35,63,3,6,9,1244,1412,2656,2657,378,0.14226571321038767
2021-08-29,341,306,647,144,164,308,90,131,221,174,190,364,165,190,355,125,144,269,80,105,185,63,82,145,31,40,71,1,7,8,1214,1359,2573,2573,460,0.17877963466770308
2021-08-30,599,542,1141,349,297,646,195,230,425,271,328,599,273,312,585,154,217,371,137,185,322,67,114,181,45,54,99,3,20,23,2093,2299,4392,4392,550,0.12522768670309653
2021-08-31,652,602,1254,432,369,801,205,285,490,291,321,612,258,337,595,198,230,428,159,203,362,89,135,224,31,50,81,8,17,25,2323,2549,4872,4871,455,0.0934099774173681
2021-09-01,592,548,1140,391,335,726,204,212,416,278,329,607,235,280,515,171,196,367,129,163,292,77,112,189,31,65,96,5,13,18,2113,2253,4366,4366,406,0.0929912963811269
2021-09-02,471,449,920,272,274,546,172,189,361,246,257,503,186,265,451,142,191,333,114,136,250,79,90,169,23,39,62,6,16,22,1711,1906,3617,3617,372,0.10284766380978712
2021-09-03,399,384,783,277,267,544,178,198,376,235,286,521,247,269,516,154,199,353,134,186,320,77,117,194,24,40,64,2,11,13,1727,1957,3684,3684,405,0.10993485342019543
2021-09-04,229,232,461,109,117,226,95,111,206,142,178,320,159,174,333,110,128,238,79,104,183,50,80,130,22,44,66,4,10,14,999,1178,2177,2177,356,0.16352779053743685
2021-09-05,239,252,491,136,131,267,102,112,214,174,206,380,151,172,323,102,134,236,89,112,201,69,78,147,25,30,55,7,11,18,1094,1238,2332,2331,283,0.12140712140712141
2021-09-06,554,508,1062,296,257,553,186,220,406,247,285,532,233,284,517,166,228,394,143,174,317,110,104,214,36,58,94,6,19,25,1977,2137,4114,4114,479,0.1164316966456004
2021-09-07,429,483,912,262,297,559,183,194,377,204,281,485,204,228,432,147,189,336,115,152,267,70,106,176,23,49,72,7,23,30,1644,2002,3646,3645,405,0.1111111111111111
2021-09-08,336,366,702,265,222,487,141,147,288,186,223,409,166,211,377,152,168,320,97,102,199,61,83,144,26,32,58,7,15,22,1437,1569,3006,3005,426,0.14176372712146423
2021-09-09,386,376,762,238,206,444,136,172,308,190,218,408,176,186,362,118,168,286,108,110,218,70,81,151,31,52,83,4,19,23,1457,1588,3045,3042,404,0.13280736357659434
2021-09-10,399,317,716,273,273,546,210,301,511,289,389,678,317,402,719,266,328,594,181,272,453,78,141,219,47,46,93,5,15,20,2065,2484,4549,4549,386,0.08485381402506045
2021-09-11,202,207,409,142,157,299,186,225,411,227,275,502,240,257,497,186,212,398,144,195,339,73,123,196,26,24,50,4,8,12,1430,1683,3113,3112,566,0.18187660668380462
2021-09-12,197,184,381,103,97,200,82,87,169,116,143,259,124,132,256,94,110,204,89,114,203,38,62,100,15,24,39,5,9,14,863,962,1825,1825,287,0.15726027397260273
2021-09-13,393,397,790,241,264,505,177,218,395,224,276,500,237,265,502,158,229,387,154,154,308,94,125,219,24,61,85,7,20,27,1709,2009,3718,3718,401,0.1078536847767617
2021-09-14,432,378,810,229,217,446,143,158,301,183,238,421,168,205,373,129,175,304,109,156,265,76,116,192,22,41,63,6,13,19,1497,1697,3194,3193,482,0.15095521453178828
2021-09-15,319,300,619,215,183,398,105,156,261,154,218,372,146,186,332,99,140,239,80,116,196,55,78,133,29,42,71,5,19,24,1207,1438,2645,2643,387,0.14642451759364358
2021-09-16,308,280,588,212,208,420,114,135,249,151,228,379,162,221,383,113,146,259,82,130,212,71,99,170,23,36,59,8,10,18,1244,1493,2737,2737,298,0.10887833394227256
2021-09-17,380,367,747,257,243,500,135,175,310,168,213,381,180,206,386,123,165,288,104,131,235,85,104,189,22,54,76,3,8,11,1457,1666,3123,3122,373,0.11947469570787957
2021-09-18,196,189,385,107,116,223,103,111,214,121,154,275,113,161,274,97,107,204,101,117,218,56,89,145,24,31,55,4,8,12,922,1083,2005,2006,368,0.18344965104685942
2021-09-19,235,198,433,96,96,192,78,96,174,120,155,275,122,114,236,81,100,181,79,84,163,39,59,98,13,34,47,6,9,15,869,945,1814,1813,259,0.14285714285714285
2021-09-20,433,428,861,338,349,687,135,178,313,218,245,463,192,198,390,145,188,333,120,154,274,76,98,174,22,48,70,7,9,16,1686,1895,3581,3580,382,0.10670391061452514
2021-09-21,354,330,684,137,139,276,108,157,265,172,179,351,171,159,330,110,131,241,108,120,228,80,90,170,29,45,74,1,7,8,1270,1357,2627,2626,322,0.12261995430312261
2021-09-22,398,343,741,287,264,551,110,155,265,155,229,384,157,201,358,98,155,253,95,134,229,72,75,147,17,46,63,6,18,24,1395,1620,3015,3012,370,0.12284196547144755
2021-09-23,327,297,624,304,279,583,108,155,263,162,246,408,138,193,331,100,149,249,110,150,260,84,97,181,21,31,52,8,14,22,1362,1611,2973,2972,312,0.10497981157469717
2021-09-24,284,303,587,200,161,361,116,120,236,145,154,299,126,182,308,98,135,233,102,128,230,63,88,151,23,44,67,4,6,10,1161,1321,2482,2482,301,0.12127316680096696
2021-09-25,179,133,312,70,78,148,77,88,165,107,110,217,96,112,208,75,97,172,70,79,149,49,66,115,20,29,49,2,13,15,745,805,1550,1549,391,0.2524209167204648
2021-09-26,203,164,367,79,84,163,65,79,144,112,124,236,105,127,232,70,103,173,77,76,153,39,50,89,13,29,42,3,8,11,766,844,1610,1610,205,0.12732919254658384
2021-09-27,363,327,690,287,215,502,128,157,285,174,200,374,182,174,356,115,165,280,98,148,246,87,97,184,24,43,67,7,11,18,1465,1537,3002,3002,348,0.11592271818787475
2021-09-28,386,306,692,346,378,724,107,146,253,162,182,344,143,187,330,108,131,239,96,120,216,58,71,129,17,43,60,5,11,16,1428,1575,3003,3002,317,0.1055962691538974
2021-09-29,319,264,583,231,235,466,107,155,262,163,186,349,143,165,308,109,137,246,95,122,217,68,98,166,37,33,70,8,8,16,1280,1403,2683,2680,270,0.10074626865671642
2021-09-30,254,248,502,309,321,630,105,125,230,138,162,300,103,147,250,100,132,232,87,125,212,52,78,130,21,40,61,7,11,18,1176,1389,2565,2563,176,0.06866952789699571
2021-10-01,316,240,556,339,340,679,109,146,255,169,201,370,161,165,326,124,124,248,96,127,223,69,101,170,23,53,76,6,21,27,1412,1518,2930,2930,373,0.1273037542662116
2021-10-02,161,170,331,89,91,180,93,99,192,101,137,238,86,100,186,88,102,190,66,99,165,58,53,111,14,34,48,2,8,10,758,893,1651,1652,208,0.12590799031476999
2021-10-03,142,131,273,94,83,177,88,100,188,108,98,206,97,104,201,73,95,168,56,87,143,36,56,92,14,30,44,1,4,5,709,788,1497,1497,197,0.13159652638610556
2021-10-04,327,324,651,366,294,660,122,156,278,148,225,373,159,188,347,123,162,285,111,140,251,77,107,184,26,32,58,5,15,20,1464,1643,3107,3107,323,0.10395880270357258
2021-10-05,327,275,602,297,362,659,109,137,246,192,216,408,164,164,328,116,148,264,96,127,223,58,97,155,25,44,69,10,11,21,1394,1581,2975,2974,266,0.0894418291862811
2021-10-06,264,226,490,245,252,497,136,148,284,174,210,384,172,174,346,107,170,277,100,115,215,60,90,150,25,32,57,7,8,15,1290,1425,2715,2715,287,0.10570902394106814
2021-10-07,218,222,440,143,149,292,109,146,255,174,207,381,146,185,331,126,161,287,87,141,228,88,85,173,26,42,68,3,14,17,1120,1352,2472,2472,390,0.15776699029126215
2021-10-08,109,99,208,100,102,202,109,116,225,126,139,265,148,126,274,91,126,217,96,108,204,53,60,113,18,27,45,7,14,21,857,917,1774,1774,245,0.13810597519729426
2021-10-09,97,93,190,109,111,220,91,100,191,124,137,261,108,121,229,92,115,207,90,99,189,55,79,134,18,37,55,4,9,13,788,901,1689,1688,251,0.14869668246445497
2021-10-10,127,115,242,71,79,150,80,103,183,119,116,235,111,122,233,89,102,191,84,94,178,46,57,103,15,26,41,2,7,9,744,821,1565,1564,238,0.15217391304347827
2021-10-11,132,126,258,102,113,215,112,103,215,158,146,304,148,150,298,104,122,226,98,106,204,69,79,148,16,29,45,4,10,14,943,984,1927,1924,262,0.13617463617463618
2021-10-12,268,234,502,282,288,570,140,198,338,217,198,415,190,218,408,142,168,310,126,184,310,82,104,186,28,49,77,8,15,23,1483,1656,3139,3139,306,0.09748327492832112
2021-10-13,276,259,535,289,273,562,172,203,375,231,231,462,198,197,395,136,144,280,109,149,258,64,90,154,23,36,59,5,7,12,1503,1589,3092,3091,324,0.10482044645745714
2021-10-14,248,239,487,317,310,627,142,169,311,177,195,372,204,211,415,150,183,333,122,162,284,77,100,177,25,56,81,6,17,23,1468,1642,3110,3110,245,0.07877813504823152
2021-10-15,218,178,396,220,209,429,111,173,284,192,175,367,151,192,343,135,128,263,109,156,265,66,112,178,18,41,59,2,9,11,1222,1373,2595,2594,281,0.10832690824980724
2021-10-16,116,107,223,116,139,255,106,98,204,152,148,300,146,152,298,115,127,242,97,122,219,78,105,183,24,39,63,2,9,11,952,1046,1998,1997,313,0.15673510265398097
2021-10-17,113,99,212,122,114,236,69,81,150,119,126,245,121,128,249,78,84,162,60,72,132,49,68,117,16,22,38,2,4,6,749,798,1547,1546,177,0.11448900388098318
2021-10-18,285,282,567,194,219,413,160,178,338,211,214,425,175,189,364,139,178,317,144,179,323,81,121,202,39,49,88,5,9,14,1433,1618,3051,3049,325,0.10659232535257461
2021-10-19,310,290,600,212,209,421,131,158,289,154,186,340,135,185,320,107,131,238,106,125,231,66,80,146,27,40,67,6,15,21,1254,1419,2673,2672,291,0.10890718562874252
2021-10-20,312,282,594,216,229,445,152,193,345,172,211,383,157,192,349,127,142,269,99,136,235,72,112,184,26,43,69,4,8,12,1337,1548,2885,2884,370,0.12829403606102635
2021-10-21,314,313,627,227,255,482,139,172,311,177,236,413,144,214,358,111,180,291,94,154,248,77,110,187,28,51,79,3,19,22,1314,1704,3018,3018,348,0.11530815109343936
2021-10-22,300,312,612,288,286,574,113,185,298,205,234,439,168,243,411,126,195,321,107,172,279,79,100,179,27,55,82,8,13,21,1421,1795,3216,3215,334,0.10388802488335926
2021-10-23,169,159,328,144,146,290,74,112,186,130,135,265,119,155,274,102,125,227,84,113,197,58,61,119,13,31,44,7,11,18,900,1048,1948,1948,282,0.14476386036960986
2021-10-24,207,172,379,118,100,218,74,99,173,109,149,258,104,140,244,103,114,217,73,89,162,40,67,107,18,19,37,2,7,9,848,956,1804,1804,216,0.1197339246119734
2021-10-25,390,407,797,260,251,511,174,224,398,239,270,509,197,254,451,131,216,347,150,218,368,79,127,206,28,37,65,2,8,10,1650,2012,3662,3662,419,0.1144183506280721
2021-10-26,358,327,685,318,260,578,176,187,363,185,238,423,176,232,408,135,177,312,133,182,315,71,99,170,22,59,81,1,8,9,1575,1769,3344,3344,285,0.08522727272727272
2021-10-27,328,316,644,257,213,470,156,161,317,165,207,372,152,203,355,129,188,317,98,160,258,91,96,187,29,41,70,3,11,14,1408,1596,3004,3001,286,0.09530156614461846
2021-10-28,342,344,686,274,249,523,127,173,300,173,205,378,143,196,339,108,141,249,124,142,266,68,92,160,32,37,69,6,15,21,1397,1594,2991,2991,252,0.08425275827482448
2021-10-29,293,290,583,262,267,529,127,174,301,187,217,404,194,230,424,138,180,318,129,163,292,82,121,203,27,56,83,3,8,11,1442,1706,3148,3148,353,0.11213468869123253
2021-10-30,161,142,303,163,164,327,81,90,171,135,148,283,131,135,266,99,111,210,95,108,203,66,67,133,24,34,58,3,5,8,958,1004,1962,1962,326,0.16615698267074414
2021-10-31,144,157,301,139,145,284,85,93,178,107,121,228,115,137,252,95,105,200,71,80,151,39,67,106,16,24,40,5,12,17,816,941,1757,1757,223,0.12692088787706318
2021-11-01,291,302,593,236,220,456,118,173,291,199,228,427,208,248,456,155,203,358,136,182,318,94,134,228,20,53,73,8,13,21,1465,1756,3221,3221,327,0.10152126668736418
2021-11-02,301,288,589,231,233,464,142,157,299,169,183,352,132,221,353,117,174,291,121,149,270,70,107,177,29,49,78,4,11,15,1316,1572,2888,2886,322,0.11157311157311157
2021-11-03,304,237,541,256,290,546,131,177,308,175,207,382,178,218,396,156,171,327,112,143,255,81,113,194,25,32,57,1,9,10,1419,1597,3016,3016,307,0.10179045092838196
2021-11-04,239,245,484,246,235,481,116,141,257,172,199,371,144,202,346,148,172,320,121,154,275,61,94,155,29,40,69,8,14,22,1284,1496,2780,2781,328,0.11794318590435095
2021-11-05,216,212,428,224,232,456,137,155,292,172,208,380,164,197,361,136,175,311,131,154,285,75,87,162,26,31,57,4,11,15,1285,1462,2747,2747,372,0.13542045868219876
2021-11-06,138,118,256,155,142,297,86,117,203,132,130,262,117,128,245,107,129,236,83,90,173,45,66,111,23,27,50,0,8,8,886,955,1841,1841,227,0.12330255296034763
2021-11-07,135,150,285,153,158,311,71,117,188,100,109,209,112,122,234,91,123,214,75,94,169,36,56,92,24,15,39,4,4,8,801,948,1749,1749,220,0.12578616352201258
2021-11-08,315,296,611,239,221,460,154,188,342,214,229,443,197,252,449,148,188,336,131,174,305,90,121,211,39,51,90,4,11,15,1531,1731,3262,3262,380,0.11649294911097487
2021-11-09,301,275,576,216,197,413,112,176,288,185,197,382,170,194,364,128,176,304,106,119,225,69,80,149,23,47,70,7,11,18,1317,1472,2789,2788,272,0.0975609756097561
2021-11-10,303,252,555,214,250,464,160,196,356,181,222,403,199,216,415,160,176,336,98,145,243,58,95,153,23,41,64,6,10,16,1402,1603,3005,3005,249,0.08286189683860233
2021-11-11,289,266,555,237,245,482,136,143,279,201,252,453,152,217,369,118,167,285,99,119,218,56,86,142,20,43,63,3,14,17,1311,1552,2863,2863,237,0.08278030038421237
2021-11-12,244,252,496,284,270,554,151,166,317,213,278,491,201,260,461,158,211,369,141,256,397,86,121,207,29,40,69,2,15,17,1509,1869,3378,3378,339,0.10035523978685613
2021-11-13,150,151,301,219,207,426,103,125,228,160,169,329,139,161,300,103,136,239,84,120,204,73,110,183,23,29,52,4,8,12,1058,1216,2274,2274,302,0.13280562884784522
2021-11-14,135,130,265,103,75,178,57,74,131,98,107,205,100,93,193,61,86,147,48,77,125,45,55,100,9,15,24,4,10,14,660,722,1382,1382,219,0.15846599131693198
2021-11-15,282,276,558,241,206,447,122,158,280,193,237,430,164,229,393,132,202,334,136,171,307,90,131,221,32,56,88,3,13,16,1395,1679,3074,3074,304,0.0988939492517892
2021-11-16,270,282,552,217,192,409,123,178,301,154,244,398,195,194,389,154,169,323,111,159,270,65,106,171,24,25,49,4,9,13,1317,1558,2875,2875,338,0.11756521739130435
2021-11-17,277,252,529,203,172,375,145,156,301,193,259,452,185,266,451,145,212,357,116,179,295,99,114,213,24,38,62,6,7,13,1393,1655,3048,3048,275,0.09022309711286089
2021-11-18,289,243,532,263,226,489,146,185,331,206,252,458,186,224,410,139,216,355,135,159,294,73,80,153,30,37,67,9,11,20,1476,1633,3109,3109,325,0.10453522032807977
2021-11-19,207,204,411,278,274,552,132,153,285,165,240,405,184,214,398,137,204,341,115,136,251,68,111,179,21,34,55,1,9,10,1308,1579,2887,2886,250,0.08662508662508663
2021-11-20,142,119,261,188,202,390,94,128,222,112,154,266,114,140,254,95,115,210,105,102,207,57,63,120,19,26,45,3,6,9,929,1055,1984,1984,301,0.15171370967741934
2021-11-21,115,109,224,164,153,317,56,55,111,91,95,186,96,101,197,70,74,144,64,111,175,32,65,97,19,24,43,3,6,9,710,793,1503,1503,262,0.17431803060545575
2021-11-22,134,169,303,165,165,330,79,86,165,120,143,263,111,171,282,103,118,221,70,111,181,67,62,129,24,38,62,3,9,12,876,1072,1948,1948,291,0.14938398357289528
2021-11-23,250,235,485,178,190,368,122,139,261,158,186,344,138,189,327,98,161,259,98,140,238,53,95,148,34,33,67,3,10,13,1132,1378,2510,2508,416,0.16586921850079744
2021-11-24,227,217,444,172,154,326,113,152,265,168,171,339,127,180,307,102,173,275,82,126,208,69,70,139,19,38,57,2,7,9,1081,1288,2369,2369,355,0.14985225833685098
2021-11-25,218,216,434,208,184,392,138,148,286,205,214,419,181,199,380,145,152,297,114,136,250,64,96,160,24,38,62,1,7,8,1298,1390,2688,2688,245,0.09114583333333333
2021-11-26,190,208,398,313,298,611,167,137,304,194,215,409,191,205,396,154,166,320,118,133,251,79,101,180,27,38,65,1,12,13,1434,1513,2947,2947,339,0.11503223617237869
2021-11-27,124,141,265,210,195,405,141,138,279,183,187,370,190,170,360,127,143,270,128,143,271,94,100,194,35,33,68,3,12,15,1235,1262,2497,2497,274,0.10973167801361634
2021-11-28,118,102,220,110,139,249,77,82,159,100,108,208,106,132,238,77,84,161,67,88,155,35,44,79,11,27,38,4,6,10,705,812,1517,1517,176,0.11601845748187212
2021-11-29,207,204,411,304,286,590,166,176,342,202,211,413,196,235,431,149,180,329,142,176,318,101,130,231,32,46,78,2,10,12,1501,1654,3155,3155,330,0.1045958795562599
2021-11-30,200,204,404,235,227,462,154,204,358,229,240,469,179,229,408,137,193,330,119,164,283,70,104,174,28,46,74,1,19,20,1352,1630,2982,2982,397,0.13313212608987257
2021-12-01,256,190,446,226,212,438,126,197,323,193,229,422,182,220,402,127,194,321,130,188,318,84,116,200,26,49,75,3,11,14,1353,1606,2959,2958,318,0.1075050709939148
2021-12-02,231,192,423,274,329,603,164,237,401,276,270,546,219,262,481,165,221,386,138,181,319,82,112,194,31,41,72,2,10,12,1582,1855,3437,3437,370,0.10765202211230725
2021-12-03,151,158,309,166,196,362,116,133,249,177,179,356,150,141,291,104,127,231,93,108,201,60,80,140,22,35,57,1,13,14,1040,1170,2210,2210,403,0.18235294117647058
2021-12-04,149,125,274,252,285,537,131,161,292,175,194,369,149,205,354,100,143,243,98,109,207,58,79,137,22,37,59,2,8,10,1136,1346,2482,2482,310,0.12489927477840451
2021-12-05,153,147,300,277,255,532,113,150,263,149,165,314,139,164,303,101,142,243,82,112,194,73,81,154,11,33,44,2,9,11,1100,1258,2358,2358,241,0.10220525869380831
2021-12-06,279,295,574,280,300,580,203,254,457,257,289,546,216,299,515,188,225,413,156,195,351,95,134,229,29,63,92,8,8,16,1711,2062,3773,3773,344,0.09117413199045853
2021-12-07,269,265,534,278,303,581,190,249,439,244,320,564,217,263,480,159,231,390,117,186,303,88,133,221,27,53,80,5,14,19,1594,2017,3611,3610,421,0.11662049861495845
2021-12-08,174,177,351,156,151,307,144,203,347,173,203,376,153,184,337,122,147,269,93,140,233,60,78,138,20,38,58,3,5,8,1098,1326,2424,2423,257,0.1060668592653735
2021-12-09,239,240,479,286,316,602,220,297,517,282,334,616,253,319,572,177,262,439,152,190,342,107,133,240,38,47,85,5,11,16,1759,2149,3908,3906,421,0.10778289810547875
2021-12-10,221,265,486,501,475,976,225,307,532,328,372,700,245,307,552,201,222,423,136,216,352,100,157,257,29,57,86,4,8,12,1990,2386,4376,4371,471,0.10775566231983527
2021-12-11,154,129,283,295,338,633,164,184,348,180,235,415,190,210,400,137,158,295,95,132,227,63,89,152,16,36,52,3,7,10,1297,1518,2815,2814,315,0.11194029850746269
2021-12-12,150,158,308,223,241,464,135,198,333,184,213,397,181,204,385,116,175,291,100,143,243,55,94,149,22,36,58,3,15,18,1169,1477,2646,2646,284,0.1073318216175359
2021-12-13,255,270,525,313,333,646,268,391,659,291,341,632,244,312,556,201,282,483,178,239,417,125,144,269,42,72,114,7,20,27,1924,2404,4328,4328,493,0.113909426987061
2021-12-14,259,279,538,309,330,639,320,407,727,361,455,816,259,316,575,187,260,447,161,200,361,105,152,257,39,46,85,6,12,18,2006,2457,4463,4463,439,0.0983643289267309
2021-12-15,267,285,552,268,337,605,298,381,679,376,392,768,284,348,632,213,269,482,140,183,323,102,107,209,39,62,101,9,10,19,1996,2374,4370,4369,474,0.10849164568551156
2021-12-16,342,354,696,413,453,866,380,521,901,441,513,954,357,416,773,247,334,581,180,228,408,92,137,229,32,65,97,3,9,12,2487,3030,5517,5514,499,0.09049691693870149
2021-12-17,305,305,610,430,516,946,394,497,891,461,506,967,342,440,782,264,327,591,169,269,438,121,153,274,35,52,87,3,12,15,2524,3077,5601,5598,692,0.12361557699178279
2021-12-18,203,182,385,280,302,582,239,353,592,321,361,682,237,284,521,201,232,433,134,181,315,80,124,204,19,41,60,2,11,13,1716,2071,3787,3787,482,0.12727752838658568
2021-12-19,196,204,400,215,254,469,191,253,444,248,329,577,224,249,473,172,198,370,138,139,277,73,93,166,27,32,59,3,4,7,1487,1755,3242,3242,455,0.1403454657618754
2021-12-20,317,341,658,385,384,769,392,505,897,472,522,994,387,472,859,274,390,664,191,293,484,129,185,314,37,76,113,7,12,19,2591,3180,5771,5769,678,0.11752470098803952
2021-12-21,300,322,622,374,367,741,477,520,997,553,639,1192,413,443,856,282,375,657,182,233,415,104,140,244,29,66,95,3,11,14,2717,3116,5833,5831,681,0.11678957297204597
2021-12-22,394,299,693,407,487,894,596,770,1366,637,779,1416,515,651,1166,374,507,881,257,343,600,143,182,325,29,64,93,6,17,23,3358,4099,7457,7451,827,0.110991813179439
2021-12-23,380,394,774,477,516,993,664,790,1454,722,830,1552,524,693,1217,363,505,868,265,380,645,130,205,335,38,83,121,1,14,15,3564,4410,7974,7966,1125,0.1412252071303038
2021-12-24,219,193,412,274,267,541,326,407,733,370,400,770,295,353,648,222,276,498,160,188,348,84,116,200,34,43,77,3,6,9,1987,2249,4236,4232,922,0.21786389413988658
2021-12-25,101,90,191,99,134,233,107,122,229,140,143,283,131,136,267,100,129,229,69,96,165,46,77,123,15,29,44,1,6,7,809,962,1771,1760,661,0.3755681818181818
2021-12-26,233,239,472,364,401,765,396,438,834,429,511,940,404,486,890,350,423,773,223,287,510,141,163,304,31,62,93,8,9,17,2579,3019,5598,5590,897,0.16046511627906976
2021-12-27,344,324,668,523,578,1101,583,668,1251,714,790,1504,581,787,1368,445,609,1054,324,407,731,176,260,436,58,83,141,2,18,20,3750,4524,8274,8261,996,0.12056651737077835
2021-12-28,342,304,646,600,648,1248,672,795,1467,727,865,1592,639,803,1442,525,665,1190,364,453,817,160,216,376,49,98,147,2,16,18,4080,4863,8943,8935,920,0.1029658645775042
2021-12-29,375,338,713,659,672,1331,790,962,1752,771,928,1699,673,882,1555,500,719,1219,363,442,805,168,237,405,49,87,136,10,8,18,4358,5275,9633,9616,1027,0.10680116472545757
2021-12-30,485,441,926,783,823,1606,979,1055,2034,894,1071,1965,739,1004,1743,593,838,1431,389,613,1002,209,350,559,50,105,155,10,24,34,5131,6324,11455,11442,1018,0.08897045970984094
2021-12-31,174,178,352,358,346,704,433,480,913,448,444,892,384,437,821,281,392,673,210,270,480,100,156,256,29,50,79,2,13,15,2419,2766,5185,5154,525,0.10186263096623982
2022-01-01,90,94,184,106,115,221,119,148,267,141,168,309,142,176,318,128,166,294,81,110,191,48,74,122,20,24,44,0,12,12,875,1087,1962,1938,315,0.16253869969040247
2022-01-02,148,128,276,156,149,305,141,174,315,147,208,355,185,226,411,126,156,282,96,116,212,54,68,122,13,33,46,0,4,4,1066,1262,2328,2304,536,0.2326388888888889
2022-01-03,289,272,561,345,410,755,492,560,1052,491,557,1048,434,601,1035,360,515,875,284,346,630,141,202,343,23,64,87,6,17,23,2865,3544,6409,6400,887,0.13859375
2022-01-04,346,310,656,540,587,1127,738,886,1624,730,801,1531,640,780,1420,476,592,1068,313,428,741,135,215,350,58,91,149,7,18,25,3983,4708,8691,8681,758,0.08731712936297661
2022-01-05,308,288,596,411,519,930,646,778,1424,675,740,1415,575,682,1257,422,530,952,280,393,673,124,196,320,30,59,89,6,13,19,3477,4198,7675,7669,955,0.12452731777285174
2022-01-06,244,198,442,354,391,745,506,659,1165,514,626,1140,406,540,946,300,458,758,194,305,499,94,140,234,25,57,82,6,14,20,2643,3388,6031,6023,864,0.14345010791964138
2022-01-07,189,160,349,237,269,506,395,540,935,427,532,959,378,413,791,255,390,645,183,273,456,88,122,210,17,34,51,1,11,12,2170,2744,4914,4900,985,0.2010204081632653
2022-01-08,114,128,242,104,143,247,159,229,388,194,303,497,197,256,453,132,210,342,83,136,219,33,74,107,17,25,42,1,7,8,1034,1511,2545,2540,629,0.24763779527559054
2022-01-09,212,208,420,266,313,579,321,466,787,426,599,1025,418,521,939,283,391,674,175,254,429,71,111,182,19,43,62,1,1,2,2192,2907,5099,5087,480,0.09435816787890702
2022-01-10,306,269,575,347,423,770,536,622,1158,597,654,1251,474,575,1049,343,476,819,236,283,519,107,163,270,24,54,78,2,22,24,2972,3541,6513,6496,623,0.09590517241379311
2022-01-11,166,174,340,166,215,381,289,381,670,332,399,731,280,370,650,188,260,448,148,199,347,62,109,171,25,42,67,1,12,13,1657,2161,3818,3794,403,0.1062203479177649
2022-01-12,118,107,225,70,69,139,104,148,252,142,204,346,124,160,284,106,128,234,92,94,186,48,71,119,27,56,83,2,18,20,833,1055,1888,1874,521,0.27801494130202775
2022-01-13,114,118,232,108,97,205,150,214,364,180,265,445,170,196,366,127,185,312,78,121,199,51,65,116,23,70,93,6,19,25,1007,1350,2357,2353,427,0.18147046323841903
2022-01-14,222,218,440,292,363,655,379,483,862,439,557,996,427,540,967,273,388,661,228,327,555,110,140,250,28,70,98,6,22,28,2404,3108,5512,5508,475,0.08623819898329703
2022-01-15,73,72,145,70,84,154,90,110,200,113,142,255,132,133,265,75,118,193,63,77,140,33,46,79,8,21,29,1,6,7,658,809,1467,1463,417,0.28503075871496925
2022-01-16,73,46,119,43,28,71,39,41,80,49,59,108,50,75,125,31,50,81,23,39,62,19,21,40,5,18,23,1,5,6,333,382,715,712,345,0.4845505617977528
2022-01-17,96,84,180,49,58,107,76,103,179,122,156,278,94,134,228,76,104,180,78,85,163,33,53,86,15,51,66,2,27,29,641,855,1496,1486,557,0.37483176312247646
2022-01-18,105,96,201,70,91,161,94,145,239,153,195,348,129,177,306,91,120,211,67,102,169,65,85,150,23,49,72,4,15,19,801,1075,1876,1869,474,0.2536115569823435
2022-01-19,102,84,186,76,79,155,94,115,209,133,175,308,137,171,308,96,142,238,71,116,187,61,96,157,28,68,96,3,33,36,801,1079,1880,1874,444,0.23692636072572038
2022-01-20,111,90,201,102,113,215,133,178,311,186,226,412,181,214,395,132,173,305,94,139,233,54,79,133,32,38,70,0,12,12,1025,1262,2287,2273,360,0.1583809942806863
2022-01-21,139,136,275,109,161,270,171,221,392,234,351,585,238,292,530,135,230,365,136,199,335,65,122,187,23,55,78,2,21,23,1252,1788,3040,3027,485,0.16022464486290056
2022-01-22,229,257,486,313,351,664,357,520,877,553,629,1182,496,649,1145,351,492,843,244,309,553,123,182,305,28,48,76,4,13,17,2698,3450,6148,6143,381,0.06202181344619893
2022-01-23,227,248,475,353,383,736,293,408,701,469,541,1010,437,631,1068,365,477,842,217,336,553,116,135,251,31,43,74,1,9,10,2509,3211,5720,5713,215,0.037633467530194295
2022-01-24,131,141,272,147,181,328,187,210,397,227,300,527,244,264,508,152,220,372,133,199,332,83,120,203,25,59,84,5,20,25,1334,1714,3048,3034,432,0.14238628872775214
2022-01-25,246,183,429,271,293,564,365,377,742,353,459,812,367,424,791,263,361,624,228,284,512,128,186,314,49,83,132,9,30,39,2279,2680,4959,4945,290,0.05864509605662285
2022-01-26,193,183,376,227,239,466,243,324,567,310,406,716,270,351,621,222,316,538,184,257,441,107,139,246,46,102,148,8,36,44,1810,2353,4163,4156,445,0.10707410972088546
2022-01-27,213,203,416,305,331,636,311,412,723,413,516,929,363,481,844,265,386,651,235,296,531,119,189,308,30,85,115,5,29,34,2259,2928,5187,5174,332,0.06416698879010437
2022-01-28,187,174,361,247,245,492,267,312,579,305,432,737,295,385,680,253,373,626,182,287,469,97,152,249,24,84,108,3,26,29,1860,2470,4330,4309,534,0.12392666511951729
2022-01-29,169,140,309,187,219,406,189,223,412,248,318,566,264,304,568,219,245,464,155,253,408,103,130,233,36,46,82,4,10,14,1574,1888,3462,3451,346,0.10026079397276152
2022-01-30,149,137,286,205,223,428,177,224,401,217,258,475,250,345,595,195,242,437,126,197,323,80,115,195,23,49,72,3,9,12,1425,1799,3224,3223,274,0.08501396214706795
2022-01-31,230,200,430,279,347,626,312,304,616,343,415,758,311,462,773,238,332,570,171,253,424,118,175,293,31,70,101,6,19,25,2039,2577,4616,4606,543,0.1178897090751194
2022-02-01,248,209,457,357,363,720,307,388,695,382,447,829,397,495,892,248,400,648,206,289,495,128,220,348,39,92,131,9,34,43,2321,2937,5258,5248,395,0.07526676829268293
2022-02-02,201,190,391,293,272,565,288,317,605,308,393,701,283,420,703,217,293,510,199,256,455,113,170,283,41,77,118,8,33,41,1951,2421,4372,4365,532,0.12187857961053837
2022-02-03,127,125,252,168,166,334,155,184,339,185,231,416,197,249,446,143,172,315,141,169,310,61,106,167,17,40,57,3,8,11,1197,1450,2647,2622,373,0.14225781845919147
2022-02-04,182,169,351,193,204,397,234,246,480,259,314,573,225,350,575,202,292,494,156,256,412,102,153,255,29,67,96,3,17,20,1585,2068,3653,3641,379,0.10409228234001648
2022-02-05,125,122,247,116,136,252,136,146,282,171,202,373,174,202,376,123,178,301,87,140,227,66,77,143,14,37,51,6,14,20,1018,1254,2272,2267,211,0.09307454786060873
2022-02-06,151,108,259,128,121,249,120,138,258,170,194,364,197,236,433,115,183,298,91,131,222,55,87,142,21,29,50,3,12,15,1051,1239,2290,2288,200,0.08741258741258741
2022-02-07,186,170,356,166,199,365,215,252,467,286,316,602,227,300,527,196,266,462,154,239,393,108,157,265,35,82,117,8,15,23,1581,1996,3577,3574,258,0.07218802462227196
2022-02-08,147,123,270,146,172,318,213,269,482,217,283,500,215,244,459,134,232,366,128,210,338,88,119,207,32,51,83,6,8,14,1326,1711,3037,3037,238,0.07836680935133356
2022-02-09,184,162,346,183,169,352,213,201,414,257,283,540,167,257,424,143,199,342,142,159,301,93,111,204,29,51,80,4,8,12,1415,1600,3015,3013,243,0.08065051443743777
2022-02-10,187,186,373,192,193,385,236,251,487,292,315,607,231,314,545,188,270,458,134,195,329,102,149,251,48,73,121,3,16,19,1613,1962,3575,3571,304,0.08513021562587511
2022-02-11,148,144,292,155,185,340,233,244,477,262,251,513,198,218,416,152,215,367,151,213,364,71,108,179,29,75,104,5,24,29,1404,1677,3081,3081,281,0.09120415449529373
2022-02-12,104,84,188,129,120,249,127,164,291,178,183,361,148,178,326,121,138,259,107,121,228,62,85,147,19,43,62,6,11,17,1001,1127,2128,2126,242,0.11382878645343368
2022-02-13,84,93,177,105,109,214,141,140,281,160,195,355,139,186,325,108,133,241,66,115,181,52,71,123,13,25,38,1,6,7,869,1073,1942,1940,192,0.09896907216494845
2022-02-14,209,164,373,187,180,367,259,280,539,291,302,593,257,305,562,204,257,461,176,208,384,94,154,248,35,55,90,4,9,13,1716,1914,3630,3630,383,0.10550964187327824
2022-02-15,201,202,403,198,213,411,276,298,574,311,321,632,246,286,532,171,246,417,135,221,356,90,120,210,33,49,82,2,11,13,1663,1967,3630,3628,279,0.07690187431091511
2022-02-16,238,202,440,198,200,398,282,321,603,277,292,569,226,261,487,181,218,399,123,203,326,70,120,190,28,52,80,5,12,17,1628,1881,3509,3506,245,0.06988020536223617
2022-02-17,204,187,391,183,187,370,265,262,527,282,324,606,232,244,476,176,256,432,146,202,348,87,146,233,33,60,93,2,19,21,1610,1887,3497,3495,315,0.09012875536480687
2022-02-18,185,163,348,181,199,380,272,307,579,286,312,598,215,275,490,157,240,397,136,180,316,73,120,193,22,48,70,5,8,13,1532,1852,3384,3384,334,0.09869976359338062
2022-02-19,125,120,245,100,108,208,128,180,308,159,206,365,153,176,329,111,132,243,77,112,189,56,79,135,19,26,45,4,6,10,932,1145,2077,2076,179,0.08622350674373795
2022-02-20,161,148,309,112,99,211,153,156,309,158,162,320,132,152,284,88,109,197,76,95,171,47,64,111,19,28,47,1,7,8,947,1020,1967,1966,214,0.10885045778229908
2022-02-21,249,220,469,183,168,351,311,287,598,309,318,627,272,274,546,209,227,436,180,193,373,99,131,230,36,66,102,5,17,22,1853,1901,3754,3754,279,0.07432072456046883
2022-02-22,293,250,543,181,178,359,285,331,616,299,315,614,270,246,516,166,257,423,156,221,377,105,142,247,32,55,87,7,14,21,1794,2009,3803,3803,322,0.08466999737049698
2022-02-23,270,228,498,182,183,365,294,276,570,289,306,595,241,253,494,167,206,373,120,179,299,83,116,199,26,42,68,4,14,18,1676,1803,3479,3477,257,0.07391429393155019
2022-02-24,235,200,435,145,143,288,238,244,482,268,248,516,197,241,438,152,161,313,116,120,236,77,88,165,20,36,56,2,13,15,1450,1494,2944,2944,244,0.08288043478260869
2022-02-25,291,332,623,204,181,385,256,288,544,292,289,581,228,239,467,158,228,386,150,179,329,68,116,184,25,45,70,3,17,20,1675,1914,3589,3586,381,0.10624651422197434
2022-02-26,202,188,390,100,104,204,168,158,326,187,155,342,143,153,296,111,123,234,80,111,191,58,63,121,20,37,57,0,21,21,1069,1113,2182,2180,366,0.16788990825688074
2022-02-27,241,180,421,107,84,191,129,146,275,170,173,343,125,168,293,85,102,187,79,105,184,58,64,122,22,32,54,1,5,6,1017,1059,2076,2075,310,0.1493975903614458
2022-02-28,320,299,619,144,122,266,189,233,422,226,283,509,163,175,338,155,181,336,135,136,271,81,102,183,29,30,59,3,12,15,1445,1573,3018,3018,321,0.10636182902584493
2022-03-01,316,315,631,157,121,278,154,185,339,181,216,397,206,161,367,134,158,292,101,118,219,59,77,136,26,32,58,1,9,10,1335,1392,2727,2727,449,0.16464979831316465
2022-03-02,432,362,794,195,177,372,246,267,513,275,359,634,214,239,453,146,221,367,136,156,292,73,111,184,33,60,93,8,24,32,1758,1976,3734,3734,486,0.13015532940546332
2022-03-03,437,402,839,242,227,469,294,303,597,306,334,640,226,241,467,143,176,319,145,178,323,89,113,202,28,47,75,5,13,18,1915,2034,3949,3946,424,0.10745058286872783
2022-03-04,342,314,656,266,250,516,294,345,639,320,369,689,257,265,522,174,214,388,160,191,351,95,108,203,21,48,69,2,11,13,1931,2115,4046,4042,468,0.11578426521523998
2022-03-05,245,254,499,167,183,350,203,244,447,215,237,452,184,218,402,133,161,294,141,148,289,75,90,165,17,37,54,7,10,17,1387,1582,2969,2966,411,0.13857046527309508
2022-03-06,248,246,494,166,170,336,155,181,336,178,207,385,149,180,329,91,141,232,90,125,215,71,74,145,16,21,37,0,6,6,1164,1351,2515,2514,375,0.14916467780429593
2022-03-07,462,404,866,287,221,508,265,327,592,296,300,596,236,268,504,170,199,369,154,187,341,101,119,220,19,52,71,5,13,18,1995,2090,4085,4085,404,0.0988984088127295
2022-03-08,464,391,855,252,236,488,266,285,551,256,298,554,239,239,478,150,194,344,147,178,325,77,112,189,32,50,82,1,13,14,1884,1996,3880,3879,359,0.0925496261923176
2022-03-09,329,290,619,212,207,419,252,270,522,258,279,537,209,246,455,155,182,337,134,182,316,92,101,193,23,37,60,2,8,10,1666,1802,3468,3468,353,0.10178777393310265
2022-03-10,328,335,663,229,243,472,229,277,506,234,302,536,192,229,421,139,170,309,127,162,289,61,96,157,21,42,63,3,10,13,1563,1866,3429,3428,398,0.1161026837806301
2022-03-11,324,306,630,217,192,409,231,282,513,260,297,557,216,239,455,151,190,341,141,170,311,86,117,203,26,42,68,8,9,17,1660,1844,3504,3504,384,0.1095890410958904
2022-03-12,233,222,455,155,137,292,148,178,326,186,226,412,160,191,351,145,143,288,118,133,251,68,86,154,20,25,45,4,9,13,1237,1350,2587,2586,452,0.17478731631863884
2022-03-13,262,241,503,168,150,318,162,195,357,193,207,400,146,175,321,112,140,252,84,116,200,56,69,125,21,30,51,3,8,11,1207,1331,2538,2538,359,0.14144996059889678
2022-03-14,429,453,882,288,258,546,311,314,625,312,375,687,261,310,571,187,246,433,173,203,376,101,130,231,26,38,64,4,11,15,2092,2338,4430,4428,459,0.10365853658536585
2022-03-15,493,428,921,305,232,537,271,293,564,253,353,606,237,262,499,187,229,416,139,173,312,101,125,226,28,58,86,5,18,23,2019,2171,4190,4189,470,0.1121986154213416
2022-03-16,405,337,742,221,241,462,249,287,536,306,341,647,223,263,486,156,241,397,143,194,337,82,116,198,34,38,72,9,13,22,1828,2071,3899,3897,474,0.1216320246343341
2022-03-17,312,280,592,227,227,454,199,238,437,243,292,535,204,228,432,152,199,351,129,156,285,75,131,206,21,53,74,6,7,13,1568,1811,3379,3379,491,0.14530926309559042
2022-03-18,224,181,405,145,124,269,160,189,349,179,219,398,142,167,309,106,132,238,84,127,211,56,60,116,21,26,47,6,17,23,1123,1242,2365,2360,433,0.18347457627118643
2022-03-19,158,153,311,98,106,204,141,167,308,195,220,415,143,133,276,128,129,257,96,118,214,62,74,136,22,23,45,1,7,8,1044,1130,2174,2174,268,0.12327506899724011
2022-03-20,169,146,315,93,97,190,137,143,280,148,172,320,100,131,231,103,111,214,84,102,186,55,56,111,18,33,51,3,10,13,910,1001,1911,1911,254,0.13291470434327576
2022-03-21,323,334,657,176,170,346,203,265,468,266,279,545,214,244,458,174,208,382,127,184,311,83,98,181,22,38,60,5,15,20,1593,1835,3428,3427,383,0.11175955646337905
2022-03-22,206,207,413,165,162,327,219,240,459,246,299,545,218,237,455,164,187,351,142,189,331,93,100,193,21,36,57,1,8,9,1475,1665,3140,3138,430,0.13702995538559593
2022-03-23,250,243,493,184,185,369,220,321,541,269,299,568,186,201,387,157,187,344,130,162,292,88,111,199,25,41,66,4,17,21,1513,1767,3280,3280,396,0.12073170731707317
2022-03-24,140,143,283,101,138,239,129,183,312,186,186,372,128,153,281,106,128,234,78,100,178,51,69,120,22,23,45,2,9,11,943,1132,2075,2074,376,0.18129218900675023
2022-03-25,177,184,361,139,149,288,184,223,407,220,235,455,164,204,368,145,154,299,124,159,283,57,80,137,25,21,46,7,9,16,1242,1418,2660,2660,437,0.16428571428571428
2022-03-26,115,147,262,128,129,257,138,157,295,167,193,360,141,156,297,121,118,239,77,101,178,74,78,152,20,22,42,1,12,13,982,1113,2095,2094,269,0.12846227316141356
2022-03-27,134,141,275,118,100,218,104,135,239,174,209,383,124,143,267,92,119,211,99,93,192,47,71,118,13,29,42,3,7,10,908,1047,1955,1954,262,0.13408393039918118
2022-03-28,221,203,424,190,176,366,181,254,435,209,282,491,165,251,416,147,172,319,126,165,291,79,97,176,23,33,56,8,9,17,1349,1642,2991,2990,333,0.11137123745819398
2022-03-29,245,225,470,187,180,367,203,241,444,192,257,449,143,214,357,113,159,272,97,157,254,70,91,161,18,42,60,1,16,17,1269,1582,2851,2850,370,0.12982456140350876
2022-03-30,209,187,396,180,194,374,152,224,376,191,246,437,152,187,339,105,170,275,105,165,270,71,82,153,21,24,45,2,6,8,1188,1485,2673,2673,260,0.09726898615787505
2022-03-31,163,143,306,115,131,246,158,216,374,152,214,366,160,207,367,109,163,272,107,114,221,57,79,136,21,31,52,2,18,20,1044,1316,2360,2360,339,0.14364406779661018
2022-04-01,155,159,314,127,124,251,147,196,343,175,210,385,162,195,357,124,159,283,113,135,248,64,87,151,19,30,49,5,7,12,1091,1302,2393,2392,326,0.1362876254180602
2022-04-02,110,86,196,106,103,209,95,122,217,125,164,289,100,112,212,73,96,169,71,79,150,45,54,99,15,21,36,2,7,9,742,844,1586,1586,205,0.12925598991172763
2022-04-03,133,127,260,97,93,190,100,123,223,99,119,218,93,109,202,62,78,140,59,87,146,44,47,91,10,23,33,3,4,7,700,810,1510,1510,249,0.16490066225165562
2022-04-04,192,192,384,159,121,280,105,171,276,169,216,385,161,148,309,108,130,238,90,115,205,72,92,164,19,39,58,4,11,15,1079,1235,2314,2314,322,0.13915298184961106
2022-04-05,177,210,387,170,216,386,122,158,280,171,205,376,142,192,334,88,132,220,88,89,177,54,81,135,20,42,62,4,8,12,1036,1333,2369,2366,330,0.13947590870667795
2022-04-06,205,193,398,158,177,335,161,177,338,180,205,385,154,209,363,106,148,254,108,128,236,62,82,144,20,36,56,3,13,16,1157,1368,2525,2524,260,0.10301109350237718
2022-04-07,180,148,328,133,137,270,107,149,256,140,178,318,130,166,296,92,131,223,73,107,180,46,83,129,13,33,46,0,11,11,914,1143,2057,2057,278,0.13514827418570735
2022-04-08,136,145,281,120,135,255,100,159,259,149,177,326,132,162,294,93,129,222,74,111,185,43,67,110,19,29,48,2,16,18,868,1130,1998,1998,328,0.16416416416416416
2022-04-09,100,108,208,55,73,128,65,93,158,93,124,217,89,103,192,52,81,133,48,56,104,35,49,84,15,24,39,2,9,11,554,720,1274,1274,193,0.15149136577708006
2022-04-10,113,107,220,62,88,150,73,86,159,86,120,206,81,114,195,63,92,155,56,83,139,52,61,113,17,20,37,3,8,11,606,779,1385,1385,273,0.19711191335740072
2022-04-11,196,180,376,129,144,273,124,173,297,144,192,336,153,179,332,78,117,195,90,139,229,50,60,110,20,36,56,4,7,11,988,1227,2215,2212,260,0.11754068716094032
2022-04-12,138,165,303,120,135,255,102,140,242,139,186,325,103,166,269,74,120,194,66,85,151,50,67,117,13,25,38,2,9,11,807,1098,1905,1904,218,0.11449579831932773
2022-04-13,88,88,176,92,100,192,105,139,244,155,185,340,118,150,268,103,119,222,74,113,187,44,65,109,16,25,41,6,7,13,801,991,1792,1791,430,0.2400893355667225
2022-04-14,89,83,172,74,53,127,57,100,157,93,128,221,77,96,173,60,84,144,42,72,114,38,48,86,11,16,27,3,4,7,544,684,1228,1228,225,0.18322475570032573
2022-04-15,67,66,133,48,41,89,42,66,108,90,113,203,70,90,160,32,57,89,48,70,118,24,41,65,10,22,32,1,6,7,432,572,1004,1002,220,0.21956087824351297
2022-04-16,56,50,106,49,41,90,46,48,94,77,70,147,60,92,152,46,60,106,54,52,106,35,35,70,9,12,21,2,0,2,434,460,894,894,129,0.14429530201342283
2022-04-17,63,62,125,55,42,97,37,55,92,67,75,142,64,75,139,52,66,118,36,55,91,32,36,68,13,15,28,1,5,6,420,486,906,906,171,0.18874172185430463
2022-04-18,107,113,220,97,87,184,102,153,255,102,164,266,112,155,267,92,141,233,86,118,204,55,58,113,22,32,54,6,13,19,781,1034,1815,1814,241,0.1328555678059537
2022-04-19,112,84,196,90,98,188,85,119,204,125,168,293,105,156,261,83,124,207,60,92,152,52,65,117,14,31,45,4,9,13,730,946,1676,1676,197,0.1175417661097852
2022-04-20,100,68,168,81,72,153,98,132,230,132,176,308,121,151,272,80,118,198,73,110,183,53,69,122,19,33,52,3,4,7,760,933,1693,1692,149,0.08806146572104019
2022-04-21,89,90,179,62,110,172,65,117,182,100,151,251,122,157,279,65,119,184,99,97,196,62,62,124,21,30,51,1,6,7,686,939,1625,1624,172,0.10591133004926108
2022-04-22,76,62,138,83,64,147,71,80,151,104,138,242,104,119,223,68,106,174,55,96,151,53,59,112,11,21,32,2,9,11,627,754,1381,1381,179,0.12961622013034033
2022-04-23,54,57,111,49,50,99,42,55,97,70,77,147,72,69,141,66,61,127,38,60,98,29,50,79,8,27,35,3,4,7,431,510,941,941,140,0.1487778958554729
2022-04-24,68,62,130,42,37,79,43,66,109,59,103,162,59,81,140,50,60,110,41,53,94,28,35,63,14,24,38,0,3,3,404,524,928,928,189,0.2036637931034483
2022-04-25,130,96,226,83,66,149,83,105,188,128,167,295,111,141,252,81,110,191,78,113,191,43,83,126,24,36,60,6,7,13,767,924,1691,1689,211,0.12492599171107165
2022-04-26,104,107,211,75,82,157,83,89,172,115,150,265,93,128,221,73,92,165,68,82,150,54,69,123,15,35,50,1,10,11,681,844,1525,1524,296,0.1942257217847769
2022-04-27,114,118,232,80,93,173,81,109,190,136,159,295,84,139,223,78,98,176,68,99,167,55,62,117,18,26,44,3,6,9,717,909,1626,1626,383,0.23554735547355474
2022-04-28,114,108,222,75,79,154,86,118,204,108,144,252,112,149,261,72,134,206,71,114,185,50,52,102,20,41,61,3,15,18,711,954,1665,1663,230,0.13830426939266385
2022-04-29,89,89,178,65,51,116,75,117,192,96,128,224,119,125,244,84,105,189,54,89,143,44,68,112,15,31,46,4,6,10,645,809,1454,1454,183,0.12585969738651995
2022-04-30,55,48,103,46,42,88,48,57,105,72,90,162,61,82,143,45,62,107,44,66,110,27,31,58,11,34,45,2,6,8,411,518,929,928,153,0.1648706896551724
2022-05-01,78,58,136,27,31,58,32,46,78,32,82,114,44,57,101,27,54,81,31,43,74,14,35,49,10,23,33,2,4,6,297,433,730,729,190,0.2606310013717421
2022-05-02,123,100,223,76,72,148,56,113,169,100,161,261,105,140,245,87,103,190,81,99,180,45,78,123,13,42,55,4,8,12,690,916,1606,1606,319,0.19863013698630136
2022-05-03,145,124,269,82,86,168,72,116,188,108,191,299,117,176,293,76,132,208,69,101,170,48,79,127,18,19,37,4,12,16,739,1036,1775,1775,274,0.1543661971830986
2022-05-04,142,125,267,99,94,193,83,129,212,111,197,308,133,216,349,83,134,217,72,95,167,45,72,117,16,33,49,7,11,18,791,1106,1897,1897,317,0.16710595677385345
2022-05-05,134,143,277,86,100,186,90,131,221,125,212,337,122,181,303,102,145,247,95,98,193,37,59,96,17,26,43,6,6,12,814,1101,1915,1915,406,0.21201044386422976
2022-05-06,160,143,303,96,113,209,74,151,225,155,242,397,156,231,387,80,137,217,78,128,206,46,77,123,23,36,59,3,19,22,871,1277,2148,2148,496,0.2309124767225326
2022-05-07,101,116,217,65,53,118,56,96,152,100,134,234,92,152,244,76,96,172,48,101,149,25,44,69,14,13,27,0,11,11,577,816,1393,1393,464,0.3330940416367552
2022-05-08,94,127,221,57,67,124,41,80,121,83,121,204,88,125,213,63,94,157,40,66,106,29,48,77,5,21,26,0,9,9,500,758,1258,1254,354,0.2822966507177033
2022-05-09,168,168,336,108,115,223,92,170,262,168,257,425,151,278,429,119,182,301,98,165,263,55,75,130,23,23,46,3,8,11,985,1441,2426,2423,281,0.11597193561700371
2022-05-10,181,196,377,161,144,305,105,185,290,153,255,408,191,269,460,110,192,302,107,152,259,62,103,165,15,41,56,0,11,11,1085,1548,2633,2633,368,0.13976452715533613
2022-05-11,192,202,394,145,164,309,100,218,318,162,281,443,174,284,458,128,194,322,91,155,246,73,97,170,22,41,63,2,7,9,1089,1643,2732,2732,269,0.09846266471449487
2022-05-12,172,178,350,144,168,312,127,205,332,197,292,489,184,289,473,117,198,315,93,171,264,71,89,160,12,31,43,1,8,9,1118,1629,2747,2745,386,0.14061930783242257
2022-05-13,179,171,350,146,171,317,136,220,356,204,294,498,211,302,513,121,218,339,113,204,317,85,134,219,21,41,62,3,10,13,1219,1765,2984,2984,437,0.14644772117962465
2022-05-14,116,97,213,81,102,183,74,106,180,113,183,296,116,195,311,83,118,201,69,138,207,33,65,98,9,31,40,1,9,10,695,1044,1739,1739,257,0.14778608395629672
2022-05-15,100,110,210,78,113,191,68,111,179,113,157,270,98,161,259,69,112,181,62,95,157,30,54,84,5,19,24,0,2,2,623,934,1557,1556,202,0.12982005141388175
2022-05-16,163,195,358,141,162,303,146,214,360,209,317,526,183,300,483,126,215,341,130,169,299,71,90,161,17,30,47,6,11,17,1192,1703,2895,2894,421,0.14547339322736696
2022-05-17,140,155,295,164,166,330,124,206,330,196,298,494,202,278,480,151,209,360,106,137,243,62,92,154,12,39,51,1,11,12,1158,1591,2749,2749,198,0.0720261913423063
2022-05-18,70,72,142,67,79,146,62,102,164,101,152,253,89,171,260,76,99,175,41,72,113,33,36,69,5,17,22,1,4,5,545,804,1349,1349,154,0.11415863602668644
2022-05-19,181,145,326,157,158,315,140,258,398,224,337,561,216,321,537,146,251,397,123,189,312,59,113,172,23,35,58,1,7,8,1270,1814,3084,3083,108,0.03503081414206941
2022-05-20,96,87,183,125,132,257,97,174,271,175,294,469,161,269,430,122,218,340,72,139,211,44,66,110,13,24,37,0,5,5,905,1408,2313,2313,0,0.0
2022-05-21,0,0,0,0,0,0,0,1,1,0,0,0,0,0,0,0,0,0,0,0,0,0,0,0,0,0,0,0,0,0,0,1,1,1,0,0.0
