FECHA,<=10M,<=10F,<=10,11-20M,11-20F,11-20,21-30M,21-30F,21-30,31-40M,31-40F,31-40,41-50M,41-50F,41-50,51-60M,51-60F,51-60,61-70M,61-70F,61-70,71-80M,71-80F,71-80,81-90M,81-90F,81-90,>=91M,>=91F,>=91,TotalM,TotalF,Total,DelayCount,CumDelay,DelayAvg
2020-03-15,1,0,1,1,2,3,0,2,2,2,1,3,1,1,2,1,0,1,1,1,2,1,0,1,0,0,0,0,0,0,8,7,15,15,44,2.933333333333333
2020-03-16,1,3,4,2,1,3,1,4,5,1,1,2,0,2,2,3,2,5,2,3,5,0,0,0,0,0,0,0,0,0,10,16,26,26,87,3.3461538461538463
2020-03-17,1,4,5,1,2,3,2,1,3,2,2,4,2,4,6,0,2,2,2,2,4,2,3,5,1,0,1,0,0,0,13,20,33,33,409,12.393939393939394
2020-03-18,3,1,4,1,0,1,1,0,1,2,1,3,1,3,4,1,1,2,1,2,3,1,0,1,1,0,1,0,0,0,12,8,20,20,36,1.8
2020-03-19,3,1,4,0,0,0,3,2,5,3,3,6,2,1,3,0,0,0,1,1,2,1,1,2,0,0,0,1,0,1,14,9,23,23,56,2.4347826086956523
2020-03-20,1,1,2,1,0,1,2,1,3,2,3,5,0,2,2,0,1,1,2,1,3,1,2,3,1,0,1,0,0,0,10,11,21,21,35,1.6666666666666667
2020-03-21,1,0,1,2,1,3,2,4,6,4,2,6,2,1,3,1,0,1,2,2,4,1,1,2,1,0,1,1,0,1,17,11,28,28,75,2.6785714285714284
2020-03-22,3,1,4,1,0,1,4,2,6,1,0,1,1,0,1,2,1,3,0,3,3,2,1,3,3,2,5,0,1,1,17,11,28,28,63,2.25
2020-03-23,4,1,5,1,2,3,2,3,5,4,3,7,2,3,5,2,3,5,2,3,5,5,3,8,3,3,6,0,2,2,25,26,51,51,91,1.7843137254901962
2020-03-24,3,1,4,0,1,1,2,3,5,3,2,5,0,3,3,2,2,4,0,0,0,2,0,2,2,1,3,1,0,1,15,13,28,28,43,1.5357142857142858
2020-03-25,1,4,5,0,2,2,3,3,6,2,7,9,1,1,2,1,3,4,3,1,4,2,2,4,2,5,7,2,0,2,17,28,45,45,107,2.3777777777777778
2020-03-26,4,3,7,2,2,4,2,2,4,4,4,8,3,4,7,4,3,7,1,5,6,4,3,7,6,0,6,1,1,2,31,27,58,58,196,3.3793103448275863
2020-03-27,4,3,7,0,2,2,1,2,3,6,1,7,3,6,9,2,3,5,5,6,11,5,6,11,3,3,6,2,5,7,31,37,68,68,149,2.1911764705882355
2020-03-28,2,1,3,0,0,0,3,2,5,4,3,7,1,1,2,5,2,7,4,0,4,4,7,11,3,1,4,0,0,0,26,17,43,43,132,3.0697674418604652
2020-03-29,2,0,2,2,1,3,2,3,5,3,3,6,3,3,6,1,0,1,6,4,10,4,2,6,4,1,5,2,1,3,29,18,47,47,108,2.297872340425532
2020-03-30,3,2,5,0,0,0,2,7,9,7,2,9,5,4,9,3,2,5,7,2,9,3,6,9,4,1,5,3,2,5,37,28,65,65,128,1.9692307692307693
2020-03-31,9,4,13,1,1,2,7,3,10,12,5,17,7,5,12,5,2,7,6,3,9,7,3,10,2,4,6,4,0,4,60,30,90,90,179,1.988888888888889
2020-04-01,11,10,21,1,3,4,9,4,13,11,4,15,15,7,22,5,10,15,5,3,8,8,5,13,6,5,11,0,1,1,71,52,123,123,253,2.0569105691056913
2020-04-02,11,9,20,2,4,6,8,7,15,8,5,13,3,9,12,3,15,18,9,7,16,8,6,14,5,7,12,3,3,6,60,72,132,132,228,1.7272727272727273
2020-04-03,22,9,31,5,4,9,8,7,15,8,13,21,12,13,25,6,8,14,8,5,13,7,5,12,6,6,12,1,5,6,83,75,158,158,328,2.0759493670886076
2020-04-04,11,15,26,4,4,8,5,7,12,9,15,24,11,6,17,8,2,10,7,3,10,2,5,7,4,2,6,1,3,4,62,62,124,124,235,1.8951612903225807
2020-04-05,9,10,19,5,5,10,8,3,11,7,9,16,10,8,18,5,8,13,2,11,13,6,8,14,3,4,7,2,2,4,57,68,125,125,212,1.696
2020-04-06,12,10,22,5,5,10,10,6,16,13,7,20,13,5,18,11,7,18,8,9,17,10,5,15,7,4,11,1,3,4,90,61,151,151,220,1.4569536423841059
2020-04-07,13,11,24,5,4,9,7,5,12,9,10,19,7,8,15,11,4,15,4,5,9,9,9,18,6,10,16,2,1,3,73,67,140,140,178,1.2714285714285714
2020-04-08,12,10,22,4,3,7,6,11,17,8,5,13,9,7,16,9,9,18,9,9,18,11,5,16,1,4,5,3,4,7,72,67,139,139,241,1.7338129496402879
2020-04-09,6,6,12,3,4,7,5,8,13,15,12,27,5,13,18,10,9,19,7,4,11,7,10,17,5,8,13,4,5,9,67,79,146,146,214,1.4657534246575343
2020-04-10,20,7,27,6,4,10,2,6,8,6,6,12,12,2,14,4,7,11,8,2,10,1,10,11,5,9,14,1,4,5,65,57,122,122,160,1.3114754098360655
2020-04-11,10,7,17,6,5,11,8,7,15,11,6,17,7,4,11,4,7,11,4,7,11,7,3,10,4,8,12,1,3,4,62,57,119,119,151,1.26890756302521
2020-04-12,10,8,18,3,1,4,5,6,11,10,7,17,4,7,11,11,4,15,3,5,8,4,9,13,4,4,8,0,2,2,54,53,107,107,165,1.5420560747663552
2020-04-13,9,12,21,10,5,15,12,12,24,8,14,22,9,10,19,7,7,14,10,8,18,6,9,15,9,12,21,3,5,8,83,94,177,177,215,1.2146892655367232
2020-04-14,18,6,24,4,1,5,13,7,20,12,6,18,9,11,20,12,10,22,8,6,14,9,5,14,7,5,12,3,4,7,95,61,156,156,156,1.0
2020-04-15,10,7,17,4,7,11,7,7,14,9,9,18,8,15,23,8,14,22,10,6,16,11,5,16,6,8,14,5,2,7,78,80,158,158,220,1.3924050632911393
2020-04-16,15,7,22,6,5,11,10,8,18,14,17,31,13,15,28,8,14,22,4,8,12,7,4,11,4,5,9,0,4,4,81,87,168,168,181,1.0773809523809523
2020-04-17,17,12,29,6,7,13,5,7,12,12,24,36,15,11,26,11,11,22,7,9,16,16,11,27,5,7,12,1,3,4,95,102,197,197,270,1.3705583756345177
2020-04-18,13,11,24,6,3,9,14,8,22,21,10,31,11,5,16,8,5,13,3,4,7,7,10,17,5,10,15,3,4,7,91,70,161,161,250,1.5527950310559007
2020-04-19,12,11,23,4,3,7,6,4,10,12,6,18,8,7,15,5,10,15,9,8,17,5,8,13,5,7,12,1,1,2,67,65,132,132,165,1.25
2020-04-20,19,11,30,12,10,22,17,11,28,14,12,26,15,11,26,15,11,26,13,11,24,16,12,28,11,10,21,5,14,19,137,113,250,250,285,1.14
2020-04-21,14,9,23,8,10,18,16,8,24,11,22,33,7,9,16,8,10,18,9,7,16,15,12,27,7,10,17,2,10,12,97,107,204,204,239,1.1715686274509804
2020-04-22,15,12,27,4,7,11,9,13,22,15,6,21,14,9,23,8,12,20,12,6,18,5,13,18,9,12,21,7,6,13,98,96,194,194,294,1.5154639175257731
2020-04-23,18,16,34,5,4,9,9,16,25,13,11,24,12,13,25,6,15,21,8,8,16,11,8,19,11,11,22,6,9,15,99,111,210,210,208,0.9904761904761905
2020-04-24,20,13,33,7,7,14,13,14,27,17,17,34,10,12,22,9,13,22,8,10,18,11,13,24,11,14,25,2,3,5,108,116,224,224,245,1.09375
2020-04-25,14,10,24,4,1,5,7,10,17,14,10,24,6,10,16,5,8,13,6,5,11,6,7,13,11,17,28,4,4,8,77,82,159,159,151,0.949685534591195
2020-04-26,13,17,30,6,8,14,7,5,12,6,4,10,11,7,18,4,6,10,9,8,17,7,6,13,7,7,14,1,4,5,71,72,143,143,126,0.8811188811188811
2020-04-27,14,16,30,6,4,10,11,11,22,8,19,27,5,18,23,14,14,28,9,8,17,19,8,27,10,16,26,3,4,7,99,118,217,217,182,0.8387096774193549
2020-04-28,21,10,31,7,6,13,18,14,32,15,15,30,12,19,31,8,13,21,7,8,15,3,12,15,6,15,21,2,4,6,99,116,215,215,164,0.7627906976744186
2020-04-29,26,12,38,6,6,12,16,11,27,22,24,46,14,13,27,9,13,22,7,7,14,12,7,19,4,14,18,4,10,14,120,117,237,237,188,0.7932489451476793
2020-04-30,21,11,32,9,3,12,10,11,21,14,12,26,14,10,24,13,14,27,10,10,20,8,12,20,13,18,31,6,8,14,118,109,227,227,181,0.7973568281938326
2020-05-01,3,16,19,6,6,12,1,8,9,14,14,28,13,10,23,10,6,16,10,6,16,7,10,17,9,11,20,0,2,2,73,89,162,162,140,0.8641975308641975
2020-05-02,7,17,24,6,7,13,12,5,17,11,8,19,7,7,14,10,3,13,4,6,10,8,2,10,6,12,18,1,4,5,72,71,143,143,136,0.951048951048951
2020-05-03,8,13,21,5,4,9,7,8,15,10,7,17,8,7,15,9,3,12,8,5,13,6,10,16,7,8,15,3,5,8,71,70,141,141,114,0.8085106382978723
2020-05-04,23,21,44,5,4,9,14,14,28,16,16,32,10,12,22,11,6,17,10,12,22,15,18,33,8,16,24,2,5,7,114,124,238,238,168,0.7058823529411765
2020-05-05,17,13,30,10,3,13,15,15,30,13,18,31,9,18,27,11,9,20,13,8,21,14,11,25,7,16,23,1,10,11,110,121,231,231,142,0.6147186147186147
2020-05-06,14,18,32,6,3,9,19,8,27,17,20,37,23,11,34,9,9,18,12,13,25,19,16,35,8,15,23,4,6,10,131,119,250,250,168,0.672
2020-05-07,18,14,32,12,7,19,17,13,30,15,17,32,20,14,34,6,9,15,9,9,18,19,8,27,9,14,23,1,7,8,126,112,238,238,172,0.7226890756302521
2020-05-08,21,13,34,8,6,14,15,8,23,14,18,32,20,19,39,20,7,27,10,12,22,13,10,23,10,12,22,3,12,15,134,117,251,251,272,1.0836653386454183
2020-05-09,21,12,33,4,2,6,8,18,26,8,13,21,10,13,23,7,6,13,7,7,14,13,3,16,5,12,17,5,9,14,88,95,183,183,162,0.8852459016393442
2020-05-10,9,10,19,2,4,6,12,12,24,6,10,16,7,12,19,3,6,9,11,8,19,8,13,21,6,12,18,1,5,6,65,92,157,156,132,0.8461538461538461
2020-05-11,21,20,41,8,6,14,12,13,25,18,17,35,19,19,38,11,11,22,11,8,19,13,11,24,12,17,29,4,18,22,129,140,269,269,198,0.7360594795539034
2020-05-12,23,12,35,9,10,19,31,27,58,27,18,45,11,20,31,7,8,15,12,13,25,9,9,18,10,15,25,5,13,18,144,145,289,289,208,0.7197231833910035
2020-05-13,28,19,47,10,10,20,25,20,45,20,23,43,20,11,31,13,13,26,11,11,22,10,10,20,8,17,25,1,8,9,146,142,288,288,259,0.8993055555555556
2020-05-14,24,30,54,12,19,31,14,30,44,27,29,56,14,10,24,13,20,33,14,13,27,10,11,21,13,16,29,2,13,15,143,191,334,334,285,0.8532934131736527
2020-05-15,22,24,46,8,7,15,8,18,26,23,26,49,13,27,40,16,10,26,11,9,20,9,6,15,9,22,31,5,10,15,124,159,283,282,247,0.875886524822695
2020-05-16,17,19,36,8,11,19,8,18,26,12,25,37,11,13,24,8,11,19,7,7,14,10,7,17,6,8,14,4,12,16,91,131,222,222,267,1.2027027027027026
2020-05-17,23,14,37,4,9,13,16,14,30,13,16,29,10,13,23,5,3,8,8,7,15,7,5,12,12,13,25,2,4,6,100,98,198,198,144,0.7272727272727273
2020-05-18,24,28,52,12,17,29,34,29,63,26,34,60,20,24,44,21,15,36,16,16,32,17,14,31,17,13,30,1,11,12,188,201,389,389,273,0.7017994858611826
2020-05-19,24,21,45,15,19,34,31,34,65,41,33,74,32,23,55,22,16,38,21,14,35,15,23,38,12,22,34,5,10,15,218,215,433,433,329,0.7598152424942263
2020-05-20,34,46,80,18,18,36,35,32,67,51,33,84,28,23,51,18,15,33,23,18,41,15,11,26,12,18,30,6,4,10,240,218,458,458,276,0.6026200873362445
2020-05-21,39,37,76,23,18,41,41,42,83,37,48,85,26,27,53,23,14,37,18,7,25,15,10,25,10,17,27,1,4,5,233,224,457,457,233,0.5098468271334792
2020-05-22,42,20,62,19,22,41,37,39,76,32,36,68,28,22,50,19,13,32,10,10,20,10,11,21,8,17,25,6,12,18,211,202,413,413,197,0.47699757869249393
2020-05-23,23,21,44,18,19,37,30,28,58,35,24,59,16,17,33,10,12,22,14,11,25,8,14,22,9,7,16,2,2,4,165,155,320,320,184,0.575
2020-05-24,17,22,39,11,10,21,19,13,32,17,23,40,12,5,17,10,5,15,12,10,22,12,10,22,6,14,20,2,6,8,118,118,236,236,153,0.6483050847457628
2020-05-25,33,27,60,21,30,51,26,37,63,23,26,49,22,18,40,5,9,14,10,9,19,10,7,17,10,14,24,2,9,11,162,186,348,348,198,0.5689655172413793
2020-05-26,46,40,86,27,24,51,56,61,117,55,49,104,23,41,64,18,28,46,16,8,24,14,7,21,12,14,26,4,11,15,271,283,554,554,375,0.6768953068592057
2020-05-27,49,43,92,13,19,32,32,41,73,34,37,71,26,22,48,21,20,41,12,9,21,8,16,24,4,16,20,4,2,6,203,225,428,428,298,0.6962616822429907
2020-05-28,30,45,75,23,15,38,41,54,95,35,45,80,30,31,61,17,22,39,9,16,25,15,8,23,14,21,35,4,12,16,218,269,487,487,355,0.728952772073922
2020-05-29,45,36,81,23,20,43,47,47,94,38,56,94,34,36,70,19,23,42,19,15,34,18,15,33,16,17,33,1,4,5,260,269,529,529,396,0.7485822306238186
2020-05-30,35,27,62,17,16,33,44,32,76,38,21,59,20,25,45,16,15,31,12,11,23,13,11,24,8,14,22,1,7,8,204,179,383,380,163,0.42894736842105263
2020-05-31,30,19,49,16,12,28,17,19,36,28,15,43,15,14,29,7,12,19,8,7,15,11,6,17,7,11,18,0,7,7,139,122,261,261,135,0.5172413793103449
2020-06-01,42,35,77,27,21,48,35,57,92,32,45,77,23,33,56,22,19,41,25,19,44,12,9,21,9,12,21,4,3,7,231,253,484,484,309,0.6384297520661157
2020-06-02,46,38,84,23,26,49,45,38,83,32,35,67,22,26,48,16,24,40,14,12,26,24,14,38,9,19,28,4,13,17,235,245,480,480,288,0.6
2020-06-03,41,27,68,17,37,54,38,38,76,31,47,78,31,36,67,14,16,30,20,15,35,18,12,30,13,16,29,2,9,11,225,253,478,478,261,0.5460251046025104
2020-06-04,43,38,81,24,29,53,42,39,81,23,44,67,25,23,48,30,23,53,14,10,24,22,13,35,11,21,32,2,9,11,236,249,485,482,280,0.5809128630705395
2020-06-05,46,43,89,16,24,40,44,42,86,38,47,85,41,33,74,30,28,58,20,16,36,19,15,34,13,23,36,3,10,13,270,281,551,551,443,0.8039927404718693
2020-06-06,36,28,64,18,13,31,22,29,51,36,39,75,20,21,41,14,16,30,13,15,28,13,8,21,12,19,31,1,10,11,185,198,383,378,266,0.7037037037037037
2020-06-07,26,25,51,18,15,33,27,27,54,24,32,56,22,8,30,13,13,26,9,6,15,9,7,16,11,11,22,2,8,10,161,152,313,309,178,0.5760517799352751
2020-06-08,37,38,75,24,29,53,52,39,91,48,56,104,41,32,73,21,26,47,18,17,35,20,15,35,12,20,32,3,9,12,276,281,557,555,352,0.6342342342342342
2020-06-09,61,38,99,27,26,53,29,51,80,46,43,89,37,37,74,27,16,43,13,12,25,14,26,40,13,32,45,4,16,20,271,297,568,564,436,0.7730496453900709
2020-06-10,29,45,74,17,22,39,54,34,88,47,50,97,42,35,77,30,33,63,24,23,47,22,28,50,7,20,27,6,16,22,278,306,584,584,384,0.6575342465753424
2020-06-11,44,46,90,19,27,46,42,48,90,53,53,106,27,41,68,20,38,58,14,26,40,17,20,37,8,29,37,4,15,19,248,343,591,591,385,0.6514382402707276
2020-06-12,50,51,101,19,33,52,64,51,115,58,75,133,46,58,104,30,29,59,33,24,57,18,18,36,9,22,31,6,10,16,333,371,704,704,463,0.6576704545454546
2020-06-13,38,30,68,28,22,50,45,53,98,42,45,87,16,41,57,26,23,49,14,10,24,13,10,23,10,19,29,1,6,7,233,259,492,492,355,0.7215447154471545
2020-06-14,25,36,61,21,27,48,33,27,60,25,29,54,22,19,41,17,25,42,12,7,19,5,17,22,14,20,34,0,8,8,174,215,389,389,263,0.6760925449871465
2020-06-15,40,37,77,31,28,59,40,41,81,33,38,71,21,26,47,15,19,34,16,7,23,12,13,25,9,15,24,2,10,12,219,234,453,453,274,0.6048565121412803
2020-06-16,58,66,124,28,29,57,78,65,143,64,55,119,53,41,94,27,32,59,17,16,33,17,8,25,15,26,41,3,15,18,360,353,713,713,465,0.6521739130434783
2020-06-17,47,52,99,28,37,65,66,56,122,53,69,122,42,47,89,33,20,53,20,19,39,12,21,33,19,18,37,1,9,10,321,348,669,669,511,0.7638266068759342
2020-06-18,58,51,109,28,24,52,77,76,153,67,78,145,62,37,99,45,33,78,23,24,47,20,17,37,13,24,37,3,11,14,396,375,771,771,647,0.8391699092088197
2020-06-19,63,40,103,20,38,58,60,69,129,87,76,163,46,57,103,54,42,96,33,22,55,23,20,43,19,24,43,7,13,20,412,401,813,813,790,0.971709717097171
2020-06-20,35,45,80,21,26,47,45,38,83,50,43,93,29,47,76,18,33,51,22,17,39,12,12,24,9,17,26,6,6,12,247,284,531,531,301,0.5668549905838042
2020-06-21,38,27,65,20,21,41,33,51,84,27,50,77,26,20,46,18,14,32,11,11,22,11,9,20,7,9,16,1,7,8,192,219,411,411,183,0.44525547445255476
2020-06-22,60,49,109,33,40,73,59,67,126,70,65,135,55,54,109,35,44,79,21,25,46,22,17,39,8,26,34,3,16,19,366,403,769,769,474,0.6163849154746424
2020-06-23,60,57,117,39,33,72,69,68,137,79,65,144,53,67,120,32,48,80,23,23,46,15,18,33,17,17,34,3,7,10,390,403,793,793,434,0.5472887767969735
2020-06-24,52,54,106,32,33,65,74,78,152,55,76,131,51,52,103,32,52,84,19,24,43,16,18,34,17,19,36,2,4,6,350,410,760,760,372,0.48947368421052634
2020-06-25,58,66,124,42,48,90,67,70,137,64,61,125,57,44,101,46,44,90,15,22,37,13,22,35,12,14,26,4,6,10,378,397,775,775,523,0.6748387096774193
2020-06-26,58,53,111,39,34,73,78,86,164,70,79,149,51,54,105,29,49,78,28,26,54,16,18,34,12,25,37,1,9,10,382,433,815,815,428,0.5251533742331288
2020-06-27,70,69,139,38,51,89,48,66,114,48,59,107,38,46,84,28,24,52,25,11,36,5,18,23,7,7,14,4,7,11,311,358,669,669,359,0.5366218236173393
2020-06-28,49,27,76,19,24,43,32,59,91,38,52,90,31,32,63,28,23,51,13,10,23,10,13,23,10,15,25,6,6,12,236,261,497,497,252,0.5070422535211268
2020-06-29,58,59,117,45,53,98,70,69,139,76,77,153,52,50,102,29,44,73,26,13,39,15,21,36,15,22,37,2,9,11,388,417,805,805,498,0.6186335403726708
2020-06-30,40,53,93,26,42,68,84,72,156,53,82,135,63,53,116,40,46,86,31,15,46,19,14,33,7,19,26,2,11,13,365,407,772,771,411,0.5330739299610895
2020-07-01,67,52,119,28,49,77,97,91,188,81,87,168,65,70,135,38,50,88,27,27,54,19,19,38,10,24,34,3,6,9,435,475,910,909,521,0.5731573157315731
2020-07-02,75,68,143,42,45,87,84,107,191,75,94,169,70,65,135,47,39,86,36,27,63,20,27,47,16,19,35,5,7,12,470,498,968,968,421,0.43491735537190085
2020-07-03,81,50,131,47,38,85,71,89,160,98,108,206,58,70,128,37,49,86,30,28,58,24,21,45,17,22,39,4,9,13,467,484,951,951,455,0.4784437434279706
2020-07-04,49,46,95,28,35,63,63,89,152,56,55,111,40,51,91,33,28,61,16,15,31,16,23,39,9,22,31,3,11,14,313,375,688,688,264,0.38372093023255816
2020-07-05,33,45,78,33,25,58,53,70,123,52,80,132,34,49,83,27,36,63,26,30,56,22,24,46,13,34,47,5,10,15,298,403,701,701,311,0.44365192582025675
2020-07-06,53,40,93,31,31,62,79,94,173,90,76,166,73,92,165,51,53,104,35,43,78,24,38,62,12,36,48,4,16,20,452,519,971,971,378,0.38928939237899074
2020-07-07,71,77,148,46,47,93,96,105,201,106,100,206,68,72,140,45,60,105,28,25,53,17,17,34,12,28,40,7,12,19,496,543,1039,1039,399,0.38402309913378246
2020-07-08,65,55,120,46,43,89,100,88,188,80,107,187,76,105,181,49,63,112,29,28,57,24,30,54,14,29,43,5,19,24,488,567,1055,1055,481,0.45592417061611373
2020-07-09,46,39,85,25,28,53,68,68,136,79,70,149,61,61,122,31,29,60,13,28,41,14,29,43,12,32,44,7,13,20,356,397,753,753,267,0.3545816733067729
2020-07-10,46,37,83,31,38,69,67,84,151,61,100,161,56,51,107,40,43,83,32,30,62,23,18,41,15,25,40,1,13,14,372,439,811,811,298,0.36744759556103573
2020-07-11,45,54,99,33,24,57,53,66,119,68,71,139,48,55,103,41,47,88,31,29,60,16,35,51,11,30,41,4,19,23,350,430,780,780,400,0.5128205128205128
2020-07-12,30,25,55,21,21,42,46,48,94,56,55,111,38,43,81,18,30,48,18,17,35,13,16,29,7,22,29,4,9,13,251,286,537,537,189,0.35195530726256985
2020-07-13,59,62,121,37,45,82,86,92,178,93,100,193,88,96,184,54,84,138,48,43,91,27,62,89,17,72,89,3,32,35,512,688,1200,1200,632,0.5266666666666666
2020-07-14,60,49,109,46,35,81,77,89,166,117,113,230,90,75,165,61,48,109,48,44,92,29,33,62,25,31,56,8,18,26,561,535,1096,1096,433,0.39507299270072993
2020-07-15,59,55,114,58,47,105,82,125,207,108,154,262,87,90,177,49,69,118,34,35,69,19,30,49,18,23,41,7,11,18,521,639,1160,1160,489,0.421551724137931
2020-07-16,60,41,101,42,63,105,86,105,191,97,113,210,79,107,186,46,69,115,32,34,66,20,33,53,19,41,60,2,25,27,483,631,1114,1114,637,0.5718132854578097
2020-07-17,68,64,132,42,48,90,85,114,199,97,123,220,72,112,184,53,74,127,38,46,84,23,25,48,21,23,44,4,8,12,503,637,1140,1140,543,0.4763157894736842
2020-07-18,45,47,92,36,37,73,81,87,168,82,108,190,54,74,128,46,46,92,31,32,63,24,14,38,16,25,41,2,7,9,417,477,894,894,490,0.5480984340044742
2020-07-19,43,48,91,29,31,60,51,70,121,56,77,133,38,58,96,40,42,82,30,21,51,18,11,29,11,21,32,3,8,11,319,387,706,706,307,0.4348441926345609
2020-07-20,87,61,148,60,67,127,99,112,211,95,146,241,95,111,206,57,83,140,39,57,96,29,30,59,23,25,48,3,13,16,587,705,1292,1292,536,0.4148606811145511
2020-07-21,59,54,113,49,44,93,107,95,202,122,122,244,82,91,173,64,77,141,39,43,82,31,31,62,14,30,44,5,11,16,572,598,1170,1169,515,0.4405474764756202
2020-07-22,88,58,146,50,61,111,129,129,258,125,145,270,104,102,206,65,75,140,28,37,65,30,27,57,18,44,62,2,10,12,639,688,1327,1327,602,0.45365486058779203
2020-07-23,71,61,132,45,59,104,116,123,239,111,154,265,75,98,173,54,69,123,30,33,63,21,27,48,9,24,33,7,10,17,539,658,1197,1197,587,0.4903926482873851
2020-07-24,61,63,124,48,44,92,115,122,237,106,134,240,90,93,183,62,74,136,44,27,71,24,27,51,11,34,45,2,13,15,563,631,1194,1194,642,0.5376884422110553
2020-07-25,58,45,103,35,29,64,69,100,169,90,115,205,67,77,144,42,59,101,26,34,60,20,29,49,12,23,35,5,6,11,424,517,941,941,547,0.5812964930924548
2020-07-26,47,44,91,22,28,50,57,56,113,52,67,119,50,53,103,33,41,74,19,19,38,17,16,33,8,24,32,6,6,12,311,354,665,665,330,0.49624060150375937
2020-07-27,46,49,95,50,48,98,81,113,194,118,125,243,81,106,187,68,101,169,36,49,85,21,32,53,20,25,45,5,24,29,526,672,1198,1198,548,0.4574290484140234
2020-07-28,68,65,133,47,47,94,135,156,291,118,140,258,100,116,216,79,92,171,54,45,99,27,41,68,16,39,55,7,21,28,651,762,1413,1413,561,0.3970276008492569
2020-07-29,71,61,132,45,52,97,127,132,259,120,142,262,110,120,230,66,65,131,42,49,91,29,23,52,22,46,68,10,29,39,642,719,1361,1361,565,0.4151359294636297
2020-07-30,76,58,134,57,74,131,156,134,290,133,132,265,112,102,214,72,77,149,42,46,88,24,29,53,14,29,43,3,10,13,689,691,1380,1380,632,0.4579710144927536
2020-07-31,58,71,129,42,42,84,108,146,254,141,160,301,98,97,195,59,76,135,45,53,98,26,29,55,14,36,50,7,26,33,598,736,1334,1334,686,0.5142428785607196
2020-08-01,46,42,88,33,43,76,84,101,185,87,119,206,66,82,148,53,65,118,27,18,45,28,28,56,16,35,51,1,23,24,441,556,997,997,518,0.5195586760280843
2020-08-02,52,41,93,38,35,73,65,74,139,76,81,157,54,88,142,31,49,80,19,29,48,19,27,46,18,30,48,4,12,16,376,466,842,842,383,0.45486935866983375
2020-08-03,66,77,143,41,61,102,109,125,234,113,136,249,99,128,227,63,77,140,45,41,86,19,37,56,25,57,82,7,36,43,587,775,1362,1362,732,0.5374449339207048
2020-08-04,79,61,140,64,66,130,135,134,269,130,143,273,96,129,225,69,82,151,50,44,94,27,36,63,24,43,67,5,24,29,679,762,1441,1441,658,0.45662734212352535
2020-08-05,71,73,144,63,52,115,137,155,292,127,144,271,87,125,212,90,97,187,39,46,85,29,34,63,20,35,55,4,13,17,667,774,1441,1440,919,0.6381944444444444
2020-08-06,70,62,132,53,64,117,124,141,265,133,167,300,116,124,240,71,89,160,48,48,96,31,39,70,22,47,69,6,20,26,674,801,1475,1474,942,0.6390773405698779
2020-08-07,89,73,162,50,52,102,117,149,266,137,171,308,99,146,245,73,95,168,35,57,92,32,45,77,14,52,66,5,15,20,651,855,1506,1506,788,0.5232403718459495
2020-08-08,53,48,101,38,44,82,70,92,162,115,132,247,72,101,173,54,66,120,45,36,81,28,31,59,17,46,63,1,29,30,493,625,1118,1118,372,0.33273703041144903
2020-08-09,41,41,82,34,31,65,75,86,161,82,81,163,66,100,166,50,64,114,32,25,57,29,37,66,21,65,86,4,23,27,434,553,987,987,353,0.3576494427558257
2020-08-10,79,74,153,76,79,155,149,143,292,143,177,320,112,141,253,81,106,187,44,43,87,23,37,60,22,46,68,8,31,39,737,877,1614,1614,606,0.3754646840148699
2020-08-11,68,68,136,65,58,123,152,164,316,169,155,324,131,152,283,82,87,169,58,63,121,44,66,110,21,72,93,10,39,49,800,924,1724,1724,740,0.42923433874709976
2020-08-12,67,74,141,68,75,143,130,149,279,134,219,353,124,147,271,89,97,186,46,46,92,19,35,54,14,25,39,6,19,25,697,886,1583,1583,614,0.38787113076437146
2020-08-13,62,66,128,70,67,137,183,208,391,170,235,405,129,158,287,85,108,193,43,55,98,34,36,70,18,32,50,5,17,22,799,982,1781,1781,712,0.3997754070746771
2020-08-14,53,61,114,52,63,115,171,213,384,154,210,364,134,152,286,85,102,187,52,50,102,33,36,69,17,33,50,2,16,18,753,936,1689,1689,674,0.399052693901717
2020-08-15,71,48,119,63,56,119,85,148,233,114,161,275,85,125,210,56,80,136,41,49,90,28,48,76,16,65,81,4,25,29,563,805,1368,1368,569,0.4159356725146199
2020-08-16,41,35,76,28,36,64,106,96,202,85,100,185,49,77,126,45,54,99,17,34,51,22,25,47,19,43,62,2,30,32,414,530,944,943,385,0.40827147401908803
2020-08-17,51,31,82,46,45,91,112,123,235,128,144,272,105,116,221,71,92,163,30,56,86,24,23,47,12,44,56,1,21,22,580,695,1275,1275,524,0.4109803921568628
2020-08-18,69,64,133,60,63,123,137,143,280,156,181,337,136,140,276,67,120,187,49,60,109,31,45,76,18,41,59,0,29,29,723,886,1609,1609,540,0.3356121814791796
2020-08-19,65,56,121,67,75,142,125,172,297,128,159,287,106,124,230,76,83,159,34,44,78,28,51,79,17,49,66,6,27,33,652,840,1492,1492,483,0.3237265415549598
2020-08-20,54,59,113,55,54,109,131,160,291,112,172,284,89,103,192,79,77,156,41,56,97,24,31,55,23,35,58,4,22,26,612,769,1381,1381,567,0.4105720492396814
2020-08-21,54,64,118,60,62,122,115,161,276,142,182,324,125,125,250,69,99,168,51,55,106,40,57,97,20,44,64,6,17,23,682,866,1548,1548,671,0.4334625322997416
2020-08-22,38,38,76,47,41,88,90,120,210,86,135,221,88,92,180,51,52,103,36,44,80,19,38,57,16,32,48,6,21,27,477,613,1090,1090,498,0.45688073394495415
2020-08-23,43,50,93,40,33,73,61,102,163,66,99,165,69,82,151,44,65,109,32,34,66,18,26,44,16,19,35,5,7,12,394,517,911,911,293,0.3216245883644347
2020-08-24,76,80,156,61,70,131,123,163,286,164,178,342,108,144,252,78,97,175,53,65,118,30,46,76,19,33,52,6,20,26,718,896,1614,1614,699,0.43308550185873607
2020-08-25,71,72,143,55,66,121,135,200,335,155,197,352,123,144,267,64,105,169,51,58,109,33,26,59,22,41,63,6,18,24,715,927,1642,1642,680,0.41412911084043846
2020-08-26,71,51,122,60,81,141,163,174,337,155,183,338,84,148,232,73,93,166,54,63,117,34,48,82,24,49,73,5,28,33,723,918,1641,1641,645,0.3930530164533821
2020-08-27,70,63,133,82,88,170,164,169,333,138,169,307,118,155,273,78,95,173,37,56,93,36,36,72,25,51,76,3,29,32,751,911,1662,1662,639,0.3844765342960289
2020-08-28,59,58,117,73,73,146,192,212,404,145,200,345,131,193,324,85,121,206,55,61,116,42,51,93,20,40,60,4,16,20,806,1025,1831,1831,867,0.4735117422173676
2020-08-29,44,38,82,40,57,97,118,153,271,121,173,294,115,116,231,66,79,145,43,38,81,35,38,73,14,49,63,5,30,35,601,771,1372,1372,720,0.5247813411078717
2020-08-30,32,60,92,50,46,96,90,120,210,97,98,195,76,90,166,53,57,110,30,38,68,18,31,49,10,26,36,4,13,17,460,579,1039,1039,357,0.343599615014437
2020-08-31,68,46,114,65,59,124,138,146,284,145,172,317,111,136,247,79,98,177,44,62,106,40,46,86,24,44,68,2,14,16,716,823,1539,1539,840,0.5458089668615984
2020-09-01,64,66,130,55,78,133,157,179,336,170,205,375,124,130,254,81,117,198,39,47,86,26,35,61,17,49,66,7,20,27,740,926,1666,1665,694,0.4168168168168168
2020-09-02,59,45,104,41,56,97,122,158,280,140,185,325,106,121,227,81,96,177,41,57,98,43,38,81,17,45,62,6,32,38,656,833,1489,1489,776,0.5211551376762928
2020-09-03,73,60,133,69,65,134,151,199,350,189,198,387,131,139,270,87,105,192,45,63,108,38,45,83,22,45,67,4,17,21,809,936,1745,1745,669,0.3833810888252149
2020-09-04,70,71,141,65,67,132,147,196,343,162,201,363,140,165,305,78,109,187,61,65,126,38,45,83,25,40,65,5,18,23,791,977,1768,1768,788,0.4457013574660634
2020-09-05,44,44,88,35,43,78,122,138,260,111,161,272,87,161,248,61,83,144,51,55,106,31,30,61,20,28,48,2,11,13,564,754,1318,1318,718,0.5447647951441578
2020-09-06,42,42,84,42,48,90,73,115,188,75,103,178,64,78,142,45,71,116,29,33,62,11,39,50,14,22,36,1,8,9,396,559,955,955,397,0.4157068062827225
2020-09-07,62,54,116,70,66,136,147,181,328,169,199,368,138,165,303,72,127,199,68,63,131,39,42,81,18,48,66,6,18,24,789,963,1752,1752,776,0.4429223744292237
2020-09-08,57,65,122,60,69,129,131,180,311,178,191,369,129,148,277,98,108,206,50,82,132,42,49,91,24,40,64,7,21,28,776,953,1729,1729,773,0.44707923655292076
2020-09-09,64,61,125,73,78,151,169,182,351,171,195,366,132,151,283,102,109,211,61,65,126,30,36,66,18,45,63,1,19,20,821,941,1762,1762,914,0.5187287173666288
2020-09-10,51,38,89,76,71,147,186,193,379,173,215,388,136,182,318,108,99,207,50,70,120,40,57,97,14,53,67,5,29,34,839,1007,1846,1846,945,0.5119176598049837
2020-09-11,62,54,116,80,77,157,157,155,312,149,220,369,123,152,275,78,124,202,65,57,122,42,47,89,21,45,66,2,13,15,779,944,1723,1723,927,0.5380150899593732
2020-09-12,57,32,89,49,44,93,83,115,198,106,134,240,71,106,177,51,83,134,50,46,96,26,30,56,13,48,61,3,13,16,509,651,1160,1160,575,0.4956896551724138
2020-09-13,54,43,97,46,45,91,80,107,187,86,125,211,56,87,143,55,64,119,52,40,92,24,15,39,3,19,22,5,8,13,461,553,1014,1014,403,0.3974358974358974
2020-09-14,71,62,133,56,72,128,148,184,332,150,201,351,115,153,268,99,118,217,69,82,151,42,40,82,31,36,67,0,24,24,781,972,1753,1753,746,0.4255561893896178
2020-09-15,78,38,116,58,58,116,139,134,273,149,198,347,109,140,249,75,93,168,66,70,136,40,52,92,18,65,83,4,29,33,736,877,1613,1613,828,0.5133292002479851
2020-09-16,79,70,149,84,88,172,176,214,390,160,204,364,131,157,288,84,106,190,64,69,133,34,42,76,19,45,64,4,15,19,835,1010,1845,1845,657,0.35609756097560974
2020-09-17,67,64,131,53,89,142,163,180,343,149,179,328,140,179,319,84,121,205,70,69,139,42,45,87,23,38,61,4,17,21,795,981,1776,1776,818,0.4605855855855856
2020-09-18,78,70,148,56,99,155,163,179,342,177,215,392,125,156,281,90,109,199,52,71,123,50,46,96,16,35,51,4,19,23,811,999,1810,1810,733,0.40497237569060773
2020-09-19,34,48,82,53,50,103,100,109,209,105,112,217,66,82,148,53,61,114,46,39,85,25,27,52,19,24,43,4,11,15,505,563,1068,1068,490,0.45880149812734083
2020-09-20,42,49,91,55,54,109,74,87,161,90,91,181,57,85,142,43,68,111,26,39,65,21,27,48,6,28,34,3,14,17,417,542,959,959,299,0.31178310740354537
2020-09-21,70,54,124,65,82,147,134,140,274,154,188,342,104,146,250,86,82,168,61,75,136,40,40,80,15,20,35,2,11,13,731,838,1569,1569,693,0.4416826003824092
2020-09-22,77,70,147,86,90,176,143,194,337,164,173,337,127,131,258,96,113,209,79,61,140,51,43,94,18,44,62,5,19,24,846,938,1784,1784,625,0.35033632286995514
2020-09-23,76,66,142,60,75,135,127,189,316,127,177,304,115,132,247,68,101,169,64,62,126,28,50,78,17,31,48,3,12,15,685,895,1580,1580,608,0.3848101265822785
2020-09-24,82,63,145,79,86,165,159,168,327,148,190,338,118,137,255,68,87,155,56,92,148,39,54,93,30,48,78,11,31,42,790,956,1746,1746,678,0.38831615120274915
2020-09-25,68,58,126,71,69,140,136,170,306,151,154,305,118,137,255,87,101,188,69,65,134,33,38,71,20,32,52,1,13,14,754,837,1591,1591,712,0.44751728472658703
2020-09-26,38,38,76,60,44,104,84,93,177,106,103,209,79,81,160,58,71,129,38,35,73,25,19,44,14,16,30,3,7,10,505,507,1012,1012,386,0.3814229249011858
2020-09-27,45,48,93,33,57,90,75,106,181,92,102,194,82,86,168,44,50,94,31,34,65,14,27,41,11,17,28,2,13,15,429,540,969,969,329,0.3395252837977296
2020-09-28,71,69,140,70,45,115,119,130,249,164,133,297,131,110,241,105,105,210,65,45,110,35,44,79,17,33,50,4,18,22,781,732,1513,1513,700,0.46265697290152014
2020-09-29,83,74,157,87,85,172,165,160,325,180,189,369,134,131,265,84,80,164,65,74,139,41,61,102,27,52,79,2,21,23,868,927,1795,1795,560,0.31197771587743733
2020-09-30,73,71,144,60,78,138,155,203,358,132,177,309,114,110,224,102,99,201,66,67,133,37,43,80,19,53,72,3,12,15,761,913,1674,1674,619,0.3697729988052569
2020-10-01,76,93,169,80,94,174,164,198,362,162,185,347,119,135,254,87,94,181,58,67,125,38,57,95,17,32,49,3,10,13,804,965,1769,1769,831,0.4697569248162804
2020-10-02,100,68,168,70,87,157,122,172,294,144,171,315,118,143,261,92,98,190,64,70,134,47,57,104,13,40,53,7,17,24,777,923,1700,1700,824,0.48470588235294115
2020-10-03,42,43,85,46,71,117,107,108,215,112,109,221,89,107,196,66,57,123,41,45,86,28,27,55,13,29,42,4,8,12,548,604,1152,1152,615,0.5338541666666666
2020-10-04,51,48,99,46,43,89,83,106,189,83,89,172,64,81,145,46,57,103,40,34,74,24,21,45,17,27,44,2,6,8,456,512,968,968,438,0.4524793388429752
2020-10-05,51,55,106,63,61,124,146,147,293,185,170,355,139,135,274,84,110,194,92,67,159,45,65,110,22,31,53,3,8,11,830,849,1679,1679,797,0.47468731387730795
2020-10-06,67,77,144,71,73,144,152,176,328,165,187,352,144,137,281,97,101,198,59,75,134,40,58,98,23,32,55,6,10,16,824,926,1750,1750,619,0.3537142857142857
2020-10-07,82,59,141,57,69,126,166,199,365,174,203,377,134,137,271,92,124,216,69,70,139,41,44,85,19,34,53,6,10,16,840,949,1789,1789,658,0.36780324203465625
2020-10-08,80,63,143,65,75,140,135,168,303,144,174,318,144,130,274,91,101,192,60,69,129,42,46,88,12,41,53,4,21,25,777,888,1665,1665,681,0.409009009009009
2020-10-09,62,83,145,79,86,165,129,197,326,159,206,365,114,158,272,99,112,211,52,70,122,34,50,84,12,31,43,5,23,28,745,1016,1761,1761,836,0.4747302668938103
2020-10-10,36,52,88,57,57,114,117,127,244,100,115,215,95,98,193,64,89,153,42,48,90,21,36,57,16,27,43,7,9,16,555,658,1213,1213,674,0.5556471558120363
2020-10-11,51,47,98,38,58,96,57,96,153,91,126,217,70,75,145,60,53,113,48,41,89,23,33,56,15,21,36,2,6,8,455,556,1011,1011,545,0.5390702274975272
2020-10-12,51,46,97,58,53,111,92,110,202,106,107,213,92,114,206,73,88,161,57,62,119,28,38,66,20,26,46,2,12,14,579,656,1235,1235,542,0.4388663967611336
2020-10-13,79,75,154,75,63,138,153,180,333,149,198,347,118,150,268,97,113,210,83,74,157,43,64,107,28,50,78,9,20,29,834,987,1821,1821,753,0.4135090609555189
2020-10-14,69,72,141,58,76,134,142,172,314,137,173,310,111,124,235,73,113,186,69,57,126,47,57,104,20,32,52,1,12,13,727,888,1615,1615,778,0.48173374613003095
2020-10-15,71,64,135,73,90,163,152,184,336,177,197,374,154,174,328,113,101,214,77,81,158,40,43,83,20,38,58,7,12,19,884,984,1868,1868,720,0.3854389721627409
2020-10-16,85,63,148,95,102,197,186,239,425,175,181,356,158,181,339,109,119,228,71,76,147,48,68,116,27,49,76,3,29,32,957,1107,2064,2064,847,0.4103682170542636
2020-10-17,48,56,104,59,68,127,110,120,230,114,152,266,92,106,198,58,69,127,53,62,115,43,30,73,14,26,40,3,9,12,594,698,1292,1292,566,0.43808049535603716
2020-10-18,39,34,73,43,38,81,52,80,132,82,110,192,50,66,116,54,40,94,27,27,54,20,28,48,8,22,30,2,6,8,377,451,828,828,511,0.6171497584541062
2020-10-19,109,88,197,93,102,195,152,200,352,189,238,427,160,207,367,122,136,258,97,91,188,51,72,123,25,47,72,2,13,15,1000,1194,2194,2194,1170,0.5332725615314494
2020-10-20,90,84,174,94,89,183,182,216,398,172,205,377,165,193,358,108,123,231,82,73,155,37,55,92,35,43,78,0,15,15,965,1096,2061,2061,1492,0.7239204269771955
2020-10-21,65,61,126,108,91,199,141,199,340,149,163,312,119,136,255,99,84,183,77,69,146,37,41,78,21,37,58,3,10,13,819,891,1710,1710,1057,0.6181286549707602
2020-10-22,59,59,118,87,99,186,131,148,279,123,147,270,125,137,262,82,107,189,48,79,127,33,44,77,24,41,65,4,17,21,716,878,1594,1594,1082,0.6787954830614805
2020-10-23,63,53,116,57,60,117,113,129,242,106,123,229,99,139,238,71,64,135,57,69,126,45,43,88,16,28,44,6,17,23,633,725,1358,1358,1068,0.7864506627393225
2020-10-24,36,36,72,32,45,77,79,66,145,72,107,179,66,84,150,48,67,115,30,40,70,26,27,53,8,28,36,1,9,10,398,509,907,907,801,0.8831312017640573
2020-10-25,53,43,96,34,53,87,69,103,172,81,117,198,67,81,148,68,79,147,33,46,79,27,27,54,10,20,30,1,7,8,443,576,1019,1019,920,0.9028459273797841
2020-10-26,74,63,137,91,78,169,140,145,285,134,162,296,84,133,217,96,120,216,76,77,153,52,65,117,18,38,56,1,13,14,766,894,1660,1660,1392,0.8385542168674699
2020-10-27,58,65,123,77,73,150,147,181,328,142,175,317,129,135,264,95,129,224,78,102,180,45,62,107,14,36,50,3,7,10,788,965,1753,1753,1552,0.8853394181403309
2020-10-28,65,61,126,53,78,131,133,166,299,160,189,349,93,130,223,93,106,199,65,65,130,33,38,71,11,33,44,2,15,17,708,881,1589,1589,1254,0.789175582127124
2020-10-29,52,47,99,65,80,145,149,160,309,159,164,323,95,161,256,85,98,183,52,69,121,32,40,72,14,27,41,2,7,9,705,853,1558,1558,1496,0.9602053915275995
2020-10-30,57,42,99,52,77,129,99,147,246,126,152,278,95,124,219,63,96,159,59,81,140,29,38,67,22,29,51,4,14,18,606,800,1406,1406,1099,0.7816500711237553
2020-10-31,45,32,77,28,41,69,86,84,170,78,120,198,74,66,140,42,58,100,43,46,89,27,33,60,9,21,30,3,8,11,435,509,944,944,783,0.8294491525423728
2020-11-01,62,52,114,57,67,124,88,109,197,86,111,197,85,94,179,67,72,139,33,68,101,32,26,58,8,30,38,4,5,9,522,634,1156,1156,981,0.8486159169550173
2020-11-02,58,69,127,63,79,142,128,167,295,150,150,300,113,124,237,77,84,161,67,75,142,44,45,89,19,24,43,1,8,9,720,825,1545,1545,1251,0.8097087378640777
2020-11-03,48,47,95,44,66,110,107,146,253,115,133,248,87,82,169,65,65,130,51,51,102,47,41,88,21,35,56,2,13,15,587,679,1266,1266,923,0.7290679304897314
2020-11-04,57,54,111,68,71,139,179,158,337,140,170,310,151,142,293,83,98,181,76,66,142,47,45,92,17,30,47,5,7,12,823,841,1664,1664,980,0.5889423076923077
2020-11-05,82,71,153,92,98,190,180,192,372,183,203,386,163,144,307,109,131,240,66,81,147,40,45,85,17,27,44,3,12,15,935,1004,1939,1939,1284,0.6621970087674058
2020-11-06,53,54,107,50,57,107,108,118,226,92,121,213,73,81,154,71,76,147,50,48,98,36,56,92,14,33,47,3,7,10,550,651,1201,1201,973,0.8101582014987511
2020-11-07,46,46,92,38,57,95,72,91,163,71,118,189,75,92,167,61,80,141,57,64,121,34,34,68,18,18,36,4,4,8,476,604,1080,1080,782,0.7240740740740741
2020-11-08,55,66,121,51,67,118,93,99,192,92,134,226,84,106,190,65,61,126,52,66,118,24,31,55,8,22,30,5,4,9,529,656,1185,1185,969,0.8177215189873418
2020-11-09,81,80,161,79,70,149,117,161,278,140,185,325,123,128,251,107,105,212,73,77,150,31,48,79,23,41,64,4,9,13,778,904,1682,1682,1301,0.7734839476813318
2020-11-10,51,49,100,55,74,129,105,108,213,146,142,288,96,101,197,79,82,161,67,54,121,40,41,81,17,32,49,4,8,12,660,691,1351,1351,890,0.6587712805329385
2020-11-11,77,62,139,56,76,132,146,156,302,149,152,301,134,129,263,99,111,210,58,60,118,41,40,81,21,30,51,5,14,19,786,830,1616,1616,1075,0.6652227722772277
2020-11-12,69,62,131,66,79,145,145,181,326,189,172,361,129,138,267,97,95,192,65,85,150,43,55,98,23,32,55,1,13,14,827,912,1739,1739,1093,0.6285221391604371
2020-11-13,62,46,108,72,67,139,136,178,314,126,139,265,106,121,227,93,88,181,84,76,160,53,49,102,20,31,51,4,10,14,756,805,1561,1561,1007,0.6450992953235106
2020-11-14,66,62,128,55,38,93,80,109,189,103,115,218,63,91,154,64,72,136,56,42,98,31,44,75,12,22,34,4,4,8,534,599,1133,1133,826,0.7290379523389232
2020-11-15,66,70,136,65,50,115,91,123,214,118,116,234,89,97,186,61,70,131,57,59,116,37,43,80,10,26,36,0,14,14,594,668,1262,1262,960,0.7606973058637084
2020-11-16,69,71,140,100,66,166,98,130,228,115,142,257,111,112,223,66,84,150,62,65,127,44,50,94,23,33,56,4,18,22,692,771,1463,1463,922,0.6302118933697881
2020-11-17,77,77,154,81,71,152,150,163,313,175,174,349,144,153,297,97,111,208,78,110,188,38,60,98,12,35,47,2,12,14,854,966,1820,1820,1274,0.7
2020-11-18,73,68,141,105,95,200,154,178,332,178,197,375,111,132,243,79,93,172,64,71,135,50,48,98,16,47,63,2,8,10,832,937,1769,1769,1213,0.6856981345392877
2020-11-19,74,66,140,90,78,168,159,184,343,120,185,305,111,132,243,93,117,210,61,74,135,47,44,91,22,31,53,3,8,11,780,919,1699,1699,1212,0.7133608004708653
2020-11-20,73,61,134,60,72,132,129,162,291,136,150,286,107,133,240,83,98,181,58,57,115,36,41,77,24,33,57,4,9,13,710,816,1526,1526,1082,0.709043250327654
2020-11-21,62,52,114,48,68,116,92,104,196,120,112,232,82,89,171,61,69,130,53,57,110,30,21,51,10,19,29,3,10,13,561,601,1162,1162,974,0.8382099827882961
2020-11-22,50,42,92,42,50,92,89,89,178,71,98,169,73,66,139,44,55,99,39,46,85,26,22,48,12,23,35,1,8,9,447,499,946,946,748,0.7906976744186046
2020-11-23,61,60,121,53,67,120,103,106,209,122,100,222,96,98,194,52,67,119,45,55,100,32,39,71,17,29,46,4,9,13,585,630,1215,1215,980,0.8065843621399177
2020-11-24,71,79,150,81,79,160,127,140,267,154,155,309,113,123,236,93,99,192,65,85,150,50,55,105,24,30,54,2,8,10,780,853,1633,1633,1234,0.7556644213104715
2020-11-25,80,65,145,76,85,161,154,148,302,151,151,302,127,124,251,76,73,149,68,64,132,28,64,92,24,34,58,4,8,12,788,816,1604,1604,1098,0.6845386533665836
2020-11-26,85,69,154,82,84,166,134,174,308,148,165,313,108,116,224,84,87,171,72,66,138,34,56,90,16,26,42,9,11,20,772,854,1626,1626,1161,0.7140221402214022
2020-11-27,58,58,116,58,56,114,123,147,270,101,126,227,93,75,168,75,70,145,51,62,113,28,39,67,16,37,53,3,4,7,606,674,1280,1280,890,0.6953125
2020-11-28,67,41,108,58,42,100,100,106,206,82,116,198,72,84,156,73,68,141,36,39,75,30,38,68,15,27,42,3,5,8,536,566,1102,1102,761,0.690562613430127
2020-11-29,61,51,112,47,56,103,111,120,231,97,131,228,87,101,188,61,68,129,50,67,117,32,36,68,13,15,28,1,3,4,560,648,1208,1208,934,0.7731788079470199
2020-11-30,88,80,168,91,80,171,167,197,364,169,171,340,148,150,298,89,91,180,85,93,178,60,54,114,21,39,60,4,10,14,922,965,1887,1886,1311,0.6951219512195121
2020-12-01,62,75,137,75,87,162,155,173,328,142,160,302,125,138,263,55,80,135,77,99,176,52,53,105,19,34,53,3,2,5,765,901,1666,1666,1102,0.6614645858343338
2020-12-02,47,42,89,60,63,123,98,126,224,112,137,249,84,97,181,58,59,117,50,40,90,38,43,81,18,17,35,3,8,11,568,632,1200,1200,477,0.3975
2020-12-03,57,57,114,80,89,169,138,191,329,155,171,326,112,145,257,85,86,171,76,71,147,47,47,94,15,28,43,2,5,7,767,890,1657,1657,369,0.22269161134580567
2020-12-04,65,72,137,77,78,155,119,131,250,146,163,309,121,133,254,84,98,182,67,92,159,57,45,102,19,40,59,6,8,14,761,860,1621,1620,560,0.345679012345679
2020-12-05,59,59,118,69,55,124,109,105,214,126,109,235,88,89,177,53,63,116,44,51,95,29,33,62,9,22,31,5,6,11,591,592,1183,1183,599,0.5063398140321217
2020-12-06,46,48,94,53,47,100,75,79,154,69,97,166,66,82,148,35,55,90,42,45,87,26,30,56,16,14,30,0,3,3,428,500,928,928,354,0.38146551724137934
2020-12-07,37,54,91,60,48,108,105,115,220,106,100,206,74,105,179,56,61,117,37,48,85,32,41,73,17,21,38,4,5,9,528,598,1126,1126,330,0.29307282415630553
2020-12-08,52,58,110,57,56,113,104,124,228,117,116,233,78,79,157,73,71,144,58,55,113,33,45,78,8,18,26,4,6,10,584,628,1212,1212,382,0.31518151815181517
2020-12-09,65,61,126,75,97,172,189,211,400,189,206,395,151,129,280,133,127,260,113,100,213,46,62,108,18,32,50,3,15,18,982,1040,2022,2022,658,0.3254203758654797
2020-12-10,81,57,138,108,132,240,203,246,449,210,252,462,154,188,342,130,161,291,104,94,198,45,47,92,19,43,62,5,7,12,1059,1227,2286,2286,517,0.22615923009623798
2020-12-11,66,69,135,104,109,213,202,257,459,233,252,485,171,210,381,137,160,297,102,116,218,61,73,134,17,28,45,2,8,10,1095,1282,2377,2377,490,0.20614219604543543
2020-12-12,65,63,128,86,89,175,161,201,362,193,213,406,173,177,350,133,134,267,76,114,190,43,53,96,11,21,32,3,7,10,944,1072,2016,2016,509,0.2524801587301587
2020-12-13,68,49,117,75,82,157,120,168,288,167,201,368,151,161,312,121,112,233,74,74,148,35,35,70,11,19,30,6,4,10,828,905,1733,1733,343,0.19792267743796885
2020-12-14,85,70,155,100,112,212,194,233,427,237,233,470,176,200,376,156,169,325,111,119,230,64,71,135,22,32,54,9,10,19,1154,1249,2403,2403,624,0.2596754057428215
2020-12-15,63,69,132,92,96,188,183,223,406,194,228,422,173,171,344,125,173,298,107,106,213,60,58,118,14,26,40,2,10,12,1013,1160,2173,2172,536,0.24677716390423574
2020-12-16,50,67,117,118,140,258,200,257,457,288,292,580,220,227,447,172,179,351,121,139,260,64,74,138,26,25,51,4,10,14,1263,1410,2673,2673,606,0.22671156004489337
2020-12-17,86,83,169,127,130,257,238,303,541,283,320,603,251,232,483,171,171,342,80,106,186,67,58,125,13,26,39,1,10,11,1317,1439,2756,2756,642,0.23294629898403482
2020-12-18,87,81,168,154,172,326,252,340,592,319,339,658,249,268,517,197,226,423,190,180,370,86,88,174,17,39,56,2,5,7,1553,1738,3291,3291,821,0.24946824673351564
2020-12-19,68,63,131,113,128,241,206,273,479,324,319,643,229,233,462,158,172,330,128,155,283,63,70,133,15,27,42,3,2,5,1307,1442,2749,2749,780,0.28373954165150966
2020-12-20,69,82,151,123,130,253,206,252,458,324,338,662,246,266,512,176,200,376,113,126,239,62,59,121,13,17,30,3,9,12,1335,1479,2814,2814,394,0.14001421464108033
2020-12-21,87,104,191,143,144,287,307,325,632,359,401,760,289,282,571,190,209,399,183,164,347,77,80,157,17,47,64,3,6,9,1655,1762,3417,3417,672,0.19666374012291485
2020-12-22,99,100,199,181,203,384,343,394,737,409,442,851,331,316,647,214,224,438,166,192,358,78,78,156,18,32,50,4,4,8,1843,1985,3828,3828,784,0.20480668756530826
2020-12-23,114,100,214,207,191,398,351,396,747,406,428,834,303,339,642,214,211,425,136,181,317,62,74,136,25,36,61,6,10,16,1824,1966,3790,3790,790,0.20844327176781002
2020-12-24,54,57,111,93,114,207,193,213,406,264,252,516,177,161,338,104,122,226,84,93,177,53,45,98,6,19,25,1,4,5,1029,1080,2109,2109,560,0.2655286865813182
2020-12-25,37,25,62,39,33,72,61,58,119,63,77,140,52,43,95,43,45,88,22,28,50,16,11,27,7,16,23,4,4,8,344,340,684,684,416,0.6081871345029239
2020-12-26,82,64,146,177,212,389,262,305,567,365,348,713,238,297,535,195,194,389,109,138,247,66,69,135,22,30,52,1,12,13,1517,1669,3186,3186,748,0.23477715003138733
2020-12-27,53,50,103,230,232,462,252,288,540,398,397,795,328,345,673,211,234,445,156,148,304,61,82,143,16,31,47,2,10,12,1707,1817,3524,3524,430,0.12202043132803632
2020-12-28,129,98,227,276,284,560,378,460,838,552,590,1142,453,443,896,271,319,590,170,224,394,80,101,181,30,44,74,2,11,13,2341,2574,4915,4915,807,0.1641912512716175
2020-12-29,91,91,182,259,275,534,380,431,811,433,473,906,391,398,789,235,268,503,175,209,384,90,100,190,25,54,79,5,9,14,2084,2308,4392,4392,718,0.16347905282331512
2020-12-30,95,80,175,297,325,622,418,435,853,506,514,1020,374,455,829,266,327,593,175,201,376,83,93,176,29,48,77,4,8,12,2247,2486,4733,4733,1074,0.22691738854848933
2020-12-31,70,65,135,201,200,401,299,283,582,309,352,661,269,314,583,171,170,341,82,96,178,43,61,104,13,28,41,0,6,6,1457,1575,3032,3032,646,0.21306068601583114
2021-01-01,29,21,50,47,53,100,52,79,131,76,93,169,59,63,122,48,53,101,25,32,57,15,22,37,5,15,20,1,4,5,357,435,792,792,339,0.42803030303030304
2021-01-02,77,61,138,185,204,389,271,308,579,308,378,686,275,287,562,185,208,393,164,164,328,75,90,165,16,38,54,4,7,11,1560,1745,3305,3305,630,0.19062027231467474
2021-01-03,56,69,125,250,274,524,397,432,829,523,544,1067,410,460,870,249,312,561,209,240,449,82,118,200,26,36,62,3,7,10,2205,2492,4697,4697,520,0.11070896316797957
2021-01-04,87,87,174,254,241,495,547,600,1147,587,629,1216,421,468,889,271,319,590,199,218,417,103,114,217,27,62,89,5,10,15,2501,2748,5249,5249,782,0.1489807582396647
2021-01-05,94,97,191,291,294,585,553,664,1217,604,637,1241,469,515,984,280,317,597,215,296,511,104,129,233,31,61,92,6,10,16,2647,3020,5667,5666,795,0.1403106247793858
2021-01-06,96,81,177,328,295,623,554,552,1106,585,587,1172,484,512,996,322,338,660,222,249,471,109,132,241,30,59,89,4,15,19,2734,2820,5554,5553,811,0.14604718170358366
2021-01-07,91,77,168,233,257,490,420,502,922,501,474,975,351,363,714,236,278,514,174,226,400,80,120,200,27,49,76,2,11,13,2115,2357,4472,4472,764,0.1708407871198569
2021-01-08,93,94,187,277,264,541,444,467,911,410,501,911,317,440,757,241,280,521,134,191,325,85,104,189,32,38,70,4,4,8,2037,2383,4420,4419,944,0.21362299162706494
2021-01-09,71,70,141,232,238,470,392,463,855,444,515,959,351,390,741,223,269,492,138,205,343,60,83,143,22,40,62,0,9,9,1933,2282,4215,4213,710,0.16852599098029908
2021-01-10,71,71,142,285,274,559,384,420,804,406,484,890,349,392,741,221,270,491,130,146,276,44,77,121,11,34,45,2,9,11,1903,2177,4080,4080,479,0.11740196078431372
2021-01-11,96,70,166,283,316,599,521,549,1070,524,578,1102,402,434,836,245,326,571,168,206,374,87,87,174,20,31,51,1,7,8,2347,2604,4951,4951,746,0.15067663098363968
2021-01-12,97,71,168,240,286,526,384,528,912,387,449,836,309,392,701,237,287,524,185,155,340,68,88,156,33,36,69,3,10,13,1943,2302,4245,4245,628,0.14793875147232038
2021-01-13,129,107,236,292,318,610,495,547,1042,453,515,968,390,411,801,258,336,594,190,229,419,82,97,179,20,46,66,5,4,9,2314,2610,4924,4924,717,0.14561332250203088
2021-01-14,89,104,193,299,333,632,438,471,909,435,533,968,346,436,782,280,313,593,159,208,367,68,90,158,21,39,60,3,8,11,2138,2535,4673,4672,758,0.1622431506849315
2021-01-15,125,90,215,480,492,972,554,624,1178,690,732,1422,537,647,1184,386,441,827,209,230,439,85,125,210,22,50,72,2,8,10,3090,3439,6529,6529,874,0.13386429774850667
2021-01-16,71,51,122,562,546,1108,468,562,1030,627,700,1327,611,661,1272,392,391,783,214,259,473,105,112,217,25,39,64,1,9,10,3076,3330,6406,6406,612,0.09553543552919139
2021-01-17,69,44,113,448,507,955,461,556,1017,564,624,1188,606,703,1309,375,377,752,164,190,354,84,92,176,19,27,46,2,3,5,2792,3123,5915,5915,485,0.08199492814877431
2021-01-18,94,90,184,531,528,1059,606,665,1271,691,742,1433,682,713,1395,445,475,920,264,299,563,124,132,256,34,58,92,2,4,6,3473,3706,7179,7179,662,0.09221340019501323
2021-01-19,104,86,190,508,541,1049,561,611,1172,671,745,1416,669,694,1363,451,478,929,260,297,557,103,152,255,22,48,70,5,13,18,3354,3665,7019,7019,536,0.07636415443795412
2021-01-20,101,93,194,473,476,949,512,580,1092,585,638,1223,565,593,1158,417,444,861,273,303,576,133,150,283,25,45,70,4,12,16,3088,3334,6422,6422,509,0.07925879788227966
2021-01-21,115,82,197,348,407,755,515,494,1009,492,568,1060,411,504,915,294,391,685,198,227,425,89,108,197,28,54,82,5,21,26,2495,2856,5351,5351,638,0.11923005045785834
2021-01-22,81,85,166,400,371,771,372,489,861,397,513,910,407,479,886,286,316,602,179,194,373,99,115,214,20,44,64,3,3,6,2244,2609,4853,4853,599,0.12342880692355244
2021-01-23,47,46,93,395,403,798,407,489,896,424,502,926,419,425,844,313,349,662,130,165,295,51,69,120,19,29,48,2,3,5,2207,2480,4687,4687,409,0.0872626413484105
2021-01-24,61,51,112,468,485,953,439,479,918,448,510,958,525,544,1069,335,339,674,183,192,375,60,84,144,23,36,59,2,5,7,2544,2725,5269,5269,328,0.06225090149933574
2021-01-25,92,99,191,579,573,1152,614,656,1270,620,680,1300,547,636,1183,402,422,824,227,241,468,109,126,235,34,65,99,8,18,26,3232,3516,6748,6748,515,0.07631890930646118
2021-01-26,122,85,207,487,486,973,480,557,1037,505,539,1044,510,538,1048,329,392,721,196,259,455,114,122,236,33,65,98,4,12,16,2780,3055,5835,5835,544,0.09323050556983718
2021-01-27,117,106,223,438,434,872,459,501,960,474,558,1032,423,506,929,319,357,676,195,204,399,78,91,169,39,53,92,1,15,16,2543,2825,5368,5368,473,0.08811475409836066
2021-01-28,92,87,179,371,384,755,362,445,807,407,448,855,383,432,815,277,313,590,177,217,394,105,114,219,29,47,76,5,15,20,2208,2502,4710,4710,580,0.12314225053078556
2021-01-29,69,92,161,517,490,1007,482,573,1055,569,640,1209,535,624,1159,385,427,812,227,278,505,94,136,230,24,55,79,2,7,9,2904,3322,6226,6225,701,0.11261044176706828
2021-01-30,58,44,102,705,715,1420,489,566,1055,604,710,1314,722,840,1562,467,463,930,217,297,514,98,135,233,25,42,67,2,9,11,3387,3821,7208,7208,462,0.06409544950055494
2021-01-31,57,59,116,999,1068,2067,589,677,1266,760,944,1704,1072,1169,2241,638,657,1295,278,297,575,109,140,249,25,47,72,2,10,12,4529,5068,9597,9597,300,0.03125976867771178
2021-02-01,82,80,162,888,910,1798,577,713,1290,772,906,1678,939,1043,1982,604,618,1222,321,383,704,118,195,313,39,49,88,1,12,13,4341,4909,9250,9250,533,0.05762162162162162
2021-02-02,90,85,175,714,779,1493,545,610,1155,710,847,1557,856,972,1828,590,635,1225,367,374,741,181,218,399,41,59,100,3,13,16,4097,4592,8689,8689,458,0.05271032339739901
2021-02-03,60,82,142,594,542,1136,470,594,1064,634,698,1332,642,723,1365,431,538,969,327,345,672,158,178,336,43,69,112,4,13,17,3363,3782,7145,7145,467,0.06536039188243527
2021-02-04,75,79,154,326,364,690,351,475,826,448,507,955,361,551,912,331,387,718,179,252,431,94,143,237,29,43,72,4,17,21,2198,2818,5016,5016,449,0.08951355661881978
2021-02-05,84,80,164,318,322,640,361,429,790,396,460,856,361,426,787,286,320,606,186,222,408,106,130,236,18,53,71,1,10,11,2117,2452,4569,4569,636,0.139198949441891
2021-02-06,53,48,101,362,388,750,328,433,761,423,537,960,389,498,887,341,354,695,162,194,356,78,98,176,27,38,65,0,8,8,2163,2596,4759,4759,484,0.10170203824332844
2021-02-07,58,59,117,390,410,800,338,388,726,446,529,975,413,530,943,295,352,647,171,165,336,86,99,185,18,30,48,6,4,10,2221,2566,4787,4787,281,0.058700647587215375
2021-02-08,92,79,171,537,610,1147,533,606,1139,636,821,1457,676,808,1484,372,462,834,239,286,525,115,136,251,29,69,98,3,19,22,3232,3896,7128,7128,607,0.08515712682379349
2021-02-09,90,67,157,445,472,917,472,556,1028,621,703,1324,561,696,1257,404,471,875,266,288,554,124,144,268,34,54,88,5,16,21,3022,3467,6489,6489,431,0.06642009554630914
2021-02-10,84,63,147,341,340,681,407,478,885,528,618,1146,496,576,1072,306,399,705,212,261,473,116,120,236,31,51,82,0,13,13,2521,2919,5440,5440,389,0.07150735294117647
2021-02-11,73,64,137,313,341,654,372,496,868,498,612,1110,440,578,1018,259,398,657,199,225,424,101,116,217,28,45,73,4,6,10,2287,2881,5168,5168,352,0.06811145510835913
2021-02-12,77,69,146,336,393,729,371,455,826,522,652,1174,464,645,1109,313,419,732,197,247,444,104,130,234,32,51,83,1,10,11,2417,3071,5488,5488,588,0.10714285714285714
2021-02-13,60,41,101,457,491,948,373,465,838,614,762,1376,603,821,1424,355,468,823,211,230,441,75,105,180,22,28,50,5,12,17,2775,3423,6198,6198,466,0.07518554372378186
2021-02-14,44,39,83,461,498,959,316,430,746,574,759,1333,677,823,1500,360,449,809,205,236,441,90,117,207,17,31,48,1,15,16,2745,3397,6142,6141,318,0.051783097215437224
2021-02-15,41,61,102,598,628,1226,467,606,1073,744,966,1710,837,955,1792,462,539,1001,219,258,477,99,125,224,23,58,81,2,10,12,3492,4206,7698,7698,414,0.05378020265003897
2021-02-16,59,42,101,604,593,1197,612,835,1447,865,1024,1889,849,1009,1858,439,504,943,223,234,457,90,137,227,16,38,54,9,5,14,3766,4421,8187,8187,385,0.04702577256626359
2021-02-17,89,93,182,449,466,915,744,922,1666,749,901,1650,613,689,1302,408,500,908,324,336,660,127,150,277,21,54,75,6,12,18,3530,4123,7653,7653,484,0.06324317261204757
2021-02-18,86,70,156,364,430,794,646,771,1417,671,803,1474,546,727,1273,396,446,842,255,292,547,128,159,287,37,56,93,3,9,12,3132,3763,6895,6895,589,0.08542422044960116
2021-02-19,90,59,149,343,438,781,560,650,1210,629,813,1442,529,673,1202,396,486,882,252,294,546,131,167,298,29,52,81,3,13,16,2962,3645,6607,6607,706,0.1068563644619343
2021-02-20,74,55,129,303,383,686,490,603,1093,508,715,1223,477,640,1117,338,444,782,185,278,463,89,115,204,27,34,61,4,3,7,2495,3270,5765,5765,597,0.10355594102341717
2021-02-21,88,54,142,342,435,777,517,743,1260,709,883,1592,564,740,1304,367,495,862,263,307,570,95,126,221,32,41,73,4,7,11,2981,3831,6812,6812,480,0.07046388725778038
2021-02-22,118,122,240,424,560,984,720,1045,1765,875,1117,1992,704,893,1597,522,626,1148,327,366,693,148,152,300,55,48,103,3,10,13,3896,4939,8835,8835,618,0.0699490662139219
2021-02-23,120,104,224,362,444,806,711,915,1626,787,989,1776,601,765,1366,455,593,1048,334,384,718,140,180,320,41,72,113,9,23,32,3560,4469,8029,8029,577,0.07186449121932993
2021-02-24,95,118,213,357,430,787,603,762,1365,665,792,1457,521,640,1161,411,493,904,299,327,626,137,158,295,35,61,96,4,11,15,3127,3792,6919,6919,546,0.07891313773666715
2021-02-25,143,130,273,287,368,655,563,720,1283,583,686,1269,442,583,1025,335,450,785,253,313,566,117,148,265,31,51,82,5,15,20,2759,3464,6223,6221,564,0.09066066548786368
2021-02-26,120,115,235,283,371,654,615,877,1492,695,812,1507,511,710,1221,396,518,914,298,361,659,127,166,293,31,59,90,2,17,19,3078,4006,7084,7084,600,0.08469791078486731
2021-02-27,76,80,156,336,483,819,631,896,1527,845,961,1806,553,775,1328,509,653,1162,352,414,766,147,164,311,33,63,96,2,15,17,3484,4504,7988,7988,624,0.07811717576364546
2021-02-28,97,82,179,501,612,1113,749,1027,1776,1072,1317,2389,802,1019,1821,694,889,1583,459,519,978,200,209,409,41,56,97,3,8,11,4618,5738,10356,10356,531,0.05127462340672074
2021-03-01,170,150,320,341,433,774,616,826,1442,735,826,1561,543,699,1242,410,514,924,303,357,660,116,171,287,37,75,112,7,27,34,3278,4078,7356,7356,675,0.09176182707993474
2021-03-02,191,162,353,371,445,816,628,790,1418,662,849,1511,541,655,1196,387,541,928,260,327,587,123,108,231,42,60,102,4,11,15,3209,3948,7157,7157,587,0.0820176051418192
2021-03-03,182,146,328,277,360,637,486,683,1169,602,738,1340,436,601,1037,360,497,857,331,387,718,153,157,310,33,48,81,1,14,15,2861,3631,6492,6492,728,0.11213801601971657
2021-03-04,162,155,317,283,347,630,491,637,1128,521,689,1210,422,567,989,317,498,815,293,390,683,148,180,328,36,56,92,6,22,28,2679,3541,6220,6220,701,0.11270096463022508
2021-03-05,161,151,312,320,352,672,492,749,1241,619,805,1424,417,577,994,378,524,902,299,327,626,135,155,290,30,63,93,0,15,15,2851,3718,6569,6568,696,0.10596833130328867
2021-03-06,109,94,203,194,278,472,418,558,976,532,644,1176,366,481,847,291,407,698,193,225,418,92,123,215,28,34,62,3,9,12,2226,2853,5079,5079,609,0.11990549320732427
2021-03-07,112,102,214,231,294,525,457,622,1079,548,689,1237,383,541,924,319,476,795,273,299,572,104,120,224,26,46,72,5,4,9,2458,3193,5651,5650,487,0.08619469026548672
2021-03-08,203,172,375,298,449,747,563,805,1368,718,854,1572,536,672,1208,459,618,1077,374,379,753,155,172,327,31,61,92,5,15,20,3342,4197,7539,7535,627,0.08321167883211679
2021-03-09,233,207,440,298,355,653,558,680,1238,705,821,1526,499,654,1153,421,573,994,374,481,855,185,186,371,35,65,100,7,14,21,3315,4036,7351,7351,639,0.08692694871446062
2021-03-10,245,216,461,330,370,700,522,646,1168,688,802,1490,443,624,1067,425,565,990,347,372,719,137,170,307,41,62,103,4,11,15,3182,3838,7020,7020,866,0.12336182336182336
2021-03-11,197,212,409,241,318,559,424,638,1062,499,688,1187,382,556,938,311,409,720,233,321,554,137,133,270,31,51,82,5,15,20,2460,3341,5801,5801,921,0.1587657300465437
2021-03-12,255,238,493,305,435,740,495,756,1251,652,852,1504,480,634,1114,348,544,892,313,383,696,160,161,321,43,70,113,3,16,19,3054,4089,7143,7142,1009,0.14127695323438813
2021-03-13,165,142,307,227,296,523,496,668,1164,594,676,1270,378,506,884,358,480,838,307,331,638,119,132,251,25,46,71,5,4,9,2674,3281,5955,5955,775,0.13014273719563393
2021-03-14,150,192,342,242,272,514,456,714,1170,631,751,1382,404,578,982,416,536,952,288,361,649,116,153,269,23,52,75,5,12,17,2731,3621,6352,6352,617,0.09713476070528967
2021-03-15,312,267,579,351,400,751,614,869,1483,725,867,1592,518,768,1286,449,627,1076,382,440,822,146,205,351,38,65,103,6,13,19,3541,4521,8062,8062,903,0.11200694616720416
2021-03-16,274,265,539,343,411,754,514,689,1203,720,808,1528,497,580,1077,422,529,951,327,400,727,156,171,327,35,71,106,8,20,28,3296,3944,7240,7240,762,0.10524861878453039
2021-03-17,238,205,443,321,405,726,531,719,1250,592,727,1319,427,563,990,359,505,864,322,373,695,127,166,293,33,50,83,3,14,17,2953,3727,6680,6679,805,0.12052702500374307
2021-03-18,194,186,380,246,330,576,459,622,1081,548,627,1175,378,492,870,274,393,667,249,279,528,122,152,274,18,47,65,6,13,19,2494,3141,5635,5635,781,0.1385980479148181
2021-03-19,213,215,428,333,385,718,486,703,1189,575,747,1322,423,564,987,335,475,810,247,298,545,109,138,247,30,42,72,7,10,17,2758,3577,6335,6335,1075,0.1696921862667719
2021-03-20,111,104,215,228,277,505,397,553,950,503,596,1099,356,443,799,300,394,694,252,249,501,101,109,210,22,35,57,10,8,18,2280,2768,5048,5043,733,0.1453499900852667
2021-03-21,143,135,278,198,263,461,443,577,1020,563,625,1188,355,469,824,327,430,757,238,293,531,76,114,190,28,34,62,2,10,12,2373,2950,5323,5323,599,0.11253052789780199
2021-03-22,231,240,471,333,350,683,553,762,1315,710,827,1537,478,620,1098,401,554,955,285,355,640,139,165,304,35,84,119,6,35,41,3171,3992,7163,7163,875,0.12215552142956862
2021-03-23,221,212,433,324,375,699,507,682,1189,588,775,1363,441,535,976,387,461,848,310,404,714,148,169,317,33,49,82,3,22,25,2962,3684,6646,6646,896,0.13481793560036112
2021-03-24,156,149,305,312,311,623,425,537,962,502,597,1099,361,468,829,271,377,648,195,207,402,91,125,216,19,65,84,2,24,26,2334,2860,5194,5194,815,0.1569118213323065
2021-03-25,176,160,336,322,402,724,457,673,1130,579,739,1318,472,610,1082,355,453,808,228,291,519,108,122,230,38,58,96,6,15,21,2741,3523,6264,6264,776,0.12388250319284802
2021-03-26,225,221,446,362,457,819,513,761,1274,625,762,1387,459,653,1112,332,487,819,249,316,565,136,151,287,36,54,90,3,17,20,2940,3879,6819,6819,896,0.1313975656254583
2021-03-27,155,152,307,225,319,544,451,570,1021,560,683,1243,385,542,927,314,468,782,256,281,537,108,129,237,25,49,74,6,7,13,2485,3200,5685,5685,856,0.1505716798592788
2021-03-28,125,125,250,221,288,509,386,579,965,558,717,1275,428,511,939,323,460,783,224,249,473,78,75,153,24,37,61,4,9,13,2371,3050,5421,5421,731,0.13484596937834348
2021-03-29,209,207,416,373,383,756,515,729,1244,636,746,1382,459,633,1092,377,476,853,244,326,570,93,89,182,20,40,60,3,9,12,2929,3638,6567,6567,914,0.13918075224607887
2021-03-30,195,180,375,330,359,689,463,657,1120,573,732,1305,408,561,969,332,417,749,213,261,474,86,98,184,30,44,74,5,10,15,2635,3319,5954,5952,920,0.15456989247311828
2021-03-31,163,142,305,303,331,634,513,686,1199,568,764,1332,420,589,1009,279,412,691,153,168,321,48,63,111,28,32,60,1,10,11,2476,3197,5673,5673,1011,0.17821258593336858
2021-04-01,128,145,273,349,382,731,534,653,1187,609,692,1301,383,533,916,325,417,742,193,239,432,70,98,168,17,27,44,4,9,13,2612,3195,5807,5807,1171,0.20165317719993112
2021-04-02,166,114,280,302,365,667,483,639,1122,539,624,1163,400,535,935,299,408,707,194,187,381,65,74,139,21,34,55,2,14,16,2471,2994,5465,5465,987,0.1806038426349497
2021-04-03,119,120,239,309,400,709,498,599,1097,561,667,1228,439,619,1058,345,382,727,191,231,422,70,85,155,21,46,67,4,9,13,2557,3158,5715,5715,1079,0.18880139982502187
2021-04-04,153,124,277,640,723,1363,783,1110,1893,1024,1325,2349,864,1052,1916,517,624,1141,242,262,504,71,84,155,25,38,63,2,10,12,4321,5352,9673,9673,912,0.09428305592887419
2021-04-05,197,209,406,751,868,1619,1002,1362,2364,1165,1427,2592,1005,1271,2276,593,714,1307,310,360,670,114,122,236,29,50,79,4,11,15,5170,6394,11564,11564,1130,0.09771705292286406
2021-04-06,213,208,421,618,671,1289,1005,1166,2171,1087,1321,2408,874,1036,1910,610,732,1342,388,457,845,139,164,303,33,58,91,4,16,20,4971,5829,10800,10799,1251,0.1158440596351514
2021-04-07,219,219,438,613,659,1272,937,1136,2073,970,1168,2138,861,1046,1907,554,754,1308,304,378,682,112,139,251,22,51,73,0,12,12,4592,5562,10154,10150,909,0.08955665024630542
2021-04-08,186,148,334,446,526,972,723,1038,1761,858,1078,1936,662,830,1492,453,655,1108,278,305,583,88,117,205,25,45,70,1,12,13,3720,4754,8474,8474,742,0.08756195421288647
2021-04-09,132,119,251,271,311,582,428,612,1040,405,536,941,354,464,818,216,343,559,147,172,319,49,77,126,10,31,41,0,6,6,2012,2671,4683,4683,576,0.12299807815502883
2021-04-10,65,71,136,237,328,565,403,522,925,507,577,1084,377,516,893,272,340,612,139,164,303,26,49,75,10,17,27,0,4,4,2036,2588,4624,4623,159,0.03439325113562622
2021-04-11,27,30,57,133,178,311,253,313,566,272,372,644,252,333,585,159,210,369,40,48,88,13,6,19,3,5,8,0,2,2,1152,1497,2649,2649,36,0.013590033975084938
2021-04-12,3,2,5,5,5,10,7,4,11,3,5,8,1,4,5,3,6,9,3,2,5,0,2,2,0,1,1,1,0,1,26,31,57,57,0,0.0
2021-04-13,0,0,0,0,0,0,0,0,0,0,0,0,0,0,0,0,0,0,0,0,0,0,0,0,0,0,0,0,0,0,0,0,0,0,0,
