FECHA,<=10M,<=10F,<=10,11-20M,11-20F,11-20,21-30M,21-30F,21-30,31-40M,31-40F,31-40,41-50M,41-50F,41-50,51-60M,51-60F,51-60,61-70M,61-70F,61-70,71-80M,71-80F,71-80,81-90M,81-90F,81-90,>=91M,>=91F,>=91,TotalM,TotalF,Total
2020-03-15,1,0,1,0,0,0,0,2,2,2,1,3,1,1,2,1,0,1,1,0,1,1,1,2,0,0,0,0,0,0,7,5,12
2020-03-16,2,3,5,1,0,1,1,4,5,3,2,5,1,1,2,3,1,4,3,2,5,1,1,2,0,0,0,0,0,0,15,14,29
2020-03-17,3,7,10,1,1,2,3,5,8,3,2,5,2,4,6,3,3,6,4,3,7,3,3,6,1,0,1,0,0,0,23,28,51
2020-03-18,6,8,14,2,1,3,4,5,9,5,3,8,2,6,8,4,4,8,5,5,10,4,3,7,2,0,2,0,0,0,34,35,69
2020-03-19,7,8,15,2,1,3,7,7,14,7,5,12,4,7,11,4,4,8,6,6,12,5,4,9,2,0,2,1,0,1,45,42,87
2020-03-20,8,9,17,3,1,4,8,7,15,7,7,14,4,8,12,4,5,9,6,7,13,7,6,13,3,0,3,1,0,1,51,50,101
2020-03-21,8,9,17,5,2,7,9,9,18,10,8,18,6,9,15,4,5,9,8,9,17,8,7,15,3,0,3,2,0,2,63,58,121
2020-03-22,11,9,20,5,2,7,12,10,22,10,8,18,6,9,15,6,6,12,8,10,18,10,7,17,6,2,8,2,0,2,76,63,139
2020-03-23,14,10,24,5,4,9,13,12,25,12,9,21,6,10,16,8,6,14,10,11,21,14,10,24,9,5,14,2,2,4,93,79,172
2020-03-24,16,10,26,5,4,9,14,13,27,13,10,23,6,12,18,10,8,18,10,12,22,16,10,26,11,6,17,3,2,5,104,87,191
2020-03-25,17,13,30,5,4,9,16,16,32,15,14,29,7,12,19,11,10,21,13,13,26,18,12,30,13,10,23,5,3,8,120,107,227
2020-03-26,21,16,37,7,5,12,18,18,36,19,17,36,8,16,24,14,12,26,14,16,30,21,14,35,18,10,28,7,4,11,147,128,275
2020-03-27,23,19,42,7,6,13,19,20,39,22,17,39,9,20,29,15,15,30,16,21,37,25,20,45,21,12,33,9,10,19,166,160,326
2020-03-28,25,19,44,7,6,13,20,22,42,24,18,42,10,21,31,18,16,34,19,21,40,29,26,55,23,13,36,10,10,20,185,172,357
2020-03-29,26,19,45,9,7,16,21,24,45,26,19,45,12,24,36,18,16,34,25,24,49,33,27,60,27,15,42,12,11,23,209,186,395
2020-03-30,30,21,51,9,7,16,22,30,52,30,21,51,17,26,43,19,17,36,30,25,55,37,32,69,31,16,47,15,13,28,240,208,448
2020-03-31,38,23,61,10,7,17,27,31,58,38,23,61,22,28,50,21,18,39,36,27,63,41,35,76,33,19,52,19,13,32,285,224,509
2020-04-01,47,33,80,10,9,19,32,34,66,45,25,70,32,32,64,24,23,47,40,30,70,47,39,86,38,24,62,19,14,33,334,263,597
2020-04-02,53,41,94,14,13,27,34,39,73,48,29,77,35,37,72,25,31,56,48,35,83,55,45,100,43,30,73,22,18,40,377,318,695
2020-04-03,69,49,118,18,16,34,39,45,84,54,37,91,41,47,88,27,36,63,56,40,96,61,49,110,49,36,85,23,23,46,437,378,815
2020-04-04,76,60,136,20,19,39,41,53,94,56,47,103,46,49,95,33,36,69,62,43,105,63,54,117,53,38,91,24,26,50,474,425,899
2020-04-05,82,69,151,24,23,47,47,54,101,61,49,110,54,52,106,37,38,75,63,53,116,69,62,131,56,42,98,26,29,55,519,471,990
2020-04-06,92,77,169,28,25,53,53,57,110,71,53,124,63,56,119,46,41,87,69,60,129,80,67,147,63,46,109,27,31,58,592,513,1105
2020-04-07,101,87,188,32,28,60,58,60,118,76,60,136,67,60,127,53,43,96,73,64,137,87,75,162,69,57,126,29,32,61,645,566,1211
2020-04-08,109,94,203,36,30,66,60,66,126,81,63,144,74,63,137,58,47,105,81,69,150,96,79,175,71,60,131,32,38,70,698,609,1307
2020-04-09,112,96,208,39,32,71,63,73,136,95,72,167,76,68,144,66,55,121,85,73,158,103,89,192,76,68,144,36,43,79,751,669,1420
2020-04-10,126,98,224,43,35,78,65,79,144,99,74,173,86,69,155,69,61,130,91,74,165,104,98,202,81,76,157,37,47,84,801,711,1512
2020-04-11,132,103,235,47,37,84,72,83,155,105,78,183,93,72,165,71,65,136,95,80,175,110,101,211,85,83,168,38,51,89,848,753,1601
2020-04-12,141,109,250,49,37,86,74,87,161,113,80,193,96,77,173,80,68,148,98,84,182,113,109,222,89,87,176,39,53,92,892,791,1683
2020-04-13,148,120,268,56,41,97,86,94,180,117,89,206,102,82,184,85,74,159,106,90,196,117,117,234,97,96,193,43,59,102,957,862,1819
2020-04-14,162,126,288,59,42,101,92,100,192,125,92,217,106,86,192,95,80,175,110,97,207,126,122,248,103,100,203,47,63,110,1025,908,1933
2020-04-15,171,129,300,63,47,110,96,107,203,131,98,229,113,100,213,99,87,186,119,100,219,136,126,262,109,107,216,52,66,118,1089,967,2056
2020-04-16,181,132,313,67,52,119,103,111,214,141,111,252,123,111,234,106,96,202,123,110,233,143,130,273,113,112,225,52,70,122,1152,1035,2187
2020-04-17,195,142,337,70,57,127,104,118,222,147,125,272,136,120,256,113,104,217,130,115,245,157,139,296,119,120,239,53,73,126,1224,1113,2337
2020-04-18,204,150,354,76,58,134,113,120,233,162,131,293,144,125,269,120,108,228,132,117,249,162,149,311,125,128,253,56,77,133,1294,1163,2457
2020-04-19,212,157,369,80,59,139,117,122,239,166,135,301,149,130,279,125,117,242,139,123,262,167,157,324,128,135,263,58,78,136,1341,1213,2554
2020-04-20,226,165,391,88,67,155,129,127,256,178,145,323,158,136,294,134,121,255,150,131,281,182,168,350,138,143,281,62,93,155,1445,1296,2741
2020-04-21,238,173,411,93,73,166,141,130,271,186,156,342,160,140,300,139,128,267,157,139,296,193,178,371,146,153,299,64,103,167,1517,1373,2890
2020-04-22,249,182,431,97,80,177,147,137,284,197,159,356,171,146,317,144,135,279,165,142,307,200,192,392,154,165,319,71,109,180,1595,1447,3042
2020-04-23,265,192,457,102,84,186,153,148,301,207,167,374,179,154,333,147,147,294,172,146,318,210,200,410,164,175,339,78,118,196,1677,1531,3208
2020-04-24,281,202,483,107,89,196,162,156,318,219,178,397,184,160,344,154,155,309,180,157,337,221,211,432,174,190,364,81,121,202,1763,1619,3382
2020-04-25,290,206,496,111,90,201,165,161,326,227,187,414,188,164,352,159,161,320,186,161,347,228,215,443,183,205,388,86,126,212,1823,1676,3499
2020-04-26,298,221,519,116,96,212,168,165,333,231,189,420,196,170,366,161,164,325,193,168,361,233,222,455,191,212,403,87,130,217,1874,1737,3611
2020-04-27,310,232,542,122,99,221,174,173,347,236,198,434,199,180,379,171,171,342,200,176,376,253,228,481,202,226,428,90,135,225,1957,1818,3775
2020-04-28,325,239,564,126,104,230,185,185,370,247,209,456,206,191,397,177,180,357,206,183,389,256,240,496,208,240,448,92,139,231,2028,1910,3938
2020-04-29,343,249,592,132,108,240,198,191,389,265,221,486,217,199,416,185,186,371,210,191,401,266,246,512,211,254,465,97,149,246,2124,1994,4118
2020-04-30,360,259,619,141,109,250,208,197,405,271,228,499,228,208,436,192,199,391,220,199,419,273,256,529,219,271,490,105,156,261,2217,2082,4299
2020-05-01,362,271,633,147,114,261,209,203,412,281,239,520,238,214,452,199,202,401,231,204,435,280,264,544,227,283,510,105,158,263,2279,2152,4431
2020-05-02,369,287,656,152,120,272,215,205,420,291,244,535,245,219,464,206,204,410,234,208,442,288,265,553,233,295,528,106,161,267,2339,2208,4547
2020-05-03,377,295,672,156,122,278,220,210,430,299,250,549,250,224,474,214,206,420,242,215,457,293,274,567,239,303,542,109,166,275,2399,2265,4664
2020-05-04,395,314,709,161,124,285,228,220,448,308,256,564,256,230,486,223,209,432,250,227,477,307,287,594,247,321,568,111,170,281,2486,2358,4844
2020-05-05,404,323,727,168,125,293,238,229,467,319,268,587,262,241,503,232,214,446,260,234,494,322,294,616,253,334,587,112,180,292,2570,2442,5012
2020-05-06,416,334,750,171,125,296,249,235,484,335,283,618,277,250,527,237,219,456,269,240,509,341,307,648,260,346,606,116,186,302,2671,2525,5196
2020-05-07,431,344,775,178,131,309,262,240,502,347,292,639,291,259,550,241,225,466,276,246,522,357,313,670,266,358,624,117,194,311,2766,2602,5368
2020-05-08,446,357,803,185,136,321,277,247,524,356,306,662,308,269,577,255,229,484,284,257,541,370,322,692,277,370,647,119,206,325,2877,2699,5576
2020-05-09,462,368,830,189,136,325,283,259,542,361,314,675,316,277,593,259,235,494,291,263,554,381,324,705,282,380,662,124,214,338,2948,2770,5718
2020-05-10,469,376,845,190,137,327,290,269,559,366,320,686,320,283,603,262,240,502,299,269,568,389,335,724,287,392,679,125,220,345,2997,2841,5838
2020-05-11,483,391,874,196,142,338,296,276,572,380,332,712,330,295,625,270,245,515,310,275,585,402,344,746,299,409,708,129,234,363,3095,2943,6038
2020-05-12,499,400,899,202,150,352,321,295,616,399,338,737,339,307,646,276,250,526,319,282,601,410,355,765,308,423,731,134,245,379,3207,3045,6252
2020-05-13,522,414,936,212,157,369,338,305,643,412,360,772,355,313,668,285,259,544,326,290,616,419,362,781,316,437,753,135,255,390,3320,3152,6472
2020-05-14,541,435,976,221,166,387,350,322,672,431,377,808,366,321,687,291,269,560,336,301,637,428,371,799,325,450,775,137,270,407,3426,3282,6708
2020-05-15,559,455,1014,229,171,400,357,332,689,443,389,832,375,336,711,302,275,577,346,310,656,434,377,811,335,470,805,142,280,422,3522,3395,6917
2020-05-16,570,470,1040,236,177,413,362,342,704,452,403,855,381,344,725,308,282,590,353,315,668,443,383,826,341,474,815,147,294,441,3593,3484,7077
2020-05-17,586,483,1069,239,183,422,371,350,721,459,410,869,389,355,744,312,285,597,360,322,682,449,388,837,351,486,837,151,298,449,3667,3560,7227
2020-05-18,606,502,1108,247,193,440,394,370,764,480,427,907,400,370,770,326,296,622,373,335,708,467,402,869,368,499,867,152,309,461,3813,3703,7516
2020-05-19,622,519,1141,260,205,465,420,390,810,511,451,962,425,383,808,342,310,652,388,348,736,477,420,897,379,520,899,155,318,473,3979,3864,7843
2020-05-20,646,556,1202,269,221,490,446,410,856,549,468,1017,440,397,837,351,322,673,407,362,769,488,431,919,391,535,926,161,324,485,4148,4026,8174
2020-05-21,674,585,1259,287,227,514,476,432,908,576,489,1065,456,417,873,368,334,702,418,368,786,503,440,943,399,551,950,162,328,490,4319,4171,8490
2020-05-22,706,600,1306,299,240,539,502,458,960,596,515,1111,472,431,903,380,343,723,424,377,801,513,450,963,405,566,971,168,341,509,4465,4321,8786
2020-05-23,724,616,1340,311,254,565,526,474,1000,621,531,1152,482,444,926,388,350,738,436,387,823,522,463,985,414,572,986,170,343,513,4594,4434,9028
2020-05-24,739,635,1374,318,261,579,537,483,1020,635,542,1177,491,448,939,394,354,748,446,393,839,532,471,1003,419,583,1002,172,349,521,4683,4519,9202
2020-05-25,764,656,1420,335,278,613,558,506,1064,647,555,1202,505,458,963,400,361,761,453,399,852,543,475,1018,428,598,1026,174,357,531,4807,4643,9450
2020-05-26,795,683,1478,355,297,652,590,536,1126,691,585,1276,521,483,1004,409,377,786,461,404,865,557,480,1037,438,613,1051,177,367,544,4994,4825,9819
2020-05-27,832,713,1545,369,312,681,609,560,1169,714,601,1315,538,493,1031,427,389,816,470,413,883,564,492,1056,442,628,1070,181,369,550,5146,4970,10116
2020-05-28,857,750,1607,386,323,709,633,588,1221,735,622,1357,562,513,1075,438,406,844,480,425,905,574,498,1072,456,645,1101,185,383,568,5306,5153,10459
2020-05-29,890,776,1666,409,340,749,669,617,1286,763,659,1422,589,533,1122,452,422,874,494,436,930,589,509,1098,470,661,1131,187,387,574,5512,5340,10852
2020-05-30,915,797,1712,423,349,772,703,640,1343,798,673,1471,601,549,1150,464,434,898,500,442,942,599,520,1119,478,671,1149,188,394,582,5669,5469,11138
2020-05-31,938,810,1748,433,358,791,719,650,1369,810,682,1492,614,555,1169,469,442,911,508,446,954,610,526,1136,483,681,1164,189,402,591,5773,5552,11325
2020-06-01,967,833,1800,451,373,824,745,686,1431,836,713,1549,630,572,1202,483,454,937,529,459,988,622,534,1156,488,691,1179,194,406,600,5945,5721,11666
2020-06-02,1005,857,1862,471,394,865,777,711,1488,856,738,1594,647,590,1237,493,466,959,545,467,1012,643,545,1188,495,705,1200,198,417,615,6130,5890,12020
2020-06-03,1038,875,1913,485,418,903,801,737,1538,881,772,1653,660,613,1273,502,476,978,559,481,1040,661,556,1217,505,721,1226,200,426,626,6292,6075,12367
2020-06-04,1068,900,1968,502,438,940,832,763,1595,898,795,1693,678,629,1307,525,491,1016,568,487,1055,680,569,1249,515,737,1252,203,435,638,6469,6244,12713
2020-06-05,1104,935,2039,515,456,971,866,786,1652,925,833,1758,705,653,1358,546,514,1060,581,502,1083,696,581,1277,527,757,1284,206,444,650,6671,6461,13132
2020-06-06,1127,956,2083,529,468,997,886,802,1688,951,858,1809,718,666,1384,559,523,1082,592,512,1104,707,590,1297,537,774,1311,208,453,661,6814,6602,13416
2020-06-07,1145,978,2123,542,479,1021,905,816,1721,968,871,1839,733,674,1407,569,530,1099,599,517,1116,715,596,1311,548,786,1334,210,461,671,6934,6708,13642
2020-06-08,1171,1009,2180,561,499,1060,939,841,1780,1005,899,1904,765,694,1459,588,547,1135,612,528,1140,731,612,1343,558,803,1361,214,468,682,7144,6900,14044
2020-06-09,1221,1039,2260,585,522,1107,956,875,1831,1030,927,1957,795,714,1509,604,553,1157,624,535,1159,739,627,1366,570,829,1399,217,479,696,7341,7100,14441
2020-06-10,1243,1065,2308,599,539,1138,993,894,1887,1058,964,2022,824,733,1557,625,573,1198,643,547,1190,758,651,1409,576,849,1425,223,493,716,7542,7308,14850
2020-06-11,1275,1101,2376,612,556,1168,1021,922,1943,1093,990,2083,839,757,1596,640,595,1235,654,568,1222,774,666,1440,583,874,1457,226,507,733,7717,7536,15253
2020-06-12,1310,1143,2453,621,580,1201,1068,953,2021,1136,1035,2171,871,787,1658,656,611,1267,676,584,1260,790,680,1470,589,894,1483,230,516,746,7947,7783,15730
2020-06-13,1343,1169,2512,642,600,1242,1100,984,2084,1168,1057,2225,878,807,1685,671,624,1295,686,589,1275,803,688,1491,595,909,1504,232,523,755,8118,7950,16068
2020-06-14,1362,1192,2554,661,617,1278,1122,1003,2125,1187,1073,2260,894,818,1712,681,641,1322,696,593,1289,806,700,1506,608,930,1538,233,531,764,8250,8098,16348
2020-06-15,1390,1222,2612,685,633,1318,1150,1031,2181,1208,1094,2302,913,831,1744,693,651,1344,708,596,1304,819,709,1528,614,946,1560,235,541,776,8415,8254,16669
2020-06-16,1437,1279,2716,705,653,1358,1206,1072,2278,1256,1125,2381,948,855,1803,713,668,1381,723,609,1332,834,715,1549,626,968,1594,238,555,793,8686,8499,17185
2020-06-17,1476,1315,2791,723,678,1401,1255,1107,2362,1293,1169,2462,980,875,1855,739,683,1422,738,621,1359,843,734,1577,643,983,1626,240,564,804,8930,8729,17659
2020-06-18,1519,1355,2874,738,691,1429,1307,1144,2451,1342,1220,2562,1021,894,1915,770,704,1474,757,638,1395,855,751,1606,659,1006,1665,242,575,817,9210,8978,18188
2020-06-19,1571,1383,2954,751,715,1466,1339,1178,2517,1400,1256,2656,1057,929,1986,805,722,1527,785,658,1443,875,769,1644,676,1024,1700,249,588,837,9508,9222,18730
2020-06-20,1601,1413,3014,767,735,1502,1372,1200,2572,1435,1282,2717,1080,956,2036,822,741,1563,801,672,1473,885,778,1663,683,1039,1722,253,593,846,9699,9409,19108
2020-06-21,1631,1432,3063,783,752,1535,1398,1228,2626,1455,1308,2763,1096,963,2059,836,750,1586,809,682,1491,895,784,1679,690,1048,1738,254,600,854,9847,9547,19394
2020-06-22,1676,1470,3146,810,777,1587,1432,1268,2700,1502,1335,2837,1126,993,2119,859,775,1634,826,702,1528,913,799,1712,696,1070,1766,256,612,868,10096,9801,19897
2020-06-23,1721,1509,3230,838,808,1646,1480,1305,2785,1557,1379,2936,1159,1028,2187,875,807,1682,843,722,1565,924,811,1735,708,1085,1793,258,618,876,10363,10072,20435
2020-06-24,1759,1547,3306,864,829,1693,1524,1349,2873,1593,1427,3020,1191,1056,2247,898,834,1732,854,739,1593,934,824,1758,722,1099,1821,260,623,883,10599,10327,20926
2020-06-25,1805,1599,3404,896,866,1762,1563,1386,2949,1634,1460,3094,1230,1090,2320,934,864,1798,863,753,1616,944,838,1782,731,1111,1842,265,628,893,10865,10595,21460
2020-06-26,1846,1630,3476,929,889,1818,1616,1430,3046,1673,1501,3174,1263,1120,2383,950,886,1836,885,770,1655,954,854,1808,742,1130,1872,266,637,903,11124,10847,21971
2020-06-27,1895,1682,3577,956,924,1880,1652,1471,3123,1705,1536,3241,1290,1140,2430,970,896,1866,902,776,1678,957,868,1825,750,1137,1887,270,643,913,11347,11073,22420
2020-06-28,1934,1702,3636,970,940,1910,1666,1507,3173,1736,1562,3298,1307,1158,2465,988,909,1897,912,782,1694,965,876,1841,758,1149,1907,276,650,926,11512,11235,22747
2020-06-29,1973,1746,3719,1000,977,1977,1708,1546,3254,1786,1597,3383,1331,1183,2514,1003,940,1943,936,793,1729,978,892,1870,771,1165,1936,279,657,936,11765,11496,23261
2020-06-30,2003,1784,3787,1011,1003,2014,1758,1581,3339,1819,1637,3456,1364,1215,2579,1030,964,1994,957,802,1759,996,902,1898,778,1183,1961,281,668,949,11997,11739,23736
2020-07-01,2044,1816,3860,1028,1030,2058,1813,1624,3437,1859,1668,3527,1392,1245,2637,1056,992,2048,974,816,1790,1010,914,1924,787,1203,1990,284,674,958,12247,11982,24229
2020-07-02,2092,1866,3958,1052,1059,2111,1858,1672,3530,1907,1711,3618,1430,1274,2704,1074,1014,2088,992,827,1819,1020,928,1948,800,1214,2014,287,679,966,12512,12244,24756
2020-07-03,2140,1901,4041,1080,1079,2159,1898,1706,3604,1954,1762,3716,1455,1307,2762,1097,1035,2132,1012,840,1852,1030,944,1974,809,1231,2040,291,683,974,12766,12488,25254
2020-07-04,2172,1936,4108,1099,1101,2200,1933,1742,3675,1981,1790,3771,1482,1324,2806,1117,1048,2165,1021,848,1869,1040,959,1999,814,1242,2056,294,690,984,12953,12680,25633
2020-07-05,2195,1969,4164,1120,1113,2233,1962,1775,3737,2009,1823,3832,1493,1347,2840,1134,1065,2199,1038,863,1901,1055,973,2028,823,1256,2079,298,698,996,13127,12882,26009
2020-07-06,2226,2003,4229,1139,1129,2268,2005,1816,3821,2064,1852,3916,1526,1378,2904,1164,1088,2252,1059,887,1946,1073,1001,2074,833,1279,2112,301,707,1008,13390,13140,26530
2020-07-07,2270,2066,4336,1164,1155,2319,2060,1864,3924,2117,1894,4011,1553,1410,2963,1194,1109,2303,1078,904,1982,1085,1013,2098,843,1300,2143,308,719,1027,13672,13434,27106
2020-07-08,2311,2096,4407,1193,1184,2377,2114,1903,4017,2155,1934,4089,1597,1452,3049,1215,1141,2356,1097,922,2019,1101,1034,2135,855,1315,2170,312,733,1045,13950,13714,27664
2020-07-09,2342,2118,4460,1208,1198,2406,2143,1931,4074,2193,1961,4154,1629,1478,3107,1228,1154,2382,1107,938,2045,1110,1057,2167,859,1330,2189,319,740,1059,14138,13905,28043
2020-07-10,2369,2139,4508,1229,1220,2449,2172,1961,4133,2223,1994,4217,1654,1500,3154,1244,1170,2414,1127,954,2081,1126,1069,2195,872,1347,2219,320,750,1070,14336,14104,28440
2020-07-11,2397,2177,4574,1250,1231,2481,2192,1990,4182,2248,2027,4275,1677,1527,3204,1259,1191,2450,1147,967,2114,1139,1087,2226,875,1366,2241,322,759,1081,14506,14322,28828
2020-07-12,2421,2194,4615,1266,1240,2506,2213,2011,4224,2273,2043,4316,1692,1539,3231,1269,1201,2470,1157,978,2135,1148,1094,2242,881,1377,2258,326,765,1091,14646,14442,29088
2020-07-13,2454,2236,4690,1293,1263,2556,2255,2053,4308,2313,2086,4399,1733,1575,3308,1297,1235,2532,1189,1004,2193,1168,1129,2297,894,1423,2317,328,790,1118,14924,14794,29718
2020-07-14,2494,2272,4766,1322,1283,2605,2290,2082,4372,2377,2126,4503,1772,1611,3383,1329,1255,2584,1211,1030,2241,1187,1157,2344,900,1440,2340,335,804,1139,15217,15060,30277
2020-07-15,2527,2313,4840,1358,1308,2666,2330,2145,4475,2439,2182,4621,1813,1654,3467,1355,1287,2642,1234,1054,2288,1199,1176,2375,914,1455,2369,342,809,1151,15511,15383,30894
2020-07-16,2572,2339,4911,1379,1343,2722,2380,2204,4584,2498,2223,4721,1850,1700,3550,1384,1320,2704,1252,1071,2323,1215,1194,2409,932,1486,2418,344,825,1169,15806,15705,31511
2020-07-17,2618,2378,4996,1404,1366,2770,2411,2251,4662,2539,2276,4815,1891,1753,3644,1414,1358,2772,1279,1101,2380,1233,1212,2445,948,1506,2454,348,835,1183,16085,16036,32121
2020-07-18,2646,2406,5052,1424,1383,2807,2453,2290,4743,2573,2320,4893,1919,1786,3705,1440,1382,2822,1306,1123,2429,1244,1223,2467,963,1527,2490,350,841,1191,16318,16281,32599
2020-07-19,2676,2441,5117,1438,1403,2841,2479,2316,4795,2600,2354,4954,1945,1812,3757,1465,1406,2871,1321,1135,2456,1258,1232,2490,974,1544,2518,352,847,1199,16508,16490,32998
2020-07-20,2730,2488,5218,1475,1437,2912,2534,2368,4902,2653,2421,5074,1990,1879,3869,1500,1448,2948,1351,1172,2523,1279,1258,2537,996,1565,2561,355,858,1213,16863,16894,33757
2020-07-21,2772,2522,5294,1501,1460,2961,2585,2415,5000,2716,2473,5189,2035,1923,3958,1536,1482,3018,1377,1201,2578,1301,1283,2584,1009,1591,2600,360,868,1228,17192,17218,34410
2020-07-22,2833,2559,5392,1524,1486,3010,2655,2473,5128,2776,2531,5307,2088,1972,4060,1567,1515,3082,1395,1224,2619,1327,1304,2631,1023,1624,2647,361,878,1239,17549,17566,35115
2020-07-23,2883,2603,5486,1550,1517,3067,2714,2528,5242,2833,2595,5428,2127,2010,4137,1599,1542,3141,1413,1251,2664,1344,1324,2668,1031,1645,2676,368,887,1255,17862,17902,35764
2020-07-24,2923,2646,5569,1574,1540,3114,2777,2580,5357,2888,2665,5553,2173,2050,4223,1631,1566,3197,1444,1265,2709,1358,1347,2705,1042,1670,2712,370,901,1271,18180,18230,36410
2020-07-25,2963,2683,5646,1602,1557,3159,2815,2625,5440,2934,2712,5646,2204,2083,4287,1644,1580,3224,1460,1283,2743,1372,1362,2734,1054,1686,2740,375,905,1280,18423,18476,36899
2020-07-26,2995,2714,5709,1617,1573,3190,2838,2646,5484,2960,2743,5703,2236,2098,4334,1662,1600,3262,1472,1294,2766,1386,1375,2761,1062,1705,2767,380,911,1291,18608,18659,37267
2020-07-27,3031,2753,5784,1648,1600,3248,2890,2691,5581,3016,2788,5804,2283,2147,4430,1693,1641,3334,1498,1322,2820,1404,1397,2801,1079,1725,2804,385,931,1316,18927,18995,37922
2020-07-28,3075,2790,5865,1676,1625,3301,2958,2768,5726,3074,2837,5911,2327,2192,4519,1734,1687,3421,1532,1351,2883,1418,1426,2844,1089,1750,2839,390,951,1341,19273,19377,38650
2020-07-29,3121,2835,5956,1705,1660,3365,3022,2823,5845,3134,2892,6026,2387,2243,4630,1768,1734,3502,1560,1386,2946,1441,1451,2892,1107,1780,2887,397,975,1372,19642,19779,39421
2020-07-30,3172,2877,6049,1741,1702,3443,3106,2888,5994,3203,2958,6161,2448,2291,4739,1813,1776,3589,1586,1414,3000,1458,1470,2928,1115,1799,2914,398,981,1379,20040,20156,40196
2020-07-31,3212,2927,6139,1760,1730,3490,3163,2959,6122,3281,3028,6309,2502,2330,4832,1852,1816,3668,1609,1448,3057,1479,1497,2976,1126,1827,2953,404,999,1403,20388,20561,40949
2020-08-01,3243,2959,6202,1777,1757,3534,3192,3003,6195,3317,3072,6389,2531,2372,4903,1882,1844,3726,1629,1457,3086,1499,1514,3013,1138,1849,2987,405,1010,1415,20613,20837,41450
2020-08-02,3280,2988,6268,1797,1778,3575,3221,3029,6250,3352,3108,6460,2554,2410,4964,1902,1869,3771,1641,1475,3116,1506,1531,3037,1150,1864,3014,407,1017,1424,20810,21069,41879
2020-08-03,3333,3040,6373,1828,1811,3639,3276,3088,6364,3413,3157,6570,2595,2465,5060,1935,1902,3837,1670,1501,3171,1517,1553,3070,1164,1897,3061,412,1031,1443,21143,21445,42588
2020-08-04,3384,3079,6463,1864,1849,3713,3346,3138,6484,3485,3216,6701,2655,2509,5164,1977,1938,3915,1695,1523,3218,1534,1578,3112,1181,1928,3109,417,1046,1463,21538,21804,43342
2020-08-05,3432,3124,6556,1904,1877,3781,3407,3187,6594,3538,3279,6817,2696,2553,5249,2017,1985,4002,1725,1553,3278,1558,1599,3157,1196,1948,3144,420,1054,1474,21893,22159,44052
2020-08-06,3476,3165,6641,1930,1914,3844,3467,3252,6719,3598,3348,6946,2752,2610,5362,2052,2028,4080,1753,1576,3329,1578,1620,3198,1212,1972,3184,425,1067,1492,22243,22552,44795
2020-08-07,3533,3213,6746,1960,1943,3903,3529,3313,6842,3665,3406,7071,2796,2672,5468,2092,2058,4150,1772,1603,3375,1599,1650,3249,1225,2009,3234,430,1090,1520,22601,22957,45558
2020-08-08,3573,3246,6819,1981,1966,3947,3569,3353,6922,3728,3463,7191,2834,2714,5548,2123,2090,4213,1792,1625,3417,1613,1676,3289,1236,2030,3266,431,1110,1541,22880,23273,46153
2020-08-09,3606,3281,6887,1997,1979,3976,3601,3394,6995,3772,3499,7271,2864,2757,5621,2153,2124,4277,1811,1644,3455,1630,1699,3329,1251,2076,3327,435,1127,1562,23120,23580,46700
2020-08-10,3662,3328,6990,2030,2011,4041,3676,3456,7132,3845,3553,7398,2923,2812,5735,2194,2167,4361,1833,1663,3496,1646,1725,3371,1264,2100,3364,439,1139,1578,23512,23954,47466
2020-08-11,3710,3369,7079,2069,2036,4105,3747,3521,7268,3927,3624,7551,2989,2876,5865,2239,2211,4450,1864,1693,3557,1672,1757,3429,1279,2126,3405,446,1151,1597,23942,24364,48306
2020-08-12,3752,3417,7169,2109,2070,4179,3807,3600,7407,3980,3717,7697,3048,2937,5985,2279,2254,4533,1894,1721,3615,1687,1784,3471,1290,2146,3436,451,1167,1618,24297,24813,49110
2020-08-13,3784,3461,7245,2152,2101,4253,3886,3679,7565,4071,3818,7889,3103,2997,6100,2330,2302,4632,1916,1755,3671,1715,1802,3517,1301,2172,3473,455,1182,1637,24713,25269,49982
2020-08-14,3813,3494,7307,2176,2130,4306,3973,3762,7735,4143,3902,8045,3169,3046,6215,2376,2349,4725,1948,1788,3736,1740,1834,3574,1313,2193,3506,458,1194,1652,25109,25692,50801
2020-08-15,3862,3520,7382,2216,2158,4374,4022,3821,7843,4196,3967,8163,3204,3101,6305,2407,2379,4786,1973,1812,3785,1755,1866,3621,1322,2239,3561,462,1211,1673,25419,26074,51493
2020-08-16,3897,3543,7440,2231,2171,4402,4069,3861,7930,4237,4008,8245,3226,3135,6361,2429,2402,4831,1986,1836,3822,1771,1882,3653,1331,2271,3602,466,1233,1699,25643,26342,51985
2020-08-17,3931,3562,7493,2258,2193,4451,4120,3913,8033,4296,4064,8360,3269,3183,6452,2465,2451,4916,2002,1874,3876,1790,1897,3687,1340,2291,3631,466,1246,1712,25937,26674,52611
2020-08-18,3981,3609,7590,2291,2217,4508,4182,3970,8152,4380,4146,8526,3318,3234,6552,2497,2516,5013,2024,1908,3932,1814,1925,3739,1350,2310,3660,466,1263,1729,26303,27098,53401
2020-08-19,4033,3653,7686,2318,2249,4567,4235,4043,8278,4449,4215,8664,3363,3288,6651,2536,2554,5090,2044,1937,3981,1833,1957,3790,1364,2348,3712,470,1279,1749,26645,27523,54168
2020-08-20,4063,3688,7751,2345,2276,4621,4298,4112,8410,4504,4285,8789,3398,3340,6738,2575,2591,5166,2071,1970,4041,1848,1978,3826,1380,2371,3751,473,1292,1765,26955,27903,54858
2020-08-21,4095,3740,7835,2380,2306,4686,4350,4178,8528,4571,4365,8936,3455,3393,6848,2619,2642,5261,2106,2006,4112,1873,2015,3888,1395,2408,3803,478,1301,1779,27322,28354,55676
2020-08-22,4116,3762,7878,2408,2327,4735,4394,4217,8611,4612,4427,9039,3495,3428,6923,2646,2664,5310,2134,2031,4165,1889,2039,3928,1405,2422,3827,481,1316,1797,27580,28633,56213
2020-08-23,4144,3796,7940,2425,2344,4769,4423,4248,8671,4646,4468,9114,3525,3453,6978,2672,2695,5367,2152,2053,4205,1899,2061,3960,1417,2429,3846,486,1321,1807,27789,28868,56657
2020-08-24,4197,3846,8043,2452,2373,4825,4478,4319,8797,4715,4539,9254,3577,3519,7096,2724,2733,5457,2180,2088,4268,1920,2087,4007,1432,2451,3883,491,1340,1831,28166,29295,57461
2020-08-25,4232,3887,8119,2488,2401,4889,4540,4404,8944,4788,4623,9411,3626,3569,7195,2759,2781,5540,2202,2119,4321,1936,2106,4042,1447,2482,3929,497,1356,1853,28515,29728,58243
2020-08-26,4282,3915,8197,2518,2436,4954,4617,4477,9094,4858,4691,9549,3674,3629,7303,2801,2829,5630,2234,2147,4381,1958,2135,4093,1465,2513,3978,500,1371,1871,28907,30143,59050
2020-08-27,4332,3951,8283,2560,2475,5035,4697,4545,9242,4934,4762,9696,3736,3693,7429,2851,2871,5722,2256,2181,4437,1985,2161,4146,1482,2545,4027,505,1392,1897,29338,30576,59914
2020-08-28,4375,3992,8367,2608,2505,5113,4788,4633,9421,5006,4843,9849,3800,3763,7563,2901,2939,5840,2282,2221,4503,2018,2191,4209,1495,2567,4062,509,1402,1911,29782,31056,60838
2020-08-29,4405,4013,8418,2627,2525,5152,4852,4690,9542,5058,4921,9979,3851,3810,7661,2935,2972,5907,2313,2243,4556,2036,2210,4246,1505,2591,4096,512,1418,1930,30094,31393,61487
2020-08-30,4431,4050,8481,2653,2547,5200,4901,4733,9634,5109,4959,10068,3897,3853,7750,2965,3002,5967,2330,2265,4595,2049,2228,4277,1512,2605,4117,515,1423,1938,30362,31665,62027
2020-08-31,4474,4082,8556,2689,2579,5268,4976,4801,9777,5175,5033,10208,3953,3915,7868,2998,3042,6040,2360,2306,4666,2077,2259,4336,1532,2646,4178,517,1437,1954,30751,32100,62851
2020-09-01,4517,4127,8644,2718,2624,5342,5048,4876,9924,5272,5117,10389,4022,3964,7986,3033,3106,6139,2385,2335,4720,2094,2286,4380,1547,2689,4236,524,1452,1976,31160,32576,63736
2020-09-02,4557,4154,8711,2743,2651,5394,5098,4947,10045,5335,5202,10537,4074,4011,8085,3074,3148,6222,2405,2360,4765,2121,2311,4432,1564,2720,4284,528,1480,2008,31499,32984,64483
2020-09-03,4598,4187,8785,2782,2681,5463,5176,5031,10207,5434,5295,10729,4135,4067,8202,3119,3189,6308,2433,2394,4827,2141,2338,4479,1577,2748,4325,532,1489,2021,31927,33419,65346
2020-09-04,4640,4233,8873,2814,2718,5532,5244,5103,10347,5508,5376,10884,4196,4142,8338,3156,3237,6393,2468,2436,4904,2169,2365,4534,1591,2775,4366,536,1505,2041,32322,33890,66212
2020-09-05,4671,4262,8933,2835,2735,5570,5299,5153,10452,5566,5456,11022,4240,4203,8443,3182,3274,6456,2498,2465,4963,2188,2383,4571,1606,2796,4402,538,1512,2050,32623,34239,66862
2020-09-06,4698,4291,8989,2853,2752,5605,5324,5195,10519,5605,5497,11102,4272,4237,8509,3200,3306,6506,2516,2490,5006,2198,2407,4605,1619,2813,4432,539,1521,2060,32824,34509,67333
2020-09-07,4731,4329,9060,2884,2788,5672,5401,5283,10684,5688,5576,11264,4330,4309,8639,3244,3374,6618,2557,2526,5083,2214,2433,4647,1633,2847,4480,546,1535,2081,33228,35000,68228
2020-09-08,4769,4367,9136,2916,2822,5738,5469,5357,10826,5776,5664,11440,4385,4368,8753,3296,3432,6728,2589,2572,5161,2244,2461,4705,1651,2874,4525,552,1556,2108,33647,35473,69120
2020-09-09,4816,4403,9219,2944,2863,5807,5542,5424,10966,5852,5737,11589,4448,4427,8875,3344,3481,6825,2623,2618,5241,2268,2491,4759,1666,2912,4578,553,1575,2128,34056,35931,69987
2020-09-10,4852,4426,9278,2985,2892,5877,5626,5502,11128,5944,5836,11780,4523,4492,9015,3386,3531,6917,2650,2649,5299,2293,2518,4811,1678,2947,4625,555,1591,2146,34492,36384,70876
2020-09-11,4892,4462,9354,3033,2922,5955,5698,5564,11262,6016,5922,11938,4582,4563,9145,3432,3596,7028,2689,2682,5371,2320,2547,4867,1696,2977,4673,558,1601,2159,34916,36836,71752
2020-09-12,4922,4486,9408,3057,2946,6003,5737,5611,11348,6059,5982,12041,4611,4604,9215,3464,3636,7100,2717,2712,5429,2343,2570,4913,1708,3009,4717,560,1614,2174,35178,37170,72348
2020-09-13,4956,4514,9470,3075,2962,6037,5779,5660,11439,6102,6041,12143,4637,4638,9275,3493,3665,7158,2748,2740,5488,2358,2581,4939,1711,3023,4734,565,1623,2188,35424,37447,72871
2020-09-14,4996,4556,9552,3111,2998,6109,5846,5753,11599,6177,6119,12296,4687,4704,9391,3550,3721,7271,2792,2788,5580,2385,2612,4997,1730,3042,4772,566,1633,2199,35840,37926,73766
2020-09-15,5045,4586,9631,3137,3016,6153,5911,5803,11714,6245,6216,12461,4736,4757,9493,3584,3768,7352,2833,2830,5663,2409,2648,5057,1746,3078,4824,567,1645,2212,36213,38347,74560
2020-09-16,5101,4631,9732,3185,3064,6249,5994,5898,11892,6310,6304,12614,4799,4821,9620,3628,3819,7447,2868,2868,5736,2432,2670,5102,1762,3108,4870,570,1657,2227,36649,38840,75489
2020-09-17,5141,4669,9810,3216,3112,6328,6061,5963,12024,6374,6377,12751,4862,4899,9761,3684,3881,7565,2907,2909,5816,2461,2698,5159,1777,3127,4904,573,1661,2234,37056,39296,76352
2020-09-18,5186,4720,9906,3242,3158,6400,6129,6047,12176,6465,6483,12948,4915,4962,9877,3727,3932,7659,2936,2958,5894,2496,2725,5221,1789,3152,4941,576,1674,2250,37461,39811,77272
2020-09-19,5204,4758,9962,3261,3191,6452,6164,6083,12247,6506,6532,13038,4944,4994,9938,3751,3955,7706,2970,2987,5957,2516,2747,5263,1804,3172,4976,579,1681,2260,37699,40100,77799
2020-09-20,5234,4790,10024,3289,3221,6510,6198,6121,12319,6551,6567,13118,4975,5029,10004,3772,3985,7757,2985,3009,5994,2537,2765,5302,1808,3190,4998,582,1689,2271,37931,40366,78297
2020-09-21,5276,4831,10107,3319,3261,6580,6265,6177,12442,6617,6653,13270,5026,5089,10115,3813,4023,7836,3022,3049,6071,2564,2793,5357,1820,3207,5027,583,1699,2282,38305,40782,79087
2020-09-22,5329,4880,10209,3361,3308,6669,6334,6258,12592,6682,6730,13412,5089,5136,10225,3865,4073,7938,3062,3078,6140,2594,2826,5420,1832,3242,5074,586,1712,2298,38734,41243,79977
2020-09-23,5379,4917,10296,3388,3340,6728,6383,6338,12721,6748,6808,13556,5135,5194,10329,3906,4120,8026,3099,3119,6218,2614,2865,5479,1843,3267,5110,588,1724,2312,39083,41692,80775
2020-09-24,5431,4965,10396,3433,3383,6816,6462,6402,12864,6833,6889,13722,5197,5254,10451,3944,4162,8106,3117,3175,6292,2633,2894,5527,1866,3294,5160,595,1746,2341,39511,42164,81675
2020-09-25,5477,4996,10473,3464,3412,6876,6527,6471,12998,6900,6956,13856,5259,5308,10567,3986,4208,8194,3152,3219,6371,2654,2922,5576,1886,3319,5205,595,1759,2354,39900,42570,82470
2020-09-26,5503,5022,10525,3495,3436,6931,6568,6510,13078,6950,6998,13948,5300,5348,10648,4013,4252,8265,3179,3241,6420,2674,2938,5612,1896,3339,5235,601,1768,2369,40179,42852,83031
2020-09-27,5535,5054,10589,3512,3462,6974,6614,6562,13176,6987,7041,14028,5343,5383,10726,4042,4283,8325,3203,3261,6464,2680,2956,5636,1905,3353,5258,603,1774,2377,40424,43129,83553
2020-09-28,5581,5091,10672,3544,3493,7037,6674,6622,13296,7062,7113,14175,5416,5428,10844,4101,4346,8447,3252,3290,6542,2702,2986,5688,1922,3380,5302,607,1794,2401,40861,43543,84404
2020-09-29,5638,5137,10775,3590,3543,7133,6754,6686,13440,7154,7205,14359,5484,5484,10968,4144,4391,8535,3297,3338,6635,2733,3037,5770,1945,3420,5365,609,1817,2426,41348,44058,85406
2020-09-30,5690,5184,10874,3625,3584,7209,6830,6767,13597,7227,7274,14501,5540,5540,11080,4196,4446,8642,3337,3388,6725,2766,3068,5834,1955,3445,5400,614,1826,2440,41780,44522,86302
2020-10-01,5740,5244,10984,3660,3645,7305,6907,6856,13763,7313,7362,14675,5595,5607,11202,4241,4489,8730,3379,3433,6812,2798,3119,5917,1968,3465,5433,618,1837,2455,42219,45057,87276
2020-10-02,5807,5304,11111,3697,3685,7382,6974,6942,13916,7380,7456,14836,5648,5674,11322,4293,4534,8827,3424,3478,6902,2828,3160,5988,1982,3502,5484,622,1852,2474,42655,45587,88242
2020-10-03,5837,5335,11172,3721,3721,7442,7026,6992,14018,7431,7507,14938,5689,5713,11402,4331,4566,8897,3443,3508,6951,2849,3178,6027,1989,3522,5511,626,1858,2484,42942,45900,88842
2020-10-04,5871,5369,11240,3745,3746,7491,7071,7043,14114,7466,7546,15012,5728,5751,11479,4359,4595,8954,3464,3529,6993,2864,3195,6059,1998,3546,5544,629,1861,2490,43195,46181,89376
2020-10-05,5900,5413,11313,3777,3778,7555,7132,7108,14240,7560,7628,15188,5811,5811,11622,4410,4649,9059,3524,3570,7094,2898,3242,6140,2019,3576,5595,632,1868,2500,43663,46643,90306
2020-10-06,5940,5468,11408,3820,3820,7640,7198,7170,14368,7643,7699,15342,5898,5867,11765,4463,4698,9161,3565,3613,7178,2930,3279,6209,2038,3604,5642,638,1879,2517,44133,47097,91230
2020-10-07,5993,5507,11500,3851,3853,7704,7274,7250,14524,7731,7796,15527,5958,5938,11896,4503,4768,9271,3613,3663,7276,2962,3316,6278,2057,3635,5692,646,1885,2531,44588,47611,92199
2020-10-08,6045,5546,11591,3891,3885,7776,7348,7329,14677,7806,7887,15693,6024,6000,12024,4548,4825,9373,3653,3703,7356,2995,3353,6348,2071,3663,5734,651,1909,2560,45032,48100,93132
2020-10-09,6084,5602,11686,3945,3938,7883,7408,7431,14839,7902,7998,15900,6082,6076,12158,4604,4894,9498,3691,3750,7441,3022,3395,6417,2083,3690,5773,655,1924,2579,45476,48698,94174
2020-10-10,6110,5640,11750,3981,3969,7950,7474,7495,14969,7965,8067,16032,6132,6134,12266,4647,4946,9593,3729,3784,7513,3039,3425,6464,2100,3712,5812,665,1937,2602,45842,49109,94951
2020-10-11,6148,5672,11820,4003,3993,7996,7521,7562,15083,8025,8142,16167,6184,6182,12366,4685,4978,9663,3771,3824,7595,3058,3456,6514,2116,3737,5853,667,1946,2613,46178,49492,95670
2020-10-12,6184,5709,11893,4050,4033,8083,7602,7654,15256,8108,8232,16340,6250,6263,12513,4736,5054,9790,3832,3869,7701,3099,3504,6603,2140,3786,5926,669,1966,2635,46670,50070,96740
2020-10-13,6253,5769,12022,4110,4086,8196,7730,7776,15506,8225,8377,16602,6326,6360,12686,4824,5152,9976,3895,3927,7822,3140,3564,6704,2171,3838,6009,677,1990,2667,47351,50839,98190
2020-10-14,6316,5822,12138,4152,4148,8300,7835,7912,15747,8340,8514,16854,6401,6457,12858,4891,5230,10121,3955,3981,7936,3193,3624,6817,2194,3873,6067,677,2010,2687,47954,51571,99525
2020-10-15,6373,5870,12243,4209,4210,8419,7957,8047,16004,8479,8660,17139,6516,6584,13100,4975,5326,10301,4022,4062,8084,3232,3680,6912,2213,3913,6126,685,2025,2710,48661,52377,101038
2020-10-16,6448,5921,12369,4268,4283,8551,8108,8220,16328,8630,8792,17422,6634,6710,13344,5062,5430,10492,4083,4132,8215,3277,3740,7017,2241,3965,6206,688,2059,2747,49439,53252,102691
2020-10-17,6480,5957,12437,4305,4331,8636,8208,8310,16518,8725,8910,17635,6714,6798,13512,5108,5486,10594,4127,4190,8317,3319,3782,7101,2255,3997,6252,692,2074,2766,49933,53835,103768
2020-10-18,6512,5989,12501,4333,4363,8696,8250,8368,16618,8790,8996,17786,6748,6853,13601,5152,5527,10679,4158,4219,8377,3344,3822,7166,2266,4037,6303,693,2086,2779,50246,54260,104506
2020-10-19,6595,6050,12645,4395,4435,8830,8383,8536,16919,8939,9169,18108,6888,7011,13899,5247,5627,10874,4242,4301,8543,3398,3890,7288,2292,4089,6381,696,2102,2798,51075,55210,106285
2020-10-20,6661,6125,12786,4469,4500,8969,8537,8684,17221,9078,9323,18401,7004,7164,14168,5339,5728,11067,4315,4369,8684,3439,3944,7383,2327,4137,6464,697,2125,2822,51866,56099,107965
2020-10-21,6711,6165,12876,4555,4560,9115,8646,8834,17480,9192,9438,18630,7099,7268,14367,5415,5793,11208,4380,4428,8808,3474,3992,7466,2348,4186,6534,700,2144,2844,52520,56808,109328
2020-10-22,6759,6209,12968,4629,4637,9266,8742,8958,17700,9288,9555,18843,7194,7377,14571,5482,5882,11364,4433,4489,8922,3504,4037,7541,2375,4228,6603,705,2166,2871,53111,57538,110649
2020-10-23,6804,6250,13054,4681,4684,9365,8824,9057,17881,9372,9659,19031,7260,7473,14733,5548,5943,11491,4479,4553,9032,3548,4079,7627,2400,4247,6647,710,2191,2901,53626,58136,111762
2020-10-24,6831,6281,13112,4707,4727,9434,8888,9111,17999,9427,9723,19150,7311,7527,14838,5591,5986,11577,4504,4587,9091,3575,4109,7684,2409,4270,6679,715,2204,2919,53958,58525,112483
2020-10-25,6874,6313,13187,4729,4760,9489,8954,9184,18138,9490,9819,19309,7367,7585,14952,5642,6047,11689,4539,4625,9164,3601,4142,7743,2417,4289,6706,719,2207,2926,54332,58971,113303
2020-10-26,6929,6359,13288,4796,4816,9612,9051,9304,18355,9602,9955,19557,7443,7692,15135,5716,6140,11856,4588,4688,9276,3645,4197,7842,2435,4337,6772,723,2228,2951,54928,59716,114644
2020-10-27,6973,6413,13386,4848,4865,9713,9172,9432,18604,9710,10072,19782,7552,7786,15338,5794,6242,12036,4662,4773,9435,3692,4252,7944,2454,4368,6822,726,2237,2963,55583,60440,116023
2020-10-28,7027,6468,13495,4894,4913,9807,9262,9566,18828,9823,10196,20019,7616,7870,15486,5867,6332,12199,4722,4828,9550,3725,4290,8015,2466,4401,6867,730,2251,2981,56132,61115,117247
2020-10-29,7069,6505,13574,4934,4966,9900,9395,9679,19074,9955,10330,20285,7696,7971,15667,5923,6403,12326,4778,4894,9672,3754,4326,8080,2484,4429,6913,732,2260,2992,56720,61763,118483
2020-10-30,7115,6538,13653,4973,5021,9994,9485,9810,19295,10062,10447,20509,7783,8058,15841,5976,6472,12448,4828,4955,9783,3779,4360,8139,2503,4460,6963,737,2277,3014,57241,62398,119639
2020-10-31,7148,6564,13712,4995,5052,10047,9547,9873,19420,10122,10536,20658,7829,8116,15945,6014,6512,12526,4863,4999,9862,3805,4385,8190,2510,4476,6986,740,2281,3021,57573,62794,120367
2020-11-01,7199,6604,13803,5028,5106,10134,9616,9958,19574,10198,10628,20826,7899,8180,16079,6058,6575,12633,4900,5054,9954,3833,4413,8246,2520,4499,7019,743,2286,3029,57994,63303,121297
2020-11-02,7249,6656,13905,5075,5164,10239,9723,10084,19807,10320,10738,21058,7977,8279,16256,6131,6650,12781,4967,5120,10087,3876,4452,8328,2539,4529,7068,746,2299,3045,58603,63971,122574
2020-11-03,7288,6690,13978,5106,5201,10307,9807,10191,19998,10409,10825,21234,8044,8329,16373,6189,6708,12897,5014,5166,10180,3915,4487,8402,2559,4565,7124,747,2311,3058,59078,64473,123551
2020-11-04,7334,6740,14074,5150,5256,10406,9940,10326,20266,10517,10954,21471,8161,8446,16607,6261,6794,13055,5087,5231,10318,3960,4529,8489,2581,4610,7191,758,2325,3083,59749,65211,124960
2020-11-05,7392,6789,14181,5230,5328,10558,10087,10465,20552,10659,11091,21750,8273,8555,16828,6352,6904,13256,5138,5299,10437,4003,4572,8575,2600,4639,7239,761,2339,3100,60495,65981,126476
2020-11-06,7429,6830,14259,5260,5375,10635,10166,10551,20717,10730,11187,21917,8326,8619,16945,6410,6965,13375,5177,5349,10526,4034,4619,8653,2614,4670,7284,765,2348,3113,60911,66513,127424
2020-11-07,7465,6868,14333,5296,5417,10713,10223,10632,20855,10790,11279,22069,8385,8682,17067,6457,7031,13488,5227,5401,10628,4065,4652,8717,2636,4690,7326,772,2353,3125,61316,67005,128321
2020-11-08,7513,6924,14437,5338,5463,10801,10295,10710,21005,10864,11373,22237,8446,8754,17200,6501,7084,13585,5272,5452,10724,4096,4683,8779,2646,4711,7357,776,2358,3134,61747,67512,129259
2020-11-09,7579,6986,14565,5412,5515,10927,10389,10834,21223,10978,11523,22501,8540,8861,17401,6587,7165,13752,5334,5524,10858,4122,4727,8849,2674,4752,7426,779,2368,3147,62394,68255,130649
2020-11-10,7622,7026,14648,5459,5567,11026,10479,10925,21404,11088,11639,22727,8611,8931,17542,6650,7233,13883,5401,5570,10971,4159,4762,8921,2699,4782,7481,783,2379,3162,62951,68814,131765
2020-11-11,7673,7072,14745,5505,5620,11125,10585,11043,21628,11193,11750,22943,8708,9016,17724,6722,7318,14040,5448,5618,11066,4198,4798,8996,2719,4821,7540,787,2397,3184,63538,69453,132991
2020-11-12,7731,7115,14846,5555,5669,11224,10676,11174,21850,11327,11881,23208,8811,9119,17930,6802,7382,14184,5501,5691,11192,4241,4846,9087,2741,4859,7600,789,2409,3198,64174,70145,134319
2020-11-13,7787,7153,14940,5610,5719,11329,10777,11303,22080,11419,11991,23410,8893,9208,18101,6869,7449,14318,5569,5758,11327,4281,4890,9171,2764,4894,7658,793,2424,3217,64762,70789,135551
2020-11-14,7849,7201,15050,5643,5751,11394,10842,11388,22230,11502,12086,23588,8940,9277,18217,6916,7502,14418,5624,5788,11412,4307,4930,9237,2774,4917,7691,797,2428,3225,65194,71268,136462
2020-11-15,7899,7257,15156,5695,5779,11474,10911,11483,22394,11590,12162,23752,9010,9351,18361,6969,7565,14534,5671,5841,11512,4335,4966,9301,2782,4942,7724,797,2442,3239,65659,71788,137447
2020-11-16,7956,7317,15273,5750,5821,11571,10995,11581,22576,11682,12267,23949,9099,9428,18527,7012,7638,14650,5721,5903,11624,4373,5009,9382,2799,4974,7773,802,2463,3265,66189,72401,138590
2020-11-17,8009,7383,15392,5816,5882,11698,11110,11699,22809,11817,12407,24224,9198,9533,18731,7081,7712,14793,5791,5985,11776,4421,5066,9487,2808,5010,7818,805,2472,3277,66856,73149,140005
2020-11-18,8061,7440,15501,5886,5938,11824,11229,11825,23054,11964,12542,24506,9288,9625,18913,7148,7780,14928,5845,6038,11883,4470,5117,9587,2824,5054,7878,807,2481,3288,67522,73840,141362
2020-11-19,8121,7481,15602,5956,6006,11962,11344,11971,23315,12076,12692,24768,9369,9718,19087,7220,7862,15082,5910,6108,12018,4509,5157,9666,2847,5091,7938,810,2491,3301,68162,74577,142739
2020-11-20,8175,7525,15700,6004,6056,12060,11448,12088,23536,12186,12809,24995,9442,9810,19252,7287,7928,15215,5967,6162,12129,4539,5194,9733,2867,5120,7987,814,2504,3318,68729,75196,143925
2020-11-21,8221,7563,15784,6039,6100,12139,11514,12168,23682,12267,12884,25151,9505,9876,19381,7328,7982,15310,6006,6203,12209,4565,5215,9780,2877,5134,8011,817,2517,3334,69139,75642,144781
2020-11-22,8258,7598,15856,6076,6133,12209,11577,12235,23812,12323,12959,25282,9567,9933,19500,7361,8016,15377,6041,6250,12291,4591,5232,9823,2887,5156,8043,818,2525,3343,69499,76037,145536
2020-11-23,8315,7655,15970,6118,6178,12296,11657,12322,23979,12415,13044,25459,9640,10003,19643,7410,8068,15478,6084,6298,12382,4620,5267,9887,2904,5185,8089,824,2537,3361,69987,76557,146544
2020-11-24,8365,7716,16081,6180,6235,12415,11756,12431,24187,12549,13156,25705,9738,10090,19828,7478,8138,15616,6149,6355,12504,4656,5314,9970,2930,5219,8149,826,2543,3369,70627,77197,147824
2020-11-25,8428,7772,16200,6247,6289,12536,11873,12544,24417,12677,13284,25961,9826,10169,19995,7538,8197,15735,6211,6410,12621,4680,5358,10038,2950,5249,8199,831,2552,3383,71261,77824,149085
2020-11-26,8478,7829,16307,6314,6355,12669,11990,12666,24656,12792,13423,26215,9900,10273,20173,7608,8271,15879,6279,6469,12748,4718,5406,10124,2964,5282,8246,840,2564,3404,71883,78538,150421
2020-11-27,8507,7872,16379,6359,6390,12749,12087,12785,24872,12881,13530,26411,9971,10322,20293,7664,8335,15999,6322,6512,12834,4750,5444,10194,2978,5319,8297,845,2568,3413,72364,79077,151441
2020-11-28,8559,7906,16465,6398,6430,12828,12169,12864,25033,12937,13618,26555,10030,10389,20419,7727,8391,16118,6350,6549,12899,4777,5480,10257,2988,5349,8337,847,2571,3418,72782,79547,152329
2020-11-29,8605,7951,16556,6434,6480,12914,12258,12952,25210,13019,13718,26737,10106,10451,20557,7775,8446,16221,6401,6600,13001,4803,5509,10312,3004,5364,8368,848,2577,3425,73253,80048,153301
2020-11-30,8672,8011,16683,6501,6530,13031,12398,13114,25512,13150,13849,26999,10218,10556,20774,7838,8527,16365,6470,6681,13151,4848,5562,10410,3024,5397,8421,855,2586,3441,73974,80813,154787
2020-12-01,8720,8067,16787,6552,6595,13147,12525,13248,25773,13259,13980,27239,10310,10658,20968,7880,8593,16473,6536,6764,13300,4891,5609,10500,3044,5428,8472,857,2589,3446,74574,81531,156105
2020-12-02,8750,8093,16843,6592,6638,13230,12607,13335,25942,13330,14076,27406,10374,10744,21118,7927,8642,16569,6573,6801,13374,4921,5644,10565,3058,5446,8504,862,2599,3461,74994,82018,157012
2020-12-03,8792,8144,16936,6648,6697,13345,12709,13481,26190,13452,14217,27669,10472,10838,21310,7995,8706,16701,6636,6873,13509,4961,5680,10641,3073,5472,8545,864,2607,3471,75602,82715,158317
2020-12-04,8842,8195,17037,6707,6754,13461,12814,13590,26404,13562,14333,27895,10562,10937,21499,8069,8791,16860,6693,6951,13644,5003,5723,10726,3091,5506,8597,871,2616,3487,76214,83396,159610
2020-12-05,8880,8234,17114,6751,6796,13547,12905,13677,26582,13664,14407,28071,10625,10999,21624,8108,8835,16943,6727,6988,13715,5024,5748,10772,3102,5527,8629,876,2624,3500,76662,83835,160497
2020-12-06,8917,8272,17189,6788,6825,13613,12971,13742,26713,13728,14468,28196,10674,11063,21737,8143,8877,17020,6761,7022,13783,5050,5779,10829,3119,5543,8662,877,2627,3504,77028,84218,161246
2020-12-07,8946,8316,17262,6839,6858,13697,13068,13845,26913,13805,14555,28360,10735,11139,21874,8185,8927,17112,6793,7058,13851,5078,5818,10896,3132,5564,8696,881,2633,3514,77462,84713,162175
2020-12-08,8983,8361,17344,6871,6896,13767,13155,13942,27097,13892,14645,28537,10799,11198,21997,8243,8986,17229,6838,7103,13941,5099,5857,10956,3139,5583,8722,885,2637,3522,77904,85208,163112
2020-12-09,9035,8406,17441,6921,6954,13875,13301,14100,27401,14047,14809,28856,10920,11302,22222,8350,9099,17449,6935,7192,14127,5144,5925,11069,3158,5617,8775,888,2654,3542,78699,86058,164757
2020-12-10,9093,8453,17546,7009,7051,14060,13469,14288,27757,14222,15014,29236,11045,11441,22486,8473,9232,17705,7035,7285,14320,5185,5966,11151,3176,5660,8836,894,2664,3558,79601,87054,166655
2020-12-11,9141,8503,17644,7075,7128,14203,13647,14496,28143,14410,15215,29625,11178,11582,22760,8595,9375,17970,7144,7409,14553,5242,6032,11274,3195,5688,8883,896,2672,3568,80523,88100,168623
2020-12-12,9192,8549,17741,7145,7190,14335,13783,14647,28430,14553,15393,29946,11322,11715,23037,8707,9485,18192,7219,7520,14739,5287,6093,11380,3206,5712,8918,898,2682,3580,81312,88986,170298
2020-12-13,9239,8585,17824,7200,7260,14460,13889,14780,28669,14687,15556,30243,11432,11835,23267,8820,9591,18411,7298,7593,14891,5326,6126,11452,3217,5736,8953,904,2687,3591,82012,89749,171761
2020-12-14,9310,8633,17943,7267,7325,14592,14064,14961,29025,14867,15733,30600,11561,11978,23539,8943,9724,18667,7402,7707,15109,5385,6197,11582,3239,5767,9006,912,2699,3611,82950,90724,173674
2020-12-15,9362,8681,18043,7336,7403,14739,14205,15135,29340,15051,15909,30960,11686,12099,23785,9067,9863,18930,7511,7821,15332,5440,6250,11690,3253,5785,9038,914,2712,3626,83825,91658,175483
2020-12-16,9398,8727,18125,7417,7511,14928,14386,15352,29738,15276,16159,31435,11849,12275,24124,9223,10015,19238,7649,7958,15607,5513,6323,11836,3275,5808,9083,918,2724,3642,84904,92852,177756
2020-12-17,9455,8789,18244,7510,7598,15108,14562,15583,30145,15519,16437,31956,12031,12459,24490,9367,10160,19527,7722,8066,15788,5570,6373,11943,3287,5831,9118,920,2732,3652,85943,94028,179971
2020-12-18,9529,8846,18375,7619,7723,15342,14775,15829,30604,15769,16709,32478,12221,12673,24894,9525,10340,19865,7905,8244,16149,5667,6458,12125,3305,5880,9185,924,2740,3664,87239,95442,182681
2020-12-19,9585,8891,18476,7705,7815,15520,14929,16031,30960,16034,16979,33013,12384,12852,25236,9664,10482,20146,8034,8401,16435,5724,6530,12254,3322,5907,9229,926,2745,3671,88307,96633,184940
2020-12-20,9633,8949,18582,7804,7917,15721,15106,16220,31326,16281,17246,33527,12571,13053,25624,9828,10661,20489,8166,8535,16701,5788,6589,12377,3335,5924,9259,929,2753,3682,89441,97847,187288
2020-12-21,9703,9022,18725,7918,8006,15924,15353,16465,31818,16573,17564,34137,12806,13264,26070,10001,10846,20847,8323,8705,17028,5860,6676,12536,3350,5968,9318,934,2759,3693,90821,99275,190096
2020-12-22,9778,9097,18875,8045,8133,16178,15616,16755,32371,16899,17932,34831,13053,13502,26555,10193,11029,21222,8503,8886,17389,5944,6742,12686,3369,6001,9370,938,2764,3702,92338,100841,193179
2020-12-23,9859,9172,19031,8194,8250,16444,15894,17062,32956,17228,18251,35479,13280,13773,27053,10379,11205,21584,8642,9046,17688,6010,6810,12820,3398,6039,9437,945,2779,3724,93829,102387,196216
2020-12-24,9906,9219,19125,8254,8329,16583,16060,17224,33284,17431,18432,35863,13424,13905,27329,10467,11305,21772,8712,9140,17852,6054,6854,12908,3404,6062,9466,948,2784,3732,94660,103254,197914
2020-12-25,9929,9239,19168,8281,8360,16641,16107,17258,33365,17479,18497,35976,13457,13936,27393,10494,11338,21832,8730,9166,17896,6068,6864,12932,3411,6078,9489,951,2788,3739,94907,103524,198431
2020-12-26,9993,9285,19278,8414,8510,16924,16301,17506,33807,17795,18793,36588,13653,14170,27823,10657,11504,22161,8832,9297,18129,6123,6932,13055,3430,6108,9538,952,2801,3753,96150,104906,201056
2020-12-27,10031,9321,19352,8577,8658,17235,16514,17702,34216,18107,19083,37190,13909,14416,28325,10829,11704,22533,8986,9446,18432,6187,7014,13201,3453,6143,9596,955,2812,3767,97548,106299,203847
2020-12-28,10114,9392,19506,8765,8868,17633,16854,18061,34915,18554,19534,38088,14220,14752,28972,11059,11966,23025,9150,9640,18790,6263,7108,13371,3481,6190,9671,958,2828,3786,99418,108339,207757
2020-12-29,10184,9455,19639,8947,9051,17998,17175,18401,35576,18890,19861,38751,14525,15051,29576,11254,12165,23419,9302,9816,19118,6346,7204,13550,3506,6245,9751,967,2843,3810,101096,110092,211188
2020-12-30,10252,9514,19766,9147,9260,18407,17503,18732,36235,19315,20241,39556,14798,15367,30165,11473,12433,23906,9463,9986,19449,6429,7293,13722,3530,6290,9820,970,2855,3825,102880,111971,214851
2020-12-31,10302,9565,19867,9292,9395,18687,17745,18976,36721,19557,20533,40090,14999,15606,30605,11622,12578,24200,9531,10074,19605,6472,7351,13823,3544,6319,9863,971,2863,3834,104035,113260,217295
2021-01-01,10323,9580,19903,9320,9427,18747,17792,19030,36822,19610,20600,40210,15045,15651,30696,11663,12619,24282,9552,10097,19649,6489,7368,13857,3549,6335,9884,972,2867,3839,104315,113574,217889
2021-01-02,10387,9634,20021,9446,9571,19017,18009,19266,37275,19879,20881,40760,15240,15867,31107,11798,12811,24609,9708,10245,19953,6559,7445,14004,3565,6370,9935,975,2875,3850,105566,114965,220531
2021-01-03,10429,9684,20113,9641,9762,19403,18328,19639,37967,20314,21289,41603,15531,16215,31746,12007,13071,25078,9898,10444,20342,6640,7551,14191,3588,6408,9996,978,2881,3859,107354,116944,224298
2021-01-04,10502,9745,20247,9809,9913,19722,18748,20094,38842,20767,21780,42547,15872,16582,32454,12226,13342,25568,10083,10632,20715,6734,7654,14388,3622,6470,10092,982,2893,3875,109345,119105,228450
2021-01-05,10563,9816,20379,10012,10121,20133,19175,20583,39758,21255,22291,43546,16225,16947,33172,12468,13619,26087,10278,10914,21192,6835,7765,14600,3651,6530,10181,987,2905,3892,111449,121491,232940
2021-01-06,10631,9877,20508,10234,10331,20565,19610,21024,40634,21713,22745,44458,16592,17309,33901,12736,13905,26641,10476,11149,21625,6942,7895,14837,3681,6589,10270,991,2925,3916,113606,123749,237355
2021-01-07,10693,9938,20631,10391,10519,20910,19936,21382,41318,22104,23124,45228,16873,17574,34447,12923,14147,27070,10642,11333,21975,7024,8013,15037,3707,6639,10346,993,2935,3928,115286,125604,240890
2021-01-08,10762,9996,20758,10566,10720,21286,20293,21737,42030,22421,23509,45930,17111,17898,35009,13115,14372,27487,10768,11500,22268,7098,8120,15218,3735,6676,10411,1000,2944,3944,116869,127472,244341
2021-01-09,10804,10048,20852,10715,10906,21621,20571,22065,42636,22791,23903,46694,17364,18175,35539,13300,14594,27894,10898,11681,22579,7152,8196,15348,3757,6717,10474,1000,2957,3957,118352,129242,247594
2021-01-10,10859,10103,20962,10893,11097,21990,20857,22377,43234,23116,24288,47404,17611,18460,36071,13482,14804,28286,11033,11807,22840,7196,8272,15468,3769,6749,10518,1001,2970,3971,119817,130927,250744
2021-01-11,10928,10152,21080,11089,11317,22406,21262,22821,44083,23526,24758,48284,17903,18784,36687,13697,15052,28749,11180,11996,23176,7276,8349,15625,3791,6789,10580,1002,2978,3980,121654,132996,254650
2021-01-12,11008,10203,21211,11263,11507,22770,21589,23225,44814,23835,25118,48953,18153,19076,37229,13879,15285,29164,11328,12141,23469,7332,8423,15755,3821,6820,10641,1005,2988,3993,123213,134786,257999
2021-01-13,11096,10281,21377,11463,11735,23198,21983,23635,45618,24198,25503,49701,18445,19393,37838,14091,15540,29631,11494,12341,23835,7408,8502,15910,3839,6868,10707,1011,2992,4003,125028,136790,261818
2021-01-14,11162,10356,21518,11673,11947,23620,22324,24022,46346,24542,25913,50455,18703,19702,38405,14297,15806,30103,11643,12518,24161,7474,8582,16056,3860,6907,10767,1014,2998,4012,126692,138751,265443
2021-01-15,11241,10423,21664,12003,12282,24285,22748,24500,47248,25063,26468,51531,19097,20136,39233,14615,16153,30768,11821,12741,24562,7555,8689,16244,3884,6952,10836,1018,3007,4025,129045,141351,270396
2021-01-16,11287,10460,21747,12372,12647,25019,23119,24934,48053,25527,26985,52512,19522,20593,40115,14928,16452,31380,12026,12969,24995,7666,8802,16468,3908,6992,10900,1019,3016,4035,131374,143850,275224
2021-01-17,11335,10487,21822,12671,12984,25655,23474,25386,48860,25941,27448,53389,19958,21079,41037,15210,16757,31967,12171,13137,25308,7738,8883,16621,3926,7019,10945,1021,3018,4039,133445,146198,279643
2021-01-18,11406,10555,21961,13058,13381,26439,23952,25893,49845,26475,27997,54472,20443,21587,42030,15570,17150,32720,12417,13412,25829,7847,9009,16856,3959,7068,11027,1023,3027,4050,136150,149079,285229
2021-01-19,11484,10619,22103,13407,13726,27133,24412,26367,50779,27005,28524,55529,20915,22092,43007,15890,17531,33421,12652,13685,26337,7957,9145,17102,3979,7122,11101,1030,3041,4071,138731,151852,290583
2021-01-20,11558,10685,22243,13768,14071,27839,24837,26826,51663,27476,28983,56459,21356,22538,43894,16229,17903,34132,12905,13959,26864,8083,9284,17367,4009,7169,11178,1036,3054,4090,141257,154472,295729
2021-01-21,11651,10753,22404,14007,14357,28364,25204,27201,52405,27823,29384,57207,21655,22929,44584,16466,18233,34699,13094,14155,27249,8166,9379,17545,4047,7216,11263,1043,3067,4110,143156,156674,299830
2021-01-22,11716,10821,22537,14285,14610,28895,25511,27575,53086,28121,29744,57865,21971,23276,45247,16686,18490,35176,13263,14347,27610,8248,9477,17725,4068,7258,11326,1046,3070,4116,144915,158668,303583
2021-01-23,11759,10857,22616,14583,14866,29449,25838,27937,53775,28449,30108,58557,22253,23551,45804,16924,18745,35669,13384,14500,27884,8296,9537,17833,4085,7288,11373,1049,3077,4126,146620,160466,307086
2021-01-24,11806,10900,22706,14911,15182,30093,26193,28320,54513,28804,30485,59289,22621,23942,46563,17193,19022,36215,13531,14669,28200,8353,9618,17971,4105,7320,11425,1051,3083,4134,148568,162541,311109
2021-01-25,11873,10985,22858,15315,15557,30872,26662,28828,55490,29246,30982,60228,23039,24402,47441,17477,19360,36837,13748,14893,28641,8454,9737,18191,4136,7380,11516,1057,3094,4151,151007,165218,316225
2021-01-26,11964,11053,23017,15673,15867,31540,27046,29234,56280,29623,31362,60985,23391,24778,48169,17743,19678,37421,13938,15118,29056,8546,9845,18391,4163,7437,11600,1062,3108,4170,153149,167480,320629
2021-01-27,12044,11128,23172,15973,16179,32152,27406,29622,57028,29989,31769,61758,23700,25158,48858,17985,19964,37949,14109,15296,29405,8619,9931,18550,4195,7488,11683,1064,3123,4187,155084,169658,324742
2021-01-28,12117,11196,23313,16213,16429,32642,27717,29959,57676,30321,32101,62422,23951,25447,49398,18194,20216,38410,14265,15482,29747,8711,10032,18743,4224,7534,11758,1069,3137,4206,156782,171533,328315
2021-01-29,12173,11272,23445,16590,16785,33375,28127,30377,58504,30746,32576,63322,24329,25882,50211,18493,20536,39029,14484,15729,30213,8799,10164,18963,4249,7592,11841,1073,3146,4219,159063,174059,333122
2021-01-30,12220,11301,23521,17066,17271,34337,28489,30791,59280,31188,33090,64278,24814,26421,51235,18861,20926,39787,14680,15992,30672,8893,10287,19180,4272,7639,11911,1075,3154,4229,161558,176872,338430
2021-01-31,12262,11339,23601,17774,17979,35753,28968,31297,60265,31757,33721,65478,25515,27199,52714,19335,21446,40781,14918,16259,31177,8991,10418,19409,4296,7683,11979,1077,3166,4243,164893,180507,345400
2021-02-01,12320,11401,23721,18326,18626,36952,29392,31847,61239,32306,34332,66638,26143,27874,54017,19825,21929,41754,15188,16587,31775,9087,10585,19672,4338,7733,12071,1079,3175,4254,168004,184089,352093
2021-02-02,12376,11463,23839,18796,19154,37950,29798,32284,62082,32809,34900,67709,26746,28549,55295,20264,22420,42684,15492,16918,32410,9240,10771,20011,4377,7789,12166,1082,3188,4270,170980,187436,358416
2021-02-03,12427,11532,23959,19199,19521,38720,30189,32731,62920,33254,35380,68634,27223,29076,56299,20623,22812,43435,15756,17215,32971,9365,10939,20304,4412,7848,12260,1087,3198,4285,173535,190252,363787
2021-02-04,12493,11591,24084,19431,19754,39185,30482,33078,63560,33585,35741,69326,27499,29454,56953,20863,23100,43963,15910,17440,33350,9448,11065,20513,4439,7889,12328,1090,3214,4304,175240,192326,367566
2021-02-05,12553,11653,24206,19655,19970,39625,30769,33396,64165,33885,36078,69963,27784,29739,57523,21064,23345,44409,16072,17648,33720,9535,11167,20702,4453,7937,12390,1092,3222,4314,176862,194155,371017
2021-02-06,12589,11689,24278,19900,20237,40137,31026,33688,64714,34179,36445,70624,28055,30071,58126,21313,23618,44931,16213,17830,34043,9604,11260,20864,4470,7973,12443,1092,3229,4321,178441,196040,374481
2021-02-07,12632,11735,24367,20164,20513,40677,31264,33983,65247,34497,36799,71296,28356,30412,58768,21544,23899,45443,16343,17967,34310,9672,11334,21006,4488,7999,12487,1098,3234,4332,180058,197875,377933
2021-02-08,12701,11797,24498,20514,20928,41442,31645,34400,66045,34933,37319,72252,28837,30953,59790,21838,24244,46082,16524,18203,34727,9767,11450,21217,4514,8060,12574,1102,3250,4352,182375,200604,382979
2021-02-09,12766,11838,24604,20820,21254,42074,31983,34779,66762,35391,37767,73158,29230,31410,60640,22146,24573,46719,16752,18438,35190,9870,11582,21452,4548,8122,12670,1107,3264,4371,184613,203027,387640
2021-02-10,12826,11881,24707,21047,21486,42533,32262,35114,67376,35736,38171,73907,29583,31781,61364,22368,24871,47239,16911,18634,35545,9963,11683,21646,4578,8161,12739,1107,3273,4380,186381,205055,391436
2021-02-11,12887,11930,24817,21241,21724,42965,32503,35430,67933,36096,38539,74635,29882,32136,62018,22569,25131,47700,17076,18818,35894,10047,11776,21823,4603,8210,12813,1111,3283,4394,188015,206977,394992
2021-02-12,12948,11978,24926,21479,21974,43453,32750,35701,68451,36460,38926,75386,30218,32514,62732,22776,25409,48185,17230,19032,36262,10134,11879,22013,4633,8258,12891,1113,3297,4410,189741,208968,398709
2021-02-13,12988,12008,24996,21766,22313,44079,33016,35995,69011,36868,39372,76240,30600,32988,63588,23022,25694,48716,17389,19211,36600,10193,11976,22169,4656,8293,12949,1116,3308,4424,191614,211158,402772
2021-02-14,13018,12033,25051,22073,22649,44722,33231,36294,69525,37274,39839,77113,31049,33493,64542,23267,25991,49258,17568,19398,36966,10279,12091,22370,4672,8317,12989,1118,3319,4437,193549,213424,406973
2021-02-15,13047,12080,25127,22464,23071,45535,33549,36671,70220,37756,40386,78142,31617,34098,65715,23610,26367,49977,17742,19607,37349,10357,12202,22559,4691,8371,13062,1120,3331,4451,195953,216184,412137
2021-02-16,13081,12107,25188,22869,23440,46309,33948,37178,71126,38332,41045,79377,32147,34722,66869,23935,26674,50609,17906,19786,37692,10428,12310,22738,4706,8406,13112,1128,3336,4464,198480,219004,417484
2021-02-17,13131,12172,25303,23135,23738,46873,34452,37732,72184,38824,41560,80384,32549,35142,67691,24214,27001,51215,18143,20038,38181,10531,12442,22973,4728,8459,13187,1133,3349,4482,200840,221633,422473
2021-02-18,13181,12228,25409,23372,24000,47372,34865,38194,73059,39294,42060,81354,32913,35561,68474,24504,27311,51815,18351,20275,38626,10634,12574,23208,4757,8506,13263,1135,3355,4490,203006,224064,427070
2021-02-19,13241,12276,25517,23576,24276,47852,35245,38602,73847,39700,42526,82226,33266,35935,69201,24765,27627,52392,18540,20499,39039,10734,12707,23441,4781,8553,13334,1138,3363,4501,204986,226364,431350
2021-02-20,13292,12313,25605,23761,24516,48277,35570,38947,74517,40048,42965,83013,33578,36317,69895,24997,27924,52921,18679,20734,39413,10800,12793,23593,4802,8591,13393,1143,3367,4510,206670,228467,435137
2021-02-21,13347,12344,25691,23952,24737,48689,35846,39325,75171,40408,43381,83789,33882,36667,70549,25183,28173,53356,18840,20930,39770,10866,12877,23743,4825,8621,13446,1148,3376,4524,208297,230431,438728
2021-02-22,13420,12423,25843,24136,25005,49141,36202,39725,75927,40806,43861,84667,34212,37067,71279,25439,28483,53922,19033,21166,40199,10955,12985,23940,4866,8658,13524,1151,3382,4533,210220,232755,442975
2021-02-23,13502,12488,25990,24321,25202,49523,36513,40078,76591,41153,44249,85402,34497,37408,71905,25677,28767,54444,19220,21389,40609,11053,13111,24164,4896,8700,13596,1158,3398,4556,211990,234790,446780
2021-02-24,13566,12570,26136,24506,25411,49917,36751,40385,77136,41475,44602,86077,34714,37691,72405,25872,28995,54867,19404,21565,40969,11143,13221,24364,4918,8742,13660,1161,3407,4568,213510,236589,450099
2021-02-25,13659,12654,26313,24649,25575,50224,37016,40671,77687,41748,44897,86645,34952,37928,72880,26046,29220,55266,19545,21745,41290,11213,13325,24538,4939,8782,13721,1165,3422,4587,214932,238219,453151
2021-02-26,13732,12734,26466,24782,25736,50518,37273,40986,78259,42076,45213,87289,35188,38205,73393,26235,29445,55680,19689,21965,41654,11286,13426,24712,4959,8821,13780,1167,3440,4607,216387,239971,456358
2021-02-27,13778,12777,26555,24940,25935,50875,37516,41299,78815,42401,45591,87992,35411,38465,73876,26455,29732,56187,19872,22186,42058,11363,13533,24896,4981,8869,13850,1168,3447,4615,217885,241834,459719
2021-02-28,13829,12833,26662,25150,26171,51321,37811,41671,79482,42824,46099,88923,35744,38850,74594,26753,30125,56878,20113,22455,42568,11489,13668,25157,5005,8912,13917,1170,3455,4625,219888,244239,464127
2021-03-01,13938,12930,26868,25292,26357,51649,38087,41955,80042,43141,46413,89554,35980,39102,75082,26912,30332,57244,20264,22645,42909,11563,13789,25352,5028,8959,13987,1175,3468,4643,221380,245950,467330
2021-03-02,14065,13034,27099,25459,26522,51981,38342,42224,80566,43404,46720,90124,36208,39330,75538,27089,30570,57659,20385,22817,43202,11642,13865,25507,5063,9002,14065,1178,3475,4653,222835,247559,470394
2021-03-03,14179,13117,27296,25585,26668,52253,38527,42477,81004,43650,46979,90629,36393,39529,75922,27261,30778,58039,20553,23024,43577,11731,13976,25707,5080,9035,14115,1178,3488,4666,224137,249071,473208
2021-03-04,14275,13209,27484,25714,26826,52540,38725,42685,81410,43892,47205,91097,36570,39730,76300,27386,30975,58361,20695,23230,43925,11803,14094,25897,5103,9071,14174,1184,3503,4687,225347,250528,475875
2021-03-05,14363,13293,27656,25845,26961,52806,38922,42948,81870,44153,47471,91624,36731,39899,76630,27539,31179,58718,20838,23400,44238,11885,14196,26081,5122,9105,14227,1184,3509,4693,226582,251961,478543
2021-03-06,14422,13348,27770,25939,27067,53006,39112,43159,82271,44369,47697,92066,36883,40079,76962,27651,31334,58985,20941,23518,44459,11941,14271,26212,5144,9133,14277,1186,3515,4701,227588,253121,480709
2021-03-07,14483,13405,27888,26042,27173,53215,39284,43392,82676,44594,47941,92535,37004,40280,77284,27790,31518,59308,21076,23684,44760,11993,14348,26341,5164,9171,14335,1190,3519,4709,228620,254431,483051
2021-03-08,14598,13511,28109,26178,27340,53518,39489,43673,83162,44852,48243,93095,37217,40501,77718,27993,31757,59750,21267,23888,45155,12078,14446,26524,5186,9219,14405,1193,3531,4724,230051,256109,486160
2021-03-09,14735,13648,28383,26319,27474,53793,39701,43905,83606,45127,48529,93656,37436,40714,78150,28187,31983,60170,21428,24140,45568,12182,14565,26747,5213,9261,14474,1197,3537,4734,231525,257756,489281
2021-03-10,14881,13780,28661,26467,27627,54094,39917,44126,84043,45397,48809,94206,37615,40916,78531,28344,32188,60532,21591,24315,45906,12267,14682,26949,5237,9309,14546,1201,3546,4747,232917,259298,492215
2021-03-11,15000,13916,28916,26571,27761,54332,40085,44350,84435,45594,49038,94632,37751,41086,78837,28453,32349,60802,21710,24480,46190,12335,14768,27103,5263,9340,14603,1203,3561,4764,233965,260649,494614
2021-03-12,15133,14057,29190,26704,27928,54632,40271,44591,84862,45846,49324,95170,37933,41306,79239,28601,32570,61171,21852,24680,46532,12419,14863,27282,5287,9386,14673,1207,3573,4780,235253,262278,497531
2021-03-13,15230,14137,29367,26809,28045,54854,40479,44819,85298,46097,49590,95687,38101,41489,79590,28745,32771,61516,22010,24859,46869,12487,14941,27428,5302,9425,14727,1211,3576,4787,236471,263652,500123
2021-03-14,15304,14243,29547,26909,28160,55069,40653,45074,85727,46353,49876,96229,38272,41686,79958,28921,32986,61907,22173,25057,47230,12559,15043,27602,5320,9455,14775,1215,3584,4799,237679,265164,502843
2021-03-15,15496,14401,29897,27065,28324,55389,40887,45384,86271,46628,50198,96826,38511,41947,80458,29128,33232,62360,22368,25269,47637,12657,15183,27840,5340,9507,14847,1219,3597,4816,239299,267042,506341
2021-03-16,15664,14567,30231,27216,28495,55711,41081,45627,86708,46901,50492,97393,38700,42139,80839,29306,33453,62759,22528,25471,47999,12736,15295,28031,5356,9551,14907,1224,3612,4836,240712,268702,509414
2021-03-17,15788,14685,30473,27358,28651,56009,41291,45877,87168,47103,50716,97819,38861,42331,81192,29466,33636,63102,22681,25652,48333,12804,15398,28202,5374,9595,14969,1226,3624,4850,241952,270165,512117
2021-03-18,15911,14793,30704,27465,28778,56243,41467,46086,87553,47316,50925,98241,39005,42500,81505,29573,33797,63370,22795,25796,48591,12876,15492,28368,5389,9630,15019,1228,3632,4860,243025,271429,514454
2021-03-19,16039,14914,30953,27619,28926,56545,41651,46312,87963,47543,51165,98708,39151,42676,81827,29707,33971,63678,22916,25967,48883,12948,15567,28515,5406,9659,15065,1233,3641,4874,244213,272798,517011
2021-03-20,16102,14979,31081,27717,29037,56754,41808,46484,88292,47729,51379,99108,39290,42843,82133,29843,34134,63977,23029,26092,49121,13015,15638,28653,5421,9687,15108,1238,3649,4887,245192,273922,519114
2021-03-21,16195,15053,31248,27810,29144,56954,41983,46667,88650,47943,51591,99534,39434,42998,82432,29973,34308,64281,23137,26242,49379,13059,15707,28766,5438,9716,15154,1241,3658,4899,246213,275084,521297
2021-03-22,16318,15200,31518,27964,29284,57248,42189,46948,89137,48188,51849,100037,39627,43195,82822,30159,34533,64692,23285,26419,49704,13134,15805,28939,5464,9767,15231,1245,3680,4925,247573,276680,524253
2021-03-23,16463,15331,31794,28119,29424,57543,42387,47189,89576,48403,52086,100489,39797,43363,83160,30319,34723,65042,23432,26611,50043,13212,15907,29119,5489,9797,15286,1246,3693,4939,248867,278124,526991
2021-03-24,16560,15422,31982,28236,29541,57777,42530,47357,89887,48584,52292,100876,39912,43516,83428,30432,34869,65301,23510,26723,50233,13265,15983,29248,5499,9829,15328,1247,3699,4946,249775,279231,529006
2021-03-25,16666,15534,32200,28363,29690,58053,42707,47586,90293,48804,52510,101314,40100,43728,83828,30566,35025,65591,23622,26865,50487,13327,16059,29386,5526,9861,15387,1251,3703,4954,250932,280561,531493
2021-03-26,16810,15662,32472,28523,29863,58386,42911,47818,90729,49043,52753,101796,40266,43945,84211,30688,35215,65903,23729,27026,50755,13400,16150,29550,5548,9893,15441,1254,3715,4969,252172,282040,534212
2021-03-27,16917,15750,32667,28601,29961,58562,43088,47992,91080,49257,52989,102246,40419,44130,84549,30822,35387,66209,23859,27169,51028,13446,16217,29663,5563,9929,15492,1259,3720,4979,253231,283244,536475
2021-03-28,17002,15808,32810,28674,30061,58735,43222,48165,91387,49446,53211,102657,40579,44295,84874,30939,35555,66494,23966,27310,51276,13491,16261,29752,5582,9955,15537,1261,3726,4987,254162,284347,538509
2021-03-29,17135,15938,33073,28847,30205,59052,43413,48397,91810,49673,53463,103136,40762,44526,85288,31103,35731,66834,24078,27482,51560,13542,16316,29858,5598,9990,15588,1262,3734,4996,255413,285782,541195
2021-03-30,17258,16053,33311,28989,30351,59340,43569,48585,92154,49881,53689,103570,40918,44715,85633,31237,35878,67115,24189,27629,51818,13585,16387,29972,5619,10019,15638,1266,3740,5006,256511,287046,543557
2021-03-31,17361,16145,33506,29106,30456,59562,43736,48781,92517,50089,53921,104010,41050,44889,85939,31331,36016,67347,24257,27716,51973,13613,16433,30046,5637,10041,15678,1268,3750,5018,257448,288148,545596
2021-04-01,17449,16249,33698,29227,30569,59796,43926,48989,92915,50296,54129,104425,41202,45070,86272,31453,36169,67622,24349,27841,52190,13660,16497,30157,5649,10062,15711,1270,3760,5030,258481,289335,547816
2021-04-02,17557,16320,33877,29341,30699,60040,44094,49168,93262,50497,54320,104817,41350,45219,86569,31565,36321,67886,24432,27935,52367,13703,16537,30240,5665,10075,15740,1272,3767,5039,259476,290361,549837
2021-04-03,17626,16398,34024,29451,30838,60289,44266,49346,93612,50695,54549,105244,41499,45391,86890,31686,36472,68158,24544,28038,52582,13738,16595,30333,5683,10110,15793,1276,3771,5047,260464,291508,551972
2021-04-04,17720,16473,34193,29642,31033,60675,44499,49621,94120,50995,54902,105897,41714,45669,87383,31822,36650,68472,24631,28165,52796,13777,16645,30422,5700,10139,15839,1276,3778,5054,261776,293075,554851
2021-04-05,17838,16611,34449,29910,31306,61216,44814,49983,94797,51328,55260,106588,41999,46011,88010,32008,36898,68906,24752,28333,53085,13829,16709,30538,5716,10178,15894,1280,3787,5067,263474,295076,558550
2021-04-06,17974,16766,34740,30123,31544,61667,45172,50307,95479,51689,55646,107335,42258,46302,88560,32197,37125,69322,24892,28544,53436,13908,16815,30723,5738,10213,15951,1283,3803,5086,265234,297065,562299
2021-04-07,18119,16908,35027,30375,31782,62157,45493,50644,96137,52018,56037,108055,42538,46589,89127,32381,37376,69757,25013,28725,53738,13971,16904,30875,5753,10253,16006,1284,3811,5095,266945,299029,565974
2021-04-08,18257,17034,35291,30571,31985,62556,45746,50956,96702,52319,56403,108722,42757,46835,89592,32537,37592,70129,25131,28886,54017,14027,16984,31011,5773,10287,16060,1286,3825,5111,268404,300787,569191
2021-04-09,18372,17140,35512,30712,32153,62865,45907,51189,97096,52528,56620,109148,42935,47018,89953,32658,37753,70411,25218,28996,54214,14069,17042,31111,5781,10310,16091,1289,3831,5120,269469,302052,571521
2021-04-10,18459,17221,35680,30846,32319,63165,46116,51408,97524,52772,56856,109628,43090,47200,90290,32783,37896,70679,25308,29105,54413,14089,17084,31173,5788,10327,16115,1291,3834,5125,270542,303250,573792
2021-04-11,18530,17301,35831,30969,32454,63423,46260,51561,97821,52949,57079,110028,43270,47379,90649,32894,38035,70929,25403,29206,54609,14118,17123,31241,5802,10350,16152,1293,3838,5131,271488,304326,575814
2021-04-12,18663,17411,36074,31152,32626,63778,46455,51806,98261,53198,57364,110562,43479,47646,91125,33051,38269,71320,25517,29341,54858,14157,17187,31344,5818,10377,16195,1296,3850,5146,272786,305877,578663
2021-04-13,18791,17497,36288,31283,32759,64042,46656,52026,98682,53459,57629,111088,43666,47874,91540,33197,38446,71643,25603,29437,55040,14205,17227,31432,5830,10394,16224,1299,3858,5157,273989,307147,581136
2021-04-14,18916,17599,36515,31402,32857,64259,46795,52189,98984,53620,57808,111428,43778,48018,91796,33298,38584,71882,25716,29539,55255,14249,17299,31548,5849,10416,16265,1303,3863,5166,274926,308172,583098
2021-04-15,19050,17722,36772,31548,33041,64589,47036,52443,99479,53877,58081,111958,44019,48287,92306,33465,38808,72273,25828,29665,55493,14286,17355,31641,5863,10446,16309,1305,3871,5176,276277,309719,585996
2021-04-16,19160,17847,37007,31685,33182,64867,47298,52720,100018,54169,58408,112577,44232,48526,92758,33644,39049,72693,25963,29828,55791,14328,17414,31742,5872,10474,16346,1308,3880,5188,277659,311328,588987
2021-04-17,19279,17946,37225,31826,33302,65128,47485,52927,100412,54441,58651,113092,44433,48761,93194,33787,39213,73000,26064,29948,56012,14365,17483,31848,5888,10516,16404,1312,3885,5197,278880,312632,591512
2021-04-18,19346,18042,37388,31918,33393,65311,47653,53100,100753,54630,58880,113510,44628,48940,93568,33916,39371,73287,26167,30056,56223,14401,17532,31933,5910,10538,16448,1315,3892,5207,279884,313744,593628
2021-04-19,19493,18155,37648,32072,33573,65645,47906,53367,101273,54927,59180,114107,44870,49180,94050,34100,39586,73686,26299,30210,56509,14448,17607,32055,5921,10580,16501,1319,3906,5225,281355,315344,596699
2021-04-20,19641,18308,37949,32204,33711,65915,48106,53596,101702,55149,59442,114591,45081,49425,94506,34260,39752,74012,26440,30378,56818,14503,17677,32180,5949,10610,16559,1323,3914,5237,282656,316813,599469
2021-04-21,19766,18416,38182,32319,33812,66131,48289,53778,102067,55344,59658,115002,45256,49611,94867,34390,39914,74304,26547,30502,57049,14552,17725,32277,5962,10652,16614,1325,3920,5245,283750,317988,601738
2021-04-22,19911,18540,38451,32491,33971,66462,48487,54006,102493,55595,59951,115546,45485,49891,95376,34568,40114,74682,26664,30662,57326,14603,17801,32404,5977,10698,16675,1326,3928,5254,285107,319562,604669
2021-04-23,20025,18650,38675,32637,34137,66774,48722,54260,102982,55858,60268,116126,45705,50164,95869,34740,40352,75092,26779,30822,57601,14662,17871,32533,5996,10727,16723,1330,3934,5264,286454,321185,607639
2021-04-24,20094,18705,38799,32694,34180,66874,48781,54346,103127,55943,60352,116295,45780,50262,96042,34794,40409,75203,26809,30864,57673,14691,17912,32603,6003,10755,16758,1332,3948,5280,286921,321733,608654
2021-04-25,20190,18799,38989,32794,34283,67077,48911,54507,103418,56134,60536,116670,45947,50440,96387,34933,40562,75495,26896,30963,57859,14729,17947,32676,6010,10779,16789,1332,3952,5284,287876,322768,610644
2021-04-26,20333,18938,39271,32939,34441,67380,49132,54728,103860,56378,60805,117183,46171,50697,96868,35130,40761,75891,27016,31099,58115,14802,18038,32840,6024,10814,16838,1336,3962,5298,289261,324283,613544
2021-04-27,20454,19049,39503,33083,34587,67670,49360,55001,104361,56618,61063,117681,46349,50927,97276,35298,40941,76239,27120,31238,58358,14855,18121,32976,6043,10848,16891,1340,3970,5310,290520,325745,616265
2021-04-28,20585,19185,39770,33214,34732,67946,49573,55225,104798,56864,61337,118201,46552,51147,97699,35449,41105,76554,27221,31361,58582,14906,18180,33086,6054,10874,16928,1344,3979,5323,291762,327125,618887
2021-04-29,20744,19323,40067,33414,34900,68314,49822,55524,105346,57173,61672,118845,46839,51453,98292,35656,41352,77008,27352,31531,58883,14980,18284,33264,6084,10924,17008,1346,3996,5342,293410,328959,622369
2021-04-30,20879,19438,40317,33541,35018,68559,49956,55727,105683,57350,61890,119240,46975,51638,98613,35786,41514,77300,27444,31656,59100,15040,18355,33395,6110,10970,17080,1349,4013,5362,294430,330219,624649
2021-05-01,20972,19522,40494,33657,35108,68765,50117,55906,106023,57541,62105,119646,47148,51860,99008,35914,41667,77581,27535,31752,59287,15088,18418,33506,6130,11016,17146,1350,4019,5369,295452,331373,626825
2021-05-02,21075,19609,40684,33783,35247,69030,50324,56139,106463,57818,62431,120249,47368,52169,99537,36090,41873,77963,27657,31915,59572,15149,18495,33644,6151,11045,17196,1353,4034,5387,296768,332957,629725
2021-05-03,21278,19789,41067,33970,35445,69415,50703,56534,107237,58243,62942,121185,47737,52607,100344,36366,42268,78634,27877,32221,60098,15257,18627,33884,6174,11106,17280,1357,4054,5411,298962,335593,634555
2021-05-04,21425,19946,41371,34174,35659,69833,51040,56906,107946,58658,63402,122060,48069,52980,101049,36642,42612,79254,28055,32462,60517,15364,18769,34133,6199,11150,17349,1360,4072,5432,300986,337958,638944
2021-05-05,21600,20106,41706,34345,35841,70186,51360,57293,108653,59039,63808,122847,48392,53318,101710,36862,42889,79751,28226,32643,60869,15460,18864,34324,6237,11198,17435,1368,4085,5453,302889,340045,642934
2021-05-06,21741,20262,42003,34580,36087,70667,51675,57711,109386,59423,64268,123691,48743,53678,102421,37127,43202,80329,28378,32840,61218,15551,18962,34513,6268,11254,17522,1372,4104,5476,304858,342368,647226
2021-05-07,21908,20415,42323,34827,36337,71164,52031,58169,110200,59815,64789,124604,49109,54129,103238,37352,43548,80900,28540,33039,61579,15630,19076,34706,6288,11294,17582,1375,4112,5487,306875,344908,651783
2021-05-08,21999,20507,42506,34932,36450,71382,52240,58411,110651,60074,65077,125151,49294,54336,103630,37495,43734,81229,28624,33137,61761,15679,19126,34805,6310,11325,17635,1376,4123,5499,308023,346226,654249
2021-05-09,22117,20613,42730,35050,36587,71637,52432,58631,111063,60320,65356,125676,49498,54568,104066,37632,43919,81551,28723,33249,61972,15740,19204,34944,6333,11356,17689,1383,4125,5508,309228,347608,656836
2021-05-10,22280,20776,43056,35232,36799,72031,52808,59025,111833,60738,65797,126535,49844,55000,104844,37905,44226,82131,28912,33468,62380,15834,19327,35161,6370,11411,17781,1384,4133,5517,311307,349962,661269
2021-05-11,22429,20911,43340,35408,36975,72383,53077,59327,112404,61086,66161,127247,50130,55295,105425,38092,44451,82543,29081,33647,62728,15918,19432,35350,6398,11445,17843,1388,4140,5528,313007,351784,664791
2021-05-12,22589,21036,43625,35557,37138,72695,53343,59658,113001,61421,66501,127922,50408,55598,106006,38308,44675,82983,29223,33831,63054,15980,19513,35493,6422,11488,17910,1393,4151,5544,314644,353589,668233
2021-05-13,22762,21160,43922,35698,37305,73003,53617,60027,113644,61737,66909,128646,50694,55908,106602,38490,44928,83418,29353,33983,63336,16043,19604,35647,6445,11543,17988,1394,4157,5551,316233,355524,671757
2021-05-14,22940,21349,44289,35890,37558,73448,54015,60459,114474,62197,67422,129619,51019,56359,107378,38757,45242,83999,29525,34204,63729,16133,19708,35841,6481,11587,18068,1398,4165,5563,318355,358053,676408
2021-05-15,23074,21476,44550,36035,37737,73772,54263,60786,115049,62493,67814,130307,51301,56704,108005,38959,45476,84435,29653,34369,64022,16186,19769,35955,6503,11623,18126,1401,4178,5579,319868,359932,679800
2021-05-16,23175,21598,44773,36154,37900,74054,54460,61014,115474,62738,68136,130874,51544,56981,108525,39137,45676,84813,29768,34501,64269,16236,19835,36071,6520,11660,18180,1402,4194,5596,321134,361495,682629
2021-05-17,23425,21831,45256,36422,38160,74582,54884,61524,116408,63262,68758,132020,51967,57523,109490,39487,46113,85600,29983,34772,64755,16366,20000,36366,6564,11735,18299,1406,4210,5616,323766,364626,688392
2021-05-18,23640,22055,45695,36687,38437,75124,55355,62016,117371,63802,69337,133139,52480,58075,110555,39825,46489,86314,30194,35025,65219,16476,20122,36598,6603,11788,18391,1410,4220,5630,326472,367564,694036
2021-05-19,23858,22256,46114,36962,38723,75685,55835,62578,118413,64395,69944,134339,52969,58583,111552,40148,46912,87060,30436,35277,65713,16578,20247,36825,6641,11838,18479,1418,4239,5657,329240,370597,699837
2021-05-20,24106,22501,46607,37257,39063,76320,56406,63217,119623,65008,70600,135608,53459,59181,112640,40478,47344,87822,30666,35528,66194,16679,20391,37070,6680,11901,18581,1419,4262,5681,332158,373988,706146
2021-05-21,24279,22666,46945,37501,39311,76812,56860,63773,120633,65533,71249,136782,53893,59706,113599,40785,47717,88502,30865,35782,66647,16787,20486,37273,6720,11988,18708,1420,4282,5702,334643,376960,711603
2021-05-22,24389,22764,47153,37644,39485,77129,57117,64125,121242,65887,71603,137490,54154,60032,114186,40981,47937,88918,30985,35896,66881,16841,20553,37394,6745,12056,18801,1422,4303,5725,336165,378754,714919
2021-05-23,24510,22863,47373,37768,39651,77419,57343,64397,121740,66177,71931,138108,54415,60299,114714,41166,48167,89333,31088,36033,67121,16893,20609,37502,6760,12107,18867,1432,4320,5752,337552,380377,717929
2021-05-24,24654,22982,47636,37986,39897,77883,57736,64817,122553,66622,72471,139093,54815,60807,115622,41508,48619,90127,31287,36289,67576,17005,20749,37754,6786,12166,18952,1436,4332,5768,339835,383129,722964
2021-05-25,24794,23081,47875,38186,40118,78304,58121,65247,123368,67030,72961,139991,55200,61248,116448,41799,48968,90767,31470,36511,67981,17091,20864,37955,6813,12212,19025,1443,4350,5793,341947,385560,727507
2021-05-26,24973,23238,48211,38446,40386,78832,58623,65793,124416,67556,73570,141126,55670,61827,117497,42227,49440,91667,31688,36788,68476,17219,21009,38228,6852,12293,19145,1451,4363,5814,344705,388707,733412
2021-05-27,25108,23391,48499,38600,40597,79197,59021,66267,125288,68005,74076,142081,56057,62222,118279,42540,49861,92401,31857,37013,68870,17328,21117,38445,6887,12341,19228,1452,4381,5833,346855,391266,738121
2021-05-28,25275,23570,48845,38843,40908,79751,59513,66848,126361,68551,74730,143281,56587,62840,119427,42984,50399,93383,32110,37333,69443,17437,21258,38695,6921,12401,19322,1456,4396,5852,349677,394683,744360
2021-05-29,25391,23676,49067,38995,41091,80086,59815,67220,127035,68963,75168,144131,56934,63253,120187,43202,50669,93871,32244,37500,69744,17503,21354,38857,6942,12452,19394,1462,4414,5876,351451,396797,748248
2021-05-30,25475,23766,49241,39127,41239,80366,60087,67538,127625,69269,75535,144804,57209,63572,120781,43389,50912,94301,32361,37619,69980,17548,21434,38982,6961,12478,19439,1466,4423,5889,352892,398516,751408
2021-05-31,25623,23917,49540,39358,41465,80823,60531,68037,128568,69785,76090,145875,57647,64099,121746,43665,51264,94929,32560,37863,70423,17670,21589,39259,7008,12545,19553,1469,4442,5911,355316,401311,756627
2021-06-01,25797,24071,49868,39566,41720,81286,60908,68507,129415,70292,76615,146907,58028,64563,122591,43958,51660,95618,32786,38130,70916,17781,21721,39502,7056,12593,19649,1474,4456,5930,357646,404036,761682
2021-06-02,25999,24227,50226,39801,41972,81773,61303,69019,130322,70773,77191,147964,58458,65060,123518,44235,52013,96248,32994,38396,71390,17899,21862,39761,7094,12651,19745,1483,4474,5957,360039,406865,766904
2021-06-03,26186,24407,50593,40045,42219,82264,61734,69530,131264,71298,77813,149111,58899,65589,124488,44543,52396,96939,33220,38665,71885,18006,22016,40022,7133,12689,19822,1489,4496,5985,362553,409820,772373
2021-06-04,26419,24619,51038,40311,42486,82797,62212,70082,132294,71813,78405,150218,59355,66111,125466,44882,52858,97740,33435,38946,72381,18126,22174,40300,7166,12755,19921,1491,4510,6001,365210,412946,778156
2021-06-05,26559,24752,51311,40463,42650,83113,62480,70423,132903,72128,78807,150935,59654,66438,126092,45098,53116,98214,33549,39087,72636,18195,22278,40473,7191,12791,19982,1497,4528,6025,366814,414870,781684
2021-06-06,26704,24913,51617,40612,42804,83416,62717,70719,133436,72421,79156,151577,59937,66755,126692,45319,53369,98688,33663,39227,72890,18252,22351,40603,7212,12824,20036,1498,4544,6042,368335,416662,784997
2021-06-07,26912,25135,52047,40828,43047,83875,63129,71204,134333,72916,79695,152611,60337,67279,127616,45640,53831,99471,33886,39512,73398,18409,22552,40961,7255,12942,20197,1507,4579,6086,370819,419776,790595
2021-06-08,27166,25368,52534,41034,43285,84319,63507,71702,135209,73408,80218,153626,60743,67735,128478,45954,54236,100190,34074,39743,73817,18520,22735,41255,7286,13007,20293,1513,4604,6117,373205,422633,795838
2021-06-09,27381,25587,52968,41287,43501,84788,63932,72189,136121,73909,80799,154708,61159,68214,129373,46281,54645,100926,34268,39987,74255,18636,22870,41506,7326,13072,20398,1518,4623,6141,375697,425487,801184
2021-06-10,27593,25802,53395,41503,43766,85269,64342,72717,137059,74405,81414,155819,61558,68716,130274,46557,55032,101589,34472,40239,74711,18763,23024,41787,7360,13128,20488,1525,4642,6167,378078,428480,806558
2021-06-11,27788,25997,53785,41701,44003,85704,64779,73242,138021,74855,82025,156880,61997,69281,131278,46858,55412,102270,34680,40485,75165,18880,23191,42071,7395,13210,20605,1532,4660,6192,380465,431506,811971
2021-06-12,27938,26145,54083,41879,44172,86051,65055,73577,138632,75212,82418,157630,62303,69650,131953,47081,55695,102776,34816,40666,75482,18952,23294,42246,7426,13256,20682,1537,4670,6207,382199,433543,815742
2021-06-13,28104,26312,54416,42055,44317,86372,65281,73850,139131,75512,82782,158294,62588,69990,132578,47286,55955,103241,34947,40826,75773,19018,23370,42388,7447,13294,20741,1542,4682,6224,383780,435378,819158
2021-06-14,28340,26515,54855,42302,44568,86870,65664,74374,140038,76012,83332,159344,63017,70511,133528,47593,56334,103927,35149,41121,76270,19147,23526,42673,7484,13356,20840,1559,4705,6264,386267,438342,824609
2021-06-15,28589,26751,55340,42560,44822,87382,66071,74845,140916,76500,83891,160391,63418,71041,134459,47892,56716,104608,35350,41361,76711,19251,23651,42902,7528,13411,20939,1562,4723,6285,388721,441212,829933
2021-06-16,28842,26988,55830,42811,45072,87883,66465,75341,141806,76983,84450,161433,63823,71559,135382,48141,57060,105201,35540,41577,77117,19350,23777,43127,7562,13459,21021,1563,4737,6300,391080,444020,835100
2021-06-17,29076,27208,56284,43054,45333,88387,66887,75875,142762,77487,85098,162585,64236,72116,136352,48397,57451,105848,35752,41820,77572,19474,23932,43406,7599,13514,21113,1566,4753,6319,393528,447100,840628
2021-06-18,29286,27412,56698,43294,45590,88884,67289,76356,143645,77957,85701,163658,64639,72651,137290,48641,57845,106486,35928,42065,77993,19552,24057,43609,7632,13547,21179,1569,4766,6335,395787,449990,845777
2021-06-19,29455,27582,57037,43453,45733,89186,67546,76695,144241,78314,86128,164442,64917,72994,137911,48822,58069,106891,36076,42224,78300,19638,24151,43789,7662,13616,21278,1574,4785,6359,397457,451977,849434
2021-06-20,29616,27713,57329,43570,45840,89410,67695,76917,144612,78536,86412,164948,65117,73248,138365,48973,58250,107223,36171,42338,78509,19706,24223,43929,7677,13653,21330,1575,4794,6369,398636,453388,852024
2021-06-21,29809,27884,57693,43743,46015,89758,67908,77216,145124,78862,86759,165621,65441,73596,139037,49182,58501,107683,36286,42488,78774,19782,24322,44104,7706,13684,21390,1578,4798,6376,400297,455263,855560
2021-06-22,30085,28125,58210,43990,46250,90240,68292,77692,145984,79323,87307,166630,65878,74081,139959,49440,58850,108290,36509,42745,79254,19893,24477,44370,7737,13755,21492,1589,4815,6404,402736,458097,860833
2021-06-23,30393,28380,58773,44267,46539,90806,68649,78171,146820,79816,87918,167734,66307,74672,140979,49667,59218,108885,36715,42988,79703,20000,24630,44630,7769,13835,21604,1594,4844,6438,405177,461195,866372
2021-06-24,30671,28638,59309,44507,46841,91348,69022,78682,147704,80260,88502,168762,66693,75159,141852,49922,59543,109465,36896,43253,80149,20090,24747,44837,7793,13884,21677,1598,4859,6457,407452,464108,871560
2021-06-25,30988,28897,59885,44787,47164,91951,69407,79217,148624,80775,89193,169968,67080,75698,142778,50220,59934,110154,37123,43547,80670,20202,24908,45110,7829,13955,21784,1606,4878,6484,410017,467391,877408
2021-06-26,31130,29035,60165,44923,47323,92246,69617,79482,149099,81060,89525,170585,67304,75990,143294,50380,60110,110490,37268,43727,80995,20279,25016,45295,7851,14000,21851,1611,4894,6505,411423,469102,880525
2021-06-27,31307,29185,60492,45043,47478,92521,69810,79733,149543,81302,89824,171126,67535,76265,143800,50525,60284,110809,37390,43855,81245,20350,25095,45445,7868,14040,21908,1613,4905,6518,412743,470664,883407
2021-06-28,31505,29375,60880,45170,47617,92787,69997,79994,149991,81599,90168,171767,67767,76543,144310,50690,60477,111167,37514,43973,81487,20424,25194,45618,7903,14077,21980,1616,4920,6536,414185,472338,886523
2021-06-29,31711,29627,61338,45385,47841,93226,70317,80395,150712,81989,90631,172620,68066,76915,144981,50894,60727,111621,37680,44154,81834,20534,25301,45835,7928,14136,22064,1617,4944,6561,416121,474671,890792
2021-06-30,31990,29893,61883,45661,48103,93764,70683,80854,151537,82432,91144,173576,68397,77302,145699,51117,61076,112193,37846,44373,82219,20617,25406,46023,7960,14189,22149,1621,4955,6576,418324,477295,895619
2021-07-01,32205,30096,62301,45896,48340,94236,71008,81289,152297,82825,91637,174462,68674,77706,146380,51312,61363,112675,37999,44583,82582,20706,25513,46219,7992,14239,22231,1624,4966,6590,420241,479732,899973
2021-07-02,32494,30325,62819,46182,48617,94799,71333,81724,153057,83220,92196,175416,68954,78155,147109,51521,61687,113208,38150,44797,82947,20798,25643,46441,8025,14285,22310,1628,4980,6608,422305,482409,904714
2021-07-03,32677,30501,63178,46331,48814,95145,71542,81994,153536,83487,92533,176020,69177,78452,147629,51676,61859,113535,38277,44936,83213,20856,25729,46585,8041,14320,22361,1634,4991,6625,423698,484129,907827
2021-07-04,32853,30708,63561,46476,48967,95443,71691,82240,153931,83735,92857,176592,69367,78701,148068,51823,62052,113875,38373,45060,83433,20904,25804,46708,8059,14356,22415,1638,5003,6641,424919,485748,910667
2021-07-05,33175,31014,64189,46736,49252,95988,72052,82701,154753,84189,93409,177598,69684,79171,148855,52034,62348,114382,38543,45260,83803,21010,25922,46932,8096,14404,22500,1643,5019,6662,427162,488500,915662
2021-07-06,33531,31342,64873,47068,49583,96651,72456,83153,155609,84637,94001,178638,70040,79636,149676,52266,62655,114921,38704,45478,84182,21105,26061,47166,8123,14467,22590,1648,5037,6685,429578,491413,920991
2021-07-07,33833,31626,65459,47380,49914,97294,72864,83632,156496,85087,94550,179637,70420,80057,150477,52528,62940,115468,38846,45661,84507,21185,26146,47331,8150,14512,22662,1655,5054,6709,431948,494092,926040
2021-07-08,34143,31927,66070,47713,50295,98008,73345,84158,157503,85575,95159,180734,70802,80593,151395,52795,63309,116104,39018,45936,84954,21282,26291,47573,8201,14557,22758,1659,5072,6731,434533,497297,931830
2021-07-09,34358,32155,66513,47943,50532,98475,73621,84511,158132,85920,95572,181492,71072,80957,152029,52978,63544,116522,39128,46070,85198,21344,26372,47716,8231,14605,22836,1664,5082,6746,436259,499400,935659
2021-07-10,34554,32359,66913,48164,50743,98907,73858,84799,158657,86188,95938,182126,71289,81265,152554,53166,63782,116948,39255,46230,85485,21413,26469,47882,8251,14650,22901,1669,5093,6762,437807,501328,939135
2021-07-11,34797,32574,67371,48321,50901,99222,74071,85050,159121,86441,96285,182726,71528,81579,153107,53344,63997,117341,39381,46378,85759,21475,26552,48027,8264,14677,22941,1675,5103,6778,439297,503096,942393
2021-07-12,35163,32930,68093,48636,51233,99869,74504,85587,160091,86950,96851,183801,71978,82107,154085,53599,64367,117966,39604,46595,86199,21578,26681,48259,8297,14723,23020,1685,5120,6805,441994,506194,948188
2021-07-13,35534,33236,68770,48948,51589,100537,74923,86088,161011,87387,97373,184760,72347,82601,154948,53858,64722,118580,39771,46820,86591,21685,26809,48494,8330,14779,23109,1694,5140,6834,444477,509157,953634
2021-07-14,35879,33568,69447,49338,51975,101313,75415,86629,162044,87822,97991,185813,72761,83100,155861,54104,65083,119187,39969,47034,87003,21783,26921,48704,8359,14826,23185,1698,5152,6850,447128,512279,959407
2021-07-15,36190,33831,70021,49756,52377,102133,75884,87197,163081,88330,98610,186940,73247,83721,156968,54434,65447,119881,40151,47278,87429,21871,27066,48937,8388,14884,23272,1703,5168,6871,449954,515579,965533
2021-07-16,36451,34084,70535,50119,52725,102844,76318,87721,164039,88759,99184,187943,73686,84273,157959,54688,65779,120467,40305,47515,87820,21951,27185,49136,8418,14941,23359,1706,5184,6890,452401,518591,970992
2021-07-17,36642,34294,70936,50361,52973,103334,76579,88051,164630,89053,99581,188634,73949,84597,158546,54887,65989,120876,40435,47644,88079,22023,27270,49293,8435,14970,23405,1710,5194,6904,454074,520563,974637
2021-07-18,36843,34451,71294,50544,53186,103730,76809,88345,165154,89304,99905,189209,74180,84906,159086,55078,66196,121274,40539,47769,88308,22092,27345,49437,8460,15013,23473,1713,5201,6914,455562,522317,977879
2021-07-19,37093,34686,71779,50778,53457,104235,77212,88795,166007,89692,100400,190092,74540,85342,159882,55342,66559,121901,40733,48009,88742,22194,27482,49676,8506,15062,23568,1716,5207,6923,457806,524999,982805
2021-07-20,37360,34925,72285,51015,53700,104715,77546,89228,166774,90045,100849,190894,74849,85736,160585,55576,66838,122414,40898,48211,89109,22285,27601,49886,8538,15112,23650,1723,5221,6944,459835,527421,987256
2021-07-21,37650,35187,72837,51323,54007,105330,77955,89741,167696,90456,101384,191840,75250,86253,161503,55869,67206,123075,41107,48503,89610,22388,27765,50153,8569,15176,23745,1727,5233,6960,462294,530455,992749
2021-07-22,37916,35432,73348,51683,54362,106045,78344,90284,168628,90972,101977,192949,75704,86838,162542,56185,67566,123751,41298,48741,90039,22489,27892,50381,8607,15235,23842,1733,5242,6975,464931,533569,998500
2021-07-23,38140,35637,73777,51934,54658,106592,78660,90691,169351,91354,102480,193834,76078,87247,163325,56434,67863,124297,41430,48938,90368,22562,28015,50577,8631,15281,23912,1739,5260,6999,466962,536070,1003032
2021-07-24,38324,35818,74142,52185,55010,107195,78952,91043,169995,91754,102960,194714,76486,87715,164201,56683,68150,124833,41574,49146,90720,22640,28106,50746,8657,15319,23976,1742,5271,7013,468997,538538,1007535
2021-07-25,38485,35986,74471,52459,55364,107823,79173,91343,170516,92131,103417,195548,76933,88244,165177,56930,68411,125341,41712,49297,91009,22732,28194,50926,8673,15354,24027,1748,5279,7027,470976,540889,1011865
2021-07-26,38730,36247,74977,52832,55851,108683,79555,91889,171444,92661,104111,196772,77456,88897,166353,57273,68824,126097,41926,49590,91516,22848,28381,51229,8712,15418,24130,1756,5298,7054,473749,544506,1018255
2021-07-27,38902,36416,75318,53052,56133,109185,79862,92275,172137,92977,104516,197493,77783,89251,167034,57461,69085,126546,42048,49764,91812,22935,28493,51428,8748,15464,24212,1759,5310,7069,475527,546707,1022234
2021-07-28,39097,36584,75681,53292,56452,109744,80237,92716,172953,93384,104997,198381,78127,89673,167800,57701,69367,127068,42237,49981,92218,23030,28605,51635,8775,15503,24278,1765,5318,7083,477645,549196,1026841
2021-07-29,39283,36769,76052,53576,56716,110292,80564,93161,173725,93793,105498,199291,78483,90106,168589,57915,69622,127537,42408,50175,92583,23114,28720,51834,8802,15535,24337,1769,5336,7105,479707,551638,1031345
2021-07-30,39499,36978,76477,53935,57093,111028,81039,93784,174823,94353,106286,200639,78970,90737,169707,58251,70076,128327,42635,50479,93114,23215,28882,52097,8839,15594,24433,1775,5349,7124,482511,555258,1037769
2021-07-31,39726,37197,76923,54261,57483,111744,81356,94227,175583,94849,106962,201811,79543,91407,170950,58561,70439,129000,42814,50716,93530,23320,29010,52330,8866,15622,24488,1778,5363,7141,485074,558426,1043500
2021-08-01,39968,37454,77422,54587,57860,112447,81573,94547,176120,95222,107501,202723,80035,92027,172062,58799,70733,129532,42948,50886,93834,23394,29117,52511,8889,15677,24566,1785,5373,7158,487200,561175,1048375
2021-08-02,40315,37759,78074,55010,58297,113307,81979,95108,177087,95797,108224,204021,80588,92796,173384,59130,71231,130361,43247,51228,94475,23525,29308,52833,8936,15753,24689,1790,5392,7182,490317,565096,1055413
2021-08-03,40680,38126,78806,55425,58845,114270,82471,95788,178259,96396,109063,205459,81209,93609,174818,59555,71834,131389,43556,51624,95180,23704,29548,53252,8981,15838,24819,1798,5418,7216,493775,569693,1063468
2021-08-04,41031,38451,79482,55808,59248,115056,82951,96369,179320,96970,109766,206736,81633,94235,175868,59870,72268,132138,43809,51942,95751,23815,29734,53549,9014,15900,24914,1801,5436,7237,496702,573349,1070051
2021-08-05,41423,38843,80266,56270,59757,116027,83583,97177,180760,97650,110639,208289,82274,95022,177296,60283,72843,133126,44095,52297,96392,23955,29915,53870,9053,15971,25024,1809,5451,7260,500395,577915,1078310
2021-08-06,41854,39210,81064,56855,60336,117191,84214,98067,182281,98386,111649,210035,82931,95897,178828,60705,73472,134177,44417,52759,97176,24114,30162,54276,9100,16030,25130,1812,5467,7279,504388,583049,1087437
2021-08-07,42109,39479,81588,57156,60712,117868,84601,98523,183124,98876,112182,211058,83313,96385,179698,60987,73839,134826,44603,53009,97612,24212,30324,54536,9130,16083,25213,1818,5474,7292,506805,586010,1092815
2021-08-08,42465,39807,82272,57484,61078,118562,84887,98919,183806,99260,112685,211945,83743,96931,180674,61240,74183,135423,44804,53249,98053,24298,30429,54727,9151,16133,25284,1823,5483,7306,509155,588897,1098052
2021-08-09,42946,40231,83177,57858,61507,119365,85381,99616,184997,99860,113404,213264,84251,97613,181864,61625,74689,136314,45059,53570,98629,24439,30588,55027,9200,16197,25397,1833,5500,7333,512452,592915,1105367
2021-08-10,43479,40737,84216,58342,62008,120350,85925,100379,186304,100444,114190,214634,84773,98337,183110,62023,75197,137220,45330,53918,99248,24595,30775,55370,9245,16265,25510,1836,5518,7354,515992,597324,1113316
2021-08-11,43963,41220,85183,58909,62598,121507,86522,101189,187711,101128,115043,216171,85362,99163,184525,62413,75745,138158,45584,54235,99819,24737,30947,55684,9300,16340,25640,1847,5542,7389,519765,602022,1121787
2021-08-12,44461,41694,86155,59444,63127,122571,87057,101936,188993,101738,115787,217525,85917,99943,185860,62768,76249,139017,45817,54512,100329,24867,31094,55961,9351,16398,25749,1854,5561,7415,523274,606301,1129575
2021-08-13,45105,42248,87353,60199,63909,124108,87735,102978,190713,102625,116972,219597,86661,100966,187627,63230,76973,140203,46115,54901,101016,25042,31308,56350,9407,16467,25874,1860,5577,7437,527979,612299,1140278
2021-08-14,45507,42643,88150,60659,64374,125033,88091,103527,191618,103122,117653,220775,87152,101631,188783,63547,77415,140962,46308,55159,101467,25161,31438,56599,9439,16516,25955,1864,5589,7453,530850,615945,1146795
2021-08-15,45869,43010,88879,60986,64764,125750,88399,103917,192316,103539,118203,221742,87569,102149,189718,63853,77813,141666,46487,55398,101885,25276,31559,56835,9461,16568,26029,1867,5602,7469,533306,618983,1152289
2021-08-16,46346,43453,89799,61414,65213,126627,88718,104408,193126,104004,118842,222846,88051,102775,190826,64183,78195,142378,46663,55636,102299,25399,31693,57092,9492,16611,26103,1875,5616,7491,536145,622442,1158587
2021-08-17,47026,44008,91034,62102,65925,128027,89331,105297,194628,104860,119860,224720,88676,103741,192417,64692,78867,143559,46967,56020,102987,25564,31881,57445,9534,16700,26234,1881,5640,7521,540633,627939,1168572
2021-08-18,47682,44642,92324,62818,66634,129452,89878,106108,195986,105600,120850,226450,89266,104576,193842,65095,79460,144555,47238,56392,103630,25726,32085,57811,9572,16785,26357,1895,5665,7560,544770,633197,1177967
2021-08-19,48305,45201,93506,63458,67325,130783,90441,106964,197405,106364,121799,228163,89858,105389,195247,65526,80024,145550,47495,56730,104225,25850,32249,58099,9613,16843,26456,1904,5679,7583,548814,638203,1187017
2021-08-20,49042,45857,94899,64229,68136,132365,91048,107782,198830,107052,122779,229831,90483,106329,196812,65927,80637,146564,47770,57112,104882,25999,32469,58468,9650,16922,26572,1914,5698,7612,553114,643721,1196835
2021-08-21,49437,46294,95731,64636,68567,133203,91414,108347,199761,107579,123498,231077,90938,106949,197887,66259,81065,147324,47971,57390,105361,26110,32624,58734,9681,16976,26657,1918,5715,7633,555943,647425,1203368
2021-08-22,49997,46832,96829,65024,68986,134010,91716,108790,200506,108094,124197,232291,91394,107602,198996,66602,81487,148089,48177,57658,105835,26231,32751,58982,9710,17020,26730,1925,5728,7653,558870,651051,1209921
2021-08-23,50946,47756,98702,65712,69735,135447,92336,109633,201969,108899,125248,234147,92093,108599,200692,67052,82108,149160,48499,58087,106586,26401,32982,59383,9758,17087,26845,1929,5748,7677,563625,656983,1220608
2021-08-24,51879,48660,100539,66432,70446,136878,92908,110408,203316,109602,126287,235889,92711,109464,202175,67455,82704,150159,48767,58499,107266,26545,33155,59700,9817,17151,26968,1935,5766,7701,568051,662540,1230591
2021-08-25,52791,49531,102322,67112,71105,138217,93398,111116,204514,110253,127304,237557,93312,110350,203662,67863,83258,151121,49050,58912,107962,26714,33341,60055,9868,17190,27058,1943,5797,7740,572304,667904,1240208
2021-08-26,53741,50433,104174,67840,71872,139712,93962,111952,205914,110980,128324,239304,93936,111257,205193,68251,83855,152106,49347,59299,108646,26870,33571,60441,9920,17267,27187,1948,5818,7766,576795,673648,1250443
2021-08-27,54794,51370,106164,68560,72734,141294,94497,112781,207278,111714,129430,241144,94586,112262,206848,68682,84457,153139,49635,59689,109324,27011,33761,60772,9961,17342,27303,1952,5835,7787,581392,679661,1261053
2021-08-28,55359,51845,107204,68936,73106,142042,94823,113286,208109,112203,130086,242289,94967,112877,207844,68965,84814,153779,49826,59937,109763,27099,33882,60981,10003,17386,27389,1954,5841,7795,584135,683060,1267195
2021-08-29,55977,52435,108412,69238,73461,142699,95043,113654,208697,112598,130621,243219,95349,113390,208739,69209,85144,154353,49981,60129,110110,27185,33997,61182,10038,17424,27462,1954,5848,7802,586572,686103,1272675
2021-08-30,56946,53314,110260,69842,74055,143897,95492,114273,209765,113232,131521,244753,95920,114184,210104,69573,85647,155220,50237,60495,110732,27321,34181,61502,10091,17488,27579,1958,5864,7822,590612,691022,1281634
2021-08-31,57799,54118,111917,70488,74623,145111,95921,114943,210864,113833,132343,246176,96461,114979,211440,69935,86131,156066,50485,60816,111301,27460,34356,61816,10124,17549,27673,1963,5875,7838,594469,695733,1290202
2021-09-01,58152,54450,112602,70792,74938,145730,96218,115398,211616,114230,132986,247216,96805,115496,212301,70173,86435,156608,50627,60991,111618,27509,34438,61947,10137,17581,27718,1964,5881,7845,596607,698594,1295201
2021-09-02,58173,54460,112633,70800,74944,145744,96224,115407,211631,114247,132996,247243,96812,115506,212318,70182,86442,156624,50630,60994,111624,27510,34439,61949,10137,17581,27718,1964,5881,7845,596679,698650,1295329
