FECHA,<=10M,<=10F,<=10,11-20M,11-20F,11-20,21-30M,21-30F,21-30,31-40M,31-40F,31-40,41-50M,41-50F,41-50,51-60M,51-60F,51-60,61-70M,61-70F,61-70,71-80M,71-80F,71-80,81-90M,81-90F,81-90,>=91M,>=91F,>=91,TotalM,TotalF,Total,DelayCount,CumDelay,DelayAvg
2020-03-15,1,0,1,0,0,0,0,2,2,2,1,3,1,1,2,1,0,1,1,0,1,1,1,2,0,0,0,0,0,0,7,5,12,12,41,3.4166666666666665
2020-03-16,1,3,4,1,0,1,1,2,3,1,1,2,0,0,0,2,1,3,2,2,4,0,0,0,0,0,0,0,0,0,8,9,17,17,58,3.411764705882353
2020-03-17,1,4,5,0,1,1,2,1,3,1,1,2,1,3,4,0,2,2,1,1,2,2,2,4,1,0,1,0,0,0,9,15,24,24,367,15.291666666666666
2020-03-18,3,1,4,1,0,1,1,0,1,2,1,3,1,3,4,1,1,2,1,2,3,1,0,1,1,0,1,0,0,0,12,8,20,20,39,1.95
2020-03-19,2,0,2,0,0,0,3,2,5,3,2,5,2,1,3,0,0,0,1,1,2,1,1,2,0,0,0,1,0,1,13,7,20,20,46,2.3
2020-03-20,1,1,2,1,0,1,1,0,1,1,2,3,0,1,1,0,1,1,1,1,2,2,2,4,1,0,1,0,0,0,8,8,16,16,30,1.875
2020-03-21,0,0,0,2,1,3,1,2,3,3,1,4,2,1,3,1,0,1,2,2,4,1,1,2,0,0,0,1,0,1,13,8,21,21,61,2.9047619047619047
2020-03-22,3,1,4,0,0,0,3,1,4,0,0,0,0,0,0,2,1,3,0,1,1,2,0,2,3,2,5,0,0,0,13,6,19,19,44,2.3157894736842106
2020-03-23,4,1,5,0,2,2,1,2,3,2,1,3,0,2,2,2,0,2,2,1,3,4,3,7,3,3,6,0,2,2,18,17,35,35,64,1.8285714285714285
2020-03-24,2,0,2,0,0,0,1,1,2,1,1,2,0,2,2,2,2,4,0,1,1,2,0,2,2,1,3,1,0,1,11,8,19,19,29,1.5263157894736843
2020-03-25,1,4,5,0,0,0,2,3,5,2,4,6,1,0,1,1,3,4,3,1,4,2,2,4,2,4,6,2,1,3,16,22,38,38,86,2.263157894736842
2020-03-26,4,3,7,2,1,3,2,2,4,4,3,7,1,4,5,3,2,5,1,3,4,3,3,6,5,0,5,2,1,3,27,22,49,49,173,3.5306122448979593
2020-03-27,2,3,5,0,1,1,1,2,3,3,0,3,1,4,5,1,3,4,2,5,7,4,6,10,3,2,5,2,6,8,19,32,51,51,115,2.2549019607843137
2020-03-28,2,0,2,0,0,0,1,2,3,2,1,3,1,1,2,3,1,4,3,0,3,4,7,11,2,1,3,1,0,1,19,13,32,32,111,3.46875
2020-03-29,1,0,1,2,1,3,1,2,3,2,1,3,2,3,5,0,0,0,6,4,10,4,1,5,4,2,6,2,1,3,24,15,39,39,85,2.1794871794871793
2020-03-30,4,2,6,0,0,0,1,6,7,5,2,7,5,2,7,1,1,2,7,1,8,3,5,8,4,1,5,3,2,5,33,22,55,55,106,1.9272727272727272
2020-03-31,8,2,10,1,0,1,6,1,7,8,2,10,5,3,8,2,1,3,6,2,8,4,3,7,2,3,5,4,0,4,46,17,63,63,124,1.9682539682539681
2020-04-01,10,10,20,0,2,2,5,3,8,7,2,9,11,5,16,3,5,8,4,3,7,6,4,10,5,5,10,0,1,1,51,40,91,91,207,2.2747252747252746
2020-04-02,7,8,15,4,4,8,3,5,8,5,4,9,3,5,8,2,8,10,8,5,13,8,6,14,5,6,11,3,4,7,48,55,103,103,183,1.7766990291262137
2020-04-03,16,8,24,4,3,7,5,7,12,6,10,16,6,10,16,2,5,7,8,5,13,6,4,10,6,6,12,1,5,6,60,63,123,123,245,1.991869918699187
2020-04-04,7,12,19,2,3,5,2,8,10,2,11,13,5,2,7,6,0,6,6,3,9,2,5,7,4,2,6,1,3,4,37,49,86,86,163,1.8953488372093024
2020-04-05,6,10,16,4,5,9,6,1,7,6,2,8,7,5,12,4,2,6,1,11,12,6,7,13,3,4,7,2,3,5,45,50,95,95,162,1.7052631578947368
2020-04-06,10,9,19,4,2,6,7,3,10,10,5,15,9,4,13,9,3,12,7,7,14,11,5,16,7,4,11,1,3,4,75,45,120,120,174,1.45
2020-04-07,10,10,20,4,5,9,5,3,8,7,7,14,4,5,9,8,2,10,4,4,8,8,8,16,6,11,17,2,1,3,58,56,114,114,129,1.131578947368421
2020-04-08,8,9,17,4,2,6,3,6,9,5,3,8,7,4,11,7,4,11,9,5,14,9,4,13,2,3,5,3,6,9,57,46,103,103,120,1.1650485436893203
2020-04-09,4,3,7,3,2,5,3,7,10,14,9,23,2,6,8,8,8,16,4,4,8,7,10,17,5,8,13,4,5,9,54,62,116,116,152,1.3103448275862069
2020-04-10,15,4,19,4,3,7,2,6,8,4,2,6,10,1,11,3,6,9,6,1,7,1,9,10,5,8,13,1,4,5,51,44,95,95,126,1.3263157894736841
2020-04-11,6,5,11,4,3,7,7,4,11,6,5,11,7,3,10,2,4,6,4,6,10,7,3,10,3,7,10,1,4,5,47,44,91,91,117,1.2857142857142858
2020-04-12,9,6,15,2,0,2,2,4,6,8,3,11,3,6,9,9,3,12,3,4,7,3,8,11,5,4,9,0,2,2,44,40,84,84,137,1.630952380952381
2020-04-13,9,11,20,7,4,11,12,7,19,4,9,13,6,5,11,5,6,11,8,6,14,4,8,12,8,10,18,4,5,9,67,71,138,138,162,1.173913043478261
2020-04-14,15,6,21,3,1,4,6,6,12,9,4,13,4,5,9,11,6,17,4,7,11,9,5,14,6,4,10,4,4,8,71,48,119,119,121,1.0168067226890756
2020-04-15,9,3,12,4,6,10,4,6,10,6,6,12,8,14,22,5,8,13,9,4,13,10,4,14,6,7,13,5,3,8,66,61,127,127,179,1.4094488188976377
2020-04-16,10,3,13,5,5,10,7,4,11,10,13,23,10,12,22,7,9,16,4,10,14,7,4,11,4,5,9,0,4,4,64,69,133,133,134,1.0075187969924813
2020-04-17,14,11,25,4,5,9,1,7,8,6,14,20,14,10,24,7,7,14,7,6,13,15,9,24,5,8,13,1,3,4,74,80,154,154,211,1.37012987012987
2020-04-18,10,9,19,6,1,7,9,3,12,15,6,21,8,5,13,7,4,11,2,2,4,5,10,15,6,9,15,3,4,7,71,53,124,124,194,1.564516129032258
2020-04-19,10,7,17,4,1,5,4,2,6,5,4,9,5,5,10,5,9,14,7,6,13,5,8,13,5,7,12,1,1,2,51,50,101,101,126,1.2475247524752475
2020-04-20,14,9,23,8,8,16,13,6,19,12,10,22,9,6,15,9,5,14,12,9,21,15,11,26,10,8,18,4,15,19,106,87,193,193,223,1.1554404145077721
2020-04-21,12,8,20,5,6,11,13,4,17,8,13,21,3,4,7,7,7,14,7,8,15,11,10,21,8,10,18,2,10,12,76,80,156,156,180,1.1538461538461537
2020-04-22,13,10,23,4,7,11,6,7,13,11,3,14,11,6,17,6,9,15,8,3,11,7,14,21,8,12,20,7,6,13,81,77,158,158,243,1.5379746835443038
2020-04-23,17,12,29,4,4,8,7,11,18,9,8,17,8,8,16,5,12,17,7,4,11,10,8,18,10,10,20,7,9,16,84,86,170,170,171,1.0058823529411764
2020-04-24,16,11,27,5,5,10,9,8,17,12,11,23,6,7,13,7,8,15,8,11,19,11,11,22,10,15,25,3,3,6,87,90,177,177,190,1.073446327683616
2020-04-25,10,4,14,4,1,5,3,5,8,8,9,17,4,5,9,5,6,11,6,4,10,7,4,11,10,15,25,4,5,9,61,58,119,119,106,0.8907563025210085
2020-04-26,8,16,24,5,6,11,3,4,7,4,3,7,8,6,14,3,3,6,7,7,14,6,7,13,7,7,14,1,4,5,52,63,115,115,102,0.8869565217391304
2020-04-27,12,12,24,6,3,9,6,8,14,5,10,15,3,11,14,11,9,20,6,9,15,20,6,26,11,14,25,3,5,8,83,87,170,170,139,0.8176470588235294
2020-04-28,17,7,24,5,5,10,11,12,23,11,11,22,8,11,19,6,9,15,6,7,13,3,12,15,6,14,20,2,4,6,75,92,167,167,130,0.7784431137724551
2020-04-29,19,12,31,6,5,11,14,7,21,18,11,29,10,8,18,9,7,16,4,8,12,10,6,16,3,14,17,5,10,15,98,88,186,186,149,0.8010752688172043
2020-04-30,17,10,27,9,1,10,10,6,16,6,7,13,11,9,20,7,13,20,10,8,18,7,10,17,8,17,25,8,7,15,93,88,181,181,149,0.8232044198895028
2020-05-01,2,13,15,6,5,11,1,7,8,11,11,22,10,6,16,7,3,10,11,6,17,7,8,15,8,12,20,0,2,2,63,73,136,136,113,0.8308823529411765
2020-05-02,7,17,24,5,6,11,6,2,8,10,5,15,7,5,12,7,2,9,3,4,7,8,1,9,6,12,18,1,3,4,60,57,117,117,114,0.9743589743589743
2020-05-03,8,8,16,4,2,6,5,5,10,8,6,14,5,5,10,8,2,10,8,7,15,5,9,14,6,8,14,3,5,8,60,57,117,117,97,0.8290598290598291
2020-05-04,18,19,37,5,2,7,8,10,18,10,6,16,6,6,12,9,3,12,8,12,20,14,15,29,8,16,24,2,4,6,88,93,181,181,139,0.7679558011049724
2020-05-05,11,10,21,8,2,10,10,9,19,12,14,26,6,11,17,10,5,15,10,8,18,15,7,22,6,13,19,1,10,11,89,89,178,178,115,0.6460674157303371
2020-05-06,13,14,27,4,0,4,11,7,18,17,15,32,17,9,26,5,5,10,10,6,16,19,14,33,7,12,19,4,6,10,107,88,195,195,128,0.6564102564102564
2020-05-07,16,11,27,7,5,12,14,8,22,11,9,20,14,10,24,5,6,11,7,7,14,16,6,22,6,12,18,1,8,9,97,82,179,179,112,0.6256983240223464
2020-05-08,15,13,28,7,5,12,15,7,22,10,15,25,17,10,27,15,4,19,8,11,19,13,9,22,11,12,23,2,12,14,113,98,211,211,229,1.085308056872038
2020-05-09,18,12,30,4,0,4,6,12,18,5,8,13,9,8,17,4,6,10,7,6,13,11,2,13,5,10,15,5,8,13,74,72,146,146,132,0.9041095890410958
2020-05-10,8,8,16,1,2,3,8,10,18,5,6,11,4,7,11,3,5,8,9,6,15,8,12,20,5,13,18,1,5,6,52,74,126,125,109,0.872
2020-05-11,15,17,32,6,5,11,7,7,14,14,14,28,12,12,24,8,6,14,11,6,17,13,9,22,12,17,29,4,14,18,102,107,209,209,150,0.7177033492822966
2020-05-12,19,9,28,7,9,16,25,19,44,19,8,27,9,13,22,6,5,11,9,8,17,8,11,19,9,14,23,5,11,16,116,107,223,223,157,0.7040358744394619
2020-05-13,24,15,39,10,9,19,17,12,29,14,24,38,16,7,23,9,9,18,8,8,16,9,8,17,8,15,23,1,9,10,116,116,232,232,199,0.8577586206896551
2020-05-14,20,23,43,9,13,22,12,18,30,19,18,37,11,8,19,7,10,17,11,12,23,10,9,19,9,13,22,2,15,17,110,139,249,249,225,0.9036144578313253
2020-05-15,18,20,38,8,5,13,7,11,18,13,12,25,8,17,25,11,7,18,10,9,19,6,6,12,10,21,31,5,10,15,96,118,214,213,186,0.8732394366197183
2020-05-16,12,17,29,7,6,13,5,10,15,9,14,23,7,8,15,5,7,12,7,5,12,9,6,15,6,5,11,5,14,19,72,92,164,164,218,1.329268292682927
2020-05-17,18,13,31,4,7,11,8,10,18,8,7,15,8,11,19,5,3,8,7,7,14,6,5,11,10,12,22,4,4,8,78,79,157,157,117,0.7452229299363057
2020-05-18,21,20,41,8,11,19,25,20,45,22,17,39,11,18,29,14,11,25,13,14,27,18,14,32,17,13,30,1,11,12,150,149,299,299,223,0.745819397993311
2020-05-19,16,18,34,13,13,26,26,21,47,32,23,55,25,15,40,16,14,30,16,13,29,10,19,29,12,22,34,3,9,12,169,167,336,336,223,0.6636904761904762
2020-05-20,26,39,65,13,16,29,27,21,48,39,17,56,15,14,29,9,12,21,19,14,33,12,12,24,12,16,28,6,6,12,178,167,345,345,219,0.6347826086956522
2020-05-21,31,30,61,19,9,28,30,22,52,28,26,54,16,20,36,17,12,29,12,6,18,14,9,23,8,16,24,1,4,5,176,154,330,330,170,0.5151515151515151
2020-05-22,32,17,49,13,14,27,27,29,56,21,25,46,16,15,31,12,9,21,6,10,16,10,11,21,6,15,21,6,13,19,149,158,307,307,145,0.4723127035830619
2020-05-23,18,17,35,13,14,27,23,18,41,25,16,41,10,15,25,9,7,16,13,10,23,9,13,22,9,6,15,2,2,4,131,118,249,249,153,0.6144578313253012
2020-05-24,16,19,35,7,7,14,13,9,22,13,12,25,9,4,13,6,4,10,11,6,17,10,8,18,5,12,17,2,6,8,92,87,179,179,127,0.7094972067039106
2020-05-25,25,23,48,17,21,38,21,24,45,13,14,27,15,10,25,6,8,14,7,8,15,11,4,15,10,16,26,2,8,10,127,136,263,263,146,0.5551330798479087
2020-05-26,33,29,62,20,20,40,33,30,63,46,31,77,17,25,42,9,16,25,8,6,14,14,5,19,10,15,25,3,10,13,193,187,380,380,275,0.7236842105263158
2020-05-27,41,31,72,13,17,30,21,26,47,24,17,41,17,12,29,18,14,32,9,8,17,7,12,19,4,15,19,4,2,6,158,154,312,312,231,0.7403846153846154
2020-05-28,25,42,67,18,12,30,24,29,53,22,21,43,24,21,45,12,18,30,9,12,21,10,6,16,14,17,31,4,14,18,162,192,354,354,257,0.7259887005649718
2020-05-29,34,29,63,23,19,42,36,30,66,28,39,67,29,20,49,15,18,33,14,11,25,15,11,26,14,17,31,2,4,6,210,198,408,408,311,0.7622549019607843
2020-05-30,27,22,49,14,9,23,36,24,60,34,15,49,12,17,29,12,12,24,6,6,12,10,11,21,8,10,18,1,7,8,160,133,293,292,134,0.4589041095890411
2020-05-31,24,16,40,11,10,21,16,10,26,15,9,24,14,7,21,5,9,14,8,4,12,11,6,17,5,10,15,1,8,9,110,89,199,199,103,0.5175879396984925
2020-06-01,30,25,55,21,17,38,27,37,64,28,31,59,16,19,35,15,13,28,22,13,35,12,8,20,6,10,16,5,4,9,182,177,359,359,243,0.6768802228412256
2020-06-02,40,27,67,21,22,43,33,27,60,21,25,46,17,19,36,11,14,25,17,8,25,21,11,32,7,14,21,4,11,15,192,178,370,370,216,0.5837837837837838
2020-06-03,35,23,58,14,25,39,25,26,51,25,35,60,15,23,38,8,11,19,14,15,29,18,11,29,10,16,26,2,9,11,166,194,360,360,193,0.5361111111111111
2020-06-04,32,28,60,17,22,39,32,28,60,18,26,44,18,16,34,24,15,39,9,7,16,20,13,33,10,16,26,3,9,12,183,180,363,361,222,0.6149584487534626
2020-06-05,38,38,76,13,19,32,35,23,58,28,39,67,27,25,52,21,23,44,14,15,29,16,12,28,12,20,32,3,9,12,207,223,430,430,363,0.8441860465116279
2020-06-06,24,22,46,14,12,26,20,16,36,27,25,52,14,16,30,13,9,22,11,12,23,11,8,19,10,17,27,2,9,11,146,146,292,287,195,0.6794425087108014
2020-06-07,22,23,45,13,12,25,19,16,35,17,15,32,16,8,24,10,7,17,7,5,12,8,6,14,12,12,24,2,8,10,126,112,238,235,133,0.5659574468085107
2020-06-08,28,33,61,19,20,39,36,27,63,38,31,69,33,20,53,19,18,37,13,11,24,16,16,32,10,17,27,4,7,11,216,200,416,415,257,0.619277108433735
2020-06-09,51,31,82,24,23,47,18,37,55,27,29,56,31,21,52,17,6,23,11,8,19,8,15,23,12,26,38,3,11,14,202,207,409,408,340,0.8333333333333334
2020-06-10,24,30,54,14,18,32,37,20,57,31,37,68,29,21,50,22,20,42,19,12,31,19,24,43,6,20,26,6,14,20,207,216,423,423,288,0.6808510638297872
2020-06-11,37,38,75,13,19,32,30,29,59,35,29,64,15,25,40,16,23,39,11,21,32,16,15,31,7,26,33,3,15,18,183,240,423,423,287,0.6784869976359338
2020-06-12,36,42,78,9,24,33,47,33,80,45,47,92,32,30,62,16,17,33,23,17,40,16,14,30,6,21,27,4,9,13,234,254,488,488,320,0.6557377049180327
2020-06-13,34,27,61,22,20,42,33,33,66,32,23,55,8,20,28,16,15,31,10,5,15,13,8,21,6,15,21,2,7,9,176,173,349,349,241,0.6905444126074498
2020-06-14,20,25,45,20,18,38,24,19,43,19,16,35,17,11,28,10,17,27,10,4,14,3,12,15,13,21,34,1,8,9,137,151,288,288,199,0.6909722222222222
2020-06-15,32,32,64,25,19,44,29,28,57,21,24,45,19,13,32,12,11,23,12,3,15,13,10,23,6,16,22,2,10,12,171,166,337,337,198,0.5875370919881305
2020-06-16,49,59,108,21,20,41,58,43,101,47,36,83,37,25,62,21,17,38,17,13,30,15,7,22,12,22,34,3,14,17,280,256,536,536,331,0.6175373134328358
2020-06-17,40,40,80,21,25,46,50,35,85,38,44,82,35,22,57,25,15,40,16,12,28,9,19,28,17,15,32,2,9,11,253,236,489,489,399,0.8159509202453987
2020-06-18,45,42,87,19,14,33,55,39,94,48,53,101,43,19,62,31,22,53,20,18,38,13,16,29,15,24,39,2,11,13,291,258,549,549,473,0.8615664845173042
2020-06-19,54,30,84,14,25,39,32,36,68,60,40,100,36,38,74,37,19,56,29,20,49,20,18,38,17,18,35,7,14,21,306,258,564,564,578,1.024822695035461
2020-06-20,32,34,66,16,20,36,35,23,58,36,28,64,23,28,51,17,19,36,16,14,30,10,9,19,7,15,22,4,5,9,196,195,391,391,229,0.5856777493606138
2020-06-21,31,21,52,16,17,33,28,30,58,20,28,48,16,7,23,13,10,23,9,10,19,10,6,16,7,9,16,1,7,8,151,145,296,296,130,0.4391891891891892
2020-06-22,47,40,87,28,26,54,37,43,80,47,27,74,30,32,62,24,26,50,16,21,37,18,15,33,6,22,28,2,12,14,255,264,519,519,343,0.6608863198458574
2020-06-23,46,40,86,28,31,59,48,40,88,55,45,100,33,40,73,17,31,48,18,21,39,11,12,23,12,15,27,2,6,8,270,281,551,551,323,0.5862068965517241
2020-06-24,41,39,80,28,21,49,49,45,94,36,51,87,36,31,67,22,28,50,11,18,29,10,13,23,15,15,30,2,4,6,250,265,515,515,236,0.458252427184466
2020-06-25,49,53,102,36,39,75,42,39,81,43,34,77,38,34,72,37,31,68,10,14,24,11,14,25,9,12,21,5,5,10,280,275,555,555,365,0.6576576576576577
2020-06-26,44,34,78,34,27,61,55,46,101,40,45,85,35,32,67,18,24,42,23,17,40,12,16,28,11,19,30,1,9,10,273,269,542,542,273,0.503690036900369
2020-06-27,56,53,109,29,37,66,36,48,84,34,35,69,27,22,49,22,10,32,17,6,23,3,14,17,8,7,15,4,6,10,236,238,474,474,247,0.5210970464135021
2020-06-28,40,21,61,14,16,30,16,38,54,29,26,55,18,20,38,18,13,31,10,8,18,8,8,16,8,12,20,6,7,13,167,169,336,336,168,0.5
2020-06-29,42,46,88,31,39,70,43,39,82,51,36,87,24,26,50,15,31,46,25,12,37,13,16,29,13,17,30,3,8,11,260,270,530,530,307,0.5792452830188679
2020-06-30,31,39,70,12,27,39,51,37,88,35,45,80,33,34,67,29,25,54,21,9,30,18,10,28,7,18,25,2,11,13,239,255,494,493,254,0.5152129817444219
2020-07-01,45,35,80,17,27,44,58,45,103,41,33,74,31,32,63,26,28,54,17,14,31,14,12,26,9,21,30,3,6,9,261,253,514,513,310,0.6042884990253411
2020-07-02,52,52,104,25,31,56,46,49,95,48,47,95,39,30,69,20,23,43,18,11,29,10,14,24,13,11,24,3,5,8,274,273,547,547,213,0.38939670932358317
2020-07-03,53,35,88,27,20,47,40,35,75,51,57,108,25,32,57,24,23,47,19,15,34,10,16,26,9,17,26,4,4,8,262,254,516,516,265,0.5135658914728682
2020-07-04,34,36,70,20,21,41,35,39,74,29,31,60,28,19,47,21,13,34,10,9,19,11,15,26,5,11,16,3,7,10,196,201,397,397,169,0.4256926952141058
2020-07-05,23,36,59,21,12,33,31,34,65,28,34,62,12,24,36,17,18,35,19,15,34,15,14,29,9,14,23,4,8,12,179,209,388,388,183,0.47164948453608246
2020-07-06,32,35,67,20,19,39,43,44,87,56,34,90,34,34,68,31,25,56,24,24,48,18,29,47,10,23,33,3,9,12,271,276,547,547,179,0.3272394881170018
2020-07-07,47,64,111,26,28,54,58,48,106,55,44,99,29,31,60,29,25,54,19,16,35,12,13,25,10,23,33,7,12,19,292,304,596,596,229,0.38422818791946306
2020-07-08,43,32,75,30,30,60,56,41,97,38,41,79,47,43,90,24,33,57,19,19,38,16,20,36,12,15,27,4,14,18,289,288,577,577,265,0.4592720970537262
2020-07-09,32,26,58,15,14,29,30,29,59,39,28,67,33,27,60,13,13,26,10,16,26,9,23,32,4,16,20,7,7,14,192,199,391,391,154,0.3938618925831202
2020-07-10,30,23,53,21,23,44,31,31,62,29,37,66,25,24,49,17,19,36,21,19,40,16,12,28,14,17,31,1,10,11,205,215,420,420,153,0.36428571428571427
2020-07-11,29,38,67,21,12,33,21,29,50,25,33,58,25,27,52,15,22,37,20,13,33,14,19,33,4,18,22,2,9,11,176,220,396,396,184,0.46464646464646464
2020-07-12,26,17,43,16,10,26,23,21,44,26,17,43,16,13,29,10,11,21,11,11,22,9,7,16,6,12,18,4,6,10,147,125,272,272,99,0.3639705882352941
2020-07-13,35,45,80,28,25,53,42,44,86,43,46,89,43,39,82,29,34,63,32,26,58,20,35,55,14,46,60,2,25,27,288,365,653,653,380,0.5819295558958653
2020-07-14,45,37,82,31,22,53,38,29,67,66,43,109,41,38,79,33,20,53,22,26,48,19,28,47,6,17,23,7,14,21,308,274,582,582,256,0.43986254295532645
2020-07-15,36,43,79,37,26,63,41,66,107,62,64,126,41,44,85,26,34,60,23,24,47,12,19,31,14,16,30,7,5,12,299,341,640,640,262,0.409375
2020-07-16,46,29,75,22,36,58,53,59,112,59,42,101,39,49,88,30,35,65,19,18,37,16,18,34,18,31,49,2,17,19,304,334,638,638,351,0.5501567398119123
2020-07-17,47,40,87,27,25,52,32,49,81,47,57,104,40,60,100,32,40,72,27,29,56,18,19,37,16,19,35,4,10,14,290,348,638,638,306,0.47962382445141066
2020-07-18,29,30,59,21,17,38,43,41,84,35,46,81,28,35,63,26,25,51,27,22,49,12,11,23,15,22,37,2,6,8,238,255,493,493,280,0.5679513184584178
2020-07-19,34,37,71,16,22,38,26,27,53,30,35,65,30,29,59,25,26,51,16,13,29,15,9,24,11,18,29,2,7,9,205,223,428,428,170,0.397196261682243
2020-07-20,59,48,107,38,38,76,56,57,113,57,69,126,45,68,113,35,42,77,30,39,69,22,25,47,22,21,43,3,11,14,367,418,785,785,318,0.4050955414012739
2020-07-21,45,37,82,27,25,52,51,46,97,64,58,122,47,45,92,37,36,73,26,29,55,22,25,47,14,26,40,5,10,15,338,337,675,675,262,0.38814814814814813
2020-07-22,62,39,101,24,29,53,73,62,135,65,64,129,55,51,106,33,35,68,19,24,43,26,22,48,14,32,46,1,10,11,372,368,740,740,298,0.4027027027027027
2020-07-23,52,46,98,28,33,61,60,59,119,60,68,128,41,39,80,33,30,63,18,27,45,17,20,37,8,22,30,7,9,16,324,353,677,677,366,0.5406203840472673
2020-07-24,40,46,86,26,26,52,67,54,121,56,68,124,47,43,90,34,26,60,32,16,48,17,23,40,10,26,36,2,14,16,331,342,673,673,330,0.4903417533432392
2020-07-25,43,38,81,28,17,45,40,46,86,48,51,99,32,34,66,15,19,34,16,19,35,14,20,34,12,14,26,5,4,9,253,262,515,515,270,0.5242718446601942
2020-07-26,35,33,68,15,18,33,25,22,47,27,33,60,33,16,49,20,20,40,12,13,25,15,13,28,7,19,26,5,6,11,194,193,387,387,192,0.49612403100775193
2020-07-27,37,42,79,35,28,63,51,45,96,60,50,110,48,51,99,31,43,74,26,29,55,18,22,40,17,21,38,5,21,26,328,352,680,680,305,0.4485294117647059
2020-07-28,47,45,92,27,27,54,72,79,151,60,51,111,46,48,94,44,46,90,35,32,67,14,29,43,11,26,37,5,20,25,361,403,764,764,306,0.4005235602094241
2020-07-29,47,45,92,32,35,67,65,57,122,62,60,122,61,53,114,35,46,81,31,36,67,24,25,49,17,30,47,7,24,31,381,411,792,792,322,0.4065656565656566
2020-07-30,53,45,98,36,46,82,88,67,155,71,68,139,61,48,109,45,42,87,26,28,54,18,20,38,8,19,27,1,6,7,407,389,796,796,347,0.435929648241206
2020-07-31,42,54,96,19,28,47,57,75,132,81,74,155,55,46,101,39,40,79,23,35,58,22,27,49,11,28,39,6,18,24,355,425,780,780,362,0.4641025641025641
2020-08-01,34,34,68,20,28,48,32,47,79,36,48,84,30,42,72,31,28,59,20,9,29,21,18,39,12,21,33,1,11,12,237,286,523,523,260,0.497131931166348
2020-08-02,38,32,70,22,21,43,29,27,56,39,38,77,25,43,68,19,26,45,12,18,30,7,17,24,12,16,28,2,7,9,205,245,450,450,200,0.4444444444444444
2020-08-03,55,54,109,32,36,68,57,60,117,62,50,112,41,57,98,36,37,73,30,25,55,11,22,33,14,33,47,5,14,19,343,388,731,731,362,0.4952120383036936
2020-08-04,53,41,94,38,42,80,76,54,130,74,59,133,62,49,111,43,38,81,27,24,51,17,26,43,17,32,49,5,15,20,412,380,792,792,360,0.45454545454545453
2020-08-05,52,51,103,40,29,69,66,52,118,55,67,122,41,47,88,42,48,90,31,30,61,25,23,48,15,20,35,3,8,11,370,375,745,745,517,0.6939597315436241
2020-08-06,50,44,94,30,40,70,62,70,132,63,72,135,58,60,118,34,45,79,29,26,55,20,20,40,16,24,40,5,13,18,367,414,781,780,424,0.5435897435897435
2020-08-07,63,50,113,33,30,63,65,66,131,67,63,130,44,62,106,40,31,71,20,28,48,21,30,51,13,39,52,5,21,26,371,420,791,791,355,0.44879898862199746
2020-08-08,43,34,77,24,26,50,41,41,82,65,62,127,41,47,88,34,33,67,22,22,44,14,27,41,11,21,32,1,20,21,296,333,629,629,207,0.32909379968203495
2020-08-09,34,35,69,21,14,35,34,42,76,46,37,83,32,45,77,33,36,69,20,19,39,18,23,41,15,47,62,4,17,21,257,315,572,572,195,0.3409090909090909
2020-08-10,58,53,111,35,33,68,74,66,140,77,58,135,61,60,121,42,46,88,22,21,43,16,25,41,13,24,37,4,12,16,402,398,800,800,304,0.38
2020-08-11,51,46,97,41,26,67,74,68,142,86,77,163,69,68,137,46,47,93,33,32,65,25,34,59,16,24,40,7,12,19,448,434,882,882,381,0.43197278911564624
2020-08-12,46,50,96,43,38,81,63,88,151,57,98,155,60,65,125,41,43,84,32,29,61,15,28,43,11,21,32,5,16,21,373,476,849,849,308,0.3627797408716137
2020-08-13,36,47,83,45,35,80,84,83,167,93,104,197,56,64,120,52,49,101,23,34,57,28,20,48,11,25,36,4,15,19,432,476,908,908,322,0.35462555066079293
2020-08-14,32,39,71,28,32,60,89,87,176,72,85,157,68,52,120,47,50,97,34,35,69,24,35,59,13,21,34,3,12,15,410,448,858,858,340,0.3962703962703963
2020-08-15,51,29,80,42,29,71,52,63,115,53,73,126,37,61,98,32,34,66,26,28,54,15,32,47,9,46,55,4,17,21,321,412,733,733,277,0.37789904502046384
2020-08-16,36,25,61,16,16,32,47,44,91,41,43,84,22,40,62,22,25,47,14,23,37,16,16,32,10,32,42,4,22,26,228,286,514,513,204,0.39766081871345027
2020-08-17,37,19,56,29,23,52,53,55,108,62,61,123,48,51,99,38,51,89,16,39,55,19,15,34,9,20,29,0,13,13,311,347,658,658,268,0.4072948328267477
2020-08-18,52,50,102,35,24,59,65,62,127,91,90,181,50,57,107,34,68,102,22,35,57,24,30,54,10,20,30,0,16,16,383,452,835,835,288,0.3449101796407186
2020-08-19,56,46,102,28,34,62,54,78,132,72,73,145,46,61,107,41,39,80,21,28,49,19,35,54,15,38,53,4,15,19,356,447,803,803,259,0.32254047322540474
2020-08-20,34,45,79,27,30,57,66,75,141,55,71,126,36,58,94,38,37,75,28,35,63,18,20,38,14,23,37,3,13,16,319,407,726,726,286,0.3939393939393939
2020-08-21,35,55,90,36,33,69,54,71,125,69,83,152,58,53,111,45,51,96,36,38,74,26,37,63,14,37,51,5,9,14,378,467,845,845,366,0.4331360946745562
2020-08-22,22,22,44,28,23,51,45,44,89,46,67,113,40,37,77,27,23,50,30,26,56,15,26,41,10,16,26,3,15,18,266,299,565,565,257,0.45486725663716815
2020-08-23,29,38,67,17,16,33,30,36,66,35,45,80,31,28,59,26,32,58,19,24,43,9,22,31,12,7,19,5,5,10,213,253,466,466,145,0.3111587982832618
2020-08-24,57,53,110,30,30,60,56,72,128,73,76,149,55,71,126,55,42,97,33,42,75,21,29,50,15,27,42,5,21,26,400,463,863,863,356,0.41251448435689453
2020-08-25,38,45,83,40,29,69,64,90,154,79,88,167,51,54,105,37,50,87,24,31,55,17,19,36,15,31,46,6,16,22,371,453,824,824,321,0.3895631067961165
2020-08-26,55,31,86,31,40,71,82,77,159,75,73,148,49,63,112,42,51,93,33,29,62,24,30,54,17,32,49,3,14,17,411,440,851,851,317,0.372502937720329
2020-08-27,52,40,92,46,42,88,85,71,156,79,73,152,64,68,132,52,46,98,22,35,57,28,26,54,19,32,51,5,21,26,452,454,906,906,322,0.3554083885209713
2020-08-28,46,43,89,50,33,83,93,96,189,75,86,161,66,73,139,52,69,121,27,40,67,34,31,65,13,23,36,4,9,13,460,503,963,963,422,0.43821391484942884
2020-08-29,32,25,57,20,20,40,67,62,129,53,81,134,55,51,106,36,35,71,33,23,56,18,19,37,10,25,35,3,15,18,327,356,683,683,364,0.5329428989751098
2020-08-30,28,39,67,28,22,50,52,47,99,53,40,93,47,47,94,33,28,61,19,24,43,13,19,32,7,15,22,3,5,8,283,286,569,569,181,0.3181019332161687
2020-08-31,47,34,81,40,36,76,81,72,153,67,76,143,61,65,126,37,43,80,31,42,73,29,31,60,20,42,62,2,14,16,415,455,870,870,489,0.5620689655172414
2020-09-01,49,49,98,30,48,78,76,79,155,99,90,189,71,56,127,39,65,104,26,29,55,17,28,45,15,45,60,7,14,21,429,503,932,931,370,0.39742212674543503
2020-09-02,43,29,72,26,28,54,56,80,136,68,87,155,53,50,103,44,45,89,21,29,50,28,24,52,17,31,48,4,28,32,360,431,791,791,414,0.5233881163084703
2020-09-03,42,35,77,41,32,73,80,86,166,101,96,197,61,59,120,51,42,93,30,36,66,20,26,46,13,30,43,4,9,13,443,451,894,894,390,0.436241610738255
2020-09-04,45,53,98,35,36,71,70,77,147,80,86,166,67,80,147,41,51,92,37,41,78,28,28,56,15,27,42,4,16,20,422,495,917,917,405,0.4416575790621592
2020-09-05,35,29,64,22,18,40,58,54,112,61,83,144,45,68,113,28,35,63,29,31,60,19,19,38,15,21,36,2,7,9,314,365,679,679,400,0.5891016200294551
2020-09-06,30,31,61,19,19,38,29,44,73,41,41,82,33,36,69,20,33,53,19,26,45,10,26,36,13,16,29,1,9,10,215,281,496,496,207,0.4173387096774194
2020-09-07,39,42,81,30,37,67,78,88,166,90,86,176,62,76,138,47,67,114,40,40,80,18,27,45,14,34,48,7,14,21,425,511,936,936,394,0.42094017094017094
2020-09-08,41,41,82,31,35,66,72,77,149,92,90,182,58,64,122,52,59,111,32,48,80,30,30,60,18,28,46,6,20,26,432,492,924,924,422,0.45670995670995673
2020-09-09,50,41,91,30,43,73,76,70,146,81,78,159,67,65,132,54,52,106,33,45,78,25,31,56,16,38,54,1,19,20,433,482,915,915,477,0.521311475409836
2020-09-10,39,26,65,42,34,76,86,81,167,96,103,199,77,71,148,46,51,97,29,34,63,26,28,54,12,35,47,2,16,18,455,479,934,934,462,0.49464668094218417
2020-09-11,46,40,86,48,32,80,73,64,137,73,91,164,62,78,140,47,68,115,42,37,79,29,30,59,19,31,50,3,10,13,442,481,923,923,467,0.5059588299024919
2020-09-12,32,25,57,26,26,52,42,54,96,47,58,105,31,46,77,36,41,77,29,30,59,23,23,46,12,32,44,2,13,15,280,348,628,628,319,0.5079617834394905
2020-09-13,35,31,66,19,19,38,41,53,94,44,61,105,26,37,63,32,32,64,31,26,57,16,11,27,3,15,18,5,9,14,252,294,546,546,220,0.40293040293040294
2020-09-14,46,45,91,40,37,77,67,98,165,80,84,164,53,69,122,60,60,120,46,51,97,27,32,59,19,19,38,1,10,11,439,505,944,944,406,0.4300847457627119
2020-09-15,54,32,86,28,22,50,68,53,121,68,101,169,53,59,112,36,48,84,42,44,86,26,37,63,16,36,52,1,12,13,392,444,836,836,430,0.5143540669856459
2020-09-16,59,47,106,49,54,103,87,102,189,69,94,163,70,68,138,48,54,102,36,41,77,22,22,44,17,30,47,3,12,15,460,524,984,984,359,0.3648373983739837
2020-09-17,43,40,83,32,51,83,72,72,144,69,82,151,67,87,154,59,65,124,40,42,82,29,28,57,16,20,36,3,4,7,430,491,921,921,433,0.47014115092290987
2020-09-18,56,55,111,28,46,74,72,86,158,90,108,198,56,67,123,46,52,98,30,51,81,35,28,63,12,25,37,3,13,16,428,531,959,959,405,0.42231491136600624
2020-09-19,20,39,59,21,36,57,36,41,77,44,54,98,30,32,62,24,24,48,35,30,65,20,23,43,15,20,35,4,7,11,249,306,555,555,263,0.47387387387387386
2020-09-20,32,33,65,30,31,61,35,42,77,45,35,80,33,38,71,20,31,51,15,21,36,21,21,42,4,17,21,3,8,11,238,277,515,515,138,0.26796116504854367
2020-09-21,49,41,90,33,41,74,68,61,129,70,89,159,51,64,115,42,38,80,37,41,78,30,28,58,13,18,31,1,10,11,394,431,825,825,365,0.44242424242424244
2020-09-22,58,52,110,44,49,93,70,89,159,71,82,153,65,53,118,52,51,103,41,31,72,31,34,65,12,35,47,3,14,17,447,490,937,937,324,0.3457844183564568
2020-09-23,53,42,95,31,37,68,51,82,133,69,85,154,49,58,107,42,49,91,39,41,80,20,39,59,11,26,37,2,12,14,367,471,838,838,294,0.35083532219570407
2020-09-24,59,50,109,50,47,97,84,68,152,86,87,173,67,66,133,40,42,82,19,57,76,20,30,50,23,27,50,7,22,29,455,496,951,951,358,0.3764458464773922
2020-09-25,48,33,81,33,32,65,65,76,141,69,73,142,63,59,122,42,46,88,38,48,86,23,28,51,20,25,45,0,13,13,401,433,834,834,397,0.47601918465227816
2020-09-26,28,27,55,31,27,58,41,40,81,53,47,100,43,41,84,27,46,73,28,22,50,21,16,37,10,20,30,6,9,15,288,295,583,583,230,0.39451114922813035
2020-09-27,33,32,65,17,27,44,46,55,101,40,47,87,44,38,82,28,33,61,24,20,44,6,17,23,10,14,24,2,6,8,250,289,539,539,173,0.3209647495361781
2020-09-28,52,41,93,33,31,64,60,64,124,76,76,152,76,50,126,64,65,129,47,29,76,23,30,53,18,28,46,4,20,24,453,434,887,887,371,0.4182638105975197
2020-09-29,59,52,111,48,52,100,86,66,152,95,97,192,72,62,134,44,45,89,46,49,95,31,53,84,23,40,63,2,23,25,506,539,1045,1045,292,0.2794258373205742
2020-09-30,58,57,115,37,42,79,79,90,169,73,73,146,59,57,116,53,58,111,41,52,93,34,32,66,11,25,36,5,9,14,450,495,945,945,366,0.3873015873015873
2020-10-01,53,69,122,40,64,104,80,99,179,88,94,182,58,69,127,48,48,96,44,48,92,33,52,85,13,20,33,4,12,16,461,575,1036,1036,431,0.416023166023166
2020-10-02,69,63,132,42,42,84,72,92,164,70,94,164,61,69,130,54,48,102,47,46,93,30,42,72,14,38,52,4,15,19,463,549,1012,1012,519,0.5128458498023716
2020-10-03,32,34,66,28,37,65,52,50,102,55,55,110,44,40,84,39,33,72,20,32,52,21,21,42,8,20,28,4,6,10,303,328,631,631,274,0.43423137876386686
2020-10-04,39,36,75,28,25,53,48,55,103,36,42,78,40,40,80,29,29,58,23,21,44,16,18,34,9,25,34,3,3,6,271,294,565,565,254,0.4495575221238938
2020-10-05,33,47,80,35,33,68,70,70,140,98,86,184,90,65,155,55,57,112,64,46,110,34,48,82,21,30,51,3,7,10,503,489,992,992,455,0.4586693548387097
2020-10-06,41,58,99,43,43,86,71,68,139,86,77,163,91,62,153,55,51,106,43,43,86,33,39,72,19,28,47,6,11,17,488,480,968,968,352,0.36363636363636365
2020-10-07,61,39,100,32,35,67,79,84,163,92,105,197,65,73,138,41,74,115,48,50,98,34,38,72,18,31,49,8,6,14,478,535,1013,1013,349,0.3445212240868707
2020-10-08,58,45,103,42,35,77,77,82,159,79,96,175,67,67,134,46,61,107,41,42,83,34,38,72,13,30,43,5,24,29,462,520,982,982,466,0.4745417515274949
2020-10-09,46,61,107,57,54,111,66,109,175,101,115,216,63,79,142,55,71,126,42,48,90,28,45,73,13,28,41,4,15,19,475,625,1100,1100,656,0.5963636363636363
2020-10-10,28,42,70,38,34,72,69,74,143,68,72,140,53,62,115,46,58,104,40,35,75,18,30,48,17,24,41,10,12,22,387,443,830,830,491,0.591566265060241
2020-10-11,45,35,80,26,25,51,50,74,124,60,85,145,56,49,105,40,38,78,43,40,83,19,31,50,16,25,41,2,9,11,357,411,768,768,480,0.625
2020-10-12,40,38,78,50,44,94,86,98,184,86,99,185,76,88,164,55,80,135,61,47,108,42,49,91,24,49,73,2,19,21,522,611,1133,1133,466,0.411297440423654
2020-10-13,74,63,137,68,57,125,134,137,271,130,151,281,79,104,183,93,103,196,66,62,128,43,60,103,31,52,83,8,24,32,726,813,1539,1539,629,0.40870695256660167
2020-10-14,67,55,122,51,66,117,112,148,260,123,146,269,78,106,184,68,84,152,67,54,121,58,62,120,23,36,59,0,20,20,647,777,1424,1424,647,0.45435393258426965
2020-10-15,59,52,111,60,65,125,130,148,278,150,160,310,122,134,256,90,102,192,67,83,150,40,57,97,19,41,60,8,15,23,745,857,1602,1602,604,0.37702871410736577
2020-10-16,80,55,135,67,81,148,162,183,345,162,147,309,125,139,264,90,110,200,63,73,136,43,63,106,31,52,83,3,34,37,826,937,1763,1763,719,0.4078275666477595
2020-10-17,36,44,80,44,51,95,105,98,203,97,126,223,83,96,179,47,59,106,44,61,105,44,45,89,14,33,47,4,15,19,518,628,1146,1146,522,0.45549738219895286
2020-10-18,32,37,69,28,34,62,42,60,102,68,92,160,36,56,92,44,43,87,31,30,61,26,40,66,11,42,53,1,12,13,319,446,765,765,425,0.5555555555555556
2020-10-19,91,71,162,70,80,150,137,181,318,163,188,351,144,169,313,104,103,207,89,86,175,55,70,125,27,52,79,3,16,19,883,1016,1899,1899,958,0.5044760400210637
2020-10-20,74,83,157,79,75,154,167,165,332,148,163,311,125,161,286,93,105,198,79,74,153,43,55,98,36,50,86,1,23,24,845,954,1799,1799,1257,0.6987215119510839
2020-10-21,54,40,94,90,65,155,116,157,273,121,125,246,101,113,214,81,75,156,69,62,131,36,47,83,22,50,72,3,19,22,693,753,1446,1446,874,0.6044260027662517
2020-10-22,53,52,105,82,80,162,102,137,239,112,126,238,104,118,222,79,93,172,52,68,120,32,47,79,26,42,68,5,23,28,647,786,1433,1433,1013,0.7069085833914864
2020-10-23,48,45,93,54,45,99,88,102,190,89,112,201,72,104,176,71,63,134,49,69,118,45,44,89,25,19,44,5,25,30,546,628,1174,1174,943,0.803236797274276
2020-10-24,30,34,64,28,45,73,68,60,128,59,69,128,52,58,110,45,45,90,28,38,66,27,29,56,9,23,32,5,13,18,351,414,765,765,685,0.8954248366013072
2020-10-25,45,34,79,23,41,64,69,80,149,67,104,171,61,62,123,56,68,124,37,41,78,27,34,61,8,19,27,4,3,7,397,486,883,883,812,0.9195922989807475
2020-10-26,56,51,107,74,61,135,108,127,235,122,145,267,79,115,194,75,97,172,51,67,118,45,57,102,19,50,69,4,19,23,633,789,1422,1422,1219,0.8572433192686357
2020-10-27,49,58,107,54,56,110,126,140,266,112,130,242,114,100,214,80,109,189,79,89,168,48,56,104,19,33,52,3,10,13,684,781,1465,1465,1259,0.8593856655290102
2020-10-28,58,56,114,52,51,103,96,147,243,120,136,256,71,93,164,81,92,173,60,57,117,34,38,72,13,34,47,3,15,18,588,719,1307,1307,1051,0.8041315990818668
2020-10-29,45,41,86,43,58,101,136,122,258,139,142,281,84,107,191,61,81,142,55,68,123,30,36,66,18,29,47,2,8,10,613,692,1305,1305,1223,0.9371647509578545
2020-10-30,52,37,89,39,60,99,96,137,233,118,133,251,92,96,188,53,75,128,54,64,118,26,35,61,19,31,50,5,17,22,554,685,1239,1239,972,0.784503631961259
2020-10-31,35,27,62,24,34,58,63,65,128,71,98,169,48,64,112,39,45,84,37,49,86,27,31,58,7,19,26,3,9,12,354,441,795,795,669,0.8415094339622642
2020-11-01,55,43,98,36,59,95,71,92,163,82,99,181,73,68,141,47,64,111,40,56,96,29,29,58,10,24,34,3,5,8,446,539,985,985,818,0.8304568527918782
2020-11-02,54,59,113,51,63,114,117,131,248,127,113,240,87,112,199,75,79,154,70,69,139,45,41,86,20,31,51,3,13,16,649,711,1360,1360,1103,0.8110294117647059
2020-11-03,42,38,80,35,44,79,91,115,206,97,98,195,69,59,128,62,62,124,51,48,99,40,38,78,20,36,56,1,12,13,508,550,1058,1058,776,0.7334593572778828
2020-11-04,48,51,99,48,58,106,141,139,280,111,138,249,121,120,241,73,88,161,73,69,142,46,43,89,22,45,67,11,14,25,694,765,1459,1459,844,0.5784784098697738
2020-11-05,62,55,117,83,79,162,153,147,300,153,151,304,120,112,232,98,114,212,62,72,134,44,43,87,19,29,48,3,14,17,797,816,1613,1613,1071,0.6639801611903285
2020-11-06,37,45,82,36,49,85,81,92,173,79,100,179,54,67,121,61,64,125,42,51,93,31,49,80,14,30,44,4,9,13,439,556,995,995,813,0.8170854271356784
2020-11-07,42,40,82,40,49,89,61,86,147,61,99,160,63,70,133,48,71,119,51,55,106,33,34,67,22,20,42,7,5,12,428,529,957,957,712,0.7439916405433646
2020-11-08,49,58,107,43,49,92,72,82,154,78,103,181,64,78,142,53,57,110,45,54,99,30,31,61,10,21,31,4,5,9,448,538,986,986,805,0.8164300202839757
2020-11-09,71,67,138,78,60,138,101,133,234,120,161,281,98,116,214,95,87,182,65,73,138,29,45,74,27,41,68,4,10,14,688,793,1481,1481,1167,0.7879810938555031
2020-11-10,47,41,88,47,59,106,95,96,191,118,126,244,77,74,151,67,71,138,69,48,117,39,35,74,25,30,55,4,11,15,588,591,1179,1179,787,0.6675148430873622
2020-11-11,57,54,111,50,61,111,114,131,245,114,114,228,104,101,205,78,88,166,49,50,99,40,39,79,22,39,61,4,18,22,632,695,1327,1327,910,0.6857573474001507
2020-11-12,62,50,112,56,56,112,102,146,248,145,148,293,104,111,215,85,73,158,56,77,133,44,50,94,22,38,60,2,12,14,678,761,1439,1439,906,0.6296038915913829
2020-11-13,60,40,100,57,55,112,109,145,254,97,117,214,87,98,185,74,71,145,74,69,143,40,45,85,23,36,59,4,14,18,625,690,1315,1315,862,0.6555133079847909
2020-11-14,64,53,117,36,33,69,66,91,157,90,101,191,55,75,130,46,57,103,57,31,88,27,42,69,11,23,34,4,4,8,456,510,966,966,697,0.7215320910973085
2020-11-15,54,62,116,55,30,85,72,104,176,100,83,183,72,78,150,54,65,119,49,53,102,29,37,66,9,25,34,0,14,14,494,551,1045,1045,788,0.754066985645933
2020-11-16,60,62,122,63,44,107,87,104,191,94,118,212,90,90,180,49,76,125,53,64,117,39,46,85,17,31,48,5,21,26,557,656,1213,1213,777,0.640560593569662
2020-11-17,61,72,133,71,62,133,122,130,252,137,145,282,108,114,222,74,81,155,71,88,159,48,61,109,10,35,45,3,10,13,705,798,1503,1503,1044,0.6946107784431138
2020-11-18,57,61,118,76,61,137,130,137,267,150,148,298,93,100,193,73,72,145,57,56,113,49,52,101,16,45,61,2,8,10,703,740,1443,1443,1006,0.6971586971586972
2020-11-19,63,45,108,78,74,152,123,157,280,118,157,275,87,100,187,78,86,164,64,71,135,39,44,83,23,37,60,3,10,13,676,781,1457,1457,1035,0.7103637611530542
2020-11-20,62,49,111,51,56,107,110,127,237,112,128,240,78,101,179,66,71,137,58,54,112,32,37,69,20,29,49,4,13,17,593,665,1258,1258,903,0.7178060413354531
2020-11-21,50,45,95,36,48,84,69,86,155,90,84,174,66,68,134,43,57,100,40,43,83,26,20,46,10,14,24,3,13,16,433,478,911,911,764,0.8386388583973655
2020-11-22,41,36,77,39,38,77,66,69,135,61,80,141,64,59,123,34,38,72,38,49,87,26,17,43,10,22,32,1,9,10,380,417,797,797,619,0.7766624843161857
2020-11-23,61,60,121,45,50,95,86,94,180,100,90,190,79,79,158,52,58,110,44,51,95,32,39,71,17,28,45,6,12,18,522,561,1083,1083,877,0.8097876269621422
2020-11-24,55,67,122,68,61,129,99,114,213,143,116,259,103,93,196,72,77,149,66,60,126,39,48,87,26,35,61,2,6,8,673,677,1350,1350,1032,0.7644444444444445
2020-11-25,66,56,122,71,63,134,132,129,261,137,134,271,99,85,184,65,65,130,66,59,125,24,47,71,20,32,52,5,9,14,685,679,1364,1364,940,0.6891495601173021
2020-11-26,55,61,116,74,74,148,125,130,255,121,148,269,78,108,186,76,79,155,69,60,129,40,52,92,15,33,48,9,12,21,662,757,1419,1419,1017,0.7167019027484144
2020-11-27,37,44,81,47,43,90,102,131,233,93,116,209,76,58,134,58,70,128,46,45,91,32,41,73,14,37,51,5,4,9,510,589,1099,1099,791,0.7197452229299363
2020-11-28,57,35,92,44,43,87,87,84,171,64,93,157,59,68,127,63,57,120,28,42,70,28,39,67,10,30,40,2,4,6,442,495,937,937,644,0.687299893276414
2020-11-29,58,49,107,38,50,88,93,101,194,90,104,194,78,72,150,50,58,108,52,56,108,26,31,57,16,15,31,1,6,7,502,542,1044,1044,790,0.7567049808429118
2020-11-30,74,65,139,73,55,128,149,170,319,137,145,282,117,116,233,67,86,153,73,85,158,49,55,104,20,34,54,7,9,16,766,820,1586,1585,1112,0.701577287066246
2020-12-01,50,59,109,57,71,128,134,145,279,117,140,257,94,106,200,46,71,117,68,85,153,46,48,94,21,31,52,2,3,5,635,759,1394,1394,910,0.6527977044476327
2020-12-02,33,30,63,44,45,89,84,98,182,76,101,177,65,89,154,49,51,100,41,38,79,30,36,66,15,17,32,4,10,14,441,515,956,956,367,0.38389121338912136
2020-12-03,48,53,101,60,64,124,109,160,269,130,151,281,101,100,201,74,70,144,64,75,139,42,35,77,15,27,42,2,7,9,645,742,1387,1387,322,0.23215573179524152
2020-12-04,54,57,111,64,62,126,107,117,224,117,126,243,92,106,198,78,90,168,57,83,140,43,43,86,20,34,54,7,9,16,639,727,1366,1366,462,0.33821376281112736
2020-12-05,45,48,93,50,44,94,95,91,186,109,85,194,66,67,133,43,49,92,39,43,82,22,25,47,11,21,32,5,8,13,485,481,966,966,482,0.4989648033126294
2020-12-06,38,41,79,38,32,70,67,72,139,68,66,134,50,70,120,37,43,80,36,38,74,27,32,59,17,16,33,1,4,5,379,414,793,793,329,0.41488020176544765
2020-12-07,33,46,79,57,40,97,99,106,205,84,98,182,64,81,145,44,53,97,34,40,74,27,38,65,14,20,34,3,6,9,459,528,987,987,268,0.27152988855116517
2020-12-08,41,46,87,34,46,80,95,103,198,94,97,191,69,63,132,58,60,118,46,47,93,22,39,61,9,19,28,4,5,9,472,525,997,997,303,0.3039117352056169
2020-12-09,56,49,105,53,63,116,158,173,331,170,177,347,127,114,241,112,126,238,99,93,192,47,69,116,19,35,54,3,17,20,844,916,1760,1760,556,0.3159090909090909
2020-12-10,63,49,112,92,103,195,175,203,378,189,225,414,137,152,289,130,139,269,100,101,201,43,43,86,18,43,61,7,10,17,954,1068,2022,2022,412,0.20375865479723046
2020-12-11,56,57,113,72,82,154,187,225,412,203,219,422,140,148,288,130,152,282,115,130,245,60,69,129,20,29,49,2,8,10,985,1119,2104,2104,400,0.19011406844106463
2020-12-12,56,50,106,75,74,149,146,164,310,157,192,349,156,149,305,119,120,239,77,114,191,46,61,107,11,24,35,2,10,12,845,958,1803,1803,451,0.25013865779256794
2020-12-13,57,37,94,59,73,132,116,144,260,145,178,323,122,130,252,118,113,231,83,77,160,38,32,70,11,24,35,6,5,11,755,813,1568,1568,256,0.16326530612244897
2020-12-14,77,53,130,73,78,151,186,201,387,191,198,389,145,156,301,129,138,267,109,121,230,60,72,132,24,31,55,9,12,21,1003,1060,2063,2063,515,0.24963645176926805
2020-12-15,61,50,111,77,82,159,153,198,351,197,186,383,135,129,264,126,151,277,113,118,231,57,55,112,14,20,34,3,12,15,936,1001,1937,1936,429,0.2215909090909091
2020-12-16,40,51,91,93,122,215,184,239,423,238,270,508,178,195,373,171,165,336,147,147,294,77,77,154,22,24,46,4,12,16,1154,1302,2456,2456,505,0.20561889250814333
2020-12-17,68,70,138,102,96,198,187,252,439,260,301,561,198,208,406,158,156,314,75,112,187,61,50,111,12,23,35,2,8,10,1123,1276,2399,2399,531,0.22134222592746977
2020-12-18,78,61,139,122,136,258,232,269,501,273,303,576,204,228,432,168,195,363,191,184,375,99,87,186,18,50,68,4,6,10,1389,1519,2908,2908,703,0.24174690508940852
2020-12-19,61,54,115,93,99,192,162,215,377,291,282,573,174,198,372,145,149,294,132,164,296,60,73,133,17,27,44,2,5,7,1137,1266,2403,2403,613,0.2550977944236371
2020-12-20,51,65,116,108,113,221,187,207,394,274,292,566,194,214,408,174,189,363,137,140,277,66,61,127,13,17,30,3,8,11,1207,1306,2513,2513,338,0.13450059689614008
2020-12-21,73,81,154,126,108,234,262,260,522,310,341,651,252,225,477,187,201,388,170,176,346,75,90,165,14,46,60,5,6,11,1474,1534,3008,3008,557,0.18517287234042554
2020-12-22,82,79,161,145,141,286,280,325,605,353,394,747,266,258,524,197,193,390,187,185,372,89,72,161,19,32,51,4,5,9,1622,1684,3306,3306,590,0.17846339987900786
2020-12-23,92,77,169,163,131,294,303,333,636,354,346,700,245,292,537,193,190,383,144,169,313,68,75,143,30,39,69,7,15,22,1599,1667,3266,3266,644,0.19718309859154928
2020-12-24,51,48,99,68,84,152,174,177,351,224,200,424,148,141,289,89,107,196,71,98,169,48,46,94,5,23,28,3,5,8,881,929,1810,1810,514,0.2839779005524862
2020-12-25,27,23,50,30,33,63,51,41,92,53,68,121,34,34,68,30,34,64,19,27,46,16,10,26,7,16,23,3,4,7,270,290,560,560,345,0.6160714285714286
2020-12-26,68,54,122,145,165,310,214,267,481,327,309,636,216,250,466,174,172,346,108,141,249,56,67,123,19,30,49,1,13,14,1328,1468,2796,2796,572,0.20457796852646637
2020-12-27,41,40,81,176,167,343,233,212,445,336,316,652,276,266,542,177,210,387,157,151,308,65,82,147,23,35,58,3,11,14,1487,1490,2977,2977,327,0.10984212294255963
2020-12-28,93,78,171,208,234,442,352,386,738,477,485,962,336,361,697,242,283,525,168,203,371,80,94,174,28,49,77,3,16,19,1987,2189,4176,4176,627,0.15014367816091953
2020-12-29,76,68,144,200,208,408,335,376,711,362,350,712,327,335,662,200,216,416,163,187,350,83,103,186,26,58,84,9,14,23,1781,1915,3696,3696,587,0.15882034632034633
2020-12-30,78,66,144,218,246,464,349,364,713,454,407,861,299,350,649,237,288,525,172,178,350,88,91,179,26,45,71,3,12,15,1924,2047,3971,3970,830,0.20906801007556675
2020-12-31,59,56,115,159,157,316,252,252,504,262,319,581,217,262,479,160,153,313,75,93,168,44,60,104,14,29,43,1,8,9,1243,1389,2632,2632,502,0.19072948328267478
2021-01-01,21,18,39,32,35,67,49,58,107,55,70,125,47,54,101,44,46,90,25,23,48,17,19,36,5,16,21,1,4,5,296,343,639,639,286,0.4475743348982786
2021-01-02,71,56,127,141,159,300,228,256,484,288,305,593,207,234,441,151,198,349,164,159,323,72,79,151,15,35,50,4,8,12,1341,1489,2830,2830,513,0.1812720848056537
2021-01-03,47,53,100,217,209,426,328,407,735,469,444,913,314,377,691,224,278,502,197,209,406,83,107,190,23,37,60,3,8,11,1905,2129,4034,4034,431,0.10684184432325236
2021-01-04,76,70,146,183,176,359,447,495,942,493,538,1031,360,398,758,231,292,523,195,198,393,103,107,210,35,62,97,4,12,16,2127,2348,4475,4475,620,0.13854748603351955
2021-01-05,69,77,146,220,227,447,465,539,1004,514,541,1055,381,397,778,253,289,542,204,294,498,104,115,219,30,63,93,5,13,18,2245,2555,4800,4799,639,0.13315274015419878
2021-01-06,75,68,143,245,225,470,467,482,949,484,493,977,390,382,772,281,310,591,209,244,453,111,134,245,31,61,92,4,18,22,2297,2417,4714,4713,673,0.14279652026310205
2021-01-07,71,65,136,186,210,396,348,386,734,420,417,837,300,290,590,198,254,452,173,199,372,80,120,200,27,53,80,2,11,13,1805,2005,3810,3810,665,0.17454068241469817
2021-01-08,73,72,145,202,222,424,378,388,766,339,420,759,251,358,609,202,240,442,132,172,304,77,109,186,28,39,67,7,9,16,1689,2029,3718,3717,778,0.2093085821899381
2021-01-09,51,56,107,169,204,373,297,352,649,388,427,815,268,308,576,196,241,437,136,187,323,56,80,136,22,43,65,0,13,13,1583,1911,3494,3492,550,0.1575028636884307
2021-01-10,62,58,120,208,223,431,308,345,653,345,416,761,268,308,576,195,223,418,143,137,280,46,80,126,13,32,45,1,13,14,1589,1835,3424,3424,405,0.11828271028037383
2021-01-11,75,52,127,223,244,467,441,482,923,450,505,955,310,344,654,232,266,498,148,199,347,80,82,162,22,38,60,1,8,9,1982,2220,4202,4202,588,0.1399333650642551
2021-01-12,90,56,146,196,212,408,360,428,788,325,399,724,262,321,583,193,253,446,159,153,312,61,81,142,30,34,64,4,10,14,1680,1947,3627,3626,519,0.14313292884721457
2021-01-13,100,93,193,224,250,474,424,441,865,390,418,808,313,341,654,221,268,489,173,216,389,78,79,157,18,49,67,6,4,10,1947,2159,4106,4106,556,0.1354115927910375
2021-01-14,76,81,157,229,237,466,373,420,793,372,434,806,280,327,607,217,287,504,153,185,338,74,84,158,20,38,58,3,6,9,1797,2099,3896,3896,661,0.1696611909650924
2021-01-15,90,73,163,359,367,726,443,523,966,561,605,1166,415,473,888,343,376,719,179,231,410,85,110,195,23,45,68,4,9,13,2502,2812,5314,5314,675,0.1270229582235604
2021-01-16,50,39,89,421,400,821,396,472,868,495,562,1057,452,498,950,334,326,660,214,240,454,119,116,235,24,41,65,1,9,10,2506,2703,5209,5209,494,0.09483586100979075
2021-01-17,52,33,85,319,367,686,383,490,873,456,502,958,483,521,1004,305,322,627,155,175,330,74,89,163,18,29,47,2,2,4,2247,2530,4777,4777,400,0.08373456144023446
2021-01-18,81,76,157,429,435,864,513,551,1064,579,606,1185,529,560,1089,387,416,803,255,284,539,113,132,245,35,52,87,2,7,9,2923,3119,6042,6042,536,0.08871234690499835
2021-01-19,84,69,153,399,398,797,482,520,1002,564,578,1142,509,552,1061,340,407,747,248,288,536,113,140,253,21,55,76,7,13,20,2767,3020,5787,5787,437,0.07551408329013305
2021-01-20,86,73,159,399,380,779,454,485,939,507,500,1007,463,478,941,356,399,755,263,291,554,137,147,284,30,47,77,6,13,19,2701,2813,5514,5514,449,0.0814290895901342
2021-01-21,102,73,175,260,309,569,397,412,809,384,430,814,324,415,739,253,355,608,197,206,403,87,99,186,38,48,86,7,14,21,2049,2361,4410,4410,573,0.12993197278911564
2021-01-22,71,74,145,310,292,602,320,404,724,317,401,718,332,373,705,227,267,494,177,199,376,83,100,183,20,43,63,3,3,6,1860,2156,4016,4016,484,0.1205179282868526
2021-01-23,43,39,82,332,300,632,346,392,738,351,397,748,307,298,605,256,277,533,125,158,283,46,61,107,17,30,47,3,7,10,1826,1959,3785,3785,512,0.13527080581241743
2021-01-24,53,47,100,370,348,718,376,417,793,377,409,786,394,427,821,288,289,577,156,181,337,60,88,148,20,35,55,2,6,8,2096,2247,4343,4343,299,0.0688464195256735
2021-01-25,72,90,162,440,432,872,506,550,1056,475,545,1020,454,496,950,304,365,669,222,236,458,106,123,229,32,60,92,6,12,18,2617,2909,5526,5526,429,0.07763300760043432
2021-01-26,98,75,173,397,350,747,415,446,861,405,417,822,376,414,790,283,346,629,203,241,444,94,111,205,27,59,86,5,14,19,2303,2473,4776,4776,477,0.09987437185929648
2021-01-27,88,83,171,334,334,668,379,416,795,394,443,837,333,414,747,262,302,564,178,187,365,75,94,169,32,53,85,2,16,18,2077,2342,4419,4419,410,0.09278117221090744
2021-01-28,78,73,151,264,288,552,331,365,696,353,360,713,269,313,582,221,271,492,162,192,354,94,103,197,29,46,75,5,14,19,1806,2025,3831,3831,468,0.12216131558339859
2021-01-29,60,85,145,413,396,809,434,449,883,456,520,976,410,463,873,324,340,664,224,258,482,91,133,224,24,56,80,4,10,14,2440,2710,5150,5149,668,0.12973392891823654
2021-01-30,53,37,90,530,544,1074,384,450,834,480,565,1045,514,582,1096,397,418,815,208,274,482,96,131,227,25,46,71,2,8,10,2689,3055,5744,5744,422,0.07346796657381616
2021-01-31,47,44,91,791,800,1591,513,549,1062,600,692,1292,762,860,1622,505,565,1070,250,276,526,104,133,237,25,46,71,2,12,14,3599,3977,7576,7576,241,0.031810982048574445
2021-02-01,69,68,137,628,720,1348,459,589,1048,593,664,1257,687,750,1437,527,524,1051,276,348,624,103,169,272,42,50,92,2,9,11,3386,3891,7277,7277,466,0.06403737804040126
2021-02-02,68,68,136,526,610,1136,430,478,908,548,637,1185,672,720,1392,465,522,987,317,346,663,156,196,352,40,61,101,3,12,15,3225,3650,6875,6875,352,0.0512
2021-02-03,52,75,127,454,415,869,415,468,883,494,538,1032,497,566,1063,387,429,816,278,314,592,130,168,298,35,59,94,5,11,16,2747,3043,5790,5790,419,0.07236614853195164
2021-02-04,69,64,133,258,262,520,320,387,707,359,397,756,296,417,713,255,324,579,163,236,399,89,130,219,27,43,70,3,17,20,1839,2277,4116,4116,398,0.0966958211856171
2021-02-05,65,64,129,241,233,474,305,339,644,311,366,677,305,316,621,212,265,477,172,214,386,87,105,192,14,49,63,2,8,10,1714,1959,3673,3673,562,0.15300843996732916
2021-02-06,42,39,81,274,305,579,272,316,588,314,404,718,301,366,667,265,290,555,147,181,328,73,94,167,17,37,54,0,7,7,1705,2039,3744,3744,382,0.10202991452991453
2021-02-07,45,51,96,290,307,597,255,309,564,338,381,719,325,381,706,239,299,538,138,145,283,69,82,151,18,26,44,6,5,11,1723,1986,3709,3709,234,0.06308978161229442
2021-02-08,83,69,152,392,459,851,395,453,848,486,562,1048,515,597,1112,305,381,686,195,246,441,102,121,223,28,64,92,4,18,22,2505,2970,5475,5475,521,0.09515981735159817
2021-02-09,71,45,116,335,354,689,359,411,770,497,486,983,425,511,936,322,363,685,239,250,489,108,135,243,37,66,103,5,14,19,2398,2635,5033,5033,362,0.07192529306576595
2021-02-10,65,46,111,252,255,507,296,363,659,366,445,811,381,411,792,236,320,556,170,207,377,97,102,199,31,41,72,0,10,10,1894,2200,4094,4094,313,0.0764533463605276
2021-02-11,68,53,121,211,265,476,253,345,598,372,399,771,323,390,713,212,286,498,172,190,362,88,97,185,25,51,76,4,9,13,1728,2085,3813,3813,294,0.07710464201416208
2021-02-12,68,53,121,262,273,535,270,293,563,394,431,825,355,411,766,221,300,521,161,220,381,90,104,194,32,50,82,2,14,16,1855,2149,4004,4004,483,0.12062937062937062
2021-02-13,45,31,76,322,381,703,281,317,598,431,493,924,412,528,940,268,320,588,166,191,357,61,101,162,23,35,58,4,11,15,2013,2408,4421,4421,390,0.08821533589685591
2021-02-14,35,29,64,342,368,710,229,324,553,433,513,946,475,559,1034,257,323,580,187,200,387,88,118,206,17,24,41,2,11,13,2065,2469,4534,4533,244,0.05382748731524377
2021-02-15,34,50,84,436,459,895,337,405,742,529,601,1130,604,672,1276,357,396,753,182,220,402,80,113,193,20,56,76,2,11,13,2581,2983,5564,5564,313,0.05625449317038102
2021-02-16,40,28,68,457,404,861,431,555,986,614,721,1335,572,681,1253,340,330,670,174,188,362,73,114,187,15,35,50,8,5,13,2724,3061,5785,5785,413,0.07139152981849611
2021-02-17,60,74,134,298,329,627,541,602,1143,536,570,1106,435,456,891,305,350,655,251,268,519,108,140,248,23,54,77,5,14,19,2562,2857,5419,5419,364,0.06717106477209818
2021-02-18,55,58,113,265,289,554,448,486,934,504,541,1045,383,454,837,307,330,637,219,250,469,107,138,245,30,48,78,2,7,9,2320,2601,4921,4921,419,0.08514529567161146
2021-02-19,66,50,116,225,310,535,402,435,837,436,528,964,372,411,783,279,336,615,196,240,436,102,138,240,24,49,73,3,8,11,2105,2505,4610,4610,462,0.1002169197396963
2021-02-20,55,41,96,202,264,466,347,373,720,367,478,845,331,413,744,252,318,570,142,244,386,70,92,162,21,36,57,5,4,9,1792,2263,4055,4055,369,0.09099876695437731
2021-02-21,60,36,96,215,241,456,297,410,707,396,443,839,331,386,717,207,278,485,168,209,377,68,89,157,22,29,51,5,9,14,1769,2130,3899,3899,275,0.07053090536034881
2021-02-22,80,86,166,212,292,504,378,456,834,428,530,958,352,425,777,272,325,597,201,249,450,96,110,206,41,37,78,3,7,10,2063,2517,4580,4580,376,0.08209606986899563
2021-02-23,88,73,161,205,218,423,330,385,715,375,431,806,310,370,680,249,306,555,195,233,428,101,132,233,30,45,75,7,15,22,1890,2208,4098,4098,354,0.08638360175695461
2021-02-24,71,95,166,205,230,435,256,324,580,344,383,727,236,304,540,206,244,450,188,189,377,94,111,205,22,42,64,3,9,12,1625,1931,3556,3556,328,0.0922384701912261
2021-02-25,100,95,195,155,180,335,280,310,590,295,325,620,247,258,505,181,239,420,146,190,336,72,108,180,22,41,63,4,15,19,1502,1761,3263,3263,311,0.09531106343855347
2021-02-26,82,87,169,146,180,326,271,333,604,345,333,678,247,301,548,200,244,444,150,232,382,81,104,185,21,39,60,2,18,20,1545,1871,3416,3416,330,0.09660421545667447
2021-02-27,55,47,102,175,224,399,262,348,610,348,413,761,237,284,521,231,305,536,191,235,426,86,106,192,22,50,72,1,7,8,1608,2019,3627,3627,349,0.09622277364212849
2021-02-28,56,60,116,239,263,502,311,401,712,463,546,1009,355,420,775,314,403,717,247,287,534,133,141,274,25,43,68,2,8,10,2145,2572,4717,4717,301,0.06381174475302098
2021-03-01,122,107,229,159,196,355,287,309,596,339,339,678,247,273,520,169,219,388,158,205,363,75,122,197,24,46,70,5,13,18,1585,1829,3414,3414,445,0.13034563561804335
2021-03-02,138,115,253,182,191,373,271,283,554,280,332,612,245,244,489,182,256,438,128,183,311,80,76,156,36,43,79,3,7,10,1545,1730,3275,3275,306,0.0934351145038168
2021-03-03,123,91,214,137,159,296,193,270,463,258,294,552,200,223,423,182,224,406,173,216,389,87,114,201,19,36,55,0,12,12,1372,1639,3011,3011,362,0.12022583859182996
2021-03-04,105,100,205,142,178,320,208,228,436,253,247,500,183,218,401,136,203,339,150,211,361,77,123,200,24,36,60,6,16,22,1284,1560,2844,2844,379,0.13326300984528833
2021-03-05,103,95,198,145,151,296,209,284,493,275,284,559,165,182,347,163,220,383,152,178,330,82,105,187,22,34,56,0,6,6,1316,1539,2855,2855,387,0.13555166374781086
2021-03-06,70,60,130,101,113,214,201,226,427,223,246,469,164,191,355,117,171,288,106,125,231,60,75,135,22,28,50,2,6,8,1066,1241,2307,2307,286,0.12397052449068054
2021-03-07,71,61,132,111,118,229,182,252,434,242,262,504,129,211,340,148,197,345,143,172,315,55,79,134,20,39,59,4,4,8,1105,1395,2500,2499,238,0.09523809523809523
2021-03-08,137,119,256,145,184,329,217,300,517,274,328,602,227,241,468,210,255,465,201,215,416,88,99,187,22,47,69,2,12,14,1523,1800,3323,3321,320,0.09635651912074676
2021-03-09,156,147,303,147,145,292,226,248,474,289,310,599,231,236,467,205,239,444,170,267,437,110,120,230,27,42,69,4,6,10,1565,1760,3325,3325,327,0.09834586466165414
2021-03-10,165,141,306,156,165,321,228,243,471,281,299,580,194,214,408,171,224,395,173,182,355,87,118,205,26,49,75,3,9,12,1484,1644,3128,3128,482,0.15409207161125318
2021-03-11,132,147,279,111,145,256,189,237,426,207,245,452,148,187,335,115,170,285,124,172,296,69,86,155,28,32,60,2,15,17,1125,1436,2561,2561,473,0.18469347910972275
2021-03-12,160,145,305,144,183,327,190,269,459,267,305,572,197,234,431,152,234,386,150,209,359,85,98,183,25,48,73,3,11,14,1373,1736,3109,3108,531,0.17084942084942084
2021-03-13,108,88,196,109,126,235,224,244,468,262,285,547,180,197,377,151,216,367,164,187,351,68,80,148,15,40,55,4,3,7,1285,1466,2751,2751,538,0.1955652490003635
2021-03-14,87,122,209,111,124,235,181,272,453,277,312,589,181,217,398,194,228,422,170,209,379,73,105,178,20,31,51,4,8,12,1298,1628,2926,2926,323,0.11038961038961038
2021-03-15,213,185,398,169,178,347,241,333,574,302,343,645,251,279,530,215,266,481,202,222,424,99,142,241,22,52,74,4,13,17,1718,2013,3731,3731,467,0.12516751541141785
2021-03-16,184,183,367,158,184,342,202,270,472,285,314,599,205,208,413,193,240,433,164,210,374,85,113,198,16,44,60,5,15,20,1497,1781,3278,3278,390,0.11897498474679682
2021-03-17,146,130,276,152,165,317,218,264,482,209,246,455,175,205,380,166,193,359,159,191,350,73,109,182,18,45,63,2,13,15,1318,1561,2879,2878,389,0.13516330785267547
2021-03-18,136,123,259,112,135,247,193,218,411,230,222,452,157,185,342,119,164,283,123,160,283,73,93,166,15,37,52,2,9,11,1160,1346,2506,2506,388,0.15482841181165202
2021-03-19,141,136,277,167,167,334,199,244,443,237,261,498,160,192,352,142,183,325,131,177,308,76,76,152,18,30,48,5,10,15,1276,1476,2752,2752,562,0.20421511627906977
2021-03-20,69,72,141,104,120,224,166,183,349,201,228,429,152,181,333,146,168,314,121,132,253,69,73,142,16,29,45,6,7,13,1050,1193,2243,2241,378,0.1686746987951807
2021-03-21,103,87,190,100,109,209,183,192,375,232,239,471,152,166,318,139,188,327,114,161,275,47,72,119,17,29,46,3,9,12,1090,1252,2342,2342,296,0.1263877028181042
2021-03-22,146,165,311,170,149,319,215,292,507,265,285,550,205,217,422,194,241,435,157,191,348,79,101,180,25,53,78,4,22,26,1460,1716,3176,3176,500,0.1574307304785894
2021-03-23,161,146,307,164,156,320,213,252,465,230,266,496,183,180,363,168,195,363,154,204,358,84,110,194,25,30,55,1,13,14,1383,1552,2935,2935,470,0.16013628620102216
2021-03-24,106,100,206,132,124,256,147,174,321,193,224,417,127,169,296,119,156,275,82,113,195,54,80,134,10,34,44,1,6,7,971,1180,2151,2151,400,0.18596001859600186
2021-03-25,124,125,249,138,167,305,187,244,431,231,241,472,198,231,429,141,166,307,117,147,264,67,81,148,27,33,60,4,3,7,1234,1438,2672,2672,405,0.15157185628742514
2021-03-26,160,142,302,174,185,359,218,250,468,250,269,519,176,234,410,130,199,329,116,167,283,77,93,170,23,32,55,3,12,15,1327,1583,2910,2910,507,0.17422680412371133
2021-03-27,114,99,213,90,110,200,187,188,375,228,255,483,168,202,370,137,178,315,138,152,290,46,72,118,17,36,53,5,5,10,1130,1297,2427,2427,474,0.19530284301606923
2021-03-28,95,68,163,86,120,206,135,184,319,204,247,451,174,179,353,123,179,302,109,151,260,46,46,92,18,26,44,2,6,8,992,1206,2198,2198,370,0.16833484986351227
2021-03-29,141,138,279,197,157,354,199,251,450,247,272,519,190,247,437,175,192,367,125,178,303,50,59,109,17,37,54,1,8,9,1342,1539,2881,2881,502,0.17424505380076363
2021-03-30,135,128,263,154,166,320,166,201,367,221,254,475,165,201,366,139,154,293,118,154,272,44,73,117,21,30,51,4,6,10,1167,1367,2534,2533,458,0.18081326490327676
2021-03-31,117,107,224,125,112,237,177,212,389,220,251,471,134,187,321,100,150,250,71,93,164,27,47,74,21,23,44,1,10,11,993,1192,2185,2185,531,0.24302059496567505
2021-04-01,95,117,212,127,126,253,201,226,427,216,234,450,160,193,353,125,161,286,100,131,231,49,68,117,12,21,33,2,11,13,1087,1288,2375,2375,682,0.2871578947368421
2021-04-02,115,77,192,124,144,268,179,190,369,215,205,420,157,163,320,119,160,279,88,98,186,46,41,87,16,14,30,2,7,9,1061,1099,2160,2160,462,0.21388888888888888
2021-04-03,78,92,170,121,161,282,182,193,375,215,248,463,156,198,354,132,162,294,117,105,222,36,59,95,18,35,53,3,6,9,1058,1259,2317,2317,596,0.25722917565817865
2021-04-04,110,92,202,207,220,427,248,296,544,322,387,709,238,311,549,144,188,332,90,131,221,39,54,93,17,30,47,0,7,7,1415,1716,3131,3131,544,0.1737464068987544
2021-04-05,140,152,292,293,300,593,337,385,722,364,383,747,298,373,671,203,265,468,126,173,299,56,67,123,17,40,57,4,9,13,1838,2147,3985,3985,629,0.1578419071518193
2021-04-06,158,181,339,243,262,505,385,353,738,378,415,793,279,317,596,208,247,455,146,218,364,85,108,193,22,37,59,3,16,19,1907,2154,4061,4061,775,0.19083969465648856
2021-04-07,165,160,325,276,263,539,335,365,700,354,426,780,313,320,633,191,279,470,125,188,313,66,93,159,14,39,53,1,8,9,1840,2141,3981,3978,663,0.16666666666666666
2021-04-08,158,143,301,209,231,440,269,338,607,324,395,719,233,263,496,164,235,399,121,170,291,58,84,142,20,38,58,2,13,15,1558,1910,3468,3468,795,0.2292387543252595
2021-04-09,129,121,250,157,185,342,172,252,424,224,230,454,196,203,399,126,171,297,93,113,206,45,60,105,8,24,32,3,6,9,1153,1365,2518,2517,721,0.28645212554628524
2021-04-10,92,87,179,141,178,319,225,244,469,257,256,513,171,204,375,129,153,282,95,116,211,24,43,67,7,17,24,2,3,5,1143,1301,2444,2443,492,0.20139173147769138
2021-04-11,79,91,170,138,147,285,152,168,320,195,244,439,189,185,374,119,150,269,98,104,202,30,41,71,14,24,38,2,4,6,1016,1158,2174,2174,498,0.22907083716651333
2021-04-12,143,123,266,204,184,388,215,259,474,273,304,577,217,297,514,165,244,409,120,138,258,42,70,112,16,30,46,3,11,14,1398,1660,3058,3056,560,0.18324607329842932
2021-04-13,144,104,248,144,146,290,208,243,451,272,296,568,208,252,460,159,194,353,92,100,192,52,43,95,12,17,29,4,9,13,1295,1404,2699,2699,547,0.20266765468692108
2021-04-14,133,104,237,134,117,251,144,170,314,172,196,368,118,160,278,105,148,253,120,106,226,42,76,118,20,25,45,4,6,10,992,1108,2100,2099,623,0.2968080038113387
2021-04-15,153,137,290,160,204,364,250,285,535,274,306,580,258,302,560,182,237,419,120,128,248,38,57,95,14,30,44,2,10,12,1451,1696,3147,3146,600,0.19071837253655435
2021-04-16,130,141,271,153,152,305,285,301,586,316,351,667,239,282,521,191,255,446,147,179,326,41,61,102,9,30,39,4,9,13,1515,1761,3276,3275,547,0.16702290076335877
2021-04-17,136,105,241,150,130,280,202,225,427,290,278,568,218,261,479,154,188,342,106,122,228,43,70,113,16,42,58,4,6,10,1319,1427,2746,2746,568,0.20684632192279678
2021-04-18,79,108,187,102,105,207,180,193,373,211,253,464,209,206,415,143,167,310,106,119,225,36,52,88,23,24,47,2,7,9,1091,1234,2325,2324,376,0.16179001721170397
2021-04-19,165,128,293,173,199,372,275,298,573,331,341,672,267,265,532,210,238,448,136,165,301,51,79,130,12,43,55,4,20,24,1624,1776,3400,3400,519,0.1526470588235294
2021-04-20,160,164,324,148,153,301,220,263,483,247,308,555,229,284,513,177,198,375,157,180,337,61,75,136,30,37,67,4,11,15,1433,1673,3106,3106,525,0.16902768834513845
2021-04-21,142,124,266,126,111,237,196,211,407,208,249,457,195,209,404,145,191,336,110,134,244,52,52,104,15,42,57,2,6,8,1191,1329,2520,2520,501,0.1988095238095238
2021-04-22,164,143,307,190,184,374,218,264,482,281,334,615,257,315,572,199,225,424,123,166,289,55,83,138,17,47,64,1,8,9,1505,1769,3274,3273,508,0.15520928811487933
2021-04-23,128,132,260,173,192,365,267,315,582,310,399,709,277,338,615,195,280,475,124,172,296,61,79,140,23,30,53,4,7,11,1562,1944,3506,3505,454,0.12952924393723253
2021-04-24,72,67,139,65,51,116,61,99,160,96,103,199,83,113,196,56,63,119,33,47,80,34,47,81,10,30,40,3,16,19,513,636,1149,1149,357,0.31070496083550914
2021-04-25,103,100,203,118,125,243,155,196,351,215,229,444,199,214,413,158,171,329,96,110,206,42,37,79,8,28,36,0,5,5,1094,1215,2309,2308,288,0.12478336221837089
2021-04-26,169,151,320,171,181,352,248,258,506,286,326,612,264,301,565,216,222,438,134,149,283,76,99,175,15,37,52,4,10,14,1583,1734,3317,3316,387,0.11670687575392039
2021-04-27,138,125,263,167,163,330,247,318,565,282,313,595,204,274,478,192,204,396,114,147,261,57,91,148,19,38,57,5,8,13,1425,1681,3106,3104,335,0.10792525773195877
2021-04-28,139,142,281,149,171,320,232,265,497,278,329,607,235,276,511,168,206,374,108,136,244,52,67,119,16,32,48,6,15,21,1383,1639,3022,3022,399,0.13203176704169425
2021-04-29,179,161,340,228,192,420,282,366,648,361,418,779,322,378,700,234,302,536,141,195,336,83,112,195,31,55,86,3,19,22,1864,2198,4062,4061,482,0.11868997783797094
2021-04-30,149,132,281,141,126,267,153,233,386,197,273,470,163,241,404,148,196,344,102,141,243,67,79,146,27,53,80,3,17,20,1150,1491,2641,2641,586,0.22188564937523667
2021-05-01,104,92,196,147,107,254,190,229,419,229,278,507,212,286,498,151,181,332,108,107,215,51,70,121,20,48,68,2,6,8,1214,1404,2618,2617,472,0.1803591899121131
2021-05-02,120,93,213,145,163,308,246,291,537,327,409,736,258,368,626,201,244,445,138,183,321,66,83,149,22,33,55,3,15,18,1526,1882,3408,3408,364,0.1068075117370892
2021-05-03,237,211,448,231,250,481,433,486,919,513,624,1137,438,516,954,308,454,762,239,337,576,125,145,270,30,70,100,4,22,26,2558,3115,5673,5673,709,0.12497796580292614
2021-05-04,177,193,370,232,239,471,403,451,854,494,556,1050,406,479,885,314,404,718,202,269,471,117,150,267,27,46,73,4,19,23,2376,2806,5182,5181,511,0.09862960818374832
2021-05-05,203,187,390,203,234,437,388,473,861,454,504,958,371,429,800,256,331,587,191,205,396,106,106,212,40,58,98,8,14,22,2220,2541,4761,4759,518,0.10884639630174406
2021-05-06,182,206,388,287,303,590,408,573,981,495,647,1142,462,505,967,356,415,771,196,246,442,111,120,231,32,61,93,6,22,28,2535,3098,5633,5633,625,0.11095331084679567
2021-05-07,220,188,408,317,341,658,508,701,1209,572,818,1390,525,712,1237,324,510,834,222,276,498,101,142,243,25,49,74,3,9,12,2817,3746,6563,6562,686,0.10454129838463883
2021-05-08,132,121,253,147,154,301,279,357,636,383,437,820,250,306,556,211,266,477,109,126,235,58,66,124,29,44,73,2,16,18,1600,1893,3493,3493,495,0.14171199541941024
2021-05-09,161,143,304,158,185,343,256,322,578,355,429,784,300,362,662,200,277,477,135,154,289,76,93,169,28,40,68,6,9,15,1675,2014,3689,3689,389,0.10544863106532935
2021-05-10,210,206,416,250,281,531,506,584,1090,578,655,1233,481,613,1094,340,435,775,228,284,512,117,154,271,39,69,108,1,12,13,2750,3293,6043,6042,578,0.09566368752068852
2021-05-11,199,181,380,232,242,474,362,447,809,463,528,991,396,442,838,268,354,622,201,242,443,109,121,230,32,40,72,4,12,16,2266,2609,4875,4875,548,0.11241025641025641
2021-05-12,201,179,380,207,215,422,364,448,812,437,507,944,393,456,849,287,342,629,175,222,397,81,92,173,29,44,73,5,14,19,2179,2519,4698,4698,713,0.1517667092379736
2021-05-13,211,165,376,179,221,400,361,513,874,415,585,1000,376,469,845,257,357,614,172,191,363,83,110,193,31,68,99,3,11,14,2088,2690,4778,4777,709,0.14841951015281557
2021-05-14,235,245,480,254,317,571,527,626,1153,620,758,1378,466,641,1107,351,432,783,216,270,486,114,126,240,45,55,100,5,7,12,2833,3477,6310,6310,739,0.11711568938193344
2021-05-15,163,149,312,201,226,427,320,443,763,417,562,979,387,483,870,278,325,603,155,208,363,72,81,153,26,49,75,3,17,20,2022,2543,4565,4565,580,0.12705366922234393
2021-05-16,141,149,290,148,216,364,258,346,604,346,484,830,318,410,728,244,313,557,148,172,320,64,81,145,19,45,64,1,20,21,1687,2236,3923,3923,480,0.1223553403007902
2021-05-17,310,293,603,327,336,663,538,661,1199,738,842,1580,573,737,1310,460,576,1036,281,332,613,155,187,342,50,84,134,4,17,21,3436,4065,7501,7500,843,0.1124
2021-05-18,267,288,555,316,365,681,580,650,1230,693,826,1519,664,754,1418,433,520,953,252,302,554,141,144,285,45,59,104,5,12,17,3396,3920,7316,7316,768,0.10497539639147074
2021-05-19,297,257,554,348,366,714,609,766,1375,775,865,1640,634,714,1348,436,583,1019,298,321,619,120,147,267,44,58,102,9,19,28,3570,4096,7666,7666,576,0.07513696843203757
2021-05-20,306,299,605,392,413,805,705,867,1572,803,895,1698,637,815,1452,425,564,989,282,309,591,117,168,285,43,67,110,1,23,24,3711,4420,8131,8130,596,0.07330873308733088
2021-05-21,218,197,415,296,336,632,563,709,1272,630,801,1431,551,683,1234,375,483,858,234,297,531,125,119,244,44,92,136,3,25,28,3039,3742,6781,6781,894,0.1318389618050435
2021-05-22,128,110,238,154,199,353,302,416,718,397,432,829,298,372,670,239,265,504,129,122,251,58,66,124,23,63,86,3,16,19,1731,2061,3792,3792,700,0.18459915611814345
2021-05-23,135,112,247,143,169,312,242,291,533,316,351,667,260,276,536,189,239,428,104,151,255,52,54,106,16,48,64,10,16,26,1467,1707,3174,3174,461,0.1452425960932577
2021-05-24,155,132,287,235,262,497,410,433,843,451,564,1015,408,531,939,353,493,846,215,274,489,121,143,264,25,58,83,4,12,16,2377,2902,5279,5279,460,0.087137715476416
2021-05-25,146,115,261,204,229,433,409,448,857,415,519,934,395,463,858,305,363,668,194,238,432,95,119,214,26,47,73,7,18,25,2196,2559,4755,4753,409,0.08605091521144541
2021-05-26,190,174,364,273,291,564,516,569,1085,544,636,1180,478,568,1046,431,507,938,226,275,501,125,143,268,41,80,121,8,14,22,2832,3257,6089,6089,518,0.08507144030218426
2021-05-27,149,164,313,165,227,392,394,509,903,449,536,985,396,446,842,312,439,751,177,231,408,109,114,223,35,49,84,1,20,21,2187,2735,4922,4921,547,0.1111562690510059
2021-05-28,193,190,383,266,319,585,497,598,1095,567,682,1249,537,652,1189,444,555,999,259,331,590,113,138,251,32,56,88,4,15,19,2912,3536,6448,6448,553,0.08576302729528536
2021-05-29,131,117,248,154,196,350,290,375,665,417,443,860,352,410,762,235,276,511,131,163,294,65,93,158,20,50,70,7,18,25,1802,2141,3943,3943,490,0.12427085975145828
2021-05-30,96,91,187,140,153,293,270,336,606,314,366,680,291,318,609,182,247,429,115,121,236,51,78,129,21,27,48,3,9,12,1483,1746,3229,3229,327,0.10126974295447506
2021-05-31,158,164,322,248,245,493,446,511,957,521,572,1093,446,558,1004,274,356,630,211,254,465,122,153,275,47,64,111,2,17,19,2475,2894,5369,5368,486,0.0905365126676602
2021-06-01,181,164,345,222,261,483,382,462,844,498,536,1034,387,472,859,299,400,699,226,265,491,104,130,234,47,50,97,6,14,20,2352,2754,5106,5106,433,0.08480219349784567
2021-06-02,223,169,392,240,272,512,396,500,896,480,599,1079,437,511,948,289,366,655,205,271,476,116,154,270,36,64,100,8,23,31,2430,2929,5359,5357,547,0.10210938958372223
2021-06-03,198,206,404,263,265,528,434,554,988,525,625,1150,437,538,975,316,393,709,226,277,503,113,155,268,37,38,75,6,21,27,2555,3072,5627,5626,499,0.08869534305012443
2021-06-04,243,220,463,272,279,551,449,554,1003,504,628,1132,448,502,950,325,459,784,215,280,495,115,156,271,33,70,103,2,13,15,2606,3161,5767,5767,525,0.09103520027744061
2021-06-05,156,147,303,163,166,329,259,335,594,318,394,712,288,319,607,212,244,456,116,138,254,67,104,171,25,31,56,6,16,22,1610,1894,3504,3504,491,0.1401255707762557
2021-06-06,155,169,324,158,155,313,236,283,519,302,337,639,273,309,582,207,247,454,112,147,259,57,74,131,20,40,60,1,19,20,1521,1780,3301,3301,321,0.09724325961829748
2021-06-07,216,238,454,212,243,455,401,486,887,486,548,1034,396,567,963,320,449,769,212,286,498,165,184,349,43,98,141,8,33,41,2459,3132,5591,5591,550,0.09837238418887498
2021-06-08,269,239,508,215,246,461,370,475,845,473,510,983,377,454,831,299,383,682,183,236,419,110,188,298,31,65,96,5,25,30,2332,2821,5153,5153,443,0.08596933824956336
2021-06-09,232,226,458,254,232,486,403,486,889,475,577,1052,396,464,860,322,416,738,193,245,438,120,127,247,42,63,105,5,17,22,2442,2853,5295,5293,477,0.09011902512752692
2021-06-10,220,225,445,224,276,500,409,518,927,479,594,1073,380,513,893,267,379,646,204,251,455,118,161,279,30,56,86,7,19,26,2338,2992,5330,5326,458,0.08599324070597071
2021-06-11,214,210,424,206,233,439,416,517,933,437,592,1029,411,547,958,278,353,631,205,248,453,112,168,280,36,75,111,5,16,21,2320,2959,5279,5279,644,0.12199280166698238
2021-06-12,160,149,309,169,180,349,269,330,599,328,379,707,277,363,640,191,266,457,129,182,311,71,102,173,25,40,65,3,10,13,1622,2001,3623,3623,378,0.10433342533811758
2021-06-13,175,171,346,186,163,349,220,262,482,289,349,638,264,328,592,188,236,424,123,163,286,61,74,135,23,35,58,5,12,17,1534,1793,3327,3327,340,0.1021941689209498
2021-06-14,257,225,482,268,256,524,369,484,853,480,530,1010,403,515,918,301,357,658,200,292,492,130,148,278,33,62,95,17,20,37,2458,2889,5347,5347,482,0.0901440059846643
2021-06-15,264,254,518,269,263,532,392,467,859,491,541,1032,375,522,897,285,380,665,205,230,435,100,125,225,42,52,94,3,12,15,2426,2846,5272,5272,468,0.08877086494688922
2021-06-16,283,256,539,249,249,498,390,494,884,485,555,1040,388,520,908,240,331,571,190,220,410,101,129,230,34,50,84,1,14,15,2361,2818,5179,5179,387,0.07472485035721181
2021-06-17,242,243,485,256,273,529,408,516,924,489,633,1122,393,559,952,262,367,629,209,247,456,112,146,258,31,53,84,2,12,14,2404,3049,5453,5453,447,0.08197322574729507
2021-06-18,228,212,440,245,251,496,387,462,849,452,577,1029,382,514,896,228,350,578,170,238,408,79,126,205,31,35,66,3,13,16,2205,2778,4983,4982,439,0.08811722199919711
2021-06-19,181,189,370,155,156,311,236,338,574,351,411,762,271,330,601,178,226,404,150,154,304,76,89,165,29,60,89,4,13,17,1631,1966,3597,3597,528,0.14678899082568808
2021-06-20,173,145,318,113,109,222,150,218,368,220,287,507,199,249,448,140,178,318,95,120,215,71,66,137,13,36,49,2,9,11,1176,1417,2593,2593,283,0.10913999228692634
2021-06-21,208,185,393,174,178,352,206,294,500,311,340,651,300,329,629,201,238,439,114,142,256,77,91,168,24,28,52,2,6,8,1617,1831,3448,3446,390,0.11317469529889727
2021-06-22,280,259,539,265,249,514,358,457,815,444,539,983,425,480,905,247,334,581,216,254,470,104,149,253,34,66,100,9,16,25,2382,2803,5185,5185,458,0.08833172613307617
2021-06-23,322,266,588,292,286,578,351,469,820,486,598,1084,435,555,990,226,345,571,195,243,438,100,157,257,31,73,104,5,26,31,2443,3018,5461,5460,472,0.08644688644688645
2021-06-24,296,271,567,258,300,558,367,490,857,438,552,990,377,480,857,247,310,557,172,258,430,81,117,198,24,48,72,4,16,20,2264,2842,5106,5105,569,0.11145935357492655
2021-06-25,337,277,614,285,326,611,390,515,905,501,698,1199,392,539,931,292,382,674,205,287,492,114,162,276,41,74,115,7,20,27,2564,3280,5844,5844,769,0.13158795345653662
2021-06-26,158,152,310,138,162,300,212,254,466,271,322,593,215,291,506,161,177,338,144,179,323,77,109,186,22,48,70,5,16,21,1403,1710,3113,3113,366,0.11757147446193382
2021-06-27,182,168,350,115,163,278,186,244,430,236,289,525,227,274,501,139,171,310,112,131,243,73,78,151,17,39,56,2,10,12,1289,1567,2856,2856,361,0.12640056022408963
2021-06-28,217,205,422,136,146,282,185,255,440,289,339,628,223,294,517,167,187,354,126,121,247,77,98,175,34,35,69,3,15,18,1457,1695,3152,3151,450,0.14281180577594416
2021-06-29,228,264,492,224,241,465,319,412,731,382,453,835,289,359,648,202,248,450,160,177,337,101,107,208,28,62,90,1,20,21,1934,2343,4277,4277,500,0.11690437222352117
2021-06-30,280,292,572,291,268,559,346,460,806,429,515,944,324,388,712,215,342,557,164,225,389,86,101,187,31,50,81,4,9,13,2170,2650,4820,4820,438,0.0908713692946058
2021-07-01,227,218,445,240,247,487,318,419,737,374,475,849,267,392,659,197,266,463,150,212,362,81,114,195,35,53,88,3,10,13,1892,2406,4298,4297,504,0.11729113334884804
2021-07-02,314,247,561,317,291,608,320,435,755,404,551,955,275,449,724,213,308,521,156,218,374,94,127,221,33,45,78,3,15,18,2129,2686,4815,4814,569,0.11819692563356876
2021-07-03,196,196,392,162,211,373,198,258,456,257,328,585,207,277,484,153,164,317,124,139,263,55,86,141,16,36,52,5,11,16,1373,1706,3079,3079,472,0.15329652484572914
2021-07-04,205,217,422,149,166,315,156,252,408,244,305,549,188,245,433,143,187,330,99,123,222,46,77,123,18,35,53,3,11,14,1251,1618,2869,2869,410,0.14290693621470896
2021-07-05,342,316,658,274,295,569,356,452,808,454,546,1000,314,468,782,210,278,488,168,204,372,105,128,233,39,52,91,5,15,20,2267,2754,5021,5021,533,0.10615415255925115
2021-07-06,383,347,730,351,349,700,386,456,842,452,583,1035,354,480,834,223,313,536,153,221,374,88,140,228,30,63,93,3,18,21,2423,2970,5393,5393,555,0.10291118116076395
2021-07-07,336,306,642,336,338,674,407,470,877,428,546,974,391,421,812,251,294,545,153,194,347,75,80,155,22,49,71,7,16,23,2406,2714,5120,5120,474,0.092578125
2021-07-08,335,324,659,360,387,747,489,536,1025,491,621,1112,402,544,946,263,383,646,173,285,458,102,142,244,50,44,94,4,17,21,2669,3283,5952,5952,680,0.11424731182795698
2021-07-09,239,249,488,261,249,510,280,359,639,331,434,765,282,364,646,181,239,420,110,131,241,67,86,153,30,48,78,5,8,13,1786,2167,3953,3953,555,0.1403996964330888
2021-07-10,217,227,444,235,226,461,250,288,538,270,383,653,226,321,547,184,239,423,131,156,287,73,99,172,23,45,68,4,12,16,1613,1996,3609,3609,481,0.13327791632031033
2021-07-11,268,237,505,170,177,347,221,266,487,264,363,627,249,345,594,187,226,413,126,151,277,66,86,152,14,26,40,5,10,15,1570,1887,3457,3457,437,0.1264101822389355
2021-07-12,393,381,774,353,373,726,448,572,1020,525,606,1131,475,581,1056,277,383,660,232,219,451,105,142,247,35,49,84,11,17,28,2854,3323,6177,6177,598,0.09681074955480007
2021-07-13,392,333,725,335,372,707,448,522,970,466,564,1030,408,535,943,278,382,660,168,238,406,107,132,239,31,60,91,9,22,31,2642,3160,5802,5800,669,0.1153448275862069
2021-07-14,375,361,736,448,431,879,522,569,1091,466,645,1111,436,570,1006,261,375,636,211,228,439,103,120,223,31,50,81,4,12,16,2857,3361,6218,6216,569,0.09153796653796654
2021-07-15,328,279,607,490,468,958,488,629,1117,561,693,1254,533,682,1215,346,408,754,194,251,445,100,146,246,31,54,85,6,15,21,3077,3625,6702,6701,709,0.10580510371586331
2021-07-16,289,276,565,412,384,796,469,590,1059,468,674,1142,489,634,1123,286,377,663,169,244,413,88,119,207,34,55,89,3,16,19,2707,3369,6076,6076,568,0.0934825543120474
2021-07-17,217,230,447,267,277,544,283,368,651,328,444,772,286,366,652,203,236,439,128,141,269,78,90,168,16,29,45,5,11,16,1811,2192,4003,4001,557,0.13921519620094977
2021-07-18,217,181,398,206,245,451,241,327,568,290,379,669,255,333,588,205,223,428,109,127,236,67,78,145,26,44,70,3,7,10,1619,1944,3563,3562,394,0.11061201572150477
2021-07-19,271,249,520,286,306,592,424,521,945,440,546,986,384,497,881,280,380,660,195,260,455,113,142,255,46,54,100,3,5,8,2442,2960,5402,5402,570,0.10551647537948908
2021-07-20,291,255,546,262,291,553,353,462,815,384,483,867,357,439,796,258,293,551,165,208,373,85,129,214,30,46,76,7,13,20,2192,2619,4811,4811,496,0.10309706921637914
2021-07-21,316,292,608,359,362,721,453,557,1010,478,593,1071,446,611,1057,327,419,746,218,302,520,111,164,275,33,71,104,4,13,17,2745,3384,6129,6129,583,0.09512155327133301
2021-07-22,294,269,563,405,406,811,420,599,1019,553,700,1253,507,640,1147,345,392,737,204,261,465,107,134,241,37,50,87,4,11,15,2876,3462,6338,6338,598,0.09435153045124645
2021-07-23,239,211,450,288,323,611,338,441,779,413,559,972,402,443,845,262,331,593,145,206,351,81,127,208,26,48,74,7,17,24,2201,2706,4907,4907,639,0.13022213164866517
2021-07-24,204,204,408,285,391,676,315,384,699,441,514,955,438,518,956,273,306,579,147,211,358,85,94,179,28,39,67,3,12,15,2219,2673,4892,4891,514,0.10509098343896954
2021-07-25,183,189,372,321,392,713,244,341,585,411,522,933,503,598,1101,272,292,564,143,165,308,100,95,195,19,39,58,6,8,14,2202,2641,4843,4842,425,0.08777364725320115
2021-07-26,280,283,563,425,546,971,431,622,1053,628,784,1412,602,764,1366,388,466,854,237,331,568,128,203,331,48,76,124,8,19,27,3175,4094,7269,7269,646,0.08887054615490439
2021-07-27,218,209,427,285,382,667,415,525,940,453,583,1036,459,518,977,257,352,609,182,213,395,100,137,237,39,56,95,4,15,19,2412,2990,5402,5397,546,0.10116731517509728
2021-07-28,255,225,480,332,458,790,509,604,1113,606,709,1315,503,644,1147,344,424,768,229,283,512,126,135,261,30,51,81,8,11,19,2942,3544,6486,6484,571,0.08806292412091302
2021-07-29,258,226,484,373,378,751,442,636,1078,609,714,1323,509,649,1158,318,391,709,235,253,488,108,143,251,32,40,72,4,16,20,2888,3446,6334,6328,547,0.08644121365360304
2021-07-30,278,264,542,460,529,989,608,841,1449,747,1094,1841,691,950,1641,462,670,1132,306,376,682,123,189,312,48,71,119,8,15,23,3731,4999,8730,8728,759,0.08696150320806599
2021-07-31,298,274,572,453,523,976,412,615,1027,688,914,1602,771,961,1732,435,512,947,238,308,546,124,151,275,34,34,68,2,12,14,3455,4304,7759,7759,497,0.06405464621729605
2021-08-01,316,339,655,411,497,908,275,425,700,520,736,1256,622,834,1456,317,393,710,170,220,390,88,134,222,28,62,90,7,9,16,2754,3649,6403,6402,500,0.07810059356451109
2021-08-02,405,367,772,540,564,1104,510,696,1206,713,943,1656,694,1001,1695,420,623,1043,350,412,762,151,209,360,47,79,126,6,21,27,3836,4915,8751,8750,716,0.08182857142857143
2021-08-03,371,375,746,429,568,997,528,723,1251,637,879,1516,640,848,1488,441,625,1066,320,401,721,179,252,431,47,83,130,7,25,32,3599,4779,8378,8376,794,0.09479465138490926
2021-08-04,369,351,720,395,425,820,504,604,1108,582,726,1308,451,654,1105,328,454,782,264,331,595,117,193,310,34,59,93,3,18,21,3047,3815,6862,6860,687,0.10014577259475219
2021-08-05,402,407,809,460,533,993,652,826,1478,710,907,1617,655,833,1488,422,591,1013,289,359,648,141,181,322,40,70,110,7,16,23,3778,4723,8501,8497,729,0.08579498646581146
2021-08-06,439,373,812,585,603,1188,654,902,1556,740,1029,1769,662,895,1557,418,648,1066,324,457,781,163,245,408,47,58,105,4,12,16,4036,5222,9258,9257,730,0.07885924165496382
2021-08-07,278,288,566,331,399,730,406,483,889,506,562,1068,398,508,906,286,385,671,186,259,445,101,165,266,31,56,87,5,6,11,2528,3111,5639,5636,595,0.10557132718239887
2021-08-08,368,328,696,345,396,741,301,400,701,371,506,877,433,568,1001,272,357,629,206,241,447,89,108,197,20,48,68,5,10,15,2410,2962,5372,5372,585,0.10889798957557707
2021-08-09,500,452,952,387,473,860,525,733,1258,628,745,1373,535,719,1254,408,534,942,270,344,614,147,164,311,47,59,106,9,14,23,3456,4237,7693,7692,716,0.09308372334893396
2021-08-10,551,513,1064,504,520,1024,561,768,1329,595,797,1392,534,731,1265,401,521,922,273,353,626,155,189,344,46,60,106,3,15,18,3623,4467,8090,8086,950,0.11748701459312391
2021-08-11,461,465,926,543,599,1142,610,812,1422,672,843,1515,581,810,1391,399,540,939,254,312,566,140,165,305,46,67,113,7,20,27,3713,4633,8346,8345,718,0.08603954463750749
2021-08-12,431,398,829,493,494,987,494,703,1197,575,705,1280,515,719,1234,320,464,784,217,251,468,107,128,235,39,49,88,5,17,22,3196,3928,7124,7123,511,0.07173943563105434
2021-08-13,388,343,731,542,580,1122,523,811,1334,698,943,1641,588,806,1394,364,568,932,230,307,537,118,152,270,39,52,91,5,11,16,3495,4573,8068,8067,359,0.04450229329366555
2021-08-14,109,121,230,198,202,400,185,313,498,268,395,663,255,351,606,162,228,390,82,119,201,44,42,86,17,12,29,1,6,7,1321,1789,3110,3110,37,0.011897106109324759
2021-08-15,16,14,30,42,47,89,44,51,95,68,106,174,48,83,131,47,82,129,25,26,51,10,11,21,2,3,5,0,0,0,302,423,725,725,0,0.0
