FECHA,SM,SF,S,CM,CF,C,CEM,CEF,CE,EM,EF,E,IM,IF,I,TotalM,TotalF,Total
2020-03-15,0,0,0,0,0,0,1,0,1,0,0,0,0,2,2,1,2,3
2020-03-16,0,0,0,0,0,0,2,1,3,0,0,0,5,2,7,7,3,10
2020-03-17,0,0,0,0,0,0,2,1,3,0,0,0,6,4,10,8,5,13
2020-03-18,0,1,1,1,1,2,1,0,1,0,0,0,4,3,7,6,5,11
2020-03-19,0,0,0,2,0,2,2,0,2,0,0,0,6,2,8,10,2,12
2020-03-20,0,0,0,2,0,2,1,1,2,0,0,0,7,2,9,10,3,13
2020-03-21,0,0,0,0,0,0,4,4,8,0,0,0,9,5,14,13,9,22
2020-03-22,0,0,0,3,0,3,2,1,3,2,0,2,10,3,13,17,4,21
2020-03-23,2,0,2,3,3,6,6,2,8,1,0,1,4,3,7,16,8,24
2020-03-24,1,0,1,5,3,8,2,2,4,0,0,0,11,3,14,19,8,27
2020-03-25,1,0,1,6,2,8,1,2,3,0,1,1,10,4,14,18,9,27
2020-03-26,0,0,0,1,2,3,4,4,8,0,0,0,7,5,12,12,11,23
2020-03-27,2,0,2,1,4,5,2,2,4,0,1,1,3,2,5,8,9,17
2020-03-28,1,2,3,3,3,6,2,1,3,0,1,1,2,0,2,8,7,15
2020-03-29,3,0,3,6,7,13,0,2,2,0,0,0,4,6,10,13,15,28
2020-03-30,3,1,4,11,8,19,1,0,1,0,0,0,2,3,5,17,12,29
2020-03-31,3,0,3,8,5,13,2,4,6,0,0,0,2,1,3,15,10,25
2020-04-01,0,2,2,9,8,17,1,1,2,1,0,1,3,3,6,14,14,28
2020-04-02,2,2,4,9,4,13,6,9,15,1,0,1,0,1,1,18,16,34
2020-04-03,4,4,8,4,5,9,1,4,5,0,0,0,1,0,1,10,13,23
2020-04-04,1,2,3,3,3,6,0,1,1,1,0,1,0,2,2,5,8,13
2020-04-05,1,3,4,4,3,7,1,2,3,0,0,0,1,1,2,7,9,16
2020-04-06,2,5,7,7,4,11,1,2,3,0,1,1,0,3,3,10,15,25
2020-04-07,1,3,4,7,2,9,2,2,4,0,0,0,1,1,2,11,8,19
2020-04-08,1,7,8,6,2,8,4,2,6,0,0,0,0,0,0,11,11,22
2020-04-09,0,2,2,3,1,4,3,0,3,0,0,0,1,0,1,7,3,10
2020-04-10,0,1,1,4,2,6,1,1,2,0,0,0,0,0,0,5,4,9
2020-04-11,1,1,2,2,1,3,1,1,2,0,0,0,1,0,1,5,3,8
2020-04-12,3,2,5,1,3,4,1,2,3,0,0,0,0,0,0,5,7,12
2020-04-13,3,4,7,4,3,7,2,3,5,0,1,1,0,0,0,9,11,20
2020-04-14,4,1,5,9,7,16,1,1,2,0,0,0,0,0,0,14,9,23
2020-04-15,3,1,4,1,4,5,0,1,1,0,0,0,0,0,0,4,6,10
2020-04-16,2,2,4,7,3,10,3,9,12,0,0,0,1,0,1,13,14,27
2020-04-17,4,4,8,2,9,11,2,2,4,0,0,0,0,0,0,8,15,23
2020-04-18,1,2,3,2,7,9,3,7,10,1,0,1,1,0,1,8,16,24
2020-04-19,1,4,5,5,6,11,3,5,8,0,0,0,0,0,0,9,15,24
2020-04-20,3,2,5,3,4,7,5,5,10,0,0,0,0,0,0,11,11,22
2020-04-21,0,5,5,5,15,20,5,8,13,0,0,0,0,1,1,10,29,39
2020-04-22,2,3,5,17,21,38,7,8,15,1,0,1,0,0,0,27,32,59
2020-04-23,3,2,5,15,11,26,15,15,30,1,0,1,0,0,0,34,28,62
2020-04-24,4,9,13,7,5,12,10,9,19,1,1,2,1,0,1,23,24,47
2020-04-25,0,3,3,10,10,20,2,3,5,1,0,1,0,0,0,13,16,29
2020-04-26,0,3,3,6,5,11,2,2,4,0,0,0,0,0,0,8,10,18
2020-04-27,4,6,10,12,21,33,13,5,18,0,0,0,0,1,1,29,33,62
2020-04-28,6,3,9,12,11,23,2,2,4,0,0,0,2,0,2,22,16,38
2020-04-29,1,3,4,12,12,24,4,5,9,1,0,1,0,0,0,18,20,38
2020-04-30,5,3,8,14,7,21,3,5,8,1,0,1,0,0,0,23,15,38
2020-05-01,2,0,2,10,15,25,10,6,16,2,1,3,0,0,0,24,22,46
2020-05-02,2,2,4,7,5,12,9,14,23,0,0,0,0,0,0,18,21,39
2020-05-03,1,1,2,9,7,16,8,10,18,0,2,2,1,0,1,19,20,39
2020-05-04,4,4,8,14,17,31,6,8,14,4,1,5,0,0,0,28,30,58
2020-05-05,1,6,7,34,33,67,15,30,45,6,5,11,0,1,1,56,75,131
2020-05-06,5,5,10,18,10,28,11,20,31,5,6,11,0,0,0,39,41,80
2020-05-07,2,5,7,20,17,37,23,26,49,6,6,12,0,0,0,51,54,105
2020-05-08,5,6,11,39,30,69,34,37,71,5,2,7,0,0,0,83,75,158
2020-05-09,8,5,13,16,16,32,28,20,48,2,7,9,0,0,0,54,48,102
2020-05-10,5,5,10,18,18,36,82,24,106,4,1,5,0,0,0,109,48,157
2020-05-11,1,4,5,35,35,70,14,21,35,8,2,10,0,0,0,58,62,120
2020-05-12,6,8,14,54,46,100,39,58,97,4,3,7,0,0,0,103,115,218
2020-05-13,2,7,9,52,35,87,34,38,72,3,2,5,0,0,0,91,82,173
2020-05-14,2,3,5,71,66,137,30,41,71,8,12,20,0,0,0,111,122,233
2020-05-15,6,6,12,40,37,77,45,53,98,2,8,10,0,0,0,93,104,197
2020-05-16,4,6,10,50,54,104,31,31,62,5,10,15,0,0,0,90,101,191
2020-05-17,3,10,13,62,37,99,47,38,85,8,4,12,0,0,0,120,89,209
2020-05-18,6,7,13,80,75,155,76,85,161,13,15,28,0,0,0,175,182,357
2020-05-19,7,10,17,85,76,161,73,72,145,5,5,10,0,0,0,170,163,333
2020-05-20,5,18,23,81,70,151,59,67,126,13,11,24,0,0,0,158,166,324
2020-05-21,8,15,23,81,68,149,84,73,157,18,9,27,0,0,0,191,165,356
2020-05-22,5,20,25,72,72,144,70,56,126,11,8,19,0,0,0,158,156,314
2020-05-23,7,8,15,61,58,119,80,89,169,9,10,19,0,0,0,157,165,322
2020-05-24,4,8,12,55,46,101,60,51,111,9,8,17,1,0,1,129,113,242
2020-05-25,7,16,23,43,62,105,67,65,132,14,11,25,0,0,0,131,154,285
2020-05-26,15,15,30,76,73,149,90,106,196,16,11,27,0,0,0,197,205,402
2020-05-27,11,25,36,86,61,147,97,92,189,15,13,28,0,0,0,209,191,400
2020-05-28,14,21,35,101,102,203,96,95,191,12,18,30,0,0,0,223,236,459
2020-05-29,6,13,19,78,95,173,82,92,174,16,12,28,0,0,0,182,212,394
2020-05-30,3,9,12,53,63,116,66,63,129,12,10,22,0,1,1,134,146,280
2020-05-31,4,10,14,63,60,123,46,51,97,9,8,17,0,0,0,122,129,251
2020-06-01,12,10,22,82,78,160,66,78,144,26,21,47,0,0,0,186,187,373
2020-06-02,14,16,30,94,101,195,87,84,171,28,21,49,0,0,0,223,222,445
2020-06-03,9,16,25,105,99,204,67,72,139,25,21,46,0,0,0,206,208,414
2020-06-04,10,19,29,92,101,193,59,81,140,23,16,39,0,0,0,184,217,401
2020-06-05,8,17,25,100,111,211,105,73,178,24,21,45,0,0,0,237,222,459
2020-06-06,7,31,38,92,81,173,62,79,141,19,9,28,0,0,0,180,200,380
2020-06-07,6,7,13,63,65,128,75,88,163,7,9,16,0,0,0,151,169,320
2020-06-08,18,37,55,135,112,247,102,106,208,45,38,83,0,0,0,300,293,593
2020-06-09,15,19,34,121,132,253,107,112,219,45,36,81,0,0,0,288,299,587
2020-06-10,21,15,36,120,119,239,92,138,230,39,35,74,0,1,1,272,308,580
2020-06-11,24,22,46,144,139,283,115,114,229,42,24,66,0,0,0,325,299,624
2020-06-12,11,30,41,168,142,310,100,113,213,33,25,58,0,0,0,312,310,622
2020-06-13,10,22,32,102,95,197,108,128,236,20,24,44,0,0,0,240,269,509
2020-06-14,19,19,38,72,77,149,67,86,153,16,11,27,0,0,0,174,193,367
2020-06-15,10,20,30,94,79,173,95,81,176,28,12,40,0,0,0,227,192,419
2020-06-16,16,30,46,153,135,288,120,127,247,61,34,95,0,0,0,350,326,676
2020-06-17,18,38,56,210,181,391,149,160,309,54,38,92,0,0,0,431,417,848
2020-06-18,20,37,57,222,168,390,132,148,280,60,50,110,0,0,0,434,403,837
2020-06-19,30,39,69,197,180,377,130,159,289,44,29,73,0,0,0,401,407,808
2020-06-20,22,27,49,144,131,275,128,144,272,36,46,82,0,0,0,330,348,678
2020-06-21,20,19,39,114,106,220,101,107,208,37,28,65,0,0,0,272,260,532
2020-06-22,23,38,61,226,191,417,215,146,361,64,48,112,0,0,0,528,423,951
2020-06-23,29,41,70,207,165,372,153,174,327,50,46,96,0,0,0,439,426,865
2020-06-24,34,48,82,206,158,364,145,153,298,50,39,89,0,0,0,435,398,833
2020-06-25,26,42,68,188,178,366,151,171,322,56,36,92,0,0,0,421,427,848
2020-06-26,30,41,71,193,192,385,171,163,334,43,44,87,0,0,0,437,440,877
2020-06-27,21,24,45,143,162,305,133,132,265,36,27,63,0,0,0,333,345,678
2020-06-28,25,34,59,151,119,270,105,89,194,28,25,53,0,0,0,309,267,576
2020-06-29,32,44,76,222,179,401,142,151,293,50,35,85,0,0,0,446,409,855
2020-06-30,39,52,91,212,178,390,138,154,292,35,35,70,0,0,0,424,419,843
2020-07-01,31,46,77,220,177,397,132,135,267,39,28,67,0,0,0,422,386,808
2020-07-02,35,54,89,235,208,443,153,147,300,26,29,55,0,0,0,449,438,887
2020-07-03,48,53,101,249,207,456,141,149,290,37,45,82,0,0,0,475,454,929
2020-07-04,21,45,66,197,256,453,103,102,205,40,28,68,1,1,2,362,432,794
2020-07-05,28,38,66,157,173,330,117,105,222,30,26,56,0,0,0,332,342,674
2020-07-06,48,80,128,265,256,521,154,131,285,55,37,92,0,0,0,522,504,1026
2020-07-07,37,54,91,251,228,479,146,138,284,57,34,91,0,1,1,491,455,946
2020-07-08,38,68,106,269,306,575,145,142,287,50,43,93,0,0,0,502,559,1061
2020-07-09,18,43,61,222,224,446,125,111,236,48,48,96,0,0,0,413,426,839
2020-07-10,23,47,70,208,219,427,136,121,257,59,36,95,0,0,0,426,423,849
2020-07-11,28,32,60,193,188,381,103,119,222,52,50,102,0,0,0,376,389,765
2020-07-12,25,34,59,158,139,297,102,95,197,43,39,82,0,0,0,328,307,635
2020-07-13,40,76,116,314,347,661,165,118,283,43,37,80,0,0,0,562,578,1140
2020-07-14,49,56,105,280,261,541,139,162,301,51,40,91,0,0,0,519,519,1038
2020-07-15,36,74,110,312,267,579,115,166,281,51,41,92,1,1,2,515,549,1064
2020-07-16,40,65,105,307,308,615,150,147,297,59,51,110,0,0,0,556,571,1127
2020-07-17,33,72,105,314,327,641,120,134,254,36,32,68,0,0,0,503,565,1068
2020-07-18,36,65,101,313,312,625,92,86,178,36,28,64,0,0,0,477,491,968
2020-07-19,47,43,90,237,244,481,99,123,222,59,38,97,0,0,0,442,448,890
2020-07-20,56,79,135,336,327,663,139,142,281,83,63,146,0,0,0,614,611,1225
2020-07-21,55,90,145,328,333,661,171,177,348,83,61,144,0,0,0,637,661,1298
2020-07-22,50,68,118,349,280,629,151,153,304,83,66,149,0,0,0,633,567,1200
2020-07-23,35,66,101,291,272,563,148,136,284,75,63,138,1,0,1,550,537,1087
2020-07-24,37,79,116,334,304,638,158,141,299,63,47,110,0,0,0,592,571,1163
2020-07-25,50,58,108,254,202,456,98,117,215,34,29,63,0,0,0,436,406,842
2020-07-26,28,31,59,206,235,441,69,97,166,39,24,63,0,0,0,342,387,729
2020-07-27,37,74,111,379,371,750,96,89,185,44,25,69,0,0,0,556,559,1115
2020-07-28,46,58,104,391,347,738,91,103,194,53,42,95,0,0,0,581,550,1131
2020-07-29,30,64,94,301,294,595,136,127,263,61,65,126,1,0,1,529,550,1079
2020-07-30,33,57,90,306,336,642,129,118,247,67,58,125,0,0,0,535,569,1104
2020-07-31,44,66,110,288,290,578,128,140,268,68,51,119,2,0,2,530,547,1077
2020-08-01,38,54,92,269,255,524,126,135,261,51,59,110,0,0,0,484,503,987
2020-08-02,34,43,77,258,265,523,98,108,206,46,33,79,0,0,0,436,449,885
2020-08-03,49,69,118,411,423,834,172,170,342,88,85,173,0,0,0,720,747,1467
2020-08-04,42,80,122,374,415,789,169,150,319,96,76,172,1,0,1,682,721,1403
2020-08-05,38,54,92,441,505,946,138,91,229,88,70,158,0,0,0,705,720,1425
2020-08-06,33,60,93,321,322,643,134,132,266,74,69,143,0,0,0,562,583,1145
2020-08-07,27,63,90,320,299,619,112,124,236,68,63,131,0,0,0,527,549,1076
2020-08-08,25,53,78,231,304,535,89,93,182,48,34,82,0,0,0,393,484,877
2020-08-09,23,31,54,232,217,449,74,80,154,53,38,91,0,0,0,382,366,748
2020-08-10,33,58,91,350,376,726,117,138,255,60,51,111,0,0,0,560,623,1183
2020-08-11,28,56,84,336,322,658,107,96,203,68,60,128,0,0,0,539,534,1073
2020-08-12,33,66,99,314,281,595,112,113,225,64,62,126,0,0,0,523,522,1045
2020-08-13,28,50,78,317,282,599,79,93,172,63,58,121,0,0,0,487,483,970
2020-08-14,31,47,78,310,270,580,99,117,216,49,48,97,0,0,0,489,482,971
2020-08-15,29,43,72,270,365,635,73,72,145,47,40,87,0,0,0,419,520,939
2020-08-16,21,29,50,207,182,389,70,63,133,58,22,80,0,0,0,356,296,652
2020-08-17,23,33,56,299,291,590,91,76,167,48,35,83,0,1,1,461,436,897
2020-08-18,43,68,111,351,383,734,107,89,196,96,75,171,1,0,1,598,615,1213
2020-08-19,42,57,99,373,396,769,98,100,198,102,58,160,0,0,0,615,611,1226
2020-08-20,35,35,70,350,341,691,120,91,211,66,48,114,0,0,0,571,515,1086
2020-08-21,40,58,98,344,316,660,105,100,205,69,63,132,0,0,0,558,537,1095
2020-08-22,23,43,66,260,280,540,106,85,191,61,42,103,0,0,0,450,450,900
2020-08-23,31,31,62,238,249,487,87,97,184,63,55,118,0,0,0,419,432,851
2020-08-24,35,60,95,418,351,769,113,126,239,91,73,164,0,0,0,657,610,1267
2020-08-25,35,58,93,467,466,933,96,102,198,72,77,149,0,0,0,670,703,1373
2020-08-26,54,41,95,525,466,991,93,94,187,73,72,145,0,0,0,745,673,1418
2020-08-27,37,56,93,482,504,986,102,128,230,61,60,121,0,0,0,682,748,1430
2020-08-28,29,42,71,404,404,808,103,109,212,74,74,148,0,0,0,610,629,1239
2020-08-29,20,48,68,299,315,614,93,81,174,51,52,103,0,0,0,463,496,959
2020-08-30,16,32,48,275,255,530,53,63,116,60,52,112,0,0,0,404,402,806
2020-08-31,34,56,90,459,505,964,83,73,156,73,52,125,0,0,0,649,686,1335
2020-09-01,25,34,59,468,468,936,72,80,152,63,56,119,0,0,0,628,638,1266
2020-09-02,18,35,53,363,328,691,72,63,135,50,64,114,0,0,0,503,490,993
2020-09-03,31,31,62,381,337,718,77,77,154,67,55,122,0,0,0,556,500,1056
2020-09-04,27,59,86,383,359,742,64,66,130,44,57,101,0,0,0,518,541,1059
2020-09-05,20,27,47,308,331,639,56,67,123,58,51,109,0,0,0,442,476,918
2020-09-06,15,31,46,223,216,439,56,42,98,41,38,79,1,0,1,336,327,663
2020-09-07,25,43,68,433,413,846,67,86,153,60,34,94,0,0,0,585,576,1161
2020-09-08,24,52,76,430,402,832,93,76,169,47,52,99,0,0,0,594,582,1176
2020-09-09,24,40,64,438,411,849,87,69,156,48,45,93,0,0,0,597,565,1162
2020-09-10,20,39,59,392,401,793,81,68,149,58,56,114,0,0,0,551,564,1115
2020-09-11,26,43,69,383,382,765,58,87,145,54,33,87,0,0,0,521,545,1066
2020-09-12,22,30,52,250,310,560,44,50,94,30,34,64,0,0,0,346,424,770
2020-09-13,19,29,48,248,246,494,37,50,87,37,36,73,0,0,0,341,361,702
2020-09-14,26,31,57,327,348,675,68,58,126,59,42,101,0,0,0,480,479,959
2020-09-15,23,25,48,341,322,663,50,65,115,49,36,85,0,0,0,463,448,911
2020-09-16,27,19,46,345,386,731,43,37,80,44,31,75,0,0,0,459,473,932
2020-09-17,10,26,36,285,264,549,40,65,105,70,53,123,0,0,0,405,408,813
2020-09-18,19,31,50,320,346,666,45,56,101,46,30,76,0,0,0,430,463,893
2020-09-19,18,21,39,231,226,457,45,31,76,26,40,66,0,0,0,320,318,638
2020-09-20,1,24,25,168,180,348,33,36,69,28,24,52,0,0,0,230,264,494
2020-09-21,22,27,49,307,248,555,44,41,85,46,31,77,0,0,0,419,347,766
2020-09-22,20,25,45,330,320,650,38,39,77,48,39,87,0,0,0,436,423,859
2020-09-23,13,30,43,295,299,594,46,36,82,47,45,92,0,0,0,401,410,811
2020-09-24,22,34,56,326,312,638,48,55,103,52,24,76,0,0,0,448,425,873
2020-09-25,22,19,41,316,342,658,53,60,113,45,32,77,0,0,0,436,453,889
2020-09-26,6,20,26,204,213,417,35,43,78,48,29,77,0,0,0,293,305,598
2020-09-27,16,15,31,209,191,400,53,37,90,46,28,74,0,0,0,324,271,595
2020-09-28,8,31,39,330,309,639,52,45,97,45,53,98,0,0,0,435,438,873
2020-09-29,16,20,36,327,325,652,38,52,90,67,46,113,0,0,0,448,443,891
2020-09-30,12,23,35,299,312,611,47,49,96,78,43,121,0,0,0,436,427,863
2020-10-01,12,28,40,270,309,579,46,49,95,42,49,91,0,0,0,370,435,805
2020-10-02,10,28,38,300,323,623,38,42,80,36,39,75,0,0,0,384,432,816
2020-10-03,8,7,15,193,189,382,41,31,72,29,35,64,0,0,0,271,262,533
2020-10-04,11,11,22,167,172,339,23,32,55,21,15,36,0,0,0,222,230,452
2020-10-05,23,24,47,280,280,560,51,43,94,32,34,66,0,0,0,386,381,767
2020-10-06,14,25,39,307,306,613,56,48,104,52,40,92,0,0,0,429,419,848
2020-10-07,11,17,28,265,283,548,45,57,102,44,25,69,0,0,0,365,382,747
2020-10-08,13,21,34,252,305,557,41,63,104,37,31,68,0,0,0,343,420,763
2020-10-09,12,24,36,249,330,579,55,57,112,41,31,72,0,0,0,357,442,799
2020-10-10,11,17,28,204,210,414,34,39,73,25,28,53,0,0,0,274,294,568
2020-10-11,10,12,22,163,198,361,20,28,48,17,12,29,1,0,1,211,250,461
2020-10-12,14,8,22,207,221,428,53,40,93,24,14,38,0,0,0,298,283,581
2020-10-13,17,26,43,293,275,568,43,43,86,49,38,87,0,0,0,402,382,784
2020-10-14,10,21,31,285,281,566,34,29,63,44,35,79,0,0,0,373,366,739
2020-10-15,18,18,36,284,290,574,47,46,93,33,24,57,1,0,1,383,378,761
2020-10-16,9,28,37,262,289,551,43,53,96,32,33,65,0,0,0,346,403,749
2020-10-17,5,14,19,193,169,362,44,52,96,23,21,44,0,0,0,265,256,521
2020-10-18,3,8,11,142,148,290,21,23,44,17,15,32,0,0,0,183,194,377
2020-10-19,9,21,30,233,209,442,36,37,73,30,19,49,0,1,1,308,287,595
2020-10-20,8,16,24,234,233,467,28,32,60,33,20,53,0,0,0,303,301,604
2020-10-21,6,10,16,187,200,387,26,29,55,36,21,57,0,0,0,255,260,515
2020-10-22,10,12,22,170,151,321,35,30,65,25,24,49,1,0,1,241,217,458
2020-10-23,8,12,20,191,195,386,28,26,54,27,32,59,0,0,0,254,265,519
2020-10-24,6,7,13,136,138,274,32,30,62,27,16,43,0,0,0,201,191,392
2020-10-25,7,11,18,111,102,213,22,27,49,15,18,33,0,0,0,155,158,313
2020-10-26,16,12,28,171,173,344,33,20,53,19,29,48,0,0,0,239,234,473
2020-10-27,9,10,19,212,226,438,24,25,49,29,19,48,0,0,0,274,280,554
2020-10-28,10,5,15,185,166,351,26,31,57,21,17,38,0,0,0,242,219,461
2020-10-29,3,10,13,155,148,303,21,22,43,19,10,29,0,0,0,198,190,388
2020-10-30,7,14,21,116,118,234,19,14,33,12,11,23,0,0,0,154,157,311
2020-10-31,3,6,9,82,95,177,10,19,29,11,9,20,0,0,0,106,129,235
2020-11-01,6,4,10,109,102,211,26,21,47,17,9,26,0,0,0,158,136,294
2020-11-02,12,14,26,133,140,273,23,29,52,19,16,35,0,0,0,187,199,386
2020-11-03,8,16,24,140,129,269,22,9,31,9,13,22,0,0,0,179,167,346
2020-11-04,6,8,14,132,160,292,16,12,28,15,13,28,0,1,1,169,194,363
2020-11-05,7,8,15,188,176,364,20,26,46,22,23,45,0,0,0,237,233,470
2020-11-06,8,15,23,144,131,275,16,19,35,20,18,38,0,0,0,188,183,371
2020-11-07,4,8,12,111,124,235,14,13,27,15,15,30,0,0,0,144,160,304
2020-11-08,5,10,15,86,88,174,18,21,39,14,12,26,0,0,0,123,131,254
2020-11-09,6,18,24,165,157,322,21,21,42,25,27,52,0,0,0,217,223,440
2020-11-10,8,12,20,174,151,325,23,19,42,25,19,44,0,0,0,230,201,431
2020-11-11,5,19,24,159,146,305,26,29,55,25,14,39,0,0,0,215,208,423
2020-11-12,6,4,10,157,136,293,19,23,42,14,16,30,0,0,0,196,179,375
2020-11-13,4,12,16,163,127,290,18,23,41,22,22,44,0,0,0,207,184,391
2020-11-14,4,7,11,131,109,240,12,17,29,17,16,33,0,0,0,164,149,313
2020-11-15,6,5,11,86,100,186,13,13,26,10,8,18,0,0,0,115,126,241
2020-11-16,5,7,12,122,130,252,12,17,29,13,20,33,0,0,0,152,174,326
2020-11-17,4,13,17,143,157,300,27,27,54,23,14,37,0,0,0,197,211,408
2020-11-18,8,10,18,144,157,301,13,24,37,30,20,50,0,0,0,195,211,406
2020-11-19,6,12,18,125,118,243,7,15,22,13,11,24,0,0,0,151,156,307
2020-11-20,4,5,9,120,96,216,16,11,27,4,8,12,0,0,0,144,120,264
2020-11-21,9,4,13,107,129,236,9,14,23,5,9,14,0,0,0,130,156,286
2020-11-22,3,8,11,72,62,134,11,11,22,13,8,21,0,1,1,99,90,189
2020-11-23,2,4,6,77,73,150,14,11,25,11,16,27,0,0,0,104,104,208
2020-11-24,7,9,16,137,106,243,19,20,39,15,18,33,0,0,0,178,153,331
2020-11-25,3,10,13,161,160,321,24,17,41,22,17,39,0,0,0,210,204,414
2020-11-26,8,14,22,113,135,248,15,14,29,24,16,40,0,0,0,160,179,339
2020-11-27,13,5,18,144,104,248,17,15,32,12,11,23,0,0,0,186,135,321
2020-11-28,6,2,8,100,111,211,8,14,22,12,14,26,0,0,0,126,141,267
2020-11-29,4,7,11,97,84,181,13,13,26,20,15,35,0,0,0,134,119,253
2020-11-30,8,4,12,119,120,239,8,12,20,12,17,29,0,0,0,147,153,300
2020-12-01,5,5,10,127,103,230,10,15,25,11,16,27,0,0,0,153,139,292
2020-12-02,4,4,8,99,103,202,5,9,14,5,10,15,0,0,0,113,126,239
2020-12-03,2,4,6,115,95,210,17,18,35,13,7,20,0,0,0,147,124,271
2020-12-04,6,9,15,126,114,240,15,19,34,15,14,29,0,1,1,162,157,319
2020-12-05,2,5,7,98,104,202,13,16,29,8,21,29,0,0,0,121,146,267
2020-12-06,5,5,10,92,81,173,10,8,18,5,7,12,0,0,0,112,101,213
2020-12-07,4,6,10,86,89,175,8,10,18,5,8,13,0,0,0,103,113,216
2020-12-08,5,10,15,141,102,243,14,8,22,12,8,20,0,0,0,172,128,300
2020-12-09,7,11,18,155,145,300,20,26,46,16,17,33,0,0,0,198,199,397
2020-12-10,4,15,19,145,151,296,24,31,55,14,18,32,0,0,0,187,215,402
2020-12-11,1,7,8,138,146,284,15,17,32,13,13,26,0,0,0,167,183,350
2020-12-12,3,7,10,135,101,236,22,23,45,8,16,24,1,0,1,169,147,316
2020-12-13,2,8,10,109,110,219,26,23,49,16,9,25,1,0,1,154,150,304
2020-12-14,8,14,22,189,174,363,17,16,33,22,22,44,0,0,0,236,226,462
2020-12-15,8,12,20,203,153,356,23,24,47,13,18,31,0,0,0,247,207,454
2020-12-16,7,9,16,187,180,367,27,19,46,16,17,33,0,0,0,237,225,462
2020-12-17,13,15,28,192,229,421,39,34,73,45,32,77,0,0,0,289,310,599
2020-12-18,4,17,21,246,217,463,33,46,79,20,23,43,0,2,2,303,305,608
2020-12-19,4,7,11,203,177,380,34,38,72,19,13,32,1,1,2,261,236,497
2020-12-20,7,8,15,187,164,351,18,23,41,16,13,29,0,0,0,228,208,436
2020-12-21,8,16,24,294,242,536,35,39,74,42,53,95,1,0,1,380,350,730
2020-12-22,13,10,23,288,283,571,36,40,76,35,27,62,0,0,0,372,360,732
2020-12-23,12,14,26,351,337,688,55,47,102,33,28,61,1,0,1,452,426,878
2020-12-24,5,6,11,192,171,363,26,31,57,14,8,22,0,0,0,237,216,453
2020-12-25,2,3,5,152,117,269,18,15,33,9,14,23,0,0,0,181,149,330
2020-12-26,6,8,14,337,331,668,59,51,110,41,36,77,0,0,0,443,426,869
2020-12-27,9,8,17,275,249,524,44,34,78,32,31,63,0,0,0,360,322,682
2020-12-28,8,13,21,459,445,904,68,56,124,67,52,119,0,0,0,602,566,1168
2020-12-29,10,20,30,466,489,955,77,87,164,75,48,123,0,0,0,628,644,1272
2020-12-30,15,19,34,532,494,1026,78,106,184,38,35,73,2,1,3,665,655,1320
2020-12-31,6,8,14,319,293,612,37,58,95,45,34,79,0,0,0,407,393,800
2021-01-01,2,10,12,127,160,287,17,10,27,14,13,27,0,1,1,160,194,354
2021-01-02,7,9,16,376,357,733,47,67,114,33,23,56,0,0,0,463,456,919
2021-01-03,11,16,27,372,366,738,45,52,97,32,33,65,0,1,1,460,468,928
2021-01-04,15,16,31,624,643,1267,70,58,128,67,50,117,0,0,0,776,767,1543
2021-01-05,17,15,32,597,559,1156,62,75,137,75,74,149,1,1,2,752,724,1476
2021-01-06,9,17,26,600,542,1142,60,66,126,64,61,125,2,2,4,735,688,1423
2021-01-07,8,9,17,504,530,1034,64,68,132,63,55,118,1,0,1,640,662,1302
2021-01-08,11,18,29,515,510,1025,67,49,116,44,46,90,0,2,2,637,625,1262
2021-01-09,7,12,19,411,421,832,57,57,114,29,33,62,1,0,1,505,523,1028
2021-01-10,6,10,16,294,312,606,38,43,81,17,26,43,1,0,1,356,391,747
2021-01-11,8,22,30,465,439,904,45,54,99,53,37,90,0,0,0,571,552,1123
2021-01-12,5,17,22,492,471,963,62,68,130,55,50,105,1,0,1,615,606,1221
2021-01-13,8,11,19,476,507,983,44,59,103,74,64,138,1,2,3,603,643,1246
2021-01-14,6,14,20,461,443,904,53,49,102,53,44,97,3,1,4,576,551,1127
2021-01-15,10,3,13,506,423,929,58,60,118,45,41,86,0,0,0,619,527,1146
2021-01-16,5,4,9,363,401,764,36,36,72,35,29,64,0,0,0,439,470,909
2021-01-17,7,8,15,336,322,658,28,25,53,33,23,56,2,0,2,406,378,784
2021-01-18,7,7,14,522,476,998,62,54,116,56,41,97,0,1,1,647,579,1226
2021-01-19,5,8,13,444,456,900,42,53,95,56,41,97,2,0,2,549,558,1107
2021-01-20,7,7,14,512,474,986,37,47,84,26,29,55,1,0,1,583,557,1140
2021-01-21,9,8,17,448,424,872,43,66,109,38,34,72,1,0,1,539,532,1071
2021-01-22,6,7,13,398,394,792,50,52,102,42,36,78,0,1,1,496,490,986
2021-01-23,3,15,18,337,333,670,23,37,60,30,29,59,0,0,0,393,414,807
2021-01-24,5,8,13,336,295,631,22,23,45,26,19,45,1,0,1,390,345,735
2021-01-25,7,14,21,500,442,942,39,55,94,60,37,97,1,0,1,607,548,1155
2021-01-26,7,12,19,457,474,931,39,34,73,36,29,65,0,1,1,539,550,1089
2021-01-27,7,6,13,400,385,785,37,29,66,33,38,71,0,0,0,477,458,935
2021-01-28,3,5,8,423,405,828,51,34,85,30,28,58,1,1,2,508,473,981
2021-01-29,1,6,7,374,443,817,43,54,97,30,28,58,1,0,1,449,531,980
2021-01-30,3,5,8,332,363,695,24,36,60,23,16,39,2,0,2,384,420,804
2021-01-31,2,5,7,322,355,677,28,39,67,27,23,50,0,1,1,379,423,802
2021-02-01,8,10,18,450,458,908,36,39,75,33,35,68,2,4,6,529,546,1075
2021-02-02,4,7,11,391,424,815,40,41,81,25,23,48,0,2,2,460,497,957
2021-02-03,3,9,12,401,380,781,39,40,79,38,40,78,3,1,4,484,470,954
2021-02-04,2,4,6,333,321,654,35,55,90,36,38,74,1,1,2,407,419,826
2021-02-05,5,12,17,304,296,600,32,49,81,26,32,58,0,2,2,367,391,758
2021-02-06,5,3,8,251,251,502,20,27,47,16,20,36,0,0,0,292,301,593
2021-02-07,1,4,5,200,201,401,25,26,51,24,21,45,0,0,0,250,252,502
2021-02-08,6,13,19,348,364,712,42,45,87,35,24,59,0,1,1,431,447,878
2021-02-09,7,3,10,286,246,532,29,35,64,21,22,43,0,0,0,343,306,649
2021-02-10,2,7,9,293,278,571,23,40,63,21,14,35,1,0,1,340,339,679
2021-02-11,4,7,11,272,283,555,27,32,59,21,20,41,0,0,0,324,342,666
2021-02-12,1,3,4,275,277,552,28,25,53,27,14,41,0,0,0,331,319,650
2021-02-13,2,4,6,224,189,413,31,26,57,16,35,51,0,0,0,273,254,527
2021-02-14,3,3,6,172,218,390,13,15,28,18,11,29,0,1,1,206,248,454
2021-02-15,4,6,10,197,219,416,15,24,39,19,21,40,0,0,0,235,270,505
2021-02-16,4,5,9,204,235,439,19,19,38,12,25,37,0,0,0,239,284,523
2021-02-17,3,6,9,322,294,616,27,39,66,34,32,66,0,0,0,386,371,757
2021-02-18,2,3,5,292,311,603,26,46,72,32,31,63,0,0,0,352,391,743
2021-02-19,1,7,8,304,286,590,31,25,56,30,18,48,1,2,3,367,338,705
2021-02-20,1,6,7,223,232,455,30,21,51,23,14,37,0,0,0,277,273,550
2021-02-21,3,3,6,200,227,427,22,20,42,22,22,44,0,0,0,247,272,519
2021-02-22,3,5,8,258,229,487,33,33,66,34,20,54,1,0,1,329,287,616
2021-02-23,2,8,10,285,250,535,31,25,56,26,27,53,0,0,0,344,310,654
2021-02-24,5,7,12,265,255,520,22,27,49,20,18,38,0,0,0,312,307,619
2021-02-25,0,6,6,287,299,586,25,40,65,44,36,80,1,0,1,357,381,738
2021-02-26,1,4,5,237,261,498,28,32,60,33,26,59,0,0,0,299,323,622
2021-02-27,2,7,9,202,203,405,24,28,52,27,19,46,0,0,0,255,257,512
2021-02-28,1,1,2,169,182,351,13,14,27,11,12,23,2,0,2,196,209,405
2021-03-01,3,5,8,292,281,573,30,33,63,34,32,66,1,0,1,360,351,711
2021-03-02,1,4,5,252,237,489,35,27,62,27,36,63,0,0,0,315,304,619
2021-03-03,5,5,10,290,284,574,36,32,68,31,15,46,0,0,0,362,336,698
2021-03-04,3,1,4,275,253,528,34,33,67,30,27,57,0,0,0,342,314,656
2021-03-05,2,6,8,304,296,600,48,55,103,37,33,70,1,0,1,392,390,782
2021-03-06,0,8,8,199,226,425,41,31,72,24,18,42,0,0,0,264,283,547
2021-03-07,1,7,8,195,209,404,25,29,54,30,16,46,0,0,0,251,261,512
2021-03-08,3,8,11,330,281,611,36,46,82,41,26,67,1,2,3,411,363,774
2021-03-09,0,9,9,307,306,613,40,41,81,55,47,102,1,0,1,403,403,806
2021-03-10,2,9,11,293,328,621,20,44,64,27,20,47,0,0,0,342,401,743
2021-03-11,1,5,6,295,333,628,42,45,87,46,27,73,0,0,0,384,410,794
2021-03-12,4,11,15,315,306,621,48,52,100,42,43,85,0,0,0,409,412,821
2021-03-13,1,5,6,237,235,472,54,38,92,32,39,71,1,2,3,325,319,644
2021-03-14,4,1,5,218,240,458,43,34,77,23,26,49,0,0,0,288,301,589
2021-03-15,2,1,3,386,294,680,34,46,80,29,27,56,0,0,0,451,368,819
2021-03-16,3,9,12,343,326,669,40,42,82,28,26,54,0,0,0,414,403,817
2021-03-17,4,7,11,319,294,613,37,47,84,57,40,97,0,1,1,417,389,806
2021-03-18,0,2,2,325,356,681,32,46,78,30,32,62,1,0,1,388,436,824
2021-03-19,4,5,9,350,373,723,49,50,99,30,39,69,0,0,0,433,467,900
2021-03-20,3,1,4,262,245,507,28,29,57,41,23,64,1,1,2,335,299,634
2021-03-21,2,2,4,276,273,549,23,39,62,32,31,63,0,0,0,333,345,678
2021-03-22,1,6,7,429,416,845,47,55,102,55,57,112,0,1,1,532,535,1067
2021-03-23,4,6,10,491,494,985,52,52,104,40,48,88,0,0,0,587,600,1187
2021-03-24,3,4,7,486,449,935,54,70,124,73,50,123,0,0,0,616,573,1189
2021-03-25,5,7,12,536,523,1059,60,85,145,68,78,146,0,0,0,669,693,1362
2021-03-26,1,9,10,594,608,1202,58,71,129,75,64,139,0,0,0,728,752,1480
2021-03-27,3,9,12,505,512,1017,81,77,158,31,35,66,0,0,0,620,633,1253
2021-03-28,3,6,9,512,456,968,52,69,121,43,26,69,1,0,1,611,557,1168
2021-03-29,6,10,16,727,656,1383,65,91,156,101,84,185,0,0,0,899,841,1740
2021-03-30,7,10,17,821,752,1573,77,105,182,67,68,135,0,0,0,972,935,1907
2021-03-31,9,7,16,847,806,1653,99,82,181,57,53,110,0,0,0,1012,948,1960
2021-04-01,1,14,15,820,813,1633,103,90,193,78,59,137,1,0,1,1003,976,1979
2021-04-02,2,10,12,707,684,1391,69,90,159,61,53,114,0,0,0,839,837,1676
2021-04-03,4,6,10,769,764,1533,82,85,167,49,44,93,0,0,0,904,899,1803
2021-04-04,9,10,19,782,726,1508,61,73,134,66,53,119,0,0,0,918,862,1780
2021-04-05,5,18,23,1233,1239,2472,81,104,185,89,111,200,0,0,0,1408,1472,2880
2021-04-06,6,20,26,1252,1189,2441,84,105,189,77,62,139,0,0,0,1419,1376,2795
2021-04-07,7,21,28,1359,1252,2611,74,90,164,88,70,158,0,1,1,1528,1434,2962
2021-04-08,6,18,24,1192,1217,2409,92,111,203,101,70,171,0,0,0,1391,1416,2807
2021-04-09,7,17,24,1125,1145,2270,84,96,180,87,84,171,0,1,1,1303,1343,2646
2021-04-10,6,13,19,933,952,1885,85,112,197,69,54,123,0,0,0,1093,1131,2224
2021-04-11,1,8,9,882,935,1817,74,53,127,47,45,92,0,0,0,1004,1041,2045
2021-04-12,11,10,21,1290,1202,2492,115,106,221,108,85,193,0,0,0,1524,1403,2927
2021-04-13,8,12,20,1185,1151,2336,84,79,163,92,92,184,1,0,1,1370,1334,2704
2021-04-14,7,16,23,1234,1295,2529,90,112,202,85,59,144,0,0,0,1416,1482,2898
2021-04-15,6,15,21,1145,1059,2204,85,85,170,72,74,146,0,1,1,1308,1234,2542
2021-04-16,11,11,22,1208,1213,2421,107,86,193,92,68,160,0,1,1,1418,1379,2797
2021-04-17,8,11,19,958,1050,2008,82,96,178,97,76,173,0,0,0,1145,1233,2378
2021-04-18,9,8,17,919,872,1791,77,79,156,59,56,115,0,0,0,1064,1015,2079
2021-04-19,5,17,22,1362,1317,2679,77,98,175,100,85,185,0,0,0,1544,1517,3061
2021-04-20,6,12,18,1315,1267,2582,100,89,189,88,106,194,0,0,0,1509,1474,2983
2021-04-21,7,6,13,1289,1293,2582,73,96,169,85,52,137,0,0,0,1454,1447,2901
2021-04-22,6,10,16,1098,1150,2248,77,77,154,86,62,148,0,0,0,1267,1299,2566
2021-04-23,5,12,17,1193,1189,2382,65,78,143,45,75,120,0,0,0,1308,1354,2662
2021-04-24,4,12,16,818,833,1651,69,70,139,63,48,111,0,0,0,954,963,1917
2021-04-25,3,7,10,794,793,1587,49,64,113,63,34,97,0,0,0,909,898,1807
2021-04-26,12,19,31,1048,1062,2110,84,79,163,89,88,177,0,0,0,1233,1248,2481
2021-04-27,9,25,34,1039,1095,2134,76,91,167,60,65,125,0,0,0,1184,1276,2460
2021-04-28,7,20,27,1113,1018,2131,70,89,159,48,55,103,1,0,1,1239,1182,2421
2021-04-29,7,11,18,1008,1058,2066,62,76,138,55,58,113,0,0,0,1132,1203,2335
2021-04-30,4,8,12,1036,1100,2136,64,82,146,60,55,115,0,0,0,1164,1245,2409
2021-05-01,6,3,9,682,705,1387,70,71,141,48,55,103,0,0,0,806,834,1640
2021-05-02,4,11,15,683,724,1407,45,55,100,32,33,65,0,0,0,764,823,1587
2021-05-03,5,7,12,1157,1165,2322,91,100,191,74,71,145,0,0,0,1327,1343,2670
2021-05-04,8,13,21,1052,968,2020,63,81,144,86,73,159,0,0,0,1209,1135,2344
2021-05-05,5,11,16,911,951,1862,62,79,141,45,43,88,0,0,0,1023,1084,2107
2021-05-06,2,4,6,797,876,1673,52,58,110,55,40,95,0,0,0,906,978,1884
2021-05-07,2,8,10,871,928,1799,59,57,116,53,43,96,0,0,0,985,1036,2021
2021-05-08,4,9,13,672,683,1355,57,40,97,48,48,96,0,0,0,781,780,1561
2021-05-09,8,8,16,584,617,1201,53,45,98,41,41,82,0,0,0,686,711,1397
2021-05-10,7,6,13,1108,1171,2279,77,98,175,92,85,177,0,0,0,1284,1360,2644
2021-05-11,4,6,10,1022,1008,2030,81,109,190,62,69,131,0,0,0,1169,1192,2361
2021-05-12,8,10,18,1020,1014,2034,67,82,149,78,68,146,0,0,0,1173,1174,2347
2021-05-13,3,7,10,924,903,1827,53,63,116,50,43,93,0,1,1,1030,1017,2047
2021-05-14,5,15,20,1094,1160,2254,78,104,182,74,68,142,0,0,0,1251,1347,2598
2021-05-15,6,9,15,838,824,1662,76,72,148,58,59,117,0,0,0,978,964,1942
2021-05-16,7,18,25,729,740,1469,60,75,135,90,63,153,0,0,0,886,896,1782
2021-05-17,14,17,31,1382,1398,2780,106,120,226,98,75,173,0,0,0,1600,1610,3210
2021-05-18,7,12,19,1295,1322,2617,92,69,161,73,68,141,0,0,0,1467,1471,2938
2021-05-19,4,22,26,1343,1313,2656,67,88,155,83,52,135,0,0,0,1497,1475,2972
2021-05-20,3,13,16,1178,1238,2416,73,93,166,76,59,135,0,0,0,1330,1403,2733
2021-05-21,7,11,18,1126,1165,2291,83,82,165,50,66,116,0,0,0,1266,1324,2590
2021-05-22,6,10,16,781,815,1596,75,71,146,64,56,120,0,0,0,926,952,1878
2021-05-23,7,9,16,819,728,1547,64,80,144,47,41,88,0,0,0,937,858,1795
2021-05-24,4,20,24,1096,1039,2135,96,87,183,86,77,163,1,0,1,1283,1223,2506
2021-05-25,13,13,26,1057,1014,2071,65,77,142,45,45,90,0,0,0,1180,1149,2329
2021-05-26,10,14,24,1276,1253,2529,78,97,175,91,95,186,0,0,0,1455,1459,2914
2021-05-27,10,14,24,1153,1157,2310,91,94,185,70,72,142,0,0,0,1324,1337,2661
2021-05-28,7,9,16,1070,1080,2150,83,105,188,72,78,150,0,0,0,1232,1272,2504
2021-05-29,4,9,13,747,797,1544,63,92,155,67,65,132,0,0,0,881,963,1844
2021-05-30,5,13,18,607,650,1257,47,46,93,30,39,69,0,0,0,689,748,1437
2021-05-31,9,15,24,979,1097,2076,60,67,127,37,44,81,1,0,1,1086,1223,2309
2021-06-01,9,12,21,857,899,1756,81,72,153,43,45,88,0,0,0,990,1028,2018
2021-06-02,5,13,18,720,734,1454,57,76,133,43,46,89,0,0,0,825,869,1694
2021-06-03,1,10,11,745,803,1548,53,56,109,48,40,88,0,0,0,847,909,1756
2021-06-04,5,17,22,742,780,1522,41,67,108,50,53,103,0,0,0,838,917,1755
2021-06-05,7,14,21,579,564,1143,41,46,87,42,44,86,0,0,0,669,668,1337
2021-06-06,4,7,11,519,507,1026,37,42,79,39,41,80,0,0,0,599,597,1196
2021-06-07,7,12,19,843,853,1696,56,45,101,30,36,66,0,0,0,936,946,1882
2021-06-08,4,13,17,695,701,1396,62,68,130,45,37,82,0,0,0,806,819,1625
2021-06-09,5,9,14,718,654,1372,44,39,83,54,44,98,0,0,0,821,746,1567
2021-06-10,6,8,14,786,792,1578,42,47,89,32,33,65,0,0,0,866,880,1746
2021-06-11,5,6,11,707,708,1415,42,48,90,30,39,69,0,0,0,784,801,1585
2021-06-12,3,10,13,406,418,824,50,61,111,42,35,77,0,0,0,501,524,1025
2021-06-13,2,6,8,448,485,933,41,46,87,30,25,55,0,0,0,521,562,1083
2021-06-14,8,5,13,760,746,1506,43,76,119,39,41,80,0,0,0,850,868,1718
2021-06-15,5,10,15,631,620,1251,48,64,112,49,33,82,0,0,0,733,727,1460
2021-06-16,7,10,17,570,555,1125,41,54,95,31,32,63,0,0,0,649,651,1300
2021-06-17,5,7,12,591,621,1212,47,40,87,29,30,59,0,0,0,672,698,1370
2021-06-18,7,11,18,503,531,1034,46,44,90,26,33,59,0,0,0,582,619,1201
2021-06-19,4,4,8,349,376,725,40,42,82,34,40,74,0,0,0,427,462,889
2021-06-20,4,1,5,325,309,634,28,38,66,29,28,57,0,0,0,386,376,762
2021-06-21,6,15,21,405,424,829,40,46,86,41,48,89,0,1,1,492,534,1026
2021-06-22,7,5,12,674,702,1376,54,63,117,32,39,71,0,0,0,767,809,1576
2021-06-23,6,6,12,611,549,1160,40,47,87,26,25,51,0,0,0,683,627,1310
2021-06-24,7,9,16,606,637,1243,46,55,101,38,43,81,0,0,0,697,744,1441
2021-06-25,4,5,9,606,695,1301,60,52,112,34,40,74,0,0,0,704,792,1496
2021-06-26,3,7,10,408,403,811,37,50,87,42,34,76,0,0,0,490,494,984
2021-06-27,2,9,11,333,344,677,32,46,78,28,21,49,0,0,0,395,420,815
2021-06-28,4,11,15,527,532,1059,31,38,69,25,25,50,0,0,0,587,606,1193
2021-06-29,3,5,8,477,517,994,35,39,74,19,16,35,0,0,0,534,577,1111
2021-06-30,3,8,11,481,503,984,31,34,65,30,31,61,0,0,0,545,576,1121
2021-07-01,5,6,11,475,492,967,33,42,75,32,27,59,0,1,1,545,568,1113
2021-07-02,4,4,8,473,466,939,30,43,73,31,31,62,1,0,1,539,544,1083
2021-07-03,1,7,8,323,313,636,30,48,78,35,24,59,0,0,0,389,392,781
2021-07-04,0,5,5,283,257,540,30,21,51,37,19,56,0,0,0,350,302,652
2021-07-05,4,8,12,527,491,1018,44,32,76,23,23,46,0,0,0,598,554,1152
2021-07-06,7,6,13,478,435,913,27,30,57,32,27,59,0,0,0,544,498,1042
2021-07-07,3,8,11,426,394,820,36,34,70,32,28,60,0,0,0,497,464,961
2021-07-08,7,5,12,476,496,972,44,38,82,28,34,62,0,0,0,555,573,1128
2021-07-09,2,2,4,326,332,658,23,21,44,30,32,62,0,0,0,381,387,768
2021-07-10,1,4,5,337,350,687,26,38,64,24,34,58,0,0,0,388,426,814
2021-07-11,4,7,11,289,293,582,17,22,39,20,28,48,0,0,0,330,350,680
2021-07-12,6,6,12,471,472,943,39,36,75,28,28,56,0,0,0,544,542,1086
2021-07-13,4,1,5,400,421,821,21,15,36,19,25,44,0,0,0,444,462,906
2021-07-14,7,6,13,383,428,811,26,25,51,30,18,48,0,0,0,446,477,923
2021-07-15,4,6,10,423,408,831,23,32,55,18,23,41,0,0,0,468,469,937
2021-07-16,3,7,10,384,436,820,25,18,43,15,16,31,0,1,1,427,478,905
2021-07-17,2,7,9,305,287,592,16,16,32,21,20,41,0,0,0,344,330,674
2021-07-18,3,5,8,211,216,427,11,21,32,14,14,28,0,0,0,239,256,495
2021-07-19,0,3,3,356,375,731,26,26,52,19,12,31,0,0,0,401,416,817
2021-07-20,2,7,9,303,322,625,22,15,37,16,16,32,0,0,0,343,360,703
2021-07-21,5,5,10,312,353,665,18,19,37,12,13,25,0,0,0,347,390,737
2021-07-22,4,1,5,347,309,656,20,23,43,25,29,54,0,1,1,396,363,759
2021-07-23,2,1,3,321,353,674,33,28,61,27,18,45,0,0,0,383,400,783
2021-07-24,1,2,3,242,238,480,19,14,33,19,29,48,0,0,0,281,283,564
2021-07-25,1,4,5,232,229,461,12,16,28,5,8,13,0,0,0,250,257,507
2021-07-26,3,3,6,375,374,749,22,35,57,18,18,36,0,0,0,418,430,848
2021-07-27,3,7,10,314,312,626,18,23,41,17,16,33,0,0,0,352,358,710
2021-07-28,2,7,9,241,293,534,21,17,38,5,11,16,1,0,1,270,328,598
2021-07-29,1,3,4,299,285,584,7,13,20,8,14,22,0,0,0,315,315,630
2021-07-30,2,2,4,292,327,619,22,26,48,19,23,42,0,0,0,335,378,713
2021-07-31,0,5,5,210,231,441,15,30,45,17,14,31,0,1,1,242,281,523
2021-08-01,2,5,7,215,217,432,15,23,38,16,13,29,0,0,0,248,258,506
2021-08-02,4,2,6,367,405,772,20,17,37,11,13,24,0,0,0,402,437,839
2021-08-03,5,2,7,342,334,676,15,10,25,18,12,30,0,0,0,380,358,738
2021-08-04,2,3,5,296,294,590,20,22,42,12,8,20,0,0,0,330,327,657
2021-08-05,2,2,4,333,352,685,13,15,28,7,9,16,0,1,1,355,379,734
2021-08-06,3,5,8,316,355,671,18,23,41,14,23,37,0,0,0,351,406,757
2021-08-07,1,0,1,177,217,394,18,19,37,14,9,23,0,0,0,210,245,455
2021-08-08,2,3,5,163,197,360,17,10,27,12,17,29,0,0,0,194,227,421
2021-08-09,2,2,4,258,264,522,12,12,24,7,4,11,0,1,1,279,283,562
2021-08-10,1,3,4,260,284,544,8,8,16,5,7,12,0,0,0,274,302,576
2021-08-11,2,2,4,237,277,514,9,16,25,11,16,27,0,0,0,259,311,570
2021-08-12,2,2,4,234,242,476,12,17,29,8,11,19,0,0,0,256,272,528
2021-08-13,0,3,3,220,239,459,7,13,20,9,8,17,0,0,0,236,263,499
2021-08-14,2,2,4,154,162,316,10,12,22,12,8,20,0,0,0,178,184,362
2021-08-15,0,6,6,139,131,270,7,6,13,8,8,16,0,0,0,154,151,305
2021-08-16,1,4,5,157,157,314,8,12,20,7,13,20,0,0,0,173,186,359
2021-08-17,1,2,3,243,217,460,14,10,24,17,20,37,0,0,0,275,249,524
2021-08-18,2,3,5,238,226,464,14,10,24,9,9,18,0,0,0,263,248,511
2021-08-19,1,4,5,200,188,388,10,13,23,12,6,18,0,0,0,223,211,434
2021-08-20,1,2,3,207,256,463,12,11,23,7,2,9,0,1,1,227,272,499
2021-08-21,0,1,1,122,140,262,7,12,19,7,10,17,0,1,1,136,164,300
2021-08-22,2,0,2,113,131,244,7,9,16,7,4,11,0,0,0,129,144,273
2021-08-23,1,3,4,170,152,322,6,11,17,7,3,10,0,0,0,184,169,353
2021-08-24,1,4,5,154,170,324,8,6,14,7,5,12,0,0,0,170,185,355
2021-08-25,1,3,4,146,162,308,5,5,10,8,7,15,0,0,0,160,177,337
2021-08-26,1,0,1,157,156,313,10,9,19,2,5,7,0,0,0,170,170,340
2021-08-27,0,0,0,147,157,304,5,9,14,7,7,14,0,0,0,159,173,332
2021-08-28,0,2,2,105,98,203,7,9,16,5,6,11,0,0,0,117,115,232
2021-08-29,0,1,1,101,106,207,4,5,9,6,9,15,0,0,0,111,121,232
2021-08-30,1,4,5,119,159,278,12,10,22,6,7,13,0,0,0,138,180,318
2021-08-31,2,2,4,140,133,273,9,12,21,10,7,17,0,0,0,161,154,315
2021-09-01,3,1,4,119,150,269,12,11,23,1,5,6,0,0,0,135,167,302
2021-09-02,1,0,1,113,134,247,7,9,16,4,8,12,0,1,1,125,152,277
2021-09-03,1,2,3,133,148,281,5,4,9,5,11,16,0,0,0,144,165,309
2021-09-04,0,1,1,52,72,124,2,4,6,2,5,7,0,0,0,56,82,138
2021-09-05,0,4,4,80,59,139,6,4,10,4,5,9,0,0,0,90,72,162
2021-09-06,1,1,2,121,107,228,4,5,9,4,3,7,1,0,1,131,116,247
2021-09-07,1,3,4,93,95,188,3,4,7,2,2,4,0,0,0,99,104,203
2021-09-08,0,3,3,95,89,184,1,3,4,2,1,3,0,0,0,98,96,194
2021-09-09,0,1,1,83,86,169,10,7,17,3,4,7,0,0,0,96,98,194
2021-09-10,0,4,4,114,100,214,3,6,9,4,2,6,0,0,0,121,112,233
2021-09-11,1,1,2,65,64,129,6,3,9,1,1,2,0,0,0,73,69,142
2021-09-12,0,2,2,53,73,126,3,2,5,2,1,3,0,0,0,58,78,136
2021-09-13,2,1,3,96,104,200,3,3,6,5,3,8,0,0,0,106,111,217
2021-09-14,1,1,2,76,86,162,2,5,7,3,3,6,1,0,1,83,95,178
2021-09-15,1,2,3,82,92,174,1,1,2,1,2,3,0,0,0,85,97,182
2021-09-16,0,0,0,85,87,172,3,1,4,1,1,2,0,0,0,89,89,178
2021-09-17,0,0,0,78,91,169,5,4,9,0,3,3,0,0,0,83,98,181
2021-09-18,0,2,2,47,45,92,2,0,2,1,2,3,0,0,0,50,49,99
2021-09-19,0,0,0,40,44,84,1,1,2,4,2,6,0,0,0,45,47,92
2021-09-20,1,1,2,55,59,114,4,1,5,4,0,4,0,0,0,64,61,125
2021-09-21,0,1,1,73,61,134,2,1,3,1,0,1,0,0,0,76,63,139
2021-09-22,0,0,0,62,56,118,1,1,2,2,1,3,0,0,0,65,58,123
2021-09-23,0,0,0,61,74,135,2,0,2,2,1,3,0,0,0,65,75,140
2021-09-24,0,0,0,77,70,147,2,4,6,1,2,3,0,0,0,80,76,156
2021-09-25,1,3,4,35,48,83,4,2,6,2,2,4,0,0,0,42,55,97
2021-09-26,0,0,0,27,38,65,6,5,11,1,0,1,0,0,0,34,43,77
2021-09-27,0,0,0,51,63,114,2,1,3,2,3,5,0,0,0,55,67,122
2021-09-28,0,1,1,51,50,101,0,1,1,2,4,6,0,0,0,53,56,109
2021-09-29,1,1,2,41,61,102,1,0,1,4,1,5,0,0,0,47,63,110
2021-09-30,0,0,0,39,40,79,2,0,2,4,1,5,0,0,0,45,41,86
2021-10-01,0,1,1,49,72,121,3,1,4,4,1,5,0,0,0,56,75,131
2021-10-02,0,2,2,27,43,70,2,1,3,2,1,3,0,0,0,31,47,78
2021-10-03,0,0,0,28,33,61,0,1,1,0,0,0,0,0,0,28,34,62
2021-10-04,0,0,0,47,53,100,1,1,2,0,2,2,0,0,0,48,56,104
2021-10-05,0,1,1,62,63,125,0,1,1,1,1,2,0,0,0,63,66,129
2021-10-06,1,0,1,63,80,143,4,3,7,0,1,1,0,0,0,68,84,152
2021-10-07,0,0,0,52,51,103,2,2,4,1,2,3,0,0,0,55,55,110
2021-10-08,0,0,0,41,29,70,2,2,4,1,2,3,0,0,0,44,33,77
2021-10-09,0,0,0,26,31,57,1,2,3,3,3,6,0,0,0,30,36,66
2021-10-10,0,0,0,46,34,80,3,4,7,0,5,5,0,0,0,49,43,92
2021-10-11,1,0,1,48,49,97,3,3,6,0,2,2,0,0,0,52,54,106
2021-10-12,1,1,2,84,92,176,1,5,6,5,4,9,1,1,2,92,103,195
2021-10-13,0,0,0,72,79,151,6,4,10,1,0,1,0,0,0,79,83,162
2021-10-14,1,0,1,88,102,190,6,3,9,3,1,4,0,0,0,98,106,204
2021-10-15,0,0,0,58,79,137,4,1,5,4,3,7,2,0,2,68,83,151
2021-10-16,1,0,1,40,54,94,8,7,15,3,4,7,0,0,0,52,65,117
2021-10-17,0,1,1,35,26,61,5,0,5,4,3,7,0,0,0,44,30,74
2021-10-18,0,0,0,64,61,125,4,4,8,3,2,5,0,0,0,71,67,138
2021-10-19,0,1,1,65,82,147,1,2,3,5,2,7,0,0,0,71,87,158
2021-10-20,0,3,3,79,121,200,5,1,6,2,4,6,0,0,0,86,129,215
2021-10-21,0,1,1,109,129,238,1,10,11,2,2,4,0,0,0,112,142,254
2021-10-22,1,0,1,102,125,227,1,2,3,3,3,6,0,0,0,107,130,237
2021-10-23,0,0,0,66,65,131,3,5,8,2,1,3,0,0,0,71,71,142
2021-10-24,0,1,1,59,52,111,4,3,7,0,2,2,0,0,0,63,58,121
2021-10-25,0,0,0,77,110,187,2,3,5,1,2,3,0,0,0,80,115,195
2021-10-26,1,0,1,94,79,173,3,4,7,1,2,3,0,1,1,99,86,185
2021-10-27,0,0,0,93,100,193,2,4,6,1,3,4,0,0,0,96,107,203
2021-10-28,0,2,2,86,87,173,4,3,7,5,2,7,0,0,0,95,94,189
2021-10-29,0,2,2,85,98,183,5,0,5,5,2,7,0,0,0,95,102,197
2021-10-30,0,0,0,68,72,140,3,4,7,4,2,6,0,0,0,75,78,153
2021-10-31,2,3,5,54,58,112,3,3,6,0,6,6,0,0,0,59,70,129
2021-11-01,0,1,1,71,87,158,1,3,4,3,9,12,0,1,1,75,101,176
2021-11-02,0,1,1,70,77,147,3,3,6,2,3,5,0,0,0,75,84,159
2021-11-03,0,2,2,82,102,184,5,6,11,1,6,7,0,0,0,88,116,204
2021-11-04,0,1,1,113,96,209,3,6,9,3,3,6,0,0,0,119,106,225
2021-11-05,1,0,1,79,89,168,1,5,6,4,3,7,0,0,0,85,97,182
2021-11-06,1,2,3,79,87,166,3,9,12,8,5,13,1,1,2,92,104,196
2021-11-07,3,1,4,53,59,112,3,3,6,4,0,4,0,0,0,63,63,126
2021-11-08,0,0,0,94,106,200,4,4,8,4,2,6,0,0,0,102,112,214
2021-11-09,0,1,1,92,120,212,5,6,11,3,2,5,0,0,0,100,129,229
2021-11-10,1,2,3,116,126,242,2,5,7,4,7,11,1,0,1,124,140,264
2021-11-11,0,1,1,113,109,222,2,4,6,2,3,5,0,0,0,117,117,234
2021-11-12,0,1,1,108,126,234,3,3,6,4,11,15,0,0,0,115,141,256
2021-11-13,0,0,0,82,96,178,3,7,10,4,2,6,0,0,0,89,105,194
2021-11-14,0,0,0,70,69,139,3,9,12,5,2,7,1,0,1,79,80,159
2021-11-15,0,2,2,88,126,214,2,8,10,3,7,10,0,0,0,93,143,236
2021-11-16,1,3,4,90,100,190,8,7,15,9,5,14,0,0,0,108,115,223
2021-11-17,0,2,2,115,103,218,2,7,9,2,5,7,0,0,0,119,117,236
2021-11-18,2,1,3,107,95,202,10,11,21,3,4,7,1,0,1,123,111,234
2021-11-19,1,3,4,93,102,195,6,5,11,6,7,13,0,0,0,106,117,223
2021-11-20,0,2,2,85,80,165,4,10,14,6,7,13,0,0,0,95,99,194
2021-11-21,0,0,0,78,91,169,7,5,12,7,9,16,0,0,0,92,105,197
2021-11-22,0,1,1,76,92,168,3,15,18,8,6,14,0,0,0,87,114,201
2021-11-23,1,2,3,125,157,282,9,7,16,10,6,16,0,0,0,145,172,317
2021-11-24,0,0,0,142,131,273,5,9,14,9,9,18,0,1,1,156,150,306
2021-11-25,0,2,2,116,147,263,2,8,10,5,3,8,1,1,2,124,161,285
2021-11-26,1,1,2,122,140,262,7,10,17,4,7,11,0,0,0,134,158,292
2021-11-27,0,0,0,109,106,215,9,7,16,5,7,12,0,0,0,123,120,243
2021-11-28,0,3,3,104,90,194,2,7,9,6,4,10,0,0,0,112,104,216
2021-11-29,0,1,1,149,193,342,4,6,10,9,12,21,0,0,0,162,212,374
2021-11-30,0,1,1,168,185,353,6,5,11,8,9,17,0,0,0,182,200,382
2021-12-01,0,4,4,168,204,372,4,8,12,18,13,31,0,1,1,190,230,420
2021-12-02,3,2,5,191,212,403,6,11,17,6,8,14,0,1,1,206,234,440
2021-12-03,1,2,3,137,185,322,8,13,21,8,12,20,0,0,0,154,212,366
2021-12-04,0,1,1,141,164,305,8,10,18,12,14,26,0,1,1,161,190,351
2021-12-05,1,1,2,123,134,257,9,9,18,10,14,24,0,0,0,143,158,301
2021-12-06,0,8,8,226,245,471,9,14,23,8,14,22,1,0,1,244,281,525
2021-12-07,1,2,3,209,274,483,8,17,25,12,10,22,0,0,0,230,303,533
2021-12-08,1,2,3,184,192,376,10,17,27,9,19,28,0,0,0,204,230,434
2021-12-09,3,4,7,301,324,625,15,13,28,10,21,31,0,0,0,329,362,691
2021-12-10,0,2,2,277,291,568,10,18,28,15,11,26,0,0,0,302,322,624
2021-12-11,1,1,2,217,261,478,8,13,21,23,19,42,0,0,0,249,294,543
2021-12-12,3,3,6,226,214,440,14,12,26,11,15,26,1,0,1,255,244,499
2021-12-13,2,2,4,344,376,720,18,24,42,30,23,53,0,1,1,394,426,820
2021-12-14,2,3,5,378,419,797,24,17,41,37,28,65,0,1,1,441,468,909
2021-12-15,5,4,9,403,407,810,30,33,63,27,28,55,0,1,1,465,473,938
2021-12-16,5,3,8,515,444,959,41,36,77,32,35,67,2,0,2,595,518,1113
2021-12-17,0,4,4,468,491,959,25,32,57,35,30,65,0,0,0,528,557,1085
2021-12-18,2,3,5,415,403,818,26,33,59,32,32,64,0,1,1,475,472,947
2021-12-19,4,10,14,394,449,843,24,32,56,36,24,60,0,1,1,458,516,974
2021-12-20,2,6,8,743,827,1570,30,30,60,35,51,86,1,0,1,811,914,1725
2021-12-21,3,11,14,933,1111,2044,41,32,73,72,73,145,2,2,4,1051,1229,2280
2021-12-22,4,17,21,1365,1542,2907,47,71,118,75,77,152,1,0,1,1492,1707,3199
2021-12-23,4,21,25,1410,1438,2848,60,64,124,91,85,176,2,2,4,1567,1610,3177
2021-12-24,5,7,12,990,1029,2019,31,40,71,63,67,130,1,4,5,1090,1147,2237
2021-12-25,4,5,9,721,763,1484,28,42,70,35,24,59,0,2,2,788,836,1624
2021-12-26,7,13,20,1730,1861,3591,63,77,140,81,116,197,1,1,2,1882,2068,3950
2021-12-27,12,25,37,2956,3262,6218,53,56,109,54,62,116,0,1,1,3075,3406,6481
2021-12-28,4,8,12,3685,4302,7987,34,50,84,59,48,107,0,2,2,3782,4410,8192
2021-12-29,10,19,29,4160,4648,8808,34,41,75,74,82,156,0,2,2,4278,4792,9070
2021-12-30,3,5,8,4055,4726,8781,16,25,41,99,109,208,0,0,0,4173,4865,9038
2021-12-31,2,2,4,2358,2686,5044,20,15,35,81,85,166,0,1,1,2461,2789,5250
2022-01-01,1,3,4,1655,1746,3401,4,6,10,64,86,150,0,1,1,1724,1842,3566
2022-01-02,1,0,1,3690,4201,7891,8,10,18,124,170,294,0,0,0,3823,4381,8204
2022-01-03,4,14,18,6305,7414,13719,21,20,41,302,250,552,0,0,0,6632,7698,14330
2022-01-04,6,12,18,6636,7688,14324,29,31,60,449,579,1028,0,1,1,7120,8311,15431
2022-01-05,7,12,19,6417,7786,14203,34,42,76,481,582,1063,1,1,2,6940,8423,15363
2022-01-06,2,5,7,5811,6800,12611,30,32,62,973,1109,2082,1,2,3,6817,7948,14765
2022-01-07,0,10,10,2869,3359,6228,19,15,34,3198,3825,7023,0,1,1,6086,7210,13296
2022-01-08,1,3,4,644,805,1449,6,4,10,3761,4359,8120,0,0,0,4412,5171,9583
2022-01-09,1,2,3,399,520,919,6,9,15,4056,4573,8629,0,0,0,4462,5104,9566
2022-01-10,7,15,22,628,756,1384,12,14,26,6572,7437,14009,0,1,1,7219,8223,15442
2022-01-11,3,8,11,463,597,1060,8,13,21,5785,6566,12351,0,1,1,6259,7185,13444
2022-01-12,6,6,12,416,588,1004,19,17,36,6035,6935,12970,0,0,0,6476,7546,14022
2022-01-13,1,3,4,284,372,656,4,11,15,4280,4808,9088,0,0,0,4569,5194,9763
2022-01-14,2,2,4,192,269,461,4,3,7,2973,3433,6406,0,0,0,3171,3707,6878
2022-01-15,3,1,4,2,4,6,7,6,13,109,134,243,0,0,0,121,145,266
2022-01-16,0,0,0,0,0,0,0,0,0,0,0,0,0,0,0,0,0,0
