FECHA,<=10M,<=10F,<=10,11-20M,11-20F,11-20,21-30M,21-30F,21-30,31-40M,31-40F,31-40,41-50M,41-50F,41-50,51-60M,51-60F,51-60,61-70M,61-70F,61-70,71-80M,71-80F,71-80,81-90M,81-90F,81-90,>=91M,>=91F,>=91,TotalM,TotalF,Total,DelayCount,CumDelay,DelayAvg
2020-03-15,1,0,1,1,0,1,0,3,3,2,1,3,1,1,2,1,0,1,1,0,1,1,1,2,0,0,0,0,0,0,8,6,14,14,44,3.142857142857143
2020-03-16,1,3,4,1,1,2,1,3,4,1,1,2,0,1,1,3,1,4,2,2,4,0,0,0,0,0,0,0,0,0,9,12,21,21,68,3.238095238095238
2020-03-17,1,4,5,1,1,2,2,1,3,1,2,3,1,3,4,0,2,2,2,2,4,2,2,4,1,0,1,0,0,0,11,17,28,28,393,14.035714285714286
2020-03-18,3,1,4,1,0,1,1,0,1,2,1,3,1,3,4,1,1,2,0,2,2,1,0,1,1,0,1,0,0,0,11,8,19,19,36,1.894736842105263
2020-03-19,3,1,4,0,0,0,3,2,5,3,1,4,2,1,3,0,0,0,1,1,2,1,1,2,0,0,0,1,0,1,14,7,21,21,56,2.6666666666666665
2020-03-20,1,1,2,1,0,1,1,0,1,1,3,4,0,1,1,0,1,1,1,1,2,2,2,4,1,0,1,0,0,0,8,9,17,17,30,1.7647058823529411
2020-03-21,1,0,1,2,1,3,1,2,3,3,1,4,2,1,3,1,0,1,2,2,4,1,1,2,1,0,1,1,0,1,15,8,23,23,66,2.869565217391304
2020-03-22,3,1,4,0,0,0,4,1,5,0,0,0,0,0,0,3,1,4,0,1,1,2,0,2,3,2,5,0,1,1,15,7,22,22,51,2.3181818181818183
2020-03-23,4,1,5,1,2,3,2,2,4,3,1,4,2,2,4,2,2,4,2,2,4,4,3,7,3,3,6,0,2,2,23,20,43,43,79,1.8372093023255813
2020-03-24,2,1,3,0,0,0,2,2,4,2,1,3,0,2,2,2,2,4,0,1,1,2,0,2,2,1,3,1,0,1,13,10,23,23,35,1.5217391304347827
2020-03-25,1,4,5,0,0,0,2,3,5,2,6,8,1,1,2,1,3,4,3,1,4,1,2,3,2,5,7,2,0,2,15,25,40,40,96,2.4
2020-03-26,4,3,7,2,2,4,2,2,4,4,3,7,2,4,6,4,2,6,1,4,5,4,3,7,5,0,5,2,1,3,30,24,54,54,185,3.425925925925926
2020-03-27,3,3,6,0,1,1,1,2,3,5,1,6,1,5,6,2,3,5,3,4,7,5,5,10,3,3,6,2,5,7,25,32,57,57,126,2.210526315789474
2020-03-28,2,1,3,0,0,0,3,2,5,2,1,3,1,1,2,4,2,6,4,0,4,4,7,11,3,1,4,0,0,0,23,15,38,38,125,3.289473684210526
2020-03-29,2,0,2,2,1,3,2,3,5,2,2,4,2,3,5,1,0,1,5,3,8,4,2,6,4,1,5,2,1,3,26,16,42,42,97,2.3095238095238093
2020-03-30,3,2,5,0,0,0,1,6,7,7,2,9,4,4,8,3,1,4,7,1,8,3,5,8,4,1,5,3,2,5,35,24,59,59,113,1.9152542372881356
2020-03-31,9,4,13,1,0,1,7,2,9,9,4,13,5,4,9,4,1,5,6,3,9,4,3,7,2,3,5,4,0,4,51,24,75,75,151,2.013333333333333
2020-04-01,11,10,21,1,2,3,5,4,9,9,2,11,12,5,17,4,7,11,4,3,7,6,4,10,5,5,10,0,1,1,57,43,100,100,214,2.14
2020-04-02,10,9,19,2,4,6,4,7,11,5,6,11,3,6,9,2,8,10,9,6,15,8,6,14,5,7,12,3,3,6,51,62,113,113,199,1.761061946902655
2020-04-03,19,9,28,4,4,8,5,8,13,7,11,18,9,11,20,3,7,10,8,5,13,7,4,11,5,6,11,1,5,6,68,70,138,138,269,1.9492753623188406
2020-04-04,10,13,23,3,4,7,2,7,9,5,10,15,7,4,11,6,0,6,6,3,9,2,5,7,4,2,6,1,3,4,46,51,97,97,182,1.8762886597938144
2020-04-05,9,10,19,4,5,9,6,1,7,7,2,9,8,5,13,4,5,9,2,11,13,6,8,14,3,4,7,2,2,4,51,53,104,104,178,1.7115384615384615
2020-04-06,11,9,20,4,2,6,9,5,14,11,5,16,11,3,14,9,3,12,8,8,16,10,5,15,7,4,11,1,3,4,81,47,128,128,190,1.484375
2020-04-07,10,9,19,4,5,9,6,4,10,8,8,16,5,6,11,10,2,12,3,4,7,8,8,16,6,11,17,2,1,3,62,58,120,120,133,1.1083333333333334
2020-04-08,8,10,18,4,2,6,4,8,12,5,3,8,9,4,13,7,6,13,9,7,16,11,4,15,1,4,5,3,5,8,61,53,114,114,144,1.263157894736842
2020-04-09,5,5,10,3,3,6,3,7,10,16,9,25,4,8,12,8,7,15,6,5,11,6,10,16,5,8,13,4,5,9,60,67,127,127,193,1.5196850393700787
2020-04-10,19,4,23,4,3,7,2,6,8,4,4,8,10,1,11,4,6,10,6,1,7,1,10,11,5,8,13,1,3,4,56,46,102,102,139,1.3627450980392157
2020-04-11,9,7,16,4,3,7,8,4,12,7,4,11,8,3,11,2,4,6,4,6,10,7,3,10,3,7,10,1,4,5,53,45,98,98,127,1.2959183673469388
2020-04-12,10,7,17,2,0,2,2,4,6,8,3,11,3,7,10,9,4,13,3,4,7,3,9,12,5,4,9,0,2,2,45,44,89,89,143,1.6067415730337078
2020-04-13,9,11,20,8,4,12,13,8,21,7,10,17,6,5,11,5,5,10,9,7,16,5,9,14,6,10,16,4,5,9,72,74,146,146,184,1.2602739726027397
2020-04-14,15,6,21,3,1,4,8,6,14,9,5,14,5,5,10,11,9,20,5,6,11,10,5,15,7,4,11,3,4,7,76,51,127,127,131,1.031496062992126
2020-04-15,9,4,13,4,6,10,6,7,13,6,7,13,8,13,21,5,10,15,9,5,14,10,4,14,6,6,12,5,3,8,68,65,133,133,189,1.4210526315789473
2020-04-16,14,3,17,6,4,10,8,5,13,11,14,25,10,15,25,7,10,17,5,10,15,7,4,11,4,5,9,0,4,4,72,74,146,146,164,1.1232876712328768
2020-04-17,16,11,27,5,5,10,3,6,9,6,15,21,12,9,21,10,7,17,7,6,13,15,11,26,5,8,13,1,3,4,80,81,161,161,231,1.434782608695652
2020-04-18,13,10,23,6,1,7,11,6,17,17,7,24,9,5,14,7,4,11,2,3,5,6,10,16,6,9,15,3,4,7,80,59,139,139,221,1.589928057553957
2020-04-19,11,10,21,4,1,5,5,3,8,6,4,10,6,6,12,5,9,14,7,7,14,5,8,13,5,7,12,1,1,2,55,56,111,111,134,1.2072072072072073
2020-04-20,14,11,25,10,7,17,15,6,21,13,11,24,11,9,20,9,6,15,12,11,23,15,12,27,10,9,19,4,14,18,113,96,209,209,246,1.1770334928229664
2020-04-21,14,9,23,5,7,12,12,6,18,9,16,25,5,5,10,7,9,16,9,8,17,14,11,25,7,10,17,2,10,12,84,91,175,175,210,1.2
2020-04-22,14,11,25,4,7,11,7,10,17,12,3,15,13,8,21,7,8,15,9,5,14,7,13,20,8,12,20,7,6,13,88,83,171,171,258,1.5087719298245614
2020-04-23,18,13,31,4,5,9,8,10,18,10,9,19,9,9,18,6,12,18,8,5,13,10,7,17,11,11,22,6,8,14,90,89,179,179,178,0.994413407821229
2020-04-24,19,12,31,6,6,12,10,10,20,12,14,26,8,7,15,8,9,17,8,10,18,11,11,22,10,14,24,3,3,6,95,96,191,191,207,1.0837696335078535
2020-04-25,13,9,22,4,1,5,3,7,10,9,7,16,5,6,11,5,7,12,6,4,10,6,5,11,10,16,26,4,4,8,65,66,131,131,121,0.9236641221374046
2020-04-26,9,17,26,5,7,12,4,3,7,5,2,7,8,6,14,3,4,7,8,7,15,6,7,13,7,7,14,1,3,4,56,63,119,119,101,0.8487394957983193
2020-04-27,13,13,26,6,4,10,6,9,15,5,17,22,4,12,16,11,9,20,8,8,16,18,5,23,11,16,27,3,4,7,85,97,182,182,155,0.8516483516483516
2020-04-28,20,8,28,5,5,10,15,13,28,12,12,24,8,12,20,7,9,16,6,8,14,3,12,15,6,14,20,2,4,6,84,97,181,181,144,0.7955801104972375
2020-04-29,24,12,36,6,6,12,16,9,25,17,16,33,12,9,21,8,9,17,5,8,13,11,6,17,3,14,17,5,10,15,107,99,206,206,162,0.7864077669902912
2020-04-30,19,11,30,9,2,11,10,8,18,9,9,18,11,10,21,12,13,25,10,8,18,8,11,19,8,17,25,8,7,15,104,96,200,200,165,0.825
2020-05-01,3,13,16,6,6,12,1,7,8,13,12,25,11,6,17,7,4,11,10,6,16,7,9,16,9,11,20,0,2,2,67,76,143,143,126,0.8811188811188811
2020-05-02,7,16,23,6,6,12,9,3,12,8,6,14,6,5,11,7,2,9,3,4,7,8,1,9,5,11,16,1,4,5,60,58,118,118,121,1.0254237288135593
2020-05-03,8,10,18,4,3,7,6,6,12,7,6,13,5,6,11,8,2,10,8,6,14,5,9,14,6,8,14,3,5,8,60,61,121,121,101,0.8347107438016529
2020-05-04,19,20,39,5,2,7,10,10,20,13,10,23,6,5,11,9,4,13,9,11,20,15,17,32,7,16,23,2,4,6,95,99,194,194,151,0.7783505154639175
2020-05-05,15,13,28,7,3,10,13,10,23,13,14,27,6,14,20,10,6,16,11,7,18,15,9,24,5,13,18,1,10,11,96,99,195,195,130,0.6666666666666666
2020-05-06,14,16,30,5,2,7,13,7,20,16,16,32,20,9,29,7,6,13,11,8,19,18,14,32,7,12,19,4,6,10,115,96,211,211,147,0.6966824644549763
2020-05-07,17,11,28,7,6,13,15,9,24,11,15,26,17,12,29,5,7,12,7,8,15,17,7,24,6,12,18,1,7,8,103,94,197,197,127,0.6446700507614214
2020-05-08,17,13,30,7,6,13,15,7,22,13,17,30,15,13,28,15,4,19,11,11,22,11,9,20,11,12,23,3,12,15,118,104,222,222,242,1.09009009009009
2020-05-09,19,12,31,4,1,5,7,12,19,4,8,12,9,9,18,5,6,11,8,6,14,12,3,15,5,11,16,5,8,13,78,76,154,154,142,0.922077922077922
2020-05-10,9,9,18,2,3,5,9,10,19,6,6,12,5,8,13,4,6,10,9,6,15,8,13,21,5,12,17,1,5,6,58,78,136,135,117,0.8666666666666667
2020-05-11,18,19,37,5,5,10,9,11,20,15,13,28,14,13,27,9,6,15,10,7,17,13,8,21,13,18,31,4,15,19,110,115,225,225,157,0.6977777777777778
2020-05-12,20,11,31,8,10,18,25,22,47,22,10,32,8,16,24,6,5,11,9,10,19,8,10,18,9,14,23,5,12,17,120,120,240,240,167,0.6958333333333333
2020-05-13,27,17,44,9,10,19,20,14,34,16,20,36,14,7,21,11,9,20,9,9,18,9,8,17,8,16,24,1,8,9,124,118,242,242,232,0.9586776859504132
2020-05-14,22,27,49,10,18,28,14,20,34,20,19,39,13,8,21,8,14,22,11,12,23,10,9,19,11,14,25,2,14,16,121,155,276,276,247,0.894927536231884
2020-05-15,20,23,43,7,6,13,7,13,20,14,17,31,9,15,24,12,6,18,11,9,20,7,6,13,8,20,28,5,9,14,100,124,224,223,199,0.8923766816143498
2020-05-16,14,17,31,7,9,16,5,12,17,10,20,30,7,11,18,7,7,14,8,7,15,9,7,16,6,5,11,5,13,18,78,108,186,186,233,1.2526881720430108
2020-05-17,21,13,34,4,8,12,11,11,22,7,10,17,9,12,21,4,3,7,8,7,15,5,5,10,11,13,24,3,3,6,83,85,168,168,127,0.7559523809523809
2020-05-18,21,25,46,9,14,23,25,21,46,20,22,42,12,20,32,15,10,25,15,14,29,17,13,30,17,13,30,1,11,12,152,163,315,315,234,0.7428571428571429
2020-05-19,19,20,39,16,13,29,29,26,55,35,24,59,26,16,42,19,13,32,16,12,28,10,19,29,12,22,34,3,9,12,185,174,359,359,249,0.6935933147632312
2020-05-20,30,40,70,14,16,30,28,24,52,43,19,62,17,17,34,12,12,24,17,16,33,12,11,23,12,16,28,6,5,11,191,176,367,367,236,0.6430517711171662
2020-05-21,35,34,69,19,14,33,29,26,55,27,35,62,17,22,39,18,12,30,14,6,20,14,7,21,7,16,23,1,4,5,181,176,357,357,190,0.5322128851540616
2020-05-22,34,18,52,13,17,30,32,31,63,23,26,49,21,16,37,12,10,22,7,10,17,10,11,21,8,17,25,6,12,18,166,168,334,334,155,0.46407185628742514
2020-05-23,20,19,39,16,17,33,24,23,47,27,16,43,8,18,26,9,9,18,12,10,22,8,13,21,9,6,15,2,2,4,135,133,268,268,160,0.5970149253731343
2020-05-24,17,20,37,11,8,19,15,11,26,14,15,29,12,5,17,7,4,11,11,9,20,12,9,21,5,12,17,2,6,8,106,99,205,205,143,0.697560975609756
2020-05-25,27,26,53,19,23,42,23,28,51,16,20,36,20,12,32,5,8,13,8,8,16,11,6,17,10,15,25,2,9,11,141,155,296,296,166,0.5608108108108109
2020-05-26,38,35,73,24,23,47,38,36,74,46,37,83,20,30,50,12,21,33,12,7,19,15,6,21,9,13,22,3,10,13,217,218,435,435,320,0.735632183908046
2020-05-27,46,37,83,12,18,30,23,33,56,25,24,49,17,15,32,19,15,34,10,8,18,7,14,21,4,14,18,4,2,6,167,180,347,347,260,0.7492795389048992
2020-05-28,29,43,72,19,13,32,29,35,64,29,22,51,26,24,50,16,20,36,9,15,24,10,8,18,14,17,31,4,13,17,185,210,395,395,289,0.7316455696202532
2020-05-29,38,32,70,22,20,42,42,38,80,29,42,71,31,21,52,15,21,36,15,11,26,16,15,31,15,16,31,1,4,5,224,220,444,444,327,0.7364864864864865
2020-05-30,30,25,55,15,11,26,37,25,62,32,18,50,13,19,32,13,14,27,9,6,15,11,11,22,7,11,18,1,7,8,168,147,315,314,139,0.4426751592356688
2020-05-31,28,16,44,12,12,24,16,11,27,18,10,28,15,10,25,5,10,15,8,4,12,11,6,17,6,10,16,0,8,8,119,97,216,216,110,0.5092592592592593
2020-06-01,34,30,64,24,18,42,33,43,76,29,37,66,18,26,44,16,15,31,24,16,40,12,9,21,8,9,17,3,4,7,201,207,408,408,268,0.6568627450980392
2020-06-02,44,30,74,20,20,40,38,29,67,26,29,55,18,20,38,15,15,30,14,12,26,22,12,34,7,17,24,4,13,17,208,197,405,405,244,0.6024691358024692
2020-06-03,39,23,62,15,30,45,30,27,57,28,39,67,18,25,43,10,12,22,17,15,32,18,12,30,10,16,26,2,9,11,187,208,395,395,214,0.5417721518987342
2020-06-04,36,35,71,18,26,44,36,32,68,18,29,47,20,17,37,27,16,43,11,7,18,21,13,34,10,19,29,2,9,11,199,203,402,399,244,0.6115288220551378
2020-06-05,44,40,84,16,20,36,35,28,63,32,37,69,28,27,55,24,24,48,17,15,32,16,14,30,12,20,32,4,9,13,228,234,462,462,390,0.8441558441558441
2020-06-06,28,24,52,17,12,29,20,20,40,29,27,56,13,17,30,13,11,24,11,12,23,13,8,21,12,17,29,1,9,10,157,157,314,309,236,0.7637540453074434
2020-06-07,24,24,48,16,11,27,20,21,41,18,19,37,19,9,28,11,8,19,9,4,13,8,7,15,11,11,22,2,8,10,138,122,260,257,143,0.556420233463035
2020-06-08,31,35,66,22,22,44,41,27,68,42,39,81,35,22,57,17,19,36,15,14,29,16,15,31,12,16,28,4,7,11,235,216,451,449,290,0.6458797327394209
2020-06-09,56,35,91,24,23,47,22,43,65,31,32,63,28,24,52,17,7,24,12,9,21,10,14,24,13,26,39,3,12,15,216,225,441,439,357,0.8132118451025057
2020-06-10,26,41,67,14,18,32,42,23,65,36,40,76,32,23,55,25,20,45,21,14,35,21,24,45,5,20,25,6,15,21,228,238,466,466,309,0.6630901287553648
2020-06-11,40,42,82,15,19,34,34,33,67,39,35,74,19,28,47,18,25,43,12,22,34,16,19,35,7,28,35,3,15,18,203,266,469,469,311,0.6631130063965884
2020-06-12,44,45,89,9,26,35,53,39,92,48,53,101,37,39,76,18,23,41,28,16,44,17,14,31,6,21,27,4,9,13,264,285,549,549,357,0.6502732240437158
2020-06-13,36,29,65,23,20,43,38,38,76,36,35,71,10,28,38,20,17,37,11,7,18,12,8,20,9,17,26,2,6,8,197,205,402,402,289,0.7189054726368159
2020-06-14,21,31,52,20,17,37,26,22,48,19,17,36,19,12,31,13,18,31,11,6,17,3,13,16,14,21,35,0,8,8,146,165,311,311,210,0.6752411575562701
2020-06-15,39,32,71,27,21,48,32,32,64,25,28,53,19,21,40,15,12,27,13,5,18,13,10,23,6,16,22,2,10,12,191,187,378,378,223,0.58994708994709
2020-06-16,54,61,115,23,22,45,63,50,113,48,39,87,38,25,63,22,18,40,14,13,27,15,7,22,13,24,37,3,13,16,293,272,565,565,351,0.6212389380530974
2020-06-17,42,45,87,24,28,52,57,42,99,45,50,95,39,30,69,24,15,39,16,15,31,9,19,28,18,17,35,1,8,9,275,269,544,544,427,0.7849264705882353
2020-06-18,52,45,97,21,17,38,63,49,112,54,57,111,47,23,70,35,24,59,19,19,38,14,14,28,14,25,39,2,11,13,321,284,605,605,525,0.8677685950413223
2020-06-19,57,35,92,16,29,45,40,42,82,68,48,116,39,44,83,41,27,68,29,19,48,19,19,38,18,19,37,7,14,21,334,296,630,630,664,1.053968253968254
2020-06-20,33,37,70,20,20,40,33,27,60,38,32,70,25,33,58,17,22,39,16,14,30,11,8,19,7,16,23,4,4,8,204,213,417,417,242,0.580335731414868
2020-06-21,34,22,56,19,17,36,28,32,60,24,34,58,18,10,28,15,9,24,10,10,20,11,7,18,6,9,15,1,7,8,166,157,323,323,147,0.4551083591331269
2020-06-22,49,45,94,30,28,58,39,48,87,52,33,85,36,37,73,28,30,58,17,22,39,18,15,33,6,23,29,2,12,14,277,293,570,570,374,0.656140350877193
2020-06-23,51,48,99,30,31,61,52,45,97,60,44,104,36,46,82,17,33,50,19,19,38,12,14,26,11,17,28,2,6,8,290,303,593,593,345,0.581787521079258
2020-06-24,46,49,95,29,24,53,50,52,102,45,52,97,44,35,79,21,33,54,14,18,32,11,14,25,15,14,29,2,4,6,277,295,572,572,270,0.47202797202797203
2020-06-25,52,56,108,38,42,80,43,44,87,46,38,84,40,35,75,38,33,71,11,17,28,11,14,25,10,12,22,4,5,9,293,296,589,589,395,0.6706281833616299
2020-06-26,48,44,92,34,27,61,64,50,114,48,46,94,42,38,80,20,34,54,23,20,43,12,17,29,11,21,32,1,9,10,303,306,609,609,319,0.5238095238095238
2020-06-27,64,59,123,31,38,69,39,52,91,34,35,69,30,23,53,21,16,37,16,8,24,3,13,16,8,7,15,4,6,10,250,257,507,507,264,0.5207100591715976
2020-06-28,43,23,66,16,19,35,18,44,62,27,37,64,20,24,44,22,14,36,10,7,17,8,10,18,9,11,20,6,7,13,179,196,375,375,189,0.504
2020-06-29,46,51,97,35,42,77,48,46,94,57,43,100,28,31,59,18,34,52,25,11,36,15,17,32,12,19,31,3,7,10,287,301,588,588,341,0.5799319727891157
2020-06-30,32,44,76,18,32,50,60,39,99,36,47,83,39,35,74,30,31,61,24,10,34,17,10,27,6,20,26,2,10,12,264,278,542,541,276,0.5101663585951941
2020-07-01,46,37,83,19,33,52,59,49,108,41,38,79,35,36,71,22,29,51,18,17,35,16,16,32,9,21,30,3,6,9,268,282,550,549,330,0.6010928961748634
2020-07-02,60,58,118,27,33,60,48,60,108,47,46,93,43,36,79,22,21,43,24,15,39,16,18,34,11,13,24,3,7,10,301,307,608,608,237,0.38980263157894735
2020-07-03,57,41,98,32,23,55,48,40,88,61,58,119,25,37,62,28,22,50,20,15,35,12,15,27,11,17,28,3,4,7,297,272,569,569,297,0.5219683655536028
2020-07-04,38,39,77,22,24,46,35,47,82,32,31,63,30,24,54,25,15,40,13,12,25,11,16,27,5,11,16,3,7,10,214,226,440,440,185,0.42045454545454547
2020-07-05,28,37,65,22,15,37,35,36,71,29,43,72,16,28,44,17,20,37,22,18,40,16,15,31,9,16,25,4,7,11,198,235,433,433,204,0.47113163972286376
2020-07-06,34,37,71,23,21,44,50,51,101,59,37,96,40,43,83,36,29,65,26,28,54,19,26,45,10,25,35,3,8,11,300,305,605,605,207,0.3421487603305785
2020-07-07,53,68,121,32,35,67,56,57,113,62,49,111,34,35,69,32,33,65,17,15,32,13,13,26,10,23,33,7,12,19,316,340,656,656,253,0.3856707317073171
2020-07-08,48,35,83,30,32,62,56,51,107,47,51,98,49,48,97,24,34,58,20,21,41,17,20,37,10,16,26,4,14,18,305,322,627,627,289,0.4609250398724083
2020-07-09,37,27,64,18,14,32,35,31,66,51,34,85,37,34,71,17,15,32,12,17,29,8,23,31,7,17,24,6,8,14,228,220,448,448,170,0.3794642857142857
2020-07-10,32,27,59,24,26,50,38,36,74,33,42,75,29,26,55,20,22,42,22,19,41,17,12,29,13,17,30,1,10,11,229,237,466,466,182,0.3905579399141631
2020-07-11,31,42,73,23,14,37,28,31,59,30,35,65,32,34,66,21,31,52,20,16,36,14,28,42,7,25,32,3,15,18,209,271,480,480,256,0.5333333333333333
2020-07-12,29,19,48,16,12,28,27,23,50,31,23,54,20,18,38,10,15,25,12,13,25,11,9,20,6,15,21,4,6,10,166,153,319,319,122,0.3824451410658307
2020-07-13,41,51,92,31,26,57,52,51,103,50,50,100,47,47,94,35,42,77,35,27,62,24,39,63,14,45,59,2,24,26,331,402,733,733,417,0.5688949522510232
2020-07-14,52,41,93,30,29,59,44,36,80,75,58,133,49,45,94,37,17,54,24,28,52,19,29,48,6,18,24,7,15,22,343,316,659,659,292,0.44309559939301973
2020-07-15,45,48,93,42,29,71,48,77,125,71,83,154,46,53,99,27,39,66,25,27,52,15,21,36,14,16,30,7,7,14,340,400,740,740,309,0.4175675675675676
2020-07-16,52,35,87,26,42,68,57,62,119,68,54,122,43,60,103,31,43,74,22,20,42,18,20,38,19,33,52,2,17,19,338,386,724,724,409,0.5649171270718232
2020-07-17,50,47,97,33,32,65,35,60,95,49,63,112,46,68,114,34,40,74,29,32,61,20,19,39,17,20,37,4,8,12,317,389,706,706,348,0.49291784702549574
2020-07-18,33,35,68,24,20,44,50,50,100,42,56,98,32,40,72,29,24,53,26,27,53,15,12,27,16,22,38,2,6,8,269,292,561,561,320,0.5704099821746881
2020-07-19,36,42,78,20,25,45,34,32,66,34,44,78,32,34,66,25,27,52,21,16,37,15,10,25,10,18,28,2,7,9,229,255,484,484,195,0.40289256198347106
2020-07-20,66,53,119,44,40,84,65,60,125,62,88,150,50,74,124,35,47,82,31,44,75,25,26,51,22,20,42,3,13,16,403,465,868,868,370,0.42626728110599077
2020-07-21,50,41,91,31,32,63,68,55,123,71,71,142,48,49,97,40,45,85,27,33,60,26,25,51,14,30,44,5,9,14,380,390,770,770,315,0.4090909090909091
2020-07-22,71,50,121,32,32,64,83,77,160,80,71,151,67,65,132,37,44,81,21,29,50,31,23,54,15,37,52,1,10,11,438,438,876,876,383,0.4372146118721461
2020-07-23,59,51,110,29,37,66,72,73,145,74,81,155,44,47,91,37,34,71,19,29,48,19,22,41,7,23,30,7,8,15,367,405,772,772,415,0.5375647668393783
2020-07-24,44,51,95,35,29,64,75,66,141,63,77,140,59,55,114,38,34,72,34,19,53,18,22,40,13,26,39,2,13,15,381,392,773,773,402,0.5200517464424321
2020-07-25,47,40,87,32,21,53,49,54,103,59,57,116,39,43,82,18,24,42,18,25,43,15,23,38,12,14,26,5,3,8,294,304,598,598,326,0.5451505016722408
2020-07-26,40,35,75,16,21,37,31,27,58,31,41,72,34,20,54,20,22,42,12,14,26,16,13,29,9,24,33,5,7,12,214,224,438,438,219,0.5
2020-07-27,41,44,85,39,29,68,58,60,118,69,70,139,57,62,119,35,52,87,28,37,65,18,22,40,18,22,40,5,24,29,368,422,790,790,369,0.4670886075949367
2020-07-28,53,54,107,32,32,64,79,87,166,69,70,139,56,55,111,49,50,99,40,34,74,19,35,54,11,27,38,5,21,26,413,465,878,878,349,0.39749430523917995
2020-07-29,61,52,113,31,35,66,80,70,150,71,76,147,74,67,141,42,48,90,34,39,73,25,23,48,20,37,57,8,25,33,446,472,918,918,378,0.4117647058823529
2020-07-30,65,48,113,43,53,96,100,75,175,82,72,154,67,56,123,49,46,95,31,33,64,18,21,39,11,19,30,2,8,10,468,431,899,899,406,0.45161290322580644
2020-07-31,49,61,110,27,31,58,62,80,142,93,96,189,63,57,120,41,48,89,28,34,62,20,29,49,11,31,42,6,17,23,400,484,884,884,438,0.49547511312217196
2020-08-01,40,38,78,21,34,55,39,56,95,43,58,101,34,46,80,33,33,66,24,11,35,20,18,38,13,24,37,0,13,13,267,331,598,598,318,0.5317725752508361
2020-08-02,46,35,81,22,27,49,38,36,74,48,46,94,30,46,76,18,31,49,11,16,27,8,17,25,12,16,28,2,7,9,235,277,512,512,235,0.458984375
2020-08-03,56,61,117,35,41,76,67,75,142,72,64,136,50,63,113,39,44,83,32,27,59,14,23,37,15,31,46,4,14,18,384,443,827,827,422,0.5102781136638452
2020-08-04,69,50,119,43,45,88,85,58,143,87,77,164,69,63,132,48,40,88,37,28,65,18,25,43,18,33,51,5,15,20,479,434,913,913,391,0.42825848849945236
2020-08-05,59,58,117,44,33,77,79,72,151,71,78,149,49,62,111,49,52,101,31,34,65,28,25,53,15,23,38,4,11,15,429,448,877,877,587,0.669327251995439
2020-08-06,57,48,105,33,45,78,79,76,155,75,89,164,62,70,132,39,47,86,33,26,59,21,25,46,16,29,45,5,13,18,420,468,888,887,512,0.5772266065388951
2020-08-07,69,59,128,37,32,69,75,86,161,78,80,158,56,83,139,43,39,82,23,35,58,28,35,63,13,42,55,5,19,24,427,510,937,937,465,0.49626467449306294
2020-08-08,47,42,89,29,29,58,42,50,92,69,70,139,46,56,102,37,40,77,22,26,48,16,32,48,12,37,49,1,26,27,321,408,729,729,237,0.32510288065843623
2020-08-09,34,35,69,23,20,43,38,49,87,50,39,89,33,56,89,39,40,79,21,24,45,20,26,46,16,47,63,5,18,23,279,354,633,633,213,0.33649289099526064
2020-08-10,62,58,120,41,35,76,86,81,167,85,75,160,69,69,138,54,67,121,25,27,52,16,29,45,15,28,43,5,15,20,458,484,942,942,356,0.37791932059447986
2020-08-11,55,50,105,48,33,81,84,80,164,107,87,194,79,85,164,51,58,109,42,42,84,32,58,90,18,48,66,7,24,31,523,565,1088,1088,431,0.3961397058823529
2020-08-12,53,55,108,45,47,92,75,93,168,67,120,187,72,72,144,50,47,97,32,33,65,17,30,47,11,21,32,4,17,21,426,535,961,961,357,0.37148803329864727
2020-08-13,44,52,96,48,43,91,102,93,195,103,116,219,69,80,149,54,60,114,27,37,64,31,27,58,14,25,39,5,15,20,497,548,1045,1045,398,0.38086124401913873
2020-08-14,39,45,84,33,37,70,98,104,202,85,110,195,81,64,145,49,61,110,37,36,73,25,34,59,14,23,37,3,13,16,464,527,991,991,392,0.3955600403632694
2020-08-15,55,36,91,44,38,82,49,71,120,61,83,144,45,67,112,31,41,72,30,32,62,23,41,64,16,51,67,4,21,25,358,481,839,839,334,0.39809296781883197
2020-08-16,39,28,67,21,20,41,52,51,103,46,54,100,22,45,67,29,31,60,15,25,40,18,19,37,13,33,46,3,20,23,258,326,584,583,241,0.41337907375643224
2020-08-17,43,22,65,33,26,59,63,61,124,70,74,144,61,68,129,47,56,103,21,41,62,20,18,38,12,24,36,0,13,13,370,403,773,773,312,0.4036222509702458
2020-08-18,58,52,110,39,36,75,83,76,159,103,94,197,68,74,142,35,70,105,32,36,68,22,30,52,10,21,31,0,16,16,450,505,955,955,346,0.362303664921466
2020-08-19,58,51,109,37,43,80,57,92,149,78,83,161,56,70,126,48,46,94,25,32,57,18,42,60,17,40,57,6,20,26,400,519,919,919,305,0.33188248095756256
2020-08-20,47,48,95,33,35,68,77,88,165,69,86,155,51,60,111,40,51,91,31,38,69,19,22,41,17,25,42,3,12,15,387,465,852,852,337,0.3955399061032864
2020-08-21,44,58,102,41,32,73,65,78,143,81,89,170,71,65,136,47,61,108,38,42,80,27,41,68,13,41,54,5,11,16,432,518,950,950,410,0.43157894736842106
2020-08-22,31,27,58,29,27,56,54,58,112,53,79,132,52,49,101,32,28,60,31,30,61,17,37,54,13,24,37,5,20,25,317,379,696,696,319,0.4583333333333333
2020-08-23,36,39,75,18,17,35,35,49,84,41,47,88,41,33,74,27,38,65,23,25,48,10,24,34,13,9,22,5,4,9,249,285,534,534,166,0.31086142322097376
2020-08-24,64,65,129,38,39,77,67,81,148,76,94,170,60,76,136,58,47,105,33,50,83,25,32,57,16,29,45,5,19,24,442,532,974,974,391,0.40143737166324434
2020-08-25,47,52,99,41,36,77,79,115,194,87,100,187,67,70,137,38,59,97,32,38,70,20,24,44,19,34,53,6,18,24,436,546,982,982,390,0.3971486761710794
2020-08-26,61,39,100,43,44,87,104,88,192,91,93,184,54,87,141,50,58,108,35,38,73,28,32,60,19,35,54,3,15,18,488,529,1017,1017,392,0.3854473942969518
2020-08-27,60,51,111,55,60,115,98,81,179,92,97,189,77,81,158,56,60,116,28,42,70,30,26,56,21,38,59,4,24,28,521,560,1081,1081,401,0.3709528214616096
2020-08-28,49,49,98,52,43,95,105,113,218,86,103,189,72,98,170,59,78,137,33,46,79,37,40,77,15,31,46,3,10,13,511,611,1122,1122,498,0.44385026737967914
2020-08-29,40,30,70,23,27,50,74,75,149,66,90,156,65,59,124,40,40,80,36,25,61,22,22,44,10,28,38,4,16,20,380,412,792,792,430,0.5429292929292929
2020-08-30,32,48,80,34,26,60,53,57,110,62,51,113,49,57,106,37,33,70,22,27,49,15,22,37,7,13,20,3,7,10,314,341,655,655,209,0.3190839694656489
2020-08-31,57,40,97,45,40,85,91,77,168,80,91,171,64,78,142,49,53,102,34,44,78,30,41,71,21,40,61,2,13,15,473,517,990,990,564,0.5696969696969697
2020-09-01,57,52,109,36,51,87,89,90,179,106,109,215,83,68,151,44,73,117,27,30,57,19,28,47,16,48,64,7,16,23,484,565,1049,1048,437,0.4169847328244275
2020-09-02,46,37,83,27,33,60,70,90,160,79,99,178,57,65,122,50,54,104,24,34,58,34,31,65,14,33,47,3,27,30,404,503,907,907,475,0.523704520396913
2020-09-03,54,48,102,50,40,90,92,105,197,113,113,226,71,75,146,58,51,109,35,40,75,29,31,60,19,38,57,4,13,17,525,554,1079,1079,436,0.4040778498609824
2020-09-04,51,61,112,41,43,84,82,94,176,95,101,196,73,90,163,43,64,107,44,51,95,30,30,60,18,29,47,4,15,19,481,578,1059,1059,468,0.44192634560906513
2020-09-05,37,30,67,21,22,43,69,68,137,67,86,153,56,84,140,30,40,70,34,34,68,22,24,46,16,25,41,2,8,10,354,421,775,775,448,0.5780645161290323
2020-09-06,37,34,71,22,23,45,39,55,94,47,45,92,39,43,82,22,39,61,20,25,45,10,29,39,13,17,30,1,9,10,250,319,569,569,241,0.4235500878734622
2020-09-07,46,45,91,39,41,80,90,94,184,104,103,207,64,91,155,51,79,130,44,41,85,26,26,52,16,33,49,5,15,20,485,568,1053,1053,444,0.42165242165242167
2020-09-08,46,50,96,40,43,83,76,95,171,103,104,207,75,80,155,57,60,117,34,48,82,33,33,66,18,28,46,5,21,26,487,562,1049,1049,466,0.444232602478551
2020-09-09,53,47,100,38,55,93,92,90,182,88,93,181,76,77,153,61,60,121,34,51,85,24,31,55,17,38,55,1,19,20,484,561,1045,1045,534,0.5110047846889952
2020-09-10,43,31,74,49,39,88,110,100,210,110,127,237,89,92,181,56,54,110,31,43,74,30,36,66,10,31,41,2,17,19,530,570,1100,1100,573,0.5209090909090909
2020-09-11,51,44,95,55,40,95,93,75,168,95,106,201,72,85,157,56,81,137,49,40,89,28,32,60,20,33,53,3,8,11,522,544,1066,1066,556,0.5215759849906192
2020-09-12,39,27,66,27,28,55,47,57,104,50,70,120,36,58,94,37,47,84,34,33,67,22,25,47,12,32,44,2,14,16,306,391,697,697,357,0.5121951219512195
2020-09-13,41,37,78,21,25,46,49,64,113,49,70,119,33,44,77,38,34,72,37,28,65,17,11,28,3,16,19,5,9,14,293,338,631,631,251,0.3977812995245642
2020-09-14,60,56,116,45,44,89,89,114,203,93,94,187,57,79,136,66,69,135,46,57,103,31,33,64,21,24,45,1,9,10,509,579,1088,1088,463,0.4255514705882353
2020-09-15,65,35,100,33,28,61,82,69,151,85,113,198,65,66,131,41,55,96,44,45,89,29,39,68,15,33,48,1,12,13,460,495,955,955,484,0.506806282722513
2020-09-16,64,62,126,60,55,115,96,118,214,87,119,206,77,88,165,52,62,114,41,51,92,26,24,50,17,30,47,3,12,15,523,621,1144,1144,420,0.36713286713286714
2020-09-17,49,43,92,31,52,83,91,87,178,82,97,179,81,102,183,63,66,129,48,49,97,34,29,63,18,23,41,3,10,13,500,558,1058,1058,527,0.498109640831758
2020-09-18,61,57,118,33,52,85,89,102,191,91,122,213,67,83,150,52,66,118,34,51,85,36,31,67,12,25,37,4,14,18,479,603,1082,1082,464,0.4288354898336414
2020-09-19,25,45,70,26,39,65,46,49,95,60,64,124,36,32,68,31,37,68,36,32,68,18,23,41,15,20,35,4,8,12,297,349,646,646,317,0.4907120743034056
2020-09-20,36,39,75,32,35,67,46,44,90,55,41,96,35,46,81,19,37,56,18,24,42,20,20,40,6,17,23,3,7,10,270,310,580,580,163,0.2810344827586207
2020-09-21,61,46,107,38,53,91,81,80,161,92,102,194,63,80,143,49,50,99,43,50,93,32,32,64,14,20,34,1,11,12,474,524,998,998,437,0.437875751503006
2020-09-22,67,59,126,51,55,106,89,104,193,88,94,182,79,68,147,60,66,126,50,37,87,32,36,68,14,36,50,3,15,18,533,570,1103,1103,394,0.357207615593835
2020-09-23,59,51,110,41,38,79,67,99,166,77,102,179,57,65,122,50,57,107,45,46,91,21,44,65,9,24,33,3,9,12,429,535,964,964,364,0.3775933609958506
2020-09-24,69,54,123,53,55,108,99,80,179,91,103,194,72,76,148,41,49,90,26,62,88,24,30,54,23,34,57,7,22,29,505,565,1070,1070,399,0.3728971962616822
2020-09-25,59,43,102,45,40,85,77,92,169,82,83,165,75,76,151,47,50,97,47,50,97,27,30,57,18,27,45,0,11,11,477,502,979,979,449,0.4586312563840654
2020-09-26,29,31,60,32,27,59,45,43,88,66,55,121,41,42,83,30,46,76,31,26,57,21,15,36,9,15,24,3,8,11,307,308,615,615,253,0.4113821138211382
2020-09-27,36,39,75,21,30,51,44,59,103,48,55,103,47,46,93,30,32,62,24,25,49,7,17,24,9,14,23,2,6,8,268,323,591,591,186,0.3147208121827411
2020-09-28,57,53,110,39,31,70,60,69,129,80,85,165,83,60,143,68,69,137,48,31,79,27,29,56,17,24,41,4,15,19,483,466,949,949,398,0.41938883034773444
2020-09-29,66,57,123,53,58,111,99,85,184,109,113,222,78,75,153,55,45,100,44,51,95,31,55,86,24,41,65,1,22,23,560,602,1162,1162,347,0.29862306368330466
2020-09-30,64,60,124,38,46,84,89,106,195,83,90,173,66,69,135,58,66,124,43,56,99,29,32,61,14,28,42,3,8,11,487,561,1048,1048,417,0.3979007633587786
2020-10-01,61,78,139,43,66,109,99,114,213,98,110,208,70,74,144,48,59,107,43,49,92,32,47,79,11,18,29,3,11,14,508,626,1134,1134,477,0.42063492063492064
2020-10-02,83,63,146,50,50,100,78,92,170,85,97,182,64,79,143,52,48,100,46,46,92,31,44,75,12,38,50,5,14,19,506,571,1077,1077,561,0.520891364902507
2020-10-03,38,39,77,28,44,72,63,57,120,60,66,126,45,51,96,46,32,78,29,34,63,24,21,45,9,25,34,4,5,9,346,374,720,720,340,0.4722222222222222
2020-10-04,43,41,84,28,27,55,59,66,125,49,51,100,44,45,89,27,30,57,24,21,45,17,19,36,11,24,35,1,3,4,303,327,630,630,269,0.42698412698412697
2020-10-05,40,51,91,42,34,76,86,78,164,111,106,217,90,76,166,62,60,122,68,48,116,35,53,88,20,31,51,3,7,10,557,544,1101,1101,503,0.45685740236148953
2020-10-06,51,67,118,47,47,94,78,80,158,87,92,179,89,65,154,64,60,124,43,51,94,33,40,73,19,29,48,6,10,16,517,541,1058,1058,369,0.3487712665406427
2020-10-07,71,44,115,33,38,71,89,92,181,106,102,208,77,84,161,51,79,130,49,46,95,28,40,68,16,25,41,3,7,10,523,557,1080,1080,373,0.3453703703703704
2020-10-08,64,46,110,42,41,83,71,91,162,81,100,181,75,68,143,50,57,107,45,44,89,37,35,72,11,30,41,4,19,23,480,531,1011,1011,417,0.4124629080118694
2020-10-09,51,67,118,54,50,104,59,100,159,91,115,206,64,83,147,42,68,110,39,45,84,28,37,65,11,23,34,4,16,20,443,604,1047,1047,512,0.4890162368672397
2020-10-10,26,44,70,33,25,58,60,58,118,61,57,118,53,54,107,40,49,89,28,34,62,13,27,40,16,23,39,6,9,15,336,380,716,716,415,0.5796089385474861
2020-10-11,45,37,82,28,24,52,33,60,93,45,76,121,44,41,85,38,36,74,34,25,59,16,23,39,11,19,30,1,6,7,295,347,642,642,352,0.5482866043613707
2020-10-12,43,36,79,41,33,74,54,65,119,62,67,129,40,52,92,36,53,89,46,41,87,21,31,52,14,23,37,1,10,11,358,411,769,769,331,0.4304291287386216
2020-10-13,65,66,131,48,34,82,89,94,183,83,106,189,70,79,149,66,68,134,50,50,100,34,51,85,20,38,58,4,13,17,529,599,1128,1128,520,0.46099290780141844
2020-10-14,52,56,108,41,47,88,82,95,177,84,82,166,56,69,125,45,56,101,51,40,91,34,46,80,17,29,46,1,14,15,463,534,997,997,472,0.47342026078234706
2020-10-15,59,54,113,45,40,85,87,93,180,103,83,186,87,86,173,63,59,122,53,57,110,26,32,58,15,29,44,6,10,16,544,543,1087,1087,417,0.38362465501379944
2020-10-16,77,53,130,52,56,108,119,128,247,107,97,204,80,95,175,62,73,135,50,57,107,33,49,82,21,44,65,1,26,27,602,678,1280,1280,516,0.403125
2020-10-17,41,40,81,37,35,72,69,59,128,72,83,155,52,56,108,36,39,75,36,38,74,33,24,57,11,25,36,3,7,10,390,406,796,796,358,0.44974874371859297
2020-10-18,37,33,70,26,20,46,29,40,69,52,71,123,27,34,61,42,20,62,21,20,41,14,20,34,8,16,24,1,5,6,257,279,536,536,327,0.6100746268656716
2020-10-19,91,67,158,51,58,109,93,110,203,108,135,243,91,125,216,66,75,141,64,59,123,39,57,96,15,34,49,1,10,11,619,730,1349,1349,700,0.5189028910303929
2020-10-20,70,70,140,65,50,115,110,109,219,97,104,201,93,115,208,64,66,130,59,50,109,32,48,80,23,36,59,0,15,15,613,663,1276,1276,921,0.7217868338557993
2020-10-21,47,50,97,66,47,113,90,114,204,81,95,176,68,78,146,58,52,110,48,46,94,30,32,62,18,31,49,2,5,7,508,550,1058,1058,632,0.5973534971644613
2020-10-22,46,48,94,64,61,125,71,91,162,70,94,164,76,65,141,51,55,106,28,53,81,21,35,56,15,25,40,3,8,11,445,535,980,980,680,0.6938775510204082
2020-10-23,51,41,92,39,32,71,55,67,122,56,68,124,52,76,128,43,43,86,36,48,84,34,32,66,13,25,38,4,18,22,383,450,833,833,672,0.8067226890756303
2020-10-24,31,26,57,21,21,42,49,31,80,44,49,93,37,46,83,22,35,57,21,30,51,23,26,49,7,23,30,2,10,12,257,297,554,554,509,0.9187725631768953
2020-10-25,44,32,76,25,30,55,47,51,98,44,78,122,42,41,83,30,49,79,21,32,53,20,23,43,6,13,19,2,2,4,281,351,632,632,584,0.9240506329113924
2020-10-26,57,50,107,58,49,107,70,74,144,88,98,186,51,80,131,60,73,133,46,52,98,36,47,83,11,26,37,1,9,10,478,558,1036,1036,879,0.8484555984555985
2020-10-27,54,55,109,43,38,81,95,88,183,81,95,176,77,78,155,60,77,137,53,67,120,31,48,79,15,28,43,3,6,9,512,580,1092,1092,950,0.86996336996337
2020-10-28,53,56,109,40,45,85,75,81,156,80,101,181,51,78,129,63,70,133,44,39,83,21,33,54,11,26,37,3,12,15,441,541,982,982,813,0.8279022403258656
2020-10-29,47,42,89,37,43,80,95,84,179,86,90,176,53,80,133,49,57,106,42,45,87,22,31,53,12,26,38,1,7,8,444,505,949,949,912,0.9610115911485775
2020-10-30,49,33,82,27,45,72,53,78,131,71,84,155,65,74,139,41,59,100,46,58,104,22,32,54,19,25,44,4,14,18,397,502,899,899,706,0.7853170189098999
2020-10-31,39,25,64,19,18,37,44,38,82,39,71,110,36,44,80,29,32,61,30,40,70,22,29,51,8,16,24,2,8,10,268,321,589,589,494,0.8387096774193549
2020-11-01,57,47,104,28,35,63,59,69,128,49,66,115,48,48,96,35,42,77,22,53,75,23,26,49,9,26,35,3,6,9,333,418,751,751,622,0.8282290279627164
2020-11-02,51,60,111,45,48,93,79,89,168,90,86,176,72,80,152,47,54,101,46,52,98,34,38,72,14,18,32,1,10,11,479,535,1014,1014,824,0.8126232741617357
2020-11-03,36,43,79,25,38,63,56,90,146,75,75,150,56,46,102,43,43,86,38,36,74,35,35,70,16,30,46,1,10,11,381,446,827,827,633,0.7654171704957679
2020-11-04,49,49,98,41,42,83,106,97,203,83,98,181,88,89,177,61,62,123,58,55,113,38,35,73,22,35,57,6,13,19,552,575,1127,1127,668,0.5927240461401952
2020-11-05,65,57,122,73,60,133,119,110,229,120,111,231,92,98,190,67,77,144,46,64,110,34,35,69,18,24,42,4,10,14,638,646,1284,1284,827,0.6440809968847352
2020-11-06,42,44,86,36,42,78,65,58,123,48,80,128,52,50,102,47,55,102,40,51,91,32,46,78,18,32,50,3,7,10,383,465,848,848,672,0.7924528301886793
2020-11-07,39,40,79,26,33,59,49,64,113,47,63,110,50,57,107,44,51,95,47,49,96,34,29,63,20,18,38,6,6,12,362,410,772,772,604,0.7823834196891192
2020-11-08,51,57,108,26,41,67,68,68,136,63,86,149,52,58,110,39,48,87,34,49,83,23,29,52,8,15,23,2,5,7,366,456,822,822,679,0.8260340632603407
2020-11-09,78,68,146,64,43,107,70,98,168,101,118,219,81,87,168,67,72,139,52,57,109,27,47,74,26,35,61,4,10,14,570,635,1205,1205,940,0.7800829875518672
2020-11-10,46,42,88,42,47,89,78,71,149,88,87,175,51,54,105,48,48,96,60,42,102,31,35,66,22,29,51,5,10,15,471,465,936,936,616,0.6581196581196581
2020-11-11,65,49,114,41,46,87,94,104,198,86,94,180,82,81,163,76,70,146,41,41,82,34,38,72,20,35,55,5,18,23,544,576,1120,1120,745,0.6651785714285714
2020-11-12,68,59,127,39,40,79,93,98,191,120,105,225,87,85,172,64,61,125,51,65,116,35,50,85,19,37,56,3,11,14,579,611,1190,1190,747,0.6277310924369748
2020-11-13,60,41,101,48,43,91,99,108,207,70,96,166,71,79,150,51,58,109,58,63,121,42,46,88,20,40,60,4,13,17,523,587,1110,1110,702,0.6324324324324324
2020-11-14,65,59,124,31,30,61,50,62,112,70,70,140,48,59,107,45,43,88,45,28,73,29,40,69,12,20,32,4,3,7,399,414,813,813,603,0.7416974169741697
2020-11-15,65,63,128,48,29,77,62,77,139,77,68,145,64,60,124,51,51,102,50,44,94,27,37,64,11,24,35,0,11,11,455,464,919,919,704,0.766050054406964
2020-11-16,61,60,121,64,49,113,63,67,130,84,102,186,76,69,145,41,61,102,46,44,90,35,45,80,18,25,43,3,13,16,491,535,1026,1026,649,0.6325536062378168
2020-11-17,63,68,131,56,51,107,97,116,213,112,118,230,80,96,176,57,73,130,66,77,143,46,55,101,18,40,58,5,15,20,600,709,1309,1309,925,0.706646294881589
2020-11-18,59,57,116,72,48,120,96,104,200,108,125,233,63,81,144,55,64,119,50,48,98,47,43,90,13,42,55,2,7,9,565,619,1184,1184,821,0.6934121621621622
2020-11-19,69,58,127,63,51,114,95,126,221,91,118,209,73,95,168,62,64,126,42,56,98,39,36,75,22,35,57,3,7,10,559,646,1205,1205,835,0.6929460580912863
2020-11-20,64,54,118,41,53,94,94,95,189,87,98,185,71,95,166,49,60,109,50,42,92,31,35,66,18,30,48,4,12,16,509,574,1083,1083,768,0.7091412742382271
2020-11-21,52,51,103,29,42,71,58,67,125,70,64,134,56,59,115,41,49,90,38,41,79,24,22,46,10,19,29,3,10,13,381,424,805,805,676,0.8397515527950311
2020-11-22,45,36,81,30,32,62,62,49,111,51,67,118,50,48,98,33,34,67,30,42,72,23,18,41,13,22,35,2,9,11,339,357,696,696,534,0.7672413793103449
2020-11-23,57,54,111,39,45,84,61,82,143,82,70,152,56,74,130,46,50,96,35,46,81,30,31,61,19,30,49,5,12,17,430,494,924,924,767,0.8300865800865801
2020-11-24,54,69,123,52,51,103,84,107,191,106,93,199,81,74,155,64,69,133,56,64,120,43,45,88,26,34,60,1,9,10,567,615,1182,1182,920,0.7783417935702199
2020-11-25,64,59,123,56,55,111,98,114,212,97,104,201,76,76,152,58,53,111,59,56,115,30,58,88,20,40,60,6,10,16,564,625,1189,1189,820,0.6896551724137931
2020-11-26,67,65,132,61,64,125,88,107,195,100,129,229,70,85,155,56,61,117,54,51,105,39,51,90,12,29,41,9,11,20,556,653,1209,1209,871,0.7204301075268817
2020-11-27,52,50,102,45,38,83,89,120,209,73,88,161,62,43,105,57,57,114,44,37,81,28,34,62,15,37,52,3,4,7,468,508,976,976,713,0.7305327868852459
2020-11-28,64,38,102,41,30,71,67,76,143,51,87,138,50,66,116,52,47,99,26,29,55,24,33,57,15,29,44,1,6,7,391,441,832,832,568,0.6826923076923077
2020-11-29,58,46,104,31,37,68,74,80,154,65,94,159,73,59,132,42,49,91,49,57,106,23,35,58,15,17,32,1,4,5,431,478,909,909,686,0.7546754675467546
2020-11-30,79,64,143,70,51,121,118,125,243,119,109,228,103,105,208,67,70,137,73,78,151,58,46,104,19,33,52,3,9,12,709,690,1399,1398,975,0.6974248927038627
2020-12-01,49,67,116,53,61,114,125,113,238,105,118,223,80,95,175,37,54,91,69,80,149,49,51,100,28,29,57,4,5,9,599,673,1272,1272,833,0.654874213836478
2020-12-02,40,34,74,47,41,88,67,84,151,68,88,156,68,68,136,38,43,81,41,31,72,29,37,66,21,17,38,1,8,9,420,451,871,871,342,0.39265212399540755
2020-12-03,46,48,94,63,54,117,104,132,236,113,129,242,88,94,182,60,61,121,59,62,121,44,37,81,15,25,40,2,7,9,594,649,1243,1243,288,0.23169750603378922
2020-12-04,59,56,115,66,52,118,88,92,180,99,108,207,79,101,180,67,81,148,59,84,143,51,40,91,19,38,57,6,9,15,593,661,1254,1253,425,0.3391859537110934
2020-12-05,50,53,103,45,42,87,84,68,152,95,91,186,62,60,122,45,44,89,40,40,80,27,26,53,8,23,31,5,7,12,461,454,915,915,441,0.4819672131147541
2020-12-06,43,51,94,38,32,70,54,64,118,60,67,127,46,60,106,31,41,72,38,44,82,29,26,55,17,18,35,1,5,6,357,408,765,765,295,0.38562091503267976
2020-12-07,37,50,87,53,40,93,85,84,169,87,80,167,52,78,130,37,46,83,34,40,74,28,32,60,15,21,36,3,8,11,431,479,910,910,215,0.23626373626373626
2020-12-08,46,51,97,29,43,72,78,86,164,72,82,154,57,54,111,55,55,110,49,46,95,22,47,69,7,22,29,4,7,11,419,493,912,912,284,0.31140350877192985
2020-12-09,64,54,118,47,59,106,129,144,273,114,130,244,102,102,204,81,98,179,90,79,169,43,62,105,21,40,61,2,19,21,693,787,1480,1480,509,0.3439189189189189
2020-12-10,70,50,120,73,89,162,147,160,307,145,180,325,101,124,225,92,104,196,79,77,156,46,46,92,22,50,72,5,10,15,780,890,1670,1670,367,0.21976047904191617
2020-12-11,66,67,133,76,75,151,168,193,361,191,197,388,130,128,258,95,122,217,90,99,189,54,65,119,21,33,54,2,8,10,893,987,1880,1880,337,0.17925531914893617
2020-12-12,59,54,113,59,59,118,129,145,274,139,163,302,118,127,245,90,102,192,65,101,166,37,45,82,14,28,42,2,9,11,712,833,1545,1545,423,0.2737864077669903
2020-12-13,65,41,106,59,64,123,100,128,228,140,149,289,96,111,207,82,102,184,65,64,129,33,36,69,16,21,37,7,4,11,663,720,1383,1383,270,0.19522776572668113
2020-12-14,84,61,145,79,78,157,165,171,336,175,190,365,129,145,274,98,114,212,96,105,201,61,63,124,27,33,60,10,13,23,924,973,1897,1897,560,0.2952029520295203
2020-12-15,63,67,130,74,89,163,158,195,353,185,194,379,143,127,270,115,150,265,112,110,222,55,54,109,14,28,42,3,11,14,922,1025,1947,1947,497,0.25526450950179763
2020-12-16,53,63,116,122,146,268,233,294,527,302,328,630,235,244,479,178,184,362,167,168,335,81,85,166,29,28,57,4,13,17,1404,1553,2957,2957,671,0.22691917483936422
2020-12-17,86,80,166,138,142,280,270,368,638,356,405,761,270,287,557,199,214,413,106,139,245,68,56,124,13,27,40,2,9,11,1508,1727,3235,3235,738,0.22812982998454404
2020-12-18,96,76,172,154,195,349,316,404,720,367,422,789,281,305,586,227,262,489,244,224,468,113,102,215,23,60,83,3,10,13,1824,2060,3884,3884,923,0.23764160659114314
2020-12-19,74,68,142,128,141,269,231,324,555,376,402,778,237,256,493,190,214,404,164,195,359,71,89,160,19,35,54,3,12,15,1493,1736,3229,3229,875,0.2709817280891917
2020-12-20,63,78,141,144,150,294,260,306,566,380,397,777,265,288,553,229,251,480,167,164,331,75,69,144,15,18,33,4,8,12,1602,1729,3331,3331,443,0.13299309516661664
2020-12-21,95,95,190,155,164,319,362,389,751,422,481,903,335,314,649,241,264,505,203,213,416,94,102,196,22,51,73,5,8,13,1934,2081,4015,4015,791,0.19701120797011207
2020-12-22,101,99,200,198,214,412,383,482,865,496,551,1047,370,379,749,257,273,530,230,229,459,102,95,197,26,36,62,5,6,11,2168,2364,4532,4532,840,0.1853486319505737
2020-12-23,118,100,218,237,213,450,426,473,899,486,509,995,337,389,726,238,258,496,179,214,393,73,87,160,34,46,80,7,16,23,2135,2305,4440,4440,910,0.20495495495495494
2020-12-24,55,58,113,105,132,237,244,243,487,307,280,587,202,196,398,113,140,253,95,119,214,62,53,115,6,24,30,3,5,8,1192,1250,2442,2442,679,0.27805077805077805
2020-12-25,35,24,59,42,40,82,75,59,134,67,84,151,55,46,101,45,51,96,26,31,57,21,15,36,5,19,24,5,4,9,376,373,749,749,464,0.6194926568758344
2020-12-26,92,71,163,196,241,437,296,388,684,439,415,854,298,342,640,233,243,476,142,172,314,78,81,159,21,34,55,1,13,14,1796,2000,3796,3796,810,0.21338250790305585
2020-12-27,53,48,101,269,251,520,341,347,688,458,481,939,372,389,761,245,276,521,175,179,354,76,93,169,24,37,61,3,11,14,2016,2112,4128,4128,449,0.10876937984496124
2020-12-28,130,104,234,306,336,642,477,583,1060,631,706,1337,503,522,1025,310,379,689,206,265,471,101,119,220,34,53,87,3,20,23,2701,3087,5788,5788,845,0.14599170697995853
2020-12-29,95,91,186,276,317,593,468,536,1004,517,555,1072,438,468,906,274,302,576,207,234,441,99,115,214,31,65,96,7,17,24,2412,2700,5112,5112,817,0.15982003129890454
2020-12-30,97,85,182,327,380,707,500,539,1039,592,583,1175,436,515,951,307,387,694,219,230,449,102,112,214,28,52,80,3,12,15,2611,2895,5506,5505,1159,0.21053587647593097
2020-12-31,74,71,145,233,234,467,344,356,700,356,435,791,304,354,658,211,209,420,100,118,218,54,68,122,16,31,47,1,8,9,1693,1884,3577,3577,691,0.19317864131954152
2021-01-01,31,21,52,46,50,96,75,99,174,81,107,188,62,74,136,54,59,113,28,29,57,22,23,45,6,16,22,1,4,5,406,482,888,888,395,0.44481981981981983
2021-01-02,80,66,146,200,235,435,311,358,669,390,433,823,289,342,631,211,255,466,195,205,400,79,96,175,17,38,55,6,8,14,1778,2036,3814,3814,672,0.1761929732564237
2021-01-03,57,68,125,305,290,595,487,592,1079,623,680,1303,465,528,993,294,378,672,234,258,492,94,122,216,30,41,71,3,10,13,2592,2967,5559,5559,591,0.10631408526713437
2021-01-04,89,86,175,280,273,553,634,764,1398,731,764,1495,506,574,1080,321,398,719,241,259,500,129,130,259,37,78,115,4,13,17,2972,3339,6311,6311,862,0.1365869117414039
2021-01-05,87,92,179,320,327,647,669,793,1462,722,795,1517,527,570,1097,352,394,746,257,347,604,126,148,274,37,70,107,7,11,18,3104,3547,6651,6650,843,0.12676691729323308
2021-01-06,94,82,176,351,341,692,689,722,1411,682,729,1411,556,561,1117,384,436,820,272,310,582,124,163,287,33,71,104,4,21,25,3189,3436,6625,6624,885,0.13360507246376813
2021-01-07,89,76,165,257,286,543,502,598,1100,536,609,1145,406,419,825,264,337,601,211,261,472,92,137,229,32,56,88,4,12,16,2393,2791,5184,5184,862,0.16628086419753085
2021-01-08,93,88,181,284,307,591,518,567,1085,465,586,1051,347,490,837,267,319,586,168,219,387,97,128,225,36,42,78,6,9,15,2281,2755,5036,5035,1018,0.20218470705064548
2021-01-09,66,73,139,247,287,534,441,539,980,526,607,1133,365,444,809,259,312,571,159,233,392,72,94,166,24,51,75,0,13,13,2159,2653,4812,4810,787,0.16361746361746363
2021-01-10,78,75,153,283,329,612,442,536,978,500,588,1088,373,442,815,255,300,555,166,169,335,54,97,151,16,40,56,4,15,19,2171,2591,4762,4762,516,0.10835783284334313
2021-01-11,98,70,168,307,343,650,613,714,1327,646,742,1388,419,508,927,302,369,671,189,240,429,94,106,200,29,60,89,4,22,26,2701,3174,5875,5875,823,0.14008510638297872
2021-01-12,112,66,178,282,313,595,483,583,1066,438,595,1033,363,429,792,280,369,649,205,190,395,76,105,181,34,37,71,4,10,14,2277,2697,4974,4973,692,0.13915141765533884
2021-01-13,125,108,233,305,365,670,575,651,1226,520,597,1117,441,465,906,295,367,662,226,269,495,92,112,204,23,52,75,6,4,10,2608,2990,5598,5598,757,0.13522686673812076
2021-01-14,96,103,199,325,384,709,506,639,1145,518,602,1120,382,474,856,299,369,668,195,230,425,84,105,189,23,45,68,4,11,15,2432,2962,5394,5393,848,0.15724086779158167
2021-01-15,116,90,206,502,543,1045,592,760,1352,777,863,1640,567,695,1262,445,509,954,238,291,529,98,131,229,24,54,78,4,9,13,3363,3945,7308,7308,894,0.12233169129720854
2021-01-16,62,51,113,606,603,1209,536,676,1212,677,840,1517,658,743,1401,457,457,914,263,304,567,134,124,258,28,43,71,2,9,11,3423,3850,7273,7273,672,0.09239653512993262
2021-01-17,69,47,116,479,550,1029,530,724,1254,665,735,1400,673,756,1429,422,430,852,206,215,421,89,106,195,19,29,48,2,3,5,3154,3595,6749,6749,507,0.07512224033190103
2021-01-18,99,89,188,601,608,1209,713,811,1524,801,862,1663,744,803,1547,526,572,1098,318,366,684,142,150,292,40,81,121,6,24,30,3990,4366,8356,8355,718,0.08593656493117893
2021-01-19,103,89,192,557,569,1126,647,763,1410,766,854,1620,705,793,1498,485,542,1027,320,357,677,133,167,300,27,62,89,7,13,20,3750,4209,7959,7959,588,0.07387862796833773
2021-01-20,100,88,188,524,544,1068,599,685,1284,703,745,1448,636,667,1303,467,516,983,333,356,689,167,168,335,33,52,85,6,16,22,3568,3837,7405,7405,566,0.07643484132343012
2021-01-21,119,86,205,360,444,804,559,598,1157,526,622,1148,443,561,1004,323,459,782,249,251,500,106,113,219,39,55,94,8,21,29,2732,3210,5942,5942,701,0.11797374621339617
2021-01-22,86,87,173,405,406,811,450,572,1022,431,566,997,443,524,967,307,360,667,213,242,455,93,118,211,24,48,72,6,5,11,2458,2928,5386,5386,638,0.11845525436316376
2021-01-23,52,46,98,440,459,899,468,585,1053,486,562,1048,438,458,896,333,377,710,154,190,344,50,72,122,21,37,58,2,6,8,2444,2792,5236,5236,447,0.08537051184110007
2021-01-24,65,56,121,511,532,1043,543,584,1127,512,610,1122,567,599,1166,385,396,781,191,212,403,75,102,177,29,38,67,2,6,8,2880,3135,6015,6015,395,0.0656691604322527
2021-01-25,91,104,195,629,613,1242,721,797,1518,688,777,1465,623,693,1316,405,500,905,261,275,536,123,138,261,36,65,101,7,16,23,3584,3978,7562,7562,535,0.07074847923829675
2021-01-26,120,88,208,518,531,1049,568,633,1201,566,610,1176,536,588,1124,391,447,838,236,305,541,115,133,248,35,64,99,4,15,19,3089,3414,6503,6503,604,0.09288020913424573
2021-01-27,111,97,208,456,465,921,523,613,1136,543,614,1157,478,571,1049,355,410,765,219,224,443,90,109,199,36,57,93,2,20,22,2813,3180,5993,5993,511,0.08526614383447355
2021-01-28,89,86,175,389,425,814,434,514,948,449,527,976,371,471,842,289,345,634,202,245,447,111,121,232,32,50,82,5,17,22,2371,2801,5172,5172,609,0.1177494199535963
2021-01-29,69,98,167,538,551,1089,578,653,1231,640,758,1398,567,682,1249,441,480,921,273,301,574,105,153,258,25,65,90,3,9,12,3239,3750,6989,6988,825,0.11805953062392673
2021-01-30,66,49,115,741,776,1517,528,654,1182,687,813,1500,740,883,1623,518,560,1078,275,348,623,110,160,270,29,50,79,2,9,11,3696,4302,7998,7998,560,0.07001750437609403
2021-01-31,58,58,116,1120,1184,2304,712,805,1517,840,1036,1876,1088,1278,2366,699,777,1476,318,339,657,118,149,267,27,52,79,2,14,16,4982,5692,10674,10674,316,0.029604646805321343
2021-02-01,90,81,171,931,1035,1966,634,828,1462,855,989,1844,974,1146,2120,705,717,1422,357,430,787,127,200,327,43,51,94,2,11,13,4718,5488,10206,10206,624,0.06114050558495003
2021-02-02,86,84,170,759,865,1624,595,706,1301,787,921,1708,907,1072,1979,633,689,1322,411,413,824,197,233,430,44,70,114,3,12,15,4422,5065,9487,9487,512,0.05396858859491936
2021-02-03,67,93,160,634,597,1231,549,662,1211,678,776,1454,685,774,1459,482,594,1076,352,365,717,160,203,363,38,69,107,5,14,19,3650,4147,7797,7797,537,0.06887264332435553
2021-02-04,74,74,148,362,374,736,432,548,980,481,563,1044,408,586,994,347,425,772,212,283,495,112,147,259,28,46,74,5,19,24,2461,3065,5526,5526,518,0.09373868982989504
2021-02-05,83,76,159,333,335,668,396,495,891,406,514,920,399,446,845,285,352,637,219,263,482,104,139,243,21,60,81,1,12,13,2247,2692,4939,4939,722,0.14618343794290342
2021-02-06,53,48,101,355,413,768,363,450,813,435,564,999,420,500,920,337,388,725,178,212,390,83,113,196,22,43,65,1,7,8,2247,2738,4985,4985,492,0.09869608826479438
2021-02-07,57,63,120,406,432,838,347,452,799,469,586,1055,444,540,984,319,405,724,167,186,353,86,102,188,20,28,48,6,5,11,2321,2799,5120,5120,315,0.0615234375
2021-02-08,96,81,177,526,640,1166,568,652,1220,690,850,1540,700,838,1538,379,520,899,243,307,550,120,141,261,31,73,104,4,20,24,3357,4122,7479,7479,651,0.0870437224227838
2021-02-09,94,66,160,458,496,954,476,604,1080,646,717,1363,565,718,1283,396,489,885,284,313,597,131,153,284,39,64,103,6,17,23,3095,3637,6732,6732,543,0.08065953654188948
2021-02-10,79,60,139,343,346,689,386,498,884,520,651,1171,506,606,1112,314,409,723,218,265,483,125,124,249,33,51,84,0,12,12,2524,3022,5546,5546,414,0.07464839523981248
2021-02-11,77,61,138,278,363,641,352,491,843,495,581,1076,438,586,1024,256,392,648,216,243,459,101,124,225,30,54,84,4,10,14,2247,2905,5152,5152,368,0.07142857142857142
2021-02-12,81,68,149,344,392,736,367,417,784,517,613,1130,464,609,1073,293,401,694,195,259,454,104,124,228,34,56,90,2,15,17,2401,2954,5355,5355,614,0.11465919701213818
2021-02-13,55,41,96,456,517,973,371,445,816,587,706,1293,569,767,1336,352,428,780,203,230,433,75,110,185,24,38,62,6,11,17,2698,3293,5991,5991,483,0.08062093139709564
2021-02-14,42,37,79,468,513,981,310,447,757,584,735,1319,682,793,1475,328,419,747,229,247,476,100,129,229,19,26,45,2,11,13,2764,3357,6121,6120,312,0.050980392156862744
2021-02-15,40,60,100,599,625,1224,463,599,1062,710,903,1613,807,935,1742,465,527,992,227,273,500,89,132,221,24,64,88,2,13,15,3426,4131,7557,7557,401,0.0530633849411142
2021-02-16,57,42,99,622,585,1207,608,846,1454,874,993,1867,817,1007,1824,436,458,894,227,235,462,90,135,225,16,38,54,8,5,13,3755,4344,8099,8099,508,0.06272379306087171
2021-02-17,76,93,169,413,456,869,750,896,1646,732,844,1576,582,644,1226,394,478,872,309,337,646,127,163,290,27,66,93,7,17,24,3417,3994,7411,7411,465,0.06274456888409122
2021-02-18,73,64,137,348,397,745,600,716,1316,667,751,1418,516,630,1146,397,427,824,254,298,552,137,160,297,33,52,85,4,12,16,3029,3507,6536,6536,520,0.0795593635250918
2021-02-19,88,67,155,310,431,741,526,622,1148,602,754,1356,503,607,1110,364,443,807,231,290,521,113,161,274,30,52,82,4,13,17,2771,3440,6211,6211,577,0.09289969409112864
2021-02-20,68,55,123,282,367,649,457,543,1000,480,669,1149,448,560,1008,323,426,749,189,281,470,86,105,191,24,40,64,4,5,9,2361,3051,5412,5412,480,0.08869179600886919
2021-02-21,77,50,127,280,350,630,420,586,1006,540,664,1204,454,575,1029,284,361,645,205,248,453,80,108,188,25,29,54,5,10,15,2370,2981,5351,5351,363,0.06783778732947113
2021-02-22,100,112,212,290,393,683,510,701,1211,593,748,1341,470,606,1076,360,431,791,249,306,555,119,125,244,43,40,83,3,7,10,2737,3469,6206,6206,483,0.07782790847566871
2021-02-23,111,86,197,256,296,552,448,545,993,501,615,1116,395,506,901,318,411,729,238,279,517,114,146,260,33,55,88,7,15,22,2421,2954,5375,5375,462,0.08595348837209302
2021-02-24,83,109,192,268,300,568,359,441,800,441,519,960,320,428,748,265,322,587,218,235,453,103,124,227,28,42,70,3,11,14,2088,2531,4619,4619,402,0.08703182507036156
2021-02-25,122,116,238,209,235,444,369,405,774,382,416,798,308,357,665,228,304,532,175,227,402,84,125,209,26,46,72,4,14,18,1907,2245,4152,4152,386,0.09296724470134875
2021-02-26,96,99,195,188,245,433,358,457,815,434,472,906,312,411,723,253,314,567,195,287,482,93,121,214,24,41,65,2,19,21,1955,2466,4421,4421,399,0.09025107441755259
2021-02-27,68,67,135,223,301,524,356,480,836,486,550,1036,325,404,729,307,380,687,242,286,528,99,131,230,27,54,81,2,9,11,2135,2662,4797,4797,434,0.09047321242443193
2021-02-28,79,73,152,319,361,680,405,552,957,615,723,1338,476,593,1069,407,494,901,306,349,655,144,168,312,28,50,78,2,9,11,2781,3372,6153,6153,367,0.05964570128392654
2021-03-01,150,127,277,220,266,486,379,435,814,426,454,880,317,387,704,230,294,524,200,247,447,89,136,225,24,51,75,5,16,21,2040,2413,4453,4453,532,0.11947002021109364
2021-03-02,158,145,303,230,260,490,366,406,772,371,452,823,311,341,652,214,328,542,154,225,379,93,86,179,37,54,91,3,8,11,1937,2305,4242,4242,385,0.09075907590759076
2021-03-03,155,116,271,167,229,396,274,399,673,338,392,730,253,302,555,221,294,515,221,258,479,95,127,222,22,40,62,1,12,13,1747,2169,3916,3916,485,0.12385086823289071
2021-03-04,135,129,264,173,211,384,268,318,586,307,331,638,236,298,534,179,267,446,179,266,445,101,142,243,30,37,67,6,17,23,1614,2016,3630,3630,473,0.1303030303030303
2021-03-05,133,123,256,182,201,383,276,369,645,338,400,738,236,269,505,224,282,506,190,212,402,97,116,213,25,37,62,0,6,6,1701,2015,3716,3716,460,0.12378902045209902
2021-03-06,90,82,172,122,149,271,253,305,558,307,321,628,211,253,464,154,208,362,127,147,274,63,90,153,24,29,53,2,7,9,1353,1591,2944,2944,370,0.12567934782608695
2021-03-07,89,85,174,140,163,303,239,316,555,308,351,659,183,259,442,186,259,445,179,205,384,73,91,164,19,38,57,4,4,8,1420,1771,3191,3190,294,0.09216300940438872
2021-03-08,168,146,314,179,236,415,295,404,699,360,412,772,294,319,613,264,334,598,248,259,507,103,117,220,26,52,78,3,13,16,1940,2292,4232,4229,398,0.09411208323480728
2021-03-09,186,175,361,186,186,372,304,344,648,368,410,778,291,311,602,248,320,568,220,329,549,137,140,277,27,45,72,4,9,13,1971,2269,4240,4240,406,0.09575471698113208
2021-03-10,209,187,396,197,225,422,276,324,600,370,413,783,244,292,536,222,293,515,218,232,450,98,132,230,29,50,79,3,10,13,1866,2158,4024,4024,591,0.14686878727634195
2021-03-11,169,187,356,149,185,334,242,329,571,259,332,591,196,253,449,151,213,364,144,211,355,89,97,186,28,36,64,3,14,17,1430,1857,3287,3287,599,0.18223303924551262
2021-03-12,215,201,416,183,230,413,279,353,632,326,424,750,261,318,579,193,280,473,186,270,456,100,115,215,28,51,79,3,13,16,1774,2255,4029,4028,660,0.16385302879841113
2021-03-13,138,119,257,134,173,307,281,330,611,338,359,697,225,257,482,177,277,454,197,232,429,76,87,163,18,41,59,4,4,8,1588,1879,3467,3467,542,0.15633112200749927
2021-03-14,128,163,291,147,154,301,223,377,600,361,405,766,226,289,515,242,293,535,198,254,452,83,120,203,20,36,56,5,11,16,1633,2102,3735,3735,425,0.11378848728246319
2021-03-15,254,233,487,210,238,448,316,441,757,387,467,854,302,375,677,280,345,625,250,283,533,105,164,269,25,55,80,4,13,17,2133,2614,4747,4747,585,0.12323572782810197
2021-03-16,227,232,459,199,250,449,284,363,647,371,431,802,262,284,546,232,300,532,206,263,469,100,125,225,24,56,80,6,18,24,1911,2322,4233,4233,496,0.11717458067564375
2021-03-17,187,163,350,180,215,395,275,349,624,298,341,639,219,267,486,200,262,462,194,235,429,82,123,205,26,43,69,3,13,16,1664,2011,3675,3674,500,0.1360914534567229
2021-03-18,166,157,323,148,183,331,245,292,537,287,306,593,202,240,442,149,215,364,152,186,338,86,104,190,16,39,55,3,9,12,1454,1731,3185,3185,463,0.14536891679748823
2021-03-19,175,186,361,208,209,417,258,341,599,310,355,665,209,265,474,178,236,414,158,202,360,78,90,168,21,35,56,6,10,16,1601,1929,3530,3530,704,0.19943342776203965
2021-03-20,82,88,170,136,154,290,217,253,470,272,293,565,193,221,414,173,209,382,148,155,303,77,81,158,16,29,45,8,7,15,1322,1490,2812,2810,443,0.15765124555160143
2021-03-21,121,112,233,127,144,271,233,266,499,304,317,621,180,216,396,173,231,404,138,192,330,54,77,131,19,30,49,2,10,12,1351,1595,2946,2946,377,0.12797012898845891
2021-03-22,197,200,397,224,193,417,281,382,663,339,389,728,253,291,544,243,307,550,179,233,412,100,118,218,27,58,85,3,22,25,1846,2193,4039,4039,614,0.15201782619460263
2021-03-23,190,179,369,193,212,405,264,334,598,307,385,692,234,246,480,200,247,447,197,251,448,105,129,234,26,34,60,1,15,16,1717,2032,3749,3749,589,0.15710856228327555
2021-03-24,128,128,256,169,161,330,202,233,435,258,290,548,169,226,395,145,196,341,103,131,234,61,91,152,13,38,51,1,6,7,1249,1500,2749,2749,503,0.18297562750090943
2021-03-25,145,144,289,178,221,399,232,335,567,315,332,647,237,308,545,181,209,390,133,183,316,76,92,168,28,38,66,3,2,5,1528,1864,3392,3392,472,0.1391509433962264
2021-03-26,189,175,364,212,245,457,261,346,607,330,355,685,224,311,535,171,249,420,144,200,344,90,107,197,25,36,61,3,13,16,1649,2037,3686,3686,600,0.16277807921866522
2021-03-27,142,128,270,123,148,271,240,264,504,303,328,631,204,258,462,170,249,419,160,174,334,63,84,147,19,41,60,5,7,12,1429,1681,3110,3110,576,0.18520900321543407
2021-03-28,111,101,212,117,162,279,195,262,457,273,339,612,220,238,458,161,226,387,135,175,310,51,55,106,20,29,49,2,7,9,1285,1594,2879,2879,500,0.1736714136853074
2021-03-29,179,178,357,247,217,464,264,338,602,316,365,681,244,325,569,206,251,457,157,211,368,63,64,127,19,42,61,1,8,9,1696,1999,3695,3695,639,0.172936400541272
2021-03-30,164,164,328,193,224,417,219,303,522,288,334,622,208,272,480,186,214,400,144,179,323,52,74,126,24,33,57,5,6,11,1483,1803,3286,3285,642,0.1954337899543379
2021-03-31,146,126,272,163,151,314,238,309,547,285,340,625,186,257,443,133,191,324,90,122,212,34,50,84,21,25,46,1,10,11,1297,1581,2878,2878,701,0.24357192494788046
2021-04-01,113,144,257,181,191,372,278,303,581,301,330,631,209,262,471,171,215,386,120,148,268,55,81,136,14,21,35,3,11,14,1445,1706,3151,3151,903,0.28657569025706126
2021-04-02,139,95,234,167,196,363,230,270,500,281,289,570,206,246,452,155,217,372,108,114,222,51,47,98,18,16,34,2,8,10,1357,1498,2855,2855,612,0.21436077057793346
2021-04-03,104,105,209,161,203,364,254,267,521,290,328,618,204,278,482,166,203,369,138,136,274,42,73,115,21,40,61,4,9,13,1384,1642,3026,3026,765,0.25280898876404495
2021-04-04,143,112,255,289,309,598,339,422,761,410,545,955,319,425,744,188,251,439,111,166,277,48,65,113,18,34,52,1,9,10,1866,2338,4204,4204,679,0.1615128449096099
2021-04-05,174,184,358,386,404,790,445,542,987,492,542,1034,405,499,904,252,322,574,149,208,357,72,78,150,21,48,69,4,9,13,2400,2836,5236,5236,797,0.15221543162719633
2021-04-06,201,213,414,315,335,650,502,485,987,507,581,1088,380,426,806,264,317,581,183,273,456,97,121,218,25,47,72,3,15,18,2477,2813,5290,5289,1038,0.19625638116846283
2021-04-07,205,203,408,341,339,680,459,511,970,459,567,1026,401,445,846,239,376,615,163,236,399,80,104,184,15,47,62,2,14,16,2364,2842,5206,5203,859,0.16509705938881414
2021-04-08,203,167,370,261,279,540,352,490,842,426,528,954,317,380,697,222,320,542,154,199,353,64,105,169,22,41,63,2,13,15,2023,2522,4545,4545,909,0.2
2021-04-09,153,146,299,194,238,432,241,341,582,276,334,610,240,279,519,157,221,378,111,131,242,52,67,119,8,29,37,3,8,11,1435,1794,3229,3228,864,0.26765799256505574
2021-04-10,118,109,227,195,224,419,298,338,636,352,365,717,229,275,504,156,220,376,109,141,250,31,51,82,6,17,23,3,4,7,1497,1744,3241,3240,636,0.1962962962962963
2021-04-11,97,110,207,169,190,359,216,255,471,273,335,608,234,286,520,156,191,347,113,119,232,33,43,76,13,26,39,2,4,6,1306,1559,2865,2865,539,0.1881326352530541
2021-04-12,184,169,353,255,233,488,303,364,667,350,406,756,298,390,688,214,292,506,143,173,316,49,80,129,19,34,53,3,11,14,1818,2152,3970,3968,696,0.17540322580645162
2021-04-13,177,125,302,189,180,369,289,363,652,356,416,772,279,351,630,218,263,481,108,112,220,57,49,106,15,18,33,4,9,13,1692,1886,3578,3578,669,0.1869759642258245
2021-04-14,167,133,300,172,151,323,189,222,411,214,258,472,159,213,372,133,181,314,148,134,282,50,85,135,23,27,50,5,6,11,1260,1410,2670,2669,770,0.28849756463094794
2021-04-15,187,172,359,213,260,473,331,392,723,378,447,825,338,436,774,243,325,568,150,164,314,46,72,118,20,33,53,2,10,12,1908,2311,4219,4216,746,0.1769449715370019
2021-04-16,178,175,353,209,220,429,355,431,786,411,477,888,330,402,732,246,330,576,180,218,398,50,73,123,12,33,45,7,11,18,1978,2370,4348,4347,752,0.17299286864504257
2021-04-17,156,127,283,191,170,361,269,309,578,375,367,742,274,339,613,191,228,419,121,146,267,51,78,129,19,50,69,4,7,11,1651,1821,3472,3472,668,0.1923963133640553
2021-04-18,98,131,229,135,150,285,254,285,539,292,362,654,274,292,566,187,223,410,131,151,282,45,60,105,24,31,55,2,9,11,1442,1694,3136,3135,454,0.1448165869218501
2021-04-19,212,163,375,220,252,472,350,410,760,430,456,886,344,383,727,254,311,565,160,211,371,62,88,150,17,52,69,4,22,26,2053,2348,4401,4401,629,0.14292206316746195
2021-04-20,190,213,403,196,198,394,293,380,673,340,431,771,295,366,661,232,267,499,184,227,411,71,85,156,34,31,65,4,9,13,1839,2207,4046,4045,637,0.15747836835599505
2021-04-21,167,150,317,158,156,314,253,300,553,266,354,620,247,313,560,175,252,427,132,164,296,58,67,125,17,46,63,1,8,9,1474,1810,3284,3284,604,0.18392204628501826
2021-04-22,195,178,373,227,234,461,302,357,659,384,483,867,341,422,763,239,280,519,147,207,354,65,95,160,20,51,71,2,11,13,1922,2318,4240,4238,645,0.15219443133553562
2021-04-23,161,167,328,222,239,461,339,409,748,404,530,934,345,431,776,239,342,581,159,202,361,72,90,162,31,37,68,4,9,13,1976,2456,4432,4430,623,0.14063205417607225
2021-04-24,93,77,170,81,66,147,91,131,222,118,131,249,105,133,238,68,86,154,40,61,101,36,51,87,10,36,46,5,21,26,647,793,1440,1440,466,0.3236111111111111
2021-04-25,132,131,263,149,156,305,221,254,475,279,333,612,250,290,540,197,232,429,119,130,249,58,50,108,10,31,41,0,6,6,1415,1613,3028,3027,357,0.11793855302279485
2021-04-26,211,194,405,209,236,445,310,347,657,367,430,797,336,391,727,270,312,582,157,176,333,83,114,197,15,38,53,4,11,15,1962,2249,4211,4210,486,0.1154394299287411
2021-04-27,178,156,334,206,217,423,316,401,717,352,428,780,283,355,638,233,270,503,145,173,318,63,98,161,21,48,69,6,8,14,1803,2154,3957,3955,421,0.10644753476611883
2021-04-28,179,173,352,209,213,422,269,348,617,372,422,794,297,363,660,211,276,487,131,168,299,64,83,147,22,41,63,7,13,20,1761,2100,3861,3861,538,0.13934213934213935
2021-04-29,229,196,425,283,252,535,353,463,816,452,543,995,395,499,894,293,371,664,174,239,413,111,124,235,37,58,95,2,18,20,2329,2763,5092,5091,592,0.11628363779218229
2021-04-30,184,162,346,215,205,420,266,410,676,356,476,832,272,405,677,233,318,551,153,194,347,93,104,197,33,59,92,3,21,24,1808,2354,4162,4160,720,0.17307692307692307
2021-05-01,148,123,271,234,199,433,322,416,738,415,535,950,338,511,849,266,331,597,161,142,303,73,93,166,24,59,83,2,7,9,1983,2416,4399,4398,612,0.13915416098226466
2021-05-02,148,117,265,203,219,422,303,410,713,447,558,1005,334,493,827,265,328,593,181,231,412,87,105,192,26,44,70,4,19,23,1998,2524,4522,4522,450,0.09951348960636887
2021-05-03,284,248,532,284,326,610,517,656,1173,639,802,1441,542,650,1192,398,605,1003,278,399,677,146,166,312,34,80,114,5,26,31,3127,3958,7085,7085,811,0.11446718419195484
2021-05-04,211,230,441,289,313,602,481,572,1053,611,713,1324,523,636,1159,379,528,907,237,317,554,147,166,313,32,56,88,2,20,22,2912,3551,6463,6462,553,0.08557722067471371
2021-05-05,229,214,443,260,296,556,460,598,1058,535,645,1180,471,554,1025,313,425,738,212,241,453,114,125,239,43,71,114,7,15,22,2644,3184,5828,5826,548,0.09406110538963268
2021-05-06,194,229,423,340,355,695,456,653,1109,558,744,1302,495,599,1094,380,482,862,220,262,482,118,129,247,34,62,96,5,19,24,2800,3534,6334,6332,603,0.09523057485786482
2021-05-07,241,198,439,336,373,709,503,747,1250,585,835,1420,549,733,1282,332,541,873,227,290,517,102,139,241,26,51,77,3,13,16,2904,3920,6824,6823,704,0.10318041917045288
2021-05-08,138,130,268,167,175,342,304,394,698,380,459,839,262,317,579,208,273,481,114,131,245,54,66,120,22,42,64,1,15,16,1650,2002,3652,3652,502,0.13745892661555312
2021-05-09,171,152,323,178,207,385,254,333,587,384,444,828,299,393,692,199,279,478,139,153,292,73,95,168,29,36,65,5,6,11,1731,2098,3829,3829,402,0.10498824758422565
2021-05-10,234,221,455,261,300,561,520,596,1116,600,708,1308,502,635,1137,352,451,803,235,284,519,111,149,260,41,56,97,1,8,9,2857,3408,6265,6264,616,0.0983397190293742
2021-05-11,212,183,395,240,267,507,370,474,844,485,564,1049,423,467,890,280,357,637,212,254,466,104,127,231,31,40,71,3,11,14,2360,2744,5104,5104,578,0.11324451410658307
2021-05-12,213,194,407,222,245,467,368,478,846,459,541,1000,406,503,909,303,378,681,183,220,403,90,95,185,29,46,75,3,13,16,2276,2713,4989,4989,737,0.14772499498897573
2021-05-13,218,177,395,199,255,454,380,566,946,469,622,1091,404,512,916,260,372,632,173,198,371,84,115,199,31,61,92,2,9,11,2220,2887,5107,5106,771,0.1509988249118684
2021-05-14,244,251,495,283,373,656,552,712,1264,664,844,1508,518,739,1257,381,491,872,223,272,495,114,132,246,48,50,98,4,10,14,3031,3874,6905,6905,728,0.1054308472121651
2021-05-15,169,154,323,221,249,470,342,487,829,455,608,1063,411,512,923,287,333,620,163,202,365,72,81,153,26,47,73,3,17,20,2149,2690,4839,4839,604,0.1248191775160157
2021-05-16,150,155,305,171,250,421,283,394,677,379,537,916,345,474,819,277,343,620,155,169,324,64,82,146,19,41,60,1,16,17,1844,2461,4305,4305,474,0.11010452961672473
2021-05-17,329,306,635,355,393,748,609,738,1347,823,950,1773,650,838,1488,486,627,1113,301,351,652,155,189,344,54,88,142,4,15,19,3766,4495,8261,8258,796,0.09639137805764107
2021-05-18,291,300,591,343,419,762,636,757,1393,768,915,1683,716,840,1556,464,546,1010,259,296,555,148,148,296,50,54,104,6,14,20,3681,4289,7970,7970,825,0.10351317440401506
2021-05-19,318,267,585,378,406,784,671,860,1531,860,992,1852,685,814,1499,436,647,1083,310,317,627,126,154,280,42,58,100,6,18,24,3832,4533,8365,8365,631,0.07543335325762104
2021-05-20,328,326,654,434,474,908,782,1010,1792,925,1039,1964,719,955,1674,489,652,1141,315,331,646,126,169,295,41,64,105,2,23,25,4161,5043,9204,9203,638,0.06932522003694447
2021-05-21,229,210,439,348,398,746,642,848,1490,714,964,1678,632,794,1426,411,570,981,247,316,563,129,137,266,46,96,142,3,29,32,3401,4362,7763,7763,876,0.11284297307741853
2021-05-22,135,127,262,167,229,396,349,470,819,434,512,946,338,427,765,269,303,572,141,138,279,58,74,132,21,63,84,3,16,19,1915,2359,4274,4274,728,0.17033224145999065
2021-05-23,144,120,264,159,185,344,271,329,600,343,406,749,314,328,642,200,271,471,123,164,287,53,63,116,15,50,65,9,18,27,1631,1934,3565,3565,502,0.14081346423562413
2021-05-24,161,144,305,272,306,578,462,518,980,505,647,1152,452,623,1075,401,529,930,215,294,509,126,145,271,29,58,87,4,11,15,2627,3275,5902,5902,519,0.08793629278210777
2021-05-25,159,130,289,240,280,520,461,519,980,488,614,1102,447,554,1001,349,414,763,210,259,469,102,129,231,25,50,75,8,17,25,2489,2966,5455,5453,439,0.08050614340729874
2021-05-26,207,183,390,296,339,635,592,670,1262,656,760,1416,552,682,1234,482,595,1077,258,303,561,127,156,283,43,83,126,7,15,22,3220,3786,7006,7006,562,0.08021695689409078
2021-05-27,154,181,335,194,253,447,445,566,1011,506,605,1111,445,518,963,354,484,838,186,243,429,117,120,237,35,53,88,1,21,22,2437,3044,5481,5480,615,0.11222627737226278
2021-05-28,210,210,420,308,373,681,583,746,1329,656,818,1474,616,809,1425,520,652,1172,281,352,633,123,152,275,36,59,95,4,15,19,3337,4186,7523,7522,654,0.08694496144642383
2021-05-29,141,129,270,177,234,411,341,455,796,479,543,1022,391,508,899,258,338,596,153,182,335,65,100,165,24,56,80,6,18,24,2035,2563,4598,4598,543,0.11809482383645063
2021-05-30,105,99,204,177,191,368,329,413,742,382,465,847,332,417,749,222,318,540,126,141,267,57,83,140,20,29,49,3,9,12,1753,2165,3918,3918,380,0.09698825931597754
2021-05-31,180,184,364,308,297,605,518,632,1150,634,712,1346,524,707,1231,322,433,755,230,282,512,139,165,304,51,68,119,3,17,20,2909,3497,6406,6405,555,0.08665105386416862
2021-06-01,206,188,394,257,311,568,449,589,1038,624,691,1315,478,595,1073,341,486,827,263,306,569,130,142,272,53,56,109,6,12,18,2807,3376,6183,6183,474,0.07666181465308103
2021-06-02,242,191,433,276,335,611,476,626,1102,569,753,1322,526,625,1151,320,424,744,223,310,533,136,167,303,44,73,117,8,23,31,2820,3527,6347,6345,627,0.09881796690307329
2021-06-03,222,235,457,314,335,649,548,705,1253,649,827,1476,533,697,1230,385,516,901,245,321,566,127,165,292,50,62,112,8,29,37,3081,3892,6973,6971,605,0.08678812222062832
2021-06-04,265,238,503,323,331,654,573,721,1294,640,836,1476,563,700,1263,378,560,938,269,331,600,137,171,308,35,72,107,2,17,19,3185,3977,7162,7162,601,0.08391510751186819
2021-06-05,172,154,326,198,207,405,321,417,738,374,480,854,350,408,758,231,295,526,118,167,285,78,103,181,26,38,64,6,18,24,1874,2287,4161,4161,559,0.13434270608026916
2021-06-06,179,187,366,179,187,366,285,352,637,344,418,762,317,416,733,226,302,528,118,161,279,61,89,150,25,35,60,1,21,22,1735,2168,3903,3903,369,0.09454265949269793
2021-06-07,237,258,495,277,300,577,506,610,1116,572,690,1262,497,710,1207,403,561,964,255,335,590,179,221,400,41,126,167,9,33,42,2976,3844,6820,6819,637,0.09341545681184925
2021-06-08,293,271,564,241,292,533,442,622,1064,603,668,1271,450,596,1046,371,485,856,213,263,476,124,196,320,33,73,106,7,24,31,2777,3490,6267,6267,512,0.08169778203287059
2021-06-09,267,257,524,309,289,598,501,590,1091,603,734,1337,484,636,1120,380,483,863,223,288,511,139,148,287,49,72,121,4,19,23,2959,3516,6475,6472,555,0.0857540173053152
2021-06-10,243,253,496,289,332,621,507,703,1210,618,805,1423,477,679,1156,336,499,835,223,295,518,135,181,316,34,61,95,5,18,23,2867,3826,6693,6689,504,0.07534758558827927
2021-06-11,239,233,472,258,313,571,531,688,1219,575,856,1431,532,809,1341,350,487,837,235,306,541,133,182,315,47,89,136,7,23,30,2907,3986,6893,6893,633,0.09183229363122007
2021-06-12,184,169,353,223,246,469,335,439,774,438,514,952,369,489,858,254,347,601,155,204,359,89,107,196,24,45,69,3,8,11,2074,2568,4642,4642,411,0.08853942266264542
2021-06-13,159,163,322,171,177,348,231,335,566,312,426,738,315,398,713,197,267,464,131,166,297,57,79,136,19,37,56,6,16,22,1598,2064,3662,3662,321,0.08765701802293828
2021-06-14,181,148,329,240,256,496,394,536,930,515,623,1138,427,578,1005,323,414,737,199,304,503,105,121,226,30,58,88,13,17,30,2427,3055,5482,5480,340,0.06204379562043796
2021-06-15,70,77,147,152,159,311,278,375,653,360,463,823,293,419,712,181,295,476,116,130,246,49,58,107,15,24,39,2,8,10,1516,2008,3524,3524,83,0.0235527809307605
2021-06-16,26,24,50,44,48,92,118,139,257,127,176,303,101,154,255,82,96,178,38,54,92,21,17,38,0,7,7,0,1,1,557,716,1273,1273,0,0.0
2021-06-17,0,0,0,0,0,0,0,0,0,0,0,0,0,0,0,0,0,0,0,0,0,0,0,0,0,0,0,0,0,0,0,0,0,0,0,
2021-06-18,0,0,0,0,0,0,0,0,0,0,0,0,0,0,0,0,0,0,0,0,0,0,0,0,0,0,0,0,0,0,0,0,0,0,0,
