FECHA,<=10M,<=10F,<=10,11-20M,11-20F,11-20,21-30M,21-30F,21-30,31-40M,31-40F,31-40,41-50M,41-50F,41-50,51-60M,51-60F,51-60,61-70M,61-70F,61-70,71-80M,71-80F,71-80,81-90M,81-90F,81-90,>=91M,>=91F,>=91,TotalM,TotalF,Total
2020-03-15,1,0,1,0,0,0,0,2,2,2,1,3,1,1,2,1,0,1,1,0,1,1,1,2,0,0,0,0,0,0,7,5,12
2020-03-16,2,3,5,1,0,1,1,3,4,3,2,5,1,1,2,3,0,3,3,2,5,1,1,2,0,0,0,0,0,0,15,12,27
2020-03-17,3,7,10,1,1,2,3,4,7,3,2,5,2,4,6,3,1,4,4,3,7,3,3,6,1,0,1,0,0,0,23,25,48
2020-03-18,6,8,14,1,1,2,3,4,7,6,3,9,2,6,8,4,2,6,5,5,10,4,3,7,2,0,2,0,0,0,33,32,65
2020-03-19,7,8,15,1,1,2,6,6,12,8,5,13,4,7,11,4,2,6,6,6,12,5,4,9,2,0,2,1,0,1,44,39,83
2020-03-20,8,9,17,2,1,3,6,6,12,9,7,16,4,8,12,4,3,7,6,7,13,7,6,13,3,0,3,1,0,1,50,47,97
2020-03-21,8,9,17,4,1,5,7,8,15,12,8,20,6,9,15,4,3,7,8,9,17,8,7,15,3,0,3,2,0,2,62,54,116
2020-03-22,10,9,19,4,1,5,10,9,19,12,8,20,6,9,15,6,4,10,8,10,18,10,7,17,6,2,8,2,0,2,74,59,133
2020-03-23,13,9,22,4,3,7,11,11,22,14,9,23,6,10,16,8,4,12,10,10,20,14,10,24,9,5,14,2,2,4,91,73,164
2020-03-24,14,9,23,4,3,7,12,12,24,15,10,25,6,12,18,10,6,16,10,11,21,16,10,26,11,6,17,3,2,5,101,81,182
2020-03-25,15,12,27,4,3,7,14,15,29,16,14,30,7,12,19,11,8,19,13,12,25,18,12,30,13,10,23,5,3,8,116,101,217
2020-03-26,19,15,34,6,4,10,16,17,33,20,16,36,8,16,24,14,10,24,14,15,29,21,14,35,18,10,28,7,4,11,143,121,264
2020-03-27,21,18,39,6,5,11,17,19,36,23,16,39,9,20,29,15,13,28,16,20,36,25,20,45,21,12,33,9,10,19,162,153,315
2020-03-28,23,18,41,6,5,11,18,21,39,25,17,42,10,21,31,18,14,32,19,20,39,29,26,55,23,13,36,10,10,20,181,165,346
2020-03-29,24,18,42,7,6,13,19,23,42,27,18,45,12,24,36,18,14,32,25,23,48,33,27,60,27,15,42,12,11,23,204,179,383
2020-03-30,27,19,46,7,6,13,20,29,49,31,20,51,17,26,43,19,15,34,30,24,54,36,32,68,32,16,48,15,13,28,234,200,434
2020-03-31,35,21,56,8,6,14,25,30,55,37,22,59,22,28,50,21,16,37,36,26,62,40,35,75,34,19,53,19,13,32,277,216,493
2020-04-01,44,30,74,8,8,16,30,33,63,43,24,67,32,32,64,24,19,43,40,29,69,46,38,84,39,24,63,19,14,33,325,251,576
2020-04-02,50,38,88,12,12,24,32,38,70,46,28,74,35,35,70,25,27,52,48,32,80,54,45,99,44,30,74,22,18,40,368,303,671
2020-04-03,64,46,110,16,15,31,37,44,81,52,35,87,40,44,84,27,31,58,56,36,92,60,48,108,50,37,87,23,23,46,425,359,784
2020-04-04,71,57,128,18,18,36,39,51,90,54,45,99,45,46,91,33,31,64,62,38,100,62,53,115,54,39,93,24,26,50,462,404,866
2020-04-05,76,65,141,22,20,42,44,52,96,60,47,107,53,48,101,37,33,70,63,48,111,68,61,129,57,43,100,26,29,55,506,446,952
2020-04-06,86,72,158,25,22,47,50,55,105,70,49,119,62,52,114,46,35,81,69,55,124,78,65,143,64,48,112,27,31,58,577,484,1061
2020-04-07,95,82,177,28,25,53,55,58,113,75,56,131,66,56,122,53,37,90,73,59,132,84,73,157,70,59,129,29,32,61,628,537,1165
2020-04-08,102,89,191,32,27,59,57,63,120,80,59,139,73,59,132,58,40,98,80,65,145,93,77,170,72,62,134,32,38,70,679,579,1258
2020-04-09,104,91,195,35,29,64,60,70,130,92,68,160,75,64,139,66,47,113,84,67,151,100,87,187,77,70,147,36,43,79,729,636,1365
2020-04-10,118,93,211,39,32,71,62,76,138,96,70,166,84,65,149,69,53,122,90,68,158,101,96,197,82,78,160,37,47,84,778,678,1456
2020-04-11,124,98,222,42,34,76,69,80,149,102,74,176,90,67,157,71,57,128,94,74,168,107,99,206,86,85,171,38,51,89,823,719,1542
2020-04-12,133,103,236,44,34,78,70,83,153,109,76,185,93,72,165,80,59,139,97,78,175,110,107,217,89,89,178,39,53,92,864,754,1618
2020-04-13,140,112,252,49,37,86,81,90,171,113,84,197,99,77,176,85,64,149,104,84,188,115,115,230,97,97,194,43,59,102,926,819,1745
2020-04-14,153,118,271,52,38,90,87,96,183,121,87,208,103,81,184,95,70,165,108,91,199,124,120,244,103,101,204,47,63,110,993,865,1858
2020-04-15,162,121,283,56,43,99,90,103,193,127,93,220,110,94,204,99,77,176,117,93,210,133,123,256,110,108,218,52,66,118,1056,921,1977
2020-04-16,171,123,294,60,48,108,97,107,204,137,106,243,120,102,222,106,85,191,121,103,224,139,127,266,115,113,228,52,70,122,1118,984,2102
2020-04-17,185,132,317,62,51,113,98,114,212,143,119,262,132,110,242,113,92,205,128,108,236,152,135,287,121,121,242,53,73,126,1187,1055,2242
2020-04-18,193,139,332,65,52,117,108,116,224,158,125,283,139,115,254,119,96,215,130,110,240,156,145,301,127,129,256,56,77,133,1251,1104,2355
2020-04-19,200,146,346,69,53,122,112,118,230,162,129,291,143,120,263,124,104,228,136,116,252,161,153,314,130,136,266,58,78,136,1295,1153,2448
2020-04-20,211,153,364,77,61,138,124,123,247,174,138,312,152,127,279,133,107,240,147,124,271,176,164,340,140,144,284,62,93,155,1396,1234,2630
2020-04-21,222,161,383,82,66,148,136,126,262,182,148,330,154,131,285,138,114,252,153,130,283,187,176,363,148,154,302,64,103,167,1466,1309,2775
2020-04-22,232,168,400,87,72,159,142,133,275,193,151,344,165,137,302,142,121,263,162,133,295,194,190,384,156,166,322,71,109,180,1544,1380,2924
2020-04-23,246,178,424,92,76,168,148,144,292,203,159,362,173,145,318,145,132,277,169,137,306,203,198,401,167,176,343,78,118,196,1624,1463,3087
2020-04-24,260,188,448,97,80,177,156,151,307,215,171,386,178,151,329,152,140,292,177,148,325,213,209,422,177,191,368,81,121,202,1706,1550,3256
2020-04-25,269,192,461,101,81,182,159,156,315,223,180,403,182,155,337,157,146,303,183,152,335,220,212,432,186,207,393,86,126,212,1766,1607,3373
2020-04-26,275,207,482,107,87,194,162,160,322,227,182,409,190,160,350,159,149,308,189,159,348,225,219,444,193,214,407,87,129,216,1814,1666,3480
2020-04-27,286,217,503,113,90,203,168,167,335,231,191,422,193,170,363,169,156,325,196,167,363,245,225,470,204,228,432,90,134,224,1895,1745,3640
2020-04-28,300,224,524,117,95,212,179,176,355,242,200,442,200,179,379,175,164,339,202,175,377,248,237,485,210,242,452,92,138,230,1965,1830,3795
2020-04-29,317,232,549,123,98,221,190,182,372,260,212,472,211,186,397,183,170,353,206,183,389,257,243,500,213,256,469,97,148,245,2057,1910,3967
2020-04-30,334,242,576,131,99,230,200,187,387,265,219,484,222,195,417,190,182,372,216,191,407,264,253,517,221,273,494,105,155,260,2148,1996,4144
2020-05-01,335,254,589,137,104,241,201,193,394,274,229,503,232,201,433,196,185,381,227,196,423,271,261,532,229,285,514,105,157,262,2207,2065,4272
2020-05-02,340,269,609,142,111,253,207,195,402,284,234,518,239,206,445,203,187,390,230,200,430,279,262,541,235,297,532,106,160,266,2265,2121,4386
2020-05-03,347,274,621,145,113,258,212,200,412,292,240,532,244,211,455,211,189,400,238,207,445,284,271,555,241,305,546,109,165,274,2323,2175,4498
2020-05-04,364,291,655,150,115,265,220,210,430,301,246,547,249,217,466,220,192,412,246,219,465,298,284,582,249,323,572,111,169,280,2408,2266,4674
2020-05-05,371,298,669,157,116,273,230,218,448,311,258,569,255,228,483,229,197,426,256,225,481,313,291,604,255,335,590,112,179,291,2489,2345,4834
2020-05-06,383,308,691,160,116,276,241,224,465,327,270,597,269,236,505,234,203,437,265,231,496,332,304,636,261,347,608,116,185,301,2588,2424,5012
2020-05-07,398,318,716,167,122,289,254,229,483,339,279,618,282,245,527,239,209,448,272,237,509,348,310,658,267,359,626,117,193,310,2683,2501,5184
2020-05-08,413,329,742,173,126,299,267,237,504,348,293,641,298,254,552,252,214,466,278,248,526,361,319,680,278,371,649,119,205,324,2787,2596,5383
2020-05-09,429,340,769,177,126,303,271,249,520,353,301,654,305,260,565,256,219,475,285,255,540,372,321,693,283,381,664,124,213,337,2855,2665,5520
2020-05-10,436,348,784,178,127,305,278,259,537,358,307,665,309,265,574,259,224,483,293,261,554,380,332,712,288,393,681,125,219,344,2904,2735,5639
2020-05-11,449,363,812,184,131,315,284,265,549,370,319,689,319,277,596,267,229,496,304,267,571,393,341,734,300,409,709,129,233,362,2999,2834,5833
2020-05-12,464,371,835,190,140,330,308,283,591,389,325,714,327,288,615,273,234,507,313,274,587,400,352,752,309,423,732,134,244,378,3107,2934,6041
2020-05-13,485,383,868,199,147,346,325,292,617,402,346,748,342,295,637,281,242,523,320,282,602,409,359,768,317,437,754,135,253,388,3215,3036,6251
2020-05-14,503,404,907,208,155,363,337,309,646,421,362,783,353,302,655,286,252,538,330,293,623,418,368,786,326,450,776,137,268,405,3319,3163,6482
2020-05-15,520,422,942,216,160,376,343,319,662,432,374,806,363,316,679,297,259,556,340,302,642,424,374,798,336,470,806,142,278,420,3413,3274,6687
2020-05-16,529,436,965,223,165,388,347,328,675,441,387,828,369,323,692,303,266,569,346,307,653,434,379,813,342,474,816,147,292,439,3481,3357,6838
2020-05-17,542,449,991,226,170,396,356,335,691,448,394,842,377,334,711,307,268,575,352,314,666,440,383,823,352,486,838,151,296,447,3551,3429,6980
2020-05-18,562,468,1030,234,179,413,376,355,731,470,410,880,387,349,736,320,277,597,363,327,690,457,397,854,368,499,867,153,307,460,3690,3568,7258
2020-05-19,578,483,1061,247,191,438,401,374,775,501,432,933,411,362,773,335,291,626,376,340,716,467,415,882,379,520,899,156,316,472,3851,3724,7575
2020-05-20,602,516,1118,256,206,462,427,393,820,537,449,986,426,376,802,344,302,646,395,354,749,477,426,903,391,535,926,162,322,484,4017,3879,7896
2020-05-21,628,544,1172,272,212,484,457,413,870,564,469,1033,440,393,833,361,313,674,405,360,765,493,435,928,399,551,950,163,326,489,4182,4016,8198
2020-05-22,656,559,1215,284,225,509,483,439,922,582,492,1074,456,406,862,373,320,693,410,369,779,504,443,947,405,565,970,169,339,508,4322,4157,8479
2020-05-23,671,573,1244,295,238,533,507,454,961,606,508,1114,466,417,883,380,328,708,422,379,801,513,455,968,414,570,984,171,341,512,4445,4263,8708
2020-05-24,686,591,1277,302,245,547,517,462,979,619,518,1137,476,421,897,385,332,717,432,384,816,523,462,985,419,581,1000,173,347,520,4532,4343,8875
2020-05-25,710,612,1322,318,260,578,537,485,1022,630,531,1161,491,431,922,391,339,730,437,390,827,535,465,1000,428,596,1024,175,355,530,4652,4464,9116
2020-05-26,737,636,1373,337,277,614,569,517,1086,674,556,1230,507,454,961,399,353,752,445,395,840,549,470,1019,438,611,1049,178,365,543,4833,4634,9467
2020-05-27,773,664,1437,351,291,642,588,540,1128,696,571,1267,524,464,988,416,365,781,453,402,855,554,482,1036,442,627,1069,182,367,549,4979,4773,9752
2020-05-28,798,698,1496,368,302,670,611,566,1177,715,591,1306,548,482,1030,427,381,808,463,414,877,564,488,1052,456,644,1100,186,381,567,5136,4947,10083
2020-05-29,831,723,1554,390,318,708,646,595,1241,743,625,1368,573,502,1075,442,395,837,475,425,900,580,499,1079,470,660,1130,188,385,573,5338,5127,10465
2020-05-30,856,743,1599,404,327,731,679,618,1297,777,638,1415,585,517,1102,452,406,858,481,430,911,590,509,1099,478,671,1149,189,392,581,5491,5251,10742
2020-05-31,875,756,1631,414,336,750,694,628,1322,788,647,1435,597,522,1119,457,413,870,488,434,922,602,514,1116,483,680,1163,190,400,590,5588,5330,10918
2020-06-01,903,779,1682,429,350,779,720,662,1382,813,677,1490,612,539,1151,472,425,897,509,447,956,614,522,1136,488,690,1178,195,404,599,5755,5495,11250
2020-06-02,939,802,1741,448,369,817,750,686,1436,833,702,1535,629,556,1185,482,437,919,525,455,980,635,533,1168,494,704,1198,199,415,614,5934,5659,11593
2020-06-03,970,819,1789,462,393,855,774,712,1486,856,736,1592,642,577,1219,490,447,937,539,468,1007,652,544,1196,504,720,1224,201,424,625,6090,5840,11930
2020-06-04,995,842,1837,480,411,891,803,737,1540,873,758,1631,658,590,1248,511,460,971,549,474,1023,671,556,1227,514,736,1250,204,433,637,6258,5997,12255
2020-06-05,1029,877,1906,492,428,920,836,759,1595,899,792,1691,684,612,1296,530,481,1011,561,488,1049,686,567,1253,526,756,1282,207,442,649,6450,6202,12652
2020-06-06,1049,897,1946,503,439,942,856,775,1631,926,817,1743,696,624,1320,543,488,1031,571,497,1068,696,577,1273,536,773,1309,209,451,660,6585,6338,12923
2020-06-07,1062,918,1980,515,450,965,873,786,1659,942,830,1772,710,633,1343,553,495,1048,578,500,1078,704,583,1287,547,785,1332,211,459,670,6695,6439,13134
2020-06-08,1086,945,2031,533,471,1004,906,811,1717,977,858,1835,744,651,1395,572,512,1084,590,511,1101,720,599,1319,557,802,1359,215,466,681,6900,6626,13526
2020-06-09,1132,971,2103,554,493,1047,923,844,1767,1002,886,1888,772,670,1442,588,519,1107,602,517,1119,728,614,1342,569,828,1397,218,477,695,7088,6819,13907
2020-06-10,1153,994,2147,567,508,1075,959,863,1822,1028,920,1948,799,689,1488,608,537,1145,619,529,1148,748,638,1386,575,848,1423,224,491,715,7280,7017,14297
2020-06-11,1182,1025,2207,580,525,1105,986,889,1875,1060,946,2006,813,711,1524,623,559,1182,630,548,1178,764,652,1416,582,872,1454,227,505,732,7447,7232,14679
2020-06-12,1213,1064,2277,589,548,1137,1032,918,1950,1101,990,2091,842,741,1583,639,575,1214,652,564,1216,780,666,1446,588,892,1480,231,514,745,7667,7472,15139
2020-06-13,1244,1089,2333,609,569,1178,1064,948,2012,1133,1012,2145,849,760,1609,654,587,1241,662,569,1231,793,674,1467,594,907,1501,233,521,754,7835,7636,15471
2020-06-14,1261,1112,2373,627,585,1212,1085,967,2052,1152,1026,2178,865,771,1636,664,602,1266,672,573,1245,796,686,1482,607,928,1535,234,529,763,7963,7779,15742
2020-06-15,1284,1141,2425,649,601,1250,1110,995,2105,1171,1045,2216,884,783,1667,676,612,1288,684,576,1260,808,694,1502,614,943,1557,236,539,775,8116,7929,16045
2020-06-16,1331,1191,2522,666,620,1286,1166,1035,2201,1219,1072,2291,916,806,1722,696,628,1324,699,589,1288,822,700,1522,626,965,1591,239,553,792,8380,8159,16539
2020-06-17,1365,1224,2589,683,644,1327,1212,1067,2279,1255,1114,2369,949,825,1774,720,643,1363,715,601,1316,831,719,1550,642,980,1622,241,562,803,8613,8379,16992
2020-06-18,1407,1262,2669,696,657,1353,1262,1102,2364,1304,1162,2466,986,845,1831,750,664,1414,735,618,1353,842,736,1578,658,1002,1660,243,573,816,8883,8621,17504
2020-06-19,1455,1287,2742,708,680,1388,1293,1135,2428,1361,1196,2557,1022,879,1901,784,683,1467,761,634,1395,862,753,1615,675,1018,1693,250,586,836,9171,8851,18022
2020-06-20,1483,1315,2798,723,699,1422,1326,1157,2483,1396,1221,2617,1045,905,1950,800,701,1501,777,648,1425,872,762,1634,682,1033,1715,254,591,845,9358,9032,18390
2020-06-21,1512,1333,2845,739,715,1454,1351,1183,2534,1416,1246,2662,1061,912,1973,813,710,1523,785,658,1443,881,767,1648,688,1043,1731,255,598,853,9501,9165,18666
2020-06-22,1556,1368,2924,765,740,1505,1383,1221,2604,1460,1270,2730,1089,939,2028,834,736,1570,803,675,1478,899,782,1681,694,1065,1759,257,610,867,9740,9406,19146
2020-06-23,1598,1405,3003,790,769,1559,1431,1257,2688,1515,1312,2827,1119,971,2090,850,768,1618,819,694,1513,910,793,1703,706,1080,1786,259,616,875,9997,9665,19662
2020-06-24,1630,1439,3069,817,788,1605,1473,1300,2773,1552,1356,2908,1150,998,2148,871,792,1663,830,711,1541,920,806,1726,720,1094,1814,261,621,882,10224,9905,20129
2020-06-25,1672,1489,3161,848,824,1672,1512,1336,2848,1590,1385,2975,1188,1031,2219,907,822,1729,840,724,1564,930,820,1750,729,1105,1834,266,627,893,10482,10163,20645
2020-06-26,1711,1516,3227,878,846,1724,1563,1374,2937,1629,1425,3054,1220,1061,2281,923,844,1767,859,741,1600,941,835,1776,740,1124,1864,267,636,903,10731,10402,21133
2020-06-27,1758,1566,3324,905,879,1784,1598,1413,3011,1661,1457,3118,1247,1081,2328,942,854,1796,875,747,1622,944,848,1792,747,1131,1878,271,642,913,10948,10618,21566
2020-06-28,1796,1584,3380,918,895,1813,1612,1445,3057,1689,1483,3172,1264,1099,2363,959,867,1826,885,753,1638,952,856,1808,755,1141,1896,277,649,926,11107,10772,21879
2020-06-29,1834,1627,3461,947,929,1876,1653,1485,3138,1736,1514,3250,1288,1123,2411,974,897,1871,909,763,1672,965,872,1837,768,1156,1924,280,656,936,11354,11022,22376
2020-06-30,1861,1662,3523,957,953,1910,1701,1520,3221,1769,1552,3321,1320,1153,2473,1001,920,1921,929,772,1701,983,882,1865,775,1174,1949,282,667,949,11578,11255,22833
2020-07-01,1899,1691,3590,974,979,1953,1753,1561,3314,1810,1582,3392,1346,1181,2527,1026,948,1974,946,785,1731,997,894,1891,784,1194,1978,285,673,958,11820,11488,23308
2020-07-02,1945,1738,3683,994,1007,2001,1798,1606,3404,1857,1624,3481,1384,1209,2593,1043,970,2013,964,794,1758,1005,907,1912,798,1206,2004,288,678,966,12076,11739,23815
2020-07-03,1992,1771,3763,1022,1024,2046,1838,1638,3476,1904,1675,3579,1409,1240,2649,1064,990,2054,983,807,1790,1015,923,1938,807,1223,2030,292,682,974,12326,11973,24299
2020-07-04,2019,1805,3824,1041,1041,2082,1872,1675,3547,1931,1703,3634,1436,1257,2693,1084,1003,2087,992,815,1807,1024,936,1960,813,1234,2047,295,688,983,12507,12157,24664
2020-07-05,2040,1834,3874,1060,1053,2113,1899,1708,3607,1959,1732,3691,1446,1278,2724,1101,1019,2120,1009,829,1838,1039,950,1989,822,1248,2070,298,696,994,12673,12347,25020
2020-07-06,2068,1866,3934,1079,1069,2148,1941,1749,3690,2014,1760,3774,1479,1306,2785,1131,1042,2173,1031,851,1882,1057,978,2035,832,1271,2103,301,705,1006,12933,12597,25530
2020-07-07,2107,1924,4031,1101,1093,2194,1994,1794,3788,2063,1798,3861,1505,1338,2843,1160,1061,2221,1051,868,1919,1069,990,2059,842,1292,2134,308,717,1025,13200,12875,26075
2020-07-08,2147,1950,4097,1128,1121,2249,2047,1832,3879,2099,1838,3937,1549,1376,2925,1181,1092,2273,1068,886,1954,1085,1011,2096,854,1307,2161,312,731,1043,13470,13144,26614
2020-07-09,2176,1969,4145,1143,1134,2277,2075,1859,3934,2136,1863,3999,1579,1402,2981,1194,1105,2299,1078,902,1980,1094,1034,2128,858,1322,2180,319,738,1057,13652,13328,26980
2020-07-10,2202,1990,4192,1164,1156,2320,2104,1888,3992,2165,1892,4057,1602,1423,3025,1208,1119,2327,1098,918,2016,1110,1046,2156,870,1338,2208,321,749,1070,13844,13519,27363
2020-07-11,2225,2025,4250,1183,1166,2349,2123,1914,4037,2190,1923,4113,1624,1449,3073,1223,1139,2362,1117,932,2049,1124,1064,2188,873,1356,2229,323,759,1082,14005,13727,27732
2020-07-12,2247,2042,4289,1199,1175,2374,2143,1933,4076,2214,1938,4152,1639,1461,3100,1232,1149,2381,1127,942,2069,1134,1070,2204,879,1367,2246,327,765,1092,14141,13842,27983
2020-07-13,2275,2082,4357,1223,1197,2420,2185,1972,4157,2253,1978,4231,1677,1495,3172,1259,1183,2442,1159,967,2126,1154,1104,2258,891,1413,2304,329,790,1119,14405,14181,28586
2020-07-14,2309,2115,4424,1250,1217,2467,2220,2001,4221,2315,2017,4332,1715,1529,3244,1290,1200,2490,1181,992,2173,1172,1132,2304,897,1430,2327,336,804,1140,14685,14437,29122
2020-07-15,2337,2154,4491,1282,1240,2522,2259,2060,4319,2377,2069,4446,1754,1571,3325,1316,1231,2547,1203,1015,2218,1184,1151,2335,911,1445,2356,343,809,1152,14966,14745,29711
2020-07-16,2382,2180,4562,1301,1273,2574,2305,2118,4423,2431,2108,4539,1790,1614,3404,1343,1263,2606,1221,1031,2252,1200,1170,2370,929,1475,2404,345,826,1171,15247,15058,30305
2020-07-17,2422,2218,4640,1326,1296,2622,2336,2160,4496,2471,2158,4629,1828,1665,3493,1373,1300,2673,1245,1058,2303,1218,1187,2405,945,1495,2440,349,836,1185,15513,15373,30886
2020-07-18,2448,2243,4691,1345,1310,2655,2375,2195,4570,2506,2199,4705,1856,1698,3554,1399,1323,2722,1272,1078,2350,1228,1198,2426,960,1516,2476,351,842,1193,15740,15602,31342
2020-07-19,2477,2275,4752,1357,1330,2687,2401,2221,4622,2532,2230,4762,1880,1722,3602,1423,1346,2769,1285,1090,2375,1242,1206,2448,971,1533,2504,353,848,1201,15921,15801,31722
2020-07-20,2525,2318,4843,1394,1359,2753,2455,2271,4726,2585,2294,4879,1923,1785,3708,1457,1388,2845,1314,1127,2441,1262,1230,2492,992,1553,2545,356,859,1215,16263,16184,32447
2020-07-21,2566,2351,4917,1419,1382,2801,2506,2314,4820,2646,2343,4989,1966,1825,3791,1491,1423,2914,1341,1156,2497,1283,1255,2538,1005,1579,2584,361,869,1230,16584,16497,33081
2020-07-22,2623,2386,5009,1442,1407,2849,2576,2367,4943,2705,2399,5104,2018,1868,3886,1522,1455,2977,1357,1179,2536,1308,1275,2583,1018,1611,2629,362,879,1241,16931,16826,33757
2020-07-23,2671,2426,5097,1466,1434,2900,2632,2420,5052,2760,2459,5219,2054,1903,3957,1553,1482,3035,1375,1204,2579,1325,1296,2621,1026,1632,2658,368,888,1256,17230,17144,34374
2020-07-24,2704,2464,5168,1489,1456,2945,2692,2471,5163,2814,2526,5340,2098,1941,4039,1583,1507,3090,1405,1218,2623,1337,1319,2656,1038,1657,2695,370,902,1272,17530,17461,34991
2020-07-25,2738,2496,5234,1516,1470,2986,2730,2514,5244,2859,2570,5429,2128,1972,4100,1596,1520,3116,1420,1236,2656,1350,1332,2682,1049,1674,2723,375,906,1281,17761,17690,35451
2020-07-26,2768,2525,5293,1531,1484,3015,2753,2534,5287,2884,2598,5482,2160,1986,4146,1614,1538,3152,1432,1247,2679,1364,1343,2707,1056,1690,2746,380,912,1292,17942,17857,35799
2020-07-27,2798,2564,5362,1559,1509,3068,2804,2578,5382,2939,2643,5582,2206,2034,4240,1644,1579,3223,1458,1272,2730,1382,1364,2746,1073,1710,2783,385,931,1316,18248,18184,36432
2020-07-28,2838,2600,5438,1583,1532,3115,2871,2651,5522,2996,2688,5684,2249,2079,4328,1684,1621,3305,1491,1301,2792,1396,1393,2789,1083,1736,2819,390,951,1341,18581,18552,37133
2020-07-29,2878,2639,5517,1609,1563,3172,2934,2704,5638,3054,2742,5796,2306,2128,4434,1717,1666,3383,1517,1334,2851,1419,1416,2835,1101,1765,2866,395,975,1370,18930,18932,37862
2020-07-30,2926,2677,5603,1643,1600,3243,3018,2770,5788,3121,2806,5927,2364,2172,4536,1761,1708,3469,1541,1363,2904,1435,1434,2869,1109,1784,2893,396,981,1377,19314,19295,38609
2020-07-31,2965,2722,5687,1662,1628,3290,3072,2840,5912,3197,2873,6070,2415,2211,4626,1800,1746,3546,1564,1396,2960,1456,1460,2916,1120,1812,2932,402,999,1401,19653,19687,39340
2020-08-01,2993,2751,5744,1678,1654,3332,3101,2881,5982,3231,2917,6148,2444,2251,4695,1830,1773,3603,1584,1404,2988,1476,1476,2952,1132,1834,2966,403,1010,1413,19872,19951,39823
2020-08-02,3028,2778,5806,1696,1672,3368,3131,2904,6035,3265,2951,6216,2467,2287,4754,1850,1798,3648,1596,1422,3018,1483,1493,2976,1144,1849,2993,405,1017,1422,20065,20171,40236
2020-08-03,3075,2829,5904,1725,1703,3428,3185,2957,6142,3323,2999,6322,2505,2338,4843,1880,1831,3711,1627,1446,3073,1494,1514,3008,1158,1882,3040,409,1031,1440,20381,20530,40911
2020-08-04,3123,2864,5987,1758,1739,3497,3253,3003,6256,3391,3054,6445,2562,2380,4942,1920,1866,3786,1653,1468,3121,1511,1537,3048,1175,1913,3088,414,1046,1460,20760,20870,41630
2020-08-05,3167,2908,6075,1793,1764,3557,3311,3047,6358,3440,3113,6553,2599,2421,5020,1959,1910,3869,1682,1497,3179,1534,1558,3092,1191,1933,3124,417,1054,1471,21093,21205,42298
2020-08-06,3211,2941,6152,1818,1802,3620,3369,3107,6476,3498,3177,6675,2653,2477,5130,1993,1954,3947,1709,1519,3228,1553,1579,3132,1207,1957,3164,422,1067,1489,21433,21580,43013
2020-08-07,3264,2984,6248,1847,1829,3676,3428,3167,6595,3561,3230,6791,2696,2538,5234,2033,1981,4014,1728,1545,3273,1573,1609,3182,1220,1994,3214,427,1090,1517,21777,21967,43744
2020-08-08,3301,3015,6316,1867,1849,3716,3465,3204,6669,3623,3286,6909,2732,2578,5310,2064,2013,4077,1748,1565,3313,1586,1633,3219,1231,2015,3246,428,1110,1538,22045,22268,44313
2020-08-09,3331,3046,6377,1883,1862,3745,3496,3239,6735,3663,3321,6984,2761,2618,5379,2093,2046,4139,1767,1584,3351,1601,1655,3256,1247,2061,3308,432,1127,1559,22274,22559,44833
2020-08-10,3384,3086,6470,1915,1890,3805,3564,3298,6862,3732,3372,7104,2815,2672,5487,2130,2083,4213,1787,1603,3390,1617,1681,3298,1260,2081,3341,436,1138,1574,22640,22904,45544
2020-08-11,3427,3125,6552,1953,1915,3868,3630,3361,6991,3813,3439,7252,2876,2732,5608,2173,2125,4298,1817,1630,3447,1641,1712,3353,1275,2108,3383,443,1150,1593,23048,23297,46345
2020-08-12,3466,3170,6636,1991,1946,3937,3685,3437,7122,3865,3529,7394,2932,2790,5722,2210,2167,4377,1845,1656,3501,1657,1739,3396,1286,2128,3414,448,1166,1614,23385,23728,47113
2020-08-13,3494,3211,6705,2032,1973,4005,3762,3513,7275,3952,3620,7572,2986,2846,5832,2261,2212,4473,1866,1690,3556,1685,1757,3442,1297,2154,3451,452,1181,1633,23787,24157,47944
2020-08-14,3522,3242,6764,2053,2000,4053,3847,3595,7442,4018,3693,7711,3053,2895,5948,2305,2257,4562,1898,1720,3618,1708,1788,3496,1310,2175,3485,455,1193,1648,24169,24558,48727
2020-08-15,3567,3267,6834,2088,2028,4116,3894,3649,7543,4072,3755,7827,3082,2948,6030,2335,2286,4621,1922,1742,3664,1723,1820,3543,1319,2220,3539,459,1210,1669,24461,24925,49386
2020-08-16,3601,3288,6889,2103,2039,4142,3941,3689,7630,4110,3796,7906,3103,2981,6084,2356,2308,4664,1934,1765,3699,1739,1836,3575,1328,2252,3580,463,1232,1695,24678,25186,49864
2020-08-17,3630,3306,6936,2127,2060,4187,3992,3739,7731,4165,3852,8017,3145,3027,6172,2390,2355,4745,1950,1801,3751,1755,1851,3606,1337,2272,3609,463,1245,1708,24954,25508,50462
2020-08-18,3678,3349,7027,2160,2076,4236,4050,3796,7846,4247,3926,8173,3194,3071,6265,2421,2417,4838,1971,1835,3806,1778,1879,3657,1346,2290,3636,463,1262,1725,25308,25901,51209
2020-08-19,3728,3387,7115,2185,2105,4290,4103,3867,7970,4315,3991,8306,3238,3122,6360,2460,2452,4912,1990,1865,3855,1796,1909,3705,1359,2328,3687,467,1278,1745,25641,26304,51945
2020-08-20,3756,3418,7174,2210,2129,4339,4166,3933,8099,4366,4056,8422,3271,3169,6440,2495,2486,4981,2017,1896,3913,1810,1930,3740,1375,2350,3725,470,1291,1761,25936,26658,52594
2020-08-21,3784,3464,7248,2245,2155,4400,4217,3994,8211,4431,4130,8561,3326,3220,6546,2538,2536,5074,2051,1930,3981,1834,1968,3802,1390,2385,3775,475,1300,1775,26291,27082,53373
2020-08-22,3801,3483,7284,2274,2175,4449,4259,4032,8291,4471,4190,8661,3365,3253,6618,2562,2559,5121,2079,1954,4033,1849,1991,3840,1400,2399,3799,478,1315,1793,26538,27351,53889
2020-08-23,3828,3516,7344,2290,2191,4481,4287,4060,8347,4506,4230,8736,3393,3278,6671,2586,2589,5175,2097,1973,4070,1859,2013,3872,1412,2406,3818,483,1319,1802,26741,27575,54316
2020-08-24,3879,3564,7443,2315,2219,4534,4341,4130,8471,4570,4292,8862,3445,3340,6785,2637,2626,5263,2124,2007,4131,1879,2039,3918,1428,2428,3856,488,1337,1825,27106,27982,55088
2020-08-25,3909,3603,7512,2349,2243,4592,4400,4208,8608,4642,4375,9017,3491,3387,6878,2672,2672,5344,2146,2038,4184,1894,2058,3952,1444,2459,3903,494,1352,1846,27441,28395,55836
2020-08-26,3957,3628,7585,2378,2277,4655,4474,4277,8751,4710,4437,9147,3538,3446,6984,2711,2714,5425,2176,2064,4240,1916,2086,4002,1461,2488,3949,497,1367,1864,27818,28784,56602
2020-08-27,4004,3662,7666,2418,2314,4732,4553,4345,8898,4785,4506,9291,3598,3509,7107,2758,2754,5512,2197,2096,4293,1942,2112,4054,1478,2520,3998,502,1388,1890,28235,29206,57441
2020-08-28,4045,3700,7745,2464,2343,4807,4640,4430,9070,4855,4582,9437,3659,3573,7232,2806,2816,5622,2224,2134,4358,1972,2139,4111,1490,2541,4031,506,1397,1903,28661,29655,58316
2020-08-29,4076,3719,7795,2480,2361,4841,4702,4483,9185,4904,4656,9560,3708,3618,7326,2838,2849,5687,2254,2156,4410,1990,2158,4148,1500,2565,4065,509,1413,1922,28961,29978,58939
2020-08-30,4100,3752,7852,2506,2380,4886,4749,4522,9271,4954,4692,9646,3749,3659,7408,2867,2878,5745,2271,2179,4450,2003,2176,4179,1507,2578,4085,512,1418,1930,29218,30234,59452
2020-08-31,4141,3782,7923,2540,2409,4949,4819,4585,9404,5013,4760,9773,3805,3719,7524,2898,2916,5814,2301,2218,4519,2031,2206,4237,1527,2618,4145,514,1432,1946,29589,30645,60234
2020-09-01,4182,3824,8006,2568,2454,5022,4888,4657,9545,5105,4841,9946,3872,3763,7635,2933,2976,5909,2324,2245,4569,2048,2234,4282,1541,2661,4202,521,1447,1968,29982,31102,61084
2020-09-02,4219,3850,8069,2593,2477,5070,4938,4725,9663,5163,4921,10084,3923,3806,7729,2971,3017,5988,2343,2269,4612,2075,2259,4334,1558,2690,4248,525,1476,2001,30308,31490,61798
2020-09-03,4257,3881,8138,2630,2507,5137,5014,4805,9819,5259,5004,10263,3982,3863,7845,3014,3053,6067,2369,2302,4671,2095,2284,4379,1571,2718,4289,529,1485,2014,30720,31902,62622
2020-09-04,4296,3924,8220,2661,2541,5202,5078,4872,9950,5333,5083,10416,4042,3938,7980,3048,3097,6145,2403,2344,4747,2121,2310,4431,1585,2744,4329,533,1501,2034,31100,32354,63454
2020-09-05,4326,3949,8275,2680,2555,5235,5131,4922,10053,5391,5157,10548,4084,3997,8081,3074,3134,6208,2433,2373,4806,2139,2328,4467,1601,2764,4365,535,1508,2043,31394,32687,64081
2020-09-06,4353,3976,8329,2696,2572,5268,5155,4963,10118,5429,5195,10624,4115,4030,8145,3092,3164,6256,2449,2398,4847,2149,2350,4499,1614,2781,4395,536,1517,2053,31588,32946,64534
2020-09-07,4384,4010,8394,2724,2605,5329,5229,5044,10273,5508,5270,10778,4169,4096,8265,3132,3225,6357,2490,2432,4922,2165,2375,4540,1628,2813,4441,543,1532,2075,31972,33402,65374
2020-09-08,4419,4043,8462,2756,2635,5391,5296,5114,10410,5592,5350,10942,4225,4152,8377,3182,3281,6463,2522,2476,4998,2195,2404,4599,1646,2838,4484,549,1554,2103,32382,33847,66229
2020-09-09,4460,4075,8535,2782,2672,5454,5367,5178,10545,5661,5420,11081,4284,4207,8491,3230,3330,6560,2554,2520,5074,2218,2434,4652,1661,2875,4536,550,1573,2123,32767,34284,67051
2020-09-10,4495,4096,8591,2819,2700,5519,5450,5254,10704,5748,5512,11260,4357,4267,8624,3271,3380,6651,2582,2549,5131,2242,2460,4702,1673,2910,4583,552,1589,2141,33189,34717,67906
2020-09-11,4531,4131,8662,2865,2728,5593,5515,5314,10829,5816,5597,11413,4412,4333,8745,3317,3444,6761,2620,2582,5202,2268,2489,4757,1691,2938,4629,555,1599,2154,33590,35155,68745
2020-09-12,4556,4154,8710,2886,2752,5638,5554,5354,10908,5856,5654,11510,4442,4373,8815,3348,3483,6831,2649,2610,5259,2290,2513,4803,1703,2970,4673,557,1612,2169,33841,35475,69316
2020-09-13,4587,4179,8766,2900,2765,5665,5594,5402,10996,5898,5710,11608,4466,4403,8869,3377,3511,6888,2679,2637,5316,2304,2524,4828,1706,2984,4690,562,1621,2183,34073,35736,69809
2020-09-14,4624,4218,8842,2931,2797,5728,5660,5490,11150,5971,5782,11753,4515,4464,8979,3433,3567,7000,2721,2681,5402,2332,2554,4886,1724,3003,4727,564,1631,2195,34475,36187,70662
2020-09-15,4667,4247,8914,2955,2814,5769,5725,5537,11262,6037,5874,11911,4563,4515,9078,3467,3613,7080,2759,2722,5481,2355,2590,4945,1739,3038,4777,565,1644,2209,34832,36594,71426
2020-09-16,4719,4288,9007,3001,2859,5860,5804,5627,11431,6101,5959,12060,4624,4576,9200,3508,3661,7169,2793,2760,5553,2378,2611,4989,1755,3069,4824,568,1655,2223,35251,37065,72316
2020-09-17,4757,4321,9078,3031,2903,5934,5866,5693,11559,6164,6029,12193,4683,4650,9333,3561,3721,7282,2833,2801,5634,2406,2639,5045,1771,3088,4859,571,1659,2230,35643,37504,73147
2020-09-18,4800,4367,9167,3056,2944,6000,5930,5770,11700,6252,6126,12378,4731,4709,9440,3600,3768,7368,2863,2848,5711,2439,2667,5106,1784,3112,4896,574,1671,2245,36029,37982,74011
2020-09-19,4816,4403,9219,3073,2973,6046,5963,5804,11767,6290,6176,12466,4760,4738,9498,3623,3789,7412,2896,2875,5771,2458,2689,5147,1799,3132,4931,577,1678,2255,36255,38257,74512
2020-09-20,4843,4434,9277,3101,3002,6103,5996,5840,11836,6331,6209,12540,4789,4770,9559,3643,3817,7460,2909,2896,5805,2480,2706,5186,1803,3150,4953,580,1686,2266,36475,38510,74985
2020-09-21,4879,4473,9352,3131,3040,6171,6060,5894,11954,6394,6289,12683,4837,4827,9664,3684,3853,7537,2945,2933,5878,2507,2734,5241,1814,3166,4980,581,1696,2277,36832,38905,75737
2020-09-22,4927,4516,9443,3171,3085,6256,6124,5975,12099,6462,6359,12821,4896,4868,9764,3734,3902,7636,2983,2961,5944,2534,2767,5301,1827,3200,5027,584,1709,2293,37242,39342,76584
2020-09-23,4975,4552,9527,3196,3114,6310,6172,6052,12224,6524,6434,12958,4942,4923,9865,3773,3945,7718,3018,2998,6016,2554,2804,5358,1838,3225,5063,586,1721,2307,37578,39768,77346
2020-09-24,5024,4596,9620,3234,3152,6386,6248,6116,12364,6606,6513,13119,5000,4979,9979,3809,3985,7794,3035,3053,6088,2572,2832,5404,1861,3250,5111,593,1744,2337,37982,40220,78202
2020-09-25,5066,4625,9691,3266,3180,6446,6310,6183,12493,6669,6575,13244,5059,5032,10091,3846,4029,7875,3071,3096,6167,2593,2859,5452,1880,3275,5155,593,1755,2348,38353,40609,78962
2020-09-26,5091,4647,9738,3293,3203,6496,6351,6222,12573,6717,6615,13332,5097,5071,10168,3872,4071,7943,3097,3118,6215,2612,2875,5487,1890,3294,5184,599,1764,2363,38619,40880,79499
2020-09-27,5118,4678,9796,3310,3229,6539,6395,6271,12666,6750,6656,13406,5137,5103,10240,3901,4102,8003,3120,3138,6258,2618,2893,5511,1899,3308,5207,601,1770,2371,38849,41148,79997
2020-09-28,5158,4707,9865,3341,3260,6601,6452,6327,12779,6821,6725,13546,5206,5149,10355,3958,4161,8119,3169,3166,6335,2640,2923,5563,1916,3335,5251,605,1790,2395,39266,41543,80809
2020-09-29,5208,4749,9957,3379,3306,6685,6532,6386,12918,6911,6810,13721,5270,5203,10473,3999,4205,8204,3212,3215,6427,2672,2973,5645,1939,3373,5312,607,1814,2421,39729,42034,81763
2020-09-30,5254,4789,10043,3413,3345,6758,6603,6465,13068,6982,6877,13859,5324,5255,10579,4044,4257,8301,3250,3265,6515,2703,3003,5706,1949,3397,5346,612,1823,2435,40134,42476,82610
2020-10-01,5299,4843,10142,3444,3403,6847,6680,6555,13235,7066,6960,14026,5370,5322,10692,4090,4299,8389,3292,3308,6600,2732,3053,5785,1963,3416,5379,616,1833,2449,40552,42992,83544
2020-10-02,5360,4899,10259,3479,3442,6921,6744,6639,13383,7130,7045,14175,5418,5388,10806,4141,4341,8482,3337,3348,6685,2762,3094,5856,1977,3451,5428,620,1850,2470,40968,43497,84465
2020-10-03,5386,4927,10313,3504,3475,6979,6795,6688,13483,7178,7095,14273,5457,5425,10882,4176,4369,8545,3356,3376,6732,2783,3113,5896,1984,3470,5454,623,1857,2480,41242,43795,85037
2020-10-04,5418,4959,10377,3528,3499,7027,6838,6732,13570,7211,7132,14343,5495,5460,10955,4204,4395,8599,3376,3397,6773,2797,3129,5926,1993,3495,5488,626,1860,2486,41486,44058,85544
2020-10-05,5443,5000,10443,3559,3529,7088,6897,6793,13690,7300,7209,14509,5576,5515,11091,4254,4447,8701,3435,3435,6870,2829,3176,6005,2014,3523,5537,629,1867,2496,41936,44494,86430
2020-10-06,5478,5053,10531,3600,3567,7167,6963,6852,13815,7380,7279,14659,5657,5566,11223,4307,4493,8800,3471,3477,6948,2860,3213,6073,2032,3551,5583,635,1878,2513,42383,44929,87312
2020-10-07,5527,5088,10615,3626,3599,7225,7037,6928,13965,7464,7370,14834,5716,5631,11347,4347,4557,8904,3513,3524,7037,2891,3247,6138,2050,3581,5631,643,1884,2527,42814,45409,88223
2020-10-08,5574,5125,10699,3665,3629,7294,7108,7005,14113,7535,7452,14987,5776,5693,11469,4391,4612,9003,3550,3561,7111,2919,3285,6204,2065,3609,5674,648,1908,2556,43231,45879,89110
2020-10-09,5611,5174,10785,3718,3675,7393,7166,7096,14262,7624,7559,15183,5833,5765,11598,4440,4676,9116,3588,3607,7195,2946,3326,6272,2077,3636,5713,652,1922,2574,43655,46436,90091
2020-10-10,5636,5208,10844,3752,3702,7454,7227,7156,14383,7686,7624,15310,5878,5820,11698,4475,4727,9202,3625,3639,7264,2961,3356,6317,2095,3658,5753,661,1935,2596,43996,46825,90821
2020-10-11,5668,5237,10905,3773,3723,7496,7272,7218,14490,7743,7690,15433,5929,5865,11794,4511,4756,9267,3662,3676,7338,2979,3387,6366,2110,3682,5792,663,1944,2607,44310,47178,91488
2020-10-12,5699,5273,10972,3817,3761,7578,7350,7303,14653,7820,7775,15595,5990,5940,11930,4563,4832,9395,3717,3719,7436,3018,3433,6451,2134,3729,5863,665,1964,2629,44773,47729,92502
2020-10-13,5763,5326,11089,3876,3807,7683,7470,7419,14889,7932,7910,15842,6066,6032,12098,4645,4928,9573,3778,3775,7553,3058,3490,6548,2162,3780,5942,673,1988,2661,45423,48455,93878
2020-10-14,5814,5376,11190,3916,3864,7780,7570,7543,15113,8040,8037,16077,6138,6123,12261,4710,5003,9713,3832,3827,7659,3110,3547,6657,2184,3814,5998,673,2007,2680,45987,49141,95128
2020-10-15,5863,5423,11286,3970,3920,7890,7687,7664,15351,8173,8174,16347,6244,6241,12485,4790,5093,9883,3898,3900,7798,3146,3603,6749,2203,3854,6057,681,2022,2703,46655,49894,96549
2020-10-16,5930,5469,11399,4021,3989,8010,7830,7824,15654,8316,8292,16608,6358,6357,12715,4875,5190,10065,3958,3967,7925,3189,3662,6851,2230,3904,6134,684,2057,2741,47391,50711,98102
2020-10-17,5960,5502,11462,4054,4031,8085,7927,7911,15838,8407,8400,16807,6435,6442,12877,4918,5245,10163,4000,4022,8022,3230,3703,6933,2244,3938,6182,688,2072,2760,47863,51266,99129
2020-10-18,5986,5533,11519,4080,4060,8140,7966,7966,15932,8470,8479,16949,6469,6496,12965,4960,5284,10244,4029,4049,8078,3253,3742,6995,2256,3977,6233,689,2084,2773,48158,51670,99828
2020-10-19,6063,5590,11653,4131,4126,8257,8093,8121,16214,8612,8641,17253,6603,6641,13244,5053,5376,10429,4112,4129,8241,3305,3807,7112,2282,4024,6306,692,2099,2791,48946,52554,101500
2020-10-20,6122,5657,11779,4195,4190,8385,8242,8260,16502,8743,8784,17527,6713,6779,13492,5140,5470,10610,4183,4196,8379,3345,3859,7204,2316,4072,6388,693,2122,2815,49692,53389,103081
2020-10-21,6168,5691,11859,4273,4244,8517,8345,8404,16749,8849,8893,17742,6805,6873,13678,5215,5533,10748,4245,4251,8496,3380,3907,7287,2337,4120,6457,696,2142,2838,50313,54058,104371
2020-10-22,6213,5730,11943,4340,4320,8660,8438,8516,16954,8938,8999,17937,6894,6976,13870,5281,5614,10895,4290,4308,8598,3411,3948,7359,2362,4160,6522,702,2164,2866,50869,54735,105604
2020-10-23,6251,5763,12014,4390,4361,8751,8517,8609,17126,9017,9099,18116,6957,7066,14023,5341,5670,11011,4336,4369,8705,3453,3989,7442,2387,4179,6566,707,2189,2896,51356,55294,106650
2020-10-24,6271,5789,12060,4413,4398,8811,8581,8659,17240,9067,9159,18226,7004,7116,14120,5378,5709,11087,4360,4403,8763,3481,4018,7499,2395,4202,6597,712,2202,2914,51662,55655,107317
2020-10-25,6311,5820,12131,4435,4426,8861,8645,8727,17372,9128,9251,18379,7054,7168,14222,5427,5766,11193,4394,4436,8830,3507,4052,7559,2403,4221,6624,716,2205,2921,52020,56072,108092
2020-10-26,6359,5862,12221,4501,4477,8978,8737,8836,17573,9236,9377,18613,7127,7274,14401,5498,5853,11351,4441,4493,8934,3547,4106,7653,2420,4268,6688,721,2225,2946,52587,56771,109358
2020-10-27,6400,5911,12311,4547,4521,9068,8853,8960,17813,9338,9478,18816,7230,7362,14592,5570,5951,11521,4508,4577,9085,3591,4162,7753,2437,4296,6733,724,2235,2959,53198,57453,110651
2020-10-28,6447,5958,12405,4591,4564,9155,8939,9082,18021,9446,9589,19035,7292,7443,14735,5640,6031,11671,4565,4631,9196,3625,4198,7823,2449,4330,6779,728,2249,2977,53722,58075,111797
2020-10-29,6484,5993,12477,4631,4612,9243,9061,9188,18249,9570,9711,19281,7370,7535,14905,5694,6098,11792,4619,4691,9310,3654,4231,7885,2467,4359,6826,730,2257,2987,54280,58675,112955
2020-10-30,6527,6021,12548,4666,4663,9329,9146,9314,18460,9672,9822,19494,7448,7613,15061,5744,6162,11906,4667,4748,9415,3678,4266,7944,2486,4389,6875,735,2274,3009,54769,59272,114041
2020-10-31,6558,6044,12602,4688,4691,9379,9201,9375,18576,9730,9901,19631,7490,7670,15160,5782,6200,11982,4700,4788,9488,3700,4291,7991,2495,4404,6899,738,2278,3016,55082,59642,114724
2020-11-01,6603,6080,12683,4718,4741,9459,9265,9452,18717,9797,9987,19784,7559,7728,15287,5824,6258,12082,4736,4840,9576,3728,4319,8047,2505,4425,6930,741,2284,3025,55476,60114,115590
2020-11-02,6646,6127,12773,4763,4795,9558,9363,9570,18933,9909,10089,19998,7635,7820,15455,5895,6328,12223,4801,4903,9704,3764,4356,8120,2523,4453,6976,744,2297,3041,56043,60738,116781
2020-11-03,6683,6159,12842,4794,4828,9622,9444,9665,19109,9994,10171,20165,7699,7866,15565,5950,6384,12334,4845,4947,9792,3802,4389,8191,2543,4489,7032,746,2309,3055,56500,61207,117707
2020-11-04,6724,6203,12927,4836,4880,9716,9569,9791,19360,10096,10288,20384,7806,7976,15782,6021,6466,12487,4915,5008,9923,3846,4431,8277,2565,4532,7097,757,2322,3079,57135,61897,119032
2020-11-05,6774,6247,13021,4908,4947,9855,9710,9918,19628,10232,10417,20649,7917,8080,15997,6109,6567,12676,4964,5074,10038,3885,4472,8357,2585,4562,7147,760,2336,3096,57844,62620,120464
2020-11-06,6808,6288,13096,4938,4993,9931,9785,10000,19785,10297,10502,20799,7964,8138,16102,6164,6625,12789,5003,5124,10127,3916,4516,8432,2599,4592,7191,764,2345,3109,58238,63123,121361
2020-11-07,6841,6324,13165,4971,5034,10005,9841,10077,19918,10351,10588,20939,8019,8198,16217,6209,6687,12896,5047,5170,10217,3946,4548,8494,2622,4612,7234,771,2350,3121,58618,63588,122206
2020-11-08,6886,6374,13260,5009,5074,10083,9912,10142,20054,10420,10678,21098,8076,8267,16343,6248,6737,12985,5093,5217,10310,3977,4581,8558,2632,4631,7263,775,2354,3129,59028,64055,123083
2020-11-09,6947,6430,13377,5080,5119,10199,10003,10262,20265,10531,10819,21350,8161,8365,16526,6332,6815,13147,5154,5283,10437,4002,4623,8625,2659,4671,7330,778,2364,3142,59647,64751,124398
2020-11-10,6989,6465,13454,5124,5161,10285,10091,10345,20436,10634,10924,21558,8229,8431,16660,6388,6875,13263,5218,5330,10548,4038,4658,8696,2683,4700,7383,782,2375,3157,60176,65264,125440
2020-11-11,7038,6505,13543,5165,5208,10373,10190,10452,20642,10733,11023,21756,8316,8512,16828,6452,6954,13406,5263,5372,10635,4076,4693,8769,2703,4738,7441,786,2393,3179,60722,65850,126572
2020-11-12,7092,6544,13636,5212,5252,10464,10276,10575,20851,10853,11142,21995,8412,8608,17020,6526,7012,13538,5311,5447,10758,4119,4739,8858,2724,4776,7500,789,2405,3194,61314,66500,127814
2020-11-13,7141,6577,13718,5264,5297,10561,10371,10694,21065,10942,11250,22192,8493,8688,17181,6591,7076,13667,5377,5513,10890,4157,4782,8939,2745,4809,7554,793,2420,3213,61874,67106,128980
2020-11-14,7199,6619,13818,5296,5327,10623,10432,10769,21201,11020,11338,22358,8539,8754,17293,6635,7125,13760,5428,5542,10970,4183,4820,9003,2754,4831,7585,797,2424,3221,62283,67549,129832
2020-11-15,7242,6666,13908,5340,5355,10695,10502,10862,21364,11105,11410,22515,8608,8823,17431,6684,7185,13869,5473,5593,11066,4211,4853,9064,2762,4856,7618,797,2438,3235,62724,68041,130765
2020-11-16,7289,6721,14010,5392,5394,10786,10580,10958,21538,11191,11505,22696,8695,8899,17594,6725,7251,13976,5521,5650,11171,4249,4894,9143,2779,4886,7665,802,2459,3261,63223,68617,131840
2020-11-17,7340,6776,14116,5450,5447,10897,10692,11071,21763,11318,11631,22949,8789,8997,17786,6788,7319,14107,5589,5727,11316,4295,4948,9243,2788,4923,7711,803,2468,3271,63852,69307,133159
2020-11-18,7389,6826,14215,5516,5498,11014,10806,11190,21996,11460,11757,23217,8875,9078,17953,6851,7384,14235,5640,5777,11417,4343,4995,9338,2804,4967,7771,805,2478,3283,64489,69950,134439
2020-11-19,7439,6864,14303,5583,5561,11144,10917,11322,22239,11567,11900,23467,8950,9166,18116,6920,7463,14383,5703,5841,11544,4383,5035,9418,2825,5003,7828,808,2488,3296,65095,70643,135738
2020-11-20,7490,6908,14398,5628,5606,11234,11014,11432,22446,11672,12008,23680,9016,9249,18265,6985,7528,14513,5759,5893,11652,4411,5068,9479,2844,5031,7875,812,2500,3312,65631,71223,136854
2020-11-21,7528,6942,14470,5660,5646,11306,11074,11504,22578,11746,12078,23824,9072,9312,18384,7026,7576,14602,5796,5932,11728,4434,5088,9522,2855,5044,7899,815,2512,3327,66006,71634,137640
2020-11-22,7561,6972,14533,5692,5677,11369,11132,11565,22697,11797,12149,23946,9129,9366,18495,7056,7607,14663,5828,5978,11806,4458,5105,9563,2865,5066,7931,816,2520,3336,66334,72005,138339
2020-11-23,7612,7018,14630,5732,5716,11448,11206,11644,22850,11884,12232,24116,9198,9429,18627,7102,7654,14756,5871,6025,11896,4481,5139,9620,2883,5095,7978,822,2532,3354,66791,72484,139275
2020-11-24,7658,7072,14730,5788,5769,11557,11299,11744,23043,12007,12334,24341,9290,9509,18799,7168,7723,14891,5931,6081,12012,4514,5186,9700,2908,5129,8037,824,2538,3362,67387,73085,140472
2020-11-25,7719,7124,14843,5850,5820,11670,11411,11850,23261,12125,12453,24578,9370,9585,18955,7227,7778,15005,5990,6136,12126,4538,5228,9766,2928,5159,8087,829,2547,3376,67987,73680,141667
2020-11-26,7765,7176,14941,5913,5882,11795,11521,11967,23488,12236,12583,24819,9438,9685,19123,7297,7848,15145,6056,6194,12250,4574,5274,9848,2944,5191,8135,838,2559,3397,68582,74359,142941
2020-11-27,7791,7216,15007,5952,5915,11867,11615,12076,23691,12315,12684,24999,9500,9728,19228,7354,7907,15261,6098,6239,12337,4605,5309,9914,2958,5226,8184,843,2564,3407,69031,74864,143895
2020-11-28,7843,7244,15087,5989,5951,11940,11696,12149,23845,12371,12763,25134,9553,9791,19344,7414,7959,15373,6126,6274,12400,4631,5345,9976,2969,5256,8225,845,2567,3412,69437,75299,144736
2020-11-29,7882,7284,15166,6017,5998,12015,11784,12233,24017,12446,12858,25304,9627,9850,19477,7460,8010,15470,6173,6320,12493,4656,5373,10029,2985,5271,8256,846,2573,3419,69876,75770,145646
2020-11-30,7942,7336,15278,6080,6044,12124,11921,12387,24308,12569,12984,25553,9731,9949,19680,7521,8086,15607,6236,6399,12635,4700,5425,10125,3004,5304,8308,853,2581,3434,70557,76495,147052
2020-12-01,7987,7385,15372,6123,6103,12226,12046,12506,24552,12669,13109,25778,9818,10046,19864,7561,8151,15712,6295,6476,12771,4742,5471,10213,3023,5334,8357,855,2584,3439,71119,77165,148284
2020-12-02,8015,7406,15421,6157,6142,12299,12122,12589,24711,12732,13199,25931,9881,10124,20005,7605,8199,15804,6330,6511,12841,4773,5504,10277,3037,5352,8389,860,2594,3454,71512,77620,149132
2020-12-03,8055,7454,15509,6205,6190,12395,12213,12724,24937,12847,13327,26174,9972,10214,20186,7671,8260,15931,6389,6579,12968,4811,5537,10348,3051,5377,8428,862,2603,3465,72076,78265,150341
2020-12-04,8098,7503,15601,6256,6246,12502,12312,12820,25132,12948,13438,26386,10052,10308,20360,7739,8340,16079,6446,6652,13098,4851,5579,10430,3069,5410,8479,869,2612,3481,72640,78908,151548
2020-12-05,8134,7538,15672,6298,6284,12582,12397,12900,25297,13042,13507,26549,10107,10362,20469,7776,8383,16159,6481,6686,13167,4871,5601,10472,3080,5431,8511,874,2620,3494,73060,79312,152372
2020-12-06,8168,7573,15741,6334,6310,12644,12460,12960,25420,13103,13561,26664,10150,10423,20573,7809,8422,16231,6513,6719,13232,4898,5630,10528,3096,5447,8543,875,2623,3498,73406,79668,153074
2020-12-07,8192,7612,15804,6381,6344,12725,12553,13057,25610,13176,13643,26819,10208,10492,20700,7850,8469,16319,6542,6755,13297,4924,5668,10592,3109,5466,8575,879,2629,3508,73814,80135,153949
2020-12-08,8227,7656,15883,6410,6379,12789,12635,13146,25781,13260,13727,26987,10262,10543,20805,7904,8524,16428,6585,6796,13381,4945,5708,10653,3116,5485,8601,883,2633,3516,74227,80597,154824
2020-12-09,8272,7696,15968,6454,6432,12886,12770,13295,26065,13404,13876,27280,10380,10640,21020,8007,8629,16636,6674,6877,13551,4989,5773,10762,3133,5518,8651,886,2650,3536,74969,81386,156355
2020-12-10,8323,7740,16063,6533,6519,13052,12927,13472,26399,13569,14066,27635,10498,10766,21264,8126,8748,16874,6771,6966,13737,5030,5810,10840,3151,5562,8713,892,2660,3552,75820,82309,158129
2020-12-11,8364,7786,16150,6594,6583,13177,13096,13662,26758,13747,14253,28000,10626,10899,21525,8242,8880,17122,6875,7080,13955,5083,5870,10953,3171,5590,8761,894,2668,3562,76692,83271,159963
2020-12-12,8406,7825,16231,6659,6638,13297,13225,13802,27027,13878,14413,28291,10759,11020,21779,8348,8979,17327,6946,7188,14134,5124,5927,11051,3182,5614,8796,896,2676,3572,77423,84082,161505
2020-12-13,8446,7856,16302,6710,6702,13412,13326,13930,27256,14001,14557,28558,10860,11128,21988,8455,9078,17533,7022,7252,14274,5164,5959,11123,3192,5638,8830,902,2681,3583,78078,84781,162859
2020-12-14,8510,7902,16412,6771,6761,13532,13488,14094,27582,14173,14728,28901,10982,11259,22241,8572,9200,17772,7122,7364,14486,5220,6025,11245,3213,5670,8883,911,2693,3604,78962,85696,164658
2020-12-15,8554,7945,16499,6837,6830,13667,13617,14260,27877,14337,14892,29229,11097,11369,22466,8687,9330,18017,7229,7473,14702,5272,6076,11348,3226,5688,8914,912,2706,3618,79768,86569,166337
2020-12-16,8586,7987,16573,6910,6926,13836,13784,14463,28247,14550,15121,29671,11247,11541,22788,8833,9464,18297,7362,7599,14961,5342,6146,11488,3246,5710,8956,916,2718,3634,80776,87675,168451
2020-12-17,8639,8044,16683,6994,7002,13996,13951,14673,28624,14784,15377,30161,11419,11712,23131,8970,9601,18571,7429,7702,15131,5396,6194,11590,3258,5734,8992,918,2725,3643,81758,88764,170522
2020-12-18,8710,8094,16804,7095,7123,14218,14153,14900,29053,15021,15632,30653,11597,11903,23500,9120,9768,18888,7606,7865,15471,5490,6278,11768,3274,5783,9057,922,2733,3655,82988,90079,173067
2020-12-19,8761,8133,16894,7175,7208,14383,14299,15086,29385,15271,15882,31153,11750,12065,23815,9250,9902,19152,7724,8012,15736,5545,6346,11891,3291,5809,9100,924,2738,3662,83990,91181,175171
2020-12-20,8806,8190,16996,7263,7302,14565,14465,15258,29723,15508,16127,31635,11925,12252,24177,9408,10072,19480,7851,8138,15989,5608,6400,12008,3304,5825,9129,927,2746,3673,85065,92310,177375
2020-12-21,8873,8256,17129,7370,7382,14752,14697,15479,30176,15782,16420,32202,12141,12451,24592,9573,10243,19816,7996,8300,16296,5681,6484,12165,3317,5868,9185,932,2752,3684,86362,93635,179997
2020-12-22,8938,8326,17264,7485,7495,14980,14943,15744,30687,16086,16761,32847,12377,12670,25047,9753,10414,20167,8169,8480,16649,5759,6548,12307,3337,5901,9238,936,2757,3693,87783,95096,182879
2020-12-23,9005,8399,17404,7618,7596,15214,15208,16019,31227,16397,17060,33457,12588,12912,25500,9931,10572,20503,8304,8634,16938,5826,6614,12440,3365,5939,9304,943,2772,3715,89185,96517,185702
2020-12-24,9040,8442,17482,7675,7670,15345,15361,16169,31530,16586,17229,33815,12723,13030,25753,10009,10665,20674,8373,8726,17099,5870,6654,12524,3370,5961,9331,946,2777,3723,89953,97323,187276
2020-12-25,9061,8459,17520,7699,7696,15395,15404,16199,31603,16634,17290,33924,12753,13059,25812,10034,10698,20732,8388,8750,17138,5884,6663,12547,3377,5977,9354,949,2781,3730,90183,97572,187755
2020-12-26,9118,8502,17620,7816,7829,15645,15588,16434,32022,16930,17563,34493,12935,13279,26214,10191,10855,21046,8479,8872,17351,5934,6726,12660,3396,6008,9404,950,2794,3744,91337,98862,190199
2020-12-27,9155,8536,17691,7963,7960,15923,15794,16612,32406,17215,17821,35036,13175,13503,26678,10360,11044,21404,8626,9013,17639,5994,6806,12800,3421,6043,9464,953,2805,3758,92656,100143,192799
2020-12-28,9227,8602,17829,8135,8138,16273,16113,16942,33055,17643,18233,35876,13464,13816,27280,10579,11290,21869,8778,9198,17976,6063,6894,12957,3448,6090,9538,956,2821,3777,94406,102024,196430
2020-12-29,9291,8661,17952,8293,8307,16600,16415,17264,33679,17969,18535,36504,13740,14093,27833,10761,11467,22228,8922,9368,18290,6141,6988,13129,3472,6142,9614,965,2836,3801,95969,103661,199630
2020-12-30,9355,8714,18069,8473,8497,16970,16729,17556,34285,18369,18894,37263,14003,14376,28379,10964,11716,22680,9071,9528,18599,6223,7073,13296,3498,6186,9684,968,2848,3816,97653,105388,203041
2020-12-31,9400,8759,18159,8604,8613,17217,16965,17783,34748,18597,19170,37767,14191,14591,28782,11104,11852,22956,9138,9615,18753,6263,7130,13393,3511,6215,9726,969,2855,3824,98742,106583,205325
2021-01-01,9419,8774,18193,8630,8641,17271,17005,17833,34838,18643,19229,37872,14233,14628,28861,11141,11889,23030,9158,9638,18796,6280,7147,13427,3516,6231,9747,970,2859,3829,98995,106869,205864
2021-01-02,9476,8819,18295,8747,8771,17518,17212,18052,35264,18894,19495,38389,14416,14832,29248,11269,12070,23339,9309,9779,19088,6346,7216,13562,3530,6269,9799,973,2867,3840,100172,108170,208342
2021-01-03,9516,8860,18376,8928,8944,17872,17515,18385,35900,19299,19885,39184,14684,15156,29840,11465,12320,23785,9491,9968,19459,6424,7318,13742,3553,6306,9859,976,2873,3849,101851,110015,211866
2021-01-04,9574,8916,18490,9075,9084,18159,17908,18807,36715,19715,20342,40057,15002,15493,30495,11671,12576,24247,9664,10140,19804,6517,7414,13931,3587,6368,9955,980,2885,3865,103693,112025,215718
2021-01-05,9624,8978,18602,9263,9259,18522,18305,19256,37561,20163,20813,40976,15340,15827,31167,11895,12845,24740,9845,10405,20250,6615,7524,14139,3614,6427,10041,985,2897,3882,105649,114231,219880
2021-01-06,9681,9033,18714,9464,9444,18908,18715,19653,38368,20590,21225,41815,15688,16168,31856,12152,13118,25270,10034,10623,20657,6715,7643,14358,3645,6485,10130,989,2917,3906,107673,116309,223982
2021-01-07,9735,9085,18820,9610,9614,19224,19022,19984,39006,20950,21571,42521,15954,16420,32374,12332,13337,25669,10189,10796,20985,6795,7755,14550,3672,6537,10209,991,2927,3918,109250,118026,227276
2021-01-08,9799,9136,18935,9768,9801,19569,19366,20315,39681,21253,21933,43186,16169,16715,32884,12514,13543,26057,10308,10951,21259,6866,7861,14727,3700,6574,10274,998,2936,3934,110741,119765,230506
2021-01-09,9837,9184,19021,9901,9970,19871,19615,20625,40240,21600,22295,43895,16403,16984,33387,12694,13742,26436,10430,11124,21554,6920,7935,14855,3722,6613,10335,998,2948,3946,112120,121420,233540
2021-01-10,9887,9235,19122,10056,10141,20197,19879,20910,40789,21898,22655,44553,16634,17243,33877,12865,13944,26809,10561,11241,21802,6963,8010,14973,3734,6645,10379,999,2961,3960,113476,122985,236461
2021-01-11,9950,9281,19231,10234,10333,20567,20260,21320,41580,22278,23089,45367,16916,17550,34466,13072,14167,27239,10699,11422,22121,7043,8085,15128,3756,6685,10441,1000,2969,3969,115208,124901,240109
2021-01-12,10023,9328,19351,10393,10498,20891,20572,21692,42264,22573,23426,45999,17146,17820,34966,13243,14390,27633,10839,11560,22399,7097,8158,15255,3786,6716,10502,1003,2979,3982,116675,126567,243242
2021-01-13,10101,9401,19502,10579,10706,21285,20940,22069,43009,22909,23787,46696,17425,18099,35524,13439,14631,28070,10998,11750,22748,7171,8235,15406,3804,6763,10567,1009,2983,3992,118375,128424,246799
2021-01-14,10163,9463,19626,10769,10899,21668,21270,22434,43704,23232,24168,47400,17665,18381,36046,13640,14886,28526,11141,11920,23061,7234,8312,15546,3825,6800,10625,1012,2989,4001,119951,130252,250203
2021-01-15,10234,9521,19755,11061,11200,22261,21671,22881,44552,23712,24673,48385,18035,18774,36809,13943,15205,29148,11313,12123,23436,7306,8411,15717,3850,6843,10693,1015,2998,4013,122140,132629,254769
2021-01-16,10277,9551,19828,11393,11521,22914,22018,23279,45297,24146,25151,49297,18435,19203,37638,14241,15483,29724,11512,12339,23851,7415,8517,15932,3873,6884,10757,1017,3007,4024,124327,134935,259262
2021-01-17,10321,9576,19897,11662,11821,23483,22356,23699,46055,24537,25567,50104,18828,19646,38474,14506,15764,30270,11651,12502,24153,7483,8597,16080,3891,6910,10801,1019,3009,4028,126254,137091,263345
2021-01-18,10387,9639,20026,12014,12176,24190,22804,24177,46981,25032,26080,51112,19286,20116,39402,14851,16131,30982,11886,12762,24648,7589,8719,16308,3923,6959,10882,1021,3018,4039,128793,139777,268570
2021-01-19,10452,9693,20145,12344,12482,24826,23237,24614,47851,25525,26573,52098,19712,20573,40285,15144,16483,31627,12107,13019,25126,7694,8849,16543,3944,7008,10952,1028,3034,4062,131187,142328,273515
2021-01-20,10520,9753,20273,12673,12789,25462,23632,25056,48688,25968,27000,52968,20123,20994,41117,15465,16829,32294,12350,13277,25627,7812,8981,16793,3971,7054,11025,1036,3047,4083,133550,144780,278330
2021-01-21,10604,9812,20416,12887,13048,25935,23981,25412,49393,26293,27371,53664,20413,21347,41760,15688,17134,32822,12529,13461,25990,7893,9072,16965,4008,7098,11106,1043,3060,4103,135339,146815,282154
2021-01-22,10660,9872,20532,13144,13277,26421,24265,25759,50024,26576,27697,54273,20707,21677,42384,15902,17374,33276,12688,13648,26336,7972,9167,17139,4028,7141,11169,1046,3063,4109,136988,148675,285663
2021-01-23,10698,9904,20602,13409,13504,26913,24570,26099,50669,26883,28035,54918,20968,21921,42889,16121,17610,33731,12799,13786,26585,8020,9226,17246,4044,7171,11215,1049,3070,4119,138561,150326,288887
2021-01-24,10733,9941,20674,13696,13786,27482,24909,26450,51359,27216,28372,55588,21298,22272,43570,16370,17864,34234,12945,13945,26890,8076,9305,17381,4064,7202,11266,1051,3076,4127,140358,152213,292571
2021-01-25,10793,10022,20815,14071,14120,28191,25343,26918,52261,27619,28829,56448,21683,22695,44378,16640,18174,34814,13156,14158,27314,8172,9420,17592,4094,7261,11355,1057,3088,4145,142628,154685,297313
2021-01-26,10880,10085,20965,14395,14397,28792,25709,27296,53005,27969,29180,57149,22012,23048,45060,16882,18469,35351,13335,14365,27700,8261,9521,17782,4122,7318,11440,1062,3102,4164,144627,156781,301408
2021-01-27,10952,10153,21105,14662,14679,29341,26060,27670,53730,28312,29550,57862,22304,23399,45703,17108,18747,35855,13500,14529,28029,8331,9605,17936,4154,7364,11518,1064,3117,4181,146447,158813,305260
2021-01-28,11019,10215,21234,14884,14894,29778,26357,27980,54337,28619,29859,58478,22545,23659,46204,17303,18988,36291,13648,14703,28351,8419,9703,18122,4184,7409,11593,1069,3131,4200,148047,160541,308588
2021-01-29,11069,10286,21355,15210,15211,30421,26746,28365,55111,29014,30294,59308,22896,24057,46953,17582,19290,36872,13851,14946,28797,8506,9832,18338,4207,7465,11672,1073,3140,4213,150154,162886,313040
2021-01-30,11111,10311,21422,15637,15638,31275,27091,28753,55844,29422,30768,60190,23347,24549,47896,17925,19658,37583,14035,15192,29227,8596,9952,18548,4228,7510,11738,1076,3148,4224,152468,165479,317947
2021-01-31,11147,10342,21489,16272,16264,32536,27544,29224,56768,29967,31332,61299,24009,25272,49281,18378,20148,38526,14259,15447,29706,8690,10075,18765,4252,7552,11804,1078,3160,4238,155596,168816,324412
2021-02-01,11204,10396,21600,16770,16840,33610,27950,29731,57681,30473,31893,62366,24597,25880,50477,18844,20603,39447,14513,15760,30273,8779,10234,19013,4292,7603,11895,1081,3169,4250,158503,172109,330612
2021-02-02,11252,10451,21703,17194,17314,34508,28333,30149,58482,30935,32412,63347,25169,26499,51668,19260,21059,40319,14793,16064,30857,8930,10414,19344,4329,7657,11986,1085,3182,4267,161280,175201,336481
2021-02-03,11302,10514,21816,17559,17643,35202,28702,30562,59264,31346,32849,64195,25613,26984,52597,19588,21420,41008,15043,16349,31392,9049,10576,19625,4363,7717,12080,1090,3192,4282,163655,177806,341461
2021-02-04,11363,10567,21930,17776,17844,35620,28981,30894,59875,31657,33187,64844,25872,27336,53208,19816,21688,41504,15188,16568,31756,9132,10697,19829,4390,7758,12148,1093,3208,4301,165268,179747,345015
2021-02-05,11421,10624,22045,17981,18049,36030,29255,31188,60443,31946,33495,65441,26137,27603,53740,20009,21917,41926,15343,16766,32109,9216,10794,20010,4404,7805,12209,1095,3216,4311,166807,181457,348264
2021-02-06,11455,10657,22112,18205,18280,36485,29494,31460,60954,32222,33832,66054,26392,27905,54297,20242,22172,42414,15475,16936,32411,9277,10885,20162,4421,7838,12259,1095,3223,4318,168278,183188,351466
2021-02-07,11496,10699,22195,18443,18531,36974,29725,31731,61456,32525,34163,66688,26669,28205,54874,20463,22429,42892,15599,17069,32668,9343,10955,20298,4439,7864,12303,1101,3228,4329,169803,184874,354677
2021-02-08,11561,10750,22311,18757,18905,37662,30078,32119,62197,32935,34633,67568,27112,28702,55814,20744,22758,43502,15770,17285,33055,9433,11070,20503,4465,7925,12390,1105,3244,4349,171960,187391,359351
2021-02-09,11616,10790,22406,19033,19203,38236,30403,32466,62869,33366,35047,68413,27477,29127,56604,21035,23065,44100,15985,17508,33493,9533,11196,20729,4499,7988,12487,1110,3258,4368,174057,189648,363705
2021-02-10,11671,10828,22499,19235,19409,38644,30675,32781,63456,33691,35428,69119,27815,29458,57273,21241,23347,44588,16142,17695,33837,9626,11295,20921,4529,8026,12555,1110,3268,4378,175735,191535,367270
2021-02-11,11729,10873,22602,19409,19626,39035,30906,33080,63986,34028,35774,69802,28100,29783,57883,21435,23591,45026,16300,17866,34166,9706,11382,21088,4556,8075,12631,1114,3278,4392,177283,193328,370611
2021-02-12,11783,10913,22696,19630,19852,39482,31138,33332,64470,34364,36132,70496,28417,30140,58557,21636,23848,45484,16447,18070,34517,9790,11480,21270,4585,8122,12707,1116,3293,4409,178906,195182,374088
2021-02-13,11817,10941,22758,19894,20155,40049,31385,33606,64991,34746,36530,71276,28771,30570,59341,21865,24115,45980,16601,18244,34845,9847,11572,21419,4607,8158,12765,1119,3304,4423,180652,197195,377847
2021-02-14,11846,10964,22810,20163,20452,40615,31586,33885,65471,35113,36963,72076,29185,31035,60220,22095,24393,46488,16776,18419,35195,9923,11685,21608,4622,8181,12803,1121,3315,4436,182430,199292,381722
2021-02-15,11874,11009,22883,20517,20838,41355,31893,34237,66130,35560,37462,73022,29705,31589,61294,22429,24735,47164,16944,18622,35566,9998,11794,21792,4639,8233,12872,1123,3327,4450,184682,201846,386528
2021-02-16,11905,11034,22939,20881,21177,42058,32279,34702,66981,36098,38072,74170,30198,32159,62357,22743,25020,47763,17102,18784,35886,10069,11900,21969,4653,8267,12920,1131,3333,4464,187059,204448,391507
2021-02-17,11949,11088,23037,21118,21444,42562,32757,35213,67970,36561,38552,75113,30568,32550,63118,23004,25331,48335,17329,19026,36355,10167,12029,22196,4675,8320,12995,1136,3346,4482,189264,206899,396163
2021-02-18,11991,11139,23130,21328,21686,43014,33140,35642,68782,36992,39024,76016,30903,32932,63835,23279,25620,48899,17521,19250,36771,10264,12158,22422,4703,8366,13069,1138,3352,4490,191259,209169,400428
2021-02-19,12049,11181,23230,21514,21942,43456,33493,36021,69514,37366,39455,76821,31238,33290,64528,23519,25909,49428,17699,19468,37167,10361,12285,22646,4726,8412,13138,1141,3360,4501,193106,211323,404429
2021-02-20,12095,11213,23308,21678,22159,43837,33799,36349,70148,37693,39856,77549,31535,33632,65167,23737,26181,49918,17833,19694,37527,10426,12369,22795,4749,8450,13199,1145,3364,4509,194690,213267,407957
2021-02-21,12141,11243,23384,21856,22372,44228,34050,36695,70745,38032,40244,78276,31823,33951,65774,23906,26421,50327,17986,19887,37873,10490,12450,22940,4771,8481,13252,1150,3373,4523,196205,215117,411322
2021-02-22,12205,11318,23523,22028,22610,44638,34383,37065,71448,38397,40694,79091,32138,34311,66449,24145,26704,50849,18165,20113,38278,10576,12555,23131,4811,8517,13328,1153,3378,4531,198001,217265,415266
2021-02-23,12283,11375,23658,22199,22795,44994,34672,37394,72066,38727,41051,79778,32411,34634,67045,24370,26972,51342,18339,20324,38663,10670,12679,23349,4842,8557,13399,1160,3394,4554,199673,219175,418848
2021-02-24,12336,11452,23788,22366,22990,45356,34898,37675,72573,39011,41369,80380,32619,34899,67518,24551,27185,51736,18523,20493,39016,10756,12786,23542,4864,8599,13463,1162,3404,4566,201086,220852,421938
2021-02-25,12425,11531,23956,22493,23140,45633,35146,37939,73085,39263,41641,80904,32842,35114,67956,24716,27395,52111,18653,20665,39318,10823,12886,23709,4885,8638,13523,1166,3419,4585,202412,222368,424780
2021-02-26,12492,11597,24089,22621,23284,45905,35390,38237,73627,39565,41931,81496,33063,35375,68438,24901,27607,52508,18788,20874,39662,10891,12986,23877,4905,8675,13580,1168,3436,4604,203784,224002,427786
2021-02-27,12535,11633,24168,22764,23469,46233,35617,38522,74139,39871,42290,82161,33274,35617,68891,25111,27869,52980,18959,21082,40041,10964,13088,24052,4926,8723,13649,1169,3443,4612,205190,225736,430926
2021-02-28,12579,11680,24259,22958,23688,46646,35897,38870,74767,40268,42755,83023,33585,35957,69542,25394,28238,53632,19188,21342,40530,11083,13215,24298,4949,8766,13715,1171,3452,4623,207072,227963,435035
2021-03-01,12677,11764,24441,23083,23860,46943,36166,39131,75297,40572,43046,83618,33815,36188,70003,25541,28427,53968,19332,21518,40850,11157,13334,24491,4971,8811,13782,1176,3466,4642,208490,229545,438035
2021-03-02,12791,11849,24640,23235,24014,47249,36407,39389,75796,40822,43337,84159,34032,36402,70434,25710,28655,54365,19447,21677,41124,11235,13410,24645,5006,8852,13858,1179,3473,4652,209864,231058,440922
2021-03-03,12892,11925,24817,23351,24140,47491,36584,39622,76206,41055,43577,84632,34209,36592,70801,25873,28854,54727,19614,21869,41483,11321,13520,24841,5022,8885,13907,1179,3486,4665,211100,232470,443570
2021-03-04,12981,12006,24987,23470,24288,47758,36776,39815,76591,41284,43788,85072,34370,36774,71144,25992,29041,55033,19743,22067,41810,11390,13628,25018,5045,8922,13967,1185,3501,4686,212236,233830,446066
2021-03-05,13061,12080,25141,23588,24415,48003,36958,40068,77026,41535,44037,85572,34522,36936,71458,26134,29232,55366,19881,22231,42112,11468,13723,25191,5064,8955,14019,1185,3507,4692,213396,235184,448580
2021-03-06,13113,12129,25242,23675,24517,48192,37142,40265,77407,41737,44249,85986,34664,37103,71767,26241,29381,55622,19981,22344,42325,11520,13796,25316,5085,8983,14068,1187,3513,4700,214345,236280,450625
2021-03-07,13164,12180,25344,23771,24613,48384,37306,40481,77787,41947,44478,86425,34780,37286,72066,26373,29555,55928,20107,22504,42611,11571,13869,25440,5105,9021,14126,1191,3517,4708,215315,237504,452819
2021-03-08,13264,12276,25540,23896,24767,48663,37499,40737,78236,42192,44751,86943,34980,37491,72471,26567,29780,56347,20289,22699,42988,11657,13964,25621,5127,9067,14194,1194,3528,4722,216665,239060,455725
2021-03-09,13387,12403,25790,24027,24892,48919,37701,40950,78651,42449,45014,87463,35189,37695,72884,26751,29991,56742,20443,22934,43377,11761,14077,25838,5152,9106,14258,1198,3535,4733,218058,240597,458655
2021-03-10,13519,12516,26035,24164,25030,49194,37905,41155,79060,42706,45273,87979,35360,37883,73243,26902,30189,57091,20595,23097,43692,11845,14191,26036,5175,9154,14329,1202,3544,4746,219373,242032,461405
2021-03-11,13620,12633,26253,24260,25148,49408,38069,41365,79434,42891,45490,88381,35483,38037,73520,27008,30336,57344,20709,23248,43957,11908,14270,26178,5200,9186,14386,1204,3559,4763,220352,243272,463624
2021-03-12,13739,12752,26491,24383,25298,49681,38250,41598,79848,43135,45760,88895,35652,38237,73889,27153,30542,57695,20840,23434,44274,11988,14364,26352,5224,9232,14456,1208,3571,4779,221572,244788,466360
2021-03-13,13827,12823,26650,24480,25401,49881,38452,41814,80266,43370,46001,89371,35805,38399,74204,27289,30731,58020,20996,23608,44604,12052,14442,26494,5236,9270,14506,1213,3574,4787,222720,246063,468783
2021-03-14,13888,12918,26806,24568,25506,50074,38615,42047,80662,43611,46260,89871,35962,38573,74535,27449,30934,58383,21155,23797,44952,12118,14543,26661,5255,9299,14554,1217,3582,4799,223838,247459,471297
2021-03-15,14060,13054,27114,24715,25660,50375,38839,42332,81171,43871,46561,90432,36182,38815,74997,27647,31157,58804,21336,24001,45337,12212,14678,26890,5275,9350,14625,1221,3596,4817,225358,249204,474562
2021-03-16,14202,13197,27399,24850,25820,50670,39021,42557,81578,44127,46841,90968,36359,38993,75352,27816,31360,59176,21488,24191,45679,12288,14787,27075,5290,9393,14683,1226,3611,4837,226667,250750,477417
2021-03-17,14309,13307,27616,24979,25961,50940,39221,42797,82018,44319,47040,91359,36511,39171,75682,27968,31534,59502,21632,24355,45987,12352,14887,27239,5309,9435,14744,1228,3624,4852,227828,252111,479939
2021-03-18,14421,13398,27819,25070,26077,51147,39385,42991,82376,44522,47222,91744,36644,39331,75975,28068,31681,59749,21745,24497,46242,12420,14971,27391,5325,9467,14792,1230,3631,4861,228830,253266,482096
2021-03-19,14535,13504,28039,25208,26211,51419,39562,43208,82770,44734,47450,92184,36777,39496,76273,28196,31840,60036,21860,24661,46521,12490,15044,27534,5342,9495,14837,1235,3640,4875,229939,254549,484488
2021-03-20,14586,13562,28148,25297,26315,51612,39705,43367,83072,44902,47649,92551,36905,39648,76553,28319,31990,60309,21967,24779,46746,12556,15113,27669,5356,9524,14880,1239,3648,4887,230832,255595,486427
2021-03-21,14670,13626,28296,25384,26417,51801,39866,43535,83401,45105,47846,92951,37036,39792,76828,28441,32153,60594,22065,24920,46985,12597,15181,27778,5373,9551,14924,1242,3657,4899,231779,256678,488457
2021-03-22,14782,13751,28533,25525,26544,52069,40063,43797,83860,45335,48091,93426,37217,39976,77193,28617,32359,60976,22203,25085,47288,12668,15269,27937,5399,9602,15001,1246,3679,4925,233055,258153,491208
2021-03-23,14907,13869,28776,25670,26676,52346,40255,44027,84282,45535,48310,93845,37381,40125,77506,28772,32539,61311,22338,25270,47608,12743,15368,28111,5423,9629,15052,1247,3691,4938,234271,259504,493775
2021-03-24,14984,13949,28933,25775,26781,52556,40391,44177,84568,45703,48504,94207,37490,40265,77755,28881,32677,61558,22409,25376,47785,12794,15445,28239,5433,9662,15095,1248,3697,4945,235108,260533,495641
2021-03-25,15076,14049,29125,25893,26913,52806,40567,44396,84963,45918,48707,94625,37663,40465,78128,29006,32828,61834,22515,25514,48029,12855,15519,28374,5460,9694,15154,1252,3701,4953,236205,261786,497991
2021-03-26,15208,14165,29373,26035,27068,53103,40762,44617,85379,46147,48932,95079,37821,40658,78479,29127,33006,62133,22614,25670,48284,12927,15604,28531,5482,9727,15209,1255,3711,4966,237378,263158,500536
2021-03-27,15299,14244,29543,26105,27153,53258,40929,44778,85707,46351,49144,95495,37966,40826,78792,29253,33166,62419,22740,25809,48549,12970,15669,28639,5496,9761,15257,1260,3716,4976,238369,264266,502635
2021-03-28,15373,14295,29668,26172,27245,53417,41054,44942,85996,46524,49349,95873,38118,40981,79099,29368,33324,62692,22838,25948,48786,13013,15711,28724,5515,9785,15300,1262,3722,4984,239237,265302,504539
2021-03-29,15494,14403,29897,26330,27380,53710,41235,45160,86395,46733,49589,96322,38298,41195,79493,29526,33492,63018,22942,26114,49056,13064,15765,28829,5531,9819,15350,1263,3731,4994,240416,266648,507064
2021-03-30,15599,14505,30104,26458,27510,53968,41385,45337,86722,46933,49798,96731,38446,41374,79820,29648,33631,63279,23046,26257,49303,13108,15830,28938,5552,9848,15400,1267,3739,5006,241442,267829,509271
2021-03-31,15689,14585,30274,26561,27604,54165,41548,45525,87073,47123,50004,97127,38574,41539,80113,29733,33762,63495,23107,26339,49446,13136,15875,29011,5569,9870,15439,1269,3749,5018,242309,268852,511161
2021-04-01,15768,14676,30444,26668,27701,54369,41727,45722,87449,47320,50191,97511,38716,41702,80418,29847,33901,63748,23197,26458,49655,13180,15936,29116,5580,9889,15469,1271,3759,5030,243274,269935,513209
2021-04-02,15862,14738,30600,26767,27819,54586,41884,45893,87777,47508,50366,97874,38863,41843,80706,29953,34040,63993,23279,26551,49830,13222,15974,29196,5595,9901,15496,1273,3765,5038,244206,270890,515096
2021-04-03,15924,14811,30735,26863,27941,54804,42040,46063,88103,47692,50577,98269,39007,42001,81008,30068,34181,64249,23388,26647,50035,13254,16032,29286,5613,9936,15549,1277,3769,5046,245126,271958,517084
2021-04-04,16004,14878,30882,27041,28128,55169,42261,46324,88585,47963,50895,98858,39200,42250,81450,30198,34353,64551,23468,26768,50236,13291,16081,29372,5630,9962,15592,1277,3776,5053,246333,273415,519748
2021-04-05,16111,14994,31105,27282,28376,55658,42549,46651,89200,48281,51220,99501,39460,42562,82022,30378,34578,64956,23587,26928,50515,13343,16145,29488,5645,9999,15644,1282,3785,5067,247918,275238,523156
2021-04-06,16226,15133,31359,27478,28592,56070,42891,46947,89838,48614,51577,100191,39705,42833,82538,30558,34793,65351,23720,27131,50851,13418,16246,29664,5668,10035,15703,1285,3801,5086,249563,277088,526651
2021-04-07,16354,15257,31611,27699,28805,56504,43188,47255,90443,48919,51935,100854,39975,43105,83080,30733,35030,65763,23834,27305,51139,13478,16333,29811,5682,10075,15757,1286,3809,5095,251148,278909,530057
2021-04-08,16476,15367,31843,27884,28990,56874,43426,47550,90976,49204,52268,101472,40182,43325,83507,30883,35234,66117,23947,27457,51404,13534,16410,29944,5700,10107,15807,1288,3823,5111,252524,280531,533055
2021-04-09,16577,15463,32040,28009,29138,57147,43575,47769,91344,49393,52469,101862,40348,43499,83847,30999,35382,66381,24026,27562,51588,13576,16464,30040,5708,10131,15839,1291,3829,5120,253502,281706,535208
2021-04-10,16647,15531,32178,28133,29283,57416,43776,47970,91746,49622,52677,102299,40491,43669,84160,31121,35519,66640,24109,27663,51772,13595,16504,30099,5715,10148,15863,1292,3832,5124,254501,282796,537297
2021-04-11,16712,15602,32314,28235,29404,57639,43917,48115,92032,49786,52882,102668,40659,43831,84490,31230,35648,66878,24203,27757,51960,13623,16543,30166,5728,10170,15898,1294,3837,5131,255387,283789,539176
2021-04-12,16828,15701,32529,28403,29563,57966,44107,48342,92449,50024,53152,103176,40851,44069,84920,31377,35869,67246,24311,27890,52201,13659,16600,30259,5743,10198,15941,1296,3849,5145,256599,285233,541832
2021-04-13,16941,15779,32720,28522,29679,58201,44301,48541,92842,50267,53398,103665,41022,44276,85298,31519,36029,67548,24393,27980,52373,13707,16638,30345,5753,10215,15968,1299,3857,5156,257724,286392,544116
2021-04-14,17052,15872,32924,28635,29775,58410,44429,48693,93122,50421,53560,103981,41131,44409,85540,31610,36150,67760,24504,28079,52583,13751,16706,30457,5770,10238,16008,1304,3862,5166,258607,287344,545951
2021-04-15,17169,15975,33144,28770,29948,58718,44656,48931,93587,50667,53812,104479,41360,44654,86014,31768,36362,68130,24608,28199,52807,13783,16760,30543,5785,10268,16053,1306,3870,5176,259872,288779,548651
2021-04-16,17269,16087,33356,28894,30073,58967,44896,49181,94077,50936,54112,105048,41561,44880,86441,31932,36587,68519,24737,28359,53096,13822,16815,30637,5794,10296,16090,1307,3879,5186,261148,290269,551417
2021-04-17,17379,16175,33554,29023,30184,59207,45076,49369,94445,51195,54331,105526,41751,45091,86842,32066,36743,68809,24835,28470,53305,13857,16880,30737,5809,10337,16146,1311,3884,5195,262302,291464,553766
2021-04-18,17436,16251,33687,29102,30261,59363,45233,49532,94765,51375,54544,105919,41931,45249,87180,32192,36885,69077,24938,28573,53511,13891,16928,30819,5831,10359,16190,1314,3891,5205,263243,292473,555716
2021-04-19,17572,16347,33919,29245,30427,59672,45476,49782,95258,51648,54823,106471,42158,45479,87637,32369,37084,69453,25064,28716,53780,13935,17001,30936,5839,10400,16239,1318,3904,5222,264624,293963,558587
2021-04-20,17700,16477,34177,29367,30555,59922,45664,49993,95657,51853,55064,106917,42361,45694,88055,32524,37239,69763,25199,28879,54078,13988,17067,31055,5866,10430,16296,1322,3913,5235,265844,295311,561155
2021-04-21,17815,16568,34383,29472,30647,60119,45840,50156,95996,52037,55256,107293,42525,45866,88391,32645,37388,70033,25302,29001,54303,14033,17113,31146,5879,10473,16352,1324,3919,5243,266872,296387,563259
2021-04-22,17943,16683,34626,29626,30798,60424,46034,50357,96391,52273,55534,107807,42740,46119,88859,32812,37571,70383,25416,29157,54573,14083,17186,31269,5894,10518,16412,1325,3927,5252,268146,297850,565996
2021-04-23,18044,16782,34826,29753,30945,60698,46253,50595,96848,52524,55824,108348,42949,46380,89329,32977,37790,70767,25525,29310,54835,14141,17256,31397,5914,10545,16459,1329,3933,5262,269409,299360,568769
2021-04-24,18108,16833,34941,29802,30985,60787,46307,50671,96978,52602,55905,108507,43021,46472,89493,33023,37842,70865,25555,29350,54905,14171,17295,31466,5921,10573,16494,1331,3948,5279,269841,299874,569715
2021-04-25,18196,16918,35114,29894,31076,60970,46428,50822,97250,52778,56072,108850,43177,46631,89808,33153,37978,71131,25641,29445,55086,14206,17329,31535,5929,10595,16524,1331,3952,5283,270733,300818,571551
2021-04-26,18326,17039,35365,30029,31221,61250,46639,51028,97667,53005,56323,109328,43385,46867,90252,33343,38173,71516,25758,29573,55331,14279,17413,31692,5943,10630,16573,1335,3962,5297,272042,302229,574271
2021-04-27,18437,17136,35573,30161,31357,61518,46850,51279,98129,53221,56565,109786,43550,47083,90633,33505,38342,71847,25859,29704,55563,14327,17493,31820,5963,10664,16627,1339,3970,5309,273212,303593,576805
2021-04-28,18554,17254,35808,30283,31490,61773,47049,51490,98539,53454,56814,110268,43735,47283,91018,33650,38493,72143,25958,29824,55782,14375,17552,31927,5974,10689,16663,1343,3979,5322,274375,304868,579243
2021-04-29,18692,17371,36063,30462,31646,62108,47282,51761,99043,53745,57121,110866,43998,47551,91549,33840,38729,72569,26081,29984,56065,14449,17651,32100,6003,10738,16741,1345,3996,5341,275897,306548,582445
2021-04-30,18809,17474,36283,30575,31761,62336,47406,51947,99353,53913,57319,111232,44124,47719,91843,33958,38874,72832,26168,30105,56273,14507,17720,32227,6028,10782,16810,1348,4013,5361,276836,307714,584550
2021-05-01,18894,17548,36442,30680,31841,62521,47557,52109,99666,54096,57515,111611,44281,47921,92202,34074,39016,73090,26254,30200,56454,14552,17780,32332,6048,10826,16874,1349,4018,5367,277785,308774,586559
2021-05-02,18982,17625,36607,30789,31968,62757,47750,52326,100076,54355,57809,112164,44492,48200,92692,34237,39202,73439,26369,30352,56721,14605,17855,32460,6066,10853,16919,1352,4033,5385,278997,310223,589220
2021-05-03,19160,17785,36945,30954,32148,63102,48105,52689,100794,54738,58277,113015,44828,48596,93424,34499,39550,74049,26574,30637,57211,14708,17982,32690,6088,10913,17001,1356,4054,5410,281010,312631,593641
2021-05-04,19290,17914,37204,31145,32345,63490,48413,53018,101431,55122,58676,113798,45130,48922,94052,34753,39867,74620,26740,30864,57604,14813,18117,32930,6112,10956,17068,1358,4072,5430,282876,314751,597627
2021-05-05,19448,18049,37497,31297,32500,63797,48708,53367,102075,55465,59044,114509,45415,49220,94635,34960,40110,75070,26899,31028,57927,14902,18206,33108,6149,11001,17150,1366,4085,5451,284609,316610,601219
2021-05-06,19564,18193,37757,31506,32708,64214,48999,53753,102752,55814,59451,115265,45736,49521,95257,35200,40382,75582,27042,31205,58247,14983,18300,33283,6179,11052,17231,1370,4105,5475,286393,318670,605063
2021-05-07,19710,18325,38035,31731,32931,64662,49313,54169,103482,56164,59898,116062,46065,49914,95979,35407,40691,76098,27190,31393,58583,15060,18413,33473,6198,11088,17286,1372,4113,5485,288210,320935,609145
2021-05-08,19785,18407,38192,31825,33033,64858,49497,54378,103875,56402,60141,116543,46227,50090,96317,35538,40850,76388,27265,31484,58749,15108,18459,33567,6219,11115,17334,1373,4124,5497,289239,322081,611320
2021-05-09,19886,18500,38386,31932,33153,65085,49662,54570,104232,56611,60373,116984,46400,50299,96699,35662,41001,76663,27347,31584,58931,15165,18530,33695,6241,11138,17379,1380,4126,5506,290286,323274,613560
2021-05-10,20029,18645,38674,32102,33332,65434,49998,54905,104903,56981,60760,117741,46703,50680,97383,35913,41276,77189,27521,31784,59305,15253,18648,33901,6276,11192,17468,1381,4133,5514,292157,325355,617512
2021-05-11,20161,18760,38921,32258,33485,65743,50245,55170,105415,57287,61077,118364,46944,50935,97879,36083,41476,77559,27671,31950,59621,15334,18745,34079,6299,11225,17524,1385,4141,5526,293667,326964,620631
2021-05-12,20301,18875,39176,32392,33623,66015,50473,55460,105933,57583,61370,118953,47198,51197,98395,36274,41668,77942,27799,32114,59913,15391,18821,34212,6321,11267,17588,1390,4152,5542,295122,328547,623669
2021-05-13,20458,18984,39442,32520,33772,66292,50728,55781,106509,57862,61719,119581,47447,51453,98900,36433,41886,78319,27918,32254,60172,15448,18905,34353,6341,11318,17659,1391,4157,5548,296546,330229,626775
2021-05-14,20604,19148,39752,32691,33993,66684,51065,56149,107214,58264,62146,120410,47719,51831,99550,36677,42156,78833,28070,32456,60526,15526,19002,34528,6376,11362,17738,1396,4164,5560,298388,332407,630795
2021-05-15,20718,19267,39985,32816,34155,66971,51283,56444,107727,58534,62477,121011,47960,52123,100083,36862,42350,79212,28182,32601,60783,15575,19059,34634,6396,11395,17791,1397,4178,5575,299723,334049,633772
2021-05-16,20806,19372,40178,32915,34289,67204,51464,56634,108098,58751,62744,121495,48165,52350,100515,37018,42530,79548,28285,32724,61009,15620,19123,34743,6412,11432,17844,1398,4194,5592,300834,335392,636226
2021-05-17,21027,19570,40597,33149,34510,67659,51826,57073,108899,59231,63273,122504,48530,52801,101331,37329,42910,80239,28481,32966,61447,15737,19276,35013,6454,11503,17957,1401,4210,5611,303165,338092,641257
2021-05-18,21219,19758,40977,33377,34755,68132,52246,57475,109721,59694,63754,123448,48973,53260,102233,37637,43232,80869,28674,33195,61869,15836,19390,35226,6490,11553,18043,1405,4219,5624,305551,340591,646142
2021-05-19,21415,19918,41333,33613,35003,68616,52664,57954,110618,60182,64256,124438,49391,53689,103080,37924,43594,81518,28889,33425,62314,15930,19504,35434,6524,11598,18122,1413,4239,5652,307945,343180,651125
2021-05-20,21618,20123,41741,33869,35300,69169,53142,58478,111620,60711,64777,125488,49804,54164,103968,38209,43948,82157,29095,33640,62735,16019,19625,35644,6561,11652,18213,1415,4255,5670,310443,345962,656405
2021-05-21,21763,20251,42014,34062,35503,69565,53516,58939,112455,61150,65303,126453,50164,54587,104751,38475,44252,82727,29272,33859,63131,16114,19706,35820,6595,11723,18318,1416,4267,5683,312527,348390,660917
2021-05-22,21851,20318,42169,34169,35643,69812,53725,59209,112934,61428,65560,126988,50371,54821,105192,38624,44417,83041,29367,33952,63319,16160,19756,35916,6612,11769,18381,1417,4279,5696,313724,349724,663448
2021-05-23,21941,20393,42334,34260,35765,70025,53897,59398,113295,61632,65795,127427,50554,54990,105544,38754,44588,83342,29446,34063,63509,16208,19797,36005,6625,11817,18442,1426,4294,5720,314743,350900,665643
2021-05-24,22058,20490,42548,34416,35951,70367,54188,59677,113865,61951,66170,128121,50841,55332,106173,39001,44913,83914,29592,34253,63845,16300,19902,36202,6649,11867,18516,1429,4305,5734,316425,352860,669285
2021-05-25,22158,20565,42723,34551,36089,70640,54473,59985,114458,62237,66497,128734,51114,55611,106725,39232,45160,84392,29729,34424,64153,16374,19988,36362,6669,11905,18574,1434,4317,5751,317971,354541,672512
2021-05-26,22298,20685,42983,34747,36298,71045,54867,60381,115248,62645,66920,129565,51455,56001,107456,39547,45498,85045,29891,34642,64533,16468,20104,36572,6703,11974,18677,1442,4326,5768,320063,356829,676892
2021-05-27,22402,20801,43203,34873,36470,71343,55169,60744,115913,63007,67292,130299,51725,56269,107994,39789,45804,85593,30032,34822,64854,16558,20192,36750,6732,12012,18744,1443,4342,5785,321730,358748,680478
2021-05-28,22542,20932,43474,35058,36711,71769,55541,61172,116713,63416,67729,131145,52115,56701,108816,40127,46203,86330,30233,35082,65315,16645,20300,36945,6759,12063,18822,1447,4353,5800,323883,361246,685129
2021-05-29,22638,21017,43655,35170,36845,72015,55768,61457,117225,63735,68044,131779,52392,56980,109372,40297,46425,86722,30347,35219,65566,16694,20375,37069,6780,12106,18886,1452,4370,5822,325273,362838,688111
2021-05-30,22707,21087,43794,35269,36946,72215,55974,61707,117681,63972,68300,132272,52607,57194,109801,40429,46599,87028,30439,35318,65757,16728,20438,37166,6797,12132,18929,1456,4379,5835,326378,364100,690478
2021-05-31,22827,21205,44032,35446,37125,72571,56336,62096,118432,64388,68719,133107,52949,57587,110536,40643,46876,87519,30600,35512,66112,16829,20564,37393,6831,12194,19025,1457,4395,5852,328306,366273,694579
2021-06-01,22966,21332,44298,35619,37321,72940,56649,62450,119099,64771,69105,133876,53240,57955,111195,40872,47178,88050,30785,35727,66512,16927,20673,37600,6872,12240,19112,1461,4407,5868,330162,368388,698550
2021-06-02,23131,21461,44592,35809,37518,73327,56985,62853,119838,65144,69565,134709,53577,58325,111902,41096,47458,88554,30949,35943,66892,17031,20794,37825,6908,12289,19197,1468,4425,5893,332098,370631,702729
2021-06-03,23275,21611,44886,36010,37715,73725,57339,63233,120572,65562,70043,135605,53937,58710,112647,41340,47771,89111,31128,36152,67280,17120,20916,38036,6946,12322,19268,1472,4443,5915,334129,372916,707045
2021-06-04,23469,21790,45259,36223,37935,74158,57723,63688,121411,65975,70518,136493,54322,59118,113440,41615,48164,89779,31312,36388,67700,17221,21057,38278,6980,12384,19364,1474,4455,5929,336314,375497,711811
2021-06-05,23585,21893,45478,36337,38063,74400,57939,63971,121910,66241,70823,137064,54551,59373,113924,41785,48358,90143,31406,36494,67900,17278,21145,38423,7001,12416,19417,1479,4469,5948,337602,377005,714607
2021-06-06,23697,22018,45715,36460,38187,74647,58146,64210,122356,66489,71117,137606,54782,59618,114400,41973,48563,90536,31500,36622,68122,17330,21214,38544,7016,12446,19462,1480,4483,5963,338873,378478,717351
2021-06-07,23867,22203,46070,36646,38392,75038,58488,64612,123100,66921,71559,138480,55124,60058,115182,42246,48920,91166,31708,36873,68581,17462,21397,38859,7054,12558,19612,1489,4519,6008,341005,381091,722096
2021-06-08,24070,22379,46449,36815,38583,75398,58814,65027,123841,67342,71980,139322,55462,60423,115885,42532,49264,91796,31872,37059,68931,17551,21551,39102,7081,12616,19697,1494,4536,6030,343033,383418,726451
2021-06-09,24249,22555,46804,37025,38773,75798,59190,65451,124641,67772,72477,140249,55805,60817,116622,42811,49609,92420,32046,37266,69312,17654,21669,39323,7121,12679,19800,1498,4555,6053,345171,385851,731022
2021-06-10,24414,22735,47149,37215,38996,76211,59552,65909,125461,68211,72995,141206,56147,61223,117370,43064,49945,93009,32216,37482,69698,17766,21810,39576,7153,12732,19885,1505,4575,6080,347243,388402,735645
2021-06-11,24571,22899,47470,37373,39198,76571,59936,66374,126310,68628,73525,142153,56527,61714,118241,43326,50262,93588,32403,37688,70091,17864,21960,39824,7188,12809,19997,1513,4594,6107,349329,391023,740352
2021-06-12,24697,23015,47712,37512,39341,76853,60195,66674,126869,68939,73874,142813,56792,62010,118802,43506,50508,94014,32524,37838,70362,17929,22054,39983,7214,12846,20060,1518,4605,6123,350826,392765,743591
2021-06-13,24835,23154,47989,37659,39474,77133,60409,66910,127319,69211,74177,143388,57061,62309,119370,43690,50739,94429,32647,37974,70621,17981,22123,40104,7236,12881,20117,1524,4618,6142,352253,394359,746612
2021-06-14,25033,23322,48355,37878,39704,77582,60763,67381,128144,69649,74675,144324,57454,62779,120233,43979,51088,95067,32824,38239,71063,18105,22264,40369,7271,12942,20213,1542,4641,6183,354498,397035,751533
2021-06-15,25248,23527,48775,38121,39923,78044,61155,67823,128978,70110,75218,145328,57818,63256,121074,44259,51437,95696,33008,38455,71463,18210,22386,40596,7313,12998,20311,1545,4660,6205,356787,399683,756470
2021-06-16,25490,23744,49234,38362,40160,78522,61549,68301,129850,70601,75766,146367,58194,63754,121948,44521,51762,96283,33189,38676,71865,18303,22509,40812,7348,13051,20399,1547,4674,6221,359104,402397,761501
2021-06-17,25735,23979,49714,38635,40472,79107,62078,68938,131016,71218,76564,147782,58689,64446,123135,44827,52238,97065,33404,38957,72361,18447,22672,41119,7381,13112,20493,1550,4692,6242,361964,406070,768034
2021-06-18,25964,24183,50147,38913,40752,79665,62568,69543,132111,71831,77338,149169,59191,65147,124338,45121,52713,97834,33603,39227,72830,18535,22818,41353,7418,13154,20572,1553,4706,6259,364697,409581,774278
2021-06-19,26149,24366,50515,39090,40943,80033,62862,69965,132827,72280,77886,150166,59555,65604,125159,45343,53006,98349,33776,39407,73183,18632,22919,41551,7450,13220,20670,1557,4728,6285,366694,412044,778738
2021-06-20,26329,24516,50845,39229,41063,80292,63036,70240,133276,72561,78260,150821,59818,65921,125739,45543,53236,98779,33888,39541,73429,18709,22996,41705,7467,13258,20725,1559,4737,6296,368139,413768,781907
2021-06-21,26536,24705,51241,39418,41266,80684,63291,70611,133902,72948,78694,151642,60208,66350,126558,45796,53531,99327,34032,39707,73739,18807,23111,41918,7501,13294,20795,1563,4743,6306,370100,416012,786112
2021-06-22,26821,24964,51785,39718,41534,81252,63715,71203,134918,73515,79369,152884,60738,66983,127721,46104,53953,100057,34285,40023,74308,18933,23276,42209,7535,13370,20905,1574,4758,6332,372938,419433,792371
2021-06-23,27154,25226,52380,40048,41869,81917,64119,71795,135914,74088,80112,154200,61286,67737,129023,46386,54376,100762,34521,40297,74818,19050,23445,42495,7582,13452,21034,1580,4789,6369,375814,423098,798912
2021-06-24,27445,25494,52939,40341,42187,82528,64555,72399,136954,74629,80814,155443,61746,68350,130096,46696,54787,101483,34747,40598,75345,19154,23583,42737,7609,13508,21117,1584,4806,6390,378506,426526,805032
2021-06-25,27782,25786,53568,40666,42568,83234,65050,73080,138130,75261,81697,156958,62260,69059,131319,47065,55283,102348,34997,40952,75949,19289,23771,43060,7653,13582,21235,1593,4826,6419,381616,430604,812220
2021-06-26,27945,25950,53895,40842,42754,83596,65301,73384,138685,75589,82123,157712,62549,69429,131978,47264,55521,102785,35160,41151,76311,19379,23890,43269,7684,13631,21315,1598,4842,6440,383311,432675,815986
2021-06-27,28137,26119,54256,40986,42932,83918,65540,73672,139212,75895,82501,158396,62826,69787,132613,47439,55734,103173,35295,41295,76590,19454,23981,43435,7707,13676,21383,1599,4852,6451,384878,434549,819427
2021-06-28,28367,26316,54683,41142,43092,84234,65764,73992,139756,76255,82901,159156,63098,70124,133222,47635,55957,103592,35442,41449,76891,19538,24092,43630,7746,13714,21460,1601,4869,6470,386588,436506,823094
2021-06-29,28595,26583,55178,41387,43362,84749,66160,74511,140671,76755,83475,160230,63460,70602,134062,47894,56280,104174,35634,41659,77293,19653,24221,43874,7772,13786,21558,1603,4894,6497,388913,439373,828286
2021-06-30,28891,26870,55761,41709,43690,85399,66579,75089,141668,77302,84159,161461,63883,71118,135001,48174,56713,104887,35822,41919,77741,19760,24336,44096,7805,13850,21655,1608,4913,6521,391533,442657,834190
2021-07-01,29123,27099,56222,41987,43966,85953,66974,75667,142641,77788,84791,162579,64224,71640,135864,48438,57061,105499,35994,42158,78152,19861,24464,44325,7845,13913,21758,1611,4926,6537,393845,445685,839530
2021-07-02,29433,27366,56799,42340,44317,86657,67389,76229,143618,78278,85531,163809,64574,72231,136805,48693,57448,106141,36180,42425,78605,19974,24613,44587,7880,13972,21852,1616,4944,6560,396357,449076,845433
2021-07-03,29627,27573,57200,42523,44545,87068,67644,76585,144229,78622,85958,164580,64852,72609,137461,48887,57683,106570,36329,42597,78926,20046,24714,44760,7905,14019,21924,1623,4960,6583,398058,451243,849301
2021-07-04,29826,27788,57614,42701,44735,87436,67840,76890,144730,78915,86341,165256,65080,72927,138007,49072,57937,107009,36443,42741,79184,20100,24802,44902,7923,14057,21980,1627,4971,6598,399527,453189,852716
2021-07-05,30191,28108,58299,43000,45048,88048,68272,77458,145730,79475,87046,166521,65484,73512,138996,49356,58308,107664,36656,42991,79647,20224,24948,45172,7964,14117,22081,1632,4991,6623,402254,456527,858781
2021-07-06,30571,28457,59028,43390,45426,88816,68757,78045,146802,80032,87786,167818,65923,74099,140022,49638,58703,108341,36845,43244,80089,20342,25109,45451,8001,14182,22183,1636,5019,6655,405135,460070,865205
2021-07-07,30917,28766,59683,43740,45802,89542,69257,78649,147906,80566,88473,169039,66391,74643,141034,49937,59088,109025,37025,43475,80500,20442,25208,45650,8033,14245,22278,1645,5035,6680,407953,463384,871337
2021-07-08,31254,29098,60352,44157,46249,90406,69858,79342,149200,81176,89246,170422,66902,75369,142271,50281,59576,109857,37227,43791,81018,20559,25374,45933,8085,14299,22384,1649,5055,6704,411148,467399,878547
2021-07-09,31490,29354,60844,44447,46547,90994,70206,79772,149978,81585,89769,171354,67243,75838,143081,50504,59865,110369,37375,43957,81332,20634,25473,46107,8116,14347,22463,1654,5067,6721,413254,469989,883243
2021-07-10,31715,29588,61303,44710,46793,91503,70491,80138,150629,81912,90224,172136,67532,76234,143766,50719,60132,110851,37517,44146,81663,20714,25576,46290,8145,14394,22539,1659,5081,6740,415114,472306,887420
2021-07-11,31987,29837,61824,44901,46989,91890,70746,80439,151185,82212,90644,172856,67818,76651,144469,50941,60404,111345,37664,44307,81971,20785,25670,46455,8161,14419,22580,1665,5091,6756,416880,474451,891331
2021-07-12,32368,30218,62586,45297,47387,92684,71260,81096,152356,82820,91352,174172,68363,77326,145689,51272,60880,112152,37936,44562,82498,20903,25830,46733,8202,14476,22678,1676,5113,6789,420097,478240,898337
2021-07-13,32756,30544,63300,45658,47810,93468,71785,81718,153503,83332,92016,175348,68836,77929,146765,51595,61331,112926,38151,44835,82986,21027,25980,47007,8237,14543,22780,1685,5136,6821,423062,481842,904904
2021-07-14,33142,30907,64049,46138,48269,94407,72375,82387,154762,83870,92761,176631,69342,78585,147927,51919,61782,113701,38384,45088,83472,21139,26111,47250,8268,14596,22864,1689,5149,6838,426266,485635,911901
2021-07-15,33466,31194,64660,46628,48753,95381,72953,83084,156037,84479,93501,177980,69914,79363,149277,52279,62240,114519,38608,45365,83973,21245,26271,47516,8301,14657,22958,1697,5169,6866,429570,489597,919167
2021-07-16,33766,31473,65239,47040,49168,96208,73468,83718,157186,85008,94195,179203,70450,80024,150474,52572,62642,115214,38795,45620,84415,21338,26412,47750,8336,14712,23048,1700,5187,6887,432473,493151,925624
2021-07-17,33978,31704,65682,47321,49473,96794,73779,84127,157906,85357,94670,180027,70761,80421,151182,52794,62922,115716,38929,45783,84712,21423,26507,47930,8355,14740,23095,1706,5200,6906,434403,495547,929950
2021-07-18,34194,31883,66077,47531,49716,97247,74043,84481,158524,85657,95067,180724,71054,80772,151826,53022,63174,116196,39046,45911,84957,21498,26594,48092,8383,14784,23167,1709,5207,6916,436137,497589,933726
2021-07-19,34463,32136,66599,47816,50016,97832,74514,85027,159541,86118,95649,181767,71469,81277,152746,53328,63597,116925,39262,46187,85449,21610,26747,48357,8431,14840,23271,1713,5213,6926,438724,500689,939413
2021-07-20,34743,32385,67128,48084,50311,98395,74892,85543,160435,86538,96153,182691,71842,81756,153598,53599,63933,117532,39450,46415,85865,21710,26896,48606,8464,14897,23361,1720,5234,6954,441042,503523,944565
2021-07-21,35037,32674,67711,48447,50663,99110,75366,86142,161508,87037,96797,183834,72300,82366,154666,53947,64389,118336,39685,46735,86420,21832,27077,48909,8498,14968,23466,1725,5246,6971,443874,507057,950931
2021-07-22,35319,32926,68245,48835,51058,99893,75825,86752,162577,87620,97505,185125,72834,83053,155887,54300,64833,119133,39884,47009,86893,21941,27210,49151,8532,15029,23561,1731,5260,6991,446821,510635,957456
2021-07-23,35544,33124,68668,49115,51382,100497,76175,87203,163378,88044,98056,186100,73243,83520,156763,54590,65166,119756,40041,47214,87255,22021,27341,49362,8558,15078,23636,1736,5278,7014,449067,513362,962429
2021-07-24,35735,33318,69053,49385,51754,101139,76488,87608,164096,88489,98570,187059,73672,84043,157715,54860,65498,120358,40186,47443,87629,22109,27438,49547,8587,15119,23706,1740,5290,7030,451251,516081,967332
2021-07-25,35892,33497,69389,49685,52110,101795,76733,87932,164665,88905,99077,187982,74168,84621,158789,55134,65784,120918,40327,47605,87932,22202,27531,49733,8607,15153,23760,1746,5299,7045,453399,518609,972008
2021-07-26,36146,33763,69909,50085,52605,102690,77156,88525,165681,89490,99839,189329,74741,85315,160056,55515,66238,121753,40551,47926,88477,22319,27723,50042,8647,15222,23869,1754,5318,7072,456404,522474,978878
2021-07-27,36326,33936,70262,50314,52906,103220,77496,88930,166426,89826,100278,190104,75088,85683,160771,55708,66511,122219,40686,48104,88790,22401,27836,50237,8681,15271,23952,1757,5332,7089,458283,524787,983070
2021-07-28,36536,34112,70648,50574,53258,103832,77889,89392,167281,90259,100788,191047,75468,86151,161619,55962,66811,122773,40866,48339,89205,22503,27948,50451,8709,15315,24024,1763,5341,7104,460529,527455,987984
2021-07-29,36735,34291,71026,50855,53548,104403,78227,89850,168077,90686,101304,191990,75831,86614,162445,56193,67086,123279,41042,48547,89589,22587,28061,50648,8735,15348,24083,1768,5360,7128,462659,530009,992668
2021-07-30,36954,34499,71453,51209,53929,105138,78701,90438,169139,91225,102065,193290,76315,87260,163575,56534,67551,124085,41275,48861,90136,22686,28222,50908,8774,15410,24184,1775,5374,7149,465448,533609,999057
2021-07-31,37190,34717,71907,51542,54332,105874,79025,90864,169889,91752,102730,194482,76905,87930,164835,56873,67922,124795,41469,49116,90585,22788,28350,51138,8801,15442,24243,1777,5387,7164,468122,536790,1004912
2021-08-01,37430,34978,72408,51858,54703,106561,79242,91180,170422,92143,103238,195381,77382,88522,165904,57118,68224,125342,41605,49296,90901,22864,28461,51325,8826,15499,24325,1783,5396,7179,470251,539497,1009748
2021-08-02,37769,35270,73039,52266,55135,107401,79613,91692,171305,92668,103900,196568,77915,89257,167172,57458,68694,126152,41886,49624,91510,22979,28635,51614,8868,15573,24441,1788,5416,7204,473210,543196,1016406
2021-08-03,38076,35567,73643,52596,55561,108157,79997,92218,172215,93125,104511,197636,78395,89871,168266,57787,69150,126937,42143,49944,92087,23142,28844,51986,8905,15632,24537,1793,5432,7225,475959,546730,1022689
2021-08-04,38393,35852,74245,52903,55882,108785,80376,92672,173048,93558,105043,198601,78730,90329,169059,58036,69506,127542,42338,50215,92553,23233,29010,52243,8933,15685,24618,1795,5448,7243,478295,549642,1027937
2021-08-05,38709,36184,74893,53230,56284,109514,80859,93278,174137,94078,105657,199735,79208,90902,170110,58352,69937,128289,42567,50504,93071,23345,29162,52507,8969,15746,24715,1804,5463,7267,481121,553117,1034238
2021-08-06,39068,36495,75563,53654,56687,110341,81355,93886,175241,94625,106316,200941,79684,91500,171184,58656,70388,129044,42822,50869,93691,23469,29377,52846,9009,15794,24803,1808,5474,7282,484150,556786,1040936
2021-08-07,39277,36734,76011,53908,56993,110901,81666,94230,175896,94979,106692,201671,79985,91866,171851,58867,70666,129533,42973,51090,94063,23546,29518,53064,9029,15842,24871,1814,5480,7294,486044,559111,1045155
2021-08-08,39559,36993,76552,54166,57280,111446,81884,94524,176408,95248,107070,202318,80289,92266,172555,59072,70921,129993,43134,51282,94416,23621,29603,53224,9044,15886,24930,1819,5490,7309,487836,561315,1049151
2021-08-09,39963,37374,77337,54462,57631,112093,82255,95078,177333,95724,107600,203324,80669,92738,173407,59367,71309,130676,43346,51548,94894,23740,29739,53479,9086,15944,25030,1830,5506,7336,490442,564467,1054909
2021-08-10,40418,37768,78186,54855,58005,112860,82669,95655,178324,96140,108151,204291,81059,93232,174291,59660,71677,131337,43564,51826,95390,23849,29894,53743,9123,15997,25120,1831,5520,7351,493168,567725,1060893
2021-08-11,40827,38176,79003,55264,58468,113732,83127,96242,179369,96643,108755,205398,81489,93812,175301,59944,72070,132014,43779,52076,95855,23958,30036,53994,9165,16062,25227,1842,5542,7384,496038,571239,1067277
2021-08-12,41234,38566,79800,55627,58887,114514,83539,96771,180310,97071,109323,206394,81909,94329,176238,60202,72439,132641,43963,52284,96247,24066,30163,54229,9204,16116,25320,1850,5555,7405,498665,574433,1073098
2021-08-13,41739,39008,80747,56179,59449,115628,83998,97397,181395,97645,109996,207641,82335,94919,177254,60503,72876,133379,44173,52593,96766,24199,30329,54528,9247,16177,25424,1855,5569,7424,501873,578313,1080186
2021-08-14,42034,39306,81340,56507,59772,116279,84263,97752,182015,97979,110409,208388,82650,95361,178011,60710,73172,133882,44320,52779,97099,24293,30436,54729,9271,16220,25491,1858,5577,7435,503885,580784,1084669
2021-08-15,42299,39580,81879,56748,60025,116773,84467,98010,182477,98249,110773,209022,82924,95680,178604,60921,73427,134348,44460,52950,97410,24375,30538,54913,9289,16262,25551,1860,5589,7449,505592,582834,1088426
2021-08-16,42643,39912,82555,57054,60327,117381,84697,98336,183033,98556,111176,209732,83228,96083,179311,61147,73678,134825,44587,53126,97713,24470,30638,55108,9316,16296,25612,1867,5600,7467,507565,585172,1092737
2021-08-17,43174,40368,83542,57565,60837,118402,85130,98907,184037,99125,111839,210964,83646,96669,180315,61491,74111,135602,44821,53420,98241,24596,30796,55392,9351,16372,25723,1872,5623,7495,510771,588942,1099713
2021-08-18,43697,40878,84575,58075,61321,119396,85504,99451,184955,99632,112483,212115,84060,97194,181254,61763,74518,136281,45024,53686,98710,24716,30969,55685,9383,16452,25835,1886,5645,7531,513740,592597,1106337
2021-08-19,44202,41336,85538,58550,61812,120362,85901,100025,185926,100162,113115,213277,84479,97745,182224,62068,74879,136947,45211,53950,99161,24805,31095,55900,9416,16499,25915,1893,5657,7550,516687,596113,1112800
2021-08-20,44806,41892,86698,59132,62421,121553,86357,100628,186985,100655,113795,214450,84912,98376,183288,62377,75311,137688,45420,54244,99664,24916,31274,56190,9449,16563,26012,1902,5674,7576,519926,600178,1120104
2021-08-21,45136,42243,87379,59437,62750,122187,86636,101036,187672,101040,114291,215331,85239,98812,184051,62606,75615,138221,45572,54459,100031,25009,31396,56405,9479,16611,26090,1905,5687,7592,522059,602900,1124959
2021-08-22,45587,42679,88266,59743,63069,122812,86863,101345,188208,101404,114777,216181,85562,99275,184837,62857,75934,138791,45739,54674,100413,25110,31506,56616,9504,16648,26152,1912,5700,7612,524281,605607,1129888
2021-08-23,46382,43456,89838,60326,63650,123976,87323,101954,189277,101980,115524,217504,86036,99940,185976,63191,76370,139561,45994,55013,101007,25251,31694,56945,9545,16712,26257,1916,5716,7632,527944,610029,1137973
2021-08-24,47214,44240,91454,60903,64212,125115,87763,102516,190279,102494,116266,218760,86477,100546,187023,63490,76806,140296,46222,55332,101554,25357,31837,57194,9594,16772,26366,1921,5733,7654,531435,614260,1145695
2021-08-25,48008,45009,93017,61452,64719,126171,88117,103051,191168,102979,117031,220010,86924,101189,188113,63800,77222,141022,46454,55668,102122,25506,31994,57500,9635,16809,26444,1926,5762,7688,534801,618454,1153255
2021-08-26,48843,45797,94640,62032,65300,127332,88544,103674,192218,103520,117804,221324,87390,101828,189218,64092,77651,141743,46683,55970,102653,25645,32171,57816,9679,16873,26552,1931,5781,7712,538359,622849,1161208
2021-08-27,49757,46606,96363,62635,66009,128644,88948,104292,193240,104088,118618,222706,87901,102572,190473,64420,78116,142536,46919,56286,103205,25772,32340,58112,9716,16946,26662,1935,5793,7728,542091,627578,1169669
2021-08-28,50271,47034,97305,62921,66308,129229,89217,104663,193880,104481,119098,223579,88206,103020,191226,64650,78405,143055,47071,56506,103577,25841,32450,58291,9753,16991,26744,1940,5799,7739,544351,630274,1174625
2021-08-29,50818,47553,98371,63165,66617,129782,89407,104942,194349,104817,119519,224336,88516,103426,191942,64864,78671,143535,47215,56682,103897,25915,32556,58471,9787,17034,26821,1942,5807,7749,546446,632807,1179253
2021-08-30,51770,48418,100188,63696,67138,130834,89775,105451,195226,105334,120235,225569,88997,103979,192976,65168,79071,144239,47427,56994,104421,26040,32724,58764,9840,17096,26936,1946,5827,7773,549993,636933,1186926
2021-08-31,52821,49367,102188,64362,67755,132117,90201,106069,196270,105879,120895,226774,89479,104624,194103,65489,79511,145000,47675,57335,105010,26186,32910,59096,9879,17166,27045,1953,5845,7798,553924,641477,1195401
2021-09-01,53777,50255,104032,64991,68347,133338,90599,106574,197173,106389,121610,227999,89904,105186,195090,65769,79880,145649,47891,57598,105489,26291,33074,59365,9919,17240,27159,1956,5863,7819,557486,645627,1203113
2021-09-02,54560,50992,105552,65488,68864,134352,90924,106994,197918,106882,122194,229076,90247,105798,196045,66028,80205,146233,48076,57839,105915,26406,33197,59603,9951,17285,27236,1962,5876,7838,560524,649244,1209768
2021-09-03,55204,51562,106766,66008,69420,135428,91298,107482,198780,107352,122845,230197,90683,106392,197075,66291,80596,146887,48283,58108,106391,26525,33362,59887,9987,17337,27324,1963,5886,7849,563594,652990,1216584
2021-09-04,55624,51934,107558,66256,69678,135934,91478,107724,199202,107642,123228,230870,90962,106721,197683,66484,80831,147315,48415,58269,106684,26605,33479,60084,10009,17379,27388,1966,5898,7864,565441,655141,1220582
2021-09-05,56072,52347,108419,66515,69958,136473,91693,108030,199723,108011,123704,231715,91256,107108,198364,66709,81093,147802,48565,58481,107046,26727,33597,60324,10040,17419,27459,1973,5912,7885,567561,657649,1225210
2021-09-06,57022,53314,110336,67079,70543,137622,92157,108671,200828,108625,124504,233129,91805,107814,199619,67078,81603,148681,48837,58826,107663,26919,33783,60702,10084,17503,27587,1980,5935,7915,571586,662496,1234082
2021-09-07,57902,54222,112124,67674,71222,138896,92606,109300,201906,109205,125300,234505,92345,108548,200893,67447,82100,149547,49103,59156,108259,27047,33977,61024,10127,17574,27701,1989,5963,7952,575445,667362,1242807
2021-09-08,58557,54929,113486,68263,71774,140037,93014,109821,202835,109779,126021,235800,92807,109201,202008,67792,82526,150318,49323,59438,108761,27168,34114,61282,10168,17625,27793,1997,5977,7974,578868,671426,1250294
2021-09-09,59267,55603,114870,68765,72265,141030,93390,110422,203812,110297,126680,236977,93247,109854,203101,68102,82978,151080,49569,59723,109292,27300,34281,61581,10212,17685,27897,2000,5995,7995,582149,675486,1257635
2021-09-10,60008,56296,116304,69397,73021,142418,94076,111527,205603,111208,127976,239184,94102,111163,205265,68771,83925,152696,49992,60386,110378,27483,34550,62033,10284,17750,28034,2007,6011,8018,587328,682605,1269933
2021-09-11,60447,56738,117185,69781,73444,143225,94611,112236,206847,111875,128858,240733,94722,111973,206695,69235,84523,153758,50312,60805,111117,27627,34747,62374,10325,17788,28113,2015,6019,8034,590950,687131,1278081
2021-09-12,60867,57119,117986,70017,73742,143759,94850,112562,207412,112237,129308,241545,95061,112384,207445,69461,84832,154293,50472,61020,111492,27724,34865,62589,10352,17816,28168,2020,6029,8049,593061,689677,1282738
2021-09-13,61711,57912,119623,70569,74329,144898,95294,113230,208524,112864,130179,243043,95670,113136,208806,69824,85415,155239,50770,61367,112137,27896,35080,62976,10397,17899,28296,2030,6049,8079,597025,694596,1291621
2021-09-14,62500,58628,121128,71053,74861,145914,95691,113784,209475,113390,130920,244310,96131,113792,209923,70152,85899,156051,51011,61688,112699,28053,35264,63317,10425,17966,28391,2037,6063,8100,600443,698865,1299308
2021-09-15,63133,59230,122363,71494,75331,146825,95974,114271,210245,113803,131554,245357,96524,114375,210899,70391,86232,156623,51211,61953,113164,28160,35399,63559,10463,18025,28488,2046,6091,8137,603199,702461,1305660
2021-09-16,63732,59762,123494,71969,75825,147794,96332,114772,211104,114256,132297,246553,96972,115055,212027,70676,86638,157314,51390,62235,113625,28280,35559,63839,10506,18092,28598,2058,6109,8167,606171,706344,1312515
2021-09-17,64493,60476,124969,72586,76451,149037,96701,115375,212076,114765,133076,247841,97416,115721,213137,70980,87149,158129,51606,62517,114123,28433,35745,64178,10539,18167,28706,2063,6120,8183,609582,710797,1320379
2021-09-18,64922,60863,125785,72851,76746,149597,96955,115754,212709,115127,133578,248705,97749,116165,213914,71191,87437,158628,51807,62776,114583,28540,35881,64421,10574,18212,28786,2067,6132,8199,611783,713544,1325327
2021-09-19,65424,61306,126730,73111,77016,150127,97179,116082,213261,115488,134043,249531,98094,116579,214673,71405,87727,159132,51981,62970,114951,28610,35995,64605,10597,18261,28858,2071,6140,8211,613960,716119,1330079
2021-09-20,66296,62164,128460,73786,77742,151528,97526,116623,214149,116091,134749,250840,98582,117244,215826,71742,88223,159965,52248,63296,115544,28748,36175,64923,10633,18329,28962,2081,6150,8231,617733,720695,1338428
2021-09-21,67006,62829,129835,74139,78117,152256,97842,117140,214982,116569,135342,251911,99015,117777,216792,72023,88617,160640,52494,63577,116071,28891,36338,65229,10674,18386,29060,2086,6159,8245,620739,724282,1345021
2021-09-22,67765,63460,131225,74764,78752,153516,98164,117623,215787,117044,136013,253057,99411,118360,217771,72265,89033,161298,52708,63865,116573,29019,36479,65498,10698,18443,29141,2094,6173,8267,623932,728201,1352133
2021-09-23,68384,64050,132434,75396,79428,154824,98461,118103,216564,117490,136657,254147,99774,118972,218746,72526,89433,161959,52921,64159,117080,29140,36619,65759,10742,18508,29250,2101,6198,8299,626935,732127,1359062
2021-09-24,68850,64529,133379,75758,79775,155533,98704,118456,217160,117807,137118,254925,100076,119437,219513,72692,89743,162435,53067,64376,117443,29216,36735,65951,10770,18547,29317,2102,6205,8307,629042,734921,1363963
2021-09-25,69006,64685,133691,75874,79908,155782,98812,118622,217434,117995,137378,255373,100237,119659,219896,72798,89884,162682,53154,64476,117630,29252,36781,66033,10780,18564,29344,2103,6213,8316,630011,736170,1366181
2021-09-26,69023,64706,133729,75888,79918,155806,98828,118648,217476,118022,137425,255447,100260,119697,219957,72812,89919,162731,53167,64485,117652,29260,36788,66048,10780,18565,29345,2104,6213,8317,630144,736364,1366508
2021-09-27,69023,64706,133729,75888,79918,155806,98828,118648,217476,118022,137425,255447,100260,119697,219957,72812,89919,162731,53167,64485,117652,29260,36788,66048,10780,18565,29345,2104,6213,8317,630144,736364,1366508
