FECHA,SM,SF,S,CM,CF,C,CEM,CEF,CE,EM,EF,E,IM,IF,I,TotalM,TotalF,Total
2020-03-15,0,0,0,0,0,0,1,0,1,0,0,0,0,2,2,1,2,3
2020-03-16,0,0,0,0,0,0,2,1,3,0,0,0,5,2,7,7,3,10
2020-03-17,0,0,0,0,0,0,3,0,3,0,0,0,6,4,10,9,4,13
2020-03-18,0,1,1,1,1,2,1,0,1,0,0,0,3,3,6,5,5,10
2020-03-19,0,0,0,2,0,2,2,0,2,0,0,0,6,2,8,10,2,12
2020-03-20,0,0,0,2,0,2,1,1,2,0,0,0,7,2,9,10,3,13
2020-03-21,0,0,0,0,0,0,4,4,8,0,0,0,9,5,14,13,9,22
2020-03-22,0,0,0,3,0,3,2,1,3,2,0,2,10,3,13,17,4,21
2020-03-23,2,0,2,3,3,6,6,2,8,1,0,1,4,3,7,16,8,24
2020-03-24,1,0,1,5,3,8,2,2,4,0,0,0,10,2,12,18,7,25
2020-03-25,1,0,1,6,2,8,1,2,3,0,1,1,10,4,14,18,9,27
2020-03-26,0,0,0,1,2,3,4,4,8,0,0,0,7,5,12,12,11,23
2020-03-27,2,0,2,1,4,5,2,2,4,0,1,1,3,2,5,8,9,17
2020-03-28,1,2,3,3,3,6,2,1,3,0,1,1,2,0,2,8,7,15
2020-03-29,3,0,3,6,6,12,0,2,2,0,0,0,4,6,10,13,14,27
2020-03-30,3,1,4,11,7,18,1,0,1,0,0,0,2,3,5,17,11,28
2020-03-31,3,0,3,8,5,13,2,4,6,0,0,0,2,1,3,15,10,25
2020-04-01,0,2,2,8,8,16,1,1,2,1,0,1,3,3,6,13,14,27
2020-04-02,2,2,4,9,4,13,5,9,14,1,0,1,0,1,1,17,16,33
2020-04-03,3,4,7,3,6,9,1,4,5,0,0,0,1,0,1,8,14,22
2020-04-04,1,2,3,3,3,6,0,1,1,1,0,1,0,2,2,5,8,13
2020-04-05,1,3,4,4,3,7,1,2,3,0,0,0,1,1,2,7,9,16
2020-04-06,2,5,7,7,4,11,1,2,3,0,1,1,0,3,3,10,15,25
2020-04-07,1,3,4,7,2,9,2,2,4,0,0,0,1,1,2,11,8,19
2020-04-08,1,7,8,6,2,8,3,2,5,0,0,0,0,0,0,10,11,21
2020-04-09,0,2,2,3,1,4,3,0,3,0,0,0,1,0,1,7,3,10
2020-04-10,0,1,1,4,2,6,1,1,2,0,0,0,0,0,0,5,4,9
2020-04-11,1,1,2,2,1,3,1,1,2,0,0,0,0,1,1,4,4,8
2020-04-12,3,2,5,1,3,4,1,2,3,0,0,0,0,0,0,5,7,12
2020-04-13,3,4,7,4,3,7,2,3,5,0,1,1,0,0,0,9,11,20
2020-04-14,3,1,4,9,7,16,1,1,2,0,0,0,0,0,0,13,9,22
2020-04-15,3,1,4,1,4,5,0,1,1,0,0,0,0,0,0,4,6,10
2020-04-16,2,2,4,7,3,10,3,9,12,0,0,0,1,0,1,13,14,27
2020-04-17,4,4,8,2,9,11,2,2,4,0,0,0,0,0,0,8,15,23
2020-04-18,1,2,3,2,7,9,3,7,10,1,0,1,1,0,1,8,16,24
2020-04-19,1,4,5,5,6,11,3,5,8,0,0,0,0,0,0,9,15,24
2020-04-20,3,2,5,3,4,7,5,5,10,0,0,0,0,0,0,11,11,22
2020-04-21,0,4,4,5,15,20,5,8,13,0,0,0,0,1,1,10,28,38
2020-04-22,2,2,4,17,21,38,7,8,15,1,0,1,0,0,0,27,31,58
2020-04-23,2,2,4,15,11,26,15,15,30,1,0,1,0,0,0,33,28,61
2020-04-24,4,9,13,7,5,12,10,9,19,1,1,2,1,0,1,23,24,47
2020-04-25,0,3,3,9,10,19,2,3,5,1,0,1,0,0,0,12,16,28
2020-04-26,0,3,3,6,5,11,2,2,4,0,0,0,0,0,0,8,10,18
2020-04-27,4,6,10,12,21,33,13,5,18,0,0,0,0,1,1,29,33,62
2020-04-28,6,3,9,12,11,23,2,2,4,0,0,0,1,1,2,21,17,38
2020-04-29,1,2,3,12,12,24,4,5,9,1,0,1,0,0,0,18,19,37
2020-04-30,5,2,7,14,6,20,3,5,8,1,0,1,0,0,0,23,13,36
2020-05-01,2,0,2,10,15,25,10,6,16,2,1,3,0,0,0,24,22,46
2020-05-02,1,2,3,7,4,11,9,14,23,0,0,0,0,0,0,17,20,37
2020-05-03,1,1,2,9,7,16,8,10,18,0,2,2,0,0,0,18,20,38
2020-05-04,4,4,8,14,17,31,6,7,13,4,1,5,0,0,0,28,29,57
2020-05-05,1,6,7,32,34,66,15,29,44,6,5,11,0,1,1,54,75,129
2020-05-06,5,5,10,18,10,28,11,20,31,5,6,11,0,0,0,39,41,80
2020-05-07,2,4,6,20,17,37,23,26,49,6,6,12,0,0,0,51,53,104
2020-05-08,5,6,11,38,30,68,34,37,71,5,2,7,0,0,0,82,75,157
2020-05-09,8,4,12,16,16,32,28,20,48,2,7,9,0,0,0,54,47,101
2020-05-10,5,5,10,18,17,35,80,24,104,4,1,5,0,0,0,107,47,154
2020-05-11,1,4,5,34,34,68,14,21,35,8,2,10,0,0,0,57,61,118
2020-05-12,6,8,14,54,45,99,38,57,95,4,3,7,0,0,0,102,113,215
2020-05-13,2,7,9,52,35,87,33,38,71,3,2,5,0,0,0,90,82,172
2020-05-14,2,2,4,70,65,135,30,39,69,8,12,20,0,0,0,110,118,228
2020-05-15,6,6,12,40,36,76,45,51,96,2,8,10,0,0,0,93,101,194
2020-05-16,4,6,10,50,52,102,31,31,62,5,10,15,0,0,0,90,99,189
2020-05-17,3,9,12,60,37,97,46,37,83,8,4,12,0,0,0,117,87,204
2020-05-18,5,6,11,79,75,154,76,85,161,13,15,28,0,0,0,173,181,354
2020-05-19,7,10,17,83,76,159,73,72,145,5,5,10,0,0,0,168,163,331
2020-05-20,5,18,23,79,70,149,58,66,124,13,11,24,0,0,0,155,165,320
2020-05-21,8,14,22,80,68,148,81,70,151,17,10,27,0,0,0,186,162,348
2020-05-22,5,18,23,70,69,139,67,55,122,11,8,19,0,0,0,153,150,303
2020-05-23,7,8,15,58,58,116,77,88,165,9,10,19,0,0,0,151,164,315
2020-05-24,4,6,10,55,46,101,57,52,109,6,6,12,1,0,1,123,110,233
2020-05-25,7,16,23,44,59,103,67,63,130,14,9,23,0,0,0,132,147,279
2020-05-26,15,14,29,73,69,142,86,102,188,16,11,27,0,0,0,190,196,386
2020-05-27,11,25,36,85,60,145,97,90,187,15,12,27,0,0,0,208,187,395
2020-05-28,13,21,34,99,101,200,94,92,186,11,18,29,0,0,0,217,232,449
2020-05-29,5,11,16,76,93,169,80,91,171,16,11,27,0,0,0,177,206,383
2020-05-30,3,8,11,52,63,115,64,63,127,11,9,20,0,1,1,130,144,274
2020-05-31,4,10,14,61,54,115,44,50,94,9,8,17,0,0,0,118,122,240
2020-06-01,12,9,21,81,78,159,64,76,140,26,18,44,0,0,0,183,181,364
2020-06-02,12,15,27,93,101,194,86,80,166,27,20,47,0,0,0,218,216,434
2020-06-03,9,15,24,102,98,200,66,69,135,24,21,45,0,0,0,201,203,404
2020-06-04,10,19,29,87,96,183,55,77,132,23,16,39,0,0,0,175,208,383
2020-06-05,7,16,23,99,106,205,100,68,168,24,20,44,0,0,0,230,210,440
2020-06-06,6,31,37,89,75,164,59,79,138,19,9,28,0,0,0,173,194,367
2020-06-07,4,5,9,61,61,122,71,84,155,7,8,15,0,0,0,143,158,301
2020-06-08,15,35,50,133,107,240,100,105,205,44,37,81,0,0,0,292,284,576
2020-06-09,13,15,28,118,124,242,104,109,213,43,35,78,0,0,0,278,283,561
2020-06-10,19,12,31,116,112,228,86,134,220,39,34,73,0,1,1,260,293,553
2020-06-11,24,20,44,142,130,272,110,108,218,38,22,60,0,0,0,314,280,594
2020-06-12,10,26,36,164,139,303,96,109,205,31,23,54,0,0,0,301,297,598
2020-06-13,5,19,24,96,92,188,106,124,230,19,24,43,0,0,0,226,259,485
2020-06-14,16,18,34,68,72,140,65,83,148,15,10,25,0,0,0,164,183,347
2020-06-15,8,18,26,93,73,166,93,76,169,27,12,39,0,0,0,221,179,400
2020-06-16,15,27,42,146,120,266,118,125,243,59,31,90,0,0,0,338,303,641
2020-06-17,14,34,48,205,168,373,144,150,294,53,37,90,0,0,0,416,389,805
2020-06-18,17,32,49,212,159,371,129,140,269,59,48,107,0,0,0,417,379,796
2020-06-19,29,35,64,190,171,361,124,155,279,44,28,72,0,0,0,387,389,776
2020-06-20,19,26,45,138,127,265,121,141,262,35,46,81,0,0,0,313,340,653
2020-06-21,17,18,35,110,99,209,97,100,197,36,28,64,0,0,0,260,245,505
2020-06-22,22,32,54,217,181,398,211,143,354,61,47,108,0,0,0,511,403,914
2020-06-23,27,34,61,201,159,360,149,166,315,46,39,85,0,0,0,423,398,821
2020-06-24,32,45,77,197,146,343,139,148,287,50,37,87,0,0,0,418,376,794
2020-06-25,20,36,56,175,169,344,148,166,314,52,35,87,0,0,0,395,406,801
2020-06-26,26,34,60,182,176,358,165,156,321,43,43,86,0,0,0,416,409,825
2020-06-27,19,21,40,132,150,282,130,125,255,35,25,60,0,0,0,316,321,637
2020-06-28,23,26,49,145,117,262,102,88,190,27,24,51,0,0,0,297,255,552
2020-06-29,27,38,65,208,163,371,139,147,286,45,32,77,0,0,0,419,380,799
2020-06-30,34,45,79,204,165,369,135,147,282,34,32,66,0,0,0,407,389,796
2020-07-01,27,39,66,212,168,380,128,132,260,40,25,65,0,0,0,407,364,771
2020-07-02,33,48,81,224,192,416,144,145,289,25,27,52,0,0,0,426,412,838
2020-07-03,43,41,84,242,196,438,141,140,281,37,39,76,0,0,0,463,416,879
2020-07-04,19,40,59,188,247,435,101,95,196,40,26,66,1,1,2,349,409,758
2020-07-05,25,34,59,147,162,309,110,99,209,29,24,53,0,0,0,311,319,630
2020-07-06,44,68,112,249,244,493,147,122,269,52,34,86,0,0,0,492,468,960
2020-07-07,32,44,76,235,210,445,143,131,274,57,32,89,0,1,1,467,418,885
2020-07-08,35,50,85,249,286,535,139,133,272,46,40,86,0,0,0,469,509,978
2020-07-09,16,37,53,211,214,425,123,103,226,48,46,94,0,0,0,398,400,798
2020-07-10,21,43,64,195,209,404,134,115,249,57,35,92,0,0,0,407,402,809
2020-07-11,24,27,51,187,174,361,100,116,216,50,49,99,0,0,0,361,366,727
2020-07-12,21,31,52,149,132,281,100,89,189,41,38,79,0,0,0,311,290,601
2020-07-13,32,68,100,302,315,617,163,110,273,40,35,75,0,0,0,537,528,1065
2020-07-14,48,48,96,263,238,501,134,153,287,48,37,85,0,0,0,493,476,969
2020-07-15,32,63,95,291,254,545,111,154,265,50,37,87,0,1,1,484,509,993
2020-07-16,38,57,95,288,297,585,147,141,288,59,48,107,0,0,0,532,543,1075
2020-07-17,31,59,90,303,307,610,116,128,244,36,29,65,0,0,0,486,523,1009
2020-07-18,32,50,82,295,290,585,85,84,169,35,25,60,0,0,0,447,449,896
2020-07-19,38,35,73,224,227,451,97,114,211,57,37,94,0,0,0,416,413,829
2020-07-20,48,69,117,320,303,623,134,134,268,74,59,133,0,0,0,576,565,1141
2020-07-21,53,79,132,311,317,628,159,171,330,81,57,138,0,0,0,604,624,1228
2020-07-22,48,59,107,323,258,581,143,147,290,80,62,142,0,0,0,594,526,1120
2020-07-23,31,59,90,272,256,528,139,130,269,73,60,133,1,0,1,516,505,1021
2020-07-24,35,75,110,315,286,601,154,127,281,61,45,106,0,0,0,565,533,1098
2020-07-25,47,47,94,243,190,433,92,109,201,33,27,60,0,0,0,415,373,788
2020-07-26,26,26,52,197,218,415,68,91,159,36,23,59,0,0,0,327,358,685
2020-07-27,32,57,89,355,342,697,94,85,179,41,24,65,0,0,0,522,508,1030
2020-07-28,43,53,96,365,325,690,84,96,180,51,35,86,0,0,0,543,509,1052
2020-07-29,29,54,83,285,275,560,130,117,247,58,61,119,1,0,1,503,507,1010
2020-07-30,30,49,79,289,315,604,125,112,237,64,55,119,0,0,0,508,531,1039
2020-07-31,40,57,97,267,265,532,124,131,255,66,44,110,1,0,1,498,497,995
2020-08-01,34,49,83,253,233,486,119,129,248,45,56,101,0,0,0,451,467,918
2020-08-02,29,34,63,238,238,476,94,101,195,43,31,74,0,0,0,404,404,808
2020-08-03,44,59,103,373,399,772,163,155,318,81,77,158,0,0,0,661,690,1351
2020-08-04,37,68,105,352,397,749,164,143,307,92,71,163,1,0,1,646,679,1325
2020-08-05,35,48,83,422,476,898,133,87,220,83,66,149,0,0,0,673,677,1350
2020-08-06,28,55,83,310,305,615,129,122,251,71,63,134,0,0,0,538,545,1083
2020-08-07,23,54,77,302,282,584,110,115,225,63,61,124,0,0,0,498,512,1010
2020-08-08,23,44,67,214,284,498,86,90,176,47,31,78,0,0,0,370,449,819
2020-08-09,17,29,46,216,195,411,72,78,150,50,35,85,0,0,0,355,337,692
2020-08-10,31,52,83,326,349,675,113,133,246,58,51,109,0,0,0,528,585,1113
2020-08-11,26,50,76,322,300,622,100,88,188,63,55,118,0,0,0,511,493,1004
2020-08-12,29,60,89,288,258,546,110,102,212,61,56,117,0,0,0,488,476,964
2020-08-13,25,40,65,289,263,552,77,90,167,61,48,109,0,0,0,452,441,893
2020-08-14,29,44,73,284,248,532,95,112,207,46,44,90,0,0,0,454,448,902
2020-08-15,23,36,59,249,333,582,71,68,139,46,33,79,0,0,0,389,470,859
2020-08-16,18,28,46,188,164,352,67,59,126,53,20,73,0,0,0,326,271,597
2020-08-17,21,30,51,284,261,545,88,70,158,45,33,78,0,1,1,438,395,833
2020-08-18,36,59,95,327,340,667,102,83,185,91,65,156,1,0,1,557,547,1104
2020-08-19,41,52,93,353,371,724,93,94,187,98,52,150,0,0,0,585,569,1154
2020-08-20,30,28,58,339,310,649,111,87,198,62,46,108,0,0,0,542,471,1013
2020-08-21,35,49,84,319,296,615,101,97,198,61,55,116,0,0,0,516,497,1013
2020-08-22,20,37,57,248,267,515,99,77,176,57,36,93,0,0,0,424,417,841
2020-08-23,30,26,56,225,232,457,85,92,177,64,50,114,0,0,0,404,400,804
2020-08-24,31,53,84,389,331,720,108,122,230,87,70,157,0,0,0,615,576,1191
2020-08-25,32,51,83,432,417,849,92,97,189,71,71,142,0,0,0,627,636,1263
2020-08-26,47,35,82,491,438,929,86,87,173,70,64,134,0,0,0,694,624,1318
2020-08-27,29,48,77,448,464,912,99,120,219,61,51,112,0,0,0,637,683,1320
2020-08-28,27,36,63,379,374,753,99,102,201,73,67,140,0,0,0,578,579,1157
2020-08-29,16,42,58,280,290,570,90,77,167,50,47,97,0,0,0,436,456,892
2020-08-30,14,28,42,260,231,491,45,61,106,55,46,101,0,0,0,374,366,740
2020-08-31,34,50,84,434,469,903,79,69,148,65,45,110,0,0,0,612,633,1245
2020-09-01,25,28,53,444,438,882,69,72,141,60,54,114,0,0,0,598,592,1190
2020-09-02,17,29,46,330,307,637,68,57,125,45,59,104,0,0,0,460,452,912
2020-09-03,25,24,49,359,315,674,72,69,141,64,49,113,0,0,0,520,457,977
2020-09-04,24,55,79,353,330,683,60,62,122,43,56,99,0,0,0,480,503,983
2020-09-05,15,21,36,284,305,589,55,64,119,57,45,102,0,0,0,411,435,846
2020-09-06,14,29,43,215,199,414,55,40,95,38,35,73,1,0,1,323,303,626
2020-09-07,24,38,62,406,379,785,62,78,140,60,31,91,0,0,0,552,526,1078
2020-09-08,23,46,69,414,378,792,88,69,157,43,47,90,0,0,0,568,540,1108
2020-09-09,21,35,56,414,378,792,82,66,148,46,39,85,0,0,0,563,518,1081
2020-09-10,18,32,50,366,378,744,76,63,139,54,50,104,0,0,0,514,523,1037
2020-09-11,22,37,59,362,346,708,54,83,137,50,32,82,0,0,0,488,498,986
2020-09-12,19,26,45,233,284,517,43,43,86,26,33,59,0,0,0,321,386,707
2020-09-13,19,24,43,231,228,459,35,47,82,33,32,65,0,0,0,318,331,649
2020-09-14,25,29,54,308,327,635,66,53,119,59,42,101,0,0,0,458,451,909
2020-09-15,20,23,43,320,292,612,47,58,105,46,38,84,0,0,0,433,411,844
2020-09-16,26,18,44,321,354,675,40,35,75,42,30,72,0,0,0,429,437,866
2020-09-17,8,24,32,261,247,508,40,61,101,67,50,117,0,0,0,376,382,758
2020-09-18,17,27,44,303,322,625,40,52,92,43,28,71,0,0,0,403,429,832
2020-09-19,17,16,33,217,212,429,43,31,74,25,40,65,0,0,0,302,299,601
2020-09-20,1,21,22,164,162,326,31,32,63,25,23,48,0,0,0,221,238,459
2020-09-21,18,20,38,291,234,525,43,37,80,45,30,75,0,0,0,397,321,718
2020-09-22,18,20,38,308,298,606,36,36,72,40,38,78,0,0,0,402,392,794
2020-09-23,12,21,33,275,276,551,44,32,76,43,40,83,0,0,0,374,369,743
2020-09-24,18,31,49,309,290,599,46,52,98,51,23,74,0,0,0,424,396,820
2020-09-25,18,17,35,286,324,610,51,56,107,42,26,68,0,0,0,397,423,820
2020-09-26,6,14,20,185,195,380,34,43,77,41,28,69,0,0,0,266,280,546
2020-09-27,14,13,27,192,168,360,46,34,80,40,28,68,0,0,0,292,243,535
2020-09-28,8,25,33,316,288,604,49,39,88,43,46,89,0,0,0,416,398,814
2020-09-29,15,17,32,305,303,608,36,49,85,62,44,106,0,0,0,418,413,831
2020-09-30,12,20,32,278,283,561,42,45,87,74,40,114,0,0,0,406,388,794
2020-10-01,12,24,36,252,285,537,43,43,86,42,48,90,0,0,0,349,400,749
2020-10-02,9,26,35,283,300,583,37,42,79,36,37,73,0,0,0,365,405,770
2020-10-03,8,5,13,181,172,353,41,30,71,27,33,60,0,0,0,257,240,497
2020-10-04,10,9,19,151,161,312,22,30,52,21,15,36,0,0,0,204,215,419
2020-10-05,19,19,38,264,248,512,48,41,89,30,31,61,0,0,0,361,339,700
2020-10-06,14,22,36,289,281,570,51,46,97,51,36,87,0,0,0,405,385,790
2020-10-07,11,14,25,253,263,516,44,56,100,40,25,65,0,0,0,348,358,706
2020-10-08,12,19,31,240,282,522,39,56,95,36,31,67,0,0,0,327,388,715
2020-10-09,11,22,33,233,308,541,51,50,101,38,30,68,0,0,0,333,410,743
2020-10-10,10,16,26,193,191,384,33,37,70,22,24,46,0,0,0,258,268,526
2020-10-11,8,10,18,148,184,332,20,27,47,16,11,27,1,0,1,193,232,425
2020-10-12,10,8,18,197,209,406,53,38,91,23,12,35,0,0,0,283,267,550
2020-10-13,15,23,38,267,261,528,40,41,81,46,36,82,0,0,0,368,361,729
2020-10-14,8,17,25,267,269,536,31,28,59,41,35,76,0,0,0,347,349,696
2020-10-15,18,16,34,272,267,539,42,43,85,31,23,54,1,0,1,364,349,713
2020-10-16,8,24,32,247,265,512,35,48,83,30,30,60,0,0,0,320,367,687
2020-10-17,4,13,17,185,148,333,43,49,92,21,21,42,0,0,0,253,231,484
2020-10-18,2,6,8,127,137,264,21,21,42,17,14,31,0,0,0,167,178,345
2020-10-19,7,17,24,223,192,415,34,36,70,27,18,45,0,1,1,291,264,555
2020-10-20,6,12,18,220,216,436,25,30,55,32,19,51,0,0,0,283,277,560
2020-10-21,6,9,15,178,183,361,24,28,52,36,19,55,0,0,0,244,239,483
2020-10-22,10,10,20,159,139,298,32,29,61,24,23,47,1,0,1,226,201,427
2020-10-23,8,11,19,180,178,358,24,24,48,25,30,55,0,0,0,237,243,480
2020-10-24,5,5,10,128,132,260,31,28,59,26,14,40,0,0,0,190,179,369
2020-10-25,7,9,16,105,96,201,21,24,45,15,18,33,0,0,0,148,147,295
2020-10-26,13,11,24,162,154,316,31,17,48,18,27,45,0,0,0,224,209,433
2020-10-27,9,9,18,195,200,395,23,22,45,28,17,45,0,0,0,255,248,503
2020-10-28,10,3,13,173,151,324,25,29,54,20,17,37,0,0,0,228,200,428
2020-10-29,2,8,10,146,130,276,19,21,40,18,9,27,0,0,0,185,168,353
2020-10-30,6,12,18,111,108,219,19,12,31,12,10,22,0,0,0,148,142,290
2020-10-31,3,6,9,74,82,156,9,19,28,10,9,19,0,0,0,96,116,212
2020-11-01,5,3,8,104,93,197,25,19,44,17,9,26,0,0,0,151,124,275
2020-11-02,9,11,20,119,127,246,22,26,48,19,15,34,0,0,0,169,179,348
2020-11-03,8,14,22,133,117,250,18,7,25,8,13,21,0,0,0,167,151,318
2020-11-04,5,6,11,123,150,273,15,11,26,15,13,28,0,1,1,158,181,339
2020-11-05,6,7,13,175,164,339,20,24,44,22,22,44,0,0,0,223,217,440
2020-11-06,8,13,21,134,122,256,15,19,34,20,18,38,0,0,0,177,172,349
2020-11-07,4,6,10,106,111,217,12,12,24,15,14,29,0,0,0,137,143,280
2020-11-08,5,9,14,82,79,161,16,20,36,13,12,25,0,0,0,116,120,236
2020-11-09,5,15,20,155,141,296,20,20,40,22,27,49,0,0,0,202,203,405
2020-11-10,5,10,15,161,136,297,22,19,41,22,19,41,0,0,0,210,184,394
2020-11-11,4,18,22,149,130,279,26,26,52,24,14,38,0,0,0,203,188,391
2020-11-12,4,3,7,142,121,263,17,21,38,11,16,27,0,0,0,174,161,335
2020-11-13,3,12,15,147,111,258,16,23,39,19,19,38,0,0,0,185,165,350
2020-11-14,3,6,9,119,102,221,11,16,27,17,15,32,0,0,0,150,139,289
2020-11-15,5,5,10,80,91,171,12,11,23,10,7,17,0,0,0,107,114,221
2020-11-16,5,6,11,114,123,237,9,15,24,13,16,29,0,0,0,141,160,301
2020-11-17,3,9,12,133,142,275,24,24,48,22,13,35,0,0,0,182,188,370
2020-11-18,7,6,13,139,147,286,13,22,35,27,18,45,0,0,0,186,193,379
2020-11-19,6,10,16,116,113,229,7,14,21,13,9,22,0,0,0,142,146,288
2020-11-20,3,4,7,110,92,202,16,10,26,3,7,10,0,0,0,132,113,245
2020-11-21,7,4,11,100,123,223,8,14,22,5,9,14,0,0,0,120,150,270
2020-11-22,2,7,9,65,56,121,9,10,19,14,7,21,0,1,1,90,81,171
2020-11-23,2,3,5,72,65,137,13,8,21,11,16,27,0,0,0,98,92,190
2020-11-24,7,7,14,127,103,230,17,19,36,14,17,31,0,0,0,165,146,311
2020-11-25,3,9,12,153,144,297,22,16,38,22,17,39,0,0,0,200,186,386
2020-11-26,6,13,19,96,125,221,13,13,26,24,14,38,0,0,0,139,165,304
2020-11-27,12,4,16,133,96,229,16,14,30,12,10,22,0,0,0,173,124,297
2020-11-28,4,2,6,91,97,188,7,14,21,11,14,25,0,0,0,113,127,240
2020-11-29,4,7,11,94,73,167,12,11,23,20,14,34,0,0,0,130,105,235
2020-11-30,7,3,10,111,113,224,8,12,20,12,13,25,0,0,0,138,141,279
2020-12-01,5,5,10,120,91,211,9,15,24,11,15,26,0,0,0,145,126,271
2020-12-02,4,3,7,90,95,185,5,9,14,5,10,15,0,0,0,104,117,221
2020-12-03,2,4,6,110,88,198,17,17,34,10,7,17,0,0,0,139,116,255
2020-12-04,6,8,14,124,98,222,14,18,32,15,13,28,0,1,1,159,138,297
2020-12-05,2,5,7,92,98,190,11,16,27,8,19,27,0,0,0,113,138,251
2020-12-06,4,5,9,84,75,159,11,7,18,3,7,10,0,0,0,102,94,196
2020-12-07,4,6,10,81,79,160,7,10,17,5,8,13,0,0,0,97,103,200
2020-12-08,5,8,13,123,97,220,14,8,22,11,7,18,0,0,0,153,120,273
2020-12-09,5,10,15,144,131,275,18,25,43,13,15,28,0,0,0,180,181,361
2020-12-10,3,11,14,134,136,270,20,30,50,12,18,30,0,0,0,169,195,364
2020-12-11,0,6,6,133,132,265,13,16,29,13,13,26,0,0,0,159,167,326
2020-12-12,3,5,8,124,91,215,21,20,41,7,10,17,1,0,1,156,126,282
2020-12-13,1,6,7,103,100,203,22,23,45,15,9,24,1,0,1,142,138,280
2020-12-14,8,13,21,176,169,345,17,16,33,20,20,40,0,0,0,221,218,439
2020-12-15,6,9,15,189,142,331,22,22,44,13,16,29,0,0,0,230,189,419
2020-12-16,7,7,14,175,165,340,27,19,46,14,15,29,0,0,0,223,206,429
2020-12-17,13,12,25,180,208,388,33,33,66,43,29,72,0,0,0,269,282,551
2020-12-18,4,13,17,230,193,423,28,44,72,18,21,39,0,2,2,280,273,553
2020-12-19,4,7,11,187,162,349,33,34,67,17,9,26,1,1,2,242,213,455
2020-12-20,7,7,14,175,151,326,17,20,37,16,11,27,0,0,0,215,189,404
2020-12-21,7,14,21,275,223,498,34,38,72,41,49,90,1,0,1,358,324,682
2020-12-22,11,10,21,260,253,513,33,37,70,34,25,59,0,0,0,338,325,663
2020-12-23,9,8,17,323,305,628,52,41,93,29,27,56,1,0,1,414,381,795
2020-12-24,5,4,9,172,156,328,23,29,52,11,8,19,0,0,0,211,197,408
2020-12-25,2,2,4,138,98,236,17,14,31,6,13,19,0,0,0,163,127,290
2020-12-26,5,8,13,316,303,619,55,47,102,36,35,71,0,0,0,412,393,805
2020-12-27,8,7,15,251,216,467,40,30,70,28,30,58,0,0,0,327,283,610
2020-12-28,5,11,16,420,408,828,60,51,111,62,48,110,0,0,0,547,518,1065
2020-12-29,10,17,27,436,441,877,74,81,155,72,46,118,0,0,0,592,585,1177
2020-12-30,15,19,34,493,451,944,76,98,174,35,32,67,1,0,1,620,600,1220
2020-12-31,7,7,14,291,266,557,34,54,88,45,31,76,0,0,0,377,358,735
2021-01-01,2,7,9,120,142,262,16,9,25,12,11,23,0,1,1,150,170,320
2021-01-02,6,7,13,348,330,678,44,59,103,30,20,50,0,0,0,428,416,844
2021-01-03,11,14,25,338,324,662,43,50,93,31,31,62,0,1,1,423,420,843
2021-01-04,15,16,31,574,592,1166,59,54,113,64,44,108,0,0,0,712,706,1418
2021-01-05,15,12,27,554,502,1056,53,71,124,73,70,143,0,1,1,695,656,1351
2021-01-06,9,14,23,568,507,1075,57,59,116,60,49,109,2,2,4,696,631,1327
2021-01-07,8,7,15,473,475,948,61,66,127,59,53,112,1,0,1,602,601,1203
2021-01-08,10,15,25,476,463,939,61,45,106,38,42,80,0,2,2,585,567,1152
2021-01-09,7,10,17,384,384,768,53,51,104,29,31,60,0,0,0,473,476,949
2021-01-10,5,8,13,276,286,562,34,39,73,17,25,42,0,0,0,332,358,690
2021-01-11,7,18,25,425,396,821,43,51,94,47,35,82,0,0,0,522,500,1022
2021-01-12,5,12,17,456,430,886,56,61,117,50,44,94,1,0,1,568,547,1115
2021-01-13,6,9,15,451,482,933,42,52,94,68,57,125,1,2,3,568,602,1170
2021-01-14,4,12,16,427,403,830,50,47,97,49,42,91,3,1,4,533,505,1038
2021-01-15,10,3,13,474,387,861,54,56,110,41,38,79,0,0,0,579,484,1063
2021-01-16,5,3,8,340,365,705,33,34,67,31,27,58,0,0,0,409,429,838
2021-01-17,6,7,13,316,298,614,27,25,52,33,22,55,2,0,2,384,352,736
2021-01-18,7,5,12,485,440,925,53,51,104,54,38,92,0,1,1,599,535,1134
2021-01-19,5,8,13,425,431,856,40,51,91,55,41,96,2,0,2,527,531,1058
2021-01-20,6,7,13,471,435,906,36,39,75,25,24,49,1,0,1,539,505,1044
2021-01-21,8,7,15,436,410,846,41,59,100,36,30,66,1,0,1,522,506,1028
2021-01-22,5,7,12,376,371,747,47,49,96,40,35,75,0,1,1,468,463,931
2021-01-23,4,11,15,317,312,629,19,34,53,29,27,56,0,0,0,369,384,753
2021-01-24,4,8,12,312,273,585,22,23,45,23,17,40,0,0,0,361,321,682
2021-01-25,6,12,18,455,406,861,39,50,89,60,35,95,1,0,1,561,503,1064
2021-01-26,7,12,19,422,438,860,34,32,66,31,27,58,0,1,1,494,510,1004
2021-01-27,7,5,12,377,350,727,33,25,58,30,36,66,0,0,0,447,416,863
2021-01-28,2,5,7,382,372,754,48,32,80,28,26,54,1,1,2,461,436,897
2021-01-29,1,4,5,350,406,756,40,48,88,27,27,54,1,0,1,419,485,904
2021-01-30,3,4,7,307,330,637,23,33,56,21,14,35,2,0,2,356,381,737
2021-01-31,2,4,6,303,330,633,26,30,56,27,21,48,0,1,1,358,386,744
2021-02-01,8,11,19,415,413,828,35,39,74,32,34,66,1,4,5,491,501,992
2021-02-02,4,6,10,364,378,742,37,38,75,24,22,46,0,2,2,429,446,875
2021-02-03,3,9,12,379,342,721,35,34,69,35,38,73,3,1,4,455,424,879
2021-02-04,2,4,6,303,299,602,30,50,80,35,35,70,1,1,2,371,389,760
2021-02-05,5,10,15,288,276,564,31,44,75,24,30,54,0,1,1,348,361,709
2021-02-06,3,2,5,242,228,470,16,24,40,16,20,36,0,0,0,277,274,551
2021-02-07,1,2,3,189,184,373,21,26,47,22,20,42,0,0,0,233,232,465
2021-02-08,5,12,17,322,335,657,34,43,77,32,21,53,0,1,1,393,412,805
2021-02-09,7,3,10,269,224,493,28,33,61,16,21,37,0,0,0,320,281,601
2021-02-10,2,5,7,267,259,526,21,38,59,18,13,31,1,0,1,309,315,624
2021-02-11,2,5,7,252,269,521,26,31,57,20,16,36,0,0,0,300,321,621
2021-02-12,1,2,3,259,257,516,28,20,48,24,13,37,0,0,0,312,292,604
2021-02-13,2,4,6,205,172,377,28,25,53,17,32,49,0,0,0,252,233,485
2021-02-14,1,1,2,163,205,368,13,13,26,16,10,26,0,1,1,193,230,423
2021-02-15,4,5,9,179,195,374,15,21,36,16,20,36,0,0,0,214,241,455
2021-02-16,4,4,8,188,212,400,18,17,35,12,21,33,0,0,0,222,254,476
2021-02-17,2,4,6,304,275,579,26,37,63,31,29,60,0,0,0,363,345,708
2021-02-18,2,3,5,275,284,559,23,41,64,29,28,57,0,0,0,329,356,685
2021-02-19,1,6,7,287,263,550,29,22,51,30,16,46,1,2,3,348,309,657
2021-02-20,0,6,6,209,217,426,30,20,50,18,13,31,0,0,0,257,256,513
2021-02-21,2,3,5,182,207,389,21,18,39,20,21,41,0,0,0,225,249,474
2021-02-22,3,4,7,239,209,448,32,32,64,31,20,51,1,0,1,306,265,571
2021-02-23,2,7,9,264,227,491,30,25,55,22,25,47,0,0,0,318,284,602
2021-02-24,3,7,10,251,233,484,21,26,47,18,17,35,0,0,0,293,283,576
2021-02-25,0,5,5,261,278,539,24,39,63,43,34,77,1,0,1,329,356,685
2021-02-26,1,3,4,218,237,455,27,27,54,31,23,54,0,0,0,277,290,567
2021-02-27,2,7,9,185,187,372,22,28,50,25,17,42,0,0,0,234,239,473
2021-02-28,1,0,1,162,168,330,13,13,26,11,12,23,2,0,2,189,193,382
2021-03-01,3,5,8,275,252,527,30,32,62,32,30,62,0,0,0,340,319,659
2021-03-02,1,4,5,242,222,464,32,26,58,24,32,56,0,0,0,299,284,583
2021-03-03,5,4,9,270,267,537,36,29,65,28,14,42,0,0,0,339,314,653
2021-03-04,3,1,4,254,221,475,31,28,59,29,25,54,0,0,0,317,275,592
2021-03-05,2,5,7,292,274,566,46,49,95,33,30,63,1,0,1,374,358,732
2021-03-06,0,7,7,193,205,398,37,27,64,23,14,37,0,0,0,253,253,506
2021-03-07,1,4,5,183,194,377,23,27,50,30,15,45,0,0,0,237,240,477
2021-03-08,3,7,10,314,260,574,34,42,76,38,25,63,1,2,3,390,336,726
2021-03-09,0,9,9,291,287,578,37,39,76,49,47,96,0,0,0,377,382,759
2021-03-10,1,9,10,268,299,567,16,41,57,27,16,43,0,0,0,312,365,677
2021-03-11,1,5,6,263,305,568,40,42,82,43,21,64,0,0,0,347,373,720
2021-03-12,3,10,13,298,280,578,46,48,94,42,40,82,0,0,0,389,378,767
2021-03-13,1,5,6,224,216,440,49,34,83,31,38,69,1,2,3,306,295,601
2021-03-14,4,1,5,194,226,420,42,34,76,21,23,44,0,0,0,261,284,545
2021-03-15,2,0,2,356,268,624,31,42,73,25,26,51,0,0,0,414,336,750
2021-03-16,3,8,11,319,295,614,36,40,76,27,22,49,0,0,0,385,365,750
2021-03-17,3,5,8,295,275,570,34,45,79,50,39,89,0,1,1,382,365,747
2021-03-18,0,2,2,301,334,635,31,44,75,28,30,58,1,0,1,361,410,771
2021-03-19,4,4,8,329,350,679,47,45,92,28,36,64,0,0,0,408,435,843
2021-03-20,1,1,2,242,220,462,27,25,52,38,19,57,1,1,2,309,266,575
2021-03-21,2,1,3,250,259,509,22,34,56,32,27,59,0,0,0,306,321,627
2021-03-22,1,5,6,405,386,791,43,51,94,53,53,106,0,1,1,502,496,998
2021-03-23,4,5,9,461,452,913,48,48,96,38,45,83,0,0,0,551,550,1101
2021-03-24,3,4,7,453,422,875,50,66,116,68,48,116,0,0,0,574,540,1114
2021-03-25,5,7,12,500,475,975,58,78,136,64,74,138,0,0,0,627,634,1261
2021-03-26,1,8,9,549,553,1102,52,64,116,68,58,126,0,0,0,670,683,1353
2021-03-27,3,8,11,478,470,948,75,73,148,30,33,63,0,0,0,586,584,1170
2021-03-28,3,6,9,472,427,899,50,63,113,39,24,63,1,0,1,565,520,1085
2021-03-29,5,9,14,681,597,1278,62,85,147,100,76,176,0,0,0,848,767,1615
2021-03-30,7,7,14,771,698,1469,73,97,170,64,63,127,0,0,0,915,865,1780
2021-03-31,9,6,15,810,738,1548,95,75,170,50,49,99,0,0,0,964,868,1832
2021-04-01,1,13,14,750,756,1506,99,86,185,74,54,128,1,0,1,925,909,1834
2021-04-02,2,9,11,664,621,1285,62,84,146,59,47,106,0,0,0,787,761,1548
2021-04-03,4,4,8,707,702,1409,75,83,158,45,41,86,0,0,0,831,830,1661
2021-04-04,8,7,15,728,658,1386,58,66,124,61,50,111,0,0,0,855,781,1636
2021-04-05,5,15,20,1141,1126,2267,77,93,170,84,99,183,0,0,0,1307,1333,2640
2021-04-06,6,16,22,1157,1084,2241,79,92,171,70,57,127,0,0,0,1312,1249,2561
2021-04-07,7,16,23,1268,1160,2428,66,83,149,81,63,144,0,1,1,1422,1323,2745
2021-04-08,5,17,22,1130,1115,2245,86,108,194,95,61,156,0,0,0,1316,1301,2617
2021-04-09,7,16,23,1056,1066,2122,75,89,164,83,76,159,0,1,1,1221,1248,2469
2021-04-10,5,12,17,879,880,1759,79,101,180,66,52,118,0,0,0,1029,1045,2074
2021-04-11,1,7,8,819,874,1693,66,51,117,47,43,90,0,0,0,933,975,1908
2021-04-12,11,9,20,1208,1112,2320,110,96,206,100,82,182,0,0,0,1429,1299,2728
2021-04-13,8,11,19,1095,1073,2168,80,76,156,89,88,177,1,0,1,1273,1248,2521
2021-04-14,7,13,20,1154,1191,2345,86,106,192,81,52,133,0,0,0,1328,1362,2690
2021-04-15,5,14,19,1069,980,2049,83,80,163,71,72,143,0,0,0,1228,1146,2374
2021-04-16,10,10,20,1132,1114,2246,102,76,178,85,62,147,0,1,1,1329,1263,2592
2021-04-17,8,11,19,910,966,1876,78,87,165,90,73,163,0,0,0,1086,1137,2223
2021-04-18,9,7,16,856,801,1657,71,76,147,54,53,107,0,0,0,990,937,1927
2021-04-19,5,13,18,1297,1219,2516,73,88,161,94,81,175,0,0,0,1469,1401,2870
2021-04-20,6,9,15,1246,1178,2424,94,82,176,86,96,182,0,0,0,1432,1365,2797
2021-04-21,7,5,12,1219,1214,2433,68,87,155,79,48,127,0,0,0,1373,1354,2727
2021-04-22,6,5,11,1037,1074,2111,71,75,146,83,59,142,0,0,0,1197,1213,2410
2021-04-23,4,11,15,1122,1101,2223,61,73,134,44,66,110,0,0,0,1231,1251,2482
2021-04-24,3,11,14,776,759,1535,63,64,127,58,44,102,0,0,0,900,878,1778
2021-04-25,3,5,8,743,743,1486,44,61,105,58,31,89,0,0,0,848,840,1688
2021-04-26,12,18,30,998,996,1994,76,77,153,84,87,171,0,0,0,1170,1178,2348
2021-04-27,7,23,30,980,1007,1987,73,86,159,54,56,110,0,0,0,1114,1172,2286
2021-04-28,5,17,22,1052,938,1990,71,79,150,44,54,98,1,0,1,1173,1088,2261
2021-04-29,7,11,18,959,982,1941,59,72,131,55,56,111,0,0,0,1080,1121,2201
2021-04-30,4,8,12,979,1019,1998,61,76,137,56,47,103,0,0,0,1100,1150,2250
2021-05-01,6,3,9,638,648,1286,66,68,134,45,51,96,0,0,0,755,770,1525
2021-05-02,4,11,15,651,669,1320,40,52,92,27,32,59,0,0,0,722,764,1486
2021-05-03,5,6,11,1085,1092,2177,86,93,179,70,69,139,0,0,0,1246,1260,2506
2021-05-04,7,10,17,990,908,1898,59,78,137,82,66,148,0,0,0,1138,1062,2200
2021-05-05,5,9,14,859,902,1761,58,76,134,44,40,84,0,0,0,966,1027,1993
2021-05-06,2,4,6,763,820,1583,47,54,101,50,39,89,0,0,0,862,917,1779
2021-05-07,1,8,9,824,860,1684,59,51,110,51,40,91,0,0,0,935,959,1894
2021-05-08,3,8,11,637,634,1271,48,38,86,44,46,90,0,0,0,732,726,1458
2021-05-09,7,7,14,552,572,1124,47,44,91,40,35,75,0,0,0,646,658,1304
2021-05-10,7,6,13,1053,1110,2163,76,90,166,87,79,166,0,0,0,1223,1285,2508
2021-05-11,3,5,8,961,946,1907,78,97,175,61,63,124,0,0,0,1103,1111,2214
2021-05-12,8,9,17,971,967,1938,63,80,143,73,64,137,0,0,0,1115,1120,2235
2021-05-13,3,6,9,873,841,1714,49,58,107,48,42,90,0,1,1,973,948,1921
2021-05-14,5,14,19,1047,1090,2137,77,98,175,69,63,132,0,0,0,1198,1265,2463
2021-05-15,6,9,15,795,769,1564,73,66,139,54,55,109,0,0,0,928,899,1827
2021-05-16,5,17,22,693,695,1388,57,71,128,84,56,140,0,0,0,839,839,1678
2021-05-17,11,15,26,1290,1311,2601,102,113,215,93,69,162,0,0,0,1496,1508,3004
2021-05-18,6,11,17,1236,1249,2485,83,67,150,70,63,133,0,0,0,1395,1390,2785
2021-05-19,4,19,23,1273,1214,2487,60,86,146,79,48,127,0,0,0,1416,1367,2783
2021-05-20,3,12,15,1115,1166,2281,67,87,154,67,55,122,0,0,0,1252,1320,2572
2021-05-21,5,8,13,1067,1088,2155,79,79,158,48,58,106,0,0,0,1199,1233,2432
2021-05-22,6,8,14,742,766,1508,71,65,136,61,53,114,0,0,0,880,892,1772
2021-05-23,7,9,16,770,677,1447,59,71,130,43,37,80,0,0,0,879,794,1673
2021-05-24,4,17,21,1045,945,1990,92,82,174,79,72,151,1,0,1,1221,1116,2337
2021-05-25,12,11,23,993,951,1944,64,74,138,42,43,85,0,0,0,1111,1079,2190
2021-05-26,8,13,21,1217,1163,2380,73,91,164,82,83,165,0,0,0,1380,1350,2730
2021-05-27,9,13,22,1092,1073,2165,75,86,161,68,69,137,0,0,0,1244,1241,2485
2021-05-28,6,9,15,1020,1008,2028,78,95,173,68,68,136,0,0,0,1172,1180,2352
2021-05-29,2,6,8,711,766,1477,57,84,141,65,63,128,0,0,0,835,919,1754
2021-05-30,4,12,16,565,605,1170,43,46,89,27,35,62,0,0,0,639,698,1337
2021-05-31,8,14,22,930,1031,1961,54,60,114,37,42,79,1,0,1,1030,1147,2177
2021-06-01,9,10,19,812,848,1660,75,67,142,41,44,85,0,0,0,937,969,1906
2021-06-02,5,12,17,691,701,1392,56,70,126,41,41,82,0,0,0,793,824,1617
2021-06-03,1,8,9,702,751,1453,50,51,101,45,38,83,0,0,0,798,848,1646
2021-06-04,5,17,22,706,732,1438,38,63,101,49,48,97,0,0,0,798,860,1658
2021-06-05,6,11,17,550,538,1088,39,42,81,39,41,80,0,0,0,634,632,1266
2021-06-06,3,6,9,491,473,964,36,40,76,37,38,75,0,0,0,567,557,1124
2021-06-07,7,9,16,808,797,1605,51,41,92,28,32,60,0,0,0,894,879,1773
2021-06-08,4,12,16,663,664,1327,58,63,121,44,36,80,0,0,0,769,775,1544
2021-06-09,4,7,11,680,604,1284,38,38,76,52,43,95,0,0,0,774,692,1466
2021-06-10,6,6,12,750,740,1490,40,43,83,30,32,62,0,0,0,826,821,1647
2021-06-11,4,5,9,679,662,1341,39,47,86,29,36,65,0,0,0,751,750,1501
2021-06-12,3,7,10,384,395,779,48,57,105,41,34,75,0,0,0,476,493,969
2021-06-13,1,5,6,433,442,875,39,44,83,28,26,54,0,0,0,501,517,1018
2021-06-14,8,4,12,719,697,1416,39,74,113,37,38,75,0,0,0,803,813,1616
2021-06-15,4,7,11,593,585,1178,46,56,102,48,31,79,0,0,0,691,679,1370
2021-06-16,7,8,15,543,530,1073,41,49,90,29,31,60,0,0,0,620,618,1238
2021-06-17,5,7,12,569,584,1153,45,35,80,27,29,56,0,0,0,646,655,1301
2021-06-18,6,11,17,478,495,973,45,40,85,25,30,55,0,0,0,554,576,1130
2021-06-19,3,2,5,323,352,675,39,39,78,34,38,72,0,0,0,399,431,830
2021-06-20,3,1,4,301,284,585,28,35,63,24,26,50,0,0,0,356,346,702
2021-06-21,5,14,19,386,398,784,39,41,80,41,47,88,0,1,1,471,501,972
2021-06-22,7,5,12,635,653,1288,51,60,111,29,35,64,0,0,0,722,753,1475
2021-06-23,5,4,9,581,518,1099,39,45,84,25,24,49,0,0,0,650,591,1241
2021-06-24,7,7,14,569,592,1161,44,54,98,37,42,79,0,0,0,657,695,1352
2021-06-25,4,5,9,580,656,1236,58,46,104,34,37,71,0,0,0,676,744,1420
2021-06-26,3,7,10,383,371,754,33,48,81,39,34,73,0,0,0,458,460,918
2021-06-27,2,9,11,306,320,626,30,43,73,28,19,47,0,0,0,366,391,757
2021-06-28,4,11,15,495,506,1001,30,38,68,25,23,48,0,0,0,554,578,1132
2021-06-29,3,4,7,457,482,939,34,37,71,19,16,35,0,0,0,513,539,1052
2021-06-30,3,8,11,457,479,936,31,32,63,29,31,60,0,0,0,520,550,1070
2021-07-01,5,6,11,446,456,902,31,39,70,28,25,53,0,1,1,510,527,1037
2021-07-02,4,4,8,450,440,890,29,40,69,26,30,56,1,0,1,510,514,1024
2021-07-03,1,6,7,300,299,599,27,47,74,34,23,57,0,0,0,362,375,737
2021-07-04,0,4,4,270,249,519,29,21,50,36,18,54,0,0,0,335,292,627
2021-07-05,4,7,11,504,459,963,43,29,72,21,22,43,0,0,0,572,517,1089
2021-07-06,7,6,13,452,401,853,24,26,50,30,26,56,0,0,0,513,459,972
2021-07-07,3,8,11,401,357,758,33,33,66,29,23,52,0,0,0,466,421,887
2021-07-08,6,5,11,447,466,913,41,36,77,26,30,56,0,0,0,520,537,1057
2021-07-09,2,2,4,317,305,622,23,20,43,29,29,58,0,0,0,371,356,727
2021-07-10,1,3,4,314,329,643,23,38,61,20,31,51,0,0,0,358,401,759
2021-07-11,4,7,11,275,277,552,16,19,35,20,23,43,0,0,0,315,326,641
2021-07-12,6,6,12,449,438,887,36,31,67,24,25,49,0,0,0,515,500,1015
2021-07-13,4,1,5,379,397,776,21,15,36,19,25,44,0,0,0,423,438,861
2021-07-14,7,6,13,360,407,767,25,25,50,29,16,45,0,0,0,421,454,875
2021-07-15,2,6,8,396,382,778,20,30,50,16,22,38,0,0,0,434,440,874
2021-07-16,2,7,9,360,405,765,25,17,42,15,16,31,0,1,1,402,446,848
2021-07-17,2,7,9,294,263,557,16,14,30,19,20,39,0,0,0,331,304,635
2021-07-18,3,5,8,200,200,400,11,20,31,13,13,26,0,0,0,227,238,465
2021-07-19,0,3,3,337,352,689,24,26,50,18,12,30,0,0,0,379,393,772
2021-07-20,2,4,6,295,296,591,20,13,33,14,14,28,0,0,0,331,327,658
2021-07-21,5,4,9,297,328,625,18,17,35,11,13,24,0,0,0,331,362,693
2021-07-22,4,1,5,326,291,617,20,22,42,22,27,49,0,1,1,372,342,714
2021-07-23,2,1,3,297,330,627,29,26,55,25,18,43,0,0,0,353,375,728
2021-07-24,1,2,3,235,219,454,18,13,31,17,26,43,0,0,0,271,260,531
2021-07-25,1,3,4,219,212,431,10,14,24,4,8,12,0,0,0,234,237,471
2021-07-26,3,3,6,357,356,713,20,34,54,17,18,35,0,0,0,397,411,808
2021-07-27,3,6,9,300,302,602,17,23,40,16,16,32,0,0,0,336,347,683
2021-07-28,2,6,8,229,277,506,20,17,37,5,11,16,1,0,1,257,311,568
2021-07-29,1,2,3,282,264,546,6,11,17,7,13,20,0,0,0,296,290,586
2021-07-30,2,2,4,276,312,588,21,23,44,19,21,40,0,0,0,318,358,676
2021-07-31,0,5,5,197,220,417,15,26,41,17,13,30,0,1,1,229,265,494
2021-08-01,2,4,6,198,196,394,15,21,36,16,13,29,0,0,0,231,234,465
2021-08-02,4,1,5,351,384,735,19,16,35,11,12,23,0,0,0,385,413,798
2021-08-03,5,2,7,317,314,631,11,11,22,17,10,27,0,0,0,350,337,687
2021-08-04,2,3,5,286,271,557,19,20,39,11,8,19,0,0,0,318,302,620
2021-08-05,1,2,3,305,336,641,12,14,26,7,8,15,0,1,1,325,361,686
2021-08-06,2,4,6,298,323,621,18,19,37,13,22,35,0,0,0,331,368,699
2021-08-07,1,0,1,158,203,361,18,17,35,13,8,21,0,0,0,190,228,418
2021-08-08,2,3,5,153,187,340,16,9,25,10,16,26,0,0,0,181,215,396
2021-08-09,2,2,4,252,244,496,12,12,24,7,4,11,0,1,1,273,263,536
2021-08-10,1,3,4,250,270,520,7,8,15,4,7,11,0,0,0,262,288,550
2021-08-11,2,2,4,221,257,478,7,17,24,11,15,26,0,0,0,241,291,532
2021-08-12,2,1,3,220,226,446,10,15,25,8,10,18,0,0,0,240,252,492
2021-08-13,0,3,3,207,228,435,6,10,16,8,7,15,0,0,0,221,248,469
2021-08-14,2,1,3,146,150,296,9,11,20,11,7,18,0,0,0,168,169,337
2021-08-15,0,4,4,132,126,258,6,5,11,8,8,16,0,0,0,146,143,289
2021-08-16,1,3,4,148,146,294,8,10,18,6,12,18,0,0,0,163,171,334
2021-08-17,1,2,3,235,206,441,14,9,23,15,18,33,0,0,0,265,235,500
2021-08-18,2,2,4,233,212,445,13,10,23,9,9,18,0,0,0,257,233,490
2021-08-19,1,3,4,194,173,367,10,12,22,11,6,17,0,0,0,216,194,410
2021-08-20,1,2,3,195,243,438,12,10,22,7,2,9,0,1,1,215,258,473
2021-08-21,0,1,1,112,133,245,7,10,17,7,9,16,0,1,1,126,154,280
2021-08-22,2,0,2,108,119,227,7,9,16,6,4,10,0,0,0,123,132,255
2021-08-23,1,3,4,164,148,312,6,11,17,7,3,10,0,0,0,178,165,343
2021-08-24,1,4,5,145,162,307,7,6,13,7,5,12,0,0,0,160,177,337
2021-08-25,1,2,3,138,155,293,5,4,9,7,7,14,0,0,0,151,168,319
2021-08-26,1,0,1,151,145,296,9,8,17,2,4,6,0,0,0,163,157,320
2021-08-27,0,0,0,139,145,284,5,8,13,7,7,14,0,0,0,151,160,311
2021-08-28,0,2,2,103,94,197,7,9,16,5,6,11,0,0,0,115,111,226
2021-08-29,0,1,1,97,102,199,4,5,9,5,8,13,0,0,0,106,116,222
2021-08-30,1,3,4,115,150,265,12,9,21,6,6,12,0,0,0,134,168,302
2021-08-31,2,2,4,135,123,258,7,11,18,10,6,16,0,0,0,154,142,296
2021-09-01,3,1,4,115,146,261,11,11,22,1,5,6,0,0,0,130,163,293
2021-09-02,1,0,1,105,126,231,6,7,13,4,7,11,0,1,1,116,141,257
2021-09-03,1,1,2,124,143,267,4,2,6,5,10,15,0,0,0,134,156,290
2021-09-04,0,1,1,50,69,119,2,4,6,2,5,7,0,0,0,54,79,133
2021-09-05,0,4,4,76,58,134,6,4,10,4,5,9,0,0,0,86,71,157
2021-09-06,1,1,2,113,100,213,4,4,8,4,3,7,1,0,1,123,108,231
2021-09-07,1,3,4,88,86,174,3,4,7,2,2,4,0,0,0,94,95,189
2021-09-08,0,3,3,90,85,175,1,4,5,2,1,3,0,0,0,93,93,186
2021-09-09,0,1,1,79,80,159,10,7,17,3,3,6,0,0,0,92,91,183
2021-09-10,0,3,3,110,95,205,3,5,8,4,2,6,0,0,0,117,105,222
2021-09-11,1,1,2,63,61,124,5,3,8,1,1,2,0,0,0,70,66,136
2021-09-12,0,2,2,49,69,118,3,2,5,1,1,2,0,0,0,53,74,127
2021-09-13,2,1,3,91,98,189,3,3,6,5,3,8,0,0,0,101,105,206
2021-09-14,1,1,2,73,83,156,2,5,7,3,3,6,1,0,1,80,92,172
2021-09-15,1,1,2,79,86,165,1,1,2,1,2,3,0,0,0,82,90,172
2021-09-16,0,0,0,82,80,162,3,1,4,1,1,2,0,0,0,86,82,168
2021-09-17,0,0,0,75,85,160,4,4,8,0,2,2,0,0,0,79,91,170
2021-09-18,0,2,2,47,45,92,2,0,2,1,2,3,0,0,0,50,49,99
2021-09-19,0,0,0,38,42,80,1,1,2,4,2,6,0,0,0,43,45,88
2021-09-20,1,1,2,53,55,108,4,1,5,4,0,4,0,0,0,62,57,119
2021-09-21,0,1,1,70,55,125,2,1,3,0,0,0,0,0,0,72,57,129
2021-09-22,0,0,0,61,51,112,1,1,2,2,1,3,0,0,0,64,53,117
2021-09-23,0,0,0,61,72,133,2,0,2,2,1,3,0,0,0,65,73,138
2021-09-24,0,0,0,70,66,136,2,4,6,1,2,3,0,0,0,73,72,145
2021-09-25,1,3,4,28,45,73,4,2,6,2,2,4,0,0,0,35,52,87
2021-09-26,0,0,0,27,31,58,5,5,10,1,0,1,0,0,0,33,36,69
2021-09-27,0,0,0,49,61,110,2,1,3,2,3,5,0,0,0,53,65,118
2021-09-28,0,1,1,45,50,95,0,1,1,2,4,6,0,0,0,47,56,103
2021-09-29,1,1,2,33,58,91,1,0,1,4,1,5,0,0,0,39,60,99
2021-09-30,0,0,0,35,40,75,2,0,2,3,1,4,0,0,0,40,41,81
2021-10-01,0,1,1,48,70,118,2,1,3,3,1,4,0,0,0,53,73,126
2021-10-02,0,1,1,29,40,69,2,1,3,1,1,2,0,0,0,32,43,75
2021-10-03,0,0,0,26,31,57,0,1,1,0,0,0,0,0,0,26,32,58
2021-10-04,0,0,0,46,51,97,1,1,2,0,2,2,0,0,0,47,54,101
2021-10-05,0,1,1,58,57,115,0,1,1,1,1,2,0,0,0,59,60,119
2021-10-06,1,0,1,57,77,134,4,3,7,0,1,1,0,0,0,62,81,143
2021-10-07,0,0,0,50,48,98,2,2,4,1,2,3,0,0,0,53,52,105
2021-10-08,0,0,0,41,27,68,1,2,3,1,2,3,0,0,0,43,31,74
2021-10-09,0,0,0,25,29,54,2,1,3,3,3,6,0,0,0,30,33,63
2021-10-10,0,0,0,43,34,77,3,4,7,0,5,5,0,0,0,46,43,89
2021-10-11,1,0,1,47,46,93,3,3,6,0,2,2,0,0,0,51,51,102
2021-10-12,1,1,2,81,84,165,1,5,6,5,4,9,1,1,2,89,95,184
2021-10-13,0,0,0,66,74,140,6,4,10,1,0,1,0,0,0,73,78,151
2021-10-14,1,0,1,80,94,174,6,3,9,3,1,4,0,0,0,90,98,188
2021-10-15,0,0,0,56,78,134,4,1,5,4,3,7,1,0,1,65,82,147
2021-10-16,1,0,1,40,49,89,8,7,15,3,4,7,0,0,0,52,60,112
2021-10-17,0,1,1,32,26,58,5,0,5,4,2,6,0,0,0,41,29,70
2021-10-18,0,0,0,63,57,120,4,3,7,3,2,5,0,0,0,70,62,132
2021-10-19,0,1,1,58,80,138,1,2,3,5,2,7,0,0,0,64,85,149
2021-10-20,0,3,3,74,108,182,5,1,6,2,3,5,0,0,0,81,115,196
2021-10-21,0,1,1,101,120,221,1,10,11,2,2,4,0,0,0,104,133,237
2021-10-22,1,0,1,92,118,210,1,1,2,3,3,6,0,0,0,97,122,219
2021-10-23,0,0,0,63,63,126,3,4,7,2,1,3,0,0,0,68,68,136
2021-10-24,0,0,0,59,45,104,4,3,7,0,2,2,0,0,0,63,50,113
2021-10-25,0,0,0,69,107,176,2,3,5,1,1,2,0,0,0,72,111,183
2021-10-26,1,0,1,91,73,164,4,4,8,1,2,3,0,1,1,97,80,177
2021-10-27,0,0,0,87,98,185,2,4,6,1,3,4,0,0,0,90,105,195
2021-10-28,0,2,2,82,83,165,4,3,7,5,2,7,0,0,0,91,90,181
2021-10-29,0,2,2,83,96,179,5,0,5,5,2,7,0,0,0,93,100,193
2021-10-30,0,0,0,62,72,134,3,4,7,4,2,6,0,0,0,69,78,147
2021-10-31,2,3,5,52,56,108,3,1,4,0,6,6,0,0,0,57,66,123
2021-11-01,0,0,0,66,87,153,1,3,4,3,9,12,0,1,1,70,100,170
2021-11-02,0,1,1,70,74,144,3,3,6,2,3,5,0,0,0,75,81,156
2021-11-03,0,2,2,78,98,176,5,6,11,1,6,7,0,0,0,84,112,196
2021-11-04,0,1,1,111,91,202,3,6,9,3,3,6,0,0,0,117,101,218
2021-11-05,1,0,1,73,91,164,1,5,6,4,2,6,0,0,0,79,98,177
2021-11-06,1,2,3,76,82,158,3,8,11,8,5,13,1,1,2,89,98,187
2021-11-07,3,1,4,53,58,111,3,3,6,3,0,3,0,0,0,62,62,124
2021-11-08,0,0,0,93,105,198,4,4,8,4,2,6,0,0,0,101,111,212
2021-11-09,0,0,0,84,115,199,5,6,11,3,2,5,0,0,0,92,123,215
2021-11-10,2,2,4,114,121,235,2,5,7,4,7,11,1,0,1,123,135,258
2021-11-11,0,1,1,111,101,212,2,4,6,2,3,5,0,0,0,115,109,224
2021-11-12,0,1,1,104,121,225,3,3,6,4,9,13,0,0,0,111,134,245
2021-11-13,0,0,0,81,91,172,3,7,10,3,2,5,0,0,0,87,100,187
2021-11-14,0,0,0,66,66,132,3,8,11,5,2,7,0,0,0,74,76,150
2021-11-15,0,2,2,86,121,207,2,7,9,3,7,10,0,0,0,91,137,228
2021-11-16,1,3,4,87,101,188,6,7,13,9,5,14,0,0,0,103,116,219
2021-11-17,0,2,2,110,94,204,2,7,9,2,5,7,0,0,0,114,108,222
2021-11-18,2,1,3,101,89,190,10,10,20,4,2,6,0,0,0,117,102,219
2021-11-19,1,3,4,91,97,188,6,4,10,6,6,12,0,0,0,104,110,214
2021-11-20,0,2,2,85,76,161,4,10,14,6,7,13,0,0,0,95,95,190
2021-11-21,0,0,0,76,85,161,7,5,12,7,9,16,0,0,0,90,99,189
2021-11-22,0,1,1,73,88,161,3,14,17,8,6,14,0,0,0,84,109,193
2021-11-23,1,2,3,117,155,272,8,7,15,9,5,14,0,0,0,135,169,304
2021-11-24,0,0,0,142,130,272,3,9,12,8,8,16,0,1,1,153,148,301
2021-11-25,0,2,2,110,147,257,2,7,9,5,3,8,1,1,2,118,160,278
2021-11-26,1,1,2,119,135,254,7,10,17,4,6,10,0,0,0,131,152,283
2021-11-27,0,0,0,108,100,208,9,7,16,5,8,13,0,0,0,122,115,237
2021-11-28,0,3,3,99,87,186,2,6,8,6,4,10,0,0,0,107,100,207
2021-11-29,0,1,1,149,190,339,3,5,8,9,12,21,0,0,0,161,208,369
2021-11-30,0,1,1,167,181,348,6,5,11,8,9,17,0,0,0,181,196,377
2021-12-01,0,4,4,184,222,406,4,9,13,10,7,17,0,1,1,198,243,441
2021-12-02,3,2,5,194,211,405,6,11,17,6,8,14,0,1,1,209,233,442
2021-12-03,1,2,3,140,176,316,8,13,21,9,12,21,0,0,0,158,203,361
2021-12-04,0,1,1,140,163,303,8,9,17,11,13,24,0,1,1,159,187,346
2021-12-05,1,1,2,122,127,249,8,9,17,10,12,22,0,0,0,141,149,290
2021-12-06,0,8,8,220,245,465,9,14,23,8,13,21,1,0,1,238,280,518
2021-12-07,1,2,3,210,270,480,8,17,25,12,9,21,0,0,0,231,298,529
2021-12-08,1,2,3,187,192,379,10,16,26,9,19,28,0,0,0,207,229,436
2021-12-09,3,4,7,290,321,611,15,14,29,10,21,31,0,0,0,318,360,678
2021-12-10,0,2,2,272,283,555,8,18,26,15,10,25,0,0,0,295,313,608
2021-12-11,1,1,2,210,264,474,8,13,21,22,19,41,0,0,0,241,297,538
2021-12-12,3,3,6,242,242,484,13,12,25,10,13,23,0,0,0,268,270,538
2021-12-13,2,2,4,349,363,712,17,21,38,29,22,51,0,1,1,397,409,806
2021-12-14,2,3,5,379,406,785,24,17,41,37,27,64,0,1,1,442,454,896
2021-12-15,5,5,10,394,397,791,27,33,60,27,28,55,0,0,0,453,463,916
2021-12-16,5,4,9,511,441,952,41,34,75,32,35,67,2,0,2,591,514,1105
2021-12-17,0,3,3,464,479,943,25,32,57,35,28,63,0,0,0,524,542,1066
2021-12-18,2,3,5,418,392,810,26,32,58,32,32,64,0,1,1,478,460,938
2021-12-19,3,10,13,397,448,845,25,30,55,34,23,57,0,1,1,459,512,971
2021-12-20,2,6,8,737,835,1572,30,27,57,35,49,84,1,0,1,805,917,1722
2021-12-21,3,11,14,939,1128,2067,41,32,73,62,49,111,2,2,4,1047,1222,2269
2021-12-22,4,19,23,1390,1569,2959,47,72,119,53,46,99,1,0,1,1495,1706,3201
2021-12-23,4,21,25,1429,1452,2881,61,66,127,71,64,135,2,2,4,1567,1605,3172
2021-12-24,5,6,11,1017,1050,2067,31,40,71,43,41,84,1,4,5,1097,1141,2238
2021-12-25,3,5,8,726,778,1504,28,43,71,31,24,55,0,2,2,788,852,1640
2021-12-26,5,15,20,1784,1892,3676,63,74,137,76,109,185,1,1,2,1929,2091,4020
2021-12-27,12,25,37,3029,3326,6355,56,58,114,46,55,101,0,1,1,3143,3465,6608
2021-12-28,6,11,17,3815,4433,8248,42,60,102,42,33,75,0,2,2,3905,4539,8444
2021-12-29,12,19,31,4296,4801,9097,42,51,93,23,21,44,1,2,3,4374,4894,9268
2021-12-30,3,10,13,4250,4927,9177,25,33,58,16,19,35,0,1,1,4294,4990,9284
2021-12-31,3,4,7,2490,2849,5339,21,15,36,14,16,30,0,1,1,2528,2885,5413
2022-01-01,1,4,5,1896,2037,3933,6,9,15,6,7,13,0,1,1,1909,2058,3967
2022-01-02,1,1,2,3908,4469,8377,9,12,21,14,16,30,1,0,1,3933,4498,8431
2022-01-03,9,19,28,6812,7906,14718,26,28,54,27,20,47,0,0,0,6874,7973,14847
2022-01-04,8,16,24,7288,8534,15822,37,43,80,42,51,93,0,1,1,7375,8645,16020
2022-01-05,10,21,31,7351,8868,16219,43,58,101,30,41,71,2,1,3,7436,8989,16425
2022-01-06,6,10,16,7396,8623,16019,38,42,80,39,47,86,1,2,3,7480,8724,16204
2022-01-07,4,17,21,6688,7890,14578,23,26,49,23,49,72,0,1,1,6738,7983,14721
2022-01-08,8,33,41,5045,5880,10925,14,22,36,8,16,24,0,0,0,5075,5951,11026
2022-01-09,13,19,32,5246,5904,11150,31,29,60,51,72,123,0,0,0,5341,6024,11365
2022-01-10,14,32,46,8459,9565,18024,27,38,65,44,51,95,0,1,1,8544,9687,18231
2022-01-11,9,11,20,7943,9049,16992,23,33,56,49,75,124,1,1,2,8025,9169,17194
2022-01-12,7,30,37,8096,9462,17558,45,49,94,67,68,135,0,0,0,8215,9609,17824
2022-01-13,6,11,17,6448,7549,13997,24,40,64,40,67,107,0,0,0,6518,7667,14185
2022-01-14,12,8,20,7766,8769,16535,28,34,62,45,61,106,0,0,0,7851,8872,16723
2022-01-15,7,10,17,5470,5987,11457,26,31,57,36,57,93,0,0,0,5539,6085,11624
2022-01-16,7,4,11,5512,6545,12057,17,21,38,20,26,46,0,0,0,5556,6596,12152
2022-01-17,15,33,48,7934,9205,17139,16,40,56,29,37,66,2,0,2,7996,9315,17311
2022-01-18,8,13,21,7873,9069,16942,23,31,54,47,59,106,0,0,0,7951,9172,17123
2022-01-19,5,17,22,6764,8195,14959,19,23,42,43,74,117,0,0,0,6831,8309,15140
2022-01-20,2,20,22,5932,7180,13112,16,24,40,22,26,48,0,0,0,5972,7250,13222
2022-01-21,7,17,24,5473,6702,12175,15,22,37,24,42,66,0,0,0,5519,6783,12302
2022-01-22,6,6,12,3640,4354,7994,11,16,27,14,28,42,0,0,0,3671,4404,8075
2022-01-23,1,7,8,3328,3972,7300,4,4,8,8,10,18,0,0,0,3341,3993,7334
2022-01-24,6,13,19,4884,5661,10545,12,20,32,17,25,42,0,0,0,4919,5719,10638
2022-01-25,9,16,25,3907,4706,8613,10,16,26,18,22,40,0,0,0,3944,4760,8704
2022-01-26,5,19,24,3484,4246,7730,17,22,39,9,29,38,0,0,0,3515,4316,7831
2022-01-27,10,15,25,3024,3600,6624,13,21,34,12,9,21,0,0,0,3059,3645,6704
2022-01-28,11,12,23,2602,3208,5810,21,26,47,18,25,43,0,1,1,2652,3272,5924
2022-01-29,7,16,23,1770,1984,3754,9,8,17,13,17,30,0,0,0,1799,2025,3824
2022-01-30,0,6,6,1617,1897,3514,4,0,4,5,5,10,1,0,1,1627,1908,3535
2022-01-31,7,8,15,2629,2981,5610,8,12,20,8,18,26,0,0,0,2652,3019,5671
2022-02-01,9,4,13,1967,2441,4408,6,6,12,3,11,14,0,0,0,1985,2462,4447
2022-02-02,8,14,22,1694,2089,3783,13,16,29,3,11,14,0,0,0,1718,2130,3848
2022-02-03,4,5,9,1423,1611,3034,6,12,18,14,16,30,0,0,0,1447,1644,3091
2022-02-04,1,6,7,1230,1568,2798,1,4,5,6,9,15,0,0,0,1238,1587,2825
2022-02-05,2,7,9,833,1060,1893,4,8,12,7,11,18,0,0,0,846,1086,1932
2022-02-06,7,8,15,720,807,1527,4,4,8,1,5,6,0,0,0,732,824,1556
2022-02-07,6,12,18,1047,1199,2246,12,11,23,1,5,6,0,0,0,1066,1227,2293
2022-02-08,5,4,9,783,1036,1819,16,14,30,4,3,7,0,0,0,808,1057,1865
2022-02-09,4,3,7,792,992,1784,8,2,10,2,4,6,0,0,0,806,1001,1807
2022-02-10,3,11,14,742,864,1606,10,9,19,2,5,7,0,0,0,757,889,1646
2022-02-11,2,4,6,563,717,1280,2,3,5,3,0,3,0,0,0,570,724,1294
2022-02-12,1,2,3,397,462,859,7,5,12,3,2,5,0,0,0,408,471,879
2022-02-13,0,4,4,359,398,757,3,1,4,1,1,2,0,0,0,363,404,767
2022-02-14,3,5,8,546,661,1207,2,7,9,6,5,11,0,0,0,557,678,1235
2022-02-15,2,6,8,496,614,1110,8,16,24,2,3,5,0,0,0,508,639,1147
2022-02-16,2,7,9,487,571,1058,4,14,18,4,7,11,0,0,0,497,599,1096
2022-02-17,2,11,13,462,498,960,5,6,11,3,3,6,0,0,0,472,518,990
2022-02-18,5,12,17,409,456,865,6,14,20,4,6,10,1,0,1,425,488,913
2022-02-19,0,0,0,309,303,612,0,2,2,7,3,10,0,0,0,316,308,624
2022-02-20,0,0,0,232,264,496,1,1,2,1,3,4,0,0,0,234,268,502
2022-02-21,4,4,8,363,411,774,3,2,5,7,0,7,0,0,0,377,417,794
2022-02-22,5,5,10,344,392,736,2,5,7,5,1,6,0,0,0,356,403,759
2022-02-23,1,3,4,365,409,774,3,1,4,4,5,9,0,0,0,373,418,791
2022-02-24,1,7,8,329,326,655,3,1,4,3,4,7,0,0,0,336,338,674
2022-02-25,0,0,0,298,293,591,1,2,3,6,3,9,0,0,0,305,298,603
2022-02-26,0,0,0,173,195,368,0,0,0,1,0,1,0,0,0,174,195,369
2022-02-27,0,0,0,182,161,343,0,0,0,1,0,1,0,0,0,183,161,344
2022-02-28,0,1,1,224,211,435,0,1,1,2,2,4,0,0,0,226,215,441
2022-03-01,0,1,1,153,196,349,0,0,0,2,1,3,0,0,0,155,198,353
2022-03-02,1,0,1,208,240,448,2,0,2,1,1,2,0,0,0,212,241,453
2022-03-03,0,2,2,195,256,451,0,3,3,1,2,3,0,0,0,196,263,459
2022-03-04,0,0,0,158,208,366,0,1,1,2,2,4,0,0,0,160,211,371
2022-03-05,0,0,0,138,157,295,0,2,2,5,4,9,0,0,0,143,163,306
2022-03-06,0,0,0,139,146,285,0,1,1,1,1,2,0,0,0,140,148,288
2022-03-07,0,0,0,132,182,314,0,1,1,0,0,0,0,0,0,132,183,315
2022-03-08,1,0,1,149,150,299,1,1,2,0,1,1,0,0,0,151,152,303
2022-03-09,0,1,1,133,167,300,2,1,3,1,2,3,0,0,0,136,171,307
2022-03-10,0,0,0,107,171,278,0,0,0,4,1,5,0,0,0,111,172,283
2022-03-11,0,0,0,117,146,263,0,0,0,1,1,2,0,0,0,118,147,265
2022-03-12,0,1,1,73,103,176,1,1,2,0,1,1,0,0,0,74,106,180
2022-03-13,0,0,0,97,103,200,0,0,0,0,0,0,0,0,0,97,103,200
2022-03-14,1,0,1,140,180,320,0,0,0,0,1,1,0,0,0,141,181,322
2022-03-15,0,0,0,177,181,358,0,0,0,0,1,1,0,0,0,177,182,359
2022-03-16,0,1,1,177,178,355,0,1,1,3,0,3,0,0,0,180,180,360
2022-03-17,1,0,1,128,151,279,1,0,1,5,1,6,0,0,0,135,152,287
2022-03-18,0,0,0,139,158,297,0,1,1,3,1,4,0,0,0,142,160,302
2022-03-19,0,0,0,127,103,230,0,0,0,0,2,2,0,0,0,127,105,232
2022-03-20,0,0,0,73,82,155,0,0,0,0,1,1,0,0,0,73,83,156
2022-03-21,0,1,1,110,159,269,0,0,0,2,2,4,0,0,0,112,162,274
2022-03-22,1,1,2,74,100,174,0,0,0,2,2,4,0,0,0,77,103,180
2022-03-23,0,1,1,90,110,200,0,0,0,0,2,2,0,1,1,90,114,204
2022-03-24,0,0,0,68,86,154,0,0,0,0,0,0,0,0,0,68,86,154
2022-03-25,0,0,0,95,126,221,0,0,0,2,1,3,0,0,0,97,127,224
2022-03-26,0,0,0,59,83,142,0,1,1,0,0,0,0,0,0,59,84,143
2022-03-27,0,0,0,88,94,182,0,0,0,0,1,1,0,0,0,88,95,183
2022-03-28,0,1,1,114,142,256,2,1,3,2,1,3,0,0,0,118,145,263
2022-03-29,1,0,1,103,129,232,0,1,1,0,0,0,0,0,0,104,130,234
2022-03-30,0,0,0,103,139,242,0,0,0,0,0,0,0,0,0,103,139,242
2022-03-31,0,0,0,91,121,212,0,1,1,1,0,1,0,0,0,92,122,214
2022-04-01,0,0,0,79,103,182,0,0,0,1,2,3,0,0,0,80,105,185
2022-04-02,0,0,0,64,92,156,0,0,0,0,0,0,0,0,0,64,92,156
2022-04-03,0,0,0,66,74,140,1,0,1,0,0,0,0,0,0,67,74,141
2022-04-04,1,0,1,112,135,247,0,0,0,0,0,0,0,0,0,113,135,248
2022-04-05,0,0,0,117,152,269,2,0,2,2,1,3,0,0,0,121,153,274
2022-04-06,0,1,1,118,154,272,1,0,1,1,0,1,0,0,0,120,155,275
2022-04-07,0,0,0,117,167,284,0,0,0,1,0,1,0,0,0,118,167,285
2022-04-08,0,1,1,119,145,264,0,0,0,1,1,2,1,0,1,121,147,268
2022-04-09,0,0,0,69,115,184,0,0,0,0,0,0,0,0,0,69,115,184
2022-04-10,0,0,0,90,116,206,0,0,0,0,0,0,0,0,0,90,116,206
2022-04-11,0,1,1,112,174,286,0,0,0,0,2,2,0,0,0,112,177,289
2022-04-12,0,0,0,127,178,305,0,0,0,3,3,6,0,0,0,130,181,311
2022-04-13,1,2,3,113,167,280,1,2,3,1,3,4,0,0,0,116,174,290
2022-04-14,0,0,0,115,137,252,0,0,0,1,2,3,0,0,0,116,139,255
2022-04-15,0,1,1,78,93,171,0,0,0,0,0,0,0,0,0,78,94,172
2022-04-16,1,0,1,90,126,216,0,0,0,0,0,0,0,0,0,91,126,217
2022-04-17,0,0,0,100,122,222,0,0,0,0,0,0,0,0,0,100,122,222
2022-04-18,0,2,2,167,252,419,1,1,2,1,4,5,0,0,0,169,259,428
2022-04-19,0,1,1,148,210,358,0,0,0,0,2,2,0,0,0,148,213,361
2022-04-20,0,2,2,171,221,392,0,1,1,3,1,4,0,0,0,174,225,399
2022-04-21,0,1,1,158,220,378,0,2,2,0,2,2,0,0,0,158,225,383
2022-04-22,0,0,0,149,169,318,0,0,0,1,0,1,0,0,0,150,169,319
2022-04-23,0,1,1,106,134,240,0,0,0,0,3,3,0,0,0,106,138,244
2022-04-24,0,0,0,101,134,235,0,0,0,0,0,0,0,0,0,101,134,235
2022-04-25,0,0,0,194,263,457,1,1,2,3,0,3,0,0,0,198,264,462
2022-04-26,0,1,1,196,286,482,0,1,1,3,2,5,0,0,0,199,290,489
2022-04-27,2,4,6,245,364,609,0,1,1,2,2,4,0,0,0,249,371,620
2022-04-28,0,0,0,277,355,632,1,2,3,1,2,3,0,0,0,279,359,638
2022-04-29,0,0,0,228,329,557,1,1,2,1,0,1,0,0,0,230,330,560
2022-04-30,0,0,0,173,229,402,0,0,0,1,2,3,0,0,0,174,231,405
2022-05-01,0,0,0,167,224,391,1,0,1,0,2,2,0,0,0,168,226,394
2022-05-02,0,2,2,334,444,778,1,2,3,4,8,12,0,0,0,339,456,795
2022-05-03,0,2,2,377,567,944,0,2,2,6,7,13,0,0,0,383,578,961
2022-05-04,0,1,1,474,697,1171,1,0,1,7,6,13,0,0,0,482,704,1186
2022-05-05,1,0,1,481,744,1225,1,0,1,9,8,17,0,0,0,492,752,1244
2022-05-06,1,1,2,544,739,1283,2,1,3,4,9,13,0,0,0,551,750,1301
2022-05-07,0,1,1,439,564,1003,0,0,0,4,3,7,0,0,0,443,568,1011
2022-05-08,0,1,1,414,607,1021,1,2,3,1,3,4,0,0,0,416,613,1029
2022-05-09,2,4,6,826,1241,2067,5,1,6,27,30,57,0,0,0,860,1276,2136
2022-05-10,0,4,4,761,1178,1939,4,1,5,35,42,77,0,0,0,800,1225,2025
2022-05-11,3,5,8,892,1341,2233,0,2,2,44,50,94,0,0,0,939,1398,2337
2022-05-12,3,6,9,889,1341,2230,2,1,3,69,87,156,0,0,0,963,1435,2398
2022-05-13,0,4,4,761,1084,1845,1,1,2,143,211,354,1,0,1,906,1300,2206
2022-05-14,0,2,2,124,178,302,0,3,3,498,743,1241,0,0,0,622,926,1548
2022-05-15,1,1,2,39,69,108,0,0,0,610,763,1373,0,0,0,650,833,1483
2022-05-16,2,7,9,73,99,172,2,8,10,969,1232,2201,0,0,0,1046,1346,2392
2022-05-17,1,2,3,44,77,121,1,1,2,885,1201,2086,0,0,0,931,1281,2212
2022-05-18,0,2,2,22,19,41,1,0,1,637,830,1467,0,0,0,660,851,1511
2022-05-19,1,4,5,41,53,94,1,0,1,1051,1602,2653,0,0,0,1094,1659,2753
2022-05-20,0,0,0,23,39,62,0,0,0,645,930,1575,0,0,0,668,969,1637
2022-05-21,0,0,0,0,0,0,0,0,0,0,0,0,0,0,0,0,0,0
