FECHA,<=10M,<=10F,<=10,11-20M,11-20F,11-20,21-30M,21-30F,21-30,31-40M,31-40F,31-40,41-50M,41-50F,41-50,51-60M,51-60F,51-60,61-70M,61-70F,61-70,71-80M,71-80F,71-80,81-90M,81-90F,81-90,>=91M,>=91F,>=91,TotalM,TotalF,Total,DelayCount,CumDelay,DelayAvg
2020-03-15,1,0,1,1,1,2,0,2,2,2,1,3,1,1,2,1,0,1,1,0,1,1,1,2,0,0,0,0,0,0,8,6,14,14,44,3.142857142857143
2020-03-16,1,3,4,1,1,2,1,3,4,1,1,2,0,1,1,3,1,4,2,3,5,0,0,0,0,0,0,0,0,0,9,13,22,22,72,3.272727272727273
2020-03-17,1,4,5,1,1,2,2,1,3,1,2,3,1,3,4,0,2,2,2,2,4,2,2,4,1,0,1,0,0,0,11,17,28,28,393,14.035714285714286
2020-03-18,3,1,4,1,0,1,1,0,1,2,1,3,1,3,4,1,1,2,0,2,2,1,0,1,1,0,1,0,0,0,11,8,19,19,36,1.894736842105263
2020-03-19,3,1,4,0,0,0,3,2,5,3,1,4,2,1,3,0,0,0,1,1,2,1,1,2,0,0,0,1,0,1,14,7,21,21,56,2.6666666666666665
2020-03-20,1,1,2,1,0,1,1,0,1,1,3,4,0,1,1,0,1,1,1,1,2,2,2,4,1,0,1,0,0,0,8,9,17,17,30,1.7647058823529411
2020-03-21,1,0,1,2,1,3,1,2,3,4,1,5,2,1,3,1,0,1,2,2,4,1,1,2,1,0,1,1,0,1,16,8,24,24,69,2.875
2020-03-22,3,1,4,0,0,0,4,1,5,0,0,0,0,0,0,3,1,4,0,1,1,2,0,2,3,2,5,0,1,1,15,7,22,22,51,2.3181818181818183
2020-03-23,4,1,5,1,2,3,2,2,4,3,1,4,2,2,4,2,2,4,2,2,4,5,3,8,3,3,6,0,2,2,24,20,44,44,79,1.7954545454545454
2020-03-24,2,1,3,0,0,0,2,2,4,3,2,5,0,2,2,2,2,4,0,1,1,2,0,2,2,1,3,1,0,1,14,11,25,25,37,1.48
2020-03-25,1,4,5,0,0,0,2,3,5,2,6,8,1,1,2,1,3,4,3,1,4,1,2,3,2,5,7,2,0,2,15,25,40,40,96,2.4
2020-03-26,4,3,7,2,2,4,2,2,4,4,3,7,2,4,6,4,2,6,1,4,5,4,3,7,5,0,5,2,1,3,30,24,54,54,185,3.425925925925926
2020-03-27,3,3,6,0,1,1,1,2,3,5,1,6,1,5,6,2,3,5,3,4,7,5,5,10,3,3,6,2,5,7,25,32,57,57,126,2.210526315789474
2020-03-28,2,1,3,0,0,0,3,2,5,2,1,3,1,1,2,4,2,6,4,0,4,4,7,11,3,1,4,0,0,0,23,15,38,38,125,3.289473684210526
2020-03-29,2,0,2,2,1,3,2,3,5,2,2,4,2,3,5,1,0,1,5,3,8,4,2,6,4,1,5,2,1,3,26,16,42,42,97,2.3095238095238093
2020-03-30,3,2,5,0,0,0,1,6,7,7,2,9,4,4,8,3,2,5,7,1,8,3,5,8,4,1,5,3,2,5,35,25,60,60,115,1.9166666666666667
2020-03-31,9,4,13,1,0,1,7,2,9,9,4,13,5,4,9,4,1,5,6,3,9,4,3,7,2,3,5,4,0,4,51,24,75,75,151,2.013333333333333
2020-04-01,11,10,21,1,2,3,6,4,10,9,2,11,12,6,18,4,8,12,4,3,7,6,4,10,5,5,10,0,1,1,58,45,103,103,219,2.1262135922330097
2020-04-02,10,9,19,2,4,6,4,7,11,5,6,11,3,6,9,2,8,10,9,6,15,8,6,14,5,7,12,3,3,6,51,62,113,113,199,1.761061946902655
2020-04-03,20,9,29,4,4,8,6,8,14,7,11,18,9,11,20,3,7,10,8,5,13,7,4,11,5,6,11,1,5,6,70,70,140,140,274,1.957142857142857
2020-04-04,10,13,23,3,4,7,3,7,10,5,10,15,7,4,11,6,0,6,6,3,9,2,5,7,4,2,6,1,3,4,47,51,98,98,183,1.8673469387755102
2020-04-05,9,10,19,4,5,9,6,1,7,7,2,9,8,5,13,4,5,9,2,11,13,6,8,14,3,4,7,2,2,4,51,53,104,104,178,1.7115384615384615
2020-04-06,11,9,20,4,2,6,9,5,14,11,5,16,11,4,15,10,3,13,7,8,15,10,5,15,7,4,11,1,3,4,81,48,129,129,192,1.4883720930232558
2020-04-07,10,9,19,4,5,9,6,4,10,8,8,16,5,6,11,10,2,12,3,4,7,8,8,16,6,11,17,2,1,3,62,58,120,120,133,1.1083333333333334
2020-04-08,8,10,18,4,2,6,4,8,12,5,3,8,9,4,13,7,6,13,9,7,16,11,4,15,1,4,5,3,5,8,61,53,114,114,144,1.263157894736842
2020-04-09,5,5,10,3,3,6,3,7,10,16,9,25,4,8,12,8,7,15,6,5,11,6,10,16,5,8,13,4,5,9,60,67,127,127,193,1.5196850393700787
2020-04-10,19,4,23,4,3,7,2,6,8,4,4,8,10,1,11,4,6,10,6,1,7,1,10,11,5,9,14,1,3,4,56,47,103,103,141,1.3689320388349515
2020-04-11,10,7,17,4,3,7,8,5,13,9,4,13,7,3,10,2,4,6,4,6,10,7,3,10,3,8,11,1,3,4,55,46,101,101,130,1.2871287128712872
2020-04-12,10,7,17,2,0,2,2,4,6,9,3,12,3,7,10,9,4,13,3,4,7,3,9,12,5,4,9,0,2,2,46,44,90,90,146,1.6222222222222222
2020-04-13,9,11,20,8,4,12,13,8,21,7,10,17,6,5,11,5,5,10,9,8,17,5,9,14,6,10,16,4,5,9,72,75,147,147,186,1.2653061224489797
2020-04-14,15,6,21,3,1,4,8,6,14,9,5,14,6,7,13,11,9,20,5,6,11,10,5,15,7,4,11,3,4,7,77,53,130,130,137,1.0538461538461539
2020-04-15,9,4,13,4,6,10,6,7,13,6,7,13,8,13,21,5,11,16,9,5,14,10,4,14,6,6,12,5,3,8,68,66,134,134,190,1.4179104477611941
2020-04-16,14,3,17,6,4,10,9,5,14,11,14,25,10,15,25,7,10,17,5,10,15,7,4,11,4,5,9,0,4,4,73,74,147,147,166,1.129251700680272
2020-04-17,16,11,27,5,5,10,3,6,9,6,15,21,13,9,22,10,8,18,7,6,13,16,11,27,5,8,13,1,3,4,82,82,164,164,238,1.451219512195122
2020-04-18,13,10,23,6,1,7,11,6,17,17,8,25,9,4,13,7,4,11,2,3,5,6,10,16,6,9,15,3,4,7,80,59,139,139,221,1.589928057553957
2020-04-19,11,10,21,4,1,5,5,3,8,6,4,10,6,6,12,5,9,14,7,7,14,5,8,13,5,7,12,1,1,2,55,56,111,111,134,1.2072072072072073
2020-04-20,15,11,26,11,7,18,15,6,21,13,11,24,12,9,21,9,7,16,12,10,22,15,12,27,10,10,20,4,13,17,116,96,212,212,249,1.1745283018867925
2020-04-21,14,9,23,5,8,13,12,6,18,9,17,26,5,5,10,7,9,16,9,8,17,14,11,25,7,10,17,2,10,12,84,93,177,177,210,1.1864406779661016
2020-04-22,14,11,25,4,7,11,7,10,17,12,4,16,13,8,21,7,8,15,10,5,15,6,13,19,9,12,21,7,6,13,89,84,173,173,264,1.5260115606936415
2020-04-23,18,14,32,4,5,9,8,10,18,10,9,19,9,10,19,6,12,18,8,5,13,10,7,17,11,11,22,6,9,15,90,92,182,182,181,0.9945054945054945
2020-04-24,19,12,31,6,6,12,10,10,20,13,14,27,8,7,15,8,9,17,8,10,18,11,11,22,10,14,24,3,3,6,96,96,192,192,208,1.0833333333333333
2020-04-25,13,10,23,4,1,5,3,7,10,9,7,16,5,6,11,5,7,12,6,4,10,6,5,11,10,16,26,4,4,8,65,67,132,132,121,0.9166666666666666
2020-04-26,10,17,27,5,7,12,6,3,9,4,2,6,8,6,14,3,4,7,8,7,15,6,7,13,7,7,14,1,3,4,58,63,121,121,102,0.8429752066115702
2020-04-27,14,13,27,6,4,10,6,9,15,5,17,22,4,12,16,11,9,20,8,8,16,18,5,23,11,16,27,3,4,7,86,97,183,183,156,0.8524590163934426
2020-04-28,21,9,30,5,5,10,15,13,28,12,12,24,8,12,20,7,9,16,6,8,14,3,12,15,6,14,20,2,4,6,85,98,183,183,144,0.7868852459016393
2020-04-29,24,12,36,6,6,12,16,9,25,17,17,34,12,9,21,8,9,17,5,8,13,11,6,17,3,14,17,5,10,15,107,100,207,207,162,0.782608695652174
2020-04-30,20,11,31,8,2,10,9,8,17,9,9,18,11,10,21,12,13,25,10,9,19,8,11,19,8,17,25,8,7,15,103,97,200,200,163,0.815
2020-05-01,3,13,16,6,6,12,1,7,8,13,12,25,11,7,18,7,4,11,10,6,16,7,9,16,9,11,20,0,2,2,67,77,144,144,130,0.9027777777777778
2020-05-02,7,16,23,6,6,12,9,3,12,8,6,14,6,5,11,7,2,9,3,4,7,8,1,9,5,11,16,1,4,5,60,58,118,118,121,1.0254237288135593
2020-05-03,8,10,18,4,3,7,6,6,12,7,6,13,5,7,12,8,2,10,8,6,14,5,9,14,6,8,14,3,5,8,60,62,122,122,102,0.8360655737704918
2020-05-04,20,20,40,5,2,7,11,10,21,13,11,24,7,5,12,9,4,13,9,11,20,15,17,32,7,16,23,2,4,6,98,100,198,198,156,0.7878787878787878
2020-05-05,15,13,28,7,3,10,13,11,24,13,14,27,6,14,20,11,7,18,12,7,19,15,9,24,5,13,18,1,10,11,98,101,199,199,131,0.6582914572864321
2020-05-06,14,16,30,5,2,7,13,7,20,16,16,32,20,9,29,7,6,13,11,9,20,18,14,32,7,12,19,4,6,10,115,97,212,212,148,0.6981132075471698
2020-05-07,17,12,29,7,6,13,15,9,24,11,15,26,17,12,29,5,7,12,7,8,15,17,7,24,7,12,19,1,7,8,104,95,199,199,134,0.6733668341708543
2020-05-08,17,13,30,7,6,13,15,7,22,13,17,30,15,13,28,15,4,19,11,11,22,12,10,22,11,12,23,3,12,15,119,105,224,224,246,1.0982142857142858
2020-05-09,19,12,31,4,1,5,7,12,19,4,8,12,9,9,18,5,6,11,8,6,14,12,3,15,5,12,17,5,8,13,78,77,155,155,146,0.9419354838709677
2020-05-10,9,9,18,2,3,5,9,10,19,7,6,13,5,9,14,4,6,10,9,6,15,8,13,21,5,12,17,1,5,6,59,79,138,137,120,0.8759124087591241
2020-05-11,18,19,37,5,5,10,9,11,20,15,13,28,14,13,27,9,6,15,10,8,18,13,8,21,13,18,31,4,15,19,110,116,226,226,164,0.7256637168141593
2020-05-12,20,11,31,8,10,18,26,22,48,22,11,33,8,17,25,6,5,11,9,10,19,8,10,18,9,14,23,5,12,17,121,122,243,243,168,0.691358024691358
2020-05-13,27,17,44,9,10,19,20,14,34,16,21,37,15,7,22,11,9,20,9,10,19,9,8,17,8,16,24,1,8,9,125,120,245,245,232,0.9469387755102041
2020-05-14,22,27,49,10,18,28,14,20,34,20,20,40,13,8,21,9,14,23,10,12,22,10,9,19,11,15,26,2,14,16,121,157,278,278,248,0.8920863309352518
2020-05-15,20,23,43,8,6,14,7,13,20,15,19,34,9,15,24,12,7,19,11,8,19,7,6,13,8,20,28,5,9,14,102,126,228,227,202,0.8898678414096917
2020-05-16,14,17,31,7,9,16,5,12,17,10,20,30,7,11,18,7,7,14,8,7,15,9,7,16,6,5,11,5,13,18,78,108,186,186,233,1.2526881720430108
2020-05-17,21,13,34,4,8,12,11,11,22,7,11,18,9,12,21,4,3,7,8,7,15,6,5,11,11,13,24,3,3,6,84,86,170,170,128,0.7529411764705882
2020-05-18,21,25,46,9,14,23,25,21,46,22,22,44,12,20,32,15,10,25,15,14,29,17,13,30,17,13,30,1,11,12,154,163,317,317,234,0.7381703470031545
2020-05-19,19,20,39,17,13,30,30,26,56,35,26,61,26,16,42,20,14,34,17,11,28,10,19,29,12,22,34,3,9,12,189,176,365,365,254,0.6958904109589041
2020-05-20,30,42,72,14,16,30,28,24,52,43,19,62,17,17,34,12,12,24,17,17,34,12,11,23,12,16,28,6,5,11,191,179,370,370,237,0.6405405405405405
2020-05-21,36,34,70,19,14,33,31,27,58,25,34,59,18,22,40,18,12,30,14,6,20,14,7,21,7,16,23,1,4,5,183,176,359,359,195,0.5431754874651811
2020-05-22,36,18,54,13,17,30,32,31,63,23,26,49,22,18,40,13,10,23,7,10,17,10,11,21,8,17,25,6,12,18,170,170,340,340,156,0.4588235294117647
2020-05-23,20,19,39,16,17,33,24,23,47,28,16,44,8,18,26,9,9,18,12,10,22,8,13,21,9,6,15,2,2,4,136,133,269,269,162,0.6022304832713755
2020-05-24,17,20,37,11,8,19,15,12,27,14,15,29,12,5,17,7,4,11,11,9,20,12,9,21,5,12,17,2,6,8,106,100,206,206,143,0.6941747572815534
2020-05-25,27,26,53,20,23,43,22,29,51,16,20,36,21,12,33,5,8,13,10,8,18,10,6,16,10,15,25,2,9,11,143,156,299,299,167,0.5585284280936454
2020-05-26,38,35,73,25,23,48,39,38,77,46,38,84,20,30,50,13,21,34,12,7,19,15,6,21,10,13,23,3,10,13,221,221,442,442,323,0.7307692307692307
2020-05-27,46,38,84,12,18,30,23,34,57,27,24,51,17,16,33,19,16,35,10,8,18,7,14,21,4,15,19,4,2,6,169,185,354,354,262,0.7401129943502824
2020-05-28,29,43,72,19,13,32,29,35,64,29,22,51,26,24,50,16,20,36,9,15,24,10,8,18,14,17,31,4,13,17,185,210,395,395,289,0.7316455696202532
2020-05-29,38,32,70,22,20,42,43,38,81,30,42,72,31,21,52,15,21,36,15,12,27,16,15,31,15,16,31,1,4,5,226,221,447,447,327,0.7315436241610739
2020-05-30,30,25,55,15,11,26,37,25,62,32,18,50,14,20,34,13,15,28,9,6,15,11,11,22,7,11,18,1,7,8,169,149,318,316,140,0.4430379746835443
2020-05-31,28,16,44,12,13,25,16,11,27,18,10,28,15,10,25,5,10,15,8,4,12,11,6,17,6,10,16,0,8,8,119,98,217,217,110,0.5069124423963134
2020-06-01,34,30,64,25,18,43,32,44,76,29,38,67,18,27,45,16,15,31,24,17,41,12,9,21,8,10,18,3,4,7,201,212,413,413,270,0.6537530266343826
2020-06-02,44,30,74,20,20,40,38,29,67,26,29,55,18,21,39,15,15,30,14,11,25,23,12,35,7,17,24,4,13,17,209,197,406,406,246,0.6059113300492611
2020-06-03,39,23,62,15,30,45,30,27,57,28,40,68,18,26,44,10,12,22,17,15,32,18,12,30,10,16,26,2,9,11,187,210,397,397,216,0.5440806045340051
2020-06-04,36,35,71,18,27,45,36,32,68,19,29,48,20,18,38,27,18,45,11,7,18,21,13,34,10,19,29,2,9,11,200,207,407,404,248,0.6138613861386139
2020-06-05,44,40,84,16,20,36,35,29,64,32,38,70,28,27,55,25,24,49,17,15,32,16,14,30,12,20,32,4,9,13,229,236,465,465,392,0.843010752688172
2020-06-06,28,24,52,17,12,29,20,20,40,30,27,57,13,17,30,13,11,24,11,12,23,13,8,21,12,17,29,1,9,10,158,157,315,310,236,0.7612903225806451
2020-06-07,24,24,48,16,11,27,20,21,41,19,19,38,20,10,30,12,8,20,9,4,13,8,7,15,11,11,22,2,8,10,141,123,264,261,146,0.5593869731800766
2020-06-08,33,35,68,23,23,46,42,27,69,41,41,82,35,24,59,17,19,36,16,14,30,16,15,31,12,16,28,4,7,11,239,221,460,458,297,0.648471615720524
2020-06-09,56,36,92,24,23,47,22,45,67,30,31,61,28,24,52,17,7,24,12,10,22,10,14,24,13,27,40,3,11,14,215,228,443,440,357,0.8113636363636364
2020-06-10,26,41,67,14,18,32,44,24,68,36,41,77,34,23,57,26,20,46,22,14,36,21,25,46,5,20,25,6,15,21,234,241,475,475,318,0.6694736842105263
2020-06-11,40,42,82,15,19,34,35,33,68,40,35,75,19,28,47,18,25,43,12,22,34,16,19,35,7,28,35,3,15,18,205,266,471,471,311,0.6602972399150743
2020-06-12,45,45,90,10,26,36,55,40,95,46,55,101,37,40,77,20,23,43,28,16,44,17,14,31,6,21,27,4,9,13,268,289,557,557,362,0.6499102333931778
2020-06-13,36,29,65,24,20,44,38,39,77,36,35,71,12,30,42,20,18,38,11,7,18,12,8,20,9,18,27,2,6,8,200,210,410,410,295,0.7195121951219512
2020-06-14,21,32,53,20,17,37,26,22,48,20,17,37,19,12,31,14,18,32,11,6,17,3,14,17,14,20,34,0,8,8,148,166,314,314,210,0.6687898089171974
2020-06-15,39,32,71,27,21,48,32,32,64,25,28,53,19,21,40,15,12,27,14,5,19,12,10,22,6,16,22,2,10,12,191,187,378,378,223,0.58994708994709
2020-06-16,54,61,115,23,23,46,63,50,113,49,39,88,39,26,65,22,20,42,15,13,28,16,7,23,13,24,37,3,13,16,297,276,573,573,359,0.6265270506108203
2020-06-17,43,47,90,24,29,53,57,42,99,45,52,97,39,30,69,24,15,39,16,15,31,9,19,28,18,17,35,1,8,9,276,274,550,550,429,0.78
2020-06-18,52,45,97,22,17,39,64,50,114,55,58,113,48,27,75,35,25,60,20,20,40,14,14,28,14,25,39,2,11,13,326,292,618,618,545,0.8818770226537217
2020-06-19,59,35,94,16,30,46,40,43,83,68,49,117,39,45,84,41,28,69,29,19,48,19,19,38,18,19,37,7,14,21,336,301,637,637,668,1.0486656200941915
2020-06-20,33,37,70,20,21,41,33,27,60,38,31,69,26,33,59,17,23,40,17,15,32,12,8,20,7,16,23,4,4,8,207,215,422,422,246,0.5829383886255924
2020-06-21,34,22,56,19,17,36,28,32,60,24,34,58,18,11,29,15,10,25,10,10,20,11,7,18,6,9,15,1,7,8,166,159,325,325,147,0.4523076923076923
2020-06-22,49,45,94,30,30,60,40,47,87,52,35,87,36,38,74,28,31,59,18,22,40,19,15,34,6,23,29,2,12,14,280,298,578,578,380,0.657439446366782
2020-06-23,51,48,99,31,31,62,53,45,98,60,46,106,38,45,83,18,33,51,19,19,38,12,14,26,12,17,29,3,6,9,297,304,601,601,349,0.5806988352745425
2020-06-24,46,49,95,29,24,53,50,52,102,46,54,100,44,39,83,22,34,56,14,18,32,12,14,26,15,14,29,2,4,6,280,302,582,582,271,0.46563573883161513
2020-06-25,52,56,108,38,43,81,46,44,90,47,39,86,41,35,76,40,33,73,11,17,28,11,14,25,10,12,22,4,5,9,300,298,598,598,399,0.6672240802675585
2020-06-26,48,45,93,34,28,62,64,54,118,50,50,100,43,37,80,20,35,55,24,21,45,12,16,28,11,21,32,1,9,10,307,316,623,623,325,0.521669341894061
2020-06-27,65,60,125,31,39,70,39,53,92,34,36,70,31,23,54,21,16,37,19,8,27,3,13,16,8,7,15,4,6,10,255,261,516,516,271,0.5251937984496124
2020-06-28,43,23,66,16,19,35,18,46,64,28,38,66,21,24,45,23,16,39,10,7,17,8,10,18,9,12,21,6,6,12,182,201,383,383,191,0.49869451697127937
2020-06-29,47,51,98,35,42,77,48,47,95,58,43,101,29,31,60,19,34,53,26,11,37,15,17,32,12,19,31,3,7,10,292,302,594,594,343,0.5774410774410774
2020-06-30,32,45,77,18,32,50,61,39,100,35,48,83,40,36,76,30,31,61,24,11,35,18,11,29,6,19,25,2,10,12,266,282,548,547,282,0.5155393053016454
2020-07-01,46,37,83,19,35,54,61,49,110,42,41,83,35,37,72,22,30,52,20,16,36,16,16,32,9,21,30,3,6,9,273,288,561,560,331,0.5910714285714286
2020-07-02,62,59,121,28,33,61,49,60,109,48,47,95,44,37,81,23,22,45,24,15,39,16,18,34,11,13,24,3,7,10,308,311,619,619,244,0.39418416801292405
2020-07-03,57,43,100,32,24,56,49,42,91,61,59,120,26,37,63,28,22,50,20,15,35,12,15,27,11,17,28,3,4,7,299,278,577,577,301,0.5216637781629117
2020-07-04,39,39,78,22,24,46,35,48,83,33,31,64,30,24,54,25,15,40,13,12,25,11,16,27,5,11,16,3,7,10,216,227,443,443,186,0.4198645598194131
2020-07-05,28,37,65,22,15,37,35,37,72,29,44,73,16,28,44,17,20,37,22,19,41,16,15,31,10,16,26,4,7,11,199,238,437,437,207,0.47368421052631576
2020-07-06,34,37,71,23,21,44,51,51,102,59,38,97,40,43,83,37,29,66,26,28,54,19,26,45,10,25,35,3,9,12,302,307,609,609,208,0.3415435139573071
2020-07-07,53,68,121,32,36,68,57,57,114,62,50,112,36,38,74,31,33,64,17,15,32,13,13,26,10,23,33,7,12,19,318,345,663,663,257,0.38763197586727
2020-07-08,49,37,86,31,33,64,55,52,107,47,52,99,50,48,98,24,34,58,20,20,40,17,20,37,10,16,26,4,14,18,307,326,633,633,289,0.4565560821484992
2020-07-09,37,27,64,18,15,33,36,33,69,52,35,87,36,34,70,18,15,33,12,17,29,8,23,31,7,17,24,6,8,14,230,224,454,454,177,0.3898678414096916
2020-07-10,33,28,61,24,26,50,38,40,78,35,42,77,29,26,55,21,23,44,21,19,40,18,12,30,12,17,29,1,10,11,232,243,475,475,184,0.3873684210526316
2020-07-11,31,43,74,23,15,38,28,32,60,30,36,66,32,35,67,21,31,52,20,16,36,14,28,42,7,25,32,3,15,18,209,276,485,485,259,0.534020618556701
2020-07-12,30,19,49,16,13,29,28,22,50,31,23,54,20,18,38,10,15,25,12,13,25,11,10,21,6,14,20,4,6,10,168,153,321,321,123,0.38317757009345793
2020-07-13,42,51,93,31,26,57,53,51,104,50,50,100,48,50,98,36,42,78,35,27,62,24,39,63,14,45,59,2,25,27,335,406,741,741,420,0.5668016194331984
2020-07-14,54,41,95,29,29,58,45,37,82,75,58,133,49,45,94,38,17,55,25,28,53,19,29,48,6,18,24,7,15,22,347,317,664,664,296,0.4457831325301205
2020-07-15,47,49,96,43,31,74,49,80,129,74,87,161,46,53,99,27,39,66,25,27,52,15,22,37,14,16,30,7,7,14,347,411,758,758,313,0.4129287598944591
2020-07-16,53,35,88,27,43,70,58,65,123,69,55,124,44,63,107,32,46,78,22,19,41,18,21,39,19,33,52,2,17,19,344,397,741,741,418,0.5641025641025641
2020-07-17,51,48,99,33,32,65,36,60,96,50,65,115,46,67,113,36,40,76,29,32,61,20,19,39,17,20,37,4,8,12,322,391,713,713,350,0.4908835904628331
2020-07-18,34,36,70,24,20,44,51,50,101,45,57,102,32,40,72,29,24,53,26,27,53,15,12,27,16,22,38,2,6,8,274,294,568,568,326,0.573943661971831
2020-07-19,36,42,78,20,25,45,34,34,68,34,44,78,33,34,67,25,29,54,22,16,38,14,10,24,10,18,28,2,7,9,230,259,489,489,197,0.40286298568507156
2020-07-20,66,54,120,44,40,84,66,62,128,62,88,150,50,75,125,35,47,82,31,44,75,26,26,52,22,21,43,3,12,15,405,469,874,874,370,0.4233409610983982
2020-07-21,50,42,92,32,31,63,68,56,124,71,72,143,49,49,98,40,46,86,27,33,60,26,25,51,14,29,43,5,9,14,382,392,774,774,317,0.4095607235142119
2020-07-22,72,51,123,34,32,66,83,79,162,81,71,152,69,65,134,36,46,82,21,29,50,31,23,54,15,38,53,1,10,11,443,444,887,887,387,0.4363021420518602
2020-07-23,60,51,111,29,38,67,72,76,148,76,82,158,44,48,92,37,36,73,20,28,48,19,22,41,7,23,30,7,8,15,371,412,783,783,416,0.5312899106002554
2020-07-24,44,52,96,35,29,64,76,68,144,64,78,142,59,55,114,38,35,73,35,19,54,18,23,41,13,26,39,2,13,15,384,398,782,782,408,0.5217391304347826
2020-07-25,47,40,87,32,21,53,49,54,103,61,57,118,39,43,82,19,24,43,17,25,42,15,23,38,12,14,26,5,3,8,296,304,600,600,331,0.5516666666666666
2020-07-26,40,35,75,16,22,38,32,27,59,31,41,72,35,22,57,20,24,44,13,13,26,16,13,29,9,24,33,5,7,12,217,228,445,445,221,0.4966292134831461
2020-07-27,41,44,85,39,31,70,59,59,118,69,72,141,57,66,123,36,53,89,28,38,66,18,22,40,18,22,40,5,24,29,370,431,801,801,370,0.46192259675405745
2020-07-28,53,54,107,32,32,64,82,88,170,70,73,143,57,56,113,50,52,102,40,34,74,19,36,55,11,27,38,5,21,26,419,473,892,892,356,0.3991031390134529
2020-07-29,61,53,114,31,36,67,80,70,150,72,78,150,78,66,144,42,49,91,34,40,74,25,22,47,21,37,58,8,25,33,452,476,928,928,377,0.40625
2020-07-30,67,49,116,42,53,95,100,75,175,82,72,154,66,58,124,49,46,95,31,33,64,18,21,39,11,19,30,2,8,10,468,434,902,902,405,0.4490022172949002
2020-07-31,49,61,110,27,31,58,63,80,143,94,99,193,64,58,122,41,48,89,28,34,62,20,29,49,11,31,42,6,17,23,403,488,891,891,442,0.49607182940516276
2020-08-01,41,38,79,21,34,55,41,57,98,44,60,104,34,47,81,33,34,67,24,11,35,20,18,38,13,26,39,0,13,13,271,338,609,609,319,0.5238095238095238
2020-08-02,46,36,82,23,27,50,38,36,74,48,47,95,31,47,78,18,32,50,11,16,27,8,17,25,12,16,28,2,7,9,237,281,518,518,239,0.4613899613899614
2020-08-03,56,62,118,35,42,77,67,75,142,74,66,140,50,68,118,40,45,85,32,28,60,14,23,37,16,31,47,4,14,18,388,454,842,842,425,0.504750593824228
2020-08-04,70,50,120,44,45,89,88,59,147,89,77,166,68,65,133,49,41,90,37,30,67,20,26,46,18,33,51,5,15,20,488,441,929,929,403,0.43379978471474706
2020-08-05,60,59,119,44,33,77,82,73,155,72,78,150,50,65,115,52,52,104,33,34,67,27,26,53,16,23,39,4,11,15,440,454,894,894,594,0.6644295302013423
2020-08-06,58,48,106,32,45,77,79,79,158,76,92,168,61,70,131,40,51,91,33,26,59,21,26,47,16,29,45,5,13,18,421,479,900,899,522,0.5806451612903226
2020-08-07,69,59,128,37,32,69,76,89,165,79,84,163,58,85,143,44,41,85,23,35,58,28,35,63,13,42,55,5,19,24,432,521,953,953,473,0.4963273871983211
2020-08-08,48,43,91,29,30,59,42,51,93,70,71,141,46,58,104,38,43,81,22,26,48,17,32,49,12,37,49,1,26,27,325,417,742,742,238,0.32075471698113206
2020-08-09,34,35,69,23,20,43,40,50,90,51,42,93,34,56,90,40,41,81,21,24,45,20,27,47,16,48,64,5,18,23,284,361,645,645,216,0.33488372093023255
2020-08-10,62,59,121,42,35,77,87,84,171,87,77,164,71,69,140,55,67,122,28,28,56,15,30,45,16,28,44,5,15,20,468,492,960,960,368,0.38333333333333336
2020-08-11,56,50,106,48,35,83,85,81,166,108,89,197,78,85,163,54,58,112,42,42,84,32,58,90,18,48,66,8,24,32,529,570,1099,1099,430,0.39126478616924476
2020-08-12,53,55,108,45,47,92,80,93,173,66,122,188,76,74,150,52,49,101,32,32,64,17,31,48,11,21,32,4,17,21,436,541,977,977,363,0.37154554759467756
2020-08-13,44,52,96,49,44,93,103,97,200,104,119,223,74,84,158,54,62,116,28,37,65,31,27,58,14,25,39,5,15,20,506,562,1068,1068,407,0.38108614232209737
2020-08-14,42,46,88,34,39,73,98,108,206,89,109,198,83,69,152,51,63,114,38,36,74,25,34,59,14,23,37,3,13,16,477,540,1017,1017,405,0.39823008849557523
2020-08-15,57,38,95,45,38,83,50,72,122,62,85,147,46,70,116,32,41,73,30,33,63,23,43,66,16,56,72,4,24,28,365,500,865,865,339,0.3919075144508671
2020-08-16,40,28,68,21,21,42,54,53,107,47,52,99,22,46,68,30,32,62,16,26,42,17,19,36,13,34,47,3,21,24,263,332,595,594,239,0.40235690235690236
2020-08-17,44,23,67,33,28,61,64,65,129,72,75,147,63,70,133,47,57,104,22,39,61,20,18,38,12,24,36,0,13,13,377,412,789,789,322,0.40811153358681873
2020-08-18,59,52,111,40,37,77,84,76,160,104,96,200,69,78,147,35,71,106,33,37,70,23,30,53,10,21,31,0,16,16,457,514,971,971,350,0.3604531410916581
2020-08-19,59,51,110,40,44,84,59,94,153,79,83,162,57,73,130,48,46,94,26,32,58,19,43,62,17,40,57,6,21,27,410,527,937,937,313,0.33404482390608325
2020-08-20,49,48,97,33,35,68,79,89,168,72,88,160,50,61,111,40,51,91,31,38,69,20,22,42,17,25,42,3,12,15,394,469,863,863,344,0.3986095017381228
2020-08-21,44,58,102,41,32,73,65,80,145,84,89,173,73,68,141,48,61,109,38,44,82,28,41,69,13,41,54,5,11,16,439,525,964,964,416,0.4315352697095436
2020-08-22,31,29,60,30,27,57,53,59,112,53,81,134,54,49,103,32,29,61,31,30,61,17,37,54,13,24,37,5,20,25,319,385,704,704,322,0.45738636363636365
2020-08-23,36,39,75,18,18,36,36,50,86,41,48,89,42,34,76,29,39,68,22,25,47,10,24,34,13,9,22,5,4,9,252,290,542,542,168,0.30996309963099633
2020-08-24,64,68,132,39,39,78,68,81,149,79,95,174,61,77,138,58,50,108,33,49,82,25,32,57,16,29,45,5,19,24,448,539,987,987,391,0.3961499493414387
2020-08-25,48,53,101,42,39,81,84,117,201,89,101,190,68,72,140,39,59,98,32,38,70,20,24,44,19,34,53,6,18,24,447,555,1002,1002,398,0.3972055888223553
2020-08-26,61,39,100,43,44,87,106,90,196,91,95,186,55,88,143,51,59,110,35,39,74,28,32,60,19,35,54,3,15,18,492,536,1028,1028,400,0.38910505836575876
2020-08-27,60,52,112,56,61,117,100,85,185,91,104,195,78,81,159,57,61,118,29,42,71,30,26,56,22,39,61,4,24,28,527,575,1102,1102,411,0.37295825771324864
2020-08-28,49,49,98,53,44,97,106,115,221,88,105,193,75,100,175,60,80,140,33,47,80,37,40,77,15,31,46,3,10,13,519,621,1140,1140,506,0.443859649122807
2020-08-29,41,30,71,23,27,50,73,77,150,70,92,162,66,64,130,40,41,81,36,27,63,22,22,44,10,28,38,4,16,20,385,424,809,809,436,0.5389369592088998
2020-08-30,32,48,80,35,28,63,55,59,114,62,51,113,49,59,108,38,34,72,22,27,49,15,22,37,7,13,20,3,7,10,318,348,666,666,211,0.31681681681681684
2020-08-31,57,40,97,45,41,86,92,82,174,80,93,173,65,77,142,49,54,103,35,44,79,31,42,73,20,39,59,2,13,15,476,525,1001,1001,571,0.5704295704295704
2020-09-01,57,53,110,36,52,88,91,90,181,107,115,222,84,70,154,45,73,118,27,30,57,19,28,47,16,48,64,7,16,23,489,575,1064,1063,440,0.4139228598306679
2020-09-02,47,37,84,27,33,60,73,92,165,81,101,182,60,70,130,51,56,107,24,34,58,34,31,65,14,34,48,3,27,30,414,515,929,929,488,0.5252960172228203
2020-09-03,54,48,102,51,41,92,94,108,202,115,114,229,72,77,149,58,52,110,35,40,75,29,31,60,19,38,57,4,13,17,531,562,1093,1093,443,0.40530649588289114
2020-09-04,53,61,114,41,44,85,84,96,180,97,105,202,73,93,166,43,63,106,44,51,95,30,32,62,18,29,47,4,15,19,487,589,1076,1076,473,0.4395910780669145
2020-09-05,37,30,67,21,22,43,73,69,142,67,90,157,57,86,143,31,41,72,34,34,68,22,24,46,16,25,41,2,8,10,360,429,789,789,453,0.5741444866920152
2020-09-06,38,34,72,23,24,47,41,56,97,47,46,93,39,46,85,22,39,61,20,25,45,10,29,39,13,17,30,1,9,10,254,325,579,579,243,0.41968911917098445
2020-09-07,49,45,94,39,42,81,91,96,187,105,105,210,65,92,157,51,79,130,44,42,86,26,26,52,16,33,49,5,15,20,491,575,1066,1066,453,0.424953095684803
2020-09-08,46,50,96,41,43,84,77,98,175,103,107,210,75,81,156,57,61,118,34,49,83,33,33,66,18,28,46,5,21,26,489,571,1060,1060,467,0.44056603773584907
2020-09-09,53,48,101,40,57,97,95,92,187,90,96,186,78,79,157,61,61,122,35,51,86,24,31,55,17,38,55,1,19,20,494,572,1066,1066,547,0.5131332082551595
2020-09-10,44,32,76,50,40,90,111,104,215,112,127,239,89,94,183,59,54,113,32,43,75,30,36,66,10,31,41,2,17,19,539,578,1117,1117,578,0.5174574753804835
2020-09-11,51,45,96,55,41,96,95,77,172,95,109,204,76,88,164,56,82,138,49,42,91,29,32,61,20,33,53,3,8,11,529,557,1086,1086,568,0.5230202578268877
2020-09-12,40,27,67,28,29,57,48,58,106,50,74,124,36,58,94,37,50,87,35,33,68,24,28,52,13,33,46,2,14,16,313,404,717,717,365,0.5090655509065551
2020-09-13,41,37,78,23,25,48,51,65,116,49,71,120,33,45,78,38,34,72,37,30,67,17,10,27,3,17,20,5,8,13,297,342,639,639,254,0.3974960876369327
2020-09-14,61,56,117,45,45,90,94,115,209,95,99,194,58,80,138,67,70,137,47,61,108,31,33,64,21,24,45,1,9,10,520,592,1112,1112,471,0.42356115107913667
2020-09-15,65,36,101,33,27,60,85,71,156,85,117,202,67,65,132,40,55,95,45,46,91,31,39,70,15,33,48,1,12,13,467,501,968,968,491,0.5072314049586777
2020-09-16,67,62,129,61,57,118,97,120,217,89,122,211,77,90,167,52,62,114,42,51,93,25,25,50,17,30,47,3,13,16,530,632,1162,1162,426,0.36660929432013767
2020-09-17,50,43,93,32,54,86,92,88,180,84,98,182,84,104,188,63,67,130,48,49,97,35,29,64,18,23,41,3,10,13,509,565,1074,1074,540,0.5027932960893855
2020-09-18,65,57,122,34,52,86,89,103,192,92,125,217,68,84,152,54,66,120,34,51,85,36,32,68,12,25,37,4,14,18,488,609,1097,1097,470,0.4284412032816773
2020-09-19,25,45,70,26,39,65,49,50,99,62,64,126,36,33,69,30,37,67,36,32,68,18,23,41,15,20,35,4,8,12,301,351,652,652,319,0.4892638036809816
2020-09-20,36,39,75,32,36,68,47,44,91,55,43,98,35,47,82,19,37,56,18,25,43,20,20,40,6,17,23,3,7,10,271,315,586,586,164,0.27986348122866894
2020-09-21,61,47,108,38,52,90,81,81,162,92,103,195,63,80,143,49,50,99,44,51,95,32,32,64,14,20,34,1,11,12,475,527,1002,1002,439,0.43812375249500995
2020-09-22,67,59,126,53,56,109,90,108,198,90,98,188,79,72,151,60,68,128,51,37,88,32,36,68,15,36,51,3,15,18,540,585,1125,1125,400,0.35555555555555557
2020-09-23,60,52,112,41,39,80,68,103,171,77,102,179,58,69,127,50,56,106,45,47,92,21,44,65,9,24,33,3,9,12,432,545,977,977,369,0.37768679631525076
2020-09-24,69,54,123,54,55,109,102,83,185,92,104,196,72,78,150,43,49,92,27,62,89,25,30,55,23,35,58,7,22,29,514,572,1086,1086,407,0.3747697974217311
2020-09-25,60,44,104,46,40,86,79,93,172,82,84,166,77,76,153,48,51,99,50,51,101,27,30,57,18,27,45,0,11,11,487,507,994,994,462,0.4647887323943662
2020-09-26,29,31,60,33,27,60,46,44,90,68,55,123,41,45,86,32,48,80,32,27,59,21,14,35,9,15,24,3,8,11,314,314,628,628,259,0.4124203821656051
2020-09-27,36,39,75,22,31,53,44,59,103,48,57,105,47,48,95,30,32,62,24,26,50,7,18,25,9,14,23,2,6,8,269,330,599,599,187,0.3121869782971619
2020-09-28,58,53,111,40,31,71,61,72,133,85,86,171,84,61,145,69,69,138,50,31,81,28,29,57,16,24,40,4,15,19,495,471,966,966,408,0.422360248447205
2020-09-29,66,57,123,53,58,111,99,85,184,110,115,225,81,76,157,55,45,100,44,51,95,31,56,87,24,41,65,1,22,23,564,606,1170,1170,349,0.2982905982905983
2020-09-30,64,61,125,40,46,86,91,107,198,86,93,179,66,70,136,59,67,126,43,56,99,29,32,61,14,28,42,3,8,11,495,568,1063,1063,424,0.3988711194731891
2020-10-01,62,80,142,44,66,110,101,117,218,100,111,211,70,74,144,48,60,108,43,51,94,32,46,78,11,19,30,3,12,15,514,636,1150,1150,491,0.42695652173913046
2020-10-02,83,63,146,50,50,100,78,94,172,86,100,186,66,80,146,53,49,102,46,47,93,32,45,77,11,39,50,5,14,19,510,581,1091,1091,569,0.5215398716773603
2020-10-03,38,39,77,30,45,75,64,58,122,60,66,126,46,54,100,46,32,78,29,34,63,24,21,45,9,25,34,4,5,9,350,379,729,729,349,0.4787379972565158
2020-10-04,44,41,85,28,27,55,60,67,127,48,51,99,44,47,91,27,31,58,24,21,45,18,19,37,11,24,35,1,3,4,305,331,636,636,270,0.42452830188679247
2020-10-05,42,51,93,46,34,80,87,79,166,115,110,225,89,77,166,63,60,123,69,49,118,35,53,88,20,31,51,3,7,10,569,551,1120,1120,509,0.4544642857142857
2020-10-06,55,68,123,46,47,93,78,80,158,87,95,182,90,66,156,65,61,126,44,51,95,33,41,74,19,29,48,6,10,16,523,548,1071,1071,373,0.34827264239028943
2020-10-07,71,47,118,33,38,71,91,91,182,108,105,213,78,84,162,52,81,133,49,48,97,28,40,68,16,25,41,3,7,10,529,566,1095,1095,381,0.34794520547945207
2020-10-08,65,47,112,42,42,84,73,94,167,83,100,183,75,70,145,50,58,108,45,45,90,37,36,73,11,30,41,4,19,23,485,541,1026,1026,424,0.41325536062378165
2020-10-09,51,68,119,54,53,107,60,104,164,91,116,207,64,86,150,44,68,112,41,48,89,28,37,65,11,23,34,4,16,20,448,619,1067,1067,514,0.4817244611059044
2020-10-10,27,46,73,34,25,59,66,60,126,61,58,119,55,56,111,40,48,88,28,34,62,13,27,40,16,23,39,6,9,15,346,386,732,732,417,0.569672131147541
2020-10-11,46,38,84,29,25,54,33,60,93,46,79,125,44,42,86,40,36,76,34,25,59,16,25,41,11,19,30,1,6,7,300,355,655,655,357,0.5450381679389313
2020-10-12,45,36,81,41,33,74,56,68,124,63,67,130,41,53,94,37,53,90,45,41,86,21,31,52,14,23,37,1,10,11,364,415,779,779,333,0.4274711168164313
2020-10-13,65,66,131,48,34,82,89,95,184,86,106,192,70,83,153,67,68,135,52,52,104,35,51,86,20,38,58,4,13,17,536,606,1142,1142,523,0.45796847635726795
2020-10-14,53,58,111,42,47,89,83,96,179,86,85,171,60,70,130,47,58,105,52,41,93,34,47,81,17,28,45,1,14,15,475,544,1019,1019,478,0.4690873405299313
2020-10-15,60,54,114,45,40,85,88,93,181,106,86,192,87,91,178,65,60,125,53,59,112,26,31,57,15,29,44,6,10,16,551,553,1104,1104,422,0.3822463768115942
2020-10-16,77,54,131,54,59,113,121,128,249,108,99,207,84,98,182,63,74,137,50,58,108,33,50,83,21,44,65,2,26,28,613,690,1303,1303,527,0.4044512663085188
2020-10-17,41,41,82,37,35,72,70,62,132,74,83,157,55,58,113,36,40,76,36,38,74,33,24,57,11,25,36,3,7,10,396,413,809,809,360,0.44499381953028433
2020-10-18,37,33,70,26,20,46,30,41,71,52,73,125,27,34,61,43,20,63,21,20,41,14,20,34,8,16,24,1,4,5,259,281,540,540,327,0.6055555555555555
2020-10-19,92,70,162,52,57,109,97,113,210,110,136,246,92,125,217,66,75,141,64,60,124,39,57,96,15,34,49,1,10,11,628,737,1365,1365,711,0.5208791208791209
2020-10-20,70,70,140,65,51,116,113,111,224,97,105,202,94,116,210,64,66,130,59,51,110,31,49,80,23,36,59,0,15,15,616,670,1286,1286,928,0.7216174183514774
2020-10-21,48,52,100,66,47,113,91,115,206,85,96,181,69,80,149,61,54,115,48,47,95,31,33,64,19,31,50,2,5,7,520,560,1080,1080,646,0.5981481481481481
2020-10-22,50,48,98,64,61,125,71,92,163,73,96,169,77,65,142,51,59,110,30,54,84,21,36,57,15,26,41,3,8,11,455,545,1000,1000,690,0.69
2020-10-23,51,41,92,39,32,71,58,69,127,56,68,124,53,76,129,44,43,87,37,49,86,34,32,66,13,26,39,4,18,22,389,454,843,843,682,0.8090154211150652
2020-10-24,31,29,60,21,21,42,49,31,80,45,49,94,37,46,83,22,35,57,23,30,53,23,26,49,7,25,32,2,10,12,260,302,562,562,518,0.9217081850533808
2020-10-25,44,32,76,26,31,57,47,52,99,45,81,126,43,41,84,30,51,81,21,33,54,21,23,44,7,13,20,1,2,3,285,359,644,644,595,0.9239130434782609
2020-10-26,60,50,110,58,49,107,71,76,147,90,98,188,51,81,132,62,73,135,48,52,100,36,47,83,11,26,37,1,9,10,488,561,1049,1049,888,0.8465204957102002
2020-10-27,55,56,111,44,37,81,97,90,187,83,98,181,78,79,157,60,78,138,55,69,124,31,48,79,15,28,43,3,6,9,521,589,1110,1110,964,0.8684684684684685
2020-10-28,52,56,108,40,46,86,77,84,161,84,105,189,50,78,128,64,72,136,44,40,84,22,34,56,11,26,37,3,12,15,447,553,1000,1000,827,0.827
2020-10-29,46,42,88,38,46,84,95,86,181,88,92,180,53,81,134,49,60,109,44,46,90,23,31,54,12,26,38,1,7,8,449,517,966,966,925,0.9575569358178054
2020-10-30,49,33,82,27,45,72,53,80,133,72,87,159,65,74,139,41,60,101,45,59,104,22,32,54,21,26,47,3,14,17,398,510,908,908,717,0.789647577092511
2020-10-31,39,26,65,19,18,37,44,38,82,40,74,114,40,45,85,29,32,61,30,40,70,22,29,51,8,16,24,2,8,10,273,326,599,599,502,0.8380634390651085
2020-11-01,57,48,105,31,39,70,64,71,135,49,66,115,50,50,100,36,43,79,22,55,77,23,27,50,9,26,35,3,6,9,344,431,775,775,646,0.8335483870967741
2020-11-02,50,60,110,45,48,93,79,93,172,92,85,177,72,81,153,48,54,102,46,54,100,34,37,71,15,19,34,0,10,10,481,541,1022,1022,829,0.8111545988258317
2020-11-03,38,44,82,26,38,64,56,92,148,78,78,156,56,45,101,43,44,87,38,36,74,35,35,70,16,30,46,1,10,11,387,452,839,839,640,0.7628128724672228
2020-11-04,49,49,98,42,44,86,109,97,206,87,100,187,88,92,180,64,62,126,59,55,114,41,35,76,22,35,57,6,13,19,567,582,1149,1149,683,0.5944299390774587
2020-11-05,67,58,125,75,60,135,119,110,229,121,115,236,92,98,190,68,78,146,46,64,110,34,35,69,18,24,42,4,10,14,644,652,1296,1296,834,0.6435185185185185
2020-11-06,42,45,87,36,42,78,65,60,125,48,80,128,52,50,102,48,57,105,40,51,91,32,47,79,18,32,50,3,7,10,384,471,855,855,672,0.7859649122807018
2020-11-07,39,41,80,28,32,60,49,65,114,46,64,110,50,59,109,44,51,95,47,52,99,33,29,62,20,18,38,6,6,12,362,417,779,779,608,0.7804878048780488
2020-11-08,51,59,110,26,41,67,68,70,138,64,87,151,52,58,110,39,48,87,34,50,84,23,29,52,8,16,24,2,5,7,367,463,830,830,686,0.8265060240963855
2020-11-09,79,69,148,64,43,107,73,103,176,102,121,223,81,89,170,69,73,142,54,59,113,27,45,72,26,35,61,4,10,14,579,647,1226,1226,955,0.7789559543230016
2020-11-10,47,43,90,42,47,89,79,70,149,89,91,180,52,57,109,49,49,98,59,44,103,31,36,67,23,30,53,5,9,14,476,476,952,952,632,0.6638655462184874
2020-11-11,65,49,114,41,47,88,95,105,200,89,93,182,86,82,168,75,70,145,41,43,84,34,38,72,20,35,55,5,18,23,551,580,1131,1131,752,0.6648983200707339
2020-11-12,68,59,127,39,40,79,93,101,194,121,106,227,90,88,178,67,62,129,52,66,118,36,51,87,19,37,56,3,11,14,588,621,1209,1209,758,0.6269644334160464
2020-11-13,61,43,104,49,43,92,100,109,209,71,97,168,73,79,152,51,58,109,58,64,122,42,45,87,20,41,61,4,13,17,529,592,1121,1121,707,0.6306868867082962
2020-11-14,65,59,124,31,30,61,52,62,114,73,71,144,49,60,109,46,44,90,46,30,76,29,40,69,12,20,32,4,3,7,407,419,826,826,608,0.7360774818401937
2020-11-15,65,64,129,52,29,81,62,80,142,79,72,151,65,59,124,52,51,103,51,45,96,27,38,65,11,24,35,0,11,11,464,473,937,937,716,0.7641408751334045
2020-11-16,62,61,123,65,50,115,66,68,134,83,109,192,76,68,144,44,63,107,46,45,91,37,45,82,18,25,43,3,13,16,500,547,1047,1047,659,0.6294173829990449
2020-11-17,65,68,133,56,52,108,98,118,216,111,120,231,81,100,181,58,76,134,66,77,143,48,55,103,19,40,59,6,15,21,608,721,1329,1329,940,0.7072987208427389
2020-11-18,59,58,117,73,48,121,98,106,204,111,130,241,63,83,146,54,66,120,50,50,100,48,43,91,14,42,56,2,7,9,572,633,1205,1205,834,0.6921161825726141
2020-11-19,69,58,127,64,54,118,98,127,225,93,117,210,76,99,175,63,67,130,42,57,99,39,37,76,22,35,57,3,7,10,569,658,1227,1227,848,0.6911165444172779
2020-11-20,64,55,119,43,52,95,96,100,196,87,98,185,74,96,170,51,62,113,52,42,94,33,35,68,18,31,49,4,12,16,522,583,1105,1105,784,0.709502262443439
2020-11-21,52,51,103,30,42,72,62,69,131,74,65,139,55,59,114,41,50,91,39,41,80,24,22,46,10,19,29,3,10,13,390,428,818,818,692,0.8459657701711492
2020-11-22,46,36,82,30,32,62,62,50,112,51,72,123,52,50,102,34,37,71,30,42,72,23,19,42,13,23,36,2,9,11,343,370,713,713,548,0.7685834502103787
2020-11-23,57,54,111,40,45,85,64,83,147,83,70,153,60,74,134,46,50,96,36,47,83,31,31,62,20,30,50,5,12,17,442,496,938,938,783,0.8347547974413646
2020-11-24,56,70,126,53,52,105,86,107,193,107,96,203,81,76,157,67,70,137,56,65,121,44,45,89,25,34,59,1,10,11,576,625,1201,1201,935,0.7785179017485429
2020-11-25,65,59,124,57,57,114,102,118,220,102,107,209,79,80,159,61,56,117,61,60,121,31,58,89,20,41,61,6,10,16,584,646,1230,1230,848,0.6894308943089431
2020-11-26,67,65,132,64,65,129,88,112,200,106,131,237,73,87,160,58,64,122,54,52,106,39,53,92,13,29,42,9,11,20,571,669,1240,1240,901,0.7266129032258064
2020-11-27,54,54,108,48,38,86,91,123,214,79,90,169,63,46,109,59,58,117,46,40,86,29,35,64,15,37,52,3,4,7,487,525,1012,1012,743,0.7341897233201581
2020-11-28,65,40,105,41,31,72,70,77,147,54,91,145,53,69,122,53,48,101,27,30,57,27,33,60,15,29,44,2,6,8,407,454,861,861,576,0.6689895470383276
2020-11-29,59,47,106,32,39,71,75,84,159,68,94,162,73,58,131,43,53,96,51,58,109,25,36,61,15,17,32,1,5,6,442,491,933,933,701,0.7513397642015005
2020-11-30,82,64,146,74,53,127,121,131,252,123,114,237,107,113,220,68,71,139,75,80,155,60,46,106,19,33,52,3,10,13,732,715,1447,1446,1002,0.6929460580912863
2020-12-01,49,68,117,54,62,116,128,124,252,109,126,235,87,101,188,40,60,100,68,82,150,50,51,101,28,30,58,4,5,9,617,709,1326,1326,854,0.6440422322775264
2020-12-02,41,37,78,49,45,94,70,91,161,71,96,167,71,71,142,42,50,92,43,34,77,30,38,68,21,20,41,1,9,10,439,491,930,930,360,0.3870967741935484
2020-12-03,46,49,95,65,53,118,106,135,241,115,135,250,90,94,184,62,63,125,59,64,123,45,36,81,14,25,39,2,7,9,604,661,1265,1265,298,0.23557312252964427
2020-12-04,61,60,121,66,54,120,96,95,191,100,111,211,83,103,186,70,82,152,60,86,146,52,40,92,19,38,57,6,9,15,613,678,1291,1290,432,0.33488372093023255
2020-12-05,50,55,105,52,44,96,86,71,157,100,94,194,67,65,132,49,49,98,42,43,85,27,27,54,10,24,34,5,9,14,488,481,969,969,462,0.47678018575851394
2020-12-06,45,53,98,41,36,77,56,66,122,61,72,133,48,67,115,34,41,75,39,44,83,29,27,56,17,19,36,1,5,6,371,430,801,801,311,0.3882646691635456
2020-12-07,38,51,89,53,40,93,87,90,177,90,84,174,53,82,135,40,47,87,34,40,74,28,32,60,15,21,36,4,8,12,442,495,937,937,227,0.24226254002134473
2020-12-08,47,54,101,31,45,76,80,88,168,75,91,166,60,58,118,55,57,112,51,46,97,22,47,69,8,21,29,4,7,11,433,514,947,947,310,0.3273495248152059
2020-12-09,68,57,125,50,66,116,148,158,306,127,153,280,116,119,235,85,108,193,90,80,170,46,67,113,23,41,64,3,19,22,756,868,1624,1624,597,0.36761083743842365
2020-12-10,75,50,125,94,120,214,186,210,396,205,233,438,141,169,310,127,132,259,102,100,202,54,53,107,24,54,78,6,12,18,1014,1133,2147,2147,504,0.23474615742897065
2020-12-11,70,71,141,103,116,219,228,286,514,257,292,549,183,210,393,149,163,312,127,142,269,65,80,145,25,39,64,2,7,9,1209,1406,2615,2615,505,0.1931166347992352
2020-12-12,63,62,125,106,102,208,205,259,464,226,268,494,200,210,410,143,158,301,108,151,259,56,64,120,16,29,45,2,11,13,1125,1314,2439,2439,612,0.25092250922509224
2020-12-13,69,44,113,87,97,184,162,207,369,211,255,466,166,188,354,148,157,305,100,96,196,47,44,91,18,23,41,8,5,13,1016,1116,2132,2132,376,0.17636022514071295
2020-12-14,86,69,155,113,124,237,238,276,514,278,295,573,196,224,420,175,181,356,138,159,297,78,86,164,28,38,66,10,13,23,1340,1465,2805,2805,692,0.2467023172905526
2020-12-15,72,72,144,95,113,208,209,274,483,255,266,521,191,185,376,157,202,359,142,139,281,67,65,132,15,29,44,4,11,15,1207,1356,2563,2562,572,0.2232630757220921
2020-12-16,52,64,116,129,157,286,250,329,579,341,369,710,263,267,530,211,219,430,172,175,347,86,86,172,30,27,57,4,12,16,1538,1705,3243,3243,669,0.2062904717853839
2020-12-17,87,79,166,136,140,276,275,375,650,359,399,758,271,284,555,196,215,411,108,138,246,69,58,127,13,27,40,2,9,11,1516,1724,3240,3240,725,0.22376543209876543
2020-12-18,97,76,173,159,200,359,317,404,721,366,415,781,282,299,581,228,261,489,243,224,467,110,102,212,23,58,81,3,10,13,1828,2049,3877,3877,930,0.2398761929326799
2020-12-19,74,68,142,129,141,270,231,323,554,379,398,777,241,260,501,191,212,403,163,193,356,70,89,159,19,36,55,3,12,15,1500,1732,3232,3232,883,0.27320544554455445
2020-12-20,63,78,141,144,149,293,262,308,570,381,392,773,264,288,552,230,250,480,168,163,331,74,67,141,14,19,33,4,8,12,1604,1722,3326,3326,434,0.13048707155742634
2020-12-21,95,96,191,154,160,314,366,383,749,417,474,891,334,319,653,244,266,510,205,210,415,93,103,196,22,52,74,5,8,13,1935,2071,4006,4006,787,0.1964553170244633
2020-12-22,100,98,198,199,210,409,386,491,877,486,549,1035,373,378,751,258,277,535,229,231,460,102,94,196,25,36,61,5,5,10,2163,2369,4532,4532,848,0.18711385701676964
2020-12-23,119,101,220,238,213,451,428,479,907,481,504,985,339,392,731,238,255,493,175,212,387,72,88,160,34,46,80,8,16,24,2132,2306,4438,4438,917,0.20662460567823343
2020-12-24,55,59,114,102,134,236,249,243,492,308,279,587,202,197,399,115,141,256,96,121,217,62,52,114,6,24,30,3,5,8,1198,1255,2453,2453,679,0.276803913575214
2020-12-25,37,25,62,40,40,80,74,62,136,66,83,149,56,45,101,45,52,97,26,29,55,19,14,33,5,20,25,5,4,9,373,374,747,747,458,0.6131191432396251
2020-12-26,92,72,164,191,240,431,303,383,686,443,411,854,294,344,638,235,241,476,143,172,315,76,81,157,21,34,55,1,13,14,1799,1991,3790,3790,818,0.2158311345646438
2020-12-27,53,50,103,266,252,518,342,352,694,459,474,933,369,390,759,247,275,522,177,180,357,76,91,167,24,37,61,3,11,14,2016,2112,4128,4128,448,0.10852713178294573
2020-12-28,128,104,232,310,340,650,475,583,1058,635,698,1333,501,523,1024,312,379,691,203,264,467,103,121,224,34,52,86,3,20,23,2704,3084,5788,5788,844,0.14581893572909468
2020-12-29,92,92,184,273,305,578,473,544,1017,508,552,1060,429,462,891,273,303,576,211,234,445,100,114,214,31,66,97,8,16,24,2398,2688,5086,5086,820,0.16122689736531656
2020-12-30,97,86,183,330,377,707,497,527,1024,596,584,1180,435,520,955,306,385,691,217,234,451,104,110,214,28,52,80,3,12,15,2613,2887,5500,5499,1160,0.21094744498999818
2020-12-31,74,74,148,237,235,472,344,352,696,355,426,781,299,357,656,206,209,415,99,119,218,53,69,122,16,31,47,1,8,9,1684,1880,3564,3564,689,0.19332210998877666
2021-01-01,31,21,52,47,52,99,74,96,170,80,107,187,61,74,135,56,59,115,28,33,61,21,23,44,6,16,22,1,4,5,405,485,890,890,392,0.4404494382022472
2021-01-02,79,68,147,202,239,441,308,359,667,391,431,822,290,339,629,210,245,455,195,206,401,79,97,176,17,38,55,6,8,14,1777,2030,3807,3807,670,0.17599159443131074
2021-01-03,56,69,125,302,288,590,492,590,1082,630,676,1306,465,536,1001,292,381,673,230,259,489,91,120,211,30,41,71,3,10,13,2591,2970,5561,5561,588,0.10573637834921777
2021-01-04,90,86,176,281,272,553,632,762,1394,716,765,1481,495,563,1058,310,397,707,243,254,497,129,129,258,37,79,116,4,13,17,2937,3320,6257,6257,856,0.13680677641042033
2021-01-05,87,91,178,318,322,640,664,786,1450,713,792,1505,518,579,1097,341,390,731,254,344,598,128,149,277,37,69,106,7,11,18,3067,3533,6600,6599,846,0.12820124261251706
2021-01-06,93,83,176,355,341,696,683,710,1393,671,712,1383,541,561,1102,385,435,820,269,307,576,122,159,281,34,68,102,4,20,24,3157,3396,6553,6552,888,0.13553113553113552
2021-01-07,91,79,170,263,288,551,497,578,1075,539,598,1137,404,407,811,259,335,594,211,259,470,93,139,232,32,55,87,4,12,16,2393,2750,5143,5143,852,0.1656620649426405
2021-01-08,92,87,179,283,299,582,522,561,1083,469,572,1041,357,494,851,265,316,581,169,222,391,96,130,226,34,42,76,6,9,15,2293,2732,5025,5024,1034,0.20581210191082802
2021-01-09,64,74,138,248,285,533,448,530,978,517,592,1109,374,432,806,256,305,561,162,234,396,70,93,163,25,51,76,0,13,13,2164,2609,4773,4771,778,0.16306853909033744
2021-01-10,81,75,156,292,327,619,440,529,969,501,579,1080,372,437,809,246,290,536,164,167,331,52,98,150,17,41,58,4,14,18,2169,2557,4726,4726,526,0.11129919593736776
2021-01-11,98,72,170,309,346,655,606,704,1310,635,727,1362,416,491,907,296,372,668,185,238,423,92,104,196,28,58,86,4,23,27,2669,3135,5804,5804,826,0.142315644383184
2021-01-12,114,68,182,281,313,594,484,580,1064,434,592,1026,354,432,786,285,369,654,205,191,396,74,100,174,34,36,70,4,10,14,2269,2691,4960,4959,687,0.1385359951603146
2021-01-13,126,114,240,306,362,668,568,649,1217,518,603,1121,439,453,892,293,366,659,221,267,488,91,113,204,21,52,73,6,4,10,2589,2983,5572,5572,754,0.1353194544149318
2021-01-14,96,103,199,318,384,702,504,628,1132,506,593,1099,375,465,840,297,363,660,189,232,421,81,100,181,22,43,65,4,8,12,2392,2919,5311,5310,844,0.15894538606403014
2021-01-15,120,90,210,501,544,1045,594,762,1356,774,858,1632,553,689,1242,437,509,946,234,283,517,96,131,227,24,55,79,4,10,14,3337,3931,7268,7268,885,0.12176664832140892
2021-01-16,64,50,114,605,603,1208,529,673,1202,680,832,1512,653,728,1381,449,454,903,258,298,556,129,124,253,29,44,73,2,9,11,3398,3815,7213,7213,671,0.09302647996672675
2021-01-17,69,47,116,484,554,1038,533,718,1251,653,723,1376,670,756,1426,419,427,846,203,217,420,87,101,188,18,28,46,2,3,5,3138,3574,6712,6712,499,0.07434445768772348
2021-01-18,96,88,184,595,597,1192,705,796,1501,796,861,1657,742,804,1546,508,561,1069,310,368,678,145,150,295,41,82,123,6,24,30,3944,4331,8275,8274,717,0.08665699782451051
2021-01-19,103,87,190,554,568,1122,633,746,1379,752,838,1590,700,789,1489,478,538,1016,312,353,665,128,165,293,26,62,88,7,14,21,3693,4160,7853,7853,574,0.07309308544505284
2021-01-20,99,87,186,524,543,1067,587,667,1254,687,731,1418,629,666,1295,471,514,985,328,352,680,167,169,336,33,53,86,6,15,21,3531,3797,7328,7328,563,0.07682860262008734
2021-01-21,119,86,205,361,454,815,557,593,1150,523,629,1152,444,557,1001,321,460,781,244,253,497,108,112,220,37,54,91,8,21,29,2722,3219,5941,5941,716,0.1205184312405319
2021-01-22,85,87,172,404,409,813,452,573,1025,425,570,995,437,529,966,312,356,668,210,243,453,97,116,213,23,47,70,6,5,11,2451,2935,5386,5386,651,0.12086891942072038
2021-01-23,52,46,98,438,457,895,465,579,1044,484,557,1041,433,451,884,331,375,706,153,192,345,55,73,128,20,38,58,2,6,8,2433,2774,5207,5207,454,0.08719032072210486
2021-01-24,65,56,121,509,541,1050,548,589,1137,512,605,1117,553,599,1152,369,390,759,190,208,398,76,100,176,29,38,67,2,6,8,2853,3132,5985,5985,399,0.06666666666666667
2021-01-25,94,105,199,634,607,1241,719,788,1507,678,776,1454,626,686,1312,401,494,895,260,273,533,123,135,258,36,65,101,6,16,22,3577,3945,7522,7522,532,0.07072587077904813
2021-01-26,120,87,207,516,522,1038,561,627,1188,571,603,1174,532,581,1113,382,440,822,229,304,533,116,130,246,35,64,99,4,16,20,3066,3374,6440,6440,593,0.09208074534161491
2021-01-27,114,97,211,464,469,933,520,618,1138,539,620,1159,473,570,1043,354,409,763,216,228,444,91,110,201,36,57,93,2,21,23,2809,3199,6008,6008,513,0.0853861517976032
2021-01-28,92,87,179,385,417,802,435,508,943,454,525,979,377,468,845,282,339,621,200,244,444,111,119,230,33,49,82,5,16,21,2374,2772,5146,5146,605,0.11756704236300039
2021-01-29,68,98,166,537,544,1081,585,644,1229,635,746,1381,567,682,1249,432,468,900,271,302,573,107,152,259,25,64,89,3,9,12,3230,3709,6939,6938,832,0.11991928509656961
2021-01-30,66,49,115,729,774,1503,520,650,1170,676,805,1481,733,881,1614,518,559,1077,264,345,609,109,157,266,28,50,78,2,9,11,3645,4279,7924,7924,548,0.06915699141847552
2021-01-31,61,61,122,1116,1183,2299,708,809,1517,838,1042,1880,1089,1283,2372,691,768,1459,317,338,655,118,148,266,27,54,81,2,13,15,4967,5699,10666,10666,319,0.02990811925745359
2021-02-01,90,82,172,930,1021,1951,633,825,1458,852,978,1830,968,1135,2103,692,700,1392,351,429,780,126,197,323,43,52,95,2,12,14,4687,5431,10118,10118,630,0.06226526981616921
2021-02-02,87,85,172,757,858,1615,595,694,1289,786,913,1699,895,1061,1956,621,679,1300,405,406,811,196,231,427,45,71,116,3,12,15,4390,5010,9400,9400,517,0.055
2021-02-03,66,94,160,622,590,1212,530,644,1174,671,768,1439,660,768,1428,476,582,1058,345,366,711,160,202,362,38,68,106,5,14,19,3573,4096,7669,7669,533,0.06950058677793715
2021-02-04,76,74,150,357,370,727,416,534,950,484,558,1042,401,584,985,342,425,767,209,276,485,112,147,259,28,45,73,5,19,24,2430,3032,5462,5462,502,0.09190772610765287
2021-02-05,84,75,159,331,335,666,390,488,878,398,514,912,396,445,841,284,351,635,213,262,475,104,139,243,21,61,82,1,12,13,2222,2682,4904,4904,720,0.1468189233278956
2021-02-06,53,48,101,352,416,768,362,443,805,441,567,1008,413,511,924,339,382,721,181,213,394,82,111,193,22,43,65,1,8,9,2246,2742,4988,4988,496,0.09943865276663993
2021-02-07,59,63,122,408,429,837,339,445,784,461,580,1041,433,529,962,315,405,720,169,185,354,87,102,189,20,29,49,6,4,10,2297,2771,5068,5068,315,0.062154696132596686
2021-02-08,94,78,172,519,630,1149,572,641,1213,689,840,1529,685,821,1506,379,521,900,238,301,539,118,142,260,30,72,102,4,20,24,3328,4066,7394,7394,651,0.08804436029212875
2021-02-09,94,65,159,457,486,943,479,603,1082,641,696,1337,560,713,1273,393,485,878,284,312,596,134,153,287,38,65,103,6,17,23,3086,3595,6681,6681,541,0.08097590181110612
2021-02-10,80,59,139,341,342,683,378,503,881,506,646,1152,500,601,1101,310,399,709,222,260,482,121,125,246,34,51,85,0,12,12,2492,2998,5490,5490,416,0.07577413479052823
2021-02-11,77,61,138,277,356,633,353,484,837,490,570,1060,431,573,1004,250,373,623,209,239,448,100,123,223,29,53,82,4,10,14,2220,2842,5062,5062,370,0.07309363887791387
2021-02-12,82,69,151,350,389,739,366,412,778,501,614,1115,464,614,1078,293,394,687,195,257,452,102,126,228,33,54,87,2,15,17,2388,2944,5332,5332,609,0.11421605401350338
2021-02-13,55,40,95,455,515,970,373,437,810,581,695,1276,574,760,1334,346,422,768,200,231,431,75,111,186,23,37,60,5,11,16,2687,3259,5946,5946,478,0.08039017827110663
2021-02-14,42,37,79,461,510,971,313,445,758,586,720,1306,684,791,1475,330,413,743,228,255,483,98,126,224,19,26,45,1,10,11,2762,3333,6095,6094,311,0.05103380374138497
2021-02-15,41,60,101,597,611,1208,454,596,1050,706,897,1603,801,936,1737,456,524,980,228,275,503,91,130,221,24,62,86,2,13,15,3400,4104,7504,7504,388,0.051705756929637525
2021-02-16,57,43,100,615,584,1199,602,828,1430,863,1002,1865,812,981,1793,431,470,901,227,236,463,89,133,222,16,39,55,8,5,13,3720,4321,8041,8041,513,0.0637980350702649
2021-02-17,76,94,170,407,461,868,749,879,1628,734,835,1569,579,654,1233,392,472,864,310,335,645,127,164,291,27,64,91,7,16,23,3408,3974,7382,7382,465,0.06299105933351395
2021-02-18,71,64,135,348,393,741,598,712,1310,654,752,1406,521,628,1149,388,418,806,255,294,549,134,164,298,33,51,84,4,12,16,3006,3488,6494,6494,517,0.07961194949183863
2021-02-19,88,67,155,310,433,743,521,621,1142,607,748,1355,501,602,1103,366,426,792,226,288,514,113,159,272,30,50,80,4,14,18,2766,3408,6174,6174,576,0.09329446064139942
2021-02-20,67,54,121,281,363,644,448,541,989,474,666,1140,444,554,998,318,413,731,186,279,465,86,107,193,24,40,64,5,5,10,2333,3022,5355,5355,476,0.08888888888888889
2021-02-21,78,50,128,277,346,623,420,571,991,532,669,1201,448,568,1016,273,359,632,206,247,453,76,107,183,27,30,57,5,10,15,2342,2957,5299,5299,366,0.06906963578033591
2021-02-22,98,111,209,288,387,675,502,689,1191,588,747,1335,464,587,1051,352,427,779,245,303,548,116,124,240,44,40,84,3,7,10,2700,3422,6122,6122,462,0.0754655341391702
2021-02-23,109,85,194,254,295,549,444,541,985,495,608,1103,395,503,898,310,398,708,237,280,517,113,145,258,32,54,86,7,15,22,2396,2924,5320,5320,444,0.08345864661654136
2021-02-24,82,107,189,265,304,569,357,430,787,436,502,938,319,424,743,261,317,578,217,229,446,106,126,232,28,42,70,2,11,13,2073,2492,4565,4565,404,0.08849945235487404
2021-02-25,122,116,238,209,234,443,363,406,769,377,421,798,306,346,652,223,305,528,175,231,406,86,125,211,25,46,71,5,14,19,1891,2244,4135,4135,382,0.09238210399032648
2021-02-26,99,99,198,184,241,425,361,451,812,429,458,887,314,406,720,246,312,558,193,283,476,94,122,216,23,40,63,2,19,21,1945,2431,4376,4376,411,0.09392138939670933
2021-02-27,67,67,134,222,298,520,357,476,833,476,538,1014,330,406,736,311,379,690,242,283,525,100,133,233,27,56,83,2,9,11,2134,2645,4779,4779,432,0.0903954802259887
2021-02-28,79,72,151,323,362,685,403,548,951,611,726,1337,469,593,1062,399,487,886,299,348,647,145,169,314,27,50,77,2,8,10,2757,3363,6120,6120,359,0.05866013071895425
2021-03-01,148,129,277,221,261,482,383,436,819,420,446,866,317,379,696,229,288,517,193,247,440,90,133,223,24,49,73,5,16,21,2030,2384,4414,4414,529,0.11984594472134119
2021-03-02,159,142,301,228,261,489,362,398,760,367,444,811,308,347,655,212,324,536,156,213,369,94,86,180,37,54,91,3,8,11,1926,2277,4203,4203,380,0.09041161075422317
2021-03-03,154,118,272,164,229,393,270,390,660,339,390,729,252,299,551,221,291,512,214,253,467,87,121,208,21,36,57,1,10,11,1723,2137,3860,3860,484,0.12538860103626942
2021-03-04,134,130,264,172,210,382,267,314,581,309,327,636,239,301,540,172,263,435,180,262,442,103,143,246,29,36,65,6,17,23,1611,2003,3614,3614,463,0.12811289429994466
2021-03-05,131,124,255,181,199,380,274,374,648,339,397,736,234,266,500,218,278,496,187,211,398,97,115,212,24,37,61,0,6,6,1685,2007,3692,3692,458,0.12405200433369447
2021-03-06,89,82,171,124,145,269,256,310,566,299,325,624,206,247,453,155,207,362,125,142,267,62,91,153,24,30,54,2,7,9,1342,1586,2928,2928,368,0.12568306010928962
2021-03-07,89,86,175,140,159,299,238,318,556,306,355,661,182,258,440,182,257,439,178,200,378,73,93,166,19,37,56,4,4,8,1411,1767,3178,3177,296,0.09316965690903369
2021-03-08,171,151,322,180,238,418,295,401,696,357,404,761,290,322,612,260,328,588,244,260,504,104,117,221,27,51,78,3,13,16,1931,2285,4216,4213,395,0.09375741751720865
2021-03-09,189,176,365,182,184,366,309,343,652,363,410,773,291,311,602,250,314,564,219,331,550,136,139,275,27,45,72,4,9,13,1970,2262,4232,4232,407,0.09617202268431002
2021-03-10,211,187,398,194,219,413,273,322,595,371,411,782,241,287,528,222,286,508,214,231,445,95,130,225,29,47,76,3,10,13,1853,2130,3983,3983,575,0.14436354506653276
2021-03-11,171,186,357,148,185,333,233,327,560,263,329,592,199,260,459,148,215,363,145,207,352,88,96,184,28,36,64,3,14,17,1426,1855,3281,3281,592,0.18043279487960986
2021-03-12,213,199,412,181,231,412,281,344,625,317,415,732,257,314,571,191,281,472,184,265,449,100,111,211,26,51,77,3,13,16,1753,2224,3977,3976,654,0.16448692152917505
2021-03-13,138,119,257,130,170,300,284,323,607,339,357,696,224,258,482,178,274,452,195,233,428,75,87,162,17,40,57,4,4,8,1584,1865,3449,3449,537,0.15569730356625108
2021-03-14,128,164,292,148,151,299,224,368,592,363,403,766,227,289,516,242,287,529,194,249,443,84,117,201,19,33,52,5,11,16,1634,2072,3706,3706,422,0.11386940097139774
2021-03-15,253,234,487,211,236,447,310,433,743,385,461,846,297,381,678,281,346,627,246,276,522,103,164,267,25,54,79,4,13,17,2115,2598,4713,4713,589,0.12497347761510715
2021-03-16,226,231,457,200,245,445,275,355,630,369,426,795,259,279,538,233,298,531,206,263,469,98,121,219,24,60,84,6,19,25,1896,2297,4193,4193,492,0.11733842117815407
2021-03-17,186,164,350,183,215,398,270,348,618,300,337,637,218,264,482,201,263,464,192,232,424,83,125,208,24,44,68,3,13,16,1660,2005,3665,3664,497,0.13564410480349345
2021-03-18,164,156,320,149,182,331,246,291,537,281,306,587,202,239,441,151,217,368,154,186,340,87,104,191,16,37,53,3,7,10,1453,1725,3178,3178,459,0.14443045940843297
2021-03-19,175,186,361,212,214,426,258,340,598,311,348,659,213,266,479,177,235,412,155,199,354,78,92,170,20,35,55,6,10,16,1605,1925,3530,3530,701,0.19858356940509916
2021-03-20,82,87,169,136,154,290,217,259,476,271,288,559,192,223,415,174,215,389,146,153,299,75,82,157,16,28,44,8,7,15,1317,1496,2813,2810,452,0.1608540925266904
2021-03-21,122,114,236,129,144,273,230,268,498,307,314,621,182,220,402,173,231,404,140,187,327,52,81,133,20,30,50,2,10,12,1357,1599,2956,2956,372,0.12584573748308525
2021-03-22,199,201,400,222,198,420,284,378,662,338,375,713,254,285,539,238,304,542,176,230,406,101,117,218,27,58,85,3,22,25,1842,2168,4010,4010,618,0.1541147132169576
2021-03-23,190,179,369,196,219,415,260,334,594,312,384,696,236,249,485,204,240,444,192,251,443,103,130,233,26,34,60,2,16,18,1721,2036,3757,3757,591,0.1573063614586106
2021-03-24,127,128,255,168,159,327,200,239,439,256,277,533,166,223,389,141,194,335,104,133,237,63,89,152,11,36,47,1,6,7,1237,1484,2721,2721,494,0.18155090040426314
2021-03-25,147,143,290,175,221,396,233,333,566,312,334,646,244,303,547,180,209,389,130,184,314,75,89,164,28,38,66,3,2,5,1527,1856,3383,3383,472,0.1395211350872007
2021-03-26,191,173,364,211,245,456,261,340,601,332,352,684,221,312,533,170,251,421,147,196,343,92,108,200,25,36,61,3,13,16,1653,2026,3679,3679,606,0.1647186735525958
2021-03-27,140,127,267,121,148,269,236,256,492,302,323,625,199,262,461,163,249,412,158,171,329,63,84,147,19,41,60,5,7,12,1406,1668,3074,3074,560,0.18217306441119063
2021-03-28,111,98,209,114,163,277,192,248,440,260,329,589,214,242,456,163,225,388,130,173,303,50,60,110,20,31,51,2,7,9,1256,1576,2832,2832,456,0.16101694915254236
2021-03-29,182,174,356,246,222,468,270,333,603,316,353,669,245,325,570,206,247,453,152,212,364,62,66,128,19,40,59,1,8,9,1699,1980,3679,3679,632,0.1717858113617831
2021-03-30,165,162,327,194,219,413,224,295,519,283,334,617,206,274,480,181,208,389,145,179,324,51,73,124,22,34,56,5,6,11,1476,1784,3260,3259,617,0.18932187787664928
2021-03-31,145,126,271,161,153,314,235,306,541,279,329,608,185,263,448,130,189,319,91,122,213,32,49,81,21,26,47,1,10,11,1280,1573,2853,2853,591,0.20715036803364878
2021-04-01,116,141,257,184,188,372,278,302,580,300,327,627,211,259,470,167,216,383,120,145,265,53,80,133,14,23,37,1,11,12,1444,1692,3136,3136,851,0.2713647959183674
2021-04-02,139,93,232,165,199,364,235,275,510,280,295,575,207,247,454,157,208,365,103,109,212,50,46,96,18,16,34,2,8,10,1356,1496,2852,2852,582,0.20406732117812063
2021-04-03,106,105,211,161,207,368,252,271,523,292,333,625,212,278,490,160,204,364,137,136,273,41,67,108,20,42,62,4,7,11,1385,1650,3035,3035,764,0.2517298187808896
2021-04-04,144,113,257,287,307,594,333,416,749,412,550,962,322,424,746,187,254,441,112,163,275,48,65,113,18,34,52,1,8,9,1864,2334,4198,4198,675,0.16079085278704144
2021-04-05,177,183,360,391,420,811,456,547,1003,508,544,1052,404,512,916,253,317,570,150,209,359,76,81,157,20,48,68,4,9,13,2439,2870,5309,5309,799,0.15049915238274628
2021-04-06,205,213,418,319,335,654,510,499,1009,521,601,1122,390,438,828,266,323,589,188,280,468,102,120,222,23,48,71,3,15,18,2527,2872,5399,5398,1038,0.1922934420155613
2021-04-07,208,206,414,350,351,701,462,526,988,471,584,1055,422,470,892,252,387,639,172,243,415,76,107,183,15,47,62,1,14,15,2429,2935,5364,5361,864,0.16116396194739788
2021-04-08,205,166,371,266,292,558,369,510,879,451,551,1002,340,401,741,233,337,570,162,199,361,63,107,170,22,41,63,2,12,14,2113,2616,4729,4729,916,0.19369845633326285
2021-04-09,154,148,302,199,243,442,249,367,616,291,354,645,252,299,551,165,235,400,115,133,248,53,69,122,8,28,36,3,8,11,1489,1884,3373,3372,870,0.2580071174377224
2021-04-10,120,113,233,200,229,429,310,368,678,370,390,760,239,301,540,165,233,398,115,145,260,30,51,81,6,17,23,3,4,7,1558,1851,3409,3408,647,0.1898474178403756
2021-04-11,99,110,209,172,198,370,230,275,505,292,358,650,247,308,555,168,205,373,114,120,234,32,43,75,14,28,42,2,4,6,1370,1649,3019,3019,550,0.18217952964557801
2021-04-12,186,171,357,260,245,505,320,382,702,360,427,787,311,408,719,221,306,527,141,180,321,52,79,131,19,36,55,3,11,14,1873,2245,4118,4116,709,0.17225461613216717
2021-04-13,179,131,310,190,190,380,302,380,682,373,454,827,296,359,655,224,278,502,109,117,226,57,50,107,14,18,32,4,9,13,1748,1986,3734,3734,687,0.1839850026780932
2021-04-14,168,138,306,177,163,340,202,232,434,224,270,494,161,233,394,142,192,334,149,136,285,51,87,138,24,28,52,5,6,11,1303,1485,2788,2787,798,0.28632938643702904
2021-04-15,187,174,361,222,266,488,344,431,775,394,492,886,353,458,811,250,343,593,152,170,322,48,76,124,21,33,54,2,10,12,1973,2453,4426,4423,766,0.17318562061948903
2021-04-16,179,180,359,216,223,439,371,467,838,439,517,956,353,425,778,259,348,607,185,219,404,53,74,127,11,33,44,7,12,19,2073,2498,4571,4570,761,0.16652078774617068
2021-04-17,157,127,284,193,181,374,287,324,611,389,393,782,284,363,647,193,239,432,127,153,280,52,81,133,21,52,73,4,7,11,1707,1920,3627,3627,699,0.19272125723738626
2021-04-18,101,133,234,139,162,301,258,292,550,311,389,700,280,310,590,193,238,431,135,155,290,46,60,106,25,32,57,2,9,11,1490,1780,3270,3269,466,0.14255123891098195
2021-04-19,214,168,382,229,268,497,365,425,790,454,478,932,359,410,769,259,320,579,162,213,375,67,90,157,17,52,69,4,17,21,2130,2441,4571,4571,658,0.1439509954058193
2021-04-20,194,222,416,201,211,412,304,402,706,356,456,812,317,406,723,239,285,524,189,234,423,74,85,159,34,34,68,4,9,13,1912,2344,4256,4255,671,0.15769682726204465
2021-04-21,170,153,323,164,164,328,263,319,582,280,375,655,256,337,593,185,272,457,135,167,302,60,69,129,18,50,68,1,8,9,1532,1914,3446,3446,617,0.17904817179338364
2021-04-22,203,181,384,232,252,484,321,379,700,404,523,927,354,443,797,260,311,571,151,214,365,69,97,166,21,52,73,1,11,12,2016,2463,4479,4477,693,0.1547911547911548
2021-04-23,165,166,331,239,256,495,360,430,790,434,576,1010,369,469,838,246,361,607,162,219,381,74,93,167,34,38,72,4,11,15,2087,2619,4706,4705,728,0.15472901168969183
2021-04-24,95,79,174,83,69,152,100,142,242,132,155,287,119,150,269,71,94,165,46,70,116,41,56,97,14,39,53,5,23,28,706,877,1583,1583,541,0.3417561591914087
2021-04-25,139,133,272,159,178,337,248,284,532,314,372,686,267,317,584,207,250,457,128,140,268,62,51,113,10,33,43,0,7,7,1534,1765,3299,3298,450,0.13644633110976348
2021-04-26,225,215,440,287,337,624,453,583,1036,564,696,1260,496,579,1075,365,465,830,220,254,474,105,130,235,18,45,63,4,12,16,2737,3316,6053,6052,638,0.10541969596827495
2021-04-27,201,179,380,297,343,640,450,622,1072,544,711,1255,443,574,1017,341,447,788,220,243,463,86,138,224,26,58,84,6,15,21,2614,3330,5944,5942,574,0.09660047122181084
2021-04-28,207,189,396,288,315,603,401,557,958,539,687,1226,422,560,982,307,378,685,190,218,408,76,107,183,25,48,73,9,15,24,2464,3074,5538,5538,647,0.1168291802094619
2021-04-29,249,213,462,391,373,764,530,719,1249,657,829,1486,559,767,1326,419,553,972,249,316,565,135,157,292,41,67,108,3,23,26,3233,4017,7250,7249,685,0.09449579252310664
2021-04-30,189,169,358,228,219,447,280,441,721,383,521,904,299,437,736,244,345,589,160,200,360,97,111,208,36,60,96,3,22,25,1919,2525,4444,4442,758,0.17064385411976588
2021-05-01,149,124,273,239,205,444,341,434,775,432,560,992,349,529,878,273,336,609,166,147,313,75,93,168,24,59,83,2,6,8,2050,2493,4543,4542,626,0.13782474680757376
2021-05-02,146,119,265,206,228,434,308,416,724,456,576,1032,346,499,845,267,327,594,189,227,416,88,107,195,25,44,69,3,19,22,2034,2562,4596,4596,449,0.09769364664926022
2021-05-03,284,250,534,288,330,618,534,674,1208,655,821,1476,542,669,1211,404,607,1011,283,403,686,146,157,303,32,80,112,5,26,31,3173,4017,7190,7190,765,0.10639777468706536
2021-05-04,208,230,438,297,315,612,496,599,1095,627,744,1371,536,640,1176,393,531,924,242,323,565,152,176,328,38,71,109,4,29,33,2993,3658,6651,6650,560,0.08421052631578947
2021-05-05,228,217,445,260,297,557,476,628,1104,562,669,1231,487,577,1064,332,450,782,217,248,465,119,125,244,43,70,113,7,16,23,2731,3297,6028,6026,554,0.09193494855625622
2021-05-06,199,231,430,345,362,707,478,678,1156,581,802,1383,527,620,1147,394,503,897,224,269,493,120,134,254,33,63,96,5,19,24,2906,3681,6587,6587,598,0.09078487930772734
2021-05-07,241,200,441,343,376,719,526,784,1310,612,882,1494,576,781,1357,339,567,906,230,298,528,105,142,247,25,52,77,3,14,17,3000,4096,7096,7095,712,0.1003523608174771
2021-05-08,137,131,268,167,180,347,315,411,726,403,478,881,279,342,621,214,286,500,117,138,255,59,67,126,26,43,69,2,18,20,1719,2094,3813,3813,511,0.13401521111985312
2021-05-09,174,152,326,181,210,391,270,360,630,405,469,874,317,416,733,215,295,510,148,156,304,74,97,171,31,46,77,7,18,25,1822,2219,4041,4041,411,0.10170749814402376
2021-05-10,234,225,459,272,314,586,555,631,1186,640,735,1375,524,673,1197,359,477,836,241,291,532,114,148,262,42,56,98,1,9,10,2982,3559,6541,6540,621,0.09495412844036698
2021-05-11,214,186,400,246,280,526,387,501,888,509,589,1098,440,491,931,288,373,661,219,260,479,106,126,232,31,40,71,3,11,14,2443,2857,5300,5300,589,0.11113207547169811
2021-05-12,221,194,415,224,251,475,386,501,887,474,563,1037,419,525,944,321,387,708,184,226,410,93,97,190,29,48,77,4,13,17,2355,2805,5160,5160,750,0.14534883720930233
2021-05-13,218,180,398,206,262,468,396,585,981,474,645,1119,418,536,954,269,388,657,173,203,376,88,115,203,33,65,98,3,11,14,2278,2990,5268,5267,779,0.1479020315169926
2021-05-14,244,252,496,287,380,667,578,738,1316,692,873,1565,543,768,1311,388,505,893,228,281,509,119,136,255,51,53,104,4,11,15,3134,3997,7131,7131,742,0.10405272752769598
2021-05-15,169,158,327,222,252,474,350,505,855,470,632,1102,417,526,943,296,346,642,167,209,376,73,84,157,27,48,75,3,17,20,2194,2777,4971,4971,614,0.12351639509153088
2021-05-16,154,155,309,175,251,426,295,411,706,394,555,949,366,494,860,283,360,643,160,182,342,67,82,149,19,46,65,1,17,18,1914,2553,4467,4467,475,0.10633534810835012
2021-05-17,332,313,645,362,398,760,621,760,1381,853,980,1833,684,862,1546,500,642,1142,303,355,658,160,189,349,54,89,143,4,15,19,3873,4603,8476,8473,816,0.09630591289979937
2021-05-18,296,303,599,346,424,770,653,781,1434,801,939,1740,743,869,1612,482,574,1056,262,299,561,151,148,299,49,55,104,6,14,20,3789,4406,8195,8195,834,0.10176937156802929
2021-05-19,319,278,597,389,410,799,682,887,1569,878,1024,1902,711,836,1547,457,663,1120,323,330,653,128,156,284,45,59,104,7,18,25,3939,4661,8600,8600,648,0.07534883720930233
2021-05-20,334,326,660,444,484,928,811,1049,1860,938,1075,2013,737,977,1714,504,668,1172,316,333,649,131,177,308,47,73,120,2,28,30,4264,5190,9454,9453,655,0.06929017243203216
2021-05-21,233,215,448,354,398,752,653,854,1507,725,959,1684,642,812,1454,413,575,988,248,315,563,138,141,279,46,96,142,4,28,32,3456,4393,7849,7849,911,0.11606574085870812
2021-05-22,139,130,269,171,236,407,350,490,840,442,529,971,353,439,792,280,319,599,150,141,291,56,75,131,26,70,96,2,21,23,1969,2450,4419,4419,785,0.17764200045259107
2021-05-23,149,124,273,164,196,360,287,347,634,361,422,783,330,349,679,212,285,497,128,165,293,56,64,120,15,51,66,9,18,27,1711,2021,3732,3732,536,0.14362272240085744
2021-05-24,164,147,311,277,314,591,478,538,1016,526,665,1191,476,652,1128,414,555,969,218,304,522,130,149,279,30,60,90,4,12,16,2717,3396,6113,6113,540,0.08833633240634713
2021-05-25,163,130,293,248,282,530,474,547,1021,518,646,1164,470,580,1050,361,434,795,215,259,474,101,134,235,27,52,79,8,17,25,2585,3081,5666,5664,450,0.07944915254237288
2021-05-26,214,186,400,300,348,648,606,700,1306,679,801,1480,577,727,1304,500,625,1125,266,313,579,133,162,295,45,82,127,7,16,23,3327,3960,7287,7287,583,0.08000548922739124
2021-05-27,159,183,342,193,261,454,451,578,1029,518,626,1144,453,543,996,363,500,863,191,251,442,119,123,242,36,53,89,1,21,22,2484,3139,5623,5622,616,0.1095695482034863
2021-05-28,208,210,418,307,373,680,583,744,1327,659,817,1476,620,806,1426,517,649,1166,283,352,635,123,152,275,36,59,95,4,15,19,3340,4177,7517,7516,653,0.08688131985098457
2021-05-29,140,129,269,177,234,411,336,452,788,479,541,1020,391,505,896,258,341,599,153,180,333,66,100,166,24,56,80,5,17,22,2029,2555,4584,4584,543,0.11845549738219895
2021-05-30,105,101,206,179,190,369,327,409,736,384,461,845,333,414,747,222,317,539,126,142,268,56,83,139,20,30,50,3,9,12,1755,2156,3911,3911,378,0.09665047302480184
2021-05-31,180,183,363,307,302,609,513,628,1141,636,712,1348,519,704,1223,325,430,755,227,278,505,141,165,306,51,67,118,3,18,21,2902,3487,6389,6388,552,0.08641202254226675
2021-06-01,205,191,396,260,311,571,448,584,1032,618,685,1303,471,591,1062,338,480,818,260,301,561,126,143,269,53,56,109,8,12,20,2787,3354,6141,6141,464,0.07555772675460022
2021-06-02,241,191,432,278,333,611,474,617,1091,560,740,1300,521,626,1147,314,418,732,221,306,527,133,168,301,44,74,118,8,22,30,2794,3495,6289,6287,619,0.09845713376809288
2021-06-03,224,231,455,313,340,653,541,699,1240,642,828,1470,529,701,1230,385,506,891,238,321,559,127,157,284,44,47,91,6,20,26,3049,3850,6899,6897,575,0.08336958097723648
2021-06-04,265,243,508,324,333,657,576,713,1289,639,828,1467,560,686,1246,376,558,934,268,328,596,133,170,303,35,74,109,2,17,19,3178,3950,7128,7128,591,0.08291245791245791
2021-06-05,173,153,326,201,207,408,316,413,729,368,482,850,349,407,756,233,296,529,116,167,283,78,103,181,27,39,66,6,17,23,1867,2284,4151,4151,555,0.1337027222356059
2021-06-06,178,190,368,182,189,371,287,351,638,345,415,760,311,410,721,224,300,524,117,159,276,61,90,151,25,35,60,1,19,20,1731,2158,3889,3889,357,0.09179737721779378
2021-06-07,238,255,493,278,300,578,514,602,1116,564,681,1245,495,704,1199,401,553,954,252,333,585,176,217,393,40,124,164,8,33,41,2966,3802,6768,6767,578,0.08541451160041377
2021-06-08,276,262,538,232,282,514,418,597,1015,582,657,1239,439,588,1027,355,475,830,200,250,450,117,185,302,29,67,96,7,21,28,2655,3384,6039,6039,419,0.06938234807087267
2021-06-09,218,187,405,275,270,545,444,540,984,541,676,1217,445,573,1018,351,444,795,197,259,456,106,123,229,40,57,97,4,17,21,2621,3146,5767,5764,371,0.06436502428868841
2021-06-10,62,61,123,122,166,288,253,422,675,329,504,833,256,405,661,174,273,447,115,138,253,45,53,98,10,21,31,0,8,8,1366,2051,3417,3416,104,0.03044496487119438
2021-06-11,5,3,8,1,3,4,3,6,9,7,6,13,4,6,10,3,4,7,1,2,3,1,1,2,0,3,3,0,0,0,25,34,59,59,0,0.0
