FECHA,<=10M,<=10F,<=10,11-20M,11-20F,11-20,21-30M,21-30F,21-30,31-40M,31-40F,31-40,41-50M,41-50F,41-50,51-60M,51-60F,51-60,61-70M,61-70F,61-70,71-80M,71-80F,71-80,81-90M,81-90F,81-90,>=91M,>=91F,>=91,TotalM,TotalF,Total,DelayCount,CumDelay,DelayAvg
2020-03-15,1,0,1,0,0,0,0,2,2,2,1,3,1,1,2,1,0,1,1,0,1,1,1,2,0,0,0,0,0,0,7,5,12,12,41,3.4166666666666665
2020-03-16,1,3,4,1,0,1,1,2,3,1,1,2,0,0,0,2,1,3,2,2,4,0,0,0,0,0,0,0,0,0,8,9,17,17,58,3.411764705882353
2020-03-17,1,4,5,1,1,2,2,1,3,1,1,2,1,3,4,0,2,2,1,1,2,2,2,4,1,0,1,0,0,0,10,15,25,25,385,15.4
2020-03-18,3,1,4,1,0,1,1,0,1,2,1,3,1,3,4,1,1,2,0,2,2,1,0,1,1,0,1,0,0,0,11,8,19,19,36,1.894736842105263
2020-03-19,2,0,2,0,0,0,3,2,5,3,1,4,2,1,3,0,0,0,1,1,2,1,1,2,0,0,0,1,0,1,13,6,19,19,46,2.4210526315789473
2020-03-20,1,1,2,1,0,1,1,0,1,1,2,3,0,1,1,0,1,1,1,1,2,2,2,4,1,0,1,0,0,0,8,8,16,16,30,1.875
2020-03-21,0,0,0,2,1,3,1,2,3,3,1,4,2,1,3,1,0,1,2,2,4,1,1,2,0,0,0,1,0,1,13,8,21,21,61,2.9047619047619047
2020-03-22,3,1,4,0,0,0,3,1,4,0,0,0,0,0,0,2,1,3,0,1,1,2,0,2,3,2,5,0,1,1,13,7,20,20,47,2.35
2020-03-23,4,1,5,0,2,2,1,2,3,2,0,2,0,2,2,2,1,3,2,1,3,4,3,7,3,3,6,0,2,2,18,17,35,35,64,1.8285714285714285
2020-03-24,2,0,2,0,0,0,1,2,3,1,1,2,0,2,2,2,2,4,0,0,0,2,0,2,2,1,3,1,0,1,11,8,19,19,28,1.4736842105263157
2020-03-25,1,4,5,0,0,0,2,3,5,2,4,6,1,0,1,1,3,4,3,1,4,1,2,3,2,4,6,2,1,3,15,22,37,37,86,2.324324324324324
2020-03-26,4,3,7,2,1,3,2,2,4,4,3,7,1,4,5,3,2,5,1,3,4,4,3,7,5,0,5,2,1,3,28,22,50,50,178,3.56
2020-03-27,2,3,5,0,1,1,1,2,3,3,1,4,1,4,5,1,3,4,2,4,6,4,5,9,3,2,5,2,6,8,19,31,50,50,114,2.28
2020-03-28,2,1,3,0,0,0,1,2,3,2,1,3,1,1,2,3,1,4,3,0,3,4,7,11,3,1,4,0,0,0,19,14,33,33,111,3.3636363636363638
2020-03-29,1,0,1,2,1,3,1,3,4,2,3,5,2,3,5,1,0,1,5,3,8,4,1,5,4,2,6,2,1,3,24,17,41,41,92,2.2439024390243905
2020-03-30,3,2,5,0,0,0,1,6,7,6,2,8,5,2,7,1,1,2,7,1,8,3,5,8,4,1,5,3,2,5,33,22,55,55,104,1.8909090909090909
2020-03-31,8,3,11,1,0,1,7,2,9,7,3,10,4,3,7,2,1,3,6,2,8,4,3,7,2,3,5,4,0,4,45,20,65,65,134,2.0615384615384613
2020-04-01,10,10,20,1,2,3,5,4,9,7,2,9,11,5,16,3,5,8,4,3,7,5,4,9,5,5,10,0,1,1,51,41,92,92,207,2.25
2020-04-02,8,8,16,3,4,7,3,5,8,5,4,9,3,5,8,2,8,10,8,5,13,8,5,13,5,7,12,3,3,6,48,54,102,102,184,1.803921568627451
2020-04-03,16,8,24,4,3,7,4,7,11,6,10,16,5,10,15,2,5,7,8,5,13,7,4,11,5,6,11,1,5,6,58,63,121,121,245,2.024793388429752
2020-04-04,7,12,19,3,4,7,2,7,9,2,10,12,5,2,7,6,0,6,6,3,9,2,5,7,4,2,6,1,3,4,38,48,86,86,162,1.8837209302325582
2020-04-05,7,10,17,4,5,9,6,1,7,6,2,8,8,5,13,4,2,6,1,11,12,6,7,13,3,4,7,2,3,5,47,50,97,97,167,1.7216494845360826
2020-04-06,11,9,20,4,2,6,7,3,10,10,5,15,11,3,14,9,2,11,7,7,14,11,5,16,7,4,11,1,3,4,78,43,121,121,179,1.4793388429752066
2020-04-07,10,9,19,4,5,9,5,4,9,7,7,14,5,5,10,8,2,10,4,4,8,8,8,16,6,11,17,2,1,3,59,56,115,115,130,1.1304347826086956
2020-04-08,8,9,17,4,2,6,3,7,10,5,3,8,7,4,11,6,4,10,9,5,14,9,4,13,2,4,6,3,5,8,56,47,103,103,123,1.1941747572815533
2020-04-09,5,3,8,3,3,6,3,7,10,14,9,23,2,6,8,8,8,16,4,4,8,7,10,17,5,8,13,4,5,9,55,63,118,118,183,1.5508474576271187
2020-04-10,16,4,20,4,3,7,2,6,8,4,2,6,10,1,11,3,6,9,6,1,7,1,9,10,5,8,13,1,3,4,52,43,95,95,128,1.3473684210526315
2020-04-11,8,5,13,4,3,7,7,4,11,5,3,8,7,3,10,2,4,6,4,6,10,7,3,10,3,7,10,1,4,5,48,42,90,90,117,1.3
2020-04-12,9,6,15,2,0,2,2,4,6,8,3,11,3,7,10,9,3,12,3,4,7,3,8,11,5,4,9,0,2,2,44,41,85,85,140,1.6470588235294117
2020-04-13,9,11,20,7,4,11,12,7,19,4,8,12,4,3,7,5,5,10,8,6,14,5,9,14,6,10,16,4,5,9,64,68,132,132,161,1.2196969696969697
2020-04-14,15,6,21,3,1,4,7,6,13,9,4,13,4,4,8,11,7,18,4,7,11,9,5,14,6,4,10,4,4,8,72,48,120,120,122,1.0166666666666666
2020-04-15,9,3,12,3,6,9,5,6,11,6,6,12,8,14,22,5,9,14,9,4,13,9,4,13,6,6,12,5,3,8,65,61,126,126,178,1.4126984126984128
2020-04-16,12,3,15,4,4,8,8,4,12,9,13,22,9,10,19,6,10,16,4,10,14,7,4,11,4,5,9,0,4,4,63,67,130,130,141,1.0846153846153845
2020-04-17,14,11,25,4,5,9,2,6,8,6,13,19,13,9,22,7,7,14,7,6,13,15,9,24,5,8,13,1,3,4,74,77,151,151,211,1.3973509933774835
2020-04-18,10,9,19,5,1,6,8,4,12,15,6,21,8,5,13,7,4,11,2,2,4,5,10,15,6,9,15,3,4,7,69,54,123,123,196,1.5934959349593496
2020-04-19,10,7,17,4,1,5,4,2,6,5,4,9,5,4,9,5,9,14,7,6,13,5,8,13,5,7,12,1,1,2,51,49,100,100,126,1.26
2020-04-20,14,10,24,8,7,15,13,6,19,11,10,21,9,6,15,8,6,14,12,9,21,16,11,27,10,8,18,4,15,19,105,88,193,193,225,1.16580310880829
2020-04-21,12,8,20,5,6,11,12,5,17,9,13,22,4,4,8,7,8,15,7,8,15,11,10,21,7,10,17,2,10,12,76,82,158,158,187,1.1835443037974684
2020-04-22,13,10,23,4,7,11,6,7,13,11,3,14,12,6,18,6,8,14,8,3,11,7,14,21,8,12,20,7,6,13,82,76,158,158,244,1.5443037974683544
2020-04-23,17,13,30,4,3,7,6,11,17,8,8,16,8,8,16,5,12,17,7,4,11,10,8,18,10,10,20,7,9,16,82,86,168,168,169,1.005952380952381
2020-04-24,17,11,28,5,5,10,10,8,18,12,11,23,5,7,12,7,8,15,8,11,19,11,10,21,10,15,25,3,3,6,88,89,177,177,193,1.0903954802259888
2020-04-25,12,6,18,4,1,5,3,5,8,8,6,14,4,5,9,5,6,11,6,4,10,6,4,10,10,15,25,4,5,9,62,57,119,119,108,0.907563025210084
2020-04-26,8,16,24,5,6,11,2,3,5,3,2,5,8,6,14,3,3,6,8,7,15,6,7,13,7,7,14,1,4,5,51,61,112,112,101,0.9017857142857143
2020-04-27,12,12,24,6,4,10,5,7,12,5,10,15,3,10,13,11,8,19,6,9,15,20,5,25,11,15,26,3,5,8,82,85,167,167,137,0.8203592814371258
2020-04-28,18,7,25,5,5,10,10,12,22,11,11,22,7,11,18,6,9,15,6,7,13,3,12,15,6,14,20,2,4,6,74,92,166,166,130,0.7831325301204819
2020-04-29,21,12,33,6,5,11,14,7,21,18,11,29,10,8,18,8,7,15,4,8,12,10,6,16,3,14,17,5,10,15,99,88,187,187,151,0.8074866310160428
2020-04-30,17,10,27,9,1,10,8,6,14,6,8,14,11,9,20,7,12,19,10,8,18,7,10,17,8,17,25,8,7,15,91,88,179,179,145,0.8100558659217877
2020-05-01,2,13,15,6,5,11,1,7,8,11,9,20,10,6,16,6,3,9,10,6,16,7,8,15,8,12,20,0,2,2,61,71,132,132,112,0.8484848484848485
2020-05-02,6,16,22,5,6,11,8,2,10,9,6,15,6,5,11,7,2,9,3,4,7,8,1,9,5,11,16,1,3,4,58,56,114,114,113,0.9912280701754386
2020-05-03,8,8,16,4,3,7,5,5,10,7,6,13,5,5,10,8,2,10,8,7,15,5,9,14,6,8,14,3,5,8,59,58,117,117,96,0.8205128205128205
2020-05-04,18,19,37,5,2,7,8,9,17,11,8,19,5,5,10,9,4,13,8,11,19,14,15,29,8,16,24,2,4,6,88,93,181,181,143,0.7900552486187845
2020-05-05,12,10,22,7,3,10,10,9,19,12,13,25,5,11,16,9,5,14,9,7,16,15,8,23,5,12,17,1,10,11,85,88,173,173,115,0.6647398843930635
2020-05-06,13,15,28,4,0,4,10,7,17,16,14,30,18,8,26,6,5,11,10,6,16,18,14,32,7,12,19,4,6,10,106,87,193,193,129,0.6683937823834197
2020-05-07,16,11,27,7,5,12,14,7,21,11,8,19,14,10,24,5,6,11,7,7,14,17,6,23,6,12,18,1,7,8,98,79,177,177,113,0.6384180790960452
2020-05-08,15,12,27,7,5,12,14,7,21,11,14,25,15,11,26,15,4,19,8,11,19,12,9,21,11,12,23,2,12,14,110,97,207,207,229,1.106280193236715
2020-05-09,18,12,30,3,0,3,7,11,18,4,7,11,9,8,17,5,6,11,6,6,12,11,2,13,5,10,15,5,8,13,73,70,143,143,134,0.9370629370629371
2020-05-10,8,8,16,1,3,4,8,9,17,5,6,11,4,7,11,4,6,10,8,6,14,8,12,20,5,12,17,1,5,6,52,74,126,125,108,0.864
2020-05-11,16,17,33,6,5,11,7,7,14,13,12,25,13,11,24,8,6,14,10,6,16,13,9,22,12,18,30,4,14,18,102,105,207,207,150,0.7246376811594203
2020-05-12,19,9,28,7,9,16,25,19,44,19,7,26,9,14,23,6,4,10,9,8,17,8,11,19,9,14,23,5,12,17,116,107,223,223,156,0.6995515695067265
2020-05-13,24,15,39,9,9,18,17,10,27,14,22,36,14,7,21,9,9,18,9,9,18,9,8,17,8,14,22,1,9,10,114,112,226,226,201,0.8893805309734514
2020-05-14,20,23,43,11,14,25,11,18,29,19,18,37,11,7,18,7,9,16,10,12,22,10,9,19,9,13,22,2,15,17,110,138,248,248,226,0.9112903225806451
2020-05-15,18,21,39,7,5,12,7,10,17,14,12,26,8,16,24,11,6,17,11,9,20,7,6,13,8,20,28,5,9,14,96,114,210,209,184,0.8803827751196173
2020-05-16,12,16,28,7,6,13,5,11,16,9,14,23,7,8,15,6,7,13,6,6,12,9,6,15,6,5,11,5,14,19,72,93,165,165,221,1.3393939393939394
2020-05-17,18,13,31,4,7,11,8,11,19,8,7,15,8,11,19,5,4,9,6,7,13,6,5,11,10,12,22,4,4,8,77,81,158,158,119,0.7531645569620253
2020-05-18,21,22,43,8,12,20,24,20,44,21,18,39,10,19,29,14,10,24,14,14,28,17,13,30,17,13,30,1,11,12,147,152,299,299,224,0.7491638795986622
2020-05-19,17,18,35,13,13,26,26,23,49,32,21,53,24,14,38,15,13,28,16,12,28,10,19,29,12,22,34,3,9,12,168,164,332,332,224,0.6746987951807228
2020-05-20,27,38,65,14,14,28,25,22,47,40,17,57,14,12,26,10,11,21,17,14,31,12,12,24,12,16,28,6,5,11,177,161,338,338,218,0.6449704142011834
2020-05-21,31,31,62,19,9,28,28,22,50,25,26,51,15,19,34,17,12,29,12,6,18,14,7,21,7,16,23,1,4,5,169,152,321,321,171,0.5327102803738317
2020-05-22,31,17,48,13,15,28,27,29,56,21,23,44,16,13,29,11,9,20,6,10,16,10,11,21,8,16,24,6,13,19,149,156,305,305,140,0.45901639344262296
2020-05-23,18,17,35,13,14,27,23,18,41,25,15,40,8,15,23,8,7,15,12,10,22,8,13,21,9,6,15,2,2,4,126,117,243,243,149,0.6131687242798354
2020-05-24,16,19,35,7,8,15,13,9,22,13,11,24,9,4,13,7,4,11,11,7,18,11,8,19,5,12,17,2,6,8,94,88,182,182,131,0.7197802197802198
2020-05-25,25,21,46,17,21,38,22,24,46,14,15,29,16,10,26,5,8,13,8,8,16,11,4,15,10,16,26,2,8,10,130,135,265,265,148,0.5584905660377358
2020-05-26,34,28,62,20,22,42,32,30,62,45,33,78,16,27,43,9,17,26,8,6,14,14,6,20,10,14,24,3,10,13,191,193,384,384,283,0.7369791666666666
2020-05-27,42,31,73,12,17,29,20,26,46,24,15,39,15,11,26,17,14,31,10,8,18,7,13,20,4,14,18,4,2,6,155,151,306,306,231,0.7549019607843137
2020-05-28,25,42,67,18,12,30,24,28,52,24,19,43,24,18,42,12,18,30,9,12,21,10,7,17,14,17,31,4,13,17,164,186,350,350,253,0.7228571428571429
2020-05-29,34,29,63,22,19,41,36,28,64,27,39,66,27,19,46,14,18,32,14,11,25,16,11,27,14,17,31,2,4,6,206,195,401,401,307,0.7655860349127181
2020-05-30,27,22,49,14,9,23,34,24,58,32,14,46,12,17,29,12,12,24,7,5,12,10,11,21,7,10,17,1,7,8,156,131,287,286,132,0.46153846153846156
2020-05-31,25,16,41,11,11,22,15,10,25,14,8,22,14,7,21,5,9,14,8,4,12,11,6,17,5,10,15,1,8,9,109,89,198,198,101,0.51010101010101
2020-06-01,31,25,56,21,18,39,29,38,67,28,33,61,15,19,34,15,13,28,22,14,36,12,8,20,6,10,16,5,4,9,184,182,366,366,246,0.6721311475409836
2020-06-02,40,28,68,20,20,40,32,26,58,22,23,45,17,20,37,12,15,27,17,8,25,22,11,33,7,15,22,4,11,15,193,177,370,370,215,0.581081081081081
2020-06-03,35,23,58,14,26,40,25,27,52,25,34,59,15,21,36,8,11,19,14,15,29,18,11,29,10,16,26,2,9,11,166,193,359,359,194,0.5403899721448467
2020-06-04,32,28,60,17,23,40,32,27,59,18,25,43,18,16,34,26,15,41,9,7,16,19,13,32,9,17,26,3,10,13,183,181,364,362,225,0.6215469613259669
2020-06-05,41,38,79,15,19,34,34,24,58,28,36,64,27,24,51,22,22,44,14,15,29,17,11,28,11,20,31,3,9,12,212,218,430,430,365,0.8488372093023255
2020-06-06,25,22,47,14,12,26,20,16,36,25,25,50,14,15,29,13,10,23,11,12,23,12,8,20,11,17,28,1,9,10,146,146,292,287,225,0.7839721254355401
2020-06-07,22,23,45,14,12,26,18,16,34,18,12,30,16,8,24,10,8,18,7,4,11,8,6,14,12,12,24,2,7,9,127,108,235,232,129,0.5560344827586207
2020-06-08,29,33,62,19,20,39,36,27,63,38,31,69,34,20,54,17,17,34,14,11,25,14,16,30,10,16,26,4,7,11,215,198,413,412,257,0.6237864077669902
2020-06-09,52,32,84,23,23,46,18,37,55,26,30,56,31,21,52,15,6,21,11,8,19,9,14,23,11,26,37,3,11,14,199,208,407,406,340,0.8374384236453202
2020-06-10,24,31,55,14,17,31,39,20,59,31,38,69,29,22,51,22,19,41,19,11,30,20,24,44,5,20,25,6,15,21,209,217,426,426,292,0.6854460093896714
2020-06-11,36,38,74,13,19,32,29,28,57,35,27,62,16,23,39,16,22,38,11,20,31,16,15,31,7,26,33,3,15,18,182,233,415,415,283,0.6819277108433734
2020-06-12,34,42,76,9,24,33,49,34,83,43,49,92,32,30,62,16,17,33,25,16,41,16,14,30,6,20,26,4,9,13,234,255,489,489,321,0.656441717791411
2020-06-13,34,28,62,23,20,43,34,34,68,32,24,56,8,20,28,17,15,32,10,5,15,13,8,21,6,15,21,2,6,8,179,175,354,354,248,0.7005649717514124
2020-06-14,20,27,47,20,18,38,24,19,43,19,16,35,17,11,28,10,17,27,10,5,15,3,12,15,13,21,34,1,8,9,137,154,291,291,198,0.6804123711340206
2020-06-15,33,32,65,25,19,44,28,28,56,20,24,44,19,14,33,12,12,24,12,3,15,13,10,23,6,16,22,2,10,12,170,168,338,338,196,0.5798816568047337
2020-06-16,50,60,110,21,20,41,57,44,101,46,36,82,37,22,59,20,15,35,15,13,28,15,7,22,13,22,35,3,14,17,277,253,530,530,327,0.6169811320754717
2020-06-17,41,41,82,21,28,49,51,36,87,38,43,81,33,24,57,24,14,38,15,12,27,9,19,28,18,16,34,1,8,9,251,241,492,492,397,0.806910569105691
2020-06-18,48,44,92,20,14,34,59,40,99,47,56,103,43,20,63,30,23,53,20,19,39,13,14,27,15,24,39,2,11,13,297,265,562,562,479,0.8523131672597865
2020-06-19,54,31,85,12,24,36,32,36,68,60,37,97,36,38,74,36,21,57,29,19,48,19,18,37,17,18,35,7,14,21,302,256,558,558,586,1.050179211469534
2020-06-20,32,35,67,16,19,35,34,24,58,34,28,62,23,30,53,17,19,36,15,14,29,10,9,19,7,15,22,4,5,9,192,198,390,390,227,0.5820512820512821
2020-06-21,33,20,53,17,17,34,27,32,59,20,29,49,16,7,23,13,9,22,9,10,19,11,7,18,6,9,15,1,7,8,153,147,300,300,131,0.43666666666666665
2020-06-22,46,41,87,28,24,52,37,44,81,48,26,74,27,30,57,23,26,49,15,19,34,17,15,32,6,22,28,2,12,14,249,259,508,508,338,0.6653543307086615
2020-06-23,46,41,87,28,30,58,49,39,88,55,41,96,33,40,73,16,30,46,19,20,39,11,12,23,11,15,26,2,6,8,270,274,544,544,317,0.5827205882352942
2020-06-24,41,40,81,27,20,47,48,47,95,36,47,83,37,29,66,21,28,49,12,17,29,9,14,23,15,14,29,2,4,6,248,260,508,508,231,0.4547244094488189
2020-06-25,49,53,102,35,39,74,39,38,77,43,34,77,37,31,68,36,31,67,11,14,25,10,13,23,9,12,21,5,5,10,274,270,544,544,356,0.6544117647058824
2020-06-26,44,36,80,33,26,59,53,46,99,40,42,82,35,30,65,17,23,40,23,18,41,12,16,28,11,19,30,1,9,10,269,265,534,534,269,0.5037453183520599
2020-06-27,60,53,113,30,37,67,35,49,84,34,32,66,28,21,49,22,10,32,15,6,21,3,13,16,8,7,15,4,6,10,239,234,473,473,246,0.5200845665961945
2020-06-28,41,21,62,14,16,30,14,37,51,29,25,54,19,22,41,20,13,33,10,8,18,8,8,16,8,12,20,6,7,13,169,169,338,338,173,0.5118343195266272
2020-06-29,42,45,87,32,39,71,42,37,79,49,34,83,24,26,50,16,30,46,25,11,36,15,16,31,12,16,28,3,8,11,260,262,522,522,303,0.5804597701149425
2020-06-30,32,39,71,13,27,40,50,33,83,34,43,77,32,34,66,28,24,52,21,9,30,18,10,28,6,19,25,2,11,13,236,249,485,484,251,0.518595041322314
2020-07-01,43,35,78,16,26,42,56,45,101,40,34,74,30,28,58,23,28,51,17,14,31,15,14,29,9,21,30,3,6,9,252,251,503,502,315,0.6274900398406374
2020-07-02,52,55,107,26,30,56,43,49,92,46,43,89,38,30,68,18,20,38,18,11,29,12,15,27,11,11,22,3,5,8,267,269,536,536,215,0.40111940298507465
2020-07-03,53,36,89,27,21,48,40,32,72,50,53,103,24,32,56,24,20,44,18,15,33,10,15,25,9,17,26,4,4,8,259,245,504,504,265,0.5257936507936508
2020-07-04,36,36,72,22,22,44,35,40,75,29,29,58,29,19,48,20,14,34,13,9,22,11,15,26,5,12,17,3,7,10,203,203,406,406,174,0.42857142857142855
2020-07-05,24,37,61,21,12,33,30,35,65,28,32,60,13,24,37,15,18,33,20,15,35,15,14,29,9,14,23,4,8,12,179,209,388,388,186,0.4793814432989691
2020-07-06,32,35,67,20,19,39,42,42,84,53,31,84,34,37,71,32,25,57,24,24,48,17,28,45,10,24,34,3,9,12,267,274,541,541,178,0.3290203327171904
2020-07-07,47,65,112,27,28,55,51,49,100,53,41,94,29,32,61,27,27,54,18,15,33,12,13,25,10,23,33,7,12,19,281,305,586,586,226,0.3856655290102389
2020-07-08,43,33,76,29,31,60,53,44,97,40,42,82,45,44,89,23,31,54,17,19,36,16,20,36,11,15,26,4,14,18,281,293,574,574,264,0.45993031358885017
2020-07-09,33,26,59,16,14,30,31,29,60,40,27,67,32,26,58,13,14,27,12,15,27,8,23,31,5,16,21,7,8,15,197,198,395,395,154,0.389873417721519
2020-07-10,30,26,56,21,23,44,31,30,61,29,33,62,22,24,46,16,18,34,19,19,38,17,12,29,13,17,30,1,10,11,199,212,411,411,149,0.36253041362530414
2020-07-11,29,39,68,21,12,33,24,28,52,26,32,58,24,26,50,15,22,37,20,13,33,14,19,33,4,19,23,2,9,11,179,219,398,398,184,0.4623115577889447
2020-07-12,25,18,43,16,10,26,23,21,44,25,17,42,15,16,31,10,11,21,11,11,22,10,7,17,6,13,19,4,6,10,145,130,275,275,100,0.36363636363636365
2020-07-13,35,46,81,28,25,53,45,44,89,44,44,88,43,40,83,29,36,65,33,26,59,20,35,55,15,46,61,2,25,27,294,367,661,661,391,0.5915279878971256
2020-07-14,46,38,84,30,21,51,38,29,67,68,44,112,42,41,83,32,18,50,22,26,48,19,27,46,6,18,24,7,14,21,310,276,586,586,255,0.4351535836177474
2020-07-15,37,44,81,37,24,61,41,66,107,63,69,132,42,48,90,26,36,62,21,24,45,12,19,31,15,16,31,7,6,13,301,352,653,653,269,0.4119448698315467
2020-07-16,47,29,76,22,36,58,53,58,111,60,44,104,39,49,88,30,37,67,18,18,36,17,21,38,19,31,50,2,17,19,307,340,647,647,360,0.5564142194744977
2020-07-17,48,39,87,27,27,54,32,52,84,45,54,99,40,61,101,32,39,71,28,29,57,16,19,35,17,19,36,4,9,13,289,348,637,637,314,0.49293563579277866
2020-07-18,29,32,61,18,18,36,45,42,87,38,45,83,29,37,66,27,25,52,26,23,49,15,10,25,15,21,36,2,6,8,244,259,503,503,281,0.558648111332008
2020-07-19,34,39,73,16,23,39,27,28,55,31,34,65,31,28,59,25,25,50,15,13,28,14,9,23,10,18,28,2,7,9,205,224,429,429,167,0.38927738927738925
2020-07-20,59,48,107,40,38,78,57,59,116,56,71,127,43,69,112,35,41,76,30,40,70,23,26,49,21,20,41,3,12,15,367,424,791,791,328,0.41466498103666244
2020-07-21,46,37,83,27,26,53,53,43,96,62,59,121,45,44,89,34,36,70,24,30,54,25,26,51,14,25,39,5,9,14,335,335,670,670,271,0.4044776119402985
2020-07-22,63,39,102,26,29,55,73,64,137,69,61,130,60,50,110,35,36,71,19,24,43,27,23,50,14,33,47,1,11,12,387,370,757,757,314,0.4147952443857332
2020-07-23,53,47,100,28,32,60,57,59,116,61,64,125,39,41,80,32,30,62,18,28,46,17,22,39,8,23,31,7,8,15,320,354,674,674,369,0.5474777448071216
2020-07-24,43,47,90,28,27,55,69,56,125,56,66,122,47,47,94,36,26,62,33,16,49,16,21,37,11,25,36,2,14,16,341,345,686,686,334,0.4868804664723032
2020-07-25,44,38,82,28,17,45,43,47,90,48,54,102,33,34,67,14,20,34,16,20,36,13,21,34,12,15,27,5,3,8,256,269,525,525,274,0.5219047619047619
2020-07-26,35,33,68,15,18,33,25,23,48,28,35,63,31,16,47,19,18,37,12,13,25,15,13,28,7,22,29,5,6,11,192,197,389,389,194,0.4987146529562982
2020-07-27,37,42,79,34,27,61,52,45,97,63,54,117,47,52,99,32,48,80,26,32,58,18,22,40,18,21,39,5,21,26,332,364,696,696,310,0.4454022988505747
2020-07-28,48,46,94,29,27,56,74,77,151,62,61,123,47,47,94,46,44,90,34,31,65,16,31,47,11,26,37,5,20,25,372,410,782,782,315,0.40281329923273657
2020-07-29,50,48,98,32,35,67,72,60,132,61,62,123,60,54,114,37,46,83,32,35,67,23,25,48,18,34,52,8,23,31,393,422,815,815,328,0.40245398773006136
2020-07-30,54,45,99,37,47,84,88,68,156,69,65,134,63,45,108,45,43,88,26,28,54,16,19,35,8,19,27,2,8,10,408,387,795,795,356,0.4477987421383648
2020-07-31,44,55,99,21,28,49,57,70,127,81,78,159,56,48,104,39,40,79,26,32,58,21,29,50,10,28,38,6,16,22,361,424,785,785,382,0.48662420382165605
2020-08-01,36,35,71,19,29,48,36,46,82,37,48,85,29,42,71,33,30,63,22,10,32,20,18,38,13,22,35,1,12,13,246,292,538,538,273,0.5074349442379182
2020-08-02,41,32,73,21,22,43,32,27,59,41,37,78,26,42,68,20,26,46,10,17,27,7,17,24,11,16,27,2,7,9,211,243,454,454,209,0.460352422907489
2020-08-03,52,58,110,32,38,70,59,59,118,63,51,114,41,56,97,37,39,76,31,23,54,11,22,33,13,32,45,5,13,18,344,391,735,735,365,0.4965986394557823
2020-08-04,56,43,99,37,40,77,79,53,132,73,63,136,61,52,113,42,38,80,29,24,53,17,26,43,17,29,46,5,14,19,416,382,798,798,352,0.44110275689223055
2020-08-05,53,53,106,39,32,71,66,57,123,57,66,123,39,50,89,45,50,95,31,31,62,25,24,49,16,23,39,3,10,13,374,396,770,770,519,0.674025974025974
2020-08-06,51,44,95,30,41,71,65,67,132,63,73,136,57,59,116,35,43,78,29,24,53,19,23,42,17,28,45,5,13,18,371,415,786,785,427,0.5439490445859873
2020-08-07,64,51,115,33,28,61,68,72,140,67,68,135,44,68,112,40,32,72,18,30,48,22,30,52,14,40,54,5,20,25,375,439,814,814,372,0.457002457002457
2020-08-08,45,37,82,25,27,52,39,40,79,66,61,127,40,51,91,33,32,65,21,23,44,13,29,42,13,37,50,1,27,28,296,364,660,660,216,0.32727272727272727
2020-08-09,34,35,69,21,13,34,35,42,77,42,34,76,30,44,74,35,38,73,19,21,40,18,25,43,16,47,63,4,17,21,254,316,570,570,192,0.3368421052631579
2020-08-10,58,53,111,36,32,68,73,64,137,74,59,133,61,59,120,45,50,95,19,22,41,15,24,39,13,25,38,4,13,17,398,401,799,799,308,0.3854818523153942
2020-08-11,52,46,98,44,27,71,74,70,144,86,75,161,66,68,134,45,44,89,39,34,73,30,55,85,17,46,63,7,24,31,460,489,949,949,383,0.4035827186512118
2020-08-12,49,50,99,41,41,82,59,75,134,59,97,156,57,61,118,39,42,81,31,30,61,16,28,44,12,21,33,4,16,20,367,461,828,828,299,0.3611111111111111
2020-08-13,36,48,84,41,36,77,88,80,168,91,101,192,56,60,116,52,48,100,25,36,61,27,19,46,12,25,37,5,15,20,433,468,901,901,333,0.36958934517203107
2020-08-14,34,39,73,29,32,61,89,89,178,72,86,158,70,49,119,46,53,99,33,34,67,24,35,59,13,21,34,3,13,16,413,451,864,864,343,0.39699074074074076
2020-08-15,52,30,82,44,31,75,45,62,107,52,72,124,37,55,92,29,33,62,27,28,55,22,37,59,15,51,66,4,21,25,327,420,747,747,287,0.38420348058902276
2020-08-16,37,26,63,19,15,34,47,46,93,40,47,87,20,38,58,22,26,48,16,24,40,15,18,33,11,33,44,3,20,23,230,293,523,522,214,0.4099616858237548
2020-08-17,38,18,56,30,24,54,54,53,107,62,62,124,51,52,103,40,53,93,16,38,54,18,15,33,11,22,33,0,12,12,320,349,669,669,275,0.4110612855007474
2020-08-18,52,51,103,34,26,60,65,62,127,91,89,180,53,57,110,33,68,101,25,32,57,24,29,53,9,20,29,0,16,16,386,450,836,836,292,0.3492822966507177
2020-08-19,56,45,101,30,35,65,51,74,125,73,64,137,47,62,109,41,35,76,21,30,51,17,39,56,16,38,54,6,20,26,358,442,800,800,259,0.32375
2020-08-20,37,45,82,29,29,58,67,77,144,59,69,128,37,55,92,37,42,79,28,33,61,18,21,39,14,24,38,3,13,16,329,408,737,737,290,0.39348710990502034
2020-08-21,38,56,94,34,29,63,56,64,120,69,75,144,60,53,113,44,56,100,36,37,73,26,40,66,13,38,51,4,11,15,380,459,839,839,372,0.4433849821215733
2020-08-22,22,24,46,27,23,50,44,45,89,46,65,111,40,37,77,28,25,53,31,26,57,14,27,41,11,16,27,3,15,18,266,303,569,569,268,0.4710017574692443
2020-08-23,30,38,68,17,14,31,32,37,69,36,40,76,33,28,61,25,32,57,19,23,42,9,23,32,13,10,23,5,4,9,219,249,468,468,146,0.31196581196581197
2020-08-24,59,56,115,34,33,67,59,74,133,69,82,151,53,66,119,52,44,96,32,42,74,21,30,51,16,27,43,5,21,26,400,475,875,875,345,0.3942857142857143
2020-08-25,40,46,86,41,30,71,63,96,159,79,86,165,54,58,112,36,50,86,26,31,57,18,22,40,16,31,47,6,17,23,379,467,846,846,338,0.39952718676122934
2020-08-26,58,33,91,37,40,77,85,77,162,77,72,149,48,64,112,44,52,96,31,31,62,25,30,55,17,29,46,3,16,19,425,444,869,869,330,0.379746835443038
2020-08-27,53,41,94,47,45,92,84,70,154,78,72,150,66,67,133,53,49,102,24,36,60,28,24,52,18,30,48,5,20,25,456,454,910,910,332,0.3648351648351648
2020-08-28,47,43,90,49,36,85,96,99,195,81,87,168,67,79,146,53,70,123,31,44,75,35,37,72,15,31,46,3,10,13,477,536,1013,1013,428,0.42250740375123397
2020-08-29,32,28,60,19,21,40,61,60,121,54,83,137,58,47,105,34,35,69,33,23,56,20,20,40,10,26,36,4,15,19,325,358,683,683,364,0.5329428989751098
2020-08-30,28,38,66,30,22,52,48,48,96,51,39,90,47,47,94,32,29,61,20,25,45,13,19,32,7,15,22,3,7,10,279,289,568,568,180,0.31690140845070425
2020-08-31,50,36,86,41,36,77,78,67,145,67,72,139,57,68,125,40,40,80,31,41,72,28,36,64,21,41,62,2,14,16,415,451,866,866,482,0.5565819861431871
2020-09-01,52,48,100,29,46,75,73,77,150,96,84,180,72,58,130,41,64,105,24,27,51,17,27,44,15,47,62,7,15,22,426,493,919,918,369,0.4019607843137255
2020-09-02,43,30,73,25,28,53,61,78,139,66,85,151,52,54,106,43,43,86,19,29,48,31,25,56,16,31,47,3,28,31,359,431,790,790,409,0.5177215189873418
2020-09-03,43,37,80,40,34,74,80,87,167,99,97,196,61,60,121,52,44,96,31,35,66,22,26,48,17,32,49,3,10,13,448,462,910,910,384,0.421978021978022
2020-09-04,46,54,100,36,36,72,69,78,147,80,85,165,64,78,142,38,50,88,36,42,78,29,28,57,15,27,42,4,15,19,417,493,910,910,408,0.44835164835164837
2020-09-05,35,29,64,20,16,36,57,53,110,61,79,140,47,64,111,28,33,61,29,29,58,20,21,41,15,23,38,2,7,9,314,354,668,668,380,0.5688622754491018
2020-09-06,33,33,66,20,22,42,31,43,74,42,41,83,34,36,70,19,33,52,19,24,43,9,28,37,13,14,27,1,10,11,221,284,505,505,210,0.4158415841584158
2020-09-07,40,41,81,32,36,68,81,84,165,92,82,174,63,75,138,46,68,114,39,37,76,20,24,44,15,31,46,6,14,20,434,492,926,926,395,0.4265658747300216
2020-09-08,42,47,89,29,38,67,72,78,150,94,90,184,58,60,118,52,53,105,31,47,78,31,30,61,18,27,45,5,21,26,432,491,923,923,413,0.447453954496208
2020-09-09,50,40,90,33,43,76,78,71,149,77,75,152,67,61,128,51,47,98,33,45,78,22,29,51,16,37,53,1,19,20,428,467,895,895,454,0.5072625698324023
2020-09-10,40,26,66,43,34,77,88,78,166,97,102,199,77,67,144,47,51,98,26,34,60,25,30,55,11,31,42,2,16,18,456,469,925,925,460,0.4972972972972973
2020-09-11,47,40,87,49,34,83,79,64,143,75,84,159,61,77,138,47,70,117,42,35,77,28,30,58,19,31,50,3,9,12,450,474,924,924,480,0.5194805194805194
2020-09-12,35,24,59,27,26,53,41,50,91,47,61,108,30,47,77,34,40,74,30,28,58,21,22,43,13,32,45,2,13,15,280,343,623,623,316,0.507223113964687
2020-09-13,37,32,69,20,23,43,39,55,94,43,55,98,28,37,65,32,29,61,31,27,58,15,11,26,3,16,19,5,9,14,253,294,547,547,214,0.3912248628884826
2020-09-14,48,48,96,42,36,78,70,97,167,80,78,158,50,64,114,60,61,121,43,51,94,30,32,62,20,23,43,1,9,10,444,499,943,943,406,0.4305408271474019
2020-09-15,55,33,88,29,22,51,68,56,124,69,95,164,53,54,107,36,46,82,41,41,82,27,36,63,15,34,49,1,12,13,394,429,823,823,408,0.4957472660996355
2020-09-16,59,48,107,52,52,104,85,104,189,67,94,161,69,68,137,50,57,107,38,45,83,21,23,44,16,30,46,3,10,13,460,531,991,991,348,0.3511604439959637
2020-09-17,44,39,83,30,49,79,72,70,142,67,79,146,67,86,153,60,62,122,43,41,84,31,28,59,16,20,36,3,8,11,433,482,915,915,439,0.47978142076502733
2020-09-18,58,55,113,31,48,79,73,88,161,84,106,190,58,69,127,46,51,97,28,47,75,35,28,63,12,24,36,3,14,17,428,530,958,958,395,0.4123173277661795
2020-09-19,20,40,60,24,35,59,36,36,72,50,56,106,33,28,61,24,25,49,34,30,64,18,22,40,15,19,34,4,7,11,258,298,556,556,246,0.44244604316546765
2020-09-20,31,34,65,30,30,60,40,38,78,46,35,81,32,38,70,18,33,51,14,22,36,20,20,40,5,16,21,3,7,10,239,273,512,512,144,0.28125
2020-09-21,51,43,94,34,39,73,70,61,131,73,91,164,52,63,115,42,35,77,38,43,81,30,28,58,14,19,33,1,11,12,405,433,838,838,371,0.44272076372315033
2020-09-22,58,54,112,46,47,93,72,83,155,72,77,149,65,54,119,55,50,105,43,35,78,31,36,67,13,35,48,3,14,17,458,485,943,943,332,0.352067868504772
2020-09-23,56,42,98,34,33,67,50,79,129,69,91,160,50,58,108,44,49,93,39,43,82,19,40,59,9,24,33,2,9,11,372,468,840,840,292,0.3476190476190476
2020-09-24,61,51,112,50,46,96,83,63,146,84,86,170,65,64,129,37,41,78,20,55,75,20,32,52,22,27,49,7,22,29,449,487,936,936,358,0.38247863247863245
2020-09-25,49,38,87,33,31,64,67,73,140,70,67,137,65,58,123,41,44,85,42,49,91,24,27,51,19,26,45,0,11,11,410,424,834,834,393,0.4712230215827338
2020-09-26,28,30,58,27,25,52,40,33,73,54,47,101,38,39,77,28,43,71,27,23,50,21,14,35,8,15,23,4,8,12,275,277,552,552,228,0.41304347826086957
2020-09-27,33,33,66,18,26,44,41,52,93,39,48,87,43,37,80,26,32,58,24,20,44,6,19,25,9,14,23,2,6,8,241,287,528,528,162,0.3068181818181818
2020-09-28,50,40,90,33,28,61,54,58,112,75,69,144,73,47,120,64,59,123,45,29,74,22,27,49,17,23,40,4,16,20,437,396,833,833,351,0.42136854741896757
2020-09-29,58,51,109,47,53,100,85,63,148,94,97,191,73,59,132,46,42,88,43,46,89,29,52,81,21,37,58,1,23,24,497,523,1020,1020,294,0.28823529411764703
2020-09-30,60,58,118,35,41,76,75,86,161,70,68,138,58,59,117,54,58,112,40,53,93,30,32,62,13,24,37,4,9,13,439,488,927,927,360,0.3883495145631068
2020-10-01,51,70,121,41,61,102,79,96,175,90,93,183,54,64,118,46,50,96,42,46,88,32,46,78,10,17,27,3,11,14,448,554,1002,1002,407,0.406187624750499
2020-10-02,73,62,135,39,40,79,69,85,154,67,85,152,53,69,122,49,43,92,42,44,86,29,41,70,12,38,50,4,13,17,437,520,957,957,492,0.5141065830721003
2020-10-03,34,35,69,29,37,66,53,52,105,49,50,99,42,37,79,37,30,67,21,29,50,22,21,43,8,22,30,4,5,9,299,318,617,617,271,0.4392220421393841
2020-10-04,39,36,75,26,25,51,47,55,102,36,42,78,36,40,76,24,28,52,22,19,41,17,18,35,8,23,31,1,3,4,256,289,545,545,231,0.42385321100917434
2020-10-05,33,46,79,34,31,65,70,63,133,96,86,182,83,62,145,53,54,107,63,44,107,34,48,82,20,31,51,3,7,10,489,472,961,961,425,0.4422476586888658
2020-10-06,42,59,101,41,43,84,71,59,130,80,72,152,79,56,135,52,50,102,41,43,84,31,36,67,19,27,46,6,10,16,462,455,917,917,327,0.35659760087241005
2020-10-07,59,39,98,32,31,63,74,74,148,90,93,183,60,67,127,43,70,113,47,45,92,26,38,64,16,26,42,3,7,10,450,490,940,940,318,0.3382978723404255
2020-10-08,58,41,99,37,34,71,63,71,134,67,78,145,65,57,122,43,48,91,39,37,76,36,34,70,11,28,39,4,19,23,423,447,870,870,344,0.3954022988505747
2020-10-09,47,57,104,50,42,92,47,86,133,79,97,176,52,62,114,37,58,95,31,38,69,26,37,63,10,21,31,4,15,19,383,513,896,896,456,0.5089285714285714
2020-10-10,24,42,66,29,23,52,50,46,96,50,47,97,40,40,80,33,43,76,26,30,56,13,24,37,16,21,37,6,9,15,287,325,612,612,328,0.5359477124183006
2020-10-11,42,31,73,24,18,42,30,50,80,40,63,103,35,34,69,31,28,59,30,23,53,14,19,33,11,18,29,1,6,7,258,290,548,548,312,0.5693430656934306
2020-10-12,36,33,69,39,29,68,50,55,105,58,51,109,36,47,83,31,44,75,41,32,73,20,31,51,15,23,38,0,9,9,326,354,680,680,294,0.4323529411764706
2020-10-13,59,56,115,45,29,74,77,70,147,80,93,173,54,63,117,62,61,123,41,47,88,31,42,73,18,36,54,5,13,18,472,510,982,982,425,0.43279022403258655
2020-10-14,49,50,99,34,36,70,67,84,151,66,71,137,48,56,104,37,47,84,42,34,76,32,42,74,17,21,38,0,13,13,392,454,846,846,384,0.45390070921985815
2020-10-15,54,46,100,35,34,69,77,76,153,87,73,160,77,66,143,59,54,113,47,48,95,25,33,58,14,28,42,6,10,16,481,468,949,949,366,0.3856691253951528
2020-10-16,67,47,114,45,51,96,104,112,216,94,76,170,68,79,147,52,64,116,47,47,94,30,46,76,19,40,59,3,28,31,529,590,1119,1119,443,0.3958891867739053
2020-10-17,32,34,66,32,30,62,65,51,116,59,67,126,45,45,90,30,32,62,33,36,69,29,23,52,11,22,33,3,7,10,339,347,686,686,305,0.4446064139941691
2020-10-18,27,32,59,19,16,35,23,31,54,45,61,106,24,33,57,34,18,52,22,19,41,12,17,29,8,16,24,1,5,6,215,248,463,463,287,0.6198704103671706
2020-10-19,80,59,139,38,48,86,85,94,179,96,109,205,86,113,199,57,61,118,57,49,106,34,55,89,14,34,48,1,9,10,548,631,1179,1179,599,0.5080576759966073
2020-10-20,63,66,129,60,44,104,98,87,185,78,87,165,75,100,175,57,56,113,50,42,92,29,43,72,21,36,57,0,15,15,531,576,1107,1107,790,0.7136404697380307
2020-10-21,44,37,81,60,35,95,81,86,167,67,71,138,57,61,118,50,41,91,41,40,81,29,30,59,16,31,47,2,4,6,447,436,883,883,526,0.5956964892412231
2020-10-22,42,43,85,56,57,113,59,73,132,56,77,133,61,60,121,47,51,98,25,46,71,20,33,53,13,25,38,3,8,11,382,473,855,855,594,0.6947368421052632
2020-10-23,43,38,81,34,26,60,48,50,98,52,59,111,40,63,103,37,35,72,34,42,76,30,26,56,13,18,31,4,15,19,335,372,707,707,586,0.8288543140028288
2020-10-24,29,26,55,17,20,37,43,25,68,35,37,72,31,35,66,18,30,48,19,29,48,21,22,43,7,21,28,2,10,12,222,255,477,477,454,0.9517819706498952
2020-10-25,42,28,70,15,26,41,42,38,80,34,66,100,36,34,70,24,44,68,19,26,45,20,23,43,4,13,17,2,2,4,238,300,538,538,497,0.9237918215613383
2020-10-26,50,42,92,50,44,94,60,60,120,73,80,153,44,70,114,50,62,112,40,39,79,33,37,70,10,26,36,1,9,10,411,469,880,880,744,0.8454545454545455
2020-10-27,45,49,94,36,28,64,85,78,163,57,72,129,74,65,139,52,63,115,50,56,106,30,43,73,14,26,40,3,6,9,446,486,932,932,798,0.8562231759656652
2020-10-28,45,49,94,37,36,73,64,66,130,79,85,164,45,61,106,55,61,116,38,38,76,22,31,53,10,26,36,3,11,14,398,464,862,862,715,0.8294663573085846
2020-10-29,39,38,77,34,31,65,80,70,150,80,74,154,46,66,112,40,47,87,38,39,77,18,27,45,12,24,36,1,7,8,388,423,811,811,770,0.9494451294697904
2020-10-30,43,32,75,22,33,55,49,72,121,65,65,130,53,59,112,36,47,83,37,51,88,23,27,50,18,25,43,3,15,18,349,426,775,775,605,0.7806451612903226
2020-10-31,33,24,57,17,16,33,35,32,67,35,58,93,31,39,70,24,27,51,26,39,65,20,26,46,8,14,22,2,9,11,231,284,515,515,426,0.8271844660194175
2020-11-01,50,42,92,24,33,57,49,57,106,43,56,99,43,33,76,26,38,64,21,43,64,19,22,41,7,18,25,3,4,7,285,346,631,631,517,0.8193343898573693
2020-11-02,46,50,96,38,44,82,67,77,144,79,68,147,62,66,128,44,46,90,41,47,88,34,33,67,13,18,31,1,10,11,425,459,884,884,725,0.8201357466063348
2020-11-03,32,36,68,20,33,53,46,71,117,61,58,119,45,40,85,37,38,75,33,33,66,32,31,63,17,28,45,1,12,13,324,380,704,704,539,0.765625
2020-11-04,43,46,89,34,35,69,87,83,170,73,86,159,73,72,145,59,53,112,53,52,105,31,32,63,18,34,52,7,11,18,478,504,982,982,577,0.5875763747454175
2020-11-05,59,50,109,66,54,120,101,92,193,104,81,185,77,74,151,60,65,125,37,54,91,33,35,68,16,23,39,4,11,15,557,539,1096,1096,735,0.6706204379562044
2020-11-06,30,43,73,29,34,63,58,49,107,41,66,107,42,38,80,41,47,88,31,44,75,30,42,72,14,31,45,3,6,9,319,400,719,719,590,0.8205841446453408
2020-11-07,35,37,72,24,28,52,46,52,98,36,54,90,46,48,94,36,44,80,40,43,83,31,27,58,20,18,38,7,6,13,321,357,678,678,540,0.7964601769911505
2020-11-08,47,51,98,20,35,55,49,53,102,50,70,120,45,45,90,32,41,73,31,43,74,21,25,46,9,15,24,2,5,7,306,383,689,689,565,0.8200290275761973
2020-11-09,66,59,125,58,40,98,62,83,145,87,93,180,65,75,140,58,61,119,46,47,93,23,38,61,25,33,58,4,9,13,494,538,1032,1032,815,0.7897286821705426
2020-11-10,41,37,78,40,40,80,66,55,121,74,70,144,44,46,90,43,42,85,54,41,95,27,29,56,21,25,46,5,12,17,415,397,812,812,539,0.6637931034482759
2020-11-11,52,45,97,36,39,75,78,84,162,69,68,137,67,67,134,61,55,116,34,40,74,30,35,65,18,35,53,6,17,23,451,485,936,936,631,0.6741452991452992
2020-11-12,61,50,111,33,39,72,73,84,157,103,90,193,75,74,149,54,53,107,47,53,100,34,46,80,19,36,55,3,10,13,502,535,1037,1037,667,0.6432015429122468
2020-11-13,58,35,93,42,42,84,78,90,168,58,80,138,58,65,123,43,48,91,53,54,107,33,44,77,19,39,58,5,12,17,447,509,956,956,607,0.6349372384937239
2020-11-14,61,52,113,27,26,53,39,50,89,64,57,121,44,51,95,35,39,74,42,22,64,23,36,59,10,20,30,4,3,7,349,356,705,705,524,0.7432624113475177
2020-11-15,53,56,109,43,23,66,55,59,114,62,50,112,52,52,104,43,48,91,44,40,84,22,33,55,10,24,34,0,12,12,384,397,781,781,602,0.7708066581306018
2020-11-16,53,57,110,52,37,89,56,56,112,68,79,147,57,57,114,34,50,84,43,41,84,31,39,70,13,24,37,3,13,16,410,453,863,863,544,0.6303592120509849
2020-11-17,56,62,118,46,40,86,84,94,178,91,98,189,70,74,144,50,58,108,64,67,131,42,49,91,18,40,58,5,15,20,526,597,1123,1123,796,0.7088156723063224
2020-11-18,51,53,104,54,36,90,75,81,156,92,106,198,59,63,122,48,47,95,42,42,84,43,42,85,13,40,53,2,5,7,479,515,994,994,682,0.6861167002012073
2020-11-19,60,46,106,54,51,105,85,102,187,80,92,172,65,76,141,51,55,106,41,50,91,33,31,64,21,33,54,3,8,11,493,544,1037,1037,735,0.7087753134040502
2020-11-20,54,46,100,34,46,80,73,79,152,79,79,158,57,74,131,44,51,95,49,40,89,28,29,57,17,25,42,4,13,17,439,482,921,921,672,0.7296416938110749
2020-11-21,45,43,88,26,37,63,48,54,102,59,53,112,44,47,91,33,43,76,32,36,68,23,19,42,9,15,24,3,10,13,322,357,679,679,565,0.8321060382916053
2020-11-22,37,30,67,26,27,53,50,40,90,45,54,99,48,37,85,28,27,55,26,40,66,22,16,38,12,20,32,2,9,11,296,300,596,596,460,0.7718120805369127
2020-11-23,54,51,105,32,37,69,53,67,120,66,60,126,49,53,102,33,41,74,33,39,72,27,32,59,17,27,44,4,12,16,368,419,787,787,648,0.8233799237611181
2020-11-24,48,61,109,48,45,93,71,86,157,98,80,178,73,55,128,57,59,116,51,51,102,35,40,75,24,34,58,1,7,8,506,518,1024,1024,806,0.787109375
2020-11-25,61,55,116,52,44,96,84,90,174,77,83,160,58,59,117,50,43,93,48,41,89,23,43,66,18,31,49,6,10,16,477,499,976,976,676,0.6926229508196722
2020-11-26,49,57,106,55,50,105,76,84,160,81,101,182,57,70,127,51,51,102,49,46,95,32,43,75,12,28,40,9,11,20,471,541,1012,1012,733,0.724308300395257
2020-11-27,38,41,79,36,29,65,71,102,173,60,75,135,49,34,83,45,47,92,35,32,67,29,32,61,13,33,46,4,3,7,380,428,808,808,607,0.7512376237623762
2020-11-28,58,31,89,36,23,59,55,59,114,40,63,103,40,56,96,48,37,85,19,25,44,21,33,54,11,23,34,1,6,7,329,356,685,685,475,0.6934306569343066
2020-11-29,56,44,100,25,33,58,62,74,136,57,72,129,59,47,106,35,38,73,47,50,97,21,33,54,15,16,31,1,5,6,378,412,790,790,594,0.7518987341772152
2020-11-30,73,58,131,59,43,102,102,111,213,89,90,179,83,90,173,54,67,121,62,67,129,51,42,93,18,30,48,5,8,13,596,606,1202,1201,847,0.7052456286427977
2020-12-01,41,57,98,42,52,94,91,91,182,86,98,184,66,80,146,31,48,79,58,72,130,44,45,89,28,27,55,3,5,8,490,575,1065,1065,687,0.6450704225352113
2020-12-02,33,30,63,32,34,66,55,66,121,57,71,128,52,57,109,35,38,73,33,30,63,28,34,62,16,15,31,3,10,13,344,385,729,729,282,0.3868312757201646
2020-12-03,42,45,87,52,41,93,86,101,187,89,108,197,73,81,154,52,51,103,53,56,109,39,33,72,13,23,36,1,6,7,500,545,1045,1045,251,0.24019138755980862
2020-12-04,52,49,101,50,42,92,72,74,146,74,84,158,66,75,141,59,73,132,50,68,118,39,35,74,17,30,47,6,10,16,485,540,1025,1025,339,0.3307317073170732
2020-12-05,41,48,89,35,33,68,75,56,131,74,69,143,47,45,92,37,32,69,31,35,66,24,24,48,8,20,28,5,7,12,377,369,746,746,340,0.45576407506702415
2020-12-06,38,43,81,30,29,59,50,52,102,46,51,97,40,54,94,27,34,61,33,38,71,24,24,48,15,16,31,1,5,6,304,346,650,650,246,0.37846153846153846
2020-12-07,32,46,78,46,31,77,72,66,138,72,68,140,46,66,112,30,38,68,28,29,57,25,30,55,14,19,33,2,8,10,367,401,768,768,189,0.24609375
2020-12-08,42,41,83,21,33,54,71,73,144,60,64,124,50,46,96,44,41,85,41,42,83,18,38,56,7,19,26,4,6,10,358,403,761,761,240,0.31537450722733246
2020-12-09,52,47,99,40,39,79,93,114,207,94,101,195,79,73,152,65,76,141,67,67,134,39,55,94,19,38,57,2,16,18,550,626,1176,1176,416,0.35374149659863946
2020-12-10,61,42,103,57,67,124,106,111,217,110,139,249,74,97,171,75,83,158,65,67,132,36,39,75,16,45,61,5,9,14,605,699,1304,1304,286,0.21932515337423314
2020-12-11,55,54,109,45,50,95,113,117,230,115,103,218,88,87,175,70,89,159,70,88,158,45,55,100,19,29,48,2,8,10,622,680,1302,1302,275,0.21121351766513058
2020-12-12,55,45,100,44,44,88,93,91,184,87,104,191,82,86,168,65,72,137,47,74,121,33,40,73,13,25,38,2,9,11,521,590,1111,1111,336,0.30243024302430244
2020-12-13,55,34,89,42,49,91,66,80,146,77,91,168,61,64,125,56,65,121,49,42,91,26,24,50,15,20,35,6,4,10,453,473,926,926,203,0.21922246220302377
2020-12-14,75,45,120,52,49,101,115,115,230,117,125,242,87,101,188,75,84,159,79,75,154,52,57,109,22,27,49,9,13,22,683,691,1374,1374,397,0.2889374090247453
2020-12-15,54,47,101,52,50,102,98,109,207,121,111,232,87,80,167,79,90,169,77,72,149,35,43,78,11,24,35,3,11,14,617,637,1254,1254,332,0.2647527910685805
2020-12-16,35,51,86,64,82,146,123,133,256,134,157,291,110,120,230,85,86,171,73,83,156,47,57,104,22,24,46,4,9,13,697,802,1499,1499,377,0.2515010006671114
2020-12-17,66,69,135,69,71,140,113,156,269,176,186,362,122,130,252,115,93,208,56,70,126,47,42,89,13,24,37,2,7,9,779,848,1627,1627,392,0.24093423478795328
2020-12-18,77,57,134,79,82,161,148,165,313,172,187,359,142,143,285,112,120,232,126,118,244,63,71,134,16,40,56,4,7,11,939,990,1929,1929,555,0.28771384136858474
2020-12-19,62,50,112,69,59,128,110,135,245,178,187,365,113,123,236,86,83,169,76,102,178,41,59,100,13,27,40,3,6,9,751,831,1582,1582,440,0.2781289506953224
2020-12-20,52,63,115,67,78,145,134,122,256,176,182,358,134,141,275,114,126,240,69,86,155,49,47,96,12,15,27,4,7,11,811,867,1678,1678,237,0.14123957091775924
2020-12-21,69,77,146,78,67,145,170,148,318,199,220,419,151,146,297,103,133,236,122,116,238,64,70,134,11,45,56,5,7,12,972,1029,2001,2001,402,0.20089955022488756
2020-12-22,78,82,160,99,100,199,185,194,379,209,248,457,160,159,319,128,131,259,112,123,235,64,51,115,16,31,47,4,6,10,1055,1125,2180,2180,437,0.20045871559633027
2020-12-23,88,76,164,96,90,186,195,207,402,245,232,477,169,187,356,121,126,247,101,126,227,57,63,120,27,38,65,7,14,21,1106,1159,2265,2265,470,0.20750551876379691
2020-12-24,46,43,89,47,52,99,124,123,247,159,130,289,111,95,206,56,75,131,42,70,112,40,27,67,5,17,22,1,4,5,631,636,1267,1267,304,0.23993685872138912
2020-12-25,27,20,47,19,18,37,31,30,61,37,52,89,32,24,56,28,28,56,15,21,36,14,9,23,5,18,23,4,4,8,212,224,436,436,245,0.5619266055045872
2020-12-26,65,59,124,97,104,201,152,170,322,218,212,430,139,156,295,129,114,243,79,100,179,52,58,110,19,33,52,1,11,12,951,1017,1968,1968,454,0.2306910569105691
2020-12-27,42,37,79,107,87,194,145,137,282,220,182,402,178,167,345,107,145,252,97,102,199,48,67,115,17,31,48,3,11,14,964,966,1930,1930,267,0.1383419689119171
2020-12-28,86,78,164,144,159,303,247,223,470,307,304,611,225,218,443,154,187,341,119,151,270,67,85,152,29,50,79,2,19,21,1380,1474,2854,2854,481,0.1685353889278206
2020-12-29,70,70,140,136,132,268,232,241,473,235,252,487,223,228,451,146,150,296,123,136,259,71,87,158,20,49,69,7,14,21,1263,1359,2622,2622,458,0.17467581998474446
2020-12-30,73,59,132,157,146,303,228,244,472,306,291,597,200,209,409,156,188,344,121,129,250,73,80,153,22,41,63,3,12,15,1339,1399,2738,2737,649,0.237120935330654
2020-12-31,59,54,113,112,103,215,184,161,345,176,220,396,158,164,322,107,106,213,55,66,121,36,46,82,17,25,42,0,8,8,904,953,1857,1857,419,0.22563274098007538
2021-01-01,25,19,44,30,27,57,35,51,86,47,55,102,42,37,79,29,42,71,22,18,40,16,19,35,5,14,19,1,4,5,252,286,538,538,217,0.4033457249070632
2021-01-02,66,52,118,105,104,209,155,174,329,207,217,424,144,165,309,120,127,247,120,125,245,60,69,129,13,32,45,5,9,14,995,1074,2069,2069,442,0.21362977283711937
2021-01-03,44,56,100,138,133,271,226,254,480,309,271,580,219,258,477,159,193,352,142,170,312,67,98,165,24,38,62,3,10,13,1331,1481,2812,2812,343,0.12197724039829302
2021-01-04,77,69,146,138,115,253,314,333,647,365,376,741,251,268,519,160,215,375,134,150,284,84,99,183,29,70,99,4,12,16,1556,1707,3263,3263,554,0.16978240882623352
2021-01-05,67,71,138,166,164,330,359,375,734,358,369,727,256,290,546,177,198,375,150,218,368,92,103,195,32,59,91,8,11,19,1665,1858,3523,3522,544,0.15445769449176605
2021-01-06,74,58,132,174,164,338,322,339,661,360,318,678,265,260,525,208,229,437,154,188,342,90,123,213,29,55,84,4,19,23,1680,1753,3433,3432,582,0.16958041958041958
2021-01-07,76,62,138,140,160,300,301,318,619,344,331,675,243,235,478,147,175,322,128,161,289,69,107,176,28,51,79,4,12,16,1480,1612,3092,3092,571,0.18467011642949546
2021-01-08,71,66,137,168,167,335,311,303,614,286,318,604,205,276,481,153,183,336,117,149,266,65,94,159,28,33,61,6,8,14,1410,1597,3007,3006,656,0.21823020625415834
2021-01-09,50,59,109,124,148,272,250,280,530,311,329,640,209,238,447,163,188,351,115,158,273,49,72,121,21,42,63,0,13,13,1292,1527,2819,2818,503,0.17849538679914834
2021-01-10,60,63,123,174,171,345,237,253,490,277,316,593,206,238,444,146,165,311,112,111,223,33,70,103,12,32,44,4,14,18,1261,1433,2694,2694,364,0.13511507052709726
2021-01-11,81,52,133,182,192,374,353,365,718,393,386,779,255,276,531,192,226,418,132,164,296,80,79,159,25,55,80,3,20,23,1696,1815,3511,3511,513,0.1461122187410994
2021-01-12,93,60,153,161,180,341,292,358,650,280,313,593,213,259,472,169,208,377,144,127,271,62,85,147,28,34,62,5,10,15,1447,1634,3081,3081,470,0.1525478740668614
2021-01-13,101,93,194,202,214,416,358,338,696,330,354,684,262,259,521,186,220,406,148,187,335,72,73,145,20,48,68,4,3,7,1683,1789,3472,3472,521,0.15005760368663595
2021-01-14,75,78,153,210,207,417,318,370,688,318,356,674,242,276,518,206,225,431,136,168,304,68,87,155,21,38,59,4,6,10,1598,1811,3409,3409,577,0.1692578468759167
2021-01-15,88,72,160,305,302,607,405,433,838,474,495,969,362,389,751,287,288,575,142,198,340,84,105,189,19,50,69,4,10,14,2170,2342,4512,4512,648,0.14361702127659576
2021-01-16,49,34,83,360,344,704,318,359,677,415,452,867,387,406,793,285,264,549,182,201,383,97,99,196,24,41,65,2,10,12,2119,2210,4329,4329,462,0.10672210672210672
2021-01-17,56,39,95,286,316,602,330,416,746,367,410,777,410,445,855,269,260,529,126,149,275,69,80,149,19,25,44,2,3,5,1934,2143,4077,4077,394,0.09663968604365955
2021-01-18,80,80,160,392,389,781,456,474,930,499,529,1028,464,469,933,340,359,699,232,247,479,108,130,238,38,61,99,4,14,18,2613,2752,5365,5365,581,0.10829450139794967
2021-01-19,93,69,162,414,408,822,506,549,1055,581,608,1189,524,558,1082,346,421,767,257,293,550,120,149,269,27,58,85,7,14,21,2875,3127,6002,6002,486,0.080973008997001
2021-01-20,89,78,167,442,428,870,524,566,1090,570,586,1156,524,542,1066,405,441,846,295,321,616,150,167,317,35,52,87,6,17,23,3040,3198,6238,6238,506,0.08111574222507213
2021-01-21,107,78,185,303,360,663,476,493,969,458,499,957,373,467,840,276,395,671,230,225,455,100,105,205,39,53,92,7,17,24,2369,2692,5061,5061,623,0.12309820193637622
2021-01-22,76,79,155,336,324,660,387,481,868,379,469,848,375,421,796,258,300,558,206,218,424,93,108,201,22,52,74,6,5,11,2138,2457,4595,4595,567,0.1233949945593036
2021-01-23,45,41,86,350,348,698,398,476,874,400,444,844,347,354,701,294,327,621,144,183,327,56,66,122,19,35,54,3,8,11,2056,2282,4338,4338,561,0.12932226832641772
2021-01-24,54,52,106,429,400,829,449,514,963,432,476,908,452,490,942,324,352,676,177,201,378,68,99,167,23,38,61,3,6,9,2411,2628,5039,5039,345,0.06846596546933915
2021-01-25,76,93,169,518,493,1011,607,654,1261,554,631,1185,517,567,1084,340,416,756,244,266,510,125,133,258,33,67,100,8,17,25,3022,3337,6359,6359,487,0.07658436861141689
2021-01-26,104,82,186,445,405,850,487,536,1023,473,500,973,429,489,918,334,384,718,232,265,497,105,121,226,33,63,96,4,16,20,2646,2861,5507,5507,524,0.09515162520428545
2021-01-27,99,89,188,379,373,752,451,509,960,460,548,1008,382,467,849,313,345,658,200,213,413,83,104,187,38,59,97,2,20,22,2407,2727,5134,5134,447,0.08706661472536034
2021-01-28,81,76,157,310,333,643,400,440,840,401,435,836,323,368,691,257,309,566,195,219,414,109,123,232,33,47,80,6,16,22,2115,2366,4481,4481,535,0.11939299263557242
2021-01-29,60,84,144,467,458,925,514,569,1083,547,597,1144,480,553,1033,390,399,789,245,282,527,112,144,256,25,66,91,7,13,20,2847,3165,6012,6011,762,0.12676759274663119
2021-01-30,58,42,100,620,643,1263,461,571,1032,563,670,1233,615,683,1298,469,480,949,249,317,566,109,147,256,30,51,81,2,8,10,3176,3612,6788,6788,481,0.07086034177961108
2021-01-31,48,48,96,928,935,1863,653,686,1339,733,858,1591,906,1015,1921,600,638,1238,292,313,605,113,138,251,27,52,79,2,12,14,4302,4695,8997,8997,267,0.029676558852950983
2021-02-01,72,70,142,732,852,1584,581,742,1323,727,805,1532,806,903,1709,615,614,1229,326,406,732,128,193,321,48,55,103,3,10,13,4038,4650,8688,8688,551,0.0634208103130755
2021-02-02,73,74,147,617,717,1334,533,614,1147,664,771,1435,789,849,1638,563,596,1159,367,392,759,180,215,395,46,68,114,4,12,16,3836,4308,8144,8144,432,0.05304518664047151
2021-02-03,62,79,141,512,506,1018,500,568,1068,611,655,1266,590,673,1263,453,528,981,329,371,700,162,201,363,40,75,115,5,16,21,3264,3672,6936,6936,496,0.07151095732410612
2021-02-04,73,69,142,304,314,618,413,480,893,441,488,929,349,493,842,300,387,687,200,268,468,108,147,255,25,44,69,5,18,23,2218,2708,4926,4926,476,0.09663012586276898
2021-02-05,70,64,134,286,284,570,367,442,809,380,449,829,364,390,754,256,322,578,197,266,463,97,115,212,18,54,72,2,11,13,2037,2397,4434,4434,660,0.14884979702300405
2021-02-06,47,41,88,317,356,673,334,384,718,380,481,861,361,429,790,302,337,639,173,202,375,84,107,191,22,40,62,1,7,8,2021,2384,4405,4405,452,0.10261066969353008
2021-02-07,48,55,103,346,379,725,318,395,713,436,473,909,390,448,838,283,349,632,147,171,318,80,86,166,22,29,51,6,6,12,2076,2391,4467,4467,281,0.06290575330199238
2021-02-08,92,74,166,471,537,1008,522,560,1082,630,749,1379,611,689,1300,371,459,830,232,298,530,122,134,256,30,69,99,4,20,24,3085,3589,6674,6674,619,0.09274797722505244
2021-02-09,84,50,134,386,413,799,442,523,965,599,587,1186,499,601,1100,369,436,805,286,297,583,129,148,277,37,73,110,5,16,21,2836,3144,5980,5980,421,0.07040133779264214
2021-02-10,66,50,116,294,308,602,380,451,831,461,572,1033,455,513,968,279,371,650,204,248,452,115,116,231,35,50,85,1,12,13,2290,2691,4981,4981,360,0.07227464364585424
2021-02-11,69,57,126,244,311,555,314,447,761,458,489,947,401,472,873,247,331,578,201,226,427,101,115,216,27,56,83,4,11,15,2066,2515,4581,4581,344,0.07509277450338354
2021-02-12,73,60,133,299,322,621,333,367,700,467,525,992,422,487,909,263,340,603,188,247,435,101,114,215,36,51,87,2,16,18,2184,2529,4713,4713,549,0.11648631444939529
2021-02-13,48,35,83,382,450,832,336,395,731,531,608,1139,492,621,1113,307,378,685,192,222,414,72,106,178,23,40,63,5,11,16,2388,2866,5254,5254,453,0.08622002283974115
2021-02-14,40,36,76,412,440,852,285,394,679,522,630,1152,582,682,1264,313,376,689,225,236,461,107,131,238,19,26,45,2,10,12,2507,2961,5468,5467,275,0.05030181086519115
2021-02-15,36,53,89,501,555,1056,410,511,921,662,760,1422,721,816,1537,440,478,918,218,270,488,89,126,215,23,61,84,2,13,15,3102,3643,6745,6745,361,0.05352112676056338
2021-02-16,47,33,80,566,503,1069,571,732,1303,815,923,1738,724,842,1566,431,430,861,217,229,446,84,124,208,20,38,58,8,5,13,3483,3859,7342,7342,466,0.0634704440207028
2021-02-17,62,79,141,372,403,775,740,833,1573,676,766,1442,549,583,1132,382,434,816,302,309,611,124,163,287,26,66,92,6,16,22,3239,3652,6891,6891,417,0.060513713539399216
2021-02-18,59,63,122,312,359,671,561,626,1187,624,712,1336,488,547,1035,390,403,793,253,297,550,126,152,278,34,52,86,4,11,15,2851,3222,6073,6073,480,0.07903836654042483
2021-02-19,72,54,126,257,370,627,505,561,1066,550,674,1224,445,498,943,340,391,731,244,282,526,114,152,266,29,54,83,5,14,19,2561,3050,5611,5611,530,0.09445731598645518
2021-02-20,56,43,99,247,325,572,421,497,918,458,604,1062,423,515,938,305,392,697,189,290,479,80,98,178,22,40,62,5,4,9,2206,2808,5014,5014,409,0.08157159952134024
2021-02-21,68,39,107,241,289,530,392,546,938,514,586,1100,418,498,916,253,343,596,213,241,454,80,98,178,27,35,62,6,9,15,2212,2684,4896,4896,310,0.06331699346405228
2021-02-22,83,94,177,251,336,587,478,596,1074,535,659,1194,432,526,958,337,390,727,246,295,541,116,122,238,44,41,85,3,7,10,2525,3066,5591,5591,436,0.07798247182972634
2021-02-23,96,82,178,242,257,499,431,503,934,478,563,1041,367,435,802,300,379,679,240,273,513,113,151,264,33,55,88,7,17,24,2307,2715,5022,5022,409,0.08144165671047392
2021-02-24,75,97,172,234,270,504,333,413,746,427,477,904,302,373,675,248,286,534,226,232,458,108,124,232,27,45,72,3,9,12,1983,2326,4309,4309,372,0.08633093525179857
2021-02-25,109,101,210,180,213,393,346,398,744,341,386,727,282,309,591,219,273,492,172,231,403,82,120,202,26,45,71,4,15,19,1761,2091,3852,3852,359,0.09319833852544133
2021-02-26,83,93,176,174,201,375,332,398,730,385,400,785,295,344,639,226,286,512,192,253,445,96,124,220,24,41,65,2,19,21,1809,2159,3968,3968,362,0.09122983870967742
2021-02-27,57,52,109,193,262,455,322,443,765,428,502,930,280,349,629,275,359,634,222,270,492,99,122,221,22,54,76,1,7,8,1899,2420,4319,4319,394,0.09122482056031489
2021-02-28,63,66,129,280,325,605,386,507,893,585,661,1246,421,519,940,382,490,872,308,332,640,146,161,307,34,46,80,2,8,10,2607,3115,5722,5722,348,0.06081789584061517
2021-03-01,136,111,247,185,231,416,324,388,712,408,405,813,299,342,641,204,263,467,189,238,427,83,132,215,26,49,75,5,15,20,1859,2174,4033,4033,488,0.12100173568063477
2021-03-02,145,125,270,216,216,432,328,377,705,355,382,737,286,295,581,214,297,511,144,205,349,88,84,172,37,50,87,3,9,12,1816,2040,3856,3856,338,0.08765560165975103
2021-03-03,133,102,235,151,185,336,247,350,597,324,347,671,229,255,484,206,266,472,209,265,474,103,119,222,23,35,58,0,11,11,1625,1935,3560,3560,423,0.11882022471910113
2021-03-04,111,111,222,156,188,344,262,279,541,297,307,604,222,256,478,171,241,412,181,252,433,97,141,238,28,36,64,6,17,23,1531,1828,3359,3359,416,0.12384638285203929
2021-03-05,115,100,215,163,185,348,256,342,598,313,341,654,193,221,414,198,257,455,187,215,402,92,107,199,25,38,63,0,6,6,1542,1812,3354,3354,419,0.12492546213476446
2021-03-06,74,67,141,115,133,248,241,268,509,271,293,564,191,224,415,152,212,364,121,136,257,64,85,149,24,31,55,3,7,10,1256,1456,2712,2712,317,0.11688790560471976
2021-03-07,73,64,137,128,140,268,229,306,535,313,326,639,155,248,403,175,246,421,181,202,383,67,86,153,21,39,60,4,4,8,1346,1661,3007,3006,271,0.09015302727877578
2021-03-08,147,132,279,163,218,381,266,374,640,327,381,708,272,280,552,249,313,562,239,248,487,103,119,222,23,46,69,4,13,17,1793,2124,3917,3914,362,0.09248850281042412
2021-03-09,163,154,317,172,177,349,270,296,566,345,366,711,270,280,550,235,282,517,221,312,533,126,138,264,29,46,75,4,7,11,1835,2058,3893,3893,366,0.09401489853583354
2021-03-10,184,158,342,181,193,374,262,302,564,349,352,701,224,249,473,215,263,478,205,214,419,98,135,233,29,51,80,3,10,13,1750,1927,3677,3677,533,0.1449551264617895
2021-03-11,143,153,296,126,168,294,229,304,533,252,308,560,168,228,396,152,206,358,139,202,341,82,94,176,28,37,65,2,17,19,1321,1717,3038,3038,531,0.1747860434496379
2021-03-12,178,160,338,167,210,377,229,331,560,317,367,684,223,276,499,187,271,458,177,233,410,98,107,205,28,48,76,4,12,16,1608,2015,3623,3622,595,0.1642738818332413
2021-03-13,116,97,213,119,149,268,268,292,560,313,340,653,210,232,442,186,247,433,195,223,418,78,95,173,16,42,58,5,3,8,1506,1720,3226,3226,609,0.18877867327960324
2021-03-14,100,135,235,132,142,274,225,340,565,340,385,725,219,270,489,237,273,510,188,252,440,86,116,202,19,38,57,4,10,14,1550,1961,3511,3511,378,0.10766163486186271
2021-03-15,225,198,423,192,194,386,280,413,693,358,416,774,269,333,602,257,317,574,241,264,505,108,159,267,24,51,75,4,14,18,1958,2359,4317,4317,538,0.12462358119064165
2021-03-16,203,194,397,174,215,389,231,322,553,337,376,713,241,253,494,219,280,499,188,260,448,101,127,228,25,56,81,6,20,26,1725,2103,3828,3828,440,0.11494252873563218
2021-03-17,155,142,297,174,196,370,260,315,575,251,310,561,202,244,446,193,234,427,175,226,401,86,111,197,26,45,71,3,13,16,1525,1836,3361,3360,441,0.13125
2021-03-18,149,135,284,139,150,289,225,277,502,278,273,551,182,219,401,141,195,336,161,189,350,82,104,186,17,37,54,2,8,10,1376,1587,2963,2963,445,0.1501856226797165
2021-03-19,148,148,296,200,193,393,239,300,539,273,319,592,202,231,433,171,222,393,145,193,338,79,85,164,20,35,55,6,11,17,1483,1737,3220,3220,645,0.20031055900621117
2021-03-20,74,71,145,125,151,276,203,224,427,237,284,521,178,207,385,160,200,360,144,148,292,81,82,163,17,30,47,7,8,15,1226,1405,2631,2629,423,0.16089767972613161
2021-03-21,110,94,204,112,130,242,217,235,452,282,294,576,178,213,391,167,221,388,143,179,322,49,75,124,18,30,48,3,9,12,1279,1480,2759,2759,333,0.12069590431315694
2021-03-22,166,174,340,189,169,358,275,354,629,322,361,683,237,248,485,218,286,504,178,218,396,89,113,202,28,59,87,5,23,28,1707,2005,3712,3712,562,0.15140086206896552
2021-03-23,168,159,327,187,183,370,259,298,557,274,325,599,225,220,445,201,219,420,184,235,419,99,128,227,25,32,57,1,15,16,1623,1814,3437,3437,528,0.15362234506837358
2021-03-24,111,110,221,147,145,292,180,216,396,237,264,501,152,203,355,133,182,315,98,131,229,60,87,147,13,45,58,1,17,18,1132,1400,2532,2532,449,0.1773301737756714
2021-03-25,132,136,268,162,194,356,222,310,532,272,297,569,235,278,513,167,197,364,133,170,303,81,92,173,28,37,65,4,3,7,1436,1714,3150,3150,477,0.15142857142857144
2021-03-26,174,153,327,193,219,412,246,311,557,299,332,631,197,282,479,159,229,388,137,197,334,87,95,182,24,34,58,3,12,15,1519,1864,3383,3383,576,0.17026308010641442
2021-03-27,124,107,231,110,134,244,223,245,468,275,307,582,192,247,439,155,219,374,157,179,336,56,89,145,19,41,60,5,6,11,1316,1574,2890,2890,546,0.18892733564013842
2021-03-28,99,82,181,100,140,240,181,237,418,263,315,578,206,215,421,147,215,362,126,173,299,55,53,108,19,31,50,2,7,9,1198,1468,2666,2666,434,0.16279069767441862
2021-03-29,152,153,305,222,179,401,249,310,559,303,332,635,223,277,500,201,235,436,144,212,356,54,63,117,20,40,60,1,8,9,1569,1809,3378,3378,571,0.16903493191237418
2021-03-30,153,137,290,174,190,364,202,254,456,266,313,579,190,235,425,165,174,339,136,170,306,51,77,128,19,32,51,5,7,12,1361,1589,2950,2949,558,0.18921668362156663
2021-03-31,123,114,237,147,135,282,222,267,489,275,318,593,159,235,394,121,175,296,80,112,192,30,51,81,22,25,47,1,11,12,1180,1443,2623,2623,613,0.2337018680899733
2021-04-01,99,127,226,152,152,304,253,292,545,271,300,571,195,227,422,142,195,337,120,151,271,54,75,129,14,23,37,3,11,14,1303,1553,2856,2856,784,0.27450980392156865
2021-04-02,117,87,204,149,182,331,226,245,471,265,251,516,182,195,377,146,192,338,115,111,226,49,44,93,16,17,33,2,8,10,1267,1332,2599,2599,558,0.21469796075413622
2021-04-03,88,99,187,143,186,329,229,250,479,259,301,560,194,248,442,158,191,349,130,130,260,45,67,112,18,40,58,5,6,11,1269,1518,2787,2787,667,0.2393254395407248
2021-04-04,120,101,221,258,277,535,310,405,715,416,498,914,306,388,694,180,237,417,116,153,269,45,59,104,17,36,53,0,7,7,1768,2161,3929,3929,592,0.15067447187579536
2021-04-05,152,165,317,343,360,703,433,527,960,493,505,998,389,477,866,248,328,576,146,199,345,73,81,154,18,43,61,4,10,14,2299,2695,4994,4994,704,0.14096916299559473
2021-04-06,173,194,367,290,319,609,497,476,973,477,551,1028,383,396,779,259,319,578,197,269,466,99,126,225,25,43,68,3,15,18,2403,2708,5111,5111,992,0.19409117589512814
2021-04-07,176,177,353,323,305,628,456,481,937,455,542,997,402,412,814,255,358,613,152,232,384,78,106,184,17,46,63,2,14,16,2316,2673,4989,4986,788,0.15804251905334937
2021-04-08,175,154,329,244,280,524,361,477,838,422,514,936,309,332,641,221,289,510,158,197,355,65,103,168,24,42,66,2,13,15,1981,2401,4382,4382,941,0.21474212688270197
2021-04-09,138,130,268,178,213,391,232,326,558,282,297,579,239,266,505,146,213,359,112,130,242,50,68,118,10,35,45,3,7,10,1390,1685,3075,3074,777,0.252765126870527
2021-04-10,100,95,195,172,210,382,286,330,616,331,353,684,218,273,491,157,204,361,119,135,254,29,50,79,9,20,29,2,3,5,1423,1673,3096,3095,585,0.1890145395799677
2021-04-11,86,97,183,162,173,335,212,235,447,254,333,587,235,262,497,153,191,344,109,127,236,31,44,75,14,28,42,2,5,7,1258,1495,2753,2753,475,0.17253904831093353
2021-04-12,159,146,305,239,221,460,285,367,652,334,387,721,261,369,630,205,289,494,137,163,300,45,80,125,16,37,53,4,11,15,1685,2070,3755,3753,667,0.17772448707700506
2021-04-13,154,111,265,163,183,346,276,334,610,356,392,748,242,333,575,204,254,458,106,111,217,58,48,106,16,21,37,4,9,13,1579,1796,3375,3375,647,0.1917037037037037
2021-04-14,146,118,264,161,148,309,173,216,389,208,255,463,150,212,362,131,179,310,142,136,278,48,87,135,23,40,63,4,8,12,1186,1399,2585,2584,727,0.28134674922600617
2021-04-15,168,154,322,191,254,445,309,400,709,359,426,785,334,416,750,243,318,561,149,157,306,45,70,115,17,37,54,2,12,14,1817,2244,4061,4058,703,0.173238048299655
2021-04-16,145,155,300,181,193,374,347,416,763,386,455,841,307,362,669,240,318,558,169,208,377,46,70,116,10,35,45,4,9,13,1835,2221,4056,4055,651,0.16054254007398275
2021-04-17,142,110,252,166,165,331,261,289,550,364,376,740,271,345,616,192,226,418,120,146,266,49,76,125,19,45,64,5,8,13,1589,1786,3375,3375,646,0.19140740740740741
2021-04-18,87,117,204,128,123,251,229,271,500,281,347,628,265,292,557,177,217,394,125,144,269,47,63,110,26,31,57,3,8,11,1368,1613,2981,2980,435,0.14597315436241612
2021-04-19,181,143,324,212,230,442,326,379,705,412,440,852,326,352,678,246,303,549,151,199,350,65,92,157,15,52,67,4,23,27,1938,2213,4151,4151,582,0.14020717899301374
2021-04-20,178,189,367,180,182,362,273,352,625,320,400,720,298,360,658,211,264,475,188,220,408,64,86,150,34,37,71,5,12,17,1751,2102,3853,3853,598,0.1552037373475214
2021-04-21,153,137,290,152,144,296,246,299,545,256,351,607,243,292,535,178,244,422,133,165,298,58,60,118,18,47,65,2,6,8,1439,1745,3184,3184,614,0.19283919597989949
2021-04-22,190,159,349,220,228,448,285,361,646,380,460,840,329,391,720,249,287,536,153,201,354,63,95,158,19,50,69,2,10,12,1890,2242,4132,4131,633,0.1532316630355846
2021-04-23,154,155,309,231,240,471,356,426,782,421,544,965,369,428,797,252,349,601,156,211,367,75,90,165,33,33,66,4,11,15,2051,2487,4538,4536,701,0.1545414462081129
2021-04-24,80,79,159,92,74,166,104,158,262,141,167,308,105,154,259,83,97,180,49,59,108,40,52,92,15,36,51,4,18,22,713,894,1607,1607,490,0.30491599253266954
2021-04-25,123,114,237,191,184,375,275,361,636,361,443,804,315,388,703,251,293,544,156,175,331,62,51,113,13,36,49,1,7,8,1748,2052,3800,3799,398,0.10476441168728613
2021-04-26,187,178,365,245,268,513,371,456,827,465,546,1011,404,479,883,307,374,681,189,215,404,102,120,222,17,42,59,4,11,15,2291,2689,4980,4979,573,0.11508335007029524
2021-04-27,175,154,329,250,272,522,365,513,878,453,544,997,347,441,788,298,351,649,174,208,382,77,120,197,24,52,76,5,12,17,2168,2667,4835,4833,519,0.10738671632526381
2021-04-28,193,186,379,251,281,532,381,517,898,491,633,1124,392,499,891,286,360,646,179,203,382,74,101,175,20,43,63,8,20,28,2275,2843,5118,5118,619,0.12094568190699492
2021-04-29,237,202,439,361,334,695,491,694,1185,644,787,1431,532,739,1271,401,543,944,236,313,549,128,169,297,41,71,112,3,25,28,3074,3877,6951,6950,654,0.09410071942446044
2021-04-30,176,169,345,212,207,419,278,402,680,336,486,822,273,415,688,241,341,582,154,202,356,94,121,215,38,71,109,3,25,28,1805,2439,4244,4242,733,0.17279585101367279
2021-05-01,138,115,253,220,180,400,337,411,748,422,517,939,346,485,831,250,313,563,157,157,314,75,92,167,23,54,77,2,8,10,1970,2332,4302,4301,588,0.13671239246686817
2021-05-02,146,108,254,174,203,377,300,402,702,421,551,972,332,476,808,259,315,574,185,235,420,82,102,184,25,45,70,4,19,23,1928,2456,4384,4384,425,0.09694343065693431
2021-05-03,272,243,515,284,292,576,516,606,1122,636,805,1441,529,640,1169,396,574,970,284,392,676,149,174,323,38,86,124,4,30,34,3108,3842,6950,6950,773,0.11122302158273381
2021-05-04,203,220,423,268,282,550,475,582,1057,589,718,1307,494,613,1107,370,514,884,234,303,537,147,172,319,32,65,97,3,25,28,2815,3494,6309,6308,547,0.086715282181357
2021-05-05,227,205,432,231,272,503,453,563,1016,544,623,1167,457,542,999,312,409,721,223,234,457,123,123,246,43,69,112,8,16,24,2621,3056,5677,5675,537,0.09462555066079295
2021-05-06,187,211,398,314,332,646,449,628,1077,546,733,1279,491,574,1065,387,479,866,213,266,479,120,129,249,32,62,94,6,21,27,2745,3435,6180,6180,621,0.10048543689320388
2021-05-07,219,187,406,321,344,665,497,700,1197,572,798,1370,523,684,1207,321,511,832,219,276,495,100,143,243,25,47,72,3,8,11,2800,3698,6498,6498,681,0.10480147737765466
2021-05-08,132,122,254,146,156,302,281,354,635,381,435,816,255,306,561,208,259,467,109,127,236,59,68,127,29,44,73,2,16,18,1602,1887,3489,3489,500,0.14330753797649756
2021-05-09,165,146,311,151,181,332,255,319,574,350,424,774,288,350,638,193,278,471,137,150,287,72,93,165,29,39,68,6,10,16,1646,1990,3636,3636,386,0.10616061606160616
2021-05-10,214,208,422,248,283,531,504,565,1069,580,636,1216,472,604,1076,330,429,759,225,280,505,115,146,261,39,58,97,1,10,11,2728,3219,5947,5946,564,0.09485368314833502
2021-05-11,204,177,381,225,237,462,353,430,783,458,523,981,385,426,811,270,359,629,203,249,452,106,120,226,31,38,69,4,11,15,2239,2570,4809,4809,548,0.11395300478269911
2021-05-12,201,182,383,205,215,420,355,438,793,433,496,929,378,463,841,278,337,615,179,219,398,87,96,183,26,44,70,4,15,19,2146,2505,4651,4651,703,0.1511502902601591
2021-05-13,213,172,385,185,221,406,356,519,875,413,564,977,363,455,818,248,347,595,161,189,350,80,106,186,29,61,90,2,7,9,2050,2641,4691,4690,704,0.15010660980810234
2021-05-14,231,244,475,248,322,570,512,595,1107,604,740,1344,469,608,1077,355,438,793,206,268,474,114,121,235,45,56,101,5,8,13,2789,3400,6189,6189,729,0.11778962675714978
2021-05-15,160,149,309,203,229,432,315,448,763,415,549,964,381,463,844,267,312,579,155,206,361,71,86,157,26,49,75,2,17,19,1995,2508,4503,4503,570,0.12658227848101267
2021-05-16,139,150,289,150,209,359,255,343,598,339,458,797,317,404,721,236,313,549,147,163,310,65,77,142,18,45,63,1,17,18,1667,2179,3846,3846,465,0.12090483619344773
2021-05-17,310,294,604,330,345,675,532,657,1189,739,841,1580,563,729,1292,449,576,1025,270,337,607,156,186,342,52,84,136,4,18,22,3405,4067,7472,7470,840,0.11244979919678715
2021-05-18,274,292,566,315,365,680,578,648,1226,688,806,1494,647,729,1376,431,507,938,248,291,539,140,138,278,44,58,102,5,12,17,3370,3846,7216,7216,754,0.104490022172949
2021-05-19,296,255,551,350,364,714,602,745,1347,768,844,1612,621,706,1327,419,579,998,293,319,612,120,144,264,43,56,99,8,19,27,3520,4031,7551,7551,575,0.0761488544563634
2021-05-20,303,294,597,386,416,802,699,852,1551,805,865,1670,607,784,1391,414,536,950,274,297,571,116,155,271,37,63,100,1,17,18,3642,4279,7921,7920,581,0.07335858585858586
2021-05-21,215,201,416,295,337,632,543,701,1244,616,765,1381,531,656,1187,373,465,838,230,298,528,126,119,245,43,85,128,2,22,24,2974,3649,6623,6623,858,0.1295485429563642
2021-05-22,127,111,238,152,198,350,289,404,693,380,414,794,299,356,655,236,250,486,120,120,240,56,64,120,20,55,75,3,14,17,1682,1986,3668,3668,675,0.18402399127589966
2021-05-23,130,114,244,139,166,305,234,285,519,299,345,644,250,259,509,177,234,411,110,148,258,52,50,102,15,47,62,9,16,25,1415,1664,3079,3079,450,0.14615134784020786
2021-05-24,154,129,283,236,250,486,400,415,815,430,543,973,382,496,878,352,468,820,212,268,480,121,135,256,25,57,82,4,11,15,2316,2772,5088,5088,458,0.09001572327044025
2021-05-25,146,119,265,192,227,419,392,428,820,393,493,886,379,420,799,293,351,644,186,229,415,89,110,199,25,42,67,6,12,18,2101,2431,4532,4530,392,0.08653421633554084
2021-05-26,191,168,359,269,291,560,495,551,1046,531,599,1130,451,533,984,408,478,886,219,262,481,121,144,265,41,78,119,8,14,22,2734,3118,5852,5852,516,0.08817498291182502
2021-05-27,146,168,314,169,216,385,373,470,843,432,508,940,379,422,801,296,404,700,170,226,396,102,108,210,34,47,81,1,20,21,2102,2589,4691,4690,550,0.11727078891257996
2021-05-28,190,180,370,267,322,589,465,572,1037,523,626,1149,509,620,1129,428,529,957,246,315,561,113,135,248,30,55,85,4,14,18,2775,3368,6143,6143,548,0.0892072277388898
2021-05-29,129,121,250,152,192,344,275,353,628,395,418,813,339,378,717,216,273,489,128,155,283,55,81,136,18,40,58,7,14,21,1714,2025,3739,3739,482,0.12891147365605776
2021-05-30,97,90,187,137,148,285,260,320,580,302,341,643,274,295,569,164,227,391,108,122,230,48,71,119,20,27,47,3,9,12,1413,1650,3063,3063,319,0.10414626183480248
2021-05-31,156,164,320,248,232,480,433,471,904,508,547,1055,411,526,937,265,344,609,205,239,444,121,147,268,46,63,109,2,17,19,2395,2750,5145,5144,474,0.09214618973561431
2021-06-01,184,167,351,213,252,465,378,446,824,465,496,961,374,443,817,271,378,649,218,252,470,103,122,225,45,49,94,5,14,19,2256,2619,4875,4875,454,0.09312820512820513
2021-06-02,219,174,393,233,268,501,394,471,865,441,547,988,406,485,891,270,343,613,199,262,461,116,149,265,36,54,90,8,20,28,2322,2773,5095,5093,540,0.10602788140585116
2021-06-03,195,206,401,252,257,509,422,535,957,491,587,1078,424,495,919,302,374,676,204,266,470,107,148,255,38,38,76,5,18,23,2440,2924,5364,5363,493,0.09192616073093418
2021-06-04,240,215,455,262,271,533,427,537,964,486,592,1078,447,483,930,314,435,749,221,277,498,114,148,262,32,70,102,2,14,16,2545,3042,5587,5587,520,0.09307320565598712
2021-06-05,160,145,305,155,157,312,247,328,575,301,365,666,272,299,571,199,223,422,108,130,238,67,101,168,24,29,53,6,16,22,1539,1793,3332,3332,498,0.14945978391356543
2021-06-06,157,172,329,156,155,311,219,283,502,286,336,622,263,298,561,188,229,417,111,144,255,55,72,127,20,39,59,1,19,20,1456,1747,3203,3203,324,0.10115516703090853
2021-06-07,210,235,445,213,245,458,383,464,847,464,533,997,379,547,926,310,426,736,204,278,482,160,173,333,39,98,137,8,33,41,2370,3032,5402,5402,534,0.09885227693446871
2021-06-08,262,236,498,210,243,453,355,462,817,453,488,941,358,431,789,286,367,653,182,232,414,108,180,288,31,63,94,6,25,31,2251,2727,4978,4978,422,0.08477300120530333
2021-06-09,229,229,458,248,235,483,393,462,855,463,541,1004,365,439,804,318,394,712,187,239,426,120,128,248,44,65,109,5,17,22,2372,2749,5121,5119,464,0.09064270365305724
2021-06-10,211,232,443,228,278,506,407,492,899,465,561,1026,375,497,872,256,361,617,180,250,430,119,159,278,28,53,81,7,19,26,2276,2902,5178,5174,451,0.08716660224197913
2021-06-11,213,204,417,201,231,432,400,477,877,400,562,962,393,519,912,267,330,597,198,245,443,105,160,265,36,63,99,5,13,18,2218,2804,5022,5022,624,0.12425328554360812
2021-06-12,165,152,317,164,168,332,252,321,573,325,370,695,270,330,600,169,258,427,120,177,297,66,99,165,23,39,62,3,10,13,1557,1924,3481,3481,372,0.10686584314852055
2021-06-13,182,175,357,184,157,341,205,252,457,269,324,593,257,307,564,180,232,412,117,157,274,60,72,132,22,36,58,5,12,17,1481,1724,3205,3205,331,0.1032761310452418
2021-06-14,252,225,477,255,241,496,357,463,820,456,508,964,388,492,880,291,343,634,187,288,475,125,146,271,33,63,96,17,20,37,2361,2789,5150,5150,470,0.0912621359223301
2021-06-15,259,249,508,262,261,523,374,440,814,461,537,998,357,495,852,282,364,646,195,214,409,100,128,228,39,50,89,5,13,18,2334,2751,5085,5085,450,0.08849557522123894
2021-06-16,283,251,534,253,241,494,372,483,855,457,528,985,368,493,861,232,308,540,194,216,410,100,122,222,30,49,79,1,14,15,2290,2705,4995,4995,374,0.07487487487487487
2021-06-17,237,246,483,247,270,517,409,509,918,463,604,1067,372,531,903,258,348,606,205,233,438,113,144,257,29,54,83,2,13,15,2335,2952,5287,5287,442,0.08360128617363344
2021-06-18,222,210,432,245,248,493,383,437,820,430,547,977,369,499,868,223,330,553,165,227,392,76,128,204,31,35,66,3,13,16,2147,2674,4821,4820,430,0.08921161825726141
2021-06-19,186,187,373,155,146,301,230,320,550,335,381,716,245,304,549,162,205,367,140,148,288,70,83,153,29,46,75,4,8,12,1556,1828,3384,3384,523,0.15455082742316784
2021-06-20,179,142,321,104,104,208,138,210,348,217,273,490,187,231,418,137,169,306,90,114,204,65,66,131,13,33,46,2,9,11,1132,1351,2483,2483,274,0.1103503826016915
2021-06-21,206,183,389,169,166,335,207,276,483,291,323,614,276,309,585,184,232,416,111,138,249,81,82,163,24,28,52,2,6,8,1551,1743,3294,3292,384,0.1166464155528554
2021-06-22,280,260,540,251,244,495,343,445,788,419,508,927,413,463,876,247,319,566,210,245,455,102,146,248,33,59,92,9,9,18,2307,2698,5005,5005,447,0.0893106893106893
2021-06-23,318,264,582,293,279,572,338,445,783,463,556,1019,422,531,953,219,321,540,192,232,424,88,148,236,24,52,76,5,14,19,2362,2842,5204,5203,471,0.09052469729002499
2021-06-24,291,269,560,253,284,537,349,457,806,417,523,940,365,453,818,239,303,542,177,262,439,81,123,204,24,48,72,4,16,20,2200,2738,4938,4937,546,0.11059347782053879
2021-06-25,334,270,604,275,327,602,389,502,891,487,661,1148,357,511,868,288,369,657,197,288,485,109,156,265,41,77,118,7,19,26,2484,3180,5664,5664,755,0.13329802259887005
2021-06-26,150,156,306,137,153,290,204,237,441,256,308,564,197,274,471,156,170,326,137,173,310,75,104,179,21,45,66,5,16,21,1338,1636,2974,2974,357,0.12004034969737727
2021-06-27,185,166,351,114,165,279,182,243,425,226,267,493,216,266,482,141,171,312,112,131,243,72,78,150,18,40,58,2,9,11,1268,1536,2804,2804,347,0.12375178316690442
2021-06-28,219,203,422,131,138,269,182,246,428,286,327,613,208,283,491,166,179,345,126,120,246,75,98,173,35,35,70,3,14,17,1431,1643,3074,3073,442,0.14383338756915068
2021-06-29,224,267,491,211,238,449,313,417,730,384,450,834,281,355,636,203,240,443,159,176,335,97,104,201,33,79,112,4,28,32,1909,2354,4263,4263,488,0.1144733755571194
2021-06-30,278,288,566,290,279,569,350,473,823,438,522,960,336,400,736,212,352,564,163,222,385,86,103,189,31,50,81,4,9,13,2188,2698,4886,4886,431,0.08821121571837905
2021-07-01,220,216,436,238,249,487,324,447,771,374,498,872,272,395,667,213,267,480,145,207,352,86,115,201,35,58,93,4,13,17,1911,2465,4376,4376,496,0.113345521023766
2021-07-02,317,260,577,325,304,629,333,458,791,414,574,988,292,472,764,219,316,535,157,215,372,93,129,222,35,46,81,3,15,18,2188,2789,4977,4976,575,0.11555466237942122
2021-07-03,194,203,397,167,218,385,213,271,484,270,337,607,219,293,512,147,175,322,127,139,266,54,83,137,20,34,54,6,11,17,1417,1764,3181,3181,462,0.1452373467463062
2021-07-04,216,222,438,155,173,328,154,255,409,245,321,566,196,250,446,152,192,344,101,130,231,50,79,129,18,34,52,4,10,14,1291,1666,2957,2957,415,0.1403449442002029
2021-07-05,353,331,684,280,301,581,359,471,830,469,579,1048,345,483,828,224,292,516,171,219,390,111,128,239,40,53,93,5,15,20,2357,2872,5229,5229,538,0.10288774144195831
2021-07-06,384,351,735,376,359,735,403,480,883,474,621,1095,364,488,852,229,323,552,159,225,384,88,142,230,31,61,92,3,18,21,2511,3068,5579,5579,561,0.10055565513532891
2021-07-07,348,315,663,356,358,714,426,505,931,458,577,1035,415,451,866,265,311,576,161,202,363,83,81,164,22,51,73,8,15,23,2542,2866,5408,5408,478,0.08838757396449703
2021-07-08,338,332,670,369,408,777,528,588,1116,534,676,1210,429,594,1023,281,404,685,182,292,474,105,142,247,52,45,97,4,18,22,2822,3499,6321,6321,662,0.10473026419870274
2021-07-09,245,258,503,269,259,528,307,375,682,355,461,816,305,403,708,194,251,445,115,139,254,68,87,155,30,48,78,4,9,13,1892,2290,4182,4182,573,0.13701578192252512
2021-07-10,228,229,457,247,233,480,268,306,574,285,398,683,258,345,603,193,244,437,134,167,301,74,101,175,27,46,73,2,13,15,1716,2082,3798,3798,502,0.1321748288572933
2021-07-11,275,247,522,171,185,356,233,289,522,270,375,645,268,381,649,191,236,427,128,158,286,66,90,156,14,27,41,5,9,14,1621,1997,3618,3618,468,0.12935323383084577
2021-07-12,406,387,793,375,411,786,462,596,1058,563,633,1196,496,632,1128,288,392,680,242,224,466,106,147,253,34,49,83,11,17,28,2983,3488,6471,6471,614,0.09488487096275691
2021-07-13,405,341,746,362,392,754,484,539,1023,485,598,1083,425,563,988,292,389,681,170,235,405,111,136,247,35,62,97,9,24,33,2778,3279,6057,6055,688,0.11362510322047895
2021-07-14,385,375,760,490,464,954,540,601,1141,476,684,1160,445,594,1039,277,393,670,213,234,447,107,123,230,32,49,81,4,12,16,2969,3529,6498,6496,590,0.09082512315270935
2021-07-15,333,284,617,514,486,1000,515,647,1162,564,721,1285,549,712,1261,356,416,772,198,253,451,103,146,249,32,56,88,7,15,22,3171,3736,6907,6906,738,0.10686359687228497
2021-07-16,297,289,586,444,432,876,502,637,1139,498,725,1223,523,674,1197,307,404,711,179,254,433,90,118,208,36,59,95,3,18,21,2879,3610,6489,6489,654,0.10078594544613963
2021-07-17,232,244,476,278,300,578,292,388,680,346,485,831,296,412,708,214,255,469,137,153,290,80,95,175,19,32,51,6,12,18,1900,2376,4276,4274,642,0.1502105755732335
2021-07-18,244,212,456,235,274,509,273,371,644,317,436,753,295,380,675,231,266,497,123,146,269,71,91,162,29,44,73,4,7,11,1822,2227,4049,4048,455,0.11240118577075099
2021-07-19,321,304,625,357,394,751,566,722,1288,600,773,1373,555,708,1263,396,543,939,260,335,595,143,177,320,56,63,119,3,8,11,3257,4027,7284,7283,687,0.0943292599203625
2021-07-20,334,299,633,331,364,695,477,651,1128,560,686,1246,484,643,1127,361,436,797,234,275,509,119,166,285,39,68,107,10,25,35,2949,3613,6562,6562,639,0.09737884791222189
2021-07-21,361,332,693,448,450,898,594,753,1347,673,861,1534,596,827,1423,423,583,1006,279,382,661,139,211,350,35,88,123,5,17,22,3553,4504,8057,8057,699,0.08675685739108849
2021-07-22,346,307,653,497,505,1002,546,814,1360,738,932,1670,688,915,1603,455,569,1024,261,336,597,129,165,294,41,64,105,6,15,21,3707,4622,8329,8329,720,0.08644495137471485
2021-07-23,280,247,527,336,406,742,439,595,1034,546,747,1293,552,630,1182,363,436,799,196,246,442,95,140,235,31,53,84,7,16,23,2845,3516,6361,6360,736,0.11572327044025157
2021-07-24,237,245,482,347,479,826,405,517,922,576,693,1269,575,688,1263,358,407,765,178,276,454,109,109,218,31,43,74,5,13,18,2821,3470,6291,6290,571,0.09077901430842607
2021-07-25,206,209,415,381,468,849,299,439,738,520,658,1178,621,780,1401,334,373,707,167,193,360,110,113,223,20,42,62,6,11,17,2664,3286,5950,5949,455,0.07648344259539418
2021-07-26,313,309,622,498,632,1130,528,780,1308,759,1002,1761,745,987,1732,449,575,1024,280,381,661,143,223,366,53,80,133,9,19,28,3777,4988,8765,8765,637,0.07267541357672562
2021-07-27,218,205,423,280,374,654,403,510,913,440,579,1019,450,509,959,252,350,602,174,208,382,96,136,232,38,56,94,4,15,19,2355,2942,5297,5292,544,0.10279667422524566
2021-07-28,252,226,478,328,456,784,503,590,1093,589,700,1289,495,638,1133,332,418,750,224,280,504,125,134,259,30,49,79,8,11,19,2886,3502,6388,6386,561,0.08784841841528343
2021-07-29,251,221,472,365,371,736,422,607,1029,584,688,1272,470,625,1095,293,363,656,219,244,463,103,141,244,32,40,72,4,16,20,2743,3316,6059,6052,547,0.09038334434897555
2021-07-30,274,257,531,456,508,964,596,820,1416,732,1076,1808,670,924,1594,443,652,1095,290,365,655,121,189,310,47,71,118,8,15,23,3637,4877,8514,8512,749,0.08799342105263158
2021-07-31,290,269,559,447,517,964,410,600,1010,681,899,1580,760,945,1705,427,507,934,236,305,541,122,145,267,32,33,65,2,12,14,3407,4232,7639,7639,488,0.06388270716062312
2021-08-01,307,337,644,397,483,880,259,406,665,492,710,1202,606,812,1418,304,391,695,166,213,379,84,128,212,25,59,84,7,9,16,2647,3548,6195,6194,495,0.0799160477881821
2021-08-02,402,361,763,526,557,1083,495,661,1156,699,906,1605,685,977,1662,419,616,1035,340,396,736,143,197,340,42,77,119,6,20,26,3757,4768,8525,8524,712,0.08352885969028626
2021-08-03,337,350,687,402,530,932,514,681,1195,597,834,1431,613,799,1412,411,591,1002,298,383,681,167,231,398,41,59,100,4,16,20,3384,4474,7858,7856,684,0.08706720977596741
2021-08-04,323,308,631,361,398,759,475,558,1033,536,683,1219,423,618,1041,304,420,724,240,297,537,100,167,267,29,48,77,2,13,15,2793,3510,6303,6301,487,0.07728931915568957
2021-08-05,327,321,648,418,511,929,618,760,1378,664,817,1481,600,775,1375,391,537,928,260,341,601,124,157,281,37,60,97,3,11,14,3442,4290,7732,7728,389,0.05033643892339545
2021-08-06,158,131,289,383,418,801,436,647,1083,516,770,1286,467,669,1136,294,472,766,211,272,483,106,125,231,21,23,44,0,5,5,2592,3532,6124,6124,75,0.01224689745264533
2021-08-07,25,15,40,28,50,78,50,78,128,68,56,124,66,75,141,53,52,105,19,35,54,9,12,21,1,5,6,0,0,0,319,378,697,696,0,0.0
2021-08-08,0,0,0,0,0,0,0,0,0,0,0,0,0,0,0,0,0,0,0,0,0,0,0,0,0,0,0,0,0,0,0,0,0,0,0,
