FECHA,<=10M,<=10F,<=10,11-20M,11-20F,11-20,21-30M,21-30F,21-30,31-40M,31-40F,31-40,41-50M,41-50F,41-50,51-60M,51-60F,51-60,61-70M,61-70F,61-70,71-80M,71-80F,71-80,81-90M,81-90F,81-90,>=91M,>=91F,>=91,TotalM,TotalF,Total
2020-03-15,1,0,1,0,0,0,0,1,1,2,1,3,0,0,0,1,0,1,0,0,0,1,1,2,0,0,0,0,0,0,5,3,8
2020-03-16,2,2,4,0,1,1,1,2,3,3,2,5,0,0,0,3,0,3,2,1,3,1,1,2,0,0,0,0,0,0,12,9,21
2020-03-17,2,6,8,0,2,2,1,3,4,4,2,6,0,2,2,4,1,5,3,2,5,2,3,5,1,0,1,0,0,0,17,21,38
2020-03-18,4,7,11,0,2,2,1,3,4,6,3,9,0,3,3,5,2,7,3,3,6,3,4,7,2,0,2,0,0,0,24,27,51
2020-03-19,5,7,12,0,2,2,3,4,7,9,4,13,1,4,5,5,2,7,4,4,8,4,5,9,2,0,2,1,0,1,34,32,66
2020-03-20,6,7,13,1,2,3,3,4,7,9,6,15,1,4,5,5,2,7,4,5,9,6,7,13,3,0,3,1,0,1,39,37,76
2020-03-21,6,7,13,1,2,3,5,5,10,11,8,19,2,5,7,5,2,7,5,6,11,8,8,16,3,0,3,1,0,1,47,43,90
2020-03-22,6,7,13,1,2,3,8,6,14,11,8,19,2,5,7,6,3,9,5,7,12,10,8,18,5,2,7,1,0,1,55,48,103
2020-03-23,7,7,14,2,4,6,8,7,15,12,9,21,2,5,7,8,3,11,7,7,14,13,9,22,8,6,14,1,1,2,68,58,126
2020-03-24,8,7,15,2,4,6,8,7,15,13,10,23,2,6,8,10,4,14,7,7,14,15,9,24,9,7,16,2,1,3,76,62,138
2020-03-25,9,9,18,2,4,6,8,9,17,15,10,25,2,6,8,10,6,16,9,8,17,17,11,28,11,11,22,4,2,6,87,76,163
2020-03-26,12,11,23,4,4,8,9,11,20,18,12,30,3,8,11,10,7,17,10,11,21,20,12,32,14,11,25,7,3,10,107,90,197
2020-03-27,13,13,26,4,5,9,9,12,21,20,12,32,4,9,13,11,8,19,11,14,25,24,18,42,17,14,31,9,8,17,122,113,235
2020-03-28,15,13,28,4,5,9,10,12,22,20,12,32,4,10,14,14,9,23,14,14,28,27,22,49,19,15,34,10,8,18,137,120,257
2020-03-29,16,13,29,5,6,11,10,13,23,22,12,34,5,12,17,15,9,24,20,17,37,28,23,51,24,17,41,12,9,21,157,131,288
2020-03-30,17,14,31,5,6,11,11,15,26,23,15,38,8,13,21,16,10,26,24,17,41,30,28,58,30,18,48,15,11,26,179,147,326
2020-03-31,22,15,37,7,6,13,12,16,28,26,17,43,10,13,23,17,10,27,28,19,47,34,31,65,31,21,52,19,11,30,206,159,365
2020-04-01,28,21,49,7,8,15,14,19,33,30,18,48,17,16,33,19,11,30,32,20,52,39,33,72,35,26,61,19,12,31,240,184,424
2020-04-02,32,26,58,11,13,24,14,21,35,33,21,54,20,18,38,20,13,33,37,25,62,45,39,84,41,31,72,21,14,35,274,221,495
2020-04-03,44,31,75,12,14,26,18,27,45,38,25,63,22,24,46,20,16,36,42,26,68,49,41,90,45,36,81,23,20,43,313,260,573
2020-04-04,50,36,86,12,15,27,18,31,49,40,33,73,26,25,51,23,16,39,46,28,74,51,44,95,49,38,87,24,23,47,339,289,628
2020-04-05,53,41,94,14,16,30,24,31,55,43,33,76,35,27,62,26,18,44,46,36,82,56,53,109,53,42,95,26,25,51,376,322,698
2020-04-06,60,45,105,16,17,33,27,33,60,53,33,86,42,30,72,32,19,51,49,41,90,66,55,121,59,47,106,27,28,55,431,348,779
2020-04-07,67,50,117,17,19,36,31,35,66,56,37,93,45,34,79,36,20,56,51,44,95,72,63,135,64,56,120,30,29,59,469,387,856
2020-04-08,70,55,125,19,20,39,32,37,69,59,39,98,52,37,89,37,22,59,56,46,102,79,67,146,67,59,126,33,35,68,504,417,921
2020-04-09,71,56,127,20,20,40,34,42,76,68,46,114,54,40,94,41,27,68,58,48,106,87,76,163,70,68,138,37,40,77,540,463,1003
2020-04-10,84,58,142,22,21,43,35,45,80,70,47,117,62,41,103,42,29,71,62,49,111,88,86,174,74,74,148,39,45,84,578,495,1073
2020-04-11,89,61,150,24,23,47,38,49,87,74,49,123,66,42,108,42,31,73,64,55,119,93,88,181,78,81,159,40,50,90,608,529,1137
2020-04-12,93,65,158,25,23,48,38,51,89,78,50,128,68,46,114,47,32,79,66,57,123,95,96,191,81,85,166,41,52,93,632,557,1189
2020-04-13,96,70,166,29,26,55,46,53,99,82,57,139,69,47,116,51,36,87,71,61,132,100,102,202,87,93,180,47,58,105,678,603,1281
2020-04-14,107,74,181,31,26,57,51,57,108,88,58,146,73,51,124,57,41,98,75,68,143,107,107,214,93,96,189,52,62,114,734,640,1374
2020-04-15,112,77,189,35,30,65,52,61,113,92,64,156,78,59,137,60,48,108,80,71,151,115,109,224,101,103,204,57,65,122,782,687,1469
2020-04-16,118,79,197,38,34,72,56,64,120,97,71,168,87,66,153,65,55,120,84,81,165,120,112,232,105,108,213,58,69,127,828,739,1567
2020-04-17,124,83,207,39,36,75,57,70,127,100,79,179,94,71,165,71,60,131,91,84,175,132,116,248,110,115,225,59,73,132,877,787,1664
2020-04-18,128,88,216,41,36,77,64,71,135,109,81,190,100,75,175,76,62,138,93,86,179,136,125,261,114,122,236,62,78,140,923,824,1747
2020-04-19,132,94,226,45,37,82,66,72,138,112,84,196,104,76,180,81,68,149,95,91,186,142,133,275,116,129,245,64,79,143,957,863,1820
2020-04-20,140,98,238,52,41,93,75,74,149,123,89,212,109,81,190,88,70,158,105,96,201,157,144,301,125,137,262,69,94,163,1043,924,1967
2020-04-21,148,104,252,55,43,98,85,74,159,128,99,227,112,83,195,91,75,166,108,101,209,169,155,324,132,147,279,72,103,175,1100,984,2084
2020-04-22,155,109,264,58,45,103,91,80,171,135,102,237,119,90,209,93,78,171,112,103,215,178,169,347,140,157,297,79,110,189,1160,1043,2203
2020-04-23,164,118,282,62,50,112,95,86,181,140,107,247,125,91,216,96,82,178,118,109,227,185,175,360,148,166,314,87,120,207,1220,1104,2324
2020-04-24,173,124,297,66,54,120,101,92,193,150,114,264,128,95,223,102,87,189,125,116,241,194,183,377,157,182,339,91,123,214,1287,1170,2457
2020-04-25,180,126,306,69,55,124,102,94,196,153,118,271,132,98,230,106,91,197,130,119,249,199,184,383,167,196,363,96,128,224,1334,1209,2543
2020-04-26,185,135,320,73,60,133,103,95,198,156,120,276,138,102,240,108,94,202,135,123,258,203,189,392,174,204,378,97,130,227,1372,1252,2624
2020-04-27,193,142,335,77,63,140,107,98,205,157,128,285,142,106,248,114,100,214,141,128,269,220,194,414,185,217,402,100,136,236,1436,1312,2748
2020-04-28,205,148,353,80,66,146,114,103,217,164,132,296,144,112,256,121,106,227,145,135,280,223,205,428,191,231,422,102,140,242,1489,1378,2867
2020-04-29,214,154,368,84,68,152,124,107,231,177,134,311,151,116,267,125,111,236,149,141,290,232,209,441,194,245,439,107,151,258,1557,1436,2993
2020-04-30,224,161,385,92,69,161,129,107,236,181,139,320,159,120,279,131,116,247,155,149,304,239,218,457,202,261,463,115,159,274,1627,1499,3126
2020-05-01,224,170,394,95,71,166,131,111,242,188,147,335,168,127,295,137,117,254,165,154,319,246,226,472,210,271,481,115,163,278,1679,1557,3236
2020-05-02,226,181,407,97,75,172,135,112,247,196,150,346,173,130,303,142,118,260,167,156,323,251,228,479,216,279,495,116,167,283,1719,1596,3315
2020-05-03,231,185,416,99,76,175,141,114,255,201,153,354,176,133,309,147,120,267,174,161,335,255,234,489,224,287,511,119,172,291,1767,1635,3402
2020-05-04,244,198,442,102,78,180,146,118,264,206,159,365,179,136,315,152,122,274,179,170,349,270,244,514,231,305,536,122,176,298,1831,1706,3537
2020-05-05,250,204,454,106,78,184,153,124,277,215,166,381,182,144,326,159,126,285,188,174,362,283,248,531,236,320,556,124,185,309,1896,1769,3665
2020-05-06,258,212,470,108,78,186,158,126,284,225,173,398,195,150,345,162,131,293,195,176,371,297,261,558,241,331,572,130,191,321,1969,1829,3798
2020-05-07,270,219,489,111,82,193,168,128,296,233,179,412,207,157,364,168,135,303,200,180,380,308,265,573,248,342,590,131,198,329,2044,1885,3929
2020-05-08,280,227,507,115,85,200,175,133,308,243,187,430,213,164,377,178,138,316,205,186,391,316,273,589,259,351,610,134,213,347,2118,1957,4075
2020-05-09,288,233,521,118,85,203,177,142,319,248,190,438,219,169,388,182,140,322,209,193,402,327,275,602,264,360,624,139,219,358,2171,2006,4177
2020-05-10,294,238,532,118,85,203,182,146,328,251,195,446,220,172,392,187,144,331,215,195,410,335,283,618,269,367,636,140,227,367,2211,2052,4263
2020-05-11,304,246,550,122,87,209,188,150,338,261,200,461,227,179,406,195,147,342,225,198,423,344,291,635,279,383,662,145,241,386,2290,2122,4412
2020-05-12,313,254,567,128,94,222,206,160,366,276,201,477,232,187,419,200,148,348,233,203,436,348,301,649,288,395,683,151,252,403,2375,2195,4570
2020-05-13,332,262,594,135,100,235,218,167,385,285,213,498,242,190,432,203,154,357,238,208,446,358,307,665,294,409,703,153,261,414,2458,2271,4729
2020-05-14,346,279,625,144,106,250,228,182,410,294,224,518,252,197,449,208,158,366,246,218,464,363,317,680,306,418,724,155,276,431,2542,2375,4917
2020-05-15,357,292,649,149,110,259,235,190,425,298,232,530,260,208,468,215,162,377,255,225,480,368,322,690,316,436,752,160,286,446,2613,2463,5076
2020-05-16,363,304,667,154,113,267,239,196,435,304,243,547,264,215,479,222,169,391,258,229,487,376,325,701,321,439,760,165,298,463,2666,2531,5197
2020-05-17,372,312,684,157,115,272,246,200,446,310,247,557,271,222,493,225,171,396,261,233,494,383,329,712,330,449,779,170,305,475,2725,2583,5308
2020-05-18,386,327,713,160,122,282,263,212,475,326,256,582,279,233,512,236,176,412,268,246,514,397,342,739,346,460,806,172,317,489,2833,2691,5524
2020-05-19,400,337,737,170,129,299,281,227,508,348,272,620,292,239,531,246,187,433,279,256,535,406,357,763,357,477,834,174,327,501,2953,2808,5761
2020-05-20,416,361,777,174,135,309,300,234,534,374,286,660,306,251,557,253,197,450,292,267,559,414,367,781,369,491,860,180,334,514,3078,2923,6001
2020-05-21,435,382,817,185,139,324,321,249,570,395,298,693,315,264,579,262,202,464,300,274,574,428,374,802,374,507,881,182,338,520,3197,3027,6224
2020-05-22,449,394,843,196,150,346,337,264,601,414,316,730,328,270,598,273,206,479,304,282,586,436,381,817,381,520,901,188,352,540,3306,3135,6441
2020-05-23,458,403,861,206,158,364,351,273,624,433,328,761,337,277,614,276,214,490,313,292,605,446,392,838,389,525,914,191,354,545,3400,3216,6616
2020-05-24,468,413,881,212,165,377,359,279,638,445,334,779,344,279,623,282,217,499,321,296,617,455,397,852,393,536,929,193,359,552,3472,3275,6747
2020-05-25,486,425,911,228,176,404,371,294,665,454,343,797,352,285,637,287,221,508,324,299,623,468,398,866,401,549,950,194,367,561,3565,3357,6922
2020-05-26,507,443,950,241,188,429,389,310,699,481,357,838,363,297,660,295,230,525,331,305,636,480,401,881,411,563,974,197,378,575,3695,3472,7167
2020-05-27,532,466,998,257,198,455,401,326,727,498,368,866,375,304,679,309,240,549,337,313,650,484,412,896,415,576,991,201,382,583,3809,3585,7394
2020-05-28,549,491,1040,271,204,475,420,341,761,513,378,891,387,313,700,317,252,569,345,325,670,495,415,910,426,591,1017,206,397,603,3929,3707,7636
2020-05-29,572,512,1084,289,214,503,447,362,809,535,400,935,403,324,727,329,262,591,354,329,683,506,423,929,439,608,1047,208,400,608,4082,3834,7916
2020-05-30,592,527,1119,300,222,522,469,381,850,566,407,973,410,334,744,338,273,611,357,332,689,515,432,947,448,616,1064,209,408,617,4204,3932,8136
2020-05-31,604,538,1142,309,229,538,480,384,864,573,416,989,416,337,753,342,278,620,361,336,697,524,436,960,453,623,1076,210,417,627,4272,3994,8266
2020-06-01,625,555,1180,318,240,558,495,408,903,591,439,1030,428,349,777,349,288,637,378,344,722,533,444,977,460,632,1092,215,420,635,4392,4119,8511
2020-06-02,652,572,1224,335,257,592,510,424,934,607,454,1061,444,364,808,357,299,656,389,351,740,550,453,1003,467,644,1111,220,432,652,4531,4250,8781
2020-06-03,670,585,1255,347,274,621,526,448,974,628,468,1096,453,375,828,361,306,667,400,361,761,562,463,1025,479,659,1138,222,442,664,4648,4381,9029
2020-06-04,691,603,1294,359,286,645,547,460,1007,643,484,1127,461,383,844,374,314,688,409,366,775,578,470,1048,490,672,1162,225,453,678,4777,4491,9268
2020-06-05,716,628,1344,368,298,666,572,475,1047,663,508,1171,484,397,881,387,329,716,420,377,797,588,480,1068,503,690,1193,228,463,691,4929,4645,9574
2020-06-06,730,644,1374,379,305,684,583,485,1068,681,524,1205,494,407,901,401,335,736,429,385,814,595,488,1083,510,704,1214,232,473,705,5034,4750,9784
2020-06-07,739,657,1396,388,315,703,595,491,1086,689,528,1217,505,412,917,408,337,745,437,389,826,601,494,1095,521,715,1236,235,481,716,5118,4819,9937
2020-06-08,756,678,1434,403,328,731,619,507,1126,711,548,1259,531,421,952,424,354,778,450,397,847,616,506,1122,531,731,1262,239,487,726,5280,4957,10237
2020-06-09,791,696,1487,414,343,757,637,524,1161,725,568,1293,552,435,987,434,359,793,463,401,864,622,520,1142,544,756,1300,242,498,740,5424,5100,10524
2020-06-10,802,711,1513,424,355,779,664,539,1203,746,589,1335,572,448,1020,451,367,818,474,410,884,641,541,1182,550,774,1324,248,512,760,5572,5246,10818
2020-06-11,825,735,1560,432,363,795,682,555,1237,770,610,1380,584,459,1043,461,380,841,484,425,909,654,554,1208,554,793,1347,252,527,779,5698,5401,11099
2020-06-12,850,766,1616,438,377,815,717,573,1290,800,636,1436,604,483,1087,474,387,861,502,436,938,667,568,1235,560,814,1374,255,536,791,5867,5576,11443
2020-06-13,871,787,1658,451,390,841,742,593,1335,822,649,1471,613,492,1105,488,397,885,511,438,949,681,577,1258,566,829,1395,257,542,799,6002,5694,11696
2020-06-14,885,804,1689,466,399,865,755,604,1359,833,657,1490,625,501,1126,495,408,903,519,441,960,684,587,1271,579,847,1426,258,550,808,6099,5798,11897
2020-06-15,904,823,1727,482,412,894,772,620,1392,851,672,1523,642,509,1151,503,416,919,526,445,971,695,594,1289,586,860,1446,259,560,819,6220,5911,12131
2020-06-16,934,862,1796,494,427,921,812,640,1452,892,693,1585,663,526,1189,522,427,949,537,454,991,707,602,1309,598,881,1479,263,574,837,6422,6086,12508
2020-06-17,953,885,1838,511,444,955,838,663,1501,917,717,1634,689,538,1227,541,432,973,549,464,1013,713,617,1330,616,894,1510,265,583,848,6592,6237,12829
2020-06-18,986,917,1903,523,453,976,875,687,1562,954,746,1700,715,549,1264,560,442,1002,563,480,1043,722,632,1354,630,910,1540,267,595,862,6795,6411,13206
2020-06-19,1025,936,1961,532,472,1004,894,700,1594,989,764,1753,736,570,1306,583,454,1037,580,489,1069,743,641,1384,645,927,1572,275,607,882,7002,6560,13562
2020-06-20,1049,956,2005,543,486,1029,915,715,1630,1019,781,1800,750,585,1335,591,467,1058,590,499,1089,754,648,1402,652,941,1593,278,614,892,7141,6692,13833
2020-06-21,1069,969,2038,552,495,1047,936,727,1663,1040,797,1837,759,592,1351,605,471,1076,595,507,1102,761,653,1414,657,952,1609,279,621,900,7253,6784,14037
2020-06-22,1094,996,2090,567,508,1075,957,756,1713,1065,810,1875,780,608,1388,619,491,1110,606,520,1126,777,665,1442,665,967,1632,281,632,913,7411,6953,14364
2020-06-23,1129,1024,2153,587,524,1111,989,782,1771,1105,835,1940,802,624,1426,633,509,1142,617,531,1148,784,674,1458,677,981,1658,284,638,922,7607,7122,14729
2020-06-24,1154,1050,2204,606,537,1143,1019,815,1834,1129,859,1988,827,640,1467,648,525,1173,626,543,1169,794,684,1478,690,994,1684,286,643,929,7779,7290,15069
2020-06-25,1178,1083,2261,626,560,1186,1046,835,1881,1157,881,2038,854,660,1514,673,543,1216,631,551,1182,801,695,1496,697,1007,1704,291,649,940,7954,7464,15418
2020-06-26,1204,1105,2309,648,578,1226,1082,858,1940,1181,907,2088,878,679,1557,687,558,1245,643,560,1203,811,709,1520,706,1025,1731,292,657,949,8132,7636,15768
2020-06-27,1237,1135,2372,670,604,1274,1109,882,1991,1203,925,2128,896,690,1586,700,563,1263,655,565,1220,816,717,1533,710,1032,1742,296,663,959,8292,7776,16068
2020-06-28,1269,1150,2419,678,614,1292,1120,904,2024,1224,939,2163,909,704,1613,715,574,1289,663,569,1232,821,723,1544,717,1041,1758,302,670,972,8418,7888,16306
2020-06-29,1301,1183,2484,698,637,1335,1142,919,2061,1252,958,2210,927,718,1645,727,594,1321,682,576,1258,833,738,1571,728,1053,1781,306,679,985,8596,8055,16651
2020-06-30,1320,1206,2526,703,652,1355,1171,941,2112,1276,983,2259,948,739,1687,741,607,1348,698,584,1282,848,745,1593,739,1066,1805,308,691,999,8752,8214,16966
2020-07-01,1344,1228,2572,711,672,1383,1210,969,2179,1297,1006,2303,969,755,1724,753,633,1386,710,591,1301,857,753,1610,747,1085,1832,311,698,1009,8909,8390,17299
2020-07-02,1377,1262,2639,729,688,1417,1236,992,2228,1325,1036,2361,995,774,1769,764,648,1412,723,598,1321,863,763,1626,759,1096,1855,315,702,1017,9086,8559,17645
2020-07-03,1410,1286,2696,755,701,1456,1265,1004,2269,1352,1066,2418,1020,795,1815,776,659,1435,738,609,1347,872,776,1648,767,1110,1877,320,708,1028,9275,8714,17989
2020-07-04,1428,1313,2741,769,714,1483,1289,1029,2318,1372,1081,2453,1040,807,1847,790,669,1459,749,613,1362,880,785,1665,772,1120,1892,323,714,1037,9412,8845,18257
2020-07-05,1446,1334,2780,783,723,1506,1309,1045,2354,1392,1098,2490,1048,824,1872,803,682,1485,765,624,1389,893,795,1688,781,1132,1913,326,723,1049,9546,8980,18526
2020-07-06,1461,1355,2816,799,735,1534,1335,1074,2409,1423,1112,2535,1073,837,1910,822,701,1523,782,644,1426,908,817,1725,789,1151,1940,330,735,1065,9722,9161,18883
2020-07-07,1486,1390,2876,813,752,1565,1371,1098,2469,1456,1138,2594,1094,859,1953,843,716,1559,794,658,1452,918,830,1748,797,1166,1963,338,747,1085,9910,9354,19264
2020-07-08,1515,1408,2923,832,771,1603,1408,1124,2532,1480,1162,2642,1124,887,2011,859,734,1593,807,675,1482,933,848,1781,808,1182,1990,343,762,1105,10109,9553,19662
2020-07-09,1537,1424,2961,844,777,1621,1427,1144,2571,1509,1177,2686,1141,901,2042,871,745,1616,813,689,1502,940,868,1808,812,1197,2009,349,771,1120,10243,9693,19936
2020-07-10,1556,1439,2995,860,790,1650,1449,1161,2610,1532,1193,2725,1161,917,2078,882,755,1637,825,701,1526,955,878,1833,824,1212,2036,351,780,1131,10395,9826,20221
2020-07-11,1571,1459,3030,870,797,1667,1466,1176,2642,1548,1212,2760,1178,932,2110,893,771,1664,841,709,1550,966,894,1860,827,1228,2055,353,788,1141,10513,9966,20479
2020-07-12,1586,1473,3059,883,804,1687,1480,1188,2668,1560,1224,2784,1190,935,2125,901,780,1681,850,718,1568,973,899,1872,835,1237,2072,357,796,1153,10615,10054,20669
2020-07-13,1608,1496,3104,897,822,1719,1510,1211,2721,1588,1252,2840,1214,956,2170,923,804,1727,878,735,1613,991,926,1917,847,1281,2128,359,819,1178,10815,10302,21117
2020-07-14,1630,1523,3153,918,830,1748,1537,1228,2765,1630,1275,2905,1242,976,2218,943,812,1755,897,751,1648,1008,951,1959,853,1296,2149,366,831,1197,11024,10473,21497
2020-07-15,1653,1546,3199,940,843,1783,1563,1265,2828,1665,1304,2969,1269,1008,2277,957,834,1791,918,769,1687,1019,963,1982,867,1312,2179,374,836,1210,11225,10680,21905
2020-07-16,1683,1563,3246,954,868,1822,1588,1301,2889,1698,1330,3028,1293,1034,2327,978,852,1830,933,781,1714,1032,977,2009,884,1337,2221,377,854,1231,11420,10897,22317
2020-07-17,1710,1589,3299,975,879,1854,1609,1321,2930,1728,1362,3090,1323,1065,2388,1002,877,1879,951,803,1754,1049,989,2038,900,1357,2257,381,864,1245,11628,11106,22734
2020-07-18,1725,1610,3335,988,890,1878,1633,1343,2976,1753,1388,3141,1343,1082,2425,1025,893,1918,970,818,1788,1056,1000,2056,913,1374,2287,383,869,1252,11789,11267,23056
2020-07-19,1747,1631,3378,994,905,1899,1650,1359,3009,1769,1404,3173,1356,1093,2449,1043,910,1953,980,828,1808,1068,1007,2075,921,1389,2310,387,876,1263,11915,11402,23317
2020-07-20,1786,1661,3447,1022,933,1955,1690,1390,3080,1808,1439,3247,1386,1136,2522,1068,934,2002,1000,854,1854,1087,1025,2112,940,1411,2351,390,888,1278,12177,11671,23848
2020-07-21,1814,1688,3502,1039,950,1989,1722,1421,3143,1844,1461,3305,1414,1160,2574,1093,957,2050,1023,878,1901,1104,1045,2149,953,1434,2387,395,899,1294,12401,11893,24294
2020-07-22,1859,1717,3576,1054,970,2024,1764,1444,3208,1888,1503,3391,1456,1182,2638,1112,980,2092,1035,894,1929,1117,1059,2176,969,1455,2424,396,905,1301,12650,12109,24759
2020-07-23,1893,1744,3637,1078,984,2062,1798,1476,3274,1923,1535,3458,1477,1198,2675,1139,995,2134,1045,912,1957,1136,1075,2211,977,1476,2453,401,916,1317,12867,12311,25178
2020-07-24,1915,1764,3679,1094,1006,2100,1835,1508,3343,1960,1566,3526,1500,1222,2722,1166,1008,2174,1073,923,1996,1149,1091,2240,986,1502,2488,404,929,1333,13082,12519,25601
2020-07-25,1937,1783,3720,1115,1018,2133,1863,1530,3393,1984,1590,3574,1522,1241,2763,1174,1015,2189,1084,933,2017,1159,1102,2261,996,1516,2512,409,934,1343,13243,12662,25905
2020-07-26,1958,1804,3762,1126,1030,2156,1877,1543,3420,2000,1611,3611,1537,1252,2789,1190,1026,2216,1094,942,2036,1171,1109,2280,1002,1528,2530,415,940,1355,13370,12785,26155
2020-07-27,1980,1834,3814,1143,1047,2190,1916,1568,3484,2036,1634,3670,1571,1287,2858,1212,1054,2266,1109,965,2074,1187,1127,2314,1018,1549,2567,420,957,1377,13592,13022,26614
2020-07-28,2010,1855,3865,1160,1063,2223,1963,1600,3563,2075,1663,3738,1604,1312,2916,1239,1078,2317,1137,989,2126,1198,1151,2349,1028,1568,2596,425,973,1398,13839,13252,27091
2020-07-29,2035,1884,3919,1181,1084,2265,2006,1629,3635,2109,1700,3809,1641,1345,2986,1262,1110,2372,1155,1016,2171,1220,1171,2391,1043,1595,2638,432,996,1428,14084,13530,27614
2020-07-30,2068,1913,3981,1204,1107,2311,2065,1671,3736,2156,1734,3890,1683,1369,3052,1292,1139,2431,1174,1040,2214,1235,1187,2422,1049,1610,2659,434,1002,1436,14360,13772,28132
2020-07-31,2093,1948,4041,1222,1125,2347,2097,1716,3813,2211,1775,3986,1714,1393,3107,1325,1159,2484,1193,1064,2257,1253,1209,2462,1059,1635,2694,438,1019,1457,14605,14043,28648
2020-08-01,2115,1963,4078,1233,1142,2375,2117,1742,3859,2233,1798,4031,1733,1422,3155,1346,1178,2524,1211,1071,2282,1267,1222,2489,1070,1656,2726,440,1029,1469,14765,14223,28988
2020-08-02,2137,1983,4120,1242,1150,2392,2140,1756,3896,2255,1823,4078,1748,1440,3188,1358,1197,2555,1220,1087,2307,1273,1236,2509,1079,1669,2748,442,1035,1477,14894,14376,29270
2020-08-03,2169,2018,4187,1255,1165,2420,2172,1786,3958,2299,1857,4156,1774,1463,3237,1379,1215,2594,1243,1102,2345,1283,1253,2536,1091,1693,2784,445,1047,1492,15110,14599,29709
2020-08-04,2202,2043,4245,1280,1191,2471,2222,1811,4033,2344,1888,4232,1812,1486,3298,1411,1235,2646,1268,1115,2383,1296,1271,2567,1105,1715,2820,450,1061,1511,15390,14816,30206
2020-08-05,2233,2074,4307,1308,1209,2517,2263,1833,4096,2378,1923,4301,1837,1514,3351,1436,1260,2696,1289,1134,2423,1312,1283,2595,1120,1731,2851,452,1068,1520,15628,15029,30657
2020-08-06,2260,2089,4349,1328,1231,2559,2298,1871,4169,2418,1961,4379,1882,1546,3428,1465,1289,2754,1307,1153,2460,1326,1300,2626,1135,1753,2888,458,1080,1538,15877,15273,31150
2020-08-07,2305,2119,4424,1353,1250,2603,2335,1900,4235,2451,1991,4442,1916,1580,3496,1494,1298,2792,1319,1172,2491,1344,1318,2662,1147,1786,2933,463,1092,1555,16127,15506,31633
2020-08-08,2330,2146,4476,1366,1263,2629,2358,1924,4282,2489,2027,4516,1931,1604,3535,1517,1325,2842,1339,1182,2521,1355,1342,2697,1156,1798,2954,464,1109,1573,16305,15720,32025
2020-08-09,2352,2167,4519,1374,1271,2645,2378,1943,4321,2516,2045,4561,1948,1629,3577,1532,1347,2879,1357,1195,2552,1368,1360,2728,1168,1832,3000,469,1126,1595,16462,15915,32377
2020-08-10,2388,2195,4583,1393,1289,2682,2427,1982,4409,2564,2074,4638,1980,1658,3638,1556,1371,2927,1378,1204,2582,1381,1380,2761,1181,1852,3033,473,1138,1611,16721,16143,32864
2020-08-11,2417,2222,4639,1422,1308,2730,2475,2020,4495,2625,2112,4737,2017,1686,3703,1583,1396,2979,1400,1216,2616,1399,1408,2807,1196,1879,3075,479,1151,1630,17013,16398,33411
2020-08-12,2443,2251,4694,1451,1320,2771,2512,2058,4570,2658,2155,4813,2050,1723,3773,1609,1422,3031,1426,1236,2662,1412,1429,2841,1207,1898,3105,484,1167,1651,17252,16659,33911
2020-08-13,2462,2278,4740,1477,1342,2819,2559,2092,4651,2715,2207,4922,2085,1756,3841,1640,1454,3094,1440,1255,2695,1437,1447,2884,1218,1921,3139,488,1184,1672,17521,16936,34457
2020-08-14,2478,2299,4777,1498,1356,2854,2609,2136,4745,2762,2246,5008,2128,1779,3907,1669,1483,3152,1465,1275,2740,1454,1473,2927,1230,1938,3168,491,1197,1688,17784,17182,34966
2020-08-15,2511,2316,4827,1520,1368,2888,2635,2165,4800,2791,2278,5069,2148,1808,3956,1688,1504,3192,1485,1290,2775,1468,1496,2964,1239,1973,3212,496,1212,1708,17981,17410,35391
2020-08-16,2536,2327,4863,1529,1376,2905,2665,2190,4855,2812,2301,5113,2165,1826,3991,1701,1518,3219,1497,1307,2804,1479,1509,2988,1251,1999,3250,500,1227,1727,18135,17580,35715
2020-08-17,2553,2340,4893,1543,1392,2935,2694,2218,4912,2843,2333,5176,2189,1854,4043,1723,1543,3266,1506,1340,2846,1488,1522,3010,1261,2014,3275,500,1240,1740,18300,17796,36096
2020-08-18,2589,2367,4956,1564,1399,2963,2734,2247,4981,2886,2369,5255,2221,1881,4102,1743,1583,3326,1523,1364,2887,1506,1546,3052,1269,2031,3300,500,1256,1756,18535,18043,36578
2020-08-19,2622,2393,5015,1584,1420,3004,2763,2282,5045,2927,2408,5335,2249,1912,4161,1767,1602,3369,1537,1384,2921,1521,1570,3091,1281,2065,3346,504,1273,1777,18755,18309,37064
2020-08-20,2639,2413,5052,1599,1434,3033,2796,2317,5113,2966,2445,5411,2270,1942,4212,1792,1624,3416,1556,1407,2963,1532,1587,3119,1294,2087,3381,509,1285,1794,18953,18541,37494
2020-08-21,2663,2443,5106,1618,1454,3072,2831,2348,5179,3002,2482,5484,2307,1975,4282,1822,1662,3484,1575,1424,2999,1553,1611,3164,1308,2114,3422,513,1294,1807,19192,18807,37999
2020-08-22,2675,2456,5131,1640,1472,3112,2857,2368,5225,3030,2508,5538,2334,1997,4331,1837,1679,3516,1592,1440,3032,1562,1625,3187,1315,2127,3442,516,1309,1825,19358,18981,38339
2020-08-23,2693,2481,5174,1651,1480,3131,2875,2380,5255,3054,2533,5587,2355,2011,4366,1852,1697,3549,1600,1454,3054,1571,1644,3215,1326,2134,3460,520,1313,1833,19497,19127,38624
2020-08-24,2727,2519,5246,1664,1495,3159,2903,2418,5321,3100,2571,5671,2383,2044,4427,1885,1717,3602,1621,1480,3101,1585,1667,3252,1340,2155,3495,526,1330,1856,19734,19396,39130
2020-08-25,2746,2541,5287,1683,1508,3191,2937,2458,5395,3142,2617,5759,2412,2074,4486,1904,1743,3647,1641,1499,3140,1598,1684,3282,1354,2179,3533,531,1347,1878,19948,19650,39598
2020-08-26,2778,2559,5337,1706,1530,3236,2985,2499,5484,3194,2652,5846,2444,2104,4548,1932,1770,3702,1667,1516,3183,1615,1704,3319,1370,2202,3572,534,1363,1897,20225,19899,40124
2020-08-27,2810,2584,5394,1733,1549,3282,3035,2545,5580,3234,2689,5923,2491,2140,4631,1961,1798,3759,1682,1545,3227,1639,1729,3368,1383,2223,3606,540,1385,1925,20508,20187,40695
2020-08-28,2841,2608,5449,1768,1568,3336,3095,2596,5691,3278,2735,6013,2531,2176,4707,2000,1840,3840,1701,1570,3271,1659,1754,3413,1392,2243,3635,548,1395,1943,20813,20485,41298
2020-08-29,2862,2619,5481,1776,1575,3351,3137,2629,5766,3309,2780,6089,2570,2210,4780,2019,1859,3878,1722,1582,3304,1674,1771,3445,1400,2263,3663,551,1412,1963,21020,20700,41720
2020-08-30,2884,2643,5527,1796,1588,3384,3158,2652,5810,3341,2803,6144,2601,2234,4835,2040,1877,3917,1735,1595,3330,1679,1785,3464,1409,2269,3678,553,1417,1970,21196,20863,42059
2020-08-31,2913,2661,5574,1819,1602,3421,3195,2692,5887,3383,2843,6226,2635,2269,4904,2060,1905,3965,1761,1620,3381,1700,1803,3503,1429,2300,3729,555,1432,1987,21450,21127,42577
2020-09-01,2948,2690,5638,1835,1629,3464,3239,2723,5962,3444,2893,6337,2682,2297,4979,2086,1940,4026,1779,1637,3416,1714,1822,3536,1442,2332,3774,561,1444,2005,21730,21407,43137
2020-09-02,2972,2703,5675,1852,1642,3494,3264,2760,6024,3472,2926,6398,2715,2326,5041,2113,1965,4078,1791,1658,3449,1735,1841,3576,1456,2357,3813,564,1472,2036,21934,21650,43584
2020-09-03,2999,2727,5726,1873,1657,3530,3310,2807,6117,3527,2978,6505,2760,2358,5118,2140,1983,4123,1811,1684,3495,1751,1863,3614,1469,2384,3853,568,1479,2047,22208,21920,44128
2020-09-04,3028,2757,5785,1890,1674,3564,3352,2844,6196,3569,3016,6585,2799,2405,5204,2164,2012,4176,1834,1714,3548,1775,1882,3657,1480,2411,3891,571,1490,2061,22462,22205,44667
2020-09-05,3047,2773,5820,1904,1684,3588,3383,2871,6254,3603,3053,6656,2825,2438,5263,2180,2034,4214,1856,1732,3588,1790,1898,3688,1495,2429,3924,573,1497,2070,22656,22409,45065
2020-09-06,3065,2789,5854,1912,1698,3610,3396,2893,6289,3629,3072,6701,2845,2455,5300,2196,2054,4250,1871,1748,3619,1799,1914,3713,1505,2445,3950,575,1508,2083,22793,22576,45369
2020-09-07,3086,2811,5897,1925,1714,3639,3443,2933,6376,3674,3111,6785,2877,2488,5365,2218,2086,4304,1897,1768,3665,1811,1936,3747,1517,2473,3990,583,1522,2105,23031,22842,45873
2020-09-08,3113,2832,5945,1945,1737,3682,3485,2963,6448,3731,3155,6886,2912,2520,5432,2256,2119,4375,1922,1794,3716,1834,1957,3791,1534,2497,4031,590,1541,2131,23322,23115,46437
2020-09-09,3143,2852,5995,1959,1758,3717,3534,2999,6533,3770,3185,6955,2952,2549,5501,2282,2151,4433,1948,1820,3768,1851,1979,3830,1548,2531,4079,591,1561,2152,23578,23385,46963
2020-09-10,3164,2865,6029,1986,1774,3760,3585,3051,6636,3819,3239,7058,3004,2586,5590,2309,2177,4486,1970,1839,3809,1869,1993,3862,1558,2558,4116,593,1575,2168,23857,23657,47514
2020-09-11,3186,2890,6076,2013,1791,3804,3628,3082,6710,3857,3284,7141,3038,2624,5662,2339,2210,4549,2002,1863,3865,1892,2015,3907,1574,2578,4152,596,1585,2181,24125,23922,48047
2020-09-12,3208,2908,6116,2027,1802,3829,3651,3106,6757,3882,3316,7198,3054,2648,5702,2358,2237,4595,2020,1882,3902,1912,2034,3946,1586,2603,4189,598,1601,2199,24296,24137,48433
2020-09-13,3231,2926,6157,2034,1811,3845,3670,3134,6804,3906,3346,7252,3071,2665,5736,2376,2254,4630,2042,1901,3943,1920,2041,3961,1591,2615,4206,602,1611,2213,24443,24304,48747
2020-09-14,3259,2951,6210,2051,1827,3878,3710,3187,6897,3948,3393,7341,3100,2692,5792,2416,2279,4695,2071,1930,4001,1942,2063,4005,1608,2631,4239,604,1621,2225,24709,24574,49283
2020-09-15,3287,2972,6259,2066,1838,3904,3750,3211,6961,3995,3445,7440,3129,2719,5848,2441,2309,4750,2095,1951,4046,1964,2087,4051,1623,2655,4278,606,1634,2240,24956,24821,49777
2020-09-16,3320,2999,6319,2093,1863,3956,3802,3262,7064,4035,3496,7531,3169,2759,5928,2472,2334,4806,2114,1981,4095,1986,2104,4090,1636,2680,4316,609,1642,2251,25236,25120,50356
2020-09-17,3342,3022,6364,2112,1892,4004,3839,3292,7131,4081,3528,7609,3209,2795,6004,2507,2372,4879,2148,2008,4156,2011,2126,4137,1650,2701,4351,612,1646,2258,25511,25382,50893
2020-09-18,3372,3054,6426,2128,1915,4043,3875,3328,7203,4129,3583,7712,3242,2834,6076,2533,2397,4930,2172,2041,4213,2035,2150,4185,1663,2725,4388,615,1656,2271,25764,25683,51447
2020-09-19,3381,3079,6460,2135,1935,4070,3896,3347,7243,4152,3612,7764,3261,2849,6110,2551,2413,4964,2190,2057,4247,2054,2165,4219,1673,2742,4415,620,1663,2283,25913,25862,51775
2020-09-20,3395,3101,6496,2149,1950,4099,3916,3373,7289,4182,3628,7810,3275,2866,6141,2564,2430,4994,2196,2074,4270,2070,2176,4246,1677,2758,4435,624,1671,2295,26048,26027,52075
2020-09-21,3421,3130,6551,2163,1974,4137,3954,3407,7361,4223,3677,7900,3305,2903,6208,2589,2452,5041,2216,2094,4310,2092,2196,4288,1685,2770,4455,625,1681,2306,26273,26284,52557
2020-09-22,3454,3162,6616,2188,1994,4182,3996,3449,7445,4264,3715,7979,3346,2923,6269,2621,2488,5109,2242,2118,4360,2117,2220,4337,1693,2799,4492,629,1693,2322,26550,26561,53111
2020-09-23,3489,3192,6681,2203,2007,4210,4027,3488,7515,4300,3756,8056,3375,2955,6330,2642,2512,5154,2266,2143,4409,2134,2241,4375,1704,2818,4522,631,1707,2338,26771,26819,53590
2020-09-24,3526,3223,6749,2229,2029,4258,4075,3522,7597,4347,3806,8153,3412,2982,6394,2668,2541,5209,2273,2181,4454,2151,2267,4418,1724,2840,4564,640,1728,2368,27045,27119,54164
2020-09-25,3553,3243,6796,2249,2041,4290,4106,3567,7673,4389,3849,8238,3451,3014,6465,2690,2567,5257,2298,2206,4504,2170,2285,4455,1741,2862,4603,640,1737,2377,27287,27371,54658
2020-09-26,3568,3256,6824,2267,2049,4316,4130,3588,7718,4419,3876,8295,3475,3045,6520,2708,2586,5294,2310,2222,4532,2187,2299,4486,1750,2876,4626,643,1744,2387,27457,27541,54998
2020-09-27,3584,3277,6861,2278,2064,4342,4159,3626,7785,4438,3894,8332,3501,3065,6566,2725,2603,5328,2327,2238,4565,2194,2311,4505,1758,2888,4646,645,1751,2396,27609,27717,55326
2020-09-28,3610,3295,6905,2299,2076,4375,4188,3656,7844,4480,3935,8415,3544,3090,6634,2759,2641,5400,2358,2258,4616,2211,2336,4547,1775,2908,4683,649,1771,2420,27873,27966,55839
2020-09-29,3644,3323,6967,2318,2095,4413,4244,3702,7946,4538,3989,8527,3592,3128,6720,2790,2668,5458,2390,2295,4685,2235,2376,4611,1800,2941,4741,652,1794,2446,28203,28311,56514
2020-09-30,3676,3346,7022,2337,2116,4453,4291,3745,8036,4585,4036,8621,3624,3157,6781,2821,2698,5519,2420,2324,4744,2257,2399,4656,1809,2959,4768,657,1803,2460,28477,28583,57060
2020-10-01,3706,3374,7080,2353,2149,4502,4339,3795,8134,4638,4088,8726,3653,3201,6854,2852,2720,5572,2457,2349,4806,2281,2437,4718,1823,2976,4799,660,1815,2475,28762,28904,57666
2020-10-02,3745,3410,7155,2378,2171,4549,4379,3855,8234,4675,4134,8809,3683,3239,6922,2882,2744,5626,2496,2380,4876,2302,2470,4772,1835,3003,4838,664,1836,2500,29039,29242,58281
2020-10-03,3758,3426,7184,2392,2187,4579,4415,3888,8303,4705,4163,8868,3706,3259,6965,2900,2762,5662,2511,2398,4909,2318,2487,4805,1842,3019,4861,667,1845,2512,29214,29434,58648
2020-10-04,3778,3448,7226,2409,2204,4613,4436,3913,8349,4728,4185,8913,3730,3281,7011,2914,2782,5696,2531,2412,4943,2327,2500,4827,1851,3044,4895,670,1848,2518,29374,29617,58991
2020-10-05,3798,3474,7272,2428,2225,4653,4472,3944,8416,4783,4229,9012,3785,3312,7097,2960,2813,5773,2565,2441,5006,2353,2534,4887,1868,3065,4933,674,1853,2527,29686,29890,59576
2020-10-06,3823,3510,7333,2455,2246,4701,4519,3976,8495,4835,4269,9104,3841,3341,7182,2998,2841,5839,2591,2469,5060,2378,2564,4942,1886,3087,4973,680,1865,2545,30006,30168,60174
2020-10-07,3857,3530,7387,2469,2267,4736,4564,4018,8582,4894,4325,9219,3879,3387,7266,3026,2877,5903,2617,2503,5120,2401,2589,4990,1894,3113,5007,688,1873,2561,30289,30482,60771
2020-10-08,3891,3557,7448,2490,2287,4777,4608,4065,8673,4939,4363,9302,3914,3417,7331,3056,2914,5970,2638,2530,5168,2420,2618,5038,1910,3132,5042,693,1888,2581,30559,30771,61330
2020-10-09,3913,3588,7501,2532,2316,4848,4637,4115,8752,4984,4419,9403,3957,3452,7409,3081,2947,6028,2666,2563,5229,2436,2649,5085,1923,3156,5079,696,1901,2597,30825,31106,61931
2020-10-10,3931,3611,7542,2553,2330,4883,4675,4142,8817,5025,4451,9476,3983,3477,7460,3100,2975,6075,2691,2588,5279,2450,2668,5118,1936,3176,5112,704,1913,2617,31048,31331,62379
2020-10-11,3948,3629,7577,2566,2341,4907,4700,4172,8872,5056,4482,9538,4013,3503,7516,3119,2993,6112,2712,2615,5327,2465,2690,5155,1950,3197,5147,704,1924,2628,31233,31546,62779
2020-10-12,3966,3648,7614,2593,2354,4947,4740,4223,8963,5100,4537,9637,4051,3534,7585,3150,3031,6181,2748,2644,5392,2495,2722,5217,1971,3232,5203,706,1941,2647,31520,31866,63386
2020-10-13,4003,3678,7681,2622,2373,4995,4804,4282,9086,5166,4603,9769,4090,3581,7671,3200,3081,6281,2789,2683,5472,2523,2761,5284,1995,3275,5270,715,1966,2681,31907,32283,64190
2020-10-14,4040,3705,7745,2641,2403,5044,4858,4341,9199,5239,4669,9908,4127,3629,7756,3240,3128,6368,2826,2722,5548,2557,2802,5359,2010,3309,5319,717,1987,2704,32255,32695,64950
2020-10-15,4074,3733,7807,2669,2435,5104,4914,4403,9317,5311,4744,10055,4191,3689,7880,3294,3185,6479,2875,2769,5644,2581,2851,5432,2026,3341,5367,726,2002,2728,32661,33152,65813
2020-10-16,4122,3763,7885,2696,2470,5166,4992,4484,9476,5390,4810,10200,4263,3746,8009,3342,3234,6576,2914,2811,5725,2608,2899,5507,2044,3381,5425,732,2035,2767,33103,33633,66736
2020-10-17,4135,3778,7913,2715,2495,5210,5044,4526,9570,5436,4858,10294,4304,3794,8098,3366,3262,6628,2942,2849,5791,2633,2931,5564,2056,3414,5470,735,2047,2782,33366,33954,67320
2020-10-18,4153,3800,7953,2729,2507,5236,5070,4554,9624,5469,4899,10368,4328,3824,8152,3390,3282,6672,2965,2867,5832,2651,2956,5607,2063,3441,5504,736,2055,2791,33554,34185,67739
2020-10-19,4204,3834,8038,2756,2542,5298,5139,4635,9774,5547,4979,10526,4421,3894,8315,3441,3344,6785,3023,2921,5944,2697,3003,5700,2082,3478,5560,739,2070,2809,34049,34700,68749
2020-10-20,4243,3877,8120,2791,2573,5364,5219,4710,9929,5626,5044,10670,4485,3956,8441,3499,3402,6901,3075,2969,6044,2724,3044,5768,2112,3520,5632,740,2093,2833,34514,35188,69702
2020-10-21,4270,3898,8168,2839,2599,5438,5267,4780,10047,5694,5107,10801,4538,4001,8539,3545,3436,6981,3116,2999,6115,2748,3073,5821,2130,3556,5686,745,2105,2850,34892,35554,70446
2020-10-22,4301,3920,8221,2871,2644,5515,5314,4836,10150,5751,5160,10911,4590,4060,8650,3581,3478,7059,3143,3032,6175,2768,3099,5867,2152,3583,5735,750,2120,2870,35221,35932,71153
2020-10-23,4326,3939,8265,2893,2665,5558,5358,4880,10238,5796,5213,11009,4625,4099,8724,3608,3504,7112,3175,3071,6246,2799,3133,5932,2174,3599,5773,755,2146,2901,35509,36249,71758
2020-10-24,4342,3961,8303,2903,2676,5579,5395,4905,10300,5833,5241,11074,4654,4127,8781,3625,3527,7152,3190,3087,6277,2817,3157,5974,2182,3618,5800,759,2159,2918,35700,36458,72158
2020-10-25,4368,3980,8348,2915,2691,5606,5441,4940,10381,5869,5286,11155,4684,4155,8839,3652,3556,7208,3217,3111,6328,2836,3178,6014,2189,3634,5823,763,2163,2926,35934,36694,72628
2020-10-26,4400,4008,8408,2956,2711,5667,5486,4987,10473,5936,5358,11294,4733,4213,8946,3692,3611,7303,3249,3150,6399,2866,3218,6084,2202,3670,5872,770,2180,2950,36290,37106,73396
2020-10-27,4432,4036,8468,2984,2727,5711,5551,5055,10606,5993,5413,11406,4801,4259,9060,3746,3664,7410,3297,3210,6507,2901,3260,6161,2220,3695,5915,773,2187,2960,36698,37506,74204
2020-10-28,4462,4066,8528,3001,2743,5744,5593,5109,10702,6052,5476,11528,4840,4309,9149,3784,3709,7493,3337,3232,6569,2928,3291,6219,2231,3728,5959,775,2201,2976,37003,37864,74867
2020-10-29,4490,4089,8579,3022,2762,5784,5665,5159,10824,6124,5539,11663,4887,4365,9252,3817,3744,7561,3378,3271,6649,2943,3317,6260,2245,3748,5993,779,2211,2990,37350,38205,75555
2020-10-30,4519,4108,8627,3040,2789,5829,5714,5229,10943,6176,5585,11761,4934,4408,9342,3849,3784,7633,3410,3305,6715,2963,3342,6305,2261,3775,6036,784,2227,3011,37650,38552,76202
2020-10-31,4539,4123,8662,3051,2802,5853,5747,5260,11007,6210,5627,11837,4958,4434,9392,3875,3807,7682,3436,3330,6766,2979,3363,6342,2267,3788,6055,788,2231,3019,37850,38765,76615
2020-11-01,4564,4143,8707,3070,2832,5902,5780,5295,11075,6249,5665,11914,4999,4459,9458,3901,3842,7743,3460,3358,6818,3000,3382,6382,2273,3803,6076,794,2240,3034,38090,39019,77109
2020-11-02,4595,4172,8767,3097,2861,5958,5830,5354,11184,6327,5719,12046,5044,4506,9550,3945,3880,7825,3504,3399,6903,3029,3414,6443,2287,3819,6106,796,2252,3048,38454,39376,77830
2020-11-03,4616,4193,8809,3115,2881,5996,5878,5407,11285,6376,5758,12134,5083,4529,9612,3979,3910,7889,3536,3427,6963,3054,3440,6494,2306,3848,6154,799,2266,3065,38742,39659,78401
2020-11-04,4646,4225,8871,3136,2909,6045,5938,5472,11410,6440,5819,12259,5143,4600,9743,4023,3954,7977,3581,3466,7047,3080,3470,6550,2325,3883,6208,809,2280,3089,39121,40078,79199
2020-11-05,4676,4257,8933,3175,2948,6123,6019,5541,11560,6517,5887,12404,5203,4660,9863,4083,4008,8091,3609,3508,7117,3110,3496,6606,2343,3908,6251,811,2291,3102,39546,40504,80050
2020-11-06,4691,4280,8971,3191,2974,6165,6056,5585,11641,6552,5933,12485,5231,4683,9914,4122,4044,8166,3637,3547,7184,3134,3530,6664,2356,3936,6292,814,2299,3113,39784,40811,80595
2020-11-07,4711,4300,9011,3207,2996,6203,6091,5619,11710,6583,5981,12564,5258,4716,9974,4152,4072,8224,3668,3581,7249,3156,3559,6715,2373,3954,6327,821,2304,3125,40020,41082,81102
2020-11-08,4739,4334,9073,3227,3018,6245,6130,5654,11784,6615,6030,12645,5295,4755,10050,4174,4099,8273,3701,3609,7310,3176,3583,6759,2383,3965,6348,825,2308,3133,40265,41355,81620
2020-11-09,4778,4373,9151,3275,3035,6310,6179,5710,11889,6668,6103,12771,5343,4806,10149,4221,4144,8365,3736,3663,7399,3197,3615,6812,2405,3998,6403,830,2316,3146,40632,41763,82395
2020-11-10,4806,4395,9201,3302,3055,6357,6224,5749,11973,6715,6155,12870,5381,4836,10217,4251,4179,8430,3785,3694,7479,3226,3644,6870,2423,4022,6445,834,2328,3162,40947,42057,83004
2020-11-11,4837,4426,9263,3321,3073,6394,6269,5806,12075,6773,6212,12985,5430,4874,10304,4283,4219,8502,3821,3725,7546,3249,3665,6914,2446,4048,6494,838,2344,3182,41267,42392,83659
2020-11-12,4878,4450,9328,3343,3101,6444,6317,5862,12179,6839,6264,13103,5485,4920,10405,4327,4248,8575,3857,3777,7634,3281,3703,6984,2463,4079,6542,840,2353,3193,41630,42757,84387
2020-11-13,4913,4472,9385,3375,3115,6490,6368,5922,12290,6890,6320,13210,5528,4961,10489,4368,4283,8651,3901,3820,7721,3312,3735,7047,2482,4106,6588,845,2369,3214,41982,43103,85085
2020-11-14,4954,4499,9453,3396,3131,6527,6400,5965,12365,6938,6366,13304,5555,4994,10549,4396,4307,8703,3933,3841,7774,3333,3761,7094,2489,4124,6613,849,2373,3222,42243,43361,85604
2020-11-15,4986,4530,9516,3414,3141,6555,6441,6014,12455,6978,6400,13378,5587,5035,10622,4422,4346,8768,3964,3871,7835,3351,3783,7134,2498,4144,6642,850,2386,3236,42491,43650,86141
2020-11-16,5020,4566,9586,3436,3164,6600,6486,6051,12537,7030,6455,13485,5636,5078,10714,4451,4385,8836,3999,3909,7908,3376,3816,7192,2515,4168,6683,855,2409,3264,42804,44001,86805
2020-11-17,5048,4599,9647,3467,3189,6656,6543,6114,12657,7105,6519,13624,5693,5128,10821,4494,4432,8926,4047,3961,8008,3414,3861,7275,2523,4198,6721,857,2419,3276,43191,44420,87611
2020-11-18,5077,4628,9705,3496,3216,6712,6601,6163,12764,7178,6588,13766,5746,5170,10916,4536,4466,9002,4077,3994,8071,3449,3900,7349,2538,4232,6770,860,2429,3289,43558,44786,88344
2020-11-19,5107,4649,9756,3531,3241,6772,6657,6223,12880,7235,6653,13888,5788,5216,11004,4573,4514,9087,4123,4041,8164,3483,3925,7408,2553,4260,6813,865,2442,3307,43915,45164,89079
2020-11-20,5139,4679,9818,3553,3270,6823,6708,6269,12977,7300,6712,14012,5830,5246,11076,4610,4548,9158,4162,4079,8241,3507,3943,7450,2569,4286,6855,870,2448,3318,44248,45480,89728
2020-11-21,5157,4698,9855,3573,3286,6859,6746,6301,13047,7342,6752,14094,5864,5272,11136,4634,4578,9212,4190,4099,8289,3522,3960,7482,2575,4298,6873,873,2457,3330,44476,45701,90177
2020-11-22,5180,4719,9899,3588,3297,6885,6786,6329,13115,7369,6789,14158,5902,5302,11204,4653,4592,9245,4207,4137,8344,3538,3972,7510,2582,4317,6899,874,2463,3337,44679,45917,90596
2020-11-23,5222,4749,9971,3608,3318,6926,6828,6372,13200,7412,6832,14244,5945,5331,11276,4687,4620,9307,4234,4171,8405,3556,3995,7551,2596,4341,6937,880,2475,3355,44968,46204,91172
2020-11-24,5252,4785,10037,3638,3342,6980,6878,6413,13291,7483,6885,14368,5996,5370,11366,4725,4663,9388,4266,4208,8474,3587,4032,7619,2616,4373,6989,883,2481,3364,45324,46552,91876
2020-11-25,5287,4816,10103,3668,3375,7043,6942,6465,13407,7538,6952,14490,6040,5414,11454,4760,4691,9451,4303,4237,8540,3605,4060,7665,2633,4396,7029,888,2487,3375,45664,46893,92557
2020-11-26,5315,4842,10157,3703,3404,7107,6998,6527,13525,7599,7023,14622,6080,5459,11539,4804,4733,9537,4345,4271,8616,3626,4099,7725,2646,4421,7067,900,2498,3398,46016,47277,93293
2020-11-27,5326,4867,10193,3722,3421,7143,7041,6575,13616,7649,7072,14721,6119,5489,11608,4841,4762,9603,4369,4298,8667,3650,4122,7772,2657,4448,7105,906,2503,3409,46280,47557,93837
2020-11-28,5362,4886,10248,3742,3437,7179,7084,6620,13704,7683,7110,14793,6145,5525,11670,4880,4790,9670,4384,4326,8710,3668,4143,7811,2666,4473,7139,908,2507,3415,46522,47817,94339
2020-11-29,5391,4912,10303,3754,3457,7211,7132,6669,13801,7729,7167,14896,6184,5556,11740,4910,4812,9722,4413,4358,8771,3680,4165,7845,2679,4484,7163,910,2515,3425,46782,48095,94877
2020-11-30,5430,4936,10366,3785,3482,7267,7217,6749,13966,7796,7236,15032,6256,5610,11866,4951,4860,9811,4462,4401,8863,3709,4211,7920,2696,4514,7210,918,2524,3442,47220,48523,95743
2020-12-01,5455,4973,10428,3807,3513,7320,7285,6807,14092,7857,7307,15164,6305,5657,11962,4976,4896,9872,4498,4452,8950,3740,4243,7983,2713,4542,7255,921,2530,3451,47557,48920,96477
2020-12-02,5471,4990,10461,3825,3528,7353,7327,6847,14174,7896,7365,15261,6347,5691,12038,4996,4924,9920,4521,4479,9000,3762,4266,8028,2726,4558,7284,927,2540,3467,47798,49188,96986
2020-12-03,5494,5024,10518,3853,3546,7399,7375,6928,14303,7960,7446,15406,6405,5743,12148,5034,4965,9999,4563,4531,9094,3788,4293,8081,2738,4574,7312,930,2551,3481,48140,49601,97741
2020-12-04,5517,5052,10569,3878,3581,7459,7428,6972,14400,8022,7505,15527,6461,5791,12252,5073,5019,10092,4608,4576,9184,3814,4328,8142,2754,4594,7348,937,2560,3497,48492,49978,98470
2020-12-05,5538,5074,10612,3898,3603,7501,7481,7008,14489,8077,7546,15623,6497,5819,12316,5100,5041,10141,4627,4594,9221,3830,4345,8175,2762,4609,7371,942,2567,3509,48752,50206,98958
2020-12-06,5554,5094,10648,3926,3614,7540,7521,7040,14561,8111,7579,15690,6527,5852,12379,5121,5068,10189,4650,4612,9262,3851,4371,8222,2776,4622,7398,943,2572,3515,48980,50424,99404
2020-12-07,5568,5123,10691,3949,3633,7582,7572,7087,14659,8169,7628,15797,6559,5892,12451,5148,5102,10250,4671,4632,9303,3870,4404,8274,2787,4637,7424,947,2580,3527,49240,50718,99958
2020-12-08,5592,5150,10742,3959,3650,7609,7622,7136,14758,8214,7672,15886,6592,5920,12512,5187,5128,10315,4695,4662,9357,3886,4432,8318,2792,4656,7448,952,2584,3536,49491,50990,100481
2020-12-09,5619,5172,10791,3982,3677,7659,7687,7209,14896,8292,7745,16037,6656,5964,12620,5258,5179,10437,4750,4730,9480,3926,4473,8399,2806,4686,7492,954,2602,3556,49930,51437,101367
2020-12-10,5654,5205,10859,4024,3716,7740,7765,7288,15053,8368,7841,16209,6729,6033,12762,5332,5248,10580,4810,4791,9601,3964,4496,8460,2820,4721,7541,961,2611,3572,50427,51950,102377
2020-12-11,5676,5234,10910,4052,3739,7791,7845,7367,15212,8458,7923,16381,6797,6101,12898,5401,5315,10716,4878,4862,9740,4001,4533,8534,2837,4744,7581,961,2619,3580,50906,52437,103343
2020-12-12,5697,5263,10960,4079,3755,7834,7911,7421,15332,8530,8005,16535,6865,6165,13030,5462,5361,10823,4918,4933,9851,4030,4574,8604,2849,4766,7615,962,2626,3588,51303,52869,104172
2020-12-13,5724,5285,11009,4106,3785,7891,7957,7481,15438,8595,8071,16666,6915,6226,13141,5533,5410,10943,4967,4970,9937,4058,4596,8654,2859,4786,7645,967,2630,3597,51681,53240,104921
2020-12-14,5768,5316,11084,4135,3819,7954,8038,7556,15594,8678,8151,16829,6982,6304,13286,5602,5478,11080,5022,5043,10065,4099,4648,8747,2875,4812,7687,975,2642,3617,52174,53769,105943
2020-12-15,5798,5348,11146,4171,3856,8027,8104,7619,15723,8772,8231,17003,7052,6363,13415,5669,5554,11223,5091,5109,10200,4131,4680,8811,2885,4827,7712,976,2655,3631,52649,54242,106891
2020-12-16,5817,5370,11187,4207,3893,8100,8194,7724,15918,8901,8357,17258,7126,6451,13577,5749,5624,11373,5184,5193,10377,4184,4736,8920,2906,4844,7750,980,2666,3646,53248,54858,108106
2020-12-17,5853,5409,11262,4246,3924,8170,8276,7818,16094,9030,8479,17509,7235,6555,13790,5822,5696,11518,5233,5261,10494,4219,4764,8983,2918,4870,7788,984,2671,3655,53816,55447,109263
2020-12-18,5894,5436,11330,4297,3976,8273,8375,7909,16284,9155,8620,17775,7342,6659,14001,5904,5781,11685,5339,5355,10694,4291,4816,9107,2933,4911,7844,990,2681,3671,54520,56144,110664
2020-12-19,5930,5466,11396,4339,4016,8355,8459,8010,16469,9301,8748,18049,7427,6733,14160,5986,5858,11844,5410,5439,10849,4332,4871,9203,2949,4939,7888,994,2685,3679,55127,56765,111892
2020-12-20,5955,5504,11459,4382,4058,8440,8548,8106,16654,9432,8870,18302,7523,6827,14350,6067,5947,12014,5492,5534,11026,4370,4914,9284,2961,4950,7911,996,2692,3688,55726,57402,113128
2020-12-21,5997,5544,11541,4446,4095,8541,8664,8219,16883,9567,9024,18591,7654,6930,14584,6158,6035,12193,5590,5641,11231,4422,4973,9395,2971,4982,7953,1001,2697,3698,56470,58140,114610
2020-12-22,6030,5593,11623,4506,4144,8650,8792,8334,17126,9706,9174,18880,7794,7053,14847,6258,6115,12373,5700,5744,11444,4486,5020,9506,2986,5009,7995,1005,2702,3707,57263,58888,116151
2020-12-23,6065,5628,11693,4563,4194,8757,8915,8440,17355,9877,9328,19205,7904,7173,15077,6357,6195,12552,5782,5834,11616,4535,5069,9604,3005,5038,8043,1007,2717,3724,58010,59616,117626
2020-12-24,6093,5653,11746,4593,4231,8824,8998,8513,17511,10004,9423,19427,7981,7240,15221,6413,6248,12661,5833,5890,11723,4567,5096,9663,3009,5054,8063,1009,2722,3731,58500,60070,118570
2020-12-25,6102,5667,11769,4601,4238,8839,9023,8530,17553,10030,9455,19485,8001,7250,15251,6430,6266,12696,5840,5906,11746,4580,5099,9679,3015,5066,8081,1012,2727,3739,58634,60204,118838
2020-12-26,6141,5696,11837,4663,4296,8959,9119,8630,17749,10203,9607,19810,8100,7369,15469,6525,6357,12882,5904,5979,11883,4613,5145,9758,3035,5100,8135,1013,2738,3751,59316,60917,120233
2020-12-27,6164,5720,11884,4718,4348,9066,9218,8721,17939,10358,9716,20074,8234,7486,15720,6620,6461,13081,5993,6066,12059,4652,5201,9853,3054,5131,8185,1017,2750,3767,60028,61600,121628
2020-12-28,6210,5755,11965,4795,4419,9214,9369,8862,18231,10602,9927,20529,8400,7642,16042,6754,6600,13354,6092,6178,12270,4701,5259,9960,3076,5171,8247,1021,2768,3789,61020,62581,123601
2020-12-29,6244,5792,12036,4866,4486,9352,9511,8997,18508,10782,10072,20854,8551,7763,16314,6862,6690,13552,6175,6284,12459,4756,5316,10072,3102,5211,8313,1028,2781,3809,61877,63392,125269
2020-12-30,6283,5821,12104,4943,4563,9506,9658,9106,18764,10987,10261,21248,8695,7900,16595,6964,6818,13782,6263,6379,12642,4815,5385,10200,3121,5245,8366,1032,2792,3824,62761,64270,127031
2020-12-31,6304,5844,12148,4993,4609,9602,9771,9184,18955,11105,10399,21504,8803,8011,16814,7027,6876,13903,6309,6433,12742,4838,5424,10262,3131,5271,8402,1032,2801,3833,63313,64852,128165
2021-01-01,6315,5852,12167,5002,4622,9624,9789,9208,18997,11130,10428,21558,8825,8026,16851,7043,6898,13941,6325,6448,12773,4848,5435,10283,3136,5288,8424,1033,2805,3838,63446,65010,128456
2021-01-02,6355,5879,12234,5043,4666,9709,9890,9312,19202,11277,10540,21817,8919,8120,17039,7119,7005,14124,6427,6524,12951,4887,5486,10373,3150,5323,8473,1036,2813,3849,64103,65668,129771
2021-01-03,6378,5906,12284,5125,4727,9852,10033,9444,19477,11460,10716,22176,9072,8277,17349,7244,7132,14376,6544,6637,13181,4945,5558,10503,3165,5351,8516,1039,2820,3859,65005,66568,131573
2021-01-04,6421,5943,12364,5196,4781,9977,10216,9603,19819,11659,10953,22612,9259,8430,17689,7367,7259,14626,6643,6757,13400,5017,5625,10642,3197,5395,8592,1043,2831,3874,66018,67577,133595
2021-01-05,6443,5978,12421,5265,4846,10111,10410,9786,20196,11870,11195,23065,9438,8603,18041,7493,7398,14891,6750,6905,13655,5091,5711,10802,3220,5444,8664,1046,2841,3887,67026,68707,135733
2021-01-06,6478,6004,12482,5355,4927,10282,10597,9942,20539,12111,11404,23515,9641,8763,18404,7646,7539,15185,6875,7034,13909,5167,5795,10962,3247,5495,8742,1050,2858,3908,68167,69761,137928
2021-01-07,6512,6039,12551,5412,4990,10402,10738,10083,20821,12310,11567,23877,9803,8899,18702,7746,7653,15399,6964,7134,14098,5217,5873,11090,3267,5525,8792,1052,2869,3921,69021,70632,139653
2021-01-08,6552,6072,12624,5483,5075,10558,10888,10209,21097,12484,11754,24238,9930,9048,18978,7843,7763,15606,7041,7229,14270,5261,5946,11207,3287,5555,8842,1060,2877,3937,69829,71528,141357
2021-01-09,6578,6094,12672,5536,5127,10663,10998,10333,21331,12660,11918,24578,10040,9183,19223,7939,7864,15803,7117,7328,14445,5303,6004,11307,3301,5586,8887,1060,2888,3948,70532,72325,142857
2021-01-10,6613,6130,12743,5600,5194,10794,11115,10447,21562,12812,12101,24913,10155,9310,19465,8020,7973,15993,7200,7393,14593,5343,6054,11397,3311,5612,8923,1062,2898,3960,71231,73112,144343
2021-01-11,6650,6161,12811,5671,5267,10938,11292,10625,21917,13029,12323,25352,10313,9468,19781,8135,8091,16226,7280,7520,14800,5396,6112,11508,3329,5643,8972,1064,2904,3968,72159,74114,146273
2021-01-12,6689,6183,12872,5742,5341,11083,11442,10789,22231,13195,12480,25675,10439,9604,20043,8233,8210,16443,7372,7605,14977,5440,6164,11604,3348,5664,9012,1067,2913,3980,72967,74953,147920
2021-01-13,6742,6227,12969,5825,5424,11249,11619,10949,22568,13380,12659,26039,10596,9728,20324,8346,8347,16693,7470,7713,15183,5491,6217,11708,3364,5705,9069,1071,2919,3990,73904,75888,149792
2021-01-14,6780,6261,13041,5904,5500,11404,11784,11127,22911,13580,12845,26425,10728,9883,20611,8455,8485,16940,7561,7814,15375,5538,6272,11810,3380,5739,9119,1075,2924,3999,74785,76850,151635
2021-01-15,6822,6299,13121,6045,5626,11671,11968,11308,23276,13840,13086,26926,10929,10080,21009,8634,8655,17289,7669,7933,15602,5595,6349,11944,3398,5777,9175,1078,2932,4010,75978,78045,154023
2021-01-16,6840,6319,13159,6179,5745,11924,12119,11464,23583,14063,13312,27375,11149,10283,21432,8795,8812,17607,7787,8074,15861,5670,6430,12100,3416,5810,9226,1080,2942,4022,77098,79191,156289
2021-01-17,6862,6332,13194,6305,5859,12164,12257,11638,23895,14242,13526,27768,11364,10495,21859,8942,8963,17905,7876,8178,16054,5720,6480,12200,3431,5838,9269,1082,2944,4026,78081,80253,158334
2021-01-18,6903,6370,13273,6457,6004,12461,12459,11832,24291,14493,13773,28266,11617,10726,22343,9148,9156,18304,8012,8342,16354,5799,6569,12368,3454,5876,9330,1085,2952,4037,79427,81600,161027
2021-01-19,6942,6404,13346,6604,6113,12717,12677,12016,24693,14721,14002,28723,11850,10948,22798,9322,9329,18651,8152,8497,16649,5869,6668,12537,3471,5914,9385,1092,2969,4061,80700,82860,163560
2021-01-20,6978,6439,13417,6756,6256,13012,12867,12200,25067,14922,14203,29125,12074,11151,23225,9518,9516,19034,8313,8663,16976,5958,6763,12721,3498,5951,9449,1098,2980,4078,81982,84122,166104
2021-01-21,7019,6481,13500,6858,6359,13217,13037,12352,25389,15099,14393,29492,12232,11328,23560,9647,9686,19333,8433,8771,17204,6014,6836,12850,3531,5981,9512,1105,2992,4097,82975,85179,168154
2021-01-22,7049,6517,13566,6980,6453,13433,13183,12503,25686,15251,14539,29790,12383,11492,23875,9771,9815,19586,8543,8883,17426,6076,6900,12976,3546,6022,9568,1108,2995,4103,83890,86119,170009
2021-01-23,7078,6541,13619,7073,6547,13620,13348,12654,26002,15399,14692,30091,12541,11629,24170,9884,9935,19819,8618,8971,17589,6116,6947,13063,3558,6045,9603,1111,3001,4112,84726,86962,171688
2021-01-24,7104,6567,13671,7180,6646,13826,13499,12805,26304,15566,14852,30418,12708,11777,24485,10013,10076,20089,8721,9070,17791,6159,6998,13157,3577,6075,9652,1112,3008,4120,85639,87874,173513
2021-01-25,7139,6608,13747,7330,6760,14090,13705,13004,26709,15766,15045,30811,12907,11979,24886,10173,10241,20414,8860,9207,18067,6219,7069,13288,3608,6123,9731,1117,3022,4139,86824,89058,175882
2021-01-26,7189,6637,13826,7479,6866,14345,13882,13172,27054,15946,15218,31164,13077,12141,25218,10315,10401,20716,8961,9341,18302,6280,7146,13426,3627,6171,9798,1122,3033,4155,87878,90126,178004
2021-01-27,7241,6681,13922,7606,6979,14585,14045,13351,27396,16128,15395,31523,13252,12315,25567,10445,10544,20989,9060,9452,18512,6332,7200,13532,3654,6206,9860,1124,3050,4174,88887,91173,180060
2021-01-28,7280,6713,13993,7706,7064,14770,14204,13491,27695,16303,15550,31853,13390,12437,25827,10550,10667,21217,9157,9552,18709,6381,7259,13640,3677,6246,9923,1130,3065,4195,89778,92044,181822
2021-01-29,7316,6753,14069,7844,7185,15029,14376,13649,28025,16517,15751,32268,13581,12629,26210,10709,10828,21537,9289,9714,19003,6442,7353,13795,3701,6292,9993,1133,3075,4208,90908,93229,184137
2021-01-30,7338,6770,14108,8019,7341,15360,14544,13818,28362,16727,15966,32693,13820,12888,26708,10902,11013,21915,9405,9884,19289,6509,7445,13954,3717,6328,10045,1137,3083,4220,92118,94536,186654
2021-01-31,7361,6787,14148,8259,7576,15835,14764,14000,28764,16985,16226,33211,14169,13226,27395,11181,11253,22434,9561,10038,19599,6571,7537,14108,3738,6364,10102,1140,3094,4234,93729,96101,189830
2021-02-01,7393,6819,14212,8471,7799,16270,14965,14192,29157,17212,16481,33693,14455,13513,27968,11462,11493,22955,9726,10251,19977,6631,7645,14276,3768,6401,10169,1143,3105,4248,95226,97699,192925
2021-02-02,7427,6849,14276,8632,7975,16607,15164,14349,29513,17431,16738,34169,14747,13813,28560,11706,11729,23435,9914,10445,20359,6730,7761,14491,3794,6441,10235,1149,3118,4267,96694,99218,195912
2021-02-03,7461,6882,14343,8795,8101,16896,15335,14543,29878,17642,16952,34594,14993,14041,29034,11895,11926,23821,10072,10614,20686,6822,7877,14699,3818,6491,10309,1152,3129,4281,97985,100556,198541
2021-02-04,7493,6916,14409,8896,8185,17081,15471,14708,30179,17816,17137,34953,15135,14229,29364,12028,12070,24098,10166,10743,20909,6874,7965,14839,3838,6528,10366,1154,3147,4301,98871,101628,200499
2021-02-05,7525,6948,14473,9013,8259,17272,15597,14849,30446,17981,17287,35268,15275,14355,29630,12143,12204,24347,10270,10872,21142,6927,8038,14965,3856,6568,10424,1155,3156,4311,99742,102536,202278
2021-02-06,7542,6967,14509,9127,8358,17485,15707,14973,30680,18112,17459,35571,15417,14514,29931,12268,12340,24608,10350,10981,21331,6966,8102,15068,3870,6594,10464,1157,3163,4320,100516,103451,203967
2021-02-07,7567,6999,14566,9238,8468,17706,15808,15090,30898,18251,17615,35866,15554,14658,30212,12392,12487,24879,10425,11064,21489,7009,8153,15162,3883,6617,10500,1163,3168,4331,101290,104319,205609
2021-02-08,7600,7031,14631,9376,8626,18002,15985,15271,31256,18451,17836,36287,15786,14910,30696,12543,12676,25219,10539,11203,21742,7069,8234,15303,3908,6666,10574,1167,3179,4346,102424,105632,208056
2021-02-09,7631,7054,14685,9512,8747,18259,16151,15423,31574,18670,18027,36697,15981,15102,31083,12708,12859,25567,10689,11350,22039,7139,8321,15460,3930,6715,10645,1172,3193,4365,103583,106791,210374
2021-02-10,7668,7079,14747,9615,8837,18452,16291,15569,31860,18830,18221,37051,16179,15276,31455,12821,13000,25821,10783,11451,22234,7203,8398,15601,3955,6749,10704,1172,3203,4375,104517,107783,212300
2021-02-11,7701,7108,14809,9701,8930,18631,16418,15710,32128,19011,18392,37403,16337,15437,31774,12942,13137,26079,10900,11554,22454,7255,8455,15710,3977,6789,10766,1177,3211,4388,105419,108723,214142
2021-02-12,7732,7131,14863,9796,9026,18822,16532,15832,32364,19182,18563,37745,16492,15623,32115,13052,13259,26311,11000,11675,22675,7311,8529,15840,3997,6826,10823,1179,3220,4399,106273,109684,215957
2021-02-13,7752,7142,14894,9918,9143,19061,16672,15947,32619,19367,18735,38102,16709,15825,32534,13172,13409,26581,11097,11787,22884,7349,8591,15940,4014,6857,10871,1181,3230,4411,107231,110666,217897
2021-02-14,7769,7156,14925,10027,9264,19291,16776,16079,32855,19563,18925,38488,16911,16035,32946,13309,13557,26866,11210,11892,23102,7399,8677,16076,4029,6876,10905,1183,3242,4425,108176,111703,219879
2021-02-15,7786,7176,14962,10175,9424,19599,16925,16208,33133,19787,19147,38934,17192,16295,33487,13504,13747,27251,11320,12031,23351,7455,8764,16219,4042,6915,10957,1185,3255,4440,109371,112962,222333
2021-02-16,7810,7196,15006,10349,9561,19910,17093,16376,33469,20033,19403,39436,17441,16560,34001,13688,13902,27590,11423,12130,23553,7507,8834,16341,4055,6945,11000,1192,3263,4455,110591,114170,224761
2021-02-17,7834,7234,15068,10467,9665,20132,17310,16581,33891,20261,19613,39874,17628,16768,34396,13845,14074,27919,11575,12288,23863,7568,8925,16493,4073,6987,11060,1198,3274,4472,111759,115409,227168
2021-02-18,7857,7261,15118,10553,9780,20333,17497,16758,34255,20476,19841,40317,17814,16950,34764,14000,14215,28215,11692,12430,24122,7626,9014,16640,4098,7027,11125,1201,3277,4478,112814,116553,229367
2021-02-19,7892,7290,15182,10652,9873,20525,17674,16913,34587,20659,20050,40709,18007,17131,35138,14149,14377,28526,11813,12570,24383,7692,9109,16801,4112,7067,11179,1204,3285,4489,113854,117665,231519
2021-02-20,7921,7308,15229,10737,9966,20703,17821,17069,34890,20849,20241,41090,18177,17309,35486,14270,14532,28802,11898,12708,24606,7737,9174,16911,4131,7101,11232,1208,3288,4496,114749,118696,233445
2021-02-21,7953,7328,15281,10827,10047,20874,17938,17209,35147,21021,20418,41439,18344,17480,35824,14370,14660,29030,11998,12837,24835,7780,9229,17009,4148,7130,11278,1212,3294,4506,115591,119632,235223
2021-02-22,7989,7380,15369,10920,10159,21079,18098,17375,35473,21198,20623,41821,18516,17660,36176,14518,14807,29325,12104,12983,25087,7838,9306,17144,4187,7166,11353,1215,3300,4515,116583,120759,237342
2021-02-23,8037,7415,15452,11009,10237,21246,18237,17507,35744,21374,20809,42183,18669,17806,36475,14662,14948,29610,12212,13121,25333,7904,9393,17297,4213,7204,11417,1221,3316,4537,117538,121756,239294
2021-02-24,8074,7468,15542,11103,10323,21426,18346,17642,35988,21517,20965,42482,18784,17931,36715,14775,15059,29834,12332,13237,25569,7960,9472,17432,4232,7243,11475,1224,3325,4549,118347,122665,241012
2021-02-25,8131,7515,15646,11174,10393,21567,18477,17759,36236,21649,21107,42756,18926,18039,36965,14879,15178,30057,12412,13358,25770,8009,9543,17552,4249,7280,11529,1228,3341,4569,119134,123513,242647
2021-02-26,8178,7556,15734,11246,10469,21715,18618,17914,36532,21819,21258,43077,19066,18180,37246,14980,15300,30280,12496,13494,25990,8059,9617,17676,4264,7317,11581,1230,3358,4588,119956,124463,244419
2021-02-27,8202,7577,15779,11306,10554,21860,18728,18054,36782,21990,21430,43420,19200,18301,37501,15101,15440,30541,12605,13616,26221,8113,9682,17795,4284,7355,11639,1231,3367,4598,120760,125376,246136
2021-02-28,8220,7598,15818,11400,10646,22046,18859,18220,37079,22192,21640,43832,19364,18469,37833,15256,15636,30892,12756,13770,26526,8191,9771,17962,4303,7392,11695,1234,3377,4611,121775,126519,248294
2021-03-01,8284,7650,15934,11469,10724,22193,18996,18358,37354,22367,21787,44154,19515,18598,38113,15343,15747,31090,12850,13880,26730,8238,9854,18092,4327,7423,11750,1238,3391,4629,122627,127412,250039
2021-03-02,8347,7704,16051,11564,10794,22358,19111,18500,37611,22511,21941,44452,19638,18714,38352,15453,15874,31327,12921,13975,26896,8298,9901,18199,4354,7451,11805,1241,3400,4641,123438,128254,251692
2021-03-03,8409,7747,16156,11637,10845,22482,19214,18617,37831,22660,22066,44726,19739,18808,38547,15567,15980,31547,13020,14095,27115,8350,9976,18326,4364,7475,11839,1241,3413,4654,124201,129022,253223
2021-03-04,8460,7794,16254,11691,10917,22608,19314,18726,38040,22785,22164,44949,19840,18904,38744,15648,16084,31732,13102,14216,27318,8402,10054,18456,4381,7509,11890,1247,3424,4671,124870,129792,254662
2021-03-05,8495,7837,16332,11755,10983,22738,19419,18866,38285,22920,22302,45222,19944,18992,38936,15739,16184,31923,13181,14315,27496,8450,10128,18578,4398,7539,11937,1247,3428,4675,125548,130574,256122
2021-03-06,8518,7867,16385,11799,11026,22825,19518,18948,38466,23033,22408,45441,20039,19083,39122,15800,16265,32065,13239,14380,27619,8480,10180,18660,4417,7564,11981,1249,3435,4684,126092,131156,257248
2021-03-07,8550,7892,16442,11847,11067,22914,19597,19042,38639,23130,22515,45645,20101,19178,39279,15877,16359,32236,13316,14481,27797,8510,10231,18741,4435,7593,12028,1252,3438,4690,126615,131796,258411
2021-03-08,8604,7953,16557,11912,11134,23046,19710,19178,38888,23272,22643,45915,20206,19288,39494,15999,16480,32479,13420,14608,28028,8576,10304,18880,4451,7627,12078,1254,3448,4702,127404,132663,260067
2021-03-09,8670,8018,16688,11980,11193,23173,19811,19265,39076,23403,22778,46181,20342,19399,39741,16107,16591,32698,13511,14751,28262,8635,10393,19028,4475,7662,12137,1258,3455,4713,128192,133505,261697
2021-03-10,8749,8090,16839,12051,11251,23302,19909,19381,39290,23544,22911,46455,20431,19498,39929,16203,16704,32907,13595,14853,28448,8694,10472,19166,4494,7700,12194,1262,3464,4726,128932,134324,263256
2021-03-11,8810,8161,16971,12101,11318,23419,19988,19490,39478,23654,23020,46674,20510,19580,40090,16274,16788,33062,13666,14948,28614,8735,10522,19257,4510,7727,12237,1264,3479,4743,129512,135033,264545
2021-03-12,8881,8227,17108,12175,11385,23560,20087,19600,39687,23789,23146,46935,20611,19690,40301,16357,16907,33264,13742,15053,28795,8790,10590,19380,4529,7753,12282,1268,3488,4756,130229,135839,266068
2021-03-13,8927,8263,17190,12220,11433,23653,20199,19693,39892,23913,23255,47168,20715,19771,40486,16432,17006,33438,13846,15156,29002,8828,10651,19479,4538,7788,12326,1271,3492,4763,130889,136508,267397
2021-03-14,8968,8313,17281,12259,11483,23742,20280,19792,40072,24037,23380,47417,20802,19855,40657,16523,17117,33640,13950,15272,29222,8866,10726,19592,4554,7814,12368,1275,3501,4776,131514,137253,268767
2021-03-15,9067,8397,17464,12340,11563,23903,20385,19924,40309,24161,23525,47686,20936,19992,40928,16642,17242,33884,14066,15405,29471,8928,10825,19753,4572,7857,12429,1280,3515,4795,132377,138245,270622
2021-03-16,9140,8481,17621,12413,11642,24055,20477,20027,40504,24305,23655,47960,21045,20084,41129,16735,17354,34089,14155,15518,29673,8981,10904,19885,4583,7892,12475,1282,3532,4814,133116,139089,272205
2021-03-17,9202,8550,17752,12483,11704,24187,20572,20147,40719,24410,23756,48166,21137,20176,41313,16824,17450,34274,14244,15618,29862,9028,10971,19999,4596,7925,12521,1284,3547,4831,133780,139844,273624
2021-03-18,9271,8598,17869,12535,11755,24290,20664,20239,40903,24524,23857,48381,21211,20255,41466,16889,17522,34411,14307,15705,30012,9074,11023,20097,4610,7953,12563,1285,3557,4842,134370,140464,274834
2021-03-19,9341,8662,18003,12611,11823,24434,20761,20353,41114,24651,23971,48622,21286,20334,41620,16964,17625,34589,14377,15800,30177,9117,11066,20183,4620,7979,12599,1290,3564,4854,135018,141177,276195
2021-03-20,9365,8692,18057,12654,11875,24529,20850,20439,41289,24745,24073,48818,21355,20422,41777,17037,17704,34741,14448,15872,30320,9160,11113,20273,4630,8002,12632,1292,3571,4863,135536,141763,277299
2021-03-21,9419,8742,18161,12703,11931,24634,20940,20523,41463,24869,24177,49046,21427,20494,41921,17123,17798,34921,14516,15966,30482,9185,11162,20347,4645,8027,12672,1295,3582,4877,136122,142402,278524
2021-03-22,9468,8815,18283,12782,11993,24775,21038,20644,41682,24996,24297,49293,21536,20582,42118,17237,17904,35141,14599,16069,30668,9230,11222,20452,4665,8060,12725,1299,3603,4902,136850,143189,280039
2021-03-23,9532,8884,18416,12860,12068,24928,21143,20758,41901,25120,24411,49531,21638,20666,42304,17330,17992,35322,14689,16174,30863,9284,11297,20581,4686,8085,12771,1299,3613,4912,137581,143948,281529
2021-03-24,9571,8926,18497,12915,12111,25026,21222,20827,42049,25206,24505,49711,21702,20742,42444,17396,18066,35462,14739,16252,30991,9317,11356,20673,4698,8112,12810,1299,3618,4917,138065,144515,282580
2021-03-25,9625,8974,18599,12977,12183,25160,21310,20926,42236,25312,24619,49931,21802,20847,42649,17467,18160,35627,14817,16345,31162,9361,11411,20772,4718,8133,12851,1301,3626,4927,138690,145224,283914
2021-03-26,9699,9040,18739,13055,12264,25319,21426,21019,42445,25451,24735,50186,21898,20953,42851,17539,18264,35803,14890,16449,31339,9413,11468,20881,4737,8162,12899,1302,3635,4937,139410,145989,285399
2021-03-27,9751,9088,18839,13086,12301,25387,21503,21092,42595,25568,24844,50412,21992,21041,43033,17620,18357,35977,14964,16538,31502,9447,11514,20961,4746,8189,12935,1306,3639,4945,139983,146603,286586
2021-03-28,9791,9114,18905,13113,12343,25456,21562,21159,42721,25646,24941,50587,22082,21118,43200,17689,18436,36125,15041,16635,31676,9480,11548,21028,4760,8209,12969,1308,3644,4952,140472,147147,287619
2021-03-29,9856,9166,19022,13206,12404,25610,21645,21255,42900,25755,25056,50811,22187,21227,43414,17784,18525,36309,15111,16739,31850,9515,11590,21105,4773,8233,13006,1309,3654,4963,141141,147849,288990
2021-03-30,9908,9225,19133,13267,12477,25744,21715,21333,43048,25848,25152,51000,22284,21326,43610,17865,18601,36466,15186,16838,32024,9544,11629,21173,4789,8254,13043,1315,3661,4976,141721,148496,290217
2021-03-31,9961,9270,19231,13308,12516,25824,21787,21410,43197,25945,25254,51199,22349,21406,43755,17912,18667,36579,15230,16895,32125,9567,11661,21228,4801,8275,13076,1318,3671,4989,142178,149025,291203
2021-04-01,10005,9310,19315,13364,12569,25933,21868,21509,43377,26056,25335,51391,22427,21493,43920,17972,18748,36720,15293,16970,32263,9600,11691,21291,4812,8293,13105,1320,3680,5000,142717,149598,292315
2021-04-02,10058,9344,19402,13412,12631,26043,21932,21589,43521,26163,25417,51580,22502,21560,44062,18035,18817,36852,15350,17030,32380,9631,11721,21352,4821,8306,13127,1322,3684,5006,143226,150099,293325
2021-04-03,10094,9382,19476,13460,12684,26144,21998,21659,43657,26256,25518,51774,22587,21626,44213,18101,18901,37002,15412,17099,32511,9658,11765,21423,4834,8336,13170,1327,3687,5014,143727,150657,294384
2021-04-04,10135,9414,19549,13548,12760,26308,22096,21765,43861,26381,25642,52023,22688,21751,44439,18172,19006,37178,15468,17169,32637,9685,11806,21491,4850,8355,13205,1328,3694,5022,144351,151362,295713
2021-04-05,10193,9476,19669,13653,12876,26529,22217,21908,44125,26543,25802,52345,22846,21900,44746,18284,19130,37414,15553,17282,32835,9725,11860,21585,4862,8388,13250,1333,3700,5033,145209,152322,297531
2021-04-06,10252,9561,19813,13745,12967,26712,22407,22036,44443,26713,25979,52692,22991,22045,45036,18382,19232,37614,15636,17406,33042,9774,11937,21711,4881,8417,13298,1335,3712,5047,146116,153292,299408
2021-04-07,10328,9626,19954,13852,13063,26915,22555,22173,44728,26862,26152,53014,23138,22178,45316,18487,19362,37849,15714,17516,33230,9821,12004,21825,4892,8455,13347,1335,3719,5054,146984,154248,301232
2021-04-08,10391,9687,20078,13934,13146,27080,22673,22314,44987,27016,26319,53335,23252,22301,45553,18571,19464,38035,15785,17616,33401,9858,12055,21913,4905,8485,13390,1336,3729,5065,147721,155116,302837
2021-04-09,10449,9742,20191,14002,13208,27210,22748,22407,45155,27111,26418,53529,23356,22381,45737,18635,19542,38177,15846,17682,33528,9886,12096,21982,4913,8506,13419,1339,3736,5075,148285,155718,304003
2021-04-10,10488,9781,20269,14070,13273,27343,22847,22497,45344,27225,26522,53747,23446,22466,45912,18713,19615,38328,15903,17746,33649,9899,12124,22023,4918,8519,13437,1340,3739,5079,148849,156282,305131
2021-04-11,10526,9820,20346,14121,13332,27453,22922,22554,45476,27310,26612,53922,23528,22542,46070,18777,19685,38462,15956,17801,33757,9917,12153,22070,4929,8538,13467,1341,3744,5085,149327,156781,306108
2021-04-12,10585,9872,20457,14210,13411,27621,23016,22660,45676,27434,26737,54171,23630,22656,46286,18865,19799,38664,16033,17885,33918,9941,12200,22141,4940,8564,13504,1343,3756,5099,149997,157540,307537
2021-04-13,10648,9925,20573,14271,13469,27740,23107,22745,45852,27566,26849,54415,23730,22754,46484,18939,19879,38818,16083,17952,34035,9977,12223,22200,4947,8579,13526,1347,3764,5111,150615,158139,308754
2021-04-14,10711,9976,20687,14333,13513,27846,23164,22811,45975,27643,26917,54560,23793,22827,46620,18991,19937,38928,16150,18028,34178,10011,12270,22281,4957,8596,13553,1352,3770,5122,151105,158645,309750
2021-04-15,10782,10037,20819,14410,13594,28004,23264,22916,46180,27772,27020,54792,23920,22950,46870,19077,20058,39135,16208,18091,34299,10036,12300,22336,4974,8620,13594,1354,3779,5133,151797,159365,311162
2021-04-16,10852,10102,20954,14472,13662,28134,23383,23024,46407,27905,27155,55060,24022,23064,47086,19186,20190,39376,16293,18183,34476,10062,12342,22404,4980,8643,13623,1355,3789,5144,152510,160154,312664
2021-04-17,10912,10153,21065,14532,13719,28251,23472,23096,46568,28041,27258,55299,24123,23158,47281,19270,20274,39544,16366,18246,34612,10086,12391,22477,4988,8664,13652,1357,3793,5150,153147,160752,313899
2021-04-18,10945,10190,21135,14578,13747,28325,23544,23173,46717,28134,27356,55490,24224,23244,47468,19347,20349,39696,16432,18315,34747,10108,12418,22526,5005,8682,13687,1358,3798,5156,153675,161272,314947
2021-04-19,11011,10242,21253,14650,13810,28460,23672,23282,46954,28286,27488,55774,24359,23348,47707,19450,20457,39907,16524,18405,34929,10141,12468,22609,5011,8717,13728,1362,3810,5172,154466,162027,316493
2021-04-20,11081,10321,21402,14715,13872,28587,23763,23373,47136,28392,27591,55983,24472,23459,47931,19545,20535,40080,16602,18509,35111,10174,12509,22683,5032,8742,13774,1367,3820,5187,155143,162731,317874
2021-04-21,11152,10375,21527,14776,13914,28690,23846,23448,47294,28494,27685,56179,24553,23558,48111,19613,20609,40222,16664,18584,35248,10203,12539,22742,5040,8771,13811,1370,3826,5196,155711,163309,319020
2021-04-22,11226,10433,21659,14860,13979,28839,23950,23543,47493,28620,27818,56438,24672,23696,48368,19707,20713,40420,16737,18673,35410,10236,12588,22824,5054,8804,13858,1371,3837,5208,156433,164084,320517
2021-04-23,11287,10488,21775,14923,14043,28966,24048,23630,47678,28766,27930,56696,24786,23812,48598,19799,20815,40614,16804,18759,35563,10272,12639,22911,5069,8822,13891,1377,3843,5220,157131,164781,321912
2021-04-24,11321,10518,21839,14954,14062,29016,24075,23672,47747,28815,27976,56791,24828,23858,48686,19828,20852,40680,16823,18784,35607,10288,12668,22956,5076,8841,13917,1379,3855,5234,157387,165086,322473
2021-04-25,11366,10561,21927,14996,14104,29100,24127,23730,47857,28904,28047,56951,24909,23933,48842,19912,20933,40845,16875,18831,35706,10312,12692,23004,5083,8864,13947,1380,3858,5238,157864,165553,323417
2021-04-26,11430,10633,22063,15058,14173,29231,24243,23819,48062,29039,28168,57207,25025,24037,49062,20022,21038,41060,16939,18904,35843,10360,12746,23106,5095,8885,13980,1385,3863,5248,158596,166266,324862
2021-04-27,11490,10687,22177,15125,14232,29357,24349,23951,48300,29155,28277,57432,25124,24136,49260,20108,21136,41244,17016,18978,35994,10392,12802,23194,5112,8907,14019,1389,3874,5263,159260,166980,326240
2021-04-28,11553,10748,22301,15199,14301,29500,24457,24044,48501,29275,28384,57659,25237,24231,49468,20177,21212,41389,17077,19043,36120,10423,12840,23263,5118,8924,14042,1393,3879,5272,159909,167606,327515
2021-04-29,11619,10807,22426,15285,14388,29673,24569,24163,48732,29438,28534,57972,25380,24340,49720,20286,21325,41611,17144,19134,36278,10470,12907,23377,5144,8954,14098,1394,3888,5282,160729,168440,329169
2021-04-30,11687,10861,22548,15348,14441,29789,24624,24249,48873,29509,28631,58140,25447,24419,49866,20358,21390,41748,17194,19214,36408,10507,12950,23457,5165,8978,14143,1397,3897,5294,161236,169030,330266
2021-05-01,11732,10901,22633,15406,14479,29885,24689,24307,48996,29596,28711,58307,25542,24506,50048,20417,21475,41892,17247,19261,36508,10539,12986,23525,5181,9005,14186,1397,3901,5298,161746,169532,331278
2021-05-02,11782,10942,22724,15457,14529,29986,24765,24394,49159,29714,28825,58539,25629,24625,50254,20504,21563,42067,17306,19342,36648,10573,13031,23604,5195,9031,14226,1398,3917,5315,162323,170199,332522
2021-05-03,11880,11026,22906,15542,14610,30152,24931,24557,49488,29921,29037,58958,25798,24801,50599,20641,21738,42379,17432,19504,36936,10626,13119,23745,5214,9073,14287,1401,3933,5334,163386,171398,334784
2021-05-04,11956,11098,23054,15633,14698,30331,25092,24685,49777,30092,29199,59291,25953,24941,50894,20769,21895,42664,17522,19640,37162,10683,13209,23892,5241,9103,14344,1402,3948,5350,164343,172416,336759
2021-05-05,12040,11171,23211,15717,14768,30485,25223,24830,50053,30254,29357,59611,26113,25081,51194,20883,22028,42911,17607,19731,37338,10736,13268,24004,5269,9133,14402,1409,3960,5369,165251,173327,338578
2021-05-06,12113,11246,23359,15813,14855,30668,25355,24958,50313,30429,29521,59950,26289,25228,51517,21017,22175,43192,17706,19826,37532,10785,13325,24110,5295,9167,14462,1413,3982,5395,166215,174283,340498
2021-05-07,12184,11324,23508,15908,14948,30856,25501,25109,50610,30594,29698,60292,26439,25390,51829,21117,22327,43444,17807,19936,37743,10831,13401,24232,5310,9195,14505,1415,3988,5403,167106,175316,342422
2021-05-08,12223,11370,23593,15952,14981,30933,25573,25188,50761,30707,29793,60500,26515,25472,51987,21178,22394,43572,17860,19980,37840,10863,13431,24294,5328,9217,14545,1415,3998,5413,167614,175824,343438
2021-05-09,12279,11413,23692,15999,15019,31018,25634,25267,50901,30790,29901,60691,26611,25564,52175,21234,22464,43698,17910,20033,37943,10899,13482,24381,5342,9232,14574,1424,4001,5425,168122,176376,344498
2021-05-10,12363,11492,23855,16083,15104,31187,25788,25413,51201,30961,30067,61028,26763,25740,52503,21366,22606,43972,18028,20148,38176,10959,13574,24533,5364,9271,14635,1424,4010,5434,169099,177425,346524
2021-05-11,12445,11560,24005,16159,15171,31330,25907,25512,51419,31103,30192,61295,26883,25840,52723,21463,22707,44170,18124,20249,38373,11005,13642,24647,5384,9297,14681,1430,4018,5448,169903,178188,348091
2021-05-12,12516,11624,24140,16229,15235,31464,26002,25623,51625,31252,30304,61556,27029,25963,52992,21567,22808,44375,18196,20341,38537,11044,13691,24735,5398,9328,14726,1434,4028,5462,170667,178945,349612
2021-05-13,12616,11688,24304,16284,15289,31573,26125,25752,51877,31375,30450,61825,27167,26075,53242,21650,22909,44559,18261,20417,38678,11079,13739,24818,5413,9362,14775,1435,4034,5469,171405,179715,351120
2021-05-14,12691,11764,24455,16359,15378,31737,26271,25905,52176,31547,30604,62151,27315,26239,53554,21780,23046,44826,18346,20527,38873,11129,13803,24932,5442,9395,14837,1440,4040,5480,172320,180701,353021
2021-05-15,12749,11830,24579,16419,15431,31850,26356,26010,52366,31656,30726,62382,27419,26365,53784,21858,23139,44997,18418,20615,39033,11154,13839,24993,5462,9421,14883,1441,4054,5495,172932,181430,354362
2021-05-16,12791,11881,24672,16469,15481,31950,26426,26064,52490,31753,30840,62593,27510,26445,53955,21937,23226,45163,18475,20673,39148,11186,13875,25061,5474,9443,14917,1442,4063,5505,173463,181991,355454
2021-05-17,12916,11988,24904,16573,15580,32153,26587,26230,52817,31954,31052,63006,27701,26644,54345,22107,23402,45509,18595,20807,39402,11265,13976,25241,5508,9501,15009,1444,4082,5526,174650,183262,357912
2021-05-18,13013,12096,25109,16688,15677,32365,26775,26373,53148,32154,31250,63404,27926,26838,54764,22270,23560,45830,18704,20924,39628,11318,14048,25366,5532,9545,15077,1448,4091,5539,175828,184402,360230
2021-05-19,13123,12190,25313,16803,15779,32582,26947,26550,53497,32384,31476,63860,28150,27016,55166,22423,23730,46153,18824,21057,39881,11379,14125,25504,5554,9574,15128,1453,4108,5561,177040,185605,362645
2021-05-20,13236,12300,25536,16912,15903,32815,27175,26753,53928,32631,31687,64318,28361,27205,55566,22579,23893,46472,18951,21193,40144,11434,14203,25637,5580,9616,15196,1457,4120,5577,178316,186873,365189
2021-05-21,13319,12369,25688,16996,15986,32982,27337,26920,54257,32827,31892,64719,28531,27379,55910,22718,24040,46758,19053,21320,40373,11485,14263,25748,5599,9663,15262,1459,4129,5588,179324,187961,367285
2021-05-22,13365,12402,25767,17047,16039,33086,27416,27001,54417,32952,32004,64956,28616,27471,56087,22795,24122,46917,19107,21369,40476,11509,14294,25803,5613,9691,15304,1460,4140,5600,179880,188533,368413
2021-05-23,13412,12442,25854,17087,16089,33176,27485,27074,54559,33047,32096,65143,28695,27531,56226,22865,24202,47067,19153,21428,40581,11541,14324,25865,5621,9727,15348,1468,4152,5620,180374,189065,369439
2021-05-24,13480,12485,25965,17155,16170,33325,27602,27184,54786,33198,32263,65461,28829,27691,56520,22981,24350,47331,19233,21539,40772,11603,14385,25988,5645,9762,15407,1470,4162,5632,181196,189991,371187
2021-05-25,13537,12529,26066,17206,16234,33440,27728,27292,55020,33325,32391,65716,28967,27810,56777,23109,24462,47571,19311,21628,40939,11648,14431,26079,5658,9797,15455,1475,4170,5645,181964,190744,372708
2021-05-26,13618,12594,26212,17309,16340,33649,27898,27441,55339,33515,32564,66079,29157,27983,57140,23292,24640,47932,19416,21765,41181,11701,14503,26204,5682,9844,15526,1482,4177,5659,183070,191851,374921
2021-05-27,13685,12652,26337,17366,16418,33784,28039,27581,55620,33681,32703,66384,29306,28107,57413,23431,24780,48211,19495,21865,41360,11768,14569,26337,5697,9881,15578,1484,4191,5675,183952,192747,376699
2021-05-28,13757,12718,26475,17466,16520,33986,28199,27745,55944,33886,32869,66755,29483,28280,57763,23611,24968,48579,19607,22023,41630,11824,14636,26460,5716,9924,15640,1490,4201,5691,185039,193884,378923
2021-05-29,13807,12769,26576,17516,16576,34092,28298,27861,56159,34029,32989,67018,29623,28389,58012,23707,25070,48777,19669,22101,41770,11859,14679,26538,5733,9960,15693,1494,4213,5707,185735,194607,380342
2021-05-30,13838,12807,26645,17551,16613,34164,28386,27944,56330,34149,33098,67247,29736,28469,58205,23768,25140,48908,19718,22148,41866,11877,14717,26594,5748,9986,15734,1497,4222,5719,186268,195144,381412
2021-05-31,13906,12866,26772,17642,16693,34335,28555,28113,56668,34364,33286,67650,29916,28642,58558,23886,25269,49155,19806,22260,42066,11930,14803,26733,5772,10031,15803,1499,4234,5733,187276,196197,383473
2021-06-01,13984,12931,26915,17722,16769,34491,28706,28247,56953,34539,33439,67978,30042,28792,58834,24018,25405,49423,19914,22360,42274,11993,14865,26858,5804,10072,15876,1503,4246,5749,188225,197126,385351
2021-06-02,14076,12994,27070,17810,16864,34674,28853,28409,57262,34711,33628,68339,30194,28950,59144,24131,25529,49660,20005,22481,42486,12054,14944,26998,5830,10114,15944,1509,4257,5766,189173,198170,387343
2021-06-03,14155,13074,27229,17920,16938,34858,29010,28552,57562,34909,33806,68715,30365,29103,59468,24244,25659,49903,20102,22593,42695,12116,15013,27129,5847,10138,15985,1514,4271,5785,190182,199147,389329
2021-06-04,14264,13170,27434,18021,17026,35047,29186,28725,57911,35103,33988,69091,30545,29272,59817,24395,25849,50244,20204,22707,42911,12186,15099,27285,5869,10184,16053,1515,4280,5795,191288,200300,391588
2021-06-05,14321,13223,27544,18060,17067,35127,29277,28844,58121,35231,34109,69340,30661,29363,60024,24479,25934,50413,20253,22764,43017,12224,15156,27380,5884,10205,16089,1519,4294,5813,191909,200959,392868
2021-06-06,14378,13288,27666,18112,17125,35237,29366,28935,58301,35354,34213,69567,30766,29447,60213,24570,26019,50589,20308,22833,43141,12259,15201,27460,5896,10227,16123,1519,4308,5827,192528,201596,394124
2021-06-07,14451,13391,27842,18211,17227,35438,29531,29076,58607,35550,34397,69947,30927,29613,60540,24722,26168,50890,20425,22955,43380,12337,15309,27646,5927,10285,16212,1526,4341,5867,193607,202762,396369
2021-06-08,14550,13480,28030,18298,17319,35617,29677,29242,58919,35741,34571,70312,31078,29741,60819,24864,26331,51195,20504,23051,43555,12389,15406,27795,5948,10324,16272,1529,4353,5882,194578,203818,398396
2021-06-09,14644,13569,28213,18398,17397,35795,29863,29388,59251,35928,34775,70703,31245,29905,61150,25006,26499,51505,20603,23169,43772,12453,15471,27924,5973,10377,16350,1532,4365,5897,195645,204915,400560
2021-06-10,14744,13667,28411,18482,17480,35962,30021,29557,59578,36122,34977,71099,31396,30059,61455,25124,26647,51771,20674,23293,43967,12523,15556,28079,5996,10412,16408,1537,4385,5922,196619,206033,402652
2021-06-11,14819,13746,28565,18556,17566,36122,30167,29713,59880,36310,35168,71478,31562,30242,61804,25258,26783,52041,20768,23407,44175,12584,15647,28231,6024,10464,16488,1544,4395,5939,197592,207131,404723
2021-06-12,14887,13804,28691,18609,17611,36220,30284,29818,60102,36443,35289,71732,31670,30368,62038,25342,26886,52228,20835,23491,44326,12620,15705,28325,6044,10491,16535,1548,4405,5953,198282,207868,406150
2021-06-13,14954,13879,28833,18664,17672,36336,30375,29887,60262,36538,35386,71924,31787,30476,62263,25421,26980,52401,20889,23558,44447,12651,15745,28396,6062,10517,16579,1552,4415,5967,198893,208515,407408
2021-06-14,15072,13968,29040,18751,17764,36515,30521,30038,60559,36732,35583,72315,31959,30647,62606,25563,27140,52703,20977,23693,44670,12718,15828,28546,6088,10553,16641,1563,4429,5992,199944,209643,409587
2021-06-15,15177,14078,29255,18854,17848,36702,30682,30198,60880,36905,35765,72670,32123,30808,62931,25704,27287,52991,21083,23809,44892,12780,15901,28681,6115,10583,16698,1566,4441,6007,200989,210718,411707
2021-06-16,15279,14180,29459,18951,17924,36875,30840,30359,61199,37087,35956,73043,32296,30978,63274,25813,27418,53231,21177,23918,45095,12829,15964,28793,6143,10621,16764,1567,4452,6019,201982,211770,413752
2021-06-17,15379,14277,29656,19051,18038,37089,30999,30511,61510,37267,36153,73420,32463,31146,63609,25922,27546,53468,21278,24039,45317,12905,16045,28950,6163,10662,16825,1570,4461,6031,202997,212878,415875
2021-06-18,15464,14349,29813,19140,18131,37271,31158,30640,61798,37444,36340,73784,32615,31338,63953,26010,27679,53689,21350,24145,45495,12953,16122,29075,6187,10683,16870,1575,4475,6050,203896,213902,417798
2021-06-19,15528,14426,29954,19200,18180,37380,31246,30733,61979,37552,36461,74013,32724,31448,64172,26071,27757,53828,21412,24209,45621,12994,16173,29167,6205,10716,16921,1577,4483,6060,204509,214586,419095
2021-06-20,15589,14473,30062,19240,18213,37453,31300,30788,62088,37627,36558,74185,32805,31526,64331,26130,27822,53952,21466,24272,45738,13034,16212,29246,6215,10741,16956,1579,4490,6069,204985,215095,420080
2021-06-21,15666,14548,30214,19305,18257,37562,31382,30892,62274,37762,36677,74439,32922,31632,64554,26231,27923,54154,21525,24335,45860,13074,16270,29344,6242,10764,17006,1584,4495,6079,205693,215793,421486
2021-06-22,15797,14653,30450,19403,18348,37751,31528,31047,62575,37939,36850,74789,33107,31809,64916,26352,28049,54401,21640,24467,46107,13126,16355,29481,6264,10808,17072,1595,4507,6102,206751,216893,423644
2021-06-23,15930,14764,30694,19520,18440,37960,31656,31209,62865,38146,37035,75181,33274,32009,65283,26466,28178,54644,21747,24575,46322,13177,16436,29613,6291,10848,17139,1600,4521,6121,207807,218015,425822
2021-06-24,16067,14866,30933,19619,18541,38160,31795,31375,63170,38326,37253,75579,33467,32171,65638,26567,28330,54897,21835,24700,46535,13236,16509,29745,6309,10885,17194,1602,4530,6132,208823,219160,427983
2021-06-25,16205,14979,31184,19726,18649,38375,31941,31555,63496,38521,37508,76029,33642,32355,65997,26720,28509,55229,21945,24837,46782,13289,16604,29893,6335,10930,17265,1611,4549,6160,209935,220475,430410
2021-06-26,16273,15043,31316,19779,18704,38483,32018,31630,63648,38631,37615,76246,33732,32470,66202,26799,28574,55373,22013,24932,46945,13335,16686,30021,6355,10959,17314,1615,4560,6175,210550,221173,431723
2021-06-27,16352,15108,31460,19822,18757,38579,32097,31718,63815,38719,37708,76427,33813,32569,66382,26854,28634,55488,22068,24995,47063,13372,16728,30100,6365,10982,17347,1617,4566,6183,211079,221765,432844
2021-06-28,16443,15181,31624,19883,18813,38696,32168,31819,63987,38847,37832,76679,33913,32699,66612,26935,28714,55649,22136,25058,47194,13419,16789,30208,6390,11009,17399,1619,4580,6199,211753,222494,434247
2021-06-29,16533,15293,31826,19978,18901,38879,32317,31981,64298,38996,37983,76979,34046,32837,66883,27045,28821,55866,22227,25132,47359,13484,16859,30343,6408,11051,17459,1621,4602,6223,212655,223460,436115
2021-06-30,16668,15410,32078,20088,19000,39088,32455,32135,64590,39191,38149,77340,34214,33000,67214,27146,28971,56117,22305,25238,47543,13540,16923,30463,6434,11091,17525,1627,4612,6239,213668,224529,438197
2021-07-01,16764,15503,32267,20166,19078,39244,32579,32278,64857,39329,38328,77657,34336,33142,67478,27243,29095,56338,22384,25345,47729,13592,16990,30582,6461,11135,17596,1630,4627,6257,214484,225521,440005
2021-07-02,16891,15611,32502,20286,19180,39466,32735,32427,65162,39509,38541,78050,34457,33330,67787,27347,29242,56589,22466,25462,47928,13647,17062,30709,6482,11171,17653,1635,4637,6272,215455,226663,442118
2021-07-03,16961,15686,32647,20360,19238,39598,32831,32533,65364,39622,38666,78288,34557,33450,68007,27426,29327,56753,22528,25541,48069,13684,17122,30806,6494,11200,17694,1643,4649,6292,216106,227412,443518
2021-07-04,17037,15787,32824,20415,19285,39700,32902,32623,65525,39722,38784,78506,34626,33533,68159,27498,29411,56909,22581,25611,48192,13710,17174,30884,6505,11224,17729,1648,4660,6308,216644,228092,444736
2021-07-05,17183,15920,33103,20527,19385,39912,33076,32782,65858,39921,38992,78913,34775,33705,68480,27625,29554,57179,22668,25722,48390,13790,17252,31042,6536,11268,17804,1654,4674,6328,217755,229254,447009
2021-07-06,17348,16062,33410,20680,19501,40181,33245,32945,66190,40125,39212,79337,34962,33886,68848,27728,29677,57405,22752,25841,48593,13858,17332,31190,6556,11309,17865,1658,4695,6353,218912,230460,449372
2021-07-07,17488,16202,33690,20806,19616,40422,33411,33093,66504,40341,39416,79757,35148,34054,69202,27868,29802,57670,22824,25938,48762,13907,17394,31301,6576,11357,17933,1666,4706,6372,220035,231578,451613
2021-07-08,17614,16352,33966,20947,19738,40685,33586,33279,66865,40552,39645,80197,35322,34261,69583,28012,29974,57986,22904,26070,48974,13961,17485,31446,6609,11386,17995,1672,4718,6390,221179,232908,454087
2021-07-09,17703,16450,34153,21040,19827,40867,33701,33387,67088,40681,39796,80477,35453,34396,69849,28103,30063,58166,22976,26139,49115,13995,17537,31532,6626,11418,18044,1679,4725,6404,221957,233738,455695
2021-07-10,17796,16548,34344,21128,19905,41033,33790,33502,67292,40809,39939,80748,35557,34515,70072,28197,30169,58366,23049,26226,49275,14035,17596,31631,6644,11453,18097,1684,4734,6418,222689,234587,457276
2021-07-11,17903,16648,34551,21202,19956,41158,33883,33583,67466,40921,40067,80988,35654,34644,70298,28281,30256,58537,23118,26287,49405,14076,17651,31727,6653,11474,18127,1691,4746,6437,223382,235312,458694
2021-07-12,18060,16803,34863,21340,20080,41420,34068,33773,67841,41138,40284,81422,35854,34861,70715,28411,30440,58851,23233,26405,49638,14138,17728,31866,6677,11509,18186,1699,4761,6460,224618,236644,461262
2021-07-13,18217,16938,35155,21475,20202,41677,34244,33942,68186,41325,40468,81793,36032,35054,71086,28541,30609,59150,23328,26533,49861,14202,17815,32017,6704,11558,18262,1706,4778,6484,225774,237897,463671
2021-07-14,18387,17092,35479,21646,20345,41991,34452,34138,68590,41530,40702,82232,36215,35258,71473,28685,30778,59463,23439,26652,50091,14251,17883,32134,6724,11608,18332,1709,4789,6498,227038,239245,466283
2021-07-15,18538,17217,35755,21814,20490,42304,34653,34303,68956,41762,40917,82679,36431,35504,71935,28835,30949,59784,23542,26782,50324,14309,17958,32267,6746,11643,18389,1716,4807,6523,228346,240570,468916
2021-07-16,18663,17343,36006,21932,20603,42535,34836,34505,69341,41946,41135,83081,36652,35717,72369,28982,31088,60070,23631,26894,50525,14351,18039,32390,6769,11686,18455,1719,4821,6540,229481,241831,471312
2021-07-17,18756,17442,36198,22018,20688,42706,34962,34618,69580,42078,41291,83369,36779,35862,72641,29087,31188,60275,23704,26969,50673,14402,18089,32491,6777,11703,18480,1724,4830,6554,230287,242680,472967
2021-07-18,18832,17507,36339,22088,20766,42854,35053,34720,69773,42180,41417,83597,36889,35978,72867,29171,31282,60453,23756,27032,50788,14451,18144,32595,6801,11735,18536,1726,4840,6566,230947,243421,474368
2021-07-19,18963,17630,36593,22191,20859,43050,35230,34905,70135,42346,41608,83954,37069,36164,73233,29304,31448,60752,23870,27173,51043,14517,18238,32755,6827,11774,18601,1731,4848,6579,232048,244647,476695
2021-07-20,19097,17742,36839,22271,20947,43218,35379,35056,70435,42517,41782,84299,37227,36321,73548,29430,31573,61003,23976,27289,51265,14569,18317,32886,6853,11815,18668,1735,4867,6602,233054,245709,478763
2021-07-21,19235,17871,37106,22404,21056,43460,35576,35231,70807,42715,41987,84702,37400,36532,73932,29584,31742,61326,24094,27449,51543,14635,18424,33059,6882,11872,18754,1739,4879,6618,234264,247043,481307
2021-07-22,19368,17986,37354,22532,21173,43705,35742,35414,71156,42920,42216,85136,37628,36766,74394,29733,31915,61648,24189,27570,51759,14704,18503,33207,6909,11920,18829,1741,4890,6631,235466,248353,483819
2021-07-23,19478,18076,37554,22629,21273,43902,35893,35547,71440,43108,42399,85507,37774,36948,74722,29854,32049,61903,24278,27681,51959,14744,18582,33326,6921,11950,18871,1745,4906,6651,236424,249411,485835
2021-07-24,19569,18170,37739,22718,21367,44085,36033,35696,71729,43266,42584,85850,37940,37112,75052,29977,32180,62157,24354,27789,52143,14798,18643,33441,6941,11975,18916,1747,4914,6661,237343,250430,487773
2021-07-25,19652,18246,37898,22807,21461,44268,36124,35803,71927,43421,42765,86186,38145,37297,75442,30093,32309,62402,24439,27865,52304,14863,18703,33566,6952,11999,18951,1753,4923,6676,238249,251371,489620
2021-07-26,19762,18371,38133,22952,21625,44577,36282,36028,72310,43642,43011,86653,38395,37591,75986,30286,32506,62792,24559,28028,52587,14930,18826,33756,6985,12062,19047,1761,4942,6703,239554,252990,492544
2021-07-27,19848,18465,38313,23036,21726,44762,36408,36176,72584,43806,43179,86985,38552,37727,76279,30393,32619,63012,24643,28134,52777,14982,18912,33894,7008,12095,19103,1765,4952,6717,240441,253985,494426
2021-07-28,19941,18562,38503,23120,21829,44949,36574,36343,72917,43989,43365,87354,38720,37885,76605,30513,32774,63287,24755,28249,53004,15039,18988,34027,7030,12129,19159,1772,4956,6728,241453,255080,496533
2021-07-29,20049,18638,38687,23226,21929,45155,36717,36484,73201,44188,43575,87763,38870,38061,76931,30632,32901,63533,24836,28355,53191,15089,19055,34144,7050,12154,19204,1776,4973,6749,242433,256125,498558
2021-07-30,20157,18741,38898,23357,22058,45415,36935,36703,73638,44402,43836,88238,39061,38295,77356,30801,33098,63899,24972,28509,53481,15152,19166,34318,7075,12205,19280,1784,4986,6770,243696,257597,501293
2021-07-31,20263,18848,39111,23469,22196,45665,37046,36857,73903,44596,44075,88671,39289,38535,77824,30944,33250,64194,25053,28642,53695,15207,19244,34451,7094,12227,19321,1786,5001,6787,244747,258875,503622
2021-08-01,20378,18977,39355,23575,22337,45912,37145,36960,74105,44761,44252,89013,39507,38773,78280,31056,33384,64440,25134,28729,53863,15251,19316,34567,7109,12270,19379,1792,5012,6804,245708,260010,505718
2021-08-02,20543,19117,39660,23720,22503,46223,37304,37151,74455,45001,44503,89504,39748,39057,78805,31216,33589,64805,25282,28912,54194,15324,19416,34740,7148,12330,19478,1797,5030,6827,247083,261608,508691
2021-08-03,20726,19280,40006,23864,22669,46533,37466,37334,74800,45208,44735,89943,39957,39314,79271,31380,33788,65168,25417,29086,54503,15421,19522,34943,7171,12392,19563,1800,5046,6846,248410,263166,511576
2021-08-04,20892,19410,40302,23991,22787,46778,37630,37510,75140,45410,44937,90347,40119,39505,79624,31512,33955,65467,25529,29218,54747,15483,19621,35104,7188,12429,19617,1801,5065,6866,249555,264437,513992
2021-08-05,21071,19599,40670,24121,22937,47058,37854,37743,75597,45651,45184,90835,40356,39751,80107,31696,34184,65880,25659,29370,55029,15552,19715,35267,7219,12482,19701,1811,5079,6890,250990,266044,517034
2021-08-06,21255,19761,41016,24329,23095,47424,38087,37994,76081,45899,45440,91339,40589,40039,80628,31850,34397,66247,25812,29567,55379,15641,19855,35496,7251,12520,19771,1814,5091,6905,252527,267759,520286
2021-08-07,21369,19888,41257,24438,23217,47655,38223,38132,76355,46058,45613,91671,40736,40198,80934,31948,34543,66491,25904,29680,55584,15700,19955,35655,7269,12554,19823,1820,5096,6916,253465,268876,522341
2021-08-08,21527,20059,41586,24572,23345,47917,38313,38252,76565,46208,45767,91975,40886,40376,81262,32050,34666,66716,26004,29807,55811,15760,20014,35774,7282,12597,19879,1826,5107,6933,254428,269990,524418
2021-08-09,21789,20301,42090,24739,23518,48257,38504,38515,77019,46485,46045,92530,41101,40649,81750,32246,34887,67133,26158,29987,56145,15848,20105,35953,7318,12653,19971,1836,5122,6958,256024,271782,527806
2021-08-10,22082,20565,42647,24958,23739,48697,38728,38772,77500,46740,46339,93079,41342,40951,82293,32458,35124,67582,26309,30153,56462,15940,20226,36166,7347,12710,20057,1839,5139,6978,257743,273718,531461
2021-08-11,22332,20814,43146,25179,23954,49133,38958,39041,77999,47027,46631,93658,41592,41239,82831,32636,35359,67995,26454,30321,56775,16024,20327,36351,7387,12767,20154,1848,5163,7011,259437,275616,535053
2021-08-12,22604,21067,43671,25408,24193,49601,39177,39306,78483,47280,46912,94192,41830,41532,83362,32807,35588,68395,26574,30459,57033,16106,20421,36527,7419,12812,20231,1857,5182,7039,261062,277472,538534
2021-08-13,22930,21337,44267,25714,24502,50216,39408,39582,78990,47598,47260,94858,42103,41879,83982,33001,35880,68881,26725,30675,57400,16206,20562,36768,7453,12862,20315,1864,5197,7061,263002,279736,542738
2021-08-14,23123,21525,44648,25895,24671,50566,39534,39743,79277,47785,47476,95261,42286,42127,84413,33138,36058,69196,26821,30798,57619,16280,20643,36923,7473,12903,20376,1867,5206,7073,264202,281150,545352
2021-08-15,23281,21670,44951,26032,24790,50822,39651,39855,79506,47941,47659,95600,42432,42295,84727,33261,36197,69458,26909,30901,57810,16336,20714,37050,7494,12940,20434,1869,5218,7087,265206,282239,547445
2021-08-16,23505,21882,45387,26206,24948,51154,39790,39994,79784,48115,47850,95965,42596,42514,85110,33398,36354,69752,26988,31007,57995,16413,20795,37208,7514,12976,20490,1873,5226,7099,266398,283546,549944
2021-08-17,23863,22178,46041,26493,25214,51707,40001,40259,80260,48438,48196,96634,42838,42866,85704,33608,36621,70229,27144,31199,58343,16510,20913,37423,7535,13051,20586,1882,5246,7128,268312,285743,554055
2021-08-18,24196,22506,46702,26805,25471,52276,40188,40482,80670,48711,48522,97233,43077,43110,86187,33780,36849,70629,27279,31375,58654,16600,21029,37629,7557,13112,20669,1895,5263,7158,270088,287719,557807
2021-08-19,24522,22791,47313,27067,25713,52780,40367,40721,81088,48986,48825,97811,43315,43394,86709,33956,37063,71019,27397,31541,58938,16662,21121,37783,7585,13158,20743,1902,5275,7177,271759,289602,561361
2021-08-20,24908,23147,48055,27395,26018,53413,40580,40957,81537,49250,49143,98393,43563,43713,87276,34146,37312,71458,27542,31733,59275,16750,21235,37985,7613,13207,20820,1910,5286,7196,273657,291751,565408
2021-08-21,25104,23367,48471,27559,26167,53726,40717,41135,81852,49452,49383,98835,43743,43914,87657,34285,37467,71752,27639,31875,59514,16819,21325,38144,7636,13249,20885,1912,5302,7214,274866,293184,568050
2021-08-22,25388,23616,49004,27733,26335,54068,40831,41258,82089,49633,49630,99263,43929,44139,88068,34436,37638,72074,27739,31998,59737,16886,21402,38288,7658,13287,20945,1917,5317,7234,276150,294620,570770
2021-08-23,25897,24118,50015,28063,26660,54723,41058,41531,82589,49954,49982,99936,44214,44485,88699,34627,37914,72541,27895,32216,60111,16984,21537,38521,7696,13347,21043,1919,5335,7254,278307,297125,575432
2021-08-24,26431,24641,51072,28406,26984,55390,41279,41801,83080,50225,50359,100584,44454,44784,89238,34816,38158,72974,28046,32423,60469,17069,21656,38725,7743,13395,21138,1922,5351,7273,280391,299552,579943
2021-08-25,26947,25152,52099,28723,27290,56013,41459,42028,83487,50472,50705,101177,44718,45112,89830,35007,38358,73365,28190,32616,60806,17169,21776,38945,7777,13428,21205,1929,5374,7303,282391,301839,584230
2021-08-26,27468,25649,53117,29062,27593,56655,41666,42290,83956,50737,51054,101791,44982,45429,90411,35156,38602,73758,28329,32794,61123,17248,21913,39161,7815,13482,21297,1935,5389,7324,284398,304195,588593
2021-08-27,28024,26134,54158,29411,27970,57381,41873,42527,84400,51005,51408,102413,45215,45748,90963,35366,38834,74200,28476,32988,61464,17331,22034,39365,7837,13540,21377,1940,5400,7340,286478,306583,593061
2021-08-28,28318,26384,54702,29579,28131,57710,42010,42691,84701,51204,51629,102833,45367,45976,91343,35491,38970,74461,28567,33121,61688,17378,22112,39490,7865,13575,21440,1943,5406,7349,287722,307995,595717
2021-08-29,28659,26690,55349,29723,28295,58018,42100,42822,84922,51378,51819,103197,45532,46166,91698,35616,39114,74730,28647,33226,61873,17441,22194,39635,7896,13615,21511,1944,5413,7357,288936,309354,598290
2021-08-30,29258,27232,56490,30072,28592,58664,42295,43052,85347,51649,52147,103796,45805,46478,92283,35770,39331,75101,28784,33411,62195,17508,22308,39816,7941,13669,21610,1947,5433,7380,291029,311653,602682
2021-08-31,29910,27834,57744,30504,28961,59465,42500,43337,85837,51940,52468,104408,46063,46815,92878,35968,39561,75529,28943,33614,62557,17597,22443,40040,7972,13719,21691,1955,5450,7405,293352,314202,607554
2021-09-01,30502,28382,58884,30895,29296,60191,42704,43549,86253,52218,52797,105015,46298,47095,93393,36139,39757,75896,29072,33777,62849,17674,22555,40229,8003,13784,21787,1960,5463,7423,295465,316455,611920
2021-09-02,30973,28831,59804,31167,29570,60737,42876,43738,86614,52464,53054,105518,46484,47360,93844,36281,39948,76229,29186,33913,63099,17753,22645,40398,8026,13823,21849,1966,5479,7445,297176,318361,615537
2021-09-03,31372,29215,60587,31444,29837,61281,43054,43936,86990,52699,53340,106039,46731,47629,94360,36435,40147,76582,29320,34099,63419,17830,22762,40592,8050,13863,21913,1968,5490,7458,298903,320318,619221
2021-09-04,31601,29447,61048,31553,29954,61507,43149,44047,87196,52841,53518,106359,46890,47803,94693,36545,40275,76820,29399,34203,63602,17880,22842,40722,8072,13907,21979,1972,5500,7472,299902,321496,621398
2021-09-05,31840,29699,61539,31689,30085,61774,43251,44159,87410,53015,53724,106739,47041,47975,95016,36647,40409,77056,29488,34315,63803,17949,22920,40869,8097,13937,22034,1979,5511,7490,300996,322734,623730
2021-09-06,32394,30207,62601,31985,30342,62327,43437,44379,87816,53262,54009,107271,47274,48259,95533,36813,40637,77450,29631,34489,64120,18059,23024,41083,8133,13995,22128,1985,5530,7515,302973,324871,627844
2021-09-07,32823,30690,63513,32247,30639,62886,43620,44573,88193,53466,54290,107756,47478,48487,95965,36960,40826,77786,29746,34641,64387,18129,23130,41259,8156,14044,22200,1992,5553,7545,304617,326873,631490
2021-09-08,33159,31056,64215,32512,30861,63373,43761,44720,88481,53652,54513,108165,47644,48698,96342,37112,40994,78106,29843,34743,64586,18190,23213,41403,8182,14076,22258,1999,5568,7567,306054,328442,634496
2021-09-09,33545,31432,64977,32750,31067,63817,43897,44892,88789,53842,54731,108573,47820,48884,96704,37230,41162,78392,29951,34853,64804,18260,23294,41554,8213,14128,22341,2003,5587,7590,307511,330030,637541
2021-09-10,33944,31749,65693,33023,31340,64363,44107,45193,89300,54131,55120,109251,48137,49286,97423,37496,41490,78986,30132,35125,65257,18338,23435,41773,8260,14174,22434,2008,5602,7610,309576,332514,642090
2021-09-11,34146,31956,66102,33165,31497,64662,44293,45418,89711,54358,55395,109753,48377,49543,97920,37682,41702,79384,30276,35320,65596,18411,23558,41969,8286,14198,22484,2012,5610,7622,311006,334197,645203
2021-09-12,34343,32140,66483,33268,31594,64862,44375,45505,89880,54474,55538,110012,48501,49675,98176,37776,41812,79588,30365,35434,65799,18449,23620,42069,8301,14222,22523,2017,5619,7636,311869,335159,647028
2021-09-13,34736,32537,67273,33509,31858,65367,44552,45723,90275,54698,55814,110512,48738,49940,98678,37934,42041,79975,30519,35588,66107,18543,23745,42288,8325,14283,22608,2024,5639,7663,313578,337168,650746
2021-09-14,35168,32915,68083,33738,32075,65813,44695,45881,90576,54881,56052,110933,48906,50145,99051,38063,42216,80279,30628,35744,66372,18619,23861,42480,8347,14324,22671,2030,5652,7682,315075,338865,653940
2021-09-15,35487,33215,68702,33953,32258,66211,44800,46037,90837,55035,56270,111305,49052,50331,99383,38162,42356,80518,30708,35860,66568,18674,23939,42613,8376,14366,22742,2035,5671,7706,316282,340303,656585
2021-09-16,35795,33495,69290,34165,32466,66631,44914,46172,91086,55186,56498,111684,49214,50552,99766,38275,42502,80777,30790,35990,66780,18745,24038,42783,8399,14402,22801,2043,5681,7724,317526,341796,659322
2021-09-17,36175,33862,70037,34422,32709,67131,45049,46347,91396,55354,56711,112065,49394,50758,100152,38398,42667,81065,30894,36121,67015,18830,24142,42972,8421,14456,22877,2046,5689,7735,318983,343462,662445
2021-09-18,36371,34051,70422,34529,32825,67354,45152,46458,91610,55475,56865,112340,49507,50919,100426,38495,42774,81269,30995,36238,67233,18886,24231,43117,8445,14487,22932,2050,5697,7747,319905,344545,664450
2021-09-19,36606,34249,70855,34625,32921,67546,45230,46554,91784,55595,57020,112615,49629,51033,100662,38576,42874,81450,31074,36322,67396,18925,24290,43215,8458,14521,22979,2056,5706,7762,320774,345490,666264
2021-09-20,37039,34677,71716,34963,33270,68233,45365,46732,92097,55813,57265,113078,49821,51231,101052,38721,43062,81783,31194,36476,67670,19001,24388,43389,8480,14569,23049,2063,5715,7778,322460,347385,669845
2021-09-21,37393,35007,72400,35100,33409,68509,45473,46889,92362,55985,57444,113429,49992,51390,101382,38831,43193,82024,31302,36596,67898,19081,24478,43559,8509,14614,23123,2064,5722,7786,323730,348742,672472
2021-09-22,37791,35350,73141,35387,33673,69060,45583,47044,92627,56140,57673,113813,50149,51591,101740,38929,43348,82277,31397,36730,68127,19153,24553,43706,8526,14660,23186,2070,5740,7810,325125,350362,675487
2021-09-23,38118,35647,73765,35691,33952,69643,45691,47199,92890,56302,57919,114221,50287,51784,102071,39029,43497,82526,31507,36880,68387,19237,24650,43887,8547,14691,23238,2078,5754,7832,326487,351973,678460
2021-09-24,38402,35950,74352,35891,34113,70004,45807,47319,93126,56447,58073,114520,50413,51966,102379,39127,43632,82759,31609,37008,68617,19300,24738,44038,8570,14735,23305,2082,5760,7842,327648,353294,680942
2021-09-25,38581,36083,74664,35961,34191,70152,45884,47407,93291,56554,58183,114737,50509,52078,102587,39202,43729,82931,31679,37087,68766,19349,24804,44153,8590,14764,23354,2084,5773,7857,328393,354099,682492
2021-09-26,38784,36247,75031,36040,34275,70315,45949,47486,93435,56666,58307,114973,50614,52205,102819,39272,43832,83104,31756,37163,68919,19388,24854,44242,8603,14793,23396,2087,5781,7868,329159,354943,684102
2021-09-27,39147,36574,75721,36327,34490,70817,46077,47643,93720,56840,58507,115347,50796,52379,103175,39387,43997,83384,31854,37311,69165,19475,24951,44426,8627,14836,23463,2094,5792,7886,330624,356480,687104
2021-09-28,39533,36880,76413,36673,34868,71541,46184,47789,93973,57002,58689,115691,50939,52566,103505,39495,44128,83623,31950,37431,69381,19533,25022,44555,8644,14879,23523,2099,5803,7902,332052,358055,690107
2021-09-29,39852,37144,76996,36904,35103,72007,46291,47944,94235,57165,58875,116040,51082,52731,103813,39604,44265,83869,32045,37553,69598,19601,25120,44721,8681,14912,23593,2107,5811,7918,333332,359458,692790
2021-09-30,40106,37392,77498,37213,35424,72637,46396,48069,94465,57303,59037,116340,51185,52878,104063,39704,44397,84101,32132,37678,69810,19653,25198,44851,8702,14952,23654,2114,5822,7936,334508,360847,695355
2021-10-01,40422,37632,78054,37552,35764,73316,46505,48215,94720,57472,59238,116710,51346,53043,104389,39828,44521,84349,32228,37805,70033,19722,25299,45021,8725,15005,23730,2120,5843,7963,335920,362365,698285
2021-10-02,40583,37802,78385,37641,35855,73496,46598,48314,94912,57573,59375,116948,51432,53143,104575,39916,44623,84539,32294,37904,70198,19780,25352,45132,8739,15039,23778,2122,5851,7973,336678,363258,699936
2021-10-03,40725,37933,78658,37735,35938,73673,46686,48414,95100,57681,59473,117154,51529,53247,104776,39989,44718,84707,32350,37991,70341,19816,25408,45224,8753,15069,23822,2123,5855,7978,337387,364046,701433
2021-10-04,41052,38257,79309,38101,36232,74333,46808,48570,95378,57829,59698,117527,51688,53435,105123,40112,44880,84992,32461,38131,70592,19893,25515,45408,8779,15101,23880,2128,5870,7998,338851,365689,704540
2021-10-05,41379,38532,79911,38398,36594,74992,46917,48707,95624,58021,59914,117935,51852,53599,105451,40228,45028,85256,32557,38258,70815,19951,25612,45563,8804,15145,23949,2138,5881,8019,340245,367270,707515
2021-10-06,41643,38758,80401,38643,36846,75489,47053,48855,95908,58195,60124,118319,52024,53773,105797,40335,45198,85533,32657,38373,71030,20011,25702,45713,8829,15177,24006,2145,5889,8034,341535,368695,710230
2021-10-07,41861,38980,80841,38786,36995,75781,47162,49001,96163,58369,60331,118700,52170,53958,106128,40461,45359,85820,32744,38514,71258,20099,25787,45886,8855,15219,24074,2148,5903,8051,342655,370047,712702
2021-10-08,41970,39079,81049,38886,37097,75983,47271,49117,96388,58495,60470,118965,52318,54084,106402,40552,45485,86037,32840,38622,71462,20152,25847,45999,8873,15246,24119,2155,5917,8072,343512,370964,714476
2021-10-09,42067,39172,81239,38995,37208,76203,47362,49217,96579,58619,60607,119226,52426,54205,106631,40644,45600,86244,32930,38721,71651,20207,25926,46133,8891,15283,24174,2159,5926,8085,344300,371865,716165
2021-10-10,42194,39287,81481,39066,37287,76353,47442,49320,96762,58738,60723,119461,52537,54327,106864,40733,45702,86435,33014,38815,71829,20253,25983,46236,8906,15309,24215,2161,5933,8094,345044,372686,717730
2021-10-11,42326,39413,81739,39168,37400,76568,47554,49423,96977,58896,60869,119765,52685,54477,107162,40837,45824,86661,33112,38921,72033,20322,26062,46384,8922,15338,24260,2165,5943,8108,345987,373670,719657
2021-10-12,42594,39647,82241,39450,37688,77138,47694,49621,97315,59113,61067,120180,52875,54695,107570,40979,45992,86971,33238,39105,72343,20404,26166,46570,8950,15387,24337,2173,5958,8131,347470,375326,722796
2021-10-13,42870,39906,82776,39739,37961,77700,47866,49824,97690,59344,61298,120642,53073,54892,107965,41115,46136,87251,33347,39254,72601,20468,26256,46724,8973,15423,24396,2178,5965,8143,348973,376915,725888
2021-10-14,43118,40145,83263,40056,38271,78327,48008,49993,98001,59521,61493,121014,53277,55103,108380,41265,46319,87584,33469,39416,72885,20545,26356,46901,8998,15479,24477,2184,5982,8166,350441,378557,728998
2021-10-15,43336,40323,83659,40276,38480,78756,48119,50166,98285,59713,61668,121381,53428,55295,108723,41400,46447,87847,33578,39572,73150,20611,26468,47079,9016,15520,24536,2186,5991,8177,351663,379930,731593
2021-10-16,43452,40430,83882,40392,38619,79011,48225,50264,98489,59865,61816,121681,53574,55447,109021,41515,46574,88089,33675,39694,73369,20689,26573,47262,9040,15559,24599,2188,6000,8188,352615,380976,733591
2021-10-17,43565,40529,84094,40514,38733,79247,48294,50345,98639,59984,61942,121926,53695,55575,109270,41593,46658,88251,33735,39766,73501,20738,26641,47379,9056,15581,24637,2190,6004,8194,353364,381774,735138
2021-10-18,43850,40811,84661,40708,38952,79660,48454,50523,98977,60195,62156,122351,53870,55764,109634,41732,46836,88568,33879,39945,73824,20819,26762,47581,9095,15630,24725,2195,6013,8208,354797,383392,738189
2021-10-19,44160,41101,85261,40920,39161,80081,48585,50681,99266,60349,62342,122691,54005,55949,109954,41839,46967,88806,33985,40070,74055,20885,26842,47727,9122,15670,24792,2201,6028,8229,356051,384811,740862
2021-10-20,44472,41383,85855,41136,39390,80526,48737,50874,99611,60521,62553,123074,54162,56141,110303,41966,47109,89075,34084,40206,74290,20957,26954,47911,9148,15713,24861,2205,6036,8241,357388,386359,743747
2021-10-21,44786,41696,86482,41363,39645,81008,48876,51046,99922,60698,62789,123487,54306,56355,110661,42077,47289,89366,34178,40360,74538,21034,27064,48098,9176,15764,24940,2208,6055,8263,358702,388063,746765
2021-10-22,45086,42008,87094,41651,39931,81582,48989,51231,100220,60903,63023,123926,54474,56598,111072,42203,47484,89687,34285,40532,74817,21113,27164,48277,9203,15819,25022,2216,6068,8284,360123,389858,749981
2021-10-23,45255,42167,87422,41795,40077,81872,49063,51343,100406,61033,63158,124191,54593,56753,111346,42305,47609,89914,34369,40645,75014,21171,27225,48396,9216,15850,25066,2223,6079,8302,361023,390906,751929
2021-10-24,45462,42339,87801,41913,40177,82090,49137,51442,100579,61142,63307,124449,54697,56893,111590,42408,47723,90131,34442,40734,75176,21211,27292,48503,9234,15869,25103,2225,6086,8311,361871,391862,753733
2021-10-25,45852,42746,88598,42173,40428,82601,49311,51666,100977,61381,63577,124958,54894,57147,112041,42539,47939,90478,34592,40952,75544,21290,27419,48709,9262,15906,25168,2227,6094,8321,363521,393874,757395
2021-10-26,46210,43073,89283,42491,40688,83179,49487,51853,101340,61566,63815,125381,55070,57379,112449,42674,48116,90790,34725,41134,75859,21361,27518,48879,9284,15965,25249,2228,6102,8330,365096,395643,760739
2021-10-27,46538,43389,89927,42748,40901,83649,49643,52014,101657,61731,64022,125753,55222,57582,112804,42803,48304,91107,34823,41294,76117,21452,27614,49066,9313,16006,25319,2231,6113,8344,366504,397239,763743
2021-10-28,46880,43733,90613,43022,41150,84172,49770,52187,101957,61904,64227,126131,55365,57778,113143,42911,48445,91356,34947,41436,76383,21520,27706,49226,9345,16043,25388,2237,6128,8365,367901,398833,766734
2021-10-29,47173,44023,91196,43284,41417,84701,49897,52361,102258,62091,64444,126535,55559,58008,113567,43049,48625,91674,35076,41599,76675,21602,27827,49429,9372,16099,25471,2240,6136,8376,369343,400539,769882
2021-10-30,47334,44165,91499,43447,41581,85028,49978,52451,102429,62226,64592,126818,55690,58143,113833,43148,48736,91884,35171,41707,76878,21668,27894,49562,9396,16133,25529,2243,6141,8384,370301,401543,771844
2021-10-31,47478,44322,91800,43586,41726,85312,50063,52544,102607,62333,64713,127046,55805,58280,114085,43243,48841,92084,35242,41787,77029,21707,27961,49668,9412,16157,25569,2248,6153,8401,371117,402484,773601
2021-11-01,47769,44624,92393,43822,41946,85768,50181,52717,102898,62532,64941,127473,56013,58528,114541,43398,49044,92442,35378,41969,77347,21801,28095,49896,9432,16210,25642,2256,6166,8422,372582,404240,776822
2021-11-02,48070,44912,92982,44053,42179,86232,50323,52874,103197,62701,65124,127825,56145,58749,114894,43515,49218,92733,35499,42118,77617,21871,28202,50073,9461,16259,25720,2260,6177,8437,373898,405812,779710
2021-11-03,48374,45149,93523,44309,42469,86778,50454,53051,103505,62876,65331,128207,56323,58967,115290,43671,49389,93060,35611,42261,77872,21952,28315,50267,9486,16291,25777,2261,6186,8447,375317,407409,782726
2021-11-04,48613,45394,94007,44555,42704,87259,50570,53192,103762,63048,65530,128578,56467,59169,115636,43819,49561,93380,35732,42415,78147,22013,28409,50422,9515,16331,25846,2269,6200,8469,376601,408905,785506
2021-11-05,48829,45606,94435,44779,42936,87715,50707,53347,104054,63220,65738,128958,56631,59366,115997,43955,49736,93691,35863,42569,78432,22088,28496,50584,9541,16362,25903,2273,6211,8484,377886,410367,788253
2021-11-06,48967,45724,94691,44934,43078,88012,50793,53464,104257,63352,65868,129220,56748,59494,116242,44062,49865,93927,35946,42659,78605,22133,28562,50695,9564,16389,25953,2273,6219,8492,378772,411322,790094
2021-11-07,49102,45874,94976,45087,43236,88323,50864,53581,104445,63452,65977,129429,56860,59616,116476,44153,49988,94141,36021,42753,78774,22169,28618,50787,9588,16404,25992,2277,6223,8500,379573,412270,791843
2021-11-08,49417,46170,95587,45326,43457,88783,51018,53769,104787,63666,66206,129872,57057,59868,116925,44301,50176,94477,36152,42927,79079,22259,28739,50998,9627,16455,26082,2281,6234,8515,381104,414001,795105
2021-11-09,49718,46445,96163,45542,43654,89196,51130,53945,105075,63851,66403,130254,57227,60062,117289,44429,50352,94781,36258,43046,79304,22328,28819,51147,9650,16502,26152,2288,6245,8533,382421,415473,797894
2021-11-10,50021,46697,96718,45756,43904,89660,51290,54141,105431,64032,66625,130657,57426,60278,117704,44589,50528,95117,36356,43191,79547,22386,28914,51300,9673,16543,26216,2294,6255,8549,383823,417076,800899
2021-11-11,50310,46963,97273,45993,44149,90142,51426,54284,105710,64233,66877,131110,57578,60495,118073,44707,50695,95402,36455,43310,79765,22442,29000,51442,9693,16586,26279,2297,6269,8566,385134,418628,803762
2021-11-12,50554,47215,97769,46277,44419,90696,51577,54450,106027,64446,67155,131601,57779,60755,118534,44865,50906,95771,36596,43566,80162,22528,29121,51649,9722,16626,26348,2299,6284,8583,386643,420497,807140
2021-11-13,50704,47366,98070,46496,44626,91122,51680,54575,106255,64606,67324,131930,57918,60916,118834,44968,51042,96010,36680,43686,80366,22601,29231,51832,9745,16655,26400,2303,6292,8595,387701,421713,809414
2021-11-14,50839,47496,98335,46599,44701,91300,51737,54649,106386,64704,67431,132135,58018,61009,119027,45029,51128,96157,36728,43763,80491,22646,29286,51932,9754,16670,26424,2307,6302,8609,388361,422435,810796
2021-11-15,51121,47772,98893,46840,44907,91747,51859,54807,106666,64897,67668,132565,58182,61238,119420,45161,51330,96491,36864,43934,80798,22736,29417,52153,9786,16726,26512,2310,6315,8625,389756,424114,813870
2021-11-16,51391,48054,99445,47057,45099,92156,51982,54985,106967,65051,67912,132963,58377,61432,119809,45315,51499,96814,36975,44093,81068,22801,29523,52324,9810,16751,26561,2314,6324,8638,391073,425672,816745
2021-11-17,51668,48306,99974,47260,45271,92531,52127,55141,107268,65244,68171,133415,58562,61698,120260,45460,51711,97171,37091,44272,81363,22900,29637,52537,9834,16789,26623,2320,6331,8651,392466,427327,819793
2021-11-18,51957,48549,100506,47523,45497,93020,52273,55326,107599,65450,68423,133873,58748,61922,120670,45599,51927,97526,37226,44431,81657,22973,29717,52690,9864,16826,26690,2329,6342,8671,393942,428960,822902
2021-11-19,52164,48753,100917,47801,45771,93572,52405,55479,107884,65615,68663,134278,58932,62136,121068,45736,52131,97867,37341,44567,81908,23041,29828,52869,9885,16860,26745,2330,6351,8681,395250,430539,825789
2021-11-20,52306,48872,101178,47989,45973,93962,52499,55607,108106,65727,68817,134544,59046,62276,121322,45831,52246,98077,37446,44669,82115,23098,29891,52989,9904,16886,26790,2333,6357,8690,396179,431594,827773
2021-11-21,52421,48981,101402,48153,46126,94279,52555,55662,108217,65818,68912,134730,59142,62377,121519,45901,52320,98221,37510,44780,82290,23130,29956,53086,9923,16910,26833,2336,6363,8699,396889,432387,829276
2021-11-22,52555,49150,101705,48318,46291,94609,52634,55748,108382,65938,69055,134993,59253,62548,121801,46004,52438,98442,37580,44891,82471,23197,30018,53215,9947,16948,26895,2339,6372,8711,397765,433459,831224
2021-11-23,52805,49385,102190,48496,46481,94977,52756,55887,108643,66096,69241,135337,59391,62737,122128,46102,52599,98701,37678,45031,82709,23250,30113,53363,9981,16981,26962,2342,6382,8724,398897,434837,833734
2021-11-24,53032,49602,102634,48668,46635,95303,52869,56039,108908,66264,69412,135676,59518,62917,122435,46204,52772,98976,37760,45157,82917,23319,30183,53502,10000,17019,27019,2344,6389,8733,399978,436125,836103
2021-11-25,53250,49818,103068,48876,46819,95695,53007,56187,109194,66469,69626,136095,59699,63116,122815,46349,52924,99273,37874,45293,83167,23383,30279,53662,10024,17057,27081,2345,6396,8741,401276,437515,838791
2021-11-26,53440,50026,103466,49189,47117,96306,53174,56324,109498,66663,69841,136504,59890,63321,123211,46503,53090,99593,37992,45426,83418,23462,30380,53842,10051,17095,27146,2346,6408,8754,402710,439028,841738
2021-11-27,53564,50167,103731,49399,47312,96711,53315,56462,109777,66846,70028,136874,60080,63491,123571,46630,53233,99863,38120,45569,83689,23556,30480,54036,10086,17128,27214,2349,6420,8769,403945,440290,844235
2021-11-28,53682,50269,103951,49509,47451,96960,53392,56544,109936,66946,70136,137082,60186,63623,123809,46707,53317,100024,38187,45657,83844,23591,30524,54115,10097,17155,27252,2353,6426,8779,404650,441102,845752
2021-11-29,53889,50473,104362,49813,47737,97550,53558,56720,110278,67148,70347,137495,60382,63858,124240,46856,53497,100353,38329,45833,84162,23692,30654,54346,10129,17201,27330,2355,6436,8791,406151,442756,848907
2021-11-30,54089,50677,104766,50048,47964,98012,53712,56924,110636,67377,70587,137964,60561,64087,124648,46993,53690,100683,38448,45997,84445,23762,30758,54520,10157,17247,27404,2356,6455,8811,407503,444386,851889
2021-12-01,54345,50867,105212,50274,48176,98450,53838,57121,110959,67570,70816,138386,60743,64307,125050,47120,53884,101004,38578,46185,84763,23846,30874,54720,10183,17296,27479,2359,6466,8825,408856,445992,854848
2021-12-02,54576,51059,105635,50548,48505,99053,54002,57358,111360,67846,71086,138932,60962,64569,125531,47285,54105,101390,38716,46366,85082,23928,30986,54914,10214,17337,27551,2361,6476,8837,410438,447847,858285
2021-12-03,54727,51217,105944,50714,48701,99415,54118,57491,111609,68023,71265,139288,61112,64710,125822,47389,54232,101621,38809,46474,85283,23988,31066,55054,10236,17372,27608,2362,6489,8851,411478,449017,860495
2021-12-04,54876,51342,106218,50966,48986,99952,54249,57652,111901,68198,71459,139657,61261,64915,126176,47489,54375,101864,38907,46583,85490,24046,31145,55191,10258,17409,27667,2364,6497,8861,412614,450363,862977
2021-12-05,55029,51489,106518,51243,49241,100484,54362,57802,112164,68347,71624,139971,61400,65079,126479,47590,54517,102107,38989,46695,85684,24119,31226,55345,10269,17442,27711,2366,6506,8872,413714,451621,865335
2021-12-06,55308,51784,107092,51523,49541,101064,54565,58056,112621,68604,71913,140517,61616,65378,126994,47778,54742,102520,39145,46890,86035,24214,31360,55574,10298,17505,27803,2374,6514,8888,415425,453683,869108
2021-12-07,55577,52049,107626,51801,49844,101645,54755,58305,113060,68848,72233,141081,61833,65641,127474,47937,54973,102910,39262,47076,86338,24302,31493,55795,10325,17558,27883,2379,6528,8907,417019,455700,872719
2021-12-08,55751,52226,107977,51957,49995,101952,54899,58508,113407,69021,72436,141457,61986,65825,127811,48059,55120,103179,39355,47216,86571,24362,31571,55933,10345,17596,27941,2382,6533,8915,418117,457026,875143
2021-12-09,55990,52466,108456,52243,50311,102554,55119,58805,113924,69303,72770,142073,62239,66144,128383,48236,55382,103618,39507,47406,86913,24469,31704,56173,10383,17643,28026,2387,6544,8931,419876,459175,879051
2021-12-10,56211,52731,108942,52744,50786,103530,55344,59112,114456,69631,73142,142773,62484,66451,128935,48437,55604,104041,39643,47622,87265,24569,31861,56430,10412,17700,28112,2391,6552,8943,421866,461561,883427
2021-12-11,56365,52860,109225,53039,51124,104163,55508,59296,114804,69811,73377,143188,62674,66661,129335,48574,55762,104336,39738,47754,87492,24632,31950,56582,10428,17736,28164,2394,6559,8953,423163,463079,886242
2021-12-12,56515,53018,109533,53262,51365,104627,55643,59494,115137,69995,73590,143585,62855,66865,129720,48690,55937,104627,39838,47897,87735,24687,32044,56731,10450,17772,28222,2397,6574,8971,424332,464556,888888
2021-12-13,56770,53288,110058,53575,51698,105273,55911,59885,115796,70286,73931,144217,63099,67177,130276,48891,56219,105110,40016,48136,88152,24812,32188,57000,10492,17844,28336,2404,6594,8998,426256,466960,893216
2021-12-14,57029,53567,110596,53884,52028,105912,56231,60292,116523,70647,74386,145033,63358,67493,130851,49078,56479,105557,40177,48336,88513,24917,32340,57257,10531,17890,28421,2410,6606,9016,428262,469417,897679
2021-12-15,57296,53852,111148,54152,52365,106517,56529,60673,117202,71023,74778,145801,63642,67841,131483,49291,56748,106039,40317,48519,88836,25019,32447,57466,10570,17952,28522,2419,6616,9035,430258,471791,902049
2021-12-16,57638,54206,111844,54565,52818,107383,56909,61194,118103,71464,75291,146755,63999,68257,132256,49538,57082,106620,40497,48747,89244,25111,32584,57695,10602,18017,28619,2422,6625,9047,432745,474821,907566
2021-12-17,57943,54511,112454,54995,53334,108329,57303,61691,118994,71925,75797,147722,64341,68697,133038,49802,57409,107211,40666,49016,89682,25232,32737,57969,10637,18069,28706,2425,6637,9062,435269,477898,913167
2021-12-18,58146,54693,112839,55275,53636,108911,57542,62044,119586,72246,76158,148404,64578,68981,133559,50003,57641,107644,40800,49197,89997,25312,32861,58173,10656,18110,28766,2427,6648,9075,436985,479969,916954
2021-12-19,58342,54897,113239,55490,53890,109380,57733,62297,120030,72494,76487,148981,64802,69230,134032,50175,57839,108014,40938,49336,90274,25385,32954,58339,10683,18142,28825,2430,6652,9082,438472,481724,920196
2021-12-20,58659,55238,113897,55875,54274,110149,58125,62802,120927,72966,77009,149975,65189,69702,134891,50449,58229,108678,41129,49629,90758,25514,33139,58653,10720,18218,28938,2437,6664,9101,441063,484904,925967
2021-12-21,58959,55560,114519,56249,54641,110890,58602,63322,121924,73519,77648,151167,65602,70145,135747,50731,58604,109335,41311,49862,91173,25618,33279,58897,10749,18284,29033,2440,6675,9115,443780,488020,931800
2021-12-22,59353,55859,115212,56656,55128,111784,59198,64092,123290,74156,78427,152583,66117,70796,136913,51105,59111,110216,41568,50205,91773,25761,33461,59222,10778,18348,29126,2446,6692,9138,447138,492119,939257
2021-12-23,59733,56253,115986,57133,55644,112777,59862,64882,124744,74878,79257,154135,66641,71489,138130,51468,59616,111084,41833,50585,92418,25891,33666,59557,10816,18431,29247,2447,6706,9153,450702,496529,947231
2021-12-24,59952,56446,116398,57407,55911,113318,60188,65289,125477,75248,79657,154905,66936,71842,138778,51690,59892,111582,41993,50773,92766,25975,33782,59757,10850,18474,29324,2450,6712,9162,452689,498778,951467
2021-12-25,60053,56536,116589,57506,56045,113551,60295,65411,125706,75388,79800,155188,67067,71978,139045,51790,60021,111811,42062,50869,92931,26021,33859,59880,10865,18503,29368,2451,6718,9169,453498,499740,953238
2021-12-26,60286,56775,117061,57870,56446,114316,60691,65849,126540,75817,80311,156128,67471,72464,139935,52140,60444,112584,42285,51156,93441,26162,34022,60184,10896,18565,29461,2459,6727,9186,456077,502759,958836
2021-12-27,60630,57099,117729,58393,57024,115417,61274,66517,127791,76531,81101,157632,68052,73251,141303,52585,61053,113638,42609,51563,94172,26338,34282,60620,10954,18648,29602,2461,6745,9206,459827,507283,967110
2021-12-28,60972,57403,118375,58993,57672,116665,61946,67312,129258,77258,81966,159224,68691,74054,142745,53110,61718,114828,42973,52016,94989,26498,34498,60996,11003,18746,29749,2463,6761,9224,463907,512146,976053
2021-12-29,61347,57741,119088,59652,58344,117996,62736,68274,131010,78029,82894,160923,69364,74936,144300,53610,62437,116047,43336,52458,95794,26666,34735,61401,11052,18833,29885,2473,6769,9242,468265,517421,985686
2021-12-30,61832,58182,120014,60435,59167,119602,63715,69329,133044,78923,83965,162888,70103,75940,146043,54203,63275,117478,43725,53071,96796,26875,35085,61960,11102,18938,30040,2483,6793,9276,473396,523745,997141
2021-12-31,62006,58360,120366,60793,59513,120306,64148,69809,133957,79371,84409,163780,70487,76377,146864,54484,63667,118151,43935,53341,97276,26975,35241,62216,11131,18988,30119,2485,6806,9291,475815,526511,1002326
2022-01-01,62096,58454,120550,60899,59628,120527,64267,69957,134224,79512,84577,164089,70629,76553,147182,54612,63833,118445,44016,53451,97467,27023,35315,62338,11151,19012,30163,2485,6818,9303,476690,527598,1004288
2022-01-02,62244,58582,120826,61055,59777,120832,64408,70131,134539,79659,84785,164444,70814,76779,147593,54738,63989,118727,44112,53567,97679,27077,35383,62460,11164,19045,30209,2485,6822,9307,477756,528860,1006616
2022-01-03,62533,58854,121387,61400,60187,121587,64900,70691,135591,80150,85342,165492,71248,77380,148628,55098,64504,119602,44396,53913,98309,27218,35585,62803,11187,19109,30296,2491,6839,9330,480621,532404,1013025
2022-01-04,62879,59164,122043,61940,60774,122714,65638,71577,137215,80880,86143,167023,71888,78160,150048,55574,65096,120670,44709,54341,99050,27353,35800,63153,11245,19200,30445,2498,6857,9355,484604,537112,1021716
2022-01-05,63187,59452,122639,62351,61293,123644,66284,72355,138639,81555,86883,168438,72463,78842,151305,55996,65626,121622,44989,54734,99723,27477,35996,63473,11275,19259,30534,2504,6870,9374,488081,541310,1029391
2022-01-06,63431,59650,123081,62705,61684,124389,66790,73014,139804,82069,87509,169578,72869,79382,152251,56296,66084,122380,45183,55039,100222,27571,36136,63707,11300,19316,30616,2510,6884,9394,490724,544698,1035422
2022-01-07,63620,59810,123430,62942,61953,124895,67185,73554,140739,82496,88041,170537,73247,79795,153042,56551,66474,123025,45366,55312,100678,27659,36258,63917,11317,19350,30667,2511,6895,9406,492894,547442,1040336
2022-01-08,63734,59938,123672,63046,62096,125142,67344,73783,141127,82690,88344,171034,73444,80051,153495,56683,66684,123367,45449,55448,100897,27692,36332,64024,11334,19375,30709,2512,6902,9414,493928,548953,1042881
2022-01-09,63946,60146,124092,63312,62409,125721,67665,74249,141914,83116,88943,172059,73862,80572,154434,56966,67075,124041,45624,55702,101326,27763,36443,64206,11353,19418,30771,2513,6903,9416,496120,551860,1047980
2022-01-10,64252,60415,124667,63659,62832,126491,68201,74871,143072,83713,89597,173310,74336,81147,155483,57309,67551,124860,45860,55985,101845,27870,36606,64476,11377,19472,30849,2515,6925,9440,499092,555401,1054493
2022-01-11,64418,60589,125007,63825,63047,126872,68490,75252,143742,84045,89996,174041,74616,81517,156133,57497,67811,125308,46008,56184,102192,27932,36715,64647,11402,19514,30916,2516,6937,9453,500749,557562,1058311
2022-01-12,64536,60696,125232,63895,63116,127011,68594,75400,143994,84187,90200,174387,74740,81677,156417,57603,67939,125542,46100,56278,102378,27980,36786,64766,11429,19570,30999,2518,6955,9473,501582,558617,1060199
2022-01-13,64650,60814,125464,64003,63213,127216,68744,75614,144358,84367,90465,174832,74910,81873,156783,57730,68124,125854,46178,56399,102577,28031,36851,64882,11452,19640,31092,2524,6974,9498,502589,559967,1062556
2022-01-14,64872,61032,125904,64295,63576,127871,69123,76097,145220,84806,91022,175828,75337,82413,157750,58003,68512,126515,46406,56726,103132,28141,36991,65132,11480,19710,31190,2530,6996,9526,504993,563075,1068068
2022-01-15,64945,61104,126049,64365,63660,128025,69213,76207,145420,84919,91164,176083,75469,82546,158015,58078,68630,126708,46469,56803,103272,28174,37037,65211,11488,19731,31219,2531,7002,9533,505651,563884,1069535
2022-01-16,65018,61150,126168,64408,63688,128096,69252,76248,145500,84968,91223,176191,75519,82621,158140,58109,68680,126789,46492,56842,103334,28193,37058,65251,11493,19749,31242,2532,7007,9539,505984,564266,1070250
2022-01-17,65114,61234,126348,64457,63746,128203,69328,76351,145679,85090,91379,176469,75613,82755,158368,58185,68784,126969,46570,56927,103497,28226,37111,65337,11508,19800,31308,2534,7034,9568,506625,565121,1071746
2022-01-18,65219,61330,126549,64527,63837,128364,69422,76496,145918,85243,91574,176817,75742,82932,158674,58276,68904,127180,46637,57029,103666,28291,37196,65487,11531,19849,31380,2538,7049,9587,507426,566196,1073622
2022-01-19,65321,61414,126735,64603,63916,128519,69516,76611,146127,85376,91749,177125,75879,83103,158982,58372,69046,127418,46708,57145,103853,28352,37292,65644,11559,19917,31476,2541,7082,9623,508227,567275,1075502
2022-01-20,65432,61504,126936,64705,64029,128734,69649,76789,146438,85562,91975,177537,76060,83317,159377,58504,69219,127723,46802,57284,104086,28406,37371,65777,11591,19955,31546,2541,7094,9635,509252,568537,1077789
2022-01-21,65571,61640,127211,64814,64190,129004,69820,77010,146830,85796,92326,178122,76298,83609,159907,58639,69449,128088,46938,57483,104421,28471,37493,65964,11614,20010,31624,2543,7115,9658,510504,570325,1080829
2022-01-22,65800,61897,127697,65127,64541,129668,70177,77530,147707,86349,92955,179304,76794,84258,161052,58990,69941,128931,47182,57792,104974,28594,37675,66269,11642,20058,31700,2547,7128,9675,513202,573775,1086977
2022-01-23,66027,62145,128172,65480,64924,130404,70470,77938,148408,86818,93496,180314,77231,84889,162120,59355,70418,129773,47399,58128,105527,28710,37810,66520,11673,20101,31774,2548,7137,9685,515711,576986,1092697
2022-01-24,66158,62286,128444,65627,65105,130732,70657,78148,148805,87045,93796,180841,77475,85153,162628,59507,70638,130145,47532,58327,105859,28793,37930,66723,11698,20160,31858,2553,7157,9710,517045,578700,1095745
2022-01-25,66404,62469,128873,65898,65398,131296,71022,78525,149547,87398,94255,181653,77842,85577,163419,59770,70999,130769,47760,58611,106371,28921,38116,67037,11747,20243,31990,2562,7187,9749,519324,581380,1100704
2022-01-26,66597,62652,129249,66125,65637,131762,71265,78849,150114,87708,94661,182369,78112,85928,164040,59992,71315,131307,47944,58868,106812,29028,38255,67283,11793,20345,32138,2570,7223,9793,521134,583733,1104867
2022-01-27,66810,62855,129665,66430,65968,132398,71576,79261,150837,88121,95177,183298,78475,86409,164884,60257,71701,131958,48179,59164,107343,29147,38444,67591,11823,20430,32253,2575,7252,9827,523393,586661,1110054
2022-01-28,66997,63029,130026,66677,66213,132890,71843,79573,151416,88426,95609,184035,78770,86794,165564,60510,72074,132584,48361,59451,107812,29244,38596,67840,11847,20514,32361,2578,7278,9856,525253,589131,1114384
2022-01-29,67166,63169,130335,66864,66432,133296,72032,79796,151828,88674,95927,184601,79034,87098,166132,60729,72319,133048,48516,59704,108220,29347,38726,68073,11883,20560,32443,2582,7288,9870,526827,591019,1117846
2022-01-30,67315,63306,130621,67069,66655,133724,72209,80020,152229,88891,96185,185076,79284,87443,166727,60924,72561,133485,48642,59901,108543,29427,38841,68268,11906,20609,32515,2585,7297,9882,528252,592818,1121070
2022-01-31,67545,63506,131051,67348,67002,134350,72521,80324,152845,89234,96600,185834,79595,87905,167500,61162,72893,134055,48813,60154,108967,29545,39016,68561,11937,20679,32616,2591,7316,9907,530291,595395,1125686
2022-02-01,67793,63715,131508,67705,67365,135070,72828,80712,153540,89616,97047,186663,79992,88400,168392,61410,73293,134703,49019,60443,109462,29673,39236,68909,11976,20771,32747,2600,7350,9950,532612,598332,1130944
2022-02-02,67994,63905,131899,67998,67637,135635,73116,81029,154145,89924,97440,187364,80275,88820,169095,61627,73586,135213,49218,60699,109917,29786,39406,69192,12017,20848,32865,2608,7383,9991,534563,600753,1135316
2022-02-03,68121,64030,132151,68166,67803,135969,73271,81213,154484,90109,97671,187780,80472,89069,169541,61770,73758,135528,49359,60868,110227,29847,39512,69359,12034,20888,32922,2611,7391,10002,535760,602203,1137963
2022-02-04,68303,64199,132502,68359,68007,136366,73505,81459,154964,90368,97985,188353,80697,89419,170116,61972,74050,136022,49515,61124,110639,29949,39665,69614,12063,20955,33018,2614,7408,10022,537345,604271,1141616
2022-02-05,68428,64321,132749,68475,68143,136618,73641,81605,155246,90539,98187,188726,80871,89621,170492,62095,74228,136323,49602,61264,110866,30015,39742,69757,12077,20992,33069,2620,7422,10042,538363,605525,1143888
2022-02-06,68579,64429,133008,68603,68264,136867,73761,81743,155504,90709,98381,189090,81068,89857,170925,62210,74411,136621,49693,61395,111088,30070,39829,69899,12098,21021,33119,2623,7434,10057,539414,606764,1146178
2022-02-07,68765,64599,133364,68769,68463,137232,73976,81995,155971,90995,98697,189692,81295,90157,171452,62406,74677,137083,49847,61634,111481,30178,39986,70164,12133,21103,33236,2631,7449,10080,540995,608760,1149755
2022-02-08,68912,64722,133634,68915,68635,137550,74189,82264,156453,91212,98980,190192,81510,90401,171911,62540,74909,137449,49975,61844,111819,30266,40105,70371,12165,21154,33319,2637,7457,10094,542321,610471,1152792
2022-02-09,69096,64884,133980,69098,68804,137902,74402,82465,156867,91469,99263,190732,81677,90658,172335,62683,75108,137791,50117,62003,112120,30359,40216,70575,12194,21205,33399,2641,7465,10106,543736,612071,1155807
2022-02-10,69283,65070,134353,69290,68997,138287,74638,82716,157354,91761,99578,191339,81908,90972,172880,62871,75378,138249,50251,62198,112449,30461,40365,70826,12242,21278,33520,2644,7481,10125,545349,614033,1159382
2022-02-11,69431,65214,134645,69445,69182,138627,74871,82960,157831,92023,99829,191852,82106,91190,173296,63023,75593,138616,50402,62411,112813,30532,40473,71005,12271,21353,33624,2649,7505,10154,546753,615710,1162463
2022-02-12,69535,65298,134833,69574,69302,138876,74998,83124,158122,92201,100012,192213,82254,91368,173622,63144,75731,138875,50509,62532,113041,30594,40558,71152,12290,21396,33686,2655,7516,10171,547754,616837,1164591
2022-02-13,69619,65391,135010,69679,69411,139090,75139,83264,158403,92361,100207,192568,82393,91554,173947,63252,75864,139116,50575,62647,113222,30646,40629,71275,12303,21421,33724,2656,7522,10178,548623,617910,1166533
2022-02-14,69828,65555,135383,69866,69591,139457,75398,83544,158942,92652,100509,193161,82650,91859,174509,63456,76121,139577,50751,62855,113606,30740,40783,71523,12338,21476,33814,2660,7531,10191,550339,619824,1170163
2022-02-15,70029,65757,135786,70064,69804,139868,75674,83842,159516,92963,100830,193793,82896,92145,175041,63627,76367,139994,50886,63076,113962,30830,40903,71733,12371,21525,33896,2662,7542,10204,552002,621791,1173793
2022-02-16,70267,65959,136226,70262,70004,140266,75956,84163,160119,93240,101122,194362,83122,92406,175528,63808,76585,140393,51009,63279,114288,30900,41023,71923,12399,21577,33976,2667,7554,10221,553630,623672,1177302
2022-02-17,70471,66146,136617,70445,70191,140636,76221,84425,160646,93522,101446,194968,83354,92650,176004,63984,76841,140825,51155,63481,114636,30987,41169,72156,12432,21637,34069,2669,7573,10242,555240,625559,1180799
2022-02-18,70656,66309,136965,70626,70390,141016,76493,84732,161225,93808,101758,195566,83569,92925,176494,64141,77081,141222,51291,63661,114952,31060,41289,72349,12454,21685,34139,2674,7581,10255,556772,627411,1184183
2022-02-19,70781,66429,137210,70726,70498,141224,76621,84912,161533,93967,101964,195931,83722,93101,176823,64252,77213,141465,51368,63773,115141,31116,41368,72484,12473,21711,34184,2678,7587,10265,557704,628556,1186260
2022-02-20,70942,66577,137519,70838,70597,141435,76774,85068,161842,94125,102126,196251,83854,93253,177107,64340,77322,141662,51444,63868,115312,31163,41432,72595,12492,21739,34231,2679,7594,10273,558651,629576,1188227
2022-02-21,71191,66797,137988,71021,70765,141786,77085,85355,162440,94434,102444,196878,84126,93527,177653,64549,77549,142098,51624,64061,115685,31262,41563,72825,12528,21805,34333,2684,7611,10295,560504,631477,1191981
2022-02-22,71484,67047,138531,71202,70943,142145,77370,85686,163056,94733,102759,197492,84396,93773,178169,64715,77806,142521,51780,64282,116062,31367,41705,73072,12560,21860,34420,2691,7625,10316,562298,633486,1195784
2022-02-23,71754,67275,139029,71384,71126,142510,77664,85962,163626,95022,103065,198087,84637,94026,178663,64882,78012,142894,51900,64461,116361,31450,41821,73271,12586,21902,34488,2695,7639,10334,563974,635289,1199263
2022-02-24,71989,67475,139464,71529,71269,142798,77902,86206,164108,95290,103313,198603,84834,94267,179101,65034,78173,143207,52016,64581,116597,31527,41909,73436,12606,21938,34544,2697,7652,10349,565424,636783,1202207
2022-02-25,72280,67807,140087,71733,71450,143183,78158,86494,164652,95582,103602,199184,85062,94506,179568,65192,78401,143593,52166,64760,116926,31595,42025,73620,12631,21983,34614,2700,7669,10369,567099,638697,1205796
2022-02-26,72482,67995,140477,71833,71554,143387,78326,86652,164978,95769,103757,199526,85205,94659,179864,65303,78524,143827,52246,64871,117117,31653,42088,73741,12651,22020,34671,2700,7690,10390,568168,639810,1207978
2022-02-27,72723,68175,140898,71940,71638,143578,78455,86798,165253,95939,103930,199869,85330,94827,180157,65388,78626,144014,52325,64976,117301,31711,42152,73863,12673,22052,34725,2701,7695,10396,569185,640869,1210054
2022-02-28,73043,68474,141517,72084,71760,143844,78644,87031,165675,96165,104213,200378,85493,95002,180495,65543,78807,144350,52460,65112,117572,31792,42254,74046,12702,22082,34784,2704,7707,10411,570630,642442,1213072
2022-03-01,73359,68789,142148,72241,71881,144122,78798,87216,166014,96346,104429,200775,85699,95163,180862,65677,78965,144642,52561,65230,117791,31851,42331,74182,12728,22114,34842,2705,7716,10421,571965,643834,1215799
2022-03-02,73791,69151,142942,72436,72058,144494,79044,87483,166527,96621,104788,201409,85913,95402,181315,65823,79186,145009,52697,65386,118083,31924,42442,74366,12761,22174,34935,2713,7740,10453,573723,645810,1219533
2022-03-03,74228,69553,143781,72678,72285,144963,79338,87786,167124,96927,105122,202049,86139,95643,181782,65966,79362,145328,52842,65564,118406,32013,42555,74568,12789,22221,35010,2718,7753,10471,575638,647844,1223482
2022-03-04,74570,69867,144437,72944,72535,145479,79632,88131,167763,97247,105491,202738,86396,95908,182304,66140,79576,145716,53002,65755,118757,32108,42663,74771,12810,22269,35079,2720,7764,10484,577569,649959,1227528
2022-03-05,74815,70121,144936,73111,72718,145829,79835,88375,168210,97462,105728,203190,86580,96126,182706,66273,79737,146010,53143,65903,119046,32183,42753,74936,12827,22306,35133,2727,7774,10501,578956,651541,1230497
2022-03-06,75063,70367,145430,73277,72888,146165,79990,88556,168546,97640,105935,203575,86729,96306,183035,66364,79878,146242,53233,66028,119261,32254,42827,75081,12843,22327,35170,2727,7780,10507,580120,652892,1233012
2022-03-07,75525,70771,146296,73564,73109,146673,80255,88883,169138,97936,106235,204171,86965,96574,183539,66534,80077,146611,53387,66215,119602,32355,42946,75301,12862,22379,35241,2732,7793,10525,582115,654982,1237097
2022-03-08,75989,71162,147151,73816,73345,147161,80521,89168,169689,98192,106533,204725,87204,96813,184017,66684,80271,146955,53534,66393,119927,32432,43058,75490,12894,22429,35323,2733,7806,10539,583999,656978,1240977
2022-03-09,76318,71452,147770,74028,73552,147580,80773,89438,170211,98450,106812,205262,87413,97059,184472,66839,80453,147292,53668,66575,120243,32524,43159,75683,12917,22466,35383,2735,7814,10549,585665,658780,1244445
2022-03-10,76646,71787,148433,74257,73795,148052,81002,89715,170717,98684,107114,205798,87605,97288,184893,66978,80623,147601,53795,66737,120532,32585,43255,75840,12938,22508,35446,2738,7824,10562,587228,660646,1247874
2022-03-11,76970,72093,149063,74474,73987,148461,81233,89997,171230,98944,107411,206355,87821,97527,185348,67129,80813,147942,53936,66907,120843,32671,43372,76043,12964,22550,35514,2746,7833,10579,588888,662490,1251378
2022-03-12,77203,72315,149518,74629,74124,148753,81381,90175,171556,99130,107637,206767,87981,97718,185699,67274,80956,148230,54054,67040,121094,32739,43458,76197,12984,22575,35559,2750,7842,10592,590125,663840,1253965
2022-03-13,77465,72556,150021,74797,74274,149071,81543,90370,171913,99323,107844,207167,88127,97893,186020,67386,81096,148482,54138,67156,121294,32795,43527,76322,13005,22605,35610,2753,7850,10603,591332,665171,1256503
2022-03-14,77894,73009,150903,75085,74532,149617,81854,90684,172538,99635,108219,207854,88388,98203,186591,67573,81342,148915,54311,67359,121670,32896,43657,76553,13031,22643,35674,2757,7861,10618,593424,667509,1260933
2022-03-15,78387,73437,151824,75390,74764,150154,82125,90977,173102,99888,108572,208460,88625,98465,187090,67760,81571,149331,54450,67532,121982,32997,43782,76779,13059,22701,35760,2762,7879,10641,595443,669680,1265123
2022-03-16,78792,73774,152566,75611,75005,150616,82374,91264,173638,100194,108913,209107,88848,98728,187576,67916,81812,149728,54593,67726,122319,33079,43898,76977,13093,22739,35832,2771,7892,10663,597271,671751,1269022
2022-03-17,79104,74054,153158,75838,75232,151070,82573,91502,174075,100437,109205,209642,89052,98956,188008,68068,82011,150079,54722,67882,122604,33154,44029,77183,13114,22792,35906,2777,7899,10676,598839,673562,1272401
2022-03-18,79328,74235,153563,75983,75356,151339,82733,91691,174424,100616,109424,210040,89194,99123,188317,68174,82143,150317,54806,68009,122815,33210,44089,77299,13135,22818,35953,2783,7916,10699,599962,674804,1274766
2022-03-19,79486,74388,153874,76081,75462,151543,82874,91858,174732,100811,109644,210455,89337,99256,188593,68302,82272,150574,54902,68127,123029,33272,44163,77435,13157,22841,35998,2784,7923,10707,601006,675934,1276940
2022-03-20,79655,74534,154189,76174,75559,151733,83011,92001,175012,100959,109816,210775,89437,99387,188824,68405,82383,150788,54986,68229,123215,33327,44219,77546,13175,22874,36049,2787,7933,10720,601916,676935,1278851
2022-03-21,79978,74868,154846,76350,75729,152079,83214,92266,175480,101225,110095,211320,89651,99631,189282,68579,82591,151170,55113,68413,123526,33410,44317,77727,13197,22912,36109,2792,7948,10740,603509,678770,1282279
2022-03-22,80184,75075,155259,76515,75891,152406,83433,92506,175939,101471,110394,211865,89869,99868,189737,68743,82778,151521,55255,68602,123857,33503,44417,77920,13218,22948,36166,2793,7956,10749,604984,680435,1285419
2022-03-23,80434,75318,155752,76699,76076,152775,83653,92827,176480,101740,110693,212433,90055,100069,190124,68900,82965,151865,55385,68764,124149,33591,44528,78119,13243,22989,36232,2797,7973,10770,606497,682202,1288699
2022-03-24,80574,75461,156035,76800,76214,153014,83782,93010,176792,101926,110879,212805,90183,100222,190405,69006,83093,152099,55463,68864,124327,33642,44597,78239,13265,23012,36277,2799,7982,10781,607440,683334,1290774
2022-03-25,80751,75645,156396,76939,76363,153302,83966,93233,177199,102146,111114,213260,90347,100426,190773,69151,83247,152398,55587,69023,124610,33699,44677,78376,13290,23033,36323,2806,7991,10797,608682,684752,1293434
2022-03-26,80866,75792,156658,77067,76492,153559,84104,93390,177494,102313,111307,213620,90488,100582,191070,69272,83365,152637,55664,69124,124788,33773,44755,78528,13310,23055,36365,2807,8003,10810,609664,685865,1295529
2022-03-27,81000,75933,156933,77185,76592,153777,84208,93525,177733,102487,111516,214003,90612,100725,191337,69364,83484,152848,55763,69217,124980,33820,44826,78646,13323,23084,36407,2810,8010,10820,610572,686912,1297484
2022-03-28,81221,76136,157357,77375,76768,154143,84389,93779,178168,102696,111798,214494,90777,100976,191753,69511,83656,153167,55889,69382,125271,33899,44923,78822,13346,23117,36463,2818,8019,10837,611921,688554,1300475
2022-03-29,81466,76361,157827,77562,76948,154510,84592,94020,178612,102888,112055,214943,90920,101190,192110,69624,83815,153439,55986,69539,125525,33969,45014,78983,13364,23159,36523,2819,8035,10854,613190,690136,1303326
2022-03-30,81675,76548,158223,77742,77142,154884,84744,94244,178988,103079,112301,215380,91072,101377,192449,69729,83985,153714,56091,69704,125795,34040,45096,79136,13385,23183,36568,2821,8041,10862,614378,691621,1305999
2022-03-31,81838,76691,158529,77857,77273,155130,84902,94460,179362,103231,112515,215746,91232,101584,192816,69838,84148,153986,56198,69818,126016,34097,45175,79272,13406,23214,36620,2823,8059,10882,615422,692937,1308359
2022-04-01,81993,76850,158843,77984,77397,155381,85049,94656,179705,103406,112725,216131,91394,101779,193173,69962,84307,154269,56311,69953,126264,34161,45262,79423,13425,23244,36669,2828,8066,10894,616513,694239,1310752
2022-04-02,82103,76936,159039,78090,77500,155590,85144,94778,179922,103531,112889,216420,91494,101891,193385,70035,84403,154438,56382,70032,126414,34206,45316,79522,13440,23265,36705,2830,8073,10903,617255,695083,1312338
2022-04-03,82236,77063,159299,78187,77593,155780,85244,94901,180145,103630,113008,216638,91587,102000,193587,70097,84481,154578,56441,70119,126560,34250,45363,79613,13450,23288,36738,2833,8077,10910,617955,695893,1313848
2022-04-04,82428,77255,159683,78346,77714,156060,85349,95072,180421,103799,113224,217023,91748,102148,193896,70205,84611,154816,56531,70234,126765,34322,45455,79777,13469,23327,36796,2837,8088,10925,619034,697128,1316162
2022-04-05,82605,77465,160070,78516,77930,156446,85471,95230,180701,103970,113429,217399,91890,102340,194230,70293,84743,155036,56619,70323,126942,34376,45536,79912,13489,23369,36858,2841,8096,10937,620070,698461,1318531
2022-04-06,82810,77658,160468,78674,78107,156781,85632,95407,181039,104150,113634,217784,92044,102549,194593,70399,84891,155290,56727,70451,127178,34438,45618,80056,13509,23405,36914,2844,8109,10953,621227,699829,1321056
2022-04-07,82990,77806,160796,78807,78244,157051,85739,95556,181295,104290,113812,218102,92174,102715,194889,70491,85022,155513,56800,70558,127358,34484,45701,80185,13522,23438,36960,2844,8120,10964,622141,700972,1323113
2022-04-08,83126,77951,161077,78927,78379,157306,85839,95715,181554,104439,113989,218428,92306,102877,195183,70584,85151,155735,56874,70669,127543,34527,45768,80295,13541,23467,37008,2846,8136,10982,623009,702102,1325111
2022-04-09,83226,78059,161285,78982,78452,157434,85904,95808,181712,104532,114113,218645,92395,102980,195375,70636,85232,155868,56922,70725,127647,34562,45817,80379,13556,23491,37047,2848,8145,10993,623563,702822,1326385
2022-04-10,83339,78166,161505,79044,78540,157584,85977,95894,181871,104618,114233,218851,92476,103094,195570,70699,85324,156023,56978,70808,127786,34614,45878,80492,13573,23511,37084,2851,8153,11004,624169,703601,1327770
2022-04-11,83535,78346,161881,79173,78684,157857,86101,96067,182168,104762,114425,219187,92629,103273,195902,70777,85441,156218,57068,70947,128015,34664,45938,80602,13593,23547,37140,2855,8160,11015,625157,704828,1329985
2022-04-12,83673,78511,162184,79293,78819,158112,86203,96207,182410,104901,114611,219512,92732,103439,196171,70851,85561,156412,57134,71032,128166,34714,46005,80719,13606,23572,37178,2857,8169,11026,625964,705926,1331890
2022-04-13,83761,78599,162360,79385,78919,158304,86308,96346,182654,105056,114796,219852,92850,103589,196439,70954,85680,156634,57208,71145,128353,34758,46070,80828,13622,23597,37219,2863,8176,11039,626765,706917,1333682
2022-04-14,83850,78682,162532,79459,78972,158431,86365,96446,182811,105149,114924,220073,92927,103685,196612,71014,85764,156778,57250,71217,128467,34796,46118,80914,13633,23613,37246,2866,8180,11046,627309,707601,1334910
2022-04-15,83917,78748,162665,79507,79013,158520,86407,96512,182919,105239,115037,220276,92997,103775,196772,71046,85821,156867,57298,71287,128585,34820,46159,80979,13643,23635,37278,2867,8186,11053,627741,708173,1335914
2022-04-16,83973,78798,162771,79556,79054,158610,86453,96560,183013,105316,115107,220423,93057,103867,196924,71092,85881,156973,57352,71339,128691,34855,46194,81049,13652,23647,37299,2869,8186,11055,628175,708633,1336808
2022-04-17,84036,78860,162896,79611,79096,158707,86490,96615,183105,105383,115182,220565,93121,103942,197063,71144,85947,157091,57388,71394,128782,34887,46230,81117,13665,23662,37327,2870,8191,11061,628595,709119,1337714
2022-04-18,84143,78973,163116,79708,79183,158891,86592,96768,183360,105485,115346,220831,93233,104097,197330,71236,86088,157324,57474,71512,128986,34942,46288,81230,13687,23694,37381,2876,8204,11080,629376,710153,1339529
2022-04-19,84255,79057,163312,79798,79281,159079,86677,96887,183564,105610,115514,221124,93338,104253,197591,71319,86212,157531,57534,71604,129138,34994,46353,81347,13701,23725,37426,2880,8213,11093,630106,711099,1341205
2022-04-20,84355,79125,163480,79879,79353,159232,86775,97019,183794,105742,115690,221432,93459,104404,197863,71399,86330,157729,57607,71714,129321,35047,46422,81469,13720,23758,37478,2883,8217,11100,630866,712032,1342898
2022-04-21,84444,79215,163659,79941,79463,159404,86840,97136,183976,105842,115841,221683,93581,104561,198142,71464,86449,157913,57706,71811,129517,35109,46484,81593,13741,23788,37529,2884,8223,11107,631552,712971,1344523
2022-04-22,84520,79277,163797,80024,79527,159551,86911,97216,184127,105946,115979,221925,93685,104680,198365,71532,86555,158087,57761,71907,129668,35162,46543,81705,13752,23809,37561,2886,8232,11118,632179,713725,1345904
2022-04-23,84574,79334,163908,80073,79577,159650,86953,97271,184224,106016,116056,222072,93757,104749,198506,71598,86616,158214,57799,71967,129766,35191,46593,81784,13760,23836,37596,2889,8236,11125,632610,714235,1346845
2022-04-24,84642,79396,164038,80115,79614,159729,86996,97337,184333,106075,116159,222234,93816,104830,198646,71648,86676,158324,57840,72020,129860,35219,46628,81847,13774,23860,37634,2889,8239,11128,633014,714759,1347773
2022-04-25,84772,79492,164264,80198,79680,159878,87079,97442,184521,106203,116326,222529,93927,104971,198898,71729,86786,158515,57918,72133,130051,35262,46711,81973,13798,23896,37694,2895,8246,11141,633781,715683,1349464
2022-04-26,84876,79599,164475,80273,79762,160035,87162,97531,184693,106318,116476,222794,94020,105099,199119,71802,86878,158680,57986,72215,130201,35316,46780,82096,13813,23931,37744,2896,8256,11152,634462,716527,1350989
2022-04-27,84990,79717,164707,80353,79855,160208,87243,97640,184883,106454,116635,223089,94104,105238,199342,71880,86976,158856,58054,72314,130368,35371,46842,82213,13831,23957,37788,2899,8262,11161,635179,717436,1352615
2022-04-28,85104,79825,164929,80428,79934,160362,87329,97758,185087,106562,116779,223341,94216,105387,199603,71952,87110,159062,58125,72428,130553,35421,46894,82315,13851,23998,37849,2902,8277,11179,635890,718390,1354280
2022-04-29,85193,79914,165107,80493,79985,160478,87404,97875,185279,106658,116907,223565,94335,105512,199847,72036,87215,159251,58179,72517,130696,35465,46962,82427,13866,24029,37895,2906,8283,11189,636535,719199,1355734
2022-04-30,85248,79962,165210,80539,80027,160566,87452,97932,185384,106730,116997,223727,94396,105594,199990,72081,87277,159358,58223,72583,130806,35492,46993,82485,13877,24063,37940,2908,8289,11197,636946,719717,1356663
2022-05-01,85326,80020,165346,80566,80058,160624,87484,97978,185462,106762,117079,223841,94440,105651,200091,72108,87331,159439,58254,72626,130880,35506,47028,82534,13887,24086,37973,2910,8293,11203,637243,720150,1357393
2022-05-02,85449,80120,165569,80642,80130,160772,87540,98091,185631,106862,117240,224102,94545,105791,200336,72195,87434,159629,58335,72725,131060,35551,47106,82657,13900,24128,38028,2914,8301,11215,637933,721066,1358999
2022-05-03,85594,80244,165838,80724,80216,160940,87612,98207,185819,106970,117431,224401,94662,105967,200629,72271,87566,159837,58404,72826,131230,35599,47185,82784,13918,24147,38065,2918,8313,11231,638672,722102,1360774
2022-05-04,85736,80369,166105,80823,80310,161133,87695,98336,186031,107081,117628,224709,94795,106183,200978,72354,87700,160054,58476,72921,131397,35644,47257,82901,13934,24180,38114,2925,8324,11249,639463,723208,1362671
2022-05-05,85870,80512,166382,80909,80410,161319,87785,98467,186252,107206,117840,225046,94917,106364,201281,72456,87845,160301,58571,73019,131590,35681,47316,82997,13951,24206,38157,2931,8330,11261,640277,724309,1364586
2022-05-06,86030,80655,166685,81005,80523,161528,87859,98618,186477,107361,118082,225443,95073,106595,201668,72536,87982,160518,58649,73147,131796,35727,47393,83120,13974,24242,38216,2934,8349,11283,641148,725586,1366734
2022-05-07,86131,80771,166902,81070,80576,161646,87915,98714,186629,107461,118216,225677,95165,106747,201912,72612,88078,160690,58697,73248,131945,35752,47437,83189,13988,24255,38243,2934,8360,11294,641725,726402,1368127
2022-05-08,86225,80898,167123,81127,80643,161770,87956,98794,186750,107544,118337,225881,95253,106872,202125,72675,88172,160847,58737,73314,132051,35781,47485,83266,13993,24276,38269,2934,8369,11303,642225,727160,1369385
2022-05-09,86393,81066,167459,81235,80758,161993,88048,98964,187012,107712,118594,226306,95404,107150,202554,72794,88354,161148,58835,73479,132314,35836,47560,83396,14016,24299,38315,2937,8377,11314,643210,728601,1371811
2022-05-10,86574,81262,167836,81396,80902,162298,88153,99149,187302,107865,118849,226714,95595,107419,203014,72904,88546,161450,58942,73631,132573,35898,47663,83561,14031,24340,38371,2937,8388,11325,644295,730149,1374444
2022-05-11,86766,81464,168230,81541,81066,162607,88253,99367,187620,108027,119130,227157,95769,107703,203472,73032,88740,161772,59033,73786,132819,35971,47760,83731,14053,24381,38434,2939,8395,11334,645384,731792,1377176
2022-05-12,86938,81642,168580,81685,81234,162919,88380,99572,187952,108224,119422,227646,95953,107992,203945,73149,88938,162087,59126,73957,133083,36042,47849,83891,14065,24412,38477,2940,8403,11343,646502,733421,1379923
2022-05-13,87117,81813,168930,81831,81405,163236,88516,99792,188308,108428,119716,228144,96164,108294,204458,73270,89156,162426,59239,74161,133400,36127,47983,84110,14086,24453,38539,2943,8413,11356,647721,735186,1382907
2022-05-14,87233,81910,169143,81912,81507,163419,88590,99898,188488,108541,119899,228440,96280,108489,204769,73353,89274,162627,59308,74299,133607,36160,48048,84208,14095,24484,38579,2944,8422,11366,648416,736230,1384646
2022-05-15,87333,82020,169353,81990,81620,163610,88658,100009,188667,108654,120056,228710,96378,108650,205028,73422,89386,162808,59370,74394,133764,36190,48102,84292,14100,24503,38603,2944,8424,11368,649039,737164,1386203
2022-05-16,87496,82215,169711,82131,81782,163913,88804,100223,189027,108863,120373,229236,96561,108950,205511,73548,89601,163149,59500,74563,134063,36261,48192,84453,14117,24533,38650,2950,8435,11385,650231,738867,1389098
2022-05-17,87636,82370,170006,82295,81948,164243,88928,100429,189357,109059,120671,229730,96763,109228,205991,73699,89810,163509,59606,74700,134306,36323,48284,84607,14129,24572,38701,2951,8446,11397,651389,740458,1391847
2022-05-18,87706,82442,170148,82362,82027,164389,88990,100531,189521,109160,120823,229983,96852,109399,206251,73775,89909,163684,59647,74772,134419,36356,48320,84676,14134,24589,38723,2952,8450,11402,651934,741262,1393196
2022-05-19,87887,82587,170474,82519,82185,164704,89130,100789,189919,109384,121160,230544,97068,109720,206788,73921,90160,164081,59770,74961,134731,36415,48433,84848,14157,24624,38781,2953,8457,11410,653204,743076,1396280
2022-05-20,87983,82674,170657,82644,82317,164961,89227,100963,190190,109559,121454,231013,97229,109989,207218,74043,90378,164421,59842,75100,134942,36459,48499,84958,14170,24648,38818,2953,8462,11415,654109,744484,1398593
2022-05-21,87983,82674,170657,82644,82317,164961,89227,100964,190191,109559,121454,231013,97229,109989,207218,74043,90378,164421,59842,75100,134942,36459,48499,84958,14170,24648,38818,2953,8462,11415,654109,744485,1398594
