FECHA,<=10M,<=10F,<=10,11-20M,11-20F,11-20,21-30M,21-30F,21-30,31-40M,31-40F,31-40,41-50M,41-50F,41-50,51-60M,51-60F,51-60,61-70M,61-70F,61-70,71-80M,71-80F,71-80,81-90M,81-90F,81-90,>=91M,>=91F,>=91,TotalM,TotalF,Total
2020-03-15,0,0,0,0,1,1,1,0,1,1,0,1,0,0,0,0,0,0,0,1,1,0,0,0,0,0,0,0,0,0,2,2,4
2020-03-16,0,0,0,0,1,1,2,2,4,5,0,5,1,0,1,0,1,1,1,1,2,0,0,0,0,0,0,0,0,0,9,5,14
2020-03-17,0,0,0,1,1,2,3,3,6,7,1,8,1,0,1,2,3,5,2,2,4,2,0,2,0,0,0,0,0,0,18,10,28
2020-03-18,0,0,0,1,1,2,5,5,10,9,3,12,2,2,4,2,3,5,2,3,5,2,0,2,0,0,0,0,0,0,23,17,40
2020-03-19,0,0,0,2,1,3,6,5,11,12,3,15,5,2,7,3,3,6,2,4,6,4,1,5,0,0,0,0,0,0,34,19,53
2020-03-20,0,0,0,2,1,3,11,5,16,14,3,17,7,2,9,5,3,8,3,5,8,4,3,7,0,1,1,0,0,0,46,23,69
2020-03-21,1,0,1,4,3,7,13,5,18,15,7,22,9,3,12,8,6,14,5,6,11,6,3,9,1,1,2,0,0,0,62,34,96
2020-03-22,1,0,1,4,3,7,14,7,21,20,7,27,13,3,16,10,10,20,7,6,13,9,4,13,1,1,2,0,0,0,79,41,120
2020-03-23,1,0,1,5,3,8,16,8,24,24,9,33,16,5,21,14,12,26,8,8,16,12,6,18,2,1,3,0,0,0,98,52,150
2020-03-24,1,0,1,5,3,8,19,11,30,31,10,41,19,6,25,16,13,29,9,8,17,13,7,20,3,1,4,0,0,0,116,59,175
2020-03-25,3,0,3,6,3,9,23,16,39,33,12,45,23,6,29,18,13,31,11,8,19,14,7,21,4,3,7,0,1,1,135,69,204
2020-03-26,3,0,3,6,4,10,24,17,41,35,13,48,25,6,31,20,17,37,13,11,24,16,8,24,5,3,8,0,1,1,147,80,227
2020-03-27,3,0,3,6,4,10,25,19,44,39,13,52,26,8,34,21,18,39,15,12,27,16,11,27,5,3,8,0,1,1,156,89,245
2020-03-28,3,0,3,6,4,10,26,20,46,40,16,56,27,9,36,22,19,41,16,13,29,17,13,30,7,3,10,0,1,1,164,98,262
2020-03-29,3,0,3,6,4,10,29,23,52,46,18,64,27,9,36,23,23,46,18,17,35,20,15,35,7,3,10,1,1,2,180,113,293
2020-03-30,3,0,3,6,4,10,34,25,59,47,20,67,30,11,41,26,23,49,20,20,40,25,16,41,7,3,10,1,2,3,199,124,323
2020-03-31,4,0,4,6,5,11,36,27,63,49,21,70,32,12,44,31,23,54,22,21,43,29,20,49,7,4,11,1,4,5,217,137,354
2020-04-01,4,0,4,7,6,13,37,30,67,52,26,78,34,14,48,33,27,60,26,23,49,29,21,50,7,5,12,1,4,5,230,156,386
2020-04-02,4,0,4,7,6,13,38,30,68,54,29,83,36,17,53,35,30,65,28,23,51,36,23,59,8,7,15,2,8,10,248,173,421
2020-04-03,4,0,4,7,6,13,40,31,71,55,31,86,38,18,56,36,34,70,29,26,55,37,24,61,8,8,16,2,9,11,256,187,443
2020-04-04,4,2,6,7,6,13,41,33,74,57,31,88,38,19,57,38,35,73,29,28,57,38,24,62,8,9,17,3,9,12,263,196,459
2020-04-05,5,2,7,7,6,13,41,34,75,59,33,92,38,23,61,38,36,74,30,28,58,40,25,65,9,9,18,3,9,12,270,205,475
2020-04-06,5,2,7,7,6,13,42,36,78,62,36,98,38,23,61,40,41,81,33,30,63,42,27,69,9,10,19,3,9,12,281,220,501
2020-04-07,5,2,7,7,7,14,44,36,80,63,41,104,39,23,62,42,42,84,34,30,64,43,29,72,10,10,20,5,9,14,292,229,521
2020-04-08,7,2,9,8,7,15,44,37,81,64,47,111,40,26,66,44,42,86,35,30,65,45,29,74,10,11,21,5,9,14,302,240,542
2020-04-09,7,2,9,8,8,16,45,37,82,69,47,116,40,27,67,45,42,87,35,31,66,45,29,74,10,11,21,5,9,14,309,243,552
2020-04-10,7,2,9,8,8,16,45,38,83,73,50,123,40,27,67,46,42,88,35,31,66,45,29,74,10,11,21,5,9,14,314,247,561
2020-04-11,7,2,9,8,8,16,45,38,83,74,52,126,40,29,69,47,42,89,35,31,66,45,29,74,12,12,24,5,9,14,318,252,570
2020-04-12,7,2,9,8,8,16,46,38,84,77,55,132,40,29,69,47,44,91,35,31,66,45,30,75,13,13,26,5,9,14,323,259,582
2020-04-13,8,2,10,8,8,16,48,39,87,79,58,137,43,30,73,47,47,94,35,32,67,46,32,78,13,13,26,5,9,14,332,270,602
2020-04-14,8,2,10,8,8,16,50,41,91,83,59,142,44,32,76,49,48,97,37,33,70,49,32,81,13,14,27,5,10,15,346,279,625
2020-04-15,8,2,10,8,8,16,50,42,92,85,61,146,46,33,79,49,49,98,37,33,70,49,32,81,13,15,28,5,10,15,350,285,635
2020-04-16,8,2,10,8,8,16,50,44,94,88,63,151,48,33,81,52,51,103,38,33,71,51,33,84,14,19,33,6,13,19,363,299,662
2020-04-17,8,2,10,8,8,16,52,46,98,90,67,157,48,34,82,53,52,105,39,34,73,51,34,85,16,22,38,6,15,21,371,314,685
2020-04-18,8,3,11,8,8,16,53,47,100,90,67,157,50,37,87,53,53,106,42,35,77,52,35,87,17,26,43,6,19,25,379,330,709
2020-04-19,8,3,11,8,8,16,54,47,101,95,71,166,50,41,91,54,53,107,42,36,78,53,38,91,17,28,45,7,22,29,388,347,735
2020-04-20,8,3,11,8,8,16,54,48,102,97,72,169,52,42,94,56,56,112,43,36,79,53,40,93,20,30,50,8,23,31,399,358,757
2020-04-21,8,7,15,8,8,16,54,51,105,98,75,173,53,47,100,57,58,115,45,37,82,54,42,96,23,33,56,9,28,37,409,386,795
2020-04-22,9,7,16,9,9,18,61,58,119,103,78,181,56,49,105,58,62,120,48,40,88,56,49,105,27,37,64,14,34,48,441,423,864
2020-04-23,15,9,24,10,11,21,68,61,129,105,84,189,60,53,113,59,62,121,50,44,94,58,52,110,35,38,73,14,37,51,474,451,925
2020-04-24,16,9,25,11,13,24,72,67,139,113,88,201,63,56,119,61,68,129,53,45,98,58,52,110,37,41,78,14,37,51,498,476,974
2020-04-25,18,10,28,14,13,27,72,71,143,115,90,205,64,63,127,63,68,131,54,46,100,58,52,110,38,43,81,14,37,51,510,493,1003
2020-04-26,19,12,31,16,13,29,72,74,146,117,91,208,66,65,131,63,68,131,54,46,100,58,53,111,39,44,83,14,37,51,518,503,1021
2020-04-27,21,14,35,17,14,31,75,80,155,122,102,224,73,71,144,65,71,136,57,46,103,60,54,114,42,46,88,15,38,53,547,536,1083
2020-04-28,21,14,35,19,15,34,75,83,158,131,103,234,74,74,148,69,71,140,59,47,106,62,54,116,43,52,95,15,40,55,568,553,1121
2020-04-29,22,16,38,21,18,39,78,85,163,135,104,239,78,78,156,70,72,142,60,49,109,64,55,119,43,55,98,15,40,55,586,572,1158
2020-04-30,25,16,41,21,22,43,80,86,166,142,108,250,83,79,162,74,74,148,61,49,110,65,55,120,43,56,99,15,40,55,609,585,1194
2020-05-01,28,19,47,25,22,47,85,93,178,144,112,256,87,83,170,77,76,153,63,50,113,65,55,120,43,57,100,16,40,56,633,607,1240
2020-05-02,32,21,53,27,26,53,89,98,187,147,119,266,90,83,173,77,77,154,63,50,113,66,55,121,43,58,101,16,40,56,650,627,1277
2020-05-03,33,22,55,31,27,58,92,103,195,150,128,278,92,84,176,80,77,157,64,52,116,66,55,121,44,59,103,16,40,56,668,647,1315
2020-05-04,35,25,60,34,31,65,98,109,207,157,136,293,96,87,183,82,79,161,67,52,119,66,55,121,45,61,106,16,41,57,696,676,1372
2020-05-05,39,31,70,38,36,74,104,120,224,172,144,316,106,102,208,88,84,172,68,56,124,67,58,125,51,70,121,17,50,67,750,751,1501
2020-05-06,41,36,77,41,42,83,112,127,239,180,156,336,115,108,223,91,84,175,70,57,127,69,60,129,51,70,121,19,52,71,789,792,1581
2020-05-07,47,42,89,44,46,90,124,143,267,191,164,355,124,116,240,96,87,183,72,61,133,69,61,130,54,71,125,19,54,73,840,845,1685
2020-05-08,58,50,108,52,57,109,139,161,300,207,181,388,139,127,266,101,91,192,78,64,142,73,61,134,55,75,130,20,54,74,922,921,1843
2020-05-09,60,54,114,54,62,116,148,169,317,221,197,418,151,131,282,110,95,205,82,68,150,74,63,137,55,75,130,21,54,75,976,968,1944
2020-05-10,65,59,124,58,68,126,162,177,339,247,210,457,181,135,316,133,101,234,86,71,157,74,65,139,56,75,131,21,54,75,1083,1015,2098
2020-05-11,71,66,137,61,74,135,172,187,359,267,226,493,190,145,335,137,105,242,90,73,163,75,67,142,57,78,135,21,55,76,1141,1076,2217
2020-05-12,79,83,162,67,85,152,197,218,415,292,245,537,205,159,364,146,115,261,97,75,172,79,72,151,57,80,137,24,57,81,1243,1189,2432
2020-05-13,86,89,175,78,93,171,220,234,454,307,262,569,225,172,397,156,125,281,105,80,185,79,74,153,58,82,140,24,61,85,1338,1272,2610
2020-05-14,103,108,211,98,115,213,245,263,508,322,280,602,236,187,423,173,136,309,110,85,195,80,76,156,58,82,140,24,61,85,1449,1393,2842
2020-05-15,116,125,241,106,128,234,262,281,543,343,299,642,254,204,458,185,145,330,111,88,199,83,78,161,58,84,142,25,62,87,1543,1494,3037
2020-05-16,129,135,264,113,138,251,281,306,587,357,318,675,277,221,498,193,153,346,114,89,203,85,80,165,60,87,147,25,66,91,1634,1593,3227
2020-05-17,144,144,288,127,148,275,308,320,628,385,339,724,288,230,518,208,162,370,116,98,214,87,81,168,62,92,154,26,67,93,1751,1681,3432
2020-05-18,165,164,329,143,168,311,346,358,704,422,375,797,308,255,563,227,185,412,125,103,228,94,87,181,67,97,164,27,70,97,1924,1862,3786
2020-05-19,192,190,382,163,187,350,380,395,775,463,403,866,330,281,611,242,194,436,131,110,241,95,91,186,69,102,171,28,72,100,2093,2025,4118
2020-05-20,210,205,415,175,207,382,416,435,851,488,436,924,352,303,655,268,210,478,142,117,259,98,97,195,70,107,177,29,73,102,2248,2190,4438
2020-05-21,227,221,448,200,227,427,444,478,922,539,467,1006,376,331,707,290,222,512,154,119,273,103,101,204,72,110,182,29,76,105,2434,2352,4786
2020-05-22,244,229,473,214,244,458,470,519,989,574,491,1065,406,367,773,307,231,538,166,127,293,103,106,209,72,111,183,31,77,108,2587,2502,5089
2020-05-23,262,252,514,231,270,501,505,545,1050,600,519,1119,436,386,822,319,252,571,175,133,308,105,109,214,74,120,194,31,80,111,2738,2666,5404
2020-05-24,277,264,541,240,276,516,528,572,1100,621,549,1170,464,405,869,335,261,596,182,137,319,105,112,217,77,121,198,32,81,113,2861,2778,5639
2020-05-25,299,280,579,255,292,547,547,599,1146,648,575,1223,487,426,913,350,275,625,187,146,333,109,121,230,79,129,208,33,82,115,2994,2925,5919
2020-05-26,321,296,617,275,315,590,584,641,1225,689,611,1300,516,450,966,375,304,679,198,153,351,111,126,237,80,136,216,35,89,124,3184,3121,6305
2020-05-27,352,306,658,295,341,636,619,687,1306,736,647,1383,546,480,1026,399,320,719,206,162,368,121,134,255,83,140,223,35,92,127,3392,3309,6701
2020-05-28,380,319,699,318,372,690,665,733,1398,770,677,1447,576,514,1090,420,338,758,219,172,391,126,145,271,96,160,256,39,111,150,3609,3541,7150
2020-05-29,404,352,756,336,401,737,693,773,1466,816,702,1518,595,542,1137,437,354,791,229,182,411,138,151,289,99,174,273,39,118,157,3786,3749,7535
2020-05-30,415,369,784,358,423,781,718,807,1525,844,735,1579,611,556,1167,453,363,816,235,188,423,141,156,297,101,177,278,40,119,159,3916,3893,7809
2020-05-31,420,379,799,368,440,808,747,828,1575,862,756,1618,627,581,1208,469,381,850,242,192,434,149,159,308,107,179,286,43,120,163,4034,4015,8049
2020-06-01,441,396,837,383,463,846,774,860,1634,908,785,1693,663,610,1273,488,405,893,249,202,451,154,169,323,113,186,299,45,120,165,4218,4196,8414
2020-06-02,468,417,885,414,484,898,811,901,1712,943,827,1770,694,637,1331,504,426,930,271,212,483,165,174,339,117,203,320,49,131,180,4436,4412,8848
2020-06-03,486,438,924,430,507,937,841,941,1782,992,861,1853,726,662,1388,529,446,975,287,229,516,173,189,362,121,211,332,52,134,186,4637,4618,9255
2020-06-04,507,464,971,447,532,979,878,990,1868,1024,901,1925,749,687,1436,551,464,1015,303,236,539,177,195,372,122,217,339,55,142,197,4813,4828,9641
2020-06-05,540,486,1026,479,554,1033,920,1032,1952,1068,946,2014,778,712,1490,575,482,1057,320,248,568,183,208,391,127,224,351,55,146,201,5045,5038,10083
2020-06-06,560,506,1066,495,572,1067,948,1070,2018,1122,978,2100,801,741,1542,593,502,1095,326,256,582,187,217,404,130,238,368,56,154,210,5218,5234,10452
2020-06-07,574,527,1101,514,582,1096,978,1111,2089,1151,998,2149,826,761,1587,607,514,1121,332,263,595,190,223,413,133,251,384,56,163,219,5361,5393,10754
2020-06-08,602,564,1166,538,615,1153,1030,1157,2187,1214,1052,2266,862,803,1665,652,542,1194,352,275,627,203,233,436,145,263,408,56,173,229,5654,5677,11331
2020-06-09,626,588,1214,567,642,1209,1070,1210,2280,1267,1110,2377,910,845,1755,695,581,1276,369,288,657,221,242,463,153,277,430,57,180,237,5935,5963,11898
2020-06-10,645,609,1254,588,669,1257,1121,1262,2383,1317,1163,2480,958,879,1837,727,610,1337,387,306,693,236,256,492,160,307,467,58,196,254,6197,6257,12454
2020-06-11,672,633,1305,616,704,1320,1190,1324,2514,1384,1206,2590,1002,926,1928,771,630,1401,402,324,726,251,269,520,165,318,483,58,203,261,6511,6537,13048
2020-06-12,710,669,1379,651,741,1392,1242,1386,2628,1439,1256,2695,1053,971,2024,802,656,1458,424,347,771,265,279,544,169,322,491,59,207,266,6814,6834,13648
2020-06-13,741,689,1430,672,774,1446,1287,1431,2718,1475,1305,2780,1085,1013,2098,831,678,1509,440,358,798,275,292,567,174,337,511,62,220,282,7042,7097,14139
2020-06-14,760,713,1473,692,786,1478,1312,1464,2776,1512,1339,2851,1107,1036,2143,852,692,1544,451,372,823,280,300,580,178,349,527,63,230,293,7207,7281,14488
2020-06-15,785,728,1513,716,804,1520,1357,1503,2860,1558,1382,2940,1144,1058,2202,868,710,1578,465,379,844,285,307,592,181,358,539,69,231,300,7428,7460,14888
2020-06-16,822,762,1584,737,833,1570,1420,1558,2978,1628,1443,3071,1207,1096,2303,903,746,1649,495,397,892,301,318,619,186,375,561,70,236,306,7769,7764,15533
2020-06-17,858,788,1646,765,867,1632,1502,1628,3130,1711,1518,3229,1264,1161,2425,958,794,1752,532,423,955,330,329,659,195,399,594,71,249,320,8186,8156,16342
2020-06-18,880,821,1701,811,903,1714,1581,1699,3280,1802,1591,3393,1335,1227,2562,1020,843,1863,556,439,995,344,343,687,203,413,616,72,258,330,8604,8537,17141
2020-06-19,907,853,1760,852,952,1804,1644,1763,3407,1883,1665,3548,1394,1270,2664,1061,882,1943,586,465,1051,371,369,740,221,430,651,73,278,351,8992,8927,17919
2020-06-20,936,891,1827,885,989,1874,1698,1815,3513,1950,1724,3674,1443,1333,2776,1096,915,2011,604,483,1087,385,387,772,231,442,673,78,288,366,9306,9267,18573
2020-06-21,957,921,1878,919,1015,1934,1738,1855,3593,2012,1765,3777,1478,1370,2848,1126,941,2067,625,492,1117,395,398,793,240,459,699,78,299,377,9568,9515,19083
2020-06-22,1005,956,1961,955,1060,2015,1823,1922,3745,2111,1836,3947,1554,1419,2973,1197,986,2183,678,524,1202,417,429,846,258,479,737,83,309,392,10081,9920,20001
2020-06-23,1039,984,2023,992,1097,2089,1914,1988,3902,2181,1917,4098,1624,1483,3107,1265,1032,2297,701,546,1247,430,443,873,273,509,782,86,320,406,10505,10319,20824
2020-06-24,1068,1008,2076,1023,1131,2154,2012,2069,4081,2260,1982,4242,1697,1550,3247,1320,1080,2400,726,566,1292,447,455,902,283,526,809,90,332,422,10926,10699,21625
2020-06-25,1105,1045,2150,1064,1168,2232,2089,2158,4247,2350,2058,4408,1744,1607,3351,1372,1119,2491,754,583,1337,459,473,932,292,550,842,92,347,439,11321,11108,22429
2020-06-26,1139,1089,2228,1119,1202,2321,2148,2235,4383,2450,2134,4584,1804,1671,3475,1424,1167,2591,788,601,1389,473,490,963,302,569,871,94,361,455,11741,11519,23260
2020-06-27,1175,1123,2298,1153,1237,2390,2216,2287,4503,2501,2207,4708,1847,1716,3563,1463,1198,2661,818,619,1437,480,501,981,309,584,893,96,368,464,12058,11840,23898
2020-06-28,1201,1139,2340,1184,1259,2443,2272,2346,4618,2553,2254,4807,1911,1752,3663,1497,1231,2728,834,630,1464,488,512,1000,317,598,915,99,376,475,12356,12097,24453
2020-06-29,1223,1164,2387,1224,1302,2526,2349,2412,4761,2648,2318,4966,1979,1820,3799,1546,1272,2818,868,650,1518,503,527,1030,334,623,957,102,390,492,12776,12478,25254
2020-06-30,1251,1192,2443,1269,1334,2603,2421,2481,4902,2717,2390,5107,2049,1883,3932,1601,1315,2916,896,675,1571,522,544,1066,352,645,997,107,408,515,13185,12867,26052
2020-07-01,1277,1225,2502,1312,1371,2683,2490,2538,5028,2802,2465,5267,2105,1934,4039,1654,1357,3011,933,704,1637,539,558,1097,370,663,1033,111,417,528,13593,13232,26825
2020-07-02,1314,1251,2565,1345,1420,2765,2563,2622,5185,2875,2547,5422,2190,1999,4189,1701,1398,3099,981,725,1706,561,577,1138,377,681,1058,113,425,538,14020,13645,27665
2020-07-03,1353,1293,2646,1393,1459,2852,2648,2688,5336,2977,2606,5583,2256,2071,4327,1761,1450,3211,1017,748,1765,581,602,1183,385,702,1087,116,443,559,14487,14062,28549
2020-07-04,1378,1334,2712,1423,1484,2907,2701,2755,5456,3044,2671,5715,2321,2112,4433,1805,1491,3296,1049,774,1823,606,633,1239,391,747,1138,118,471,589,14836,14472,29308
2020-07-05,1398,1357,2755,1450,1508,2958,2743,2804,5547,3098,2712,5810,2381,2160,4541,1842,1528,3370,1079,799,1878,630,662,1292,405,779,1184,122,485,607,15148,14794,29942
2020-07-06,1421,1383,2804,1489,1540,3029,2823,2879,5702,3204,2795,5999,2458,2231,4689,1911,1578,3489,1133,836,1969,652,693,1345,420,823,1243,129,507,636,15640,15265,30905
2020-07-07,1455,1421,2876,1514,1570,3084,2916,2951,5867,3299,2870,6169,2537,2300,4837,1970,1623,3593,1163,862,2025,689,719,1408,434,849,1283,133,520,653,16110,15685,31795
2020-07-08,1493,1458,2951,1543,1610,3153,2991,3025,6016,3400,2962,6362,2610,2371,4981,2026,1689,3715,1209,896,2105,712,751,1463,457,887,1344,140,546,686,16581,16195,32776
2020-07-09,1527,1486,3013,1577,1646,3223,3050,3083,6133,3472,3043,6515,2678,2425,5103,2067,1712,3779,1254,942,2196,740,775,1515,471,925,1396,145,558,703,16981,16595,33576
2020-07-10,1559,1517,3076,1612,1675,3287,3112,3155,6267,3546,3119,6665,2745,2480,5225,2122,1763,3885,1296,976,2272,758,792,1550,489,949,1438,149,572,721,17388,16998,34386
2020-07-11,1580,1545,3125,1638,1705,3343,3160,3214,6374,3623,3194,6817,2812,2531,5343,2171,1807,3978,1338,999,2337,781,813,1594,495,974,1469,153,584,737,17751,17366,35117
2020-07-12,1604,1563,3167,1657,1728,3385,3207,3258,6465,3681,3252,6933,2866,2565,5431,2219,1836,4055,1361,1026,2387,798,827,1625,513,1003,1516,158,600,758,18064,17658,35722
2020-07-13,1640,1593,3233,1705,1766,3471,3285,3343,6628,3794,3352,7146,2960,2657,5617,2295,1896,4191,1402,1060,2462,824,853,1677,533,1043,1576,166,627,793,18604,18190,36794
2020-07-14,1670,1626,3296,1738,1796,3534,3369,3419,6788,3913,3451,7364,3030,2726,5756,2354,1953,4307,1450,1100,2550,852,874,1726,548,1074,1622,174,648,822,19098,18667,37765
2020-07-15,1699,1658,3357,1777,1826,3603,3447,3500,6947,4013,3571,7584,3109,2810,5919,2423,1997,4420,1491,1131,2622,884,902,1786,563,1107,1670,179,675,854,19585,19177,38762
2020-07-16,1727,1696,3423,1821,1865,3686,3532,3578,7110,4136,3675,7811,3197,2885,6082,2494,2060,4554,1532,1171,2703,908,930,1838,585,1149,1734,190,714,904,20122,19723,39845
2020-07-17,1768,1721,3489,1849,1899,3748,3605,3688,7293,4244,3765,8009,3272,2956,6228,2560,2122,4682,1579,1205,2784,931,954,1885,605,1194,1799,198,747,945,20611,20251,40862
2020-07-18,1796,1756,3552,1887,1921,3808,3671,3753,7424,4344,3857,8201,3349,3035,6384,2616,2174,4790,1620,1236,2856,959,984,1943,615,1225,1840,203,762,965,21060,20703,41763
2020-07-19,1826,1792,3618,1918,1948,3866,3739,3816,7555,4417,3940,8357,3420,3096,6516,2669,2217,4886,1661,1260,2921,984,1011,1995,630,1256,1886,213,782,995,21477,21118,42595
2020-07-20,1851,1831,3682,1952,1990,3942,3846,3909,7755,4551,4045,8596,3524,3174,6698,2736,2284,5020,1715,1316,3031,1010,1046,2056,652,1294,1946,218,794,1012,22055,21683,43738
2020-07-21,1892,1860,3752,1992,2023,4015,3931,4019,7950,4685,4174,8859,3626,3286,6912,2829,2375,5204,1773,1350,3123,1038,1071,2109,670,1328,1998,224,821,1045,22660,22307,44967
2020-07-22,1923,1884,3807,2024,2063,4087,4049,4119,8168,4806,4278,9084,3716,3361,7077,2914,2437,5351,1825,1389,3214,1080,1103,2183,689,1357,2046,228,842,1070,23254,22833,46087
2020-07-23,1954,1920,3874,2051,2098,4149,4147,4226,8373,4913,4368,9281,3803,3443,7246,2988,2497,5485,1863,1422,3285,1108,1127,2235,713,1382,2095,231,856,1087,23771,23339,47110
2020-07-24,1995,1955,3950,2090,2129,4219,4255,4318,8573,5038,4472,9510,3894,3530,7424,3071,2555,5626,1899,1465,3364,1130,1147,2277,728,1424,2152,236,877,1113,24336,23872,48208
2020-07-25,2019,1978,3997,2116,2152,4268,4322,4382,8704,5133,4542,9675,3979,3589,7568,3113,2600,5713,1935,1493,3428,1147,1168,2315,742,1448,2190,245,893,1138,24751,24245,48996
2020-07-26,2039,2001,4040,2137,2179,4316,4373,4443,8816,5194,4615,9809,4031,3639,7670,3150,2638,5788,1967,1507,3474,1174,1191,2365,763,1484,2247,250,907,1157,25078,24604,49682
2020-07-27,2066,2021,4087,2167,2216,4383,4467,4514,8981,5323,4735,10058,4102,3724,7826,3228,2703,5931,2009,1548,3557,1198,1216,2414,782,1507,2289,258,928,1186,25600,25112,50712
2020-07-28,2097,2045,4142,2212,2249,4461,4561,4592,9153,5452,4854,10306,4186,3808,7994,3303,2754,6057,2042,1589,3631,1229,1243,2472,801,1538,2339,261,950,1211,26144,25622,51766
2020-07-29,2116,2076,4192,2261,2289,4550,4648,4676,9324,5549,4944,10493,4280,3891,8171,3353,2827,6180,2095,1611,3706,1256,1274,2530,822,1573,2395,267,969,1236,26647,26130,52777
2020-07-30,2152,2100,4252,2286,2327,4613,4746,4763,9509,5679,5044,10723,4368,3975,8343,3400,2884,6284,2141,1637,3778,1272,1317,2589,838,1615,2453,273,999,1272,27155,26661,53816
2020-07-31,2176,2133,4309,2341,2366,4707,4824,4847,9671,5769,5136,10905,4458,4052,8510,3462,2948,6410,2198,1653,3851,1293,1344,2637,855,1655,2510,277,1024,1301,27653,27158,54811
2020-08-01,2209,2164,4373,2366,2411,4777,4892,4928,9820,5868,5230,11098,4562,4136,8698,3519,2991,6510,2229,1682,3911,1311,1365,2676,866,1682,2548,282,1036,1318,28104,27625,55729
2020-08-02,2233,2185,4418,2392,2444,4836,4947,4986,9933,5950,5297,11247,4634,4194,8828,3574,3033,6607,2264,1717,3981,1339,1392,2731,892,1718,2610,284,1063,1347,28509,28029,56538
2020-08-03,2272,2224,4496,2449,2482,4931,5061,5105,10166,6084,5408,11492,4756,4304,9060,3652,3118,6770,2323,1774,4097,1371,1426,2797,915,1780,2695,288,1098,1386,29171,28719,57890
2020-08-04,2304,2249,4553,2490,2529,5019,5170,5200,10370,6217,5534,11751,4872,4420,9292,3734,3197,6931,2386,1822,4208,1408,1471,2879,939,1839,2778,297,1137,1434,29817,29398,59215
2020-08-05,2343,2286,4629,2543,2564,5107,5279,5302,10581,6348,5647,11995,4983,4522,9505,3818,3265,7083,2465,1878,4343,1442,1510,2952,965,1913,2878,304,1189,1493,30490,30076,60566
2020-08-06,2374,2316,4690,2587,2602,5189,5386,5386,10772,6447,5759,12206,5086,4606,9692,3886,3336,7222,2507,1923,4430,1463,1533,2996,979,1950,2929,313,1212,1525,31028,30623,61651
2020-08-07,2402,2343,4745,2616,2640,5256,5478,5474,10952,6550,5860,12410,5178,4679,9857,3946,3404,7350,2548,1971,4519,1491,1555,3046,998,1980,2978,320,1230,1550,31527,31136,62663
2020-08-08,2428,2372,4800,2645,2662,5307,5538,5537,11075,6625,5944,12569,5236,4746,9982,4001,3459,7460,2580,2002,4582,1510,1589,3099,1010,2019,3029,324,1255,1579,31897,31585,63482
2020-08-09,2446,2385,4831,2668,2692,5360,5596,5603,11199,6692,6002,12694,5292,4807,10099,4057,3496,7553,2624,2041,4665,1528,1600,3128,1020,2037,3057,329,1259,1588,32252,31922,64174
2020-08-10,2472,2417,4889,2702,2729,5431,5679,5693,11372,6816,6129,12945,5389,4904,10293,4137,3568,7705,2662,2081,4743,1553,1629,3182,1038,2073,3111,333,1284,1617,32781,32507,65288
2020-08-11,2491,2438,4929,2727,2761,5488,5745,5759,11504,6937,6226,13163,5500,4983,10483,4212,3639,7851,2713,2113,4826,1576,1658,3234,1052,2115,3167,340,1308,1648,33293,33000,66293
2020-08-12,2514,2472,4986,2763,2786,5549,5830,5834,11664,7036,6329,13365,5587,5055,10642,4289,3710,7999,2757,2156,4913,1596,1682,3278,1062,2137,3199,347,1316,1663,33781,33477,67258
2020-08-13,2533,2492,5025,2800,2825,5625,5920,5915,11835,7125,6417,13542,5660,5139,10799,4345,3768,8113,2815,2180,4995,1610,1705,3315,1074,2154,3228,351,1323,1674,34233,33918,68151
2020-08-14,2555,2509,5064,2827,2862,5689,6005,5997,12002,7232,6514,13746,5733,5210,10943,4402,3811,8213,2855,2215,5070,1636,1727,3363,1088,2182,3270,354,1339,1693,34687,34366,69053
2020-08-15,2569,2527,5096,2857,2887,5744,6068,6070,12138,7318,6589,13907,5792,5270,11062,4450,3864,8314,2890,2248,5138,1663,1768,3431,1110,2241,3351,359,1372,1731,35076,34836,69912
2020-08-16,2586,2545,5131,2880,2903,5783,6135,6108,12243,7373,6638,14011,5849,5315,11164,4494,3895,8389,2914,2272,5186,1687,1787,3474,1123,2258,3381,362,1386,1748,35403,35107,70510
2020-08-17,2606,2558,5164,2923,2930,5853,6202,6188,12390,7463,6738,14201,5922,5374,11296,4552,3942,8494,2959,2298,5257,1718,1801,3519,1132,2278,3410,364,1395,1759,35841,35502,71343
2020-08-18,2623,2589,5212,2967,2965,5932,6303,6264,12567,7590,6841,14431,6024,5455,11479,4635,4017,8652,3000,2343,5343,1743,1827,3570,1145,2325,3470,369,1423,1792,36399,36049,72448
2020-08-19,2652,2613,5265,3000,3001,6001,6415,6355,12770,7731,6954,14685,6129,5554,11683,4706,4095,8801,3050,2383,5433,1763,1858,3621,1163,2362,3525,376,1443,1819,36985,36618,73603
2020-08-20,2679,2634,5313,3046,3037,6083,6495,6436,12931,7857,7045,14902,6222,5615,11837,4773,4155,8928,3099,2420,5519,1792,1888,3680,1184,2395,3579,381,1464,1845,37528,37089,74617
2020-08-21,2702,2656,5358,3083,3078,6161,6587,6517,13104,7973,7143,15116,6309,5714,12023,4847,4222,9069,3143,2452,5595,1815,1911,3726,1202,2416,3618,383,1477,1860,38044,37586,75630
2020-08-22,2724,2677,5401,3118,3100,6218,6659,6597,13256,8063,7242,15305,6384,5778,12162,4901,4276,9177,3181,2484,5665,1843,1933,3776,1212,2435,3647,384,1481,1865,38469,38003,76472
2020-08-23,2749,2699,5448,3151,3131,6282,6732,6672,13404,8130,7299,15429,6447,5848,12295,4958,4330,9288,3221,2523,5744,1863,1951,3814,1232,2458,3690,390,1492,1882,38873,38403,77276
2020-08-24,2783,2726,5509,3191,3163,6354,6838,6768,13606,8265,7416,15681,6564,5964,12528,5036,4413,9449,3278,2578,5856,1893,1978,3871,1246,2476,3722,395,1500,1895,39489,38982,78471
2020-08-25,2817,2746,5563,3234,3196,6430,6936,6873,13809,8398,7563,15961,6661,6075,12736,5129,4497,9626,3339,2627,5966,1931,2012,3943,1271,2510,3781,400,1519,1919,40116,39618,79734
2020-08-26,2850,2775,5625,3277,3240,6517,7050,6982,14032,8546,7683,16229,6799,6170,12969,5232,4567,9799,3396,2673,6069,1967,2062,4029,1289,2543,3832,404,1547,1951,40810,40242,81052
2020-08-27,2878,2815,5693,3327,3289,6616,7164,7102,14266,8691,7817,16508,6915,6293,13208,5309,4650,9959,3454,2722,6176,1993,2082,4075,1308,2590,3898,410,1566,1976,41449,40926,82375
2020-08-28,2899,2835,5734,3366,3332,6698,7266,7210,14476,8808,7930,16738,7014,6379,13393,5405,4736,10141,3509,2774,6283,2025,2115,4140,1321,2616,3937,414,1578,1992,42027,41505,83532
2020-08-29,2922,2850,5772,3391,3361,6752,7343,7286,14629,8899,8022,16921,7093,6462,13555,5468,4800,10268,3548,2816,6364,2046,2142,4188,1336,2639,3975,417,1584,2001,42463,41962,84425
2020-08-30,2935,2861,5796,3419,3391,6810,7403,7340,14743,8967,8089,17056,7155,6534,13689,5530,4852,10382,3591,2843,6434,2071,2161,4232,1347,2665,4012,419,1592,2011,42837,42328,85165
2020-08-31,2959,2879,5838,3449,3431,6880,7518,7454,14972,9096,8212,17308,7279,6637,13916,5612,4924,10536,3646,2887,6533,2102,2208,4310,1364,2715,4079,425,1615,2040,43450,42962,86412
2020-09-01,2975,2898,5873,3491,3468,6959,7603,7553,15156,9232,8325,17557,7413,6748,14161,5691,4989,10680,3703,2936,6639,2128,2242,4370,1384,2754,4138,428,1641,2069,44048,43554,87602
2020-09-02,2992,2908,5900,3522,3502,7024,7680,7630,15310,9331,8426,17757,7503,6830,14333,5755,5047,10802,3744,2977,6721,2151,2268,4419,1400,2774,4174,430,1644,2074,44508,44006,88514
2020-09-03,3003,2929,5932,3557,3529,7086,7777,7704,15481,9435,8525,17960,7597,6915,14512,5835,5097,10932,3796,3019,6815,2180,2297,4477,1414,2795,4209,434,1653,2087,45028,44463,89491
2020-09-04,3026,2947,5973,3584,3575,7159,7889,7782,15671,9535,8627,18162,7673,7006,14679,5902,5174,11076,3839,3050,6889,2201,2324,4525,1421,2814,4235,438,1667,2105,45508,44966,90474
2020-09-05,3036,2961,5997,3614,3598,7212,7963,7853,15816,9618,8708,18326,7753,7098,14851,5960,5220,11180,3871,3087,6958,2231,2355,4586,1433,2842,4275,440,1679,2119,45919,45401,91320
2020-09-06,3051,2973,6024,3638,3624,7262,8019,7900,15919,9671,8757,18428,7807,7152,14959,6005,5262,11267,3908,3114,7022,2254,2381,4635,1445,2856,4301,444,1685,2129,46242,45704,91946
2020-09-07,3070,2990,6060,3669,3654,7323,8111,7986,16097,9783,8851,18634,7890,7238,15128,6094,5334,11428,3965,3158,7123,2298,2415,4713,1468,2895,4363,447,1710,2157,46795,46231,93026
2020-09-08,3091,3008,6099,3698,3692,7390,8202,8067,16269,9911,8957,18868,8009,7339,15348,6173,5408,11581,4014,3203,7217,2334,2441,4775,1483,2933,4416,451,1723,2174,47366,46771,94137
2020-09-09,3112,3034,6146,3734,3725,7459,8316,8159,16475,10030,9067,19097,8103,7413,15516,6239,5479,11718,4077,3248,7325,2372,2473,4845,1491,2949,4440,456,1742,2198,47930,47289,95219
2020-09-10,3141,3051,6192,3766,3761,7527,8392,8243,16635,10129,9155,19284,8196,7505,15701,6320,5540,11860,4133,3277,7410,2400,2510,4910,1506,2994,4500,461,1776,2237,48444,47812,96256
2020-09-11,3170,3069,6239,3795,3799,7594,8459,8345,16804,10237,9238,19475,8300,7601,15901,6391,5614,12005,4166,3306,7472,2432,2544,4976,1520,3013,4533,462,1781,2243,48932,48310,97242
2020-09-12,3184,3081,6265,3816,3826,7642,8505,8396,16901,10302,9303,19605,8370,7686,16056,6437,5665,12102,4199,3341,7540,2448,2566,5014,1529,3031,4560,464,1802,2266,49254,48697,97951
2020-09-13,3198,3098,6296,3842,3850,7692,8551,8447,16998,10362,9370,19732,8424,7743,16167,6480,5697,12177,4237,3377,7614,2475,2587,5062,1537,3054,4591,466,1805,2271,49572,49028,98600
2020-09-14,3214,3114,6328,3872,3874,7746,8623,8520,17143,10474,9478,19952,8502,7812,16314,6546,5766,12312,4276,3411,7687,2505,2614,5119,1547,3076,4623,471,1815,2286,50030,49480,99510
2020-09-15,3238,3124,6362,3903,3903,7806,8680,8585,17265,10560,9557,20117,8568,7893,16461,6632,5821,12453,4323,3450,7773,2526,2644,5170,1560,3089,4649,474,1825,2299,50464,49891,100355
2020-09-16,3258,3141,6399,3935,3928,7863,8755,8654,17409,10638,9641,20279,8662,7966,16628,6699,5878,12577,4352,3483,7835,2546,2679,5225,1571,3115,4686,477,1843,2320,50893,50328,101221
2020-09-17,3271,3156,6427,3955,3957,7912,8829,8728,17557,10708,9721,20429,8730,8042,16772,6747,5919,12666,4401,3513,7914,2565,2696,5261,1583,3128,4711,480,1850,2330,51269,50710,101979
2020-09-18,3300,3184,6484,3991,3993,7984,8895,8812,17707,10795,9808,20603,8792,8109,16901,6800,5960,12760,4440,3539,7979,2583,2729,5312,1596,3146,4742,481,1860,2341,51673,51140,102813
2020-09-19,3310,3197,6507,4012,4019,8031,8943,8858,17801,10861,9872,20733,8856,8147,17003,6841,6001,12842,4477,3571,8048,2594,2748,5342,1600,3160,4760,482,1867,2349,51976,51440,103416
2020-09-20,3319,3210,6529,4033,4034,8067,8985,8893,17878,10903,9924,20827,8892,8178,17070,6867,6024,12891,4500,3602,8102,2608,2770,5378,1608,3170,4778,482,1873,2355,52197,51678,103875
2020-09-21,3337,3222,6559,4066,4058,8124,9057,8955,18012,10986,9981,20967,8966,8222,17188,6907,6067,12974,4541,3630,8171,2632,2797,5429,1622,3189,4811,482,1878,2360,52596,51999,104595
2020-09-22,3357,3233,6590,4093,4086,8179,9138,9010,18148,11063,10068,21131,9028,8289,17317,6966,6108,13074,4580,3670,8250,2652,2815,5467,1638,3218,4856,484,1894,2378,52999,52391,105390
2020-09-23,3377,3253,6630,4117,4113,8230,9203,9070,18273,11138,10128,21266,9093,8367,17460,7024,6156,13180,4612,3703,8315,2678,2838,5516,1646,3233,4879,487,1899,2386,53375,52760,106135
2020-09-24,3394,3269,6663,4153,4145,8298,9277,9138,18415,11223,10216,21439,9149,8435,17584,7085,6207,13292,4663,3739,8402,2702,2849,5551,1663,3253,4916,491,1905,2396,53800,53156,106956
2020-09-25,3410,3291,6701,4184,4167,8351,9350,9197,18547,11285,10304,21589,9222,8511,17733,7140,6266,13406,4702,3771,8473,2736,2883,5619,1674,3268,4942,494,1921,2415,54197,53579,107776
2020-09-26,3422,3299,6721,4205,4193,8398,9394,9237,18631,11328,10355,21683,9285,8552,17837,7173,6308,13481,4723,3802,8525,2754,2902,5656,1684,3280,4964,495,1931,2426,54463,53859,108322
2020-09-27,3436,3312,6748,4222,4214,8436,9455,9275,18730,11387,10408,21795,9335,8591,17926,7209,6345,13554,4745,3816,8561,2778,2916,5694,1690,3290,4980,498,1935,2433,54755,54102,108857
2020-09-28,3455,3325,6780,4251,4242,8493,9525,9347,18872,11468,10489,21957,9407,8660,18067,7264,6391,13655,4790,3856,8646,2798,2941,5739,1711,3308,5019,502,1941,2443,55171,54500,109671
2020-09-29,3481,3339,6820,4278,4261,8539,9604,9414,19018,11557,10564,22121,9477,8728,18205,7316,6448,13764,4826,3901,8727,2827,2974,5801,1719,3333,5052,504,1951,2455,55589,54913,110502
2020-09-30,3499,3361,6860,4299,4289,8588,9674,9486,19160,11643,10639,22282,9545,8797,18342,7365,6501,13866,4874,3933,8807,2856,2987,5843,1732,3352,5084,508,1956,2464,55995,55301,111296
2020-10-01,3519,3373,6892,4318,4321,8639,9752,9564,19316,11719,10716,22435,9600,8849,18449,7415,6556,13971,4903,3975,8878,2866,3012,5878,1741,3371,5112,511,1964,2475,56344,55701,112045
2020-10-02,3538,3387,6925,4352,4344,8696,9823,9627,19450,11788,10791,22579,9656,8922,18578,7460,6616,14076,4937,4015,8952,2883,3038,5921,1756,3391,5147,516,1975,2491,56709,56106,112815
2020-10-03,3558,3397,6955,4372,4372,8744,9870,9662,19532,11837,10833,22670,9694,8965,18659,7503,6660,14163,4959,4032,8991,2894,3045,5939,1762,3401,5163,517,1979,2496,56966,56346,113312
2020-10-04,3565,3403,6968,4387,4385,8772,9914,9712,19626,11877,10873,22750,9726,8997,18723,7532,6686,14218,4977,4054,9031,2908,3054,5962,1767,3410,5177,517,1987,2504,57170,56561,113731
2020-10-05,3576,3417,6993,4409,4400,8809,9965,9783,19748,11968,10936,22904,9786,9047,18833,7580,6737,14317,5024,4087,9111,2930,3074,6004,1775,3424,5199,518,1995,2513,57531,56900,114431
2020-10-06,3601,3434,7035,4433,4430,8863,10031,9862,19893,12059,11010,23069,9861,9099,18960,7643,6800,14443,5056,4117,9173,2945,3089,6034,1789,3443,5232,520,2001,2521,57938,57285,115223
2020-10-07,3613,3444,7057,4452,4458,8910,10109,9923,20032,12122,11082,23204,9929,9161,19090,7698,6855,14553,5086,4138,9224,2957,3105,6062,1800,3465,5265,520,2012,2532,58286,57643,115929
2020-10-08,3630,3455,7085,4473,4488,8961,10175,9982,20157,12195,11150,23345,9974,9234,19208,7745,6901,14646,5111,4167,9278,2974,3129,6103,1814,3499,5313,522,2026,2548,58613,58031,116644
2020-10-09,3649,3468,7117,4494,4512,9006,10228,10064,20292,12271,11224,23495,10026,9297,19323,7797,6948,14745,5137,4205,9342,2988,3148,6136,1831,3532,5363,525,2043,2568,58946,58441,117387
2020-10-10,3659,3474,7133,4508,4536,9044,10270,10105,20375,12325,11278,23603,10074,9338,19412,7838,6996,14834,5163,4228,9391,3003,3165,6168,1838,3544,5382,526,2045,2571,59204,58709,117913
2020-10-11,3671,3489,7160,4520,4553,9073,10300,10142,20442,12356,11325,23681,10111,9368,19479,7870,7019,14889,5176,4253,9429,3018,3177,6195,1847,3563,5410,528,2052,2580,59397,58941,118338
2020-10-12,3691,3503,7194,4542,4580,9122,10342,10174,20516,12415,11377,23792,10163,9409,19572,7903,7059,14962,5209,4277,9486,3037,3192,6229,1850,3580,5430,529,2058,2587,59681,59209,118890
2020-10-13,3705,3520,7225,4572,4604,9176,10401,10241,20642,12496,11457,23953,10233,9465,19698,7958,7100,15058,5244,4301,9545,3050,3210,6260,1861,3601,5462,531,2071,2602,60051,59570,119621
2020-10-14,3718,3535,7253,4597,4630,9227,10465,10303,20768,12561,11518,24079,10303,9524,19827,8016,7161,15177,5264,4330,9594,3071,3227,6298,1871,3613,5484,532,2078,2610,60398,59919,120317
2020-10-15,3731,3555,7286,4643,4661,9304,10539,10364,20903,12637,11587,24224,10363,9586,19949,8057,7199,15256,5289,4353,9642,3089,3249,6338,1879,3633,5512,535,2081,2616,60762,60268,121030
2020-10-16,3748,3565,7313,4666,4694,9360,10588,10436,21024,12704,11650,24354,10426,9644,20070,8098,7237,15335,5319,4382,9701,3106,3272,6378,1890,3655,5545,537,2101,2638,61082,60636,121718
2020-10-17,3760,3578,7338,4684,4712,9396,10641,10473,21114,12757,11706,24463,10468,9678,20146,8134,7265,15399,5338,4405,9743,3116,3282,6398,1897,3664,5561,540,2104,2644,61335,60867,122202
2020-10-18,3769,3586,7355,4700,4729,9429,10674,10502,21176,12792,11734,24526,10490,9704,20194,8156,7291,15447,5354,4423,9777,3129,3295,6424,1899,3671,5570,540,2110,2650,61503,61045,122548
2020-10-19,3783,3600,7383,4720,4753,9473,10723,10544,21267,12841,11785,24626,10552,9741,20293,8195,7327,15522,5381,4444,9825,3156,3317,6473,1903,3684,5587,541,2114,2655,61795,61309,123104
2020-10-20,3789,3607,7396,4734,4774,9508,10781,10599,21380,12896,11833,24729,10606,9792,20398,8239,7362,15601,5407,4470,9877,3168,3328,6496,1916,3701,5617,542,2120,2662,62078,61586,123664
2020-10-21,3803,3617,7420,4752,4795,9547,10828,10644,21472,12939,11879,24818,10656,9826,20482,8267,7401,15668,5434,4487,9921,3182,3345,6527,1918,3707,5625,543,2124,2667,62322,61825,124147
2020-10-22,3813,3627,7440,4773,4814,9587,10877,10688,21565,12986,11917,24903,10694,9854,20548,8292,7426,15718,5452,4503,9955,3194,3359,6553,1923,3714,5637,544,2124,2668,62548,62026,124574
2020-10-23,3821,3636,7457,4796,4828,9624,10916,10745,21661,13026,11964,24990,10744,9896,20640,8327,7453,15780,5474,4528,10002,3204,3372,6576,1933,3722,5655,545,2125,2670,62786,62269,125055
2020-10-24,3828,3647,7475,4811,4842,9653,10952,10777,21729,13056,12007,25063,10774,9925,20699,8363,7472,15835,5493,4540,10033,3216,3382,6598,1938,3727,5665,545,2130,2675,62976,62449,125425
2020-10-25,3836,3656,7492,4824,4857,9681,10978,10805,21783,13080,12032,25112,10805,9953,20758,8383,7494,15877,5511,4546,10057,3221,3390,6611,1941,3732,5673,545,2131,2676,63124,62596,125720
2020-10-26,3845,3661,7506,4836,4882,9718,11019,10838,21857,13131,12075,25206,10843,9984,20827,8413,7524,15937,5531,4566,10097,3230,3398,6628,1950,3742,5692,551,2135,2686,63349,62805,126154
2020-10-27,3852,3670,7522,4860,4903,9763,11058,10886,21944,13186,12115,25301,10895,10026,20921,8449,7557,16006,5552,4590,10142,3239,3411,6650,1959,3756,5715,554,2139,2693,63604,63053,126657
2020-10-28,3866,3681,7547,4883,4923,9806,11093,10924,22017,13231,12156,25387,10935,10055,20990,8478,7584,16062,5575,4606,10181,3249,3423,6672,1965,3759,5724,557,2142,2699,63832,63253,127085
2020-10-29,3875,3687,7562,4894,4934,9828,11127,10952,22079,13272,12195,25467,10970,10082,21052,8498,7607,16105,5588,4618,10206,3266,3429,6695,1970,3770,5740,558,2147,2705,64018,63421,127439
2020-10-30,3880,3692,7572,4901,4939,9840,11152,10978,22130,13316,12221,25537,10998,10109,21107,8509,7627,16136,5598,4635,10233,3280,3439,6719,1974,3774,5748,559,2149,2708,64167,63563,127730
2020-10-31,3882,3696,7578,4906,4949,9855,11171,11002,22173,13336,12244,25580,11018,10129,21147,8520,7641,16161,5609,4645,10254,3284,3446,6730,1978,3778,5756,559,2149,2708,64263,63679,127942
2020-11-01,3890,3704,7594,4914,4960,9874,11208,11031,22239,13362,12263,25625,11051,10151,21202,8535,7657,16192,5623,4653,10276,3292,3452,6744,1980,3782,5762,559,2150,2709,64414,63803,128217
2020-11-02,3897,3711,7608,4922,4981,9903,11240,11066,22306,13396,12295,25691,11089,10185,21274,8565,7680,16245,5638,4662,10300,3294,3460,6754,1984,3789,5773,560,2153,2713,64585,63982,128567
2020-11-03,3906,3716,7622,4937,4988,9925,11282,11087,22369,13422,12327,25749,11123,10205,21328,8589,7702,16291,5647,4682,10329,3301,3471,6772,1985,3799,5784,560,2156,2716,64752,64133,128885
2020-11-04,3914,3720,7634,4942,5004,9946,11316,11119,22435,13461,12360,25821,11146,10236,21382,8609,7728,16337,5666,4696,10362,3308,3484,6792,1986,3808,5794,562,2159,2721,64910,64314,129224
2020-11-05,3927,3730,7657,4965,5019,9984,11360,11166,22526,13507,12395,25902,11176,10272,21448,8637,7750,16387,5688,4713,10401,3321,3497,6818,1988,3823,5811,564,2166,2730,65133,64531,129664
2020-11-06,3940,3737,7677,4982,5032,10014,11382,11196,22578,13540,12430,25970,11210,10301,21511,8658,7765,16423,5709,4732,10441,3332,3509,6841,1992,3833,5825,565,2168,2733,65310,64703,130013
2020-11-07,3946,3741,7687,4987,5041,10028,11403,11220,22623,13577,12464,26041,11237,10325,21562,8673,7783,16456,5724,4748,10472,3340,3518,6858,1995,3838,5833,565,2168,2733,65447,64846,130293
2020-11-08,3952,3746,7698,4994,5051,10045,11419,11255,22674,13598,12486,26084,11263,10338,21601,8690,7799,16489,5738,4761,10499,3344,3520,6864,1999,3843,5842,566,2168,2734,65563,64967,130530
2020-11-09,3963,3751,7714,5010,5063,10073,11445,11296,22741,13631,12526,26157,11302,10367,21669,8726,7835,16561,5760,4784,10544,3360,3527,6887,2002,3850,5852,566,2171,2737,65765,65170,130935
2020-11-10,3973,3760,7733,5023,5075,10098,11480,11334,22814,13688,12559,26247,11332,10391,21723,8747,7851,16598,5780,4800,10580,3376,3548,6924,2009,3863,5872,567,2173,2740,65975,65354,131329
2020-11-11,3983,3767,7750,5036,5090,10126,11518,11371,22889,13726,12598,26324,11366,10416,21782,8785,7871,16656,5797,4817,10614,3386,3563,6949,2013,3872,5885,568,2177,2745,66178,65542,131720
2020-11-12,3991,3773,7764,5049,5104,10153,11558,11406,22964,13763,12626,26389,11398,10446,21844,8807,7893,16700,5810,4828,10638,3391,3571,6962,2016,3874,5890,569,2182,2751,66352,65703,132055
2020-11-13,3997,3778,7775,5068,5116,10184,11585,11434,23019,13796,12657,26453,11436,10470,21906,8831,7919,16750,5827,4845,10672,3407,3578,6985,2019,3882,5901,571,2189,2760,66537,65868,132405
2020-11-14,4002,3783,7785,5080,5128,10208,11611,11467,23078,13819,12684,26503,11462,10487,21949,8856,7938,16794,5847,4856,10703,3414,3587,7001,2024,3887,5911,572,2190,2762,66687,66007,132694
2020-11-15,4005,3790,7795,5089,5141,10230,11630,11490,23120,13838,12703,26541,11482,10499,21981,8874,7949,16823,5857,4867,10724,3421,3595,7016,2025,3897,5922,573,2190,2763,66794,66121,132915
2020-11-16,4010,3799,7809,5102,5157,10259,11653,11522,23175,13867,12729,26596,11506,10523,22029,8892,7968,16860,5866,4882,10748,3431,3603,7034,2033,3905,5938,575,2193,2768,66935,66281,133216
2020-11-17,4018,3805,7823,5119,5172,10291,11688,11552,23240,13898,12773,26671,11534,10547,22081,8918,7994,16912,5887,4897,10784,3440,3612,7052,2038,3917,5955,577,2200,2777,67117,66469,133586
2020-11-18,4021,3812,7833,5134,5188,10322,11726,11592,23318,13938,12804,26742,11573,10573,22146,8940,8020,16960,5899,4914,10813,3453,3624,7077,2042,3930,5972,577,2205,2782,67303,66662,133965
2020-11-19,4025,3816,7841,5144,5202,10346,11756,11618,23374,13968,12831,26799,11591,10594,22185,8965,8044,17009,5915,4924,10839,3460,3635,7095,2044,3934,5978,577,2210,2787,67445,66808,134253
2020-11-20,4030,3820,7850,5157,5220,10377,11791,11643,23434,13992,12849,26841,11606,10607,22213,8978,8057,17035,5931,4937,10868,3466,3639,7105,2049,3937,5986,579,2212,2791,67579,66921,134500
2020-11-21,4035,3830,7865,5168,5232,10400,11812,11669,23481,14024,12876,26900,11625,10634,22259,8990,8078,17068,5943,4951,10894,3473,3646,7119,2052,3940,5992,579,2215,2794,67701,67071,134772
2020-11-22,4039,3833,7872,5174,5237,10411,11831,11687,23518,14034,12897,26931,11640,10647,22287,9001,8085,17086,5960,4957,10917,3479,3652,7131,2054,3941,5995,579,2216,2795,67791,67152,134943
2020-11-23,4041,3836,7877,5180,5245,10425,11847,11709,23556,14062,12916,26978,11661,10655,22316,9007,8101,17108,5969,4964,10933,3487,3657,7144,2057,3943,6000,579,2218,2797,67890,67244,135134
2020-11-24,4048,3840,7888,5187,5257,10444,11877,11748,23625,14102,12952,27054,11691,10674,22365,9029,8112,17141,5985,4977,10962,3496,3665,7161,2061,3945,6006,579,2220,2799,68055,67390,135445
2020-11-25,4063,3846,7909,5198,5265,10463,11917,11792,23709,14148,12991,27139,11722,10709,22431,9054,8131,17185,6004,4990,10994,3504,3678,7182,2064,3952,6016,581,2222,2803,68255,67576,135831
2020-11-26,4066,3856,7922,5207,5286,10493,11947,11820,23767,14190,13019,27209,11744,10730,22474,9067,8162,17229,6015,5003,11018,3508,3682,7190,2068,3956,6024,582,2227,2809,68394,67741,136135
2020-11-27,4071,3860,7931,5225,5294,10519,11984,11850,23834,14224,13039,27263,11772,10749,22521,9090,8181,17271,6028,5016,11044,3518,3686,7204,2072,3960,6032,584,2230,2814,68568,67865,136433
2020-11-28,4077,3864,7941,5238,5307,10545,12010,11880,23890,14251,13062,27313,11790,10772,22562,9100,8194,17294,6035,5030,11065,3523,3689,7212,2073,3963,6036,584,2231,2815,68681,67992,136673
2020-11-29,4084,3864,7948,5250,5318,10568,12029,11900,23929,14284,13087,27371,11814,10785,22599,9119,8208,17327,6041,5041,11082,3526,3695,7221,2077,3968,6045,587,2231,2818,68811,68097,136908
2020-11-30,4091,3869,7960,5261,5329,10590,12059,11925,23984,14312,13114,27426,11840,10800,22640,9134,8228,17362,6049,5054,11103,3536,3708,7244,2080,3977,6057,587,2234,2821,68949,68238,137187
2020-12-01,4099,3874,7973,5268,5338,10606,12091,11946,24037,14340,13156,27496,11871,10818,22689,9150,8242,17392,6063,5061,11124,3542,3715,7257,2083,3980,6063,587,2234,2821,69094,68364,137458
2020-12-02,4101,3878,7979,5273,5348,10621,12118,11968,24086,14367,13173,27540,11882,10840,22722,9159,8252,17411,6073,5070,11143,3549,3727,7276,2086,3986,6072,590,2239,2829,69198,68481,137679
2020-12-03,4105,3881,7986,5285,5357,10642,12143,11986,24129,14397,13199,27596,11907,10857,22764,9177,8267,17444,6083,5080,11163,3559,3739,7298,2089,3990,6079,592,2241,2833,69337,68597,137934
2020-12-04,4113,3885,7998,5300,5369,10669,12164,12014,24178,14430,13232,27662,11939,10882,22821,9200,8284,17484,6096,5090,11186,3567,3746,7313,2094,3993,6087,593,2241,2834,69496,68736,138232
2020-12-05,4119,3890,8009,5309,5380,10689,12181,12040,24221,14451,13256,27707,11959,10909,22868,9215,8301,17516,6109,5103,11212,3573,3754,7327,2100,3997,6097,593,2244,2837,69609,68874,138483
2020-12-06,4126,3893,8019,5315,5387,10702,12199,12056,24255,14470,13275,27745,11973,10929,22902,9234,8314,17548,6117,5113,11230,3579,3758,7337,2105,3999,6104,593,2244,2837,69711,68968,138679
2020-12-07,4130,3897,8027,5321,5396,10717,12212,12076,24288,14486,13295,27781,11999,10944,22943,9247,8328,17575,6127,5125,11252,3586,3763,7349,2107,4001,6108,593,2246,2839,69808,69071,138879
2020-12-08,4137,3899,8036,5330,5407,10737,12236,12103,24339,14513,13322,27835,12028,10962,22990,9269,8341,17610,6141,5133,11274,3601,3771,7372,2112,4005,6117,594,2248,2842,69961,69191,139152
2020-12-09,4142,3906,8048,5350,5422,10772,12275,12137,24412,14550,13350,27900,12059,10997,23056,9294,8365,17659,6155,5149,11304,3608,3784,7392,2114,4010,6124,594,2252,2846,70141,69372,139513
2020-12-10,4146,3913,8059,5360,5443,10803,12301,12174,24475,14594,13385,27979,12094,11036,23130,9315,8387,17702,6171,5163,11334,3618,3796,7414,2117,4017,6134,594,2253,2847,70310,69567,139877
2020-12-11,4158,3919,8077,5368,5454,10822,12337,12201,24538,14623,13418,28041,12130,11060,23190,9334,8414,17748,6182,5182,11364,3622,3808,7430,2121,4023,6144,594,2255,2849,70469,69734,140203
2020-12-12,4166,3923,8089,5380,5463,10843,12375,12235,24610,14660,13446,28106,12152,11079,23231,9348,8431,17779,6194,5192,11386,3633,3814,7447,2123,4023,6146,594,2255,2849,70625,69861,140486
2020-12-13,4168,3928,8096,5393,5475,10868,12407,12262,24669,14685,13478,28163,12173,11103,23276,9364,8449,17813,6210,5203,11413,3643,3821,7464,2129,4026,6155,596,2255,2851,70768,70000,140768
2020-12-14,4172,3932,8104,5408,5485,10893,12456,12311,24767,14740,13525,28265,12213,11135,23348,9394,8479,17873,6225,5223,11448,3652,3833,7485,2134,4037,6171,596,2258,2854,70990,70218,141208
2020-12-15,4175,3935,8110,5429,5502,10931,12508,12358,24866,14787,13572,28359,12258,11160,23418,9414,8507,17921,6247,5230,11477,3663,3840,7503,2140,4042,6182,599,2261,2860,71220,70407,141627
2020-12-16,4182,3942,8124,5447,5526,10973,12571,12408,24979,14832,13608,28440,12284,11187,23471,9441,8533,17974,6261,5247,11508,3675,3851,7526,2149,4047,6196,602,2264,2866,71444,70613,142057
2020-12-17,4192,3945,8137,5467,5551,11018,12656,12484,25140,14897,13662,28559,12317,11233,23550,9466,8570,18036,6271,5267,11538,3691,3864,7555,2152,4053,6205,604,2266,2870,71713,70895,142608
2020-12-18,4196,3951,8147,5495,5569,11064,12722,12543,25265,14956,13721,28677,12364,11269,23633,9496,8608,18104,6296,5291,11587,3708,3874,7582,2156,4066,6222,604,2276,2880,71993,71168,143161
2020-12-19,4205,3956,8161,5522,5597,11119,12775,12583,25358,15005,13762,28767,12404,11307,23711,9525,8633,18158,6313,5309,11622,3722,3883,7605,2161,4074,6235,604,2277,2881,72236,71381,143617
2020-12-20,4208,3963,8171,5541,5610,11151,12828,12624,25452,15038,13796,28834,12444,11350,23794,9554,8655,18209,6338,5326,11664,3730,3889,7619,2165,4077,6242,607,2280,2887,72453,71570,144023
2020-12-21,4218,3972,8190,5567,5633,11200,12903,12708,25611,15106,13869,28975,12502,11401,23903,9605,8692,18297,6382,5347,11729,3751,3905,7656,2170,4085,6255,608,2282,2890,72812,71894,144706
2020-12-22,4226,3983,8209,5586,5654,11240,12973,12778,25751,15198,13940,29138,12555,11453,24008,9656,8740,18396,6407,5369,11776,3766,3923,7689,2175,4095,6270,609,2285,2894,73151,72220,145371
2020-12-23,4236,3993,8229,5610,5677,11287,13074,12867,25941,15296,14018,29314,12614,11517,24131,9724,8792,18516,6431,5399,11830,3791,3944,7735,2179,4107,6286,610,2287,2897,73565,72601,146166
2020-12-24,4238,3995,8233,5620,5691,11311,13128,12918,26046,15352,14057,29409,12642,11556,24198,9755,8816,18571,6446,5412,11858,3804,3952,7756,2181,4111,6292,610,2290,2900,73776,72798,146574
2020-12-25,4241,4001,8242,5630,5702,11332,13158,12941,26099,15382,14083,29465,12685,11577,24262,9776,8834,18610,6465,5426,11891,3810,3959,7769,2182,4112,6294,610,2291,2901,73939,72926,146865
2020-12-26,4250,4008,8258,5650,5731,11381,13256,13021,26277,15473,14163,29636,12749,11645,24394,9849,8891,18740,6503,5470,11973,3826,3979,7805,2187,4118,6305,610,2293,2903,74353,73319,147672
2020-12-27,4263,4012,8275,5669,5758,11427,13329,13097,26426,15556,14219,29775,12799,11684,24483,9896,8926,18822,6526,5493,12019,3842,3996,7838,2190,4124,6314,610,2293,2903,74680,73602,148282
2020-12-28,4280,4028,8308,5701,5808,11509,13442,13206,26648,15661,14322,29983,12900,11774,24674,9983,8987,18970,6571,5531,12102,3873,4028,7901,2204,4141,6345,612,2295,2907,75227,74120,149347
2020-12-29,4288,4046,8334,5741,5857,11598,13598,13341,26939,15799,14440,30239,12996,11865,24861,10040,9066,19106,6620,5582,12202,3907,4061,7968,2214,4150,6364,616,2299,2915,75819,74707,150526
2020-12-30,4313,4065,8378,5786,5912,11698,13748,13467,27215,15927,14550,30477,13096,11972,25068,10114,9139,19253,6673,5644,12317,3938,4088,8026,2226,4165,6391,619,2305,2924,76440,75307,151747
2020-12-31,4320,4071,8391,5820,5950,11770,13863,13567,27430,16002,14617,30619,13150,12035,25185,10153,9179,19332,6699,5671,12370,3955,4100,8055,2236,4170,6406,619,2305,2924,76817,75665,152482
2021-01-01,4325,4073,8398,5833,5962,11795,13891,13600,27491,16034,14652,30686,13171,12067,25238,10174,9196,19370,6716,5697,12413,3964,4111,8075,2240,4173,6413,619,2305,2924,76967,75836,152803
2021-01-02,4333,4081,8414,5864,6000,11864,13971,13695,27666,16126,14728,30854,13239,12139,25378,10248,9259,19507,6759,5738,12497,3984,4132,8116,2246,4177,6423,625,2305,2930,77395,76254,153649
2021-01-03,4346,4093,8439,5892,6034,11926,14059,13800,27859,16220,14803,31023,13316,12207,25523,10302,9324,19626,6801,5771,12572,4004,4154,8158,2254,4184,6438,625,2306,2931,77819,76676,154495
2021-01-04,4361,4106,8467,5947,6086,12033,14240,13973,28213,16380,14955,31335,13429,12300,25729,10383,9432,19815,6858,5829,12687,4038,4187,8225,2268,4204,6472,630,2313,2943,78534,77385,155919
2021-01-05,4380,4124,8504,6005,6139,12144,14418,14159,28577,16531,15079,31610,13536,12393,25929,10481,9500,19981,6911,5887,12798,4063,4217,8280,2274,4223,6497,632,2322,2954,79231,78043,157274
2021-01-06,4392,4134,8526,6059,6195,12254,14606,14340,28946,16700,15205,31905,13636,12478,26114,10564,9569,20133,6959,5948,12907,4100,4245,8345,2283,4238,6521,632,2327,2959,79931,78679,158610
2021-01-07,4409,4144,8553,6111,6245,12356,14759,14497,29256,16829,15330,32159,13730,12573,26303,10640,9646,20286,7001,5989,12990,4127,4284,8411,2292,4245,6537,637,2331,2968,80535,79284,159819
2021-01-08,4424,4158,8582,6158,6299,12457,14907,14627,29534,16950,15430,32380,13820,12671,26491,10725,9720,20445,7052,6040,13092,4152,4312,8464,2298,4260,6558,638,2336,2974,81124,79853,160977
2021-01-09,4430,4166,8596,6193,6331,12524,15016,14766,29782,17067,15503,32570,13904,12753,26657,10782,9787,20569,7099,6078,13177,4164,4340,8504,2304,4269,6573,639,2340,2979,81598,80333,161931
2021-01-10,4438,4170,8608,6222,6360,12582,15102,14871,29973,17129,15565,32694,13953,12811,26764,10831,9831,20662,7127,6109,13236,4180,4360,8540,2309,4276,6585,643,2342,2985,81934,80695,162629
2021-01-11,4443,4180,8623,6272,6400,12672,15250,15010,30260,17226,15675,32901,14027,12871,26898,10899,9895,20794,7169,6147,13316,4212,4389,8601,2317,4286,6603,644,2346,2990,82459,81199,163658
2021-01-12,4454,4187,8641,6319,6453,12772,15415,15149,30564,17348,15791,33139,14107,12952,27059,10956,9960,20916,7212,6190,13402,4242,4417,8659,2331,4300,6631,644,2351,2995,83028,81750,164778
2021-01-13,4468,4201,8669,6369,6517,12886,15555,15315,30870,17474,15919,33393,14196,13036,27232,11018,10031,21049,7260,6238,13498,4272,4434,8706,2344,4311,6655,645,2357,3002,83601,82359,165960
2021-01-14,4483,4209,8692,6423,6571,12994,15679,15459,31138,17593,16009,33602,14268,13107,27375,11078,10095,21173,7306,6277,13583,4300,4463,8763,2357,4318,6675,649,2358,3007,84136,82866,167002
2021-01-15,4494,4219,8713,6480,6616,13096,15846,15583,31429,17697,16098,33795,14360,13169,27529,11150,10173,21323,7350,6309,13659,4323,4487,8810,2367,4335,6702,649,2362,3011,84716,83351,168067
2021-01-16,4500,4229,8729,6520,6663,13183,15941,15695,31636,17795,16177,33972,14423,13240,27663,11194,10223,21417,7384,6339,13723,4344,4503,8847,2372,4345,6717,652,2368,3020,85125,83782,168907
2021-01-17,4504,4237,8741,6562,6692,13254,16030,15808,31838,17867,16245,34112,14481,13289,27770,11245,10273,21518,7430,6363,13793,4361,4510,8871,2379,4351,6730,655,2369,3024,85514,84137,169651
2021-01-18,4515,4249,8764,6618,6737,13355,16193,15948,32141,17983,16343,34326,14573,13370,27943,11323,10344,21667,7480,6405,13885,4388,4539,8927,2390,4365,6755,657,2375,3032,86120,84675,170795
2021-01-19,4527,4254,8781,6667,6805,13472,16326,16095,32421,18106,16434,34540,14650,13451,28101,11376,10404,21780,7524,6443,13967,4412,4563,8975,2405,4385,6790,657,2380,3037,86650,85214,171864
2021-01-20,4533,4259,8792,6729,6853,13582,16478,16221,32699,18205,16521,34726,14738,13526,28264,11444,10469,21913,7556,6492,14048,4432,4590,9022,2418,4404,6822,657,2386,3043,87190,85721,172911
2021-01-21,4546,4268,8814,6788,6905,13693,16586,16326,32912,18310,16621,34931,14826,13604,28430,11509,10542,22051,7600,6535,14135,4459,4615,9074,2430,4424,6854,661,2392,3053,87715,86232,173947
2021-01-22,4562,4278,8840,6838,6952,13790,16700,16451,33151,18395,16716,35111,14883,13667,28550,11577,10608,22185,7642,6559,14201,4481,4637,9118,2443,4436,6879,664,2395,3059,88185,86699,174884
2021-01-23,4568,4289,8857,6886,7000,13886,16794,16540,33334,18466,16771,35237,14934,13716,28650,11622,10664,22286,7671,6594,14265,4503,4664,9167,2446,4449,6895,667,2396,3063,88557,87083,175640
2021-01-24,4575,4300,8875,6932,7044,13976,16894,16605,33499,18540,16844,35384,14978,13770,28748,11654,10699,22353,7704,6616,14320,4526,4677,9203,2450,4455,6905,667,2396,3063,88920,87406,176326
2021-01-25,4584,4310,8894,7012,7124,14136,17038,16722,33760,18647,16919,35566,15053,13854,28907,11724,10747,22471,7753,6656,14409,4549,4711,9260,2457,4469,6926,670,2398,3068,89487,87910,177397
2021-01-26,4597,4323,8920,7079,7206,14285,17148,16835,33983,18733,16999,35732,15126,13930,29056,11791,10810,22601,7797,6687,14484,4573,4734,9307,2466,4490,6956,673,2408,3081,89983,88422,178405
2021-01-27,4605,4333,8938,7166,7271,14437,17244,16928,34172,18811,17069,35880,15186,13995,29181,11843,10856,22699,7837,6718,14555,4592,4753,9345,2475,4503,6978,674,2412,3086,90433,88838,179271
2021-01-28,4615,4343,8958,7222,7344,14566,17371,17025,34396,18891,17130,36021,15257,14066,29323,11902,10910,22812,7879,6748,14627,4607,4777,9384,2479,4518,6997,674,2416,3090,90897,89277,180174
2021-01-29,4633,4358,8991,7287,7414,14701,17456,17121,34577,18977,17216,36193,15319,14138,29457,11953,10981,22934,7906,6783,14689,4625,4802,9427,2485,4534,7019,678,2419,3097,91319,89766,181085
2021-01-30,4640,4362,9002,7366,7485,14851,17535,17198,34733,19034,17288,36322,15369,14196,29565,11993,11021,23014,7936,6815,14751,4637,4822,9459,2488,4541,7029,680,2423,3103,91678,90151,181829
2021-01-31,4643,4374,9017,7452,7561,15013,17609,17278,34887,19079,17354,36433,15435,14254,29689,12033,11064,23097,7960,6849,14809,4655,4833,9488,2492,4546,7038,680,2426,3106,92038,90539,182577
2021-02-01,4652,4387,9039,7530,7652,15182,17712,17368,35080,19158,17436,36594,15519,14323,29842,12095,11127,23222,7999,6890,14889,4686,4865,9551,2501,4563,7064,680,2430,3110,92532,91041,183573
2021-02-02,4657,4401,9058,7594,7724,15318,17806,17462,35268,19239,17516,36755,15583,14383,29966,12155,11182,23337,8040,6924,14964,4705,4882,9587,2508,4581,7089,680,2434,3114,92967,91489,184456
2021-02-03,4668,4414,9082,7662,7769,15431,17902,17543,35445,19325,17596,36921,15643,14445,30088,12215,11247,23462,8083,6966,15049,4727,4902,9629,2520,4599,7119,683,2434,3117,93428,91915,185343
2021-02-04,4672,4423,9095,7704,7812,15516,17978,17623,35601,19383,17663,37046,15716,14499,30215,12266,11308,23574,8123,6996,15119,4744,4927,9671,2531,4616,7147,683,2441,3124,93800,92308,186108
2021-02-05,4678,4431,9109,7749,7851,15600,18044,17688,35732,19455,17741,37196,15773,14567,30340,12314,11358,23672,8155,7020,15175,4763,4944,9707,2537,4627,7164,684,2445,3129,94152,92672,186824
2021-02-06,4684,4435,9119,7779,7879,15658,18108,17736,35844,19502,17793,37295,15822,14615,30437,12349,11400,23749,8180,7049,15229,4778,4961,9739,2543,4633,7176,685,2447,3132,94430,92948,187378
2021-02-07,4688,4439,9127,7803,7903,15706,18150,17777,35927,19548,17836,37384,15853,14641,30494,12386,11437,23823,8207,7082,15289,4798,4975,9773,2547,4642,7189,685,2450,3135,94665,93182,187847
2021-02-08,4699,4453,9152,7851,7944,15795,18212,17843,36055,19621,17916,37537,15929,14712,30641,12435,11493,23928,8253,7116,15369,4822,5006,9828,2554,4657,7211,687,2454,3141,95063,93594,188657
2021-02-09,4707,4457,9164,7892,7965,15857,18277,17888,36165,19671,17980,37651,15990,14762,30752,12478,11529,24007,8280,7153,15433,4837,5020,9857,2563,4667,7230,688,2456,3144,95383,93877,189260
2021-02-10,4719,4464,9183,7923,7996,15919,18331,17946,36277,19744,18049,37793,16039,14820,30859,12520,11572,24092,8306,7174,15480,4856,5037,9893,2568,4675,7243,689,2460,3149,95695,94193,189888
2021-02-11,4723,4471,9194,7949,8024,15973,18386,18007,36393,19801,18100,37901,16090,14869,30959,12555,11638,24193,8350,7206,15556,4876,5057,9933,2573,4677,7250,692,2465,3157,95995,94514,190509
2021-02-12,4731,4481,9212,7979,8055,16034,18442,18061,36503,19863,18159,38022,16144,14914,31058,12598,11669,24267,8379,7230,15609,4894,5076,9970,2584,4692,7276,694,2469,3163,96308,94806,191114
2021-02-13,4739,4484,9223,8002,8075,16077,18485,18106,36591,19914,18203,38117,16193,14959,31152,12631,11702,24333,8400,7245,15645,4913,5097,10010,2586,4701,7287,697,2471,3168,96560,95043,191603
2021-02-14,4744,4488,9232,8022,8098,16120,18513,18147,36660,19945,18252,38197,16234,14997,31231,12659,11729,24388,8424,7273,15697,4927,5112,10039,2590,4707,7297,697,2472,3169,96755,95275,192030
2021-02-15,4747,4493,9240,8044,8120,16164,18548,18194,36742,19990,18308,38298,16283,15045,31328,12686,11756,24442,8448,7290,15738,4934,5121,10055,2595,4712,7307,698,2477,3175,96973,95516,192489
2021-02-16,4755,4503,9258,8064,8151,16215,18584,18235,36819,20036,18342,38378,16330,15088,31418,12711,11786,24497,8467,7317,15784,4949,5147,10096,2602,4718,7320,699,2483,3182,97197,95770,192967
2021-02-17,4768,4510,9278,8092,8175,16267,18651,18298,36949,20104,18417,38521,16392,15150,31542,12758,11838,24596,8520,7348,15868,4967,5163,10130,2608,4732,7340,701,2485,3186,97561,96116,193677
2021-02-18,4774,4523,9297,8120,8196,16316,18721,18382,37103,20181,18491,38672,16447,15211,31658,12789,11890,24679,8554,7372,15926,4990,5179,10169,2612,4739,7351,702,2490,3192,97890,96473,194363
2021-02-19,4778,4526,9304,8154,8226,16380,18785,18444,37229,20281,18563,38844,16512,15263,31775,12818,11937,24755,8587,7394,15981,5007,5193,10200,2615,4746,7361,702,2491,3193,98239,96783,195022
2021-02-20,4784,4529,9313,8173,8243,16416,18839,18497,37336,20339,18616,38955,16549,15307,31856,12850,11978,24828,8617,7412,16029,5024,5210,10234,2619,4755,7374,703,2493,3196,98497,97040,195537
2021-02-21,4791,4533,9324,8189,8264,16453,18889,18545,37434,20390,18669,39059,16591,15345,31936,12882,12012,24894,8632,7440,16072,5035,5225,10260,2620,4759,7379,703,2497,3200,98722,97289,196011
2021-02-22,4800,4542,9342,8217,8287,16504,18951,18604,37555,20456,18721,39177,16645,15386,32031,12930,12043,24973,8650,7469,16119,5052,5240,10292,2624,4765,7389,705,2498,3203,99030,97555,196585
2021-02-23,4810,4551,9361,8241,8321,16562,19025,18657,37682,20521,18790,39311,16695,15427,32122,12961,12080,25041,8686,7493,16179,5068,5252,10320,2634,4772,7406,708,2498,3206,99349,97841,197190
2021-02-24,4822,4556,9378,8267,8347,16614,19093,18719,37812,20584,18835,39419,16745,15478,32223,12995,12123,25118,8712,7517,16229,5077,5273,10350,2637,4777,7414,710,2502,3212,99642,98127,197769
2021-02-25,4835,4567,9402,8298,8376,16674,19162,18804,37966,20648,18913,39561,16796,15539,32335,13039,12163,25202,8748,7538,16286,5092,5291,10383,2643,4784,7427,713,2509,3222,99974,98484,198458
2021-02-26,4841,4577,9418,8331,8397,16728,19213,18865,38078,20708,18957,39665,16829,15587,32416,13084,12203,25287,8771,7568,16339,5111,5314,10425,2649,4792,7441,715,2516,3231,100252,98776,199028
2021-02-27,4849,4580,9429,8350,8416,16766,19259,18913,38172,20754,19009,39763,16864,15634,32498,13122,12231,25353,8801,7586,16387,5118,5332,10450,2655,4797,7452,715,2517,3232,100487,99015,199502
2021-02-28,4855,4581,9436,8368,8431,16799,19288,18949,38237,20804,19057,39861,16894,15674,32568,13154,12247,25401,8818,7605,16423,5123,5340,10463,2658,4802,7460,715,2523,3238,100677,99209,199886
2021-03-01,4870,4596,9466,8401,8462,16863,19341,19001,38342,20890,19122,40012,16953,15726,32679,13199,12294,25493,8850,7626,16476,5138,5359,10497,2663,4816,7479,715,2526,3241,101020,99528,200548
2021-03-02,4883,4604,9487,8429,8492,16921,19404,19043,38447,20950,19196,40146,17003,15764,32767,13236,12336,25572,8879,7649,16528,5152,5373,10525,2668,4829,7497,715,2528,3243,101319,99814,201133
2021-03-03,4895,4612,9507,8465,8527,16992,19472,19103,38575,21014,19262,40276,17056,15810,32866,13273,12376,25649,8926,7675,16601,5169,5391,10560,2675,4842,7517,715,2531,3246,101660,100129,201789
2021-03-04,4910,4623,9533,8487,8561,17048,19534,19149,38683,21080,19315,40395,17114,15857,32971,13317,12411,25728,8964,7703,16667,5178,5405,10583,2677,4848,7525,716,2532,3248,101977,100404,202381
2021-03-05,4932,4630,9562,8528,8604,17132,19608,19218,38826,21145,19392,40537,17183,15906,33089,13374,12458,25832,8991,7738,16729,5194,5421,10615,2679,4861,7540,718,2535,3253,102352,100763,203115
2021-03-06,4936,4637,9573,8561,8641,17202,19642,19252,38894,21197,19440,40637,17229,15959,33188,13404,12494,25898,9020,7766,16786,5214,5426,10640,2686,4865,7551,718,2538,3256,102607,101018,203625
2021-03-07,4942,4650,9592,8586,8671,17257,19685,19291,38976,21245,19482,40727,17262,16002,33264,13444,12523,25967,9050,7790,16840,5220,5443,10663,2692,4869,7561,718,2539,3257,102844,101260,204104
2021-03-08,4959,4660,9619,8624,8691,17315,19744,19348,39092,21338,19551,40889,17334,16069,33403,13492,12579,26071,9092,7817,16909,5236,5462,10698,2704,4878,7582,719,2543,3262,103242,101598,204840
2021-03-09,4970,4675,9645,8657,8752,17409,19811,19411,39222,21412,19630,41042,17395,16144,33539,13552,12620,26172,9134,7848,16982,5258,5475,10733,2714,4889,7603,719,2545,3264,103622,101989,205611
2021-03-10,4984,4687,9671,8692,8797,17489,19857,19473,39330,21485,19691,41176,17446,16199,33645,13597,12677,26274,9162,7883,17045,5275,5503,10778,2717,4896,7613,719,2549,3268,103934,102355,206289
2021-03-11,5000,4706,9706,8723,8850,17573,19910,19552,39462,21560,19760,41320,17516,16255,33771,13645,12719,26364,9196,7908,17104,5290,5521,10811,2725,4908,7633,721,2552,3273,104286,102731,207017
2021-03-12,5016,4714,9730,8785,8908,17693,19972,19606,39578,21628,19819,41447,17592,16326,33918,13695,12778,26473,9222,7938,17160,5321,5545,10866,2730,4924,7654,723,2559,3282,104684,103117,207801
2021-03-13,5026,4722,9748,8823,8948,17771,20029,19658,39687,21679,19875,41554,17659,16374,34033,13738,12831,26569,9241,7957,17198,5338,5559,10897,2733,4927,7660,724,2562,3286,104990,103413,208403
2021-03-14,5035,4729,9764,8848,8989,17837,20076,19702,39778,21726,19919,41645,17699,16427,34126,13779,12877,26656,9269,7982,17251,5356,5576,10932,2739,4931,7670,724,2565,3289,105251,103697,208948
2021-03-15,5045,4748,9793,8887,9023,17910,20136,19749,39885,21813,19981,41794,17772,16482,34254,13849,12921,26770,9309,8016,17325,5382,5600,10982,2746,4939,7685,727,2575,3302,105666,104034,209700
2021-03-16,5058,4759,9817,8939,9065,18004,20203,19827,40030,21877,20045,41922,17859,16546,34405,13906,12970,26876,9334,8042,17376,5391,5613,11004,2757,4956,7713,730,2579,3309,106054,104402,210456
2021-03-17,5074,4773,9847,8996,9110,18106,20278,19906,40184,21958,20122,42080,17909,16609,34518,13943,13001,26944,9373,8076,17449,5416,5629,11045,2760,4960,7720,730,2581,3311,106437,104767,211204
2021-03-18,5088,4784,9872,9043,9157,18200,20348,19976,40324,22027,20210,42237,17968,16664,34632,13996,13048,27044,9403,8119,17522,5428,5662,11090,2767,4972,7739,730,2586,3316,106798,105178,211976
2021-03-19,5105,4801,9906,9091,9211,18302,20418,20058,40476,22119,20289,42408,18039,16740,34779,14045,13106,27151,9433,8155,17588,5455,5682,11137,2771,4984,7755,730,2588,3318,107206,105614,212820
2021-03-20,5111,4814,9925,9119,9245,18364,20466,20111,40577,22190,20342,42532,18107,16779,34886,14088,13143,27231,9463,8169,17632,5466,5698,11164,2775,4990,7765,730,2590,3320,107515,105881,213396
2021-03-21,5121,4828,9949,9154,9276,18430,20507,20165,40672,22261,20401,42662,18162,16834,34996,14125,13185,27310,9495,8201,17696,5488,5724,11212,2778,4999,7777,731,2590,3321,107822,106203,214025
2021-03-22,5136,4845,9981,9210,9330,18540,20598,20253,40851,22371,20507,42878,18246,16922,35168,14201,13260,27461,9535,8232,17767,5509,5743,11252,2786,5009,7795,732,2600,3332,108324,106701,215025
2021-03-23,5154,4856,10010,9260,9402,18662,20699,20363,41062,22488,20609,43097,18351,17016,35367,14276,13317,27593,9586,8288,17874,5536,5772,11308,2792,5026,7818,733,2605,3338,108875,107254,216129
2021-03-24,5169,4866,10035,9334,9469,18803,20792,20480,41272,22602,20706,43308,18460,17109,35569,14357,13393,27750,9636,8334,17970,5563,5795,11358,2801,5031,7832,736,2611,3347,109450,107794,217244
2021-03-25,5186,4884,10070,9399,9530,18929,20940,20608,41548,22724,20828,43552,18569,17221,35790,14432,13486,27918,9681,8388,18069,5595,5824,11419,2816,5047,7863,737,2614,3351,110079,108430,218509
2021-03-26,5213,4906,10119,9486,9595,19081,21076,20764,41840,22847,20946,43793,18696,17342,36038,14519,13577,28096,9731,8445,18176,5627,5858,11485,2827,5061,7888,738,2620,3358,110760,109114,219874
2021-03-27,5227,4924,10151,9551,9651,19202,21204,20884,42088,22951,21061,44012,18799,17449,36248,14600,13647,28247,9789,8503,18292,5653,5882,11535,2839,5073,7912,739,2625,3364,111352,109699,221051
2021-03-28,5245,4936,10181,9608,9713,19321,21296,20976,42272,23070,21166,44236,18909,17538,36447,14686,13723,28409,9834,8550,18384,5683,5908,11591,2847,5082,7929,740,2627,3367,111918,110219,222137
2021-03-29,5280,4964,10244,9695,9801,19496,21460,21131,42591,23217,21328,44545,19046,17670,36716,14812,13817,28629,9935,8598,18533,5725,5948,11673,2854,5097,7951,743,2632,3375,112767,110986,223753
2021-03-30,5297,4991,10288,9797,9883,19680,21640,21330,42970,23418,21489,44907,19209,17817,37026,14937,13934,28871,10006,8658,18664,5764,5993,11757,2865,5118,7983,749,2638,3387,113682,111851,225533
2021-03-31,5326,5016,10342,9894,9967,19861,21864,21541,43405,23627,21657,45284,19390,17960,37350,15044,14051,29095,10079,8719,18798,5794,6028,11822,2876,5134,8010,752,2646,3398,114646,112719,227365
2021-04-01,5345,5032,10377,10000,10080,20080,22096,21752,43848,23818,21842,45660,19515,18112,37627,15164,14155,29319,10168,8802,18970,5826,6064,11890,2885,5142,8027,755,2647,3402,115572,113628,229200
2021-04-02,5366,5059,10425,10097,10190,20287,22245,21910,44155,23991,21983,45974,19649,18233,37882,15257,14249,29506,10243,8864,19107,5861,6101,11962,2894,5154,8048,757,2648,3405,116360,114391,230751
2021-04-03,5384,5082,10466,10183,10265,20448,22391,22060,44451,24176,22159,46335,19802,18395,38197,15375,14358,29733,10315,8940,19255,5898,6136,12034,2908,5172,8080,760,2655,3415,117192,115222,232414
2021-04-04,5409,5100,10509,10284,10352,20636,22553,22227,44780,24350,22304,46654,19967,18529,38496,15485,14469,29954,10392,9007,19399,5932,6172,12104,2915,5185,8100,762,2658,3420,118049,116003,234052
2021-04-05,5446,5140,10586,10436,10487,20923,22826,22505,45331,24614,22592,47206,20171,18747,38918,15680,14662,30342,10506,9100,19606,5989,6232,12221,2929,5210,8139,762,2664,3426,119359,117339,236698
2021-04-06,5484,5170,10654,10561,10634,21195,23129,22764,45893,24889,22848,47737,20393,18985,39378,15864,14830,30694,10600,9189,19789,6037,6277,12314,2952,5227,8179,767,2670,3437,120676,118594,239270
2021-04-07,5520,5221,10741,10727,10788,21515,23451,23082,46533,25205,23089,48294,20625,19215,39840,16051,14987,31038,10698,9291,19989,6082,6322,12404,2969,5246,8215,772,2677,3449,122100,119918,242018
2021-04-08,5560,5271,10831,10882,10922,21804,23736,23366,47102,25469,23369,48838,20839,19435,40274,16249,15163,31412,10787,9372,20159,6136,6373,12509,2986,5269,8255,774,2681,3455,123418,121221,244639
2021-04-09,5614,5314,10928,11030,11053,22083,23970,23645,47615,25750,23636,49386,21071,19654,40725,16381,15315,31696,10866,9461,20327,6175,6416,12591,3004,5289,8293,779,2688,3467,124640,122471,247111
2021-04-10,5653,5343,10996,11156,11168,22324,24160,23881,48041,25947,23861,49808,21261,19825,41086,16512,15438,31950,10964,9549,20513,6219,6448,12667,3017,5310,8327,781,2696,3477,125670,123519,249189
2021-04-11,5682,5373,11055,11262,11310,22572,24302,24011,48313,26155,24066,50221,21433,20007,41440,16634,15564,32198,11053,9634,20687,6272,6502,12774,3027,5324,8351,784,2705,3489,126604,124496,251100
2021-04-12,5738,5415,11153,11428,11463,22891,24566,24246,48812,26450,24304,50754,21662,20244,41906,16821,15731,32552,11193,9762,20955,6348,6571,12919,3042,5352,8394,786,2710,3496,128034,125798,253832
2021-04-13,5783,5452,11235,11562,11587,23149,24776,24495,49271,26723,24537,51260,21888,20469,42357,17000,15899,32899,11316,9874,21190,6407,6637,13044,3063,5377,8440,791,2719,3510,129309,127046,256355
2021-04-14,5819,5513,11332,11706,11726,23432,25010,24769,49779,26969,24776,51745,22133,20706,42839,17209,16079,33288,11440,10008,21448,6483,6703,13186,3075,5398,8473,794,2730,3524,130638,128408,259046
2021-04-15,5865,5554,11419,11828,11823,23651,25232,24990,50222,27199,25017,52216,22353,20894,43247,17402,16235,33637,11559,10123,21682,6544,6760,13304,3090,5425,8515,797,2736,3533,131869,129557,261426
2021-04-16,5909,5594,11503,11969,11943,23912,25417,25206,50623,27455,25291,52746,22634,21129,43763,17598,16395,33993,11701,10247,21948,6605,6827,13432,3111,5447,8558,800,2744,3544,133199,130823,264022
2021-04-17,5944,5623,11567,12062,12051,24113,25596,25440,51036,27663,25522,53185,22855,21295,44150,17754,16547,34301,11813,10355,22168,6675,6903,13578,3122,5469,8591,803,2756,3559,134287,131961,266248
2021-04-18,5976,5660,11636,12148,12135,24283,25744,25600,51344,27858,25722,53580,23045,21464,44509,17925,16670,34595,11915,10451,22366,6725,6944,13669,3137,5490,8627,805,2763,3568,135278,132899,268177
2021-04-19,6019,5706,11725,12275,12254,24529,25999,25841,51840,28191,26000,54191,23310,21760,45070,18123,16864,34987,12071,10586,22657,6797,7009,13806,3157,5511,8668,806,2770,3576,136748,134301,271049
2021-04-20,6084,5763,11847,12402,12377,24779,26232,26076,52308,28474,26290,54764,23585,22016,45601,18328,17029,35357,12228,10717,22945,6860,7077,13937,3177,5547,8724,811,2775,3586,138181,135667,273848
2021-04-21,6129,5803,11932,12532,12505,25037,26453,26327,52780,28754,26560,55314,23858,22256,46114,18517,17210,35727,12362,10851,23213,6930,7149,14079,3205,5572,8777,814,2789,3603,139554,137022,276576
2021-04-22,6184,5853,12037,12658,12650,25308,26630,26510,53140,29013,26799,55812,24078,22475,46553,18683,17367,36050,12474,10970,23444,6990,7213,14203,3223,5596,8819,818,2802,3620,140751,138235,278986
2021-04-23,6240,5900,12140,12786,12775,25561,26839,26705,53544,29288,27046,56334,24299,22730,47029,18847,17543,36390,12590,11069,23659,7032,7283,14315,3239,5620,8859,822,2815,3637,141982,139486,281468
2021-04-24,6271,5933,12204,12871,12854,25725,26969,26841,53810,29439,27227,56666,24501,22912,47413,19004,17661,36665,12686,11139,23825,7068,7327,14395,3250,5646,8896,823,2825,3648,142882,140365,283247
2021-04-25,6310,5957,12267,12947,12932,25879,27079,26978,54057,29612,27396,57008,24663,23081,47744,19158,17781,36939,12767,11222,23989,7109,7367,14476,3261,5664,8925,824,2827,3651,143730,141205,284935
2021-04-26,6367,5992,12359,13039,13038,26077,27253,27193,54446,29871,27629,57500,24886,23314,48200,19341,17934,37275,12875,11327,24202,7167,7435,14602,3273,5686,8959,828,2836,3664,144900,142384,287284
2021-04-27,6416,6046,12462,13152,13156,26308,27427,27375,54802,30099,27870,57969,25085,23538,48623,19488,18098,37586,12980,11420,24400,7234,7501,14735,3301,5712,9013,833,2840,3673,146015,143556,289571
2021-04-28,6490,6080,12570,13282,13273,26555,27608,27528,55136,30319,28080,58399,25289,23754,49043,19647,18271,37918,13108,11527,24635,7292,7549,14841,3316,5733,9049,837,2849,3686,147188,144644,291832
2021-04-29,6532,6125,12657,13396,13392,26788,27800,27724,55524,30512,28310,58822,25501,23946,49447,19795,18417,38212,13215,11639,24854,7343,7605,14948,3335,5754,9089,839,2854,3693,148268,145766,294034
2021-04-30,6597,6179,12776,13506,13501,27007,27977,27921,55898,30711,28541,59252,25704,24146,49850,19954,18564,38518,13321,11767,25088,7398,7665,15063,3355,5773,9128,845,2861,3706,149368,146918,296286
2021-05-01,6637,6206,12843,13578,13571,27149,28095,28036,56131,30855,28699,59554,25839,24296,50135,20067,18668,38735,13416,11846,25262,7431,7705,15136,3360,5794,9154,845,2867,3712,150123,147688,297811
2021-05-02,6663,6231,12894,13646,13641,27287,28196,28144,56340,30986,28849,59835,25988,24443,50431,20178,18785,38963,13502,11926,25428,7465,7750,15215,3375,5812,9187,846,2871,3717,150845,148452,299297
2021-05-03,6726,6283,13009,13758,13769,27527,28376,28332,56708,31244,29102,60346,26227,24669,50896,20354,18982,39336,13644,12041,25685,7512,7804,15316,3397,5846,9243,853,2884,3737,152091,149712,301803
2021-05-04,6773,6344,13117,13864,13886,27750,28573,28497,57070,31474,29311,60785,26434,24862,51296,20521,19127,39648,13760,12131,25891,7559,7852,15411,3414,5867,9281,857,2897,3754,153229,150774,304003
2021-05-05,6820,6395,13215,13964,13974,27938,28747,28662,57409,31667,29513,61180,26606,25050,51656,20659,19290,39949,13854,12221,26075,7588,7899,15487,3428,5893,9321,862,2905,3767,154195,151802,305997
2021-05-06,6861,6439,13300,14041,14060,28101,28889,28841,57730,31843,29682,61525,26759,25213,51972,20791,19408,40199,13946,12305,26251,7629,7943,15572,3437,5912,9349,862,2916,3778,155058,152719,307777
2021-05-07,6900,6491,13391,14155,14156,28311,29038,29007,58045,32023,29864,61887,26924,25365,52289,20919,19546,40465,14037,12408,26445,7677,7986,15663,3454,5932,9386,866,2924,3790,155993,153679,309672
2021-05-08,6932,6511,13443,14219,14222,28441,29162,29121,58283,32160,29997,62157,27058,25519,52577,21030,19652,40682,14111,12476,26587,7715,8019,15734,3464,5951,9415,874,2937,3811,156725,154405,311130
2021-05-09,6963,6545,13508,14285,14286,28571,29261,29205,58466,32278,30129,62407,27188,25652,52840,21114,19734,40848,14186,12545,26731,7744,8054,15798,3473,5967,9440,879,2948,3827,157371,155065,312436
2021-05-10,7009,6597,13606,14413,14411,28824,29453,29427,58880,32511,30369,62880,27411,25869,53280,21298,19927,41225,14310,12678,26988,7810,8107,15917,3497,6006,9503,883,2959,3842,158595,156350,314945
2021-05-11,7064,6645,13709,14524,14502,29026,29621,29633,59254,32740,30585,63325,27633,26084,53717,21449,20072,41521,14410,12776,27186,7859,8157,16016,3508,6033,9541,891,2974,3865,159699,157461,317160
2021-05-12,7119,6703,13822,14618,14603,29221,29800,29819,59619,32972,30817,63789,27850,26291,54141,21614,20229,41843,14514,12861,27375,7906,8206,16112,3523,6068,9591,898,2985,3883,160814,158582,319396
2021-05-13,7181,6729,13910,14710,14696,29406,29953,29976,59929,33164,31003,64167,28037,26464,54501,21766,20392,42158,14588,12932,27520,7947,8256,16203,3539,6089,9628,902,2994,3896,161787,159531,321318
2021-05-14,7247,6778,14025,14825,14839,29664,30141,30187,60328,33403,31277,64680,28282,26674,54956,21948,20559,42507,14673,13047,27720,8003,8321,16324,3558,6112,9670,905,3002,3907,162985,160796,323781
2021-05-15,7305,6818,14123,14919,14948,29867,30285,30334,60619,33577,31425,65002,28465,26854,55319,22083,20695,42778,14761,13110,27871,8037,8366,16403,3575,6135,9710,906,3010,3916,163913,161695,325608
2021-05-16,7334,6852,14186,14990,15022,30012,30400,30478,60878,33752,31594,65346,28645,27030,55675,22218,20796,43014,14841,13184,28025,8077,8405,16482,3586,6150,9736,909,3023,3932,164752,162534,327286
2021-05-17,7412,6909,14321,15142,15170,30312,30641,30725,61366,34045,31870,65915,28924,27340,56264,22436,21025,43461,14967,13295,28262,8145,8480,16625,3620,6189,9809,917,3039,3956,166249,164042,330291
2021-05-18,7492,6974,14466,15287,15290,30577,30875,30974,61849,34347,32143,66490,29168,27589,56757,22621,21230,43851,15084,13416,28500,8210,8535,16745,3640,6221,9861,920,3060,3980,167644,165432,333076
2021-05-19,7565,7041,14606,15432,15434,30866,31128,31232,62360,34633,32404,67037,29447,27848,57295,22808,21400,44208,15206,13519,28725,8256,8602,16858,3663,6253,9916,922,3066,3988,169060,166799,335859
2021-05-20,7629,7093,14722,15552,15570,31122,31357,31491,62848,34905,32667,67572,29675,28092,57767,22973,21548,44521,15297,13625,28922,8321,8659,16980,3679,6299,9978,924,3075,3999,170312,168119,338431
2021-05-21,7690,7156,14846,15680,15690,31370,31561,31719,63280,35138,32908,68046,29907,28315,58222,23161,21726,44887,15386,13716,29102,8361,8708,17069,3702,6331,10033,927,3083,4010,171513,169352,340865
2021-05-22,7733,7183,14916,15753,15780,31533,31689,31858,63547,35347,33085,68432,30066,28474,58540,23298,21866,45164,15465,13786,29251,8395,8746,17141,3716,6367,10083,931,3101,4032,172393,170246,342639
2021-05-23,7756,7214,14970,15833,15880,31713,31839,31979,63818,35512,33250,68762,30246,28617,58863,23442,21985,45427,15546,13834,29380,8429,8785,17214,3735,6387,10122,934,3109,4043,173272,171040,344312
2021-05-24,7808,7238,15046,15933,15998,31931,32030,32170,64200,35765,33474,69239,30521,28843,59364,23623,22153,45776,15649,13921,29570,8471,8825,17296,3757,6415,10172,936,3119,4055,174493,172156,346649
2021-05-25,7851,7278,15129,16036,16088,32124,32201,32357,64558,36014,33699,69713,30765,29062,59827,23780,22318,46098,15739,13986,29725,8506,8873,17379,3776,6447,10223,936,3127,4063,175604,173235,348839
2021-05-26,7905,7341,15246,16165,16209,32374,32433,32603,65036,36304,33952,70256,31035,29318,60353,23987,22501,46488,15856,14096,29952,8560,8935,17495,3800,6487,10287,940,3145,4085,176985,174587,351572
2021-05-27,7971,7398,15369,16268,16326,32594,32643,32809,65452,36560,34200,70760,31272,29563,60835,24177,22678,46855,15965,14186,30151,8607,8986,17593,3822,6522,10344,944,3162,4106,178229,175830,354059
2021-05-28,8030,7443,15473,16409,16445,32854,32840,33005,65845,36779,34450,71229,31504,29772,61276,24347,22843,47190,16055,14290,30345,8647,9024,17671,3839,6564,10403,952,3174,4126,179402,177010,356412
2021-05-29,8078,7490,15568,16496,16540,33036,32965,33158,66123,36950,34621,71571,31660,29940,61600,24455,22982,47437,16136,14364,30500,8685,9070,17755,3859,6579,10438,953,3185,4138,180237,177929,358166
2021-05-30,8107,7516,15623,16565,16605,33170,33076,33278,66354,37086,34755,71841,31799,30095,61894,24529,23077,47606,16184,14411,30595,8709,9103,17812,3869,6601,10470,953,3187,4140,180877,178628,359505
2021-05-31,8159,7571,15730,16676,16713,33389,33251,33463,66714,37297,34978,72275,31975,30330,62305,24683,23234,47917,16265,14503,30768,8757,9157,17914,3890,6627,10517,954,3199,4153,181907,179775,361682
2021-06-01,8202,7615,15817,16764,16806,33570,33420,33629,67049,37488,35164,72652,32146,30526,62672,24826,23358,48184,16341,14574,30915,8794,9208,18002,3903,6654,10557,961,3211,4172,182845,180745,363590
2021-06-02,8240,7655,15895,16853,16879,33732,33550,33770,67320,37649,35328,72977,32286,30672,62958,24933,23462,48395,16411,14645,31056,8832,9255,18087,3919,6682,10601,967,3221,4188,183640,181569,365209
2021-06-03,8287,7695,15982,16945,16970,33915,33694,33918,67612,37802,35493,73295,32435,30815,63250,25034,23593,48627,16471,14700,31171,8871,9293,18164,3930,6706,10636,970,3234,4204,184439,182417,366856
2021-06-04,8338,7748,16086,17023,17077,34100,33830,34064,67894,37982,35645,73627,32583,30949,63532,25140,23727,48867,16524,14761,31285,8904,9332,18236,3941,6730,10671,972,3244,4216,185237,183277,368514
2021-06-05,8372,7784,16156,17080,17139,34219,33928,34150,68078,38111,35757,73868,32708,31073,63781,25234,23809,49043,16577,14807,31384,8928,9365,18293,3954,6764,10718,979,3261,4240,185871,183909,369780
2021-06-06,8410,7813,16223,17138,17186,34324,34016,34245,68261,38219,35861,74080,32830,31181,64011,25311,23883,49194,16618,14849,31467,8952,9392,18344,3962,6787,10749,983,3269,4252,186439,184466,370905
2021-06-07,8447,7853,16300,17232,17266,34498,34172,34389,68561,38387,36040,74427,32997,31353,64350,25442,24014,49456,16690,14900,31590,8990,9443,18433,3990,6808,10798,987,3280,4267,187334,185346,372680
2021-06-08,8485,7900,16385,17337,17341,34678,34316,34502,68818,38508,36191,74699,33139,31510,64649,25559,24119,49678,16741,14961,31702,9022,9476,18498,4008,6832,10840,989,3289,4278,188104,186121,374225
2021-06-09,8530,7929,16459,17410,17427,34837,34441,34622,69063,38655,36324,74979,33290,31638,64928,25674,24223,49897,16796,15005,31801,9058,9501,18559,4033,6849,10882,991,3295,4286,188878,186813,375691
2021-06-10,8573,7977,16550,17500,17526,35026,34575,34763,69338,38824,36480,75304,33459,31788,65247,25787,24327,50114,16855,15065,31920,9088,9536,18624,4047,6868,10915,996,3304,4300,189704,187634,377338
2021-06-11,8620,8011,16631,17586,17602,35188,34712,34882,69594,38975,36621,75596,33584,31938,65522,25884,24430,50314,16907,15122,32029,9125,9569,18694,4061,6896,10957,1001,3313,4314,190455,188384,378839
2021-06-12,8653,8043,16696,17637,17662,35299,34789,34961,69750,39060,36712,75772,33687,32036,65723,25948,24486,50434,16937,15161,32098,9149,9588,18737,4069,6906,10975,1003,3322,4325,190932,188877,379809
2021-06-13,8689,8080,16769,17683,17722,35405,34874,35049,69923,39146,36810,75956,33790,32118,65908,26022,24548,50570,16972,15198,32170,9172,9611,18783,4082,6927,11009,1004,3331,4335,191434,189394,380828
2021-06-14,8731,8130,16861,17767,17812,35579,35009,35178,70187,39324,36997,76321,33961,32248,66209,26116,24625,50741,17028,15268,32296,9201,9652,18853,4094,6959,11053,1007,3338,4345,192238,190207,382445
2021-06-15,8770,8161,16931,17855,17876,35731,35121,35297,70418,39456,37115,76571,34084,32382,66466,26204,24712,50916,17088,15308,32396,9230,9692,18922,4109,6986,11095,1012,3357,4369,192929,190886,383815
2021-06-16,8808,8198,17006,17912,17949,35861,35235,35402,70637,39581,37251,76832,34211,32500,66711,26276,24780,51056,17135,15354,32489,9259,9714,18973,4116,6995,11111,1016,3362,4378,193549,191505,385054
2021-06-17,8838,8227,17065,17992,18013,36005,35334,35499,70833,39716,37381,77097,34327,32635,66962,26353,24850,51203,17189,15410,32599,9295,9757,19052,4133,7018,11151,1018,3371,4389,194195,192161,386356
2021-06-18,8872,8265,17137,18056,18081,36137,35423,35597,71020,39840,37483,77323,34425,32739,67164,26425,24917,51342,17227,15455,32682,9323,9789,19112,4137,7036,11173,1021,3375,4396,194749,192737,387486
2021-06-19,8903,8295,17198,18102,18133,36235,35475,35656,71131,39929,37567,77496,34488,32822,67310,26485,24968,51453,17255,15488,32743,9342,9814,19156,4147,7049,11196,1022,3376,4398,195148,193168,388316
2021-06-20,8921,8308,17229,18146,18179,36325,35532,35718,71250,40003,37638,77641,34557,32888,67445,26539,25011,51550,17276,15511,32787,9352,9826,19178,4153,7057,11210,1025,3378,4403,195504,193514,389018
2021-06-21,8953,8337,17290,18206,18230,36436,35612,35790,71402,40096,37763,77859,34650,32976,67626,26589,25081,51670,17312,15542,32854,9373,9844,19217,4158,7069,11227,1026,3383,4409,195975,194015,389990
2021-06-22,9000,8387,17387,18297,18314,36611,35713,35917,71630,40243,37926,78169,34801,33126,67927,26675,25155,51830,17370,15599,32969,9403,9875,19278,4169,7082,11251,1026,3387,4413,196697,194768,391465
2021-06-23,9043,8425,17468,18370,18386,36756,35825,36023,71848,40362,38048,78410,34932,33243,68175,26760,25218,51978,17423,15638,33061,9428,9898,19326,4178,7091,11269,1026,3389,4415,197347,195359,392706
2021-06-24,9085,8456,17541,18438,18459,36897,35932,36146,72078,40509,38200,78709,35056,33370,68426,26848,25305,52153,17465,15681,33146,9453,9938,19391,4188,7105,11293,1031,3394,4425,198005,196054,394059
2021-06-25,9127,8505,17632,18537,18531,37068,36038,36291,72329,40649,38344,78993,35178,33498,68676,26933,25384,52317,17513,15743,33256,9478,9977,19455,4195,7126,11321,1033,3399,4432,198681,196798,395479
2021-06-26,9154,8532,17686,18596,18584,37180,36110,36375,72485,40749,38423,79172,35261,33579,68840,26990,25455,52445,17546,15766,33312,9498,9999,19497,4201,7139,11340,1034,3406,4440,199139,197258,396397
2021-06-27,9176,8558,17734,18639,18630,37269,36171,36442,72613,40828,38499,79327,35341,33657,68998,27026,25497,52523,17576,15795,33371,9510,10015,19525,4203,7146,11349,1035,3410,4445,199505,197649,397154
2021-06-28,9217,8604,17821,18700,18701,37401,36267,36533,72800,40936,38622,79558,35457,33768,69225,27081,25560,52641,17628,15830,33458,9531,10037,19568,4210,7158,11368,1035,3417,4452,200062,198230,398292
2021-06-29,9247,8645,17892,18768,18755,37523,36346,36617,72963,41049,38734,79783,35556,33870,69426,27138,25615,52753,17661,15875,33536,9554,10062,19616,4219,7174,11393,1037,3422,4459,200575,198769,399344
2021-06-30,9281,8684,17965,18851,18816,37667,36426,36718,73144,41163,38839,80002,35641,33977,69618,27198,25670,52868,17691,15912,33603,9577,10094,19671,4227,7183,11410,1040,3426,4466,201095,199319,400414
2021-07-01,9311,8706,18017,18922,18873,37795,36521,36826,73347,41264,38944,80208,35725,34065,69790,27261,25741,53002,17727,15958,33685,9601,10113,19714,4233,7192,11425,1040,3430,4470,201605,199848,401453
2021-07-02,9347,8740,18087,18995,18934,37929,36593,36915,73508,41367,39055,80422,35833,34155,69988,27322,25797,53119,17759,15992,33751,9621,10139,19760,4238,7200,11438,1040,3435,4475,202115,200362,402477
2021-07-03,9373,8761,18134,19037,18977,38014,36651,36990,73641,41438,39130,80568,35913,34216,70129,27362,25843,53205,17788,16022,33810,9632,10154,19786,4243,7206,11449,1040,3438,4478,202477,200737,403214
2021-07-04,9396,8772,18168,19059,19020,38079,36722,37033,73755,41513,39180,80693,35972,34273,70245,27403,25883,53286,17810,16047,33857,9650,10168,19818,4248,7211,11459,1040,3442,4482,202813,201029,403842
2021-07-05,9437,8798,18235,19121,19081,38202,36811,37120,73931,41648,39286,80934,36079,34368,70447,27459,25946,53405,17854,16088,33942,9677,10194,19871,4256,7221,11477,1043,3444,4487,203385,201546,404931
2021-07-06,9475,8834,18309,19179,19124,38303,36899,37206,74105,41756,39380,81136,36174,34471,70645,27515,25979,53494,17886,16118,34004,9703,10217,19920,4264,7230,11494,1047,3446,4493,203898,202005,405903
2021-07-07,9507,8864,18371,19235,19178,38413,36996,37287,74283,41855,39464,81319,36255,34548,70803,27561,26022,53583,17907,16138,34045,9722,10244,19966,4278,7235,11513,1048,3446,4494,204364,202426,406790
2021-07-08,9539,8894,18433,19309,19238,38547,37100,37385,74485,41965,39597,81562,36356,34628,70984,27607,26099,53706,17941,16170,34111,9738,10261,19999,4280,7242,11522,1050,3449,4499,204885,202963,407848
2021-07-09,9565,8910,18475,19369,19281,38650,37171,37457,74628,42036,39664,81700,36428,34703,71131,27640,26139,53779,17959,16194,34153,9755,10274,20029,4282,7247,11529,1051,3450,4501,205256,203319,408575
2021-07-10,9591,8927,18518,19402,19321,38723,37237,37538,74775,42093,39736,81829,36505,34774,71279,27685,26187,53872,17982,16228,34210,9780,10300,20080,4286,7257,11543,1053,3452,4505,205614,203720,409334
2021-07-11,9604,8950,18554,19449,19357,38806,37281,37608,74889,42167,39801,81968,36569,34838,71407,27720,26217,53937,18004,16248,34252,9792,10313,20105,4290,7262,11552,1053,3452,4505,205929,204046,409975
2021-07-12,9638,8979,18617,19504,19409,38913,37378,37704,75082,42268,39899,82167,36660,34931,71591,27784,26281,54065,18040,16278,34318,9826,10340,20166,4296,7269,11565,1053,3456,4509,206447,204546,410993
2021-07-13,9667,9016,18683,19563,19459,39022,37470,37788,75258,42333,39986,82319,36730,35011,71741,27834,26316,54150,18071,16303,34374,9845,10360,20205,4302,7282,11584,1055,3463,4518,206870,204984,411854
2021-07-14,9697,9037,18734,19618,19510,39128,37559,37885,75444,42416,40083,82499,36795,35089,71884,27884,26367,54251,18099,16334,34433,9867,10376,20243,4303,7290,11593,1055,3468,4523,207293,205439,412732
2021-07-15,9721,9053,18774,19674,19569,39243,37653,37988,75641,42512,40166,82678,36866,35168,72034,27930,26410,54340,18127,16366,34493,9880,10396,20276,4308,7293,11601,1056,3470,4526,207727,205879,413606
2021-07-16,9755,9070,18825,19726,19621,39347,37736,38074,75810,42597,40264,82861,36928,35237,72165,27961,26457,54418,18156,16403,34559,9904,10422,20326,4310,7307,11617,1057,3472,4529,208130,206327,414457
2021-07-17,9785,9083,18868,19768,19661,39429,37812,38130,75942,42662,40323,82985,36971,35303,72274,27999,26490,54489,18174,16422,34596,9916,10438,20354,4316,7308,11624,1058,3473,4531,208461,206631,415092
2021-07-18,9795,9093,18888,19797,19694,39491,37862,38175,76037,42704,40380,83084,37016,35342,72358,28017,26513,54530,18190,16437,34627,9924,10449,20373,4325,7314,11639,1058,3473,4531,208688,206870,415558
2021-07-19,9810,9117,18927,19844,19738,39582,37938,38253,76191,42782,40458,83240,37094,35415,72509,28061,26557,54618,18214,16459,34673,9934,10470,20404,4330,7320,11650,1060,3476,4536,209067,207263,416330
2021-07-20,9829,9143,18972,19886,19771,39657,37998,38328,76326,42849,40527,83376,37161,35471,72632,28097,26591,54688,18236,16476,34712,9949,10481,20430,4334,7325,11659,1060,3477,4537,209399,207590,416989
2021-07-21,9856,9159,19015,19925,19826,39751,38076,38394,76470,42913,40592,83505,37204,35547,72751,28139,26634,54773,18261,16498,34759,9957,10497,20454,4338,7328,11666,1062,3477,4539,209731,207952,417683
2021-07-22,9871,9176,19047,19975,19871,39846,38154,38460,76614,42984,40672,83656,37264,35601,72865,28169,26678,54847,18307,16518,34825,9975,10506,20481,4341,7335,11676,1064,3477,4541,210104,208294,418398
2021-07-23,9887,9194,19081,20024,19924,39948,38231,38544,76775,43055,40739,83794,37325,35663,72988,28207,26712,54919,18335,16546,34881,9984,10525,20509,4344,7344,11688,1065,3478,4543,210457,208669,419126
2021-07-24,9900,9202,19102,20063,19963,40026,38285,38589,76874,43112,40796,83908,37371,35713,73084,28232,26745,54977,18360,16562,34922,9995,10533,20528,4346,7347,11693,1065,3479,4544,210729,208929,419658
2021-07-25,9909,9213,19122,20094,19999,40093,38332,38640,76972,43165,40840,84005,37410,35755,73165,28255,26770,55025,18380,16570,34950,10005,10544,20549,4349,7353,11702,1065,3482,4547,210964,209166,420130
2021-07-26,9929,9229,19158,20149,20047,40196,38419,38748,77167,43255,40908,84163,37463,35821,73284,28295,26817,55112,18408,16599,35007,10025,10562,20587,4354,7364,11718,1065,3483,4548,211362,209578,420940
2021-07-27,9946,9240,19186,20190,20095,40285,38489,38835,77324,43336,40982,84318,37519,35873,73392,28334,26858,55192,18431,16615,35046,10035,10575,20610,4354,7368,11722,1066,3484,4550,211700,209925,421625
2021-07-28,9959,9256,19215,20230,20137,40367,38541,38906,77447,43393,41045,84438,37565,35924,73489,28358,26887,55245,18444,16639,35083,10045,10585,20630,4357,7371,11728,1066,3486,4552,211958,210236,422194
2021-07-29,9985,9266,19251,20274,20175,40449,38612,38965,77577,43450,41105,84555,37605,35973,73578,28383,26919,55302,18465,16662,35127,10052,10594,20646,4361,7378,11739,1068,3489,4557,212255,210526,422781
2021-07-30,10011,9282,19293,20320,20231,40551,38675,39035,77710,43497,41167,84664,37662,36033,73695,28424,26954,55378,18488,16692,35180,10062,10609,20671,4364,7390,11754,1070,3491,4561,212573,210884,423457
2021-07-31,10023,9303,19326,20350,20268,40618,38720,39087,77807,43530,41225,84755,37705,36072,73777,28460,26989,55449,18501,16703,35204,10078,10617,20695,4365,7393,11758,1070,3492,4562,212802,211149,423951
2021-08-01,10038,9316,19354,20380,20299,40679,38757,39120,77877,43575,41267,84842,37748,36123,73871,28489,27024,55513,18523,16717,35240,10085,10628,20713,4369,7398,11767,1071,3492,4563,213035,211384,424419
2021-08-02,10063,9339,19402,20450,20375,40825,38830,39199,78029,43634,41325,84959,37807,36191,73998,28549,27073,55622,18549,16747,35296,10096,10650,20746,4371,7404,11775,1072,3495,4567,213421,211798,425219
2021-08-03,10078,9354,19432,20501,20445,40946,38907,39252,78159,43694,41387,85081,37873,36245,74118,28585,27107,55692,18574,16770,35344,10111,10670,20781,4376,7407,11783,1073,3498,4571,213772,212135,425907
2021-08-04,10100,9364,19464,20543,20483,41026,38989,39320,78309,43748,41451,85199,37913,36293,74206,28624,27147,55771,18588,16789,35377,10128,10682,20810,4382,7409,11791,1075,3499,4574,214090,212437,426527
2021-08-05,10118,9378,19496,20594,20555,41149,39052,39394,78446,43809,41509,85318,37966,36347,74313,28665,27187,55852,18611,16807,35418,10137,10700,20837,4386,7417,11803,1078,3504,4582,214416,212798,427214
2021-08-06,10129,9402,19531,20646,20618,41264,39106,39470,78576,43874,41565,85439,38026,36408,74434,28705,27234,55939,18637,16828,35465,10157,10715,20872,4389,7422,11811,1078,3504,4582,214747,213166,427913
2021-08-07,10141,9416,19557,20676,20647,41323,39137,39521,78658,43912,41607,85519,38059,36447,74506,28734,27257,55991,18647,16847,35494,10164,10723,20887,4389,7425,11814,1079,3504,4583,214938,213394,428332
2021-08-08,10150,9436,19586,20704,20681,41385,39171,39556,78727,43950,41644,85594,38093,36487,74580,28756,27283,56039,18658,16860,35518,10169,10733,20902,4389,7426,11815,1079,3504,4583,215119,213610,428729
2021-08-09,10160,9456,19616,20751,20732,41483,39224,39604,78828,44001,41690,85691,38132,36520,74652,28797,27315,56112,18677,16875,35552,10178,10748,20926,4393,7429,11822,1079,3504,4583,215392,213873,429265
2021-08-10,10185,9473,19658,20791,20793,41584,39277,39650,78927,44044,41746,85790,38163,36563,74726,28832,27340,56172,18698,16904,35602,10189,10756,20945,4396,7432,11828,1079,3505,4584,215654,214162,429816
2021-08-11,10203,9492,19695,20834,20846,41680,39328,39704,79032,44084,41788,85872,38200,36603,74803,28854,27388,56242,18716,16921,35637,10200,10767,20967,4397,7439,11836,1079,3506,4585,215895,214454,430349
2021-08-12,10222,9510,19732,20882,20898,41780,39374,39746,79120,44128,41835,85963,38241,36629,74870,28871,27411,56282,18730,16941,35671,10209,10783,20992,4399,7447,11846,1079,3506,4585,216135,214706,430841
2021-08-13,10240,9534,19774,20926,20946,41872,39411,39777,79188,44170,41879,86049,38276,36667,74943,28893,27440,56333,18745,16954,35699,10213,10792,21005,4401,7455,11856,1081,3510,4591,216356,214954,431310
2021-08-14,10252,9545,19797,20953,20971,41924,39439,39809,79248,44209,41922,86131,38292,36690,74982,28913,27459,56372,18760,16962,35722,10222,10799,21021,4403,7457,11860,1081,3510,4591,216524,215124,431648
2021-08-15,10263,9553,19816,20973,21003,41976,39453,39838,79291,44238,41945,86183,38315,36714,75029,28938,27476,56414,18773,16968,35741,10232,10802,21034,4403,7458,11861,1082,3510,4592,216670,215267,431937
2021-08-16,10281,9561,19842,21004,21028,42032,39482,39878,79360,44266,41976,86242,38346,36745,75091,28954,27490,56444,18778,16980,35758,10234,10808,21042,4405,7461,11866,1083,3511,4594,216833,215438,432271
2021-08-17,10298,9575,19873,21067,21072,42139,39531,39921,79452,44308,42013,86321,38394,36789,75183,28974,27508,56482,18792,16997,35789,10242,10819,21061,4409,7467,11876,1083,3512,4595,217098,215673,432771
2021-08-18,10321,9592,19913,21122,21110,42232,39579,39954,79533,44355,42058,86413,38421,36832,75253,29004,27533,56537,18809,17015,35824,10250,10829,21079,4411,7471,11882,1083,3512,4595,217355,215906,433261
2021-08-19,10341,9604,19945,21177,21145,42322,39619,39987,79606,44391,42094,86485,38450,36871,75321,29018,27556,56574,18826,17025,35851,10255,10833,21088,4412,7475,11887,1083,3512,4595,217572,216102,433674
2021-08-20,10367,9623,19990,21218,21197,42415,39652,40019,79671,44422,42139,86561,38478,36916,75394,29043,27577,56620,18843,17047,35890,10266,10845,21111,4414,7485,11899,1084,3513,4597,217787,216361,434148
2021-08-21,10374,9631,20005,21247,21222,42469,39674,40049,79723,44442,42167,86609,38501,36946,75447,29059,27597,56656,18846,17051,35897,10271,10851,21122,4415,7487,11902,1084,3514,4598,217913,216515,434428
2021-08-22,10388,9648,20036,21268,21242,42510,39696,40070,79766,44461,42186,86647,38522,36972,75494,29071,27612,56683,18853,17055,35908,10277,10856,21133,4416,7489,11905,1084,3517,4601,218036,216647,434683
2021-08-23,10402,9664,20066,21300,21270,42570,39723,40097,79820,44496,42218,86714,38551,37002,75553,29089,27627,56716,18863,17069,35932,10287,10858,21145,4417,7491,11908,1086,3517,4603,218214,216813,435027
2021-08-24,10413,9681,20094,21340,21298,42638,39744,40129,79873,44523,42255,86778,38578,37028,75606,29105,27647,56752,18869,17074,35943,10296,10865,21161,4420,7494,11914,1086,3519,4605,218374,216990,435364
2021-08-25,10425,9694,20119,21377,21323,42700,39774,40149,79923,44547,42281,86828,38598,37071,75669,29123,27668,56791,18876,17081,35957,10298,10873,21171,4421,7499,11920,1087,3519,4606,218526,217158,435684
2021-08-26,10442,9711,20153,21412,21352,42764,39801,40191,79992,44569,42307,86876,38622,37092,75714,29137,27681,56818,18891,17082,35973,10304,10876,21180,4423,7503,11926,1088,3520,4608,218689,217315,436004
2021-08-27,10454,9725,20179,21453,21385,42838,39835,40215,80050,44588,42328,86916,38643,37121,75764,29152,27694,56846,18897,17089,35986,10306,10882,21188,4423,7514,11937,1089,3522,4611,218840,217475,436315
2021-08-28,10465,9733,20198,21471,21404,42875,39856,40243,80099,44602,42347,86949,38661,37139,75800,29169,27707,56876,18907,17095,36002,10312,10882,21194,4424,7514,11938,1089,3522,4611,218956,217586,436542
2021-08-29,10472,9746,20218,21500,21431,42931,39876,40262,80138,44624,42365,86989,38678,37157,75835,29177,27717,56894,18909,17101,36010,10313,10887,21200,4424,7514,11938,1089,3522,4611,219062,217702,436764
2021-08-30,10483,9761,20244,21530,21473,43003,39904,40287,80191,44646,42387,87033,38699,37190,75889,29187,27731,56918,18915,17109,36024,10318,10891,21209,4424,7516,11940,1090,3525,4615,219196,217870,437066
2021-08-31,10493,9767,20260,21570,21501,43071,39923,40313,80236,44678,42403,87081,38723,37218,75941,29196,27751,56947,18927,17115,36042,10322,10899,21221,4428,7518,11946,1090,3527,4617,219350,218012,437362
2021-09-01,10504,9782,20286,21608,21529,43137,39946,40340,80286,44701,42429,87130,38742,37248,75990,29207,27768,56975,18928,17124,36052,10326,10906,21232,4429,7521,11950,1090,3529,4619,219481,218176,437657
2021-09-02,10513,9796,20309,21631,21562,43193,39967,40364,80331,44723,42448,87171,38762,37272,76034,29220,27781,57001,18933,17128,36061,10328,10912,21240,4429,7525,11954,1091,3529,4620,219597,218317,437914
2021-09-03,10525,9814,20339,21666,21589,43255,39988,40381,80369,44737,42471,87208,38781,37303,76084,29234,27797,57031,18944,17138,36082,10335,10920,21255,4430,7528,11958,1091,3532,4623,219731,218473,438204
2021-09-04,10530,9822,20352,21679,21601,43280,39996,40393,80389,44751,42482,87233,38786,37317,76103,29236,27808,57044,18948,17140,36088,10337,10924,21261,4431,7533,11964,1091,3532,4623,219785,218552,438337
2021-09-05,10545,9837,20382,21698,21611,43309,40002,40403,80405,44765,42494,87259,38804,37328,76132,29244,27814,57058,18952,17143,36095,10338,10927,21265,4433,7534,11967,1091,3532,4623,219872,218623,438495
2021-09-06,10561,9848,20409,21720,21630,43350,40017,40422,80439,44790,42514,87304,38830,37344,76174,29253,27828,57081,18959,17149,36108,10343,10929,21272,4433,7535,11968,1091,3532,4623,219997,218731,438728
2021-09-07,10572,9857,20429,21737,21651,43388,40029,40434,80463,44808,42536,87344,38847,37357,76204,29261,27837,57098,18968,17153,36121,10344,10932,21276,4435,7537,11972,1091,3532,4623,220092,218826,438918
2021-09-08,10587,9871,20458,21755,21670,43425,40040,40452,80492,44824,42551,87375,38864,37373,76237,29269,27839,57108,18974,17156,36130,10347,10937,21284,4435,7538,11973,1091,3533,4624,220186,218920,439106
2021-09-09,10599,9879,20478,21769,21685,43454,40055,40465,80520,44841,42569,87410,38877,37387,76264,29283,27854,57137,18978,17158,36136,10349,10942,21291,4436,7539,11975,1091,3533,4624,220278,219011,439289
2021-09-10,10619,9894,20513,21787,21703,43490,40065,40477,80542,44867,42591,87458,38900,37406,76306,29296,27865,57161,18983,17163,36146,10351,10944,21295,4437,7540,11977,1091,3533,4624,220396,219116,439512
2021-09-11,10627,9900,20527,21801,21711,43512,40076,40484,80560,44879,42606,87485,38912,37424,76336,29303,27873,57176,18989,17165,36154,10351,10946,21297,4437,7540,11977,1091,3533,4624,220466,219182,439648
2021-09-12,10633,9911,20544,21815,21730,43545,40083,40495,80578,44889,42616,87505,38919,37435,76354,29304,27881,57185,18994,17167,36161,10351,10947,21298,4440,7541,11981,1091,3533,4624,220519,219256,439775
2021-09-13,10649,9926,20575,21840,21746,43586,40097,40508,80605,44906,42633,87539,38932,37454,76386,29312,27891,57203,18998,17175,36173,10354,10950,21304,4441,7544,11985,1091,3534,4625,220620,219361,439981
2021-09-14,10664,9939,20603,21854,21765,43619,40105,40518,80623,44918,42646,87564,38947,37471,76418,29320,27902,57222,19001,17177,36178,10359,10957,21316,4441,7544,11985,1091,3534,4625,220700,219453,440153
2021-09-15,10673,9954,20627,21873,21786,43659,40115,40522,80637,44935,42657,87592,38961,37490,76451,29325,27910,57235,19005,17182,36187,10363,10964,21327,4441,7544,11985,1091,3534,4625,220782,219543,440325
2021-09-16,10688,9968,20656,21895,21807,43702,40125,40529,80654,44948,42666,87614,38971,37505,76476,29331,27918,57249,19010,17186,36196,10366,10968,21334,4443,7544,11987,1091,3534,4625,220868,219625,440493
2021-09-17,10699,9981,20680,21906,21820,43726,40135,40538,80673,44962,42685,87647,38987,37519,76506,29340,27930,57270,19013,17193,36206,10369,10972,21341,4445,7544,11989,1091,3534,4625,220947,219716,440663
2021-09-18,10712,9986,20698,21914,21830,43744,40140,40542,80682,44969,42696,87665,38994,37531,76525,29346,27933,57279,19016,17194,36210,10369,10974,21343,4446,7544,11990,1091,3535,4626,220997,219765,440762
2021-09-19,10725,9992,20717,21919,21837,43756,40143,40550,80693,44976,42700,87676,39001,37542,76543,29349,27938,57287,19018,17195,36213,10373,10976,21349,4446,7545,11991,1091,3535,4626,221041,219810,440851
2021-09-20,10732,10000,20732,21938,21843,43781,40150,40555,80705,44982,42714,87696,39011,37553,76564,29354,27945,57299,19025,17199,36224,10373,10977,21350,4447,7546,11993,1091,3535,4626,221103,219867,440970
2021-09-21,10739,10009,20748,21955,21853,43808,40157,40561,80718,44997,42726,87723,39022,37560,76582,29362,27952,57314,19029,17201,36230,10377,10979,21356,4447,7547,11994,1091,3536,4627,221176,219924,441100
2021-09-22,10749,10014,20763,21967,21864,43831,40167,40565,80732,45009,42737,87746,39034,37574,76608,29364,27958,57322,19033,17201,36234,10379,10981,21360,4447,7548,11995,1091,3536,4627,221240,219978,441218
2021-09-23,10755,10018,20773,21977,21874,43851,40176,40574,80750,45022,42759,87781,39042,37583,76625,29375,27963,57338,19040,17208,36248,10379,10985,21364,4448,7551,11999,1091,3536,4627,221305,220051,441356
2021-09-24,10765,10024,20789,21990,21885,43875,40182,40582,80764,45036,42773,87809,39057,37597,76654,29383,27973,57356,19044,17212,36256,10380,10989,21369,4449,7552,12001,1092,3536,4628,221378,220123,441501
2021-09-25,10772,10030,20802,21999,21898,43897,40184,40587,80771,45042,42778,87820,39062,37611,76673,29385,27979,57364,19045,17214,36259,10382,10990,21372,4450,7553,12003,1092,3536,4628,221413,220176,441589
2021-09-26,10782,10034,20816,22006,21905,43911,40187,40593,80780,45046,42783,87829,39068,37617,76685,29388,27984,57372,19045,17214,36259,10382,10992,21374,4450,7553,12003,1092,3537,4629,221446,220212,441658
2021-09-27,10787,10036,20823,22016,21925,43941,40194,40605,80799,45063,42797,87860,39075,37624,76699,29392,27987,57379,19048,17221,36269,10382,10992,21374,4450,7554,12004,1092,3537,4629,221499,220278,441777
2021-09-28,10797,10042,20839,22027,21934,43961,40198,40615,80813,45070,42811,87881,39080,37634,76714,29397,27990,57387,19052,17223,36275,10383,10992,21375,4450,7556,12006,1092,3537,4629,221546,220334,441880
2021-09-29,10797,10045,20842,22034,21949,43983,40207,40622,80829,45079,42823,87902,39085,37647,76732,29403,27995,57398,19054,17225,36279,10384,10994,21378,4450,7557,12007,1092,3537,4629,221585,220394,441979
2021-09-30,10797,10048,20845,22045,21956,44001,40216,40631,80847,45085,42835,87920,39092,37652,76744,29407,27996,57403,19056,17227,36283,10385,10995,21380,4450,7558,12008,1092,3537,4629,221625,220435,442060
2021-10-01,10803,10053,20856,22056,21969,44025,40224,40639,80863,45094,42848,87942,39101,37667,76768,29412,28004,57416,19059,17234,36293,10387,10998,21385,4450,7559,12009,1092,3537,4629,221678,220508,442186
2021-10-02,10810,10056,20866,22060,21974,44034,40227,40648,80875,45100,42858,87958,39106,37677,76783,29416,28006,57422,19060,17234,36294,10388,11001,21389,4451,7560,12011,1092,3537,4629,221710,220551,442261
2021-10-03,10811,10057,20868,22061,21981,44042,40234,40652,80886,45110,42867,87977,39109,37686,76795,29419,28007,57426,19061,17235,36296,10388,11001,21389,4451,7560,12011,1092,3537,4629,221736,220583,442319
2021-10-04,10816,10061,20877,22070,21988,44058,40240,40663,80903,45117,42879,87996,39123,37694,76817,29421,28014,57435,19064,17236,36300,10389,11003,21392,4451,7562,12013,1092,3537,4629,221783,220637,442420
2021-10-05,10820,10063,20883,22086,22002,44088,40247,40672,80919,45130,42891,88021,39128,37707,76835,29430,28019,57449,19070,17241,36311,10390,11004,21394,4451,7562,12013,1092,3537,4629,221844,220698,442542
2021-10-06,10825,10069,20894,22101,22027,44128,40255,40679,80934,45140,42907,88047,39140,37716,76856,29435,28024,57459,19074,17246,36320,10393,11009,21402,4451,7565,12016,1092,3537,4629,221906,220779,442685
2021-10-07,10832,10074,20906,22109,22034,44143,40265,40684,80949,45151,42914,88065,39146,37730,76876,29439,28033,57472,19079,17249,36328,10395,11011,21406,4451,7565,12016,1092,3537,4629,221959,220831,442790
2021-10-08,10836,10079,20915,22119,22041,44160,40274,40692,80966,45164,42916,88080,39149,37734,76883,29441,28035,57476,19079,17250,36329,10396,11013,21409,4452,7565,12017,1092,3537,4629,222002,220862,442864
2021-10-09,10838,10079,20917,22122,22043,44165,40278,40697,80975,45169,42920,88089,39156,37746,76902,29444,28040,57484,19082,17252,36334,10397,11014,21411,4452,7567,12019,1094,3537,4631,222032,220895,442927
2021-10-10,10849,10081,20930,22130,22049,44179,40282,40701,80983,45175,42932,88107,39164,37753,76917,29449,28047,57496,19085,17253,36338,10399,11017,21416,4452,7567,12019,1094,3538,4632,222079,220938,443017
2021-10-11,10853,10084,20937,22141,22060,44201,40290,40711,81001,45183,42939,88122,39169,37766,76935,29460,28050,57510,19088,17255,36343,10399,11017,21416,4452,7569,12021,1095,3538,4633,222130,220989,443119
2021-10-12,10863,10095,20958,22156,22076,44232,40300,40725,81025,45196,42959,88155,39185,37786,76971,29472,28057,57529,19092,17257,36349,10406,11022,21428,4454,7569,12023,1095,3538,4633,222219,221084,443303
2021-10-13,10868,10106,20974,22172,22090,44262,40314,40739,81053,45207,42976,88183,39202,37795,76997,29476,28064,57540,19096,17260,36356,10408,11025,21433,4454,7569,12023,1095,3538,4633,222292,221162,443454
2021-10-14,10875,10111,20986,22185,22103,44288,40332,40756,81088,45221,42995,88216,39216,37810,77026,29489,28071,57560,19104,17271,36375,10411,11035,21446,4454,7570,12024,1095,3538,4633,222382,221260,443642
2021-10-15,10879,10113,20992,22198,22111,44309,40338,40771,81109,45236,43020,88256,39227,37828,77055,29500,28076,57576,19105,17277,36382,10415,11036,21451,4454,7572,12026,1095,3538,4633,222447,221342,443789
2021-10-16,10884,10118,21002,22206,22121,44327,40350,40782,81132,45246,43036,88282,39233,37838,77071,29506,28081,57587,19106,17280,36386,10417,11036,21453,4455,7572,12027,1096,3538,4634,222499,221402,443901
2021-10-17,10889,10121,21010,22211,22127,44338,40355,40786,81141,45253,43044,88297,39243,37842,77085,29510,28083,57593,19108,17282,36390,10419,11036,21455,4456,7573,12029,1096,3538,4634,222540,221432,443972
2021-10-18,10898,10127,21025,22234,22139,44373,40362,40792,81154,45264,43056,88320,39254,37853,77107,29515,28089,57604,19111,17291,36402,10420,11036,21456,4457,7573,12030,1096,3538,4634,222611,221494,444105
2021-10-19,10904,10136,21040,22246,22161,44407,40378,40802,81180,45272,43066,88338,39263,37863,77126,29520,28097,57617,19115,17301,36416,10422,11039,21461,4458,7576,12034,1097,3538,4635,222675,221579,444254
2021-10-20,10911,10144,21055,22268,22193,44461,40396,40819,81215,45287,43089,88376,39271,37875,77146,29526,28106,57632,19120,17310,36430,10422,11042,21464,4458,7578,12036,1097,3538,4635,222756,221694,444450
2021-10-21,10917,10155,21072,22301,22233,44534,40407,40835,81242,45304,43116,88420,39288,37893,77181,29537,28118,57655,19124,17315,36439,10425,11047,21472,4460,7578,12038,1097,3538,4635,222860,221828,444688
2021-10-22,10930,10164,21094,22332,22265,44597,40414,40852,81266,45313,43132,88445,39300,37917,77217,29548,28126,57674,19130,17323,36453,10432,11051,21483,4460,7582,12042,1098,3539,4637,222957,221951,444908
2021-10-23,10941,10168,21109,22350,22279,44629,40427,40864,81291,45325,43144,88469,39309,37935,77244,29553,28130,57683,19130,17323,36453,10432,11051,21483,4460,7585,12045,1098,3540,4638,223025,222019,445044
2021-10-24,10950,10179,21129,22363,22286,44649,40436,40870,81306,45339,43148,88487,39320,37946,77266,29557,28133,57690,19133,17326,36459,10433,11056,21489,4460,7585,12045,1098,3540,4638,223089,222069,445158
2021-10-25,10958,10195,21153,22381,22309,44690,40447,40888,81335,45350,43160,88510,39328,37965,77293,29565,28144,57709,19137,17330,36467,10435,11060,21495,4462,7588,12050,1098,3542,4640,223161,222181,445342
2021-10-26,10977,10203,21180,22397,22325,44722,40460,40897,81357,45366,43174,88540,39338,37989,77327,29579,28150,57729,19143,17333,36476,10438,11062,21500,4462,7588,12050,1099,3542,4641,223259,222263,445522
2021-10-27,10984,10211,21195,22418,22345,44763,40482,40911,81393,45374,43197,88571,39356,38005,77361,29587,28157,57744,19144,17344,36488,10442,11069,21511,4462,7588,12050,1101,3542,4643,223350,222369,445719
2021-10-28,11002,10219,21221,22439,22360,44799,40496,40927,81423,45386,43208,88594,39365,38020,77385,29594,28169,57763,19150,17350,36500,10445,11072,21517,4463,7590,12053,1101,3545,4646,223441,222460,445901
2021-10-29,11012,10240,21252,22465,22381,44846,40510,40944,81454,45404,43223,88627,39375,38031,77406,29604,28177,57781,19152,17354,36506,10448,11074,21522,4463,7591,12054,1101,3545,4646,223534,222560,446094
2021-10-30,11020,10253,21273,22481,22391,44872,40519,40955,81474,45414,43234,88648,39386,38047,77433,29615,28186,57801,19155,17356,36511,10448,11078,21526,4464,7593,12057,1101,3545,4646,223603,222638,446241
2021-10-31,11025,10260,21285,22490,22404,44894,40529,40965,81494,45423,43242,88665,39400,38062,77462,29623,28192,57815,19157,17360,36517,10448,11078,21526,4464,7595,12059,1101,3546,4647,223660,222704,446364
2021-11-01,11033,10274,21307,22504,22419,44923,40537,40980,81517,45441,43261,88702,39410,38080,77490,29630,28196,57826,19161,17365,36526,10448,11084,21532,4465,7599,12064,1101,3546,4647,223730,222804,446534
2021-11-02,11052,10285,21337,22513,22436,44949,40550,40994,81544,45451,43272,88723,39420,38091,77511,29635,28204,57839,19166,17367,36533,10451,11090,21541,4466,7600,12066,1101,3546,4647,223805,222885,446690
2021-11-03,11062,10303,21365,22527,22450,44977,40565,41016,81581,45466,43302,88768,39439,38105,77544,29643,28213,57856,19168,17368,36536,10452,11092,21544,4466,7601,12067,1101,3547,4648,223889,222997,446886
2021-11-04,11076,10311,21387,22539,22465,45004,40592,41037,81629,45493,43322,88815,39456,38125,77581,29651,28221,57872,19174,17371,36545,10457,11098,21555,4466,7602,12068,1102,3547,4649,224006,223099,447105
2021-11-05,11086,10324,21410,22554,22484,45038,40604,41055,81659,45508,43336,88844,39469,38148,77617,29658,28225,57883,19176,17375,36551,10462,11101,21563,4466,7602,12068,1102,3547,4649,224085,223197,447282
2021-11-06,11102,10343,21445,22559,22495,45054,40623,41071,81694,45522,43353,88875,39484,38167,77651,29668,28236,57904,19181,17378,36559,10465,11103,21568,4468,7602,12070,1102,3547,4649,224174,223295,447469
2021-11-07,11109,10347,21456,22563,22510,45073,40630,41076,81706,45538,43367,88905,39500,38181,77681,29677,28244,57921,19183,17378,36561,10465,11104,21569,4469,7603,12072,1102,3547,4649,224236,223357,447593
2021-11-08,11122,10359,21481,22576,22523,45099,40644,41093,81737,45560,43384,88944,39519,38210,77729,29686,28253,57939,19189,17382,36571,10469,11109,21578,4470,7607,12077,1102,3548,4650,224337,223468,447805
2021-11-09,11139,10375,21514,22592,22536,45128,40656,41123,81779,45574,43409,88983,39533,38226,77759,29694,28265,57959,19196,17389,36585,10471,11113,21584,4471,7607,12078,1103,3548,4651,224429,223591,448020
2021-11-10,11161,10394,21555,22609,22550,45159,40678,41151,81829,45592,43439,89031,39554,38248,77802,29707,28278,57985,19200,17394,36594,10475,11115,21590,4472,7609,12081,1104,3549,4653,224552,223727,448279
2021-11-11,11176,10406,21582,22623,22565,45188,40699,41175,81874,45622,43461,89083,39574,38268,77842,29716,28284,58000,19202,17398,36600,10478,11123,21601,4473,7609,12082,1104,3549,4653,224667,223838,448505
2021-11-12,11192,10421,21613,22631,22580,45211,40716,41208,81924,45641,43483,89124,39600,38288,77888,29729,28297,58026,19211,17405,36616,10481,11129,21610,4473,7611,12084,1104,3551,4655,224778,223973,448751
2021-11-13,11206,10434,21640,22645,22592,45237,40724,41229,81953,45657,43499,89156,39620,38309,77929,29741,28304,58045,19212,17410,36622,10483,11131,21614,4473,7614,12087,1104,3551,4655,224865,224073,448938
2021-11-14,11218,10443,21661,22652,22601,45253,40734,41247,81981,45679,43513,89192,39636,38324,77960,29744,28311,58055,19215,17413,36628,10484,11132,21616,4474,7614,12088,1104,3551,4655,224940,224149,449089
2021-11-15,11230,10460,21690,22658,22619,45277,40754,41264,82018,45694,43545,89239,39655,38349,78004,29753,28323,58076,19222,17426,36648,10485,11134,21619,4475,7615,12090,1105,3551,4656,225031,224286,449317
2021-11-16,11247,10469,21716,22666,22631,45297,40772,41285,82057,45721,43569,89290,39669,38374,78043,29761,28335,58096,19228,17431,36659,10487,11137,21624,4478,7617,12095,1105,3554,4659,225134,224402,449536
2021-11-17,11260,10476,21736,22676,22644,45320,40796,41301,82097,45744,43598,89342,39691,38395,78086,29771,28343,58114,19237,17441,36678,10489,11139,21628,4479,7619,12098,1105,3554,4659,225248,224510,449758
2021-11-18,11270,10489,21759,22690,22652,45342,40818,41320,82138,45775,43619,89394,39708,38420,78128,29781,28348,58129,19247,17447,36694,10491,11141,21632,4480,7622,12102,1105,3554,4659,225365,224612,449977
2021-11-19,11284,10503,21787,22705,22664,45369,40843,41336,82179,45793,43643,89436,39724,38437,78161,29790,28355,58145,19253,17455,36708,10492,11151,21643,4480,7623,12103,1105,3555,4660,225469,224722,450191
2021-11-20,11290,10510,21800,22715,22673,45388,40862,41353,82215,45812,43676,89488,39748,38453,78201,29798,28362,58160,19259,17458,36717,10494,11153,21647,4481,7623,12104,1105,3556,4661,225564,224817,450381
2021-11-21,11298,10524,21822,22728,22685,45413,40877,41367,82244,45829,43695,89524,39767,38463,78230,29805,28373,58178,19265,17473,36738,10499,11155,21654,4481,7625,12106,1105,3556,4661,225654,224916,450570
2021-11-22,11308,10532,21840,22743,22698,45441,40886,41385,82271,45846,43727,89573,39782,38480,78262,29815,28386,58201,19272,17476,36748,10499,11158,21657,4482,7626,12108,1105,3557,4662,225738,225025,450763
2021-11-23,11321,10539,21860,22757,22722,45479,40916,41426,82342,45882,43760,89642,39803,38506,78309,29821,28410,58231,19283,17483,36766,10503,11164,21667,4482,7627,12109,1105,3557,4662,225873,225194,451067
2021-11-24,11339,10549,21888,22774,22739,45513,40952,41460,82412,45903,43796,89699,39832,38530,78362,29835,28420,58255,19296,17494,36790,10507,11168,21675,4483,7629,12112,1106,3558,4664,226027,225343,451370
2021-11-25,11349,10560,21909,22784,22751,45535,40979,41500,82479,45930,43848,89778,39856,38549,78405,29847,28429,58276,19300,17503,36803,10508,11175,21683,4486,7630,12116,1106,3558,4664,226145,225503,451648
2021-11-26,11360,10566,21926,22798,22767,45565,41018,41532,82550,45964,43892,89856,39872,38579,78451,29852,28439,58291,19309,17511,36820,10510,11180,21690,4487,7632,12119,1106,3558,4664,226276,225656,451932
2021-11-27,11366,10576,21942,22810,22778,45588,41049,41566,82615,46002,43918,89920,39888,38596,78484,29861,28445,58306,19315,17516,36831,10514,11184,21698,4487,7633,12120,1106,3559,4665,226398,225771,452169
2021-11-28,11376,10581,21957,22827,22793,45620,41067,41588,82655,46030,43937,89967,39906,38617,78523,29871,28453,58324,19319,17522,36841,10516,11189,21705,4487,7633,12120,1106,3559,4665,226505,225872,452377
2021-11-29,11385,10595,21980,22841,22818,45659,41102,41628,82730,46072,43984,90056,39932,38655,78587,29881,28469,58350,19335,17540,36875,10524,11197,21721,4487,7634,12121,1107,3560,4667,226666,226080,452746
2021-11-30,11395,10607,22002,22859,22845,45704,41133,41659,82792,46119,44028,90147,39969,38697,78666,29899,28485,58384,19349,17557,36906,10526,11199,21725,4491,7637,12128,1108,3562,4670,226848,226276,453124
2021-12-01,11407,10618,22025,22883,22861,45744,41177,41719,82896,46170,44087,90257,40004,38747,78751,29916,28508,58424,19358,17567,36925,10531,11206,21737,4492,7642,12134,1108,3564,4672,227046,226519,453565
2021-12-02,11417,10631,22048,22900,22884,45784,41216,41779,82995,46230,44139,90369,40042,38789,78831,29939,28522,58461,19371,17577,36948,10537,11213,21750,4495,7648,12143,1108,3571,4679,227255,226753,454008
2021-12-03,11429,10643,22072,22921,22905,45826,41257,41829,83086,46266,44183,90449,40065,38823,78888,29946,28544,58490,19383,17590,36973,10540,11218,21758,4497,7650,12147,1109,3572,4681,227413,226957,454370
2021-12-04,11435,10651,22086,22940,22929,45869,41291,41868,83159,46306,44222,90528,40095,38862,78957,29961,28562,58523,19388,17598,36986,10549,11226,21775,4498,7653,12151,1109,3573,4682,227572,227144,454716
2021-12-05,11442,10657,22099,22960,22943,45903,41324,41897,83221,46340,44261,90601,40119,38891,79010,29972,28580,58552,19396,17605,37001,10551,11231,21782,4499,7655,12154,1110,3573,4683,227713,227293,455006
2021-12-06,11455,10680,22135,22984,22982,45966,41377,41966,83343,46395,44319,90714,40166,38939,79105,29992,28597,58589,19408,17620,37028,10562,11238,21800,4501,7658,12159,1112,3574,4686,227952,227573,455525
2021-12-07,11466,10696,22162,23018,23016,46034,41434,42065,83499,46443,44388,90831,40214,38981,79195,30008,28619,58627,19417,17626,37043,10564,11244,21808,4507,7662,12169,1112,3574,4686,228183,227871,456054
2021-12-08,11475,10707,22182,23043,23043,46086,41493,42132,83625,46497,44441,90938,40244,39015,79259,30020,28639,58659,19427,17633,37060,10570,11251,21821,4508,7664,12172,1114,3575,4689,228391,228100,456491
2021-12-09,11497,10722,22219,23086,23086,46172,41568,42229,83797,46572,44530,91102,40292,39069,79361,30043,28661,58704,19443,17653,37096,10580,11265,21845,4514,7668,12182,1114,3577,4691,228709,228460,457169
2021-12-10,11515,10741,22256,23117,23117,46234,41651,42317,83968,46643,44603,91246,40346,39128,79474,30066,28680,58746,19452,17665,37117,10583,11270,21853,4517,7672,12189,1115,3580,4695,229005,228773,457778
2021-12-11,11527,10756,22283,23139,23147,46286,41720,42421,84141,46692,44662,91354,40390,39177,79567,30090,28702,58792,19465,17674,37139,10589,11276,21865,4519,7674,12193,1115,3581,4696,229246,229070,458316
2021-12-12,11544,10776,22320,23162,23177,46339,41788,42479,84267,46766,44726,91492,40437,39234,79671,30115,28726,58841,19474,17682,37156,10592,11284,21876,4521,7675,12196,1115,3581,4696,229514,229340,458854
2021-12-13,11560,10797,22357,23206,23221,46427,41918,42611,84529,46853,44812,91665,40498,39291,79789,30141,28752,58893,19491,17710,37201,10602,11294,21896,4527,7680,12207,1115,3581,4696,229911,229749,459660
2021-12-14,11574,10816,22390,23248,23274,46522,42079,42745,84824,46976,44929,91905,40552,39344,79896,30164,28787,58951,19505,17733,37238,10612,11303,21915,4529,7688,12217,1115,3584,4699,230354,230203,460557
2021-12-15,11590,10824,22414,23303,23328,46631,42232,42904,85136,47080,45034,92114,40634,39416,80050,30187,28827,59014,19518,17749,37267,10615,11306,21921,4533,7691,12224,1115,3587,4702,230807,230666,461473
2021-12-16,11613,10848,22461,23365,23392,46757,42420,43074,85494,47240,45143,92383,40725,39486,80211,30223,28867,59090,19532,17773,37305,10627,11314,21941,4538,7694,12232,1115,3589,4704,231398,231180,462578
2021-12-17,11636,10868,22504,23425,23458,46883,42588,43238,85826,47370,45265,92635,40799,39569,80368,30263,28914,59177,19550,17799,37349,10635,11324,21959,4539,7699,12238,1117,3590,4707,231922,231724,463646
2021-12-18,11656,10881,22537,23468,23510,46978,42720,43367,86087,47508,45378,92886,40873,39643,80516,30300,28954,59254,19569,17824,37393,10644,11334,21978,4544,7703,12247,1119,3593,4712,232401,232187,464588
2021-12-19,11680,10892,22572,23510,23564,47074,42855,43532,86387,47626,45501,93127,40946,39726,80672,30334,28996,59330,19590,17846,37436,10652,11342,21994,4548,7708,12256,1120,3593,4713,232861,232700,465561
2021-12-20,11715,10930,22645,23596,23660,47256,43085,43858,86943,47840,45701,93541,41069,39861,80930,30392,29065,59457,19623,17872,37495,10671,11359,22030,4556,7715,12271,1120,3596,4716,233667,233617,467284
2021-12-21,11735,10956,22691,23714,23804,47518,43437,44296,87733,48120,46000,94120,41203,40025,81228,30466,29147,59613,19662,17909,37571,10695,11383,22078,4560,7723,12283,1123,3598,4721,234715,234841,469556
2021-12-22,11774,11004,22778,23906,23992,47898,43968,44959,88927,48490,46424,94914,41403,40231,81634,30566,29251,59817,19694,17953,37647,10722,11405,22127,4566,7731,12297,1125,3602,4727,236214,236552,472766
2021-12-23,11820,11050,22870,24130,24223,48353,44542,45544,90086,48840,46754,95594,41603,40419,82022,30670,29373,60043,19733,18009,37742,10748,11437,22185,4572,7741,12313,1125,3610,4735,237783,238160,475943
2021-12-24,11854,11083,22937,24292,24427,48719,44892,45897,90789,49086,46997,96083,41750,40583,82333,30755,29457,60212,19774,18047,37821,10772,11449,22221,4579,7749,12328,1126,3612,4738,238880,239301,478181
2021-12-25,11876,11104,22980,24450,24618,49068,45087,46123,91210,49258,47166,96424,41857,40706,82563,30833,29520,60353,19808,18083,37891,10790,11467,22257,4581,7754,12335,1128,3614,4742,239668,240155,479823
2021-12-26,11930,11167,23097,24790,25034,49824,45603,46694,92297,49680,47572,97252,42146,41037,83183,31020,29705,60725,19894,18175,38069,10827,11488,22315,4585,7764,12349,1130,3616,4746,241605,242252,483857
2021-12-27,12049,11272,23321,25315,25684,50999,46511,47666,94177,50353,48267,98620,42581,41515,84096,31271,30060,61331,20029,18303,38332,10908,11553,22461,4602,7783,12385,1132,3619,4751,244751,245722,490473
2021-12-28,12177,11384,23561,25963,26460,52423,47717,49050,96767,51181,49180,100361,43095,42118,85213,31588,30482,62070,20195,18503,38698,10991,11649,22640,4620,7816,12436,1135,3625,4760,248662,250267,498929
2021-12-29,12324,11507,23831,26682,27331,54013,49108,50544,99652,52067,50110,102177,43655,42761,86416,31942,30909,62851,20375,18749,39124,11093,11767,22860,4652,7856,12508,1139,3630,4769,253037,255164,508201
2021-12-30,12484,11666,24150,27375,28144,55519,50411,51971,102382,52950,51109,104059,44255,43471,87726,32310,31378,63688,20562,18986,39548,11169,11897,23066,4675,7899,12574,1145,3635,4780,257336,260156,517492
2021-12-31,12583,11767,24350,27738,28552,56290,51065,52706,103771,53461,51691,105152,44655,43953,88608,32567,31707,64274,20700,19132,39832,11244,11976,23220,4705,7920,12625,1147,3637,4784,259865,263041,522906
2022-01-01,12677,11848,24525,27967,28820,56787,51510,53202,104712,53888,52140,106028,44973,44319,89292,32775,31909,64684,20803,19259,40062,11306,12032,23338,4727,7932,12659,1148,3639,4787,261774,265100,526874
2022-01-02,12847,12002,24849,28373,29348,57721,52480,54305,106785,54760,53068,107828,45663,45115,90778,33199,32445,65644,21071,19526,40597,11410,12175,23585,4757,7973,12730,1150,3642,4792,265710,269599,535309
2022-01-03,13136,12260,25396,29076,30182,59258,54382,56671,111053,56359,54777,111136,46688,46394,93082,33918,33245,67163,21454,19994,41448,11596,12372,23968,4817,8031,12848,1163,3654,4817,272589,277580,550169
2022-01-04,13441,12542,25983,29872,31146,61018,56607,59259,115866,57996,56629,114625,47777,47741,95518,34568,34098,68666,21879,20445,42324,11776,12588,24364,4879,8098,12977,1176,3688,4864,279971,286234,566205
2022-01-05,13754,12856,26610,30664,32177,62841,58838,61910,120748,59781,58571,118352,48829,49089,97918,35212,34991,70203,22289,20921,43210,11936,12828,24764,4928,8177,13105,1189,3712,4901,287420,295232,582652
2022-01-06,14087,13167,27254,31421,33137,64558,60971,64291,125262,61500,60482,121982,49955,50471,100426,35947,35913,71860,22708,21419,44127,12123,13073,25196,4989,8274,13263,1202,3733,4935,294903,303960,598863
2022-01-07,14488,13514,28002,32062,33927,65989,62726,66370,129096,63052,62274,125326,51037,51800,102837,36590,36732,73322,23122,21912,45034,12310,13305,25615,5045,8347,13392,1214,3763,4977,301646,311944,613590
2022-01-08,14720,13782,28502,32514,34467,66981,63920,67827,131747,64243,63650,127893,51898,52784,104682,37153,37419,74572,23463,22303,45766,12500,13478,25978,5090,8411,13501,1222,3778,5000,306723,317899,624622
2022-01-09,15022,14057,29079,32987,35029,68016,65022,69135,134157,65541,65026,130567,52785,53923,106708,37796,38093,75889,23857,22728,46585,12681,13670,26351,5151,8475,13626,1227,3789,5016,312069,323925,635994
2022-01-10,15504,14501,30005,33715,35881,69596,66920,71355,138275,67561,67272,134833,54189,55588,109777,38795,39186,77981,24472,23390,47862,12976,14003,26979,5234,8598,13832,1250,3840,5090,320616,333614,654230
2022-01-11,15926,14883,30809,34411,36732,71143,68628,73396,142024,69473,69403,138876,55577,57156,112733,39702,40265,79967,25062,24019,49081,13262,14345,27607,5334,8715,14049,1268,3873,5141,328643,342787,671430
2022-01-12,16340,15271,31611,35155,37596,72751,70436,75462,145898,71436,71662,143098,56987,58886,115873,40602,41411,82013,25631,24651,50282,13572,14695,28267,5415,8851,14266,1290,3917,5207,336864,352402,689266
2022-01-13,16674,15571,32245,35721,38235,73956,71775,77007,148782,72968,73439,146407,58124,60296,118420,41334,42309,83643,26126,25250,51376,13848,14995,28843,5509,8997,14506,1305,3973,5278,343384,360072,703456
2022-01-14,17073,15914,32987,36435,39017,75452,73268,78774,152042,74758,75423,150181,59533,61930,121463,42283,43404,85687,26799,25971,52770,14148,15356,29504,5621,9135,14756,1318,4021,5339,351236,368945,720181
2022-01-15,17427,16175,33602,36939,39552,76491,74293,79923,154216,75975,76828,152803,60539,63071,123610,42956,44158,87114,27264,26459,53723,14366,15592,29958,5688,9233,14921,1328,4043,5371,356775,375034,731809
2022-01-16,17788,16497,34285,37428,40125,77553,75225,81096,156321,77153,78371,155524,61667,64357,126024,43627,44958,88585,27745,26993,54738,14607,15867,30474,5755,9301,15056,1339,4069,5408,362334,381634,743968
2022-01-17,18250,16903,35153,38118,40882,79000,76679,82853,159532,79012,80439,159451,63114,66160,129274,44599,46078,90677,28387,27773,56160,14937,16276,31213,5882,9464,15346,1358,4122,5480,370336,390950,761286
2022-01-18,18649,17274,35923,38741,41607,80348,78107,84619,162726,80835,82470,163305,64615,67878,132493,45569,47226,92795,29093,28560,57653,15303,16675,31978,6001,9629,15630,1376,4185,5561,378289,400123,778412
2022-01-19,18996,17583,36579,39243,42232,81475,79292,86121,165413,82411,84354,166765,65873,69441,135314,46423,48224,94647,29708,29318,59026,15652,17100,32752,6121,9801,15922,1401,4259,5660,385120,408433,793553
2022-01-20,19311,17872,37183,39778,42830,82608,80304,87437,167741,83713,85963,169676,66955,70793,137748,47164,49097,96261,30269,29953,60222,15959,17456,33415,6224,9965,16189,1416,4319,5735,391093,415685,806778
2022-01-21,19605,18153,37758,40259,43420,83679,81203,88586,169789,84948,87408,172356,67913,72076,139989,47879,49957,97836,30791,30584,61375,16260,17810,34070,6325,10107,16432,1430,4368,5798,396613,422469,819082
2022-01-22,19826,18320,38146,40603,43834,84437,81790,89327,171117,85728,88310,174038,68597,72947,141544,48327,50486,98813,31129,31018,62147,16453,18039,34492,6392,10203,16595,1439,4391,5830,400284,426875,827159
2022-01-23,20046,18473,38519,40998,44278,85276,82295,89964,172259,86412,89198,175610,69213,73708,142921,48743,50985,99728,31419,31359,62778,16609,18231,34840,6447,10267,16714,1443,4405,5848,403625,430868,834493
2022-01-24,20284,18675,38959,41571,44913,86484,83195,90958,174153,87431,90375,177806,70039,74740,144779,49326,51669,100995,31865,31874,63739,16837,18556,35393,6542,10387,16929,1454,4442,5896,408544,436589,845133
2022-01-25,20478,18873,39351,41998,45421,87419,83863,91822,175685,88290,91334,179624,70700,75587,146287,49776,52207,101983,32231,32259,64490,17056,18835,35891,6631,10515,17146,1466,4496,5962,412489,441349,853838
2022-01-26,20683,19044,39727,42379,45892,88271,84489,92626,177115,89034,92185,181219,71286,76290,147576,50176,52735,102911,32538,32633,65171,17242,19085,36327,6698,10643,17341,1480,4532,6012,416005,445665,861670
2022-01-27,20883,19231,40114,42726,46289,89015,85027,93277,178304,89666,92878,182544,71801,76922,148723,50516,53159,103675,32813,32978,65791,17389,19293,36682,6754,10732,17486,1491,4555,6046,419066,449314,868380
2022-01-28,21056,19364,40420,42992,46601,89593,85439,93810,179249,90211,93526,183737,72278,77495,149773,50830,53572,104402,33060,33311,66371,17542,19486,37028,6807,10835,17642,1503,4590,6093,421718,452590,874308
2022-01-29,21149,19456,40605,43159,46800,89959,85738,94120,179858,90587,93959,184546,72603,77894,150497,51052,53824,104876,33236,33488,66724,17649,19588,37237,6839,10889,17728,1505,4597,6102,423517,454615,878132
2022-01-30,21263,19547,40810,43361,47012,90373,85974,94395,180369,90922,94387,185309,72894,78260,151154,51255,54061,105316,33368,33632,67000,17729,19690,37419,6868,10933,17801,1510,4606,6116,425144,456523,881667
2022-01-31,21401,19675,41076,43700,47331,91031,86383,94901,181284,91478,94984,186462,73408,78836,152244,51553,54426,105979,33567,33889,67456,17876,19866,37742,6914,11013,17927,1518,4622,6140,427798,459543,887341
2022-02-01,21514,19781,41295,43944,47623,91567,86714,95330,182044,91863,95450,187313,73777,79300,153077,51788,54692,106480,33728,34091,67819,17972,20006,37978,6961,11090,18051,1522,4642,6164,429783,462005,891788
2022-02-02,21611,19853,41464,44106,47825,91931,87009,95716,182725,92259,95887,188146,74042,79661,153703,51994,54943,106937,33872,34298,68170,18069,20145,38214,7007,11149,18156,1532,4659,6191,431501,464136,895637
2022-02-03,21695,19930,41625,44262,47971,92233,87242,96000,183242,92592,96232,188824,74281,79975,154256,52147,55129,107276,33988,34426,68414,18157,20248,38405,7045,11200,18245,1539,4669,6208,432948,465780,898728
2022-02-04,21773,20017,41790,44383,48107,92490,87426,96221,183647,92839,96534,189373,74490,80290,154780,52299,55355,107654,34099,34580,68679,18253,20333,38586,7079,11247,18326,1545,4683,6228,434186,467367,901553
2022-02-05,21828,20064,41892,44463,48211,92674,87543,96395,183938,93009,96750,189759,74647,80510,155157,52412,55501,107913,34174,34668,68842,18304,20389,38693,7103,11273,18376,1549,4692,6241,435032,468453,903485
2022-02-06,21885,20109,41994,44521,48273,92794,87648,96526,184174,93167,96919,190086,74772,80660,155432,52512,55613,108125,34241,34740,68981,18354,20439,38793,7112,11298,18410,1552,4700,6252,435764,469277,905041
2022-02-07,21955,20169,42124,44629,48374,93003,87799,96731,184530,93372,97136,190508,75012,80892,155904,52625,55776,108401,34345,34862,69207,18412,20521,38933,7127,11335,18462,1554,4709,6263,436830,470505,907335
2022-02-08,22010,20223,42233,44724,48463,93187,87916,96889,184805,93531,97349,190880,75152,81078,156230,52719,55919,108638,34417,34969,69386,18471,20597,39068,7142,11362,18504,1557,4713,6270,437639,471562,909201
2022-02-09,22062,20276,42338,44805,48552,93357,88038,97053,185091,93696,97580,191276,75302,81242,156544,52821,56034,108855,34484,35060,69544,18522,20659,39181,7158,11386,18544,1557,4721,6278,438445,472563,911008
2022-02-10,22116,20317,42433,44868,48611,93479,88135,97221,185356,93858,97756,191614,75422,81397,156819,52913,56157,109070,34574,35133,69707,18581,20712,39293,7175,11416,18591,1560,4733,6293,439202,473453,912655
2022-02-11,22156,20356,42512,44932,48669,93601,88217,97334,185551,93963,97896,191859,75521,81531,157052,52990,56248,109238,34625,35196,69821,18622,20763,39385,7183,11445,18628,1563,4739,6302,439772,474177,913949
2022-02-12,22199,20382,42581,44967,48695,93662,88263,97418,185681,94050,97998,192048,75597,81625,157222,53036,56302,109338,34660,35242,69902,18647,20787,39434,7198,11458,18656,1563,4741,6304,440180,474648,914828
2022-02-13,22229,20402,42631,45008,48729,93737,88316,97471,185787,94112,98092,192204,75679,81709,157388,53075,56357,109432,34694,35277,69971,18661,20806,39467,7205,11464,18669,1564,4745,6309,440543,475052,915595
2022-02-14,22274,20437,42711,45053,48776,93829,88374,97571,185945,94233,98231,192464,75785,81842,157627,53141,56443,109584,34753,35340,70093,18700,20861,39561,7221,11479,18700,1566,4752,6318,441100,475732,916832
2022-02-15,22319,20469,42788,45093,48823,93916,88438,97661,186099,94337,98374,192711,75895,81973,157868,53195,56508,109703,34798,35412,70210,18734,20902,39636,7231,11493,18724,1570,4757,6327,441610,476372,917982
2022-02-16,22361,20504,42865,45147,48867,94014,88515,97780,186295,94445,98492,192937,75991,82077,158068,53237,56579,109816,34838,35462,70300,18766,20938,39704,7238,11513,18751,1570,4761,6331,442108,476973,919081
2022-02-17,22395,20526,42921,45175,48922,94097,88598,97887,186485,94546,98589,193135,76085,82164,158249,53296,56637,109933,34866,35502,70368,18796,20974,39770,7252,11527,18779,1572,4766,6338,442581,477494,920075
2022-02-18,22431,20565,42996,45208,48961,94169,88659,97957,186616,94630,98677,193307,76168,82253,158421,53343,56695,110038,34908,35550,70458,18822,21010,39832,7263,11543,18806,1576,4771,6347,443008,477982,920990
2022-02-19,22468,20593,43061,45239,48987,94226,88688,97992,186680,94690,98741,193431,76219,82312,158531,53384,56727,110111,34952,35584,70536,18840,21031,39871,7268,11549,18817,1576,4775,6351,443324,478291,921615
2022-02-20,22494,20618,43112,45259,49013,94272,88720,98023,186743,94737,98806,193543,76257,82364,158621,53413,56751,110164,34975,35610,70585,18855,21041,39896,7272,11557,18829,1576,4777,6353,443558,478560,922118
2022-02-21,22538,20645,43183,45297,49046,94343,88783,98083,186866,94807,98885,193692,76327,82433,158760,53451,56819,110270,35006,35648,70654,18869,21068,39937,7281,11568,18849,1576,4782,6358,443935,478977,922912
2022-02-22,22573,20680,43253,45325,49084,94409,88838,98152,186990,94871,98967,193838,76397,82502,158899,53496,56862,110358,35031,35681,70712,18892,21091,39983,7287,11578,18865,1581,4784,6365,444291,479381,923672
2022-02-23,22609,20719,43328,45354,49113,94467,88898,98209,187107,94940,99070,194010,76471,82578,159049,53540,56911,110451,35066,35715,70781,18910,21108,40018,7295,11590,18885,1581,4787,6368,444664,479800,924464
2022-02-24,22643,20746,43389,45383,49144,94527,88943,98265,187208,95027,99146,194173,76527,82644,159171,53575,56937,110512,35095,35738,70833,18922,21134,40056,7302,11596,18898,1583,4788,6371,445000,480138,925138
2022-02-25,22673,20787,43460,45408,49170,94578,89005,98315,187320,95076,99196,194272,76590,82707,159297,53604,56953,110557,35117,35770,70887,18939,21147,40086,7310,11600,18910,1583,4791,6374,445305,480436,925741
2022-02-26,22694,20804,43498,45424,49192,94616,89024,98339,187363,95106,99243,194349,76623,82739,159362,53624,56970,110594,35138,35789,70927,18952,21160,40112,7311,11604,18915,1583,4791,6374,445479,480631,926110
2022-02-27,22726,20831,43557,45436,49205,94641,89055,98354,187409,95149,99277,194426,76645,82770,159415,53642,56985,110627,35155,35803,70958,18957,21167,40124,7313,11607,18920,1584,4793,6377,445662,480792,926454
2022-02-28,22763,20864,43627,45451,49222,94673,89079,98386,187465,95199,99322,194521,76684,82811,159495,53671,57002,110673,35172,35813,70985,18971,21179,40150,7314,11611,18925,1584,4797,6381,445888,481007,926895
2022-03-01,22790,20891,43681,45460,49242,94702,89090,98408,187498,95241,99357,194598,76703,82857,159560,53689,57016,110705,35186,35829,71015,18982,21188,40170,7318,11618,18936,1584,4799,6383,446043,481205,927248
2022-03-02,22820,20914,43734,45471,49262,94733,89126,98442,187568,95285,99416,194701,76735,82900,159635,53713,57038,110751,35209,35849,71058,18990,21199,40189,7321,11626,18947,1585,4800,6385,446255,481446,927701
2022-03-03,22843,20936,43779,45492,49281,94773,89142,98476,187618,95335,99470,194805,76760,82959,159719,53732,57060,110792,35233,35874,71107,19002,21219,40221,7328,11630,18958,1585,4804,6389,446452,481709,928161
2022-03-04,22862,20949,43811,45513,49298,94811,89166,98515,187681,95361,99507,194868,76789,82996,159785,53752,57085,110837,35242,35900,71142,19012,21231,40243,7329,11634,18963,1586,4805,6391,446612,481920,928532
2022-03-05,22887,20971,43858,45530,49311,94841,89184,98539,187723,95386,99542,194928,76814,83025,159839,53764,57099,110863,35250,35915,71165,19022,21239,40261,7331,11637,18968,1587,4805,6392,446755,482083,928838
2022-03-06,22917,20994,43911,45551,49333,94884,89202,98560,187762,95409,99563,194972,76832,83056,159888,53777,57109,110886,35261,35927,71188,19028,21243,40271,7331,11640,18971,1587,4806,6393,446895,482231,929126
2022-03-07,22939,21010,43949,45567,49356,94923,89216,98588,187804,95432,99594,195026,76862,83094,159956,53783,57129,110912,35268,35940,71208,19039,21254,40293,7334,11642,18976,1587,4807,6394,447027,482414,929441
2022-03-08,22958,21026,43984,45584,49380,94964,89236,98615,187851,95458,99619,195077,76893,83118,160011,53800,57143,110943,35281,35956,71237,19044,21260,40304,7336,11642,18978,1588,4807,6395,447178,482566,929744
2022-03-09,22976,21042,44018,45613,49412,95025,89251,98630,187881,95477,99641,195118,76914,83164,160078,53811,57156,110967,35292,35973,71265,19050,21268,40318,7342,11644,18986,1588,4807,6395,447314,482737,930051
2022-03-10,22989,21068,44057,45630,49433,95063,89265,98653,187918,95500,99670,195170,76930,83187,160117,53823,57171,110994,35303,35986,71289,19052,21284,40336,7345,11647,18992,1588,4810,6398,447425,482909,930334
2022-03-11,23003,21085,44088,45648,49449,95097,89276,98676,187952,95525,99695,195220,76952,83216,160168,53834,57185,111019,35316,36001,71317,19056,21291,40347,7345,11647,18992,1588,4811,6399,447543,483056,930599
2022-03-12,23016,21100,44116,45660,49461,95121,89285,98686,187971,95539,99710,195249,76961,83242,160203,53840,57199,111039,35324,36010,71334,19059,21295,40354,7345,11647,18992,1588,4812,6400,447617,483162,930779
2022-03-13,23035,21110,44145,45672,49473,95145,89295,98695,187990,95549,99731,195280,76983,83260,160243,53849,57215,111064,35331,36018,71349,19065,21303,40368,7347,11648,18995,1588,4812,6400,447714,483265,930979
2022-03-14,23060,21129,44189,45690,49499,95189,89315,98721,188036,95571,99761,195332,77006,83295,160301,53869,57232,111101,35338,36030,71368,19070,21314,40384,7348,11652,19000,1588,4813,6401,447855,483446,931301
2022-03-15,23078,21144,44222,45712,49514,95226,89336,98749,188085,95606,99794,195400,77035,83331,160366,53892,57258,111150,35353,36042,71395,19081,21328,40409,7350,11656,19006,1589,4813,6402,448032,483629,931661
2022-03-16,23094,21171,44265,45726,49537,95263,89357,98777,188134,95645,99825,195470,77055,83361,160416,53926,57272,111198,35369,36057,71426,19099,21336,40435,7352,11657,19009,1589,4816,6405,448212,483809,932021
2022-03-17,23109,21184,44293,45744,49557,95301,89372,98803,188175,95670,99857,195527,77076,83387,160463,53944,57285,111229,35380,36075,71455,19110,21338,40448,7352,11658,19010,1590,4818,6408,448347,483962,932309
2022-03-18,23123,21195,44318,45752,49572,95324,89390,98821,188211,95705,99890,195595,77102,83423,160525,53961,57296,111257,35393,36089,71482,19119,21349,40468,7353,11664,19017,1591,4823,6414,448489,484122,932611
2022-03-19,23134,21203,44337,45761,49592,95353,89409,98833,188242,95732,99910,195642,77119,83441,160560,53982,57307,111289,35409,36096,71505,19126,21355,40481,7353,11667,19020,1591,4823,6414,448616,484227,932843
2022-03-20,23144,21214,44358,45770,49600,95370,89416,98842,188258,95749,99922,195671,77130,83458,160588,53989,57319,111308,35417,36107,71524,19129,21357,40486,7353,11669,19022,1592,4823,6415,448689,484311,933000
2022-03-21,23158,21234,44392,45784,49616,95400,89428,98863,188291,95771,99952,195723,77150,83499,160649,54002,57332,111334,35424,36117,71541,19138,21368,40506,7353,11669,19022,1593,4823,6416,448801,484473,933274
2022-03-22,23162,21241,44403,45789,49631,95420,89440,98878,188318,95788,99973,195761,77165,83513,160678,54011,57343,111354,35428,36128,71556,19145,21375,40520,7355,11672,19027,1595,4823,6418,448878,484577,933455
2022-03-23,23174,21249,44423,45800,49647,95447,89445,98902,188347,95803,99995,195798,77192,83534,160726,54019,57349,111368,35437,36139,71576,19147,21379,40526,7356,11672,19028,1595,4825,6420,448968,484691,933659
2022-03-24,23186,21258,44444,45805,49656,95461,89456,98920,188376,95814,100009,195823,77207,83546,160753,54025,57360,111385,35443,36145,71588,19149,21385,40534,7356,11673,19029,1595,4825,6420,449036,484777,933813
2022-03-25,23195,21266,44461,45821,49672,95493,89468,98945,188413,95831,100026,195857,77225,83571,160796,54033,57375,111408,35456,36160,71616,19153,21391,40544,7356,11673,19029,1595,4825,6420,449133,484904,934037
2022-03-26,23199,21271,44470,45829,49680,95509,89480,98955,188435,95843,100045,195888,77232,83589,160821,54044,57383,111427,35459,36171,71630,19154,21394,40548,7357,11675,19032,1595,4825,6420,449192,484988,934180
2022-03-27,23215,21280,44495,45839,49693,95532,89488,98969,188457,95858,100061,195919,77242,83610,160852,54057,57393,111450,35470,36177,71647,19159,21399,40558,7357,11676,19033,1595,4825,6420,449280,485083,934363
2022-03-28,23233,21288,44521,45855,49703,95558,89504,98989,188493,95878,100095,195973,77258,83635,160893,54068,57412,111480,35482,36187,71669,19164,21414,40578,7361,11678,19039,1595,4827,6422,449398,485228,934626
2022-03-29,23241,21296,44537,45866,49717,95583,89521,99008,188529,95901,100122,196023,77270,83659,160929,54080,57429,111509,35497,36198,71695,19169,21422,40591,7362,11680,19042,1595,4827,6422,449502,485358,934860
2022-03-30,23254,21310,44564,45877,49734,95611,89541,99028,188569,95915,100148,196063,77283,83689,160972,54095,57448,111543,35508,36205,71713,19173,21426,40599,7364,11682,19046,1595,4827,6422,449605,485497,935102
2022-03-31,23263,21323,44586,45892,49744,95636,89551,99053,188604,95924,100166,196090,77305,83710,161015,54110,57465,111575,35514,36216,71730,19178,21433,40611,7365,11682,19047,1595,4827,6422,449697,485619,935316
2022-04-01,23269,21334,44603,45902,49752,95654,89563,99069,188632,95947,100189,196136,77312,83729,161041,54117,57478,111595,35523,36222,71745,19183,21438,40621,7366,11685,19051,1595,4828,6423,449777,485724,935501
2022-04-02,23276,21345,44621,45909,49760,95669,89576,99076,188652,95959,100207,196166,77326,83749,161075,54119,57492,111611,35528,36225,71753,19186,21449,40635,7366,11685,19051,1596,4828,6424,449841,485816,935657
2022-04-03,23295,21352,44647,45911,49772,95683,89585,99081,188666,95968,100223,196191,77337,83766,161103,54128,57503,111631,35530,36228,71758,19191,21452,40643,7367,11685,19052,1596,4828,6424,449908,485890,935798
2022-04-04,23304,21362,44666,45923,49786,95709,89596,99098,188694,95988,100246,196234,77352,83801,161153,54147,57518,111665,35539,36242,71781,19207,21454,40661,7369,11690,19059,1596,4828,6424,450021,486025,936046
2022-04-05,23316,21376,44692,45932,49795,95727,89602,99116,188718,96014,100281,196295,77380,83837,161217,54166,57540,111706,35553,36249,71802,19211,21464,40675,7372,11692,19064,1596,4828,6424,450142,486178,936320
2022-04-06,23331,21382,44713,45947,49813,95760,89614,99135,188749,96030,100314,196344,77408,83859,161267,54181,57563,111744,35560,36269,71829,19218,21471,40689,7377,11699,19076,1596,4828,6424,450262,486333,936595
2022-04-07,23344,21398,44742,45952,49824,95776,89624,99151,188775,96042,100355,196397,77440,83895,161335,54197,57577,111774,35575,36285,71860,19229,21486,40715,7381,11700,19081,1596,4829,6425,450380,486500,936880
2022-04-08,23359,21411,44770,45964,49836,95800,89630,99169,188799,96063,100374,196437,77472,83930,161402,54206,57594,111800,35588,36301,71889,19240,21498,40738,7383,11705,19088,1596,4829,6425,450501,486647,937148
2022-04-09,23366,21427,44793,45969,49841,95810,89633,99181,188814,96077,100390,196467,77487,83954,161441,54214,57611,111825,35595,36313,71908,19246,21510,40756,7387,11706,19093,1596,4829,6425,450570,486762,937332
2022-04-10,23374,21437,44811,45980,49847,95827,89642,99189,188831,96093,100417,196510,77504,83985,161489,54222,57625,111847,35608,36326,71934,19252,21513,40765,7389,11709,19098,1596,4830,6426,450660,486878,937538
2022-04-11,23383,21446,44829,45992,49858,95850,89649,99204,188853,96119,100459,196578,77525,84017,161542,54237,57657,111894,35622,36349,71971,19259,21521,40780,7390,11714,19104,1596,4830,6426,450772,487055,937827
2022-04-12,23394,21457,44851,46005,49870,95875,89662,99220,188882,96146,100503,196649,77554,84053,161607,54249,57677,111926,35634,36370,72004,19270,21539,40809,7392,11717,19109,1596,4830,6426,450902,487236,938138
2022-04-13,23400,21472,44872,46013,49883,95896,89675,99237,188912,96166,100536,196702,77574,84088,161662,54263,57697,111960,35652,36392,72044,19285,21554,40839,7394,11720,19114,1596,4831,6427,451018,487410,938428
2022-04-14,23412,21483,44895,46020,49902,95922,89681,99249,188930,96184,100556,196740,77602,84125,161727,54280,57716,111996,35668,36400,72068,19297,21566,40863,7394,11720,19114,1596,4832,6428,451134,487549,938683
2022-04-15,23417,21491,44908,46025,49909,95934,89688,99262,188950,96197,100572,196769,77623,84141,161764,54290,57735,112025,35674,36408,72082,19306,21569,40875,7396,11723,19119,1596,4833,6429,451212,487643,938855
2022-04-16,23427,21502,44929,46029,49915,95944,89698,99271,188969,96210,100590,196800,77641,84173,161814,54305,57752,112057,35686,36425,72111,19312,21580,40892,7398,11727,19125,1597,4834,6431,451303,487769,939072
2022-04-17,23436,21518,44954,46037,49925,95962,89708,99280,188988,96225,100614,196839,77668,84197,161865,54316,57769,112085,35694,36439,72133,19321,21585,40906,7400,11729,19129,1598,4835,6433,451403,487891,939294
2022-04-18,23448,21528,44976,46042,49947,95989,89727,99303,189030,96256,100655,196911,77706,84265,161971,54342,57815,112157,35715,36473,72188,19335,21596,40931,7403,11733,19136,1598,4835,6433,451572,488150,939722
2022-04-19,23458,21535,44993,46051,49960,96011,89743,99333,189076,96278,100690,196968,77738,84322,162060,54371,57846,112217,35731,36495,72226,19346,21608,40954,7406,11739,19145,1598,4835,6433,451720,488363,940083
2022-04-20,23467,21544,45011,46060,49973,96033,89759,99361,189120,96309,100737,197046,77776,84384,162160,54398,57880,112278,35752,36505,72257,19367,21621,40988,7408,11745,19153,1598,4838,6436,451894,488588,940482
2022-04-21,23479,21558,45037,46071,49987,96058,89777,99384,189161,96342,100792,197134,77817,84425,162242,54417,57911,112328,35767,36530,72297,19373,21637,41010,7410,11750,19160,1599,4839,6438,452052,488813,940865
2022-04-22,23501,21565,45066,46083,49995,96078,89792,99400,189192,96366,100827,197193,77839,84458,162297,54435,57948,112383,35790,36546,72336,19383,21651,41034,7413,11753,19166,1600,4839,6439,452202,488982,941184
2022-04-23,23511,21574,45085,46091,50002,96093,89801,99411,189212,96385,100852,197237,77857,84487,162344,54453,57970,112423,35805,36572,72377,19389,21659,41048,7416,11754,19170,1600,4839,6439,452308,489120,941428
2022-04-24,23524,21586,45110,46100,50015,96115,89810,99423,189233,96404,100873,197277,77869,84524,162393,54471,57990,112461,35819,36585,72404,19394,21664,41058,7418,11755,19173,1600,4839,6439,452409,489254,941663
2022-04-25,23542,21607,45149,46116,50040,96156,89827,99456,189283,96442,100926,197368,77910,84585,162495,54496,58021,112517,35836,36602,72438,19413,21683,41096,7424,11759,19183,1601,4839,6440,452607,489518,942125
2022-04-26,23561,21632,45193,46143,50061,96204,89842,99491,189333,96476,100986,197462,77944,84642,162586,54524,58060,112584,35859,36632,72491,19428,21699,41127,7427,11767,19194,1602,4839,6441,452806,489809,942615
2022-04-27,23582,21649,45231,46164,50091,96255,89863,99526,189389,96515,101060,197575,78004,84731,162735,54555,58119,112674,35890,36667,72557,19448,21723,41171,7432,11775,19207,1602,4839,6441,453055,490180,943235
2022-04-28,23609,21669,45278,46184,50122,96306,89894,99562,189456,96547,101137,197684,78064,84808,162872,54599,58166,112765,35924,36705,72629,19472,21748,41220,7436,11782,19218,1605,4840,6445,453334,490539,943873
2022-04-29,23628,21694,45322,46200,50146,96346,89914,99596,189510,96590,101196,197786,78121,84885,163006,54634,58206,112840,35948,36746,72694,19487,21773,41260,7437,11787,19224,1605,4840,6445,453564,490869,944433
2022-04-30,23645,21716,45361,46211,50163,96374,89930,99616,189546,96618,101239,197857,78165,84935,163100,54657,58234,112891,35963,36775,72738,19504,21790,41294,7440,11791,19231,1605,4841,6446,453738,491100,944838
2022-05-01,23665,21740,45405,46226,50176,96402,89946,99633,189579,96652,101290,197942,78204,85001,163205,54680,58262,112942,35974,36790,72764,19514,21799,41313,7440,11794,19234,1605,4841,6446,453906,491326,945232
2022-05-02,23704,21765,45469,46254,50205,96459,89962,99679,189641,96715,101392,198107,78278,85118,163396,54725,58329,113054,36011,36825,72836,19546,21827,41373,7445,11800,19245,1605,4842,6447,454245,491782,946027
2022-05-03,23739,21812,45551,46284,50238,96522,89992,99742,189734,96787,101512,198299,78362,85248,163610,54787,58400,113187,36050,36893,72943,19572,21855,41427,7449,11817,19266,1606,4843,6449,454628,492360,946988
2022-05-04,23785,21856,45641,46320,50284,96604,90042,99834,189876,96882,101686,198568,78468,85403,163871,54838,58491,113329,36101,36937,73038,19608,21898,41506,7460,11831,19291,1606,4844,6450,455110,493064,948174
2022-05-05,23832,21889,45721,46363,50337,96700,90099,99921,190020,96965,101862,198827,78566,85579,164145,54898,58595,113493,36161,37001,73162,19644,21944,41588,7468,11843,19311,1606,4845,6451,455602,493816,949418
2022-05-06,23872,21931,45803,46406,50393,96799,90151,100015,190166,97085,102003,199088,78681,85768,164449,54969,58707,113676,36213,37069,73282,19695,21979,41674,7475,11856,19331,1606,4845,6451,456153,494566,950719
2022-05-07,23915,21961,45876,46446,50438,96884,90188,100075,190263,97160,102126,199286,78773,85910,164683,55029,58783,113812,36265,37121,73386,19731,22009,41740,7482,11862,19344,1607,4849,6456,456596,495134,951730
2022-05-08,23960,22007,45967,46478,50486,96964,90220,100125,190345,97238,102253,199491,78885,86076,164961,55087,58867,113954,36296,37162,73458,19753,22052,41805,7488,11868,19356,1607,4852,6459,457012,495748,952760
2022-05-09,24032,22081,46113,46576,50590,97166,90310,100273,190583,97385,102527,199912,79065,86384,165449,55209,59057,114266,36376,37259,73635,19812,22120,41932,7500,11882,19382,1607,4852,6459,457872,497025,954897
2022-05-10,24115,22152,46267,46643,50675,97318,90378,100422,190800,97542,102785,200327,79237,86692,165929,55333,59227,114560,36444,37371,73815,19861,22179,42040,7511,11893,19404,1608,4854,6462,458672,498250,956922
2022-05-11,24187,22236,46423,46730,50775,97505,90489,100597,191086,97724,103108,200832,79448,87028,166476,55454,59423,114877,36544,37487,74031,19904,22232,42136,7522,11906,19428,1609,4856,6465,459611,499648,959259
2022-05-12,24231,22288,46519,46829,50877,97706,90585,100770,191355,97923,103440,201363,79660,87356,167016,55595,59616,115211,36644,37624,74268,19960,22309,42269,7535,11941,19476,1612,4862,6474,460574,501083,961657
2022-05-13,24284,22354,46638,46910,50963,97873,90672,100911,191583,98096,103719,201815,79863,87681,167544,55736,59784,115520,36740,37758,74498,20018,22385,42403,7549,11966,19515,1612,4862,6474,461480,502383,963863
2022-05-14,24320,22396,46716,46954,51021,97975,90736,101014,191750,98231,103940,202171,79975,87867,167842,55832,59918,115750,36822,37865,74687,20061,22438,42499,7558,11987,19545,1613,4863,6476,462102,503309,965411
2022-05-15,24354,22441,46795,47004,51075,98079,90800,101095,191895,98367,104123,202490,80132,88069,168201,55928,60053,115981,36884,37953,74837,20102,22472,42574,7567,11995,19562,1614,4866,6480,462752,504142,966894
2022-05-16,24430,22516,46946,47060,51159,98219,90909,101268,192177,98596,104426,203022,80381,88387,168768,56084,60256,116340,36973,38069,75042,20166,22527,42693,7583,12012,19595,1616,4868,6484,463798,505488,969286
2022-05-17,24489,22580,47069,47121,51232,98353,91006,101434,192440,98778,104724,203502,80596,88669,169265,56229,60455,116684,37074,38181,75255,20222,22594,42816,7596,12029,19625,1618,4871,6489,464729,506769,971498
2022-05-18,24522,22610,47132,47185,51303,98488,91079,101538,192617,98916,104927,203843,80750,88864,169614,56334,60591,116925,37126,38244,75370,20248,22623,42871,7610,12047,19657,1619,4873,6492,465389,507620,973009
2022-05-19,24574,22668,47242,47261,51390,98651,91216,101782,192998,99189,105289,204478,80987,89212,170199,56472,60884,117356,37214,38398,75612,20320,22712,43032,7629,12065,19694,1621,4879,6500,466483,509279,975762
2022-05-20,24602,22688,47290,47300,51448,98748,91290,101921,193211,99350,105525,204875,81138,89412,170550,56578,61043,117621,37282,38487,75769,20354,22765,43119,7636,12073,19709,1621,4886,6507,467151,510248,977399
2022-05-21,24602,22688,47290,47300,51448,98748,91290,101921,193211,99350,105525,204875,81138,89412,170550,56578,61043,117621,37282,38487,75769,20354,22765,43119,7636,12073,19709,1621,4886,6507,467151,510248,977399
