FECHA,<=30M,<=30F,<=30,31-40M,31-40F,31-40,41-50M,41-50F,41-50,51-60M,51-60F,51-60,61-70M,61-70F,61-70,71-80M,71-80F,71-80,81-90M,81-90F,81-90,>=91M,>=91F,>=91,TotalM,TotalF,Total
2020-03-15,1,1,2,1,0,1,0,0,0,0,0,0,0,1,1,0,0,0,0,0,0,0,0,0,2,2,4
2020-03-16,4,3,7,4,0,4,1,0,1,0,1,1,1,1,2,0,0,0,0,0,0,0,0,0,10,5,15
2020-03-17,6,4,10,6,1,7,2,0,2,1,3,4,1,3,4,2,0,2,0,0,0,0,0,0,18,11,29
2020-03-18,8,6,14,8,4,12,3,1,4,2,3,5,1,4,5,2,0,2,0,0,0,0,0,0,24,18,42
2020-03-19,11,6,17,12,4,16,5,2,7,3,3,6,1,5,6,4,1,5,0,0,0,0,0,0,36,21,57
2020-03-20,16,6,22,15,4,19,6,2,8,5,3,8,2,6,8,4,3,7,0,1,1,0,0,0,48,25,73
2020-03-21,22,9,31,15,7,22,8,3,11,8,6,14,5,7,12,6,3,9,0,1,1,0,0,0,64,36,100
2020-03-22,24,11,35,20,7,27,12,3,15,10,10,20,7,7,14,9,4,13,0,1,1,0,0,0,82,43,125
2020-03-23,28,13,41,24,9,33,14,4,18,15,12,27,7,9,16,12,6,18,1,1,2,0,0,0,101,54,155
2020-03-24,31,18,49,33,10,43,16,5,21,17,13,30,8,9,17,13,7,20,2,1,3,0,0,0,120,63,183
2020-03-25,39,23,62,34,13,47,20,5,25,19,13,32,10,9,19,14,7,21,3,3,6,0,1,1,139,74,213
2020-03-26,40,25,65,36,14,50,22,5,27,21,17,38,13,12,25,15,8,23,4,3,7,0,1,1,151,85,236
2020-03-27,41,27,68,40,14,54,23,8,31,22,18,40,15,14,29,15,10,25,4,3,7,0,1,1,160,95,255
2020-03-28,42,28,70,41,17,58,25,9,34,23,20,43,16,15,31,16,11,27,6,3,9,0,1,1,169,104,273
2020-03-29,45,31,76,47,20,67,25,9,34,24,24,48,20,19,39,17,13,30,6,3,9,1,1,2,185,120,305
2020-03-30,50,35,85,48,22,70,28,11,39,27,24,51,23,22,45,21,14,35,6,3,9,1,2,3,204,133,337
2020-03-31,53,40,93,50,22,72,31,12,43,32,24,56,25,23,48,24,18,42,6,5,11,1,3,4,222,147,369
2020-04-01,56,45,101,53,28,81,34,14,48,34,28,62,29,25,54,24,19,43,6,6,12,1,3,4,237,168,405
2020-04-02,57,47,104,56,31,87,36,15,51,36,31,67,33,25,58,30,22,52,6,9,15,2,6,8,256,186,442
2020-04-03,60,49,109,57,32,89,39,16,55,36,35,71,34,28,62,32,22,54,6,10,16,2,7,9,266,199,465
2020-04-04,62,53,115,58,32,90,39,18,57,38,35,73,35,30,65,32,22,54,6,11,17,3,7,10,273,208,481
2020-04-05,63,55,118,60,33,93,39,22,61,38,36,74,36,30,66,34,23,57,7,11,18,3,7,10,280,217,497
2020-04-06,64,58,122,63,36,99,40,23,63,39,40,79,39,32,71,36,25,61,7,12,19,3,7,10,291,233,524
2020-04-07,66,59,125,64,41,105,41,23,64,41,42,83,40,32,72,37,27,64,8,12,20,5,7,12,302,243,545
2020-04-08,69,61,130,65,47,112,42,25,67,43,42,85,41,32,73,39,28,67,8,12,20,5,7,12,312,254,566
2020-04-09,70,62,132,70,47,117,42,26,68,44,42,86,41,33,74,39,28,67,8,12,20,5,7,12,319,257,576
2020-04-10,70,63,133,74,50,124,42,26,68,45,42,87,41,33,74,39,28,67,8,12,20,5,7,12,324,261,585
2020-04-11,70,64,134,75,51,126,42,28,70,46,42,88,41,33,74,39,28,67,10,13,23,5,7,12,328,266,594
2020-04-12,71,64,135,78,55,133,42,28,70,46,44,90,41,33,74,39,29,68,11,14,25,5,7,12,333,274,607
2020-04-13,74,65,139,80,58,138,45,29,74,46,47,93,41,35,76,40,30,70,11,14,25,5,7,12,342,285,627
2020-04-14,77,67,144,84,59,143,46,31,77,48,48,96,44,36,80,42,31,73,11,14,25,5,8,13,357,294,651
2020-04-15,77,68,145,86,61,147,48,32,80,48,49,97,44,36,80,42,31,73,11,15,26,5,8,13,361,300,661
2020-04-16,77,70,147,90,63,153,49,32,81,51,51,102,45,36,81,45,32,77,11,21,32,6,9,15,374,314,688
2020-04-17,79,72,151,92,67,159,50,33,83,52,52,104,46,37,83,45,33,78,13,25,38,6,10,16,383,329,712
2020-04-18,80,74,154,92,67,159,52,35,87,53,53,106,48,38,86,46,34,80,14,30,44,6,13,19,391,344,735
2020-04-19,83,75,158,96,70,166,52,39,91,54,53,107,48,40,88,47,36,83,15,32,47,6,16,22,401,361,762
2020-04-20,83,77,160,98,71,169,54,40,94,57,56,113,49,40,89,47,39,86,18,33,51,7,17,24,413,373,786
2020-04-21,83,86,169,99,75,174,55,44,99,58,58,116,51,41,92,47,42,89,21,35,56,8,22,30,422,403,825
2020-04-22,92,94,186,103,80,183,58,48,106,60,62,122,53,42,95,49,49,98,24,41,65,13,28,41,452,444,896
2020-04-23,107,102,209,106,85,191,61,52,113,61,62,123,56,46,102,51,52,103,32,42,74,13,31,44,487,472,959
2020-04-24,113,111,224,113,90,203,64,54,118,63,68,131,59,47,106,51,52,103,34,45,79,13,31,44,510,498,1008
2020-04-25,118,116,234,116,93,209,67,60,127,65,68,133,60,48,108,51,52,103,35,47,82,13,31,44,525,515,1040
2020-04-26,121,122,243,119,96,215,68,61,129,65,68,133,60,48,108,51,53,104,36,48,84,13,31,44,533,527,1060
2020-04-27,128,135,263,124,104,228,75,67,142,67,70,137,63,48,111,53,54,107,39,50,89,13,32,45,562,560,1122
2020-04-28,132,139,271,132,106,238,76,70,146,71,70,141,65,49,114,56,54,110,40,55,95,13,34,47,585,577,1162
2020-04-29,138,146,284,137,107,244,79,75,154,72,72,144,66,50,116,58,55,113,40,58,98,13,34,47,603,597,1200
2020-04-30,143,152,295,145,112,257,83,78,161,76,73,149,67,50,117,59,55,114,40,58,98,13,34,47,626,612,1238
2020-05-01,156,164,320,147,117,264,85,81,166,80,75,155,68,51,119,59,55,114,40,59,99,14,34,48,649,636,1285
2020-05-02,169,179,348,151,122,273,87,82,169,80,76,156,68,51,119,60,55,115,40,60,100,14,34,48,669,659,1328
2020-05-03,179,188,367,153,130,283,89,83,172,83,76,159,69,53,122,60,55,115,41,61,102,14,34,48,688,680,1368
2020-05-04,191,203,394,162,138,300,92,90,182,86,77,163,71,53,124,60,55,115,42,64,106,14,34,48,718,714,1432
2020-05-05,208,229,437,178,147,325,99,105,204,92,81,173,72,57,129,62,58,120,48,75,123,15,40,55,774,792,1566
2020-05-06,223,248,471,189,160,349,106,110,216,95,81,176,75,58,133,63,60,123,49,76,125,16,41,57,816,834,1650
2020-05-07,246,278,524,202,171,373,114,116,230,101,85,186,76,62,138,63,61,124,52,77,129,16,43,59,870,893,1763
2020-05-08,285,318,603,216,190,406,130,128,258,107,87,194,82,65,147,66,61,127,53,81,134,17,43,60,956,973,1929
2020-05-09,300,337,637,230,207,437,144,133,277,114,93,207,86,67,153,67,63,130,53,81,134,18,43,61,1012,1024,2036
2020-05-10,326,358,684,261,222,483,176,136,312,139,100,239,89,72,161,68,63,131,53,81,134,18,43,61,1130,1075,2205
2020-05-11,351,385,736,280,240,520,185,148,333,143,102,245,93,75,168,69,64,133,54,84,138,18,44,62,1193,1142,2335
2020-05-12,396,447,843,305,261,566,198,163,361,155,110,265,100,78,178,72,70,142,54,85,139,21,46,67,1301,1260,2561
2020-05-13,440,481,921,324,279,603,217,178,395,164,120,284,107,86,193,73,71,144,54,87,141,21,49,70,1400,1351,2751
2020-05-14,505,556,1061,342,301,643,235,193,428,178,133,311,112,90,202,74,72,146,54,88,142,21,49,70,1521,1482,3003
2020-05-15,547,612,1159,360,324,684,254,209,463,188,144,332,114,93,207,76,75,151,54,89,143,22,50,72,1615,1596,3211
2020-05-16,592,663,1255,375,343,718,278,227,505,198,154,352,118,96,214,78,78,156,56,91,147,22,54,76,1717,1706,3423
2020-05-17,653,707,1360,406,361,767,292,240,532,212,166,378,120,103,223,80,79,159,60,96,156,22,55,77,1845,1807,3652
2020-05-18,746,797,1543,437,406,843,317,260,577,228,189,417,129,109,238,88,84,172,63,102,165,23,57,80,2031,2004,4035
2020-05-19,834,889,1723,479,440,919,336,282,618,243,198,441,135,117,252,89,86,175,65,107,172,24,59,83,2205,2178,4383
2020-05-20,914,978,1892,508,475,983,363,306,669,267,217,484,144,124,268,91,92,183,67,112,179,24,60,84,2378,2364,4742
2020-05-21,997,1065,2062,557,509,1066,390,335,725,288,231,519,155,125,280,97,97,194,69,114,183,24,63,87,2577,2539,5116
2020-05-22,1065,1144,2209,592,540,1132,423,369,792,305,244,549,166,134,300,97,101,198,70,114,184,25,64,89,2743,2710,5453
2020-05-23,1140,1235,2375,619,567,1186,457,391,848,321,264,585,172,139,311,99,103,202,72,124,196,25,66,91,2905,2889,5794
2020-05-24,1195,1294,2489,643,596,1239,489,409,898,337,276,613,176,141,317,100,107,207,75,125,200,26,67,93,3041,3015,6056
2020-05-25,1267,1361,2628,667,630,1297,516,428,944,349,289,638,182,150,332,105,118,223,76,132,208,27,68,95,3189,3176,6365
2020-05-26,1357,1456,2813,716,667,1383,545,459,1004,377,314,691,192,156,348,107,124,231,77,138,215,29,75,104,3400,3389,6789
2020-05-27,1456,1553,3009,768,708,1476,574,493,1067,402,331,733,198,165,363,115,132,247,80,143,223,29,77,106,3622,3602,7224
2020-05-28,1562,1654,3216,810,743,1553,604,534,1138,422,351,773,210,176,386,120,144,264,93,165,258,33,91,124,3854,3858,7712
2020-05-29,1644,1773,3417,859,775,1634,625,565,1190,440,368,808,221,186,407,130,155,285,96,176,272,33,97,130,4048,4095,8143
2020-05-30,1712,1854,3566,888,810,1698,640,580,1220,455,377,832,227,192,419,133,160,293,98,179,277,34,98,132,4187,4250,8437
2020-05-31,1762,1913,3675,909,838,1747,662,607,1269,470,393,863,232,196,428,140,165,305,105,181,286,36,98,134,4316,4391,8707
2020-06-01,1841,1998,3839,950,875,1825,702,641,1343,488,419,907,237,206,443,147,173,320,111,188,299,37,98,135,4513,4598,9111
2020-06-02,1952,2095,4047,989,921,1910,731,667,1398,505,440,945,259,217,476,158,177,335,113,208,321,41,107,148,4748,4832,9580
2020-06-03,2030,2196,4226,1040,962,2002,762,697,1459,531,464,995,273,232,505,167,190,357,116,216,332,44,110,154,4963,5067,10030
2020-06-04,2116,2314,4430,1078,1009,2087,785,725,1510,558,485,1043,284,237,521,172,196,368,116,221,337,47,118,165,5156,5305,10461
2020-06-05,2236,2425,4661,1128,1060,2188,818,756,1574,580,506,1086,298,250,548,178,209,387,121,228,349,47,121,168,5406,5555,10961
2020-06-06,2312,2515,4827,1182,1093,2275,845,793,1638,598,523,1121,305,258,563,184,217,401,123,241,364,49,129,178,5598,5769,11367
2020-06-07,2385,2594,4979,1214,1120,2334,876,818,1694,613,535,1148,310,267,577,187,224,411,126,257,383,49,134,183,5760,5949,11709
2020-06-08,2503,2734,5237,1280,1177,2457,916,863,1779,660,564,1224,328,278,606,201,237,438,137,268,405,50,141,191,6075,6262,12337
2020-06-09,2613,2852,5465,1345,1251,2596,970,908,1878,695,603,1298,345,293,638,219,247,466,144,281,425,50,148,198,6381,6583,12964
2020-06-10,2715,2968,5683,1406,1318,2724,1027,946,1973,719,632,1351,361,309,670,236,263,499,151,312,463,51,164,215,6666,6912,13578
2020-06-11,2865,3128,5993,1477,1369,2846,1076,998,2074,760,656,1416,378,327,705,249,274,523,157,323,480,51,170,221,7013,7245,14258
2020-06-12,3006,3289,6295,1538,1428,2966,1134,1050,2184,796,680,1476,396,349,745,263,285,548,161,327,488,52,175,227,7346,7583,14929
2020-06-13,3120,3409,6529,1588,1477,3065,1168,1095,2263,823,704,1527,413,361,774,273,299,572,165,343,508,55,185,240,7605,7873,15478
2020-06-14,3193,3497,6690,1632,1514,3146,1194,1119,2313,844,724,1568,425,372,797,278,309,587,169,358,527,55,191,246,7790,8084,15874
2020-06-15,3309,3590,6899,1674,1566,3240,1236,1144,2380,861,742,1603,437,381,818,284,317,601,173,366,539,59,193,252,8033,8299,16332
2020-06-16,3454,3739,7193,1762,1637,3399,1298,1191,2489,900,783,1683,463,401,864,300,329,629,177,380,557,60,198,258,8414,8658,17072
2020-06-17,3621,3905,7526,1858,1724,3582,1364,1266,2630,962,832,1794,490,429,919,331,342,673,184,406,590,61,207,268,8871,9111,17982
2020-06-18,3802,4079,7881,1955,1817,3772,1450,1341,2791,1018,883,1901,515,445,960,343,355,698,191,421,612,62,213,275,9336,9554,18890
2020-06-19,3963,4255,8218,2054,1902,3956,1513,1391,2904,1056,926,1982,546,474,1020,370,378,748,208,444,652,63,236,299,9773,10006,19779
2020-06-20,4106,4418,8524,2131,1964,4095,1565,1453,3018,1100,961,2061,564,493,1057,386,395,781,215,458,673,68,244,312,10135,10386,20521
2020-06-21,4219,4537,8756,2200,2018,4218,1600,1498,3098,1133,986,2119,583,501,1084,397,406,803,222,473,695,69,255,324,10423,10674,21097
2020-06-22,4421,4721,9142,2312,2101,4413,1685,1558,3243,1216,1039,2255,630,535,1165,419,436,855,242,491,733,72,265,337,10997,11146,22143
2020-06-23,4608,4914,9522,2397,2187,4584,1766,1632,3398,1288,1088,2376,652,560,1212,433,452,885,257,523,780,75,270,345,11476,11626,23102
2020-06-24,4791,5089,9880,2491,2274,4765,1846,1714,3560,1341,1135,2476,680,583,1263,452,461,913,266,539,805,78,283,361,11945,12078,24023
2020-06-25,4976,5286,10262,2600,2364,4964,1903,1780,3683,1391,1178,2569,707,601,1308,462,477,939,275,564,839,80,295,375,12394,12545,24939
2020-06-26,5166,5483,10649,2704,2462,5166,1971,1863,3834,1447,1222,2669,738,624,1362,475,494,969,285,588,873,82,305,387,12868,13041,25909
2020-06-27,5328,5638,10966,2768,2549,5317,2019,1915,3934,1489,1255,2744,767,644,1411,484,505,989,292,604,896,84,310,394,13231,13420,26651
2020-06-28,5474,5756,11230,2829,2599,5428,2086,1959,4045,1523,1293,2816,784,658,1442,491,516,1007,301,619,920,86,316,402,13574,13716,27290
2020-06-29,5647,5928,11575,2941,2677,5618,2167,2039,4206,1577,1343,2920,812,678,1490,507,533,1040,321,646,967,87,327,414,14059,14171,28230
2020-06-30,5822,6087,11909,3025,2771,5796,2243,2106,4349,1634,1387,3021,841,706,1547,532,554,1086,335,669,1004,91,342,433,14523,14622,29145
2020-07-01,5986,6257,12243,3126,2856,5982,2300,2158,4458,1689,1431,3120,876,737,1613,551,568,1119,354,687,1041,93,351,444,14975,15045,30020
2020-07-02,6159,6455,12614,3210,2959,6169,2396,2236,4632,1736,1475,3211,925,761,1686,571,591,1162,362,704,1066,95,358,453,15454,15539,30993
2020-07-03,6364,6645,13009,3324,3047,6371,2472,2310,4782,1804,1524,3328,958,791,1749,591,616,1207,369,731,1100,97,372,469,15979,16036,32015
2020-07-04,6490,6800,13290,3411,3123,6534,2545,2363,4908,1851,1569,3420,991,820,1811,612,651,1263,375,779,1154,99,393,492,16374,16498,32872
2020-07-05,6601,6921,13522,3478,3182,6660,2603,2418,5021,1902,1611,3513,1024,845,1869,634,686,1320,391,812,1203,101,404,505,16734,16879,33613
2020-07-06,6774,7089,13863,3599,3289,6888,2703,2496,5199,1972,1670,3642,1076,883,1959,657,717,1374,403,862,1265,109,421,530,17293,17427,34720
2020-07-07,6959,7267,14226,3721,3387,7108,2788,2581,5369,2038,1719,3757,1109,910,2019,692,743,1435,416,888,1304,112,430,542,17835,17925,35760
2020-07-08,7138,7460,14598,3853,3504,7357,2872,2664,5536,2100,1798,3898,1159,941,2100,719,781,1500,435,928,1363,118,456,574,18394,18532,36926
2020-07-09,7284,7610,14894,3938,3613,7551,2949,2721,5670,2151,1830,3981,1197,986,2183,747,803,1550,452,971,1423,121,466,587,18839,19000,37839
2020-07-10,7432,7773,15205,4025,3700,7725,3023,2785,5808,2211,1891,4102,1242,1018,2260,767,822,1589,471,994,1465,123,477,600,19294,19460,38754
2020-07-11,7551,7913,15464,4111,3789,7900,3099,2847,5946,2270,1938,4208,1281,1040,2321,786,847,1633,478,1019,1497,127,488,615,19703,19881,39584
2020-07-12,7673,8021,15694,4177,3858,8035,3161,2885,6046,2322,1974,4296,1306,1065,2371,805,864,1669,496,1048,1544,129,502,631,20069,20217,40286
2020-07-13,7875,8225,16100,4313,3982,8295,3266,2980,6246,2406,2045,4451,1344,1095,2439,831,898,1729,515,1091,1606,136,525,661,20686,20841,41527
2020-07-14,8068,8409,16477,4441,4095,8536,3350,3070,6420,2472,2109,4581,1390,1133,2523,856,922,1778,527,1127,1654,143,540,683,21247,21405,42652
2020-07-15,8251,8597,16848,4562,4221,8783,3437,3177,6614,2549,2159,4708,1435,1167,2602,889,950,1839,540,1161,1701,148,564,712,21811,21996,43807
2020-07-16,8449,8791,17240,4704,4348,9052,3533,3265,6798,2622,2232,4854,1477,1203,2680,916,981,1897,560,1211,1771,156,597,753,22417,22628,45045
2020-07-17,8627,9013,17640,4820,4460,9280,3613,3351,6964,2693,2297,4990,1520,1235,2755,939,1010,1949,581,1260,1841,161,626,787,22954,23252,46206
2020-07-18,8810,9182,17992,4933,4566,9499,3699,3449,7148,2764,2350,5114,1554,1270,2824,967,1045,2012,591,1290,1881,165,639,804,23483,23791,47274
2020-07-19,8960,9343,18303,5027,4660,9687,3773,3523,7296,2824,2403,5227,1601,1297,2898,984,1073,2057,607,1325,1932,173,653,826,23949,24277,48226
2020-07-20,9173,9568,18741,5175,4799,9974,3896,3624,7520,2889,2485,5374,1665,1345,3010,1011,1111,2122,629,1356,1985,175,665,840,24613,24953,49566
2020-07-21,9387,9794,19181,5326,4957,10283,4019,3749,7768,2987,2574,5561,1722,1375,3097,1039,1139,2178,647,1394,2041,177,688,865,25304,25670,50974
2020-07-22,9611,10005,19616,5470,5088,10558,4131,3837,7968,3079,2641,5720,1776,1419,3195,1082,1172,2254,664,1423,2087,181,707,888,25994,26292,52286
2020-07-23,9815,10237,20052,5592,5201,10793,4227,3930,8157,3167,2699,5866,1816,1454,3270,1108,1196,2304,684,1452,2136,184,716,900,26593,26885,53478
2020-07-24,10051,10452,20503,5738,5332,11070,4327,4039,8366,3260,2763,6023,1854,1496,3350,1124,1217,2341,700,1496,2196,189,733,922,27243,27528,54771
2020-07-25,10199,10593,20792,5843,5433,11276,4425,4109,8534,3305,2815,6120,1889,1525,3414,1141,1242,2383,712,1518,2230,197,748,945,27711,27983,55694
2020-07-26,10318,10738,21056,5913,5519,11432,4483,4175,8658,3345,2857,6202,1923,1546,3469,1167,1265,2432,731,1554,2285,201,760,961,28081,28414,56495
2020-07-27,10521,10916,21437,6055,5653,11708,4569,4277,8846,3433,2936,6369,1961,1587,3548,1190,1290,2480,752,1582,2334,206,775,981,28687,29016,57703
2020-07-28,10732,11113,21845,6203,5786,11989,4663,4376,9039,3516,2986,6502,1998,1631,3629,1221,1317,2538,771,1615,2386,207,794,1001,29311,29618,58929
2020-07-29,10925,11320,22245,6320,5906,12226,4762,4484,9246,3575,3056,6631,2046,1655,3701,1250,1345,2595,795,1651,2446,213,811,1024,29886,30228,60114
2020-07-30,11137,11514,22651,6461,6028,12489,4865,4584,9449,3637,3122,6759,2083,1681,3764,1270,1391,2661,812,1696,2508,217,838,1055,30482,30854,61336
2020-07-31,11338,11722,23060,6568,6146,12714,4975,4669,9644,3705,3195,6900,2134,1701,3835,1297,1425,2722,825,1733,2558,221,864,1085,31063,31455,62518
2020-08-01,11492,11934,23426,6682,6263,12945,5092,4758,9850,3767,3246,7013,2165,1731,3896,1313,1449,2762,838,1762,2600,225,874,1099,31574,32017,63591
2020-08-02,11637,12075,23712,6778,6350,13128,5175,4838,10013,3824,3290,7114,2203,1771,3974,1347,1475,2822,859,1809,2668,228,899,1127,32051,32507,64558
2020-08-03,11892,12321,24213,6945,6501,13446,5317,4971,10288,3910,3386,7296,2264,1822,4086,1380,1515,2895,879,1869,2748,231,934,1165,32818,33319,66137
2020-08-04,12110,12550,24660,7104,6650,13754,5450,5109,10559,3998,3472,7470,2330,1864,4194,1419,1558,2977,903,1939,2842,236,964,1200,33550,34106,67656
2020-08-05,12359,12775,25134,7268,6785,14053,5566,5228,10794,4087,3541,7628,2409,1920,4329,1453,1603,3056,929,2013,2942,241,1004,1245,34312,34869,69181
2020-08-06,12583,12982,25565,7389,6909,14298,5677,5321,10998,4159,3627,7786,2448,1963,4411,1473,1629,3102,944,2049,2993,248,1024,1272,34921,35504,70425
2020-08-07,12773,13178,25951,7496,7028,14524,5783,5413,11196,4231,3701,7932,2488,2013,4501,1505,1657,3162,962,2080,3042,253,1036,1289,35491,36106,71597
2020-08-08,12917,13337,26254,7589,7127,14716,5851,5494,11345,4292,3766,8058,2517,2047,4564,1524,1686,3210,973,2125,3098,256,1058,1314,35919,36640,72559
2020-08-09,13047,13478,26525,7666,7196,14862,5911,5563,11474,4357,3812,8169,2560,2083,4643,1542,1699,3241,985,2146,3131,260,1063,1323,36328,37040,73368
2020-08-10,13236,13682,26918,7814,7344,15158,6018,5676,11694,4451,3884,8335,2596,2132,4728,1568,1725,3293,1000,2188,3188,264,1086,1350,36947,37717,74664
2020-08-11,13385,13862,27247,7950,7458,15408,6145,5767,11912,4531,3954,8485,2639,2165,4804,1597,1756,3353,1014,2238,3252,269,1106,1375,37530,38306,75836
2020-08-12,13572,14042,27614,8069,7579,15648,6243,5873,12116,4617,4030,8647,2683,2211,4894,1620,1778,3398,1022,2260,3282,275,1112,1387,38101,38885,76986
2020-08-13,13752,14223,27975,8175,7697,15872,6328,5971,12299,4682,4085,8767,2737,2237,4974,1640,1803,3443,1033,2279,3312,277,1117,1394,38624,39412,78036
2020-08-14,13922,14412,28334,8298,7804,16102,6413,6055,12468,4748,4138,8886,2780,2278,5058,1663,1821,3484,1049,2308,3357,280,1130,1410,39153,39946,79099
2020-08-15,14072,14573,28645,8405,7902,16307,6478,6134,12612,4807,4192,8999,2817,2320,5137,1693,1860,3553,1067,2369,3436,283,1159,1442,39622,40509,80131
2020-08-16,14210,14673,28883,8470,7970,16440,6546,6189,12735,4848,4230,9078,2846,2344,5190,1716,1878,3594,1078,2386,3464,286,1173,1459,40000,40843,80843
2020-08-17,14370,14851,29221,8581,8092,16673,6629,6265,12894,4920,4279,9199,2886,2373,5259,1744,1892,3636,1085,2408,3493,287,1180,1467,40502,41340,81842
2020-08-18,14576,15041,29617,8748,8215,16963,6745,6361,13106,5009,4373,9382,2928,2416,5344,1769,1922,3691,1099,2457,3556,292,1212,1504,41166,41997,83163
2020-08-19,14808,15247,30055,8899,8345,17244,6859,6483,13342,5091,4462,9553,2981,2458,5439,1791,1954,3745,1114,2492,3606,299,1233,1532,41842,42674,84516
2020-08-20,15014,15442,30456,9041,8467,17508,6966,6559,13525,5162,4526,9688,3040,2496,5536,1816,1982,3798,1133,2527,3660,303,1254,1557,42475,43253,85728
2020-08-21,15216,15644,30860,9187,8600,17787,7056,6666,13722,5242,4601,9843,3086,2529,5615,1838,2006,3844,1149,2548,3697,305,1263,1568,43079,43857,86936
2020-08-22,15392,15810,31202,9282,8716,17998,7142,6740,13882,5296,4661,9957,3128,2562,5690,1865,2030,3895,1159,2566,3725,306,1266,1572,43570,44351,87921
2020-08-23,15546,15979,31525,9365,8796,18161,7214,6818,14032,5356,4715,10071,3165,2603,5768,1887,2046,3933,1179,2591,3770,310,1275,1585,44022,44823,88845
2020-08-24,15782,16189,31971,9521,8935,18456,7343,6948,14291,5445,4804,10249,3222,2660,5882,1916,2074,3990,1193,2604,3797,313,1284,1597,44735,45498,90233
2020-08-25,16004,16421,32425,9688,9110,18798,7458,7075,14533,5547,4902,10449,3286,2708,5994,1958,2112,4070,1213,2644,3857,316,1300,1616,45470,46272,91742
2020-08-26,16254,16667,32921,9857,9255,19112,7625,7208,14833,5657,4980,10637,3343,2759,6102,1994,2157,4151,1232,2687,3919,317,1320,1637,46279,47033,93312
2020-08-27,16499,16949,33448,10034,9415,19449,7748,7346,15094,5754,5065,10819,3396,2813,6209,2024,2179,4203,1247,2734,3981,323,1340,1663,47025,47841,94866
2020-08-28,16722,17183,33905,10178,9558,19736,7858,7447,15305,5857,5158,11015,3451,2868,6319,2057,2209,4266,1260,2763,4023,323,1351,1674,47706,48537,96243
2020-08-29,16880,17341,34221,10282,9686,19968,7950,7540,15490,5925,5224,11149,3496,2914,6410,2075,2237,4312,1275,2783,4058,325,1356,1681,48208,49081,97289
2020-08-30,17006,17475,34481,10363,9773,20136,8022,7624,15646,5992,5278,11270,3538,2946,6484,2100,2255,4355,1285,2810,4095,327,1362,1689,48633,49523,98156
2020-08-31,17223,17687,34910,10516,9939,20455,8161,7731,15892,6079,5358,11437,3594,2990,6584,2130,2306,4436,1303,2869,4172,334,1380,1714,49340,50260,99600
2020-09-01,17415,17894,35309,10680,10071,20751,8302,7858,16160,6157,5426,11583,3651,3043,6694,2156,2340,4496,1322,2910,4232,337,1401,1738,50020,50943,100963
2020-09-02,17581,18062,35643,10804,10196,21000,8404,7951,16355,6224,5492,11716,3697,3083,6780,2176,2367,4543,1340,2929,4269,338,1404,1742,50564,51484,102048
2020-09-03,17757,18231,35988,10935,10323,21258,8513,8051,16564,6301,5555,11856,3747,3122,6869,2203,2400,4603,1356,2950,4306,341,1411,1752,51153,52043,103196
2020-09-04,17966,18417,36383,11055,10452,21507,8613,8167,16780,6375,5629,12004,3790,3157,6947,2222,2430,4652,1363,2966,4329,345,1424,1769,51729,52642,104371
2020-09-05,18100,18571,36671,11160,10557,21717,8718,8266,16984,6433,5687,12120,3822,3195,7017,2253,2457,4710,1373,2995,4368,346,1435,1781,52205,53163,105368
2020-09-06,18217,18684,36901,11222,10622,21844,8782,8324,17106,6481,5736,12217,3858,3226,7084,2275,2483,4758,1383,3009,4392,349,1441,1790,52567,53525,106092
2020-09-07,18402,18874,37276,11349,10742,22091,8882,8440,17322,6574,5815,12389,3913,3271,7184,2318,2521,4839,1407,3046,4453,351,1464,1815,53196,54173,107369
2020-09-08,18591,19061,37652,11490,10885,22375,9010,8561,17571,6658,5897,12555,3960,3313,7273,2352,2549,4901,1424,3084,4508,355,1474,1829,53840,54824,108664
2020-09-09,18801,19267,38068,11633,11021,22654,9117,8661,17778,6729,5966,12695,4025,3356,7381,2384,2580,4964,1433,3105,4538,359,1489,1848,54481,55445,109926
2020-09-10,18968,19451,38419,11751,11130,22881,9228,8763,17991,6818,6030,12848,4081,3391,7472,2415,2619,5034,1444,3153,4597,363,1518,1881,55068,56055,111123
2020-09-11,19138,19658,38796,11874,11237,23111,9349,8872,18221,6894,6114,13008,4115,3423,7538,2450,2651,5101,1456,3173,4629,364,1522,1886,55640,56650,112290
2020-09-12,19256,19787,39043,11952,11326,23278,9418,8958,18376,6946,6170,13116,4150,3460,7610,2464,2670,5134,1467,3200,4667,365,1538,1903,56018,57109,113127
2020-09-13,19365,19916,39281,12030,11398,23428,9482,9031,18513,6987,6206,13193,4188,3499,7687,2493,2690,5183,1473,3220,4693,367,1540,1907,56385,57500,113885
2020-09-14,19530,20080,39610,12146,11518,23664,9568,9112,18680,7056,6288,13344,4229,3536,7765,2525,2716,5241,1480,3242,4722,371,1547,1918,56905,58039,114944
2020-09-15,19680,20233,39913,12242,11618,23860,9648,9212,18860,7144,6356,13500,4282,3575,7857,2543,2742,5285,1495,3266,4761,373,1557,1930,57407,58559,115966
2020-09-16,19847,20389,40236,12343,11730,24073,9757,9290,19047,7215,6424,13639,4314,3608,7922,2562,2779,5341,1504,3293,4797,376,1572,1948,57918,59085,117003
2020-09-17,19997,20541,40538,12421,11834,24255,9837,9372,19209,7267,6477,13744,4363,3633,7996,2582,2800,5382,1518,3302,4820,378,1579,1957,58363,59538,117901
2020-09-18,20159,20735,40894,12519,11944,24463,9907,9448,19355,7321,6521,13842,4403,3661,8064,2599,2833,5432,1530,3320,4850,378,1587,1965,58816,60049,118865
2020-09-19,20260,20841,41101,12595,12033,24628,9978,9492,19470,7363,6564,13927,4443,3689,8132,2611,2852,5463,1534,3335,4869,379,1593,1972,59163,60399,119562
2020-09-20,20349,20928,41277,12644,12101,24745,10016,9534,19550,7387,6589,13976,4471,3724,8195,2628,2877,5505,1540,3344,4884,379,1599,1978,59414,60696,120110
2020-09-21,20499,21057,41556,12739,12168,24907,10104,9591,19695,7430,6638,14068,4511,3758,8269,2654,2909,5563,1551,3361,4912,379,1603,1982,59867,61085,120952
2020-09-22,20662,21197,41859,12838,12270,25108,10171,9672,19843,7490,6688,14178,4549,3799,8348,2673,2930,5603,1568,3391,4959,382,1614,1996,60333,61561,121894
2020-09-23,20812,21352,42164,12926,12356,25282,10244,9765,20009,7549,6742,14291,4583,3835,8418,2697,2956,5653,1576,3404,4980,386,1618,2004,60773,62028,122801
2020-09-24,20970,21510,42480,13017,12467,25484,10310,9832,20142,7620,6793,14413,4634,3871,8505,2720,2972,5692,1594,3427,5021,388,1622,2010,61253,62494,123747
2020-09-25,21119,21651,42770,13094,12572,25666,10399,9915,20314,7687,6862,14549,4677,3906,8583,2754,3007,5761,1603,3442,5045,391,1636,2027,61724,62991,124715
2020-09-26,21220,21751,42971,13153,12632,25785,10466,9968,20434,7725,6914,14639,4700,3935,8635,2773,3028,5801,1613,3457,5070,392,1643,2035,62042,63328,125370
2020-09-27,21340,21848,43188,13225,12696,25921,10530,10014,20544,7765,6956,14721,4724,3949,8673,2795,3041,5836,1619,3468,5087,395,1645,2040,62393,63617,126010
2020-09-28,21480,22005,43485,13326,12793,26119,10603,10086,20689,7822,7015,14837,4775,3988,8763,2814,3073,5887,1637,3488,5125,397,1651,2048,62854,64099,126953
2020-09-29,21655,22145,43800,13424,12879,26303,10686,10160,20846,7879,7075,14954,4816,4036,8852,2841,3108,5949,1645,3509,5154,397,1661,2058,63343,64573,127916
2020-09-30,21810,22315,44125,13519,12974,26493,10763,10239,21002,7938,7138,15076,4864,4066,8930,2868,3121,5989,1658,3530,5188,400,1665,2065,63820,65048,128868
2020-10-01,21954,22471,44425,13606,13065,26671,10829,10303,21132,7994,7202,15196,4896,4109,9005,2880,3145,6025,1667,3547,5214,402,1673,2075,64228,65515,129743
2020-10-02,22110,22609,44719,13681,13156,26837,10891,10383,21274,8052,7274,15326,4932,4151,9083,2900,3169,6069,1683,3566,5249,405,1684,2089,64654,65992,130646
2020-10-03,22214,22698,44912,13743,13201,26944,10936,10442,21378,8093,7326,15419,4958,4163,9121,2911,3177,6088,1688,3578,5266,406,1688,2094,64949,66273,131222
2020-10-04,22293,22779,45072,13792,13257,27049,10975,10476,21451,8124,7357,15481,4975,4187,9162,2926,3184,6110,1694,3587,5281,406,1694,2100,65185,66521,131706
2020-10-05,22413,22925,45338,13885,13334,27219,11040,10533,21573,8176,7413,15589,5021,4223,9244,2948,3206,6154,1701,3602,5303,407,1700,2107,65591,66936,132527
2020-10-06,22564,23088,45652,13986,13425,27411,11121,10602,21723,8239,7477,15716,5058,4251,9309,2965,3225,6190,1713,3618,5331,409,1705,2114,66055,67391,133446
2020-10-07,22707,23228,45935,14054,13510,27564,11203,10677,21880,8296,7531,15827,5085,4272,9357,2978,3246,6224,1723,3640,5363,409,1713,2122,66455,67817,134272
2020-10-08,22843,23369,46212,14139,13591,27730,11255,10755,22010,8345,7585,15930,5113,4302,9415,2994,3274,6268,1735,3674,5409,411,1727,2138,66835,68277,135112
2020-10-09,22955,23521,46476,14234,13689,27923,11318,10823,22141,8400,7643,16043,5139,4337,9476,3011,3299,6310,1751,3706,5457,413,1740,2153,67221,68758,135979
2020-10-10,23040,23619,46659,14292,13754,28046,11380,10874,22254,8441,7697,16138,5166,4363,9529,3028,3315,6343,1755,3717,5472,414,1741,2155,67516,69080,136596
2020-10-11,23110,23705,46815,14332,13812,28144,11422,10905,22327,8472,7731,16203,5179,4384,9563,3042,3329,6371,1764,3734,5498,415,1748,2163,67736,69348,137084
2020-10-12,23224,23801,47025,14400,13872,28272,11475,10953,22428,8509,7775,16284,5206,4408,9614,3060,3343,6403,1768,3751,5519,415,1754,2169,68057,69657,137714
2020-10-13,23366,23936,47302,14507,13958,28465,11545,11020,22565,8564,7816,16380,5245,4432,9677,3071,3362,6433,1774,3774,5548,416,1763,2179,68488,70061,138549
2020-10-14,23502,24072,47574,14583,14030,28613,11620,11087,22707,8625,7879,16504,5269,4459,9728,3092,3381,6473,1782,3782,5564,417,1769,2186,68890,70459,139349
2020-10-15,23665,24221,47886,14671,14111,28782,11685,11153,22838,8667,7925,16592,5293,4485,9778,3113,3400,6513,1789,3801,5590,420,1774,2194,69303,70870,140173
2020-10-16,23787,24381,48168,14749,14192,28941,11755,11216,22971,8713,7964,16677,5323,4519,9842,3131,3421,6552,1799,3825,5624,422,1788,2210,69679,71306,140985
2020-10-17,23888,24475,48363,14815,14266,29081,11798,11253,23051,8746,7997,16743,5343,4542,9885,3140,3430,6570,1807,3832,5639,424,1791,2215,69961,71586,141547
2020-10-18,23958,24548,48506,14859,14296,29155,11823,11281,23104,8770,8024,16794,5358,4559,9917,3154,3443,6597,1808,3842,5650,424,1794,2218,70154,71787,141941
2020-10-19,24066,24650,48716,14911,14355,29266,11891,11328,23219,8813,8060,16873,5390,4580,9970,3173,3466,6639,1812,3854,5666,425,1798,2223,70481,72091,142572
2020-10-20,24167,24764,48931,14983,14416,29399,11940,11382,23322,8865,8097,16962,5414,4605,10019,3187,3475,6662,1824,3872,5696,426,1805,2231,70806,72416,143222
2020-10-21,24261,24859,49120,15038,14468,29506,11992,11422,23414,8895,8136,17031,5440,4627,10067,3200,3489,6689,1827,3879,5706,427,1808,2235,71080,72688,143768
2020-10-22,24358,24960,49318,15088,14513,29601,12035,11458,23493,8920,8163,17083,5461,4641,10102,3210,3502,6712,1833,3886,5719,427,1808,2235,71332,72931,144263
2020-10-23,24445,25063,49508,15136,14572,29708,12088,11504,23592,8958,8193,17151,5492,4664,10156,3218,3514,6732,1843,3894,5737,428,1809,2237,71608,73213,144821
2020-10-24,24514,25137,49651,15175,14620,29795,12121,11534,23655,8993,8217,17210,5508,4678,10186,3230,3526,6756,1847,3900,5747,428,1813,2241,71816,73425,145241
2020-10-25,24570,25201,49771,15203,14654,29857,12153,11562,23715,9013,8240,17253,5525,4684,10209,3235,3535,6770,1850,3904,5754,428,1814,2242,71977,73594,145571
2020-10-26,24646,25288,49934,15270,14710,29980,12191,11600,23791,9048,8275,17323,5548,4703,10251,3243,3544,6787,1860,3913,5773,432,1817,2249,72238,73850,146088
2020-10-27,24742,25389,50131,15327,14766,30093,12244,11646,23890,9087,8312,17399,5567,4729,10296,3252,3559,6811,1870,3928,5798,433,1819,2252,72522,74148,146670
2020-10-28,24839,25477,50316,15376,14810,30186,12284,11679,23963,9116,8342,17458,5591,4747,10338,3259,3569,6828,1877,3933,5810,435,1821,2256,72777,74378,147155
2020-10-29,24912,25542,50454,15422,14855,30277,12323,11708,24031,9135,8364,17499,5605,4762,10367,3277,3575,6852,1882,3945,5827,435,1828,2263,72991,74579,147570
2020-10-30,24962,25591,50553,15471,14883,30354,12351,11744,24095,9151,8384,17535,5617,4777,10394,3287,3586,6873,1885,3949,5834,436,1830,2266,73160,74744,147904
2020-10-31,24994,25637,50631,15501,14913,30414,12370,11765,24135,9166,8401,17567,5628,4787,10415,3291,3592,6883,1889,3953,5842,436,1830,2266,73275,74878,148153
2020-11-01,25057,25691,50748,15535,14940,30475,12398,11793,24191,9184,8421,17605,5644,4796,10440,3297,3598,6895,1891,3957,5848,436,1831,2267,73442,75027,148469
2020-11-02,25111,25774,50885,15580,14980,30560,12436,11826,24262,9216,8447,17663,5659,4806,10465,3300,3607,6907,1895,3964,5859,436,1835,2271,73633,75239,148872
2020-11-03,25196,25828,51024,15613,15015,30628,12472,11855,24327,9240,8469,17709,5671,4827,10498,3304,3616,6920,1896,3973,5869,436,1837,2273,73828,75420,149248
2020-11-04,25260,25897,51157,15655,15058,30713,12497,11888,24385,9265,8499,17764,5690,4839,10529,3309,3629,6938,1899,3979,5878,436,1840,2276,74011,75629,149640
2020-11-05,25359,25992,51351,15712,15098,30810,12532,11926,24458,9293,8523,17816,5711,4857,10568,3321,3641,6962,1902,3995,5897,437,1846,2283,74267,75878,150145
2020-11-06,25421,26060,51481,15756,15141,30897,12567,11953,24520,9319,8544,17863,5731,4877,10608,3333,3653,6986,1906,4002,5908,437,1848,2285,74470,76078,150548
2020-11-07,25465,26113,51578,15794,15185,30979,12601,11982,24583,9332,8564,17896,5746,4894,10640,3341,3662,7003,1910,4005,5915,437,1848,2285,74626,76253,150879
2020-11-08,25498,26177,51675,15823,15208,31031,12627,11999,24626,9350,8586,17936,5760,4902,10662,3347,3664,7011,1913,4010,5923,438,1848,2286,74756,76394,151150
2020-11-09,25571,26255,51826,15863,15248,31111,12673,12037,24710,9390,8632,18022,5777,4921,10698,3365,3669,7034,1914,4017,5931,438,1850,2288,74991,76629,151620
2020-11-10,25651,26335,51986,15928,15287,31215,12704,12066,24770,9413,8652,18065,5798,4940,10738,3381,3693,7074,1919,4025,5944,441,1851,2292,75235,76849,152084
2020-11-11,25732,26410,52142,15974,15339,31313,12744,12100,24844,9449,8673,18122,5815,4957,10772,3392,3708,7100,1921,4032,5953,442,1855,2297,75469,77074,152543
2020-11-12,25817,26483,52300,16012,15376,31388,12780,12137,24917,9473,8696,18169,5829,4969,10798,3396,3715,7111,1925,4035,5960,442,1859,2301,75674,77270,152944
2020-11-13,25889,26548,52437,16051,15407,31458,12821,12170,24991,9497,8717,18214,5849,4989,10838,3409,3720,7129,1928,4044,5972,444,1866,2310,75888,77461,153349
2020-11-14,25946,26607,52553,16089,15437,31526,12848,12191,25039,9527,8737,18264,5866,5000,10866,3418,3727,7145,1932,4049,5981,444,1867,2311,76070,77615,153685
2020-11-15,25983,26659,52642,16110,15462,31572,12874,12208,25082,9545,8751,18296,5875,5010,10885,3425,3735,7160,1934,4058,5992,445,1867,2312,76191,77750,153941
2020-11-16,26037,26731,52768,16145,15493,31638,12902,12236,25138,9564,8775,18339,5887,5022,10909,3437,3747,7184,1942,4062,6004,445,1868,2313,76359,77934,154293
2020-11-17,26119,26802,52921,16185,15537,31722,12941,12270,25211,9591,8806,18397,5905,5038,10943,3446,3756,7202,1947,4075,6022,446,1873,2319,76580,78157,154737
2020-11-18,26190,26887,53077,16234,15572,31806,12980,12300,25280,9614,8839,18453,5917,5054,10971,3459,3768,7227,1951,4086,6037,446,1878,2324,76791,78384,155175
2020-11-19,26255,26940,53195,16265,15601,31866,12999,12327,25326,9642,8862,18504,5932,5067,10999,3466,3775,7241,1952,4090,6042,446,1882,2328,76957,78544,155501
2020-11-20,26321,26997,53318,16294,15623,31917,13020,12340,25360,9653,8877,18530,5948,5081,11029,3472,3780,7252,1958,4094,6052,447,1883,2330,77113,78675,155788
2020-11-21,26371,27061,53432,16328,15652,31980,13038,12377,25415,9666,8893,18559,5962,5095,11057,3478,3787,7265,1961,4097,6058,447,1886,2333,77251,78848,156099
2020-11-22,26407,27096,53503,16347,15673,32020,13058,12393,25451,9677,8901,18578,5976,5100,11076,3484,3796,7280,1962,4098,6060,447,1887,2334,77358,78944,156302
2020-11-23,26440,27137,53577,16379,15697,32076,13077,12404,25481,9686,8920,18606,5984,5105,11089,3494,3802,7296,1964,4100,6064,447,1889,2336,77471,79054,156525
2020-11-24,26500,27205,53705,16422,15737,32159,13107,12423,25530,9706,8935,18641,6004,5118,11122,3501,3809,7310,1967,4102,6069,447,1891,2338,77654,79220,156874
2020-11-25,26584,27280,53864,16476,15785,32261,13143,12460,25603,9735,8956,18691,6021,5132,11153,3507,3823,7330,1972,4108,6080,447,1893,2340,77885,79437,157322
2020-11-26,26642,27360,54002,16529,15814,32343,13168,12484,25652,9752,8986,18738,6031,5146,11177,3511,3828,7339,1977,4113,6090,448,1896,2344,78058,79627,157685
2020-11-27,26717,27417,54134,16570,15839,32409,13198,12512,25710,9775,9005,18780,6045,5161,11206,3521,3834,7355,1980,4116,6096,450,1898,2348,78256,79782,158038
2020-11-28,26770,27480,54250,16601,15866,32467,13221,12536,25757,9786,9022,18808,6054,5176,11230,3525,3837,7362,1981,4119,6100,450,1899,2349,78388,79935,158323
2020-11-29,26819,27529,54348,16637,15890,32527,13245,12554,25799,9804,9036,18840,6059,5188,11247,3528,3841,7369,1986,4124,6110,452,1899,2351,78530,80061,158591
2020-11-30,26885,27584,54469,16667,15919,32586,13276,12575,25851,9819,9059,18878,6066,5199,11265,3538,3852,7390,1989,4132,6121,452,1902,2354,78692,80222,158914
2020-12-01,26945,27632,54577,16699,15965,32664,13310,12600,25910,9835,9072,18907,6077,5208,11285,3544,3857,7401,1992,4135,6127,452,1903,2355,78854,80372,159226
2020-12-02,26984,27677,54661,16726,15992,32718,13328,12623,25951,9843,9083,18926,6089,5216,11305,3550,3869,7419,1995,4140,6135,455,1908,2363,78970,80508,159478
2020-12-03,27037,27717,54754,16764,16026,32790,13358,12638,25996,9857,9099,18956,6102,5229,11331,3557,3880,7437,1998,4145,6143,457,1909,2366,79130,80643,159773
2020-12-04,27087,27781,54868,16803,16066,32869,13389,12667,26056,9879,9119,18998,6115,5242,11357,3565,3885,7450,2004,4148,6152,457,1909,2366,79299,80817,160116
2020-12-05,27130,27835,54965,16830,16093,32923,13408,12694,26102,9897,9137,19034,6129,5253,11382,3570,3897,7467,2010,4152,6162,457,1909,2366,79431,80970,160401
2020-12-06,27169,27868,55037,16854,16113,32967,13428,12716,26144,9915,9151,19066,6139,5262,11401,3575,3902,7477,2015,4153,6168,457,1909,2366,79552,81074,160626
2020-12-07,27199,27912,55111,16875,16135,33010,13456,12734,26190,9928,9169,19097,6151,5272,11423,3581,3907,7488,2017,4155,6172,457,1911,2368,79664,81195,160859
2020-12-08,27248,27958,55206,16912,16169,33081,13496,12754,26250,9950,9187,19137,6171,5278,11449,3591,3917,7508,2020,4159,6179,458,1913,2371,79846,81335,161181
2020-12-09,27328,28027,55355,16955,16205,33160,13534,12792,26326,9979,9213,19192,6187,5296,11483,3598,3930,7528,2021,4164,6185,459,1916,2375,80061,81543,161604
2020-12-10,27387,28116,55503,17010,16244,33254,13574,12838,26412,10002,9235,19237,6203,5311,11514,3606,3943,7549,2024,4169,6193,459,1918,2377,80265,81774,162039
2020-12-11,27464,28189,55653,17044,16287,33331,13611,12863,26474,10019,9267,19286,6214,5328,11542,3610,3954,7564,2029,4175,6204,459,1919,2378,80450,81982,162432
2020-12-12,27543,28257,55800,17081,16316,33397,13636,12888,26524,10032,9284,19316,6227,5341,11568,3622,3960,7582,2031,4175,6206,459,1919,2378,80631,82140,162771
2020-12-13,27602,28313,55915,17111,16355,33466,13659,12911,26570,10047,9304,19351,6245,5353,11598,3630,3965,7595,2036,4178,6214,460,1919,2379,80790,82298,163088
2020-12-14,27690,28397,56087,17178,16402,33580,13699,12954,26653,10077,9330,19407,6262,5378,11640,3642,3976,7618,2040,4188,6228,460,1921,2381,81048,82546,163594
2020-12-15,27788,28482,56270,17238,16457,33695,13750,12987,26737,10099,9361,19460,6283,5385,11668,3652,3983,7635,2048,4191,6239,462,1923,2385,81320,82769,164089
2020-12-16,27909,28588,56497,17282,16500,33782,13780,13016,26796,10126,9392,19518,6296,5401,11697,3667,3992,7659,2058,4196,6254,464,1927,2391,81582,83012,164594
2020-12-17,28064,28723,56787,17349,16565,33914,13821,13071,26892,10150,9428,19578,6312,5425,11737,3681,4005,7686,2062,4202,6264,465,1928,2393,81904,83347,165251
2020-12-18,28200,28843,57043,17420,16636,34056,13875,13120,26995,10185,9464,19649,6333,5449,11782,3697,4019,7716,2065,4215,6280,465,1938,2403,82240,83684,165924
2020-12-19,28305,28933,57238,17478,16691,34169,13919,13162,27081,10214,9494,19708,6352,5466,11818,3709,4030,7739,2070,4222,6292,465,1939,2404,82512,83937,166449
2020-12-20,28401,29007,57408,17513,16734,34247,13964,13218,27182,10248,9510,19758,6377,5485,11862,3718,4037,7755,2073,4226,6299,468,1941,2409,82762,84158,166920
2020-12-21,28540,29158,57698,17601,16817,34418,14030,13274,27304,10303,9554,19857,6420,5509,11929,3735,4054,7789,2077,4234,6311,468,1942,2410,83174,84542,167716
2020-12-22,28674,29308,57982,17719,16890,34609,14087,13338,27425,10357,9607,19964,6445,5536,11981,3748,4069,7817,2082,4243,6325,469,1945,2414,83581,84936,168517
2020-12-23,28857,29485,58342,17824,16984,34808,14160,13412,27572,10431,9663,20094,6466,5567,12033,3775,4091,7866,2086,4255,6341,470,1946,2416,84069,85403,169472
2020-12-24,28948,29574,58522,17894,17032,34926,14194,13462,27656,10460,9687,20147,6485,5577,12062,3787,4098,7885,2088,4261,6349,470,1947,2417,84326,85638,169964
2020-12-25,29011,29637,58648,17933,17058,34991,14236,13493,27729,10483,9709,20192,6504,5589,12093,3793,4105,7898,2088,4262,6350,470,1948,2418,84518,85801,170319
2020-12-26,29180,29798,58978,18040,17148,35188,14309,13580,27889,10557,9768,20325,6546,5632,12178,3807,4122,7929,2092,4269,6361,470,1949,2419,85001,86266,171267
2020-12-27,29332,29943,59275,18127,17218,35345,14369,13636,28005,10607,9804,20411,6568,5663,12231,3823,4137,7960,2093,4275,6368,470,1949,2419,85389,86625,172014
2020-12-28,29550,30180,59730,18244,17350,35594,14494,13733,28227,10703,9875,20578,6611,5700,12311,3857,4169,8026,2103,4292,6395,472,1951,2423,86034,87250,173284
2020-12-29,29814,30459,60273,18402,17489,35891,14596,13830,28426,10771,9958,20729,6658,5753,12411,3891,4203,8094,2114,4300,6414,474,1954,2428,86720,87946,174666
2020-12-30,30099,30716,60815,18555,17633,36188,14705,13945,28650,10855,10040,20895,6705,5818,12523,3923,4235,8158,2123,4313,6436,477,1958,2435,87442,88658,176100
2020-12-31,30301,30902,61203,18636,17713,36349,14767,14017,28784,10899,10079,20978,6732,5841,12573,3947,4249,8196,2127,4317,6444,477,1958,2435,87886,89076,176962
2021-01-01,30358,30965,61323,18678,17754,36432,14790,14050,28840,10919,10100,21019,6751,5864,12615,3956,4259,8215,2128,4320,6448,477,1958,2435,88057,89270,177327
2021-01-02,30526,31149,61675,18782,17844,36626,14879,14136,29015,10992,10172,21164,6793,5903,12696,3975,4281,8256,2133,4323,6456,483,1958,2441,88563,89766,178329
2021-01-03,30723,31367,62090,18883,17937,36820,14957,14214,29171,11051,10236,21287,6831,5935,12766,3996,4305,8301,2139,4329,6468,484,1959,2443,89064,90282,179346
2021-01-04,31044,31669,62713,19060,18091,37151,15071,14313,29384,11146,10343,21489,6883,5985,12868,4022,4336,8358,2152,4351,6503,486,1962,2448,89864,91050,180914
2021-01-05,31399,32037,63436,19225,18239,37464,15186,14416,29602,11246,10417,21663,6945,6038,12983,4041,4373,8414,2159,4369,6528,487,1971,2458,90688,91860,182548
2021-01-06,31734,32368,64102,19406,18385,37791,15307,14518,29825,11325,10500,21825,7000,6096,13096,4070,4403,8473,2165,4382,6547,488,1976,2464,91495,92628,184123
2021-01-07,32020,32671,64691,19548,18521,38069,15414,14632,30046,11407,10585,21992,7045,6142,13187,4091,4438,8529,2173,4391,6564,493,1979,2472,92191,93359,185550
2021-01-08,32298,32959,65257,19685,18643,38328,15526,14749,30275,11493,10664,22157,7101,6196,13297,4113,4461,8574,2180,4405,6585,494,1984,2478,92890,94061,186951
2021-01-09,32508,33199,65707,19801,18743,38544,15622,14839,30461,11550,10734,22284,7148,6237,13385,4127,4485,8612,2185,4417,6602,496,1986,2482,93437,94640,188077
2021-01-10,32675,33382,66057,19872,18822,38694,15681,14903,30584,11604,10781,22385,7174,6269,13443,4139,4506,8645,2192,4422,6614,499,1988,2487,93836,95073,188909
2021-01-11,32944,33652,66596,19984,18944,38928,15770,14984,30754,11683,10859,22542,7212,6315,13527,4172,4525,8697,2198,4432,6630,500,1992,2492,94463,95703,190166
2021-01-12,33219,33930,67149,20124,19070,39194,15855,15080,30935,11746,10938,22684,7257,6355,13612,4205,4553,8758,2210,4446,6656,500,1995,2495,95116,96367,191483
2021-01-13,33495,34252,67747,20260,19205,39465,15954,15177,31131,11823,11007,22830,7306,6408,13714,4233,4570,8803,2219,4454,6673,501,1998,2499,95791,97071,192862
2021-01-14,33743,34538,68281,20386,19301,39687,16032,15255,31287,11896,11085,22981,7348,6443,13791,4256,4600,8856,2230,4461,6691,505,1999,2504,96396,97682,194078
2021-01-15,34039,34774,68813,20512,19407,39919,16127,15335,31462,11976,11169,23145,7397,6479,13876,4276,4625,8901,2238,4474,6712,505,2002,2507,97070,98265,195335
2021-01-16,34236,34999,69235,20614,19500,40114,16197,15416,31613,12024,11221,23245,7433,6507,13940,4297,4641,8938,2244,4484,6728,506,2007,2513,97551,98775,196326
2021-01-17,34416,35189,69605,20695,19579,40274,16262,15476,31738,12076,11267,23343,7476,6533,14009,4316,4646,8962,2250,4490,6740,507,2008,2515,97998,99188,197186
2021-01-18,34734,35468,70202,20826,19699,40525,16353,15557,31910,12156,11346,23502,7529,6579,14108,4344,4678,9022,2259,4507,6766,508,2010,2518,98709,99844,198553
2021-01-19,34985,35747,70732,20964,19798,40762,16436,15652,32088,12211,11405,23616,7570,6619,14189,4370,4701,9071,2270,4525,6795,508,2016,2524,99314,100463,199777
2021-01-20,35256,35989,71245,21082,19896,40978,16523,15751,32274,12279,11471,23750,7605,6673,14278,4391,4726,9117,2282,4543,6825,508,2021,2529,99926,101070,200996
2021-01-21,35482,36215,71697,21201,19999,41200,16621,15846,32467,12346,11553,23899,7646,6709,14355,4417,4754,9171,2292,4564,6856,511,2024,2535,100516,101664,202180
2021-01-22,35705,36447,72152,21295,20096,41391,16689,15927,32616,12410,11621,24031,7687,6734,14421,4435,4774,9209,2304,4574,6878,513,2027,2540,101038,102200,203238
2021-01-23,35893,36640,72533,21374,20159,41533,16738,15987,32725,12466,11681,24147,7712,6768,14480,4456,4804,9260,2308,4585,6893,515,2027,2542,101462,102651,204113
2021-01-24,36107,36796,72903,21458,20237,41695,16785,16045,32830,12505,11720,24225,7744,6793,14537,4476,4817,9293,2312,4590,6902,515,2027,2542,101902,103025,204927
2021-01-25,36390,37082,73472,21578,20326,41904,16881,16142,33023,12569,11775,24344,7797,6830,14627,4500,4846,9346,2320,4605,6925,518,2027,2545,102553,103633,206186
2021-01-26,36647,37361,74008,21670,20413,42083,16960,16232,33192,12641,11841,24482,7841,6864,14705,4521,4869,9390,2330,4626,6956,520,2036,2556,103130,104242,207372
2021-01-27,36881,37596,74477,21760,20492,42252,17026,16309,33335,12698,11886,24584,7882,6898,14780,4537,4886,9423,2338,4638,6976,521,2038,2559,103643,104743,208386
2021-01-28,37128,37832,74960,21860,20567,42427,17108,16389,33497,12759,11940,24699,7925,6936,14861,4549,4906,9455,2342,4651,6993,521,2042,2563,104192,105263,209455
2021-01-29,37346,38069,75415,21945,20663,42608,17185,16474,33659,12818,12014,24832,7950,6971,14921,4567,4930,9497,2348,4667,7015,524,2045,2569,104683,105833,210516
2021-01-30,37570,38270,75840,22011,20737,42748,17247,16544,33791,12856,12068,24924,7980,7001,14981,4580,4947,9527,2350,4675,7025,525,2047,2572,105119,106289,211408
2021-01-31,37769,38488,76257,22058,20802,42860,17320,16617,33937,12902,12115,25017,8006,7031,15037,4598,4960,9558,2353,4680,7033,525,2049,2574,105531,106742,212273
2021-02-01,38021,38755,76776,22152,20886,43038,17414,16704,34118,12965,12183,25148,8051,7075,15126,4629,4995,9624,2360,4692,7052,525,2053,2578,106117,107343,213460
2021-02-02,38225,38997,77222,22248,20984,43232,17484,16782,34266,13033,12243,25276,8094,7106,15200,4644,5010,9654,2368,4712,7080,525,2056,2581,106621,107890,214511
2021-02-03,38444,39185,77629,22341,21078,43419,17557,16859,34416,13100,12319,25419,8134,7148,15282,4663,5034,9697,2379,4726,7105,528,2056,2584,107146,108405,215551
2021-02-04,38606,39358,77964,22415,21160,43575,17633,16921,34554,13162,12385,25547,8176,7175,15351,4681,5056,9737,2388,4743,7131,528,2061,2589,107589,108859,216448
2021-02-05,38754,39519,78273,22504,21242,43746,17694,16996,34690,13204,12441,25645,8208,7197,15405,4699,5077,9776,2393,4751,7144,529,2064,2593,107985,109287,217272
2021-02-06,38875,39635,78510,22562,21303,43865,17745,17058,34803,13238,12482,25720,8232,7226,15458,4715,5095,9810,2400,4756,7156,529,2066,2595,108296,109621,217917
2021-02-07,38960,39726,78686,22618,21363,43981,17785,17091,34876,13274,12519,25793,8259,7255,15514,4735,5105,9840,2404,4766,7170,529,2068,2597,108564,109893,218457
2021-02-08,39124,39882,79006,22696,21445,44141,17875,17178,35053,13329,12583,25912,8308,7291,15599,4757,5140,9897,2409,4781,7190,531,2070,2601,109029,110370,219399
2021-02-09,39254,39990,79244,22774,21516,44290,17935,17234,35169,13370,12627,25997,8340,7320,15660,4769,5157,9926,2415,4790,7205,532,2071,2603,109389,110705,220094
2021-02-10,39382,40128,79510,22854,21605,44459,17997,17293,35290,13411,12670,26081,8373,7343,15716,4786,5173,9959,2420,4799,7219,533,2074,2607,109756,111085,220841
2021-02-11,39493,40255,79748,22917,21662,44579,18052,17347,35399,13446,12732,26178,8415,7380,15795,4807,5193,10000,2425,4801,7226,535,2079,2614,110090,111449,221539
2021-02-12,39606,40374,79980,22993,21732,44725,18114,17398,35512,13488,12768,26256,8441,7406,15847,4826,5210,10036,2435,4814,7249,535,2081,2616,110438,111783,222221
2021-02-13,39704,40455,80159,23050,21783,44833,18162,17446,35608,13521,12799,26320,8459,7423,15882,4845,5231,10076,2438,4820,7258,538,2082,2620,110717,112039,222756
2021-02-14,39767,40535,80302,23085,21841,44926,18210,17489,35699,13549,12831,26380,8484,7450,15934,4858,5246,10104,2442,4825,7267,538,2083,2621,110933,112300,223233
2021-02-15,39858,40638,80496,23147,21916,45063,18274,17552,35826,13589,12867,26456,8506,7469,15975,4867,5256,10123,2449,4832,7281,539,2087,2626,111229,112617,223846
2021-02-16,39934,40735,80669,23195,21959,45154,18317,17594,35911,13612,12891,26503,8527,7496,16023,4880,5274,10154,2457,4838,7295,539,2092,2631,111461,112879,224340
2021-02-17,40059,40880,80939,23280,22030,45310,18380,17655,36035,13659,12949,26608,8569,7526,16095,4897,5289,10186,2463,4849,7312,540,2093,2633,111847,113271,225118
2021-02-18,40219,41059,81278,23380,22126,45506,18440,17738,36178,13712,13009,26721,8615,7555,16170,4920,5303,10223,2467,4860,7327,542,2098,2640,112295,113748,226043
2021-02-19,40366,41208,81574,23499,22226,45725,18515,17804,36319,13753,13065,26818,8647,7580,16227,4943,5317,10260,2470,4868,7338,542,2098,2640,112735,114166,226901
2021-02-20,40467,41308,81775,23566,22277,45843,18556,17862,36418,13788,13106,26894,8677,7601,16278,4957,5333,10290,2474,4876,7350,543,2099,2642,113028,114462,227490
2021-02-21,40566,41405,81971,23629,22341,45970,18602,17903,36505,13815,13143,26958,8700,7633,16333,4967,5343,10310,2477,4880,7357,543,2103,2646,113299,114751,228050
2021-02-22,40703,41526,82229,23714,22404,46118,18655,17943,36598,13868,13179,27047,8719,7658,16377,4984,5359,10343,2481,4888,7369,545,2103,2648,113669,115060,228729
2021-02-23,40845,41658,82503,23788,22490,46278,18711,17989,36700,13911,13220,27131,8760,7684,16444,4996,5373,10369,2490,4896,7386,548,2103,2651,114049,115413,229462
2021-02-24,40981,41779,82760,23854,22544,46398,18760,18050,36810,13946,13270,27216,8786,7708,16494,5008,5391,10399,2493,4901,7394,548,2107,2655,114376,115750,230126
2021-02-25,41137,41948,83085,23927,22627,46554,18814,18126,36940,14001,13316,27317,8821,7729,16550,5024,5411,10435,2498,4909,7407,551,2112,2663,114773,116178,230951
2021-02-26,41248,42064,83312,23997,22675,46672,18852,18186,37038,14047,13366,27413,8847,7758,16605,5042,5435,10477,2503,4923,7426,553,2114,2667,115089,116521,231610
2021-02-27,41338,42157,83495,24056,22723,46779,18893,18242,37135,14085,13396,27481,8880,7779,16659,5048,5451,10499,2509,4928,7437,553,2115,2668,115362,116791,232153
2021-02-28,41409,42230,83639,24115,22774,46889,18928,18284,37212,14115,13417,27532,8897,7799,16696,5053,5459,10512,2511,4934,7445,553,2119,2672,115581,117016,232597
2021-03-01,41534,42363,83897,24217,22850,47067,18988,18349,37337,14166,13462,27628,8928,7825,16753,5069,5480,10549,2514,4948,7462,553,2121,2674,115969,117398,233367
2021-03-02,41658,42487,84145,24291,22924,47215,19037,18392,37429,14204,13509,27713,8959,7846,16805,5084,5493,10577,2518,4957,7475,553,2122,2675,116304,117730,234034
2021-03-03,41812,42618,84430,24369,23002,47371,19096,18443,37539,14244,13554,27798,9007,7871,16878,5097,5514,10611,2525,4969,7494,553,2125,2678,116703,118096,234799
2021-03-04,41947,42747,84694,24438,23057,47495,19161,18506,37667,14297,13595,27892,9044,7902,16946,5107,5527,10634,2527,4977,7504,553,2125,2678,117074,118436,235510
2021-03-05,42119,42905,85024,24513,23146,47659,19241,18566,37807,14352,13651,28003,9068,7932,17000,5125,5547,10672,2529,4988,7517,554,2127,2681,117501,118862,236363
2021-03-06,42215,43020,85235,24572,23197,47769,19294,18631,37925,14376,13691,28067,9100,7961,17061,5143,5552,10695,2533,4993,7526,554,2129,2683,117787,119174,236961
2021-03-07,42305,43123,85428,24628,23249,47877,19338,18676,38014,14418,13725,28143,9126,7989,17115,5149,5567,10716,2540,4996,7536,554,2130,2684,118058,119455,237513
2021-03-08,42451,43247,85698,24733,23329,48062,19420,18751,38171,14459,13785,28244,9173,8017,17190,5165,5586,10751,2550,5009,7559,555,2134,2689,118506,119858,238364
2021-03-09,42605,43415,86020,24814,23425,48239,19491,18828,38319,14525,13831,28356,9210,8048,17258,5186,5602,10788,2560,5019,7579,555,2135,2690,118946,120303,239249
2021-03-10,42734,43580,86314,24907,23495,48402,19543,18895,38438,14571,13893,28464,9239,8080,17319,5202,5629,10831,2563,5026,7589,555,2138,2693,119314,120736,240050
2021-03-11,42878,43787,86665,24994,23565,48559,19616,18959,38575,14622,13941,28563,9274,8109,17383,5219,5646,10865,2570,5037,7607,556,2139,2695,119729,121183,240912
2021-03-12,43054,43934,86988,25077,23641,48718,19690,19042,38732,14676,14000,28676,9303,8141,17444,5248,5671,10919,2576,5053,7629,557,2145,2702,120181,121627,241808
2021-03-13,43193,44069,87262,25142,23707,48849,19764,19109,38873,14712,14047,28759,9323,8168,17491,5261,5680,10941,2579,5056,7635,557,2148,2705,120531,121984,242515
2021-03-14,43294,44198,87492,25205,23767,48972,19809,19165,38974,14758,14095,28853,9355,8196,17551,5275,5694,10969,2584,5061,7645,557,2150,2707,120837,122326,243163
2021-03-15,43438,44337,87775,25302,23840,49142,19890,19224,39114,14840,14149,28989,9395,8235,17630,5308,5714,11022,2588,5072,7660,559,2159,2718,121320,122730,244050
2021-03-16,43614,44501,88115,25375,23917,49292,19987,19299,39286,14899,14203,29102,9419,8266,17685,5320,5725,11045,2596,5092,7688,562,2162,2724,121772,123165,244937
2021-03-17,43805,44676,88481,25468,24005,49473,20051,19372,39423,14939,14240,29179,9461,8300,17761,5340,5741,11081,2598,5098,7696,562,2164,2726,122224,123596,245820
2021-03-18,43978,44855,88833,25549,24096,49645,20114,19445,39559,15000,14293,29293,9491,8337,17828,5353,5777,11130,2603,5106,7709,562,2170,2732,122650,124079,246729
2021-03-19,44148,45061,89209,25644,24192,49836,20193,19531,39724,15045,14348,29393,9527,8376,17903,5380,5796,11176,2606,5120,7726,562,2170,2732,123105,124594,247699
2021-03-20,44267,45193,89460,25725,24260,49985,20266,19582,39848,15090,14389,29479,9559,8394,17953,5392,5813,11205,2608,5125,7733,562,2171,2733,123469,124927,248396
2021-03-21,44376,45317,89693,25804,24334,50138,20332,19641,39973,15122,14437,29559,9595,8429,18024,5413,5836,11249,2611,5131,7742,563,2171,2734,123816,125296,249112
2021-03-22,44591,45522,90113,25926,24465,50391,20428,19741,40169,15205,14509,29714,9634,8465,18099,5432,5855,11287,2617,5142,7759,564,2177,2741,124397,125876,250273
2021-03-23,44801,45761,90562,26063,24587,50650,20534,19841,40375,15291,14581,29872,9690,8526,18216,5455,5883,11338,2622,5158,7780,564,2181,2745,125020,126518,251538
2021-03-24,45036,46009,91045,26188,24701,50889,20653,19945,40598,15371,14666,30037,9743,8569,18312,5482,5908,11390,2631,5164,7795,566,2185,2751,125670,127147,252817
2021-03-25,45327,46298,91625,26333,24850,51183,20773,20066,40839,15456,14773,30229,9797,8625,18422,5514,5938,11452,2644,5178,7822,566,2188,2754,126410,127916,254326
2021-03-26,45650,46626,92276,26473,24995,51468,20920,20202,41122,15542,14869,30411,9850,8680,18530,5542,5970,11512,2654,5194,7848,566,2193,2759,127197,128729,255926
2021-03-27,45900,46876,92776,26586,25124,51710,21033,20328,41361,15623,14944,30567,9905,8732,18637,5566,5998,11564,2663,5204,7867,567,2194,2761,127843,129400,257243
2021-03-28,46118,47073,93191,26716,25252,51968,21148,20422,41570,15709,15014,30723,9947,8773,18720,5592,6023,11615,2669,5210,7879,568,2196,2764,128467,129963,258430
2021-03-29,46476,47429,93905,26881,25439,52320,21291,20560,41851,15852,15119,30971,10028,8823,18851,5634,6056,11690,2674,5223,7897,570,2201,2771,129406,130850,260256
2021-03-30,46848,47830,94678,27083,25625,52708,21468,20720,42188,15972,15243,31215,10103,8876,18979,5662,6104,11766,2683,5243,7926,575,2206,2781,130394,131847,262241
2021-03-31,47264,48236,95500,27294,25801,53095,21650,20879,42529,16083,15361,31444,10165,8933,19098,5691,6134,11825,2693,5261,7954,575,2211,2786,131415,132816,264231
2021-04-01,47670,48627,96297,27471,25966,53437,21773,21022,42795,16206,15465,31671,10235,9000,19235,5716,6160,11876,2705,5265,7970,576,2213,2789,132352,133718,266070
2021-04-02,47963,48980,96943,27624,26103,53727,21900,21149,43049,16297,15550,31847,10295,9051,19346,5741,6194,11935,2708,5273,7981,577,2214,2791,133105,134514,267619
2021-04-03,48231,49244,97475,27782,26248,54030,22020,21276,43296,16394,15641,32035,10341,9108,19449,5765,6223,11988,2714,5285,7999,580,2219,2799,133827,135244,269071
2021-04-04,48469,49506,97975,27911,26366,54277,22137,21372,43509,16468,15714,32182,10387,9153,19540,5784,6242,12026,2716,5289,8005,581,2219,2800,134453,135861,270314
2021-04-05,48666,49733,98399,28018,26482,54500,22211,21456,43667,16527,15764,32291,10411,9184,19595,5795,6249,12044,2721,5291,8012,581,2221,2802,134930,136380,271310
2021-04-06,48678,49747,98425,28021,26492,54513,22216,21462,43678,16532,15767,32299,10412,9185,19597,5795,6250,12045,2721,5291,8012,581,2221,2802,134956,136415,271371
