FECHA,<=10M,<=10F,<=10,11-20M,11-20F,11-20,21-30M,21-30F,21-30,31-40M,31-40F,31-40,41-50M,41-50F,41-50,51-60M,51-60F,51-60,61-70M,61-70F,61-70,71-80M,71-80F,71-80,81-90M,81-90F,81-90,>=91M,>=91F,>=91,TotalM,TotalF,Total
2020-03-15,1,0,1,1,2,3,0,2,2,2,1,3,1,1,2,1,0,1,1,1,2,1,0,1,0,0,0,0,0,0,8,7,15
2020-03-16,2,3,5,3,3,6,1,6,7,3,2,5,1,3,4,4,2,6,3,4,7,1,0,1,0,0,0,0,0,0,18,23,41
2020-03-17,3,7,10,4,5,9,3,7,10,5,5,10,3,7,10,4,4,8,5,6,11,3,3,6,1,0,1,0,0,0,31,44,75
2020-03-18,6,8,14,5,5,10,4,7,11,7,6,13,4,10,14,5,5,10,6,8,14,4,3,7,2,0,2,0,0,0,43,52,95
2020-03-19,9,9,18,5,5,10,7,9,16,10,9,19,6,11,17,5,5,10,7,9,16,5,4,9,2,0,2,1,0,1,57,61,118
2020-03-20,10,10,20,6,5,11,9,9,18,11,12,23,6,13,19,5,6,11,8,10,18,7,6,13,3,0,3,1,0,1,66,71,137
2020-03-21,11,10,21,8,6,14,11,13,24,15,14,29,8,14,22,6,6,12,10,12,22,8,7,15,4,0,4,2,0,2,83,82,165
2020-03-22,14,11,25,8,6,14,15,15,30,15,14,29,9,14,23,8,7,15,10,14,24,10,8,18,7,2,9,2,1,3,98,92,190
2020-03-23,18,12,30,9,8,17,17,17,34,19,16,35,11,17,28,10,10,20,12,16,28,15,11,26,10,5,15,2,3,5,123,115,238
2020-03-24,21,13,34,9,9,18,19,20,39,22,18,40,11,20,31,12,12,24,12,16,28,17,11,28,12,6,18,3,3,6,138,128,266
2020-03-25,22,17,39,9,11,20,22,22,44,24,25,49,12,21,33,13,15,28,15,17,32,19,13,32,14,11,25,5,3,8,155,155,310
2020-03-26,26,20,46,11,13,24,24,24,48,28,29,57,15,25,40,17,18,35,16,21,37,23,16,39,20,11,31,6,4,10,186,181,367
2020-03-27,29,23,52,11,15,26,25,26,51,34,30,64,18,31,49,19,21,40,20,26,46,29,22,51,23,14,37,8,9,17,216,217,433
2020-03-28,31,24,55,11,15,26,28,28,56,38,33,71,19,32,51,24,23,47,24,26,50,33,29,62,26,15,41,8,9,17,242,234,476
2020-03-29,33,24,57,13,16,29,30,31,61,41,36,77,22,35,57,25,23,48,29,30,59,37,31,68,30,16,46,10,10,20,270,252,522
2020-03-30,36,26,62,13,16,29,31,38,69,49,38,87,27,39,66,28,25,53,36,32,68,40,37,77,34,17,51,13,12,25,307,280,587
2020-03-31,45,30,75,14,17,31,38,41,79,61,43,104,34,43,77,33,26,59,42,35,77,47,40,87,35,20,55,17,12,29,366,307,673
2020-04-01,56,40,96,15,19,34,46,45,91,72,45,117,48,50,98,38,36,74,46,38,84,54,44,98,41,25,66,17,13,30,433,355,788
2020-04-02,67,49,116,17,23,40,53,52,105,80,50,130,51,59,110,41,51,92,55,45,100,62,50,112,46,32,78,20,16,36,492,427,919
2020-04-03,88,58,146,22,27,49,61,59,120,88,62,150,62,72,134,47,59,106,63,50,113,69,55,124,52,38,90,21,21,42,573,501,1074
2020-04-04,99,73,172,25,31,56,65,66,131,95,75,170,71,78,149,54,60,114,69,53,122,71,60,131,56,40,96,22,24,46,627,560,1187
2020-04-05,108,83,191,30,36,66,73,68,141,102,81,183,81,85,166,59,68,127,71,64,135,77,68,145,59,44,103,24,26,50,684,623,1307
2020-04-06,120,93,213,34,40,74,83,74,157,114,88,202,94,89,183,70,75,145,79,73,152,86,73,159,66,48,114,25,29,54,771,682,1453
2020-04-07,133,104,237,39,44,83,89,79,168,122,96,218,101,96,197,80,78,158,83,77,160,95,82,177,72,58,130,27,30,57,841,744,1585
2020-04-08,144,114,258,43,47,90,94,88,182,129,99,228,110,102,212,89,86,175,92,86,178,106,87,193,73,62,135,30,34,64,910,805,1715
2020-04-09,149,120,269,46,51,97,99,96,195,144,109,253,115,113,228,98,95,193,99,90,189,113,97,210,78,70,148,34,39,73,975,880,1855
2020-04-10,169,126,295,52,55,107,101,102,203,150,115,265,127,115,242,102,102,204,107,91,198,114,107,221,83,79,162,35,43,78,1040,935,1975
2020-04-11,179,133,312,58,60,118,108,109,217,161,120,281,133,119,252,106,108,214,111,97,208,121,110,231,87,87,174,36,46,82,1100,989,2089
2020-04-12,189,141,330,61,60,121,113,114,227,171,127,298,137,126,263,117,112,229,114,102,216,125,119,244,91,91,182,36,48,84,1154,1040,2194
2020-04-13,198,154,352,70,65,135,124,125,249,179,140,319,146,136,282,123,119,242,125,110,235,131,128,259,100,102,202,39,53,92,1235,1132,2367
2020-04-14,216,160,376,74,66,140,136,132,268,189,146,335,155,146,301,135,129,264,132,116,248,140,133,273,107,107,214,42,57,99,1326,1192,2518
2020-04-15,225,167,392,78,73,151,142,139,281,196,155,351,163,161,324,142,143,285,142,122,264,151,138,289,113,114,227,47,60,107,1399,1272,2671
2020-04-16,240,172,412,84,78,162,151,146,297,210,172,382,175,177,352,151,157,308,146,130,276,158,142,300,117,119,236,47,64,111,1479,1357,2836
2020-04-17,257,184,441,90,85,175,156,153,309,220,196,416,189,188,377,162,169,331,153,139,292,174,153,327,122,126,248,48,67,115,1571,1460,3031
2020-04-18,270,195,465,96,88,184,168,161,329,240,207,447,201,194,395,169,173,342,156,143,299,181,163,344,127,136,263,51,71,122,1659,1531,3190
2020-04-19,281,206,487,100,91,191,173,165,338,250,212,462,209,201,410,174,183,357,166,151,317,186,171,357,132,143,275,52,72,124,1723,1595,3318
2020-04-20,297,217,514,112,101,213,190,175,365,263,223,486,223,212,435,188,194,382,179,161,340,201,183,384,143,153,296,57,86,143,1853,1705,3558
2020-04-21,311,226,537,120,110,230,205,183,388,274,243,517,228,220,448,196,204,400,188,168,356,216,195,411,150,163,313,59,96,155,1947,1808,3755
2020-04-22,326,238,564,124,117,241,213,194,407,289,248,537,242,230,472,204,217,421,200,174,374,221,208,429,159,175,334,66,102,168,2044,1903,3947
2020-04-23,344,254,598,129,121,250,222,209,431,302,260,562,253,244,497,209,233,442,209,181,390,232,216,448,170,186,356,72,111,183,2142,2015,4157
2020-04-24,363,266,629,136,128,264,235,223,458,319,278,597,262,256,518,219,245,464,216,192,408,243,228,471,180,201,381,75,114,189,2248,2131,4379
2020-04-25,377,276,653,140,130,270,241,234,475,333,288,621,268,266,534,224,253,477,222,197,419,249,235,484,191,218,409,79,118,197,2324,2215,4539
2020-04-26,390,293,683,146,138,284,248,238,486,339,292,631,277,274,551,228,259,487,231,205,436,256,241,497,198,225,423,80,122,202,2393,2287,4680
2020-04-27,404,308,712,152,142,294,257,249,506,345,310,655,282,292,574,240,273,513,239,213,452,275,248,523,209,241,450,83,126,209,2486,2402,4888
2020-04-28,425,318,743,159,147,306,274,263,537,359,325,684,293,309,602,248,286,534,246,221,467,278,260,538,215,256,471,85,130,215,2582,2515,5097
2020-04-29,451,330,781,165,153,318,291,273,564,379,347,726,307,322,629,257,299,556,252,228,480,290,267,557,219,270,489,89,140,229,2700,2629,5329
2020-04-30,472,341,813,174,155,329,301,283,584,393,360,753,321,332,653,270,313,583,262,237,499,298,279,577,231,288,519,96,148,244,2818,2736,5554
2020-05-01,475,357,832,180,160,340,302,290,592,407,374,781,333,340,673,280,319,599,272,243,515,305,289,594,240,299,539,96,150,246,2890,2821,5711
2020-05-02,482,374,856,186,167,353,313,295,608,418,382,800,339,347,686,289,322,611,276,249,525,313,291,604,246,311,557,97,154,251,2959,2892,5851
2020-05-03,490,387,877,191,171,362,320,302,622,428,390,818,347,354,701,297,324,621,284,255,539,319,301,620,253,319,572,100,159,259,3029,2962,5991
2020-05-04,513,408,921,196,175,371,334,315,649,444,405,849,357,364,721,307,329,636,294,267,561,334,319,653,261,335,596,102,164,266,3142,3081,6223
2020-05-05,530,421,951,206,178,384,348,328,676,457,421,878,366,383,749,319,338,657,306,275,581,349,330,679,268,350,618,103,173,276,3252,3197,6449
2020-05-06,544,439,983,212,181,393,364,335,699,474,441,915,387,394,781,328,346,674,318,288,606,368,345,713,276,365,641,107,179,286,3378,3313,6691
2020-05-07,562,452,1014,223,187,410,379,347,726,488,457,945,407,408,815,334,355,689,327,297,624,386,353,739,285,379,664,108,186,294,3499,3421,6920
2020-05-08,582,465,1047,231,193,424,394,355,749,503,475,978,427,426,853,352,362,714,337,308,645,399,363,762,295,391,686,111,198,309,3631,3536,7167
2020-05-09,603,477,1080,235,195,430,402,370,772,511,488,999,437,439,876,359,368,727,344,315,659,412,366,778,300,403,703,116,207,323,3719,3628,7347
2020-05-10,612,486,1098,237,199,436,413,381,794,517,499,1016,444,451,895,362,374,736,355,323,678,420,379,799,306,416,722,117,212,329,3783,3720,7503
2020-05-11,633,505,1138,244,204,448,425,398,823,534,516,1050,462,469,931,372,384,756,365,331,696,433,390,823,318,433,751,121,230,351,3907,3860,7767
2020-05-12,655,517,1172,253,214,467,456,424,880,562,532,1094,472,487,959,378,389,767,377,340,717,442,400,842,328,448,776,126,243,369,4049,3994,8043
2020-05-13,683,536,1219,262,224,486,481,442,923,581,555,1136,491,496,987,390,400,790,387,351,738,452,410,862,336,465,801,127,251,378,4190,4130,8320
2020-05-14,707,566,1273,274,243,517,495,471,966,607,582,1189,505,507,1012,401,419,820,400,364,764,462,421,883,348,480,828,129,265,394,4328,4318,8646
2020-05-15,728,590,1318,282,249,531,502,489,991,630,606,1236,517,531,1048,417,427,844,411,373,784,470,427,897,357,502,859,134,275,409,4448,4469,8917
2020-05-16,743,608,1351,290,258,548,509,505,1014,642,630,1272,528,544,1072,425,435,860,418,380,798,479,434,913,363,510,873,138,287,425,4535,4591,9126
2020-05-17,766,621,1387,294,267,561,524,519,1043,655,646,1301,538,557,1095,430,439,869,426,387,813,486,439,925,374,523,897,141,290,431,4634,4688,9322
2020-05-18,789,648,1437,305,283,588,558,547,1105,679,677,1356,556,580,1136,451,454,905,441,403,844,503,453,956,391,536,927,142,301,443,4815,4882,9697
2020-05-19,812,669,1481,321,300,621,589,576,1165,719,708,1427,586,603,1189,474,470,944,459,418,877,518,476,994,403,558,961,147,311,458,5028,5089,10117
2020-05-20,846,713,1559,339,317,656,623,605,1228,770,743,1513,615,625,1240,492,484,976,482,436,918,532,487,1019,415,575,990,153,316,469,5267,5301,10568
2020-05-21,885,749,1634,360,335,695,663,645,1308,803,788,1591,640,652,1292,512,499,1011,499,443,942,547,497,1044,426,592,1018,154,320,474,5489,5520,11009
2020-05-22,924,768,1692,379,356,735,700,681,1381,835,821,1656,668,674,1342,529,512,1041,509,453,962,557,508,1065,434,609,1043,160,332,492,5695,5714,11409
2020-05-23,947,789,1736,397,374,771,729,709,1438,869,843,1712,684,693,1377,539,523,1062,523,462,985,565,522,1087,443,615,1058,162,334,496,5858,5864,11722
2020-05-24,964,811,1775,408,384,792,748,722,1470,886,862,1748,696,699,1395,549,528,1077,535,472,1007,576,531,1107,449,629,1078,164,340,504,5975,5978,11953
2020-05-25,996,838,1834,429,414,843,774,759,1533,907,888,1795,718,715,1433,554,537,1091,545,481,1026,586,538,1124,459,643,1102,166,349,515,6134,6162,12296
2020-05-26,1042,876,1918,456,438,894,827,816,1643,960,937,1897,742,755,1497,571,563,1134,560,489,1049,600,544,1144,469,657,1126,170,360,530,6397,6435,12832
2020-05-27,1091,920,2011,469,456,925,853,856,1709,994,971,1965,768,772,1540,592,582,1174,571,498,1069,608,560,1168,473,672,1145,174,362,536,6593,6649,13242
2020-05-28,1121,964,2085,491,471,962,893,906,1799,1027,1012,2039,798,802,1600,608,604,1212,580,514,1094,621,568,1189,487,691,1178,178,374,552,6804,6906,13710
2020-05-29,1166,1000,2166,514,491,1005,938,951,1889,1064,1065,2129,832,833,1665,627,626,1253,597,529,1126,639,583,1222,501,707,1208,179,378,557,7057,7163,14220
2020-05-30,1201,1027,2228,531,506,1037,981,980,1961,1102,1085,2187,852,857,1709,643,641,1284,608,540,1148,651,594,1245,509,721,1230,180,385,565,7258,7336,14594
2020-05-31,1230,1044,2274,548,519,1067,996,998,1994,1127,1099,2226,869,871,1740,650,653,1303,616,547,1163,662,600,1262,516,731,1247,180,392,572,7394,7454,14848
2020-06-01,1271,1077,2348,574,540,1114,1031,1053,2084,1159,1142,2301,891,902,1793,671,672,1343,641,566,1207,674,609,1283,525,742,1267,184,395,579,7621,7698,15319
2020-06-02,1316,1114,2430,596,564,1160,1073,1090,2163,1190,1175,2365,912,928,1840,687,694,1381,654,577,1231,700,623,1323,534,761,1295,188,408,596,7850,7934,15784
2020-06-03,1356,1139,2495,613,600,1213,1112,1125,2237,1222,1217,2439,940,959,1899,700,709,1409,673,592,1265,718,635,1353,546,777,1323,190,417,607,8070,8170,16240
2020-06-04,1397,1176,2573,636,628,1264,1152,1163,2315,1242,1258,2500,966,982,1948,729,731,1460,685,602,1287,740,648,1388,557,798,1355,192,426,618,8296,8412,16708
2020-06-05,1443,1218,2661,652,651,1303,1194,1204,2398,1279,1301,2580,1003,1017,2020,757,760,1517,704,617,1321,758,663,1421,570,821,1391,195,436,631,8555,8688,17243
2020-06-06,1479,1244,2723,670,664,1334,1216,1231,2447,1312,1337,2649,1022,1038,2060,771,773,1544,716,633,1349,771,671,1442,582,840,1422,196,446,642,8735,8877,17612
2020-06-07,1504,1269,2773,688,678,1366,1244,1257,2501,1334,1366,2700,1043,1047,2090,784,785,1569,725,638,1363,780,678,1458,593,851,1444,198,454,652,8893,9023,17916
2020-06-08,1539,1307,2846,712,707,1419,1293,1293,2586,1383,1417,2800,1082,1077,2159,804,813,1617,744,655,1399,800,693,1493,605,871,1476,201,463,664,9163,9296,18459
2020-06-09,1600,1345,2945,739,733,1472,1319,1343,2662,1426,1459,2885,1120,1109,2229,830,827,1657,758,667,1425,814,719,1533,617,903,1520,205,479,684,9428,9584,19012
2020-06-10,1628,1389,3017,755,754,1509,1371,1375,2746,1472,1510,2982,1160,1139,2299,858,854,1712,782,687,1469,836,748,1584,623,923,1546,211,494,705,9696,9873,19569
2020-06-11,1672,1435,3107,774,780,1554,1411,1419,2830,1523,1556,3079,1186,1179,2365,878,890,1768,795,713,1508,853,768,1621,631,952,1583,215,509,724,9938,10201,20139
2020-06-12,1722,1485,3207,792,812,1604,1473,1470,2943,1578,1627,3205,1230,1234,2464,906,919,1825,827,736,1563,871,785,1656,638,974,1612,221,519,740,10258,10561,20819
2020-06-13,1759,1514,3273,819,833,1652,1514,1521,3035,1619,1670,3289,1247,1274,2521,932,940,1872,841,746,1587,884,794,1678,647,992,1639,223,526,749,10485,10810,21295
2020-06-14,1783,1550,3333,839,857,1696,1546,1546,3092,1641,1697,3338,1269,1292,2561,949,964,1913,853,752,1605,889,811,1700,661,1012,1673,223,534,757,10653,11015,21668
2020-06-15,1823,1587,3410,870,885,1755,1585,1584,3169,1674,1732,3406,1290,1317,2607,964,981,1945,869,758,1627,901,823,1724,669,1026,1695,225,544,769,10870,11237,22107
2020-06-16,1880,1650,3530,897,913,1810,1660,1644,3304,1735,1783,3518,1338,1352,2690,990,1008,1998,885,774,1659,918,831,1749,683,1051,1734,228,558,786,11214,11564,22778
2020-06-17,1927,1701,3628,924,947,1871,1722,1699,3421,1787,1848,3635,1382,1394,2776,1023,1026,2049,906,791,1697,929,851,1780,702,1068,1770,230,567,797,11532,11892,23424
2020-06-18,1985,1750,3735,950,968,1918,1798,1770,3568,1851,1920,3771,1443,1426,2869,1065,1057,2122,926,815,1741,948,867,1815,716,1092,1808,233,578,811,11915,12243,24158
2020-06-19,2046,1789,3835,968,1004,1972,1855,1835,3690,1932,1992,3924,1488,1479,2967,1114,1095,2209,956,835,1791,970,887,1857,734,1114,1848,240,591,831,12303,12621,24924
2020-06-20,2080,1832,3912,989,1029,2018,1899,1870,3769,1980,2033,4013,1518,1524,3042,1132,1123,2255,977,852,1829,982,897,1879,742,1131,1873,246,596,842,12545,12887,25432
2020-06-21,2117,1859,3976,1009,1049,2058,1931,1915,3846,2007,2078,4085,1542,1541,3083,1150,1135,2285,988,863,1851,993,904,1897,749,1140,1889,247,603,850,12733,13087,25820
2020-06-22,2174,1907,4081,1040,1086,2126,1987,1982,3969,2071,2130,4201,1591,1593,3184,1183,1180,2363,1010,888,1898,1014,920,1934,757,1166,1923,249,616,865,13076,13468,26544
2020-06-23,2230,1962,4192,1075,1120,2195,2049,2043,4092,2148,2191,4339,1643,1652,3295,1213,1226,2439,1035,911,1946,1028,936,1964,772,1183,1955,252,622,874,13445,13846,27291
2020-06-24,2282,2016,4298,1105,1150,2255,2118,2115,4233,2200,2261,4461,1694,1703,3397,1246,1275,2521,1053,934,1987,1040,953,1993,788,1201,1989,254,626,880,13780,14234,28014
2020-06-25,2338,2079,4417,1146,1198,2344,2177,2179,4356,2260,2316,4576,1745,1745,3490,1289,1315,2604,1068,951,2019,1053,974,2027,799,1215,2014,258,632,890,14133,14604,28737
2020-06-26,2393,2128,4521,1183,1229,2412,2250,2257,4507,2319,2381,4700,1794,1792,3586,1314,1357,2671,1095,977,2072,1067,990,2057,811,1238,2049,260,641,901,14486,14990,29476
2020-06-27,2461,2195,4656,1221,1277,2498,2293,2321,4614,2362,2436,4798,1830,1832,3662,1339,1378,2717,1117,987,2104,1072,1005,2077,818,1245,2063,264,647,911,14777,15323,30100
2020-06-28,2507,2221,4728,1237,1300,2537,2319,2375,4694,2397,2483,4880,1857,1860,3717,1365,1397,2762,1129,995,2124,1081,1017,2098,827,1258,2085,270,653,923,14989,15559,30548
2020-06-29,2562,2276,4838,1277,1351,2628,2380,2426,4806,2464,2545,5009,1897,1904,3801,1389,1438,2827,1155,1009,2164,1096,1036,2132,841,1278,2119,272,662,934,15333,15925,31258
2020-06-30,2597,2326,4923,1298,1386,2684,2457,2483,4940,2506,2611,5117,1947,1947,3894,1425,1474,2899,1183,1022,2205,1115,1049,2164,847,1297,2144,274,672,946,15649,16267,31916
2020-07-01,2647,2370,5017,1319,1427,2746,2533,2544,5077,2567,2670,5237,1989,1995,3984,1458,1511,2969,1206,1044,2250,1130,1067,2197,856,1320,2176,277,678,955,15982,16626,32608
2020-07-02,2715,2431,5146,1352,1466,2818,2599,2619,5218,2627,2739,5366,2041,2044,4085,1492,1538,3030,1231,1065,2296,1147,1088,2235,869,1335,2204,282,684,966,16355,17009,33364
2020-07-03,2781,2476,5257,1389,1495,2884,2658,2679,5337,2698,2825,5523,2083,2092,4175,1525,1575,3100,1256,1081,2337,1163,1106,2269,883,1352,2235,285,689,974,16721,17370,34091
2020-07-04,2823,2518,5341,1415,1523,2938,2712,2742,5454,2739,2873,5612,2119,2126,4245,1553,1598,3151,1270,1094,2364,1175,1126,2301,890,1363,2253,288,696,984,16984,17659,34643
2020-07-05,2854,2557,5411,1442,1543,2985,2752,2788,5540,2779,2934,5713,2142,2162,4304,1574,1624,3198,1294,1117,2411,1193,1142,2335,901,1385,2286,292,704,996,17223,17956,35179
2020-07-06,2895,2594,5489,1467,1565,3032,2815,2855,5670,2848,2990,5838,2194,2232,4426,1616,1663,3279,1321,1148,2469,1216,1174,2390,912,1418,2330,295,718,1013,17579,18357,35936
2020-07-07,2958,2666,5624,1506,1608,3114,2888,2930,5818,2929,3064,5993,2240,2287,4527,1656,1707,3363,1344,1168,2512,1231,1188,2419,923,1444,2367,302,730,1032,17977,18792,36769
2020-07-08,3013,2708,5721,1541,1642,3183,2962,3000,5962,2995,3142,6137,2302,2359,4661,1690,1756,3446,1367,1190,2557,1253,1213,2466,936,1471,2407,306,748,1054,18365,19229,37594
2020-07-09,3053,2742,5795,1563,1663,3226,3012,3047,6059,3060,3191,6251,2350,2405,4755,1711,1777,3488,1380,1211,2591,1266,1239,2505,946,1495,2441,312,758,1070,18653,19528,38181
2020-07-10,3095,2773,5868,1591,1693,3284,3065,3107,6172,3106,3255,6361,2389,2442,4831,1738,1811,3549,1404,1232,2636,1284,1253,2537,957,1514,2471,313,770,1083,18942,19850,38792
2020-07-11,3131,2820,5951,1617,1713,3330,3102,3158,6260,3152,3304,6456,2431,2489,4920,1766,1843,3609,1427,1254,2681,1300,1285,2585,967,1538,2505,317,787,1104,19210,20191,39401
2020-07-12,3162,2842,6004,1633,1731,3364,3141,3193,6334,3193,3343,6536,2461,2519,4980,1779,1865,3644,1442,1270,2712,1311,1298,2609,974,1554,2528,321,794,1115,19417,20409,39826
2020-07-13,3211,2898,6109,1665,1768,3433,3207,3264,6471,3263,3411,6674,2524,2593,5117,1821,1927,3748,1486,1304,2790,1337,1340,2677,989,1607,2596,324,819,1143,19827,20931,40758
2020-07-14,3267,2942,6209,1704,1799,3503,3265,3326,6591,3362,3499,6861,2607,2654,5261,1871,1961,3832,1527,1337,2864,1366,1371,2737,1009,1628,2637,330,835,1165,20308,21352,41660
2020-07-15,3324,3000,6324,1764,1846,3610,3349,3450,6799,3471,3641,7112,2694,2745,5439,1917,2032,3949,1563,1370,2933,1388,1401,2789,1027,1651,2678,337,847,1184,20834,21983,42817
2020-07-16,3387,3041,6428,1807,1910,3717,3437,3561,6998,3573,3748,7321,2774,2855,5629,1961,2106,4067,1596,1402,2998,1407,1436,2843,1049,1693,2742,340,873,1213,21331,22625,43956
2020-07-17,3453,3103,6556,1848,1957,3805,3523,3672,7195,3667,3869,7536,2848,2973,5821,2018,2179,4197,1637,1449,3086,1426,1461,2887,1070,1715,2785,344,882,1226,21834,23260,45094
2020-07-18,3497,3152,6649,1884,1993,3877,3604,3760,7364,3754,3982,7736,2897,3048,5945,2062,2222,4284,1669,1485,3154,1449,1475,2924,1086,1739,2825,346,889,1235,22248,23745,45993
2020-07-19,3540,3200,6740,1913,2025,3938,3652,3826,7478,3814,4062,7876,2938,3102,6040,2099,2266,4365,1700,1507,3207,1467,1487,2954,1098,1761,2859,349,897,1246,22570,24133,46703
2020-07-20,3625,3261,6886,1974,2091,4065,3748,3936,7684,3909,4208,8117,3027,3216,6243,2151,2345,4496,1742,1561,3303,1496,1518,3014,1121,1784,2905,352,911,1263,23145,24831,47976
2020-07-21,3682,3314,6996,2022,2135,4157,3852,4031,7883,4032,4335,8367,3110,3305,6415,2214,2419,4633,1779,1604,3383,1528,1549,3077,1136,1817,2953,357,922,1279,23712,25431,49143
2020-07-22,3771,3373,7144,2074,2192,4266,3981,4162,8143,4153,4474,8627,3206,3405,6611,2276,2491,4767,1807,1643,3450,1561,1579,3140,1154,1861,3015,359,933,1292,24342,26113,50455
2020-07-23,3842,3436,7278,2116,2252,4368,4092,4290,8382,4265,4627,8892,3279,3504,6783,2334,2560,4894,1838,1678,3516,1582,1605,3187,1163,1886,3049,366,944,1310,24877,26782,51659
2020-07-24,3901,3498,7399,2163,2294,4457,4204,4409,8613,4373,4762,9135,3367,3596,6963,2398,2631,5029,1885,1704,3589,1606,1634,3240,1176,1921,3097,368,957,1325,25441,27406,52847
2020-07-25,3958,3543,7501,2200,2324,4524,4274,4501,8775,4466,4869,9335,3435,3668,7103,2441,2683,5124,1911,1742,3653,1627,1664,3291,1189,1946,3135,374,963,1337,25875,27903,53778
2020-07-26,4006,3587,7593,2222,2352,4574,4330,4559,8889,4520,4938,9458,3485,3723,7208,2475,2728,5203,1929,1760,3689,1644,1679,3323,1198,1971,3169,380,971,1351,26189,28268,54457
2020-07-27,4054,3636,7690,2269,2400,4669,4411,4677,9088,4638,5063,9701,3570,3830,7400,2546,2829,5375,1966,1812,3778,1666,1711,3377,1220,1996,3216,385,995,1380,26725,28949,55674
2020-07-28,4122,3699,7821,2316,2446,4762,4536,4835,9371,4761,5203,9964,3671,3942,7613,2627,2919,5546,2018,1861,3879,1694,1753,3447,1236,2034,3270,392,1016,1408,27373,29708,57081
2020-07-29,4194,3764,7958,2362,2497,4859,4666,4975,9641,4877,5342,10219,3782,4058,7840,2692,2987,5679,2060,1912,3972,1725,1779,3504,1258,2082,3340,403,1046,1449,28019,30442,58461
2020-07-30,4270,3821,8091,2419,2568,4987,4821,5111,9932,5008,5472,10480,3896,4155,8051,2759,3065,5824,2105,1956,4061,1748,1806,3554,1272,2108,3380,406,1055,1461,28704,31117,59821
2020-07-31,4330,3891,8221,2461,2612,5073,4932,5263,10195,5147,5632,10779,3993,4253,8246,2819,3143,5962,2152,2009,4161,1773,1838,3611,1285,2148,3433,413,1082,1495,29305,31871,61176
2020-08-01,4377,3931,8308,2495,2655,5150,5014,5371,10385,5237,5749,10986,4061,4339,8400,2874,3211,6085,2180,2029,4209,1800,1866,3666,1301,2187,3488,414,1107,1521,29753,32445,62198
2020-08-02,4428,3972,8400,2534,2690,5224,5081,5441,10522,5314,5827,11141,4115,4422,8537,2905,3262,6167,2198,2061,4259,1818,1893,3711,1318,2220,3538,418,1120,1538,30129,32908,63037
2020-08-03,4494,4048,8542,2580,2751,5331,5188,5566,10754,5425,5963,11388,4214,4548,8762,2964,3340,6304,2244,2101,4345,1836,1930,3766,1342,2270,3612,423,1149,1572,30710,33666,64376
2020-08-04,4572,4110,8682,2644,2819,5463,5326,5702,11028,5551,6107,11658,4306,4681,8987,3033,3423,6456,2296,2148,4444,1864,1970,3834,1367,2323,3690,429,1177,1606,31388,34460,65848
2020-08-05,4644,4182,8826,2707,2870,5577,5457,5861,11318,5682,6252,11934,4398,4805,9203,3124,3522,6646,2340,2197,4537,1893,2005,3898,1388,2357,3745,434,1190,1624,32067,35241,67308
2020-08-06,4717,4245,8962,2758,2933,5691,5582,6003,11585,5815,6417,12232,4508,4928,9436,3196,3606,6802,2387,2242,4629,1923,2041,3964,1410,2404,3814,441,1210,1651,32737,36029,68766
2020-08-07,4804,4316,9120,2811,2983,5794,5698,6156,11854,5954,6591,12545,4603,5069,9672,3264,3697,6961,2424,2297,4721,1956,2088,4044,1425,2454,3879,446,1226,1672,33385,36877,70262
2020-08-08,4857,4364,9221,2848,3028,5876,5768,6245,12013,6068,6725,12793,4674,5173,9847,3319,3761,7080,2467,2334,4801,1983,2120,4103,1442,2500,3942,447,1254,1701,33873,37504,71377
2020-08-09,4898,4403,9301,2881,3059,5940,5844,6343,12187,6153,6813,12966,4736,5273,10009,3367,3819,7186,2498,2362,4860,2014,2156,4170,1463,2565,4028,452,1279,1731,34306,38072,72378
2020-08-10,4984,4477,9461,2953,3135,6088,5992,6498,12490,6295,6980,13275,4849,5414,10263,3449,3926,7375,2547,2407,4954,2036,2191,4227,1483,2604,4087,460,1301,1761,35048,38933,73981
2020-08-11,5054,4542,9596,3021,3191,6212,6144,6661,12805,6470,7138,13608,4978,5568,10546,3532,4013,7545,2605,2472,5077,2082,2260,4342,1503,2674,4177,470,1341,1811,35859,39860,75719
2020-08-12,5119,4614,9733,3089,3268,6357,6274,6823,13097,6614,7355,13969,5100,5712,10812,3619,4114,7733,2654,2517,5171,2100,2294,4394,1515,2699,4214,476,1360,1836,36560,40756,77316
2020-08-13,5179,4677,9856,3160,3333,6493,6454,7019,13473,6786,7587,14373,5223,5872,11095,3703,4227,7930,2698,2574,5272,2136,2330,4466,1533,2729,4262,481,1377,1858,37353,41725,79078
2020-08-14,5230,4737,9967,3210,3396,6606,6633,7229,13862,6935,7797,14732,5363,6026,11389,3788,4330,8118,2750,2626,5376,2169,2370,4539,1551,2762,4313,483,1393,1876,38112,42666,80778
2020-08-15,5298,4784,10082,3270,3448,6718,6712,7372,14084,7049,7966,15015,5451,6147,11598,3841,4407,8248,2791,2674,5465,2197,2419,4616,1567,2825,4392,487,1420,1907,38663,43462,82125
2020-08-16,5340,4818,10158,3299,3482,6781,6809,7472,14281,7131,8070,15201,5501,6227,11728,3884,4466,8350,2806,2709,5515,2216,2443,4659,1585,2863,4448,489,1446,1935,39060,43996,83056
2020-08-17,5392,4849,10241,3340,3527,6867,6919,7596,14515,7259,8207,15466,5602,6343,11945,3957,4565,8522,2837,2765,5602,2242,2466,4708,1597,2906,4503,490,1467,1957,39635,44691,84326
2020-08-18,5465,4911,10376,3407,3588,6995,7054,7743,14797,7412,8389,15801,5736,6482,12218,4026,4691,8717,2887,2825,5712,2272,2511,4783,1615,2947,4562,491,1497,1988,40365,45584,85949
2020-08-19,5531,4969,10500,3475,3664,7139,7175,7916,15091,7541,8547,16088,5840,6616,12456,4103,4777,8880,2925,2871,5796,2300,2563,4863,1633,2996,4629,497,1525,2022,41020,46444,87464
2020-08-20,5586,5025,10611,3529,3718,7247,7307,8080,15387,7652,8722,16374,5933,6718,12651,4180,4854,9034,2965,2931,5896,2329,2600,4929,1659,3036,4695,500,1547,2047,41640,47231,88871
2020-08-21,5641,5089,10730,3588,3780,7368,7425,8232,15657,7787,8905,16692,6058,6845,12903,4251,4955,9206,3013,2990,6003,2366,2654,5020,1679,3087,4766,506,1564,2070,42314,48101,90415
2020-08-22,5682,5127,10809,3637,3822,7459,7516,8344,15860,7872,9045,16917,6144,6940,13084,4307,5007,9314,3050,3039,6089,2386,2696,5082,1695,3119,4814,512,1585,2097,42801,48724,91525
2020-08-23,5727,5178,10905,3675,3854,7529,7582,8445,16027,7940,9149,17089,6214,7019,13233,4349,5072,9421,3083,3073,6156,2405,2725,5130,1710,3140,4850,517,1592,2109,43202,49247,92449
2020-08-24,5806,5261,11067,3737,3922,7659,7700,8606,16306,8106,9329,17435,6321,7164,13485,4429,5167,9596,3135,3143,6278,2437,2773,5210,1732,3175,4907,523,1611,2134,43926,50151,94077
2020-08-25,5874,5331,11205,3791,3990,7781,7831,8799,16630,8263,9532,17795,6446,7305,13751,4491,5269,9760,3185,3199,6384,2471,2799,5270,1754,3215,4969,529,1629,2158,44635,51068,95703
2020-08-26,5945,5380,11325,3852,4068,7920,7994,8968,16962,8414,9711,18125,6529,7449,13978,4566,5365,9931,3236,3264,6500,2509,2848,5357,1776,3263,5039,533,1652,2185,45354,51968,97322
2020-08-27,6018,5445,11463,3930,4156,8086,8155,9137,17292,8548,9888,18436,6645,7602,14247,4644,5463,10107,3274,3321,6595,2545,2883,5428,1800,3312,5112,536,1681,2217,46095,52888,98983
2020-08-28,6078,5504,11582,4002,4226,8228,8350,9350,17700,8695,10079,18774,6770,7801,14571,4725,5582,10307,3330,3385,6715,2590,2930,5520,1822,3360,5182,541,1701,2242,46903,53918,100821
2020-08-29,6123,5539,11662,4044,4288,8332,8473,9501,17974,8809,10255,19064,6889,7915,14804,4786,5668,10454,3377,3422,6799,2624,2969,5593,1836,3408,5244,546,1730,2276,47507,54695,102202
2020-08-30,6158,5598,11756,4092,4338,8430,8558,9615,18173,8906,10344,19250,6962,8010,14972,4840,5726,10566,3410,3460,6870,2642,2998,5640,1844,3427,5271,550,1741,2291,47962,55257,103219
2020-08-31,6224,5644,11868,4157,4397,8554,8697,9761,18458,9056,10508,19564,7066,8149,15215,4921,5822,10743,3454,3521,6975,2682,3044,5726,1867,3470,5337,552,1753,2305,48676,56069,104745
2020-09-01,6290,5710,12000,4209,4479,8688,8861,9938,18799,9226,10707,19933,7189,8281,15470,5005,5936,10941,3493,3568,7061,2708,3079,5787,1884,3519,5403,559,1775,2334,49424,56992,106416
2020-09-02,6348,5755,12103,4250,4534,8784,8981,10098,19079,9361,10888,20249,7293,8396,15689,5083,6026,11109,3532,3624,7156,2750,3117,5867,1901,3563,5464,565,1809,2374,50064,57810,107874
2020-09-03,6422,5814,12236,4318,4604,8922,9131,10296,19427,9551,11091,20642,7422,8541,15963,5169,6131,11300,3578,3686,7264,2785,3163,5948,1923,3609,5532,569,1826,2395,50868,58761,109629
2020-09-04,6491,5883,12374,4379,4672,9051,9274,10485,19759,9718,11303,21021,7559,8719,16278,5250,6240,11490,3643,3752,7395,2824,3209,6033,1947,3648,5595,574,1844,2418,51659,59755,111414
2020-09-05,6535,5927,12462,4414,4714,9128,9401,10622,20023,9829,11450,21279,7644,8861,16505,5309,6322,11631,3695,3808,7503,2852,3238,6090,1966,3673,5639,578,1853,2431,52223,60468,112691
2020-09-06,6576,5968,12544,4456,4762,9218,9476,10739,20215,9902,11553,21455,7708,8943,16651,5356,6391,11747,3723,3841,7564,2864,3279,6143,1980,3696,5676,579,1861,2440,52620,61033,113653
2020-09-07,6639,6025,12664,4530,4831,9361,9623,10917,20540,10070,11753,21823,7852,9106,16958,5435,6514,11949,3792,3904,7696,2903,3322,6225,1999,3744,5743,585,1879,2464,53428,61995,115423
2020-09-08,6697,6090,12787,4589,4903,9492,9754,11095,20849,10253,11949,22202,7985,9251,17236,5533,6622,12155,3847,3985,7832,2945,3371,6316,2025,3782,5807,592,1900,2492,54220,62948,117168
2020-09-09,6760,6153,12913,4663,4981,9644,9917,11280,21197,10420,12146,22566,8112,9404,17516,5631,6731,12362,3907,4053,7960,2977,3413,6390,2043,3828,5871,593,1921,2514,55023,63910,118933
2020-09-10,6816,6192,13008,4736,5046,9782,10104,11479,21583,10597,12380,22977,8254,9579,17833,5736,6831,12567,3960,4125,8085,3019,3469,6488,2056,3885,5941,598,1953,2551,55876,64939,120815
2020-09-11,6877,6246,13123,4819,5129,9948,10260,11632,21892,10747,12598,23345,8376,9734,18110,5819,6949,12768,4023,4184,8207,3062,3508,6570,2078,3923,6001,600,1964,2564,56661,65867,122528
2020-09-12,6928,6279,13207,4867,5171,10038,10344,11748,22092,10855,12726,23581,8443,9835,18278,5872,7032,12904,4074,4229,8303,3090,3542,6632,2091,3968,6059,603,1980,2583,57167,66510,123677
2020-09-13,6983,6322,13305,4909,5214,10123,10423,11863,22286,10940,12852,23792,8501,9921,18422,5926,7097,13023,4129,4271,8400,3114,3557,6671,2094,3987,6081,608,1989,2597,57627,67073,124700
2020-09-14,7053,6383,13436,4966,5284,10250,10578,12051,22629,11097,13045,24142,8617,10068,18685,6020,7213,13233,4201,4350,8551,3155,3599,6754,2124,4023,6147,608,2012,2620,58419,68028,126447
2020-09-15,7127,6423,13550,5024,5345,10369,10721,12188,22909,11247,13239,24486,8728,10206,18934,6089,7306,13395,4265,4423,8688,3196,3652,6848,2142,4084,6226,612,2038,2650,59151,68904,128055
2020-09-16,7206,6494,13700,5107,5433,10540,10896,12397,23293,11402,13443,24845,8852,10363,19215,6174,7410,13584,4327,4493,8820,3229,3692,6921,2161,4131,6292,616,2053,2669,59970,69909,129879
2020-09-17,7271,6556,13827,5160,5519,10679,11055,12570,23625,11548,13622,25170,8989,10538,19527,6256,7529,13785,4397,4561,8958,3271,3737,7008,2184,4170,6354,620,2070,2690,60751,70872,131623
2020-09-18,7350,6625,13975,5214,5618,10832,11219,12750,23969,11719,13834,25553,9114,10687,19801,6350,7637,13987,4451,4633,9084,3319,3784,7103,2200,4205,6405,625,2090,2715,61561,71863,133424
2020-09-19,7385,6674,14059,5265,5674,10939,11318,12854,24172,11824,13959,25783,9183,10768,19951,6405,7692,14097,4501,4677,9178,3346,3812,7158,2219,4229,6448,629,2101,2730,62075,72440,134515
2020-09-20,7425,6721,14146,5317,5727,11044,11395,12939,24334,11917,14048,25965,9242,10850,20092,6446,7763,14209,4527,4716,9243,3368,3838,7206,2225,4253,6478,632,2112,2744,62494,72967,135461
2020-09-21,7498,6777,14275,5385,5808,11193,11527,13073,24600,12075,14228,26303,9345,10991,20336,6529,7843,14372,4583,4794,9377,3406,3876,7282,2240,4273,6513,634,2123,2757,63222,73786,137008
2020-09-22,7575,6847,14422,5471,5897,11368,11666,13275,24941,12238,14404,26642,9471,11124,20595,6627,7954,14581,4659,4856,9515,3456,3920,7376,2259,4317,6576,639,2142,2781,64061,74736,138797
2020-09-23,7650,6913,14563,5530,5970,11500,11791,13461,25252,12365,14585,26950,9592,11245,20837,6700,8053,14753,4723,4917,9640,3487,3969,7456,2275,4349,6624,642,2154,2796,64755,75616,140371
2020-09-24,7729,6974,14703,5604,6052,11656,11948,13630,25578,12518,14772,27290,9707,11382,21089,6770,8139,14909,4776,5011,9787,3526,4025,7551,2304,4397,6701,655,2185,2840,65537,76567,142104
2020-09-25,7799,7031,14830,5670,6122,11792,12076,13800,25876,12664,14924,27588,9825,11519,21344,6850,8243,15093,4851,5076,9927,3560,4062,7622,2324,4428,6752,656,2198,2854,66275,77403,143678
2020-09-26,7837,7070,14907,5727,6165,11892,12156,13882,26038,12767,15025,27792,9906,11601,21507,6906,8318,15224,4888,5109,9997,3585,4080,7665,2337,4446,6783,659,2205,2864,66768,77901,144669
2020-09-27,7883,7116,14999,5762,6221,11983,12232,13987,26219,12856,15133,27989,9993,11690,21683,6951,8368,15319,4918,5144,10062,3599,4105,7704,2348,4464,6812,661,2218,2879,67203,78446,145649
2020-09-28,7957,7185,15142,5828,6267,12095,12350,14119,26469,13021,15267,28288,10126,11794,21920,7052,8470,15522,4983,5189,10172,3636,4146,7782,2366,4498,6864,665,2236,2901,67984,79171,147155
2020-09-29,8042,7256,15298,5913,6359,12272,12517,14283,26800,13190,15457,28647,10259,11922,22181,7138,8550,15688,5051,5262,10313,3674,4208,7882,2393,4549,6942,667,2257,2924,68844,80103,148947
2020-09-30,8117,7326,15443,5978,6439,12417,12670,14493,27163,13318,15637,28955,10377,12033,22410,7238,8649,15887,5117,5336,10453,3712,4254,7966,2411,4595,7006,670,2270,2940,69608,81032,150640
2020-10-01,8193,7417,15610,6056,6533,12589,12833,14691,27524,13482,15821,29303,10490,12163,22653,7324,8744,16068,5179,5405,10584,3751,4313,8064,2428,4627,7055,673,2280,2953,70409,81994,152403
2020-10-02,8292,7484,15776,6128,6616,12744,12952,14863,27815,13626,15994,29620,10606,12304,22910,7410,8846,16256,5242,5473,10715,3795,4373,8168,2441,4667,7108,679,2298,2977,71171,82918,154089
2020-10-03,8335,7527,15862,6174,6688,12862,13049,14967,28016,13733,16104,29837,10692,12413,23105,7476,8903,16379,5285,5517,10802,3822,4400,8222,2455,4696,7151,683,2305,2988,71704,83520,155224
2020-10-04,8385,7576,15961,6217,6732,12949,13133,15081,28214,13807,16184,29991,10755,12492,23247,7522,8963,16485,5322,5550,10872,3841,4423,8264,2473,4723,7196,685,2311,2996,72140,84035,156175
2020-10-05,8436,7630,16066,6278,6792,13070,13278,15228,28506,13986,16356,30342,10889,12638,23527,7604,9073,16677,5411,5616,11027,3886,4490,8376,2496,4755,7251,688,2319,3007,72952,84897,157849
2020-10-06,8506,7708,16214,6354,6869,13223,13430,15398,28828,14154,16540,30694,11030,12768,23798,7698,9175,16873,5469,5689,11158,3925,4552,8477,2523,4795,7318,696,2331,3027,73785,85825,159610
2020-10-07,8591,7766,16357,6411,6936,13347,13596,15599,29195,14324,16732,31056,11159,12898,24057,7793,9299,17092,5544,5761,11305,3966,4598,8564,2544,4830,7374,702,2341,3043,74630,86760,161390
2020-10-08,8670,7827,16497,6475,7012,13487,13733,15771,29504,14463,16901,31364,11298,13036,24334,7883,9395,17278,5608,5832,11440,4007,4646,8653,2556,4872,7428,706,2362,3068,75399,87654,163053
2020-10-09,8733,7909,16642,6557,7102,13659,13863,15962,29825,14623,17099,31722,11413,13193,24606,7980,9516,17496,5665,5903,11568,4044,4693,8737,2568,4903,7471,711,2385,3096,76157,88665,164822
2020-10-10,8770,7960,16730,6611,7159,13770,13979,16088,30067,14725,17215,31940,11507,13293,24800,8042,9602,17644,5705,5951,11656,4066,4728,8794,2584,4929,7513,718,2395,3113,76707,89320,166027
2020-10-11,8820,8012,16832,6647,7216,13863,14042,16186,30228,14817,17339,32156,11578,13365,24943,8096,9660,17756,5753,5991,11744,4089,4761,8850,2599,4951,7550,720,2401,3121,77161,89882,167043
2020-10-12,8871,8056,16927,6705,7271,13976,14139,16299,30438,14923,17449,32372,11670,13481,25151,8169,9751,17920,5811,6050,11861,4118,4801,8919,2620,4984,7604,722,2418,3140,77748,90560,168308
2020-10-13,8947,8132,17079,6776,7329,14105,14287,16481,30768,15068,17646,32714,11785,13634,25419,8267,9861,18128,5894,6125,12019,4163,4867,9030,2649,5035,7684,731,2438,3169,78567,91548,170115
2020-10-14,9012,8202,17214,6836,7409,14245,14432,16653,31085,15210,17814,33024,11896,13757,25653,8343,9966,18309,5965,6189,12154,4209,4928,9137,2670,5069,7739,732,2451,3183,79305,92438,171743
2020-10-15,9083,8265,17348,6907,7495,14402,14587,16830,31417,15387,18011,33398,12048,13930,25978,8456,10067,18523,6042,6274,12316,4250,4973,9223,2690,5108,7798,739,2463,3202,80189,93416,173605
2020-10-16,9171,8327,17498,7001,7600,14601,14775,17062,31837,15562,18188,33750,12205,14102,26307,8565,10183,18748,6112,6345,12457,4298,5038,9336,2717,5157,7874,742,2493,3235,81148,94495,175643
2020-10-17,9219,8380,17599,7060,7661,14721,14885,17185,32070,15675,18345,34020,12298,14209,26507,8625,10255,18880,6166,6407,12573,4346,5068,9414,2731,5183,7914,745,2502,3247,81750,95195,176945
2020-10-18,9259,8417,17676,7102,7702,14804,14938,17269,32207,15758,18450,34208,12349,14273,26622,8680,10296,18976,6195,6434,12629,4367,5098,9465,2739,5205,7944,747,2508,3255,82134,95652,177786
2020-10-19,9366,8502,17868,7192,7801,14993,15093,17474,32567,15951,18682,34633,12504,14477,26981,8802,10436,19238,6286,6518,12804,4421,5167,9588,2764,5253,8017,750,2521,3271,83129,96831,179960
2020-10-20,9451,8585,18036,7287,7886,15173,15277,17683,32960,16123,18896,35019,12669,14663,27332,8910,10556,19466,6367,6592,12959,4459,5222,9681,2799,5297,8096,750,2536,3286,84092,97916,182008
2020-10-21,9516,8650,18166,7396,7978,15374,15418,17874,33292,16275,19058,35333,12783,14802,27585,9009,10643,19652,6444,6663,13107,4495,5263,9758,2820,5334,8154,753,2546,3299,84909,98811,183720
2020-10-22,9577,8708,18285,7487,8079,15566,15544,18025,33569,16405,19214,35619,12912,14945,27857,9095,10749,19844,6490,6740,13230,4530,5308,9838,2843,5375,8218,757,2563,3320,85640,99706,185346
2020-10-23,9642,8757,18399,7544,8137,15681,15657,18148,33805,16509,19324,35833,13008,15084,28092,9166,10819,19985,6548,6818,13366,4576,5352,9928,2859,5404,8263,763,2581,3344,86272,100424,186696
2020-10-24,9678,8793,18471,7574,8181,15755,15737,18213,33950,16583,19418,36001,13075,15164,28239,9213,10885,20098,6575,6856,13431,4603,5379,9982,2867,5431,8298,764,2590,3354,86669,100910,187579
2020-10-25,9730,8832,18562,7611,8230,15841,15811,18316,34127,16660,19544,36204,13140,15240,28380,9276,10963,20239,6608,6901,13509,4630,5406,10036,2877,5451,8328,765,2597,3362,87108,101480,188588
2020-10-26,9806,8896,18702,7700,8307,16007,15944,18465,34409,16797,19701,36498,13228,15370,28598,9377,11090,20467,6685,6973,13658,4684,5470,10154,2895,5490,8385,766,2610,3376,87882,102372,190254
2020-10-27,9865,8960,18825,7773,8380,16153,16090,18654,34744,16940,19876,36816,13351,15493,28844,9470,11217,20687,6766,7078,13844,4731,5532,10263,2910,5527,8437,769,2617,3386,88665,103334,191999
2020-10-28,9930,9022,18952,7826,8455,16281,16217,18822,35039,17099,20070,37169,13440,15621,29061,9561,11322,20883,6835,7144,13979,4764,5571,10335,2922,5561,8483,771,2632,3403,89365,104220,193585
2020-10-29,9986,9070,19056,7887,8537,16424,16368,18977,35345,17260,20228,37488,13541,15773,29314,9644,11414,21058,6890,7209,14099,4797,5611,10408,2936,5588,8524,772,2639,3411,90081,105046,195127
2020-10-30,10044,9110,19154,7939,8607,16546,16468,19122,35590,17388,20379,37767,13631,15897,29528,9708,11512,21220,6951,7288,14239,4826,5650,10476,2957,5618,8575,776,2653,3429,90688,105836,196524
2020-10-31,10088,9141,19229,7969,8648,16617,16551,19209,35760,17468,20498,37966,13703,15962,29665,9753,11572,21325,6993,7335,14328,4854,5684,10538,2966,5640,8606,779,2661,3440,91124,106350,197474
2020-11-01,10151,9191,19342,8023,8712,16735,16638,19318,35956,17552,20611,38163,13786,16054,29840,9820,11646,21466,7029,7402,14431,4886,5711,10597,2975,5668,8643,783,2668,3451,91643,106981,198624
2020-11-02,10207,9257,19464,8087,8790,16877,16766,19480,36246,17704,20761,38465,13899,16172,30071,9897,11727,21624,7103,7479,14582,4929,5756,10685,2995,5691,8686,784,2676,3460,92371,107789,200160
2020-11-03,10254,9304,19558,8132,8855,16987,16873,19620,36493,17817,20896,38713,13987,16250,30237,9961,11791,21752,7154,7534,14688,4974,5798,10772,3015,5728,8743,786,2689,3475,92953,108465,201418
2020-11-04,10310,9357,19667,8197,8931,17128,17049,19785,36834,17950,21071,39021,14127,16387,30514,10041,11890,21931,7228,7605,14833,5021,5843,10864,3030,5758,8788,792,2696,3488,93745,109323,203068
2020-11-05,10391,9430,19821,8288,9028,17316,17228,19964,37192,18132,21277,39409,14287,16530,30817,10151,12014,22165,7293,7692,14985,5060,5886,10946,3048,5785,8833,795,2708,3503,94673,110314,204987
2020-11-06,10443,9484,19927,8338,9087,17425,17327,20085,37412,18226,21395,39621,14362,16611,30973,10220,12096,22316,7342,7740,15082,5097,5941,11038,3064,5817,8881,798,2715,3513,95217,110971,206188
2020-11-07,10488,9529,20017,8379,9137,17516,17395,20180,37575,18298,21506,39804,14432,16703,31135,10280,12178,22458,7399,7802,15201,5129,5977,11106,3085,5837,8922,802,2719,3521,95687,111568,207255
2020-11-08,10543,9594,20137,8427,9204,17631,17489,20279,37768,18397,21633,40030,14510,16807,31317,10346,12238,22584,7453,7869,15322,5154,6006,11160,3092,5858,8950,807,2723,3530,96218,112211,208429
2020-11-09,10625,9671,20296,8505,9275,17780,17606,20430,38036,18540,21815,40355,14635,16940,31575,10453,12342,22795,7522,7949,15471,5184,6054,11238,3115,5898,9013,811,2732,3543,96996,113106,210102
2020-11-10,10677,9720,20397,8557,9349,17906,17711,20541,38252,18686,21959,40645,14735,17041,31776,10531,12422,22953,7589,8004,15593,5223,6092,11315,3132,5932,9064,815,2740,3555,97656,113800,211456
2020-11-11,10753,9778,20531,8614,9426,18040,17854,20699,38553,18834,22110,40944,14867,17170,32037,10628,12531,23159,7646,8064,15710,5265,6132,11397,3153,5963,9116,820,2753,3573,98434,114626,213060
2020-11-12,10818,9841,20659,8675,9506,18181,17993,20878,38871,19022,22283,41305,14994,17305,32299,10729,12629,23358,7715,8151,15866,5312,6187,11499,3176,5993,9169,821,2766,3587,99255,115539,214794
2020-11-13,10880,9884,20764,8744,9577,18321,18128,21045,39173,19155,22423,41578,15105,17424,32529,10821,12720,23541,7802,8226,16028,5365,6236,11601,3197,6025,9222,825,2776,3601,100022,116336,216358
2020-11-14,10947,9945,20892,8796,9614,18410,18204,21151,39355,19249,22539,41788,15168,17513,32681,10884,12791,23675,7857,8272,16129,5394,6282,11676,3210,6047,9257,829,2780,3609,100538,116934,217472
2020-11-15,11012,10015,21027,8861,9659,18520,18291,21270,39561,19363,22651,42014,15257,17608,32865,10946,12868,23814,7914,8337,16251,5432,6324,11756,3221,6073,9294,829,2793,3622,101126,117598,218724
2020-11-16,11081,10085,21166,8960,9725,18685,18393,21395,39788,19480,22802,42282,15374,17714,33088,11013,12952,23965,7978,8399,16377,5474,6375,11849,3246,6105,9351,833,2812,3645,101832,118364,220196
2020-11-17,11159,10165,21324,9042,9796,18838,18546,21555,40101,19659,22980,42639,15510,17864,33374,11107,13061,24168,8062,8504,16566,5512,6436,11948,3258,6141,9399,835,2825,3660,102690,119327,222017
2020-11-18,11231,10229,21460,9144,9891,19035,18704,21729,40433,19831,23175,43006,15623,17992,33615,11184,13152,24336,8128,8577,16705,5563,6486,12049,3273,6191,9464,837,2832,3669,103518,120254,223772
2020-11-19,11304,10293,21597,9234,9971,19205,18865,21914,40779,19957,23356,43313,15733,18127,33860,11278,13268,24546,8189,8652,16841,5612,6532,12144,3295,6222,9517,840,2840,3680,104307,121175,225482
2020-11-20,11376,10352,21728,9296,10046,19342,18998,22077,41075,20085,23518,43603,15845,18266,34111,11361,13365,24726,8246,8710,16956,5649,6573,12222,3320,6256,9576,845,2850,3695,105021,122013,227034
2020-11-21,11439,10405,21844,9340,10110,19450,19097,22185,41282,20205,23632,43837,15929,18353,34282,11428,13435,24863,8298,8765,17063,5679,6594,12273,3330,6275,9605,848,2859,3707,105593,122613,228206
2020-11-22,11489,10446,21935,9383,10158,19541,19188,22267,41455,20279,23732,44011,16003,18423,34426,11477,13489,24966,8340,8814,17154,5706,6617,12323,3342,6296,9638,850,2867,3717,106057,123109,229166
2020-11-23,11552,10505,22057,9436,10221,19657,19292,22381,41673,20403,23824,44227,16096,18517,34613,11532,13557,25089,8386,8872,17258,5739,6656,12395,3359,6324,9683,854,2876,3730,106649,123733,230382
2020-11-24,11621,10584,22205,9518,10300,19818,19419,22525,41944,20560,23974,44534,16215,18643,34858,11627,13654,25281,8450,8958,17408,5789,6709,12498,3383,6354,9737,856,2884,3740,107438,124585,232023
2020-11-25,11699,10650,22349,9599,10383,19982,19569,22682,42251,20710,24131,44841,16347,18763,35110,11705,13726,25431,8522,9028,17550,5816,6773,12589,3405,6388,9793,860,2892,3752,108232,125416,233648
2020-11-26,11781,10718,22499,9682,10469,20151,19706,22857,42563,20857,24303,45160,16459,18881,35340,11792,13817,25609,8594,9094,17688,5849,6827,12676,3422,6416,9838,869,2902,3771,109011,126284,235295
2020-11-27,11837,10771,22608,9742,10523,20265,19826,23009,42835,20959,24431,45390,16550,18946,35496,11871,13889,25760,8645,9153,17798,5877,6865,12742,3438,6452,9890,872,2906,3778,109617,126945,236562
2020-11-28,11905,10815,22720,9796,10561,20357,19925,23117,43042,21038,24543,45581,16616,19032,35648,11941,13960,25901,8679,9189,17868,5905,6904,12809,3453,6479,9932,875,2911,3786,110133,127511,237644
2020-11-29,11964,10866,22830,9842,10617,20459,20031,23240,43271,21130,24672,45802,16711,19133,35844,12002,14028,26030,8734,9255,17989,5938,6940,12878,3467,6494,9961,876,2915,3791,110695,128160,238855
2020-11-30,12054,10947,23001,9935,10699,20634,20200,23431,43631,21305,24843,46148,16865,19280,36145,12087,14121,26208,8822,9354,18176,5998,6992,12990,3487,6534,10021,880,2925,3805,111633,129126,240759
2020-12-01,12116,11018,23134,10014,10781,20795,20355,23599,43954,21444,25007,46451,16983,19421,36404,12144,14198,26342,8898,9451,18349,6052,7045,13097,3506,6567,10073,883,2927,3810,112395,130014,242409
2020-12-02,12160,11059,23219,10074,10846,20920,20450,23719,44169,21555,25149,46704,17069,19513,36582,12202,14260,26462,8950,9489,18439,6090,7087,13177,3525,6584,10109,885,2935,3820,112960,130641,243601
2020-12-03,12213,11113,23326,10157,10930,21087,20587,23909,44496,21709,25321,47030,17183,19650,36833,12286,14345,26631,9027,9564,18591,6136,7135,13271,3540,6613,10153,886,2940,3826,113724,131520,245244
2020-12-04,12278,11184,23462,10236,11011,21247,20707,24048,44755,21848,25482,47330,17297,19784,37081,12374,14444,26818,9097,9656,18753,6195,7182,13377,3559,6653,10212,892,2949,3841,114483,132393,246876
2020-12-05,12336,11242,23578,10306,11066,21372,20820,24157,44977,21982,25593,47575,17384,19867,37251,12427,14504,26931,9140,9711,18851,6222,7217,13439,3568,6674,10242,897,2956,3853,115082,132987,248069
2020-12-06,12382,11288,23670,10357,11113,21470,20901,24239,45140,22053,25692,47745,17449,19947,37396,12467,14555,27022,9185,9755,18940,6247,7251,13498,3584,6688,10272,898,2959,3857,115523,133487,249010
2020-12-07,12419,11340,23759,10418,11165,21583,21010,24354,45364,22156,25791,47947,17522,20054,37576,12525,14615,27140,9223,9805,19028,6279,7293,13572,3600,6709,10309,902,2964,3866,116054,134090,250144
2020-12-08,12472,11398,23870,10476,11226,21702,21115,24478,45593,22275,25908,48183,17600,20132,37732,12597,14690,27287,9284,9862,19146,6312,7339,13651,3609,6727,10336,906,2970,3876,116646,134730,251376
2020-12-09,12537,11458,23995,10548,11322,21870,21307,24687,45994,22468,26113,48581,17755,20270,38025,12726,14825,27551,9397,9965,19362,6360,7405,13765,3629,6760,10389,908,2985,3893,117635,135790,253425
2020-12-10,12617,11517,24134,10656,11452,22108,21505,24940,46445,22678,26373,49051,17912,20463,38375,12855,14992,27847,9503,10068,19571,6407,7452,13859,3648,6805,10453,913,2992,3905,118694,137054,255748
2020-12-11,12684,11588,24272,10763,11567,22330,21703,25208,46911,22923,26630,49553,18083,20671,38754,13000,15154,28154,9614,10192,19806,6469,7527,13996,3665,6834,10499,914,3000,3914,119818,138371,258189
2020-12-12,12748,11651,24399,10849,11653,22502,21868,25421,47289,23115,26847,49962,18254,20841,39095,13134,15289,28423,9699,10319,20018,6513,7582,14095,3676,6856,10532,917,3007,3924,120773,139466,260239
2020-12-13,12813,11697,24510,10930,11734,22664,21986,25584,47570,23292,27048,50340,18400,21007,39407,13260,15408,28668,9778,10398,20176,6553,7618,14171,3687,6876,10563,922,3011,3933,121621,140381,262002
2020-12-14,12899,11765,24664,11040,11850,22890,22179,25823,48002,23535,27285,50820,18573,21204,39777,13414,15584,28998,9899,10525,20424,6621,7692,14313,3708,6910,10618,931,3022,3953,122799,141660,264459
2020-12-15,12961,11835,24796,11132,11942,23074,22369,26046,48415,23744,27513,51257,18743,21373,40116,13547,15767,29314,10011,10632,20643,6679,7754,14433,3721,6934,10655,933,3032,3965,123840,142828,266668
2020-12-16,13012,11900,24912,11250,12088,23338,22577,26306,48883,24027,27816,51843,18965,21593,40558,13729,15949,29678,10133,10775,20908,6748,7829,14577,3747,6959,10706,937,3042,3979,125125,144257,269382
2020-12-17,13098,11983,25081,11371,12211,23582,22821,26606,49427,24311,28141,52452,19209,21820,41029,13902,16122,30024,10214,10890,21104,6812,7885,14697,3760,6985,10745,938,3051,3989,126436,145694,272130
2020-12-18,13184,12061,25245,11520,12384,23904,23071,26946,50017,24632,28487,53119,19457,22087,41544,14100,16350,30450,10410,11073,21483,6906,7975,14881,3779,7029,10808,939,3056,3995,127998,147448,275446
2020-12-19,13252,12125,25377,11635,12513,24148,23286,27223,50509,24958,28811,53769,19679,22322,42001,14267,16534,30801,10545,11233,21778,6971,8047,15018,3795,7056,10851,942,3060,4002,129330,148924,278254
2020-12-20,13319,12206,25525,11763,12646,24409,23499,27474,50973,25281,29144,54425,19923,22583,42506,14452,16743,31195,10667,11366,22033,7037,8108,15145,3808,7073,10881,945,3069,4014,130694,150412,281106
2020-12-21,13405,12305,25710,11904,12793,24697,23815,27800,51615,25660,29568,55228,20213,22871,43084,14643,16963,31606,10855,11539,22394,7121,8190,15311,3826,7120,10946,948,3075,4023,132390,152224,284614
2020-12-22,13503,12406,25909,12086,12989,25075,24151,28201,52352,26090,30025,56115,20546,23194,43740,14860,17192,32052,11033,11742,22775,7205,8271,15476,3844,7153,10997,952,3079,4031,134270,154252,288522
2020-12-23,13618,12505,26123,12286,13175,25461,24508,28595,53103,26508,30469,56977,20844,23539,44383,15076,17393,32469,11176,11930,23106,7265,8348,15613,3870,7187,11057,958,3089,4047,136109,156230,292339
2020-12-24,13669,12561,26230,12375,13290,25665,24704,28814,53518,26771,30720,57491,21024,23699,44723,15178,17516,32694,11256,12028,23284,7322,8394,15716,3875,7206,11081,959,3093,4052,137133,157321,294454
2020-12-25,13705,12586,26291,12412,13326,25738,24766,28874,53640,26835,30798,57633,21074,23740,44814,15220,17562,32782,11278,12053,23331,7336,8404,15740,3882,7222,11104,963,3097,4060,137471,157662,295133
2020-12-26,13786,12650,26436,12593,13546,26139,25031,29172,54203,27207,31157,58364,21313,24039,45352,15422,17765,33187,11393,12198,23591,7404,8474,15878,3904,7253,11157,964,3109,4073,139017,159363,298380
2020-12-27,13839,12699,26538,12827,13779,26606,25295,29455,54750,27605,31555,59160,21640,24395,46035,15654,18012,33666,11559,12347,23906,7466,8557,16023,3922,7285,11207,966,3119,4085,140773,161203,301976
2020-12-28,13969,12794,26763,13101,14071,27172,25676,29927,55603,28159,32163,60322,22097,24843,46940,15924,18333,34257,11736,12579,24315,7548,8661,16209,3953,7326,11279,968,3130,4098,143131,163827,306958
2020-12-29,14061,12885,26946,13365,14346,27711,26077,30365,56442,28604,32643,61247,22488,25251,47739,16159,18592,34751,11911,12800,24711,7642,8760,16402,3980,7381,11361,973,3139,4112,145260,166162,311422
2020-12-30,14155,12967,27122,13664,14666,28330,26502,30809,57311,29130,33149,62279,22862,25686,48548,16429,18920,35349,12088,12997,25085,7732,8854,16586,4013,7430,11443,977,3147,4124,147552,168625,316177
2020-12-31,14223,13031,27254,13877,14871,28748,26792,31094,57886,29452,33499,62951,23123,26004,49127,16596,19097,35693,12174,13094,25268,7778,8916,16694,4026,7458,11484,977,3153,4130,149018,170217,319235
2021-01-01,14251,13052,27303,13924,14921,28845,26845,31174,58019,29530,33588,63118,23177,26074,49251,16646,19150,35796,12200,13127,25327,7794,8938,16732,4031,7473,11504,978,3157,4135,149376,170654,320030
2021-01-02,14326,13113,27439,14117,15125,29242,27121,31491,58612,29852,33965,63817,23460,26368,49828,16841,19361,36202,12370,13295,25665,7874,9028,16902,4046,7509,11555,982,3164,4146,150989,172419,323408
2021-01-03,14381,13180,27561,14378,15389,29767,27534,31924,59458,30385,34527,64912,23878,26840,50718,17110,19686,36796,12569,13519,26088,7953,9142,17095,4073,7544,11617,985,3171,4156,153246,174922,328168
2021-01-04,14468,13266,27734,14635,15632,30267,28087,32535,60622,30984,35154,66138,24296,27301,51597,17394,20012,37406,12791,13747,26538,8061,9257,17318,4101,7606,11707,990,3181,4171,155807,177691,333498
2021-01-05,14561,13359,27920,14932,15937,30869,28643,33214,61857,31593,35823,67416,24766,27808,52574,17695,20341,38036,13016,14049,27065,8174,9389,17563,4132,7666,11798,996,3191,4187,158508,180777,339285
2021-01-06,14656,13441,28097,15260,16235,31495,29189,33774,62963,32192,36404,68596,25255,28317,53572,18023,20701,38724,13248,14303,27551,8287,9522,17809,4161,7726,11887,1000,3205,4205,161271,183628,344899
2021-01-07,14744,13520,28264,15501,16483,31984,29613,34275,63888,32690,36887,69577,25603,28693,54296,18260,20989,39249,13428,14529,27957,8370,9645,18015,4188,7776,11964,1002,3216,4218,163399,186013,349412
2021-01-08,14833,13609,28442,15777,16745,32522,30054,34747,64801,33108,37384,70492,25928,29129,55057,18509,21276,39785,13567,14719,28286,8456,9755,18211,4220,7813,12033,1006,3222,4228,165458,188399,353857
2021-01-09,14901,13677,28578,16012,16987,32999,30437,35211,65648,33555,37900,71455,26276,29531,55807,18737,21542,40279,13709,14930,28639,8519,9838,18357,4242,7854,12096,1006,3231,4237,167394,190701,358095
2021-01-10,14971,13748,28719,16291,17250,33541,30810,35632,66442,33973,38384,72357,26634,29929,56563,18951,21816,40767,13842,15082,28924,8565,9920,18485,4254,7887,12141,1008,3241,4249,169299,192889,362188
2021-01-11,15065,13817,28882,16578,17571,34149,31335,36185,67520,34493,38958,73451,27030,30363,57393,19201,22140,41341,14010,15299,29309,8655,10013,18668,4274,7917,12191,1009,3249,4258,171650,195512,367162
2021-01-12,15162,13890,29052,16828,17860,34688,31732,36698,68430,34882,39424,74306,27346,30745,58091,19441,22435,41876,14195,15453,29648,8723,10105,18828,4306,7954,12260,1012,3259,4271,173627,197823,371450
2021-01-13,15289,13994,29283,17119,18186,35305,32221,37244,69465,35343,39937,75280,27733,31154,58887,19702,22781,42483,14388,15675,30063,8808,10207,19015,4326,8002,12328,1016,3263,4279,175945,200443,376388
2021-01-14,15378,14094,29472,17420,18516,35936,32657,37726,70383,35777,40465,76242,28069,31573,59642,19969,23098,43067,14555,15880,30435,8880,10300,19180,4346,8042,12388,1019,3272,4291,178070,202966,381036
2021-01-15,15500,14184,29684,17901,18997,36898,33195,38351,71546,36459,41202,77661,28592,32203,60795,20359,23530,43889,14766,16117,30883,8965,10424,19389,4366,8090,12456,1021,3280,4301,181124,206378,387502
2021-01-16,15569,14236,29805,18465,19536,38001,33650,38914,72564,37082,41893,78975,29182,32871,62053,20746,23928,44674,14980,16380,31360,9070,10539,19609,4393,8134,12527,1022,3289,4311,184159,209720,393879
2021-01-17,15634,14280,29914,18917,20027,38944,34112,39468,73580,37643,42517,80160,29785,33578,63363,21121,24302,45423,15144,16564,31708,9154,10631,19785,4412,8163,12575,1024,3292,4316,186946,212822,399768
2021-01-18,15726,14368,30094,19446,20561,40007,34712,40127,74839,38327,43254,81581,30451,34273,64724,21567,24778,46345,15415,16874,32289,9275,10767,20042,4448,8221,12669,1026,3296,4322,190393,216519,406912
2021-01-19,15830,14453,30283,19949,21102,41051,35262,40740,76002,38999,43986,82985,31100,34966,66066,21999,25258,47257,15682,17191,32873,9385,10921,20306,4471,8271,12742,1031,3310,4341,193708,220198,413906
2021-01-20,15931,14541,30472,20415,21584,41999,35767,41314,77081,39586,44610,84196,31660,35569,67229,22408,25701,48109,15961,17496,33457,9523,11077,20600,4498,8315,12813,1035,3323,4358,196784,223530,420314
2021-01-21,16047,14621,30668,20754,21991,42745,36292,41818,78110,40070,45171,85241,32076,36085,68161,22705,26093,48798,16166,17737,33903,9615,11185,20800,4527,8370,12897,1040,3344,4384,199292,226415,425707
2021-01-22,16128,14703,30831,21147,22362,43509,36677,42297,78974,40459,45676,86135,32466,36554,69020,22991,26400,49391,16345,17952,34297,9715,11298,21013,4549,8415,12964,1043,3347,4390,201520,229004,430524
2021-01-23,16175,14749,30924,21546,22767,44313,37091,42780,79871,40884,46181,87065,32882,36967,69849,23294,26742,50036,16473,18127,34600,9770,11368,21138,4568,8447,13015,1045,3350,4395,203728,231478,435206
2021-01-24,16236,14800,31036,22017,23266,45283,37529,43254,80783,41329,46695,88024,33411,37497,70908,23634,27087,50721,16655,18324,34979,9833,11454,21287,4591,8482,13073,1047,3355,4402,206282,234214,440496
2021-01-25,16324,14898,31222,22585,23822,46407,38139,43898,82037,41938,47346,89284,33960,38135,72095,24022,27515,51537,16886,18566,35452,9949,11585,21534,4629,8544,13173,1055,3373,4428,209487,237682,447169
2021-01-26,16448,14981,31429,23062,24294,47356,38610,44443,83053,42429,47871,90300,34463,38651,73114,24344,27915,52259,17085,18831,35916,10063,11711,21774,4662,8607,13269,1059,3384,4443,212225,240688,452913
2021-01-27,16565,15084,31649,23504,24727,48231,39073,44946,84019,42915,48434,91349,34883,39163,74046,24668,28272,52940,17285,19040,36325,10145,11805,21950,4700,8665,13365,1060,3401,4461,214798,243537,458335
2021-01-28,16654,15172,31826,23871,25099,48970,39429,45372,84801,43314,48884,92198,35262,39586,74848,24944,28590,53534,17478,19267,36745,10248,11915,22163,4730,8713,13443,1065,3415,4480,216995,246013,463008
2021-01-29,16721,15265,31986,24381,25597,49978,39923,45919,85842,43887,49527,93414,35795,40193,75988,25333,29007,54340,17711,19544,37255,10344,12054,22398,4754,8768,13522,1067,3422,4489,219916,249296,469212
2021-01-30,16780,15309,32089,25072,26307,51379,40391,46480,86871,44491,50243,94734,36495,41023,77518,25807,29475,55282,17925,19839,37764,10450,12192,22642,4777,8811,13588,1069,3431,4500,223257,253110,476367
2021-01-31,16840,15366,32206,26048,27366,53414,40974,47147,88121,45233,51184,96417,37533,42161,79694,26411,30135,56546,18207,20137,38344,10560,12332,22892,4802,8859,13661,1071,3441,4512,227679,258128,485807
2021-02-01,16920,15444,32364,26909,28265,55174,41543,47850,89393,46003,52058,98061,38443,43192,81635,27005,30738,57743,18521,20508,39029,10677,12522,23199,4840,8906,13746,1072,3452,4524,231933,262935,494868
2021-02-02,17008,15531,32539,27602,29033,56635,42067,48445,90512,46699,52885,99584,39259,44115,83374,27581,31342,58923,18886,20876,39762,10862,12744,23606,4882,8965,13847,1075,3464,4539,235921,267400,503321
2021-02-03,17067,15612,32679,28183,29568,57751,42516,49022,91538,47294,53564,100858,39877,44826,84703,27992,31832,59824,19187,21208,40395,11001,12920,23921,4916,9031,13947,1079,3475,4554,239112,271058,510170
2021-02-04,17141,15691,32832,28503,29912,58415,42853,49490,92343,47723,54058,101781,40220,45348,85568,28320,32213,60533,19365,21454,40819,11098,13063,24161,4944,9074,14018,1083,3491,4574,241250,273794,515044
2021-02-05,17223,15771,32994,28818,30219,59037,43198,49907,93105,48099,54507,102606,40560,45750,86310,28589,32520,61109,19546,21668,41214,11201,13193,24394,4963,9124,14087,1084,3499,4583,243281,276158,519439
2021-02-06,17275,15816,33091,29166,30601,59767,43520,50307,93827,48491,55023,103514,40926,46228,87154,28910,32855,61765,19707,21851,41558,11276,13288,24564,4985,9161,14146,1084,3507,4591,245340,278637,523977
2021-02-07,17333,15876,33209,29541,30993,60534,43849,50657,94506,48904,55506,104410,41314,46710,88024,29199,33187,62386,19871,22015,41886,11360,13385,24745,5002,9189,14191,1090,3511,4601,247463,281029,528492
2021-02-08,17421,15955,33376,30047,31573,61620,44339,51215,95554,49497,56265,105762,41944,47447,89391,29548,33605,63153,20104,22287,42391,11465,13513,24978,5031,9255,14286,1093,3530,4623,250489,284645,535134
2021-02-09,17511,16023,33534,30469,32023,62492,44779,51720,96499,50068,56904,106972,42461,48075,90536,29928,34035,63963,20355,22564,42919,11584,13659,25243,5065,9307,14372,1098,3544,4642,253318,287854,541172
2021-02-10,17589,16083,33672,30792,32346,63138,45146,52167,97313,50549,57473,108022,42909,48572,91481,30203,34395,64598,20557,22812,43369,11693,13775,25468,5093,9355,14448,1098,3556,4654,255629,290534,546163
2021-02-11,17660,16144,33804,31085,32661,63746,45474,52610,98084,50973,58000,108973,43312,49068,92380,30431,34748,65179,20745,23024,43769,11790,13890,25680,5121,9400,14521,1102,3562,4664,257693,293107,550800
2021-02-12,17732,16211,33943,31404,33014,64418,45812,52978,98790,51438,58522,109960,43726,49611,93337,30717,35095,65812,20925,23257,44182,11891,14009,25900,5152,9449,14601,1103,3572,4675,259900,295718,555618
2021-02-13,17790,16251,34041,31837,33477,65314,46150,53377,99527,51978,59169,111147,44281,50318,94599,31041,35490,66531,21121,23461,44582,11963,14114,26077,5174,9477,14651,1108,3584,4692,262443,298718,561161
2021-02-14,17834,16287,34121,32270,33939,66209,46432,53762,100194,52494,59823,112317,44895,51041,95936,31361,35873,67234,21315,23681,44996,12054,14226,26280,5189,9507,14696,1109,3596,4705,264953,301735,566688
2021-02-15,17872,16347,34219,32830,34521,67351,46852,54271,101123,53160,60671,113831,45646,51886,97532,31786,36342,68128,21517,23928,45445,12153,14345,26498,5211,9560,14771,1111,3608,4719,268138,305479,573617
2021-02-16,17930,16388,34318,33393,35062,68455,47386,54986,102372,53925,61562,115487,46413,52786,99199,32181,36771,68952,21719,24149,45868,12241,14476,26717,5226,9598,14824,1119,3613,4732,271533,309391,580924
2021-02-17,18008,16478,34486,33819,35495,69314,48016,55740,103756,54586,62321,116907,46953,53383,100336,32541,37191,69732,22017,24468,46485,12360,14618,26978,5245,9653,14898,1125,3623,4748,274670,312970,587640
2021-02-18,18086,16547,34633,34161,35895,70056,48566,56373,104939,55179,63009,118188,47434,53986,101420,32886,37578,70464,22257,24749,47006,12481,14774,27255,5280,9709,14989,1129,3630,4759,277459,316250,593709
2021-02-19,18171,16604,34775,34469,36290,70759,49028,56913,105941,55724,63682,119406,47890,54565,102455,33239,38005,71244,22481,25012,47493,12598,14933,27531,5308,9752,15060,1131,3637,4768,280039,319393,599432
2021-02-20,18238,16656,34894,34754,36631,71385,49462,57401,106863,56156,64284,120440,48305,55102,103407,33535,38397,71932,22640,25265,47905,12683,15045,27728,5332,9786,15118,1135,3640,4775,282240,322207,604447
2021-02-21,18315,16705,35020,35022,36968,71990,49839,57920,107759,56679,64922,121601,48734,55633,104367,33814,38757,72571,22832,25502,48334,12759,15150,27909,5354,9817,15171,1137,3650,4787,284485,325024,609509
2021-02-22,18417,16811,35228,35323,37364,72687,50312,58550,108862,57234,65639,122873,49182,56213,105395,34142,39169,73311,23069,25783,48852,12868,15272,28140,5398,9856,15254,1140,3658,4798,287085,328315,615400
2021-02-23,18521,16900,35421,35582,37666,73248,50732,59107,109839,57728,66222,123950,49596,56716,106312,34443,39544,73987,23303,26057,49360,12982,15411,28393,5434,9908,15342,1147,3671,4818,289468,331202,620670
2021-02-24,18608,17009,35617,35837,37972,73809,51083,59546,110629,58144,66717,124861,49936,57130,107066,34717,39870,74587,23511,26287,49798,13084,15537,28621,5465,9960,15425,1151,3682,4833,291536,333710,625246
2021-02-25,18736,17121,35857,36037,38207,74244,51447,59978,111425,58545,67145,125690,50240,57501,107741,34934,40167,75101,23688,26511,50199,13175,15656,28831,5490,10000,15490,1156,3696,4852,293448,335982,629430
2021-02-26,18842,17214,36056,36224,38459,74683,51827,60475,112302,58981,67637,126618,50569,57948,108517,35189,40499,75688,23875,26791,50666,13269,15780,29049,5513,10043,15556,1158,3712,4870,295447,338558,634005
2021-02-27,18914,17281,36195,36449,38766,75215,52203,60950,113153,59502,68159,127661,50897,58370,109267,35507,40883,76390,24104,27062,51166,13366,15895,29261,5543,10096,15639,1159,3722,4881,297644,341184,638828
2021-02-28,18995,17353,36348,36757,39122,75879,52625,61503,114128,60115,68874,128989,51390,58946,110336,35913,41399,77312,24393,27413,51806,13519,16054,29573,5570,10146,15716,1161,3729,4890,300438,344539,644977
2021-03-01,19141,17487,36628,36991,39382,76373,52997,61971,114968,60550,69354,129904,51731,59354,111085,36151,41699,77850,24594,27654,52248,13605,16197,29802,5594,10199,15793,1165,3743,4908,302519,347040,649559
2021-03-02,19294,17626,36920,37235,39682,76917,53373,62406,115779,60951,69863,130814,52088,59719,111807,36388,42048,78436,24767,27875,52642,13701,16283,29984,5629,10251,15880,1169,3751,4920,304595,349504,654099
2021-03-03,19445,17749,37194,37427,39920,77347,53650,62805,116455,61304,70302,131606,52373,60081,112454,36638,42358,78996,24983,28125,53108,13801,16417,30218,5651,10291,15942,1170,3763,4933,306442,351811,658253
2021-03-04,19586,17882,37468,37615,40148,77763,53944,63180,117124,61631,70693,132324,52645,60423,113068,36827,42651,79478,25177,28400,53577,13896,16568,30464,5684,10346,16030,1176,3783,4959,308181,354074,662255
2021-03-05,19722,18018,37740,37823,40383,78206,54257,63644,117901,62025,71163,133188,52923,60776,113699,37073,42989,80062,25367,28612,53979,13992,16695,30687,5712,10391,16103,1176,3793,4969,310070,356464,666534
2021-03-06,19822,18110,37932,37959,40556,78515,54536,64010,118546,62365,71556,133921,53169,61093,114262,37258,43232,80490,25503,28774,54277,14062,16793,30855,5735,10422,16157,1179,3802,4981,311588,358348,669936
2021-03-07,19929,18206,38135,38134,40779,78913,54879,64465,119344,62780,72054,134834,53448,61458,114906,37503,43585,81088,25732,29034,54766,14152,16903,31055,5761,10463,16224,1183,3806,4989,313501,360753,674254
2021-03-08,20118,18371,38489,38405,41175,79580,55367,65132,120499,63395,72755,136150,53919,62012,115931,37911,44116,82027,26065,29384,55449,14302,17069,31371,5789,10520,16309,1188,3821,5009,316459,364355,680814
2021-03-09,20350,18577,38927,38691,41519,80210,55893,65772,121665,64064,73519,137583,54387,62602,116989,38315,44646,82961,26425,29852,56277,14484,17253,31737,5827,10583,16410,1195,3836,5031,319631,368159,687790
2021-03-10,20594,18791,39385,39016,41895,80911,56407,66408,122815,64748,74323,139071,54827,63230,118057,38738,45208,83946,26771,30223,56994,14620,17424,32044,5867,10644,16511,1199,3848,5047,322787,371994,694781
2021-03-11,20790,19001,39791,39257,42207,81464,56836,67052,123888,65242,75011,140253,55214,63788,119002,39050,45618,84668,27003,30542,57545,14756,17555,32311,5900,10693,16593,1204,3864,5068,325252,375331,700583
2021-03-12,21042,19240,40282,39560,42638,82198,57341,67824,125165,65902,75887,141789,55700,64435,120135,39393,46166,85559,27319,30923,58242,14916,17717,32633,5942,10762,16704,1207,3880,5087,328322,379472,707794
2021-03-13,21203,19380,40583,39786,42934,82720,57839,68493,126332,66503,76576,143079,56085,64958,121043,39750,46651,86401,27627,31258,58885,15036,17850,32886,5967,10810,16777,1212,3884,5096,331008,382794,713802
2021-03-14,21354,19569,40923,40028,43210,83238,58290,69211,127501,67138,77332,144470,56485,65559,122044,40174,47198,87372,27913,31622,59535,15154,18004,33158,5990,10865,16855,1217,3895,5112,333743,386465,720208
2021-03-15,21668,19838,41506,40377,43610,83987,58906,70083,128989,67872,78216,146088,57018,66339,123357,40625,47833,88458,28295,32064,60359,15300,18214,33514,6028,10931,16959,1223,3908,5131,337312,391036,728348
2021-03-16,21940,20105,42045,40719,44024,84743,59418,70776,130194,68606,79036,147642,57525,66933,124458,41049,48373,89422,28628,32468,61096,15455,18385,33840,6063,11000,17063,1231,3928,5159,340634,395028,735662
2021-03-17,22178,20308,42486,41036,44429,85465,59959,71508,131467,69207,79775,148982,57958,67516,125474,41419,48883,90302,28950,32849,61799,15584,18553,34137,6099,11051,17150,1234,3942,5176,343624,398814,742438
2021-03-18,22372,20494,42866,41284,44759,86043,60427,72131,132558,69758,80416,150174,58345,68016,126361,41695,49278,90973,29207,33138,62345,15703,18707,34410,6118,11101,17219,1240,3954,5194,346149,401994,748143
2021-03-19,22582,20711,43293,41619,45140,86759,60915,72855,133770,70347,81196,151543,58778,68610,127388,42030,49769,91799,29456,33438,62894,15815,18842,34657,6147,11144,17291,1247,3964,5211,348936,405669,754605
2021-03-20,22691,20812,43503,41850,45421,87271,61321,73411,134732,70865,81821,152686,59148,69060,128208,42334,50180,92514,29714,33696,63410,15920,18954,34874,6169,11177,17346,1257,3972,5229,351269,408504,759773
2021-03-21,22835,20945,43780,42047,45682,87729,61764,74001,135765,71456,82477,153933,59515,69551,129066,42671,50624,93295,29953,33990,63943,15996,19066,35062,6197,11211,17408,1259,3982,5241,353693,411529,765222
2021-03-22,23074,21194,44268,42392,46044,88436,62329,74793,137122,72181,83328,155509,60015,70203,130218,43086,51196,94282,30242,34355,64597,16138,19230,35368,6234,11296,17530,1264,4019,5283,356955,415658,772613
2021-03-23,23301,21405,44706,42728,46436,89164,62844,75496,138340,72788,84122,156910,60481,70757,131238,43485,51679,95164,30559,34768,65327,16297,19400,35697,6267,11347,17614,1267,4040,5307,360017,419450,779467
2021-03-24,23457,21554,45011,43044,46750,89794,63281,76052,139333,73300,84750,158050,60853,71236,132089,43762,52066,95828,30758,34981,65739,16390,19523,35913,6288,11414,17702,1269,4064,5333,362402,422390,784792
2021-03-25,23634,21719,45353,43381,47178,90559,63745,76753,140498,73902,85526,159428,61342,71869,133211,44125,52535,96660,30991,35283,66274,16503,19650,36153,6329,11476,17805,1275,4080,5355,365227,426069,791296
2021-03-26,23858,21933,45791,43738,47646,91384,64284,77568,141852,74552,86332,160884,61820,72560,134380,44471,53054,97525,31249,35608,66857,16643,19803,36446,6363,11533,17896,1278,4097,5375,368256,430134,798390
2021-03-27,24016,22085,46101,43973,47970,91943,64748,78170,142918,75134,87055,162189,62226,73134,135360,44800,53533,98333,31518,35897,67415,16754,19935,36689,6391,11583,17974,1284,4104,5388,370844,433466,804310
2021-03-28,24141,22207,46348,44202,48270,92472,65153,78785,143938,75713,87808,163521,62661,73672,136333,45137,54033,99170,31755,36159,67914,16835,20013,36848,6415,11621,18036,1288,4115,5403,373300,436683,809983
2021-03-29,24363,22423,46786,44588,48671,93259,65688,79565,145253,76384,88626,165010,63144,74355,137499,45534,54538,100072,32012,36498,68510,16934,20114,37048,6435,11664,18099,1291,4126,5417,376373,440580,816953
2021-03-30,24573,22616,47189,44928,49053,93981,66176,80280,146456,76985,89444,166429,63580,74969,138549,45878,55000,100878,32249,36773,69022,17020,20215,37235,6467,11709,18176,1296,4139,5435,379152,444198,823350
2021-03-31,24749,22767,47516,45249,49389,94638,66727,81051,147778,77604,90294,167898,64024,75627,139651,46175,55453,101628,32405,36952,69357,17074,20285,37359,6493,11744,18237,1297,4149,5446,381797,447711,829508
2021-04-01,24888,22929,47817,45605,49791,95396,67289,81750,149039,78250,91063,169313,64438,76243,140681,46509,55890,102399,32613,37199,69812,17147,20393,37540,6513,11771,18284,1301,4160,5461,384553,451189,835742
2021-04-02,25051,23049,48100,45898,50168,96066,67792,82406,150198,78818,91752,170570,64865,76821,141686,46824,56330,103154,32814,37404,70218,17220,20472,37692,6533,11804,18337,1304,4174,5478,387119,454380,841499
2021-04-03,25179,23172,48351,46218,50586,96804,68333,83051,151384,79433,92478,171911,65329,77491,142820,47180,56757,103937,33029,37659,70688,17305,20569,37874,6559,11853,18412,1309,4183,5492,389874,457799,847673
2021-04-04,25346,23306,48652,46884,51345,98229,69176,84234,153410,80521,93883,174404,66218,78611,144829,47736,57439,105175,33297,37944,71241,17382,20657,38039,6585,11892,18477,1311,4193,5504,394456,463504,857960
2021-04-05,25551,23525,49076,47657,52260,99917,70235,85699,155934,81743,95402,177145,67299,79991,147290,48368,58214,106582,33631,38331,71962,17504,20788,38292,6614,11950,18564,1315,4205,5520,399917,470365,870282
2021-04-06,25792,23766,49558,48306,52971,101277,71302,86967,158269,82921,96851,179772,68247,81115,149362,49030,59028,108058,34064,38847,72911,17670,20964,38634,6651,12019,18670,1318,4221,5539,405301,476749,882050
2021-04-07,26039,24009,50048,48971,53680,102651,72330,88215,160545,83998,98162,182160,69176,82284,151460,49639,59871,109510,34409,39281,73690,17802,21125,38927,6680,12078,18758,1318,4236,5554,410362,482941,893303
2021-04-08,26268,24193,50461,49480,54272,103752,73191,89427,162618,85007,99412,184419,69948,83251,153199,50168,60649,110817,34737,39631,74368,17910,21266,39176,6711,12133,18844,1320,4248,5568,414740,488482,903222
2021-04-09,26434,24359,50793,49817,54658,104475,73727,90184,163911,85539,100126,185665,70403,83847,154250,50453,61093,111546,34921,39850,74771,17982,21364,39346,6724,12174,18898,1321,4256,5577,417321,491911,909232
2021-04-10,26568,24483,51051,50148,55102,105250,74279,90932,165211,86219,100915,187134,70898,84520,155418,50794,61568,112362,35126,40072,75198,18027,21436,39463,6738,12202,18940,1324,4260,5584,420121,495490,915611
2021-04-11,26691,24615,51306,50436,55476,105912,74759,91555,166314,86845,101698,188543,71425,85194,156619,51135,62059,113194,35321,40266,75587,18079,21487,39566,6758,12231,18989,1326,4266,5592,422775,498847,921622
2021-04-12,26912,24827,51739,50800,55864,106664,75336,92306,167642,87478,102546,190024,71964,85960,157924,51546,62621,114167,35526,40535,76061,18154,21597,39751,6783,12283,19066,1331,4278,5609,425830,502817,928647
2021-04-13,27106,24975,52081,51124,56209,107333,75921,93072,168993,88160,103431,191591,72520,86702,159222,51963,63155,115118,35692,40730,76422,18226,21672,39898,6805,12313,19118,1336,4289,5625,428853,506548,935401
2021-04-14,27285,25124,52409,51352,56436,107788,76225,93467,169692,88513,103875,192388,72782,87085,159867,52178,63468,115646,35907,40947,76854,18300,21799,40099,6832,12374,19206,1343,4312,5655,430717,508887,939604
2021-04-15,27477,25313,52790,51690,56883,108573,76831,94303,171134,89205,104778,193983,73366,87983,161349,52608,64080,116688,36131,41210,77341,18361,21902,40263,6857,12423,19280,1344,4327,5671,433870,513202,947072
2021-04-16,27670,25508,53178,52044,57269,109313,77463,95147,172610,89950,105692,195642,73969,88737,162706,53021,64642,117663,36415,41522,77937,18437,22013,40450,6874,12453,19327,1350,4340,5690,437193,517323,954516
2021-04-17,27838,25645,53483,52348,57589,109937,77942,95753,173695,90592,106414,197006,74463,89364,163827,53369,65045,118414,36587,41746,78333,18502,22114,40616,6896,12506,19402,1353,4346,5699,439890,520522,960412
2021-04-18,27951,25791,53742,52577,57866,110443,78393,96326,174719,91161,107111,198272,74966,89936,164902,53725,65478,119203,36792,41973,78765,18569,22197,40766,6928,12542,19470,1356,4358,5714,442418,523578,965996
2021-04-19,28184,25963,54147,52924,58238,111162,78986,97031,176017,91859,107968,199827,75541,90670,166211,54125,66014,120139,37033,42277,79310,18651,22302,40953,6955,12611,19566,1358,4397,5755,445616,527471,973087
2021-04-20,28380,26189,54569,53206,58552,111758,79473,97679,177152,92429,108677,201106,76034,91346,167380,54481,66481,120962,37263,42586,79849,18742,22388,41130,6986,12650,19636,1362,4405,5767,448356,530953,979309
2021-04-21,28516,26318,54834,53393,58762,112155,79842,98149,177991,92849,109251,202100,76414,91834,168248,54732,66862,121594,37443,42802,80245,18815,22462,41277,7005,12690,19695,1364,4413,5777,450373,533543,983916
2021-04-22,28574,26367,54941,53524,58946,112470,80109,98472,178581,93148,109667,202815,76718,92211,168929,54882,67118,122000,37548,42929,80477,18850,22511,41361,7018,12717,19735,1365,4420,5785,451736,535358,987094
2021-04-23,28575,26369,54944,53528,58949,112477,80112,98474,178586,93150,109673,202823,76722,92219,168941,54885,67121,122006,37549,42929,80478,18851,22511,41362,7018,12717,19735,1365,4420,5785,451755,535382,987137
