FECHA,<=10M,<=10F,<=10,11-20M,11-20F,11-20,21-30M,21-30F,21-30,31-40M,31-40F,31-40,41-50M,41-50F,41-50,51-60M,51-60F,51-60,61-70M,61-70F,61-70,71-80M,71-80F,71-80,81-90M,81-90F,81-90,>=91M,>=91F,>=91,TotalM,TotalF,Total
2020-03-15,1,0,1,0,0,0,0,2,2,2,1,3,1,1,2,1,0,1,1,0,1,1,1,2,0,0,0,0,0,0,7,5,12
2020-03-16,2,3,5,1,0,1,1,3,4,3,2,5,1,1,2,3,0,3,3,1,4,1,1,2,0,0,0,0,0,0,15,11,26
2020-03-17,3,7,10,1,1,2,2,4,6,4,2,6,2,3,5,3,1,4,4,2,6,3,3,6,1,0,1,0,0,0,23,23,46
2020-03-18,5,8,13,1,1,2,2,4,6,7,3,10,2,5,7,4,2,6,5,4,9,4,3,7,2,0,2,0,0,0,32,30,62
2020-03-19,6,8,14,1,1,2,5,6,11,9,5,14,4,6,10,4,2,6,6,5,11,5,4,9,2,0,2,1,0,1,43,37,80
2020-03-20,7,9,16,2,1,3,5,6,11,10,7,17,4,7,11,4,3,7,6,6,12,7,6,13,3,0,3,1,0,1,49,45,94
2020-03-21,7,9,16,4,1,5,6,8,14,13,8,21,5,8,13,4,3,7,8,8,16,8,7,15,3,0,3,2,0,2,60,52,112
2020-03-22,9,9,18,4,1,5,9,9,18,13,8,21,5,8,13,6,4,10,8,9,17,10,7,17,6,2,8,2,0,2,72,57,129
2020-03-23,12,9,21,4,3,7,10,11,21,15,9,24,5,9,14,8,4,12,10,9,19,14,10,24,9,5,14,2,2,4,89,71,160
2020-03-24,13,9,22,4,3,7,11,12,23,16,10,26,5,11,16,10,6,16,10,10,20,16,10,26,11,6,17,3,2,5,99,79,178
2020-03-25,14,12,26,4,3,7,13,15,28,17,14,31,6,11,17,11,8,19,13,11,24,18,12,30,13,10,23,5,3,8,114,99,213
2020-03-26,18,15,33,6,4,10,15,17,32,21,16,37,7,15,22,14,10,24,14,14,28,21,14,35,18,10,28,7,4,11,141,119,260
2020-03-27,20,18,38,6,5,11,16,19,35,24,16,40,8,19,27,15,13,28,16,19,35,25,20,45,21,12,33,9,10,19,160,151,311
2020-03-28,22,18,40,6,5,11,17,21,38,26,17,43,9,20,29,18,14,32,19,19,38,29,26,55,23,13,36,10,10,20,179,163,342
2020-03-29,23,18,41,7,6,13,18,23,41,28,18,46,11,23,34,18,14,32,25,22,47,33,27,60,27,15,42,12,11,23,202,177,379
2020-03-30,26,19,45,7,6,13,19,29,48,31,20,51,17,25,42,19,15,34,30,23,53,36,32,68,32,16,48,15,13,28,232,198,430
2020-03-31,33,21,54,8,6,14,23,30,53,36,22,58,22,27,49,21,16,37,35,25,60,41,35,76,34,19,53,19,13,32,272,214,486
2020-04-01,42,30,72,8,8,16,28,33,61,42,24,66,32,31,63,24,19,43,39,28,67,47,38,85,39,24,63,19,14,33,320,249,569
2020-04-02,48,38,86,12,12,24,30,38,68,45,28,73,35,34,69,25,27,52,47,31,78,55,45,100,44,30,74,22,18,40,363,301,664
2020-04-03,62,46,108,15,15,30,34,44,78,51,35,86,39,43,82,27,31,58,55,35,90,61,48,109,50,37,87,23,23,46,417,357,774
2020-04-04,69,57,126,17,17,34,36,51,87,53,45,98,44,45,89,33,31,64,61,37,98,63,53,116,54,39,93,24,26,50,454,401,855
2020-04-05,74,64,138,21,19,40,41,52,93,59,47,106,52,47,99,37,33,70,62,47,109,69,61,130,57,43,100,26,29,55,498,442,940
2020-04-06,84,71,155,24,21,45,47,55,102,69,49,118,61,51,112,46,35,81,68,54,122,79,65,144,64,48,112,27,31,58,569,480,1049
2020-04-07,93,81,174,26,24,50,52,58,110,74,56,130,65,55,120,53,37,90,72,58,130,85,73,158,70,59,129,29,32,61,619,533,1152
2020-04-08,100,87,187,30,26,56,54,63,117,79,59,138,72,58,130,58,40,98,78,63,141,95,77,172,72,62,134,32,38,70,670,573,1243
2020-04-09,102,89,191,33,28,61,57,70,127,91,68,159,74,63,137,66,47,113,82,65,147,102,87,189,77,70,147,36,43,79,720,630,1350
2020-04-10,116,91,207,37,31,68,59,76,135,95,70,165,83,64,147,69,52,121,88,67,155,103,96,199,82,78,160,37,47,84,769,672,1441
2020-04-11,122,95,217,40,33,73,66,80,146,101,74,175,89,66,155,71,56,127,92,73,165,109,98,207,86,86,172,38,51,89,814,712,1526
2020-04-12,131,100,231,42,33,75,67,83,150,108,76,184,92,71,163,80,57,137,95,78,173,112,106,218,89,90,179,39,53,92,855,747,1602
2020-04-13,137,109,246,46,36,82,78,89,167,112,84,196,98,76,174,84,62,146,102,83,185,117,114,231,97,98,195,43,59,102,914,810,1724
2020-04-14,150,115,265,49,37,86,84,95,179,120,87,207,102,80,182,93,68,161,106,90,196,126,119,245,103,102,205,47,63,110,980,856,1836
2020-04-15,159,118,277,53,42,95,86,102,188,126,93,219,109,93,202,97,75,172,115,92,207,135,122,257,110,109,219,52,66,118,1042,912,1954
2020-04-16,167,120,287,57,47,104,93,106,199,136,106,242,119,101,220,104,83,187,119,102,221,141,126,267,115,114,229,52,70,122,1103,975,2078
2020-04-17,177,128,305,59,50,109,94,113,207,142,119,261,131,109,240,111,90,201,126,107,233,154,134,288,121,122,243,53,73,126,1168,1045,2213
2020-04-18,185,135,320,62,51,113,104,115,219,156,125,281,138,114,252,117,93,210,128,109,237,158,144,302,127,130,257,56,77,133,1231,1093,2324
2020-04-19,192,142,334,66,52,118,108,117,225,160,129,289,142,119,261,122,101,223,134,115,249,163,152,315,130,137,267,58,78,136,1275,1142,2417
2020-04-20,203,149,352,74,60,134,120,122,242,172,138,310,151,126,277,131,104,235,145,123,268,178,163,341,140,145,285,62,93,155,1376,1223,2599
2020-04-21,214,157,371,79,64,143,132,125,257,180,148,328,153,130,283,136,111,247,151,129,280,189,175,364,148,155,303,64,103,167,1446,1297,2743
2020-04-22,224,163,387,84,70,154,138,132,270,191,151,342,164,136,300,140,118,258,160,132,292,196,189,385,156,167,323,71,109,180,1524,1367,2891
2020-04-23,238,173,411,89,74,163,144,142,286,200,159,359,172,144,316,143,129,272,167,136,303,205,197,402,167,177,344,78,118,196,1603,1449,3052
2020-04-24,252,182,434,94,78,172,152,149,301,212,171,383,177,150,327,150,137,287,175,147,322,215,208,423,177,192,369,81,121,202,1685,1535,3220
2020-04-25,260,186,446,98,79,177,155,154,309,220,180,400,181,154,335,155,142,297,181,152,333,222,211,433,186,208,394,86,126,212,1744,1592,3336
2020-04-26,266,201,467,104,85,189,158,158,316,224,182,406,189,159,348,157,145,302,187,159,346,227,218,445,193,215,408,87,129,216,1792,1651,3443
2020-04-27,277,211,488,110,88,198,163,165,328,228,191,419,192,169,361,167,152,319,194,167,361,247,224,471,204,229,433,90,134,224,1872,1730,3602
2020-04-28,290,218,508,114,93,207,174,174,348,238,200,438,199,178,377,173,160,333,200,175,375,250,236,486,210,243,453,92,138,230,1940,1815,3755
2020-04-29,306,226,532,119,96,215,185,180,365,256,212,468,210,185,395,181,166,347,204,183,387,259,242,501,213,257,470,97,148,245,2030,1895,3925
2020-04-30,323,235,558,127,98,225,195,184,379,261,218,479,221,193,414,188,178,366,214,191,405,266,251,517,221,274,495,105,155,260,2121,1977,4098
2020-05-01,324,247,571,133,103,236,196,190,386,270,228,498,231,199,430,194,181,375,225,196,421,273,259,532,229,285,514,105,158,263,2180,2046,4226
2020-05-02,329,261,590,138,110,248,202,192,394,280,233,513,238,204,442,201,183,384,228,200,428,281,260,541,235,297,532,106,161,267,2238,2101,4339
2020-05-03,336,266,602,141,112,253,207,197,404,288,239,527,242,209,451,209,185,394,236,207,443,285,269,554,242,305,547,109,166,275,2295,2155,4450
2020-05-04,352,283,635,146,114,260,215,207,422,297,245,542,247,215,462,218,188,406,243,219,462,300,282,582,250,323,573,111,170,281,2379,2246,4625
2020-05-05,359,290,649,153,115,268,225,215,440,307,257,564,253,225,478,227,193,420,253,225,478,315,289,604,256,335,591,112,180,292,2460,2324,4784
2020-05-06,371,300,671,156,115,271,236,221,457,323,269,592,267,232,499,231,199,430,262,231,493,334,302,636,262,347,609,116,186,302,2558,2402,4960
2020-05-07,386,308,694,163,121,284,249,226,475,334,278,612,281,241,522,236,205,441,269,237,506,350,308,658,268,359,627,117,194,311,2653,2477,5130
2020-05-08,401,319,720,169,125,294,261,234,495,343,292,635,297,250,547,249,210,459,275,248,523,363,317,680,279,371,650,119,206,325,2756,2572,5328
2020-05-09,417,330,747,173,125,298,265,246,511,348,300,648,304,256,560,253,215,468,282,255,537,374,319,693,284,381,665,124,214,338,2824,2641,5465
2020-05-10,424,338,762,174,126,300,272,256,528,353,306,659,308,261,569,256,220,476,290,260,550,382,330,712,289,393,682,125,220,345,2873,2710,5583
2020-05-11,437,353,790,180,130,310,278,262,540,365,318,683,317,273,590,264,225,489,301,266,567,394,339,733,301,409,710,129,233,362,2966,2808,5774
2020-05-12,452,361,813,186,139,325,301,280,581,385,324,709,325,284,609,270,230,500,310,273,583,400,350,750,311,423,734,134,244,378,3074,2908,5982
2020-05-13,473,373,846,195,146,341,318,289,607,398,344,742,339,291,630,278,238,516,316,281,597,409,357,766,319,437,756,135,253,388,3180,3009,6189
2020-05-14,491,394,885,204,154,358,330,306,636,417,359,776,350,298,648,283,248,531,326,292,618,418,366,784,328,450,778,137,268,405,3284,3135,6419
2020-05-15,508,411,919,212,159,371,336,315,651,428,371,799,360,312,672,294,255,549,335,301,636,425,372,797,338,470,808,142,278,420,3378,3244,6622
2020-05-16,515,425,940,220,164,384,340,324,664,437,384,821,366,319,685,300,262,562,341,306,647,435,377,812,344,474,818,147,292,439,3445,3327,6772
2020-05-17,528,438,966,223,169,392,349,331,680,444,391,835,374,330,704,303,264,567,347,313,660,441,381,822,354,485,839,151,297,448,3514,3399,6913
2020-05-18,545,457,1002,231,178,409,369,350,719,465,406,871,384,344,728,316,273,589,358,326,684,458,395,853,370,498,868,153,308,461,3649,3535,7184
2020-05-19,561,472,1033,244,190,434,394,369,763,495,426,921,408,355,763,331,287,618,371,339,710,468,413,881,381,518,899,156,317,473,3809,3686,7495
2020-05-20,585,505,1090,253,204,457,419,387,806,529,443,972,424,369,793,340,298,638,390,353,743,478,424,902,393,533,926,162,323,485,3973,3839,7812
2020-05-21,611,533,1144,269,210,479,449,407,856,556,463,1019,436,386,822,357,309,666,400,359,759,494,433,927,401,549,950,163,327,490,4136,3976,8112
2020-05-22,636,548,1184,281,222,503,474,433,907,574,486,1060,452,399,851,369,316,685,405,368,773,505,441,946,407,562,969,169,340,509,4272,4115,8387
2020-05-23,651,561,1212,291,235,526,497,448,945,598,502,1100,462,409,871,376,324,700,417,378,795,514,453,967,416,567,983,171,342,513,4393,4219,8612
2020-05-24,666,579,1245,298,242,540,507,456,963,611,512,1123,472,413,885,381,328,709,427,383,810,524,460,984,421,577,998,173,348,521,4480,4298,8778
2020-05-25,690,598,1288,314,256,570,527,479,1006,622,524,1146,487,423,910,387,335,722,432,388,820,536,463,999,430,592,1022,175,356,531,4600,4414,9014
2020-05-26,715,622,1337,333,272,605,559,511,1070,665,548,1213,503,445,948,395,348,743,440,393,833,550,468,1018,440,607,1047,178,366,544,4778,4580,9358
2020-05-27,748,649,1397,347,286,633,578,534,1112,687,563,1250,520,455,975,412,360,772,448,400,848,555,480,1035,444,623,1067,182,368,550,4921,4718,9639
2020-05-28,773,683,1456,363,295,658,601,560,1161,706,583,1289,541,473,1014,424,375,799,458,412,870,565,486,1051,458,640,1098,186,382,568,5075,4889,9964
2020-05-29,806,708,1514,385,311,696,636,588,1224,733,618,1351,567,493,1060,438,389,827,470,423,893,581,497,1078,472,656,1128,188,386,574,5276,5069,10345
2020-05-30,831,728,1559,398,320,718,669,611,1280,765,631,1396,579,507,1086,448,400,848,476,428,904,591,507,1098,480,667,1147,189,393,582,5426,5192,10618
2020-05-31,850,741,1591,408,329,737,684,621,1305,776,640,1416,591,511,1102,453,407,860,483,432,915,602,512,1114,485,676,1161,190,401,591,5522,5270,10792
2020-06-01,878,764,1642,423,343,766,709,654,1363,801,670,1471,606,528,1134,468,419,887,502,444,946,615,520,1135,490,686,1176,195,405,600,5687,5433,11120
2020-06-02,914,787,1701,442,362,804,739,677,1416,821,695,1516,623,545,1168,477,431,908,518,452,970,636,531,1167,496,700,1196,199,416,615,5865,5596,11461
2020-06-03,944,804,1748,456,386,842,763,703,1466,844,729,1573,636,566,1202,485,441,926,532,465,997,652,542,1194,507,716,1223,201,425,626,6020,5777,11797
2020-06-04,968,826,1794,473,404,877,792,728,1520,861,751,1612,652,579,1231,506,454,960,542,471,1013,671,554,1225,517,732,1249,204,434,638,6186,5933,12119
2020-06-05,1002,858,1860,484,420,904,825,749,1574,887,785,1672,678,599,1277,525,475,1000,554,485,1039,686,565,1251,529,752,1281,207,443,650,6377,6131,12508
2020-06-06,1021,878,1899,495,431,926,845,764,1609,914,809,1723,690,611,1301,538,482,1020,564,494,1058,696,575,1271,539,768,1307,209,452,661,6511,6264,12775
2020-06-07,1034,898,1932,507,442,949,862,774,1636,930,822,1752,704,620,1324,548,489,1037,571,497,1068,704,581,1285,550,780,1330,211,460,671,6621,6363,12984
2020-06-08,1058,925,1983,525,463,988,894,799,1693,964,850,1814,738,638,1376,567,506,1073,583,508,1091,720,597,1317,560,796,1356,215,467,682,6824,6549,13373
2020-06-09,1103,951,2054,546,483,1029,911,833,1744,989,878,1867,766,657,1423,583,513,1096,595,514,1109,728,611,1339,572,822,1394,218,478,696,7011,6740,13751
2020-06-10,1123,974,2097,557,498,1055,947,852,1799,1015,911,1926,792,676,1468,603,531,1134,612,526,1138,748,634,1382,578,842,1420,224,492,716,7199,6936,14135
2020-06-11,1151,1005,2156,570,515,1085,973,878,1851,1044,937,1981,806,697,1503,618,553,1171,623,545,1168,764,648,1412,585,866,1451,227,506,733,7361,7150,14511
2020-06-12,1182,1044,2226,579,537,1116,1019,907,1926,1084,981,2065,835,727,1562,634,568,1202,644,561,1205,780,662,1442,591,886,1477,231,515,746,7579,7388,14967
2020-06-13,1210,1069,2279,599,557,1156,1051,937,1988,1115,1002,2117,842,745,1587,649,580,1229,654,566,1220,793,670,1463,597,901,1498,233,522,755,7743,7549,15292
2020-06-14,1227,1092,2319,617,571,1188,1072,956,2028,1134,1016,2150,858,756,1614,659,595,1254,664,570,1234,796,682,1478,610,922,1532,234,530,764,7871,7690,15561
2020-06-15,1250,1121,2371,639,587,1226,1097,984,2081,1153,1035,2188,877,768,1645,671,605,1276,676,573,1249,808,690,1498,617,937,1554,236,540,776,8024,7840,15864
2020-06-16,1297,1168,2465,655,606,1261,1152,1024,2176,1201,1062,2263,909,791,1700,691,619,1310,691,586,1277,822,696,1518,629,959,1588,239,554,793,8286,8065,16351
2020-06-17,1330,1200,2530,671,630,1301,1198,1056,2254,1237,1104,2341,942,810,1752,715,634,1349,707,598,1305,831,715,1546,645,974,1619,241,563,804,8517,8284,16801
2020-06-18,1371,1238,2609,684,643,1327,1248,1088,2336,1286,1153,2439,977,829,1806,745,655,1400,727,615,1342,842,732,1574,661,995,1656,243,575,818,8784,8523,17307
2020-06-19,1418,1263,2681,697,665,1362,1278,1121,2399,1343,1185,2528,1012,862,1874,780,673,1453,753,631,1384,862,748,1610,677,1012,1689,250,588,838,9070,8748,17818
2020-06-20,1446,1290,2736,711,684,1395,1311,1143,2454,1378,1210,2588,1034,888,1922,796,691,1487,769,645,1414,872,757,1629,684,1027,1711,254,593,847,9255,8928,18183
2020-06-21,1474,1307,2781,727,700,1427,1336,1167,2503,1398,1236,2634,1050,895,1945,809,700,1509,777,655,1432,881,762,1643,690,1037,1727,255,600,855,9397,9059,18456
2020-06-22,1514,1342,2856,752,723,1475,1368,1205,2573,1441,1260,2701,1078,922,2000,830,726,1556,795,672,1467,899,777,1676,696,1059,1755,257,612,869,9630,9298,18928
2020-06-23,1556,1379,2935,776,751,1527,1416,1240,2656,1496,1300,2796,1108,954,2062,846,758,1604,811,691,1502,910,788,1698,708,1074,1782,259,618,877,9886,9553,19439
2020-06-24,1588,1412,3000,803,770,1573,1458,1281,2739,1532,1343,2875,1139,980,2119,867,782,1649,822,708,1530,920,801,1721,722,1088,1810,261,623,884,10112,9788,19900
2020-06-25,1628,1460,3088,833,806,1639,1497,1315,2812,1570,1372,2942,1177,1013,2190,902,812,1714,832,719,1551,929,815,1744,731,1099,1830,266,629,895,10365,10040,20405
2020-06-26,1666,1487,3153,863,828,1691,1548,1350,2898,1609,1412,3021,1208,1043,2251,918,834,1752,851,735,1586,940,830,1770,742,1118,1860,267,638,905,10612,10275,20887
2020-06-27,1712,1536,3248,890,861,1751,1583,1389,2972,1640,1444,3084,1235,1063,2298,937,843,1780,866,741,1607,943,843,1786,749,1125,1874,271,644,915,10826,10489,21315
2020-06-28,1749,1554,3303,903,877,1780,1597,1420,3017,1668,1470,3138,1252,1081,2333,954,856,1810,876,747,1623,951,851,1802,757,1135,1892,277,651,928,10984,10642,21626
2020-06-29,1787,1597,3384,932,909,1841,1637,1459,3096,1713,1501,3214,1276,1105,2381,969,885,1854,899,758,1657,964,867,1831,769,1150,1919,281,658,939,11227,10889,22116
2020-06-30,1812,1632,3444,941,933,1874,1684,1494,3178,1747,1539,3286,1307,1135,2442,995,906,1901,920,767,1687,981,877,1858,777,1168,1945,283,669,952,11447,11120,22567
2020-07-01,1847,1661,3508,957,959,1916,1736,1535,3271,1787,1569,3356,1333,1163,2496,1019,934,1953,937,779,1716,994,889,1883,786,1187,1973,286,675,961,11682,11351,23033
2020-07-02,1892,1706,3598,978,987,1965,1781,1580,3361,1834,1611,3445,1371,1191,2562,1036,956,1992,955,788,1743,1002,902,1904,800,1199,1999,289,680,969,11938,11600,23538
2020-07-03,1938,1738,3676,1006,1004,2010,1820,1610,3430,1882,1663,3545,1396,1222,2618,1057,976,2033,974,801,1775,1012,918,1930,809,1216,2025,293,684,977,12187,11832,24019
2020-07-04,1965,1772,3737,1024,1021,2045,1854,1647,3501,1909,1690,3599,1423,1239,2662,1077,989,2066,983,809,1792,1021,931,1952,815,1225,2040,296,690,986,12367,12013,24380
2020-07-05,1986,1801,3787,1043,1033,2076,1880,1680,3560,1937,1719,3656,1433,1260,2693,1094,1005,2099,1000,823,1823,1036,945,1981,823,1239,2062,299,698,997,12531,12203,24734
2020-07-06,2013,1832,3845,1062,1048,2110,1922,1720,3642,1990,1745,3735,1465,1288,2753,1123,1028,2151,1022,845,1867,1054,972,2026,833,1262,2095,302,707,1009,12786,12447,25233
2020-07-07,2051,1889,3940,1081,1072,2153,1975,1763,3738,2038,1784,3822,1491,1320,2811,1152,1047,2199,1041,862,1903,1066,984,2050,843,1283,2126,309,719,1028,13047,12723,25770
2020-07-08,2090,1914,4004,1109,1100,2209,2027,1800,3827,2074,1823,3897,1535,1358,2893,1173,1078,2251,1058,879,1937,1082,1006,2088,855,1298,2153,313,733,1046,13316,12989,26305
2020-07-09,2119,1933,4052,1124,1112,2236,2055,1828,3883,2110,1848,3958,1564,1384,2948,1186,1091,2277,1067,895,1962,1091,1029,2120,859,1313,2172,320,740,1060,13495,13173,26668
2020-07-10,2144,1953,4097,1145,1134,2279,2084,1855,3939,2139,1877,4016,1587,1405,2992,1199,1104,2303,1087,911,1998,1107,1041,2148,871,1329,2200,322,751,1073,13685,13360,27045
2020-07-11,2167,1987,4154,1163,1144,2307,2104,1881,3985,2164,1908,4072,1608,1431,3039,1215,1124,2339,1106,925,2031,1121,1059,2180,874,1346,2220,324,762,1086,13846,13567,27413
2020-07-12,2189,2004,4193,1179,1152,2331,2123,1900,4023,2188,1923,4111,1623,1442,3065,1223,1134,2357,1116,935,2051,1131,1065,2196,880,1357,2237,328,768,1096,13980,13680,27660
2020-07-13,2217,2044,4261,1203,1174,2377,2165,1938,4103,2226,1963,4189,1661,1476,3137,1249,1168,2417,1148,960,2108,1151,1099,2250,892,1403,2295,330,792,1122,14242,14017,28259
2020-07-14,2250,2077,4327,1230,1192,2422,2200,1966,4166,2288,2001,4289,1697,1510,3207,1279,1185,2464,1170,985,2155,1169,1127,2296,898,1420,2318,337,806,1143,14518,14269,28787
2020-07-15,2278,2112,4390,1262,1215,2477,2238,2025,4263,2349,2053,4402,1735,1552,3287,1305,1216,2521,1192,1008,2200,1180,1145,2325,912,1435,2347,344,811,1155,14795,14572,29367
2020-07-16,2321,2138,4459,1281,1247,2528,2283,2080,4363,2401,2091,4492,1771,1594,3365,1332,1248,2580,1210,1024,2234,1196,1164,2360,930,1465,2395,346,828,1174,15071,14879,29950
2020-07-17,2359,2174,4533,1305,1269,2574,2314,2121,4435,2441,2141,4582,1809,1644,3453,1362,1285,2647,1234,1051,2285,1214,1181,2395,946,1485,2431,350,838,1188,15334,15189,30523
2020-07-18,2385,2199,4584,1322,1283,2605,2353,2155,4508,2476,2183,4659,1836,1676,3512,1388,1308,2696,1261,1071,2332,1224,1191,2415,961,1506,2467,352,844,1196,15558,15416,30974
2020-07-19,2414,2231,4645,1334,1303,2637,2378,2180,4558,2502,2213,4715,1860,1700,3560,1412,1331,2743,1274,1082,2356,1237,1199,2436,972,1523,2495,354,850,1204,15737,15612,31349
2020-07-20,2461,2274,4735,1372,1332,2704,2432,2230,4662,2555,2277,4832,1903,1761,3664,1446,1373,2819,1303,1119,2422,1257,1222,2479,993,1543,2536,357,861,1218,16079,15992,32071
2020-07-21,2502,2307,4809,1397,1354,2751,2478,2273,4751,2618,2325,4943,1946,1802,3748,1480,1408,2888,1330,1147,2477,1278,1248,2526,1006,1569,2575,362,871,1233,16397,16304,32701
2020-07-22,2558,2342,4900,1420,1378,2798,2547,2325,4872,2675,2381,5056,1998,1845,3843,1511,1438,2949,1346,1170,2516,1303,1268,2571,1019,1600,2619,363,881,1244,16740,16628,33368
2020-07-23,2605,2382,4987,1445,1402,2847,2602,2378,4980,2730,2438,5168,2034,1880,3914,1542,1463,3005,1364,1193,2557,1320,1289,2609,1027,1621,2648,369,890,1259,17038,16936,33974
2020-07-24,2638,2418,5056,1467,1424,2891,2661,2428,5089,2784,2503,5287,2076,1918,3994,1572,1487,3059,1394,1207,2601,1332,1312,2644,1039,1646,2685,371,904,1275,17334,17247,34581
2020-07-25,2671,2449,5120,1494,1437,2931,2698,2471,5169,2828,2546,5374,2107,1949,4056,1585,1500,3085,1408,1224,2632,1346,1325,2671,1049,1663,2712,376,908,1284,17562,17472,35034
2020-07-26,2699,2478,5177,1509,1451,2960,2721,2491,5212,2853,2573,5426,2138,1962,4100,1603,1518,3121,1419,1235,2654,1360,1335,2695,1056,1679,2735,381,914,1295,17739,17636,35375
2020-07-27,2728,2517,5245,1537,1476,3013,2772,2534,5306,2906,2618,5524,2184,2009,4193,1633,1559,3192,1445,1260,2705,1378,1356,2734,1073,1699,2772,386,933,1319,18042,17961,36003
2020-07-28,2767,2551,5318,1561,1499,3060,2836,2605,5441,2963,2663,5626,2228,2054,4282,1672,1600,3272,1478,1289,2767,1392,1385,2777,1083,1725,2808,391,953,1344,18371,18324,36695
2020-07-29,2807,2590,5397,1587,1529,3116,2899,2658,5557,3021,2717,5738,2285,2103,4388,1705,1643,3348,1503,1322,2825,1415,1406,2821,1101,1754,2855,396,977,1373,18719,18699,37418
2020-07-30,2855,2627,5482,1621,1567,3188,2983,2724,5707,3088,2779,5867,2342,2147,4489,1749,1685,3434,1527,1351,2878,1431,1424,2855,1109,1773,2882,397,983,1380,19102,19060,38162
2020-07-31,2891,2670,5561,1640,1595,3235,3037,2794,5831,3163,2845,6008,2393,2186,4579,1787,1722,3509,1550,1384,2934,1452,1449,2901,1120,1801,2921,403,1001,1404,19436,19447,38883
2020-08-01,2918,2697,5615,1655,1619,3274,3066,2835,5901,3197,2887,6084,2422,2226,4648,1817,1749,3566,1570,1392,2962,1472,1465,2937,1132,1823,2955,404,1012,1416,19653,19705,39358
2020-08-02,2952,2723,5675,1671,1637,3308,3096,2857,5953,3231,2921,6152,2445,2262,4707,1837,1772,3609,1581,1411,2992,1479,1482,2961,1144,1838,2982,406,1019,1425,19842,19922,39764
2020-08-03,2998,2772,5770,1699,1667,3366,3149,2910,6059,3289,2968,6257,2482,2311,4793,1867,1805,3672,1612,1434,3046,1490,1503,2993,1158,1871,3029,410,1033,1443,20154,20274,40428
2020-08-04,3045,2807,5852,1732,1702,3434,3216,2954,6170,3356,3023,6379,2538,2351,4889,1908,1840,3748,1638,1455,3093,1507,1526,3033,1175,1902,3077,415,1048,1463,20530,20608,41138
2020-08-05,3089,2849,5938,1767,1727,3494,3274,2998,6272,3405,3081,6486,2575,2392,4967,1947,1884,3831,1667,1484,3151,1529,1547,3076,1192,1922,3114,418,1056,1474,20863,20940,41803
2020-08-06,3133,2882,6015,1792,1765,3557,3332,3057,6389,3462,3145,6607,2628,2448,5076,1980,1927,3907,1695,1506,3201,1548,1568,3116,1208,1946,3154,423,1068,1491,21201,21312,42513
2020-08-07,3186,2924,6110,1819,1792,3611,3391,3116,6507,3524,3197,6721,2671,2508,5179,2020,1954,3974,1714,1531,3245,1567,1598,3165,1222,1983,3205,428,1091,1519,21542,21694,43236
2020-08-08,3221,2955,6176,1839,1811,3650,3426,3154,6580,3586,3251,6837,2705,2547,5252,2050,1986,4036,1734,1551,3285,1580,1622,3202,1233,2004,3237,429,1111,1540,21803,21992,43795
2020-08-09,3249,2985,6234,1854,1824,3678,3458,3189,6647,3626,3285,6911,2733,2587,5320,2079,2017,4096,1753,1570,3323,1594,1644,3238,1249,2048,3297,433,1129,1562,22028,22278,44306
2020-08-10,3300,3023,6323,1886,1851,3737,3526,3246,6772,3694,3334,7028,2787,2641,5428,2116,2054,4170,1773,1589,3362,1610,1670,3280,1262,2068,3330,437,1140,1577,22391,22616,45007
2020-08-11,3342,3062,6404,1925,1876,3801,3591,3307,6898,3775,3400,7175,2847,2701,5548,2158,2095,4253,1802,1614,3416,1634,1701,3335,1277,2095,3372,444,1152,1596,22795,23003,45798
2020-08-12,3381,3106,6487,1963,1904,3867,3645,3383,7028,3826,3488,7314,2904,2758,5662,2195,2136,4331,1830,1639,3469,1649,1728,3377,1289,2116,3405,449,1168,1617,23131,23426,46557
2020-08-13,3409,3145,6554,2002,1929,3931,3721,3458,7179,3912,3576,7488,2958,2814,5772,2245,2180,4425,1851,1673,3524,1676,1746,3422,1300,2142,3442,453,1183,1636,23527,23846,47373
2020-08-14,3436,3174,6610,2022,1956,3978,3806,3538,7344,3977,3647,7624,3025,2861,5886,2287,2224,4511,1884,1703,3587,1699,1777,3476,1313,2163,3476,456,1195,1651,23905,24238,48143
2020-08-15,3480,3198,6678,2055,1982,4037,3853,3592,7445,4030,3708,7738,3054,2914,5968,2317,2253,4570,1908,1723,3631,1714,1810,3524,1322,2208,3530,460,1211,1671,24193,24599,48792
2020-08-16,3514,3219,6733,2069,1993,4062,3900,3632,7532,4068,3747,7815,3075,2948,6023,2338,2274,4612,1920,1745,3665,1730,1826,3556,1331,2240,3571,464,1233,1697,24409,24857,49266
2020-08-17,3543,3236,6779,2092,2014,4106,3951,3682,7633,4121,3803,7924,3117,2994,6111,2372,2320,4692,1936,1781,3717,1746,1841,3587,1340,2260,3600,464,1246,1710,24682,25177,49859
2020-08-18,3589,3278,6867,2125,2030,4155,4008,3739,7747,4202,3873,8075,3166,3037,6203,2403,2380,4783,1957,1816,3773,1769,1869,3638,1349,2278,3627,464,1263,1727,25032,25563,50595
2020-08-19,3639,3315,6954,2150,2059,4209,4059,3810,7869,4270,3937,8207,3209,3087,6296,2441,2415,4856,1976,1845,3821,1787,1899,3686,1362,2316,3678,468,1279,1747,25361,25962,51323
2020-08-20,3667,3346,7013,2175,2082,4257,4122,3876,7998,4320,4001,8321,3241,3134,6375,2476,2448,4924,2003,1876,3879,1800,1920,3720,1378,2338,3716,471,1292,1763,25653,26313,51966
2020-08-21,3695,3391,7086,2210,2108,4318,4172,3933,8105,4385,4073,8458,3296,3184,6480,2519,2498,5017,2037,1910,3947,1823,1957,3780,1393,2374,3767,476,1301,1777,26006,26729,52735
2020-08-22,3710,3410,7120,2239,2128,4367,4214,3970,8184,4425,4132,8557,3335,3215,6550,2543,2521,5064,2065,1934,3999,1838,1979,3817,1403,2388,3791,479,1316,1795,26251,26993,53244
2020-08-23,3736,3442,7178,2255,2143,4398,4242,3998,8240,4460,4171,8631,3363,3238,6601,2567,2551,5118,2083,1953,4036,1848,2001,3849,1415,2395,3810,484,1320,1804,26453,27212,53665
2020-08-24,3783,3489,7272,2280,2171,4451,4296,4065,8361,4524,4231,8755,3413,3300,6713,2617,2587,5204,2111,1987,4098,1868,2026,3894,1431,2417,3848,489,1338,1827,26812,27611,54423
2020-08-25,3812,3526,7338,2314,2195,4509,4355,4142,8497,4595,4314,8909,3457,3347,6804,2652,2631,5283,2133,2017,4150,1883,2045,3928,1447,2448,3895,495,1353,1848,27143,28018,55161
2020-08-26,3860,3549,7409,2343,2229,4572,4429,4210,8639,4662,4374,9036,3503,3404,6907,2691,2670,5361,2163,2041,4204,1905,2073,3978,1464,2477,3941,498,1368,1866,27518,28395,55913
2020-08-27,3906,3582,7488,2382,2265,4647,4507,4279,8786,4737,4442,9179,3562,3465,7027,2738,2710,5448,2184,2073,4257,1931,2099,4030,1481,2509,3990,503,1389,1892,27931,28813,56744
2020-08-28,3947,3619,7566,2428,2294,4722,4593,4364,8957,4806,4517,9323,3622,3530,7152,2786,2771,5557,2211,2112,4323,1961,2126,4087,1493,2529,4022,507,1399,1906,28354,29261,57615
2020-08-29,3978,3638,7616,2444,2312,4756,4654,4416,9070,4855,4589,9444,3670,3573,7243,2818,2803,5621,2241,2135,4376,1979,2145,4124,1503,2553,4056,510,1415,1925,28652,29579,58231
2020-08-30,4002,3669,7671,2469,2330,4799,4701,4454,9155,4905,4625,9530,3711,3613,7324,2847,2830,5677,2258,2158,4416,1992,2163,4155,1510,2566,4076,513,1420,1933,28908,29828,58736
2020-08-31,4043,3698,7741,2501,2358,4859,4771,4515,9286,4964,4692,9656,3767,3671,7438,2878,2867,5745,2288,2197,4485,2020,2192,4212,1530,2606,4136,515,1434,1949,29277,30230,59507
2020-09-01,4084,3739,7823,2526,2402,4928,4841,4587,9428,5055,4770,9825,3835,3715,7550,2913,2926,5839,2311,2224,4535,2037,2220,4257,1544,2649,4193,522,1449,1971,29668,30681,60349
2020-09-02,4119,3765,7884,2551,2423,4974,4891,4655,9546,5112,4848,9960,3885,3758,7643,2950,2966,5916,2329,2248,4577,2065,2245,4310,1561,2676,4237,526,1479,2005,29989,31063,61052
2020-09-03,4156,3796,7952,2586,2451,5037,4967,4733,9700,5207,4930,10137,3944,3813,7757,2993,3001,5994,2355,2281,4636,2084,2270,4354,1573,2704,4277,530,1488,2018,30395,31467,61862
2020-09-04,4195,3837,8032,2615,2484,5099,5032,4800,9832,5280,5006,10286,4004,3885,7889,3026,3045,6071,2389,2323,4712,2111,2295,4406,1587,2730,4317,533,1504,2037,30772,31909,62681
2020-09-05,4225,3861,8086,2634,2498,5132,5085,4850,9935,5338,5078,10416,4045,3943,7988,3052,3081,6133,2419,2353,4772,2129,2313,4442,1603,2750,4353,535,1511,2046,31065,32238,63303
2020-09-06,4251,3887,8138,2650,2515,5165,5109,4891,10000,5376,5114,10490,4076,3975,8051,3069,3111,6180,2435,2378,4813,2139,2335,4474,1616,2766,4382,536,1520,2056,31257,32492,63749
2020-09-07,4281,3921,8202,2677,2547,5224,5181,4972,10153,5455,5189,10644,4128,4040,8168,3108,3170,6278,2477,2411,4888,2155,2360,4515,1630,2798,4428,543,1534,2077,31635,32942,64577
2020-09-08,4316,3953,8269,2708,2577,5285,5248,5040,10288,5538,5264,10802,4184,4096,8280,3158,3224,6382,2509,2455,4964,2185,2388,4573,1648,2824,4472,549,1556,2105,32043,33377,65420
2020-09-09,4355,3985,8340,2734,2613,5347,5319,5104,10423,5606,5331,10937,4241,4151,8392,3206,3272,6478,2540,2499,5039,2207,2418,4625,1663,2861,4524,550,1575,2125,32421,33809,66230
2020-09-10,4390,4006,8396,2770,2641,5411,5402,5179,10581,5690,5421,11111,4313,4210,8523,3248,3322,6570,2568,2528,5096,2230,2444,4674,1675,2896,4571,552,1591,2143,32838,34238,67076
2020-09-11,4425,4041,8466,2815,2667,5482,5465,5236,10701,5758,5505,11263,4367,4276,8643,3294,3385,6679,2605,2561,5166,2256,2473,4729,1693,2923,4616,555,1601,2156,33233,34668,67901
2020-09-12,4450,4064,8514,2835,2691,5526,5504,5276,10780,5797,5560,11357,4396,4316,8712,3326,3424,6750,2633,2589,5222,2279,2497,4776,1705,2954,4659,557,1615,2172,33482,34986,68468
2020-09-13,4481,4089,8570,2849,2704,5553,5544,5324,10868,5839,5616,11455,4420,4343,8763,3354,3452,6806,2663,2616,5279,2293,2508,4801,1708,2968,4676,562,1624,2186,33713,35244,68957
2020-09-14,4517,4126,8643,2879,2736,5615,5609,5410,11019,5910,5687,11597,4470,4403,8873,3409,3506,6915,2704,2660,5364,2321,2537,4858,1726,2987,4713,564,1634,2198,34109,35686,69795
2020-09-15,4560,4155,8715,2901,2753,5654,5672,5454,11126,5978,5779,11757,4516,4453,8969,3443,3552,6995,2742,2699,5441,2344,2573,4917,1741,3021,4762,565,1647,2212,34462,36086,70548
2020-09-16,4610,4196,8806,2947,2797,5744,5750,5544,11294,6042,5863,11905,4576,4513,9089,3484,3601,7085,2776,2737,5513,2367,2594,4961,1757,3052,4809,568,1658,2226,34877,36555,71432
2020-09-17,4647,4229,8876,2976,2841,5817,5812,5608,11420,6105,5933,12038,4635,4587,9222,3536,3661,7197,2816,2777,5593,2395,2622,5017,1772,3071,4843,571,1662,2233,35265,36991,72256
2020-09-18,4688,4274,8962,3000,2882,5882,5876,5685,11561,6193,6028,12221,4683,4646,9329,3575,3708,7283,2846,2824,5670,2427,2650,5077,1785,3095,4880,574,1674,2248,35647,37466,73113
2020-09-19,4703,4310,9013,3017,2910,5927,5909,5718,11627,6231,6078,12309,4712,4675,9387,3598,3729,7327,2879,2849,5728,2446,2672,5118,1800,3115,4915,577,1681,2258,35872,37737,73609
2020-09-20,4729,4339,9068,3045,2939,5984,5942,5753,11695,6272,6111,12383,4740,4705,9445,3618,3757,7375,2892,2869,5761,2467,2689,5156,1804,3133,4937,580,1689,2269,36089,37984,74073
2020-09-21,4765,4376,9141,3074,2976,6050,6006,5807,11813,6334,6188,12522,4788,4760,9548,3658,3792,7450,2927,2906,5833,2494,2717,5211,1815,3149,4964,581,1699,2280,36442,38370,74812
2020-09-22,4813,4419,9232,3113,3021,6134,6070,5887,11957,6402,6259,12661,4847,4799,9646,3708,3842,7550,2964,2934,5898,2522,2749,5271,1828,3183,5011,584,1712,2296,36851,38805,75656
2020-09-23,4860,4455,9315,3138,3049,6187,6118,5964,12082,6463,6333,12796,4893,4853,9746,3747,3885,7632,2996,2970,5966,2542,2786,5328,1839,3208,5047,586,1724,2310,37182,39227,76409
2020-09-24,4909,4499,9408,3176,3087,6263,6192,6028,12220,6546,6410,12956,4951,4908,9859,3783,3922,7705,3012,3026,6038,2560,2814,5374,1862,3233,5095,593,1747,2340,37584,39674,77258
2020-09-25,4951,4527,9478,3207,3113,6320,6254,6093,12347,6608,6472,13080,5010,4961,9971,3820,3965,7785,3047,3069,6116,2582,2841,5423,1881,3258,5139,593,1758,2351,37953,40057,78010
2020-09-26,4976,4548,9524,3233,3135,6368,6295,6133,12428,6656,6512,13168,5048,4999,10047,3846,4006,7852,3071,3092,6163,2600,2857,5457,1891,3277,5168,599,1767,2366,38215,40326,78541
2020-09-27,5002,4578,9580,3250,3160,6410,6339,6182,12521,6688,6552,13240,5086,5030,10116,3875,4036,7911,3093,3112,6205,2607,2875,5482,1900,3291,5191,601,1773,2374,38441,40589,79030
2020-09-28,5041,4606,9647,3279,3189,6468,6396,6239,12635,6758,6620,13378,5152,5075,10227,3930,4094,8024,3142,3139,6281,2628,2905,5533,1917,3318,5235,605,1793,2398,38848,40978,79826
2020-09-29,5090,4648,9738,3316,3234,6550,6476,6296,12772,6847,6704,13551,5216,5129,10345,3971,4138,8109,3185,3187,6372,2660,2955,5615,1939,3356,5295,608,1817,2425,39308,41464,80772
2020-09-30,5135,4686,9821,3349,3273,6622,6547,6374,12921,6915,6771,13686,5270,5180,10450,4016,4190,8206,3223,3237,6460,2690,2984,5674,1949,3381,5330,613,1826,2439,39707,41902,81609
2020-10-01,5180,4738,9918,3379,3332,6711,6623,6462,13085,6998,6854,13852,5314,5247,10561,4062,4232,8294,3264,3279,6543,2719,3034,5753,1963,3400,5363,617,1836,2453,40119,42414,82533
2020-10-02,5240,4792,10032,3414,3370,6784,6686,6546,13232,7061,6936,13997,5362,5313,10675,4113,4273,8386,3308,3320,6628,2749,3075,5824,1977,3435,5412,621,1853,2474,40531,42913,83444
2020-10-03,5266,4820,10086,3438,3403,6841,6737,6595,13332,7108,6985,14093,5401,5350,10751,4148,4301,8449,3327,3348,6675,2770,3093,5863,1984,3454,5438,624,1860,2484,40803,43209,84012
2020-10-04,5296,4852,10148,3461,3426,6887,6779,6638,13417,7142,7020,14162,5439,5385,10824,4176,4327,8503,3347,3369,6716,2783,3108,5891,1994,3480,5474,627,1863,2490,41044,43468,84512
2020-10-05,5321,4891,10212,3492,3457,6949,6837,6699,13536,7229,7096,14325,5520,5439,10959,4225,4378,8603,3406,3406,6812,2815,3154,5969,2014,3508,5522,630,1870,2500,41489,43898,85387
2020-10-06,5355,4944,10299,3533,3495,7028,6902,6756,13658,7309,7165,14474,5601,5489,11090,4276,4424,8700,3442,3448,6890,2846,3190,6036,2032,3536,5568,636,1881,2517,41932,44328,86260
2020-10-07,5403,4979,10382,3559,3521,7080,6975,6834,13809,7393,7255,14648,5659,5552,11211,4316,4487,8803,3480,3493,6973,2877,3224,6101,2050,3566,5616,644,1887,2531,42356,44798,87154
2020-10-08,5450,5015,10465,3598,3550,7148,7044,6911,13955,7461,7334,14795,5718,5612,11330,4360,4542,8902,3517,3530,7047,2903,3262,6165,2066,3593,5659,649,1911,2560,42766,45260,88026
2020-10-09,5485,5062,10547,3649,3595,7244,7100,7002,14102,7548,7437,14985,5775,5682,11457,4408,4605,9013,3556,3576,7132,2930,3301,6231,2077,3620,5697,653,1925,2578,43181,45805,88986
2020-10-10,5510,5096,10606,3683,3622,7305,7161,7061,14222,7610,7500,15110,5817,5735,11552,4443,4656,9099,3593,3608,7201,2945,3331,6276,2095,3642,5737,662,1938,2600,43519,46189,89708
2020-10-11,5541,5125,10666,3704,3643,7347,7206,7121,14327,7667,7565,15232,5867,5779,11646,4478,4685,9163,3630,3644,7274,2963,3362,6325,2110,3666,5776,664,1947,2611,43830,46537,90367
2020-10-12,5568,5159,10727,3748,3680,7428,7283,7206,14489,7743,7648,15391,5928,5852,11780,4530,4759,9289,3685,3687,7372,3001,3407,6408,2134,3713,5847,666,1966,2632,44286,47077,91363
2020-10-13,5632,5210,10842,3805,3725,7530,7399,7320,14719,7854,7781,15635,5999,5942,11941,4612,4854,9466,3744,3742,7486,3041,3464,6505,2162,3764,5926,674,1990,2664,44922,47792,92714
2020-10-14,5683,5259,10942,3843,3781,7624,7498,7441,14939,7962,7908,15870,6069,6032,12101,4677,4927,9604,3798,3794,7592,3093,3520,6613,2184,3798,5982,674,2009,2683,45481,48469,93950
2020-10-15,5732,5303,11035,3896,3836,7732,7614,7560,15174,8094,8043,16137,6173,6149,12322,4757,5017,9774,3864,3866,7730,3128,3575,6703,2202,3838,6040,683,2024,2707,46143,49211,95354
2020-10-16,5795,5348,11143,3946,3903,7849,7754,7718,15472,8237,8160,16397,6285,6260,12545,4841,5111,9952,3924,3932,7856,3169,3634,6803,2229,3887,6116,686,2059,2745,46866,50012,96878
2020-10-17,5821,5381,11202,3979,3944,7923,7851,7800,15651,8328,8269,16597,6362,6343,12705,4883,5163,10046,3965,3987,7952,3210,3675,6885,2243,3921,6164,690,2074,2764,47332,50557,97889
2020-10-18,5845,5412,11257,4004,3973,7977,7890,7855,15745,8389,8348,16737,6396,6394,12790,4923,5202,10125,3994,4014,8008,3233,3714,6947,2255,3959,6214,691,2087,2778,47620,50958,98578
2020-10-19,5920,5466,11386,4055,4036,8091,8015,8011,16026,8526,8506,17032,6529,6534,13063,5015,5294,10309,4077,4092,8169,3285,3779,7064,2281,4005,6286,694,2101,2795,48397,51824,100221
2020-10-20,5977,5531,11508,4117,4099,8216,8163,8147,16310,8655,8647,17302,6638,6670,13308,5099,5388,10487,4149,4159,8308,3322,3831,7153,2315,4052,6367,695,2124,2819,49130,52648,101778
2020-10-21,6019,5565,11584,4195,4153,8348,8263,8288,16551,8759,8755,17514,6728,6764,13492,5173,5449,10622,4210,4215,8425,3357,3879,7236,2336,4100,6436,698,2144,2842,49738,53312,103050
2020-10-22,6063,5603,11666,4262,4226,8488,8355,8397,16752,8848,8861,17709,6813,6866,13679,5240,5529,10769,4253,4271,8524,3388,3920,7308,2361,4140,6501,704,2166,2870,50287,53979,104266
2020-10-23,6100,5636,11736,4311,4266,8577,8434,8489,16923,8925,8960,17885,6874,6954,13828,5298,5585,10883,4299,4332,8631,3430,3961,7391,2386,4159,6545,709,2191,2900,50766,54533,105299
2020-10-24,6120,5661,11781,4333,4302,8635,8498,8540,17038,8974,9020,17994,6921,7003,13924,5334,5623,10957,4324,4365,8689,3458,3990,7448,2394,4182,6576,714,2204,2918,51070,54890,105960
2020-10-25,6159,5692,11851,4353,4330,8683,8561,8608,17169,9035,9110,18145,6971,7055,14026,5382,5679,11061,4356,4398,8754,3484,4023,7507,2402,4201,6603,718,2207,2925,51421,55303,106724
2020-10-26,6207,5732,11939,4418,4380,8798,8652,8714,17366,9140,9234,18374,7044,7160,14204,5452,5764,11216,4403,4453,8856,3523,4076,7599,2419,4248,6667,723,2227,2950,51981,55988,107969
2020-10-27,6248,5778,12026,4464,4422,8886,8767,8838,17605,9243,9333,18576,7147,7249,14396,5524,5861,11385,4471,4534,9005,3566,4132,7698,2436,4276,6712,726,2237,2963,52592,56660,109252
2020-10-28,6294,5824,12118,4507,4465,8972,8851,8959,17810,9350,9442,18792,7210,7329,14539,5592,5939,11531,4527,4585,9112,3600,4169,7769,2448,4310,6758,730,2251,2981,53109,57273,110382
2020-10-29,6330,5858,12188,4545,4509,9054,8972,9062,18034,9473,9562,19035,7288,7417,14705,5644,6006,11650,4582,4643,9225,3629,4202,7831,2466,4339,6805,732,2259,2991,53661,57857,111518
2020-10-30,6367,5885,12252,4579,4558,9137,9057,9188,18245,9573,9670,19243,7365,7495,14860,5694,6069,11763,4630,4698,9328,3653,4237,7890,2485,4369,6854,737,2276,3013,54140,58445,112585
2020-10-31,6395,5908,12303,4601,4586,9187,9110,9247,18357,9630,9747,19377,7407,7552,14959,5732,6104,11836,4663,4737,9400,3675,4262,7937,2493,4384,6877,740,2280,3020,54446,58807,113253
2020-11-01,6439,5943,12382,4631,4635,9266,9173,9323,18496,9696,9829,19525,7474,7608,15082,5774,6159,11933,4698,4788,9486,3703,4290,7993,2503,4405,6908,743,2286,3029,54834,59266,114100
2020-11-02,6481,5990,12471,4674,4687,9361,9268,9439,18707,9807,9927,19734,7550,7700,15250,5845,6228,12073,4762,4850,9612,3738,4328,8066,2521,4432,6953,746,2300,3046,55392,59881,115273
2020-11-03,6518,6020,12538,4703,4718,9421,9347,9531,18878,9890,10008,19898,7613,7746,15359,5899,6283,12182,4806,4892,9698,3775,4361,8136,2541,4468,7009,748,2312,3060,55840,60339,116179
2020-11-04,6559,6063,12622,4745,4769,9514,9469,9657,19126,9992,10124,20116,7718,7851,15569,5968,6364,12332,4876,4953,9829,3820,4403,8223,2563,4511,7074,759,2325,3084,56469,61020,117489
2020-11-05,6608,6105,12713,4817,4830,9647,9607,9784,19391,10123,10251,20374,7827,7953,15780,6056,6465,12521,4922,5017,9939,3860,4444,8304,2583,4541,7124,762,2339,3101,57165,61729,118894
2020-11-06,6640,6144,12784,4846,4876,9722,9681,9865,19546,10189,10332,20521,7872,8007,15879,6111,6522,12633,4961,5067,10028,3891,4487,8378,2597,4571,7168,766,2348,3114,57554,62219,119773
2020-11-07,6670,6180,12850,4877,4916,9793,9737,9940,19677,10243,10415,20658,7926,8065,15991,6156,6583,12739,5003,5113,10116,3921,4519,8440,2620,4591,7211,773,2353,3126,57926,62675,120601
2020-11-08,6715,6228,12943,4915,4956,9871,9806,10005,19811,10312,10505,20817,7981,8133,16114,6193,6633,12826,5048,5159,10207,3952,4552,8504,2630,4609,7239,777,2357,3134,58329,63137,121466
2020-11-09,6775,6284,13059,4985,5001,9986,9895,10121,20016,10424,10644,21068,8064,8231,16295,6277,6709,12986,5108,5224,10332,3977,4594,8571,2657,4649,7306,780,2367,3147,58942,63824,122766
2020-11-10,6816,6317,13133,5027,5041,10068,9984,10203,20187,10525,10747,21272,8130,8296,16426,6332,6768,13100,5172,5271,10443,4010,4629,8639,2681,4678,7359,784,2378,3162,59461,64328,123789
2020-11-11,6865,6356,13221,5066,5088,10154,10084,10309,20393,10623,10845,21468,8215,8376,16591,6396,6844,13240,5217,5313,10530,4048,4663,8711,2701,4716,7417,788,2396,3184,60003,64906,124909
2020-11-12,6918,6393,13311,5112,5128,10240,10168,10430,20598,10739,10962,21701,8310,8467,16777,6470,6902,13372,5264,5388,10652,4089,4708,8797,2722,4754,7476,791,2408,3199,60583,65540,126123
2020-11-13,6965,6424,13389,5164,5170,10334,10261,10548,20809,10826,11068,21894,8389,8545,16934,6534,6966,13500,5328,5453,10781,4126,4750,8876,2743,4786,7529,795,2423,3218,61131,66133,127264
2020-11-14,7020,6463,13483,5195,5200,10395,10321,10623,20944,10903,11155,22058,8434,8611,17045,6577,7014,13591,5379,5482,10861,4152,4788,8940,2752,4808,7560,799,2427,3226,61532,66571,128103
2020-11-15,7062,6509,13571,5236,5226,10462,10391,10715,21106,10988,11225,22213,8501,8677,17178,6625,7074,13699,5424,5532,10956,4180,4821,9001,2760,4833,7593,799,2441,3240,61966,67053,129019
2020-11-16,7107,6561,13668,5285,5265,10550,10468,10809,21277,11073,11318,22391,8588,8752,17340,6665,7136,13801,5471,5589,11060,4218,4862,9080,2777,4863,7640,804,2462,3266,62456,67617,130073
2020-11-17,7157,6615,13772,5340,5314,10654,10579,10920,21499,11199,11445,22644,8680,8847,17527,6727,7203,13930,5539,5666,11205,4264,4916,9180,2786,4900,7686,805,2471,3276,63076,68297,131373
2020-11-18,7201,6663,13864,5406,5362,10768,10693,11036,21729,11340,11572,22912,8764,8926,17690,6790,7269,14059,5588,5715,11303,4311,4963,9274,2802,4943,7745,808,2481,3289,63703,68930,132633
2020-11-19,7250,6700,13950,5473,5422,10895,10803,11169,21972,11445,11714,23159,8839,9013,17852,6857,7347,14204,5650,5777,11427,4351,5000,9351,2823,4979,7802,811,2491,3302,64302,69612,133914
2020-11-20,7301,6744,14045,5518,5465,10983,10895,11277,22172,11549,11819,23368,8903,9094,17997,6920,7412,14332,5707,5828,11535,4379,5032,9411,2842,5007,7849,815,2503,3318,64829,70181,135010
2020-11-21,7339,6777,14116,5549,5503,11052,10954,11347,22301,11621,11887,23508,8958,9155,18113,6960,7459,14419,5744,5865,11609,4402,5051,9453,2852,5020,7872,818,2514,3332,65197,70578,135775
2020-11-22,7371,6807,14178,5580,5533,11113,11012,11405,22417,11672,11957,23629,9014,9208,18222,6989,7490,14479,5776,5911,11687,4425,5068,9493,2862,5042,7904,819,2522,3341,65520,70943,136463
2020-11-23,7421,6851,14272,5619,5570,11189,11085,11484,22569,11757,12040,23797,9083,9268,18351,7035,7536,14571,5818,5958,11776,4448,5101,9549,2880,5071,7951,825,2534,3359,65971,71413,137384
2020-11-24,7467,6905,14372,5673,5619,11292,11179,11584,22763,11878,12139,24017,9174,9346,18520,7101,7604,14705,5877,6013,11890,4481,5147,9628,2905,5105,8010,827,2539,3366,66562,72001,138563
2020-11-25,7527,6957,14484,5732,5668,11400,11291,11687,22978,11992,12259,24251,9252,9422,18674,7159,7657,14816,5935,6065,12000,4505,5188,9693,2925,5133,8058,832,2548,3380,67150,72584,139734
2020-11-26,7572,7005,14577,5793,5728,11521,11400,11801,23201,12101,12384,24485,9318,9521,18839,7229,7727,14956,5998,6121,12119,4541,5235,9776,2941,5164,8105,841,2560,3401,67734,73246,140980
2020-11-27,7595,7043,14638,5832,5761,11593,11493,11908,23401,12178,12480,24658,9376,9565,18941,7286,7785,15071,6040,6166,12206,4572,5270,9842,2955,5199,8154,846,2565,3411,68173,73742,141915
2020-11-28,7644,7071,14715,5867,5796,11663,11574,11982,23556,12233,12557,24790,9426,9626,19052,7346,7838,15184,6068,6201,12269,4598,5305,9903,2966,5229,8195,848,2568,3416,68570,74173,142743
2020-11-29,7682,7111,14793,5893,5842,11735,11659,12065,23724,12309,12652,24961,9498,9684,19182,7392,7889,15281,6115,6247,12362,4623,5333,9956,2982,5243,8225,849,2575,3424,69002,74641,143643
2020-11-30,7740,7163,14903,5957,5888,11845,11795,12216,24011,12430,12778,25208,9600,9782,19382,7453,7966,15419,6178,6326,12504,4667,5385,10052,3001,5276,8277,855,2583,3438,69676,75363,145039
2020-12-01,7784,7212,14996,5999,5946,11945,11917,12331,24248,12531,12903,25434,9686,9876,19562,7492,8028,15520,6237,6400,12637,4709,5432,10141,3020,5306,8326,857,2586,3443,70232,76020,146252
2020-12-02,7811,7233,15044,6031,5985,12016,11991,12414,24405,12593,12991,25584,9748,9954,19702,7535,8073,15608,6272,6434,12706,4739,5465,10204,3034,5324,8358,862,2596,3458,70616,76469,147085
2020-12-03,7851,7280,15131,6079,6031,12110,12081,12550,24631,12708,13119,25827,9837,10044,19881,7600,8131,15731,6329,6502,12831,4778,5498,10276,3048,5349,8397,864,2605,3469,71175,77109,148284
2020-12-04,7891,7326,15217,6129,6087,12216,12179,12644,24823,12806,13227,26033,9918,10134,20052,7668,8207,15875,6384,6572,12956,4818,5540,10358,3066,5381,8447,871,2614,3485,71730,77732,149462
2020-12-05,7925,7360,15285,6171,6125,12296,12260,12721,24981,12894,13296,26190,9972,10187,20159,7705,8250,15955,6418,6605,13023,4838,5561,10399,3077,5403,8480,876,2622,3498,72136,78130,150266
2020-12-06,7956,7394,15350,6207,6151,12358,12322,12780,25102,12953,13350,26303,10015,10247,20262,7738,8289,16027,6450,6637,13087,4865,5589,10454,3093,5419,8512,877,2625,3502,72476,78481,150957
2020-12-07,7979,7432,15411,6252,6185,12437,12414,12877,25291,13026,13432,26458,10073,10316,20389,7778,8336,16114,6479,6673,13152,4890,5627,10517,3106,5438,8544,881,2631,3512,72878,78947,151825
2020-12-08,8014,7475,15489,6281,6218,12499,12496,12964,25460,13108,13515,26623,10125,10366,20491,7832,8391,16223,6521,6712,13233,4911,5665,10576,3112,5457,8569,886,2635,3521,73286,79398,152684
2020-12-09,8058,7515,15573,6321,6271,12592,12629,13110,25739,13252,13662,26914,10240,10459,20699,7933,8495,16428,6610,6793,13403,4955,5729,10684,3129,5490,8619,889,2652,3541,74016,80176,154192
2020-12-10,8107,7559,15666,6399,6356,12755,12785,13283,26068,13414,13849,27263,10357,10584,20941,8050,8612,16662,6705,6880,13585,4996,5767,10763,3147,5534,8681,895,2662,3557,74855,81086,155941
2020-12-11,8147,7604,15751,6458,6416,12874,12952,13466,26418,13590,14034,27624,10485,10717,21202,8163,8742,16905,6809,6993,13802,5049,5824,10873,3167,5563,8730,897,2670,3567,75717,82029,157746
2020-12-12,8188,7643,15831,6522,6469,12991,13081,13604,26685,13721,14193,27914,10614,10836,21450,8266,8838,17104,6878,7100,13978,5088,5881,10969,3178,5587,8765,899,2678,3577,76435,82829,159264
2020-12-13,8228,7674,15902,6572,6531,13103,13182,13731,26913,13844,14332,28176,10712,10940,21652,8371,8934,17305,6952,7162,14114,5128,5914,11042,3188,5611,8799,905,2683,3588,77082,83512,160594
2020-12-14,8290,7720,16010,6632,6590,13222,13341,13893,27234,14013,14499,28512,10831,11070,21901,8485,9054,17539,7051,7271,14322,5183,5980,11163,3209,5643,8852,914,2695,3609,77949,84415,162364
2020-12-15,8333,7763,16096,6697,6657,13354,13468,14054,27522,14176,14661,28837,10946,11180,22126,8596,9182,17778,7156,7378,14534,5235,6031,11266,3222,5661,8883,915,2708,3623,78744,85275,164019
2020-12-16,8361,7805,16166,6768,6751,13519,13634,14256,27890,14387,14885,29272,11095,11350,22445,8740,9312,18052,7289,7497,14786,5304,6100,11404,3242,5683,8925,919,2720,3639,79739,86359,166098
2020-12-17,8413,7858,16271,6849,6823,13672,13798,14462,28260,14614,15138,29752,11265,11517,22782,8876,9447,18323,7357,7598,14955,5358,6148,11506,3253,5707,8960,922,2727,3649,80705,87425,168130
2020-12-18,8483,7907,16390,6947,6941,13888,13998,14682,28680,14848,15388,30236,11442,11704,23146,9025,9613,18638,7530,7757,15287,5453,6230,11683,3269,5756,9025,926,2735,3661,81921,88713,170634
2020-12-19,8532,7945,16477,7022,7025,14047,14144,14867,29011,15093,15635,30728,11595,11865,23460,9154,9743,18897,7643,7898,15541,5508,6297,11805,3286,5782,9068,928,2740,3668,82905,89797,172702
2020-12-20,8576,7999,16575,7105,7114,14219,14307,15035,29342,15330,15875,31205,11767,12048,23815,9308,9909,19217,7767,8022,15789,5569,6351,11920,3298,5798,9096,932,2748,3680,83959,90899,174858
2020-12-21,8642,8065,16707,7210,7190,14400,14535,15250,29785,15604,16165,31769,11979,12239,24218,9471,10078,19549,7909,8179,16088,5639,6433,12072,3310,5840,9150,937,2755,3692,85236,92194,177430
2020-12-22,8705,8134,16839,7323,7298,14621,14778,15508,30286,15901,16498,32399,12211,12455,24666,9648,10245,19893,8081,8354,16435,5717,6499,12216,3330,5873,9203,941,2760,3701,86635,93624,180259
2020-12-23,8772,8202,16974,7451,7396,14847,15040,15780,30820,16210,16790,33000,12417,12698,25115,9823,10400,20223,8215,8505,16720,5783,6565,12348,3358,5911,9269,948,2775,3723,88017,95022,183039
2020-12-24,8805,8244,17049,7508,7463,14971,15187,15929,31116,16401,16957,33358,12550,12812,25362,9902,10492,20394,8284,8593,16877,5827,6604,12431,3363,5934,9297,951,2780,3731,88778,95808,184586
2020-12-25,8825,8261,17086,7531,7488,15019,15230,15959,31189,16448,17015,33463,12580,12841,25421,9927,10525,20452,8299,8617,16916,5841,6613,12454,3370,5950,9320,954,2784,3738,89005,96053,185058
2020-12-26,8881,8303,17184,7646,7620,15266,15411,16189,31600,16738,17285,34023,12762,13058,25820,10083,10680,20763,8390,8736,17126,5889,6676,12565,3389,5981,9370,955,2796,3751,90144,97324,187468
2020-12-27,8917,8336,17253,7790,7748,15538,15614,16365,31979,17016,17533,34549,12997,13277,26274,10249,10866,21115,8535,8874,17409,5948,6754,12702,3414,6017,9431,958,2807,3765,91438,98577,190015
2020-12-28,8986,8399,17385,7958,7920,15878,15929,16692,32621,17438,17940,35378,13279,13587,26866,10468,11108,21576,8682,9055,17737,6016,6841,12857,3441,6063,9504,961,2823,3784,93158,100428,193586
2020-12-29,9050,8457,17507,8107,8083,16190,16225,17009,33234,17761,18232,35993,13549,13858,27407,10649,11283,21932,8823,9223,18046,6094,6934,13028,3465,6114,9579,970,2838,3808,94693,102031,196724
2020-12-30,9111,8509,17620,8281,8270,16551,16535,17289,33824,18153,18588,36741,13805,14131,27936,10851,11525,22376,8970,9380,18350,6175,7018,13193,3491,6158,9649,973,2850,3823,96345,103718,200063
2020-12-31,9154,8553,17707,8405,8380,16785,16768,17511,34279,18379,18859,37238,13991,14344,28335,10987,11659,22646,9037,9466,18503,6215,7075,13290,3504,6186,9690,973,2857,3830,97413,104890,202303
2021-01-01,9173,8568,17741,8430,8408,16838,16808,17559,34367,18424,18916,37340,14033,14381,28414,11022,11696,22718,9058,9489,18547,6232,7092,13324,3509,6202,9711,974,2861,3835,97663,105172,202835
2021-01-02,9228,8611,17839,8541,8534,17075,17012,17774,34786,18671,19178,37849,14212,14581,28793,11149,11875,23024,9208,9629,18837,6297,7161,13458,3524,6240,9764,977,2869,3846,98819,106452,205271
2021-01-03,9267,8652,17919,8719,8703,17422,17310,18099,35409,19066,19565,38631,14477,14896,29373,11344,12122,23466,9389,9815,19204,6372,7264,13636,3548,6277,9825,980,2875,3855,100472,108268,208740
2021-01-04,9325,8706,18031,8863,8839,17702,17693,18513,36206,19473,20015,39488,14792,15231,30023,11546,12377,23923,9561,9987,19548,6465,7359,13824,3582,6339,9921,984,2887,3871,102284,110253,212537
2021-01-05,9374,8768,18142,9044,9007,18051,18087,18952,37039,19915,20479,40394,15122,15559,30681,11766,12637,24403,9739,10244,19983,6563,7469,14032,3609,6396,10005,989,2898,3887,104208,112409,216617
2021-01-06,9429,8821,18250,9241,9191,18432,18493,19338,37831,20339,20887,41226,15465,15898,31363,12018,12905,24923,9926,10459,20385,6663,7585,14248,3640,6453,10093,993,2918,3911,106207,114455,220662
2021-01-07,9483,8871,18354,9385,9354,18739,18795,19662,38457,20691,21227,41918,15728,16148,31876,12196,13119,25315,10078,10626,20704,6743,7694,14437,3667,6504,10171,995,2928,3923,107761,116133,223894
2021-01-08,9546,8920,18466,9539,9536,19075,19132,19989,39121,20990,21582,42572,15939,16438,32377,12376,13323,25699,10194,10777,20971,6814,7800,14614,3694,6541,10235,1002,2937,3939,109226,117843,227069
2021-01-09,9584,8968,18552,9669,9698,19367,19378,20294,39672,21330,21936,43266,16165,16703,32868,12555,13518,26073,10311,10948,21259,6866,7874,14740,3716,6580,10296,1002,2949,3951,110576,119468,230044
2021-01-10,9634,9017,18651,9822,9865,19687,19637,20574,40211,21623,22293,43916,16394,16957,33351,12723,13714,26437,10440,11061,21501,6910,7948,14858,3728,6612,10340,1003,2961,3964,111914,121002,232916
2021-01-11,9696,9062,18758,9997,10052,20049,20013,20979,40992,21999,22719,44718,16672,17255,33927,12927,13933,26860,10576,11238,21814,6986,8024,15010,3750,6652,10402,1004,2969,3973,113620,122883,236503
2021-01-12,9768,9108,18876,10150,10215,20365,20317,21337,41654,22293,23048,45341,16898,17517,34415,13096,14151,27247,10716,11373,22089,7039,8096,15135,3779,6683,10462,1007,2979,3986,115063,124507,239570
2021-01-13,9845,9177,19022,10330,10414,20744,20682,21705,42387,22621,23404,46025,17174,17791,34965,13290,14388,27678,10874,11563,22437,7113,8173,15286,3797,6730,10527,1013,2983,3996,116739,126328,243067
2021-01-14,9904,9237,19141,10515,10603,21118,21004,22060,43064,22944,23775,46719,17409,18072,35481,13490,14639,28129,11014,11729,22743,7176,8250,15426,3817,6767,10584,1016,2989,4005,118289,128121,246410
2021-01-15,9973,9294,19267,10796,10895,21691,21397,22500,43897,23414,24269,47683,17776,18451,36227,13787,14949,28736,11184,11932,23116,7247,8349,15596,3842,6810,10652,1019,2998,4017,120435,130447,250882
2021-01-16,10014,9323,19337,11118,11211,22329,21734,22896,44630,23845,24739,48584,18170,18863,37033,14078,15225,29303,11379,12147,23526,7356,8453,15809,3865,6851,10716,1021,3007,4028,122580,132715,255295
2021-01-17,10058,9348,19406,11383,11497,22880,22066,23304,45370,24227,25143,49370,18558,19295,37853,14339,15503,29842,11515,12309,23824,7424,8531,15955,3883,6876,10759,1023,3009,4032,124476,134815,259291
2021-01-18,10123,9407,19530,11729,11846,23575,22507,23779,46286,24716,25645,50361,19010,19750,38760,14680,15862,30542,11743,12564,24307,7527,8654,16181,3913,6925,10838,1026,3018,4044,126974,137450,264424
2021-01-19,10188,9459,19647,12054,12139,24193,22932,24208,47140,25201,26128,51329,19429,20197,39626,14973,16209,31182,11962,12817,24779,7631,8784,16415,3934,6974,10908,1033,3034,4067,129337,139949,269286
2021-01-20,10254,9518,19772,12375,12442,24817,23324,24647,47971,25632,26547,52179,19838,20614,40452,15291,16548,31839,12203,13070,25273,7748,8917,16665,3960,7020,10980,1041,3047,4088,131666,142370,274036
2021-01-21,10335,9577,19912,12585,12692,25277,23667,24991,48658,25949,26915,52864,20123,20956,41079,15508,16852,32360,12382,13252,25634,7829,9007,16836,3997,7063,11060,1048,3060,4108,133423,144365,277788
2021-01-22,10389,9634,20023,12834,12917,25751,23949,25327,49276,26226,27239,53465,20405,21277,41682,15726,17091,32817,12538,13434,25972,7906,9100,17006,4016,7106,11122,1051,3063,4114,135040,146188,281228
2021-01-23,10427,9665,20092,13092,13139,26231,24250,25658,49908,26530,27572,54102,20665,21519,42184,15942,17324,33266,12649,13569,26218,7954,9160,17114,4032,7136,11168,1054,3070,4124,136595,147812,284407
2021-01-24,10460,9702,20162,13373,13411,26784,24588,26003,50591,26849,27902,54751,20990,21860,42850,16188,17574,33762,12795,13726,26521,8008,9238,17246,4053,7167,11220,1056,3076,4132,138360,149659,288019
2021-01-25,10518,9780,20298,13732,13736,27468,25023,26460,51483,27241,28354,55595,21370,22275,43645,16455,17877,34332,13005,13938,26943,8105,9351,17456,4083,7226,11309,1062,3088,4150,140594,152085,292679
2021-01-26,10599,9842,20441,14050,14005,28055,25386,26831,52217,27588,28694,56282,21690,22616,44306,16695,18162,34857,13178,14141,27319,8192,9450,17642,4112,7283,11395,1067,3102,4169,142557,154126,296683
2021-01-27,10671,9904,20575,14309,14278,28587,25736,27195,52931,27930,29054,56984,21980,22959,44939,16917,18437,35354,13343,14305,27648,8261,9534,17795,4144,7328,11472,1069,3117,4186,144360,156111,300471
2021-01-28,10737,9964,20701,14527,14491,29018,26032,27499,53531,28233,29356,57589,22215,23218,45433,17110,18675,35785,13492,14476,27968,8346,9631,17977,4174,7372,11546,1074,3131,4205,145940,157813,303753
2021-01-29,10787,10032,20819,14846,14799,29645,26413,27875,54288,28620,29787,58407,22561,23616,46177,17386,18970,36356,13695,14717,28412,8430,9759,18189,4197,7428,11625,1078,3140,4218,148013,160123,308136
2021-01-30,10827,10056,20883,15259,15218,30477,26754,28255,55009,29020,30247,59267,23005,24100,47105,17722,19332,37054,13878,14962,28840,8521,9878,18399,4218,7473,11691,1081,3148,4229,150285,162669,312954
2021-01-31,10863,10087,20950,15876,15818,31694,27196,28719,55915,29562,30797,60359,23653,24810,48463,18167,19816,37983,14099,15215,29314,8614,10001,18615,4242,7515,11757,1083,3160,4243,153355,165938,319293
2021-02-01,10918,10140,21058,16361,16382,32743,27594,29219,56813,30059,31342,61401,24235,25407,49642,18622,20266,38888,14355,15529,29884,8702,10159,18861,4282,7564,11846,1086,3169,4255,156214,169177,325391
2021-02-02,10964,10194,21158,16773,16846,33619,27974,29624,57598,30509,31849,62358,24799,26013,50812,19030,20717,39747,14629,15833,30462,8854,10337,19191,4319,7618,11937,1090,3182,4272,158941,172213,331154
2021-02-03,11013,10255,21268,17121,17163,34284,28333,30035,58368,30916,32281,63197,25237,26486,51723,19353,21071,40424,14875,16116,30991,8972,10495,19467,4353,7678,12031,1095,3192,4287,161268,174772,336040
2021-02-04,11073,10307,21380,17332,17359,34691,28608,30359,58967,31226,32614,63840,25494,26831,52325,19577,21335,40912,15021,16333,31354,9054,10613,19667,4380,7718,12098,1098,3208,4306,162863,176677,339540
2021-02-05,11128,10364,21492,17533,17560,35093,28879,30650,59529,31508,32916,64424,25758,27090,52848,19769,21560,41329,15172,16529,31701,9136,10706,19842,4394,7765,12159,1100,3216,4316,164377,178356,342733
2021-02-06,11162,10397,21559,17753,17784,35537,29114,30920,60034,31777,33249,65026,26010,27386,53396,19998,21814,41812,15304,16695,31999,9193,10797,19990,4411,7796,12207,1100,3224,4324,165822,180062,345884
2021-02-07,11201,10439,21640,17983,18024,36007,29342,31189,60531,32074,33574,65648,26278,27679,53957,20212,22066,42278,15426,16828,32254,9259,10864,20123,4428,7822,12250,1106,3229,4335,167309,181714,349023
2021-02-08,11262,10490,21752,18283,18389,36672,29687,31569,61256,32477,34033,66510,26714,28162,54876,20489,22391,42880,15595,17044,32639,9347,10976,20323,4454,7883,12337,1110,3245,4355,169418,184182,353600
2021-02-09,11315,10530,21845,18548,18675,37223,30009,31907,61916,32903,34439,67342,27072,28576,55648,20777,22691,43468,15807,17264,33071,9444,11101,20545,4488,7945,12433,1115,3259,4374,171478,186387,357865
2021-02-10,11368,10567,21935,18744,18870,37614,30278,32217,62495,33224,34809,68033,27405,28904,56309,20980,22967,43947,15962,17449,33411,9535,11200,20735,4518,7983,12501,1115,3269,4384,173129,188235,361364
2021-02-11,11424,10611,22035,18915,19078,37993,30506,32507,63013,33552,35142,68694,27686,29224,56910,21171,23206,44377,16118,17619,33737,9614,11283,20897,4545,8033,12578,1119,3279,4398,174650,189982,364632
2021-02-12,11477,10651,22128,19130,19302,38432,30738,32753,63491,33884,35494,69378,27998,29577,57575,21372,23453,44825,16265,17824,34089,9696,11381,21077,4574,8081,12655,1121,3294,4415,176255,191810,368065
2021-02-13,11510,10679,22189,19389,19597,38986,30982,33022,64004,34259,35880,70139,28344,30002,58346,21596,23715,45311,16418,17995,34413,9753,11472,21225,4596,8117,12713,1124,3305,4429,177971,193784,371755
2021-02-14,11538,10701,22239,19649,19887,39536,31181,33292,64473,34615,36307,70922,28753,30454,59207,21821,23989,45810,16593,18170,34763,9826,11585,21411,4611,8139,12750,1126,3317,4443,179713,195841,375554
2021-02-15,11565,10746,22311,19994,20262,40256,31485,33634,65119,35051,36801,71852,29266,30996,60262,22154,24322,46476,16759,18370,35129,9900,11693,21593,4628,8191,12819,1128,3329,4457,181930,198344,380274
2021-02-16,11594,10771,22365,20346,20587,40933,31863,34091,65954,35578,37397,72975,29754,31554,61308,22462,24601,47063,16913,18529,35442,9970,11795,21765,4643,8225,12868,1136,3335,4471,184259,200885,385144
2021-02-17,11638,10824,22462,20573,20844,41417,32335,34593,66928,36039,37871,73910,30120,31942,62062,22719,24903,47622,17138,18767,35905,10067,11923,21990,4664,8278,12942,1141,3348,4489,186434,203293,389727
2021-02-18,11678,10875,22553,20778,21074,41852,32710,35012,67722,36465,38336,74801,30451,32317,62768,22989,25187,48176,17325,18990,36315,10165,12052,22217,4692,8323,13015,1143,3354,4497,188396,205520,393916
2021-02-19,11732,10916,22648,20960,21324,42284,33063,35382,68445,36832,38762,75594,30778,32668,63446,23226,25473,48699,17500,19205,36705,10259,12175,22434,4715,8370,13085,1146,3362,4508,190211,207637,397848
2021-02-20,11777,10948,22725,21122,21536,42658,33367,35701,69068,37153,39149,76302,31074,33011,64085,23438,25744,49182,17632,19428,37060,10323,12257,22580,4739,8409,13148,1150,3366,4516,191775,209549,401324
2021-02-21,11820,10978,22798,21296,21744,43040,33610,36043,69653,37487,39527,77014,31355,33326,64681,23600,25979,49579,17785,19617,37402,10383,12335,22718,4761,8442,13203,1155,3375,4530,193252,211366,404618
2021-02-22,11882,11051,22933,21463,21976,43439,33933,36409,70342,37843,39967,77810,31664,33674,65338,23836,26260,50096,17959,19842,37801,10468,12438,22906,4801,8479,13280,1158,3380,4538,195007,213476,408483
2021-02-23,11955,11108,23063,21628,22155,43783,34218,36734,70952,38171,40317,78488,31931,33994,65925,24059,26521,50580,18131,20053,38184,10562,12559,23121,4832,8519,13351,1165,3396,4561,196652,215356,412008
2021-02-24,12007,11186,23193,21794,22345,44139,34441,37006,71447,38455,40633,79088,32132,34256,66388,24239,26725,50964,18314,20220,38534,10648,12664,23312,4854,8561,13415,1167,3406,4573,198051,217002,415053
2021-02-25,12093,11263,23356,21918,22493,44411,34685,37268,71953,38703,40899,79602,32356,34465,66821,24403,26933,51336,18442,20390,38832,10714,12762,23476,4874,8599,13473,1171,3422,4593,199359,218494,417853
2021-02-26,12157,11327,23484,22046,22634,44680,34923,37564,72487,39005,41184,80189,32576,34723,67299,24582,27141,51723,18578,20598,39176,10779,12861,23640,4894,8636,13530,1173,3439,4612,200713,220107,420820
2021-02-27,12200,11361,23561,22184,22815,44999,35150,37840,72990,39304,41533,80837,32787,34963,67750,24787,27396,52183,18750,20803,39553,10852,12961,23813,4915,8684,13599,1174,3446,4620,202103,221802,423905
2021-02-28,12242,11408,23650,22372,23029,45401,35430,38181,73611,39690,41987,81677,33098,35301,68399,25070,27758,52828,18973,21060,40033,10971,13087,24058,4938,8726,13664,1176,3455,4631,203960,223992,427952
2021-03-01,12337,11488,23825,22493,23197,45690,35696,38439,74135,39991,42270,82261,33330,35529,68859,25217,27939,53156,19113,21236,40349,11044,13205,24249,4960,8770,13730,1181,3469,4650,205362,225542,430904
2021-03-02,12448,11573,24021,22642,23342,45984,35936,38694,74630,40238,42553,82791,33544,35737,69281,25386,28164,53550,19227,21392,40619,11121,13281,24402,4994,8810,13804,1184,3476,4660,206720,227022,433742
2021-03-03,12547,11647,24194,22756,23460,46216,36109,38925,75034,40469,42791,83260,33717,35920,69637,25545,28362,53907,19388,21585,40973,11206,13390,24596,5011,8842,13853,1184,3490,4674,207932,228412,436344
2021-03-04,12633,11726,24359,22872,23606,46478,36297,39117,75414,40692,42999,83691,33874,36098,69972,25657,28545,54202,19515,21780,41295,11276,13496,24772,5033,8879,13912,1190,3505,4695,209039,229751,438790
2021-03-05,12706,11795,24501,22984,23729,46713,36481,39368,75849,40937,43245,84182,34025,36258,70283,25796,28733,54529,19649,21937,41586,11354,13591,24945,5052,8912,13964,1190,3511,4701,210174,231079,441253
2021-03-06,12757,11843,24600,23071,23830,46901,36661,39560,76221,41140,43455,84595,34165,36424,70589,25902,28882,54784,19748,22048,41796,11404,13664,25068,5073,8940,14013,1192,3516,4708,211113,232162,443275
2021-03-07,12802,11891,24693,23162,23922,47084,36823,39772,76595,41344,43677,85021,34280,36604,70884,26033,29056,55089,19873,22207,42080,11453,13737,25190,5093,8978,14071,1196,3520,4716,212059,233364,445423
2021-03-08,12898,11981,24879,23283,24071,47354,37016,40018,77034,41589,43950,85539,34478,36806,71284,26225,29279,55504,20055,22402,42457,11539,13832,25371,5115,9024,14139,1199,3531,4730,213397,234894,448291
2021-03-09,13017,12107,25124,23413,24196,47609,37215,40228,77443,41838,44209,86047,34684,37005,71689,26406,29485,55891,20207,22635,42842,11641,13944,25585,5140,9062,14202,1203,3538,4741,214764,236409,451173
2021-03-10,13144,12216,25360,23549,24329,47878,37415,40432,77847,42094,44464,86558,34853,37189,72042,26556,29680,56236,20353,22797,43150,11723,14057,25780,5162,9109,14271,1207,3547,4754,216056,237820,453876
2021-03-11,13240,12332,25572,23643,24446,48089,37577,40637,78214,42278,44674,86952,34973,37341,72314,26660,29827,56487,20467,22948,43415,11784,14135,25919,5187,9140,14327,1209,3562,4771,217018,239042,456060
2021-03-12,13356,12449,25805,23765,24592,48357,37755,40863,78618,42517,44941,87458,35141,37538,72679,26804,30031,56835,20596,23130,43726,11863,14228,26091,5210,9185,14395,1213,3574,4787,218220,240531,458751
2021-03-13,13440,12515,25955,23857,24692,48549,37953,41076,79029,42753,45179,87932,35294,37698,72992,26938,30218,57156,20751,23303,44054,11927,14305,26232,5222,9222,14444,1218,3577,4795,219353,241785,461138
2021-03-14,13500,12606,26106,23941,24793,48734,38116,41303,79419,42989,45433,88422,35449,37870,73319,27096,30419,57515,20908,23492,44400,11992,14406,26398,5241,9250,14491,1222,3586,4808,220454,243158,463612
2021-03-15,13667,12738,26405,24086,24947,49033,38334,41582,79916,43244,45729,88973,35667,38111,73778,27292,30633,57925,21087,23694,44781,12083,14541,26624,5261,9300,14561,1226,3600,4826,221947,244875,466822
2021-03-16,13806,12875,26681,24218,25105,49323,38513,41805,80318,43500,46004,89504,35842,38281,74123,27456,30835,58291,21233,23885,45118,12159,14648,26807,5275,9343,14618,1231,3615,4846,223233,246396,469629
2021-03-17,13907,12984,26891,24346,25242,49588,38711,42039,80750,43689,46201,89890,35993,38454,74447,27606,31005,58611,21377,24048,45425,12222,14746,26968,5294,9385,14679,1233,3628,4861,224378,247732,472110
2021-03-18,14016,13072,27088,24433,25353,49786,38872,42230,81102,43889,46378,90267,36122,38609,74731,27705,31149,58854,21487,24188,45675,12288,14828,27116,5310,9416,14726,1235,3635,4870,225357,248858,474215
2021-03-19,14130,13173,27303,24569,25486,50055,39045,42443,81488,44100,46602,90702,36254,38769,75023,27829,31308,59137,21599,24350,45949,12358,14900,27258,5327,9444,14771,1240,3644,4884,226451,250119,476570
2021-03-20,14177,13228,27405,24656,25586,50242,39186,42598,81784,44262,46799,91061,36380,38917,75297,27948,31455,59403,21706,24466,46172,12424,14969,27393,5341,9473,14814,1244,3651,4895,227324,251142,478466
2021-03-21,14257,13292,27549,24741,25682,50423,39346,42764,82110,44462,46991,91453,36509,39058,75567,28068,31615,59683,21803,24606,46409,12463,15037,27500,5358,9500,14858,1247,3660,4907,228254,252205,480459
2021-03-22,14363,13415,27778,24880,25807,50687,39537,43022,82559,44690,47229,91919,36688,39241,75929,28242,31815,60057,21938,24771,46709,12534,15124,27658,5384,9551,14935,1251,3682,4933,229507,253657,483164
2021-03-23,14482,13531,28013,25022,25934,50956,39728,43247,82975,44884,47441,92325,36848,39388,76236,28396,31990,60386,22071,24953,47024,12608,15220,27828,5408,9579,14987,1252,3694,4946,230699,254977,485676
2021-03-24,14555,13610,28165,25124,26037,51161,39862,43390,83252,45050,47632,92682,36955,39523,76478,28503,32124,60627,22142,25057,47199,12658,15297,27955,5418,9612,15030,1253,3700,4953,231520,255982,487502
2021-03-25,14646,13707,28353,25240,26166,51406,40035,43605,83640,45259,47829,93088,37125,39720,76845,28626,32273,60899,22247,25190,47437,12718,15371,28089,5444,9645,15089,1257,3704,4961,232597,257210,489807
2021-03-26,14775,13816,28591,25379,26319,51698,40228,43821,84049,45484,48050,93534,37282,39907,77189,28747,32446,61193,22345,25343,47688,12789,15456,28245,5466,9678,15144,1260,3714,4974,233755,258550,492305
2021-03-27,14865,13894,28759,25449,26402,51851,40390,43979,84369,45686,48258,93944,37426,40070,77496,28872,32601,61473,22467,25479,47946,12831,15521,28352,5480,9711,15191,1265,3719,4984,234731,259634,494365
2021-03-28,14935,13944,28879,25513,26490,52003,40515,44138,84653,45856,48453,94309,37575,40226,77801,28987,32756,61743,22563,25618,48181,12874,15563,28437,5499,9735,15234,1267,3725,4992,235584,260648,496232
2021-03-29,15051,14047,29098,25667,26620,52287,40695,44352,85047,46064,48685,94749,37754,40436,78190,29142,32921,62063,22667,25782,48449,12925,15617,28542,5515,9768,15283,1268,3734,5002,236748,261962,498710
2021-03-30,15152,14148,29300,25792,26744,52536,40844,44527,85371,46258,48889,95147,37900,40612,78512,29263,33056,62319,22770,25925,48695,12967,15678,28645,5536,9797,15333,1272,3742,5014,237754,263118,500872
2021-03-31,15234,14227,29461,25894,26835,52729,41007,44712,85719,46442,49092,95534,38026,40770,78796,29347,33183,62530,22831,26008,48839,12995,15723,28718,5553,9818,15371,1274,3752,5026,238603,264120,502723
2021-04-01,15312,14314,29626,25999,26929,52928,41178,44905,86083,46636,49275,95911,38166,40931,79097,29460,33321,62781,22921,26126,49047,13039,15783,28822,5564,9836,15400,1276,3762,5038,239551,265182,504733
2021-04-02,15402,14376,29778,26097,27044,53141,41332,45073,86405,46824,49445,96269,38310,41070,79380,29564,33459,63023,23001,26219,49220,13081,15821,28902,5579,9848,15427,1278,3768,5046,240468,266123,506591
2021-04-03,15463,14441,29904,26189,27163,53352,41485,45242,86727,47005,49647,96652,38455,41226,79681,29676,33598,63274,23109,26313,49422,13113,15878,28991,5597,9883,15480,1281,3772,5053,241373,267163,508536
2021-04-04,15541,14508,30049,26364,27344,53708,41697,45492,87189,47271,49956,97227,38643,41469,80112,29805,33769,63574,23188,26432,49620,13150,15927,29077,5614,9909,15523,1281,3779,5060,242554,268585,511139
2021-04-05,15647,14621,30268,26595,27575,54170,41980,45816,87796,47585,50276,97861,38900,41772,80672,29983,33993,63976,23306,26590,49896,13201,15991,29192,5628,9946,15574,1286,3788,5074,244111,270368,514479
2021-04-06,15758,14755,30513,26784,27783,54567,42315,46105,88420,47908,50630,98538,39145,42038,81183,30159,34204,64363,23437,26791,50228,13274,16090,29364,5652,9982,15634,1289,3804,5093,245721,272182,517903
2021-04-07,15884,14877,30761,27002,27991,54993,42611,46409,89020,48208,50978,99186,39412,42306,81718,30335,34440,64775,23551,26960,50511,13335,16179,29514,5665,10022,15687,1290,3812,5102,247293,273974,521267
2021-04-08,16002,14983,30985,27181,28163,55344,42845,46704,89549,48488,51304,99792,39616,42523,82139,30483,34644,65127,23663,27111,50774,13390,16253,29643,5682,10053,15735,1292,3826,5118,248642,275564,524206
2021-04-09,16097,15072,31169,27305,28306,55611,42989,46922,89911,48672,51499,100171,39778,42695,82473,30596,34789,65385,23741,27213,50954,13432,16305,29737,5690,10076,15766,1295,3833,5128,249595,276710,526305
2021-04-10,16164,15137,31301,27426,28449,55875,43191,47121,90312,48894,51706,100600,39920,42857,82777,30716,34927,65643,23825,27316,51141,13451,16345,29796,5697,10093,15790,1296,3836,5132,250580,277787,528367
2021-04-11,16227,15208,31435,27525,28568,56093,43328,47261,90589,49056,51908,100964,40084,43015,83099,30825,35052,65877,23917,27407,51324,13478,16383,29861,5710,10116,15826,1298,3841,5139,251448,278759,530207
2021-04-12,16337,15304,31641,27689,28723,56412,43516,47482,90998,49288,52174,101462,40276,43253,83529,30969,35269,66238,24024,27539,51563,13514,16440,29954,5725,10144,15869,1300,3853,5153,252638,280181,532819
2021-04-13,16446,15380,31826,27801,28835,56636,43707,47677,91384,49527,52414,101941,40447,43453,83900,31109,35425,66534,24103,27628,51731,13563,16478,30041,5735,10161,15896,1303,3861,5164,253741,281312,535053
2021-04-14,16553,15469,32022,27909,28927,56836,43831,47827,91658,49680,52573,102253,40553,43585,84138,31198,35545,66743,24211,27726,51937,13607,16544,30151,5752,10185,15937,1308,3866,5174,254602,282247,536849
2021-04-15,16665,15569,32234,28042,29092,57134,44052,48062,92114,49920,52820,102740,40780,43824,84604,31355,35753,67108,24314,27844,52158,13638,16594,30232,5767,10214,15981,1310,3874,5184,255843,283646,539489
2021-04-16,16765,15676,32441,28161,29216,57377,44287,48308,92595,50186,53113,103299,40978,44049,85027,31518,35973,67491,24440,28002,52442,13676,16649,30325,5776,10242,16018,1311,3883,5194,257098,285111,542209
2021-04-17,16870,15763,32633,28287,29326,57613,44464,48491,92955,50443,53326,103769,41166,44258,85424,31651,36125,67776,24537,28112,52649,13710,16714,30424,5791,10283,16074,1315,3888,5203,258234,286286,544520
2021-04-18,16926,15836,32762,28365,29401,57766,44619,48650,93269,50619,53536,104155,41344,44413,85757,31776,36265,68041,24639,28214,52853,13744,16760,30504,5813,10306,16119,1318,3895,5213,259163,287276,546439
2021-04-19,17053,15927,32980,28505,29562,58067,44857,48894,93751,50890,53807,104697,41567,44636,86203,31950,36458,68408,24765,28354,53119,13787,16832,30619,5821,10346,16167,1322,3908,5230,260517,288724,549241
2021-04-20,17175,16055,33230,28624,29682,58306,45043,49102,94145,51094,54043,105137,41768,44845,86613,32103,36612,68715,24900,28512,53412,13840,16897,30737,5848,10377,16225,1326,3917,5243,261721,290042,551763
2021-04-21,17284,16143,33427,28728,29773,58501,45216,49265,94481,51274,54232,105506,41925,45014,86939,32224,36760,68984,25001,28632,53633,13886,16942,30828,5861,10421,16282,1328,3923,5251,262727,291105,553832
2021-04-22,17407,16257,33664,28875,29917,58792,45406,49463,94869,51509,54500,106009,42138,45261,87399,32389,36942,69331,25115,28786,53901,13933,17013,30946,5877,10466,16343,1329,3932,5261,263978,292537,556515
2021-04-23,17505,16351,33856,28997,30055,59052,45621,49695,95316,51759,54784,106543,42344,45512,87856,32551,37161,69712,25221,28937,54158,13990,17081,31071,5898,10492,16390,1333,3939,5272,265219,294007,559226
2021-04-24,17567,16400,33967,29042,30095,59137,45675,49770,95445,51836,54865,106701,42416,45604,88020,32597,37212,69809,25250,28976,54226,14019,17121,31140,5905,10520,16425,1335,3954,5289,265642,294517,560159
2021-04-25,17650,16483,34133,29133,30183,59316,45796,49919,95715,52010,55028,107038,42570,45758,88328,32724,37347,70071,25336,29069,54405,14054,17154,31208,5913,10542,16455,1335,3958,5293,266521,295441,561962
2021-04-26,17770,16599,34369,29267,30321,59588,46006,50124,96130,52238,55276,107514,42770,45990,88760,32912,37538,70450,25452,29197,54649,14125,17237,31362,5925,10575,16500,1339,3968,5307,267804,296825,564629
2021-04-27,17877,16693,34570,29394,30453,59847,46214,50371,96585,52453,55508,107961,42933,46203,89136,33070,37706,70776,25553,29327,54880,14174,17317,31491,5945,10609,16554,1343,3976,5319,268956,298163,567119
2021-04-28,17989,16807,34796,29512,30579,60091,46411,50580,96991,52683,55754,108437,43115,46401,89516,33211,37852,71063,25649,29448,55097,14220,17376,31596,5956,10634,16590,1347,3985,5332,270093,299416,569509
2021-04-29,18120,16919,35039,29686,30732,60418,46641,50849,97490,52973,56053,109026,43376,46662,90038,33395,38084,71479,25767,29607,55374,14294,17474,31768,5985,10683,16668,1349,4002,5351,271586,301065,572651
2021-04-30,18235,17015,35250,29796,30844,60640,46763,51029,97792,53139,56250,109389,43502,46824,90326,33509,38226,71735,25851,29727,55578,14352,17542,31894,6010,10727,16737,1352,4019,5371,272509,302203,574712
2021-05-01,18316,17087,35403,29898,30922,60820,46913,51187,98100,53315,56442,109757,43661,47020,90681,33622,38368,71990,25936,29822,55758,14398,17599,31997,6030,10771,16801,1353,4024,5377,273442,303242,576684
2021-05-02,18402,17162,35564,30004,31041,61045,47102,51400,98502,53568,56724,110292,43865,47292,91157,33783,38548,72331,26047,29973,56020,14449,17673,32122,6048,10798,16846,1356,4039,5395,274624,304650,579274
2021-05-03,18576,17318,35894,30163,31217,61380,47452,51752,99204,53940,57180,111120,44198,47681,91879,34038,38889,72927,26249,30252,56501,14551,17801,32352,6070,10858,16928,1359,4060,5419,276596,307008,583604
2021-05-04,18697,17442,36139,30345,31411,61756,47758,52070,99828,54316,57567,111883,44497,47998,92495,34284,39201,73485,26410,30477,56887,14654,17934,32588,6094,10901,16995,1361,4078,5439,278416,309079,587495
2021-05-05,18849,17573,36422,30493,31556,62049,48048,52414,100462,54650,57930,112580,44778,48285,93063,34487,39438,73925,26568,30639,57207,14742,18021,32763,6130,10946,17076,1368,4091,5459,280113,310893,591006
2021-05-06,18961,17708,36669,30698,31762,62460,48334,52796,101130,54991,58324,113315,45094,48580,93674,34723,39707,74430,26710,30812,57522,14823,18115,32938,6160,10996,17156,1372,4111,5483,281866,312911,594777
2021-05-07,19104,17835,36939,30916,31976,62892,48643,53200,101843,55330,58756,114086,45418,48960,94378,34924,40007,74931,26856,30997,57853,14899,18224,33123,6179,11031,17210,1374,4118,5492,283643,315104,598747
2021-05-08,19177,17912,37089,31009,32073,63082,48822,53402,102224,55563,58993,114556,45576,49131,94707,35053,40162,75215,26931,31087,58018,14946,18269,33215,6200,11058,17258,1375,4129,5504,284652,316216,600868
2021-05-09,19271,18002,37273,31114,32184,63298,48983,53591,102574,55768,59219,114987,45745,49336,95081,35175,40311,75486,27010,31185,58195,15002,18339,33341,6221,11081,17302,1382,4131,5513,285671,317379,603050
2021-05-10,19411,18141,37552,31277,32361,63638,49312,53913,103225,56134,59591,115725,46041,49709,95750,35417,40581,75998,27182,31380,58562,15090,18455,33545,6254,11134,17388,1383,4138,5521,287501,319403,606904
2021-05-11,19542,18252,37794,31431,32508,63939,49551,54172,103723,56432,59906,116338,46278,49960,96238,35585,40777,76362,27332,31541,58873,15167,18551,33718,6278,11167,17445,1387,4145,5532,288983,320979,609962
2021-05-12,19677,18363,38040,31559,32638,64197,49777,54453,104230,56718,60183,116901,46524,50218,96742,35771,40966,76737,27456,31702,59158,15223,18626,33849,6300,11209,17509,1392,4156,5548,290397,322514,612911
2021-05-13,19825,18467,38292,31686,32779,64465,50030,54768,104798,56991,60516,117507,46767,50467,97234,35928,41179,77107,27571,31840,59411,15279,18709,33988,6321,11260,17581,1393,4161,5554,291791,324146,615937
2021-05-14,19968,18621,38589,31847,32995,64842,50357,55128,105485,57380,60925,118305,47029,50837,97866,36166,41443,77609,27721,32037,59758,15356,18804,34160,6356,11304,17660,1398,4168,5566,293578,326262,619840
2021-05-15,20079,18735,38814,31968,33155,65123,50570,55416,105986,57642,61248,118890,47265,51121,98386,36347,41631,77978,27832,32180,60012,15403,18859,34262,6376,11337,17713,1399,4182,5581,294881,327864,622745
2021-05-16,20163,18835,38998,32065,33284,65349,50748,55599,106347,57855,61505,119360,47469,51340,98809,36501,41811,78312,27934,32299,60233,15449,18923,34372,6392,11374,17766,1400,4198,5598,295976,329168,625144
2021-05-17,20375,19026,39401,32291,33503,65794,51103,56028,107131,58322,62014,120336,47832,51780,99612,36808,42187,78995,28127,32529,60656,15564,19075,34639,6434,11446,17880,1403,4214,5617,298259,331802,630061
2021-05-18,20561,19205,39766,32516,33735,66251,51513,56418,107931,58778,62483,121261,48268,52225,100493,37112,42503,79615,28316,32756,61072,15663,19185,34848,6469,11496,17965,1407,4223,5630,300603,334229,634832
2021-05-19,20755,19361,40116,32745,33972,66717,51924,56883,108807,59260,62971,122231,48677,52644,101321,37391,42856,80247,28527,32983,61510,15758,19299,35057,6503,11540,18043,1415,4241,5656,302955,336750,639705
2021-05-20,20949,19559,40508,32992,34263,67255,52396,57396,109792,59771,63482,123253,49083,53102,102185,37672,43202,80874,28731,33198,61929,15845,19419,35264,6540,11594,18134,1417,4257,5674,305396,339472,644868
2021-05-21,21086,19683,40769,33182,34459,67641,52759,57841,110600,60198,63990,124188,49436,53522,102958,37934,43503,81437,28907,33411,62318,15938,19500,35438,6574,11663,18237,1418,4269,5687,307432,341841,649273
2021-05-22,21172,19747,40919,33286,34591,67877,52962,58105,111067,60471,64241,124712,49640,53746,103386,38077,43665,81742,29001,33503,62504,15985,19550,35535,6590,11709,18299,1419,4281,5700,308603,343138,651741
2021-05-23,21259,19817,41076,33371,34711,68082,53131,58289,111420,60672,64470,125142,49818,53911,103729,38205,43834,82039,29079,33612,62691,16032,19590,35622,6603,11758,18361,1428,4295,5723,309598,344287,653885
2021-05-24,21372,19912,41284,33518,34893,68411,53419,58558,111977,60985,64833,125818,50099,54241,104340,38448,44153,82601,29223,33799,63022,16123,19694,35817,6627,11806,18433,1431,4306,5737,311245,346195,657440
2021-05-25,21466,19984,41450,33649,35026,68675,53700,58860,112560,61263,65155,126418,50365,54508,104873,38676,44398,83074,29360,33966,63326,16196,19779,35975,6646,11844,18490,1436,4317,5753,312757,347837,660594
2021-05-26,21603,20099,41702,33840,35229,69069,54089,59246,113335,61663,65571,127234,50701,54896,105597,38989,44729,83718,29520,34183,63703,16290,19892,36182,6679,11913,18592,1444,4326,5770,314818,350084,664902
2021-05-27,21705,20212,41917,33963,35394,69357,54381,59598,113979,62016,65929,127945,50963,55156,106119,39224,45027,84251,29659,34357,64016,16379,19980,36359,6708,11951,18659,1445,4342,5787,316443,351946,668389
2021-05-28,21842,20337,42179,34141,35630,69771,54745,60006,114751,62413,66351,128764,51337,55566,106903,39552,45408,84960,29854,34608,64462,16463,20084,36547,6735,12003,18738,1449,4353,5802,318531,354346,672877
2021-05-29,21934,20417,42351,34252,35760,70012,54966,60278,115244,62719,66650,129369,51608,55831,107439,39718,45620,85338,29963,34740,64703,16511,20159,36670,6756,12046,18802,1453,4370,5823,319880,355871,675751
2021-05-30,22000,20484,42484,34348,35858,70206,55167,60516,115683,62951,66895,129846,51815,56035,107850,39843,45786,85629,30052,34837,64889,16546,20219,36765,6773,12072,18845,1457,4379,5836,320952,357081,678033
2021-05-31,22118,20599,42717,34517,36032,70549,55517,60886,116403,63352,67290,130642,52148,56406,108554,40044,46050,86094,30205,35027,65232,16645,20342,36987,6806,12134,18940,1457,4395,5852,322809,359161,681970
2021-06-01,22253,20722,42975,34680,36215,70895,55819,61217,117036,63720,67656,131376,52431,56760,109191,40267,46339,86606,30378,35233,65611,16737,20450,37187,6846,12179,19025,1461,4407,5868,324592,361178,685770
2021-06-02,22413,20846,43259,34858,36403,71261,56139,61593,117732,64075,68089,132164,52750,57106,109856,40483,46605,87088,30530,35441,65971,16836,20565,37401,6881,12228,19109,1468,4425,5893,326433,363301,689734
2021-06-03,22548,20986,43534,35050,36589,71639,56473,61943,118416,64466,68529,132995,53087,57458,110545,40707,46893,87600,30705,35642,66347,16926,20682,37608,6916,12258,19174,1472,4442,5914,328350,365422,693772
2021-06-04,22733,21160,43893,35253,36797,72050,56838,62373,119211,64861,68955,133816,53446,57834,111280,40979,47260,88239,30880,35867,66747,17025,20821,37846,6949,12320,19269,1474,4454,5928,330438,367841,698279
2021-06-05,22841,21256,44097,35362,36920,72282,57041,62640,119681,65108,69241,134349,53664,58076,111740,41144,47444,88588,30970,35972,66942,17079,20907,37986,6969,12352,19321,1479,4468,5947,331657,369276,700933
2021-06-06,22949,21376,44325,35477,37042,72519,57239,62865,120104,65336,69506,134842,53880,58300,112180,41321,47635,88956,31061,36095,67156,17131,20974,38105,6984,12381,19365,1479,4482,5961,332857,370656,703513
2021-06-07,23104,21554,44658,35648,37232,72880,57564,63236,120800,65736,69915,135651,54200,58692,112892,41573,47962,89535,31246,36331,67577,17256,21153,38409,7022,12491,19513,1488,4516,6004,334837,373082,707919
2021-06-08,23289,21718,45007,35808,37414,73222,57876,63618,121494,66139,70304,136443,54510,59040,113550,41836,48281,90117,31399,36510,67909,17344,21303,38647,7050,12546,19596,1492,4533,6025,336743,375267,712010
2021-06-09,23462,21887,45349,35999,37590,73589,58236,64016,122252,66544,70760,137304,54834,59413,114247,42097,48595,90692,31561,36709,68270,17443,21417,38860,7088,12609,19697,1496,4552,6048,338760,377548,716308
2021-06-10,23617,22058,45675,36179,37795,73974,58586,64445,123031,66963,71232,138195,55150,59788,114938,42333,48912,91245,31713,36914,68627,17552,21552,39104,7120,12659,19779,1503,4572,6075,340716,379927,720643
2021-06-11,23763,22210,45973,36330,37982,74312,58948,64877,123825,67344,71713,139057,55506,60233,115739,42576,49207,91783,31889,37109,68998,17645,21694,39339,7154,12737,19891,1510,4591,6101,342665,382353,725018
2021-06-12,23882,22321,46203,36459,38104,74563,59197,65151,124348,67628,72031,139659,55747,60496,116243,42744,49436,92180,32004,37255,69259,17706,21786,39492,7180,12774,19954,1514,4602,6116,344061,383956,728017
2021-06-13,24009,22453,46462,36593,38231,74824,59401,65363,124764,67881,72294,140175,55984,60765,116749,42902,49647,92549,32116,37379,69495,17752,21849,39601,7199,12808,20007,1520,4613,6133,345357,385402,730759
2021-06-14,24197,22615,46812,36797,38436,75233,59725,65797,125522,68283,72744,141027,56330,61183,117513,43160,49965,93125,32278,37619,69897,17868,21988,39856,7232,12868,20100,1537,4636,6173,347407,387851,735258
2021-06-15,24396,22804,47200,37021,38637,75658,60095,66186,126281,68694,73221,141915,56659,61616,118275,43414,50285,93699,32448,37821,70269,17961,22101,40062,7274,12919,20193,1540,4655,6195,349502,390245,739747
2021-06-16,24593,22986,47579,37229,38836,76065,60442,66595,127037,69110,73684,142794,56990,62030,119020,43632,50568,94200,32614,38010,70624,18050,22215,40265,7307,12969,20276,1541,4669,6210,351508,392562,744070
2021-06-17,24778,23164,47942,37440,39066,76506,60840,67050,127890,69565,74236,143801,57333,62459,119792,43852,50893,94745,32790,38217,71007,18167,22348,40515,7336,13022,20358,1543,4687,6230,353644,395142,748786
2021-06-18,24946,23321,48267,37637,39287,76924,61224,67461,128685,69983,74745,144728,57688,62919,120607,44065,51226,95291,32935,38415,71350,18234,22457,40691,7368,13057,20425,1547,4702,6249,355627,397590,753217
2021-06-19,25078,23451,48529,37769,39406,77175,61450,67751,129201,70274,75105,145379,57932,63232,121164,44207,51424,95631,33069,38551,71620,18312,22542,40854,7396,13118,20514,1551,4722,6273,357038,399302,756340
2021-06-20,25209,23562,48771,37875,39488,77363,61586,67945,129531,70465,75377,145842,58115,63450,121565,44347,51586,95933,33152,38656,71808,18376,22602,40978,7410,13150,20560,1552,4731,6283,358087,400547,758634
2021-06-21,25360,23713,49073,38020,39637,77657,61796,68244,130040,70775,75689,146464,58399,63762,122161,44560,51825,96385,33267,38788,72055,18455,22698,41153,7442,13183,20625,1555,4735,6290,359629,402274,761903
2021-06-22,25589,23915,49504,38266,39857,78123,62153,68714,130867,71213,76183,147396,58811,64242,123053,44797,52139,96936,33483,39055,72538,18554,22838,41392,7472,13249,20721,1566,4745,6311,361904,404937,766841
2021-06-23,25869,24144,50013,38550,40139,78689,62494,69207,131701,71686,76774,148460,59249,64829,124078,45024,52476,97500,33682,39287,72969,18652,22985,41637,7513,13325,20838,1572,4772,6344,364291,407938,772229
2021-06-24,26135,24390,50525,38822,40435,79257,62915,69767,132682,72216,77424,149640,59703,65381,125084,45318,52858,98176,33900,39580,73480,18757,23117,41874,7542,13379,20921,1576,4786,6362,366884,411117,778001
2021-06-25,26456,24670,51126,39130,40802,79932,63423,70439,133862,72846,78291,151137,60216,66084,126300,45705,53349,99054,34155,39936,74091,18894,23305,42199,7585,13453,21038,1585,4806,6391,369995,415135,785130
2021-06-26,26611,24824,51435,39300,40992,80292,63684,70749,134433,73185,78718,151903,60520,66456,126976,45914,53590,99504,34318,40144,74462,18980,23426,42406,7615,13502,21117,1590,4822,6412,371717,417223,788940
2021-06-27,26801,24992,51793,39443,41168,80611,63922,71035,134957,73497,79091,152588,60795,66811,127606,46099,53800,99899,34449,40289,74738,19055,23518,42573,7638,13548,21186,1591,4832,6423,373290,419084,792374
2021-06-28,27023,25175,52198,39596,41318,80914,64161,71350,135511,73850,79492,153342,61081,67149,128230,46300,54025,100325,34601,40440,75041,19130,23622,42752,7677,13587,21264,1593,4849,6442,375012,421007,796019
2021-06-29,27238,25429,52667,39841,41575,81416,64534,71850,136384,74343,80041,154384,61429,67612,129041,46562,54347,100909,34798,40646,75444,19240,23747,42987,7703,13657,21360,1595,4874,6469,377283,423778,801061
2021-06-30,27526,25701,53227,40150,41890,82040,64952,72411,137363,74876,80703,155579,61840,68095,129935,46837,54763,101600,34980,40900,75880,19344,23858,43202,7737,13719,21456,1600,4894,6494,379842,426934,806776
2021-07-01,27745,25918,53663,40421,42156,82577,65343,72970,138313,75351,81314,156665,62172,68603,130775,47093,55104,102197,35152,41134,76286,19446,23983,43429,7777,13783,21560,1604,4909,6513,382104,429874,811978
2021-07-02,28040,26168,54208,40755,42489,83244,65752,73522,139274,75832,82024,157856,62511,69168,131679,47346,55479,102825,35335,41393,76728,19558,24127,43685,7813,13840,21653,1609,4927,6536,384551,433137,817688
2021-07-03,28221,26368,54589,40924,42709,83633,66001,73872,139873,76174,82436,158610,62788,69531,132319,47532,55709,103241,35480,41564,77044,19628,24226,43854,7837,13887,21724,1616,4945,6561,386201,435247,821448
2021-07-04,28403,26576,54979,41095,42885,83980,66193,74175,140368,76459,82803,159262,63021,69845,132866,47718,55955,103673,35590,41703,77293,19682,24313,43995,7855,13926,21781,1620,4956,6576,387636,437137,824773
2021-07-05,28750,26880,55630,41383,43184,84567,66618,74723,141341,77015,83480,160495,63420,70408,133828,47988,56318,104306,35799,41950,77749,19808,24455,44263,7898,13987,21885,1625,4976,6601,390304,440361,830665
2021-07-06,29115,27219,56334,41755,43542,85297,67100,75304,142404,77566,84207,161773,63859,70976,134835,48266,56709,104975,35984,42197,78181,19923,24610,44533,7935,14053,21988,1629,5004,6633,393132,443821,836953
2021-07-07,29452,27512,56964,42086,43905,85991,67595,75902,143497,78105,84880,162985,64318,71498,135816,48561,57081,105642,36158,42424,78582,20021,24709,44730,7965,14116,22081,1638,5019,6657,395899,447046,842945
2021-07-08,29768,27831,57599,42479,44336,86815,68198,76587,144785,78708,85624,164332,64809,72204,137013,48903,57552,106455,36357,42737,79094,20137,24870,45007,8016,14170,22186,1642,5039,6681,399017,450950,849967
2021-07-09,29996,28081,58077,42756,44622,87378,68552,77013,145565,79106,86144,165250,65157,72672,137829,49124,57843,106967,36507,42897,79404,20213,24968,45181,8046,14219,22265,1647,5051,6698,401104,453510,854614
2021-07-10,30212,28296,58508,43005,44859,87864,68838,77373,146211,79428,86579,166007,65444,73056,138500,49336,58111,107447,36647,43087,79734,20291,25067,45358,8074,14266,22340,1652,5065,6717,402927,455759,858686
2021-07-11,30470,28532,59002,43199,45046,88245,69085,77677,146762,79729,86998,166727,65731,73472,139203,49554,58374,107928,36792,43243,80035,20362,25161,45523,8090,14292,22382,1658,5076,6734,404670,457871,862541
2021-07-12,30841,28900,59741,43581,45431,89012,69588,78343,147931,80347,87702,168049,66270,74141,140411,49878,58842,108720,37064,43500,80564,20482,25319,45801,8131,14347,22478,1669,5099,6768,407851,461624,869475
2021-07-13,31219,29205,60424,43928,45836,89764,70112,78959,149071,80857,88354,169211,66737,74737,141474,50193,59291,109484,37273,43770,81043,20602,25471,46073,8168,14416,22584,1678,5121,6799,410767,465160,875927
2021-07-14,31601,29558,61159,44407,46289,90696,70710,79617,150327,81397,89097,170494,67237,75379,142616,50519,59742,110261,37507,44022,81529,20711,25601,46312,8200,14467,22667,1682,5135,6817,413971,468907,882878
2021-07-15,31925,29843,61768,44893,46766,91659,71299,80310,151609,82005,89839,171844,67804,76157,143961,50876,60205,111081,37728,44295,82023,20818,25760,46578,8234,14524,22758,1690,5155,6845,417272,472854,890126
2021-07-16,32218,30112,62330,45301,47182,92483,71822,80945,152767,82544,90536,173080,68357,76831,145188,51176,60620,111796,37919,44560,82479,20909,25903,46812,8269,14582,22851,1693,5173,6866,420208,476444,896652
2021-07-17,32425,30329,62754,45567,47477,93044,72134,81354,153488,82895,91020,173915,68665,77223,145888,51391,60894,112285,38053,44713,82766,20995,26002,46997,8287,14609,22896,1699,5186,6885,422111,478807,900918
2021-07-18,32626,30504,63130,45782,47714,93496,72402,81713,154115,83207,91420,174627,68955,77574,146529,51615,61153,112768,38167,44844,83011,21070,26094,47164,8315,14652,22967,1703,5193,6896,423842,480861,904703
2021-07-19,32885,30748,63633,46060,48015,94075,72866,82271,155137,83671,92004,175675,69387,78100,147487,51922,61584,113506,38383,45122,83505,21183,26246,47429,8361,14709,23070,1707,5200,6907,426425,483999,910424
2021-07-20,33154,30991,64145,46313,48304,94617,73248,82777,156025,84101,92525,176626,69770,78586,148356,52184,61919,114103,38576,45351,83927,21283,26392,47675,8396,14771,23167,1714,5221,6935,428739,486837,915576
2021-07-21,33441,31265,64706,46668,48658,95326,73714,83375,157089,84603,93174,177777,70217,79196,149413,52533,62377,114910,38809,45673,84482,21408,26577,47985,8431,14847,23278,1719,5238,6957,431543,490380,921923
2021-07-22,33720,31512,65232,47049,49047,96096,74176,83982,158158,85192,93878,179070,70755,79895,150650,52890,62827,115717,39009,45946,84955,21518,26711,48229,8465,14909,23374,1725,5252,6977,434499,493959,928458
2021-07-23,33939,31701,65640,47320,49364,96684,74520,84431,158951,85621,94425,180046,71163,80363,151526,53177,63166,116343,39165,46149,85314,21599,26839,48438,8488,14957,23445,1730,5269,6999,436722,496664,933386
2021-07-24,34127,31889,66016,47581,49723,97304,74841,84839,159680,86075,94934,181009,71588,80874,152462,53451,63486,116937,39310,46377,85687,21689,26937,48626,8516,14998,23514,1733,5278,7011,438911,499335,938246
2021-07-25,34280,32061,66341,47875,50064,97939,75086,85168,160254,86495,95441,181936,72074,81445,153519,53726,63780,117506,39454,46538,85992,21778,27028,48806,8534,15034,23568,1739,5288,7027,441041,501847,942888
2021-07-26,34520,32316,66836,48256,50557,98813,75508,85780,161288,87085,96213,183298,72654,82162,154816,54105,64239,118344,39677,46861,86538,21895,27219,49114,8571,15105,23676,1747,5307,7054,444018,505759,949777
2021-07-27,34696,32483,67179,48471,50851,99322,75846,86179,162025,87428,96663,184091,73007,82544,155551,54292,64507,118799,39816,47040,86856,21977,27336,49313,8601,15155,23756,1750,5322,7072,445884,508080,953964
2021-07-28,34896,32653,67549,48726,51192,99918,76235,86623,162858,87857,97169,185026,73387,83014,156401,54546,64805,119351,39996,47268,87264,22079,27447,49526,8629,15199,23828,1756,5330,7086,448107,510700,958807
2021-07-29,35091,32825,67916,48998,51474,100472,76574,87078,163652,88283,97676,185959,73753,83474,157227,54775,65083,119858,40170,47473,87643,22161,27568,49729,8654,15232,23886,1761,5349,7110,450220,513232,963452
2021-07-30,35307,33022,68329,49349,51839,101188,77049,87670,164719,88831,98428,187259,74236,84118,158354,55117,65554,120671,40401,47786,88187,22256,27729,49985,8690,15294,23984,1769,5363,7132,453005,516803,969808
2021-07-31,35533,33239,68772,49676,52225,101901,77367,88095,165462,89353,99085,188438,74827,84791,159618,55459,65929,121388,40593,48042,88635,22356,27855,50211,8717,15326,24043,1771,5376,7147,455652,519963,975615
2021-08-01,35775,33492,69267,49978,52592,102570,77583,88417,166000,89742,99597,189339,75305,85385,160690,55702,66233,121935,40731,48222,88953,22432,27966,50398,8743,15385,24128,1778,5385,7163,457769,522674,980443
2021-08-02,36107,33770,69877,50374,53013,103387,77950,88918,166868,90288,100256,190544,75832,86109,161941,56036,66703,122739,41010,48549,89559,22547,28142,50689,8786,15457,24243,1783,5404,7187,460713,526321,987034
2021-08-03,36414,34073,70487,50701,53434,104135,78331,89451,167782,90754,100859,191613,76308,86732,163040,56364,67151,123515,41256,48875,90131,22705,28346,51051,8823,15515,24338,1787,5420,7207,463443,529856,993299
2021-08-04,36727,34348,71075,50997,53747,104744,78711,89902,168613,91188,101378,192566,76642,87200,163842,56613,67499,124112,41452,49143,90595,22794,28506,51300,8849,15571,24420,1789,5434,7223,465762,532728,998490
2021-08-05,37036,34675,71711,51310,54136,105446,79197,90524,169721,91708,102001,193709,77119,87780,164899,56932,67927,124859,41680,49430,91110,22912,28661,51573,8885,15634,24519,1798,5447,7245,468577,536215,1004792
2021-08-06,37389,34973,72362,51727,54528,106255,79690,91132,170822,92259,102660,194919,77592,88379,165971,57233,68384,125617,41941,49791,91732,23033,28872,51905,8926,15680,24606,1802,5459,7261,471592,539858,1011450
2021-08-07,37588,35202,72790,51971,54822,106793,80001,91486,171487,92611,103038,195649,77886,88744,166630,57444,68661,126105,42091,50011,92102,23114,29016,52130,8948,15728,24676,1808,5464,7272,473462,542172,1015634
2021-08-08,37864,35450,73314,52221,55099,107320,80219,91776,171995,92892,103402,196294,78194,89137,167331,57644,68918,126562,42248,50202,92450,23187,29102,52289,8963,15773,24736,1812,5474,7286,475244,544333,1019577
2021-08-09,38272,35817,74089,52508,55436,107944,80583,92332,172915,93365,103930,197295,78573,89612,168185,57934,69310,127244,42454,50462,92916,23306,29237,52543,9005,15830,24835,1822,5491,7313,477822,547457,1025279
2021-08-10,38716,36199,74915,52894,55794,108688,81002,92906,173908,93790,104500,198290,78969,90101,169070,58229,69674,127903,42676,50740,93416,23416,29393,52809,9043,15882,24925,1823,5504,7327,480558,550693,1031251
2021-08-11,39112,36592,75704,53302,56249,109551,81464,93501,174965,94293,105112,199405,79386,90687,170073,58521,70076,128597,42889,50995,93884,23531,29538,53069,9083,15947,25030,1834,5526,7360,483415,554223,1037638
2021-08-12,39494,36970,76464,53641,56648,110289,81870,94031,175901,94712,105663,200375,79797,91204,171001,58776,70437,129213,43064,51190,94254,23636,29660,53296,9120,16001,25121,1842,5539,7381,485952,557343,1043295
2021-08-13,39979,37392,77371,54171,57197,111368,82329,94664,176993,95285,106360,201645,80218,91808,172026,59078,70867,129945,43275,51498,94773,23770,29828,53598,9161,16064,25225,1847,5553,7400,489113,561231,1050344
2021-08-14,40257,37679,77936,54496,57504,112000,82589,95014,177603,95625,106779,202404,80534,92245,172779,59284,71162,130446,43417,51690,95107,23862,29934,53796,9185,16105,25290,1851,5562,7413,491100,563674,1054774
2021-08-15,40517,37946,78463,54734,57752,112486,82797,95278,178075,95897,107142,203039,80810,92557,173367,59498,71420,130918,43554,51861,95415,23941,30038,53979,9204,16148,25352,1853,5574,7427,492805,565716,1058521
2021-08-16,40848,38265,79113,55036,58052,113088,83026,95610,178636,96212,107539,203751,81124,92965,174089,59721,71675,131396,43681,52036,95717,24036,30139,54175,9231,16182,25413,1860,5587,7447,494775,568050,1062825
2021-08-17,41359,38701,80060,55536,58553,114089,83459,96195,179654,96782,108189,204971,81551,93555,175106,60067,72101,132168,43909,52323,96232,24160,30297,54457,9265,16259,25524,1865,5609,7474,497953,571782,1069735
2021-08-18,41863,39208,81071,56045,59036,115081,83837,96731,180568,97299,108848,206147,81980,94080,176060,60341,72516,132857,44107,52593,96700,24282,30468,54750,9297,16340,25637,1878,5631,7509,500929,575451,1076380
2021-08-19,42355,39649,82004,56503,59520,116023,84236,97315,181551,97824,109484,207308,82390,94640,177030,60643,72873,133516,44301,52854,97155,24371,30593,54964,9329,16388,25717,1885,5643,7528,503837,578959,1082796
2021-08-20,42946,40192,83138,57063,60121,117184,84678,97892,182570,98308,110156,208464,82809,95252,178061,60931,73301,134232,44508,53140,97648,24484,30771,55255,9363,16453,25816,1894,5660,7554,506984,582938,1089922
2021-08-21,43265,40534,83799,57357,60440,117797,84959,98296,183255,98691,110662,209353,83131,95695,178826,61158,73615,134773,44662,53358,98020,24569,30894,55463,9394,16500,25894,1897,5673,7570,509083,585667,1094750
2021-08-22,43694,40952,84646,57658,60755,118413,85193,98611,183804,99059,111148,210207,83455,96150,179605,61408,73919,135327,44827,53576,98403,24670,31004,55674,9420,16536,25956,1903,5687,7590,511287,588338,1099625
2021-08-23,44478,41715,86193,58236,61333,119569,85638,99212,184850,99634,111886,211520,83934,96820,180754,61738,74345,136083,45071,53917,98988,24811,31188,55999,9457,16601,26058,1907,5703,7610,514904,592720,1107624
2021-08-24,45274,42483,87757,58803,61877,120680,86069,99769,185838,100146,112615,212761,84366,97420,181786,62030,74776,136806,45290,54229,99519,24915,31332,56247,9507,16661,26168,1912,5721,7633,518312,596883,1115195
2021-08-25,46062,43220,89282,59320,62376,121696,86422,100297,186719,100627,113378,214005,84802,98051,182853,62332,75182,137514,45520,54562,100082,25062,31486,56548,9546,16700,26246,1917,5750,7667,521610,601002,1122612
2021-08-26,46866,43986,90852,59892,62949,122841,86846,100927,187773,101169,114144,215313,85259,98687,183946,62622,75596,138218,45748,54860,100608,25198,31666,56864,9590,16762,26352,1922,5769,7691,525112,605346,1130458
2021-08-27,47748,44781,92529,60480,63646,124126,87243,101526,188769,101725,114950,216675,85760,99421,185181,62954,76056,139010,45978,55174,101152,25324,31836,57160,9629,16834,26463,1926,5782,7708,528767,610006,1138773
2021-08-28,48251,45201,93452,60764,63940,124704,87504,101895,189399,102119,115430,217549,86056,99869,185925,63182,76339,139521,46133,55383,101516,25394,31942,57336,9666,16879,26545,1931,5789,7720,531000,612667,1143667
2021-08-29,48779,45703,94482,61003,64237,125240,87687,102160,189847,102437,115833,218270,86352,100274,186626,63379,76596,139975,46279,55550,101829,25467,32042,57509,9698,16918,26616,1933,5797,7730,533014,615110,1148124
2021-08-30,49705,46537,96242,61529,64755,126284,88036,102653,190689,102939,116527,219466,86821,100844,187665,63663,76984,140647,46489,55853,102342,25589,32204,57793,9752,16980,26732,1937,5818,7755,536460,619155,1155615
2021-08-31,50721,47460,98181,62176,65354,127530,88445,103257,191702,103460,117175,220635,87299,101472,188771,63966,77410,141376,46721,56172,102893,25725,32386,58111,9787,17048,26835,1944,5836,7780,540244,623570,1163814
2021-09-01,51659,48321,99980,62798,65949,128747,88853,103761,192614,103976,117883,221859,87724,102046,189770,64244,77778,142022,46937,56435,103372,25831,32552,58383,9826,17118,26944,1946,5854,7800,543794,627697,1171491
2021-09-02,52431,49039,101470,63289,66451,129740,89186,104193,193379,104467,118477,222944,88074,102647,190721,64501,78113,142614,47125,56681,103806,25947,32680,58627,9855,17164,27019,1952,5867,7819,546827,631312,1178139
2021-09-03,53079,49619,102698,63816,67022,130838,89595,104715,194310,104969,119158,224127,88531,103285,191816,64785,78535,143320,47369,56983,104352,26077,32863,58940,9894,17219,27113,1954,5876,7830,550069,635275,1185344
2021-09-04,53543,50028,103571,64082,67316,131398,89825,105036,194861,105337,119633,224970,88874,103703,192577,65018,78845,143863,47536,57194,104730,26175,32992,59167,9922,17271,27193,1957,5888,7845,552269,637906,1190175
2021-09-05,54043,50501,104544,64397,67644,132041,90115,105440,195555,105797,120252,226049,89275,104223,193498,65295,79204,144499,47722,57438,105160,26303,33126,59429,9953,17311,27264,1965,5904,7869,554865,641043,1195908
2021-09-06,55001,51468,106469,64988,68253,133241,90646,106185,196831,106478,121180,227658,89917,105052,194969,65719,79812,145531,48030,57816,105846,26502,33321,59823,9998,17393,27391,1973,5928,7901,559252,646408,1205660
2021-09-07,55856,52357,108213,65562,68912,134474,91078,106797,197875,107033,121945,228978,90422,105758,196180,66063,80282,146345,48284,58131,106415,26619,33510,60129,10042,17461,27503,1980,5956,7936,562939,651109,1214048
2021-09-08,56501,53032,109533,66127,69447,135574,91454,107285,198739,107580,122624,230204,90857,106378,197235,66386,80679,147065,48492,58399,106891,26730,33638,60368,10081,17510,27591,1988,5970,7958,566196,654962,1221158
2021-09-09,57183,53677,110860,66607,69909,136516,91793,107831,199624,108030,123220,231250,91252,106994,198246,66659,81092,147751,48705,58641,107346,26856,33794,60650,10122,17567,27689,1992,5988,7980,569199,658713,1227912
2021-09-10,57885,54343,112228,67215,70624,137839,92429,108871,201300,108858,124434,233292,92038,108231,200269,67272,81978,149250,49096,59256,108352,27025,34046,61071,10189,17627,27816,1998,6004,8002,574005,665414,1239419
2021-09-11,58317,54782,113099,67583,71037,138620,92933,109539,202472,109480,125260,234740,92622,109005,201627,67703,82536,150239,49391,59654,109045,27159,34233,61392,10227,17662,27889,2006,6012,8018,577421,669720,1247141
2021-09-12,58729,55162,113891,67815,71325,139140,93163,109837,203000,109830,125698,235528,92949,109401,202350,67933,82832,150765,49545,59857,109402,27250,34354,61604,10254,17689,27943,2012,6023,8035,579480,672178,1251658
2021-09-13,59564,55947,115511,68362,71908,140270,93602,110493,204095,110453,126567,237020,93547,110147,203694,68297,83412,151709,49841,60199,110040,27427,34572,61999,10301,17774,28075,2022,6043,8065,583416,677062,1260478
2021-09-14,60389,56693,117082,68857,72446,141303,94009,111058,205067,110989,127320,238309,94012,110813,204825,68636,83905,152541,50089,60527,110616,27591,34759,62350,10333,17845,28178,2029,6058,8087,586934,681424,1268358
2021-09-15,61032,57294,118326,69319,72935,142254,94318,111583,205901,111444,128010,239454,94439,111428,205867,68908,84264,153172,50306,60814,111120,27704,34901,62605,10370,17908,28278,2038,6087,8125,589878,685224,1275102
2021-09-16,61643,57836,119479,69808,73450,143258,94698,112105,206803,111928,128780,240708,94919,112131,207050,69215,84693,153908,50496,61116,111612,27832,35078,62910,10417,17977,28394,2051,6106,8157,593007,689272,1282279
2021-09-17,62437,58566,121003,70441,74093,144534,95106,112762,207868,112500,129637,242137,95410,112845,208255,69556,85254,154810,50745,61429,112174,27996,35281,63277,10457,18056,28513,2057,6117,8174,596705,694040,1290745
2021-09-18,62869,58955,121824,70711,74399,145110,95374,113169,208543,112880,130160,243040,95765,113308,209073,69775,85554,155329,50956,61700,112656,28106,35420,63526,10495,18103,28598,2061,6130,8191,598992,696898,1295890
2021-09-19,63364,59403,122767,70967,74669,145636,95616,113513,209129,113252,130640,243892,96118,113733,209851,69998,85851,155849,51136,61903,113039,28184,35538,63722,10519,18156,28675,2065,6139,8204,601219,699545,1300764
2021-09-20,64252,60273,124525,71647,75400,147047,95979,114064,210043,113868,131379,245247,96626,114414,211040,70341,86356,156697,51421,62232,113653,28324,35721,64045,10557,18224,28781,2075,6150,8225,605090,704213,1309303
2021-09-21,64977,60956,125933,72007,75778,147785,96313,114599,210912,114358,131995,246353,97076,114960,212036,70636,86770,157406,51676,62524,114200,28473,35890,64363,10600,18286,28886,2080,6159,8239,608196,707917,1316113
2021-09-22,65773,61617,127390,72649,76428,149077,96656,115117,211773,114861,132713,247574,97497,115574,213071,70901,87210,158111,51904,62831,114735,28607,36040,64647,10629,18349,28978,2089,6177,8266,611566,712056,1323622
2021-09-23,66439,62274,128713,73321,77143,150464,96990,115672,212662,115370,133454,248824,97909,116243,214152,71209,87671,158880,52153,63171,115324,28755,36202,64957,10681,18420,29101,2100,6207,8307,614927,716457,1331384
2021-09-24,67062,62912,129974,73755,77561,151316,97318,116137,213455,115801,134029,249830,98297,116796,215093,71447,88068,159515,52368,63451,115819,28868,36370,65238,10717,18479,29196,2105,6215,8320,617738,720018,1337756
2021-09-25,67455,63264,130719,73969,77791,151760,97514,116436,213950,116121,134439,250560,98596,117155,215751,71668,88313,159981,52534,63659,116193,28959,36484,65443,10743,18522,29265,2107,6230,8337,619666,722293,1341959
2021-09-26,67873,63657,131530,74178,78021,152199,97690,116699,214389,116412,134840,251252,98917,117525,216442,71869,88600,160469,52710,63856,116566,29038,36575,65613,10770,18560,29330,2109,6242,8351,621566,724575,1346141
2021-09-27,68662,64360,133022,74802,78544,153346,98013,117199,215212,116945,135513,252458,99388,118104,217492,72158,89019,161177,52957,64201,117158,29194,36757,65951,10803,18624,29427,2121,6262,8383,625043,728583,1353626
2021-09-28,69447,65037,134484,75469,79285,154754,98292,117675,215967,117400,136164,253564,99811,118705,218516,72459,89399,161858,53181,64493,117674,29325,36890,66215,10828,18681,29509,2125,6278,8403,628337,732607,1360944
2021-09-29,70139,65631,135770,76029,79883,155912,98627,118158,216785,117844,136834,254678,100217,119241,219458,72745,89780,162525,53399,64765,118164,29460,37063,66523,10873,18731,29604,2132,6289,8421,631465,736375,1367840
2021-09-30,70659,66151,136810,76612,80539,157151,98914,118558,217472,118243,137346,255589,100569,119714,220283,72978,90082,163060,53553,64997,118550,29556,37194,66750,10902,18801,29703,2136,6301,8437,634122,739683,1373805
2021-10-01,71259,66634,137893,77294,81240,158534,99234,118997,218231,118659,137992,256651,100953,120278,221231,73267,90465,163732,53747,65264,119011,29671,37336,67007,10946,18864,29810,2139,6315,8454,637169,743385,1380554
2021-10-02,71539,66904,138443,77477,81451,158928,99374,119219,218593,118863,138319,257182,101156,120532,221688,73396,90641,164037,53843,65402,119245,29747,37414,67161,10963,18891,29854,2141,6318,8459,638499,745091,1383590
2021-10-03,71688,67022,138710,77577,81562,159139,99491,119394,218885,119004,138511,257515,101280,120720,222000,73487,90765,164252,53900,65480,119380,29778,37452,67230,10971,18903,29874,2141,6321,8462,639317,746130,1385447
2021-10-04,71708,67039,138747,77596,81582,159178,99501,119411,218912,119035,138534,257569,101303,120745,222048,73503,90777,164280,53909,65499,119408,29787,37459,67246,10974,18904,29878,2142,6323,8465,639458,746273,1385731
2021-10-05,71708,67039,138747,77596,81582,159178,99501,119411,218912,119035,138534,257569,101303,120745,222048,73503,90777,164280,53909,65499,119408,29787,37459,67246,10974,18904,29878,2142,6323,8465,639458,746273,1385731
