FECHA,<=10M,<=10F,<=10,11-20M,11-20F,11-20,21-30M,21-30F,21-30,31-40M,31-40F,31-40,41-50M,41-50F,41-50,51-60M,51-60F,51-60,61-70M,61-70F,61-70,71-80M,71-80F,71-80,81-90M,81-90F,81-90,>=91M,>=91F,>=91,TotalM,TotalF,Total,DelayCount,CumDelay,DelayAvg
2020-03-15,1,0,1,0,0,0,0,2,2,2,1,3,1,1,2,1,0,1,1,0,1,1,1,2,0,0,0,0,0,0,7,5,12,12,41,3.4166666666666665
2020-03-16,1,2,3,1,1,2,1,1,2,1,1,2,0,0,0,2,0,2,2,1,3,0,0,0,0,0,0,0,0,0,8,6,14,14,50,3.5714285714285716
2020-03-17,1,4,5,0,1,1,1,1,2,1,0,1,0,2,2,1,1,2,1,1,2,2,2,4,1,0,1,0,0,0,8,12,20,20,355,17.75
2020-03-18,2,1,3,0,0,0,0,0,0,2,1,3,0,2,2,1,1,2,0,2,2,1,0,1,1,0,1,0,0,0,7,7,14,14,22,1.5714285714285714
2020-03-19,1,0,1,0,0,0,3,2,5,2,2,4,1,1,2,0,0,0,1,1,2,1,1,2,0,0,0,1,0,1,10,7,17,17,36,2.1176470588235294
2020-03-20,1,1,2,1,0,1,0,0,0,1,2,3,0,1,1,0,1,1,0,1,1,2,2,4,1,0,1,0,0,0,6,8,14,14,28,2.0
2020-03-21,0,0,0,2,0,2,0,2,2,2,1,3,1,1,2,0,0,0,2,2,4,1,1,2,0,0,0,1,0,1,9,7,16,16,47,2.9375
2020-03-22,1,0,1,0,0,0,3,1,4,0,0,0,0,0,0,2,1,3,0,1,1,2,0,2,3,2,5,0,0,0,11,5,16,16,39,2.4375
2020-03-23,2,0,2,0,2,2,1,1,2,2,1,3,0,1,1,2,0,2,2,0,2,4,3,7,3,3,6,0,2,2,16,13,29,29,59,2.0344827586206895
2020-03-24,1,0,1,0,0,0,1,1,2,1,1,2,0,1,1,2,1,3,0,1,1,2,0,2,2,1,3,1,0,1,10,6,16,16,25,1.5625
2020-03-25,1,3,4,0,0,0,2,3,5,1,4,5,1,0,1,1,2,3,2,1,3,2,2,4,2,4,6,2,1,3,14,20,34,34,46,1.3529411764705883
2020-03-26,4,3,7,2,0,2,1,2,3,4,2,6,1,4,5,3,2,5,1,3,4,3,1,4,4,0,4,3,1,4,26,18,44,44,160,3.6363636363636362
2020-03-27,2,2,4,0,1,1,1,2,3,3,0,3,1,4,5,1,3,4,1,5,6,4,6,10,3,2,5,2,6,8,18,31,49,49,111,2.2653061224489797
2020-03-28,2,0,2,0,0,0,1,2,3,2,1,3,1,1,2,3,1,4,3,0,3,4,6,10,2,1,3,1,0,1,19,12,31,31,107,3.4516129032258065
2020-03-29,1,0,1,1,1,2,1,2,3,2,0,2,2,2,4,0,0,0,6,3,9,4,1,5,4,2,6,2,1,3,23,12,35,35,78,2.2285714285714286
2020-03-30,3,1,4,0,0,0,1,5,6,1,2,3,5,2,7,1,1,2,5,1,6,3,5,8,5,1,6,3,2,5,27,20,47,47,92,1.9574468085106382
2020-03-31,7,2,9,1,0,1,3,1,4,3,2,5,5,1,6,2,1,3,4,1,5,6,3,9,2,3,5,4,0,4,37,14,51,51,101,1.9803921568627452
2020-04-01,7,8,15,0,2,2,5,3,8,3,2,5,10,4,14,3,3,6,4,3,7,6,2,8,5,6,11,0,1,1,43,34,77,77,183,2.3766233766233764
2020-04-02,4,7,11,5,4,9,2,4,6,3,4,7,3,3,6,1,7,8,8,3,11,7,6,13,5,6,11,2,4,6,40,48,88,88,161,1.8295454545454546
2020-04-03,14,7,21,3,3,6,4,5,9,6,7,13,4,9,13,2,4,6,8,4,12,5,3,8,5,7,12,1,5,6,52,54,106,106,195,1.8396226415094339
2020-04-04,7,10,17,2,2,4,2,6,8,2,10,12,4,2,6,5,0,5,5,2,7,2,4,6,4,2,6,1,3,4,34,41,75,75,119,1.5866666666666667
2020-04-05,5,6,11,4,2,6,5,1,6,5,1,6,8,1,9,4,2,6,1,10,11,6,8,14,3,4,7,2,3,5,43,38,81,81,135,1.6666666666666667
2020-04-06,10,7,17,3,2,5,6,3,9,10,2,12,9,4,13,7,2,9,4,7,11,11,4,15,7,4,11,1,2,3,68,37,105,105,163,1.5523809523809524
2020-04-07,7,9,16,1,2,3,5,3,8,5,6,11,4,4,8,7,2,9,4,3,7,6,8,14,6,11,17,2,1,3,47,49,96,96,112,1.1666666666666667
2020-04-08,7,5,12,2,1,3,2,5,7,5,2,7,7,4,11,5,3,8,6,5,11,9,4,13,2,3,5,3,6,9,48,38,86,86,106,1.2325581395348837
2020-04-09,1,2,3,2,2,4,2,7,9,11,9,20,3,5,8,7,5,12,4,2,6,7,9,16,4,9,13,4,5,9,45,55,100,100,132,1.32
2020-04-10,13,2,15,3,3,6,2,5,7,4,1,5,8,1,9,3,5,8,5,2,7,1,9,10,5,8,13,1,4,5,45,40,85,85,109,1.2823529411764707
2020-04-11,5,4,9,2,2,4,8,4,12,5,3,8,4,1,5,1,3,4,3,6,9,7,2,9,4,7,11,1,5,6,40,37,77,77,96,1.2467532467532467
2020-04-12,7,5,12,2,0,2,0,2,2,5,2,7,3,5,8,8,1,9,2,3,5,3,8,11,3,4,7,1,2,3,34,32,66,66,106,1.606060606060606
2020-04-13,5,7,12,4,3,7,8,6,14,4,8,12,4,3,7,4,5,9,7,4,11,5,7,12,8,8,16,4,6,10,53,57,110,110,138,1.2545454545454546
2020-04-14,12,4,16,2,1,3,7,6,13,8,2,10,4,5,9,9,5,14,4,8,12,8,5,13,7,4,11,4,4,8,65,44,109,109,113,1.036697247706422
2020-04-15,8,3,11,4,5,9,1,6,7,6,7,13,6,12,18,4,7,11,6,2,8,10,2,12,8,8,16,5,3,8,58,55,113,113,159,1.407079646017699
2020-04-16,7,2,9,4,5,9,7,4,11,9,12,21,10,9,19,7,7,14,4,10,14,6,4,10,5,5,10,0,4,4,59,62,121,121,121,1.0
2020-04-17,7,6,13,1,3,4,1,7,8,6,12,18,10,7,17,7,7,14,7,5,12,12,6,18,5,8,13,1,3,4,57,64,121,121,171,1.4132231404958677
2020-04-18,7,7,14,3,1,4,9,2,11,14,6,20,7,5,12,6,3,9,2,2,4,4,10,14,6,8,14,3,4,7,61,48,109,109,159,1.4587155963302751
2020-04-19,5,6,11,4,1,5,4,2,6,4,4,8,3,4,7,5,8,13,4,6,10,6,8,14,3,7,10,2,1,3,40,47,87,87,109,1.2528735632183907
2020-04-20,10,5,15,8,8,16,12,4,16,12,8,20,6,6,12,8,3,11,11,8,19,14,11,25,9,8,17,5,15,20,95,76,171,171,196,1.1461988304093567
2020-04-21,9,8,17,5,3,8,12,3,15,7,9,16,2,4,6,4,7,11,6,6,12,11,12,23,8,10,18,2,10,12,66,72,138,138,160,1.1594202898550725
2020-04-22,8,6,14,4,5,9,6,7,13,10,3,13,12,6,18,3,6,9,8,3,11,8,14,22,8,11,19,7,7,14,74,68,142,142,224,1.5774647887323943
2020-04-23,13,10,23,5,4,9,5,10,15,9,8,17,8,6,14,3,9,12,7,4,11,9,8,17,11,9,20,7,10,17,77,78,155,155,148,0.9548387096774194
2020-04-24,11,9,20,5,4,9,8,7,15,12,11,23,5,6,11,7,8,15,8,9,17,10,10,20,10,16,26,3,3,6,79,83,162,162,177,1.0925925925925926
2020-04-25,8,4,12,4,1,5,2,5,7,7,8,15,4,3,7,5,4,9,6,5,11,7,3,10,9,16,25,5,5,10,57,54,111,111,100,0.9009009009009009
2020-04-26,5,15,20,5,5,10,2,4,6,3,2,5,8,5,13,2,3,5,6,7,13,5,7,12,7,7,14,1,3,4,44,58,102,102,90,0.8823529411764706
2020-04-27,11,9,20,4,4,8,5,5,10,3,9,12,4,9,13,9,6,15,8,7,15,19,6,25,11,13,24,3,6,9,77,74,151,151,124,0.8211920529801324
2020-04-28,12,7,19,4,5,9,11,9,20,10,9,19,7,9,16,6,8,14,5,7,12,3,12,15,6,14,20,2,4,6,66,84,150,150,116,0.7733333333333333
2020-04-29,13,8,21,6,3,9,11,6,17,17,11,28,10,7,17,8,6,14,4,8,12,9,6,15,3,14,17,5,10,15,86,79,165,165,136,0.8242424242424242
2020-04-30,14,8,22,9,2,11,8,3,11,5,5,10,11,7,18,7,11,18,10,9,19,7,9,16,8,16,24,8,8,16,87,78,165,165,135,0.8181818181818182
2020-05-01,1,10,11,6,5,11,1,5,6,9,11,20,9,6,15,6,3,9,11,5,16,7,8,15,8,11,19,0,3,3,58,67,125,125,106,0.848
2020-05-02,5,14,19,5,6,11,6,2,8,10,5,15,5,5,10,8,2,10,3,2,5,7,2,9,6,12,18,1,3,4,56,53,109,109,108,0.9908256880733946
2020-05-03,6,4,10,2,2,4,6,5,11,8,5,13,4,5,9,8,2,10,8,7,15,3,8,11,8,8,16,3,5,8,56,51,107,107,87,0.8130841121495327
2020-05-04,14,16,30,5,2,7,7,10,17,9,6,15,5,6,11,9,3,12,7,12,19,15,13,28,8,18,26,2,4,6,81,90,171,171,134,0.783625730994152
2020-05-05,7,6,13,7,1,8,8,8,16,11,10,21,6,10,16,9,5,14,10,6,16,14,6,20,6,13,19,1,9,10,79,74,153,153,101,0.6601307189542484
2020-05-06,10,9,19,3,0,3,10,6,16,14,10,24,16,7,23,4,5,9,9,5,14,18,12,30,6,11,17,4,6,10,94,71,165,165,112,0.6787878787878788
2020-05-07,14,7,21,5,6,11,12,4,16,12,9,21,13,8,21,5,6,11,7,5,12,15,6,21,6,12,18,1,8,9,90,71,161,161,100,0.6211180124223602
2020-05-08,12,11,23,6,4,10,12,8,20,9,12,21,16,10,26,13,5,18,5,9,14,13,8,21,11,13,24,2,12,14,99,92,191,191,201,1.0523560209424083
2020-05-09,15,9,24,3,0,3,4,11,15,5,6,11,7,7,14,4,4,8,7,7,14,11,2,13,5,10,15,5,8,13,66,64,130,130,115,0.8846153846153846
2020-05-10,7,7,14,1,1,2,7,7,14,5,7,12,2,3,5,4,6,10,7,4,11,9,11,20,5,10,15,1,7,8,48,63,111,111,100,0.9009009009009009
2020-05-11,12,14,26,6,4,10,6,5,11,11,11,22,9,12,21,8,5,13,11,5,16,11,10,21,11,16,27,4,13,17,89,95,184,184,134,0.7282608695652174
2020-05-12,14,8,22,6,8,14,21,15,36,21,5,26,8,10,18,6,4,10,9,6,15,5,12,17,10,13,23,5,12,17,105,93,198,198,139,0.702020202020202
2020-05-13,20,9,29,9,9,18,17,8,25,13,17,30,14,6,20,8,8,16,6,7,13,9,6,15,8,14,22,1,9,10,105,93,198,198,171,0.8636363636363636
2020-05-14,18,20,38,9,6,15,12,17,29,18,14,32,10,8,18,5,9,14,9,11,20,9,9,18,9,12,21,2,15,17,101,121,222,222,197,0.8873873873873874
2020-05-15,17,16,33,8,5,13,6,9,15,11,10,21,10,15,25,10,6,16,10,9,19,7,6,13,10,20,30,5,10,15,94,106,200,199,182,0.914572864321608
2020-05-16,6,14,20,7,4,11,4,8,12,9,13,22,6,6,12,6,8,14,4,5,9,10,5,15,6,4,10,5,13,18,63,80,143,143,194,1.3566433566433567
2020-05-17,11,12,23,3,5,8,9,5,14,6,7,13,8,11,19,3,2,5,6,7,13,6,4,10,10,9,19,4,7,11,66,69,135,135,97,0.7185185185185186
2020-05-18,16,17,33,7,9,16,20,18,38,19,14,33,10,13,23,12,8,20,10,12,22,17,14,31,16,13,29,2,11,13,129,129,258,258,203,0.7868217054263565
2020-05-19,16,14,30,11,11,22,25,19,44,30,20,50,23,9,32,12,13,25,13,11,24,9,18,27,11,19,30,3,9,12,153,143,296,296,209,0.706081081081081
2020-05-20,23,30,53,8,12,20,21,17,38,34,15,49,16,14,30,9,11,20,16,11,27,11,11,22,12,16,28,6,6,12,156,143,299,299,197,0.6588628762541806
2020-05-21,22,27,49,16,6,22,26,19,45,27,17,44,10,16,26,17,10,27,10,7,17,16,9,25,7,16,23,1,4,5,152,131,283,283,149,0.5265017667844523
2020-05-22,21,15,36,11,11,22,24,23,47,18,24,42,16,11,27,11,6,17,5,9,14,10,8,18,6,12,18,6,14,20,128,133,261,261,133,0.5095785440613027
2020-05-23,10,13,23,11,13,24,23,13,36,24,16,40,8,8,16,7,7,14,11,11,22,9,12,21,8,5,13,3,2,5,114,100,214,214,131,0.6121495327102804
2020-05-24,12,13,25,8,8,16,10,8,18,13,9,22,10,2,12,5,4,9,10,4,14,10,7,17,5,10,15,2,6,8,85,71,156,156,118,0.7564102564102564
2020-05-25,23,19,42,16,13,29,17,21,38,12,12,24,14,10,24,5,7,12,4,5,9,13,2,15,9,15,24,2,8,10,115,112,227,227,126,0.5550660792951542
2020-05-26,25,24,49,18,15,33,32,30,62,40,19,59,18,20,38,8,13,21,8,5,13,13,4,17,10,16,26,3,10,13,175,156,331,331,245,0.7401812688821753
2020-05-27,32,25,57,14,12,26,19,21,40,22,14,36,15,10,25,17,12,29,8,7,15,4,11,15,5,17,22,4,2,6,140,131,271,271,207,0.7638376383763837
2020-05-28,23,32,55,14,7,21,24,26,50,19,19,38,17,14,31,12,14,26,9,12,21,11,6,17,13,16,29,5,15,20,147,161,308,308,222,0.7207792207792207
2020-05-29,30,25,55,22,16,38,34,26,60,26,32,58,24,16,40,14,14,28,12,9,21,15,9,24,14,16,30,2,4,6,193,167,360,360,281,0.7805555555555556
2020-05-30,22,18,40,12,9,21,31,22,53,32,11,43,11,12,23,11,11,22,6,5,11,10,10,20,8,11,19,1,7,8,144,116,260,259,115,0.444015444015444
2020-05-31,19,13,32,9,8,17,15,9,24,11,10,21,11,4,15,4,7,11,7,4,11,10,5,15,5,8,13,1,8,9,92,76,168,168,90,0.5357142857142857
2020-06-01,26,20,46,13,15,28,23,32,55,25,29,54,14,17,31,15,10,25,19,11,30,13,8,21,5,10,15,5,4,9,158,156,314,314,215,0.6847133757961783
2020-06-02,34,21,55,18,18,36,28,23,51,19,24,43,17,16,33,8,11,19,15,8,23,21,11,32,5,13,18,5,12,17,170,157,327,327,197,0.6024464831804281
2020-06-03,24,15,39,13,24,37,23,26,49,23,28,51,11,19,30,7,9,16,12,11,23,15,11,26,12,16,28,2,10,12,142,169,311,311,174,0.5594855305466238
2020-06-04,24,20,44,15,18,33,27,24,51,16,20,36,13,12,25,21,13,34,10,5,15,19,11,30,10,15,25,3,10,13,158,148,306,305,197,0.6459016393442623
2020-06-05,32,31,63,11,15,26,33,21,54,25,34,59,26,20,46,20,18,38,12,13,25,13,11,24,11,20,31,3,9,12,186,192,378,378,327,0.8650793650793651
2020-06-06,19,19,38,11,10,21,18,15,33,26,23,49,11,10,21,14,7,21,9,9,18,11,9,20,9,16,25,3,9,12,131,127,258,253,173,0.6837944664031621
2020-06-07,11,18,29,12,11,23,17,10,27,16,12,28,13,7,20,10,7,17,7,3,10,8,6,14,11,12,23,2,8,10,107,94,201,198,113,0.5707070707070707
2020-06-08,22,24,46,15,16,31,28,25,53,33,25,58,33,17,50,19,16,35,12,9,21,16,14,30,10,17,27,4,7,11,192,170,362,362,230,0.6353591160220995
2020-06-09,40,24,64,17,20,37,18,28,46,24,28,52,29,18,47,14,7,21,13,6,19,8,14,22,12,26,38,3,11,14,178,182,360,359,217,0.6044568245125348
2020-06-10,16,20,36,10,15,25,35,17,52,24,33,57,24,18,42,19,17,36,14,12,26,20,22,42,6,19,25,6,15,21,174,188,362,362,257,0.7099447513812155
2020-06-11,26,30,56,12,15,27,25,26,51,29,27,56,12,18,30,15,20,35,11,18,29,16,14,30,6,23,29,3,15,18,155,206,361,361,255,0.7063711911357341
2020-06-12,30,36,66,8,19,27,45,28,73,40,40,80,29,27,56,15,15,30,19,14,33,15,13,28,6,21,27,4,9,13,211,222,433,433,286,0.6605080831408776
2020-06-13,24,25,49,17,17,34,30,30,60,29,18,47,8,16,24,15,11,26,10,5,15,13,8,21,6,15,21,2,7,9,154,152,306,306,214,0.6993464052287581
2020-06-14,17,23,40,17,12,29,19,19,38,19,9,28,13,11,24,9,14,23,9,4,13,3,12,15,13,19,32,1,8,9,120,131,251,251,174,0.6932270916334662
2020-06-15,21,26,47,21,15,36,26,27,53,19,18,37,17,12,29,13,10,23,11,3,14,10,7,17,7,15,22,1,10,11,146,143,289,289,180,0.6228373702422145
2020-06-16,43,47,90,16,18,34,52,37,89,46,28,74,30,22,52,20,14,34,15,12,27,13,6,19,12,22,34,3,14,17,250,220,470,470,286,0.6085106382978723
2020-06-17,29,29,58,17,20,37,47,30,77,32,40,72,34,19,53,24,14,38,15,11,26,8,19,27,16,14,30,2,9,11,224,205,429,429,351,0.8181818181818182
2020-06-18,38,34,72,12,12,24,46,31,77,48,45,93,34,16,50,26,19,45,20,18,38,11,17,28,16,20,36,2,12,14,253,224,477,477,411,0.8616352201257862
2020-06-19,46,23,69,13,22,35,30,28,58,55,27,82,36,30,66,32,18,50,24,15,39,20,12,32,16,19,35,7,13,20,279,207,486,486,507,1.0432098765432098
2020-06-20,27,25,52,12,16,28,33,23,56,33,23,56,21,24,45,15,17,32,15,13,28,11,8,19,7,14,21,4,6,10,178,169,347,347,204,0.5878962536023055
2020-06-21,24,14,38,13,12,25,24,24,48,19,23,42,16,8,24,13,7,20,7,9,16,8,6,14,5,10,15,1,7,8,130,120,250,250,109,0.436
2020-06-22,38,33,71,24,21,45,31,37,68,39,22,61,28,24,52,19,27,46,18,16,34,17,15,32,7,21,28,2,12,14,223,228,451,451,314,0.6962305986696231
2020-06-23,40,35,75,23,24,47,41,31,72,53,39,92,31,29,60,16,28,44,16,19,35,11,11,22,11,14,25,3,6,9,245,236,481,481,287,0.5966735966735967
2020-06-24,30,31,61,26,17,43,41,42,83,35,38,73,29,24,53,19,23,42,11,15,26,10,12,22,13,14,27,2,5,7,216,221,437,437,201,0.459954233409611
2020-06-25,35,43,78,28,32,60,36,33,69,38,29,67,38,31,69,35,25,60,9,11,20,8,12,20,8,12,20,5,6,11,240,234,474,474,302,0.6371308016877637
2020-06-26,35,23,58,28,22,50,49,31,80,38,36,74,31,27,58,16,20,36,18,14,32,12,15,27,10,18,28,2,9,11,239,215,454,454,215,0.473568281938326
2020-06-27,42,43,85,27,32,59,33,35,68,31,29,60,25,17,42,17,9,26,16,5,21,3,13,16,5,7,12,4,6,10,203,196,399,399,215,0.5388471177944862
2020-06-28,35,18,53,13,13,26,13,28,41,28,25,53,17,16,33,16,13,29,10,6,16,8,8,16,8,10,18,6,7,13,154,144,298,298,152,0.5100671140939598
2020-06-29,35,42,77,28,28,56,36,34,70,42,29,71,23,23,46,14,27,41,22,10,32,12,15,27,11,13,24,5,9,14,228,230,458,458,260,0.5676855895196506
2020-06-30,24,34,58,9,19,28,45,35,80,33,38,71,29,27,56,25,20,45,20,9,29,18,10,28,8,17,25,2,11,13,213,220,433,432,230,0.5324074074074074
2020-07-01,32,27,59,12,23,35,53,38,91,38,29,67,23,28,51,21,28,49,16,10,26,11,12,23,8,19,27,2,6,8,216,220,436,436,233,0.5344036697247706
2020-07-02,41,39,80,19,23,42,38,42,80,46,40,86,33,25,58,17,20,37,19,8,27,8,12,20,12,12,24,4,5,9,237,226,463,463,182,0.3930885529157667
2020-07-03,41,30,71,28,15,43,37,29,66,43,47,90,25,30,55,20,20,40,17,13,30,9,16,25,9,17,26,4,4,8,233,221,454,454,229,0.5044052863436124
2020-07-04,25,32,57,16,17,33,31,35,66,29,23,52,26,17,43,19,13,32,10,8,18,9,12,21,6,9,15,3,6,9,174,172,346,346,157,0.45375722543352603
2020-07-05,20,26,46,18,11,29,26,29,55,28,29,57,10,21,31,17,16,33,17,14,31,15,13,28,8,13,21,3,9,12,162,181,343,343,162,0.47230320699708456
2020-07-06,21,30,51,17,15,32,40,37,77,49,24,73,32,26,58,26,24,50,22,22,44,18,25,43,10,21,31,3,9,12,238,233,471,471,152,0.3227176220806794
2020-07-07,35,50,85,16,24,40,54,42,96,43,35,78,25,33,58,28,18,46,17,17,34,12,12,24,10,20,30,7,12,19,247,263,510,510,191,0.37450980392156863
2020-07-08,34,23,57,29,25,54,51,37,88,34,39,73,39,37,76,20,28,48,16,17,33,16,21,37,12,15,27,4,14,18,255,256,511,511,231,0.4520547945205479
2020-07-09,26,18,44,14,12,26,28,27,55,34,25,59,28,25,53,13,12,25,7,16,23,9,22,31,4,15,19,6,7,13,169,179,348,348,143,0.4109195402298851
2020-07-10,23,18,41,20,20,40,26,25,51,31,26,57,20,21,41,14,13,27,17,15,32,16,12,28,12,14,26,2,11,13,181,175,356,356,135,0.3792134831460674
2020-07-11,22,29,51,17,10,27,20,24,44,21,28,49,19,25,44,17,19,36,19,10,29,12,19,31,4,16,20,2,10,12,153,190,343,343,152,0.44314868804664725
2020-07-12,19,16,35,16,7,23,18,18,36,22,11,33,15,11,26,8,9,17,10,10,20,10,5,15,6,12,18,4,6,10,128,105,233,233,88,0.3776824034334764
2020-07-13,27,35,62,21,22,43,42,33,75,36,39,75,36,32,68,26,33,59,31,24,55,18,33,51,13,46,59,2,25,27,252,322,574,574,337,0.5871080139372822
2020-07-14,31,30,61,27,15,42,34,25,59,59,36,95,34,30,64,28,15,43,22,24,46,17,27,44,6,17,23,7,14,21,265,233,498,498,222,0.4457831325301205
2020-07-15,28,30,58,31,22,53,35,54,89,56,49,105,36,42,78,25,30,55,22,23,45,10,16,26,14,16,30,8,5,13,265,287,552,552,227,0.411231884057971
2020-07-16,40,20,60,18,32,50,44,51,95,50,34,84,36,40,76,26,32,58,16,15,31,16,18,34,18,29,47,2,18,20,266,289,555,555,316,0.5693693693693693
2020-07-17,34,30,64,24,17,41,29,41,70,39,48,87,35,44,79,30,36,66,24,27,51,18,16,34,16,21,37,4,10,14,253,290,543,543,263,0.4843462246777164
2020-07-18,25,23,48,15,13,28,39,32,71,32,40,72,27,28,55,25,23,48,24,18,42,9,10,19,15,21,36,2,5,7,213,213,426,426,233,0.5469483568075117
2020-07-19,28,28,56,11,16,27,25,24,49,23,27,50,24,22,46,22,23,45,14,10,24,13,8,21,11,16,27,2,6,8,173,180,353,353,130,0.36827195467422097
2020-07-20,41,38,79,37,28,65,53,45,98,53,60,113,42,56,98,32,41,73,27,35,62,19,21,40,20,22,42,3,11,14,327,357,684,684,260,0.38011695906432746
2020-07-21,37,31,68,25,22,47,44,39,83,60,43,103,40,38,78,32,31,63,26,25,51,19,24,43,14,24,38,5,11,16,302,288,590,590,228,0.3864406779661017
2020-07-22,55,33,88,22,23,45,63,49,112,54,56,110,50,40,90,27,27,54,16,24,40,22,19,41,15,31,46,1,10,11,325,312,637,637,247,0.3877551020408163
2020-07-23,43,38,81,25,19,44,53,51,104,51,51,102,34,32,66,30,23,53,18,22,40,17,21,38,8,21,29,6,9,15,285,287,572,572,327,0.5716783216783217
2020-07-24,28,33,61,19,21,40,54,48,102,51,63,114,37,34,71,32,21,53,30,14,44,11,19,30,11,26,37,3,14,17,276,293,569,569,283,0.4973637961335677
2020-07-25,28,28,56,25,13,38,37,42,79,39,40,79,31,29,60,13,10,23,14,16,30,12,12,24,9,17,26,5,4,9,213,211,424,424,228,0.5377358490566038
2020-07-26,25,25,50,14,14,28,23,19,42,24,26,50,30,12,42,18,15,33,11,8,19,14,9,23,7,16,23,5,6,11,171,150,321,321,162,0.5046728971962616
2020-07-27,27,34,61,26,24,50,49,38,87,50,43,93,46,46,92,30,39,69,25,24,49,18,21,39,17,20,37,5,19,24,293,308,601,601,269,0.4475873544093178
2020-07-28,35,30,65,22,21,43,62,67,129,58,43,101,38,42,80,37,38,75,30,29,59,15,27,42,10,22,32,5,19,24,312,338,650,650,270,0.4153846153846154
2020-07-29,34,36,70,23,28,51,62,50,112,53,52,105,51,45,96,34,43,77,24,29,53,23,21,44,17,28,45,5,24,29,326,356,682,682,262,0.3841642228739003
2020-07-30,42,35,77,33,34,67,83,65,148,65,55,120,54,39,93,41,40,81,23,30,53,15,18,33,8,19,27,1,6,7,365,341,706,706,320,0.45325779036827196
2020-07-31,32,42,74,19,26,45,50,65,115,73,59,132,48,39,87,39,30,69,22,32,54,21,25,46,9,28,37,6,18,24,319,364,683,683,311,0.45534407027818447
2020-08-01,26,19,45,12,22,34,29,39,68,33,39,72,26,38,64,29,25,54,21,9,30,19,16,35,11,22,33,1,11,12,207,240,447,447,224,0.5011185682326622
2020-08-02,30,25,55,15,18,33,30,19,49,32,34,66,22,33,55,19,25,44,11,19,30,6,18,24,12,13,25,2,7,9,179,211,390,390,166,0.4256410256410256
2020-08-03,39,46,85,27,28,55,48,52,100,55,44,99,36,40,76,28,31,59,29,22,51,11,20,31,14,31,45,4,14,18,291,328,619,619,308,0.4975767366720517
2020-08-04,43,32,75,32,32,64,67,40,107,63,53,116,55,40,95,38,33,71,27,20,47,17,20,37,17,30,47,5,16,21,364,316,680,680,315,0.4632352941176471
2020-08-05,41,37,78,35,24,59,57,39,96,43,55,98,37,38,75,36,43,79,29,27,56,21,20,41,17,20,37,3,8,11,319,311,630,630,437,0.6936507936507936
2020-08-06,40,27,67,20,36,56,57,55,112,50,62,112,54,51,105,33,40,73,26,19,45,18,19,37,16,25,41,5,12,17,319,346,665,664,365,0.5496987951807228
2020-08-07,51,35,86,27,25,52,56,51,107,62,47,109,40,56,96,39,25,64,20,24,44,19,28,47,14,36,50,5,23,28,333,350,683,683,292,0.42752562225475843
2020-08-08,31,28,59,20,19,39,31,38,69,55,50,105,31,39,70,32,30,62,20,19,39,13,25,38,11,21,32,1,20,21,245,289,534,534,171,0.3202247191011236
2020-08-09,25,27,52,13,12,25,29,32,61,37,31,68,23,39,62,26,30,56,20,16,36,13,22,35,16,43,59,4,18,22,206,270,476,476,164,0.3445378151260504
2020-08-10,43,34,77,28,27,55,66,54,120,66,43,109,51,52,103,35,34,69,18,16,34,15,26,41,15,20,35,4,11,15,341,317,658,658,248,0.3768996960486322
2020-08-11,37,36,73,39,22,61,62,55,117,78,60,138,55,52,107,39,39,78,29,21,50,21,31,52,15,28,43,6,12,18,381,356,737,737,308,0.417910447761194
2020-08-12,32,37,69,36,25,61,52,67,119,46,80,126,55,54,109,35,39,74,28,25,53,14,24,38,12,21,33,5,16,21,315,388,703,703,254,0.3613086770981508
2020-08-13,23,34,57,36,25,61,76,70,146,82,83,165,51,52,103,48,43,91,21,29,50,26,18,44,11,25,36,4,15,19,378,394,772,772,274,0.3549222797927461
2020-08-14,26,26,52,19,20,39,82,73,155,62,64,126,64,41,105,42,44,86,31,27,58,22,31,53,13,21,34,3,12,15,364,359,723,723,281,0.38865836791147995
2020-08-15,39,24,63,31,20,51,40,48,88,51,55,106,26,49,75,29,27,56,26,19,45,15,30,45,9,43,52,4,16,20,270,331,601,601,224,0.37271214642262895
2020-08-16,32,18,50,14,9,23,45,39,84,35,35,70,20,31,51,21,21,42,11,22,33,16,14,30,9,31,40,4,22,26,207,242,449,448,184,0.4107142857142857
2020-08-17,25,17,42,23,20,43,50,43,93,46,55,101,41,39,80,33,43,76,16,36,52,14,14,28,10,20,30,0,14,14,258,301,559,559,227,0.40608228980322003
2020-08-18,43,37,80,29,13,42,56,54,110,77,64,141,45,42,87,29,52,81,21,34,55,23,28,51,9,18,27,0,17,17,332,359,691,691,225,0.3256150506512301
2020-08-19,46,36,82,24,28,52,47,65,112,64,63,127,38,47,85,39,32,71,19,29,48,18,28,46,13,36,49,4,17,21,312,381,693,693,219,0.31601731601731603
2020-08-20,25,26,51,24,20,44,61,57,118,49,55,104,29,48,77,35,32,67,24,32,56,12,20,32,15,22,37,3,13,16,277,325,602,602,245,0.4069767441860465
2020-08-21,27,42,69,31,24,55,47,49,96,63,65,128,50,51,101,38,48,86,32,31,63,22,34,56,14,35,49,5,10,15,329,389,718,718,302,0.4206128133704735
2020-08-22,14,17,31,27,20,47,37,35,72,38,53,91,39,32,71,21,22,43,23,21,44,14,21,35,9,14,23,3,14,17,225,249,474,474,223,0.4704641350210971
2020-08-23,23,29,52,13,14,27,28,25,53,35,37,72,27,22,49,24,28,52,18,20,38,9,22,31,11,7,18,5,4,9,193,208,401,401,125,0.3117206982543641
2020-08-24,43,44,87,25,26,51,51,62,113,60,54,114,42,53,95,46,35,81,22,34,56,20,25,45,16,21,37,6,19,25,331,373,704,704,288,0.4090909090909091
2020-08-25,29,30,59,30,21,51,55,70,125,62,77,139,42,41,83,32,40,72,20,28,48,12,18,30,17,29,46,6,17,23,305,371,676,676,267,0.39497041420118345
2020-08-26,44,20,64,27,30,57,71,64,135,64,57,121,42,56,98,39,38,77,29,23,52,22,27,49,17,28,45,3,15,18,358,358,716,716,272,0.37988826815642457
2020-08-27,36,28,64,38,33,71,75,66,141,70,67,137,58,54,112,43,40,83,20,31,51,24,25,49,18,30,48,5,23,28,387,397,784,784,274,0.3494897959183674
2020-08-28,36,35,71,45,22,67,79,84,163,64,70,134,60,63,123,46,59,105,26,37,63,26,26,52,11,20,31,6,10,16,399,426,825,825,359,0.4351515151515152
2020-08-29,30,17,47,13,13,26,59,50,109,45,69,114,46,42,88,30,28,58,30,19,49,18,18,36,8,24,32,3,16,19,282,296,578,578,313,0.5415224913494809
2020-08-30,24,28,52,20,18,38,44,32,76,45,37,82,39,39,78,29,25,54,14,20,34,11,17,28,8,11,19,3,5,8,237,232,469,469,132,0.2814498933901919
2020-08-31,38,26,64,29,26,55,64,55,119,56,61,117,53,53,106,29,37,66,27,39,66,27,26,53,20,39,59,2,15,17,345,377,722,722,393,0.5443213296398892
2020-09-01,40,34,74,22,41,63,64,64,128,88,72,160,63,39,102,37,56,93,19,26,45,15,24,39,15,43,58,7,15,22,370,414,784,783,303,0.38697318007662834
2020-09-02,32,23,55,24,20,44,46,63,109,49,72,121,47,39,86,40,34,74,18,24,42,27,24,51,17,26,43,3,30,33,303,355,658,658,339,0.5151975683890577
2020-09-03,32,30,62,33,24,57,75,73,148,89,79,168,57,53,110,43,34,77,24,33,57,18,25,43,12,28,40,4,9,13,387,388,775,775,340,0.43870967741935485
2020-09-04,35,36,71,28,27,55,58,63,121,68,71,139,60,67,127,31,41,72,32,42,74,26,24,50,14,27,41,3,16,19,355,414,769,769,344,0.44733420026007803
2020-09-05,24,23,47,16,14,30,50,45,95,52,64,116,40,50,90,26,34,60,28,28,56,17,18,35,16,19,35,2,7,9,271,302,573,573,333,0.581151832460733
2020-09-06,23,22,45,14,17,31,24,39,63,37,32,69,30,29,59,17,27,44,16,22,38,10,22,32,13,16,29,1,9,10,185,235,420,420,179,0.4261904761904762
2020-09-07,28,32,60,22,27,49,70,75,145,74,65,139,48,60,108,36,54,90,40,31,71,15,25,40,14,30,44,7,14,21,354,413,767,767,316,0.41199478487614083
2020-09-08,33,29,62,28,27,55,60,60,120,77,70,147,52,51,103,49,50,99,30,35,65,29,27,56,17,27,44,7,21,28,382,397,779,779,366,0.46983311938382544
2020-09-09,36,27,63,20,28,48,66,63,129,64,55,119,54,48,102,39,43,82,32,38,70,20,30,50,15,37,52,1,19,20,347,388,735,735,374,0.508843537414966
2020-09-10,27,18,45,34,25,59,81,72,153,75,84,159,70,54,124,37,43,80,27,29,56,23,24,47,11,35,46,1,16,17,386,400,786,786,392,0.49872773536895676
2020-09-11,29,31,60,37,23,60,63,52,115,61,79,140,52,59,111,44,61,105,35,28,63,24,28,52,19,25,44,3,10,13,367,396,763,763,367,0.48099606815203144
2020-09-12,25,21,46,20,22,42,37,37,74,33,50,83,27,36,63,29,39,68,26,25,51,20,23,43,12,31,43,2,14,16,231,298,529,529,263,0.497164461247637
2020-09-13,30,25,55,12,11,23,38,44,82,36,54,90,24,24,48,27,24,51,27,25,52,12,11,23,5,14,19,5,9,14,216,241,457,457,174,0.38074398249452956
2020-09-14,34,33,67,26,26,52,64,82,146,62,69,131,45,55,100,53,50,103,40,38,78,28,28,56,18,18,36,2,10,12,372,409,781,781,344,0.44046094750320103
2020-09-15,37,27,64,21,18,39,61,41,102,65,83,148,45,43,88,31,42,73,30,35,65,22,32,54,15,30,45,1,12,13,328,363,691,691,363,0.5253256150506512
2020-09-16,40,37,77,43,37,80,71,80,151,66,81,147,55,53,108,39,45,84,31,35,66,26,19,45,16,30,46,3,11,14,390,428,818,818,281,0.343520782396088
2020-09-17,33,28,61,27,41,68,57,59,116,60,58,118,54,68,122,52,54,106,40,36,76,27,27,54,15,18,33,3,4,7,368,393,761,761,359,0.47174770039421815
2020-09-18,39,43,82,22,32,54,57,67,124,83,86,169,46,56,102,37,44,81,26,44,70,31,27,58,14,24,38,3,12,15,358,435,793,793,333,0.41992433795712486
2020-09-19,14,35,49,10,26,36,32,31,63,38,48,86,28,25,53,23,21,44,29,23,52,19,21,40,14,18,32,3,8,11,210,256,466,466,216,0.463519313304721
2020-09-20,23,28,51,26,23,49,31,35,66,38,33,71,26,26,52,17,28,45,12,19,31,20,17,37,4,18,22,3,8,11,200,235,435,435,110,0.25287356321839083
2020-09-21,32,35,67,26,35,61,57,52,109,60,71,131,47,52,99,36,28,64,28,33,61,25,27,52,11,16,27,1,10,11,323,359,682,682,294,0.4310850439882698
2020-09-22,43,37,80,37,40,77,60,71,131,62,66,128,58,37,95,45,49,94,36,27,63,28,30,58,11,33,44,3,13,16,383,403,786,786,280,0.356234096692112
2020-09-23,41,34,75,21,22,43,45,69,114,56,69,125,45,48,93,34,42,76,31,33,64,20,33,53,11,24,35,2,13,15,306,387,693,693,232,0.3347763347763348
2020-09-24,44,41,85,35,33,68,68,60,128,80,73,153,51,48,99,36,35,71,13,52,65,19,29,48,23,25,48,7,22,29,376,418,794,794,297,0.37405541561712846
2020-09-25,34,25,59,28,21,49,58,62,120,59,58,117,54,49,103,36,40,76,30,38,68,25,25,50,19,24,43,0,10,10,343,352,695,695,336,0.48345323741007196
2020-09-26,23,20,43,25,16,41,41,37,78,44,38,82,34,36,70,25,36,61,22,23,45,17,16,33,10,18,28,6,9,15,247,249,496,496,190,0.38306451612903225
2020-09-27,22,25,47,16,24,40,41,47,88,30,36,66,35,28,63,28,23,51,21,19,40,7,17,24,8,13,21,3,7,10,211,239,450,450,150,0.3333333333333333
2020-09-28,32,26,58,29,26,55,54,49,103,62,62,124,62,40,102,51,51,102,47,26,73,21,27,48,16,26,42,4,20,24,378,353,731,731,307,0.41997264021887826
2020-09-29,45,33,78,32,41,73,79,55,134,85,81,166,61,51,112,38,41,79,40,44,84,31,47,78,22,39,61,3,24,27,436,456,892,892,254,0.28475336322869954
2020-09-30,39,32,71,29,32,61,69,70,139,64,63,127,48,44,92,44,51,95,38,44,82,29,29,58,9,24,33,5,9,14,374,398,772,772,306,0.3963730569948187
2020-10-01,42,42,84,27,54,81,68,80,148,79,78,157,40,62,102,43,39,82,41,37,78,27,46,73,14,20,34,3,10,13,384,468,852,852,325,0.3814553990610329
2020-10-02,51,49,100,31,31,62,63,80,143,58,75,133,44,61,105,49,37,86,41,41,82,29,38,67,13,34,47,4,17,21,383,463,846,846,428,0.5059101654846335
2020-10-03,21,26,47,22,28,50,46,47,93,45,47,92,36,34,70,36,28,64,17,24,41,19,19,38,7,20,27,3,7,10,252,280,532,532,232,0.43609022556390975
2020-10-04,28,28,56,21,24,45,42,41,83,32,31,63,37,36,73,24,21,45,20,20,40,12,15,27,10,26,36,3,3,6,229,245,474,474,216,0.45569620253164556
2020-10-05,24,37,61,25,25,50,54,57,111,82,73,155,76,48,124,50,47,97,53,34,87,30,46,76,19,27,46,3,7,10,416,401,817,817,372,0.45532435740514077
2020-10-06,32,46,78,34,29,63,64,56,120,74,60,134,74,45,119,49,45,94,34,37,71,31,34,65,18,27,45,6,11,17,416,390,806,806,295,0.36600496277915634
2020-10-07,43,31,74,22,26,48,65,68,133,82,79,161,54,60,114,39,56,95,36,44,80,30,31,61,18,29,47,8,7,15,397,431,828,828,279,0.33695652173913043
2020-10-08,42,34,76,36,26,62,63,70,133,63,70,133,52,60,112,44,53,97,33,33,66,24,35,59,16,21,37,5,17,22,378,419,797,797,376,0.47176913425345046
2020-10-09,31,41,72,50,45,95,51,81,132,80,94,174,57,62,119,45,58,103,38,44,82,24,37,61,11,26,37,4,15,19,391,503,894,894,515,0.5760626398210291
2020-10-10,24,29,53,31,24,55,59,52,111,57,59,116,40,46,86,33,48,81,35,30,65,14,26,40,17,21,38,9,15,24,319,350,669,669,398,0.5949177877428998
2020-10-11,27,26,53,20,17,37,42,59,101,53,62,115,50,38,88,31,26,57,34,36,70,20,26,46,16,23,39,1,10,11,294,323,617,617,356,0.5769854132901134
2020-10-12,22,30,52,39,30,69,73,82,155,71,76,147,54,66,120,49,71,120,53,40,93,38,44,82,23,40,63,2,16,18,424,495,919,919,349,0.3797606093579978
2020-10-13,50,44,94,55,36,91,107,106,213,101,120,221,68,84,152,76,85,161,55,52,107,38,49,87,28,49,77,9,24,33,587,649,1236,1236,475,0.3843042071197411
2020-10-14,47,41,88,37,51,88,91,111,202,98,116,214,65,86,151,58,65,123,50,50,100,50,53,103,22,33,55,0,21,21,518,627,1145,1145,502,0.43842794759825326
2020-10-15,45,40,85,50,52,102,102,109,211,126,130,256,92,105,197,76,80,156,65,65,130,31,53,84,18,37,55,9,16,25,614,687,1301,1301,470,0.361260568793236
2020-10-16,58,38,96,47,58,105,134,147,281,131,107,238,105,102,207,74,86,160,53,63,116,40,56,96,25,47,72,3,34,37,670,738,1408,1408,569,0.4041193181818182
2020-10-17,22,26,48,29,36,65,87,66,153,89,94,183,74,80,154,40,47,87,39,52,91,40,40,80,13,33,46,4,14,18,437,488,925,925,416,0.44972972972972974
2020-10-18,23,27,50,24,25,49,36,47,83,52,71,123,33,47,80,40,36,76,28,26,54,21,33,54,10,37,47,1,14,15,268,363,631,631,340,0.5388272583201268
2020-10-19,68,47,115,47,53,100,113,142,255,122,143,265,126,129,255,86,86,172,81,71,152,51,63,114,24,42,66,3,16,19,721,792,1513,1513,760,0.5023132848645075
2020-10-20,55,58,113,55,54,109,136,129,265,115,128,243,97,118,215,84,87,171,67,59,126,36,52,88,34,45,79,1,25,26,680,755,1435,1435,975,0.6794425087108014
2020-10-21,38,32,70,68,46,114,89,122,211,98,100,198,82,84,166,71,58,129,55,47,102,33,40,73,21,37,58,3,15,18,558,581,1139,1139,674,0.591747146619842
2020-10-22,40,32,72,60,65,125,86,97,183,81,95,176,77,97,174,58,73,131,38,50,88,30,38,68,22,36,58,7,19,26,499,602,1101,1101,773,0.7020890099909174
2020-10-23,32,32,64,43,32,75,73,87,160,72,90,162,58,79,137,49,51,100,44,53,97,40,39,79,25,20,45,4,24,28,440,507,947,947,745,0.7866948257655755
2020-10-24,19,23,42,19,30,49,61,41,102,47,58,105,46,42,88,36,31,67,21,29,50,27,26,53,9,23,32,5,13,18,290,316,606,606,546,0.900990099009901
2020-10-25,35,29,64,18,28,46,61,62,123,56,84,140,46,46,92,40,53,93,30,33,63,23,30,53,8,19,27,4,3,7,321,387,708,708,661,0.9336158192090396
2020-10-26,41,34,75,60,39,99,85,98,183,100,105,205,70,93,163,60,78,138,43,54,97,38,46,84,17,43,60,5,20,25,519,610,1129,1129,986,0.8733392382639504
2020-10-27,40,37,77,42,36,78,107,108,215,99,87,186,93,79,172,67,87,154,62,79,141,41,52,93,17,29,46,3,8,11,571,602,1173,1173,993,0.8465473145780051
2020-10-28,41,37,78,37,31,68,72,108,180,95,99,194,56,80,136,62,70,132,57,43,100,31,38,69,12,33,45,4,14,18,467,553,1020,1020,822,0.8058823529411765
2020-10-29,35,32,67,34,38,72,113,90,203,116,105,221,68,82,150,48,58,106,51,54,105,27,32,59,17,29,46,2,8,10,511,528,1039,1039,1008,0.9701636188642926
2020-10-30,36,25,61,30,39,69,77,119,196,89,94,183,71,73,144,44,56,100,44,55,99,25,31,56,19,31,50,6,17,23,441,540,981,981,761,0.7757390417940877
2020-10-31,27,22,49,21,22,43,45,53,98,47,66,113,40,54,94,37,31,68,30,40,70,21,24,45,8,15,23,3,4,7,279,331,610,610,508,0.8327868852459016
2020-11-01,38,29,67,29,42,71,58,69,127,61,73,134,61,50,111,43,54,97,32,45,77,27,27,54,9,20,29,3,6,9,361,415,776,776,655,0.8440721649484536
2020-11-02,38,43,81,43,48,91,89,100,189,103,95,198,68,84,152,66,58,124,58,58,116,34,35,69,17,24,41,2,14,16,518,559,1077,1077,874,0.8115134633240483
2020-11-03,32,28,60,26,25,51,74,89,163,83,74,157,55,42,97,47,52,99,41,40,81,35,29,64,19,34,53,2,13,15,414,426,840,840,621,0.7392857142857143
2020-11-04,37,41,78,41,43,84,108,113,221,91,105,196,98,98,196,66,74,140,65,56,121,42,38,80,22,41,63,11,15,26,581,624,1205,1205,706,0.5858921161825726
2020-11-05,44,41,85,59,51,110,130,114,244,122,116,238,102,92,194,79,93,172,42,57,99,35,38,73,19,29,48,2,15,17,634,646,1280,1280,824,0.64375
2020-11-06,27,33,60,26,41,67,71,75,146,62,75,137,43,45,88,50,53,103,36,46,82,30,40,70,15,30,45,4,8,12,364,446,810,810,678,0.837037037037037
2020-11-07,30,29,59,27,29,56,52,74,126,53,74,127,46,56,102,43,50,93,42,42,84,26,30,56,21,20,41,7,5,12,347,409,756,756,585,0.7738095238095238
2020-11-08,37,43,80,34,38,72,65,62,127,60,78,138,52,60,112,34,43,77,40,41,81,27,31,58,11,16,27,4,4,8,364,416,780,780,645,0.8269230769230769
2020-11-09,51,50,101,66,40,106,85,106,191,102,126,228,75,86,161,76,72,148,57,62,119,25,39,64,24,38,62,4,10,14,565,629,1194,1194,937,0.7847571189279732
2020-11-10,36,28,64,38,33,71,82,73,155,94,93,187,59,60,119,49,54,103,64,43,107,32,35,67,23,28,51,4,11,15,481,458,939,939,623,0.663471778487753
2020-11-11,44,34,78,32,40,72,88,95,183,90,92,182,74,73,147,55,68,123,44,42,86,35,34,69,20,39,59,4,18,22,486,535,1021,1021,703,0.6885406464250735
2020-11-12,50,32,82,42,38,80,79,107,186,106,104,210,82,79,161,69,52,121,40,72,112,37,44,81,21,36,57,3,11,14,529,575,1104,1104,708,0.6413043478260869
2020-11-13,46,29,75,49,36,85,86,110,196,75,90,165,73,73,146,57,60,117,55,61,116,37,38,75,21,34,55,4,14,18,503,545,1048,1048,699,0.6669847328244275
2020-11-14,48,37,85,28,29,57,57,66,123,70,77,147,44,62,106,37,44,81,48,26,74,26,36,62,8,23,31,4,4,8,370,404,774,774,559,0.7222222222222222
2020-11-15,39,36,75,34,22,56,65,85,150,82,62,144,61,61,122,47,57,104,43,44,87,26,30,56,9,24,33,0,14,14,406,435,841,841,625,0.7431629013079667
2020-11-16,40,47,87,45,37,82,74,80,154,78,88,166,79,70,149,35,56,91,43,52,95,33,38,71,15,29,44,5,21,26,447,518,965,965,602,0.6238341968911917
2020-11-17,40,46,86,46,39,85,101,104,205,117,115,232,83,86,169,56,60,116,65,75,140,44,51,95,8,37,45,1,9,10,561,622,1183,1183,814,0.6880811496196112
2020-11-18,42,41,83,57,45,102,102,100,202,127,107,234,77,72,149,58,64,122,47,45,92,42,45,87,15,42,57,4,9,13,571,570,1141,1141,804,0.7046450482033304
2020-11-19,40,32,72,63,48,111,98,109,207,99,119,218,63,79,142,66,73,139,56,62,118,39,35,74,18,35,53,3,11,14,545,603,1148,1148,814,0.7090592334494773
2020-11-20,43,37,80,39,43,82,89,97,186,96,98,194,58,66,124,56,59,115,53,49,102,29,29,58,19,28,47,5,10,15,487,516,1003,1003,738,0.7357926221335992
2020-11-21,37,29,66,29,31,60,58,64,122,60,61,121,49,53,102,38,44,82,36,35,71,23,20,43,9,12,21,3,9,12,342,358,700,700,604,0.8628571428571429
2020-11-22,28,27,55,27,26,53,59,56,115,48,64,112,53,49,102,26,27,53,25,45,70,21,16,37,9,21,30,1,8,9,297,339,636,636,487,0.7657232704402516
2020-11-23,48,37,85,31,32,63,70,70,140,74,73,147,63,53,116,43,45,88,40,42,82,21,29,50,19,28,47,6,12,18,415,421,836,836,678,0.8110047846889952
2020-11-24,41,46,87,47,43,90,90,88,178,110,90,200,79,67,146,57,61,118,53,49,102,31,42,73,25,35,60,3,5,8,536,526,1062,1062,837,0.788135593220339
2020-11-25,52,49,101,53,44,97,100,89,189,103,106,209,72,66,138,53,49,102,49,48,97,26,35,61,18,26,44,5,9,14,531,521,1052,1052,718,0.6825095057034221
2020-11-26,40,41,81,48,52,100,101,109,210,101,115,216,60,85,145,67,62,129,60,48,108,33,45,78,17,29,46,8,12,20,535,598,1133,1133,822,0.7255075022065314
2020-11-27,19,35,54,30,25,55,85,99,184,71,80,151,56,45,101,55,50,105,35,41,76,28,35,63,12,33,45,6,5,11,397,448,845,845,615,0.727810650887574
2020-11-28,46,24,70,31,31,62,74,68,142,49,75,124,45,54,99,54,49,103,23,33,56,21,30,51,12,28,40,2,4,6,357,396,753,753,523,0.6945551128818062
2020-11-29,35,38,73,22,37,59,77,83,160,68,87,155,67,49,116,45,47,92,41,41,82,20,27,47,15,13,28,2,7,9,392,429,821,821,630,0.7673568818514007
2020-11-30,49,41,90,58,41,99,130,139,269,113,114,227,97,85,182,54,72,126,62,65,127,39,51,90,19,33,52,7,8,15,628,649,1277,1276,883,0.6920062695924765
2020-12-01,34,43,77,37,54,91,115,100,215,90,114,204,77,86,163,39,52,91,51,68,119,37,46,83,19,29,48,2,4,6,501,596,1097,1097,718,0.6545123062898814
2020-12-02,23,19,42,29,30,59,67,70,137,61,85,146,60,69,129,38,41,79,28,31,59,31,30,61,13,19,32,6,10,16,356,404,760,760,304,0.4
2020-12-03,34,44,78,45,38,83,86,122,208,108,122,230,81,81,162,55,54,109,55,64,119,35,31,66,14,20,34,3,11,14,516,587,1103,1103,258,0.23390752493200362
2020-12-04,35,39,74,40,49,89,90,83,173,93,91,184,77,82,159,65,71,136,55,60,115,39,38,77,18,29,47,7,9,16,519,551,1070,1070,347,0.32429906542056075
2020-12-05,30,30,60,35,33,68,79,72,151,85,68,153,49,48,97,35,39,74,29,27,56,19,22,41,11,22,33,5,8,13,377,369,746,746,384,0.514745308310992
2020-12-06,25,25,50,32,23,55,56,55,111,57,46,103,37,54,91,25,35,60,31,29,60,26,28,54,16,16,32,1,3,4,306,314,620,620,245,0.3951612903225806
2020-12-07,20,37,57,38,28,66,82,88,170,73,77,150,54,62,116,38,47,85,29,32,61,24,37,61,11,19,30,4,5,9,373,432,805,805,221,0.2745341614906832
2020-12-08,34,39,73,25,30,55,74,77,151,76,77,153,48,45,93,53,49,102,37,39,76,20,35,55,6,19,25,5,4,9,378,414,792,792,251,0.31691919191919193
2020-12-09,39,32,71,35,44,79,121,135,256,137,128,265,105,87,192,95,88,183,82,80,162,44,61,105,16,34,50,3,17,20,677,706,1383,1383,447,0.3232104121475054
2020-12-10,44,42,86,69,75,144,142,145,287,145,173,318,99,105,204,115,111,226,86,79,165,40,36,76,17,43,60,6,10,16,763,819,1582,1582,325,0.2054361567635904
2020-12-11,34,42,76,46,51,97,151,157,308,156,171,327,114,119,233,110,112,222,92,108,200,52,48,100,19,29,48,1,8,9,775,845,1620,1620,320,0.19753086419753085
2020-12-12,36,37,73,55,40,95,120,120,240,121,142,263,113,114,227,97,79,176,61,99,160,38,57,95,11,23,34,2,8,10,654,719,1373,1373,346,0.2520029133284778
2020-12-13,35,30,65,43,52,95,88,109,197,113,124,237,89,89,178,98,82,180,70,55,125,38,31,69,11,22,33,6,4,10,591,598,1189,1189,200,0.16820857863751051
2020-12-14,54,42,96,50,52,102,142,147,289,149,151,300,111,127,238,106,106,212,87,104,191,54,59,113,20,32,52,9,12,21,782,832,1614,1614,402,0.24907063197026022
2020-12-15,37,38,75,60,57,117,116,142,258,142,156,298,106,96,202,103,114,217,100,98,198,49,44,93,13,18,31,1,13,14,727,776,1503,1502,339,0.22569906790945407
2020-12-16,25,36,61,64,79,143,152,185,337,196,202,398,126,153,279,128,118,246,127,111,238,63,61,124,20,21,41,4,12,16,905,978,1883,1883,394,0.2092405735528412
2020-12-17,47,49,96,71,65,136,149,179,328,210,223,433,159,155,314,126,123,249,64,95,159,48,39,87,10,24,34,3,8,11,887,960,1847,1847,401,0.21710882512181917
2020-12-18,60,44,104,83,99,182,181,195,376,210,223,433,168,167,335,141,156,297,156,147,303,91,76,167,16,48,64,4,8,12,1110,1163,2273,2273,535,0.2353717553893533
2020-12-19,44,36,80,63,70,133,138,168,306,220,217,437,141,138,279,115,118,233,100,128,228,48,66,114,15,25,40,3,5,8,887,971,1858,1858,457,0.24596340150699678
2020-12-20,37,52,89,75,78,153,148,157,305,221,212,433,160,165,325,138,150,288,118,125,243,52,52,104,12,16,28,3,7,10,964,1014,1978,1978,267,0.13498483316481294
2020-12-21,60,58,118,92,66,158,204,190,394,249,262,511,190,169,359,149,153,302,130,147,277,66,77,143,13,39,52,5,8,13,1158,1169,2327,2327,432,0.1856467554791577
2020-12-22,56,61,117,99,88,187,227,224,451,260,285,545,210,197,407,159,150,309,163,164,327,72,59,131,19,31,50,4,5,9,1269,1264,2533,2533,438,0.17291748914330832
2020-12-23,62,56,118,103,87,190,235,235,470,280,263,543,187,216,403,163,148,311,121,140,261,62,62,124,25,38,63,6,14,20,1244,1259,2503,2503,485,0.1937674790251698
2020-12-24,33,38,71,50,58,108,132,132,264,179,157,336,121,104,225,75,86,161,67,82,149,43,35,78,5,22,27,3,5,8,708,719,1427,1427,378,0.2648913805185704
2020-12-25,14,17,31,19,19,38,41,28,69,43,51,94,30,27,57,21,28,49,14,19,33,14,7,21,7,13,20,3,4,7,206,213,419,419,261,0.6229116945107399
2020-12-26,49,41,90,101,112,213,165,206,371,267,235,502,166,193,359,135,142,277,82,106,188,43,55,98,18,32,50,1,12,13,1027,1134,2161,2161,432,0.1999074502545118
2020-12-27,34,30,64,126,103,229,185,152,337,256,220,476,220,192,412,148,155,303,133,131,264,54,69,123,25,36,61,3,11,14,1184,1099,2283,2283,251,0.1099430573806395
2020-12-28,62,53,115,143,145,288,278,286,564,391,371,762,259,278,537,196,217,413,136,168,304,65,82,147,26,46,72,3,16,19,1559,1662,3221,3221,484,0.1502638932008693
2020-12-29,52,52,104,127,142,269,270,278,548,303,265,568,238,241,479,172,164,336,134,154,288,72,85,157,22,52,74,8,15,23,1398,1448,2846,2846,441,0.15495432185523542
2020-12-30,51,39,90,137,154,291,291,242,533,352,319,671,231,237,468,180,215,395,137,146,283,71,76,147,25,43,68,4,13,17,1479,1484,2963,2962,626,0.2113436866981769
2020-12-31,36,38,74,98,95,193,215,188,403,198,246,444,164,184,348,116,109,225,64,80,144,36,53,89,13,28,41,0,7,7,940,1028,1968,1968,389,0.19766260162601626
2021-01-01,18,11,29,22,26,48,31,41,72,43,50,93,41,32,73,31,36,67,18,20,38,18,16,34,5,17,22,1,4,5,228,253,481,481,204,0.42411642411642414
2021-01-02,50,35,85,86,109,195,185,190,375,228,234,462,166,174,340,117,165,282,141,125,266,65,64,129,14,36,50,3,8,11,1055,1140,2195,2195,414,0.18861047835990888
2021-01-03,33,37,70,151,139,290,274,284,558,340,351,691,240,288,528,185,223,408,163,173,336,74,96,170,20,34,54,3,6,9,1483,1631,3114,3114,338,0.10854206807964033
2021-01-04,48,49,97,122,105,227,347,374,721,371,406,777,279,285,564,189,231,420,146,159,305,95,90,185,34,55,89,4,12,16,1635,1766,3401,3401,506,0.1487797706556895
2021-01-05,39,52,91,153,136,289,366,396,762,397,416,813,291,300,591,199,226,425,165,235,400,90,103,193,26,53,79,5,11,16,1731,1928,3659,3658,503,0.13750683433570257
2021-01-06,49,39,88,167,159,326,371,342,713,387,382,769,314,306,620,232,242,474,169,203,372,101,107,208,29,56,85,4,20,24,1823,1856,3679,3678,513,0.13947797716150082
2021-01-07,46,45,91,110,132,242,282,284,566,325,312,637,242,231,473,159,189,348,138,154,292,68,102,170,25,48,73,2,9,11,1397,1506,2903,2903,519,0.17878057182225285
2021-01-08,53,43,96,123,152,275,310,289,599,275,311,586,200,261,461,156,186,342,107,142,249,67,102,169,27,37,64,7,9,16,1325,1532,2857,2856,583,0.20413165266106442
2021-01-09,32,39,71,109,126,235,215,258,473,315,328,643,199,230,429,164,174,338,104,153,257,49,69,118,20,39,59,0,12,12,1207,1428,2635,2634,411,0.1560364464692483
2021-01-10,44,45,89,125,143,268,243,248,491,268,330,598,217,228,445,142,171,313,117,95,212,42,71,113,12,32,44,1,10,11,1211,1373,2584,2584,292,0.1130030959752322
2021-01-11,56,41,97,158,158,316,338,352,690,335,388,723,256,266,522,185,198,383,127,172,299,72,72,144,21,41,62,1,7,8,1549,1695,3244,3244,492,0.15166461159062886
2021-01-12,65,38,103,131,137,268,278,322,600,278,294,572,212,230,442,153,201,354,127,122,249,51,63,114,28,29,57,3,9,12,1326,1445,2771,2770,414,0.14945848375451262
2021-01-13,73,66,139,153,169,322,342,323,665,301,311,612,251,243,494,177,216,393,138,170,308,71,75,146,20,47,67,6,4,10,1532,1624,3156,3156,433,0.13719898605830164
2021-01-14,54,53,107,155,154,309,293,320,613,301,331,632,212,254,466,184,231,415,126,157,283,63,72,135,19,37,56,3,6,9,1410,1615,3025,3025,518,0.1712396694214876
2021-01-15,56,53,109,256,233,489,366,390,756,435,449,884,343,324,667,277,283,560,157,185,342,67,96,163,24,45,69,3,9,12,1984,2067,4051,4051,556,0.13725006171315723
2021-01-16,35,29,64,259,254,513,317,353,670,395,415,810,360,368,728,279,256,535,171,190,361,101,104,205,23,37,60,2,11,13,1942,2017,3959,3959,389,0.09825713564031321
2021-01-17,38,22,60,221,219,440,301,375,676,349,356,705,352,397,749,238,248,486,124,154,278,65,68,133,20,27,47,2,2,4,1710,1868,3578,3578,327,0.09139183901621017
2021-01-18,55,55,110,283,289,572,408,424,832,449,444,893,413,396,809,319,308,627,213,236,449,96,119,215,30,47,77,3,9,12,2269,2327,4596,4596,431,0.09377719756309835
2021-01-19,58,45,103,265,233,498,402,387,789,433,430,863,396,407,803,271,312,583,198,230,428,99,120,219,20,50,70,7,16,23,2149,2230,4379,4379,320,0.07307604475907742
2021-01-20,56,51,107,262,258,520,361,390,751,382,368,750,364,366,730,298,305,603,223,241,464,110,128,238,23,44,67,8,14,22,2087,2165,4252,4252,350,0.08231420507996237
2021-01-21,60,52,112,176,222,398,316,320,636,287,328,615,256,303,559,196,289,485,172,161,333,76,87,163,38,40,78,7,12,19,1584,1814,3398,3398,472,0.13890523837551502
2021-01-22,48,50,98,212,186,398,261,294,555,261,285,546,257,289,546,196,220,416,147,164,311,72,92,164,17,42,59,3,3,6,1474,1625,3099,3099,364,0.11745724427234591
2021-01-23,35,30,65,208,184,392,284,296,580,270,306,576,243,215,458,204,215,419,103,123,226,46,59,105,13,28,41,2,7,9,1408,1463,2871,2871,419,0.14594218042493903
2021-01-24,30,33,63,237,214,451,312,314,626,289,297,586,289,299,588,225,227,452,140,147,287,53,74,127,21,32,53,2,6,8,1598,1643,3241,3241,224,0.06911447084233262
2021-01-25,55,69,124,295,259,554,407,416,823,362,394,756,342,369,711,248,275,523,194,203,397,91,105,196,28,56,84,6,11,17,2028,2157,4185,4185,336,0.08028673835125448
2021-01-26,68,57,125,279,236,515,346,323,669,318,305,623,287,310,597,223,260,483,159,184,343,79,93,172,29,57,86,4,15,19,1792,1840,3632,3632,397,0.10930616740088106
2021-01-27,65,55,120,216,227,443,325,323,648,316,328,644,271,313,584,206,253,459,150,147,297,65,79,144,30,42,72,2,18,20,1646,1785,3431,3431,308,0.08976974642961236
2021-01-28,58,55,113,194,173,367,263,279,542,278,280,558,216,229,445,176,216,392,134,154,288,75,90,165,28,45,73,5,14,19,1427,1535,2962,2962,373,0.12592842673869006
2021-01-29,47,60,107,267,242,509,350,330,680,362,395,757,317,351,668,253,270,523,190,233,423,81,115,196,23,57,80,4,9,13,1894,2062,3956,3955,526,0.1329962073324905
2021-01-30,34,22,56,349,332,681,312,336,648,372,414,786,407,438,845,309,331,640,173,231,404,85,112,197,20,45,65,3,8,11,2064,2269,4333,4333,316,0.07292868682206323
2021-01-31,29,26,55,490,485,975,408,406,814,478,498,976,592,631,1223,407,431,838,207,235,442,88,111,199,24,41,65,2,11,13,2725,2875,5600,5600,182,0.0325
2021-02-01,47,49,96,397,474,871,373,436,809,445,496,941,522,509,1031,418,410,828,243,292,535,78,145,223,37,47,84,2,10,12,2562,2868,5430,5430,349,0.06427255985267034
2021-02-02,44,42,86,332,365,697,358,357,715,399,460,859,508,542,1050,373,392,765,259,287,546,145,164,309,35,49,84,5,12,17,2458,2670,5128,5128,274,0.05343213728549142
2021-02-03,48,50,98,288,258,546,328,367,695,371,390,761,403,421,824,297,320,617,229,255,484,113,150,263,34,58,92,4,11,15,2115,2280,4395,4395,315,0.07167235494880546
2021-02-04,56,45,101,169,157,326,252,287,539,276,300,576,234,312,546,208,242,450,135,202,337,74,111,185,22,42,64,3,16,19,1429,1714,3143,3143,317,0.10085905186127904
2021-02-05,51,46,97,176,166,342,249,257,506,258,275,533,238,235,473,175,207,382,143,182,325,73,87,160,16,47,63,2,8,10,1381,1510,2891,2891,445,0.15392597717052922
2021-02-06,28,29,57,187,186,373,222,237,459,246,311,557,233,267,500,204,234,438,123,150,273,51,86,137,18,31,49,0,8,8,1312,1539,2851,2851,298,0.10452472816555594
2021-02-07,32,38,70,189,192,381,208,235,443,270,295,565,242,263,505,194,232,426,114,120,234,63,65,128,16,24,40,7,5,12,1335,1469,2804,2804,174,0.062054208273894434
2021-02-08,52,44,96,251,299,550,319,348,667,369,411,780,404,426,830,256,297,553,158,205,363,78,108,186,27,57,84,4,16,20,1918,2211,4129,4129,370,0.08961007507871155
2021-02-09,47,32,79,221,231,452,286,301,587,386,361,747,328,361,689,270,277,547,203,208,411,91,110,201,32,62,94,5,14,19,1869,1957,3826,3826,275,0.07187663355985363
2021-02-10,48,34,82,165,163,328,248,281,529,286,346,632,306,295,601,177,239,416,152,174,326,86,92,178,29,38,67,0,10,10,1497,1672,3169,3169,246,0.07762701167560744
2021-02-11,52,41,93,143,181,324,210,263,473,305,299,604,252,287,539,176,224,400,148,159,307,73,78,151,25,49,74,4,10,14,1388,1591,2979,2979,221,0.07418596844578718
2021-02-12,49,36,85,183,187,370,216,221,437,306,325,631,278,316,594,177,216,393,142,189,331,76,92,168,27,44,71,2,14,16,1456,1640,3096,3096,382,0.12338501291989665
2021-02-13,28,25,53,221,240,461,225,253,478,341,344,685,315,379,694,205,239,444,142,161,303,53,83,136,20,35,55,2,11,13,1552,1770,3322,3322,311,0.09361830222757375
2021-02-14,24,20,44,202,229,431,181,246,427,330,386,716,375,408,783,202,246,448,162,163,325,63,107,170,15,23,38,2,12,14,1556,1840,3396,3395,194,0.05714285714285714
2021-02-15,26,38,64,287,293,580,276,299,575,400,445,845,474,481,955,298,299,597,156,191,347,71,108,179,16,46,62,2,12,14,2006,2212,4218,4218,250,0.05926979611190138
2021-02-16,28,24,52,292,260,552,354,397,751,472,533,1005,432,495,927,287,249,536,147,143,290,67,85,152,13,36,49,8,7,15,2100,2229,4329,4329,286,0.06606606606606606
2021-02-17,38,47,85,200,212,412,442,446,888,424,429,853,329,356,685,232,275,507,209,218,427,92,114,206,21,52,73,5,14,19,1992,2163,4155,4155,275,0.06618531889290012
2021-02-18,35,43,78,166,191,357,353,381,734,385,408,793,302,337,639,255,257,512,173,206,379,90,118,208,28,47,75,2,6,8,1789,1994,3783,3783,336,0.08881839809674862
2021-02-19,49,38,87,153,192,345,328,335,663,327,382,709,284,319,603,226,263,489,166,201,367,88,118,206,23,44,67,3,9,12,1647,1901,3548,3548,372,0.10484780157835401
2021-02-20,41,26,67,138,174,312,277,292,569,296,342,638,274,306,580,196,254,450,122,202,324,62,77,139,23,39,62,4,3,7,1433,1715,3148,3148,261,0.08290978398983481
2021-02-21,40,28,68,150,171,321,231,301,532,315,335,650,254,285,539,152,210,362,141,171,312,58,74,132,21,33,54,4,9,13,1366,1617,2983,2983,213,0.07140462621521958
2021-02-22,54,67,121,143,193,336,294,341,635,328,398,726,286,313,599,221,243,464,154,210,364,77,100,177,39,37,76,3,5,8,1599,1907,3506,3506,310,0.08841985168282944
2021-02-23,67,51,118,141,146,287,257,283,540,299,335,634,247,284,531,209,228,437,158,196,354,88,117,205,30,40,70,7,16,23,1503,1696,3199,3199,294,0.09190371991247265
2021-02-24,41,66,107,148,167,315,204,243,447,268,284,552,185,241,426,167,190,357,170,161,331,81,98,179,22,42,64,3,10,13,1289,1502,2791,2791,245,0.08778215693299893
2021-02-25,77,72,149,107,123,230,223,239,462,218,239,457,207,195,402,147,178,325,121,163,284,65,94,159,20,36,56,4,16,20,1189,1355,2544,2544,248,0.09748427672955975
2021-02-26,58,56,114,112,123,235,222,278,500,277,250,527,207,233,440,164,197,361,129,194,323,62,91,153,20,36,56,2,17,19,1253,1475,2728,2728,249,0.09127565982404692
2021-02-27,33,31,64,122,153,275,202,244,446,279,307,586,196,215,411,189,230,419,164,194,358,67,92,159,20,47,67,1,7,8,1273,1520,2793,2793,287,0.10275689223057644
2021-02-28,34,35,69,165,176,341,264,314,578,344,392,736,286,304,590,264,327,591,211,230,441,112,123,235,22,41,63,3,9,12,1705,1951,3656,3656,237,0.06482494529540482
2021-03-01,83,70,153,103,140,243,238,235,473,283,262,545,220,202,422,127,170,297,137,162,299,68,112,180,23,44,67,5,14,19,1287,1411,2698,2698,365,0.13528539659006672
2021-03-02,93,77,170,136,122,258,215,234,449,223,256,479,193,190,383,154,199,353,108,148,256,73,68,141,33,38,71,3,7,10,1231,1339,2570,2570,238,0.09260700389105059
2021-03-03,89,64,153,109,102,211,157,208,365,218,205,423,155,172,327,149,178,327,155,178,333,80,104,184,14,30,44,0,15,15,1126,1256,2382,2382,296,0.12426532325776658
2021-03-04,74,71,145,100,122,222,169,177,346,203,185,388,144,158,302,105,165,270,118,180,298,67,104,171,22,37,59,6,13,19,1008,1212,2220,2220,303,0.13648648648648648
2021-03-05,64,62,126,93,106,199,169,226,395,224,225,449,146,148,294,126,170,296,128,142,270,71,90,161,18,34,52,0,6,6,1039,1209,2248,2248,312,0.1387900355871886
2021-03-06,45,44,89,77,81,158,167,165,332,186,189,375,135,150,285,95,138,233,96,102,198,45,65,110,21,27,48,2,6,8,869,967,1836,1836,220,0.11982570806100218
2021-03-07,41,39,80,83,82,165,149,188,337,188,196,384,106,162,268,120,152,272,120,153,273,47,70,117,21,34,55,4,4,8,879,1080,1959,1958,164,0.08375893769152196
2021-03-08,82,80,162,110,130,240,178,225,403,226,248,474,180,184,364,181,196,377,168,182,350,79,91,170,21,47,68,3,11,14,1228,1394,2622,2620,243,0.09274809160305343
2021-03-09,100,111,211,109,110,219,179,181,360,228,233,461,200,181,381,163,184,347,140,221,361,94,101,195,23,34,57,4,7,11,1240,1363,2603,2603,260,0.09988474836726853
2021-03-10,107,97,204,116,98,214,186,188,374,234,232,466,152,161,313,143,182,325,136,148,284,74,107,181,21,48,69,4,9,13,1173,1270,2443,2443,371,0.1518624641833811
2021-03-11,85,96,181,80,107,187,147,187,334,179,185,364,111,140,251,102,130,232,102,136,238,57,71,128,25,31,56,1,15,16,889,1098,1987,1987,372,0.1872169099144439
2021-03-12,102,102,204,112,126,238,164,200,364,217,239,456,155,181,336,129,184,313,125,162,287,76,93,169,23,43,66,4,12,16,1107,1342,2449,2448,420,0.1715686274509804
2021-03-13,76,50,126,76,89,165,187,192,379,226,222,448,148,147,295,121,167,288,150,152,302,57,71,128,10,38,48,5,3,8,1056,1131,2187,2187,450,0.205761316872428
2021-03-14,57,78,135,67,85,152,158,201,359,207,237,444,142,155,297,141,182,323,148,173,321,57,94,151,20,27,47,4,9,13,1001,1241,2242,2242,233,0.10392506690454952
2021-03-15,146,114,260,121,132,253,195,243,438,231,264,495,201,221,422,180,196,376,170,184,354,86,124,210,18,46,64,4,15,19,1352,1539,2891,2891,371,0.12832929782082325
2021-03-16,117,123,240,107,128,235,164,201,365,237,245,482,162,147,309,153,183,336,129,175,304,73,103,176,14,44,58,5,15,20,1161,1364,2525,2525,284,0.11247524752475248
2021-03-17,87,99,186,110,108,218,179,217,396,174,177,351,135,159,294,142,160,302,132,149,281,60,90,150,18,39,57,2,13,15,1039,1211,2250,2249,287,0.12761227212094264
2021-03-18,93,76,169,75,91,166,149,172,321,186,159,345,120,137,257,93,127,220,101,128,229,63,78,141,17,28,45,2,8,10,899,1004,1903,1903,289,0.15186547556489752
2021-03-19,102,85,187,118,116,234,154,201,355,195,205,400,121,143,264,113,150,263,104,148,252,62,68,130,15,26,41,5,8,13,989,1150,2139,2139,430,0.201028517999065
2021-03-20,41,45,86,74,85,159,134,138,272,149,177,326,111,136,247,111,138,249,96,101,197,59,62,121,17,26,43,3,7,10,795,915,1710,1708,288,0.1686182669789227
2021-03-21,63,57,120,75,84,159,150,148,298,184,178,362,118,122,240,116,148,264,91,125,216,33,64,97,17,27,44,3,9,12,850,962,1812,1812,210,0.11589403973509933
2021-03-22,92,100,192,117,99,216,169,220,389,204,218,422,167,160,327,166,178,344,122,151,273,68,79,147,23,48,71,4,22,26,1132,1275,2407,2407,399,0.16576651433319484
2021-03-23,101,104,205,131,115,246,184,212,396,183,190,373,148,130,278,148,162,310,123,164,287,71,94,165,24,28,52,1,11,12,1114,1210,2324,2324,354,0.1523235800344234
2021-03-24,59,66,125,91,83,174,118,128,246,147,176,323,98,126,224,98,121,219,64,98,162,46,72,118,11,33,44,1,6,7,733,909,1642,1642,300,0.18270401948842874
2021-03-25,77,84,161,105,109,214,153,185,338,184,184,368,155,175,330,114,144,258,99,124,223,55,69,124,26,30,56,3,4,7,971,1108,2079,2079,304,0.14622414622414623
2021-03-26,106,94,200,125,133,258,180,195,375,214,196,410,147,171,318,111,161,272,91,138,229,65,79,144,22,34,56,2,10,12,1063,1211,2274,2274,414,0.1820580474934037
2021-03-27,81,67,148,59,74,133,148,142,290,195,186,381,131,147,278,113,141,254,114,132,246,42,63,105,13,32,45,5,5,10,901,989,1890,1890,391,0.20687830687830688
2021-03-28,60,41,101,56,77,133,116,140,256,150,183,333,139,138,277,105,140,245,90,132,222,42,41,83,19,22,41,2,5,7,779,919,1698,1698,277,0.16313309776207302
2021-03-29,94,84,178,131,107,238,168,193,361,192,209,401,169,180,349,139,149,288,104,152,256,51,52,103,17,31,48,1,11,12,1066,1168,2234,2234,382,0.170993733213966
2021-03-30,82,80,162,108,113,221,137,150,287,179,184,363,135,161,296,112,125,237,96,133,229,39,58,97,20,29,49,5,8,13,913,1041,1954,1953,340,0.1740911418330773
2021-03-31,75,70,145,86,71,157,147,169,316,166,178,344,111,140,251,75,115,190,54,76,130,27,44,71,16,22,38,2,9,11,759,894,1653,1653,385,0.23290986085904417
2021-04-01,65,63,128,88,85,173,160,175,335,177,170,347,124,140,264,100,132,232,85,105,190,40,55,95,12,16,28,2,10,12,853,951,1804,1804,434,0.24057649667405764
2021-04-02,78,51,129,85,100,185,137,145,282,177,154,331,134,119,253,94,125,219,72,84,156,42,36,78,13,11,24,3,6,9,835,831,1666,1666,369,0.22148859543817526
2021-04-03,49,59,108,80,102,182,137,143,280,164,181,345,134,139,273,103,131,234,103,91,194,32,53,85,17,35,52,3,4,7,822,938,1760,1760,492,0.27954545454545454
2021-04-04,69,56,125,151,149,300,189,215,404,240,271,511,174,209,383,117,159,276,76,109,185,32,48,80,16,25,41,1,7,8,1065,1248,2313,2313,397,0.17163856463467358
2021-04-05,92,92,184,192,202,394,258,292,550,292,277,569,234,267,501,169,204,373,108,150,258,51,60,111,12,36,48,5,9,14,1413,1589,3002,3002,460,0.15323117921385743
2021-04-06,92,117,209,166,171,337,305,257,562,286,323,609,233,233,466,155,191,346,119,183,302,69,95,164,23,36,59,3,13,16,1451,1619,3070,3070,594,0.19348534201954398
2021-04-07,106,100,206,187,179,366,277,277,554,279,317,596,244,237,481,163,208,371,102,166,268,60,84,144,12,42,54,1,8,9,1431,1618,3049,3046,498,0.16349310571240971
2021-04-08,97,89,186,147,149,296,212,268,480,265,290,555,184,192,376,134,179,313,108,138,246,53,70,123,17,30,47,1,13,14,1218,1418,2636,2636,618,0.23444613050075871
2021-04-09,87,75,162,104,116,220,136,195,331,170,177,347,154,153,307,104,129,233,73,95,168,38,50,88,9,23,32,3,8,11,878,1021,1899,1898,555,0.2924130663856691
2021-04-10,54,56,110,108,132,240,186,179,365,201,183,384,127,148,275,112,128,240,81,91,172,17,38,55,7,15,22,1,3,4,894,973,1867,1866,368,0.19721329046087888
2021-04-11,55,58,113,81,101,182,131,132,263,154,187,341,147,148,295,102,112,214,83,86,169,26,36,62,11,23,34,2,5,7,792,888,1680,1680,319,0.18988095238095237
2021-04-12,91,85,176,141,133,274,164,197,361,213,243,456,166,210,376,137,202,339,103,118,221,32,59,91,13,28,41,1,12,13,1061,1287,2348,2346,407,0.17348678601875533
2021-04-13,100,66,166,96,96,192,174,165,339,218,213,431,160,170,330,131,137,268,74,86,160,45,34,79,8,17,25,3,8,11,1009,992,2001,2001,402,0.20089955022488756
2021-04-14,88,78,166,89,79,168,121,138,259,140,139,279,98,123,221,78,105,183,106,95,201,40,62,102,15,21,36,5,5,10,780,845,1625,1624,494,0.3041871921182266
2021-04-15,102,88,190,117,134,251,211,217,428,223,211,434,213,206,419,142,189,331,91,108,199,32,50,82,15,26,41,2,8,10,1148,1237,2385,2384,466,0.19546979865771813
2021-04-16,93,91,184,97,109,206,221,209,430,241,261,502,182,199,381,154,200,354,120,149,269,32,52,84,9,26,35,1,9,10,1150,1305,2455,2454,429,0.17481662591687042
2021-04-17,91,73,164,104,96,200,170,155,325,233,190,423,174,179,353,122,144,266,97,102,199,34,62,96,15,34,49,3,4,7,1043,1039,2082,2082,441,0.21181556195965417
2021-04-18,52,65,117,69,62,131,138,144,282,159,190,349,162,142,304,115,122,237,96,91,187,32,44,76,22,20,42,3,7,10,848,887,1735,1735,284,0.16368876080691644
2021-04-19,102,78,180,118,127,245,230,221,451,241,251,492,210,192,402,158,180,338,123,128,251,41,67,108,8,37,45,4,13,17,1235,1294,2529,2529,381,0.1506524317912218
2021-04-20,103,108,211,109,104,213,173,186,359,183,203,386,180,189,369,141,140,281,124,147,271,49,55,104,24,33,57,4,9,13,1090,1174,2264,2264,406,0.1793286219081272
2021-04-21,100,73,173,93,80,173,164,151,315,172,172,344,140,149,289,112,131,243,97,111,208,42,40,82,13,43,56,2,6,8,935,956,1891,1891,395,0.2088841882601798
2021-04-22,110,96,206,127,115,242,176,179,355,212,239,451,192,230,422,146,160,306,105,138,243,45,71,116,15,41,56,1,9,10,1129,1278,2407,2406,388,0.16126350789692437
2021-04-23,93,86,179,92,111,203,205,204,409,233,239,472,191,222,413,149,201,350,102,143,245,52,67,119,17,25,42,4,6,10,1138,1304,2442,2441,326,0.13355182302335109
2021-04-24,51,41,92,44,36,80,48,63,111,73,73,146,67,86,153,40,46,86,27,33,60,26,40,66,6,22,28,2,17,19,384,457,841,841,261,0.3103448275862069
2021-04-25,69,68,137,80,73,153,107,131,238,159,148,307,144,136,280,118,126,244,77,80,157,31,33,64,10,23,33,0,3,3,795,821,1616,1615,214,0.1325077399380805
2021-04-26,101,105,206,115,119,234,189,179,368,213,224,437,183,205,388,174,174,348,108,119,227,65,74,139,13,33,46,3,10,13,1164,1242,2406,2405,276,0.11476091476091477
2021-04-27,87,78,165,105,105,210,202,225,427,192,200,392,157,195,352,133,146,279,99,115,214,47,77,124,20,33,53,4,8,12,1046,1182,2228,2226,235,0.10557053009883198
2021-04-28,97,102,199,106,105,211,182,187,369,212,217,429,170,175,345,132,128,260,93,114,207,43,55,98,10,24,34,5,9,14,1050,1116,2166,2166,286,0.13204062788550322
2021-04-29,116,103,219,150,143,293,212,244,456,265,266,531,237,224,461,162,212,374,110,144,254,66,94,160,30,48,78,2,16,18,1350,1494,2844,2843,346,0.1217024270137179
2021-04-30,105,87,192,95,101,196,111,157,268,145,169,314,117,149,266,106,120,226,73,115,188,56,63,119,22,39,61,3,17,20,833,1017,1850,1850,412,0.2227027027027027
2021-05-01,73,63,136,89,62,151,132,140,272,162,173,335,141,172,313,104,131,235,76,91,167,46,53,99,17,42,59,1,6,7,841,933,1774,1773,337,0.1900733220530175
2021-05-02,72,63,135,92,101,193,173,192,365,230,246,476,179,242,421,143,167,310,105,138,243,45,65,110,17,26,43,3,15,18,1059,1255,2314,2314,269,0.11624891961970614
2021-05-03,145,129,274,135,148,283,325,308,633,345,403,748,308,344,652,231,315,546,173,249,422,94,118,212,22,57,79,2,22,24,1780,2093,3873,3873,465,0.12006196746707978
2021-05-04,115,105,220,149,165,314,282,276,558,344,348,692,268,272,540,220,280,500,148,209,357,97,124,221,24,45,69,1,17,18,1648,1841,3489,3489,308,0.0882774433935225
2021-05-05,130,111,241,129,120,249,261,296,557,303,326,629,256,248,504,182,218,400,138,144,282,82,87,169,35,42,77,7,14,21,1523,1606,3129,3127,309,0.09881675727534378
2021-05-06,98,116,214,177,175,352,260,340,600,309,328,637,286,277,563,207,238,445,132,151,283,73,86,159,30,46,76,4,20,24,1576,1777,3353,3353,419,0.12496271995228155
2021-05-07,123,116,239,189,173,362,285,360,645,308,378,686,289,332,621,189,264,453,142,171,313,68,102,170,20,31,51,2,6,8,1615,1933,3548,3548,408,0.11499436302142052
2021-05-08,57,69,126,83,81,164,167,179,346,212,215,427,145,154,299,106,130,236,69,80,149,44,39,83,20,28,48,1,11,12,904,986,1890,1890,302,0.15978835978835979
2021-05-09,80,76,156,78,93,171,144,163,307,178,199,377,161,178,339,105,132,237,74,87,161,51,64,115,18,23,41,9,2,11,898,1017,1915,1915,215,0.1122715404699739
2021-05-10,122,116,238,140,149,289,301,280,581,328,321,649,272,324,596,222,230,452,162,179,341,84,106,190,29,50,79,2,9,11,1662,1764,3426,3425,350,0.10218978102189781
2021-05-11,111,95,206,131,129,260,214,226,440,270,269,539,211,208,419,151,172,323,141,149,290,68,94,162,24,32,56,5,8,13,1326,1382,2708,2708,348,0.12850812407680945
2021-05-12,108,96,204,117,115,232,196,248,444,258,233,491,221,229,450,174,172,346,118,147,265,48,73,121,18,40,58,5,11,16,1263,1364,2627,2627,428,0.16292348686714883
2021-05-13,138,90,228,102,109,211,238,272,510,239,286,525,225,212,437,136,189,325,110,130,240,49,76,125,21,49,70,1,4,5,1259,1417,2676,2675,412,0.15401869158878503
2021-05-14,127,135,262,132,180,312,294,321,615,346,354,700,234,325,559,209,238,447,138,187,325,67,93,160,32,41,73,5,8,13,1584,1882,3466,3466,461,0.1330063473744951
2021-05-15,93,101,194,100,134,234,194,242,436,240,286,526,199,248,447,158,164,322,102,130,232,41,47,88,19,33,52,1,14,15,1147,1399,2546,2546,369,0.14493322859387275
2021-05-16,73,82,155,80,101,181,159,150,309,193,221,414,183,194,377,136,158,294,95,102,197,43,52,95,15,33,48,1,15,16,978,1108,2086,2086,272,0.13039309683604985
2021-05-17,180,165,345,197,194,391,322,378,700,423,453,876,330,391,721,282,334,616,180,212,392,107,140,247,39,70,109,3,15,18,2063,2352,4415,4414,494,0.11191662890801994
2021-05-18,157,162,319,185,197,382,364,352,716,413,417,830,390,378,768,274,277,551,174,198,372,90,101,191,32,48,80,4,9,13,2083,2139,4222,4222,448,0.10611084793936523
2021-05-19,175,132,307,204,200,404,373,399,772,439,445,884,374,368,742,253,314,567,187,211,398,91,100,191,32,46,78,7,17,24,2135,2232,4367,4367,358,0.0819784749255782
2021-05-20,168,165,333,193,228,421,427,444,871,467,440,907,357,384,741,255,303,558,185,191,376,84,107,191,33,52,85,3,16,19,2172,2330,4502,4501,373,0.08287047322817152
2021-05-21,121,106,227,159,166,325,321,380,701,387,442,829,321,357,678,236,264,500,154,206,360,83,74,157,30,62,92,1,11,12,1813,2068,3881,3881,556,0.14326204586446792
2021-05-22,73,58,131,89,111,200,170,237,407,253,220,473,179,187,366,125,141,266,84,84,168,44,47,91,15,38,53,1,13,14,1033,1136,2169,2169,460,0.21207929921622867
2021-05-23,69,61,130,69,98,167,147,156,303,175,194,369,155,148,303,115,153,268,68,102,170,44,35,79,12,47,59,9,14,23,863,1008,1871,1871,293,0.15660074826296097
2021-05-24,103,77,180,125,152,277,262,235,497,293,323,616,245,295,540,220,270,490,129,173,302,81,91,172,23,43,66,3,11,14,1484,1670,3154,3154,328,0.10399492707672796
2021-05-25,79,64,143,103,110,213,256,266,522,252,287,539,244,236,480,206,213,419,121,144,265,65,71,136,19,36,55,5,10,15,1350,1437,2787,2786,263,0.09440057430007179
2021-05-26,117,101,218,163,168,331,343,338,681,351,355,706,313,333,646,284,300,584,151,198,349,90,103,193,28,67,95,7,7,14,1847,1970,3817,3817,348,0.09117107676185486
2021-05-27,95,101,196,116,129,245,264,305,569,327,328,655,239,227,466,210,262,472,128,159,287,86,85,171,25,37,62,1,15,16,1491,1648,3139,3138,387,0.12332695984703633
2021-05-28,116,101,217,157,203,360,330,355,685,356,375,731,330,364,694,309,338,647,173,231,404,76,99,175,27,48,75,4,12,16,1878,2126,4004,4004,379,0.09465534465534466
2021-05-29,75,73,148,90,111,201,204,237,441,272,261,533,238,232,470,148,190,338,103,122,225,48,70,118,19,43,62,5,13,18,1202,1352,2554,2554,325,0.12725137039937354
2021-05-30,47,52,99,78,81,159,185,203,388,207,216,423,193,169,362,114,154,268,74,89,163,33,55,88,15,28,43,3,9,12,949,1056,2005,2005,217,0.10822942643391521
2021-05-31,99,96,195,149,156,305,326,327,653,369,362,731,302,326,628,182,238,420,136,173,309,89,111,200,30,63,93,0,16,16,1682,1868,3550,3549,339,0.09551986475063398
2021-06-01,118,105,223,144,142,286,276,296,572,331,323,654,257,283,540,209,252,461,163,186,349,90,98,188,35,42,77,5,11,16,1628,1738,3366,3366,311,0.09239453357100416
2021-06-02,136,112,248,142,156,298,293,342,635,318,374,692,295,299,594,188,232,420,138,189,327,91,109,200,33,51,84,7,18,25,1641,1882,3523,3521,375,0.10650383413802897
2021-06-03,111,122,233,170,157,327,304,305,609,348,372,720,296,306,602,200,243,443,154,183,337,79,105,184,30,30,60,4,17,21,1696,1840,3536,3534,317,0.08970005659309564
2021-06-04,160,146,306,167,167,334,329,360,689,338,346,684,313,326,639,235,324,559,156,193,349,95,123,218,27,59,86,2,9,11,1822,2053,3875,3875,379,0.09780645161290323
2021-06-05,89,86,175,90,100,190,183,236,419,216,242,458,192,198,390,151,161,312,79,96,175,50,79,129,16,30,46,5,14,19,1071,1242,2313,2313,360,0.1556420233463035
2021-06-06,90,95,185,97,103,200,178,193,371,203,233,436,178,174,352,155,163,318,84,114,198,45,57,102,14,27,41,0,14,14,1044,1173,2217,2217,230,0.10374379792512405
2021-06-07,128,163,291,148,164,312,293,317,610,354,354,708,275,330,605,226,272,498,167,209,376,111,153,264,36,87,123,7,34,41,1745,2083,3828,3828,374,0.09770114942528736
2021-06-08,154,144,298,139,155,294,276,331,607,366,323,689,267,283,550,232,277,509,133,155,288,78,141,219,26,54,80,4,16,20,1675,1879,3554,3554,292,0.08216094541361846
2021-06-09,146,144,290,164,137,301,336,334,670,352,380,732,283,315,598,229,278,507,144,177,321,87,100,187,38,62,100,4,18,22,1783,1945,3728,3726,340,0.09125067096081589
2021-06-10,129,140,269,139,163,302,318,347,665,355,393,748,266,295,561,195,259,454,126,180,306,94,127,221,30,50,80,5,18,23,1657,1972,3629,3625,343,0.09462068965517241
2021-06-11,125,125,250,115,156,271,312,348,660,321,398,719,293,335,628,220,248,468,145,164,309,85,130,215,33,70,103,6,17,23,1655,1991,3646,3646,470,0.12890839275918814
2021-06-12,101,96,197,104,101,205,209,221,430,244,266,510,204,215,419,142,188,330,100,129,229,52,85,137,25,35,60,4,11,15,1185,1347,2532,2532,254,0.10031595576619273
2021-06-13,110,109,219,103,108,211,171,175,346,199,203,402,195,214,409,142,179,321,97,103,200,39,57,96,19,35,54,4,10,14,1079,1193,2272,2272,222,0.0977112676056338
2021-06-14,162,135,297,157,171,328,273,352,625,343,382,725,301,327,628,218,281,499,140,213,353,108,120,228,27,52,79,17,20,37,1746,2053,3799,3799,340,0.08949723611476705
2021-06-15,162,164,326,178,158,336,313,334,647,341,382,723,282,348,630,221,257,478,161,176,337,89,102,191,38,46,84,3,16,19,1788,1983,3771,3771,298,0.07902413153009812
2021-06-16,166,158,324,170,158,328,302,335,637,349,370,719,280,339,619,184,238,422,142,167,309,79,99,178,33,48,81,1,16,17,1706,1928,3634,3634,272,0.0748486516235553
2021-06-17,156,144,300,169,184,353,321,372,693,364,432,796,284,346,630,176,251,427,142,179,321,107,121,228,25,49,74,2,11,13,1746,2089,3835,3835,323,0.08422425032594524
2021-06-18,134,124,258,147,164,311,320,298,618,344,385,729,287,372,659,171,255,426,116,170,286,60,96,156,29,31,60,4,15,19,1612,1910,3522,3522,371,0.10533787620670074
2021-06-19,105,109,214,106,89,195,191,220,411,230,286,516,195,241,436,116,147,263,114,117,231,66,73,139,25,60,85,3,17,20,1151,1359,2510,2510,401,0.1597609561752988
2021-06-20,108,81,189,84,66,150,106,141,247,152,206,358,140,173,313,106,127,233,72,91,163,51,51,102,14,29,43,1,9,10,834,974,1808,1808,215,0.11891592920353983
2021-06-21,116,118,234,114,100,214,172,224,396,245,234,479,221,237,458,161,193,354,88,107,195,59,83,142,30,29,59,3,4,7,1209,1329,2538,2537,270,0.10642491131257391
2021-06-22,184,165,349,176,172,348,287,374,661,350,379,729,330,356,686,201,255,456,181,211,392,92,124,216,29,56,85,10,10,20,1840,2102,3942,3942,351,0.08904109589041095
2021-06-23,208,171,379,202,178,380,274,350,624,367,432,799,327,406,733,176,248,424,167,186,353,83,120,203,34,58,92,6,22,28,1844,2171,4015,4014,334,0.08320876930742402
2021-06-24,203,167,370,168,194,362,303,370,673,333,420,753,314,339,653,185,256,441,156,204,360,81,100,181,22,51,73,3,13,16,1768,2114,3882,3881,476,0.12264880185519196
2021-06-25,213,179,392,194,225,419,322,405,727,409,506,915,285,368,653,252,299,551,179,245,424,93,137,230,32,59,91,9,19,28,1988,2442,4430,4429,619,0.1397606683224204
2021-06-26,109,92,201,94,118,212,176,188,364,223,258,481,179,227,406,137,125,262,115,157,272,68,104,172,21,38,59,5,16,21,1127,1323,2450,2450,293,0.11959183673469388
2021-06-27,123,99,222,81,103,184,149,184,333,187,210,397,159,184,343,102,118,220,94,88,182,51,68,119,12,37,49,0,9,9,958,1100,2058,2058,261,0.12682215743440234
2021-06-28,139,120,259,92,87,179,158,210,368,237,252,489,177,211,388,138,134,272,105,98,203,58,80,138,32,35,67,2,14,16,1138,1241,2379,2378,351,0.14760302775441547
2021-06-29,151,190,341,162,174,336,270,335,605,324,350,674,237,296,533,190,202,392,143,147,290,91,89,180,23,56,79,2,27,29,1593,1866,3459,3459,383,0.11072564324949408
2021-06-30,191,190,381,200,174,374,295,367,662,376,408,784,299,301,600,172,279,451,123,183,306,76,95,171,31,47,78,5,17,22,1768,2061,3829,3829,350,0.09140767824497258
2021-07-01,141,147,288,164,174,338,295,325,620,307,404,711,227,300,527,181,241,422,122,169,291,81,97,178,31,52,83,4,14,18,1553,1923,3476,3475,406,0.11683453237410071
2021-07-02,194,161,355,213,200,413,303,368,671,346,444,790,227,355,582,187,266,453,139,205,344,86,105,191,23,48,71,4,13,17,1722,2165,3887,3885,445,0.11454311454311454
2021-07-03,120,126,246,118,151,269,191,243,434,261,294,555,197,257,454,135,158,293,119,127,246,50,78,128,19,38,57,7,15,22,1217,1487,2704,2704,382,0.14127218934911243
2021-07-04,123,157,280,113,101,214,141,214,355,196,235,431,156,189,345,132,177,309,88,112,200,38,74,112,13,34,47,4,11,15,1004,1304,2308,2308,403,0.1746100519930676
2021-07-05,242,211,453,191,195,386,324,379,703,380,450,830,280,380,660,196,270,466,160,172,332,98,114,212,37,52,89,5,17,22,1913,2240,4153,4152,535,0.12885356454720617
2021-07-06,248,236,484,253,209,462,367,406,773,401,479,880,318,386,704,198,268,466,141,197,338,89,119,208,30,56,86,3,27,30,2048,2383,4431,4431,434,0.09794628751974724
2021-07-07,222,214,436,218,234,452,369,415,784,394,471,865,330,345,675,234,252,486,129,157,286,78,86,164,24,57,81,9,12,21,2007,2243,4250,4249,382,0.08990350670746058
2021-07-08,216,214,430,246,275,521,429,454,883,428,500,928,325,444,769,245,317,562,152,238,390,96,130,226,41,44,85,5,17,22,2183,2633,4816,4815,600,0.12461059190031153
2021-07-09,156,158,314,177,168,345,265,289,554,290,343,633,246,299,545,169,190,359,120,118,238,53,73,126,29,46,75,5,11,16,1510,1695,3205,3205,424,0.13229329173166926
2021-07-10,131,147,278,169,158,327,222,249,471,252,306,558,193,256,449,161,194,355,104,140,244,64,85,149,22,43,65,5,11,16,1323,1589,2912,2912,369,0.12671703296703296
2021-07-11,183,166,349,128,121,249,186,209,395,226,291,517,207,271,478,150,168,318,109,117,226,56,77,133,13,22,35,7,11,18,1265,1453,2718,2718,354,0.13024282560706402
2021-07-12,250,255,505,246,246,492,387,464,851,456,479,935,387,444,831,232,329,561,193,198,391,99,121,220,31,50,81,10,19,29,2291,2605,4896,4896,511,0.10437091503267974
2021-07-13,269,207,476,245,271,516,403,430,833,379,449,828,337,401,738,239,305,544,157,194,351,93,127,220,28,61,89,10,18,28,2160,2463,4623,4622,576,0.12462137602769364
2021-07-14,251,247,498,309,274,583,460,493,953,394,512,906,372,435,807,249,320,569,184,209,393,78,95,173,27,55,82,5,15,20,2329,2655,4984,4982,496,0.09955841027699719
2021-07-15,236,216,452,343,320,663,473,494,967,470,518,988,417,516,933,280,326,606,172,219,391,83,128,211,30,54,84,8,20,28,2512,2811,5323,5322,577,0.10841788801202555
2021-07-16,202,192,394,256,278,534,398,455,853,416,483,899,419,465,884,254,290,544,145,201,346,66,112,178,27,52,79,5,15,20,2188,2543,4731,4731,502,0.10610864510674275
2021-07-17,135,164,299,190,187,377,251,295,546,291,353,644,245,310,555,177,217,394,115,125,240,74,81,155,13,24,37,4,10,14,1495,1766,3261,3259,502,0.15403498005523167
2021-07-18,137,115,252,142,155,297,216,282,498,234,282,516,216,246,462,173,196,369,89,114,203,66,79,145,27,40,67,2,6,8,1302,1515,2817,2816,287,0.10191761363636363
2021-07-19,207,186,393,192,201,393,387,418,805,363,428,791,332,410,742,240,338,578,188,221,409,98,132,230,40,53,93,5,8,13,2052,2395,4447,4447,491,0.1104115133798066
2021-07-20,205,183,388,184,191,375,320,402,722,348,405,753,301,362,663,214,251,465,163,190,353,90,114,204,32,58,90,4,22,26,1861,2178,4039,4039,453,0.11215647437484526
2021-07-21,218,199,417,255,248,503,398,462,860,390,490,880,356,483,839,289,356,645,201,271,472,103,155,258,35,67,102,4,16,20,2249,2747,4996,4995,483,0.0966966966966967
2021-07-22,202,183,385,284,263,547,387,496,883,458,529,987,440,533,973,285,349,634,165,223,388,97,123,220,33,57,90,4,9,13,2355,2765,5120,5120,511,0.0998046875
2021-07-23,174,139,313,188,218,406,311,368,679,374,452,826,317,387,704,240,250,490,124,170,294,64,111,175,22,45,67,6,17,23,1820,2157,3977,3975,526,0.13232704402515724
2021-07-24,150,155,305,203,251,454,290,341,631,383,455,838,358,378,736,216,269,485,126,196,322,86,86,172,28,38,66,3,8,11,1843,2177,4020,4019,414,0.10301069917890023
2021-07-25,129,128,257,212,231,443,216,288,504,357,428,785,430,479,909,244,249,493,128,134,262,90,89,179,14,34,48,6,10,16,1826,2070,3896,3895,319,0.08189987163029525
2021-07-26,176,204,380,317,388,705,372,535,907,501,616,1117,501,601,1102,328,391,719,194,271,465,106,170,276,40,73,113,8,20,28,2543,3269,5812,5812,490,0.08430832759807295
2021-07-27,134,135,269,184,232,416,297,354,651,308,370,678,298,318,616,183,228,411,130,153,283,77,110,187,32,45,77,4,11,15,1647,1956,3603,3599,401,0.11141983884412336
2021-07-28,151,138,289,194,258,452,352,402,754,389,426,815,317,369,686,238,271,509,174,192,366,88,105,193,25,43,68,6,5,11,1934,2209,4143,4143,422,0.1018585566014965
2021-07-29,164,140,304,224,226,450,317,407,724,405,486,891,334,409,743,216,258,474,171,176,347,75,106,181,25,34,59,5,18,23,1936,2260,4196,4192,409,0.09756679389312978
2021-07-30,176,164,340,276,297,573,423,527,950,497,639,1136,425,579,1004,320,417,737,215,267,482,88,150,238,35,64,99,9,13,22,2464,3117,5581,5579,637,0.11417816813048934
2021-07-31,183,186,369,255,307,562,291,383,674,457,569,1026,505,594,1099,309,330,639,160,228,388,92,118,210,27,28,55,2,16,18,2281,2759,5040,5040,397,0.07876984126984127
2021-08-01,200,210,410,248,321,569,196,300,496,360,453,813,448,553,1001,222,274,496,128,165,293,69,112,181,23,50,73,7,10,17,1901,2448,4349,4348,379,0.08716651333946643
2021-08-02,278,222,500,319,332,651,370,489,859,518,605,1123,494,624,1118,312,436,748,258,301,559,117,171,288,49,70,119,5,20,25,2720,3270,5990,5989,603,0.10068458841208883
2021-08-03,277,262,539,297,375,672,371,511,882,456,579,1035,466,600,1066,322,432,754,221,324,545,150,182,332,37,67,104,5,18,23,2602,3350,5952,5951,582,0.09779868929591665
2021-08-04,270,234,504,246,260,506,385,436,821,432,509,941,325,436,761,226,332,558,201,237,438,83,143,226,27,54,81,2,19,21,2197,2660,4857,4856,567,0.11676276771004943
2021-08-05,285,308,593,298,358,656,492,613,1105,515,603,1118,471,582,1053,338,422,760,216,271,487,109,147,256,36,66,102,8,15,23,2768,3385,6153,6149,588,0.09562530492763051
2021-08-06,328,268,596,396,367,763,520,643,1163,572,722,1294,487,608,1095,321,481,802,265,367,632,128,210,338,40,51,91,3,16,19,3060,3733,6793,6792,644,0.09481743227326266
2021-08-07,199,226,425,234,275,509,305,352,657,386,422,808,306,381,687,222,279,501,153,201,354,83,146,229,25,48,73,6,5,11,1919,2335,4254,4251,533,0.12538226299694188
2021-08-08,295,273,568,266,278,544,250,322,572,314,387,701,344,429,773,201,278,479,173,209,382,87,86,173,21,49,70,6,11,17,1957,2322,4279,4279,536,0.12526291189530264
2021-08-09,445,411,856,345,388,733,460,653,1113,584,658,1242,486,649,1135,377,466,843,252,317,569,138,150,288,45,65,110,12,18,30,3144,3775,6919,6918,656,0.09482509395779128
2021-08-10,506,470,976,448,451,899,514,710,1224,544,726,1270,491,663,1154,386,479,865,263,340,603,148,185,333,46,68,114,2,20,22,3348,4112,7460,7455,907,0.12166331321260898
2021-08-11,429,428,857,468,505,973,542,730,1272,622,749,1371,533,723,1256,357,487,844,247,311,558,127,156,283,52,72,124,9,24,33,3386,4185,7571,7570,715,0.09445178335535007
2021-08-12,422,417,839,462,489,951,497,672,1169,547,695,1242,525,685,1210,324,466,790,216,270,486,129,142,271,48,58,106,9,20,29,3179,3914,7093,7092,740,0.10434292160180485
2021-08-13,550,463,1013,611,642,1253,591,854,1445,751,961,1712,619,841,1460,388,591,979,263,351,614,147,195,342,58,68,126,5,16,21,3983,4982,8965,8964,838,0.09348505131637662
2021-08-14,338,339,677,370,373,743,312,466,778,432,556,988,412,554,966,270,369,639,173,233,406,112,119,231,31,50,81,4,13,17,2454,3072,5526,5526,775,0.1402461093014839
2021-08-15,295,285,580,268,281,549,255,303,558,345,440,785,321,400,721,245,324,569,152,199,351,96,118,214,23,51,74,3,14,17,2003,2415,4418,4418,530,0.1199637845178814
2021-08-16,385,354,739,334,368,702,274,408,682,384,528,912,404,519,923,264,319,583,148,205,353,112,120,232,28,42,70,7,13,20,2340,2876,5216,5216,600,0.11503067484662577
2021-08-17,587,480,1067,537,558,1095,524,751,1275,710,846,1556,503,806,1309,416,562,978,261,329,590,148,169,317,38,85,123,8,24,32,3732,4610,8342,8340,915,0.10971223021582734
2021-08-18,563,522,1085,581,567,1148,459,658,1117,625,820,1445,494,678,1172,337,498,835,232,313,545,143,184,327,36,80,116,15,24,39,3485,4344,7829,7829,836,0.10678247541193
2021-08-19,519,472,991,511,560,1071,469,682,1151,645,811,1456,504,689,1193,363,454,817,221,297,518,113,141,254,33,54,87,10,14,24,3388,4174,7562,7562,867,0.11465220841047342
2021-08-20,637,573,1210,640,656,1296,545,714,1259,599,873,1472,539,772,1311,353,537,890,245,348,593,144,192,336,36,72,108,10,19,29,3748,4756,8504,8499,871,0.10248264501706084
2021-08-21,337,379,716,344,361,705,317,480,797,467,620,1087,393,524,917,276,358,634,186,253,439,105,145,250,29,49,78,3,16,19,2457,3185,5642,5641,783,0.13880517638716539
2021-08-22,481,461,942,317,353,670,279,374,653,433,590,1023,398,537,935,298,355,653,182,235,417,115,128,243,30,41,71,6,15,21,2539,3089,5628,5628,824,0.14641080312722105
2021-08-23,822,803,1625,593,657,1250,528,731,1259,697,883,1580,596,847,1443,381,535,916,280,395,675,159,210,369,48,74,122,4,17,21,4108,5152,9260,9257,1061,0.11461596629577617
2021-08-24,843,795,1638,601,593,1194,506,690,1196,602,894,1496,532,708,1240,338,523,861,237,368,605,122,170,292,58,65,123,5,16,21,3844,4822,8666,8666,971,0.11204708054465728
2021-08-25,808,788,1596,565,573,1138,422,629,1051,553,852,1405,528,759,1287,346,473,819,258,362,620,152,176,328,50,42,92,8,30,38,3690,4684,8374,8372,950,0.11347348303870043
2021-08-26,839,788,1627,615,616,1231,484,716,1200,636,863,1499,528,752,1280,327,524,851,251,330,581,137,201,338,43,72,115,6,18,24,3866,4880,8746,8746,856,0.0978733135147496
2021-08-27,925,804,1729,587,718,1305,457,699,1156,634,944,1578,540,832,1372,370,527,897,262,345,607,131,183,314,40,74,114,4,15,19,3950,5141,9091,9091,860,0.09459905400945991
2021-08-28,511,437,948,322,316,638,299,443,742,436,558,994,345,542,887,255,319,574,175,231,406,78,115,193,45,43,88,4,7,11,2470,3011,5481,5481,694,0.12661923006750592
2021-08-29,557,536,1093,264,331,595,216,340,556,387,489,876,353,457,810,228,317,545,165,191,356,81,111,192,38,50,88,2,8,10,2291,2830,5121,5120,777,0.1517578125
2021-08-30,969,864,1833,552,553,1105,417,584,1001,591,801,1392,533,652,1185,317,447,764,235,336,571,123,181,304,54,69,123,5,20,25,3796,4507,8303,8303,912,0.10983981693363844
2021-08-31,1049,937,1986,723,632,1355,444,677,1121,605,807,1412,539,781,1320,363,485,848,274,369,643,146,217,363,43,69,112,10,18,28,4196,4992,9188,9187,751,0.08174594535757047
2021-09-01,963,865,1828,637,594,1231,433,589,1022,562,807,1369,485,642,1127,308,430,738,241,277,518,115,180,295,42,83,125,4,17,21,3790,4484,8274,8274,684,0.0826686004350979
2021-09-02,781,718,1499,487,522,1009,356,491,847,531,630,1161,379,629,1008,277,378,655,199,253,452,118,133,251,32,46,78,6,17,23,3166,3817,6983,6982,607,0.08693784016041249
2021-09-03,612,582,1194,501,526,1027,394,506,900,499,666,1165,459,631,1090,288,423,711,231,306,537,124,178,302,36,55,91,1,10,11,3145,3883,7028,7028,671,0.09547524188958452
2021-09-04,400,367,767,230,242,472,199,288,487,333,438,771,305,387,692,205,250,455,146,181,327,88,113,201,27,48,75,3,12,15,1936,2326,4262,4262,629,0.14758329422806193
2021-09-05,435,405,840,237,261,498,222,266,488,358,490,848,298,395,693,207,271,478,158,206,364,113,118,231,24,37,61,8,14,22,2060,2463,4523,4522,524,0.11587793011941619
2021-09-06,835,822,1657,478,479,957,408,566,974,548,694,1242,501,634,1135,330,451,781,251,310,561,167,169,336,38,79,117,7,26,33,3563,4230,7793,7791,805,0.10332434860736747
2021-09-07,709,776,1485,462,515,977,353,487,840,449,606,1055,384,545,929,253,357,610,193,260,453,97,164,261,34,66,100,7,27,34,2941,3803,6744,6743,690,0.10232834050126056
2021-09-08,549,586,1135,443,414,857,317,372,689,409,515,924,331,474,805,268,335,603,165,213,378,91,113,204,37,47,84,7,13,20,2617,3082,5699,5698,685,0.12021762021762021
2021-09-09,606,564,1170,380,373,753,288,461,749,395,483,878,332,472,804,222,332,554,193,201,394,102,132,234,41,58,99,5,16,21,2564,3092,5656,5653,643,0.11374491420484699
2021-09-10,597,543,1140,470,519,989,496,765,1261,652,873,1525,600,885,1485,487,652,1139,318,492,810,138,210,348,63,57,120,8,14,22,3829,5010,8839,8837,692,0.07830711780015842
2021-09-11,345,349,694,282,316,598,398,538,936,500,641,1141,472,576,1048,338,449,787,240,337,577,114,166,280,35,36,71,5,7,12,2729,3415,6144,6143,931,0.1515546150089533
2021-09-12,328,299,627,181,217,398,180,240,420,263,341,604,262,294,556,172,223,395,133,176,309,73,91,164,14,30,44,6,10,16,1612,1921,3533,3533,485,0.13727710161335976
2021-09-13,649,637,1286,391,456,847,348,498,846,484,641,1125,456,565,1021,281,446,727,249,280,529,142,182,324,34,74,108,9,19,28,3043,3798,6841,6841,672,0.09823125274082736
2021-09-14,650,589,1239,391,415,806,317,422,739,405,560,965,344,491,835,238,360,598,184,262,446,129,166,295,30,59,89,6,14,20,2694,3338,6032,6029,836,0.1386631282136341
2021-09-15,505,466,971,342,341,683,224,357,581,319,498,817,305,435,740,191,257,448,152,212,364,87,115,202,36,57,93,8,26,34,2169,2764,4933,4930,677,0.13732251521298175
2021-09-16,486,432,918,354,357,711,255,374,629,341,533,874,325,477,802,213,284,497,147,239,386,99,144,243,37,53,90,11,17,28,2268,2910,5178,5176,481,0.09292890262751159
2021-09-17,615,573,1188,428,459,887,286,434,720,380,522,902,348,473,821,208,349,557,160,218,378,129,158,287,30,70,100,5,11,16,2589,3267,5856,5855,622,0.1062339880444065
2021-09-18,333,306,639,202,211,413,198,274,472,276,357,633,243,316,559,161,223,384,152,210,362,82,117,199,33,40,73,4,11,15,1684,2065,3749,3749,620,0.1653774339823953
2021-09-19,366,346,712,174,180,354,168,231,399,262,338,600,244,271,515,152,196,348,126,142,268,66,95,161,17,46,63,6,9,15,1581,1854,3435,3434,451,0.13133372160745485
2021-09-20,668,663,1331,513,543,1056,261,401,662,425,501,926,371,459,830,252,346,598,225,268,493,113,151,264,34,58,92,9,11,20,2871,3401,6272,6271,626,0.09982458937968426
2021-09-21,550,529,1079,241,280,521,236,378,614,363,431,794,312,372,684,189,282,471,180,235,415,128,136,264,40,56,96,3,9,12,2242,2708,4950,4949,553,0.11173974540311174
2021-09-22,615,512,1127,465,458,923,241,374,615,353,521,874,300,419,719,184,318,502,170,237,407,107,129,236,24,61,85,7,19,26,2466,3048,5514,5510,563,0.10217785843920145
2021-09-23,523,493,1016,475,500,975,237,379,616,363,501,864,297,445,742,193,303,496,189,269,458,111,140,251,34,57,91,10,26,36,2432,3113,5545,5544,534,0.09632034632034632
2021-09-24,453,469,922,323,303,626,238,308,546,293,373,666,248,370,618,162,259,421,165,212,377,83,143,226,32,54,86,4,7,11,2001,2498,4499,4499,561,0.12469437652811736
2021-09-25,276,236,512,141,153,294,144,209,353,218,271,489,192,237,429,148,153,301,121,147,268,70,90,160,22,39,61,2,16,18,1334,1551,2885,2884,623,0.21601941747572814
2021-09-26,315,276,591,147,168,315,122,192,314,208,267,475,233,259,492,124,196,320,126,140,266,62,76,138,20,31,51,2,10,12,1359,1615,2974,2974,357,0.12004034969737727
2021-09-27,584,520,1104,446,375,821,240,356,596,378,441,819,341,368,709,205,310,515,183,255,438,131,152,283,30,58,88,10,18,28,2548,2853,5401,5401,597,0.11053508609516756
2021-09-28,559,475,1034,513,552,1065,209,337,546,336,426,762,289,375,664,200,246,446,164,207,371,92,102,194,22,54,76,5,12,17,2389,2786,5175,5174,536,0.10359489756474681
2021-09-29,498,430,928,390,424,814,251,350,601,322,459,781,296,353,649,194,249,443,160,224,384,104,153,257,46,50,96,10,10,20,2271,2702,4973,4970,447,0.08993963782696177
2021-09-30,391,378,769,468,513,981,218,313,531,309,360,669,237,326,563,183,234,417,141,206,347,76,122,198,29,64,93,6,13,19,2058,2529,4587,4585,324,0.07066521264994548
2021-10-01,490,387,877,528,539,1067,244,319,563,324,477,801,306,376,682,217,257,474,166,226,392,109,148,257,38,73,111,3,20,23,2425,2822,5247,5246,593,0.11303850552802135
2021-10-02,273,259,532,163,175,338,164,228,392,217,305,522,183,209,392,136,178,314,118,168,286,86,91,177,19,43,62,2,8,10,1361,1664,3025,3025,371,0.12264462809917355
2021-10-03,257,220,477,147,142,289,158,220,378,189,229,418,178,238,416,120,160,280,92,142,234,59,85,144,20,35,55,1,6,7,1221,1477,2698,2698,354,0.13120830244625648
2021-10-04,511,477,988,537,492,1029,272,380,652,308,484,792,326,393,719,220,333,553,176,268,444,115,162,277,38,43,81,3,14,17,2506,3046,5552,5552,552,0.0994236311239193
2021-10-05,508,453,961,517,612,1129,257,377,634,366,481,847,299,391,690,224,321,545,154,247,401,95,146,241,37,49,86,11,14,25,2468,3091,5559,5558,488,0.08780136739834472
2021-10-06,419,369,788,450,490,940,271,391,662,359,474,833,313,398,711,193,311,504,169,216,385,101,130,231,38,50,88,6,11,17,2319,2840,5159,5158,462,0.0895696006203955
2021-10-07,347,345,692,284,308,592,273,368,641,359,487,846,317,443,760,213,296,509,171,236,407,135,131,266,30,55,85,3,16,19,2132,2685,4817,4817,594,0.12331326551795724
2021-10-08,181,175,356,180,209,389,214,240,454,252,328,580,270,276,546,173,246,419,171,195,366,80,83,163,24,36,60,8,16,24,1553,1804,3357,3357,408,0.12153708668453976
2021-10-09,158,165,323,230,237,467,171,229,400,233,296,529,213,264,477,170,213,383,147,187,334,89,115,204,22,47,69,6,10,16,1439,1763,3202,3201,440,0.13745704467353953
2021-10-10,208,202,410,141,161,302,148,226,374,225,256,481,219,240,459,162,188,350,142,166,308,67,100,167,26,39,65,2,6,8,1340,1584,2924,2923,407,0.13924050632911392
2021-10-11,236,228,464,222,240,462,225,244,469,299,312,611,273,335,608,196,265,461,159,200,359,94,117,211,24,37,61,5,12,17,1733,1990,3723,3719,521,0.14009142242538317
2021-10-12,418,408,826,473,533,1006,334,504,838,434,510,944,371,500,871,254,348,602,215,296,511,126,150,276,35,65,100,10,20,30,2670,3334,6004,6003,570,0.09495252373813093
2021-10-13,437,394,831,505,518,1023,360,487,847,470,516,986,380,464,844,278,332,610,198,260,458,128,157,285,35,50,85,4,11,15,2795,3189,5984,5983,531,0.08875146247701822
2021-10-14,400,397,797,595,616,1211,362,471,833,416,515,931,377,498,875,272,360,632,218,283,501,134,155,289,40,63,103,8,18,26,2822,3376,6198,6197,457,0.0737453606583831
2021-10-15,330,288,618,407,436,843,312,445,757,402,472,874,322,419,741,247,280,527,190,273,463,110,174,284,27,47,74,2,11,13,2349,2845,5194,5193,530,0.10206046601193915
2021-10-16,194,177,371,277,330,607,227,261,488,301,324,625,275,326,601,198,258,456,165,223,388,113,158,271,37,48,85,4,14,18,1791,2119,3910,3909,474,0.12125863392171911
2021-10-17,179,145,324,234,238,472,160,215,375,235,255,490,238,270,508,153,194,347,119,147,266,80,101,181,22,35,57,1,2,3,1421,1602,3023,3022,314,0.10390469887491727
2021-10-18,441,424,865,400,415,815,324,449,773,405,468,873,324,425,749,270,344,614,218,296,514,132,168,300,47,70,117,6,10,16,2567,3069,5636,5626,592,0.1052257376466406
2021-10-19,486,469,955,392,424,816,297,397,694,349,459,808,273,442,715,218,300,518,190,225,415,118,152,270,37,61,98,6,18,24,2366,2947,5313,5311,531,0.09998117115420825
2021-10-20,500,461,961,469,545,1014,362,496,858,392,587,979,384,499,883,262,354,616,176,273,449,122,163,285,41,51,92,5,12,17,2713,3441,6154,6153,673,0.10937753941166911
2021-10-21,542,500,1042,454,546,1000,330,456,786,429,659,1088,345,499,844,247,415,662,202,306,508,121,171,292,36,66,102,3,23,26,2709,3641,6350,6349,668,0.10521341943613167
2021-10-22,513,523,1036,582,665,1247,337,523,860,437,633,1070,388,608,996,286,403,689,210,319,529,141,167,308,42,67,109,9,15,24,2945,3923,6868,6866,638,0.09292164287794931
2021-10-23,321,288,609,331,326,657,191,285,476,296,381,677,276,382,658,199,289,488,166,212,378,94,120,214,26,49,75,6,15,21,1906,2347,4253,4253,518,0.12179637902656948
2021-10-24,338,316,654,253,244,497,158,300,458,282,408,690,262,364,626,205,284,489,141,171,312,77,97,174,25,26,51,4,7,11,1745,2217,3962,3962,418,0.10550227158001009
2021-10-25,656,645,1301,469,490,959,387,571,958,498,625,1123,475,617,1092,315,453,768,267,381,648,141,194,335,39,52,91,2,12,14,3249,4040,7289,7289,792,0.1086568802304843
2021-10-26,587,580,1167,569,519,1088,389,518,907,454,599,1053,387,543,930,312,419,731,259,331,590,130,161,291,34,69,103,4,13,17,3125,3752,6877,6876,545,0.07926119837114602
2021-10-27,556,540,1096,559,505,1064,351,439,790,398,540,938,371,500,871,248,367,615,203,294,497,136,148,284,42,65,107,4,14,18,2868,3412,6280,6274,525,0.08367867389225375
2021-10-28,563,521,1084,541,552,1093,313,459,772,434,540,974,370,521,891,243,348,591,213,242,455,107,147,254,41,55,96,6,17,23,2831,3402,6233,6230,484,0.07768860353130017
2021-10-29,509,508,1017,489,487,976,324,487,811,452,574,1026,447,537,984,269,406,675,226,292,518,133,182,315,40,66,106,4,15,19,2893,3554,6447,6447,610,0.09461765162090895
2021-10-30,283,249,532,323,321,644,195,257,452,291,390,681,301,391,692,219,268,487,162,182,344,105,116,221,32,43,75,5,9,14,1916,2226,4142,4142,627,0.15137614678899083
2021-10-31,248,250,498,265,295,560,177,218,395,232,316,548,236,311,547,187,238,425,137,159,296,68,108,176,29,33,62,5,15,20,1584,1943,3527,3526,411,0.11656267725467952
2021-11-01,454,463,917,419,452,871,291,456,747,435,575,1010,481,564,1045,359,441,800,262,348,610,168,198,366,41,69,110,11,18,29,2921,3584,6505,6505,618,0.09500384319754035
2021-11-02,501,453,954,422,433,855,284,426,710,362,483,845,330,483,813,244,363,607,205,285,490,125,142,267,44,64,108,6,13,19,2523,3145,5668,5666,600,0.10589481115425343
2021-11-03,513,387,900,460,564,1024,317,463,780,425,549,974,417,543,960,304,411,715,218,275,493,133,168,301,40,47,87,2,11,13,2829,3418,6247,6247,541,0.08660156875300144
2021-11-04,393,363,756,426,444,870,290,441,731,389,539,928,349,516,865,296,393,689,212,276,488,113,159,272,37,77,114,6,21,27,2511,3229,5740,5740,619,0.1078397212543554
2021-11-05,388,373,761,405,472,877,335,450,785,389,543,932,367,529,896,309,361,670,227,280,507,112,140,252,38,52,90,5,14,19,2575,3214,5789,5789,639,0.11038175850751425
2021-11-06,257,220,477,272,299,571,170,271,441,269,329,598,230,293,523,176,255,431,145,152,297,82,101,183,25,38,63,0,10,10,1626,1968,3594,3594,417,0.11602671118530884
2021-11-07,238,253,491,247,308,555,159,254,413,212,281,493,231,301,532,176,247,423,129,175,304,68,94,162,27,20,47,5,3,8,1492,1936,3428,3428,375,0.10939323220536756
2021-11-08,543,486,1029,389,396,785,330,454,784,436,543,979,400,589,989,279,411,690,235,277,512,130,169,299,44,73,117,5,13,18,2791,3411,6202,6202,639,0.10303128023218316
2021-11-09,485,422,907,383,424,807,277,450,727,394,496,890,372,489,861,244,352,596,180,208,388,104,118,222,33,61,94,7,8,15,2479,3028,5507,5504,513,0.09320494186046512
2021-11-10,457,407,864,379,429,808,344,481,825,388,571,959,395,505,900,288,378,666,177,251,428,93,141,234,27,64,91,4,14,18,2552,3241,5793,5793,453,0.07819782496116003
2021-11-11,494,449,943,368,462,830,333,442,775,452,619,1071,358,538,896,243,366,609,189,220,409,103,128,231,32,64,96,2,11,13,2574,3299,5873,5871,436,0.0742633282234713
2021-11-12,381,395,776,470,490,960,347,455,802,452,674,1126,418,598,1016,321,453,774,265,379,644,136,177,313,43,52,95,2,16,18,2835,3689,6524,6524,588,0.09012875536480687
2021-11-13,251,246,497,392,371,763,216,307,523,334,382,716,278,367,645,192,287,479,167,207,374,114,162,276,25,37,62,2,16,18,1971,2382,4353,4353,551,0.12657937054904664
2021-11-14,193,202,395,159,146,305,112,170,282,200,244,444,184,221,405,111,159,270,86,141,227,76,87,163,15,20,35,5,13,18,1141,1403,2544,2544,387,0.15212264150943397
2021-11-15,436,429,865,382,397,779,269,400,669,406,516,922,348,536,884,247,386,633,235,300,535,134,180,314,45,56,101,3,13,16,2505,3213,5718,5716,505,0.08834849545136458
2021-11-16,429,414,843,400,386,786,268,429,697,355,538,893,359,463,822,269,387,656,204,267,471,108,142,250,33,41,74,5,10,15,2430,3077,5507,5506,567,0.10297856883399928
2021-11-17,433,399,832,348,330,678,304,446,750,386,631,1017,356,527,883,282,395,677,201,283,484,127,158,285,34,41,75,6,7,13,2477,3217,5694,5694,438,0.07692307692307693
2021-11-18,441,374,815,432,457,889,304,450,754,421,579,1000,361,525,886,256,399,655,222,246,468,102,120,222,34,61,95,7,17,24,2580,3228,5808,5808,464,0.07988980716253444
2021-11-19,314,304,618,405,459,864,296,397,693,326,542,868,349,460,809,247,374,621,198,206,404,93,151,244,25,37,62,3,6,9,2256,2936,5192,5191,258,0.049701406280100176
2021-11-20,183,160,343,278,366,644,156,227,383,229,271,500,199,276,475,157,186,343,139,130,269,68,71,139,18,26,44,2,5,7,1429,1718,3147,3147,188,0.05973943438195106
2021-11-21,81,63,144,146,168,314,64,91,155,100,142,242,100,144,244,67,98,165,47,69,116,10,28,38,8,6,14,0,2,2,623,811,1434,1434,43,0.0299860529986053
2021-11-22,8,14,22,8,8,16,4,2,6,9,2,11,3,4,7,1,7,8,2,3,5,0,1,1,0,1,1,0,0,0,35,42,77,77,0,0.0
