FECHA,<=10M,<=10F,<=10,11-20M,11-20F,11-20,21-30M,21-30F,21-30,31-40M,31-40F,31-40,41-50M,41-50F,41-50,51-60M,51-60F,51-60,61-70M,61-70F,61-70,71-80M,71-80F,71-80,81-90M,81-90F,81-90,>=91M,>=91F,>=91,TotalM,TotalF,Total,DelayCount,CumDelay,DelayAvg
2020-03-15,1,0,1,0,0,0,0,2,2,2,1,3,1,1,2,1,0,1,1,0,1,1,1,2,0,0,0,0,0,0,7,5,12,12,41,3.4166666666666665
2020-03-16,1,3,4,1,0,1,1,2,3,1,1,2,0,0,0,3,1,4,2,2,4,0,0,0,0,0,0,0,0,0,9,9,18,18,62,3.4444444444444446
2020-03-17,1,4,5,1,1,2,2,1,3,1,2,3,1,3,4,0,2,2,1,2,3,2,2,4,1,0,1,0,0,0,10,17,27,27,389,14.407407407407407
2020-03-18,3,1,4,1,0,1,1,0,1,2,1,3,1,3,4,1,1,2,0,2,2,1,0,1,1,0,1,0,0,0,11,8,19,19,36,1.894736842105263
2020-03-19,3,1,4,0,0,0,3,2,5,3,1,4,2,1,3,0,0,0,1,1,2,1,1,2,0,0,0,1,0,1,14,7,21,21,56,2.6666666666666665
2020-03-20,1,1,2,1,0,1,1,0,1,1,3,4,0,1,1,0,1,1,1,1,2,2,2,4,1,0,1,0,0,0,8,9,17,17,30,1.7647058823529411
2020-03-21,0,0,0,3,1,4,1,2,3,3,1,4,2,1,3,1,0,1,2,2,4,1,1,2,1,0,1,1,0,1,15,8,23,23,66,2.869565217391304
2020-03-22,3,1,4,0,0,0,4,1,5,0,0,0,0,0,0,3,1,4,0,1,1,2,0,2,3,2,5,0,1,1,15,7,22,22,51,2.3181818181818183
2020-03-23,4,1,5,0,2,2,1,2,3,3,1,4,1,1,2,2,1,3,2,1,3,4,3,7,3,3,6,0,2,2,20,17,37,37,68,1.837837837837838
2020-03-24,2,0,2,0,0,0,1,2,3,2,1,3,0,2,2,2,2,4,0,0,0,2,0,2,2,1,3,1,0,1,12,8,20,20,29,1.45
2020-03-25,1,4,5,0,0,0,2,3,5,2,5,7,1,1,2,1,3,4,3,1,4,1,2,3,2,5,7,2,0,2,15,24,39,39,93,2.3846153846153846
2020-03-26,4,3,7,2,1,3,2,2,4,4,3,7,1,4,5,3,2,5,1,4,5,4,3,7,5,0,5,2,1,3,28,23,51,51,178,3.4901960784313726
2020-03-27,2,3,5,0,1,1,1,2,3,4,1,5,1,4,5,1,3,4,2,4,6,4,5,9,3,3,6,2,5,7,20,31,51,51,114,2.235294117647059
2020-03-28,2,1,3,0,0,0,2,2,4,2,1,3,1,1,2,4,2,6,3,0,3,4,7,11,3,1,4,0,0,0,21,15,36,36,120,3.3333333333333335
2020-03-29,1,0,1,2,1,3,1,3,4,2,3,5,2,3,5,1,0,1,5,3,8,4,2,6,4,1,5,2,1,3,24,17,41,41,92,2.2439024390243905
2020-03-30,3,2,5,0,0,0,1,6,7,7,2,9,4,4,8,1,1,2,7,1,8,3,5,8,4,1,5,3,2,5,33,24,57,57,109,1.912280701754386
2020-03-31,8,3,11,1,0,1,7,2,9,8,3,11,5,4,9,3,1,4,6,3,9,4,3,7,2,3,5,4,0,4,48,22,70,70,146,2.085714285714286
2020-04-01,11,10,21,1,2,3,5,4,9,8,2,10,12,5,17,3,7,10,4,3,7,5,4,9,5,5,10,0,1,1,54,43,97,97,213,2.195876288659794
2020-04-02,8,9,17,3,4,7,3,5,8,5,5,10,3,5,8,2,8,10,9,5,14,8,5,13,5,7,12,3,3,6,49,56,105,105,187,1.7809523809523808
2020-04-03,16,8,24,4,3,7,4,6,10,7,10,17,7,11,18,3,6,9,8,5,13,7,4,11,5,6,11,1,5,6,62,64,126,126,254,2.015873015873016
2020-04-04,9,12,21,3,4,7,2,7,9,2,10,12,5,2,7,7,0,7,6,3,9,2,5,7,4,2,6,1,3,4,41,48,89,89,167,1.8764044943820224
2020-04-05,8,10,18,4,5,9,6,1,7,7,2,9,8,5,13,4,2,6,1,11,12,6,7,13,3,5,8,2,2,4,49,50,99,99,170,1.7171717171717171
2020-04-06,11,9,20,4,2,6,9,3,12,10,5,15,11,3,14,9,2,11,8,8,16,10,5,15,7,4,11,1,3,4,80,44,124,124,182,1.467741935483871
2020-04-07,10,9,19,4,4,8,5,4,9,8,7,15,5,5,10,8,2,10,3,4,7,8,8,16,6,11,17,2,1,3,59,55,114,114,130,1.1403508771929824
2020-04-08,8,10,18,4,2,6,4,8,12,5,3,8,8,4,12,7,5,12,9,6,15,9,4,13,2,4,6,3,5,8,59,51,110,110,133,1.209090909090909
2020-04-09,5,4,9,3,3,6,3,7,10,14,9,23,3,5,8,9,8,17,4,4,8,7,10,17,5,8,13,4,5,9,57,63,120,120,188,1.5666666666666667
2020-04-10,17,4,21,4,3,7,2,6,8,4,2,6,10,1,11,3,6,9,6,1,7,1,9,10,5,8,13,1,3,4,53,43,96,96,130,1.3541666666666667
2020-04-11,9,5,14,4,3,7,7,4,11,6,3,9,7,3,10,2,4,6,4,6,10,7,3,10,3,7,10,1,4,5,50,42,92,92,117,1.2717391304347827
2020-04-12,9,7,16,2,0,2,2,4,6,8,3,11,3,7,10,9,3,12,3,4,7,3,8,11,5,4,9,0,2,2,44,42,86,86,141,1.6395348837209303
2020-04-13,9,11,20,8,4,12,11,8,19,4,8,12,5,3,8,5,5,10,9,7,16,5,9,14,6,10,16,4,5,9,66,70,136,136,166,1.2205882352941178
2020-04-14,15,6,21,3,1,4,7,6,13,9,5,14,5,4,9,11,7,18,4,7,11,10,5,15,6,4,10,4,4,8,74,49,123,123,125,1.016260162601626
2020-04-15,9,3,12,3,6,9,6,6,12,5,7,12,8,13,21,5,9,14,9,4,13,9,4,13,6,6,12,5,3,8,65,61,126,126,178,1.4126984126984128
2020-04-16,12,3,15,5,4,9,8,4,12,10,13,23,9,12,21,6,10,16,4,10,14,7,4,11,4,5,9,0,4,4,65,69,134,134,143,1.0671641791044777
2020-04-17,16,11,27,4,5,9,2,6,8,6,15,21,12,9,21,7,7,14,8,6,14,15,10,25,5,8,13,1,3,4,76,80,156,156,222,1.4230769230769231
2020-04-18,11,9,20,6,1,7,10,5,15,15,6,21,9,5,14,7,4,11,2,3,5,6,10,16,6,9,15,3,4,7,75,56,131,131,208,1.5877862595419847
2020-04-19,10,9,19,4,0,4,4,2,6,5,4,9,5,5,10,5,8,13,7,7,14,5,8,13,5,7,12,1,1,2,51,51,102,102,126,1.2352941176470589
2020-04-20,14,10,24,8,7,15,13,6,19,12,10,22,9,6,15,9,6,15,12,9,21,15,12,27,10,9,19,4,14,18,106,89,195,195,228,1.1692307692307693
2020-04-21,12,8,20,5,6,11,12,6,18,9,13,22,4,4,8,7,8,15,8,8,16,12,10,22,7,10,17,2,10,12,78,83,161,161,193,1.1987577639751552
2020-04-22,14,10,24,4,7,11,7,8,15,11,3,14,13,7,20,6,8,14,8,4,12,7,13,20,8,12,20,7,6,13,85,78,163,163,248,1.521472392638037
2020-04-23,18,13,31,4,3,7,6,11,17,8,8,16,8,8,16,5,12,17,7,4,11,10,8,18,11,10,21,6,9,15,83,86,169,169,169,1.0
2020-04-24,17,11,28,5,5,10,10,9,19,12,12,24,6,7,13,7,8,15,8,11,19,11,10,21,10,15,25,3,3,6,89,91,180,180,193,1.0722222222222222
2020-04-25,12,7,19,5,1,6,3,5,8,8,7,15,4,5,9,5,7,12,6,4,10,6,4,10,10,16,26,4,5,9,63,61,124,124,116,0.9354838709677419
2020-04-26,9,17,26,5,6,11,3,3,6,4,2,6,8,6,14,3,3,6,8,7,15,6,7,13,7,7,14,1,4,5,54,62,116,116,103,0.8879310344827587
2020-04-27,12,12,24,7,4,11,5,8,13,5,12,17,4,11,15,11,8,19,7,9,16,19,5,24,11,16,27,3,4,7,84,89,173,173,143,0.8265895953757225
2020-04-28,18,7,25,5,5,10,11,12,23,11,12,23,7,11,18,7,9,16,6,7,13,3,12,15,6,14,20,2,4,6,76,93,169,169,132,0.7810650887573964
2020-04-29,23,12,35,6,5,11,14,7,21,18,12,30,12,8,20,8,7,15,4,8,12,10,6,16,3,14,17,5,10,15,103,89,192,192,153,0.796875
2020-04-30,18,10,28,9,1,10,8,6,14,8,9,17,11,10,21,8,12,20,9,8,17,7,11,18,8,17,25,8,7,15,94,91,185,185,150,0.8108108108108109
2020-05-01,2,13,15,6,6,12,1,7,8,11,9,20,10,6,16,7,3,10,10,6,16,7,9,16,8,11,19,0,2,2,62,72,134,134,114,0.8507462686567164
2020-05-02,6,16,22,6,6,12,8,2,10,9,7,16,6,5,11,7,2,9,3,4,7,8,1,9,5,11,16,1,3,4,59,57,116,116,114,0.9827586206896551
2020-05-03,8,9,17,4,3,7,6,5,11,7,6,13,5,5,10,8,2,10,8,7,15,5,9,14,6,8,14,3,5,8,60,59,119,119,98,0.8235294117647058
2020-05-04,18,19,37,5,2,7,9,9,18,11,9,20,5,5,10,9,4,13,8,11,19,14,15,29,8,17,25,2,4,6,89,95,184,184,145,0.7880434782608695
2020-05-05,12,12,24,7,3,10,11,9,20,12,14,26,5,12,17,10,6,16,10,7,17,15,8,23,5,12,17,1,10,11,88,93,181,181,118,0.6519337016574586
2020-05-06,14,15,29,4,1,5,10,7,17,15,14,29,19,9,28,6,5,11,10,6,16,18,15,33,7,12,19,4,6,10,107,90,197,197,135,0.6852791878172588
2020-05-07,17,11,28,7,5,12,14,7,21,11,11,22,15,11,26,5,6,11,7,7,14,17,6,23,6,12,18,1,7,8,100,83,183,183,117,0.639344262295082
2020-05-08,16,12,28,7,5,12,14,7,21,12,16,28,15,11,26,15,4,19,8,11,19,12,9,21,11,12,23,2,12,14,112,99,211,211,231,1.09478672985782
2020-05-09,19,12,31,3,0,3,7,12,19,4,8,12,9,8,17,5,6,11,6,6,12,12,3,15,5,10,15,5,8,13,75,73,148,148,138,0.9324324324324325
2020-05-10,8,8,16,2,3,5,8,9,17,6,7,13,5,7,12,4,6,10,8,6,14,8,13,21,5,12,17,1,5,6,55,76,131,130,112,0.8615384615384616
2020-05-11,17,17,34,6,5,11,7,8,15,13,12,25,14,11,25,8,7,15,10,6,16,13,9,22,13,18,31,4,15,19,105,108,213,213,152,0.7136150234741784
2020-05-12,19,10,29,7,10,17,26,20,46,19,8,27,9,14,23,6,4,10,9,7,16,8,11,19,9,14,23,5,12,17,117,110,227,227,159,0.7004405286343612
2020-05-13,26,16,42,8,9,17,19,11,30,14,21,35,14,7,21,10,9,19,9,9,18,9,8,17,8,15,23,1,8,9,118,113,231,231,207,0.8961038961038961
2020-05-14,20,23,43,11,14,25,11,19,30,19,17,36,11,7,18,8,11,19,10,11,21,10,9,19,10,13,23,2,15,17,112,139,251,251,229,0.9123505976095617
2020-05-15,19,22,41,7,6,13,7,11,18,14,14,28,8,16,24,11,6,17,11,9,20,7,6,13,8,20,28,5,9,14,97,119,216,215,190,0.8837209302325582
2020-05-16,12,16,28,7,6,13,5,12,17,9,14,23,7,9,16,7,7,14,7,7,14,9,7,16,6,4,10,5,14,19,74,96,170,170,223,1.311764705882353
2020-05-17,20,13,33,4,7,11,9,11,20,7,7,14,8,11,19,5,4,9,7,7,14,6,5,11,11,12,23,3,4,7,80,81,161,161,119,0.7391304347826086
2020-05-18,21,23,44,8,12,20,24,20,44,21,19,40,11,19,30,14,10,24,15,14,29,17,13,30,17,13,30,1,11,12,149,154,303,303,225,0.7425742574257426
2020-05-19,17,18,35,14,14,28,27,24,51,32,21,53,24,14,38,15,13,28,16,12,28,10,19,29,12,22,34,3,9,12,170,166,336,336,224,0.6666666666666666
2020-05-20,27,39,66,14,15,29,25,22,47,40,18,58,16,14,30,12,12,24,16,16,32,13,11,24,12,16,28,6,5,11,181,168,349,349,224,0.6418338108882522
2020-05-21,32,33,65,19,11,30,28,22,50,26,29,55,16,21,37,18,12,30,12,6,18,14,7,21,7,16,23,1,4,5,173,161,334,334,175,0.5239520958083832
2020-05-22,33,17,50,13,15,28,30,30,60,22,24,46,17,14,31,11,9,20,7,10,17,10,11,21,8,16,24,6,13,19,157,159,316,316,146,0.4620253164556962
2020-05-23,18,19,37,14,16,30,22,18,40,25,15,40,8,16,24,8,8,16,12,11,23,8,13,21,9,6,15,2,2,4,126,124,250,250,154,0.616
2020-05-24,17,19,36,7,8,15,14,11,25,13,13,26,9,4,13,7,4,11,11,7,18,11,9,20,5,11,16,2,6,8,96,92,188,188,134,0.7127659574468085
2020-05-25,27,23,50,17,21,38,23,26,49,15,18,33,18,10,28,5,8,13,8,8,16,11,5,16,10,16,26,2,9,11,136,144,280,280,156,0.5571428571428572
2020-05-26,35,30,65,21,21,42,35,32,67,46,35,81,18,27,45,10,19,29,9,6,15,15,6,21,10,14,24,3,10,13,202,200,402,402,294,0.7313432835820896
2020-05-27,43,32,75,12,17,29,21,30,51,24,17,41,16,12,28,18,14,32,10,8,18,7,14,21,4,14,18,4,2,6,159,160,319,319,239,0.7492163009404389
2020-05-28,26,43,69,18,12,30,25,31,56,25,20,45,24,21,45,14,21,35,9,12,21,10,9,19,14,17,31,4,13,17,169,199,368,368,272,0.7391304347826086
2020-05-29,35,31,66,22,19,41,36,34,70,28,39,67,29,21,50,15,20,35,15,11,26,16,11,27,14,17,31,2,4,6,212,207,419,419,316,0.7541766109785203
2020-05-30,28,23,51,14,10,24,35,24,59,31,14,45,12,17,29,12,13,25,8,5,13,10,11,21,7,11,18,1,7,8,158,135,293,292,132,0.4520547945205479
2020-05-31,26,16,42,11,12,23,15,10,25,16,9,25,14,10,24,5,10,15,8,4,12,11,6,17,5,10,15,1,8,9,112,95,207,207,107,0.5169082125603864
2020-06-01,31,28,59,22,18,40,32,40,72,27,34,61,15,21,36,16,14,30,24,16,40,12,9,21,6,9,15,5,4,9,190,193,383,383,252,0.6579634464751958
2020-06-02,42,28,70,20,20,40,32,27,59,24,25,49,17,19,36,12,16,28,16,11,27,22,11,33,7,15,22,4,11,15,196,183,379,379,223,0.5883905013192612
2020-06-03,36,23,59,14,28,42,27,26,53,25,36,61,16,21,37,9,12,21,15,15,30,18,11,29,10,16,26,2,9,11,172,197,369,369,202,0.5474254742547425
2020-06-04,33,30,63,19,24,43,33,27,60,18,27,45,19,17,36,27,15,42,10,7,17,19,13,32,10,18,28,2,9,11,190,187,377,374,231,0.6176470588235294
2020-06-05,43,39,82,16,20,36,34,28,62,29,36,65,28,25,53,24,22,46,15,15,30,17,11,28,11,20,31,3,9,12,220,225,445,445,378,0.849438202247191
2020-06-06,26,22,48,16,12,28,19,17,36,28,25,53,14,17,31,12,10,22,11,12,23,13,8,21,11,17,28,1,9,10,151,149,300,295,226,0.7661016949152543
2020-06-07,22,23,45,15,12,27,20,18,38,17,13,30,19,8,27,10,8,18,7,4,11,8,6,14,11,12,23,2,7,9,131,111,242,239,134,0.5606694560669456
2020-06-08,30,33,63,20,21,41,35,27,62,39,35,74,34,21,55,17,17,34,15,11,26,14,16,30,11,16,27,4,7,11,219,204,423,422,266,0.6303317535545023
2020-06-09,55,32,87,22,23,45,19,38,57,28,33,61,29,23,52,17,6,23,12,9,21,9,14,23,11,26,37,3,12,15,205,216,421,420,347,0.8261904761904761
2020-06-10,26,36,62,14,17,31,40,23,63,31,39,70,30,23,53,22,19,41,20,12,32,21,24,45,5,20,25,6,15,21,215,228,443,443,300,0.6772009029345373
2020-06-11,39,39,78,13,19,32,30,28,58,37,29,66,17,24,41,17,22,39,12,21,33,16,16,32,7,26,33,3,15,18,191,239,430,430,290,0.6744186046511628
2020-06-12,36,42,78,9,25,34,51,37,88,43,50,93,33,32,65,18,19,37,26,16,42,15,14,29,6,21,27,4,9,13,241,265,506,506,331,0.6541501976284585
2020-06-13,36,28,64,22,20,42,34,36,70,34,26,60,9,21,30,18,16,34,11,5,16,12,8,20,8,16,24,2,6,8,186,182,368,368,254,0.6902173913043478
2020-06-14,20,28,48,20,18,38,25,20,45,19,17,36,19,12,31,11,17,28,10,6,16,3,13,16,13,21,34,1,8,9,141,160,301,301,205,0.6810631229235881
2020-06-15,35,32,67,26,19,45,29,28,57,21,25,46,19,16,35,13,13,26,12,5,17,13,10,23,6,16,22,2,10,12,176,174,350,350,204,0.5828571428571429
2020-06-16,52,60,112,21,20,41,58,48,106,46,36,82,38,24,62,20,14,34,15,13,28,15,7,22,13,22,35,3,14,17,281,258,539,539,334,0.6196660482374768
2020-06-17,42,44,86,23,27,50,51,37,88,38,47,85,34,26,60,24,14,38,15,14,29,9,19,28,18,16,34,1,8,9,255,252,507,507,407,0.8027613412228797
2020-06-18,49,44,93,20,14,34,60,44,104,49,54,103,44,23,67,33,22,55,20,19,39,13,14,27,15,24,39,2,11,13,305,269,574,574,485,0.8449477351916377
2020-06-19,55,31,86,12,27,39,36,39,75,64,42,106,37,41,78,38,22,60,29,19,48,19,18,37,18,19,37,7,14,21,315,272,587,587,616,1.049403747870528
2020-06-20,32,36,68,18,19,37,34,26,60,35,30,65,24,31,55,17,20,37,15,13,28,10,9,19,7,15,22,4,5,9,196,204,400,400,230,0.575
2020-06-21,33,20,53,17,17,34,28,32,60,21,31,52,16,8,24,14,9,23,9,10,19,11,7,18,6,9,15,1,7,8,156,150,306,306,137,0.4477124183006536
2020-06-22,47,42,89,28,25,53,37,45,82,51,29,80,31,31,62,25,29,54,15,20,35,19,15,34,6,22,28,2,12,14,261,270,531,531,355,0.6685499058380414
2020-06-23,48,43,91,28,31,59,49,43,92,56,42,98,34,42,76,16,31,47,19,21,40,11,13,24,11,15,26,2,6,8,274,287,561,561,324,0.5775401069518716
2020-06-24,43,45,88,26,22,48,48,51,99,39,49,88,40,30,70,21,30,51,13,17,30,9,15,24,15,14,29,2,4,6,256,277,533,533,247,0.4634146341463415
2020-06-25,50,54,104,35,40,75,41,41,82,45,35,80,37,33,70,35,32,67,11,17,28,11,13,24,9,12,21,5,5,10,279,282,561,561,373,0.6648841354723708
2020-06-26,44,38,82,34,26,60,57,46,103,42,42,84,37,34,71,18,23,41,23,18,41,12,16,28,11,19,30,1,9,10,279,271,550,550,277,0.5036363636363637
2020-06-27,61,55,116,31,38,69,38,48,86,31,32,63,29,24,53,21,15,36,15,7,22,3,13,16,8,7,15,4,6,10,241,245,486,486,255,0.5246913580246914
2020-06-28,41,22,63,14,18,32,17,38,55,30,31,61,20,23,43,22,14,36,10,7,17,8,8,16,8,12,20,6,7,13,176,180,356,356,185,0.5196629213483146
2020-06-29,45,48,93,34,39,73,46,39,85,54,36,90,25,27,52,16,30,46,25,11,36,15,16,31,12,18,30,3,7,10,275,271,546,546,316,0.5787545787545788
2020-06-30,33,42,75,15,30,45,52,35,87,35,45,80,36,34,70,27,25,52,22,9,31,17,10,27,6,19,25,2,11,13,245,260,505,504,261,0.5178571428571429
2020-07-01,45,36,81,16,27,43,56,46,102,40,35,75,31,31,62,22,29,51,17,15,32,15,14,29,9,21,30,3,6,9,254,260,514,513,319,0.621832358674464
2020-07-02,57,55,112,24,31,55,47,53,100,45,44,89,39,32,71,19,20,39,19,13,32,12,16,28,11,10,21,3,5,8,276,279,555,555,221,0.3981981981981982
2020-07-03,54,40,94,30,22,52,44,33,77,51,54,105,25,33,58,25,20,45,19,15,34,11,15,26,10,17,27,3,4,7,272,253,525,525,275,0.5238095238095238
2020-07-04,36,36,72,22,23,45,35,41,76,30,31,61,29,21,50,22,14,36,13,10,23,11,16,27,5,11,16,3,7,10,206,210,416,416,181,0.43509615384615385
2020-07-05,25,37,62,21,12,33,31,35,66,28,35,63,13,25,38,17,19,36,20,15,35,15,15,30,9,15,24,4,8,12,183,216,399,399,193,0.48370927318295737
2020-07-06,32,35,67,20,21,41,44,43,87,53,32,85,36,38,74,33,28,61,25,25,50,18,27,45,10,25,35,3,8,11,274,282,556,556,183,0.329136690647482
2020-07-07,48,66,114,30,32,62,50,51,101,56,44,100,32,34,66,28,31,59,18,14,32,13,13,26,10,23,33,7,12,19,292,320,612,612,238,0.3888888888888889
2020-07-08,44,33,77,29,32,61,55,46,101,42,44,86,46,46,92,23,32,55,18,20,38,17,20,37,10,16,26,4,14,18,288,303,591,591,278,0.4703891708967851
2020-07-09,34,27,61,17,14,31,32,31,63,44,30,74,35,30,65,15,14,29,12,15,27,8,23,31,5,16,21,7,8,15,209,208,417,417,158,0.37889688249400477
2020-07-10,31,27,58,22,23,45,33,33,66,29,37,66,23,24,47,16,18,34,20,19,39,17,12,29,13,17,30,1,10,11,205,220,425,425,159,0.37411764705882355
2020-07-11,30,39,69,22,13,35,27,28,55,27,32,59,26,29,55,19,26,45,20,13,33,13,21,34,4,19,23,2,9,11,190,229,419,419,204,0.48687350835322196
2020-07-12,27,18,45,16,10,26,25,22,47,24,18,42,17,17,34,9,11,20,12,11,23,10,8,18,6,12,18,4,6,10,150,133,283,283,102,0.36042402826855124
2020-07-13,37,48,85,29,25,54,46,47,93,46,45,91,44,44,88,29,41,70,33,26,59,22,36,58,15,46,61,2,24,26,303,382,685,685,400,0.583941605839416
2020-07-14,50,40,90,30,23,53,40,31,71,71,53,124,43,41,84,35,17,52,23,27,50,19,28,47,6,19,25,7,14,21,324,293,617,617,272,0.44084278768233387
2020-07-15,38,47,85,41,25,66,42,70,112,70,72,142,44,47,91,27,37,64,23,25,48,12,19,31,15,16,31,7,6,13,319,364,683,683,281,0.41142020497803805
2020-07-16,47,30,77,24,37,61,55,60,115,64,46,110,41,51,92,30,40,70,20,18,38,17,21,38,19,32,51,2,17,19,319,352,671,671,378,0.563338301043219
2020-07-17,48,41,89,28,27,55,32,54,86,47,57,104,42,63,105,32,41,73,28,30,58,17,19,36,17,19,36,4,9,13,295,360,655,655,324,0.4946564885496183
2020-07-18,29,35,64,18,18,36,47,44,91,38,47,85,30,38,68,27,24,51,26,25,51,15,9,24,16,22,38,2,6,8,248,268,516,516,288,0.5581395348837209
2020-07-19,34,40,74,18,23,41,33,28,61,34,38,72,31,30,61,25,25,50,17,14,31,14,9,23,10,18,28,2,7,9,218,232,450,450,173,0.3844444444444444
2020-07-20,61,48,109,39,39,78,57,58,115,59,79,138,44,71,115,35,42,77,30,44,74,24,27,51,21,20,41,3,12,15,373,440,813,813,336,0.4132841328413284
2020-07-21,48,39,87,28,27,55,56,47,103,64,63,127,47,46,93,38,40,78,25,29,54,26,26,52,14,26,40,5,9,14,351,352,703,703,285,0.40540540540540543
2020-07-22,68,43,111,27,30,57,78,66,144,71,66,137,63,55,118,36,38,74,20,28,48,30,23,53,14,34,48,1,11,12,408,394,802,802,337,0.42019950124688277
2020-07-23,53,49,102,29,34,63,59,62,121,65,67,132,42,44,86,34,31,65,18,27,45,17,22,39,8,23,31,7,8,15,332,367,699,699,381,0.5450643776824035
2020-07-24,43,48,91,31,28,59,72,57,129,56,68,124,49,51,100,35,29,64,33,16,49,16,21,37,12,25,37,2,14,16,349,357,706,706,342,0.48441926345609065
2020-07-25,44,38,82,28,19,47,44,50,94,51,55,106,34,37,71,16,20,36,18,20,38,14,22,36,12,14,26,5,3,8,266,278,544,544,284,0.5220588235294118
2020-07-26,37,33,70,16,18,34,30,24,54,28,36,64,33,19,52,19,20,39,12,13,25,15,13,28,8,22,30,4,6,10,202,204,406,406,203,0.5
2020-07-27,39,42,81,37,28,65,53,51,104,64,57,121,51,58,109,33,49,82,27,35,62,18,21,39,18,21,39,5,21,26,345,383,728,728,330,0.4532967032967033
2020-07-28,52,51,103,29,29,58,75,80,155,66,63,129,53,47,100,48,46,94,37,30,67,17,31,48,11,26,37,5,20,25,393,423,816,816,323,0.3958333333333333
2020-07-29,56,50,106,31,34,65,75,63,138,61,69,130,66,59,125,38,47,85,32,36,68,24,24,48,19,35,54,8,24,32,410,441,851,851,342,0.4018801410105758
2020-07-30,57,47,104,38,49,87,92,69,161,73,69,142,63,52,115,46,44,90,27,30,57,17,20,37,8,20,28,2,8,10,423,408,831,831,369,0.44404332129963897
2020-07-31,44,58,102,23,28,51,57,74,131,85,84,169,60,49,109,40,43,83,28,32,60,20,29,49,10,29,39,6,16,22,373,442,815,815,404,0.49570552147239266
2020-08-01,40,36,76,20,29,49,37,51,88,39,52,91,32,43,75,32,30,62,22,10,32,20,18,38,13,23,36,1,13,14,256,305,561,561,291,0.5187165775401069
2020-08-02,43,34,77,21,24,45,33,33,66,42,38,80,28,42,70,18,26,44,10,17,27,8,17,25,12,16,28,2,7,9,217,254,471,471,217,0.4607218683651805
2020-08-03,53,59,112,34,40,74,63,69,132,66,57,123,41,56,97,38,40,78,31,24,55,13,22,35,13,32,45,5,13,18,357,412,769,769,394,0.5123537061118335
2020-08-04,61,44,105,40,42,82,83,53,136,76,70,146,61,56,117,46,39,85,31,26,57,18,26,44,17,30,47,5,14,19,438,400,838,838,372,0.4439140811455847
2020-08-05,57,54,111,42,32,74,68,67,135,58,71,129,42,56,98,45,51,96,32,31,63,28,24,52,15,23,38,3,10,13,390,419,809,809,544,0.6724351050679852
2020-08-06,53,45,98,31,42,73,68,70,138,66,77,143,58,61,119,35,43,78,31,24,55,20,23,43,16,28,44,5,13,18,383,426,809,808,446,0.551980198019802
2020-08-07,65,53,118,32,29,61,71,77,148,73,71,144,48,74,122,40,36,76,19,31,50,24,32,56,14,40,54,5,20,25,391,463,854,854,388,0.45433255269320844
2020-08-08,45,41,86,25,27,52,40,46,86,66,63,129,41,51,92,33,37,70,21,24,45,14,29,43,12,38,50,1,26,27,298,382,680,680,224,0.32941176470588235
2020-08-09,34,35,69,23,13,36,36,44,80,45,34,79,32,49,81,36,39,75,19,21,40,18,26,44,16,47,63,4,18,22,263,326,589,589,200,0.3395585738539898
2020-08-10,61,54,115,38,33,71,76,71,147,76,62,138,65,62,127,49,53,102,20,23,43,15,26,41,14,25,39,4,14,18,418,423,841,841,320,0.380499405469679
2020-08-11,52,47,99,46,28,74,76,71,147,93,76,169,68,74,142,47,48,95,41,35,76,30,55,85,18,47,65,7,24,31,478,505,983,983,392,0.3987792472024415
2020-08-12,50,52,102,43,43,86,64,80,144,59,107,166,65,66,131,44,45,89,31,32,63,16,29,45,11,21,32,4,16,20,387,491,878,878,316,0.35990888382687924
2020-08-13,40,49,89,44,37,81,92,84,176,94,107,201,62,71,133,51,52,103,26,36,62,28,20,48,13,25,38,5,15,20,455,496,951,951,361,0.37960042060988436
2020-08-14,36,43,79,31,34,65,92,94,186,76,97,173,74,53,127,48,54,102,34,35,69,24,35,59,13,21,34,3,13,16,431,479,910,910,364,0.4
2020-08-15,52,33,85,44,36,80,46,63,109,55,76,131,41,61,102,30,36,66,28,28,56,22,41,63,15,50,65,4,21,25,337,445,782,782,302,0.38618925831202044
2020-08-16,37,26,63,19,16,35,48,46,94,43,48,91,20,38,58,25,29,54,15,24,39,16,18,34,11,33,44,3,20,23,237,298,535,534,218,0.40823970037453183
2020-08-17,39,22,61,30,25,55,60,57,117,66,67,133,56,56,112,41,53,94,17,39,56,18,17,35,11,21,32,0,12,12,338,369,707,707,284,0.4016973125884017
2020-08-18,54,52,106,36,30,66,71,65,136,95,91,186,59,65,124,34,70,104,26,34,60,23,30,53,10,21,31,0,16,16,408,474,882,882,312,0.35374149659863946
2020-08-19,56,47,103,32,38,70,51,75,126,76,70,146,50,62,112,42,37,79,23,31,54,18,39,57,17,38,55,6,20,26,371,457,828,828,271,0.3272946859903382
2020-08-20,40,47,87,30,31,61,68,79,147,63,75,138,40,56,96,38,48,86,28,34,62,19,21,40,14,24,38,3,13,16,343,428,771,771,303,0.39299610894941633
2020-08-21,39,57,96,35,30,65,60,67,127,73,82,155,63,57,120,45,60,105,37,39,76,26,40,66,13,39,52,4,11,15,395,482,877,877,383,0.43671607753705816
2020-08-22,26,26,52,28,25,53,47,51,98,49,73,122,42,44,86,28,26,54,32,26,58,16,32,48,13,23,36,5,20,25,286,346,632,632,298,0.47151898734177217
2020-08-23,32,38,70,18,14,32,33,41,74,37,43,80,35,29,64,24,34,58,22,24,46,10,23,33,13,9,22,5,4,9,229,259,488,488,154,0.3155737704918033
2020-08-24,60,57,117,38,34,72,61,75,136,70,87,157,54,70,124,56,44,100,33,44,77,22,31,53,16,28,44,5,20,25,415,490,905,905,360,0.39779005524861877
2020-08-25,42,48,90,41,30,71,68,99,167,79,93,172,57,62,119,37,55,92,27,35,62,18,24,42,16,32,48,6,18,24,391,496,887,887,353,0.3979706877113867
2020-08-26,60,35,95,38,42,80,92,79,171,82,77,159,51,69,120,46,52,98,32,34,66,25,31,56,17,30,47,3,16,19,446,465,911,911,347,0.3809001097694841
2020-08-27,54,45,99,50,48,98,87,72,159,81,77,158,70,73,143,54,52,106,26,37,63,28,24,52,18,30,48,5,20,25,473,478,951,951,350,0.36803364879074657
2020-08-28,47,44,91,52,40,92,98,105,203,82,89,171,67,85,152,55,72,127,33,44,77,35,38,73,15,31,46,3,10,13,487,558,1045,1045,456,0.43636363636363634
2020-08-29,35,28,63,20,23,43,67,63,130,54,87,141,60,49,109,37,38,75,36,23,59,21,22,43,10,26,36,4,16,20,344,375,719,719,386,0.5368567454798331
2020-08-30,29,41,70,32,23,55,48,50,98,55,44,99,47,51,98,33,30,63,21,27,48,14,19,33,7,15,22,3,7,10,289,307,596,596,187,0.313758389261745
2020-08-31,50,37,87,42,37,79,85,75,160,72,79,151,59,70,129,41,44,85,31,40,71,28,38,66,21,40,61,2,14,16,431,474,905,905,504,0.5569060773480663
2020-09-01,54,48,102,30,47,77,78,83,161,99,97,196,75,63,138,43,67,110,25,27,52,18,27,45,16,48,64,7,16,23,445,523,968,967,396,0.4095139607032058
2020-09-02,46,31,77,26,29,55,67,82,149,67,89,156,52,58,110,45,47,92,23,30,53,33,25,58,14,32,46,3,28,31,376,451,827,827,428,0.5175332527206772
2020-09-03,46,39,85,45,36,81,86,94,180,103,101,204,61,65,126,51,47,98,32,37,69,23,28,51,17,33,50,3,10,13,467,490,957,957,396,0.41379310344827586
2020-09-04,50,54,104,36,40,76,73,85,158,89,92,181,68,84,152,38,50,88,38,44,82,30,28,58,17,27,44,4,15,19,443,519,962,962,431,0.448024948024948
2020-09-05,35,29,64,20,17,37,58,57,115,62,83,145,48,74,122,29,34,63,30,31,61,22,22,44,15,23,38,2,8,10,321,378,699,699,402,0.575107296137339
2020-09-06,34,33,67,20,23,43,33,46,79,46,43,89,34,38,72,19,32,51,20,25,45,9,28,37,13,16,29,1,9,10,229,293,522,522,219,0.41954022988505746
2020-09-07,42,41,83,32,37,69,82,87,169,95,88,183,63,78,141,49,69,118,40,40,80,22,26,48,15,31,46,6,14,20,446,511,957,957,409,0.42737722048066873
2020-09-08,42,48,90,34,40,74,76,84,160,95,93,188,63,65,128,54,53,107,32,47,79,31,31,62,19,27,46,5,21,26,451,509,960,960,425,0.4427083333333333
2020-09-09,51,42,93,32,47,79,82,78,160,83,80,163,71,66,137,54,55,109,32,46,78,23,30,53,16,37,53,1,20,21,445,501,946,946,484,0.5116279069767442
2020-09-10,42,29,71,44,35,79,98,90,188,102,108,210,80,75,155,51,53,104,26,36,62,27,30,57,10,31,41,2,18,20,482,505,987,987,496,0.502532928064843
2020-09-11,49,43,92,49,36,85,82,66,148,78,96,174,67,82,149,52,71,123,42,36,78,28,30,58,19,33,52,3,9,12,469,502,971,971,506,0.5211122554067971
2020-09-12,36,24,60,27,28,55,42,52,94,48,64,112,30,48,78,35,43,78,31,29,60,21,22,43,13,32,45,2,13,15,285,355,640,640,326,0.509375
2020-09-13,40,34,74,20,24,44,44,57,101,45,60,105,30,40,70,34,32,66,32,28,60,16,11,27,3,16,19,5,9,14,269,311,580,580,225,0.3879310344827586
2020-09-14,52,52,104,43,38,81,75,100,175,89,83,172,55,73,128,62,67,129,44,53,97,29,32,61,22,24,46,1,9,10,472,531,1003,1003,425,0.423728813559322
2020-09-15,56,33,89,30,23,53,75,59,134,74,100,174,59,57,116,38,46,84,42,41,83,26,37,63,15,34,49,1,12,13,416,442,858,858,428,0.4988344988344988
2020-09-16,59,53,112,53,54,107,91,109,200,73,106,179,71,77,148,51,57,108,39,46,85,24,24,48,16,30,46,3,11,14,480,567,1047,1047,377,0.3600764087870105
2020-09-17,47,39,86,30,50,80,83,76,159,70,86,156,70,95,165,62,65,127,45,46,91,30,28,58,17,21,38,3,8,11,457,514,971,971,475,0.48918640576725025
2020-09-18,59,56,115,31,50,81,79,91,170,85,113,198,62,76,138,49,55,104,33,49,82,37,28,65,12,25,37,3,14,17,450,557,1007,1007,423,0.4200595829195631
2020-09-19,21,43,64,24,36,60,43,41,84,53,58,111,33,30,63,26,29,55,34,32,66,18,22,40,15,20,35,4,7,11,271,318,589,589,275,0.466893039049236
2020-09-20,33,34,67,30,32,62,42,39,81,48,38,86,34,38,72,18,35,53,15,22,37,19,20,39,5,16,21,3,7,10,247,281,528,528,151,0.2859848484848485
2020-09-21,54,44,98,37,48,85,74,69,143,79,94,173,56,74,130,47,41,88,40,46,86,30,30,60,14,19,33,1,12,13,432,477,909,909,395,0.43454345434543457
2020-09-22,61,57,118,49,50,99,80,93,173,78,83,161,70,57,127,58,55,113,47,35,82,30,37,67,14,35,49,3,14,17,490,516,1006,1006,350,0.34791252485089463
2020-09-23,57,44,101,37,36,73,56,87,143,71,100,171,55,61,116,46,51,97,41,43,84,20,41,61,9,24,33,3,9,12,395,496,891,891,329,0.36924803591470257
2020-09-24,62,52,114,51,50,101,84,72,156,87,93,180,66,69,135,39,44,83,22,57,79,23,32,55,22,28,50,7,21,28,463,518,981,981,371,0.3781855249745158
2020-09-25,50,40,90,39,35,74,71,83,154,74,70,144,69,63,132,43,45,88,45,49,94,24,28,52,19,26,45,0,11,11,434,450,884,884,415,0.46945701357466063
2020-09-26,28,30,58,28,26,54,43,36,79,54,49,103,39,41,80,30,45,75,28,23,51,21,14,35,8,15,23,4,8,12,283,287,570,570,236,0.41403508771929826
2020-09-27,34,36,70,19,27,46,42,54,96,45,48,93,45,43,88,27,33,60,23,22,45,6,18,24,9,14,23,2,6,8,252,301,553,553,172,0.31103074141048825
2020-09-28,53,45,98,35,27,62,54,63,117,79,76,155,78,53,131,64,60,124,46,31,77,23,27,50,16,23,39,4,16,20,452,421,873,873,367,0.42038946162657503
2020-09-29,59,54,113,48,53,101,90,72,162,104,102,206,75,63,138,49,43,92,44,46,90,30,53,83,23,37,60,1,23,24,523,546,1069,1069,315,0.29466791393826003
2020-09-30,61,58,119,37,42,79,79,90,169,74,77,151,60,63,123,55,60,115,41,53,94,29,32,61,14,27,41,3,9,12,453,511,964,964,380,0.3941908713692946
2020-10-01,58,72,130,42,64,106,82,102,184,93,96,189,58,68,126,47,54,101,44,49,93,32,46,78,10,17,27,3,11,14,469,579,1048,1048,435,0.4150763358778626
2020-10-02,76,62,138,43,43,86,74,89,163,72,91,163,54,75,129,51,44,95,43,44,87,30,42,72,12,38,50,4,14,18,459,542,1001,1001,519,0.5184815184815185
2020-10-03,36,37,73,28,40,68,56,52,108,55,56,111,42,42,84,41,28,69,26,30,56,23,22,45,8,23,31,4,5,9,319,335,654,654,288,0.44036697247706424
2020-10-04,39,38,77,27,26,53,55,56,111,39,47,86,39,43,82,25,27,52,22,20,42,17,18,35,9,23,32,1,3,4,273,301,574,574,247,0.43031358885017423
2020-10-05,37,49,86,36,31,67,77,67,144,101,90,191,83,67,150,57,59,116,65,44,109,35,50,85,20,31,51,3,7,10,514,495,1009,1009,450,0.44598612487611494
2020-10-06,44,61,105,41,46,87,73,66,139,84,82,166,84,59,143,57,55,112,45,46,91,33,37,70,18,27,45,6,10,16,485,489,974,974,344,0.3531827515400411
2020-10-07,62,42,104,34,35,69,79,81,160,91,97,188,66,73,139,47,72,119,47,47,94,28,38,66,16,26,42,3,7,10,473,518,991,991,342,0.34510595358224017
2020-10-08,60,41,101,39,39,78,65,79,144,70,85,155,68,64,132,46,51,97,42,38,80,36,35,71,11,28,39,4,19,23,441,479,920,920,385,0.41847826086956524
2020-10-09,48,60,108,50,44,94,50,92,142,84,100,184,53,70,123,39,59,98,33,42,75,28,37,65,10,23,33,4,16,20,399,543,942,942,472,0.5010615711252654
2020-10-10,25,43,68,29,24,53,53,51,104,54,51,105,44,46,90,36,45,81,27,30,57,14,24,38,16,21,37,6,10,16,304,345,649,649,354,0.5454545454545454
2020-10-11,44,33,77,26,20,46,31,57,88,44,71,115,36,38,74,37,30,67,32,24,56,16,21,37,11,18,29,1,6,7,278,318,596,596,344,0.5771812080536913
2020-10-12,39,35,74,39,29,68,51,59,110,60,57,117,37,48,85,32,48,80,43,35,78,19,32,51,15,23,38,0,9,9,335,375,710,710,304,0.428169014084507
2020-10-13,59,57,116,48,31,79,81,74,155,86,99,185,59,74,133,67,66,133,47,48,95,33,45,78,18,38,56,4,13,17,502,545,1047,1047,472,0.45081184336198665
2020-10-14,49,53,102,36,41,77,69,89,158,73,79,152,50,59,109,40,49,89,43,35,78,33,42,75,17,21,38,0,13,13,410,481,891,891,401,0.4500561167227834
2020-10-15,56,48,104,38,37,75,80,82,162,92,76,168,80,73,153,63,57,120,48,49,97,26,33,59,15,28,43,6,10,16,504,493,997,997,380,0.3811434302908726
2020-10-16,69,47,116,48,53,101,108,120,228,100,77,177,70,87,157,56,65,121,47,55,102,30,47,77,21,41,62,2,27,29,551,619,1170,1170,479,0.4094017094017094
2020-10-17,36,35,71,32,31,63,65,56,121,63,69,132,46,48,94,32,36,68,35,38,73,32,23,55,11,22,33,3,7,10,355,365,720,720,317,0.44027777777777777
2020-10-18,30,32,62,23,16,39,26,32,58,46,65,111,24,34,58,35,18,53,22,20,42,12,17,29,8,16,24,1,5,6,227,255,482,482,301,0.6244813278008299
2020-10-19,82,60,142,43,51,94,90,101,191,100,124,224,86,118,204,62,67,129,59,50,109,36,55,91,14,35,49,1,9,10,573,670,1243,1243,648,0.5213193885760258
2020-10-20,64,69,133,61,47,108,99,91,190,87,94,181,82,106,188,59,61,120,50,44,94,30,45,75,24,36,60,0,15,15,556,608,1164,1164,837,0.7190721649484536
2020-10-21,44,40,84,61,44,105,83,91,174,72,81,153,61,69,130,55,40,95,46,41,87,30,31,61,17,32,49,2,4,6,471,473,944,944,568,0.6016949152542372
2020-10-22,44,46,90,61,60,121,63,76,139,60,85,145,62,61,123,48,50,98,25,48,73,20,33,53,13,25,38,3,8,11,399,492,891,891,616,0.691358024691358
2020-10-23,46,38,84,36,29,65,48,56,104,55,63,118,44,67,111,39,40,79,35,43,78,33,27,60,13,19,32,4,15,19,353,397,750,750,616,0.8213333333333334
2020-10-24,29,26,55,17,21,38,44,29,73,36,44,80,33,39,72,21,32,53,20,30,50,22,23,45,7,21,28,2,10,12,231,275,506,506,478,0.9446640316205533
2020-10-25,42,29,71,21,28,49,45,43,88,35,71,106,40,37,77,24,45,69,20,28,48,20,23,43,5,13,18,2,2,4,254,319,573,573,529,0.9232111692844677
2020-10-26,53,44,97,52,44,96,62,63,125,77,84,161,49,75,124,53,63,116,41,40,81,34,37,71,11,26,37,1,9,10,433,485,918,918,775,0.8442265795206971
2020-10-27,50,54,104,36,31,67,88,85,173,64,75,139,74,68,142,53,68,121,50,60,110,30,44,74,15,27,42,3,6,9,463,518,981,981,848,0.8644240570846076
2020-10-28,49,52,101,40,38,78,66,72,138,81,90,171,46,64,110,60,61,121,40,38,78,23,32,55,11,26,37,3,11,14,419,484,903,903,750,0.8305647840531561
2020-10-29,42,40,82,35,34,69,87,78,165,83,77,160,48,73,121,42,49,91,38,41,79,19,27,46,12,24,36,1,7,8,407,450,857,857,822,0.9591598599766628
2020-10-30,44,32,76,23,39,62,51,73,124,67,74,141,59,67,126,37,54,91,40,52,92,23,32,55,18,24,42,4,14,18,366,461,827,827,644,0.7787182587666264
2020-10-31,33,24,57,18,16,34,38,32,70,37,64,101,31,40,71,25,31,56,29,40,69,21,27,48,8,15,23,2,9,11,242,298,540,540,454,0.8407407407407408
2020-11-01,53,43,96,25,33,58,54,63,117,46,56,102,43,36,79,28,39,67,22,43,65,20,23,43,7,18,25,3,4,7,301,358,659,659,537,0.8148710166919575
2020-11-02,47,55,102,40,44,84,70,81,151,80,77,157,69,69,138,44,47,91,43,51,94,35,36,71,13,18,31,1,10,11,442,488,930,930,758,0.8150537634408602
2020-11-03,34,36,70,20,35,55,52,74,126,63,64,127,51,41,92,40,38,78,35,33,68,32,32,64,17,28,45,1,12,13,345,393,738,738,567,0.7682926829268293
2020-11-04,48,46,94,35,37,72,96,90,186,77,92,169,81,78,159,62,56,118,58,55,113,34,34,68,21,34,55,6,13,19,518,535,1053,1053,621,0.5897435897435898
2020-11-05,61,52,113,70,57,127,112,97,209,106,89,195,83,81,164,62,69,131,41,58,99,34,35,69,17,24,41,4,10,14,590,572,1162,1162,772,0.6643717728055077
2020-11-06,31,43,74,34,40,74,62,53,115,44,69,113,46,38,84,41,50,91,33,48,81,32,43,75,15,30,45,3,6,9,341,420,761,761,610,0.8015768725361366
2020-11-07,36,39,75,24,31,55,46,53,99,38,59,97,48,50,98,39,46,85,43,44,87,32,28,60,20,18,38,7,6,13,333,374,707,707,565,0.7991513437057991
2020-11-08,48,55,103,20,35,55,54,60,114,55,76,131,47,49,96,34,44,78,32,45,77,21,27,48,9,15,24,2,5,7,322,411,733,733,603,0.8226466575716235
2020-11-09,70,61,131,62,41,103,67,91,158,91,99,190,74,78,152,60,63,123,47,50,97,25,39,64,26,35,61,4,9,13,526,566,1092,1092,855,0.782967032967033
2020-11-10,42,39,81,42,41,83,72,56,128,80,76,156,47,50,97,44,43,87,56,41,97,27,30,57,22,25,47,5,12,17,437,413,850,850,564,0.6635294117647059
2020-11-11,57,46,103,36,45,81,82,91,173,76,74,150,72,74,146,68,60,128,34,40,74,30,36,66,19,35,54,5,17,22,479,518,997,997,669,0.6710130391173521
2020-11-12,63,53,116,36,39,75,79,88,167,110,93,203,80,78,158,55,54,109,49,57,106,33,47,80,19,36,55,3,11,14,527,556,1083,1083,688,0.6352723915050785
2020-11-13,58,37,95,45,45,90,83,95,178,62,87,149,61,69,130,46,52,98,55,60,115,34,45,79,20,39,59,5,12,17,469,541,1010,1010,637,0.6306930693069307
2020-11-14,63,54,117,29,27,56,41,57,98,66,60,126,45,53,98,38,40,78,41,24,65,24,38,62,12,20,32,4,3,7,363,376,739,739,547,0.7401894451962111
2020-11-15,57,60,117,43,25,68,60,64,124,67,59,126,54,54,108,46,49,95,47,41,88,24,34,58,10,24,34,0,11,11,408,421,829,829,641,0.773220747889023
2020-11-16,55,58,113,56,42,98,60,58,118,77,85,162,66,62,128,34,53,87,44,40,84,31,42,73,15,25,40,3,13,16,441,478,919,919,573,0.6235038084874864
2020-11-17,58,65,123,49,45,94,86,102,188,102,105,207,74,84,158,56,63,119,63,68,131,43,52,95,18,40,58,5,15,20,554,639,1193,1193,845,0.7082984073763621
2020-11-18,54,54,108,59,39,98,83,88,171,98,111,209,61,70,131,51,53,104,44,45,89,45,41,86,13,41,54,2,5,7,510,547,1057,1057,726,0.6868495742667928
2020-11-19,63,51,114,59,52,111,89,110,199,82,98,180,68,83,151,56,60,116,40,53,93,36,31,67,22,33,55,3,8,11,518,579,1097,1097,774,0.7055606198723792
2020-11-20,57,47,104,36,52,88,77,80,157,81,87,168,62,84,146,47,53,100,50,41,91,29,30,59,17,29,46,4,13,17,460,516,976,976,705,0.7223360655737705
2020-11-21,45,47,92,28,39,67,51,60,111,64,57,121,46,52,98,34,44,78,35,40,75,23,20,43,9,16,25,3,10,13,338,385,723,723,603,0.8340248962655602
2020-11-22,40,33,73,27,29,56,54,44,98,46,59,105,47,40,87,30,29,59,27,41,68,22,17,39,12,20,32,2,9,11,307,321,628,628,491,0.7818471337579618
2020-11-23,55,51,106,32,40,72,55,70,125,68,61,129,52,60,112,37,47,84,35,41,76,27,32,59,18,27,45,4,12,16,383,441,824,824,677,0.8216019417475728
2020-11-24,52,66,118,49,50,99,75,92,167,104,85,189,73,61,134,58,60,118,52,56,108,39,43,82,25,33,58,1,7,8,528,553,1081,1081,851,0.7872340425531915
2020-11-25,62,58,120,54,49,103,87,96,183,82,92,174,65,66,131,53,46,99,50,41,91,23,44,67,18,31,49,6,10,16,500,533,1033,1033,717,0.6940948693126815
2020-11-26,55,60,115,57,53,110,77,89,166,93,106,199,58,74,132,56,53,109,51,49,100,36,45,81,11,29,40,9,10,19,503,568,1071,1071,773,0.7217553688141923
2020-11-27,43,44,87,40,35,75,75,106,181,65,77,142,53,38,91,49,50,99,36,35,71,28,32,60,13,34,47,4,3,7,406,454,860,860,641,0.7453488372093023
2020-11-28,58,33,91,37,25,62,58,65,123,45,70,115,43,58,101,53,39,92,21,28,49,22,33,55,12,23,35,1,7,8,350,381,731,731,511,0.6990424076607387
2020-11-29,57,44,101,26,34,60,65,77,142,59,79,138,62,50,112,38,42,80,47,52,99,21,33,54,15,16,31,1,5,6,391,432,823,823,623,0.7569866342648846
2020-11-30,75,61,136,66,44,110,106,115,221,98,100,198,91,91,182,61,68,129,67,71,138,56,43,99,18,31,49,4,9,13,642,633,1275,1274,890,0.6985871271585558
2020-12-01,43,61,104,44,56,100,99,98,197,90,107,197,75,83,158,33,51,84,62,76,138,45,47,92,28,28,56,3,5,8,522,612,1134,1134,730,0.6437389770723104
2020-12-02,35,31,66,37,37,74,61,76,137,62,75,137,57,62,119,36,39,75,35,31,66,29,34,63,17,18,35,2,9,11,371,412,783,783,300,0.3831417624521073
2020-12-03,45,47,92,56,45,101,89,105,194,97,113,210,77,89,166,55,53,108,58,58,116,39,35,74,14,23,37,1,7,8,531,575,1106,1106,267,0.24141048824593128
2020-12-04,54,51,105,53,46,99,76,83,159,83,90,173,72,83,155,60,76,136,55,74,129,46,37,83,17,30,47,6,10,16,522,580,1102,1101,380,0.34514078110808355
2020-12-05,43,49,92,39,39,78,78,57,135,80,76,156,54,50,104,39,36,75,33,38,71,25,24,49,8,21,29,5,7,12,404,397,801,801,380,0.47440699126092384
2020-12-06,40,49,89,33,30,63,52,54,106,50,57,107,44,55,99,28,36,64,34,41,75,26,24,50,16,17,33,1,5,6,324,368,692,692,264,0.3815028901734104
2020-12-07,34,48,82,47,36,83,77,70,147,77,71,148,47,71,118,32,37,69,29,32,61,27,30,57,14,21,35,2,8,10,386,424,810,810,197,0.24320987654320989
2020-12-08,42,45,87,25,37,62,72,79,151,64,70,134,53,48,101,44,43,87,44,42,86,19,40,59,7,20,27,4,6,10,374,430,804,804,257,0.31965174129353235
2020-12-09,56,50,106,43,43,86,104,125,229,95,107,202,81,83,164,70,81,151,72,71,143,41,55,96,20,38,58,2,16,18,584,669,1253,1253,455,0.36312849162011174
2020-12-10,62,45,107,58,72,130,114,119,233,113,144,257,78,106,184,77,89,166,67,68,135,37,42,79,17,48,65,5,9,14,628,742,1370,1370,313,0.22846715328467154
2020-12-11,57,62,119,53,53,106,118,125,243,123,115,238,92,91,183,71,93,164,71,89,160,47,57,104,19,30,49,2,8,10,653,723,1376,1376,293,0.2129360465116279
2020-12-12,59,49,108,47,49,96,98,100,198,94,115,209,86,91,177,69,76,145,48,80,128,34,41,75,13,25,38,2,9,11,550,635,1185,1185,359,0.3029535864978903
2020-12-13,56,37,93,46,52,98,72,88,160,90,96,186,65,72,137,59,70,129,50,45,95,27,27,54,16,20,36,6,4,10,487,511,998,998,223,0.22344689378757515
2020-12-14,77,51,128,58,55,113,125,129,254,130,134,264,98,108,206,80,91,171,80,80,160,55,59,114,23,28,51,9,13,22,735,748,1483,1483,432,0.29130141604855025
2020-12-15,57,51,108,54,56,110,102,114,216,131,122,253,94,88,182,80,95,175,79,76,155,39,44,83,11,25,36,3,11,14,650,682,1332,1332,354,0.26576576576576577
2020-12-16,37,53,90,72,86,158,132,145,277,143,170,313,123,131,254,90,89,179,76,86,162,46,59,105,21,24,45,4,9,13,744,852,1596,1596,414,0.2593984962406015
2020-12-17,68,70,138,75,75,150,121,166,287,179,203,382,136,140,276,125,99,224,61,77,138,48,44,92,12,24,36,2,7,9,827,905,1732,1732,410,0.23672055427251731
2020-12-18,78,60,138,80,92,172,159,181,340,177,202,379,153,154,307,118,125,243,133,119,252,67,73,140,15,40,55,4,7,11,984,1053,2037,2037,587,0.28816887579774175
2020-12-19,65,52,117,75,65,140,118,144,262,193,199,392,124,134,258,93,92,185,79,104,183,45,60,105,13,27,40,3,6,9,808,883,1691,1691,467,0.2761679479597871
2020-12-20,55,67,122,73,85,158,146,134,280,188,193,381,144,160,304,123,141,264,73,90,163,48,48,96,12,15,27,4,7,11,866,940,1806,1806,251,0.1389811738648948
2020-12-21,76,81,157,78,74,152,182,164,346,219,248,467,163,159,322,110,141,251,127,117,244,65,71,136,12,44,56,5,7,12,1037,1106,2143,2143,429,0.2001866542230518
2020-12-22,83,85,168,105,113,218,199,206,405,232,266,498,174,171,345,135,139,274,118,134,252,67,53,120,16,30,46,4,6,10,1133,1203,2336,2336,474,0.2029109589041096
2020-12-23,96,83,179,106,104,210,205,221,426,266,251,517,188,201,389,123,129,252,102,132,234,57,64,121,27,39,66,7,14,21,1177,1238,2415,2415,500,0.2070393374741201
2020-12-24,49,49,98,50,62,112,128,128,256,166,139,305,118,102,220,58,79,137,50,75,125,42,26,68,5,17,22,1,4,5,667,681,1348,1348,318,0.23590504451038577
2020-12-25,29,20,49,21,21,42,33,32,65,39,58,97,36,25,61,30,32,62,17,21,38,13,10,23,5,18,23,5,4,9,228,241,469,469,263,0.5607675906183369
2020-12-26,69,62,131,103,110,213,160,182,342,227,232,459,154,172,326,132,122,254,82,104,186,52,61,113,19,34,53,1,11,12,999,1090,2089,2089,469,0.22450933460986117
2020-12-27,45,38,83,118,101,219,158,152,310,235,209,444,195,185,380,114,149,263,105,106,211,51,72,123,19,31,50,3,11,14,1043,1054,2097,2097,289,0.13781592751549834
2020-12-28,98,83,181,158,168,326,256,245,501,325,332,657,242,238,480,166,202,368,124,157,281,69,90,159,31,50,81,2,19,21,1471,1584,3055,3055,532,0.17414075286415712
2020-12-29,76,77,153,148,158,306,249,262,511,265,278,543,234,253,487,160,158,318,130,147,277,74,92,166,20,50,70,7,14,21,1363,1489,2852,2852,506,0.1774193548387097
2020-12-30,79,63,142,174,170,344,245,272,517,330,315,645,221,233,454,167,205,372,132,136,268,75,83,158,24,43,67,3,13,16,1450,1533,2983,2982,723,0.24245472837022133
2020-12-31,63,55,118,124,112,236,195,177,372,188,238,426,172,180,352,113,114,227,59,72,131,36,48,84,18,25,43,0,8,8,968,1029,1997,1997,446,0.22333500250375563
2021-01-01,28,19,47,35,31,66,38,56,94,53,63,116,47,47,94,35,47,82,23,18,41,17,19,36,5,14,19,1,4,5,282,318,600,600,250,0.4166666666666667
2021-01-02,68,54,122,113,119,232,169,195,364,226,241,467,166,182,348,125,136,261,132,132,264,64,78,142,15,32,47,5,9,14,1083,1178,2261,2261,486,0.21494913754975675
2021-01-03,47,58,105,150,159,309,247,287,534,328,307,635,244,286,530,176,212,388,150,184,334,67,98,165,25,40,65,3,10,13,1437,1641,3078,3078,375,0.12183235867446393
2021-01-04,81,73,154,147,135,282,354,386,740,397,407,804,270,300,570,177,230,407,147,164,311,91,105,196,30,69,99,5,13,18,1699,1882,3581,3581,603,0.16838871823512985
2021-01-05,72,76,148,190,189,379,400,419,819,402,407,809,284,330,614,198,215,413,156,231,387,95,116,211,33,62,95,8,12,20,1838,2057,3895,3894,579,0.14869029275808937
2021-01-06,79,63,142,194,183,377,365,388,753,396,367,763,290,293,583,236,253,489,165,201,366,96,128,224,29,57,86,4,19,23,1854,1952,3806,3805,634,0.16662286465177398
2021-01-07,80,68,148,157,175,332,332,353,685,366,362,728,263,261,524,161,193,354,136,180,316,72,110,182,30,52,82,3,12,15,1600,1766,3366,3366,609,0.18092691622103388
2021-01-08,77,70,147,186,181,367,349,351,700,310,358,668,223,303,526,170,201,371,125,159,284,66,99,165,33,35,68,5,8,13,1544,1765,3309,3308,697,0.21070133010882708
2021-01-09,53,62,115,144,166,310,281,318,599,342,368,710,233,267,500,178,213,391,119,163,282,50,79,129,21,45,66,0,12,12,1421,1693,3114,3113,565,0.1814969482814006
2021-01-10,64,67,131,198,204,402,264,288,552,302,343,645,227,270,497,157,180,337,114,121,235,35,73,108,12,35,47,4,14,18,1377,1595,2972,2972,400,0.13458950201884254
2021-01-11,87,59,146,204,224,428,394,410,804,428,438,866,290,317,607,211,255,466,145,174,319,86,84,170,26,56,82,3,21,24,1874,2038,3912,3912,556,0.14212678936605316
2021-01-12,98,62,160,181,208,389,330,404,734,312,340,652,242,290,532,195,236,431,159,135,294,64,90,154,31,34,65,5,10,15,1617,1809,3426,3426,515,0.15032107413893753
2021-01-13,105,95,200,222,248,470,397,394,791,361,403,764,301,298,599,211,247,458,161,201,362,73,81,154,20,48,68,4,3,7,1855,2018,3873,3873,574,0.14820552543248128
2021-01-14,76,84,160,231,258,489,357,415,772,361,401,762,269,312,581,232,259,491,153,187,340,71,89,160,22,38,60,4,7,11,1776,2050,3826,3825,637,0.1665359477124183
2021-01-15,93,78,171,359,364,723,450,485,935,533,586,1119,408,459,867,310,328,638,158,214,372,86,112,198,20,51,71,4,10,14,2421,2687,5108,5108,712,0.139389193422083
2021-01-16,56,40,96,423,414,837,353,434,787,466,526,992,456,479,935,318,301,619,192,214,406,99,105,204,25,42,67,2,10,12,2390,2565,4955,4955,546,0.11019172552976791
2021-01-17,63,41,104,342,386,728,375,472,847,423,476,899,466,525,991,312,299,611,144,162,306,72,85,157,19,26,45,2,5,7,2218,2477,4695,4695,473,0.10074547390841321
2021-01-18,85,83,168,441,448,889,530,581,1111,583,636,1219,568,553,1121,392,416,808,253,281,534,119,136,255,38,63,101,4,13,17,3013,3210,6223,6223,702,0.11280732765547163
2021-01-19,101,82,183,495,513,1008,613,692,1305,726,777,1503,628,712,1340,434,524,958,304,349,653,130,165,295,30,64,94,7,15,22,3468,3893,7361,7361,607,0.08246162206221981
2021-01-20,101,88,189,528,534,1062,628,723,1351,743,796,1539,660,705,1365,491,565,1056,360,364,724,165,188,353,38,56,94,7,17,24,3721,4036,7757,7757,601,0.07747840660048988
2021-01-21,117,84,201,368,444,812,605,639,1244,592,659,1251,485,613,1098,344,493,837,259,259,518,109,121,230,43,64,107,7,24,31,2929,3400,6329,6329,724,0.11439405909306367
2021-01-22,85,86,171,417,412,829,477,606,1083,492,618,1110,484,546,1030,336,373,709,239,261,500,105,121,226,27,56,83,7,6,13,2669,3085,5754,5754,688,0.11956899548140425
2021-01-23,50,49,99,438,454,892,513,631,1144,522,602,1124,458,500,958,364,440,804,172,217,389,60,76,136,21,37,58,3,8,11,2601,3014,5615,5615,632,0.11255565449688335
2021-01-24,62,53,115,547,544,1091,554,652,1206,554,666,1220,592,638,1230,421,454,875,219,228,447,81,107,188,27,40,67,3,6,9,3060,3388,6448,6448,423,0.06560173697270472
2021-01-25,86,104,190,641,626,1267,798,878,1676,728,857,1585,655,759,1414,445,557,1002,277,304,581,138,155,293,43,76,119,8,21,29,3819,4337,8156,8156,564,0.0691515448749387
2021-01-26,115,96,211,544,548,1092,638,699,1337,608,661,1269,570,654,1224,426,493,919,274,315,589,129,147,276,37,72,109,4,17,21,3345,3702,7047,7047,631,0.08954164892862211
2021-01-27,117,97,214,459,457,916,566,665,1231,584,720,1304,501,620,1121,384,444,828,242,260,502,96,116,212,40,67,107,2,22,24,2991,3468,6459,6459,523,0.08097228673169221
2021-01-28,88,81,169,398,425,823,494,571,1065,504,568,1072,405,506,911,331,390,721,239,258,497,121,143,264,36,50,86,6,17,23,2622,3009,5631,5631,630,0.11188066062866275
2021-01-29,70,92,162,577,570,1147,630,742,1372,700,789,1489,611,722,1333,501,538,1039,286,328,614,121,167,288,27,71,98,7,13,20,3530,4032,7562,7561,861,0.11387382621346383
2021-01-30,63,48,111,763,800,1563,584,733,1317,751,905,1656,818,939,1757,568,619,1187,303,371,674,124,158,282,31,53,84,2,9,11,4007,4635,8642,8642,546,0.06317981948623004
2021-01-31,56,58,114,1155,1230,2385,807,924,1731,968,1157,2125,1206,1411,2617,778,844,1622,349,373,722,122,150,272,27,57,84,2,15,17,5470,6219,11689,11689,336,0.028744973907092138
2021-02-01,81,77,158,935,1087,2022,734,965,1699,937,1089,2026,1067,1231,2298,767,790,1557,400,463,863,143,213,356,54,57,111,2,10,12,5120,5982,11102,11102,632,0.05692667987749955
2021-02-02,84,82,166,773,905,1678,689,812,1501,868,1047,1915,1034,1135,2169,688,779,1467,439,458,897,220,246,466,51,78,129,4,12,16,4850,5554,10404,10404,532,0.051134179161860825
2021-02-03,66,86,152,629,631,1260,618,763,1381,758,876,1634,749,873,1622,558,685,1243,397,427,824,182,218,400,44,81,125,6,17,23,4007,4657,8664,8664,587,0.06775161588180979
2021-02-04,76,75,151,375,397,772,473,615,1088,553,637,1190,441,633,1074,382,478,860,234,311,545,127,163,290,28,47,75,5,19,24,2694,3375,6069,6069,566,0.09326083374526281
2021-02-05,79,69,148,344,371,715,458,569,1027,479,582,1061,443,499,942,337,394,731,236,285,521,118,138,256,19,55,74,1,11,12,2514,2973,5487,5487,742,0.135228722434846
2021-02-06,51,45,96,391,468,859,413,516,929,479,628,1107,468,580,1048,379,442,821,211,233,444,96,116,212,26,46,72,1,7,8,2515,3081,5596,5596,518,0.09256611865618299
2021-02-07,51,60,111,439,468,907,410,534,944,550,655,1205,519,593,1112,372,441,813,191,207,398,92,98,190,22,31,53,6,6,12,2652,3093,5745,5745,323,0.056222802436901656
2021-02-08,100,79,179,578,675,1253,643,765,1408,785,1016,1801,806,923,1729,467,593,1060,284,341,625,138,154,292,34,71,105,4,21,25,3839,4638,8477,8477,703,0.08293028193936534
2021-02-09,98,62,160,477,532,1009,581,681,1262,754,864,1618,644,802,1446,472,575,1047,327,348,675,148,163,311,39,72,111,5,16,21,3545,4115,7660,7660,510,0.06657963446475196
2021-02-10,72,61,133,364,388,752,470,592,1062,615,750,1365,570,710,1280,354,480,834,248,299,547,134,140,274,34,55,89,1,13,14,2862,3488,6350,6350,442,0.06960629921259842
2021-02-11,73,60,133,304,395,699,408,589,997,589,680,1269,522,655,1177,300,467,767,239,266,505,112,129,241,32,57,89,4,11,15,2583,3309,5892,5892,420,0.07128309572301425
2021-02-12,79,70,149,359,410,769,423,487,910,595,707,1302,544,647,1191,341,466,807,221,290,511,111,131,242,37,56,93,3,15,18,2713,3279,5992,5992,670,0.11181575433911882
2021-02-13,52,42,94,470,554,1024,415,520,935,689,855,1544,638,853,1491,410,477,887,243,271,514,85,112,197,25,41,66,5,11,16,3032,3736,6768,6768,521,0.07697990543735224
2021-02-14,49,40,89,521,567,1088,343,513,856,666,846,1512,752,890,1642,410,502,912,258,277,535,115,140,255,19,30,49,3,13,16,3136,3818,6954,6953,323,0.04645476772616137
2021-02-15,42,62,104,633,697,1330,534,676,1210,844,1027,1871,937,1102,2039,547,614,1161,263,317,580,99,146,245,29,65,94,2,13,15,3930,4719,8649,8648,456,0.05272895467160037
2021-02-16,52,37,89,695,636,1331,720,996,1716,1070,1225,2295,972,1120,2092,532,579,1111,262,272,534,97,141,238,20,43,63,8,5,13,4428,5054,9482,9482,545,0.057477325458763974
2021-02-17,72,85,157,467,525,992,921,1142,2063,888,1039,1927,725,788,1513,479,570,1049,350,385,735,137,181,318,28,74,102,6,20,26,4073,4809,8882,8882,477,0.05370412069353749
2021-02-18,75,70,145,386,451,837,701,859,1560,785,953,1738,626,730,1356,472,499,971,298,353,651,153,175,328,39,61,100,4,13,17,3539,4164,7703,7703,568,0.07373750486823316
2021-02-19,85,61,146,320,454,774,620,740,1360,698,860,1558,559,696,1255,402,515,917,293,336,629,135,174,309,35,55,90,5,14,19,3152,3905,7057,7057,611,0.08658070001417033
2021-02-20,65,50,115,307,396,703,511,656,1167,569,783,1352,522,666,1188,370,498,868,220,319,539,91,111,202,25,40,65,4,4,8,2684,3523,6207,6207,476,0.07668761076204285
2021-02-21,79,44,123,307,381,688,501,691,1192,644,777,1421,529,649,1178,343,436,779,250,275,525,88,118,206,27,39,66,6,9,15,2774,3419,6193,6193,377,0.06087518165670919
2021-02-22,99,107,206,323,415,738,584,777,1361,697,862,1559,560,690,1250,408,489,897,276,340,616,129,144,273,50,51,101,3,10,13,3129,3885,7014,7014,523,0.07456515540347876
2021-02-23,102,86,188,290,321,611,539,658,1197,589,752,1341,457,557,1014,359,471,830,285,327,612,125,165,290,35,62,97,8,18,26,2789,3417,6206,6206,468,0.07541089268449887
2021-02-24,84,109,193,274,318,592,426,524,950,532,603,1135,387,487,874,316,381,697,246,276,522,122,140,262,31,50,81,3,9,12,2421,2897,5318,5318,433,0.08142158706280557
2021-02-25,120,112,232,212,254,466,429,499,928,420,492,912,340,405,745,279,338,617,199,260,459,98,128,226,29,45,74,4,15,19,2130,2548,4678,4677,420,0.08980115458627325
2021-02-26,96,104,200,203,255,458,394,502,896,481,531,1012,355,452,807,283,358,641,227,305,532,112,138,250,28,52,80,2,19,21,2181,2716,4897,4897,425,0.08678782928323463
2021-02-27,68,63,131,229,321,550,412,555,967,542,640,1182,353,455,808,346,435,781,261,320,581,110,131,241,25,58,83,2,8,10,2348,2986,5334,5334,469,0.08792650918635171
2021-02-28,75,71,146,346,413,759,488,640,1128,720,857,1577,538,691,1229,477,607,1084,356,391,747,165,180,345,37,48,85,3,8,11,3205,3906,7111,7111,387,0.054422725355083676
2021-03-01,150,121,271,225,273,498,399,470,869,498,524,1022,351,434,785,259,349,608,230,260,490,89,147,236,26,60,86,6,20,26,2233,2658,4891,4891,571,0.11674504191371908
2021-03-02,166,136,302,250,266,516,403,470,873,433,502,935,349,391,740,263,366,629,178,260,438,96,93,189,39,55,94,3,9,12,2180,2548,4728,4728,399,0.08439086294416244
2021-03-03,150,120,270,175,242,417,306,421,727,386,427,813,276,343,619,259,329,588,247,302,549,121,132,253,25,44,69,1,13,14,1946,2373,4319,4319,498,0.11530446862699699
2021-03-04,124,121,245,183,226,409,311,352,663,354,412,766,261,325,586,213,324,537,207,292,499,116,151,267,28,45,73,5,20,25,1802,2268,4070,4070,498,0.12235872235872236
2021-03-05,129,113,242,197,231,428,319,435,754,386,437,823,240,308,548,247,312,559,215,239,454,106,122,228,28,48,76,0,9,9,1867,2254,4121,4120,487,0.11820388349514563
2021-03-06,82,70,152,133,157,290,284,330,614,330,372,702,231,295,526,184,258,442,136,165,301,70,95,165,26,32,58,2,8,10,1478,1782,3260,3260,384,0.11779141104294479
2021-03-07,86,77,163,150,185,335,286,378,664,368,424,792,192,321,513,215,311,526,203,231,434,80,103,183,22,42,64,4,4,8,1606,2076,3682,3681,310,0.08421624558543873
2021-03-08,165,149,314,194,266,460,330,470,800,412,498,910,341,362,703,291,379,670,275,287,562,120,130,250,25,49,74,4,13,17,2157,2603,4760,4757,434,0.09123397099011982
2021-03-09,186,175,361,202,216,418,345,381,726,419,468,887,323,356,679,273,349,622,257,355,612,153,146,299,30,48,78,4,10,14,2192,2504,4696,4696,421,0.08965076660988075
2021-03-10,208,178,386,211,229,440,317,372,689,423,450,873,263,334,597,257,342,599,246,260,506,112,146,258,32,55,87,3,11,14,2072,2377,4449,4449,632,0.14205439424589794
2021-03-11,159,177,336,160,192,352,273,379,652,299,380,679,214,291,505,181,252,433,161,232,393,95,104,199,31,38,69,4,16,20,1577,2061,3638,3638,633,0.17399670148433205
2021-03-12,209,194,403,201,258,459,293,409,702,385,456,841,273,336,609,221,329,550,215,278,493,111,124,235,31,56,87,4,12,16,1943,2452,4395,4394,681,0.15498406918525262
2021-03-13,129,115,244,142,184,326,308,373,681,386,413,799,257,288,545,211,307,518,220,256,476,84,103,187,20,43,63,5,3,8,1762,2085,3847,3847,690,0.17936054068105017
2021-03-14,117,155,272,152,180,332,265,424,689,402,469,871,247,331,578,278,331,609,224,294,518,95,124,219,21,42,63,5,10,15,1806,2360,4166,4166,446,0.10705712914066251
2021-03-15,256,219,475,224,234,458,351,509,860,441,517,958,324,430,754,297,386,683,272,308,580,118,184,302,27,57,84,4,14,18,2314,2858,5172,5172,644,0.12451662799690642
2021-03-16,236,219,455,202,256,458,293,399,692,423,464,887,281,316,597,268,335,603,228,294,522,111,140,251,26,60,86,7,18,25,2075,2501,4576,4576,525,0.11472902097902098
2021-03-17,176,162,338,202,233,435,302,403,705,333,385,718,249,298,547,224,296,520,209,263,472,94,127,221,29,47,76,3,13,16,1821,2227,4048,4047,510,0.12601927353595255
2021-03-18,169,153,322,163,187,350,269,347,616,330,339,669,235,264,499,175,239,414,185,217,402,94,114,208,17,42,59,4,9,13,1641,1911,3552,3552,536,0.15090090090090091
2021-03-19,170,167,337,230,228,458,274,390,664,321,406,727,242,296,538,199,272,471,174,226,400,87,98,185,25,35,60,5,11,16,1727,2129,3856,3856,722,0.18724066390041494
2021-03-20,85,83,168,146,178,324,242,290,532,285,347,632,222,258,480,188,235,423,168,180,348,88,87,175,19,33,52,9,8,17,1452,1699,3151,3149,499,0.1584630041282947
2021-03-21,121,107,228,124,155,279,268,304,572,349,369,718,210,256,466,199,271,470,165,212,377,57,80,137,20,32,52,3,9,12,1516,1795,3311,3311,382,0.11537299909392933
2021-03-22,186,200,386,231,203,434,326,430,756,404,441,845,282,312,594,262,348,610,197,245,442,102,125,227,28,68,96,4,26,30,2022,2398,4420,4420,657,0.14864253393665158
2021-03-23,185,173,358,212,227,439,301,370,671,343,417,760,268,269,537,235,269,504,215,279,494,115,140,255,27,34,61,1,17,18,1902,2195,4097,4097,617,0.15059799853551378
2021-03-24,127,126,253,172,172,344,220,280,500,286,331,617,188,254,442,164,224,388,116,153,269,69,101,170,15,51,66,1,16,17,1358,1708,3066,3066,531,0.17318982387475537
2021-03-25,146,145,291,193,237,430,259,377,636,333,383,716,271,332,603,204,248,452,157,197,354,88,100,188,28,38,66,4,3,7,1683,2060,3743,3743,531,0.14186481432006412
2021-03-26,190,170,360,225,271,496,297,392,689,367,420,787,239,354,593,189,271,460,162,221,383,98,116,214,34,46,80,3,16,19,1804,2277,4081,4081,652,0.15976476353834845
2021-03-27,133,118,251,130,163,293,269,306,575,333,394,727,231,305,536,186,259,445,181,201,382,68,103,171,21,45,66,5,6,11,1557,1900,3457,3457,607,0.17558576800694242
2021-03-28,107,89,196,123,170,293,225,300,525,312,393,705,249,268,517,181,274,455,150,198,348,61,59,120,20,33,53,3,9,12,1431,1793,3224,3224,500,0.15508684863523572
2021-03-29,176,172,348,248,217,465,297,389,686,378,415,793,248,341,589,230,288,518,163,243,406,66,71,137,20,40,60,1,7,8,1827,2183,4010,4010,640,0.1596009975062344
2021-03-30,172,151,323,210,225,435,248,328,576,326,386,712,231,289,520,199,232,431,150,194,344,59,88,147,23,33,56,5,8,13,1623,1934,3557,3556,648,0.18222722159730034
2021-03-31,140,124,264,163,161,324,283,339,622,332,393,725,209,296,505,149,216,365,89,124,213,39,53,92,21,28,49,1,11,12,1426,1745,3171,3171,703,0.2216966256701356
2021-04-01,110,137,247,186,198,384,302,355,657,339,365,704,229,292,521,186,239,425,136,167,303,59,84,143,14,23,37,4,11,15,1565,1871,3436,3436,884,0.2572759022118743
2021-04-02,131,98,229,173,207,380,274,317,591,328,325,653,227,259,486,171,248,419,137,136,273,53,51,104,18,20,38,2,8,10,1514,1669,3183,3183,669,0.21017907634307256
2021-04-03,103,108,211,164,215,379,289,319,608,313,373,686,238,308,546,177,226,403,145,144,289,49,77,126,20,42,62,6,6,12,1504,1818,3322,3322,766,0.23058398555087298
2021-04-04,136,116,252,315,347,662,398,546,944,494,602,1096,394,484,878,229,303,532,130,178,308,55,65,120,17,37,54,0,9,9,2168,2687,4855,4855,685,0.141091658084449
2021-04-05,164,195,359,417,447,864,523,661,1184,601,630,1231,474,593,1067,295,392,687,180,226,406,83,91,174,21,44,65,4,10,14,2762,3289,6051,6051,858,0.14179474467030243
2021-04-06,187,206,393,337,363,700,572,569,1141,593,681,1274,458,488,946,305,375,680,204,302,506,106,132,238,28,49,77,3,15,18,2793,3180,5973,5973,1084,0.1814833417043362
2021-04-07,196,206,402,368,372,740,531,599,1130,534,631,1165,453,507,960,297,420,717,174,270,444,90,116,206,18,49,67,2,14,16,2663,3184,5847,5844,929,0.15896646132785763
2021-04-08,186,167,353,271,312,583,410,546,956,485,608,1093,369,381,750,260,335,595,171,219,390,76,116,192,26,45,71,2,13,15,2256,2742,4998,4998,1056,0.2112845138055222
2021-04-09,146,146,292,201,250,451,278,384,662,320,343,663,264,299,563,167,232,399,120,147,267,56,70,126,9,30,39,3,6,9,1564,1907,3471,3470,929,0.26772334293948125
2021-04-10,115,103,218,194,236,430,310,365,675,383,383,766,246,310,556,172,247,419,132,145,277,31,49,80,9,22,31,2,4,6,1594,1864,3458,3457,670,0.19380966155626267
2021-04-11,96,105,201,178,202,380,235,284,519,296,390,686,262,283,545,171,220,391,125,136,261,33,45,78,14,26,40,2,6,8,1412,1697,3109,3109,599,0.19266645223544548
2021-04-12,170,159,329,255,227,482,318,404,722,363,429,792,306,399,705,224,310,534,149,177,326,45,87,132,17,41,58,5,11,16,1852,2244,4096,4094,718,0.17537860283341475
2021-04-13,164,123,287,188,197,385,315,368,683,398,436,834,274,359,633,216,277,493,114,120,234,62,49,111,17,22,39,4,8,12,1752,1959,3711,3711,699,0.1883589329021827
2021-04-14,156,119,275,171,161,332,188,229,417,225,259,484,164,226,390,135,196,331,151,143,294,57,84,141,24,30,54,4,7,11,1275,1454,2729,2728,810,0.2969208211143695
2021-04-15,177,169,346,208,281,489,334,424,758,384,466,850,353,435,788,265,327,592,160,174,334,47,77,124,19,39,58,2,10,12,1949,2402,4351,4348,760,0.17479300827966882
2021-04-16,166,166,332,193,220,413,380,433,813,411,489,900,321,375,696,253,327,580,186,225,411,51,82,133,13,31,44,4,10,14,1978,2358,4336,4335,740,0.1707035755478662
2021-04-17,149,129,278,173,177,350,268,316,584,393,378,771,272,346,618,201,247,448,128,160,288,52,83,135,18,50,68,5,8,13,1659,1894,3553,3553,695,0.19560934421615536
2021-04-18,93,129,222,143,140,283,246,285,531,296,375,671,279,290,569,183,216,399,133,158,291,50,63,113,26,30,56,3,8,11,1452,1694,3146,3145,441,0.14022257551669318
2021-04-19,195,151,346,224,246,470,332,390,722,408,466,874,348,354,702,248,312,560,160,220,380,61,94,155,16,51,67,3,17,20,1995,2301,4296,4296,617,0.1436219739292365
2021-04-20,189,200,389,193,192,385,290,362,652,320,398,718,295,346,641,216,267,483,178,232,410,67,85,152,38,30,68,4,6,10,1790,2118,3908,3908,633,0.1619754350051177
2021-04-21,159,135,294,145,153,298,252,278,530,253,341,594,250,285,535,171,246,417,132,171,303,57,65,122,17,42,59,2,7,9,1438,1723,3161,3161,601,0.19012970578930719
2021-04-22,180,168,348,221,216,437,276,335,611,342,415,757,313,379,692,230,259,489,145,201,346,59,90,149,17,51,68,2,11,13,1785,2125,3910,3908,610,0.15609007164790173
2021-04-23,159,156,315,209,208,417,299,354,653,377,450,827,320,362,682,223,303,526,151,192,343,69,82,151,33,32,65,5,8,13,1845,2147,3992,3989,600,0.1504136375031336
2021-04-24,83,74,157,73,64,137,77,114,191,107,121,228,98,119,217,66,81,147,41,52,93,31,43,74,9,28,37,6,17,23,591,713,1304,1304,380,0.29141104294478526
2021-04-25,125,122,247,138,153,291,196,238,434,249,291,540,230,272,502,185,215,400,115,135,250,56,46,102,11,32,43,0,6,6,1305,1510,2815,2814,336,0.11940298507462686
2021-04-26,189,169,358,201,218,419,294,320,614,341,363,704,286,348,634,247,284,531,150,173,323,90,111,201,16,40,56,4,10,14,1818,2036,3854,3853,456,0.11834933817804308
2021-04-27,161,138,299,188,207,395,277,356,633,307,365,672,247,290,537,210,240,450,139,163,302,61,96,157,19,43,62,4,6,10,1613,1904,3517,3515,399,0.11351351351351352
2021-04-28,163,155,318,183,186,369,259,300,559,317,347,664,253,298,551,181,238,419,120,147,267,58,74,132,17,30,47,6,8,14,1557,1783,3340,3340,436,0.13053892215568863
2021-04-29,197,165,362,238,216,454,289,366,655,370,433,803,335,396,731,259,308,567,148,210,358,100,121,221,35,58,93,3,17,20,1974,2290,4264,4263,468,0.10978184377199156
2021-04-30,164,137,301,144,126,270,148,218,366,213,258,471,167,229,396,154,196,350,107,152,259,66,85,151,24,44,68,2,15,17,1189,1460,2649,2649,513,0.19365798414496035
2021-05-01,119,104,223,143,108,251,176,212,388,216,263,479,190,247,437,144,187,331,106,105,211,45,63,108,16,44,60,1,5,6,1156,1338,2494,2493,413,0.16566385880465304
2021-05-02,113,95,208,109,112,221,161,186,347,215,260,475,168,242,410,146,163,309,106,163,269,51,73,124,22,28,50,4,15,19,1095,1337,2432,2432,294,0.12088815789473684
2021-05-03,216,208,424,171,182,353,333,337,670,361,417,778,322,354,676,241,328,569,178,270,448,96,124,220,23,65,88,4,13,17,1945,2298,4243,4243,573,0.13504595804855055
2021-05-04,169,198,367,177,186,363,290,295,585,366,362,728,291,325,616,216,286,502,165,224,389,105,124,229,24,44,68,1,14,15,1804,2058,3862,3861,350,0.09065009065009065
2021-05-05,202,180,382,148,160,308,268,325,593,328,323,651,276,303,579,194,237,431,145,157,302,78,90,168,34,52,86,7,13,20,1680,1840,3520,3518,342,0.09721432632177374
2021-05-06,159,187,346,210,218,428,270,283,553,296,342,638,311,301,612,232,263,495,140,181,321,69,93,162,26,49,75,3,19,22,1716,1936,3652,3650,442,0.1210958904109589
2021-05-07,196,160,356,212,226,438,279,342,621,293,384,677,300,316,616,178,254,432,152,182,334,72,103,175,20,38,58,3,9,12,1705,2014,3719,3719,449,0.12073137940306534
2021-05-08,110,101,211,92,83,175,162,176,338,198,212,410,128,154,282,112,152,264,71,84,155,37,41,78,17,24,41,1,10,11,928,1037,1965,1965,330,0.16793893129770993
2021-05-09,137,115,252,93,109,202,133,167,300,175,189,364,164,178,342,98,137,235,85,93,178,52,61,113,25,23,48,4,2,6,966,1074,2040,2040,256,0.12549019607843137
2021-05-10,181,170,351,161,188,349,287,299,586,327,336,663,284,330,614,217,237,454,152,197,349,85,117,202,34,51,85,1,6,7,1729,1931,3660,3659,366,0.10002732987154961
2021-05-11,174,141,315,142,144,286,215,228,443,261,249,510,208,231,439,162,191,353,136,159,295,83,96,179,20,32,52,4,6,10,1405,1477,2882,2882,334,0.11589174184594032
2021-05-12,173,146,319,137,138,275,205,241,446,252,260,512,211,229,440,154,202,356,117,153,270,60,78,138,22,38,60,3,10,13,1334,1495,2829,2829,469,0.16578296217744787
2021-05-13,181,134,315,114,133,247,180,251,431,241,285,526,223,232,455,137,192,329,111,132,243,61,86,147,27,45,72,2,6,8,1277,1496,2773,2772,480,0.17316017316017315
2021-05-14,188,205,393,164,212,376,286,291,577,341,377,718,280,317,597,209,266,475,142,185,327,64,94,158,33,41,74,3,8,11,1710,1996,3706,3706,470,0.12682137075013492
2021-05-15,133,131,264,133,132,265,174,229,403,225,271,496,210,249,459,148,158,306,98,126,224,48,53,101,20,38,58,2,10,12,1191,1397,2588,2588,419,0.16190108191653788
2021-05-16,119,125,244,94,116,210,147,148,295,159,217,376,169,191,360,136,162,298,81,95,176,38,56,94,16,28,44,1,11,12,960,1149,2109,2109,291,0.1379800853485064
2021-05-17,262,261,523,228,225,453,319,365,684,403,461,864,326,421,747,273,316,589,178,230,408,115,148,263,42,69,111,4,15,19,2150,2511,4661,4660,545,0.11695278969957082
2021-05-18,241,232,473,226,227,453,348,349,697,402,428,830,368,387,755,254,277,531,159,218,377,104,106,210,35,52,87,4,9,13,2141,2285,4426,4426,493,0.1113872571170357
2021-05-19,237,211,448,223,238,461,353,399,752,426,445,871,371,379,750,247,296,543,188,222,410,84,109,193,33,48,81,6,17,23,2168,2364,4532,4532,370,0.08164165931156223
2021-05-20,264,249,513,263,279,542,430,425,855,465,448,913,354,425,779,259,310,569,186,204,390,83,120,203,32,43,75,1,19,20,2337,2522,4859,4858,381,0.0784273363524084
2021-05-21,166,167,333,200,197,397,311,402,713,368,441,809,320,378,698,239,277,516,135,204,339,89,79,168,28,66,94,3,16,19,1859,2227,4086,4086,587,0.14366128242780224
2021-05-22,99,95,194,103,118,221,179,196,375,214,231,445,176,195,371,148,151,299,74,90,164,37,51,88,12,42,54,1,10,11,1043,1179,2222,2222,484,0.21782178217821782
2021-05-23,110,90,200,79,108,187,145,159,304,189,184,373,155,144,299,109,144,253,69,101,170,36,44,80,12,45,57,9,14,23,913,1033,1946,1946,318,0.16341212744090441
2021-05-24,129,124,253,154,173,327,257,238,495,285,284,569,249,312,561,227,271,498,145,184,329,94,109,203,18,49,67,3,10,13,1561,1754,3315,3315,330,0.09954751131221719
2021-05-25,118,97,215,127,143,270,250,259,509,259,270,529,240,256,496,211,216,427,114,168,282,71,95,166,22,46,68,5,17,22,1417,1567,2984,2983,284,0.09520616828695944
2021-05-26,166,156,322,174,197,371,351,329,680,356,366,722,319,337,656,272,298,570,154,187,341,84,112,196,30,66,96,8,10,18,1914,2058,3972,3972,373,0.09390735146022156
2021-05-27,121,145,266,126,165,291,265,311,576,306,321,627,273,283,556,221,268,489,119,154,273,88,94,182,31,38,69,1,15,16,1551,1794,3345,3344,411,0.1229066985645933
2021-05-28,167,155,322,200,231,431,332,352,684,354,408,762,345,414,759,308,344,652,182,235,417,82,101,183,19,47,66,4,11,15,1993,2298,4291,4291,380,0.08855744581682591
2021-05-29,113,105,218,114,134,248,213,246,459,274,294,568,247,251,498,148,191,339,99,124,223,47,72,119,17,32,49,4,7,11,1276,1456,2732,2732,345,0.12628111273792095
2021-05-30,88,79,167,99,104,203,196,211,407,227,229,456,188,216,404,130,173,303,91,97,188,43,57,100,18,23,41,3,9,12,1083,1198,2281,2281,236,0.10346339324857519
2021-05-31,150,153,303,189,200,389,323,336,659,380,384,764,325,380,705,195,272,467,160,198,358,100,122,222,39,55,94,2,16,18,1863,2116,3979,3978,358,0.08999497234791352
2021-06-01,170,150,320,160,191,351,292,319,611,331,363,694,254,330,584,226,301,527,174,198,372,101,112,213,40,43,83,3,12,15,1751,2019,3770,3770,352,0.09336870026525199
2021-06-02,209,161,370,183,202,385,313,356,669,346,398,744,322,354,676,219,263,482,153,209,362,97,132,229,36,50,86,5,21,26,1883,2146,4029,4028,446,0.11072492552135055
2021-06-03,185,192,377,226,217,443,352,423,775,408,470,878,335,406,741,246,300,546,179,226,405,89,131,220,38,42,80,3,17,20,2061,2424,4485,4484,488,0.10883140053523639
2021-06-04,249,235,484,276,304,580,497,627,1124,555,680,1235,509,563,1072,362,507,869,239,304,543,128,163,291,34,72,106,2,14,16,2851,3469,6320,6320,571,0.09034810126582278
2021-06-05,166,145,311,168,184,352,287,379,666,338,420,758,321,352,673,230,278,508,126,163,289,71,103,174,25,36,61,5,18,23,1737,2078,3815,3815,532,0.13944954128440368
2021-06-06,167,180,347,175,176,351,277,330,607,326,408,734,321,367,688,233,286,519,122,156,278,59,81,140,21,33,54,0,16,16,1701,2033,3734,3734,359,0.09614354579539368
2021-06-07,222,248,470,240,288,528,441,542,983,522,601,1123,451,642,1093,370,500,870,247,308,555,160,210,370,43,122,165,9,37,46,2705,3498,6203,6203,623,0.10043527325487667
2021-06-08,277,243,520,223,274,497,406,524,930,541,597,1138,431,530,961,343,428,771,213,253,466,116,184,300,33,71,104,7,24,31,2590,3128,5718,5718,468,0.08184679958027283
2021-06-09,242,245,487,285,268,553,464,536,1000,554,649,1203,460,558,1018,358,446,804,225,279,504,134,137,271,50,72,122,5,20,25,2777,3210,5987,5984,530,0.08856951871657753
2021-06-10,235,252,487,265,322,587,469,636,1105,570,707,1277,469,625,1094,322,440,762,202,284,486,138,172,310,32,57,89,7,20,27,2709,3515,6224,6220,522,0.08392282958199357
2021-06-11,222,221,443,232,284,516,486,628,1114,551,743,1294,507,723,1230,348,454,802,235,292,527,122,176,298,42,84,126,7,23,30,2752,3628,6380,6380,737,0.11551724137931034
2021-06-12,184,163,347,209,216,425,313,408,721,406,476,882,367,440,807,245,330,575,153,201,354,86,110,196,29,42,71,5,10,15,1997,2396,4393,4393,421,0.09583428181197359
2021-06-13,194,190,384,202,177,379,246,330,576,355,448,803,358,429,787,235,318,553,144,180,324,65,83,148,26,39,65,6,12,18,1831,2206,4037,4037,369,0.09140450829824127
2021-06-14,275,245,520,301,301,602,472,601,1073,580,682,1262,475,657,1132,361,461,822,226,340,566,144,171,315,40,67,107,17,22,39,2891,3547,6438,6436,518,0.08048477315102548
2021-06-15,294,278,572,304,324,628,458,577,1035,601,692,1293,453,652,1105,338,466,804,234,269,503,115,144,259,48,60,108,5,19,24,2850,3481,6331,6331,488,0.07708102985310378
2021-06-16,295,273,568,281,291,572,475,601,1076,589,699,1288,481,639,1120,306,420,726,209,260,469,113,143,256,37,60,97,2,17,19,2788,3403,6191,6191,436,0.07042481020836698
2021-06-17,265,259,524,300,330,630,549,693,1242,624,812,1436,513,763,1276,308,491,799,235,280,515,138,167,305,36,62,98,3,18,21,2971,3875,6846,6846,500,0.07303534910896874
2021-06-18,252,235,487,308,311,619,510,650,1160,619,852,1471,534,737,1271,319,495,814,209,279,488,88,149,237,37,43,80,3,14,17,2879,3765,6644,6643,510,0.07677254252596719
2021-06-19,203,201,404,181,206,387,302,445,747,464,582,1046,350,460,810,223,292,515,175,181,356,94,100,194,34,68,102,4,20,24,2030,2555,4585,4585,606,0.1321701199563795
2021-06-20,190,160,350,137,132,269,184,304,488,287,379,666,261,338,599,182,231,413,106,140,246,77,78,155,15,36,51,2,10,12,1441,1808,3249,3249,337,0.10372422283779624
2021-06-21,235,210,445,206,219,425,261,399,660,398,479,877,403,454,857,257,317,574,147,176,323,100,109,209,32,32,64,4,6,10,2043,2401,4444,4442,474,0.10670868977937865
2021-06-22,323,294,617,330,296,626,449,622,1071,585,716,1301,555,683,1238,321,455,776,264,328,592,125,169,294,36,80,116,9,14,23,2997,3657,6654,6654,521,0.07829876765855125
2021-06-23,363,306,669,348,357,705,433,654,1087,617,815,1432,553,760,1313,291,463,754,238,277,515,116,185,301,39,87,126,5,32,37,3003,3936,6939,6938,516,0.07437301816085327
2021-06-24,319,300,619,324,362,686,454,646,1100,588,766,1354,481,645,1126,300,418,718,234,314,548,108,143,251,28,57,85,4,16,20,2840,3667,6507,6506,626,0.09621887488472179
2021-06-25,366,304,670,353,409,762,519,760,1279,664,974,1638,519,797,1316,391,509,900,260,373,633,135,192,327,47,80,127,9,17,26,3263,4415,7678,7678,762,0.09924459494660068
2021-06-26,182,174,356,180,201,381,271,344,615,375,467,842,310,409,719,217,251,468,165,205,370,91,127,218,31,52,83,5,16,21,1827,2246,4073,4073,432,0.1060643260495949
2021-06-27,208,187,395,150,201,351,239,318,557,308,378,686,298,373,671,165,236,401,137,149,286,85,87,172,23,43,66,2,11,13,1615,1983,3598,3598,415,0.11534185658699278
2021-06-28,259,223,482,157,180,337,242,350,592,382,469,851,288,387,675,212,231,443,154,156,310,90,112,202,37,47,84,3,14,17,1824,2169,3993,3992,528,0.13226452905811623
2021-06-29,262,306,568,287,316,603,435,603,1038,596,710,1306,427,568,995,314,389,703,225,239,464,130,147,277,34,91,125,6,36,42,2716,3405,6121,6121,619,0.1011272667864728
2021-06-30,347,347,694,385,403,788,501,695,1196,675,855,1530,512,677,1189,353,533,886,237,299,536,122,140,262,37,67,104,5,20,25,3174,4036,7210,7210,551,0.07642163661581138
2021-07-01,271,270,541,332,347,679,477,702,1179,591,810,1401,433,664,1097,319,447,766,206,274,480,113,136,249,39,65,104,5,16,21,2786,3731,6517,6515,614,0.09424405218726017
2021-07-02,385,314,699,424,457,881,521,733,1254,612,928,1540,450,785,1235,343,536,879,221,300,521,124,161,285,43,58,101,5,19,24,3128,4291,7419,7417,708,0.09545638398274235
2021-07-03,231,254,485,233,270,503,314,435,749,441,570,1011,367,513,880,262,289,551,178,209,387,85,110,195,27,52,79,7,18,25,2145,2720,4865,4865,568,0.11675231243576567
2021-07-04,249,275,524,208,219,427,235,361,596,356,493,849,294,411,705,248,326,574,131,164,295,62,99,161,22,45,67,4,11,15,1809,2404,4213,4213,509,0.12081652029432709
2021-07-05,413,380,793,341,373,714,507,673,1180,657,845,1502,496,718,1214,330,439,769,238,278,516,144,162,306,45,66,111,5,20,25,3176,3954,7130,7129,674,0.09454341422359377
2021-07-06,454,399,853,472,455,927,551,695,1246,653,879,1532,522,716,1238,321,478,799,230,285,515,123,177,300,41,79,120,4,33,37,3371,4196,7567,7567,671,0.08867450773093696
2021-07-07,402,359,761,426,453,879,578,723,1301,633,831,1464,557,675,1232,355,453,808,202,263,465,111,106,217,31,60,91,9,15,24,3304,3938,7242,7241,610,0.08424250794089214
2021-07-08,388,400,788,478,522,1000,713,889,1602,738,964,1702,616,892,1508,412,608,1020,234,371,605,139,180,319,58,53,111,5,20,25,3781,4899,8680,8680,845,0.09735023041474654
2021-07-09,274,297,571,347,355,702,400,534,934,481,648,1129,422,580,1002,260,345,605,166,197,363,90,100,190,32,53,85,4,12,16,2476,3121,5597,5597,684,0.12220832588886904
2021-07-10,262,260,522,301,303,604,351,428,779,385,528,913,350,476,826,238,326,564,165,207,372,90,117,207,31,53,84,2,14,16,2175,2712,4887,4887,589,0.12052383875588296
2021-07-11,318,277,595,225,223,448,300,372,672,359,523,882,371,528,899,256,320,576,168,186,354,79,99,178,12,27,39,6,7,13,2094,2562,4656,4656,537,0.11533505154639176
2021-07-12,460,454,914,464,484,948,613,789,1402,743,886,1629,659,836,1495,381,544,925,310,299,609,132,171,303,45,65,110,12,22,34,3819,4550,8369,8369,731,0.0873461584418688
2021-07-13,460,388,848,435,487,922,628,751,1379,652,846,1498,572,758,1330,382,535,917,239,298,537,127,166,293,39,60,99,8,25,33,3542,4314,7856,7854,791,0.10071301247771836
2021-07-14,469,421,890,590,585,1175,683,812,1495,642,924,1566,603,835,1438,374,540,914,279,294,573,129,140,269,32,57,89,4,11,15,3805,4619,8424,8422,660,0.07836618380432202
2021-07-15,371,324,695,598,593,1191,663,865,1528,739,945,1684,706,959,1665,434,550,984,264,313,577,118,173,291,30,63,93,8,20,28,3931,4805,8736,8734,676,0.07739867185711015
2021-07-16,311,282,593,516,488,1004,605,797,1402,630,873,1503,644,859,1503,364,504,868,205,297,502,114,143,257,35,54,89,3,20,23,3427,4317,7744,7744,519,0.06701962809917356
2021-07-17,162,164,326,264,303,567,306,446,752,371,518,889,354,463,817,243,286,529,137,155,292,74,81,155,16,24,40,4,10,14,1931,2450,4381,4377,295,0.0673977610235321
2021-07-18,86,73,159,142,181,323,198,290,488,263,365,628,240,313,553,171,217,388,80,78,158,34,47,81,8,12,20,1,1,2,1223,1577,2800,2799,78,0.027867095391211148
2021-07-19,6,11,17,7,4,11,15,15,30,14,17,31,13,13,26,9,7,16,3,7,10,5,4,9,0,2,2,0,0,0,72,80,152,151,0,0.0
