FECHA,<=10M,<=10F,<=10,11-20M,11-20F,11-20,21-30M,21-30F,21-30,31-40M,31-40F,31-40,41-50M,41-50F,41-50,51-60M,51-60F,51-60,61-70M,61-70F,61-70,71-80M,71-80F,71-80,81-90M,81-90F,81-90,>=91M,>=91F,>=91,TotalM,TotalF,Total
2020-03-15,1,0,1,1,2,3,0,2,2,2,1,3,1,1,2,1,0,1,1,1,2,1,0,1,0,0,0,0,0,0,8,7,15
2020-03-16,2,3,5,2,3,5,1,5,6,3,2,5,1,3,4,4,1,5,3,4,7,1,0,1,0,0,0,0,0,0,17,21,38
2020-03-17,3,7,10,3,5,8,3,6,9,4,5,9,3,7,10,4,3,7,5,6,11,3,3,6,1,0,1,0,0,0,29,42,71
2020-03-18,6,8,14,4,5,9,4,6,10,6,6,12,4,10,14,5,4,9,6,8,14,4,3,7,2,0,2,0,0,0,41,50,91
2020-03-19,9,9,18,4,5,9,7,8,15,9,9,18,6,11,17,5,4,9,7,9,16,5,4,9,2,0,2,1,0,1,55,59,114
2020-03-20,10,10,20,5,5,10,9,8,17,10,12,22,6,13,19,5,5,10,8,10,18,7,6,13,3,0,3,1,0,1,64,69,133
2020-03-21,11,10,21,7,6,13,11,12,23,14,14,28,8,14,22,6,5,11,10,12,22,8,7,15,4,0,4,2,0,2,81,80,161
2020-03-22,14,11,25,7,6,13,15,14,29,14,14,28,9,14,23,8,6,14,10,14,24,10,8,18,7,2,9,2,1,3,96,90,186
2020-03-23,18,12,30,8,8,16,17,16,33,18,16,34,11,17,28,10,9,19,12,16,28,15,11,26,10,5,15,2,3,5,121,113,234
2020-03-24,20,13,33,8,8,16,19,19,38,21,18,39,11,20,31,12,11,23,12,16,28,17,11,28,12,6,18,3,3,6,135,125,260
2020-03-25,21,17,38,8,10,18,21,21,42,23,25,48,12,21,33,13,14,27,15,17,32,19,13,32,14,11,25,5,3,8,151,152,303
2020-03-26,25,20,45,10,12,22,23,23,46,27,29,56,15,25,40,17,16,33,16,21,37,23,16,39,20,11,31,6,4,10,182,177,359
2020-03-27,28,23,51,10,14,24,24,25,49,33,30,63,17,31,48,19,19,38,20,26,46,29,22,51,23,14,37,8,9,17,211,213,424
2020-03-28,30,24,54,10,14,24,27,27,54,37,33,70,18,32,50,23,21,44,24,26,50,33,29,62,26,15,41,8,9,17,236,230,466
2020-03-29,32,24,56,12,15,27,29,30,59,40,36,76,21,35,56,24,21,45,29,30,59,37,31,68,30,16,46,10,10,20,264,248,512
2020-03-30,35,26,61,12,15,27,30,37,67,48,38,86,26,39,65,27,23,50,36,32,68,40,37,77,34,17,51,13,12,25,301,276,577
2020-03-31,44,30,74,13,16,29,37,40,77,60,43,103,33,43,76,32,24,56,42,35,77,47,40,87,35,20,55,17,12,29,360,303,663
2020-04-01,55,40,95,14,18,32,45,44,89,71,45,116,47,50,97,37,34,71,46,38,84,54,44,98,41,25,66,17,13,30,427,351,778
2020-04-02,65,49,114,16,22,38,50,51,101,79,51,130,50,58,108,40,49,89,55,44,99,62,50,112,46,32,78,20,16,36,483,422,905
2020-04-03,86,58,144,21,26,47,57,58,115,87,62,149,61,70,131,45,57,102,63,49,112,69,55,124,52,38,90,21,21,42,562,494,1056
2020-04-04,97,72,169,24,30,54,61,65,126,94,75,169,70,76,146,52,58,110,69,52,121,71,60,131,56,40,96,22,24,46,616,552,1168
2020-04-05,106,82,188,29,35,64,69,67,136,101,81,182,80,83,163,56,66,122,71,63,134,77,68,145,59,44,103,24,26,50,672,615,1287
2020-04-06,118,92,210,33,39,72,79,73,152,113,88,201,93,87,180,67,72,139,79,72,151,86,73,159,66,48,114,25,29,54,759,673,1432
2020-04-07,130,103,233,38,43,81,85,78,163,121,96,217,100,94,194,77,75,152,83,76,159,95,82,177,72,58,130,27,30,57,828,735,1563
2020-04-08,141,113,254,42,46,88,90,87,177,128,99,227,109,100,209,86,83,169,92,85,177,106,87,193,73,62,135,30,34,64,897,796,1693
2020-04-09,146,119,265,45,50,95,95,95,190,143,109,252,114,111,225,94,91,185,99,89,188,113,97,210,78,70,148,34,39,73,961,870,1831
2020-04-10,166,125,291,51,54,105,97,101,198,148,114,262,125,113,238,98,98,196,107,90,197,114,107,221,83,79,162,35,43,78,1024,924,1948
2020-04-11,176,132,308,56,59,115,104,107,211,158,118,276,132,117,249,102,104,206,111,95,206,121,110,231,87,87,174,36,46,82,1083,975,2058
2020-04-12,186,140,326,59,59,118,109,112,221,167,125,292,136,124,260,113,108,221,114,100,214,125,119,244,91,91,182,36,48,84,1136,1026,2162
2020-04-13,195,152,347,68,63,131,120,123,243,175,138,313,145,134,279,119,115,234,125,108,233,131,128,259,100,101,201,39,53,92,1217,1115,2332
2020-04-14,213,158,371,72,64,136,132,130,262,185,144,329,153,144,297,131,125,256,132,114,246,140,133,273,107,106,213,42,57,99,1307,1175,2482
2020-04-15,222,165,387,76,71,147,138,137,275,192,153,345,161,159,320,137,138,275,142,120,262,150,138,288,114,112,226,47,60,107,1379,1253,2632
2020-04-16,237,169,406,82,76,158,147,144,291,205,170,375,173,175,348,146,151,297,146,129,275,157,142,299,118,117,235,47,64,111,1458,1337,2795
2020-04-17,254,181,435,88,83,171,152,150,302,214,193,407,187,186,373,156,162,318,153,137,290,173,152,325,123,125,248,48,67,115,1548,1436,2984
2020-04-18,267,192,459,94,85,179,163,158,321,234,203,437,199,192,391,163,166,329,155,141,296,180,162,342,128,135,263,51,71,122,1634,1505,3139
2020-04-19,278,203,481,98,87,185,168,162,330,242,208,450,206,199,405,168,175,343,165,149,314,185,170,355,133,142,275,52,72,124,1695,1567,3262
2020-04-20,294,214,508,110,96,206,185,172,357,255,219,474,220,210,430,181,186,367,178,159,337,200,182,382,143,152,295,57,86,143,1823,1676,3499
2020-04-21,308,223,531,117,104,221,200,180,380,264,239,503,225,218,443,189,196,385,187,166,353,215,194,409,150,162,312,59,96,155,1914,1778,3692
2020-04-22,323,234,557,121,111,232,208,191,399,278,244,522,239,228,467,197,209,406,199,171,370,220,207,427,159,174,333,66,102,168,2010,1871,3881
2020-04-23,341,250,591,126,115,241,217,206,423,290,254,544,249,241,490,202,225,427,208,178,386,231,215,446,170,185,355,72,111,183,2106,1980,4086
2020-04-24,360,262,622,133,121,254,230,220,450,307,272,579,258,253,511,212,237,449,215,189,404,242,227,469,180,199,379,75,114,189,2212,2094,4306
2020-04-25,374,272,646,137,122,259,236,231,467,321,282,603,263,263,526,217,245,462,221,194,415,248,234,482,191,216,407,79,118,197,2287,2177,4464
2020-04-26,386,289,675,143,130,273,243,234,477,327,286,613,271,271,542,221,251,472,230,202,432,255,240,495,198,223,421,80,121,201,2354,2247,4601
2020-04-27,400,304,704,149,134,283,252,245,497,333,303,636,276,288,564,233,263,496,238,210,448,274,246,520,209,239,448,83,125,208,2447,2357,4804
2020-04-28,421,314,735,156,139,295,268,259,527,347,318,665,286,304,590,241,276,517,245,218,463,277,258,535,215,254,469,85,129,214,2541,2469,5010
2020-04-29,447,326,773,162,145,307,285,269,554,366,340,706,300,317,617,250,289,539,251,225,476,289,265,554,219,268,487,89,139,228,2658,2583,5241
2020-04-30,468,337,805,171,147,318,295,279,574,380,352,732,313,327,640,264,303,567,261,234,495,297,277,574,231,286,517,96,147,243,2776,2689,5465
2020-05-01,471,352,823,177,153,330,296,286,582,394,366,760,325,335,660,274,309,583,271,240,511,304,287,591,240,297,537,96,149,245,2848,2774,5622
2020-05-02,478,369,847,183,160,343,306,291,597,405,374,779,331,342,673,282,312,594,275,246,521,312,289,601,246,309,555,97,153,250,2915,2845,5760
2020-05-03,486,382,868,188,164,352,313,298,611,415,382,797,339,349,688,290,314,604,283,252,535,318,299,617,253,317,570,100,158,258,2985,2915,5900
2020-05-04,508,403,911,193,168,361,326,310,636,430,396,826,349,358,707,300,319,619,292,264,556,333,317,650,261,333,594,102,163,265,3094,3031,6125
2020-05-05,525,416,941,202,171,373,340,323,663,443,410,853,357,377,734,312,328,640,304,272,576,348,328,676,268,348,616,103,172,275,3202,3145,6347
2020-05-06,539,434,973,208,174,382,355,330,685,460,429,889,378,388,766,321,335,656,316,285,601,367,343,710,275,363,638,107,178,285,3326,3259,6585
2020-05-07,556,446,1002,218,180,398,370,341,711,473,445,918,398,401,799,327,344,671,325,294,619,385,351,736,284,377,661,108,185,293,3444,3364,6808
2020-05-08,575,459,1034,226,186,412,385,349,734,488,463,951,417,419,836,345,351,696,335,305,640,398,361,759,294,389,683,111,197,308,3574,3479,7053
2020-05-09,596,471,1067,230,188,418,392,364,756,496,476,972,427,432,859,352,357,709,342,312,654,411,364,775,299,401,700,116,206,322,3661,3571,7232
2020-05-10,605,480,1085,232,192,424,402,375,777,503,486,989,434,444,878,355,363,718,353,320,673,418,377,795,305,414,719,117,211,328,3724,3662,7386
2020-05-11,625,499,1124,239,197,436,414,392,806,518,502,1020,451,461,912,365,373,738,363,328,691,431,387,818,317,431,748,121,229,350,3844,3799,7643
2020-05-12,647,510,1157,248,207,455,445,418,863,545,517,1062,461,478,939,371,378,749,374,337,711,440,397,837,327,445,772,126,242,368,3984,3929,7913
2020-05-13,675,529,1204,257,217,474,469,436,905,565,540,1105,480,486,966,383,388,771,384,348,732,450,407,857,335,462,797,127,250,377,4125,4063,8188
2020-05-14,698,559,1257,269,236,505,483,463,946,591,567,1158,494,497,991,394,406,800,397,361,758,460,418,878,347,477,824,129,264,393,4262,4248,8510
2020-05-15,718,583,1301,278,242,520,490,481,971,613,589,1202,506,520,1026,410,413,823,408,369,777,468,424,892,356,498,854,134,274,408,4381,4393,8774
2020-05-16,733,601,1334,286,251,537,497,496,993,625,613,1238,517,533,1050,417,421,838,415,375,790,477,431,908,362,505,867,138,287,425,4467,4513,8980
2020-05-17,756,614,1370,290,260,550,510,510,1020,636,627,1263,527,546,1073,422,425,847,423,382,805,484,436,920,373,518,891,141,290,431,4562,4608,9170
2020-05-18,778,641,1419,301,276,577,542,537,1079,660,658,1318,544,569,1113,443,438,881,438,398,836,501,449,950,390,531,921,142,301,443,4739,4798,9537
2020-05-19,801,662,1463,317,293,610,573,566,1139,700,688,1388,573,591,1164,466,454,920,456,412,868,516,472,988,402,553,955,147,311,458,4951,5002,9953
2020-05-20,835,706,1541,334,310,644,604,595,1199,749,720,1469,601,612,1213,484,468,952,479,430,909,529,483,1012,414,569,983,153,316,469,5182,5209,10391
2020-05-21,874,742,1616,354,326,680,644,633,1277,781,762,1543,626,639,1265,503,483,986,495,436,931,544,493,1037,424,586,1010,154,320,474,5399,5420,10819
2020-05-22,913,760,1673,371,346,717,682,669,1351,813,793,1606,653,661,1314,518,496,1014,505,446,951,554,504,1058,432,603,1035,160,332,492,5601,5610,11211
2020-05-23,935,781,1716,389,364,753,711,696,1407,847,814,1661,669,680,1349,528,507,1035,519,455,974,562,518,1080,441,609,1050,162,334,496,5763,5758,11521
2020-05-24,952,803,1755,400,373,773,730,709,1439,863,833,1696,682,685,1367,538,512,1050,531,465,996,573,527,1100,447,623,1070,164,340,504,5880,5870,11750
2020-05-25,984,830,1814,421,403,824,756,746,1502,883,859,1742,704,698,1402,543,521,1064,541,474,1015,583,534,1117,457,637,1094,166,349,515,6038,6051,12089
2020-05-26,1029,868,1897,448,426,874,808,799,1607,935,908,1843,728,736,1464,559,547,1106,555,482,1037,598,540,1138,467,651,1118,170,360,530,6297,6317,12614
2020-05-27,1077,912,1989,460,444,904,835,838,1673,968,941,1909,754,753,1507,580,566,1146,566,491,1057,606,556,1162,471,666,1137,174,362,536,6491,6529,13020
2020-05-28,1107,956,2063,481,459,940,874,885,1759,1000,977,1977,784,784,1568,596,588,1184,575,506,1081,617,564,1181,485,685,1170,178,374,552,6697,6778,13475
2020-05-29,1152,992,2144,504,479,983,919,929,1848,1035,1030,2065,818,815,1633,613,609,1222,592,521,1113,635,579,1214,499,701,1200,179,378,557,6946,7033,13979
2020-05-30,1186,1019,2205,521,493,1014,961,958,1919,1072,1050,2122,838,838,1676,629,625,1254,602,531,1133,647,590,1237,507,714,1221,180,385,565,7143,7203,14346
2020-05-31,1214,1036,2250,537,506,1043,976,974,1950,1097,1064,2161,855,852,1707,636,637,1273,610,538,1148,658,595,1253,514,724,1238,180,393,573,7277,7319,14596
2020-06-01,1254,1069,2323,562,527,1089,1011,1027,2038,1128,1107,2235,877,883,1760,656,655,1311,635,555,1190,670,604,1274,523,735,1258,184,396,580,7500,7558,15058
2020-06-02,1299,1106,2405,583,551,1134,1054,1062,2116,1157,1136,2293,898,907,1805,671,675,1346,648,566,1214,696,618,1314,532,754,1286,188,409,597,7726,7784,15510
2020-06-03,1339,1131,2470,600,587,1187,1092,1094,2186,1190,1178,2368,926,938,1864,684,689,1373,667,581,1248,714,630,1344,543,770,1313,190,418,608,7945,8016,15961
2020-06-04,1379,1167,2546,621,615,1236,1132,1130,2262,1210,1215,2425,950,961,1911,714,709,1423,679,591,1270,736,643,1379,554,790,1344,192,427,619,8167,8248,16415
2020-06-05,1425,1209,2634,637,638,1275,1173,1168,2341,1247,1259,2506,986,995,1981,742,738,1480,698,606,1304,754,658,1412,567,813,1380,195,437,632,8424,8521,16945
2020-06-06,1461,1235,2696,654,651,1305,1195,1194,2389,1279,1293,2572,1004,1015,2019,756,751,1507,710,621,1331,767,666,1433,579,832,1411,196,447,643,8601,8705,17306
2020-06-07,1486,1259,2745,672,665,1337,1220,1219,2439,1301,1321,2622,1025,1024,2049,769,763,1532,719,626,1345,776,673,1449,590,843,1433,198,455,653,8756,8848,17604
2020-06-08,1521,1297,2818,696,690,1386,1268,1257,2525,1349,1370,2719,1064,1054,2118,789,790,1579,738,643,1381,796,688,1484,602,862,1464,201,464,665,9024,9115,18139
2020-06-09,1579,1335,2914,722,716,1438,1292,1304,2596,1391,1409,2800,1102,1084,2186,814,804,1618,750,655,1405,810,709,1519,614,891,1505,205,475,680,9279,9382,18661
2020-06-10,1607,1379,2986,738,737,1475,1343,1335,2678,1435,1458,2893,1142,1114,2256,841,830,1671,774,674,1448,832,737,1569,620,911,1531,211,490,701,9543,9665,19208
2020-06-11,1649,1425,3074,756,762,1518,1383,1377,2760,1486,1502,2988,1168,1151,2319,861,866,1727,787,699,1486,849,756,1605,628,940,1568,215,505,720,9782,9983,19765
2020-06-12,1699,1475,3174,773,793,1566,1446,1428,2874,1538,1571,3109,1213,1206,2419,889,894,1783,819,722,1541,867,773,1640,635,962,1597,221,515,736,10100,10339,20439
2020-06-13,1735,1504,3239,798,814,1612,1487,1477,2964,1578,1612,3190,1230,1245,2475,914,915,1829,833,732,1565,880,782,1662,644,980,1624,223,522,745,10322,10583,20905
2020-06-14,1758,1539,3297,819,839,1658,1519,1500,3019,1599,1638,3237,1252,1262,2514,931,939,1870,844,738,1582,885,798,1683,658,999,1657,223,530,753,10488,10782,21270
2020-06-15,1798,1576,3374,849,865,1714,1558,1537,3095,1631,1673,3304,1272,1287,2559,945,956,1901,860,744,1604,897,810,1707,665,1013,1678,225,540,765,10700,11001,21701
2020-06-16,1854,1639,3493,875,893,1768,1630,1595,3225,1688,1721,3409,1319,1319,2638,970,982,1952,876,759,1635,913,817,1730,679,1039,1718,228,554,782,11032,11318,22350
2020-06-17,1899,1690,3589,902,925,1827,1692,1648,3340,1740,1783,3523,1363,1356,2719,1002,1000,2002,896,776,1672,923,837,1760,698,1055,1753,230,563,793,11345,11633,22978
2020-06-18,1956,1739,3695,928,946,1874,1765,1715,3480,1803,1853,3656,1423,1387,2810,1044,1030,2074,916,800,1716,942,852,1794,712,1080,1792,233,574,807,11722,11976,23698
2020-06-19,2017,1778,3795,945,980,1925,1821,1777,3598,1883,1922,3805,1468,1439,2907,1092,1066,2158,946,820,1766,964,872,1836,730,1102,1832,240,587,827,12106,12343,24449
2020-06-20,2051,1818,3869,966,1005,1971,1864,1812,3676,1929,1963,3892,1497,1481,2978,1110,1094,2204,967,837,1804,976,882,1858,738,1119,1857,245,592,837,12343,12603,24946
2020-06-21,2087,1845,3932,986,1024,2010,1896,1855,3751,1955,2007,3962,1521,1496,3017,1128,1105,2233,978,848,1826,987,888,1875,745,1128,1873,246,599,845,12529,12795,25324
2020-06-22,2144,1891,4035,1016,1061,2077,1951,1919,3870,2019,2058,4077,1569,1546,3115,1158,1149,2307,999,872,1871,1007,905,1912,753,1154,1907,248,612,860,12864,13167,26031
2020-06-23,2199,1945,4144,1050,1096,2146,2012,1978,3990,2094,2117,4211,1618,1602,3220,1187,1194,2381,1024,895,1919,1021,920,1941,767,1172,1939,251,618,869,13223,13537,26760
2020-06-24,2250,1999,4249,1080,1126,2206,2077,2043,4120,2147,2188,4335,1669,1652,3321,1219,1239,2458,1042,918,1960,1033,936,1969,782,1190,1972,253,622,875,13552,13913,27465
2020-06-25,2306,2062,4368,1119,1171,2290,2136,2107,4243,2205,2241,4446,1719,1694,3413,1261,1279,2540,1057,935,1992,1046,956,2002,793,1204,1997,257,628,885,13899,14277,28176
2020-06-26,2361,2111,4472,1156,1201,2357,2209,2180,4389,2262,2305,4567,1768,1740,3508,1285,1320,2605,1084,960,2044,1059,972,2031,805,1227,2032,259,637,896,14248,14653,28901
2020-06-27,2428,2177,4605,1194,1248,2442,2252,2244,4496,2304,2356,4660,1804,1776,3580,1309,1341,2650,1106,970,2076,1064,987,2051,812,1234,2046,263,643,906,14536,14976,29512
2020-06-28,2474,2203,4677,1210,1270,2480,2278,2298,4576,2338,2401,4739,1830,1803,3633,1335,1360,2695,1118,978,2096,1073,998,2071,821,1248,2069,269,649,918,14746,15208,29954
2020-06-29,2526,2257,4783,1249,1319,2568,2338,2349,4687,2404,2458,4862,1867,1844,3711,1359,1400,2759,1144,991,2135,1088,1017,2105,835,1268,2103,271,658,929,15081,15561,30642
2020-06-30,2561,2307,4868,1270,1353,2623,2411,2405,4816,2447,2521,4968,1917,1885,3802,1395,1436,2831,1172,1004,2176,1107,1029,2136,841,1287,2128,273,668,941,15394,15895,31289
2020-07-01,2611,2350,4961,1291,1392,2683,2485,2466,4951,2503,2578,5081,1957,1931,3888,1428,1474,2902,1194,1026,2220,1122,1047,2169,850,1309,2159,276,675,951,15717,16248,31965
2020-07-02,2678,2411,5089,1324,1430,2754,2549,2540,5089,2560,2643,5203,2009,1980,3989,1461,1501,2962,1220,1047,2267,1138,1068,2206,863,1323,2186,281,682,963,16083,16625,32708
2020-07-03,2742,2456,5198,1361,1458,2819,2605,2597,5202,2631,2727,5358,2048,2026,4074,1495,1536,3031,1245,1063,2308,1154,1086,2240,877,1340,2217,284,686,970,16442,16975,33417
2020-07-04,2784,2497,5281,1387,1485,2872,2656,2657,5313,2671,2774,5445,2082,2060,4142,1523,1558,3081,1258,1076,2334,1167,1106,2273,884,1351,2235,287,693,980,16699,17257,33956
2020-07-05,2815,2536,5351,1414,1504,2918,2695,2702,5397,2711,2832,5543,2102,2096,4198,1544,1583,3127,1282,1099,2381,1185,1121,2306,895,1372,2267,291,701,992,16934,17546,34480
2020-07-06,2856,2573,5429,1439,1526,2965,2758,2769,5527,2780,2886,5666,2153,2162,4315,1584,1622,3206,1309,1129,2438,1208,1153,2361,906,1405,2311,294,715,1009,17287,17940,35227
2020-07-07,2919,2645,5564,1478,1569,3047,2831,2843,5674,2860,2959,5819,2197,2213,4410,1623,1664,3287,1332,1148,2480,1223,1167,2390,916,1430,2346,301,727,1028,17680,18365,36045
2020-07-08,2974,2686,5660,1513,1603,3116,2904,2913,5817,2926,3032,5958,2257,2283,4540,1657,1712,3369,1353,1169,2522,1242,1191,2433,928,1455,2383,305,744,1049,18059,18788,36847
2020-07-09,3014,2719,5733,1535,1624,3159,2950,2958,5908,2991,3079,6070,2304,2327,4631,1678,1733,3411,1366,1188,2554,1255,1217,2472,938,1478,2416,311,754,1065,18342,19077,37419
2020-07-10,3055,2750,5805,1563,1654,3217,3002,3017,6019,3036,3141,6177,2341,2363,4704,1704,1767,3471,1389,1209,2598,1274,1231,2505,949,1497,2446,312,766,1078,18625,19395,38020
2020-07-11,3091,2796,5887,1588,1673,3261,3037,3068,6105,3082,3189,6271,2381,2409,4790,1732,1799,3531,1411,1231,2642,1289,1262,2551,958,1521,2479,315,782,1097,18884,19730,38614
2020-07-12,3122,2817,5939,1604,1691,3295,3073,3102,6175,3123,3228,6351,2411,2437,4848,1744,1820,3564,1426,1247,2673,1300,1275,2575,965,1537,2502,319,789,1108,19087,19943,39030
2020-07-13,3171,2873,6044,1636,1728,3364,3137,3172,6309,3191,3293,6484,2473,2509,4982,1784,1882,3666,1470,1280,2750,1326,1317,2643,980,1590,2570,322,814,1136,19490,20458,39948
2020-07-14,3227,2916,6143,1671,1758,3429,3194,3232,6426,3290,3382,6672,2550,2565,5115,1834,1915,3749,1511,1312,2823,1355,1348,2703,1000,1611,2611,328,830,1158,19960,20869,40829
2020-07-15,3284,2974,6258,1730,1804,3534,3275,3352,6627,3397,3521,6918,2635,2653,5288,1878,1985,3863,1545,1343,2888,1377,1377,2754,1018,1634,2652,335,842,1177,20474,21485,41959
2020-07-16,3345,3015,6360,1771,1866,3637,3362,3458,6820,3498,3617,7115,2712,2759,5471,1921,2056,3977,1576,1374,2950,1396,1412,2808,1039,1674,2713,338,868,1206,20958,22099,43057
2020-07-17,3410,3077,6487,1812,1911,3723,3441,3564,7005,3589,3729,7318,2783,2875,5658,1978,2126,4104,1616,1420,3036,1415,1437,2852,1060,1695,2755,342,877,1219,21446,22711,44157
2020-07-18,3453,3126,6579,1848,1946,3794,3520,3649,7169,3673,3835,7508,2831,2949,5780,2021,2169,4190,1648,1455,3103,1438,1451,2889,1076,1719,2795,344,884,1228,21852,23183,45035
2020-07-19,3496,3173,6669,1876,1978,3854,3567,3711,7278,3730,3912,7642,2872,3002,5874,2058,2213,4271,1678,1475,3153,1456,1463,2919,1086,1741,2827,347,891,1238,22166,23559,45725
2020-07-20,3580,3234,6814,1934,2042,3976,3660,3816,7476,3820,4054,7874,2957,3112,6069,2109,2288,4397,1719,1530,3249,1485,1494,2979,1109,1764,2873,350,905,1255,22723,24239,46962
2020-07-21,3636,3287,6923,1982,2085,4067,3760,3911,7671,3941,4175,8116,3039,3197,6236,2170,2360,4530,1756,1572,3328,1517,1523,3040,1124,1797,2921,355,916,1271,23280,24823,48103
2020-07-22,3721,3344,7065,2032,2141,4173,3885,4039,7924,4059,4307,8366,3132,3292,6424,2232,2430,4662,1783,1610,3393,1550,1553,3103,1142,1841,2983,357,927,1284,23893,25484,49377
2020-07-23,3792,3406,7198,2073,2199,4272,3994,4165,8159,4170,4458,8628,3202,3388,6590,2288,2498,4786,1814,1645,3459,1571,1579,3150,1151,1866,3017,364,938,1302,24419,26142,50561
2020-07-24,3847,3467,7314,2120,2241,4361,4099,4279,8378,4275,4588,8863,3289,3481,6770,2348,2564,4912,1862,1671,3533,1595,1608,3203,1164,1900,3064,366,952,1318,24965,26751,51716
2020-07-25,3904,3511,7415,2157,2271,4428,4168,4368,8536,4364,4690,9054,3355,3550,6905,2388,2613,5001,1886,1708,3594,1615,1638,3253,1177,1923,3100,372,958,1330,25386,27230,52616
2020-07-26,3952,3554,7506,2179,2299,4478,4222,4424,8646,4414,4755,9169,3405,3602,7007,2420,2656,5076,1904,1726,3630,1632,1653,3285,1186,1948,3134,378,966,1344,25692,27583,53275
2020-07-27,3999,3603,7602,2224,2344,4568,4302,4536,8838,4526,4875,9401,3485,3703,7188,2489,2753,5242,1941,1777,3718,1654,1685,3339,1207,1973,3180,383,990,1373,26210,28239,54449
2020-07-28,4065,3666,7731,2270,2388,4658,4424,4688,9112,4644,5007,9651,3578,3809,7387,2570,2838,5408,1992,1825,3817,1681,1726,3407,1223,2011,3234,390,1011,1401,26837,28969,55806
2020-07-29,4135,3731,7866,2314,2437,4751,4550,4821,9371,4754,5143,9897,3687,3923,7610,2632,2905,5537,2033,1876,3909,1712,1752,3464,1245,2058,3303,401,1041,1442,27463,29687,57150
2020-07-30,4210,3787,7997,2370,2505,4875,4702,4956,9658,4882,5268,10150,3802,4013,7815,2697,2978,5675,2076,1920,3996,1735,1777,3512,1259,2084,3343,404,1050,1454,28137,30338,58475
2020-07-31,4269,3856,8125,2409,2547,4956,4811,5101,9912,5018,5424,10442,3897,4109,8006,2756,3053,5809,2120,1971,4091,1760,1808,3568,1272,2125,3397,411,1077,1488,28723,31071,59794
2020-08-01,4315,3895,8210,2439,2590,5029,4891,5206,10097,5103,5537,10640,3962,4192,8154,2811,3119,5930,2148,1990,4138,1785,1832,3617,1287,2157,3444,412,1098,1510,29153,31616,60769
2020-08-02,4366,3936,8302,2478,2624,5102,4958,5275,10233,5178,5613,10791,4015,4271,8286,2842,3167,6009,2166,2022,4188,1803,1858,3661,1304,2190,3494,416,1111,1527,29526,32067,61593
2020-08-03,4429,4010,8439,2524,2682,5206,5062,5395,10457,5286,5746,11032,4110,4394,8504,2899,3236,6135,2212,2061,4273,1820,1893,3713,1326,2240,3566,421,1139,1560,30089,32796,62885
2020-08-04,4505,4071,8576,2588,2749,5337,5197,5525,10722,5408,5887,11295,4202,4524,8726,2967,3315,6282,2261,2109,4370,1846,1933,3779,1350,2293,3643,427,1164,1591,30751,33570,64321
2020-08-05,4575,4143,8718,2652,2797,5449,5320,5674,10994,5533,6024,11557,4291,4643,8934,3054,3411,6465,2303,2157,4460,1875,1968,3843,1371,2326,3697,432,1177,1609,31406,34320,65726
2020-08-06,4648,4204,8852,2702,2859,5561,5439,5812,11251,5664,6181,11845,4397,4759,9156,3124,3493,6617,2348,2200,4548,1905,2004,3909,1393,2373,3766,439,1197,1636,32059,35082,67141
2020-08-07,4733,4274,9007,2754,2908,5662,5552,5960,11512,5798,6348,12146,4490,4895,9385,3191,3581,6772,2385,2254,4639,1938,2050,3988,1408,2422,3830,444,1214,1658,32693,35906,68599
2020-08-08,4785,4322,9107,2791,2952,5743,5620,6045,11665,5909,6478,12387,4561,4992,9553,3244,3644,6888,2428,2291,4719,1965,2082,4047,1423,2465,3888,445,1239,1684,33171,36510,69681
2020-08-09,4825,4360,9185,2823,2983,5806,5693,6139,11832,5989,6561,12550,4621,5090,9711,3291,3701,6992,2458,2319,4777,1995,2117,4112,1444,2526,3970,450,1265,1715,33589,37061,70650
2020-08-10,4911,4434,9345,2891,3055,5946,5837,6288,12125,6123,6717,12840,4734,5228,9962,3371,3805,7176,2504,2364,4868,2015,2152,4167,1464,2565,4029,458,1287,1745,34308,37895,72203
2020-08-11,4981,4498,9479,2958,3110,6068,5984,6439,12423,6290,6870,13160,4857,5373,10230,3453,3888,7341,2560,2426,4986,2060,2221,4281,1484,2634,4118,468,1326,1794,35095,38785,73880
2020-08-12,5046,4569,9615,3025,3184,6209,6112,6599,12711,6425,7077,13502,4977,5510,10487,3535,3985,7520,2608,2471,5079,2078,2254,4332,1496,2658,4154,474,1345,1819,35776,39652,75428
2020-08-13,5104,4631,9735,3093,3248,6341,6282,6787,13069,6590,7305,13895,5098,5665,10763,3616,4094,7710,2649,2525,5174,2114,2289,4403,1511,2688,4199,479,1361,1840,36536,40593,77129
2020-08-14,5155,4690,9845,3142,3309,6451,6456,6992,13448,6734,7501,14235,5234,5815,11049,3699,4195,7894,2700,2578,5278,2146,2328,4474,1529,2721,4250,481,1377,1858,37276,41506,78782
2020-08-15,5223,4735,9958,3200,3360,6560,6529,7122,13651,6843,7662,14505,5321,5932,11253,3751,4270,8021,2741,2624,5365,2173,2376,4549,1545,2784,4329,485,1404,1889,37811,42269,80080
2020-08-16,5265,4769,10034,3227,3392,6619,6621,7219,13840,6924,7762,14686,5368,6008,11376,3792,4325,8117,2756,2657,5413,2192,2400,4592,1561,2822,4383,487,1430,1917,38193,42784,80977
2020-08-17,5316,4800,10116,3268,3437,6705,6725,7339,14064,7046,7894,14940,5468,6117,11585,3863,4416,8279,2786,2711,5497,2216,2423,4639,1573,2863,4436,487,1449,1936,38748,43449,82197
2020-08-18,5388,4861,10249,3332,3496,6828,6859,7482,14341,7196,8068,15264,5593,6247,11840,3932,4535,8467,2833,2768,5601,2246,2468,4714,1589,2903,4492,488,1474,1962,39456,44302,83758
2020-08-19,5454,4917,10371,3399,3566,6965,6976,7648,14624,7322,8218,15540,5696,6375,12071,4007,4617,8624,2869,2812,5681,2274,2519,4793,1607,2953,4560,494,1502,1996,40098,45127,85225
2020-08-20,5508,4973,10481,3451,3617,7068,7108,7802,14910,7429,8386,15815,5786,6472,12258,4082,4690,8772,2908,2872,5780,2302,2556,4858,1633,2992,4625,497,1525,2022,40704,45885,86589
2020-08-21,5563,5036,10599,3509,3674,7183,7224,7949,15173,7560,8559,16119,5907,6594,12501,4152,4787,8939,2954,2931,5885,2338,2609,4947,1653,3044,4697,503,1542,2045,41363,46725,88088
2020-08-22,5604,5073,10677,3555,3715,7270,7311,8053,15364,7641,8695,16336,5992,6685,12677,4207,4836,9043,2992,2980,5972,2358,2650,5008,1669,3073,4742,509,1564,2073,41838,47324,89162
2020-08-23,5649,5121,10770,3593,3745,7338,7375,8148,15523,7708,8793,16501,6059,6761,12820,4248,4899,9147,3024,3013,6037,2377,2677,5054,1684,3094,4778,514,1570,2084,42231,47821,90052
2020-08-24,5727,5204,10931,3655,3812,7467,7491,8298,15789,7868,8966,16834,6163,6892,13055,4325,4990,9315,3074,3078,6152,2407,2722,5129,1704,3129,4833,520,1589,2109,42934,48680,91614
2020-08-25,5793,5273,11066,3707,3876,7583,7616,8481,16097,8015,9153,17168,6286,7029,13315,4387,5086,9473,3124,3135,6259,2441,2748,5189,1725,3169,4894,526,1607,2133,43620,49557,93177
2020-08-26,5861,5322,11183,3765,3953,7718,7774,8646,16420,8161,9325,17486,6370,7167,13537,4462,5177,9639,3173,3198,6371,2479,2797,5276,1747,3217,4964,530,1629,2159,44322,50431,94753
2020-08-27,5934,5386,11320,3842,4040,7882,7929,8807,16736,8290,9494,17784,6483,7312,13795,4537,5270,9807,3211,3254,6465,2514,2831,5345,1771,3264,5035,533,1657,2190,45044,51315,96359
2020-08-28,5992,5443,11435,3913,4107,8020,8118,9012,17130,8431,9673,18104,6604,7506,14110,4615,5390,10005,3264,3317,6581,2559,2878,5437,1793,3311,5104,538,1677,2215,45827,52314,98141
2020-08-29,6036,5477,11513,3954,4168,8122,8234,9155,17389,8541,9840,18381,6719,7618,14337,4674,5473,10147,3311,3354,6665,2593,2915,5508,1807,3360,5167,543,1706,2249,46412,53066,99478
2020-08-30,6070,5535,11605,4001,4218,8219,8316,9263,17579,8634,9928,18562,6791,7709,14500,4727,5527,10254,3344,3388,6732,2611,2942,5553,1815,3379,5194,547,1715,2262,46856,53604,100460
2020-08-31,6134,5581,11715,4065,4277,8342,8452,9403,17855,8780,10088,18868,6890,7846,14736,4802,5619,10421,3388,3447,6835,2651,2988,5639,1838,3422,5260,549,1727,2276,47549,54398,101947
2020-09-01,6199,5647,11846,4115,4357,8472,8609,9570,18179,8945,10279,19224,7011,7974,14985,4883,5730,10613,3428,3491,6919,2676,3021,5697,1855,3471,5326,556,1749,2305,48277,55289,103566
2020-09-02,6256,5690,11946,4155,4411,8566,8726,9725,18451,9076,10453,19529,7112,8085,15197,4960,5819,10779,3467,3546,7013,2717,3059,5776,1872,3514,5386,562,1782,2344,48903,56084,104987
2020-09-03,6329,5749,12078,4223,4477,8700,8866,9914,18780,9258,10647,19905,7240,8218,15458,5042,5921,10963,3512,3607,7119,2752,3105,5857,1894,3560,5454,566,1799,2365,49682,56997,106679
2020-09-04,6395,5817,12212,4282,4542,8824,9008,10094,19102,9420,10854,20274,7365,8385,15750,5122,6031,11153,3577,3672,7249,2791,3149,5940,1918,3598,5516,571,1817,2388,50449,57959,108408
2020-09-05,6439,5859,12298,4316,4584,8900,9132,10227,19359,9527,10995,20522,7445,8521,15966,5181,6111,11292,3626,3727,7353,2818,3177,5995,1936,3623,5559,575,1826,2401,50995,58650,109645
2020-09-06,6478,5899,12377,4356,4631,8987,9204,10341,19545,9600,11094,20694,7502,8599,16101,5224,6178,11402,3654,3759,7413,2830,3217,6047,1950,3646,5596,576,1834,2410,51374,59198,110572
2020-09-07,6541,5956,12497,4426,4700,9126,9348,10510,19858,9759,11288,21047,7640,8752,16392,5302,6298,11600,3721,3820,7541,2869,3257,6126,1969,3693,5662,582,1852,2434,52157,60126,112283
2020-09-08,6596,6019,12615,4485,4770,9255,9475,10681,20156,9933,11474,21407,7767,8892,16659,5393,6400,11793,3775,3899,7674,2911,3306,6217,1994,3730,5724,589,1874,2463,52918,61045,113963
2020-09-09,6658,6082,12740,4554,4846,9400,9632,10858,20490,10094,11662,21756,7889,9033,16922,5487,6505,11992,3833,3967,7800,2942,3344,6286,2012,3774,5786,590,1894,2484,53691,61965,115656
2020-09-10,6714,6121,12835,4626,4906,9532,9817,11047,20864,10267,11891,22158,8028,9198,17226,5588,6603,12191,3887,4037,7924,2984,3400,6384,2025,3831,5856,595,1926,2521,54531,62960,117491
2020-09-11,6772,6174,12946,4707,4984,9691,9966,11198,21164,10414,12103,22517,8146,9348,17494,5668,6718,12386,3948,4096,8044,3028,3438,6466,2047,3868,5915,597,1936,2533,55293,63863,119156
2020-09-12,6823,6207,13030,4753,5024,9777,10046,11311,21357,10517,12220,22737,8209,9446,17655,5719,6799,12518,3999,4141,8140,3056,3471,6527,2060,3911,5971,600,1952,2552,55782,64482,120264
2020-09-13,6878,6248,13126,4793,5064,9857,10124,11422,21546,10599,12343,22942,8266,9531,17797,5774,6862,12636,4051,4181,8232,3079,3486,6565,2063,3930,5993,605,1961,2566,56232,65028,121260
2020-09-14,6947,6308,13255,4850,5133,9983,10275,11604,21879,10749,12526,23275,8378,9673,18051,5866,6976,12842,4121,4259,8380,3118,3524,6642,2091,3961,6052,605,1980,2585,57000,65944,122944
2020-09-15,7020,6348,13368,4904,5193,10097,10409,11736,22145,10892,12715,23607,8486,9805,18291,5930,7064,12994,4184,4332,8516,3159,3577,6736,2109,4022,6131,609,2006,2615,57702,66798,124500
2020-09-16,7098,6418,13516,4986,5280,10266,10575,11938,22513,11043,12912,23955,8604,9951,18555,6011,7164,13175,4246,4401,8647,3192,3615,6807,2128,4069,6197,613,2021,2634,58496,67769,126265
2020-09-17,7163,6478,13641,5036,5365,10401,10728,12096,22824,11180,13084,24264,8739,10121,18860,6093,7279,13372,4315,4469,8784,3233,3660,6893,2151,4108,6259,617,2038,2655,59255,68698,127953
2020-09-18,7239,6545,13784,5088,5460,10548,10887,12266,23153,11350,13285,24635,8860,10264,19124,6183,7384,13567,4367,4540,8907,3280,3707,6987,2167,4143,6310,622,2058,2680,60043,69652,129695
2020-09-19,7274,6594,13868,5139,5514,10653,10984,12366,23350,11451,13407,24858,8927,10341,19268,6237,7438,13675,4416,4582,8998,3307,3734,7041,2186,4167,6353,626,2069,2695,60547,70212,130759
2020-09-20,7313,6641,13954,5191,5566,10757,11059,12445,23504,11540,13493,25033,8983,10422,19405,6278,7506,13784,4441,4620,9061,3329,3760,7089,2192,4191,6383,629,2080,2709,60955,70724,131679
2020-09-21,7385,6696,14081,5257,5647,10904,11186,12576,23762,11696,13670,25366,9085,10554,19639,6355,7583,13938,4497,4698,9195,3367,3799,7166,2207,4211,6418,631,2091,2722,61666,71525,133191
2020-09-22,7461,6766,14227,5341,5734,11075,11322,12772,24094,11854,13841,25695,9208,10680,19888,6452,7693,14145,4572,4758,9330,3417,3843,7260,2226,4255,6481,636,2110,2746,62489,72452,134941
2020-09-23,7533,6832,14365,5400,5802,11202,11439,12951,24390,11979,14012,25991,9325,10796,20121,6525,7789,14314,4632,4819,9451,3448,3892,7340,2242,4286,6528,639,2122,2761,63162,73301,136463
2020-09-24,7611,6892,14503,5474,5881,11355,11590,13107,24697,12125,14185,26310,9432,10926,20358,6595,7868,14463,4683,4911,9594,3486,3948,7434,2271,4334,6605,652,2153,2805,63919,74205,138124
2020-09-25,7680,6948,14628,5537,5950,11487,11714,13268,24982,12268,14332,26600,9548,11058,20606,6671,7970,14641,4757,4975,9732,3520,3985,7505,2291,4365,6656,653,2166,2819,64639,75017,139656
2020-09-26,7717,6985,14702,5592,5993,11585,11791,13349,25140,12367,14430,26797,9626,11134,20760,6725,8041,14766,4793,5008,9801,3545,4003,7548,2304,4383,6687,656,2173,2829,65116,75499,140615
2020-09-27,7762,7030,14792,5626,6047,11673,11865,13449,25314,12452,14532,26984,9709,11216,20925,6770,8093,14863,4823,5043,9866,3558,4027,7585,2315,4401,6716,658,2186,2844,65538,76024,141562
2020-09-28,7834,7099,14933,5691,6091,11782,11977,13579,25556,12610,14660,27270,9840,11317,21157,6871,8193,15064,4886,5087,9973,3595,4067,7662,2333,4435,6768,662,2204,2866,66299,76732,143031
2020-09-29,7918,7170,15088,5772,6179,11951,12140,13737,25877,12774,14838,27612,9969,11445,21414,6954,8268,15222,4952,5157,10109,3633,4128,7761,2360,4485,6845,664,2226,2890,67136,77633,144769
2020-09-30,7990,7240,15230,5835,6257,12092,12287,13939,26226,12900,15007,27907,10080,11551,21631,7051,8363,15414,5017,5229,10246,3670,4174,7844,2378,4531,6909,667,2239,2906,67875,78530,146405
2020-10-01,8066,7331,15397,5911,6351,12262,12442,14133,26575,13059,15189,28248,10190,11681,21871,7136,8457,15593,5079,5297,10376,3708,4233,7941,2395,4561,6956,670,2249,2919,68656,79482,148138
2020-10-02,8163,7397,15560,5980,6432,12412,12561,14302,26863,13198,15357,28555,10299,11815,22114,7219,8555,15774,5142,5364,10506,3751,4291,8042,2408,4601,7009,676,2267,2943,69397,80381,149778
2020-10-03,8205,7440,15645,6026,6502,12528,12657,14402,27059,13301,15465,28766,10379,11916,22295,7283,8608,15891,5185,5408,10593,3777,4318,8095,2422,4630,7052,680,2274,2954,69915,80963,150878
2020-10-04,8255,7489,15744,6068,6546,12614,12738,14515,27253,13373,15542,28915,10441,11992,22433,7326,8667,15993,5221,5440,10661,3797,4341,8138,2440,4657,7097,682,2280,2962,70341,81469,151810
2020-10-05,8306,7543,15849,6128,6605,12733,12881,14660,27541,13544,15707,29251,10574,12132,22706,7407,8772,16179,5310,5507,10817,3840,4407,8247,2464,4689,7153,685,2288,2973,71139,82310,153449
2020-10-06,8376,7621,15997,6203,6682,12885,13024,14817,27841,13704,15888,29592,10710,12255,22965,7498,8871,16369,5366,5577,10943,3879,4470,8349,2490,4729,7219,693,2300,2993,71943,83210,155153
2020-10-07,8460,7678,16138,6260,6747,13007,13184,15009,28193,13865,16073,29938,10836,12381,23217,7590,8988,16578,5440,5648,11088,3919,4516,8435,2510,4763,7273,699,2310,3009,72763,84113,156876
2020-10-08,8538,7737,16275,6321,6820,13141,13314,15179,28493,13999,16238,30237,10968,12514,23482,7676,9080,16756,5502,5719,11221,3960,4563,8523,2522,4805,7327,703,2329,3032,73503,84984,158487
2020-10-09,8599,7818,16417,6401,6901,13302,13440,15364,28804,14156,16427,30583,11079,12663,23742,7766,9191,16957,5559,5790,11349,3997,4609,8606,2534,4836,7370,708,2352,3060,74239,85951,160190
2020-10-10,8635,7869,16504,6453,6956,13409,13553,15481,29034,14255,16536,30791,11167,12762,23929,7826,9273,17099,5598,5838,11436,4019,4642,8661,2550,4862,7412,714,2362,3076,74770,86581,161351
2020-10-11,8685,7921,16606,6489,7010,13499,13614,15575,29189,14346,16658,31004,11237,12830,24067,7881,9331,17212,5646,5877,11523,4041,4674,8715,2565,4884,7449,715,2368,3083,75219,87128,162347
2020-10-12,8735,7964,16699,6546,7065,13611,13706,15683,29389,14448,16767,31215,11326,12942,24268,7954,9418,17372,5704,5936,11640,4070,4713,8783,2586,4917,7503,717,2385,3102,75792,87790,163582
2020-10-13,8810,8038,16848,6613,7120,13733,13852,15857,29709,14587,16956,31543,11432,13088,24520,8051,9523,17574,5786,6010,11796,4114,4778,8892,2615,4969,7584,726,2405,3131,76586,88744,165330
2020-10-14,8874,8107,16981,6672,7200,13872,13993,16020,30013,14728,17122,31850,11540,13207,24747,8123,9625,17748,5855,6073,11928,4159,4837,8996,2636,5002,7638,727,2418,3145,77307,89611,166918
2020-10-15,8944,8169,17113,6743,7282,14025,14144,16187,30331,14893,17310,32203,11688,13368,25056,8229,9722,17951,5930,6159,12089,4200,4882,9082,2656,5041,7697,734,2430,3164,78161,90550,168711
2020-10-16,9032,8231,17263,6834,7381,14215,14327,16410,30737,15060,17477,32537,11841,13531,25372,8333,9836,18169,5999,6230,12229,4246,4947,9193,2683,5090,7773,737,2460,3197,79092,91593,170685
2020-10-17,9080,8283,17363,6892,7440,14332,14433,16527,30960,15167,17624,32791,11932,13637,25569,8393,9905,18298,6052,6292,12344,4294,4976,9270,2697,5117,7814,740,2469,3209,79680,92270,171950
2020-10-18,9120,8320,17440,6934,7481,14415,14482,16605,31087,15247,17724,32971,11981,13699,25680,8448,9944,18392,6079,6318,12397,4315,5006,9321,2705,5139,7844,742,2475,3217,80053,92711,172764
2020-10-19,9226,8403,17629,7019,7576,14595,14635,16802,31437,15435,17946,33381,12132,13896,26028,8566,10075,18641,6168,6401,12569,4369,5075,9444,2729,5186,7915,745,2489,3234,81024,93849,174873
2020-10-20,9311,8486,17797,7111,7655,14766,14807,17007,31814,15602,18149,33751,12291,14077,26368,8666,10191,18857,6249,6475,12724,4407,5130,9537,2764,5230,7994,745,2504,3249,81953,94904,176857
2020-10-21,9374,8550,17924,7217,7745,14962,14943,17191,32134,15749,18307,34056,12402,14211,26613,8763,10277,19040,6325,6545,12870,4443,5171,9614,2785,5267,8052,748,2514,3262,82749,95778,178527
2020-10-22,9435,8606,18041,7307,7846,15153,15063,17338,32401,15874,18457,34331,12528,14349,26877,8848,10380,19228,6371,6622,12993,4477,5216,9693,2808,5308,8116,752,2531,3283,83463,96653,180116
2020-10-23,9498,8654,18152,7364,7903,15267,15170,17460,32630,15969,18561,34530,12619,14483,27102,8915,10449,19364,6429,6698,13127,4523,5259,9782,2824,5336,8160,758,2549,3307,84069,97352,181421
2020-10-24,9533,8690,18223,7393,7943,15336,15247,17520,32767,16043,18654,34697,12683,14561,27244,8959,10512,19471,6457,6737,13194,4549,5286,9835,2832,5363,8195,759,2558,3317,84455,97824,182279
2020-10-25,9584,8729,18313,7430,7989,15419,15319,17620,32939,16118,18775,34893,12746,14632,27378,9019,10585,19604,6489,6782,13271,4576,5313,9889,2842,5382,8224,760,2565,3325,84883,98372,183255
2020-10-26,9658,8793,18451,7515,8065,15580,15451,17759,33210,16250,18933,35183,12832,14756,27588,9112,10708,19820,6566,6852,13418,4627,5376,10003,2860,5420,8280,761,2578,3339,85632,99240,184872
2020-10-27,9716,8857,18573,7585,8134,15719,15594,17936,33530,16387,19094,35481,12953,14874,27827,9200,10829,20029,6646,6955,13601,4670,5437,10107,2875,5457,8332,764,2585,3349,86390,100158,186548
2020-10-28,9781,8919,18700,7636,8207,15843,15718,18097,33815,16539,19285,35824,13041,15000,28041,9290,10929,20219,6713,7019,13732,4703,5475,10178,2886,5491,8377,766,2600,3366,87073,101022,188095
2020-10-29,9837,8966,18803,7697,8286,15983,15868,18249,34117,16697,19436,36133,13138,15145,28283,9370,11017,20387,6767,7082,13849,4736,5515,10251,2898,5518,8416,767,2607,3374,87775,101821,189596
2020-10-30,9894,9005,18899,7746,8355,16101,15961,18390,34351,16824,19583,36407,13226,15264,28490,9433,11112,20545,6828,7161,13989,4763,5553,10316,2920,5548,8468,771,2621,3392,88366,102592,190958
2020-10-31,9937,9036,18973,7776,8394,16170,16041,18471,34512,16901,19697,36598,13294,15329,28623,9480,11172,20652,6870,7207,14077,4790,5586,10376,2929,5570,8499,774,2629,3403,88792,103091,191883
2020-11-01,9997,9085,19082,7829,8458,16287,16125,18578,34703,16983,19805,36788,13376,15418,28794,9546,11241,20787,6906,7274,14180,4822,5612,10434,2938,5598,8536,778,2636,3414,89300,103705,193005
2020-11-02,10053,9150,19203,7892,8536,16428,16249,18731,34980,17128,19949,37077,13485,15530,29015,9622,11320,20942,6978,7349,14327,4865,5657,10522,2958,5621,8579,779,2644,3423,90009,104487,194496
2020-11-03,10099,9197,19296,7934,8597,16531,16353,18863,35216,17239,20074,37313,13568,15605,29173,9684,11383,21067,7027,7402,14429,4909,5699,10608,2977,5658,8635,781,2657,3438,90571,105135,195706
2020-11-04,10155,9250,19405,7997,8673,16670,16523,19016,35539,17366,20241,37607,13703,15739,29442,9762,11479,21241,7099,7473,14572,4953,5743,10696,2992,5688,8680,787,2664,3451,91337,105966,197303
2020-11-05,10236,9321,19557,8084,8769,16853,16700,19186,35886,17544,20440,37984,13859,15879,29738,9871,11596,21467,7164,7560,14724,4991,5786,10777,3010,5715,8725,790,2675,3465,92249,106927,199176
2020-11-06,10286,9373,19659,8134,8827,16961,16798,19301,36099,17631,20553,38184,13929,15954,29883,9937,11676,21613,7212,7607,14819,5028,5840,10868,3026,5747,8773,793,2682,3475,92774,107560,200334
2020-11-07,10330,9418,19748,8175,8875,17050,16864,19393,36257,17697,20658,38355,13997,16041,30038,9994,11757,21751,7268,7668,14936,5059,5875,10934,3045,5766,8811,797,2686,3483,93226,108137,201363
2020-11-08,10385,9483,19868,8220,8939,17159,16954,19488,36442,17789,20779,38568,14075,16137,30212,10055,11817,21872,7319,7734,15053,5083,5904,10987,3052,5787,8839,802,2690,3492,93734,108758,202492
2020-11-09,10466,9558,20024,8297,9007,17304,17068,19635,36703,17928,20953,38881,14199,16267,30466,10158,11919,22077,7388,7814,15202,5113,5950,11063,3075,5827,8902,806,2699,3505,94498,109629,204127
2020-11-10,10517,9607,20124,8349,9080,17429,17171,19740,36911,18070,21091,39161,14295,16365,30660,10232,12000,22232,7455,7868,15323,5151,5987,11138,3093,5861,8954,810,2707,3517,95143,110306,205449
2020-11-11,10593,9664,20257,8405,9156,17561,17309,19893,37202,18212,21232,39444,14421,16484,30905,10326,12103,22429,7511,7927,15438,5192,6027,11219,3114,5892,9006,815,2720,3535,95898,111098,206996
2020-11-12,10657,9726,20383,8465,9234,17699,17445,20065,37510,18394,21396,39790,14540,16613,31153,10425,12197,22622,7579,8014,15593,5238,6082,11320,3136,5922,9058,816,2733,3549,96695,111982,208677
2020-11-13,10719,9768,20487,8533,9304,17837,17575,20223,37798,18523,21530,40053,14645,16729,31374,10512,12285,22797,7662,8087,15749,5290,6131,11421,3157,5954,9111,820,2743,3563,97436,112754,210190
2020-11-14,10786,9828,20614,8581,9340,17921,17647,20327,37974,18614,21641,40255,14707,16818,31525,10574,12353,22927,7716,8133,15849,5319,6176,11495,3170,5976,9146,824,2747,3571,97938,113339,211277
2020-11-15,10851,9897,20748,8644,9383,18027,17729,20441,38170,18724,21749,40473,14793,16909,31702,10635,12425,23060,7772,8198,15970,5357,6218,11575,3181,6002,9183,824,2760,3584,98510,113982,212492
2020-11-16,10920,9963,20883,8736,9448,18184,17831,20555,38386,18836,21894,40730,14906,17012,31918,10699,12503,23202,7832,8259,16091,5401,6268,11669,3203,6031,9234,828,2776,3604,99192,114709,213901
2020-11-17,10997,10042,21039,8817,9518,18335,17975,20707,38682,19008,22067,41075,15038,17157,32195,10790,12609,23399,7915,8361,16276,5438,6327,11765,3215,6067,9282,830,2789,3619,100023,115644,215667
2020-11-18,11067,10105,21172,8918,9611,18529,18129,20871,39000,19170,22257,41427,15150,17283,32433,10865,12698,23563,7980,8429,16409,5489,6377,11866,3230,6118,9348,832,2796,3628,100830,116545,217375
2020-11-19,11140,10168,21308,9004,9689,18693,18283,21052,39335,19294,22429,41723,15257,17414,32671,10956,12812,23768,8040,8502,16542,5538,6423,11961,3252,6149,9401,835,2804,3639,101599,117442,219041
2020-11-20,11212,10226,21438,9065,9764,18829,18414,21210,39624,19415,22584,41999,15363,17547,32910,11035,12907,23942,8096,8558,16654,5574,6464,12038,3277,6183,9460,840,2814,3654,102291,118257,220548
2020-11-21,11274,10278,21552,9105,9823,18928,18510,21316,39826,19531,22692,42223,15445,17631,33076,11101,12975,24076,8145,8613,16758,5604,6485,12089,3287,6202,9489,843,2823,3666,102845,118838,221683
2020-11-22,11324,10319,21643,9148,9869,19017,18599,21393,39992,19603,22790,42393,15516,17700,33216,11149,13028,24177,8186,8662,16848,5631,6506,12137,3299,6224,9523,845,2831,3676,103300,119322,222622
2020-11-23,11386,10376,21762,9200,9931,19131,18701,21501,40202,19725,22878,42603,15608,17790,33398,11200,13095,24295,8232,8720,16952,5664,6545,12209,3316,6252,9568,849,2840,3689,103881,119928,223809
2020-11-24,11453,10453,21906,9281,10008,19289,18821,21641,40462,19878,23024,42902,15724,17915,33639,11293,13192,24485,8292,8805,17097,5714,6598,12312,3340,6281,9621,851,2848,3699,104647,120765,225412
2020-11-25,11530,10518,22048,9360,10091,19451,18966,21792,40758,20025,23172,43197,15851,18031,33882,11369,13261,24630,8363,8872,17235,5741,6661,12402,3362,6314,9676,855,2856,3711,105422,121568,226990
2020-11-26,11608,10586,22194,9442,10174,19616,19100,21958,41058,20165,23341,43506,15958,18142,34100,11453,13349,24802,8431,8938,17369,5773,6714,12487,3379,6342,9721,864,2866,3730,106173,122410,228583
2020-11-27,11662,10638,22300,9503,10226,19729,19215,22107,41322,20265,23465,43730,16044,18203,34247,11529,13417,24946,8481,8996,17477,5802,6751,12553,3395,6377,9772,867,2870,3737,106763,123050,229813
2020-11-28,11730,10682,22412,9554,10264,19818,19314,22214,41528,20344,23575,43919,16109,18288,34397,11597,13486,25083,8515,9031,17546,5830,6790,12620,3410,6404,9814,870,2875,3745,107273,123609,230882
2020-11-29,11789,10732,22521,9600,10317,19917,19418,22331,41749,20430,23700,44130,16201,18387,34588,11656,13553,25209,8570,9098,17668,5863,6826,12689,3424,6419,9843,871,2879,3750,107822,124242,232064
2020-11-30,11876,10812,22688,9693,10397,20090,19585,22512,42097,20603,23865,44468,16348,18528,34876,11737,13644,25381,8658,9197,17855,5922,6878,12800,3444,6458,9902,875,2889,3764,108741,125180,233921
2020-12-01,11938,10882,22820,9771,10478,20249,19731,22676,42407,20738,24023,44761,16463,18665,35128,11792,13718,25510,8732,9293,18025,5975,6928,12903,3463,6490,9953,878,2892,3770,109481,126045,235526
2020-12-02,11982,10923,22905,9827,10542,20369,19825,22792,42617,20840,24160,45000,16546,18754,35300,11847,13776,25623,8782,9331,18113,6012,6969,12981,3482,6506,9988,880,2900,3780,110023,126653,236676
2020-12-03,12035,10976,23011,9909,10622,20531,19956,22976,42932,20990,24327,45317,16655,18888,35543,11926,13859,25785,8857,9405,18262,6058,7015,13073,3495,6535,10030,881,2905,3786,110762,127508,238270
2020-12-04,12099,11043,23142,9986,10701,20687,20076,23107,43183,21127,24482,45609,16766,19017,35783,12012,13951,25963,8926,9494,18420,6117,7062,13179,3514,6575,10089,886,2914,3800,111509,128346,239855
2020-12-05,12156,11100,23256,10054,10754,20808,20189,23213,43402,21258,24590,45848,16853,19098,35951,12063,14008,26071,8969,9548,18517,6144,7096,13240,3523,6597,10120,891,2921,3812,112100,128925,241025
2020-12-06,12202,11145,23347,10104,10800,20904,20268,23292,43560,21328,24684,46012,16914,19177,36091,12101,14059,26160,9013,9590,18603,6168,7129,13297,3539,6611,10150,892,2924,3816,112529,129411,241940
2020-12-07,12239,11197,23436,10163,10850,21013,20376,23405,43781,21431,24781,46212,16984,19278,36262,12156,14117,26273,9051,9639,18690,6199,7170,13369,3554,6632,10186,896,2929,3825,113049,129998,243047
2020-12-08,12291,11253,23544,10220,10909,21129,20479,23524,44003,21544,24892,46436,17061,19353,36414,12226,14192,26418,9111,9696,18807,6231,7215,13446,3563,6650,10213,900,2935,3835,113626,130619,244245
2020-12-09,12355,11313,23668,10291,11002,21293,20662,23727,44389,21729,25088,46817,17211,19486,36697,12352,14323,26675,9221,9796,19017,6279,7281,13560,3583,6683,10266,902,2949,3851,114585,131648,246233
2020-12-10,12434,11371,23805,10395,11126,21521,20857,23967,44824,21934,25335,47269,17365,19670,37035,12479,14484,26963,9322,9899,19221,6326,7327,13653,3601,6728,10329,907,2956,3863,115620,132863,248483
2020-12-11,12501,11442,23943,10501,11239,21740,21051,24219,45270,22166,25576,47742,17533,19868,37401,12622,14642,27264,9430,10023,19453,6387,7401,13788,3618,6757,10375,908,2964,3872,116717,134131,250848
2020-12-12,12564,11503,24067,10587,11323,21910,21212,24420,45632,22353,25781,48134,17699,20033,37732,12754,14772,27526,9510,10146,19656,6431,7456,13887,3629,6779,10408,911,2971,3882,117650,135184,252834
2020-12-13,12629,11547,24176,10666,11403,22069,21325,24576,45901,22521,25972,48493,17835,20189,38024,12877,14889,27766,9587,10222,19809,6469,7492,13961,3640,6799,10439,916,2975,3891,118465,136064,254529
2020-12-14,12715,11615,24330,10774,11518,22292,21514,24803,46317,22757,26200,48957,18000,20383,38383,13027,15058,28085,9708,10348,20056,6537,7565,14102,3661,6833,10494,925,2986,3911,119618,137309,256927
2020-12-15,12774,11685,24459,10864,11608,22472,21701,25017,46718,22960,26416,49376,18167,20542,38709,13157,15235,28392,9819,10454,20273,6595,7626,14221,3673,6857,10530,927,2996,3923,120637,138436,259073
2020-12-16,12825,11749,24574,10976,11749,22725,21907,25268,47175,23231,26715,49946,18385,20758,39143,13329,15412,28741,9939,10593,20532,6665,7699,14364,3699,6881,10580,931,3006,3937,121887,139830,261717
2020-12-17,12911,11832,24743,11095,11866,22961,22145,25558,47703,23505,27035,50540,18622,20976,39598,13497,15581,29078,10020,10706,20726,6728,7754,14482,3712,6907,10619,932,3015,3947,123167,141230,264397
2020-12-18,12995,11910,24905,11242,12035,23277,22388,25887,48275,23812,27369,51181,18860,21236,40096,13690,15800,29490,10210,10885,21095,6821,7843,14664,3731,6951,10682,933,3020,3953,124682,142936,267618
2020-12-19,13062,11974,25036,11355,12160,23515,22596,26149,48745,24129,27691,51820,19081,21463,40544,13854,15979,29833,10343,11041,21384,6885,7914,14799,3747,6976,10723,936,3024,3960,125988,144371,270359
2020-12-20,13128,12054,25182,11478,12290,23768,22808,26392,49200,24447,28012,52459,19314,21711,41025,14035,16182,30217,10463,11172,21635,6951,7974,14925,3759,6993,10752,939,3033,3972,127322,145813,273135
2020-12-21,13213,12152,25365,11613,12432,24045,23114,26703,49817,24812,28420,53232,19595,21994,41589,14224,16396,30620,10650,11340,21990,7035,8056,15091,3777,7040,10817,942,3039,3981,128975,147572,276547
2020-12-22,13310,12252,25562,11789,12625,24414,23440,27087,50527,25223,28864,54087,19916,22305,42221,14436,16619,31055,10826,11540,22366,7115,8137,15252,3795,7073,10868,946,3043,3989,130796,149545,280341
2020-12-23,13423,12351,25774,11985,12805,24790,23788,27460,51248,25624,29299,54923,20211,22643,42854,14647,16817,31464,10968,11726,22694,7175,8213,15388,3821,7107,10928,952,3053,4005,132594,151474,284068
2020-12-24,13472,12405,25877,12067,12917,24984,23978,27668,51646,25881,29544,55425,20389,22801,43190,14744,16938,31682,11044,11823,22867,7232,8256,15488,3826,7127,10953,953,3057,4010,133586,152536,286122
2020-12-25,13508,12430,25938,12102,12952,25054,24040,27727,51767,25944,29623,55567,20439,22840,43279,14786,16983,31769,11064,11848,22912,7246,8266,15512,3832,7142,10974,957,3061,4018,133918,152872,286790
2020-12-26,13588,12493,26081,12278,13166,25444,24294,28015,52309,26302,29977,56279,20669,23134,43803,14984,17179,32163,11173,11987,23160,7310,8335,15645,3854,7173,11027,958,3073,4031,135410,154532,289942
2020-12-27,13639,12542,26181,12503,13394,25897,24552,28284,52836,26682,30356,57038,20985,23473,44458,15209,17415,32624,11336,12133,23469,7373,8417,15790,3872,7205,11077,960,3083,4043,137111,156302,293413
2020-12-28,13766,12636,26402,12774,13682,26456,24920,28742,53662,27215,30937,58152,21430,23907,45337,15470,17726,33196,11511,12363,23874,7455,8521,15976,3902,7246,11148,962,3094,4056,139405,158854,298259
2020-12-29,13856,12723,26579,13027,13943,26970,25301,29167,54468,27649,31398,59047,21805,24302,46107,15703,17979,33682,11684,12575,24259,7547,8621,16168,3928,7300,11228,967,3104,4071,141467,161112,302579
2020-12-30,13950,12805,26755,13320,14253,27573,25712,29592,55304,28156,31889,60045,22176,24727,46903,15955,18294,34249,11860,12773,24633,7635,8715,16350,3961,7349,11310,971,3112,4083,143696,163509,307205
2020-12-31,14017,12869,26886,13527,14455,27982,25988,29868,55856,28470,32221,60691,22428,25037,47465,16116,18467,34583,11944,12869,24813,7679,8776,16455,3973,7374,11347,971,3119,4090,145113,165055,310168
2021-01-01,14045,12890,26935,13575,14505,28080,26041,29946,55987,28546,32305,60851,22482,25105,47587,16165,18518,34683,11970,12901,24871,7694,8798,16492,3978,7389,11367,972,3123,4095,145468,165480,310948
2021-01-02,14118,12949,27067,13762,14707,28469,26309,30252,56561,28855,32667,61522,22754,25389,48143,16357,18722,35079,12137,13069,25206,7773,8888,16661,3993,7425,11418,976,3130,4106,147034,167198,314232
2021-01-03,14172,13015,27187,14019,14967,28986,26710,30668,57378,29370,33212,62582,23162,25853,49015,16618,19039,35657,12330,13290,25620,7850,9001,16851,4020,7459,11479,979,3137,4116,149230,169641,318871
2021-01-04,14258,13100,27358,14266,15200,29466,27234,31259,58493,29948,33824,63772,23561,26300,49861,16890,19360,36250,12547,13511,26058,7957,9113,17070,4048,7520,11568,983,3147,4130,151692,172334,324026
2021-01-05,14348,13191,27539,14555,15493,30048,27781,31912,59693,30534,34465,64999,24015,26792,50807,17180,19673,36853,12767,13808,26575,8070,9242,17312,4079,7580,11659,989,3157,4146,154318,175313,329631
2021-01-06,14440,13272,27712,14872,15784,30656,28314,32452,60766,31115,35015,66130,24484,27281,51765,17499,20027,37526,12993,14061,27054,8182,9373,17555,4108,7638,11746,993,3171,4164,157000,178074,335074
2021-01-07,14527,13351,27878,15106,16024,31130,28722,32932,61654,31602,35478,67080,24824,27644,52468,17729,20306,38035,13169,14281,27450,8263,9492,17755,4135,7688,11823,995,3182,4177,159072,180378,339450
2021-01-08,14614,13438,28052,15375,16280,31655,29155,33385,62540,32008,35958,67966,25134,28066,53200,17967,20586,38553,13307,14468,27775,8347,9602,17949,4164,7724,11888,1000,3186,4186,161071,182693,343764
2021-01-09,14681,13506,28187,15604,16516,32120,29531,33831,63362,32438,36455,68893,25472,28451,53923,18191,20839,39030,13444,14678,28122,8409,9684,18093,4186,7765,11951,1000,3195,4195,162956,184920,347876
2021-01-10,14750,13574,28324,15877,16770,32647,29897,34229,64126,32843,36920,69763,25819,28835,54654,18402,21099,39501,13575,14829,28404,8454,9765,18219,4198,7798,11996,1002,3205,4207,164817,187024,351841
2021-01-11,14844,13643,28487,16156,17086,33242,30402,34763,65165,33349,37472,70821,26204,29248,55452,18646,21414,40060,13740,15041,28781,8542,9857,18399,4217,7828,12045,1003,3213,4216,167103,189565,356668
2021-01-12,14941,13715,28656,16397,17371,33768,30792,35263,66055,33725,37921,71646,26504,29623,56127,18882,21704,40586,13921,15192,29113,8609,9947,18556,4249,7865,12114,1006,3222,4228,169026,191823,360849
2021-01-13,15064,13818,28882,16682,17687,34369,31266,35786,67052,34171,38414,72585,26884,30017,56901,19132,22042,41174,14110,15409,29519,8692,10048,18740,4268,7913,12181,1010,3226,4236,171279,194360,365639
2021-01-14,15151,13918,29069,16972,18009,34981,31694,36259,67953,34591,38922,73513,27208,30417,57625,19395,22351,41746,14272,15610,29882,8763,10137,18900,4288,7952,12240,1013,3235,4248,173347,196810,370157
2021-01-15,15273,14007,29280,17435,18474,35909,32221,36858,69079,35245,39630,74875,27715,31030,58745,19770,22764,42534,14475,15838,30313,8847,10259,19106,4308,8000,12308,1015,3243,4258,176304,200103,376407
2021-01-16,15339,14057,29396,17989,19003,36992,32660,37396,70056,35855,40289,76144,28280,31681,59961,20145,23158,43303,14685,16099,30784,8950,10372,19322,4335,8043,12378,1016,3252,4268,179254,203350,382604
2021-01-17,15401,14101,29502,18432,19476,37908,33112,37938,71050,36391,40879,77270,28864,32356,61220,20507,23520,44027,14847,16281,31128,9034,10462,19496,4353,8072,12425,1018,3255,4273,181959,206340,388299
2021-01-18,15489,14187,29676,18942,19995,38937,33686,38572,72258,37062,41594,78656,29507,33026,62533,20942,23988,44930,15107,16584,31691,9156,10597,19753,4389,8130,12519,1020,3259,4279,185300,209932,395232
2021-01-19,15592,14270,29862,19440,20521,39961,34219,39161,73380,37705,42302,80007,30129,33698,63827,21360,24455,45815,15364,16894,32258,9265,10749,20014,4412,8180,12592,1025,3273,4298,188511,213503,402014
2021-01-20,15690,14358,30048,19898,20986,40884,34712,39710,74422,38268,42896,81164,30662,34277,64939,21758,24887,46645,15643,17192,32835,9398,10902,20300,4439,8224,12663,1029,3286,4315,191497,216718,408215
2021-01-21,15804,14438,30242,20232,21389,41621,35215,40192,75407,38743,43430,82173,31065,34773,65838,22053,25268,47321,15845,17427,33272,9487,11009,20496,4468,8278,12746,1034,3307,4341,193946,219511,413457
2021-01-22,15884,14520,30404,20612,21754,42366,35596,40661,76257,39118,43916,83034,31442,35230,66672,22332,25566,47898,16022,17638,33660,9587,11119,20706,4489,8322,12811,1037,3310,4347,196119,222036,418155
2021-01-23,15931,14564,30495,20997,22150,43147,35990,41131,77121,39526,44405,83931,31848,35628,67476,22626,25893,48519,16148,17811,33959,9642,11188,20830,4508,8354,12862,1039,3313,4352,198255,224437,422692
2021-01-24,15992,14614,30606,21452,22631,44083,36412,41588,78000,39952,44893,84845,32364,36134,68498,22946,26230,49176,16328,18007,34335,9704,11274,20978,4531,8389,12920,1041,3318,4359,200722,227078,427800
2021-01-25,16079,14711,30790,22002,23167,45169,37001,42202,79203,40549,45518,86067,32897,36747,69644,23319,26643,49962,16552,18248,34800,9821,11403,21224,4568,8451,13019,1048,3336,4384,203836,230426,434262
2021-01-26,16199,14790,30989,22471,23627,46098,37458,42731,80189,41025,46024,87049,33372,37238,70610,23636,27032,50668,16743,18508,35251,9931,11528,21459,4602,8513,13115,1052,3347,4399,206489,233338,439827
2021-01-27,16313,14890,31203,22901,24047,46948,37901,43219,81120,41504,46571,88075,33776,37729,71505,23950,27379,51329,16941,18716,35657,10010,11619,21629,4639,8571,13210,1053,3364,4417,208988,236105,445093
2021-01-28,16402,14978,31380,23261,24412,47673,38246,43628,81874,41892,47001,88893,34141,38140,72281,24218,27691,51909,17129,18940,36069,10111,11728,21839,4669,8618,13287,1058,3378,4436,211127,238514,449641
2021-01-29,16467,15071,31538,23764,24895,48659,38731,44154,82885,42438,47607,90045,34656,38728,73384,24598,28090,52688,17353,19209,36562,10206,11865,22071,4693,8673,13366,1060,3385,4445,213966,241677,455643
2021-01-30,16526,15115,31641,24434,25586,50020,39177,44692,83869,43019,48301,91320,35329,39524,74853,25061,28542,53603,17560,19500,37060,10309,12003,22312,4716,8716,13432,1062,3394,4456,217193,245373,462566
2021-01-31,16585,15171,31756,25386,26608,51994,39736,45333,85069,43738,49205,92943,36335,40615,76950,25641,29187,54828,17838,19793,37631,10419,12141,22560,4741,8763,13504,1064,3404,4468,221483,250220,471703
2021-02-01,16665,15246,31911,26225,27478,53703,40289,46016,86305,44482,50042,94524,37210,41609,78819,26220,29764,55984,18149,20163,38312,10534,12327,22861,4778,8811,13589,1065,3415,4480,225617,254871,480488
2021-02-02,16753,15331,32084,26893,28223,55116,40800,46590,87390,45161,50839,96000,37996,42488,80484,26780,30346,57126,18507,20520,39027,10718,12547,23265,4818,8870,13688,1068,3425,4493,229494,259179,488673
2021-02-03,16810,15412,32222,27458,28738,56196,41228,47136,88364,45741,51491,97232,38582,43171,81753,27185,30826,58011,18800,20845,39645,10853,12723,23576,4853,8934,13787,1072,3436,4508,232582,262712,495294
2021-02-04,16881,15491,32372,27773,29073,56846,41558,47588,89146,46155,51971,98126,38910,43675,82585,27500,31198,58698,18975,21086,40061,10947,12864,23811,4880,8975,13855,1075,3452,4527,234654,265373,500027
2021-02-05,16963,15569,32532,28072,29373,57445,41890,47991,89881,46517,52410,98927,39242,44060,83302,27760,31500,59260,19151,21296,40447,11048,12993,24041,4899,9025,13924,1076,3460,4536,236618,267677,504295
2021-02-06,17014,15614,32628,28409,29742,58151,42209,48379,90588,46901,52911,99812,39604,44521,84125,28074,31821,59895,19308,21481,40789,11122,13088,24210,4919,9061,13980,1076,3468,4544,238636,270086,508722
2021-02-07,17071,15674,32745,28772,30123,58895,42520,48721,91241,47302,53367,100669,39978,44981,84959,28358,32148,60506,19466,21642,41108,11205,13182,24387,4936,9089,14025,1082,3472,4554,240690,272399,513089
2021-02-08,17155,15751,32906,29265,30687,59952,42991,49254,92245,47878,54085,101963,40579,45688,86267,28698,32550,61248,19695,21905,41600,11310,13310,24620,4965,9155,14120,1085,3491,4576,243621,275876,519497
2021-02-09,17241,15813,33054,29684,31116,60800,43411,49745,93156,48430,54683,103113,41079,46300,87379,29070,32961,62031,19937,22176,42113,11428,13456,24884,4999,9207,14206,1090,3505,4595,246369,278962,525331
2021-02-10,17317,15872,33189,29999,31427,61426,43767,50177,93944,48899,55223,104122,41515,46776,88291,29336,33301,62637,20138,22416,42554,11533,13571,25104,5027,9254,14281,1090,3517,4607,248621,281534,530155
2021-02-11,17386,15933,33319,30281,31735,62016,44087,50603,94690,49306,55726,105032,41910,47253,89163,29559,33637,63196,20320,22624,42944,11630,13685,25315,5054,9299,14353,1094,3523,4617,250627,284018,534645
2021-02-12,17457,15998,33455,30594,32078,62672,44413,50958,95371,49751,56228,105979,42314,47774,90088,29838,33970,63808,20498,22851,43349,11730,13804,25534,5083,9346,14429,1095,3533,4628,252773,286540,539313
2021-02-13,17514,16038,33552,31024,32527,63551,44743,51343,96086,50278,56850,107128,42851,48443,91294,30147,34347,64494,20691,23048,43739,11801,13909,25710,5105,9374,14479,1100,3545,4645,255254,289424,544678
2021-02-14,17558,16074,33632,31449,32980,64429,45016,51716,96732,50782,57481,108263,43447,49136,92583,30459,34716,65175,20884,23264,44148,11891,14019,25910,5120,9402,14522,1101,3556,4657,257707,292344,550051
2021-02-15,17596,16132,33728,31997,33549,65546,45419,52202,97621,51428,58295,109723,44172,49964,94136,30868,35176,66044,21083,23504,44587,11987,14135,26122,5142,9454,14596,1103,3569,4672,260795,295980,556775
2021-02-16,17653,16173,33826,32545,34076,66621,45933,52887,98820,52173,59141,111314,44905,50845,95750,31249,35589,66838,21279,23721,45000,12075,14266,26341,5157,9492,14649,1111,3574,4685,264080,299764,563844
2021-02-17,17726,16263,33989,32948,34495,67443,46540,53621,100161,52805,59855,112660,45421,51412,96833,31599,35988,67587,21566,24030,45596,12193,14406,26599,5176,9546,14722,1117,3584,4701,267091,303200,570291
2021-02-18,17800,16332,34132,33283,34879,68162,47065,54220,101285,53372,60515,113887,45890,51983,97873,31929,36351,68280,21799,24309,46108,12309,14559,26868,5209,9596,14805,1120,3591,4711,269776,306335,576111
2021-02-19,17884,16388,34272,33581,35261,68842,47505,54734,102239,53894,61138,115032,46323,52527,98850,32267,36750,69017,22016,24569,46585,12426,14713,27139,5237,9637,14874,1122,3598,4720,272255,309315,581570
2021-02-20,17951,16438,34389,33857,35591,69448,47922,55198,103120,54315,61704,116019,46719,53031,99750,32556,37120,69676,22172,24817,46989,12509,14824,27333,5261,9671,14932,1126,3601,4727,274388,311995,586383
2021-02-21,18027,16487,34514,34116,35917,70033,48277,55693,103970,54817,62310,117127,47129,53525,100654,32816,37461,70277,22359,25047,47406,12582,14927,27509,5282,9702,14984,1128,3612,4740,276533,314681,591214
2021-02-22,18123,16592,34715,34404,36295,70699,48729,56286,105015,55346,62973,118319,47546,54073,101619,33127,37850,70977,22587,25320,47907,12689,15046,27735,5325,9742,15067,1131,3620,4751,279007,317797,596804
2021-02-23,18224,16676,34900,34655,36583,71238,49123,56815,105938,55815,63524,119339,47937,54546,102483,33416,38205,71621,22820,25584,48404,12799,15180,27979,5360,9794,15154,1138,3633,4771,281287,320540,601827
2021-02-24,18310,16781,35091,34906,36882,71788,49454,57223,106677,56214,63991,120205,48256,54939,103195,33672,38512,72184,23020,25808,48828,12898,15304,28202,5389,9843,15232,1141,3643,4784,283260,322926,606186
2021-02-25,18436,16890,35326,35097,37107,72204,49801,57621,107422,56589,64379,120968,48546,55282,103828,33881,38788,72669,23186,26027,49213,12990,15421,28411,5412,9883,15295,1146,3657,4803,285084,325055,610139
2021-02-26,18541,16981,35522,35277,37348,72625,50164,58081,108245,56998,64826,121824,48863,55696,104559,34114,39099,73213,23367,26297,49664,13081,15544,28625,5435,9927,15362,1148,3672,4820,286988,327471,614459
2021-02-27,18613,17047,35660,35500,37644,73144,50525,58531,109056,57493,65320,122813,49171,56088,105259,34418,39455,73873,23584,26564,50148,13175,15657,28832,5464,9979,15443,1149,3682,4831,289092,329967,619059
2021-02-28,18693,17119,35812,35800,37994,73794,50925,59062,109987,58078,65997,124075,49644,56635,106279,34803,39952,74755,23862,26905,50767,13321,15813,29134,5490,10029,15519,1151,3689,4840,291767,333195,624962
2021-03-01,18837,17252,36089,36030,38245,74275,51280,59512,110792,58494,66452,124946,49969,57019,106988,35033,40235,75268,24051,27137,51188,13403,15950,29353,5513,10077,15590,1155,3702,4857,293765,335581,629346
2021-03-02,18985,17387,36372,36269,38529,74798,51635,59909,111544,58876,66917,125793,50300,57367,107667,35263,40571,75834,24215,27344,51559,13495,16035,29530,5547,10128,15675,1159,3710,4869,295744,337897,633641
2021-03-03,19135,17507,36642,36454,38752,75206,51899,60284,112183,59218,67331,126549,50571,57709,108280,35505,40872,76377,24426,27587,52013,13592,16168,29760,5569,10167,15736,1159,3722,4881,297528,340099,637627
2021-03-04,19271,17637,36908,36631,38973,75604,52178,60633,112811,59523,67708,127231,50836,58035,108871,35681,41151,76832,24613,27853,52466,13684,16318,30002,5602,10222,15824,1165,3742,4907,299184,342272,641456
2021-03-05,19403,17770,37173,36830,39197,76027,52479,61068,113547,59904,68149,128053,51102,58375,109477,35916,41465,77381,24798,28063,52861,13779,16443,30222,5630,10266,15896,1165,3752,4917,301006,344548,645554
2021-03-06,19496,17861,37357,36961,39360,76321,52745,61411,114156,60226,68531,128757,51334,58672,110006,36097,41698,77795,24927,28222,53149,13847,16539,30386,5653,10296,15949,1168,3760,4928,302454,346350,648804
2021-03-07,19600,17954,37554,37132,39572,76704,53078,61850,114928,60625,69002,129627,51600,59019,110619,36333,42039,78372,25146,28475,53621,13935,16648,30583,5679,10337,16016,1172,3764,4936,304300,348660,652960
2021-03-08,19787,18116,37903,37392,39952,77344,53535,62480,116015,61203,69657,130860,52046,59549,111595,36718,42536,79254,25467,28819,54286,14079,16811,30890,5706,10392,16098,1177,3779,4956,307110,352091,659201
2021-03-09,20007,18318,38325,37651,40262,77913,54004,63044,117048,61800,70319,132119,52473,60058,112531,37076,43006,80082,25783,29245,55028,14253,16979,31232,5741,10449,16190,1183,3791,4974,309971,355471,665442
2021-03-10,20241,18520,38761,37942,40586,78528,54441,63571,118012,62374,70979,133353,52846,60581,113427,37447,43477,80924,26085,29571,55656,14379,17133,31512,5776,10506,16282,1187,3802,4989,312718,358726,671444
2021-03-11,20426,18719,39145,38162,40868,79030,54811,64115,118926,62793,71567,134360,53165,61034,114199,37705,43816,81521,26289,29853,56142,14491,17255,31746,5808,10553,16361,1191,3816,5007,314841,361596,676437
2021-03-12,20662,18948,39610,38422,41248,79670,55257,64759,120016,63355,72286,135641,53579,61564,115143,38003,44282,82285,26567,30196,56763,14641,17408,32049,5843,10614,16457,1195,3832,5027,317524,365137,682661
2021-03-13,20816,19084,39900,38620,41519,80139,55692,65322,121014,63885,72877,136762,53916,62011,115927,38317,44715,83032,26853,30501,57354,14752,17542,32294,5867,10659,16526,1200,3836,5036,319918,368066,687984
2021-03-14,20964,19264,40228,38842,41771,80613,56087,65943,122030,64448,73531,137979,54274,62539,116813,38702,45199,83901,27113,30840,57953,14863,17687,32550,5889,10713,16602,1205,3847,5052,322387,371334,693721
2021-03-15,21266,19522,40788,39174,42141,81315,56645,66741,123386,65126,74317,139443,54775,63228,118003,39127,45785,84912,27476,31259,58735,15006,17891,32897,5927,10777,16704,1211,3860,5071,325733,375521,701254
2021-03-16,21537,19789,41326,39512,42551,82063,57137,67416,124553,65843,75114,140957,55273,63810,119083,39543,46319,85862,27804,31655,59459,15161,18061,33222,5965,10851,16816,1220,3881,5101,328995,379447,708442
2021-03-17,21772,19990,41762,39834,42954,82788,57677,68140,125817,66442,75852,142294,55703,64396,120099,39910,46831,86741,28124,32038,60162,15289,18229,33518,6002,10902,16904,1223,3895,5118,331976,383227,715203
2021-03-18,21967,20176,42143,40080,43284,83364,58143,68758,126901,66993,76496,143489,56084,64894,120978,40191,47222,87413,28381,32328,60709,15409,18380,33789,6021,10952,16973,1229,3907,5136,334498,386397,720895
2021-03-19,22176,20391,42567,40418,43666,84084,58628,69490,128118,67583,77278,144861,56516,65493,122009,40524,47716,88240,28633,32628,61261,15522,18517,34039,6050,10995,17045,1236,3918,5154,337286,390092,727378
2021-03-20,22285,20492,42777,40650,43949,84599,59032,70044,129076,68100,77905,146005,56886,65944,122830,40830,48128,88958,28888,32884,61772,15627,18629,34256,6072,11028,17100,1246,3926,5172,339616,392929,732545
2021-03-21,22430,20628,43058,40850,44210,85060,59470,70637,130107,68691,78569,147260,57255,66436,123691,41164,48572,89736,29128,33177,62305,15703,18741,34444,6100,11063,17163,1248,3936,5184,342039,395969,738008
2021-03-22,22670,20877,43547,41197,44566,85763,60037,71424,131461,69419,79430,148849,57755,67080,124835,41580,49153,90733,29419,33543,62962,15846,18906,34752,6137,11150,17287,1253,3973,5226,345313,400102,745415
2021-03-23,22895,21088,43983,41530,44957,86487,60552,72136,132688,70029,80223,150252,58224,67635,125859,41976,49639,91615,29740,33956,63696,16006,19078,35084,6171,11200,17371,1256,3994,5250,348379,403906,752285
2021-03-24,23051,21237,44288,41845,45272,87117,60993,72692,133685,70545,80857,151402,58597,68112,126709,42255,50031,92286,29940,34168,64108,16100,19203,35303,6192,11267,17459,1258,4018,5276,350776,406857,757633
2021-03-25,23229,21402,44631,42182,45701,87883,61468,73410,134878,71161,81643,152804,59089,68748,127837,42621,50506,93127,30176,34467,64643,16217,19335,35552,6234,11329,17563,1264,4034,5298,353641,410575,764216
2021-03-26,23454,21616,45070,42537,46173,88710,62008,74240,136248,71821,82472,154293,59578,69460,129038,42975,51038,94013,30438,34800,65238,16357,19489,35846,6269,11385,17654,1267,4052,5319,356704,414725,771429
2021-03-27,23611,21767,45378,42772,46497,89269,62477,74845,137322,72412,83204,155616,59985,70041,130026,43307,51517,94824,30709,35093,65802,16472,19623,36095,6296,11434,17730,1274,4059,5333,359315,418080,777395
2021-03-28,23737,21889,45626,43006,46806,89812,62886,75465,138351,72999,83971,156970,60420,70585,131005,43643,52016,95659,30951,35363,66314,16556,19699,36255,6320,11473,17793,1278,4070,5348,361796,421337,783133
2021-03-29,23959,22108,46067,43393,47202,90595,63431,76251,139682,73677,84798,158475,60911,71271,132182,44038,52523,96561,31211,35711,66922,16657,19802,36459,6341,11517,17858,1281,4081,5362,364899,425264,790163
2021-03-30,24168,22299,46467,43736,47585,91321,63918,76976,140894,74282,85622,159904,61352,71889,133241,44381,52986,97367,31452,35984,67436,16748,19901,36649,6371,11563,17934,1286,4094,5380,367694,428899,796593
2021-03-31,24346,22450,46796,44058,47921,91979,64482,77755,142237,74914,86492,161406,61802,72564,134366,44685,53441,98126,31611,36162,67773,16803,19971,36774,6397,11597,17994,1288,4105,5393,370386,432458,802844
2021-04-01,24484,22614,47098,44419,48328,92747,65051,78466,143517,75563,87273,162836,62220,73188,135408,45024,53889,98913,31821,36412,68233,16876,20079,36955,6417,11625,18042,1292,4116,5408,373167,435990,809157
2021-04-02,24646,22735,47381,44718,48713,93431,65564,79129,144693,76140,87981,164121,62653,73774,136427,45342,54338,99680,32025,36620,68645,16950,20159,37109,6437,11659,18096,1295,4130,5425,375770,439238,815008
2021-04-03,24776,22857,47633,45040,49134,94174,66112,79788,145900,76774,88722,165496,63118,74456,137574,45700,54780,100480,32246,36877,69123,17041,20262,37303,6464,11708,18172,1300,4140,5440,378571,442724,821295
2021-04-04,24948,22994,47942,45707,49902,95609,66975,81000,147975,77887,90159,168046,64024,75593,139617,46264,55472,101736,32521,37167,69688,17120,20354,37474,6490,11748,18238,1302,4150,5452,383238,448539,831777
2021-04-05,25164,23224,48388,46496,50827,97323,68061,82501,150562,79142,91719,170861,65124,77009,142133,46920,56282,103202,32858,37566,70424,17244,20486,37730,6520,11808,18328,1306,4162,5468,388835,455584,844419
2021-04-06,25406,23472,48878,47149,51566,98715,69160,83820,152980,80357,93223,173580,66098,78177,144275,47589,57114,104703,33310,38100,71410,17419,20668,38087,6557,11878,18435,1309,4178,5487,394354,462196,856550
2021-04-07,25659,23719,49378,47819,52283,100102,70212,85111,155323,81469,94577,176046,67049,79364,146413,48208,57986,106194,33670,38543,72213,17555,20836,38391,6587,11939,18526,1309,4193,5502,399537,468551,868088
2021-04-08,25885,23908,49793,48334,52883,101217,71098,86364,157462,82517,95868,178385,67839,80359,148198,48766,58803,107569,34017,38903,72920,17668,20983,38651,6622,11995,18617,1311,4205,5516,404057,474271,878328
2021-04-09,26056,24078,50134,48683,53285,101968,71648,87157,158805,83071,96638,179709,68311,80991,149302,49068,59274,108342,34210,39134,73344,17744,21083,38827,6635,12039,18674,1312,4214,5526,406738,477893,884631
2021-04-10,26202,24210,50412,49021,53745,102766,72222,87943,160165,83788,97464,181252,68827,81696,150523,49415,59777,109192,34420,39369,73789,17789,21158,38947,6650,12067,18717,1315,4219,5534,409649,481648,891297
2021-04-11,26332,24348,50680,49318,54131,103449,72722,88595,161317,84424,98283,182707,69367,82393,151760,49771,60288,110059,34632,39570,74202,17847,21220,39067,6671,12099,18770,1318,4225,5543,412402,485152,897554
2021-04-12,26554,24558,51112,49697,54530,104227,73311,89370,162681,85079,99167,184246,69922,83175,153097,50197,60864,111061,34845,39842,74687,17926,21339,39265,6698,12152,18850,1322,4236,5558,415551,489233,904784
2021-04-13,26752,24713,51465,50027,54888,104915,73903,90150,164053,85777,100079,185856,70483,83945,154428,50620,61419,112039,35013,40041,75054,18003,21419,39422,6721,12187,18908,1326,4248,5574,418625,493089,911714
2021-04-14,26943,24873,51816,50266,55137,105403,74231,90569,164800,86148,100546,186694,70755,84356,155111,50846,61747,112593,35242,40273,75515,18081,21551,39632,6749,12248,18997,1336,4271,5607,420597,495571,916168
2021-04-15,27146,25073,52219,50621,55596,106217,74849,91453,166302,86867,101487,188354,71367,85301,156668,51295,62390,113685,35479,40554,76033,18145,21662,39807,6776,12301,19077,1338,4289,5627,423883,500106,923989
2021-04-16,27345,25274,52619,50974,55994,106968,75502,92342,167844,87637,102430,190067,71983,86090,158073,51724,62970,114694,35764,40874,76638,18222,21776,39998,6795,12337,19132,1345,4304,5649,427291,504391,931682
2021-04-17,27521,25420,52941,51284,56316,107600,75997,92971,168968,88292,103177,191469,72491,86739,159230,52084,63395,115479,35949,41110,77059,18290,21885,40175,6818,12391,19209,1349,4313,5662,430075,507717,937792
2021-04-18,27642,25568,53210,51513,56594,108107,76448,93554,170002,88857,103892,192749,72998,87319,160317,52439,63829,116268,36160,41340,77500,18359,21967,40326,6852,12430,19282,1352,4322,5674,432620,510815,943435
2021-04-19,27883,25755,53638,51859,56972,108831,77052,94288,171340,89566,104772,194338,73574,88072,161646,52845,64377,117222,36416,41644,78060,18451,22083,40534,6878,12504,19382,1355,4359,5714,435879,514826,950705
2021-04-20,28107,26000,54107,52158,57296,109454,77573,94983,172556,90167,105528,195695,74081,88786,162867,53209,64875,118084,36657,41963,78620,18547,22177,40724,6912,12544,19456,1359,4367,5726,438770,518519,957289
2021-04-21,28279,26167,54446,52375,57542,109917,78000,95494,173494,90632,106167,196799,74501,89335,163836,53487,65299,118786,36853,42198,79051,18628,22260,40888,6936,12594,19530,1361,4375,5736,441052,521431,962483
2021-04-22,28478,26363,54841,52675,57897,110572,78469,96105,174574,91219,106912,198131,75036,90005,165041,53811,65764,119575,37059,42467,79526,18712,22366,41078,6965,12651,19616,1363,4388,5751,443787,524918,968705
2021-04-23,28664,26550,55214,53006,58254,111260,79008,96779,175787,91858,107751,199609,75609,90723,166332,54180,66261,120441,37289,42733,80022,18813,22478,41291,7006,12703,19709,1368,4406,5774,446801,528638,975439
2021-04-24,28759,26626,55385,53119,58342,111461,79146,96969,176115,92022,107968,199990,75755,90911,166666,54271,66392,120663,37351,42812,80163,18855,22535,41390,7021,12744,19765,1374,4428,5802,447673,529727,977400
2021-04-25,28919,26771,55690,53356,58595,111951,79511,97450,176961,92498,108597,201095,76200,91440,167640,54592,66797,121389,37543,43014,80557,18929,22597,41526,7036,12782,19818,1375,4435,5810,449959,532478,982437
2021-04-26,29136,26972,56108,53639,58933,112572,79991,98042,178033,93084,109315,202399,76721,92029,168750,54978,67271,122249,37755,43252,81007,19022,22721,41743,7052,12818,19870,1378,4445,5823,452756,535798,988554
2021-04-27,29335,27133,56468,53935,59275,113210,80440,98647,179087,93619,110026,203645,77174,92602,169776,55322,67692,123014,37955,43461,81416,19099,22839,41938,7075,12867,19942,1384,4456,5840,455338,538998,994336
2021-04-28,29494,27284,56778,54177,59537,113714,80802,99130,179932,94086,110629,204715,77568,93129,170697,55597,68035,123632,38126,43633,81759,19162,22921,42083,7097,12909,20006,1388,4477,5865,457497,541684,999181
2021-04-29,29533,27313,56846,54261,59642,113903,80955,99349,180304,94276,110873,205149,77720,93363,171083,55714,68191,123905,38174,43693,81867,19183,22942,42125,7108,12923,20031,1390,4484,5874,458314,542773,1001087
2021-04-30,29535,27314,56849,54265,59645,113910,80961,99355,180316,94286,110879,205165,77725,93366,171091,55714,68191,123905,38175,43696,81871,19183,22943,42126,7109,12923,20032,1390,4484,5874,458343,542796,1001139
