FECHA,<=10M,<=10F,<=10,11-20M,11-20F,11-20,21-30M,21-30F,21-30,31-40M,31-40F,31-40,41-50M,41-50F,41-50,51-60M,51-60F,51-60,61-70M,61-70F,61-70,71-80M,71-80F,71-80,81-90M,81-90F,81-90,>=91M,>=91F,>=91,TotalM,TotalF,Total,DelayCount,CumDelay,DelayAvg
2020-03-15,1,0,1,0,0,0,0,2,2,2,1,3,1,1,2,1,0,1,1,0,1,1,1,2,0,0,0,0,0,0,7,5,12,12,41,3.4166666666666665
2020-03-16,1,3,4,1,0,1,1,2,3,1,1,2,0,0,0,3,1,4,2,2,4,0,0,0,0,0,0,0,0,0,9,9,18,18,62,3.4444444444444446
2020-03-17,1,4,5,1,1,2,2,1,3,1,2,3,1,3,4,0,2,2,1,2,3,2,2,4,1,0,1,0,0,0,10,17,27,27,389,14.407407407407407
2020-03-18,3,1,4,1,0,1,1,0,1,2,1,3,1,3,4,1,1,2,0,2,2,1,0,1,1,0,1,0,0,0,11,8,19,19,36,1.894736842105263
2020-03-19,3,1,4,0,0,0,3,2,5,3,1,4,2,1,3,0,0,0,1,1,2,1,1,2,0,0,0,1,0,1,14,7,21,21,56,2.6666666666666665
2020-03-20,1,1,2,1,0,1,1,0,1,1,3,4,0,1,1,0,1,1,1,1,2,2,2,4,1,0,1,0,0,0,8,9,17,17,30,1.7647058823529411
2020-03-21,0,0,0,3,1,4,1,2,3,3,1,4,2,1,3,1,0,1,2,2,4,1,1,2,1,0,1,1,0,1,15,8,23,23,66,2.869565217391304
2020-03-22,3,1,4,0,0,0,4,1,5,0,0,0,0,0,0,3,1,4,0,1,1,2,0,2,3,2,5,0,1,1,15,7,22,22,51,2.3181818181818183
2020-03-23,4,1,5,0,2,2,2,2,4,3,1,4,1,1,2,2,1,3,2,1,3,4,3,7,3,3,6,0,2,2,21,17,38,38,68,1.7894736842105263
2020-03-24,2,1,3,0,0,0,1,2,3,2,1,3,0,2,2,2,2,4,0,1,1,2,0,2,2,1,3,1,0,1,12,10,22,22,32,1.4545454545454546
2020-03-25,1,4,5,0,0,0,2,3,5,2,5,7,1,1,2,1,3,4,3,1,4,1,2,3,2,5,7,2,0,2,15,24,39,39,93,2.3846153846153846
2020-03-26,4,3,7,2,1,3,2,2,4,4,3,7,1,4,5,4,2,6,1,4,5,4,3,7,5,0,5,2,1,3,29,23,52,52,178,3.423076923076923
2020-03-27,2,3,5,0,1,1,1,2,3,4,1,5,1,4,5,1,3,4,2,4,6,5,5,10,3,3,6,2,5,7,21,31,52,52,117,2.25
2020-03-28,2,1,3,0,0,0,2,2,4,2,1,3,1,1,2,4,2,6,3,0,3,4,7,11,3,1,4,0,0,0,21,15,36,36,120,3.3333333333333335
2020-03-29,1,0,1,2,1,3,1,3,4,2,2,4,2,3,5,1,0,1,5,3,8,4,2,6,4,1,5,2,1,3,24,16,40,40,92,2.3
2020-03-30,3,2,5,0,0,0,1,6,7,7,2,9,4,4,8,1,1,2,7,1,8,3,5,8,4,1,5,3,2,5,33,24,57,57,109,1.912280701754386
2020-03-31,8,3,11,1,0,1,7,2,9,8,3,11,5,4,9,3,1,4,6,3,9,4,3,7,2,3,5,4,0,4,48,22,70,70,146,2.085714285714286
2020-04-01,11,10,21,1,2,3,5,4,9,8,2,10,12,5,17,4,7,11,4,3,7,5,4,9,5,5,10,0,1,1,55,43,98,98,213,2.173469387755102
2020-04-02,9,9,18,2,4,6,4,6,10,5,6,11,3,6,9,2,8,10,9,6,15,8,5,13,5,7,12,3,3,6,50,60,110,110,194,1.7636363636363637
2020-04-03,16,9,25,4,3,7,4,6,10,7,10,17,7,11,18,3,6,9,8,5,13,7,4,11,5,6,11,1,5,6,62,65,127,127,254,2.0
2020-04-04,9,13,22,3,4,7,2,7,9,3,10,13,5,2,7,7,0,7,6,3,9,2,5,7,4,2,6,1,3,4,42,49,91,91,172,1.89010989010989
2020-04-05,8,10,18,4,5,9,6,1,7,7,2,9,8,5,13,4,4,8,1,11,12,6,7,13,3,5,8,2,2,4,49,52,101,101,174,1.7227722772277227
2020-04-06,11,9,20,4,2,6,9,3,12,10,5,15,11,3,14,9,3,12,8,8,16,10,5,15,7,4,11,1,3,4,80,45,125,125,184,1.472
2020-04-07,10,9,19,4,4,8,5,4,9,8,7,15,5,5,10,8,2,10,4,4,8,8,8,16,6,11,17,2,1,3,60,55,115,115,130,1.1304347826086956
2020-04-08,8,10,18,4,2,6,4,8,12,5,3,8,9,4,13,7,5,12,9,6,15,10,4,14,1,4,5,3,5,8,60,51,111,111,136,1.2252252252252251
2020-04-09,5,4,9,3,3,6,3,7,10,15,9,24,4,6,10,8,8,16,4,4,8,7,10,17,5,8,13,4,5,9,58,64,122,122,190,1.5573770491803278
2020-04-10,18,4,22,4,3,7,2,6,8,4,2,6,10,1,11,3,6,9,6,1,7,1,10,11,5,8,13,1,3,4,54,44,98,98,133,1.3571428571428572
2020-04-11,9,5,14,4,3,7,7,4,11,6,4,10,7,3,10,2,4,6,4,6,10,7,3,10,3,7,10,1,4,5,50,43,93,93,120,1.2903225806451613
2020-04-12,9,7,16,2,0,2,2,4,6,8,3,11,3,7,10,9,3,12,3,4,7,3,8,11,5,4,9,0,2,2,44,42,86,86,141,1.6395348837209303
2020-04-13,9,11,20,8,4,12,11,8,19,4,9,13,5,3,8,5,5,10,9,7,16,5,9,14,6,10,16,4,5,9,66,71,137,137,167,1.218978102189781
2020-04-14,15,6,21,3,1,4,8,6,14,9,5,14,5,4,9,11,7,18,4,7,11,10,5,15,6,4,10,4,4,8,75,49,124,124,126,1.0161290322580645
2020-04-15,9,3,12,3,6,9,6,7,13,5,7,12,8,13,21,5,9,14,9,4,13,9,4,13,6,6,12,5,3,8,65,62,127,127,178,1.4015748031496063
2020-04-16,12,3,15,5,4,9,8,4,12,10,14,24,9,13,22,6,10,16,5,10,15,7,4,11,4,5,9,0,4,4,66,71,137,137,148,1.0802919708029197
2020-04-17,16,11,27,4,5,9,2,6,8,6,15,21,12,9,21,8,7,15,7,6,13,15,11,26,5,8,13,1,3,4,76,81,157,157,223,1.4203821656050954
2020-04-18,11,9,20,6,1,7,11,5,16,17,6,23,9,5,14,7,4,11,2,3,5,6,10,16,6,9,15,3,4,7,78,56,134,134,214,1.5970149253731343
2020-04-19,10,9,19,4,0,4,5,3,8,5,4,9,6,5,11,5,9,14,7,7,14,5,8,13,5,7,12,1,1,2,53,53,106,106,130,1.2264150943396226
2020-04-20,14,10,24,9,7,16,13,6,19,13,10,23,9,7,16,9,6,15,12,10,22,15,12,27,10,9,19,4,14,18,108,91,199,199,232,1.1658291457286432
2020-04-21,13,8,21,5,6,11,12,6,18,9,14,23,4,4,8,7,8,15,8,8,16,12,10,22,7,10,17,2,10,12,79,84,163,163,197,1.2085889570552146
2020-04-22,14,10,24,4,7,11,7,8,15,12,3,15,13,7,20,6,8,14,8,4,12,7,13,20,8,12,20,7,6,13,86,78,164,164,249,1.5182926829268293
2020-04-23,18,13,31,4,5,9,7,10,17,8,8,16,8,8,16,5,12,17,7,4,11,10,8,18,11,10,21,6,9,15,84,87,171,171,170,0.9941520467836257
2020-04-24,17,11,28,5,6,11,10,9,19,12,13,25,7,7,14,7,8,15,8,11,19,11,10,21,10,15,25,3,3,6,90,93,183,183,196,1.0710382513661203
2020-04-25,12,8,20,5,1,6,3,5,8,8,7,15,4,5,9,5,7,12,6,4,10,6,4,10,10,17,27,4,4,8,63,62,125,125,116,0.928
2020-04-26,9,17,26,5,6,11,3,3,6,4,2,6,8,6,14,3,4,7,8,7,15,6,7,13,7,7,14,1,4,5,54,63,117,117,103,0.8803418803418803
2020-04-27,12,12,24,7,4,11,6,8,14,5,13,18,4,11,15,11,8,19,7,9,16,19,5,24,11,16,27,3,4,7,85,90,175,175,146,0.8342857142857143
2020-04-28,19,7,26,5,5,10,12,12,24,11,12,23,7,11,18,7,9,16,6,7,13,3,12,15,6,14,20,2,4,6,78,93,171,171,134,0.783625730994152
2020-04-29,23,12,35,6,5,11,14,8,22,18,14,32,12,8,20,8,7,15,4,8,12,10,6,16,3,14,17,5,10,15,103,92,195,195,156,0.8
2020-04-30,18,11,29,9,2,11,8,7,15,8,9,17,11,10,21,9,12,21,9,8,17,8,11,19,8,17,25,8,7,15,96,94,190,190,154,0.8105263157894737
2020-05-01,2,13,15,6,6,12,1,7,8,11,9,20,10,6,16,7,3,10,10,6,16,7,9,16,8,11,19,0,2,2,62,72,134,134,114,0.8507462686567164
2020-05-02,6,16,22,6,6,12,8,2,10,9,7,16,6,5,11,7,2,9,3,4,7,8,1,9,5,11,16,1,4,5,59,58,117,117,117,1.0
2020-05-03,8,9,17,4,3,7,6,6,12,7,6,13,5,5,10,8,2,10,8,7,15,5,9,14,6,8,14,3,5,8,60,60,120,120,100,0.8333333333333334
2020-05-04,19,20,39,4,2,6,9,10,19,11,9,20,6,5,11,9,4,13,9,11,20,14,15,29,8,17,25,2,4,6,91,97,188,188,147,0.7819148936170213
2020-05-05,12,12,24,7,3,10,11,10,21,12,14,26,5,13,18,10,6,16,11,7,18,15,8,23,5,12,17,1,10,11,89,95,184,184,122,0.6630434782608695
2020-05-06,14,16,30,5,1,6,10,7,17,15,15,30,19,9,28,6,5,11,10,6,16,18,15,33,7,12,19,4,6,10,108,92,200,200,136,0.68
2020-05-07,17,11,28,7,5,12,14,7,21,11,12,23,15,11,26,5,6,11,7,7,14,17,6,23,6,13,19,1,7,8,100,85,185,185,117,0.6324324324324324
2020-05-08,16,13,29,7,5,12,14,8,22,12,16,28,15,11,26,15,4,19,8,11,19,12,9,21,11,12,23,2,12,14,112,101,213,213,232,1.0892018779342723
2020-05-09,19,12,31,4,1,5,7,12,19,4,8,12,9,8,17,5,6,11,6,6,12,12,3,15,5,11,16,5,8,13,76,75,151,151,140,0.9271523178807947
2020-05-10,8,8,16,2,3,5,8,10,18,6,6,12,5,7,12,4,6,10,8,6,14,8,13,21,5,12,17,1,5,6,55,76,131,130,112,0.8615384615384616
2020-05-11,17,17,34,6,5,11,7,8,15,13,12,25,14,11,25,9,7,16,10,6,16,13,9,22,13,18,31,4,15,19,106,108,214,214,152,0.7102803738317757
2020-05-12,19,10,29,7,10,17,26,20,46,20,8,28,9,15,24,6,4,10,9,8,17,8,10,18,9,14,23,5,12,17,118,111,229,229,162,0.7074235807860262
2020-05-13,27,17,44,8,9,17,19,11,30,16,21,37,14,7,21,11,9,20,9,9,18,9,8,17,8,15,23,1,8,9,122,114,236,236,211,0.8940677966101694
2020-05-14,22,24,46,10,14,24,12,19,31,19,18,37,11,8,19,8,12,20,10,12,22,10,9,19,10,13,23,2,15,17,114,144,258,258,236,0.9147286821705426
2020-05-15,20,22,42,7,7,14,7,11,18,14,14,28,9,16,25,11,6,17,11,9,20,7,6,13,8,20,28,5,9,14,99,120,219,218,193,0.8853211009174312
2020-05-16,12,17,29,7,7,14,5,12,17,9,16,25,7,8,15,7,7,14,8,7,15,9,7,16,6,4,10,5,14,19,75,99,174,174,224,1.2873563218390804
2020-05-17,21,13,34,4,7,11,10,11,21,7,8,15,8,11,19,5,4,9,8,7,15,5,5,10,11,12,23,3,4,7,82,82,164,164,122,0.7439024390243902
2020-05-18,21,23,44,8,12,20,24,20,44,21,19,40,11,20,31,14,10,24,15,14,29,17,13,30,17,13,30,1,11,12,149,155,304,304,225,0.7401315789473685
2020-05-19,18,18,36,15,14,29,27,24,51,32,22,54,24,16,40,15,13,28,16,12,28,10,19,29,12,22,34,3,9,12,172,169,341,341,240,0.7038123167155426
2020-05-20,28,39,67,14,16,30,26,23,49,41,17,58,16,15,31,12,12,24,16,16,32,13,11,24,12,16,28,6,5,11,184,170,354,354,228,0.6440677966101694
2020-05-21,33,33,66,19,11,30,28,23,51,26,29,55,16,21,37,18,12,30,13,6,19,14,7,21,7,16,23,1,4,5,175,162,337,337,177,0.5252225519287834
2020-05-22,34,17,51,13,16,29,30,30,60,22,25,47,17,14,31,12,10,22,7,10,17,10,11,21,8,16,24,6,13,19,159,162,321,321,152,0.4735202492211838
2020-05-23,20,19,39,14,16,30,22,18,40,25,16,41,8,16,24,9,8,17,12,11,23,8,13,21,9,6,15,2,2,4,129,125,254,254,156,0.6141732283464567
2020-05-24,17,19,36,7,8,15,14,11,25,13,13,26,10,4,14,7,4,11,11,7,18,11,9,20,5,12,17,2,6,8,97,93,190,190,135,0.7105263157894737
2020-05-25,27,23,50,18,21,39,23,27,50,15,18,33,18,10,28,5,8,13,8,8,16,11,6,17,10,15,25,2,9,11,137,145,282,282,156,0.5531914893617021
2020-05-26,35,30,65,21,22,43,36,32,68,46,36,82,18,27,45,11,20,31,9,6,15,16,6,22,9,14,23,3,10,13,204,203,407,407,299,0.7346437346437347
2020-05-27,43,32,75,12,18,30,21,31,52,24,18,42,17,12,29,18,14,32,10,8,18,7,14,21,4,14,18,4,2,6,160,163,323,323,242,0.7492260061919505
2020-05-28,26,43,69,18,12,30,25,32,57,27,20,47,24,22,46,15,21,36,9,12,21,10,9,19,14,17,31,4,13,17,172,201,373,373,280,0.7506702412868632
2020-05-29,35,32,67,22,19,41,36,35,71,29,39,68,30,21,51,15,20,35,15,11,26,16,11,27,14,17,31,2,4,6,214,209,423,423,317,0.7494089834515366
2020-05-30,28,23,51,14,11,25,35,24,59,31,14,45,12,19,31,12,13,25,8,6,14,10,11,21,7,11,18,1,7,8,158,139,297,296,134,0.4527027027027027
2020-05-31,26,16,42,11,12,23,15,10,25,16,9,25,14,10,24,5,10,15,8,4,12,11,6,17,5,10,15,1,8,9,112,95,207,207,107,0.5169082125603864
2020-06-01,32,29,61,22,19,41,32,40,72,27,35,62,16,22,38,16,14,30,24,16,40,12,9,21,6,9,15,5,4,9,192,197,389,389,258,0.6632390745501285
2020-06-02,43,29,72,20,19,39,32,27,59,24,26,50,17,19,36,12,16,28,16,12,28,22,12,34,7,16,23,4,12,16,197,188,385,385,229,0.5948051948051948
2020-06-03,37,23,60,15,28,43,28,26,54,26,37,63,16,22,38,9,12,21,15,15,30,18,12,30,10,16,26,2,9,11,176,200,376,376,206,0.5478723404255319
2020-06-04,33,31,64,19,24,43,34,28,62,18,27,45,20,17,37,27,15,42,11,7,18,20,13,33,10,18,28,2,9,11,194,189,383,380,235,0.618421052631579
2020-06-05,43,40,83,16,20,36,34,28,62,30,36,66,28,27,55,24,21,45,16,15,31,17,11,28,11,20,31,4,9,13,223,227,450,450,385,0.8555555555555555
2020-06-06,26,23,49,16,11,27,19,17,36,28,25,53,14,17,31,12,10,22,11,12,23,13,8,21,11,17,28,1,9,10,151,149,300,295,226,0.7661016949152543
2020-06-07,22,23,45,15,12,27,20,20,40,17,14,31,19,8,27,10,8,18,8,4,12,8,7,15,11,11,22,2,8,10,132,115,247,244,137,0.5614754098360656
2020-06-08,30,34,64,21,21,42,36,27,63,40,35,75,35,22,57,17,18,35,15,11,26,15,15,30,12,16,28,4,7,11,225,206,431,430,276,0.641860465116279
2020-06-09,55,32,87,22,23,45,19,40,59,29,32,61,29,22,51,17,7,24,12,9,21,10,14,24,12,26,38,3,12,15,208,217,425,423,348,0.8226950354609929
2020-06-10,26,37,63,14,19,33,41,22,63,31,39,70,30,23,53,23,19,42,20,13,33,21,24,45,5,20,25,6,15,21,217,231,448,448,303,0.6763392857142857
2020-06-11,39,39,78,13,19,32,31,29,60,38,29,67,17,26,43,17,23,40,12,22,34,16,16,32,7,26,33,3,15,18,193,244,437,437,294,0.6727688787185355
2020-06-12,37,42,79,9,25,34,51,38,89,45,50,95,34,32,66,18,19,37,28,16,44,15,14,29,6,21,27,4,9,13,247,266,513,513,336,0.6549707602339181
2020-06-13,36,28,64,23,20,43,36,37,73,35,28,63,9,24,33,19,16,35,11,6,17,12,8,20,8,16,24,2,6,8,191,189,380,380,262,0.6894736842105263
2020-06-14,20,28,48,20,18,38,25,21,46,19,16,35,19,12,31,12,17,29,11,6,17,3,13,16,13,21,34,1,8,9,143,160,303,303,206,0.6798679867986799
2020-06-15,35,32,67,26,19,45,30,29,59,21,25,46,19,17,36,13,12,25,12,5,17,13,10,23,6,16,22,2,10,12,177,175,352,352,207,0.5880681818181818
2020-06-16,52,60,112,21,20,41,61,48,109,44,36,80,38,24,62,20,16,36,15,13,28,16,7,23,13,23,36,3,14,17,283,261,544,544,334,0.6139705882352942
2020-06-17,42,44,86,23,27,50,51,39,90,40,47,87,34,27,61,24,14,38,15,14,29,9,20,29,18,16,34,1,8,9,257,256,513,513,411,0.8011695906432749
2020-06-18,49,44,93,20,15,35,61,44,105,50,53,103,44,23,67,33,22,55,20,19,39,13,14,27,15,24,39,2,11,13,307,269,576,576,488,0.8472222222222222
2020-06-19,55,32,87,13,28,41,36,39,75,63,44,107,37,42,79,39,22,61,29,19,48,19,18,37,18,19,37,7,14,21,316,277,593,593,620,1.045531197301855
2020-06-20,32,36,68,19,20,39,34,26,60,36,30,66,23,30,53,17,20,37,15,13,28,10,9,19,7,15,22,4,5,9,197,204,401,401,229,0.571072319201995
2020-06-21,33,20,53,17,17,34,28,32,60,21,31,52,17,8,25,14,10,24,9,10,19,11,7,18,6,9,15,1,7,8,157,151,308,308,139,0.4512987012987013
2020-06-22,48,43,91,28,26,54,37,45,82,52,29,81,32,31,63,24,29,53,16,20,36,18,15,33,6,22,28,2,12,14,263,272,535,535,356,0.6654205607476635
2020-06-23,48,44,92,28,31,59,50,43,93,58,42,100,35,43,78,16,33,49,19,20,39,11,13,24,11,15,26,2,6,8,278,290,568,568,330,0.5809859154929577
2020-06-24,43,46,89,26,23,49,48,51,99,40,50,90,41,30,71,21,31,52,13,16,29,9,15,24,15,14,29,2,4,6,258,280,538,538,249,0.4628252788104089
2020-06-25,50,54,104,35,40,75,41,42,83,45,36,81,39,33,72,36,31,67,11,17,28,11,13,24,9,12,21,5,5,10,282,283,565,565,376,0.6654867256637168
2020-06-26,44,38,82,35,27,62,59,48,107,44,43,87,37,35,72,19,32,51,23,19,42,12,17,29,11,20,31,1,9,10,285,288,573,573,299,0.5218150087260035
2020-06-27,61,57,118,31,39,70,38,48,86,31,32,63,28,24,52,21,15,36,15,7,22,3,13,16,8,7,15,4,6,10,240,248,488,488,258,0.5286885245901639
2020-06-28,42,22,64,14,18,32,17,40,57,29,32,61,20,24,44,22,14,36,10,7,17,8,9,17,8,12,20,6,7,13,176,185,361,361,187,0.518005540166205
2020-06-29,45,48,93,35,39,74,46,40,86,55,37,92,25,27,52,16,32,48,25,11,36,15,16,31,12,18,30,3,7,10,277,275,552,552,320,0.5797101449275363
2020-06-30,33,43,76,15,30,45,54,35,89,36,45,81,37,36,73,28,26,54,24,10,34,17,10,27,6,19,25,2,11,13,252,265,517,516,268,0.5193798449612403
2020-07-01,45,37,82,17,28,45,57,46,103,40,37,77,31,32,63,22,29,51,18,16,34,15,14,29,9,21,30,3,6,9,257,266,523,522,321,0.6149425287356322
2020-07-02,57,55,112,24,32,56,47,52,99,45,44,89,39,32,71,20,21,41,19,13,32,12,16,28,11,10,21,3,5,8,277,280,557,557,222,0.3985637342908438
2020-07-03,56,40,96,31,23,54,45,35,80,54,55,109,25,33,58,26,20,46,19,15,34,11,15,26,10,17,27,3,4,7,280,257,537,537,279,0.5195530726256983
2020-07-04,37,36,73,22,23,45,35,42,77,30,31,61,29,22,51,23,16,39,13,11,24,11,16,27,5,11,16,3,7,10,208,215,423,423,184,0.43498817966903075
2020-07-05,26,37,63,21,12,33,31,35,66,28,37,65,14,24,38,17,20,37,20,15,35,15,15,30,9,15,24,4,8,12,185,218,403,403,196,0.48635235732009924
2020-07-06,32,35,67,21,21,42,44,44,88,54,33,87,38,38,76,35,28,63,25,25,50,18,27,45,10,25,35,3,8,11,280,284,564,564,185,0.3280141843971631
2020-07-07,49,67,116,31,34,65,54,52,106,57,44,101,32,35,67,29,31,60,18,14,32,13,13,26,10,23,33,7,12,19,300,325,625,625,247,0.3952
2020-07-08,44,35,79,29,31,60,54,47,101,42,46,88,46,46,92,23,32,55,18,20,38,17,20,37,10,16,26,4,14,18,287,307,594,594,277,0.4663299663299663
2020-07-09,34,27,61,17,14,31,32,31,63,45,30,75,35,31,66,15,14,29,12,16,28,8,23,31,5,16,21,7,8,15,210,210,420,420,161,0.38333333333333336
2020-07-10,31,27,58,23,24,47,34,34,68,31,37,68,23,25,48,16,19,35,20,19,39,17,12,29,13,17,30,1,10,11,209,224,433,433,163,0.37644341801385683
2020-07-11,30,40,70,22,13,35,27,28,55,28,33,61,27,29,56,20,30,50,21,14,35,13,26,39,6,23,29,3,12,15,197,248,445,445,239,0.5370786516853933
2020-07-12,27,18,45,16,10,26,26,22,48,26,18,44,18,17,35,9,13,22,12,11,23,10,8,18,6,13,19,4,6,10,154,136,290,290,107,0.3689655172413793
2020-07-13,39,48,87,30,25,55,46,49,95,46,44,90,45,46,91,29,41,70,33,26,59,22,37,59,15,46,61,2,24,26,307,386,693,693,404,0.5829725829725829
2020-07-14,50,40,90,30,23,53,41,32,73,72,54,126,43,43,86,36,17,53,23,28,51,19,28,47,6,19,25,7,15,22,327,299,626,626,277,0.4424920127795527
2020-07-15,38,48,86,42,25,67,43,72,115,70,71,141,46,48,94,27,38,65,22,25,47,14,20,34,14,16,30,7,6,13,323,369,692,692,286,0.41329479768786126
2020-07-16,49,30,79,25,37,62,54,60,114,65,47,112,41,54,95,30,40,70,20,19,39,18,20,38,19,32,51,2,17,19,323,356,679,679,382,0.5625920471281296
2020-07-17,50,41,91,30,28,58,33,55,88,48,58,106,43,64,107,33,41,74,28,31,59,18,20,38,17,19,36,4,9,13,304,366,670,670,330,0.4925373134328358
2020-07-18,29,35,64,19,18,37,47,44,91,39,48,87,29,38,67,27,24,51,26,25,51,15,11,26,16,22,38,2,6,8,249,271,520,520,290,0.5576923076923077
2020-07-19,35,40,75,18,25,43,34,30,64,34,39,73,31,30,61,25,25,50,18,14,32,14,9,23,10,18,28,2,7,9,221,237,458,458,176,0.38427947598253276
2020-07-20,61,49,110,39,38,77,58,58,116,59,79,138,44,72,116,35,43,78,30,43,73,24,27,51,21,20,41,3,12,15,374,441,815,815,336,0.41226993865030676
2020-07-21,49,39,88,28,27,55,61,48,109,66,64,130,48,46,94,38,42,80,25,30,55,26,26,52,14,26,40,5,9,14,360,357,717,717,292,0.4072524407252441
2020-07-22,69,44,113,28,30,58,78,68,146,74,69,143,65,56,121,35,39,74,20,28,48,30,23,53,14,34,48,1,11,12,414,402,816,816,346,0.42401960784313725
2020-07-23,53,49,102,29,34,63,65,66,131,66,69,135,43,45,88,34,31,65,18,27,45,17,22,39,8,23,31,7,8,15,340,374,714,714,385,0.5392156862745098
2020-07-24,43,49,92,32,28,60,72,62,134,56,70,126,49,53,102,37,31,68,33,17,50,16,22,38,12,25,37,2,14,16,352,371,723,723,348,0.48132780082987553
2020-07-25,45,40,85,28,20,48,47,52,99,51,55,106,35,38,73,17,21,38,18,21,39,14,22,36,12,14,26,5,3,8,272,286,558,558,297,0.532258064516129
2020-07-26,37,33,70,16,19,35,30,24,54,29,36,65,33,19,52,19,20,39,12,13,25,15,13,28,9,22,31,5,6,11,205,205,410,410,204,0.4975609756097561
2020-07-27,40,42,82,37,28,65,53,52,105,65,59,124,51,57,108,34,50,84,27,36,63,18,21,39,18,21,39,5,21,26,348,387,735,735,333,0.4530612244897959
2020-07-28,52,51,103,30,29,59,77,81,158,67,65,132,53,48,101,49,46,95,38,30,68,17,33,50,11,26,37,5,20,25,399,429,828,828,329,0.3973429951690821
2020-07-29,57,51,108,31,33,64,76,64,140,64,71,135,68,60,128,39,47,86,32,36,68,25,24,49,19,36,55,8,24,32,419,446,865,865,350,0.4046242774566474
2020-07-30,58,47,105,40,49,89,92,70,162,76,70,146,64,55,119,48,45,93,27,30,57,18,20,38,8,20,28,2,8,10,433,414,847,847,376,0.44391971664698937
2020-07-31,44,59,103,23,30,53,57,76,133,86,89,175,62,50,112,40,43,83,28,32,60,20,30,50,10,29,39,6,16,22,376,454,830,830,420,0.5060240963855421
2020-08-01,39,36,75,20,29,49,38,52,90,39,52,91,32,43,75,32,30,62,22,10,32,20,18,38,13,23,36,1,13,14,256,306,562,562,294,0.5231316725978647
2020-08-02,43,35,78,21,25,46,33,33,66,43,40,83,29,42,71,18,28,46,10,17,27,8,17,25,12,16,28,2,7,9,219,260,479,479,217,0.453027139874739
2020-08-03,54,60,114,34,40,74,64,72,136,67,57,124,41,56,97,38,41,79,31,24,55,14,22,36,13,32,45,5,14,19,361,418,779,779,398,0.5109114249037228
2020-08-04,62,44,106,41,43,84,82,54,136,78,72,150,66,57,123,47,39,86,33,27,60,18,25,43,17,30,47,5,14,19,449,405,854,854,375,0.43911007025761123
2020-08-05,57,54,111,42,32,74,71,69,140,59,72,131,42,58,100,45,51,96,32,32,64,28,24,52,15,23,38,3,10,13,394,425,819,819,545,0.6654456654456654
2020-08-06,54,46,100,30,43,73,71,72,143,69,80,149,59,65,124,37,42,79,31,25,56,21,23,44,16,28,44,5,13,18,393,437,830,829,465,0.5609167671893848
2020-08-07,66,53,119,32,29,61,71,79,150,75,74,149,48,75,123,41,37,78,22,33,55,25,32,57,14,40,54,5,20,25,399,472,871,871,415,0.4764638346727899
2020-08-08,45,41,86,26,27,53,40,47,87,68,63,131,42,52,94,33,38,71,21,25,46,15,29,44,12,38,50,1,26,27,303,386,689,689,226,0.32801161103047893
2020-08-09,34,35,69,23,15,38,36,47,83,46,34,80,33,52,85,36,40,76,20,21,41,19,26,45,16,47,63,4,18,22,267,335,602,602,206,0.34219269102990035
2020-08-10,62,55,117,38,33,71,78,75,153,75,64,139,66,63,129,52,55,107,21,24,45,15,27,42,14,25,39,4,14,18,425,435,860,860,321,0.3732558139534884
2020-08-11,53,48,101,46,30,76,78,73,151,95,81,176,74,77,151,47,51,98,41,36,77,30,56,86,18,47,65,7,24,31,489,523,1012,1012,401,0.39624505928853754
2020-08-12,51,52,103,45,43,88,65,82,147,62,110,172,66,68,134,45,45,90,31,32,63,16,29,45,11,21,32,4,17,21,396,499,895,895,322,0.35977653631284917
2020-08-13,41,49,90,44,40,84,95,85,180,95,108,203,63,74,137,52,52,104,26,37,63,29,22,51,13,24,37,5,15,20,463,506,969,969,368,0.3797729618163055
2020-08-14,36,43,79,31,35,66,93,97,190,81,99,180,72,55,127,49,55,104,35,36,71,24,34,58,13,22,35,3,13,16,437,489,926,926,374,0.4038876889848812
2020-08-15,52,34,86,44,36,80,47,65,112,57,77,134,41,64,105,30,37,67,28,29,57,22,41,63,15,50,65,4,21,25,340,454,794,794,306,0.3853904282115869
2020-08-16,37,26,63,19,17,36,48,47,95,43,49,92,20,40,60,26,29,55,15,24,39,16,18,34,11,33,44,4,20,24,239,303,542,541,225,0.41589648798521256
2020-08-17,40,22,62,30,25,55,62,57,119,67,71,138,59,58,117,44,54,98,18,40,58,18,17,35,11,21,32,0,12,12,349,377,726,726,293,0.4035812672176309
2020-08-18,56,52,108,36,31,67,74,67,141,97,92,189,62,68,130,35,68,103,26,35,61,23,30,53,10,21,31,0,16,16,419,480,899,899,318,0.35372636262513907
2020-08-19,56,47,103,33,38,71,52,80,132,77,72,149,51,64,115,42,38,80,23,32,55,18,39,57,17,38,55,6,20,26,375,468,843,843,273,0.3238434163701068
2020-08-20,41,47,88,31,31,62,70,79,149,65,78,143,43,59,102,40,48,88,29,36,65,19,21,40,14,24,38,3,13,16,355,436,791,791,322,0.40707964601769914
2020-08-21,39,58,97,35,31,66,61,69,130,74,83,157,65,59,124,45,60,105,37,39,76,26,41,67,13,39,52,4,11,15,399,490,889,889,391,0.4398200224971879
2020-08-22,26,26,52,29,25,54,49,52,101,51,74,125,45,44,89,29,26,55,32,26,58,16,32,48,13,23,36,5,20,25,295,348,643,643,300,0.4665629860031104
2020-08-23,33,39,72,18,15,33,33,41,74,38,46,84,37,29,66,26,34,60,22,24,46,10,23,33,13,9,22,5,4,9,235,264,499,499,160,0.32064128256513025
2020-08-24,60,58,118,38,34,72,62,76,138,70,90,160,57,72,129,57,44,101,33,45,78,23,31,54,16,28,44,5,20,25,421,498,919,919,373,0.4058759521218716
2020-08-25,44,49,93,41,32,73,71,102,173,80,96,176,59,63,122,37,56,93,28,35,63,18,24,42,16,34,50,6,18,24,400,509,909,909,363,0.39933993399339934
2020-08-26,60,37,97,38,42,80,92,81,173,86,81,167,52,72,124,49,55,104,34,34,68,25,31,56,17,30,47,3,16,19,456,479,935,935,359,0.3839572192513369
2020-08-27,56,48,104,50,53,103,91,77,168,86,83,169,71,73,144,55,52,107,26,37,63,28,25,53,18,31,49,5,20,25,486,499,985,985,365,0.37055837563451777
2020-08-28,47,44,91,52,42,94,101,105,206,82,93,175,69,89,158,56,73,129,33,45,78,36,38,74,15,31,46,3,10,13,494,570,1064,1064,467,0.43890977443609025
2020-08-29,35,28,63,21,23,44,70,65,135,55,88,143,63,51,114,37,37,74,36,23,59,21,22,43,10,26,36,4,16,20,352,379,731,731,392,0.5362517099863201
2020-08-30,31,42,73,31,24,55,49,52,101,56,46,102,47,51,98,34,30,64,21,27,48,14,20,34,7,14,21,3,7,10,293,313,606,606,189,0.3118811881188119
2020-08-31,50,37,87,43,37,80,88,75,163,73,81,154,60,71,131,43,46,89,32,40,72,28,39,67,22,40,62,2,13,15,441,479,920,920,515,0.5597826086956522
2020-09-01,55,49,104,30,47,77,80,86,166,103,98,201,75,63,138,43,68,111,26,28,54,18,27,45,16,48,64,7,16,23,453,530,983,982,399,0.4063136456211813
2020-09-02,45,31,76,27,30,57,67,85,152,71,89,160,56,58,114,46,48,94,23,30,53,34,26,60,14,32,46,3,28,31,386,457,843,843,445,0.527876631079478
2020-09-03,47,43,90,45,36,81,89,97,186,105,104,209,63,68,131,52,48,100,32,39,71,24,28,52,17,33,50,3,10,13,477,506,983,983,403,0.40996948118006105
2020-09-04,51,55,106,38,41,79,76,87,163,91,92,183,67,85,152,41,54,95,39,44,83,31,29,60,18,27,45,4,15,19,456,529,985,985,441,0.44771573604060916
2020-09-05,35,30,65,20,17,37,60,58,118,64,84,148,48,77,125,29,35,64,31,32,63,22,23,45,15,23,38,2,8,10,326,387,713,713,412,0.5778401122019635
2020-09-06,34,33,67,22,23,45,36,49,85,46,44,90,36,40,76,20,33,53,20,25,45,9,28,37,13,16,29,1,9,10,237,300,537,537,225,0.41899441340782123
2020-09-07,42,42,84,33,37,70,83,88,171,97,94,191,64,80,144,50,73,123,40,40,80,23,26,49,15,31,46,6,15,21,453,526,979,979,421,0.43003064351378956
2020-09-08,42,48,90,38,40,78,75,86,161,97,97,194,66,69,135,54,53,107,32,47,79,32,31,63,18,28,46,5,21,26,459,520,979,979,431,0.4402451481103167
2020-09-09,52,43,95,33,48,81,83,84,167,84,81,165,73,67,140,55,55,110,32,46,78,23,31,54,16,37,53,1,20,21,452,512,964,964,491,0.5093360995850622
2020-09-10,42,30,72,44,35,79,100,94,194,103,113,216,84,79,163,51,53,104,30,38,68,28,30,58,10,31,41,2,18,20,494,521,1015,1015,523,0.5152709359605911
2020-09-11,49,43,92,52,38,90,86,67,153,79,98,177,68,83,151,55,74,129,44,37,81,28,30,58,19,33,52,3,9,12,483,512,995,995,519,0.521608040201005
2020-09-12,37,24,61,27,28,55,44,53,97,48,66,114,33,50,83,36,46,82,31,29,60,21,23,44,13,32,45,2,14,16,292,365,657,657,341,0.5190258751902588
2020-09-13,40,34,74,20,24,44,45,57,102,45,62,107,32,42,74,35,32,67,32,28,60,16,11,27,3,16,19,5,9,14,273,315,588,588,230,0.391156462585034
2020-09-14,55,53,108,43,39,82,80,104,184,91,86,177,56,76,132,64,68,132,44,54,98,30,32,62,22,24,46,1,9,10,486,545,1031,1031,436,0.42289039767216297
2020-09-15,57,35,92,31,24,55,77,59,136,77,103,180,61,60,121,39,47,86,42,41,83,26,37,63,15,34,49,1,12,13,426,452,878,878,445,0.5068337129840547
2020-09-16,62,54,116,54,55,109,92,113,205,77,109,186,72,77,149,51,58,109,39,46,85,24,25,49,16,30,46,3,11,14,490,578,1068,1068,385,0.3604868913857678
2020-09-17,47,40,87,31,50,81,84,80,164,71,87,158,73,96,169,62,64,126,45,48,93,31,28,59,17,22,39,3,8,11,464,523,987,987,480,0.48632218844984804
2020-09-18,59,56,115,31,50,81,81,93,174,87,115,202,63,76,139,50,58,108,35,49,84,36,29,65,12,25,37,4,14,18,458,565,1023,1023,431,0.42130987292277616
2020-09-19,21,43,64,24,36,60,44,41,85,53,58,111,34,30,64,29,31,60,35,32,67,17,22,39,15,20,35,4,8,12,276,321,597,597,279,0.46733668341708545
2020-09-20,33,35,68,30,33,63,43,40,83,51,38,89,34,41,75,19,35,54,16,22,38,19,20,39,5,16,21,3,7,10,253,287,540,540,151,0.2796296296296296
2020-09-21,56,44,100,37,49,86,75,73,148,81,95,176,56,76,132,49,46,95,40,49,89,30,30,60,14,19,33,1,12,13,439,493,932,932,407,0.4366952789699571
2020-09-22,64,57,121,49,50,99,80,95,175,81,83,164,73,63,136,57,57,114,47,35,82,30,37,67,13,36,49,3,14,17,497,527,1024,1024,360,0.3515625
2020-09-23,57,45,102,37,36,73,61,90,151,72,100,172,54,62,116,46,51,97,42,44,86,20,42,62,9,24,33,3,9,12,401,503,904,904,335,0.37057522123893805
2020-09-24,63,52,115,51,52,103,88,74,162,87,92,179,67,70,137,39,45,84,23,57,80,23,32,55,22,28,50,7,22,29,470,524,994,994,372,0.37424547283702214
2020-09-25,53,41,94,42,35,77,72,83,155,75,72,147,71,64,135,45,46,91,45,49,94,24,28,52,19,26,45,0,11,11,446,455,901,901,420,0.46614872364039955
2020-09-26,28,30,58,28,26,54,43,36,79,56,49,105,39,42,81,31,45,76,28,24,52,21,14,35,8,15,23,4,8,12,286,289,575,575,240,0.41739130434782606
2020-09-27,34,36,70,20,27,47,43,53,96,46,49,95,44,43,87,27,33,60,23,23,46,7,18,25,9,14,23,2,6,8,255,302,557,557,175,0.3141831238779174
2020-09-28,55,47,102,37,27,64,54,65,119,80,78,158,79,54,133,64,62,126,47,31,78,23,28,51,16,23,39,4,16,20,459,431,890,890,377,0.42359550561797754
2020-09-29,61,55,116,48,56,104,90,77,167,106,102,208,75,66,141,51,43,94,44,47,91,30,54,84,24,37,61,1,24,25,530,561,1091,1091,324,0.29697525206232817
2020-09-30,61,58,119,37,42,79,82,94,176,76,80,156,63,62,125,55,60,115,41,53,94,29,32,61,14,26,40,3,9,12,461,516,977,977,390,0.3991811668372569
2020-10-01,58,74,132,42,65,107,86,104,190,93,98,191,61,69,130,48,54,102,44,50,94,32,46,78,10,17,27,3,11,14,477,588,1065,1065,449,0.4215962441314554
2020-10-02,77,62,139,42,45,87,75,89,164,75,93,168,55,75,130,50,44,94,45,44,89,30,42,72,12,38,50,5,14,19,466,546,1012,1012,527,0.5207509881422925
2020-10-03,36,38,74,28,41,69,56,52,108,57,56,113,44,45,89,42,27,69,28,31,59,22,21,43,8,23,31,4,5,9,325,339,664,664,296,0.4457831325301205
2020-10-04,40,38,78,27,26,53,55,60,115,39,47,86,40,43,83,25,27,52,23,20,43,17,18,35,9,23,32,1,3,4,276,305,581,581,250,0.43029259896729777
2020-10-05,37,49,86,37,31,68,79,71,150,102,93,195,84,68,152,59,61,120,67,45,112,35,50,85,20,31,51,3,7,10,523,506,1029,1029,459,0.446064139941691
2020-10-06,45,64,109,41,48,89,73,69,142,84,84,168,85,60,145,58,58,116,43,47,90,33,38,71,18,28,46,6,9,15,486,505,991,991,352,0.35519677093844604
2020-10-07,64,42,106,34,35,69,80,85,165,94,97,191,69,75,144,48,73,121,48,46,94,28,38,66,16,26,42,3,7,10,484,524,1008,1008,345,0.34226190476190477
2020-10-08,61,42,103,40,39,79,66,82,148,72,86,158,69,65,134,49,54,103,42,38,80,37,36,73,11,29,40,4,19,23,451,490,941,941,389,0.41339001062699254
2020-10-09,48,61,109,51,45,96,53,95,148,88,105,193,54,73,127,43,62,105,34,44,78,29,37,66,10,23,33,4,16,20,414,561,975,975,489,0.5015384615384615
2020-10-10,25,43,68,30,24,54,55,53,108,57,54,111,44,46,90,37,47,84,29,31,60,13,25,38,16,21,37,6,10,16,312,354,666,666,372,0.5585585585585585
2020-10-11,45,35,80,26,22,48,32,58,90,45,71,116,37,40,77,37,31,68,33,24,57,16,21,37,11,18,29,1,6,7,283,326,609,609,343,0.5632183908045977
2020-10-12,39,35,74,41,30,71,51,63,114,63,59,122,37,50,87,32,50,82,43,37,80,20,31,51,15,23,38,0,9,9,341,387,728,728,318,0.4368131868131868
2020-10-13,61,59,120,48,32,80,81,79,160,85,101,186,60,73,133,67,68,135,47,48,95,34,47,81,18,38,56,4,13,17,505,558,1063,1063,484,0.4553151458137347
2020-10-14,50,53,103,37,42,79,77,89,166,75,81,156,52,63,115,41,51,92,45,37,82,33,42,75,17,21,38,0,14,14,427,493,920,920,420,0.45652173913043476
2020-10-15,56,48,104,38,41,79,81,83,164,94,79,173,82,76,158,62,57,119,49,51,100,27,33,60,15,28,43,6,10,16,510,506,1016,1016,389,0.3828740157480315
2020-10-16,69,47,116,49,55,104,111,122,233,102,80,182,72,89,161,57,66,123,48,56,104,31,47,78,20,41,61,2,27,29,561,630,1191,1191,492,0.41309823677581864
2020-10-17,38,36,74,33,31,64,66,56,122,65,75,140,47,49,96,32,36,68,35,38,73,32,24,56,11,22,33,3,7,10,362,374,736,736,323,0.4388586956521739
2020-10-18,32,32,64,23,16,39,27,34,61,49,67,116,24,33,57,38,18,56,22,19,41,12,18,30,8,16,24,1,5,6,236,258,494,494,307,0.6214574898785425
2020-10-19,84,60,144,44,52,96,89,101,190,102,127,229,86,118,204,63,70,133,59,51,110,37,56,93,14,34,48,1,9,10,579,678,1257,1257,656,0.5218774860779634
2020-10-20,65,69,134,62,48,110,103,94,197,86,94,180,88,108,196,62,61,123,54,45,99,31,45,76,24,36,60,0,15,15,575,615,1190,1190,858,0.7210084033613445
2020-10-21,44,40,84,63,45,108,83,95,178,73,85,158,63,70,133,56,45,101,46,43,89,29,31,60,17,32,49,2,4,6,476,490,966,966,583,0.6035196687370601
2020-10-22,45,46,91,61,61,122,67,78,145,61,86,147,69,62,131,49,51,100,24,48,72,21,35,56,14,25,39,3,8,11,414,500,914,914,627,0.6859956236323851
2020-10-23,46,39,85,37,30,67,50,58,108,55,65,120,44,69,113,40,41,81,36,43,79,34,28,62,13,19,32,4,15,19,359,407,766,766,626,0.8172323759791122
2020-10-24,29,26,55,19,21,40,47,29,76,38,45,83,32,39,71,22,33,55,20,30,50,23,23,46,7,22,29,2,10,12,239,278,517,517,484,0.9361702127659575
2020-10-25,42,29,71,21,30,51,46,47,93,36,75,111,43,38,81,24,48,72,20,29,49,20,23,43,5,13,18,2,2,4,259,334,593,593,549,0.9258010118043845
2020-10-26,54,44,98,53,47,100,65,64,129,79,89,168,49,77,126,53,64,117,41,41,82,35,37,72,11,26,37,1,9,10,441,498,939,939,793,0.8445154419595314
2020-10-27,51,54,105,39,33,72,89,87,176,70,86,156,77,71,148,55,71,126,50,61,111,30,44,74,15,27,42,3,6,9,479,540,1019,1019,884,0.8675171736997056
2020-10-28,50,54,104,41,41,82,68,74,142,81,92,173,47,72,119,59,62,121,42,38,80,21,32,53,11,26,37,3,11,14,423,502,925,925,766,0.8281081081081081
2020-10-29,42,40,82,36,35,71,89,80,169,86,82,168,48,76,124,43,50,93,40,42,82,21,27,48,11,24,35,1,7,8,417,463,880,880,841,0.9556818181818182
2020-10-30,46,32,78,23,40,63,54,74,128,68,79,147,60,71,131,38,53,91,41,54,95,23,31,54,19,24,43,4,14,18,376,472,848,848,660,0.7783018867924528
2020-10-31,34,25,59,19,16,35,39,33,72,39,66,105,33,42,75,28,30,58,29,40,69,21,28,49,8,15,23,2,9,11,252,304,556,556,466,0.8381294964028777
2020-11-01,53,43,96,26,34,60,55,63,118,47,59,106,44,39,83,29,40,69,22,44,66,20,22,42,7,18,25,3,4,7,306,366,672,672,551,0.8199404761904762
2020-11-02,47,57,104,40,44,84,70,82,152,81,77,158,71,72,143,45,47,92,43,51,94,35,36,71,13,18,31,1,10,11,446,494,940,940,764,0.8127659574468085
2020-11-03,35,38,73,20,35,55,52,78,130,64,65,129,52,42,94,40,38,78,36,34,70,33,33,66,17,29,46,1,12,13,350,404,754,754,575,0.7625994694960212
2020-11-04,48,47,95,37,38,75,98,91,189,78,92,170,82,79,161,62,59,121,58,58,116,36,35,71,21,34,55,6,13,19,526,546,1072,1072,635,0.5923507462686567
2020-11-05,63,52,115,71,58,129,112,100,212,109,92,201,86,86,172,64,70,134,42,59,101,34,35,69,17,24,41,4,10,14,602,586,1188,1188,784,0.6599326599326599
2020-11-06,32,43,75,35,41,76,63,54,117,46,73,119,45,41,86,43,51,94,33,49,82,33,45,78,16,30,46,3,7,10,349,434,783,783,617,0.7879948914431673
2020-11-07,38,39,77,24,31,55,46,53,99,38,60,98,49,53,102,40,47,87,44,48,92,34,28,62,20,18,38,7,6,13,340,383,723,723,574,0.7939142461964038
2020-11-08,48,55,103,21,36,57,58,60,118,55,79,134,48,51,99,36,45,81,33,45,78,21,27,48,9,15,24,2,5,7,331,418,749,749,614,0.8197596795727636
2020-11-09,74,62,136,62,41,103,67,93,160,92,107,199,78,80,158,62,65,127,49,51,100,25,44,69,26,33,59,4,10,14,539,586,1125,1125,875,0.7777777777777778
2020-11-10,43,39,82,42,43,85,74,59,133,83,84,167,50,51,101,45,42,87,58,44,102,27,32,59,22,26,48,5,12,17,449,432,881,881,575,0.6526674233825198
2020-11-11,61,47,108,37,45,82,85,94,179,80,75,155,74,76,150,71,61,132,35,41,76,33,36,69,20,35,55,5,17,22,501,527,1028,1028,684,0.6653696498054474
2020-11-12,64,54,118,38,39,77,84,90,174,109,95,204,81,80,161,58,56,114,50,58,108,33,48,81,19,36,55,3,11,14,539,567,1106,1106,701,0.6338155515370705
2020-11-13,58,38,96,45,44,89,88,101,189,65,89,154,65,70,135,46,53,99,55,60,115,35,45,80,20,39,59,5,13,18,482,552,1034,1034,652,0.6305609284332688
2020-11-14,63,56,119,30,26,56,43,56,99,68,63,131,45,54,99,39,42,81,41,25,66,24,40,64,12,20,32,4,3,7,369,385,754,754,557,0.7387267904509284
2020-11-15,58,61,119,45,26,71,59,68,127,68,60,128,53,54,107,50,49,99,49,42,91,25,35,60,10,24,34,0,11,11,417,430,847,847,654,0.7721369539551358
2020-11-16,56,58,114,58,45,103,60,59,119,77,92,169,73,64,137,37,55,92,46,40,86,31,43,74,15,25,40,3,13,16,456,494,950,950,588,0.6189473684210526
2020-11-17,59,66,125,51,45,96,89,106,195,102,108,210,78,86,164,58,66,124,64,74,138,43,52,95,19,41,60,5,15,20,568,659,1227,1227,869,0.7082314588427058
2020-11-18,55,54,109,64,42,106,87,91,178,102,113,215,61,74,135,52,53,105,45,45,90,46,41,87,13,41,54,2,5,7,527,559,1086,1086,749,0.6896869244935543
2020-11-19,63,55,118,59,52,111,89,114,203,87,104,191,70,87,157,56,59,115,39,55,94,36,32,68,22,36,58,3,7,10,524,601,1125,1125,790,0.7022222222222222
2020-11-20,58,50,108,40,51,91,79,83,162,82,88,170,64,86,150,47,56,103,50,41,91,30,31,61,18,29,47,4,13,17,472,528,1000,1000,716,0.716
2020-11-21,45,48,93,28,40,68,52,61,113,66,57,123,50,54,104,35,45,80,36,40,76,23,21,44,10,17,27,3,10,13,348,393,741,741,611,0.8245614035087719
2020-11-22,42,34,76,29,31,60,54,46,100,49,61,110,49,43,92,31,29,60,27,41,68,22,17,39,12,20,32,2,9,11,317,331,648,648,503,0.7762345679012346
2020-11-23,55,52,107,32,41,73,56,74,130,70,62,132,53,65,118,38,46,84,36,44,80,29,31,60,18,28,46,4,12,16,391,455,846,846,695,0.8215130023640662
2020-11-24,52,66,118,51,50,101,79,96,175,106,88,194,73,65,138,60,61,121,51,56,107,41,44,85,26,33,59,1,8,9,540,567,1107,1107,868,0.7841011743450768
2020-11-25,63,59,122,54,50,104,90,101,191,85,96,181,67,66,133,57,45,102,50,41,91,23,45,68,19,31,50,6,10,16,514,544,1058,1058,723,0.6833648393194707
2020-11-26,57,60,117,58,55,113,79,92,171,94,112,206,62,75,137,58,55,113,52,50,102,36,46,82,11,28,39,9,10,19,516,583,1099,1099,787,0.716105550500455
2020-11-27,47,46,93,40,35,75,80,107,187,65,85,150,57,40,97,51,52,103,39,36,75,28,35,63,14,36,50,4,3,7,425,475,900,900,662,0.7355555555555555
2020-11-28,58,35,93,38,27,65,62,68,130,46,72,118,44,59,103,52,40,92,21,29,50,23,34,57,13,23,36,1,7,8,358,394,752,752,521,0.6928191489361702
2020-11-29,57,44,101,27,35,62,66,79,145,61,84,145,62,52,114,38,46,84,48,54,102,22,33,55,15,16,31,1,5,6,397,448,845,845,632,0.7479289940828402
2020-11-30,75,62,137,65,46,111,108,118,226,105,101,206,89,92,181,63,67,130,68,70,138,58,44,102,19,31,50,3,9,12,653,640,1293,1292,907,0.7020123839009288
2020-12-01,43,63,106,46,56,102,103,100,203,91,110,201,76,88,164,34,51,85,64,77,141,45,48,93,28,28,56,4,5,9,534,626,1160,1160,750,0.646551724137931
2020-12-02,36,32,68,36,37,73,62,78,140,60,76,136,62,62,124,35,39,74,37,32,69,29,34,63,18,18,36,2,8,10,377,416,793,793,309,0.3896595208070618
2020-12-03,45,47,92,55,46,101,92,113,205,99,117,216,78,93,171,54,54,108,58,58,116,40,37,77,14,24,38,2,7,9,537,596,1133,1133,271,0.23918799646954986
2020-12-04,56,52,108,54,48,102,81,83,164,86,93,179,74,86,160,60,77,137,57,75,132,49,38,87,17,33,50,6,10,16,540,595,1135,1134,387,0.3412698412698413
2020-12-05,46,51,97,42,41,83,78,60,138,85,76,161,55,49,104,40,39,79,34,40,74,26,24,50,8,21,29,5,7,12,419,408,827,827,398,0.48125755743651755
2020-12-06,41,49,90,33,30,63,53,56,109,51,57,108,44,55,99,28,37,65,33,41,74,26,25,51,16,17,33,1,5,6,326,372,698,698,268,0.3839541547277937
2020-12-07,34,48,82,48,37,85,80,71,151,78,72,150,48,72,120,33,38,71,31,33,64,27,30,57,15,21,36,2,8,10,396,430,826,826,199,0.24092009685230023
2020-12-08,43,45,88,28,38,66,73,81,154,64,72,136,53,48,101,45,43,88,43,42,85,19,41,60,7,20,27,4,6,10,379,436,815,815,262,0.3214723926380368
2020-12-09,58,52,110,42,44,86,105,129,234,96,109,205,84,83,167,73,82,155,73,73,146,41,56,97,20,38,58,2,17,19,594,683,1277,1277,463,0.36256851996867656
2020-12-10,63,47,110,59,75,134,118,124,242,115,147,262,80,107,187,79,90,169,69,69,138,37,43,80,18,48,66,5,10,15,643,760,1403,1403,319,0.22736992159657876
2020-12-11,59,65,124,56,55,111,121,133,254,129,119,248,93,96,189,72,95,167,72,89,161,47,58,105,19,30,49,2,8,10,670,748,1418,1418,305,0.2150916784203103
2020-12-12,59,51,110,48,51,99,101,106,207,98,118,216,90,96,186,69,81,150,50,81,131,34,42,76,13,25,38,2,9,11,564,660,1224,1224,373,0.3047385620915033
2020-12-13,57,38,95,48,53,101,73,95,168,95,104,199,69,79,148,61,75,136,51,45,96,28,27,55,16,21,37,6,4,10,504,541,1045,1045,235,0.22488038277511962
2020-12-14,77,53,130,57,55,112,128,133,261,137,141,278,102,112,214,83,94,177,83,82,165,53,60,113,23,28,51,10,13,23,753,771,1524,1524,446,0.2926509186351706
2020-12-15,57,52,109,57,60,117,106,129,235,137,125,262,98,93,191,82,99,181,83,79,162,39,46,85,12,25,37,3,11,14,674,719,1393,1393,368,0.2641780330222541
2020-12-16,39,56,95,79,89,168,140,157,297,152,178,330,129,133,262,97,99,196,80,87,167,48,60,108,22,24,46,4,10,14,790,893,1683,1683,428,0.25430778371954843
2020-12-17,69,71,140,77,81,158,133,185,318,189,217,406,148,152,300,128,108,236,64,81,145,47,45,92,12,24,36,2,8,10,869,972,1841,1841,434,0.23574144486692014
2020-12-18,81,62,143,84,96,180,174,198,372,192,217,409,164,165,329,133,137,270,140,119,259,68,74,142,15,41,56,4,7,11,1055,1116,2171,2171,607,0.2795946568401658
2020-12-19,65,55,120,78,69,147,124,163,287,209,214,423,132,146,278,98,95,193,84,108,192,48,60,108,13,28,41,3,6,9,854,944,1798,1798,486,0.27030033370411566
2020-12-20,55,69,124,79,95,174,158,151,309,204,207,411,156,169,325,130,145,275,78,96,174,51,51,102,13,15,28,4,7,11,928,1005,1933,1933,266,0.13760993274702535
2020-12-21,79,83,162,82,81,163,193,187,380,240,272,512,177,172,349,122,155,277,138,121,259,69,72,141,13,45,58,5,7,12,1118,1195,2313,2313,451,0.1949848681366191
2020-12-22,85,88,173,116,122,238,220,234,454,253,285,538,180,188,368,149,156,305,124,138,262,69,59,128,16,29,45,4,6,10,1216,1305,2521,2521,524,0.20785402618008728
2020-12-23,100,84,184,114,117,231,237,258,495,297,282,579,210,218,428,137,140,277,105,139,244,59,65,124,27,39,66,7,14,21,1293,1356,2649,2649,554,0.2091355228388071
2020-12-24,50,49,99,55,69,124,153,138,291,182,164,346,129,113,242,63,84,147,52,78,130,45,27,72,5,18,23,1,4,5,735,744,1479,1479,346,0.2339418526031102
2020-12-25,30,20,50,24,26,50,40,37,77,43,63,106,39,30,69,30,33,63,18,21,39,14,10,24,5,18,23,5,4,9,248,262,510,510,278,0.5450980392156862
2020-12-26,75,61,136,109,129,238,177,222,399,252,265,517,172,181,353,140,134,274,88,109,197,55,65,120,20,35,55,1,11,12,1089,1212,2301,2301,505,0.2194697957409822
2020-12-27,49,42,91,144,122,266,185,191,376,259,253,512,211,208,419,138,168,306,111,112,223,54,76,130,21,31,52,3,11,14,1175,1214,2389,2389,302,0.12641272498953537
2020-12-28,102,85,187,182,194,376,290,311,601,366,368,734,284,277,561,191,225,416,136,169,305,74,96,170,31,49,80,2,20,22,1658,1794,3452,3452,587,0.17004634994206258
2020-12-29,80,80,160,178,188,366,302,317,619,319,341,660,270,298,568,183,185,368,144,158,302,81,98,179,25,55,80,7,16,23,1589,1736,3325,3325,607,0.1825563909774436
2020-12-30,87,68,155,204,228,432,313,338,651,386,369,755,258,301,559,188,239,427,149,159,308,78,88,166,24,46,70,3,13,16,1690,1849,3539,3538,984,0.2781232334652346
2020-12-31,65,60,125,156,148,304,239,239,478,245,283,528,193,228,421,137,148,285,70,85,155,41,53,94,19,27,46,0,8,8,1165,1279,2444,2444,651,0.266366612111293
2021-01-01,33,21,54,38,40,78,54,77,131,69,77,146,51,59,110,44,53,97,28,24,52,19,23,42,6,16,22,1,4,5,343,394,737,737,367,0.49796472184531887
2021-01-02,74,61,135,149,159,308,217,247,464,277,296,573,200,228,428,158,179,337,155,163,318,72,86,158,18,34,52,5,9,14,1325,1462,2787,2787,673,0.2414782920703265
2021-01-03,53,63,116,240,250,490,403,487,890,502,506,1008,362,416,778,249,307,556,209,237,446,89,119,208,30,43,73,3,10,13,2140,2438,4578,4578,604,0.13193534294451725
2021-01-04,88,84,172,254,262,516,627,736,1363,710,770,1480,500,538,1038,324,406,730,238,257,495,132,127,259,42,78,120,5,13,18,2920,3271,6191,6191,820,0.13245033112582782
2021-01-05,81,91,172,298,307,605,664,766,1430,694,758,1452,508,580,1088,359,389,748,251,344,595,124,142,266,40,74,114,8,12,20,3027,3463,6490,6489,795,0.12251502542764679
2021-01-06,98,80,178,333,332,665,659,695,1354,674,711,1385,533,538,1071,396,428,824,275,310,585,131,158,289,34,73,107,4,20,24,3137,3345,6482,6481,856,0.13207838296559174
2021-01-07,85,77,162,251,282,533,515,565,1080,558,591,1149,405,416,821,277,335,612,215,265,480,97,133,230,37,62,99,4,14,18,2444,2740,5184,5184,877,0.16917438271604937
2021-01-08,88,84,172,270,291,561,514,569,1083,481,592,1073,348,487,835,269,326,595,176,222,398,97,128,225,36,43,79,6,10,16,2285,2752,5037,5036,993,0.1971803018268467
2021-01-09,59,68,127,231,272,503,420,517,937,523,600,1123,373,429,802,264,321,585,164,235,399,77,100,177,28,53,81,0,12,12,2139,2607,4746,4744,758,0.15978077571669477
2021-01-10,70,74,144,289,317,606,433,523,956,465,577,1042,372,434,806,252,290,542,166,174,340,57,95,152,17,43,60,4,16,20,2125,2543,4668,4668,529,0.11332476435304199
2021-01-11,93,64,157,296,331,627,607,694,1301,646,712,1358,419,508,927,317,371,688,196,245,441,95,104,199,33,62,95,5,24,29,2707,3115,5822,5822,777,0.13345929233940226
2021-01-12,110,68,178,267,306,573,487,598,1085,451,570,1021,377,429,806,283,370,653,208,196,404,86,104,190,36,39,75,5,11,16,2310,2691,5001,5000,680,0.136
2021-01-13,119,107,226,298,353,651,581,640,1221,508,603,1111,446,477,923,312,361,673,231,278,509,93,107,200,24,57,81,6,6,12,2618,2989,5607,5607,759,0.135366506153023
2021-01-14,90,93,183,317,373,690,504,626,1130,516,608,1124,374,479,853,305,375,680,204,239,443,84,102,186,23,45,68,4,9,13,2421,2949,5370,5369,828,0.15421866269323897
2021-01-15,107,87,194,500,535,1035,597,751,1348,804,873,1677,591,684,1275,458,519,977,237,298,535,103,130,233,26,55,81,4,10,14,3427,3942,7369,7369,872,0.11833355950603881
2021-01-16,58,49,107,585,583,1168,540,692,1232,663,810,1473,662,728,1390,461,453,914,267,301,568,139,131,270,27,43,70,2,10,12,3404,3800,7204,7204,657,0.09119933370349806
2021-01-17,63,42,105,464,534,998,538,723,1261,656,772,1428,675,754,1429,429,450,879,211,232,443,89,102,191,20,32,52,2,6,8,3147,3647,6794,6794,514,0.07565498969679128
2021-01-18,91,87,178,572,585,1157,714,803,1517,806,880,1686,760,803,1563,540,565,1105,331,368,699,147,154,301,42,74,116,4,25,29,4007,4344,8351,8350,718,0.0859880239520958
2021-01-19,102,80,182,546,567,1113,658,774,1432,786,848,1634,702,787,1489,481,551,1032,324,365,689,136,167,303,27,61,88,7,13,20,3769,4213,7982,7982,575,0.0720370834377349
2021-01-20,97,86,183,521,528,1049,595,694,1289,719,756,1475,638,674,1312,480,537,1017,337,356,693,158,181,339,37,52,89,6,16,22,3588,3880,7468,7468,563,0.07538832351365828
2021-01-21,116,82,198,362,447,809,573,593,1166,563,607,1170,462,569,1031,328,475,803,256,254,510,109,122,231,43,63,106,7,25,32,2819,3237,6056,6056,710,0.11723910171730516
2021-01-22,83,89,172,399,397,796,459,577,1036,455,588,1043,454,528,982,318,369,687,229,253,482,99,121,220,26,51,77,6,6,12,2528,2979,5507,5507,656,0.11912111857635736
2021-01-23,48,49,97,431,442,873,478,603,1081,502,569,1071,438,472,910,340,398,738,170,206,376,58,72,130,20,36,56,3,7,10,2488,2854,5342,5342,617,0.11549981280419319
2021-01-24,61,52,113,535,522,1057,526,624,1150,525,633,1158,560,611,1171,391,424,815,214,217,431,78,106,184,29,40,69,2,6,8,2921,3235,6156,6156,402,0.06530214424951267
2021-01-25,87,100,187,632,614,1246,748,818,1566,714,813,1527,629,714,1343,431,519,950,268,293,561,131,149,280,38,70,108,8,18,26,3686,4108,7794,7794,519,0.0665896843725943
2021-01-26,115,87,202,535,521,1056,596,645,1241,568,601,1169,547,602,1149,396,459,855,252,302,554,116,139,255,35,70,105,4,16,20,3164,3442,6606,6606,603,0.09128065395095368
2021-01-27,113,93,206,446,451,897,505,624,1129,540,646,1186,473,570,1043,366,427,793,226,241,467,90,112,202,37,58,95,2,21,23,2798,3243,6041,6041,499,0.08260221817579871
2021-01-28,85,84,169,378,415,793,461,527,988,464,528,992,378,467,845,304,364,668,220,247,467,117,132,249,35,50,85,5,17,22,2447,2831,5278,5278,599,0.11348995831754452
2021-01-29,71,96,167,542,549,1091,593,677,1270,656,736,1392,575,683,1258,469,495,964,273,320,593,113,157,270,26,67,93,4,11,15,3322,3791,7113,7112,831,0.11684476940382452
2021-01-30,65,48,113,736,789,1525,542,659,1201,699,831,1530,754,882,1636,536,570,1106,287,360,647,120,156,276,30,52,82,2,9,11,3771,4356,8127,8127,548,0.06742955580164882
2021-01-31,58,56,114,1115,1183,2298,735,833,1568,881,1042,1923,1121,1327,2448,737,794,1531,321,351,672,115,148,263,28,51,79,2,14,16,5113,5799,10912,10912,318,0.02914222873900293
2021-02-01,81,73,154,903,1035,1938,657,859,1516,859,987,1846,975,1137,2112,734,731,1465,377,438,815,130,202,332,49,55,104,2,11,13,4767,5528,10295,10295,587,0.057017969888295286
2021-02-02,85,80,165,755,850,1605,614,712,1326,806,947,1753,943,1074,2017,640,701,1341,410,427,837,202,237,439,50,73,123,4,11,15,4509,5112,9621,9621,497,0.051657831826213495
2021-02-03,61,89,150,606,587,1193,565,692,1257,685,781,1466,698,798,1496,503,622,1125,371,400,771,169,206,375,40,76,116,5,15,20,3703,4266,7969,7969,551,0.069142928849291
2021-02-04,76,74,150,354,374,728,429,537,966,497,574,1071,413,580,993,351,436,787,216,289,505,114,154,268,29,47,76,5,19,24,2484,3084,5568,5568,517,0.09285201149425287
2021-02-05,81,71,152,327,340,667,405,488,893,427,523,950,397,443,840,300,370,670,219,263,482,109,132,241,18,52,70,1,11,12,2284,2693,4977,4977,704,0.1414506730962427
2021-02-06,52,43,95,364,427,791,377,451,828,428,585,1013,434,514,948,348,404,752,196,220,416,91,111,202,24,45,69,1,7,8,2315,2807,5122,5122,485,0.09468957438500586
2021-02-07,54,60,114,404,435,839,370,466,836,489,561,1050,456,539,995,330,414,744,181,190,371,90,102,192,19,29,48,6,6,12,2399,2802,5201,5201,300,0.05768121515093251
2021-02-08,96,75,171,524,630,1154,565,660,1225,705,869,1574,719,848,1567,411,530,941,261,321,582,126,142,268,31,71,102,4,20,24,3442,4166,7608,7608,634,0.08333333333333333
2021-02-09,95,60,155,449,492,941,497,602,1099,663,734,1397,580,720,1300,420,496,916,292,319,611,141,154,295,40,70,110,5,16,21,3182,3663,6845,6845,484,0.07070854638422205
2021-02-10,76,59,135,342,351,693,391,512,903,509,646,1155,514,626,1140,320,431,751,222,265,487,123,124,247,33,52,85,0,13,13,2530,3079,5609,5609,410,0.07309680870030308
2021-02-11,72,61,133,281,362,643,353,502,855,528,585,1113,457,583,1040,266,415,681,219,247,466,104,121,225,31,56,87,4,11,15,2315,2943,5258,5258,383,0.07284138455686573
2021-02-12,79,68,147,341,378,719,375,426,801,529,626,1155,479,597,1076,306,412,718,212,273,485,102,125,227,33,55,88,3,15,18,2459,2975,5434,5434,631,0.11612072138387927
2021-02-13,52,41,93,434,521,955,383,459,842,615,717,1332,577,778,1355,358,432,790,214,246,460,73,108,181,24,41,65,5,11,16,2735,3354,6089,6089,490,0.08047298406963377
2021-02-14,48,38,86,467,513,980,313,440,753,592,760,1352,695,793,1488,373,445,818,234,253,487,101,128,229,18,27,45,3,12,15,2844,3409,6253,6252,315,0.05038387715930902
2021-02-15,41,60,101,594,638,1232,467,598,1065,745,902,1647,844,973,1817,495,545,1040,243,290,533,94,139,233,25,66,91,2,12,14,3550,4223,7773,7773,410,0.05274668725073974
2021-02-16,52,37,89,627,556,1183,618,857,1475,915,1047,1962,839,992,1831,459,484,943,232,241,473,89,134,223,21,39,60,8,5,13,3860,4392,8252,8252,517,0.06265147842947165
2021-02-17,72,86,158,404,468,872,761,931,1692,743,865,1608,618,668,1286,395,480,875,320,352,672,129,169,298,26,69,95,6,18,24,3474,4106,7580,7580,454,0.05989445910290237
2021-02-18,75,65,140,342,406,748,592,716,1308,687,789,1476,525,648,1173,416,439,855,258,312,570,140,164,304,35,57,92,4,14,18,3074,3610,6684,6684,511,0.07645122681029323
2021-02-19,89,63,152,305,425,730,536,656,1192,592,749,1341,498,623,1121,354,451,805,253,304,557,122,163,285,33,54,87,4,13,17,2786,3501,6287,6287,560,0.0890726896771115
2021-02-20,65,51,116,282,365,647,458,556,1014,503,678,1181,458,580,1038,332,448,780,191,286,477,84,109,193,23,39,62,4,4,8,2400,3116,5516,5516,469,0.0850253807106599
2021-02-21,75,44,119,289,350,639,430,589,1019,561,659,1220,452,569,1021,303,380,683,221,256,477,81,111,192,25,35,60,6,10,16,2443,3003,5446,5446,350,0.06426735218508997
2021-02-22,97,105,202,293,397,690,525,695,1220,604,750,1354,492,591,1083,357,424,781,251,314,565,121,137,258,44,45,89,3,8,11,2787,3466,6253,6253,480,0.07676315368623061
2021-02-23,103,86,189,259,295,554,458,558,1016,514,639,1153,410,510,920,326,407,733,257,300,557,118,150,268,33,56,89,7,16,23,2485,3017,5502,5502,449,0.08160668847691749
2021-02-24,84,108,192,263,291,554,383,460,843,467,517,984,336,432,768,277,334,611,223,249,472,111,126,237,29,46,75,3,9,12,2176,2572,4748,4748,410,0.08635214827295704
2021-02-25,117,109,226,193,238,431,392,417,809,390,435,825,314,356,670,244,310,554,183,237,420,91,125,216,26,45,71,4,14,18,1954,2286,4240,4239,385,0.09082330738381694
2021-02-26,94,103,197,186,241,427,352,453,805,456,461,917,323,415,738,263,329,592,203,287,490,103,126,229,27,49,76,2,19,21,2009,2483,4492,4492,410,0.091273374888691
2021-02-27,66,64,130,215,300,515,352,491,843,479,562,1041,316,410,726,309,387,696,248,295,543,103,130,233,25,54,79,2,8,10,2115,2701,4816,4816,433,0.08990863787375415
2021-02-28,72,71,143,314,364,678,427,549,976,635,747,1382,499,614,1113,421,523,944,313,359,672,155,172,327,34,47,81,2,8,10,2872,3454,6326,6326,362,0.05722415428390768
2021-03-01,149,117,266,216,255,471,355,425,780,447,464,911,323,386,709,228,307,535,207,243,450,86,140,226,25,53,78,6,18,24,2042,2408,4450,4450,526,0.11820224719101123
2021-03-02,160,134,294,232,245,477,363,409,772,380,459,839,314,358,672,236,335,571,164,234,398,92,84,176,37,53,90,3,8,11,1981,2319,4300,4300,371,0.08627906976744186
2021-03-03,149,115,264,163,221,384,273,383,656,344,380,724,259,300,559,238,303,541,222,272,494,113,130,243,26,42,68,1,12,13,1788,2158,3946,3946,477,0.1208819057273188
2021-03-04,125,117,242,168,204,372,277,323,600,322,361,683,239,286,525,190,282,472,184,275,459,108,143,251,26,45,71,5,20,25,1644,2056,3700,3700,476,0.12864864864864864
2021-03-05,126,109,235,186,204,390,277,388,665,344,395,739,229,271,500,225,287,512,201,221,422,98,118,216,27,47,74,0,8,8,1713,2048,3761,3760,468,0.12446808510638298
2021-03-06,81,72,153,129,147,276,252,285,537,294,327,621,211,262,473,166,226,392,131,156,287,65,91,156,25,29,54,2,8,10,1356,1603,2959,2959,355,0.11997296383913485
2021-03-07,84,78,162,137,160,297,252,328,580,325,364,689,171,284,455,186,278,464,187,214,401,72,92,164,22,40,62,4,4,8,1440,1842,3282,3281,297,0.09052118256629077
2021-03-08,160,146,306,176,237,413,297,414,711,370,435,805,304,320,624,263,344,607,254,257,511,110,121,231,25,48,73,4,13,17,1963,2335,4298,4295,403,0.09383003492433062
2021-03-09,180,175,355,189,189,378,315,337,652,384,417,801,295,329,624,255,325,580,234,341,575,140,143,283,29,50,79,4,11,15,2025,2317,4342,4342,409,0.0941962229387379
2021-03-10,203,176,379,200,214,414,282,323,605,383,417,800,242,307,549,229,301,530,219,245,464,108,139,247,32,53,85,3,11,14,1901,2186,4087,4087,594,0.1453388793736237
2021-03-11,160,176,336,153,181,334,246,341,587,272,336,608,194,250,444,167,224,391,143,216,359,93,101,194,28,36,64,3,16,19,1459,1877,3336,3336,594,0.17805755395683454
2021-03-12,208,192,400,185,226,411,272,354,626,345,419,764,256,313,569,198,292,490,194,264,458,102,119,221,29,52,81,3,12,15,1792,2243,4035,4034,644,0.15964303420922163
2021-03-13,130,113,243,132,164,296,285,330,615,340,370,710,230,256,486,190,278,468,205,234,439,78,94,172,17,42,59,4,3,7,1611,1884,3495,3495,641,0.18340486409155937
2021-03-14,118,154,272,141,163,304,229,372,601,362,419,781,230,294,524,252,297,549,211,276,487,90,120,210,21,41,62,5,10,15,1659,2146,3805,3805,427,0.11222076215505913
2021-03-15,243,214,457,218,221,439,317,457,774,402,467,869,309,378,687,279,356,635,255,278,533,112,174,286,24,53,77,4,13,17,2163,2611,4774,4774,599,0.12547130289065772
2021-03-16,226,221,447,189,236,425,274,364,638,383,425,808,263,284,547,245,306,551,210,275,485,98,130,228,23,58,81,6,17,23,1917,2316,4233,4233,502,0.11859201511930073
2021-03-17,169,155,324,187,210,397,274,347,621,297,342,639,226,270,496,211,263,474,202,244,446,84,125,209,26,46,72,3,13,16,1679,2015,3694,3693,494,0.13376658543189818
2021-03-18,163,148,311,150,178,328,248,307,555,289,304,593,212,235,447,162,231,393,163,195,358,91,106,197,15,39,54,4,8,12,1497,1751,3248,3248,494,0.1520935960591133
2021-03-19,172,174,346,214,211,425,255,349,604,296,353,649,219,262,481,176,244,420,163,214,377,83,90,173,22,33,55,5,9,14,1605,1939,3544,3544,696,0.1963882618510158
2021-03-20,81,83,164,137,159,296,217,260,477,262,312,574,204,238,442,176,214,390,150,160,310,82,81,163,17,31,48,9,6,15,1335,1544,2879,2877,455,0.15815085158150852
2021-03-21,120,108,228,120,140,260,244,272,516,311,321,632,184,228,412,181,242,423,141,194,335,55,81,136,20,32,52,3,10,13,1379,1628,3007,3007,374,0.12437645493847689
2021-03-22,189,198,387,221,189,410,294,377,671,360,398,758,261,293,554,243,320,563,185,231,416,95,123,218,27,64,91,4,24,28,1879,2217,4096,4096,633,0.154541015625
2021-03-23,180,175,355,198,218,416,271,327,598,312,367,679,246,243,489,204,239,443,210,256,466,112,128,240,27,30,57,1,15,16,1761,1998,3759,3759,584,0.15536046820963023
2021-03-24,124,123,247,165,161,326,197,238,435,260,310,570,163,232,395,148,199,347,116,140,256,62,94,156,14,41,55,1,6,7,1250,1544,2794,2794,505,0.1807444523979957
2021-03-25,144,145,289,176,217,393,228,331,559,307,327,634,246,301,547,183,219,402,146,186,332,85,97,182,27,38,65,4,3,7,1546,1864,3410,3410,503,0.14750733137829913
2021-03-26,187,167,354,210,239,449,268,345,613,334,371,705,220,315,535,171,245,416,149,205,354,87,109,196,30,36,66,3,13,16,1659,2045,3704,3704,623,0.1681965442764579
2021-03-27,132,115,247,121,144,265,241,257,498,304,340,644,211,261,472,176,242,418,169,185,354,66,96,162,19,40,59,5,6,11,1444,1686,3130,3130,573,0.1830670926517572
2021-03-28,105,87,192,116,163,279,196,257,453,282,353,635,227,242,469,166,244,410,138,178,316,53,59,112,19,29,48,3,8,11,1305,1620,2925,2925,482,0.1647863247863248
2021-03-29,176,167,343,240,202,442,258,338,596,331,367,698,246,311,557,221,257,478,150,219,369,63,65,128,19,40,59,1,8,9,1705,1974,3679,3679,620,0.1685240554498505
2021-03-30,166,146,312,196,212,408,216,291,507,289,338,627,211,271,482,185,215,400,145,186,331,54,82,136,22,32,54,5,7,12,1489,1780,3269,3268,608,0.18604651162790697
2021-03-31,139,126,265,156,142,298,250,294,544,293,349,642,186,269,455,138,199,337,82,118,200,35,52,87,21,26,47,1,11,12,1301,1586,2887,2887,677,0.2344994804295116
2021-04-01,109,132,241,172,180,352,267,311,578,303,327,630,207,265,472,160,216,376,125,157,282,59,83,142,15,22,37,4,11,15,1421,1704,3125,3125,855,0.2736
2021-04-02,129,96,225,161,190,351,233,278,511,289,294,583,210,234,444,155,222,377,115,119,234,52,50,102,19,17,36,2,7,9,1365,1507,2872,2872,614,0.2137883008356546
2021-04-03,102,105,207,149,195,344,255,269,524,287,328,615,207,286,493,168,203,371,129,136,265,48,74,122,20,40,60,5,6,11,1370,1642,3012,3012,719,0.23871181938911024
2021-04-04,138,114,252,294,293,587,345,430,775,426,520,946,327,433,760,195,271,466,118,165,283,48,65,113,17,36,53,0,8,8,1908,2335,4243,4243,660,0.15555031817110535
2021-04-05,164,186,350,383,406,789,446,554,1000,504,546,1050,402,507,909,258,333,591,160,202,362,76,88,164,21,41,62,4,12,16,2418,2875,5293,5293,781,0.14755337237861327
2021-04-06,187,203,390,311,330,641,493,481,974,529,585,1114,384,426,810,265,331,596,182,265,447,98,123,221,26,45,71,3,15,18,2478,2804,5282,5282,995,0.1883756152972359
2021-04-07,196,193,389,330,342,672,453,510,963,454,552,1006,397,436,833,249,364,613,162,240,402,82,111,193,18,46,64,2,14,16,2343,2808,5151,5148,847,0.16452991452991453
2021-04-08,186,167,353,249,278,527,361,467,828,426,529,955,320,353,673,219,304,523,151,198,349,67,108,175,25,41,66,2,13,15,2006,2458,4464,4464,959,0.21482974910394265
2021-04-09,146,144,290,188,236,424,240,334,574,292,309,601,241,269,510,154,210,364,108,133,241,52,70,122,8,31,39,3,7,10,1432,1743,3175,3174,882,0.277882797731569
2021-04-10,114,103,217,184,220,404,290,315,605,330,354,684,224,271,495,152,221,373,118,141,259,31,46,77,7,22,29,2,3,5,1452,1696,3148,3147,638,0.2027327613600254
2021-04-11,94,106,200,170,189,359,200,235,435,267,329,596,234,246,480,151,189,340,113,122,235,31,44,75,13,26,39,2,5,7,1275,1491,2766,2766,589,0.21294287780187998
2021-04-12,167,159,326,244,222,466,284,354,638,327,386,713,280,366,646,205,294,499,145,172,317,45,81,126,17,39,56,5,11,16,1719,2084,3803,3801,699,0.18389897395422258
2021-04-13,168,124,292,174,173,347,274,331,605,352,385,737,254,323,577,202,254,456,104,113,217,58,48,106,16,21,37,4,8,12,1606,1780,3386,3386,662,0.19551092734790312
2021-04-14,156,120,276,163,144,307,175,209,384,205,236,441,151,201,352,119,178,297,145,132,277,50,80,130,23,26,49,3,6,9,1190,1332,2522,2521,748,0.29670765569218566
2021-04-15,175,163,338,199,252,451,304,367,671,339,415,754,316,387,703,235,296,531,148,157,305,43,71,114,17,38,55,2,11,13,1778,2157,3935,3932,723,0.18387589013224823
2021-04-16,161,169,330,187,197,384,344,390,734,385,438,823,290,347,637,223,295,518,172,206,378,48,74,122,11,31,42,5,10,15,1826,2157,3983,3982,712,0.17880462079357107
2021-04-17,149,117,266,170,167,337,246,282,528,344,333,677,247,306,553,185,221,406,120,145,265,51,77,128,18,52,70,5,8,13,1535,1708,3243,3243,653,0.20135676842429848
2021-04-18,89,128,217,134,134,268,222,252,474,273,333,606,243,255,498,170,191,361,123,144,267,46,59,105,25,29,54,3,8,11,1328,1533,2861,2860,452,0.15804195804195803
2021-04-19,194,151,345,208,231,439,307,350,657,377,412,789,324,326,650,227,281,508,154,202,356,59,87,146,14,47,61,3,15,18,1867,2102,3969,3969,616,0.15520282186948853
2021-04-20,183,195,378,180,181,361,262,331,593,292,361,653,262,314,576,208,240,448,168,213,381,65,82,147,32,29,61,4,7,11,1656,1953,3609,3608,608,0.16851441241685144
2021-04-21,156,133,289,136,142,278,225,244,469,238,298,536,213,256,469,160,220,380,124,156,280,54,61,115,14,43,57,2,7,9,1322,1560,2882,2882,558,0.19361554476058293
2021-04-22,174,164,338,206,205,411,263,302,565,307,387,694,284,342,626,213,231,444,138,187,325,56,88,144,17,51,68,2,11,13,1660,1968,3628,3626,598,0.1649200220628792
2021-04-23,154,157,311,191,195,386,270,318,588,335,393,728,286,331,617,216,275,491,142,184,326,65,77,142,28,29,57,5,6,11,1692,1965,3657,3655,578,0.15813953488372093
2021-04-24,83,73,156,70,63,133,74,104,178,95,113,208,94,109,203,61,78,139,38,51,89,32,43,75,9,27,36,5,16,21,561,677,1238,1238,392,0.3166397415185784
2021-04-25,123,117,240,128,142,270,177,205,382,223,259,482,212,245,457,169,201,370,100,117,217,50,45,95,10,32,42,0,6,6,1192,1369,2561,2560,323,0.126171875
2021-04-26,190,173,363,182,204,386,260,282,542,290,331,621,263,319,582,224,254,478,138,167,305,82,110,192,14,40,54,4,10,14,1647,1890,3537,3536,438,0.12386877828054299
2021-04-27,161,142,303,175,184,359,261,328,589,273,325,598,223,263,486,200,216,416,126,156,282,60,90,150,16,40,56,4,8,12,1499,1752,3251,3249,381,0.1172668513388735
2021-04-28,159,154,313,179,173,352,234,270,504,294,317,611,237,279,516,175,220,395,118,144,262,58,72,130,17,28,45,6,9,15,1477,1666,3143,3143,394,0.12535793827553293
2021-04-29,201,167,368,228,208,436,273,338,611,364,399,763,312,367,679,234,287,521,146,204,350,95,112,207,31,57,88,2,17,19,1886,2156,4042,4041,454,0.1123484286067805
2021-04-30,159,134,293,138,124,262,145,212,357,210,254,464,156,221,377,154,191,345,105,149,254,65,78,143,25,46,71,2,17,19,1159,1426,2585,2585,492,0.19032882011605415
2021-05-01,116,102,218,140,107,247,167,210,377,212,251,463,180,244,424,139,170,309,104,95,199,44,59,103,16,42,58,1,4,5,1119,1284,2403,2402,430,0.17901748542880933
2021-05-02,112,99,211,107,108,215,143,169,312,213,248,461,159,229,388,137,159,296,99,152,251,50,72,122,20,28,48,3,15,18,1043,1279,2322,2322,284,0.1223083548664944
2021-05-03,217,210,427,169,177,346,317,310,627,331,403,734,303,333,636,227,334,561,176,266,442,94,115,209,19,58,77,4,15,19,1857,2221,4078,4078,547,0.13413437959784208
2021-05-04,164,199,363,176,188,364,280,289,569,350,350,700,279,313,592,210,286,496,161,217,378,104,118,222,24,34,58,1,12,13,1749,2006,3755,3754,349,0.09296750133191263
2021-05-05,198,175,373,148,155,303,265,313,578,308,328,636,275,291,566,190,231,421,147,148,295,73,86,159,33,51,84,7,11,18,1644,1789,3433,3431,336,0.09793063246866802
2021-05-06,159,188,347,204,213,417,253,290,543,294,343,637,292,304,596,229,266,495,133,174,307,65,96,161,27,46,73,3,19,22,1659,1939,3598,3596,454,0.12625139043381536
2021-05-07,202,162,364,210,222,432,284,345,629,281,394,675,301,329,630,184,271,455,154,185,339,77,103,180,21,38,59,3,10,13,1717,2059,3776,3776,466,0.12341101694915255
2021-05-08,115,103,218,89,82,171,166,185,351,198,206,404,133,154,287,122,155,277,70,83,153,35,43,78,17,25,42,1,11,12,946,1047,1993,1993,317,0.15905669844455594
2021-05-09,146,118,264,89,115,204,136,174,310,175,207,382,171,188,359,99,141,240,87,91,178,51,66,117,26,22,48,4,2,6,984,1124,2108,2108,255,0.12096774193548387
2021-05-10,183,172,355,161,187,348,304,318,622,316,343,659,301,341,642,216,248,464,156,203,359,83,115,198,35,50,85,1,6,7,1756,1983,3739,3738,413,0.1104868913857678
2021-05-11,177,143,320,155,155,310,227,233,460,271,257,528,216,240,456,174,191,365,137,161,298,83,98,181,21,33,54,4,6,10,1465,1517,2982,2982,331,0.11099932930918846
2021-05-12,177,151,328,144,135,279,208,263,471,257,281,538,224,255,479,169,213,382,124,161,285,64,80,144,23,37,60,3,9,12,1393,1585,2978,2978,479,0.16084620550705173
2021-05-13,185,137,322,119,156,275,190,291,481,252,304,556,253,269,522,158,213,371,113,133,246,57,92,149,22,43,65,2,6,8,1351,1644,2995,2994,497,0.165998663994656
2021-05-14,202,210,412,167,211,378,308,331,639,366,433,799,297,371,668,220,281,501,147,196,343,70,98,168,34,41,75,4,7,11,1815,2179,3994,3994,506,0.12669003505257886
2021-05-15,137,133,270,138,147,285,191,243,434,240,300,540,228,280,508,158,159,317,96,133,229,48,55,103,20,38,58,1,10,11,1257,1498,2755,2755,442,0.16043557168784028
2021-05-16,125,128,253,101,138,239,170,167,337,199,263,462,202,234,436,151,175,326,87,103,190,37,60,97,17,28,45,1,12,13,1090,1308,2398,2398,315,0.13135946622185155
2021-05-17,263,270,533,239,248,487,362,426,788,445,523,968,364,471,835,303,363,666,189,235,424,117,148,265,43,70,113,3,15,18,2328,2769,5097,5096,586,0.11499215070643642
2021-05-18,251,248,499,251,259,510,402,441,843,458,508,966,426,450,876,270,305,575,163,229,392,107,109,216,43,49,92,4,11,15,2375,2609,4984,4984,689,0.13824237560192618
2021-05-19,272,236,508,335,351,686,589,714,1303,702,801,1503,573,660,1233,378,525,903,277,290,567,114,137,251,34,57,91,8,18,26,3282,3789,7071,7071,558,0.07891387356809504
2021-05-20,308,299,607,401,431,832,690,817,1507,774,846,1620,611,762,1373,416,549,965,277,297,574,112,152,264,41,61,102,2,24,26,3632,4238,7870,7869,587,0.0745965179819545
2021-05-21,208,193,401,300,335,635,523,703,1226,609,791,1400,516,657,1173,351,457,808,225,281,506,115,118,233,43,90,133,3,20,23,2893,3645,6538,6538,874,0.1336800244723157
2021-05-22,123,114,237,156,206,362,298,384,682,389,408,797,295,357,652,233,257,490,127,126,253,53,66,119,17,53,70,1,12,13,1692,1983,3675,3675,672,0.18285714285714286
2021-05-23,130,104,234,140,176,316,238,277,515,297,352,649,281,277,558,171,240,411,108,150,258,52,56,108,15,49,64,10,16,26,1442,1697,3139,3139,460,0.1465434851863651
2021-05-24,147,133,280,234,284,518,410,437,847,441,518,959,394,520,914,354,459,813,194,257,451,118,126,244,24,59,83,3,12,15,2319,2805,5124,5124,471,0.09192037470725996
2021-05-25,149,116,265,217,237,454,413,453,866,410,505,915,393,469,862,314,365,679,178,224,402,91,122,213,26,48,74,7,17,24,2198,2556,4754,4753,415,0.08731327582579423
2021-05-26,194,175,369,265,311,576,526,573,1099,573,653,1226,501,585,1086,429,507,936,221,266,487,115,144,259,38,75,113,7,12,19,2869,3301,6170,6170,527,0.0854132901134522
2021-05-27,145,170,315,168,230,398,394,481,875,454,526,980,393,436,829,316,425,741,168,218,386,105,115,220,32,44,76,1,18,19,2176,2663,4839,4838,564,0.11657709797436958
2021-05-28,192,183,375,257,338,595,512,624,1136,551,670,1221,517,640,1157,449,539,988,253,321,574,109,132,241,32,54,86,4,13,17,2876,3514,6390,6389,583,0.09125058694631398
2021-05-29,131,121,252,155,213,368,295,398,693,414,443,857,346,410,756,221,287,508,136,164,300,61,93,154,23,52,75,8,17,25,1790,2198,3988,3988,486,0.12186559679037111
2021-05-30,100,93,193,144,167,311,289,357,646,324,378,702,287,353,640,195,271,466,119,130,249,48,73,121,18,28,46,3,9,12,1527,1859,3386,3386,356,0.10513880685174247
2021-05-31,167,170,337,264,269,533,469,541,1010,557,604,1161,463,588,1051,283,381,664,196,261,457,126,148,274,36,62,98,2,18,20,2563,3042,5605,5604,513,0.09154175588865096
2021-06-01,188,177,365,233,279,512,417,489,906,536,601,1137,415,509,924,303,423,726,240,275,515,121,139,260,53,54,107,5,12,17,2511,2958,5469,5469,475,0.08685317242640336
2021-06-02,230,182,412,242,291,533,435,551,986,494,654,1148,469,528,997,281,371,652,190,279,469,120,160,280,39,71,110,6,24,30,2506,3111,5617,5615,603,0.10739091718610863
2021-06-03,204,220,424,281,306,587,479,610,1089,574,697,1271,486,580,1066,330,449,779,227,279,506,114,151,265,41,42,83,4,17,21,2740,3351,6091,6089,565,0.09279027754967975
2021-06-04,251,232,483,288,305,593,508,637,1145,564,718,1282,518,593,1111,337,514,851,240,307,547,125,167,292,31,73,104,2,14,16,2864,3560,6424,6424,591,0.09199875466998755
2021-06-05,168,148,316,179,185,364,284,368,652,327,427,754,310,358,668,211,261,472,108,157,265,69,103,172,24,37,61,5,16,21,1685,2060,3745,3745,536,0.1431241655540721
2021-06-06,163,173,336,165,166,331,261,318,579,306,385,691,283,352,635,205,277,482,109,150,259,59,79,138,20,32,52,0,16,16,1571,1948,3519,3519,365,0.10372264847968173
2021-06-07,220,247,467,233,284,517,443,547,990,512,623,1135,447,641,1088,366,496,862,239,309,548,161,214,375,43,123,166,9,37,46,2673,3521,6194,6194,608,0.09815950920245399
2021-06-08,281,249,530,226,267,493,392,536,928,540,599,1139,397,522,919,330,440,770,199,241,440,117,178,295,32,72,104,7,24,31,2521,3128,5649,5649,474,0.08390865639936272
2021-06-09,247,243,490,284,265,549,467,544,1011,557,669,1226,445,573,1018,350,445,795,218,274,492,129,132,261,50,72,122,5,20,25,2752,3237,5989,5986,545,0.09104577347143335
2021-06-10,228,245,473,268,313,581,468,648,1116,587,718,1305,455,622,1077,320,460,780,205,283,488,133,173,306,34,58,92,7,20,27,2705,3540,6245,6241,502,0.0804358275917321
2021-06-11,228,222,450,234,296,530,500,661,1161,561,783,1344,493,749,1242,329,455,784,229,290,519,125,178,303,43,84,127,7,24,31,2749,3742,6491,6491,615,0.09474657217686026
2021-06-12,189,169,358,202,223,425,324,410,734,404,489,893,348,454,802,241,322,563,140,196,336,87,109,196,29,44,73,5,10,15,1969,2426,4395,4395,417,0.09488054607508532
2021-06-13,188,183,371,190,182,372,238,323,561,332,445,777,326,400,726,202,274,476,133,161,294,61,84,145,23,38,61,5,12,17,1698,2102,3800,3800,361,0.095
2021-06-14,281,243,524,299,304,603,476,615,1091,589,693,1282,480,664,1144,362,467,829,226,333,559,143,168,311,40,65,105,18,23,41,2914,3575,6489,6487,517,0.07969785725296748
2021-06-15,295,279,574,313,329,642,472,586,1058,599,718,1317,479,662,1141,339,480,819,234,269,503,117,150,267,49,63,112,5,19,24,2902,3555,6457,6457,503,0.0778999535387951
2021-06-16,301,283,584,285,304,589,489,623,1112,598,716,1314,473,640,1113,294,412,706,211,245,456,111,138,249,37,55,92,2,13,15,2801,3429,6230,6230,417,0.06693418940609952
2021-06-17,268,262,530,302,332,634,556,717,1273,646,846,1492,520,773,1293,320,503,823,237,282,519,130,168,298,39,62,101,3,18,21,3021,3963,6984,6984,511,0.07316723940435281
2021-06-18,252,235,487,306,315,621,521,688,1209,628,885,1513,543,760,1303,315,494,809,204,269,473,86,148,234,37,40,77,3,15,18,2895,3849,6744,6743,522,0.07741361411834495
2021-06-19,204,201,405,185,204,389,303,449,752,466,598,1064,323,455,778,215,293,508,167,181,348,94,103,197,34,70,104,4,20,24,1995,2574,4569,4569,546,0.11950098489822718
2021-06-20,193,166,359,133,128,261,175,285,460,265,368,633,232,328,560,170,222,392,104,122,226,69,69,138,15,37,52,2,10,12,1358,1735,3093,3093,322,0.10410604591011963
2021-06-21,235,215,450,212,225,437,250,382,632,391,480,871,388,457,845,251,301,552,149,168,317,98,106,204,31,33,64,4,6,10,2009,2373,4382,4380,400,0.091324200913242
2021-06-22,329,297,626,362,305,667,471,626,1097,612,739,1351,569,704,1273,324,470,794,265,335,600,132,174,306,37,78,115,9,14,23,3110,3742,6852,6851,552,0.080572179243906
2021-06-23,367,308,675,365,364,729,454,679,1133,625,841,1466,595,805,1400,317,485,802,250,284,534,132,187,319,50,86,136,6,33,39,3161,4072,7233,7232,526,0.07273230088495575
2021-06-24,325,311,636,338,379,717,477,708,1185,617,817,1434,522,710,1232,316,459,775,260,338,598,112,156,268,29,60,89,4,18,22,3000,3956,6956,6955,616,0.08856937455068296
2021-06-25,377,314,691,365,422,787,561,802,1363,716,1039,1755,567,862,1429,427,554,981,272,397,669,150,191,341,48,83,131,9,19,28,3492,4683,8175,8175,729,0.0891743119266055
2021-06-26,186,178,364,185,215,400,289,364,653,390,489,879,347,435,782,239,274,513,174,225,399,91,128,219,30,50,80,5,16,21,1936,2374,4310,4310,442,0.10255220417633411
2021-06-27,212,189,401,149,193,342,230,300,530,300,369,669,287,368,655,162,227,389,127,144,271,75,85,160,23,43,66,2,11,13,1567,1929,3496,3496,424,0.12128146453089245
2021-06-28,264,226,490,157,189,346,253,362,615,394,480,874,294,400,694,228,243,471,161,160,321,90,112,202,38,45,83,3,15,18,1882,2232,4114,4113,545,0.1325066861171894
2021-06-29,266,303,569,294,322,616,434,599,1033,583,716,1299,413,566,979,306,391,697,224,230,454,132,141,273,33,92,125,6,36,42,2691,3396,6087,6087,595,0.0977493017907015
2021-06-30,341,344,685,374,400,774,490,689,1179,651,837,1488,489,655,1144,333,510,843,223,296,519,118,138,256,36,66,102,5,20,25,3060,3955,7015,7015,547,0.07797576621525303
2021-07-01,266,264,530,320,326,646,465,684,1149,555,780,1335,403,630,1033,295,418,713,188,265,453,109,131,240,38,64,102,5,16,21,2644,3578,6222,6220,611,0.0982315112540193
2021-07-02,377,312,689,416,446,862,506,712,1218,592,887,1479,432,748,1180,314,508,822,212,288,500,120,158,278,41,56,97,4,19,23,3014,4134,7148,7146,698,0.09767702211027147
2021-07-03,225,252,477,224,270,494,307,421,728,421,548,969,342,485,827,241,280,521,166,194,360,80,104,184,26,52,78,7,15,22,2039,2621,4660,4660,566,0.12145922746781115
2021-07-04,247,268,515,203,214,417,219,353,572,331,466,797,278,385,663,226,306,532,126,161,287,57,94,151,21,41,62,4,10,14,1712,2298,4010,4010,491,0.12244389027431421
2021-07-05,411,379,790,337,372,709,497,650,1147,633,814,1447,471,693,1164,316,438,754,234,275,509,135,156,291,41,64,105,5,20,25,3080,3861,6941,6940,654,0.09423631123919309
2021-07-06,448,397,845,463,444,907,531,674,1205,629,837,1466,501,704,1205,308,463,771,221,272,493,122,169,291,37,76,113,4,32,36,3264,4068,7332,7332,627,0.08551554828150573
2021-07-07,380,340,720,418,444,862,563,707,1270,622,810,1432,548,660,1208,344,449,793,205,251,456,103,100,203,29,58,87,9,13,22,3221,3832,7053,7052,580,0.0822461712989223
2021-07-08,368,377,745,473,504,977,689,861,1550,709,924,1633,598,850,1448,397,584,981,227,359,586,126,172,298,51,48,99,5,20,25,3643,4699,8342,8341,740,0.08871837909123606
2021-07-09,260,277,537,333,349,682,377,502,879,455,624,1079,389,557,946,248,329,577,162,187,349,78,83,161,28,44,72,4,12,16,2334,2964,5298,5298,589,0.11117402793506984
2021-07-10,228,217,445,296,303,599,333,421,754,388,503,891,334,461,795,233,302,535,161,187,348,80,106,186,21,37,58,2,12,14,2076,2549,4625,4625,376,0.0812972972972973
2021-07-11,262,233,495,202,207,409,266,324,590,308,481,789,316,484,800,224,264,488,143,149,292,59,85,144,12,19,31,2,5,7,1794,2251,4045,4045,295,0.07292954264524104
2021-07-12,164,160,324,268,289,557,397,545,942,484,601,1085,415,559,974,230,370,600,174,165,339,62,78,140,18,21,39,2,7,9,2214,2795,5009,5009,109,0.021760830505090836
2021-07-13,25,28,53,68,72,140,98,144,242,129,176,305,127,139,266,79,121,200,43,43,86,12,15,27,2,1,3,0,0,0,583,739,1322,1321,0,0.0
