FECHA,<=10M,<=10F,<=10,11-20M,11-20F,11-20,21-30M,21-30F,21-30,31-40M,31-40F,31-40,41-50M,41-50F,41-50,51-60M,51-60F,51-60,61-70M,61-70F,61-70,71-80M,71-80F,71-80,81-90M,81-90F,81-90,>=91M,>=91F,>=91,TotalM,TotalF,Total,DelayCount,CumDelay,DelayAvg
2020-03-15,1,0,1,1,2,3,0,2,2,2,1,3,1,1,2,1,0,1,1,1,2,1,0,1,0,0,0,0,0,0,8,7,15,15,44,2.933333333333333
2020-03-16,1,3,4,2,1,3,1,4,5,1,1,2,0,2,2,3,2,5,2,3,5,0,0,0,0,0,0,0,0,0,10,16,26,26,87,3.3461538461538463
2020-03-17,1,4,5,1,2,3,2,1,3,2,3,5,2,4,6,0,2,2,2,2,4,2,3,5,1,0,1,0,0,0,13,21,34,34,409,12.029411764705882
2020-03-18,3,1,4,1,0,1,1,0,1,2,1,3,1,3,4,1,1,2,1,2,3,1,0,1,1,0,1,0,0,0,12,8,20,20,36,1.8
2020-03-19,3,1,4,0,0,0,3,2,5,3,3,6,2,1,3,0,0,0,1,1,2,1,1,2,0,0,0,1,0,1,14,9,23,23,56,2.4347826086956523
2020-03-20,1,1,2,1,0,1,2,1,3,1,3,4,0,2,2,0,1,1,2,1,3,1,2,3,1,0,1,0,0,0,9,11,20,20,34,1.7
2020-03-21,1,0,1,2,1,3,2,4,6,4,2,6,2,1,3,1,0,1,2,2,4,1,1,2,1,0,1,1,0,1,17,11,28,28,75,2.6785714285714284
2020-03-22,3,1,4,0,0,0,4,2,6,0,0,0,1,0,1,2,1,3,0,3,3,2,1,3,3,2,5,0,1,1,15,11,26,26,59,2.269230769230769
2020-03-23,4,1,5,1,2,3,2,3,5,4,3,7,2,3,5,2,3,5,2,3,5,5,3,8,3,3,6,0,2,2,25,26,51,51,91,1.7843137254901962
2020-03-24,3,1,4,0,1,1,2,3,5,3,2,5,0,3,3,2,2,4,0,0,0,2,0,2,2,1,3,1,0,1,15,13,28,28,43,1.5357142857142858
2020-03-25,1,4,5,0,2,2,3,3,6,2,7,9,1,1,2,1,3,4,3,1,4,2,2,4,2,5,7,2,0,2,17,28,45,45,107,2.3777777777777778
2020-03-26,4,3,7,2,2,4,2,2,4,4,4,8,3,4,7,4,3,7,1,5,6,4,3,7,6,0,6,1,1,2,31,27,58,58,196,3.3793103448275863
2020-03-27,4,3,7,0,2,2,1,2,3,6,1,7,3,6,9,2,3,5,4,6,10,6,6,12,3,3,6,2,5,7,31,37,68,68,149,2.1911764705882355
2020-03-28,2,1,3,0,0,0,3,2,5,4,3,7,1,1,2,5,2,7,4,0,4,4,7,11,3,1,4,0,0,0,26,17,43,43,132,3.0697674418604652
2020-03-29,2,0,2,2,1,3,2,3,5,3,3,6,3,3,6,1,0,1,6,4,10,4,2,6,4,1,5,2,1,3,29,18,47,47,108,2.297872340425532
2020-03-30,3,2,5,0,0,0,2,7,9,7,2,9,5,4,9,3,2,5,7,2,9,3,6,9,4,1,5,3,2,5,37,28,65,65,128,1.9692307692307693
2020-03-31,9,4,13,1,1,2,7,3,10,12,5,17,7,4,11,5,2,7,6,3,9,7,3,10,1,4,5,4,0,4,59,29,88,88,177,2.0113636363636362
2020-04-01,11,10,21,1,3,4,8,4,12,11,3,14,15,7,22,5,10,15,5,3,8,8,4,12,6,5,11,0,1,1,70,50,120,120,246,2.05
2020-04-02,11,9,20,2,4,6,8,7,15,8,5,13,3,9,12,3,15,18,9,7,16,8,6,14,5,7,12,3,3,6,60,72,132,132,228,1.7272727272727273
2020-04-03,22,9,31,5,4,9,8,7,15,8,12,20,11,13,24,6,8,14,8,5,13,7,5,12,6,6,12,1,5,6,82,74,156,156,328,2.1025641025641026
2020-04-04,11,15,26,4,4,8,4,7,11,7,13,20,10,6,16,7,1,8,6,3,9,2,5,7,4,2,6,1,3,4,56,59,115,115,219,1.9043478260869566
2020-04-05,9,10,19,5,5,10,8,2,10,7,9,16,10,7,17,5,8,13,2,11,13,6,8,14,3,4,7,2,2,4,57,66,123,123,212,1.7235772357723578
2020-04-06,12,10,22,5,5,10,10,6,16,13,7,20,13,5,18,11,7,18,8,9,17,9,5,14,7,4,11,1,3,4,89,61,150,150,218,1.4533333333333334
2020-04-07,13,12,25,5,4,9,7,5,12,8,9,17,7,7,14,10,3,13,4,5,9,9,9,18,6,10,16,2,1,3,71,65,136,136,173,1.2720588235294117
2020-04-08,12,10,22,4,3,7,5,11,16,7,4,11,9,7,16,9,8,17,9,9,18,11,5,16,1,4,5,3,4,7,70,65,135,135,173,1.2814814814814814
2020-04-09,5,6,11,3,4,7,5,8,13,15,11,26,5,11,16,9,9,18,7,4,11,7,10,17,5,8,13,4,5,9,65,76,141,141,204,1.446808510638298
2020-04-10,20,7,27,6,4,10,2,6,8,6,6,12,12,2,14,4,7,11,8,1,9,1,10,11,5,9,14,1,4,5,65,56,121,121,160,1.322314049586777
2020-04-11,10,7,17,6,5,11,7,7,14,11,5,16,7,4,11,4,7,11,4,7,11,7,3,10,4,8,12,1,3,4,61,56,117,117,151,1.2905982905982907
2020-04-12,10,8,18,3,0,3,5,6,11,10,7,17,4,7,11,11,4,15,3,5,8,4,9,13,4,4,8,0,2,2,54,52,106,106,165,1.5566037735849056
2020-04-13,9,12,21,9,5,14,11,11,22,8,14,22,9,10,19,6,7,13,10,8,18,6,9,15,9,12,21,3,5,8,80,93,173,173,215,1.2427745664739884
2020-04-14,18,6,24,4,1,5,13,7,20,10,6,16,9,11,20,12,10,22,7,6,13,9,5,14,7,5,12,3,4,7,92,61,153,153,155,1.0130718954248366
2020-04-15,9,7,16,4,7,11,6,7,13,8,9,17,8,15,23,8,14,22,10,6,16,11,5,16,6,7,13,5,3,8,75,80,155,155,219,1.4129032258064516
2020-04-16,15,5,20,6,5,11,9,8,17,14,17,31,13,16,29,8,14,22,4,8,12,7,4,11,4,5,9,0,4,4,80,86,166,166,180,1.0843373493975903
2020-04-17,17,12,29,6,7,13,5,7,12,10,24,34,15,11,26,11,12,23,7,9,16,16,11,27,5,7,12,1,3,4,93,103,196,196,264,1.346938775510204
2020-04-18,13,11,24,6,3,9,13,8,21,20,11,31,11,6,17,7,4,11,3,4,7,7,10,17,5,10,15,3,4,7,88,71,159,159,246,1.5471698113207548
2020-04-19,12,11,23,4,3,7,6,4,10,10,5,15,8,7,15,5,10,15,10,8,18,5,8,13,5,7,12,1,1,2,66,64,130,130,163,1.2538461538461538
2020-04-20,17,11,28,12,10,22,17,10,27,14,12,26,14,11,25,14,11,25,13,11,24,15,12,27,11,10,21,5,14,19,132,112,244,244,283,1.1598360655737705
2020-04-21,14,9,23,8,10,18,16,8,24,11,20,31,7,8,15,8,10,18,9,7,16,15,12,27,7,10,17,2,10,12,97,104,201,201,236,1.1741293532338308
2020-04-22,15,12,27,4,7,11,9,13,22,15,6,21,14,9,23,8,13,21,12,6,18,5,13,18,9,12,21,7,6,13,98,97,195,195,293,1.5025641025641026
2020-04-23,18,16,34,5,4,9,9,15,24,13,12,25,11,13,24,6,16,22,8,7,15,11,8,19,11,11,22,6,9,15,98,111,209,209,206,0.9856459330143541
2020-04-24,20,12,32,7,7,14,13,14,27,17,17,34,10,12,22,9,12,21,8,11,19,11,12,23,10,15,25,3,3,6,108,115,223,223,245,1.0986547085201794
2020-04-25,14,10,24,4,2,6,6,10,16,14,10,24,6,10,16,5,8,13,6,5,11,6,7,13,11,17,28,4,4,8,76,83,159,159,150,0.9433962264150944
2020-04-26,13,17,30,6,8,14,7,5,12,6,4,10,9,8,17,4,6,10,9,8,17,7,6,13,7,7,14,1,4,5,69,73,142,142,126,0.8873239436619719
2020-04-27,14,15,29,6,4,10,9,11,20,6,18,24,5,18,23,14,13,27,8,8,16,20,8,28,10,16,26,3,4,7,95,115,210,210,173,0.8238095238095238
2020-04-28,21,10,31,7,5,12,17,14,31,15,15,30,12,18,30,8,12,20,7,8,15,3,12,15,6,15,21,2,4,6,98,113,211,211,160,0.7582938388625592
2020-04-29,26,12,38,6,6,12,17,10,27,22,24,46,14,13,27,9,13,22,7,7,14,12,7,19,4,14,18,4,10,14,121,116,237,237,188,0.7932489451476793
2020-04-30,21,11,32,9,3,12,10,10,20,14,13,27,14,10,24,13,14,27,10,9,19,8,12,20,13,18,31,6,8,14,118,108,226,226,180,0.7964601769911505
2020-05-01,3,16,19,6,5,11,1,8,9,14,14,28,13,9,22,10,6,16,10,6,16,7,10,17,9,11,20,0,2,2,73,87,160,160,139,0.86875
2020-05-02,7,17,24,6,7,13,11,5,16,11,8,19,7,7,14,10,3,13,4,6,10,8,2,10,6,12,18,1,4,5,71,71,142,142,135,0.9507042253521126
2020-05-03,8,13,21,5,4,9,7,7,14,10,7,17,8,7,15,8,3,11,8,5,13,6,10,16,7,8,15,3,5,8,70,69,139,139,114,0.8201438848920863
2020-05-04,23,21,44,5,4,9,14,13,27,16,15,31,10,11,21,11,5,16,10,12,22,15,18,33,8,16,24,2,5,7,114,120,234,234,168,0.717948717948718
2020-05-05,17,13,30,10,3,13,15,13,28,13,16,29,9,18,27,11,9,20,12,8,20,15,11,26,7,15,22,1,9,10,110,115,225,225,139,0.6177777777777778
2020-05-06,14,18,32,6,3,9,17,7,24,16,20,36,23,11,34,8,8,16,12,13,25,19,16,35,8,15,23,4,6,10,127,117,244,244,165,0.6762295081967213
2020-05-07,18,13,31,12,6,18,17,12,29,14,16,30,20,14,34,6,9,15,9,9,18,18,8,26,9,14,23,1,7,8,124,108,232,232,171,0.7370689655172413
2020-05-08,21,13,34,8,6,14,15,8,23,15,18,33,21,19,40,19,7,26,10,12,22,13,10,23,10,12,22,3,12,15,135,117,252,252,272,1.0793650793650793
2020-05-09,21,12,33,4,2,6,8,16,24,8,13,21,10,13,23,7,6,13,7,7,14,13,3,16,5,12,17,5,9,14,88,93,181,181,159,0.8784530386740331
2020-05-10,9,10,19,2,4,6,11,11,22,6,11,17,7,12,19,3,6,9,11,8,19,8,13,21,6,13,19,1,5,6,64,93,157,156,130,0.8333333333333334
2020-05-11,21,19,40,7,5,12,12,17,29,17,17,34,18,19,37,10,10,20,10,8,18,13,11,24,12,17,29,4,18,22,124,141,265,265,195,0.7358490566037735
2020-05-12,22,12,34,9,10,19,31,26,57,27,17,44,11,19,30,6,8,14,12,11,23,8,10,18,10,15,25,5,13,18,141,141,282,282,194,0.6879432624113475
2020-05-13,28,19,47,10,10,20,25,18,43,20,23,43,19,10,29,12,12,24,10,11,21,10,10,20,8,17,25,1,8,9,143,138,281,281,256,0.9110320284697508
2020-05-14,24,30,54,12,19,31,14,30,44,26,28,54,14,10,24,12,20,32,14,13,27,10,11,21,12,16,28,2,13,15,140,190,330,330,283,0.8575757575757575
2020-05-15,21,24,45,8,6,14,8,18,26,23,25,48,13,25,38,16,9,25,11,9,20,8,6,14,9,22,31,5,10,15,122,154,276,275,238,0.8654545454545455
2020-05-16,16,18,34,8,9,17,7,17,24,12,24,36,11,13,24,8,10,18,7,7,14,10,7,17,6,8,14,4,12,16,89,125,214,214,260,1.2149532710280373
2020-05-17,23,13,36,4,9,13,15,14,29,13,16,29,11,13,24,5,4,9,8,7,15,7,5,12,11,13,24,3,3,6,100,97,197,197,143,0.7258883248730964
2020-05-18,24,27,51,11,17,28,35,28,63,26,34,60,18,23,41,21,15,36,16,16,32,17,14,31,17,13,30,1,11,12,186,198,384,384,269,0.7005208333333334
2020-05-19,24,21,45,15,17,32,31,31,62,40,31,71,31,23,54,22,15,37,20,15,35,14,23,37,12,22,34,5,10,15,214,208,422,422,280,0.6635071090047393
2020-05-20,34,46,80,18,18,36,35,31,66,52,35,87,28,22,50,18,15,33,23,18,41,15,11,26,12,18,30,6,4,10,241,218,459,459,277,0.6034858387799564
2020-05-21,39,36,75,21,18,39,40,41,81,35,46,81,26,26,52,21,14,35,17,7,24,15,9,24,10,18,28,1,4,5,225,219,444,444,225,0.5067567567567568
2020-05-22,40,19,59,19,21,40,36,38,74,32,34,66,28,22,50,17,13,30,10,10,20,10,11,21,8,17,25,6,12,18,206,197,403,403,191,0.4739454094292804
2020-05-23,23,21,44,18,19,37,30,28,58,35,23,58,15,18,33,9,12,21,14,9,23,8,14,22,9,7,16,2,2,4,163,153,316,316,181,0.5727848101265823
2020-05-24,17,22,39,11,10,21,19,14,33,17,21,38,11,5,16,10,5,15,12,10,22,11,9,20,6,14,20,2,6,8,116,116,232,232,153,0.6594827586206896
2020-05-25,32,27,59,21,30,51,25,36,61,22,26,48,22,17,39,5,9,14,10,9,19,10,7,17,10,14,24,2,9,11,159,184,343,343,195,0.5685131195335277
2020-05-26,46,38,84,27,24,51,55,58,113,53,50,103,24,41,65,17,27,44,16,8,24,14,7,21,12,14,26,4,11,15,268,278,546,546,372,0.6813186813186813
2020-05-27,49,43,92,13,19,32,29,41,70,34,36,70,25,21,46,21,19,40,11,9,20,8,17,25,4,15,19,4,2,6,198,222,420,420,292,0.6952380952380952
2020-05-28,30,45,75,23,15,38,41,51,92,33,41,74,30,31,61,16,22,38,9,16,25,14,8,22,14,21,35,4,11,15,214,261,475,475,348,0.7326315789473684
2020-05-29,45,36,81,23,20,43,45,45,90,38,54,92,34,33,67,19,23,42,18,15,33,18,15,33,15,17,32,1,4,5,256,262,518,518,384,0.7413127413127413
2020-05-30,35,27,62,17,15,32,44,30,74,38,22,60,20,24,44,16,15,31,12,11,23,12,11,23,8,14,22,1,7,8,203,176,379,376,163,0.43351063829787234
2020-05-31,29,18,47,17,13,30,16,19,35,26,14,40,16,14,30,7,12,19,8,7,15,11,6,17,7,10,17,0,7,7,137,120,257,257,130,0.5058365758754864
2020-06-01,42,32,74,27,22,49,35,56,91,32,44,76,23,32,55,21,18,39,25,19,44,12,9,21,9,11,20,4,3,7,230,246,476,476,302,0.634453781512605
2020-06-02,46,37,83,23,26,49,43,37,80,33,33,66,21,26,47,16,24,40,14,11,25,25,14,39,9,19,28,4,13,17,234,240,474,474,286,0.6033755274261603
2020-06-03,41,25,66,17,37,54,39,36,75,31,47,78,28,33,61,14,15,29,20,15,35,18,12,30,12,16,28,2,9,11,222,245,467,467,255,0.5460385438972163
2020-06-04,41,37,78,23,28,51,41,39,80,21,42,63,25,23,48,30,23,53,13,10,23,22,13,35,11,21,32,2,9,11,229,245,474,471,271,0.5753715498938429
2020-06-05,46,42,88,16,24,40,42,41,83,38,46,84,39,33,72,30,28,58,19,15,34,19,15,34,13,22,35,3,10,13,265,276,541,541,439,0.8114602587800369
2020-06-06,36,27,63,18,13,31,22,28,50,34,38,72,19,22,41,15,14,29,13,16,29,13,8,21,12,19,31,1,10,11,183,195,378,373,261,0.6997319034852547
2020-06-07,26,25,51,18,15,33,28,26,54,22,30,52,22,9,31,13,12,25,9,5,14,9,7,16,11,11,22,2,8,10,160,148,308,304,175,0.5756578947368421
2020-06-08,36,38,74,24,29,53,50,39,89,49,52,101,39,30,69,21,28,49,18,17,35,20,15,35,12,20,32,3,9,12,272,277,549,547,348,0.6361974405850092
2020-06-09,61,38,99,27,26,53,26,50,76,46,43,89,38,34,72,27,16,43,13,12,25,14,26,40,12,32,44,4,16,20,268,293,561,557,432,0.7755834829443446
2020-06-10,29,45,74,16,21,37,53,33,86,47,50,97,40,32,72,28,30,58,24,21,45,22,29,51,6,20,26,6,16,22,271,297,568,568,377,0.6637323943661971
2020-06-11,44,46,90,19,27,46,41,46,87,52,49,101,27,42,69,20,37,57,14,26,40,17,20,37,8,29,37,4,15,19,246,337,583,583,381,0.6535162950257289
2020-06-12,50,51,101,19,32,51,64,52,116,54,73,127,45,55,100,29,29,58,32,24,56,18,17,35,7,22,29,6,10,16,324,365,689,689,447,0.648766328011611
2020-06-13,37,30,67,27,22,49,44,50,94,41,44,85,17,40,57,26,23,49,14,10,24,13,9,22,9,18,27,2,7,9,230,253,483,483,349,0.722567287784679
2020-06-14,24,36,60,20,27,47,33,27,60,25,29,54,22,19,41,17,24,41,12,7,19,5,17,22,14,20,34,0,8,8,172,214,386,386,263,0.6813471502590673
2020-06-15,40,37,77,31,28,59,40,40,80,32,38,70,21,26,47,15,18,33,16,6,22,12,13,25,9,15,24,2,10,12,218,231,449,449,271,0.6035634743875279
2020-06-16,58,64,122,27,29,56,76,61,137,61,53,114,50,37,87,26,29,55,17,16,33,17,8,25,14,26,40,3,15,18,349,338,687,687,447,0.6506550218340611
2020-06-17,47,52,99,28,36,64,67,54,121,52,68,120,44,44,88,34,20,54,21,18,39,11,21,32,19,17,36,2,9,11,325,339,664,664,508,0.7650602409638554
2020-06-18,58,50,108,27,22,49,76,72,148,65,75,140,61,33,94,43,32,75,22,24,46,20,17,37,13,24,37,3,11,14,388,360,748,748,635,0.8489304812834224
2020-06-19,61,39,100,18,37,55,58,65,123,83,72,155,45,56,101,49,41,90,31,21,52,22,20,42,18,23,41,7,13,20,392,387,779,779,772,0.9910141206675225
2020-06-20,35,45,80,21,27,48,45,36,81,48,42,90,30,47,77,18,31,49,22,17,39,12,10,22,8,17,25,6,6,12,245,278,523,523,296,0.5659655831739961
2020-06-21,38,27,65,20,20,40,33,49,82,26,48,74,24,20,44,18,12,30,11,12,23,11,8,19,7,9,16,1,7,8,189,212,401,401,177,0.44139650872817954
2020-06-22,59,49,108,32,40,72,57,67,124,66,61,127,49,55,104,34,44,78,21,25,46,21,16,37,8,26,34,2,13,15,349,396,745,745,461,0.6187919463087248
2020-06-23,58,56,114,37,34,71,66,66,132,77,62,139,55,61,116,30,47,77,25,23,48,15,16,31,16,17,33,3,7,10,382,389,771,771,429,0.556420233463035
2020-06-24,52,54,106,30,31,61,71,73,144,53,70,123,52,52,104,33,51,84,18,23,41,14,18,32,16,18,34,2,4,6,341,394,735,735,363,0.49387755102040815
2020-06-25,57,66,123,41,48,89,60,67,127,63,55,118,53,43,96,45,41,86,15,20,35,13,21,34,12,13,25,4,6,10,363,380,743,743,516,0.6944818304172274
2020-06-26,56,51,107,37,32,69,74,83,157,62,70,132,50,48,98,26,46,72,27,26,53,16,17,33,13,23,36,2,9,11,363,405,768,768,389,0.5065104166666666
2020-06-27,70,68,138,38,48,86,47,64,111,46,56,102,36,41,77,26,22,48,24,11,35,5,17,22,7,7,14,4,6,10,303,340,643,643,338,0.5256609642301711
2020-06-28,48,27,75,16,23,39,30,55,85,35,51,86,29,30,59,26,20,46,12,9,21,9,12,21,10,14,24,6,6,12,221,247,468,468,229,0.4893162393162393
2020-06-29,56,55,111,41,52,93,63,54,117,66,64,130,43,45,88,25,42,67,26,14,40,15,21,36,15,22,37,2,9,11,352,378,730,730,419,0.5739726027397261
2020-06-30,35,50,85,21,36,57,79,58,137,45,69,114,53,44,97,36,37,73,28,14,42,19,13,32,6,19,25,2,10,12,324,350,674,673,336,0.49925705794947994
2020-07-01,51,45,96,22,42,64,80,62,142,63,59,122,44,52,96,34,40,74,23,22,45,16,18,34,9,23,32,3,6,9,345,369,714,713,398,0.5582047685834503
2020-07-02,70,61,131,35,39,74,65,77,142,62,71,133,53,51,104,34,29,63,27,21,48,18,22,40,13,15,28,5,6,11,382,392,774,774,309,0.3992248062015504
2020-07-03,66,45,111,39,31,70,63,62,125,79,90,169,44,50,94,33,36,69,26,17,43,18,18,36,13,19,32,3,5,8,384,373,757,757,373,0.49273447820343463
2020-07-04,43,43,86,25,29,54,55,70,125,45,50,95,37,36,73,29,26,55,14,13,27,13,20,33,7,12,19,3,7,10,271,306,577,577,225,0.389948006932409
2020-07-05,33,38,71,28,21,49,46,53,99,42,66,108,24,39,63,22,26,48,25,23,48,19,19,38,12,24,36,4,8,12,255,317,572,572,268,0.46853146853146854
2020-07-06,43,38,81,27,22,49,67,72,139,78,62,140,60,73,133,45,44,89,28,32,60,23,34,57,12,34,46,3,14,17,386,425,811,811,310,0.38224414303329224
2020-07-07,64,74,138,40,44,84,84,83,167,92,78,170,54,61,115,42,48,90,23,20,43,15,14,29,12,27,39,7,12,19,433,461,894,894,368,0.4116331096196868
2020-07-08,62,47,109,42,42,84,99,89,188,75,104,179,76,94,170,46,61,107,30,27,57,24,29,53,14,28,42,5,19,24,473,540,1013,1013,477,0.47087857847976305
2020-07-09,46,39,85,25,28,53,69,68,137,81,69,150,62,61,123,29,30,59,13,29,42,14,30,44,11,30,41,7,11,18,357,395,752,752,268,0.35638297872340424
2020-07-10,46,37,83,31,37,68,70,84,154,59,95,154,53,51,104,35,45,80,30,31,61,24,18,42,15,25,40,1,13,14,364,436,800,800,294,0.3675
2020-07-11,43,53,96,35,22,57,52,65,117,65,71,136,49,56,105,40,45,85,30,30,60,17,35,52,11,29,40,4,19,23,346,425,771,771,394,0.5110246433203631
2020-07-12,30,25,55,20,21,41,47,45,92,55,56,111,38,44,82,18,31,49,18,17,35,13,16,29,7,21,28,4,9,13,250,285,535,535,189,0.3532710280373832
2020-07-13,59,62,121,36,46,82,85,91,176,90,101,191,85,96,181,53,82,135,48,40,88,27,54,81,17,61,78,3,30,33,503,663,1166,1166,621,0.532590051457976
2020-07-14,60,50,110,46,36,82,75,87,162,119,115,234,95,80,175,58,46,104,44,44,88,29,34,63,25,31,56,8,18,26,559,541,1100,1100,421,0.38272727272727275
2020-07-15,57,56,113,60,46,106,84,126,210,109,147,256,91,89,180,47,69,116,34,34,68,20,30,50,19,23,42,7,11,18,528,631,1159,1159,479,0.41328731665228646
2020-07-16,63,41,104,42,64,106,87,109,196,99,111,210,81,110,191,45,76,121,32,33,65,20,33,53,19,41,60,2,26,28,490,644,1134,1134,655,0.5776014109347443
2020-07-17,68,63,131,42,46,88,87,110,197,95,122,217,72,114,186,54,72,126,40,48,88,20,25,45,21,22,43,4,9,13,503,631,1134,1134,527,0.46472663139329806
2020-07-18,44,49,93,37,36,73,81,90,171,83,113,196,51,77,128,45,45,90,32,34,66,24,14,38,16,24,40,2,7,9,415,489,904,904,497,0.5497787610619469
2020-07-19,43,49,92,30,33,63,51,69,120,60,79,139,40,56,96,39,43,82,31,21,52,18,12,30,12,22,34,3,8,11,327,392,719,719,307,0.42698191933240615
2020-07-20,86,61,147,61,66,127,96,112,208,95,147,242,90,112,202,54,79,133,43,55,98,29,31,60,23,24,47,3,13,16,580,700,1280,1280,531,0.41484375
2020-07-21,59,53,112,48,42,90,108,94,202,124,124,248,85,92,177,62,75,137,36,44,80,32,32,64,15,31,46,5,11,16,574,598,1172,1171,524,0.4474807856532878
2020-07-22,88,57,145,52,59,111,130,132,262,121,141,262,99,101,200,65,75,140,28,38,66,31,28,59,17,45,62,2,11,13,633,687,1320,1320,589,0.4462121212121212
2020-07-23,74,60,134,43,59,102,111,128,239,109,153,262,74,95,169,57,72,129,30,34,64,21,26,47,9,24,33,7,11,18,535,662,1197,1197,582,0.48621553884711777
2020-07-24,60,63,123,46,43,89,111,121,232,106,129,235,89,93,182,62,72,134,47,27,74,24,27,51,12,35,47,2,13,15,559,623,1182,1182,645,0.5456852791878173
2020-07-25,58,45,103,37,31,68,67,96,163,92,113,205,69,77,146,41,58,99,25,35,60,21,29,50,13,23,36,6,6,12,429,513,942,942,532,0.564755838641189
2020-07-26,48,45,93,22,28,50,56,57,113,54,67,121,49,57,106,34,43,77,18,19,37,17,16,33,8,24,32,6,8,14,312,364,676,676,334,0.4940828402366864
2020-07-27,47,49,96,49,47,96,85,119,204,119,124,243,84,107,191,69,103,172,37,52,89,20,32,52,22,26,48,5,24,29,537,683,1220,1220,561,0.4598360655737705
2020-07-28,68,64,132,47,45,92,128,157,285,123,139,262,100,111,211,79,90,169,55,48,103,27,41,68,16,40,56,7,21,28,650,756,1406,1406,553,0.3933143669985775
2020-07-29,73,63,136,45,52,97,126,137,263,118,142,260,111,118,229,62,65,127,42,51,93,29,25,54,22,47,69,10,29,39,638,729,1367,1367,565,0.4133138258961229
2020-07-30,78,56,134,55,69,124,155,136,291,133,131,264,115,102,217,70,78,148,43,45,88,24,29,53,14,30,44,3,10,13,690,686,1376,1376,620,0.45058139534883723
2020-07-31,60,71,131,39,43,82,109,150,259,141,162,303,97,97,194,62,76,138,45,52,97,26,29,55,14,38,52,7,27,34,600,745,1345,1345,687,0.5107806691449814
2020-08-01,46,41,87,34,43,77,83,106,189,91,117,208,66,86,152,56,67,123,28,20,48,28,29,57,16,38,54,1,25,26,449,572,1021,1021,533,0.5220372184133203
2020-08-02,52,41,93,39,35,74,65,70,135,75,78,153,55,85,140,31,49,80,19,29,48,19,26,45,18,32,50,4,13,17,377,458,835,835,372,0.44550898203592815
2020-08-03,67,75,142,41,63,104,111,125,236,113,132,245,97,121,218,62,71,133,47,39,86,19,35,54,23,49,72,4,30,34,584,740,1324,1324,722,0.5453172205438066
2020-08-04,79,63,142,64,70,134,133,134,267,128,143,271,96,127,223,70,87,157,50,45,95,28,39,67,24,50,74,6,28,34,678,786,1464,1464,664,0.453551912568306
2020-08-05,73,72,145,61,51,112,132,154,286,131,147,278,91,130,221,93,100,193,42,48,90,30,34,64,21,34,55,5,13,18,679,783,1462,1461,951,0.6509240246406571
2020-08-06,71,61,132,51,64,115,123,141,264,135,165,300,115,123,238,70,84,154,48,47,95,31,37,68,22,47,69,7,20,27,673,789,1462,1461,945,0.6468172484599589
2020-08-07,88,72,160,53,50,103,119,152,271,138,176,314,99,142,241,74,92,166,36,58,94,32,45,77,14,51,65,5,15,20,658,853,1511,1511,787,0.5208471211118465
2020-08-08,53,48,101,37,45,82,70,91,161,114,132,246,70,103,173,55,64,119,43,36,79,28,31,59,17,46,63,1,28,29,488,624,1112,1112,369,0.3318345323741007
2020-08-09,41,39,80,32,31,63,73,92,165,84,85,169,66,101,167,49,62,111,31,26,57,31,36,67,21,64,85,5,25,30,433,561,994,994,357,0.3591549295774648
2020-08-10,82,73,155,73,78,151,146,151,297,146,170,316,112,143,255,82,107,189,46,46,92,22,37,59,22,46,68,8,30,38,739,881,1620,1620,622,0.38395061728395063
2020-08-11,68,66,134,68,57,125,153,164,317,172,156,328,128,152,280,81,86,167,58,65,123,46,68,114,21,72,93,10,39,49,805,925,1730,1730,730,0.42196531791907516
2020-08-12,67,72,139,67,78,145,132,157,289,140,217,357,126,144,270,88,98,186,49,45,94,19,36,55,14,25,39,6,19,25,708,891,1599,1599,625,0.3908692933083177
2020-08-13,60,66,126,72,67,139,180,205,385,168,234,402,126,159,285,85,110,195,45,56,101,34,36,70,18,32,50,5,17,22,793,982,1775,1775,705,0.3971830985915493
2020-08-14,55,60,115,52,64,116,173,209,382,152,210,362,136,157,293,83,103,186,52,49,101,32,38,70,17,33,50,2,16,18,754,939,1693,1693,689,0.40696987595983464
2020-08-15,70,47,117,63,53,116,82,150,232,118,163,281,86,120,206,54,80,134,40,48,88,28,49,77,16,63,79,4,28,32,561,801,1362,1362,565,0.41483113069016153
2020-08-16,41,35,76,28,38,66,101,97,198,85,101,186,51,79,130,45,56,101,15,32,47,21,24,45,19,37,56,2,26,28,408,525,933,932,392,0.4206008583690987
2020-08-17,52,31,83,45,45,90,111,125,236,131,139,270,105,116,221,73,93,166,29,52,81,24,23,47,12,42,54,1,21,22,583,687,1270,1270,522,0.4110236220472441
2020-08-18,73,63,136,66,64,130,137,148,285,159,190,349,141,139,280,68,123,191,50,62,112,31,45,76,18,41,59,0,29,29,743,904,1647,1647,561,0.3406193078324226
2020-08-19,65,57,122,68,75,143,123,174,297,129,161,290,104,130,234,76,80,156,37,46,83,27,51,78,18,49,67,6,28,34,653,851,1504,1504,490,0.3257978723404255
2020-08-20,54,57,111,55,55,110,132,162,294,111,172,283,90,103,193,78,75,153,40,57,97,27,34,61,24,37,61,3,22,25,614,774,1388,1388,580,0.41786743515850144
2020-08-21,55,66,121,59,63,122,114,161,275,140,190,330,127,124,251,70,98,168,50,57,107,39,56,95,20,48,68,6,17,23,680,880,1560,1560,662,0.42435897435897435
2020-08-22,40,37,77,48,40,88,90,113,203,86,135,221,87,97,184,54,53,107,36,49,85,20,38,58,15,32,47,6,21,27,482,615,1097,1097,512,0.4667274384685506
2020-08-23,44,49,93,39,32,71,63,102,165,65,101,166,71,77,148,43,66,109,32,34,66,20,28,48,16,21,37,5,7,12,398,517,915,915,296,0.32349726775956283
2020-08-24,77,81,158,63,69,132,123,159,282,161,176,337,105,141,246,78,95,173,51,65,116,31,46,77,19,33,52,6,19,25,714,884,1598,1598,688,0.4305381727158949
2020-08-25,69,70,139,54,69,123,132,195,327,157,200,357,130,142,272,62,104,166,50,53,103,33,26,59,22,39,61,6,18,24,715,916,1631,1631,674,0.4132434089515635
2020-08-26,70,50,120,59,78,137,163,170,333,153,182,335,80,150,230,74,93,167,52,63,115,36,49,85,24,51,75,4,31,35,715,917,1632,1632,633,0.38786764705882354
2020-08-27,71,65,136,81,88,169,160,167,327,137,178,315,116,156,272,77,96,173,38,56,94,35,37,72,24,49,73,3,30,33,742,922,1664,1664,639,0.3840144230769231
2020-08-28,60,58,118,72,71,143,193,214,407,147,196,343,129,199,328,82,120,202,56,61,117,44,48,92,20,40,60,4,16,20,807,1023,1830,1830,867,0.4737704918032787
2020-08-29,45,35,80,43,62,105,118,150,268,117,175,292,117,115,232,65,83,148,44,39,83,35,38,73,14,48,62,5,30,35,603,775,1378,1378,723,0.5246734397677794
2020-08-30,35,60,95,49,46,95,86,116,202,100,94,194,77,93,170,55,55,110,31,39,70,18,30,48,8,19,27,4,11,15,463,563,1026,1026,354,0.34502923976608185
2020-08-31,68,46,114,65,59,124,141,147,288,149,170,319,107,142,249,80,95,175,44,61,105,40,46,86,23,42,65,2,12,14,719,820,1539,1539,839,0.5451591942820013
2020-09-01,64,65,129,54,80,134,164,178,342,166,203,369,123,132,255,83,114,197,40,48,88,26,35,61,17,49,66,7,22,29,744,926,1670,1669,694,0.4158178550029958
2020-09-02,59,45,104,41,55,96,120,161,281,139,185,324,106,117,223,77,93,170,41,56,97,43,38,81,18,45,63,6,33,39,650,828,1478,1478,755,0.5108254397834912
2020-09-03,73,58,131,67,67,134,152,194,346,190,200,390,130,143,273,89,105,194,46,63,109,36,45,81,22,44,66,4,17,21,809,936,1745,1745,673,0.3856733524355301
2020-09-04,70,70,140,63,66,129,146,194,340,168,208,376,137,171,308,81,108,189,63,64,127,38,45,83,25,39,64,5,18,23,796,983,1779,1779,790,0.4440697020798201
2020-09-05,45,43,88,34,42,76,126,141,267,112,154,266,86,157,243,61,83,144,52,54,106,31,31,62,20,28,48,3,11,14,570,744,1314,1314,716,0.5449010654490106
2020-09-06,41,41,82,41,47,88,75,119,194,75,103,178,66,77,143,48,70,118,27,33,60,12,41,53,14,23,37,1,8,9,400,562,962,962,399,0.41476091476091476
2020-09-07,62,56,118,74,70,144,146,183,329,166,202,368,141,163,304,74,126,200,66,62,128,39,44,83,19,48,67,6,18,24,793,972,1765,1765,791,0.4481586402266289
2020-09-08,56,66,122,59,70,129,130,186,316,180,194,374,129,146,275,102,109,211,53,83,136,44,49,93,24,40,64,7,21,28,784,964,1748,1748,788,0.45080091533180777
2020-09-09,64,63,127,72,77,149,165,184,349,170,196,366,131,156,287,98,114,212,61,66,127,31,40,71,19,46,65,1,20,21,812,962,1774,1774,906,0.5107102593010147
2020-09-10,54,38,92,75,70,145,187,195,382,172,222,394,136,176,312,107,100,207,50,73,123,41,58,99,13,57,70,5,32,37,840,1021,1861,1861,943,0.5067168189145621
2020-09-11,60,55,115,81,81,162,158,152,310,153,221,374,122,152,274,80,120,200,63,60,123,42,44,86,22,46,68,2,12,14,783,943,1726,1726,932,0.5399768250289687
2020-09-12,53,32,85,49,44,93,83,117,200,107,131,238,70,107,177,53,85,138,49,46,95,27,31,58,13,46,59,3,14,17,507,653,1160,1160,574,0.49482758620689654
2020-09-13,56,43,99,46,44,90,82,114,196,87,124,211,59,89,148,54,65,119,56,41,97,24,16,40,3,19,22,5,8,13,472,563,1035,1035,416,0.40193236714975844
2020-09-14,72,61,133,57,71,128,152,190,342,151,198,349,115,148,263,96,118,214,70,79,149,41,40,81,31,36,67,0,23,23,785,964,1749,1749,742,0.42424242424242425
2020-09-15,76,40,116,60,59,119,144,138,282,148,198,346,110,140,250,71,95,166,66,70,136,40,52,92,19,63,82,4,28,32,738,883,1621,1621,844,0.5206662553979026
2020-09-16,79,71,150,83,90,173,176,208,384,165,210,375,131,164,295,82,106,188,63,71,134,34,41,75,19,46,65,4,16,20,836,1023,1859,1859,673,0.3620225927918236
2020-09-17,65,63,128,51,86,137,163,175,338,147,176,323,136,176,312,83,121,204,68,69,137,42,44,86,23,39,62,4,17,21,782,966,1748,1748,808,0.4622425629290618
2020-09-18,78,66,144,54,102,156,165,177,342,168,211,379,126,150,276,94,107,201,54,72,126,50,46,96,17,34,51,4,20,24,810,985,1795,1795,730,0.40668523676880225
2020-09-19,36,49,85,53,55,108,98,101,199,106,118,224,67,80,147,55,57,112,48,41,89,25,27,52,19,24,43,4,11,15,511,563,1074,1074,478,0.4450651769087523
2020-09-20,41,49,90,52,53,105,77,84,161,90,90,180,59,90,149,42,72,114,27,40,67,21,26,47,6,28,34,3,14,17,418,546,964,964,295,0.30601659751037347
2020-09-21,72,54,126,66,81,147,132,135,267,156,179,335,104,142,246,83,81,164,56,77,133,38,38,76,15,20,35,2,11,13,724,818,1542,1542,678,0.4396887159533074
2020-09-22,76,70,146,86,88,174,141,199,340,167,180,347,129,130,259,95,111,206,76,61,137,49,44,93,19,43,62,5,19,24,843,945,1788,1788,633,0.3540268456375839
2020-09-23,76,67,143,59,74,133,131,186,317,129,176,305,122,127,249,69,101,170,64,63,127,31,48,79,16,32,48,3,12,15,700,886,1586,1586,616,0.3883984867591425
2020-09-24,81,63,144,74,84,158,155,175,330,150,187,337,117,133,250,67,89,156,56,92,148,40,55,95,29,48,77,13,31,44,782,957,1739,1739,675,0.3881541115583669
2020-09-25,69,57,126,67,68,135,133,168,301,149,153,302,119,137,256,83,102,185,73,65,138,34,38,72,20,32,52,1,13,14,748,833,1581,1581,714,0.45161290322580644
2020-09-26,38,38,76,60,42,102,85,87,172,103,108,211,81,82,163,56,73,129,38,35,73,25,19,44,14,17,31,3,7,10,503,508,1011,1011,390,0.3857566765578635
2020-09-27,46,46,92,36,56,92,75,102,177,90,107,197,82,90,172,43,52,95,31,35,66,14,25,39,11,17,28,2,13,15,430,543,973,973,349,0.35868448098663924
2020-09-28,72,69,141,64,45,109,115,133,248,161,135,296,130,104,234,100,103,203,64,43,107,36,42,78,17,34,51,4,18,22,763,726,1489,1489,699,0.4694425789120215
2020-09-29,83,74,157,88,87,175,170,162,332,175,186,361,135,128,263,84,77,161,66,74,140,39,61,100,27,51,78,2,21,23,869,921,1790,1790,562,0.3139664804469274
2020-09-30,73,70,143,64,78,142,150,211,361,129,180,309,120,114,234,100,100,200,66,75,141,40,49,89,19,54,73,3,13,16,764,944,1708,1708,627,0.367096018735363
2020-10-01,76,91,167,77,95,172,160,192,352,168,188,356,116,137,253,87,97,184,61,70,131,38,57,95,17,32,49,3,10,13,803,969,1772,1772,827,0.4667042889390519
2020-10-02,100,67,167,71,86,157,121,172,293,147,171,318,114,139,253,88,100,188,62,69,131,44,59,103,13,41,54,6,16,22,766,920,1686,1686,833,0.4940688018979834
2020-10-03,42,42,84,47,72,119,100,109,209,113,111,224,87,108,195,67,56,123,41,45,86,28,26,54,13,29,42,4,8,12,542,606,1148,1148,610,0.5313588850174216
2020-10-04,49,49,98,46,44,90,82,107,189,79,81,160,62,79,141,46,56,102,38,35,73,20,22,42,18,27,45,2,6,8,442,506,948,948,416,0.4388185654008439
2020-10-05,51,54,105,60,60,120,149,145,294,181,174,355,138,145,283,80,107,187,91,68,159,43,66,109,24,32,56,3,8,11,820,859,1679,1679,799,0.47587849910661106
2020-10-06,67,77,144,72,73,145,149,172,321,169,188,357,140,137,277,96,101,197,59,71,130,40,58,98,24,32,56,6,10,16,822,919,1741,1741,610,0.35037334865020103
2020-10-07,82,59,141,58,70,128,167,201,368,170,194,364,130,135,265,93,123,216,72,70,142,42,45,87,19,35,54,6,10,16,839,942,1781,1781,658,0.3694553621560921
2020-10-08,80,62,142,64,78,142,136,171,307,141,173,314,142,133,275,90,101,191,61,72,133,41,48,89,12,42,54,4,21,25,771,901,1672,1672,701,0.4192583732057416
2020-10-09,62,83,145,81,87,168,129,194,323,163,205,368,114,155,269,97,119,216,55,69,124,34,47,81,12,31,43,5,23,28,752,1013,1765,1765,830,0.4702549575070821
2020-10-10,36,51,87,56,57,113,119,125,244,97,117,214,98,99,197,64,87,151,39,48,87,21,34,55,15,27,42,7,9,16,552,654,1206,1206,668,0.5538971807628524
2020-10-11,50,51,101,36,56,92,61,96,157,92,124,216,72,72,144,57,55,112,49,40,89,23,32,55,15,22,37,2,6,8,457,554,1011,1011,548,0.5420375865479723
2020-10-12,52,44,96,58,53,111,93,113,206,108,107,215,91,114,205,76,91,167,58,63,121,28,38,66,20,25,45,2,12,14,586,660,1246,1246,548,0.43980738362760835
2020-10-13,78,76,154,73,60,133,152,180,332,147,199,346,117,149,266,94,112,206,83,75,158,44,66,110,29,51,80,9,20,29,826,988,1814,1814,747,0.4117971334068357
2020-10-14,65,71,136,59,79,138,146,174,320,142,175,317,110,124,234,76,108,184,71,60,131,46,58,104,20,32,52,1,13,14,736,894,1630,1630,788,0.4834355828220859
2020-10-15,71,64,135,73,91,164,152,180,332,178,200,378,155,175,330,110,102,212,76,81,157,41,43,84,20,38,58,7,11,18,883,985,1868,1868,725,0.3881156316916488
2020-10-16,86,61,147,99,104,203,187,237,424,178,177,355,157,178,335,109,119,228,70,71,141,48,66,114,27,48,75,3,29,32,964,1090,2054,2054,843,0.4104186952288218
2020-10-17,49,55,104,57,65,122,110,118,228,115,151,266,92,110,202,60,68,128,54,61,115,46,30,76,14,26,40,3,9,12,600,693,1293,1293,570,0.4408352668213457
2020-10-18,39,36,75,42,38,80,51,81,132,83,103,186,49,66,115,54,41,95,28,28,56,21,29,50,8,22,30,2,6,8,377,450,827,827,508,0.6142684401451027
2020-10-19,108,85,193,91,102,193,156,204,360,193,237,430,159,206,365,123,136,259,94,87,181,52,71,123,25,48,73,2,13,15,1003,1189,2192,2192,1162,0.5301094890510949
2020-10-20,85,83,168,94,85,179,190,214,404,175,205,380,163,188,351,107,124,231,83,72,155,38,55,93,35,44,79,0,15,15,970,1085,2055,2055,1483,0.7216545012165451
2020-10-21,65,64,129,108,93,201,142,197,339,154,162,316,119,138,257,99,87,186,75,70,145,37,40,77,21,38,59,3,9,12,823,898,1721,1721,1066,0.6194073213248111
2020-10-22,61,58,119,87,99,186,130,150,280,130,149,279,130,140,270,84,108,192,47,78,125,35,44,79,24,41,65,4,17,21,732,884,1616,1616,1116,0.6905940594059405
2020-10-23,64,52,116,56,59,115,112,124,236,107,114,221,98,138,236,72,69,141,58,71,129,46,44,90,16,29,45,6,17,23,635,717,1352,1352,1060,0.7840236686390533
2020-10-24,36,36,72,31,43,74,81,62,143,74,99,173,65,83,148,48,64,112,28,40,68,27,27,54,8,28,36,1,9,10,399,491,890,890,788,0.8853932584269663
2020-10-25,53,41,94,35,53,88,71,102,173,76,124,200,65,80,145,65,79,144,33,46,79,27,27,54,10,20,30,1,7,8,436,579,1015,1015,916,0.9024630541871921
2020-10-26,76,64,140,89,80,169,138,146,284,135,161,296,87,131,218,96,123,219,78,73,151,52,65,117,18,38,56,1,13,14,770,894,1664,1664,1390,0.8353365384615384
2020-10-27,59,64,123,74,72,146,143,184,327,142,177,319,126,130,256,95,129,224,79,102,181,45,62,107,14,37,51,3,7,10,780,964,1744,1744,1546,0.8864678899082569
2020-10-28,64,61,125,52,75,127,131,171,302,161,194,355,91,127,218,92,105,197,68,66,134,33,38,71,11,34,45,2,15,17,705,886,1591,1591,1258,0.7906976744186046
2020-10-29,52,48,100,62,79,141,151,154,305,160,163,323,98,154,252,84,95,179,53,68,121,33,40,73,14,26,40,2,7,9,709,834,1543,1543,1502,0.9734283862605314
2020-10-30,57,40,97,51,74,125,99,146,245,126,156,282,91,124,215,63,98,161,62,79,141,29,38,67,21,30,51,4,14,18,603,799,1402,1402,1094,0.7803138373751783
2020-10-31,45,32,77,28,42,70,82,85,167,77,118,195,73,66,139,44,59,103,43,46,89,27,33,60,9,22,31,3,8,11,431,511,942,942,784,0.832271762208068
2020-11-01,62,51,113,54,65,119,88,109,197,87,114,201,83,94,177,67,74,141,34,67,101,32,27,59,8,29,37,4,5,9,519,635,1154,1154,973,0.8431542461005199
2020-11-02,57,66,123,65,78,143,128,164,292,150,151,301,118,121,239,77,81,158,68,76,144,43,45,88,20,22,42,1,8,9,727,812,1539,1539,1246,0.8096166341780376
2020-11-03,47,47,94,46,65,111,107,141,248,112,131,243,87,79,166,64,65,129,52,51,103,45,42,87,20,36,56,2,13,15,582,670,1252,1252,919,0.7340255591054313
2020-11-04,56,52,108,66,74,140,177,166,343,137,170,307,142,135,277,80,98,178,75,67,142,47,45,92,17,30,47,5,7,12,802,844,1646,1646,953,0.5789793438639125
2020-11-05,83,73,156,92,96,188,182,184,366,180,204,384,162,139,301,111,127,238,63,83,146,40,44,84,17,27,44,3,12,15,933,989,1922,1922,1238,0.644120707596254
2020-11-06,52,54,106,49,55,104,104,122,226,91,120,211,76,80,156,69,77,146,48,45,93,37,55,92,15,32,47,3,7,10,544,647,1191,1191,960,0.8060453400503779
2020-11-07,45,46,91,40,52,92,70,96,166,72,114,186,71,91,162,61,81,142,56,64,120,32,35,67,19,19,38,4,4,8,470,602,1072,1072,787,0.7341417910447762
2020-11-08,55,66,121,50,67,117,94,99,193,96,131,227,79,106,185,66,60,126,52,66,118,25,31,56,7,22,29,5,4,9,529,652,1181,1181,969,0.8204911092294666
2020-11-09,81,78,159,78,71,149,120,158,278,134,181,315,128,131,259,106,104,210,69,78,147,30,48,78,23,39,62,4,9,13,773,897,1670,1670,1288,0.7712574850299401
2020-11-10,51,49,100,53,74,127,104,109,213,143,141,284,99,98,197,80,81,161,69,54,123,39,39,78,17,33,50,4,8,12,659,686,1345,1345,885,0.6579925650557621
2020-11-11,76,59,135,55,78,133,141,161,302,144,151,295,135,131,266,97,111,208,58,60,118,41,40,81,21,31,52,5,14,19,773,836,1609,1609,1068,0.6637663144810442
2020-11-12,66,61,127,65,80,145,141,176,317,188,172,360,129,139,268,100,96,196,68,84,152,44,56,100,22,31,53,1,13,14,824,908,1732,1732,1088,0.628175519630485
2020-11-13,62,45,107,70,69,139,138,173,311,128,133,261,110,122,232,93,89,182,86,75,161,52,49,101,21,32,53,4,10,14,764,797,1561,1561,1012,0.6483023702754644
2020-11-14,67,61,128,53,38,91,76,108,184,98,110,208,65,91,156,61,71,132,56,43,99,31,44,75,12,22,34,4,4,8,523,592,1115,1115,810,0.726457399103139
2020-11-15,65,71,136,66,48,114,90,125,215,114,113,227,92,97,189,58,73,131,57,60,117,37,42,79,11,27,38,0,13,13,590,669,1259,1259,958,0.7609213661636219
2020-11-16,69,70,139,100,67,167,102,126,228,117,144,261,114,106,220,67,85,152,62,61,123,42,49,91,25,32,57,4,18,22,702,758,1460,1460,917,0.6280821917808219
2020-11-17,79,79,158,79,68,147,152,164,316,173,171,344,142,149,291,98,111,209,79,108,187,37,61,98,12,35,47,2,13,15,853,959,1812,1812,1276,0.7041942604856513
2020-11-18,72,68,140,102,95,197,159,181,340,172,195,367,113,129,242,77,90,167,66,73,139,51,49,100,15,49,64,2,7,9,829,936,1765,1765,1208,0.6844192634560906
2020-11-19,73,65,138,91,78,169,161,188,349,126,184,310,109,138,247,94,117,211,60,74,134,49,47,96,22,31,53,3,8,11,788,930,1718,1718,1221,0.710710128055879
2020-11-20,71,61,132,60,74,134,133,162,295,130,160,290,109,135,244,84,101,185,57,59,116,37,41,78,25,33,58,5,10,15,711,836,1547,1547,1088,0.7032967032967034
2020-11-21,63,53,116,45,65,110,97,105,202,120,113,233,85,89,174,65,69,134,53,56,109,30,21,51,10,19,29,3,10,13,571,600,1171,1171,975,0.8326216908625107
2020-11-22,50,42,92,42,49,91,89,85,174,73,95,168,74,67,141,44,55,99,41,46,87,27,22,49,12,22,34,2,8,10,454,491,945,945,744,0.7873015873015873
2020-11-23,63,59,122,52,66,118,102,111,213,123,98,221,93,95,188,54,67,121,45,58,103,32,38,70,17,29,46,4,9,13,585,630,1215,1215,977,0.8041152263374486
2020-11-24,69,79,148,82,76,158,124,144,268,158,150,308,118,126,244,95,101,196,65,85,150,49,54,103,24,31,55,2,8,10,786,854,1640,1640,1242,0.7573170731707317
2020-11-25,80,66,146,81,81,162,153,158,311,148,149,297,131,122,253,77,71,148,70,67,137,27,64,91,22,34,56,4,8,12,793,820,1613,1613,1113,0.6900185988840669
2020-11-26,82,68,150,82,85,167,135,177,312,148,166,314,111,119,230,88,91,179,74,67,141,34,56,90,17,28,45,9,10,19,780,867,1647,1647,1172,0.7115968427443837
2020-11-27,57,56,113,59,56,115,119,149,268,99,126,225,91,67,158,75,70,145,52,60,112,28,39,67,16,36,52,3,4,7,599,663,1262,1262,875,0.6933438985736925
2020-11-28,66,41,107,55,39,94,97,105,202,82,110,192,68,84,152,71,70,141,36,38,74,29,39,68,15,27,42,3,5,8,522,558,1080,1080,747,0.6916666666666667
2020-11-29,61,51,112,45,54,99,107,126,233,96,131,227,92,99,191,60,67,127,52,68,120,33,36,69,14,15,29,1,4,5,561,651,1212,1212,934,0.7706270627062707
2020-11-30,91,80,171,93,82,175,167,197,364,173,172,345,151,146,297,87,93,180,88,95,183,60,53,113,20,39,59,4,10,14,934,967,1901,1900,1310,0.6894736842105263
2020-12-01,62,74,136,78,85,163,156,169,325,139,161,300,119,139,258,56,78,134,76,98,174,54,53,107,19,34,53,3,2,5,762,893,1655,1655,1102,0.6658610271903324
2020-12-02,45,42,87,60,64,124,95,121,216,109,142,251,86,96,182,60,63,123,52,39,91,38,43,81,18,17,35,3,8,11,566,635,1201,1201,477,0.3971690258118235
2020-12-03,54,55,109,81,87,168,142,188,330,151,176,327,113,139,252,87,83,170,74,72,146,47,47,94,15,29,44,2,5,7,766,881,1647,1647,367,0.222829386763813
2020-12-04,65,72,137,79,78,157,122,139,261,146,158,304,119,133,252,85,100,185,70,93,163,57,44,101,19,39,58,6,9,15,768,865,1633,1632,563,0.3449754901960784
2020-12-05,59,58,117,69,55,124,112,108,220,128,108,236,89,85,174,53,61,114,43,51,94,27,35,62,10,22,32,5,7,12,595,590,1185,1185,605,0.510548523206751
2020-12-06,46,47,93,51,47,98,76,78,154,71,97,168,66,82,148,37,51,88,43,44,87,26,34,60,16,14,30,0,3,3,432,497,929,929,347,0.37351991388589884
2020-12-07,37,52,89,61,49,110,104,115,219,105,98,203,73,104,177,54,59,113,37,51,88,31,41,72,17,21,38,4,5,9,523,595,1118,1118,332,0.29695885509839
2020-12-08,53,58,111,56,60,116,101,124,225,121,113,234,76,81,157,72,73,145,61,57,118,33,45,78,8,18,26,4,6,10,585,635,1220,1220,380,0.3114754098360656
2020-12-09,65,60,125,74,95,169,193,215,408,191,206,397,156,135,291,130,137,267,112,101,213,47,63,110,19,32,51,2,15,17,989,1059,2048,2048,669,0.32666015625
2020-12-10,80,58,138,109,129,238,198,247,445,212,257,469,156,196,352,129,164,293,104,99,203,46,46,92,18,45,63,5,7,12,1057,1248,2305,2305,523,0.22689804772234273
2020-12-11,67,70,137,105,110,215,200,265,465,243,257,500,171,209,380,140,159,299,107,118,225,60,75,135,17,28,45,2,8,10,1112,1299,2411,2411,483,0.20033181252592286
2020-12-12,65,62,127,87,85,172,161,209,370,194,212,406,170,170,340,133,135,268,84,122,206,42,55,97,11,22,33,3,7,10,950,1079,2029,2029,509,0.25086249383932974
2020-12-13,66,48,114,80,80,160,114,163,277,176,202,378,148,166,314,122,114,236,77,79,156,39,35,74,11,19,30,6,4,10,839,910,1749,1749,345,0.19725557461406518
2020-12-14,84,68,152,105,117,222,190,234,424,234,236,470,175,197,372,155,176,331,112,122,234,64,73,137,21,33,54,9,10,19,1149,1266,2415,2415,616,0.25507246376811593
2020-12-15,63,69,132,91,92,183,190,222,412,200,226,426,174,171,345,130,183,313,111,107,218,58,61,119,14,24,38,2,10,12,1033,1165,2198,2197,519,0.23623122439690486
2020-12-16,50,67,117,116,141,257,201,260,461,286,292,578,220,220,440,182,178,360,122,143,265,65,74,139,26,25,51,4,10,14,1272,1410,2682,2682,611,0.22781506338553317
2020-12-17,86,83,169,124,124,248,236,300,536,281,324,605,248,225,473,171,171,342,79,109,188,65,56,121,13,26,39,1,10,11,1304,1428,2732,2732,627,0.229502196193265
2020-12-18,86,79,165,154,172,326,251,345,596,319,340,659,247,272,519,199,231,430,193,179,372,89,90,179,18,43,61,2,5,7,1558,1756,3314,3314,831,0.2507543753771877
2020-12-19,68,62,130,116,128,244,208,280,488,325,322,647,223,235,458,168,181,349,135,160,295,65,70,135,15,27,42,3,4,7,1326,1469,2795,2795,790,0.2826475849731664
2020-12-20,68,81,149,124,132,256,213,249,462,322,337,659,247,263,510,179,208,387,117,127,244,63,60,123,13,17,30,3,9,12,1349,1483,2832,2832,392,0.1384180790960452
2020-12-21,86,99,185,143,147,290,316,323,639,364,413,777,293,281,574,189,209,398,185,168,353,80,82,162,18,46,64,3,6,9,1677,1774,3451,3451,680,0.19704433497536947
2020-12-22,98,101,199,181,200,381,344,399,743,424,460,884,338,320,658,218,228,446,172,190,362,80,80,160,17,33,50,4,4,8,1876,2015,3891,3891,776,0.19943459264970445
2020-12-23,114,99,213,204,190,394,354,396,750,416,434,850,300,342,642,217,208,425,139,183,322,62,77,139,26,35,61,6,10,16,1838,1974,3812,3812,791,0.20750262329485833
2020-12-24,53,56,109,93,112,205,193,214,407,265,251,516,175,162,337,103,120,223,83,95,178,55,46,101,6,19,25,1,4,5,1027,1079,2106,2106,558,0.26495726495726496
2020-12-25,36,25,61,39,33,72,62,58,120,62,77,139,53,42,95,43,46,89,22,25,47,15,10,25,7,16,23,4,4,8,343,336,679,679,407,0.5994108983799705
2020-12-26,81,65,146,179,220,399,262,303,565,373,356,729,242,299,541,196,198,394,113,143,256,68,69,137,22,31,53,1,12,13,1537,1696,3233,3233,734,0.2270337148159604
2020-12-27,53,49,102,228,228,456,255,289,544,401,407,808,328,351,679,225,245,470,157,148,305,61,83,144,18,31,49,2,10,12,1728,1841,3569,3569,433,0.12132249929952367
2020-12-28,129,97,226,276,288,564,378,466,844,562,603,1165,455,446,901,270,323,593,174,230,404,80,103,183,30,45,75,2,11,13,2356,2612,4968,4968,806,0.16223832528180354
2020-12-29,94,90,184,264,274,538,393,437,830,445,476,921,391,412,803,236,262,498,176,216,392,89,101,190,25,55,80,5,9,14,2118,2332,4450,4450,722,0.16224719101123594
2020-12-30,94,80,174,300,317,617,416,441,857,515,510,1025,378,444,822,271,332,603,175,196,371,89,94,183,31,49,80,4,8,12,2273,2471,4744,4744,1057,0.22280775716694773
2020-12-31,68,65,133,210,204,414,295,284,579,316,349,665,261,320,581,163,175,338,85,93,178,44,62,106,13,28,41,0,6,6,1455,1586,3041,3041,654,0.215060835251562
2021-01-01,28,21,49,46,52,98,50,78,128,76,92,168,59,67,126,49,54,103,26,32,58,17,22,39,5,15,20,1,4,5,357,437,794,794,349,0.43954659949622166
2021-01-02,77,62,139,195,200,395,271,316,587,311,372,683,287,297,584,189,211,400,166,166,332,78,89,167,15,37,52,4,7,11,1593,1757,3350,3350,642,0.19164179104477613
2021-01-03,54,68,122,255,274,529,403,433,836,535,556,1091,417,470,887,262,317,579,207,238,445,82,118,200,27,36,63,3,7,10,2245,2517,4762,4762,518,0.10877782444351113
2021-01-04,88,87,175,255,241,496,545,596,1141,590,638,1228,427,465,892,279,326,605,205,224,429,104,114,218,28,62,90,5,10,15,2526,2763,5289,5289,766,0.14482889014936662
2021-01-05,94,95,189,296,299,595,544,670,1214,613,661,1274,476,515,991,292,316,608,227,302,529,109,131,240,31,60,91,6,10,16,2688,3059,5747,5746,795,0.13835711799512704
2021-01-06,97,80,177,330,295,625,553,562,1115,594,596,1190,491,509,1000,320,347,667,227,253,480,111,136,247,29,60,89,4,15,19,2756,2853,5609,5608,817,0.14568473609129814
2021-01-07,89,77,166,235,254,489,428,500,928,500,481,981,347,369,716,236,282,518,176,220,396,81,123,204,27,49,76,2,11,13,2121,2366,4487,4487,784,0.1747269890795632
2021-01-08,91,90,181,276,264,540,442,474,916,417,501,918,318,439,757,246,284,530,135,189,324,87,105,192,32,38,70,4,6,10,2048,2390,4438,4437,962,0.21681316204642775
2021-01-09,69,69,138,235,242,477,391,464,855,450,513,963,341,400,741,222,267,489,140,209,349,59,86,145,24,40,64,0,9,9,1931,2299,4230,4228,733,0.17336802270577106
2021-01-10,70,71,141,283,273,556,383,426,809,411,489,900,360,396,756,214,273,487,132,147,279,46,81,127,12,33,45,2,9,11,1913,2198,4111,4111,488,0.11870591097056678
2021-01-11,95,70,165,286,322,608,520,544,1064,526,584,1110,401,426,827,246,328,574,170,214,384,88,89,177,20,30,50,1,8,9,2353,2615,4968,4968,766,0.1541867954911433
2021-01-12,96,72,168,246,285,531,393,520,913,390,458,848,314,385,699,236,298,534,185,158,343,68,92,160,33,36,69,3,10,13,1964,2314,4278,4278,635,0.14843384759233286
2021-01-13,128,108,236,296,329,625,487,548,1035,457,517,974,389,406,795,260,344,604,195,226,421,85,98,183,20,48,68,5,4,9,2322,2628,4950,4950,721,0.14565656565656565
2021-01-14,89,102,191,304,330,634,435,474,909,437,534,971,341,434,775,273,323,596,164,206,370,70,92,162,21,40,61,3,8,11,2137,2543,4680,4679,778,0.16627484505236162
2021-01-15,124,90,214,479,486,965,546,622,1168,696,740,1436,534,637,1171,387,434,821,209,232,441,84,123,207,23,49,72,2,8,10,3084,3421,6505,6505,879,0.13512682551883168
2021-01-16,71,52,123,562,541,1103,461,565,1026,619,689,1308,599,659,1258,384,396,780,213,259,472,108,116,224,27,41,68,1,9,10,3045,3327,6372,6372,626,0.09824231010671688
2021-01-17,69,44,113,452,499,951,460,551,1011,567,619,1186,610,712,1322,377,374,751,164,184,348,83,92,175,18,29,47,2,3,5,2802,3107,5909,5909,486,0.08224741919106447
2021-01-18,94,90,184,528,535,1063,603,665,1268,688,740,1428,673,707,1380,444,481,925,266,302,568,120,131,251,36,59,95,2,4,6,3454,3714,7168,7168,655,0.09137834821428571
2021-01-19,104,85,189,506,539,1045,554,606,1160,666,742,1408,660,693,1353,441,479,920,268,311,579,108,152,260,23,48,71,5,13,18,3335,3668,7003,7003,541,0.07725260602598887
2021-01-20,101,89,190,467,481,948,503,583,1086,582,631,1213,556,596,1152,412,444,856,281,301,582,136,154,290,26,44,70,4,12,16,3068,3335,6403,6403,502,0.07840074964860222
2021-01-21,117,80,197,343,406,749,524,498,1022,481,557,1038,410,505,915,298,393,691,197,234,431,90,107,197,29,54,83,5,21,26,2494,2855,5349,5349,650,0.12151804075528136
2021-01-22,82,83,165,398,366,764,377,482,859,393,514,907,400,475,875,288,311,599,177,207,384,100,114,214,21,44,65,3,3,6,2239,2599,4838,4838,593,0.1225713104588673
2021-01-23,48,46,94,395,405,800,406,478,884,426,504,930,421,419,840,305,345,650,128,172,300,52,70,122,19,30,49,2,3,5,2202,2472,4674,4674,415,0.0887890457851947
2021-01-24,60,51,111,470,489,959,438,475,913,446,515,961,533,541,1074,342,348,690,178,196,374,62,85,147,22,35,57,2,5,7,2553,2740,5293,5293,340,0.06423578310976762
2021-01-25,90,97,187,570,564,1134,609,641,1250,615,659,1274,544,638,1182,391,434,825,229,235,464,109,127,236,37,62,99,8,18,26,3202,3475,6677,6677,511,0.07653137636663172
2021-01-26,126,83,209,485,478,963,478,557,1035,494,539,1033,506,529,1035,321,399,720,199,266,465,112,126,238,33,65,98,4,10,14,2758,3052,5810,5810,551,0.09483648881239243
2021-01-27,118,103,221,443,436,879,461,512,973,485,561,1046,426,514,940,321,354,675,196,207,403,83,91,174,38,55,93,1,15,16,2572,2848,5420,5420,499,0.09206642066420664
2021-01-28,88,87,175,368,376,744,358,436,794,404,446,850,377,431,808,282,313,595,187,223,410,105,110,215,28,49,77,5,15,20,2202,2486,4688,4688,593,0.12649317406143346
2021-01-29,69,91,160,515,494,1009,496,563,1059,574,645,1219,534,617,1151,384,417,801,231,276,507,92,137,229,24,55,79,2,7,9,2921,3302,6223,6222,710,0.11411121825779492
2021-01-30,59,45,104,704,714,1418,479,567,1046,602,715,1317,711,842,1553,475,474,949,216,299,515,100,135,235,24,43,67,2,9,11,3372,3843,7215,7215,484,0.06708246708246708
2021-01-31,59,58,117,988,1048,2036,581,674,1255,750,956,1706,1058,1159,2217,618,657,1275,280,298,578,110,141,251,26,48,74,2,10,12,4472,5049,9521,9521,319,0.03350488394076252
2021-02-01,81,78,159,861,903,1764,565,705,1270,767,885,1652,923,1032,1955,599,604,1203,317,374,691,116,191,307,39,47,86,1,12,13,4269,4831,9100,9100,556,0.0610989010989011
2021-02-02,88,86,174,698,763,1461,526,590,1116,702,833,1535,828,935,1763,575,612,1187,363,363,726,182,221,403,41,59,100,3,13,16,4006,4475,8481,8481,459,0.054120976299964624
2021-02-03,59,80,139,577,537,1114,452,574,1026,611,681,1292,622,709,1331,417,512,929,317,335,652,151,177,328,40,69,109,4,12,16,3250,3686,6936,6936,467,0.06732987312572088
2021-02-04,73,79,152,319,356,675,334,458,792,432,494,926,345,528,873,326,376,702,179,244,423,93,141,234,28,43,71,4,16,20,2133,2735,4868,4868,436,0.0895645028759244
2021-02-05,84,80,164,313,308,621,352,418,770,378,442,820,352,403,755,271,307,578,182,212,394,103,129,232,19,51,70,1,9,10,2055,2359,4414,4414,640,0.14499320344358857
2021-02-06,54,46,100,347,380,727,320,400,720,397,513,910,370,472,842,322,343,665,158,185,343,75,95,170,23,37,60,0,8,8,2066,2479,4545,4545,469,0.10319031903190319
2021-02-07,58,60,118,378,397,775,329,350,679,419,490,909,387,487,874,289,329,618,165,164,329,84,96,180,17,30,47,6,4,10,2132,2407,4539,4539,274,0.06036571932143644
2021-02-08,91,78,169,519,587,1106,493,560,1053,592,768,1360,643,745,1388,358,426,784,229,273,502,106,127,233,29,66,95,3,19,22,3063,3649,6712,6712,583,0.08685935637663886
2021-02-09,89,67,156,428,453,881,444,507,951,585,648,1233,525,639,1164,379,440,819,257,278,535,120,144,264,34,53,87,5,14,19,2866,3243,6109,6109,421,0.06891471599279751
2021-02-10,82,61,143,329,331,660,375,456,831,488,573,1061,460,513,973,280,371,651,205,246,451,111,118,229,28,50,78,0,12,12,2358,2731,5089,5089,383,0.07526036549420319
2021-02-11,70,63,133,300,324,624,340,460,800,447,541,988,415,512,927,234,365,599,192,215,407,101,113,214,28,43,71,4,6,10,2131,2642,4773,4773,341,0.07144353655981563
2021-02-12,75,67,142,321,372,693,345,395,740,479,569,1048,422,579,1001,297,368,665,187,238,425,101,122,223,32,50,82,1,10,11,2260,2770,5030,5030,543,0.10795228628230616
2021-02-13,59,40,99,444,471,915,353,418,771,564,683,1247,575,755,1330,337,420,757,202,212,414,76,106,182,22,28,50,5,12,17,2637,3145,5782,5782,453,0.07834659287443792
2021-02-14,43,36,79,443,478,921,297,398,695,542,699,1241,647,770,1417,337,409,746,202,228,430,90,112,202,16,30,46,1,15,16,2618,3175,5793,5792,295,0.05093232044198895
2021-02-15,40,61,101,574,600,1174,441,547,988,693,897,1590,784,899,1683,445,510,955,211,248,459,97,124,221,23,56,79,2,12,14,3310,3954,7264,7264,382,0.052588105726872246
2021-02-16,59,41,100,578,563,1141,571,779,1350,812,959,1771,803,950,1753,408,465,873,209,227,436,89,136,225,15,38,53,8,5,13,3552,4163,7715,7715,354,0.04588464031108231
2021-02-17,79,90,169,437,448,885,683,826,1509,684,821,1505,566,641,1207,375,457,832,311,328,639,125,143,268,20,56,76,6,10,16,3286,3820,7106,7106,437,0.06149732620320856
2021-02-18,80,66,146,356,410,766,582,695,1277,616,750,1366,500,649,1149,369,408,777,248,285,533,125,155,280,34,54,88,4,7,11,2914,3479,6393,6393,488,0.07633348975441889
2021-02-19,85,57,142,320,413,733,498,591,1089,579,748,1327,483,623,1106,369,455,824,238,279,517,126,159,285,28,48,76,2,12,14,2728,3385,6113,6113,569,0.09308032062816947
2021-02-20,68,53,121,286,356,642,453,537,990,457,661,1118,436,588,1024,315,416,731,164,264,428,86,110,196,23,33,56,4,3,7,2292,3021,5313,5313,463,0.08714473931865237
2021-02-21,81,49,130,284,351,635,396,568,964,543,678,1221,454,572,1026,297,379,676,196,242,438,77,104,181,24,33,57,3,8,11,2355,2984,5339,5339,381,0.07136167821689456
2021-02-22,103,109,212,311,410,721,497,660,1157,596,748,1344,478,617,1095,350,435,785,244,286,530,112,125,237,47,40,87,3,9,12,2741,3439,6180,6180,462,0.07475728155339806
2021-02-23,106,90,196,267,318,585,449,587,1036,530,632,1162,434,538,972,321,403,724,241,281,522,117,140,257,37,55,92,7,16,23,2509,3060,5569,5569,426,0.0764948823846292
2021-02-24,88,112,200,267,315,582,384,480,864,445,534,979,359,451,810,293,339,632,221,237,458,105,132,237,31,54,85,4,12,16,2197,2666,4863,4863,448,0.09212420316676949
2021-02-25,129,113,242,208,247,455,390,469,859,423,478,901,325,406,731,229,310,539,188,237,425,100,125,225,26,44,70,5,14,19,2023,2443,4466,4464,454,0.10170250896057348
2021-02-26,111,98,209,198,264,462,408,555,963,469,544,1013,358,482,840,267,355,622,198,290,488,97,126,223,24,47,71,2,15,17,2132,2776,4908,4908,467,0.09515077424612876
2021-02-27,73,73,146,252,343,595,428,549,977,583,596,1179,358,487,845,352,424,776,256,287,543,108,127,235,30,58,88,1,13,14,2441,2957,5398,5398,568,0.10522415709522046
2021-02-28,92,80,172,380,450,830,556,752,1308,775,918,1693,588,720,1308,514,639,1153,364,436,800,175,183,358,35,54,89,2,7,9,3481,4239,7720,7720,490,0.06347150259067358
2021-03-01,164,147,311,310,382,692,531,698,1229,637,704,1341,471,583,1054,341,436,777,279,329,608,110,168,278,34,73,107,5,25,30,2882,3545,6427,6427,620,0.09646802551734869
2021-03-02,185,160,345,333,400,733,541,664,1205,571,729,1300,490,547,1037,344,474,818,241,309,550,120,105,225,41,58,99,4,10,14,2870,3456,6326,6326,543,0.08583623142586153
2021-03-03,173,142,315,254,317,571,424,583,1007,522,638,1160,389,514,903,321,429,750,298,351,649,146,150,296,29,44,73,1,15,16,2557,3183,5740,5740,704,0.12264808362369338
2021-03-04,162,153,315,274,324,598,467,591,1058,496,639,1135,403,529,932,296,460,756,285,380,665,146,179,325,37,57,94,6,21,27,2572,3333,5905,5905,703,0.11905165114309907
2021-03-05,161,151,312,319,349,668,488,745,1233,617,805,1422,417,576,993,381,520,901,299,322,621,135,152,287,31,59,90,0,15,15,2848,3694,6542,6541,691,0.1056413392447638
2021-03-06,110,94,204,192,278,470,416,558,974,528,647,1175,362,483,845,288,405,693,191,225,416,94,124,218,28,35,63,3,9,12,2212,2858,5070,5070,610,0.1203155818540434
2021-03-07,111,101,212,226,293,519,450,614,1064,547,691,1238,385,543,928,316,474,790,272,301,573,104,119,223,26,46,72,4,4,8,2441,3186,5627,5626,478,0.084962673302524
2021-03-08,201,171,372,301,441,742,556,796,1352,716,849,1565,535,671,1206,458,616,1074,373,379,752,156,170,326,31,62,93,5,15,20,3332,4170,7502,7498,624,0.08322219258468926
2021-03-09,234,207,441,297,355,652,557,678,1235,705,825,1530,498,645,1143,418,569,987,376,481,857,183,186,369,37,63,100,7,15,22,3312,4024,7336,7336,641,0.0873773173391494
2021-03-10,244,215,459,328,370,698,519,643,1162,686,801,1487,438,627,1065,425,563,988,347,372,719,136,171,307,41,63,104,4,11,15,3168,3836,7004,7004,870,0.12421473443746431
2021-03-11,196,212,408,241,310,551,431,645,1076,499,693,1192,387,558,945,311,414,725,234,319,553,135,132,267,32,50,82,5,16,21,2471,3349,5820,5820,928,0.15945017182130583
2021-03-12,252,239,491,306,431,737,505,768,1273,660,871,1531,487,645,1132,347,548,895,318,381,699,161,161,322,43,70,113,3,16,19,3082,4130,7212,7211,1013,0.14047982249341284
2021-03-13,165,140,305,226,296,522,498,669,1167,604,694,1298,384,525,909,357,485,842,308,334,642,121,133,254,25,47,72,5,4,9,2693,3327,6020,6020,794,0.1318936877076412
2021-03-14,151,191,342,242,274,516,458,720,1178,637,760,1397,400,602,1002,424,548,972,287,362,649,118,155,273,23,54,77,5,11,16,2745,3677,6422,6422,614,0.09560884459669884
2021-03-15,313,269,582,348,402,750,616,877,1493,738,880,1618,528,784,1312,450,632,1082,382,445,827,148,207,355,38,64,102,6,13,19,3567,4573,8140,8140,905,0.11117936117936118
2021-03-16,276,266,542,346,415,761,517,692,1209,733,822,1555,504,590,1094,424,538,962,333,403,736,157,171,328,35,71,106,8,20,28,3333,3988,7321,7321,769,0.10504029504166097
2021-03-17,238,203,441,320,407,727,539,732,1271,600,739,1339,433,579,1012,370,513,883,322,381,703,131,167,298,35,50,85,3,14,17,2991,3785,6776,6775,813,0.12
2021-03-18,194,186,380,247,329,576,468,623,1091,550,644,1194,383,500,883,277,395,672,256,286,542,122,155,277,18,50,68,6,13,19,2521,3181,5702,5702,785,0.13767099263416346
2021-03-19,211,215,426,337,383,720,486,710,1196,585,762,1347,425,579,1004,334,483,817,251,296,547,111,137,248,30,43,73,7,10,17,2777,3618,6395,6395,1072,0.16763096168881939
2021-03-20,111,104,215,230,280,510,408,550,958,511,610,1121,364,442,806,303,403,706,259,255,514,102,112,214,22,34,56,10,8,18,2320,2798,5118,5113,745,0.14570702131820848
2021-03-21,144,134,278,199,265,464,442,581,1023,580,640,1220,364,485,849,336,441,777,234,293,527,77,113,190,28,34,62,2,10,12,2406,2996,5402,5402,618,0.11440207330618289
2021-03-22,234,247,481,342,360,702,562,786,1348,717,843,1560,500,635,1135,406,566,972,287,363,650,142,165,307,36,84,120,5,35,40,3231,4084,7315,7315,900,0.12303485987696514
2021-03-23,225,212,437,331,386,717,518,696,1214,604,791,1395,459,553,1012,397,480,877,315,408,723,155,170,325,33,48,81,3,22,25,3040,3766,6806,6806,919,0.1350279165442257
2021-03-24,157,149,306,314,313,627,436,551,987,509,622,1131,372,479,851,281,384,665,195,214,409,93,125,218,21,66,87,2,25,27,2380,2928,5308,5308,829,0.15617935192162774
2021-03-25,176,165,341,332,422,754,464,696,1160,596,772,1368,482,626,1108,364,467,831,229,298,527,113,126,239,39,59,98,6,15,21,2801,3646,6447,6447,790,0.12253761439429192
2021-03-26,225,217,442,356,468,824,532,797,1329,644,789,1433,473,688,1161,340,510,850,258,322,580,139,152,291,36,56,92,3,17,20,3006,4016,7022,7022,921,0.13115921389917404
2021-03-27,156,152,308,233,326,559,464,595,1059,576,711,1287,404,567,971,325,476,801,265,286,551,112,129,241,26,49,75,6,7,13,2567,3298,5865,5865,868,0.14799658994032397
2021-03-28,124,123,247,227,297,524,399,599,998,579,745,1324,432,534,966,333,473,806,232,259,491,79,76,155,24,37,61,4,10,14,2433,3153,5586,5586,740,0.13247404224847834
2021-03-29,221,218,439,382,400,782,532,759,1291,658,792,1450,481,669,1150,390,494,884,252,337,589,95,96,191,20,43,63,3,11,14,3034,3819,6853,6853,916,0.1336640887202685
2021-03-30,211,193,404,343,374,717,479,704,1183,592,779,1371,428,593,1021,344,443,787,227,274,501,85,100,185,32,44,76,5,13,18,2746,3517,6263,6261,940,0.15013576106053347
2021-03-31,174,147,321,322,336,658,537,747,1284,606,814,1420,436,629,1065,295,435,730,156,171,327,52,71,123,26,34,60,1,10,11,2605,3394,5999,5999,1032,0.17202867144524087
2021-04-01,140,160,300,358,395,753,554,675,1229,629,745,1374,400,582,982,334,425,759,200,243,443,73,104,177,20,27,47,4,12,16,2712,3368,6080,6080,1216,0.2
2021-04-02,159,116,275,294,373,667,492,649,1141,557,657,1214,415,560,975,309,422,731,195,195,390,70,75,145,20,36,56,2,14,16,2513,3097,5610,5610,1015,0.18092691622103388
2021-04-03,123,120,243,316,415,731,523,625,1148,594,704,1298,459,649,1108,348,415,763,210,253,463,78,95,173,26,49,75,5,9,14,2682,3334,6016,6016,1116,0.18550531914893617
2021-04-04,159,132,291,657,745,1402,825,1160,1985,1061,1372,2433,880,1086,1966,550,667,1217,259,282,541,74,87,161,27,39,66,2,10,12,4494,5580,10074,10074,988,0.09807425054595989
2021-04-05,205,211,416,762,896,1658,1031,1425,2456,1200,1486,2686,1052,1341,2393,615,750,1365,326,378,704,124,127,251,30,56,86,4,12,16,5349,6682,12031,12031,1191,0.09899426481589228
2021-04-06,227,222,449,625,694,1319,1037,1224,2261,1146,1402,2548,922,1082,2004,649,776,1425,414,490,904,156,174,330,34,67,101,3,16,19,5213,6147,11360,11359,1393,0.12263403468615194
2021-04-07,243,236,479,655,691,1346,1012,1217,2229,1042,1270,2312,909,1130,2039,589,810,1399,331,426,757,121,154,275,27,57,84,0,13,13,4929,6004,10933,10929,1351,0.12361606734376429
2021-04-08,215,174,389,482,582,1064,825,1149,1974,958,1183,2141,737,920,1657,510,744,1254,311,337,648,103,137,240,28,53,81,2,12,14,4171,5291,9462,9462,1406,0.14859437751004015
2021-04-09,166,167,333,331,376,707,515,726,1241,516,670,1186,434,563,997,274,412,686,181,214,395,66,98,164,14,38,52,1,8,9,2498,3272,5770,5769,1336,0.23158259663719882
2021-04-10,131,120,251,332,436,768,544,714,1258,658,764,1422,484,653,1137,335,455,790,198,217,415,46,70,116,13,26,39,2,4,6,2743,3459,6202,6201,918,0.14804063860667635
2021-04-11,123,127,250,292,372,664,470,615,1085,606,749,1355,518,654,1172,335,466,801,185,189,374,53,50,103,19,25,44,2,6,8,2603,3253,5856,5856,803,0.13712431693989072
2021-04-12,212,209,421,351,387,738,574,737,1311,626,826,1452,533,757,1290,398,544,942,202,266,468,76,110,186,25,49,74,5,12,17,3002,3897,6899,6896,1123,0.16284802784222738
2021-04-13,182,130,312,309,324,633,555,719,1274,642,841,1483,535,709,1244,400,497,897,154,178,332,71,71,142,21,29,50,5,10,15,2874,3508,6382,6382,896,0.1403948605452836
2021-04-14,146,133,279,199,200,399,267,362,629,298,375,673,239,335,574,197,272,469,186,190,376,62,118,180,25,56,81,5,21,26,1624,2062,3686,3685,712,0.1932157394843962
2021-04-15,154,143,297,306,383,689,544,732,1276,636,789,1425,536,813,1349,381,551,932,200,225,425,57,81,138,18,39,57,1,9,10,2833,3765,6598,6593,427,0.0647656605490672
2021-04-16,130,151,281,279,317,596,525,692,1217,649,743,1392,525,628,1153,327,452,779,176,206,382,35,61,96,8,14,22,1,7,8,2655,3271,5926,5924,251,0.04237002025658339
2021-04-17,28,34,62,109,145,254,213,293,506,295,370,665,220,304,524,156,174,330,58,62,120,20,36,56,10,29,39,1,3,4,1110,1450,2560,2560,45,0.017578125
2021-04-18,0,2,2,0,1,1,3,7,10,1,1,2,2,1,3,0,2,2,0,3,3,0,0,0,0,0,0,0,1,1,6,18,24,23,0,0.0
