FECHA,<=30M,<=30F,<=30,31-40M,31-40F,31-40,41-50M,41-50F,41-50,51-60M,51-60F,51-60,61-70M,61-70F,61-70,71-80M,71-80F,71-80,81-90M,81-90F,81-90,>=91M,>=91F,>=91,TotalM,TotalF,Total,DelayCount,CumDelay,DelayAvg
2020-03-15,2,4,6,2,1,3,1,2,3,1,0,1,1,1,2,1,0,1,0,0,0,0,0,0,8,8,16,13,48,3.6923076923076925
2020-03-16,4,8,12,1,1,2,0,2,2,3,2,5,2,3,5,0,0,0,0,0,0,0,0,0,10,16,26,23,87,3.782608695652174
2020-03-17,4,7,11,1,2,3,3,5,8,0,2,2,2,2,4,2,3,5,1,0,1,0,0,0,13,21,34,27,408,15.11111111111111
2020-03-18,5,1,6,2,1,3,1,3,4,1,1,2,2,2,4,1,0,1,1,0,1,0,0,0,13,8,21,13,39,3.0
2020-03-19,6,3,9,3,3,6,2,1,3,0,0,0,1,1,2,1,1,2,0,0,0,1,0,1,14,9,23,18,56,3.111111111111111
2020-03-20,5,2,7,2,3,5,0,2,2,0,1,1,2,1,3,1,2,3,1,0,1,0,0,0,11,11,22,13,35,2.6923076923076925
2020-03-21,5,6,11,4,2,6,2,1,3,1,0,1,2,2,4,1,1,2,1,0,1,1,0,1,17,12,29,26,78,3.0
2020-03-22,8,3,11,1,0,1,1,0,1,2,1,3,0,3,3,2,1,3,3,2,5,0,1,1,17,11,28,22,63,2.8636363636363638
2020-03-23,7,6,13,4,4,8,2,3,5,2,2,4,2,3,5,5,3,8,3,3,6,0,2,2,25,26,51,32,94,2.9375
2020-03-24,5,5,10,3,2,5,1,3,4,2,2,4,0,1,1,2,0,2,2,1,3,1,0,1,16,14,30,20,44,2.2
2020-03-25,4,9,13,2,8,10,1,1,2,1,3,4,3,1,4,2,2,4,2,5,7,2,0,2,17,29,46,32,107,3.34375
2020-03-26,8,7,15,4,4,8,4,4,8,4,3,7,1,5,6,4,3,7,6,0,6,1,1,2,32,27,59,43,199,4.627906976744186
2020-03-27,6,7,13,6,1,7,3,6,9,2,3,5,5,6,11,5,6,11,3,3,6,2,5,7,32,37,69,50,153,3.06
2020-03-28,5,3,8,4,3,7,1,1,2,5,2,7,4,0,4,4,7,11,3,1,4,0,0,0,26,17,43,32,132,4.125
2020-03-29,6,4,10,3,3,6,3,3,6,1,0,1,6,4,10,4,2,6,4,1,5,2,1,3,29,18,47,35,108,3.085714285714286
2020-03-30,5,9,14,7,2,9,5,5,10,3,2,5,7,2,9,3,6,9,4,1,5,3,2,5,37,29,66,49,128,2.6122448979591835
2020-03-31,18,8,26,12,5,17,7,5,12,5,2,7,6,3,9,7,3,10,2,4,6,4,0,4,61,30,91,69,179,2.5942028985507246
2020-04-01,21,17,38,11,4,15,15,7,22,5,10,15,5,3,8,8,5,13,6,5,11,0,1,1,71,52,123,94,253,2.6914893617021276
2020-04-02,21,20,41,8,5,13,3,9,12,4,15,19,8,7,15,8,6,14,5,7,12,3,3,6,60,72,132,98,228,2.326530612244898
2020-04-03,35,20,55,9,13,22,12,14,26,6,8,14,8,5,13,7,5,12,6,6,12,1,5,6,84,76,160,107,330,3.0841121495327104
2020-04-04,20,26,46,8,15,23,12,6,18,8,2,10,7,3,10,2,5,7,4,2,6,1,3,4,62,62,124,89,235,2.640449438202247
2020-04-05,22,20,42,7,9,16,10,9,19,5,8,13,2,11,13,6,8,14,3,4,7,2,2,4,57,71,128,92,221,2.402173913043478
2020-04-06,28,21,49,15,7,22,13,6,19,12,6,18,8,9,17,10,5,15,7,4,11,1,3,4,94,61,155,107,224,2.0934579439252334
2020-04-07,25,20,45,9,10,19,8,8,16,11,4,15,4,5,9,9,9,18,6,10,16,2,1,3,74,67,141,80,178,2.225
2020-04-08,22,24,46,8,5,13,9,7,16,9,9,18,9,9,18,11,6,17,1,4,5,3,4,7,72,68,140,98,246,2.510204081632653
2020-04-09,14,20,34,15,12,27,6,13,19,10,9,19,7,4,11,7,10,17,5,8,13,4,5,9,68,81,149,95,214,2.2526315789473683
2020-04-10,28,17,45,6,6,12,12,2,14,4,7,11,8,2,10,1,10,11,5,9,14,1,4,5,65,57,122,85,160,1.8823529411764706
2020-04-11,24,19,43,11,7,18,7,4,11,4,8,12,4,7,11,7,3,10,4,8,12,1,3,4,62,59,121,83,156,1.8795180722891567
2020-04-12,19,15,34,11,7,18,4,8,12,11,4,15,3,5,8,4,9,13,4,4,8,0,2,2,56,54,110,89,169,1.898876404494382
2020-04-13,31,29,60,8,14,22,11,10,21,6,7,13,11,8,19,6,9,15,9,12,21,3,5,8,85,94,179,128,215,1.6796875
2020-04-14,34,14,48,12,6,18,10,11,21,12,10,22,8,6,14,9,5,14,7,5,12,3,4,7,95,61,156,101,157,1.5544554455445545
2020-04-15,21,23,44,9,9,18,9,15,24,9,14,23,10,6,16,11,6,17,6,8,14,5,2,7,80,83,163,123,225,1.829268292682927
2020-04-16,33,20,53,14,17,31,13,15,28,8,14,22,4,8,12,7,4,11,4,5,9,0,4,4,83,87,170,104,185,1.7788461538461537
2020-04-17,30,27,57,12,24,36,15,11,26,13,11,24,6,9,15,16,11,27,5,7,12,1,3,4,98,103,201,132,276,2.090909090909091
2020-04-18,33,22,55,21,10,31,12,5,17,8,5,13,3,4,7,7,10,17,5,10,15,3,4,7,92,70,162,117,252,2.1538461538461537
2020-04-19,22,18,40,13,6,19,8,7,15,5,10,15,9,8,17,6,8,14,5,7,12,1,1,2,69,65,134,98,169,1.7244897959183674
2020-04-20,51,32,83,16,12,28,15,12,27,15,11,26,14,11,25,16,12,28,11,10,21,5,14,19,143,114,257,186,289,1.553763440860215
2020-04-21,40,27,67,11,22,33,8,9,17,8,10,18,9,7,16,15,12,27,7,10,17,2,10,12,100,107,207,145,243,1.6758620689655173
2020-04-22,28,32,60,16,6,22,15,10,25,8,13,21,12,6,18,5,13,18,9,12,21,7,6,13,100,98,198,149,295,1.9798657718120805
2020-04-23,32,36,68,14,11,25,13,14,27,6,15,21,8,8,16,11,8,19,11,11,22,6,9,15,101,112,213,147,211,1.435374149659864
2020-04-24,41,35,76,17,17,34,10,12,22,9,13,22,8,10,18,12,13,25,11,14,25,2,3,5,110,117,227,142,245,1.7253521126760563
2020-04-25,25,22,47,13,10,23,6,10,16,5,8,13,6,5,11,6,7,13,11,17,28,4,4,8,76,83,159,94,150,1.5957446808510638
2020-04-26,28,32,60,6,4,10,12,7,19,4,6,10,9,8,17,7,6,13,7,7,14,1,4,5,74,74,148,84,129,1.5357142857142858
2020-04-27,33,31,64,9,20,29,6,20,26,14,14,28,9,8,17,19,8,27,10,16,26,3,4,7,103,121,224,135,185,1.3703703703703705
2020-04-28,45,31,76,16,15,31,12,19,31,8,13,21,7,8,15,3,12,15,6,15,21,2,4,6,99,117,216,136,166,1.2205882352941178
2020-04-29,48,30,78,22,25,47,14,14,28,10,13,23,7,7,14,12,7,19,4,14,18,4,10,14,121,120,241,144,191,1.3263888888888888
2020-04-30,40,25,65,14,12,26,14,11,25,14,14,28,10,10,20,8,12,20,13,18,31,6,8,14,119,110,229,132,183,1.3863636363636365
2020-05-01,11,30,41,14,13,27,14,11,25,10,6,16,10,6,16,7,10,17,9,11,20,0,2,2,75,89,164,107,143,1.3364485981308412
2020-05-02,26,29,55,11,8,19,8,7,15,10,3,13,4,6,10,8,2,10,6,12,18,1,4,5,74,71,145,86,136,1.5813953488372092
2020-05-03,20,26,46,9,8,17,9,6,15,9,3,12,8,5,13,6,10,16,7,8,15,3,5,8,71,71,142,92,115,1.25
2020-05-04,42,41,83,17,16,33,10,12,22,11,6,17,10,11,21,16,18,34,8,16,24,2,5,7,116,125,241,128,172,1.34375
2020-05-05,42,31,73,14,18,32,9,18,27,11,9,20,13,8,21,14,11,25,8,16,24,1,10,11,112,121,233,105,143,1.361904761904762
2020-05-06,40,32,72,17,20,37,23,11,34,9,9,18,13,13,26,19,16,35,8,15,23,4,6,10,133,122,255,137,170,1.2408759124087592
2020-05-07,47,34,81,15,18,33,20,14,34,6,9,15,9,9,18,19,8,27,10,14,24,1,7,8,127,113,240,128,174,1.359375
2020-05-08,44,27,71,14,18,32,21,19,40,20,9,29,10,13,23,13,10,23,10,12,22,3,12,15,135,120,255,161,274,1.7018633540372672
2020-05-09,33,33,66,7,13,20,10,13,23,7,6,13,7,7,14,13,4,17,5,12,17,5,9,14,87,97,184,106,162,1.528301886792453
2020-05-10,23,27,50,6,11,17,7,12,19,3,7,10,11,8,19,8,13,21,6,12,18,1,5,6,65,95,160,96,133,1.3854166666666667
2020-05-11,42,39,81,18,19,37,19,21,40,12,11,23,11,8,19,13,11,24,12,17,29,4,18,22,131,144,275,155,202,1.303225806451613
2020-05-12,63,49,112,26,19,45,11,22,33,8,9,17,12,13,25,9,9,18,11,15,26,4,13,17,144,149,293,170,212,1.2470588235294118
2020-05-13,66,49,115,19,23,42,21,11,32,13,13,26,11,11,22,10,10,20,8,18,26,1,8,9,149,143,292,151,262,1.7350993377483444
2020-05-14,50,82,132,28,29,57,14,11,25,15,20,35,13,13,26,10,11,21,13,16,29,2,13,15,145,195,340,188,290,1.5425531914893618
2020-05-15,39,49,88,23,26,49,15,27,42,16,10,26,11,9,20,9,6,15,10,22,32,5,10,15,128,159,287,133,251,1.887218045112782
2020-05-16,33,48,81,12,26,38,11,12,23,8,11,19,8,7,15,10,7,17,6,8,14,4,12,16,92,131,223,134,268,2.0
2020-05-17,44,37,81,12,17,29,10,13,23,6,3,9,7,7,14,7,6,13,12,13,25,2,4,6,100,100,200,99,146,1.4747474747474747
2020-05-18,72,75,147,27,36,63,20,23,43,21,15,36,16,16,32,18,14,32,16,13,29,1,11,12,191,203,394,205,278,1.3560975609756099
2020-05-19,73,74,147,41,33,74,32,24,56,21,16,37,21,14,35,15,23,38,12,22,34,5,10,15,220,216,436,179,332,1.8547486033519553
2020-05-20,88,97,185,52,33,85,29,22,51,18,15,33,24,18,42,15,11,26,12,18,30,6,4,10,244,218,462,198,272,1.3737373737373737
2020-05-21,103,99,202,39,45,84,27,27,54,24,15,39,18,7,25,15,10,25,10,17,27,1,4,5,237,224,461,181,235,1.298342541436464
2020-05-22,102,82,184,32,37,69,28,23,51,19,13,32,10,10,20,10,11,21,9,18,27,6,12,18,216,206,422,140,203,1.45
2020-05-23,73,69,142,36,23,59,17,17,34,10,13,23,14,11,25,8,14,22,9,8,17,2,2,4,169,157,326,134,188,1.4029850746268657
2020-05-24,48,45,93,17,24,41,12,7,19,10,4,14,12,10,22,12,10,22,6,14,20,2,6,8,119,120,239,106,155,1.4622641509433962
2020-05-25,81,95,176,22,28,50,22,19,41,5,9,14,10,9,19,10,7,17,10,15,25,2,8,10,162,190,352,150,201,1.34
2020-05-26,129,124,253,57,50,107,25,42,67,18,29,47,16,8,24,14,7,21,12,14,26,4,11,15,275,285,560,285,378,1.3263157894736841
2020-05-27,93,102,195,34,40,74,27,23,50,22,21,43,12,9,21,9,16,25,4,16,20,4,2,6,205,229,434,204,304,1.4901960784313726
2020-05-28,94,115,209,35,46,81,31,30,61,17,24,41,9,16,25,15,8,23,14,21,35,4,12,16,219,272,491,236,359,1.521186440677966
2020-05-29,116,102,218,38,55,93,35,39,74,18,22,40,20,15,35,17,15,32,16,17,33,1,4,5,261,269,530,264,396,1.5
2020-05-30,96,77,173,39,24,63,20,25,45,16,16,32,12,11,23,13,11,24,8,14,22,1,7,8,205,185,390,131,167,1.2748091603053435
2020-05-31,64,50,114,29,15,44,16,14,30,7,12,19,8,7,15,12,6,18,7,11,18,0,7,7,143,122,265,108,135,1.25
2020-06-01,106,113,220,33,47,80,24,31,55,22,19,41,25,19,44,12,9,21,9,12,21,4,3,7,235,253,489,215,311,1.4465116279069767
2020-06-02,118,102,220,31,38,69,24,26,50,19,25,44,14,11,25,24,14,38,9,20,29,4,14,18,243,250,493,222,302,1.3603603603603605
2020-06-03,99,106,205,32,49,81,32,38,70,15,16,31,20,15,35,17,12,29,13,16,29,2,10,12,230,262,492,203,264,1.3004926108374384
2020-06-04,113,109,222,25,46,71,27,23,50,30,23,53,14,10,24,22,14,36,11,21,32,2,9,11,244,255,499,198,287,1.4494949494949494
2020-06-05,106,109,215,38,47,85,42,34,76,30,31,61,20,16,36,20,15,35,13,23,36,3,10,13,272,285,557,273,449,1.6446886446886446
2020-06-06,76,70,146,36,39,75,20,21,41,14,17,31,13,15,28,13,8,21,12,19,31,1,10,11,185,199,384,161,270,1.6770186335403727
2020-06-07,72,68,140,25,32,57,22,8,30,13,13,26,9,7,16,9,7,16,11,11,22,2,8,10,163,154,317,138,182,1.318840579710145
2020-06-08,114,110,224,50,56,106,42,32,74,22,26,48,18,17,35,20,16,36,12,20,32,3,9,12,281,286,567,265,358,1.350943396226415
2020-06-09,117,118,235,47,45,92,37,37,74,25,16,41,13,12,25,14,26,40,13,32,45,4,16,20,270,302,572,239,442,1.8493723849372385
2020-06-10,100,104,204,47,52,99,43,34,77,31,35,66,24,23,47,22,28,50,7,20,27,6,16,22,280,312,592,290,393,1.3551724137931034
2020-06-11,109,124,233,54,55,109,28,41,69,20,38,58,15,26,41,17,20,37,8,29,37,4,15,19,255,348,603,306,390,1.2745098039215685
2020-06-12,133,135,268,58,78,136,47,60,107,30,29,59,33,24,57,18,19,37,9,22,31,6,10,16,334,377,711,311,466,1.4983922829581993
2020-06-13,113,105,218,42,47,89,16,41,57,27,23,50,14,10,24,13,10,23,10,19,29,1,6,7,236,261,497,212,358,1.6886792452830188
2020-06-14,80,91,171,26,29,55,23,20,43,17,25,42,12,7,19,5,17,22,14,20,34,0,8,8,177,217,394,186,264,1.4193548387096775
2020-06-15,114,110,224,33,39,72,21,27,48,17,19,36,17,7,24,12,13,25,9,15,24,3,10,13,226,240,466,207,281,1.357487922705314
2020-06-16,165,164,329,65,61,126,54,43,97,27,34,61,17,16,33,17,8,25,14,26,40,3,15,18,362,367,729,298,465,1.5604026845637584
2020-06-17,147,148,295,56,71,127,44,48,92,35,22,57,21,19,40,12,21,33,19,20,39,1,9,10,335,358,693,323,530,1.6408668730650156
2020-06-18,167,157,324,67,79,146,63,41,104,45,33,78,25,24,49,20,17,37,14,26,40,3,11,14,404,388,792,378,664,1.7566137566137565
2020-06-19,147,153,300,90,82,172,48,59,107,57,44,101,33,23,56,23,21,44,19,27,46,7,16,23,424,425,849,392,824,2.1020408163265305
2020-06-20,103,111,214,51,45,96,29,51,80,18,32,50,22,18,40,12,12,24,9,19,28,6,6,12,250,294,544,207,301,1.4541062801932367
2020-06-21,97,106,203,29,51,80,28,20,48,18,16,34,11,12,23,11,10,21,7,9,16,1,7,8,202,231,433,152,186,1.2236842105263157
2020-06-22,158,165,323,74,69,143,55,58,113,35,47,82,21,25,46,22,17,39,10,26,36,2,16,18,377,423,800,289,489,1.6920415224913494
2020-06-23,171,164,335,84,70,154,60,70,130,37,50,87,24,24,48,15,19,34,17,17,34,3,7,10,411,421,832,311,459,1.4758842443729903
2020-06-24,165,179,344,54,81,135,55,58,113,34,55,89,22,27,49,16,18,34,18,21,39,2,5,7,366,444,810,299,428,1.431438127090301
2020-06-25,188,204,392,70,68,138,62,56,118,53,49,102,16,23,39,14,23,37,12,14,26,4,6,10,419,443,862,389,619,1.5912596401028278
2020-06-26,195,204,399,81,114,195,59,70,129,40,62,102,34,30,64,16,20,36,12,26,38,1,9,10,438,535,973,347,525,1.5129682997118155
2020-06-27,186,226,412,70,88,158,49,65,114,34,35,69,28,14,42,5,18,23,8,9,17,4,7,11,384,462,846,342,467,1.3654970760233918
2020-06-28,131,151,282,55,72,127,44,40,84,34,33,67,14,13,27,11,15,26,10,15,25,6,7,13,305,346,651,265,357,1.3471698113207546
2020-06-29,211,228,439,98,97,195,70,76,146,34,57,91,30,19,49,17,21,38,17,25,42,2,9,11,479,532,1011,452,607,1.342920353982301
2020-06-30,177,190,367,65,102,167,67,66,133,46,55,101,30,18,48,21,15,36,7,19,26,2,11,13,415,476,891,329,438,1.331306990881459
2020-07-01,192,201,393,78,89,167,66,71,137,37,52,89,25,27,52,19,19,38,10,25,35,3,6,9,430,490,920,361,523,1.448753462603878
2020-07-02,205,227,432,78,96,174,69,70,139,48,42,90,35,27,62,21,27,48,16,19,35,5,7,12,477,515,992,332,426,1.283132530120482
2020-07-03,201,179,380,94,109,203,58,70,128,40,50,90,29,27,56,23,21,44,17,22,39,4,10,14,466,488,954,340,460,1.3529411764705883
2020-07-04,140,171,311,58,57,115,38,52,90,33,28,61,16,14,30,16,23,39,9,22,31,3,11,14,313,378,691,191,261,1.3664921465968587
2020-07-05,119,142,261,52,78,130,33,51,84,28,38,66,26,30,56,22,24,46,13,35,48,5,10,15,298,408,706,239,309,1.292887029288703
2020-07-06,164,165,329,92,80,172,73,92,165,51,53,104,37,43,80,24,39,63,12,36,48,4,16,20,457,524,981,285,373,1.3087719298245615
2020-07-07,214,233,447,102,105,207,70,75,145,46,59,105,27,27,54,17,17,34,13,28,41,6,12,18,495,556,1051,303,407,1.3432343234323432
2020-07-08,218,191,409,80,107,187,76,105,181,50,66,116,31,27,58,24,29,53,14,28,42,5,19,24,498,572,1070,345,487,1.4115942028985506
2020-07-09,140,139,279,80,75,155,62,60,122,30,29,59,14,28,42,14,29,43,12,33,45,7,12,19,359,405,764,215,269,1.2511627906976743
2020-07-10,147,160,307,62,97,159,57,51,108,38,42,80,34,31,65,23,18,41,15,24,39,1,13,14,377,436,813,237,301,1.270042194092827
2020-07-11,133,146,279,71,72,143,52,55,107,39,48,87,31,28,59,16,35,51,11,30,41,4,19,23,357,433,790,250,400,1.6
2020-07-12,97,97,194,59,57,116,41,42,83,19,31,50,17,18,35,14,16,30,7,22,29,4,9,13,258,292,550,159,193,1.2138364779874213
2020-07-13,188,202,390,94,102,196,87,96,183,55,80,135,50,42,92,27,62,89,16,72,88,3,32,35,520,688,1208,483,639,1.3229813664596273
2020-07-14,186,179,365,116,115,231,93,77,170,58,45,103,48,43,91,30,32,62,25,31,56,8,18,26,564,540,1104,339,440,1.2979351032448379
2020-07-15,202,230,432,111,157,268,85,90,175,48,68,116,34,36,70,19,31,50,18,23,41,6,11,17,523,646,1169,387,495,1.2790697674418605
2020-07-16,189,210,399,101,116,217,79,108,187,48,69,117,33,34,67,20,34,54,19,42,61,2,26,28,491,639,1130,438,633,1.4452054794520548
2020-07-17,198,233,431,95,120,215,73,114,187,51,81,132,39,47,86,23,25,48,21,23,44,4,9,13,504,652,1156,352,558,1.5852272727272727
2020-07-18,162,170,332,84,108,192,56,70,126,46,45,91,31,31,62,24,14,38,16,25,41,2,7,9,421,470,891,311,488,1.5691318327974277
2020-07-19,123,150,273,57,79,136,39,58,97,40,41,81,30,21,51,19,11,30,12,21,33,3,8,11,323,389,712,233,315,1.351931330472103
2020-07-20,246,246,492,97,145,242,95,113,208,56,83,139,38,57,95,28,30,58,23,24,47,3,13,16,586,711,1297,368,536,1.4565217391304348
2020-07-21,218,192,410,121,125,246,79,90,169,61,79,140,38,43,81,31,31,62,14,31,45,5,11,16,567,602,1169,377,505,1.339522546419098
2020-07-22,271,254,525,126,150,276,106,108,214,67,76,143,28,37,65,30,27,57,18,44,62,2,10,12,648,706,1354,422,623,1.4763033175355451
2020-07-23,233,249,482,108,155,263,76,97,173,54,70,124,30,33,63,22,27,49,10,25,35,7,10,17,540,666,1206,398,591,1.484924623115578
2020-07-24,223,237,460,106,137,243,92,91,183,65,76,141,45,27,72,23,27,50,11,33,44,2,13,15,567,641,1208,406,650,1.6009852216748768
2020-07-25,162,173,335,93,110,203,67,79,146,43,59,102,25,33,58,20,28,48,12,23,35,5,6,11,427,511,938,341,539,1.5806451612903225
2020-07-26,130,129,259,57,68,125,50,54,104,33,40,73,19,19,38,16,17,33,8,25,33,6,6,12,319,358,677,226,330,1.4601769911504425
2020-07-27,182,214,396,118,133,251,79,106,185,70,101,171,37,50,87,21,32,53,20,26,46,5,24,29,532,686,1218,405,570,1.4074074074074074
2020-07-28,252,270,522,119,138,257,96,117,213,78,97,175,53,44,97,27,42,69,16,38,54,7,22,29,648,768,1416,432,573,1.3263888888888888
2020-07-29,244,251,495,117,145,262,110,116,226,67,65,132,42,49,91,29,24,53,22,46,68,10,29,39,641,725,1366,361,563,1.559556786703601
2020-07-30,291,275,566,134,137,271,110,101,211,70,80,150,42,50,92,23,33,56,14,29,43,3,10,13,687,715,1402,401,623,1.5536159600997506
2020-07-31,214,262,476,145,160,305,98,101,199,58,76,134,44,54,98,26,30,56,14,38,52,7,25,32,606,746,1352,417,696,1.669064748201439
2020-08-01,167,193,360,87,123,210,64,84,148,55,67,122,29,18,47,26,29,55,16,34,50,1,23,24,445,571,1016,368,543,1.4755434782608696
2020-08-02,156,155,311,79,85,164,55,90,145,30,49,79,19,30,49,19,27,46,18,31,49,4,12,16,380,479,859,274,393,1.4343065693430657
2020-08-03,219,271,490,116,140,256,98,125,223,66,77,143,44,40,84,19,33,52,24,52,76,7,32,39,593,770,1363,454,749,1.6497797356828194
2020-08-04,281,270,551,130,145,275,97,130,227,70,82,152,49,43,92,25,36,61,24,44,68,5,24,29,681,774,1455,392,668,1.7040816326530612
2020-08-05,272,283,555,126,147,273,91,127,218,90,96,186,38,43,81,30,39,69,21,40,61,4,15,19,672,790,1462,456,907,1.9890350877192982
2020-08-06,248,271,519,130,171,301,114,130,244,71,88,159,49,51,100,31,39,70,21,47,68,6,20,26,670,817,1487,456,933,2.0460526315789473
2020-08-07,266,288,554,142,179,321,103,147,250,73,96,169,35,56,91,34,44,78,14,52,66,5,16,21,672,878,1550,454,811,1.7863436123348018
2020-08-08,163,192,355,115,127,242,72,99,171,53,65,118,45,36,81,28,32,60,17,47,64,1,28,29,494,626,1120,265,369,1.3924528301886792
2020-08-09,152,164,316,82,82,164,70,104,174,52,62,114,33,25,58,28,37,65,20,64,84,4,23,27,441,561,1002,278,360,1.2949640287769784
2020-08-10,307,304,611,140,176,316,119,134,253,84,106,190,45,44,89,23,37,60,23,45,68,8,30,38,749,876,1625,473,595,1.2579281183932347
2020-08-11,286,286,572,174,164,338,135,153,288,82,92,174,58,65,123,46,67,113,20,71,91,10,39,49,811,937,1748,536,750,1.3992537313432836
2020-08-12,263,305,568,132,210,342,129,156,285,86,96,182,49,46,95,19,34,53,14,26,40,6,19,25,698,892,1590,472,612,1.2966101694915255
2020-08-13,319,346,665,171,232,403,127,169,296,83,112,195,44,55,99,36,35,71,18,32,50,5,17,22,803,998,1801,548,734,1.3394160583941606
2020-08-14,282,341,623,162,207,369,136,157,293,87,99,186,51,51,102,34,36,70,17,34,51,2,15,17,771,940,1711,463,667,1.4406047516198703
2020-08-15,226,253,479,119,162,281,85,129,214,56,78,134,41,51,92,28,48,76,16,65,81,4,26,30,575,812,1387,408,581,1.4240196078431373
2020-08-16,173,169,342,82,102,184,51,78,129,44,56,100,17,35,52,23,25,48,20,43,63,2,30,32,412,538,950,262,382,1.4580152671755726
2020-08-17,208,201,409,132,144,276,105,123,228,70,93,163,31,58,89,24,23,47,12,45,57,1,21,22,583,708,1291,335,538,1.6059701492537313
2020-08-18,265,274,539,154,180,334,136,143,279,67,125,192,47,60,107,32,44,76,19,41,60,0,29,29,720,896,1616,399,548,1.3734335839598997
2020-08-19,248,307,555,126,162,288,108,128,236,75,82,157,34,44,78,28,51,79,17,49,66,6,27,33,642,850,1492,317,487,1.5362776025236593
2020-08-20,252,274,526,115,176,291,88,103,191,77,77,154,39,52,91,24,30,54,23,38,61,5,21,26,623,771,1394,382,566,1.4816753926701571
2020-08-21,234,289,523,143,185,328,126,127,253,70,106,176,51,55,106,39,57,96,19,44,63,6,16,22,688,879,1567,443,671,1.5146726862302482
2020-08-22,172,203,375,87,136,223,91,92,183,51,54,105,34,43,77,19,39,58,15,31,46,6,21,27,475,619,1094,320,496,1.55
2020-08-23,148,187,335,67,99,166,72,85,157,42,70,112,33,33,66,18,25,43,16,19,35,5,7,12,401,525,926,216,296,1.3703703703703705
2020-08-24,266,316,582,162,180,342,109,143,252,77,99,176,52,64,116,30,46,76,19,33,52,6,20,26,721,901,1622,501,694,1.3852295409181636
2020-08-25,265,331,596,156,204,360,124,142,266,68,104,172,52,55,107,34,26,60,22,41,63,6,18,24,727,921,1648,525,692,1.318095238095238
2020-08-26,299,309,608,160,184,344,89,148,237,76,95,171,54,62,116,35,48,83,24,49,73,5,28,33,742,923,1665,467,649,1.3897216274089936
2020-08-27,319,328,647,138,174,312,120,156,276,83,93,176,39,56,95,35,36,71,25,51,76,3,29,32,762,923,1685,496,655,1.3205645161290323
2020-08-28,324,351,675,147,204,351,132,195,327,87,124,211,57,62,119,41,51,92,20,39,59,4,16,20,812,1042,1854,576,876,1.5208333333333333
2020-08-29,201,250,451,128,178,306,116,114,230,70,79,149,43,38,81,35,39,74,15,47,62,5,30,35,613,775,1388,499,724,1.4509018036072143
2020-08-30,176,225,401,97,97,194,72,90,162,57,57,114,30,39,69,18,31,49,10,26,36,4,13,17,464,578,1042,310,354,1.1419354838709677
2020-08-31,278,254,532,150,170,320,113,139,252,82,103,185,46,66,112,40,45,85,23,44,67,2,14,16,734,835,1569,586,856,1.4607508532423208
2020-09-01,282,331,613,175,212,387,126,133,259,80,113,193,40,51,91,26,35,61,17,49,66,7,20,27,753,944,1697,518,699,1.3494208494208495
2020-09-02,226,259,485,144,183,327,111,125,236,82,97,179,39,54,93,43,38,81,17,45,62,5,32,37,667,833,1500,578,792,1.3702422145328719
2020-09-03,295,331,626,190,199,389,135,146,281,91,108,199,46,62,108,37,42,79,22,45,67,4,17,21,820,950,1770,482,694,1.4398340248962656
2020-09-04,280,343,623,158,210,368,141,168,309,78,108,186,63,67,130,37,44,81,24,40,64,5,17,22,786,997,1783,557,802,1.4398563734290843
2020-09-05,211,232,443,111,168,279,87,161,248,62,86,148,52,56,108,29,30,59,20,26,46,2,11,13,574,770,1344,508,736,1.4488188976377954
2020-09-06,166,199,365,71,107,178,70,78,148,43,71,114,28,33,61,12,39,51,14,22,36,1,8,9,405,557,962,312,399,1.2788461538461537
2020-09-07,274,296,570,172,203,375,141,170,311,74,124,198,65,63,128,39,41,80,18,48,66,6,18,24,789,963,1752,543,766,1.4106813996316758
2020-09-08,263,318,581,180,196,376,129,151,280,99,114,213,50,81,131,41,48,89,24,40,64,7,21,28,793,969,1762,600,781,1.3016666666666667
2020-09-09,311,323,634,176,195,371,133,152,285,105,111,216,61,67,128,30,37,67,18,45,63,1,19,20,835,949,1784,665,934,1.4045112781954887
2020-09-10,309,314,623,175,220,395,137,186,323,106,98,204,53,74,127,41,59,100,16,53,69,5,30,35,842,1034,1876,623,961,1.5425361155698234
2020-09-11,306,285,591,156,224,380,132,156,288,76,124,200,67,61,128,41,46,87,21,45,66,2,13,15,801,954,1755,574,947,1.6498257839721255
2020-09-12,191,191,382,101,133,234,73,109,182,53,85,138,50,47,97,29,33,62,13,48,61,3,13,16,513,659,1172,437,580,1.3272311212814645
2020-09-13,184,197,381,89,130,219,56,88,144,58,60,118,49,41,90,25,14,39,3,19,22,5,8,13,469,557,1026,323,412,1.2755417956656347
2020-09-14,278,318,596,153,203,356,118,160,278,101,121,222,70,84,154,42,39,81,31,37,68,0,24,24,793,986,1779,592,763,1.2888513513513513
2020-09-15,279,239,518,159,202,361,113,147,260,79,96,175,64,69,133,39,52,91,18,65,83,4,29,33,755,899,1654,611,850,1.3911620294599019
2020-09-16,340,383,723,160,219,379,131,156,287,85,106,191,63,70,133,35,42,77,20,45,65,4,15,19,838,1036,1874,530,669,1.2622641509433963
2020-09-17,286,339,625,147,181,328,142,180,322,87,122,209,70,68,138,43,45,88,22,38,60,4,17,21,801,990,1791,577,834,1.4454072790294628
2020-09-18,299,356,655,179,218,397,126,158,284,88,109,197,52,71,123,50,45,95,16,36,52,4,19,23,814,1012,1826,478,730,1.5271966527196652
2020-09-19,198,213,411,103,117,220,71,79,150,55,62,117,48,40,88,25,27,52,20,24,44,4,11,15,524,573,1097,347,502,1.446685878962536
2020-09-20,175,196,371,92,94,186,61,87,148,42,65,107,26,39,65,21,27,48,6,28,34,3,14,17,426,550,976,240,298,1.2416666666666667
2020-09-21,273,284,557,157,194,351,107,148,255,92,85,177,64,74,138,41,40,81,14,21,35,2,11,13,750,857,1607,531,716,1.3483992467043315
2020-09-22,309,359,668,168,172,340,130,142,272,93,116,209,78,62,140,52,42,94,18,44,62,5,19,24,853,956,1809,537,641,1.1936685288640596
2020-09-23,269,332,601,131,178,309,118,136,254,68,104,172,65,63,128,29,50,79,17,32,49,3,12,15,700,907,1607,441,604,1.3696145124716552
2020-09-24,321,325,646,152,200,352,119,141,260,78,94,172,56,94,150,40,55,95,30,49,79,11,31,42,807,989,1796,488,684,1.401639344262295
2020-09-25,285,306,591,155,154,309,118,135,253,85,105,190,69,66,135,33,38,71,20,33,53,1,12,13,766,849,1615,448,725,1.6183035714285714
2020-09-26,182,180,362,107,105,212,83,82,165,58,71,129,37,33,70,25,19,44,13,16,29,3,7,10,508,513,1021,272,382,1.4044117647058822
2020-09-27,157,212,369,95,102,197,88,85,173,45,52,97,32,31,63,14,26,40,11,16,27,2,13,15,444,537,981,238,324,1.361344537815126
2020-09-28,266,251,517,167,138,305,134,109,243,107,104,211,65,44,109,35,45,80,18,30,48,4,15,19,796,736,1532,479,703,1.4676409185803758
2020-09-29,333,323,656,180,189,369,132,134,266,86,83,169,65,74,139,41,61,102,27,52,79,2,21,23,866,937,1803,443,559,1.2618510158013545
2020-09-30,296,355,651,136,180,316,113,116,229,100,96,196,65,66,131,38,44,82,19,55,74,3,12,15,770,924,1694,487,631,1.2956878850102669
2020-10-01,322,391,713,162,195,357,119,138,257,86,95,181,58,67,125,39,57,96,17,33,50,3,10,13,806,986,1792,505,844,1.6712871287128712
2020-10-02,296,327,623,145,171,316,114,142,256,92,101,193,63,69,132,47,58,105,13,40,53,7,18,25,777,926,1703,482,815,1.6908713692946058
2020-10-03,197,225,422,114,109,223,93,110,203,67,59,126,41,46,87,29,27,56,14,29,43,4,8,12,559,613,1172,375,623,1.6613333333333333
2020-10-04,184,201,385,86,88,174,65,81,146,46,60,106,40,35,75,24,22,46,17,26,43,2,6,8,464,519,983,286,435,1.520979020979021
2020-10-05,266,271,537,186,183,369,137,137,274,85,112,197,90,68,158,44,64,108,22,31,53,3,8,11,833,874,1707,538,803,1.4925650557620818
2020-10-06,292,322,614,167,185,352,145,143,288,102,102,204,61,74,135,40,57,97,23,33,56,6,10,16,836,926,1762,465,618,1.3290322580645162
2020-10-07,311,335,646,177,204,381,139,138,277,90,129,219,68,71,139,42,44,86,19,34,53,6,10,16,852,965,1817,490,674,1.3755102040816327
2020-10-08,284,316,600,144,176,320,144,129,273,95,102,197,62,71,133,43,46,89,12,41,53,4,21,25,788,902,1690,412,694,1.6844660194174756
2020-10-09,273,377,650,159,207,366,114,163,277,99,113,212,51,70,121,34,50,84,12,31,43,5,23,28,747,1034,1781,454,856,1.8854625550660793
2020-10-10,217,238,455,101,117,218,98,97,195,64,91,155,42,47,89,22,36,58,16,28,44,7,9,16,567,663,1230,363,700,1.9283746556473829
2020-10-11,149,197,346,89,128,217,74,77,151,62,53,115,48,42,90,23,33,56,15,21,36,2,7,9,462,558,1020,310,561,1.8096774193548386
2020-10-12,202,212,414,115,109,224,90,120,210,72,88,160,58,62,120,26,37,63,20,26,46,2,12,14,585,666,1251,354,540,1.5254237288135593
2020-10-13,312,325,637,157,199,356,118,153,271,97,112,209,83,75,158,42,64,106,28,50,78,9,20,29,846,998,1844,549,773,1.4080145719489983
2020-10-14,283,327,610,137,177,314,102,123,225,74,113,187,70,58,128,47,59,106,21,31,52,1,12,13,735,900,1635,552,781,1.414855072463768
2020-10-15,301,356,657,185,198,383,154,178,332,113,97,210,79,83,162,41,41,82,20,39,59,7,11,18,900,1003,1903,521,733,1.4069097888675623
2020-10-16,368,406,774,175,183,358,158,180,338,111,123,234,72,78,150,48,69,117,27,48,75,3,29,32,962,1116,2078,541,860,1.5896487985212568
2020-10-17,221,242,463,115,157,272,95,110,205,59,71,130,52,61,113,43,32,75,14,26,40,4,9,13,603,708,1311,373,576,1.5442359249329758
2020-10-18,138,153,291,86,111,197,49,64,113,53,40,93,28,28,56,21,28,49,9,21,30,2,6,8,386,451,837,367,521,1.4196185286103542
2020-10-19,366,395,761,187,239,426,156,210,366,125,140,265,93,93,186,50,73,123,24,38,62,2,10,12,1003,1198,2201,979,1190,1.215526046986721
2020-10-20,378,392,770,182,206,388,166,193,359,117,121,238,82,74,156,38,55,93,36,43,79,0,15,15,999,1099,2098,1263,1501,1.1884402216943786
2020-10-21,318,353,671,159,161,320,118,136,254,98,84,182,77,69,146,36,42,78,21,38,59,3,9,12,830,892,1722,900,1057,1.1744444444444444
2020-10-22,277,314,591,122,148,270,125,138,263,82,108,190,46,80,126,35,44,79,22,44,66,4,20,24,713,896,1609,934,1087,1.1638115631691648
2020-10-23,235,247,482,107,124,231,105,139,244,72,67,139,60,68,128,43,45,88,16,28,44,6,17,23,644,735,1379,881,1080,1.2258796821793416
2020-10-24,151,143,294,70,108,178,66,81,147,48,64,112,29,40,69,26,27,53,8,29,37,1,9,10,399,501,900,563,788,1.3996447602131439
2020-10-25,159,204,363,84,122,206,69,80,149,69,77,146,33,46,79,27,27,54,10,20,30,2,7,9,453,583,1036,772,931,1.205958549222798
2020-10-26,313,280,593,139,162,301,81,136,217,96,122,218,76,78,154,49,67,116,17,36,53,1,13,14,772,894,1666,1198,1400,1.1686143572621035
2020-10-27,289,323,612,145,181,326,131,137,268,95,128,223,78,102,180,46,61,107,14,36,50,3,7,10,801,975,1776,1397,1562,1.1181102362204725
2020-10-28,257,308,565,162,193,355,91,131,222,98,108,206,66,63,129,33,39,72,10,33,43,2,15,17,719,890,1609,1101,1270,1.1534968210717529
2020-10-29,279,301,580,159,171,330,99,157,256,84,100,184,51,71,122,32,40,72,14,27,41,2,7,9,720,874,1594,1175,1518,1.2919148936170213
2020-10-30,204,270,474,124,156,280,98,127,225,65,98,163,58,80,138,29,39,68,22,29,51,3,14,17,603,813,1416,926,1112,1.2008639308855291
2020-10-31,161,161,322,76,122,198,77,67,144,42,56,98,41,47,88,26,33,59,9,21,30,3,8,11,435,515,950,659,786,1.1927162367223065
2020-11-01,211,232,443,91,114,205,83,98,181,63,73,136,33,67,100,32,26,58,8,31,39,4,5,9,525,646,1171,927,993,1.0711974110032363
2020-11-02,257,325,582,151,153,304,114,128,242,77,85,162,66,76,142,44,46,90,18,24,42,1,8,9,728,845,1573,1164,1275,1.0953608247422681
2020-11-03,203,264,467,118,136,254,88,81,169,66,66,132,51,51,102,48,41,89,21,35,56,2,13,15,597,687,1284,795,938,1.179874213836478
2020-11-04,307,294,601,135,176,311,152,144,296,88,100,188,77,64,141,46,44,90,17,30,47,5,7,12,827,859,1686,889,994,1.1181102362204725
2020-11-05,368,365,733,182,202,384,169,147,316,107,137,244,67,82,149,40,45,85,18,25,43,3,12,15,954,1015,1969,1057,1308,1.237464522232734
2020-11-06,211,233,444,96,123,219,75,83,158,72,76,148,51,48,99,37,57,94,14,33,47,3,7,10,559,660,1219,713,984,1.3800841514726507
2020-11-07,156,197,353,78,121,199,76,92,168,62,82,144,57,64,121,35,35,70,18,18,36,4,5,9,486,614,1100,625,793,1.2688
2020-11-08,204,235,439,99,134,233,85,109,194,69,60,129,51,66,117,25,31,56,8,22,30,5,4,9,546,661,1207,906,982,1.0838852097130243
2020-11-09,284,312,596,142,191,333,123,128,251,110,105,215,72,75,147,30,46,76,22,43,65,4,9,13,787,909,1696,1193,1310,1.0980720871751886
2020-11-10,210,239,449,152,142,294,96,104,200,79,81,160,70,56,126,40,42,82,17,32,49,4,9,13,668,705,1373,804,901,1.1206467661691542
2020-11-11,283,298,581,149,154,303,130,136,266,101,115,216,60,60,120,41,39,80,21,31,52,5,13,18,790,846,1636,951,1084,1.1398527865404837
2020-11-12,284,326,610,194,175,369,129,144,273,98,96,194,67,87,154,44,55,99,23,32,55,1,13,14,840,928,1768,977,1128,1.1545547594677585
2020-11-13,269,295,564,127,146,273,114,117,231,95,93,188,83,74,157,54,47,101,20,31,51,4,10,14,766,813,1579,792,1013,1.279040404040404
2020-11-14,203,216,419,106,119,225,61,94,155,66,73,139,56,42,98,31,43,74,12,22,34,4,4,8,539,613,1152,682,830,1.217008797653959
2020-11-15,228,243,471,120,117,237,93,99,192,60,68,128,58,60,118,36,43,79,10,26,36,0,14,14,605,670,1275,891,965,1.0830527497194165
2020-11-16,270,270,540,116,142,258,112,119,231,64,83,147,63,66,129,46,51,97,23,33,56,4,18,22,698,782,1480,776,924,1.190721649484536
2020-11-17,319,319,638,178,179,357,144,156,300,99,113,212,78,111,189,39,58,97,12,34,46,2,12,14,871,982,1853,1179,1297,1.1000848176420694
2020-11-18,339,343,682,183,200,383,115,137,252,79,98,177,63,73,136,50,48,98,16,47,63,2,8,10,847,954,1801,1160,1241,1.0698275862068964
2020-11-19,336,345,681,122,191,313,114,134,248,94,121,215,60,74,134,47,45,92,22,31,53,3,8,11,798,949,1747,1115,1250,1.1210762331838564
2020-11-20,272,295,567,141,153,294,114,134,248,82,99,181,60,57,117,37,42,79,24,34,58,4,9,13,734,823,1557,958,1121,1.1701461377870563
2020-11-21,205,230,435,120,115,235,82,91,173,61,68,129,53,56,109,30,22,52,10,19,29,3,10,13,564,611,1175,776,985,1.2693298969072164
2020-11-22,184,184,368,75,98,173,72,66,138,44,54,98,39,45,84,26,22,48,11,23,34,1,8,9,452,500,952,643,747,1.1617418351477449
2020-11-23,215,234,449,124,102,226,97,102,199,54,73,127,46,55,101,32,41,73,17,28,45,4,9,13,589,644,1233,929,995,1.0710441334768568
2020-11-24,291,304,595,154,156,310,119,126,245,96,99,195,70,85,155,51,56,107,25,30,55,2,7,9,808,863,1671,1155,1268,1.0978354978354978
2020-11-25,316,309,625,151,156,307,126,125,251,76,76,152,70,66,136,28,63,91,24,34,58,5,8,13,796,837,1633,1018,1105,1.0854616895874263
2020-11-26,307,337,644,149,173,322,108,117,225,87,88,175,75,67,142,35,56,91,15,26,41,9,10,19,785,874,1659,1046,1185,1.132887189292543
2020-11-27,235,267,502,107,128,235,93,77,170,75,72,147,49,64,113,27,40,67,16,37,53,3,4,7,605,689,1294,743,901,1.2126514131897712
2020-11-28,231,193,424,81,119,200,77,86,163,72,71,143,36,40,76,29,39,68,15,26,41,3,5,8,544,579,1123,660,774,1.1727272727272726
2020-11-29,229,233,462,100,134,234,88,100,188,64,71,135,51,69,120,32,36,68,13,14,27,1,3,4,578,660,1238,894,954,1.0671140939597314
2020-11-30,345,356,701,170,174,344,151,147,298,95,94,189,86,96,182,60,54,114,21,39,60,5,10,15,933,970,1903,1211,1324,1.0933113129644922
2020-12-01,299,341,640,146,160,306,130,141,271,59,78,137,76,96,172,52,54,106,19,33,52,3,2,5,784,905,1689,1012,1118,1.1047430830039526
2020-12-02,205,232,437,117,142,259,90,97,187,57,61,118,48,40,88,38,45,83,18,17,35,3,8,11,576,642,1218,418,482,1.1531100478468899
2020-12-03,275,337,612,161,175,336,116,146,262,88,89,177,78,69,147,46,47,93,14,28,42,2,5,7,780,896,1676,304,384,1.263157894736842
2020-12-04,273,297,570,148,163,311,122,136,258,85,100,185,69,92,161,55,46,101,19,40,59,6,8,14,777,882,1659,300,585,1.95
2020-12-05,242,218,460,127,113,240,85,91,176,55,62,117,43,49,92,29,34,63,9,22,31,5,5,10,595,594,1189,305,602,1.9737704918032788
2020-12-06,175,175,350,72,95,167,67,82,149,34,55,89,43,44,87,26,29,55,16,14,30,0,3,3,433,497,930,223,357,1.600896860986547
2020-12-07,217,223,440,110,104,214,76,112,188,57,65,122,37,47,84,32,40,72,17,21,38,4,5,9,550,617,1167,251,347,1.3824701195219125
2020-12-08,217,244,461,125,116,241,80,78,158,72,72,144,59,57,116,33,45,78,8,18,26,4,6,10,598,636,1234,283,399,1.4098939929328622
2020-12-09,334,377,711,188,214,402,153,131,284,130,131,261,117,100,217,44,63,107,18,31,49,3,15,18,987,1062,2049,472,666,1.4110169491525424
2020-12-10,393,440,833,216,259,475,158,185,343,132,158,290,104,98,202,46,48,94,19,42,61,5,7,12,1073,1237,2310,360,520,1.4444444444444444
2020-12-11,391,449,840,242,258,500,181,218,399,132,158,290,105,115,220,63,74,137,16,28,44,2,8,10,1132,1308,2440,333,504,1.5135135135135136
2020-12-12,320,351,671,183,216,399,171,172,343,133,128,261,79,119,198,44,53,97,11,21,32,3,7,10,944,1067,2011,336,509,1.5148809523809523
2020-12-13,272,308,580,162,208,370,154,156,310,117,118,235,71,73,144,36,34,70,10,19,29,6,4,10,828,920,1748,253,348,1.3754940711462451
2020-12-14,390,421,811,238,237,475,173,212,385,149,168,317,112,119,231,63,72,135,22,32,54,9,10,19,1156,1271,2427,476,633,1.3298319327731092
2020-12-15,339,395,734,199,233,432,178,180,358,128,175,303,107,108,215,61,58,119,15,27,42,2,9,11,1029,1185,2214,458,538,1.1746724890829694
2020-12-16,376,471,847,293,295,588,223,227,450,176,182,358,126,145,271,64,76,140,26,25,51,4,9,13,1288,1430,2718,486,611,1.257201646090535
2020-12-17,464,520,984,302,331,633,254,237,491,176,173,349,80,110,190,66,56,122,13,26,39,1,10,11,1356,1463,2819,488,661,1.3545081967213115
2020-12-18,504,602,1106,323,351,674,254,273,527,204,231,435,184,185,369,85,88,173,18,39,57,2,5,7,1574,1774,3348,529,814,1.5387523629489603
2020-12-19,392,469,861,323,326,649,229,240,469,157,174,331,131,154,285,65,71,136,17,28,45,3,2,5,1317,1464,2781,532,784,1.4736842105263157
2020-12-20,411,466,877,325,336,661,251,276,527,180,204,384,115,130,245,63,57,120,14,17,31,3,9,12,1362,1495,2857,333,400,1.2012012012012012
2020-12-21,543,581,1124,365,408,773,291,293,584,192,209,401,186,162,348,77,84,161,17,46,63,3,6,9,1674,1789,3463,530,676,1.2754716981132075
2020-12-22,634,716,1350,413,461,874,333,327,660,215,227,442,164,192,356,82,77,159,19,32,51,4,5,9,1864,2037,3901,672,797,1.1860119047619047
2020-12-23,681,692,1373,404,434,838,309,352,661,214,216,430,142,183,325,62,75,137,25,35,60,6,11,17,1843,1998,3841,556,808,1.4532374100719425
2020-12-24,353,397,750,268,251,519,178,161,339,102,122,224,88,95,183,51,42,93,6,18,24,1,4,5,1047,1090,2137,299,569,1.9030100334448161
2020-12-25,138,116,254,62,76,138,51,44,95,44,50,94,22,27,49,17,11,28,7,17,24,4,3,7,345,344,689,282,415,1.4716312056737588
2020-12-26,529,591,1120,384,359,743,240,308,548,194,201,395,109,138,247,67,69,136,21,30,51,1,12,13,1545,1708,3253,508,766,1.5078740157480315
2020-12-27,542,583,1125,402,391,793,328,343,671,215,246,461,156,150,306,60,81,141,17,33,50,2,9,11,1722,1836,3558,371,428,1.1536388140161724
2020-12-28,797,871,1668,555,597,1152,454,444,898,279,327,606,172,226,398,81,103,184,30,43,73,2,11,13,2370,2622,4992,662,815,1.2311178247734138
2020-12-29,739,821,1560,439,482,921,396,394,790,239,275,514,173,209,382,88,98,186,26,54,80,5,9,14,2105,2342,4447,624,738,1.1826923076923077
2020-12-30,839,857,1696,519,511,1030,383,464,847,267,331,598,179,205,384,84,95,179,29,50,79,4,8,12,2304,2521,4825,697,1098,1.57532281205165
2020-12-31,584,568,1152,310,358,668,268,315,583,176,168,344,84,97,181,44,63,107,13,28,41,0,6,6,1479,1603,3082,390,644,1.6512820512820512
2021-01-01,127,152,279,76,96,172,59,60,119,49,56,105,25,34,59,16,21,37,5,15,20,1,4,5,358,438,796,246,334,1.3577235772357723
2021-01-02,535,581,1116,310,379,689,277,292,569,186,215,401,168,163,331,73,90,163,15,38,53,4,7,11,1568,1765,3333,440,626,1.4227272727272726
2021-01-03,717,793,1510,534,557,1091,419,463,882,251,319,570,214,244,458,83,116,199,26,36,62,4,7,11,2248,2535,4783,425,523,1.2305882352941175
2021-01-04,900,940,1840,608,640,1248,434,473,907,274,328,602,202,215,417,101,115,216,28,61,89,5,10,15,2552,2782,5334,619,778,1.2568659127625201
2021-01-05,953,1063,2016,600,654,1254,469,516,985,282,317,599,215,296,511,102,132,234,32,64,96,6,9,15,2659,3051,5710,592,754,1.2736486486486487
2021-01-06,990,956,1946,595,596,1191,493,508,1001,326,332,658,229,257,486,107,133,240,29,58,87,5,15,20,2774,2855,5629,641,795,1.2402496099843994
2021-01-07,773,864,1637,502,480,982,358,371,729,239,287,526,178,227,405,80,119,199,30,48,78,2,11,13,2162,2407,4569,578,760,1.314878892733564
2021-01-08,833,847,1680,420,513,933,315,448,763,246,285,531,136,192,328,81,102,183,32,38,70,4,4,8,2067,2429,4496,626,928,1.4824281150159744
2021-01-09,699,787,1486,452,508,960,353,388,741,220,273,493,138,204,342,62,86,148,22,38,60,0,9,9,1946,2293,4239,453,714,1.576158940397351
2021-01-10,749,796,1545,415,489,904,362,390,752,225,268,493,136,149,285,43,80,123,11,35,46,2,9,11,1943,2216,4159,399,467,1.1704260651629073
2021-01-11,907,969,1876,530,584,1114,409,454,863,252,330,582,164,212,376,87,87,174,20,34,54,1,7,8,2370,2677,5047,547,741,1.3546617915904935
2021-01-12,739,894,1633,389,465,854,310,399,709,236,295,531,183,156,339,66,87,153,33,36,69,3,10,13,1959,2342,4301,483,611,1.2650103519668736
2021-01-13,925,988,1913,460,518,978,393,408,801,265,338,603,189,231,420,80,96,176,20,46,66,5,4,9,2337,2629,4966,551,695,1.2613430127041743
2021-01-14,837,912,1749,447,533,980,353,454,807,280,327,607,161,214,375,70,90,160,21,39,60,3,7,10,2172,2576,4748,547,756,1.3820840950639854
2021-01-15,1182,1250,2432,716,752,1468,557,656,1213,390,447,837,211,233,444,87,127,214,23,48,71,2,8,10,3168,3521,6689,523,863,1.650095602294455
2021-01-16,1123,1180,2303,621,718,1339,621,673,1294,397,386,783,219,268,487,108,114,222,26,39,65,1,9,10,3116,3387,6503,416,619,1.4879807692307692
2021-01-17,1005,1135,2140,572,639,1211,613,714,1327,390,395,785,166,197,363,81,91,172,19,27,46,2,3,5,2848,3201,6049,342,482,1.409356725146199
2021-01-18,1266,1319,2585,704,775,1479,688,726,1414,456,473,929,272,307,579,123,132,255,35,58,93,2,4,6,3546,3794,7340,513,659,1.2846003898635479
2021-01-19,1191,1270,2461,687,761,1448,684,731,1415,468,491,959,261,304,565,107,151,258,23,48,71,5,13,18,3426,3769,7195,440,530,1.2045454545454546
2021-01-20,1113,1171,2284,609,654,1263,586,620,1206,430,452,882,271,301,572,134,148,282,27,41,68,4,11,15,3174,3398,6572,404,504,1.2475247524752475
2021-01-21,990,1013,2003,494,574,1068,428,505,933,293,408,701,198,226,424,91,109,200,27,55,82,6,22,28,2527,2912,5439,472,645,1.3665254237288136
2021-01-22,884,972,1856,395,512,907,410,486,896,286,320,606,181,189,370,96,120,216,20,44,64,3,4,7,2275,2647,4922,390,591,1.5153846153846153
2021-01-23,867,951,1818,430,502,932,423,435,858,315,351,666,127,163,290,52,70,122,18,30,48,2,3,5,2234,2505,4739,277,410,1.48014440433213
2021-01-24,1010,1035,2045,454,527,981,538,552,1090,344,347,691,183,192,375,60,80,140,23,35,58,2,5,7,2614,2773,5387,262,325,1.2404580152671756
2021-01-25,1324,1363,2687,628,696,1324,549,662,1211,411,439,850,233,247,480,109,127,236,35,64,99,8,17,25,3297,3615,6912,400,521,1.3025
2021-01-26,1129,1151,2280,514,570,1084,518,545,1063,343,421,764,206,261,467,114,121,235,34,66,100,4,14,18,2862,3149,6011,433,556,1.2840646651270209
2021-01-27,1036,1049,2085,479,573,1052,441,532,973,328,369,697,204,207,411,79,91,170,39,53,92,1,14,15,2607,2888,5495,357,471,1.319327731092437
2021-01-28,847,946,1793,415,461,876,399,446,845,285,323,608,186,222,408,105,116,221,29,47,76,5,17,22,2271,2578,4849,403,581,1.4416873449131513
2021-01-29,1124,1208,2332,588,656,1244,547,637,1184,398,440,838,234,281,515,96,139,235,24,55,79,2,7,9,3013,3423,6436,390,703,1.8025641025641026
2021-01-30,1323,1390,2713,637,742,1379,762,879,1641,479,499,978,231,307,538,99,139,238,26,43,69,2,9,11,3559,4008,7567,297,464,1.5622895622895623
2021-01-31,1746,1910,3656,810,1016,1826,1133,1232,2365,682,710,1392,287,308,595,113,141,254,24,49,73,2,10,12,4797,5376,10173,265,304,1.1471698113207547
2021-02-01,1646,1832,3478,835,976,1811,997,1107,2104,646,663,1309,343,399,742,126,197,323,38,49,87,1,13,14,4632,5236,9868,437,547,1.2517162471395882
2021-02-02,1418,1581,2999,773,924,1697,915,1039,1954,625,672,1297,395,394,789,185,223,408,42,60,102,3,12,15,4356,4905,9261,380,474,1.2473684210526317
2021-02-03,1198,1307,2505,680,752,1432,690,791,1481,481,586,1067,343,356,699,164,179,343,44,70,114,4,13,17,3604,4054,7658,368,481,1.3070652173913044
2021-02-04,805,979,1784,479,566,1045,397,603,1000,359,424,783,191,266,457,95,145,240,29,44,73,5,16,21,2360,3043,5403,371,469,1.2641509433962264
2021-02-05,804,903,1707,423,496,919,380,459,839,311,350,661,201,233,434,109,134,243,17,52,69,1,9,10,2246,2636,4882,425,660,1.5529411764705883
2021-02-06,775,925,1700,445,582,1027,418,542,960,357,382,739,176,203,379,80,103,183,28,38,66,0,7,7,2279,2782,5061,329,487,1.4802431610942248
2021-02-07,839,928,1767,474,591,1065,443,577,1020,317,379,696,174,178,352,87,105,192,19,30,49,6,3,9,2359,2791,5150,239,295,1.2343096234309623
2021-02-08,1258,1415,2673,694,910,1604,728,876,1604,408,510,918,255,299,554,120,140,260,30,71,101,4,18,22,3497,4239,7736,463,651,1.406047516198704
2021-02-09,1083,1194,2277,666,774,1440,607,776,1383,434,535,969,280,310,590,125,142,267,33,54,87,5,15,20,3233,3800,7033,379,448,1.1820580474934037
2021-02-10,905,962,1867,580,687,1267,550,651,1201,347,439,786,226,275,501,121,123,244,32,52,84,0,13,13,2761,3202,5963,342,400,1.1695906432748537
2021-02-11,808,978,1786,555,695,1250,476,634,1110,283,448,731,216,238,454,100,119,219,28,46,74,4,7,11,2470,3165,5635,334,376,1.125748502994012
2021-02-12,833,993,1826,553,711,1264,496,715,1211,333,462,795,209,255,464,106,129,235,33,51,84,1,11,12,2564,3327,5891,390,578,1.4820512820512821
2021-02-13,938,1052,1990,655,822,1477,624,886,1510,379,496,875,215,242,457,73,105,178,20,27,47,5,11,16,2909,3641,6550,260,472,1.8153846153846154
2021-02-14,856,1032,1888,597,811,1408,702,875,1577,377,478,855,213,246,459,91,111,202,18,31,49,1,15,16,2855,3599,6454,197,283,1.4365482233502538
2021-02-15,1173,1379,2552,796,1034,1830,895,1008,1903,492,576,1068,234,274,508,101,134,235,24,59,83,2,12,14,3717,4476,8193,322,805,2.5
2021-02-16,1335,1558,2893,928,1092,2020,878,1070,1948,456,528,984,230,248,478,84,131,215,14,31,45,7,4,11,3932,4662,8594,243,297,1.2222222222222223
2021-02-17,1558,1827,3385,916,1129,2045,730,827,1557,489,597,1086,376,380,756,147,164,311,28,73,101,7,18,25,4251,5015,9266,297,389,1.3097643097643097
2021-02-18,1600,1978,3578,1080,1248,2328,836,1068,1904,603,666,1269,377,404,781,184,219,403,50,77,127,3,21,24,4733,5681,10414,409,606,1.4816625916870416
2021-02-19,1460,1764,3224,979,1246,2225,796,994,1790,581,698,1279,375,426,801,167,217,384,40,65,105,4,19,23,4402,5429,9831,564,869,1.5407801418439717
2021-02-20,1294,1638,2932,797,1122,1919,735,988,1723,511,673,1184,289,378,667,115,135,250,28,37,65,5,4,9,3774,4975,8749,460,683,1.4847826086956522
2021-02-21,1262,1679,2941,963,1219,2182,781,1040,1821,504,656,1160,327,367,694,114,148,262,33,43,76,5,7,12,3989,5159,9148,459,530,1.1546840958605664
2021-02-22,1483,2046,3529,1048,1344,2392,814,1064,1878,605,733,1338,380,431,811,165,163,328,57,53,110,3,12,15,4555,5846,10401,544,687,1.2628676470588236
2021-02-23,1369,1717,3086,913,1168,2081,687,889,1576,537,698,1235,379,419,798,152,193,345,42,69,111,9,23,32,4088,5176,9264,541,647,1.1959334565619224
2021-02-24,1197,1502,2699,796,915,1711,595,755,1350,478,583,1061,340,367,707,150,160,310,33,60,93,4,9,13,3593,4351,7944,474,587,1.238396624472574
2021-02-25,1117,1364,2481,653,778,1431,498,659,1157,388,526,914,278,343,621,125,149,274,27,49,76,4,15,19,3090,3883,6973,465,587,1.2623655913978495
2021-02-26,1080,1452,2532,746,896,1642,552,766,1318,419,565,984,309,378,687,131,166,297,30,62,92,2,16,18,3269,4301,7570,441,606,1.3741496598639455
2021-02-27,1037,1453,2490,840,954,1794,548,767,1315,508,653,1161,351,410,761,147,163,310,33,66,99,2,15,17,3466,4481,7947,378,618,1.6349206349206349
2021-02-28,1349,1749,3098,1074,1314,2388,804,1028,1832,697,895,1592,456,516,972,201,209,410,42,56,98,3,8,11,4626,5775,10401,407,529,1.2997542997542997
2021-03-01,1135,1409,2544,734,828,1562,548,701,1249,412,515,927,302,356,658,115,170,285,38,74,112,7,27,34,3291,4080,7371,555,673,1.2126126126126127
2021-03-02,1196,1399,2595,663,848,1511,537,654,1191,385,540,925,260,328,588,123,108,231,44,60,104,4,11,15,3212,3948,7160,492,584,1.1869918699186992
2021-03-03,946,1193,2139,600,738,1338,435,605,1040,357,497,854,332,385,717,153,157,310,32,48,80,1,14,15,2856,3637,6493,575,727,1.2643478260869565
2021-03-04,938,1144,2082,522,692,1214,422,565,987,318,494,812,289,392,681,147,180,327,36,56,92,6,22,28,2678,3545,6223,587,704,1.1993185689948893
2021-03-05,980,1250,2230,615,804,1419,404,572,976,380,520,900,298,325,623,135,157,292,30,63,93,0,15,15,2842,3706,6548,499,687,1.376753507014028
2021-03-06,724,926,1650,524,636,1160,362,475,837,290,407,697,194,223,417,91,119,210,28,34,62,2,9,11,2215,2829,5044,427,597,1.3981264637002342
2021-03-07,802,1014,1816,547,678,1225,375,533,908,320,472,792,272,298,570,103,120,223,26,47,73,5,3,8,2450,3165,5615,438,484,1.1050228310502284
2021-03-08,1067,1417,2484,716,834,1550,528,661,1189,452,603,1055,374,381,755,153,173,326,31,60,91,5,15,20,3326,4144,7470,567,619,1.091710758377425
2021-03-09,1083,1233,2316,692,822,1514,495,645,1140,420,567,987,372,478,850,183,184,367,35,65,100,6,14,20,3286,4008,7294,572,629,1.0996503496503496
2021-03-10,1099,1227,2326,688,780,1468,436,605,1041,408,555,963,349,373,722,137,169,306,41,64,105,4,11,15,3162,3784,6946,730,866,1.1863013698630136
2021-03-11,856,1149,2005,486,663,1149,364,530,894,304,403,707,229,317,546,134,131,265,30,49,79,3,15,18,2406,3257,5663,675,903,1.3377777777777777
2021-03-12,1053,1395,2448,639,825,1464,471,596,1067,338,527,865,307,382,689,157,159,316,42,70,112,3,16,19,3010,3970,6980,680,963,1.4161764705882354
2021-03-13,884,1097,1981,587,670,1257,371,501,872,352,475,827,304,329,633,118,131,249,25,46,71,5,4,9,2646,3253,5899,518,759,1.4652509652509653
2021-03-14,842,1173,2015,625,749,1374,398,562,960,412,532,944,284,360,644,116,154,270,23,52,75,5,12,17,2705,3594,6299,482,607,1.2593360995850622
2021-03-15,1256,1522,2778,707,836,1543,506,745,1251,439,606,1045,379,433,812,142,201,343,37,66,103,6,12,18,3472,4421,7893,697,884,1.2682926829268293
2021-03-16,1101,1319,2420,707,780,1487,488,563,1051,411,520,931,322,392,714,153,172,325,38,71,109,7,20,27,3227,3837,7064,632,757,1.1977848101265822
2021-03-17,1070,1307,2377,570,704,1274,420,542,962,346,486,832,311,365,676,123,160,283,33,49,82,3,14,17,2876,3627,6503,634,782,1.2334384858044165
2021-03-18,887,1096,1983,529,601,1130,370,476,846,265,374,639,243,275,518,116,148,264,18,46,64,6,11,17,2434,3027,5461,606,745,1.2293729372937294
2021-03-19,1014,1255,2269,546,713,1259,405,531,936,312,455,767,231,290,521,108,137,245,31,41,72,7,10,17,2654,3432,6086,651,1046,1.6067588325652842
2021-03-20,718,903,1621,485,575,1060,344,433,777,287,379,666,246,235,481,99,108,207,22,35,57,9,8,17,2210,2676,4886,495,710,1.4343434343434343
2021-03-21,762,927,1689,545,597,1142,343,450,793,320,414,734,234,292,526,72,114,186,25,34,59,2,9,11,2303,2837,5140,463,567,1.224622030237581
2021-03-22,1072,1323,2395,676,783,1459,455,584,1039,386,530,916,277,339,616,140,157,297,34,78,112,6,34,40,3046,3828,6874,650,859,1.3215384615384616
2021-03-23,1006,1214,2220,567,732,1299,420,506,926,376,435,811,300,384,684,144,164,308,30,51,81,3,18,21,2846,3504,6350,639,869,1.3599374021909234
2021-03-24,859,956,1815,484,559,1043,345,449,794,263,362,625,186,200,386,88,121,209,19,57,76,2,22,24,2246,2726,4972,640,771,1.2046875
2021-03-25,930,1176,2106,561,699,1260,460,579,1039,344,424,768,217,285,502,105,116,221,39,63,102,6,17,23,2662,3359,6021,603,742,1.230514096185738
2021-03-26,1064,1369,2433,587,695,1282,431,614,1045,318,456,774,237,310,547,128,146,274,33,50,83,3,15,18,2801,3655,6456,636,873,1.3726415094339623
2021-03-27,813,994,1807,539,646,1185,374,514,888,305,445,750,247,274,521,99,122,221,25,45,70,4,6,10,2406,3046,5452,599,838,1.3989983305509182
2021-03-28,708,957,1665,526,677,1203,415,486,901,309,442,751,213,245,458,76,72,148,21,39,60,4,7,11,2272,2925,5197,569,700,1.2302284710017575
2021-03-29,1063,1282,2345,609,714,1323,435,607,1042,354,455,809,230,314,544,93,89,182,19,38,57,3,10,13,2806,3509,6315,704,902,1.28125
2021-03-30,954,1144,2098,551,676,1227,386,536,922,311,394,705,196,242,438,83,91,174,27,34,61,5,11,16,2513,3128,5641,759,902,1.1884057971014492
2021-03-31,912,1056,1968,516,711,1227,378,536,914,255,384,639,136,152,288,38,55,93,27,29,56,0,9,9,2262,2932,5194,581,831,1.4302925989672977
2021-04-01,951,1117,2068,567,621,1188,350,495,845,310,383,693,172,215,387,64,93,157,16,24,40,4,7,11,2434,2955,5389,559,848,1.516994633273703
2021-04-02,859,1011,1870,477,562,1039,355,491,846,268,364,632,173,169,342,61,66,127,20,30,50,2,12,14,2215,2705,4920,406,522,1.2857142857142858
2021-04-03,776,978,1754,471,584,1055,381,525,906,305,333,638,161,190,351,63,64,127,15,31,46,2,6,8,2174,2711,4885,300,473,1.5766666666666667
2021-04-04,1253,1587,2840,869,1111,1980,731,880,1611,412,502,914,181,197,378,51,56,107,17,26,43,1,6,7,3515,4365,7880,272,332,1.2205882352941178
2021-04-05,808,1073,1881,569,708,1277,504,640,1144,271,303,574,67,77,144,18,19,37,10,10,20,0,4,4,2247,2834,5081,64,64,1.0
2021-04-06,28,41,69,13,33,46,15,19,34,6,11,17,4,3,7,0,2,2,1,1,2,0,0,0,67,110,177,0,0,
