FECHA,<=10M,<=10F,<=10,11-20M,11-20F,11-20,21-30M,21-30F,21-30,31-40M,31-40F,31-40,41-50M,41-50F,41-50,51-60M,51-60F,51-60,61-70M,61-70F,61-70,71-80M,71-80F,71-80,81-90M,81-90F,81-90,>=91M,>=91F,>=91,TotalM,TotalF,Total
2020-03-15,1,0,1,1,0,1,0,2,2,2,1,3,1,1,2,1,0,1,1,0,1,1,1,2,0,0,0,0,0,0,8,5,13
2020-03-16,2,3,5,2,1,3,1,5,6,3,2,5,1,1,2,4,1,5,3,2,5,1,1,2,0,0,0,0,0,0,17,16,33
2020-03-17,3,7,10,3,2,5,3,6,9,4,4,8,2,4,6,4,3,7,4,4,8,3,3,6,1,0,1,0,0,0,27,33,60
2020-03-18,6,8,14,4,2,6,4,6,10,6,5,11,3,7,10,5,4,9,4,6,10,4,3,7,2,0,2,0,0,0,38,41,79
2020-03-19,9,9,18,4,2,6,7,8,15,9,6,15,5,8,13,5,4,9,5,7,12,5,4,9,2,0,2,1,0,1,52,48,100
2020-03-20,10,10,20,5,2,7,8,8,16,10,9,19,5,9,14,5,5,10,6,8,14,7,6,13,3,0,3,1,0,1,60,57,117
2020-03-21,11,10,21,7,3,10,9,10,19,13,10,23,7,10,17,6,5,11,8,10,18,8,7,15,4,0,4,2,0,2,75,65,140
2020-03-22,14,11,25,7,3,10,13,11,24,13,10,23,7,10,17,9,6,15,8,11,19,10,7,17,7,2,9,2,1,3,90,72,162
2020-03-23,18,12,30,8,5,13,15,13,28,16,11,27,9,12,21,11,8,19,10,12,22,14,10,24,10,5,15,2,3,5,113,91,204
2020-03-24,20,13,33,8,5,13,17,15,32,18,12,30,9,14,23,13,10,23,10,13,23,16,10,26,12,6,18,3,3,6,126,101,227
2020-03-25,21,17,38,8,5,13,19,18,37,20,18,38,10,15,25,14,13,27,13,14,27,17,12,29,14,11,25,5,3,8,141,126,267
2020-03-26,25,20,45,10,7,17,21,20,41,24,21,45,11,19,30,18,15,33,14,18,32,21,15,36,19,11,30,7,4,11,170,150,320
2020-03-27,28,23,51,10,8,18,22,22,44,29,22,51,12,24,36,19,18,37,17,22,39,26,20,46,22,14,36,9,9,18,194,182,376
2020-03-28,30,24,54,10,8,18,25,24,49,31,23,54,13,25,38,23,20,43,21,22,43,30,27,57,25,15,40,9,9,18,217,197,414
2020-03-29,32,24,56,12,9,21,27,27,54,33,25,58,15,28,43,24,20,44,26,25,51,34,29,63,29,16,45,11,10,21,243,213,456
2020-03-30,35,26,61,12,9,21,28,33,61,40,27,67,19,32,51,27,21,48,33,26,59,37,34,71,33,17,50,14,12,26,278,237,515
2020-03-31,43,29,72,13,9,22,35,35,70,49,31,80,24,36,60,30,22,52,39,29,68,41,37,78,35,20,55,18,12,30,327,260,587
2020-04-01,54,39,93,14,11,25,40,39,79,58,33,91,36,41,77,34,29,63,43,32,75,47,41,88,40,25,65,18,13,31,384,303,687
2020-04-02,64,48,112,16,15,31,44,46,90,63,39,102,39,47,86,37,37,74,52,38,90,55,46,101,45,32,77,21,16,37,436,364,800
2020-04-03,81,57,138,20,19,39,49,54,103,70,50,120,48,58,106,40,44,84,60,43,103,62,50,112,50,38,88,22,21,43,502,434,936
2020-04-04,91,70,161,23,23,46,51,61,112,74,60,134,54,62,116,46,44,90,66,46,112,64,55,119,54,40,94,23,24,47,546,485,1031
2020-04-05,100,80,180,27,28,55,57,63,120,81,62,143,62,67,129,50,48,98,68,57,125,70,63,133,57,44,101,25,26,51,597,538,1135
2020-04-06,111,89,200,31,30,61,66,67,133,92,67,159,73,70,143,59,51,110,76,65,141,80,68,148,64,48,112,26,29,55,678,584,1262
2020-04-07,121,98,219,35,34,69,71,71,142,100,75,175,78,76,154,68,53,121,79,69,148,88,76,164,70,59,129,28,30,58,738,641,1379
2020-04-08,129,108,237,39,36,75,75,79,154,105,78,183,87,80,167,75,59,134,88,75,163,99,80,179,71,63,134,31,35,66,799,693,1492
2020-04-09,134,112,246,42,39,81,78,86,164,121,87,208,91,87,178,83,67,150,94,80,174,105,90,195,76,71,147,35,40,75,859,759,1618
2020-04-10,153,116,269,46,42,88,80,92,172,125,90,215,101,88,189,87,73,160,100,81,181,106,100,206,81,79,160,36,43,79,915,804,1719
2020-04-11,162,123,285,50,45,95,88,96,184,132,94,226,108,91,199,89,77,166,104,87,191,113,103,216,84,86,170,37,47,84,967,849,1816
2020-04-12,172,130,302,52,45,97,90,100,190,140,97,237,111,98,209,98,81,179,107,91,198,116,112,228,89,90,179,37,49,86,1012,893,1905
2020-04-13,181,141,322,60,49,109,103,108,211,146,107,253,117,103,220,103,86,189,116,98,214,121,121,242,95,100,195,41,54,95,1083,967,2050
2020-04-14,196,147,343,63,50,113,111,114,225,155,112,267,122,108,230,114,93,207,120,105,225,132,126,258,102,104,206,44,58,102,1159,1017,2176
2020-04-15,205,151,356,66,56,122,117,121,238,160,119,279,130,121,251,119,103,222,129,110,239,141,130,271,108,110,218,49,61,110,1224,1082,2306
2020-04-16,217,154,371,72,60,132,124,125,249,172,133,305,140,135,275,126,113,239,134,120,254,148,134,282,112,115,227,49,65,114,1294,1154,2448
2020-04-17,233,165,398,77,65,142,126,131,257,178,148,326,152,144,296,136,120,256,141,126,267,163,145,308,117,123,240,50,68,118,1373,1235,2608
2020-04-18,245,175,420,83,66,149,137,137,274,195,155,350,161,149,310,143,124,267,143,129,272,169,155,324,123,132,255,53,72,125,1452,1294,2746
2020-04-19,256,185,441,87,67,154,142,140,282,201,159,360,167,155,322,148,133,281,150,136,286,174,163,337,128,139,267,54,73,127,1507,1350,2857
2020-04-20,270,196,466,97,74,171,157,146,303,214,170,384,177,163,340,157,139,296,162,146,308,189,175,364,138,148,286,58,87,145,1619,1444,3063
2020-04-21,283,205,488,102,80,182,169,152,321,223,185,408,181,167,348,164,147,311,171,154,325,203,186,389,145,158,303,60,97,157,1701,1531,3232
2020-04-22,297,216,513,106,87,193,176,161,337,235,188,423,194,175,369,171,155,326,179,159,338,210,199,409,153,170,323,67,103,170,1788,1613,3401
2020-04-23,315,229,544,110,92,202,184,171,355,245,197,442,204,183,387,176,167,343,187,163,350,220,207,427,164,181,345,73,111,184,1878,1701,3579
2020-04-24,334,240,574,115,98,213,194,181,375,257,210,467,211,190,401,184,176,360,195,173,368,231,218,449,174,195,369,76,114,190,1971,1795,3766
2020-04-25,347,249,596,119,99,218,197,188,385,265,217,482,216,195,411,189,183,372,201,177,378,237,223,460,184,211,395,80,118,198,2035,1860,3895
2020-04-26,356,266,622,124,105,229,201,191,392,270,219,489,224,202,426,192,187,379,209,184,393,243,230,473,191,218,409,81,121,202,2091,1923,4014
2020-04-27,368,278,646,131,109,240,207,199,406,275,233,508,228,215,443,203,196,399,216,192,408,262,235,497,202,234,436,84,125,209,2176,2016,4192
2020-04-28,387,286,673,136,114,250,220,211,431,287,245,532,235,227,462,210,205,415,222,199,421,265,247,512,208,248,456,86,129,215,2256,2111,4367
2020-04-29,411,298,709,142,120,262,236,219,455,304,261,565,247,236,483,218,214,432,227,207,434,275,253,528,211,262,473,91,139,230,2362,2209,4571
2020-04-30,430,309,739,151,122,273,245,226,471,312,270,582,258,246,504,228,227,455,238,215,453,283,264,547,219,279,498,99,146,245,2463,2304,4767
2020-05-01,433,322,755,157,128,285,247,233,480,326,281,607,269,252,521,235,231,466,248,221,469,290,273,563,227,290,517,99,148,247,2531,2379,4910
2020-05-02,440,338,778,163,134,297,256,235,491,334,288,622,276,257,533,242,233,475,251,225,476,298,274,572,232,301,533,100,152,252,2592,2437,5029
2020-05-03,448,348,796,167,137,304,262,242,504,341,294,635,281,262,543,250,236,486,259,231,490,303,283,586,238,309,547,103,157,260,2652,2499,5151
2020-05-04,467,368,835,171,139,310,273,252,525,354,304,658,287,267,554,259,240,499,268,242,510,318,300,618,245,325,570,105,161,266,2747,2598,5345
2020-05-05,482,381,863,178,142,320,284,262,546,367,318,685,293,280,573,269,246,515,279,249,528,333,309,642,250,337,587,106,171,277,2841,2695,5536
2020-05-06,496,397,893,183,143,326,297,269,566,382,334,716,313,289,602,275,252,527,290,256,546,351,324,675,257,349,606,110,177,287,2954,2790,5744
2020-05-07,513,408,921,190,149,339,312,277,589,393,348,741,330,301,631,280,259,539,297,264,561,368,331,699,263,361,624,111,184,295,3057,2882,5939
2020-05-08,530,421,951,197,155,352,327,284,611,406,364,770,345,313,658,295,263,558,307,275,582,379,340,719,274,373,647,113,196,309,3173,2984,6157
2020-05-09,549,433,982,201,156,357,334,296,630,410,372,782,354,322,676,300,269,569,315,281,596,391,343,734,279,384,663,118,204,322,3251,3060,6311
2020-05-10,558,442,1000,203,159,362,342,306,648,416,378,794,359,329,688,304,275,579,324,287,611,399,356,755,284,396,680,119,209,328,3308,3137,6445
2020-05-11,576,461,1037,208,164,372,351,317,668,430,391,821,373,341,714,313,281,594,334,294,628,412,364,776,297,414,711,123,224,347,3417,3251,6668
2020-05-12,596,472,1068,215,174,389,376,338,714,451,400,851,381,357,738,319,286,605,343,303,646,420,374,794,306,428,734,128,236,364,3535,3368,6903
2020-05-13,623,489,1112,223,184,407,395,352,747,467,420,887,395,364,759,330,295,625,352,312,664,429,382,811,314,443,757,129,244,373,3657,3485,7142
2020-05-14,645,515,1160,233,199,432,409,372,781,487,439,926,406,372,778,338,308,646,362,324,686,439,391,830,324,457,781,131,258,389,3774,3635,7409
2020-05-15,665,538,1203,240,205,445,416,385,801,501,454,955,415,387,802,350,314,664,373,333,706,446,397,843,332,477,809,136,267,403,3874,3757,7631
2020-05-16,679,555,1234,247,212,459,421,397,818,511,473,984,422,396,818,357,321,678,381,340,721,455,404,859,338,482,820,141,280,421,3952,3860,7812
2020-05-17,700,568,1268,251,220,471,432,408,840,518,482,1000,431,407,838,361,325,686,389,347,736,460,409,869,349,494,843,144,284,428,4035,3944,7979
2020-05-18,721,593,1314,260,234,494,456,429,885,538,503,1041,442,427,869,376,335,711,404,361,765,477,422,899,366,507,873,145,295,440,4185,4106,8291
2020-05-19,740,612,1352,276,248,524,485,455,940,572,527,1099,468,443,911,393,348,741,420,373,793,487,441,928,378,529,907,148,304,452,4367,4280,8647
2020-05-20,769,652,1421,290,264,554,513,478,991,614,544,1158,485,459,944,405,360,765,436,389,825,500,452,952,390,545,935,154,309,463,4556,4452,9008
2020-05-21,804,686,1490,309,277,586,542,503,1045,640,576,1216,501,480,981,423,372,795,450,395,845,514,459,973,397,561,958,155,313,468,4735,4622,9357
2020-05-22,838,704,1542,322,294,616,574,534,1108,662,602,1264,521,495,1016,435,382,817,457,405,862,524,470,994,405,578,983,161,325,486,4899,4789,9688
2020-05-23,858,723,1581,337,311,648,598,556,1154,690,619,1309,529,512,1041,444,390,834,469,416,885,532,483,1015,414,584,998,163,327,490,5034,4921,9955
2020-05-24,875,743,1618,348,319,667,611,568,1179,704,634,1338,540,517,1057,451,394,845,480,425,905,543,492,1035,419,596,1015,165,333,498,5136,5021,10157
2020-05-25,902,768,1670,367,342,709,634,595,1229,720,654,1374,558,529,1087,456,402,858,488,433,921,554,498,1052,429,611,1040,167,342,509,5275,5174,10449
2020-05-26,938,803,1741,389,365,754,672,629,1301,766,691,1457,577,558,1135,467,422,889,498,439,937,569,504,1073,438,624,1062,170,352,522,5484,5387,10871
2020-05-27,983,839,1822,401,382,783,695,662,1357,791,713,1504,594,571,1165,486,437,923,508,447,955,576,518,1094,442,638,1080,174,354,528,5650,5561,11211
2020-05-28,1012,882,1894,420,394,814,723,698,1421,819,735,1554,619,593,1212,503,458,961,517,460,977,586,527,1113,456,655,1111,178,367,545,5833,5769,11602
2020-05-29,1049,914,1963,442,414,856,761,736,1497,849,777,1626,650,614,1264,518,479,997,532,471,1003,602,542,1144,471,671,1142,179,371,550,6053,5989,12042
2020-05-30,1079,939,2018,457,425,882,796,761,1557,881,794,1675,663,633,1296,530,493,1023,541,477,1018,613,553,1166,478,682,1160,180,378,558,6218,6135,12353
2020-05-31,1107,955,2062,469,437,906,811,772,1583,899,804,1703,677,643,1320,535,503,1038,549,481,1030,624,559,1183,484,692,1176,180,386,566,6335,6232,12567
2020-06-01,1140,984,2124,491,456,947,845,813,1658,927,840,1767,695,669,1364,551,517,1068,573,497,1070,636,568,1204,490,701,1191,185,390,575,6533,6435,12968
2020-06-02,1184,1014,2198,511,476,987,882,841,1723,952,868,1820,712,689,1401,565,532,1097,588,509,1097,658,580,1238,497,718,1215,189,403,592,6738,6630,13368
2020-06-03,1223,1037,2260,526,505,1031,912,867,1779,980,906,1886,730,713,1443,575,544,1119,604,524,1128,676,592,1268,507,734,1241,191,412,603,6924,6834,13758
2020-06-04,1259,1071,2330,544,531,1075,948,898,1846,998,934,1932,750,730,1480,602,560,1162,615,531,1146,696,605,1301,517,752,1269,193,421,614,7122,7033,14155
2020-06-05,1303,1111,2414,560,551,1111,982,926,1908,1030,970,2000,778,759,1537,626,584,1210,632,546,1178,712,618,1330,528,771,1299,197,430,627,7348,7266,14614
2020-06-06,1331,1134,2465,577,563,1140,1002,946,1948,1059,996,2055,791,776,1567,638,594,1232,643,558,1201,725,626,1351,540,788,1328,198,439,637,7504,7420,14924
2020-06-07,1355,1158,2513,593,574,1167,1022,966,1988,1077,1011,2088,810,784,1594,649,602,1251,652,562,1214,733,633,1366,551,799,1350,200,447,647,7642,7536,15178
2020-06-08,1385,1193,2578,615,595,1210,1061,994,2055,1119,1048,2167,845,808,1653,666,621,1287,667,575,1242,748,648,1396,563,815,1378,204,454,658,7873,7751,15624
2020-06-09,1440,1228,2668,639,618,1257,1082,1035,2117,1149,1081,2230,873,830,1703,683,628,1311,679,584,1263,758,662,1420,576,841,1417,207,466,673,8086,7973,16059
2020-06-10,1467,1269,2736,653,636,1289,1124,1057,2181,1183,1120,2303,904,853,1757,707,648,1355,699,598,1297,779,686,1465,581,861,1442,213,481,694,8310,8209,16519
2020-06-11,1507,1311,2818,667,655,1322,1157,1089,2246,1222,1152,2374,922,881,1803,725,672,1397,711,620,1331,795,705,1500,588,889,1477,216,496,712,8510,8470,16980
2020-06-12,1547,1355,2902,676,680,1356,1210,1129,2339,1270,1205,2475,958,918,1876,743,693,1436,739,636,1375,812,719,1531,594,910,1504,220,505,725,8769,8750,17519
2020-06-13,1583,1384,2967,699,700,1399,1247,1166,2413,1307,1237,2544,968,945,1913,763,710,1473,750,643,1393,824,727,1551,603,927,1530,222,511,733,8966,8950,17916
2020-06-14,1604,1414,3018,719,717,1436,1273,1188,2461,1326,1254,2580,987,957,1944,775,727,1502,761,649,1410,827,740,1567,617,948,1565,222,519,741,9111,9113,18224
2020-06-15,1642,1446,3088,745,736,1481,1304,1219,2523,1351,1281,2632,1006,976,1982,790,739,1529,774,654,1428,840,750,1590,623,964,1587,224,529,753,9299,9294,18593
2020-06-16,1694,1506,3200,768,756,1524,1367,1269,2636,1397,1319,2716,1043,1000,2043,813,757,1570,788,667,1455,856,757,1613,636,988,1624,227,542,769,9589,9561,19150
2020-06-17,1736,1551,3287,791,784,1575,1423,1308,2731,1440,1369,2809,1081,1029,2110,838,772,1610,804,682,1486,865,776,1641,654,1005,1659,228,550,778,9860,9826,19686
2020-06-18,1788,1596,3384,812,801,1613,1485,1356,2841,1491,1426,2917,1125,1052,2177,872,795,1667,823,701,1524,879,790,1669,668,1030,1698,230,561,791,10173,10108,20281
2020-06-19,1844,1630,3474,827,830,1657,1526,1397,2923,1557,1473,3030,1162,1095,2257,913,821,1734,852,720,1572,898,809,1707,686,1049,1735,237,575,812,10502,10399,20901
2020-06-20,1876,1667,3543,847,850,1697,1559,1424,2983,1594,1504,3098,1186,1127,2313,930,842,1772,868,734,1602,909,817,1726,692,1065,1757,241,579,820,10702,10609,21311
2020-06-21,1910,1688,3598,865,867,1732,1587,1456,3043,1618,1537,3155,1204,1136,2340,944,852,1796,878,744,1622,920,824,1744,698,1074,1772,242,586,828,10866,10764,21630
2020-06-22,1959,1733,3692,896,895,1791,1626,1504,3130,1669,1568,3237,1238,1173,2411,970,882,1852,895,764,1659,938,839,1777,704,1096,1800,244,598,842,11139,11052,22191
2020-06-23,2008,1781,3789,926,926,1852,1676,1549,3225,1729,1612,3341,1274,1219,2493,987,915,1902,914,783,1697,949,853,1802,715,1113,1828,246,604,850,11424,11355,22779
2020-06-24,2052,1829,3881,953,949,1902,1725,1601,3326,1773,1664,3437,1316,1254,2570,1008,947,1955,928,801,1729,960,868,1828,729,1127,1856,248,608,856,11692,11648,23340
2020-06-25,2103,1884,3987,990,991,1981,1767,1644,3411,1818,1702,3520,1355,1289,2644,1047,982,2029,939,818,1757,971,882,1853,739,1138,1877,252,613,865,11981,11943,23924
2020-06-26,2150,1925,4075,1024,1017,2041,1829,1693,3522,1866,1747,3613,1394,1327,2721,1066,1016,2082,962,837,1799,983,899,1882,750,1159,1909,253,622,875,12277,12242,24519
2020-06-27,2213,1983,4196,1055,1056,2111,1867,1742,3609,1900,1781,3681,1423,1350,2773,1087,1032,2119,977,845,1822,986,912,1898,758,1166,1924,257,628,885,12523,12495,25018
2020-06-28,2256,2006,4262,1071,1075,2146,1885,1785,3670,1927,1817,3744,1443,1374,2817,1109,1046,2155,987,852,1839,994,922,1916,767,1177,1944,263,635,898,12702,12689,25391
2020-06-29,2302,2057,4359,1106,1117,2223,1933,1828,3761,1985,1860,3845,1471,1404,2875,1126,1079,2205,1012,863,1875,1009,938,1947,779,1195,1974,266,642,908,12989,12983,25972
2020-06-30,2334,2101,4435,1123,1149,2272,1992,1866,3858,2021,1907,3928,1508,1439,2947,1155,1107,2262,1036,873,1909,1026,948,1974,785,1215,2000,268,652,920,13248,13257,26505
2020-07-01,2380,2138,4518,1140,1180,2320,2050,1916,3966,2062,1945,4007,1542,1475,3017,1178,1136,2314,1054,890,1944,1042,963,2005,794,1236,2030,271,658,929,13513,13537,27050
2020-07-02,2439,2194,4633,1167,1212,2379,2098,1976,4074,2109,1990,4099,1585,1509,3094,1201,1157,2358,1077,905,1982,1058,981,2039,805,1249,2054,274,665,939,13813,13838,27651
2020-07-03,2495,2234,4729,1199,1235,2434,2144,2016,4160,2169,2047,4216,1610,1544,3154,1229,1179,2408,1097,920,2017,1070,996,2066,816,1266,2082,277,669,946,14106,14106,28212
2020-07-04,2532,2273,4805,1221,1259,2480,2179,2060,4239,2200,2077,4277,1640,1568,3208,1253,1195,2448,1110,932,2042,1081,1012,2093,821,1277,2098,280,676,956,14317,14329,28646
2020-07-05,2559,2310,4869,1242,1274,2516,2213,2096,4309,2229,2117,4346,1656,1596,3252,1270,1215,2485,1132,948,2080,1097,1027,2124,829,1293,2122,284,683,967,14511,14559,29070
2020-07-06,2593,2347,4940,1265,1295,2560,2261,2144,4405,2286,2154,4440,1696,1636,3332,1305,1244,2549,1158,976,2134,1115,1053,2168,839,1318,2157,287,691,978,14805,14858,29663
2020-07-07,2644,2414,5058,1296,1330,2626,2319,2199,4518,2347,2204,4551,1730,1670,3400,1335,1277,2612,1175,991,2166,1128,1066,2194,849,1341,2190,294,703,997,15117,15195,30312
2020-07-08,2691,2449,5140,1325,1363,2688,2375,2246,4621,2393,2253,4646,1778,1718,3496,1360,1311,2671,1194,1011,2205,1145,1086,2231,859,1357,2216,298,717,1015,15418,15511,30929
2020-07-09,2727,2476,5203,1342,1377,2719,2409,2277,4686,2443,2285,4728,1813,1751,3564,1376,1326,2702,1206,1027,2233,1153,1109,2262,866,1374,2240,304,725,1029,15639,15727,31366
2020-07-10,2759,2503,5262,1365,1403,2768,2448,2311,4759,2475,2326,4801,1839,1776,3615,1394,1349,2743,1226,1046,2272,1170,1121,2291,879,1391,2270,305,735,1040,15860,15961,31821
2020-07-11,2790,2545,5335,1388,1417,2805,2475,2342,4817,2503,2360,4863,1868,1807,3675,1416,1381,2797,1246,1061,2307,1184,1149,2333,886,1416,2302,308,750,1058,16064,16228,32292
2020-07-12,2819,2563,5382,1404,1429,2833,2502,2365,4867,2531,2383,4914,1887,1825,3712,1426,1395,2821,1257,1073,2330,1195,1158,2353,892,1430,2322,312,756,1068,16225,16377,32602
2020-07-13,2859,2613,5472,1434,1454,2888,2552,2416,4968,2579,2432,5011,1933,1871,3804,1459,1437,2896,1292,1100,2392,1219,1197,2416,906,1475,2381,314,780,1094,16547,16775,33322
2020-07-14,2911,2654,5565,1463,1480,2943,2595,2451,5046,2654,2487,5141,1980,1915,3895,1496,1454,2950,1315,1128,2443,1238,1226,2464,912,1493,2405,321,795,1116,16885,17083,33968
2020-07-15,2953,2702,5655,1506,1509,3015,2640,2527,5167,2725,2565,5290,2026,1966,3992,1523,1494,3017,1342,1153,2495,1252,1246,2498,926,1509,2435,328,802,1130,17221,17473,34694
2020-07-16,3005,2734,5739,1532,1549,3081,2696,2588,5284,2790,2619,5409,2069,2025,4094,1555,1536,3091,1362,1172,2534,1270,1266,2536,945,1542,2487,330,819,1149,17554,17850,35404
2020-07-17,3055,2780,5835,1564,1579,3143,2731,2647,5378,2839,2682,5521,2112,2092,4204,1588,1576,3164,1390,1204,2594,1289,1285,2574,962,1562,2524,334,827,1161,17864,18234,36098
2020-07-18,3086,2815,5901,1584,1598,3182,2780,2696,5476,2880,2735,5615,2145,2131,4276,1617,1600,3217,1416,1231,2647,1304,1296,2600,978,1584,2562,336,833,1169,18126,18519,36645
2020-07-19,3122,2856,5978,1602,1623,3225,2814,2727,5541,2914,2778,5692,2176,2164,4340,1642,1626,3268,1436,1246,2682,1319,1306,2625,989,1602,2591,338,840,1178,18352,18768,37120
2020-07-20,3186,2908,6094,1646,1662,3308,2876,2785,5661,2975,2866,5841,2223,2237,4460,1678,1671,3349,1466,1288,2754,1344,1332,2676,1010,1622,2632,341,853,1194,18745,19224,37969
2020-07-21,3236,2949,6185,1677,1694,3371,2941,2837,5778,3046,2934,5980,2271,2286,4557,1718,1717,3435,1492,1319,2811,1370,1358,2728,1024,1651,2675,346,862,1208,19121,19607,38728
2020-07-22,3306,2998,6304,1709,1726,3435,3021,2912,5933,3123,3005,6128,2338,2348,4686,1755,1760,3515,1513,1348,2861,1401,1381,2782,1039,1688,2727,347,872,1219,19552,20038,39590
2020-07-23,3364,3047,6411,1739,1761,3500,3093,2980,6073,3196,3082,6278,2381,2395,4776,1791,1794,3585,1531,1377,2908,1419,1403,2822,1046,1711,2757,354,880,1234,19914,20430,40344
2020-07-24,3408,3098,6506,1774,1789,3563,3167,3047,6214,3257,3157,6414,2435,2450,4885,1829,1827,3656,1565,1395,2960,1437,1425,2862,1058,1737,2795,356,893,1249,20286,20818,41104
2020-07-25,3454,3138,6592,1805,1809,3614,3217,3101,6318,3313,3213,6526,2473,2493,4966,1847,1851,3698,1583,1420,3003,1451,1448,2899,1070,1750,2820,361,896,1257,20574,21119,41693
2020-07-26,3493,3173,6666,1821,1830,3651,3248,3127,6375,3343,3253,6596,2506,2512,5018,1867,1872,3739,1595,1433,3028,1466,1461,2927,1079,1773,2852,366,903,1269,20784,21337,42121
2020-07-27,3534,3217,6751,1858,1858,3716,3303,3185,6488,3411,3320,6731,2562,2571,5133,1901,1921,3822,1623,1469,3092,1484,1483,2967,1097,1794,2891,371,925,1296,21144,21743,42887
2020-07-28,3587,3271,6858,1889,1889,3778,3380,3271,6651,3480,3388,6868,2616,2626,5242,1951,1969,3920,1661,1501,3162,1503,1516,3019,1108,1820,2928,376,946,1322,21551,22197,43748
2020-07-29,3645,3323,6968,1920,1923,3843,3457,3338,6795,3549,3461,7010,2686,2689,5375,1992,2016,4008,1695,1540,3235,1528,1539,3067,1128,1857,2985,384,971,1355,21984,22657,44641
2020-07-30,3708,3370,7078,1963,1975,3938,3556,3411,6967,3630,3533,7163,2751,2745,5496,2040,2061,4101,1725,1572,3297,1546,1560,3106,1138,1876,3014,386,979,1365,22443,23082,45525
2020-07-31,3755,3431,7186,1989,2006,3995,3615,3488,7103,3721,3628,7349,2814,2800,5614,2081,2109,4190,1753,1605,3358,1566,1590,3156,1149,1907,3056,392,995,1387,22835,23559,46394
2020-08-01,3796,3469,7265,2010,2039,4049,3654,3542,7196,3763,3683,7446,2848,2846,5694,2113,2141,4254,1777,1617,3394,1586,1608,3194,1162,1931,3093,392,1008,1400,23101,23884,46985
2020-08-02,3841,3504,7345,2032,2065,4097,3690,3578,7268,3811,3727,7538,2878,2892,5770,2131,2170,4301,1788,1633,3421,1594,1625,3219,1174,1947,3121,394,1015,1409,23333,24156,47489
2020-08-03,3896,3565,7461,2067,2106,4173,3756,3655,7411,3882,3787,7669,2923,2952,5875,2169,2214,4383,1819,1660,3479,1608,1648,3256,1188,1978,3166,398,1029,1427,23706,24594,48300
2020-08-04,3963,3615,7578,2109,2150,4259,3840,3711,7551,3966,3860,7826,2991,3013,6004,2216,2254,4470,1853,1688,3541,1626,1673,3299,1206,2011,3217,403,1044,1447,24173,25019,49192
2020-08-05,4021,3672,7693,2153,2182,4335,3916,3781,7697,4034,3937,7971,3040,3074,6114,2264,2306,4570,1884,1722,3606,1654,1698,3352,1221,2034,3255,407,1055,1462,24594,25461,50055
2020-08-06,4078,3720,7798,2186,2227,4413,3992,3856,7848,4109,4023,8132,3101,3143,6244,2303,2351,4654,1917,1748,3665,1675,1722,3397,1237,2063,3300,412,1068,1480,25010,25921,50931
2020-08-07,4147,3779,7926,2222,2258,4480,4067,3940,8007,4187,4102,8289,3154,3224,6378,2346,2389,4735,1939,1783,3722,1703,1755,3458,1250,2105,3355,417,1087,1504,25432,26422,51854
2020-08-08,4194,3821,8015,2250,2287,4537,4107,3988,8095,4257,4169,8426,3199,3278,6477,2384,2428,4812,1960,1809,3769,1719,1786,3505,1262,2142,3404,418,1113,1531,25750,26821,52571
2020-08-09,4228,3856,8084,2273,2306,4579,4144,4036,8180,4306,4206,8512,3234,3333,6567,2422,2468,4890,1981,1831,3812,1738,1812,3550,1278,2189,3467,423,1131,1554,26027,27168,53195
2020-08-10,4290,3911,8201,2312,2341,4653,4228,4114,8342,4384,4277,8661,3302,3403,6705,2474,2532,5006,2005,1858,3863,1754,1839,3593,1293,2214,3507,427,1145,1572,26469,27634,54103
2020-08-11,4345,3961,8306,2358,2373,4731,4311,4193,8504,4488,4363,8851,3380,3483,6863,2524,2587,5111,2046,1897,3943,1785,1896,3681,1311,2261,3572,434,1169,1603,26982,28183,55165
2020-08-12,4397,4015,8412,2403,2419,4822,4385,4283,8668,4554,4481,9035,3452,3554,7006,2571,2635,5206,2078,1929,4007,1800,1926,3726,1322,2282,3604,438,1186,1624,27400,28710,56110
2020-08-13,4440,4064,8504,2451,2462,4913,4484,4374,8858,4653,4596,9249,3520,3630,7150,2624,2693,5317,2105,1967,4072,1829,1950,3779,1335,2306,3641,443,1201,1644,27884,29243,57127
2020-08-14,4478,4108,8586,2483,2498,4981,4581,4475,9056,4739,4702,9441,3597,3690,7287,2674,2754,5428,2141,2003,4144,1854,1984,3838,1348,2328,3676,446,1214,1660,28341,29756,58097
2020-08-15,4533,4143,8676,2527,2536,5063,4629,4543,9172,4800,4783,9583,3642,3759,7401,2705,2795,5500,2170,2035,4205,1876,2025,3901,1364,2379,3743,450,1235,1685,28696,30233,58929
2020-08-16,4571,4171,8742,2547,2556,5103,4681,4594,9275,4845,4837,9682,3663,3802,7465,2732,2826,5558,2184,2060,4244,1893,2043,3936,1377,2412,3789,453,1255,1708,28946,30556,59502
2020-08-17,4611,4193,8804,2580,2582,5162,4744,4654,9398,4914,4911,9825,3723,3867,7590,2778,2883,5661,2204,2101,4305,1913,2060,3973,1389,2436,3825,453,1268,1721,29309,30955,60264
2020-08-18,4668,4245,8913,2619,2617,5236,4822,4728,9550,5016,5004,10020,3789,3940,7729,2813,2953,5766,2236,2138,4374,1935,2089,4024,1399,2457,3856,453,1284,1737,29750,31455,61205
2020-08-19,4725,4295,9020,2656,2660,5316,4878,4819,9697,5092,5083,10175,3844,4008,7852,2857,2996,5853,2260,2170,4430,1953,2130,4083,1416,2496,3912,459,1304,1763,30140,31961,62101
2020-08-20,4769,4343,9112,2688,2695,5383,4953,4904,9857,5160,5169,10329,3892,4067,7959,2898,3046,5944,2290,2207,4497,1972,2152,4124,1433,2521,3954,462,1316,1778,30517,32420,62937
2020-08-21,4811,4401,9212,2727,2726,5453,5017,4979,9996,5240,5257,10497,3962,4129,8091,2943,3108,6051,2327,2247,4574,1998,2194,4192,1446,2561,4007,467,1327,1794,30938,32929,63867
2020-08-22,4839,4428,9267,2758,2752,5510,5069,5035,10104,5293,5333,10626,4011,4177,8188,2973,3135,6108,2359,2277,4636,2015,2231,4246,1459,2584,4043,472,1347,1819,31248,33299,64547
2020-08-23,4875,4467,9342,2776,2769,5545,5103,5082,10185,5332,5380,10712,4049,4209,8258,3001,3173,6174,2381,2302,4683,2025,2254,4279,1472,2593,4065,477,1351,1828,31491,33580,65071
2020-08-24,4938,4531,9469,2814,2808,5622,5168,5162,10330,5405,5473,10878,4107,4282,8389,3059,3218,6277,2414,2352,4766,2049,2286,4335,1488,2622,4110,482,1370,1852,31924,34104,66028
2020-08-25,4984,4582,9566,2855,2842,5697,5243,5272,10515,5492,5570,11062,4172,4349,8521,3097,3277,6374,2445,2390,4835,2069,2309,4378,1504,2656,4160,488,1388,1876,32349,34635,66984
2020-08-26,5045,4620,9665,2896,2886,5782,5347,5358,10705,5582,5660,11242,4225,4429,8654,3147,3334,6481,2479,2427,4906,2096,2341,4437,1522,2690,4212,491,1404,1895,32830,35149,67979
2020-08-27,5104,4671,9775,2951,2943,5894,5442,5437,10879,5673,5755,11428,4301,4508,8809,3202,3392,6594,2507,2467,4974,2126,2367,4493,1543,2728,4271,495,1428,1923,33344,35696,69040
2020-08-28,5152,4720,9872,3003,2985,5988,5547,5548,11095,5758,5856,11614,4372,4606,8978,3262,3470,6732,2540,2513,5053,2163,2407,4570,1558,2759,4317,498,1438,1936,33853,36302,70155
2020-08-29,5192,4750,9942,3025,3009,6034,5618,5621,11239,5820,5946,11766,4436,4664,9100,3302,3510,6812,2576,2537,5113,2184,2429,4613,1568,2787,4355,502,1454,1956,34223,36707,70930
2020-08-30,5224,4794,10018,3058,3034,6092,5670,5675,11345,5881,5994,11875,4485,4718,9203,3338,3542,6880,2598,2564,5162,2199,2450,4649,1575,2800,4375,505,1461,1966,34533,37032,71565
2020-08-31,5278,4833,10111,3104,3072,6176,5760,5754,11514,5960,6083,12043,4548,4796,9344,3384,3593,6977,2633,2607,5240,2229,2489,4718,1596,2840,4436,507,1474,1981,34999,37541,72540
2020-09-01,5334,4883,10217,3138,3121,6259,5848,5844,11692,6061,6187,12248,4627,4863,9490,3428,3665,7093,2660,2636,5296,2248,2517,4765,1612,2888,4500,514,1490,2004,35470,38094,73564
2020-09-02,5380,4919,10299,3166,3154,6320,5918,5931,11849,6139,6282,12421,4684,4926,9610,3478,3717,7195,2684,2668,5352,2282,2546,4828,1626,2920,4546,517,1517,2034,35874,38580,74454
2020-09-03,5433,4967,10400,3216,3194,6410,6009,6037,12046,6250,6391,12641,4754,4999,9753,3535,3768,7303,2719,2708,5427,2309,2576,4885,1645,2957,4602,521,1529,2050,36391,39126,75517
2020-09-04,5484,5028,10512,3255,3236,6491,6090,6130,12220,6346,6489,12835,4825,5087,9912,3577,3828,7405,2760,2758,5518,2339,2606,4945,1663,2986,4649,525,1544,2069,36864,39692,76556
2020-09-05,5520,5058,10578,3275,3256,6531,6156,6192,12348,6414,6576,12990,4878,5170,10048,3607,3866,7473,2793,2792,5585,2361,2630,4991,1678,3010,4688,527,1552,2079,37209,40102,77311
2020-09-06,5556,5092,10648,3297,3279,6576,6194,6248,12442,6461,6620,13081,4915,5212,10127,3628,3902,7530,2813,2817,5630,2370,2658,5028,1691,3027,4718,528,1561,2089,37453,40416,77869
2020-09-07,5600,5137,10737,3335,3319,6654,6281,6338,12619,6562,6720,13282,4978,5299,10277,3679,3976,7655,2856,2858,5714,2395,2684,5079,1707,3060,4767,533,1576,2109,37926,40967,78893
2020-09-08,5645,5187,10832,3375,3361,6736,6358,6429,12787,6664,6822,13486,5048,5375,10423,3735,4033,7768,2889,2905,5794,2427,2718,5145,1725,3088,4813,538,1597,2135,38404,41515,79919
2020-09-09,5698,5233,10931,3411,3416,6827,6448,6516,12964,6752,6911,13663,5121,5449,10570,3794,4094,7888,2924,2956,5880,2450,2749,5199,1742,3125,4867,539,1617,2156,38879,42066,80945
2020-09-10,5741,5264,11005,3459,3453,6912,6555,6614,13169,6860,7034,13894,5209,5537,10746,3850,4149,7999,2954,2998,5952,2478,2782,5260,1752,3155,4907,541,1636,2177,39399,42622,82021
2020-09-11,5792,5308,11100,3513,3491,7004,6645,6686,13331,6952,7136,14088,5280,5621,10901,3907,4229,8136,3002,3038,6040,2506,2814,5320,1771,3188,4959,544,1644,2188,39912,43155,83067
2020-09-12,5831,5334,11165,3540,3520,7060,6691,6744,13435,7002,7206,14208,5315,5676,10991,3944,4278,8222,3034,3069,6103,2527,2838,5365,1784,3220,5004,546,1658,2204,40214,43543,83757
2020-09-13,5871,5369,11240,3561,3546,7107,6739,6804,13543,7052,7275,14327,5347,5718,11065,3981,4310,8291,3069,3097,6166,2544,2849,5393,1787,3236,5023,551,1667,2218,40502,43871,84373
2020-09-14,5929,5424,11353,3605,3587,7192,6827,6916,13743,7146,7367,14513,5405,5797,11202,4048,4380,8428,3114,3152,6266,2575,2882,5457,1809,3260,5069,552,1676,2228,41010,44441,85451
2020-09-15,5992,5459,11451,3638,3612,7250,6907,6983,13890,7229,7479,14708,5466,5858,11324,4088,4431,8519,3158,3194,6352,2602,2921,5523,1825,3293,5118,553,1688,2241,41458,44918,86376
2020-09-16,6056,5518,11574,3695,3666,7361,7003,7099,14102,7314,7595,14909,5542,5942,11484,4140,4493,8633,3199,3244,6443,2628,2945,5573,1841,3323,5164,556,1700,2256,41974,45525,87499
2020-09-17,6104,5559,11663,3727,3716,7443,7092,7183,14275,7392,7690,15082,5622,6045,11667,4203,4559,8762,3247,3293,6540,2661,2974,5635,1859,3347,5206,559,1710,2269,42466,46076,88542
2020-09-18,6164,5616,11780,3760,3767,7527,7178,7286,14464,7481,7809,15290,5687,6128,11815,4255,4623,8878,3281,3343,6624,2697,3004,5701,1871,3372,5243,563,1724,2287,42937,46672,89609
2020-09-19,6188,5661,11849,3785,3803,7588,7226,7334,14560,7540,7873,15413,5721,6160,11881,4285,4658,8943,3316,3376,6692,2715,3025,5740,1886,3392,5278,568,1732,2300,43230,47014,90244
2020-09-20,6223,5699,11922,3817,3838,7655,7273,7378,14651,7595,7913,15508,5755,6201,11956,4304,4694,8998,3333,3400,6733,2735,3045,5780,1892,3409,5301,571,1739,2310,43498,47316,90814
2020-09-21,6282,5744,12026,3854,3891,7745,7353,7458,14811,7681,8009,15690,5819,6279,12098,4352,4744,9096,3376,3451,6827,2766,3077,5843,1906,3429,5335,572,1750,2322,43961,47832,91793
2020-09-22,6348,5803,12151,3904,3945,7849,7441,7559,15000,7767,8099,15866,5900,6349,12249,4410,4808,9218,3425,3487,6912,2798,3114,5912,1920,3465,5385,575,1764,2339,44488,48393,92881
2020-09-23,6406,5852,12258,3946,3983,7929,7508,7653,15161,7844,8202,16046,5957,6414,12371,4460,4864,9324,3469,3532,7001,2819,3157,5976,1929,3489,5418,578,1773,2351,44916,48919,93835
2020-09-24,6472,5906,12378,4000,4037,8037,7604,7732,15336,7933,8303,16236,6027,6487,12514,4501,4913,9414,3495,3592,7087,2842,3188,6030,1952,3522,5474,585,1795,2380,45411,49475,94886
2020-09-25,6530,5949,12479,4044,4074,8118,7679,7823,15502,8014,8386,16400,6100,6563,12663,4546,4961,9507,3542,3641,7183,2868,3218,6086,1971,3549,5520,585,1806,2391,45879,49970,95849
2020-09-26,6559,5979,12538,4075,4101,8176,7724,7865,15589,8077,8438,16515,6140,6606,12746,4576,5007,9583,3572,3665,7237,2889,3232,6121,1979,3564,5543,589,1814,2403,46180,50271,96451
2020-09-27,6594,6017,12611,4096,4129,8225,7768,7921,15689,8124,8492,16616,6186,6651,12837,4605,5039,9644,3595,3689,7284,2896,3250,6146,1988,3578,5566,591,1820,2411,46443,50586,97029
2020-09-28,6650,6068,12718,4134,4159,8293,7828,7987,15815,8204,8573,16777,6268,6708,12976,4672,5106,9778,3643,3722,7365,2922,3279,6201,2005,3601,5606,595,1836,2431,46921,51039,97960
2020-09-29,6716,6123,12839,4187,4217,8404,7925,8070,15995,8312,8682,16994,6345,6781,13126,4723,5151,9874,3687,3773,7460,2953,3333,6286,2029,3639,5668,596,1860,2456,47473,51629,99102
2020-09-30,6779,6183,12962,4225,4262,8487,8013,8172,16185,8394,8770,17164,6409,6848,13257,4782,5217,9999,3729,3828,7557,2982,3366,6348,2044,3667,5711,599,1868,2467,47956,52181,100137
2020-10-01,6839,6261,13100,4268,4328,8596,8110,8284,16394,8493,8877,17370,6476,6920,13396,4829,5275,10104,3773,3878,7651,3014,3413,6427,2054,3684,5738,602,1879,2481,48458,52799,101257
2020-10-02,6921,6323,13244,4316,4378,8694,8189,8377,16566,8572,8974,17546,6536,7000,13536,4882,5321,10203,3819,3924,7743,3045,3457,6502,2066,3722,5788,607,1893,2500,48953,53369,102322
2020-10-03,6958,6362,13320,4344,4422,8766,8251,8434,16685,8631,9034,17665,6580,7050,13630,4926,5352,10278,3848,3958,7806,3068,3478,6546,2075,3747,5822,611,1898,2509,49292,53735,103027
2020-10-04,7000,6401,13401,4372,4449,8821,8310,8498,16808,8678,9085,17763,6622,7094,13716,4953,5381,10334,3872,3978,7850,3085,3496,6581,2085,3771,5856,612,1901,2513,49589,54054,103643
2020-10-05,7038,6452,13490,4413,4482,8895,8392,8575,16967,8787,9189,17976,6709,7169,13878,5014,5442,10456,3940,4026,7966,3120,3547,6667,2105,3801,5906,615,1908,2523,50133,54591,104724
2020-10-06,7088,6519,13607,4459,4530,8989,8467,8654,17121,8876,9280,18156,6795,7233,14028,5076,5502,10578,3984,4076,8060,3153,3586,6739,2124,3830,5954,621,1917,2538,50643,55127,105770
2020-10-07,7157,6562,13719,4492,4568,9060,8553,8743,17296,8975,9383,18358,6871,7317,14188,5126,5578,10704,4032,4123,8155,3181,3626,6807,2140,3855,5995,624,1924,2548,51151,55679,106830
2020-10-08,7221,6607,13828,4534,4607,9141,8622,8835,17457,9051,9482,18533,6944,7385,14329,5178,5635,10813,4077,4166,8243,3218,3662,6880,2151,3885,6036,628,1943,2571,51624,56207,107831
2020-10-09,7272,6673,13945,4587,4654,9241,8681,8933,17614,9140,9592,18732,7004,7465,14469,5220,5702,10922,4113,4211,8324,3248,3699,6947,2161,3908,6069,632,1959,2591,52058,56796,108854
2020-10-10,7298,6717,14015,4619,4678,9297,8739,8990,17729,9198,9647,18845,7053,7518,14571,5258,5749,11007,4142,4244,8386,3261,3725,6986,2177,3930,6107,638,1969,2607,52383,57167,109550
2020-10-11,7343,6754,14097,4646,4701,9347,8771,9051,17822,9244,9722,18966,7093,7559,14652,5296,5783,11079,4177,4268,8445,3277,3748,7025,2188,3948,6136,639,1975,2614,52674,57509,110183
2020-10-12,7385,6790,14175,4688,4732,9420,8822,9115,17937,9308,9788,19096,7132,7611,14743,5330,5836,11166,4222,4307,8529,3298,3779,7077,2202,3971,6173,639,1984,2623,53026,57913,110939
2020-10-13,7449,6855,14304,4736,4766,9502,8910,9205,18115,9393,9893,19286,7199,7687,14886,5397,5904,11301,4269,4355,8624,3332,3828,7160,2221,4009,6230,643,1997,2640,53549,58499,112048
2020-10-14,7501,6909,14410,4776,4814,9590,8990,9299,18289,9474,9976,19450,7253,7754,15007,5441,5957,11398,4319,4393,8712,3365,3873,7238,2238,4037,6275,644,2012,2656,54001,59024,113025
2020-10-15,7559,6961,14520,4818,4854,9672,9078,9392,18470,9574,10057,19631,7340,7838,15178,5504,6016,11520,4371,4447,8818,3391,3906,7297,2253,4066,6319,650,2022,2672,54538,59559,114097
2020-10-16,7633,7011,14644,4870,4910,9780,9194,9518,18712,9680,10150,19830,7418,7934,15352,5565,6087,11652,4420,4504,8924,3422,3954,7376,2276,4110,6386,652,2048,2700,55130,60226,115356
2020-10-17,7672,7051,14723,4906,4943,9849,9261,9578,18839,9750,10228,19978,7470,7989,15459,5601,6126,11727,4456,4541,8997,3455,3978,7433,2287,4135,6422,655,2055,2710,55513,60624,116137
2020-10-18,7709,7084,14793,4931,4961,9892,9290,9615,18905,9801,10300,20101,7497,8025,15522,5644,6145,11789,4477,4562,9039,3469,3997,7466,2295,4151,6446,656,2060,2716,55769,60900,116669
2020-10-19,7799,7148,14947,4983,5016,9999,9382,9724,19106,9909,10434,20343,7585,8151,15736,5710,6220,11930,4539,4618,9157,3507,4054,7561,2310,4185,6495,657,2070,2727,56381,61620,118001
2020-10-20,7869,7218,15087,5047,5066,10113,9493,9827,19320,10005,10538,20543,7677,8263,15940,5775,6287,12062,4597,4666,9263,3539,4100,7639,2334,4221,6555,657,2085,2742,56993,62271,119264
2020-10-21,7914,7264,15178,5113,5112,10225,9581,9935,19516,10084,10632,20716,7744,8339,16083,5833,6337,12170,4646,4712,9358,3568,4132,7700,2352,4252,6604,659,2089,2748,57494,62804,120298
2020-10-22,7960,7312,15272,5177,5172,10349,9654,10023,19677,10151,10724,20875,7818,8404,16222,5883,6391,12274,4674,4764,9438,3589,4167,7756,2367,4277,6644,662,2097,2759,57935,63331,121266
2020-10-23,8009,7353,15362,5217,5203,10420,9707,10091,19798,10206,10793,20999,7868,8478,16346,5927,6433,12360,4710,4810,9520,3623,4199,7822,2380,4302,6682,666,2115,2781,58313,63777,122090
2020-10-24,8040,7379,15419,5238,5224,10462,9756,10121,19877,10250,10842,21092,7903,8521,16424,5951,6466,12417,4731,4840,9571,3645,4223,7868,2387,4325,6712,668,2125,2793,58569,64066,122635
2020-10-25,8084,7410,15494,5263,5254,10517,9803,10172,19975,10293,10921,21214,7946,8561,16507,5977,6514,12491,4752,4871,9623,3665,4246,7911,2392,4338,6730,670,2127,2797,58845,64414,123259
2020-10-26,8142,7458,15600,5318,5303,10621,9876,10242,20118,10381,11018,21399,7995,8640,16635,6034,6586,12620,4794,4920,9714,3702,4293,7995,2403,4364,6767,671,2136,2807,59316,64960,124276
2020-10-27,8196,7513,15709,5361,5338,10699,9969,10332,20301,10459,11112,21571,8072,8717,16789,6091,6661,12752,4847,4985,9832,3733,4340,8073,2418,4392,6810,674,2142,2816,59820,65532,125352
2020-10-28,8247,7569,15816,5402,5382,10784,10039,10412,20451,10540,11213,21753,8122,8793,16915,6153,6727,12880,4890,5023,9913,3755,4373,8128,2429,4418,6847,677,2153,2830,60254,66063,126317
2020-10-29,8292,7611,15903,5438,5421,10859,10136,10495,20631,10625,11302,21927,8176,8874,17050,6201,6782,12983,4932,5065,9997,3776,4400,8176,2440,4443,6883,678,2160,2838,60694,66553,127247
2020-10-30,8340,7643,15983,5465,5464,10929,10189,10573,20762,10695,11386,22081,8239,8947,17186,6243,6839,13082,4975,5125,10100,3798,4432,8230,2459,4468,6927,682,2174,2856,61085,67051,128136
2020-10-31,8379,7668,16047,5484,5481,10965,10231,10608,20839,10738,11457,22195,8273,8991,17264,6271,6870,13141,5005,5165,10170,3820,4461,8281,2467,4483,6950,684,2183,2867,61352,67367,128719
2020-11-01,8435,7713,16148,5512,5515,11027,10288,10676,20964,10787,11521,22308,8320,9034,17354,6305,6911,13216,5028,5218,10246,3841,4487,8328,2475,4509,6984,687,2189,2876,61678,67773,129451
2020-11-02,8483,7771,16254,5555,5561,11116,10364,10760,21124,10875,11602,22477,8393,9112,17505,6352,6963,13315,5073,5270,10343,3875,4525,8400,2489,4527,7016,688,2199,2887,62147,68290,130437
2020-11-03,8518,7813,16331,5580,5598,11178,10421,10843,21264,10949,11675,22624,8451,9157,17608,6393,7005,13398,5111,5304,10415,3910,4560,8470,2505,4558,7063,689,2209,2898,62527,68722,131249
2020-11-04,8567,7860,16427,5618,5641,11259,10524,10940,21464,11029,11773,22802,8541,9242,17783,6453,7067,13520,5169,5360,10529,3949,4595,8544,2527,4593,7120,695,2222,2917,63072,69293,132365
2020-11-05,8632,7917,16549,5690,5701,11391,10640,11050,21690,11145,11880,23025,8631,9336,17967,6520,7142,13662,5210,5422,10632,3983,4630,8613,2545,4617,7162,699,2232,2931,63695,69927,133622
2020-11-06,8670,7960,16630,5725,5744,11469,10706,11110,21816,11194,11958,23152,8683,9382,18065,6565,7197,13762,5247,5472,10719,4015,4676,8691,2561,4647,7208,702,2239,2941,64068,70385,134453
2020-11-07,8709,8000,16709,5751,5777,11528,10753,11165,21918,11237,12021,23258,8734,9438,18172,6609,7245,13854,5294,5522,10816,4049,4704,8753,2582,4665,7247,708,2245,2953,64426,70782,135208
2020-11-08,8758,8056,16814,5777,5817,11594,10820,11232,22052,11299,12105,23404,8785,9492,18277,6647,7291,13938,5327,5569,10896,4072,4732,8804,2591,4680,7271,710,2250,2960,64786,71224,136010
2020-11-09,8836,8121,16957,5841,5861,11702,10890,11332,22222,11399,12219,23618,8867,9579,18446,6711,7359,14070,5377,5626,11003,4098,4778,8876,2617,4714,7331,714,2260,2974,65350,71849,137199
2020-11-10,8880,8163,17043,5885,5908,11793,10967,11398,22365,11485,12307,23792,8919,9632,18551,6757,7406,14163,5436,5670,11106,4129,4811,8940,2638,4742,7380,719,2272,2991,65815,72309,138124
2020-11-11,8944,8213,17157,5925,5953,11878,11059,11502,22561,11570,12398,23968,8998,9711,18709,6833,7471,14304,5476,5711,11187,4162,4848,9010,2658,4778,7436,724,2290,3014,66349,72875,139224
2020-11-12,9010,8272,17282,5963,5992,11955,11149,11592,22741,11688,12502,24190,9086,9796,18882,6895,7532,14427,5526,5775,11301,4196,4897,9093,2678,4815,7493,727,2301,3028,66918,73474,140392
2020-11-13,9068,8312,17380,6011,6038,12049,11244,11699,22943,11760,12600,24360,9156,9873,19029,6946,7589,14535,5584,5837,11421,4236,4943,9179,2697,4855,7552,732,2314,3046,67434,74060,141494
2020-11-14,9133,8371,17504,6042,6068,12110,11292,11761,23053,11829,12668,24497,9204,9930,19134,6990,7631,14621,5628,5865,11493,4264,4984,9248,2709,4875,7584,736,2317,3053,67827,74470,142297
2020-11-15,9194,8432,17626,6091,6097,12188,11353,11835,23188,11906,12733,24639,9262,9988,19250,7041,7681,14722,5678,5909,11587,4291,5020,9311,2719,4899,7618,736,2328,3064,68271,74922,143193
2020-11-16,9255,8491,17746,6155,6146,12301,11416,11898,23314,11988,12835,24823,9338,10056,19394,7081,7741,14822,5723,5952,11675,4325,5065,9390,2737,4924,7661,739,2342,3081,68757,75450,144207
2020-11-17,9316,8559,17875,6210,6195,12405,11510,12013,23523,12098,12950,25048,9418,10150,19568,7139,7813,14952,5790,6029,11819,4369,5118,9487,2755,4965,7720,744,2357,3101,69349,76149,145498
2020-11-18,9374,8613,17987,6280,6240,12520,11602,12113,23715,12205,13072,25277,9479,10228,19707,7194,7877,15071,5838,6077,11915,4415,5161,9576,2768,5007,7775,746,2363,3109,69901,76751,146652
2020-11-19,9442,8669,18111,6343,6292,12635,11695,12237,23932,12294,13186,25480,9551,10318,19869,7256,7940,15196,5879,6133,12012,4453,5194,9647,2790,5044,7834,749,2370,3119,70452,77383,147835
2020-11-20,9503,8720,18223,6383,6345,12728,11784,12330,24114,12383,13284,25667,9622,10410,20032,7305,8002,15307,5928,6175,12103,4484,5227,9711,2809,5075,7884,753,2382,3135,70954,77950,148904
2020-11-21,9553,8771,18324,6412,6387,12799,11840,12395,24235,12453,13347,25800,9675,10465,20140,7347,8050,15397,5966,6216,12182,4507,5249,9756,2819,5094,7913,756,2393,3149,71328,78367,149695
2020-11-22,9598,8807,18405,6441,6419,12860,11899,12443,24342,12504,13411,25915,9726,10511,20237,7379,8084,15463,5994,6259,12253,4530,5267,9797,2832,5116,7948,758,2402,3160,71661,78719,150380
2020-11-23,9655,8860,18515,6480,6463,12943,11956,12525,24481,12583,13476,26059,9781,10584,20365,7421,8133,15554,6030,6304,12334,4560,5298,9858,2851,5146,7997,763,2414,3177,72080,79203,151283
2020-11-24,9709,8927,18636,6532,6514,13046,12039,12631,24670,12689,13568,26257,9859,10655,20514,7484,8200,15684,6083,6368,12451,4601,5343,9944,2877,5180,8057,764,2422,3186,72637,79808,152445
2020-11-25,9773,8986,18759,6586,6567,13153,12133,12740,24873,12782,13670,26452,9929,10730,20659,7541,8250,15791,6135,6414,12549,4625,5388,10013,2896,5213,8109,770,2432,3202,73170,80390,153560
2020-11-26,9835,9049,18884,6647,6626,13273,12218,12841,25059,12883,13794,26677,9996,10812,20808,7599,8309,15908,6191,6466,12657,4663,5436,10099,2908,5241,8149,779,2442,3221,73719,81016,154735
2020-11-27,9885,9098,18983,6690,6663,13353,12303,12953,25256,12955,13882,26837,10054,10857,20911,7654,8363,16017,6235,6503,12738,4691,5471,10162,2922,5277,8199,783,2446,3229,74172,81513,155685
2020-11-28,9950,9136,19086,6729,6693,13422,12365,13025,25390,13005,13963,26968,10101,10921,21022,7706,8408,16114,6258,6532,12790,4715,5504,10219,2937,5302,8239,784,2453,3237,74550,81937,156487
2020-11-29,10007,9181,19188,6760,6729,13489,12437,13106,25543,13069,14057,27126,10171,10975,21146,7746,8454,16200,6307,6587,12894,4738,5539,10277,2952,5319,8271,785,2457,3242,74972,82404,157376
2020-11-30,10086,9243,19329,6831,6778,13609,12551,13230,25781,13181,14163,27344,10269,11077,21346,7812,8524,16336,6383,6665,13048,4796,5583,10379,2971,5352,8323,788,2466,3254,75668,83081,158749
2020-12-01,10132,9309,19441,6880,6835,13715,12669,13336,26005,13279,14280,27559,10349,11170,21519,7848,8578,16426,6451,6744,13195,4844,5634,10478,2999,5381,8380,792,2471,3263,76243,83738,159981
2020-12-02,10170,9343,19513,6922,6874,13796,12735,13419,26154,13347,14364,27711,10413,11237,21650,7884,8620,16504,6489,6775,13264,4874,5670,10544,3018,5399,8417,793,2479,3272,76645,84180,160825
2020-12-03,10217,9390,19607,6983,6925,13908,12832,13542,26374,13454,14488,27942,10498,11332,21830,7941,8679,16620,6547,6833,13380,4916,5707,10623,3033,5424,8457,795,2487,3282,77216,84807,162023
2020-12-04,10274,9445,19719,7042,6976,14018,12916,13633,26549,13546,14589,28135,10575,11428,22003,8007,8760,16767,6608,6912,13520,4967,5749,10716,3051,5459,8510,801,2496,3297,77787,85447,163234
2020-12-05,10324,9496,19820,7085,7020,14105,12997,13699,26696,13635,14672,28307,10636,11486,22122,8049,8799,16848,6646,6953,13599,4994,5775,10769,3059,5481,8540,806,2503,3309,78231,85884,164115
2020-12-06,10366,9546,19912,7122,7051,14173,13052,13760,26812,13690,14735,28425,10683,11544,22227,8079,8837,16916,6680,6997,13677,5021,5800,10821,3076,5498,8574,807,2509,3316,78576,86277,164853
2020-12-07,10401,9596,19997,7172,7091,14263,13135,13838,26973,13771,14811,28582,10734,11620,22354,8113,8877,16990,6712,7034,13746,5048,5829,10877,3091,5519,8610,810,2517,3327,78987,86732,165719
2020-12-08,10446,9646,20092,7200,7130,14330,13212,13923,27135,13840,14890,28730,10791,11675,22466,8164,8925,17089,6758,7080,13838,5069,5872,10941,3098,5540,8638,814,2523,3337,79392,87204,166596
2020-12-09,10508,9700,20208,7246,7189,14435,13326,14060,27386,13940,15007,28947,10884,11770,22654,8239,9013,17252,6841,7154,13995,5110,5931,11041,3118,5579,8697,816,2540,3356,80028,87943,167971
2020-12-10,10576,9749,20325,7312,7272,14584,13455,14203,27658,14065,15164,29229,10974,11882,22856,8322,9109,17431,6915,7227,14142,5151,5975,11126,3138,5628,8766,821,2550,3371,80729,88759,169488
2020-12-11,10638,9816,20454,7377,7335,14712,13602,14364,27966,14221,15338,29559,11089,11999,23088,8408,9220,17628,6996,7320,14316,5206,6038,11244,3158,5660,8818,823,2558,3381,81518,89648,171166
2020-12-12,10698,9869,20567,7431,7394,14825,13724,14504,28228,14342,15491,29833,11206,12123,23329,8496,9314,17810,7055,7412,14467,5241,6083,11324,3171,5686,8857,825,2568,3393,82189,90444,172633
2020-12-13,10759,9908,20667,7484,7452,14936,13814,14622,28436,14465,15622,30087,11301,12219,23520,8571,9407,17978,7115,7467,14582,5273,6115,11388,3187,5706,8893,831,2572,3403,82800,91090,173890
2020-12-14,10839,9967,20806,7557,7522,15079,13955,14775,28730,14623,15786,30409,11414,12348,23762,8666,9509,18175,7205,7561,14766,5329,6178,11507,3211,5739,8950,841,2585,3426,83640,91970,175610
2020-12-15,10899,10028,20927,7620,7590,15210,14075,14919,28994,14772,15937,30709,11526,12448,23974,8755,9623,18378,7293,7646,14939,5372,6224,11596,3223,5765,8988,844,2595,3439,84379,92775,177154
2020-12-16,10944,10087,21031,7704,7686,15390,14235,15103,29338,14956,16141,31097,11672,12597,24269,8864,9738,18602,7379,7741,15120,5425,6286,11711,3246,5790,9036,848,2605,3453,85273,93774,179047
2020-12-17,11021,10161,21182,7792,7779,15571,14387,15330,29717,15164,16383,31547,11837,12771,24608,9005,9856,18861,7449,7830,15279,5477,6332,11809,3258,5814,9072,850,2613,3463,86240,94869,181109
2020-12-18,11109,10226,21335,7888,7888,15776,14589,15570,30159,15390,16640,32030,12019,12963,24982,9151,10006,19157,7599,7962,15561,5552,6410,11962,3275,5860,9135,853,2620,3473,87425,96145,183570
2020-12-19,11176,10285,21461,7977,7965,15942,14732,15769,30501,15628,16902,32530,12169,13135,25304,9268,10124,19392,7694,8084,15778,5603,6477,12080,3289,5889,9178,856,2627,3483,88392,97257,185649
2020-12-20,11234,10358,21592,8068,8070,16138,14920,15956,30876,15871,17160,33031,12351,13325,25676,9413,10292,19705,7789,8187,15976,5661,6531,12192,3302,5905,9207,860,2635,3495,89469,98419,187888
2020-12-21,11319,10444,21763,8157,8170,16327,15149,16197,31346,16148,17482,33630,12557,13533,26090,9561,10470,20031,7941,8321,16262,5732,6609,12341,3315,5955,9270,865,2647,3512,90744,99828,190572
2020-12-22,11414,10540,21954,8295,8319,16614,15422,16516,31938,16460,17852,34312,12791,13775,26566,9731,10650,20381,8077,8474,16551,5808,6674,12482,3333,5988,9321,869,2654,3523,92200,101442,193642
2020-12-23,11525,10634,22159,8458,8479,16937,15735,16857,32592,16827,18231,35058,13049,14066,27115,9905,10827,20732,8205,8632,16837,5869,6747,12616,3360,6030,9390,876,2668,3544,93809,103171,196980
2020-12-24,11581,10689,22270,8547,8578,17125,15929,17045,32974,17066,18463,35529,13215,14221,27436,9992,10938,20930,8286,8730,17016,5924,6790,12714,3365,6053,9418,878,2674,3552,94783,104181,198964
2020-12-25,11618,10713,22331,8584,8614,17198,15994,17102,33096,17133,18550,35683,13273,14263,27536,10038,10984,21022,8310,8756,17066,5946,6803,12749,3370,6072,9442,883,2679,3562,95149,104536,199685
2020-12-26,11711,10787,22498,8766,8840,17606,16279,17452,33731,17521,18941,36462,13533,14587,28120,10261,11213,21474,8450,8912,17362,6029,6889,12918,3390,6107,9497,884,2692,3576,96824,106420,203244
2020-12-27,11769,10839,22608,9049,9123,18172,16656,17857,34513,18027,19480,37507,13929,15025,28954,10544,11538,22082,8652,9106,17758,6112,6987,13099,3416,6147,9563,887,2703,3590,99041,108805,207846
2020-12-28,11904,10947,22851,9372,9493,18865,17185,18527,35712,18741,20284,39025,14488,15617,30105,10894,11971,22865,8883,9399,18282,6219,7113,13332,3454,6200,9654,890,2723,3613,102030,112274,214304
2020-12-29,12006,11041,23047,9662,9844,19506,17711,19133,36844,19348,20933,40281,14990,16149,31139,11198,12327,23525,9111,9660,18771,6322,7233,13555,3489,6269,9758,897,2741,3638,104734,115330,220064
2020-12-30,12112,11128,23240,10019,10248,20267,18282,19748,38030,20017,21620,41637,15466,16722,32188,11539,12766,24305,9355,9913,19268,6429,7353,13782,3523,6330,9853,900,2758,3658,107642,118586,226228
2020-12-31,12187,11200,23387,10266,10510,20776,18674,20149,38823,20436,22108,42544,15810,17115,32925,11774,12987,24761,9468,10040,19508,6487,7425,13912,3543,6362,9905,901,2766,3667,109546,120662,230208
2021-01-01,12220,11225,23445,10318,10569,20887,18753,20258,39011,20533,22222,42755,15883,17200,33083,11832,13057,24889,9501,10072,19573,6509,7450,13959,3550,6378,9928,902,2770,3672,110001,121201,231202
2021-01-02,12302,11292,23594,10529,10826,21355,19102,20672,39774,20968,22706,43674,16211,17591,33802,12069,13344,25413,9724,10296,20020,6595,7555,14150,3570,6415,9985,908,2778,3686,111978,123475,235453
2021-01-03,12362,11361,23723,10849,11138,21987,19652,21337,40989,21693,23493,45186,16739,18197,34936,12408,13782,26190,9970,10578,20548,6692,7686,14378,3600,6460,10060,911,2789,3700,114876,126821,241697
2021-01-04,12454,11452,23906,11147,11443,22590,20390,22217,42607,22514,24394,46908,17313,18842,36155,12782,14245,27027,10234,10864,21098,6827,7820,14647,3640,6540,10180,917,2802,3719,118218,130619,248837
2021-01-05,12551,11554,24105,11497,11798,23295,21164,23140,44304,23324,25310,48634,17900,19504,37404,13186,14695,27881,10521,11237,21758,6960,7983,14943,3684,6616,10300,924,2815,3739,121711,134652,256363
2021-01-06,12652,11641,24293,11877,12176,24053,21931,23970,45901,24109,26156,50265,18525,20138,38663,13631,15183,28814,10830,11575,22405,7093,8153,15246,3720,6692,10412,928,2835,3763,125296,138519,263815
2021-01-07,12745,11724,24469,12157,12500,24657,22507,24675,47182,24721,26853,51574,18990,20630,39620,13942,15568,29510,11071,11866,22937,7200,8298,15498,3757,6755,10512,932,2849,3781,128022,141718,269740
2021-01-08,12847,11820,24667,12465,12827,25292,23099,25340,48439,25256,27547,52803,19387,21190,40577,14254,15936,30190,11257,12102,23359,7306,8430,15736,3797,6800,10597,938,2859,3797,130606,144851,275457
2021-01-09,12916,11895,24811,12729,13142,25871,23586,25946,49532,25842,28260,54102,19812,21706,41518,14555,16311,30866,11429,12359,23788,7391,8537,15928,3825,6853,10678,938,2873,3811,133023,147882,280905
2021-01-10,12993,11974,24967,13046,13502,26548,24088,26569,50657,26397,28931,55328,20245,22219,42464,14841,16653,31494,11609,12555,24164,7455,8639,16094,3843,6900,10743,942,2899,3841,135459,150841,286300
2021-01-11,13092,12045,25137,13387,13893,27280,24764,27399,52163,27134,29778,56912,20721,22817,43538,15184,17078,32262,11829,12817,24646,7555,8751,16306,3875,6964,10839,947,2923,3870,138488,154465,292953
2021-01-12,13207,12118,25325,13691,14243,27934,25305,28093,53398,27643,30441,58084,21145,23310,44455,15495,17504,32999,12055,13028,25083,7643,8858,16501,3912,7007,10919,952,2934,3886,141048,157536,298584
2021-01-13,13339,12230,25569,14023,14652,28675,25947,28862,54809,28242,31154,59396,21645,23867,45512,15831,17926,33757,12316,13326,25642,7742,8978,16720,3936,7065,11001,958,2940,3898,143979,161000,304979
2021-01-14,13441,12338,25779,14380,15082,29462,26510,29594,56104,28838,31864,60702,22080,24417,46497,16187,18354,34541,12540,13580,26120,7831,9089,16920,3959,7114,11073,962,2954,3916,146728,164386,311114
2021-01-15,13563,12435,25998,14938,15699,30637,27194,30485,57679,29749,32882,62631,22755,25236,47991,16699,18963,35662,12805,13899,26704,7939,9235,17174,3988,7168,11156,967,2963,3930,150597,168965,319562
2021-01-16,13630,12488,26118,15594,16359,31953,27814,31287,59101,30540,33841,64381,23516,26109,49625,17205,19492,36697,13094,14234,27328,8085,9368,17453,4015,7212,11227,969,2972,3941,154462,173362,327824
2021-01-17,13702,12536,26238,16126,16969,33095,28438,32122,60560,31304,34729,66033,24261,26974,51235,17686,20003,37689,13329,14484,27813,8180,9477,17657,4035,7245,11280,971,2977,3948,158032,177516,335548
2021-01-18,13802,12635,26437,16757,17632,34389,29234,33086,62320,32227,35777,68004,25121,27906,53027,18287,20648,38935,13690,14886,28576,8330,9637,17967,4077,7323,11400,976,3002,3978,162501,182532,345033
2021-01-19,13912,12729,26641,17361,18266,35627,29976,33984,63960,33136,36768,69904,25920,28803,54723,18842,21292,40134,14059,15284,29343,8475,9819,18294,4107,7390,11497,983,3016,3999,166771,187351,354122
2021-01-20,14021,12823,26844,17916,18858,36774,30647,34775,65422,33944,37646,71590,26633,29569,56202,19372,21901,41273,14434,15674,30108,8651,10007,18658,4142,7449,11591,990,3033,4023,170750,191735,362485
2021-01-21,14141,12911,27052,18312,19350,37662,31289,35467,66756,34557,38376,72933,27138,30224,57362,19736,22423,42159,14708,15946,30654,8761,10134,18895,4185,7514,11699,998,3058,4056,173825,195403,369228
2021-01-22,14232,13003,27235,18766,19805,38571,31787,36109,67896,35077,39033,74110,27645,30832,58477,20089,22834,42923,14953,16223,31176,8867,10262,19129,4211,7566,11777,1005,3064,4069,176632,198731,375363
2021-01-23,14285,13054,27339,19235,20302,39537,32329,36791,69120,35641,39690,75331,28146,31380,59526,20471,23292,43763,15131,16446,31577,8925,10340,19265,4232,7606,11838,1007,3070,4077,179402,201971,381373
2021-01-24,14353,13110,27463,19810,20895,40705,32932,37474,70406,36231,40418,76649,28787,32065,60852,20911,23762,44673,15352,16675,32027,9010,10449,19459,4262,7645,11907,1009,3076,4085,182657,205569,388226
2021-01-25,14445,13217,27662,20497,21565,42062,33764,38400,72164,37033,41343,78376,29505,32900,62405,21383,24345,45728,15638,16986,32624,9153,10605,19758,4305,7719,12024,1018,3097,4115,186741,210177,396918
2021-01-26,14569,13312,27881,21070,22155,43225,34433,39130,73563,37686,42055,79741,30115,33577,63692,21830,24866,46696,15910,17317,33227,9286,10756,20042,4342,7790,12132,1022,3113,4135,190263,214071,404334
2021-01-27,14688,13413,28101,21551,22652,44203,35011,39835,74846,38296,42794,81090,30644,34232,64876,22233,25345,47578,16154,17583,33737,9386,10871,20257,4379,7852,12231,1024,3134,4158,193366,217711,411077
2021-01-28,14781,13500,28281,21974,23108,45082,35512,40442,75954,38819,43407,82226,31073,34770,65843,22569,25742,48311,16392,17846,34238,9507,11006,20513,4415,7906,12321,1029,3151,4180,196071,220878,416949
2021-01-29,14858,13603,28461,22583,23710,46293,36161,41207,77368,39551,44263,83814,31722,35549,67271,23085,26309,49394,16694,18183,34877,9627,11174,20801,4442,7973,12415,1033,3161,4194,199756,225132,424888
2021-01-30,14926,13658,28584,23394,24564,47958,36757,41983,78740,40349,45205,85554,32584,36576,69160,23674,26952,50626,16998,18567,35565,9754,11336,21090,4474,8024,12498,1035,3171,4206,203945,230036,433981
2021-01-31,14987,13722,28709,24616,25866,50482,37574,42938,80512,41325,46424,87749,33842,38058,71900,24468,27833,52301,17345,18946,36291,9880,11489,21369,4503,8078,12581,1037,3186,4223,209577,236540,446117
2021-02-01,15081,13802,28883,25629,27013,52642,38290,43903,82193,42292,47578,89870,34937,39390,74327,25250,28664,53914,17750,19422,37172,10020,11698,21718,4549,8132,12681,1039,3197,4236,214837,242799,457636
2021-02-02,15173,13889,29062,26452,27959,54411,38980,44741,83721,43222,48674,91896,35987,40615,76602,25958,29466,55424,18197,19879,38076,10240,11942,22182,4599,8208,12807,1043,3210,4253,219851,248583,468434
2021-02-03,15242,13984,29226,27132,28620,55752,39607,45508,85115,43989,49593,93582,36766,41514,78280,26497,30150,56647,18595,20291,38886,10422,12158,22580,4644,8286,12930,1049,3225,4274,223943,253329,477272
2021-02-04,15318,14063,29381,27530,29033,56563,40084,46124,86208,44539,50244,94783,37234,42192,79426,26894,30635,57529,18833,20595,39428,10543,12316,22859,4673,8333,13006,1054,3245,4299,226702,256780,483482
2021-02-05,15402,14143,29545,27889,29409,57298,40534,46693,87227,45021,50853,95874,37682,42712,80394,27237,31037,58274,19071,20875,39946,10657,12457,23114,4690,8387,13077,1055,3255,4310,229238,259821,489059
2021-02-06,15459,14192,29651,28273,29876,58149,40951,47227,88178,45516,51526,97042,38156,43306,81462,27622,31494,59116,19284,21108,40392,10750,12577,23327,4715,8435,13150,1056,3262,4318,231782,263003,494785
2021-02-07,15516,14256,29772,28703,30336,59039,41367,47776,89143,46046,52186,98232,38652,43949,82601,27993,31941,59934,19471,21312,40783,10840,12682,23522,4735,8466,13201,1063,3267,4330,234386,266171,500557
2021-02-08,15617,14341,29958,29280,31038,60318,42009,48548,90557,46824,53201,100025,39443,44944,84387,28443,32545,60988,19757,21653,41410,10970,12830,23800,4769,8539,13308,1067,3288,4355,238179,270927,509106
2021-02-09,15715,14408,30123,29776,31590,61366,42562,49235,91797,47567,54073,101640,40100,45784,85884,28913,33141,62054,20076,21997,42073,11117,12995,24112,4808,8604,13412,1072,3305,4377,241706,275132,516838
2021-02-10,15799,14474,30273,30156,31978,62134,43004,49829,92833,48172,54823,102995,40679,46513,87192,29265,33616,62881,20319,22289,42608,11248,13136,24384,4842,8657,13499,1072,3317,4389,244556,278632,523188
2021-02-11,15877,14536,30413,30471,32371,62842,43410,50395,93805,48764,55526,104290,41195,47206,88401,29564,34101,63665,20560,22557,43117,11356,13270,24626,4875,8712,13587,1076,3328,4404,247148,282002,529150
2021-02-12,15961,14610,30571,30841,32797,63638,43830,50902,94732,49354,56265,105619,41737,47920,89657,29907,34586,64493,20781,22847,43628,11468,13413,24881,4910,8769,13679,1079,3343,4422,249868,285452,535320
2021-02-13,16018,14653,30671,31320,33352,64672,44256,51419,95675,50028,57116,107144,42373,48824,91197,30306,35075,65381,21007,23112,44119,11548,13524,25072,4935,8809,13744,1084,3354,4438,252875,289238,542113
2021-02-14,16067,14694,30761,31824,33912,65736,44599,51938,96537,50693,57987,108680,43129,49725,92854,30705,35596,66301,21252,23387,44639,11656,13656,25312,4953,8837,13790,1087,3367,4454,255965,293099,549064
2021-02-15,16108,14757,30865,32453,34598,67051,45134,52630,97764,51514,59039,110553,44054,50803,94857,31246,36219,67465,21507,23694,45201,11755,13798,25553,4978,8904,13882,1089,3380,4469,259838,297822,557660
2021-02-16,16165,14798,30963,33115,35232,68347,45815,53615,99430,52527,60223,112750,44982,51933,96915,31747,36778,68525,21765,23953,45718,11850,13941,25791,4998,8943,13941,1097,3385,4482,264061,302801,566862
2021-02-17,16249,14891,31140,33578,35750,69328,46677,54679,101356,53356,61217,114573,45667,52708,98375,32189,37321,69510,22103,24340,46443,11988,14117,26105,5028,9015,14043,1104,3405,4509,267939,307443,575382
2021-02-18,16325,14962,31287,33953,36182,70135,47334,55536,102870,54118,62116,116234,46262,53450,99712,32638,37810,70448,22387,24682,47069,12141,14289,26430,5064,9074,14138,1108,3419,4527,271330,311520,582850
2021-02-19,16418,15029,31447,34293,36651,70944,47929,56267,104196,54796,62985,117781,46827,54174,101001,33045,38330,71375,22659,25010,47669,12274,14465,26739,5099,9127,14226,1112,3432,4544,274452,315470,589922
2021-02-20,16488,15082,31570,34599,37042,71641,48435,56902,105337,55349,63768,119117,47333,54817,102150,33402,38830,72232,22865,25305,48170,12365,14578,26943,5124,9167,14291,1116,3437,4553,277076,318928,596004
2021-02-21,16568,15132,31700,34900,37436,72336,48912,57570,106482,55955,64515,120470,47844,55457,103301,33732,39253,72985,23100,25579,48679,12452,14701,27153,5150,9201,14351,1121,3448,4569,279734,322292,602026
2021-02-22,16675,15246,31921,35217,37864,73081,49492,58360,107852,56638,65378,122016,48395,56150,104545,34128,39735,73863,23372,25909,49281,12581,14840,27421,5197,9251,14448,1124,3458,4582,282819,326191,609010
2021-02-23,16785,15335,32120,35506,38183,73689,50016,59005,109021,57196,66112,123308,48855,56730,105585,34485,40200,74685,23646,26222,49868,12702,14998,27700,5232,9312,14544,1133,3476,4609,285556,329573,615129
2021-02-24,16873,15451,32324,35785,38509,74294,50431,59511,109942,57703,66707,124410,49227,57226,106453,34794,40579,75373,23880,26492,50372,12819,15132,27951,5262,9358,14620,1136,3487,4623,287910,332452,620362
2021-02-25,17001,15569,32570,35994,38764,74758,50852,59989,110841,58139,67195,125334,49572,57648,107220,35065,40919,75984,24071,26736,50807,12913,15260,28173,5290,9406,14696,1140,3501,4641,290037,334987,625024
2021-02-26,17104,15675,32779,36192,39022,75214,51248,60513,111761,58626,67726,126352,49910,58110,108020,35355,41274,76629,24289,27042,51331,13020,15393,28413,5318,9454,14772,1142,3520,4662,292204,337729,629933
2021-02-27,17175,15745,32920,36426,39348,75774,51649,61060,112709,59165,68344,127509,50269,58576,108845,35697,41695,77392,24554,27362,51916,13127,15531,28658,5346,9508,14854,1144,3528,4672,294552,340697,635249
2021-02-28,17257,15821,33078,36768,39746,76514,52124,61677,113801,59850,69186,129036,50804,59250,110054,36151,42264,78415,24891,27744,52635,13283,15711,28994,5378,9558,14936,1147,3536,4683,297653,344493,642146
2021-03-01,17415,15952,33367,36998,40029,77027,52542,62154,114696,60340,69713,130053,51156,59688,110844,36408,42611,79019,25118,28007,53125,13376,15858,29234,5404,9620,15024,1153,3556,4709,299910,347188,647098
2021-03-02,17587,16100,33687,37245,40312,77557,52944,62616,115560,60753,70228,130981,51513,60092,111605,36658,42975,79633,25288,28255,53543,13472,15951,29423,5443,9676,15119,1156,3564,4720,302059,349769,651828
2021-03-03,17746,16226,33972,37430,40556,77986,53245,63054,116299,61133,70670,131803,51799,60444,112243,36912,43308,80220,25528,28537,54065,13580,16085,29665,5469,9719,15188,1157,3576,4733,303999,352175,656174
2021-03-04,17887,16357,34244,37615,40782,78397,53534,63408,116942,61486,71089,132575,52060,60770,112830,37122,43628,80750,25729,28832,54561,13690,16234,29924,5497,9766,15263,1163,3596,4759,305783,354462,660245
2021-03-05,18025,16485,34510,37823,41001,78824,53849,63843,117692,61869,71530,133399,52316,61097,113413,37369,43943,81312,25949,29068,55017,13793,16359,30152,5524,9813,15337,1163,3605,4768,307680,356744,664424
2021-03-06,18117,16569,34686,37950,41163,79113,54126,64171,118297,62200,71910,134110,52548,61381,113929,37541,44182,81723,26081,29234,55315,13862,16454,30316,5548,9844,15392,1165,3613,4778,309138,358521,667659
2021-03-07,18213,16658,34871,38106,41343,79449,54394,64537,118931,62549,72322,134871,52746,61689,114435,37743,44488,82231,26282,29458,55740,13942,16549,30491,5570,9886,15456,1169,3617,4786,310714,360547,671261
2021-03-08,18387,16812,35199,38302,41607,79909,54731,64998,119729,62964,72816,135780,53084,62058,115142,38035,44871,82906,26548,29733,56281,14063,16670,30733,5596,9937,15533,1172,3630,4802,312882,363132,676014
2021-03-09,18584,16998,35582,38500,41817,80317,55073,65387,120460,63378,73288,136666,53399,62419,115818,38305,45229,83534,26794,30092,56886,14214,16817,31031,5625,9986,15611,1176,3643,4819,315048,365676,680724
2021-03-10,18804,17188,35992,38711,42059,80770,55380,65758,121138,63788,73750,137538,53670,62771,116441,38547,45571,84118,27039,30351,57390,14328,16963,31291,5657,10037,15694,1179,3654,4833,317103,368102,685205
2021-03-11,18982,17381,36363,38871,42249,81120,55655,66130,121785,64078,74131,138209,53887,63060,116947,38724,45817,84541,27196,30587,57783,14423,17069,31492,5687,10074,15761,1182,3669,4851,318685,370167,688852
2021-03-12,19209,17596,36805,39067,42499,81566,55964,66541,122505,64459,74595,139054,54167,63406,117573,38935,46139,85074,27404,30875,58279,14530,17193,31723,5719,10129,15848,1185,3681,4866,320639,372654,693293
2021-03-13,19345,17724,37069,39210,42685,81895,56268,66918,123186,64830,74992,139822,54417,63696,118113,39133,46459,85592,27614,31122,58736,14614,17293,31907,5738,10172,15910,1190,3685,4875,322359,374746,697105
2021-03-14,19480,17895,37375,39366,42852,82218,56525,67326,123851,65225,75449,140674,54657,64023,118680,39401,46797,86198,27828,31402,59230,14707,17418,32125,5759,10213,15972,1195,3696,4891,324143,377071,701214
2021-03-15,19747,18133,37880,39590,43104,82694,56873,67824,124697,65661,75967,141628,54987,64460,119447,39698,47187,86885,28098,31706,59804,14824,17598,32422,5786,10271,16057,1199,3710,4909,326463,379960,706423
2021-03-16,19993,18372,38365,39801,43363,83164,57177,68233,125410,66083,76443,142526,55273,64775,120048,39966,47518,87484,28330,31991,60321,14933,17732,32665,5812,10329,16141,1205,3727,4932,328573,382483,711056
2021-03-17,20191,18540,38731,39998,43600,83598,57478,68636,126114,66420,76824,143244,55523,65072,120595,40195,47813,88008,28546,32256,60802,15023,17864,32887,5840,10374,16214,1208,3740,4948,330422,384719,715141
2021-03-18,20365,18701,39066,40159,43795,83954,57746,68969,126715,66745,77167,143912,55759,65337,121096,40366,48049,88415,28710,32459,61169,15116,17975,33091,5856,10417,16273,1211,3749,4960,332033,386618,718651
2021-03-19,20548,18896,39444,40383,44018,84401,58030,69350,127380,67067,77574,144641,55999,65647,121646,40559,48325,88884,28889,32686,61575,15199,18070,33269,5878,10452,16330,1217,3759,4976,333769,388777,722546
2021-03-20,20640,18985,39625,40523,44187,84710,58269,69634,127903,67362,77915,145277,56216,65915,122131,40744,48559,89303,29049,32855,61904,15282,18156,33438,5896,10484,16380,1226,3766,4992,335207,390456,725663
2021-03-21,20768,19101,39869,40651,44339,84990,58535,69938,128473,67708,78278,145986,56415,66159,122574,40943,48830,89773,29206,33066,62272,15340,18241,33581,5916,10515,16431,1229,3776,5005,336711,392243,728954
2021-03-22,20973,19313,40286,40880,44546,85426,58853,70366,129219,68102,78714,146816,56701,66480,123181,41210,49179,90389,29401,33313,62714,15442,18365,33807,5943,10577,16520,1232,3799,5031,338737,394652,733389
2021-03-23,21172,19500,40672,41085,44782,85867,59146,70743,129889,68448,79142,147590,56969,66757,123726,41438,49451,90889,29614,33587,63201,15557,18503,34060,5971,10611,16582,1233,3816,5049,340633,396892,737525
2021-03-24,21308,19632,40940,41268,44954,86222,59369,71015,130384,68735,79476,148211,57159,67020,124179,41601,49672,91273,29734,33737,63471,15625,18602,34227,5987,10650,16637,1234,3822,5056,342020,398580,740600
2021-03-25,21464,19782,41246,41460,45191,86651,59622,71377,130999,69074,79862,148936,57435,67365,124800,41805,49910,91715,29886,33933,63819,15712,18703,34415,6015,10688,16703,1237,3824,5061,343710,400635,744345
2021-03-26,21660,19969,41629,41684,45463,87147,59916,71766,131682,69450,80276,149726,57689,67727,125416,41993,50193,92186,30048,34156,64204,15812,18824,34636,6047,10736,16783,1240,3841,5081,345539,402951,748490
2021-03-27,21805,20096,41901,41811,45620,87431,60174,72064,132238,69785,80658,150443,57922,68017,125939,42182,50465,92647,30226,34351,64577,15885,18921,34806,6067,10780,16847,1245,3847,5092,347102,404819,751921
2021-03-28,21918,20199,42117,41935,45790,87725,60388,72364,132752,70091,81039,151130,58164,68283,126447,42356,50724,93080,30377,34544,64921,15940,18979,34919,6088,10813,16901,1248,3855,5103,348505,406590,755095
2021-03-29,22104,20384,42488,42190,46013,88203,60674,72749,133423,70452,81454,151906,58424,68635,127059,42589,51000,93589,30539,34776,65315,16008,19049,35057,6107,10854,16961,1249,3863,5112,350336,408777,759113
2021-03-30,22281,20553,42834,42404,46249,88653,60927,73088,134015,70785,81836,152621,58657,68934,127591,42794,51248,94042,30693,34974,65667,16070,19128,35198,6131,10887,17018,1254,3870,5124,351996,410767,762763
2021-03-31,22431,20685,43116,42572,46415,88987,61202,73421,134623,71100,82227,153327,58877,69247,128124,42944,51462,94406,30783,35103,65886,16107,19181,35288,6152,10913,17065,1255,3880,5135,353423,412534,765957
2021-04-01,22551,20838,43389,42764,46616,89380,61506,73771,135277,71438,82599,154037,59097,69540,128637,43133,51703,94836,30923,35269,66192,16165,19271,35436,6167,10935,17102,1258,3891,5149,355002,414433,769435
2021-04-02,22696,20942,43638,42932,46821,89753,61770,74073,135843,71761,82921,154682,59323,69812,129135,43297,51949,95246,31048,35394,66442,16219,19322,35541,6186,10952,17138,1260,3899,5159,356492,416085,772577
2021-04-03,22807,21051,43858,43102,47036,90138,62052,74375,136427,72076,83288,155364,59554,70135,129689,43474,52169,95643,31186,35538,66724,16266,19398,35664,6208,10993,17201,1264,3908,5172,357989,417891,775880
2021-04-04,22961,21174,44135,43414,47369,90783,62434,74875,137309,72534,83875,156409,59909,70601,130510,43695,52461,96156,31310,35712,67022,16318,19464,35782,6225,11029,17254,1265,3917,5182,360065,420477,780542
2021-04-05,23139,21376,44515,43827,47811,91638,62931,75477,138408,73098,84491,157589,60346,71161,131507,43983,52820,96803,31474,35933,67407,16399,19558,35957,6248,11075,17323,1269,3928,5197,362714,423630,786344
2021-04-06,23347,21595,44942,44149,48169,92318,63474,76014,139488,73673,85146,158819,60752,71635,132387,44270,53175,97445,31666,36221,67887,16502,19686,36188,6276,11125,17401,1272,3943,5215,365381,426709,792090
2021-04-07,23557,21813,45370,44512,48538,93050,63982,76598,140580,74166,85763,159929,61192,72126,133318,44550,53583,98133,31851,36486,68337,16589,19802,36391,6293,11173,17466,1274,3957,5231,367966,429839,797805
2021-04-08,23758,21984,45742,44786,48831,93617,64376,77128,141504,74634,86365,160999,61543,72536,134079,44793,53937,98730,32016,36701,68717,16662,19915,36577,6317,11218,17535,1276,3970,5246,370161,432585,802746
2021-04-09,23915,22137,46052,44993,49086,94079,64638,77494,142132,74946,86716,161662,61801,72833,134634,44959,54175,99134,32139,36845,68984,16720,19985,36705,6326,11250,17576,1279,3978,5257,371716,434499,806215
2021-04-10,24035,22249,46284,45192,49324,94516,64960,77858,142818,75322,87108,162430,62045,73138,135183,45128,54418,99546,32256,36991,69247,16753,20033,36786,6332,11269,17601,1282,3981,5263,373305,436369,809674
2021-04-11,24137,22361,46498,45369,49532,94901,65189,78137,143326,75630,87479,163109,62300,73439,135739,45301,54631,99932,32377,37120,69497,16787,20077,36864,6346,11297,17643,1284,3987,5271,374720,438060,812780
2021-04-12,24319,22534,46853,45625,49763,95388,65506,78535,144041,75992,87911,163903,62617,73842,136459,45528,54947,100475,32528,37304,69832,16839,20162,37001,6365,11338,17703,1289,3998,5287,376608,440334,816942
2021-04-13,24500,22664,47164,45826,49954,95780,65817,78910,144727,76386,88352,164738,62908,74204,137112,45753,55223,100976,32639,37424,70063,16898,20213,37111,6382,11362,17744,1293,4007,5300,378402,442313,820715
2021-04-14,24668,22796,47464,46000,50119,96119,66010,79136,145146,76618,88614,165232,63075,74430,137505,45886,55417,101303,32793,37567,70360,16954,20301,37255,6405,11392,17797,1298,4014,5312,379707,443786,823493
2021-04-15,24851,22972,47823,46216,50391,96607,66355,79549,145904,76993,89091,166084,63427,74876,138303,46140,55756,101896,32947,37745,70692,17003,20381,37384,6423,11431,17854,1300,4024,5324,381655,446216,827871
2021-04-16,25035,23151,48186,46427,50622,97049,66732,79985,146717,77429,89596,167025,63762,75283,139045,46398,56093,102491,33133,37970,71103,17058,20463,37521,6436,11463,17899,1306,4034,5340,383716,448660,832376
2021-04-17,25193,23283,48476,46619,50795,97414,67006,80297,147303,77816,89967,167783,64040,75618,139658,46597,56339,102936,33257,38133,71390,17114,20546,37660,6454,11515,17969,1311,4042,5353,385407,450535,835942
2021-04-18,25295,23419,48714,46758,50945,97703,67262,80582,147844,78116,90340,168456,64318,75903,140221,46792,56558,103350,33397,38289,71686,17164,20607,37771,6481,11546,18027,1313,4050,5363,386896,452239,839135
2021-04-19,25510,23583,49093,46986,51194,98180,67615,80993,148608,78536,90796,169332,64677,76273,140950,47042,56876,103918,33565,38508,72073,17221,20697,37918,6497,11600,18097,1317,4068,5385,388966,454588,843554
2021-04-20,25707,23803,49510,47184,51397,98581,67916,81372,149288,78871,91212,170083,64969,76635,141604,47265,57145,104410,33745,38745,72490,17293,20783,38076,6532,11631,18163,1321,4075,5396,390803,456798,847601
2021-04-21,25878,23945,49823,47331,51548,98879,68164,81659,149823,79141,91553,170694,65217,76938,142155,47433,57392,104825,33870,38916,72786,17350,20855,38205,6550,11675,18225,1322,4083,5405,392256,458564,850820
2021-04-22,26062,24125,50187,47551,51767,99318,68445,82007,150452,79486,92006,171492,65545,77333,142878,47661,57661,105322,34022,39116,73138,17411,20948,38359,6568,11727,18295,1324,4094,5418,394075,460784,854859
2021-04-23,26231,24293,50524,47764,51980,99744,68749,82378,151127,79855,92457,172312,65869,77716,143585,47890,57976,105866,34179,39311,73490,17483,21038,38521,6601,11769,18370,1329,4107,5436,395950,463025,858975
2021-04-24,26323,24368,50691,47839,52044,99883,68830,82500,151330,79963,92580,172543,65975,77840,143815,47953,58062,106015,34224,39370,73594,17517,21082,38599,6610,11798,18408,1335,4123,5458,396569,463767,860336
2021-04-25,26457,24494,50951,47978,52196,100174,69033,82741,151774,80213,92875,173088,66219,78116,144335,48137,58288,106425,34346,39496,73842,17573,21133,38706,6620,11833,18453,1335,4129,5464,397911,465301,863212
2021-04-26,26664,24683,51347,48176,52423,100599,69325,83066,152391,80556,93248,173804,66506,78459,144965,48391,58583,106974,34503,39672,74175,17658,21248,38906,6635,11873,18508,1339,4139,5478,399753,467394,867147
2021-04-27,26842,24838,51680,48370,52627,100997,69618,83428,153046,80876,93626,174502,66770,78745,145515,48606,58824,107430,34636,39835,74471,17721,21344,39065,6654,11917,18571,1343,4145,5488,401436,469329,870765
2021-04-28,27012,25002,52014,48560,52817,101377,69871,83722,153593,81208,93986,175194,67026,79065,146091,48794,59076,107870,34758,39991,74749,17783,21420,39203,6671,11950,18621,1349,4152,5501,403032,471181,874213
2021-04-29,27229,25186,52415,48807,53044,101851,70171,84098,154269,81589,94445,176034,67367,79488,146855,49051,59389,108440,34912,40217,75129,17891,21546,39437,6708,12009,18717,1352,4169,5521,405077,473591,878668
2021-04-30,27397,25333,52730,48951,53176,102127,70320,84322,154642,81811,94706,176517,67533,79732,147265,49213,59590,108803,35022,40375,75397,17962,21636,39598,6734,12052,18786,1354,4183,5537,406297,475105,881402
2021-05-01,27525,25442,52967,49098,53284,102382,70502,84539,155041,82037,94979,177016,67731,79985,147716,49359,59780,109139,35126,40483,75609,18009,21698,39707,6750,12095,18845,1355,4188,5543,407492,476473,883965
2021-05-02,27645,25545,53190,49213,53407,102620,70657,84731,155388,82267,95239,177506,67906,80238,148144,49506,59947,109453,35231,40649,75880,18066,21773,39839,6772,12124,18896,1359,4203,5562,408622,477856,886478
2021-05-03,27889,25766,53655,49396,53598,102994,70993,85065,156058,82630,95670,178300,68238,80594,148832,49755,60303,110058,35423,40928,76351,18170,21898,40068,6793,12188,18981,1363,4218,5581,410650,480228,890878
2021-05-04,28076,25981,54057,49578,53796,103374,71294,85371,156665,82998,96049,179047,68548,80946,149494,49978,60604,110582,35590,41156,76746,18279,22025,40304,6818,12230,19048,1364,4232,5596,412523,482390,894913
2021-05-05,28288,26170,54458,49741,53966,103707,71572,85699,157271,83323,96396,179719,68826,81250,150076,50178,60858,111036,35738,41312,77050,18359,22121,40480,6853,12282,19135,1370,4244,5614,414248,484298,898546
2021-05-06,28459,26374,54833,49960,54188,104148,71849,85992,157841,83626,96763,180389,69134,81570,150704,50414,61137,111551,35879,41495,77374,18428,22223,40651,6881,12332,19213,1373,4262,5635,416003,486336,902339
2021-05-07,28670,26551,55221,50176,54421,104597,72132,86338,158470,83930,97184,181114,69436,81903,151339,50596,61403,111999,36046,41692,77738,18510,22334,40844,6902,12372,19274,1375,4271,5646,417773,488469,906242
2021-05-08,28791,26663,55454,50268,54509,104777,72299,86520,158819,84128,97389,181517,69562,82058,151620,50721,61560,112281,36117,41773,77890,18547,22379,40926,6921,12399,19320,1376,4282,5658,418730,489532,908262
2021-05-09,28942,26790,55732,50369,54622,104991,72435,86689,159124,84302,97581,181883,69728,82242,151970,50820,61703,112523,36212,41867,78079,18601,22448,41049,6947,12428,19375,1380,4285,5665,419736,490655,910391
2021-05-10,29143,26971,56114,50531,54802,105333,72736,86987,159723,84630,97933,182563,70017,82578,152595,51032,61946,112978,36365,42068,78433,18687,22568,41255,6983,12478,19461,1381,4291,5672,421505,492622,914127
2021-05-11,29336,27124,56460,50682,54961,105643,72960,87218,160178,84892,98198,183090,70235,82811,153046,51204,62140,113344,36507,42240,78747,18770,22668,41438,7005,12510,19515,1384,4298,5682,422975,494168,917143
2021-05-12,29519,27286,56805,50823,55100,105923,73160,87467,160627,85142,98469,183611,70456,83054,153510,51368,62350,113718,36626,42394,79020,18834,22746,41580,7028,12546,19574,1387,4308,5695,424343,495720,920063
2021-05-13,29710,27431,57141,50941,55239,106180,73340,87723,161063,85383,98764,184147,70684,83296,153980,51513,62552,114065,36736,42533,79269,18889,22834,41723,7049,12587,19636,1389,4314,5703,425634,497273,922907
2021-05-14,29921,27649,57570,51108,55449,106557,73632,88028,161660,85744,99151,184895,70973,83631,154604,51732,62829,114561,36884,42719,79603,18956,22931,41887,7081,12626,19707,1391,4322,5713,427422,499335,926757
2021-05-15,30064,27786,57850,51238,55583,106821,73804,88250,162054,85980,99433,185413,71185,83886,155071,51886,62985,114871,36982,42839,79821,19004,22985,41989,7101,12663,19764,1394,4333,5727,428638,500743,929381
2021-05-16,30194,27919,58113,51333,55706,107039,73954,88417,162371,86150,99668,185818,71350,84085,155435,52028,63151,115179,37075,42949,80024,19045,23047,42092,7117,12690,19807,1395,4344,5739,429641,501976,931617
2021-05-17,30475,28192,58667,51572,55948,107520,74301,88792,163093,86572,100135,186707,71699,84526,156225,52307,63492,115799,37250,43178,80428,19168,23196,42364,7161,12762,19923,1398,4360,5758,431903,504581,936484
2021-05-18,30726,28445,59171,51808,56187,107995,74652,89149,163801,86979,100590,187569,72080,84931,157011,52568,63776,116344,37405,43397,80802,19274,23308,42582,7200,12810,20010,1402,4369,5771,434094,506962,941056
2021-05-19,30989,28672,59661,52045,56430,108475,75008,89558,164566,87433,101067,188500,72458,85341,157799,52835,64091,116926,37595,43620,81215,19359,23422,42781,7235,12859,20094,1406,4386,5792,436363,509446,945809
2021-05-20,31266,28940,60206,52315,56722,109037,75441,90012,165453,87917,101538,189455,72850,85799,158649,53113,64429,117542,37795,43835,81630,19450,23549,42999,7268,12903,20171,1408,4405,5813,438823,512132,950955
2021-05-21,31450,29121,60571,52532,56932,109464,75774,90442,166216,88297,102017,190314,73180,86215,159395,53368,64744,118112,37936,44051,81987,19547,23640,43187,7298,12969,20267,1410,4421,5831,440792,514552,955344
2021-05-22,31558,29227,60785,52636,57048,109684,75964,90658,166622,88537,102274,190811,73374,86418,159792,53535,64917,118452,38016,44138,82154,19585,23691,43276,7312,13013,20325,1412,4431,5843,441929,515815,957744
2021-05-23,31678,29326,61004,52723,57158,109881,76117,90828,166945,88733,102461,191194,73548,86577,160125,53645,65063,118708,38087,44244,82331,19624,23738,43362,7325,13059,20384,1421,4447,5868,442901,516901,959802
2021-05-24,31813,29455,61268,52886,57328,110214,76385,91093,167478,89037,102780,191817,73808,86911,160719,53871,65335,119206,38234,44442,82676,19723,23857,43580,7346,13110,20456,1425,4456,5881,444528,518767,963295
2021-05-25,31943,29558,61501,53020,57482,110502,76653,91383,168036,89315,103068,192383,74065,87198,161263,54089,65580,119669,38365,44626,82991,19799,23959,43758,7368,13159,20527,1432,4472,5904,446049,520485,966534
2021-05-26,32119,29720,61839,53204,57692,110896,77020,91737,168757,89695,103473,193168,74415,87576,161991,54390,65917,120307,38534,44829,83363,19891,24076,43967,7403,13230,20633,1439,4485,5924,448110,522735,970845
2021-05-27,32245,29866,62111,53331,57860,111191,77284,92047,169331,89985,103794,193779,74686,87861,162547,54601,66184,120785,38658,44988,83646,19979,24175,44154,7436,13274,20710,1440,4502,5942,449645,524551,974196
2021-05-28,32419,30038,62457,53541,58081,111622,77623,92436,170059,90360,104238,194598,75052,88321,163373,54936,66568,121504,38833,45215,84048,20071,24286,44357,7455,13324,20779,1444,4516,5960,451734,527023,978757
2021-05-29,32537,30148,62685,53654,58210,111864,77827,92680,170507,90642,104541,195183,75297,88586,163883,55079,66754,121833,38934,45345,84279,20116,24355,44471,7472,13357,20829,1447,4522,5969,453005,528498,981503
2021-05-30,32625,30225,62850,53762,58316,112078,78015,92892,170907,90873,104781,195654,75483,88804,164287,55209,66938,122147,39019,45444,84463,20158,24417,44575,7489,13380,20869,1450,4531,5981,454083,529728,983811
2021-05-31,32781,30381,63162,53965,58515,112480,78351,93249,171600,91261,105199,196460,75823,89228,165051,55408,67224,122632,39185,45641,84826,20264,24541,44805,7532,13438,20970,1453,4547,6000,456023,531963,987986
2021-06-01,32964,30541,63505,54128,58723,112851,78653,93606,172259,91632,105596,197228,76106,89593,165699,55643,67548,123191,39364,45854,85218,20369,24651,45020,7575,13484,21059,1456,4560,6016,457890,534156,992046
2021-06-02,33185,30711,63896,54326,58948,113274,78970,93973,172943,91998,106025,198023,76453,89981,166434,55859,67832,123691,39523,46071,85594,20473,24780,45253,7612,13536,21148,1463,4581,6044,459862,536438,996300
2021-06-03,33382,30917,64299,54566,59191,113757,79356,94449,173805,92452,106563,199015,76817,90442,167259,56124,68181,124305,39709,46310,86019,20566,24918,45484,7658,13598,21256,1469,4609,6078,462099,539178,1001277
2021-06-04,33645,31155,64800,54884,59525,114409,79932,95175,175107,93096,107404,200500,77386,91145,168531,56504,68749,125253,39975,46639,86614,20701,25091,45792,7693,13669,21362,1471,4625,6096,465287,543177,1008464
2021-06-05,33817,31310,65127,55081,59730,114811,80253,95597,175850,93473,107894,201367,77740,91558,169298,56735,69045,125780,40097,46811,86908,20779,25197,45976,7719,13710,21429,1477,4645,6122,467171,545497,1012668
2021-06-06,33996,31496,65492,55261,59916,115177,80542,95957,176499,93818,108313,202131,78064,91982,170046,56961,69350,126311,40216,46972,87188,20841,25284,46125,7744,13748,21492,1477,4666,6143,468920,547684,1016604
2021-06-07,34235,31752,65987,55537,60218,115755,81044,96573,177617,94389,109009,203398,78561,92699,171260,57366,69910,127276,40473,47308,87781,21021,25508,46529,7789,13874,21663,1486,4700,6186,471901,551551,1023452
2021-06-08,34529,32022,66551,55776,60515,116291,81489,97193,178682,94994,109675,204669,79018,93296,172314,57736,70399,128135,40690,47571,88261,21146,25705,46851,7822,13950,21772,1493,4725,6218,474693,555051,1029744
2021-06-09,34793,32280,67073,56083,60797,116880,81996,97801,179797,95607,110417,206024,79510,93927,173437,58121,70885,129006,40918,47862,88780,21286,25853,47139,7871,14024,21895,1497,4745,6242,477682,558591,1036273
2021-06-10,35035,32538,67573,56371,61140,117511,82521,98530,181051,96242,111227,207469,80002,94621,174623,58463,71387,129850,41145,48159,89304,21424,26035,47459,7905,14086,21991,1504,4766,6270,480612,562489,1043101
2021-06-11,35273,32773,68046,56627,61454,118081,83063,99237,182300,96826,112107,208933,80545,95453,175998,58817,71882,130699,41387,48464,89851,21556,26220,47776,7953,14175,22128,1511,4791,6302,483558,566556,1050114
2021-06-12,35473,32955,68428,56848,61698,118546,83410,99690,183100,97277,112645,209922,80924,95961,176885,59071,72236,131307,41542,48674,90216,21650,26333,47983,7981,14220,22201,1515,4800,6315,485691,569212,1054903
2021-06-13,35673,33152,68825,57044,61890,118934,83672,100049,183721,97621,113128,210749,81269,96397,177666,59288,72528,131816,41678,48849,90527,21714,26418,48132,8003,14260,22263,1520,4815,6335,487482,571486,1058968
2021-06-14,35961,33400,69361,57351,62211,119562,84172,100689,184861,98253,113879,212132,81775,97101,178876,59668,73019,132687,41918,49196,91114,21856,26582,48438,8043,14330,22373,1536,4838,6374,490533,575245,1065778
2021-06-15,36262,33687,69949,57680,62564,120244,84674,101317,185991,98895,114633,213528,82297,97810,180107,60024,73534,133558,42167,49486,91653,21978,26739,48717,8093,14396,22489,1542,4857,6399,493612,579023,1072635
2021-06-16,36566,33981,70547,57978,62869,120847,85185,101973,187158,99508,115399,214907,82796,98487,181283,60342,73969,134311,42383,49742,92125,22090,26879,48969,8133,14452,22585,1545,4872,6417,496526,582623,1079149
2021-06-17,36846,34261,71107,58294,63201,121495,85762,102705,188467,100192,116277,216469,83329,99296,182625,60675,74482,135157,42630,50035,92665,22229,27052,49281,8169,14517,22686,1550,4890,6440,499676,586716,1086392
2021-06-18,37107,34500,71607,58597,63529,122126,86296,103410,189706,100841,117202,218043,83887,100074,183961,60988,74983,135971,42843,50307,93150,22320,27207,49527,8203,14559,22762,1553,4902,6455,502635,590673,1093308
2021-06-19,37315,34703,72018,58787,63733,122520,86601,103875,190476,101316,117813,219129,84212,100542,184754,61208,75281,136489,43011,50494,93505,22411,27307,49718,8237,14627,22864,1558,4922,6480,504656,593297,1097953
2021-06-20,37475,34838,72313,58908,63854,122762,86766,104148,190914,101554,118157,219711,84431,100851,185282,61366,75489,136855,43115,50612,93727,22479,27372,49851,8251,14662,22913,1560,4930,6490,505905,594913,1100818
2021-06-21,37672,35012,72684,59086,64050,123136,86991,104501,191492,101910,118598,220508,84797,101286,186083,61607,75767,137374,43247,50771,94018,22564,27468,50032,8282,14689,22971,1563,4934,6497,507719,597076,1104795
2021-06-22,37936,35250,73186,59403,64322,123725,87425,105061,192486,102452,119281,221733,85330,101944,187274,61913,76205,138118,43496,51077,94573,22682,27617,50299,8314,14752,23066,1569,4944,6513,510520,600453,1110973
2021-06-23,38007,35330,73337,59562,64486,124048,87646,105458,193104,102783,119749,222532,85640,102394,188034,62067,76446,138513,43590,51186,94776,22729,27690,50419,8329,14789,23118,1570,4964,6534,511923,602492,1114415
2021-06-24,38016,35340,73356,59598,64517,124115,87709,105551,193260,102875,119866,222741,85717,102495,188212,62126,76504,138630,43620,51215,94835,22733,27693,50426,8329,14790,23119,1570,4966,6536,512293,602937,1115230
