FECHA,<=10M,<=10F,<=10,11-20M,11-20F,11-20,21-30M,21-30F,21-30,31-40M,31-40F,31-40,41-50M,41-50F,41-50,51-60M,51-60F,51-60,61-70M,61-70F,61-70,71-80M,71-80F,71-80,81-90M,81-90F,81-90,>=91M,>=91F,>=91,TotalM,TotalF,Total
2020-03-15,0,0,0,0,1,1,1,0,1,1,0,1,0,0,0,0,0,0,0,1,1,0,0,0,0,0,0,0,0,0,2,2,4
2020-03-16,0,0,0,0,1,1,4,2,6,4,0,4,1,0,1,0,1,1,1,1,2,0,0,0,0,0,0,0,0,0,10,5,15
2020-03-17,0,0,0,1,1,2,5,3,8,6,1,7,1,0,1,2,3,5,1,3,4,2,0,2,0,0,0,0,0,0,18,11,29
2020-03-18,0,0,0,1,1,2,7,5,12,8,4,12,2,1,3,3,3,6,1,4,5,2,0,2,0,0,0,0,0,0,24,18,42
2020-03-19,0,0,0,2,1,3,9,5,14,12,4,16,4,2,6,4,3,7,1,5,6,4,1,5,0,0,0,0,0,0,36,21,57
2020-03-20,0,0,0,2,1,3,14,5,19,14,4,18,6,2,8,6,3,9,2,6,8,4,3,7,0,1,1,0,0,0,48,25,73
2020-03-21,2,0,2,3,3,6,17,6,23,14,7,21,8,3,11,9,6,15,5,7,12,6,3,9,0,1,1,0,0,0,64,36,100
2020-03-22,2,0,2,3,4,7,19,7,26,19,7,26,12,3,15,11,10,21,7,7,14,9,4,13,0,1,1,0,0,0,82,43,125
2020-03-23,2,0,2,4,4,8,21,9,30,24,9,33,14,4,18,15,12,27,8,9,17,12,6,18,1,1,2,0,0,0,101,54,155
2020-03-24,2,0,2,4,4,8,24,14,38,33,10,43,16,5,21,17,13,30,9,9,18,13,7,20,2,1,3,0,0,0,120,63,183
2020-03-25,4,0,4,5,5,10,28,18,46,35,12,47,20,5,25,19,13,32,11,9,20,14,7,21,3,3,6,0,1,1,139,73,212
2020-03-26,4,0,4,5,6,11,29,19,48,37,13,50,22,5,27,21,17,38,14,12,26,15,8,23,4,3,7,0,1,1,151,84,235
2020-03-27,4,0,4,5,6,11,30,21,51,41,13,54,23,8,31,22,18,40,16,14,30,15,10,25,4,3,7,0,1,1,160,94,254
2020-03-28,4,0,4,5,6,11,31,22,53,42,16,58,25,9,34,23,20,43,17,15,32,16,11,27,6,3,9,0,1,1,169,103,272
2020-03-29,4,0,4,5,6,11,34,25,59,48,19,67,25,9,34,24,24,48,20,19,39,18,13,31,6,3,9,1,1,2,185,119,304
2020-03-30,4,0,4,5,7,12,39,28,67,49,21,70,28,11,39,27,24,51,23,22,45,22,14,36,6,3,9,1,2,3,204,132,336
2020-03-31,5,0,5,5,8,13,41,31,72,51,21,72,31,12,43,32,24,56,25,23,48,25,18,43,6,5,11,1,3,4,222,145,367
2020-04-01,5,0,5,6,9,15,43,35,78,54,26,80,34,14,48,34,28,62,29,25,54,25,19,44,6,6,12,1,3,4,237,165,402
2020-04-02,5,0,5,6,9,15,44,36,80,57,30,87,36,15,51,36,31,67,32,25,57,32,22,54,6,9,15,2,6,8,256,183,439
2020-04-03,5,0,5,6,9,15,47,38,85,58,31,89,39,16,55,36,35,71,33,28,61,34,22,56,6,10,16,2,7,9,266,196,462
2020-04-04,5,2,7,6,9,15,49,40,89,59,31,90,39,17,56,38,36,74,34,30,64,34,22,56,6,11,17,3,7,10,273,205,478
2020-04-05,6,2,8,6,9,15,49,42,91,61,32,93,39,21,60,38,37,75,35,30,65,36,23,59,7,11,18,3,7,10,280,214,494
2020-04-06,6,2,8,6,9,15,50,44,94,64,35,99,40,22,62,39,41,80,38,32,70,38,25,63,7,12,19,3,7,10,291,229,520
2020-04-07,6,2,8,6,10,16,53,44,97,65,40,105,41,22,63,41,43,84,39,32,71,39,27,66,8,12,20,5,7,12,303,239,542
2020-04-08,8,2,10,7,10,17,54,45,99,66,47,113,42,24,66,43,43,86,40,32,72,41,28,69,8,12,20,5,7,12,314,250,564
2020-04-09,8,2,10,7,11,18,55,45,100,71,47,118,42,25,67,44,43,87,40,33,73,41,28,69,8,12,20,5,7,12,321,253,574
2020-04-10,8,2,10,7,11,18,55,46,101,75,50,125,42,25,67,45,43,88,40,33,73,41,28,69,8,12,20,5,7,12,326,257,583
2020-04-11,8,2,10,7,11,18,55,47,102,76,51,127,42,27,69,46,43,89,40,33,73,41,28,69,10,13,23,5,7,12,330,262,592
2020-04-12,8,2,10,7,11,18,56,47,103,79,55,134,42,27,69,46,45,91,40,33,73,41,29,70,11,14,25,5,7,12,335,270,605
2020-04-13,9,2,11,7,11,18,58,48,106,81,58,139,45,28,73,46,48,94,40,35,75,42,30,72,11,14,25,5,7,12,344,281,625
2020-04-14,9,2,11,7,11,18,61,50,111,85,59,144,46,30,76,48,49,97,43,36,79,44,31,75,11,14,25,5,8,13,359,290,649
2020-04-15,9,2,11,7,12,19,61,50,111,87,61,148,48,31,79,48,50,98,43,36,79,44,31,75,11,15,26,5,8,13,363,296,659
2020-04-16,9,2,11,7,12,19,61,52,113,91,63,154,49,31,80,51,52,103,44,36,80,47,32,79,11,21,32,6,9,15,376,310,686
2020-04-17,9,2,11,7,12,19,63,54,117,93,67,160,50,32,82,52,53,105,45,37,82,47,33,80,13,25,38,6,10,16,385,325,710
2020-04-18,9,3,12,7,12,19,64,55,119,93,68,161,52,34,86,53,54,107,47,38,85,48,34,82,14,30,44,6,13,19,393,341,734
2020-04-19,9,3,12,7,12,19,67,56,123,97,71,168,52,38,90,54,54,108,47,40,87,49,36,85,15,32,47,6,16,22,403,358,761
2020-04-20,9,3,12,7,12,19,67,57,124,99,72,171,54,39,93,57,57,114,48,40,88,49,39,88,18,33,51,7,17,24,415,369,784
2020-04-21,9,7,16,7,12,19,67,60,127,100,78,178,55,43,98,58,59,117,50,41,91,49,42,91,21,35,56,8,22,30,424,399,823
2020-04-22,10,7,17,8,13,21,75,67,142,104,83,187,58,46,104,59,63,122,53,43,96,51,49,100,24,41,65,13,28,41,455,440,895
2020-04-23,16,10,26,9,14,23,83,71,154,107,88,195,61,50,111,60,63,123,56,47,103,53,52,105,32,42,74,13,31,44,490,468,958
2020-04-24,18,10,28,9,17,26,88,77,165,114,93,207,64,52,116,62,69,131,59,48,107,53,52,105,34,45,79,13,31,44,514,494,1008
2020-04-25,21,11,32,11,18,29,88,80,168,117,95,212,67,59,126,64,69,133,60,49,109,53,52,105,35,47,82,13,31,44,529,511,1040
2020-04-26,22,13,35,13,18,31,88,84,172,120,98,218,68,60,128,64,69,133,60,49,109,53,53,106,36,48,84,13,31,44,537,523,1060
2020-04-27,24,15,39,15,20,35,91,92,183,125,107,232,75,65,140,66,72,138,63,49,112,55,54,109,39,50,89,14,32,46,567,556,1123
2020-04-28,24,15,39,17,21,38,92,95,187,133,109,242,76,68,144,70,72,142,65,50,115,58,54,112,40,55,95,14,34,48,589,573,1162
2020-04-29,25,17,42,19,24,43,95,97,192,137,110,247,80,73,153,71,74,145,66,51,117,60,55,115,40,58,98,14,34,48,607,593,1200
2020-04-30,28,17,45,19,29,48,97,98,195,145,115,260,84,76,160,75,75,150,67,51,118,61,55,116,40,59,99,14,34,48,630,609,1239
2020-05-01,32,20,52,23,30,53,102,106,208,147,120,267,86,79,165,79,77,156,68,52,120,61,55,116,40,60,100,15,34,49,653,633,1286
2020-05-02,37,22,59,26,35,61,107,114,221,151,125,276,88,80,168,79,78,157,68,52,120,62,55,117,40,61,101,15,34,49,673,656,1329
2020-05-03,38,23,61,33,36,69,109,121,230,153,133,286,90,81,171,82,78,160,69,54,123,62,55,117,41,62,103,15,34,49,692,677,1369
2020-05-04,40,27,67,37,39,76,115,128,243,162,142,304,93,88,181,85,79,164,71,54,125,62,55,117,42,65,107,15,34,49,722,711,1433
2020-05-05,44,33,77,41,47,88,123,140,263,179,151,330,100,103,203,91,83,174,72,58,130,64,58,122,48,76,124,16,40,56,778,789,1567
2020-05-06,46,39,85,44,52,96,132,148,280,189,164,353,108,108,216,94,83,177,75,59,134,65,60,125,49,77,126,17,41,58,819,831,1650
2020-05-07,52,47,99,50,56,106,143,166,309,202,174,376,116,115,231,100,87,187,76,63,139,65,61,126,52,78,130,17,43,60,873,890,1763
2020-05-08,63,57,120,60,67,127,159,184,343,217,193,410,132,127,259,106,89,195,82,66,148,68,61,129,53,82,135,18,43,61,958,969,1927
2020-05-09,65,61,126,62,73,135,169,193,362,232,209,441,145,133,278,114,95,209,86,68,154,69,63,132,53,82,135,19,43,62,1014,1020,2034
2020-05-10,70,66,136,68,79,147,183,203,386,261,223,484,178,136,314,139,101,240,89,71,160,69,65,134,54,82,136,19,43,62,1130,1069,2199
2020-05-11,79,74,153,72,87,159,195,213,408,279,241,520,188,147,335,143,103,246,93,74,167,70,66,136,55,85,140,19,44,63,1193,1134,2327
2020-05-12,87,92,179,79,97,176,225,246,471,304,262,566,201,161,362,155,112,267,100,77,177,73,72,145,55,86,141,22,46,68,1301,1251,2552
2020-05-13,96,99,195,89,107,196,250,263,513,322,280,602,219,176,395,165,122,287,107,84,191,74,74,148,55,88,143,22,49,71,1399,1342,2741
2020-05-14,116,123,239,107,128,235,277,292,569,339,302,641,236,191,427,180,135,315,112,88,200,75,75,150,55,89,144,22,49,71,1519,1472,2991
2020-05-15,131,142,273,113,143,256,297,311,608,358,327,685,255,207,462,190,146,336,114,91,205,77,78,155,55,90,145,23,50,73,1613,1585,3198
2020-05-16,144,153,297,123,155,278,319,339,658,373,346,719,278,225,503,200,156,356,118,94,212,79,81,160,57,92,149,23,54,77,1714,1695,3409
2020-05-17,160,163,323,139,172,311,347,355,702,403,364,767,291,237,528,214,167,381,120,102,222,81,82,163,61,97,158,23,55,78,1839,1794,3633
2020-05-18,183,187,370,159,189,348,395,404,799,434,409,843,315,256,571,231,190,421,129,108,237,89,87,176,64,103,167,24,57,81,2023,1990,4013
2020-05-19,212,214,426,178,211,389,433,446,879,476,444,920,336,278,614,245,199,444,135,116,251,90,89,179,66,108,174,25,59,84,2196,2164,4360
2020-05-20,233,231,464,192,237,429,476,491,967,505,479,984,364,302,666,268,217,485,145,124,269,92,95,187,68,113,181,25,60,85,2368,2349,4717
2020-05-21,253,253,506,220,253,473,510,538,1048,555,515,1070,390,331,721,289,231,520,157,125,282,98,100,198,70,115,185,25,63,88,2567,2524,5091
2020-05-22,271,263,534,236,273,509,544,586,1130,590,545,1135,423,365,788,307,244,551,168,134,302,98,103,201,71,116,187,26,64,90,2734,2693,5427
2020-05-23,290,294,584,256,298,554,579,618,1197,618,573,1191,457,388,845,322,264,586,175,138,313,100,106,206,73,126,199,26,66,92,2896,2871,5767
2020-05-24,305,307,612,268,310,578,607,650,1257,642,601,1243,489,407,896,337,276,613,180,140,320,101,110,211,76,127,203,27,67,94,3032,2995,6027
2020-05-25,328,326,654,284,327,611,639,681,1320,665,633,1298,515,426,941,350,290,640,186,149,335,106,120,226,77,134,211,28,68,96,3178,3154,6332
2020-05-26,351,345,696,310,355,665,678,728,1406,714,671,1385,545,454,999,377,319,696,196,155,351,108,126,234,78,140,218,30,75,105,3387,3368,6755
2020-05-27,383,359,742,333,383,716,720,781,1501,760,711,1471,577,488,1065,404,337,741,202,164,366,116,134,250,81,144,225,30,78,108,3606,3579,7185
2020-05-28,416,374,790,357,413,770,769,835,1604,802,746,1548,607,529,1136,424,357,781,214,175,389,121,146,267,94,166,260,34,92,126,3838,3833,7671
2020-05-29,442,412,854,381,447,828,800,881,1681,852,778,1630,627,560,1187,443,372,815,225,186,411,131,157,288,97,176,273,34,99,133,4032,4068,8100
2020-05-30,454,430,884,405,473,878,831,917,1748,881,813,1694,643,575,1218,458,381,839,231,192,423,134,162,296,99,179,278,35,100,135,4171,4222,8393
2020-05-31,460,442,902,416,492,908,864,944,1808,901,840,1741,664,603,1267,473,397,870,237,196,433,141,167,308,106,181,287,37,100,137,4299,4362,8661
2020-06-01,481,459,940,434,521,955,902,982,1884,944,878,1822,702,636,1338,491,423,914,242,207,449,148,175,323,112,188,300,38,100,138,4494,4569,9063
2020-06-02,514,482,996,466,546,1012,947,1028,1975,981,926,1907,732,663,1395,509,443,952,262,218,480,161,179,340,114,206,320,42,110,152,4728,4801,9529
2020-06-03,536,506,1042,483,567,1050,986,1082,2068,1030,965,1995,765,692,1457,533,468,1001,278,233,511,170,192,362,117,214,331,45,113,158,4943,5032,9975
2020-06-04,559,537,1096,503,591,1094,1028,1143,2171,1067,1009,2076,788,723,1511,560,490,1050,290,238,528,175,198,373,117,219,336,48,121,169,5135,5269,10404
2020-06-05,600,561,1161,537,616,1153,1073,1204,2277,1116,1058,2174,821,754,1575,582,511,1093,304,252,556,181,211,392,122,226,348,48,124,172,5384,5517,10901
2020-06-06,621,582,1203,554,641,1195,1110,1248,2358,1171,1090,2261,848,791,1639,600,528,1128,311,260,571,187,219,406,124,239,363,50,132,182,5576,5730,11306
2020-06-07,637,603,1240,574,656,1230,1146,1290,2436,1202,1117,2319,878,815,1693,615,541,1156,316,269,585,190,226,416,127,254,381,50,138,188,5735,5909,11644
2020-06-08,670,644,1314,600,692,1292,1204,1350,2554,1268,1175,2443,917,860,1777,661,569,1230,335,281,616,204,239,443,138,265,403,51,145,196,6048,6220,12268
2020-06-09,699,669,1368,632,725,1357,1249,1409,2658,1332,1249,2581,973,904,1877,696,609,1305,352,295,647,222,249,471,145,279,424,51,152,203,6351,6540,12891
2020-06-10,719,692,1411,655,754,1409,1308,1472,2780,1389,1314,2703,1032,944,1976,721,638,1359,368,311,679,238,265,503,153,309,462,52,168,220,6635,6867,13502
2020-06-11,752,720,1472,681,795,1476,1396,1557,2953,1460,1369,2829,1082,997,2079,762,662,1424,385,328,713,251,276,527,159,321,480,52,174,226,6980,7199,14179
2020-06-12,794,761,1555,718,835,1553,1454,1632,3086,1521,1428,2949,1139,1049,2188,799,686,1485,404,350,754,265,287,552,163,325,488,53,179,232,7310,7532,14842
2020-06-13,830,782,1612,739,876,1615,1510,1690,3200,1570,1478,3048,1174,1094,2268,825,710,1535,422,362,784,275,300,575,167,341,508,56,190,246,7568,7823,15391
2020-06-14,851,808,1659,760,892,1652,1541,1734,3275,1614,1515,3129,1199,1118,2317,846,729,1575,434,374,808,280,310,590,171,356,527,56,196,252,7752,8032,15784
2020-06-15,880,826,1706,787,912,1699,1597,1786,3383,1658,1563,3221,1240,1144,2384,862,747,1609,446,383,829,286,317,603,175,365,540,60,198,258,7991,8241,16232
2020-06-16,919,865,1784,816,945,1761,1670,1862,3532,1744,1633,3377,1304,1190,2494,899,785,1684,472,403,875,303,329,632,179,380,559,61,203,264,8367,8595,16962
2020-06-17,959,897,1856,851,985,1836,1759,1952,3711,1838,1719,3557,1373,1265,2638,960,835,1795,500,431,931,334,341,675,186,407,593,62,212,274,8822,9044,17866
2020-06-18,988,935,1923,900,1025,1925,1854,2042,3896,1936,1811,3747,1457,1340,2797,1017,888,1905,525,447,972,345,354,699,194,422,616,63,218,281,9279,9482,18761
2020-06-19,1021,970,1991,942,1078,2020,1939,2126,4065,2032,1899,3931,1521,1388,2909,1055,932,1987,556,475,1031,370,377,747,210,443,653,64,236,300,9710,9924,19634
2020-06-20,1057,1011,2068,973,1119,2092,2011,2205,4216,2111,1958,4069,1574,1451,3025,1095,967,2062,573,493,1066,385,394,779,218,455,673,69,244,313,10066,10297,20363
2020-06-21,1080,1046,2126,1012,1151,2163,2061,2256,4317,2179,2013,4192,1609,1494,3103,1127,992,2119,592,500,1092,395,405,800,226,472,698,70,255,325,10351,10584,20935
2020-06-22,1136,1087,2223,1053,1202,2255,2165,2343,4508,2290,2097,4387,1691,1554,3245,1208,1043,2251,640,533,1173,417,435,852,245,490,735,74,265,339,10919,11049,21968
2020-06-23,1173,1126,2299,1097,1242,2339,2267,2450,4717,2374,2186,4560,1774,1628,3402,1276,1091,2367,661,557,1218,431,450,881,260,520,780,77,272,349,11390,11522,22912
2020-06-24,1204,1155,2359,1134,1287,2421,2381,2548,4929,2465,2271,4736,1858,1705,3563,1330,1142,2472,690,578,1268,449,460,909,269,537,806,80,285,365,11860,11968,23828
2020-06-25,1247,1197,2444,1182,1334,2516,2475,2654,5129,2571,2358,4929,1911,1771,3682,1384,1184,2568,718,596,1314,459,474,933,278,564,842,82,297,379,12307,12429,24736
2020-06-26,1289,1246,2535,1243,1378,2621,2560,2748,5308,2671,2452,5123,1976,1854,3830,1440,1228,2668,750,617,1367,472,491,963,288,586,874,84,308,392,12773,12908,25681
2020-06-27,1330,1282,2612,1283,1422,2705,2641,2818,5459,2734,2537,5271,2024,1906,3930,1479,1259,2738,781,637,1418,480,502,982,296,602,898,86,313,399,13134,13278,26412
2020-06-28,1360,1300,2660,1316,1445,2761,2719,2893,5612,2792,2586,5378,2091,1949,4040,1515,1298,2813,796,650,1446,488,513,1001,305,616,921,88,320,408,13470,13570,27040
2020-06-29,1385,1329,2714,1364,1495,2859,2816,2979,5795,2903,2662,5565,2171,2031,4202,1569,1349,2918,825,670,1495,504,530,1034,324,643,967,90,330,420,13951,14018,27969
2020-06-30,1415,1363,2778,1418,1531,2949,2904,3065,5969,2986,2752,5738,2244,2100,4344,1627,1393,3020,853,698,1551,524,551,1075,342,666,1008,94,345,439,14407,14464,28871
2020-07-01,1445,1399,2844,1465,1570,3035,2987,3154,6141,3081,2837,5918,2304,2152,4456,1682,1438,3120,888,729,1617,543,564,1107,359,684,1043,97,354,451,14851,14881,29732
2020-07-02,1489,1432,2921,1510,1626,3136,3068,3255,6323,3163,2935,6098,2400,2229,4629,1727,1486,3213,938,753,1691,563,588,1151,367,701,1068,99,361,460,15324,15366,30690
2020-07-03,1535,1475,3010,1564,1675,3239,3167,3351,6518,3275,3018,6293,2476,2306,4782,1794,1536,3330,971,780,1751,583,615,1198,374,725,1099,101,377,478,15840,15858,31698
2020-07-04,1563,1520,3083,1594,1703,3297,3232,3427,6659,3362,3094,6456,2549,2358,4907,1838,1580,3418,1004,808,1812,607,650,1257,380,773,1153,103,399,502,16232,16312,32544
2020-07-05,1584,1546,3130,1627,1733,3360,3288,3491,6779,3429,3149,6578,2607,2413,5020,1886,1623,3509,1039,833,1872,628,684,1312,396,806,1202,105,410,515,16589,16688,33277
2020-07-06,1615,1576,3191,1667,1768,3435,3384,3589,6973,3550,3255,6805,2704,2491,5195,1956,1681,3637,1089,870,1959,651,716,1367,408,855,1263,112,427,539,17136,17228,34364
2020-07-07,1652,1616,3268,1699,1808,3507,3494,3685,7179,3670,3351,7021,2791,2574,5365,2017,1730,3747,1124,897,2021,685,742,1427,422,882,1304,115,437,552,17669,17722,35391
2020-07-08,1693,1656,3349,1736,1848,3584,3593,3795,7388,3798,3468,7266,2872,2657,5529,2080,1810,3890,1173,929,2102,712,780,1492,442,919,1361,121,463,584,18220,18325,36545
2020-07-09,1732,1685,3417,1772,1893,3665,3663,3869,7532,3880,3574,7454,2952,2714,5666,2124,1841,3965,1214,975,2189,741,802,1543,459,962,1421,124,472,596,18661,18787,37448
2020-07-10,1768,1721,3489,1810,1926,3736,3736,3959,7695,3967,3663,7630,3024,2778,5802,2184,1900,4084,1259,1008,2267,759,820,1579,477,985,1462,126,484,610,19110,19244,38354
2020-07-11,1793,1753,3546,1837,1960,3797,3801,4032,7833,4050,3753,7803,3100,2838,5938,2243,1946,4189,1299,1029,2328,779,846,1625,484,1009,1493,130,494,624,19516,19660,39176
2020-07-12,1820,1773,3593,1865,1991,3856,3861,4086,7947,4117,3819,7936,3162,2877,6039,2293,1982,4275,1322,1054,2376,799,863,1662,502,1036,1538,132,509,641,19873,19990,39863
2020-07-13,1861,1806,3667,1917,2039,3956,3964,4204,8168,4257,3941,8198,3263,2975,6238,2379,2051,4430,1361,1087,2448,825,896,1721,521,1078,1599,139,533,672,20487,20610,41097
2020-07-14,1895,1840,3735,1954,2078,4032,4082,4310,8392,4386,4058,8444,3346,3062,6408,2444,2114,4558,1408,1126,2534,851,920,1771,534,1114,1648,146,548,694,21046,21170,42216
2020-07-15,1928,1877,3805,2000,2111,4111,4181,4420,8601,4505,4190,8695,3431,3164,6595,2521,2163,4684,1453,1160,2613,883,949,1832,547,1146,1693,151,574,725,21600,21754,43354
2020-07-16,1957,1920,3877,2055,2159,4214,4290,4518,8808,4645,4318,8963,3526,3252,6778,2594,2235,4829,1497,1194,2691,909,981,1890,567,1192,1759,160,608,768,22200,22377,44577
2020-07-17,2003,1947,3950,2085,2209,4294,4390,4658,9048,4763,4429,9192,3604,3339,6943,2664,2300,4964,1542,1227,2769,932,1009,1941,587,1241,1828,166,638,804,22736,22997,45733
2020-07-18,2034,1983,4017,2135,2244,4379,4488,4748,9236,4876,4537,9413,3690,3437,7127,2734,2355,5089,1576,1260,2836,960,1045,2005,596,1271,1867,171,651,822,23260,23531,46791
2020-07-19,2069,2026,4095,2170,2274,4444,4566,4833,9399,4971,4631,9602,3763,3509,7272,2795,2407,5202,1623,1288,2911,978,1073,2051,612,1304,1916,179,667,846,23726,24012,47738
2020-07-20,2093,2070,4163,2209,2330,4539,4710,4950,9660,5117,4771,9888,3881,3605,7486,2864,2489,5353,1688,1338,3026,1004,1109,2113,636,1338,1974,181,679,860,24383,24679,49062
2020-07-21,2141,2105,4246,2250,2374,4624,4829,5093,9922,5266,4926,10192,4002,3727,7729,2962,2581,5543,1749,1368,3117,1031,1136,2167,654,1377,2031,184,702,886,25068,25389,50457
2020-07-22,2173,2133,4306,2291,2426,4717,4974,5217,10191,5406,5055,10461,4115,3818,7933,3056,2645,5701,1802,1413,3215,1073,1169,2242,671,1407,2078,188,721,909,25749,26004,51753
2020-07-23,2206,2174,4380,2327,2469,4796,5104,5358,10462,5528,5168,10696,4213,3911,8124,3143,2703,5846,1841,1448,3289,1100,1193,2293,692,1435,2127,191,731,922,26345,26590,52935
2020-07-24,2254,2213,4467,2372,2511,4883,5238,5481,10719,5673,5296,10969,4313,4021,8334,3235,2767,6002,1880,1491,3371,1117,1214,2331,708,1479,2187,196,749,945,26986,27222,54208
2020-07-25,2279,2238,4517,2412,2538,4950,5320,5568,10888,5779,5397,11176,4410,4087,8497,3276,2818,6094,1915,1520,3435,1135,1239,2374,720,1501,2221,204,764,968,27450,27670,55120
2020-07-26,2301,2264,4565,2435,2575,5010,5389,5648,11037,5849,5483,11332,4467,4150,8617,3314,2861,6175,1951,1539,3490,1161,1263,2424,738,1538,2276,209,776,985,27814,28097,55911
2020-07-27,2330,2291,4621,2477,2616,5093,5514,5749,11263,5993,5622,11615,4552,4250,8802,3402,2942,6344,1989,1579,3568,1185,1289,2474,759,1565,2324,214,792,1006,28415,28695,57110
2020-07-28,2361,2315,4676,2529,2658,5187,5637,5866,11503,6140,5760,11900,4644,4346,8990,3487,2993,6480,2023,1622,3645,1218,1317,2535,778,1598,2376,216,811,1027,29033,29286,58319
2020-07-29,2386,2348,4734,2583,2706,5289,5748,5987,11735,6252,5880,12132,4746,4450,9196,3543,3062,6605,2074,1646,3720,1247,1344,2591,801,1634,2435,222,828,1050,29602,29885,59487
2020-07-30,2423,2375,4798,2619,2756,5375,5882,6101,11983,6390,6003,12393,4847,4550,9397,3606,3127,6733,2111,1670,3781,1267,1390,2657,818,1678,2496,227,856,1083,30190,30506,60696
2020-07-31,2453,2410,4863,2677,2805,5482,5991,6217,12208,6494,6124,12618,4952,4635,9587,3675,3199,6874,2164,1691,3855,1294,1423,2717,831,1715,2546,230,883,1113,30761,31102,61863
2020-08-01,2486,2447,4933,2711,2863,5574,6074,6324,12398,6606,6242,12848,5072,4723,9795,3738,3249,6987,2196,1721,3917,1309,1446,2755,845,1745,2590,234,894,1128,31271,31654,62925
2020-08-02,2514,2470,4984,2744,2902,5646,6154,6399,12553,6701,6327,13028,5153,4802,9955,3794,3293,7087,2237,1761,3998,1343,1473,2816,866,1789,2655,237,920,1157,31743,32136,63879
2020-08-03,2557,2515,5072,2809,2951,5760,6299,6552,12851,6866,6473,13339,5293,4929,10222,3879,3392,7271,2299,1812,4111,1376,1513,2889,885,1850,2735,241,953,1194,32504,32940,65444
2020-08-04,2593,2544,5137,2854,3012,5866,6433,6680,13113,7024,6622,13646,5422,5064,10486,3969,3479,7448,2365,1854,4219,1415,1555,2970,908,1920,2828,247,984,1231,33230,33714,66944
2020-08-05,2636,2582,5218,2916,3053,5969,6575,6821,13396,7183,6753,13936,5535,5183,10718,4056,3549,7605,2446,1910,4356,1451,1600,3051,934,1996,2930,253,1030,1283,33985,34477,68462
2020-08-06,2669,2614,5283,2971,3096,6067,6704,6946,13650,7304,6878,14182,5646,5273,10919,4128,3633,7761,2485,1955,4440,1471,1626,3097,949,2031,2980,260,1050,1310,34587,35102,69689
2020-08-07,2699,2642,5341,3007,3142,6149,6820,7065,13885,7416,6996,14412,5748,5362,11110,4202,3707,7909,2525,2005,4530,1503,1653,3156,966,2059,3025,266,1064,1330,35152,35695,70847
2020-08-08,2728,2672,5400,3043,3170,6213,6899,7157,14056,7507,7093,14600,5814,5441,11255,4262,3770,8032,2554,2041,4595,1522,1682,3204,976,2103,3079,269,1087,1356,35574,36216,71790
2020-08-09,2747,2688,5435,3079,3208,6287,6967,7239,14206,7581,7162,14743,5877,5509,11386,4327,3815,8142,2597,2077,4674,1539,1694,3233,989,2124,3113,273,1092,1365,35976,36608,72584
2020-08-10,2777,2723,5500,3118,3248,6366,7082,7363,14445,7721,7308,15029,5988,5615,11603,4419,3890,8309,2632,2125,4757,1565,1721,3286,1004,2164,3168,277,1116,1393,36583,37273,73856
2020-08-11,2797,2746,5543,3149,3284,6433,7173,7476,14649,7856,7424,15280,6115,5703,11818,4497,3962,8459,2678,2158,4836,1592,1751,3343,1020,2212,3232,282,1137,1419,37159,37853,75012
2020-08-12,2826,2782,5608,3198,3319,6517,7277,7575,14852,7973,7545,15518,6214,5806,12020,4581,4037,8618,2722,2204,4926,1615,1772,3387,1028,2234,3262,288,1143,1431,37722,38417,76139
2020-08-13,2849,2805,5654,3245,3363,6608,7383,7681,15064,8078,7666,15744,6299,5904,12203,4643,4091,8734,2777,2230,5007,1635,1797,3432,1039,2253,3292,290,1148,1438,38238,38938,77176
2020-08-14,2877,2824,5701,3282,3408,6690,7484,7798,15282,8197,7775,15972,6385,5984,12369,4707,4143,8850,2818,2269,5087,1659,1815,3474,1054,2282,3336,293,1161,1454,38756,39459,78215
2020-08-15,2894,2844,5738,3321,3444,6765,7571,7897,15468,8302,7870,16172,6449,6065,12514,4765,4197,8962,2855,2310,5165,1687,1855,3542,1074,2342,3416,296,1191,1487,39214,40015,79229
2020-08-16,2913,2865,5778,3352,3463,6815,7653,7954,15607,8368,7939,16307,6516,6119,12635,4807,4233,9040,2885,2334,5219,1710,1873,3583,1085,2360,3445,299,1205,1504,39588,40345,79933
2020-08-17,2936,2881,5817,3401,3504,6905,7737,8063,15800,8477,8061,16538,6592,6193,12785,4882,4283,9165,2926,2363,5289,1738,1887,3625,1093,2380,3473,300,1214,1514,40082,40829,80911
2020-08-18,2959,2914,5873,3453,3542,6995,7863,8173,16036,8639,8185,16824,6707,6290,12997,4972,4375,9347,2968,2406,5374,1764,1917,3681,1107,2430,3537,304,1246,1550,40736,41478,82214
2020-08-19,2990,2946,5936,3496,3583,7079,8006,8298,16304,8788,8312,17100,6819,6412,13231,5055,4460,9515,3020,2450,5470,1786,1948,3734,1123,2464,3587,311,1268,1579,41394,42141,83535
2020-08-20,3021,2970,5991,3555,3625,7180,8116,8424,16540,8927,8431,17358,6925,6484,13409,5122,4523,9645,3078,2489,5567,1810,1975,3785,1143,2499,3642,315,1288,1603,42012,42708,84720
2020-08-21,3044,2993,6037,3601,3678,7279,8242,8543,16785,9072,8564,17636,7012,6589,13601,5199,4596,9795,3126,2524,5650,1834,1998,3832,1159,2519,3678,317,1299,1616,42606,43303,85909
2020-08-22,3072,3017,6089,3642,3711,7353,8344,8648,16992,9167,8677,17844,7099,6659,13758,5253,4657,9910,3168,2557,5725,1861,2021,3882,1169,2537,3706,318,1302,1620,43093,43786,86879
2020-08-23,3098,3042,6140,3684,3759,7443,8426,8740,17166,9249,8750,17999,7170,6737,13907,5313,4711,10024,3205,2598,5803,1882,2037,3919,1189,2560,3749,322,1313,1635,43538,44247,87785
2020-08-24,3134,3072,6206,3738,3801,7539,8567,8871,17438,9404,8888,18292,7297,6864,14161,5401,4800,10201,3262,2654,5916,1911,2065,3976,1203,2575,3778,325,1322,1647,44242,44912,89154
2020-08-25,3175,3097,6272,3791,3845,7636,8692,9026,17718,9566,9058,18624,7413,6992,14405,5503,4896,10399,3326,2702,6028,1952,2102,4054,1223,2613,3836,328,1340,1668,44969,45671,90640
2020-08-26,3213,3129,6342,3851,3907,7758,8835,9169,18004,9735,9194,18929,7577,7123,14700,5616,4974,10590,3381,2754,6135,1988,2148,4136,1240,2654,3894,331,1362,1693,45767,46414,92181
2020-08-27,3245,3172,6417,3911,3968,7879,8982,9337,18319,9910,9348,19258,7701,7266,14967,5710,5060,10770,3438,2806,6244,2018,2170,4188,1255,2702,3957,336,1381,1717,46506,47210,93716
2020-08-28,3268,3192,6460,3966,4027,7993,9119,9484,18603,10051,9489,19540,7810,7365,15175,5812,5152,10964,3495,2860,6355,2050,2202,4252,1269,2730,3999,336,1392,1728,47176,47893,95069
2020-08-29,3293,3210,6503,3998,4064,8062,9218,9581,18799,10150,9614,19764,7903,7456,15359,5877,5220,11097,3541,2906,6447,2068,2231,4299,1284,2750,4034,338,1398,1736,47670,48430,96100
2020-08-30,3307,3223,6530,4032,4106,8138,9295,9655,18950,10232,9699,19931,7970,7537,15507,5945,5272,11217,3584,2941,6525,2092,2249,4341,1295,2777,4072,340,1404,1744,48092,48863,96955
2020-08-31,3333,3244,6577,4076,4157,8233,9431,9791,19222,10383,9862,20245,8110,7643,15753,6031,5353,11384,3642,2984,6626,2122,2300,4422,1312,2835,4147,347,1423,1770,48787,49592,98379
2020-09-01,3353,3266,6619,4130,4206,8336,9545,9922,19467,10541,9992,20533,8249,7768,16017,6113,5420,11533,3699,3037,6736,2148,2334,4482,1331,2876,4207,351,1446,1797,49460,50267,99727
2020-09-02,3376,3280,6656,4174,4245,8419,9640,10034,19674,10665,10113,20778,8350,7860,16210,6180,5485,11665,3746,3079,6825,2166,2360,4526,1350,2896,4246,352,1449,1801,49999,50801,100800
2020-09-03,3388,3304,6692,4217,4275,8492,9760,10145,19905,10795,10234,21029,8459,7960,16419,6256,5548,11804,3799,3119,6918,2193,2392,4585,1366,2918,4284,355,1456,1811,50588,51351,101939
2020-09-04,3413,3324,6737,4257,4332,8589,9900,10248,20148,10915,10360,21275,8557,8074,16631,6329,5625,11954,3842,3153,6995,2212,2423,4635,1372,2934,4306,359,1468,1827,51156,51941,103097
2020-09-05,3424,3340,6764,4291,4361,8652,9985,10347,20332,11015,10463,21478,8660,8175,16835,6390,5680,12070,3875,3191,7066,2243,2451,4694,1382,2963,4345,360,1478,1838,51625,52449,104074
2020-09-06,3441,3356,6797,4327,4393,8720,10048,10408,20456,11076,10529,21605,8723,8232,16955,6436,5729,12165,3912,3222,7134,2266,2476,4742,1392,2978,4370,363,1484,1847,51984,52807,104791
2020-09-07,3463,3375,6838,4364,4433,8797,10168,10535,20703,11203,10644,21847,8817,8348,17165,6530,5806,12336,3971,3269,7240,2309,2514,4823,1416,3015,4431,365,1507,1872,52606,53446,106052
2020-09-08,3486,3396,6882,4406,4482,8888,10288,10647,20935,11342,10785,22127,8943,8468,17411,6615,5888,12503,4017,3312,7329,2343,2541,4884,1432,3051,4483,370,1519,1889,53242,54089,107331
2020-09-09,3512,3422,6934,4448,4530,8978,10423,10774,21197,11487,10916,22403,9048,8566,17614,6685,5960,12645,4079,3356,7435,2376,2572,4948,1440,3071,4511,375,1535,1910,53873,54702,108575
2020-09-10,3548,3441,6989,4486,4580,9066,10516,10886,21402,11602,11023,22625,9156,8665,17821,6776,6024,12800,4135,3391,7526,2408,2612,5020,1451,3119,4570,379,1564,1943,54457,55305,109762
2020-09-11,3579,3466,7045,4524,4631,9155,10611,11013,21624,11721,11130,22851,9278,8771,18049,6852,6109,12961,4167,3423,7590,2442,2643,5085,1464,3138,4602,380,1568,1948,55018,55892,110910
2020-09-12,3595,3478,7073,4552,4666,9218,10684,11089,21773,11796,11218,23014,9351,8856,18207,6904,6167,13071,4202,3459,7661,2456,2663,5119,1475,3165,4640,381,1584,1965,55396,56345,111741
2020-09-13,3611,3496,7107,4583,4692,9275,10742,11170,21912,11873,11289,23162,9414,8928,18342,6947,6202,13149,4240,3498,7738,2484,2683,5167,1482,3186,4668,383,1586,1969,55759,56730,112489
2020-09-14,3629,3513,7142,4620,4723,9343,10845,11280,22125,11990,11406,23396,9498,9007,18505,7016,6281,13297,4280,3537,7817,2517,2708,5225,1489,3209,4698,387,1593,1980,56271,57257,113528
2020-09-15,3658,3526,7184,4652,4762,9414,10930,11374,22304,12084,11501,23585,9577,9106,18683,7099,6348,13447,4334,3575,7909,2536,2735,5271,1502,3229,4731,389,1601,1990,56761,57757,114518
2020-09-16,3681,3543,7224,4698,4799,9497,11024,11475,22499,12182,11604,23786,9686,9187,18873,7168,6415,13583,4365,3608,7973,2556,2771,5327,1511,3257,4768,392,1616,2008,57263,58275,115538
2020-09-17,3697,3560,7257,4729,4837,9566,11124,11567,22691,12260,11706,23966,9765,9266,19031,7219,6466,13685,4413,3634,8047,2578,2792,5370,1525,3266,4791,394,1623,2017,57704,58717,116421
2020-09-18,3729,3589,7318,4767,4883,9650,11211,11680,22891,12359,11814,24173,9834,9344,19178,7274,6510,13784,4453,3663,8116,2595,2825,5420,1537,3284,4821,394,1631,2025,58153,59223,117376
2020-09-19,3740,3603,7343,4796,4916,9712,11268,11739,23007,12435,11902,24337,9904,9388,19292,7318,6552,13870,4492,3693,8185,2607,2842,5449,1541,3299,4840,394,1637,2031,58495,59571,118066
2020-09-20,3753,3618,7371,4818,4934,9752,11321,11791,23112,12483,11968,24451,9940,9428,19368,7344,6578,13922,4519,3729,8248,2624,2867,5491,1547,3307,4854,394,1643,2037,58743,59863,118606
2020-09-21,3772,3631,7403,4860,4965,9825,11405,11871,23276,12576,12034,24610,10028,9483,19511,7388,6628,14016,4559,3761,8320,2649,2899,5548,1558,3325,4883,394,1647,2041,59189,60244,119433
2020-09-22,3794,3643,7437,4895,5002,9897,11505,11958,23463,12673,12135,24808,10094,9564,19658,7448,6679,14127,4595,3800,8395,2671,2920,5591,1575,3356,4931,397,1658,2055,59647,60715,120362
2020-09-23,3815,3664,7479,4928,5043,9971,11598,12044,23642,12761,12222,24983,10164,9656,19820,7507,6735,14242,4631,3836,8467,2695,2947,5642,1583,3368,4951,401,1663,2064,60083,61178,121261
2020-09-24,3836,3682,7518,4965,5084,10049,11694,12140,23834,12855,12328,25183,10226,9723,19949,7576,6785,14361,4682,3873,8555,2719,2963,5682,1601,3389,4990,403,1668,2071,60557,61635,122192
2020-09-25,3856,3707,7563,4997,5113,10110,11790,12221,24011,12933,12434,25367,10315,9808,20123,7643,6852,14495,4724,3909,8633,2751,2998,5749,1611,3403,5014,406,1682,2088,61026,62127,123153
2020-09-26,3869,3720,7589,5027,5141,10168,11845,12280,24125,12990,12492,25482,10383,9859,20242,7680,6903,14583,4748,3938,8686,2770,3018,5788,1621,3418,5039,407,1689,2096,61340,62458,123798
2020-09-27,3888,3735,7623,5051,5173,10224,11920,12329,24249,13061,12558,25619,10447,9905,20352,7718,6944,14662,4773,3953,8726,2792,3030,5822,1627,3429,5056,410,1692,2102,61687,62748,124435
2020-09-28,3909,3751,7660,5087,5207,10294,12001,12425,24426,13158,12656,25814,10520,9978,20498,7774,7002,14776,4824,3994,8818,2812,3061,5873,1645,3450,5095,412,1698,2110,62142,63222,125364
2020-09-29,3943,3766,7709,5119,5228,10347,12103,12521,24624,13258,12744,26002,10604,10052,20656,7831,7060,14891,4864,4043,8907,2840,3097,5937,1654,3471,5125,412,1708,2120,62628,63690,126318
2020-09-30,3962,3789,7751,5145,5262,10407,12209,12631,24840,13354,12836,26190,10679,10132,20811,7889,7122,15011,4910,4072,8982,2869,3111,5980,1667,3492,5159,415,1712,2127,63099,64159,127258
2020-10-01,3982,3806,7788,5175,5299,10474,12301,12727,25028,13441,12926,26367,10743,10193,20936,7944,7186,15130,4942,4113,9055,2881,3136,6017,1676,3509,5185,417,1720,2137,63502,64615,128117
2020-10-02,4006,3823,7829,5214,5329,10543,12390,12813,25203,13516,13013,26529,10805,10273,21078,8000,7257,15257,4978,4153,9131,2899,3160,6059,1692,3528,5220,421,1731,2152,63921,65080,129001
2020-10-03,4028,3834,7862,5234,5360,10594,12449,12860,25309,13580,13056,26636,10846,10330,21176,8044,7310,15354,5003,4166,9169,2910,3167,6077,1697,3541,5238,422,1735,2157,64213,65359,129572
2020-10-04,4036,3841,7877,5256,5380,10636,12498,12912,25410,13627,13109,26736,10886,10366,21252,8074,7342,15416,5021,4190,9211,2924,3174,6098,1702,3550,5252,422,1741,2163,64446,65605,130051
2020-10-05,4047,3857,7904,5284,5405,10689,12572,13014,25586,13722,13186,26908,10951,10423,21374,8125,7396,15521,5068,4227,9295,2946,3196,6142,1709,3565,5274,423,1747,2170,64847,66016,130863
2020-10-06,4074,3875,7949,5312,5446,10758,12664,13111,25775,13823,13277,27100,11034,10493,21527,8187,7457,15644,5104,4258,9362,2960,3215,6175,1723,3581,5304,425,1752,2177,65306,66465,131771
2020-10-07,4089,3886,7975,5339,5482,10821,12762,13202,25964,13890,13361,27251,11112,10566,21678,8246,7511,15757,5130,4279,9409,2973,3236,6209,1733,3602,5335,425,1760,2185,65699,66885,132584
2020-10-08,4109,3901,8010,5366,5520,10886,12845,13290,26135,13974,13439,27413,11163,10645,21808,8295,7564,15859,5157,4310,9467,2990,3262,6252,1745,3636,5381,427,1774,2201,66071,67341,133412
2020-10-09,4128,3919,8047,5392,5553,10945,12908,13384,26292,14067,13536,27603,11223,10713,21936,8352,7618,15970,5182,4345,9527,3007,3287,6294,1760,3667,5427,430,1788,2218,66449,67810,134259
2020-10-10,4139,3925,8064,5412,5586,10998,12962,13440,26402,14127,13602,27729,11285,10763,22048,8392,7671,16063,5210,4372,9582,3023,3303,6326,1764,3678,5442,431,1789,2220,66745,68129,134874
2020-10-11,4153,3941,8094,5426,5608,11034,13001,13483,26484,14165,13656,27821,11325,10795,22120,8423,7704,16127,5223,4393,9616,3037,3317,6354,1772,3695,5467,433,1796,2229,66958,68388,135346
2020-10-12,4177,3957,8134,5449,5641,11090,13067,13528,26595,14233,13714,27947,11377,10843,22220,8460,7747,16207,5251,4418,9669,3055,3330,6385,1776,3711,5487,433,1802,2235,67278,68691,135969
2020-10-13,4193,3976,8169,5485,5672,11157,13150,13611,26761,14342,13799,28141,11447,10909,22356,8514,7788,16302,5289,4443,9732,3066,3349,6415,1783,3735,5518,434,1811,2245,67703,69093,136796
2020-10-14,4207,3992,8199,5520,5705,11225,13232,13698,26930,14416,13872,28288,11520,10975,22495,8575,7850,16425,5314,4471,9785,3086,3368,6454,1791,3743,5534,435,1817,2252,68096,69491,137587
2020-10-15,4223,4012,8235,5570,5753,11323,13325,13771,27096,14504,13950,28454,11583,11043,22626,8617,7894,16511,5340,4497,9837,3107,3388,6495,1798,3762,5560,438,1821,2259,68505,69891,138396
2020-10-16,4242,4025,8267,5600,5796,11396,13394,13874,27268,14584,14031,28615,11652,11104,22756,8665,7932,16597,5369,4530,9899,3126,3409,6535,1808,3787,5595,440,1836,2276,68880,70324,139204
2020-10-17,4255,4041,8296,5629,5821,11450,13451,13925,27376,14649,14107,28756,11693,11138,22831,8698,7967,16665,5391,4553,9944,3135,3417,6552,1816,3795,5611,442,1839,2281,69159,70603,139762
2020-10-18,4265,4049,8314,5649,5844,11493,13491,13966,27457,14692,14137,28829,11718,11164,22882,8722,7993,16715,5406,4569,9975,3149,3430,6579,1817,3804,5621,442,1843,2285,69351,70799,140150
2020-10-19,4284,4063,8347,5671,5874,11545,13557,14022,27579,14741,14195,28936,11784,11210,22994,8766,8032,16798,5437,4589,10026,3168,3452,6620,1821,3817,5638,443,1847,2290,69672,71101,140773
2020-10-20,4292,4073,8365,5688,5899,11587,13629,14099,27728,14813,14250,29063,11835,11267,23102,8818,8067,16885,5462,4616,10078,3181,3460,6641,1833,3834,5667,444,1854,2298,69995,71419,141414
2020-10-21,4306,4084,8390,5712,5926,11638,13682,14155,27837,14867,14300,29167,11888,11308,23196,8848,8106,16954,5488,4637,10125,3194,3474,6668,1836,3841,5677,445,1857,2302,70266,71688,141954
2020-10-22,4319,4094,8413,5739,5950,11689,13736,14221,27957,14918,14344,29262,11930,11344,23274,8875,8131,17006,5509,4651,10160,3204,3487,6691,1841,3848,5689,446,1857,2303,70517,71927,142444
2020-10-23,4331,4104,8435,5765,5967,11732,13785,14292,28077,14962,14401,29363,11984,11391,23375,8912,8160,17072,5540,4676,10216,3213,3499,6712,1851,3855,5706,447,1858,2305,70790,72203,142993
2020-10-24,4339,4116,8455,5784,5984,11768,13824,14337,28161,14998,14449,29447,12015,11422,23437,8947,8184,17131,5557,4690,10247,3225,3510,6735,1855,3862,5717,447,1862,2309,70991,72416,143407
2020-10-25,4347,4126,8473,5797,6000,11797,13858,14374,28232,15025,14482,29507,12048,11450,23498,8967,8208,17175,5574,4696,10270,3230,3519,6749,1858,3866,5724,447,1863,2310,71151,72584,143735
2020-10-26,4360,4131,8491,5809,6035,11844,13908,14421,28329,15089,14537,29626,12089,11488,23577,9001,8242,17243,5597,4716,10313,3237,3528,6765,1868,3876,5744,451,1867,2318,71409,72841,144250
2020-10-27,4367,4142,8509,5837,6062,11899,13968,14484,28452,15145,14590,29735,12143,11537,23680,9042,8279,17321,5616,4742,10358,3246,3543,6789,1878,3891,5769,452,1869,2321,71694,73139,144833
2020-10-28,4383,4155,8538,5864,6081,11945,14022,14537,28559,15191,14635,29826,12185,11569,23754,9070,8310,17380,5641,4760,10401,3253,3553,6806,1885,3896,5781,454,1871,2325,71948,73367,145315
2020-10-29,4394,4161,8555,5880,6097,11977,14067,14577,28644,15234,14682,29916,12225,11599,23824,9090,8332,17422,5654,4775,10429,3270,3559,6829,1889,3908,5797,455,1878,2333,72158,73568,145726
2020-10-30,4400,4166,8566,5888,6104,11992,14100,14614,28714,15283,14709,29992,12253,11635,23888,9105,8351,17456,5666,4791,10457,3280,3570,6850,1892,3912,5804,456,1880,2336,72323,73732,146055
2020-10-31,4402,4170,8572,5896,6117,12013,14121,14641,28762,15311,14739,30050,12274,11657,23931,9120,8367,17487,5677,4801,10478,3284,3576,6860,1896,3916,5812,456,1880,2336,72437,73864,146301
2020-11-01,4411,4180,8591,5906,6130,12036,14163,14669,28832,15343,14769,30112,12303,11684,23987,9139,8388,17527,5692,4810,10502,3291,3582,6873,1898,3920,5818,456,1881,2337,72602,74013,146615
2020-11-02,4420,4189,8609,5915,6156,12071,14199,14716,28915,15390,14805,30195,12338,11720,24058,9171,8414,17585,5707,4819,10526,3293,3591,6884,1903,3927,5830,456,1885,2341,72792,74222,147014
2020-11-03,4430,4195,8625,5935,6167,12102,14253,14750,29003,15423,14840,30263,12372,11748,24120,9195,8436,17631,5719,4840,10559,3296,3601,6897,1905,3936,5841,456,1887,2343,72984,74400,147384
2020-11-04,4439,4200,8639,5942,6182,12124,14298,14797,29095,15466,14880,30346,12397,11783,24180,9217,8466,17683,5738,4853,10591,3302,3613,6915,1908,3943,5851,456,1890,2346,73163,74607,147770
2020-11-05,4454,4210,8664,5970,6202,12172,14352,14859,29211,15522,14918,30440,12432,11822,24254,9247,8491,17738,5759,4870,10629,3314,3627,6941,1911,3959,5870,457,1895,2352,73418,74853,148271
2020-11-06,4467,4218,8685,5992,6220,12212,14378,14899,29277,15564,14964,30528,12468,11852,24320,9274,8513,17787,5779,4890,10669,3326,3637,6963,1915,3966,5881,457,1897,2354,73620,75056,148676
2020-11-07,4475,4223,8698,5999,6231,12230,14404,14935,29339,15604,15007,30611,12500,11882,24382,9288,8534,17822,5794,4908,10702,3333,3646,6979,1919,3969,5888,457,1897,2354,73773,75232,149005
2020-11-08,4483,4229,8712,6005,6244,12249,14423,14981,29404,15632,15030,30662,12525,11900,24425,9308,8555,17863,5808,4916,10724,3339,3648,6987,1922,3975,5897,458,1897,2355,73903,75375,149278
2020-11-09,4496,4234,8730,6025,6261,12286,14460,15037,29497,15673,15071,30744,12573,11936,24509,9346,8599,17945,5826,4937,10763,3357,3653,7010,1923,3982,5905,458,1899,2357,74137,75609,149746
2020-11-10,4507,4244,8751,6042,6275,12317,14510,15091,29601,15739,15109,30848,12605,11965,24570,9370,8618,17988,5847,4956,10803,3373,3676,7049,1928,3989,5917,461,1900,2361,74382,75823,150205
2020-11-11,4517,4251,8768,6058,6296,12354,14562,15140,29702,15788,15158,30946,12647,11997,24644,9405,8640,18045,5865,4974,10839,3384,3692,7076,1930,3996,5926,463,1904,2367,74619,76048,150667
2020-11-12,4528,4258,8786,6078,6313,12391,14616,15187,29803,15828,15195,31023,12684,12033,24717,9429,8663,18092,5878,4985,10863,3388,3699,7087,1934,4000,5934,463,1908,2371,74826,76241,151067
2020-11-13,4537,4263,8800,6098,6330,12428,14657,15230,29887,15865,15225,31090,12728,12064,24792,9453,8687,18140,5899,5006,10905,3401,3704,7105,1937,4009,5946,465,1915,2380,75040,76433,151473
2020-11-14,4543,4269,8812,6115,6347,12462,14689,15265,29954,15901,15254,31155,12755,12085,24840,9484,8707,18191,5918,5019,10937,3410,3712,7122,1940,4014,5954,466,1916,2382,75221,76588,151809
2020-11-15,4547,4276,8823,6124,6365,12489,14712,15290,30002,15923,15278,31201,12780,12102,24882,9501,8720,18221,5927,5029,10956,3417,3720,7137,1942,4023,5965,467,1916,2383,75340,76719,152059
2020-11-16,4553,4285,8838,6140,6383,12523,14742,15330,30072,15960,15312,31272,12807,12131,24938,9520,8744,18264,5939,5042,10981,3429,3732,7161,1949,4027,5976,468,1918,2386,75507,76904,152411
2020-11-17,4561,4291,8852,6161,6403,12564,14791,15375,30166,15999,15356,31355,12845,12166,25011,9545,8773,18318,5958,5057,11015,3437,3742,7179,1954,4040,5994,470,1922,2392,75721,77125,152846
2020-11-18,4566,4298,8864,6179,6424,12603,14836,15432,30268,16048,15391,31439,12885,12195,25080,9568,8806,18374,5970,5073,11043,3449,3754,7203,1958,4051,6009,470,1927,2397,75929,77351,153280
2020-11-19,4570,4302,8872,6192,6441,12633,14884,15461,30345,16079,15425,31504,12904,12221,25125,9591,8828,18419,5986,5087,11073,3455,3761,7216,1960,4055,6015,470,1931,2401,76091,77512,153603
2020-11-20,4575,4307,8882,6210,6465,12675,14927,15489,30416,16108,15446,31554,12924,12235,25159,9604,8844,18448,6002,5101,11103,3462,3766,7228,1966,4059,6025,471,1933,2404,76249,77645,153894
2020-11-21,4582,4317,8899,6223,6482,12705,14955,15524,30479,16143,15476,31619,12941,12270,25211,9618,8859,18477,6015,5116,11131,3469,3773,7242,1969,4062,6031,471,1936,2407,76386,77815,154201
2020-11-22,4586,4320,8906,6234,6489,12723,14976,15546,30522,16160,15498,31658,12961,12286,25247,9630,8866,18496,6030,5121,11151,3475,3782,7257,1970,4063,6033,471,1937,2408,76493,77908,154401
2020-11-23,4591,4323,8914,6241,6497,12738,14995,15575,30570,16190,15523,31713,12980,12296,25276,9639,8886,18525,6038,5126,11164,3486,3788,7274,1972,4065,6037,471,1939,2410,76603,78018,154621
2020-11-24,4598,4327,8925,6250,6513,12763,15036,15619,30655,16234,15561,31795,13009,12315,25324,9660,8903,18563,6057,5139,11196,3493,3795,7288,1975,4067,6042,471,1941,2412,76783,78180,154963
2020-11-25,4613,4333,8946,6267,6527,12794,15086,15672,30758,16291,15606,31897,13044,12352,25396,9687,8925,18612,6075,5152,11227,3499,3807,7306,1980,4074,6054,471,1943,2414,77013,78391,155404
2020-11-26,4616,4347,8963,6280,6550,12830,15128,15715,30843,16344,15636,31980,13069,12378,25447,9703,8953,18656,6085,5168,11253,3504,3811,7315,1985,4079,6064,472,1946,2418,77186,78583,155769
2020-11-27,4623,4352,8975,6299,6563,12862,15175,15755,30930,16386,15661,32047,13100,12405,25505,9728,8973,18701,6099,5182,11281,3514,3819,7333,1988,4082,6070,474,1948,2422,77386,78740,156126
2020-11-28,4629,4359,8988,6315,6577,12892,15205,15796,31001,16417,15691,32108,13123,12428,25551,9741,8990,18731,6108,5197,11305,3518,3822,7340,1989,4085,6074,474,1950,2424,77519,78895,156414
2020-11-29,4636,4360,8996,6328,6592,12920,15236,15830,31066,16454,15717,32171,13146,12449,25595,9761,9004,18765,6113,5209,11322,3521,3826,7347,1993,4090,6083,476,1950,2426,77664,79027,156691
2020-11-30,4644,4365,9009,6342,6606,12948,15278,15863,31141,16484,15748,32232,13177,12470,25647,9778,9028,18806,6120,5221,11341,3532,3837,7369,1996,4098,6094,476,1953,2429,77827,79189,157016
2020-12-01,4654,4370,9024,6354,6617,12971,15314,15893,31207,16518,15795,32313,13209,12494,25703,9794,9042,18836,6132,5230,11362,3538,3842,7380,1999,4101,6100,476,1953,2429,77988,79337,157325
2020-12-02,4656,4374,9030,6364,6631,12995,15340,15920,31260,16545,15820,32365,13224,12517,25741,9804,9055,18859,6143,5238,11381,3544,3854,7398,2002,4106,6108,479,1958,2437,78101,79473,157574
2020-12-03,4662,4378,9040,6377,6644,13021,15374,15941,31315,16583,15855,32438,13254,12531,25785,9818,9071,18889,6156,5251,11407,3551,3866,7417,2005,4111,6116,481,1959,2440,78261,79607,157868
2020-12-04,4672,4384,9056,6393,6663,13056,15399,15976,31375,16622,15897,32519,13285,12559,25844,9839,9091,18930,6169,5264,11433,3559,3870,7429,2011,4114,6125,481,1959,2440,78430,79777,158207
2020-12-05,4678,4390,9068,6404,6680,13084,15425,16008,31433,16649,15923,32572,13305,12586,25891,9857,9109,18966,6182,5275,11457,3565,3880,7445,2017,4120,6137,481,1959,2440,78563,79930,158493
2020-12-06,4685,4394,9079,6412,6687,13099,15449,16029,31478,16673,15942,32615,13323,12608,25931,9877,9124,19001,6192,5284,11476,3570,3886,7456,2022,4121,6143,481,1959,2440,78684,80034,158718
2020-12-07,4689,4399,9088,6418,6701,13119,15470,16054,31524,16694,15965,32659,13351,12626,25977,9890,9142,19032,6204,5294,11498,3576,3891,7467,2024,4123,6147,481,1961,2442,78797,80156,158953
2020-12-08,4697,4401,9098,6433,6715,13148,15496,16084,31580,16731,15998,32729,13391,12648,26039,9914,9159,19073,6224,5300,11524,3588,3900,7488,2027,4128,6155,482,1963,2445,78983,80296,159279
2020-12-09,4702,4411,9113,6459,6732,13191,15546,16126,31672,16774,16035,32809,13429,12686,26115,9943,9186,19129,6240,5318,11558,3595,3913,7508,2028,4132,6160,483,1967,2450,79199,80506,159705
2020-12-10,4708,4420,9128,6475,6759,13234,15584,16179,31763,16829,16074,32903,13469,12727,26196,9966,9211,19177,6257,5333,11590,3604,3926,7530,2031,4138,6169,483,1969,2452,79406,80736,160142
2020-12-11,4720,4429,9149,6486,6771,13257,15637,16232,31869,16861,16115,32976,13508,12755,26263,9982,9244,19226,6268,5350,11618,3608,3939,7547,2036,4145,6181,483,1970,2453,79589,80950,160539
2020-12-12,4728,4433,9161,6504,6785,13289,15691,16284,31975,16898,16145,33043,13535,12781,26316,9995,9259,19254,6281,5364,11645,3620,3946,7566,2038,4145,6183,483,1970,2453,79773,81112,160885
2020-12-13,4730,4438,9168,6521,6800,13321,15732,16318,32050,16929,16185,33114,13558,12806,26364,10010,9279,19289,6300,5375,11675,3629,3952,7581,2044,4148,6192,485,1970,2455,79938,81271,161209
2020-12-14,4735,4442,9177,6541,6818,13359,15797,16380,32177,16998,16232,33230,13598,12849,26447,10041,9304,19345,6317,5399,11716,3642,3963,7605,2048,4158,6206,485,1972,2457,80202,81517,161719
2020-12-15,4739,4445,9184,6567,6842,13409,15862,16440,32302,17059,16286,33345,13650,12884,26534,10064,9335,19399,6339,5406,11745,3652,3970,7622,2056,4161,6217,487,1975,2462,80475,81744,162219
2020-12-16,4749,4454,9203,6587,6874,13461,15950,16507,32457,17108,16329,33437,13679,12913,26592,10091,9365,19456,6354,5423,11777,3667,3979,7646,2066,4166,6232,489,1979,2468,80740,81989,162729
2020-12-17,4759,4459,9218,6617,6910,13527,16062,16603,32665,17179,16396,33575,13719,12970,26689,10116,9399,19515,6369,5448,11817,3681,3992,7673,2070,4173,6243,490,1980,2470,81062,82330,163392
2020-12-18,4763,4468,9231,6658,6934,13592,16153,16689,32842,17249,16471,33720,13774,13018,26792,10152,9436,19588,6391,5472,11863,3697,4006,7703,2073,4187,6260,490,1990,2480,81400,82671,164071
2020-12-19,4773,4474,9247,6687,6962,13649,16221,16743,32964,17310,16527,33837,13818,13061,26879,10182,9465,19647,6411,5489,11900,3709,4017,7726,2078,4194,6272,490,1991,2481,81679,82923,164602
2020-12-20,4777,4483,9260,6717,6976,13693,16285,16792,33077,17346,16576,33922,13863,13115,26978,10212,9483,19695,6439,5508,11947,3718,4024,7742,2081,4198,6279,493,1993,2486,81931,83148,165079
2020-12-21,4787,4492,9279,6747,7010,13757,16383,16897,33280,17436,16667,34103,13926,13173,27099,10269,9525,19794,6483,5533,12016,3737,4041,7778,2085,4207,6292,493,1995,2488,82346,83540,165886
2020-12-22,4796,4505,9301,6780,7048,13828,16478,16998,33476,17551,16739,34290,13984,13236,27220,10324,9580,19904,6509,5559,12068,3751,4057,7808,2090,4216,6306,494,1998,2492,82757,83936,166693
2020-12-23,4806,4516,9322,6812,7095,13907,16618,17120,33738,17660,16835,34495,14054,13311,27365,10400,9640,20040,6532,5591,12123,3778,4079,7857,2094,4228,6322,495,1999,2494,83249,84414,167663
2020-12-24,4808,4518,9326,6835,7122,13957,16684,17178,33862,17733,16883,34616,14086,13360,27446,10432,9665,20097,6551,5601,12152,3790,4086,7876,2096,4234,6330,495,2000,2495,83510,84647,168157
2020-12-25,4811,4525,9336,6852,7139,13991,16727,17219,33946,17773,16909,34682,14129,13391,27520,10455,9685,20140,6571,5615,12186,3795,4093,7888,2097,4235,6332,495,2001,2496,83705,84812,168517
2020-12-26,4823,4535,9358,6887,7180,14067,16842,17328,34170,17882,17004,34886,14206,13477,27683,10529,9743,20272,6613,5659,12272,3809,4110,7919,2101,4242,6343,495,2002,2497,84187,85280,169467
2020-12-27,4838,4541,9379,6916,7224,14140,16945,17423,34368,17975,17079,35054,14267,13531,27798,10582,9782,20364,6637,5689,12326,3825,4126,7951,2102,4248,6350,495,2002,2497,84582,85645,170227
2020-12-28,4856,4560,9416,6967,7296,14263,17093,17566,34659,18091,17210,35301,14389,13632,28021,10681,9853,20534,6680,5727,12407,3858,4158,8016,2113,4265,6378,497,2004,2501,85225,86271,171496
2020-12-29,4864,4579,9443,7030,7369,14399,17286,17754,35040,18250,17346,35596,14489,13730,28219,10751,9941,20692,6728,5779,12507,3892,4193,8085,2124,4273,6397,500,2007,2507,85914,86971,172885
2020-12-30,4889,4598,9487,7104,7451,14555,17474,17913,35387,18406,17490,35896,14599,13847,28446,10835,10025,20860,6775,5845,12620,3925,4226,8151,2133,4286,6419,503,2011,2514,86643,87692,174335
2020-12-31,4898,4607,9505,7150,7500,14650,17622,18039,35661,18488,17570,36058,14661,13919,28580,10879,10065,20944,6801,5870,12671,3949,4240,8189,2138,4290,6428,503,2011,2514,87089,88111,175200
2021-01-01,4903,4609,9512,7170,7519,14689,17654,18077,35731,18530,17615,36145,14684,13953,28637,10898,10085,20983,6820,5894,12714,3959,4251,8210,2139,4293,6432,503,2011,2514,87260,88307,175567
2021-01-02,4911,4621,9532,7224,7573,14797,17759,18198,35957,18637,17707,36344,14771,14042,28813,10971,10156,21127,6864,5934,12798,3978,4273,8251,2144,4296,6440,509,2011,2520,87768,88811,176579
2021-01-03,4927,4635,9562,7269,7622,14891,17891,18353,36244,18738,17805,36543,14852,14119,28971,11030,10224,21254,6904,5966,12870,3999,4297,8296,2151,4302,6453,510,2012,2522,88271,89335,177606
2021-01-04,4944,4645,9589,7343,7691,15034,18120,18571,36691,18918,17967,36885,14968,14219,29187,11124,10332,21456,6957,6016,12973,4026,4330,8356,2164,4324,6488,512,2016,2528,89076,90111,179187
2021-01-05,4965,4669,9634,7426,7773,15199,18372,18833,37205,19087,18119,37206,15089,14323,29412,11224,10405,21629,7020,6072,13092,4045,4364,8409,2170,4342,6512,514,2026,2540,89912,90926,180838
2021-01-06,4982,4682,9664,7504,7859,15363,18615,19066,37681,19271,18267,37538,15211,14425,29636,11305,10488,21793,7074,6132,13206,4075,4394,8469,2178,4356,6534,515,2030,2545,90730,91699,182429
2021-01-07,5003,4696,9699,7568,7936,15504,18811,19283,38094,19421,18410,37831,15319,14539,29858,11388,10574,21962,7121,6175,13296,4097,4431,8528,2186,4365,6551,520,2033,2553,91434,92442,183876
2021-01-08,5018,4714,9732,7634,8008,15642,19005,19478,38483,19559,18532,38091,15434,14657,30091,11474,10655,22129,7177,6227,13404,4121,4455,8576,2193,4380,6573,521,2038,2559,92136,93144,185280
2021-01-09,5026,4723,9749,7684,8069,15753,19154,19647,38801,19674,18632,38306,15532,14749,30281,11532,10725,22257,7225,6267,13492,4135,4480,8615,2199,4391,6590,523,2041,2564,92684,93724,186408
2021-01-10,5035,4728,9763,7732,8111,15843,19266,19784,39050,19743,18714,38457,15591,14814,30405,11587,10774,22361,7252,6299,13551,4147,4500,8647,2206,4397,6603,526,2043,2569,93085,94164,187249
2021-01-11,5042,4738,9780,7803,8178,15981,19459,19973,39432,19858,18838,38696,15683,14891,30574,11666,10853,22519,7292,6343,13635,4180,4521,8701,2212,4407,6619,527,2047,2574,93722,94789,188511
2021-01-12,5053,4747,9800,7863,8263,16126,19667,20159,39826,19999,18965,38964,15769,14991,30760,11730,10933,22663,7337,6384,13721,4214,4549,8763,2224,4423,6647,527,2050,2577,94383,95464,189847
2021-01-13,5069,4764,9833,7931,8365,16296,19851,20361,40212,20145,19106,39251,15868,15090,30958,11807,11003,22810,7385,6438,13823,4241,4566,8807,2235,4431,6666,528,2055,2583,95060,96179,191239
2021-01-14,5088,4775,9863,7999,8439,16438,20011,20555,40566,20276,19210,39486,15948,15169,31117,11882,11082,22964,7429,6474,13903,4264,4596,8860,2247,4438,6685,532,2056,2588,95676,96794,192470
2021-01-15,5102,4786,9888,8089,8504,16593,20198,20711,40909,20404,19319,39723,16048,15246,31294,11961,11170,23131,7479,6510,13989,4284,4618,8902,2255,4453,6708,532,2059,2591,96352,97376,193728
2021-01-16,5110,4797,9907,8159,8583,16742,20317,20845,41162,20509,19414,39923,16122,15330,31452,12010,11222,23232,7515,6539,14054,4305,4635,8940,2261,4463,6724,533,2064,2597,96841,97892,194733
2021-01-17,5116,4805,9921,8219,8640,16859,20430,20978,41408,20593,19494,40087,16187,15389,31576,12062,11270,23332,7558,6565,14123,4325,4640,8965,2267,4469,6736,534,2065,2599,97291,98315,195606
2021-01-18,5129,4818,9947,8299,8717,17016,20653,21161,41814,20727,19615,40342,16281,15473,31754,12144,11350,23494,7613,6612,14225,4352,4673,9025,2277,4486,6763,535,2067,2602,98010,98972,196982
2021-01-19,5145,4825,9970,8380,8813,17193,20809,21335,42144,20867,19713,40580,16367,15574,31941,12197,11411,23608,7657,6652,14309,4379,4696,9075,2288,4503,6791,535,2073,2608,98624,99595,198219
2021-01-20,5152,4832,9984,8468,8883,17351,20986,21501,42487,20985,19811,40796,16459,15677,32136,12270,11479,23749,7692,6704,14396,4399,4721,9120,2301,4524,6825,535,2078,2613,99247,100210,199457
2021-01-21,5162,4841,10003,8548,8951,17499,21118,21646,42764,21105,19921,41026,16557,15775,32332,12340,11562,23902,7734,6742,14476,4426,4750,9176,2310,4543,6853,539,2084,2623,99839,100815,200654
2021-01-22,5182,4851,10033,8618,9014,17632,21253,21804,43057,21202,20023,41225,16625,15853,32478,12404,11631,24035,7776,6769,14545,4445,4770,9215,2322,4553,6875,541,2087,2628,100368,101355,201723
2021-01-23,5189,4863,10052,8693,9087,17780,21359,21913,43272,21283,20085,41368,16674,15911,32585,12461,11694,24155,7804,6804,14608,4466,4799,9265,2326,4564,6890,543,2087,2630,100798,101807,202605
2021-01-24,5198,4878,10076,8764,9145,17909,21492,21997,43489,21368,20167,41535,16723,15967,32690,12501,11735,24236,7836,6830,14666,4487,4811,9298,2330,4570,6900,543,2087,2630,101242,102187,203429
2021-01-25,5209,4891,10100,8877,9261,18138,21649,22150,43799,21489,20254,41743,16821,16064,32885,12567,11793,24360,7889,6870,14759,4511,4841,9352,2338,4584,6922,546,2088,2634,101896,102796,204692
2021-01-26,5223,4906,10129,8984,9381,18365,21782,22293,44075,21588,20343,41931,16901,16153,33054,12640,11860,24500,7933,6905,14838,4534,4865,9399,2348,4605,6953,548,2097,2645,102481,103408,205889
2021-01-27,5230,4922,10152,9101,9474,18575,21895,22421,44316,21680,20422,42102,16971,16229,33200,12697,11907,24604,7975,6940,14915,4551,4882,9433,2356,4618,6974,549,2099,2648,103005,103914,206919
2021-01-28,5242,4932,10174,9182,9577,18759,22045,22544,44589,21784,20501,42285,17051,16314,33365,12760,11964,24724,8018,6977,14995,4564,4903,9467,2360,4631,6991,549,2103,2652,103555,104446,208001
2021-01-29,5262,4947,10209,9273,9678,18951,22152,22664,44816,21872,20600,42472,17128,16401,33529,12818,12038,24856,8045,7012,15057,4582,4928,9510,2366,4647,7013,552,2106,2658,104050,105021,209071
2021-01-30,5270,4953,10223,9395,9771,19166,22249,22767,45016,21937,20677,42614,17191,16469,33660,12857,12089,24946,8075,7046,15121,4594,4945,9539,2369,4655,7024,553,2108,2661,104490,105480,209970
2021-01-31,5273,4966,10239,9503,9871,19374,22336,22871,45207,21990,20745,42735,17266,16543,33809,12902,12137,25039,8102,7078,15180,4611,4958,9569,2372,4660,7032,553,2110,2663,104908,105939,210847
2021-02-01,5285,4980,10265,9609,9999,19608,22468,22997,45465,22082,20828,42910,17363,16630,33993,12969,12209,25178,8146,7124,15270,4642,4993,9635,2380,4673,7053,553,2114,2667,105497,106547,212044
2021-02-02,5293,4995,10288,9689,10093,19782,22582,23125,45707,22180,20929,43109,17437,16708,34145,13035,12269,25304,8193,7157,15350,4657,5008,9665,2388,4693,7081,553,2117,2670,106007,107094,213101
2021-02-03,5308,5009,10317,9773,10154,19927,22706,23238,45944,22269,21024,43293,17511,16785,34296,13101,12345,25446,8233,7204,15437,4681,5030,9711,2400,4707,7107,556,2117,2673,106538,107613,214151
2021-02-04,5313,5019,10332,9834,10217,20051,22805,23339,46144,22343,21108,43451,17585,16850,34435,13161,12412,25573,8278,7232,15510,4699,5053,9752,2410,4724,7134,556,2122,2678,106984,108076,215060
2021-02-05,5322,5029,10351,9889,10265,20154,22891,23443,46334,22430,21192,43622,17647,16928,34575,13206,12468,25674,8312,7255,15567,4717,5074,9791,2415,4733,7148,557,2125,2682,107386,108512,215898
2021-02-06,5331,5034,10365,9923,10303,20226,22971,23509,46480,22488,21258,43746,17699,16991,34690,13242,12510,25752,8336,7284,15620,4733,5091,9824,2422,4739,7161,557,2127,2684,107702,108846,216548
2021-02-07,5335,5040,10375,9954,10334,20288,23021,23565,46586,22544,21318,43862,17740,17023,34763,13281,12547,25828,8364,7316,15680,4753,5102,9855,2426,4749,7175,557,2129,2686,107975,109123,217098
2021-02-08,5346,5056,10402,10015,10384,20399,23108,23657,46765,22628,21401,44029,17832,17111,34943,13337,12611,25948,8416,7353,15769,4775,5136,9911,2432,4764,7196,559,2131,2690,108448,109604,218052
2021-02-09,5355,5061,10416,10060,10414,20474,23185,23729,46914,22705,21477,44182,17895,17167,35062,13378,12657,26035,8451,7381,15832,4785,5152,9937,2439,4774,7213,560,2132,2692,108813,109944,218757
2021-02-10,5373,5069,10442,10099,10455,20554,23257,23818,47075,22783,21564,44347,17960,17229,35189,13422,12700,26122,8484,7405,15889,4802,5170,9972,2444,4783,7227,561,2135,2696,109185,110328,219513
2021-02-11,5379,5079,10458,10128,10492,20620,23336,23899,47235,22848,21628,44476,18017,17283,35300,13460,12763,26223,8528,7442,15970,4823,5190,10013,2449,4785,7234,563,2140,2703,109531,110701,220232
2021-02-12,5389,5088,10477,10168,10534,20702,23398,23971,47369,22926,21697,44623,18079,17336,35415,13504,12801,26305,8555,7469,16024,4842,5207,10049,2460,4799,7259,564,2144,2708,109885,111046,220931
2021-02-13,5399,5091,10490,10199,10561,20760,23456,24027,47483,22984,21753,44737,18130,17385,35515,13542,12835,26377,8574,7489,16063,4860,5228,10088,2461,4807,7268,568,2146,2714,110173,111322,221495
2021-02-14,5405,5097,10502,10224,10589,20813,23489,24077,47566,23022,21812,44834,18184,17432,35616,13571,12867,26438,8599,7515,16114,4873,5246,10119,2466,4813,7279,568,2147,2715,110401,111595,221996
2021-02-15,5408,5103,10511,10254,10621,20875,23541,24137,47678,23076,21877,44953,18240,17487,35727,13606,12902,26508,8624,7534,16158,4879,5254,10133,2472,4819,7291,568,2151,2719,110668,111885,222553
2021-02-16,5417,5116,10533,10278,10657,20935,23590,24198,47788,23137,21931,45068,18288,17532,35820,13632,12936,26568,8647,7565,16212,4893,5274,10167,2480,4826,7306,569,2156,2725,110931,112191,223122
2021-02-17,5430,5124,10554,10314,10688,21002,23679,24302,47981,23227,22013,45240,18356,17599,35955,13689,12995,26684,8696,7595,16291,4913,5288,10201,2487,4838,7325,570,2158,2728,111361,112600,223961
2021-02-18,5437,5138,10575,10350,10716,21066,23782,24414,48196,23308,22107,45415,18411,17674,36085,13727,13051,26778,8736,7618,16354,4935,5302,10237,2491,4844,7335,571,2163,2734,111748,113027,224775
2021-02-19,5442,5144,10586,10394,10753,21147,23861,24503,48364,23420,22194,45614,18476,17734,36210,13764,13100,26864,8766,7641,16407,4953,5316,10269,2493,4850,7343,571,2163,2734,112140,113398,225538
2021-02-20,5449,5149,10598,10422,10775,21197,23927,24576,48503,23491,22249,45740,18519,17789,36308,13800,13141,26941,8796,7662,16458,4967,5333,10300,2497,4858,7355,572,2164,2736,112440,113696,226136
2021-02-21,5459,5153,10612,10445,10809,21254,23993,24635,48628,23550,22312,45862,18567,17831,36398,13828,13178,27006,8817,7694,16511,4977,5344,10321,2500,4862,7362,572,2168,2740,112708,113986,226694
2021-02-22,5470,5163,10633,10483,10843,21326,24077,24711,48788,23634,22378,46012,18621,17874,36495,13881,13211,27092,8834,7722,16556,4994,5360,10354,2504,4869,7373,574,2168,2742,113072,114299,227371
2021-02-23,5483,5174,10657,10513,10883,21396,24175,24790,48965,23708,22465,46173,18679,17919,36598,13922,13255,27177,8876,7747,16623,5007,5373,10380,2513,4877,7390,577,2168,2745,113453,114651,228104
2021-02-24,5498,5182,10680,10551,10919,21470,24258,24865,49123,23775,22520,46295,18730,17977,36707,13956,13306,27262,8903,7772,16675,5019,5392,10411,2516,4882,7398,577,2172,2749,113783,114987,228770
2021-02-25,5513,5197,10710,10588,10967,21555,24357,24969,49326,23848,22603,46451,18787,18050,36837,14010,13353,27363,8939,7793,16732,5034,5413,10447,2521,4890,7411,580,2177,2757,114177,115412,229589
2021-02-26,5521,5207,10728,10628,10998,21626,24418,25046,49464,23919,22652,46571,18826,18109,36935,14056,13401,27457,8965,7823,16788,5051,5438,10489,2526,4903,7429,582,2179,2761,114492,115756,230248
2021-02-27,5531,5210,10741,10648,11020,21668,24475,25113,49588,23977,22702,46679,18867,18167,37034,14096,13431,27527,8998,7843,16841,5056,5455,10511,2533,4908,7441,582,2180,2762,114763,116029,230792
2021-02-28,5539,5212,10751,10671,11038,21709,24514,25166,49680,24034,22752,46786,18905,18210,37115,14125,13451,27576,9016,7863,16879,5061,5463,10524,2535,4914,7449,582,2184,2766,114982,116253,231235
2021-03-01,5557,5232,10789,10712,11072,21784,24581,25244,49825,24136,22825,46961,18966,18278,37244,14176,13498,27674,9047,7889,16936,5076,5483,10559,2538,4929,7467,582,2186,2768,115371,116636,232007
2021-03-02,5572,5243,10815,10749,11105,21854,24651,25315,49966,24210,22902,47112,19015,18322,37337,14214,13545,27759,9078,7911,16989,5091,5495,10586,2542,4941,7483,582,2188,2770,115704,116967,232671
2021-03-03,5587,5253,10840,10793,11146,21939,24744,25391,50135,24286,22981,47267,19077,18375,37452,14253,13588,27841,9126,7938,17064,5104,5515,10619,2549,4953,7502,582,2191,2773,116101,117331,233432
2021-03-04,5604,5266,10870,10825,11190,22015,24825,25464,50289,24358,23037,47395,19143,18437,37580,14303,13630,27933,9165,7969,17134,5114,5529,10643,2551,4961,7512,582,2191,2773,116470,117674,234144
2021-03-05,5626,5274,10900,10885,11247,22132,24915,25556,50471,24431,23127,47558,19226,18496,37722,14359,13687,28046,9189,7998,17187,5129,5550,10679,2554,4971,7525,583,2194,2777,116897,118100,234997
2021-03-06,5631,5282,10913,10925,11301,22226,24966,25608,50574,24490,23178,47668,19276,18563,37839,14386,13727,28113,9222,8028,17250,5147,5554,10701,2559,4976,7535,583,2196,2779,117185,118413,235598
2021-03-07,5637,5296,10933,10958,11337,22295,25012,25659,50671,24548,23229,47777,19320,18606,37926,14428,13762,28190,9248,8056,17304,5153,5570,10723,2566,4979,7545,583,2197,2780,117453,118691,236144
2021-03-08,5655,5307,10962,11002,11364,22366,25096,25743,50839,24654,23309,47963,19403,18682,38085,14470,13822,28292,9295,8086,17381,5168,5590,10758,2577,4991,7568,584,2201,2785,117904,119095,236999
2021-03-09,5668,5327,10995,11053,11437,22490,25180,25818,50998,24734,23403,48137,19474,18761,38235,14537,13869,28406,9331,8117,17448,5190,5606,10796,2587,5000,7587,584,2203,2787,118338,119541,237879
2021-03-10,5688,5340,11028,11096,11493,22589,25244,25910,51154,24831,23470,48301,19523,18826,38349,14585,13932,28517,9363,8152,17515,5205,5632,10837,2591,5007,7598,584,2206,2790,118710,119968,238678
2021-03-11,5704,5362,11066,11145,11566,22711,25319,26017,51336,24921,23540,48461,19599,18891,38490,14635,13981,28616,9398,8180,17578,5221,5647,10868,2599,5019,7618,585,2207,2792,119126,120410,239536
2021-03-12,5723,5371,11094,11219,11635,22854,25401,26084,51485,25001,23616,48617,19675,18977,38652,14689,14040,28729,9424,8211,17635,5252,5670,10922,2605,5036,7641,586,2213,2799,119575,120853,240428
2021-03-13,5734,5380,11114,11270,11692,22962,25477,26151,51628,25064,23686,48750,19745,19043,38788,14730,14087,28817,9444,8239,17683,5266,5679,10945,2608,5039,7647,586,2216,2802,119924,121212,241136
2021-03-14,5743,5387,11130,11299,11746,23045,25539,26213,51752,25125,23743,48868,19792,19099,38891,14777,14135,28912,9476,8266,17742,5280,5693,10973,2613,5044,7657,586,2218,2804,120230,121544,241774
2021-03-15,5756,5409,11165,11349,11794,23143,25617,26279,51896,25224,23816,49040,19876,19160,39036,14859,14189,29048,9516,8305,17821,5311,5712,11023,2618,5054,7672,588,2227,2815,120714,121945,242659
2021-03-16,5770,5421,11191,11416,11851,23267,25707,26374,52081,25296,23896,49192,19974,19236,39210,14915,14242,29157,9542,8336,17878,5322,5722,11044,2626,5073,7699,591,2229,2820,121159,122380,243539
2021-03-17,5787,5437,11224,11485,11907,23392,25806,26470,52276,25391,23986,49377,20038,19307,39345,14955,14281,29236,9584,8370,17954,5344,5740,11084,2628,5079,7707,591,2231,2822,121609,122808,244417
2021-03-18,5807,5451,11258,11544,11964,23508,25895,26571,52466,25471,24081,49552,20104,19381,39485,15016,14331,29347,9614,8411,18025,5358,5775,11133,2633,5088,7721,591,2237,2828,122033,123290,245323
2021-03-19,5828,5472,11300,11602,12032,23634,25987,26684,52671,25570,24176,49746,20183,19468,39651,15062,14384,29446,9652,8451,18103,5384,5794,11178,2636,5103,7739,591,2237,2828,122495,123801,246296
2021-03-20,5835,5489,11324,11640,12078,23718,26056,26749,52805,25654,24244,49898,20257,19520,39777,15108,14426,29534,9685,8469,18154,5395,5809,11204,2638,5110,7748,591,2238,2829,122859,124132,246991
2021-03-21,5849,5505,11354,11681,12123,23804,26108,26808,52916,25734,24321,50055,20324,19580,39904,15141,14473,29614,9722,8502,18224,5416,5833,11249,2642,5119,7761,592,2238,2830,123209,124502,247711
2021-03-22,5871,5525,11396,11743,12191,23934,26235,26925,53160,25859,24453,50312,20419,19678,40097,15225,14546,29771,9762,8541,18303,5436,5852,11288,2648,5131,7779,593,2243,2836,123791,125085,248876
2021-03-23,5892,5538,11430,11809,12282,24091,26360,27063,53423,25997,24579,50576,20523,19783,40306,15312,14614,29926,9820,8603,18423,5460,5881,11341,2653,5146,7799,594,2247,2841,124420,125736,250156
2021-03-24,5914,5554,11468,11897,12365,24262,26488,27210,53698,26121,24696,50817,20644,19885,40529,15400,14701,30101,9872,8646,18518,5488,5908,11396,2662,5151,7813,596,2252,2848,125082,126368,251450
2021-03-25,5935,5576,11511,11987,12456,24443,26668,27387,54055,26265,24850,51115,20766,20010,40776,15487,14806,30293,9923,8705,18628,5521,5936,11457,2676,5166,7842,596,2255,2851,125824,127147,252971
2021-03-26,5970,5602,11572,12094,12550,24644,26850,27595,54445,26409,25000,51409,20919,20148,41067,15578,14908,30486,9975,8762,18737,5552,5969,11521,2686,5183,7869,596,2259,2855,126629,127976,254605
2021-03-27,5993,5623,11616,12171,12624,24795,27002,27746,54748,26531,25137,51668,21032,20279,41311,15663,14987,30650,10032,8815,18847,5577,5998,11575,2697,5195,7892,597,2261,2858,127295,128665,255960
2021-03-28,6015,5640,11655,12241,12710,24951,27133,27851,54984,26667,25263,51930,21155,20379,41534,15751,15066,30817,10080,8861,18941,5609,6024,11633,2704,5203,7907,598,2263,2861,127953,129260,257213
2021-03-29,6057,5672,11729,12355,12821,25176,27347,28066,55413,26832,25464,52296,21306,20521,41827,15896,15174,31070,10171,8912,19083,5651,6061,11712,2708,5215,7923,600,2268,2868,128923,130174,259097
2021-03-30,6080,5704,11784,12475,12934,25409,27588,28328,55916,27050,25658,52708,21489,20682,42171,16019,15301,31320,10244,8972,19216,5683,6107,11790,2718,5237,7955,606,2272,2878,129952,131195,261147
2021-03-31,6115,5737,11852,12604,13062,25666,27879,28602,56481,27271,25862,53133,21688,20850,42538,16136,15431,31567,10314,9035,19349,5712,6140,11852,2731,5255,7986,606,2278,2884,131056,132252,263308
2021-04-01,6138,5760,11898,12757,13239,25996,28178,28873,57051,27490,26079,53569,21832,21026,42858,16284,15551,31835,10395,9119,19514,5743,6170,11913,2741,5261,8002,609,2280,2889,132167,133358,265525
2021-04-02,6164,5791,11955,12885,13412,26297,28369,29068,57437,27684,26252,53936,21992,21176,43168,16396,15654,32050,10465,9178,19643,5778,6209,11987,2747,5273,8020,611,2281,2892,133091,134294,267385
2021-04-03,6187,5816,12003,13006,13526,26532,28560,29258,57818,27895,26459,54354,22168,21353,43521,16524,15779,32303,10539,9256,19795,5814,6248,12062,2760,5286,8046,614,2287,2901,134067,135268,269335
2021-04-04,6219,5838,12057,13128,13653,26781,28777,29472,58249,28100,26639,54739,22356,21516,43872,16651,15892,32543,10613,9327,19940,5846,6286,12132,2764,5298,8062,616,2290,2906,135070,136211,271281
2021-04-05,6263,5889,12152,13324,13850,27174,29133,29829,58962,28404,26991,55395,22596,21779,44375,16854,16093,32947,10734,9431,20165,5897,6347,12244,2778,5321,8099,616,2297,2913,136599,137827,274426
2021-04-06,6311,5930,12241,13489,14046,27535,29518,30161,59679,28738,27310,56048,22839,22047,44886,17050,16283,33333,10844,9521,20365,5941,6395,12336,2799,5334,8133,620,2303,2923,138149,139330,277479
2021-04-07,6355,5991,12346,13703,14264,27967,29913,30567,60480,29101,27588,56689,23102,22313,45415,17237,16458,33695,10946,9628,20574,5988,6436,12424,2817,5353,8170,622,2308,2930,139784,140906,280690
2021-04-08,6402,6048,12450,13900,14448,28348,30274,30947,61221,29409,27907,57316,23339,22582,45921,17440,16638,34078,11037,9722,20759,6039,6483,12522,2835,5376,8211,624,2311,2935,141299,142462,283761
2021-04-09,6468,6105,12573,14079,14620,28699,30578,31302,61880,29720,28211,57931,23578,22825,46403,17572,16806,34378,11117,9812,20929,6076,6520,12596,2852,5392,8244,628,2318,2946,142668,143911,286579
2021-04-10,6515,6141,12656,14237,14777,29014,30810,31606,62416,29940,28461,58401,23781,23025,46806,17705,16951,34656,11214,9897,21111,6114,6550,12664,2866,5412,8278,630,2322,2952,143812,145142,288954
2021-04-11,6546,6175,12721,14358,14943,29301,30994,31782,62776,30164,28692,58856,23969,23222,47191,17839,17079,34918,11309,9982,21291,6164,6599,12763,2873,5425,8298,632,2329,2961,144848,146228,291076
2021-04-12,6621,6225,12846,14536,15139,29675,31310,32082,63392,30508,28960,59468,24205,23489,47694,18040,17271,35311,11457,10105,21562,6235,6663,12898,2886,5449,8335,635,2334,2969,146433,147717,294150
2021-04-13,6676,6269,12945,14703,15299,30002,31608,32402,64010,30806,29254,60060,24466,23741,48207,18231,17458,35689,11584,10210,21794,6293,6724,13017,2905,5473,8378,640,2341,2981,147912,149171,297083
2021-04-14,6717,6340,13057,14894,15476,30370,31932,32763,64695,31121,29543,60664,24745,24031,48776,18454,17645,36099,11706,10348,22054,6363,6780,13143,2915,5495,8410,643,2350,2993,149490,150771,300261
2021-04-15,6775,6387,13162,15045,15619,30664,32190,33036,65226,31383,29814,61197,24993,24255,49248,18658,17815,36473,11824,10463,22287,6428,6838,13266,2928,5516,8444,646,2355,3001,150870,152098,302968
2021-04-16,6828,6438,13266,15205,15771,30976,32447,33352,65799,31692,30129,61821,25299,24524,49823,18874,17987,36861,11969,10590,22559,6482,6904,13386,2949,5538,8487,647,2362,3009,152392,153595,305987
2021-04-17,6868,6472,13340,15329,15909,31238,32673,33642,66315,31937,30391,62328,25525,24727,50252,19043,18141,37184,12084,10703,22787,6549,6975,13524,2959,5563,8522,650,2371,3021,153617,154894,308511
2021-04-18,6908,6517,13425,15436,16021,31457,32859,33843,66702,32171,30611,62782,25743,24926,50669,19229,18273,37502,12176,10801,22977,6605,7012,13617,2972,5582,8554,651,2375,3026,154750,155961,310711
2021-04-19,6967,6574,13541,15579,16170,31749,33182,34172,67354,32537,30944,63481,26038,25252,51290,19442,18477,37919,12334,10933,23267,6673,7072,13745,2987,5605,8592,651,2381,3032,156390,157580,313970
2021-04-20,7042,6639,13681,15728,16323,32051,33462,34481,67943,32874,31289,64163,26330,25524,51854,19665,18662,38327,12481,11067,23548,6730,7130,13860,3006,5641,8647,655,2384,3039,157973,159140,317113
2021-04-21,7095,6686,13781,15888,16485,32373,33738,34804,68542,33197,31600,64797,26635,25796,52431,19856,18856,38712,12614,11193,23807,6796,7196,13992,3032,5674,8706,658,2393,3051,159509,160683,320192
2021-04-22,7165,6747,13912,16032,16658,32690,33967,35053,69020,33487,31877,65364,26883,26033,52916,20030,19036,39066,12723,11315,24038,6856,7253,14109,3048,5698,8746,663,2402,3065,160854,162072,322926
2021-04-23,7233,6803,14036,16186,16820,33006,34236,35315,69551,33803,32183,65986,27133,26324,53457,20212,19214,39426,12834,11416,24250,6898,7320,14218,3066,5726,8792,665,2410,3075,162266,163531,325797
2021-04-24,7272,6835,14107,16277,16919,33196,34414,35507,69921,34003,32390,66393,27347,26532,53879,20378,19339,39717,12925,11494,24419,6935,7359,14294,3076,5755,8831,665,2419,3084,163292,164549,327841
2021-04-25,7320,6872,14192,16356,17011,33367,34571,35679,70250,34199,32583,66782,27524,26723,54247,20538,19469,40007,13006,11575,24581,6968,7402,14370,3085,5772,8857,666,2420,3086,164233,165506,329739
2021-04-26,7389,6921,14310,16462,17147,33609,34796,35929,70725,34502,32853,67355,27777,26980,54757,20718,19631,40349,13128,11681,24809,7013,7472,14485,3099,5798,8897,669,2425,3094,165553,166837,332390
2021-04-27,7451,6988,14439,16595,17285,33880,35015,36186,71201,34785,33146,67931,27994,27247,55241,20877,19791,40668,13239,11783,25022,7078,7537,14615,3123,5823,8946,674,2428,3102,166831,168214,335045
2021-04-28,7537,7042,14579,16743,17416,34159,35226,36401,71627,35057,33404,68461,28217,27490,55707,21047,19968,41015,13354,11888,25242,7137,7583,14720,3135,5846,8981,677,2434,3111,168130,169472,337602
2021-04-29,7590,7096,14686,16889,17564,34453,35469,36648,72117,35281,33690,68971,28445,27714,56159,21199,20136,41335,13463,11991,25454,7188,7640,14828,3153,5865,9018,679,2437,3116,169356,170781,340137
2021-04-30,7664,7160,14824,17022,17698,34720,35679,36905,72584,35504,33968,69472,28685,27936,56621,21365,20303,41668,13567,12126,25693,7245,7697,14942,3168,5881,9049,683,2446,3129,170582,172120,342702
2021-05-01,7710,7192,14902,17104,17781,34885,35825,37058,72883,35674,34146,69820,28830,28105,56935,21484,20412,41896,13663,12208,25871,7278,7737,15015,3174,5901,9075,683,2452,3135,171425,172992,344417
2021-05-02,7742,7227,14969,17186,17865,35051,35945,37209,73154,35830,34330,70160,28991,28270,57261,21605,20542,42147,13753,12286,26039,7311,7781,15092,3181,5919,9100,684,2457,3141,172228,173886,346114
2021-05-03,7817,7288,15105,17309,18007,35316,36176,37473,73649,36132,34627,70759,29246,28530,57776,21785,20739,42524,13885,12397,26282,7360,7841,15201,3206,5948,9154,690,2468,3158,173606,175318,348924
2021-05-04,7869,7360,15229,17436,18133,35569,36413,37691,74104,36390,34882,71272,29467,28746,58213,21969,20889,42858,14009,12484,26493,7400,7893,15293,3225,5970,9195,692,2479,3171,174870,176527,351397
2021-05-05,7924,7419,15343,17554,18248,35802,36632,37898,74530,36633,35120,71753,29661,28955,58616,22116,21058,43174,14096,12575,26671,7430,7940,15370,3239,5993,9232,696,2488,3184,175981,177694,353675
2021-05-06,7978,7474,15452,17642,18349,35991,36804,38116,74920,36833,35321,72154,29830,29139,58969,22259,21177,43436,14185,12664,26849,7469,7981,15450,3245,6015,9260,697,2498,3195,176942,178734,355676
2021-05-07,8026,7536,15562,17776,18467,36243,36978,38329,75307,37038,35541,72579,29996,29320,59316,22391,21324,43715,14282,12764,27046,7510,8023,15533,3264,6034,9298,699,2505,3204,177960,179843,357803
2021-05-08,8063,7561,15624,17853,18554,36407,37127,38477,75604,37211,35700,72911,30137,29495,59632,22512,21436,43948,14350,12828,27178,7540,8053,15593,3276,6056,9332,705,2513,3218,178774,180673,359447
2021-05-09,8102,7602,15704,17919,18629,36548,37244,38597,75841,37350,35869,73219,30278,29643,59921,22602,21517,44119,14422,12896,27318,7568,8084,15652,3284,6071,9355,709,2522,3231,179478,181430,360908
2021-05-10,8158,7670,15828,18066,18764,36830,37471,38856,76327,37625,36137,73762,30526,29884,60410,22797,21716,44513,14530,13010,27540,7627,8139,15766,3303,6108,9411,713,2529,3242,180816,182813,363629
2021-05-11,8223,7730,15953,18200,18868,37068,37682,39104,76786,37893,36402,74295,30759,30127,60886,22956,21874,44830,14629,13098,27727,7673,8188,15861,3314,6134,9448,722,2540,3262,182051,184065,366116
2021-05-12,8285,7799,16084,18310,18983,37293,37920,39338,77258,38156,36650,74806,30988,30351,61339,23128,22050,45178,14724,13191,27915,7719,8236,15955,3330,6165,9495,729,2550,3279,183289,185313,368602
2021-05-13,8355,7829,16184,18422,19105,37527,38108,39533,77641,38371,36880,75251,31185,30551,61736,23278,22224,45502,14797,13269,28066,7760,8283,16043,3345,6184,9529,734,2560,3294,184355,186418,370773
2021-05-14,8428,7897,16325,18557,19254,37811,38331,39805,78136,38634,37174,75808,31450,30793,62243,23454,22400,45854,14888,13380,28268,7812,8339,16151,3363,6207,9570,735,2567,3302,185652,187816,373468
2021-05-15,8497,7942,16439,18665,19386,38051,38501,39984,78485,38825,37362,76187,31647,30983,62630,23597,22537,46134,14975,13450,28425,7840,8382,16222,3379,6233,9612,735,2573,3308,186661,188832,375493
2021-05-16,8535,7991,16526,18747,19471,38218,38642,40163,78805,39018,37562,76580,31838,31167,63005,23732,22645,46377,15052,13521,28573,7878,8422,16300,3387,6244,9631,738,2584,3322,187567,189770,377337
2021-05-17,8629,8058,16687,18922,19654,38576,38960,40463,79423,39358,37899,77257,32148,31514,63662,23960,22883,46843,15185,13632,28817,7943,8495,16438,3419,6282,9701,744,2596,3340,189268,191476,380744
2021-05-18,8720,8143,16863,19097,19790,38887,39250,40779,80029,39696,38213,77909,32407,31796,64203,24166,23104,47270,15294,13749,29043,8006,8547,16553,3436,6312,9748,746,2616,3362,190818,193049,383867
2021-05-19,8808,8221,17029,19273,19974,39247,39551,41115,80666,40005,38517,78522,32712,32081,64793,24371,23281,47652,15414,13843,29257,8053,8614,16667,3457,6341,9798,747,2623,3370,192391,194610,387001
2021-05-20,8884,8286,17170,19422,20143,39565,39843,41438,81281,40307,38829,79136,32954,32342,65296,24563,23438,48001,15507,13939,29446,8115,8671,16786,3471,6387,9858,750,2629,3379,193816,196102,389918
2021-05-21,8956,8357,17313,19573,20302,39875,40094,41728,81822,40572,39111,79683,33202,32607,65809,24759,23634,48393,15599,14030,29629,8149,8721,16870,3489,6420,9909,754,2637,3391,195147,197547,392694
2021-05-22,9011,8390,17401,19664,20414,40078,40253,41904,82157,40801,39314,80115,33369,32778,66147,24902,23781,48683,15684,14112,29796,8177,8763,16940,3503,6451,9954,757,2654,3411,196121,198561,394682
2021-05-23,9040,8426,17466,19758,20532,40290,40438,42059,82497,40991,39521,80512,33552,32935,66487,25061,23910,48971,15761,14155,29916,8206,8797,17003,3522,6476,9998,757,2659,3416,197086,199470,396556
2021-05-24,9103,8463,17566,19886,20678,40564,40672,42299,82971,41281,39803,81084,33829,33213,67042,25257,24078,49335,15867,14242,30109,8245,8842,17087,3545,6503,10048,759,2668,3427,198444,200789,399233
2021-05-25,9156,8511,17667,19999,20787,40786,40890,42537,83427,41557,40053,81610,34101,33467,67568,25418,24232,49650,15958,14312,30270,8276,8890,17166,3559,6531,10090,759,2675,3434,199673,201995,401668
2021-05-26,9224,8584,17808,20149,20939,41088,41175,42837,84012,41889,40358,82247,34384,33758,68142,25644,24427,50071,16066,14425,30491,8332,8951,17283,3582,6574,10156,762,2690,3452,201207,203543,404750
2021-05-27,9299,8649,17948,20273,21078,41351,41423,43105,84528,42194,40657,82851,34652,34028,68680,25845,24596,50441,16167,14521,30688,8378,9002,17380,3603,6610,10213,765,2703,3468,202599,204949,407548
2021-05-28,9367,8706,18073,20439,21229,41668,41663,43365,85028,42438,40953,83391,34908,34266,69174,26030,24760,50790,16258,14622,30880,8416,9048,17464,3620,6652,10272,771,2710,3481,203910,206311,410221
2021-05-29,9427,8760,18187,20539,21326,41865,41818,43572,85390,42635,41148,83783,35073,34449,69522,26136,24901,51037,16343,14691,31034,8454,9088,17542,3633,6669,10302,773,2718,3491,204831,207322,412153
2021-05-30,9454,8794,18248,20625,21406,42031,41959,43734,85693,42776,41303,84079,35232,34616,69848,26220,25005,51225,16390,14739,31129,8476,9120,17596,3645,6687,10332,773,2719,3492,205550,208123,413673
2021-05-31,9522,8863,18385,20743,21536,42279,42167,43956,86123,43008,41566,84574,35427,34864,70291,26376,25166,51542,16471,14832,31303,8520,9171,17691,3665,6711,10376,774,2730,3504,206673,209395,416068
2021-06-01,9570,8918,18488,20854,21653,42507,42375,44162,86537,43241,41776,85017,35617,35071,70688,26516,25298,51814,16546,14910,31456,8557,9215,17772,3680,6740,10420,780,2738,3518,207736,210481,418217
2021-06-02,9614,8962,18576,20961,21745,42706,42521,44339,86860,43410,41950,85360,35754,35233,70987,26635,25408,52043,16610,14972,31582,8599,9259,17858,3695,6769,10464,786,2745,3531,208585,211382,419967
2021-06-03,9669,9013,18682,21066,21850,42916,42701,44526,87227,43589,42148,85737,35903,35388,71291,26741,25534,52275,16668,15027,31695,8637,9301,17938,3707,6790,10497,788,2755,3543,209469,212332,421801
2021-06-04,9731,9074,18805,21163,21974,43137,42869,44714,87583,43784,42324,86108,36055,35549,71604,26846,25662,52508,16724,15092,31816,8673,9340,18013,3716,6815,10531,789,2763,3552,210350,213307,423657
2021-06-05,9762,9113,18875,21234,22047,43281,42995,44817,87812,43917,42452,86369,36184,35674,71858,26936,25746,52682,16780,15134,31914,8690,9371,18061,3730,6847,10577,795,2775,3570,211023,213976,424999
2021-06-06,9804,9146,18950,21304,22111,43415,43089,44929,88018,44044,42571,86615,36324,35798,72122,27008,25831,52839,16823,15173,31996,8718,9400,18118,3739,6867,10606,797,2782,3579,211650,214608,426258
2021-06-07,9850,9196,19046,21404,22203,43607,43281,45106,88387,44223,42784,87007,36502,35991,72493,27139,25968,53107,16886,15224,32110,8754,9447,18201,3767,6890,10657,798,2791,3589,212604,215600,428204
2021-06-08,9900,9248,19148,21514,22297,43811,43448,45239,88687,44367,42951,87318,36661,36149,72810,27253,26076,53329,16935,15278,32213,8790,9483,18273,3779,6910,10689,799,2798,3597,213446,216429,429875
2021-06-09,9944,9286,19230,21601,22394,43995,43587,45370,88957,44522,43104,87626,36797,36275,73072,27346,26168,53514,16988,15321,32309,8824,9503,18327,3801,6922,10723,800,2804,3604,214210,217147,431357
2021-06-10,9967,9307,19274,21671,22462,44133,43686,45495,89181,44635,43213,87848,36913,36389,73302,27421,26228,53649,17015,15356,32371,8844,9518,18362,3805,6933,10738,801,2808,3609,214758,217709,432467
2021-06-11,9970,9309,19279,21688,22476,44164,43717,45528,89245,44664,43242,87906,36947,36423,73370,27438,26238,53676,17025,15364,32389,8849,9521,18370,3806,6938,10744,801,2809,3610,214905,217848,432753
