FECHA,<=10M,<=10F,<=10,11-20M,11-20F,11-20,21-30M,21-30F,21-30,31-40M,31-40F,31-40,41-50M,41-50F,41-50,51-60M,51-60F,51-60,61-70M,61-70F,61-70,71-80M,71-80F,71-80,81-90M,81-90F,81-90,>=91M,>=91F,>=91,TotalM,TotalF,Total
2020-03-15,1,0,1,0,0,0,0,2,2,2,1,3,0,0,0,1,0,1,1,0,1,1,1,2,0,0,0,0,0,0,6,4,10
2020-03-16,2,2,4,0,1,1,1,3,4,3,2,5,0,0,0,3,0,3,3,1,4,1,1,2,0,0,0,0,0,0,13,10,23
2020-03-17,2,6,8,0,2,2,2,4,6,4,2,6,0,2,2,4,1,5,4,2,6,3,3,6,1,0,1,0,0,0,20,22,42
2020-03-18,4,7,11,0,2,2,2,4,6,6,3,9,0,3,3,5,2,7,4,4,8,4,3,7,2,0,2,0,0,0,27,28,55
2020-03-19,5,7,12,0,2,2,5,5,10,8,5,13,1,4,5,5,2,7,5,5,10,5,4,9,2,0,2,1,0,1,37,34,71
2020-03-20,6,8,14,1,2,3,5,5,10,9,7,16,1,4,5,5,3,8,5,6,11,7,6,13,3,0,3,1,0,1,43,41,84
2020-03-21,6,8,14,3,2,5,5,7,12,11,8,19,2,5,7,5,3,8,7,8,15,8,7,15,3,0,3,2,0,2,52,48,100
2020-03-22,6,8,14,3,2,5,8,8,16,11,8,19,2,5,7,6,4,10,7,9,16,10,7,17,6,2,8,2,0,2,61,53,114
2020-03-23,7,8,15,4,4,8,9,9,18,12,9,21,2,6,8,8,4,12,9,9,18,14,10,24,9,5,14,2,2,4,76,66,142
2020-03-24,8,8,16,4,4,8,10,9,19,13,10,23,2,7,9,10,5,15,9,10,19,16,10,26,10,6,16,3,2,5,85,71,156
2020-03-25,9,10,19,4,4,8,11,11,22,14,12,26,3,7,10,10,7,17,11,11,22,18,12,30,12,10,22,5,3,8,97,87,184
2020-03-26,13,13,26,6,4,10,12,13,25,18,14,32,4,10,14,13,8,21,12,15,27,21,13,34,16,10,26,8,4,12,123,104,227
2020-03-27,15,15,30,6,5,11,12,14,26,21,14,35,5,13,18,14,10,24,13,20,33,25,19,44,19,12,31,10,10,20,140,132,272
2020-03-28,17,15,32,6,5,11,13,15,28,21,15,36,6,14,20,17,11,28,16,20,36,29,25,54,21,13,34,11,10,21,157,143,300
2020-03-29,18,15,33,7,6,13,13,16,29,23,15,38,8,16,24,17,11,28,22,23,45,33,26,59,25,15,40,13,11,24,179,154,333
2020-03-30,20,16,36,7,6,13,14,21,35,24,17,41,12,18,30,18,12,30,27,23,50,36,31,67,30,16,46,16,13,29,204,173,377
2020-03-31,26,18,44,9,6,15,16,22,38,27,19,46,16,19,35,19,13,32,31,24,55,40,34,74,32,19,51,20,13,33,236,187,423
2020-04-01,32,25,57,9,8,17,20,25,45,30,20,50,26,23,49,22,15,37,35,27,62,45,36,81,37,25,62,20,14,34,276,218,494
2020-04-02,36,31,67,14,12,26,21,29,50,33,24,57,29,26,55,23,20,43,41,31,72,51,42,93,42,31,73,22,18,40,312,264,576
2020-04-03,50,38,88,17,15,32,25,34,59,38,30,68,32,33,65,24,24,48,47,34,81,55,45,100,47,38,85,23,23,46,358,314,672
2020-04-04,57,44,101,18,16,34,27,40,67,40,39,79,36,35,71,29,24,53,51,36,87,57,49,106,51,40,91,24,26,50,390,349,739
2020-04-05,61,50,111,20,17,37,33,40,73,44,40,84,44,36,80,33,26,59,52,45,97,62,57,119,55,44,99,26,29,55,430,384,814
2020-04-06,71,56,127,23,18,41,38,43,81,54,41,95,53,40,93,40,28,68,56,52,108,72,60,132,62,49,111,27,31,58,496,418,914
2020-04-07,78,63,141,24,20,44,43,46,89,58,46,104,58,44,102,46,30,76,59,55,114,78,68,146,68,60,128,29,32,61,541,464,1005
2020-04-08,84,68,152,26,21,47,45,50,95,63,48,111,65,47,112,50,33,83,65,59,124,87,72,159,70,63,133,32,38,70,587,499,1086
2020-04-09,85,70,155,27,23,50,47,57,104,74,55,129,68,51,119,57,39,96,69,61,130,94,81,175,73,72,145,36,43,79,630,552,1182
2020-04-10,98,72,170,29,26,55,49,61,110,77,56,133,76,52,128,59,42,101,74,62,136,95,91,186,77,79,156,38,48,86,672,589,1261
2020-04-11,103,76,179,31,28,59,55,65,120,81,59,140,80,53,133,60,45,105,77,68,145,100,93,193,81,86,167,39,53,92,707,626,1333
2020-04-12,109,81,190,32,28,60,55,67,122,86,60,146,83,58,141,66,46,112,79,71,150,103,101,204,84,90,174,40,55,95,737,657,1394
2020-04-13,113,87,200,36,31,67,63,73,136,90,67,157,86,61,147,70,50,120,85,75,160,108,108,216,91,98,189,45,61,106,787,711,1498
2020-04-14,125,91,216,38,31,69,70,79,149,96,69,165,90,66,156,78,55,133,89,82,171,115,113,228,98,102,200,49,65,114,848,753,1601
2020-04-15,132,94,226,42,36,78,71,84,155,102,75,177,95,77,172,81,63,144,95,84,179,123,115,238,107,110,217,54,68,122,902,806,1708
2020-04-16,139,96,235,46,40,86,78,87,165,110,86,196,104,85,189,88,70,158,99,94,193,129,119,248,112,115,227,54,72,126,959,864,1823
2020-04-17,146,100,246,47,43,90,79,94,173,116,98,214,113,91,204,94,76,170,106,97,203,141,125,266,117,123,240,55,75,130,1014,922,1936
2020-04-18,152,106,258,50,43,93,88,96,184,127,103,230,120,95,215,99,79,178,108,99,207,145,135,280,122,130,252,58,80,138,1069,966,2035
2020-04-19,157,112,269,53,44,97,91,98,189,131,106,237,123,98,221,104,86,190,110,106,216,151,143,294,125,137,262,60,81,141,1105,1011,2116
2020-04-20,166,117,283,61,51,112,101,101,202,142,111,253,129,105,234,111,88,199,120,114,234,166,153,319,134,145,279,65,96,161,1195,1081,2276
2020-04-21,175,125,300,65,54,119,113,104,217,149,120,269,131,107,238,115,95,210,124,120,244,178,165,343,141,155,296,68,106,174,1259,1151,2410
2020-04-22,183,130,313,68,59,127,120,111,231,158,122,280,143,114,257,118,101,219,131,123,254,187,179,366,149,166,315,75,113,188,1332,1218,2550
2020-04-23,194,139,333,72,64,136,125,119,244,166,129,295,150,117,267,121,110,231,137,127,264,196,187,383,159,175,334,82,123,205,1402,1290,2692
2020-04-24,203,148,351,77,68,145,131,126,257,178,139,317,155,123,278,128,116,244,145,136,281,206,196,402,169,191,360,85,126,211,1477,1369,2846
2020-04-25,211,150,361,81,69,150,133,131,264,184,147,331,159,126,285,133,120,253,151,140,291,213,199,412,178,206,384,90,131,221,1533,1419,2952
2020-04-26,216,163,379,85,75,160,135,134,269,187,149,336,167,130,297,135,123,258,157,145,302,217,207,424,186,213,399,91,134,225,1576,1473,3049
2020-04-27,226,172,398,89,79,168,140,139,279,190,158,348,171,138,309,142,130,272,166,152,318,235,213,448,197,226,423,94,140,234,1650,1547,3197
2020-04-28,238,179,417,93,82,175,150,147,297,198,167,365,176,146,322,149,136,285,171,159,330,238,225,463,203,240,443,96,144,240,1712,1625,3337
2020-04-29,248,187,435,97,85,182,161,153,314,214,175,389,185,152,337,156,142,298,174,167,341,247,230,477,206,255,461,101,154,255,1789,1700,3489
2020-04-30,261,195,456,106,87,193,169,156,325,219,179,398,195,159,354,163,149,312,183,177,360,253,239,492,215,271,486,108,162,270,1872,1774,3646
2020-05-01,261,205,466,111,92,203,170,160,330,227,187,414,204,167,371,169,152,321,193,182,375,260,247,507,223,281,504,108,166,274,1926,1839,3765
2020-05-02,265,218,483,116,98,214,176,162,338,237,192,429,209,172,381,176,153,329,196,184,380,267,249,516,229,291,520,109,169,278,1980,1888,3868
2020-05-03,270,222,492,118,99,217,182,167,349,245,197,442,213,177,390,183,155,338,203,191,394,271,257,528,237,299,536,112,174,286,2034,1938,3972
2020-05-04,284,237,521,123,101,224,188,173,361,253,203,456,217,181,398,191,159,350,210,202,412,286,269,555,244,317,561,115,178,293,2111,2020,4131
2020-05-05,290,243,533,130,102,232,196,181,377,264,212,476,222,190,412,199,164,363,220,207,427,300,274,574,249,331,580,117,187,304,2187,2091,4278
2020-05-06,300,251,551,133,102,235,204,187,391,276,222,498,237,197,434,202,169,371,229,211,440,317,287,604,255,342,597,122,193,315,2275,2161,4436
2020-05-07,314,258,572,138,107,245,216,191,407,287,229,516,250,205,455,207,175,382,236,216,452,331,292,623,261,354,615,123,201,324,2363,2228,4591
2020-05-08,325,267,592,142,110,252,226,198,424,296,241,537,265,215,480,219,180,399,241,225,466,343,300,643,271,366,637,126,214,340,2454,2316,4770
2020-05-09,339,275,614,145,110,255,229,208,437,301,246,547,272,221,493,223,183,406,247,232,479,354,302,656,276,376,652,131,222,353,2517,2375,4892
2020-05-10,346,282,628,146,111,257,236,215,451,305,253,558,274,224,498,227,187,414,253,236,489,363,312,675,281,386,667,132,229,361,2563,2435,4998
2020-05-11,357,293,650,152,115,267,242,220,462,315,260,575,281,234,515,235,192,427,264,241,505,374,321,695,292,402,694,136,242,378,2648,2520,5168
2020-05-12,367,301,668,158,123,281,260,235,495,336,265,601,287,244,531,240,196,436,273,247,520,379,331,710,301,415,716,142,254,396,2743,2611,5354
2020-05-13,387,310,697,167,132,299,275,242,517,347,281,628,299,249,548,246,204,450,279,252,531,388,337,725,308,429,737,144,263,407,2840,2699,5539
2020-05-14,405,329,734,175,138,313,287,259,546,364,294,658,308,257,565,251,211,462,287,262,549,395,347,742,318,440,758,146,278,424,2936,2815,5751
2020-05-15,419,343,762,182,143,325,294,268,562,372,303,675,318,272,590,260,216,476,297,270,567,401,353,754,328,458,786,151,289,440,3022,2915,5937
2020-05-16,425,356,781,188,146,334,298,276,574,380,315,695,324,278,602,266,224,490,301,275,576,410,357,767,334,462,796,156,302,458,3082,2991,6073
2020-05-17,436,368,804,191,150,341,307,281,588,386,322,708,331,286,617,269,226,495,306,281,587,415,361,776,344,471,815,160,309,469,3145,3055,6200
2020-05-18,452,384,836,196,158,354,327,299,626,404,334,738,341,299,640,281,233,514,315,293,608,431,374,805,360,483,843,162,320,482,3269,3177,6446
2020-05-19,468,396,864,207,167,374,350,320,670,433,352,785,362,307,669,293,245,538,328,303,631,440,391,831,371,502,873,165,329,494,3417,3312,6729
2020-05-20,489,425,914,214,177,391,371,336,707,465,367,832,379,319,698,301,255,556,343,314,657,449,401,850,383,518,901,171,335,506,3565,3447,7012
2020-05-21,510,450,960,230,183,413,397,354,751,491,383,874,390,334,724,318,264,582,351,321,672,464,410,874,390,534,924,172,339,511,3713,3572,7285
2020-05-22,528,465,993,241,193,434,418,376,794,511,406,917,404,344,748,328,269,597,356,330,686,472,418,890,397,546,943,178,353,531,3833,3700,7533
2020-05-23,537,478,1015,253,205,458,441,387,828,533,421,954,413,352,765,333,276,609,366,341,707,481,428,909,405,551,956,181,355,536,3943,3794,7737
2020-05-24,549,489,1038,261,213,474,449,393,842,546,430,976,421,354,775,339,279,618,376,345,721,491,434,925,410,562,972,183,361,544,4025,3860,7885
2020-05-25,571,508,1079,277,223,500,465,410,875,558,442,1000,431,363,794,344,286,630,380,350,730,504,436,940,418,577,995,185,369,554,4133,3964,8097
2020-05-26,594,530,1124,293,239,532,491,435,926,596,459,1055,447,382,829,352,299,651,388,355,743,517,440,957,428,592,1020,188,380,568,4294,4111,8405
2020-05-27,622,554,1176,309,251,560,504,454,958,615,470,1085,460,392,852,368,310,678,396,362,758,521,451,972,433,608,1041,192,382,574,4420,4234,8654
2020-05-28,643,584,1227,324,258,582,527,479,1006,631,488,1119,476,404,880,378,324,702,404,374,778,534,456,990,445,623,1068,198,397,595,4560,4387,8947
2020-05-29,668,606,1274,345,274,619,559,502,1061,656,517,1173,499,419,918,391,338,729,415,380,795,549,465,1014,458,639,1097,200,401,601,4740,4541,9281
2020-05-30,690,624,1314,357,282,639,587,525,1112,689,525,1214,509,431,940,402,349,751,421,385,806,559,475,1034,466,648,1114,201,410,611,4881,4654,9535
2020-05-31,708,636,1344,366,290,656,602,533,1135,699,535,1234,519,435,954,406,356,762,427,389,816,569,480,1049,471,656,1127,202,418,620,4969,4728,9697
2020-06-01,733,654,1387,378,304,682,623,562,1185,723,561,1284,531,451,982,418,366,784,445,399,844,581,488,1069,477,666,1143,207,422,629,5116,4873,9989
2020-06-02,763,674,1437,397,321,718,649,581,1230,740,585,1325,550,466,1016,426,376,802,458,408,866,601,497,1098,482,679,1161,212,434,646,5278,5021,10299
2020-06-03,786,688,1474,410,344,754,671,605,1276,762,609,1371,561,484,1045,433,384,817,469,419,888,615,508,1123,494,695,1189,214,444,658,5415,5180,10595
2020-06-04,809,708,1517,424,359,783,697,624,1321,779,626,1405,573,495,1068,452,395,847,478,424,902,634,518,1152,504,709,1213,217,454,671,5567,5312,10879
2020-06-05,839,738,1577,435,373,808,728,642,1370,804,656,1460,598,514,1112,468,413,881,491,436,927,647,529,1176,515,729,1244,220,463,683,5745,5493,11238
2020-06-06,858,757,1615,446,381,827,744,656,1400,825,677,1502,609,524,1133,482,420,902,500,445,945,657,538,1195,524,745,1269,223,472,695,5868,5615,11483
2020-06-07,868,774,1642,458,391,849,761,665,1426,837,687,1524,622,531,1153,492,426,918,506,449,955,665,544,1209,534,757,1291,226,480,706,5969,5704,11673
2020-06-08,888,797,1685,473,408,881,786,687,1473,867,711,1578,653,546,1199,509,442,951,519,457,976,681,558,1239,544,774,1318,230,487,717,6150,5867,12017
2020-06-09,926,817,1743,488,427,915,804,711,1515,889,736,1625,681,564,1245,521,448,969,532,462,994,689,571,1260,556,800,1356,233,498,731,6319,6034,12353
2020-06-10,942,837,1779,498,441,939,838,728,1566,912,767,1679,704,581,1285,540,462,1002,546,472,1018,708,592,1300,562,818,1380,239,514,753,6489,6212,12701
2020-06-11,967,866,1833,509,455,964,858,751,1609,941,794,1735,715,596,1311,553,480,1033,557,488,1045,724,606,1330,567,842,1409,243,529,772,6634,6407,13041
2020-06-12,996,900,1896,517,472,989,898,777,1675,981,832,1813,740,623,1363,569,494,1063,576,502,1078,738,619,1357,573,863,1436,247,538,785,6835,6620,13455
2020-06-13,1020,924,1944,532,487,1019,927,805,1732,1007,849,1856,749,638,1387,584,505,1089,585,506,1091,752,628,1380,579,878,1457,249,544,793,6984,6764,13748
2020-06-14,1037,946,1983,547,497,1044,944,820,1764,1023,858,1881,762,649,1411,592,517,1109,594,510,1104,755,639,1394,592,898,1490,250,552,802,7096,6886,13982
2020-06-15,1058,970,2028,565,510,1075,968,842,1810,1041,876,1917,779,659,1438,603,525,1128,605,514,1119,765,646,1411,599,913,1512,251,562,813,7234,7017,14251
2020-06-16,1096,1014,2110,581,527,1108,1016,872,1888,1084,902,1986,807,680,1487,623,539,1162,620,524,1144,778,653,1431,611,935,1546,254,576,830,7470,7222,14692
2020-06-17,1124,1042,2166,598,545,1143,1057,900,1957,1114,935,2049,838,698,1536,645,553,1198,633,535,1168,785,672,1457,627,948,1575,256,585,841,7677,7413,15090
2020-06-18,1161,1075,2236,610,556,1166,1102,930,2032,1161,972,2133,871,712,1583,670,569,1239,651,553,1204,797,688,1485,641,968,1609,258,597,855,7922,7620,15542
2020-06-19,1204,1098,2302,622,577,1199,1130,954,2084,1214,994,2208,903,740,1643,700,585,1285,670,565,1235,819,701,1520,656,987,1643,266,610,876,8184,7811,15995
2020-06-20,1231,1121,2352,633,593,1226,1161,975,2136,1245,1016,2261,923,761,1684,715,600,1315,684,578,1262,830,708,1538,663,1001,1664,270,617,887,8355,7970,16325
2020-06-21,1254,1134,2388,646,603,1249,1184,998,2182,1265,1036,2301,938,770,1708,728,606,1334,691,588,1279,837,714,1551,668,1011,1679,271,624,895,8482,8084,16566
2020-06-22,1287,1166,2453,667,622,1289,1212,1031,2243,1301,1056,2357,965,792,1757,747,630,1377,705,605,1310,856,726,1582,675,1029,1704,273,636,909,8688,8293,16981
2020-06-23,1325,1197,2522,688,645,1333,1253,1059,2312,1350,1089,2439,994,818,1812,762,656,1418,719,621,1340,866,735,1601,686,1044,1730,277,643,920,8920,8507,17427
2020-06-24,1353,1227,2580,712,661,1373,1291,1100,2391,1384,1124,2508,1023,839,1862,781,676,1457,728,637,1365,877,746,1623,698,1057,1755,279,648,927,9126,8715,17841
2020-06-25,1388,1268,2656,737,691,1428,1322,1131,2453,1419,1149,2568,1060,866,1926,813,701,1514,735,647,1382,885,758,1643,706,1069,1775,284,654,938,9349,8934,18283
2020-06-26,1421,1291,2712,763,712,1475,1369,1161,2530,1454,1184,2638,1090,890,1980,829,719,1548,750,661,1411,897,772,1669,715,1088,1803,286,663,949,9574,9141,18715
2020-06-27,1461,1330,2791,788,741,1529,1401,1193,2594,1484,1209,2693,1114,908,2022,843,726,1569,766,667,1433,900,785,1685,720,1095,1815,290,668,958,9767,9322,19089
2020-06-28,1496,1348,2844,799,754,1553,1413,1219,2632,1512,1230,2742,1130,924,2054,857,739,1596,775,673,1448,907,792,1699,728,1105,1833,296,675,971,9913,9459,19372
2020-06-29,1530,1387,2917,824,780,1604,1445,1244,2689,1553,1255,2808,1151,944,2095,871,764,1635,796,683,1479,919,807,1726,739,1117,1856,301,684,985,10129,9665,19794
2020-06-30,1551,1418,2969,834,798,1632,1486,1276,2762,1582,1291,2873,1177,968,2145,890,779,1669,814,691,1505,936,816,1752,748,1134,1882,303,695,998,10321,9866,20187
2020-07-01,1579,1444,3023,846,821,1667,1535,1309,2844,1614,1319,2933,1199,991,2190,912,805,1717,828,700,1528,948,825,1773,755,1154,1909,306,701,1007,10522,10069,20591
2020-07-02,1618,1482,3100,864,844,1708,1571,1347,2918,1654,1356,3010,1231,1014,2245,927,825,1752,844,708,1552,955,837,1792,766,1165,1931,310,706,1016,10740,10284,21024
2020-07-03,1659,1509,3168,891,859,1750,1602,1372,2974,1695,1397,3092,1254,1041,2295,947,843,1790,861,720,1581,964,852,1816,774,1182,1956,315,710,1025,10962,10485,21447
2020-07-04,1684,1541,3225,906,874,1780,1629,1405,3034,1723,1418,3141,1279,1057,2336,963,855,1818,873,728,1601,972,864,1836,779,1191,1970,318,716,1034,11126,10649,21775
2020-07-05,1703,1566,3269,924,884,1808,1653,1430,3083,1748,1444,3192,1289,1078,2367,980,871,1851,890,741,1631,987,876,1863,787,1204,1991,321,725,1046,11282,10819,22101
2020-07-06,1720,1591,3311,942,898,1840,1687,1466,3153,1788,1465,3253,1322,1101,2423,1005,890,1895,908,763,1671,1004,900,1904,797,1225,2022,324,734,1058,11497,11033,22530
2020-07-07,1752,1639,3391,956,918,1874,1731,1503,3234,1830,1497,3327,1344,1132,2476,1032,906,1938,924,779,1703,1015,913,1928,807,1245,2052,331,745,1076,11722,11277,22999
2020-07-08,1785,1659,3444,979,939,1918,1778,1536,3314,1863,1530,3393,1380,1168,2548,1053,930,1983,940,795,1735,1030,933,1963,819,1260,2079,335,759,1094,11962,11509,23471
2020-07-09,1810,1677,3487,993,950,1943,1802,1560,3362,1895,1553,3448,1406,1189,2595,1065,942,2007,947,811,1758,1038,955,1993,823,1274,2097,341,767,1108,12120,11678,23798
2020-07-10,1830,1694,3524,1011,967,1978,1828,1583,3411,1923,1574,3497,1425,1210,2635,1078,954,2032,962,826,1788,1055,967,2022,835,1288,2123,343,777,1120,12290,11840,24130
2020-07-11,1851,1722,3573,1027,977,2004,1845,1604,3449,1944,1601,3545,1443,1231,2674,1094,969,2063,980,837,1817,1068,983,2051,839,1305,2144,345,786,1131,12436,12015,24451
2020-07-12,1869,1738,3607,1043,984,2027,1863,1620,3483,1963,1612,3575,1457,1240,2697,1102,979,2081,989,846,1835,1077,988,2065,846,1316,2162,349,793,1142,12558,12116,24674
2020-07-13,1893,1767,3660,1061,1006,2067,1902,1651,3553,1999,1647,3646,1491,1268,2759,1127,1009,2136,1020,869,1889,1095,1019,2114,858,1362,2220,351,818,1169,12797,12416,25213
2020-07-14,1921,1796,3717,1085,1018,2103,1934,1675,3609,2052,1680,3732,1524,1293,2817,1153,1021,2174,1041,892,1933,1112,1045,2157,864,1378,2242,358,832,1190,13044,12630,25674
2020-07-15,1948,1825,3773,1115,1038,2153,1968,1723,3691,2102,1724,3826,1558,1332,2890,1176,1050,2226,1064,914,1978,1122,1061,2183,878,1394,2272,366,837,1203,13297,12898,26195
2020-07-16,1983,1844,3827,1132,1067,2199,2007,1768,3775,2147,1752,3899,1592,1369,2961,1203,1079,2282,1080,927,2007,1137,1077,2214,897,1424,2321,368,855,1223,13546,13162,26708
2020-07-17,2017,1873,3890,1154,1082,2236,2035,1801,3836,2184,1797,3981,1628,1412,3040,1231,1112,2343,1104,954,2058,1155,1091,2246,913,1445,2358,372,865,1237,13793,13432,27225
2020-07-18,2039,1896,3935,1168,1094,2262,2069,1830,3899,2215,1832,4047,1652,1437,3089,1256,1131,2387,1127,972,2099,1164,1100,2264,927,1466,2393,374,870,1244,13991,13628,27619
2020-07-19,2065,1922,3987,1179,1109,2288,2093,1854,3947,2237,1854,4091,1671,1455,3126,1277,1153,2430,1138,982,2120,1176,1108,2284,936,1482,2418,377,876,1253,14149,13795,27944
2020-07-20,2106,1959,4065,1214,1136,2350,2146,1895,4041,2286,1908,4194,1711,1509,3220,1307,1189,2496,1162,1014,2176,1195,1129,2324,955,1505,2460,380,887,1267,14462,14131,28593
2020-07-21,2140,1990,4130,1237,1156,2393,2187,1932,4119,2337,1940,4277,1750,1541,3291,1336,1217,2553,1188,1039,2227,1214,1153,2367,969,1528,2497,385,898,1283,14743,14394,29137
2020-07-22,2193,2023,4216,1257,1176,2433,2243,1972,4215,2387,1990,4377,1798,1575,3373,1362,1242,2604,1202,1061,2263,1236,1169,2405,984,1557,2541,386,907,1293,15048,14672,29720
2020-07-23,2232,2058,4290,1280,1192,2472,2292,2015,4307,2430,2038,4468,1829,1601,3430,1391,1263,2654,1219,1081,2300,1252,1191,2443,992,1576,2568,392,918,1310,15309,14933,30242
2020-07-24,2260,2090,4350,1298,1213,2511,2341,2061,4402,2474,2091,4565,1859,1633,3492,1422,1281,2703,1249,1094,2343,1263,1210,2473,1003,1602,2605,395,931,1326,15564,15206,30770
2020-07-25,2288,2113,4401,1321,1227,2548,2377,2093,4470,2508,2128,4636,1887,1656,3543,1434,1289,2723,1263,1107,2370,1275,1222,2497,1012,1618,2630,400,935,1335,15765,15388,31153
2020-07-26,2311,2138,4449,1333,1241,2574,2395,2111,4506,2533,2151,4684,1914,1668,3582,1452,1301,2753,1274,1115,2389,1290,1230,2520,1018,1633,2651,406,942,1348,15926,15530,31456
2020-07-27,2337,2170,4507,1358,1264,2622,2442,2147,4589,2577,2193,4770,1958,1711,3669,1479,1338,2817,1293,1139,2432,1306,1251,2557,1035,1654,2689,411,961,1372,16196,15828,32024
2020-07-28,2371,2197,4568,1380,1282,2662,2498,2205,4703,2629,2230,4859,1997,1749,3746,1513,1373,2886,1323,1167,2490,1319,1277,2596,1047,1675,2722,416,979,1395,16493,16134,32627
2020-07-29,2403,2233,4636,1401,1310,2711,2559,2250,4809,2678,2276,4954,2044,1788,3832,1544,1414,2958,1343,1194,2537,1342,1299,2641,1063,1703,2766,422,1003,1425,16799,16470,33269
2020-07-30,2444,2264,4708,1432,1342,2774,2635,2307,4942,2738,2327,5065,2092,1820,3912,1580,1449,3029,1366,1225,2591,1356,1317,2673,1071,1722,2793,423,1009,1432,17137,16782,33919
2020-07-31,2475,2305,4780,1451,1364,2815,2679,2361,5040,2807,2382,5189,2136,1858,3994,1616,1477,3093,1388,1256,2644,1375,1341,2716,1081,1749,2830,429,1027,1456,17437,17120,34557
2020-08-01,2500,2324,4824,1462,1384,2846,2706,2392,5098,2838,2413,5251,2162,1893,4055,1640,1499,3139,1409,1264,2673,1390,1356,2746,1093,1771,2864,430,1038,1468,17630,17334,34964
2020-08-02,2529,2346,4875,1475,1399,2874,2735,2411,5146,2865,2445,5310,2180,1922,4102,1654,1522,3176,1420,1281,2701,1396,1374,2770,1104,1784,2888,432,1045,1477,17790,17529,35319
2020-08-03,2568,2388,4956,1500,1423,2923,2779,2459,5238,2917,2481,5398,2214,1958,4172,1680,1550,3230,1448,1299,2747,1406,1394,2800,1117,1814,2931,436,1059,1495,18065,17825,35890
2020-08-04,2606,2419,5025,1531,1451,2982,2840,2493,5333,2974,2525,5499,2265,1994,4259,1715,1577,3292,1475,1317,2792,1422,1413,2835,1134,1843,2977,441,1076,1517,18403,18108,36511
2020-08-05,2645,2456,5101,1565,1473,3038,2893,2527,5420,3016,2575,5591,2298,2031,4329,1749,1613,3362,1503,1343,2846,1441,1431,2872,1151,1863,3014,444,1084,1528,18705,18396,37101
2020-08-06,2681,2480,5161,1584,1502,3086,2948,2577,5525,3061,2626,5687,2349,2072,4421,1780,1648,3428,1528,1361,2889,1458,1449,2907,1167,1887,3054,449,1096,1545,19005,18698,37703
2020-08-07,2731,2513,5244,1610,1526,3136,2997,2621,5618,3108,2670,5778,2387,2119,4506,1813,1668,3481,1548,1384,2932,1476,1473,2949,1181,1923,3104,454,1118,1572,19305,19015,38320
2020-08-08,2761,2540,5301,1626,1543,3169,3027,2651,5678,3161,2718,5879,2413,2153,4566,1844,1697,3541,1568,1401,2969,1489,1498,2987,1192,1942,3134,455,1138,1593,19536,19281,38817
2020-08-09,2786,2566,5352,1635,1553,3188,3054,2679,5733,3197,2744,5941,2434,2188,4622,1870,1723,3593,1588,1416,3004,1502,1520,3022,1207,1982,3189,459,1157,1616,19732,19528,39260
2020-08-10,2825,2599,5424,1661,1577,3238,3118,2730,5848,3258,2781,6039,2481,2231,4712,1902,1757,3659,1606,1430,3036,1518,1545,3063,1221,2002,3223,463,1168,1631,20053,19820,39873
2020-08-11,2860,2633,5493,1696,1598,3294,3173,2779,5952,3331,2832,6163,2530,2276,4806,1937,1792,3729,1633,1450,3083,1540,1576,3116,1236,2030,3266,469,1180,1649,20405,20146,40551
2020-08-12,2891,2669,5560,1730,1616,3346,3225,2830,6055,3373,2904,6277,2578,2327,4905,1970,1823,3793,1660,1474,3134,1555,1600,3155,1248,2051,3299,474,1196,1670,20704,20490,41194
2020-08-13,2912,2699,5611,1761,1639,3400,3288,2890,6178,3446,2978,6424,2627,2372,4999,2011,1861,3872,1681,1500,3181,1581,1615,3196,1258,2075,3333,478,1212,1690,21043,20841,41884
2020-08-14,2936,2725,5661,1781,1657,3438,3361,2950,6311,3507,3034,6541,2687,2410,5097,2048,1899,3947,1710,1525,3235,1601,1646,3247,1271,2096,3367,481,1224,1705,21383,21166,42549
2020-08-15,2974,2748,5722,1808,1671,3479,3394,2991,6385,3555,3086,6641,2710,2453,5163,2074,1926,4000,1733,1544,3277,1616,1675,3291,1280,2137,3417,485,1241,1726,21629,21472,43101
2020-08-16,3005,2764,5769,1819,1678,3497,3433,3026,6459,3586,3119,6705,2728,2480,5208,2095,1945,4040,1744,1563,3307,1629,1688,3317,1291,2167,3458,489,1262,1751,21819,21692,43511
2020-08-17,3027,2780,5807,1840,1696,3536,3474,3063,6537,3628,3170,6798,2764,2516,5280,2126,1983,4109,1758,1596,3354,1641,1701,3342,1302,2185,3487,489,1278,1767,22049,21968,44017
2020-08-18,3065,2815,5880,1868,1708,3576,3522,3112,6634,3691,3226,6917,2807,2553,5360,2150,2032,4182,1778,1627,3405,1664,1728,3392,1311,2202,3513,489,1296,1785,22345,22299,44644
2020-08-19,3105,2850,5955,1890,1733,3623,3567,3170,6737,3748,3280,7028,2841,2596,5437,2186,2058,4244,1796,1655,3451,1681,1754,3435,1323,2238,3561,493,1314,1807,22630,22648,45278
2020-08-20,3130,2874,6004,1913,1752,3665,3617,3221,6838,3792,3330,7122,2870,2643,5513,2218,2083,4301,1818,1685,3503,1693,1773,3466,1338,2261,3599,496,1326,1822,22885,22948,45833
2020-08-21,3156,2912,6068,1942,1773,3715,3658,3265,6923,3848,3384,7232,2915,2686,5601,2254,2131,4385,1850,1712,3562,1715,1808,3523,1352,2296,3648,501,1336,1837,23191,23303,46494
2020-08-22,3170,2929,6099,1966,1791,3757,3692,3293,6985,3879,3430,7309,2955,2715,5670,2273,2152,4425,1871,1733,3604,1726,1828,3554,1360,2309,3669,504,1350,1854,23396,23530,46926
2020-08-23,3191,2958,6149,1978,1803,3781,3717,3309,7026,3913,3462,7375,2980,2734,5714,2297,2177,4474,1888,1752,3640,1735,1850,3585,1371,2316,3687,509,1354,1863,23579,23715,47294
2020-08-24,3231,3000,6231,2000,1824,3824,3758,3362,7120,3972,3509,7481,3017,2780,5797,2340,2205,4545,1909,1782,3691,1752,1873,3625,1388,2338,3726,515,1373,1888,23882,24046,47928
2020-08-25,3256,3028,6284,2025,1841,3866,3809,3426,7235,4028,3578,7606,3052,2817,5869,2370,2238,4608,1930,1810,3740,1763,1891,3654,1405,2366,3771,521,1390,1911,24159,24385,48544
2020-08-26,3300,3048,6348,2051,1867,3918,3874,3481,7355,4085,3631,7716,3094,2864,5958,2404,2273,4677,1960,1830,3790,1784,1916,3700,1422,2394,3816,524,1405,1929,24498,24709,49207
2020-08-27,3335,3076,6411,2084,1893,3977,3941,3542,7483,4150,3681,7831,3148,2914,6062,2443,2308,4751,1981,1861,3842,1808,1941,3749,1439,2421,3860,529,1430,1959,24858,25067,49925
2020-08-28,3369,3108,6477,2124,1913,4037,4015,3610,7625,4210,3746,7956,3204,2969,6173,2486,2364,4850,2003,1895,3898,1834,1967,3801,1450,2441,3891,535,1440,1975,25230,25453,50683
2020-08-29,3396,3123,6519,2136,1925,4061,4068,3654,7722,4251,3807,8058,3246,3009,6255,2510,2388,4898,2029,1913,3942,1850,1985,3835,1458,2465,3923,538,1456,1994,25482,25725,51207
2020-08-30,3419,3148,6567,2156,1942,4098,4104,3686,7790,4293,3841,8134,3281,3041,6322,2535,2409,4944,2043,1931,3974,1859,2001,3860,1467,2475,3942,541,1461,2002,25698,25935,51633
2020-08-31,3455,3170,6625,2184,1961,4145,4156,3736,7892,4345,3899,8244,3329,3090,6419,2562,2443,5005,2071,1962,4033,1885,2025,3910,1486,2512,3998,543,1476,2019,26016,26274,52290
2020-09-01,3493,3203,6696,2206,1998,4204,4213,3793,8006,4427,3965,8392,3388,3124,6512,2594,2491,5085,2090,1984,4074,1900,2049,3949,1501,2553,4054,550,1491,2041,26362,26651,53013
2020-09-02,3524,3221,6745,2226,2014,4240,4248,3853,8101,4466,4024,8490,3431,3159,6590,2627,2522,5149,2107,2008,4115,1926,2072,3998,1518,2579,4097,553,1521,2074,26626,26973,53599
2020-09-03,3555,3250,6805,2254,2037,4291,4307,3919,8226,4541,4094,8635,3487,3203,6690,2663,2552,5215,2129,2038,4167,1945,2095,4040,1530,2607,4137,557,1530,2087,26968,27325,54293
2020-09-04,3586,3283,6869,2278,2059,4337,4360,3973,8333,4601,4158,8759,3542,3262,6804,2690,2585,5275,2161,2077,4238,1970,2118,4088,1543,2635,4178,560,1546,2106,27291,27696,54987
2020-09-05,3606,3304,6910,2293,2073,4366,4406,4012,8418,4646,4215,8861,3578,3306,6884,2712,2614,5326,2186,2104,4290,1988,2135,4123,1558,2654,4212,563,1553,2116,27536,27970,55506
2020-09-06,3626,3326,6952,2306,2089,4395,4425,4047,8472,4683,4241,8924,3607,3328,6935,2728,2639,5367,2202,2124,4326,1998,2155,4153,1570,2670,4240,565,1563,2128,27710,28182,55892
2020-09-07,3654,3353,7007,2324,2112,4436,4486,4109,8595,4745,4295,9040,3652,3381,7033,2758,2687,5445,2237,2150,4387,2013,2179,4192,1583,2699,4282,572,1578,2150,28024,28543,56567
2020-09-08,3687,3380,7067,2350,2138,4488,4541,4153,8694,4819,4360,9179,3695,3428,7123,2803,2730,5533,2266,2185,4451,2040,2205,4245,1601,2725,4326,579,1599,2178,28381,28903,57284
2020-09-09,3722,3405,7127,2366,2163,4529,4600,4205,8805,4871,4403,9274,3743,3466,7209,2836,2769,5605,2297,2221,4518,2060,2235,4295,1615,2760,4375,580,1619,2199,28690,29246,57936
2020-09-10,3748,3423,7171,2397,2183,4580,4674,4267,8941,4941,4476,9417,3805,3515,7320,2870,2805,5675,2322,2246,4568,2082,2256,4338,1625,2794,4419,582,1635,2217,29046,29600,58646
2020-09-11,3775,3452,7227,2430,2206,4636,4730,4315,9045,4996,4543,9539,3850,3564,7414,2908,2861,5769,2357,2276,4633,2107,2282,4389,1643,2818,4461,585,1645,2230,29381,29962,59343
2020-09-12,3800,3471,7271,2446,2224,4670,4764,4348,9112,5026,4587,9613,3874,3598,7472,2933,2896,5829,2381,2301,4682,2127,2305,4432,1656,2849,4505,587,1659,2246,29594,30238,59832
2020-09-13,3829,3493,7322,2456,2235,4691,4791,4389,9180,5060,4631,9691,3894,3619,7513,2958,2918,5876,2407,2324,4731,2138,2317,4455,1661,2863,4524,592,1668,2260,29786,30457,60243
2020-09-14,3860,3521,7381,2480,2259,4739,4848,4458,9306,5110,4692,9802,3934,3665,7599,3007,2954,5961,2443,2359,4802,2165,2344,4509,1679,2879,4558,594,1678,2272,30120,30809,60929
2020-09-15,3892,3548,7440,2499,2275,4774,4903,4494,9397,5167,4764,9931,3976,3700,7676,3035,2994,6029,2471,2390,4861,2188,2374,4562,1693,2905,4598,596,1691,2287,30420,31135,61555
2020-09-16,3929,3584,7513,2535,2307,4842,4970,4564,9534,5227,4835,10062,4029,3749,7778,3070,3037,6107,2499,2424,4923,2214,2392,4606,1707,2934,4641,599,1702,2301,30779,31528,62307
2020-09-17,3958,3606,7564,2560,2345,4905,5024,4612,9636,5281,4888,10169,4083,3808,7891,3119,3090,6209,2539,2456,4995,2241,2419,4660,1722,2952,4674,602,1706,2308,31129,31882,63011
2020-09-18,3997,3647,7644,2578,2374,4952,5072,4669,9741,5352,4965,10317,4125,3861,7986,3154,3134,6288,2564,2496,5060,2271,2445,4716,1735,2975,4710,605,1717,2322,31453,32283,63736
2020-09-19,4010,3679,7689,2588,2396,4984,5100,4697,9797,5386,5009,10395,4151,3879,8030,3174,3155,6329,2590,2518,5108,2289,2465,4754,1749,2992,4741,608,1724,2332,31645,32514,64159
2020-09-20,4030,3704,7734,2612,2416,5028,5130,4730,9860,5423,5034,10457,4173,3904,8077,3191,3180,6371,2599,2535,5134,2307,2481,4788,1753,3010,4763,612,1732,2344,31830,32726,64556
2020-09-21,4061,3736,7797,2633,2449,5082,5182,4773,9955,5477,5103,10580,4214,3955,8169,3225,3206,6431,2623,2564,5187,2331,2507,4838,1763,3025,4788,613,1743,2356,32122,33061,65183
2020-09-22,4100,3772,7872,2665,2477,5142,5232,4835,10067,5535,5161,10696,4267,3987,8254,3265,3250,6515,2656,2589,5245,2358,2536,4894,1773,3057,4830,616,1756,2372,32467,33420,65887
2020-09-23,4138,3805,7943,2682,2498,5180,5271,4891,10162,5583,5218,10801,4307,4032,8339,3294,3287,6581,2686,2620,5306,2378,2567,4945,1784,3081,4865,618,1768,2386,32741,33767,66508
2020-09-24,4181,3843,8024,2715,2527,5242,5332,4942,10274,5653,5284,10937,4351,4070,8421,3329,3321,6650,2696,2667,5363,2396,2597,4993,1805,3106,4911,626,1790,2416,33084,34147,67231
2020-09-25,4214,3867,8081,2739,2545,5284,5382,4996,10378,5704,5340,11044,4403,4113,8516,3362,3357,6719,2727,2702,5429,2419,2620,5039,1823,3130,4953,626,1799,2425,33399,34469,67868
2020-09-26,4234,3885,8119,2760,2558,5318,5413,5024,10437,5746,5376,11122,4434,4146,8580,3385,3389,6774,2746,2722,5468,2436,2637,5073,1833,3147,4980,632,1808,2440,33619,34692,68311
2020-09-27,4253,3909,8162,2773,2578,5351,5452,5068,10520,5773,5407,11180,4466,4173,8639,3409,3408,6817,2765,2743,5508,2443,2654,5097,1841,3160,5001,635,1815,2450,33810,34915,68725
2020-09-28,4283,3933,8216,2796,2597,5393,5498,5111,10609,5828,5464,11292,4521,4208,8729,3451,3456,6907,2807,2767,5574,2461,2682,5143,1858,3183,5041,639,1836,2475,34142,35237,69379
2020-09-29,4326,3965,8291,2819,2628,5447,5569,5160,10729,5903,5538,11441,4579,4256,8835,3484,3489,6973,2844,2810,5654,2490,2726,5216,1880,3220,5100,642,1861,2503,34536,35653,70189
2020-09-30,4361,3994,8355,2846,2654,5500,5627,5224,10851,5962,5595,11557,4624,4290,8914,3526,3535,7061,2881,2852,5733,2516,2753,5269,1889,3244,5133,647,1870,2517,34879,36011,70890
2020-10-01,4398,4033,8431,2870,2703,5573,5686,5293,10979,6034,5670,11704,4662,4344,9006,3567,3572,7139,2921,2885,5806,2542,2797,5339,1903,3261,5164,650,1881,2531,35233,36439,71672
2020-10-02,4445,4078,8523,2899,2732,5631,5741,5366,11107,6090,5735,11825,4702,4399,9101,3610,3606,7216,2960,2921,5881,2566,2833,5399,1916,3292,5208,654,1900,2554,35583,36862,72445
2020-10-03,4462,4100,8562,2919,2756,5675,5784,5408,11192,6129,5773,11902,4732,4429,9161,3643,3632,7275,2975,2944,5919,2585,2851,5436,1923,3311,5234,657,1908,2565,35809,37112,72921
2020-10-04,4489,4126,8615,2936,2777,5713,5819,5442,11261,6158,5798,11956,4769,4461,9230,3662,3651,7313,2994,2965,5959,2596,2866,5462,1934,3336,5270,660,1911,2571,36017,37333,73350
2020-10-05,4511,4159,8670,2960,2801,5761,5869,5487,11356,6233,5862,12095,4836,4508,9344,3709,3693,7402,3042,2995,6037,2624,2905,5529,1953,3362,5315,663,1918,2581,36400,37690,74090
2020-10-06,4542,4204,8746,2991,2825,5816,5928,5535,11463,6297,5913,12210,4903,4548,9451,3757,3733,7490,3072,3030,6102,2653,2938,5591,1971,3389,5360,669,1929,2598,36783,38044,74827
2020-10-07,4580,4230,8810,3009,2847,5856,5986,5593,11579,6366,5984,12350,4950,4603,9553,3791,3784,7575,3104,3073,6177,2683,2968,5651,1990,3418,5408,677,1936,2613,37136,38436,75572
2020-10-08,4619,4261,8880,3038,2872,5910,6043,5652,11695,6421,6046,12467,4998,4654,9652,3830,3832,7662,3131,3105,6236,2705,3002,5707,2006,3438,5444,682,1953,2635,37473,38815,76288
2020-10-09,4647,4301,8948,3083,2908,5991,6088,5722,11810,6495,6125,12620,5051,4711,9762,3870,3881,7751,3168,3149,6317,2725,3037,5762,2019,3464,5483,685,1968,2653,37831,39266,77097
2020-10-10,4668,4327,8995,3113,2929,6042,6139,5765,11904,6546,6170,12716,5083,4747,9830,3898,3922,7820,3201,3178,6379,2739,3059,5798,2035,3484,5519,694,1982,2676,38116,39563,77679
2020-10-11,4694,4347,9041,3130,2945,6075,6172,5816,11988,6591,6224,12815,5127,4776,9903,3924,3944,7868,3234,3212,6446,2758,3085,5843,2051,3507,5558,695,1992,2687,38376,39848,78224
2020-10-12,4714,4372,9086,3162,2967,6129,6233,5890,12123,6652,6290,12942,5176,4831,10007,3966,3999,7965,3282,3243,6525,2795,3128,5923,2073,3546,5619,697,2008,2705,38750,40274,79024
2020-10-13,4762,4413,9175,3204,2998,6202,6328,5977,12305,6737,6396,13133,5239,4904,10143,4033,4073,8106,3329,3292,6621,2833,3175,6008,2100,3593,5693,706,2033,2739,39271,40854,80125
2020-10-14,4807,4447,9254,3226,3041,6267,6410,6071,12481,6822,6492,13314,5296,4977,10273,4084,4129,8213,3375,3341,6716,2875,3224,6099,2121,3625,5746,707,2055,2762,39723,41402,81125
2020-10-15,4849,4482,9331,3264,3082,6346,6490,6160,12650,6928,6599,13527,5378,5066,10444,4152,4194,8346,3431,3399,6830,2905,3276,6181,2139,3658,5797,716,2070,2786,40252,41986,82238
2020-10-16,4904,4519,9423,3302,3128,6430,6601,6284,12885,7041,6696,13737,5474,5150,10624,4213,4268,8481,3482,3460,6942,2939,3328,6267,2163,3703,5866,719,2102,2821,40838,42638,83476
2020-10-17,4925,4540,9465,3323,3156,6479,6678,6337,13015,7116,6778,13894,5537,5218,10755,4250,4310,8560,3517,3509,7026,2975,3367,6342,2176,3737,5913,722,2116,2838,41219,43068,84287
2020-10-18,4947,4563,9510,3341,3173,6514,6712,6378,13090,7159,6841,14000,5567,5257,10824,4287,4339,8626,3543,3532,7075,2995,3399,6394,2184,3772,5956,723,2130,2853,41458,43384,84842
2020-10-19,5012,4608,9620,3378,3219,6597,6810,6499,13309,7262,6964,14226,5681,5362,11043,4359,4418,8777,3616,3599,7215,3045,3460,6505,2206,3812,6018,726,2147,2873,42095,44088,86183
2020-10-20,5062,4661,9723,3422,3265,6687,6926,6603,13529,7365,7074,14439,5769,5467,11236,4434,4503,8937,3681,3654,7335,3081,3510,6591,2239,3856,6095,727,2172,2899,42706,44765,87471
2020-10-21,5099,4692,9791,3481,3305,6786,7004,6704,13708,7453,7164,14617,5842,5536,11378,4496,4556,9052,3731,3693,7424,3111,3548,6659,2258,3893,6151,730,2187,2917,43205,45278,88483
2020-10-22,5135,4720,9855,3527,3362,6889,7072,6782,13854,7530,7249,14779,5910,5622,11532,4551,4620,9171,3766,3737,7503,3139,3579,6718,2280,3929,6209,737,2206,2943,43647,45806,89453
2020-10-23,5164,4747,9911,3560,3388,6948,7133,6847,13980,7595,7326,14921,5960,5691,11651,4590,4664,9254,3805,3786,7591,3177,3617,6794,2303,3947,6250,742,2230,2972,44029,46243,90272
2020-10-24,5181,4770,9951,3576,3413,6989,7184,6879,14063,7641,7378,15019,6002,5728,11730,4618,4696,9314,3824,3812,7636,3201,3641,6842,2312,3970,6282,746,2243,2989,44285,46530,90815
2020-10-25,5215,4794,10009,3590,3438,7028,7239,6928,14167,7689,7451,15140,6044,5769,11813,4654,4740,9394,3853,3842,7695,3224,3671,6895,2320,3988,6308,750,2247,2997,44578,46868,91446
2020-10-26,5254,4825,10079,3643,3468,7111,7305,6998,14303,7777,7539,15316,6109,5850,11959,4701,4813,9514,3893,3889,7782,3259,3714,6973,2336,4032,6368,756,2266,3022,45033,47394,92427
2020-10-27,5293,4861,10154,3681,3495,7176,7395,7093,14488,7857,7615,15472,6198,5925,12123,4765,4886,9651,3951,3963,7914,3298,3761,7059,2353,4061,6414,759,2273,3032,45550,47933,93483
2020-10-28,5329,4897,10226,3710,3522,7232,7457,7179,14636,7932,7703,15635,6247,5998,12245,4818,4947,9765,4004,4003,8007,3326,3796,7122,2365,4094,6459,763,2287,3050,45951,48426,94377
2020-10-29,5361,4928,10289,3737,3548,7285,7554,7253,14807,8028,7792,15820,6309,6070,12379,4858,4997,9855,4053,4054,8107,3351,3827,7178,2381,4121,6502,766,2296,3062,46398,48886,95284
2020-10-30,5394,4952,10346,3763,3579,7342,7620,7346,14966,8103,7863,15966,6370,6130,12500,4901,5049,9950,4094,4107,8201,3376,3858,7234,2400,4151,6551,772,2313,3085,46793,49348,96141
2020-10-31,5419,4970,10389,3782,3597,7379,7661,7387,15048,8146,7924,16070,6405,6172,12577,4933,5080,10013,4121,4142,8263,3393,3882,7275,2407,4166,6573,775,2317,3092,47042,49637,96679
2020-11-01,5454,4995,10449,3808,3636,7444,7709,7442,15151,8200,7984,16184,6462,6213,12675,4972,5132,10104,4153,4182,8335,3418,3907,7325,2415,4184,6599,779,2325,3104,47370,50000,97370
2020-11-02,5488,5034,10522,3844,3674,7518,7786,7528,15314,8298,8068,16366,6521,6284,12805,5029,5184,10213,4208,4237,8445,3450,3941,7391,2433,4206,6639,781,2337,3118,47838,50493,98331
2020-11-03,5518,5060,10578,3868,3699,7567,7846,7600,15446,8369,8131,16500,6572,6322,12894,5074,5223,10297,4247,4272,8519,3479,3969,7448,2450,4239,6689,784,2350,3134,48207,50865,99072
2020-11-04,5554,5098,10652,3900,3735,7635,7932,7695,15627,8450,8225,16675,6658,6411,13069,5128,5289,10417,4308,4324,8632,3516,4004,7520,2469,4279,6748,795,2364,3159,48710,51424,100134
2020-11-05,5595,5138,10733,3955,3782,7737,8041,7793,15834,8558,8321,16879,6749,6495,13244,5196,5372,10568,4346,4373,8719,3550,4040,7590,2487,4307,6794,797,2378,3175,49274,51999,101273
2020-11-06,5618,5168,10786,3977,3818,7795,8099,7858,15957,8615,8387,17002,6787,6530,13317,5241,5423,10664,4381,4417,8798,3580,4078,7658,2500,4336,6836,801,2387,3188,49599,52402,102001
2020-11-07,5646,5194,10840,3999,3842,7841,8143,7913,16056,8661,8455,17116,6829,6575,13404,5277,5464,10741,4421,4456,8877,3606,4107,7713,2521,4356,6877,808,2392,3200,49911,52754,102665
2020-11-08,5678,5236,10914,4033,3875,7908,8204,7960,16164,8708,8521,17229,6876,6629,13505,5308,5503,10811,4460,4491,8951,3631,4135,7766,2532,4372,6904,812,2395,3207,50242,53117,103359
2020-11-09,5724,5284,11008,4091,3906,7997,8273,8040,16313,8787,8628,17415,6942,6701,13643,5371,5565,10936,4510,4550,9060,3654,4173,7827,2555,4408,6963,816,2405,3221,50723,53660,104383
2020-11-10,5758,5312,11070,4123,3933,8056,8339,8107,16446,8859,8704,17563,6996,6753,13749,5413,5611,11024,4567,4589,9156,3686,4206,7892,2577,4437,7014,820,2416,3236,51138,54068,105206
2020-11-11,5797,5344,11141,4147,3962,8109,8404,8185,16589,8948,8784,17732,7062,6816,13878,5462,5668,11130,4611,4631,9242,3716,4238,7954,2598,4471,7069,824,2435,3259,51569,54534,106103
2020-11-12,5844,5375,11219,4179,3996,8175,8468,8270,16738,9037,8870,17907,7135,6882,14017,5523,5713,11236,4649,4693,9342,3751,4280,8031,2618,4508,7126,827,2446,3273,52031,55033,107064
2020-11-13,5882,5402,11284,4222,4025,8247,8542,8360,16902,9104,8947,18051,7201,6948,14149,5573,5763,11336,4699,4749,9448,3788,4317,8105,2638,4542,7180,831,2460,3291,52480,55513,107993
2020-11-14,5929,5434,11363,4248,4050,8298,8587,8414,17001,9168,9013,18181,7240,7001,14241,5606,5800,11406,4739,4771,9510,3814,4350,8164,2646,4563,7209,835,2464,3299,52812,55860,108672
2020-11-15,5967,5470,11437,4273,4067,8340,8644,8485,17129,9236,9066,18302,7292,7050,14342,5649,5849,11498,4782,4812,9594,3835,4375,8210,2655,4587,7242,836,2478,3314,53169,56239,109408
2020-11-16,6005,5513,11518,4314,4103,8417,8704,8544,17248,9307,9140,18447,7364,7108,14472,5682,5899,11581,4822,4860,9682,3865,4410,8275,2672,4614,7286,841,2499,3340,53576,56690,110266
2020-11-17,6041,5555,11596,4353,4133,8486,8787,8630,17417,9404,9237,18641,7435,7179,14614,5732,5955,11687,4883,4930,9813,3908,4459,8367,2680,4650,7330,843,2508,3351,54066,57236,111302
2020-11-18,6079,5594,11673,4401,4174,8575,8874,8709,17583,9509,9332,18841,7504,7243,14747,5786,6003,11789,4924,4971,9895,3948,4503,8451,2695,4691,7386,846,2517,3363,54566,57737,112303
2020-11-19,6117,5621,11738,4450,4214,8664,8955,8792,17747,9596,9430,19026,7558,7307,14865,5837,6063,11900,4976,5024,10000,3985,4538,8523,2713,4726,7439,849,2529,3378,55036,58244,113280
2020-11-20,6153,5656,11809,4481,4253,8734,9030,8870,17900,9684,9510,19194,7608,7361,14969,5885,6110,11995,5026,5072,10098,4012,4566,8578,2731,4752,7483,854,2538,3392,55464,58688,114152
2020-11-21,6181,5682,11863,4506,4277,8783,9081,8922,18003,9740,9566,19306,7657,7408,15065,5916,6150,12066,5060,5103,10163,4035,4586,8621,2739,4763,7502,857,2548,3405,55772,59005,114777
2020-11-22,6208,5707,11915,4527,4298,8825,9132,8973,18105,9778,9620,19398,7705,7448,15153,5936,6172,12108,5081,5144,10225,4056,4600,8656,2748,4783,7531,858,2556,3414,56029,59301,115330
2020-11-23,6254,5743,11997,4554,4326,8880,9190,9030,18220,9839,9686,19525,7762,7490,15252,5977,6215,12192,5117,5184,10301,4075,4628,8703,2764,4811,7575,865,2569,3434,56397,59682,116079
2020-11-24,6289,5786,12075,4593,4362,8955,9262,9099,18361,9936,9766,19702,7831,7548,15379,6025,6267,12292,5164,5228,10392,4107,4670,8777,2788,4845,7633,867,2575,3442,56862,60146,117008
2020-11-25,6338,5829,12167,4635,4399,9034,9340,9171,18511,10025,9853,19878,7897,7609,15506,6071,6311,12382,5212,5271,10483,4129,4699,8828,2807,4870,7677,872,2584,3456,57326,60596,117922
2020-11-26,6374,5865,12239,4676,4439,9115,9422,9262,18684,10115,9951,20066,7948,7680,15628,6133,6363,12496,5267,5315,10582,4162,4742,8904,2822,4901,7723,880,2595,3475,57799,61113,118912
2020-11-27,6390,5895,12285,4702,4460,9162,9491,9342,18833,10175,10020,20195,8001,7722,15723,6186,6407,12593,5300,5351,10651,4188,4772,8960,2833,4933,7766,886,2601,3487,58152,61503,119655
2020-11-28,6435,5919,12354,4725,4484,9209,9554,9395,18949,10218,10080,20298,8044,7773,15817,6230,6447,12677,5321,5382,10703,4208,4800,9008,2845,4960,7805,888,2605,3493,58468,61845,120313
2020-11-29,6468,5950,12418,4739,4513,9252,9620,9464,19084,10277,10153,20430,8100,7817,15917,6268,6483,12751,5360,5422,10782,4226,4827,9053,2861,4972,7833,890,2612,3502,58809,62213,121022
2020-11-30,6512,5989,12501,4785,4547,9332,9733,9577,19310,10377,10247,20624,8191,7887,16078,6316,6548,12864,5418,5482,10900,4261,4874,9135,2880,5005,7885,897,2621,3518,59370,62777,122147
2020-12-01,6542,6031,12573,4814,4590,9404,9832,9659,19491,10452,10339,20791,8261,7961,16222,6351,6594,12945,5464,5544,11008,4298,4914,9212,2899,5036,7935,899,2625,3524,59812,63293,123105
2020-12-02,6562,6050,12612,4839,4609,9448,9887,9721,19608,10502,10413,20915,8315,8016,16331,6385,6630,13015,5488,5573,11061,4329,4943,9272,2913,5055,7968,905,2634,3539,60125,63644,123769
2020-12-03,6592,6089,12681,4875,4639,9514,9954,9829,19783,10597,10520,21117,8387,8088,16475,6433,6679,13112,5538,5635,11173,4360,4972,9332,2928,5075,8003,908,2645,3553,60572,64171,124743
2020-12-04,6625,6123,12748,4907,4683,9590,10031,9895,19926,10674,10597,21271,8459,8159,16618,6492,6741,13233,5587,5690,11277,4397,5009,9406,2945,5103,8048,915,2655,3570,61032,64655,125687
2020-12-05,6653,6150,12803,4937,4715,9652,10096,9952,20048,10744,10657,21401,8503,8197,16700,6524,6775,13299,5612,5713,11325,4416,5030,9446,2956,5123,8079,919,2662,3581,61360,64974,126334
2020-12-06,6674,6173,12847,4968,4734,9702,10148,10001,20149,10793,10698,21491,8536,8247,16783,6545,6807,13352,5640,5739,11379,4440,5059,9499,2971,5137,8108,920,2666,3586,61635,65261,126896
2020-12-07,6691,6209,12900,5000,4755,9755,10212,10075,20287,10862,10762,21624,8581,8300,16881,6582,6851,13433,5667,5769,11436,4459,5095,9554,2982,5155,8137,924,2672,3596,61960,65643,127603
2020-12-08,6722,6243,12965,5017,4781,9798,10276,10134,20410,10925,10831,21756,8622,8335,16957,6632,6896,13528,5699,5803,11502,4477,5125,9602,2989,5174,8163,929,2676,3605,62288,65998,128286
2020-12-09,6756,6272,13028,5046,4819,9865,10375,10242,20617,11033,10944,21977,8718,8403,17121,6721,6973,13694,5770,5879,11649,4524,5180,9704,3003,5209,8212,931,2693,3624,62877,66614,129491
2020-12-10,6795,6312,13107,5096,4876,9972,10490,10347,20837,11150,11086,22236,8804,8499,17303,6814,7073,13887,5850,5952,11802,4566,5209,9775,3019,5250,8269,938,2703,3641,63522,67307,130829
2020-12-11,6826,6351,13177,5136,4912,10048,10613,10468,21081,11282,11222,22504,8902,8597,17499,6905,7166,14071,5937,6052,11989,4613,5252,9865,3036,5278,8314,939,2711,3650,64189,68009,132198
2020-12-12,6856,6384,13240,5181,4942,10123,10707,10558,21265,11381,11339,22720,8998,8688,17686,6993,7230,14223,5988,6139,12127,4650,5307,9957,3046,5301,8347,941,2719,3660,64741,68607,133348
2020-12-13,6887,6411,13298,5212,4983,10195,10782,10640,21422,11481,11442,22923,9073,8770,17843,7079,7298,14377,6049,6186,12235,4683,5334,10017,3057,5322,8379,947,2723,3670,65250,69109,134359
2020-12-14,6936,6450,13386,5254,5028,10282,10890,10761,21651,11610,11559,23169,9171,8878,18049,7178,7387,14565,6123,6281,12404,4732,5391,10123,3077,5352,8429,956,2735,3691,65927,69822,135749
2020-12-15,6971,6488,13459,5302,5076,10378,10986,10866,21852,11734,11690,23424,9260,8960,18220,7268,7488,14756,6216,6371,12587,4778,5431,10209,3087,5371,8458,957,2747,3704,66559,70488,137047
2020-12-16,6994,6521,13515,5352,5131,10483,11109,11013,22122,11909,11866,23775,9365,9096,18461,7386,7587,14973,6329,6477,12806,4833,5491,10324,3107,5392,8499,961,2758,3719,67345,71332,138677
2020-12-17,7037,6567,13604,5411,5175,10586,11228,11151,22379,12092,12050,24142,9511,9229,18740,7489,7688,15177,6389,6564,12953,4877,5527,10404,3116,5414,8530,964,2765,3729,68114,72130,140244
2020-12-18,7091,6607,13698,5483,5246,10729,11375,11300,22675,12263,12243,24506,9659,9375,19034,7612,7814,15426,6520,6697,13217,4965,5596,10561,3132,5462,8594,969,2772,3741,69069,73112,142181
2020-12-19,7130,6640,13770,5537,5300,10837,11485,11435,22920,12459,12427,24886,9782,9497,19279,7715,7918,15633,6614,6811,13425,5010,5655,10665,3147,5490,8637,972,2776,3748,69851,73949,143800
2020-12-20,7162,6688,13850,5601,5365,10966,11608,11563,23171,12649,12607,25256,9920,9640,19560,7830,8044,15874,6720,6921,13641,5058,5704,10762,3158,5504,8662,975,2782,3757,70681,74818,145499
2020-12-21,7213,6739,13952,5680,5419,11099,11773,11715,23488,12853,12830,25683,10089,9784,19873,7951,8173,16124,6841,7058,13899,5120,5776,10896,3171,5540,8711,980,2789,3769,71671,75823,147494
2020-12-22,7260,6791,14051,5759,5492,11251,11952,11885,23837,13069,13053,26122,10273,9956,20229,8088,8297,16385,6993,7201,14194,5188,5830,11018,3189,5568,8757,984,2794,3778,72755,76867,149622
2020-12-23,7316,6846,14162,5844,5557,11401,12138,12065,24203,13313,13273,26586,10428,10135,20563,8223,8416,16639,7101,7323,14424,5245,5891,11136,3212,5606,8818,989,2808,3797,73809,77920,151729
2020-12-24,7348,6880,14228,5887,5607,11494,12248,12168,24416,13473,13404,26877,10536,10227,20763,8293,8491,16784,7160,7397,14557,5286,5924,11210,3217,5628,8845,992,2813,3805,74440,78539,152979
2020-12-25,7360,6895,14255,5902,5620,11522,12283,12188,24471,13511,13446,26957,10565,10245,20810,8312,8516,16828,7174,7415,14589,5300,5931,11231,3224,5640,8864,995,2817,3812,74626,78713,153339
2020-12-26,7407,6934,14341,5984,5713,11697,12419,12348,24767,13742,13651,27393,10697,10409,21106,8428,8636,17064,7249,7506,14755,5340,5983,11323,3242,5672,8914,996,2829,3825,75504,79681,155185
2020-12-27,7439,6962,14401,6078,5790,11868,12566,12471,25037,13964,13826,27790,10887,10571,21458,8550,8784,17334,7367,7621,14988,5387,6048,11435,3266,5706,8972,999,2841,3840,76503,80620,157123
2020-12-28,7497,7006,14503,6191,5904,12095,12783,12689,25472,14296,14131,28427,11113,10810,21923,8733,8968,17701,7498,7781,15279,5450,6125,11575,3291,5752,9043,1003,2857,3860,77855,82023,159878
2020-12-29,7545,7051,14596,6290,6009,12299,13004,12904,25908,14557,14362,28919,11321,11015,22336,8883,9098,17981,7614,7920,15534,5518,6193,11711,3315,5801,9116,1010,2868,3878,79057,83221,162278
2020-12-30,7595,7088,14683,6401,6125,12526,13223,13090,26313,14852,14635,29487,11513,11212,22725,9043,9291,18334,7733,8046,15779,5582,6267,11849,3341,5841,9182,1014,2879,3893,80297,84474,164771
2020-12-31,7626,7117,14743,6477,6198,12675,13389,13221,26610,15019,14834,29853,11657,11364,23021,9139,9378,18517,7789,8121,15910,5614,6313,11927,3352,5871,9223,1014,2886,3900,81076,85303,166379
2021-01-01,7641,7128,14769,6493,6222,12715,13415,13254,26669,15056,14873,29929,11689,11390,23079,9162,9411,18573,7806,8140,15946,5627,6329,11956,3357,5888,9245,1015,2890,3905,81261,85525,166786
2021-01-02,7690,7160,14850,6559,6302,12861,13569,13411,26980,15251,15065,30316,11833,11533,23366,9266,9556,18822,7933,8253,16186,5685,6389,12074,3371,5923,9294,1018,2898,3916,82175,86490,168665
2021-01-03,7722,7191,14913,6677,6402,13079,13776,13620,27396,15533,15351,30884,12040,11783,23823,9428,9755,19183,8080,8403,16483,5751,6478,12229,3388,5954,9342,1021,2903,3924,83416,87840,171256
2021-01-04,7769,7238,15007,6782,6479,13261,14057,13885,27942,15840,15695,31535,12291,12034,24325,9593,9947,19540,8211,8549,16760,5842,6560,12402,3421,6005,9426,1024,2915,3939,84830,89307,174137
2021-01-05,7805,7284,15089,6903,6574,13477,14343,14182,28525,16161,16042,32203,12544,12282,24826,9762,10144,19906,8356,8761,17117,5928,6661,12589,3447,6058,9505,1028,2926,3954,86277,90914,177191
2021-01-06,7849,7320,15169,7034,6697,13731,14634,14430,29064,16493,16343,32836,12820,12544,25364,9970,10340,20310,8509,8934,17443,6021,6766,12787,3475,6113,9588,1032,2944,3976,87837,92431,180268
2021-01-07,7888,7361,15249,7123,6800,13923,14847,14644,29491,16776,16596,33372,13034,12745,25779,10109,10509,20618,8624,9069,17693,6086,6861,12947,3499,6159,9658,1034,2954,3988,89020,93698,182718
2021-01-08,7935,7399,15334,7229,6921,14150,15086,14856,29942,17013,16859,33872,13206,12960,26166,10242,10664,20906,8720,9191,17911,6146,6952,13098,3526,6194,9720,1041,2962,4003,90144,94958,185102
2021-01-09,7966,7432,15398,7309,7002,14311,15257,15053,30310,17274,17108,34382,13371,13150,26521,10386,10820,21206,8813,9326,18139,6193,7020,13213,3543,6230,9773,1041,2974,4015,91153,96115,187268
2021-01-10,8008,7477,15485,7409,7115,14524,15439,15232,30671,17492,17383,34875,13554,13344,26898,10505,10973,21478,8920,9416,18336,6235,7084,13319,3555,6261,9816,1042,2984,4026,92159,97269,189428
2021-01-11,8059,7516,15575,7529,7232,14761,15699,15505,31204,17777,17722,35499,13780,13573,27353,10671,11141,21812,9031,9571,18602,6299,7152,13451,3574,6298,9872,1044,2990,4034,93463,98700,192163
2021-01-12,8114,7549,15663,7632,7336,14968,15925,15755,31680,18013,17963,35976,13968,13772,27740,10814,11319,22133,9148,9683,18831,6346,7209,13555,3600,6323,9923,1047,2999,4046,94607,99908,194515
2021-01-13,8182,7607,15789,7755,7464,15219,16197,16006,32203,18271,18221,36492,14184,13971,28155,10973,11504,22477,9269,9830,19099,6409,7273,13682,3621,6371,9992,1053,3003,4056,95914,101250,197164
2021-01-14,8233,7656,15889,7868,7582,15450,16428,16265,32693,18540,18499,37039,14371,14188,28559,11132,11702,22834,9387,9967,19354,6467,7339,13806,3640,6407,10047,1056,3008,4064,97122,102613,199735
2021-01-15,8288,7707,15995,8082,7766,15848,16715,16555,33270,18897,18876,37773,14660,14481,29141,11374,11945,23319,9531,10127,19658,6531,7434,13965,3662,6449,10111,1059,3019,4078,98799,104359,203158
2021-01-16,8319,7733,16052,8278,7952,16230,16954,16831,33785,19241,19226,38467,14966,14787,29753,11622,12160,23782,9684,10303,19987,6628,7533,14161,3684,6483,10167,1061,3031,4092,100437,106039,206476
2021-01-17,8352,7753,16105,8456,8119,16575,17178,17107,34285,19522,19523,39045,15265,15119,30384,11823,12364,24187,9800,10435,20235,6688,7600,14288,3704,6509,10213,1063,3033,4096,101851,107562,209413
2021-01-18,8400,7801,16201,8691,8352,17043,17493,17430,34923,19888,19890,39778,15618,15451,31069,12105,12630,24735,9989,10654,20643,6780,7712,14492,3731,6556,10287,1066,3042,4108,103761,109518,213279
2021-01-19,8454,7842,16296,8896,8525,17421,17814,17727,35541,20242,20249,40491,15959,15795,31754,12329,12893,25222,10176,10867,21043,6871,7824,14695,3750,6603,10353,1073,3058,4131,105564,111383,216947
2021-01-20,8504,7888,16392,9106,8736,17842,18096,18023,36119,20549,20554,41103,16275,16105,32380,12592,13163,25755,10381,11082,21463,6973,7940,14913,3775,6648,10423,1079,3071,4150,107330,113210,220540
2021-01-21,8560,7935,16495,9243,8895,18138,18357,18264,36621,20796,20827,41623,16495,16361,32856,12762,13392,26154,10536,11229,21765,7042,8022,15064,3812,6686,10498,1087,3082,4169,108690,114693,223383
2021-01-22,8602,7983,16585,9414,9041,18455,18570,18490,37060,21018,21067,42085,16713,16603,33316,12933,13578,26511,10669,11370,22039,7108,8102,15210,3829,6730,10559,1090,3085,4175,109946,116049,225995
2021-01-23,8636,8011,16647,9562,9178,18740,18806,18711,37517,21244,21309,42553,16928,16787,33715,13109,13762,26871,10761,11485,22246,7152,8160,15312,3843,6757,10600,1092,3091,4183,111133,117251,228384
2021-01-24,8664,8039,16703,9731,9331,19062,19054,18940,37994,21484,21561,43045,17174,17024,34198,13294,13957,27251,10889,11617,22506,7202,8228,15430,3863,6787,10650,1094,3098,4192,112449,118582,231031
2021-01-25,8709,8101,16810,9953,9520,19473,19374,19247,38621,21769,21885,43654,17468,17322,34790,13514,14194,27708,11071,11802,22873,7289,8324,15613,3892,6841,10733,1100,3109,4209,114139,120345,234484
2021-01-26,8774,8152,16926,10173,9691,19864,19650,19501,39151,22023,22141,44164,17717,17573,35290,13704,14417,28121,11210,11965,23175,7366,8410,15776,3917,6896,10813,1104,3125,4229,115638,121871,237509
2021-01-27,8836,8204,17040,10343,9865,20208,19906,19745,39651,22291,22420,44711,17962,17842,35804,13884,14635,28519,11347,12095,23442,7423,8480,15903,3946,6935,10881,1106,3143,4249,117044,123364,240408
2021-01-28,8889,8253,17142,10495,9995,20490,20124,19967,40091,22529,22654,45183,18155,18036,36191,14035,14817,28852,11462,12239,23701,7490,8565,16055,3971,6978,10949,1112,3157,4269,118262,124661,242923
2021-01-29,8932,8310,17242,10704,10178,20882,20402,20211,40613,22823,22973,45796,18426,18328,36754,14256,15046,29302,11636,12453,24089,7562,8671,16233,3994,7034,11028,1116,3167,4283,119851,126371,246222
2021-01-30,8962,8332,17294,10968,10420,21388,20642,20472,41114,23131,23319,46450,18765,18689,37454,14512,15326,29838,11793,12664,24457,7640,8778,16418,4013,7077,11090,1119,3175,4294,121545,128252,249797
2021-01-31,8990,8354,17344,11334,10774,22108,20941,20773,41714,23521,23708,47229,19263,19192,38455,14872,15680,30552,11986,12874,24860,7720,8882,16602,4036,7118,11154,1122,3186,4308,123785,130541,254326
2021-02-01,9034,8395,17429,11635,11123,22758,21233,21103,42336,23887,24113,48000,19685,19627,39312,15245,16015,31260,12210,13148,25358,7793,9016,16809,4071,7162,11233,1124,3196,4320,125917,132898,258815
2021-02-02,9074,8432,17506,11875,11391,23266,21509,21360,42869,24235,24496,48731,20121,20080,40201,15561,16350,31911,12448,13405,25853,7923,9161,17084,4103,7209,11312,1129,3208,4337,127978,135092,263070
2021-02-03,9116,8478,17594,12104,11584,23688,21760,21655,43415,24542,24824,49366,20467,20418,40885,15819,16635,32454,12655,13633,26288,8032,9305,17337,4138,7266,11404,1132,3219,4351,129765,137017,266782
2021-02-04,9167,8520,17687,12243,11708,23951,21966,21887,43853,24777,25079,49856,20667,20692,41359,15997,16840,32837,12772,13799,26571,8100,9410,17510,4160,7307,11467,1134,3235,4369,130983,138477,269460
2021-02-05,9214,8563,17777,12389,11835,24224,22164,22093,44257,25001,25304,50305,20867,20888,41755,16156,17024,33180,12903,13970,26873,8169,9489,17658,4176,7352,11528,1136,3242,4378,132175,139760,271935
2021-02-06,9238,8589,17827,12542,11985,24527,22339,22278,44617,25202,25562,50764,21077,21117,42194,16336,17216,33552,13010,14107,27117,8217,9568,17785,4193,7382,11575,1136,3249,4385,133290,141053,274343
2021-02-07,9269,8625,17894,12696,12130,24826,22505,22455,44960,25428,25799,51227,21286,21337,42623,16501,17414,33915,13112,14210,27322,8280,9630,17910,4209,7408,11617,1143,3254,4397,134429,142262,276691
2021-02-08,9315,8666,17981,12904,12356,25260,22758,22718,45476,25729,26133,51862,21625,21705,43330,16722,17667,34389,13263,14397,27660,8353,9729,18082,4235,7464,11699,1147,3269,4416,136051,144104,280155
2021-02-09,9358,8696,18054,13080,12538,25618,22993,22965,45958,26057,26428,52485,21913,21997,43910,16965,17909,34874,13448,14590,28038,8435,9834,18269,4264,7523,11787,1152,3283,4435,137665,145763,283428
2021-02-10,9402,8724,18126,13217,12674,25891,23194,23189,46383,26299,26710,53009,22192,22247,44439,17118,18121,35239,13583,14743,28326,8513,9923,18436,4292,7559,11851,1152,3293,4445,138962,147183,286145
2021-02-11,9447,8762,18209,13336,12814,26150,23369,23399,46768,26562,26964,53526,22417,22493,44910,17275,18312,35587,13721,14879,28600,8581,9995,18576,4315,7607,11922,1157,3303,4460,140180,148528,288708
2021-02-12,9493,8791,18284,13488,12961,26449,23545,23585,47130,26828,27230,54058,22658,22759,45417,17430,18499,35929,13849,15055,28904,8654,10079,18733,4340,7650,11990,1159,3316,4475,141444,149925,291369
2021-02-13,9517,8810,18327,13657,13140,26797,23729,23778,47507,27114,27513,54627,22939,23074,46013,17606,18704,36310,13982,15205,29187,8703,10152,18855,4359,7685,12044,1161,3327,4488,142767,151388,294155
2021-02-14,9539,8830,18369,13806,13320,27126,23871,23971,47842,27398,27840,55238,23257,23410,46667,17788,18915,36703,14131,15355,29486,8762,10253,19015,4374,7705,12079,1163,3340,4503,144089,152939,297028
2021-02-15,9564,8860,18424,14021,13562,27583,24083,24196,48279,27739,28210,55949,23654,23818,47472,18064,19174,37238,14278,15534,29812,8827,10347,19174,4390,7752,12142,1165,3352,4517,145785,154805,300590
2021-02-16,9591,8882,18473,14253,13764,28017,24357,24488,48845,28125,28650,56775,24012,24228,48240,18315,19380,37695,14406,15665,30071,8890,10431,19321,4403,7787,12190,1172,3358,4530,147524,156633,304157
2021-02-17,9622,8926,18548,14410,13922,28332,24707,24840,49547,28470,29011,57481,24300,24534,48834,18526,19619,38145,14600,15867,30467,8972,10535,19507,4424,7839,12263,1177,3371,4548,149208,158464,307672
2021-02-18,9653,8964,18617,14536,14072,28608,24980,25135,50115,28775,29364,58139,24556,24816,49372,18752,19834,38586,14741,16055,30796,9051,10637,19688,4452,7882,12334,1180,3377,4557,150676,160136,310812
2021-02-19,9698,8999,18697,14662,14220,28882,25242,25393,50635,29051,29672,58723,24792,25092,49884,18961,20059,39020,14894,16242,31136,9136,10747,19883,4471,7926,12397,1184,3386,4570,152091,161736,313827
2021-02-20,9735,9025,18760,14776,14347,29123,25460,25626,51086,29308,29944,59252,25034,25347,50381,19142,20276,39418,15004,16427,31431,9189,10823,20012,4493,7964,12457,1188,3389,4577,153329,163168,316497
2021-02-21,9773,9052,18825,14892,14483,29375,25643,25854,51497,29566,30223,59789,25259,25588,50847,19274,20459,39733,15130,16583,31713,9244,10891,20135,4512,7995,12507,1192,3397,4589,154485,164525,319010
2021-02-22,9821,9113,18934,15014,14634,29648,25878,26120,51998,29848,30556,60404,25500,25863,51363,19473,20668,40141,15269,16762,32031,9316,10986,20302,4551,8031,12582,1195,3402,4597,155865,166135,322000
2021-02-23,9881,9154,19035,15137,14754,29891,26088,26330,52418,30096,30840,60936,25722,26098,51820,19661,20870,40531,15411,16933,32344,9395,11096,20491,4580,8073,12653,1202,3417,4619,157173,167565,324738
2021-02-24,9921,9218,19139,15257,14882,30139,26256,26531,52787,30325,31087,61412,25875,26293,52168,19812,21039,40851,15561,17085,32646,9470,11190,20660,4601,8116,12717,1205,3426,4631,158283,168867,327150
2021-02-25,9991,9279,19270,15345,14979,30324,26439,26718,53157,30510,31286,61796,26052,26459,52511,19942,21199,41141,15674,17230,32904,9531,11281,20812,4619,8152,12771,1209,3442,4651,159312,170025,329337
2021-02-26,10044,9328,19372,15438,15084,30522,26631,26942,53573,30754,31506,62260,26230,26672,52902,20080,21367,41447,15792,17410,33202,9589,11367,20956,4638,8188,12826,1211,3459,4670,160407,171323,331730
2021-02-27,10075,9356,19431,15531,15205,30736,26793,27145,53938,30992,31761,62753,26406,26858,53264,20234,21556,41790,15942,17588,33530,9652,11451,21103,4658,8234,12892,1212,3466,4678,161495,172620,334115
2021-02-28,10103,9386,19489,15661,15345,31006,27007,27396,54403,31280,32090,63370,26650,27122,53772,20457,21830,42287,16140,17788,33928,9758,11566,21324,4678,8275,12953,1215,3475,4690,162949,174273,337222
2021-03-01,10181,9452,19633,15742,15458,31200,27206,27586,54792,31528,32314,63842,26855,27296,54151,20569,21982,42551,16263,17935,34198,9816,11670,21486,4702,8315,13017,1220,3488,4708,164082,175496,339578
2021-03-02,10264,9519,19783,15864,15561,31425,27368,27780,55148,31732,32531,64263,27022,27456,54478,20710,22151,42861,16359,18064,34423,9885,11731,21616,4732,8348,13080,1223,3495,4718,165159,176636,341795
2021-03-03,10346,9580,19926,15959,15637,31596,27499,27941,55440,31925,32696,64621,27166,27599,54765,20840,22308,43148,16495,18227,34722,9952,11829,21781,4747,8378,13125,1223,3510,4733,166152,177705,343857
2021-03-04,10413,9644,20057,16040,15736,31776,27645,28088,55733,32098,32844,64942,27295,27735,55030,20938,22455,43393,16602,18385,34987,10013,11930,21943,4767,8415,13182,1229,3524,4753,167040,178756,345796
2021-03-05,10470,9702,20172,16117,15826,31943,27796,28276,56072,32294,33031,65325,27435,27865,55300,21054,22597,43651,16717,18508,35225,10078,12012,22090,4784,8450,13234,1229,3530,4759,167974,179797,347771
2021-03-06,10505,9741,20246,16175,15892,32067,27943,28411,56354,32456,33190,65646,27557,27992,55549,21132,22722,43854,16805,18588,35393,10118,12075,22193,4804,8476,13280,1231,3536,4767,168726,180623,349349
2021-03-07,10544,9775,20319,16240,15952,32192,28057,28562,56619,32617,33351,65968,27644,28126,55770,21235,22861,44096,16916,18723,35639,10164,12139,22303,4825,8509,13334,1234,3539,4773,169476,181537,351013
2021-03-08,10613,9846,20459,16329,16050,32379,28208,28748,56956,32812,33557,66369,27796,28285,56081,21388,23029,44417,17073,18884,35957,10239,12223,22462,4845,8552,13397,1236,3550,4786,170539,182724,353263
2021-03-09,10703,9942,20645,16413,16137,32550,28356,28888,57244,33007,33751,66758,27972,28445,56417,21534,23183,44717,17201,19082,36283,10325,12326,22651,4867,8586,13453,1240,3557,4797,171618,183897,355515
2021-03-10,10803,10027,20830,16513,16220,32733,28496,29042,57538,33209,33952,67161,28102,28579,56681,21659,23341,45000,17320,19216,36536,10394,12429,22823,4886,8629,13515,1244,3566,4810,172626,185001,357627
2021-03-11,10883,10115,20998,16576,16307,32883,28614,29195,57809,33371,34110,67481,28204,28710,56914,21747,23456,45203,17409,19331,36740,10448,12496,22944,4910,8659,13569,1245,3581,4826,173407,185960,359367
2021-03-12,10973,10207,21180,16676,16407,33083,28748,29362,58110,33558,34299,67857,28337,28864,57201,21863,23618,45481,17523,19476,36999,10520,12583,23103,4931,8701,13632,1249,3593,4842,174378,187110,361488
2021-03-13,11036,10252,21288,16738,16483,33221,28903,29506,58409,33730,34481,68211,28476,28987,57463,21972,23753,45725,17658,19616,37274,10565,12651,23216,4942,8738,13680,1254,3596,4850,175274,188063,363337
2021-03-14,11086,10322,21408,16790,16552,33342,29030,29662,58692,33913,34687,68600,28603,29114,57717,22098,23916,46014,17792,19780,37572,10617,12738,23355,4959,8765,13724,1258,3605,4863,176146,189141,365287
2021-03-15,11218,10425,21643,16894,16656,33550,29186,29849,59035,34112,34906,69018,28786,29309,58095,22254,24079,46333,17946,19947,37893,10701,12852,23553,4977,8811,13788,1262,3620,4882,177336,190454,367790
2021-03-16,11319,10531,21850,16990,16762,33752,29324,30008,59332,34309,35107,69416,28934,29438,58372,22384,24246,46630,18069,20101,38170,10769,12950,23719,4989,8852,13841,1266,3636,4902,178353,191631,369984
2021-03-17,11396,10616,22012,17080,16845,33925,29465,30198,59663,34451,35254,69705,29048,29569,58617,22506,24383,46889,18190,20239,38429,10825,13033,23858,5007,8889,13896,1268,3649,4917,179236,192675,371911
2021-03-18,11481,10686,22167,17145,16920,34065,29590,30334,59924,34613,35390,70003,29149,29686,58835,22586,24496,47082,18278,20351,38629,10881,13100,23981,5024,8917,13941,1270,3657,4927,180017,193537,373554
2021-03-19,11572,10764,22336,17250,17015,34265,29722,30496,60218,34776,35564,70340,29253,29815,59068,22688,24625,47313,18373,20487,38860,10940,13164,24104,5037,8943,13980,1275,3665,4940,180886,194538,375424
2021-03-20,11606,10803,22409,17306,17082,34388,29839,30610,60449,34906,35709,70615,29348,29933,59281,22788,24744,47532,18463,20577,39040,10992,13218,24210,5052,8969,14021,1278,3672,4950,181578,195317,376895
2021-03-21,11662,10857,22519,17373,17151,34524,29964,30739,60703,35071,35859,70930,29446,30038,59484,22893,24875,47768,18549,20693,39242,11021,13279,24300,5069,8994,14063,1281,3681,4962,182329,196166,378495
2021-03-22,11742,10946,22688,17470,17232,34702,30102,30912,61014,35242,36041,71283,29591,30173,59764,23045,25027,48072,18657,20832,39489,11083,13354,24437,5090,9041,14131,1285,3703,4988,183307,197261,380568
2021-03-23,11831,11036,22867,17579,17334,34913,30248,31082,61330,35403,36202,71605,29721,30287,60008,23177,25162,48339,18773,20985,39758,11151,13441,24592,5113,9069,14182,1286,3714,5000,184282,198312,382594
2021-03-24,11882,11094,22976,17658,17397,35055,30351,31186,61537,35521,36353,71874,29807,30392,60199,23262,25262,48524,18835,21077,39912,11192,13508,24700,5125,9101,14226,1287,3720,5007,184920,199090,384010
2021-03-25,11954,11165,23119,17740,17485,35225,30475,31329,61804,35679,36514,72193,29941,30540,60481,23366,25387,48753,18927,21192,40119,11243,13572,24815,5149,9128,14277,1290,3725,5015,185764,200037,385801
2021-03-26,12046,11251,23297,17842,17600,35442,30625,31486,62111,35869,36677,72546,30075,30683,60758,23463,25532,48995,19009,21317,40326,11305,13640,24945,5169,9162,14331,1292,3735,5027,186695,201083,387778
2021-03-27,12118,11309,23427,17887,17657,35544,30744,31596,62340,36031,36836,72867,30195,30809,61004,23570,25657,49227,19112,21433,40545,11345,13700,25045,5181,9194,14375,1297,3740,5037,187480,201931,389411
2021-03-28,12173,11344,23517,17928,17720,35648,30835,31702,62537,36148,36986,73134,30319,30926,61245,23665,25777,49442,19193,21549,40742,11385,13740,25125,5197,9215,14412,1299,3745,5044,188142,202704,390846
2021-03-29,12262,11416,23678,18032,17804,35836,30965,31859,62824,36303,37171,73474,30470,31082,61552,23791,25900,49691,19292,21685,40977,11430,13792,25222,5214,9243,14457,1300,3756,5056,189059,203708,392767
2021-03-30,12336,11490,23826,18123,17907,36030,31075,31981,63056,36454,37316,73770,30588,31219,61807,23897,26006,49903,19380,21811,41191,11467,13843,25310,5232,9270,14502,1305,3763,5068,189857,204606,394463
2021-03-31,12403,11551,23954,18186,17959,36145,31191,32111,63302,36598,37458,74056,30680,31335,62015,23956,26108,50064,19432,21881,41313,11493,13885,25378,5248,9292,14540,1307,3772,5079,190494,205352,395846
2021-04-01,12461,11607,24068,18259,18030,36289,31315,32259,63574,36754,37592,74346,30792,31454,62246,24038,26220,50258,19510,21977,41487,11530,13930,25460,5261,9307,14568,1309,3782,5091,191229,206158,397387
2021-04-02,12530,11655,24185,18329,18114,36443,31422,32379,63801,36906,37724,74630,30906,31549,62455,24129,26324,50453,19579,22052,41631,11568,13965,25533,5273,9319,14592,1312,3787,5099,191954,206868,398822
2021-04-03,12572,11708,24280,18388,18192,36580,31531,32495,64026,37046,37876,74922,31023,31659,62682,24223,26437,50660,19666,22137,41803,11599,14014,25613,5289,9355,14644,1317,3791,5108,192654,207664,400318
2021-04-04,12634,11756,24390,18509,18303,36812,31682,32662,64344,37246,38097,75343,31173,31842,63015,24320,26579,50899,19740,22230,41970,11629,14063,25692,5306,9379,14685,1318,3797,5115,193557,208708,402265
2021-04-05,12716,11839,24555,18663,18464,37127,31871,32892,64763,37498,38327,75825,31384,32068,63452,24469,26765,51234,19837,22368,42205,11677,14122,25799,5318,9415,14733,1323,3806,5129,194756,210066,404822
2021-04-06,12795,11944,24739,18801,18596,37397,32130,33093,65223,37745,38601,76346,31591,32268,63859,24598,26930,51528,19942,22532,42474,11736,14215,25951,5342,9450,14792,1326,3819,5145,196006,211448,407454
2021-04-07,12893,12029,24922,18952,18735,37687,32346,33318,65664,37979,38863,76842,31803,32475,64278,24741,27109,51850,20031,22678,42709,11791,14294,26085,5355,9490,14845,1327,3827,5154,197218,212818,410036
2021-04-08,12978,12107,25085,19073,18849,37922,32520,33530,66050,38199,39107,77306,31967,32651,64618,24858,27258,52116,20125,22805,42930,11842,14358,26200,5371,9520,14891,1327,3839,5166,198260,214024,412284
2021-04-09,13053,12173,25226,19157,18939,38096,32634,33685,66319,38345,39263,77608,32114,32782,64896,24952,27365,52317,20195,22890,43085,11878,14406,26284,5379,9542,14921,1330,3847,5177,199037,214892,413929
2021-04-10,13100,12224,25324,19248,19037,38285,32786,33832,66618,38522,39423,77945,32228,32905,65133,25055,27481,52536,20272,22969,43241,11894,14442,26336,5384,9557,14941,1331,3850,5181,199820,215720,415540
2021-04-11,13148,12279,25427,19317,19122,38439,32892,33933,66825,38643,39583,78226,32351,33027,65378,25143,27569,52712,20344,23048,43392,11915,14477,26392,5396,9579,14975,1333,3855,5188,200482,216472,416954
2021-04-12,13231,12350,25581,19436,19230,38666,33022,34093,67115,38821,39788,78609,32501,33199,65700,25260,27744,53004,20439,23158,43597,11944,14531,26475,5409,9607,15016,1334,3867,5201,201397,217567,418964
2021-04-13,13323,12411,25734,19513,19310,38823,33175,34222,67397,39013,39964,78977,32643,33344,65987,25367,27866,53233,20506,23236,43742,11984,14562,26546,5417,9623,15040,1337,3875,5212,202278,218413,420691
2021-04-14,13406,12480,25886,19590,19366,38956,33267,34327,67594,39129,40078,79207,32729,33455,66184,25439,27948,53387,20600,23327,43927,12021,14618,26639,5432,9643,15075,1342,3880,5222,202955,219122,422077
2021-04-15,13500,12556,26056,19688,19479,39167,33431,34496,67927,39317,40263,79580,32918,33628,66546,25567,28120,53687,20681,23427,44108,12049,14661,26710,5447,9666,15113,1344,3889,5233,203942,220185,424127
2021-04-16,13582,12632,26214,19768,19564,39332,33611,34676,68287,39523,40474,79997,33071,33803,66874,25707,28288,53995,20793,23562,44355,12080,14712,26792,5455,9690,15145,1345,3899,5244,204935,221300,426235
2021-04-17,13658,12700,26358,19855,19648,39503,33760,34799,68559,39725,40640,80365,33221,33948,67169,25820,28414,54234,20878,23655,44533,12113,14770,26883,5466,9716,15182,1348,3903,5251,205844,222193,428037
2021-04-18,13707,12753,26460,19911,19700,39611,33868,34920,68788,39864,40793,80657,33356,34073,67429,25923,28525,54448,20969,23738,44707,12143,14806,26949,5487,9736,15223,1351,3910,5261,206579,222954,429533
2021-04-19,13799,12822,26621,20004,19799,39803,34059,35094,69153,40076,41003,81079,33530,34242,67772,26066,28677,54743,21080,23859,44939,12183,14868,27051,5495,9772,15267,1355,3923,5278,207647,224059,431706
2021-04-20,13889,12923,26812,20097,19888,39985,34207,35245,69452,40239,41169,81408,33687,34409,68096,26193,28800,54993,21189,23987,45176,12227,14918,27145,5520,9802,15322,1359,3933,5292,208607,225074,433681
2021-04-21,13978,12989,26967,20179,19948,40127,34342,35358,69700,40394,41318,81712,33801,34538,68339,26294,28911,55205,21276,24086,45362,12266,14953,27219,5530,9841,15371,1362,3940,5302,209422,225882,435304
2021-04-22,14080,13067,27147,20287,20034,40321,34492,35512,70004,40576,41508,82084,33970,34743,68713,26427,29047,55474,21369,24213,45582,12307,15022,27329,5545,9882,15427,1363,3948,5311,210416,226976,437392
2021-04-23,14166,13142,27308,20365,20120,40485,34655,35671,70326,40788,41701,82489,34131,34936,69067,26559,29221,55780,21459,24335,45794,12354,15090,27444,5561,9904,15465,1367,3954,5321,211405,228074,439479
2021-04-24,14214,13181,27395,20402,20150,40552,34694,35727,70421,40856,41763,82619,34190,35012,69202,26593,29262,55855,21485,24366,45851,12378,15128,27506,5568,9925,15493,1369,3969,5338,211749,228483,440232
2021-04-25,14275,13238,27513,20465,20203,40668,34779,35834,70613,40996,41879,82875,34314,35125,69439,26703,29378,56081,21554,24434,45988,12406,15160,27566,5577,9947,15524,1370,3972,5342,212439,229170,441609
2021-04-26,14359,13328,27687,20561,20294,40855,34941,35983,70924,41185,42067,83252,34476,35296,69772,26851,29532,56383,21645,24540,46185,12465,15228,27693,5589,9972,15561,1374,3978,5352,213446,230218,443664
2021-04-27,14435,13398,27833,20645,20383,41028,35111,36165,71276,41360,42241,83601,34614,35466,70080,26972,29659,56631,21736,24644,46380,12509,15303,27812,5610,10000,15610,1378,3987,5365,214370,231246,445616
2021-04-28,14521,13484,28005,20741,20473,41214,35255,36319,71574,41538,42412,83950,34770,35611,70381,27083,29777,56860,21815,24740,46555,12549,15355,27904,5619,10025,15644,1383,3995,5378,215274,232191,447465
2021-04-29,14616,13572,28188,20860,20593,41453,35433,36512,71945,41767,42643,84410,34977,35788,70765,27224,29952,57176,21910,24875,46785,12612,15439,28051,5648,10070,15718,1385,4010,5395,216432,233454,449886
2021-04-30,14712,13648,28360,20943,20671,41614,35529,36643,72172,41887,42790,84677,35076,35916,70992,27314,30053,57367,21974,24978,46952,12664,15496,28160,5670,10107,15777,1388,4026,5414,217157,234328,451485
2021-05-01,14776,13701,28477,21018,20726,41744,35626,36749,72375,42034,42923,84957,35197,36054,71251,27404,30165,57569,22037,25053,47090,12707,15547,28254,5687,10144,15831,1388,4031,5419,217874,235093,452967
2021-05-02,14841,13756,28597,21092,20802,41894,35753,36899,72652,42219,43119,85338,35331,36248,71579,27535,30308,57843,22123,25171,47294,12747,15604,28351,5702,10166,15868,1391,4048,5439,218734,236121,454855
2021-05-03,14970,13870,28840,21201,20921,42122,36013,37157,73170,42520,43453,85973,35595,36543,72138,27734,30585,58319,22282,25392,47674,12830,15714,28544,5726,10218,15944,1393,4064,5457,220264,237917,458181
2021-05-04,15072,13963,29035,21323,21052,42375,36254,37375,73629,42804,43735,86539,35821,36768,72589,27920,30832,58752,22408,25572,47980,12918,15834,28752,5751,10257,16008,1394,4082,5476,221665,239470,461135
2021-05-05,15181,14056,29237,21437,21150,42587,36465,37607,74072,43064,44010,87074,36041,36974,73015,28076,31022,59098,22523,25696,48219,12987,15913,28900,5784,10293,16077,1401,4096,5497,222959,240817,463776
2021-05-06,15272,14151,29423,21588,21288,42876,36673,37878,74551,43325,44284,87609,36298,37208,73506,28252,31228,59480,22645,25829,48474,13051,15988,29039,5814,10339,16153,1405,4118,5523,224323,242311,466634
2021-05-07,15378,14254,29632,21742,21426,43168,36907,38149,75056,43572,44581,88153,36548,37469,74017,28409,31449,59858,22776,25981,48757,13116,16082,29198,5834,10369,16203,1408,4124,5532,225690,243884,469574
2021-05-08,15428,14310,29738,21808,21484,43292,37038,38280,75318,43749,44749,88498,36664,37594,74258,28502,31556,60058,22839,26052,48891,13156,16113,29269,5853,10396,16249,1409,4135,5544,226446,244669,471115
2021-05-09,15498,14375,29873,21876,21553,43429,37145,38409,75554,43892,44917,88809,36800,37738,74538,28593,31667,60260,22905,26130,49035,13202,16169,29371,5869,10419,16288,1418,4137,5555,227198,245514,472712
2021-05-10,15609,14482,30091,21988,21669,43657,37389,38635,76024,44169,45181,89350,37026,38009,75035,28787,31866,60653,23058,26293,49351,13274,16268,29542,5897,10468,16365,1419,4146,5565,228616,247017,475633
2021-05-11,15710,14566,30276,22090,21775,43865,37554,38809,76363,44396,45394,89790,37209,38177,75386,28921,32021,60942,23184,26428,49612,13334,16352,29686,5921,10498,16419,1424,4154,5578,229743,248174,477917
2021-05-12,15803,14648,30451,22194,21862,44056,37710,38997,76707,44620,45577,90197,37413,38368,75781,29076,32180,61256,23292,26559,49851,13379,16420,29799,5937,10536,16473,1429,4165,5594,230853,249312,480165
2021-05-13,15932,14729,30661,22278,21948,44226,37894,39210,77104,44817,45817,90634,37608,38542,76150,29198,32339,61537,23388,26679,50067,13424,16487,29911,5956,10582,16538,1430,4170,5600,231925,250503,482428
2021-05-14,16044,14844,30888,22388,22091,44479,38131,39463,77594,45110,46091,91201,37809,38813,76622,29380,32543,61923,23507,26837,50344,13483,16567,30050,5986,10623,16609,1435,4178,5613,233273,252050,485323
2021-05-15,16122,14929,31051,22473,22186,44659,38278,39646,77924,45293,46315,91608,37977,39014,76991,29513,32682,62195,23597,26955,50552,13518,16610,30128,6005,10652,16657,1436,4192,5628,234212,253181,487393
2021-05-16,16184,15000,31184,22544,22260,44804,38400,39750,78150,45445,46495,91940,38129,39169,77298,29632,32813,62445,23680,27039,50719,13557,16659,30216,6020,10683,16703,1437,4204,5641,235028,254072,489100
2021-05-17,16351,15144,31495,22703,22410,45113,38664,40039,78703,45789,46860,92649,38424,39496,77920,29879,33076,62955,23838,27231,51069,13653,16788,30441,6059,10746,16805,1440,4220,5660,236800,256010,492810
2021-05-18,16487,15288,31775,22854,22563,45417,38954,40293,79247,46134,47193,93327,38762,39816,78578,30120,33317,63437,23988,27414,51402,13731,16881,30612,6087,10793,16880,1445,4229,5674,238562,257787,496349
2021-05-19,16635,15411,32046,23015,22716,45731,39247,40608,79855,46483,47554,94037,39085,40118,79203,30337,33575,63912,24151,27602,51753,13806,16971,30777,6116,10833,16949,1451,4246,5697,240326,259634,499960
2021-05-20,16781,15553,32334,23172,22890,46062,39580,40943,80523,46863,47900,94763,39393,40418,79811,30550,33833,64383,24318,27778,52096,13886,17070,30956,6147,10885,17032,1456,4261,5717,242146,261531,503677
2021-05-21,16895,15649,32544,23298,23020,46318,39827,41229,81056,47171,48248,95419,39671,40713,80384,30742,34057,64799,24458,27963,52421,13955,17135,31090,6178,10941,17119,1457,4272,5729,243652,263227,506879
2021-05-22,16956,15698,32654,23369,23108,46477,39960,41396,81356,47364,48433,95797,39821,40866,80687,30848,34180,65028,24532,28031,52563,13991,17177,31168,6193,10976,17169,1458,4285,5743,244492,264150,508642
2021-05-23,17018,15752,32770,23420,23178,46598,40070,41516,81586,47507,48589,96096,39949,40988,80937,30945,34308,65253,24597,28119,52716,14031,17212,31243,6204,11022,17226,1467,4299,5766,245208,264983,510191
2021-05-24,17106,15814,32920,23512,23294,46806,40264,41700,81964,47752,48843,96595,40151,41233,81384,31125,34535,65660,24713,28275,52988,14105,17297,31402,6229,11063,17292,1470,4310,5780,246427,266364,512791
2021-05-25,17179,15870,33049,23592,23387,46979,40456,41902,82358,47969,49069,97038,40351,41420,81771,31298,34710,66008,24816,28394,53210,14163,17361,31524,6246,11099,17345,1475,4319,5794,247545,267531,515076
2021-05-26,17288,15960,33248,23728,23533,47261,40736,42156,82892,48256,49365,97621,40625,41701,82326,31542,34962,66504,24950,28572,53522,14245,17460,31705,6271,11164,17435,1482,4327,5809,249123,269200,518323
2021-05-27,17374,16043,33417,23824,23638,47462,40946,42392,83338,48524,49625,98149,40825,41893,82718,31732,35178,66910,25061,28710,53771,14326,17538,31864,6292,11202,17494,1484,4342,5826,250388,270561,520949
2021-05-28,17471,16132,33603,23952,23796,47748,41212,42660,83872,48822,49915,98737,41092,42188,83280,31992,35462,67454,25215,28920,54135,14394,17628,32022,6317,11248,17565,1489,4354,5843,251956,272303,524259
2021-05-29,17539,16196,33735,24027,23880,47907,41366,42848,84214,49052,50116,99168,41299,42376,83675,32117,35617,67734,25307,29025,54332,14440,17686,32126,6336,11289,17625,1494,4367,5861,252977,273400,526377
2021-05-30,17578,16244,33822,24085,23938,48023,41508,43009,84517,49230,50287,99517,41458,42517,83975,32212,35739,67951,25377,29099,54476,14470,17734,32204,6351,11316,17667,1497,4376,5873,253766,274259,528025
2021-05-31,17668,16330,33998,24211,24062,48273,41779,43269,85048,49553,50590,100143,41715,42786,84501,32371,35939,68310,25495,29262,54757,14551,17836,32387,6379,11372,17751,1498,4393,5891,255220,275839,531059
2021-06-01,17768,16421,34189,24324,24176,48500,42000,43489,85489,49824,50856,100680,41934,43021,84955,32550,36155,68705,25646,29426,55072,14632,17926,32558,6411,11413,17824,1503,4404,5907,256592,277287,533879
2021-06-02,17888,16513,34401,24445,24300,48745,42240,43769,86009,50088,51154,101242,42175,43271,85446,32712,36341,69053,25777,29597,55374,14711,18024,32735,6440,11465,17905,1510,4420,5930,257986,278854,536840
2021-06-03,17987,16621,34608,24589,24420,49009,42494,44001,86495,50363,51444,101807,42426,43522,85948,32886,36540,69426,25915,29760,55675,14786,18119,32905,6468,11495,17963,1514,4437,5951,259428,280359,539787
2021-06-04,18129,16744,34873,24727,24552,49279,42773,44275,87048,50650,51736,102386,42683,43789,86472,33096,36818,69914,26044,29918,55962,14871,18233,33104,6494,11552,18046,1515,4446,5961,260982,282063,543045
2021-06-05,18204,16823,35027,24799,24620,49419,42914,44446,87360,50836,51933,102769,42848,43954,86802,33215,36944,70159,26112,30004,56116,14915,18307,33222,6509,11577,18086,1520,4459,5979,261872,283067,544939
2021-06-06,18283,16910,35193,24878,24694,49572,43051,44588,87639,51008,52111,103119,42998,44105,87103,33347,37071,70418,26180,30105,56285,14958,18365,33323,6521,11603,18124,1520,4471,5991,262744,284023,546767
2021-06-07,18395,17051,35446,25007,24827,49834,43295,44831,88126,51304,52398,103702,43222,44388,87610,33553,37302,70855,26339,30292,56631,15060,18505,33565,6557,11678,18235,1527,4503,6030,264259,285775,550034
2021-06-08,18530,17180,35710,25119,24941,50060,43526,45098,88624,51605,52671,104276,43463,44617,88080,33759,37538,71297,26448,30425,56873,15130,18634,33764,6583,11729,18312,1531,4521,6052,265694,287354,553048
2021-06-09,18654,17311,35965,25245,25057,50302,43801,45359,89160,51908,52991,104899,43713,44880,88593,33956,37784,71740,26574,30584,57158,15211,18726,33937,6618,11789,18407,1535,4540,6075,267215,289021,556236
2021-06-10,18772,17442,36214,25357,25189,50546,44057,45620,89677,52198,53304,105502,43947,45119,89066,34127,38006,72133,26688,30750,57438,15298,18845,34143,6648,11834,18482,1540,4559,6099,268632,290668,559300
2021-06-11,18886,17550,36436,25451,25311,50762,44312,45900,90212,52468,53621,106089,44200,45398,89598,34324,38217,72541,26816,30896,57712,15379,18962,34341,6679,11903,18582,1547,4574,6121,270062,292332,562394
2021-06-12,18978,17629,36607,25539,25392,50931,44487,46083,90570,52677,53830,106507,44364,45576,89940,34446,38374,72820,26898,31013,57911,15422,19039,34461,6705,11935,18640,1551,4585,6136,271067,293456,564523
2021-06-13,19073,17723,36796,25621,25482,51103,44621,46207,90828,52843,53993,106836,44527,45742,90269,34568,38514,73082,26982,31113,58095,15461,19090,34551,6725,11968,18693,1555,4596,6151,271976,294428,566404
2021-06-14,19219,17843,37062,25746,25617,51363,44837,46473,91310,53124,54305,107429,44793,46011,90804,34753,38765,73518,27108,31300,58408,15555,19201,34756,6753,12018,18771,1571,4615,6186,273459,296148,569607
2021-06-15,19357,17987,37344,25888,25748,51636,45094,46722,91816,53402,54611,108013,45032,46286,91318,34941,38981,73922,27252,31448,58700,15635,19294,34929,6789,12060,18849,1575,4631,6206,274965,297768,572733
2021-06-16,19495,18125,37620,26019,25878,51897,45346,46976,92322,53682,54916,108598,45286,46566,91852,35105,39177,74282,27371,31595,58966,15703,19385,35088,6820,12100,18920,1576,4644,6220,276403,299362,575765
2021-06-17,19634,18256,37890,26155,26026,52181,45604,47251,92855,53974,55256,109230,45538,46851,92389,35254,39383,74637,27500,31751,59251,15798,19497,35295,6842,12146,18988,1578,4655,6233,277877,301072,578949
2021-06-18,19751,18357,38108,26273,26150,52423,45853,47460,93313,54252,55561,109813,45775,47152,92927,35392,39594,74986,27601,31899,59500,15854,19586,35440,6870,12175,19045,1583,4669,6252,279204,302603,581807
2021-06-19,19842,18455,38297,26357,26221,52578,45998,47617,93615,54418,55781,110199,45940,47335,93275,35491,39708,75199,27697,31995,59692,15916,19654,35570,6894,12230,19124,1586,4687,6273,280139,303683,583822
2021-06-20,19932,18521,38453,26424,26264,52688,46084,47723,93807,54531,55939,110470,46056,47466,93522,35579,39817,75396,27765,32075,59840,15963,19704,35667,6907,12257,19164,1587,4695,6282,280828,304461,585289
2021-06-21,20038,18623,38661,26511,26339,52850,46210,47892,94102,54741,56125,110866,46245,47647,93892,35714,39967,75681,27840,32172,60012,16014,19778,35792,6937,12286,19223,1590,4700,6290,281840,305529,587369
2021-06-22,20208,18765,38973,26645,26472,53117,46436,48173,94609,55021,56427,111448,46531,47949,94480,35897,40173,76070,28000,32362,60362,16092,19888,35980,6964,12340,19304,1600,4711,6311,283394,307260,590654
2021-06-23,20393,18908,39301,26805,26611,53416,46654,48428,95082,55327,56767,112094,46795,48277,95072,36052,40377,76429,28136,32522,60658,16169,20002,36171,6997,12395,19392,1607,4732,6339,284935,309019,593954
2021-06-24,20577,19044,39621,26944,26765,53709,46892,48714,95606,55606,57116,112722,47062,48565,95627,36208,40599,76807,28278,32697,60975,16243,20095,36338,7017,12447,19464,1609,4745,6354,286436,310787,597223
2021-06-25,20762,19198,39960,27087,26931,54018,47141,49010,96151,55947,57541,113488,47306,48862,96168,36427,40851,77278,28435,32911,61346,16321,20218,36539,7047,12506,19553,1618,4764,6382,288091,312792,600883
2021-06-26,20853,19284,40137,27160,27020,54180,47270,49140,96410,56135,57734,113869,47446,49039,96485,36533,40955,77488,28535,33046,61581,16388,20316,36704,7066,12541,19607,1623,4780,6403,289009,313855,602864
2021-06-27,20963,19368,40331,27223,27092,54315,47389,49283,96672,56283,57896,114179,47571,49188,96759,36618,41052,77670,28606,33128,61734,16437,20379,36816,7077,12575,19652,1623,4788,6411,289790,314749,604539
2021-06-28,21090,19472,40562,27299,27165,54464,47511,49455,96966,56488,58092,114580,47722,49372,97094,36731,41165,77896,28702,33218,61920,16498,20453,36951,7108,12607,19715,1625,4803,6428,290774,315802,606576
2021-06-29,21222,19634,40856,27429,27302,54731,47728,49719,97447,56758,58359,115117,47926,49597,97523,36893,41335,78228,28826,33352,62178,16580,20534,37114,7130,12662,19792,1627,4829,6456,292119,317323,609442
2021-06-30,21391,19799,41190,27583,27436,55019,47964,49988,97952,57070,58669,115739,48166,49848,98014,37046,41570,78616,28934,33513,62447,16653,20620,37273,7160,12706,19866,1632,4846,6478,293599,318995,612594
2021-07-01,21515,19927,41442,27697,27562,55259,48185,50225,98410,57310,58978,116288,48362,50084,98446,37187,41763,78950,29037,33661,62698,16725,20708,37433,7188,12759,19947,1636,4860,6496,294842,320527,615369
2021-07-02,21692,20068,41760,27876,27702,55578,48415,50504,98919,57588,59338,116926,48549,50366,98915,37348,41983,79331,29156,33835,62991,16799,20805,37604,7210,12804,20014,1640,4873,6513,296273,322278,618551
2021-07-03,21792,20181,41973,27974,27805,55779,48557,50681,99238,57785,59573,117358,48705,50565,99270,37461,42117,79578,29256,33944,63200,16848,20876,37724,7228,12840,20068,1647,4888,6535,297253,323470,620723
2021-07-04,21891,20313,42204,28058,27887,55945,48662,50838,99500,57936,59760,117696,48823,50713,99536,37561,42251,79812,29332,34040,63372,16882,20946,37828,7240,12871,20111,1651,4899,6550,298036,324518,622554
2021-07-05,22091,20499,42590,28216,28042,56258,48928,51109,100037,58259,60107,118366,49051,51003,100054,37734,42476,80210,29469,34191,63660,16972,21048,38020,7273,12923,20196,1657,4916,6573,299650,326314,625964
2021-07-06,22307,20702,43009,28437,28203,56640,49213,51403,100616,58594,60491,119085,49321,51320,100641,37902,42697,80599,29593,34361,63954,17055,21157,38212,7299,12976,20275,1660,4944,6604,301381,328254,629635
2021-07-07,22494,20896,43390,28616,28371,56987,49491,51699,101190,58899,60853,119752,49600,51602,101202,38102,42884,80986,29708,34499,64207,17125,21235,38360,7322,13034,20356,1669,4957,6626,303026,330030,633056
2021-07-08,22678,21090,43768,28804,28557,57361,49812,52024,101836,59253,61246,120499,49880,51959,101839,38312,43134,81446,29840,34709,64549,17206,21357,38563,7362,13077,20439,1672,4973,6645,304819,332126,636945
2021-07-09,22813,21224,44037,28938,28685,57623,50006,52232,102238,59478,61516,120994,50086,52196,102282,38454,43294,81748,29949,34814,64763,17255,21424,38679,7389,13119,20508,1680,4985,6665,306048,333489,639537
2021-07-10,22931,21358,44289,29068,28799,57867,50170,52419,102589,59686,61762,121448,50248,52407,102655,38592,43460,82052,30040,34935,64975,17309,21500,38809,7408,13161,20569,1685,4996,6681,307137,334797,641934
2021-07-11,23082,21495,44577,29167,28885,58052,50317,52568,102885,59868,61988,121856,50410,52626,103036,38720,43599,82319,30130,35035,65165,17360,21566,38926,7422,13184,20606,1692,5008,6700,308168,335954,644122
2021-07-12,23301,21711,45012,29354,29076,58430,50616,52911,103527,60242,62368,122610,50731,52998,103729,38919,43868,82787,30292,35214,65506,17449,21664,39113,7450,13228,20678,1703,5027,6730,310057,338065,648122
2021-07-13,23532,21888,45420,29549,29268,58817,50919,53207,104126,60547,62718,123265,50998,53321,104319,39117,44114,83231,30427,35387,65814,17531,21776,39307,7479,13286,20765,1713,5044,6757,311812,340009,651821
2021-07-14,23761,22099,45860,29796,29467,59263,51261,53553,104814,60869,63112,123981,51289,53678,104967,39334,44381,83715,30595,35564,66159,17603,21869,39472,7505,13337,20842,1717,5058,6775,313730,342118,655848
2021-07-15,23964,22272,46236,30047,29689,59736,51599,53894,105493,61245,63515,124760,51631,54084,105715,39569,44648,84217,30742,35747,66489,17679,21982,39661,7529,13384,20913,1725,5078,6803,315730,344293,660023
2021-07-16,24133,22439,46572,30221,29882,60103,51908,54223,106131,61590,63897,125487,51982,54462,106444,39771,44889,84660,30866,35916,66782,17739,22079,39818,7555,13435,20990,1730,5093,6823,317495,346315,663810
2021-07-17,24250,22570,46820,30350,30017,60367,52110,54432,106542,61811,64179,125990,52186,54704,106890,39923,45061,84984,30974,36026,67000,17804,22148,39952,7566,13455,21021,1733,5103,6836,318707,347695,666402
2021-07-18,24363,22665,47028,30452,30126,60578,52274,54633,106907,61997,64391,126388,52367,54896,107263,40065,45215,85280,31048,36128,67176,17862,22218,40080,7593,13494,21087,1735,5109,6844,319756,348875,668631
2021-07-19,24545,22819,47364,30594,30263,60857,52568,54951,107519,62276,64716,126992,52648,55222,107870,40266,45490,85756,31209,36318,67527,17950,22339,40289,7629,13544,21173,1740,5118,6858,321425,350780,672205
2021-07-20,24717,22980,47697,30726,30406,61132,52823,55244,108067,62547,65033,127580,52893,55493,108386,40440,45692,86132,31351,36484,67835,18023,22441,40464,7653,13591,21244,1744,5138,6882,322917,352502,675419
2021-07-21,24910,23155,48065,30925,30579,61504,53123,55566,108689,62862,65424,128286,53177,55856,109033,40684,45988,86672,31523,36720,68243,18109,22580,40689,7685,13656,21341,1748,5154,6902,324746,354678,679424
2021-07-22,25092,23309,48401,31131,30767,61898,53405,55924,109329,63230,65836,129066,53524,56278,109802,40925,46277,87202,31662,36901,68563,18196,22687,40883,7717,13708,21425,1752,5163,6915,326634,356850,683484
2021-07-23,25245,23429,48674,31274,30918,62192,53637,56174,109811,63521,66189,129710,53778,56582,110360,41121,46483,87604,31775,37054,68829,18254,22790,41044,7737,13748,21485,1757,5179,6936,328099,358546,686645
2021-07-24,25373,23564,48937,31412,31087,62499,53858,56413,110271,63815,66526,130341,54057,56874,110931,41287,46693,87980,31887,37217,69104,18325,22867,41192,7761,13782,21543,1760,5187,6947,329535,360210,689745
2021-07-25,25487,23677,49164,31564,31244,62808,54018,56615,110633,64070,66848,130918,54401,57231,111632,41482,46895,88377,32003,37326,69329,18404,22946,41350,7774,13812,21586,1766,5197,6963,330969,361791,692760
2021-07-26,25633,23861,49494,31792,31515,63307,54295,56991,111286,64468,67311,131779,54800,57708,112508,41760,47220,88980,32175,37555,69730,18498,23105,41603,7813,13884,21697,1774,5217,6991,333008,364367,697375
2021-07-27,25751,23985,49736,31914,31678,63592,54516,57239,111755,64719,67599,132318,55042,57959,113001,41921,47405,89326,32288,37692,69980,18564,23209,41773,7843,13924,21767,1778,5230,7008,334336,365920,700256
2021-07-28,25871,24109,49980,32061,31859,63920,54777,57523,112300,65014,67916,132930,55302,58240,113542,42114,47645,89759,32445,37861,70306,18641,23307,41948,7868,13963,21831,1784,5235,7019,335877,367658,703535
2021-07-29,26011,24224,50235,32235,32023,64258,55005,57812,112817,65328,68299,133627,55553,58566,114119,42299,47859,90158,32581,38019,70600,18710,23399,42109,7891,13994,21885,1787,5252,7039,337400,369447,706847
2021-07-30,26165,24362,50527,32437,32222,64659,55335,58185,113520,65702,68777,134479,55893,59014,114907,42566,48183,90749,32771,38249,71020,18786,23532,42318,7926,14052,21978,1795,5265,7060,339376,371841,711217
2021-07-31,26324,24520,50844,32612,32446,65058,55542,58458,114000,66050,69202,135252,56287,59458,115745,42811,48438,91249,32903,38446,71349,18868,23641,42509,7951,14078,22029,1797,5279,7076,341145,373966,715111
2021-08-01,26480,24694,51174,32774,32666,65440,55694,58654,114348,66329,69539,135868,56643,59873,116516,42990,48656,91646,33018,38584,71602,18929,23738,42667,7971,14126,22097,1804,5289,7093,342632,375819,718451
2021-08-02,26706,24885,51591,33009,32916,65925,55971,59011,114982,66728,69985,136713,57044,60357,117401,43251,48998,92249,33238,38845,72083,19034,23883,42917,8018,14193,22211,1809,5308,7117,344808,378381,723189
2021-08-03,26950,25105,52055,33232,33175,66407,56236,59374,115610,67083,70430,137513,57399,60805,118204,43510,49327,92837,33422,39121,72543,19163,24044,43207,8048,14255,22303,1814,5325,7139,346857,380961,727818
2021-08-04,27180,25305,52485,33426,33366,66792,56508,59692,116200,67424,70803,138227,57667,61138,118805,43697,49588,93285,33583,39327,72910,19236,24174,43410,8071,14302,22373,1816,5343,7159,348608,383038,731646
2021-08-05,27423,25567,52990,33635,33611,67246,56872,60094,116966,67816,71260,139076,58053,61588,119641,43973,49928,93901,33767,39549,73316,19332,24313,43645,8105,14366,22471,1825,5358,7183,350801,385634,736435
2021-08-06,27702,25793,53495,33939,33874,67813,57256,60542,117798,68239,71785,140024,58440,62062,120502,44234,50302,94536,33990,39862,73852,19446,24501,43947,8142,14412,22554,1828,5372,7200,353216,388505,741721
2021-08-07,27868,25982,53850,34104,34074,68178,57483,60794,118277,68526,72107,140633,58679,62352,121031,44412,50527,94939,34126,40035,74161,19521,24634,44155,8164,14459,22623,1834,5376,7210,354717,390340,745057
2021-08-08,28107,26210,54317,34296,34267,68563,57654,61015,118669,68768,72388,141156,58935,62682,121617,44577,50750,95327,34270,40205,74475,19595,24706,44301,8184,14503,22687,1840,5389,7229,356226,392115,748341
2021-08-09,28493,26552,55045,34552,34543,69095,57975,61481,119456,69228,72869,142097,59309,63180,122489,44884,51123,96007,34480,40470,74950,19719,24836,44555,8224,14565,22789,1852,5407,7259,358716,395026,753742
2021-08-10,28914,26936,55850,34895,34880,69775,58337,61967,120304,69658,73423,143081,59685,63679,123364,45201,51493,96694,34694,40750,75444,19849,24996,44845,8263,14630,22893,1855,5425,7280,361351,398179,759530
2021-08-11,29272,27298,56570,35242,35231,70473,58731,62464,121195,70150,73989,144139,60113,64231,124344,45491,51879,97370,34902,41016,75918,19964,25134,45098,8309,14697,23006,1864,5449,7313,364038,401388,765426
2021-08-12,29650,27661,57311,35570,35579,71149,59100,62925,122025,70580,74504,145084,60523,64742,125265,45752,52251,98003,35088,41241,76329,20078,25257,45335,8353,14751,23104,1873,5470,7343,366567,404381,770948
2021-08-13,30117,28065,58182,36012,36039,72051,59519,63484,123003,71128,75185,146313,60996,65379,126375,46068,52720,98788,35306,41536,76842,20209,25441,45650,8405,14815,23220,1879,5486,7365,369639,408150,777789
2021-08-14,30402,28345,58747,36285,36286,72571,59751,63792,123543,71475,75599,147074,61306,65807,127113,46270,53022,99292,35451,41725,77176,20307,25547,45854,8433,14860,23293,1882,5498,7380,371562,410481,782043
2021-08-15,30641,28565,59206,36483,36469,72952,59938,64001,123939,71732,75927,147659,61549,66108,127657,46466,53263,99729,35574,41898,77472,20393,25641,46034,8456,14908,23364,1885,5511,7396,373117,412291,785408
2021-08-16,30958,28858,59816,36730,36723,73453,60143,64286,124429,72027,76312,148339,61845,66506,128351,46681,53500,100181,35690,42066,77756,20486,25754,46240,8483,14948,23431,1892,5523,7415,374935,414476,789411
2021-08-17,31463,29252,60715,37127,37118,74245,60526,64804,125330,72570,76963,149533,62240,67134,129374,47026,53947,100973,35903,42346,78249,20620,25900,46520,8518,15032,23550,1901,5544,7445,377894,418040,795934
2021-08-18,31950,29706,61656,37575,37532,75107,60854,65233,126087,73039,77566,150605,62638,67645,130283,47303,54333,101636,36094,42603,78697,20746,26064,46810,8547,15108,23655,1916,5564,7480,380662,421354,802016
2021-08-19,32396,30112,62508,37968,37922,75890,61169,65691,126860,73535,78164,151699,63025,68176,131201,47593,54692,102285,36275,42849,79124,20843,26191,47034,8578,15160,23738,1925,5577,7502,383307,424534,807841
2021-08-20,32929,30606,63535,38452,38387,76839,61547,66176,127723,73990,78793,152783,63448,68756,132204,47880,55117,102997,36490,43147,79637,20964,26357,47321,8612,15224,23836,1935,5599,7534,386247,428162,814409
2021-08-21,33211,30922,64133,38702,38632,77334,61779,66511,128290,74342,79253,153595,63749,69142,132891,48107,55403,103510,36645,43360,80005,21042,26479,47521,8643,15268,23911,1938,5615,7553,388158,430585,818743
2021-08-22,33627,31291,64918,38944,38883,77827,61971,66765,128736,74672,79696,154368,64062,69562,133624,48341,55701,104042,36799,43554,80353,21141,26588,47729,8670,15310,23980,1943,5631,7574,390170,432981,823151
2021-08-23,34340,32000,66340,39424,39363,78787,62372,67291,129663,75219,80361,155580,64523,70203,134726,48657,56129,104786,37035,43887,80922,21282,26772,48054,8713,15375,24088,1947,5649,7596,393512,437030,830542
2021-08-24,35070,32687,67757,39907,39816,79723,62743,67785,130528,75670,81043,156713,64939,70755,135694,48943,56528,105471,37244,44195,81439,21388,26924,48312,8766,15437,24203,1952,5666,7618,396622,440836,837458
2021-08-25,35795,33364,69159,40349,40261,80610,63059,68236,131295,76105,81699,157804,65361,71346,136707,49224,56893,106117,37464,44493,81957,21523,27083,48606,8813,15477,24290,1960,5695,7655,399653,444547,844200
2021-08-26,36517,34036,70553,40824,40715,81539,63402,68738,132140,76593,82352,158945,65790,71917,137707,49482,57306,106788,37677,44765,82442,21642,27270,48912,8852,15546,24398,1966,5711,7677,402745,448356,851101
2021-08-27,37311,34715,72026,41289,41255,82544,63741,69213,132954,77063,83051,160114,66197,72539,138736,49785,57725,107510,37896,45053,82949,21755,27432,49187,8882,15616,24498,1971,5724,7695,405890,452323,858213
2021-08-28,37746,35083,72829,41538,41484,83022,63961,69533,133494,77401,83470,160871,66467,72949,139416,49973,57966,107939,38046,45249,83295,21820,27532,49352,8921,15655,24576,1975,5731,7706,407848,454652,862500
2021-08-29,38217,35523,73740,41739,41721,83460,64113,69767,133880,77705,83843,161548,66741,73305,140046,50155,58222,108377,38190,45409,83599,21896,27627,49523,8959,15700,24659,1977,5738,7715,409692,456855,866547
2021-08-30,39045,36267,75312,42188,42125,84313,64426,70190,134616,78159,84438,162597,67180,73828,141008,50407,58574,108981,38392,45685,84077,22011,27788,49799,9011,15767,24778,1982,5757,7739,412801,460419,873220
2021-08-31,39954,37078,77032,42763,42624,85387,64776,70679,135455,78621,85031,163652,67602,74407,142009,50700,58964,109664,38625,45999,84624,22132,27978,50110,9049,15832,24881,1992,5773,7765,416214,464365,880579
2021-09-01,40795,37827,78622,43279,43094,86373,65099,71072,136171,79069,85644,164713,67978,74897,142875,50954,59303,110257,38831,46231,85062,22232,28139,50371,9088,15906,24994,1996,5790,7786,419321,467903,887224
2021-09-02,41449,38452,79901,43661,43485,87146,65360,71436,136796,79487,86143,165630,68278,75375,143653,51174,59604,110778,39003,46446,85449,22338,28250,50588,9116,15952,25068,2002,5807,7809,421868,470950,892818
2021-09-03,41975,38964,80939,44060,43882,87942,65654,71786,137440,79894,86638,166532,68653,75865,144518,51400,59944,111344,39200,46714,85914,22453,28407,50860,9148,16002,25150,2004,5818,7822,424441,474020,898461
2021-09-04,42310,39276,81586,44241,44052,88293,65799,72001,137800,80148,86964,167112,68897,76148,145045,51564,60152,111716,39324,46861,86185,22521,28510,51031,9174,16049,25223,2007,5830,7837,425985,475843,901828
2021-09-05,42666,39618,82284,44427,44244,88671,65964,72190,138154,80435,87332,167767,69130,76457,145587,51720,60357,112077,39461,47029,86490,22619,28614,51233,9197,16084,25281,2014,5843,7857,427633,477768,905401
2021-09-06,43383,40323,83706,44812,44617,89429,66259,72605,138864,80862,87870,168732,69528,76953,146481,51985,60715,112700,39671,47291,86962,22763,28765,51528,9236,16158,25394,2021,5868,7889,430520,481165,911685
2021-09-07,44003,40985,84988,45156,45018,90174,66535,72950,139485,81221,88352,169573,69835,77380,147215,52206,61011,113217,39834,47514,87348,22849,28906,51755,9268,16217,25485,2028,5896,7924,432935,484229,917164
2021-09-08,44477,41492,85969,45508,45328,90836,66772,73212,139984,81543,88744,170287,70107,77765,147872,52431,61277,113708,39975,47686,87661,22928,29010,51938,9299,16260,25559,2036,5910,7946,435076,486684,921760
2021-09-09,45006,41982,86988,45827,45602,91429,66978,73537,140515,81869,89125,170994,70368,78114,148482,52616,61550,114166,40130,47852,87982,23021,29125,52146,9339,16317,25656,2041,5927,7968,437195,489131,926326
2021-09-10,45532,42429,87961,46200,45993,92193,67332,74061,141393,82380,89798,172178,70851,78810,149661,53022,62075,115097,40397,48255,88652,23143,29310,52453,9396,16374,25770,2049,5943,7992,440302,493048,933350
2021-09-11,45815,42723,88538,46407,46231,92638,67614,74449,142063,82761,90283,173044,71230,79254,150484,53303,62431,115734,40612,48548,89160,23237,29468,52705,9426,16407,25833,2054,5949,8003,442459,495743,938202
2021-09-12,46089,42981,89070,46540,46383,92923,67741,74607,142348,82968,90536,173504,71443,79481,150924,53450,62610,116060,40725,48702,89427,23295,29546,52841,9442,16436,25878,2060,5958,8018,443753,497240,940993
2021-09-13,46648,43537,90185,46850,46749,93599,68011,74960,142971,83342,91034,174376,71813,79926,151739,53697,62964,116661,40942,48940,89882,23425,29714,53139,9476,16507,25983,2068,5976,8044,446272,500307,946579
2021-09-14,47208,44036,91244,47163,47055,94218,68243,75247,143490,83656,91465,175121,72087,80292,152379,53883,63256,117139,41101,49176,90277,23530,29863,53393,9504,16556,26060,2074,5990,8064,448449,502936,951385
2021-09-15,47644,44436,92080,47445,47307,94752,68406,75510,143916,83910,91855,175765,72324,80630,152954,54041,63468,117509,41222,49354,90576,23608,29966,53574,9539,16607,26146,2081,6013,8094,450220,505146,955366
2021-09-16,48075,44815,92890,47722,47589,95311,68597,75784,144381,84175,92255,176430,72579,81004,153583,54222,63701,117923,41349,49560,90909,23698,30096,53794,9571,16659,26230,2091,6029,8120,452079,507492,959571
2021-09-17,48622,45306,93928,48077,47943,96020,68808,76093,144901,84467,92665,177132,72862,81359,154221,54398,63965,118363,41487,49747,91234,23811,30238,54049,9599,16721,26320,2095,6039,8134,454226,510076,964302
2021-09-18,48904,45567,94471,48229,48097,96326,68952,76296,145248,84672,92931,177603,73049,81608,154657,54544,64143,118687,41621,49929,91550,23878,30341,54219,9630,16756,26386,2099,6051,8150,455578,511719,967297
2021-09-19,49224,45860,95084,48364,48232,96596,69086,76461,145547,84878,93193,178071,73249,81815,155064,54668,64313,118981,41725,50044,91769,23940,30426,54366,9647,16796,26443,2105,6059,8164,456886,513199,970085
2021-09-20,49822,46458,96280,48793,48676,97469,69287,76751,146038,85225,93597,178822,73548,82178,155726,54877,64601,119478,41911,50267,92178,24043,30556,54599,9675,16851,26526,2114,6069,8183,459295,516004,975299
2021-09-21,50290,46926,97216,48978,48889,97867,69472,77024,146496,85518,93918,179436,73793,82464,156257,55033,64826,119859,42062,50466,92528,24151,30680,54831,9712,16904,26616,2117,6079,8196,461126,518176,979302
2021-09-22,50835,47382,98217,49364,49253,98617,69646,77296,146942,85799,94335,180134,74030,82794,156824,55187,65082,120269,42204,50670,92874,24248,30793,55041,9732,16958,26690,2123,6098,8221,463168,520661,983829
2021-09-23,51285,47807,99092,49742,49651,99393,69826,77562,147388,86090,94734,180824,74270,83132,157402,55343,65319,120662,42373,50896,93269,24348,30918,55266,9757,16998,26755,2130,6112,8242,465164,523129,988293
2021-09-24,51687,48220,99907,50003,49881,99884,70004,77774,147778,86325,95019,181344,74479,83430,157909,55491,65529,121020,42509,51079,93588,24422,31048,55470,9786,17050,26836,2134,6119,8253,466840,525149,991989
2021-09-25,51922,48423,100345,50122,49995,100117,70115,77935,148050,86498,95240,181738,74630,83624,158254,55610,65663,121273,42606,51200,93806,24488,31129,55617,9810,17086,26896,2136,6134,8270,467937,526429,994366
2021-09-26,52191,48660,100851,50242,50128,100370,70215,78075,148290,86670,95455,182125,74822,83832,158654,55717,65812,121529,42717,51317,94034,24545,31202,55747,9828,17116,26944,2138,6143,8281,469085,527740,996825
2021-09-27,52695,49109,101804,50612,50430,101042,70404,78343,148747,86948,95805,182753,75116,84119,159235,55892,66055,121947,42872,51532,94404,24659,31336,55995,9855,17172,27027,2148,6161,8309,471201,530062,1001263
2021-09-28,53200,49522,102722,51055,50902,101957,70565,78605,149170,87216,96129,183345,75347,84421,159768,56058,66263,122321,43005,51702,94707,24745,31424,56169,9874,17222,27096,2153,6173,8326,473218,532363,1005581
2021-09-29,53633,49886,103519,51378,51240,102618,70753,78861,149614,87472,96483,183955,75589,84704,160293,56223,66469,122692,43142,51895,95037,24841,31569,56410,9916,17268,27184,2162,6182,8344,475109,534557,1009666
2021-09-30,53979,50214,104193,51780,51672,103452,70914,79082,149996,87705,96766,184471,75775,84948,160723,56381,66655,123036,43261,52072,95333,24906,31681,56587,9941,17327,27268,2168,6195,8363,476810,536612,1013422
2021-10-01,54415,50545,104960,52219,52119,104338,71114,79320,150434,87950,97133,185083,76030,85237,161267,56563,66854,123417,43395,52262,95657,25003,31808,56811,9973,17390,27363,2172,6214,8386,478834,538882,1017716
2021-10-02,54640,50770,105410,52354,52247,104601,71250,79494,150744,88109,97368,185477,76176,85402,161578,56681,66998,123679,43494,52403,95897,25082,31887,56969,9992,17431,27423,2174,6222,8396,479952,540222,1020174
2021-10-03,54848,50953,105801,52480,52355,104835,71373,79661,151034,88266,97544,185810,76326,85576,161902,56779,67130,123909,43568,52526,96094,25132,31960,57092,10010,17465,27475,2175,6226,8401,480957,541396,1022353
2021-10-04,55305,51385,106690,52944,52756,105700,71586,79943,151529,88490,97923,186413,76574,85890,162464,56959,67394,124353,43723,52758,96481,25238,32103,57341,10044,17507,27551,2181,6240,8421,483044,543899,1026943
2021-10-05,55752,51780,107532,53342,53239,106581,71771,80208,151979,88791,98294,187085,76813,86190,163003,57125,67648,124773,43845,52958,96803,25319,32229,57548,10078,17556,27634,2192,6254,8446,485028,546356,1031384
2021-10-06,56108,52090,108198,53690,53616,107306,71985,80469,152454,89078,98666,187744,77067,86499,163566,57281,67900,125181,43992,53136,97128,25395,32355,57750,10113,17598,27711,2198,6263,8461,486907,548592,1035499
2021-10-07,56412,52390,108802,53891,53846,107737,72184,80728,152912,89360,99025,188385,77327,86831,164158,57465,68141,125606,44126,53332,97458,25507,32466,57973,10142,17646,27788,2201,6278,8479,488615,550683,1039298
2021-10-08,56569,52536,109105,54023,54008,108031,72358,80909,153267,89565,99271,188836,77536,87047,164583,57600,68337,125937,44274,53502,97776,25577,32542,58119,10163,17680,27843,2209,6292,8501,489874,552124,1041998
2021-10-09,56703,52666,109369,54196,54174,108370,72492,81082,153574,89749,99503,189252,77710,87261,164971,57737,68503,126240,44397,53658,98055,25656,32642,58298,10182,17723,27905,2215,6301,8516,491037,553513,1044550
2021-10-10,56880,52844,109724,54304,54287,108591,72611,81242,153853,89928,99708,189636,77889,87452,165341,57862,68665,126527,44516,53798,98314,25715,32729,58444,10203,17759,27962,2218,6308,8526,492126,554792,1046918
2021-10-11,57078,53025,110103,54464,54452,108916,72790,81434,154224,90162,99944,190106,78100,87709,165809,58019,68870,126889,44653,53967,98620,25805,32834,58639,10224,17793,28017,2223,6320,8543,493518,556348,1049866
2021-10-12,57445,53365,110810,54852,54863,109715,73041,81779,154820,90498,100330,190828,78399,88086,166485,58221,69148,127369,44835,54223,99058,25914,32974,58888,10260,17851,28111,2231,6341,8572,495696,558960,1054656
2021-10-13,57827,53711,111538,55250,55270,110520,73315,82116,155431,90857,100726,191583,78708,88436,167144,58437,69396,127833,44994,54437,99431,26023,33121,59144,10289,17895,28184,2235,6349,8584,497935,561457,1059392
2021-10-14,58179,54053,112232,55689,55713,111402,73568,82445,156013,91168,101120,192288,79005,88815,167820,58659,69685,128344,45181,54685,99866,26135,33258,59393,10322,17958,28280,2242,6367,8609,500148,564099,1064247
2021-10-15,58471,54314,112785,55992,56036,112028,73767,82757,156524,91472,101473,192945,79259,89128,168387,58862,69905,128767,45334,54905,100239,26229,33409,59638,10345,18002,28347,2244,6377,8621,501975,566306,1068281
2021-10-16,58648,54478,113126,56177,56263,112440,73933,82938,156871,91713,101736,193449,79470,89389,168859,59024,70113,129137,45475,55099,100574,26335,33547,59882,10380,18051,28431,2246,6389,8635,503401,568003,1071404
2021-10-17,58809,54606,113415,56357,56429,112786,74044,83098,157142,91898,101950,193848,79644,89604,169248,59156,70270,129426,45573,55227,100800,26409,33636,60045,10401,18081,28482,2247,6393,8640,504538,569294,1073832
2021-10-18,59202,54988,114190,56645,56754,113399,74293,83425,157718,92215,102311,194526,79923,89957,169880,59373,70557,129930,45768,55498,101266,26526,33795,60321,10448,18148,28596,2253,6403,8656,506646,571836,1078482
2021-10-19,59638,55403,115041,56942,57083,114025,74509,83696,158205,92485,102655,195140,80128,90280,170408,59544,70778,130322,45924,55685,101609,26634,33923,60557,10482,18208,28690,2259,6422,8681,508545,574133,1082678
2021-10-20,60082,55811,115893,57263,57439,114702,74773,84054,158827,92779,103068,195847,80400,90640,171040,59743,71045,130788,46074,55909,101983,26740,34077,60817,10516,18257,28773,2264,6433,8697,510634,576733,1087367
2021-10-21,60558,56255,116813,57574,57813,115387,75010,84369,159379,93089,103530,196619,80664,91010,171674,59925,71358,131283,46225,56153,102378,26843,34226,61069,10547,18322,28869,2268,6454,8722,512703,579490,1092193
2021-10-22,60999,56699,117698,57983,58280,116263,75231,84703,159934,93413,103974,197387,80959,91449,172408,60139,71665,131804,46396,56413,102809,26961,34369,61330,10585,18388,28973,2276,6466,8742,514942,582406,1097348
2021-10-23,61266,56944,118210,58225,58495,116720,75362,84911,160273,93624,104238,197862,81167,91718,172885,60293,71880,132173,46522,56579,103101,27034,34462,61496,10602,18427,29029,2282,6479,8761,516377,584133,1100510
2021-10-24,61567,57207,118774,58408,58654,117062,75469,85099,160568,93831,104527,198358,81356,91980,173336,60454,72079,132533,46631,56721,103352,27092,34553,61645,10627,18450,29077,2284,6487,8771,517719,585757,1103476
2021-10-25,62120,57782,119902,58760,59012,117772,75747,85490,161237,94224,104994,199218,81707,92410,174117,60686,72431,133117,46848,57038,103886,27208,34721,61929,10662,18499,29161,2287,6497,8784,520249,588874,1109123
2021-10-26,62652,58278,120930,59182,59392,118574,76029,85859,161888,94560,105422,199982,81989,92810,174799,60919,72744,133663,47067,57309,104376,27316,34869,62185,10691,18563,29254,2290,6508,8798,522695,591754,1114449
2021-10-27,63126,58732,121858,59570,59731,119301,76289,86157,162446,94856,105834,200690,82269,93179,175448,61114,73032,134146,47237,57554,104791,27436,34993,62429,10726,18621,29347,2293,6522,8815,524916,594355,1119271
2021-10-28,63598,59189,122787,59960,60120,120080,76517,86485,163002,95187,106218,201405,82541,93545,176086,61302,73287,134589,47417,57762,105179,27528,35125,62653,10765,18674,29439,2300,6537,8837,527115,596942,1124057
2021-10-29,64026,59598,123624,60357,60514,120871,76739,86812,163551,95533,106626,202159,82873,93940,176813,61512,73601,135113,47601,58007,105608,27650,35298,62948,10799,18738,29537,2303,6551,8854,529393,599685,1129078
2021-10-30,64264,59807,124071,60590,60754,121344,76889,86980,163869,95753,106920,202673,83100,94225,177325,61682,73789,135471,47740,58173,105913,27741,35403,63144,10829,18782,29611,2307,6558,8865,530895,601391,1132286
2021-10-31,64471,60021,124492,60800,60982,121782,77019,87141,164160,95932,107156,203088,83280,94467,177747,61832,73983,135815,47849,58310,106159,27801,35501,63302,10851,18811,29662,2311,6571,8882,532146,602943,1135089
2021-11-01,64874,60436,125310,61125,61322,122447,77210,87476,164686,96269,107588,203857,83659,94905,178564,62104,74331,136435,48063,58606,106669,27953,35677,63630,10879,18867,29746,2320,6585,8905,534456,605793,1140249
2021-11-02,65297,60823,126120,61451,61637,123088,77411,87767,165178,96550,107952,204502,83901,95278,179179,62282,74599,136881,48240,58842,107082,28058,35806,63864,10918,18927,29845,2325,6600,8925,536433,608231,1144664
2021-11-03,65735,61167,126902,61815,62064,123879,77638,88078,165716,96867,108344,205211,84213,95688,179901,62529,74906,137435,48421,59059,107480,28174,35960,64134,10950,18969,29919,2326,6610,8936,538668,610845,1149513
2021-11-04,66102,61495,127597,62157,62396,124553,77843,88380,166223,97171,108740,205911,84494,96064,180558,62758,75207,137965,48595,59286,107881,28274,36092,64366,10985,19022,30007,2333,6622,8955,540712,613304,1154016
2021-11-05,66439,61817,128256,62464,62738,125202,78088,88682,166770,97460,109134,206594,84770,96442,181212,62995,75487,138482,48781,59519,108300,28372,36216,64588,11021,19070,30091,2338,6637,8975,542728,615742,1158470
2021-11-06,66653,61997,128650,62681,62954,125635,78229,88878,167107,97677,109373,207050,84950,96674,181624,63134,75693,138827,48900,59649,108549,28444,36308,64752,11046,19107,30153,2339,6647,8986,544053,617280,1161333
2021-11-07,66856,62218,129074,62883,63163,126046,78347,89061,167408,97841,109590,207431,85134,96912,182046,63291,75885,139176,49007,59801,108808,28504,36389,64893,11074,19123,30197,2344,6652,8996,545281,618794,1164075
2021-11-08,67341,62656,129997,63201,63485,126686,78601,89391,167992,98198,110019,208217,85443,97383,182826,63523,76221,139744,49198,60032,109230,28621,36545,65166,11117,19183,30300,2349,6665,9014,547592,621580,1169172
2021-11-09,67773,63046,130819,63513,63800,127313,78809,89721,168530,98507,110378,208885,85753,97761,183514,63722,76494,140216,49348,60206,109554,28711,36654,65365,11145,19243,30388,2356,6673,9029,549637,623976,1173613
2021-11-10,68209,63405,131614,63821,64151,127972,79076,90080,169156,98817,110795,209612,86066,98153,184219,63961,76778,140739,49489,60419,109908,28787,36780,65567,11171,19293,30464,2360,6684,9044,551757,626538,1178295
2021-11-11,68644,63802,132446,64139,64502,128641,79324,90402,169726,99178,111276,210454,86349,98562,184911,64159,77077,141236,49642,60608,110250,28879,36897,65776,11202,19353,30555,2362,6695,9057,553878,629174,1183052
2021-11-12,69005,64160,133165,64521,64903,129424,79584,90715,170299,99522,111798,211320,86693,99040,185733,64430,77441,141871,49866,60946,110812,28988,37063,66051,11244,19400,30644,2364,6709,9073,556217,632175,1188392
2021-11-13,69235,64386,133621,64850,65212,130062,79753,90958,170711,99791,112097,211888,86913,99328,186241,64589,77681,142270,50005,61128,111133,29094,37215,66309,11271,19440,30711,2366,6725,9091,557867,634170,1192037
2021-11-14,69430,64575,134005,64989,65332,130321,79851,91097,170948,99954,112306,212260,87070,99500,186570,64677,77816,142493,50081,61257,111338,29156,37294,66450,11282,19460,30742,2371,6737,9108,558861,635374,1194235
2021-11-15,69850,64969,134819,65314,65646,130960,80067,91415,171482,100292,112717,213009,87351,99940,187291,64882,78139,143021,50286,61521,111807,29283,37476,66759,11321,19522,30843,2375,6748,9123,561021,638093,1199114
2021-11-16,70247,65363,135610,65643,65924,131567,80290,91741,172031,100580,113154,213734,87668,100323,187991,65107,78441,143548,50470,61767,112237,29386,37615,67001,11352,19561,30913,2379,6758,9137,563122,640647,1203769
2021-11-17,70652,65737,136389,65940,66180,132120,80527,92065,172592,100901,113658,214559,87981,100793,188774,65370,78781,144151,50653,62026,112679,29518,37778,67296,11386,19606,30992,2386,6768,9154,565314,643392,1208706
2021-11-18,71071,66081,137152,66319,66524,132843,80785,92410,173195,101245,114122,215367,88290,101226,189516,65587,79125,144712,50855,62258,113113,29613,37894,67507,11418,19660,31078,2397,6783,9180,567580,646083,1213663
2021-11-19,71378,66386,137764,66698,66926,133624,81014,92718,173732,101535,114588,216123,88620,101634,190254,65826,79455,145281,51041,62451,113492,29704,38050,67754,11447,19703,31150,2401,6794,9195,569664,648705,1218369
2021-11-20,71597,66586,138183,66947,67237,134184,81156,92924,174080,101739,114848,216587,88800,101896,190696,65973,79637,145610,51187,62598,113785,29782,38142,67924,11470,19737,31207,2404,6800,9204,571055,650405,1221460
2021-11-21,71749,66735,138484,67156,67458,134614,81251,93032,174283,101896,115025,216921,88959,102084,191043,66084,79771,145855,51284,62757,114041,29827,38233,68060,11491,19766,31257,2407,6804,9211,572104,651665,1223769
2021-11-22,71970,66971,138941,67403,67703,135106,81379,93209,174588,102112,115279,217391,89152,102365,191517,66240,79972,146212,51393,62928,114321,29921,38329,68250,11520,19808,31328,2409,6815,9224,573499,653379,1226878
2021-11-23,72332,67313,139645,67667,67988,135655,81577,93487,175064,102399,115643,218042,89389,102707,192096,66413,80243,146656,51547,63129,114676,30006,38462,68468,11561,19848,31409,2412,6827,9239,575303,655647,1230950
2021-11-24,72654,67631,140285,67893,68235,136128,81772,93763,175535,102676,115990,218666,89622,103060,192682,66569,80517,147086,51677,63320,114997,30101,38560,68661,11589,19900,31489,2415,6834,9249,576968,657810,1234778
2021-11-25,72978,67970,140948,68177,68514,136691,82014,94041,176055,103024,116410,219434,89920,103404,193324,66799,80785,147584,51841,63528,115369,30197,38677,68874,11621,19946,31567,2416,6842,9258,578987,660117,1239104
2021-11-26,73267,68272,141539,68624,68963,137587,82281,94320,176601,103344,116846,220190,90242,103832,194074,67026,81071,148097,52021,63744,115765,30291,38813,69104,11647,19991,31638,2417,6856,9273,581160,662708,1243868
2021-11-27,73464,68475,141939,68918,69260,138178,82501,94561,177062,103637,117177,220814,90521,104144,194665,67232,81308,148540,52206,63952,116158,30411,38946,69357,11689,20040,31729,2420,6871,9291,582999,664734,1247733
2021-11-28,73658,68634,142292,69089,69465,138554,82627,94709,177336,103827,117391,221218,90709,104393,195102,67370,81470,148840,52305,64075,116380,30457,39013,69470,11702,20073,31775,2424,6879,9303,584168,666102,1250270
2021-11-29,73965,68945,142910,69520,69871,139391,82897,95058,177955,104190,117829,222019,91046,104813,195859,67587,81793,149380,52501,64337,116838,30601,39182,69783,11741,20142,31883,2428,6897,9325,586476,668867,1255343
2021-11-30,74273,69227,143500,69866,70222,140088,83157,95433,178590,104582,118292,222874,91387,105255,196642,67829,82122,149951,52682,64585,117267,30709,39334,70043,11778,20205,31983,2432,6914,9346,588695,671589,1260284
2021-12-01,74647,69515,144162,70188,70559,140747,83374,95800,179174,104921,118744,223665,91733,105680,197413,68056,82427,150483,52885,64863,117748,30831,39485,70316,11810,20261,32071,2436,6932,9368,590881,674266,1265147
2021-12-02,74981,69812,144793,70578,71043,141621,83655,96232,179887,105348,119310,224658,92117,106183,198300,68311,82810,151121,53086,65141,118227,30934,39644,70578,11848,20316,32164,2438,6945,9383,593296,677436,1270732
2021-12-03,75211,70052,145263,70829,71346,142175,83850,96479,180329,105621,119631,225252,92383,106462,198845,68465,83029,151494,53231,65308,118539,31027,39747,70774,11873,20359,32232,2442,6959,9401,594932,679372,1274304
2021-12-04,75446,70237,145683,71198,71789,142987,84050,96741,180791,105907,119996,225903,92645,106817,199462,68638,83270,151908,53400,65489,118889,31109,39863,70972,11905,20411,32316,2443,6968,9411,596741,681581,1278322
2021-12-05,75697,70474,146171,71614,72199,143813,84242,97018,181260,106151,120315,226466,92887,107130,200017,68811,83523,152334,53531,65679,119210,31201,39977,71178,11928,20448,32376,2444,6978,9422,598506,683741,1282247
2021-12-06,76099,70896,146995,72002,72654,144656,84597,97477,182074,106578,120848,227426,93277,107682,200959,69123,83915,153038,53774,66024,119798,31354,40158,71512,11971,20528,32499,2451,6990,9441,601226,687172,1288398
2021-12-07,76507,71299,147806,72406,73104,145510,84916,97943,182859,106992,121465,228457,93658,108226,201884,69409,84304,153713,53951,66288,120239,31480,40346,71826,12010,20603,32613,2458,7009,9467,603787,690587,1294374
2021-12-08,76768,71574,148342,72645,73328,145973,85145,98322,183467,107290,121837,229127,93914,108570,202484,69616,84564,154180,54095,66498,120593,31567,40465,72032,12045,20647,32692,2459,7016,9475,605544,692821,1298365
2021-12-09,77126,71927,149053,73083,73812,146895,85527,98928,184455,107758,122483,230241,94345,109162,203507,69927,84994,154921,54340,66792,121132,31712,40661,72373,12088,20711,32799,2464,7030,9494,608370,696500,1304870
2021-12-10,77467,72327,149794,73826,74583,148409,85952,99556,185508,108298,123202,231500,94817,109798,204615,70237,85416,155653,54546,67111,121657,31853,40882,72735,12131,20786,32917,2469,7045,9514,611596,700706,1312302
2021-12-11,77690,72532,150222,74241,75096,149337,86230,99938,186168,108628,123627,232255,95134,110195,205329,70458,85683,156141,54697,67316,122013,31941,40998,72939,12155,20833,32988,2473,7056,9529,613647,703274,1316921
2021-12-12,77935,72767,150702,74562,75462,150024,86432,100275,186707,108940,124044,232984,95412,110570,205982,70668,85961,156629,54857,67536,122393,32025,41118,73143,12187,20875,33062,2477,7070,9547,615495,705678,1321173
2021-12-13,78319,73173,151492,75041,75982,151023,86883,100947,187830,109446,124706,234152,95859,111106,206965,70978,86457,157435,55107,67885,122992,32191,41315,73506,12239,20972,33211,2484,7093,9577,618547,709636,1328183
2021-12-14,78703,73572,152275,75496,76482,151978,87414,101729,189143,110083,125539,235622,96323,111712,208035,71275,86917,158192,55385,68225,123610,32345,41514,73859,12289,21037,33326,2490,7104,9594,621803,713831,1335634
2021-12-15,79109,73991,153100,75905,77043,152948,87913,102431,190344,110691,126240,236931,96792,112337,209129,71600,87361,158961,55611,68513,124124,32487,41670,74157,12338,21116,33454,2498,7121,9619,624944,717823,1342767
2021-12-16,79583,74464,154047,76507,77737,154244,88567,103370,191937,111422,127181,238603,97412,113100,210512,71997,87896,159893,55897,68861,124758,32614,41851,74465,12386,21193,33579,2503,7132,9635,628888,722785,1351673
2021-12-17,80019,74918,154937,77175,78530,155705,89214,104286,193500,112137,128081,240218,97962,113856,211818,72406,88445,160851,56158,69242,125400,32776,42051,74827,12423,21254,33677,2507,7149,9656,632777,727812,1360589
2021-12-18,80294,75193,155487,77589,79021,156610,89609,104864,194473,112643,128720,241363,98338,114373,212711,72700,88831,161531,56363,69495,125858,32876,42210,75086,12453,21304,33757,2510,7158,9668,635375,731169,1366544
2021-12-19,80558,75474,156032,77911,79401,157312,89920,105356,195276,113075,129290,242365,98707,114809,213516,72982,89196,162178,56576,69715,126291,32991,42339,75330,12482,21337,33819,2514,7164,9678,637716,734081,1371797
2021-12-20,81029,75989,157018,78507,80033,158540,90539,106235,196774,113835,130244,244079,99329,115638,214967,73413,89818,163231,56875,70147,127022,33185,42577,75762,12534,21432,33966,2521,7177,9698,641767,739290,1381057
2021-12-21,81440,76428,157868,79095,80664,159759,91355,107284,198639,114737,131360,246097,99999,116517,216516,73864,90417,164281,57159,70520,127679,33341,42763,76104,12579,21516,34095,2525,7190,9715,646094,744659,1390753
2021-12-22,82013,76887,158900,79764,81506,161270,92435,108809,201244,115929,132968,248897,100899,117766,218665,74438,91293,165731,57557,71023,128580,33557,43043,76600,12619,21617,34236,2532,7213,9745,651743,752125,1403868
2021-12-23,82534,77448,159982,80600,82447,163047,93634,110341,203975,117170,134585,251755,101788,119015,220803,75016,92166,167182,57970,71567,129537,33747,43343,77090,12671,21727,34398,2535,7234,9769,657665,759873,1417538
2021-12-24,82836,77737,160573,81038,82935,163973,94198,111136,205334,117803,135341,253144,102290,119630,221920,75353,92614,167967,58209,71823,130032,33860,43489,77349,12713,21781,34494,2539,7241,9780,660839,763727,1424566
2021-12-25,82987,77877,160864,81230,83158,164388,94370,111374,205744,118034,135631,253665,102499,119898,222397,75520,92821,168341,58314,71960,130274,33919,43586,77505,12731,21813,34544,2542,7249,9791,662146,765367,1427513
2021-12-26,83329,78214,161543,81788,83819,165607,95029,112135,207164,118770,136526,255296,103157,120779,223936,76031,93508,169539,58640,72379,131019,34115,43786,77901,12768,21883,34651,2549,7258,9807,666176,770287,1436463
2021-12-27,83825,78697,162522,82625,84763,167388,95996,113355,209351,119893,137951,257844,104096,122070,226166,76761,94530,171291,59135,72953,132088,34359,44113,78472,12838,21992,34830,2552,7291,9843,672080,777715,1449795
2021-12-28,84292,79139,163431,83551,85819,169370,97162,114867,212029,121060,139439,260499,105138,123466,228604,77518,95589,173107,59622,73573,133195,34566,44403,78969,12901,22112,35013,2554,7310,9864,678364,785717,1464081
2021-12-29,84792,79576,164368,84598,86920,171518,98507,116641,215148,122394,141105,263499,106208,124964,231172,78285,96761,175046,60132,74211,134343,34783,44735,79518,12957,22228,35185,2565,7331,9896,685221,794472,1479693
2021-12-30,85451,80162,165613,85762,88276,174038,100118,118542,218660,123823,142954,266777,107376,126667,234043,79165,98056,177221,60709,75022,135731,35058,45132,80190,13030,22345,35375,2570,7360,9930,693062,804516,1497578
2021-12-31,85670,80392,166062,86250,88821,175071,100733,119375,220108,124454,143681,268135,107896,127387,235283,79558,98621,178179,60969,75359,136328,35179,45294,80473,13065,22402,35467,2574,7364,9938,696348,808696,1505044
2022-01-01,85758,80480,166238,86390,89007,175397,100894,119596,220490,124649,143928,268577,108079,127641,235720,79721,98831,178552,61067,75488,136555,35218,45363,80581,13078,22420,35498,2575,7370,9945,697429,810124,1507553
2022-01-02,85841,80539,166380,86443,89075,175518,100946,119673,220619,124709,144038,268747,108148,127735,235883,79782,98894,178676,61122,75540,136662,35245,45394,80639,13083,22435,35518,2577,7375,9952,697896,810698,1508594
2022-01-03,85974,80654,166628,86515,89153,175668,101032,119799,220831,124825,144170,268995,108249,127874,236123,79870,98974,178844,61196,75614,136810,35286,45440,80726,13094,22467,35561,2578,7380,9958,698619,811525,1510144
2022-01-04,86016,80693,166709,86546,89180,175726,101074,119870,220944,124886,144256,269142,108295,127932,236227,79905,99004,178909,61219,75636,136855,35296,45452,80748,13097,22477,35574,2579,7381,9960,698913,811881,1510794
2022-01-05,86037,80712,166749,86560,89199,175759,101094,119899,220993,124904,144303,269207,108311,127959,236270,79912,99028,178940,61235,75650,136885,35301,45459,80760,13097,22481,35578,2579,7383,9962,699030,812073,1511103
