FECHA,<=10M,<=10F,<=10,11-20M,11-20F,11-20,21-30M,21-30F,21-30,31-40M,31-40F,31-40,41-50M,41-50F,41-50,51-60M,51-60F,51-60,61-70M,61-70F,61-70,71-80M,71-80F,71-80,81-90M,81-90F,81-90,>=91M,>=91F,>=91,TotalM,TotalF,Total,DelayCount,CumDelay,DelayAvg
2020-03-15,1,0,1,1,2,3,0,2,2,2,1,3,1,1,2,1,0,1,1,1,2,1,0,1,0,0,0,0,0,0,8,7,15,15,44,2.933333333333333
2020-03-16,1,3,4,2,1,3,1,4,5,1,1,2,0,2,2,3,2,5,2,3,5,0,0,0,0,0,0,0,0,0,10,16,26,26,87,3.3461538461538463
2020-03-17,1,4,5,1,2,3,2,1,3,2,3,5,2,4,6,0,2,2,2,2,4,2,3,5,1,0,1,0,0,0,13,21,34,34,409,12.029411764705882
2020-03-18,3,1,4,1,0,1,1,0,1,2,1,3,1,3,4,1,1,2,1,2,3,1,0,1,1,0,1,0,0,0,12,8,20,20,36,1.8
2020-03-19,3,1,4,0,0,0,3,2,5,3,3,6,2,1,3,0,0,0,1,1,2,1,1,2,0,0,0,1,0,1,14,9,23,23,56,2.4347826086956523
2020-03-20,1,1,2,1,0,1,2,1,3,1,3,4,0,2,2,0,1,1,2,1,3,1,2,3,1,0,1,0,0,0,9,11,20,20,34,1.7
2020-03-21,1,0,1,2,1,3,2,4,6,4,2,6,2,1,3,1,0,1,2,2,4,1,1,2,1,0,1,1,0,1,17,11,28,28,75,2.6785714285714284
2020-03-22,3,1,4,0,0,0,4,2,6,0,0,0,1,0,1,2,1,3,0,3,3,2,1,3,3,2,5,0,1,1,15,11,26,26,59,2.269230769230769
2020-03-23,4,1,5,1,2,3,2,3,5,4,3,7,2,3,5,2,3,5,2,3,5,5,3,8,3,3,6,0,2,2,25,26,51,51,91,1.7843137254901962
2020-03-24,3,1,4,0,1,1,2,3,5,3,2,5,0,3,3,2,2,4,0,0,0,2,0,2,2,1,3,1,0,1,15,13,28,28,43,1.5357142857142858
2020-03-25,1,4,5,0,2,2,3,3,6,2,7,9,1,1,2,1,3,4,3,1,4,2,2,4,2,5,7,2,0,2,17,28,45,45,107,2.3777777777777778
2020-03-26,4,3,7,2,2,4,2,2,4,4,4,8,3,4,7,4,3,7,1,5,6,4,3,7,6,0,6,1,1,2,31,27,58,58,196,3.3793103448275863
2020-03-27,4,3,7,0,2,2,1,2,3,6,1,7,3,6,9,2,3,5,5,6,11,5,6,11,3,3,6,2,5,7,31,37,68,68,149,2.1911764705882355
2020-03-28,2,1,3,0,0,0,3,2,5,4,3,7,1,1,2,5,2,7,4,0,4,4,7,11,3,1,4,0,0,0,26,17,43,43,132,3.0697674418604652
2020-03-29,2,0,2,2,1,3,2,3,5,3,3,6,3,3,6,1,0,1,6,4,10,4,2,6,4,1,5,2,1,3,29,18,47,47,108,2.297872340425532
2020-03-30,3,2,5,0,0,0,2,7,9,7,2,9,5,4,9,3,2,5,7,2,9,3,6,9,4,1,5,3,2,5,37,28,65,65,128,1.9692307692307693
2020-03-31,9,4,13,1,1,2,7,3,10,12,5,17,7,5,12,5,2,7,6,3,9,7,3,10,2,4,6,4,0,4,60,30,90,90,179,1.988888888888889
2020-04-01,11,10,21,1,3,4,9,4,13,11,3,14,15,7,22,5,10,15,5,3,8,8,4,12,6,5,11,0,1,1,71,50,121,121,247,2.041322314049587
2020-04-02,11,9,20,2,4,6,8,7,15,8,5,13,3,9,12,3,15,18,9,7,16,8,6,14,5,7,12,3,3,6,60,72,132,132,228,1.7272727272727273
2020-04-03,22,9,31,5,4,9,8,7,15,8,13,21,11,13,24,6,8,14,8,5,13,7,5,12,6,6,12,1,5,6,82,75,157,157,328,2.089171974522293
2020-04-04,11,15,26,4,4,8,4,7,11,7,15,22,11,5,16,8,1,9,6,3,9,2,5,7,4,2,6,1,3,4,58,60,118,118,226,1.9152542372881356
2020-04-05,9,10,19,5,5,10,8,2,10,7,9,16,10,8,18,5,8,13,2,11,13,6,8,14,3,4,7,2,2,4,57,67,124,124,212,1.7096774193548387
2020-04-06,12,10,22,5,5,10,10,6,16,13,7,20,13,5,18,11,7,18,8,9,17,10,5,15,7,4,11,1,3,4,90,61,151,151,220,1.4569536423841059
2020-04-07,13,12,25,5,4,9,7,5,12,9,9,18,7,7,14,10,3,13,4,5,9,9,9,18,6,10,16,2,1,3,72,65,137,137,176,1.2846715328467153
2020-04-08,12,10,22,4,3,7,6,11,17,7,5,12,9,7,16,9,9,18,9,9,18,11,5,16,1,4,5,3,4,7,71,67,138,138,239,1.7318840579710144
2020-04-09,5,6,11,3,4,7,5,8,13,15,11,26,5,11,16,10,9,19,7,4,11,7,10,17,5,8,13,4,5,9,66,76,142,142,206,1.4507042253521127
2020-04-10,20,7,27,6,4,10,2,6,8,6,6,12,12,2,14,4,7,11,8,2,10,1,10,11,5,9,14,1,4,5,65,57,122,122,160,1.3114754098360655
2020-04-11,10,7,17,6,5,11,8,7,15,11,6,17,7,4,11,4,7,11,4,7,11,7,3,10,4,8,12,1,3,4,62,57,119,119,151,1.26890756302521
2020-04-12,10,8,18,3,0,3,5,6,11,10,7,17,4,7,11,11,4,15,3,5,8,4,9,13,4,4,8,0,2,2,54,52,106,106,165,1.5566037735849056
2020-04-13,9,12,21,9,5,14,11,11,22,8,14,22,9,10,19,6,7,13,10,8,18,6,9,15,9,12,21,3,5,8,80,93,173,173,215,1.2427745664739884
2020-04-14,18,6,24,4,1,5,13,7,20,11,6,17,9,11,20,12,10,22,7,6,13,9,5,14,7,5,12,3,4,7,93,61,154,154,155,1.0064935064935066
2020-04-15,9,7,16,4,7,11,7,7,14,8,9,17,8,15,23,8,14,22,10,6,16,11,5,16,6,7,13,5,3,8,76,80,156,156,220,1.4102564102564104
2020-04-16,15,5,20,6,5,11,9,8,17,14,17,31,13,16,29,8,14,22,4,8,12,7,4,11,4,5,9,0,4,4,80,86,166,166,180,1.0843373493975903
2020-04-17,17,12,29,6,7,13,5,7,12,11,24,35,15,12,27,11,11,22,7,9,16,16,11,27,5,7,12,1,3,4,94,103,197,197,268,1.3604060913705585
2020-04-18,13,11,24,6,3,9,13,8,21,21,11,32,11,6,17,7,4,11,3,4,7,7,10,17,5,10,15,3,4,7,89,71,160,160,246,1.5375
2020-04-19,12,11,23,4,3,7,6,4,10,11,6,17,8,7,15,5,10,15,10,8,18,5,8,13,5,7,12,1,1,2,67,65,132,132,166,1.2575757575757576
2020-04-20,17,11,28,12,10,22,17,11,28,14,12,26,14,11,25,15,11,26,13,11,24,16,12,28,11,10,21,5,14,19,134,113,247,247,284,1.1497975708502024
2020-04-21,14,9,23,8,10,18,16,8,24,11,21,32,7,8,15,8,10,18,9,7,16,15,12,27,7,10,17,2,10,12,97,105,202,202,237,1.1732673267326732
2020-04-22,15,12,27,4,7,11,9,13,22,15,6,21,14,9,23,8,13,21,13,6,19,5,13,18,9,12,21,7,6,13,99,97,196,196,295,1.5051020408163265
2020-04-23,18,16,34,5,4,9,9,16,25,13,12,25,11,13,24,6,16,22,8,8,16,11,8,19,11,11,22,6,9,15,98,113,211,211,207,0.981042654028436
2020-04-24,20,12,32,7,7,14,13,14,27,17,17,34,10,12,22,9,12,21,8,11,19,11,12,23,11,15,26,2,3,5,108,115,223,223,245,1.0986547085201794
2020-04-25,14,10,24,4,2,6,7,10,17,14,10,24,6,10,16,5,8,13,6,5,11,6,7,13,11,17,28,4,4,8,77,83,160,160,151,0.94375
2020-04-26,13,17,30,6,8,14,7,5,12,6,4,10,9,8,17,4,6,10,9,8,17,7,6,13,7,7,14,1,4,5,69,73,142,142,126,0.8873239436619719
2020-04-27,14,15,29,6,4,10,9,11,20,7,19,26,5,19,24,14,13,27,8,8,16,20,8,28,10,16,26,3,4,7,96,117,213,213,176,0.8262910798122066
2020-04-28,21,10,31,7,5,12,17,14,31,15,15,30,12,19,31,8,12,20,7,8,15,3,12,15,6,15,21,2,4,6,98,114,212,212,161,0.7594339622641509
2020-04-29,26,12,38,6,6,12,17,10,27,22,24,46,14,13,27,9,13,22,7,7,14,12,7,19,4,14,18,4,10,14,121,116,237,237,188,0.7932489451476793
2020-04-30,21,11,32,9,3,12,10,10,20,14,13,27,14,10,24,13,14,27,10,10,20,8,12,20,13,18,31,6,8,14,118,109,227,227,180,0.7929515418502202
2020-05-01,3,16,19,6,5,11,1,8,9,14,14,28,13,10,23,10,6,16,10,6,16,7,10,17,9,11,20,0,2,2,73,88,161,161,140,0.8695652173913043
2020-05-02,7,17,24,6,7,13,11,5,16,11,8,19,7,7,14,10,3,13,4,6,10,8,2,10,6,12,18,1,4,5,71,71,142,142,135,0.9507042253521126
2020-05-03,8,13,21,5,4,9,7,7,14,11,7,18,8,7,15,8,3,11,8,5,13,6,10,16,7,8,15,3,5,8,71,69,140,140,115,0.8214285714285714
2020-05-04,23,21,44,5,4,9,14,13,27,16,15,31,10,12,22,11,5,16,10,12,22,15,18,33,8,16,24,2,5,7,114,121,235,235,168,0.7148936170212766
2020-05-05,17,13,30,10,3,13,15,15,30,13,16,29,9,18,27,11,9,20,12,8,20,15,11,26,7,16,23,1,9,10,110,118,228,228,140,0.6140350877192983
2020-05-06,14,18,32,6,3,9,18,7,25,16,20,36,23,11,34,9,8,17,12,13,25,19,16,35,8,15,23,4,6,10,129,117,246,246,166,0.6747967479674797
2020-05-07,18,14,32,12,7,19,17,13,30,15,16,31,20,14,34,6,9,15,9,9,18,18,8,26,9,14,23,1,7,8,125,111,236,236,172,0.7288135593220338
2020-05-08,21,13,34,8,6,14,15,8,23,15,18,33,21,19,40,19,7,26,10,12,22,13,10,23,10,12,22,3,12,15,135,117,252,252,272,1.0793650793650793
2020-05-09,21,12,33,4,2,6,8,17,25,8,13,21,10,13,23,7,6,13,7,7,14,13,3,16,5,12,17,5,9,14,88,94,182,182,161,0.8846153846153846
2020-05-10,9,10,19,2,4,6,11,11,22,6,11,17,7,12,19,3,6,9,11,8,19,8,13,21,6,13,19,1,5,6,64,93,157,156,130,0.8333333333333334
2020-05-11,21,20,41,8,5,13,11,17,28,17,17,34,18,19,37,11,10,21,11,8,19,13,11,24,12,17,29,4,18,22,126,142,268,268,196,0.7313432835820896
2020-05-12,22,12,34,9,10,19,31,26,57,27,18,45,11,19,30,7,8,15,12,12,24,8,9,17,10,15,25,5,13,18,142,142,284,284,195,0.6866197183098591
2020-05-13,28,19,47,10,10,20,25,18,43,20,23,43,19,10,29,12,13,25,10,11,21,10,10,20,8,17,25,1,8,9,143,139,282,282,257,0.9113475177304965
2020-05-14,24,30,54,12,19,31,14,30,44,27,29,56,14,10,24,13,20,33,14,13,27,10,11,21,12,16,28,2,13,15,142,191,333,333,285,0.8558558558558559
2020-05-15,22,24,46,8,6,14,8,18,26,23,26,49,13,26,39,17,10,27,11,9,20,8,6,14,9,22,31,5,10,15,124,157,281,280,246,0.8785714285714286
2020-05-16,16,18,34,8,9,17,8,18,26,12,24,36,11,13,24,8,10,18,7,7,14,10,7,17,6,8,14,4,12,16,90,126,216,216,263,1.2175925925925926
2020-05-17,23,13,36,4,9,13,15,14,29,13,16,29,11,13,24,5,4,9,8,7,15,7,5,12,12,13,25,2,4,6,100,98,198,198,144,0.7272727272727273
2020-05-18,24,28,52,11,17,28,35,29,64,26,35,61,18,24,42,21,15,36,16,16,32,17,14,31,17,13,30,1,11,12,186,202,388,388,270,0.6958762886597938
2020-05-19,24,21,45,15,18,33,31,32,63,40,31,71,32,23,55,22,16,38,20,14,34,14,23,37,12,22,34,5,10,15,215,210,425,425,281,0.6611764705882353
2020-05-20,34,46,80,18,18,36,36,31,67,52,35,87,28,22,50,18,15,33,23,18,41,15,11,26,12,18,30,6,4,10,242,218,460,460,277,0.6021739130434782
2020-05-21,39,37,76,21,18,39,40,41,81,35,48,83,26,26,52,22,14,36,17,7,24,15,9,24,10,18,28,1,4,5,226,222,448,448,227,0.5066964285714286
2020-05-22,40,19,59,19,21,40,37,38,75,32,36,68,28,22,50,18,13,31,10,10,20,10,11,21,8,17,25,6,12,18,208,199,407,407,196,0.48157248157248156
2020-05-23,23,21,44,18,19,37,30,28,58,35,23,58,15,18,33,9,12,21,14,11,25,8,14,22,9,7,16,2,2,4,163,155,318,318,183,0.5754716981132075
2020-05-24,17,22,39,11,10,21,19,14,33,17,22,39,11,5,16,10,5,15,12,10,22,12,9,21,6,14,20,2,6,8,117,117,234,234,153,0.6538461538461539
2020-05-25,33,27,60,21,30,51,26,37,63,23,26,49,22,18,40,5,9,14,10,9,19,10,7,17,10,14,24,2,9,11,162,186,348,348,198,0.5689655172413793
2020-05-26,46,39,85,27,24,51,55,59,114,55,49,104,24,41,65,18,28,46,16,8,24,14,7,21,12,14,26,4,11,15,271,280,551,551,374,0.6787658802177858
2020-05-27,49,43,92,13,19,32,31,41,72,35,37,72,25,22,47,22,20,42,11,9,20,8,17,25,4,15,19,4,2,6,202,225,427,427,298,0.6978922716627635
2020-05-28,30,45,75,23,15,38,41,53,94,33,42,75,30,32,62,17,22,39,9,16,25,14,8,22,14,21,35,4,11,15,215,265,480,480,350,0.7291666666666666
2020-05-29,45,36,81,23,20,43,46,46,92,38,56,94,34,34,68,19,23,42,18,15,33,18,15,33,15,17,32,1,4,5,257,266,523,523,388,0.7418738049713193
2020-05-30,35,27,62,17,15,32,44,32,76,38,22,60,20,24,44,16,15,31,12,11,23,12,11,23,8,14,22,1,7,8,203,178,381,378,163,0.4312169312169312
2020-05-31,29,18,47,17,13,30,16,19,35,27,14,41,16,14,30,7,12,19,8,7,15,11,6,17,7,10,17,0,7,7,138,120,258,258,130,0.5038759689922481
2020-06-01,42,34,76,27,21,48,35,56,91,32,45,77,23,32,55,22,19,41,25,19,44,12,9,21,9,11,20,4,3,7,231,249,480,480,306,0.6375
2020-06-02,46,37,83,23,26,49,44,38,82,33,36,69,22,26,48,16,24,40,14,11,25,25,14,39,9,19,28,4,13,17,236,244,480,480,289,0.6020833333333333
2020-06-03,41,27,68,17,37,54,39,37,76,31,48,79,29,35,64,14,15,29,20,15,35,18,12,30,12,16,28,2,9,11,223,251,474,474,259,0.5464135021097046
2020-06-04,42,38,80,23,29,52,41,40,81,21,42,63,25,23,48,30,23,53,13,10,23,22,13,35,11,21,32,2,9,11,230,248,478,475,272,0.5726315789473684
2020-06-05,46,42,88,16,24,40,42,41,83,38,46,84,40,33,73,30,28,58,20,15,35,19,15,34,13,23,36,3,10,13,267,277,544,544,440,0.8088235294117647
2020-06-06,36,27,63,18,13,31,22,29,51,34,39,73,20,22,42,15,16,31,13,15,28,13,8,21,12,19,31,1,10,11,184,198,382,377,265,0.7029177718832891
2020-06-07,26,25,51,18,15,33,28,27,55,22,30,52,22,9,31,13,12,25,9,5,14,9,7,16,11,11,22,2,8,10,160,149,309,305,176,0.5770491803278689
2020-06-08,37,38,75,24,29,53,51,39,90,48,53,101,40,31,71,21,28,49,18,17,35,20,15,35,12,20,32,3,9,12,274,279,553,551,350,0.6352087114337568
2020-06-09,61,38,99,27,26,53,27,50,77,47,43,90,38,35,73,27,16,43,13,12,25,14,26,40,12,32,44,4,16,20,270,294,564,560,433,0.7732142857142857
2020-06-10,29,45,74,16,21,37,53,33,86,47,50,97,40,32,72,28,32,60,24,21,45,22,29,51,7,20,27,6,16,22,272,299,571,571,379,0.6637478108581436
2020-06-11,44,46,90,19,27,46,42,48,90,52,51,103,27,42,69,20,37,57,14,26,40,17,20,37,8,29,37,4,15,19,247,341,588,588,383,0.6513605442176871
2020-06-12,50,51,101,19,32,51,64,52,116,55,74,129,45,54,99,30,29,59,33,24,57,18,17,35,8,22,30,6,10,16,328,365,693,693,449,0.6479076479076479
2020-06-13,37,30,67,27,22,49,45,50,95,42,46,88,17,40,57,26,23,49,14,10,24,13,10,23,9,19,28,2,6,8,232,256,488,488,355,0.7274590163934426
2020-06-14,24,36,60,21,27,48,33,27,60,25,29,54,22,19,41,17,25,42,12,7,19,5,17,22,14,20,34,0,8,8,173,215,388,388,264,0.6804123711340206
2020-06-15,40,37,77,31,28,59,40,40,80,32,38,70,21,26,47,15,18,33,16,6,22,12,13,25,9,15,24,2,10,12,218,231,449,449,271,0.6035634743875279
2020-06-16,58,64,122,27,29,56,77,63,140,64,54,118,52,37,89,27,30,57,17,17,34,17,8,25,14,26,40,3,15,18,356,343,699,699,456,0.6523605150214592
2020-06-17,47,52,99,28,37,65,67,55,122,52,69,121,44,46,90,34,20,54,21,19,40,11,21,32,19,17,36,2,9,11,325,345,670,670,511,0.7626865671641792
2020-06-18,58,51,109,28,22,50,76,74,150,66,77,143,61,35,96,43,32,75,22,25,47,20,17,37,13,24,37,3,11,14,390,368,758,758,636,0.8390501319261213
2020-06-19,61,39,100,20,37,57,59,65,124,84,76,160,46,56,102,52,41,93,32,21,53,22,21,43,18,23,41,7,13,20,401,392,793,793,780,0.9836065573770492
2020-06-20,35,45,80,21,27,48,45,36,81,49,42,91,30,47,77,18,32,50,22,17,39,12,10,22,8,17,25,6,6,12,246,279,525,525,296,0.5638095238095238
2020-06-21,38,27,65,20,21,41,33,50,83,26,48,74,25,21,46,18,12,30,11,12,23,11,8,19,7,9,16,1,7,8,190,215,405,405,178,0.43950617283950616
2020-06-22,59,49,108,32,40,72,57,68,125,66,62,128,52,55,107,35,45,80,21,25,46,21,16,37,8,26,34,2,13,15,353,399,752,752,462,0.6143617021276596
2020-06-23,58,56,114,39,34,73,67,66,133,78,64,142,55,62,117,31,48,79,25,23,48,15,17,32,16,17,33,3,7,10,387,394,781,781,431,0.5518565941101152
2020-06-24,52,54,106,30,33,63,71,75,146,53,73,126,52,52,104,33,52,85,18,24,42,14,18,32,16,18,34,2,4,6,341,403,744,744,369,0.4959677419354839
2020-06-25,57,66,123,42,48,90,61,70,131,63,59,122,53,42,95,45,41,86,15,20,35,13,21,34,12,14,26,4,6,10,365,387,752,752,522,0.6941489361702128
2020-06-26,56,51,107,37,33,70,75,83,158,63,72,135,50,48,98,26,46,72,27,27,54,16,17,33,13,23,36,2,9,11,365,409,774,774,393,0.5077519379844961
2020-06-27,70,68,138,38,49,87,48,66,114,46,56,102,37,41,78,26,23,49,24,11,35,5,17,22,7,7,14,4,6,10,305,344,649,649,338,0.5208012326656395
2020-06-28,48,27,75,16,23,39,31,56,87,35,52,87,30,30,60,27,21,48,12,9,21,9,12,21,10,14,24,6,6,12,224,250,474,474,237,0.5
2020-06-29,56,56,112,43,52,95,65,56,121,67,65,132,43,46,89,25,42,67,26,14,40,15,21,36,15,22,37,2,9,11,357,383,740,740,424,0.572972972972973
2020-06-30,35,51,86,21,37,58,79,58,137,46,71,117,54,44,98,37,37,74,28,14,42,19,13,32,6,19,25,2,11,13,327,355,682,681,345,0.5066079295154186
2020-07-01,52,45,97,23,42,65,83,63,146,64,60,124,45,53,98,34,40,74,23,22,45,16,18,34,9,23,32,3,6,9,352,372,724,723,403,0.5573997233748271
2020-07-02,71,61,132,35,40,75,65,79,144,63,74,137,54,51,105,34,29,63,27,21,48,18,22,40,13,15,28,5,6,11,385,398,783,783,311,0.39719029374201786
2020-07-03,66,45,111,39,31,70,63,62,125,80,91,171,44,50,94,34,36,70,26,18,44,18,18,36,13,19,32,3,5,8,386,375,761,761,375,0.492772667542707
2020-07-04,43,43,86,26,29,55,56,71,127,46,50,96,37,37,74,29,27,56,14,13,27,13,20,33,7,12,19,3,7,10,274,309,583,583,226,0.3876500857632933
2020-07-05,33,38,71,29,21,50,45,54,99,42,66,108,24,40,64,22,28,50,25,23,48,19,19,38,12,24,36,4,8,12,255,321,576,576,268,0.4652777777777778
2020-07-06,43,38,81,28,23,51,66,74,140,78,63,141,61,73,134,45,45,90,29,34,63,23,34,57,12,35,47,3,14,17,388,433,821,821,318,0.3873325213154689
2020-07-07,65,74,139,42,44,86,85,85,170,94,78,172,56,62,118,42,48,90,23,20,43,15,14,29,12,27,39,7,12,19,441,464,905,905,369,0.40773480662983425
2020-07-08,62,48,110,43,44,87,99,90,189,81,105,186,76,96,172,47,66,113,30,28,58,24,30,54,14,28,42,5,19,24,481,554,1035,1035,484,0.4676328502415459
2020-07-09,46,39,85,25,29,54,69,71,140,82,71,153,62,64,126,31,30,61,13,29,42,14,30,44,12,32,44,7,12,19,361,407,768,768,270,0.3515625
2020-07-10,46,37,83,31,38,69,70,86,156,61,98,159,57,52,109,38,45,83,31,31,62,24,18,42,16,25,41,1,13,14,375,443,818,818,295,0.3606356968215159
2020-07-11,44,53,97,35,23,58,53,66,119,67,72,139,49,57,106,40,47,87,31,30,61,17,36,53,11,29,40,4,19,23,351,432,783,783,397,0.5070242656449553
2020-07-12,30,25,55,21,21,42,47,49,96,57,56,113,39,45,84,18,31,49,18,17,35,13,16,29,7,22,29,4,9,13,254,291,545,545,191,0.3504587155963303
2020-07-13,59,62,121,36,46,82,89,94,183,93,105,198,88,97,185,56,84,140,48,44,92,27,62,89,17,72,89,3,32,35,516,698,1214,1214,637,0.5247116968698518
2020-07-14,60,50,110,46,36,82,76,91,167,121,117,238,94,81,175,59,48,107,46,46,92,29,35,64,25,32,57,8,18,26,564,554,1118,1118,432,0.38640429338103754
2020-07-15,59,56,115,61,47,108,84,129,213,110,150,260,92,90,182,49,71,120,35,35,70,20,30,50,19,23,42,7,11,18,536,642,1178,1178,496,0.42105263157894735
2020-07-16,63,41,104,42,65,107,87,110,197,99,114,213,81,112,193,46,77,123,32,34,66,20,33,53,19,41,60,2,26,28,491,653,1144,1144,659,0.576048951048951
2020-07-17,68,63,131,43,47,90,89,112,201,99,127,226,74,116,190,54,74,128,40,47,87,22,25,47,21,22,43,4,9,13,514,642,1156,1156,539,0.4662629757785467
2020-07-18,44,49,93,37,37,74,82,91,173,84,114,198,52,77,129,47,45,92,31,34,65,24,14,38,16,24,40,2,7,9,419,492,911,911,502,0.5510428100987925
2020-07-19,43,49,92,30,33,63,54,73,127,61,81,142,40,59,99,39,42,81,31,22,53,18,12,30,12,22,34,3,8,11,331,401,732,732,314,0.42896174863387976
2020-07-20,86,61,147,61,67,128,98,113,211,96,148,244,92,112,204,56,83,139,42,56,98,29,31,60,23,25,48,3,13,16,586,709,1295,1295,535,0.41312741312741313
2020-07-21,59,54,113,48,43,91,109,97,206,125,126,251,88,93,181,63,77,140,37,44,81,32,32,64,15,31,46,5,11,16,581,608,1189,1188,531,0.44696969696969696
2020-07-22,88,58,146,52,60,112,133,135,268,124,143,267,101,102,203,65,77,142,28,38,66,31,28,59,18,45,63,2,11,13,642,697,1339,1339,599,0.44734876773711724
2020-07-23,74,60,134,44,59,103,115,131,246,113,155,268,76,96,172,57,72,129,30,34,64,21,26,47,9,24,33,7,11,18,546,668,1214,1214,593,0.48846787479406917
2020-07-24,61,64,125,48,45,93,113,125,238,110,132,242,90,96,186,64,75,139,48,27,75,24,27,51,12,35,47,2,13,15,572,639,1211,1211,662,0.5466556564822461
2020-07-25,58,45,103,37,31,68,69,101,170,93,116,209,70,80,150,42,58,100,26,35,61,20,29,49,13,24,37,6,6,12,434,525,959,959,550,0.5735140771637122
2020-07-26,48,45,93,22,28,50,58,59,117,55,68,123,50,57,107,34,43,77,19,19,38,17,16,33,8,24,32,6,8,14,317,367,684,684,341,0.49853801169590645
2020-07-27,47,49,96,51,49,100,85,119,204,121,128,249,84,108,192,69,105,174,37,52,89,21,32,53,21,26,47,5,24,29,541,692,1233,1233,572,0.46390916463909165
2020-07-28,69,65,134,48,46,94,133,160,293,122,142,264,102,115,217,80,92,172,55,48,103,27,41,68,16,40,56,7,21,28,659,770,1429,1429,568,0.397480755773268
2020-07-29,74,63,137,45,53,98,128,140,268,121,143,264,113,121,234,64,66,130,42,50,92,29,25,54,22,47,69,10,29,39,648,737,1385,1385,566,0.4086642599277978
2020-07-30,78,57,135,57,72,129,156,140,296,135,135,270,115,104,219,73,78,151,43,45,88,24,29,53,14,30,44,3,10,13,698,700,1398,1398,632,0.4520743919885551
2020-07-31,60,71,131,40,44,84,108,152,260,142,164,306,98,99,197,62,77,139,45,53,98,26,30,56,14,38,52,7,27,34,602,755,1357,1357,693,0.5106853352984525
2020-08-01,46,41,87,34,44,78,85,107,192,92,120,212,66,88,154,57,68,125,28,20,48,29,29,58,16,39,55,1,25,26,454,581,1035,1035,537,0.518840579710145
2020-08-02,52,41,93,39,35,74,67,75,142,76,82,158,56,87,143,32,49,81,19,29,48,19,27,46,18,32,50,4,13,17,382,470,852,852,381,0.4471830985915493
2020-08-03,67,77,144,41,64,105,113,130,243,117,138,255,101,130,231,63,78,141,47,41,88,20,38,58,25,58,83,7,38,45,601,792,1393,1393,736,0.5283560660445082
2020-08-04,79,64,143,65,70,135,135,137,272,134,149,283,96,132,228,70,90,160,50,45,95,29,39,68,24,50,74,6,28,34,688,804,1492,1492,674,0.4517426273458445
2020-08-05,73,72,145,62,51,113,137,159,296,131,149,280,92,132,224,94,102,196,42,48,90,30,34,64,21,34,55,5,13,18,687,794,1481,1480,967,0.6533783783783784
2020-08-06,72,61,133,52,65,117,130,143,273,136,171,307,115,129,244,71,86,157,48,48,96,31,38,69,22,47,69,7,20,27,684,808,1492,1491,957,0.641851106639839
2020-08-07,89,73,162,52,50,102,120,153,273,139,177,316,100,143,243,76,96,172,36,58,94,32,47,79,14,52,66,5,15,20,663,864,1527,1527,800,0.5239030779305829
2020-08-08,53,48,101,37,46,83,71,96,167,114,134,248,72,104,176,55,65,120,45,36,81,28,31,59,17,46,63,1,28,29,493,634,1127,1127,377,0.33451641526175685
2020-08-09,41,40,81,34,31,65,74,93,167,84,85,169,67,103,170,49,63,112,33,26,59,30,37,67,21,65,86,5,24,29,438,567,1005,1005,360,0.3582089552238806
2020-08-10,82,75,157,77,77,154,148,153,301,147,178,325,113,148,261,84,109,193,46,45,91,23,37,60,22,47,69,8,31,39,750,900,1650,1650,629,0.3812121212121212
2020-08-11,68,66,134,68,59,127,157,167,324,173,158,331,129,155,284,82,88,170,59,66,125,46,68,114,21,73,94,10,39,49,813,939,1752,1752,742,0.4235159817351598
2020-08-12,67,73,140,69,78,147,134,158,292,142,225,367,127,150,277,89,100,189,49,46,95,19,36,55,14,25,39,6,19,25,716,910,1626,1626,635,0.3905289052890529
2020-08-13,60,66,126,73,69,142,187,208,395,173,240,413,129,163,292,86,112,198,45,56,101,34,36,70,18,32,50,5,17,22,810,999,1809,1809,719,0.3974571586511885
2020-08-14,55,60,115,53,65,118,176,218,394,152,213,365,137,161,298,85,105,190,52,50,102,33,38,71,17,33,50,2,16,18,762,959,1721,1721,697,0.40499709471237655
2020-08-15,72,48,120,64,55,119,84,154,238,118,167,285,88,125,213,57,81,138,42,48,90,27,49,76,16,64,80,4,27,31,572,818,1390,1390,574,0.41294964028776976
2020-08-16,41,35,76,28,38,66,107,100,207,84,101,185,51,80,131,45,56,101,17,34,51,22,27,49,19,44,63,2,30,32,416,545,961,960,395,0.4114583333333333
2020-08-17,52,31,83,46,47,93,112,128,240,133,145,278,105,119,224,74,94,168,29,53,82,24,22,46,12,42,54,1,21,22,588,702,1290,1290,531,0.4116279069767442
2020-08-18,74,64,138,66,66,132,137,153,290,160,193,353,141,141,282,68,125,193,52,62,114,31,45,76,18,41,59,0,29,29,747,919,1666,1666,568,0.34093637454981995
2020-08-19,65,57,122,68,75,143,128,177,305,128,166,294,107,132,239,76,82,158,37,46,83,27,51,78,18,49,67,6,28,34,660,863,1523,1523,501,0.32895600787918583
2020-08-20,54,58,112,55,55,110,134,165,299,114,177,291,93,105,198,81,76,157,41,58,99,27,34,61,24,38,62,3,23,26,626,789,1415,1415,585,0.4134275618374558
2020-08-21,55,66,121,59,64,123,116,167,283,143,191,334,128,127,255,70,99,169,52,57,109,39,57,96,21,48,69,6,17,23,689,893,1582,1582,667,0.4216182048040455
2020-08-22,40,37,77,49,43,92,92,121,213,88,139,227,88,97,185,55,54,109,36,49,85,20,38,58,16,32,48,6,21,27,490,631,1121,1121,524,0.46743978590544155
2020-08-23,44,49,93,39,32,71,65,107,172,66,103,169,72,80,152,43,67,110,32,34,66,20,28,48,16,21,37,5,7,12,402,528,930,930,300,0.3225806451612903
2020-08-24,77,81,158,63,69,132,127,167,294,166,179,345,107,144,251,79,96,175,52,67,119,31,46,77,19,33,52,6,19,25,727,901,1628,1628,708,0.4348894348894349
2020-08-25,71,72,143,54,69,123,136,203,339,157,205,362,130,145,275,63,106,169,51,53,104,33,26,59,22,42,64,6,18,24,723,939,1662,1662,685,0.4121540312876053
2020-08-26,70,51,121,60,79,139,165,174,339,154,189,343,83,151,234,75,95,170,54,63,117,35,49,84,24,52,76,5,30,35,725,933,1658,1658,646,0.3896260554885404
2020-08-27,71,65,136,83,89,172,164,172,336,139,179,318,118,157,275,80,96,176,38,56,94,35,37,72,25,51,76,3,29,32,756,931,1687,1687,653,0.3870776526378186
2020-08-28,60,58,118,72,74,146,195,219,414,152,200,352,133,200,333,84,122,206,57,62,119,44,50,94,20,40,60,4,16,20,821,1041,1862,1862,880,0.47261009667024706
2020-08-29,45,37,82,43,62,105,118,156,274,123,180,303,119,117,236,66,84,150,44,38,82,35,38,73,14,48,62,5,30,35,612,790,1402,1402,734,0.5235378031383737
2020-08-30,35,61,96,51,48,99,87,119,206,102,99,201,77,95,172,56,58,114,31,40,71,18,31,49,10,25,35,4,13,17,471,589,1060,1060,365,0.3443396226415094
2020-08-31,68,46,114,65,59,124,142,149,291,152,178,330,108,143,251,81,100,181,44,63,107,40,46,86,23,44,67,2,14,16,725,842,1567,1567,844,0.5386088066368858
2020-09-01,64,66,130,56,80,136,163,183,346,169,208,377,124,137,261,84,116,200,40,49,89,26,35,61,17,49,66,7,22,29,750,945,1695,1694,701,0.4138134592680047
2020-09-02,59,45,104,41,56,97,122,166,288,141,188,329,108,118,226,79,94,173,40,57,97,43,39,82,18,45,63,6,33,39,657,841,1498,1498,772,0.5153538050734312
2020-09-03,73,58,131,71,67,138,152,200,352,192,206,398,132,145,277,89,106,195,46,63,109,36,45,81,22,45,67,4,17,21,817,952,1769,1769,682,0.38552854720180896
2020-09-04,71,71,142,63,68,131,148,199,347,168,213,381,139,174,313,80,112,192,64,65,129,38,45,83,25,39,64,5,18,23,801,1004,1805,1805,798,0.4421052631578947
2020-09-05,45,43,88,34,42,76,128,142,270,114,161,275,87,160,247,61,85,146,52,55,107,31,31,62,20,28,48,3,11,14,575,758,1333,1333,727,0.5453863465866466
2020-09-06,42,41,83,42,47,89,75,122,197,76,107,183,68,79,147,48,71,119,29,34,63,12,41,53,14,23,37,1,8,9,407,573,980,980,406,0.4142857142857143
2020-09-07,62,56,118,74,70,144,147,185,332,171,210,381,143,166,309,74,128,202,67,63,130,39,44,83,19,48,67,6,18,24,802,988,1790,1790,800,0.44692737430167595
2020-09-08,57,66,123,60,70,130,134,190,324,181,199,380,131,152,283,102,110,212,54,83,137,44,49,93,24,40,64,7,21,28,794,980,1774,1774,796,0.4487034949267193
2020-09-09,64,64,128,75,79,154,170,186,356,179,202,381,134,157,291,100,116,216,61,66,127,32,40,72,18,46,64,1,20,21,834,976,1810,1810,929,0.5132596685082873
2020-09-10,54,38,92,75,73,148,190,199,389,174,223,397,137,186,323,110,100,210,51,74,125,41,58,99,14,58,72,5,32,37,851,1041,1892,1892,956,0.5052854122621564
2020-09-11,62,55,117,81,81,162,159,159,318,155,227,382,126,156,282,83,124,207,64,60,124,42,45,87,22,46,68,2,13,15,796,966,1762,1762,952,0.5402951191827469
2020-09-12,56,32,88,50,46,96,86,120,206,108,134,242,73,108,181,54,89,143,51,46,97,27,31,58,13,48,61,3,13,16,521,667,1188,1188,584,0.49158249158249157
2020-09-13,57,43,100,46,44,90,84,115,199,87,126,213,59,90,149,55,66,121,56,42,98,24,16,40,3,19,22,5,8,13,476,569,1045,1045,417,0.3990430622009569
2020-09-14,72,62,134,57,73,130,154,192,346,153,202,355,117,155,272,96,119,215,71,80,151,41,40,81,31,36,67,0,24,24,792,983,1775,1775,760,0.428169014084507
2020-09-15,78,40,118,61,59,120,145,142,287,151,204,355,113,145,258,75,95,170,67,71,138,40,52,92,19,65,84,4,28,32,753,901,1654,1654,857,0.5181378476420798
2020-09-16,79,71,150,83,91,174,177,213,390,167,215,382,134,166,300,85,109,194,64,71,135,34,42,76,19,46,65,4,16,20,846,1040,1886,1886,682,0.3616118769883351
2020-09-17,66,65,131,51,89,140,164,180,344,152,187,339,142,182,324,84,122,206,69,71,140,42,45,87,23,39,62,4,17,21,797,997,1794,1794,828,0.46153846153846156
2020-09-18,78,68,146,55,104,159,168,184,352,177,216,393,126,153,279,95,108,203,53,73,126,50,46,96,17,35,52,4,19,23,823,1006,1829,1829,739,0.40404592673592127
2020-09-19,36,49,85,54,56,110,100,104,204,108,121,229,68,83,151,55,60,115,48,41,89,25,27,52,19,24,43,4,11,15,517,576,1093,1093,492,0.4501372369624886
2020-09-20,42,49,91,55,53,108,76,87,163,91,93,184,61,90,151,42,72,114,27,40,67,21,27,48,6,28,34,3,14,17,424,553,977,977,299,0.3060388945752303
2020-09-21,72,54,126,66,83,149,137,140,277,161,189,350,105,149,254,85,85,170,59,77,136,39,41,80,15,20,35,2,11,13,741,849,1590,1590,703,0.4421383647798742
2020-09-22,76,70,146,86,89,175,147,205,352,171,183,354,131,134,265,96,114,210,77,62,139,49,44,93,19,44,63,5,19,24,857,964,1821,1821,644,0.35365183964854474
2020-09-23,76,67,143,59,75,134,133,192,325,129,179,308,122,135,257,69,103,172,64,63,127,31,49,80,17,32,49,3,12,15,703,907,1610,1610,623,0.3869565217391304
2020-09-24,83,65,148,79,86,165,160,177,337,155,192,347,121,140,261,68,90,158,57,93,150,40,55,95,30,48,78,12,31,43,805,977,1782,1782,695,0.3900112233445567
2020-09-25,70,58,128,71,70,141,137,171,308,153,158,311,121,140,261,88,106,194,73,65,138,34,38,72,20,32,52,1,13,14,768,851,1619,1619,726,0.4484249536751081
2020-09-26,39,39,78,62,44,106,86,90,176,107,111,218,82,84,166,58,73,131,38,35,73,25,19,44,14,17,31,3,7,10,514,519,1033,1033,397,0.38431752178121975
2020-09-27,46,48,94,36,56,92,77,105,182,92,109,201,83,93,176,44,52,96,31,35,66,14,25,39,11,17,28,2,13,15,436,553,989,989,353,0.3569261880687563
2020-09-28,72,69,141,68,46,114,120,137,257,166,137,303,132,106,238,103,105,208,65,45,110,36,43,79,17,33,50,4,18,22,783,739,1522,1522,712,0.46780551905387646
2020-09-29,83,74,157,88,90,178,171,166,337,180,191,371,137,132,269,86,78,164,66,74,140,40,61,101,27,52,79,2,21,23,880,939,1819,1819,567,0.3117097306212204
2020-09-30,73,70,143,64,79,143,155,216,371,133,182,315,121,116,237,102,101,203,67,76,143,41,49,90,19,54,73,3,13,16,778,956,1734,1734,641,0.36966551326412916
2020-10-01,76,92,168,77,96,173,161,199,360,168,188,356,117,141,258,88,97,185,61,70,131,38,57,95,17,32,49,3,10,13,806,982,1788,1788,838,0.46868008948545864
2020-10-02,100,67,167,72,86,158,126,174,300,148,171,319,117,145,262,90,101,191,64,69,133,45,59,104,13,42,55,6,16,22,781,930,1711,1711,844,0.49327878433664524
2020-10-03,42,42,84,47,72,119,107,112,219,116,111,227,90,112,202,68,58,126,44,45,89,28,26,54,13,29,42,4,8,12,559,615,1174,1174,626,0.5332197614991482
2020-10-04,49,49,98,46,44,90,83,108,191,84,88,172,63,81,144,47,59,106,38,35,73,23,22,45,18,27,45,2,6,8,453,519,972,972,438,0.4506172839506173
2020-10-05,52,54,106,63,62,125,152,150,302,187,177,364,141,144,285,84,108,192,92,68,160,45,66,111,24,32,56,3,8,11,843,869,1712,1712,818,0.477803738317757
2020-10-06,67,77,144,73,74,147,149,177,326,169,192,361,143,141,284,99,103,202,62,73,135,40,58,98,24,32,56,6,10,16,832,937,1769,1769,627,0.35443753533069533
2020-10-07,83,59,142,58,71,129,168,207,375,174,202,376,137,135,272,96,130,226,72,71,143,42,45,87,19,35,54,6,10,16,855,965,1820,1820,667,0.36648351648351646
2020-10-08,81,63,144,65,78,143,138,174,312,145,178,323,147,137,284,92,103,195,62,74,136,42,48,90,12,42,54,4,21,25,788,918,1706,1706,709,0.4155920281359906
2020-10-09,62,84,146,81,90,171,132,200,332,169,209,378,117,159,276,101,119,220,54,70,124,34,48,82,12,31,43,5,23,28,767,1033,1800,1800,843,0.4683333333333333
2020-10-10,36,51,87,57,57,114,120,128,248,100,119,219,98,102,200,67,89,156,41,49,90,21,34,55,16,27,43,7,9,16,563,665,1228,1228,679,0.5529315960912052
2020-10-11,50,51,101,38,57,95,61,100,161,93,126,219,74,72,146,58,55,113,50,42,92,23,32,55,15,22,37,2,6,8,464,563,1027,1027,552,0.5374878286270691
2020-10-12,52,46,98,59,54,113,95,116,211,109,109,218,93,120,213,79,94,173,58,64,122,28,38,66,20,26,46,2,12,14,595,679,1274,1274,553,0.4340659340659341
2020-10-13,78,76,154,76,63,139,153,187,340,150,203,353,119,152,271,95,115,210,84,76,160,44,65,109,29,51,80,9,20,29,837,1008,1845,1845,761,0.4124661246612466
2020-10-14,67,72,139,58,80,138,147,178,325,145,176,321,113,128,241,77,111,188,73,60,133,46,58,104,20,32,52,1,13,14,747,908,1655,1655,805,0.486404833836858
2020-10-15,71,64,135,73,94,167,154,187,341,183,202,385,159,177,336,113,103,216,76,81,157,41,43,84,20,38,58,7,12,19,897,1001,1898,1898,734,0.38672286617492097
2020-10-16,86,62,148,101,105,206,189,246,435,182,179,361,162,186,348,109,123,232,71,73,144,49,69,118,28,48,76,3,29,32,980,1120,2100,2100,861,0.41
2020-10-17,49,55,104,58,69,127,111,122,233,116,154,270,93,110,203,61,69,130,54,62,116,46,30,76,14,26,40,3,9,12,605,706,1311,1311,574,0.43783371472158655
2020-10-18,39,36,75,43,39,82,52,80,132,84,108,192,49,67,116,56,42,98,28,28,56,20,29,49,8,22,30,2,6,8,381,457,838,838,514,0.6133651551312649
2020-10-19,109,87,196,91,103,194,157,204,361,195,241,436,162,209,371,126,140,266,95,91,186,52,73,125,25,47,72,2,13,15,1014,1208,2222,2222,1185,0.5333033303330333
2020-10-20,87,83,170,94,88,182,192,220,412,176,207,383,165,192,357,109,124,233,83,73,156,38,56,94,35,44,79,0,15,15,979,1102,2081,2081,1499,0.7203267659778952
2020-10-21,65,65,130,110,94,204,146,201,347,155,165,320,123,140,263,100,90,190,78,70,148,37,41,78,21,38,59,3,9,12,838,913,1751,1751,1080,0.6167904054825813
2020-10-22,61,59,120,87,100,187,135,153,288,130,151,281,131,141,272,85,110,195,48,78,126,35,44,79,24,41,65,4,17,21,740,894,1634,1634,1123,0.6872705018359853
2020-10-23,64,54,118,58,61,119,114,129,243,109,121,230,102,142,244,72,70,142,59,72,131,46,45,91,17,29,46,6,17,23,647,740,1387,1387,1087,0.7837058399423216
2020-10-24,36,36,72,31,44,75,82,68,150,74,106,180,65,86,151,48,68,116,29,42,71,27,28,55,8,28,36,1,9,10,401,515,916,916,810,0.8842794759825328
2020-10-25,53,42,95,35,54,89,71,107,178,79,125,204,68,81,149,68,80,148,34,46,80,27,28,55,11,20,31,1,7,8,447,590,1037,1037,938,0.9045323047251688
2020-10-26,76,64,140,92,81,173,142,151,293,137,169,306,87,132,219,100,124,224,80,77,157,52,65,117,18,38,56,1,13,14,785,914,1699,1699,1417,0.8340200117716303
2020-10-27,59,64,123,75,72,147,149,187,336,141,179,320,130,139,269,95,132,227,79,102,181,45,62,107,14,37,51,3,7,10,790,981,1771,1771,1572,0.8876341050254094
2020-10-28,64,61,125,53,76,129,133,176,309,162,196,358,92,130,222,93,108,201,68,67,135,33,38,71,11,35,46,2,15,17,711,902,1613,1613,1272,0.7885926844389337
2020-10-29,52,48,100,63,81,144,151,160,311,162,170,332,99,160,259,85,100,185,54,70,124,33,40,73,14,27,41,2,7,9,715,863,1578,1578,1531,0.9702154626108999
2020-10-30,57,40,97,51,75,126,103,148,251,131,159,290,95,127,222,65,98,163,62,81,143,29,38,67,22,29,51,4,14,18,619,809,1428,1428,1114,0.7801120448179272
2020-10-31,45,32,77,28,43,71,86,89,175,81,124,205,76,68,144,44,60,104,43,46,89,27,33,60,9,22,31,3,8,11,442,525,967,967,801,0.828335056876939
2020-11-01,62,51,113,56,68,124,88,112,200,88,116,204,85,95,180,69,75,144,34,68,102,32,27,59,8,29,37,4,5,9,526,646,1172,1172,990,0.8447098976109215
2020-11-02,58,68,126,65,80,145,129,167,296,152,152,304,119,126,245,79,82,161,69,78,147,43,46,89,20,22,42,1,8,9,735,829,1564,1564,1265,0.8088235294117647
2020-11-03,47,47,94,47,66,113,111,149,260,117,134,251,89,79,168,64,66,130,52,52,104,45,43,88,20,36,56,2,13,15,594,685,1279,1279,941,0.7357310398749023
2020-11-04,56,53,109,68,74,142,182,173,355,144,174,318,152,142,294,83,101,184,76,68,144,47,46,93,17,30,47,5,7,12,830,868,1698,1698,1000,0.5889281507656066
2020-11-05,83,73,156,95,99,194,184,192,376,184,211,395,166,143,309,112,128,240,65,84,149,40,45,85,17,27,44,3,12,15,949,1014,1963,1963,1277,0.6505348955680081
2020-11-06,53,54,107,49,56,105,108,124,232,91,122,213,76,80,156,71,80,151,49,45,94,37,55,92,15,32,47,3,7,10,552,655,1207,1207,976,0.8086164043082021
2020-11-07,47,46,93,40,54,94,71,97,168,75,117,192,76,93,169,62,81,143,57,66,123,33,35,68,18,19,37,4,4,8,483,612,1095,1095,794,0.7251141552511415
2020-11-08,55,66,121,50,69,119,94,100,194,96,134,230,82,110,192,68,61,129,52,67,119,25,32,57,7,22,29,5,4,9,534,665,1199,1199,983,0.8198498748957465
2020-11-09,81,78,159,79,71,150,120,163,283,139,189,328,129,131,260,106,105,211,71,78,149,30,48,78,23,40,63,4,9,13,782,912,1694,1694,1308,0.7721369539551358
2020-11-10,51,49,100,53,76,129,105,110,215,148,146,294,101,100,201,80,82,162,69,55,124,39,39,78,17,33,50,4,8,12,667,698,1365,1365,897,0.6571428571428571
2020-11-11,77,61,138,56,80,136,145,165,310,148,156,304,137,132,269,100,112,212,60,60,120,42,40,82,21,31,52,5,14,19,791,851,1642,1642,1086,0.6613885505481121
2020-11-12,68,62,130,67,82,149,143,180,323,190,174,364,130,141,271,100,97,197,69,85,154,44,56,100,22,32,54,1,13,14,834,922,1756,1756,1101,0.626993166287016
2020-11-13,64,45,109,72,71,143,139,177,316,128,140,268,111,124,235,94,90,184,87,78,165,53,49,102,21,31,52,4,10,14,773,815,1588,1588,1031,0.6492443324937027
2020-11-14,67,62,129,55,39,94,79,109,188,104,113,217,66,93,159,63,73,136,56,43,99,31,45,76,12,22,34,4,4,8,537,603,1140,1140,827,0.7254385964912281
2020-11-15,66,71,137,66,49,115,92,126,218,118,120,238,93,99,192,61,73,134,57,61,118,37,42,79,11,27,38,0,14,14,601,682,1283,1283,970,0.7560405300077943
2020-11-16,69,71,140,100,68,168,103,130,233,119,144,263,116,107,223,68,87,155,62,63,125,43,50,93,25,33,58,4,18,22,709,771,1480,1480,930,0.6283783783783784
2020-11-17,79,80,159,80,70,150,157,168,325,180,175,355,145,154,299,98,113,211,79,108,187,39,62,101,12,35,47,2,15,17,871,980,1851,1851,1298,0.7012425715829281
2020-11-18,72,69,141,102,97,199,160,184,344,178,200,378,116,132,248,78,92,170,66,73,139,51,49,100,15,49,64,2,8,10,840,953,1793,1793,1231,0.6865588399330731
2020-11-19,74,66,140,91,79,170,162,191,353,127,189,316,112,138,250,95,119,214,60,77,137,49,47,96,22,31,53,3,8,11,795,945,1740,1740,1236,0.7103448275862069
2020-11-20,71,61,132,61,75,136,133,165,298,135,165,300,110,135,245,84,103,187,57,59,116,37,41,78,25,33,58,5,10,15,718,847,1565,1565,1102,0.7041533546325879
2020-11-21,63,53,116,48,67,115,97,106,203,123,114,237,85,90,175,65,70,135,53,57,110,30,21,51,10,19,29,3,10,13,577,607,1184,1184,985,0.8319256756756757
2020-11-22,51,42,93,43,50,93,92,91,183,75,97,172,75,66,141,44,56,100,41,47,88,27,22,49,12,22,34,2,8,10,462,501,963,963,757,0.7860851505711319
2020-11-23,64,61,125,52,67,119,105,115,220,125,103,228,96,98,194,54,70,124,45,58,103,32,40,72,17,29,46,4,9,13,594,650,1244,1244,1003,0.8062700964630225
2020-11-24,70,79,149,83,77,160,125,146,271,160,156,316,118,126,244,96,102,198,66,85,151,50,54,104,24,31,55,2,8,10,794,864,1658,1658,1251,0.7545235223160435
2020-11-25,81,66,147,81,81,162,154,160,314,154,151,305,133,125,258,78,74,152,72,67,139,28,64,92,24,34,58,4,8,12,809,830,1639,1639,1132,0.6906650396583283
2020-11-26,83,69,152,83,87,170,136,178,314,151,168,319,111,122,233,89,91,180,75,67,142,34,56,90,17,28,45,9,10,19,788,876,1664,1664,1186,0.7127403846153846
2020-11-27,57,57,114,59,57,116,124,151,275,101,132,233,93,73,166,76,70,146,53,63,116,28,39,67,16,36,52,3,4,7,610,682,1292,1292,896,0.6934984520123839
2020-11-28,68,41,109,56,42,98,101,110,211,82,114,196,71,86,157,71,70,141,38,40,78,29,38,67,15,27,42,3,5,8,534,573,1107,1107,763,0.6892502258355917
2020-11-29,62,51,113,47,55,102,107,127,234,99,133,232,90,103,193,62,70,132,52,68,120,33,36,69,14,15,29,1,4,5,567,662,1229,1229,950,0.772986167615948
2020-11-30,91,80,171,93,83,176,169,197,366,174,175,349,153,149,302,88,94,182,88,96,184,61,54,115,20,39,59,4,10,14,941,977,1918,1917,1324,0.6906624934793949
2020-12-01,63,74,137,78,86,164,158,174,332,141,163,304,123,140,263,57,82,139,76,99,175,54,53,107,19,34,53,3,2,5,772,907,1679,1679,1115,0.6640857653365099
2020-12-02,45,42,87,61,65,126,99,128,227,113,146,259,86,97,183,61,63,124,51,40,91,38,43,81,18,17,35,3,8,11,575,649,1224,1224,489,0.39950980392156865
2020-12-03,55,55,110,82,88,170,142,189,331,154,179,333,115,144,259,88,86,174,74,72,146,47,47,94,15,29,44,2,5,7,774,894,1668,1668,371,0.2224220623501199
2020-12-04,65,74,139,80,82,162,125,140,265,149,163,312,121,135,256,87,102,189,70,93,163,57,45,102,19,40,59,6,9,15,779,883,1662,1661,566,0.3407585791691752
2020-12-05,59,59,118,70,56,126,112,110,222,133,110,243,91,88,179,54,63,117,45,52,97,28,35,63,10,23,33,5,7,12,607,603,1210,1210,612,0.5057851239669422
2020-12-06,46,47,93,53,49,102,78,82,160,73,99,172,68,84,152,38,54,92,42,45,87,26,34,60,16,14,30,0,3,3,440,511,951,951,361,0.37960042060988436
2020-12-07,37,54,91,61,49,110,107,117,224,105,103,208,74,105,179,57,60,117,37,51,88,31,42,73,18,21,39,4,5,9,531,607,1138,1138,341,0.29964850615114236
2020-12-08,53,58,111,57,61,118,105,126,231,123,120,243,77,82,159,72,74,146,61,57,118,33,45,78,8,18,26,4,6,10,593,647,1240,1240,387,0.31209677419354837
2020-12-09,66,61,127,76,98,174,196,217,413,194,209,403,156,136,292,134,137,271,113,102,215,47,62,109,19,32,51,3,15,18,1004,1069,2073,2073,674,0.32513265798359864
2020-12-10,81,59,140,109,134,243,206,251,457,217,262,479,159,198,357,132,167,299,106,100,206,46,47,93,18,45,63,5,7,12,1079,1270,2349,2349,526,0.22392507449978713
2020-12-11,67,70,137,106,113,219,204,267,471,248,265,513,173,218,391,143,162,305,109,120,229,60,75,135,17,28,45,2,8,10,1129,1326,2455,2455,493,0.20081466395112016
2020-12-12,65,62,127,90,88,178,163,211,374,200,219,419,176,177,353,134,136,270,84,122,206,43,55,98,11,22,33,3,7,10,969,1099,2068,2068,509,0.24613152804642166
2020-12-13,68,48,116,80,81,161,118,172,290,179,206,385,152,171,323,124,117,241,76,80,156,39,36,75,11,19,30,6,4,10,853,934,1787,1787,352,0.1969781757134863
2020-12-14,84,69,153,106,117,223,194,241,435,240,243,483,178,202,380,162,177,339,112,125,237,65,74,139,22,33,55,9,10,19,1172,1291,2463,2463,630,0.2557856272838002
2020-12-15,64,69,133,92,94,186,191,230,421,202,232,434,180,176,356,133,183,316,111,108,219,58,61,119,14,24,38,2,10,12,1047,1187,2234,2233,528,0.23645320197044334
2020-12-16,51,67,118,119,141,260,206,268,474,295,297,592,223,225,448,182,184,366,123,144,267,67,75,142,26,25,51,4,10,14,1296,1436,2732,2732,618,0.22620790629575402
2020-12-17,86,83,169,127,130,257,240,311,551,292,327,619,255,235,490,174,176,350,80,111,191,66,56,122,13,26,39,1,10,11,1334,1465,2799,2799,645,0.2304394426580922
2020-12-18,87,81,168,157,175,332,253,354,607,326,347,673,255,277,532,204,238,442,200,183,383,90,90,180,18,43,61,2,5,7,1592,1793,3385,3385,836,0.2469719350073855
2020-12-19,68,62,130,117,130,247,211,285,496,336,329,665,233,240,473,169,185,354,137,160,297,65,71,136,15,27,42,3,4,7,1354,1493,2847,2847,802,0.28170003512469266
2020-12-20,68,82,150,125,133,258,215,255,470,331,346,677,251,269,520,181,210,391,120,129,249,63,60,123,13,17,30,3,9,12,1370,1510,2880,2880,396,0.1375
2020-12-21,86,101,187,146,148,294,319,333,652,368,418,786,295,287,582,195,211,406,187,170,357,80,82,162,18,47,65,3,6,9,1697,1803,3500,3500,692,0.1977142857142857
2020-12-22,99,101,200,182,206,388,350,404,754,426,467,893,342,327,669,223,232,455,172,195,367,80,80,160,18,33,51,4,4,8,1896,2049,3945,3945,788,0.19974651457541193
2020-12-23,114,99,213,205,195,400,364,405,769,421,443,864,307,346,653,224,219,443,141,188,329,63,78,141,26,35,61,6,10,16,1871,2018,3889,3889,804,0.20673695037284648
2020-12-24,53,56,109,95,115,210,197,220,417,270,256,526,177,164,341,107,122,229,85,98,183,55,45,100,7,19,26,1,4,5,1047,1099,2146,2146,571,0.266076421248835
2020-12-25,36,25,61,39,34,73,64,59,123,63,78,141,54,42,96,44,47,91,23,27,50,15,10,25,7,17,24,4,4,8,349,343,692,692,414,0.5982658959537572
2020-12-26,82,65,147,179,222,401,272,307,579,380,358,738,243,305,548,200,202,402,117,145,262,68,70,138,22,31,53,1,12,13,1564,1717,3281,3281,741,0.22584577872599818
2020-12-27,53,50,103,234,233,467,260,300,560,408,414,822,338,358,696,227,249,476,161,152,313,61,83,144,18,32,50,2,10,12,1762,1881,3643,3643,440,0.12077957727147955
2020-12-28,130,97,227,279,292,571,383,481,864,571,612,1183,463,455,918,273,329,602,174,234,408,82,103,185,30,45,75,2,11,13,2387,2659,5046,5046,814,0.1613158937772493
2020-12-29,94,91,185,265,276,541,398,454,852,454,486,940,396,417,813,237,271,508,181,217,398,91,101,192,25,55,80,5,9,14,2146,2377,4523,4523,733,0.16206057926155207
2020-12-30,95,80,175,305,326,631,428,450,878,522,521,1043,384,453,837,275,337,612,177,200,377,89,94,183,31,49,80,4,8,12,2310,2518,4828,4828,1068,0.2212096106048053
2020-12-31,69,65,134,211,208,419,302,291,593,320,357,677,273,325,598,171,177,348,86,94,180,44,62,106,13,28,41,0,6,6,1489,1613,3102,3102,663,0.2137330754352031
2021-01-01,29,21,50,46,55,101,52,81,133,77,92,169,59,69,128,51,55,106,26,32,58,17,22,39,5,15,20,1,4,5,363,446,809,809,355,0.4388133498145859
2021-01-02,76,62,138,195,207,402,273,323,596,320,380,700,290,305,595,191,214,405,168,165,333,78,90,168,16,37,53,4,7,11,1611,1790,3401,3401,648,0.19053219641281977
2021-01-03,55,68,123,258,278,536,412,440,852,545,571,1116,422,478,900,262,325,587,214,242,456,84,122,206,27,36,63,3,7,10,2282,2567,4849,4849,527,0.10868220251598268
2021-01-04,88,87,175,255,244,499,559,616,1175,600,646,1246,434,475,909,281,332,613,207,226,433,105,115,220,28,62,90,5,10,15,2562,2813,5375,5375,776,0.14437209302325582
2021-01-05,94,95,189,300,305,605,560,685,1245,626,673,1299,484,531,1015,295,327,622,231,306,537,109,132,241,32,61,93,6,10,16,2737,3125,5862,5861,808,0.13786043337314452
2021-01-06,97,81,178,339,301,640,570,574,1144,603,608,1211,498,526,1024,326,349,675,227,257,484,113,135,248,29,59,88,4,15,19,2806,2905,5711,5710,819,0.1434325744308231
2021-01-07,91,77,168,237,259,496,438,511,949,509,494,1003,358,371,729,239,290,529,179,225,404,81,125,206,27,49,76,2,11,13,2161,2412,4573,4573,791,0.17297179094686202
2021-01-08,93,94,187,278,269,547,452,484,936,425,513,938,327,448,775,250,291,541,135,193,328,88,105,193,32,38,70,4,6,10,2084,2441,4525,4524,968,0.21396993810786913
2021-01-09,70,69,139,236,247,483,397,476,873,456,527,983,351,407,758,224,277,501,141,212,353,60,85,145,24,40,64,0,9,9,1959,2349,4308,4306,735,0.1706920575940548
2021-01-10,71,71,142,286,277,563,391,435,826,416,501,917,362,402,764,222,276,498,134,149,283,46,81,127,12,33,45,2,9,11,1942,2234,4176,4176,488,0.11685823754789272
2021-01-11,96,70,166,287,326,613,529,556,1085,536,597,1133,408,437,845,249,335,584,171,215,386,89,89,178,20,31,51,1,7,8,2386,2663,5049,5049,769,0.15230738760150525
2021-01-12,96,72,168,249,289,538,396,535,931,398,468,866,319,392,711,239,301,540,190,161,351,68,92,160,33,36,69,3,10,13,1991,2356,4347,4347,643,0.14791810443984357
2021-01-13,129,109,238,298,328,626,497,561,1058,462,522,984,398,421,819,263,348,611,199,227,426,85,98,183,20,48,68,5,4,9,2356,2666,5022,5022,728,0.1449621664675428
2021-01-14,89,104,193,306,337,643,442,486,928,454,546,1000,348,445,793,277,325,602,165,210,375,70,94,164,21,40,61,3,8,11,2175,2595,4770,4769,780,0.1635563011113441
2021-01-15,124,92,216,487,495,982,559,639,1198,706,754,1460,544,652,1196,399,448,847,210,232,442,85,123,208,23,50,73,2,8,10,3139,3493,6632,6632,887,0.13374547647768395
2021-01-16,71,52,123,574,560,1134,472,580,1052,633,706,1339,612,678,1290,391,403,794,221,267,488,111,118,229,27,41,68,1,9,10,3113,3414,6527,6527,633,0.09698176804044738
2021-01-17,69,45,114,459,515,974,472,566,1038,578,630,1208,622,724,1346,385,383,768,167,190,357,82,92,174,18,29,47,2,3,5,2854,3177,6031,6031,490,0.08124689106284198
2021-01-18,94,90,184,538,546,1084,617,681,1298,707,762,1469,688,723,1411,453,487,940,271,309,580,123,132,255,36,59,95,2,4,6,3529,3793,7322,7322,671,0.09164162797049986
2021-01-19,104,86,190,516,555,1071,567,622,1189,684,758,1442,675,709,1384,453,489,942,270,312,582,110,154,264,23,48,71,5,13,18,3407,3746,7153,7153,544,0.0760520061512652
2021-01-20,101,90,191,474,492,966,517,595,1112,592,649,1241,565,603,1168,423,454,877,288,308,596,138,156,294,26,45,71,4,12,16,3128,3404,6532,6532,508,0.07777097366809553
2021-01-21,117,81,198,353,410,763,529,512,1041,489,566,1055,418,514,932,305,398,703,201,236,437,91,109,200,29,54,83,5,21,26,2537,2901,5438,5438,645,0.118609783008459
2021-01-22,82,85,167,401,373,774,382,493,875,404,529,933,412,491,903,293,322,615,182,209,391,100,116,216,21,44,65,3,3,6,2280,2665,4945,4945,592,0.11971688574317492
2021-01-23,48,46,94,404,413,817,414,490,904,438,511,949,431,431,862,316,353,669,131,172,303,54,70,124,19,30,49,2,3,5,2257,2519,4776,4776,426,0.08919597989949749
2021-01-24,61,51,112,477,494,971,446,484,930,457,524,981,537,551,1088,343,351,694,179,197,376,62,86,148,22,35,57,2,5,7,2586,2778,5364,5364,335,0.062453392990305744
2021-01-25,92,99,191,577,572,1149,625,661,1286,634,681,1315,560,651,1211,400,442,842,233,242,475,113,126,239,37,63,100,8,18,26,3279,3555,6834,6834,513,0.07506584723441616
2021-01-26,125,86,211,493,491,984,490,571,1061,509,555,1064,515,541,1056,330,400,730,205,269,474,116,126,242,33,66,99,4,11,15,2820,3116,5936,5936,546,0.09198113207547169
2021-01-27,118,106,224,448,438,886,468,519,987,491,571,1062,431,524,955,327,364,691,201,207,408,83,92,175,38,55,93,1,15,16,2606,2891,5497,5497,494,0.08986720029106786
2021-01-28,90,87,177,369,385,754,369,444,813,412,457,869,385,435,820,286,318,604,186,225,411,106,111,217,29,49,78,5,15,20,2237,2526,4763,4763,595,0.12492126810833508
2021-01-29,69,92,161,524,502,1026,502,581,1083,587,663,1250,542,637,1179,388,432,820,233,280,513,96,139,235,24,55,79,2,7,9,2967,3388,6355,6354,714,0.11237016052880075
2021-01-30,60,45,105,710,719,1429,491,578,1069,613,724,1337,729,855,1584,481,482,963,219,303,522,100,138,238,24,43,67,2,9,11,3429,3896,7325,7325,474,0.0647098976109215
2021-01-31,59,58,117,1005,1068,2073,601,690,1291,770,966,1736,1082,1184,2266,635,671,1306,283,301,584,110,141,251,26,48,74,2,10,12,4573,5137,9710,9710,311,0.03202883625128733
2021-02-01,82,80,162,880,915,1795,586,731,1317,783,905,1688,940,1055,1995,610,618,1228,326,384,710,118,192,310,39,48,87,1,12,13,4365,4940,9305,9305,559,0.06007522837184309
2021-02-02,89,86,175,709,782,1491,540,611,1151,710,846,1556,853,968,1821,585,626,1211,369,370,739,183,220,403,41,59,100,3,13,16,4082,4581,8663,8663,464,0.053561122013159414
2021-02-03,59,82,141,587,546,1133,467,587,1054,628,698,1326,640,728,1368,428,530,958,327,344,671,156,179,335,41,69,110,4,12,16,3337,3775,7112,7112,473,0.06650731158605175
2021-02-04,73,79,152,322,360,682,344,472,816,444,504,948,355,542,897,333,386,719,182,248,430,94,142,236,29,43,72,4,16,20,2180,2792,4972,4972,455,0.0915124698310539
2021-02-05,84,80,164,317,320,637,359,428,787,388,449,837,359,416,775,277,316,593,185,217,402,103,130,233,19,52,71,1,9,10,2092,2417,4509,4509,646,0.14326901752051452
2021-02-06,53,48,101,356,386,742,326,420,746,407,524,931,375,484,859,326,349,675,160,189,349,75,95,170,24,37,61,0,8,8,2102,2540,4642,4642,476,0.1025420077552779
2021-02-07,58,60,118,381,404,785,333,363,696,431,505,936,401,505,906,290,339,629,167,165,332,86,98,184,17,30,47,6,4,10,2170,2473,4643,4643,280,0.06030583674348482
2021-02-08,91,79,170,530,599,1129,507,576,1083,608,793,1401,653,772,1425,364,441,805,230,278,508,109,132,241,29,65,94,3,19,22,3124,3754,6878,6878,588,0.08548996801395754
2021-02-09,89,67,156,437,464,901,455,534,989,605,660,1265,544,665,1209,392,446,838,261,284,545,121,144,265,34,53,87,5,16,21,2943,3333,6276,6276,426,0.06787762906309751
2021-02-10,82,61,143,337,334,671,395,471,866,509,589,1098,480,541,1021,290,387,677,207,254,461,113,121,234,29,51,80,0,12,12,2442,2821,5263,5263,384,0.07296218886566597
2021-02-11,71,64,135,304,332,636,354,476,830,467,576,1043,426,539,965,240,380,620,194,220,414,101,113,214,28,43,71,4,6,10,2189,2749,4938,4938,345,0.06986634264884568
2021-02-12,78,68,146,325,384,709,359,423,782,503,603,1106,435,606,1041,301,391,692,189,241,430,102,124,226,32,50,82,1,10,11,2325,2900,5225,5225,560,0.10717703349282297
2021-02-13,59,41,100,452,477,929,363,431,794,577,706,1283,591,771,1362,347,431,778,205,216,421,76,106,182,22,29,51,5,12,17,2697,3220,5917,5917,457,0.07723508534730437
2021-02-14,43,37,80,452,486,938,302,410,712,557,723,1280,659,785,1444,350,423,773,205,235,440,90,113,203,16,31,47,1,15,16,2675,3258,5933,5932,296,0.049898853674983146
2021-02-15,40,61,101,585,615,1200,454,571,1025,716,930,1646,803,918,1721,452,522,974,215,251,466,98,125,223,23,57,80,2,12,14,3388,4062,7450,7450,392,0.05261744966442953
2021-02-16,59,42,101,592,574,1166,582,799,1381,840,981,1821,822,975,1797,420,478,898,217,228,445,90,135,225,15,38,53,8,5,13,3645,4255,7900,7900,362,0.04582278481012658
2021-02-17,82,90,172,446,451,897,705,866,1571,716,855,1571,588,663,1251,389,471,860,312,329,641,125,147,272,20,52,72,6,10,16,3389,3934,7323,7323,443,0.06049433292366516
2021-02-18,80,67,147,358,414,772,601,724,1325,638,773,1411,514,688,1202,383,424,807,249,287,536,126,155,281,35,53,88,3,8,11,2987,3593,6580,6580,496,0.07537993920972644
2021-02-19,87,57,144,327,422,749,520,611,1131,593,782,1375,505,642,1147,380,463,843,240,284,524,129,159,288,29,50,79,2,12,14,2812,3482,6294,6294,580,0.09215125516364792
2021-02-20,68,53,121,289,365,654,464,562,1026,474,676,1150,446,601,1047,324,420,744,167,266,433,87,109,196,25,32,57,4,2,6,2348,3086,5434,5434,474,0.08722856091277144
2021-02-21,83,50,133,287,363,650,404,585,989,557,693,1250,463,594,1057,305,385,690,201,244,445,77,104,181,25,33,58,3,8,11,2405,3059,5464,5464,386,0.07064421669106881
2021-02-22,106,110,216,316,421,737,509,685,1194,610,771,1381,483,631,1114,362,450,812,247,288,535,113,125,238,49,41,90,3,9,12,2798,3531,6329,6329,474,0.07489334808026545
2021-02-23,109,91,200,273,329,602,459,605,1064,544,651,1195,444,558,1002,334,415,749,247,287,534,116,142,258,37,55,92,7,16,23,2570,3149,5719,5719,434,0.07588739290085679
2021-02-24,88,113,201,272,321,593,395,498,893,457,545,1002,374,462,836,301,350,651,226,245,471,109,134,243,31,54,85,4,12,16,2257,2734,4991,4991,452,0.0905630134241635
2021-02-25,130,117,247,213,250,463,399,484,883,438,489,927,331,424,755,236,321,557,190,242,432,102,125,227,26,44,70,5,14,19,2070,2510,4580,4578,459,0.10026212319790301
2021-02-26,112,99,211,206,270,476,418,579,997,485,561,1046,368,499,867,273,364,637,202,294,496,99,131,230,24,48,72,2,15,17,2189,2860,5049,5049,481,0.09526638938403645
2021-02-27,73,73,146,257,346,603,434,565,999,596,610,1206,369,500,869,361,442,803,262,296,558,108,130,238,30,58,88,1,13,14,2491,3033,5524,5524,599,0.10843591600289645
2021-02-28,93,80,173,397,470,867,580,783,1363,798,962,1760,615,757,1372,535,666,1201,377,456,833,177,189,366,36,55,91,2,7,9,3610,4425,8035,8035,515,0.0640945861854387
2021-03-01,170,149,319,334,414,748,576,773,1349,696,761,1457,506,643,1149,383,478,861,294,348,642,115,167,282,37,75,112,6,27,33,3117,3835,6952,6952,673,0.09680667433831991
2021-03-02,191,162,353,370,445,815,626,791,1417,660,852,1512,542,654,1196,388,540,928,260,325,585,124,109,233,43,60,103,4,10,14,3208,3948,7156,7156,583,0.08147009502515372
2021-03-03,180,146,326,275,360,635,485,681,1166,602,736,1338,435,596,1031,359,497,856,330,385,715,153,157,310,33,47,80,1,15,16,2853,3620,6473,6473,725,0.11200370770894484
2021-03-04,162,155,317,283,341,624,491,638,1129,521,688,1209,423,566,989,315,496,811,293,390,683,147,179,326,37,56,93,6,22,28,2678,3531,6209,6209,701,0.11290062812047029
2021-03-05,161,151,312,319,349,668,487,749,1236,615,807,1422,417,577,994,380,522,902,298,325,623,135,154,289,30,61,91,0,15,15,2842,3710,6552,6551,691,0.10548007937719432
2021-03-06,109,94,203,193,278,471,418,555,973,530,645,1175,364,485,849,290,406,696,193,224,417,93,124,217,28,34,62,3,9,12,2221,2854,5075,5075,610,0.12019704433497537
2021-03-07,111,101,212,230,293,523,453,618,1071,548,694,1242,382,542,924,319,475,794,273,300,573,104,119,223,26,47,73,5,4,9,2451,3193,5644,5643,480,0.08506113769271664
2021-03-08,202,171,373,300,441,741,564,802,1366,715,848,1563,535,673,1208,460,615,1075,372,379,751,156,170,326,31,62,93,5,15,20,3340,4176,7516,7512,626,0.08333333333333333
2021-03-09,234,207,441,297,356,653,558,679,1237,703,826,1529,496,649,1145,420,570,990,377,482,859,184,187,371,35,63,98,7,15,22,3311,4034,7345,7345,640,0.08713410483321987
2021-03-10,245,216,461,327,369,696,524,643,1167,691,802,1493,440,629,1069,427,564,991,345,371,716,137,170,307,41,63,104,4,11,15,3181,3838,7019,7019,869,0.12380681008690697
2021-03-11,197,212,409,242,314,556,425,641,1066,497,692,1189,383,556,939,311,412,723,234,322,556,138,132,270,31,50,81,5,15,20,2463,3346,5809,5809,932,0.1604406954725426
2021-03-12,252,239,491,305,431,736,496,768,1264,653,860,1513,484,644,1128,347,547,894,317,383,700,160,162,322,43,70,113,3,16,19,3060,4120,7180,7179,1015,0.14138459395458977
2021-03-13,165,140,305,229,297,526,499,673,1172,604,694,1298,382,521,903,358,482,840,307,333,640,118,133,251,25,46,71,5,4,9,2692,3323,6015,6015,786,0.13067331670822943
2021-03-14,151,191,342,242,275,517,461,719,1180,636,763,1399,404,599,1003,423,546,969,287,360,647,117,155,272,23,52,75,5,12,17,2749,3672,6421,6421,614,0.09562373462077559
2021-03-15,313,270,583,349,401,750,618,873,1491,728,874,1602,523,778,1301,448,630,1078,383,441,824,146,206,352,38,64,102,6,13,19,3552,4550,8102,8102,900,0.11108368304122439
2021-03-16,275,266,541,344,413,757,517,691,1208,727,820,1547,500,584,1084,421,535,956,330,400,730,158,172,330,35,72,107,8,20,28,3315,3973,7288,7288,771,0.10579034028540066
2021-03-17,238,205,443,320,403,723,533,726,1259,593,734,1327,431,569,1000,365,507,872,321,377,698,127,166,293,34,50,84,3,14,17,2965,3751,6716,6715,813,0.12107222635889799
2021-03-18,194,186,380,248,330,578,458,622,1080,549,638,1187,382,496,878,275,394,669,256,283,539,123,154,277,18,47,65,6,13,19,2509,3163,5672,5672,787,0.13875176304654444
2021-03-19,212,215,427,336,384,720,488,707,1195,580,761,1341,424,570,994,338,479,817,247,297,544,110,137,247,30,43,73,7,10,17,2772,3603,6375,6375,1074,0.16847058823529412
2021-03-20,111,104,215,230,277,507,405,549,954,506,606,1112,358,445,803,305,401,706,255,253,508,100,110,210,22,34,56,10,8,18,2302,2787,5089,5084,739,0.1453579858379229
2021-03-21,143,134,277,199,265,464,442,579,1021,573,637,1210,361,485,846,334,441,775,236,294,530,76,114,190,28,34,62,2,10,12,2394,2993,5387,5387,618,0.11472062372377947
2021-03-22,233,245,478,340,359,699,562,778,1340,719,837,1556,493,633,1126,405,562,967,288,361,649,140,166,306,36,84,120,5,35,40,3221,4060,7281,7281,889,0.12209861282790825
2021-03-23,224,213,437,328,383,711,512,694,1206,597,786,1383,453,547,1000,392,472,864,314,406,720,150,170,320,33,48,81,3,22,25,3006,3741,6747,6747,908,0.13457833111012302
2021-03-24,157,148,305,314,314,628,435,550,985,508,619,1127,369,475,844,276,382,658,196,210,406,92,124,216,19,66,85,2,24,26,2368,2912,5280,5280,821,0.15549242424242424
2021-03-25,176,159,335,324,415,739,457,688,1145,587,756,1343,476,619,1095,360,463,823,231,294,525,110,125,235,38,58,96,6,15,21,2765,3592,6357,6357,782,0.1230140003146138
2021-03-26,225,222,447,359,462,821,522,775,1297,636,779,1415,466,675,1141,339,501,840,252,318,570,139,153,292,36,54,90,3,17,20,2977,3956,6933,6933,902,0.1301024087696524
2021-03-27,155,152,307,228,323,551,458,584,1042,566,704,1270,397,559,956,323,475,798,261,285,546,111,129,240,26,49,75,6,7,13,2531,3267,5798,5798,859,0.14815453604691273
2021-03-28,125,124,249,225,293,518,393,587,980,570,733,1303,430,527,957,330,469,799,228,253,481,79,76,155,24,37,61,4,10,14,2408,3109,5517,5517,739,0.13394961029545044
2021-03-29,215,214,429,381,397,778,519,749,1268,649,766,1415,473,650,1123,385,483,868,251,334,585,94,92,186,19,42,61,3,11,14,2989,3738,6727,6727,910,0.13527575442247658
2021-03-30,211,196,407,341,374,715,472,692,1164,584,760,1344,425,582,1007,339,430,769,223,273,496,85,98,183,31,42,73,5,11,16,2716,3458,6174,6172,927,0.1501944264419961
2021-03-31,166,142,308,312,327,639,521,712,1233,586,786,1372,424,605,1029,293,422,715,152,166,318,50,66,116,26,34,60,1,10,11,2531,3270,5801,5801,1022,0.17617652128943287
2021-04-01,131,148,279,351,380,731,546,663,1209,617,725,1342,389,554,943,331,420,751,195,241,436,71,103,174,19,27,46,4,11,15,2654,3272,5926,5926,1202,0.20283496456294298
2021-04-02,159,114,273,302,364,666,487,644,1131,557,646,1203,410,554,964,305,414,719,194,191,385,70,73,143,20,35,55,2,14,16,2506,3049,5555,5555,991,0.17839783978397838
2021-04-03,119,120,239,314,411,725,507,615,1122,579,692,1271,449,635,1084,348,399,747,200,242,442,73,87,160,22,48,70,4,9,13,2615,3258,5873,5873,1089,0.18542482547250128
2021-04-04,155,125,280,644,734,1378,808,1137,1945,1042,1356,2398,879,1071,1950,537,652,1189,252,269,521,72,85,157,25,38,63,2,9,11,4416,5476,9892,9892,954,0.0964415689446017
2021-04-05,201,211,412,751,876,1627,1014,1392,2406,1182,1460,2642,1034,1301,2335,601,734,1335,318,370,688,118,125,243,29,50,79,4,12,16,5252,6531,11783,11783,1172,0.09946533140965798
2021-04-06,224,220,444,626,683,1309,1024,1199,2223,1123,1373,2496,903,1060,1963,629,751,1380,403,477,880,148,170,318,33,61,94,3,16,19,5116,6010,11126,11125,1360,0.12224719101123596
2021-04-07,235,234,469,641,685,1326,985,1177,2162,1015,1230,2245,896,1090,1986,574,790,1364,325,413,738,123,148,271,25,54,79,0,13,13,4819,5834,10653,10649,1295,0.12160766269133252
2021-04-08,207,161,368,459,570,1029,788,1104,1892,929,1144,2073,706,882,1588,487,716,1203,301,325,626,95,131,226,27,49,76,1,12,13,4000,5094,9094,9094,1217,0.13382449967011217
2021-04-09,156,150,306,309,360,669,484,687,1171,472,623,1095,414,535,949,258,389,647,171,202,373,60,88,148,10,35,45,1,7,8,2335,3076,5411,5410,1081,0.199815157116451
2021-04-10,112,108,220,322,415,737,526,678,1204,616,715,1331,466,638,1104,331,439,770,185,215,400,42,66,108,13,25,38,1,5,6,2614,3304,5918,5917,630,0.10647287476761873
2021-04-11,106,112,218,273,357,630,447,588,1035,568,717,1285,495,625,1120,321,446,767,181,173,354,53,47,100,16,24,40,2,6,8,2462,3095,5557,5557,495,0.08907684002159438
2021-04-12,123,123,246,246,265,511,421,577,998,475,643,1118,412,594,1006,317,413,730,127,176,303,47,70,117,14,31,45,3,5,8,2185,2897,5082,5079,447,0.08800945067926758
2021-04-13,34,31,65,121,127,248,260,358,618,297,417,714,246,348,594,183,232,415,49,64,113,24,29,53,6,10,16,2,0,2,1222,1616,2838,2838,175,0.061663143058491895
2021-04-14,4,4,8,8,17,25,19,23,42,15,27,42,15,25,40,13,18,31,8,7,15,2,7,9,2,4,6,0,0,0,86,132,218,218,42,0.1926605504587156
2021-04-15,1,1,2,2,1,3,9,8,17,3,7,10,5,8,13,5,6,11,0,3,3,1,1,2,0,1,1,0,1,1,26,37,63,60,0,0.0
2021-04-16,0,0,0,0,0,0,0,0,0,0,0,0,0,0,0,0,0,0,0,0,0,0,0,0,0,0,0,0,0,0,0,0,0,0,0,
