FECHA,<=10M,<=10F,<=10,11-20M,11-20F,11-20,21-30M,21-30F,21-30,31-40M,31-40F,31-40,41-50M,41-50F,41-50,51-60M,51-60F,51-60,61-70M,61-70F,61-70,71-80M,71-80F,71-80,81-90M,81-90F,81-90,>=91M,>=91F,>=91,TotalM,TotalF,Total,DelayCount,CumDelay,DelayAvg
2020-03-15,1,0,1,0,0,0,0,1,1,2,1,3,0,0,0,1,0,1,1,0,1,1,1,2,0,0,0,0,0,0,6,3,9,9,30,3.3333333333333335
2020-03-16,1,2,3,0,1,1,1,1,2,1,1,2,0,0,0,2,0,2,2,1,3,0,0,0,0,0,0,0,0,0,7,6,13,13,46,3.5384615384615383
2020-03-17,0,4,4,0,1,1,0,1,1,1,0,1,0,2,2,1,1,2,1,1,2,2,2,4,1,0,1,0,0,0,6,12,18,18,41,2.2777777777777777
2020-03-18,2,1,3,0,0,0,0,0,0,2,1,3,0,1,1,1,1,2,0,2,2,1,0,1,1,0,1,0,0,0,7,6,13,13,22,1.6923076923076923
2020-03-19,1,0,1,0,0,0,3,1,4,2,2,4,1,1,2,0,0,0,1,1,2,1,1,2,0,0,0,1,0,1,10,6,16,16,36,2.25
2020-03-20,1,1,2,1,0,1,0,0,0,1,2,3,0,0,0,0,1,1,0,1,1,2,2,4,1,0,1,0,0,0,6,7,13,13,27,2.076923076923077
2020-03-21,0,0,0,1,0,1,1,2,3,2,1,3,1,1,2,0,0,0,2,1,3,1,1,2,0,0,0,1,0,1,9,6,15,15,42,2.8
2020-03-22,0,0,0,0,0,0,3,1,4,0,0,0,0,0,0,1,1,2,0,1,1,2,0,2,3,2,5,0,0,0,9,5,14,14,39,2.7857142857142856
2020-03-23,1,0,1,1,2,3,1,1,2,1,1,2,0,1,1,2,0,2,2,0,2,3,2,5,3,3,6,0,2,2,14,12,26,26,51,1.9615384615384615
2020-03-24,1,0,1,0,0,0,0,0,0,1,1,2,0,1,1,2,1,3,0,1,1,2,0,2,1,1,2,1,0,1,8,5,13,13,19,1.4615384615384615
2020-03-25,1,2,3,0,0,0,1,2,3,1,1,2,0,0,0,0,2,2,2,1,3,2,2,4,2,4,6,2,1,3,11,15,26,26,36,1.3846153846153846
2020-03-26,4,3,7,2,0,2,1,2,3,4,2,6,1,3,4,3,1,4,1,4,5,3,1,4,4,0,4,3,1,4,26,17,43,43,155,3.604651162790698
2020-03-27,2,2,4,0,1,1,0,1,1,3,0,3,1,3,4,1,2,3,1,4,5,4,7,11,3,2,5,2,6,8,17,28,45,45,99,2.2
2020-03-28,2,0,2,0,0,0,1,0,1,0,1,1,1,1,2,3,1,4,3,0,3,4,6,10,2,1,3,1,0,1,17,10,27,27,93,3.4444444444444446
2020-03-29,1,0,1,1,1,2,0,1,1,2,0,2,2,2,4,0,0,0,6,3,9,4,1,5,4,2,6,2,1,3,22,11,33,33,74,2.242424242424242
2020-03-30,2,1,3,0,0,0,1,5,6,1,2,3,4,2,6,1,1,2,5,0,5,3,5,8,5,1,6,3,2,5,25,19,44,44,86,1.9545454545454546
2020-03-31,6,2,8,2,0,2,2,1,3,3,2,5,4,0,4,1,1,2,4,1,5,4,3,7,2,3,5,4,0,4,32,13,45,45,85,1.8888888888888888
2020-04-01,6,7,13,0,2,2,3,3,6,3,1,4,10,3,13,3,2,5,4,3,7,5,2,7,5,6,11,0,1,1,39,30,69,69,173,2.5072463768115942
2020-04-02,4,6,10,4,4,8,0,4,4,3,4,7,3,4,7,1,4,5,5,4,9,7,6,13,5,5,10,2,4,6,34,45,79,79,142,1.7974683544303798
2020-04-03,14,7,21,3,2,5,3,5,8,5,6,11,3,6,9,1,4,5,6,3,9,4,2,6,5,7,12,1,5,6,45,47,92,92,177,1.923913043478261
2020-04-04,7,6,13,1,1,2,2,5,7,2,9,11,4,2,6,4,0,4,5,2,7,2,3,5,4,2,6,1,3,4,32,33,65,65,105,1.6153846153846154
2020-04-05,4,6,10,2,1,3,6,0,6,4,1,5,8,1,9,4,2,6,1,9,10,5,8,13,4,4,8,2,3,5,40,35,75,75,125,1.6666666666666667
2020-04-06,9,6,15,3,1,4,4,3,7,11,1,12,8,4,12,7,1,8,4,7,11,10,3,13,6,5,11,1,2,3,63,33,96,96,146,1.5208333333333333
2020-04-07,7,7,14,1,2,3,5,3,8,4,5,9,5,4,9,5,1,6,3,3,6,6,8,14,6,10,16,2,1,3,44,44,88,88,109,1.2386363636363635
2020-04-08,6,5,11,2,1,3,2,4,6,4,2,6,6,3,9,3,3,6,6,4,10,9,4,13,2,3,5,3,6,9,43,35,78,78,98,1.2564102564102564
2020-04-09,1,1,2,1,2,3,2,7,9,11,7,18,2,4,6,6,6,12,4,2,6,7,9,16,3,9,12,4,5,9,41,52,93,93,119,1.2795698924731183
2020-04-10,13,2,15,2,3,5,2,4,6,3,1,4,8,1,9,1,2,3,5,1,6,1,10,11,4,7,11,2,5,7,41,36,77,77,99,1.2857142857142858
2020-04-11,5,4,9,2,2,4,4,4,8,4,3,7,4,1,5,1,3,4,2,6,8,5,2,7,4,7,11,1,5,6,32,37,69,69,92,1.3333333333333333
2020-04-12,5,5,10,1,0,1,0,2,2,4,1,5,2,5,7,6,1,7,2,3,5,3,8,11,3,4,7,1,2,3,27,31,58,58,95,1.6379310344827587
2020-04-13,4,6,10,4,3,7,8,4,12,4,7,11,3,2,5,4,4,8,6,4,10,4,7,11,7,8,15,5,6,11,49,51,100,100,126,1.26
2020-04-14,12,4,16,2,0,2,6,5,11,6,2,8,4,5,9,8,5,13,4,7,11,7,5,12,7,4,11,4,4,8,60,41,101,101,110,1.0891089108910892
2020-04-15,7,3,10,4,5,9,1,3,4,6,6,12,4,11,15,4,8,12,5,2,7,8,2,10,8,8,16,5,3,8,52,51,103,103,147,1.4271844660194175
2020-04-16,7,2,9,4,4,8,6,3,9,8,10,18,9,8,17,7,7,14,4,10,14,6,4,10,5,5,10,0,4,4,56,57,113,113,113,1.0
2020-04-17,7,4,11,1,2,3,1,7,8,5,10,15,8,6,14,7,5,12,7,3,10,12,6,18,5,7,12,1,4,5,54,54,108,108,154,1.4259259259259258
2020-04-18,6,6,12,2,0,2,9,2,11,11,4,15,7,4,11,5,2,7,2,2,4,4,10,14,5,7,12,3,5,8,54,42,96,96,141,1.46875
2020-04-19,5,6,11,3,1,4,3,2,5,4,3,7,3,2,5,5,7,12,2,7,9,6,8,14,3,7,10,2,1,3,36,44,80,80,100,1.25
2020-04-20,9,5,14,9,6,15,10,2,12,11,5,16,6,7,13,7,2,9,10,7,17,15,10,25,9,8,17,5,15,20,91,67,158,158,322,2.037974683544304
2020-04-21,9,7,16,3,3,6,12,2,14,7,9,16,2,2,4,4,7,11,4,6,10,11,12,23,7,10,17,3,10,13,62,68,130,130,151,1.1615384615384616
2020-04-22,8,5,13,3,5,8,6,7,13,9,2,11,12,7,19,3,5,8,6,3,9,10,14,24,8,11,19,7,7,14,72,66,138,138,221,1.6014492753623188
2020-04-23,11,9,20,4,5,9,5,8,13,8,4,12,7,2,9,3,8,11,6,4,10,7,8,15,12,9,21,7,10,17,70,67,137,137,132,0.9635036496350365
2020-04-24,9,9,18,5,4,9,6,7,13,12,10,22,5,5,10,7,6,13,7,9,16,10,8,18,10,16,26,4,3,7,75,77,152,152,164,1.0789473684210527
2020-04-25,8,2,10,4,1,5,2,4,6,6,8,14,4,3,7,5,4,9,6,3,9,7,3,10,9,14,23,5,5,10,56,47,103,103,92,0.8932038834951457
2020-04-26,5,13,18,4,6,10,2,2,4,3,2,5,7,4,11,2,3,5,6,5,11,4,8,12,8,7,15,1,3,4,42,53,95,95,84,0.8842105263157894
2020-04-27,10,9,19,4,3,7,5,5,10,3,8,11,4,7,11,6,7,13,8,7,15,18,5,23,11,13,24,3,6,9,72,70,142,142,119,0.8380281690140845
2020-04-28,12,7,19,3,3,6,8,8,16,8,7,15,4,8,12,7,6,13,5,7,12,3,12,15,6,14,20,2,4,6,58,76,134,134,107,0.7985074626865671
2020-04-29,10,8,18,4,3,7,11,6,17,15,7,22,9,6,15,7,5,12,3,8,11,9,5,14,3,14,17,5,11,16,76,73,149,149,127,0.8523489932885906
2020-04-30,12,7,19,9,2,11,7,2,9,5,4,9,9,7,16,7,6,13,9,10,19,6,9,15,9,16,25,7,8,15,80,71,151,151,126,0.8344370860927153
2020-05-01,0,9,9,5,4,9,1,3,4,8,8,16,9,7,16,6,3,9,10,5,15,7,8,15,8,10,18,0,4,4,54,61,115,115,98,0.8521739130434782
2020-05-02,4,13,17,4,6,10,6,1,7,9,5,14,5,5,10,7,1,8,3,2,5,7,2,9,6,10,16,1,3,4,52,48,100,100,102,1.02
2020-05-03,5,4,9,2,1,3,6,5,11,8,4,12,4,5,9,7,2,9,7,7,14,4,8,12,8,8,16,3,5,8,54,49,103,103,85,0.8252427184466019
2020-05-04,14,15,29,5,2,7,6,6,12,7,6,13,3,3,6,6,3,9,7,11,18,15,12,27,7,18,25,3,4,7,73,80,153,153,122,0.7973856209150327
2020-05-05,6,6,12,6,1,7,8,7,15,11,9,20,5,8,13,8,5,13,10,5,15,14,5,19,5,14,19,2,9,11,75,69,144,144,99,0.6875
2020-05-06,8,8,16,3,0,3,7,6,13,12,10,22,15,6,21,3,5,8,9,3,12,17,14,31,6,11,17,5,6,11,85,69,154,154,105,0.6818181818181818
2020-05-07,14,7,21,5,5,10,12,4,16,9,6,15,13,8,21,5,5,10,7,5,12,14,5,19,6,12,18,1,8,9,86,65,151,151,95,0.6291390728476821
2020-05-08,11,9,20,4,3,7,10,7,17,9,11,20,11,10,21,10,4,14,5,9,14,10,8,18,11,12,23,3,13,16,84,86,170,170,176,1.035294117647059
2020-05-09,13,6,19,3,0,3,2,10,12,5,5,10,6,6,12,4,3,7,5,7,12,12,2,14,5,10,15,5,7,12,60,56,116,116,103,0.8879310344827587
2020-05-10,7,7,14,1,1,2,7,6,13,3,6,9,2,3,5,4,4,8,6,4,10,9,9,18,5,9,14,1,8,9,45,57,102,102,89,0.8725490196078431
2020-05-11,11,11,22,6,4,10,6,5,11,9,7,16,7,10,17,8,4,12,11,3,14,10,10,20,11,16,27,4,13,17,83,83,166,166,119,0.7168674698795181
2020-05-12,9,8,17,6,8,14,18,14,32,20,5,25,6,10,16,5,4,9,9,5,14,5,10,15,9,13,22,6,11,17,93,88,181,181,131,0.7237569060773481
2020-05-13,20,9,29,9,9,18,12,7,19,10,15,25,12,5,17,6,7,13,6,5,11,9,6,15,6,14,20,2,9,11,92,86,178,178,154,0.8651685393258427
2020-05-14,17,19,36,8,6,14,11,17,28,12,12,24,9,8,17,5,7,12,8,10,18,7,10,17,10,11,21,2,15,17,89,115,204,204,174,0.8529411764705882
2020-05-15,13,15,28,6,5,11,7,9,16,6,9,15,9,14,23,8,5,13,9,8,17,6,6,12,10,18,28,5,11,16,79,100,179,178,166,0.9325842696629213
2020-05-16,6,13,19,6,3,9,4,8,12,8,11,19,6,6,12,6,8,14,4,5,9,9,3,12,6,5,11,5,12,17,60,74,134,134,181,1.3507462686567164
2020-05-17,11,11,22,3,4,7,9,5,14,6,7,13,7,8,15,3,2,5,5,5,10,5,4,9,10,9,19,4,7,11,63,62,125,125,86,0.688
2020-05-18,15,15,30,5,8,13,19,16,35,18,11,29,10,11,21,12,7,19,8,12,20,16,13,29,16,12,28,2,11,13,121,116,237,237,189,0.7974683544303798
2020-05-19,16,12,28,11,8,19,22,19,41,28,16,44,19,9,28,12,12,24,13,10,23,9,17,26,11,18,29,2,10,12,143,131,274,274,196,0.7153284671532847
2020-05-20,21,28,49,7,10,17,21,15,36,32,13,45,17,12,29,7,10,17,15,10,25,9,10,19,12,16,28,6,6,12,147,130,277,277,186,0.6714801444043321
2020-05-21,20,24,44,14,6,20,24,16,40,24,16,40,10,15,25,13,7,20,8,7,15,14,9,23,7,16,23,1,4,5,135,120,255,255,131,0.5137254901960784
2020-05-22,18,15,33,11,10,21,20,20,40,20,21,41,14,9,23,10,4,14,5,9,14,8,8,16,7,11,18,6,14,20,119,121,240,240,126,0.525
2020-05-23,9,13,22,11,10,21,20,10,30,21,13,34,8,9,17,5,7,12,10,11,21,9,10,19,8,5,13,3,2,5,104,90,194,194,119,0.6134020618556701
2020-05-24,12,11,23,8,8,16,8,5,13,12,8,20,7,2,9,6,3,9,9,4,13,9,6,15,5,11,16,2,6,8,78,64,142,142,114,0.8028169014084507
2020-05-25,22,18,40,15,11,26,14,14,28,11,10,21,10,8,18,5,7,12,4,5,9,13,2,15,8,15,23,1,8,9,103,98,201,201,108,0.5373134328358209
2020-05-26,23,21,44,15,14,29,22,22,44,37,17,54,16,15,31,8,13,21,7,5,12,13,4,17,10,14,24,3,11,14,154,136,290,290,216,0.7448275862068966
2020-05-27,28,24,52,16,12,28,12,18,30,19,11,30,12,10,22,15,11,26,8,7,15,4,11,15,5,16,21,4,2,6,123,122,245,245,178,0.726530612244898
2020-05-28,19,30,49,15,6,21,22,23,45,15,15,30,16,10,26,9,15,24,9,12,21,12,5,17,12,15,27,6,15,21,135,146,281,281,194,0.6903914590747331
2020-05-29,25,22,47,21,14,35,30,23,53,24,26,50,19,13,32,13,14,27,11,5,16,14,9,23,13,16,29,2,4,6,172,146,318,318,257,0.8081761006289309
2020-05-30,22,18,40,12,8,20,25,22,47,32,8,40,10,12,22,9,11,20,6,5,11,10,10,20,8,9,17,1,9,10,135,112,247,246,111,0.45121951219512196
2020-05-31,18,12,30,9,8,17,15,7,22,8,10,18,9,4,13,4,6,10,5,4,9,10,5,15,5,8,13,1,8,9,84,72,156,156,84,0.5384615384615384
2020-06-01,25,18,43,12,14,26,19,29,48,24,25,49,12,15,27,10,11,21,18,10,28,12,8,20,6,10,16,5,4,9,143,144,287,287,201,0.7003484320557491
2020-06-02,30,19,49,18,17,35,24,18,42,16,21,37,19,15,34,8,10,18,13,8,21,19,9,28,5,13,18,5,12,17,157,142,299,299,170,0.568561872909699
2020-06-03,21,13,34,13,22,35,20,24,44,22,22,44,10,14,24,7,8,15,11,11,22,13,10,23,12,16,28,2,10,12,131,150,281,281,157,0.5587188612099644
2020-06-04,23,20,43,13,15,28,25,17,42,15,16,31,11,11,22,17,11,28,9,5,14,19,10,29,10,14,24,3,10,13,145,129,274,273,185,0.6776556776556777
2020-06-05,30,29,59,11,14,25,29,15,44,25,31,56,24,19,43,15,18,33,12,11,23,13,12,25,11,20,31,3,9,12,173,178,351,351,300,0.8547008547008547
2020-06-06,19,19,38,10,7,17,15,11,26,21,18,39,11,10,21,13,6,19,9,9,18,9,9,18,9,16,25,3,9,12,119,114,233,228,158,0.6929824561403509
2020-06-07,10,16,26,12,10,22,17,9,26,11,6,17,13,7,20,9,6,15,6,3,9,8,6,14,10,12,22,3,8,11,99,83,182,179,97,0.5418994413407822
2020-06-08,20,23,43,15,17,32,25,19,44,28,21,49,30,14,44,16,15,31,13,8,21,16,14,30,10,16,26,4,7,11,177,154,331,331,216,0.6525679758308157
2020-06-09,38,20,58,15,19,34,17,23,40,20,24,44,27,18,45,11,6,17,13,5,18,7,13,20,12,25,37,3,11,14,163,164,327,326,201,0.6165644171779141
2020-06-10,16,20,36,10,12,22,34,17,51,22,27,49,22,16,38,18,13,31,12,10,22,19,21,40,6,18,24,6,16,22,165,170,335,335,246,0.7343283582089553
2020-06-11,25,27,52,11,13,24,16,21,37,25,24,49,12,14,26,12,15,27,12,15,27,15,14,29,5,24,29,4,15,19,137,182,319,319,230,0.7210031347962382
2020-06-12,28,34,62,8,16,24,39,23,62,37,37,74,25,27,52,14,12,26,19,14,33,14,14,28,6,20,26,4,9,13,194,206,400,400,270,0.675
2020-06-13,24,24,48,15,15,30,26,28,54,23,16,39,9,14,23,15,10,25,9,4,13,14,9,23,6,15,21,2,6,8,143,141,284,284,199,0.7007042253521126
2020-06-14,17,21,38,15,9,24,17,13,30,15,9,24,13,10,23,8,12,20,9,3,12,3,12,15,13,20,33,1,8,9,111,117,228,228,164,0.7192982456140351
2020-06-15,20,24,44,18,13,31,22,19,41,18,17,35,17,8,25,10,8,18,10,4,14,10,7,17,7,14,21,1,10,11,133,124,257,257,171,0.6653696498054474
2020-06-16,36,43,79,15,17,32,47,26,73,42,24,66,25,20,45,19,14,33,15,10,25,13,7,20,12,22,34,3,14,17,227,197,424,424,247,0.5825471698113207
2020-06-17,28,28,56,17,18,35,35,24,59,30,30,60,28,14,42,22,12,34,13,11,24,7,17,24,17,14,31,2,9,11,199,177,376,376,307,0.8164893617021277
2020-06-18,37,33,70,12,10,22,43,29,72,46,36,82,32,12,44,23,15,38,17,17,34,12,16,28,14,20,34,2,12,14,238,200,438,438,374,0.8538812785388128
2020-06-19,43,23,66,11,20,31,26,19,45,44,21,65,30,26,56,30,15,45,18,12,30,22,13,35,15,19,34,8,12,20,247,180,427,427,437,1.0234192037470726
2020-06-20,27,23,50,11,16,27,28,20,48,31,20,51,18,19,37,12,14,26,13,11,24,11,7,18,7,14,21,4,7,11,162,151,313,313,185,0.5910543130990416
2020-06-21,23,13,36,12,10,22,21,17,38,20,18,38,14,8,22,13,6,19,7,9,16,7,5,12,5,11,16,1,7,8,123,104,227,227,104,0.4581497797356828
2020-06-22,33,32,65,20,19,39,26,32,58,32,20,52,24,20,44,17,24,41,14,16,30,19,12,31,7,18,25,2,12,14,194,205,399,399,293,0.7343358395989975
2020-06-23,38,31,69,21,23,44,40,28,68,43,30,73,27,21,48,15,24,39,13,16,29,10,9,19,11,15,26,4,7,11,222,204,426,426,250,0.5868544600938967
2020-06-24,28,29,57,23,15,38,37,39,76,31,34,65,29,21,50,19,19,38,9,16,25,11,11,22,12,13,25,2,5,7,201,202,403,403,182,0.45161290322580644
2020-06-25,33,40,73,25,28,53,27,27,54,32,25,57,37,26,63,31,23,54,6,10,16,8,12,20,8,12,20,5,7,12,212,210,422,422,269,0.6374407582938388
2020-06-26,32,23,55,25,21,46,43,30,73,34,33,67,26,23,49,16,16,32,15,14,29,10,15,25,9,19,28,2,9,11,212,203,415,415,192,0.46265060240963857
2020-06-27,40,37,77,24,27,51,29,30,59,28,24,52,22,18,40,14,7,21,13,6,19,4,11,15,5,7,12,4,5,9,183,172,355,355,200,0.5633802816901409
2020-06-28,35,18,53,11,12,23,11,25,36,27,20,47,16,16,32,14,12,26,9,6,15,7,7,14,8,10,18,6,7,13,144,133,277,277,140,0.5054151624548736
2020-06-29,33,39,72,25,24,49,30,22,52,40,23,63,21,18,39,14,24,38,20,9,29,13,14,27,11,12,23,5,10,15,212,195,407,407,235,0.5773955773955773
2020-06-30,20,31,51,9,18,27,34,27,61,29,32,61,26,22,48,16,15,31,18,8,26,17,9,26,9,16,25,2,11,13,180,189,369,369,194,0.5257452574525745
2020-07-01,28,26,54,10,22,32,47,32,79,30,27,57,22,22,44,21,26,47,13,9,22,11,8,19,8,21,29,3,6,9,193,199,392,392,215,0.548469387755102
2020-07-02,39,37,76,17,20,37,33,35,68,38,34,72,30,23,53,15,19,34,16,8,24,7,12,19,11,11,22,4,4,8,210,203,413,413,164,0.39709443099273606
2020-07-03,40,26,66,28,15,43,30,20,50,38,36,74,23,26,49,17,17,34,16,11,27,9,14,23,8,17,25,5,4,9,214,186,400,400,207,0.5175
2020-07-04,24,31,55,15,16,31,25,31,56,27,19,46,25,16,41,14,10,24,12,5,17,8,12,20,5,10,15,3,6,9,158,156,314,314,145,0.46178343949044587
2020-07-05,19,24,43,18,9,27,23,24,47,24,24,48,8,21,29,16,15,31,17,13,30,14,12,26,9,13,22,3,9,12,151,164,315,315,156,0.49523809523809526
2020-07-06,17,24,41,17,13,30,29,34,63,35,20,55,31,22,53,24,18,42,18,22,40,17,24,41,10,21,31,3,9,12,201,207,408,408,131,0.32107843137254904
2020-07-07,31,46,77,14,19,33,40,29,69,40,29,69,22,29,51,25,14,39,16,16,32,11,12,23,10,20,30,7,11,18,216,225,441,441,179,0.40589569160997735
2020-07-08,33,19,52,22,19,41,43,32,75,33,30,63,34,34,68,21,21,42,15,17,32,14,20,34,12,15,27,4,14,18,231,221,452,452,200,0.4424778761061947
2020-07-09,24,17,41,15,10,25,24,23,47,30,21,51,23,21,44,12,11,23,7,16,23,8,22,30,4,14,18,6,8,14,153,163,316,316,127,0.40189873417721517
2020-07-10,20,17,37,18,15,33,25,20,45,28,21,49,19,21,40,12,12,24,13,15,28,16,11,27,12,15,27,2,10,12,165,157,322,322,118,0.36645962732919257
2020-07-11,20,26,46,15,9,24,16,20,36,20,22,42,18,18,36,16,14,30,17,11,28,13,16,29,4,16,20,2,9,11,141,161,302,302,134,0.44370860927152317
2020-07-12,18,15,33,14,7,21,17,15,32,17,11,28,13,9,22,7,9,16,9,9,18,9,5,14,7,11,18,4,7,11,115,98,213,213,81,0.38028169014084506
2020-07-13,24,29,53,17,21,38,38,29,67,33,33,66,34,26,60,24,31,55,31,23,54,17,30,47,13,46,59,2,23,25,233,291,524,524,310,0.5916030534351145
2020-07-14,28,29,57,23,12,35,32,22,54,51,31,82,31,25,56,26,9,35,21,22,43,16,26,42,7,16,23,7,14,21,242,206,448,448,203,0.453125
2020-07-15,27,27,54,29,18,47,29,42,71,47,41,88,33,36,69,22,27,49,22,22,44,10,16,26,14,16,30,8,5,13,241,250,491,491,211,0.42973523421588594
2020-07-16,34,18,52,16,26,42,36,40,76,42,27,69,31,32,63,27,25,52,15,14,29,14,15,29,18,30,48,2,18,20,235,245,480,480,280,0.5833333333333334
2020-07-17,35,29,64,22,14,36,25,28,53,36,40,76,35,38,73,28,31,59,23,27,50,18,13,31,16,21,37,4,10,14,242,251,493,493,248,0.5030425963488844
2020-07-18,22,23,45,14,11,25,32,29,61,29,35,64,24,22,46,26,17,43,22,17,39,9,11,20,14,21,35,2,5,7,194,191,385,385,216,0.561038961038961
2020-07-19,25,26,51,9,14,23,21,21,42,21,20,41,18,16,34,20,21,41,11,10,21,12,8,20,9,16,25,3,6,9,149,158,307,307,102,0.3322475570032573
2020-07-20,41,36,77,31,28,59,49,40,89,44,47,91,38,51,89,30,36,66,22,28,50,20,19,39,19,23,42,3,12,15,297,320,617,617,219,0.3549432739059968
2020-07-21,32,30,62,20,18,38,39,34,73,51,29,80,39,32,71,29,26,55,26,26,52,19,23,42,14,23,37,5,11,16,274,252,526,526,207,0.3935361216730038
2020-07-22,50,31,81,19,19,38,53,36,89,48,48,96,47,32,79,20,26,46,13,21,34,20,16,36,14,29,43,1,9,10,285,267,552,552,205,0.3713768115942029
2020-07-23,38,35,73,24,16,40,44,41,85,42,42,84,28,23,51,28,19,47,16,21,37,16,22,38,8,19,27,6,11,17,250,249,499,499,289,0.5791583166332666
2020-07-24,26,32,58,18,20,38,44,43,87,42,44,86,29,31,60,31,18,49,30,13,43,11,19,30,9,26,35,3,13,16,243,259,502,502,249,0.4960159362549801
2020-07-25,28,23,51,22,13,35,33,29,62,32,33,65,28,22,50,12,8,20,13,13,26,11,12,23,10,16,26,5,4,9,194,173,367,367,206,0.5613079019073569
2020-07-26,23,22,45,12,14,26,15,15,30,22,23,45,25,11,36,17,12,29,10,8,18,13,8,21,6,15,21,6,7,13,149,135,284,284,133,0.46830985915492956
2020-07-27,25,31,56,24,24,48,45,33,78,41,35,76,44,42,86,26,34,60,20,24,44,16,21,37,17,21,38,5,18,23,263,283,546,546,245,0.44871794871794873
2020-07-28,34,27,61,20,17,37,54,49,103,50,35,85,38,32,70,32,33,65,29,27,56,13,26,39,12,20,32,5,18,23,287,284,571,571,240,0.4203152364273205
2020-07-29,30,35,65,20,28,48,53,37,90,45,41,86,44,37,81,30,37,67,19,26,45,22,21,43,17,29,46,6,24,30,286,315,601,601,229,0.3810316139767055
2020-07-30,38,31,69,28,31,59,73,54,127,57,50,107,47,31,78,34,32,66,22,31,53,14,17,31,8,19,27,2,6,8,323,302,625,625,289,0.4624
2020-07-31,31,41,72,17,20,37,42,50,92,64,48,112,42,33,75,35,24,59,22,31,53,18,24,42,10,27,37,6,18,24,287,316,603,603,266,0.44112769485903813
2020-08-01,25,19,44,11,19,30,26,30,56,27,30,57,25,35,60,23,21,44,21,8,29,16,15,31,12,21,33,1,11,12,187,209,396,396,197,0.49747474747474746
2020-08-02,27,21,48,13,13,26,25,17,42,26,31,57,18,27,45,12,23,35,10,15,25,6,19,25,11,13,24,2,7,9,150,186,336,336,131,0.3898809523809524
2020-08-03,39,41,80,23,23,46,41,44,85,48,36,84,33,29,62,25,27,52,26,17,43,10,20,30,12,30,42,3,14,17,260,281,541,541,278,0.5138632162661737
2020-08-04,36,30,66,26,29,55,55,30,85,54,40,94,48,33,81,33,27,60,26,17,43,16,19,35,17,29,46,5,17,22,316,271,587,587,268,0.4565587734241908
2020-08-05,39,37,76,32,22,54,48,31,79,40,45,85,30,32,62,33,32,65,25,22,47,19,18,37,17,21,38,3,8,11,286,268,554,554,358,0.6462093862815884
2020-08-06,33,24,57,19,27,46,50,47,97,42,47,89,52,37,89,32,32,64,24,18,42,16,19,35,16,24,40,5,12,17,289,287,576,575,314,0.5460869565217391
2020-08-07,49,34,83,26,24,50,47,37,84,40,39,79,37,46,83,31,20,51,20,23,43,17,24,41,14,37,51,4,21,25,285,305,590,590,247,0.4186440677966102
2020-08-08,30,28,58,15,15,30,27,29,56,48,44,92,23,31,54,29,27,56,19,18,37,14,25,39,11,16,27,1,19,20,217,252,469,469,147,0.31343283582089554
2020-08-09,25,26,51,10,10,20,24,26,50,34,23,57,20,33,53,25,26,51,20,15,35,13,22,35,13,38,51,4,18,22,188,237,425,425,151,0.3552941176470588
2020-08-10,39,33,72,24,22,46,60,47,107,55,33,88,41,39,80,32,33,65,19,14,33,16,24,40,14,20,34,4,11,15,304,276,580,580,219,0.3775862068965517
2020-08-11,34,33,67,33,20,53,52,41,93,73,47,120,48,39,87,33,30,63,27,17,44,22,31,53,15,28,43,6,12,18,343,298,641,641,261,0.40717628705148207
2020-08-12,32,36,68,31,16,47,46,48,94,41,68,109,43,44,87,27,31,58,26,23,49,15,23,38,12,21,33,5,16,21,278,326,604,604,224,0.3708609271523179
2020-08-13,20,30,50,31,21,52,58,52,110,67,67,134,45,42,87,38,34,72,21,26,47,26,16,42,10,24,34,4,15,19,320,327,647,647,212,0.3276661514683153
2020-08-14,23,25,48,19,17,36,64,55,119,57,52,109,57,36,93,37,34,71,27,23,50,20,31,51,13,21,34,3,12,15,320,306,626,626,241,0.38498402555910544
2020-08-15,37,21,58,25,13,38,32,39,71,45,47,92,21,40,61,24,27,51,23,19,42,15,28,43,9,41,50,4,17,21,235,292,527,527,699,1.3263757115749526
2020-08-16,31,15,46,11,7,18,36,32,68,28,28,56,18,25,43,19,17,36,10,17,27,12,13,25,11,30,41,4,21,25,180,205,385,384,159,0.4140625
2020-08-17,21,15,36,20,18,38,39,35,74,39,47,86,33,34,67,27,37,64,12,32,44,12,13,25,11,17,28,0,16,16,214,264,478,478,192,0.401673640167364
2020-08-18,38,35,73,27,12,39,43,42,85,57,48,105,43,35,78,25,46,71,19,31,50,23,26,49,9,18,27,0,18,18,284,311,595,596,185,0.3104026845637584
2020-08-19,39,33,72,22,24,46,38,53,91,58,50,108,33,41,74,34,25,59,18,27,45,17,26,43,11,36,47,4,18,22,274,333,607,607,204,0.33607907742998355
2020-08-20,25,24,49,21,17,38,48,47,95,39,45,84,28,44,72,29,24,53,22,30,52,12,19,31,15,23,38,3,12,15,242,285,527,527,221,0.41935483870967744
2020-08-21,26,37,63,26,21,47,39,43,82,50,51,101,45,41,86,36,48,84,29,26,55,22,36,58,14,35,49,5,10,15,292,348,640,640,273,0.4265625
2020-08-22,14,16,30,24,18,42,31,27,58,29,41,70,37,29,66,18,20,38,21,19,40,11,20,31,8,13,21,3,14,17,196,217,413,413,184,0.44552058111380144
2020-08-23,21,29,50,11,12,23,22,14,36,32,28,60,23,18,41,23,22,45,16,17,33,9,22,31,11,7,18,5,4,9,173,173,346,346,110,0.3179190751445087
2020-08-24,39,42,81,20,20,40,38,49,87,51,42,93,35,41,76,41,26,67,21,30,51,16,23,39,18,22,40,6,18,24,285,313,598,598,235,0.39297658862876256
2020-08-25,25,28,53,24,17,41,45,57,102,55,61,116,31,37,68,28,32,60,21,27,48,11,20,31,17,28,45,6,16,22,263,323,586,586,226,0.3856655290102389
2020-08-26,43,20,63,25,25,50,60,50,110,57,46,103,42,43,85,31,34,65,28,18,46,20,26,46,17,26,43,3,16,19,326,304,630,631,237,0.375594294770206
2020-08-27,35,28,63,31,26,57,61,56,117,57,46,103,52,46,98,36,34,70,20,31,51,23,26,49,17,26,43,5,25,30,337,344,681,681,231,0.3392070484581498
2020-08-28,34,31,65,39,20,59,69,63,132,55,59,114,53,52,105,43,55,98,22,29,51,24,27,51,11,20,31,6,10,16,356,366,722,722,317,0.4390581717451524
2020-08-29,26,14,40,10,12,22,50,41,91,39,60,99,42,38,80,23,22,45,26,17,43,16,18,34,8,24,32,3,16,19,243,262,505,505,267,0.5287128712871287
2020-08-30,23,25,48,20,17,37,29,30,59,38,32,70,33,30,63,22,21,43,14,17,31,7,16,23,9,9,18,3,5,8,198,202,400,400,114,0.285
2020-08-31,35,21,56,23,16,39,45,47,92,49,51,100,45,48,93,28,32,60,28,31,59,26,23,49,19,36,55,2,16,18,300,321,621,621,333,0.5362318840579711
2020-09-01,37,30,67,20,34,54,53,48,101,76,60,136,55,35,90,32,47,79,20,18,38,16,24,40,15,43,58,7,13,20,331,352,683,682,270,0.39589442815249265
2020-09-02,30,15,45,19,16,35,33,55,88,33,57,90,41,34,75,31,30,61,17,24,41,25,23,48,16,26,42,3,30,33,248,310,558,558,273,0.489247311827957
2020-09-03,30,29,59,25,22,47,56,60,116,73,66,139,53,39,92,35,28,63,20,29,49,20,21,41,12,28,40,4,9,13,328,331,659,660,270,0.4090909090909091
2020-09-04,31,33,64,22,20,42,50,52,102,57,59,116,52,52,104,28,33,61,28,38,66,25,23,48,13,28,41,3,15,18,309,353,662,662,311,0.4697885196374622
2020-09-05,20,21,41,15,11,26,44,36,80,43,53,96,35,43,78,22,26,48,25,26,51,17,17,34,15,19,34,3,7,10,239,259,498,498,299,0.6004016064257028
2020-09-06,20,21,41,12,16,28,17,34,51,33,26,59,27,21,48,15,26,41,16,19,35,11,19,30,12,16,28,2,10,12,165,208,373,373,153,0.4101876675603217
2020-09-07,27,25,52,18,23,41,56,55,111,58,52,110,44,49,93,25,43,68,34,24,58,15,23,38,12,29,41,7,15,22,296,338,634,635,263,0.4141732283464567
2020-09-08,32,27,59,25,26,51,50,43,93,67,62,129,41,45,86,47,38,85,28,33,61,26,25,51,18,26,44,7,21,28,341,346,687,687,323,0.47016011644832606
2020-09-09,35,25,60,15,23,38,55,47,102,46,40,86,47,37,84,32,38,70,30,33,63,20,29,49,14,35,49,1,20,21,295,327,622,622,309,0.4967845659163987
2020-09-10,26,18,44,30,20,50,68,58,126,66,67,133,60,49,109,33,33,66,25,24,49,22,21,43,10,33,43,2,16,18,342,339,681,681,343,0.5036710719530103
2020-09-11,27,29,56,33,21,54,52,41,93,51,60,111,41,44,85,37,53,90,35,27,62,23,28,51,16,23,39,3,10,13,318,336,654,654,309,0.4724770642201835
2020-09-12,25,19,44,16,17,33,30,32,62,30,39,69,22,32,54,25,33,58,23,23,46,19,24,43,12,30,42,2,15,17,204,264,468,468,226,0.4829059829059829
2020-09-13,28,22,50,7,11,18,24,34,58,33,43,76,20,21,41,25,21,46,26,20,46,9,11,20,6,15,21,4,9,13,182,207,389,389,142,0.36503856041131105
2020-09-14,31,26,57,23,20,43,51,66,117,49,60,109,37,41,78,48,34,82,36,34,70,26,26,52,17,16,33,2,10,12,320,333,653,653,282,0.4318529862174579
2020-09-15,32,24,56,17,13,30,51,35,86,56,70,126,37,33,70,27,40,67,27,29,56,23,29,52,15,26,41,2,13,15,287,312,599,599,311,0.5191986644407346
2020-09-16,37,36,73,35,30,65,62,63,125,52,66,118,51,47,98,32,40,72,25,34,59,26,18,44,14,29,43,4,10,14,338,373,711,711,239,0.3361462728551336
2020-09-17,27,23,50,25,37,62,51,43,94,53,48,101,49,54,103,49,51,100,39,31,70,28,28,56,15,17,32,3,4,7,339,336,675,675,307,0.45481481481481484
2020-09-18,38,40,78,18,26,44,43,50,93,67,73,140,38,49,87,33,42,75,26,39,65,29,26,55,13,23,36,3,11,14,308,379,687,687,298,0.43377001455604075
2020-09-19,12,32,44,10,22,32,27,24,51,32,40,72,26,18,44,19,18,37,23,20,43,19,20,39,14,17,31,3,7,10,185,218,403,403,201,0.4987593052109181
2020-09-20,19,23,42,21,19,40,29,29,58,35,22,57,22,23,45,17,23,40,8,16,24,17,15,32,4,18,22,4,8,12,176,196,372,373,93,0.24932975871313673
2020-09-21,30,32,62,21,31,52,46,40,86,54,66,120,37,49,86,32,25,57,24,29,53,25,26,51,10,15,25,1,11,12,280,324,604,604,267,0.4420529801324503
2020-09-22,38,35,73,30,26,56,49,55,104,51,56,107,51,32,83,40,43,83,33,24,57,25,28,53,10,32,42,3,13,16,330,344,674,676,243,0.3594674556213018
2020-09-23,38,32,70,17,21,38,36,51,87,46,54,100,38,44,82,27,36,63,30,30,60,20,31,51,11,22,33,2,12,14,265,333,598,598,217,0.362876254180602
2020-09-24,41,38,79,32,26,58,57,46,103,65,59,124,43,37,80,34,32,66,10,46,56,18,29,47,20,24,44,9,22,31,329,359,688,688,245,0.3561046511627907
2020-09-25,33,24,57,24,17,41,45,52,97,49,52,101,46,38,84,29,34,63,31,35,66,22,23,45,18,23,41,0,9,9,297,307,604,604,302,0.5
2020-09-26,20,18,38,21,11,32,32,25,57,38,34,72,30,32,62,21,32,53,18,20,38,17,17,34,10,17,27,5,8,13,212,214,426,426,170,0.39906103286384975
2020-09-27,19,24,43,13,20,33,37,41,78,24,26,50,32,24,56,23,18,41,17,21,38,7,17,24,8,12,20,3,7,10,183,210,393,393,140,0.356234096692112
2020-09-28,29,24,53,20,18,38,44,42,86,52,53,105,52,34,86,38,45,83,39,23,62,18,28,46,17,21,38,4,20,24,313,308,621,621,258,0.41545893719806765
2020-09-29,42,32,74,22,25,47,69,48,117,70,69,139,57,48,105,33,32,65,37,41,78,29,43,72,22,37,59,3,25,28,384,400,784,784,221,0.28188775510204084
2020-09-30,35,28,63,24,24,48,56,58,114,55,53,108,41,32,73,41,41,82,36,41,77,26,27,53,9,22,31,5,10,15,328,336,664,664,269,0.40512048192771083
2020-10-01,37,38,75,22,42,64,54,68,122,67,71,138,36,50,86,39,36,75,40,32,72,26,42,68,14,18,32,3,11,14,338,408,746,746,290,0.38873994638069703
2020-10-02,46,43,89,28,26,54,50,70,120,50,61,111,35,51,86,40,31,71,39,34,73,24,35,59,13,32,45,4,19,23,329,402,731,731,377,0.5157318741450069
2020-10-03,16,22,38,19,23,42,42,39,81,37,36,73,27,27,54,30,24,54,14,21,35,18,18,36,8,18,26,3,8,11,214,236,450,450,205,0.45555555555555555
2020-10-04,26,26,52,17,21,38,29,33,62,25,25,50,35,30,65,18,18,36,19,20,39,10,15,25,11,25,36,3,3,6,193,216,409,409,177,0.43276283618581907
2020-10-05,22,29,51,24,25,49,48,41,89,71,60,131,67,42,109,47,41,88,44,30,74,27,39,66,19,23,42,3,7,10,372,337,709,709,326,0.459802538787024
2020-10-06,30,43,73,30,23,53,55,42,97,62,50,112,67,37,104,45,38,83,30,32,62,29,33,62,18,27,45,6,11,17,372,336,708,708,257,0.3629943502824859
2020-10-07,38,26,64,18,22,40,56,55,111,67,67,134,44,54,98,32,48,80,31,41,72,30,29,59,19,29,48,8,7,15,343,378,721,721,246,0.34119278779472956
2020-10-08,37,31,68,27,25,52,54,56,110,53,56,109,48,47,95,38,48,86,26,30,56,22,33,55,17,18,35,5,16,21,327,360,687,687,302,0.4395924308588064
2020-10-09,28,40,68,45,34,79,39,61,100,66,70,136,50,51,101,34,46,80,37,43,80,20,34,54,14,26,40,3,14,17,336,419,755,755,410,0.543046357615894
2020-10-10,20,26,46,28,19,47,47,40,87,49,42,91,31,34,65,26,38,64,33,30,63,14,22,36,15,21,36,9,14,23,272,286,558,558,334,0.5985663082437276
2020-10-11,25,20,45,15,16,31,29,45,74,39,46,85,41,28,69,25,21,46,30,34,64,19,26,45,16,23,39,0,11,11,239,270,509,510,296,0.5803921568627451
2020-10-12,20,25,45,32,19,51,55,67,122,54,63,117,45,48,93,42,52,94,48,30,78,36,40,76,22,39,61,2,16,18,356,399,755,755,297,0.3933774834437086
2020-10-13,44,39,83,37,28,65,83,76,159,77,99,176,60,71,131,65,69,134,47,46,93,35,46,81,26,48,74,9,26,35,483,548,1031,1031,373,0.3617846750727449
2020-10-14,42,32,74,21,40,61,73,83,156,83,90,173,53,65,118,47,52,99,45,48,93,42,49,91,20,31,51,1,22,23,427,512,939,939,414,0.44089456869009586
2020-10-15,42,33,75,35,40,75,75,80,155,98,102,200,79,83,162,66,63,129,55,56,111,28,52,80,18,34,52,9,15,24,505,558,1063,1063,381,0.3584195672624647
2020-10-16,54,36,90,37,45,82,100,120,220,105,86,191,93,77,170,58,69,127,52,57,109,32,51,83,24,45,69,3,33,36,558,619,1177,1177,479,0.40696686491079015
2020-10-17,21,20,41,21,27,48,71,49,120,69,77,146,57,62,119,34,39,73,34,49,83,33,40,73,11,34,45,3,14,17,354,411,765,765,360,0.47058823529411764
2020-10-18,22,22,44,17,18,35,34,37,71,42,61,103,27,37,64,37,26,63,25,24,49,19,29,48,8,36,44,1,14,15,232,304,536,536,282,0.5261194029850746
2020-10-19,63,45,108,34,41,75,86,109,195,98,112,210,110,96,206,69,72,141,71,62,133,49,63,112,23,40,63,3,17,20,606,657,1263,1264,643,0.5087025316455697
2020-10-20,46,52,98,41,40,81,103,100,203,94,91,185,83,96,179,74,79,153,61,53,114,35,49,84,33,45,78,1,25,26,571,630,1201,1201,804,0.6694421315570358
2020-10-21,36,27,63,56,37,93,71,94,165,82,81,163,72,63,135,61,49,110,48,40,88,29,37,66,19,37,56,3,15,18,477,480,957,957,566,0.5914315569487983
2020-10-22,36,28,64,38,52,90,69,71,140,74,82,156,63,81,144,53,59,112,35,42,77,27,30,57,22,36,58,7,19,26,424,500,924,924,643,0.6958874458874459
2020-10-23,27,26,53,30,24,54,56,58,114,59,71,130,47,66,113,37,41,78,36,48,84,36,38,74,22,18,40,5,24,29,355,414,769,769,595,0.7737321196358907
2020-10-24,17,23,40,16,22,38,48,30,78,44,46,90,40,36,76,25,31,56,18,26,44,25,24,49,9,23,32,4,13,17,246,274,520,520,465,0.8942307692307693
2020-10-25,34,24,58,13,24,37,53,45,98,47,66,113,40,39,79,34,41,75,29,30,59,23,27,50,8,18,26,4,4,8,285,318,603,603,564,0.9353233830845771
2020-10-26,37,30,67,50,29,79,62,63,125,83,81,164,62,77,139,46,72,118,36,46,82,35,41,76,16,44,60,6,19,25,433,502,935,935,815,0.8716577540106952
2020-10-27,38,35,73,35,25,60,81,85,166,75,69,144,86,66,152,63,69,132,57,71,128,37,45,82,17,28,45,3,7,10,492,500,992,992,839,0.8457661290322581
2020-10-28,36,36,72,28,25,53,56,73,129,68,85,153,46,64,110,50,55,105,53,39,92,28,34,62,12,33,45,3,14,17,380,458,838,838,690,0.8233890214797136
2020-10-29,30,30,60,27,21,48,87,69,156,86,79,165,60,66,126,40,45,85,48,46,94,25,30,55,15,25,40,3,8,11,421,419,840,840,829,0.986904761904762
2020-10-30,33,24,57,25,30,55,66,88,154,72,69,141,59,57,116,41,48,89,40,52,92,24,30,54,18,30,48,5,17,22,383,445,828,828,643,0.7765700483091788
2020-10-31,25,17,42,18,18,36,38,38,76,37,56,93,33,38,71,31,31,62,27,35,62,17,22,39,7,15,22,3,4,7,236,274,510,510,423,0.8294117647058824
2020-11-01,32,24,56,21,36,57,44,49,93,52,58,110,55,36,91,39,48,87,29,39,68,24,23,47,9,19,28,4,8,12,309,340,649,649,553,0.8520801232665639
2020-11-02,34,38,72,35,36,71,68,80,148,94,77,171,57,66,123,56,50,106,54,52,106,33,32,65,18,22,40,2,12,14,451,465,916,916,737,0.8045851528384279
2020-11-03,30,25,55,21,23,44,54,71,125,64,57,121,48,35,83,44,37,81,39,35,74,30,26,56,17,32,49,3,13,16,350,354,704,704,508,0.7215909090909091
2020-11-04,35,38,73,31,32,63,77,86,163,79,83,162,80,82,162,52,59,111,57,52,109,36,35,71,18,40,58,11,13,24,476,520,996,997,574,0.5757271815446339
2020-11-05,40,39,79,55,44,99,101,85,186,99,92,191,88,79,167,67,75,142,37,48,85,33,34,67,19,28,47,2,14,16,541,538,1079,1079,705,0.6533827618164968
2020-11-06,22,30,52,21,32,53,50,56,106,55,59,114,36,34,70,43,47,90,32,43,75,30,38,68,13,29,42,3,9,12,305,377,682,682,564,0.8269794721407625
2020-11-07,27,24,51,20,24,44,41,47,88,45,64,109,41,40,81,34,39,73,38,39,77,26,29,55,19,20,39,7,5,12,298,331,629,629,472,0.7503974562798092
2020-11-08,32,42,74,29,29,58,56,44,100,44,61,105,45,52,97,30,35,65,37,34,71,25,28,53,11,15,26,4,4,8,313,344,657,657,553,0.8417047184170472
2020-11-09,45,48,93,54,28,82,66,73,139,76,100,176,63,70,133,59,58,117,46,58,104,23,36,59,23,36,59,4,9,13,459,516,975,975,762,0.7815384615384615
2020-11-10,32,27,59,30,27,57,63,57,120,67,67,134,53,48,101,41,46,87,58,38,96,32,32,64,20,30,50,4,11,15,400,383,783,783,512,0.6538952745849298
2020-11-11,37,32,69,22,28,50,61,72,133,80,75,155,65,58,123,48,55,103,40,38,78,30,32,62,21,33,54,4,19,23,408,442,850,850,589,0.6929411764705883
2020-11-12,47,31,78,32,31,63,60,81,141,87,77,164,73,61,134,61,38,99,36,60,96,34,42,76,19,36,55,3,11,14,452,468,920,920,605,0.657608695652174
2020-11-13,37,26,63,40,26,66,65,82,147,63,71,134,57,59,116,49,48,97,50,54,104,37,37,74,19,34,53,4,14,18,421,451,872,872,585,0.6708715596330275
2020-11-14,45,32,77,26,23,49,40,52,92,63,62,125,38,51,89,31,37,68,36,20,56,25,32,57,8,20,28,4,4,8,316,333,649,649,474,0.7303543913713405
2020-11-15,38,35,73,22,17,39,53,65,118,59,48,107,49,47,96,40,48,88,41,39,80,20,25,45,8,24,32,1,14,15,331,362,693,693,520,0.7503607503607503
2020-11-16,36,42,78,39,31,70,53,51,104,65,70,135,70,55,125,34,48,82,39,44,83,28,35,63,18,27,45,5,21,26,387,424,811,811,508,0.6263871763255241
2020-11-17,35,42,77,37,27,64,72,78,150,94,88,182,68,67,135,47,54,101,60,68,128,41,49,90,8,36,44,2,9,11,464,518,982,982,663,0.675152749490835
2020-11-18,38,39,77,42,39,81,82,70,152,98,90,188,67,60,127,53,44,97,41,39,80,40,42,82,15,41,56,3,9,12,479,473,952,952,670,0.7037815126050421
2020-11-19,38,26,64,46,37,83,74,74,148,79,93,172,54,58,112,49,60,109,52,52,104,37,34,71,18,35,53,4,11,15,451,480,931,931,664,0.7132116004296455
2020-11-20,35,34,69,29,34,63,71,70,141,84,71,155,50,49,99,45,44,89,49,47,96,26,27,53,18,26,44,5,8,13,412,410,822,822,617,0.7506082725060828
2020-11-21,28,26,54,24,21,45,47,43,90,50,52,102,47,39,86,30,40,70,33,29,62,22,20,42,7,11,18,3,10,13,291,291,582,582,518,0.8900343642611683
2020-11-22,28,23,51,21,20,41,47,42,89,35,51,86,42,38,80,20,20,40,21,41,62,21,14,35,8,19,27,1,7,8,244,275,519,519,400,0.7707129094412332
2020-11-23,46,36,82,25,25,50,55,53,108,55,61,116,55,41,96,40,39,79,36,39,75,18,28,46,15,27,42,7,13,20,352,362,714,714,569,0.7969187675070029
2020-11-24,33,43,76,38,34,72,68,57,125,91,71,162,64,54,118,45,50,95,45,42,87,31,39,70,23,34,57,3,6,9,441,430,871,871,687,0.7887485648679678
2020-11-25,48,41,89,39,37,76,71,69,140,82,81,163,64,57,121,46,40,86,47,41,88,22,29,51,19,25,44,5,9,14,443,429,872,872,598,0.6857798165137615
2020-11-26,35,35,70,39,37,76,75,80,155,81,94,175,47,65,112,58,51,109,55,41,96,32,43,75,14,31,45,9,11,20,445,488,933,933,674,0.722400857449089
2020-11-27,15,30,45,23,20,43,64,72,136,56,64,120,48,39,87,49,42,91,32,36,68,26,28,54,11,31,42,6,6,12,330,368,698,698,496,0.7106017191977078
2020-11-28,44,23,67,21,22,43,58,50,108,41,57,98,39,49,88,44,36,80,19,32,51,19,27,46,10,28,38,2,4,6,297,328,625,625,438,0.7008
2020-11-29,33,30,63,13,25,38,60,62,122,56,67,123,54,39,93,37,31,68,34,38,72,18,26,44,16,12,28,2,7,9,323,337,660,660,510,0.7727272727272727
2020-11-30,44,35,79,43,31,74,103,100,203,92,90,182,87,67,154,46,61,107,57,55,112,34,46,80,18,32,50,8,10,18,532,527,1059,1058,746,0.7051039697542533
2020-12-01,29,41,70,25,37,62,92,80,172,72,85,157,66,69,135,33,43,76,44,61,105,37,40,77,19,32,51,2,4,6,419,492,911,911,593,0.6509330406147091
2020-12-02,20,19,39,25,17,42,51,59,110,47,71,118,54,49,103,31,35,66,23,28,51,29,27,56,15,19,34,6,9,15,301,333,634,634,263,0.4148264984227129
2020-12-03,28,39,67,35,27,62,62,102,164,87,100,187,70,68,138,46,48,94,50,60,110,30,29,59,14,20,34,3,11,14,425,504,929,929,224,0.2411194833153929
2020-12-04,30,31,61,31,42,73,73,61,134,72,71,143,70,67,137,56,59,115,49,51,100,36,37,73,17,28,45,7,10,17,441,457,898,898,288,0.3207126948775056
2020-12-05,28,26,54,27,31,58,60,54,114,66,55,121,41,35,76,30,32,62,24,22,46,18,20,38,11,19,30,4,7,11,309,301,610,610,321,0.5262295081967213
2020-12-06,21,23,44,29,17,46,50,46,96,44,41,85,32,49,81,21,29,50,29,27,56,25,28,53,15,14,29,1,4,5,267,278,545,545,213,0.3908256880733945
2020-12-07,17,35,52,31,21,52,57,61,118,67,61,128,44,53,97,37,42,79,27,29,56,19,36,55,11,18,29,4,6,10,314,362,676,676,187,0.27662721893491127
2020-12-08,30,34,64,16,26,42,56,58,114,57,66,123,37,33,70,47,44,91,32,33,65,18,30,48,7,19,26,5,4,9,305,347,652,653,191,0.29249617151607965
2020-12-09,33,27,60,28,34,62,88,99,187,99,104,203,82,62,144,84,75,159,71,76,147,45,54,99,14,34,48,2,17,19,546,582,1128,1128,372,0.32978723404255317
2020-12-10,40,39,79,49,51,100,101,97,198,104,132,236,83,89,172,90,91,181,76,73,149,43,28,71,16,38,54,7,10,17,609,648,1257,1257,271,0.21559268098647574
2020-12-11,29,40,69,41,35,76,107,108,215,122,120,242,91,92,183,84,90,174,79,93,172,45,42,87,17,27,44,1,8,9,616,655,1271,1271,254,0.1998426435877262
2020-12-12,27,33,60,45,29,74,87,85,172,96,107,203,94,87,181,80,59,139,47,85,132,35,53,88,11,23,34,2,8,10,524,569,1093,1093,285,0.2607502287282708
2020-12-13,31,27,58,29,39,68,68,74,142,92,96,188,69,78,147,80,67,147,59,45,104,33,26,59,10,21,31,6,4,10,477,477,954,954,172,0.18029350104821804
2020-12-14,49,38,87,40,44,84,101,111,212,120,106,226,90,103,193,94,86,180,70,90,160,48,56,104,18,29,47,9,12,21,639,675,1314,1314,311,0.23668188736681886
2020-12-15,34,38,72,45,44,89,87,92,179,115,121,236,85,75,160,87,95,182,88,89,177,44,40,84,10,18,28,1,12,13,596,624,1220,1221,274,0.2244062244062244
2020-12-16,22,33,55,46,53,99,112,135,247,166,165,331,98,125,223,113,93,206,108,99,207,55,61,116,20,21,41,4,11,15,744,796,1540,1540,327,0.21233766233766233
2020-12-17,43,45,88,56,41,97,111,124,235,166,172,338,133,133,266,96,97,193,57,82,139,43,34,77,9,22,31,3,7,10,717,757,1474,1474,327,0.22184531886024422
2020-12-18,52,39,91,68,67,135,138,137,275,160,183,343,142,134,276,114,114,228,127,123,250,87,67,154,16,48,64,5,7,12,909,919,1828,1828,421,0.23030634573304157
2020-12-19,39,32,71,51,51,102,105,126,231,183,168,351,114,112,226,98,99,197,92,113,205,44,58,102,15,27,42,3,4,7,744,790,1534,1534,385,0.25097783572359844
2020-12-20,32,46,78,62,59,121,117,121,238,180,168,348,130,130,260,110,115,225,102,106,208,47,49,96,11,13,24,3,7,10,794,814,1608,1608,219,0.13619402985074627
2020-12-21,50,49,99,78,51,129,149,145,294,183,209,392,166,137,303,114,123,237,119,130,249,65,70,135,11,35,46,5,6,11,940,955,1895,1895,325,0.17150395778364116
2020-12-22,46,53,99,77,71,148,164,159,323,199,215,414,172,163,335,127,120,247,146,139,285,68,54,122,18,29,47,4,5,9,1021,1008,2029,2029,348,0.17151306062099556
2020-12-23,51,54,105,78,65,143,166,164,330,228,210,438,145,169,314,132,108,240,105,117,222,54,56,110,21,38,59,5,14,19,985,995,1980,1980,387,0.19545454545454546
2020-12-24,31,33,64,41,48,89,100,97,197,155,115,270,103,88,191,68,73,141,58,71,129,42,33,75,5,21,26,2,5,7,605,584,1189,1189,289,0.2430613961312027
2020-12-25,11,15,26,14,11,25,31,18,49,33,38,71,29,16,45,19,24,43,14,18,32,14,5,19,7,13,20,3,4,7,175,162,337,337,205,0.6083086053412463
2020-12-26,47,38,85,79,88,167,125,142,267,213,193,406,124,158,282,111,112,223,73,90,163,39,53,92,18,32,50,1,12,13,830,918,1748,1748,355,0.2030892448512586
2020-12-27,30,26,56,88,70,158,136,112,248,207,162,369,179,155,334,119,137,256,110,111,221,46,65,111,23,34,57,3,12,15,941,884,1825,1825,200,0.1095890410958904
2020-12-28,58,43,101,107,106,213,195,197,392,317,297,614,210,219,429,177,172,349,124,156,280,59,74,133,26,46,72,4,16,20,1277,1326,2603,2603,390,0.1498271225509028
2020-12-29,44,45,89,91,96,187,200,193,393,250,217,467,196,182,378,136,126,262,110,134,244,65,67,132,24,49,73,7,11,18,1123,1120,2243,2243,331,0.1475702184574231
2020-12-30,48,36,84,106,112,218,199,165,364,274,253,527,184,192,376,149,180,329,119,119,238,61,75,136,26,38,64,4,11,15,1170,1181,2351,2350,490,0.20851063829787234
2020-12-31,29,28,57,68,70,138,148,117,265,154,186,340,136,147,283,91,80,171,56,72,128,31,41,72,11,29,40,0,8,8,724,778,1502,1502,319,0.21238348868175766
2021-01-01,15,11,26,15,22,37,24,30,54,33,38,71,32,24,56,22,32,54,15,19,34,12,15,27,5,16,21,1,4,5,174,211,385,385,150,0.38961038961038963
2021-01-02,48,30,78,61,71,132,137,139,276,189,174,363,134,134,268,101,137,238,122,110,232,56,58,114,14,35,49,3,8,11,865,896,1761,1761,349,0.19818285065303803
2021-01-03,32,30,62,110,89,199,189,195,384,252,270,522,193,230,423,152,187,339,144,145,289,65,84,149,17,30,47,3,6,9,1157,1266,2423,2423,257,0.1060668592653735
2021-01-04,47,46,93,97,73,170,264,237,501,279,323,602,236,229,465,163,175,338,125,143,268,87,78,165,34,50,84,3,12,15,1335,1366,2701,2701,410,0.15179563124768605
2021-01-05,34,44,78,114,85,199,261,274,535,298,323,621,240,231,471,161,184,345,140,201,341,87,99,186,25,52,77,4,11,15,1364,1504,2868,2867,396,0.13812347401464947
2021-01-06,43,34,77,125,112,237,262,224,486,309,282,591,267,248,515,201,187,388,148,165,313,90,103,193,27,55,82,4,18,22,1476,1428,2904,2903,418,0.14398897692042714
2021-01-07,38,40,78,84,94,178,199,200,399,267,229,496,198,189,387,132,163,295,112,132,244,64,93,157,21,46,67,2,10,12,1117,1196,2313,2313,428,0.18504107220060528
2021-01-08,47,37,84,97,112,209,219,188,407,228,246,474,164,201,365,124,141,265,94,116,210,57,89,146,26,35,61,7,8,15,1063,1173,2236,2235,438,0.1959731543624161
2021-01-09,31,31,62,72,70,142,158,180,338,246,231,477,154,178,332,132,147,279,92,129,221,45,70,115,16,36,52,0,12,12,946,1084,2030,2029,331,0.16313454903893543
2021-01-10,42,43,85,92,100,192,166,161,327,200,260,460,175,171,346,110,144,254,107,90,197,42,63,105,11,31,42,2,10,12,947,1073,2020,2020,252,0.12475247524752475
2021-01-11,50,38,88,107,110,217,240,236,476,266,317,583,212,218,430,161,159,320,107,150,257,61,65,126,19,35,54,2,7,9,1225,1335,2560,2560,395,0.154296875
2021-01-12,54,28,82,98,97,195,208,222,430,217,222,439,175,190,365,137,167,304,112,110,222,45,56,101,26,25,51,3,9,12,1075,1126,2201,2201,334,0.15174920490686053
2021-01-13,67,55,122,115,118,233,253,223,476,244,243,487,198,179,377,146,175,321,114,140,254,58,63,121,21,48,69,6,4,10,1222,1248,2470,2470,352,0.14251012145748987
2021-01-14,47,46,93,108,114,222,215,234,449,251,258,509,181,205,386,151,185,336,112,127,239,57,66,123,17,36,53,4,5,9,1143,1276,2419,2420,423,0.17479338842975206
2021-01-15,52,49,101,202,171,373,261,254,515,335,344,679,273,273,546,231,236,467,141,158,299,63,89,152,21,43,64,2,11,13,1581,1628,3209,3209,481,0.14989093175444063
2021-01-16,29,26,55,185,173,358,219,249,468,312,328,640,289,289,578,234,208,442,147,170,317,96,100,196,22,34,56,2,10,12,1535,1587,3122,3122,308,0.09865470852017937
2021-01-17,31,19,50,170,160,330,208,258,466,257,284,541,286,318,604,191,196,387,111,129,240,60,67,127,19,26,45,2,2,4,1335,1459,2794,2794,272,0.09735146743020759
2021-01-18,46,46,92,218,215,433,293,298,591,342,348,690,331,322,653,268,257,525,178,209,387,89,108,197,26,45,71,3,9,12,1794,1857,3651,3651,357,0.09778142974527526
2021-01-19,54,40,94,198,164,362,298,270,568,328,328,656,321,326,647,216,247,463,182,201,383,88,111,199,18,45,63,7,17,24,1710,1749,3459,3459,270,0.07805724197745013
2021-01-20,50,43,93,202,196,398,260,264,524,286,272,558,304,288,592,254,253,507,196,207,403,99,114,213,24,44,68,6,13,19,1681,1694,3375,3375,288,0.08533333333333333
2021-01-21,54,47,101,132,141,273,233,217,450,235,248,483,207,241,448,164,218,382,150,145,295,68,80,148,36,38,74,8,11,19,1287,1386,2673,2673,367,0.13729891507669287
2021-01-22,39,46,85,159,137,296,196,208,404,204,221,425,205,230,435,166,179,345,131,138,269,63,80,143,17,44,61,3,3,6,1183,1286,2469,2469,301,0.12191170514378291
2021-01-23,33,27,60,136,127,263,219,210,429,209,233,442,200,176,376,163,168,331,90,112,202,44,54,98,14,26,40,2,6,8,1110,1139,2249,2249,362,0.16096042685638062
2021-01-24,28,28,56,158,146,304,227,212,439,224,236,460,230,227,457,178,184,362,123,128,251,50,66,116,20,29,49,2,7,9,1240,1263,2503,2503,170,0.06791849780263684
2021-01-25,44,56,100,209,170,379,296,285,581,263,301,564,279,283,562,208,226,434,171,173,344,84,98,182,30,51,81,5,13,18,1589,1656,3245,3245,274,0.08443759630200308
2021-01-26,63,50,113,204,152,356,253,239,492,246,247,493,243,235,478,182,213,395,131,158,289,74,85,159,24,54,78,4,16,20,1424,1449,2873,2873,315,0.10964148973198747
2021-01-27,60,51,111,164,165,329,230,220,450,258,265,523,231,261,492,174,206,380,134,125,259,55,67,122,29,39,68,2,18,20,1337,1417,2754,2755,238,0.08638838475499093
2021-01-28,51,47,98,142,114,256,201,201,402,224,216,440,182,185,367,140,175,315,112,138,250,64,78,142,25,45,70,6,14,20,1147,1213,2360,2360,295,0.125
2021-01-29,42,57,99,199,171,370,254,217,471,276,298,574,253,276,529,209,222,431,166,204,370,72,104,176,23,56,79,4,10,14,1498,1615,3113,3112,436,0.14010282776349614
2021-01-30,29,22,51,245,233,478,223,241,464,291,324,615,319,340,659,246,265,511,153,202,355,78,105,183,19,44,63,3,8,11,1606,1784,3390,3390,250,0.07374631268436578
2021-01-31,28,21,49,348,330,678,284,284,568,362,362,724,480,475,955,339,333,672,191,204,395,78,101,179,23,41,64,3,11,14,2136,2162,4298,4298,152,0.03536528617961843
2021-02-01,44,39,83,285,322,607,269,298,567,338,369,707,402,401,803,356,320,676,218,267,485,70,132,202,34,43,77,2,10,12,2018,2201,4219,4219,282,0.06684048352690211
2021-02-02,39,36,75,224,249,473,258,231,489,327,364,691,409,433,842,301,321,622,228,248,476,127,138,265,31,47,78,5,12,17,1949,2079,4028,4028,217,0.053872889771598806
2021-02-03,41,43,84,217,181,398,232,276,508,287,306,593,327,327,654,237,267,504,199,218,417,105,139,244,34,56,90,3,11,14,1682,1824,3506,3506,262,0.07472903593839134
2021-02-04,49,42,91,128,117,245,192,210,402,218,244,462,196,258,454,169,195,364,112,164,276,67,101,168,21,41,62,3,16,19,1155,1388,2543,2543,258,0.10145497443963822
2021-02-05,45,40,85,141,120,261,171,184,355,217,209,426,188,184,372,147,176,323,129,163,292,67,78,145,16,43,59,2,8,10,1123,1205,2328,2329,350,0.15027908973808501
2021-02-06,23,26,49,146,142,288,154,175,329,188,243,431,195,213,408,172,183,355,99,131,230,47,76,123,17,30,47,0,7,7,1041,1226,2267,2267,244,0.10763123070136744
2021-02-07,31,35,66,147,136,283,154,156,310,196,219,415,196,209,405,155,193,348,99,103,202,62,62,124,16,26,42,7,5,12,1063,1144,2207,2207,146,0.06615314907113728
2021-02-08,43,40,83,194,212,406,226,244,470,285,307,592,320,350,670,211,240,451,144,181,325,73,97,170,26,53,79,4,15,19,1526,1739,3265,3265,311,0.09525267993874426
2021-02-09,42,29,71,168,175,343,212,224,436,310,273,583,271,265,536,232,229,461,180,187,367,80,103,183,29,58,87,5,14,19,1529,1557,3086,3086,230,0.07453013609850939
2021-02-10,43,28,71,128,126,254,186,208,394,223,266,489,269,236,505,139,203,342,131,143,274,74,88,162,28,36,64,0,9,9,1221,1343,2564,2564,203,0.07917316692667707
2021-02-11,44,38,82,112,128,240,162,192,354,248,234,482,214,230,444,148,182,330,134,134,268,64,69,133,22,47,69,5,10,15,1153,1264,2417,2417,185,0.07654116673562267
2021-02-12,44,28,72,141,133,274,159,172,331,247,238,485,233,254,487,151,175,326,121,168,289,72,84,156,24,44,68,2,13,15,1194,1309,2503,2503,326,0.13024370755093886
2021-02-13,24,19,43,165,169,334,162,168,330,263,258,521,265,299,564,162,196,358,125,146,271,52,68,120,19,35,54,2,11,13,1239,1369,2608,2608,252,0.09662576687116564
2021-02-14,21,19,40,146,169,315,130,180,310,258,306,564,294,316,610,175,201,376,139,148,287,59,97,156,15,20,35,2,13,15,1239,1469,2708,2709,159,0.058693244739756366
2021-02-15,25,29,54,205,230,435,190,202,392,321,342,663,381,380,761,266,241,507,142,173,315,61,93,154,16,44,60,2,13,15,1609,1747,3356,3356,213,0.06346841477949941
2021-02-16,27,22,49,223,192,415,253,261,514,350,413,763,340,383,723,236,198,434,126,123,249,63,82,145,13,35,48,7,6,13,1638,1715,3353,3353,251,0.07485833581866985
2021-02-17,31,44,75,146,147,293,310,313,623,320,326,646,267,283,550,204,230,434,192,197,389,80,102,182,21,52,73,5,13,18,1576,1707,3283,3283,235,0.07158087115443192
2021-02-18,31,38,69,117,140,257,246,262,508,280,325,605,249,265,514,208,198,406,137,187,324,74,103,177,27,44,71,3,4,7,1372,1566,2938,2938,284,0.0966643975493533
2021-02-19,44,35,79,123,133,256,240,225,465,259,289,548,227,245,472,196,211,407,145,178,323,82,108,190,18,44,62,4,9,13,1338,1477,2815,2815,321,0.11403197158081706
2021-02-20,34,25,59,105,119,224,199,219,418,239,248,487,230,242,472,168,203,371,107,180,287,50,72,122,21,37,58,4,3,7,1157,1348,2505,2505,204,0.081437125748503
2021-02-21,38,27,65,111,120,231,167,205,372,242,264,506,217,230,447,125,173,298,121,147,268,52,69,121,19,31,50,4,6,10,1096,1272,2368,2368,183,0.0772804054054054
2021-02-22,48,60,108,114,142,256,215,243,458,258,300,558,228,254,482,188,196,384,131,174,305,70,92,162,39,35,74,3,6,9,1294,1502,2796,2796,261,0.09334763948497854
2021-02-23,58,40,98,115,114,229,195,197,392,233,266,499,207,228,435,176,186,362,140,164,304,79,107,186,28,42,70,7,15,22,1238,1359,2597,2597,252,0.09703504043126684
2021-02-24,40,64,104,114,119,233,157,174,331,209,231,440,144,179,323,143,156,299,140,147,287,72,90,162,21,43,64,3,9,12,1043,1212,2255,2255,218,0.09667405764966741
2021-02-25,65,61,126,87,93,180,175,167,342,172,192,364,171,158,329,124,152,276,108,142,250,58,89,147,17,37,54,4,16,20,981,1107,2088,2089,215,0.10292005744375299
2021-02-26,51,48,99,92,101,193,176,203,379,224,200,424,169,204,373,133,162,295,110,176,286,57,83,140,17,37,54,2,17,19,1031,1231,2262,2262,218,0.09637488947833775
2021-02-27,31,29,60,87,113,200,148,183,331,227,239,466,172,173,345,153,184,337,141,169,310,62,81,143,20,44,64,0,7,7,1041,1222,2263,2263,227,0.10030932390631904
2021-02-28,27,29,56,120,131,251,195,232,427,280,306,586,223,247,470,207,260,467,193,185,378,100,112,212,20,40,60,3,9,12,1368,1551,2919,2919,192,0.065775950668037
2021-03-01,77,64,141,79,104,183,186,174,360,232,210,442,196,164,360,107,146,253,119,143,262,57,100,157,24,39,63,5,13,18,1082,1157,2239,2240,317,0.14151785714285714
2021-03-02,82,64,146,117,97,214,152,175,327,185,202,387,155,151,306,138,158,296,91,123,214,66,58,124,29,32,61,3,7,10,1018,1067,2085,2085,199,0.09544364508393285
2021-03-03,76,61,137,92,73,165,126,146,272,186,159,345,131,128,259,129,143,272,129,161,290,66,91,157,15,30,45,0,15,15,950,1007,1957,1957,253,0.12927950945324476
2021-03-04,64,61,125,74,91,165,131,141,272,157,138,295,120,124,244,94,135,229,101,150,251,59,97,156,20,37,57,6,14,20,826,988,1814,1814,238,0.13120176405733186
2021-03-05,57,56,113,75,83,158,139,176,315,177,174,351,135,118,253,112,136,248,109,122,231,64,80,144,16,34,50,0,6,6,884,985,1869,1869,270,0.14446227929373998
2021-03-06,34,38,72,56,60,116,135,126,261,146,148,294,117,121,238,70,119,189,80,78,158,38,60,98,21,26,47,2,6,8,699,782,1481,1481,188,0.12694125590817015
2021-03-07,37,33,70,59,57,116,106,136,242,147,154,301,84,126,210,101,132,233,108,135,243,45,63,108,21,33,54,3,3,6,711,872,1583,1582,128,0.08091024020227561
2021-03-08,67,70,137,85,88,173,142,171,313,184,193,377,136,152,288,147,161,308,144,155,299,73,81,154,20,43,63,2,11,13,1000,1125,2125,2123,199,0.09373528026377767
2021-03-09,90,92,182,83,81,164,138,129,267,185,183,368,170,154,324,137,153,290,125,189,314,83,102,185,22,34,56,4,7,11,1037,1124,2161,2161,218,0.1008792225821379
2021-03-10,96,84,180,98,81,179,132,143,275,191,185,376,126,126,252,116,152,268,116,126,242,66,100,166,19,42,61,4,9,13,964,1048,2012,2012,305,0.15159045725646123
2021-03-11,78,85,163,59,80,139,110,143,253,148,143,291,97,121,218,85,111,196,84,114,198,49,65,114,24,30,54,1,14,15,735,906,1641,1641,309,0.1882998171846435
2021-03-12,88,86,174,93,93,186,125,150,275,178,171,349,125,148,273,106,152,258,108,137,245,69,84,153,21,39,60,4,12,16,917,1072,1989,1988,335,0.16851106639839034
2021-03-13,63,44,107,60,70,130,143,128,271,160,172,332,129,116,245,102,128,230,131,136,267,44,68,112,9,37,46,4,3,7,845,902,1747,1747,295,0.1688609044075558
2021-03-14,49,69,118,47,65,112,117,143,260,162,191,353,124,115,239,121,159,280,131,159,290,51,85,136,17,27,44,4,9,13,823,1022,1845,1845,201,0.10894308943089431
2021-03-15,131,103,234,99,98,197,142,178,320,188,210,398,177,184,361,151,158,309,148,161,309,81,112,193,18,47,65,4,15,19,1139,1266,2405,2405,322,0.1338877338877339
2021-03-16,98,103,201,88,99,187,126,142,268,183,183,366,144,123,267,123,152,275,119,145,264,66,98,164,12,39,51,4,16,20,963,1100,2063,2063,240,0.11633543383422201
2021-03-17,75,83,158,85,78,163,124,170,294,139,137,276,110,127,237,116,128,244,114,127,241,52,86,138,17,37,54,2,13,15,834,986,1820,1819,243,0.13358988455195162
2021-03-18,82,69,151,61,68,129,114,127,241,150,126,276,92,108,200,78,106,184,88,108,196,51,65,116,17,28,45,1,9,10,734,814,1548,1548,226,0.14599483204134367
2021-03-19,88,76,164,102,93,195,121,146,267,156,167,323,98,115,213,98,124,222,93,127,220,56,63,119,13,25,38,5,7,12,830,943,1773,1773,369,0.20812182741116753
2021-03-20,33,39,72,54,65,119,104,105,209,124,136,260,92,110,202,99,113,212,87,91,178,52,54,106,15,26,41,3,7,10,663,746,1409,1407,239,0.16986496090973702
2021-03-21,55,54,109,62,66,128,116,116,232,161,142,303,94,99,193,103,126,229,79,112,191,29,61,90,17,24,41,3,10,13,719,810,1529,1529,183,0.1196860693263571
2021-03-22,75,85,160,94,78,172,133,162,295,162,169,331,138,125,263,148,142,290,104,133,237,60,74,134,21,46,67,4,22,26,939,1036,1975,1976,333,0.16852226720647773
2021-03-23,88,89,177,104,100,204,135,155,290,150,150,300,126,109,235,127,123,250,111,144,255,69,82,151,23,28,51,1,11,12,934,991,1925,1925,296,0.15376623376623377
2021-03-24,49,55,104,75,60,135,100,98,198,110,144,254,82,95,177,82,99,181,61,90,151,38,68,106,13,32,45,1,6,7,611,747,1358,1358,255,0.1877761413843888
2021-03-25,66,65,131,80,85,165,115,132,247,145,147,292,129,137,266,97,122,219,90,112,202,51,64,115,24,27,51,3,5,8,800,896,1696,1696,241,0.1420990566037736
2021-03-26,92,84,176,97,109,206,146,137,283,172,157,329,129,132,261,91,142,233,83,119,202,57,65,122,20,33,53,2,11,13,889,989,1878,1878,346,0.18423855165069222
2021-03-27,71,58,129,41,54,95,110,100,210,151,145,296,113,119,232,105,122,227,98,109,207,40,58,98,12,32,44,5,5,10,746,802,1548,1548,327,0.21124031007751937
2021-03-28,54,32,86,40,62,102,82,98,180,110,145,255,117,110,227,89,117,206,81,113,194,37,41,78,16,21,37,2,5,7,628,744,1372,1372,239,0.17419825072886297
2021-03-29,85,70,155,102,78,180,118,138,256,144,170,314,142,141,283,117,117,234,92,132,224,44,52,96,17,28,45,1,11,12,862,937,1799,1799,321,0.1784324624791551
2021-03-30,73,72,145,84,94,178,99,118,217,138,137,275,116,134,250,100,103,203,87,126,213,36,50,86,18,26,44,5,7,12,756,867,1623,1622,284,0.17509247842170161
2021-03-31,65,58,123,57,50,107,107,111,218,132,131,263,85,115,200,56,96,152,51,66,117,26,40,66,16,23,39,2,9,11,597,699,1296,1296,319,0.24614197530864199
2021-04-01,55,54,109,71,65,136,117,133,250,147,122,269,102,113,215,79,108,187,75,94,169,36,44,80,13,15,28,2,10,12,697,758,1455,1455,373,0.2563573883161512
2021-04-02,67,47,114,65,74,139,97,104,201,138,119,257,103,92,195,89,95,184,63,73,136,37,33,70,12,12,24,3,5,8,674,654,1328,1328,308,0.2319277108433735
2021-04-03,41,51,92,58,73,131,93,105,198,127,143,270,111,102,213,91,108,199,81,83,164,31,48,79,16,36,52,5,4,9,654,753,1407,1407,424,0.3013503909026297
2021-04-04,62,44,106,113,106,219,138,151,289,175,197,372,137,176,313,95,132,227,72,91,163,30,50,80,18,24,42,1,6,7,841,977,1818,1818,338,0.1859185918591859
2021-04-05,80,81,161,141,152,293,166,213,379,229,212,441,198,215,413,144,167,311,96,133,229,48,59,107,12,36,48,5,9,14,1119,1277,2396,2396,369,0.1540066777963272
2021-04-06,76,104,180,132,123,255,238,180,418,231,253,484,192,189,381,124,156,280,97,164,261,57,88,145,24,34,58,3,13,16,1174,1304,2478,2478,753,0.30387409200968524
2021-04-07,96,84,180,146,131,277,196,202,398,207,242,449,201,189,390,137,168,305,88,144,232,55,79,134,14,39,53,1,8,9,1141,1286,2427,2424,395,0.16295379537953794
2021-04-08,82,76,158,111,107,218,159,195,354,206,226,432,150,165,315,109,139,248,91,122,213,49,63,112,16,31,47,0,12,12,973,1136,2109,2109,432,0.20483641536273114
2021-04-09,73,64,137,80,85,165,104,125,229,136,140,276,136,118,254,88,104,192,67,81,148,35,48,83,8,20,28,3,8,11,730,793,1523,1522,459,0.3015768725361367
2021-04-10,45,51,96,88,89,177,142,135,277,161,153,314,111,117,228,96,112,208,75,77,152,16,33,49,5,15,20,1,3,4,740,785,1525,1524,294,0.19291338582677164
2021-04-11,47,52,99,66,78,144,96,95,191,111,146,257,113,114,227,85,82,167,70,76,146,20,34,54,12,22,34,2,5,7,622,704,1326,1326,247,0.18627450980392157
2021-04-12,81,68,149,113,103,216,119,140,259,169,180,349,135,161,296,113,165,278,91,106,197,27,54,81,14,27,41,1,12,13,863,1016,1879,1877,328,0.17474693660095897
2021-04-13,90,58,148,72,73,145,134,117,251,174,165,339,133,134,267,100,111,211,64,78,142,40,30,70,8,15,23,3,8,11,818,789,1607,1607,329,0.20472930927193528
2021-04-14,80,67,147,75,55,130,82,96,178,103,101,204,76,101,177,70,78,148,93,90,183,37,53,90,14,21,35,5,5,10,635,667,1302,1301,406,0.31206764027671025
2021-04-15,92,72,164,92,107,199,142,145,287,173,165,338,174,160,334,121,162,283,75,91,166,29,42,71,15,23,38,2,9,11,915,976,1891,1890,377,0.19947089947089947
2021-04-16,79,76,155,78,80,158,159,164,323,188,195,383,147,163,310,135,158,293,106,124,230,30,49,79,8,22,30,1,10,11,931,1041,1972,1971,595,0.30187721968543885
2021-04-17,75,67,142,79,81,160,138,108,246,192,152,344,141,137,278,106,116,222,83,91,174,31,56,87,11,26,37,3,4,7,859,838,1697,1697,373,0.2197996464348851
2021-04-18,48,50,98,54,45,99,98,102,200,126,143,269,129,116,245,95,100,195,87,78,165,28,36,64,20,20,40,2,7,9,687,697,1384,1384,241,0.17413294797687862
2021-04-19,84,67,151,87,89,176,176,157,333,193,180,373,162,159,321,136,144,280,107,114,221,39,61,100,7,36,43,5,13,18,996,1020,2016,2016,284,0.14087301587301587
2021-04-20,89,95,184,84,83,167,128,137,265,153,148,301,147,156,303,120,112,232,100,121,221,41,48,89,25,29,54,4,10,14,891,939,1830,1830,327,0.17868852459016393
2021-04-21,89,66,155,77,53,130,124,101,225,139,135,274,113,125,238,95,106,201,85,94,179,37,36,73,10,38,48,3,8,11,772,762,1534,1534,309,0.2014341590612777
2021-04-22,99,75,174,99,81,180,137,131,268,167,174,341,161,191,352,123,133,256,89,120,209,39,70,109,14,38,52,1,8,9,929,1021,1950,1949,317,0.16264751154438173
2021-04-23,84,74,158,73,81,154,143,139,282,189,177,366,146,173,319,126,161,287,88,120,208,47,65,112,16,22,38,4,6,10,916,1018,1934,1933,266,0.13760993274702535
2021-04-24,47,38,85,37,25,62,38,51,89,63,57,120,57,68,125,33,37,70,24,31,55,24,38,62,7,20,27,2,15,17,332,380,712,712,224,0.3146067415730337
2021-04-25,61,55,116,56,50,106,78,95,173,129,112,241,116,108,224,104,110,214,66,66,132,28,32,60,9,22,31,1,3,4,648,653,1301,1300,178,0.13692307692307693
2021-04-26,79,89,168,91,84,175,146,133,279,175,174,349,149,157,306,141,148,289,83,97,180,58,66,124,12,25,37,5,6,11,939,979,1918,1917,230,0.11997913406364111
2021-04-27,71,69,140,78,81,159,154,172,326,151,158,309,125,155,280,113,122,235,89,91,180,43,72,115,21,28,49,4,9,13,849,957,1806,1804,205,0.11363636363636363
2021-04-28,84,81,165,91,85,176,135,131,266,164,155,319,149,133,282,105,115,220,73,88,161,38,50,88,9,25,34,4,8,12,852,871,1723,1723,230,0.1334881021474173
2021-04-29,93,85,178,113,107,220,160,176,336,209,210,419,191,159,350,137,164,301,89,125,214,58,78,136,29,46,75,2,15,17,1081,1165,2246,2245,286,0.12739420935412027
2021-04-30,95,76,171,81,69,150,84,114,198,106,136,242,96,120,216,85,95,180,64,99,163,52,57,109,22,36,58,3,17,20,688,819,1507,1507,327,0.21698739216987392
2021-05-01,61,52,113,70,48,118,85,91,176,135,121,256,115,128,243,84,108,192,61,69,130,41,48,89,16,36,52,0,5,5,668,706,1374,1373,278,0.202476329206118
2021-05-02,65,52,117,67,72,139,117,134,251,170,179,349,125,183,308,120,133,253,84,111,195,37,56,93,15,22,37,3,16,19,803,958,1761,1761,233,0.13231118682566723
2021-05-03,126,111,237,103,114,217,233,238,471,280,297,577,241,276,517,184,255,439,154,211,365,78,108,186,23,52,75,2,16,18,1424,1678,3102,3102,384,0.12379110251450677
2021-05-04,97,90,187,115,117,232,222,194,416,251,258,509,213,214,427,174,227,401,121,179,300,83,113,196,24,39,63,1,18,19,1301,1449,2750,2750,253,0.092
2021-05-05,108,90,198,107,94,201,187,207,394,238,245,483,212,189,401,152,184,336,109,120,229,69,76,145,32,35,67,7,14,21,1221,1254,2475,2473,261,0.10553983016579054
2021-05-06,87,92,179,138,129,267,190,232,422,241,247,488,238,218,456,165,191,356,119,128,247,63,72,135,29,46,75,4,22,26,1274,1377,2651,2651,533,0.2010562052055828
2021-05-07,99,98,197,148,126,274,209,242,451,224,274,498,233,246,479,142,206,348,126,144,270,63,92,155,19,30,49,3,6,9,1266,1464,2730,2730,347,0.1271062271062271
2021-05-08,50,56,106,63,49,112,113,127,240,169,149,318,107,115,222,88,101,189,59,68,127,40,32,72,19,27,46,1,11,12,709,735,1444,1444,238,0.16481994459833796
2021-05-09,65,63,128,61,64,125,96,118,214,134,150,284,127,133,260,89,103,192,62,76,138,43,53,96,16,23,39,9,2,11,702,785,1487,1487,187,0.12575655682582382
2021-05-10,109,105,214,107,107,214,221,206,427,260,243,503,208,251,459,182,189,371,145,155,300,68,97,165,27,50,77,1,9,10,1328,1412,2740,2739,295,0.1077035414384812
2021-05-11,98,83,181,98,94,192,153,157,310,207,199,406,171,159,330,126,143,269,121,131,252,58,82,140,23,30,53,5,8,13,1060,1086,2146,2146,286,0.13327120223671948
2021-05-12,91,80,171,103,81,184,141,170,311,210,160,370,187,176,363,144,146,290,105,126,231,45,67,112,15,36,51,4,10,14,1045,1052,2097,2097,339,0.16165951359084407
2021-05-13,126,80,206,82,74,156,170,190,360,187,218,405,178,161,339,112,151,263,89,113,202,42,65,107,18,46,64,1,5,6,1005,1103,2108,2107,341,0.16184148077835786
2021-05-14,105,109,214,104,131,235,203,230,433,264,244,508,186,251,437,174,190,364,118,154,272,57,77,134,30,39,69,5,8,13,1246,1433,2679,2679,332,0.12392683837252706
2021-05-15,74,82,156,80,81,161,131,157,288,169,201,370,155,184,339,124,133,257,86,114,200,34,42,76,19,29,48,1,14,15,873,1037,1910,1910,290,0.1518324607329843
2021-05-16,61,67,128,69,71,140,110,90,200,140,165,305,135,141,276,114,123,237,79,83,162,38,45,83,15,31,46,1,12,13,762,828,1590,1590,223,0.14025157232704402
2021-05-17,163,137,300,144,140,284,230,256,486,314,322,636,278,301,579,230,248,478,150,185,335,92,123,215,37,63,100,3,16,19,1641,1791,3432,3432,417,0.1215034965034965
2021-05-18,131,140,271,140,139,279,257,223,480,303,308,611,322,290,612,229,220,449,137,166,303,74,91,165,28,46,74,5,10,15,1626,1633,3259,3259,371,0.11383860079779073
2021-05-19,144,119,263,146,139,285,259,276,535,316,328,644,305,276,581,205,236,441,154,178,332,74,90,164,27,39,66,6,17,23,1636,1698,3334,3334,298,0.08938212357528494
2021-05-20,143,140,283,146,163,309,305,289,594,350,319,669,283,277,560,202,236,438,160,173,333,78,100,178,31,51,82,5,15,20,1703,1763,3466,3466,307,0.08857472590882862
2021-05-21,111,93,204,117,122,239,221,249,470,280,312,592,256,259,515,185,210,395,134,175,309,67,63,130,29,55,84,1,11,12,1401,1549,2950,2950,450,0.15254237288135594
2021-05-22,60,48,108,66,80,146,116,145,261,183,172,355,142,141,283,98,117,215,71,66,137,34,40,74,17,33,50,1,12,13,788,854,1642,1642,350,0.21315468940316687
2021-05-23,59,52,111,52,66,118,94,106,200,127,141,268,117,105,222,92,124,216,61,83,144,38,35,73,11,46,57,9,14,23,660,772,1432,1432,237,0.16550279329608938
2021-05-24,88,58,146,87,108,195,179,164,343,224,236,460,185,227,412,165,214,379,111,146,257,69,82,151,25,41,66,3,10,13,1136,1286,2422,2422,241,0.09950454170107349
2021-05-25,73,52,125,75,86,161,172,172,344,194,193,387,189,172,361,167,165,332,99,116,215,59,62,121,16,36,52,5,9,14,1049,1063,2112,2111,219,0.10374230222643296
2021-05-26,107,85,192,120,138,258,243,231,474,253,262,515,251,252,503,227,237,464,127,172,299,78,94,172,25,62,87,7,7,14,1438,1540,2978,2978,286,0.09603760913364674
2021-05-27,83,78,161,88,101,189,192,212,404,250,242,492,186,184,370,179,205,384,108,130,238,77,76,153,21,38,59,2,15,17,1186,1281,2467,2466,317,0.12854825628548255
2021-05-28,93,85,178,117,144,261,240,239,479,270,252,522,247,270,517,248,267,515,146,202,348,66,87,153,24,43,67,5,12,17,1456,1601,3057,3057,286,0.09355577363428197
2021-05-29,64,62,126,68,76,144,140,167,307,211,176,387,194,173,367,113,143,256,84,100,184,44,55,99,19,41,60,5,13,18,942,1006,1948,1948,244,0.12525667351129363
2021-05-30,39,48,87,52,53,105,127,141,268,163,156,319,150,128,278,87,111,198,66,68,134,28,46,74,15,26,41,3,9,12,730,786,1516,1516,174,0.11477572559366754
2021-05-31,89,82,171,123,112,235,239,226,465,304,273,577,242,243,485,153,180,333,113,158,271,81,101,182,27,54,81,1,16,17,1372,1445,2817,2817,278,0.09868654597089102
2021-06-01,97,90,187,106,103,209,200,189,389,250,241,491,190,219,409,170,199,369,141,157,298,79,84,163,33,42,75,4,11,15,1270,1335,2605,2606,244,0.09363008442056792
2021-06-02,119,89,208,112,117,229,211,247,458,239,276,515,228,236,464,153,178,331,123,166,289,74,94,168,31,51,82,7,15,22,1297,1469,2766,2765,302,0.10922242314647378
2021-06-03,97,104,201,137,99,236,224,208,432,251,256,507,238,239,477,158,190,348,133,159,292,75,91,166,27,28,55,4,17,21,1344,1391,2735,2733,276,0.10098792535675083
2021-06-04,137,118,255,126,127,253,254,248,502,265,273,538,246,244,490,199,253,452,121,154,275,81,109,190,25,57,82,1,9,10,1455,1592,3047,3047,311,0.10206760748276994
2021-06-05,74,77,151,66,65,131,126,156,282,172,178,350,154,154,308,116,120,236,63,80,143,43,75,118,15,25,40,5,13,18,834,943,1777,1777,290,0.16319639842431063
2021-06-06,77,87,164,74,72,146,123,131,254,160,155,315,140,140,280,128,122,250,67,97,164,43,58,101,12,26,38,0,12,12,824,900,1724,1724,184,0.10672853828306264
2021-06-07,107,136,243,128,126,254,218,218,436,265,259,524,209,251,460,197,221,418,153,180,333,101,130,231,36,74,110,7,34,41,1421,1629,3050,3050,309,0.10131147540983607
2021-06-08,129,123,252,103,110,213,208,244,452,265,245,510,221,212,433,188,223,411,104,127,231,69,126,195,26,50,76,3,18,21,1316,1478,2794,2794,233,0.08339298496778812
2021-06-09,121,127,248,119,102,221,244,239,483,276,293,569,234,244,478,185,232,417,119,151,270,77,89,166,35,59,94,4,18,22,1414,1554,2968,2966,257,0.08664868509777478
2021-06-10,118,130,248,101,119,220,230,245,475,257,293,550,209,224,433,156,206,362,108,157,265,82,116,198,28,44,72,5,20,25,1294,1554,2848,2845,275,0.09666080843585237
2021-06-11,111,104,215,85,111,196,220,238,458,256,290,546,233,256,489,187,194,381,120,142,262,76,114,190,32,70,102,7,14,21,1327,1533,2860,2860,377,0.1318181818181818
2021-06-12,90,77,167,78,73,151,153,166,319,192,191,383,156,163,319,110,149,259,81,113,194,43,75,118,26,33,59,4,11,15,933,1051,1984,1984,222,0.11189516129032258
2021-06-13,88,93,181,78,82,160,128,116,244,148,151,299,153,151,304,119,135,254,76,95,171,37,50,87,19,33,52,4,12,16,850,918,1768,1768,178,0.10067873303167421
2021-06-14,146,116,262,119,128,247,191,241,432,259,279,538,239,251,490,177,229,406,119,177,296,92,103,195,29,48,77,16,19,35,1387,1591,2978,2978,275,0.09234385493619879
2021-06-15,133,137,270,133,119,252,225,233,458,255,276,531,222,252,474,180,200,380,137,142,279,74,89,163,33,42,75,3,17,20,1395,1507,2902,2902,252,0.08683666436940041
2021-06-16,133,136,269,122,117,239,224,227,451,254,280,534,236,258,494,153,190,343,113,137,250,67,84,151,31,41,72,1,13,14,1334,1483,2817,2817,230,0.08164714235001774
2021-06-17,138,126,264,132,143,275,241,250,491,263,309,572,239,264,503,141,193,334,125,152,277,92,106,198,23,47,70,2,11,13,1396,1601,2997,2997,266,0.08875542208875542
2021-06-18,111,96,207,112,118,230,225,184,409,258,278,536,215,275,490,128,194,322,93,144,237,54,86,140,27,29,56,5,14,19,1228,1418,2646,2646,315,0.11904761904761904
2021-06-19,87,96,183,79,66,145,134,145,279,152,198,350,153,175,328,93,111,204,93,92,185,60,66,126,24,53,77,3,18,21,878,1020,1898,1898,344,0.18124341412012646
2021-06-20,89,65,154,60,40,100,80,93,173,105,149,254,110,117,227,81,100,181,64,81,145,47,49,96,12,27,39,1,7,8,649,728,1377,1377,173,0.12563543936092955
2021-06-21,102,96,198,83,71,154,112,151,263,192,177,369,172,167,339,132,139,271,74,91,165,50,71,121,29,28,57,3,5,8,949,996,1945,1944,222,0.11419753086419752
2021-06-22,166,135,301,132,126,258,201,244,445,254,272,526,266,277,543,170,190,360,153,176,329,73,110,183,26,51,77,11,12,23,1452,1593,3045,3045,285,0.09359605911330049
2021-06-23,172,137,309,152,136,288,200,242,442,279,303,582,245,299,544,144,185,329,133,154,287,76,110,186,35,53,88,6,18,24,1442,1637,3079,3078,277,0.08999350227420402
2021-06-24,176,137,313,135,144,279,212,257,469,254,320,574,257,267,524,145,209,354,136,168,304,72,93,165,20,51,71,2,13,15,1409,1659,3068,3067,423,0.13791979132702967
2021-06-25,179,148,327,135,150,285,220,261,481,309,378,687,237,276,513,203,233,436,148,202,350,77,121,198,30,58,88,9,20,29,1547,1847,3394,3393,524,0.15443560271146478
2021-06-26,89,82,171,68,81,149,118,113,231,175,176,351,134,166,300,104,96,200,97,134,231,67,96,163,19,35,54,4,16,20,875,995,1870,1870,230,0.12299465240641712
2021-06-27,103,81,184,60,64,124,106,129,235,139,149,288,115,135,250,79,88,167,69,78,147,46,60,106,10,34,44,1,9,10,728,827,1555,1555,220,0.1414790996784566
2021-06-28,126,99,225,70,72,142,107,156,263,185,177,362,141,176,317,108,110,218,91,89,180,59,73,132,31,31,62,2,15,17,920,998,1918,1917,285,0.1486697965571205
2021-06-29,130,157,287,126,124,250,196,242,438,237,238,475,194,206,400,152,160,312,121,122,243,76,83,159,21,54,75,2,25,27,1255,1411,2666,2666,309,0.1159039759939985
2021-06-30,164,159,323,142,125,267,214,233,447,284,270,554,224,230,454,143,221,364,99,152,251,71,84,155,30,44,74,5,17,22,1376,1535,2911,2911,286,0.09824802473376847
2021-07-01,123,124,247,104,119,223,198,210,408,219,285,504,184,222,406,134,183,317,100,143,243,68,86,154,28,51,79,4,15,19,1162,1438,2600,2599,335,0.12889572912658714
2021-07-02,171,138,309,167,133,300,209,243,452,257,320,577,179,259,438,147,207,354,115,161,276,72,97,169,24,45,69,4,13,17,1345,1616,2961,2960,370,0.125
2021-07-03,99,108,207,91,98,189,129,154,283,177,217,394,145,184,329,106,125,231,94,106,200,50,71,121,16,35,51,7,15,22,914,1113,2027,2027,312,0.15392205229403058
2021-07-04,99,130,229,80,75,155,100,137,237,136,171,307,112,135,247,95,126,221,71,94,165,34,69,103,12,30,42,4,11,15,743,978,1721,1721,344,0.199883788495061
2021-07-05,193,174,367,147,141,288,240,241,481,295,316,611,216,265,481,165,211,376,127,143,270,89,98,187,33,51,84,6,17,23,1511,1657,3168,3167,340,0.10735712030312598
2021-07-06,208,203,411,207,149,356,251,268,519,295,344,639,254,291,545,146,203,349,117,163,280,80,107,187,25,52,77,3,29,32,1586,1809,3395,3395,353,0.10397643593519883
2021-07-07,184,182,366,170,155,325,254,254,508,277,319,596,262,259,521,192,179,371,108,134,242,69,72,141,23,57,80,9,11,20,1548,1622,3170,3169,311,0.09813821394761754
2021-07-08,175,187,362,178,164,342,278,289,567,318,361,679,253,324,577,192,240,432,121,190,311,77,119,196,41,41,82,3,17,20,1636,1932,3568,3567,658,0.18446874123913654
2021-07-09,127,132,259,128,116,244,173,186,359,205,246,451,197,220,417,134,143,277,102,100,202,46,66,112,26,42,68,8,12,20,1146,1263,2409,2409,350,0.14528850145288502
2021-07-10,115,130,245,121,104,225,144,163,307,188,226,414,153,198,351,129,155,284,88,117,205,54,76,130,19,42,61,5,11,16,1016,1222,2238,2238,314,0.14030384271671134
2021-07-11,147,130,277,95,78,173,131,132,263,166,210,376,150,206,356,117,128,245,86,97,183,51,64,115,13,23,36,7,12,19,963,1080,2043,2043,283,0.13852178169358786
2021-07-12,211,206,417,175,175,350,263,303,566,339,340,679,293,341,634,189,251,440,157,172,329,86,97,183,28,45,73,11,19,30,1752,1949,3701,3701,418,0.11294244798703053
2021-07-13,222,170,392,182,177,359,268,255,523,277,316,593,251,295,546,188,235,423,126,157,283,79,108,187,27,57,84,10,17,27,1630,1787,3417,3416,458,0.13407494145199064
2021-07-14,218,207,425,232,185,417,301,292,593,291,350,641,270,318,588,200,254,454,160,169,329,67,91,158,25,50,75,4,13,17,1768,1929,3697,3695,397,0.10744248985115021
2021-07-15,194,169,363,239,206,445,298,292,590,333,358,691,311,371,682,215,244,459,129,178,307,75,109,184,24,46,70,7,20,27,1825,1993,3818,3818,434,0.11367207962283918
2021-07-16,162,162,324,169,179,348,266,287,553,307,347,654,324,343,667,191,215,406,121,164,285,58,96,154,26,49,75,3,15,18,1627,1857,3484,3484,394,0.11308840413318025
2021-07-17,111,126,237,122,120,242,182,197,379,202,254,456,193,220,413,145,164,309,101,107,208,61,66,127,11,19,30,4,10,14,1132,1283,2415,2413,403,0.1670120182345628
2021-07-18,111,94,205,92,105,197,146,176,322,167,202,369,169,185,354,134,146,280,70,92,162,57,68,125,27,38,65,2,7,9,975,1113,2088,2087,231,0.11068519405845711
2021-07-19,175,153,328,130,128,258,270,283,553,247,287,534,252,299,551,189,254,443,153,181,334,85,122,207,35,50,85,5,6,11,1541,1763,3304,3304,393,0.11894673123486683
2021-07-20,165,159,324,122,137,259,224,260,484,251,279,530,224,250,474,167,188,355,135,157,292,70,100,170,25,46,71,4,20,24,1387,1596,2983,2983,376,0.12604760308414348
2021-07-21,187,169,356,193,163,356,271,278,549,292,346,638,262,340,602,227,276,503,158,216,374,83,139,222,32,65,97,4,16,20,1709,2008,3717,3716,386,0.1038751345532831
2021-07-22,174,148,322,195,172,367,246,306,552,335,374,709,330,379,709,219,265,484,133,171,304,86,103,189,32,52,84,4,10,14,1754,1980,3734,3734,407,0.10899839314408141
2021-07-23,149,115,264,133,138,271,217,220,437,269,320,589,234,289,523,181,199,380,110,141,251,54,100,154,18,39,57,5,16,21,1370,1577,2947,2945,406,0.13786078098471988
2021-07-24,124,129,253,127,155,282,202,207,409,263,305,568,265,272,537,156,199,355,103,154,257,69,76,145,24,32,56,3,8,11,1336,1537,2873,2872,320,0.11142061281337047
2021-07-25,109,111,220,140,150,290,147,176,323,232,288,520,332,325,657,178,183,361,112,107,219,71,78,149,13,29,42,6,10,16,1340,1457,2797,2796,237,0.08476394849785408
2021-07-26,141,179,320,209,251,460,242,339,581,357,413,770,376,439,815,261,302,563,162,216,378,90,154,244,37,72,109,8,19,27,1883,2384,4267,4267,397,0.09303960628075932
2021-07-27,113,121,234,117,155,272,190,215,405,233,264,497,232,234,466,154,173,327,108,131,239,65,101,166,30,39,69,4,13,17,1246,1446,2692,2690,321,0.11933085501858737
2021-07-28,117,120,237,137,160,297,240,252,492,271,288,559,243,259,502,180,219,399,150,160,310,76,97,173,23,38,61,6,5,11,1443,1598,3041,3041,336,0.11048997040447221
2021-07-29,135,111,246,161,149,310,205,244,449,287,346,633,234,302,536,170,201,371,128,154,282,65,92,157,22,29,51,3,17,20,1410,1645,3055,3053,324,0.10612512283000328
2021-07-30,151,132,283,186,188,374,293,335,628,339,434,773,310,408,718,251,305,556,180,222,402,76,128,204,34,58,92,8,14,22,1828,2224,4052,4051,512,0.1263885460380153
2021-07-31,152,154,306,161,208,369,180,236,416,314,389,703,363,414,777,229,240,469,127,183,310,82,104,186,23,24,47,2,14,16,1633,1966,3599,3599,320,0.08891358710752988
2021-08-01,151,172,323,157,201,358,139,170,309,254,320,574,336,379,715,170,201,371,110,127,237,54,95,149,20,47,67,7,11,18,1398,1723,3121,3120,296,0.09487179487179487
2021-08-02,221,186,407,213,233,446,253,315,568,357,402,759,376,449,825,235,317,552,210,252,462,102,137,239,45,65,110,5,19,24,2017,2375,4392,4391,486,0.11068093828285129
2021-08-03,238,209,447,208,242,450,242,308,550,318,405,723,321,405,726,241,309,550,174,265,439,125,151,276,29,62,91,4,19,23,1900,2375,4275,4274,474,0.1109031352363126
2021-08-04,219,190,409,186,177,363,240,273,513,310,325,635,248,303,551,178,244,422,157,191,348,68,125,193,22,48,70,2,18,20,1630,1894,3524,3523,422,0.11978427476582458
2021-08-05,236,251,487,194,223,417,324,362,686,352,412,764,348,419,767,266,322,588,175,214,389,93,134,227,35,63,98,9,14,23,2032,2414,4446,4442,479,0.10783430886987844
2021-08-06,269,214,483,290,236,526,352,402,754,382,467,849,348,441,789,239,344,583,212,297,509,108,180,288,34,44,78,3,15,18,2237,2640,4877,4876,516,0.10582444626743231
2021-08-07,161,182,343,154,187,341,199,225,424,256,288,544,222,264,486,164,212,376,128,169,297,72,130,202,23,46,69,6,4,10,1385,1707,3092,3090,412,0.13333333333333333
2021-08-08,232,223,455,178,179,357,147,206,353,222,256,478,240,300,540,156,209,365,139,165,304,73,70,143,17,43,60,6,13,19,1410,1664,3074,3074,414,0.1346779440468445
2021-08-09,372,331,703,236,261,497,291,416,707,425,431,856,344,456,800,286,350,636,199,250,449,120,121,241,40,60,100,12,18,30,2325,2694,5019,5019,517,0.10300856744371388
2021-08-10,415,371,786,320,315,635,327,430,757,396,502,898,354,468,822,300,350,650,200,262,462,129,156,285,38,61,99,2,19,21,2481,2934,5415,5410,689,0.12735674676524955
2021-08-11,343,349,692,329,328,657,360,445,805,436,515,951,403,501,904,277,357,634,196,248,444,111,129,240,44,68,112,9,23,32,2508,2963,5471,5470,550,0.10054844606946983
2021-08-12,368,349,717,314,328,642,330,412,742,391,469,860,380,470,850,249,347,596,178,210,388,110,116,226,43,49,92,8,21,29,2371,2771,5142,5141,593,0.11534720871425792
2021-08-13,443,387,830,417,429,846,382,503,885,503,603,1106,447,580,1027,294,446,740,206,281,487,130,176,306,52,63,115,5,16,21,2879,3484,6363,6362,657,0.10326941213454889
2021-08-14,276,268,544,255,235,490,214,281,495,325,369,694,293,400,693,187,278,465,140,175,315,97,104,201,26,45,71,3,12,15,1816,2167,3983,3983,611,0.1534019583228722
2021-08-15,232,212,444,191,171,362,181,177,358,240,312,552,227,277,504,184,217,401,119,168,287,86,94,180,22,46,68,3,12,15,1485,1686,3171,3171,425,0.13402712078208767
2021-08-16,307,287,594,237,239,476,184,247,431,265,350,615,265,364,629,200,225,425,108,159,267,91,110,201,27,39,66,6,13,19,1690,2033,3723,3723,463,0.12436207359656191
2021-08-17,491,385,876,381,369,750,343,453,796,502,577,1079,368,592,960,317,418,735,204,266,470,128,146,274,33,81,114,8,21,29,2775,3308,6083,6081,712,0.11708600559118566
2021-08-18,475,438,913,433,388,821,291,373,664,424,537,961,372,459,831,251,357,608,186,245,431,125,157,282,29,75,104,16,20,36,2602,3049,5651,5651,683,0.12086356397097858
2021-08-19,429,390,819,367,368,735,274,403,677,452,522,974,356,488,844,273,338,611,172,239,411,95,119,214,29,52,81,9,12,21,2456,2931,5387,5387,674,0.12511602004826433
2021-08-20,511,479,990,446,435,881,322,411,733,421,580,1001,402,540,942,267,386,653,209,284,493,118,156,274,32,66,98,9,22,31,2737,3359,6096,6093,680,0.11160347940259314
2021-08-21,270,303,573,236,234,470,208,298,506,325,411,736,282,352,634,211,260,471,146,201,347,79,113,192,30,45,75,3,16,19,1790,2233,4023,4022,591,0.1469418199900547
2021-08-22,399,350,749,238,238,476,171,224,395,300,408,708,287,379,666,219,277,496,144,184,328,94,104,198,27,41,68,4,15,19,1883,2220,4103,4103,642,0.1564708749695345
2021-08-23,687,687,1374,459,456,915,360,453,813,494,596,1090,427,587,1014,291,397,688,221,316,537,134,178,312,43,66,109,4,18,22,3120,3754,6874,6872,856,0.12456344586728754
2021-08-24,710,667,1377,459,428,887,330,440,770,412,609,1021,387,512,899,267,381,648,197,289,486,101,152,253,52,59,111,5,17,22,2920,3554,6474,6474,807,0.12465245597775718
2021-08-25,698,656,1354,426,422,848,286,400,686,397,592,989,389,536,925,262,344,606,212,283,495,129,152,281,46,40,86,8,28,36,2853,3453,6306,6305,774,0.12275971451229183
2021-08-26,689,653,1342,446,425,871,311,456,767,438,590,1028,400,534,934,240,383,623,197,250,447,114,176,290,39,68,107,6,16,22,2880,3551,6431,6431,689,0.10713730368527445
2021-08-27,767,658,1425,445,503,948,298,413,711,439,625,1064,373,578,951,289,393,682,210,274,484,113,155,268,30,69,99,5,13,18,2969,3681,6650,6650,679,0.10210526315789474
2021-08-28,414,352,766,241,219,460,200,270,470,307,387,694,255,384,639,176,221,397,141,183,324,65,98,163,36,40,76,3,7,10,1838,2161,3999,4000,532,0.133
2021-08-29,463,430,893,192,221,413,142,211,353,274,349,623,255,330,585,172,239,411,131,152,283,76,93,169,39,45,84,2,7,9,1746,2077,3823,3822,623,0.163003663003663
2021-08-30,801,721,1522,434,387,821,275,377,652,415,537,952,405,481,886,233,324,557,189,271,460,105,151,256,50,69,119,4,19,23,2911,3337,6248,6248,739,0.11827784891165173
2021-08-31,880,789,1669,549,473,1022,302,423,725,421,548,969,385,547,932,283,354,637,222,305,527,115,179,294,38,62,100,10,16,26,3205,3696,6901,6900,607,0.08797101449275363
2021-09-01,811,730,1541,498,453,951,293,343,636,410,569,979,352,444,796,231,318,549,197,215,412,96,161,257,38,74,112,4,17,21,2930,3324,6254,6254,556,0.08890310201471059
2021-09-02,643,606,1249,364,362,726,240,314,554,380,439,819,282,444,726,206,286,492,166,205,371,102,110,212,28,46,74,6,16,22,2417,2828,5245,5245,488,0.09304099142040038
2021-09-03,513,490,1003,379,374,753,268,312,580,373,449,822,354,450,804,210,319,529,185,257,442,112,151,263,31,49,80,1,12,13,2426,2863,5289,5289,539,0.10190962374740027
2021-09-04,321,299,620,167,160,327,131,188,319,228,297,525,231,266,497,153,188,341,111,141,252,68,101,169,25,47,72,3,12,15,1438,1699,3137,3137,465,0.14823079375199236
2021-09-05,346,332,678,174,183,357,156,166,322,267,336,603,221,283,504,145,195,340,130,164,294,93,103,196,23,33,56,7,12,19,1562,1807,3369,3368,404,0.11995249406175772
2021-09-06,700,678,1378,366,353,719,271,354,625,385,492,877,362,461,823,251,335,586,206,249,455,139,147,286,38,70,108,7,25,32,2725,3164,5889,5888,634,0.10767663043478261
2021-09-07,598,641,1239,328,387,715,248,299,547,324,429,753,282,394,676,210,278,488,155,209,364,84,138,222,31,59,90,5,28,33,2265,2862,5127,5126,552,0.10768630511119781
2021-09-08,457,495,952,342,295,637,213,233,446,308,350,658,260,358,618,212,247,459,135,161,296,79,101,180,31,41,72,8,14,22,2045,2295,4340,4339,569,0.13113620649919336
2021-09-09,504,471,975,301,262,563,183,281,464,303,345,648,247,321,568,169,256,425,149,157,306,89,110,199,37,56,93,5,16,21,1987,2275,4262,4259,522,0.12256398215543556
2021-09-10,511,432,943,353,360,713,324,459,783,472,606,1078,455,639,1094,385,488,873,255,383,638,118,181,299,56,55,111,8,16,24,2937,3619,6556,6556,554,0.08450274557657109
2021-09-11,269,281,550,199,224,423,261,344,605,339,449,788,349,404,753,263,332,595,205,280,485,88,155,243,29,32,61,4,6,10,2006,2507,4513,4512,764,0.16932624113475178
2021-09-12,265,251,516,130,141,271,115,142,257,190,234,424,203,213,416,139,163,302,110,149,259,55,77,132,14,29,43,6,9,15,1227,1408,2635,2635,384,0.14573055028462997
2021-09-13,539,542,1081,307,346,653,246,317,563,351,463,814,348,422,770,228,330,558,207,227,434,123,166,289,34,71,105,8,17,25,2391,2901,5292,5292,537,0.10147392290249434
2021-09-14,546,494,1040,303,283,586,205,258,463,283,397,680,245,339,584,177,272,449,154,225,379,100,141,241,24,47,71,6,14,20,2043,2470,4513,4511,660,0.14630902238971402
2021-09-15,423,389,812,274,234,508,150,234,384,228,354,582,217,311,528,150,202,352,115,170,285,75,98,173,33,51,84,6,23,29,1671,2066,3737,3735,533,0.1427041499330656
2021-09-16,413,368,781,261,268,529,174,237,411,240,371,611,236,344,580,174,214,388,120,195,315,86,126,212,32,52,84,11,15,26,1747,2190,3937,3936,389,0.09883130081300813
2021-09-17,524,473,997,331,335,666,184,273,457,267,374,641,275,331,606,168,246,414,131,177,308,106,139,245,28,61,89,4,10,14,2018,2419,4437,4436,487,0.10978358881875563
2021-09-18,274,249,523,141,148,289,136,180,316,193,237,430,178,239,417,138,166,304,128,177,305,65,101,166,31,36,67,4,12,16,1288,1545,2833,2833,493,0.17402047299682316
2021-09-19,307,280,587,128,129,257,119,146,265,187,243,430,191,192,383,119,162,281,95,109,204,56,82,138,17,40,57,6,8,14,1225,1391,2616,2615,377,0.14416826003824093
2021-09-20,571,578,1149,422,430,852,185,270,455,316,376,692,280,330,610,201,265,466,178,215,393,99,125,224,28,54,82,9,10,19,2289,2653,4942,4941,506,0.10240841934831006
2021-09-21,459,450,909,181,197,378,162,246,408,263,296,559,232,276,508,150,210,360,144,192,336,105,122,227,34,53,87,3,10,13,1733,2052,3785,3784,440,0.11627906976744186
2021-09-22,530,443,973,374,345,719,160,245,405,251,378,629,220,296,516,144,240,384,131,192,323,97,106,203,19,52,71,6,20,26,1932,2317,4249,4246,485,0.11422515308525671
2021-09-23,438,412,850,364,374,738,165,236,401,262,372,634,227,309,536,148,225,373,166,219,385,95,122,217,26,39,65,7,14,21,1898,2322,4220,4219,428,0.10144584024650391
2021-09-24,389,404,793,256,210,466,157,194,351,208,252,460,193,278,471,142,200,342,130,176,306,73,125,198,27,52,79,4,6,10,1579,1897,3476,3476,430,0.1237054085155351
2021-09-25,231,193,424,112,109,221,103,146,249,156,197,353,140,179,319,106,129,235,93,115,208,66,80,146,24,36,60,2,15,17,1033,1199,2232,2231,531,0.23800986104885702
2021-09-26,265,226,491,116,130,246,90,125,215,160,203,363,176,191,367,104,148,252,107,114,221,55,69,124,18,30,48,2,9,11,1093,1245,2338,2338,281,0.12018819503849444
2021-09-27,490,432,922,354,283,637,177,239,416,269,324,593,271,266,537,169,229,398,148,207,355,112,131,243,26,57,83,9,18,27,2025,2186,4211,4211,474,0.11256233673711707
2021-09-28,489,402,891,430,457,887,146,232,378,245,298,543,218,282,500,154,204,358,130,162,292,84,85,169,20,51,71,5,11,16,1921,2184,4105,4104,428,0.10428849902534112
2021-09-29,421,355,776,314,315,629,164,230,394,238,321,559,222,265,487,154,198,352,129,182,311,93,142,235,40,45,85,9,9,18,1784,2062,3846,3843,371,0.0965391621129326
2021-09-30,339,323,662,393,414,807,145,200,345,216,259,475,169,227,396,147,175,322,115,167,282,66,106,172,25,60,85,6,13,19,1621,1944,3565,3563,253,0.07100757788380578
2021-10-01,426,316,742,422,424,846,181,213,394,227,332,559,241,270,511,167,184,351,128,183,311,92,123,215,31,61,92,4,20,24,1919,2126,4045,4045,489,0.12088998763906057
2021-10-02,218,222,440,129,123,252,129,157,286,145,222,367,137,157,294,111,140,251,95,138,233,77,78,155,16,39,55,2,9,11,1059,1285,2344,2345,314,0.13390191897654585
2021-10-03,201,178,379,120,105,225,118,150,268,147,159,306,135,157,292,92,125,217,69,117,186,45,71,116,19,34,53,1,4,5,947,1100,2047,2047,275,0.134342940889106
2021-10-04,432,418,850,444,377,821,194,249,443,215,356,571,228,286,514,174,240,414,148,214,362,100,141,241,30,42,72,6,14,20,1971,2337,4308,4308,446,0.10352831940575673
2021-10-05,430,378,808,381,469,850,163,235,398,273,336,609,226,276,502,163,231,394,121,183,304,78,122,200,32,50,82,11,13,24,1878,2293,4171,4170,375,0.08992805755395683
2021-10-06,347,300,647,332,359,691,195,229,424,269,348,617,230,286,516,153,239,392,140,166,306,74,122,196,35,39,74,6,9,15,1781,2097,3878,3878,370,0.09541000515729757
2021-10-07,288,294,582,186,214,400,183,237,420,258,331,589,239,307,546,170,225,395,126,191,317,107,103,210,28,47,75,3,15,18,1588,1964,3552,3552,519,0.14611486486486486
2021-10-08,149,141,290,130,153,283,157,167,324,192,224,416,196,202,398,128,181,309,139,168,307,68,77,145,21,33,54,7,15,22,1187,1361,2548,2548,323,0.12676609105180534
2021-10-09,129,129,258,161,158,319,129,155,284,169,210,379,167,198,365,130,160,290,120,146,266,74,101,175,19,41,60,5,9,14,1103,1307,2410,2409,350,0.14528850145288502
2021-10-10,174,174,348,102,107,209,110,147,257,169,190,359,168,186,354,114,152,266,111,131,242,58,83,141,20,36,56,4,6,10,1030,1212,2242,2241,320,0.142793395805444
2021-10-11,193,175,368,147,157,304,164,174,338,225,222,447,203,239,442,151,191,342,135,164,299,88,100,188,21,33,54,6,11,17,1333,1466,2799,2795,420,0.15026833631484796
2021-10-12,357,330,687,375,389,764,220,302,522,314,359,673,275,349,624,196,257,453,172,244,416,108,139,247,36,57,93,8,20,28,2061,2446,4507,4507,440,0.0976259152429554
2021-10-13,364,335,699,380,392,772,250,306,556,340,358,698,293,336,629,202,231,433,153,209,362,106,145,251,28,45,73,5,8,13,2121,2365,4486,4485,452,0.1007803790412486
2021-10-14,341,333,674,419,407,826,230,291,521,282,352,634,284,348,632,212,278,490,177,231,408,110,131,241,32,62,94,8,18,26,2095,2451,4546,4546,351,0.07721073471183458
2021-10-15,286,252,538,291,307,598,185,282,467,282,329,611,236,290,526,193,209,402,147,216,363,91,142,233,23,44,67,2,9,11,1736,2080,3816,3815,408,0.10694626474442988
2021-10-16,168,159,327,179,217,396,150,161,311,230,240,470,197,240,437,153,195,348,133,187,320,103,131,234,35,45,80,3,12,15,1351,1587,2938,2937,397,0.1351719441607082
2021-10-17,156,126,282,176,157,333,101,140,241,173,198,371,166,201,367,128,143,271,93,118,211,73,88,161,20,29,49,1,4,5,1087,1204,2291,2290,240,0.10480349344978165
2021-10-18,384,374,758,282,298,580,224,289,513,297,324,621,256,317,573,202,270,472,189,259,448,116,155,271,45,65,110,5,10,15,2000,2361,4361,4357,461,0.10580674776222171
2021-10-19,422,403,825,283,315,598,193,237,430,249,312,561,189,308,497,162,201,363,152,175,327,104,127,231,32,59,91,6,19,25,1792,2156,3948,3946,440,0.11150532184490623
2021-10-20,426,392,818,307,337,644,237,309,546,271,375,646,248,331,579,186,241,427,137,211,348,103,149,252,30,47,77,5,10,15,1950,2402,4352,4351,523,0.12020225235578028
2021-10-21,455,428,883,299,348,647,209,280,489,280,426,706,242,351,593,170,297,467,144,222,366,104,145,249,28,64,92,3,21,24,1934,2582,4516,4515,494,0.10941306755260244
2021-10-22,423,433,856,379,433,812,196,308,504,293,408,701,277,409,686,200,288,488,165,251,416,110,138,248,38,64,102,9,14,23,2090,2746,4836,4835,485,0.10031023784901758
2021-10-23,258,238,496,226,203,429,120,176,296,201,237,438,195,253,448,146,195,341,122,158,280,72,89,161,18,39,57,6,13,19,1364,1601,2965,2965,389,0.13119730185497472
2021-10-24,290,255,545,172,155,327,96,170,266,195,258,453,177,232,409,148,191,339,104,133,237,58,88,146,25,22,47,2,7,9,1267,1511,2778,2778,321,0.11555075593952484
2021-10-25,539,552,1091,341,335,676,257,346,603,361,424,785,323,392,715,214,326,540,210,303,513,113,166,279,32,49,81,3,10,13,2393,2903,5296,5296,593,0.1119712990936556
2021-10-26,512,481,993,408,360,768,255,324,579,299,392,691,263,370,633,212,293,505,206,262,468,104,142,246,28,63,91,3,10,13,2290,2697,4987,4987,407,0.08161219169841588
2021-10-27,461,436,897,373,317,690,230,267,497,268,377,645,264,332,596,189,276,465,160,228,388,117,118,235,34,55,89,3,13,16,2099,2419,4518,4514,399,0.08839167035888347
2021-10-28,457,444,901,370,365,735,204,292,496,305,352,657,240,325,565,178,233,411,175,200,375,91,126,217,39,53,92,7,15,22,2066,2405,4471,4470,341,0.07628635346756152
2021-10-29,406,400,806,369,371,740,191,291,482,310,375,685,310,372,682,197,290,487,172,236,408,118,164,282,31,65,96,3,13,16,2107,2577,4684,4684,502,0.1071733561058924
2021-10-30,226,203,429,221,229,450,135,149,284,207,268,475,218,261,479,163,182,345,131,161,292,87,101,188,30,43,73,4,7,11,1422,1604,3026,3026,472,0.15598149372108394
2021-10-31,202,212,414,197,214,411,118,143,261,161,214,375,176,228,404,146,175,321,106,132,238,56,94,150,22,29,51,4,13,17,1188,1454,2642,2641,318,0.12040893600908746
2021-11-01,394,408,802,314,327,641,174,297,471,301,400,701,349,411,760,252,328,580,208,279,487,141,173,314,28,57,85,8,14,22,2169,2694,4863,4863,480,0.09870450339296731
2021-11-02,406,384,790,317,306,623,184,264,448,265,332,597,226,357,583,167,254,421,176,222,398,103,130,233,39,56,95,4,13,17,1887,2318,4205,4203,447,0.10635260528194147
2021-11-03,425,334,759,348,394,742,198,273,471,295,359,654,294,379,673,228,285,513,174,206,380,105,145,250,33,42,75,1,10,11,2101,2427,4528,4528,431,0.09518551236749116
2021-11-04,359,322,681,319,320,639,185,260,445,279,362,641,264,349,613,221,286,507,176,219,395,98,133,231,34,50,84,6,12,18,1941,2313,4254,4254,481,0.11307005171603197
2021-11-05,324,314,638,292,323,615,211,266,477,269,362,631,255,356,611,220,261,481,179,225,404,96,124,220,35,48,83,5,15,20,1886,2294,4180,4180,504,0.12057416267942583
2021-11-06,205,173,378,211,206,417,132,175,307,211,219,430,176,216,392,137,191,328,116,127,243,71,88,159,24,37,61,2,10,12,1285,1442,2727,2727,319,0.11697836450311698
2021-11-07,199,218,417,197,204,401,105,167,272,151,200,351,170,216,386,141,178,319,104,145,249,56,77,133,28,15,43,5,5,10,1156,1425,2581,2581,308,0.11933359163115072
2021-11-08,486,425,911,306,306,612,236,306,542,334,384,718,291,437,728,217,312,529,186,228,414,114,153,267,45,62,107,4,13,17,2219,2626,4845,4845,520,0.10732714138286893
2021-11-09,423,375,798,301,297,598,182,285,467,289,332,621,289,345,634,189,255,444,145,166,311,88,105,193,28,57,85,6,8,14,1940,2225,4165,4163,385,0.09248138361758347
2021-11-10,423,339,762,306,333,639,249,323,572,286,388,674,295,370,665,233,271,504,136,200,336,76,122,198,23,51,74,5,12,17,2032,2409,4441,4441,340,0.07655933348344968
2021-11-11,414,383,797,309,332,641,222,280,502,322,435,757,264,366,630,190,283,473,141,184,325,89,113,202,30,56,86,2,11,13,1983,2443,4426,4425,327,0.07389830508474576
2021-11-12,351,343,694,371,387,758,232,286,518,320,480,800,310,438,748,252,343,595,215,324,539,110,163,273,42,48,90,2,14,16,2205,2826,5031,5031,486,0.09660107334525939
2021-11-13,219,214,433,316,288,604,156,220,376,249,273,522,216,261,477,150,229,379,131,168,299,103,149,252,25,41,66,2,14,16,1567,1857,3424,3424,460,0.13434579439252337
2021-11-14,194,185,379,136,115,251,89,128,217,154,192,346,146,162,308,87,127,214,72,126,198,58,77,135,10,20,30,5,11,16,951,1143,2094,2094,325,0.15520534861509075
2021-11-15,415,395,810,314,299,613,189,286,475,313,379,692,264,402,666,197,308,505,195,258,453,124,179,303,40,61,101,5,13,18,2056,2580,4636,4634,437,0.0943029779887786
2021-11-16,381,380,761,304,257,561,195,290,485,261,408,669,291,356,647,220,276,496,177,235,412,98,137,235,30,36,66,4,10,14,1961,2385,4346,4346,464,0.10676484123331799
2021-11-17,406,374,780,287,243,530,215,290,505,293,459,752,297,443,740,245,318,563,176,253,429,130,158,288,33,47,80,7,10,17,2089,2595,4684,4684,406,0.08667805294619983
2021-11-18,405,338,743,370,325,695,234,309,543,320,438,758,294,407,701,202,333,535,195,226,421,92,110,202,33,52,85,11,13,24,2156,2551,4707,4707,457,0.09708944125770129
2021-11-19,304,301,605,368,392,760,207,269,476,273,426,699,313,388,701,224,318,542,181,185,366,89,152,241,29,41,70,3,10,13,1991,2482,4473,4472,375,0.0838550983899821
2021-11-20,209,189,398,246,295,541,128,188,316,192,237,429,170,246,416,139,175,314,138,138,276,83,91,174,22,33,55,3,8,11,1330,1600,2930,2930,423,0.14436860068259386
2021-11-21,157,149,306,209,215,424,89,100,189,151,168,319,155,179,334,110,129,239,93,152,245,46,93,139,21,27,48,3,4,7,1034,1216,2250,2250,348,0.15466666666666667
2021-11-22,204,225,429,237,232,469,115,153,268,202,237,439,180,266,446,151,195,346,110,161,271,92,91,183,31,42,73,2,10,12,1324,1612,2936,2936,411,0.13998637602179836
2021-11-23,343,330,673,249,267,516,179,241,420,261,327,588,212,318,530,156,258,414,142,198,340,83,127,210,39,39,78,2,12,14,1666,2117,3783,3780,590,0.15608465608465608
2021-11-24,318,311,629,221,236,457,169,247,416,261,319,580,220,328,548,144,273,417,122,180,302,94,98,192,27,52,79,3,8,11,1579,2052,3631,3629,517,0.1424634885643428
2021-11-25,317,322,639,276,267,543,219,263,482,326,390,716,280,316,596,219,247,466,159,196,355,95,113,208,34,41,75,1,8,9,1926,2163,4089,4089,370,0.0904866715578381
2021-11-26,287,293,580,420,436,856,248,249,497,295,396,691,289,389,678,220,267,487,171,210,381,95,137,232,26,44,70,1,14,15,2052,2435,4487,4486,473,0.10543914400356665
2021-11-27,186,192,378,275,279,554,201,215,416,280,308,588,270,287,557,197,227,424,176,196,372,116,133,249,42,47,89,4,15,19,1747,1899,3646,3646,390,0.10696653867251783
2021-11-28,184,155,339,165,195,360,115,137,252,176,192,368,181,234,415,124,154,278,97,119,216,48,63,111,14,33,47,4,8,12,1108,1290,2398,2398,262,0.10925771476230192
2021-11-29,284,294,578,399,382,781,232,311,543,340,401,741,309,391,700,205,303,508,190,248,438,143,169,312,39,68,107,3,19,22,2144,2586,4730,4730,472,0.09978858350951374
2021-11-30,302,280,582,330,326,656,232,340,572,363,420,783,302,402,704,226,303,529,173,238,411,101,143,244,35,59,94,3,19,22,2067,2530,4597,4597,578,0.1257341744616054
2021-12-01,366,281,647,308,310,618,188,325,513,320,410,730,323,400,723,210,282,492,190,265,455,121,152,273,34,54,88,4,16,20,2064,2495,4559,4558,480,0.10530934620447564
2021-12-02,321,287,608,374,450,824,248,384,632,397,515,912,357,451,808,243,362,605,192,260,452,102,152,254,37,53,90,2,12,14,2273,2926,5199,5199,538,0.10348143873821888
2021-12-03,219,232,451,232,287,519,171,224,395,249,294,543,246,253,499,149,203,352,146,159,305,86,99,185,23,42,65,3,14,17,1524,1807,3331,3327,589,0.17703636910129245
2021-12-04,224,178,402,352,419,771,179,242,421,266,326,592,238,336,574,159,223,382,156,176,332,79,111,190,31,49,80,1,10,11,1685,2070,3755,3755,471,0.12543275632490014
2021-12-05,243,227,470,397,388,785,178,254,432,228,302,530,223,285,508,162,236,398,126,179,305,89,115,204,21,38,59,1,10,11,1668,2034,3702,3702,292,0.0788762830902215
2021-12-06,387,411,798,379,431,810,319,417,736,402,488,890,371,510,881,282,365,647,232,329,561,145,174,319,43,79,122,8,12,20,2568,3216,5784,5784,526,0.09094052558782849
2021-12-07,382,389,771,379,429,808,295,420,715,379,576,955,351,494,845,260,367,627,172,256,428,122,183,305,37,71,108,8,18,26,2385,3203,5588,5587,411,0.07356362985502059
2021-12-08,254,267,521,233,213,446,210,331,541,273,350,623,235,320,555,191,242,433,135,201,336,85,117,202,34,44,78,1,7,8,1651,2092,3743,3742,401,0.10716194548369856
2021-12-09,347,340,687,425,454,879,340,537,877,427,589,1016,403,548,951,295,413,708,237,284,521,138,188,326,44,63,107,4,13,17,2660,3429,6089,6086,589,0.09677949392047322
2021-12-10,336,389,725,715,735,1450,385,559,944,518,646,1164,448,597,1045,299,399,698,201,303,504,134,220,354,42,73,115,5,15,20,3083,3936,7019,7011,639,0.09114249037227215
2021-12-11,219,203,422,403,481,884,257,335,592,303,395,698,307,368,675,207,257,464,143,205,348,87,116,203,21,48,69,3,9,12,1950,2417,4367,4363,439,0.1006188402475361
2021-12-12,234,239,473,308,343,651,193,315,508,290,396,686,263,347,610,196,267,463,147,215,362,78,118,196,34,43,77,3,14,17,1746,2297,4043,4043,406,0.1004204798417017
2021-12-13,370,393,763,457,487,944,408,632,1040,459,608,1067,422,499,921,293,463,756,240,334,574,168,184,352,50,97,147,7,23,30,2874,3720,6594,6594,680,0.10312405216863815
2021-12-14,375,398,773,439,466,905,504,702,1206,572,772,1344,439,558,997,287,426,713,265,330,595,152,196,348,49,59,108,7,11,18,3089,3918,7007,7007,639,0.09119451976594833
2021-12-15,388,401,789,387,527,914,451,626,1077,558,647,1205,437,581,1018,312,420,732,212,280,492,133,149,282,49,78,127,8,16,24,2935,3725,6660,6659,676,0.10151674425589428
2021-12-16,463,460,923,580,653,1233,580,856,1436,683,875,1558,581,723,1304,378,500,878,271,336,607,121,174,295,45,76,121,4,11,15,3706,4664,8370,8367,708,0.08461814270347795
2021-12-17,430,442,872,626,745,1371,577,832,1409,662,833,1495,515,702,1217,388,518,906,251,363,614,161,197,358,37,59,96,3,15,18,3650,4706,8356,8353,999,0.11959774931162456
2021-12-18,269,271,540,393,465,858,362,524,886,482,599,1081,353,488,841,286,362,648,197,238,435,98,163,261,28,50,78,3,8,11,2471,3168,5639,5639,713,0.12644085830821067
2021-12-19,262,276,538,308,367,675,286,435,721,410,532,942,350,412,762,272,342,614,201,214,415,108,127,235,28,35,63,3,6,9,2228,2746,4974,4974,658,0.13228789706473662
2021-12-20,459,504,963,559,594,1153,574,825,1399,713,888,1601,589,779,1368,413,587,1000,286,409,695,187,236,423,49,96,145,7,14,21,3836,4932,8768,8765,966,0.11021106674272675
2021-12-21,410,432,842,557,587,1144,754,965,1719,838,1048,1886,634,816,1450,429,565,994,272,363,635,143,182,325,45,83,128,3,14,17,4085,5055,9140,9135,968,0.10596606458675424
2021-12-22,568,453,1021,622,789,1411,980,1385,2365,1113,1479,2592,865,1173,2038,542,828,1370,382,489,871,209,282,491,39,96,135,7,24,31,5327,6998,12325,12311,1194,0.0969864348956218
2021-12-23,510,549,1059,782,869,1651,1106,1396,2502,1178,1514,2692,859,1192,2051,556,837,1393,408,543,951,188,296,484,51,111,162,2,20,22,5640,7327,12967,12954,1734,0.13385826771653545
2021-12-24,301,287,588,407,454,861,517,737,1254,581,701,1282,464,587,1051,322,428,750,228,249,477,109,147,256,36,53,89,4,5,9,2969,3648,6617,6609,1391,0.21047057043425632
2021-12-25,155,143,298,180,208,388,160,219,379,224,268,492,197,257,454,166,196,362,107,138,245,58,98,156,18,33,51,2,8,10,1267,1568,2835,2818,963,0.3417317246273953
2021-12-26,345,342,687,530,628,1158,623,698,1321,689,840,1529,637,841,1478,491,661,1152,321,411,732,188,197,385,36,72,108,8,8,16,3868,4698,8566,8555,1290,0.15078901227352426
2021-12-27,491,469,960,795,887,1682,906,1091,1997,1065,1326,2391,905,1228,2133,691,977,1668,477,557,1034,240,322,562,69,107,176,3,33,36,5642,6997,12639,12617,1488,0.11793611793611794
2021-12-28,479,434,913,894,1012,1906,1074,1378,2452,1093,1395,2488,997,1349,2346,740,1012,1752,489,608,1097,207,282,489,63,124,187,2,19,21,6038,7613,13651,13639,1274,0.09340860766918396
2021-12-29,520,453,973,1010,1045,2055,1265,1668,2933,1240,1599,2839,1049,1463,2512,751,1127,1878,506,645,1151,220,339,559,57,121,178,9,21,30,6627,8481,15108,15084,1414,0.09374171307345532
2021-12-30,695,625,1320,1192,1357,2549,1531,1777,3308,1384,1783,3167,1155,1686,2841,886,1297,2183,594,826,1420,283,436,719,73,127,200,9,30,39,7802,9944,17746,17720,1353,0.07635440180586907
2021-12-31,242,244,486,505,546,1051,606,773,1379,637,725,1362,527,711,1238,402,572,974,272,364,636,133,184,317,39,58,97,5,6,11,3368,4183,7551,7501,761,0.10145313958138914
2022-01-01,107,109,216,145,177,322,165,218,383,201,256,457,190,271,461,173,224,397,108,142,250,51,85,136,16,24,40,1,9,10,1157,1515,2672,2630,389,0.14790874524714828
2022-01-02,121,97,218,80,89,169,81,96,177,99,141,240,116,132,248,99,99,198,65,69,134,31,45,76,9,22,31,2,5,7,703,795,1498,1451,725,0.4996554100620262
2022-01-03,173,166,339,111,118,229,152,208,360,196,233,429,136,228,364,132,139,271,121,124,245,56,76,132,15,36,51,3,8,11,1095,1336,2431,2419,1021,0.42207523770152955
2022-01-04,132,104,236,86,79,165,143,197,340,166,203,369,142,184,326,88,114,202,60,86,146,37,57,94,17,38,55,4,5,9,875,1067,1942,1928,1035,0.5368257261410788
2022-01-05,115,90,205,94,103,197,132,212,344,180,221,401,146,170,316,92,143,235,84,100,184,51,59,110,14,25,39,3,10,13,911,1133,2044,2033,997,0.49040826364977863
2022-01-06,112,69,181,83,87,170,120,168,288,143,177,320,126,170,296,77,126,203,73,103,176,41,44,85,19,32,51,4,12,16,798,988,1786,1768,919,0.5197963800904978
2022-01-07,69,64,133,54,56,110,119,130,249,140,194,334,115,122,237,73,100,173,67,88,155,35,33,68,15,19,34,0,7,7,687,813,1500,1482,1153,0.7780026990553306
2022-01-08,54,44,98,48,69,117,47,92,139,77,122,199,77,100,177,53,83,136,43,75,118,24,42,66,8,16,24,3,3,6,434,646,1080,1074,631,0.5875232774674115
2022-01-09,47,60,107,30,48,78,38,53,91,48,75,123,54,68,122,33,55,88,32,43,75,11,21,32,9,11,20,1,0,1,303,434,737,721,447,0.6199722607489597
2022-01-10,72,67,139,49,50,99,74,92,166,82,119,201,69,105,174,55,77,132,46,60,106,29,35,64,6,25,31,2,8,10,484,638,1122,1097,544,0.495897903372835
2022-01-11,41,54,95,35,48,83,59,99,158,94,121,215,70,78,148,50,76,126,39,44,83,16,34,50,10,14,24,0,7,7,414,575,989,970,354,0.3649484536082474
2022-01-12,62,54,116,31,31,62,43,63,106,62,99,161,58,85,143,41,59,100,31,48,79,21,24,45,11,13,24,1,4,5,361,480,841,833,258,0.3097238895558223
2022-01-13,35,37,72,41,24,65,48,88,136,90,103,193,61,77,138,39,66,105,36,42,78,11,29,40,12,16,28,1,2,3,374,484,858,856,191,0.22313084112149534
2022-01-14,37,36,73,39,52,91,36,64,100,69,112,181,55,90,145,44,60,104,21,52,73,13,17,30,7,7,14,1,3,4,322,493,815,810,60,0.07407407407407407
2022-01-15,27,29,56,38,66,104,78,89,167,99,123,222,93,108,201,50,90,140,39,40,79,14,13,27,0,2,2,0,0,0,438,560,998,996,0,0.0
2022-01-16,0,0,0,0,0,0,0,0,0,0,0,0,0,0,0,0,0,0,0,0,0,0,0,0,0,0,0,0,0,0,0,0,0,0,0,
