FECHA,<=10M,<=10F,<=10,11-20M,11-20F,11-20,21-30M,21-30F,21-30,31-40M,31-40F,31-40,41-50M,41-50F,41-50,51-60M,51-60F,51-60,61-70M,61-70F,61-70,71-80M,71-80F,71-80,81-90M,81-90F,81-90,>=91M,>=91F,>=91,TotalM,TotalF,Total
2020-03-15,0,0,0,0,1,1,1,0,1,1,0,1,0,0,0,0,0,0,0,1,1,0,0,0,0,0,0,0,0,0,2,2,4
2020-03-16,0,0,0,0,1,1,4,2,6,4,0,4,1,0,1,0,1,1,1,1,2,0,0,0,0,0,0,0,0,0,10,5,15
2020-03-17,0,0,0,1,1,2,5,3,8,6,1,7,1,0,1,2,3,5,1,3,4,2,0,2,0,0,0,0,0,0,18,11,29
2020-03-18,0,0,0,1,1,2,7,5,12,8,3,11,2,2,4,3,3,6,1,4,5,2,0,2,0,0,0,0,0,0,24,18,42
2020-03-19,0,0,0,2,1,3,9,5,14,12,3,15,4,2,6,4,4,8,1,5,6,4,1,5,0,0,0,0,0,0,36,21,57
2020-03-20,0,0,0,2,1,3,14,5,19,14,3,17,6,2,8,6,4,10,2,6,8,4,3,7,0,1,1,0,0,0,48,25,73
2020-03-21,2,0,2,3,3,6,17,5,22,14,7,21,8,3,11,9,7,16,5,7,12,6,3,9,0,1,1,0,0,0,64,36,100
2020-03-22,2,0,2,3,3,6,19,7,26,19,7,26,12,3,15,11,11,22,7,7,14,9,4,13,0,1,1,0,0,0,82,43,125
2020-03-23,2,0,2,4,3,7,21,9,30,24,9,33,14,4,18,15,13,28,8,9,17,12,6,18,1,1,2,0,0,0,101,54,155
2020-03-24,2,0,2,4,3,7,24,14,38,33,10,43,16,5,21,17,14,31,9,9,18,13,7,20,2,1,3,0,0,0,120,63,183
2020-03-25,4,0,4,5,4,9,28,18,46,35,12,47,20,5,25,19,14,33,11,9,20,14,7,21,3,3,6,0,1,1,139,73,212
2020-03-26,4,0,4,5,5,10,29,19,48,37,13,50,22,5,27,21,18,39,13,12,25,16,8,24,4,3,7,0,1,1,151,84,235
2020-03-27,4,0,4,5,5,10,30,21,51,41,13,54,23,8,31,22,19,41,15,14,29,16,10,26,4,3,7,0,1,1,160,94,254
2020-03-28,4,0,4,5,5,10,31,22,53,42,16,58,25,9,34,23,20,43,16,15,31,17,12,29,6,3,9,0,1,1,169,103,272
2020-03-29,4,0,4,5,5,10,34,25,59,48,19,67,25,9,34,24,24,48,18,19,37,20,14,34,6,3,9,1,1,2,185,119,304
2020-03-30,4,0,4,5,6,11,39,28,67,49,21,70,28,11,39,27,24,51,21,22,43,24,15,39,6,3,9,1,2,3,204,132,336
2020-03-31,5,0,5,5,7,12,41,30,71,51,22,73,31,12,43,32,24,56,23,23,46,27,19,46,6,4,10,1,4,5,222,145,367
2020-04-01,5,0,5,6,8,14,43,34,77,54,27,81,34,14,48,34,28,62,27,25,52,27,20,47,6,5,11,1,4,5,237,165,402
2020-04-02,5,0,5,6,8,14,44,34,78,57,32,89,36,15,51,36,31,67,29,25,54,35,22,57,6,9,15,2,7,9,256,183,439
2020-04-03,5,0,5,6,8,14,47,36,83,58,33,91,38,16,54,37,35,72,30,28,58,37,22,59,6,10,16,2,8,10,266,196,462
2020-04-04,5,2,7,6,8,14,49,38,87,59,33,92,38,17,55,39,36,75,31,30,61,37,22,59,6,11,17,3,8,11,273,205,478
2020-04-05,6,2,8,6,8,14,49,40,89,61,34,95,38,21,59,39,37,76,32,30,62,39,23,62,7,11,18,3,8,11,280,214,494
2020-04-06,6,2,8,6,8,14,50,42,92,64,37,101,39,22,61,40,41,81,35,32,67,41,25,66,7,12,19,3,8,11,291,229,520
2020-04-07,6,2,8,6,9,15,53,42,95,65,42,107,40,22,62,42,42,84,36,32,68,42,27,69,8,12,20,5,8,13,303,238,541
2020-04-08,8,2,10,7,9,16,54,43,97,66,49,115,41,24,65,44,42,86,37,32,69,44,28,72,8,12,20,5,8,13,314,249,563
2020-04-09,8,2,10,7,10,17,55,43,98,71,49,120,41,25,66,45,42,87,37,33,70,44,28,72,8,12,20,5,8,13,321,252,573
2020-04-10,8,2,10,7,10,17,55,44,99,75,52,127,41,25,66,46,42,88,37,33,70,44,28,72,8,12,20,5,8,13,326,256,582
2020-04-11,8,2,10,7,10,17,55,45,100,76,53,129,41,27,68,47,42,89,37,33,70,44,28,72,10,13,23,5,8,13,330,261,591
2020-04-12,8,2,10,7,10,17,56,45,101,79,56,135,41,27,68,47,44,91,37,33,70,44,29,73,11,14,25,5,8,13,335,268,603
2020-04-13,9,2,11,7,10,17,58,46,104,81,59,140,44,28,72,47,47,94,37,35,72,45,30,75,11,14,25,5,8,13,344,279,623
2020-04-14,9,2,11,7,10,17,61,48,109,85,60,145,45,30,75,49,48,97,40,36,76,47,31,78,11,14,25,5,9,14,359,288,647
2020-04-15,9,2,11,7,10,17,61,49,110,87,62,149,47,31,78,49,49,98,40,36,76,47,31,78,11,15,26,5,9,14,363,294,657
2020-04-16,9,2,11,7,10,17,61,51,112,91,64,155,48,31,79,52,51,103,41,36,77,50,32,82,11,21,32,6,10,16,376,308,684
2020-04-17,9,2,11,7,10,17,63,53,116,93,68,161,49,32,81,53,52,105,42,37,79,50,33,83,13,25,38,6,11,17,385,323,708
2020-04-18,9,3,12,7,10,17,64,54,118,93,69,162,51,34,85,54,53,107,44,38,82,51,34,85,14,30,44,6,14,20,393,339,732
2020-04-19,9,3,12,7,10,17,67,54,121,97,73,170,51,38,89,55,53,108,44,39,83,52,37,89,14,32,46,7,17,24,403,356,759
2020-04-20,9,3,12,7,10,17,67,55,122,99,74,173,53,39,92,58,56,114,45,39,84,52,40,92,17,33,50,8,18,26,415,367,782
2020-04-21,9,7,16,7,10,17,67,58,125,100,80,180,54,43,97,59,58,117,47,40,87,52,43,95,20,36,56,9,23,32,424,398,822
2020-04-22,10,7,17,8,11,19,74,65,139,105,84,189,57,47,104,60,62,122,50,42,92,54,50,104,23,42,65,14,29,43,455,439,894
2020-04-23,16,10,26,9,12,21,82,69,151,107,89,196,61,51,112,61,62,123,53,46,99,56,53,109,31,43,74,14,32,46,490,467,957
2020-04-24,17,10,27,10,14,24,86,76,162,115,93,208,64,54,118,63,68,131,56,47,103,56,53,109,33,46,79,14,32,46,514,493,1007
2020-04-25,20,11,31,12,14,26,86,80,166,118,95,213,67,61,128,65,68,133,57,48,105,56,53,109,34,48,82,14,32,46,529,510,1039
2020-04-26,21,13,34,14,14,28,86,84,170,121,98,219,68,62,130,65,68,133,57,48,105,56,54,110,35,49,84,14,32,46,537,522,1059
2020-04-27,23,15,38,15,16,31,90,90,180,125,109,234,76,67,143,67,71,138,60,48,108,58,55,113,38,51,89,15,33,48,567,555,1122
2020-04-28,23,15,38,17,17,34,91,93,184,133,111,244,77,70,147,71,71,142,62,49,111,61,55,116,39,56,95,15,35,50,589,572,1161
2020-04-29,24,17,41,19,20,39,94,95,189,137,112,249,81,75,156,72,73,145,63,50,113,63,56,119,39,59,98,15,35,50,607,592,1199
2020-04-30,27,17,44,19,25,44,96,96,192,145,117,262,85,78,163,76,74,150,64,50,114,64,56,120,39,60,99,15,35,50,630,608,1238
2020-05-01,30,20,50,23,26,49,102,104,206,146,122,268,89,82,171,80,76,156,65,51,116,64,56,120,39,61,100,16,35,51,654,633,1287
2020-05-02,34,22,56,26,31,57,107,111,218,151,128,279,91,83,174,80,77,157,65,51,116,65,56,121,39,62,101,16,35,51,674,656,1330
2020-05-03,35,23,58,32,32,64,109,118,227,154,136,290,93,84,177,83,77,160,66,53,119,65,56,121,40,63,103,16,35,51,693,677,1370
2020-05-04,37,27,64,36,35,71,115,125,240,163,145,308,96,90,186,85,78,163,69,53,122,65,56,121,41,65,106,16,36,52,723,710,1433
2020-05-05,41,33,74,40,42,82,123,137,260,179,154,333,104,105,209,91,83,174,70,57,127,67,59,126,47,75,122,17,43,60,779,788,1567
2020-05-06,43,39,82,43,47,90,132,144,276,188,167,355,113,110,223,94,83,177,72,58,130,69,61,130,48,76,124,18,44,62,820,829,1649
2020-05-07,49,45,94,48,53,101,144,162,306,200,177,377,122,117,239,100,87,187,73,62,135,69,62,131,51,77,128,18,46,64,874,888,1762
2020-05-08,60,54,114,57,65,122,160,180,340,216,196,412,138,129,267,105,89,194,79,65,144,73,62,135,52,81,133,19,46,65,959,967,1926
2020-05-09,62,58,120,59,71,130,170,189,359,231,212,443,150,134,284,114,95,209,83,68,151,74,64,138,52,81,133,20,46,66,1015,1018,2033
2020-05-10,67,63,130,65,77,142,184,199,383,259,226,485,183,137,320,138,101,239,87,71,158,74,66,140,53,81,134,20,46,66,1130,1067,2197
2020-05-11,74,71,145,70,84,154,196,210,406,277,244,521,193,147,340,142,104,246,91,74,165,75,67,142,54,84,138,20,47,67,1192,1132,2324
2020-05-12,82,89,171,77,94,171,226,243,469,302,265,567,207,161,368,154,113,267,98,77,175,78,73,151,54,85,139,23,49,72,1301,1249,2550
2020-05-13,91,96,187,87,103,190,251,261,512,318,283,601,226,176,402,164,123,287,106,84,190,79,75,154,54,87,141,23,52,75,1399,1340,2739
2020-05-14,109,116,225,107,126,233,277,290,567,336,306,642,241,190,431,181,137,318,111,89,200,80,76,156,54,88,142,23,52,75,1519,1470,2989
2020-05-15,122,135,257,115,141,256,296,309,605,355,331,686,260,206,466,192,148,340,113,92,205,82,78,160,54,90,144,24,53,77,1613,1583,3196
2020-05-16,135,146,281,124,153,277,319,337,656,369,350,719,284,224,508,202,158,360,116,95,211,84,80,164,56,93,149,24,57,81,1713,1693,3406
2020-05-17,151,156,307,139,169,308,348,352,700,397,370,767,297,236,533,217,168,385,118,103,221,86,80,166,60,99,159,24,58,82,1837,1791,3628
2020-05-18,174,180,354,159,186,345,393,400,793,430,411,841,321,260,581,235,191,426,127,109,236,94,85,179,63,104,167,25,61,86,2021,1987,4008
2020-05-19,202,206,408,179,208,387,430,441,871,471,445,916,342,285,627,250,200,450,133,117,250,95,87,182,65,109,174,26,63,89,2193,2161,4354
2020-05-20,223,223,446,193,234,427,471,485,956,501,480,981,371,308,679,273,218,491,144,126,270,97,93,190,66,114,180,27,64,91,2366,2345,4711
2020-05-21,242,242,484,219,252,471,505,532,1037,551,514,1065,397,337,734,295,232,527,157,127,284,103,98,201,68,116,184,27,67,94,2564,2517,5081
2020-05-22,259,252,511,235,271,506,537,580,1117,588,543,1131,428,371,799,315,245,560,168,135,303,103,102,205,69,117,186,28,68,96,2730,2684,5414
2020-05-23,278,283,561,254,294,548,572,613,1185,615,571,1186,462,392,854,330,266,596,175,140,315,106,105,211,71,127,198,28,70,98,2891,2861,5752
2020-05-24,293,296,589,265,306,571,598,642,1240,640,600,1240,494,412,906,344,278,622,182,142,324,107,109,216,74,128,202,29,71,100,3026,2984,6010
2020-05-25,315,315,630,281,320,601,627,674,1301,666,631,1297,518,435,953,359,292,651,187,151,338,112,119,231,75,135,210,30,72,102,3170,3144,6314
2020-05-26,338,333,671,305,349,654,668,717,1385,713,671,1384,550,463,1013,385,321,706,198,157,355,114,125,239,76,141,217,32,79,111,3379,3356,6735
2020-05-27,369,345,714,328,378,706,711,768,1479,759,712,1471,582,498,1080,411,339,750,205,166,371,122,133,255,79,145,224,32,82,114,3598,3566,7164
2020-05-28,400,360,760,353,408,761,760,821,1581,800,748,1548,613,539,1152,432,359,791,217,177,394,127,144,271,92,167,259,36,97,133,3830,3820,7650
2020-05-29,425,395,820,377,444,821,791,866,1657,851,780,1631,632,571,1203,452,374,826,228,188,416,137,153,290,95,179,274,36,104,140,4024,4054,8078
2020-05-30,437,413,850,400,468,868,822,903,1725,880,814,1694,648,588,1236,468,383,851,234,194,428,140,158,298,97,182,279,37,105,142,4163,4208,8371
2020-05-31,443,424,867,410,488,898,856,930,1786,900,840,1740,667,616,1283,484,400,884,241,198,439,147,163,310,104,184,288,39,105,144,4291,4348,8639
2020-06-01,464,441,905,427,515,942,894,969,1863,942,878,1820,704,648,1352,505,427,932,246,207,453,153,173,326,111,191,302,40,105,145,4486,4554,9040
2020-06-02,495,464,959,459,540,999,939,1013,1952,980,926,1906,735,676,1411,523,447,970,266,218,484,165,177,342,114,209,323,44,115,159,4720,4785,9505
2020-06-03,517,487,1004,474,562,1036,977,1065,2042,1031,967,1998,768,703,1471,548,472,1020,282,234,516,173,191,364,118,217,335,47,118,165,4935,5016,9951
2020-06-04,540,516,1056,493,587,1080,1020,1125,2145,1067,1011,2078,790,735,1525,574,494,1068,297,239,536,178,196,374,118,223,341,50,126,176,5127,5252,10379
2020-06-05,581,539,1120,526,613,1139,1066,1184,2250,1115,1061,2176,822,765,1587,598,516,1114,311,253,564,184,209,393,123,230,353,50,129,179,5376,5499,10875
2020-06-06,602,560,1162,542,638,1180,1102,1227,2329,1171,1093,2264,849,803,1652,616,533,1149,318,261,579,190,216,406,125,244,369,52,137,189,5567,5712,11279
2020-06-07,617,581,1198,563,652,1215,1136,1270,2406,1201,1119,2320,880,827,1707,631,547,1178,323,269,592,193,223,416,128,259,387,52,144,196,5724,5891,11615
2020-06-08,648,621,1269,589,688,1277,1193,1328,2521,1269,1174,2443,918,874,1792,676,575,1251,342,282,624,207,234,441,140,272,412,53,151,204,6035,6199,12234
2020-06-09,674,645,1319,623,719,1342,1239,1387,2626,1332,1246,2578,968,918,1886,716,618,1334,360,296,656,224,244,468,148,286,434,53,158,211,6337,6517,12854
2020-06-10,694,667,1361,644,747,1391,1299,1448,2747,1390,1312,2702,1021,958,1979,747,648,1395,376,313,689,240,260,500,156,315,471,54,175,229,6621,6843,13464
2020-06-11,725,695,1420,672,785,1457,1387,1532,2919,1459,1364,2823,1071,1011,2082,790,672,1462,392,328,720,254,273,527,162,327,489,54,181,235,6966,7168,14134
2020-06-12,767,734,1501,708,826,1534,1442,1604,3046,1522,1425,2947,1124,1063,2187,830,697,1527,410,350,760,268,284,552,166,331,497,55,185,240,7292,7499,14791
2020-06-13,800,754,1554,732,867,1599,1495,1656,3151,1573,1481,3054,1157,1107,2264,857,721,1578,428,362,790,277,297,574,171,347,518,58,196,254,7548,7788,15336
2020-06-14,820,779,1599,753,884,1637,1525,1699,3224,1618,1519,3137,1182,1131,2313,878,739,1617,441,375,816,281,307,588,175,361,536,59,203,262,7732,7997,15729
2020-06-15,849,797,1646,778,901,1679,1580,1751,3331,1665,1567,3232,1222,1158,2380,894,757,1651,454,383,837,287,314,601,179,370,549,63,205,268,7971,8203,16174
2020-06-16,888,836,1724,805,933,1738,1652,1821,3473,1751,1643,3394,1285,1201,2486,933,797,1730,481,403,884,304,326,630,183,386,569,64,210,274,8346,8556,16902
2020-06-17,926,866,1792,840,973,1813,1742,1907,3649,1843,1732,3575,1353,1276,2629,992,849,1841,512,430,942,334,338,672,191,411,602,65,221,286,8798,9003,17801
2020-06-18,953,903,1856,889,1013,1902,1832,1992,3824,1944,1826,3770,1438,1354,2792,1049,901,1950,538,446,984,346,352,698,199,426,625,66,227,293,9254,9440,18694
2020-06-19,985,938,1923,932,1065,1997,1914,2075,3989,2038,1911,3949,1502,1403,2905,1087,946,2033,570,475,1045,371,375,746,216,446,662,67,246,313,9682,9880,19562
2020-06-20,1017,977,1994,967,1105,2072,1984,2149,4133,2115,1971,4086,1555,1469,3024,1127,981,2108,588,491,1079,386,394,780,224,458,682,72,255,327,10035,10250,20285
2020-06-21,1040,1011,2051,1006,1134,2140,2031,2199,4230,2185,2027,4212,1589,1512,3101,1159,1006,2165,609,499,1108,396,405,801,232,474,706,73,267,340,10320,10534,20854
2020-06-22,1093,1049,2142,1048,1187,2235,2130,2286,4416,2303,2109,4412,1672,1575,3247,1239,1056,2295,658,531,1189,418,434,852,251,494,745,77,277,354,10889,10998,21887
2020-06-23,1128,1087,2215,1092,1225,2317,2232,2385,4617,2385,2207,4592,1758,1646,3404,1305,1107,2412,682,554,1236,432,447,879,266,526,792,80,284,364,11360,11468,22828
2020-06-24,1158,1113,2271,1129,1270,2399,2344,2481,4825,2475,2295,4770,1838,1722,3560,1359,1158,2517,711,575,1286,449,457,906,276,543,819,83,297,380,11822,11911,23733
2020-06-25,1199,1155,2354,1174,1315,2489,2436,2585,5021,2577,2383,4960,1892,1787,3679,1414,1202,2616,739,592,1331,460,472,932,285,569,854,85,310,395,12261,12370,24631
2020-06-26,1238,1202,2440,1231,1355,2586,2522,2683,5205,2679,2479,5158,1955,1867,3822,1472,1249,2721,773,613,1386,473,489,962,295,588,883,87,324,411,12725,12849,25574
2020-06-27,1279,1237,2516,1265,1397,2662,2604,2754,5358,2745,2565,5310,2001,1919,3920,1512,1281,2793,805,633,1438,481,499,980,303,605,908,89,329,418,13084,13219,26303
2020-06-28,1307,1255,2562,1300,1420,2720,2679,2826,5505,2804,2616,5420,2068,1962,4030,1548,1318,2866,820,648,1468,489,509,998,312,618,930,91,337,428,13418,13509,26927
2020-06-29,1332,1283,2615,1347,1471,2818,2772,2908,5680,2913,2692,5605,2151,2044,4195,1599,1369,2968,853,668,1521,505,526,1031,330,642,972,94,350,444,13896,13953,27849
2020-06-30,1362,1316,2678,1401,1506,2907,2856,2992,5848,2998,2780,5778,2225,2116,4341,1658,1414,3072,881,696,1577,524,546,1070,349,666,1015,98,365,463,14352,14397,28749
2020-07-01,1389,1352,2741,1450,1545,2995,2936,3073,6009,3093,2868,5961,2286,2170,4456,1715,1458,3173,916,727,1643,541,560,1101,368,684,1052,101,374,475,14795,14811,29606
2020-07-02,1431,1385,2816,1494,1598,3092,3017,3175,6192,3174,2964,6138,2381,2241,4622,1764,1508,3272,965,752,1717,562,583,1145,376,701,1077,103,382,485,15267,15289,30556
2020-07-03,1474,1428,2902,1547,1643,3190,3114,3270,6384,3284,3047,6331,2457,2318,4775,1830,1560,3390,1000,777,1777,582,611,1193,382,725,1107,106,399,505,15776,15778,31554
2020-07-04,1501,1472,2973,1576,1668,3244,3179,3350,6529,3367,3121,6488,2529,2369,4898,1877,1604,3481,1034,805,1839,607,644,1251,388,774,1162,108,422,530,16166,16229,32395
2020-07-05,1522,1496,3018,1608,1699,3307,3234,3409,6643,3432,3176,6608,2590,2427,5017,1924,1649,3573,1067,830,1897,631,677,1308,403,807,1210,111,434,545,16522,16604,33126
2020-07-06,1550,1525,3075,1646,1734,3380,3328,3505,6833,3555,3277,6832,2685,2509,5194,1998,1706,3704,1118,868,1986,653,710,1363,416,855,1271,118,452,570,17067,17141,34208
2020-07-07,1587,1565,3152,1674,1770,3444,3439,3603,7042,3674,3372,7046,2771,2590,5361,2059,1758,3817,1152,895,2047,689,736,1425,429,881,1310,122,463,585,17596,17633,35229
2020-07-08,1628,1603,3231,1708,1811,3519,3538,3709,7247,3800,3486,7286,2850,2681,5531,2123,1835,3958,1201,930,2131,716,769,1485,450,922,1372,128,490,618,18142,18236,36378
2020-07-09,1664,1632,3296,1746,1855,3601,3608,3780,7388,3881,3590,7471,2926,2739,5665,2168,1866,4034,1245,977,2222,745,791,1536,466,962,1428,132,502,634,18581,18694,37275
2020-07-10,1700,1667,3367,1781,1886,3667,3680,3870,7550,3967,3678,7645,2999,2803,5802,2228,1927,4155,1292,1010,2302,763,808,1571,484,986,1470,135,514,649,19029,19149,38178
2020-07-11,1724,1696,3420,1808,1920,3728,3744,3941,7685,4051,3766,7817,3073,2864,5937,2285,1971,4256,1335,1035,2370,784,832,1616,490,1013,1503,139,524,663,19433,19562,38995
2020-07-12,1751,1716,3467,1832,1951,3783,3803,3995,7798,4119,3830,7949,3134,2905,6039,2336,2004,4340,1359,1061,2420,803,847,1650,508,1040,1548,142,540,682,19787,19889,39676
2020-07-13,1791,1749,3540,1881,1998,3879,3906,4107,8013,4252,3952,8204,3242,3003,6245,2423,2072,4495,1398,1096,2494,829,879,1708,528,1083,1611,149,564,713,20399,20503,40902
2020-07-14,1822,1783,3605,1919,2033,3952,4022,4212,8234,4381,4065,8446,3323,3085,6408,2490,2138,4628,1446,1136,2582,856,903,1759,540,1118,1658,157,581,738,20956,21054,42010
2020-07-15,1855,1818,3673,1963,2066,4029,4121,4318,8439,4496,4199,8695,3411,3186,6597,2565,2188,4753,1492,1170,2662,889,932,1821,553,1151,1704,162,607,769,21507,21635,43142
2020-07-16,1884,1860,3744,2015,2111,4126,4226,4414,8640,4640,4328,8968,3502,3273,6775,2639,2261,4900,1537,1208,2745,914,963,1877,572,1196,1768,173,642,815,22102,22256,44358
2020-07-17,1929,1886,3815,2044,2156,4200,4319,4553,8872,4762,4436,9198,3580,3363,6943,2705,2326,5031,1586,1241,2827,938,991,1929,592,1244,1836,180,673,853,22635,22869,45504
2020-07-18,1960,1922,3882,2090,2189,4279,4416,4637,9053,4877,4543,9420,3664,3462,7126,2775,2383,5158,1623,1276,2899,966,1025,1991,601,1275,1876,185,687,872,23157,23399,46556
2020-07-19,1992,1963,3955,2127,2220,4347,4491,4721,9212,4969,4632,9601,3739,3538,7277,2839,2434,5273,1665,1303,2968,989,1053,2042,617,1307,1924,193,705,898,23621,23876,47497
2020-07-20,2016,2006,4022,2166,2270,4436,4627,4842,9469,5118,4770,9888,3853,3635,7488,2912,2516,5428,1728,1355,3083,1015,1090,2105,643,1340,1983,195,718,913,24273,24542,48815
2020-07-21,2061,2040,4101,2209,2312,4521,4742,4980,9722,5266,4926,10192,3974,3750,7724,3010,2616,5626,1791,1384,3175,1040,1120,2160,663,1376,2039,198,744,942,24954,25248,50202
2020-07-22,2093,2067,4160,2247,2362,4609,4885,5097,9982,5404,5060,10464,4085,3841,7926,3104,2682,5786,1846,1430,3276,1082,1152,2234,681,1405,2086,202,765,967,25629,25861,51490
2020-07-23,2125,2107,4232,2280,2403,4683,5011,5235,10246,5527,5173,10700,4185,3934,8119,3193,2742,5935,1883,1464,3347,1110,1177,2287,703,1432,2135,205,776,981,26222,26443,52665
2020-07-24,2171,2143,4314,2326,2443,4769,5136,5354,10490,5674,5299,10973,4280,4049,8329,3289,2806,6095,1920,1507,3427,1129,1195,2324,719,1478,2197,210,796,1006,26854,27070,53924
2020-07-25,2196,2167,4363,2362,2470,4832,5216,5436,10652,5779,5396,11175,4373,4118,8491,3336,2857,6193,1956,1535,3491,1146,1220,2366,731,1500,2231,219,811,1030,27314,27510,54824
2020-07-26,2217,2193,4410,2386,2507,4893,5284,5513,10797,5850,5479,11329,4430,4183,8613,3375,2900,6275,1990,1554,3544,1173,1242,2415,750,1537,2287,224,825,1049,27679,27933,55612
2020-07-27,2245,2218,4463,2425,2549,4974,5404,5608,11012,5996,5620,11616,4516,4282,8798,3459,2979,6438,2032,1593,3625,1198,1271,2469,770,1563,2333,230,843,1073,28275,28526,56801
2020-07-28,2276,2241,4517,2473,2588,5061,5526,5722,11248,6144,5761,11905,4611,4376,8987,3545,3031,6576,2065,1636,3701,1230,1299,2529,790,1594,2384,232,864,1096,28892,29112,58004
2020-07-29,2297,2273,4570,2528,2635,5163,5638,5840,11478,6254,5883,12137,4711,4477,9188,3604,3105,6709,2116,1660,3776,1259,1325,2584,813,1630,2443,239,882,1121,29459,29710,59169
2020-07-30,2334,2298,4632,2563,2682,5245,5769,5953,11722,6391,6007,12398,4814,4578,9392,3661,3172,6833,2158,1684,3842,1278,1370,2648,831,1675,2506,244,910,1154,30043,30329,60372
2020-07-31,2364,2332,4696,2620,2731,5351,5871,6065,11936,6497,6123,12620,4919,4671,9590,3727,3241,6968,2216,1705,3921,1304,1402,2706,845,1714,2559,247,937,1184,30610,30921,61531
2020-08-01,2396,2366,4762,2651,2786,5437,5956,6174,12130,6607,6238,12845,5041,4760,9801,3788,3291,7079,2250,1734,3984,1320,1425,2745,858,1746,2604,252,948,1200,31119,31468,62587
2020-08-02,2424,2388,4812,2680,2825,5505,6037,6244,12281,6700,6326,13026,5124,4837,9961,3843,3337,7180,2290,1774,4064,1355,1453,2808,879,1789,2668,255,975,1230,31587,31948,63535
2020-08-03,2464,2432,4896,2744,2872,5616,6180,6396,12576,6862,6468,13330,5263,4963,10226,3929,3438,7367,2353,1827,4180,1387,1491,2878,900,1851,2751,259,1009,1268,32341,32747,65088
2020-08-04,2497,2461,4958,2791,2928,5719,6309,6523,12832,7019,6614,13633,5394,5100,10494,4020,3524,7544,2416,1870,4286,1428,1536,2964,924,1916,2840,265,1045,1310,33063,33517,66580
2020-08-05,2540,2498,5038,2850,2970,5820,6446,6654,13100,7178,6750,13928,5506,5219,10725,4112,3595,7707,2496,1927,4423,1463,1581,3044,951,1993,2944,272,1093,1365,33814,34280,68094
2020-08-06,2572,2529,5101,2902,3012,5914,6574,6772,13346,7299,6880,14179,5616,5311,10927,4182,3676,7858,2538,1973,4511,1484,1608,3092,966,2028,2994,279,1114,1393,34412,34903,69315
2020-08-07,2602,2557,5159,2937,3054,5991,6682,6889,13571,7415,7000,14415,5720,5398,11118,4256,3749,8005,2579,2026,4605,1515,1632,3147,984,2057,3041,285,1129,1414,34975,35491,70466
2020-08-08,2630,2587,5217,2973,3081,6054,6759,6978,13737,7506,7095,14601,5789,5480,11269,4314,3811,8125,2609,2058,4667,1535,1666,3201,994,2100,3094,288,1153,1441,35397,36009,71406
2020-08-09,2649,2601,5250,3008,3117,6125,6822,7061,13883,7584,7162,14746,5852,5548,11400,4377,3857,8234,2655,2095,4750,1553,1678,3231,1007,2122,3129,292,1158,1450,35799,36399,72198
2020-08-10,2678,2634,5312,3046,3156,6202,6935,7186,14121,7724,7300,15024,5959,5662,11621,4469,3933,8402,2692,2143,4835,1580,1703,3283,1022,2162,3184,296,1182,1478,36401,37061,73462
2020-08-11,2697,2657,5354,3076,3191,6267,7022,7294,14316,7859,7419,15278,6085,5745,11830,4546,4011,8557,2741,2176,4917,1607,1733,3340,1037,2209,3246,302,1204,1506,36972,37639,74611
2020-08-12,2725,2693,5418,3122,3222,6344,7125,7393,14518,7974,7538,15512,6178,5847,12025,4636,4087,8723,2785,2222,5007,1630,1756,3386,1046,2230,3276,308,1210,1518,37529,38198,75727
2020-08-13,2748,2714,5462,3165,3263,6428,7231,7498,14729,8078,7658,15736,6260,5946,12206,4699,4142,8841,2842,2249,5091,1650,1781,3431,1057,2249,3306,310,1216,1526,38040,38716,76756
2020-08-14,2774,2732,5506,3203,3307,6510,7329,7613,14942,8195,7767,15962,6349,6025,12374,4764,4194,8958,2883,2288,5171,1675,1801,3476,1072,2278,3350,313,1229,1542,38557,39234,77791
2020-08-15,2790,2752,5542,3242,3339,6581,7414,7709,15123,8299,7864,16163,6414,6102,12516,4822,4250,9072,2918,2327,5245,1702,1842,3544,1093,2339,3432,317,1259,1576,39011,39783,78794
2020-08-16,2809,2773,5582,3271,3357,6628,7496,7765,15261,8363,7928,16291,6482,6159,12641,4865,4283,9148,2949,2353,5302,1725,1859,3584,1104,2357,3461,320,1274,1594,39384,40108,79492
2020-08-17,2830,2789,5619,3319,3393,6712,7576,7870,15446,8473,8048,16521,6559,6232,12791,4940,4334,9274,2989,2383,5372,1755,1873,3628,1112,2377,3489,321,1283,1604,39874,40582,80456
2020-08-18,2853,2822,5675,3367,3430,6797,7702,7975,15677,8632,8170,16802,6677,6328,13005,5027,4425,9452,3032,2430,5462,1782,1900,3682,1124,2426,3550,326,1319,1645,40522,41225,81747
2020-08-19,2884,2851,5735,3406,3471,6877,7836,8096,15932,8787,8295,17082,6788,6445,13233,5108,4516,9624,3085,2473,5558,1805,1932,3737,1141,2459,3600,333,1341,1674,41173,41879,83052
2020-08-20,2913,2875,5788,3462,3510,6972,7946,8213,16159,8922,8417,17339,6895,6516,13411,5175,4581,9756,3145,2510,5655,1829,1960,3789,1161,2491,3652,337,1364,1701,41785,42437,84222
2020-08-21,2936,2897,5833,3504,3559,7063,8071,8330,16401,9065,8545,17610,6986,6623,13609,5253,4658,9911,3194,2544,5738,1849,1983,3832,1181,2511,3692,339,1376,1715,42378,43026,85404
2020-08-22,2962,2921,5883,3546,3589,7135,8170,8433,16603,9160,8654,17814,7071,6695,13766,5309,4719,10028,3234,2578,5812,1878,2006,3884,1192,2528,3720,340,1380,1720,42862,43503,86365
2020-08-23,2988,2946,5934,3584,3635,7219,8252,8522,16774,9242,8725,17967,7143,6774,13917,5368,4776,10144,3271,2618,5889,1900,2024,3924,1212,2551,3763,344,1391,1735,43304,43962,87266
2020-08-24,3022,2975,5997,3637,3673,7310,8385,8650,17035,9402,8860,18262,7270,6896,14166,5454,4868,10322,3331,2676,6007,1928,2052,3980,1226,2567,3793,347,1400,1747,44002,44617,88619
2020-08-25,3061,2999,6060,3690,3714,7404,8504,8800,17304,9566,9033,18599,7387,7022,14409,5551,4966,10517,3398,2726,6124,1967,2087,4054,1248,2607,3855,351,1418,1769,44723,45372,90095
2020-08-26,3099,3030,6129,3741,3774,7515,8649,8937,17586,9737,9171,18908,7545,7147,14692,5667,5046,10713,3453,2778,6231,2006,2134,4140,1265,2646,3911,354,1442,1796,45516,46105,91621
2020-08-27,3130,3071,6201,3800,3833,7633,8792,9103,17895,9914,9323,19237,7669,7289,14958,5760,5134,10894,3514,2829,6343,2034,2154,4188,1281,2696,3977,359,1461,1820,46253,46893,93146
2020-08-28,3152,3091,6243,3851,3887,7738,8922,9241,18163,10056,9462,19518,7779,7395,15174,5863,5223,11086,3571,2885,6456,2068,2187,4255,1294,2723,4017,360,1473,1833,46916,47567,94483
2020-08-29,3176,3108,6284,3882,3925,7807,9015,9335,18350,10157,9584,19741,7870,7486,15356,5930,5291,11221,3615,2929,6544,2089,2218,4307,1309,2743,4052,362,1479,1841,47405,48098,95503
2020-08-30,3190,3121,6311,3914,3964,7878,9089,9408,18497,10237,9670,19907,7942,7567,15509,5997,5344,11341,3658,2963,6621,2114,2238,4352,1320,2769,4089,364,1486,1850,47825,48530,96355
2020-08-31,3216,3141,6357,3955,4012,7967,9219,9545,18764,10390,9830,20220,8082,7677,15759,6083,5420,11503,3716,3010,6726,2147,2288,4435,1337,2827,4164,371,1505,1876,48516,49255,97771
2020-09-01,3235,3162,6397,4005,4060,8065,9335,9675,19010,10548,9957,20505,8220,7797,16017,6165,5491,11656,3776,3064,6840,2173,2322,4495,1356,2866,4222,375,1531,1906,49188,49925,99113
2020-09-02,3257,3175,6432,4045,4096,8141,9427,9785,19212,10671,10078,20749,8323,7894,16217,6231,5553,11784,3824,3107,6931,2192,2348,4540,1375,2886,4261,376,1534,1910,49721,50456,100177
2020-09-03,3269,3199,6468,4085,4124,8209,9545,9895,19440,10800,10198,20998,8432,7991,16423,6307,5616,11923,3878,3148,7026,2221,2379,4600,1390,2908,4298,380,1543,1923,50307,51001,101308
2020-09-04,3294,3219,6513,4119,4178,8297,9686,9996,19682,10918,10321,21239,8528,8105,16633,6384,5694,12078,3921,3184,7105,2242,2408,4650,1396,2925,4321,384,1556,1940,50872,51586,102458
2020-09-05,3305,3234,6539,4152,4207,8359,9769,10093,19862,11019,10423,21442,8626,8209,16835,6449,5749,12198,3954,3223,7177,2273,2436,4709,1407,2954,4361,385,1566,1951,51339,52094,103433
2020-09-06,3320,3249,6569,4186,4239,8425,9835,10152,19987,11076,10488,21564,8688,8267,16955,6498,5799,12297,3992,3252,7244,2295,2463,4758,1418,2968,4386,388,1573,1961,51696,52450,104146
2020-09-07,3342,3268,6610,4222,4276,8498,9951,10278,20229,11201,10603,21804,8781,8381,17162,6595,5881,12476,4052,3295,7347,2339,2501,4840,1442,3006,4448,390,1596,1986,52315,53085,105400
2020-09-08,3365,3289,6654,4259,4324,8583,10065,10387,20452,11344,10743,22087,8906,8499,17405,6680,5965,12645,4100,3342,7442,2374,2526,4900,1458,3044,4502,395,1608,2003,52946,53727,106673
2020-09-09,3390,3315,6705,4299,4371,8670,10199,10507,20706,11487,10879,22366,9014,8595,17609,6750,6037,12787,4163,3389,7552,2408,2558,4966,1466,3061,4527,401,1627,2028,53577,54339,107916
2020-09-10,3421,3333,6754,4338,4421,8759,10292,10611,20903,11605,10985,22590,9118,8695,17813,6842,6106,12948,4218,3424,7642,2442,2600,5042,1478,3108,4586,405,1657,2062,54159,54940,109099
2020-09-11,3451,3357,6808,4374,4471,8845,10377,10734,21111,11732,11095,22827,9241,8803,18044,6915,6188,13103,4251,3457,7708,2476,2631,5107,1491,3127,4618,406,1661,2067,54714,55524,110238
2020-09-12,3467,3369,6836,4402,4502,8904,10445,10810,21255,11807,11183,22990,9314,8888,18202,6967,6247,13214,4286,3492,7778,2491,2652,5143,1501,3153,4654,408,1679,2087,55088,55975,111063
2020-09-13,3483,3387,6870,4432,4528,8960,10501,10891,21392,11884,11254,23138,9373,8958,18331,7012,6284,13296,4325,3530,7855,2521,2673,5194,1508,3174,4682,410,1682,2092,55449,56361,111810
2020-09-14,3501,3403,6904,4468,4560,9028,10598,10994,21592,12009,11376,23385,9456,9039,18495,7080,6360,13440,4367,3571,7938,2552,2698,5250,1517,3197,4714,414,1689,2103,55962,56887,112849
2020-09-15,3529,3416,6945,4501,4597,9098,10679,11085,21764,12104,11476,23580,9538,9135,18673,7164,6424,13588,4419,3610,8029,2573,2726,5299,1530,3213,4743,416,1698,2114,56453,57380,113833
2020-09-16,3552,3433,6985,4542,4632,9174,10769,11180,21949,12201,11577,23778,9648,9218,18866,7234,6490,13724,4450,3642,8092,2592,2763,5355,1540,3239,4779,419,1716,2135,56947,57890,114837
2020-09-17,3567,3449,7016,4570,4669,9239,10864,11272,22136,12282,11678,23960,9723,9298,19021,7287,6538,13825,4499,3671,8170,2614,2782,5396,1553,3250,4803,422,1723,2145,57381,58330,115711
2020-09-18,3599,3477,7076,4608,4714,9322,10947,11382,22329,12381,11788,24169,9793,9376,19169,7343,6585,13928,4538,3700,8238,2631,2815,5446,1567,3267,4834,422,1732,2154,57829,58836,116665
2020-09-19,3610,3491,7101,4634,4745,9379,11006,11441,22447,12456,11873,24329,9862,9419,19281,7389,6629,14018,4578,3731,8309,2643,2833,5476,1571,3282,4853,422,1738,2160,58171,59182,117353
2020-09-20,3622,3506,7128,4656,4763,9419,11056,11491,22547,12507,11938,24445,9896,9459,19355,7417,6656,14073,4603,3767,8370,2661,2857,5518,1577,3291,4868,422,1744,2166,58417,59472,117889
2020-09-21,3640,3519,7159,4697,4792,9489,11140,11568,22708,12604,12005,24609,9982,9516,19498,7460,6706,14166,4643,3799,8442,2687,2887,5574,1588,3311,4899,422,1748,2170,58863,59851,118714
2020-09-22,3661,3531,7192,4729,4825,9554,11243,11655,22898,12696,12102,24798,10050,9600,19650,7522,6757,14279,4680,3838,8518,2708,2906,5614,1606,3341,4947,425,1761,2186,59320,60316,119636
2020-09-23,3682,3551,7233,4761,4865,9626,11331,11742,23073,12784,12187,24971,10121,9691,19812,7579,6814,14393,4716,3875,8591,2734,2931,5665,1614,3354,4968,429,1766,2195,59751,60776,120527
2020-09-24,3701,3569,7270,4798,4905,9703,11426,11833,23259,12878,12296,25174,10182,9759,19941,7650,6866,14516,4767,3913,8680,2757,2947,5704,1632,3375,5007,432,1771,2203,60223,61234,121457
2020-09-25,3721,3594,7315,4830,4930,9760,11518,11918,23436,12955,12400,25355,10271,9844,20115,7716,6930,14646,4809,3950,8759,2791,2980,5771,1642,3390,5032,435,1785,2220,60688,61721,122409
2020-09-26,3734,3604,7338,4859,4960,9819,11571,11972,23543,13012,12461,25473,10338,9896,20234,7754,6981,14735,4833,3979,8812,2810,3000,5810,1652,3404,5056,436,1792,2228,60999,62049,123048
2020-09-27,3752,3619,7371,4881,4990,9871,11643,12019,23662,13084,12528,25612,10402,9943,20345,7793,7023,14816,4855,3993,8848,2835,3013,5848,1658,3415,5073,439,1795,2234,61342,62338,123680
2020-09-28,3773,3636,7409,4915,5023,9938,11722,12110,23832,13182,12627,25809,10475,10017,20492,7850,7078,14928,4906,4037,8943,2855,3043,5898,1676,3437,5113,442,1801,2243,61796,62809,124605
2020-09-29,3807,3650,7457,4943,5044,9987,11822,12203,24025,13282,12712,25994,10561,10092,20653,7906,7139,15045,4946,4086,9032,2884,3075,5959,1685,3461,5146,442,1811,2253,62278,63273,125551
2020-09-30,3825,3673,7498,4969,5077,10046,11922,12307,24229,13380,12807,26187,10635,10173,20808,7965,7201,15166,4993,4117,9110,2913,3090,6003,1698,3481,5179,446,1816,2262,62746,63742,126488
2020-10-01,3845,3688,7533,4995,5116,10111,12014,12401,24415,13468,12896,26364,10698,10234,20932,8021,7265,15286,5024,4162,9186,2924,3116,6040,1708,3498,5206,448,1824,2272,63145,64200,127345
2020-10-02,3867,3705,7572,5031,5144,10175,12103,12483,24586,13545,12983,26528,10760,10312,21072,8074,7337,15411,5061,4200,9261,2943,3141,6084,1723,3517,5240,452,1835,2287,63559,64657,128216
2020-10-03,3888,3716,7604,5052,5174,10226,12161,12530,24691,13608,13027,26635,10803,10367,21170,8118,7386,15504,5086,4217,9303,2954,3148,6102,1728,3528,5256,453,1840,2293,63851,64933,128784
2020-10-04,3896,3723,7619,5073,5190,10263,12209,12585,24794,13655,13077,26732,10844,10405,21249,8149,7418,15567,5103,4240,9343,2969,3156,6125,1733,3537,5270,453,1846,2299,64084,65177,129261
2020-10-05,3907,3739,7646,5100,5214,10314,12280,12686,24966,13749,13153,26902,10913,10463,21376,8201,7473,15674,5151,4277,9428,2991,3177,6168,1741,3553,5294,454,1853,2307,64487,65588,130075
2020-10-06,3934,3757,7691,5126,5249,10375,12370,12783,25153,13852,13243,27095,10996,10534,21530,8264,7538,15802,5189,4308,9497,3006,3196,6202,1755,3569,5324,456,1859,2315,64948,66036,130984
2020-10-07,3948,3768,7716,5152,5281,10433,12464,12874,25338,13919,13327,27246,11074,10602,21676,8325,7595,15920,5217,4329,9546,3017,3216,6233,1766,3592,5358,456,1867,2323,65338,66451,131789
2020-10-08,3967,3782,7749,5178,5317,10495,12546,12958,25504,14003,13407,27410,11125,10683,21808,8373,7647,16020,5242,4359,9601,3036,3242,6278,1778,3627,5405,458,1881,2339,65706,66903,132609
2020-10-09,3986,3797,7783,5201,5350,10551,12608,13057,25665,14098,13501,27599,11185,10749,21934,8432,7704,16136,5268,4395,9663,3052,3266,6318,1794,3659,5453,461,1895,2356,66085,67373,133458
2020-10-10,3996,3803,7799,5219,5383,10602,12662,13111,25773,14160,13570,27730,11247,10797,22044,8473,7759,16232,5295,4423,9718,3069,3283,6352,1799,3669,5468,462,1897,2359,66382,67695,134077
2020-10-11,4009,3818,7827,5235,5406,10641,12702,13156,25858,14197,13624,27821,11289,10832,22121,8508,7788,16296,5309,4447,9756,3083,3299,6382,1807,3686,5493,464,1904,2368,66603,67960,134563
2020-10-12,4033,3834,7867,5256,5437,10693,12768,13201,25969,14263,13682,27945,11341,10877,22218,8546,7837,16383,5339,4471,9810,3101,3314,6415,1811,3703,5514,464,1910,2374,66922,68266,135188
2020-10-13,4049,3853,7902,5292,5465,10757,12852,13287,26139,14370,13770,28140,11415,10942,22357,8604,7879,16483,5376,4494,9870,3114,3333,6447,1819,3726,5545,466,1921,2387,67357,68670,136027
2020-10-14,4063,3868,7931,5326,5497,10823,12933,13372,26305,14445,13844,28289,11492,11007,22499,8667,7942,16609,5401,4523,9924,3134,3352,6486,1828,3736,5564,467,1927,2394,67756,69068,136824
2020-10-15,4079,3888,7967,5375,5544,10919,13028,13447,26475,14532,13925,28457,11556,11077,22633,8709,7988,16697,5427,4545,9972,3156,3376,6532,1835,3756,5591,470,1931,2401,68167,69477,137644
2020-10-16,4098,3898,7996,5403,5585,10988,13094,13553,26647,14611,14004,28615,11628,11138,22766,8760,8029,16789,5456,4575,10031,3175,3400,6575,1845,3782,5627,472,1947,2419,68542,69911,138453
2020-10-17,4111,3913,8024,5430,5609,11039,13151,13601,26752,14674,14082,28756,11671,11173,22844,8794,8061,16855,5479,4601,10080,3184,3407,6591,1852,3791,5643,475,1950,2425,68821,70188,139009
2020-10-18,4122,3921,8043,5448,5630,11078,13193,13642,26835,14718,14114,28832,11696,11201,22897,8818,8087,16905,5493,4619,10112,3199,3421,6620,1853,3799,5652,475,1955,2430,69015,70389,139404
2020-10-19,4141,3935,8076,5470,5658,11128,13255,13698,26953,14770,14174,28944,11766,11248,23014,8861,8126,16987,5523,4641,10164,3221,3444,6665,1857,3812,5669,476,1959,2435,69340,70695,140035
2020-10-20,4148,3945,8093,5489,5682,11171,13325,13774,27099,14839,14232,29071,11820,11305,23125,8913,8163,17076,5550,4666,10216,3234,3455,6689,1869,3830,5699,477,1965,2442,69664,71017,140681
2020-10-21,4163,3956,8119,5514,5708,11222,13380,13834,27214,14889,14283,29172,11874,11345,23219,8940,8204,17144,5579,4688,10267,3246,3470,6716,1872,3837,5709,478,1968,2446,69935,71293,141228
2020-10-22,4175,3966,8141,5540,5731,11271,13438,13900,27338,14942,14328,29270,11917,11380,23297,8967,8228,17195,5601,4704,10305,3257,3483,6740,1877,3844,5721,479,1968,2447,70193,71532,141725
2020-10-23,4187,3975,8162,5564,5749,11313,13488,13973,27461,14990,14384,29374,11973,11426,23399,9004,8258,17262,5631,4729,10360,3265,3495,6760,1888,3851,5739,480,1969,2449,70470,71809,142279
2020-10-24,4195,3987,8182,5581,5766,11347,13529,14016,27545,15028,14433,29461,12006,11457,23463,9042,8281,17323,5649,4744,10393,3277,3506,6783,1893,3858,5751,480,1973,2453,70680,72021,142701
2020-10-25,4203,3997,8200,5594,5783,11377,13563,14053,27616,15054,14466,29520,12040,11485,23525,9061,8304,17365,5666,4751,10417,3282,3513,6795,1896,3863,5759,480,1974,2454,70839,72189,143028
2020-10-26,4214,4002,8216,5608,5816,11424,13613,14095,27708,15115,14525,29640,12083,11522,23605,9096,8338,17434,5688,4773,10461,3290,3521,6811,1906,3875,5781,485,1978,2463,71098,72445,143543
2020-10-27,4221,4012,8233,5634,5842,11476,13670,14156,27826,15175,14578,29753,12136,11572,23708,9139,8377,17516,5707,4798,10505,3299,3537,6836,1916,3891,5807,486,1980,2466,71383,72743,144126
2020-10-28,4236,4024,8260,5662,5865,11527,13721,14211,27932,15226,14625,29851,12177,11604,23781,9168,8408,17576,5732,4818,10550,3307,3547,6854,1922,3895,5817,489,1983,2472,71640,72980,144620
2020-10-29,4247,4030,8277,5675,5879,11554,13768,14253,28021,15273,14674,29947,12213,11633,23846,9192,8431,17623,5746,4834,10580,3325,3554,6879,1926,3907,5833,490,1990,2480,71855,73185,145040
2020-10-30,4253,4035,8288,5684,5886,11570,13801,14289,28090,15324,14703,30027,12239,11667,23906,9208,8452,17660,5756,4850,10606,3338,3565,6903,1929,3911,5840,491,1992,2483,72023,73350,145373
2020-10-31,4255,4039,8294,5692,5898,11590,13822,14318,28140,15350,14733,30083,12261,11689,23950,9223,8468,17691,5768,4861,10629,3342,3571,6913,1933,3915,5848,491,1992,2483,72137,73484,145621
2020-11-01,4264,4047,8311,5702,5914,11616,13862,14346,28208,15384,14764,30148,12293,11716,24009,9242,8490,17732,5783,4869,10652,3349,3577,6926,1935,3919,5854,491,1993,2484,72305,73635,145940
2020-11-02,4273,4054,8327,5712,5940,11652,13898,14392,28290,15429,14804,30233,12334,11752,24086,9276,8517,17793,5799,4878,10677,3351,3586,6937,1940,3926,5866,491,1997,2488,72503,73846,146349
2020-11-03,4283,4060,8343,5732,5951,11683,13952,14425,28377,15462,14840,30302,12370,11780,24150,9301,8537,17838,5812,4901,10713,3355,3596,6951,1942,3936,5878,491,1999,2490,72700,74025,146725
2020-11-04,4292,4065,8357,5737,5966,11703,13998,14474,28472,15505,14880,30385,12394,11817,24211,9323,8565,17888,5833,4915,10748,3361,3609,6970,1945,3944,5889,491,2002,2493,72879,74237,147116
2020-11-05,4306,4075,8381,5766,5984,11750,14054,14538,28592,15560,14919,30479,12432,11855,24287,9352,8591,17943,5856,4932,10788,3374,3622,6996,1948,3961,5909,492,2008,2500,73140,74485,147625
2020-11-06,4319,4082,8401,5786,6002,11788,14076,14574,28650,15604,14966,30570,12472,11885,24357,9379,8612,17991,5877,4952,10829,3386,3632,7018,1952,3970,5922,492,2010,2502,73343,74685,148028
2020-11-07,4326,4087,8413,5794,6012,11806,14099,14609,28708,15648,15007,30655,12505,11918,24423,9393,8633,18026,5892,4970,10862,3394,3639,7033,1956,3975,5931,492,2010,2502,73499,74860,148359
2020-11-08,4332,4093,8425,5802,6024,11826,14118,14651,28769,15676,15032,30708,12531,11935,24466,9411,8654,18065,5907,4980,10887,3400,3641,7041,1959,3981,5940,493,2010,2503,73629,75001,148630
2020-11-09,4345,4098,8443,5821,6039,11860,14154,14706,28860,15719,15076,30795,12580,11972,24552,9448,8698,18146,5928,5002,10930,3417,3648,7065,1961,3988,5949,493,2012,2505,73866,75239,149105
2020-11-10,4355,4108,8463,5838,6052,11890,14201,14758,28959,15788,15116,30904,12613,12001,24614,9471,8716,18187,5950,5021,10971,3433,3673,7106,1966,3997,5963,496,2013,2509,74111,75455,149566
2020-11-11,4365,4115,8480,5854,6072,11926,14253,14807,29060,15839,15165,31004,12652,12038,24690,9510,8736,18246,5967,5041,11008,3443,3687,7130,1969,4004,5973,497,2017,2514,74349,75682,150031
2020-11-12,4376,4122,8498,5871,6089,11960,14308,14852,29160,15879,15204,31083,12687,12072,24759,9534,8762,18296,5981,5052,11033,3447,3695,7142,1972,4006,5978,498,2022,2520,74553,75876,150429
2020-11-13,4384,4127,8511,5892,6105,11997,14348,14896,29244,15916,15235,31151,12733,12104,24837,9559,8785,18344,6001,5073,11074,3462,3701,7163,1975,4015,5990,500,2029,2529,74770,76070,150840
2020-11-14,4390,4133,8523,5908,6121,12029,14378,14933,29311,15953,15264,31217,12762,12125,24887,9589,8805,18394,6019,5086,11105,3470,3709,7179,1979,4020,5999,501,2030,2531,74949,76226,151175
2020-11-15,4394,4140,8534,5918,6139,12057,14401,14957,29358,15975,15290,31265,12787,12143,24930,9608,8818,18426,6028,5096,11124,3477,3718,7195,1981,4029,6010,502,2030,2532,75071,76360,151431
2020-11-16,4400,4149,8549,5935,6158,12093,14429,14998,29427,16014,15324,31338,12813,12170,24983,9629,8840,18469,6038,5112,11150,3489,3730,7219,1989,4033,6022,503,2032,2535,75239,76546,151785
2020-11-17,4408,4155,8563,5954,6177,12131,14477,15039,29516,16057,15370,31427,12851,12206,25057,9655,8869,18524,6058,5126,11184,3497,3740,7237,1994,4045,6039,505,2038,2543,75456,76765,152221
2020-11-18,4412,4162,8574,5971,6197,12168,14522,15092,29614,16106,15408,31514,12891,12235,25126,9678,8902,18580,6070,5143,11213,3509,3753,7262,1998,4056,6054,505,2043,2548,75662,76991,152653
2020-11-19,4416,4166,8582,5982,6212,12194,14570,15124,29694,16137,15444,31581,12911,12261,25172,9705,8925,18630,6086,5157,11243,3515,3760,7275,2000,4061,6061,505,2047,2552,75827,77157,152984
2020-11-20,4421,4171,8592,6001,6234,12235,14610,15152,29762,16166,15466,31632,12932,12275,25207,9717,8940,18657,6101,5170,11271,3521,3765,7286,2005,4063,6068,507,2049,2556,75981,77285,153266
2020-11-21,4427,4181,8608,6015,6251,12266,14638,15183,29821,16201,15498,31699,12950,12311,25261,9732,8957,18689,6114,5184,11298,3528,3772,7300,2008,4066,6074,507,2052,2559,76120,77455,153575
2020-11-22,4431,4184,8615,6025,6258,12283,14660,15205,29865,16218,15519,31737,12970,12327,25297,9744,8965,18709,6129,5189,11318,3533,3781,7314,2010,4067,6077,507,2053,2560,76227,77548,153775
2020-11-23,4436,4187,8623,6031,6266,12297,14681,15232,29913,16247,15545,31792,12993,12338,25331,9750,8984,18734,6138,5194,11332,3543,3787,7330,2013,4069,6082,507,2055,2562,76339,77657,153996
2020-11-24,4443,4191,8634,6040,6282,12322,14722,15278,30000,16293,15583,31876,13023,12360,25383,9771,9000,18771,6157,5207,11364,3551,3794,7345,2017,4071,6088,507,2057,2564,76524,77823,154347
2020-11-25,4458,4197,8655,6054,6295,12349,14773,15330,30103,16349,15631,31980,13059,12399,25458,9798,9022,18820,6175,5221,11396,3559,3807,7366,2021,4077,6098,508,2059,2567,76754,78038,154792
2020-11-26,4461,4211,8672,6066,6319,12385,14814,15368,30182,16403,15664,32067,13084,12423,25507,9815,9052,18867,6185,5237,11422,3563,3811,7374,2026,4081,6107,509,2063,2572,76926,78229,155155
2020-11-27,4468,4216,8684,6084,6331,12415,14862,15407,30269,16443,15689,32132,13118,12449,25567,9840,9073,18913,6199,5252,11451,3573,3817,7390,2029,4084,6113,511,2065,2576,77127,78383,155510
2020-11-28,4474,4222,8696,6100,6346,12446,14893,15448,30341,16475,15717,32192,13141,12473,25614,9852,9090,18942,6208,5267,11475,3577,3820,7397,2030,4087,6117,511,2066,2577,77261,78536,155797
2020-11-29,4481,4223,8704,6112,6359,12471,14923,15482,30405,16511,15742,32253,13165,12491,25656,9871,9105,18976,6213,5280,11493,3580,3824,7404,2034,4092,6126,514,2066,2580,77404,78664,156068
2020-11-30,4489,4228,8717,6124,6373,12497,14962,15515,30477,16546,15772,32318,13197,12511,25708,9886,9130,19016,6220,5290,11510,3591,3836,7427,2037,4100,6137,514,2069,2583,77566,78824,156390
2020-12-01,4499,4233,8732,6134,6384,12518,14999,15543,30542,16579,15822,32401,13229,12534,25763,9902,9144,19046,6234,5299,11533,3597,3841,7438,2040,4103,6143,514,2069,2583,77727,78972,156699
2020-12-02,4501,4237,8738,6142,6398,12540,15028,15569,30597,16609,15846,32455,13244,12557,25801,9911,9158,19069,6247,5307,11554,3603,3852,7455,2043,4109,6152,517,2074,2591,77845,79107,156952
2020-12-03,4506,4241,8747,6155,6410,12565,15062,15592,30654,16645,15877,32522,13273,12572,25845,9928,9173,19101,6259,5321,11580,3611,3863,7474,2046,4113,6159,519,2076,2595,78004,79238,157242
2020-12-04,4516,4246,8762,6171,6428,12599,15087,15630,30717,16683,15915,32598,13305,12604,25909,9950,9194,19144,6272,5333,11605,3619,3869,7488,2052,4116,6168,519,2076,2595,78174,79411,157585
2020-12-05,4522,4251,8773,6181,6443,12624,15112,15661,30773,16712,15945,32657,13325,12631,25956,9968,9212,19180,6286,5345,11631,3625,3879,7504,2058,4121,6179,519,2077,2596,78308,79565,157873
2020-12-06,4529,4255,8784,6189,6450,12639,15134,15683,30817,16738,15965,32703,13343,12652,25995,9988,9227,19215,6295,5354,11649,3630,3883,7513,2063,4123,6186,519,2077,2596,78428,79669,158097
2020-12-07,4533,4260,8793,6195,6462,12657,15151,15709,30860,16758,15988,32746,13373,12670,26043,10001,9246,19247,6307,5364,11671,3636,3888,7524,2065,4125,6190,519,2079,2598,78538,79791,158329
2020-12-08,4541,4262,8803,6207,6476,12683,15181,15739,30920,16794,16019,32813,13413,12692,26105,10023,9265,19288,6327,5370,11697,3648,3897,7545,2068,4130,6198,520,2081,2601,78722,79931,158653
2020-12-09,4546,4270,8816,6232,6494,12726,15229,15781,31010,16838,16055,32893,13450,12729,26179,10052,9293,19345,6343,5387,11730,3656,3911,7567,2069,4134,6203,521,2085,2606,78936,80139,159075
2020-12-10,4552,4278,8830,6244,6518,12762,15267,15834,31101,16892,16092,32984,13490,12772,26262,10076,9318,19394,6360,5402,11762,3665,3924,7589,2072,4140,6212,521,2087,2608,79139,80365,159504
2020-12-11,4564,4286,8850,6254,6530,12784,15318,15883,31201,16926,16134,33060,13528,12799,26327,10094,9349,19443,6371,5421,11792,3669,3935,7604,2077,4147,6224,521,2088,2609,79322,80572,159894
2020-12-12,4572,4290,8862,6270,6543,12813,15370,15933,31303,16965,16165,33130,13555,12825,26380,10108,9364,19472,6384,5435,11819,3681,3941,7622,2079,4147,6226,521,2088,2609,79505,80731,160236
2020-12-13,4574,4295,8869,6287,6558,12845,15409,15965,31374,16995,16206,33201,13580,12850,26430,10123,9384,19507,6402,5446,11848,3691,3947,7638,2084,4150,6234,523,2088,2611,79668,80889,160557
2020-12-14,4579,4299,8878,6305,6576,12881,15472,16023,31495,17064,16253,33317,13621,12894,26515,10154,9410,19564,6419,5468,11887,3703,3959,7662,2088,4161,6249,524,2090,2614,79929,81133,161062
2020-12-15,4583,4302,8885,6328,6598,12926,15535,16082,31617,17128,16306,33434,13671,12931,26602,10177,9441,19618,6441,5476,11917,3713,3966,7679,2096,4164,6260,526,2093,2619,80198,81359,161557
2020-12-16,4592,4311,8903,6349,6627,12976,15622,16150,31772,17178,16349,33527,13699,12961,26660,10204,9471,19675,6457,5494,11951,3728,3975,7703,2105,4169,6274,529,2097,2626,80463,81604,162067
2020-12-17,4602,4315,8917,6378,6660,13038,15734,16242,31976,17248,16415,33663,13740,13016,26756,10229,9508,19737,6469,5519,11988,3744,3989,7733,2109,4175,6284,530,2099,2629,80783,81938,162721
2020-12-18,4606,4324,8930,6419,6683,13102,15822,16323,32145,17318,16490,33808,13796,13059,26855,10263,9545,19808,6494,5546,12040,3760,4004,7764,2112,4188,6300,530,2110,2640,81120,82272,163392
2020-12-19,4616,4329,8945,6451,6714,13165,15890,16378,32268,17375,16543,33918,13842,13104,26946,10292,9574,19866,6513,5564,12077,3773,4014,7787,2117,4196,6313,530,2111,2641,81399,82527,163926
2020-12-20,4620,4338,8958,6475,6728,13203,15958,16426,32384,17413,16590,34003,13886,13158,27044,10321,9595,19916,6541,5582,12123,3782,4021,7803,2120,4200,6320,533,2113,2646,81649,82751,164400
2020-12-21,4630,4347,8977,6505,6761,13266,16052,16531,32583,17500,16680,34180,13945,13216,27161,10376,9636,20012,6588,5606,12194,3802,4039,7841,2124,4209,6333,534,2115,2649,82056,83140,165196
2020-12-22,4638,4360,8998,6534,6794,13328,16144,16625,32769,17615,16757,34372,14004,13279,27283,10432,9691,20123,6609,5632,12241,3820,4055,7875,2129,4218,6347,535,2118,2653,82460,83529,165989
2020-12-23,4648,4371,9019,6564,6834,13398,16280,16747,33027,17732,16852,34584,14073,13352,27425,10505,9752,20257,6635,5665,12300,3847,4076,7923,2133,4229,6362,536,2120,2656,82953,83998,166951
2020-12-24,4650,4373,9023,6583,6860,13443,16349,16807,33156,17800,16896,34696,14104,13401,27505,10536,9777,20313,6656,5677,12333,3859,4083,7942,2135,4235,6370,536,2121,2657,83208,84230,167438
2020-12-25,4653,4380,9033,6599,6876,13475,16391,16846,33237,17836,16925,34761,14148,13432,27580,10560,9796,20356,6676,5692,12368,3865,4090,7955,2136,4236,6372,536,2122,2658,83400,84395,167795
2020-12-26,4664,4390,9054,6630,6915,13545,16507,16957,33464,17947,17020,34967,14220,13520,27740,10639,9852,20491,6717,5737,12454,3880,4108,7988,2139,4243,6382,537,2123,2660,83880,84865,168745
2020-12-27,4677,4395,9072,6655,6958,13613,16607,17048,33655,18040,17095,35135,14284,13571,27855,10692,9893,20585,6741,5765,12506,3895,4125,8020,2141,4249,6390,537,2123,2660,84269,85222,169491
2020-12-28,4695,4414,9109,6702,7029,13731,16763,17186,33949,18155,17228,35383,14407,13674,28081,10792,9963,20755,6784,5805,12589,3928,4158,8086,2152,4266,6418,539,2125,2664,84917,85848,170765
2020-12-29,4703,4432,9135,6757,7093,13850,16949,17367,34316,18320,17367,35687,14507,13772,28279,10861,10052,20913,6834,5860,12694,3962,4192,8154,2164,4275,6439,542,2128,2670,85599,86538,172137
2020-12-30,4729,4451,9180,6822,7167,13989,17132,17524,34656,18473,17503,35976,14620,13894,28514,10945,10134,21079,6882,5925,12807,3997,4226,8223,2173,4289,6462,545,2132,2677,86318,87245,173563
2020-12-31,4738,4458,9196,6859,7216,14075,17280,17648,34928,18558,17579,36137,14682,13971,28653,10991,10174,21165,6909,5952,12861,4018,4240,8258,2181,4293,6474,545,2132,2677,86761,87663,174424
2021-01-01,4743,4460,9203,6879,7231,14110,17312,17690,35002,18598,17622,36220,14706,14007,28713,11009,10192,21201,6929,5978,12907,4028,4251,8279,2182,4296,6478,545,2132,2677,86931,87859,174790
2021-01-02,4750,4471,9221,6932,7282,14214,17416,17810,35226,18707,17716,36423,14792,14097,28889,11083,10260,21343,6974,6020,12994,4048,4273,8321,2187,4300,6487,551,2132,2683,87440,88361,175801
2021-01-03,4766,4484,9250,6973,7328,14301,17544,17960,35504,18811,17811,36622,14875,14173,29048,11143,10331,21474,7014,6052,13066,4067,4297,8364,2195,4307,6502,552,2133,2685,87940,88876,176816
2021-01-04,4781,4494,9275,7044,7392,14436,17771,18174,35945,18988,17977,36965,14992,14277,29269,11240,10435,21675,7067,6104,13171,4096,4331,8427,2208,4329,6537,555,2138,2693,88742,89651,178393
2021-01-05,4801,4517,9318,7124,7467,14591,18017,18429,36446,19162,18139,37301,15109,14379,29488,11345,10510,21855,7126,6160,13286,4118,4365,8483,2214,4347,6561,557,2147,2704,89573,90460,180033
2021-01-06,4816,4530,9346,7197,7542,14739,18257,18658,36915,19345,18296,37641,15225,14483,29708,11433,10586,22019,7180,6220,13400,4149,4397,8546,2223,4362,6585,558,2151,2709,90383,91225,181608
2021-01-07,4837,4543,9380,7261,7615,14876,18451,18871,37322,19497,18441,37938,15330,14594,29924,11516,10675,22191,7226,6264,13490,4175,4434,8609,2231,4369,6600,563,2155,2718,91087,91961,183048
2021-01-08,4852,4560,9412,7320,7685,15005,18644,19062,37706,19636,18564,38200,15445,14712,30157,11604,10754,22358,7279,6320,13599,4201,4459,8660,2238,4383,6621,564,2161,2725,91783,92660,184443
2021-01-09,4859,4568,9427,7367,7739,15106,18783,19235,38018,19758,18661,38419,15541,14804,30345,11663,10825,22488,7325,6361,13686,4216,4486,8702,2244,4394,6638,566,2164,2730,92322,93237,185559
2021-01-10,4868,4572,9440,7412,7775,15187,18894,19373,38267,19826,18740,38566,15600,14869,30469,11718,10874,22592,7352,6393,13745,4230,4506,8736,2251,4400,6651,569,2166,2735,92720,93668,186388
2021-01-11,4875,4582,9457,7477,7834,15311,19084,19567,38651,19941,18860,38801,15691,14942,30633,11798,10950,22748,7395,6438,13833,4265,4530,8795,2257,4410,6667,570,2170,2740,93353,94283,187636
2021-01-12,4886,4589,9475,7530,7908,15438,19290,19758,39048,20087,18990,39077,15778,15039,30817,11864,11030,22894,7441,6482,13923,4298,4557,8855,2270,4426,6696,570,2174,2744,94014,94953,188967
2021-01-13,4902,4604,9506,7593,8003,15596,19469,19961,39430,20237,19128,39365,15877,15137,31014,11936,11102,23038,7490,6534,14024,4326,4576,8902,2282,4434,6716,571,2180,2751,94683,95659,190342
2021-01-14,4919,4614,9533,7659,8073,15732,19627,20153,39780,20370,19234,39604,15957,15218,31175,12005,11178,23183,7536,6573,14109,4352,4606,8958,2294,4442,6736,575,2181,2756,95294,96272,191566
2021-01-15,4933,4625,9558,7743,8132,15875,19813,20308,40121,20498,19341,39839,16059,15296,31355,12085,11267,23352,7584,6608,14192,4372,4630,9002,2303,4458,6761,575,2184,2759,95965,96849,192814
2021-01-16,4940,4636,9576,7807,8204,16011,19937,20441,40378,20601,19438,40039,16131,15379,31510,12134,11318,23452,7617,6636,14253,4394,4648,9042,2309,4468,6777,576,2189,2765,96446,97357,193803
2021-01-17,4945,4644,9589,7864,8254,16118,20050,20574,40624,20687,19514,40201,16194,15436,31630,12186,11369,23555,7662,6658,14320,4414,4655,9069,2315,4474,6789,577,2190,2767,96894,97768,194662
2021-01-18,4958,4657,9615,7938,8326,16264,20271,20757,41028,20817,19639,40456,16291,15522,31813,12269,11449,23718,7719,6706,14425,4441,4686,9127,2326,4491,6817,578,2192,2770,97608,98425,196033
2021-01-19,4973,4664,9637,8010,8416,16426,20432,20931,41363,20958,19740,40698,16378,15618,31996,12321,11510,23831,7765,6746,14511,4467,4712,9179,2339,4508,6847,578,2198,2776,98221,99043,197264
2021-01-20,4979,4670,9649,8095,8482,16577,20612,21098,41710,21076,19839,40915,16471,15716,32187,12393,11581,23974,7797,6797,14594,4489,4738,9227,2352,4527,6879,578,2204,2782,98842,99652,198494
2021-01-21,4989,4679,9668,8170,8547,16717,20741,21244,41985,21194,19949,41143,16574,15809,32383,12464,11668,24132,7841,6837,14678,4515,4763,9278,2363,4550,6913,582,2210,2792,99433,100256,199689
2021-01-22,5009,4689,9698,8232,8607,16839,20882,21402,42284,21291,20050,41341,16640,15885,32525,12528,11739,24267,7884,6864,14748,4536,4783,9319,2374,4560,6934,585,2213,2798,99961,100792,200753
2021-01-23,5016,4701,9717,8299,8677,16976,20991,21510,42501,21372,20115,41487,16693,15943,32636,12582,11803,24385,7915,6899,14814,4557,4812,9369,2378,4572,6950,587,2213,2800,100390,101245,201635
2021-01-24,5024,4714,9738,8368,8734,17102,21119,21593,42712,21458,20195,41653,16742,16001,32743,12620,11844,24464,7949,6924,14873,4578,4824,9402,2382,4578,6960,587,2213,2800,100827,101620,202447
2021-01-25,5034,4726,9760,8474,8845,17319,21282,21743,43025,21576,20284,41860,16839,16097,32936,12690,11903,24593,8002,6964,14966,4602,4854,9456,2390,4591,6981,590,2215,2805,101479,102222,203701
2021-01-26,5048,4740,9788,8574,8956,17530,21421,21891,43312,21671,20374,42045,16918,16186,33104,12761,11972,24733,8046,6998,15044,4628,4879,9507,2400,4612,7012,592,2224,2816,102059,102832,204891
2021-01-27,5055,4753,9808,8681,9047,17728,21539,22020,43559,21763,20451,42214,16986,16262,33248,12815,12019,24834,8090,7033,15123,4646,4896,9542,2408,4626,7034,593,2226,2819,102576,103333,205909
2021-01-28,5067,4763,9830,8759,9145,17904,21693,22141,43834,21865,20530,42395,17066,16346,33412,12879,12075,24954,8135,7070,15205,4659,4919,9578,2412,4639,7051,593,2230,2823,103128,103858,206986
2021-01-29,5087,4778,9865,8845,9241,18086,21801,22265,44066,21955,20625,42580,17142,16432,33574,12934,12154,25088,8164,7106,15270,4677,4944,9621,2418,4655,7073,596,2233,2829,103619,104433,208052
2021-01-30,5095,4784,9879,8959,9331,18290,21901,22365,44266,22018,20705,42723,17207,16498,33705,12972,12204,25176,8194,7140,15334,4689,4962,9651,2421,4664,7085,597,2235,2832,104053,104888,208941
2021-01-31,5098,4797,9895,9065,9424,18489,21990,22466,44456,22070,20774,42844,17282,16571,33853,13016,12252,25268,8223,7173,15396,4706,4975,9681,2424,4669,7093,597,2237,2834,104471,105338,209809
2021-02-01,5110,4812,9922,9167,9546,18713,22120,22587,44707,22161,20862,43023,17379,16657,34036,13083,12324,25407,8266,7221,15487,4739,5010,9749,2432,4682,7114,597,2241,2838,105054,105942,210996
2021-02-02,5117,4827,9944,9246,9634,18880,22231,22718,44949,22257,20962,43219,17456,16732,34188,13148,12387,25535,8311,7256,15567,4757,5025,9782,2440,4702,7142,597,2244,2841,105560,106487,212047
2021-02-03,5132,4841,9973,9327,9694,19021,22354,22826,45180,22347,21057,43404,17530,16809,34339,13215,12463,25678,8352,7302,15654,4780,5048,9828,2452,4716,7168,600,2244,2844,106089,107000,213089
2021-02-04,5137,4851,9988,9386,9753,19139,22453,22925,45378,22421,21143,43564,17606,16874,34480,13272,12527,25799,8397,7333,15730,4798,5071,9869,2462,4733,7195,600,2249,2849,106532,107459,213991
2021-02-05,5145,4860,10005,9440,9802,19242,22537,23022,45559,22506,21230,43736,17669,16949,34618,13318,12585,25903,8433,7355,15788,4816,5092,9908,2467,4742,7209,601,2253,2854,106932,107890,214822
2021-02-06,5153,4865,10018,9471,9840,19311,22615,23087,45702,22564,21294,43858,17722,17011,34733,13356,12625,25981,8458,7388,15846,4832,5108,9940,2474,4749,7223,601,2255,2856,107246,108222,215468
2021-02-07,5157,4870,10027,9502,9869,19371,22664,23141,45805,22620,21355,43975,17761,17042,34803,13397,12662,26059,8485,7421,15906,4852,5120,9972,2478,4758,7236,601,2258,2859,107517,108496,216013
2021-02-08,5168,4886,10054,9563,9919,19482,22743,23231,45974,22705,21441,44146,17856,17125,34981,13451,12726,26177,8536,7456,15992,4875,5153,10028,2484,4773,7257,603,2261,2864,107984,108971,216955
2021-02-09,5177,4890,10067,9607,9947,19554,22818,23298,46116,22778,21519,44297,17922,17185,35107,13493,12766,26259,8568,7490,16058,4888,5168,10056,2491,4782,7273,604,2262,2866,108346,109307,217653
2021-02-10,5193,4897,10090,9645,9989,19634,22887,23379,46266,22857,21611,44468,17986,17247,35233,13536,12807,26343,8600,7514,16114,4905,5187,10092,2496,4791,7287,605,2265,2870,108710,109687,218397
2021-02-11,5198,4906,10104,9674,10024,19698,22965,23458,46423,22924,21676,44600,18043,17301,35344,13574,12872,26446,8643,7549,16192,4927,5208,10135,2500,4793,7293,608,2270,2878,109056,110057,219113
2021-02-12,5208,4916,10124,9713,10063,19776,23029,23532,46561,23001,21745,44746,18105,17354,35459,13617,12909,26526,8670,7577,16247,4946,5225,10171,2511,4807,7318,610,2274,2884,109410,110402,219812
2021-02-13,5218,4919,10137,9742,10089,19831,23087,23588,46675,23058,21799,44857,18158,17405,35563,13655,12943,26598,8690,7596,16286,4964,5246,10210,2512,4815,7327,614,2276,2890,109698,110676,220374
2021-02-14,5224,4924,10148,9765,10118,19883,23119,23638,46757,23096,21855,44951,18212,17452,35664,13684,12974,26658,8715,7624,16339,4976,5264,10240,2517,4821,7338,614,2277,2891,109922,110947,220869
2021-02-15,5227,4930,10157,9795,10148,19943,23169,23696,46865,23150,21924,45074,18269,17507,35776,13718,13007,26725,8739,7645,16384,4983,5271,10254,2523,4826,7349,614,2282,2896,110187,111236,221423
2021-02-16,5236,4942,10178,9819,10183,20002,23215,23754,46969,23210,21977,45187,18318,17553,35871,13743,13042,26785,8763,7674,16437,4998,5294,10292,2531,4833,7364,615,2287,2902,110448,111539,221987
2021-02-17,5250,4950,10200,9851,10210,20061,23300,23855,47155,23303,22061,45364,18388,17619,36007,13793,13099,26892,8816,7705,16521,5018,5308,10326,2538,4846,7384,616,2289,2905,110873,111942,222815
2021-02-18,5256,4964,10220,9885,10236,20121,23401,23963,47364,23383,22154,45537,18444,17694,36138,13830,13153,26983,8853,7730,16583,5041,5323,10364,2542,4852,7394,617,2294,2911,111252,112363,223615
2021-02-19,5261,4970,10231,9926,10269,20195,23478,24048,47526,23498,22245,45743,18507,17755,36262,13865,13200,27065,8885,7754,16639,5059,5338,10397,2544,4858,7402,617,2294,2911,111640,112731,224371
2021-02-20,5268,4975,10243,9953,10289,20242,23545,24117,47662,23569,22301,45870,18548,17812,36360,13902,13240,27142,8916,7776,16692,5074,5354,10428,2548,4866,7414,618,2295,2913,111941,113025,224966
2021-02-21,5277,4979,10256,9974,10322,20296,23613,24175,47788,23631,22364,45995,18594,17854,36448,13932,13278,27210,8936,7808,16744,5085,5366,10451,2551,4870,7421,618,2299,2917,112211,113315,225526
2021-02-22,5287,4989,10276,10010,10352,20362,23696,24253,47949,23712,22429,46141,18650,17897,36547,13985,13311,27296,8954,7837,16791,5101,5380,10481,2555,4876,7431,620,2300,2920,112570,113624,226194
2021-02-23,5299,5000,10299,10039,10391,20430,23787,24332,48119,23787,22511,46298,18709,17944,36653,14026,13353,27379,8994,7864,16858,5116,5393,10509,2564,4884,7448,623,2300,2923,112944,113972,226916
2021-02-24,5313,5006,10319,10075,10427,20502,23870,24407,48277,23853,22563,46416,18761,18004,36765,14064,13404,27468,9021,7889,16910,5128,5414,10542,2566,4889,7455,624,2304,2928,113275,114307,227582
2021-02-25,5327,5020,10347,10110,10471,20581,23968,24508,48476,23930,22647,46577,18816,18080,36896,14116,13451,27567,9059,7910,16969,5143,5436,10579,2571,4895,7466,627,2309,2936,113667,114727,228394
2021-02-26,5335,5030,10365,10149,10500,20649,24029,24585,48614,24001,22698,46699,18855,18139,36994,14163,13500,27663,9085,7940,17025,5161,5462,10623,2576,4908,7484,629,2311,2940,113983,115073,229056
2021-02-27,5345,5033,10378,10169,10521,20690,24086,24650,48736,24055,22749,46804,18897,18197,37094,14205,13530,27735,9117,7961,17078,5167,5478,10645,2583,4913,7496,629,2312,2941,114253,115344,229597
2021-02-28,5352,5034,10386,10192,10540,20732,24123,24700,48823,24110,22801,46911,18936,18240,37176,14235,13550,27785,9135,7980,17115,5172,5486,10658,2585,4920,7505,629,2316,2945,114469,115567,230036
2021-03-01,5368,5053,10421,10234,10574,20808,24189,24775,48964,24211,22877,47088,19000,18306,37306,14287,13600,27887,9166,8004,17170,5187,5507,10694,2588,4935,7523,629,2318,2947,114859,115949,230808
2021-03-02,5382,5063,10445,10271,10607,20878,24257,24843,49100,24284,22953,47237,19049,18352,37401,14322,13646,27968,9200,8029,17229,5202,5518,10720,2592,4947,7539,629,2320,2949,115188,116278,231466
2021-03-03,5397,5072,10469,10313,10645,20958,24348,24921,49269,24357,23033,47390,19113,18402,37515,14360,13689,28049,9250,8057,17307,5217,5538,10755,2599,4958,7557,629,2324,2953,115583,116639,232222
2021-03-04,5413,5085,10498,10346,10688,21034,24424,24988,49412,24430,23095,47525,19179,18463,37642,14411,13731,28142,9286,8089,17375,5228,5552,10780,2600,4966,7566,630,2324,2954,115947,116981,232928
2021-03-05,5435,5093,10528,10403,10743,21146,24513,25078,49591,24502,23187,47689,19262,18521,37783,14467,13785,28252,9311,8121,17432,5244,5573,10817,2602,4976,7578,632,2327,2959,116371,117404,233775
2021-03-06,5440,5101,10541,10443,10791,21234,24559,25133,49692,24562,23240,47802,19315,18587,37902,14493,13824,28317,9345,8152,17497,5262,5577,10839,2607,4980,7587,632,2330,2962,116658,117715,234373
2021-03-07,5446,5115,10561,10475,10826,21301,24605,25183,49788,24622,23292,47914,19357,18633,37990,14535,13859,28394,9371,8180,17551,5269,5593,10862,2614,4983,7597,632,2331,2963,116926,117995,234921
2021-03-08,5463,5126,10589,10519,10852,21371,24686,25261,49947,24729,23372,48101,19438,18711,38149,14582,13918,28500,9416,8210,17626,5284,5613,10897,2625,4995,7620,633,2335,2968,117375,118393,235768
2021-03-09,5476,5145,10621,10566,10926,21492,24766,25334,50100,24809,23461,48270,19511,18793,38304,14648,13964,28612,9454,8242,17696,5305,5628,10933,2635,5004,7639,633,2337,2970,117803,118834,236637
2021-03-10,5496,5157,10653,10606,10979,21585,24830,25424,50254,24904,23531,48435,19561,18859,38420,14697,14026,28723,9486,8279,17765,5320,5655,10975,2639,5011,7650,633,2340,2973,118172,119261,237433
2021-03-11,5513,5178,10691,10652,11051,21703,24903,25526,50429,24991,23604,48595,19640,18925,38565,14746,14073,28819,9523,8307,17830,5336,5670,11006,2647,5023,7670,634,2342,2976,118585,119699,238284
2021-03-12,5532,5187,10719,10725,11119,21844,24981,25591,50572,25074,23676,48750,19717,19012,38729,14801,14133,28934,9548,8335,17883,5369,5695,11064,2652,5039,7691,636,2348,2984,119035,120135,239170
2021-03-13,5542,5195,10737,10774,11174,21948,25059,25657,50716,25134,23747,48881,19784,19074,38858,14847,14185,29032,9567,8360,17927,5385,5706,11091,2655,5042,7697,636,2351,2987,119383,120491,239874
2021-03-14,5551,5202,10753,10802,11226,22028,25119,25720,50839,25197,23802,48999,19830,19130,38960,14892,14233,29125,9599,8387,17986,5402,5721,11123,2660,5047,7707,636,2353,2989,119688,120821,240509
2021-03-15,5563,5224,10787,10850,11273,22123,25197,25782,50979,25294,23878,49172,19917,19191,39108,14972,14287,29259,9641,8424,18065,5434,5741,11175,2665,5055,7720,638,2363,3001,120171,121218,241389
2021-03-16,5577,5236,10813,10914,11326,22240,25287,25878,51165,25363,23959,49322,20019,19265,39284,15033,14339,29372,9668,8455,18123,5444,5753,11197,2674,5074,7748,641,2367,3008,120620,121652,242272
2021-03-17,5593,5252,10845,10983,11382,22365,25383,25975,51358,25460,24048,49508,20082,19337,39419,15074,14377,29451,9709,8490,18199,5467,5770,11237,2677,5079,7756,641,2369,3010,121069,122079,243148
2021-03-18,5612,5266,10878,11039,11437,22476,25473,26071,51544,25543,24143,49686,20148,19411,39559,15135,14427,29562,9740,8532,18272,5481,5803,11284,2682,5090,7772,641,2375,3016,121494,122555,244049
2021-03-19,5632,5286,10918,11095,11504,22599,25560,26179,51739,25641,24237,49878,20225,19501,39726,15185,14480,29665,9775,8571,18346,5510,5823,11333,2685,5104,7789,641,2375,3016,121949,123060,245009
2021-03-20,5639,5301,10940,11125,11550,22675,25627,26245,51872,25724,24304,50028,20302,19550,39852,15231,14525,29756,9810,8590,18400,5521,5838,11359,2688,5110,7798,641,2377,3018,122308,123390,245698
2021-03-21,5652,5315,10967,11166,11594,22760,25678,26307,51985,25806,24375,50181,20369,19612,39981,15264,14571,29835,9847,8622,18469,5543,5864,11407,2692,5119,7811,642,2377,3019,122659,123756,246415
2021-03-22,5671,5335,11006,11229,11659,22888,25800,26421,52221,25930,24506,50436,20465,19711,40176,15348,14647,29995,9888,8660,18548,5565,5881,11446,2698,5133,7831,643,2384,3027,123237,124337,247574
2021-03-23,5691,5348,11039,11291,11745,23036,25924,26560,52484,26067,24628,50695,20572,19818,40390,15437,14715,30152,9943,8721,18664,5592,5909,11501,2703,5150,7853,644,2388,3032,123864,124982,248846
2021-03-24,5711,5361,11072,11380,11828,23208,26043,26710,52753,26198,24742,50940,20691,19920,40611,15525,14799,30324,9998,8766,18764,5619,5936,11555,2712,5155,7867,646,2393,3039,124523,125610,250133
2021-03-25,5730,5382,11112,11465,11909,23374,26218,26889,53107,26347,24893,51240,20810,20041,40851,15612,14908,30520,10051,8822,18873,5653,5967,11620,2725,5169,7894,646,2396,3042,125257,126376,251633
2021-03-26,5764,5407,11171,11567,11998,23565,26397,27096,53493,26495,25037,51532,20963,20185,41148,15704,15005,30709,10103,8879,18982,5687,6002,11689,2736,5185,7921,646,2400,3046,126062,127194,253256
2021-03-27,5786,5427,11213,11642,12067,23709,26542,27246,53788,26619,25173,51792,21077,20321,41398,15790,15080,30870,10160,8936,19096,5714,6030,11744,2747,5197,7944,647,2402,3049,126724,127879,254603
2021-03-28,5807,5442,11249,11710,12148,23858,26675,27352,54027,26752,25295,52047,21203,20418,41621,15878,15162,31040,10209,8983,19192,5746,6056,11802,2754,5205,7959,648,2404,3052,127382,128465,255847
2021-03-29,5846,5472,11318,11818,12254,24072,26886,27560,54446,26914,25500,52414,21357,20560,41917,16022,15271,31293,10303,9034,19337,5790,6092,11882,2760,5218,7978,650,2409,3059,128346,129370,257716
2021-03-30,5868,5503,11371,11932,12363,24295,27123,27817,54940,27136,25694,52830,21533,20722,42255,16144,15397,31541,10380,9093,19473,5824,6139,11963,2770,5240,8010,657,2413,3070,129367,130381,259748
2021-03-31,5901,5534,11435,12058,12481,24539,27408,28079,55487,27367,25895,53262,21730,20891,42621,16258,15528,31786,10452,9159,19611,5853,6172,12025,2783,5259,8042,658,2419,3077,130468,131417,261885
2021-04-01,5921,5556,11477,12189,12625,24814,27703,28343,56046,27580,26110,53690,21876,21062,42938,16401,15652,32053,10538,9241,19779,5885,6205,12090,2794,5266,8060,661,2421,3082,131548,132481,264029
2021-04-02,5944,5586,11530,12317,12790,25107,27887,28533,56420,27771,26283,54054,22035,21210,43245,16508,15756,32264,10613,9302,19915,5919,6245,12164,2800,5278,8078,663,2422,3085,132457,133405,265862
2021-04-03,5967,5610,11577,12433,12897,25330,28072,28716,56788,27981,26490,54471,22216,21386,43602,16639,15882,32521,10686,9379,20065,5958,6286,12244,2813,5291,8104,666,2428,3094,133431,134365,267796
2021-04-04,5996,5632,11628,12550,13010,25560,28282,28931,57213,28187,26674,54861,22406,21542,43948,16761,15997,32758,10765,9451,20216,5989,6325,12314,2817,5303,8120,668,2431,3099,134421,135296,269717
2021-04-05,6039,5679,11718,12738,13196,25934,28626,29287,57913,28490,27022,55512,22642,21805,44447,16964,16203,33167,10886,9558,20444,6042,6385,12427,2831,5327,8158,668,2437,3105,135926,136899,272825
2021-04-06,6085,5717,11802,12897,13379,26276,29003,29624,58627,28815,27342,56157,22891,22063,44954,17158,16390,33548,10999,9656,20655,6089,6434,12523,2852,5340,8192,672,2443,3115,137461,138388,275849
2021-04-07,6128,5776,11904,13108,13589,26697,29397,30033,59430,29182,27619,56801,23154,22327,45481,17349,16564,33913,11102,9767,20869,6138,6478,12616,2870,5359,8229,675,2448,3123,139103,139960,279063
2021-04-08,6174,5828,12002,13295,13759,27054,29762,30408,60170,29491,27942,57433,23393,22595,45988,17546,16746,34292,11196,9861,21057,6190,6527,12717,2888,5383,8271,677,2451,3128,140612,141500,282112
2021-04-09,6238,5879,12117,13467,13924,27391,30070,30761,60831,29816,28259,58075,23641,22844,46485,17683,16926,34609,11278,9951,21229,6228,6567,12795,2906,5401,8307,681,2458,3139,142008,142970,284978
2021-04-10,6282,5911,12193,13622,14083,27705,30301,31059,61360,30049,28516,58565,23851,23051,46902,17818,17072,34890,11379,10039,21418,6270,6600,12870,2919,5423,8342,683,2462,3145,143174,144216,287390
2021-04-11,6311,5943,12254,13762,14264,28026,30477,31232,61709,30282,28744,59026,24040,23254,47294,17953,17203,35156,11479,10125,21604,6320,6653,12973,2928,5436,8364,685,2470,3155,144237,145324,289561
2021-04-12,6384,5991,12375,13945,14453,28398,30786,31541,62327,30631,29012,59643,24288,23529,47817,18160,17400,35560,11628,10248,21876,6394,6724,13118,2943,5460,8403,688,2475,3163,145847,146833,292680
2021-04-13,6435,6033,12468,14106,14607,28713,31079,31861,62940,30929,29299,60228,24548,23769,48317,18355,17590,35945,11755,10360,22115,6450,6783,13233,2964,5487,8451,693,2482,3175,147314,148271,295585
2021-04-14,6474,6100,12574,14283,14780,29063,31382,32197,63579,31229,29571,60800,24820,24053,48873,18576,17781,36357,11882,10502,22384,6522,6842,13364,2973,5508,8481,696,2492,3188,148837,149826,298663
2021-04-15,6527,6148,12675,14434,14917,29351,31645,32472,64117,31496,29849,61345,25063,24268,49331,18788,17950,36738,11998,10620,22618,6587,6903,13490,2986,5529,8515,699,2498,3197,150223,151154,301377
2021-04-16,6577,6195,12772,14590,15056,29646,31886,32773,64659,31807,30162,61969,25369,24547,49916,18998,18120,37118,12150,10749,22899,6646,6973,13619,3006,5551,8557,701,2505,3206,151730,152631,304361
2021-04-17,6618,6227,12845,14697,15193,29890,32114,33064,65178,32052,30427,62479,25604,24748,50352,19161,18282,37443,12267,10863,23130,6712,7045,13757,3016,5575,8591,704,2514,3218,152945,153938,306883
2021-04-18,6657,6270,12927,14801,15304,30105,32302,33258,65560,32282,30653,62935,25817,24944,50761,19346,18418,37764,12368,10964,23332,6767,7083,13850,3030,5595,8625,705,2520,3225,154075,155009,309084
2021-04-19,6708,6326,13034,14943,15448,30391,32620,33585,66205,32648,30991,63639,26106,25277,51383,19567,18623,38190,12528,11099,23627,6841,7145,13986,3046,5618,8664,705,2526,3231,155712,156638,312350
2021-04-20,6784,6388,13172,15088,15598,30686,32904,33893,66797,32984,31347,64331,26415,25560,51975,19792,18813,38605,12680,11228,23908,6900,7209,14109,3065,5655,8720,710,2530,3240,157322,158221,315543
2021-04-21,6833,6434,13267,15241,15759,31000,33174,34210,67384,33307,31656,64963,26720,25830,52550,19989,19015,39004,12823,11362,24185,6968,7272,14240,3093,5687,8780,713,2540,3253,158861,159765,318626
2021-04-22,6897,6493,13390,15384,15926,31310,33397,34446,67843,33596,31936,65532,26971,26072,53043,20167,19193,39360,12938,11481,24419,7028,7331,14359,3111,5713,8824,718,2549,3267,160207,161140,321347
2021-04-23,6962,6546,13508,15525,16082,31607,33659,34705,68364,33907,32225,66132,27227,26364,53591,20340,19380,39720,13054,11581,24635,7071,7401,14472,3128,5736,8864,720,2561,3281,161593,162581,324174
2021-04-24,6999,6579,13578,15620,16178,31798,33828,34893,68721,34102,32433,66535,27447,26575,54022,20504,19508,40012,13149,11655,24804,7105,7443,14548,3138,5763,8901,721,2572,3293,162613,163599,326212
2021-04-25,7046,6610,13656,15700,16264,31964,33978,35069,69047,34300,32629,66929,27629,26765,54394,20666,19638,40304,13232,11739,24971,7141,7481,14622,3148,5782,8930,722,2573,3295,163562,164550,328112
2021-04-26,7112,6653,13765,15801,16401,32202,34193,35314,69507,34601,32886,67487,27876,27029,54905,20855,19797,40652,13350,11847,25197,7188,7549,14737,3163,5807,8970,725,2579,3304,164864,165862,330726
2021-04-27,7172,6719,13891,15927,16535,32462,34406,35558,69964,34871,33177,68048,28092,27287,55379,21010,19963,40973,13464,11946,25410,7256,7614,14870,3187,5832,9019,730,2582,3312,166115,167213,333328
2021-04-28,7254,6768,14022,16079,16665,32744,34615,35771,70386,35139,33437,68576,28319,27535,55854,21182,20140,41322,13586,12056,25642,7315,7661,14976,3201,5855,9056,734,2589,3323,167424,168477,335901
2021-04-29,7300,6820,14120,16220,16809,33029,34844,36014,70858,35369,33716,69085,28544,27755,56299,21333,20302,41635,13694,12164,25858,7367,7720,15087,3216,5872,9088,736,2593,3329,168623,169765,338388
2021-04-30,7373,6883,14256,16345,16937,33282,35051,36266,71317,35600,33987,69587,28779,27975,56754,21500,20467,41967,13804,12299,26103,7423,7781,15204,3231,5890,9121,740,2601,3341,169846,171086,340932
2021-05-01,7416,6913,14329,16428,17016,33444,35193,36424,71617,35769,34168,69937,28932,28144,57076,21620,20579,42199,13901,12381,26282,7457,7823,15280,3238,5912,9150,740,2607,3347,170694,171967,342661
2021-05-02,7445,6947,14392,16507,17093,33600,35311,36573,71884,35922,34349,70271,29098,28308,57406,21738,20709,42447,13986,12462,26448,7493,7867,15360,3249,5929,9178,741,2612,3353,171490,172849,344339
2021-05-03,7519,7005,14524,16628,17235,33863,35545,36827,72372,36223,34645,70868,29360,28577,57937,21929,20915,42844,14126,12576,26702,7541,7927,15468,3274,5959,9233,747,2623,3370,172892,174289,347181
2021-05-04,7569,7074,14643,16751,17364,34115,35783,37034,72817,36489,34905,71394,29581,28784,58365,22110,21073,43183,14248,12668,26916,7585,7978,15563,3292,5980,9272,750,2634,3384,174158,175494,349652
2021-05-05,7622,7132,14754,16865,17471,34336,36002,37239,73241,36723,35146,71869,29772,28993,58765,22258,21241,43499,14342,12761,27103,7617,8027,15644,3307,6004,9311,755,2642,3397,175263,176656,351919
2021-05-06,7672,7182,14854,16949,17575,34524,36183,37457,73640,36921,35344,72265,29943,29173,59116,22398,21365,43763,14436,12848,27284,7657,8070,15727,3314,6026,9340,755,2653,3408,176228,177693,353921
2021-05-07,7717,7241,14958,17082,17694,34776,36356,37669,74025,37133,35562,72695,30115,29356,59471,22537,21510,44047,14533,12950,27483,7700,8113,15813,3332,6045,9377,758,2661,3419,177263,178801,356064
2021-05-08,7754,7264,15018,17155,17777,34932,36507,37817,74324,37305,35721,73026,30256,29539,59795,22656,21623,44279,14607,13012,27619,7734,8146,15880,3343,6064,9407,765,2672,3437,178082,179635,357717
2021-05-09,7789,7304,15093,17224,17851,35075,36631,37935,74566,37443,35888,73331,30399,29688,60087,22748,21705,44453,14681,13083,27764,7764,8177,15941,3353,6080,9433,769,2682,3451,178801,180393,359194
2021-05-10,7843,7368,15211,17370,17988,35358,36861,38195,75056,37717,36164,73881,30644,29935,60579,22948,21911,44859,14800,13207,28007,7827,8234,16061,3374,6121,9495,773,2689,3462,180157,181812,361969
2021-05-11,7906,7424,15330,17497,18091,35588,37069,38443,75512,37988,36432,74420,30881,30177,61058,23114,22074,45188,14899,13302,28201,7875,8279,16154,3385,6149,9534,782,2702,3484,181396,183073,364469
2021-05-12,7966,7489,15455,17603,18205,35808,37304,38672,75976,38248,36688,74936,31115,30400,61515,23287,22248,45535,15001,13389,28390,7923,8329,16252,3401,6181,9582,789,2713,3502,182637,184314,366951
2021-05-13,8037,7518,15555,17713,18322,36035,37489,38868,76357,38473,36910,75383,31318,30602,61920,23444,22426,45870,15076,13468,28544,7964,8377,16341,3415,6202,9617,794,2722,3516,183723,185415,369138
2021-05-14,8111,7584,15695,17846,18471,36317,37709,39132,76841,38739,37227,75966,31585,30847,62432,23626,22598,46224,15167,13584,28751,8017,8438,16455,3435,6223,9658,795,2730,3525,185030,186834,371864
2021-05-15,8178,7625,15803,17953,18607,36560,37883,39310,77193,38935,37414,76349,31785,31044,62829,23775,22740,46515,15251,13649,28900,8046,8483,16529,3451,6246,9697,795,2738,3533,186052,187856,373908
2021-05-16,8213,7671,15884,18029,18689,36718,38027,39483,77510,39132,37614,76746,31988,31246,63234,23917,22850,46767,15329,13721,29050,8085,8523,16608,3461,6257,9718,798,2750,3548,186979,188804,375783
2021-05-17,8306,7736,16042,18197,18871,37068,38336,39790,78126,39481,37948,77429,32302,31593,63895,24146,23099,47245,15463,13839,29302,8148,8595,16743,3494,6297,9791,805,2764,3569,188678,190532,379210
2021-05-18,8392,7811,16203,18368,19012,37380,38628,40107,78735,39832,38260,78092,32556,31874,64430,24358,23322,47680,15579,13956,29535,8211,8649,16860,3515,6330,9845,807,2784,3591,190246,192105,382351
2021-05-19,8472,7888,16360,18543,19186,37729,38934,40438,79372,40136,38566,78702,32876,32162,65038,24562,23512,48074,15703,14054,29757,8257,8716,16973,3536,6361,9897,809,2791,3600,191828,193674,385502
2021-05-20,8542,7949,16491,18694,19345,38039,39223,40771,79994,40439,38871,79310,33120,32429,65549,24749,23675,48424,15796,14160,29956,8318,8774,17092,3554,6408,9962,811,2797,3608,193246,195179,388425
2021-05-21,8608,8018,16626,18845,19498,38343,39468,41052,80520,40704,39161,79865,33374,32683,66057,24948,23873,48821,15893,14253,30146,8355,8823,17178,3573,6440,10013,815,2804,3619,194583,196605,391188
2021-05-22,8660,8050,16710,18930,19607,38537,39632,41230,80862,40937,39365,80302,33542,32855,66397,25096,24024,49120,15978,14331,30309,8383,8865,17248,3586,6474,10060,818,2821,3639,195562,197622,393184
2021-05-23,8688,8085,16773,19024,19722,38746,39815,41388,81203,41134,39568,80702,33732,33016,66748,25250,24157,49407,16061,14377,30438,8416,8902,17318,3606,6496,10102,819,2827,3646,196545,198538,395083
2021-05-24,8746,8119,16865,19145,19867,39012,40053,41625,81678,41423,39846,81269,34013,33296,67309,25443,24339,49782,16173,14462,30635,8454,8949,17403,3627,6524,10151,821,2837,3658,197898,199864,397762
2021-05-25,8796,8167,16963,19260,19969,39229,40266,41865,82131,41707,40105,81812,34286,33551,67837,25606,24504,50110,16262,14529,30791,8488,8997,17485,3643,6555,10198,821,2844,3665,199135,201086,400221
2021-05-26,8860,8239,17099,19408,20115,39523,40550,42165,82715,42038,40410,82448,34569,33839,68408,25826,24700,50526,16376,14644,31020,8544,9064,17608,3665,6593,10258,825,2861,3686,200661,202630,403291
2021-05-27,8933,8301,17234,19535,20257,39792,40803,42435,83238,42343,40708,83051,34845,34112,68957,26029,24882,50911,16481,14741,31222,8593,9113,17706,3687,6629,10316,828,2875,3703,202077,204053,406130
2021-05-28,8998,8356,17354,19696,20399,40095,41045,42695,83740,42586,41013,83599,35107,34350,69457,26217,25053,51270,16570,14842,31412,8631,9157,17788,3703,6670,10373,835,2884,3719,203388,205419,408807
2021-05-29,9054,8409,17463,19796,20500,40296,41204,42886,84090,42780,41210,83990,35274,34539,69813,26331,25199,51530,16651,14917,31568,8669,9199,17868,3720,6686,10406,836,2894,3730,204315,206439,410754
2021-05-30,9084,8439,17523,19877,20578,40455,41348,43045,84393,42924,41366,84290,35435,34702,70137,26416,25303,51719,16699,14964,31663,8692,9231,17923,3733,6705,10438,836,2895,3731,205044,207228,412272
2021-05-31,9146,8502,17648,19993,20708,40701,41556,43262,84818,43161,41629,84790,35634,34958,70592,26575,25470,52045,16781,15055,31836,8741,9285,18026,3754,6731,10485,837,2906,3743,206178,208506,414684
2021-06-01,9191,8556,17747,20096,20825,40921,41759,43471,85230,43386,41831,85217,35821,35171,70992,26722,25603,52325,16857,15129,31986,8778,9333,18111,3766,6760,10526,844,2916,3760,207220,209595,416815
2021-06-02,9234,8599,17833,20198,20913,41111,41912,43646,85558,43564,42021,85585,35969,35337,71306,26838,25718,52556,16927,15199,32126,8816,9377,18193,3782,6790,10572,850,2923,3773,208090,210523,418613
2021-06-03,9287,8646,17933,20300,21023,41323,42090,43831,85921,43751,42213,85964,36120,35499,71619,26947,25851,52798,16986,15256,32242,8856,9420,18276,3792,6812,10604,853,2934,3787,208982,211485,420467
2021-06-04,9346,8704,18050,20397,21143,41540,42251,44012,86263,43949,42394,86343,36281,35657,71938,27057,25986,53043,17040,15323,32363,8889,9458,18347,3802,6837,10639,855,2942,3797,209867,212456,422323
2021-06-05,9382,8743,18125,20470,21219,41689,42369,44121,86490,44092,42522,86614,36419,35795,72214,27151,26069,53220,17097,15373,32470,8909,9488,18397,3818,6871,10689,861,2957,3818,210568,213158,423726
2021-06-06,9422,8777,18199,20536,21284,41820,42471,44240,86711,44220,42643,86863,36562,35920,72482,27224,26151,53375,17138,15415,32553,8935,9514,18449,3827,6893,10720,865,2964,3829,211200,213801,425001
2021-06-07,9466,8822,18288,20639,21378,42017,42662,44424,87086,44409,42857,87266,36740,36125,72865,27365,26291,53656,17205,15469,32674,8971,9564,18535,3857,6916,10773,868,2975,3843,212182,214821,427003
2021-06-08,9515,8875,18390,20751,21466,42217,42834,44560,87394,44548,43038,87586,36901,36288,73189,27479,26403,53882,17258,15528,32786,9007,9600,18607,3872,6940,10812,870,2982,3852,213035,215680,428715
2021-06-09,9564,8915,18479,20846,21566,42412,42987,44706,87693,44720,43197,87917,37065,36433,73498,27597,26511,54108,17315,15577,32892,9044,9621,18665,3900,6956,10856,871,2988,3859,213909,216470,430379
2021-06-10,9611,8968,18579,20946,21685,42631,43166,44896,88062,44899,43371,88270,37245,36600,73845,27718,26626,54344,17373,15634,33007,9078,9655,18733,3912,6976,10888,875,2996,3871,214823,217407,432230
2021-06-11,9664,9008,18672,21035,21770,42805,43335,45048,88383,45058,43538,88596,37377,36767,74144,27822,26732,54554,17432,15694,33126,9107,9689,18796,3927,7005,10932,878,3005,3883,215635,218256,433891
2021-06-12,9701,9042,18743,21093,21833,42926,43420,45146,88566,45167,43649,88816,37480,36870,74350,27889,26794,54683,17463,15732,33195,9132,9708,18840,3933,7016,10949,880,3014,3894,216158,218804,434962
2021-06-13,9745,9082,18827,21142,21908,43050,43519,45249,88768,45273,43771,89044,37587,36966,74553,27958,26857,54815,17502,15774,33276,9152,9729,18881,3945,7040,10985,881,3021,3902,216704,219397,436101
2021-06-14,9799,9138,18937,21230,22011,43241,43686,45415,89101,45472,44003,89475,37772,37109,74881,28060,26940,55000,17560,15843,33403,9179,9772,18951,3957,7072,11029,884,3027,3911,217599,220330,437929
2021-06-15,9844,9172,19016,21323,22089,43412,43821,45562,89383,45632,44143,89775,37902,37257,75159,28155,27032,55187,17618,15893,33511,9210,9812,19022,3969,7097,11066,888,3044,3932,218362,221101,439463
2021-06-16,9886,9216,19102,21384,22170,43554,43962,45697,89659,45769,44297,90066,38045,37389,75434,28235,27106,55341,17666,15944,33610,9238,9827,19065,3975,7106,11081,893,3049,3942,219053,221801,440854
2021-06-17,9920,9249,19169,21469,22248,43717,44076,45811,89887,45912,44440,90352,38169,37544,75713,28317,27181,55498,17721,16004,33725,9275,9867,19142,3990,7133,11123,895,3056,3951,219744,222533,442277
2021-06-18,9958,9294,19252,21537,22319,43856,44191,45939,90130,46046,44564,90610,38266,37654,75920,28394,27255,55649,17762,16049,33811,9300,9900,19200,3992,7151,11143,898,3060,3958,220344,223185,443529
2021-06-19,9994,9329,19323,21589,22373,43962,44263,46013,90276,46145,44664,90809,38340,37747,76087,28457,27307,55764,17788,16083,33871,9323,9926,19249,3999,7162,11161,899,3061,3960,220797,223665,444462
2021-06-20,10013,9345,19358,21641,22421,44062,44325,46092,90417,46238,44752,90990,38415,37826,76241,28517,27353,55870,17806,16106,33912,9333,9937,19270,4005,7170,11175,902,3063,3965,221195,224065,445260
2021-06-21,10047,9378,19425,21705,22476,44181,44417,46183,90600,46349,44899,91248,38515,37916,76431,28570,27419,55989,17844,16141,33985,9353,9957,19310,4008,7181,11189,903,3068,3971,221711,224618,446329
2021-06-22,10099,9436,19535,21801,22570,44371,44544,46345,90889,46528,45097,91625,38672,38077,76749,28663,27498,56161,17903,16198,34101,9382,9985,19367,4020,7195,11215,903,3071,3974,222515,225472,447987
2021-06-23,10150,9477,19627,21884,22656,44540,44682,46477,91159,46659,45235,91894,38812,38203,77015,28747,27575,56322,17958,16235,34193,9407,10009,19416,4028,7203,11231,903,3074,3977,223230,226144,449374
2021-06-24,10197,9514,19711,21961,22748,44709,44815,46624,91439,46828,45414,92242,38939,38341,77280,28838,27672,56510,18001,16285,34286,9433,10048,19481,4037,7219,11256,908,3077,3985,223957,226942,450899
2021-06-25,10247,9566,19813,22068,22838,44906,44938,46804,91742,47001,45585,92586,39060,38475,77535,28926,27759,56685,18050,16353,34403,9454,10085,19539,4044,7238,11282,910,3083,3993,224698,227786,452484
2021-06-26,10281,9602,19883,22138,22900,45038,45021,46904,91925,47123,45676,92799,39155,38575,77730,28986,27831,56817,18084,16378,34462,9475,10104,19579,4050,7251,11301,911,3090,4001,225224,228311,453535
2021-06-27,10311,9633,19944,22184,22959,45143,45102,46987,92089,47212,45763,92975,39239,38662,77901,29028,27871,56899,18115,16407,34522,9485,10120,19605,4052,7259,11311,912,3093,4005,225640,228754,454394
2021-06-28,10358,9682,20040,22253,23035,45288,45217,47103,92320,47344,45909,93253,39360,38790,78150,29083,27937,57020,18169,16442,34611,9508,10142,19650,4059,7271,11330,912,3099,4011,226263,229410,455673
2021-06-29,10390,9727,20117,22331,23101,45432,45316,47214,92530,47475,46025,93500,39459,38911,78370,29146,27993,57139,18202,16490,34692,9531,10167,19698,4067,7285,11352,914,3105,4019,226831,230018,456849
2021-06-30,10426,9770,20196,22419,23177,45596,45419,47335,92754,47602,46149,93751,39542,39024,78566,29209,28051,57260,18232,16528,34760,9555,10198,19753,4075,7296,11371,917,3107,4024,227396,230635,458031
2021-07-01,10457,9795,20252,22502,23254,45756,45534,47466,93000,47718,46272,93990,39636,39119,78755,29279,28131,57410,18271,16572,34843,9576,10217,19793,4081,7306,11387,917,3110,4027,227971,231242,459213
2021-07-02,10499,9831,20330,22581,23329,45910,45623,47566,93189,47842,46405,94247,39750,39217,78967,29341,28188,57529,18304,16609,34913,9596,10242,19838,4086,7314,11400,917,3114,4031,228539,231815,460354
2021-07-03,10530,9854,20384,22634,23383,46017,45694,47651,93345,47922,46491,94413,39836,39278,79114,29384,28237,57621,18335,16641,34976,9608,10254,19862,4091,7321,11412,917,3116,4033,228951,232226,461177
2021-07-04,10554,9868,20422,22669,23428,46097,45775,47705,93480,48002,46555,94557,39898,39333,79231,29425,28284,57709,18360,16661,35021,9626,10269,19895,4095,7325,11420,917,3120,4037,229321,232548,461869
2021-07-05,10597,9901,20498,22740,23501,46241,45883,47807,93690,48152,46674,94826,40007,39440,79447,29485,28352,57837,18400,16702,35102,9655,10295,19950,4102,7335,11437,919,3122,4041,229940,233129,463069
2021-07-06,10638,9942,20580,22812,23553,46365,45983,47924,93907,48278,46786,95064,40110,39544,79654,29536,28389,57925,18438,16740,35178,9683,10316,19999,4110,7345,11455,923,3124,4047,230511,233663,464174
2021-07-07,10676,9975,20651,22875,23623,46498,46091,48022,94113,48389,46894,95283,40195,39630,79825,29587,28438,58025,18463,16763,35226,9703,10338,20041,4123,7350,11473,924,3124,4048,231026,234157,465183
2021-07-08,10716,10008,20724,22949,23693,46642,46213,48148,94361,48514,47033,95547,40302,39718,80020,29637,28516,58153,18497,16794,35291,9719,10356,20075,4126,7357,11483,926,3126,4052,231599,234749,466348
2021-07-09,10745,10028,20773,23014,23748,46762,46299,48233,94532,48595,47114,95709,40370,39800,80170,29672,28561,58233,18517,16816,35333,9733,10370,20103,4128,7361,11489,927,3127,4054,232000,235158,467158
2021-07-10,10771,10049,20820,23059,23799,46858,46378,48320,94698,48673,47197,95870,40451,39881,80332,29723,28617,58340,18541,16850,35391,9757,10395,20152,4131,7370,11501,929,3129,4058,232413,235607,468020
2021-07-11,10787,10074,20861,23109,23847,46956,46440,48398,94838,48754,47279,96033,40513,39944,80457,29761,28650,58411,18565,16872,35437,9767,10408,20175,4133,7374,11507,929,3129,4058,232758,235975,468733
2021-07-12,10826,10107,20933,23171,23910,47081,46546,48515,95061,48876,47400,96276,40610,40044,80654,29829,28718,58547,18605,16905,35510,9797,10434,20231,4138,7383,11521,929,3131,4060,233327,236547,469874
2021-07-13,10859,10145,21004,23237,23967,47204,46646,48618,95264,48959,47495,96454,40683,40130,80813,29883,28755,58638,18638,16930,35568,9814,10454,20268,4145,7394,11539,930,3138,4068,233794,237026,470820
2021-07-14,10893,10170,21063,23303,24026,47329,46755,48734,95489,49051,47599,96650,40754,40213,80967,29934,28812,58746,18669,16958,35627,9835,10468,20303,4147,7404,11551,930,3142,4072,234271,237526,471797
2021-07-15,10920,10191,21111,23379,24095,47474,46880,48854,95734,49154,47685,96839,40836,40296,81132,29976,28862,58838,18695,16993,35688,9848,10486,20334,4151,7407,11558,931,3144,4075,234770,238013,472783
2021-07-16,10956,10212,21168,23440,24153,47593,46978,48960,95938,49248,47788,97036,40903,40381,81284,30011,28916,58927,18728,17030,35758,9868,10515,20383,4153,7421,11574,932,3145,4077,235217,238521,473738
2021-07-17,10989,10228,21217,23487,24206,47693,47067,49034,96101,49320,47855,97175,40952,40452,81404,30053,28952,59005,18743,17049,35792,9881,10530,20411,4159,7422,11581,933,3146,4079,235584,238874,474458
2021-07-18,11001,10242,21243,23521,24245,47766,47127,49091,96218,49370,47913,97283,40999,40496,81495,30070,28979,59049,18760,17062,35822,9889,10541,20430,4167,7428,11595,933,3146,4079,235837,239143,474980
2021-07-19,11019,10268,21287,23579,24298,47877,47223,49191,96414,49466,48005,97471,41079,40576,81655,30114,29022,59136,18783,17087,35870,9900,10559,20459,4172,7434,11606,935,3149,4084,236270,239589,475859
2021-07-20,11043,10298,21341,23629,24337,47966,47290,49288,96578,49542,48086,97628,41150,40638,81788,30151,29059,59210,18806,17106,35912,9912,10569,20481,4176,7440,11616,935,3150,4085,236634,239971,476605
2021-07-21,11070,10314,21384,23677,24406,48083,47377,49371,96748,49617,48156,97773,41195,40720,81915,30199,29104,59303,18828,17129,35957,9922,10583,20505,4179,7443,11622,936,3150,4086,237000,240376,477376
2021-07-22,11087,10331,21418,23737,24462,48199,47463,49448,96911,49698,48249,97947,41256,40773,82029,30237,29152,59389,18875,17148,36023,9938,10593,20531,4181,7450,11631,938,3150,4088,237410,240756,478166
2021-07-23,11103,10350,21453,23798,24524,48322,47566,49538,97104,49778,48328,98106,41318,40842,82160,30276,29185,59461,18905,17179,36084,9949,10609,20558,4183,7458,11641,939,3151,4090,237815,241164,478979
2021-07-24,11116,10360,21476,23841,24571,48412,47637,49596,97233,49836,48386,98222,41367,40900,82267,30303,29222,59525,18929,17195,36124,9959,10617,20576,4185,7460,11645,939,3152,4091,238112,241459,479571
2021-07-25,11125,10372,21497,23876,24616,48492,47693,49658,97351,49895,48441,98336,41407,40942,82349,30332,29249,59581,18950,17202,36152,9968,10629,20597,4187,7465,11652,939,3155,4094,238372,241729,480101
2021-07-26,11147,10389,21536,23938,24678,48616,47803,49773,97576,49987,48522,98509,41469,41015,82484,30375,29295,59670,18979,17230,36209,9987,10648,20635,4191,7475,11666,939,3156,4095,238815,242181,480996
2021-07-27,11166,10402,21568,23987,24735,48722,47886,49875,97761,50071,48605,98676,41528,41071,82599,30413,29333,59746,19001,17248,36249,9997,10660,20657,4192,7479,11671,940,3157,4097,239181,242565,481746
2021-07-28,11179,10420,21599,24038,24784,48822,47943,49958,97901,50134,48673,98807,41573,41125,82698,30440,29364,59804,19018,17273,36291,10007,10670,20677,4194,7481,11675,940,3159,4099,239466,242907,482373
2021-07-29,11206,10433,21639,24089,24827,48916,48026,50030,98056,50195,48752,98947,41613,41182,82795,30472,29398,59870,19039,17296,36335,10012,10679,20691,4198,7489,11687,942,3161,4103,239792,243247,483039
2021-07-30,11233,10451,21684,24143,24887,49030,48097,50108,98205,50249,48826,99075,41673,41246,82919,30512,29435,59947,19067,17324,36391,10020,10695,20715,4202,7500,11702,943,3163,4106,240139,243635,483774
2021-07-31,11247,10474,21721,24178,24933,49111,48152,50162,98314,50290,48896,99186,41716,41289,83005,30551,29472,60023,19081,17336,36417,10036,10703,20739,4203,7503,11706,943,3164,4107,240397,243932,484329
2021-08-01,11264,10489,21753,24210,24970,49180,48194,50210,98404,50340,48947,99287,41766,41345,83111,30579,29510,60089,19103,17350,36453,10043,10713,20756,4207,7508,11715,944,3164,4108,240650,244206,484856
2021-08-02,11292,10515,21807,24288,25056,49344,48277,50299,98576,50400,49017,99417,41831,41431,83262,30640,29561,60201,19131,17376,36507,10054,10736,20790,4209,7515,11724,945,3165,4110,241067,244671,485738
2021-08-03,11311,10533,21844,24353,25136,49489,48366,50362,98728,50472,49081,99553,41902,41498,83400,30676,29596,60272,19154,17402,36556,10068,10754,20822,4213,7518,11731,945,3167,4112,241460,245047,486507
2021-08-04,11336,10544,21880,24404,25183,49587,48454,50439,98893,50532,49159,99691,41942,41556,83498,30715,29633,60348,19170,17422,36592,10084,10766,20850,4219,7520,11739,947,3168,4115,241803,245390,487193
2021-08-05,11355,10561,21916,24475,25265,49740,48529,50523,99052,50607,49223,99830,41995,41612,83607,30761,29672,60433,19192,17442,36634,10092,10783,20875,4224,7527,11751,950,3173,4123,242180,245781,487961
2021-08-06,11372,10587,21959,24532,25346,49878,48595,50607,99202,50675,49282,99957,42058,41684,83742,30800,29711,60511,19219,17467,36686,10107,10798,20905,4227,7533,11760,950,3173,4123,242535,246188,488723
2021-08-07,11388,10601,21989,24570,25382,49952,48636,50669,99305,50716,49325,100041,42096,41726,83822,30828,29737,60565,19229,17488,36717,10114,10805,20919,4227,7536,11763,951,3173,4124,242755,246442,489197
2021-08-08,11399,10625,22024,24601,25416,50017,48676,50711,99387,50758,49369,100127,42136,41762,83898,30850,29766,60616,19244,17503,36747,10117,10813,20930,4227,7537,11764,951,3173,4124,242959,246675,489634
2021-08-09,11412,10653,22065,24651,25468,50119,48737,50769,99506,50816,49415,100231,42171,41801,83972,30892,29795,60687,19264,17523,36787,10126,10825,20951,4229,7541,11770,951,3173,4124,243249,246963,490212
2021-08-10,11442,10675,22117,24699,25534,50233,48792,50822,99614,50861,49477,100338,42208,41846,84054,30924,29826,60750,19286,17551,36837,10136,10834,20970,4233,7543,11776,951,3174,4125,243532,247282,490814
2021-08-11,11463,10698,22161,24749,25594,50343,48858,50886,99744,50903,49527,100430,42244,41888,84132,30948,29879,60827,19304,17569,36873,10149,10844,20993,4234,7549,11783,951,3175,4126,243803,247609,491412
2021-08-12,11486,10720,22206,24802,25655,50457,48910,50934,99844,50952,49579,100531,42285,41921,84206,30970,29902,60872,19313,17591,36904,10157,10861,21018,4236,7557,11793,951,3175,4126,244062,247895,491957
2021-08-13,11507,10751,22258,24854,25705,50559,48953,50975,99928,50997,49620,100617,42324,41965,84289,30993,29928,60921,19325,17604,36929,10161,10869,21030,4238,7565,11803,952,3178,4130,244304,248160,492464
2021-08-14,11521,10763,22284,24889,25741,50630,48977,51003,99980,51040,49671,100711,42339,41995,84334,31018,29946,60964,19341,17610,36951,10171,10876,21047,4239,7567,11806,952,3178,4130,244487,248350,492837
2021-08-15,11539,10773,22312,24909,25773,50682,48995,51036,100031,51069,49699,100768,42365,42018,84383,31043,29966,61009,19351,17616,36967,10180,10879,21059,4239,7568,11807,953,3178,4131,244643,248506,493149
2021-08-16,11558,10783,22341,24946,25811,50757,49023,51075,100098,51097,49740,100837,42397,42051,84448,31063,29981,61044,19356,17627,36983,10182,10886,21068,4242,7570,11812,953,3178,4131,244817,248702,493519
2021-08-17,11577,10802,22379,25015,25856,50871,49076,51121,100197,51141,49784,100925,42454,42099,84553,31081,29999,61080,19373,17642,37015,10187,10900,21087,4246,7575,11821,953,3179,4132,245103,248957,494060
2021-08-18,11603,10827,22430,25074,25891,50965,49128,51161,100289,51186,49838,101024,42484,42139,84623,31114,30026,61140,19389,17660,37049,10193,10910,21103,4247,7578,11825,953,3179,4132,245371,249209,494580
2021-08-19,11624,10841,22465,25130,25938,51068,49171,51196,100367,51223,49876,101099,42513,42180,84693,31128,30049,61177,19405,17673,37078,10198,10916,21114,4248,7581,11829,953,3179,4132,245593,249429,495022
2021-08-20,11654,10862,22516,25174,25995,51169,49210,51236,100446,51257,49919,101176,42543,42232,84775,31150,30070,61220,19422,17696,37118,10209,10927,21136,4250,7590,11840,954,3180,4134,245823,249707,495530
2021-08-21,11664,10871,22535,25206,26023,51229,49237,51272,100509,51280,49950,101230,42569,42266,84835,31165,30088,61253,19427,17700,37127,10213,10935,21148,4251,7591,11842,954,3181,4135,245966,249877,495843
2021-08-22,11680,10889,22569,25228,26050,51278,49264,51299,100563,51301,49971,101272,42592,42294,84886,31177,30105,61282,19435,17705,37140,10219,10940,21159,4253,7594,11847,954,3184,4138,246103,250031,496134
2021-08-23,11698,10905,22603,25260,26082,51342,49296,51329,100625,51342,50005,101347,42619,42328,84947,31196,30118,61314,19444,17719,37163,10229,10943,21172,4254,7595,11849,956,3184,4140,246294,250208,496502
2021-08-24,11714,10922,22636,25302,26119,51421,49324,51358,100682,51376,50044,101420,42642,42354,84996,31214,30137,61351,19451,17726,37177,10237,10952,21189,4257,7598,11855,956,3186,4142,246473,250396,496869
2021-08-25,11725,10938,22663,25344,26143,51487,49357,51384,100741,51402,50072,101474,42666,42397,85063,31230,30161,61391,19458,17733,37191,10240,10960,21200,4258,7602,11860,957,3186,4143,246637,250576,497213
2021-08-26,11743,10961,22704,25382,26174,51556,49386,51429,100815,51428,50105,101533,42692,42420,85112,31246,30174,61420,19472,17736,37208,10246,10964,21210,4260,7606,11866,958,3187,4145,246813,250756,497569
2021-08-27,11759,10976,22735,25426,26213,51639,49420,51461,100881,51451,50129,101580,42714,42450,85164,31261,30188,61449,19479,17743,37222,10247,10971,21218,4260,7616,11876,959,3189,4148,246976,250936,497912
2021-08-28,11770,10985,22755,25449,26239,51688,49440,51486,100926,51465,50148,101613,42732,42468,85200,31278,30204,61482,19489,17749,37238,10253,10971,21224,4261,7616,11877,959,3189,4148,247096,251055,498151
2021-08-29,11777,10999,22776,25481,26267,51748,49461,51510,100971,51492,50169,101661,42746,42483,85229,31287,30216,61503,19490,17754,37244,10254,10976,21230,4261,7616,11877,959,3189,4148,247208,251179,498387
2021-08-30,11790,11014,22804,25512,26313,51825,49491,51540,101031,51517,50197,101714,42766,42516,85282,31298,30229,61527,19495,17765,37260,10259,10979,21238,4261,7618,11879,959,3192,4151,247348,251363,498711
2021-08-31,11802,11024,22826,25552,26339,51891,49513,51573,101086,51552,50214,101766,42792,42547,85339,31309,30246,61555,19506,17771,37277,10263,10988,21251,4265,7621,11886,959,3194,4153,247513,251517,499030
2021-09-01,11817,11043,22860,25591,26366,51957,49536,51602,101138,51579,50241,101820,42813,42579,85392,31321,30263,61584,19506,17781,37287,10268,10995,21263,4265,7623,11888,959,3196,4155,247655,251689,499344
2021-09-02,11826,11060,22886,25616,26402,52018,49564,51632,101196,51607,50266,101873,42832,42604,85436,31336,30274,61610,19511,17786,37297,10270,11000,21270,4266,7628,11894,959,3196,4155,247787,251848,499635
2021-09-03,11840,11082,22922,25653,26432,52085,49588,51653,101241,51627,50293,101920,42851,42634,85485,31352,30290,61642,19522,17795,37317,10278,11008,21286,4267,7631,11898,959,3199,4158,247937,252017,499954
2021-09-04,11846,11091,22937,25666,26444,52110,49597,51671,101268,51643,50301,101944,42857,42650,85507,31355,30302,61657,19525,17797,37322,10280,11012,21292,4268,7636,11904,959,3199,4158,247996,252103,500099
2021-09-05,11860,11106,22966,25688,26456,52144,49607,51682,101289,51658,50313,101971,42876,42662,85538,31362,30307,61669,19529,17799,37328,10281,11015,21296,4270,7637,11907,959,3199,4158,248090,252176,500266
2021-09-06,11878,11118,22996,25713,26478,52191,49627,51701,101328,51682,50336,102018,42903,42682,85585,31372,30320,61692,19535,17806,37341,10286,11017,21303,4271,7638,11909,959,3199,4158,248226,252295,500521
2021-09-07,11891,11131,23022,25730,26499,52229,49641,51723,101364,51705,50360,102065,42922,42696,85618,31381,30328,61709,19544,17810,37354,10287,11020,21307,4273,7640,11913,959,3199,4158,248333,252406,500739
2021-09-08,11909,11146,23055,25750,26518,52268,49654,51739,101393,51720,50379,102099,42938,42714,85652,31389,30331,61720,19549,17812,37361,10291,11025,21316,4273,7641,11914,959,3200,4159,248432,252505,500937
2021-09-09,11922,11156,23078,25771,26535,52306,49667,51758,101425,51740,50398,102138,42952,42733,85685,31404,30344,61748,19553,17815,37368,10293,11030,21323,4274,7642,11916,959,3200,4159,248535,252611,501146
2021-09-10,11944,11171,23115,25788,26558,52346,49681,51771,101452,51772,50423,102195,42977,42750,85727,31416,30360,61776,19558,17818,37376,10295,11032,21327,4275,7643,11918,959,3200,4159,248665,252726,501391
2021-09-11,11952,11178,23130,25804,26570,52374,49695,51780,101475,51784,50441,102225,42990,42767,85757,31424,30367,61791,19565,17821,37386,10295,11033,21328,4275,7643,11918,959,3200,4159,248743,252800,501543
2021-09-12,11961,11191,23152,25815,26588,52403,49704,51793,101497,51794,50451,102245,43000,42777,85777,31427,30375,61802,19569,17822,37391,10295,11034,21329,4278,7644,11922,959,3200,4159,248802,252875,501677
2021-09-13,11984,11207,23191,25839,26605,52444,49718,51809,101527,51812,50469,102281,43015,42794,85809,31434,30385,61819,19573,17832,37405,10299,11036,21335,4279,7648,11927,959,3201,4160,248912,252986,501898
2021-09-14,11999,11221,23220,25857,26626,52483,49728,51822,101550,51826,50485,102311,43031,42812,85843,31443,30395,61838,19576,17834,37410,10306,11043,21349,4279,7648,11927,959,3201,4160,249004,253087,502091
2021-09-15,12009,11239,23248,25876,26645,52521,49741,51826,101567,51845,50502,102347,43044,42832,85876,31448,30404,61852,19581,17840,37421,10310,11049,21359,4279,7648,11927,959,3201,4160,249092,253186,502278
2021-09-16,12024,11255,23279,25899,26668,52567,49755,51837,101592,51860,50515,102375,43054,42847,85901,31453,30411,61864,19586,17844,37430,10314,11053,21367,4281,7648,11929,959,3201,4160,249185,253279,502464
2021-09-17,12036,11271,23307,25910,26680,52590,49767,51849,101616,51872,50534,102406,43072,42864,85936,31462,30425,61887,19588,17849,37437,10319,11057,21376,4282,7648,11930,959,3201,4160,249267,253378,502645
2021-09-18,12049,11279,23328,25918,26687,52605,49774,51856,101630,51878,50543,102421,43079,42874,85953,31468,30429,61897,19591,17850,37441,10319,11059,21378,4283,7648,11931,959,3202,4161,249318,253427,502745
2021-09-19,12063,11285,23348,25923,26695,52618,49777,51864,101641,51885,50551,102436,43088,42884,85972,31472,30434,61906,19594,17852,37446,10322,11060,21382,4283,7649,11932,959,3202,4161,249366,253476,502842
2021-09-20,12073,11295,23368,25941,26701,52642,49784,51871,101655,51895,50564,102459,43097,42894,85991,31477,30444,61921,19601,17856,37457,10322,11060,21382,4284,7650,11934,959,3202,4161,249433,253537,502970
2021-09-21,12083,11304,23387,25957,26715,52672,49791,51879,101670,51914,50578,102492,43111,42905,86016,31482,30449,61931,19605,17858,37463,10326,11062,21388,4284,7652,11936,959,3202,4161,249512,253604,503116
2021-09-22,12095,11308,23403,25969,26725,52694,49801,51886,101687,51927,50589,102516,43123,42919,86042,31484,30456,61940,19609,17859,37468,10328,11063,21391,4284,7653,11937,959,3202,4161,249579,253660,503239
2021-09-23,12102,11312,23414,25980,26737,52717,49811,51899,101710,51938,50609,102547,43132,42927,86059,31495,30461,61956,19615,17867,37482,10328,11068,21396,4285,7656,11941,959,3202,4161,249645,253738,503383
2021-09-24,12115,11323,23438,25994,26747,52741,49819,51908,101727,51955,50629,102584,43147,42939,86086,31505,30472,61977,19619,17870,37489,10329,11073,21402,4288,7657,11945,959,3202,4161,249730,253820,503550
2021-09-25,12121,11330,23451,26006,26759,52765,49823,51915,101738,51962,50636,102598,43151,42953,86104,31509,30477,61986,19620,17873,37493,10332,11075,21407,4289,7657,11946,959,3202,4161,249772,253877,503649
2021-09-26,12131,11334,23465,26013,26766,52779,49827,51922,101749,51966,50643,102609,43157,42963,86120,31512,30481,61993,19621,17873,37494,10332,11077,21409,4289,7657,11946,959,3203,4162,249807,253919,503726
2021-09-27,12137,11339,23476,26024,26785,52809,49834,51934,101768,51984,50659,102643,43164,42971,86135,31517,30484,62001,19623,17880,37503,10332,11077,21409,4289,7658,11947,959,3203,4162,249863,253990,503853
2021-09-28,12147,11344,23491,26036,26795,52831,49837,51945,101782,51994,50674,102668,43172,42981,86153,31522,30487,62009,19627,17882,37509,10333,11077,21410,4290,7660,11950,959,3203,4162,249917,254048,503965
2021-09-29,12149,11349,23498,26046,26811,52857,49844,51954,101798,52007,50685,102692,43177,42994,86171,31526,30492,62018,19631,17884,37515,10335,11078,21413,4291,7661,11952,959,3203,4162,249965,254111,504076
2021-09-30,12151,11353,23504,26058,26817,52875,49852,51963,101815,52015,50698,102713,43184,42999,86183,31531,30494,62025,19633,17886,37519,10337,11079,21416,4291,7662,11953,959,3203,4162,250011,254154,504165
2021-10-01,12158,11359,23517,26069,26833,52902,49864,51971,101835,52024,50712,102736,43195,43015,86210,31535,30503,62038,19636,17894,37530,10339,11084,21423,4291,7663,11954,959,3203,4162,250070,254237,504307
2021-10-02,12164,11362,23526,26075,26837,52912,49867,51982,101849,52030,50725,102755,43200,43024,86224,31540,30505,62045,19636,17896,37532,10339,11087,21426,4291,7664,11955,959,3203,4162,250101,254285,504386
2021-10-03,12165,11363,23528,26076,26843,52919,49875,51985,101860,52036,50733,102769,43202,43031,86233,31543,30505,62048,19637,17897,37534,10339,11087,21426,4291,7664,11955,959,3203,4162,250123,254311,504434
2021-10-04,12165,11363,23528,26076,26843,52919,49876,51986,101862,52037,50734,102771,43205,43031,86236,31543,30505,62048,19639,17897,37536,10339,11087,21426,4291,7664,11955,959,3203,4162,250130,254313,504443
2021-10-05,12165,11363,23528,26076,26843,52919,49876,51986,101862,52037,50734,102771,43205,43031,86236,31543,30505,62048,19639,17897,37536,10339,11087,21426,4291,7664,11955,959,3203,4162,250130,254313,504443
