FECHA,<=10M,<=10F,<=10,11-20M,11-20F,11-20,21-30M,21-30F,21-30,31-40M,31-40F,31-40,41-50M,41-50F,41-50,51-60M,51-60F,51-60,61-70M,61-70F,61-70,71-80M,71-80F,71-80,81-90M,81-90F,81-90,>=91M,>=91F,>=91,TotalM,TotalF,Total,DelayCount,CumDelay,DelayAvg
2020-03-15,1,0,1,1,1,2,0,2,2,2,1,3,1,1,2,1,0,1,1,1,2,1,0,1,0,0,0,0,0,0,8,6,14,14,44,3.142857142857143
2020-03-16,1,3,4,1,1,2,1,3,4,1,1,2,0,2,2,3,1,4,2,3,5,0,0,0,0,0,0,0,0,0,9,14,23,23,74,3.217391304347826
2020-03-17,1,4,5,1,1,2,2,1,3,1,2,3,1,4,5,0,2,2,2,2,4,2,2,4,1,0,1,0,0,0,11,18,29,29,397,13.689655172413794
2020-03-18,3,1,4,1,0,1,1,0,1,2,1,3,1,3,4,1,1,2,0,2,2,1,0,1,1,0,1,0,0,0,11,8,19,19,36,1.894736842105263
2020-03-19,3,1,4,0,0,0,3,2,5,3,2,5,2,1,3,0,0,0,1,1,2,1,1,2,0,0,0,1,0,1,14,8,22,22,56,2.5454545454545454
2020-03-20,1,1,2,1,0,1,2,0,2,1,3,4,0,1,1,0,1,1,1,1,2,2,2,4,1,0,1,0,0,0,9,9,18,18,30,1.6666666666666667
2020-03-21,1,0,1,2,1,3,2,2,4,4,1,5,2,1,3,1,0,1,2,2,4,1,1,2,1,0,1,1,0,1,17,8,25,25,69,2.76
2020-03-22,3,1,4,0,0,0,4,2,6,0,0,0,1,0,1,2,1,3,0,1,1,2,1,3,3,2,5,0,1,1,15,9,24,24,55,2.2916666666666665
2020-03-23,4,1,5,1,2,3,2,2,4,3,2,5,2,3,5,2,2,4,2,2,4,5,3,8,3,3,6,0,2,2,24,22,46,46,86,1.8695652173913044
2020-03-24,2,1,3,0,0,0,2,2,4,3,2,5,0,3,3,2,2,4,0,1,1,2,0,2,2,1,3,1,0,1,14,12,26,26,40,1.5384615384615385
2020-03-25,1,4,5,0,2,2,2,2,4,2,6,8,1,1,2,1,3,4,3,1,4,2,2,4,2,5,7,2,0,2,16,26,42,42,100,2.380952380952381
2020-03-26,4,3,7,2,2,4,2,2,4,4,3,7,3,4,7,4,2,6,1,4,5,4,3,7,5,0,5,2,1,3,31,24,55,55,187,3.4
2020-03-27,3,3,6,0,1,1,1,2,3,5,1,6,2,6,8,2,3,5,3,4,7,6,5,11,3,3,6,2,5,7,27,33,60,60,133,2.216666666666667
2020-03-28,2,1,3,0,0,0,3,2,5,2,2,4,1,1,2,4,2,6,4,0,4,4,7,11,3,1,4,0,0,0,23,16,39,39,128,3.282051282051282
2020-03-29,2,0,2,2,1,3,2,3,5,3,2,5,2,3,5,1,0,1,5,3,8,4,2,6,4,1,5,2,1,3,27,16,43,43,102,2.372093023255814
2020-03-30,3,2,5,0,0,0,1,6,7,8,2,10,4,4,8,3,2,5,7,1,8,3,5,8,4,1,5,3,2,5,36,25,61,61,115,1.8852459016393444
2020-03-31,9,4,13,1,1,2,7,2,9,11,5,16,5,4,9,4,1,5,6,3,9,7,3,10,1,3,4,4,0,4,55,26,81,81,164,2.0246913580246915
2020-04-01,11,10,21,1,2,3,7,4,11,10,2,12,12,7,19,5,8,13,4,3,7,6,4,10,6,5,11,0,1,1,62,46,108,108,226,2.0925925925925926
2020-04-02,10,9,19,2,4,6,4,7,11,6,5,11,3,8,11,3,13,16,9,5,14,8,6,14,5,7,12,3,3,6,53,67,120,120,212,1.7666666666666666
2020-04-03,21,9,30,4,4,8,7,8,15,7,11,18,10,11,21,3,7,10,8,5,13,7,4,11,6,6,12,1,5,6,74,70,144,144,307,2.1319444444444446
2020-04-04,10,13,23,3,4,7,3,7,10,5,12,17,7,4,11,7,0,7,6,3,9,2,5,7,4,2,6,1,3,4,48,53,101,101,189,1.8712871287128714
2020-04-05,9,10,19,5,5,10,8,2,10,8,4,12,8,6,14,4,6,10,2,11,13,6,8,14,3,4,7,2,2,4,55,58,113,113,190,1.6814159292035398
2020-04-06,12,9,21,4,3,7,9,6,15,13,6,19,11,3,14,10,6,16,8,9,17,9,5,14,7,4,11,1,3,4,84,54,138,138,200,1.4492753623188406
2020-04-07,12,9,21,3,5,8,6,4,10,8,8,16,5,7,12,11,2,13,3,4,7,9,8,17,6,11,17,2,1,3,65,59,124,124,134,1.0806451612903225
2020-04-08,10,10,20,4,3,7,5,8,13,6,3,9,8,5,13,9,6,15,9,8,17,11,5,16,1,3,4,3,5,8,66,56,122,122,161,1.319672131147541
2020-04-09,5,6,11,3,3,6,4,8,12,16,9,25,4,10,14,8,7,15,6,5,11,7,10,17,5,8,13,4,5,9,62,71,133,133,194,1.4586466165413534
2020-04-10,20,4,24,4,3,7,3,5,8,5,4,9,10,1,11,4,7,11,6,1,7,1,10,11,5,9,14,1,3,4,59,47,106,106,142,1.3396226415094339
2020-04-11,10,7,17,5,4,9,7,6,13,10,4,14,7,4,11,3,5,8,4,5,9,7,3,10,3,8,11,1,3,4,57,49,106,106,136,1.2830188679245282
2020-04-12,10,8,18,3,0,3,3,5,8,9,3,12,3,7,10,10,4,14,3,4,7,4,9,13,4,4,8,0,2,2,49,46,95,95,149,1.568421052631579
2020-04-13,9,12,21,8,4,12,12,10,22,7,10,17,7,7,14,5,6,11,9,8,17,5,9,14,7,10,17,3,5,8,72,81,153,153,192,1.2549019607843137
2020-04-14,17,6,23,4,1,5,10,7,17,8,6,14,7,8,15,12,9,21,6,6,12,10,5,15,7,5,12,3,4,7,84,57,141,141,144,1.0212765957446808
2020-04-15,9,5,14,4,7,11,6,7,13,7,8,15,8,14,22,5,13,18,10,6,16,10,5,15,7,6,13,5,3,8,71,74,145,145,206,1.4206896551724137
2020-04-16,14,3,17,6,4,10,9,6,15,11,15,26,12,16,28,7,12,19,5,10,15,7,4,11,4,5,9,0,4,4,75,79,154,154,167,1.0844155844155845
2020-04-17,17,11,28,6,7,13,5,5,10,7,20,27,14,9,23,10,11,21,7,7,14,16,10,26,5,8,13,1,3,4,88,91,179,179,255,1.4245810055865922
2020-04-18,13,11,24,6,2,8,11,7,18,18,9,27,12,5,17,7,4,11,2,4,6,7,10,17,5,9,14,3,4,7,84,65,149,149,230,1.5436241610738255
2020-04-19,11,11,22,4,2,6,5,4,9,8,4,12,7,7,14,5,8,13,7,7,14,5,8,13,5,7,12,1,1,2,58,59,117,117,145,1.2393162393162394
2020-04-20,15,11,26,11,7,18,15,7,22,15,11,26,13,10,23,10,9,19,12,10,22,15,12,27,10,10,20,4,13,17,120,100,220,220,259,1.1772727272727272
2020-04-21,14,9,23,6,7,13,12,7,19,9,19,28,5,5,10,7,9,16,9,8,17,14,12,26,8,10,18,2,10,12,86,96,182,182,218,1.1978021978021978
2020-04-22,15,11,26,4,7,11,7,10,17,12,4,16,13,8,21,7,11,18,10,5,15,6,13,19,9,12,21,7,6,13,90,87,177,177,266,1.502824858757062
2020-04-23,18,15,33,4,5,9,8,11,19,10,10,20,9,11,20,6,14,20,9,6,15,10,8,18,11,11,22,6,9,15,91,100,191,191,193,1.0104712041884816
2020-04-24,19,12,31,6,6,12,11,11,22,13,15,28,8,7,15,9,10,19,7,10,17,11,11,22,10,14,24,3,3,6,97,99,196,196,210,1.0714285714285714
2020-04-25,13,10,23,4,1,5,5,7,12,12,9,21,5,8,13,5,7,12,7,5,12,6,5,11,10,17,27,4,4,8,71,73,144,144,140,0.9722222222222222
2020-04-26,11,17,28,5,8,13,7,3,10,4,2,6,9,7,16,3,6,9,8,7,15,8,7,15,7,7,14,1,3,4,63,67,130,130,110,0.8461538461538461
2020-04-27,14,14,28,6,4,10,6,9,15,5,17,22,4,12,16,11,10,21,8,8,16,18,6,24,11,16,27,3,4,7,86,100,186,186,158,0.8494623655913979
2020-04-28,20,9,29,5,5,10,15,14,29,13,13,26,9,14,23,7,11,18,7,8,15,3,12,15,6,15,21,2,4,6,87,105,192,192,148,0.7708333333333334
2020-04-29,25,12,37,5,6,11,16,10,26,17,18,35,13,10,23,9,10,19,6,8,14,12,7,19,4,14,18,4,10,14,111,105,216,216,171,0.7916666666666666
2020-04-30,21,11,32,9,2,11,10,9,19,10,10,20,11,10,21,12,14,26,10,9,19,8,11,19,10,17,27,7,7,14,108,100,208,208,168,0.8076923076923077
2020-05-01,3,15,18,6,6,12,1,7,8,14,12,26,11,8,19,7,6,13,10,6,16,7,10,17,9,11,20,0,2,2,68,83,151,151,135,0.8940397350993378
2020-05-02,7,16,23,6,6,12,9,3,12,8,8,16,6,5,11,8,3,11,3,6,9,8,1,9,6,11,17,1,4,5,62,63,125,125,122,0.976
2020-05-03,8,12,20,4,4,8,7,7,14,7,6,13,6,7,13,8,2,10,8,6,14,5,9,14,6,8,14,3,5,8,62,66,128,128,107,0.8359375
2020-05-04,22,20,42,5,4,9,11,10,21,14,11,25,9,7,16,10,4,14,9,11,20,15,18,33,8,16,24,2,5,7,105,106,211,211,165,0.7819905213270142
2020-05-05,15,13,28,7,3,10,14,13,27,13,13,26,7,15,22,12,7,19,12,8,20,15,11,26,6,14,20,1,9,10,102,106,208,208,133,0.6394230769230769
2020-05-06,14,17,31,6,2,8,13,7,20,17,17,34,21,10,31,7,7,14,11,11,22,18,15,33,7,12,19,4,6,10,118,104,222,222,150,0.6756756756756757
2020-05-07,18,12,30,7,6,13,15,10,25,13,14,27,18,12,30,5,8,13,9,8,17,17,8,25,8,13,21,1,7,8,111,98,209,209,157,0.7511961722488039
2020-05-08,18,13,31,8,6,14,14,8,22,13,18,31,15,15,30,17,6,23,11,11,22,12,10,22,10,12,22,3,12,15,121,111,232,232,256,1.103448275862069
2020-05-09,19,12,31,4,2,6,7,12,19,4,10,14,9,9,18,6,6,12,8,6,14,12,3,15,5,12,17,5,8,13,79,80,159,159,153,0.9622641509433962
2020-05-10,9,9,18,2,4,6,10,10,20,7,6,13,7,10,17,3,6,9,9,6,15,8,13,21,5,12,17,1,5,6,61,81,142,141,122,0.8652482269503546
2020-05-11,19,19,38,5,5,10,11,14,25,14,13,27,17,13,30,10,7,17,10,8,18,13,9,22,13,17,30,4,17,21,116,122,238,238,175,0.7352941176470589
2020-05-12,22,11,33,8,10,18,29,23,52,23,13,36,9,17,26,6,5,11,9,10,19,9,10,19,9,14,23,5,13,18,129,126,255,255,172,0.6745098039215687
2020-05-13,28,18,46,9,10,19,22,14,36,18,21,39,16,7,23,11,10,21,9,10,19,9,9,18,8,15,23,1,8,9,131,122,253,253,236,0.932806324110672
2020-05-14,23,30,53,11,17,28,14,23,37,23,22,45,13,9,22,10,16,26,12,12,24,10,10,20,11,15,26,2,14,16,129,168,297,297,260,0.8754208754208754
2020-05-15,20,23,43,8,6,14,7,15,22,18,20,38,9,20,29,13,6,19,10,8,18,7,6,13,8,20,28,5,9,14,105,133,238,237,205,0.8649789029535865
2020-05-16,14,18,32,8,9,17,5,14,19,11,20,31,7,12,19,7,8,15,7,6,13,9,7,16,6,6,12,5,13,18,79,113,192,192,241,1.2552083333333333
2020-05-17,22,13,35,4,8,12,13,14,27,7,13,20,9,12,21,5,3,8,8,7,15,7,5,12,11,13,24,3,3,6,89,91,180,180,137,0.7611111111111111
2020-05-18,21,25,46,10,17,27,25,22,47,23,25,48,13,21,34,20,12,32,15,14,29,17,13,30,17,13,30,1,11,12,162,173,335,335,249,0.7432835820895523
2020-05-19,21,20,41,17,15,32,30,28,58,38,28,66,28,17,45,21,14,35,18,12,30,12,22,34,12,22,34,4,10,14,201,188,389,389,266,0.6838046272493573
2020-05-20,30,42,72,17,16,33,27,27,54,46,26,72,18,17,35,15,12,27,21,17,38,12,11,23,12,16,28,6,5,11,204,189,393,393,254,0.6463104325699746
2020-05-21,39,35,74,18,14,32,38,32,70,27,37,64,21,26,47,19,14,33,14,6,20,14,8,22,7,17,24,1,4,5,198,193,391,391,207,0.5294117647058824
2020-05-22,38,18,56,16,20,36,34,32,66,27,28,55,21,21,42,15,10,25,8,10,18,10,11,21,8,17,25,6,12,18,183,179,362,362,167,0.4613259668508287
2020-05-23,20,21,41,16,17,33,28,26,54,32,18,50,9,18,27,10,10,20,12,10,22,8,14,22,9,6,15,2,2,4,146,142,288,288,173,0.6006944444444444
2020-05-24,17,21,38,11,9,20,17,13,30,15,17,32,12,5,17,8,4,12,11,9,20,11,9,20,6,13,19,2,6,8,110,106,216,216,146,0.6759259259259259
2020-05-25,31,27,58,21,26,47,21,31,52,18,22,40,21,13,34,5,8,13,10,9,19,10,6,16,10,14,24,2,9,11,149,165,314,314,177,0.5636942675159236
2020-05-26,42,37,79,27,23,50,45,45,90,51,42,93,20,34,54,14,22,36,13,8,21,15,6,21,10,14,24,3,10,13,240,241,481,481,344,0.7151767151767152
2020-05-27,48,41,89,12,20,32,25,35,60,30,29,59,18,16,34,20,19,39,10,9,19,8,14,22,4,16,20,4,2,6,179,201,380,380,274,0.7210526315789474
2020-05-28,30,43,73,20,14,34,35,43,78,31,29,60,26,28,54,16,19,35,9,15,24,10,8,18,14,18,32,4,12,16,195,229,424,424,309,0.7287735849056604
2020-05-29,40,35,75,22,20,42,44,38,82,31,45,76,32,25,57,15,20,35,16,14,30,18,15,33,14,16,30,1,4,5,233,232,465,465,344,0.7397849462365591
2020-05-30,33,26,59,16,13,29,38,26,64,33,18,51,17,22,39,15,15,30,10,6,16,11,11,22,7,11,18,1,7,8,181,155,336,334,146,0.437125748502994
2020-05-31,28,17,45,14,12,26,15,15,30,20,12,32,17,13,30,5,11,16,8,5,13,11,6,17,6,10,16,0,8,8,124,109,233,233,118,0.5064377682403434
2020-06-01,36,32,68,26,20,46,33,48,81,28,41,69,20,28,48,18,18,36,25,17,42,11,9,20,8,11,19,4,3,7,209,227,436,436,285,0.6536697247706422
2020-06-02,44,34,78,21,21,42,38,31,69,29,29,58,19,21,40,15,17,32,13,11,24,26,12,38,9,18,27,4,13,17,218,207,425,425,249,0.5858823529411765
2020-06-03,40,25,65,16,35,51,32,29,61,31,40,71,21,26,47,10,12,22,20,15,35,16,12,28,11,16,27,2,9,11,199,219,418,418,228,0.5454545454545454
2020-06-04,38,35,73,19,28,47,38,33,71,20,32,52,23,20,43,29,18,47,12,8,20,23,13,36,10,19,29,2,9,11,214,215,429,426,253,0.5938967136150235
2020-06-05,46,41,87,16,22,38,38,31,69,35,44,79,36,28,64,28,27,55,18,14,32,18,14,32,14,20,34,3,9,12,252,250,502,502,409,0.8147410358565738
2020-06-06,31,25,56,18,12,30,20,22,42,32,31,63,14,17,31,14,13,27,11,13,24,13,8,21,12,18,30,1,9,10,166,168,334,329,244,0.7416413373860182
2020-06-07,25,24,49,16,13,29,22,22,44,19,21,40,20,8,28,12,8,20,9,5,14,9,7,16,12,11,23,2,8,10,146,127,273,270,151,0.5592592592592592
2020-06-08,35,37,72,24,24,48,46,31,77,44,44,88,38,26,64,20,21,41,16,15,31,16,15,31,12,17,29,4,7,11,255,237,492,490,327,0.6673469387755102
2020-06-09,56,37,93,25,26,51,24,47,71,38,35,73,32,25,57,22,10,32,12,10,22,12,17,29,12,30,42,3,11,14,236,248,484,481,378,0.7858627858627859
2020-06-10,28,42,70,16,18,34,45,28,73,40,39,79,37,24,61,27,20,47,22,15,37,22,26,48,5,20,25,6,15,21,248,247,495,495,330,0.6666666666666666
2020-06-11,42,44,86,15,22,37,37,39,76,46,39,85,22,31,53,19,29,48,12,23,35,16,18,34,8,28,36,4,15,19,221,288,509,509,340,0.6679764243614931
2020-06-12,47,46,93,15,27,42,57,45,102,48,57,105,40,42,82,21,26,47,30,20,50,17,15,32,6,22,28,5,9,14,286,309,595,595,395,0.6638655462184874
2020-06-13,36,29,65,24,21,45,38,41,79,38,35,73,13,31,44,23,21,44,12,8,20,13,8,21,9,18,27,2,6,8,208,218,426,426,321,0.7535211267605634
2020-06-14,22,33,55,20,22,42,29,22,51,19,21,40,20,14,34,16,19,35,11,6,17,4,15,19,14,19,33,0,8,8,155,179,334,334,223,0.6676646706586826
2020-06-15,40,36,76,29,25,54,34,33,67,29,31,60,19,22,41,14,13,27,16,5,21,12,11,23,7,15,22,2,10,12,202,201,403,403,239,0.5930521091811415
2020-06-16,55,63,118,23,25,48,67,52,119,53,47,100,43,28,71,24,19,43,14,13,27,16,7,23,13,25,38,3,13,16,311,292,603,603,385,0.6384742951907131
2020-06-17,44,50,94,24,29,53,61,45,106,47,53,100,42,33,75,28,17,45,16,16,32,10,20,30,19,16,35,2,9,11,293,288,581,581,451,0.7762478485370051
2020-06-18,54,48,102,25,17,42,69,59,128,57,63,120,55,29,84,38,28,66,20,21,41,17,15,32,14,25,39,3,11,14,352,316,668,668,580,0.8682634730538922
2020-06-19,60,38,98,17,32,49,46,53,99,74,56,130,44,46,90,46,32,78,29,19,48,20,19,39,17,20,37,7,13,20,360,328,688,688,709,1.0305232558139534
2020-06-20,34,39,73,22,23,45,36,31,67,41,37,78,26,38,64,18,25,43,20,15,35,12,8,20,7,16,23,4,5,9,220,237,457,457,262,0.5733041575492341
2020-06-21,36,25,61,20,19,39,29,36,65,25,38,63,20,14,34,17,10,27,11,10,21,11,7,18,6,9,15,1,7,8,176,175,351,351,158,0.45014245014245013
2020-06-22,52,45,97,31,34,65,43,57,100,58,44,102,40,39,79,29,35,64,18,24,42,19,16,35,6,23,29,2,12,14,298,329,627,627,397,0.6331738437001595
2020-06-23,54,51,105,31,32,63,61,51,112,65,52,117,43,50,93,28,40,68,21,21,42,12,15,27,12,17,29,3,6,9,330,335,665,665,368,0.5533834586466165
2020-06-24,49,52,101,28,27,55,57,56,113,53,59,112,46,44,90,27,40,67,15,20,35,11,14,25,15,14,29,2,4,6,303,330,633,633,294,0.46445497630331756
2020-06-25,54,61,115,39,45,84,53,48,101,47,45,92,47,40,87,41,37,78,13,17,30,12,14,26,10,12,22,4,6,10,320,325,645,645,441,0.6837209302325581
2020-06-26,53,49,102,35,28,63,67,61,128,54,54,108,43,42,85,21,38,59,25,24,49,13,16,29,11,21,32,1,9,10,323,342,665,665,347,0.5218045112781955
2020-06-27,66,61,127,34,43,77,40,62,102,39,41,80,33,27,60,22,17,39,19,8,27,3,13,16,8,7,15,4,6,10,268,285,553,553,288,0.5207956600361664
2020-06-28,45,24,69,15,22,37,22,47,69,29,43,72,23,24,47,24,18,42,11,7,18,9,10,19,9,13,22,6,6,12,193,214,407,407,196,0.48157248157248156
2020-06-29,48,51,99,36,48,84,54,50,104,60,50,110,35,34,69,19,36,55,26,11,37,15,18,33,12,19,31,3,7,10,308,324,632,632,366,0.5791139240506329
2020-06-30,35,47,82,18,32,50,66,48,114,41,56,97,43,39,82,32,33,65,25,11,36,18,11,29,6,19,25,2,10,12,286,306,592,591,302,0.5109983079526227
2020-07-01,49,40,89,20,39,59,67,55,122,46,48,94,37,42,79,27,32,59,20,19,39,16,15,31,9,21,30,3,7,10,294,318,612,611,351,0.574468085106383
2020-07-02,65,61,126,33,36,69,57,66,123,54,53,107,48,42,90,30,27,57,26,17,43,16,19,35,13,14,27,3,7,10,345,342,687,687,275,0.4002911208151383
2020-07-03,63,44,107,36,27,63,52,48,100,69,67,136,32,41,73,31,27,58,21,15,36,13,17,30,13,17,30,3,4,7,333,307,640,640,316,0.49375
2020-07-04,39,39,78,22,26,48,44,55,99,32,36,68,31,29,60,25,17,42,13,13,26,12,18,30,7,11,18,3,7,10,228,251,479,479,199,0.4154488517745303
2020-07-05,30,39,69,24,18,42,37,39,76,35,48,83,18,32,50,18,21,39,22,21,43,17,15,32,10,18,28,4,7,11,215,258,473,473,218,0.4608879492600423
2020-07-06,37,38,75,25,21,46,57,60,117,65,42,107,41,51,92,40,32,72,27,30,57,22,30,52,11,32,43,3,13,16,328,349,677,677,253,0.37370753323485967
2020-07-07,56,71,127,34,36,70,63,67,130,73,55,128,39,44,83,34,36,70,18,18,36,14,13,27,9,23,32,7,12,19,347,375,722,722,282,0.39058171745152354
2020-07-08,50,37,87,34,33,67,61,57,118,52,62,114,54,52,106,27,39,66,20,20,40,17,22,39,10,17,27,4,17,21,329,356,685,685,318,0.4642335766423358
2020-07-09,38,28,66,22,17,39,38,40,78,54,38,92,38,38,76,18,18,36,12,20,32,10,23,33,8,17,25,5,8,13,243,247,490,490,191,0.38979591836734695
2020-07-10,37,28,65,24,26,50,42,46,88,40,44,84,32,30,62,23,26,49,19,19,38,18,13,31,12,18,30,1,11,12,248,261,509,509,199,0.39096267190569745
2020-07-11,34,45,79,25,17,42,32,37,69,39,41,80,35,37,72,23,31,54,20,19,39,14,29,43,7,24,31,3,15,18,232,295,527,527,270,0.5123339658444023
2020-07-12,30,21,51,16,16,32,32,26,58,31,28,59,22,20,42,11,19,30,13,16,29,11,11,22,6,14,20,4,6,10,176,177,353,353,137,0.3881019830028329
2020-07-13,46,53,99,31,31,62,56,61,117,56,54,110,56,59,115,38,47,85,37,30,67,24,40,64,14,49,63,2,25,27,360,449,809,809,457,0.5648949320148331
2020-07-14,55,44,99,29,27,56,48,48,96,83,64,147,54,49,103,40,19,59,33,29,62,26,29,55,19,20,39,7,15,22,394,344,738,738,317,0.42953929539295393
2020-07-15,49,52,101,46,35,81,57,89,146,79,92,171,60,61,121,33,44,77,26,27,53,16,25,41,14,18,32,7,7,14,387,450,837,837,332,0.3966547192353644
2020-07-16,55,38,93,29,47,76,65,76,141,72,61,133,55,73,128,33,50,83,24,23,47,17,30,47,19,36,55,2,21,23,371,455,826,826,464,0.5617433414043583
2020-07-17,54,49,103,35,38,73,46,65,111,55,71,126,48,75,123,37,44,81,30,35,65,18,19,37,17,20,37,4,8,12,344,424,768,768,378,0.4921875
2020-07-18,37,38,75,25,25,50,59,53,112,48,59,107,37,48,85,30,27,57,27,29,56,18,12,30,15,23,38,2,6,8,298,320,618,618,350,0.5663430420711975
2020-07-19,40,44,84,20,25,45,34,38,72,39,54,93,34,35,69,28,30,58,23,17,40,15,10,25,11,18,29,2,7,9,246,278,524,524,216,0.4122137404580153
2020-07-20,74,58,132,45,45,90,73,74,147,67,95,162,59,84,143,37,57,94,34,49,83,25,29,54,23,21,44,3,12,15,440,524,964,964,383,0.39730290456431533
2020-07-21,51,47,98,33,33,66,73,59,132,78,81,159,57,53,110,44,52,96,28,35,63,26,26,52,14,30,44,5,10,15,409,426,835,835,346,0.41437125748502995
2020-07-22,78,52,130,36,37,73,87,85,172,89,87,176,74,69,143,39,47,86,21,30,51,31,24,55,16,38,54,2,10,12,473,479,952,952,424,0.44537815126050423
2020-07-23,64,53,117,31,45,76,80,85,165,80,89,169,46,59,105,40,43,83,21,29,50,21,23,44,7,24,31,7,8,15,397,458,855,855,442,0.5169590643274854
2020-07-24,47,56,103,38,30,68,79,76,155,69,85,154,62,63,125,43,44,87,37,20,57,17,24,41,13,29,42,2,13,15,407,440,847,847,444,0.5242030696576151
2020-07-25,50,41,91,33,22,55,53,62,115,68,65,133,42,50,92,22,30,52,17,26,43,17,23,40,12,15,27,5,3,8,319,337,656,656,370,0.5640243902439024
2020-07-26,43,36,79,15,23,38,37,31,68,33,42,75,38,26,64,23,28,51,14,12,26,16,13,29,9,24,33,5,7,12,233,242,475,475,239,0.5031578947368421
2020-07-27,41,46,87,39,36,75,62,69,131,77,83,160,61,77,138,46,61,107,30,40,70,19,27,46,19,22,41,5,23,28,399,484,883,883,403,0.4563986409966025
2020-07-28,59,55,114,33,33,66,89,102,191,80,80,160,65,64,129,54,62,116,42,35,77,19,37,56,12,29,41,6,20,26,459,517,976,976,385,0.3944672131147541
2020-07-29,63,56,119,32,36,68,92,83,175,77,84,161,84,69,153,44,50,94,34,41,75,28,23,51,22,40,62,8,26,34,484,508,992,992,399,0.4022177419354839
2020-07-30,68,51,119,44,53,97,112,87,199,87,88,175,79,64,143,52,54,106,32,35,67,18,23,41,12,22,34,2,7,9,506,484,990,990,450,0.45454545454545453
2020-07-31,50,64,114,29,31,60,77,93,170,100,105,205,67,65,132,49,58,107,29,37,66,21,29,50,12,34,46,6,18,24,440,534,974,974,475,0.48767967145790553
2020-08-01,42,38,80,23,34,57,48,70,118,52,68,120,35,50,85,37,41,78,24,16,40,20,18,38,13,27,40,0,15,15,294,377,671,671,343,0.511177347242921
2020-08-02,50,36,86,28,31,59,42,42,84,53,52,105,35,53,88,21,34,55,13,20,33,12,20,32,14,23,37,2,9,11,270,320,590,590,269,0.4559322033898305
2020-08-03,57,69,126,35,47,82,75,80,155,83,76,159,60,76,136,45,51,96,37,30,67,15,25,40,17,40,57,5,16,21,429,510,939,939,479,0.5101171458998935
2020-08-04,73,52,125,47,50,97,95,73,168,96,86,182,74,73,147,51,46,97,39,31,70,21,30,51,20,42,62,5,20,25,521,503,1024,1024,445,0.4345703125
2020-08-05,62,63,125,46,32,78,92,84,176,80,89,169,53,69,122,57,56,113,35,35,70,27,28,55,18,26,44,4,10,14,474,492,966,966,644,0.6666666666666666
2020-08-06,61,52,113,36,47,83,83,89,172,86,103,189,65,77,142,44,54,98,36,31,67,22,28,50,16,30,46,5,13,18,454,524,978,977,578,0.5916069600818833
2020-08-07,72,64,136,42,35,77,80,101,181,88,102,190,63,94,157,50,48,98,27,39,66,31,36,67,13,45,58,5,16,21,471,580,1051,1051,529,0.5033301617507137
2020-08-08,50,45,95,31,35,66,43,64,107,81,76,157,51,67,118,41,46,87,33,27,60,20,32,52,13,38,51,1,24,25,364,454,818,818,267,0.3264058679706601
2020-08-09,36,35,71,26,22,48,45,56,101,55,49,104,38,64,102,42,42,84,23,25,48,23,33,56,18,57,75,5,23,28,311,406,717,717,251,0.3500697350069735
2020-08-10,72,68,140,54,46,100,99,93,192,99,89,188,77,82,159,63,74,137,33,36,69,18,30,48,18,33,51,6,20,26,539,571,1110,1110,401,0.36126126126126124
2020-08-11,59,55,114,51,35,86,93,95,188,122,106,228,84,96,180,60,66,126,46,45,91,35,58,93,19,49,68,8,24,32,577,629,1206,1206,482,0.3996683250414594
2020-08-12,57,63,120,45,51,96,86,100,186,75,129,204,84,84,168,59,62,121,33,36,69,17,31,48,12,21,33,5,17,22,473,594,1067,1067,395,0.3701968134957826
2020-08-13,49,58,107,52,47,99,112,115,227,117,138,255,87,97,184,60,68,128,31,40,71,31,31,62,14,26,40,5,15,20,558,635,1193,1193,438,0.3671416596814753
2020-08-14,46,48,94,35,43,78,113,121,234,101,120,221,88,83,171,55,66,121,39,38,77,25,34,59,14,23,37,3,13,16,519,589,1108,1108,429,0.3871841155234657
2020-08-15,61,40,101,50,41,91,52,81,133,76,94,170,55,75,130,34,51,85,32,35,67,23,44,67,16,58,74,4,24,28,403,543,946,946,380,0.40169133192389006
2020-08-16,40,30,70,22,20,42,66,60,126,57,60,117,25,52,77,35,39,74,16,27,43,18,21,39,15,34,49,1,23,24,295,366,661,660,270,0.4090909090909091
2020-08-17,46,25,71,36,30,66,73,70,143,87,84,171,71,79,150,50,62,112,24,42,66,20,18,38,12,24,36,0,13,13,419,447,866,866,359,0.41454965357967666
2020-08-18,64,54,118,44,43,87,94,87,181,112,107,219,78,84,162,39,77,116,38,41,79,27,32,59,12,21,33,0,16,16,508,562,1070,1070,389,0.36355140186915885
2020-08-19,60,51,111,46,50,96,70,106,176,83,96,179,67,82,149,52,48,100,28,33,61,22,44,66,17,42,59,6,21,27,451,573,1024,1024,331,0.3232421875
2020-08-20,52,49,101,37,36,73,88,97,185,77,99,176,53,64,117,44,51,95,31,45,76,21,24,45,18,30,48,3,16,19,424,511,935,935,367,0.3925133689839572
2020-08-21,46,60,106,45,37,82,70,94,164,91,102,193,85,80,165,53,66,119,41,46,87,28,46,74,15,47,62,5,16,21,479,594,1073,1073,463,0.4315004659832246
2020-08-22,31,30,61,33,31,64,59,64,123,55,91,146,60,52,112,37,32,69,31,32,63,17,37,54,13,24,37,5,21,26,341,414,755,755,337,0.4463576158940397
2020-08-23,37,42,79,23,19,42,41,55,96,45,55,100,45,41,86,30,41,71,23,27,50,10,24,34,14,11,25,5,3,8,273,318,591,591,183,0.3096446700507614
2020-08-24,69,69,138,44,42,86,76,86,162,93,107,200,71,86,157,60,60,120,35,53,88,26,35,61,18,33,51,6,19,25,498,590,1088,1088,444,0.40808823529411764
2020-08-25,55,57,112,43,44,87,91,126,217,99,115,214,74,78,152,43,68,111,37,41,78,24,24,48,20,37,57,6,16,22,492,606,1098,1098,431,0.3925318761384335
2020-08-26,64,40,104,45,49,94,117,103,220,102,107,209,61,96,157,59,70,129,41,46,87,31,34,65,19,36,55,3,15,18,542,596,1138,1138,440,0.3866432337434095
2020-08-27,65,57,122,59,62,121,114,98,212,102,112,214,81,93,174,61,66,127,32,43,75,30,27,57,22,41,63,4,24,28,570,623,1193,1193,437,0.366303436714166
2020-08-28,52,51,103,59,53,112,115,123,238,93,115,208,80,111,191,62,86,148,35,50,85,40,40,80,16,31,47,3,10,13,555,670,1225,1225,547,0.446530612244898
2020-08-29,43,32,75,28,29,57,81,89,170,83,101,184,71,69,140,42,47,89,38,31,69,29,26,55,14,40,54,5,21,26,434,485,919,919,475,0.5168661588683352
2020-08-30,34,52,86,39,29,68,56,67,123,68,57,125,54,63,117,44,38,82,24,29,53,17,24,41,7,14,21,3,8,11,346,381,727,727,241,0.3314993122420908
2020-08-31,60,42,102,48,43,91,98,88,186,95,100,195,75,84,159,50,62,112,36,48,84,33,44,77,20,41,61,2,13,15,517,565,1082,1082,612,0.5656192236598891
2020-09-01,57,55,112,41,54,95,104,99,203,122,126,248,94,81,175,48,80,128,29,33,62,21,30,51,16,49,65,7,17,24,539,624,1163,1162,485,0.4173838209982788
2020-09-02,52,39,91,29,37,66,81,94,175,92,114,206,66,76,142,59,61,120,28,36,64,34,33,67,14,36,50,3,27,30,458,553,1011,1011,527,0.5212660731948566
2020-09-03,58,50,108,54,48,102,101,121,222,122,127,249,85,84,169,65,58,123,36,45,81,29,32,61,19,37,56,4,13,17,573,615,1188,1188,466,0.39225589225589225
2020-09-04,58,62,120,45,46,91,94,113,207,113,123,236,79,99,178,49,72,121,44,52,96,33,35,68,19,31,50,4,16,20,538,649,1187,1187,509,0.42881213142375735
2020-09-05,38,34,72,22,25,47,80,79,159,75,100,175,59,91,150,37,46,83,33,35,68,22,24,46,18,25,43,2,8,10,386,467,853,853,485,0.5685814771395076
2020-09-06,39,35,74,23,28,51,50,65,115,50,52,102,43,50,93,29,46,75,20,25,45,10,30,40,13,20,33,1,8,9,278,359,637,637,265,0.41601255886970173
2020-09-07,52,49,101,44,46,90,101,112,213,115,122,237,74,99,173,55,85,140,48,44,92,28,28,56,16,35,51,5,15,20,538,635,1173,1173,502,0.4279624893435635
2020-09-08,47,56,103,44,45,89,88,106,194,115,122,237,84,87,171,59,73,132,41,53,94,33,34,67,19,28,47,5,20,25,535,624,1159,1159,501,0.43226919758412424
2020-09-09,56,50,106,42,65,107,110,99,209,111,111,222,88,88,176,63,68,131,41,55,96,24,31,55,17,39,56,1,19,20,553,625,1178,1178,606,0.5144312393887945
2020-09-10,46,33,79,53,41,94,118,117,235,123,133,256,99,107,206,65,67,132,35,48,83,33,37,70,9,31,40,2,18,20,583,632,1215,1215,631,0.5193415637860083
2020-09-11,53,47,100,59,50,109,103,87,190,106,128,234,87,100,187,61,89,150,49,45,94,30,33,63,22,35,57,2,8,10,572,622,1194,1194,617,0.516750418760469
2020-09-12,45,30,75,33,31,64,49,67,116,60,79,139,41,66,107,38,55,93,36,33,69,24,27,51,12,37,49,2,15,17,340,440,780,780,383,0.491025641025641
2020-09-13,45,40,85,26,28,54,54,70,124,52,76,128,38,59,97,40,35,75,38,31,69,17,10,27,3,17,20,5,8,13,318,374,692,692,273,0.3945086705202312
2020-09-14,64,57,121,47,49,96,104,119,223,110,107,217,66,98,164,69,79,148,52,64,116,33,35,68,23,24,47,0,9,9,568,641,1209,1209,514,0.4251447477253929
2020-09-15,68,38,106,34,30,64,93,83,176,96,124,220,78,77,155,43,67,110,48,51,99,34,44,78,15,49,64,3,22,25,512,585,1097,1097,525,0.4785779398359161
2020-09-16,72,67,139,65,65,130,110,135,245,101,135,236,84,101,185,57,69,126,46,55,101,28,29,57,19,42,61,3,15,18,585,713,1298,1298,470,0.362095531587057
2020-09-17,54,45,99,34,60,94,104,97,201,94,110,204,94,109,203,69,76,145,51,52,103,36,29,65,17,24,41,3,10,13,556,612,1168,1168,596,0.5102739726027398
2020-09-18,67,59,126,39,58,97,100,110,210,106,133,239,74,99,173,63,78,141,39,55,94,42,41,83,16,31,47,5,21,26,551,685,1236,1236,512,0.41423948220064727
2020-09-19,25,48,73,30,41,71,56,66,122,68,69,137,43,40,83,34,39,73,38,31,69,19,23,42,14,20,34,5,8,13,332,385,717,717,340,0.47419804741980476
2020-09-20,37,42,79,36,39,75,54,52,106,65,51,116,39,49,88,22,43,65,20,27,47,21,23,44,6,18,24,3,7,10,303,351,654,654,184,0.28134556574923547
2020-09-21,64,49,113,40,60,100,91,90,181,104,109,213,69,90,159,56,53,109,47,54,101,34,32,66,15,22,37,1,10,11,521,569,1090,1090,477,0.43761467889908257
2020-09-22,71,62,133,60,56,116,101,124,225,99,112,211,88,82,170,66,75,141,55,42,97,32,37,69,15,36,51,4,16,20,591,642,1233,1233,440,0.35685320356853206
2020-09-23,63,55,118,41,42,83,72,116,188,83,109,192,71,74,145,52,62,114,50,52,102,23,46,69,13,30,43,2,13,15,470,599,1069,1069,398,0.372310570626754
2020-09-24,72,55,127,60,56,116,108,89,197,98,114,212,78,93,171,48,53,101,31,68,99,24,36,60,23,36,59,7,24,31,549,624,1173,1173,435,0.37084398976982097
2020-09-25,63,47,110,48,45,93,86,105,191,87,93,180,82,78,160,56,60,116,58,54,112,29,31,60,19,27,46,0,11,11,528,551,1079,1079,504,0.46709916589434664
2020-09-26,33,32,65,36,30,66,48,50,98,75,65,140,46,48,94,36,53,89,32,28,60,22,14,36,10,15,25,3,8,11,341,343,684,684,278,0.4064327485380117
2020-09-27,40,41,81,22,36,58,51,66,117,56,63,119,53,51,104,31,35,66,25,28,53,9,18,27,11,15,26,2,9,11,300,362,662,662,221,0.3338368580060423
2020-09-28,60,57,117,42,32,74,67,85,152,95,89,184,92,69,161,72,75,147,51,32,83,31,31,62,16,27,43,4,14,18,530,511,1041,1041,502,0.48222862632084534
2020-09-29,73,60,133,59,60,119,114,95,209,116,123,239,88,86,174,62,51,113,48,56,104,32,58,90,26,44,70,1,22,23,619,655,1274,1274,380,0.29827315541601257
2020-09-30,67,63,130,43,46,89,99,118,217,95,105,200,75,78,153,64,71,135,51,60,111,30,35,65,16,41,57,3,13,16,543,630,1173,1173,449,0.38277919863597615
2020-10-01,65,87,152,55,73,128,104,125,229,110,130,240,77,83,160,54,64,118,46,54,100,33,47,80,11,21,32,3,11,14,558,695,1253,1253,536,0.4277733439744613
2020-10-02,89,66,155,55,58,113,80,108,188,95,114,209,70,84,154,59,58,117,52,50,102,33,48,81,11,39,50,5,14,19,549,639,1188,1188,614,0.5168350168350169
2020-10-03,40,39,79,32,50,82,68,69,137,65,70,135,51,59,110,49,36,85,29,36,65,28,23,51,11,27,38,4,6,10,377,415,792,792,387,0.48863636363636365
2020-10-04,46,43,89,29,30,59,63,74,137,51,54,105,46,51,97,28,37,65,24,24,48,18,20,38,13,25,38,2,5,7,320,363,683,683,287,0.42020497803806733
2020-10-05,45,52,97,49,39,88,101,97,198,122,113,235,95,86,181,65,73,138,73,55,128,36,57,93,20,31,51,3,7,10,609,610,1219,1219,553,0.45365053322395404
2020-10-06,62,71,133,47,53,100,86,88,174,107,115,222,99,78,177,69,68,137,48,51,99,35,48,83,21,33,54,6,9,15,580,614,1194,1194,423,0.3542713567839196
2020-10-07,72,52,124,37,47,84,105,113,218,115,124,239,89,95,184,57,87,144,53,52,105,29,41,70,16,26,42,3,8,11,576,645,1221,1221,436,0.3570843570843571
2020-10-08,70,51,121,42,46,88,82,108,190,97,111,208,80,82,162,62,64,126,44,48,92,38,42,80,11,31,42,4,19,23,530,602,1132,1132,471,0.4160777385159011
2020-10-09,53,72,125,55,58,113,68,115,183,102,132,234,70,102,172,50,73,123,46,52,98,29,39,68,12,23,35,4,18,22,489,684,1173,1173,564,0.48081841432225064
2020-10-10,32,50,82,40,27,67,75,70,145,67,69,136,61,63,124,42,54,96,30,35,65,16,28,44,16,23,39,6,9,15,385,428,813,813,448,0.5510455104551045
2020-10-11,47,44,91,30,32,62,33,65,98,53,87,140,49,46,95,41,39,80,37,27,64,17,26,43,12,19,31,1,6,7,320,391,711,711,382,0.5372714486638537
2020-10-12,47,42,89,44,36,80,60,77,137,66,70,136,51,60,111,43,59,102,46,46,92,23,33,56,14,23,37,1,11,12,395,457,852,852,363,0.426056338028169
2020-10-13,68,68,136,52,37,89,94,107,201,100,114,214,77,93,170,74,76,150,59,57,116,37,51,88,19,39,58,5,15,20,585,657,1242,1242,559,0.4500805152979066
2020-10-14,54,64,118,42,51,93,90,106,196,94,103,197,66,78,144,50,72,122,52,43,95,34,48,82,19,30,49,1,13,14,502,608,1110,1110,527,0.47477477477477475
2020-10-15,61,56,117,49,45,94,97,103,200,114,105,219,95,106,201,67,63,130,56,62,118,29,33,62,15,31,46,6,10,16,589,614,1203,1203,454,0.3773898586866168
2020-10-16,81,56,137,60,72,132,132,145,277,119,110,229,98,113,211,72,80,152,49,58,107,36,53,89,23,46,69,2,26,28,672,759,1431,1431,574,0.40111809923130676
2020-10-17,45,45,90,40,36,76,68,65,133,78,95,173,58,67,125,41,45,86,40,43,83,34,26,60,11,25,36,3,7,10,418,454,872,872,385,0.4415137614678899
2020-10-18,39,33,72,28,21,49,32,46,78,56,75,131,29,39,68,45,24,69,21,23,44,16,21,37,8,18,26,1,4,5,275,304,579,579,344,0.5941278065630398
2020-10-19,98,73,171,58,62,120,106,132,238,122,144,266,103,140,243,74,88,162,68,59,127,43,62,105,17,37,54,2,10,12,691,807,1498,1498,781,0.5213618157543392
2020-10-20,76,78,154,71,55,126,122,129,251,115,118,233,105,128,233,76,76,152,63,57,120,32,48,80,26,40,66,0,14,14,686,743,1429,1429,1022,0.71518544436669
2020-10-21,53,54,107,79,53,132,99,125,224,99,109,208,79,89,168,70,58,128,59,50,109,31,35,66,19,31,50,2,4,6,590,608,1198,1198,719,0.6001669449081803
2020-10-22,55,50,105,65,67,132,84,106,190,80,108,188,79,75,154,56,68,124,34,58,92,23,37,60,17,28,45,2,8,10,495,605,1100,1100,751,0.6827272727272727
2020-10-23,54,45,99,42,38,80,66,77,143,58,74,132,65,85,150,48,46,94,39,52,91,36,34,70,12,26,38,5,18,23,425,495,920,920,730,0.7934782608695652
2020-10-24,34,30,64,21,21,42,53,35,88,56,59,115,43,50,93,26,44,70,23,32,55,25,28,53,6,26,32,2,9,11,289,334,623,623,557,0.8940609951845907
2020-10-25,47,32,79,28,33,61,53,62,115,54,86,140,48,45,93,34,55,89,24,35,59,23,20,43,7,14,21,1,3,4,319,385,704,704,653,0.9275568181818182
2020-10-26,66,51,117,64,55,119,82,87,169,100,111,211,58,90,148,64,89,153,57,58,115,42,55,97,12,33,45,2,11,13,547,640,1187,1187,1008,0.8491996630160067
2020-10-27,56,57,113,53,40,93,106,112,218,93,114,207,88,91,179,68,90,158,58,78,136,35,52,87,16,33,49,3,6,9,576,673,1249,1249,1086,0.8694955964771818
2020-10-28,54,57,111,41,51,92,87,90,177,93,120,213,57,91,148,71,78,149,47,43,90,23,34,57,12,30,42,3,13,16,488,607,1095,1095,894,0.8164383561643835
2020-10-29,48,46,94,48,52,100,112,106,218,107,106,213,66,96,162,59,67,126,45,52,97,27,37,64,12,27,39,1,8,9,525,597,1122,1122,1071,0.9545454545454546
2020-10-30,50,38,88,29,45,74,58,89,147,78,97,175,69,79,148,48,66,114,46,63,109,24,32,56,21,28,49,3,14,17,426,551,977,977,785,0.8034800409416581
2020-10-31,41,27,68,20,21,41,56,47,103,50,79,129,47,49,96,32,40,72,31,40,71,22,31,53,9,16,25,3,8,11,311,358,669,669,567,0.8475336322869955
2020-11-01,57,48,105,37,43,80,70,78,148,55,77,132,58,54,112,44,50,94,28,57,85,27,26,53,9,27,36,4,7,11,389,467,856,856,713,0.8329439252336449
2020-11-02,53,62,115,52,55,107,87,107,194,103,100,203,76,86,162,52,62,114,50,59,109,38,38,76,16,19,35,1,11,12,528,599,1127,1127,925,0.8207630878438332
2020-11-03,39,45,84,28,45,73,64,97,161,84,87,171,61,50,111,49,50,99,40,39,79,37,37,74,16,35,51,3,12,15,421,497,918,918,697,0.7592592592592593
2020-11-04,53,52,105,47,51,98,118,109,227,92,112,204,99,102,201,70,70,140,62,61,123,42,39,81,21,37,58,7,13,20,611,646,1257,1257,743,0.5910898965791567
2020-11-05,72,63,135,78,65,143,138,136,274,143,132,275,106,112,218,74,87,161,50,75,125,36,35,71,19,24,43,4,10,14,720,739,1459,1459,930,0.6374228923920493
2020-11-06,45,47,92,41,49,90,78,70,148,63,86,149,60,53,113,53,61,114,44,52,96,32,50,82,19,33,52,4,7,11,439,508,947,947,749,0.7909186906019008
2020-11-07,40,43,83,33,37,70,57,74,131,54,76,130,59,71,130,48,67,115,51,57,108,33,32,65,24,19,43,5,8,13,404,484,888,888,678,0.7635135135135135
2020-11-08,56,62,118,27,44,71,73,78,151,70,103,173,59,68,127,42,52,94,37,57,94,23,30,53,9,19,28,4,6,10,400,519,919,919,762,0.8291621327529923
2020-11-09,85,71,156,68,51,119,83,123,206,119,133,252,91,99,190,77,82,159,61,64,125,33,47,80,27,39,66,5,13,18,649,722,1371,1371,1046,0.7629467541940189
2020-11-10,52,48,100,43,52,95,88,83,171,100,107,207,64,70,134,55,58,113,67,50,117,32,36,68,25,35,60,5,9,14,531,548,1079,1079,717,0.6645041705282669
2020-11-11,68,52,120,43,58,101,106,124,230,102,114,216,99,100,199,83,89,172,51,50,101,36,42,78,21,36,57,5,18,23,614,683,1297,1297,864,0.6661526599845798
2020-11-12,70,63,133,44,54,98,111,123,234,149,114,263,105,101,206,76,74,150,59,71,130,39,55,94,20,37,57,3,12,15,676,704,1380,1380,853,0.6181159420289855
2020-11-13,62,44,106,59,48,107,109,131,240,95,111,206,84,95,179,64,69,133,69,70,139,50,49,99,22,43,65,4,14,18,618,674,1292,1292,831,0.6431888544891641
2020-11-14,67,64,131,38,33,71,66,89,155,89,91,180,63,72,135,53,53,106,51,36,87,30,43,73,12,23,35,4,6,10,473,510,983,983,718,0.7304170905391658
2020-11-15,69,71,140,58,35,93,75,104,179,97,86,183,82,78,160,59,61,120,53,56,109,30,44,74,13,26,39,0,13,13,536,574,1110,1110,835,0.7522522522522522
2020-11-16,70,70,140,88,60,148,106,106,212,112,148,260,95,96,191,62,79,141,62,59,121,47,56,103,21,37,58,4,20,24,667,731,1398,1398,911,0.6516452074391988
2020-11-17,79,84,163,85,79,164,156,185,341,185,191,376,140,162,302,95,123,218,86,104,190,59,70,129,20,47,67,6,20,26,911,1065,1976,1976,1413,0.715080971659919
2020-11-18,68,67,135,108,91,199,163,199,362,182,199,381,122,136,258,88,95,183,78,75,153,58,61,119,21,55,76,2,10,12,890,988,1878,1878,1293,0.6884984025559105
2020-11-19,77,66,143,102,94,196,178,203,381,149,210,359,122,158,280,102,118,220,70,82,152,48,51,99,26,39,65,5,10,15,879,1031,1910,1910,1334,0.6984293193717277
2020-11-20,76,62,138,61,75,136,146,179,325,141,172,313,121,144,265,94,105,199,72,58,130,44,50,94,27,41,68,5,17,22,787,903,1690,1690,1173,0.6940828402366864
2020-11-21,63,57,120,42,63,105,101,124,225,128,117,245,95,92,187,79,75,154,55,56,111,35,25,60,10,23,33,3,11,14,611,643,1254,1254,1067,0.8508771929824561
2020-11-22,58,49,107,46,51,97,97,92,189,85,113,198,81,86,167,54,65,119,49,54,103,32,20,52,14,25,39,3,9,12,519,564,1083,1083,861,0.7950138504155124
2020-11-23,71,65,136,59,69,128,120,129,249,140,115,255,105,112,217,72,84,156,55,73,128,42,46,88,23,32,55,7,13,20,694,738,1432,1432,1160,0.8100558659217877
2020-11-24,72,80,152,81,86,167,126,158,284,179,160,339,135,148,283,105,109,214,72,91,163,54,59,113,28,40,68,2,10,12,854,941,1795,1795,1346,0.7498607242339833
2020-11-25,80,73,153,84,87,171,167,185,352,172,176,348,143,142,285,91,92,183,85,84,169,36,69,105,24,50,74,6,12,18,888,970,1858,1858,1285,0.6916038751345532
2020-11-26,81,74,155,92,98,190,161,189,350,183,210,393,116,135,251,98,107,205,74,83,157,51,59,110,18,40,58,9,12,21,883,1007,1890,1890,1361,0.7201058201058201
2020-11-27,62,58,120,74,58,132,145,186,331,128,156,284,108,77,185,85,85,170,62,64,126,40,43,83,18,39,57,4,5,9,726,771,1497,1497,1067,0.7127588510354042
2020-11-28,70,44,114,55,50,105,110,129,239,94,130,224,73,91,164,71,79,150,39,40,79,31,42,73,18,32,50,3,6,9,564,643,1207,1207,830,0.6876553438276719
2020-11-29,63,53,116,56,61,117,131,133,264,104,148,252,109,100,209,62,83,145,65,86,151,36,50,86,18,27,45,2,11,13,646,752,1398,1398,1100,0.7868383404864091
2020-11-30,94,85,179,111,86,197,190,198,388,189,187,376,159,161,320,93,109,202,95,109,204,70,61,131,23,39,62,4,11,15,1028,1046,2074,2073,1441,0.6951278340569224
2020-12-01,61,75,136,83,91,174,185,185,370,172,182,354,133,148,281,75,88,163,89,116,205,55,57,112,24,40,64,3,8,11,880,990,1870,1870,1226,0.6556149732620321
2020-12-02,44,40,84,59,78,137,112,126,238,110,157,267,90,109,199,61,62,123,52,47,99,40,51,91,24,21,45,1,9,10,593,700,1293,1293,510,0.39443155452436196
2020-12-03,55,57,112,88,87,175,144,214,358,169,194,363,128,145,273,88,89,177,79,90,169,49,47,96,19,30,49,2,6,8,821,959,1780,1780,414,0.23258426966292134
2020-12-04,68,70,138,87,86,173,145,168,313,159,186,345,121,155,276,100,104,204,81,101,182,64,50,114,20,41,61,6,10,16,851,971,1822,1821,637,0.34980779791323446
2020-12-05,61,60,121,73,63,136,128,126,254,154,134,288,98,87,185,54,70,124,52,60,112,33,37,70,10,25,35,5,8,13,668,670,1338,1338,683,0.5104633781763827
2020-12-06,50,53,103,52,51,103,86,92,178,84,102,186,70,91,161,47,57,104,50,56,106,35,38,73,19,20,39,1,6,7,494,566,1060,1060,397,0.3745283018867924
2020-12-07,39,52,91,70,56,126,120,135,255,112,116,228,87,111,198,66,72,138,43,57,100,35,42,77,19,23,42,4,6,10,595,670,1265,1265,370,0.2924901185770751
2020-12-08,54,62,116,60,67,127,112,132,244,123,131,254,89,80,169,82,83,165,67,56,123,25,53,78,12,24,36,4,8,12,628,696,1324,1324,406,0.3066465256797583
2020-12-09,68,68,136,74,99,173,212,254,466,210,233,443,172,162,334,140,157,297,121,112,233,52,76,128,24,42,66,1,19,20,1074,1222,2296,2296,751,0.3270905923344948
2020-12-10,81,57,138,109,144,253,227,285,512,243,307,550,181,214,395,152,188,340,121,116,237,55,56,111,21,53,74,6,11,17,1196,1431,2627,2627,583,0.2219261515036163
2020-12-11,70,73,143,112,122,234,234,295,529,269,299,568,198,223,421,162,170,332,139,149,288,69,80,149,25,41,66,2,9,11,1280,1461,2741,2741,499,0.1820503465888362
2020-12-12,67,65,132,96,100,196,192,234,426,215,246,461,184,197,381,135,163,298,99,140,239,51,62,113,17,27,44,3,10,13,1059,1244,2303,2303,585,0.25401650021710814
2020-12-13,71,47,118,89,91,180,144,185,329,201,238,439,154,178,332,134,135,269,98,91,189,42,43,85,15,21,36,5,5,10,953,1034,1987,1987,366,0.18419728233517865
2020-12-14,87,69,156,118,121,239,223,269,492,272,286,558,188,217,405,170,185,355,135,148,283,77,78,155,26,40,66,9,13,22,1305,1426,2731,2731,671,0.24569754668619553
2020-12-15,71,75,146,94,106,200,207,265,472,249,258,507,183,185,368,148,209,357,138,129,267,67,63,130,15,26,41,2,12,14,1174,1328,2502,2501,565,0.22590963614554177
2020-12-16,53,64,117,120,156,276,234,296,530,302,366,668,250,247,497,192,199,391,145,167,312,81,83,164,27,25,52,4,11,15,1408,1614,3022,3022,657,0.21740569159497022
2020-12-17,95,84,179,121,125,246,263,355,618,331,372,703,257,266,523,180,195,375,98,133,231,65,58,123,16,26,42,2,9,11,1428,1623,3051,3051,688,0.22549983611930516
2020-12-18,98,76,174,151,197,348,294,385,679,348,379,727,280,295,575,223,246,469,218,214,432,111,96,207,21,55,76,3,12,15,1747,1955,3702,3702,908,0.24527282549972987
2020-12-19,79,72,151,122,140,262,238,303,541,363,370,733,237,238,475,183,216,399,153,182,335,67,86,153,17,32,49,3,7,10,1462,1646,3108,3108,862,0.27734877734877733
2020-12-20,68,82,150,136,149,285,253,281,534,356,372,728,249,272,521,212,236,448,147,151,298,71,64,135,15,19,34,4,8,12,1511,1634,3145,3145,429,0.13640699523052463
2020-12-21,91,99,190,143,155,298,344,362,706,424,473,897,320,314,634,231,249,480,208,211,419,94,95,189,20,52,72,4,8,12,1879,2018,3897,3897,753,0.19322555812163203
2020-12-22,103,101,204,188,202,390,357,458,815,468,548,1016,348,356,704,246,257,503,210,227,437,100,94,194,21,36,57,6,5,11,2047,2284,4331,4331,847,0.1955668436850612
2020-12-23,124,105,229,219,205,424,408,446,854,463,496,959,327,381,708,232,245,477,164,207,371,73,85,158,31,46,77,8,15,23,2049,2231,4280,4280,872,0.20373831775700935
2020-12-24,54,56,110,91,135,226,230,238,468,295,279,574,207,182,389,110,140,250,89,117,206,62,47,109,6,22,28,3,5,8,1147,1221,2368,2368,663,0.2799831081081081
2020-12-25,38,26,64,39,41,80,69,70,139,69,86,155,50,43,93,50,50,100,25,26,51,17,10,27,6,18,24,4,3,7,367,373,740,740,455,0.6148648648648649
2020-12-26,92,70,162,198,227,425,295,350,645,407,408,815,254,338,592,226,232,458,138,165,303,69,76,145,22,36,58,1,12,13,1702,1914,3616,3616,768,0.21238938053097345
2020-12-27,54,53,107,246,240,486,317,329,646,422,440,862,346,367,713,244,266,510,175,166,341,73,90,163,22,35,57,3,11,14,1902,1997,3899,3899,443,0.11361887663503463
2020-12-28,128,103,231,301,332,633,440,548,988,608,657,1265,478,516,994,292,366,658,203,263,466,100,120,220,34,55,89,3,26,29,2587,2986,5573,5573,839,0.15054728153597705
2020-12-29,100,91,191,273,278,551,457,512,969,500,528,1028,413,437,850,270,293,563,206,235,441,102,115,217,33,69,102,9,16,25,2363,2574,4937,4937,800,0.16204172574437917
2020-12-30,98,86,184,315,352,667,476,491,967,564,575,1139,415,489,904,282,360,642,204,218,422,99,103,202,30,54,84,3,12,15,2486,2740,5226,5225,1125,0.215311004784689
2020-12-31,70,69,139,227,219,446,330,321,651,347,377,724,274,336,610,185,205,390,100,114,214,49,65,114,14,29,43,1,8,9,1597,1743,3340,3340,659,0.19730538922155688
2021-01-01,31,24,55,48,47,95,66,88,154,83,98,181,61,75,136,50,61,111,26,36,62,17,22,39,6,16,22,1,4,5,389,471,860,860,374,0.43488372093023253
2021-01-02,77,61,138,187,227,414,300,345,645,362,407,769,284,330,614,207,221,428,188,195,383,81,98,179,18,38,56,6,8,14,1710,1930,3640,3640,664,0.1824175824175824
2021-01-03,56,69,125,279,271,550,463,524,987,595,648,1243,453,519,972,289,359,648,212,243,455,86,122,208,29,43,72,3,9,12,2465,2807,5272,5272,583,0.11058421851289833
2021-01-04,91,88,179,268,263,531,595,700,1295,648,715,1363,452,515,967,290,370,660,234,244,478,123,122,245,31,72,103,4,13,17,2736,3102,5838,5838,839,0.14371360054813292
2021-01-05,96,89,185,301,310,611,623,762,1385,677,741,1418,501,559,1060,334,371,705,248,322,570,123,148,271,36,65,101,7,12,19,2946,3379,6325,6324,879,0.13899430740037952
2021-01-06,98,84,182,335,329,664,634,681,1315,631,655,1286,527,532,1059,368,412,780,252,282,534,128,152,280,34,63,97,4,17,21,3011,3207,6218,6217,879,0.1413865208299823
2021-01-07,90,80,170,249,274,523,476,560,1036,513,570,1083,377,410,787,257,318,575,201,256,457,91,135,226,28,55,83,3,12,15,2285,2670,4955,4955,873,0.17618567103935417
2021-01-08,97,93,190,292,282,574,493,530,1023,447,539,986,347,462,809,259,307,566,166,213,379,98,122,220,34,41,75,7,10,17,2240,2599,4839,4838,1035,0.21393137660190162
2021-01-09,67,72,139,243,278,521,432,516,948,489,565,1054,360,424,784,255,290,545,150,222,372,67,89,156,25,47,72,0,14,14,2088,2517,4605,4603,762,0.16554421029763197
2021-01-10,80,74,154,290,293,583,432,488,920,478,542,1020,371,432,803,227,289,516,149,160,309,48,91,139,17,38,55,3,12,15,2095,2419,4514,4514,524,0.11608329641116526
2021-01-11,97,77,174,301,345,646,560,651,1211,580,659,1239,409,462,871,283,356,639,187,233,420,95,100,195,25,45,70,4,20,24,2541,2948,5489,5489,831,0.15139369648387685
2021-01-12,108,74,182,271,311,582,464,562,1026,429,541,970,345,428,773,270,342,612,199,181,380,69,102,171,31,38,69,5,10,15,2191,2589,4780,4779,702,0.14689265536723164
2021-01-13,127,114,241,301,341,642,541,620,1161,512,578,1090,418,434,852,281,375,656,204,256,460,93,112,205,21,52,73,6,4,10,2504,2886,5390,5390,746,0.13840445269016696
2021-01-14,99,103,202,307,366,673,482,588,1070,474,581,1055,373,442,815,289,344,633,183,227,410,84,100,184,22,40,62,3,9,12,2316,2800,5116,5115,844,0.16500488758553275
2021-01-15,123,93,216,494,522,1016,575,718,1293,730,827,1557,535,671,1206,416,477,893,212,269,481,97,128,225,23,52,75,5,9,14,3210,3766,6976,6976,911,0.13059059633027523
2021-01-16,67,54,121,591,578,1169,493,625,1118,654,780,1434,616,699,1315,422,443,865,249,280,529,117,121,238,30,44,74,1,10,11,3240,3634,6874,6874,640,0.09310445155659004
2021-01-17,67,49,116,472,527,999,500,657,1157,609,664,1273,639,731,1370,401,406,807,191,212,403,91,99,190,18,30,48,2,3,5,2990,3378,6368,6368,498,0.0782035175879397
2021-01-18,96,87,183,560,585,1145,645,747,1392,728,792,1520,713,762,1475,479,509,988,297,345,642,142,147,289,40,80,120,6,25,31,3706,4079,7785,7785,695,0.0892742453436095
2021-01-19,106,91,197,542,551,1093,609,708,1317,715,797,1512,677,722,1399,458,521,979,288,334,622,118,165,283,24,60,84,7,14,21,3544,3963,7507,7507,576,0.07672838683895031
2021-01-20,103,90,193,489,515,1004,550,617,1167,650,677,1327,586,641,1227,456,493,949,324,346,670,158,163,321,31,48,79,7,14,21,3354,3604,6958,6958,548,0.07875826386892786
2021-01-21,120,85,205,354,441,795,553,563,1116,497,600,1097,439,541,980,313,434,747,238,253,491,101,111,212,34,54,88,7,21,28,2656,3103,5759,5759,680,0.11807605487063727
2021-01-22,85,82,167,405,396,801,442,542,984,409,547,956,425,517,942,298,337,635,205,241,446,103,114,217,22,47,69,6,5,11,2400,2828,5228,5228,640,0.12241775057383321
2021-01-23,54,43,97,423,441,864,437,542,979,455,539,994,443,432,875,311,365,676,141,196,337,59,73,132,20,36,56,2,6,8,2345,2673,5018,5018,442,0.08808290155440414
2021-01-24,62,54,116,480,528,1008,491,540,1031,485,546,1031,547,566,1113,348,382,730,188,202,390,71,97,168,27,38,65,2,5,7,2701,2958,5659,5659,393,0.06944689874536138
2021-01-25,92,103,195,597,577,1174,674,735,1409,651,719,1370,609,665,1274,391,479,870,243,259,502,124,133,257,37,65,102,6,19,25,3424,3754,7178,7178,518,0.07216494845360824
2021-01-26,122,88,210,501,504,1005,530,588,1118,524,578,1102,515,556,1071,365,432,797,215,299,514,125,132,257,36,65,101,6,15,21,2939,3257,6196,6196,592,0.09554551323434474
2021-01-27,115,103,218,447,459,906,511,558,1069,520,611,1131,446,544,990,353,387,740,216,228,444,92,112,204,39,66,105,3,22,25,2742,3090,5832,5832,510,0.0874485596707819
2021-01-28,92,89,181,387,393,780,406,488,894,428,498,926,367,457,824,279,325,604,204,246,450,111,119,230,31,49,80,5,17,22,2310,2681,4991,4991,612,0.12262071729112402
2021-01-29,65,95,160,537,523,1060,556,611,1167,615,714,1329,560,655,1215,409,450,859,252,296,548,108,150,258,28,63,91,2,9,11,3132,3566,6698,6697,800,0.11945647304763327
2021-01-30,64,52,116,704,734,1438,482,609,1091,630,786,1416,713,881,1594,508,526,1034,253,324,577,107,145,252,27,47,74,2,9,11,3490,4113,7603,7603,555,0.07299750098645272
2021-01-31,62,63,125,1039,1113,2152,630,736,1366,817,1004,1821,1055,1185,2240,653,714,1367,310,330,640,121,148,269,27,50,77,2,13,15,4716,5356,10072,10072,330,0.03276409849086576
2021-02-01,88,84,172,886,988,1874,618,773,1391,815,931,1746,949,1096,2045,638,658,1296,338,408,746,123,194,317,40,51,91,1,10,11,4496,5193,9689,9689,624,0.06440293115904634
2021-02-02,91,89,180,724,821,1545,579,663,1242,751,863,1614,852,997,1849,605,642,1247,383,388,771,192,232,424,43,67,110,3,12,15,4223,4774,8997,8997,518,0.05757474713793487
2021-02-03,64,90,154,607,564,1171,491,629,1120,648,738,1386,648,743,1391,454,554,1008,323,346,669,153,196,349,35,63,98,5,12,17,3428,3935,7363,7363,527,0.07157408664946353
2021-02-04,74,78,152,348,352,700,373,521,894,462,539,1001,384,563,947,338,408,746,199,262,461,104,152,256,25,43,68,3,20,23,2310,2938,5248,5248,474,0.09032012195121951
2021-02-05,83,80,163,329,325,654,372,462,834,403,497,900,372,427,799,287,343,630,210,249,459,103,143,246,23,59,82,1,11,12,2183,2596,4779,4779,706,0.14772965055450932
2021-02-06,50,49,99,346,406,752,358,436,794,437,558,995,400,504,904,338,368,706,175,204,379,76,103,179,22,41,63,1,8,9,2203,2677,4880,4880,502,0.10286885245901639
2021-02-07,59,65,124,389,415,804,334,401,735,454,524,978,419,505,924,319,371,690,170,178,348,87,100,187,17,30,47,6,4,10,2254,2593,4847,4847,312,0.06436971322467505
2021-02-08,88,79,167,512,614,1126,528,620,1148,657,808,1465,666,793,1459,370,479,849,241,282,523,116,142,258,28,71,99,4,23,27,3210,3911,7121,7121,639,0.08973458783878668
2021-02-09,92,67,159,441,474,915,468,569,1037,616,685,1301,536,679,1215,387,449,836,269,304,573,131,154,285,36,60,96,6,15,21,2982,3456,6438,6438,522,0.08108108108108109
2021-02-10,77,60,137,333,338,671,394,492,886,532,631,1163,470,544,1014,296,378,674,216,264,480,114,127,241,35,50,85,0,15,15,2467,2899,5366,5366,413,0.07696608274319791
2021-02-11,74,63,137,282,345,627,354,484,838,463,554,1017,431,545,976,254,376,630,214,229,443,107,123,230,25,51,76,4,11,15,2208,2781,4989,4989,380,0.07616756865103227
2021-02-12,78,70,148,337,381,718,366,413,779,481,577,1058,449,593,1042,300,387,687,189,246,435,111,132,243,32,52,84,2,14,16,2345,2865,5210,5210,591,0.11343570057581574
2021-02-13,58,39,97,449,506,955,361,424,785,554,698,1252,570,725,1295,327,412,739,199,230,429,80,111,191,22,34,56,5,11,16,2625,3190,5815,5815,469,0.08065348237317282
2021-02-14,43,36,79,440,487,927,302,420,722,567,712,1279,657,748,1405,335,400,735,214,250,464,102,124,226,16,25,41,1,10,11,2677,3212,5889,5888,305,0.05180027173913043
2021-02-15,41,59,100,572,597,1169,429,578,1007,694,879,1573,797,892,1689,453,523,976,210,261,471,92,128,220,24,56,80,2,12,14,3314,3985,7299,7299,394,0.05397999725989862
2021-02-16,62,44,106,589,551,1140,559,778,1337,810,950,1760,775,949,1724,407,448,855,207,236,443,91,131,222,16,40,56,8,5,13,3524,4132,7656,7656,518,0.06765935214211076
2021-02-17,77,93,170,411,447,858,697,816,1513,690,794,1484,548,621,1169,389,450,839,304,325,629,131,160,291,23,64,87,7,17,24,3277,3787,7064,7064,462,0.06540203850509627
2021-02-18,68,71,139,346,394,740,574,666,1240,633,716,1349,516,614,1130,368,396,764,260,292,552,132,161,293,35,53,88,4,11,15,2936,3374,6310,6310,526,0.08335974643423139
2021-02-19,88,62,150,319,408,727,472,576,1048,592,696,1288,463,584,1047,361,427,788,222,281,503,116,158,274,26,47,73,4,8,12,2663,3247,5910,5910,581,0.09830795262267343
2021-02-20,68,54,122,284,348,632,447,510,957,455,607,1062,434,527,961,323,393,716,170,266,436,83,114,197,26,39,65,5,4,9,2295,2862,5157,5157,459,0.08900523560209424
2021-02-21,77,52,129,255,339,594,386,542,928,527,663,1190,432,540,972,263,347,610,195,247,442,75,107,182,21,31,52,3,10,13,2234,2878,5112,5112,366,0.0715962441314554
2021-02-22,100,109,209,285,389,674,495,657,1152,571,710,1281,432,579,1011,330,435,765,242,288,530,113,120,233,45,43,88,3,9,12,2616,3339,5955,5955,483,0.08110831234256927
2021-02-23,106,88,194,251,291,542,436,545,981,495,591,1086,397,487,884,301,391,692,244,281,525,111,138,249,35,58,93,8,16,24,2384,2886,5270,5270,444,0.0842504743833017
2021-02-24,86,106,192,259,309,568,347,423,770,421,496,917,325,423,748,253,313,566,214,229,443,101,130,231,27,50,77,3,10,13,2036,2489,4525,4525,424,0.09370165745856354
2021-02-25,128,117,245,197,229,426,364,410,774,393,402,795,281,339,620,220,274,494,161,223,384,87,124,211,24,45,69,5,14,19,1860,2177,4037,4037,394,0.09759722566262076
2021-02-26,100,99,199,185,235,420,351,449,800,423,456,879,320,398,718,245,316,561,187,272,459,93,123,216,20,41,61,2,18,20,1926,2407,4333,4333,401,0.0925455804292638
2021-02-27,70,67,137,221,301,522,368,463,831,478,503,981,318,388,706,301,354,655,225,271,496,96,120,216,29,53,82,2,11,13,2108,2531,4639,4639,445,0.09592584608751886
2021-02-28,81,73,154,303,351,654,391,557,948,597,682,1279,458,579,1037,382,482,864,281,336,617,141,162,303,26,50,76,2,8,10,2662,3280,5942,5942,367,0.06176371592056547
2021-03-01,148,133,281,221,261,482,365,421,786,408,450,858,317,391,708,225,281,506,188,233,421,86,136,222,23,45,68,4,13,17,1985,2364,4349,4349,453,0.10416187629340078
2021-03-02,160,141,301,232,266,498,342,376,718,369,434,803,306,336,642,211,310,521,155,210,365,93,84,177,38,54,92,3,8,11,1909,2219,4128,4128,376,0.09108527131782945
2021-03-03,150,123,273,170,222,392,267,365,632,333,385,718,245,314,559,226,294,520,210,242,452,90,124,214,20,34,54,0,11,11,1711,2114,3825,3825,494,0.1291503267973856
2021-03-04,136,129,265,172,210,382,256,299,555,291,344,635,232,295,527,163,266,429,181,254,435,94,142,236,30,53,83,6,19,25,1561,2011,3572,3572,466,0.13045912653975364
2021-03-05,132,129,261,177,202,379,287,371,658,339,389,728,227,274,501,220,268,488,182,208,390,93,118,211,25,36,61,0,7,7,1682,2002,3684,3684,462,0.1254071661237785
2021-03-06,93,86,179,119,141,260,240,292,532,284,318,602,214,240,454,154,211,365,127,147,274,63,86,149,20,28,48,2,6,8,1316,1555,2871,2871,384,0.13375130616509928
2021-03-07,91,86,177,140,161,301,237,306,543,299,341,640,190,256,446,184,256,440,162,195,357,71,94,165,21,39,60,4,4,8,1399,1738,3137,3136,290,0.09247448979591837
2021-03-08,177,147,324,176,233,409,290,391,681,347,391,738,292,328,620,252,321,573,234,254,488,110,116,226,26,49,75,3,13,16,1907,2243,4150,4148,400,0.09643201542912247
2021-03-09,197,181,378,178,188,366,304,346,650,362,395,757,269,307,576,240,304,544,214,317,531,136,135,271,27,45,72,4,9,13,1931,2227,4158,4158,398,0.09571909571909572
2021-03-10,214,176,390,197,217,414,284,315,599,364,409,773,238,279,517,218,295,513,207,233,440,98,123,221,26,47,73,4,10,14,1850,2104,3954,3954,586,0.14820435002529084
2021-03-11,174,187,361,149,189,338,241,320,561,252,327,579,192,265,457,142,210,352,141,202,343,83,97,180,28,38,66,3,12,15,1405,1847,3252,3252,625,0.19218942189421895
2021-03-12,213,199,412,172,236,408,274,342,616,316,415,731,249,310,559,191,278,469,182,272,454,101,109,210,26,53,79,3,15,18,1727,2229,3956,3955,642,0.16232616940581543
2021-03-13,140,125,265,129,177,306,277,315,592,330,357,687,219,252,471,185,283,468,192,220,412,77,98,175,17,38,55,4,4,8,1570,1869,3439,3439,563,0.1637103809246874
2021-03-14,126,164,290,151,149,300,240,374,614,353,398,751,227,294,521,254,309,563,184,240,424,82,113,195,20,39,59,5,10,15,1642,2090,3732,3732,422,0.11307609860664523
2021-03-15,261,235,496,224,235,459,335,454,789,412,461,873,306,394,700,277,362,639,250,281,531,108,162,270,28,52,80,3,13,16,2204,2649,4853,4853,599,0.12342880692355244
2021-03-16,241,238,479,209,252,461,289,383,672,397,442,839,271,286,557,240,314,554,220,260,480,99,123,222,26,56,82,6,19,25,1998,2373,4371,4371,517,0.11827956989247312
2021-03-17,202,168,370,188,236,424,288,381,669,336,364,700,219,285,504,199,283,482,197,241,438,87,132,219,21,42,63,3,12,15,1740,2144,3884,3883,504,0.12979654906000515
2021-03-18,170,158,328,153,189,342,259,328,587,318,328,646,221,252,473,158,227,385,153,190,343,93,103,196,15,36,51,3,7,10,1543,1818,3361,3361,472,0.14043439452543885
2021-03-19,178,190,368,214,229,443,271,372,643,327,383,710,232,288,520,187,253,440,169,207,376,76,96,172,18,37,55,6,8,14,1678,2063,3741,3741,708,0.1892542101042502
2021-03-20,92,90,182,141,166,307,228,283,511,297,321,618,202,242,444,183,234,417,155,158,313,70,81,151,17,30,47,8,6,14,1393,1611,3004,3000,480,0.16
2021-03-21,128,113,241,140,149,289,256,288,544,337,350,687,192,248,440,198,253,451,145,193,338,55,87,142,23,30,53,2,10,12,1476,1721,3197,3197,366,0.11448232718173287
2021-03-22,208,206,414,229,211,440,309,429,738,364,433,797,288,325,613,246,331,577,194,242,436,103,120,223,27,62,89,4,20,24,1972,2379,4351,4351,636,0.1461732934957481
2021-03-23,200,186,386,219,239,458,292,383,675,343,439,782,267,284,551,232,279,511,201,272,473,111,139,250,26,37,63,3,19,22,1894,2277,4171,4171,618,0.1481659074562455
2021-03-24,137,134,271,202,185,387,243,292,535,299,327,626,198,259,457,168,232,400,119,138,257,63,89,152,12,35,47,1,6,7,1442,1697,3139,3139,553,0.1761707550175215
2021-03-25,155,143,298,185,251,436,267,390,657,359,411,770,298,352,650,211,259,470,139,204,343,72,88,160,31,38,69,3,3,6,1720,2139,3859,3859,536,0.1388960870691889
2021-03-26,195,186,381,235,285,520,316,432,748,384,432,816,266,388,654,199,302,501,160,221,381,92,110,202,26,34,60,3,13,16,1876,2403,4279,4279,676,0.15798083664407572
2021-03-27,143,138,281,143,180,323,268,326,594,343,388,731,240,324,564,199,267,466,173,187,360,72,90,162,19,43,62,5,6,11,1605,1949,3554,3554,615,0.17304445694991558
2021-03-28,116,106,222,126,199,325,235,321,556,298,395,693,264,305,569,186,276,462,144,193,337,53,61,114,22,31,53,2,6,8,1446,1893,3339,3339,517,0.15483677747828692
2021-03-29,192,196,388,286,263,549,344,452,796,401,487,888,297,416,713,261,295,556,164,237,401,67,75,142,19,41,60,1,9,10,2032,2471,4503,4503,706,0.15678436597823672
2021-03-30,180,171,351,235,275,510,305,435,740,368,495,863,272,367,639,215,263,478,179,194,373,57,78,135,26,37,63,5,7,12,1842,2322,4164,4163,787,0.1890463607975018
2021-03-31,154,134,288,207,213,420,320,433,753,361,475,836,254,385,639,170,262,432,110,130,240,42,56,98,22,29,51,1,10,11,1641,2127,3768,3768,866,0.22983014861995754
2021-04-01,133,154,287,255,271,526,376,429,805,413,481,894,273,360,633,222,283,505,164,199,363,67,95,162,17,23,40,2,11,13,1922,2306,4228,4228,1097,0.25946073793755914
2021-04-02,155,115,270,254,318,572,412,519,931,456,521,977,343,444,787,265,335,600,176,181,357,70,72,142,22,25,47,2,12,14,2155,2542,4697,4697,958,0.20395997445177774
2021-04-03,124,116,240,306,400,706,504,617,1121,574,664,1238,429,589,1018,322,403,725,211,242,453,82,99,181,25,48,73,7,10,17,2584,3188,5772,5772,1094,0.18953568953568953
2021-04-04,162,129,291,622,718,1340,800,1084,1884,1007,1285,2292,813,1036,1849,496,610,1106,255,280,535,74,88,162,26,40,66,2,9,11,4257,5279,9536,9536,961,0.10077600671140939
2021-04-05,209,220,429,740,872,1612,997,1308,2305,1175,1393,2568,998,1268,2266,605,721,1326,323,386,709,119,132,251,28,61,89,4,11,15,5198,6372,11570,11570,1154,0.09974070872947277
2021-04-06,235,240,475,622,683,1305,1052,1193,2245,1111,1362,2473,896,1071,1967,599,742,1341,440,520,960,161,176,337,33,68,101,3,17,20,5152,6072,11224,11223,1509,0.13445602780005347
2021-04-07,244,244,488,651,671,1322,984,1176,2160,1044,1246,2290,895,1062,1957,572,815,1387,336,419,755,131,165,296,29,61,90,0,15,15,4886,5874,10760,10757,1346,0.1251278237426792
2021-04-08,220,189,409,491,578,1069,815,1144,1959,984,1162,2146,725,907,1632,524,739,1263,335,354,689,110,146,256,33,54,87,3,12,15,4240,5285,9525,9525,1412,0.14824146981627295
2021-04-09,172,170,342,332,386,718,493,749,1242,534,709,1243,457,592,1049,300,429,729,189,227,416,77,98,175,14,43,57,2,9,11,2570,3412,5982,5981,1307,0.21852533021233908
2021-04-10,138,130,268,332,430,762,549,732,1281,686,783,1469,479,654,1133,335,470,805,197,232,429,43,75,118,14,27,41,3,4,7,2776,3537,6313,6312,981,0.15541825095057035
2021-04-11,124,130,254,288,379,667,487,614,1101,581,773,1354,523,644,1167,346,472,818,207,200,407,59,60,119,22,35,57,2,7,9,2639,3314,5953,5953,810,0.13606584915168823
2021-04-12,217,212,429,390,392,782,582,751,1333,636,866,1502,539,753,1292,416,566,982,208,272,480,74,115,189,30,48,78,3,11,14,3095,3986,7081,7078,1157,0.16346425543938967
2021-04-13,200,158,358,320,354,674,572,762,1334,673,881,1554,544,746,1290,408,532,940,163,191,354,79,81,160,23,34,57,6,15,21,2988,3754,6742,6742,1050,0.15574013645802431
2021-04-14,192,157,349,252,242,494,326,393,719,378,469,847,262,396,658,226,311,537,232,230,462,77,131,208,27,51,78,7,11,18,1979,2391,4370,4369,1166,0.2668802929732204
2021-04-15,206,202,408,359,467,826,615,883,1498,729,958,1687,625,932,1557,455,651,1106,239,283,522,64,108,172,27,55,82,2,20,22,3321,4559,7880,7876,1165,0.1479177247333672
2021-04-16,204,209,413,351,398,749,668,926,1594,764,981,1745,631,820,1451,437,605,1042,297,322,619,80,116,196,20,40,60,8,15,23,3460,4432,7892,7890,1169,0.14816223067173637
2021-04-17,179,149,328,310,324,634,505,666,1171,675,755,1430,516,673,1189,353,445,798,191,235,426,73,113,186,23,60,83,4,8,12,2829,3428,6257,6257,979,0.15646475946939428
2021-04-18,126,145,271,231,282,513,460,593,1053,579,746,1325,502,604,1106,358,463,821,223,243,466,77,82,159,33,42,75,2,12,14,2591,3212,5803,5802,614,0.10582557738710789
2021-04-19,250,197,447,357,407,764,628,777,1405,751,931,1682,589,780,1369,423,574,997,274,315,589,97,118,215,28,74,102,3,39,42,3400,4212,7612,7612,926,0.12165002627430373
2021-04-20,237,257,494,309,326,635,537,745,1282,654,827,1481,546,772,1318,395,542,937,273,349,622,105,115,220,42,46,88,4,12,16,3102,3991,7093,7092,941,0.13268471517202482
2021-04-21,195,176,371,233,258,491,448,564,1012,493,680,1173,448,617,1065,314,458,772,213,257,470,80,93,173,23,56,79,1,8,9,2448,3167,5615,5615,902,0.16064113980409617
2021-04-22,231,219,450,338,405,743,526,685,1211,679,871,1550,598,735,1333,377,529,906,227,299,526,93,115,208,30,60,90,2,15,17,3101,3933,7034,7032,875,0.12443117178612059
2021-04-23,196,195,391,370,400,770,606,795,1401,731,1021,1752,617,829,1446,412,596,1008,242,293,535,106,128,234,46,59,105,4,19,23,3330,4335,7665,7662,955,0.12464108587836074
2021-04-24,106,84,190,121,97,218,149,213,362,199,233,432,156,211,367,101,136,237,67,85,152,51,61,112,18,48,66,6,25,31,974,1193,2167,2167,614,0.2833410244577757
2021-04-25,162,148,310,249,257,506,398,547,945,533,691,1224,462,581,1043,357,441,798,219,220,439,82,69,151,15,43,58,1,7,8,2478,3004,5482,5481,510,0.09304871373836891
2021-04-26,247,221,468,301,362,663,516,680,1196,655,816,1471,579,683,1262,414,543,957,238,273,511,110,142,252,22,44,66,4,11,15,3086,3775,6861,6860,701,0.1021865889212828
2021-04-27,220,187,407,327,372,699,512,726,1238,611,825,1436,507,671,1178,393,506,899,235,255,490,95,144,239,29,64,93,8,16,24,2937,3766,6703,6701,606,0.09043426354275481
2021-04-28,215,201,416,310,340,650,468,661,1129,615,800,1415,509,659,1168,361,456,817,209,251,460,81,109,190,28,53,81,7,22,29,2803,3552,6355,6355,722,0.11361132966168372
2021-04-29,267,220,487,420,414,834,580,850,1430,748,991,1739,644,922,1566,482,659,1141,262,349,611,143,178,321,47,75,122,5,25,30,3598,4683,8281,8280,746,0.09009661835748792
2021-04-30,196,176,372,245,239,484,324,504,828,431,609,1040,355,527,882,284,412,696,182,226,408,107,129,236,40,76,116,3,27,30,2167,2925,5092,5090,845,0.16601178781925344
2021-05-01,152,132,284,252,223,475,408,526,934,518,661,1179,410,606,1016,316,383,699,176,164,340,83,100,183,28,61,89,3,8,11,2346,2864,5210,5209,666,0.12785563447878673
2021-05-02,158,125,283,226,249,475,354,503,857,520,687,1207,409,587,996,307,391,698,202,256,458,95,110,205,27,48,75,4,18,22,2302,2974,5276,5276,497,0.09420015163002274
2021-05-03,297,265,562,316,348,664,613,802,1415,773,972,1745,631,796,1427,467,673,1140,321,428,749,168,180,348,41,92,133,5,26,31,3632,4582,8214,8214,825,0.10043827611395179
2021-05-04,225,233,458,315,337,652,560,694,1254,724,876,1600,615,763,1378,442,625,1067,254,329,583,159,185,344,37,84,121,4,30,34,3335,4156,7491,7490,592,0.07903871829105474
2021-05-05,237,223,460,277,315,592,548,706,1254,639,749,1388,546,688,1234,377,499,876,236,270,506,136,137,273,43,70,113,7,15,22,3046,3672,6718,6716,598,0.08904109589041095
2021-05-06,203,233,436,374,387,761,537,776,1313,660,910,1570,596,732,1328,450,583,1033,251,291,542,131,146,277,34,67,101,7,17,24,3243,4142,7385,7385,623,0.08436018957345971
2021-05-07,252,206,458,372,427,799,606,902,1508,695,1023,1718,634,935,1569,385,637,1022,246,321,567,107,149,256,27,60,87,2,20,22,3326,4680,8006,8005,775,0.09681449094316052
2021-05-08,148,134,282,171,196,367,346,464,810,452,534,986,316,392,708,245,313,558,131,144,275,64,71,135,26,43,69,2,15,17,1901,2306,4207,4207,539,0.1281198003327787
2021-05-09,175,155,330,189,221,410,301,405,706,445,521,966,347,459,806,235,326,561,162,168,330,74,100,174,33,50,83,7,18,25,1968,2423,4391,4391,454,0.10339330448644955
2021-05-10,230,228,458,290,340,630,604,699,1303,714,821,1535,573,730,1303,397,514,911,247,299,546,117,150,267,38,59,97,0,13,13,3210,3853,7063,7062,636,0.09005947323704333
2021-05-11,215,190,405,254,294,548,413,560,973,546,637,1183,487,545,1032,321,428,749,234,276,510,113,127,240,27,43,70,2,10,12,2612,3110,5722,5722,596,0.10415938483047886
2021-05-12,204,187,391,229,255,484,425,529,954,487,593,1080,446,548,994,329,418,747,187,235,422,91,95,186,30,39,69,4,15,19,2432,2914,5346,5346,723,0.13524130190796857
2021-05-13,218,173,391,204,273,477,411,573,984,479,652,1131,415,557,972,284,409,693,184,199,383,88,105,193,29,55,84,4,11,15,2316,3007,5323,5322,590,0.11086057872980083
2021-05-14,225,221,446,306,388,694,581,759,1340,690,854,1544,541,781,1322,395,505,900,210,280,490,104,123,227,49,50,99,2,7,9,3103,3968,7071,7071,390,0.05515485787017395
2021-05-15,126,117,243,203,240,443,343,468,811,438,591,1029,387,488,875,273,314,587,145,169,314,65,71,136,21,31,52,4,16,20,2005,2505,4510,4510,194,0.04301552106430155
2021-05-16,42,37,79,86,142,228,162,283,445,251,350,601,244,336,580,156,223,379,76,82,158,24,21,45,4,17,21,0,7,7,1045,1498,2543,2543,35,0.013763271726307511
2021-05-17,7,4,11,4,2,6,5,6,11,4,7,11,7,4,11,0,4,4,6,2,8,3,3,6,0,3,3,0,1,1,36,36,72,70,0,0.0
2021-05-18,0,0,0,0,0,0,0,0,0,0,0,0,0,0,0,0,0,0,0,0,0,0,0,0,0,0,0,0,0,0,0,0,0,0,0,
