FECHA,<=10M,<=10F,<=10,11-20M,11-20F,11-20,21-30M,21-30F,21-30,31-40M,31-40F,31-40,41-50M,41-50F,41-50,51-60M,51-60F,51-60,61-70M,61-70F,61-70,71-80M,71-80F,71-80,81-90M,81-90F,81-90,>=91M,>=91F,>=91,TotalM,TotalF,Total,DelayCount,CumDelay,DelayAvg
2020-03-15,1,0,1,0,0,0,0,2,2,2,1,3,1,1,2,1,0,1,1,0,1,1,1,2,0,0,0,0,0,0,7,5,12,12,41,3.4166666666666665
2020-03-16,1,3,4,1,0,1,1,1,2,1,1,2,0,0,0,2,0,2,2,1,3,0,0,0,0,0,0,0,0,0,8,6,14,14,50,3.5714285714285716
2020-03-17,1,4,5,0,1,1,1,1,2,1,0,1,1,2,3,0,1,1,1,1,2,2,2,4,1,0,1,0,0,0,8,12,20,20,355,17.75
2020-03-18,2,1,3,0,0,0,0,0,0,3,1,4,0,2,2,1,1,2,1,2,3,1,0,1,1,0,1,0,0,0,9,7,16,16,25,1.5625
2020-03-19,1,0,1,0,0,0,3,2,5,2,2,4,2,1,3,0,0,0,1,1,2,1,1,2,0,0,0,1,0,1,11,7,18,18,39,2.1666666666666665
2020-03-20,1,1,2,1,0,1,0,0,0,1,2,3,0,1,1,0,1,1,0,1,1,2,2,4,1,0,1,0,0,0,6,8,14,14,28,2.0
2020-03-21,0,0,0,2,0,2,1,2,3,3,1,4,1,1,2,0,0,0,2,2,4,1,1,2,0,0,0,1,0,1,11,7,18,18,56,3.111111111111111
2020-03-22,2,0,2,0,0,0,3,1,4,0,0,0,0,0,0,2,1,3,0,1,1,2,0,2,3,2,5,0,0,0,12,5,17,17,41,2.411764705882353
2020-03-23,3,0,3,0,2,2,1,2,3,2,1,3,0,1,1,2,0,2,2,0,2,4,3,7,3,3,6,0,2,2,17,14,31,31,61,1.967741935483871
2020-03-24,1,0,1,0,0,0,1,1,2,1,1,2,0,2,2,2,2,4,0,1,1,2,0,2,2,1,3,1,0,1,10,8,18,18,29,1.6111111111111112
2020-03-25,1,3,4,0,0,0,2,3,5,1,4,5,1,0,1,1,2,3,3,1,4,2,2,4,2,4,6,2,1,3,15,20,35,35,48,1.3714285714285714
2020-03-26,4,3,7,2,1,3,2,2,4,4,2,6,1,4,5,3,2,5,1,3,4,3,2,5,5,0,5,2,1,3,27,20,47,47,167,3.5531914893617023
2020-03-27,2,3,5,0,1,1,1,2,3,3,0,3,1,4,5,1,3,4,2,5,7,4,6,10,3,2,5,2,6,8,19,32,51,51,115,2.2549019607843137
2020-03-28,2,0,2,0,0,0,1,2,3,2,1,3,1,1,2,3,1,4,3,0,3,4,6,10,2,1,3,1,0,1,19,12,31,31,107,3.4516129032258065
2020-03-29,1,0,1,1,1,2,1,2,3,2,1,3,2,3,5,0,0,0,6,3,9,4,1,5,4,2,6,2,1,3,23,14,37,37,84,2.27027027027027
2020-03-30,3,1,4,0,0,0,1,6,7,3,2,5,6,2,8,1,1,2,5,1,6,3,5,8,5,1,6,3,2,5,30,21,51,51,99,1.9411764705882353
2020-03-31,7,2,9,1,0,1,4,1,5,5,2,7,5,2,7,2,1,3,5,2,7,5,3,8,2,3,5,4,0,4,40,16,56,56,107,1.9107142857142858
2020-04-01,9,9,18,0,2,2,5,3,8,6,2,8,10,4,14,3,3,6,4,3,7,6,3,9,5,5,10,0,1,1,48,35,83,83,195,2.3493975903614457
2020-04-02,6,8,14,4,4,8,2,5,7,3,4,7,3,3,6,1,8,9,8,3,11,8,7,15,5,6,11,3,4,7,43,52,95,95,172,1.8105263157894738
2020-04-03,14,8,22,3,3,6,4,6,10,6,7,13,4,9,13,2,4,6,8,4,12,6,3,9,6,7,13,1,5,6,54,56,110,110,200,1.8181818181818181
2020-04-04,7,11,18,2,2,4,2,7,9,2,10,12,5,2,7,6,0,6,6,2,8,2,5,7,4,2,6,1,3,4,37,44,81,81,132,1.6296296296296295
2020-04-05,5,7,12,4,2,6,5,1,6,6,2,8,8,2,10,4,2,6,1,10,11,6,8,14,3,4,7,2,3,5,44,41,85,85,142,1.6705882352941177
2020-04-06,10,7,17,3,2,5,6,3,9,10,2,12,9,4,13,9,2,11,6,7,13,10,4,14,7,5,12,1,2,3,71,38,109,109,168,1.5412844036697249
2020-04-07,9,10,19,2,3,5,5,3,8,5,7,12,4,4,8,7,2,9,4,4,8,6,8,14,6,11,17,2,1,3,50,53,103,103,123,1.1941747572815533
2020-04-08,7,6,13,4,2,6,2,5,7,5,3,8,7,3,10,5,3,8,6,5,11,10,4,14,2,3,5,3,6,9,51,40,91,91,110,1.2087912087912087
2020-04-09,2,2,4,3,2,5,3,7,10,12,9,21,2,5,7,8,7,15,4,2,6,7,10,17,5,8,13,4,5,9,50,57,107,107,140,1.308411214953271
2020-04-10,14,2,16,4,3,7,2,6,8,4,2,6,9,1,10,3,5,8,6,2,8,1,9,10,5,8,13,1,4,5,49,42,91,91,118,1.2967032967032968
2020-04-11,6,4,10,3,2,5,7,4,11,6,4,10,6,2,8,2,4,6,4,6,10,6,2,8,4,8,12,1,4,5,45,40,85,85,109,1.2823529411764707
2020-04-12,9,5,14,2,0,2,1,3,4,7,2,9,3,5,8,9,1,10,3,5,8,3,8,11,3,4,7,1,2,3,41,35,76,76,120,1.5789473684210527
2020-04-13,6,9,15,4,3,7,11,6,17,4,8,12,6,5,11,4,5,9,7,5,12,5,8,13,8,8,16,4,6,10,59,63,122,122,148,1.2131147540983607
2020-04-14,13,6,19,3,1,4,6,6,12,8,3,11,4,4,8,9,6,15,4,7,11,9,5,14,6,4,10,4,4,8,66,46,112,112,115,1.0267857142857142
2020-04-15,9,3,12,4,5,9,2,7,9,6,6,12,7,13,20,4,7,11,9,2,11,9,3,12,7,7,14,5,3,8,62,56,118,118,165,1.3983050847457628
2020-04-16,8,2,10,4,5,9,7,4,11,10,13,23,10,8,18,7,8,15,4,10,14,6,4,10,5,5,10,0,4,4,61,63,124,124,124,1.0
2020-04-17,10,8,18,2,3,5,1,7,8,6,13,19,12,8,20,7,7,14,7,5,12,13,8,21,6,8,14,1,3,4,65,70,135,135,192,1.4222222222222223
2020-04-18,8,7,15,3,1,4,10,2,12,14,6,20,7,5,12,6,3,9,2,2,4,4,10,14,6,8,14,3,4,7,63,48,111,111,162,1.4594594594594594
2020-04-19,7,7,14,4,1,5,4,2,6,4,4,8,4,5,9,5,8,13,6,6,12,5,8,13,3,7,10,2,1,3,44,49,93,93,116,1.2473118279569892
2020-04-20,11,7,18,8,8,16,12,5,17,12,9,21,9,7,16,9,3,12,11,8,19,15,11,26,10,8,18,4,15,19,101,81,182,182,206,1.1318681318681318
2020-04-21,11,8,19,5,4,9,12,3,15,8,10,18,2,4,6,5,7,12,6,6,12,11,12,23,8,10,18,2,10,12,70,74,144,144,170,1.1805555555555556
2020-04-22,10,6,16,5,6,11,6,7,13,11,3,14,11,6,17,4,7,11,9,3,12,7,14,21,8,12,20,7,6,13,78,70,148,148,229,1.5472972972972974
2020-04-23,14,10,24,5,4,9,6,10,16,9,8,17,8,8,16,3,11,14,7,4,11,9,8,17,11,10,21,7,9,16,79,82,161,161,156,0.968944099378882
2020-04-24,14,9,23,5,4,9,8,7,15,12,12,24,5,6,11,7,8,15,8,11,19,10,11,21,10,15,25,3,3,6,82,86,168,168,184,1.0952380952380953
2020-04-25,8,4,12,4,1,5,3,5,8,8,9,17,4,4,8,5,5,10,6,5,11,7,3,10,9,16,25,5,5,10,59,57,116,116,104,0.896551724137931
2020-04-26,6,15,21,6,6,12,3,4,7,4,2,6,8,5,13,2,3,5,6,7,13,5,7,12,7,7,14,1,3,4,48,59,107,107,93,0.8691588785046729
2020-04-27,11,10,21,6,3,9,5,7,12,4,9,13,3,10,13,10,7,17,7,8,15,20,6,26,11,14,25,3,5,8,80,79,159,159,130,0.8176100628930818
2020-04-28,13,7,20,4,5,9,11,9,20,10,9,19,7,9,16,6,8,14,6,8,14,3,12,15,6,14,20,2,4,6,68,85,153,153,119,0.7777777777777778
2020-04-29,16,8,24,5,3,8,11,6,17,18,12,30,11,7,18,8,6,14,4,8,12,9,6,15,3,14,17,5,10,15,90,80,170,170,139,0.8176470588235294
2020-04-30,17,9,26,8,2,10,10,4,14,5,6,11,11,8,19,7,12,19,10,8,18,7,9,16,8,17,25,8,7,15,91,82,173,173,140,0.8092485549132948
2020-05-01,1,12,13,6,5,11,1,6,7,9,10,19,10,6,16,6,3,9,11,5,16,7,8,15,8,11,19,0,3,3,59,69,128,128,110,0.859375
2020-05-02,5,14,19,5,7,12,6,2,8,10,5,15,7,5,12,7,2,9,3,4,7,8,1,9,6,12,18,1,3,4,58,55,113,113,113,1.0
2020-05-03,7,5,12,3,2,5,5,5,10,8,6,14,4,5,9,8,2,10,8,7,15,4,9,13,7,8,15,3,5,8,57,54,111,111,92,0.8288288288288288
2020-05-04,16,17,33,5,2,7,8,10,18,9,6,15,5,6,11,9,3,12,7,12,19,15,13,28,8,18,26,2,4,6,84,91,175,175,136,0.7771428571428571
2020-05-05,7,7,14,7,1,8,10,8,18,10,12,22,6,10,16,9,5,14,10,6,16,15,7,22,6,12,18,1,10,11,81,78,159,159,102,0.6415094339622641
2020-05-06,12,10,22,3,0,3,11,6,17,16,12,28,14,7,21,4,6,10,9,6,15,19,13,32,6,12,18,4,6,10,98,78,176,176,119,0.6761363636363636
2020-05-07,15,8,23,7,6,13,13,5,18,11,9,20,14,9,23,5,6,11,7,6,13,16,6,22,6,12,18,1,8,9,95,75,170,170,104,0.611764705882353
2020-05-08,15,11,26,6,4,10,12,8,20,9,14,23,16,9,25,13,5,18,6,11,17,13,9,22,11,12,23,2,12,14,103,95,198,198,210,1.0606060606060606
2020-05-09,16,11,27,4,0,4,4,12,16,5,8,13,7,6,13,4,5,9,7,7,14,11,2,13,5,10,15,5,8,13,68,69,137,137,120,0.8759124087591241
2020-05-10,7,8,15,1,1,2,7,10,17,5,6,11,4,5,9,3,5,8,8,5,13,8,11,19,5,12,17,1,6,7,49,69,118,117,102,0.8717948717948718
2020-05-11,13,15,28,6,4,10,6,6,12,12,12,24,9,12,21,8,5,13,11,6,17,12,9,21,12,16,28,4,13,17,93,98,191,191,138,0.7225130890052356
2020-05-12,15,8,23,6,9,15,23,18,41,20,6,26,8,11,19,6,5,11,9,7,16,6,11,17,10,14,24,5,11,16,108,100,208,208,147,0.7067307692307693
2020-05-13,21,12,33,9,7,16,17,9,26,13,20,33,14,7,21,8,8,16,6,8,14,9,7,16,8,14,22,1,9,10,106,101,207,207,176,0.8502415458937198
2020-05-14,18,21,39,9,8,17,12,17,29,19,15,34,11,7,18,5,10,15,10,11,21,9,9,18,9,13,22,2,15,17,104,126,230,230,209,0.908695652173913
2020-05-15,17,17,34,8,5,13,6,9,15,11,12,23,10,14,24,11,7,18,9,9,18,7,6,13,10,20,30,5,10,15,94,109,203,202,184,0.9108910891089109
2020-05-16,7,14,21,8,5,13,4,9,13,9,13,22,6,7,13,6,7,13,6,5,11,10,5,15,6,4,10,5,14,19,67,83,150,150,204,1.36
2020-05-17,13,13,26,3,5,8,9,7,16,7,7,14,8,11,19,3,2,5,6,7,13,6,4,10,10,11,21,4,5,9,69,72,141,141,99,0.7021276595744681
2020-05-18,17,19,36,8,9,17,20,19,39,21,15,36,10,14,24,13,9,22,11,13,24,17,14,31,16,13,29,2,11,13,135,136,271,271,214,0.7896678966789668
2020-05-19,16,15,31,13,12,25,25,19,44,30,20,50,24,11,35,15,14,29,13,13,26,10,18,28,11,20,31,3,9,12,160,151,311,311,215,0.6913183279742765
2020-05-20,24,33,57,9,14,23,25,18,43,34,17,51,16,14,30,9,11,20,19,14,33,10,11,21,12,15,27,6,6,12,164,153,317,317,207,0.6529968454258676
2020-05-21,26,28,54,16,6,22,30,20,50,27,20,47,12,17,29,17,11,28,10,6,16,16,9,25,8,16,24,1,4,5,163,137,300,300,158,0.5266666666666666
2020-05-22,25,15,40,12,12,24,25,26,51,18,23,41,16,13,29,12,7,19,5,9,14,11,8,19,6,13,19,6,13,19,136,139,275,275,137,0.49818181818181817
2020-05-23,15,13,28,10,13,23,23,15,38,24,16,40,10,10,20,7,8,15,12,10,22,9,12,21,9,5,14,2,2,4,121,104,225,225,137,0.6088888888888889
2020-05-24,15,18,33,7,7,14,10,8,18,13,10,23,10,4,14,5,4,9,10,5,15,10,7,17,5,10,15,2,6,8,87,79,166,166,121,0.7289156626506024
2020-05-25,24,19,43,16,14,30,20,23,43,11,12,23,15,10,25,6,7,13,5,5,10,12,3,15,9,15,24,2,8,10,120,116,236,236,131,0.5550847457627118
2020-05-26,25,24,49,19,16,35,32,32,64,43,24,67,16,22,38,8,13,21,8,5,13,14,5,19,10,15,25,3,10,13,178,166,344,344,253,0.7354651162790697
2020-05-27,33,27,60,14,14,28,19,23,42,22,15,37,17,10,27,17,12,29,8,7,15,5,12,17,4,16,20,4,2,6,143,138,281,281,214,0.7615658362989324
2020-05-28,25,34,59,16,9,25,23,26,49,19,20,39,21,18,39,12,15,27,10,12,22,10,6,16,14,17,31,4,14,18,154,171,325,325,238,0.7323076923076923
2020-05-29,33,25,58,22,16,38,35,28,63,27,35,62,26,20,46,14,14,28,12,11,23,16,11,27,14,16,30,2,4,6,201,180,381,381,289,0.7585301837270341
2020-05-30,25,20,45,13,9,22,33,23,56,32,13,45,12,14,26,10,11,21,6,5,11,10,10,20,8,11,19,1,7,8,150,123,273,272,124,0.45588235294117646
2020-05-31,19,13,32,10,9,19,15,10,25,11,9,20,12,4,16,5,7,12,7,4,11,11,5,16,5,9,14,1,8,9,96,78,174,174,92,0.5287356321839081
2020-06-01,28,23,51,15,14,29,25,33,58,25,30,55,15,17,32,15,12,27,19,12,31,13,8,21,5,10,15,5,4,9,165,163,328,328,225,0.6859756097560976
2020-06-02,36,23,59,19,19,38,30,23,53,20,25,45,17,17,34,9,12,21,16,8,24,21,11,32,6,14,20,4,11,15,178,163,341,341,205,0.6011730205278593
2020-06-03,30,17,47,14,24,38,24,26,50,23,34,57,13,21,34,8,10,18,14,13,27,16,11,27,11,16,27,2,9,11,155,181,336,336,188,0.5595238095238095
2020-06-04,24,22,46,17,18,35,29,25,54,17,22,39,16,13,29,21,13,34,10,6,16,19,12,31,10,16,26,3,9,12,166,156,322,321,207,0.6448598130841121
2020-06-05,34,32,66,11,16,27,33,21,54,26,34,60,26,20,46,19,21,40,12,14,26,15,11,26,12,20,32,3,9,12,191,198,389,389,336,0.8637532133676092
2020-06-06,19,20,39,11,11,22,20,15,35,27,24,51,12,12,24,13,7,20,10,9,19,10,10,20,10,16,26,2,9,11,134,133,267,262,184,0.7022900763358778
2020-06-07,13,20,33,12,11,23,17,10,27,16,13,29,14,9,23,10,7,17,7,3,10,8,6,14,11,12,23,2,8,10,110,99,209,206,117,0.5679611650485437
2020-06-08,24,27,51,18,21,39,32,25,57,34,28,62,34,18,52,19,17,36,12,11,23,16,16,32,10,16,26,4,7,11,203,186,389,388,244,0.6288659793814433
2020-06-09,45,26,71,21,20,41,17,34,51,25,28,53,28,19,47,16,7,23,12,6,18,8,14,22,12,26,38,3,11,14,187,191,378,377,321,0.8514588859416445
2020-06-10,20,23,43,11,15,26,36,19,55,26,33,59,26,19,45,20,18,38,17,12,29,20,23,43,6,20,26,6,14,20,188,196,384,384,268,0.6979166666666666
2020-06-11,28,31,59,13,17,30,26,26,52,29,26,55,14,21,35,15,22,37,11,19,30,16,14,30,7,24,31,3,14,17,162,214,376,376,266,0.7074468085106383
2020-06-12,31,39,70,9,22,31,46,29,75,40,44,84,29,30,59,16,15,31,21,16,37,16,14,30,6,20,26,4,9,13,218,238,456,456,302,0.6622807017543859
2020-06-13,28,25,53,20,20,40,32,30,62,31,21,52,7,18,25,15,12,27,10,5,15,13,8,21,6,15,21,2,7,9,164,161,325,325,224,0.6892307692307692
2020-06-14,17,23,40,18,14,32,21,19,40,19,14,33,16,11,27,10,15,25,10,4,14,3,12,15,13,21,34,1,8,9,128,141,269,269,187,0.6951672862453532
2020-06-15,23,29,52,22,16,38,25,28,53,19,19,38,19,12,31,12,10,22,12,3,15,12,8,20,7,15,22,2,10,12,153,150,303,303,188,0.6204620462046204
2020-06-16,47,47,94,16,19,35,55,40,95,48,27,75,32,23,55,20,14,34,15,13,28,14,6,20,12,22,34,3,14,17,262,225,487,487,296,0.6078028747433265
2020-06-17,33,32,65,16,24,40,46,32,78,36,42,78,33,19,52,24,15,39,16,12,28,9,19,28,16,15,31,2,9,11,231,219,450,450,371,0.8244444444444444
2020-06-18,41,38,79,13,13,26,50,32,82,49,49,98,35,19,54,30,21,51,20,17,37,11,17,28,16,21,37,2,12,14,267,239,506,506,440,0.8695652173913043
2020-06-19,47,25,72,13,22,35,30,33,63,57,32,89,35,33,68,35,18,53,26,16,42,20,16,36,16,17,33,7,13,20,286,225,511,511,534,1.0450097847358122
2020-06-20,28,27,55,14,19,33,33,22,55,35,25,60,22,26,48,16,18,34,16,14,30,10,9,19,7,15,22,4,5,9,185,180,365,365,211,0.5780821917808219
2020-06-21,28,17,45,16,16,32,25,24,49,20,26,46,16,7,23,13,9,22,8,10,18,9,5,14,6,10,16,1,7,8,142,131,273,273,119,0.4358974358974359
2020-06-22,40,35,75,25,23,48,32,38,70,43,24,67,28,27,55,21,26,47,18,17,35,18,15,33,6,22,28,2,12,14,233,239,472,472,322,0.6822033898305084
2020-06-23,42,37,79,24,28,52,48,35,83,55,40,95,30,32,62,16,32,48,16,19,35,11,11,22,12,15,27,2,6,8,256,255,511,511,305,0.5968688845401174
2020-06-24,32,33,65,27,19,46,42,41,83,36,43,79,31,26,57,21,24,45,11,17,28,10,13,23,14,14,28,2,5,7,226,235,461,461,211,0.45770065075921906
2020-06-25,40,48,88,30,36,66,39,34,73,38,29,67,38,33,71,35,30,65,10,11,21,9,14,23,9,11,20,5,6,11,253,252,505,505,334,0.6613861386138614
2020-06-26,38,27,65,30,22,52,51,35,86,39,40,79,31,30,61,16,22,38,19,16,35,11,15,26,11,19,30,1,9,10,247,235,482,482,237,0.491701244813278
2020-06-27,46,49,95,27,33,60,35,39,74,31,32,63,27,20,47,19,9,28,15,6,21,3,13,16,7,7,14,4,6,10,214,214,428,428,230,0.5373831775700935
2020-06-28,37,18,55,13,16,29,14,31,45,28,26,54,17,18,35,17,13,30,10,6,16,8,8,16,8,10,18,6,7,13,158,153,311,311,157,0.5048231511254019
2020-06-29,38,43,81,29,32,61,40,39,79,45,31,76,24,24,48,15,29,44,23,11,34,13,16,29,12,15,27,4,7,11,243,247,490,490,276,0.563265306122449
2020-06-30,25,35,60,9,24,33,47,35,82,34,38,72,31,30,61,26,21,47,21,9,30,17,10,27,8,18,26,2,11,13,220,231,451,450,234,0.52
2020-07-01,35,29,64,16,26,42,52,41,93,40,30,70,26,28,54,24,28,52,17,12,29,13,12,25,9,19,28,3,6,9,235,231,466,465,247,0.5311827956989247
2020-07-02,45,45,90,21,28,49,45,45,90,47,42,89,38,28,66,17,22,39,18,9,27,8,13,21,14,12,26,3,5,8,256,249,505,505,201,0.39801980198019804
2020-07-03,46,32,78,28,17,45,39,30,69,48,52,100,25,31,56,21,20,41,19,13,32,10,16,26,9,17,26,4,4,8,249,232,481,481,250,0.5197505197505198
2020-07-04,27,34,61,18,17,35,34,37,71,27,27,54,27,17,44,20,13,33,9,8,17,9,13,22,6,9,15,3,6,9,180,181,361,361,161,0.44598337950138506
2020-07-05,21,29,50,19,12,31,26,33,59,28,29,57,10,21,31,17,16,33,17,14,31,15,14,29,8,14,22,3,8,11,164,190,354,354,169,0.4774011299435028
2020-07-06,27,31,58,19,15,34,42,40,82,53,26,79,32,28,60,29,23,52,22,22,44,18,27,45,10,23,33,3,9,12,255,244,499,499,156,0.312625250501002
2020-07-07,38,57,95,19,24,43,53,43,96,48,39,87,26,32,58,29,19,48,19,17,36,12,12,24,10,21,31,7,12,19,261,276,537,537,205,0.3817504655493482
2020-07-08,39,25,64,28,28,56,52,37,89,36,39,75,44,38,82,21,31,52,17,17,34,16,22,38,12,15,27,4,14,18,269,266,535,535,245,0.45794392523364486
2020-07-09,29,19,48,15,12,27,28,28,56,36,25,61,29,26,55,13,13,26,9,16,25,9,23,32,4,15,19,7,7,14,179,184,363,363,147,0.4049586776859504
2020-07-10,25,20,45,21,22,43,29,27,56,29,29,58,23,21,44,13,13,26,20,16,36,16,12,28,12,16,28,2,11,13,190,187,377,377,140,0.3713527851458886
2020-07-11,23,34,57,18,10,28,20,26,46,25,31,56,21,26,47,16,20,36,19,14,33,14,18,32,3,17,20,2,11,13,161,207,368,368,163,0.4429347826086957
2020-07-12,22,17,39,16,8,24,19,19,38,24,15,39,15,11,26,8,10,18,10,10,20,10,6,16,6,11,17,4,6,10,134,113,247,247,92,0.3724696356275304
2020-07-13,28,40,68,24,22,46,42,38,80,38,40,78,38,34,72,26,34,60,32,25,57,20,34,54,12,46,58,2,24,26,262,337,599,599,346,0.5776293823038398
2020-07-14,33,33,66,27,18,45,35,28,63,62,38,100,36,34,70,30,17,47,22,25,47,18,28,46,6,17,23,7,14,21,276,252,528,528,237,0.44886363636363635
2020-07-15,28,35,63,32,23,55,38,59,97,61,52,113,38,42,80,26,31,57,22,23,45,11,18,29,14,15,29,7,5,12,277,303,580,580,237,0.4086206896551724
2020-07-16,43,26,69,19,32,51,45,55,100,52,38,90,36,42,78,27,32,59,18,16,34,16,19,35,18,30,48,2,17,19,276,307,583,583,327,0.5608919382504288
2020-07-17,38,36,74,24,22,46,31,41,72,40,50,90,38,50,88,30,37,67,24,27,51,18,17,35,16,20,36,4,10,14,263,310,573,573,275,0.4799301919720768
2020-07-18,26,25,51,17,14,31,39,34,73,35,42,77,27,32,59,26,23,49,27,20,47,10,10,20,15,21,36,2,6,8,224,227,451,451,250,0.5543237250554324
2020-07-19,29,32,61,12,20,32,25,25,50,26,30,56,24,24,48,24,23,47,13,11,24,13,8,21,11,17,28,2,6,8,179,196,375,375,142,0.37866666666666665
2020-07-20,47,43,90,38,29,67,54,50,104,53,64,117,43,61,104,34,42,76,29,37,66,20,23,43,21,20,41,3,11,14,342,380,722,722,276,0.38227146814404434
2020-07-21,41,33,74,25,22,47,46,43,89,63,48,111,43,41,84,34,35,69,27,28,55,21,26,47,13,26,39,5,10,15,318,312,630,630,241,0.3825396825396825
2020-07-22,56,35,91,23,24,47,69,52,121,57,56,113,52,43,95,31,30,61,16,23,39,25,20,45,13,31,44,1,10,11,343,324,667,667,266,0.3988005997001499
2020-07-23,47,40,87,25,24,49,55,53,108,55,57,112,36,35,71,31,25,56,18,23,41,17,21,38,8,21,29,6,9,15,298,308,606,606,341,0.5627062706270627
2020-07-24,33,36,69,22,22,44,59,50,109,54,65,119,42,38,80,30,24,54,30,14,44,12,23,35,12,25,37,2,14,16,296,311,607,607,300,0.4942339373970346
2020-07-25,33,31,64,27,13,40,37,43,80,44,43,87,31,31,62,13,13,26,14,17,31,14,13,27,10,17,27,5,4,9,228,225,453,453,245,0.5408388520971302
2020-07-26,28,29,57,15,14,29,23,20,43,25,27,52,31,13,44,18,18,36,11,11,22,14,10,24,7,16,23,5,6,11,177,164,341,341,170,0.49853372434017595
2020-07-27,29,39,68,28,25,53,51,43,94,53,45,98,46,47,93,30,41,71,26,25,51,18,21,39,17,20,37,5,19,24,303,325,628,628,275,0.43789808917197454
2020-07-28,39,34,73,24,23,47,64,71,135,57,45,102,44,45,89,39,41,80,33,29,62,14,29,43,10,26,36,5,20,25,329,363,692,692,281,0.4060693641618497
2020-07-29,40,39,79,26,30,56,63,53,116,58,54,112,57,49,106,33,43,76,25,33,58,23,21,44,18,29,47,5,24,29,348,375,723,723,287,0.3969571230982019
2020-07-30,48,37,85,34,38,72,84,66,150,67,62,129,57,44,101,44,42,86,24,29,53,16,18,34,8,19,27,1,6,7,383,361,744,744,326,0.4381720430107527
2020-07-31,36,43,79,19,28,47,54,70,124,75,66,141,51,39,90,38,37,75,23,33,56,21,25,46,11,28,39,6,18,24,334,387,721,721,337,0.46740638002773927
2020-08-01,27,27,54,15,24,39,29,41,70,34,42,76,29,40,69,30,27,57,20,8,28,20,16,36,12,22,34,1,11,12,217,258,475,475,236,0.4968421052631579
2020-08-02,34,26,60,16,18,34,30,22,52,34,34,68,23,36,59,20,23,43,11,19,30,7,17,24,12,15,27,2,7,9,189,217,406,406,181,0.4458128078817734
2020-08-03,46,49,95,28,30,58,53,53,106,58,47,105,37,49,86,30,33,63,31,23,54,11,21,32,14,33,47,4,14,18,312,352,664,664,328,0.4939759036144578
2020-08-04,47,35,82,33,35,68,67,44,111,67,55,122,56,40,96,41,35,76,26,21,47,17,23,40,17,31,48,5,15,20,376,334,710,710,330,0.4647887323943662
2020-08-05,44,42,86,35,25,60,58,44,102,49,58,107,37,41,78,39,44,83,29,29,58,22,21,43,17,20,37,3,8,11,333,332,665,665,463,0.6962406015037594
2020-08-06,44,33,77,25,38,63,58,59,117,57,64,121,53,56,109,33,43,76,28,22,50,19,21,40,16,24,40,5,12,17,338,372,710,709,395,0.5571227080394923
2020-08-07,53,42,95,27,27,54,59,59,118,62,52,114,43,60,103,40,27,67,19,25,44,19,30,49,14,37,51,5,23,28,341,382,723,723,309,0.42738589211618255
2020-08-08,35,31,66,20,19,39,35,38,73,62,54,116,34,39,73,30,32,62,20,20,40,13,24,37,11,21,32,1,20,21,261,298,559,559,178,0.3184257602862254
2020-08-09,28,30,58,15,13,28,32,35,67,40,34,74,28,40,68,29,31,60,19,19,38,14,22,36,16,44,60,4,18,22,225,286,511,511,177,0.34637964774951074
2020-08-10,51,38,89,32,27,59,68,57,125,68,49,117,54,54,108,37,37,74,20,19,39,16,26,42,13,20,33,4,11,15,363,338,701,701,269,0.38373751783166904
2020-08-11,42,39,81,39,25,64,65,61,126,81,66,147,60,60,120,42,41,83,29,25,54,24,31,55,15,27,42,7,12,19,404,387,791,791,337,0.42604298356510745
2020-08-12,39,44,83,38,28,66,54,76,130,51,88,139,57,57,114,37,41,78,28,25,53,15,27,42,12,21,33,5,16,21,336,423,759,759,269,0.3544137022397892
2020-08-13,28,39,67,39,25,64,76,75,151,86,88,174,54,56,110,50,44,94,21,34,55,27,18,45,11,26,37,4,15,19,396,420,816,816,289,0.3541666666666667
2020-08-14,27,29,56,20,27,47,85,80,165,65,71,136,67,47,114,42,44,86,33,30,63,23,31,54,13,21,34,3,12,15,378,392,770,770,317,0.4116883116883117
2020-08-15,44,24,68,33,26,59,47,54,101,53,61,114,29,53,82,30,29,59,24,20,44,15,33,48,9,45,54,4,16,20,288,361,649,649,244,0.37596302003081666
2020-08-16,34,21,55,14,11,25,47,40,87,38,39,77,21,34,55,21,21,42,12,22,34,16,16,32,9,32,41,4,22,26,216,258,474,473,194,0.41014799154334036
2020-08-17,29,17,46,23,21,44,51,50,101,53,56,109,42,46,88,34,46,80,16,36,52,16,15,31,9,20,29,0,13,13,273,320,593,593,243,0.40978077571669475
2020-08-18,46,42,88,33,16,49,57,57,114,81,70,151,49,43,92,31,60,91,21,35,56,23,28,51,9,18,27,0,17,17,350,386,736,736,238,0.3233695652173913
2020-08-19,50,37,87,25,29,54,51,71,122,68,64,132,43,50,93,38,35,73,19,29,48,18,30,48,13,38,51,4,16,20,329,399,728,728,233,0.32005494505494503
2020-08-20,28,31,59,25,23,48,63,66,129,50,64,114,32,47,79,35,33,68,27,31,58,13,21,34,16,22,38,3,13,16,292,351,643,643,262,0.40746500777604977
2020-08-21,28,45,73,35,26,61,50,57,107,65,72,137,55,50,105,43,50,93,34,34,68,23,37,60,15,36,51,5,9,14,353,416,769,769,336,0.43693107932379716
2020-08-22,15,19,34,29,20,49,42,37,79,40,59,99,39,31,70,24,23,47,28,24,52,15,22,37,10,14,24,3,15,18,245,264,509,509,244,0.4793713163064833
2020-08-23,26,32,58,16,15,31,28,28,56,35,39,74,28,23,51,24,30,54,18,19,37,10,22,32,12,7,19,5,4,9,202,219,421,421,128,0.30403800475059384
2020-08-24,47,47,94,25,28,53,54,67,121,64,60,124,50,62,112,50,36,86,28,34,62,20,25,45,16,22,38,5,18,23,359,399,758,758,313,0.4129287598944591
2020-08-25,29,37,66,34,24,58,59,77,136,71,83,154,44,47,91,35,44,79,22,30,52,15,19,34,16,31,47,6,15,21,331,407,738,738,295,0.3997289972899729
2020-08-26,48,23,71,29,34,63,74,68,142,67,60,127,46,57,103,39,39,78,30,24,54,22,28,50,17,29,46,3,15,18,375,377,752,752,291,0.386968085106383
2020-08-27,46,33,79,39,36,75,78,69,147,75,68,143,59,61,120,47,40,87,21,32,53,26,26,52,17,32,49,5,21,26,413,418,831,831,296,0.3561973525872443
2020-08-28,41,37,78,46,29,75,86,85,171,69,75,144,60,65,125,48,61,109,27,39,66,30,27,57,12,20,32,4,10,14,423,448,871,871,369,0.42365097588978184
2020-08-29,31,19,50,16,18,34,61,52,113,49,72,121,48,43,91,32,32,64,30,23,53,18,19,37,10,24,34,3,16,19,298,318,616,616,332,0.538961038961039
2020-08-30,24,31,55,25,18,43,47,38,85,50,36,86,41,40,81,29,27,56,17,23,40,13,18,31,7,13,20,3,5,8,256,249,505,505,150,0.297029702970297
2020-08-31,41,29,70,32,28,60,70,61,131,59,67,126,56,58,114,31,37,68,30,39,69,28,29,57,20,40,60,2,14,16,369,402,771,771,432,0.5603112840466926
2020-09-01,41,41,82,25,44,69,70,72,142,91,78,169,68,44,112,35,59,94,23,27,50,17,28,45,14,43,57,7,15,22,391,451,842,841,334,0.3971462544589774
2020-09-02,35,26,61,25,21,46,50,68,118,57,78,135,50,43,93,37,40,77,18,24,42,28,25,53,17,27,44,4,30,34,321,382,703,703,365,0.519203413940256
2020-09-03,37,31,68,35,28,63,76,78,154,95,82,177,59,55,114,43,35,78,26,33,59,19,25,44,12,28,40,4,9,13,406,404,810,810,351,0.43333333333333335
2020-09-04,39,41,80,29,33,62,65,67,132,73,76,149,60,72,132,33,44,77,34,42,76,27,25,52,14,26,40,3,16,19,377,442,819,819,358,0.4371184371184371
2020-09-05,30,24,54,19,14,33,53,50,103,58,72,130,41,58,99,26,36,62,30,30,60,18,18,36,16,20,36,2,7,9,293,329,622,622,362,0.5819935691318328
2020-09-06,26,26,52,16,17,33,24,41,65,38,36,74,31,32,63,17,30,47,16,25,41,10,22,32,13,16,29,1,9,10,192,254,446,446,184,0.4125560538116592
2020-09-07,30,34,64,27,32,59,72,81,153,79,75,154,52,65,117,39,59,98,42,33,75,16,25,41,14,32,46,7,14,21,378,450,828,828,353,0.42632850241545894
2020-09-08,35,32,67,31,30,61,67,68,135,83,75,158,56,56,112,50,54,104,32,44,76,30,28,58,18,26,44,6,22,28,408,435,843,843,391,0.4638196915776987
2020-09-09,39,32,71,26,36,62,71,64,135,68,67,135,57,55,112,48,48,96,31,44,75,22,30,52,15,37,52,1,19,20,378,432,810,810,416,0.5135802469135803
2020-09-10,35,21,56,36,28,64,83,75,158,84,90,174,72,59,131,42,50,92,28,29,57,23,26,49,12,35,47,2,16,18,417,429,846,846,421,0.49763593380614657
2020-09-11,35,35,70,45,26,71,63,57,120,68,84,152,54,66,120,46,63,109,37,33,70,26,29,55,18,27,45,3,10,13,395,430,825,825,406,0.4921212121212121
2020-09-12,25,23,48,20,24,44,39,40,79,39,55,94,29,40,69,32,39,71,28,28,56,23,24,47,12,31,43,2,14,16,249,318,567,567,289,0.5097001763668431
2020-09-13,31,25,56,14,13,27,40,48,88,42,56,98,24,27,51,28,28,56,30,27,57,14,11,25,3,14,17,5,9,14,231,258,489,489,187,0.3824130879345603
2020-09-14,36,37,73,30,32,62,65,86,151,71,71,142,50,60,110,55,54,109,41,44,85,28,29,57,18,19,37,2,10,12,396,442,838,838,363,0.4331742243436754
2020-09-15,43,29,72,22,17,39,63,44,107,68,92,160,46,50,96,34,46,80,38,39,77,23,36,59,15,34,49,1,13,14,353,400,753,753,393,0.5219123505976095
2020-09-16,50,41,91,46,44,90,78,90,168,64,84,148,60,60,120,41,49,90,34,38,72,23,21,44,16,31,47,3,11,14,415,469,884,884,312,0.35294117647058826
2020-09-17,37,33,70,29,44,73,62,64,126,63,70,133,59,74,133,52,60,112,40,40,80,28,28,56,15,19,34,3,4,7,388,436,824,824,386,0.4684466019417476
2020-09-18,41,45,86,24,41,65,64,77,141,88,95,183,48,59,107,39,47,86,30,47,77,32,28,60,13,24,37,3,12,15,382,475,857,857,366,0.42707117852975496
2020-09-19,15,36,51,17,28,45,33,33,66,38,50,88,29,29,58,23,21,44,33,25,58,19,22,41,15,20,35,3,7,10,225,271,496,496,232,0.46774193548387094
2020-09-20,26,29,55,28,29,57,33,35,68,41,33,74,28,30,58,20,28,48,13,20,33,21,17,38,4,18,22,3,8,11,217,247,464,464,124,0.2672413793103448
2020-09-21,36,37,73,29,37,66,64,54,118,62,77,139,48,55,103,40,35,75,35,37,72,27,28,55,11,16,27,1,10,11,353,386,739,739,318,0.43031123139377536
2020-09-22,48,43,91,39,45,84,64,80,144,68,71,139,59,39,98,50,50,100,37,28,65,28,32,60,13,34,47,3,13,16,409,435,844,844,296,0.35071090047393366
2020-09-23,47,36,83,25,28,53,48,77,125,61,74,135,46,54,100,39,43,82,32,36,68,20,37,57,11,25,36,2,12,14,331,422,753,753,252,0.3346613545816733
2020-09-24,49,44,93,38,38,76,74,64,138,83,77,160,58,55,113,36,37,73,16,56,72,18,28,46,23,25,48,7,23,30,402,447,849,849,321,0.37809187279151946
2020-09-25,42,28,70,31,26,57,62,65,127,62,62,124,59,53,112,37,43,80,35,43,78,22,27,49,19,25,44,0,11,11,369,383,752,752,360,0.4787234042553192
2020-09-26,25,21,46,26,22,48,41,40,81,48,40,88,38,38,76,26,41,67,24,23,47,18,16,34,10,19,29,6,9,15,262,269,531,531,204,0.384180790960452
2020-09-27,26,30,56,17,25,42,44,49,93,32,40,72,38,31,69,29,30,59,22,20,42,7,18,25,9,14,23,2,6,8,226,263,489,489,159,0.32515337423312884
2020-09-28,39,28,67,29,29,58,57,57,114,70,68,138,66,45,111,55,58,113,49,27,76,21,30,51,17,27,44,4,20,24,407,389,796,796,336,0.4221105527638191
2020-09-29,49,42,91,37,45,82,80,57,137,89,84,173,64,54,118,41,44,85,43,48,91,32,50,82,22,38,60,3,24,27,460,486,946,946,268,0.2832980972515856
2020-09-30,45,38,83,33,39,72,71,78,149,68,67,135,54,51,105,45,52,97,38,50,88,30,29,59,10,25,35,5,9,14,399,438,837,837,332,0.3966547192353644
2020-10-01,45,52,97,30,59,89,76,88,164,83,83,166,44,67,111,46,42,88,41,42,83,29,50,79,14,19,33,4,10,14,412,512,924,924,363,0.39285714285714285
2020-10-02,60,54,114,35,38,73,63,84,147,63,82,145,48,66,114,51,41,92,44,41,85,30,41,71,14,35,49,4,17,21,412,499,911,911,460,0.5049396267837541
2020-10-03,26,28,54,24,33,57,51,49,100,47,49,96,39,37,76,35,28,63,19,28,47,21,18,39,7,19,26,3,7,10,272,296,568,568,242,0.426056338028169
2020-10-04,30,32,62,23,23,46,42,43,85,34,35,69,38,35,73,28,26,54,20,21,41,13,15,28,10,26,36,3,3,6,241,259,500,500,233,0.466
2020-10-05,25,39,64,31,31,62,58,61,119,87,76,163,81,54,135,49,51,100,59,37,96,32,46,78,20,28,48,3,7,10,445,430,875,875,404,0.4617142857142857
2020-10-06,34,53,87,41,38,79,65,57,122,80,69,149,81,50,131,51,46,97,36,42,78,31,36,67,18,28,46,6,11,17,443,430,873,873,318,0.3642611683848797
2020-10-07,48,35,83,26,26,52,73,78,151,84,90,174,58,63,121,40,63,103,38,45,83,31,34,65,18,30,48,8,6,14,424,470,894,894,296,0.33109619686800895
2020-10-08,47,36,83,39,29,68,69,77,146,68,79,147,59,60,119,44,55,99,37,37,74,26,38,64,16,27,43,5,24,29,410,462,872,872,408,0.46788990825688076
2020-10-09,35,47,82,51,45,96,56,91,147,87,103,190,57,70,127,48,63,111,39,46,85,27,39,66,11,27,38,4,14,18,415,545,960,960,581,0.6052083333333333
2020-10-10,25,34,59,34,27,61,61,59,120,62,63,125,42,53,95,35,51,86,37,32,69,15,30,45,18,22,40,9,13,22,338,384,722,722,429,0.5941828254847645
2020-10-11,31,29,60,21,21,42,45,60,105,57,65,122,50,44,94,35,29,64,37,36,73,18,31,49,15,24,39,2,9,11,311,348,659,659,391,0.5933232169954477
2020-10-12,27,34,61,44,37,81,77,85,162,76,83,159,61,73,134,52,74,126,55,43,98,38,45,83,24,47,71,2,19,21,456,540,996,996,400,0.40160642570281124
2020-10-13,64,51,115,57,45,102,116,114,230,111,133,244,71,90,161,82,95,177,59,55,114,40,57,97,28,51,79,8,24,32,636,715,1351,1351,532,0.39378238341968913
2020-10-14,51,49,100,38,56,94,99,121,220,108,127,235,70,90,160,65,73,138,54,52,106,52,56,108,22,34,56,0,19,19,559,677,1236,1236,543,0.4393203883495146
2020-10-15,49,44,93,53,55,108,116,119,235,132,135,267,104,117,221,80,90,170,66,72,138,35,55,90,18,40,58,9,15,24,662,742,1404,1404,527,0.37535612535612534
2020-10-16,63,45,108,50,67,117,140,158,298,143,117,260,112,111,223,84,94,178,60,66,126,41,59,100,27,49,76,3,35,38,723,801,1524,1524,616,0.4041994750656168
2020-10-17,26,33,59,33,41,74,97,82,179,91,109,200,77,83,160,42,52,94,41,55,96,41,41,82,14,34,48,4,15,19,466,545,1011,1011,454,0.44906033630069236
2020-10-18,24,31,55,25,29,54,39,55,94,61,79,140,34,51,85,40,39,79,29,27,56,23,39,62,12,38,50,1,13,14,288,401,689,689,375,0.5442670537010159
2020-10-19,75,54,129,51,63,114,125,156,281,137,158,295,133,140,273,92,92,184,83,78,161,52,65,117,26,46,72,3,14,17,777,866,1643,1643,841,0.5118685331710287
2020-10-20,57,65,122,62,63,125,148,136,284,129,141,270,109,136,245,84,94,178,72,67,139,37,52,89,34,47,81,1,23,24,733,824,1557,1557,1069,0.6865767501605652
2020-10-21,42,34,76,78,54,132,100,141,241,104,108,212,90,94,184,74,61,135,61,56,117,35,48,83,21,48,69,3,20,23,608,664,1272,1272,768,0.6037735849056604
2020-10-22,44,38,82,67,73,140,92,109,201,89,106,195,85,102,187,67,80,147,43,56,99,31,41,72,25,40,65,6,22,28,549,667,1216,1216,853,0.7014802631578947
2020-10-23,37,33,70,49,40,89,79,92,171,77,99,176,61,88,149,58,56,114,46,61,107,42,41,83,25,19,44,5,25,30,479,554,1033,1033,815,0.7889641819941917
2020-10-24,20,25,45,22,36,58,64,51,115,49,60,109,47,49,96,36,38,74,25,33,58,28,29,57,8,23,31,5,13,18,304,357,661,661,597,0.903177004538578
2020-10-25,39,31,70,20,28,48,63,68,131,61,90,151,50,52,102,48,56,104,32,33,65,26,33,59,8,19,27,4,3,7,351,413,764,764,710,0.9293193717277487
2020-10-26,48,40,88,65,50,115,91,106,197,105,124,229,73,105,178,70,85,155,47,55,102,39,53,92,17,47,64,5,20,25,560,685,1245,1245,1078,0.8658634538152611
2020-10-27,41,46,87,46,42,88,115,124,239,103,99,202,103,89,192,72,97,169,68,81,149,43,56,99,17,28,45,3,10,13,611,672,1283,1283,1093,0.8519095869056897
2020-10-28,46,46,92,43,43,86,84,121,205,107,109,216,63,80,143,68,78,146,56,51,107,34,37,71,12,34,46,4,14,18,517,613,1130,1130,914,0.8088495575221238
2020-10-29,36,34,70,38,44,82,121,103,224,123,120,243,78,88,166,52,67,119,55,58,113,29,33,62,18,29,47,2,8,10,552,584,1136,1136,1096,0.9647887323943662
2020-10-30,37,27,64,34,49,83,85,126,211,100,108,208,77,78,155,50,63,113,48,55,103,24,35,59,19,30,49,5,17,22,479,588,1067,1067,846,0.7928772258669166
2020-10-31,28,23,51,22,28,50,53,59,112,57,77,134,42,57,99,38,35,73,33,39,72,22,25,47,8,15,23,3,4,7,306,362,668,668,569,0.8517964071856288
2020-11-01,44,35,79,30,49,79,63,76,139,66,82,148,67,56,123,42,55,97,35,51,86,28,28,56,10,21,31,3,6,9,388,459,847,847,713,0.8417945690672963
2020-11-02,42,47,89,43,52,95,95,116,211,111,98,209,76,92,168,71,69,140,64,62,126,35,38,73,18,27,45,3,14,17,558,615,1173,1173,949,0.8090366581415175
2020-11-03,37,30,67,29,31,60,79,92,171,83,81,164,63,46,109,54,55,109,44,42,86,37,33,70,20,36,56,2,12,14,448,458,906,906,667,0.7362030905077263
2020-11-04,41,43,84,42,51,93,122,126,248,102,116,218,105,105,210,69,81,150,70,61,131,45,42,87,22,43,65,11,13,24,629,681,1310,1310,764,0.583206106870229
2020-11-05,49,42,91,72,61,133,138,127,265,131,127,258,109,102,211,88,101,189,46,64,110,40,41,81,20,30,50,3,14,17,696,709,1405,1405,933,0.6640569395017794
2020-11-06,32,39,71,29,46,75,74,81,155,66,81,147,45,54,99,55,57,112,39,50,89,31,43,74,14,30,44,4,9,13,389,490,879,879,721,0.820250284414107
2020-11-07,30,36,66,31,40,71,56,75,131,54,83,137,54,58,112,45,61,106,42,46,88,30,32,62,23,20,43,7,5,12,372,456,828,828,629,0.7596618357487923
2020-11-08,45,48,93,38,40,78,69,65,134,69,90,159,55,68,123,37,50,87,45,46,91,31,33,64,10,18,28,4,4,8,403,462,865,865,708,0.8184971098265896
2020-11-09,60,56,116,70,45,115,89,116,205,112,139,251,83,98,181,84,76,160,60,65,125,25,42,67,27,40,67,3,10,13,613,687,1300,1300,1013,0.7792307692307693
2020-11-10,41,33,74,42,40,82,89,82,171,101,103,204,66,65,131,55,59,114,64,47,111,33,35,68,24,29,53,4,11,15,519,504,1023,1023,678,0.6627565982404692
2020-11-11,49,39,88,39,47,86,100,106,206,98,98,196,85,80,165,64,76,140,45,42,87,38,34,72,20,38,58,4,18,22,542,578,1120,1120,784,0.7
2020-11-12,53,37,90,46,40,86,84,121,205,116,117,233,95,91,186,74,58,132,47,75,122,41,45,86,21,38,59,3,12,15,580,634,1214,1214,782,0.6441515650741351
2020-11-13,47,31,78,52,42,94,93,118,211,87,106,193,79,78,157,64,64,128,64,65,129,37,42,79,21,32,53,4,15,19,548,593,1141,1141,757,0.663453111305872
2020-11-14,55,39,94,31,30,61,60,75,135,77,87,164,45,66,111,43,48,91,51,29,80,26,38,64,9,22,31,4,4,8,401,438,839,839,610,0.7270560190703218
2020-11-15,42,46,88,41,26,67,70,92,162,85,70,155,67,66,133,48,60,108,45,50,95,28,33,61,8,25,33,0,14,14,434,482,916,916,679,0.7412663755458515
2020-11-16,45,52,97,49,39,88,77,94,171,85,93,178,87,75,162,40,62,102,47,57,104,38,41,79,17,30,47,5,21,26,490,564,1054,1054,661,0.627134724857685
2020-11-17,50,54,104,55,49,104,111,111,222,126,127,253,92,95,187,62,67,129,68,77,145,46,54,100,9,37,46,1,9,10,620,680,1300,1300,902,0.6938461538461539
2020-11-18,44,48,92,66,48,114,114,116,230,141,127,268,84,79,163,63,66,129,49,49,98,47,47,94,16,43,59,3,10,13,627,633,1260,1260,884,0.7015873015873015
2020-11-19,49,37,86,67,60,127,110,133,243,105,142,247,75,87,162,67,78,145,62,62,124,40,37,77,21,36,57,3,10,13,599,682,1281,1281,921,0.7189695550351288
2020-11-20,51,44,95,45,43,88,92,108,200,104,105,209,64,81,145,63,65,128,57,51,108,28,32,60,19,28,47,4,12,16,527,569,1096,1096,793,0.7235401459854015
2020-11-21,38,33,71,31,38,69,59,70,129,72,68,140,55,61,116,40,47,87,37,37,74,23,19,42,10,13,23,3,11,14,368,397,765,765,645,0.8431372549019608
2020-11-22,32,30,62,31,30,61,58,58,116,51,70,121,56,53,109,29,31,60,32,46,78,23,17,40,10,22,32,1,8,9,323,365,688,688,534,0.7761627906976745
2020-11-23,50,44,94,39,37,76,73,79,152,85,83,168,69,60,129,46,46,92,42,47,89,23,33,56,18,29,47,6,12,18,451,470,921,921,742,0.8056460369163952
2020-11-24,46,54,100,54,49,103,94,100,194,121,99,220,91,78,169,66,68,134,59,55,114,33,46,79,25,34,59,2,5,7,591,588,1179,1179,910,0.7718405428329093
2020-11-25,60,52,112,59,49,108,112,103,215,114,120,234,78,76,154,58,53,111,58,52,110,24,41,65,20,28,48,5,9,14,588,583,1171,1171,803,0.6857386848847139
2020-11-26,45,48,93,61,60,121,109,114,223,109,125,234,66,99,165,70,70,140,63,56,119,36,47,83,16,31,47,9,12,21,584,662,1246,1246,903,0.7247191011235955
2020-11-27,23,38,61,39,33,72,93,107,200,77,96,173,58,44,102,57,58,115,42,45,87,31,35,66,14,35,49,5,5,10,439,496,935,935,674,0.720855614973262
2020-11-28,49,28,77,35,35,70,81,74,155,55,77,132,50,61,111,60,53,113,28,35,63,26,35,61,11,30,41,2,3,5,397,431,828,828,570,0.6884057971014492
2020-11-29,38,40,78,26,46,72,85,83,168,76,95,171,72,58,130,46,51,97,47,46,93,25,28,53,16,14,30,1,7,8,432,468,900,900,693,0.77
2020-11-30,58,52,110,64,46,110,136,151,287,121,126,247,102,98,200,61,77,138,63,79,142,44,52,96,19,33,52,6,8,14,674,722,1396,1395,974,0.6982078853046595
2020-12-01,44,49,93,42,58,100,122,115,237,101,125,226,86,94,180,39,62,101,59,74,133,42,47,89,19,30,49,2,3,5,556,657,1213,1213,781,0.6438582028029678
2020-12-02,27,21,48,32,39,71,74,83,157,62,88,150,62,78,140,43,45,88,35,34,69,30,33,63,14,18,32,5,10,15,384,449,833,833,326,0.39135654261704683
2020-12-03,40,47,87,48,46,94,90,136,226,115,128,243,89,90,179,65,58,123,57,68,125,39,33,72,14,25,39,2,9,11,559,640,1199,1199,279,0.23269391159299416
2020-12-04,40,46,86,50,56,106,98,94,192,98,108,206,81,90,171,68,76,144,55,70,125,40,42,82,18,32,50,7,9,16,555,623,1178,1178,389,0.3302207130730051
2020-12-05,34,34,68,42,38,80,81,77,158,88,69,157,54,53,107,37,43,80,34,33,67,20,21,41,11,22,33,5,8,13,406,398,804,804,403,0.5012437810945274
2020-12-06,31,34,65,36,26,62,62,59,121,59,54,113,43,60,103,33,39,72,32,32,64,27,28,55,16,16,32,1,3,4,340,351,691,691,271,0.3921852387843705
2020-12-07,23,38,61,45,34,79,92,97,189,73,82,155,58,69,127,40,47,87,29,36,65,25,38,63,13,19,32,4,6,10,402,466,868,868,241,0.27764976958525345
2020-12-08,35,43,78,29,33,62,82,87,169,82,83,165,52,50,102,54,55,109,42,39,81,21,38,59,6,19,25,5,4,9,408,451,859,859,264,0.3073341094295693
2020-12-09,44,40,84,40,53,93,133,146,279,144,147,291,115,93,208,101,104,205,89,81,170,44,64,108,17,33,50,3,17,20,730,778,1508,1508,475,0.3149867374005305
2020-12-10,49,44,93,78,85,163,156,173,329,162,187,349,117,125,242,117,117,234,95,87,182,41,38,79,18,44,62,6,10,16,839,910,1749,1749,360,0.2058319039451115
2020-12-11,40,45,85,59,60,119,167,183,350,176,185,361,128,133,261,113,130,243,104,113,217,53,57,110,20,29,49,2,8,10,862,943,1805,1805,347,0.1922437673130194
2020-12-12,41,39,80,64,53,117,129,138,267,131,159,290,129,119,248,103,96,199,69,107,176,39,57,96,11,24,35,2,8,10,718,800,1518,1518,373,0.24571805006587616
2020-12-13,40,31,71,50,62,112,101,127,228,123,139,262,98,104,202,105,96,201,74,62,136,40,33,73,10,24,34,6,5,11,647,683,1330,1330,220,0.16541353383458646
2020-12-14,62,46,108,60,59,119,159,162,321,169,167,336,119,130,249,114,120,234,99,109,208,55,66,121,21,32,53,9,12,21,867,903,1770,1770,447,0.25254237288135595
2020-12-15,43,43,86,65,67,132,127,161,288,163,162,325,115,110,225,111,128,239,105,107,212,52,51,103,13,18,31,1,13,14,795,860,1655,1654,375,0.2267230955259976
2020-12-16,28,42,70,71,94,165,166,202,368,211,224,435,149,170,319,144,130,274,133,119,252,69,69,138,20,22,42,4,12,16,995,1084,2079,2079,424,0.20394420394420396
2020-12-17,52,53,105,81,72,153,164,206,370,227,253,480,170,167,337,136,135,271,68,101,169,54,48,102,11,24,35,3,7,10,966,1066,2032,2032,440,0.21653543307086615
2020-12-18,70,49,119,98,118,216,200,220,420,234,250,484,177,187,364,149,166,315,173,159,332,95,82,177,16,49,65,4,8,12,1216,1288,2504,2504,597,0.2384185303514377
2020-12-19,49,38,87,75,84,159,146,185,331,245,247,492,153,161,314,129,130,259,113,141,254,55,67,122,17,26,43,2,5,7,984,1084,2068,2068,516,0.2495164410058027
2020-12-20,44,54,98,83,89,172,163,168,331,237,240,477,172,183,355,154,166,320,124,124,248,61,54,115,12,16,28,4,8,12,1054,1102,2156,2156,298,0.13821892393320964
2020-12-21,66,66,132,105,76,181,228,215,443,274,290,564,212,191,403,163,169,332,142,157,299,70,82,152,12,42,54,5,7,12,1277,1295,2572,2572,479,0.18623639191290825
2020-12-22,63,69,132,113,108,221,243,258,501,297,333,630,232,216,448,177,167,344,172,175,347,78,66,144,20,33,53,4,5,9,1399,1430,2829,2829,501,0.17709437963944857
2020-12-23,67,68,135,128,98,226,262,272,534,309,292,601,206,243,449,175,155,330,134,151,285,66,66,132,28,38,66,7,15,22,1382,1398,2780,2780,547,0.19676258992805756
2020-12-24,33,42,75,57,67,124,147,149,296,191,167,358,133,114,247,79,92,171,69,88,157,44,39,83,5,23,28,3,5,8,761,786,1547,1547,421,0.27213962508080153
2020-12-25,20,17,37,23,25,48,43,30,73,47,58,105,30,29,59,25,33,58,15,24,39,14,9,23,7,16,23,3,4,7,227,245,472,472,293,0.6207627118644068
2020-12-26,56,42,98,115,132,247,181,230,411,290,270,560,182,217,399,156,155,311,91,119,210,48,63,111,19,31,50,1,12,13,1139,1271,2410,2410,485,0.2012448132780083
2020-12-27,36,33,69,144,128,272,203,176,379,278,248,526,235,219,454,166,186,352,145,138,283,59,78,137,25,36,61,3,11,14,1294,1253,2547,2547,278,0.10914801727522576
2020-12-28,69,63,132,168,172,340,315,327,642,422,407,829,282,310,592,219,242,461,147,181,328,68,87,155,27,46,73,3,16,19,1720,1851,3571,3571,536,0.15009801176141138
2020-12-29,64,58,122,149,163,312,296,317,613,323,292,615,270,271,541,181,175,356,141,168,309,78,93,171,24,51,75,9,15,24,1535,1603,3138,3138,498,0.1586998087954111
2020-12-30,61,52,113,174,187,361,310,280,590,392,356,748,256,273,529,202,242,444,147,157,304,81,84,165,26,44,70,3,12,15,1652,1687,3339,3338,696,0.2085080886758538
2020-12-31,43,44,87,124,110,234,233,222,455,226,271,497,186,213,399,136,134,270,67,86,153,40,57,97,13,28,41,0,7,7,1068,1172,2240,2240,438,0.19553571428571428
2021-01-01,19,15,34,25,28,53,40,48,88,45,57,102,42,37,79,35,37,72,21,23,44,17,17,34,5,16,21,1,4,5,250,282,532,532,230,0.4323308270676692
2021-01-02,55,43,98,111,126,237,204,215,419,247,262,509,179,200,379,127,179,306,150,140,290,65,69,134,15,38,53,3,8,11,1156,1280,2436,2436,462,0.1896551724137931
2021-01-03,39,41,80,178,169,347,298,325,623,395,387,782,265,315,580,195,247,442,181,186,367,75,103,178,24,37,61,3,6,9,1653,1816,3469,3469,376,0.10838858460651485
2021-01-04,58,54,112,144,136,280,383,414,797,407,450,857,315,335,650,202,255,457,172,172,344,93,95,188,34,62,96,4,12,16,1812,1985,3797,3797,540,0.1422175401632868
2021-01-05,49,62,111,181,168,349,394,439,833,442,464,906,330,328,658,220,260,480,178,257,435,98,110,208,27,57,84,5,11,16,1924,2156,4080,4079,558,0.13679823486148565
2021-01-06,55,53,108,197,184,381,406,386,792,424,408,832,343,339,682,252,268,520,187,215,402,100,116,216,31,57,88,4,20,24,1999,2046,4045,4044,582,0.14391691394658754
2021-01-07,54,50,104,144,163,307,302,324,626,352,340,692,263,250,513,178,214,392,152,167,319,80,109,189,27,51,78,2,10,12,1554,1678,3232,3232,577,0.17852722772277227
2021-01-08,63,49,112,154,182,336,337,327,664,299,355,654,211,290,501,180,204,384,116,151,267,71,106,177,27,37,64,7,9,16,1465,1710,3175,3174,659,0.2076244486452426
2021-01-09,38,48,86,130,162,292,246,305,551,340,354,694,226,265,491,179,195,374,117,171,288,52,74,126,22,39,61,0,12,12,1350,1625,2975,2973,485,0.16313488059199463
2021-01-10,50,49,99,153,167,320,259,280,539,293,357,650,229,254,483,168,196,364,129,113,242,44,74,118,12,32,44,1,12,13,1338,1534,2872,2872,327,0.11385793871866295
2021-01-11,62,45,107,175,187,362,376,405,781,376,426,802,278,298,576,204,219,423,136,177,313,76,76,152,22,40,62,1,8,9,1706,1881,3587,3587,520,0.1449679397825481
2021-01-12,72,46,118,153,163,316,304,358,662,294,329,623,226,262,488,169,218,387,140,135,275,53,72,125,29,31,60,3,10,13,1443,1624,3067,3066,456,0.1487279843444227
2021-01-13,77,69,146,180,199,379,365,368,733,328,356,684,276,274,550,194,237,431,158,190,348,74,77,151,18,47,65,6,4,10,1676,1821,3497,3497,465,0.13297111810122964
2021-01-14,59,60,119,185,189,374,322,355,677,323,371,694,235,281,516,200,251,451,140,166,306,63,77,140,20,37,57,3,6,9,1550,1793,3343,3343,590,0.17648818426562968
2021-01-15,69,57,126,281,292,573,393,440,833,470,494,964,367,379,746,297,310,607,170,203,373,71,99,170,25,43,68,3,9,12,2146,2326,4472,4472,612,0.1368515205724508
2021-01-16,41,29,70,322,316,638,337,396,733,431,470,901,394,412,806,291,276,567,195,215,410,109,104,213,23,41,64,2,9,11,2145,2268,4413,4413,430,0.09743938363924767
2021-01-17,44,25,69,265,286,551,332,408,740,382,404,786,388,432,820,261,278,539,136,162,298,68,78,146,18,25,43,2,2,4,1896,2100,3996,3996,346,0.08658658658658659
2021-01-18,65,59,124,346,349,695,441,475,916,489,502,991,452,455,907,341,359,700,228,255,483,103,123,226,30,49,79,3,9,12,2498,2635,5133,5133,479,0.09331774790570817
2021-01-19,65,52,117,325,293,618,425,429,854,485,483,968,419,447,866,293,347,640,219,253,472,104,130,234,21,49,70,7,16,23,2363,2499,4862,4862,367,0.07548334018922254
2021-01-20,66,59,125,321,303,624,392,439,831,431,419,850,409,417,826,318,339,657,241,253,494,117,133,250,26,46,72,8,13,21,2329,2421,4750,4750,383,0.08063157894736842
2021-01-21,81,59,140,210,250,460,343,344,687,317,368,685,285,342,627,217,304,521,179,182,361,81,90,171,37,43,80,7,13,20,1757,1995,3752,3752,511,0.13619402985074627
2021-01-22,54,57,111,249,225,474,282,336,618,277,324,601,282,321,603,218,239,457,156,182,338,77,93,170,19,43,62,3,3,6,1617,1823,3440,3440,406,0.11802325581395348
2021-01-23,38,31,69,258,222,480,301,331,632,304,333,637,260,242,502,216,233,449,111,135,246,48,60,108,16,30,46,3,7,10,1555,1624,3179,3179,446,0.14029569046870086
2021-01-24,33,37,70,281,272,553,338,345,683,319,330,649,325,341,666,246,250,496,146,157,303,54,78,132,21,31,52,2,6,8,1765,1847,3612,3612,238,0.06589147286821706
2021-01-25,58,78,136,359,325,684,435,457,892,392,452,844,380,415,795,267,303,570,210,212,422,97,113,210,30,59,89,6,12,18,2234,2426,4660,4660,375,0.08047210300429185
2021-01-26,81,62,143,318,269,587,363,371,734,347,340,687,320,341,661,240,285,525,173,203,376,87,99,186,29,57,86,5,14,19,1963,2041,4004,4004,416,0.1038961038961039
2021-01-27,72,62,134,259,273,532,350,364,714,342,360,702,290,343,633,222,275,497,165,164,329,69,84,153,32,45,77,2,15,17,1803,1985,3788,3788,348,0.09186906019007392
2021-01-28,66,60,126,218,213,431,296,304,600,303,302,605,235,259,494,193,238,431,149,171,320,85,97,182,30,44,74,5,14,19,1580,1702,3282,3282,406,0.12370505789152955
2021-01-29,50,68,118,319,308,627,381,376,757,387,431,818,346,398,744,276,295,571,203,241,444,84,128,212,23,56,79,4,9,13,2073,2310,4383,4382,578,0.1319032405294386
2021-01-30,40,24,64,413,419,832,341,380,721,400,460,860,444,484,928,336,362,698,183,245,428,91,119,210,21,45,66,3,8,11,2272,2546,4818,4818,354,0.07347447073474471
2021-01-31,36,31,67,617,600,1217,442,464,906,542,550,1092,648,710,1358,445,484,929,221,253,474,93,123,216,24,42,66,2,12,14,3070,3269,6339,6339,209,0.032970500078876794
2021-02-01,55,53,108,485,564,1049,398,500,898,497,545,1042,582,597,1179,455,450,905,256,314,570,88,158,246,40,49,89,3,9,12,2859,3239,6098,6098,386,0.06329944244014431
2021-02-02,46,54,100,412,464,876,380,405,785,450,507,957,564,606,1170,408,451,859,274,304,578,152,178,330,37,54,91,4,13,17,2727,3036,5763,5763,308,0.0534443866041992
2021-02-03,49,61,110,348,317,665,359,411,770,407,432,839,438,473,911,323,354,677,246,283,529,118,158,276,34,60,94,5,10,15,2327,2559,4886,4886,353,0.07224723700368399
2021-02-04,60,52,112,211,196,407,275,324,599,310,333,643,257,345,602,224,264,488,146,217,363,82,118,200,27,40,67,3,16,19,1595,1905,3500,3500,345,0.09857142857142857
2021-02-05,55,57,112,201,201,402,271,291,562,282,302,584,264,259,523,192,225,417,151,196,347,82,93,175,14,47,61,2,8,10,1514,1679,3193,3193,498,0.1559661760100219
2021-02-06,34,33,67,220,224,444,235,270,505,269,333,602,252,296,548,229,254,483,132,166,298,57,91,148,17,31,48,0,8,8,1445,1706,3151,3151,324,0.10282450015867979
2021-02-07,39,42,81,230,240,470,228,269,497,297,325,622,268,293,561,214,252,466,122,133,255,66,67,133,17,26,43,6,5,11,1487,1652,3139,3139,199,0.06339598598279707
2021-02-08,61,51,112,300,365,665,345,380,725,403,459,862,436,483,919,277,325,602,169,216,385,88,112,200,26,61,87,4,16,20,2109,2468,4577,4577,411,0.08979681013764475
2021-02-09,53,40,93,265,286,551,322,338,660,426,406,832,358,414,772,288,300,588,212,220,432,97,125,222,34,62,96,5,14,19,2060,2205,4265,4265,317,0.07432590855803048
2021-02-10,53,37,90,196,195,391,269,310,579,321,370,691,333,328,661,203,276,479,155,185,340,91,99,190,30,38,68,0,10,10,1651,1848,3499,3499,274,0.07830808802515005
2021-02-11,56,44,100,171,208,379,228,290,518,328,333,661,281,320,601,191,239,430,156,170,326,79,83,162,27,50,77,4,10,14,1521,1747,3268,3268,248,0.07588739290085679
2021-02-12,53,40,93,215,224,439,232,246,478,332,352,684,312,353,665,201,247,448,147,205,352,82,98,180,29,48,77,2,15,17,1605,1828,3433,3433,434,0.12642004078065833
2021-02-13,33,28,61,259,295,554,244,269,513,375,386,761,346,425,771,224,262,486,153,171,324,57,91,148,22,36,58,3,11,14,1716,1974,3690,3690,334,0.09051490514905149
2021-02-14,28,22,50,260,290,550,199,270,469,356,427,783,409,452,861,225,274,499,175,175,350,73,113,186,15,22,37,2,12,14,1742,2057,3799,3798,216,0.05687203791469194
2021-02-15,27,45,72,345,375,720,304,342,646,436,494,930,513,542,1055,333,333,666,166,200,366,74,108,182,17,52,69,2,12,14,2217,2503,4720,4720,268,0.05677966101694915
2021-02-16,29,25,54,352,325,677,378,457,835,527,596,1123,488,558,1046,308,279,587,154,159,313,70,102,172,15,34,49,8,6,14,2329,2541,4870,4870,301,0.061806981519507184
2021-02-17,44,53,97,227,257,484,472,502,974,461,474,935,366,388,754,257,302,559,225,238,463,97,128,225,21,53,74,5,13,18,2175,2408,4583,4583,299,0.06524110844425049
2021-02-18,40,51,91,205,230,435,375,419,794,426,465,891,331,375,706,270,284,554,187,223,410,98,129,227,28,45,73,2,6,8,1962,2227,4189,4189,375,0.08952017187873
2021-02-19,54,41,95,182,250,432,353,370,723,367,426,793,327,351,678,237,286,523,175,215,390,94,123,217,23,47,70,3,8,11,1815,2117,3932,3932,414,0.10528992878942015
2021-02-20,45,32,77,162,212,374,304,319,623,321,387,708,296,343,639,212,271,483,132,223,355,64,82,146,24,39,63,4,4,8,1564,1912,3476,3476,308,0.08860759493670886
2021-02-21,43,30,73,174,208,382,243,342,585,334,378,712,281,315,596,162,235,397,153,189,342,60,78,138,22,33,55,5,9,14,1477,1817,3294,3294,238,0.07225258044930176
2021-02-22,62,73,135,167,232,399,323,366,689,356,440,796,309,348,657,236,281,517,174,225,399,85,103,188,40,37,77,3,5,8,1755,2110,3865,3865,336,0.0869340232858991
2021-02-23,73,57,130,165,179,344,285,325,610,328,350,678,267,320,587,223,261,484,172,211,383,94,121,215,31,40,71,7,16,23,1645,1880,3525,3525,314,0.08907801418439716
2021-02-24,52,78,130,166,190,356,223,272,495,284,316,600,201,262,463,180,204,384,183,167,350,86,105,191,22,42,64,2,10,12,1399,1646,3045,3045,268,0.08801313628899836
2021-02-25,86,77,163,124,148,272,244,262,506,248,266,514,224,209,433,164,208,372,128,170,298,66,98,164,20,38,58,4,16,20,1308,1492,2800,2800,264,0.09428571428571429
2021-02-26,64,64,128,128,141,269,238,296,534,302,285,587,220,258,478,179,208,387,136,208,344,65,99,164,20,37,57,2,17,19,1354,1613,2967,2967,276,0.09302325581395349
2021-02-27,43,34,77,138,181,319,227,276,503,299,349,648,211,240,451,205,255,460,172,205,377,73,100,173,21,48,69,1,7,8,1390,1695,3085,3085,316,0.10243111831442464
2021-02-28,42,47,89,188,214,402,280,341,621,386,454,840,311,338,649,283,362,645,223,257,480,119,126,245,23,42,65,2,9,11,1857,2190,4047,4047,266,0.06572769953051644
2021-03-01,95,80,175,121,168,289,266,258,524,301,283,584,232,228,460,147,181,328,140,176,316,73,118,191,22,44,66,5,14,19,1402,1550,2952,2952,398,0.1348238482384824
2021-03-02,111,85,196,149,145,294,240,255,495,247,283,530,214,208,422,169,225,394,114,156,270,77,76,153,34,40,74,3,7,10,1358,1480,2838,2838,266,0.09372797744890768
2021-03-03,99,74,173,114,118,232,173,231,404,231,238,469,173,183,356,159,198,357,161,193,354,85,109,194,17,32,49,0,14,14,1212,1390,2602,2602,313,0.12029208301306688
2021-03-04,86,79,165,116,146,262,188,192,380,223,208,431,157,178,335,112,183,295,127,195,322,70,106,176,22,37,59,6,15,21,1107,1339,2446,2446,334,0.13654946852003272
2021-03-05,73,69,142,112,123,235,184,251,435,245,246,491,151,160,311,139,188,327,134,157,291,78,95,173,19,33,52,0,6,6,1135,1328,2463,2463,335,0.13601299228583028
2021-03-06,51,48,99,87,101,188,180,192,372,203,210,413,140,166,306,106,149,255,99,111,210,50,73,123,21,28,49,2,5,7,939,1083,2022,2022,245,0.1211671612265084
2021-03-07,45,48,93,91,92,183,162,212,374,204,222,426,115,180,295,131,174,305,125,159,284,49,73,122,20,38,58,4,4,8,946,1202,2148,2147,182,0.0847694457382394
2021-03-08,96,90,186,121,149,270,193,246,439,245,273,518,198,202,400,192,223,415,182,195,377,86,95,181,22,46,68,3,11,14,1338,1530,2868,2866,270,0.0942079553384508
2021-03-09,119,126,245,130,125,255,199,210,409,249,259,508,206,199,405,181,206,387,152,233,385,102,112,214,25,38,63,4,7,11,1367,1515,2882,2882,289,0.10027758501040944
2021-03-10,127,109,236,136,133,269,200,204,404,256,255,511,169,184,353,150,195,345,146,162,308,82,113,195,22,47,69,4,9,13,1292,1411,2703,2703,413,0.15279319274879763
2021-03-11,96,116,212,94,117,211,162,205,367,184,210,394,120,152,272,104,147,251,114,151,265,61,78,139,25,31,56,2,15,17,962,1222,2184,2184,419,0.19184981684981686
2021-03-12,116,117,233,122,146,268,178,226,404,239,267,506,168,197,365,144,204,348,129,182,311,79,93,172,23,45,68,4,12,16,1202,1489,2691,2690,458,0.17026022304832714
2021-03-13,84,66,150,92,100,192,198,213,411,236,238,474,153,160,313,134,187,321,155,173,328,64,77,141,12,37,49,5,3,8,1133,1254,2387,2387,477,0.19983242563887726
2021-03-14,60,91,151,84,101,185,163,227,390,236,254,490,155,172,327,158,201,359,157,189,346,65,101,166,19,28,47,4,9,13,1101,1373,2474,2474,256,0.10347615198059822
2021-03-15,167,132,299,145,154,299,218,279,497,255,296,551,218,241,459,196,214,410,179,202,381,91,135,226,20,50,70,4,14,18,1493,1717,3210,3210,408,0.12710280373831775
2021-03-16,139,137,276,132,158,290,179,223,402,256,275,531,175,170,345,164,202,366,146,191,337,76,107,183,14,43,57,5,15,20,1286,1521,2807,2807,321,0.11435696473102958
2021-03-17,101,109,210,128,137,265,198,234,432,189,197,386,151,173,324,150,170,320,144,163,307,63,98,161,19,42,61,2,13,15,1145,1336,2481,2480,325,0.1310483870967742
2021-03-18,109,88,197,87,111,198,161,191,352,200,177,377,129,155,284,99,144,243,110,140,250,66,82,148,16,31,47,2,7,9,979,1126,2105,2105,323,0.1534441805225653
2021-03-19,114,101,215,136,133,269,173,213,386,211,224,435,132,160,292,124,159,283,112,162,274,70,72,142,17,28,45,5,9,14,1094,1261,2355,2355,476,0.2021231422505308
2021-03-20,47,55,102,87,100,187,141,155,296,162,197,359,126,148,274,119,147,266,107,116,223,66,69,135,14,29,43,4,7,11,873,1023,1896,1894,319,0.16842661034846884
2021-03-21,80,64,144,85,96,181,160,166,326,200,192,392,129,141,270,120,160,280,97,140,237,39,68,107,17,27,44,3,9,12,930,1063,1993,1993,251,0.12594079277471149
2021-03-22,106,123,229,139,125,264,191,258,449,228,238,466,179,183,362,174,200,374,135,165,300,71,87,158,26,51,77,4,22,26,1253,1452,2705,2705,452,0.16709796672828095
2021-03-23,119,116,235,142,127,269,191,225,416,194,212,406,160,147,307,154,175,329,133,182,315,74,96,170,24,28,52,1,12,13,1192,1320,2512,2512,390,0.1552547770700637
2021-03-24,73,79,152,102,103,205,134,143,277,166,191,357,107,135,242,107,134,241,71,104,175,50,77,127,10,33,43,1,6,7,821,1005,1826,1826,334,0.1829134720700986
2021-03-25,91,97,188,116,129,245,173,215,388,209,197,406,170,197,367,123,149,272,105,133,238,60,74,134,26,33,59,4,4,8,1077,1228,2305,2305,341,0.14793926247288502
2021-03-26,129,109,238,139,153,292,193,216,409,225,221,446,157,187,344,121,173,294,98,153,251,71,85,156,22,33,55,3,10,13,1158,1340,2498,2498,449,0.17974379503602883
2021-03-27,90,78,168,70,83,153,162,158,320,202,208,410,144,163,307,125,155,280,122,136,258,42,65,107,14,33,47,5,5,10,976,1084,2060,2060,426,0.20679611650485438
2021-03-28,70,50,120,64,88,152,125,159,284,170,195,365,149,156,305,115,155,270,96,139,235,43,42,85,19,24,43,2,6,8,853,1014,1867,1867,314,0.16818425281199786
2021-03-29,116,103,219,154,130,284,180,214,394,208,232,440,179,210,389,155,165,320,104,164,268,51,54,105,16,33,49,1,9,10,1164,1314,2478,2478,434,0.1751412429378531
2021-03-30,101,101,202,125,124,249,149,175,324,194,204,398,146,176,322,121,135,256,103,143,246,42,61,103,21,29,50,4,8,12,1006,1156,2162,2161,384,0.17769551133734382
2021-03-31,82,79,161,102,91,193,163,185,348,184,203,387,126,158,284,84,127,211,61,83,144,28,45,73,17,21,38,2,10,12,849,1002,1851,1851,433,0.23392760669908158
2021-04-01,78,87,165,105,94,199,171,193,364,194,183,377,140,161,301,113,138,251,90,118,208,44,60,104,11,18,29,2,10,12,948,1062,2010,2010,516,0.25671641791044775
2021-04-02,90,62,152,98,115,213,154,168,322,188,170,358,144,139,283,104,138,242,80,93,173,42,38,80,15,12,27,2,6,8,917,941,1858,1858,409,0.2201291711517761
2021-04-03,61,65,126,92,119,211,153,169,322,181,202,383,145,156,301,112,139,251,108,94,202,32,57,89,18,35,53,3,4,7,905,1040,1945,1945,520,0.26735218508997427
2021-04-04,78,67,145,175,181,356,212,250,462,266,309,575,188,243,431,129,171,300,79,119,198,37,49,86,17,26,43,0,7,7,1181,1422,2603,2603,449,0.17249327698809067
2021-04-05,106,113,219,231,231,462,283,324,607,314,320,634,257,303,560,178,224,402,118,158,276,51,64,115,14,37,51,5,9,14,1557,1783,3340,3340,513,0.1535928143712575
2021-04-06,111,134,245,189,208,397,335,289,624,323,354,677,245,266,511,176,211,387,131,201,332,73,99,172,24,36,60,3,16,19,1610,1814,3424,3424,662,0.1933411214953271
2021-04-07,126,122,248,218,208,426,296,304,600,300,348,648,267,268,535,176,236,412,114,169,283,61,89,150,13,40,53,1,8,9,1572,1792,3364,3361,560,0.1666170782505207
2021-04-08,118,106,224,179,172,351,234,295,529,280,326,606,204,217,421,148,204,352,112,151,263,55,74,129,17,31,48,2,14,16,1349,1590,2939,2939,679,0.2310309629125553
2021-04-09,95,89,184,124,143,267,144,218,362,184,195,379,162,172,334,113,145,258,78,102,180,42,52,94,8,23,31,3,7,10,953,1146,2099,2098,605,0.28836987607244996
2021-04-10,67,65,132,121,143,264,202,199,401,222,207,429,142,162,304,120,138,258,84,103,187,19,40,59,7,17,24,1,3,4,985,1077,2062,2061,410,0.19893255701115964
2021-04-11,63,71,134,99,119,218,137,140,277,162,202,364,164,158,322,109,125,234,92,91,183,27,38,65,13,23,36,2,5,7,868,972,1840,1840,414,0.225
2021-04-12,110,96,206,164,155,319,188,221,409,232,266,498,192,238,430,144,217,361,107,132,239,36,57,93,15,28,43,2,12,14,1190,1422,2612,2610,472,0.18084291187739462
2021-04-13,109,76,185,112,112,224,191,195,386,239,240,479,171,200,371,140,156,296,79,89,168,49,38,87,10,17,27,3,8,11,1103,1131,2234,2234,441,0.19740376007162042
2021-04-14,107,89,196,108,92,200,124,150,274,153,159,312,106,132,238,89,120,209,108,98,206,44,66,110,17,24,41,5,5,10,861,935,1796,1795,541,0.30139275766016715
2021-04-15,112,100,212,133,165,298,221,235,456,240,247,487,227,239,466,157,208,365,103,118,221,31,50,81,15,29,44,2,8,10,1241,1399,2640,2639,518,0.1962864721485411
2021-04-16,100,107,207,119,124,243,235,246,481,266,293,559,198,225,423,163,220,383,126,158,284,38,55,93,9,28,37,1,9,10,1255,1465,2720,2719,458,0.1684442809856565
2021-04-17,105,87,192,126,110,236,177,183,360,257,213,470,188,209,397,133,152,285,97,110,207,34,65,99,15,41,56,4,5,9,1136,1175,2311,2311,479,0.20726958026828213
2021-04-18,56,73,129,78,75,153,155,159,314,176,210,386,178,155,333,125,140,265,102,102,204,34,46,80,22,23,45,3,7,10,929,990,1919,1918,316,0.16475495307612095
2021-04-19,127,91,218,140,161,301,238,244,482,271,271,542,223,223,446,174,193,367,126,140,266,43,72,115,8,40,48,4,13,17,1354,1448,2802,2802,426,0.15203426124197003
2021-04-20,122,128,250,119,120,239,186,208,394,204,236,440,201,209,410,153,154,307,135,158,293,53,65,118,27,31,58,4,9,13,1204,1318,2522,2522,456,0.18080888183980967
2021-04-21,109,88,197,104,91,195,173,163,336,180,189,369,157,169,326,121,148,269,101,120,221,46,45,91,13,44,57,2,6,8,1006,1063,2069,2069,432,0.20879652005799904
2021-04-22,123,114,237,147,144,291,190,198,388,235,268,503,213,247,460,165,182,347,114,154,268,47,71,118,16,45,61,1,9,10,1251,1432,2683,2682,434,0.16181953765846382
2021-04-23,98,94,192,122,138,260,215,232,447,250,284,534,206,251,457,162,219,381,106,151,257,57,68,125,21,26,47,4,7,11,1241,1470,2711,2710,376,0.13874538745387455
2021-04-24,62,49,111,45,40,85,54,75,129,77,81,158,72,92,164,46,51,97,29,39,68,29,40,69,7,28,35,2,15,17,423,510,933,933,296,0.3172561629153269
2021-04-25,83,83,166,91,88,179,121,149,270,174,163,337,154,154,308,127,135,262,86,93,179,35,33,68,8,22,30,0,4,4,879,924,1803,1802,242,0.13429522752497225
2021-04-26,120,116,236,134,138,272,210,205,415,228,248,476,200,232,432,188,191,379,116,128,244,71,83,154,12,33,45,4,10,14,1283,1384,2667,2666,317,0.11890472618154539
2021-04-27,107,94,201,127,132,259,208,247,455,215,232,447,163,213,376,158,168,326,101,130,231,49,80,129,20,34,54,4,8,12,1152,1338,2490,2488,273,0.10972668810289389
2021-04-28,112,114,226,118,126,244,197,209,406,230,246,476,182,198,380,141,146,287,96,121,217,46,59,105,11,25,36,4,9,13,1137,1253,2390,2390,319,0.13347280334728034
2021-04-29,131,112,243,174,153,327,230,269,499,290,299,589,261,261,522,184,232,416,118,159,277,74,98,172,29,49,78,2,17,19,1493,1649,3142,3141,388,0.12352753900031838
2021-04-30,115,96,211,110,112,222,122,180,302,166,197,363,126,162,288,114,142,256,84,120,204,58,68,126,25,44,69,3,17,20,923,1138,2061,2061,469,0.22755943716642407
2021-05-01,81,72,153,102,78,180,150,158,308,176,192,368,159,196,355,113,142,255,85,95,180,46,57,103,20,44,64,1,5,6,933,1039,1972,1971,384,0.1948249619482496
2021-05-02,86,75,161,106,119,225,189,213,402,253,282,535,204,272,476,161,180,341,111,151,262,51,74,125,18,27,45,3,15,18,1182,1408,2590,2590,298,0.11505791505791506
2021-05-03,174,156,330,159,176,335,350,352,702,372,456,828,333,389,722,255,341,596,202,279,481,102,128,230,22,60,82,3,21,24,1972,2358,4330,4330,524,0.1210161662817552
2021-05-04,121,124,245,182,194,376,306,318,624,376,387,763,299,317,616,246,312,558,161,225,386,103,133,236,24,43,67,2,18,20,1820,2071,3891,3891,345,0.08866615265998458
2021-05-05,152,131,283,148,145,293,290,344,634,334,363,697,281,287,568,203,237,440,158,162,320,88,87,175,36,45,81,7,13,20,1697,1814,3511,3509,351,0.10002849814762041
2021-05-06,112,135,247,205,206,411,286,382,668,341,394,735,316,295,611,236,269,505,142,173,315,81,94,175,30,50,80,4,20,24,1753,2018,3771,3771,464,0.12304428533545479
2021-05-07,143,127,270,218,214,432,309,404,713,339,432,771,324,380,704,201,300,501,146,185,331,76,109,185,19,35,54,2,7,9,1777,2193,3970,3970,459,0.11561712846347608
2021-05-08,73,77,150,93,97,190,179,202,381,233,237,470,158,171,329,129,155,284,75,90,165,47,45,92,21,27,48,1,11,12,1009,1112,2121,2121,328,0.15464403583215464
2021-05-09,94,90,184,105,111,216,161,189,350,205,226,431,169,205,374,122,149,271,79,98,177,56,70,126,21,23,44,7,2,9,1019,1163,2182,2182,243,0.11136571952337306
2021-05-10,140,139,279,163,177,340,329,322,651,366,372,738,296,373,669,242,270,512,172,195,367,88,116,204,33,53,86,1,7,8,1830,2024,3854,3853,455,0.11808980015572282
2021-05-11,131,111,242,154,147,301,239,259,498,298,315,613,237,251,488,168,196,364,150,161,311,77,96,173,24,33,57,4,7,11,1482,1576,3058,3058,388,0.12688031393067364
2021-05-12,135,111,246,128,130,258,226,281,507,286,277,563,246,258,504,186,189,375,124,161,285,56,75,131,22,42,64,5,11,16,1414,1535,2949,2949,484,0.16412343167175314
2021-05-13,148,104,252,127,141,268,253,315,568,273,333,606,243,249,492,157,213,370,115,138,253,56,83,139,21,51,72,1,5,6,1394,1632,3026,3025,484,0.16
2021-05-14,143,154,297,161,216,377,327,360,687,389,409,798,262,370,632,238,264,502,150,197,347,77,95,172,35,44,79,5,7,12,1787,2116,3903,3903,504,0.1291314373558801
2021-05-15,111,114,225,121,160,281,213,288,501,262,323,585,236,284,520,181,188,369,111,143,254,47,55,102,20,33,53,1,14,15,1303,1602,2905,2905,402,0.13838209982788297
2021-05-16,84,100,184,97,129,226,178,183,361,213,257,470,204,219,423,154,180,334,102,119,221,46,64,110,16,37,53,1,16,17,1095,1304,2399,2399,317,0.13213839099624844
2021-05-17,212,191,403,226,219,445,355,429,784,467,509,976,363,440,803,307,376,683,193,230,423,115,152,267,42,72,114,3,16,19,2283,2634,4917,4916,566,0.11513425549227013
2021-05-18,186,179,365,225,232,457,410,390,800,456,469,925,436,445,881,304,316,620,189,227,416,99,110,209,35,50,85,4,9,13,2344,2427,4771,4771,517,0.10836302661915741
2021-05-19,194,156,350,229,237,466,411,465,876,482,488,970,409,419,828,279,353,632,211,227,438,95,114,209,34,44,78,8,18,26,2352,2521,4873,4873,409,0.08393186948491689
2021-05-20,194,198,392,247,291,538,472,513,985,511,511,1022,406,458,864,281,346,627,204,215,419,87,120,207,37,54,91,2,16,18,2441,2722,5163,5162,421,0.08155753583882216
2021-05-21,137,124,261,190,196,386,363,445,808,427,508,935,353,420,773,262,301,563,176,213,389,93,81,174,34,69,103,1,12,13,2036,2369,4405,4405,667,0.1514188422247446
2021-05-22,86,64,150,104,132,236,203,264,467,273,251,524,204,224,428,143,162,305,94,92,186,47,50,97,16,46,62,1,12,13,1171,1297,2468,2468,520,0.2106969205834684
2021-05-23,87,70,157,85,120,205,169,184,353,201,229,430,178,165,343,128,169,297,78,109,187,47,40,87,13,49,62,9,14,23,995,1149,2144,2144,326,0.15205223880597016
2021-05-24,113,95,208,147,182,329,288,269,557,313,363,676,281,330,611,243,319,562,144,187,331,91,104,195,24,48,72,3,11,14,1647,1908,3555,3555,364,0.10239099859353024
2021-05-25,94,72,166,131,133,264,281,302,583,278,322,600,266,267,533,228,245,473,137,167,304,73,85,158,19,38,57,5,11,16,1512,1642,3154,3153,295,0.0935616872819537
2021-05-26,137,115,252,191,203,394,389,386,775,400,416,816,336,388,724,313,331,644,160,217,377,94,113,207,33,69,102,8,9,17,2061,2247,4308,4308,394,0.0914577530176416
2021-05-27,102,113,215,123,165,288,292,352,644,353,358,711,262,260,522,235,298,533,139,174,313,89,88,177,29,38,67,1,16,17,1625,1862,3487,3486,431,0.1236374067699369
2021-05-28,137,125,262,178,236,414,364,408,772,397,422,819,374,410,784,328,381,709,195,251,446,84,104,188,27,52,79,4,11,15,2088,2400,4488,4488,418,0.09313725490196079
2021-05-29,92,80,172,111,130,241,221,272,493,306,299,605,271,265,536,166,212,378,109,132,241,48,75,123,21,43,64,4,17,21,1349,1525,2874,2874,350,0.12178148921363953
2021-05-30,66,67,133,96,98,194,201,238,439,232,245,477,207,204,411,125,166,291,89,97,186,35,60,95,17,26,43,4,9,13,1072,1210,2282,2282,252,0.11042944785276074
2021-05-31,118,115,233,169,174,343,350,370,720,401,395,796,333,371,704,201,264,465,153,190,343,99,123,222,33,62,95,0,16,16,1857,2080,3937,3936,376,0.09552845528455285
2021-06-01,135,123,258,163,183,346,302,331,633,368,366,734,283,354,637,223,289,512,173,206,379,92,108,200,40,45,85,4,12,16,1783,2017,3800,3800,381,0.10026315789473685
2021-06-02,160,124,284,178,188,366,320,376,696,355,433,788,319,346,665,216,266,482,152,208,360,99,115,214,35,49,84,7,18,25,1841,2123,3964,3962,414,0.10449268046441192
2021-06-03,135,140,275,192,186,378,334,350,684,391,440,831,337,352,689,224,288,512,175,201,376,90,117,207,35,30,65,4,17,21,1917,2121,4038,4036,370,0.09167492566897918
2021-06-04,185,174,359,203,208,411,365,430,795,395,426,821,359,376,735,272,367,639,175,225,400,99,139,238,33,62,95,2,12,14,2088,2419,4507,4507,431,0.09562902152207677
2021-06-05,108,96,204,109,123,232,203,267,470,247,286,533,218,242,460,165,184,349,90,105,195,54,86,140,20,32,52,5,14,19,1219,1435,2654,2654,397,0.14958553127354937
2021-06-06,108,120,228,115,122,237,198,225,423,228,265,493,216,224,440,177,191,368,91,123,214,52,67,119,15,29,44,0,14,14,1200,1380,2580,2580,257,0.0996124031007752
2021-06-07,155,178,333,171,190,361,325,371,696,400,409,809,320,392,712,252,327,579,185,236,421,125,179,304,38,110,148,9,34,43,1980,2426,4406,4406,440,0.09986382206082614
2021-06-08,185,164,349,160,182,342,312,382,694,403,389,792,310,348,658,263,319,582,153,179,332,88,150,238,28,55,83,4,17,21,1906,2185,4091,4091,338,0.0826203862136397
2021-06-09,173,169,342,191,176,367,360,398,758,405,456,861,324,373,697,261,314,575,162,199,361,99,114,213,38,63,101,4,19,23,2017,2281,4298,4296,379,0.08822160148975791
2021-06-10,155,171,326,180,205,385,350,429,779,419,472,891,316,375,691,236,317,553,152,205,357,109,135,244,32,50,82,7,20,27,1956,2379,4335,4331,385,0.08889401985684599
2021-06-11,146,152,298,151,187,338,362,432,794,381,481,862,356,445,801,243,295,538,176,195,371,93,142,235,34,78,112,7,19,26,1949,2426,4375,4375,537,0.12274285714285714
2021-06-12,119,111,230,129,122,251,249,274,523,284,318,602,241,263,504,168,229,397,115,146,261,61,92,153,26,37,63,4,11,15,1396,1603,2999,2999,290,0.09669889963321107
2021-06-13,127,132,259,134,127,261,204,212,416,253,263,516,237,269,506,158,211,369,112,124,236,46,63,109,19,34,53,6,11,17,1296,1446,2742,2742,265,0.09664478482859226
2021-06-14,188,162,350,204,205,409,324,434,758,402,450,852,346,418,764,258,318,576,162,240,402,116,139,255,33,60,93,17,23,40,2050,2449,4499,4498,377,0.0838150289017341
2021-06-15,199,189,388,224,201,425,370,389,759,411,477,888,329,433,762,254,320,574,170,202,372,93,113,206,42,51,93,3,19,22,2095,2394,4489,4489,356,0.07930496769881934
2021-06-16,197,182,379,208,199,407,347,409,756,416,463,879,331,414,745,218,283,501,166,189,355,89,114,203,33,50,83,1,14,15,2006,2317,4323,4323,319,0.0737913486005089
2021-06-17,185,178,363,211,230,441,398,455,853,455,552,1007,343,429,772,220,325,545,176,207,383,117,133,250,29,53,82,2,18,20,2136,2580,4716,4716,395,0.08375742154368108
2021-06-18,168,157,325,197,221,418,384,411,795,418,509,927,355,460,815,213,333,546,145,198,343,67,109,176,32,35,67,4,15,19,1983,2448,4431,4431,426,0.0961408259986459
2021-06-19,132,130,262,132,119,251,226,290,516,291,360,651,244,313,557,142,198,340,134,136,270,78,85,163,28,61,89,4,20,24,1411,1712,3123,3123,480,0.15369836695485112
2021-06-20,131,111,242,106,82,188,136,194,330,191,272,463,183,218,401,140,162,302,83,105,188,64,60,124,14,32,46,1,9,10,1049,1245,2294,2294,266,0.11595466434176112
2021-06-21,151,151,302,145,149,294,210,299,509,310,312,622,284,312,596,213,239,452,115,132,247,79,96,175,32,33,65,3,4,7,1542,1727,3269,3267,343,0.10498928680746862
2021-06-22,229,202,431,246,220,466,357,470,827,438,494,932,412,480,892,237,314,551,216,267,483,99,140,239,30,66,96,11,10,21,2275,2663,4938,4938,420,0.0850546780072904
2021-06-23,280,229,509,284,282,566,341,493,834,473,591,1064,438,587,1025,227,337,564,199,232,431,98,147,245,41,76,117,6,27,33,2387,3001,5388,5387,443,0.08223501020976424
2021-06-24,266,246,512,272,296,568,421,560,981,530,650,1180,454,552,1006,294,382,676,218,293,511,105,132,237,29,54,83,4,14,18,2593,3179,5772,5771,615,0.10656731935539768
2021-06-25,321,280,601,308,367,675,508,672,1180,630,867,1497,513,703,1216,387,491,878,255,356,611,137,188,325,43,74,117,9,20,29,3111,4018,7129,7128,997,0.1398709315375982
2021-06-26,155,154,309,170,190,360,261,310,571,339,427,766,304,372,676,209,241,450,163,208,371,86,121,207,30,49,79,5,16,21,1722,2088,3810,3810,390,0.10236220472440945
2021-06-27,190,168,358,143,176,319,238,286,524,312,373,685,275,355,630,185,210,395,131,145,276,75,92,167,23,46,69,1,10,11,1573,1861,3434,3434,385,0.11211415259172976
2021-06-28,222,183,405,153,150,303,239,315,554,353,401,754,286,338,624,201,225,426,152,151,303,75,104,179,39,39,78,2,17,19,1722,1923,3645,3644,475,0.13035126234906697
2021-06-29,215,254,469,245,257,502,373,500,873,493,549,1042,348,463,811,262,322,584,197,206,403,110,125,235,26,70,96,2,25,27,2271,2771,5042,5042,541,0.10729869099563666
2021-06-30,288,272,560,309,315,624,418,561,979,533,662,1195,411,483,894,275,416,691,182,254,436,104,111,215,34,62,96,5,20,25,2559,3156,5715,5715,471,0.08241469816272966
2021-07-01,219,217,436,271,266,537,391,559,950,475,611,1086,332,508,840,256,341,597,172,234,406,102,125,227,40,64,104,4,15,19,2262,2940,5202,5200,545,0.10480769230769231
2021-07-02,295,250,545,334,333,667,409,552,961,481,710,1191,339,565,904,253,375,628,183,259,442,112,144,256,36,57,93,5,18,23,2447,3263,5710,5708,621,0.1087946741415557
2021-07-03,181,200,381,169,220,389,249,350,599,342,412,754,277,363,640,186,230,416,145,171,316,70,99,169,24,47,71,7,18,25,1650,2110,3760,3760,525,0.13962765957446807
2021-07-04,182,208,390,171,176,347,192,303,495,285,367,652,233,314,547,186,246,432,110,139,249,54,87,141,18,39,57,4,11,15,1435,1890,3325,3325,422,0.1269172932330827
2021-07-05,347,304,651,288,299,587,425,548,973,556,677,1233,399,563,962,270,363,633,209,247,456,126,142,268,43,61,104,5,20,25,2668,3224,5892,5892,664,0.11269517990495587
2021-07-06,365,339,704,372,358,730,482,581,1063,551,727,1278,439,568,1007,278,391,669,185,247,432,115,155,270,37,66,103,4,28,32,2828,3460,6288,6288,563,0.08953562340966921
2021-07-07,337,293,630,331,363,694,495,598,1093,539,673,1212,459,522,981,295,372,667,174,227,401,98,99,197,30,63,93,9,15,24,2767,3225,5992,5991,532,0.08879986646636621
2021-07-08,316,319,635,393,431,824,603,685,1288,603,744,1347,491,706,1197,342,471,813,199,313,512,116,161,277,51,54,105,4,20,24,3118,3904,7022,7022,764,0.10880091142124751
2021-07-09,228,250,478,277,286,563,354,426,780,398,520,918,348,468,816,221,291,512,150,160,310,76,98,174,30,49,79,5,12,17,2087,2560,4647,4647,597,0.12846998063266624
2021-07-10,216,215,431,249,237,486,286,360,646,322,435,757,287,384,671,212,268,480,140,190,330,78,99,177,28,47,75,5,14,19,1823,2249,4072,4072,502,0.12328094302554027
2021-07-11,258,236,494,194,187,381,247,304,551,301,419,720,287,416,703,218,263,481,145,156,301,71,94,165,16,26,42,6,11,17,1743,2112,3855,3855,467,0.12114137483787289
2021-07-12,371,368,739,382,385,767,503,666,1169,618,704,1322,539,669,1208,324,468,792,272,257,529,120,158,278,41,55,96,11,23,34,3181,3753,6934,6934,647,0.09330833573694837
2021-07-13,378,305,683,347,405,752,524,616,1140,510,652,1162,467,596,1063,315,449,764,209,270,479,120,152,272,37,69,106,9,22,31,2916,3536,6452,6450,723,0.11209302325581395
2021-07-14,382,353,735,479,453,932,598,658,1256,540,743,1283,500,642,1142,326,451,777,234,252,486,109,130,239,32,51,83,4,14,18,3204,3747,6951,6948,608,0.08750719631548647
2021-07-15,324,285,609,486,477,963,589,693,1282,608,742,1350,567,778,1345,357,463,820,221,273,494,107,159,266,34,57,91,8,20,28,3301,3947,7248,7247,749,0.10335311163239962
2021-07-16,293,269,562,408,416,824,523,635,1158,539,697,1236,553,674,1227,300,415,715,191,265,456,91,143,234,35,58,93,3,18,21,2936,3590,6526,6526,617,0.09454489733374195
2021-07-17,207,217,424,266,295,561,312,409,721,351,484,835,308,392,700,215,274,489,134,153,287,86,99,185,18,27,45,6,13,19,1903,2363,4266,4264,570,0.13367729831144465
2021-07-18,201,175,376,215,237,452,268,359,627,312,400,712,290,351,641,224,259,483,114,131,245,75,92,167,28,43,71,4,7,11,1731,2054,3785,3784,387,0.10227272727272728
2021-07-19,259,244,503,278,301,579,464,558,1022,464,584,1048,432,526,958,307,431,738,216,278,494,113,152,265,46,57,103,4,7,11,2583,3138,5721,5721,594,0.1038280020975354
2021-07-20,269,243,512,253,289,542,382,506,888,430,521,951,383,486,869,262,335,597,193,229,422,100,146,246,35,62,97,7,21,28,2314,2838,5152,5152,536,0.10403726708074534
2021-07-21,287,274,561,355,354,709,466,598,1064,502,649,1151,447,610,1057,349,458,807,233,322,555,125,185,310,35,76,111,5,17,22,2804,3543,6347,6346,618,0.09738417901040025
2021-07-22,279,247,526,381,389,770,462,607,1069,589,704,1293,538,699,1237,357,450,807,200,273,473,110,134,244,34,62,96,6,14,20,2956,3579,6535,6535,624,0.0954858454475899
2021-07-23,219,189,408,271,317,588,344,449,793,429,547,976,408,468,876,287,339,626,156,203,359,81,128,209,23,48,71,5,17,22,2223,2705,4928,4926,616,0.12505075111652456
2021-07-24,188,188,376,261,359,620,321,408,729,454,509,963,425,511,936,274,320,594,145,228,373,90,98,188,28,41,69,3,9,12,2189,2671,4860,4859,486,0.10002058036633052
2021-07-25,153,172,325,294,341,635,245,329,574,420,507,927,486,571,1057,275,294,569,144,161,305,89,91,180,18,36,54,6,10,16,2130,2512,4642,4641,380,0.08187890540831717
2021-07-26,240,255,495,381,493,874,422,612,1034,590,772,1362,580,717,1297,379,459,838,223,323,546,117,191,308,37,71,108,8,19,27,2977,3912,6889,6889,546,0.07925678618086805
2021-07-27,176,167,343,215,294,509,338,399,737,343,450,793,353,382,735,187,268,455,139,179,318,82,117,199,30,50,80,3,15,18,1866,2321,4187,4185,448,0.10704898446833931
2021-07-28,200,170,370,255,341,596,389,444,833,429,506,935,380,470,850,254,298,552,180,228,408,102,111,213,28,44,72,6,8,14,2223,2620,4843,4843,454,0.09374354738798266
2021-07-29,195,172,367,272,282,554,339,455,794,426,507,933,366,460,826,229,278,507,174,205,379,82,121,203,25,33,58,5,19,24,2113,2532,4645,4639,468,0.10088381116619961
2021-07-30,216,197,413,351,365,716,475,592,1067,548,752,1300,483,644,1127,342,471,813,231,313,544,95,161,256,36,62,98,8,14,22,2785,3571,6356,6354,626,0.09852061693421467
2021-07-31,226,217,443,327,386,713,318,425,743,522,657,1179,591,673,1264,342,375,717,192,256,448,100,126,226,27,32,59,2,13,15,2647,3160,5807,5807,409,0.07043223695539866
2021-08-01,242,253,495,302,367,669,216,322,538,389,512,901,478,594,1072,243,304,547,138,180,318,76,111,187,26,59,85,7,9,16,2117,2711,4828,4827,409,0.08473171742282992
2021-08-02,332,278,610,396,421,817,367,501,868,546,659,1205,527,724,1251,334,470,804,279,327,606,115,176,291,43,72,115,5,19,24,2944,3647,6591,6590,610,0.09256449165402124
2021-08-03,307,303,610,327,421,748,381,533,914,466,603,1069,476,623,1099,328,448,776,246,326,572,158,204,362,37,58,95,4,16,20,2730,3535,6265,6263,645,0.10298578955771995
2021-08-04,313,275,588,296,313,609,380,451,831,434,519,953,334,468,802,249,348,597,196,268,464,89,160,249,26,56,82,2,14,16,2319,2872,5191,5189,565,0.1088841780689921
2021-08-05,309,327,636,313,389,702,486,622,1108,520,623,1143,477,580,1057,319,428,747,228,287,515,118,155,273,36,63,99,9,13,22,2815,3487,6302,6298,584,0.0927278501111464
2021-08-06,353,298,651,417,392,809,493,608,1101,551,659,1210,473,599,1072,301,457,758,261,361,622,121,211,332,41,46,87,4,12,16,3015,3643,6658,6658,633,0.09507359567437669
2021-08-07,199,229,428,244,294,538,311,354,665,352,378,730,294,365,659,211,277,488,150,220,370,81,144,225,22,48,70,6,5,11,1870,2314,4184,4181,490,0.11719684286055967
2021-08-08,276,248,524,250,277,527,218,290,508,281,364,645,308,393,701,200,257,457,157,191,348,73,86,159,15,45,60,4,10,14,1782,2161,3943,3943,474,0.12021303575957393
2021-08-09,408,367,775,287,337,624,364,556,920,473,528,1001,379,475,854,290,392,682,206,260,466,119,135,254,42,57,99,10,17,27,2578,3124,5702,5701,603,0.10577091738291527
2021-08-10,444,382,826,386,358,744,419,574,993,425,570,995,396,489,885,295,364,659,222,278,500,110,156,266,38,52,90,1,13,14,2736,3236,5972,5968,772,0.12935656836461126
2021-08-11,396,393,789,408,455,863,462,595,1057,503,612,1115,417,586,1003,292,402,694,213,255,468,115,145,260,40,65,105,11,22,33,2857,3530,6387,6386,647,0.10131537738803632
2021-08-12,382,378,760,339,399,738,406,530,936,419,551,970,411,517,928,255,361,616,175,195,370,105,122,227,37,54,91,8,13,21,2537,3120,5657,5657,644,0.11384125861764186
2021-08-13,485,422,907,530,549,1079,459,633,1092,573,697,1270,421,604,1025,302,430,732,211,308,519,134,168,302,41,63,104,5,14,19,3161,3888,7049,7048,704,0.09988649262202043
2021-08-14,278,287,565,325,307,632,260,350,610,340,419,759,316,437,753,206,295,501,142,192,334,92,106,198,24,41,65,4,9,13,1987,2443,4430,4430,669,0.15101580135440182
2021-08-15,260,267,527,238,248,486,208,264,472,272,363,635,276,312,588,214,258,472,137,171,308,79,104,183,19,43,62,2,12,14,1705,2042,3747,3747,467,0.12463303976514545
2021-08-16,331,319,650,302,300,602,229,332,561,315,397,712,314,408,722,223,255,478,127,175,302,95,101,196,27,34,61,7,13,20,1970,2334,4304,4304,544,0.12639405204460966
2021-08-17,511,436,947,500,501,1001,433,585,1018,570,650,1220,427,590,1017,346,426,772,228,287,515,124,158,282,34,77,111,5,22,27,3178,3732,6910,6909,785,0.11361991605152699
2021-08-18,504,507,1011,509,483,992,378,536,914,517,659,1176,429,525,954,274,415,689,198,270,468,122,171,293,32,81,113,13,22,35,2976,3669,6645,6645,755,0.11361926260346125
2021-08-19,492,441,933,458,484,942,399,584,983,525,636,1161,410,560,970,302,357,659,194,261,455,89,125,214,32,48,80,7,12,19,2908,3508,6416,6416,813,0.126714463840399
2021-08-20,591,543,1134,560,601,1161,442,577,1019,484,672,1156,419,612,1031,288,428,716,207,286,493,113,178,291,34,65,99,9,17,26,3147,3979,7126,7122,795,0.11162594776748104
2021-08-21,319,342,661,294,319,613,281,404,685,383,506,889,322,443,765,227,314,541,154,218,372,85,123,208,31,47,78,3,13,16,2099,2729,4828,4828,687,0.14229494614747307
2021-08-22,429,418,847,301,315,616,234,315,549,368,486,854,324,455,779,250,304,554,165,218,383,101,110,211,26,36,62,6,14,20,2204,2671,4875,4875,753,0.15446153846153846
2021-08-23,784,763,1547,578,578,1156,445,601,1046,575,738,1313,479,670,1149,330,426,756,244,341,585,141,184,325,37,65,102,4,16,20,3617,4382,7999,7996,944,0.11805902951475739
2021-08-24,796,768,1564,567,544,1111,431,557,988,512,729,1241,432,600,1032,292,431,723,219,312,531,104,144,248,50,60,110,5,18,23,3408,4163,7571,7571,898,0.11861048738607846
2021-08-25,788,737,1525,517,499,1016,353,528,881,481,763,1244,436,631,1067,302,406,708,230,333,563,147,154,301,39,39,78,5,29,34,3298,4119,7417,7415,905,0.12204989885367498
2021-08-26,804,766,1570,572,573,1145,424,630,1054,542,766,1308,457,636,1093,290,414,704,228,298,526,136,180,316,44,62,106,5,19,24,3502,4344,7846,7846,769,0.09801172572011216
2021-08-27,882,795,1677,588,697,1285,397,599,996,556,806,1362,501,734,1235,332,460,792,230,314,544,126,170,296,39,72,111,4,13,17,3655,4660,8315,8315,776,0.09332531569452795
2021-08-28,503,420,923,284,294,578,261,369,630,394,480,874,296,448,744,228,283,511,155,209,364,70,106,176,37,45,82,5,7,12,2233,2661,4894,4894,643,0.13138536984062116
2021-08-29,528,502,1030,239,297,536,183,265,448,318,403,721,296,405,701,197,257,454,146,167,313,73,100,173,32,39,71,2,8,10,2014,2443,4457,4456,608,0.13644524236983843
2021-08-30,926,834,1760,526,518,1044,349,493,842,502,694,1196,469,570,1039,284,388,672,210,303,513,122,162,284,54,62,116,4,21,25,3446,4045,7491,7491,795,0.10612735282338806
2021-08-31,1016,923,1939,647,599,1246,409,604,1013,521,648,1169,478,628,1106,303,426,729,232,319,551,136,182,318,35,68,103,7,18,25,3784,4415,8199,8198,703,0.08575262259087582
2021-09-01,938,861,1799,622,595,1217,408,504,912,516,708,1224,425,574,999,278,368,646,216,263,479,106,166,272,39,70,109,2,18,20,3550,4127,7677,7677,637,0.08297512048977465
2021-09-02,772,718,1490,491,502,993,333,432,765,491,594,1085,350,601,951,257,335,592,188,246,434,116,128,244,29,46,75,6,13,19,3033,3615,6648,6647,555,0.08349631412667369
2021-09-03,648,580,1228,527,571,1098,409,522,931,502,681,1183,457,638,1095,284,422,706,244,302,546,130,183,313,39,55,94,2,9,11,3242,3963,7205,7205,743,0.10312283136710618
2021-09-04,464,409,873,266,294,560,230,321,551,368,475,843,343,418,761,233,310,543,167,211,378,98,129,227,28,52,80,3,12,15,2200,2631,4831,4831,685,0.14179258952597806
2021-09-05,500,473,973,315,328,643,290,404,694,460,619,1079,401,520,921,277,359,636,186,244,430,128,134,262,31,40,71,8,16,24,2596,3137,5733,5732,575,0.10031402651779484
2021-09-06,958,967,1925,591,609,1200,531,745,1276,681,928,1609,642,829,1471,424,608,1032,308,378,686,199,195,394,45,82,127,8,24,32,4387,5365,9752,9750,935,0.09589743589743589
2021-09-07,855,889,1744,574,659,1233,432,612,1044,555,765,1320,505,706,1211,344,470,814,254,315,569,117,189,306,44,68,112,7,28,35,3687,4701,8388,8387,772,0.09204721592941457
2021-09-08,645,675,1320,565,535,1100,376,488,864,547,679,1226,435,620,1055,323,397,720,208,268,476,111,128,239,39,49,88,8,14,22,3257,3853,7110,7109,797,0.11211140807427204
2021-09-09,682,645,1327,480,462,942,339,546,885,450,596,1046,395,616,1011,273,413,686,213,242,455,126,156,282,41,57,98,4,18,22,3003,3751,6754,6750,714,0.10577777777777778
2021-09-10,702,666,1368,608,715,1323,636,1040,1676,828,1214,2042,786,1237,2023,613,886,1499,391,615,1006,169,252,421,67,60,127,6,16,22,4806,6701,11507,11505,790,0.0686657974793568
2021-09-11,432,439,871,368,413,781,504,668,1172,622,826,1448,584,774,1358,431,558,989,295,398,693,134,187,321,38,35,73,8,8,16,3416,4306,7722,7721,911,0.11798989768164746
2021-09-12,412,380,792,232,288,520,230,298,528,350,438,788,327,396,723,230,296,526,154,203,357,91,121,212,27,27,54,6,11,17,2059,2458,4517,4517,599,0.13261013947310163
2021-09-13,835,785,1620,547,583,1130,439,656,1095,623,869,1492,598,746,1344,364,580,944,296,342,638,177,218,395,47,85,132,10,20,30,3936,4884,8820,8820,818,0.0927437641723356
2021-09-14,825,746,1571,495,538,1033,407,565,972,536,753,1289,465,666,1131,339,493,832,248,328,576,164,187,351,32,71,103,7,15,22,3518,4362,7880,7876,1086,0.13788725241239208
2021-09-15,643,601,1244,462,489,951,309,525,834,455,690,1145,427,615,1042,272,359,631,217,287,504,113,142,255,37,63,100,9,29,38,2944,3800,6744,6740,780,0.11572700296735905
2021-09-16,611,542,1153,489,515,1004,380,522,902,484,770,1254,480,703,1183,307,429,736,190,302,492,128,177,305,47,69,116,13,19,32,3129,4048,7177,7175,666,0.09282229965156795
2021-09-17,794,730,1524,633,643,1276,408,657,1065,572,857,1429,491,714,1205,341,561,902,249,313,562,164,203,367,40,79,119,6,11,17,3698,4768,8466,8464,821,0.09699905482041588
2021-09-18,432,389,821,270,306,576,268,407,675,380,523,903,355,463,818,219,300,519,211,271,482,110,139,249,38,47,85,4,13,17,2287,2858,5145,5145,745,0.14480077745383868
2021-09-19,495,448,943,256,270,526,242,344,586,372,480,852,353,425,778,223,297,520,180,203,383,78,118,196,24,53,77,4,9,13,2227,2647,4874,4873,606,0.12435871126616048
2021-09-20,888,870,1758,680,731,1411,363,551,914,616,739,1355,508,681,1189,343,505,848,285,329,614,140,183,323,38,68,106,10,11,21,3871,4668,8539,8538,822,0.09627547434996486
2021-09-21,725,683,1408,360,378,738,334,535,869,490,616,1106,450,546,996,295,414,709,255,292,547,149,169,318,43,62,105,5,9,14,3106,3704,6810,6806,699,0.10270349691448721
2021-09-22,796,661,1457,642,650,1292,343,518,861,503,718,1221,421,614,1035,265,440,705,228,307,535,134,150,284,29,63,92,9,18,27,3370,4139,7509,7504,700,0.09328358208955224
2021-09-23,666,657,1323,672,715,1387,334,555,889,509,741,1250,412,669,1081,308,461,769,249,340,589,148,162,310,52,71,123,11,30,41,3361,4401,7762,7760,700,0.09020618556701031
2021-09-24,623,638,1261,434,418,852,328,465,793,431,575,1006,388,553,941,238,397,635,215,280,495,113,168,281,36,59,95,5,8,13,2811,3561,6372,6372,724,0.11362209667294414
2021-09-25,393,352,745,214,230,444,196,299,495,320,410,730,299,359,658,221,245,466,166,208,374,91,114,205,26,43,69,2,15,17,1928,2275,4203,4202,882,0.20990004759638267
2021-09-26,418,393,811,209,230,439,176,263,439,291,401,692,321,370,691,201,287,488,176,197,373,79,91,170,27,38,65,2,12,14,1900,2282,4182,4182,452,0.10808225729316116
2021-09-27,789,703,1492,624,523,1147,323,500,823,533,673,1206,471,579,1050,289,419,708,247,345,592,156,182,338,33,64,97,12,20,32,3477,4008,7485,7484,756,0.10101549973276323
2021-09-28,785,677,1462,667,741,1408,279,476,755,455,651,1106,423,601,1024,301,380,681,224,292,516,131,133,264,25,57,82,4,16,20,3294,4024,7318,7317,709,0.0968976356430231
2021-09-29,692,594,1286,560,598,1158,335,483,818,444,670,1114,406,536,942,286,381,667,218,272,490,135,173,308,45,50,95,7,11,18,3128,3768,6896,6893,530,0.07688959814304366
2021-09-30,520,520,1040,583,656,1239,287,400,687,399,512,911,352,473,825,233,302,535,154,232,386,96,131,227,29,70,99,4,12,16,2657,3308,5965,5963,383,0.06422941472413214
2021-10-01,600,483,1083,682,701,1383,320,439,759,416,646,1062,384,564,948,289,383,672,194,267,461,115,142,257,44,63,107,3,14,17,3047,3702,6749,6748,537,0.07957913455838767
2021-10-02,280,270,550,183,211,394,140,222,362,204,327,531,203,254,457,129,176,305,96,138,234,76,78,154,17,27,44,2,3,5,1330,1706,3036,3036,300,0.09881422924901186
2021-10-03,149,118,267,100,111,211,117,175,292,141,192,333,124,188,312,91,124,215,57,78,135,31,38,69,8,12,20,0,3,3,818,1039,1857,1857,117,0.0630048465266559
2021-10-04,20,17,37,19,20,39,10,17,27,31,23,54,23,25,48,16,12,28,9,19,28,9,7,16,3,1,4,1,2,3,141,143,284,284,0,0.0
2021-10-05,0,0,0,0,0,0,0,0,0,0,0,0,0,0,0,0,0,0,0,0,0,0,0,0,0,0,0,0,0,0,0,0,0,0,0,
