FECHA,<=10M,<=10F,<=10,11-20M,11-20F,11-20,21-30M,21-30F,21-30,31-40M,31-40F,31-40,41-50M,41-50F,41-50,51-60M,51-60F,51-60,61-70M,61-70F,61-70,71-80M,71-80F,71-80,81-90M,81-90F,81-90,>=91M,>=91F,>=91,TotalM,TotalF,Total
2020-03-15,1,0,1,1,2,3,0,2,2,2,1,3,1,1,2,1,0,1,1,1,2,1,0,1,0,0,0,0,0,0,8,7,15
2020-03-16,2,3,5,3,3,6,1,6,7,3,2,5,1,3,4,4,2,6,3,4,7,1,0,1,0,0,0,0,0,0,18,23,41
2020-03-17,3,7,10,4,5,9,3,7,10,5,5,10,3,7,10,4,4,8,5,6,11,3,3,6,1,0,1,0,0,0,31,44,75
2020-03-18,6,8,14,5,5,10,4,7,11,7,6,13,4,10,14,5,5,10,6,8,14,4,3,7,2,0,2,0,0,0,43,52,95
2020-03-19,9,9,18,5,5,10,7,9,16,10,9,19,6,11,17,5,5,10,7,9,16,5,4,9,2,0,2,1,0,1,57,61,118
2020-03-20,10,10,20,6,5,11,9,10,19,11,12,23,6,13,19,5,6,11,9,10,19,6,6,12,3,0,3,1,0,1,66,72,138
2020-03-21,11,10,21,8,6,14,11,14,25,15,14,29,8,14,22,6,6,12,11,12,23,7,7,14,4,0,4,2,0,2,83,83,166
2020-03-22,14,11,25,8,6,14,15,16,31,15,14,29,9,14,23,8,7,15,11,15,26,9,8,17,7,2,9,2,1,3,98,94,192
2020-03-23,18,12,30,9,8,17,17,19,36,19,17,36,11,17,28,10,10,20,13,18,31,14,11,25,10,5,15,2,3,5,123,120,243
2020-03-24,21,13,34,9,9,18,19,22,41,22,19,41,11,20,31,12,12,24,13,18,31,16,11,27,12,6,18,3,3,6,138,133,271
2020-03-25,22,17,39,9,11,20,22,25,47,24,26,50,12,21,33,13,15,28,16,19,35,18,13,31,14,11,25,5,3,8,155,161,316
2020-03-26,26,20,46,11,13,24,24,27,51,28,30,58,15,25,40,17,18,35,17,24,41,22,16,38,20,11,31,6,4,10,186,188,374
2020-03-27,30,23,53,11,15,26,25,29,54,34,31,65,18,31,49,19,21,40,22,30,52,27,22,49,23,14,37,8,9,17,217,225,442
2020-03-28,32,24,56,11,15,26,28,31,59,38,34,72,19,32,51,24,23,47,26,30,56,31,29,60,26,15,41,8,9,17,243,242,485
2020-03-29,34,24,58,13,16,29,30,34,64,41,37,78,22,35,57,25,23,48,32,34,66,35,31,66,30,16,46,10,10,20,272,260,532
2020-03-30,37,26,63,13,16,29,32,41,73,48,39,87,27,39,66,28,25,53,39,36,75,38,37,75,34,17,51,13,12,25,309,288,597
2020-03-31,46,30,76,14,17,31,39,44,83,60,44,104,34,44,78,33,27,60,45,39,84,45,40,85,36,21,57,17,12,29,369,318,687
2020-04-01,57,40,97,15,20,35,48,48,96,71,47,118,49,51,100,38,37,75,50,42,92,53,44,97,42,26,68,17,13,30,440,368,808
2020-04-02,68,49,117,17,24,41,56,55,111,79,52,131,52,60,112,41,52,93,59,49,108,61,50,111,47,33,80,20,16,36,500,440,940
2020-04-03,90,58,148,22,28,50,64,62,126,87,65,152,63,73,136,47,60,107,67,54,121,68,55,123,53,39,92,21,21,42,582,515,1097
2020-04-04,101,73,174,26,32,58,68,69,137,94,80,174,74,78,152,55,61,116,73,57,130,70,60,130,57,41,98,22,24,46,640,575,1215
2020-04-05,110,83,193,31,37,68,76,71,147,101,89,190,84,86,170,60,69,129,75,68,143,76,68,144,60,45,105,24,26,50,697,642,1339
2020-04-06,122,93,215,36,42,78,86,77,163,114,96,210,97,91,188,71,76,147,83,77,160,86,73,159,67,49,116,25,29,54,787,703,1490
2020-04-07,135,105,240,41,46,87,93,82,175,123,105,228,104,98,202,81,79,160,87,82,169,95,82,177,73,59,132,27,30,57,859,768,1627
2020-04-08,147,115,262,45,49,94,99,93,192,130,110,240,113,105,218,90,88,178,96,91,187,106,87,193,74,63,137,30,34,64,930,835,1765
2020-04-09,152,121,273,48,53,101,104,101,205,145,121,266,118,116,234,100,97,197,103,95,198,113,97,210,79,71,150,34,39,73,996,911,1907
2020-04-10,172,128,300,54,57,111,106,107,213,151,127,278,130,118,248,104,104,208,111,97,208,114,107,221,84,80,164,35,43,78,1061,968,2029
2020-04-11,182,135,317,60,62,122,114,114,228,162,133,295,137,122,259,108,111,219,115,104,219,121,110,231,88,88,176,36,46,82,1123,1025,2148
2020-04-12,192,143,335,63,62,125,119,120,239,172,140,312,141,129,270,119,115,234,118,109,227,125,119,244,92,92,184,36,48,84,1177,1077,2254
2020-04-13,201,155,356,72,67,139,130,131,261,180,154,334,150,139,289,125,122,247,128,117,245,131,128,259,101,104,205,39,53,92,1257,1170,2427
2020-04-14,219,161,380,76,68,144,143,138,281,191,160,351,159,150,309,137,132,269,135,123,258,140,133,273,108,109,217,42,57,99,1350,1231,2581
2020-04-15,228,168,396,80,75,155,150,145,295,199,169,368,167,165,332,145,146,291,145,129,274,151,138,289,114,116,230,47,60,107,1426,1311,2737
2020-04-16,243,173,416,86,80,166,159,153,312,213,186,399,180,181,361,153,160,313,149,137,286,158,142,300,118,121,239,47,64,111,1506,1397,2903
2020-04-17,260,185,445,92,87,179,164,160,324,224,210,434,195,193,388,164,171,335,156,146,302,174,153,327,123,128,251,48,67,115,1600,1500,3100
2020-04-18,273,196,469,98,90,188,177,168,345,245,221,466,206,199,405,171,175,346,159,150,309,181,163,344,128,138,266,51,71,122,1689,1571,3260
2020-04-19,285,207,492,102,93,195,183,172,355,256,227,483,214,206,420,176,185,361,169,158,327,186,171,357,133,145,278,52,72,124,1756,1636,3392
2020-04-20,302,218,520,114,103,217,200,183,383,270,239,509,228,217,445,191,196,387,182,169,351,202,183,385,144,155,299,57,86,143,1890,1749,3639
2020-04-21,316,227,543,122,113,235,216,191,407,281,260,541,235,225,460,199,206,405,191,176,367,217,195,412,151,165,316,59,96,155,1987,1854,3841
2020-04-22,331,239,570,126,120,246,225,204,429,296,266,562,249,234,483,207,219,426,204,182,386,222,208,430,160,177,337,66,102,168,2086,1951,4037
2020-04-23,349,255,604,131,124,255,234,220,454,309,278,587,260,247,507,213,235,448,212,190,402,233,216,449,171,188,359,72,111,183,2184,2064,4248
2020-04-24,369,267,636,138,131,269,247,234,481,326,295,621,270,259,529,222,247,469,220,201,421,244,228,472,182,203,385,74,114,188,2292,2179,4471
2020-04-25,383,277,660,142,133,275,254,244,498,340,305,645,276,269,545,227,255,482,226,206,432,250,235,485,193,220,413,78,118,196,2369,2262,4631
2020-04-26,396,294,690,148,141,289,261,249,510,346,309,655,285,277,562,231,261,492,235,214,449,257,241,498,200,227,427,79,122,201,2438,2335,4773
2020-04-27,410,309,719,154,145,299,270,260,530,353,328,681,290,296,586,245,274,519,243,222,465,277,249,526,210,243,453,82,126,208,2534,2452,4986
2020-04-28,431,319,750,161,150,311,287,274,561,368,343,711,302,315,617,253,286,539,250,230,480,280,261,541,216,258,474,84,130,214,2632,2566,5198
2020-04-29,457,331,788,167,156,323,304,284,588,390,367,757,316,328,644,262,299,561,257,237,494,292,268,560,220,272,492,88,140,228,2753,2682,5435
2020-04-30,478,342,820,176,159,335,314,294,608,404,380,784,330,338,668,275,313,588,267,247,514,300,280,580,233,290,523,94,148,242,2871,2791,5662
2020-05-01,481,358,839,182,164,346,315,302,617,418,394,812,343,348,691,285,319,604,277,253,530,307,290,597,242,301,543,94,150,244,2944,2879,5823
2020-05-02,488,375,863,188,171,359,326,307,633,429,402,831,350,355,705,295,322,617,281,259,540,315,292,607,248,313,561,95,154,249,3015,2950,5965
2020-05-03,496,388,884,193,175,368,333,314,647,440,409,849,358,362,720,303,325,628,289,264,553,321,302,623,255,321,576,98,159,257,3086,3019,6105
2020-05-04,519,409,928,198,179,377,347,327,674,456,424,880,368,374,742,314,330,644,299,276,575,336,320,656,263,337,600,100,164,264,3200,3140,6340
2020-05-05,536,422,958,208,182,390,362,342,704,469,440,909,377,392,769,325,339,664,311,284,595,351,331,682,270,353,623,101,173,274,3310,3258,6568
2020-05-06,550,440,990,214,185,399,380,349,729,485,460,945,400,403,803,334,347,681,323,297,620,370,347,717,278,368,646,105,179,284,3439,3375,6814
2020-05-07,568,454,1022,226,192,418,397,362,759,500,476,976,420,417,837,340,356,696,332,306,638,388,355,743,287,382,669,106,186,292,3564,3486,7050
2020-05-08,589,467,1056,234,198,432,412,370,782,515,494,1009,441,436,877,359,363,722,342,318,660,401,365,766,297,394,691,109,198,307,3699,3603,7302
2020-05-09,610,479,1089,238,200,438,420,387,807,523,507,1030,451,449,900,366,369,735,349,325,674,414,368,782,302,406,708,114,207,321,3787,3697,7484
2020-05-10,619,489,1108,240,204,444,431,398,829,529,518,1047,458,461,919,369,375,744,360,333,693,422,381,803,308,419,727,115,212,327,3851,3790,7641
2020-05-11,640,509,1149,248,209,457,442,415,857,546,535,1081,476,480,956,380,385,765,371,341,712,435,392,827,320,436,756,119,230,349,3977,3932,7909
2020-05-12,662,521,1183,257,219,476,473,441,914,573,553,1126,487,499,986,387,393,780,383,353,736,443,401,844,330,451,781,124,243,367,4119,4074,8193
2020-05-13,690,540,1230,267,229,496,498,459,957,593,576,1169,506,509,1015,399,406,805,393,364,757,453,411,864,338,468,806,125,251,376,4262,4213,8475
2020-05-14,714,570,1284,279,248,527,512,489,1001,620,605,1225,520,519,1039,412,426,838,407,377,784,463,422,885,350,484,834,127,264,391,4404,4404,8808
2020-05-15,736,594,1330,287,254,541,520,507,1027,643,631,1274,533,545,1078,429,436,865,418,386,804,471,428,899,359,506,865,132,274,406,4528,4561,9089
2020-05-16,752,612,1364,295,263,558,528,525,1053,655,655,1310,544,558,1102,437,446,883,425,393,818,481,435,916,365,514,879,136,286,422,4618,4687,9305
2020-05-17,775,625,1400,299,272,571,543,539,1082,668,671,1339,555,571,1126,442,450,892,433,400,833,488,440,928,377,527,904,138,290,428,4718,4785,9503
2020-05-18,799,653,1452,310,289,599,578,568,1146,694,706,1400,573,595,1168,463,465,928,449,416,865,505,454,959,394,540,934,139,301,440,4904,4987,9891
2020-05-19,823,674,1497,325,307,632,609,600,1209,734,737,1471,605,618,1223,485,481,966,469,430,899,519,477,996,406,562,968,144,311,455,5119,5197,10316
2020-05-20,857,720,1577,343,325,668,645,631,1276,786,772,1558,633,640,1273,503,496,999,492,448,940,534,488,1022,418,580,998,150,315,465,5361,5415,10776
2020-05-21,896,757,1653,364,343,707,685,672,1357,821,820,1641,659,666,1325,525,510,1035,509,455,964,549,497,1046,428,598,1026,151,319,470,5587,5637,11224
2020-05-22,936,776,1712,383,364,747,722,710,1432,853,856,1709,687,688,1375,543,523,1066,519,465,984,559,508,1067,436,615,1051,157,331,488,5795,5836,11631
2020-05-23,959,797,1756,401,383,784,752,738,1490,888,879,1767,702,706,1408,552,535,1087,533,476,1009,567,522,1089,445,622,1067,159,333,492,5958,5991,11949
2020-05-24,976,819,1795,412,393,805,771,752,1523,905,901,1806,713,711,1424,562,540,1102,545,486,1031,579,531,1110,451,636,1087,161,339,500,6075,6108,12183
2020-05-25,1009,846,1855,433,423,856,797,789,1586,928,927,1855,735,729,1464,567,549,1116,555,495,1050,589,538,1127,461,650,1111,163,348,511,6237,6294,12531
2020-05-26,1055,885,1940,460,447,907,852,848,1700,983,976,1959,759,770,1529,585,577,1162,571,503,1074,603,545,1148,473,664,1137,167,359,526,6508,6574,13082
2020-05-27,1104,928,2032,473,466,939,883,889,1772,1018,1013,2031,784,792,1576,607,597,1204,582,512,1094,611,562,1173,477,679,1156,171,361,532,6710,6799,13509
2020-05-28,1134,973,2107,496,481,977,924,942,1866,1051,1055,2106,814,824,1638,624,619,1243,591,528,1119,625,570,1195,491,700,1191,175,372,547,6925,7064,13989
2020-05-29,1179,1009,2188,519,501,1020,970,988,1958,1089,1111,2200,848,858,1706,643,642,1285,609,543,1152,643,585,1228,506,717,1223,176,376,552,7182,7330,14512
2020-05-30,1214,1036,2250,536,516,1052,1014,1020,2034,1127,1133,2260,868,882,1750,659,657,1316,621,554,1175,655,596,1251,514,731,1245,177,383,560,7385,7508,14893
2020-05-31,1243,1054,2297,553,529,1082,1030,1039,2069,1154,1147,2301,884,896,1780,666,669,1335,629,561,1190,666,602,1268,521,741,1262,177,390,567,7523,7628,15151
2020-06-01,1285,1088,2373,580,550,1130,1065,1095,2160,1186,1192,2378,907,928,1835,688,688,1376,654,580,1234,678,611,1289,530,752,1282,181,393,574,7754,7877,15631
2020-06-02,1331,1125,2456,603,576,1179,1109,1133,2242,1219,1228,2447,929,954,1883,704,712,1416,668,591,1259,703,625,1328,539,771,1310,185,406,591,7990,8121,16111
2020-06-03,1372,1152,2524,620,613,1233,1148,1170,2318,1250,1276,2526,958,989,1947,718,727,1445,688,606,1294,721,637,1358,551,787,1338,187,415,602,8213,8372,16585
2020-06-04,1414,1190,2604,643,642,1285,1189,1210,2399,1271,1318,2589,983,1012,1995,748,750,1498,701,616,1317,743,650,1393,562,808,1370,189,424,613,8443,8620,17063
2020-06-05,1460,1232,2692,659,666,1325,1231,1251,2482,1309,1364,2673,1023,1045,2068,778,778,1556,721,631,1352,762,665,1427,575,831,1406,192,434,626,8710,8897,17607
2020-06-06,1496,1259,2755,677,679,1356,1253,1280,2533,1343,1403,2746,1043,1067,2110,793,794,1587,734,646,1380,775,673,1448,587,850,1437,193,444,637,8894,9095,17989
2020-06-07,1522,1284,2806,695,694,1389,1281,1307,2588,1365,1433,2798,1065,1076,2141,806,806,1612,743,651,1394,784,680,1464,598,861,1459,195,452,647,9054,9244,18298
2020-06-08,1559,1322,2881,719,723,1442,1332,1346,2678,1413,1486,2899,1105,1107,2212,827,834,1661,761,668,1429,804,695,1499,610,881,1491,198,461,659,9328,9523,18851
2020-06-09,1620,1360,2980,746,749,1495,1359,1396,2755,1460,1529,2989,1143,1142,2285,854,850,1704,774,680,1454,818,721,1539,622,913,1535,202,477,679,9598,9817,19415
2020-06-10,1649,1405,3054,762,770,1532,1412,1429,2841,1507,1579,3086,1183,1174,2357,882,882,1764,798,701,1499,840,750,1590,629,933,1562,208,493,701,9870,10116,19986
2020-06-11,1693,1451,3144,781,797,1578,1454,1477,2931,1559,1630,3189,1210,1216,2426,902,919,1821,812,727,1539,857,770,1627,637,962,1599,212,508,720,10117,10457,20574
2020-06-12,1743,1502,3245,800,829,1629,1518,1529,3047,1614,1704,3318,1255,1270,2525,932,948,1880,845,751,1596,875,787,1662,645,984,1629,218,518,736,10445,10822,21267
2020-06-13,1780,1532,3312,827,851,1678,1563,1579,3142,1656,1750,3406,1272,1310,2582,958,971,1929,859,761,1620,888,797,1685,654,1003,1657,220,524,744,10677,11078,21755
2020-06-14,1804,1568,3372,848,878,1726,1596,1606,3202,1681,1779,3460,1294,1329,2623,975,996,1971,871,768,1639,893,814,1707,668,1023,1691,220,532,752,10850,11293,22143
2020-06-15,1844,1605,3449,879,906,1785,1636,1646,3282,1713,1817,3530,1315,1355,2670,990,1014,2004,887,774,1661,905,827,1732,677,1038,1715,222,542,764,11068,11524,22592
2020-06-16,1902,1669,3571,906,935,1841,1713,1709,3422,1777,1871,3648,1367,1392,2759,1017,1044,2061,904,791,1695,922,835,1757,691,1064,1755,225,557,782,11424,11867,23291
2020-06-17,1949,1721,3670,934,972,1906,1780,1764,3544,1829,1940,3769,1411,1438,2849,1051,1064,2115,925,810,1735,933,856,1789,710,1081,1791,227,566,793,11749,12212,23961
2020-06-18,2007,1772,3779,962,994,1956,1856,1838,3694,1895,2017,3912,1472,1473,2945,1094,1096,2190,947,835,1782,953,873,1826,723,1105,1828,230,577,807,12139,12580,24719
2020-06-19,2068,1811,3879,982,1031,2013,1915,1903,3818,1979,2093,4072,1518,1529,3047,1146,1137,2283,979,856,1835,975,894,1869,741,1128,1869,237,590,827,12540,12972,25512
2020-06-20,2103,1856,3959,1003,1058,2061,1960,1939,3899,2028,2135,4163,1548,1576,3124,1164,1169,2333,1001,873,1874,987,904,1891,749,1145,1894,243,596,839,12786,13251,26037
2020-06-21,2141,1883,4024,1023,1079,2102,1993,1989,3982,2054,2183,4237,1573,1597,3170,1182,1181,2363,1012,885,1897,998,912,1910,756,1154,1910,244,603,847,12976,13466,26442
2020-06-22,2200,1932,4132,1055,1119,2174,2050,2057,4107,2120,2245,4365,1625,1652,3277,1217,1226,2443,1033,910,1943,1019,928,1947,764,1180,1944,246,616,862,13329,13865,27194
2020-06-23,2258,1988,4246,1094,1153,2247,2117,2123,4240,2198,2309,4507,1680,1714,3394,1248,1274,2522,1058,933,1991,1034,945,1979,780,1197,1977,249,623,872,13716,14259,27975
2020-06-24,2310,2042,4352,1124,1186,2310,2188,2198,4386,2251,2382,4633,1732,1766,3498,1281,1326,2607,1076,957,2033,1048,963,2011,796,1215,2011,251,627,878,14057,14662,28719
2020-06-25,2367,2108,4475,1166,1234,2400,2249,2268,4517,2314,2441,4755,1785,1808,3593,1326,1367,2693,1091,977,2068,1061,984,2045,808,1229,2037,255,633,888,14422,15049,29471
2020-06-26,2423,2159,4582,1203,1267,2470,2324,2351,4675,2377,2513,4890,1835,1856,3691,1352,1413,2765,1118,1004,2122,1077,1001,2078,821,1252,2073,257,642,899,14787,15458,30245
2020-06-27,2493,2227,4720,1241,1316,2557,2372,2417,4789,2423,2569,4992,1872,1897,3769,1378,1436,2814,1142,1015,2157,1082,1018,2100,828,1259,2087,261,648,909,15092,15802,30894
2020-06-28,2541,2254,4795,1257,1339,2596,2403,2473,4876,2458,2621,5079,1902,1927,3829,1405,1457,2862,1154,1024,2178,1091,1030,2121,838,1273,2111,267,654,921,15316,16052,31368
2020-06-29,2597,2310,4907,1300,1391,2691,2468,2529,4997,2525,2686,5211,1945,1973,3918,1430,1499,2929,1180,1038,2218,1106,1051,2157,853,1295,2148,269,663,932,15673,16435,32108
2020-06-30,2632,2361,4993,1321,1428,2749,2547,2587,5134,2571,2757,5328,1999,2017,4016,1467,1536,3003,1208,1052,2260,1125,1064,2189,859,1314,2173,271,674,945,16000,16790,32790
2020-07-01,2684,2406,5090,1344,1470,2814,2630,2650,5280,2635,2817,5452,2044,2070,4114,1501,1576,3077,1231,1074,2305,1141,1082,2223,868,1337,2205,274,680,954,16352,17162,33514
2020-07-02,2755,2467,5222,1379,1510,2889,2695,2729,5424,2698,2891,5589,2098,2121,4219,1535,1605,3140,1258,1095,2353,1159,1104,2263,881,1352,2233,279,686,965,16737,17560,34297
2020-07-03,2821,2512,5333,1418,1541,2959,2758,2791,5549,2778,2982,5760,2142,2171,4313,1569,1641,3210,1284,1113,2397,1177,1122,2299,894,1371,2265,282,691,973,17123,17935,35058
2020-07-04,2864,2555,5419,1444,1570,3014,2814,2862,5676,2824,3032,5856,2179,2208,4387,1598,1668,3266,1298,1126,2424,1190,1142,2332,901,1383,2284,285,698,983,17397,18244,35641
2020-07-05,2897,2593,5490,1473,1591,3064,2859,2916,5775,2866,3098,5964,2203,2248,4451,1620,1696,3316,1323,1149,2472,1209,1161,2370,913,1407,2320,289,706,995,17652,18565,36217
2020-07-06,2940,2631,5571,1501,1614,3115,2925,2990,5915,2944,3161,6105,2264,2321,4585,1665,1741,3406,1352,1183,2535,1232,1195,2427,925,1442,2367,292,720,1012,18040,18998,37038
2020-07-07,3005,2705,5710,1543,1658,3201,3010,3075,6085,3038,3239,6277,2320,2383,4703,1707,1789,3496,1375,1203,2578,1247,1209,2456,937,1469,2406,299,732,1031,18481,19462,37943
2020-07-08,3067,2753,5820,1586,1702,3288,3109,3165,6274,3119,3344,6463,2396,2479,4875,1754,1855,3609,1405,1231,2636,1271,1239,2510,951,1497,2448,304,751,1055,18962,20016,38978
2020-07-09,3113,2792,5905,1611,1731,3342,3178,3236,6414,3201,3415,6616,2458,2543,5001,1785,1885,3670,1418,1260,2678,1285,1269,2554,963,1529,2492,311,763,1074,19323,20423,39746
2020-07-10,3159,2829,5988,1642,1769,3411,3248,3322,6570,3262,3513,6775,2515,2595,5110,1823,1930,3753,1449,1291,2740,1309,1287,2596,979,1554,2533,312,776,1088,19698,20866,40564
2020-07-11,3203,2882,6085,1677,1792,3469,3301,3388,6689,3329,3585,6914,2564,2652,5216,1863,1977,3840,1480,1321,2801,1326,1323,2649,990,1583,2573,316,795,1111,20049,21298,41347
2020-07-12,3233,2907,6140,1698,1813,3511,3348,3437,6785,3386,3641,7027,2603,2697,5300,1881,2008,3889,1498,1338,2836,1339,1339,2678,997,1605,2602,320,804,1124,20303,21589,41892
2020-07-13,3292,2969,6261,1734,1859,3593,3437,3531,6968,3479,3746,7225,2691,2794,5485,1937,2092,4029,1546,1382,2928,1366,1401,2767,1014,1677,2691,323,836,1159,20819,22287,43106
2020-07-14,3352,3019,6371,1780,1895,3675,3513,3622,7135,3600,3863,7463,2785,2875,5660,1996,2140,4136,1592,1428,3020,1395,1436,2831,1039,1709,2748,331,854,1185,21383,22841,44224
2020-07-15,3411,3075,6486,1841,1942,3783,3597,3751,7348,3710,4013,7723,2877,2965,5842,2045,2211,4256,1627,1463,3090,1415,1466,2881,1058,1732,2790,338,865,1203,21919,23483,45402
2020-07-16,3474,3116,6590,1883,2007,3890,3684,3861,7545,3809,4127,7936,2958,3077,6035,2091,2288,4379,1659,1497,3156,1435,1499,2934,1077,1773,2850,340,891,1231,22410,24136,46546
2020-07-17,3542,3179,6721,1926,2054,3980,3773,3973,7746,3908,4254,8162,3032,3193,6225,2145,2362,4507,1699,1544,3243,1457,1524,2981,1098,1795,2893,344,900,1244,22924,24778,47702
2020-07-18,3586,3228,6814,1963,2091,4054,3855,4064,7919,3992,4368,8360,3084,3270,6354,2192,2407,4599,1730,1578,3308,1481,1538,3019,1114,1819,2933,346,907,1253,23343,25270,48613
2020-07-19,3629,3277,6906,1993,2124,4117,3909,4137,8046,4053,4449,8502,3124,3329,6453,2231,2449,4680,1761,1600,3361,1499,1550,3049,1126,1841,2967,349,915,1264,23674,25671,49345
2020-07-20,3715,3338,7053,2054,2191,4245,4007,4250,8257,4149,4597,8746,3216,3441,6657,2287,2532,4819,1803,1656,3459,1528,1581,3109,1149,1866,3015,352,928,1280,24260,26380,50640
2020-07-21,3774,3392,7166,2102,2234,4336,4116,4347,8463,4274,4723,8997,3304,3534,6838,2350,2609,4959,1840,1700,3540,1560,1613,3173,1164,1897,3061,357,939,1296,24841,26988,51829
2020-07-22,3862,3450,7312,2154,2294,4448,4249,4482,8731,4398,4866,9264,3405,3636,7041,2415,2686,5101,1868,1738,3606,1591,1641,3232,1182,1942,3124,359,950,1309,25483,27685,53168
2020-07-23,3936,3510,7446,2198,2353,4551,4364,4613,8977,4511,5021,9532,3481,3732,7213,2472,2758,5230,1898,1772,3670,1612,1667,3279,1191,1966,3157,366,961,1327,26029,28353,54382
2020-07-24,3997,3574,7571,2246,2398,4644,4477,4738,9215,4621,5153,9774,3571,3828,7399,2536,2833,5369,1946,1799,3745,1636,1694,3330,1203,2001,3204,368,974,1342,26601,28992,55593
2020-07-25,4055,3619,7674,2283,2429,4712,4546,4839,9385,4714,5269,9983,3641,3908,7549,2578,2891,5469,1972,1834,3806,1656,1723,3379,1216,2025,3241,374,980,1354,27035,29517,56552
2020-07-26,4103,3664,7767,2305,2457,4762,4604,4898,9502,4769,5337,10106,3691,3965,7656,2612,2934,5546,1991,1853,3844,1673,1739,3412,1224,2049,3273,380,988,1368,27352,29884,57236
2020-07-27,4150,3713,7863,2356,2506,4862,4689,5017,9706,4890,5465,10355,3775,4073,7848,2681,3039,5720,2028,1905,3933,1694,1771,3465,1245,2075,3320,385,1012,1397,27893,30576,58469
2020-07-28,4219,3778,7997,2404,2552,4956,4822,5177,9999,5012,5607,10619,3877,4188,8065,2761,3131,5892,2083,1953,4036,1721,1812,3533,1261,2115,3376,392,1033,1425,28552,31346,59898
2020-07-29,4293,3841,8134,2449,2605,5054,4950,5317,10267,5133,5750,10883,3990,4309,8299,2825,3197,6022,2125,2003,4128,1750,1837,3587,1283,2162,3445,402,1062,1464,29200,32083,61283
2020-07-30,4371,3898,8269,2506,2677,5183,5106,5457,10563,5268,5885,11153,4105,4413,8518,2898,3275,6173,2168,2048,4216,1774,1866,3640,1297,2192,3489,405,1072,1477,29898,32783,62681
2020-07-31,4431,3969,8400,2546,2721,5267,5214,5609,10823,5410,6049,11459,4203,4512,8715,2960,3352,6312,2213,2101,4314,1800,1896,3696,1311,2230,3541,412,1099,1511,30500,33538,64038
2020-08-01,4477,4010,8487,2580,2765,5345,5299,5716,11015,5502,6169,11671,4269,4600,8869,3017,3420,6437,2241,2121,4362,1829,1925,3754,1327,2269,3596,413,1124,1537,30954,34119,65073
2020-08-02,4529,4051,8580,2619,2800,5419,5366,5791,11157,5578,6251,11829,4325,4687,9012,3049,3469,6518,2260,2150,4410,1848,1952,3800,1345,2301,3646,417,1137,1554,31336,34589,65925
2020-08-03,4596,4128,8724,2660,2864,5524,5479,5921,11400,5695,6389,12084,4426,4817,9243,3112,3547,6659,2307,2191,4498,1868,1990,3858,1370,2359,3729,424,1175,1599,31937,35381,67318
2020-08-04,4675,4192,8867,2725,2934,5659,5614,6058,11672,5829,6538,12367,4522,4949,9471,3182,3637,6819,2357,2236,4593,1897,2029,3926,1394,2409,3803,430,1203,1633,32625,36185,68810
2020-08-05,4748,4264,9012,2787,2985,5772,5751,6217,11968,5960,6687,12647,4614,5081,9695,3276,3739,7015,2399,2284,4683,1927,2063,3990,1415,2443,3858,435,1216,1651,33312,36979,70291
2020-08-06,4820,4325,9145,2839,3050,5889,5881,6360,12241,6096,6858,12954,4729,5210,9939,3347,3825,7172,2447,2332,4779,1958,2101,4059,1437,2490,3927,442,1236,1678,33996,37787,71783
2020-08-07,4909,4398,9307,2891,3100,5991,6001,6513,12514,6235,7035,13270,4829,5353,10182,3423,3921,7344,2483,2390,4873,1990,2148,4138,1451,2542,3993,447,1251,1698,34659,38651,73310
2020-08-08,4962,4446,9408,2928,3146,6074,6072,6609,12681,6349,7169,13518,4901,5457,10358,3478,3986,7464,2528,2426,4954,2018,2179,4197,1468,2588,4056,448,1279,1727,35152,39285,74437
2020-08-09,5003,4486,9489,2962,3177,6139,6146,6702,12848,6433,7254,13687,4968,5560,10528,3527,4049,7576,2561,2452,5013,2048,2216,4264,1489,2653,4142,453,1303,1756,35590,39852,75442
2020-08-10,5085,4561,9646,3039,3254,6293,6294,6855,13149,6580,7432,14012,5081,5708,10789,3611,4158,7769,2607,2497,5104,2071,2253,4324,1511,2700,4211,461,1334,1795,36340,40752,77092
2020-08-11,5153,4627,9780,3107,3313,6420,6451,7022,13473,6753,7590,14343,5210,5863,11073,3693,4246,7939,2666,2563,5229,2117,2321,4438,1532,2773,4305,471,1373,1844,37153,41691,78844
2020-08-12,5220,4700,9920,3176,3391,6567,6585,7180,13765,6895,7815,14710,5337,6013,11350,3782,4346,8128,2715,2609,5324,2136,2357,4493,1546,2798,4344,477,1392,1869,37869,42601,80470
2020-08-13,5280,4766,10046,3249,3460,6709,6772,7388,14160,7068,8055,15123,5466,6176,11642,3868,4458,8326,2760,2665,5425,2170,2393,4563,1564,2830,4394,482,1409,1891,38679,43600,82279
2020-08-14,5335,4826,10161,3302,3525,6827,6948,7606,14554,7220,8268,15488,5603,6337,11940,3953,4563,8516,2812,2715,5527,2203,2431,4634,1581,2863,4444,484,1425,1909,39441,44559,84000
2020-08-15,5407,4874,10281,3366,3580,6946,7032,7760,14792,7338,8435,15773,5691,6462,12153,4010,4644,8654,2854,2763,5617,2230,2480,4710,1597,2927,4524,488,1452,1940,40013,45377,85390
2020-08-16,5448,4909,10357,3394,3618,7012,7139,7860,14999,7422,8536,15958,5742,6542,12284,4055,4700,8755,2871,2797,5668,2252,2507,4759,1616,2971,4587,490,1482,1972,40429,45922,86351
2020-08-17,5500,4940,10440,3440,3665,7105,7251,7988,15239,7555,8681,16236,5847,6661,12508,4129,4794,8923,2900,2850,5750,2276,2529,4805,1628,3013,4641,491,1503,1994,41017,46624,87641
2020-08-18,5574,5004,10578,3506,3731,7237,7388,8141,15529,7715,8874,16589,5988,6802,12790,4197,4919,9116,2952,2912,5864,2307,2574,4881,1646,3054,4700,491,1532,2023,41764,47543,89307
2020-08-19,5639,5061,10700,3574,3806,7380,7516,8318,15834,7843,9040,16883,6095,6934,13029,4273,5001,9274,2989,2958,5947,2334,2625,4959,1664,3103,4767,497,1560,2057,42424,48406,90830
2020-08-20,5693,5119,10812,3629,3861,7490,7650,8483,16133,7957,9217,17174,6188,7039,13227,4354,5077,9431,3030,3016,6046,2361,2659,5020,1688,3141,4829,500,1583,2083,43050,49195,92245
2020-08-21,5748,5185,10933,3688,3925,7613,7766,8650,16416,8100,9408,17508,6316,7166,13482,4424,5176,9600,3082,3073,6155,2400,2716,5116,1709,3189,4898,506,1600,2106,43739,50088,93827
2020-08-22,5788,5222,11010,3737,3968,7705,7858,8771,16629,8188,9547,17735,6404,7263,13667,4479,5230,9709,3118,3122,6240,2420,2754,5174,1725,3221,4946,512,1621,2133,44229,50719,94948
2020-08-23,5832,5271,11103,3776,4000,7776,7923,8878,16801,8254,9650,17904,6476,7343,13819,4522,5297,9819,3150,3156,6306,2440,2782,5222,1741,3242,4983,517,1628,2145,44631,51247,95878
2020-08-24,5909,5352,11261,3839,4069,7908,8050,9045,17095,8420,9829,18249,6583,7487,14070,4601,5393,9994,3202,3223,6425,2471,2828,5299,1760,3275,5035,523,1647,2170,45358,52148,97506
2020-08-25,5980,5424,11404,3893,4138,8031,8186,9248,17434,8577,10034,18611,6713,7632,14345,4664,5499,10163,3253,3276,6529,2504,2854,5358,1782,3317,5099,529,1665,2194,46081,53087,99168
2020-08-26,6050,5475,11525,3953,4217,8170,8351,9422,17773,8731,10223,18954,6796,7783,14579,4739,5594,10333,3307,3339,6646,2539,2903,5442,1806,3369,5175,534,1695,2229,46806,54020,100826
2020-08-27,6121,5540,11661,4036,4306,8342,8515,9594,18109,8870,10402,19272,6914,7940,14854,4819,5690,10509,3345,3395,6740,2574,2940,5514,1831,3420,5251,537,1724,2261,47562,54951,102513
2020-08-28,6181,5598,11779,4108,4380,8488,8710,9813,18523,9022,10602,19624,7047,8140,15187,4903,5812,10715,3402,3457,6859,2618,2990,5608,1851,3460,5311,541,1740,2281,48383,55992,104375
2020-08-29,6226,5635,11861,4151,4442,8593,8828,9969,18797,9145,10782,19927,7166,8257,15423,4969,5896,10865,3446,3495,6941,2653,3028,5681,1865,3508,5373,546,1770,2316,48995,56782,105777
2020-08-30,6261,5696,11957,4202,4490,8692,8915,10088,19003,9247,10881,20128,7243,8352,15595,5025,5954,10979,3477,3535,7012,2671,3059,5730,1875,3533,5408,550,1783,2333,49466,57371,106837
2020-08-31,6329,5742,12071,4267,4549,8816,9057,10237,19294,9399,11059,20458,7351,8495,15846,5106,6054,11160,3521,3598,7119,2711,3105,5816,1898,3577,5475,552,1797,2349,50191,58213,108404
2020-09-01,6393,5808,12201,4323,4629,8952,9220,10420,19640,9568,11267,20835,7475,8632,16107,5190,6170,11360,3561,3647,7208,2737,3140,5877,1915,3626,5541,559,1819,2378,50941,59158,110099
2020-09-02,6452,5853,12305,4364,4685,9049,9342,10586,19928,9709,11455,21164,7583,8750,16333,5269,6264,11533,3601,3704,7305,2780,3179,5959,1933,3671,5604,565,1852,2417,51598,59999,111597
2020-09-03,6525,5911,12436,4435,4752,9187,9494,10786,20280,9901,11661,21562,7715,8895,16610,5358,6370,11728,3647,3767,7414,2816,3224,6040,1955,3716,5671,569,1869,2438,52415,60951,113366
2020-09-04,6596,5982,12578,4498,4820,9318,9642,10985,20627,10069,11874,21943,7854,9069,16923,5438,6482,11920,3711,3832,7543,2854,3269,6123,1980,3755,5735,574,1887,2461,53216,61955,115171
2020-09-05,6641,6025,12666,4532,4862,9394,9770,11127,20897,10183,12035,22218,7941,9229,17170,5499,6567,12066,3763,3887,7650,2885,3300,6185,2000,3783,5783,577,1898,2475,53791,62713,116504
2020-09-06,6683,6066,12749,4574,4909,9483,9845,11249,21094,10259,12142,22401,8009,9308,17317,5547,6638,12185,3792,3921,7713,2897,3341,6238,2014,3806,5820,578,1906,2484,54198,63286,117484
2020-09-07,6745,6122,12867,4648,4979,9627,9992,11434,21426,10430,12352,22782,8152,9474,17626,5621,6766,12387,3859,3984,7843,2936,3385,6321,2033,3854,5887,584,1924,2508,55000,64274,119274
2020-09-08,6802,6188,12990,4708,5049,9757,10126,11624,21750,10611,12551,23162,8283,9626,17909,5723,6876,12599,3913,4067,7980,2980,3434,6414,2057,3894,5951,591,1945,2536,55794,65254,121048
2020-09-09,6866,6252,13118,4783,5128,9911,10296,11810,22106,10790,12753,23543,8417,9783,18200,5823,6992,12815,3974,4133,8107,3012,3474,6486,2075,3940,6015,592,1965,2557,56628,66230,122858
2020-09-10,6920,6290,13210,4858,5201,10059,10486,12009,22495,10964,12976,23940,8554,9969,18523,5933,7092,13025,4025,4207,8232,3053,3532,6585,2089,3998,6087,597,1997,2594,57479,67271,124750
2020-09-11,6982,6345,13327,4939,5282,10221,10645,12168,22813,11119,13203,24322,8680,10125,18805,6016,7216,13232,4089,4267,8356,3095,3577,6672,2111,4044,6155,599,2010,2609,58275,68237,126512
2020-09-12,7038,6377,13415,4989,5328,10317,10731,12288,23019,11227,13337,24564,8753,10233,18986,6070,7305,13375,4140,4313,8453,3122,3608,6730,2124,4092,6216,602,2023,2625,58796,68904,127700
2020-09-13,7095,6420,13515,5035,5372,10407,10815,12403,23218,11314,13463,24777,8812,10323,19135,6125,7371,13496,4196,4355,8551,3146,3624,6770,2127,4111,6238,607,2031,2638,59272,69473,128745
2020-09-14,7167,6482,13649,5092,5445,10537,10969,12595,23564,11467,13665,25132,8929,10478,19407,6221,7490,13711,4267,4435,8702,3187,3664,6851,2158,4147,6305,607,2055,2662,60064,70456,130520
2020-09-15,7245,6522,13767,5153,5504,10657,11114,12737,23851,11618,13869,25487,9042,10623,19665,6296,7585,13881,4334,4506,8840,3227,3716,6943,2177,4212,6389,611,2083,2694,60817,71357,132174
2020-09-16,7324,6593,13917,5236,5595,10831,11291,12950,24241,11785,14084,25869,9176,10789,19965,6381,7694,14075,4398,4577,8975,3261,3758,7019,2196,4258,6454,615,2099,2714,61663,72397,134060
2020-09-17,7390,6658,14048,5287,5684,10971,11455,13130,24585,11937,14271,26208,9318,10971,20289,6465,7816,14281,4467,4648,9115,3303,3803,7106,2219,4297,6516,619,2116,2735,62460,73394,135854
2020-09-18,7468,6726,14194,5342,5788,11130,11623,13314,24937,12114,14487,26601,9444,11124,20568,6560,7924,14484,4520,4721,9241,3353,3849,7202,2236,4332,6568,623,2135,2758,63283,74400,137683
2020-09-19,7504,6775,14279,5396,5844,11240,11723,13418,25141,12222,14608,26830,9512,11207,20719,6615,7984,14599,4568,4762,9330,3378,3876,7254,2255,4356,6611,627,2146,2773,63800,74976,138776
2020-09-20,7546,6824,14370,5451,5897,11348,11799,13505,25304,12313,14701,27014,9573,11297,20870,6657,8056,14713,4595,4802,9397,3399,3903,7302,2261,4384,6645,630,2160,2790,64224,75529,139753
2020-09-21,7618,6878,14496,5517,5980,11497,11936,13645,25581,12474,14890,27364,9678,11446,21124,6742,8141,14883,4654,4879,9533,3438,3944,7382,2276,4404,6680,632,2171,2803,64965,76378,141343
2020-09-22,7694,6948,14642,5603,6069,11672,12083,13850,25933,12645,15073,27718,9809,11580,21389,6838,8255,15093,4731,4941,9672,3487,3988,7475,2295,4448,6743,637,2190,2827,65822,77342,143164
2020-09-23,7770,7015,14785,5662,6144,11806,12216,14042,26258,12774,15252,28026,9931,11715,21646,6907,8358,15265,4795,5004,9799,3518,4037,7555,2312,4480,6792,640,2202,2842,66525,78249,144774
2020-09-24,7853,7080,14933,5741,6230,11971,12376,14219,26595,12929,15444,28373,10052,11855,21907,6975,8448,15423,4852,5097,9949,3558,4092,7650,2342,4528,6870,652,2233,2885,67330,79226,146556
2020-09-25,7923,7138,15061,5812,6300,12112,12513,14390,26903,13082,15602,28684,10173,11995,22168,7063,8554,15617,4925,5162,10087,3592,4130,7722,2362,4560,6922,653,2246,2899,68098,80077,148175
2020-09-26,7962,7177,15139,5874,6344,12218,12599,14480,27079,13189,15713,28902,10255,12079,22334,7121,8627,15748,4963,5197,10160,3617,4149,7766,2376,4577,6953,656,2253,2909,68612,80596,149208
2020-09-27,8008,7225,15233,5910,6400,12310,12676,14585,27261,13281,15822,29103,10338,12172,22510,7165,8679,15844,4994,5232,10226,3631,4174,7805,2387,4594,6981,658,2266,2924,69048,81149,150197
2020-09-28,8080,7294,15374,5978,6446,12424,12796,14722,27518,13447,15959,29406,10470,12278,22748,7268,8784,16052,5059,5277,10336,3667,4217,7884,2404,4627,7031,662,2284,2946,69831,81888,151719
2020-09-29,8163,7368,15531,6066,6536,12602,12967,14888,27855,13627,16150,29777,10607,12410,23017,7354,8862,16216,5125,5351,10476,3707,4278,7985,2431,4679,7110,664,2305,2969,70711,82827,153538
2020-09-30,8236,7438,15674,6130,6615,12745,13122,15104,28226,13760,16332,30092,10728,12526,23254,7456,8963,16419,5192,5427,10619,3748,4327,8075,2450,4733,7183,667,2318,2985,71489,83783,155272
2020-10-01,8312,7530,15842,6207,6711,12918,13283,15303,28586,13928,16520,30448,10845,12667,23512,7544,9060,16604,5253,5497,10750,3786,4384,8170,2467,4765,7232,670,2328,2998,72295,84765,157060
2020-10-02,8412,7597,16009,6279,6797,13076,13409,15477,28886,14076,16691,30767,10962,12812,23774,7634,9161,16795,5317,5566,10883,3831,4443,8274,2480,4807,7287,676,2344,3020,73076,85695,158771
2020-10-03,8454,7639,16093,6326,6869,13195,13516,15589,29105,14192,16802,30994,11052,12924,23976,7702,9219,16921,5361,5611,10972,3859,4469,8328,2493,4836,7329,680,2352,3032,73635,86310,159945
2020-10-04,8503,7688,16191,6372,6913,13285,13599,15697,29296,14276,16890,31166,11115,13005,24120,7749,9278,17027,5399,5646,11045,3882,4491,8373,2511,4863,7374,682,2358,3040,74088,86829,160917
2020-10-05,8555,7742,16297,6435,6975,13410,13751,15847,29598,14463,17067,31530,11256,13149,24405,7833,9386,17219,5491,5714,11205,3927,4557,8484,2535,4895,7430,685,2366,3051,74931,87698,162629
2020-10-06,8622,7819,16441,6508,7049,13557,13900,16024,29924,14632,17259,31891,11399,13290,24689,7932,9489,17421,5553,5787,11340,3967,4615,8582,2559,4927,7486,691,2376,3067,75763,88635,164398
2020-10-07,8705,7878,16583,6566,7120,13686,14068,16231,30299,14806,17461,32267,11536,13425,24961,8028,9619,17647,5625,5858,11483,4009,4660,8669,2578,4962,7540,697,2386,3083,76618,89600,166218
2020-10-08,8786,7941,16727,6631,7198,13829,14206,16405,30611,14951,17639,32590,11683,13562,25245,8120,9722,17842,5687,5932,11619,4051,4708,8759,2590,5004,7594,701,2407,3108,77406,90518,167924
2020-10-09,8848,8025,16873,6712,7288,14000,14338,16605,30943,15120,17848,32968,11800,13721,25521,8221,9841,18062,5741,6002,11743,4085,4756,8841,2602,5035,7637,706,2430,3136,78173,91551,169724
2020-10-10,8884,8076,16960,6769,7345,14114,14458,16733,31191,15220,17967,33187,11898,13823,25721,8288,9930,18218,5782,6051,11833,4106,4790,8896,2618,5062,7680,713,2439,3152,78736,92216,170952
2020-10-11,8934,8127,17061,6807,7402,14209,14519,16833,31352,15313,18093,33406,11972,13895,25867,8346,9985,18331,5832,6093,11925,4129,4822,8951,2633,5084,7717,715,2445,3160,79200,92779,171979
2020-10-12,8986,8173,17159,6866,7456,14322,14614,16949,31563,15422,18202,33624,12065,14015,26080,8425,10079,18504,5890,6157,12047,4157,4860,9017,2653,5110,7763,717,2457,3174,79795,93458,173253
2020-10-13,9064,8249,17313,6942,7519,14461,14767,17136,31903,15572,18405,33977,12184,14167,26351,8520,10194,18714,5974,6233,12207,4201,4925,9126,2682,5161,7843,726,2477,3203,80632,94466,175098
2020-10-14,9131,8321,17452,7000,7599,14599,14914,17314,32228,15717,18581,34298,12297,14295,26592,8597,10305,18902,6047,6293,12340,4247,4983,9230,2702,5193,7895,727,2490,3217,81379,95374,176753
2020-10-15,9202,8385,17587,7073,7693,14766,15068,17501,32569,15900,18783,34683,12456,14472,26928,8710,10408,19118,6123,6374,12497,4288,5026,9314,2722,5231,7953,734,2502,3236,82276,96375,178651
2020-10-16,9288,8447,17735,7174,7798,14972,15257,17747,33004,16082,18962,35044,12618,14658,27276,8819,10531,19350,6194,6447,12641,4337,5095,9432,2750,5279,8029,737,2531,3268,83256,97495,180751
2020-10-17,9337,8502,17839,7232,7867,15099,15368,17869,33237,16198,19116,35314,12711,14768,27479,8880,10600,19480,6248,6509,12757,4383,5125,9508,2764,5305,8069,740,2540,3280,83861,98201,182062
2020-10-18,9376,8538,17914,7275,7906,15181,15420,17949,33369,16282,19224,35506,12760,14835,27595,8936,10642,19578,6276,6537,12813,4403,5154,9557,2772,5327,8099,742,2546,3288,84242,98658,182900
2020-10-19,9485,8625,18110,7366,8009,15375,15577,18153,33730,16477,19465,35942,12922,15044,27966,9062,10782,19844,6371,6628,12999,4455,5227,9682,2797,5374,8171,744,2559,3303,85256,99866,185122
2020-10-20,9572,8708,18280,7460,8097,15557,15769,18373,34142,16653,19672,36325,13087,15236,28323,9171,10906,20077,6454,6701,13155,4493,5283,9776,2832,5418,8250,744,2574,3318,86235,100968,187203
2020-10-21,9637,8773,18410,7570,8191,15761,15915,18574,34489,16808,19837,36645,13210,15376,28586,9271,10996,20267,6532,6771,13303,4530,5324,9854,2853,5456,8309,747,2583,3330,87073,101881,188954
2020-10-22,9698,8832,18530,7657,8291,15948,16050,18727,34777,16938,19988,36926,13341,15517,28858,9356,11106,20462,6580,6849,13429,4565,5368,9933,2877,5497,8374,751,2600,3351,87813,102775,190588
2020-10-23,9762,8886,18648,7715,8352,16067,16164,18856,35020,17047,20109,37156,13443,15659,29102,9428,11176,20604,6639,6921,13560,4611,5413,10024,2894,5526,8420,757,2617,3374,88460,103515,191975
2020-10-24,9798,8922,18720,7746,8396,16142,16246,18924,35170,17121,20215,37336,13508,15745,29253,9476,11244,20720,6668,6963,13631,4638,5441,10079,2902,5554,8456,758,2626,3384,88861,104030,192891
2020-10-25,9851,8964,18815,7781,8450,16231,16317,19031,35348,17200,20340,37540,13576,15826,29402,9544,11324,20868,6702,7009,13711,4665,5469,10134,2913,5574,8487,759,2633,3392,89308,104620,193928
2020-10-26,9927,9028,18955,7873,8531,16404,16459,19182,35641,17337,20509,37846,13663,15958,29621,9644,11448,21092,6782,7086,13868,4717,5534,10251,2931,5612,8543,760,2646,3406,90093,105534,195627
2020-10-27,9986,9092,19078,7948,8603,16551,16608,19369,35977,17478,20688,38166,13793,16097,29890,9739,11580,21319,6861,7188,14049,4762,5596,10358,2945,5649,8594,763,2653,3416,90883,106515,197398
2020-10-28,10050,9153,19203,8001,8679,16680,16741,19545,36286,17640,20884,38524,13885,16227,30112,9832,11688,21520,6929,7255,14184,4795,5634,10429,2956,5684,8640,765,2668,3433,91594,107417,199011
2020-10-29,10102,9201,19303,8064,8760,16824,16892,19705,36597,17802,21054,38856,13984,16387,30371,9917,11788,21705,6983,7325,14308,4828,5674,10502,2970,5711,8681,767,2675,3442,92309,108280,200589
2020-10-30,10159,9241,19400,8115,8835,16950,16995,19853,36848,17933,21213,39146,14079,16514,30593,9982,11886,21868,7045,7406,14451,4857,5712,10569,2992,5740,8732,771,2689,3460,92928,109089,202017
2020-10-31,10204,9273,19477,8143,8878,17021,17081,19942,37023,18014,21337,39351,14155,16582,30737,10026,11946,21972,7088,7452,14540,4884,5745,10629,3001,5762,8763,774,2697,3471,93370,109614,202984
2020-11-01,10266,9324,19590,8199,8946,17145,17169,20054,37223,18102,21453,39555,14240,16677,30917,10095,12021,22116,7122,7520,14642,4916,5772,10688,3009,5791,8800,778,2702,3480,93896,110260,204156
2020-11-02,10324,9392,19716,8264,9026,17290,17298,20221,37519,18254,21605,39859,14359,16803,31162,10174,12103,22277,7191,7598,14789,4959,5818,10777,3029,5813,8842,779,2710,3489,94631,111089,205720
2020-11-03,10371,9439,19810,8311,9092,17403,17409,20370,37779,18371,21739,40110,14448,16882,31330,10238,12169,22407,7243,7650,14893,5004,5861,10865,3049,5849,8898,781,2723,3504,95225,111774,206999
2020-11-04,10427,9492,19919,8379,9166,17545,17591,20543,38134,18515,21913,40428,14600,17024,31624,10321,12270,22591,7319,7718,15037,5051,5907,10958,3066,5879,8945,786,2730,3516,96055,112642,208697
2020-11-05,10510,9565,20075,8474,9265,17739,17775,20735,38510,18699,22124,40823,14766,17167,31933,10433,12398,22831,7384,7802,15186,5091,5952,11043,3083,5906,8989,789,2742,3531,97004,113656,210660
2020-11-06,10563,9619,20182,8523,9321,17844,17883,20859,38742,18790,22246,41036,14842,17247,32089,10504,12478,22982,7433,7847,15280,5128,6007,11135,3098,5938,9036,792,2749,3541,97556,114311,211867
2020-11-07,10610,9665,20275,8563,9375,17938,17954,20956,38910,18865,22363,41228,14918,17340,32258,10566,12559,23125,7490,7913,15403,5161,6042,11203,3116,5957,9073,796,2753,3549,98039,114923,212962
2020-11-08,10665,9731,20396,8613,9444,18057,18048,21056,39104,18961,22497,41458,15000,17450,32450,10634,12620,23254,7542,7980,15522,5186,6074,11260,3123,5979,9102,801,2757,3558,98573,115588,214161
2020-11-09,10746,9809,20555,8692,9515,18207,18168,21219,39387,19100,22686,41786,15129,17581,32710,10740,12725,23465,7613,8058,15671,5216,6122,11338,3146,6019,9165,805,2766,3571,99355,116500,215855
2020-11-10,10797,9858,20655,8745,9591,18336,18273,21329,39602,19248,22832,42080,15230,17681,32911,10820,12807,23627,7682,8113,15795,5255,6161,11416,3163,6052,9215,809,2774,3583,100022,117198,217220
2020-11-11,10874,9919,20793,8801,9671,18472,18418,21494,39912,19396,22988,42384,15367,17813,33180,10920,12919,23839,7742,8173,15915,5297,6201,11498,3184,6083,9267,814,2788,3602,100813,118049,218862
2020-11-12,10942,9981,20923,8868,9753,18621,18561,21674,40235,19586,23162,42748,15497,17954,33451,11020,13016,24036,7811,8258,16069,5341,6257,11598,3206,6115,9321,815,2801,3616,101647,118971,220618
2020-11-13,11006,10026,21032,8940,9824,18764,18700,21851,40551,19714,23302,43016,15608,18078,33686,11114,13106,24220,7898,8336,16234,5394,6306,11700,3227,6146,9373,819,2811,3630,102420,119786,222206
2020-11-14,11073,10088,21161,8995,9863,18858,18779,21960,40739,19818,23415,43233,15674,18171,33845,11177,13179,24356,7954,8379,16333,5425,6351,11776,3239,6168,9407,823,2815,3638,102957,120389,223346
2020-11-15,11139,10159,21298,9061,9912,18973,18871,22086,40957,19936,23535,43471,15767,18270,34037,11238,13252,24490,8011,8440,16451,5462,6393,11855,3250,6195,9445,823,2829,3652,103558,121071,224629
2020-11-16,11208,10230,21438,9161,9980,19141,18974,22216,41190,20055,23679,43734,15883,18377,34260,11306,13339,24645,8073,8503,16576,5505,6443,11948,3275,6228,9503,827,2847,3674,104267,121842,226109
2020-11-17,11287,10310,21597,9241,10050,19291,19131,22384,41515,20235,23854,44089,16028,18531,34559,11404,13452,24856,8152,8611,16763,5544,6505,12049,3287,6263,9550,829,2862,3691,105138,122822,227960
2020-11-18,11359,10379,21738,9343,10147,19490,19291,22568,41859,20413,24054,44467,16144,18663,34807,11482,13544,25026,8218,8684,16902,5595,6554,12149,3302,6312,9614,831,2870,3701,105978,123775,229753
2020-11-19,11433,10445,21878,9434,10226,19660,19453,22759,42212,20540,24243,44783,16256,18801,35057,11577,13663,25240,8278,8761,17039,5644,6601,12245,3324,6343,9667,834,2878,3712,106773,124720,231493
2020-11-20,11504,10506,22010,9495,10301,19796,19586,22924,42510,20675,24408,45083,16366,18936,35302,11661,13766,25427,8335,8820,17155,5681,6642,12323,3349,6376,9725,839,2888,3727,107491,125567,233058
2020-11-21,11567,10559,22126,9543,10368,19911,19683,23030,42713,20798,24522,45320,16451,19026,35477,11726,13836,25562,8388,8877,17265,5711,6663,12374,3359,6395,9754,842,2898,3740,108068,126174,234242
2020-11-22,11618,10601,22219,9586,10418,20004,19775,23121,42896,20873,24619,45492,16526,19092,35618,11770,13892,25662,8429,8924,17353,5738,6685,12423,3371,6417,9788,844,2906,3750,108530,126675,235205
2020-11-23,11682,10662,22344,9638,10485,20123,19880,23236,43116,20998,24722,45720,16622,19190,35812,11824,13962,25786,8474,8982,17456,5770,6725,12495,3388,6446,9834,848,2915,3763,109124,127325,236449
2020-11-24,11752,10741,22493,9721,10562,20283,20005,23382,43387,21158,24878,46036,16740,19316,36056,11920,14064,25984,8540,9067,17607,5820,6779,12599,3412,6477,9889,850,2923,3773,109918,128189,238107
2020-11-25,11833,10807,22640,9802,10643,20445,20159,23542,43701,21312,25029,46341,16873,19441,36314,11998,14138,26136,8612,9134,17746,5848,6843,12691,3436,6511,9947,854,2931,3785,110727,129019,239746
2020-11-26,11916,10876,22792,9885,10730,20615,20295,23720,44015,21463,25197,46660,16984,19563,36547,12087,14229,26316,8687,9201,17888,5882,6899,12781,3453,6539,9992,863,2941,3804,111515,129895,241410
2020-11-27,11973,10933,22906,9944,10787,20731,20419,23871,44290,21564,25329,46893,17077,19636,36713,12163,14299,26462,8740,9264,18004,5910,6938,12848,3469,6575,10044,866,2945,3811,112125,130577,242702
2020-11-28,12041,10974,23015,10000,10829,20829,20520,23981,44501,21646,25443,47089,17148,19722,36870,12234,14369,26603,8778,9304,18082,5939,6976,12915,3484,6602,10086,869,2950,3819,112659,131150,243809
2020-11-29,12103,11025,23128,10047,10884,20931,20627,24108,44735,21745,25576,47321,17238,19825,37063,12296,14439,26735,8830,9372,18202,5972,7012,12984,3498,6617,10115,870,2954,3824,113226,131812,245038
2020-11-30,12194,11105,23299,10140,10967,21107,20796,24305,45101,21919,25751,47670,17391,19974,37365,12384,14533,26917,8918,9468,18386,6033,7066,13099,3518,6656,10174,874,2964,3838,114167,132789,246956
2020-12-01,12257,11179,23436,10218,11053,21271,20954,24479,45433,22060,25914,47974,17514,20114,37628,12441,14615,27056,8994,9567,18561,6087,7119,13206,3537,6690,10227,877,2966,3843,114939,133696,248635
2020-12-02,12302,11221,23523,10279,11118,21397,21053,24607,45660,22173,26060,48233,17600,20211,37811,12502,14678,27180,9045,9607,18652,6125,7162,13287,3555,6707,10262,880,2974,3854,115514,134345,249859
2020-12-03,12357,11276,23633,10361,11206,21567,21195,24796,45991,22327,26239,48566,17715,20355,38070,12590,14764,27354,9119,9679,18798,6172,7209,13381,3570,6736,10306,882,2979,3861,116288,135239,251527
2020-12-04,12422,11350,23772,10441,11288,21729,21320,24936,46256,22476,26402,48878,17836,20490,38326,12677,14866,27543,9189,9772,18961,6229,7254,13483,3589,6776,10365,888,2988,3876,117067,136122,253189
2020-12-05,12481,11409,23890,10511,11344,21855,21432,25046,46478,22609,26512,49121,17927,20578,38505,12731,14929,27660,9234,9824,19058,6257,7289,13546,3599,6799,10398,893,2995,3888,117674,136725,254399
2020-12-06,12527,11456,23983,10564,11393,21957,21510,25128,46638,22682,26611,49293,17995,20662,38657,12769,14983,27752,9276,9869,19145,6283,7323,13606,3615,6813,10428,893,2998,3891,118114,137236,255350
2020-12-07,12564,11510,24074,10625,11442,22067,21617,25245,46862,22787,26714,49501,18069,20767,38836,12826,15043,27869,9313,9920,19233,6314,7365,13679,3633,6834,10467,897,3003,3900,118645,137843,256488
2020-12-08,12617,11568,24185,10682,11503,22185,21722,25371,47093,22910,26834,49744,18146,20849,38995,12898,15117,28015,9374,9977,19351,6347,7410,13757,3641,6852,10493,901,3009,3910,119238,138490,257728
2020-12-09,12683,11629,24312,10758,11601,22359,21918,25588,47506,23104,27043,50147,18302,20985,39287,13032,15254,28286,9487,10079,19566,6394,7472,13866,3660,6884,10544,904,3024,3928,120242,139559,259801
2020-12-10,12764,11688,24452,10867,11735,22602,22124,25839,47963,23321,27305,50626,18461,21183,39644,13164,15421,28585,9593,10179,19772,6440,7519,13959,3678,6929,10607,909,3031,3940,121321,140829,262150
2020-12-11,12831,11758,24589,10973,11848,22821,22328,26106,48434,23569,27570,51139,18634,21401,40035,13307,15583,28890,9702,10299,20001,6500,7594,14094,3695,6957,10652,911,3039,3950,122450,142155,264605
2020-12-12,12896,11820,24716,11063,11936,22999,22491,26317,48808,23769,27789,51558,18810,21578,40388,13441,15719,29160,9786,10421,20207,6543,7649,14192,3706,6979,10685,914,3046,3960,123419,143254,266673
2020-12-13,12964,11868,24832,11143,12017,23160,22609,26489,49098,23948,27995,51943,18962,21749,40711,13565,15836,29401,9862,10501,20363,6582,7685,14267,3717,6998,10715,920,3050,3970,124272,144188,268460
2020-12-14,13048,11937,24985,11249,12134,23383,22803,26730,49533,24188,28238,52426,19140,21951,41091,13727,16013,29740,9974,10626,20600,6647,7759,14406,3739,7031,10770,929,3060,3989,125444,145479,270923
2020-12-15,13112,12006,25118,11341,12228,23569,22994,26960,49954,24390,28470,52860,19320,22127,41447,13860,16196,30056,10085,10734,20819,6705,7820,14525,3753,7055,10808,931,3070,4001,126491,146666,273157
2020-12-16,13163,12073,25236,11460,12369,23829,23200,27228,50428,24685,28767,53452,19543,22352,41895,14042,16380,30422,10208,10878,21086,6772,7895,14667,3779,7080,10859,935,3080,4015,127787,148102,275889
2020-12-17,13249,12156,25405,11587,12499,24086,23440,27539,50979,24977,29094,54071,19798,22587,42385,14216,16556,30772,10288,10989,21277,6838,7951,14789,3792,7106,10898,936,3090,4026,129121,149567,278688
2020-12-18,13336,12237,25573,11744,12674,24418,23693,27893,51586,25303,29441,54744,20053,22864,42917,14420,16794,31214,10488,11172,21660,6928,8041,14969,3810,7149,10959,938,3095,4033,130713,151360,282073
2020-12-19,13404,12299,25703,11861,12804,24665,23904,28178,52082,25639,29770,55409,20286,23104,43390,14589,16979,31568,10625,11332,21957,6993,8112,15105,3825,7176,11001,941,3099,4040,132067,152853,284920
2020-12-20,13472,12381,25853,11986,12937,24923,24119,28433,52552,25970,30116,56086,20537,23373,43910,14770,17189,31959,10745,11461,22206,7056,8172,15228,3838,7193,11031,944,3108,4052,133437,154363,287800
2020-12-21,13558,12482,26040,12132,13085,25217,24438,28766,53204,26338,30534,56872,20832,23660,44492,14965,17400,32365,10932,11631,22563,7136,8254,15390,3856,7240,11096,947,3114,4061,135134,156166,291300
2020-12-22,13657,12583,26240,12314,13291,25605,24788,29170,53958,26764,31001,57765,21174,23987,45161,15188,17632,32820,11104,11826,22930,7216,8334,15550,3874,7273,11147,951,3118,4069,137030,158215,295245
2020-12-23,13771,12682,26453,12519,13486,26005,25152,29575,54727,27185,31444,58629,21481,24333,45814,15412,17851,33263,11245,12014,23259,7279,8412,15691,3900,7308,11208,957,3128,4085,138901,160233,299134
2020-12-24,13824,12738,26562,12614,13601,26215,25349,29795,55144,27455,31700,59155,21658,24497,46155,15519,17973,33492,11330,12112,23442,7334,8457,15791,3907,7327,11234,958,3132,4090,139948,161332,301280
2020-12-25,13860,12763,26623,12653,13635,26288,25413,29854,55267,27518,31778,59296,21712,24539,46251,15563,18020,33583,11353,12139,23492,7349,8467,15816,3914,7344,11258,962,3136,4098,140297,161675,301972
2020-12-26,13942,12828,26770,12832,13857,26689,25685,30161,55846,27898,32136,60034,21955,24844,46799,15763,18222,33985,11470,12284,23754,7417,8537,15954,3936,7375,11311,963,3148,4111,141861,163392,305253
2020-12-27,13995,12878,26873,13066,14090,27156,25945,30461,56406,28306,32550,60856,22293,25202,47495,15990,18471,34461,11631,12436,24067,7478,8620,16098,3954,7407,11361,965,3158,4123,143623,165273,308896
2020-12-28,14125,12975,27100,13345,14382,27727,26328,30942,57270,28877,33162,62039,22756,25657,48413,16263,18800,35063,11805,12670,24475,7560,8723,16283,3984,7452,11436,967,3169,4136,146010,167932,313942
2020-12-29,14219,13066,27285,13610,14658,28268,26726,31396,58122,29331,33648,62979,23152,26074,49226,16500,19071,35571,11986,12887,24873,7651,8824,16475,4009,7507,11516,972,3178,4150,148156,170309,318465
2020-12-30,14314,13146,27460,13915,14984,28899,27154,31846,59000,29853,34169,64022,23536,26527,50063,16775,19408,36183,12163,13087,25250,7740,8918,16658,4040,7556,11596,976,3186,4162,150466,172827,323293
2020-12-31,14383,13211,27594,14126,15192,29318,27456,32137,59593,30173,34526,64699,23809,26852,50661,16946,19585,36531,12249,13181,25430,7784,8980,16764,4053,7584,11637,976,3192,4168,151955,174440,326395
2021-01-01,14412,13232,27644,14172,15247,29419,27508,32218,59726,30250,34618,64868,23868,26921,50789,16997,19640,36637,12275,13213,25488,7801,9002,16803,4058,7599,11657,977,3196,4173,152318,174886,327204
2021-01-02,14488,13294,27782,14367,15454,29821,27781,32541,60322,30570,34998,65568,24158,27226,51384,17188,19854,37042,12443,13378,25821,7879,9092,16971,4074,7636,11710,981,3203,4184,153929,176676,330605
2021-01-03,14543,13362,27905,14625,15732,30357,28193,32981,61174,31115,35569,66684,24580,27704,52284,17450,20179,37629,12657,13620,26277,7963,9214,17177,4101,7672,11773,984,3210,4194,156211,179243,335454
2021-01-04,14631,13449,28080,14880,15976,30856,28752,33597,62349,31715,36215,67930,25014,28179,53193,17731,20511,38242,12864,13846,26710,8068,9329,17397,4129,7734,11863,989,3220,4209,158773,182056,340829
2021-01-05,14725,13544,28269,15180,16281,31461,29312,34282,63594,32341,36888,69229,25498,28710,54208,18026,20838,38864,13095,14152,27247,8177,9461,17638,4161,7795,11956,995,3230,4225,161510,185181,346691
2021-01-06,14822,13625,28447,15519,16582,32101,29882,34856,64738,32944,37496,70440,25996,29236,55232,18352,21187,39539,13322,14409,27731,8290,9596,17886,4190,7854,12044,999,3245,4244,164316,188086,352402
2021-01-07,14913,13702,28615,15756,16841,32597,30320,35367,65687,33453,37990,71443,26354,29607,55961,18591,21477,40068,13501,14634,28135,8371,9721,18092,4217,7903,12120,1001,3256,4257,166477,190498,356975
2021-01-08,15006,13796,28802,16034,17110,33144,30772,35851,66623,33878,38503,72381,26681,30055,56736,18841,21768,40609,13636,14827,28463,8459,9826,18285,4249,7941,12190,1005,3262,4267,168561,192939,361500
2021-01-09,15076,13865,28941,16270,17357,33627,31169,36327,67496,34334,39030,73364,27032,30462,57494,19065,22045,41110,13777,15039,28816,8519,9911,18430,4273,7981,12254,1005,3271,4276,170520,195288,365808
2021-01-10,15147,13936,29083,16556,17634,34190,31560,36762,68322,34750,39531,74281,27394,30864,58258,19287,22321,41608,13911,15188,29099,8565,9992,18557,4285,8014,12299,1007,3280,4287,172462,197522,369984
2021-01-11,15243,14006,29249,16843,17960,34803,32089,37318,69407,35286,40128,75414,27802,31301,59103,19536,22656,42192,14082,15403,29485,8654,10081,18735,4305,8045,12350,1008,3287,4295,174848,200185,375033
2021-01-12,15339,14078,29417,17092,18249,35341,32485,37853,70338,35684,40596,76280,28121,31693,59814,19775,22957,42732,14272,15564,29836,8722,10173,18895,4338,8081,12419,1011,3297,4308,176839,202541,379380
2021-01-13,15468,14187,29655,17390,18577,35967,32982,38414,71396,36146,41118,77264,28519,32114,60633,20038,23305,43343,14471,15791,30262,8807,10271,19078,4358,8129,12487,1016,3301,4317,179195,205207,384402
2021-01-14,15557,14291,29848,17696,18914,36610,33424,38900,72324,36600,41664,78264,28867,32559,61426,20315,23630,43945,14636,16001,30637,8877,10365,19242,4379,8169,12548,1019,3309,4328,181370,207802,389172
2021-01-15,15681,14383,30064,18183,19409,37592,33983,39539,73522,37306,42418,79724,29411,33211,62622,20714,24078,44792,14846,16233,31079,8962,10488,19450,4402,8219,12621,1021,3317,4338,184509,211295,395804
2021-01-16,15752,14435,30187,18757,19969,38726,34455,40119,74574,37939,43124,81063,30023,33889,63912,21105,24481,45586,15067,16500,31567,9073,10606,19679,4429,8260,12689,1022,3326,4348,187622,214709,402331
2021-01-17,15821,14480,30301,19216,20484,39700,34927,40685,75612,38517,43754,82271,30645,34613,65258,21490,24864,46354,15234,16690,31924,9155,10698,19853,4447,8289,12736,1024,3329,4353,190476,217886,408362
2021-01-18,15915,14570,30485,19754,21030,40784,35544,41366,76910,39224,44516,83740,31333,35336,66669,21943,25351,47294,15505,16999,32504,9278,10830,20108,4483,8348,12831,1026,3333,4359,194005,221679,415684
2021-01-19,16019,14656,30675,20270,21585,41855,36111,41988,78099,39908,45274,85182,32008,36045,68053,22396,25840,48236,15775,17311,33086,9388,10984,20372,4506,8396,12902,1031,3346,4377,197412,225425,422837
2021-01-20,16120,14746,30866,20744,22077,42821,36628,42583,79211,40500,45923,86423,32573,36648,69221,22819,26294,49113,16063,17619,33682,9526,11140,20666,4532,8441,12973,1035,3358,4393,200540,228829,429369
2021-01-21,16237,14827,31064,21097,22487,43584,37157,43095,80252,40989,46489,87478,32991,37162,70153,23124,26692,49816,16264,17855,34119,9617,11249,20866,4561,8495,13056,1040,3379,4419,203077,231730,434807
2021-01-22,16319,14912,31231,21498,22860,44358,37539,43588,81127,41393,47018,88411,33403,37653,71056,23417,27014,50431,16446,18064,34510,9717,11365,21082,4582,8539,13121,1043,3382,4425,205357,234395,439752
2021-01-23,16367,14958,31325,21902,23273,45175,37953,44078,82031,41831,47529,89360,33834,38084,71918,23733,27367,51100,16577,18236,34813,9771,11435,21206,4601,8569,13170,1045,3385,4430,207614,236914,444528
2021-01-24,16428,15009,31437,22379,23767,46146,38399,44562,82961,42288,48053,90341,34371,38635,73006,24076,27718,51794,16756,18433,35189,9833,11521,21354,4623,8604,13227,1047,3390,4437,210200,239692,449892
2021-01-25,16520,15108,31628,22956,24339,47295,39024,45223,84247,42922,48734,91656,34931,39286,74217,24476,28160,52636,16989,18675,35664,9946,11647,21593,4660,8667,13327,1055,3408,4463,213479,243247,456726
2021-01-26,16645,15194,31839,23449,24830,48279,39514,45794,85308,43431,49289,92720,35446,39827,75273,24806,28560,53366,17194,18944,36138,10062,11773,21835,4693,8733,13426,1059,3419,4478,216299,246363,462662
2021-01-27,16763,15300,32063,23897,25268,49165,39982,46313,86295,43922,49860,93782,35877,40351,76228,25133,28924,54057,17395,19151,36546,10145,11865,22010,4731,8788,13519,1060,3434,4494,218905,249254,468159
2021-01-28,16853,15387,32240,24266,25653,49919,40351,46757,87108,44334,50317,94651,36262,40786,77048,25419,29242,54661,17581,19376,36957,10251,11976,22227,4760,8837,13597,1065,3449,4514,221142,251780,472922
2021-01-29,16922,15479,32401,24790,26155,50945,40853,47338,88191,44921,50980,95901,36804,41423,78227,25807,29674,55481,17814,19656,37470,10347,12115,22462,4784,8892,13676,1067,3456,4523,224109,255168,479277
2021-01-30,16982,15524,32506,25500,26874,52374,41344,47916,89260,45534,51704,97238,37533,42278,79811,26288,30156,56444,18033,19959,37992,10447,12253,22700,4808,8935,13743,1069,3465,4534,227538,259064,486602
2021-01-31,17041,15582,32623,26505,27942,54447,41945,48606,90551,46304,52670,98974,38615,43462,82077,26923,30827,57750,18316,20260,38576,10557,12394,22951,4834,8983,13817,1071,3475,4546,232111,264201,496312
2021-02-01,17123,15662,32785,27385,28857,56242,42531,49337,91868,47087,53575,100662,39555,44517,84072,27533,31445,58978,18642,20644,39286,10675,12586,23261,4873,9031,13904,1072,3487,4559,236476,269141,505617
2021-02-02,17212,15748,32960,28094,29639,57733,43071,49948,93019,47797,54421,102218,40408,45485,85893,28118,32071,60189,19011,21014,40025,10858,12806,23664,4914,9090,14004,1075,3500,4575,240558,273722,514280
2021-02-03,17271,15830,33101,28681,30185,58866,43538,50535,94073,48425,55119,103544,41048,46213,87261,28546,32601,61147,19338,21358,40696,11014,12985,23999,4955,9159,14114,1079,3512,4591,243895,277497,521392
2021-02-04,17344,15909,33253,29003,30545,59548,43882,51007,94889,48869,55623,104492,41403,46755,88158,28879,32987,61866,19520,21606,41126,11108,13127,24235,4984,9202,14186,1083,3528,4611,246075,280289,526364
2021-02-05,17428,15989,33417,29320,30865,60185,44241,51435,95676,49257,56072,105329,41762,47171,88933,29156,33303,62459,19705,21823,41528,11211,13257,24468,5003,9254,14257,1084,3537,4621,248167,282706,530873
2021-02-06,17481,16037,33518,29676,31251,60927,44567,51855,96422,49664,56596,106260,42137,47655,89792,29482,33652,63134,19865,22012,41877,11286,13352,24638,5027,9291,14318,1084,3545,4629,250269,285246,535515
2021-02-07,17539,16097,33636,30057,31655,61712,44900,52218,97118,50095,57101,107196,42538,48160,90698,29772,33991,63763,20032,22177,42209,11372,13450,24822,5044,9321,14365,1090,3549,4639,252439,287719,540158
2021-02-08,17630,16176,33806,30587,32254,62841,45407,52794,98201,50703,57894,108597,43191,48932,92123,30136,34432,64568,20262,22455,42717,11481,13582,25063,5073,9386,14459,1093,3568,4661,255563,291473,547036
2021-02-09,17719,16243,33962,31024,32718,63742,45862,53328,99190,51308,58554,109862,43735,49597,93332,30528,34878,65406,20523,22739,43262,11602,13726,25328,5107,9439,14546,1098,3584,4682,258506,294806,553312
2021-02-10,17801,16304,34105,31361,33052,64413,46257,53799,100056,51817,59143,110960,44215,50138,94353,30818,35265,66083,20730,22993,43723,11715,13847,25562,5136,9490,14626,1098,3596,4694,260948,297627,558575
2021-02-11,17872,16368,34240,31665,33384,65049,46611,54275,100886,52284,59719,112003,44641,50677,95318,31058,35645,66703,20924,23213,44137,11816,13960,25776,5164,9533,14697,1102,3602,4704,263137,300376,563513
2021-02-12,17950,16436,34386,31990,33768,65758,46970,54698,101668,52787,60322,113109,45076,51283,96359,31359,36036,67395,21113,23454,44567,11918,14084,26002,5196,9583,14779,1103,3612,4715,265462,303276,568738
2021-02-13,18009,16477,34486,32442,34245,66687,47333,55129,102462,53364,61028,114392,45667,52054,97721,31706,36467,68173,21318,23670,44988,11994,14190,26184,5218,9612,14830,1108,3624,4732,268159,306496,574655
2021-02-14,18052,16514,34566,32894,34731,67625,47635,55539,103174,53921,61751,115672,46326,52839,99165,32056,36890,68946,21523,23905,45428,12084,14303,26387,5234,9643,14877,1109,3639,4748,270834,309754,580588
2021-02-15,18092,16575,34667,33479,35346,68825,48089,56110,104199,54637,62681,117318,47129,53757,100886,32508,37412,69920,21738,24156,45894,12182,14428,26610,5257,9700,14957,1111,3651,4762,274222,313816,588038
2021-02-16,18151,16617,34768,34071,35920,69991,48671,56909,105580,55477,63662,119139,47951,54732,102683,32928,37890,70818,21955,24384,46339,12272,14563,26835,5272,9738,15010,1119,3656,4775,277867,318071,595938
2021-02-17,18233,16707,34940,34517,36371,70888,49376,57775,107151,56193,64517,120710,48539,55395,103934,33317,38361,71678,22267,24713,46980,12397,14710,27107,5292,9790,15082,1125,3666,4791,281256,322005,603261
2021-02-18,18313,16774,35087,34875,36785,71660,49977,58499,108476,56831,65290,122121,49053,56083,105136,33700,38785,72485,22516,25000,47516,12523,14865,27388,5327,9843,15170,1128,3674,4802,284243,325598,609841
2021-02-19,18400,16831,35231,35202,37207,72409,50497,59110,109607,57424,66072,123496,49558,56725,106283,34080,39248,73328,22756,25284,48040,12652,15024,27676,5356,9893,15249,1130,3686,4816,287055,329080,616135
2021-02-20,18468,16884,35352,35491,37572,73063,50961,59672,110633,57898,66748,124646,50004,57326,107330,34404,39668,74072,22923,25550,48473,12739,15133,27872,5381,9925,15306,1134,3688,4822,289403,332166,621569
2021-02-21,18551,16934,35485,35778,37935,73713,51365,60257,111622,58455,67441,125896,50467,57920,108387,34709,40053,74762,23124,25794,48918,12816,15237,28053,5406,9958,15364,1137,3696,4833,291808,335225,627033
2021-02-22,18657,17044,35701,36094,38356,74450,51874,60942,112816,59065,68212,127277,50950,58551,109501,35071,40503,75574,23371,26082,49453,12929,15362,28291,5455,9999,15454,1140,3705,4845,294606,338756,633362
2021-02-23,18766,17135,35901,36367,38685,75052,52333,61547,113880,59609,68863,128472,51394,59109,110503,35405,40918,76323,23618,26369,49987,13045,15504,28549,5492,10054,15546,1147,3721,4868,297176,341905,639081
2021-02-24,18854,17248,36102,36639,39006,75645,52728,62045,114773,60066,69408,129474,51768,59571,111339,35706,41268,76974,23844,26614,50458,13154,15638,28792,5523,10108,15631,1151,3733,4884,299433,344639,644072
2021-02-25,18984,17365,36349,36852,39256,76108,53127,62529,115656,60504,69897,130401,52099,59995,112094,35942,41589,77531,24034,26856,50890,13256,15763,29019,5549,10152,15701,1156,3747,4903,301503,347149,648652
2021-02-26,19096,17464,36560,37058,39526,76584,53545,63108,116653,60989,70458,131447,52467,60494,112961,36215,41953,78168,24236,27150,51386,13355,15894,29249,5573,10200,15773,1158,3762,4920,303692,350009,653701
2021-02-27,19169,17537,36706,37315,39872,77187,53979,63673,117652,61585,71068,132653,52836,60994,113830,36576,42395,78971,24498,27446,51944,13463,16024,29487,5603,10258,15861,1159,3775,4934,306183,353042,659225
2021-02-28,19262,17617,36879,37712,40342,78054,54559,64456,119015,62383,72030,134413,53451,61751,115202,37111,43061,80172,24875,27902,52777,13640,16213,29853,5639,10313,15952,1161,3782,4943,309793,357467,667260
2021-03-01,19432,17766,37198,38046,40756,78802,55135,65229,120364,63079,72791,135870,53957,62394,116351,37494,43539,81033,25169,28250,53419,13755,16380,30135,5676,10388,16064,1167,3809,4976,312910,361302,674212
2021-03-02,19623,17928,37551,38416,41201,79617,55761,66020,121781,63739,73643,137382,54499,63048,117547,37882,44079,81961,25429,28575,54004,13879,16489,30368,5719,10448,16167,1171,3819,4990,316118,365250,681368
2021-03-03,19803,18074,37877,38691,41561,80252,56246,66701,122947,64341,74379,138720,54934,63644,118578,38241,44576,82817,25759,28960,54719,14032,16646,30678,5752,10495,16247,1172,3834,5006,318971,368870,687841
2021-03-04,19965,18229,38194,38974,41902,80876,56737,67339,124076,64862,75067,139929,55357,64210,119567,38556,45072,83628,26052,29350,55402,14179,16825,31004,5789,10551,16340,1178,3856,5034,321649,372401,694050
2021-03-05,20126,18380,38506,39293,42251,81544,57224,68088,125312,65477,75874,141351,55774,64787,120561,38936,45594,84530,26350,29675,56025,14314,16979,31293,5819,10612,16431,1178,3871,5049,324491,376111,700602
2021-03-06,20235,18474,38709,39486,42529,82015,57642,68643,126285,66007,76519,142526,56138,65272,121410,39226,46000,85226,26543,29899,56442,14407,17103,31510,5847,10646,16493,1181,3880,5061,326712,378965,705677
2021-03-07,20346,18575,38921,39716,42822,82538,58095,69261,127356,66555,77213,143768,56520,65814,122334,39545,46475,86020,26816,30199,57015,14511,17222,31733,5873,10693,16566,1186,3884,5070,329163,382158,711321
2021-03-08,20548,18746,39294,40016,43263,83279,58659,70063,128722,67270,78061,145331,57055,66487,123542,40005,47090,87095,27188,30578,57766,14667,17392,32059,5904,10755,16659,1191,3899,5090,332503,386334,718837
2021-03-09,20782,18953,39735,40313,43619,83932,59217,70742,129959,67973,78887,146860,57551,67136,124687,40425,47660,88085,27565,31060,58625,14851,17579,32430,5939,10818,16757,1198,3914,5112,335814,390368,726182
2021-03-10,21027,19169,40196,40640,43988,84628,59741,71385,131126,68664,79689,148353,57991,67765,125756,40852,48224,89076,27910,31431,59341,14988,17749,32737,5980,10881,16861,1202,3925,5127,338995,394206,733201
2021-03-11,21224,19381,40605,40882,44302,85184,60166,72026,132192,69161,80381,149542,58374,68321,126695,41163,48636,89799,28144,31753,59897,15126,17881,33007,6011,10931,16942,1207,3940,5147,341458,397552,739010
2021-03-12,21476,19620,41096,41187,44733,85920,60662,72794,133456,69814,81241,151055,58858,68965,127823,41510,49183,90693,28461,32136,60597,15286,18043,33329,6054,11001,17055,1210,3956,5166,344518,401672,746190
2021-03-13,21641,19760,41401,41416,45030,86446,61161,73467,134628,70418,81935,152353,59240,69486,128726,41868,49665,91533,28768,32469,61237,15404,18176,33580,6079,11047,17126,1215,3960,5175,347210,404995,752205
2021-03-14,21792,19951,41743,41658,45305,86963,61622,74186,135808,71054,82698,153752,59644,70085,129729,42291,50211,92502,29055,32829,61884,15521,18331,33852,6102,11099,17201,1220,3972,5192,349959,408667,758626
2021-03-15,22105,20221,42326,42007,45706,87713,62240,75059,137299,71782,83572,155354,60167,70863,131030,42739,50841,93580,29438,33270,62708,15667,18537,34204,6140,11163,17303,1226,3985,5211,353511,413217,766728
2021-03-16,22380,20487,42867,42351,46119,88470,62757,75750,138507,72509,84392,156901,60667,71447,132114,43160,51376,94536,29768,33670,63438,15825,18709,34534,6175,11235,17410,1234,4005,5239,356826,417190,774016
2021-03-17,22618,20692,43310,42671,46522,89193,63290,76476,139766,73102,85126,158228,61098,72016,133114,43525,51883,95408,30089,34047,64136,15952,18875,34827,6209,11285,17494,1237,4019,5256,359791,420941,780732
2021-03-18,22812,20878,43690,42919,46852,89771,63748,77098,140846,73651,85764,159415,61480,72512,133992,43800,52277,96077,30345,34330,64675,16075,19029,35104,6227,11332,17559,1243,4032,5275,362300,424104,786404
2021-03-19,23024,21093,44117,43255,47236,90491,64236,77805,142041,74231,86525,160756,61904,73082,134986,44138,52756,96894,30592,34627,65219,16185,19166,35351,6257,11375,17632,1250,4042,5292,365072,427707,792779
2021-03-20,23135,21197,44332,43485,47513,90998,64641,78354,142995,74737,87131,161868,62262,73527,135789,44443,53157,97600,30847,34880,65727,16285,19276,35561,6279,11409,17688,1260,4050,5310,367374,430494,797868
2021-03-21,23278,21331,44609,43684,47778,91462,65083,78933,144016,75310,87768,163078,62623,74012,136635,44777,53598,98375,31083,35174,66257,16361,19390,35751,6307,11443,17750,1262,4060,5322,369768,433487,803255
2021-03-22,23511,21576,45087,44024,48137,92161,65645,79711,145356,76029,88605,164634,63116,74645,137761,45182,54160,99342,31371,35535,66906,16501,19556,36057,6343,11527,17870,1267,4095,5362,372989,437547,810536
2021-03-23,23735,21789,45524,44352,48520,92872,66157,80405,146562,76626,89391,166017,63569,75192,138761,45574,54632,100206,31685,35941,67626,16651,19726,36377,6376,11575,17951,1270,4117,5387,375995,441288,817283
2021-03-24,23892,21937,45829,44666,48834,93500,66592,80955,147547,77134,90010,167144,63938,75667,139605,45850,55014,100864,31881,36151,68032,16743,19850,36593,6395,11641,18036,1272,4141,5413,378363,444200,822563
2021-03-25,24068,22096,46164,44990,49249,94239,67049,81643,148692,77721,90766,168487,64414,76286,140700,46210,55477,101687,32112,36445,68557,16853,19975,36828,6433,11699,18132,1278,4156,5434,381128,447792,828920
2021-03-26,24293,22318,46611,45349,49711,95060,67571,82418,149989,78357,91545,169902,64880,76961,141841,46549,55978,102527,32364,36763,69127,16992,20128,37120,6469,11753,18222,1281,4173,5454,384105,451748,835853
2021-03-27,24448,22470,46918,45577,50034,95611,68029,83002,151031,78923,92249,171172,65277,77520,142797,46872,56453,103325,32625,37048,69673,17103,20257,37360,6495,11802,18297,1287,4180,5467,386636,455015,841651
2021-03-28,24573,22594,47167,45802,50327,96129,68422,83589,152011,79493,92982,172475,65707,78047,143754,47202,56922,104124,32853,37301,70154,17182,20333,37515,6519,11839,18358,1291,4190,5481,389044,458124,847168
2021-03-29,24788,22808,47596,46183,50724,96907,68941,84338,153279,80142,93748,173890,66180,78697,144877,47587,57405,104992,33104,37635,70739,17276,20425,37701,6538,11881,18419,1294,4201,5495,392033,461862,853895
2021-03-30,24999,23004,48003,46524,51098,97622,69413,85030,154443,80726,94508,175234,66605,79279,145884,47926,57835,105761,33327,37908,71235,17361,20523,37884,6569,11923,18492,1299,4212,5511,394749,465320,860069
2021-03-31,25165,23146,48311,46836,51425,98261,69934,85742,155676,81312,95294,176606,67029,79884,146913,48219,58257,106476,33479,38074,71553,17411,20589,38000,6595,11957,18552,1300,4222,5522,397280,468590,865870
2021-04-01,25296,23294,48590,47187,51805,98992,70480,86405,156885,81929,96019,177948,67418,80438,147856,48550,58677,107227,33674,38315,71989,17482,20692,38174,6614,11984,18598,1304,4233,5537,399934,471862,871796
2021-04-02,25455,23408,48863,47489,52169,99658,70967,87049,158016,82486,96665,179151,67828,80992,148820,48855,59091,107946,33868,38506,72374,17552,20765,38317,6634,12019,18653,1306,4247,5553,402440,474911,877351
2021-04-03,25574,23528,49102,47803,52580,100383,71474,87664,159138,83065,97357,180422,68277,81627,149904,49203,59490,108693,34068,38748,72816,17625,20852,38477,6656,12067,18723,1310,4256,5566,405055,478169,883224
2021-04-04,25729,23653,49382,48447,53314,101761,72282,88801,161083,84107,98713,182820,69156,82698,151854,49740,60142,109882,34320,39017,73337,17697,20937,38634,6681,12105,18786,1312,4265,5577,409471,483645,893116
2021-04-05,25930,23864,49794,49198,54190,103388,73296,90193,163489,85289,100173,185462,70190,83999,154189,50341,60876,111217,34638,39387,74025,17815,21062,38877,6710,12155,18865,1316,4277,5593,414723,490176,904899
2021-04-06,26154,24084,50238,49824,54873,104697,74320,91392,165712,86412,101546,187958,71093,85059,156152,50970,61627,112597,35041,39864,74905,17963,21232,39195,6743,12216,18959,1319,4293,5612,419839,496186,916025
2021-04-07,26389,24318,50707,50465,55558,106023,75305,92569,167874,87427,102776,190203,71989,86149,158138,51544,62417,113961,35366,40277,75643,18086,21380,39466,6768,12270,19038,1319,4306,5625,424658,502020,926678
2021-04-08,26596,24479,51075,50924,56128,107052,76093,93673,169766,88356,103920,192276,72695,87031,159726,52031,63133,115164,35667,40602,76269,18181,21511,39692,6795,12319,19114,1320,4318,5638,428658,507114,935772
2021-04-09,26752,24629,51381,51233,56488,107721,76577,94360,170937,88828,104543,193371,73109,87566,160675,52289,63522,115811,35838,40804,76642,18241,21599,39840,6805,12354,19159,1321,4325,5646,430993,510190,941183
2021-04-10,26864,24737,51601,51555,56903,108458,77103,95038,172141,89444,105258,194702,73575,88204,161779,52620,63961,116581,36023,41019,77042,18283,21665,39948,6818,12379,19197,1322,4330,5652,433607,513494,947101
2021-04-11,26970,24849,51819,51828,57260,109088,77550,95626,173176,90012,105975,195987,74070,88829,162899,52941,64407,117348,36204,41192,77396,18336,21712,40048,6834,12403,19237,1324,4336,5660,436069,516589,952658
2021-04-12,27093,24972,52065,52074,57525,109599,77971,96203,174174,90487,106618,197105,74482,89423,163905,53258,64820,118078,36331,41368,77699,18383,21782,40165,6848,12434,19282,1327,4341,5668,438254,519486,957740
2021-04-13,27127,25003,52130,52195,57652,109847,78231,96561,174792,90784,107035,197819,74728,89771,164499,53441,65052,118493,36380,41432,77812,18407,21811,40218,6854,12444,19298,1329,4341,5670,439476,521102,960578
2021-04-14,27131,25007,52138,52203,57669,109872,78250,96584,174834,90799,107062,197861,74743,89796,164539,53454,65070,118524,36388,41439,77827,18409,21818,40227,6856,12448,19304,1329,4341,5670,439562,521234,960796
2021-04-15,27132,25008,52140,52205,57670,109875,78259,96592,174851,90802,107069,197871,74748,89804,164552,53459,65076,118535,36388,41442,77830,18410,21819,40229,6856,12449,19305,1329,4342,5671,439588,521271,960859
2021-04-16,27132,25008,52140,52205,57670,109875,78259,96592,174851,90802,107069,197871,74748,89804,164552,53459,65076,118535,36388,41442,77830,18410,21819,40229,6856,12449,19305,1329,4342,5671,439588,521271,960859
