FECHA,<=10M,<=10F,<=10,11-20M,11-20F,11-20,21-30M,21-30F,21-30,31-40M,31-40F,31-40,41-50M,41-50F,41-50,51-60M,51-60F,51-60,61-70M,61-70F,61-70,71-80M,71-80F,71-80,81-90M,81-90F,81-90,>=91M,>=91F,>=91,TotalM,TotalF,Total,DelayCount,CumDelay,DelayAvg
2020-03-15,1,0,1,0,0,0,0,2,2,2,1,3,1,1,2,1,0,1,1,0,1,1,1,2,0,0,0,0,0,0,7,5,12,12,41,3.4166666666666665
2020-03-16,1,3,4,1,0,1,1,1,2,1,1,2,0,0,0,2,0,2,2,1,3,0,0,0,0,0,0,0,0,0,8,6,14,14,50,3.5714285714285716
2020-03-17,1,4,5,0,1,1,1,1,2,1,0,1,1,2,3,0,1,1,1,1,2,2,2,4,1,0,1,0,0,0,8,12,20,20,355,17.75
2020-03-18,2,1,3,0,0,0,0,0,0,3,1,4,0,2,2,1,1,2,1,2,3,1,0,1,1,0,1,0,0,0,9,7,16,16,25,1.5625
2020-03-19,1,0,1,0,0,0,3,2,5,2,2,4,2,1,3,0,0,0,1,1,2,1,1,2,0,0,0,1,0,1,11,7,18,18,39,2.1666666666666665
2020-03-20,1,1,2,1,0,1,0,0,0,1,2,3,0,1,1,0,1,1,0,1,1,2,2,4,1,0,1,0,0,0,6,8,14,14,28,2.0
2020-03-21,0,0,0,2,0,2,1,2,3,3,1,4,1,1,2,0,0,0,2,2,4,1,1,2,0,0,0,1,0,1,11,7,18,18,56,3.111111111111111
2020-03-22,2,0,2,0,0,0,3,1,4,0,0,0,0,0,0,2,1,3,0,1,1,2,0,2,3,2,5,0,0,0,12,5,17,17,41,2.411764705882353
2020-03-23,3,0,3,0,2,2,1,2,3,2,1,3,0,1,1,2,0,2,2,0,2,4,3,7,3,3,6,0,2,2,17,14,31,31,61,1.967741935483871
2020-03-24,1,0,1,0,0,0,1,1,2,1,1,2,0,2,2,2,2,4,0,1,1,2,0,2,2,1,3,1,0,1,10,8,18,18,29,1.6111111111111112
2020-03-25,1,3,4,0,0,0,2,3,5,1,4,5,1,0,1,1,2,3,3,1,4,2,2,4,2,4,6,2,1,3,15,20,35,35,48,1.3714285714285714
2020-03-26,4,3,7,2,0,2,1,2,3,4,2,6,1,4,5,3,2,5,1,3,4,3,2,5,5,0,5,2,1,3,26,19,45,45,160,3.5555555555555554
2020-03-27,2,3,5,0,1,1,1,2,3,3,0,3,1,4,5,1,3,4,2,5,7,4,6,10,3,2,5,2,6,8,19,32,51,51,115,2.2549019607843137
2020-03-28,2,0,2,0,0,0,1,2,3,2,1,3,1,1,2,3,1,4,3,0,3,4,6,10,2,1,3,1,0,1,19,12,31,31,107,3.4516129032258065
2020-03-29,1,0,1,1,1,2,1,2,3,2,1,3,2,2,4,0,0,0,6,3,9,4,1,5,4,2,6,2,1,3,23,13,36,36,79,2.1944444444444446
2020-03-30,3,1,4,0,0,0,1,6,7,3,2,5,6,2,8,1,1,2,5,1,6,3,5,8,5,1,6,3,2,5,30,21,51,51,99,1.9411764705882353
2020-03-31,7,2,9,1,0,1,4,1,5,5,2,7,5,2,7,2,1,3,5,2,7,5,3,8,2,3,5,4,0,4,40,16,56,56,107,1.9107142857142858
2020-04-01,9,8,17,0,2,2,5,3,8,6,2,8,10,4,14,3,3,6,4,3,7,6,3,9,5,5,10,0,1,1,48,34,82,82,192,2.341463414634146
2020-04-02,5,8,13,5,4,9,2,4,6,3,4,7,3,3,6,1,8,9,8,3,11,7,7,14,5,6,11,3,4,7,42,51,93,93,172,1.8494623655913978
2020-04-03,14,8,22,3,3,6,4,6,10,6,7,13,4,9,13,2,4,6,8,4,12,5,3,8,6,7,13,1,5,6,53,56,109,109,200,1.834862385321101
2020-04-04,7,11,18,2,2,4,2,7,9,2,10,12,5,2,7,6,0,6,5,2,7,2,4,6,4,2,6,1,3,4,36,43,79,79,125,1.5822784810126582
2020-04-05,5,7,12,4,2,6,5,1,6,6,2,8,8,2,10,4,2,6,1,10,11,6,8,14,3,4,7,2,3,5,44,41,85,85,142,1.6705882352941177
2020-04-06,10,7,17,3,2,5,6,3,9,10,2,12,9,4,13,9,2,11,6,7,13,10,4,14,7,4,11,1,2,3,71,37,108,108,166,1.537037037037037
2020-04-07,8,10,18,2,2,4,5,3,8,5,7,12,4,4,8,7,2,9,4,4,8,6,8,14,6,11,17,2,1,3,49,52,101,101,121,1.198019801980198
2020-04-08,7,6,13,4,2,6,2,5,7,5,2,7,7,4,11,5,3,8,6,5,11,9,4,13,2,3,5,3,6,9,50,40,90,90,109,1.211111111111111
2020-04-09,2,2,4,2,2,4,3,7,10,11,9,20,3,5,8,8,7,15,4,1,5,7,10,17,5,8,13,4,5,9,49,56,105,105,137,1.3047619047619048
2020-04-10,13,2,15,4,3,7,2,5,7,4,2,6,9,1,10,3,5,8,6,2,8,1,9,10,5,8,13,1,4,5,48,41,89,89,116,1.303370786516854
2020-04-11,5,4,9,3,2,5,7,4,11,6,3,9,5,2,7,2,4,6,3,6,9,7,2,9,4,8,12,1,4,5,43,39,82,82,103,1.2560975609756098
2020-04-12,9,5,14,2,0,2,1,3,4,6,2,8,3,5,8,9,1,10,3,5,8,3,8,11,3,4,7,1,2,3,40,35,75,75,118,1.5733333333333333
2020-04-13,6,9,15,4,3,7,10,6,16,4,8,12,5,5,10,4,5,9,7,4,11,5,8,13,8,8,16,4,6,10,57,62,119,119,146,1.226890756302521
2020-04-14,13,5,18,3,1,4,6,6,12,8,3,11,4,4,8,9,6,15,4,7,11,8,5,13,7,4,11,4,4,8,66,45,111,111,114,1.027027027027027
2020-04-15,9,3,12,4,5,9,2,6,8,6,7,13,7,12,19,4,8,12,8,2,10,9,3,12,7,7,14,5,3,8,61,56,117,117,165,1.4102564102564104
2020-04-16,8,2,10,4,5,9,7,4,11,10,13,23,10,8,18,7,7,14,4,10,14,6,4,10,5,5,10,0,4,4,61,62,123,123,122,0.991869918699187
2020-04-17,9,8,17,2,3,5,1,7,8,6,12,18,12,8,20,7,7,14,7,5,12,13,8,21,6,8,14,1,3,4,64,69,133,133,190,1.4285714285714286
2020-04-18,7,7,14,3,1,4,10,2,12,14,6,20,7,5,12,6,3,9,2,2,4,4,10,14,6,8,14,3,4,7,62,48,110,110,159,1.4454545454545455
2020-04-19,6,7,13,4,1,5,4,2,6,4,4,8,4,5,9,5,8,13,6,6,12,5,8,13,3,7,10,2,1,3,43,49,92,92,115,1.25
2020-04-20,11,6,17,8,8,16,12,5,17,12,9,21,9,7,16,9,3,12,11,8,19,15,11,26,10,8,18,4,15,19,101,80,181,181,205,1.132596685082873
2020-04-21,11,8,19,5,4,9,12,3,15,8,10,18,2,4,6,5,7,12,6,6,12,11,12,23,8,10,18,2,10,12,70,74,144,144,170,1.1805555555555556
2020-04-22,10,6,16,5,6,11,6,7,13,11,3,14,11,6,17,3,7,10,8,3,11,8,14,22,8,12,20,7,6,13,77,70,147,147,228,1.5510204081632653
2020-04-23,14,10,24,5,4,9,5,10,15,9,8,17,8,8,16,3,10,13,7,4,11,9,8,17,11,10,21,7,9,16,78,81,159,159,153,0.9622641509433962
2020-04-24,14,9,23,5,4,9,8,7,15,12,12,24,5,6,11,7,8,15,8,11,19,10,11,21,10,15,25,3,3,6,82,86,168,168,184,1.0952380952380953
2020-04-25,8,4,12,4,1,5,2,5,7,9,9,18,4,4,8,5,4,9,6,6,12,7,3,10,9,16,25,5,5,10,59,57,116,116,104,0.896551724137931
2020-04-26,6,15,21,6,5,11,3,4,7,4,2,6,8,5,13,2,3,5,6,7,13,5,7,12,7,7,14,1,3,4,48,58,106,106,92,0.8679245283018868
2020-04-27,11,10,21,6,3,9,5,7,12,3,9,12,4,10,14,10,7,17,7,7,14,20,6,26,11,14,25,3,5,8,80,78,158,158,130,0.8227848101265823
2020-04-28,13,7,20,4,5,9,11,9,20,10,9,19,7,9,16,6,8,14,5,8,13,3,12,15,6,14,20,2,4,6,67,85,152,152,118,0.7763157894736842
2020-04-29,16,8,24,5,3,8,11,6,17,18,11,29,11,7,18,8,6,14,4,8,12,9,6,15,3,14,17,5,10,15,90,79,169,169,138,0.8165680473372781
2020-04-30,16,9,25,8,2,10,9,4,13,5,6,11,11,8,19,7,11,18,10,9,19,7,9,16,8,17,25,8,7,15,89,82,171,171,138,0.8070175438596491
2020-05-01,1,12,13,6,5,11,1,6,7,9,10,19,10,6,16,5,3,8,11,5,16,7,8,15,8,11,19,0,3,3,58,69,127,127,110,0.8661417322834646
2020-05-02,5,14,19,5,7,12,6,2,8,10,5,15,7,5,12,7,2,9,3,3,6,8,2,10,6,12,18,1,3,4,58,55,113,113,113,1.0
2020-05-03,7,4,11,3,2,5,5,5,10,8,6,14,4,5,9,8,2,10,8,7,15,4,9,13,7,8,15,3,5,8,57,53,110,110,91,0.8272727272727273
2020-05-04,16,17,33,5,2,7,8,10,18,9,6,15,5,6,11,9,3,12,7,12,19,15,13,28,8,18,26,2,4,6,84,91,175,175,136,0.7771428571428571
2020-05-05,7,7,14,7,1,8,9,8,17,11,10,21,6,10,16,9,5,14,10,6,16,15,7,22,6,12,18,1,10,11,81,76,157,157,102,0.6496815286624203
2020-05-06,12,10,22,3,0,3,11,6,17,16,12,28,14,7,21,4,6,10,9,5,14,19,12,31,6,12,18,4,6,10,98,76,174,174,116,0.6666666666666666
2020-05-07,15,7,22,6,6,12,13,5,18,11,9,20,14,9,23,5,6,11,7,6,13,15,6,21,6,12,18,1,8,9,93,74,167,167,103,0.6167664670658682
2020-05-08,15,11,26,6,4,10,12,8,20,9,14,23,16,9,25,13,5,18,6,11,17,13,9,22,11,12,23,2,12,14,103,95,198,198,210,1.0606060606060606
2020-05-09,16,11,27,4,0,4,4,11,15,5,7,12,7,6,13,4,4,8,7,7,14,11,2,13,5,10,15,5,8,13,68,66,134,134,116,0.8656716417910447
2020-05-10,7,8,15,1,1,2,7,10,17,5,6,11,3,5,8,4,5,9,8,5,13,8,11,19,5,12,17,1,6,7,49,69,118,117,102,0.8717948717948718
2020-05-11,13,14,27,6,4,10,6,6,12,12,12,24,9,12,21,8,5,13,11,6,17,12,9,21,10,16,26,4,13,17,91,97,188,188,136,0.723404255319149
2020-05-12,15,8,23,6,8,14,22,17,39,21,6,27,8,11,19,6,4,10,9,7,16,6,11,17,10,14,24,5,11,16,108,97,205,205,146,0.7121951219512195
2020-05-13,21,11,32,9,7,16,17,8,25,13,20,33,14,7,21,8,8,16,6,8,14,9,7,16,8,14,22,1,9,10,106,99,205,205,175,0.8536585365853658
2020-05-14,18,21,39,9,7,16,12,16,28,19,16,35,11,7,18,5,10,15,10,11,21,9,9,18,9,13,22,2,15,17,104,125,229,229,208,0.9082969432314411
2020-05-15,17,17,34,8,5,13,6,9,15,11,12,23,10,13,23,11,7,18,9,9,18,7,6,13,10,20,30,5,10,15,94,108,202,201,182,0.9054726368159204
2020-05-16,7,14,21,8,5,13,3,9,12,9,13,22,6,7,13,6,7,13,6,5,11,10,5,15,6,4,10,5,14,19,66,83,149,149,203,1.3624161073825503
2020-05-17,13,13,26,3,5,8,9,7,16,6,7,13,8,11,19,3,2,5,6,7,13,6,4,10,10,10,20,4,6,10,68,72,140,140,98,0.7
2020-05-18,17,19,36,8,9,17,20,19,39,20,14,34,11,14,25,13,9,22,11,12,23,17,14,31,16,13,29,2,11,13,135,134,269,269,212,0.7881040892193308
2020-05-19,16,15,31,12,11,23,25,19,44,30,20,50,23,10,33,14,14,28,13,13,26,10,18,28,11,20,31,3,9,12,157,149,306,306,212,0.6928104575163399
2020-05-20,24,33,57,9,14,23,24,18,42,34,17,51,16,14,30,9,11,20,19,14,33,10,11,21,12,15,27,6,6,12,163,153,316,316,207,0.6550632911392406
2020-05-21,25,28,53,16,6,22,29,19,48,27,19,46,12,17,29,17,11,28,10,6,16,16,9,25,8,16,24,0,4,4,160,135,295,295,157,0.5322033898305085
2020-05-22,25,15,40,12,12,24,25,26,51,18,23,41,16,13,29,12,7,19,5,9,14,11,8,19,6,13,19,6,13,19,136,139,275,275,137,0.49818181818181817
2020-05-23,13,13,26,10,13,23,23,15,38,24,16,40,10,9,19,7,8,15,11,11,22,9,12,21,9,5,14,2,2,4,118,104,222,222,133,0.5990990990990991
2020-05-24,14,18,32,7,7,14,10,8,18,13,9,22,10,2,12,5,4,9,10,5,15,10,7,17,5,10,15,2,6,8,86,76,162,162,121,0.7469135802469136
2020-05-25,24,19,43,16,14,30,20,23,43,11,12,23,15,10,25,6,7,13,4,5,9,13,2,15,9,16,25,2,8,10,120,116,236,236,131,0.5550847457627118
2020-05-26,25,24,49,18,16,34,32,32,64,42,23,65,17,22,39,8,13,21,8,5,13,14,5,19,10,15,25,3,10,13,177,165,342,342,250,0.7309941520467836
2020-05-27,33,26,59,14,13,27,19,23,42,22,15,37,17,10,27,17,12,29,8,7,15,5,12,17,4,16,20,4,2,6,143,136,279,279,213,0.7634408602150538
2020-05-28,25,34,59,16,9,25,23,26,49,19,20,39,21,18,39,12,15,27,10,12,22,10,6,16,14,17,31,4,14,18,154,171,325,325,238,0.7323076923076923
2020-05-29,33,25,58,22,16,38,35,28,63,27,34,61,25,18,43,14,14,28,12,10,22,16,10,26,14,17,31,2,4,6,200,176,376,376,289,0.7686170212765957
2020-05-30,25,20,45,13,9,22,33,23,56,32,12,44,12,12,24,10,11,21,6,5,11,10,10,20,8,11,19,1,7,8,150,120,270,269,120,0.44609665427509293
2020-05-31,19,13,32,10,9,19,15,10,25,11,9,20,12,4,16,5,7,12,7,4,11,11,5,16,5,9,14,1,8,9,96,78,174,174,92,0.5287356321839081
2020-06-01,28,22,50,13,15,28,26,33,59,25,30,55,15,17,32,15,10,25,19,12,31,13,8,21,5,10,15,5,4,9,164,161,325,325,222,0.683076923076923
2020-06-02,36,23,59,19,19,38,30,23,53,20,25,45,17,17,34,9,11,20,16,8,24,21,11,32,6,14,20,4,11,15,178,162,340,340,205,0.6029411764705882
2020-06-03,28,16,44,14,24,38,24,26,50,23,34,57,12,21,33,8,10,18,14,12,26,16,11,27,11,15,26,2,10,12,152,179,331,331,186,0.5619335347432024
2020-06-04,24,22,46,16,18,34,29,25,54,17,22,39,14,13,27,21,13,34,10,6,16,19,12,31,10,15,25,3,10,13,163,156,319,318,207,0.6509433962264151
2020-06-05,33,31,64,11,16,27,33,21,54,26,34,60,26,20,46,19,21,40,12,13,25,15,11,26,11,20,31,3,9,12,189,196,385,385,335,0.8701298701298701
2020-06-06,19,19,38,11,11,22,20,15,35,27,24,51,12,12,24,13,7,20,10,9,19,10,10,20,10,16,26,2,9,11,134,132,266,261,181,0.6934865900383141
2020-06-07,13,19,32,12,11,23,17,10,27,16,13,29,14,9,23,10,7,17,7,3,10,8,6,14,11,12,23,2,8,10,110,98,208,205,116,0.5658536585365853
2020-06-08,24,26,50,17,21,38,31,25,56,34,28,62,34,18,52,19,16,35,12,11,23,16,15,31,10,17,27,4,7,11,201,184,385,385,243,0.6311688311688312
2020-06-09,44,26,70,20,20,40,17,32,49,24,29,53,29,19,48,16,7,23,12,6,18,8,14,22,12,26,38,3,11,14,185,190,375,374,321,0.8582887700534759
2020-06-10,19,21,40,11,15,26,36,19,55,25,33,58,26,19,45,20,17,37,17,12,29,20,23,43,6,20,26,6,14,20,186,193,379,379,266,0.7018469656992085
2020-06-11,28,30,58,13,16,29,26,26,52,29,26,55,14,21,35,15,22,37,11,18,29,16,14,30,7,24,31,3,14,17,162,211,373,373,265,0.710455764075067
2020-06-12,31,39,70,9,22,31,45,27,72,40,44,84,29,30,59,15,15,30,21,16,37,16,14,30,6,20,26,4,9,13,216,236,452,452,299,0.661504424778761
2020-06-13,28,25,53,20,20,40,30,30,60,31,21,52,7,18,25,15,12,27,10,5,15,13,8,21,6,15,21,2,7,9,162,161,323,323,223,0.6904024767801857
2020-06-14,17,23,40,17,13,30,20,19,39,19,12,31,16,12,28,8,15,23,9,4,13,3,12,15,13,21,34,1,8,9,123,139,262,262,181,0.6908396946564885
2020-06-15,23,29,52,21,16,37,26,28,54,19,19,38,19,12,31,12,10,22,11,3,14,12,8,20,7,15,22,2,10,12,152,150,302,302,187,0.6192052980132451
2020-06-16,45,47,92,16,19,35,55,39,94,47,27,74,30,23,53,20,14,34,15,12,27,14,6,20,12,22,34,3,14,17,257,223,480,480,295,0.6145833333333334
2020-06-17,33,32,65,15,22,37,46,32,78,35,42,77,33,19,52,24,14,38,16,11,27,9,19,28,16,14,30,2,9,11,229,214,443,443,367,0.8284424379232506
2020-06-18,41,36,77,13,12,25,50,32,82,48,49,97,35,18,53,28,22,50,20,17,37,11,17,28,16,21,37,2,12,14,264,236,500,500,429,0.858
2020-06-19,47,25,72,12,22,34,30,31,61,57,30,87,35,33,68,35,19,54,25,16,41,20,16,36,16,17,33,7,13,20,284,222,506,506,530,1.0474308300395256
2020-06-20,28,27,55,13,18,31,34,22,56,35,24,59,22,25,47,16,17,33,16,14,30,10,9,19,7,15,22,4,5,9,185,176,361,361,207,0.5734072022160664
2020-06-21,28,17,45,16,15,31,25,24,49,20,26,46,16,7,23,13,8,21,8,10,18,9,5,14,6,10,16,1,7,8,142,129,271,271,119,0.43911439114391143
2020-06-22,40,35,75,25,23,48,32,38,70,43,24,67,28,25,53,20,27,47,18,17,35,18,15,33,6,22,28,2,12,14,232,238,470,470,322,0.6851063829787234
2020-06-23,42,37,79,24,27,51,47,35,82,54,40,94,30,32,62,16,32,48,16,19,35,11,11,22,12,15,27,2,6,8,254,254,508,508,303,0.5964566929133859
2020-06-24,32,33,65,25,18,43,42,41,83,36,43,79,29,26,55,22,24,46,11,17,28,10,13,23,14,14,28,2,5,7,223,234,457,457,211,0.4617067833698031
2020-06-25,38,47,85,29,35,64,39,35,74,38,29,67,38,33,71,35,28,63,9,11,20,9,14,23,9,11,20,5,6,11,249,249,498,498,326,0.6546184738955824
2020-06-26,38,24,62,29,22,51,51,35,86,39,40,79,31,29,60,16,21,37,19,16,35,11,15,26,11,18,29,1,9,10,246,229,475,475,234,0.4926315789473684
2020-06-27,44,47,91,27,34,61,34,39,73,31,32,63,26,18,44,19,9,28,15,6,21,3,13,16,7,7,14,4,6,10,210,211,421,421,224,0.5320665083135392
2020-06-28,36,18,54,13,15,28,13,31,44,28,26,54,17,18,35,17,13,30,10,6,16,8,8,16,8,10,18,6,7,13,156,152,308,308,155,0.5032467532467533
2020-06-29,38,43,81,28,29,57,40,37,77,44,31,75,25,23,48,15,29,44,23,10,33,13,16,29,12,15,27,4,7,11,242,240,482,482,270,0.5601659751037344
2020-06-30,24,35,59,9,23,32,47,35,82,34,38,72,31,30,61,26,21,47,21,9,30,17,10,27,8,18,26,2,11,13,219,230,449,448,234,0.5223214285714286
2020-07-01,35,29,64,15,26,41,52,41,93,40,30,70,25,28,53,25,28,53,17,12,29,13,12,25,9,19,28,3,6,9,234,231,465,464,246,0.5301724137931034
2020-07-02,45,44,89,21,26,47,43,44,87,47,41,88,35,28,63,18,21,39,18,10,28,8,13,21,14,12,26,3,5,8,252,244,496,496,195,0.39314516129032256
2020-07-03,44,32,76,29,16,45,39,30,69,46,51,97,25,31,56,21,20,41,18,13,31,10,16,26,9,17,26,4,4,8,245,230,475,475,243,0.511578947368421
2020-07-04,27,32,59,18,17,35,32,37,69,27,27,54,27,17,44,19,13,32,9,8,17,9,12,21,6,9,15,3,6,9,177,178,355,355,161,0.4535211267605634
2020-07-05,21,28,49,19,12,31,26,33,59,28,28,56,10,21,31,17,16,33,17,14,31,15,14,29,8,14,22,3,8,11,164,188,352,352,169,0.48011363636363635
2020-07-06,24,31,55,18,15,33,43,39,82,53,26,79,32,28,60,28,23,51,23,22,45,18,27,45,10,23,33,3,9,12,252,243,495,495,155,0.31313131313131315
2020-07-07,38,56,94,19,24,43,53,43,96,48,39,87,26,32,58,29,19,48,19,16,35,12,12,24,10,20,30,7,12,19,261,273,534,534,205,0.3838951310861423
2020-07-08,38,25,63,28,27,55,52,37,89,35,39,74,43,38,81,20,30,50,16,17,33,16,22,38,12,15,27,4,14,18,264,264,528,528,239,0.45265151515151514
2020-07-09,28,19,47,15,12,27,27,27,54,35,25,60,29,26,55,13,13,26,8,16,24,9,23,32,4,15,19,6,7,13,174,183,357,357,147,0.4117647058823529
2020-07-10,25,20,45,21,21,42,28,27,55,30,29,59,23,21,44,13,13,26,19,16,35,16,12,28,12,16,28,2,11,13,189,186,375,375,139,0.37066666666666664
2020-07-11,23,34,57,18,9,27,20,25,45,25,31,56,20,26,46,16,20,36,19,11,30,12,19,31,4,17,21,2,11,13,159,203,362,362,159,0.43922651933701656
2020-07-12,20,17,37,16,8,24,19,19,38,24,15,39,15,11,26,8,10,18,10,10,20,10,5,15,6,12,18,4,6,10,132,113,245,245,91,0.37142857142857144
2020-07-13,27,40,67,24,22,46,42,37,79,38,40,78,37,34,71,26,34,60,32,25,57,20,33,53,12,47,59,2,24,26,260,336,596,596,344,0.5771812080536913
2020-07-14,33,32,65,26,17,43,35,27,62,62,38,100,36,34,70,29,17,46,23,25,48,18,28,46,6,17,23,7,14,21,275,249,524,524,234,0.44656488549618323
2020-07-15,28,33,61,32,23,55,37,59,96,58,51,109,39,41,80,26,32,58,22,23,45,11,18,29,14,15,29,7,5,12,274,300,574,574,235,0.4094076655052265
2020-07-16,43,26,69,18,32,50,46,54,100,51,38,89,36,42,78,27,31,58,18,15,33,16,18,34,18,31,49,2,17,19,275,304,579,579,326,0.5630397236614854
2020-07-17,38,35,73,24,20,44,31,42,73,39,48,87,38,50,88,30,37,67,24,27,51,18,17,35,16,20,36,4,10,14,262,306,568,568,269,0.4735915492957746
2020-07-18,26,25,51,17,14,31,39,34,73,35,40,75,28,31,59,26,23,49,26,19,45,10,10,20,15,21,36,2,6,8,224,223,447,447,246,0.5503355704697986
2020-07-19,28,31,59,12,18,30,25,24,49,26,30,56,24,24,48,23,23,46,13,11,24,13,8,21,11,17,28,2,6,8,177,192,369,369,141,0.3821138211382114
2020-07-20,47,42,89,38,28,66,53,49,102,54,63,117,43,60,103,34,41,75,29,37,66,20,23,43,21,20,41,3,11,14,342,374,716,716,276,0.3854748603351955
2020-07-21,41,33,74,25,22,47,46,42,88,62,48,110,42,39,81,34,36,70,27,27,54,21,25,46,13,26,39,5,10,15,316,308,624,624,238,0.3814102564102564
2020-07-22,56,35,91,23,24,47,67,51,118,55,56,111,52,41,93,30,29,59,16,24,40,24,20,44,14,31,45,1,10,11,338,321,659,659,257,0.3899848254931715
2020-07-23,46,39,85,26,22,48,55,53,108,51,56,107,35,33,68,31,25,56,18,23,41,17,21,38,8,21,29,6,9,15,293,302,595,595,335,0.5630252100840336
2020-07-24,31,36,67,21,22,43,56,50,106,55,65,120,40,37,77,31,24,55,30,14,44,12,23,35,12,25,37,2,14,16,290,310,600,600,299,0.49833333333333335
2020-07-25,31,31,62,27,13,40,37,43,80,42,41,83,31,32,63,13,13,26,14,17,31,14,13,27,10,17,27,5,4,9,224,224,448,448,243,0.5424107142857143
2020-07-26,27,28,55,14,14,28,23,20,43,25,27,52,31,13,44,18,18,36,11,10,21,14,10,24,7,16,23,5,6,11,175,162,337,337,168,0.49851632047477745
2020-07-27,29,38,67,27,24,51,50,41,91,54,47,101,46,47,93,30,41,71,26,24,50,18,21,39,17,20,37,5,19,24,302,322,624,624,275,0.4407051282051282
2020-07-28,39,34,73,24,23,47,63,71,134,58,45,103,44,44,88,39,41,80,32,29,61,14,29,43,10,26,36,5,20,25,328,362,690,690,280,0.4057971014492754
2020-07-29,39,38,77,26,29,55,63,53,116,55,54,109,57,49,106,33,43,76,25,32,57,23,21,44,18,29,47,5,24,29,344,372,716,716,283,0.3952513966480447
2020-07-30,48,37,85,33,37,70,84,66,150,65,62,127,57,41,98,43,43,86,24,29,53,16,18,34,8,19,27,1,6,7,379,358,737,737,325,0.44097693351424694
2020-07-31,36,43,79,19,27,46,52,69,121,74,64,138,51,39,90,38,35,73,23,33,56,21,25,46,11,28,39,6,18,24,331,381,712,712,331,0.4648876404494382
2020-08-01,27,26,53,14,24,38,30,40,70,34,42,76,29,40,69,30,27,57,20,8,28,20,16,36,12,22,34,1,11,12,217,256,473,473,235,0.49682875264270615
2020-08-02,33,25,58,16,18,34,30,21,51,34,34,68,22,33,55,19,23,42,11,18,29,7,18,25,12,15,27,2,7,9,186,212,398,398,174,0.4371859296482412
2020-08-03,45,48,93,28,29,57,52,53,105,58,47,105,35,46,81,30,34,64,31,22,53,11,21,32,14,32,46,4,14,18,308,346,654,654,323,0.4938837920489297
2020-08-04,47,35,82,33,35,68,67,44,111,65,55,120,57,40,97,41,34,75,26,21,47,17,23,40,17,31,48,5,15,20,375,333,708,708,329,0.4646892655367232
2020-08-05,43,42,85,35,25,60,58,43,101,48,58,106,37,40,77,39,45,84,29,29,58,22,21,43,17,20,37,3,8,11,331,331,662,662,457,0.6903323262839879
2020-08-06,43,32,75,23,36,59,58,58,116,55,64,119,54,55,109,33,43,76,28,22,50,19,21,40,16,24,40,5,12,17,334,367,701,700,388,0.5542857142857143
2020-08-07,53,42,95,27,27,54,59,58,117,62,52,114,43,59,102,40,26,66,19,24,43,19,29,48,14,37,51,5,23,28,341,377,718,718,309,0.43036211699164345
2020-08-08,33,31,64,20,18,38,35,39,74,60,53,113,35,39,74,30,32,62,20,20,40,13,24,37,11,21,32,1,20,21,258,297,555,555,178,0.3207207207207207
2020-08-09,28,29,57,15,12,27,31,35,66,40,33,73,27,40,67,29,30,59,19,19,38,14,22,36,16,44,60,4,18,22,223,282,505,505,176,0.3485148514851485
2020-08-10,51,37,88,31,27,58,67,57,124,68,48,116,53,53,106,37,37,74,19,18,37,17,26,43,13,20,33,4,11,15,360,334,694,694,266,0.38328530259365995
2020-08-11,39,39,78,39,24,63,65,59,124,80,64,144,59,58,117,41,42,83,30,24,54,23,31,54,15,27,42,7,12,19,398,380,778,778,332,0.4267352185089974
2020-08-12,38,44,82,37,27,64,54,76,130,49,88,137,57,56,113,37,41,78,28,25,53,15,27,42,12,21,33,5,16,21,332,421,753,753,266,0.35325365205843295
2020-08-13,28,37,65,38,25,63,77,75,152,86,86,172,53,55,108,49,44,93,21,34,55,27,18,45,11,26,37,4,15,19,394,415,809,809,286,0.3535228677379481
2020-08-14,26,29,55,20,27,47,85,79,164,63,70,133,66,46,112,42,43,85,33,31,64,22,31,53,13,21,34,3,12,15,373,389,762,762,310,0.4068241469816273
2020-08-15,43,24,67,33,24,57,44,53,97,51,60,111,29,51,80,30,29,59,24,20,44,15,32,47,9,45,54,4,16,20,282,354,636,636,243,0.38207547169811323
2020-08-16,34,21,55,14,11,25,47,40,87,37,39,76,21,34,55,21,21,42,12,22,34,16,16,32,9,32,41,4,21,25,215,257,472,471,194,0.4118895966029724
2020-08-17,27,17,44,23,20,43,51,48,99,52,55,107,43,45,88,34,45,79,16,36,52,16,14,30,9,21,30,0,13,13,271,314,585,585,241,0.41196581196581195
2020-08-18,45,42,87,32,16,48,57,56,113,80,69,149,48,42,90,31,61,92,21,35,56,23,28,51,9,18,27,0,17,17,346,384,730,730,236,0.3232876712328767
2020-08-19,50,37,87,25,29,54,51,69,120,68,64,132,43,49,92,38,33,71,19,29,48,18,30,48,13,37,50,4,17,21,329,394,723,723,232,0.32088520055325037
2020-08-20,26,31,57,25,22,47,63,65,128,50,64,114,32,46,78,35,33,68,26,31,57,13,21,34,16,22,38,3,13,16,289,348,637,637,260,0.40816326530612246
2020-08-21,28,45,73,33,25,58,50,54,104,64,73,137,55,50,105,43,50,93,34,34,68,23,37,60,14,35,49,5,10,15,349,413,762,762,332,0.4356955380577428
2020-08-22,14,18,32,29,20,49,40,37,77,39,58,97,39,32,71,24,23,47,25,23,48,14,22,36,10,14,24,3,15,18,237,262,499,499,236,0.4729458917835671
2020-08-23,24,31,55,15,15,30,28,27,55,34,39,73,27,23,50,24,30,54,18,19,37,10,22,32,12,7,19,5,4,9,197,217,414,414,126,0.30434782608695654
2020-08-24,46,47,93,25,27,52,53,67,120,64,60,124,50,62,112,50,36,86,27,34,61,21,25,46,16,22,38,5,18,23,357,398,755,755,312,0.41324503311258276
2020-08-25,29,35,64,34,23,57,59,75,134,70,82,152,44,46,90,35,44,79,22,30,52,15,19,34,16,31,47,6,15,21,330,400,730,730,294,0.40273972602739727
2020-08-26,48,22,70,28,32,60,75,68,143,66,60,126,44,57,101,38,39,77,30,24,54,22,28,50,17,29,46,3,15,18,371,374,745,745,289,0.38791946308724834
2020-08-27,44,32,76,38,36,74,78,69,147,74,68,142,58,58,116,46,40,86,21,32,53,25,26,51,18,32,50,5,21,26,407,414,821,821,290,0.35322777101096225
2020-08-28,41,37,78,46,28,74,86,84,170,68,75,143,61,64,125,47,58,105,28,41,69,30,27,57,12,20,32,4,10,14,423,444,867,867,369,0.42560553633217996
2020-08-29,31,19,50,16,16,32,61,52,113,49,72,121,46,43,89,32,32,64,30,22,52,18,19,37,10,24,34,3,16,19,296,315,611,611,325,0.5319148936170213
2020-08-30,24,31,55,25,17,42,47,38,85,49,36,85,40,41,81,29,27,56,17,23,40,13,17,30,7,13,20,3,5,8,254,248,502,502,149,0.2968127490039841
2020-08-31,40,29,69,31,28,59,68,61,129,61,66,127,56,56,112,31,38,69,30,39,69,28,28,56,20,40,60,2,14,16,367,399,766,766,428,0.5587467362924282
2020-09-01,41,39,80,25,43,68,68,72,140,90,77,167,67,42,109,36,59,95,23,27,50,17,28,45,14,43,57,7,15,22,388,445,833,832,329,0.3954326923076923
2020-09-02,35,25,60,25,20,45,48,68,116,55,76,131,49,43,92,38,40,78,18,24,42,28,25,53,17,27,44,4,30,34,317,378,695,695,360,0.5179856115107914
2020-09-03,36,31,67,35,28,63,76,76,152,95,80,175,58,55,113,43,35,78,25,33,58,18,25,43,12,28,40,4,9,13,402,400,802,802,350,0.43640897755610975
2020-09-04,38,40,78,29,32,61,64,67,131,74,75,149,60,70,130,32,43,75,34,43,77,26,24,50,14,26,40,3,16,19,374,436,810,810,356,0.43950617283950616
2020-09-05,27,24,51,18,14,32,52,49,101,58,71,129,41,58,99,26,36,62,30,29,59,18,18,36,16,20,36,2,7,9,288,326,614,614,353,0.5749185667752443
2020-09-06,26,26,52,16,16,32,23,40,63,39,36,75,31,32,63,17,30,47,16,25,41,10,22,32,13,16,29,1,9,10,192,252,444,444,184,0.4144144144144144
2020-09-07,30,33,63,27,31,58,70,80,150,78,72,150,53,65,118,39,59,98,42,32,74,16,26,42,14,31,45,7,14,21,376,443,819,819,344,0.42002442002442003
2020-09-08,35,31,66,31,27,58,63,68,131,83,74,157,55,56,111,50,54,104,32,42,74,30,27,57,17,27,44,7,22,29,403,428,831,831,389,0.4681107099879663
2020-09-09,38,32,70,23,34,57,71,63,134,67,66,133,55,53,108,47,47,94,31,44,75,22,30,52,15,37,52,1,19,20,370,425,795,795,406,0.5106918238993711
2020-09-10,33,21,54,36,28,64,82,75,157,83,90,173,69,57,126,43,49,92,28,28,56,23,26,49,12,35,47,2,16,18,411,425,836,836,417,0.4988038277511962
2020-09-11,34,33,67,45,26,71,62,55,117,64,83,147,55,65,120,45,62,107,37,33,70,26,29,55,18,27,45,3,10,13,389,423,812,812,397,0.48891625615763545
2020-09-12,25,23,48,20,24,44,38,38,76,38,53,91,29,40,69,31,39,70,28,28,56,23,24,47,12,31,43,2,14,16,246,314,560,560,287,0.5125
2020-09-13,31,25,56,13,13,26,39,48,87,42,56,98,24,27,51,28,25,53,30,27,57,13,11,24,3,14,17,5,9,14,228,255,483,483,187,0.38716356107660455
2020-09-14,36,37,73,29,31,60,65,84,149,68,71,139,49,60,109,55,52,107,40,44,84,28,29,57,18,19,37,2,10,12,390,437,827,827,362,0.437726723095526
2020-09-15,42,29,71,21,17,38,63,42,105,67,90,157,45,47,92,34,43,77,36,38,74,23,34,57,15,34,49,1,13,14,347,387,734,734,385,0.5245231607629428
2020-09-16,48,41,89,44,43,87,76,90,166,65,82,147,58,60,118,41,48,89,33,37,70,24,20,44,16,31,47,3,11,14,408,463,871,871,301,0.3455797933409874
2020-09-17,36,33,69,29,44,73,61,64,125,61,68,129,58,72,130,52,59,111,40,40,80,27,28,55,15,19,34,3,4,7,382,431,813,813,378,0.46494464944649444
2020-09-18,41,44,85,24,40,64,63,77,140,88,93,181,48,59,107,38,47,85,30,47,77,32,28,60,13,24,37,3,12,15,380,471,851,851,357,0.4195064629847238
2020-09-19,15,36,51,15,26,41,32,33,65,38,50,88,29,28,57,23,22,45,32,25,57,19,22,41,15,20,35,3,7,10,221,269,490,490,228,0.46530612244897956
2020-09-20,26,29,55,28,27,55,33,34,67,41,33,74,28,28,56,20,28,48,13,20,33,21,17,38,4,18,22,3,8,11,217,242,459,459,122,0.2657952069716776
2020-09-21,35,36,71,29,36,65,63,54,117,61,76,137,47,53,100,40,34,74,36,36,72,26,28,54,11,15,26,1,10,11,349,378,727,727,314,0.43191196698762035
2020-09-22,48,39,87,39,45,84,63,76,139,66,70,136,60,39,99,50,50,100,37,28,65,28,31,59,13,34,47,3,13,16,407,425,832,832,291,0.34975961538461536
2020-09-23,47,35,82,25,28,53,48,76,124,61,73,134,46,53,99,39,44,83,32,35,67,20,38,58,11,25,36,2,12,14,331,419,750,750,250,0.3333333333333333
2020-09-24,49,44,93,38,37,75,71,63,134,82,75,157,58,55,113,36,37,73,15,54,69,18,28,46,23,25,48,7,22,29,397,440,837,837,312,0.3727598566308244
2020-09-25,42,27,69,30,25,55,62,66,128,61,61,122,59,53,112,36,43,79,33,43,76,23,27,50,19,25,44,0,11,11,365,381,746,746,360,0.48257372654155495
2020-09-26,25,21,46,26,20,46,41,40,81,47,40,87,37,37,74,25,41,66,23,23,46,17,16,33,10,19,29,6,9,15,257,266,523,523,199,0.38049713193116635
2020-09-27,26,29,55,16,25,41,44,48,92,32,38,70,38,29,67,29,30,59,22,18,40,7,18,25,9,14,23,2,6,8,225,255,480,480,159,0.33125
2020-09-28,37,28,65,31,29,60,57,56,113,70,67,137,66,44,110,55,58,113,49,27,76,21,30,51,17,27,44,4,20,24,407,386,793,793,336,0.42370744010088274
2020-09-29,49,41,90,36,45,81,80,58,138,89,81,170,64,54,118,41,44,85,42,47,89,31,50,81,22,38,60,3,24,27,457,482,939,939,263,0.28008519701810436
2020-09-30,43,37,80,32,38,70,70,75,145,68,68,136,53,51,104,45,52,97,38,48,86,30,31,61,10,25,35,5,9,14,394,434,828,828,330,0.39855072463768115
2020-10-01,45,51,96,29,58,87,75,86,161,82,82,164,45,66,111,46,41,87,41,42,83,28,50,78,14,19,33,4,10,14,409,505,914,914,358,0.3916849015317287
2020-10-02,60,54,114,34,37,71,63,83,146,63,83,146,47,65,112,52,40,92,42,42,84,30,41,71,14,35,49,4,17,21,409,497,906,906,458,0.5055187637969095
2020-10-03,26,27,53,23,31,54,51,48,99,46,49,95,39,35,74,35,29,64,18,28,46,21,18,39,7,19,26,3,7,10,269,291,560,560,238,0.425
2020-10-04,30,32,62,22,23,45,42,43,85,34,35,69,37,35,72,28,25,53,20,21,41,13,15,28,10,26,36,3,3,6,239,258,497,497,232,0.46680080482897385
2020-10-05,24,39,63,29,30,59,56,61,117,85,76,161,80,53,133,49,50,99,58,37,95,33,46,79,20,27,47,3,7,10,437,426,863,863,398,0.46118192352259557
2020-10-06,34,52,86,39,38,77,66,57,123,79,69,148,81,50,131,50,45,95,36,41,77,31,36,67,18,27,45,6,11,17,440,426,866,866,316,0.3648960739030023
2020-10-07,47,35,82,23,26,49,70,74,144,84,89,173,58,63,121,40,62,102,38,45,83,30,33,63,18,29,47,8,7,15,416,463,879,879,291,0.3310580204778157
2020-10-08,46,36,82,38,28,66,69,76,145,67,74,141,58,61,119,44,55,99,36,37,73,26,38,64,16,27,43,5,24,29,405,456,861,861,402,0.46689895470383275
2020-10-09,34,47,81,51,45,96,55,87,142,86,102,188,58,70,128,48,60,108,39,46,85,25,39,64,11,26,37,4,15,19,411,537,948,948,562,0.5928270042194093
2020-10-10,25,33,58,34,26,60,61,58,119,62,63,125,41,52,93,35,51,86,37,32,69,15,30,45,18,22,40,9,13,22,337,380,717,717,423,0.5899581589958159
2020-10-11,30,28,58,21,21,42,45,59,104,56,64,120,50,42,92,34,29,63,36,36,72,19,31,50,15,24,39,1,9,10,307,343,650,650,379,0.583076923076923
2020-10-12,25,33,58,42,35,77,76,84,160,76,82,158,60,73,133,50,73,123,55,42,97,38,45,83,24,46,70,2,19,21,448,532,980,980,389,0.39693877551020407
2020-10-13,58,50,108,57,44,101,115,113,228,107,131,238,70,89,159,81,95,176,58,53,111,39,55,94,29,51,80,8,24,32,622,705,1327,1327,524,0.3948756593820648
2020-10-14,51,49,100,38,55,93,97,120,217,106,123,229,69,89,158,63,73,136,54,52,106,52,56,108,22,33,55,0,20,20,552,670,1222,1222,539,0.4410801963993453
2020-10-15,49,43,92,53,55,108,112,117,229,133,135,268,102,115,217,78,86,164,67,72,139,34,55,89,18,39,57,9,15,24,655,732,1387,1387,523,0.37707281903388606
2020-10-16,62,42,104,49,65,114,137,157,294,141,116,257,109,109,218,82,92,174,59,67,126,41,59,100,27,48,75,3,35,38,710,790,1500,1500,605,0.4033333333333333
2020-10-17,26,33,59,33,39,72,96,78,174,91,108,199,77,83,160,42,50,92,40,53,93,41,41,82,14,33,47,4,15,19,464,533,997,997,451,0.45235707121364094
2020-10-18,24,30,54,25,28,53,38,54,92,60,77,137,34,50,84,40,38,78,29,27,56,23,39,62,12,38,50,1,13,14,286,394,680,680,368,0.5411764705882353
2020-10-19,73,53,126,51,61,112,124,155,279,137,157,294,128,136,264,93,91,184,83,75,158,52,64,116,25,44,69,3,15,18,769,851,1620,1620,829,0.5117283950617284
2020-10-20,56,62,118,60,58,118,148,135,283,128,140,268,109,131,240,84,93,177,69,63,132,37,53,90,34,47,81,1,23,24,726,805,1531,1531,1047,0.6838667537557153
2020-10-21,40,34,74,74,52,126,100,139,239,104,107,211,88,93,181,74,60,134,61,52,113,35,46,81,21,48,69,3,20,23,600,651,1251,1251,757,0.6051159072741806
2020-10-22,42,38,80,63,71,134,89,106,195,88,102,190,81,102,183,65,79,144,43,55,98,31,40,71,25,40,65,6,22,28,533,655,1188,1188,836,0.7037037037037037
2020-10-23,37,32,69,47,40,87,77,92,169,78,96,174,60,89,149,55,55,110,46,60,106,42,40,82,25,19,44,5,25,30,472,548,1020,1020,809,0.7931372549019607
2020-10-24,20,24,44,21,35,56,64,51,115,49,60,109,47,49,96,36,37,73,22,32,54,29,29,58,8,23,31,5,13,18,301,353,654,654,589,0.900611620795107
2020-10-25,39,30,69,20,28,48,62,67,129,61,89,150,50,49,99,47,57,104,32,33,65,26,33,59,8,19,27,4,3,7,349,408,757,757,702,0.9273447820343461
2020-10-26,47,38,85,65,49,114,90,104,194,104,120,224,72,101,173,70,84,154,46,55,101,38,50,88,17,46,63,5,20,25,554,667,1221,1221,1061,0.868959868959869
2020-10-27,41,44,85,46,41,87,114,122,236,101,97,198,99,88,187,73,92,165,65,81,146,44,56,100,17,28,45,3,8,11,603,657,1260,1260,1068,0.8476190476190476
2020-10-28,45,45,90,42,42,84,81,121,202,104,108,212,61,80,141,68,76,144,56,51,107,34,37,71,12,34,46,4,14,18,507,608,1115,1115,903,0.809865470852018
2020-10-29,36,33,69,37,44,81,118,100,218,121,116,237,77,90,167,52,67,119,54,56,110,30,33,63,17,29,46,2,8,10,544,576,1120,1120,1080,0.9642857142857143
2020-10-30,37,27,64,31,49,80,83,121,204,97,105,202,76,78,154,50,61,111,46,54,100,24,35,59,19,30,49,5,17,22,468,577,1045,1045,830,0.7942583732057417
2020-10-31,28,22,50,22,27,49,53,57,110,55,73,128,42,57,99,38,35,73,33,39,72,22,25,47,8,15,23,3,4,7,304,354,658,658,563,0.8556231003039514
2020-11-01,41,35,76,31,49,80,62,73,135,65,83,148,67,55,122,42,55,97,35,50,85,27,28,55,10,21,31,3,6,9,383,455,838,838,705,0.8412887828162291
2020-11-02,42,47,89,43,51,94,94,114,208,107,96,203,73,92,165,72,64,136,63,62,125,35,37,72,18,26,44,3,15,18,550,604,1154,1154,932,0.8076256499133448
2020-11-03,37,30,67,29,30,59,77,91,168,85,81,166,62,46,108,48,53,101,44,42,86,36,32,68,21,36,57,2,12,14,441,453,894,894,659,0.7371364653243848
2020-11-04,41,43,84,41,48,89,120,124,244,100,115,215,102,105,207,70,77,147,70,61,131,43,41,84,22,43,65,11,14,25,620,671,1291,1291,753,0.5832687838884586
2020-11-05,47,42,89,69,58,127,140,126,266,130,123,253,109,101,210,88,98,186,45,63,108,36,40,76,20,30,50,3,14,17,687,695,1382,1382,918,0.6642547033285094
2020-11-06,31,37,68,28,46,74,74,80,154,65,81,146,45,53,98,54,56,110,39,49,88,30,42,72,15,30,45,4,9,13,385,483,868,868,717,0.826036866359447
2020-11-07,30,35,65,29,39,68,57,75,132,54,80,134,52,57,109,45,58,103,40,45,85,29,31,60,23,20,43,7,5,12,366,445,811,811,618,0.7620221948212084
2020-11-08,43,46,89,38,40,78,69,64,133,67,86,153,53,64,117,36,49,85,45,46,91,31,32,63,10,17,27,4,4,8,396,448,844,844,691,0.8187203791469194
2020-11-09,56,55,111,71,45,116,89,114,203,110,136,246,81,98,179,84,76,160,59,64,123,25,41,66,26,40,66,3,10,13,604,679,1283,1283,1001,0.7802026500389712
2020-11-10,38,32,70,41,39,80,88,82,170,99,101,200,65,63,128,54,57,111,64,46,110,33,35,68,24,29,53,4,11,15,510,495,1005,1005,668,0.6646766169154229
2020-11-11,48,38,86,36,46,82,100,104,204,97,97,194,84,78,162,63,75,138,44,41,85,38,34,72,20,39,59,4,18,22,534,570,1104,1104,772,0.6992753623188406
2020-11-12,52,37,89,46,40,86,83,116,199,110,112,222,94,90,184,72,56,128,47,75,122,41,45,86,21,37,58,3,12,15,569,620,1189,1189,766,0.6442388561816653
2020-11-13,47,31,78,52,39,91,92,115,207,84,105,189,77,77,154,63,62,125,62,65,127,38,42,80,21,32,53,4,15,19,540,583,1123,1123,745,0.6634016028495102
2020-11-14,53,38,91,30,30,60,59,73,132,74,86,160,46,65,111,42,46,88,50,29,79,27,37,64,9,23,32,4,4,8,394,431,825,825,602,0.7296969696969697
2020-11-15,42,46,88,40,23,63,70,91,161,83,67,150,67,64,131,48,59,107,44,47,91,26,33,59,9,24,33,0,14,14,429,468,897,897,662,0.738015607580825
2020-11-16,42,51,93,47,39,86,77,92,169,82,91,173,85,75,160,39,61,100,44,54,98,37,41,78,17,30,47,5,21,26,475,555,1030,1030,649,0.6300970873786408
2020-11-17,45,53,98,54,48,102,109,112,221,124,125,249,91,93,184,61,65,126,67,77,144,45,53,98,9,37,46,1,9,10,606,672,1278,1278,886,0.6932707355242567
2020-11-18,44,45,89,63,48,111,111,112,223,138,124,262,85,79,164,62,65,127,47,48,95,47,46,93,16,43,59,3,10,13,616,620,1236,1236,865,0.6998381877022654
2020-11-19,47,37,84,67,57,124,107,128,235,104,140,244,74,87,161,68,77,145,62,62,124,39,36,75,21,36,57,3,10,13,592,670,1262,1262,899,0.7123613312202852
2020-11-20,50,43,93,45,43,88,92,108,200,104,103,207,63,80,143,62,64,126,55,51,106,29,32,61,19,28,47,4,12,16,523,564,1087,1087,787,0.7240110395584176
2020-11-21,38,32,70,31,34,65,59,69,128,71,65,136,51,60,111,41,47,88,37,36,73,23,19,42,10,13,23,3,10,13,364,385,749,749,633,0.8451268357810414
2020-11-22,32,30,62,31,28,59,58,58,116,51,66,117,54,52,106,29,31,60,31,46,77,22,16,38,10,22,32,1,8,9,319,357,676,676,524,0.7751479289940828
2020-11-23,50,43,93,37,35,72,73,78,151,85,81,166,69,60,129,46,46,92,41,47,88,23,33,56,19,29,48,6,12,18,449,464,913,913,737,0.8072289156626506
2020-11-24,44,52,96,53,48,101,93,98,191,121,96,217,90,76,166,65,66,131,57,54,111,33,44,77,25,35,60,2,5,7,583,574,1157,1157,898,0.7761452031114953
2020-11-25,60,52,112,58,49,107,110,100,210,113,117,230,76,73,149,57,52,109,58,53,111,24,39,63,19,28,47,5,9,14,580,572,1152,1152,791,0.6866319444444444
2020-11-26,43,47,90,58,57,115,107,114,221,107,124,231,65,99,164,69,69,138,62,54,116,35,48,83,16,31,47,8,12,20,570,655,1225,1225,887,0.7240816326530612
2020-11-27,21,38,59,39,29,68,92,107,199,75,94,169,58,43,101,57,57,114,42,43,85,31,34,65,14,35,49,5,5,10,434,485,919,919,665,0.7236126224156693
2020-11-28,49,28,77,34,35,69,80,72,152,54,77,131,50,59,109,60,53,113,28,34,62,25,35,60,11,29,40,2,4,6,393,426,819,819,565,0.6898656898656899
2020-11-29,38,40,78,26,43,69,83,82,165,75,95,170,71,56,127,46,50,96,47,45,92,24,27,51,16,14,30,1,7,8,427,459,886,886,681,0.7686230248306998
2020-11-30,58,51,109,64,46,110,134,148,282,119,125,244,102,96,198,60,77,137,62,78,140,43,51,94,19,33,52,6,8,14,667,713,1380,1379,964,0.6990572878897752
2020-12-01,43,48,91,40,58,98,121,111,232,102,123,225,85,93,178,40,61,101,59,73,132,40,48,88,19,30,49,2,3,5,551,648,1199,1199,771,0.6430358632193495
2020-12-02,26,21,47,32,35,67,72,84,156,61,86,147,62,76,138,43,46,89,35,33,68,30,32,62,14,18,32,5,10,15,380,441,821,821,321,0.3909866017052375
2020-12-03,39,46,85,48,44,92,89,134,223,114,129,243,88,89,177,65,57,122,55,68,123,38,33,71,14,24,38,3,10,13,553,634,1187,1187,277,0.2333614153327717
2020-12-04,39,42,81,46,55,101,95,93,188,97,103,200,78,87,165,67,76,143,54,68,122,40,42,82,18,29,47,7,9,16,541,604,1145,1145,381,0.3327510917030568
2020-12-05,33,33,66,41,37,78,80,78,158,88,69,157,53,51,104,37,43,80,34,31,65,20,21,41,11,22,33,5,8,13,402,393,795,795,403,0.5069182389937107
2020-12-06,31,31,62,34,25,59,61,58,119,58,51,109,41,59,100,32,39,71,31,32,63,27,27,54,16,17,33,1,3,4,332,342,674,674,269,0.3991097922848665
2020-12-07,23,37,60,43,30,73,92,96,188,73,81,154,57,68,125,39,47,86,29,36,65,25,38,63,12,19,31,4,5,9,397,457,854,854,240,0.2810304449648712
2020-12-08,35,42,77,28,32,60,79,84,163,82,82,164,51,49,100,54,55,109,42,39,81,21,38,59,6,19,25,5,4,9,403,444,847,847,255,0.3010625737898465
2020-12-09,44,38,82,40,53,93,131,144,275,144,142,286,113,90,203,101,101,202,88,81,169,44,64,108,17,33,50,3,17,20,725,763,1488,1488,468,0.31451612903225806
2020-12-10,48,44,92,77,80,157,151,165,316,161,184,345,112,121,233,117,117,234,92,86,178,42,37,79,17,44,61,6,10,16,823,888,1711,1711,354,0.20689655172413793
2020-12-11,39,43,82,58,57,115,165,181,346,173,182,355,125,131,256,112,126,238,102,111,213,53,57,110,20,29,49,2,8,10,849,925,1774,1774,342,0.1927846674182638
2020-12-12,41,37,78,62,52,114,127,133,260,130,157,287,125,118,243,102,88,190,68,106,174,39,57,96,11,23,34,2,8,10,707,779,1486,1486,368,0.24764468371467024
2020-12-13,40,31,71,46,61,107,100,126,226,122,136,258,95,103,198,105,93,198,74,61,135,39,32,71,10,24,34,6,5,11,637,672,1309,1309,217,0.1657754010695187
2020-12-14,62,45,107,57,58,115,157,157,314,164,165,329,116,130,246,113,118,231,97,108,205,55,65,120,21,32,53,9,12,21,851,890,1741,1741,442,0.25387708213670307
2020-12-15,42,42,84,64,67,131,125,155,280,163,160,323,115,105,220,109,125,234,104,107,211,49,49,98,14,18,32,1,13,14,786,841,1627,1626,371,0.22816728167281672
2020-12-16,28,42,70,68,91,159,165,196,361,208,219,427,144,167,311,141,128,269,129,116,245,66,69,135,20,21,41,4,12,16,973,1061,2034,2034,419,0.20599803343166176
2020-12-17,51,52,103,77,72,149,162,200,362,223,252,475,167,165,332,134,134,268,68,100,168,54,48,102,11,23,34,3,8,11,950,1054,2004,2004,436,0.21756487025948104
2020-12-18,69,49,118,95,117,212,197,216,413,231,247,478,176,183,359,148,164,312,168,154,322,96,80,176,16,49,65,4,8,12,1200,1267,2467,2467,588,0.23834616943656262
2020-12-19,48,37,85,74,80,154,143,180,323,240,242,482,151,156,307,126,126,252,112,140,252,53,67,120,17,26,43,2,5,7,966,1059,2025,2025,507,0.25037037037037035
2020-12-20,43,54,97,82,86,168,160,169,329,236,238,474,172,182,354,151,164,315,123,125,248,59,54,113,12,16,28,3,8,11,1041,1096,2137,2137,295,0.1380439868975199
2020-12-21,65,62,127,104,76,180,226,210,436,267,283,550,208,185,393,162,167,329,139,155,294,70,81,151,12,42,54,5,7,12,1258,1268,2526,2526,470,0.18606492478226444
2020-12-22,62,68,130,110,101,211,242,257,499,290,324,614,229,214,443,174,163,337,169,172,341,79,65,144,19,33,52,4,5,9,1378,1402,2780,2780,491,0.1766187050359712
2020-12-23,66,65,131,124,95,219,258,267,525,310,289,599,201,237,438,175,153,328,133,149,282,66,66,132,28,38,66,7,15,22,1368,1374,2742,2742,539,0.19657184536834427
2020-12-24,33,42,75,56,66,122,147,146,293,187,165,352,132,113,245,79,90,169,68,87,155,44,39,83,5,22,27,3,5,8,754,775,1529,1529,420,0.27468933943754087
2020-12-25,18,17,35,23,25,48,43,29,72,47,56,103,30,30,60,25,33,58,15,23,38,13,9,22,7,16,23,3,4,7,224,242,466,466,289,0.6201716738197425
2020-12-26,56,42,98,112,128,240,178,225,403,289,260,549,180,214,394,153,150,303,88,116,204,49,62,111,17,30,47,1,12,13,1123,1239,2362,2362,478,0.20237087214225233
2020-12-27,36,33,69,142,128,270,202,172,374,272,242,514,232,214,446,162,182,344,143,135,278,58,76,134,25,36,61,3,11,14,1275,1229,2504,2504,275,0.10982428115015974
2020-12-28,68,62,130,161,169,330,310,325,635,414,400,814,279,303,582,218,237,455,145,182,327,69,85,154,27,46,73,3,16,19,1694,1825,3519,3519,525,0.14919011082693948
2020-12-29,62,57,119,145,156,301,289,310,599,318,290,608,263,263,526,180,172,352,139,169,308,78,93,171,24,51,75,9,15,24,1507,1576,3083,3083,486,0.15763866363931237
2020-12-30,56,50,106,167,184,351,309,274,583,383,349,732,254,273,527,196,235,431,146,156,302,79,83,162,27,44,71,3,12,15,1620,1660,3280,3279,676,0.20616041476059774
2020-12-31,42,42,84,120,107,227,230,215,445,225,268,493,183,210,393,132,129,261,66,86,152,40,56,96,13,28,41,0,7,7,1051,1148,2199,2199,430,0.19554342883128695
2021-01-01,18,14,32,24,27,51,40,48,88,45,56,101,42,35,77,35,37,72,20,22,42,18,17,35,5,16,21,1,4,5,248,276,524,524,225,0.42938931297709926
2021-01-02,55,43,98,103,119,222,202,213,415,248,260,508,176,196,372,123,173,296,145,139,284,64,68,132,15,38,53,3,8,11,1134,1257,2391,2391,454,0.18987871183605187
2021-01-03,37,40,77,168,161,329,296,319,615,387,376,763,258,311,569,194,244,438,177,183,360,76,102,178,23,37,60,3,6,9,1619,1779,3398,3398,365,0.107416127133608
2021-01-04,57,52,109,139,130,269,378,402,780,401,438,839,309,325,634,200,250,450,170,171,341,92,95,187,34,60,94,4,12,16,1784,1935,3719,3719,532,0.14304920677601507
2021-01-05,48,61,109,175,163,338,391,431,822,431,454,885,324,323,647,213,255,468,178,254,432,99,108,207,27,57,84,5,11,16,1891,2117,4008,4007,551,0.1375093586224108
2021-01-06,54,49,103,191,182,373,403,383,786,416,403,819,336,334,670,251,261,512,183,216,399,99,116,215,31,57,88,4,20,24,1968,2021,3989,3988,576,0.1444332998996991
2021-01-07,54,50,104,141,157,298,297,317,614,349,332,681,257,246,503,173,211,384,148,162,310,80,108,188,27,51,78,2,9,11,1528,1643,3171,3171,568,0.17912330495111953
2021-01-08,62,46,108,148,176,324,330,321,651,298,344,642,210,285,495,176,201,377,115,149,264,71,107,178,27,37,64,7,9,16,1444,1675,3119,3118,642,0.2059012187299551
2021-01-09,37,47,84,128,159,287,240,298,538,338,353,691,225,255,480,176,193,369,112,168,280,51,74,125,22,38,60,0,12,12,1329,1597,2926,2924,474,0.16210670314637482
2021-01-10,49,49,98,148,160,308,256,276,532,290,353,643,228,248,476,165,191,356,129,110,239,44,72,116,12,32,44,1,10,11,1322,1501,2823,2823,322,0.11406305348919589
2021-01-11,61,45,106,173,182,355,367,399,766,360,417,777,272,292,564,202,212,414,135,176,311,75,75,150,22,40,62,1,8,9,1668,1846,3514,3514,514,0.1462720546385885
2021-01-12,72,45,117,149,157,306,301,351,652,294,326,620,225,251,476,167,219,386,139,134,273,53,71,124,29,30,59,3,10,13,1432,1594,3026,3025,449,0.1484297520661157
2021-01-13,77,67,144,174,192,366,359,357,716,326,350,676,272,269,541,191,234,425,155,186,341,73,77,150,18,47,65,6,4,10,1651,1783,3434,3434,463,0.13482818870122307
2021-01-14,58,56,114,175,181,356,318,352,670,320,366,686,230,273,503,196,251,447,139,162,301,63,77,140,20,37,57,3,6,9,1522,1761,3283,3283,576,0.17544928419128847
2021-01-15,66,57,123,279,282,561,392,434,826,461,487,948,365,373,738,292,304,596,168,201,369,70,97,167,25,44,69,3,9,12,2121,2288,4409,4409,602,0.1365388977092311
2021-01-16,39,29,68,311,301,612,334,392,726,428,464,892,390,407,797,288,271,559,187,213,400,107,102,209,24,41,65,2,9,11,2110,2229,4339,4339,421,0.09702696473841899
2021-01-17,44,25,69,258,273,531,329,400,729,374,393,767,384,429,813,258,274,532,136,158,294,68,77,145,18,26,44,2,2,4,1871,2057,3928,3928,345,0.08783095723014257
2021-01-18,61,58,119,337,342,679,435,466,901,482,489,971,448,442,890,339,351,690,227,254,481,100,123,223,30,49,79,3,9,12,2462,2583,5045,5045,469,0.09296333002973241
2021-01-19,64,49,113,311,280,591,424,423,847,482,473,955,419,436,855,288,344,632,213,252,465,102,129,231,21,49,70,7,16,23,2331,2451,4782,4782,356,0.07444583856127143
2021-01-20,62,57,119,315,300,615,386,432,818,422,408,830,401,411,812,318,336,654,237,251,488,117,133,250,26,45,71,8,13,21,2292,2386,4678,4678,375,0.08016246259085079
2021-01-21,75,58,133,201,248,449,340,341,681,315,361,676,280,337,617,213,300,513,179,178,357,79,87,166,37,43,80,7,13,20,1726,1966,3692,3692,502,0.13596966413867823
2021-01-22,53,57,110,243,218,461,277,325,602,271,319,590,279,315,594,210,236,446,154,179,333,75,92,167,18,43,61,3,3,6,1583,1787,3370,3370,388,0.11513353115727003
2021-01-23,38,31,69,249,216,465,298,325,623,299,328,627,257,235,492,215,232,447,109,134,243,48,60,108,15,30,45,3,6,9,1531,1597,3128,3128,440,0.14066496163682865
2021-01-24,33,36,69,274,265,539,332,342,674,309,320,629,317,334,651,239,245,484,144,154,298,54,78,132,21,31,52,2,6,8,1725,1811,3536,3536,234,0.0661764705882353
2021-01-25,58,78,136,352,315,667,431,445,876,388,442,830,374,407,781,266,299,565,210,212,422,97,112,209,30,58,88,6,12,18,2212,2380,4592,4592,369,0.08035714285714286
2021-01-26,77,61,138,314,265,579,361,361,722,339,331,670,317,339,656,235,284,519,173,200,373,85,97,182,29,56,85,5,15,20,1935,2009,3944,3944,412,0.10446247464503043
2021-01-27,70,60,130,250,270,520,342,357,699,338,356,694,285,335,620,219,272,491,162,162,324,69,83,152,32,45,77,2,15,17,1769,1955,3724,3724,338,0.09076262083780881
2021-01-28,66,59,125,215,206,421,293,302,595,299,298,597,229,254,483,192,233,425,146,168,314,85,96,181,29,43,72,5,14,19,1559,1673,3232,3232,400,0.12376237623762376
2021-01-29,50,67,117,309,294,603,379,370,749,383,429,812,342,384,726,274,289,563,200,241,441,83,125,208,24,57,81,4,9,13,2048,2265,4313,4312,572,0.1326530612244898
2021-01-30,39,24,63,400,402,802,339,375,714,396,452,848,439,474,913,331,359,690,179,242,421,91,118,209,21,45,66,3,8,11,2238,2499,4737,4737,352,0.07430863415663923
2021-01-31,35,29,64,593,579,1172,438,454,892,539,541,1080,634,699,1333,443,478,921,219,246,465,92,116,208,24,44,68,2,12,14,3019,3198,6217,6217,208,0.033456651117902525
2021-02-01,52,52,104,470,545,1015,392,494,886,488,530,1018,568,579,1147,447,441,888,256,314,570,85,152,237,39,48,87,3,10,13,2800,3165,5965,5965,379,0.06353730092204526
2021-02-02,45,51,96,400,452,852,375,399,774,441,498,939,549,601,1150,405,442,847,273,303,576,148,175,323,37,54,91,4,13,17,2677,2988,5665,5665,308,0.05436893203883495
2021-02-03,50,57,107,338,309,647,352,399,751,401,427,828,433,463,896,320,348,668,243,280,523,118,157,275,34,61,95,5,10,15,2294,2511,4805,4805,349,0.07263267429760666
2021-02-04,59,51,110,202,190,392,272,311,583,305,330,635,250,341,591,223,261,484,145,216,361,78,117,195,26,40,66,3,16,19,1563,1873,3436,3436,336,0.09778812572759023
2021-02-05,54,54,108,197,199,396,269,283,552,280,295,575,258,255,513,190,221,411,152,193,345,80,92,172,14,47,61,2,8,10,1496,1647,3143,3143,489,0.15558383709831372
2021-02-06,32,32,64,216,218,434,233,267,500,264,331,595,246,288,534,225,250,475,131,163,294,56,91,147,17,31,48,0,8,8,1420,1679,3099,3099,319,0.10293643110680865
2021-02-07,39,42,81,225,226,451,225,267,492,291,321,612,263,284,547,213,247,460,120,132,252,66,67,133,16,26,42,7,5,12,1465,1617,3082,3082,199,0.0645684620376379
2021-02-08,58,50,108,292,353,645,342,374,716,397,452,849,433,479,912,274,320,594,166,216,382,87,110,197,26,61,87,4,16,20,2079,2431,4510,4510,409,0.09068736141906873
2021-02-09,52,40,92,257,276,533,314,332,646,422,405,827,354,403,757,284,296,580,213,221,434,96,123,219,34,64,98,5,14,19,2031,2174,4205,4205,310,0.07372175980975029
2021-02-10,52,36,88,192,188,380,268,299,567,315,367,682,325,324,649,202,269,471,155,181,336,89,99,188,30,36,66,0,10,10,1628,1809,3437,3437,270,0.07855688100087285
2021-02-11,56,44,100,167,202,369,223,281,504,322,327,649,281,310,591,189,239,428,152,169,321,79,83,162,25,50,75,4,10,14,1498,1715,3213,3213,243,0.07563025210084033
2021-02-12,51,38,89,202,214,416,233,242,475,329,350,679,306,344,650,198,241,439,144,202,346,82,98,180,29,48,77,2,15,17,1576,1792,3368,3368,421,0.125
2021-02-13,32,28,60,254,288,542,241,266,507,371,380,751,341,420,761,223,259,482,150,170,320,57,89,146,22,36,58,3,11,14,1694,1947,3641,3641,334,0.09173304037352376
2021-02-14,28,22,50,250,277,527,192,266,458,352,420,772,407,444,851,220,269,489,171,173,344,72,112,184,15,22,37,2,12,14,1709,2017,3726,3725,213,0.05718120805369128
2021-02-15,27,43,70,336,361,697,303,330,633,429,487,916,506,525,1031,327,327,654,167,200,367,74,108,182,17,52,69,2,12,14,2188,2445,4633,4633,265,0.05719835959421541
2021-02-16,29,25,54,339,315,654,377,436,813,516,588,1104,480,555,1035,303,274,577,151,154,305,70,100,170,15,34,49,8,6,14,2288,2487,4775,4775,297,0.06219895287958115
2021-02-17,43,51,94,222,251,473,465,489,954,454,466,920,364,382,746,248,297,545,222,235,457,95,127,222,21,51,72,5,13,18,2139,2362,4501,4501,294,0.06531881804043546
2021-02-18,40,49,89,196,224,420,371,407,778,417,451,868,326,366,692,269,281,550,187,219,406,97,126,223,28,45,73,2,6,8,1933,2174,4107,4107,361,0.08789870952033114
2021-02-19,54,39,93,177,241,418,350,367,717,364,416,780,318,344,662,235,287,522,176,211,387,94,124,218,23,47,70,3,8,11,1794,2084,3878,3878,407,0.10495100567302733
2021-02-20,45,31,76,155,202,357,300,317,617,320,381,701,291,332,623,210,270,480,128,218,346,64,82,146,24,39,63,4,4,8,1541,1876,3417,3417,301,0.0880889669300556
2021-02-21,43,30,73,169,204,373,239,335,574,330,368,698,278,309,587,160,231,391,152,187,339,59,78,137,22,33,55,4,9,13,1456,1784,3240,3240,233,0.07191358024691358
2021-02-22,62,71,133,163,223,386,316,359,675,354,433,787,306,341,647,234,274,508,171,221,392,85,102,187,40,37,77,3,5,8,1734,2066,3800,3800,330,0.0868421052631579
2021-02-23,73,57,130,162,171,333,284,319,603,323,348,671,261,316,577,219,259,478,171,205,376,94,119,213,30,40,70,7,16,23,1624,1850,3474,3474,313,0.09009786989061601
2021-02-24,48,74,122,161,186,347,218,267,485,282,310,592,200,260,460,177,200,377,184,165,349,84,105,189,22,42,64,2,10,12,1378,1619,2997,2997,267,0.0890890890890891
2021-02-25,86,77,163,121,145,266,241,254,495,242,261,503,221,209,430,160,204,364,128,170,298,64,97,161,20,37,57,4,16,20,1287,1470,2757,2757,258,0.09357997823721437
2021-02-26,61,63,124,125,135,260,236,294,530,301,281,582,220,252,472,177,205,382,134,205,339,65,100,165,20,37,57,2,17,19,1341,1589,2930,2930,273,0.0931740614334471
2021-02-27,40,33,73,133,177,310,222,269,491,300,344,644,209,234,443,203,248,451,173,203,376,73,100,173,21,48,69,1,7,8,1375,1663,3038,3038,314,0.10335747202106649
2021-02-28,39,42,81,185,208,393,279,338,617,377,445,822,309,332,641,280,354,634,221,256,477,117,125,242,23,42,65,2,9,11,1832,2151,3983,3983,258,0.06477529500376601
2021-03-01,94,79,173,116,163,279,262,253,515,300,280,580,231,223,454,140,178,318,141,175,316,72,116,188,23,44,67,5,14,19,1384,1525,2909,2909,393,0.13509797181161912
2021-03-02,106,84,190,146,141,287,230,250,480,246,283,529,213,208,421,166,218,384,113,155,268,78,76,154,34,39,73,3,7,10,1335,1461,2796,2796,264,0.0944206008583691
2021-03-03,98,68,166,114,115,229,168,227,395,229,231,460,170,181,351,157,194,351,160,193,353,83,107,190,17,31,48,0,14,14,1196,1361,2557,2557,308,0.12045365662886194
2021-03-04,84,78,162,113,140,253,186,188,374,221,206,427,156,172,328,111,182,293,128,194,322,68,104,172,22,37,59,6,14,20,1095,1315,2410,2410,327,0.13568464730290455
2021-03-05,71,69,140,108,120,228,184,248,432,243,243,486,151,157,308,137,183,320,134,152,286,78,94,172,19,33,52,0,6,6,1125,1305,2430,2430,332,0.13662551440329218
2021-03-06,51,48,99,85,94,179,178,186,364,199,204,403,137,163,300,104,149,253,98,110,208,49,71,120,22,28,50,2,5,7,925,1058,1983,1983,235,0.11850731215330308
2021-03-07,42,46,88,88,90,178,159,208,367,203,218,421,112,174,286,129,169,298,125,157,282,49,70,119,20,38,58,4,4,8,931,1174,2105,2104,174,0.08269961977186312
2021-03-08,92,90,182,119,146,265,192,241,433,240,268,508,196,198,394,186,222,408,180,188,368,84,96,180,22,46,68,3,11,14,1314,1506,2820,2818,265,0.09403832505322925
2021-03-09,113,122,235,129,124,253,195,204,399,244,260,504,207,199,406,179,203,382,150,227,377,100,111,211,25,37,62,4,7,11,1346,1494,2840,2840,282,0.09929577464788733
2021-03-10,125,106,231,132,129,261,197,201,398,251,245,496,167,181,348,149,188,337,144,162,306,80,111,191,22,48,70,4,9,13,1271,1380,2651,2651,402,0.15164089023010185
2021-03-11,91,114,205,91,117,208,161,201,362,183,206,389,119,150,269,104,145,249,112,145,257,60,77,137,25,31,56,2,15,17,948,1201,2149,2149,405,0.18845974872033505
2021-03-12,115,117,232,122,140,262,176,223,399,234,264,498,165,196,361,143,200,343,126,179,305,78,93,171,23,45,68,4,12,16,1186,1469,2655,2654,452,0.17030896759608138
2021-03-13,82,62,144,91,95,186,198,212,410,233,232,465,151,159,310,134,183,317,154,170,324,63,76,139,12,37,49,5,3,8,1123,1229,2352,2352,475,0.20195578231292516
2021-03-14,60,89,149,82,99,181,160,225,385,228,246,474,155,169,324,154,198,352,157,185,342,63,101,164,19,27,46,4,9,13,1082,1348,2430,2430,250,0.102880658436214
2021-03-15,163,125,288,138,150,288,215,272,487,251,291,542,216,237,453,193,210,403,177,195,372,91,136,227,20,50,70,4,14,18,1468,1680,3148,3148,402,0.12770012706480305
2021-03-16,130,134,264,127,150,277,177,221,398,255,269,524,173,164,337,163,196,359,142,191,333,76,107,183,14,43,57,5,15,20,1262,1490,2752,2752,312,0.11337209302325581
2021-03-17,98,108,206,127,135,262,193,230,423,188,194,382,147,169,316,149,168,317,143,158,301,63,98,161,19,41,60,2,13,15,1129,1314,2443,2442,315,0.128992628992629
2021-03-18,103,85,188,84,104,188,160,189,349,200,175,375,129,153,282,98,139,237,106,138,244,66,81,147,16,32,48,2,7,9,964,1103,2067,2067,318,0.15384615384615385
2021-03-19,114,95,209,133,131,264,171,209,380,207,223,430,132,156,288,118,159,277,112,158,270,69,70,139,16,28,44,5,8,13,1077,1237,2314,2314,471,0.2035436473638721
2021-03-20,46,52,98,86,97,183,141,151,292,159,191,350,124,146,270,119,146,265,106,115,221,64,67,131,16,29,45,4,7,11,865,1001,1866,1864,313,0.16791845493562232
2021-03-21,79,63,142,83,94,177,159,162,321,199,192,391,127,136,263,119,157,276,96,134,230,36,69,105,17,27,44,3,9,12,918,1043,1961,1961,244,0.12442631310555839
2021-03-22,104,115,219,136,120,256,187,249,436,229,238,467,175,182,357,173,196,369,132,163,295,71,84,155,26,50,76,4,22,26,1237,1419,2656,2656,439,0.16528614457831325
2021-03-23,115,114,229,139,124,263,190,224,414,194,208,402,157,145,302,153,170,323,129,180,309,75,95,170,24,29,53,1,12,13,1177,1301,2478,2478,383,0.15456012913640033
2021-03-24,67,78,145,98,99,197,130,139,269,163,187,350,105,133,238,106,134,240,70,102,172,50,77,127,10,33,43,1,6,7,800,988,1788,1788,326,0.18232662192393737
2021-03-25,88,95,183,114,128,242,168,206,374,201,193,394,166,193,359,122,146,268,105,130,235,60,75,135,26,33,59,4,4,8,1054,1203,2257,2257,339,0.15019937970757644
2021-03-26,125,104,229,135,146,281,192,213,405,224,216,440,156,181,337,121,171,292,98,152,250,69,85,154,23,33,56,3,10,13,1146,1311,2457,2457,442,0.17989417989417988
2021-03-27,88,76,164,66,82,148,158,156,314,200,208,408,142,158,300,124,153,277,121,137,258,42,64,106,14,33,47,5,5,10,960,1072,2032,2032,421,0.20718503937007873
2021-03-28,65,48,113,61,86,147,122,157,279,166,194,360,148,154,302,112,152,264,95,137,232,43,41,84,19,24,43,2,5,7,833,998,1831,1831,301,0.16439104314582195
2021-03-29,112,97,209,148,123,271,180,213,393,204,226,430,177,206,383,153,161,314,105,161,266,51,54,105,16,32,48,1,10,11,1147,1283,2430,2430,427,0.1757201646090535
2021-03-30,97,96,193,124,122,246,145,176,321,190,199,389,142,174,316,120,131,251,101,144,245,41,61,102,21,28,49,4,8,12,985,1139,2124,2123,376,0.17710786622703723
2021-03-31,81,78,159,99,89,188,159,182,341,179,197,376,125,158,283,83,126,209,61,81,142,27,45,72,17,21,38,2,10,12,833,987,1820,1820,426,0.23406593406593407
2021-04-01,72,83,155,104,91,195,169,192,361,192,178,370,137,160,297,112,136,248,88,116,204,44,60,104,11,18,29,2,10,12,931,1044,1975,1975,501,0.25367088607594934
2021-04-02,87,57,144,94,112,206,150,166,316,186,167,353,142,132,274,104,135,239,80,93,173,42,37,79,15,12,27,2,6,8,902,917,1819,1819,397,0.2182517866959868
2021-04-03,56,63,119,92,115,207,150,165,315,178,198,376,144,153,297,113,138,251,106,92,198,33,57,90,18,35,53,3,4,7,893,1020,1913,1913,511,0.2671197072660742
2021-04-04,75,66,141,169,176,345,209,245,454,259,304,563,185,229,414,131,170,301,77,117,194,36,49,85,17,26,43,0,7,7,1158,1389,2547,2547,439,0.1723596387907342
2021-04-05,105,106,211,227,227,454,279,317,596,311,311,622,252,294,546,176,219,395,116,159,275,52,62,114,13,37,50,5,9,14,1536,1741,3277,3277,505,0.1541043637473299
2021-04-06,105,131,236,187,204,391,330,281,611,318,346,664,243,265,508,172,210,382,131,196,327,73,99,172,23,36,59,3,16,19,1585,1784,3369,3369,647,0.19204511724547343
2021-04-07,123,121,244,213,203,416,294,298,592,298,343,641,259,261,520,174,228,402,114,166,280,59,89,148,13,40,53,1,8,9,1548,1757,3305,3302,547,0.16565717746820108
2021-04-08,117,104,221,171,169,340,228,284,512,277,318,595,201,212,413,146,199,345,111,148,259,54,74,128,17,31,48,1,14,15,1323,1553,2876,2876,664,0.23087621696801114
2021-04-09,92,86,178,117,134,251,141,210,351,180,190,370,162,169,331,112,143,255,78,101,179,41,51,92,8,23,31,3,7,10,934,1114,2048,2047,591,0.2887151929653151
2021-04-10,66,62,128,120,141,261,201,196,397,218,202,420,137,158,295,118,136,254,84,101,185,18,39,57,7,18,25,1,3,4,970,1056,2026,2025,400,0.19753086419753085
2021-04-11,63,69,132,98,114,212,135,139,274,158,200,358,163,158,321,107,122,229,90,89,179,27,38,65,13,23,36,2,5,7,856,957,1813,1813,336,0.18532818532818532
2021-04-12,107,95,202,161,154,315,183,216,399,229,259,488,186,235,421,144,212,356,107,130,237,37,58,95,15,28,43,2,12,14,1171,1399,2570,2568,460,0.1791277258566978
2021-04-13,105,74,179,110,109,219,188,193,381,236,230,466,170,194,364,139,155,294,78,87,165,49,37,86,10,17,27,3,8,11,1088,1104,2192,2192,438,0.19981751824817517
2021-04-14,104,88,192,104,89,193,123,147,270,152,157,309,105,131,236,88,118,206,106,99,205,44,66,110,17,22,39,5,5,10,848,922,1770,1769,536,0.3029960429621255
2021-04-15,110,100,210,131,161,292,219,233,452,237,238,475,220,231,451,155,207,362,99,117,216,34,51,85,15,27,42,2,8,10,1222,1373,2595,2594,509,0.19622205088666153
2021-04-16,100,104,204,116,123,239,232,239,471,259,285,544,193,218,411,162,220,382,125,155,280,36,55,91,9,28,37,1,9,10,1233,1436,2669,2668,449,0.16829085457271364
2021-04-17,103,84,187,123,109,232,172,181,353,257,207,464,186,198,384,133,150,283,96,108,204,34,63,97,15,40,55,4,5,9,1123,1145,2268,2268,473,0.20855379188712522
2021-04-18,55,72,127,78,71,149,153,159,312,174,205,379,174,152,326,125,137,262,100,102,202,33,46,79,22,23,45,3,7,10,917,974,1891,1890,305,0.16137566137566137
2021-04-19,124,90,214,137,157,294,235,241,476,265,267,532,218,217,435,170,191,361,125,138,263,42,72,114,8,40,48,4,13,17,1328,1426,2754,2754,421,0.15286855482933914
2021-04-20,120,126,246,119,115,234,184,203,387,200,229,429,195,207,402,151,152,303,132,157,289,53,63,116,27,32,59,4,9,13,1185,1293,2478,2478,447,0.18038740920096852
2021-04-21,108,84,192,102,90,192,171,160,331,179,186,365,154,166,320,118,148,266,101,119,220,46,43,89,13,44,57,2,5,7,994,1045,2039,2039,427,0.20941638057871506
2021-04-22,120,110,230,141,140,281,188,196,384,231,267,498,208,247,455,162,179,341,113,151,264,46,71,117,15,41,56,1,10,11,1225,1412,2637,2636,427,0.16198786039453716
2021-04-23,96,94,190,114,132,246,218,226,444,246,277,523,206,246,452,159,215,374,106,151,257,57,66,123,21,26,47,4,7,11,1227,1440,2667,2666,370,0.13878469617404351
2021-04-24,60,49,109,46,39,85,54,72,126,75,81,156,69,91,160,44,50,94,29,36,65,29,40,69,6,28,34,2,15,17,414,501,915,915,292,0.3191256830601093
2021-04-25,81,77,158,89,85,174,118,145,263,170,160,330,154,152,306,126,134,260,84,91,175,35,33,68,8,23,31,0,4,4,865,904,1769,1768,242,0.13687782805429866
2021-04-26,117,116,233,133,136,269,206,204,410,224,244,468,199,227,426,185,187,372,116,128,244,71,82,153,12,34,46,4,10,14,1267,1368,2635,2634,314,0.11921032649962035
2021-04-27,103,87,190,126,125,251,209,242,451,212,228,440,166,206,372,152,163,315,101,127,228,47,79,126,20,35,55,4,8,12,1140,1300,2440,2438,268,0.10992616899097621
2021-04-28,109,112,221,117,120,237,195,208,403,228,241,469,177,194,371,141,143,284,96,120,216,45,59,104,11,25,36,4,9,13,1123,1231,2354,2354,316,0.13423959218351741
2021-04-29,129,112,241,171,151,322,228,265,493,285,295,580,258,249,507,180,228,408,117,153,270,73,97,170,30,50,80,2,17,19,1473,1617,3090,3089,384,0.12431207510521204
2021-04-30,114,96,210,109,110,219,118,176,294,163,193,356,127,161,288,113,136,249,82,119,201,57,68,125,25,43,68,3,17,20,911,1119,2030,2030,463,0.22807881773399014
2021-05-01,78,70,148,100,75,175,146,155,301,171,188,359,157,190,347,113,142,255,83,95,178,47,57,104,19,43,62,1,5,6,915,1020,1935,1934,382,0.19751809720785937
2021-05-02,86,73,159,101,120,221,188,209,397,244,276,520,200,267,467,158,178,336,110,147,257,50,71,121,17,27,44,3,15,18,1157,1383,2540,2540,291,0.11456692913385827
2021-05-03,170,152,322,153,170,323,346,344,690,363,446,809,327,383,710,249,338,587,194,271,465,99,127,226,22,60,82,3,21,24,1926,2312,4238,4238,507,0.1196319018404908
2021-05-04,121,121,242,178,188,366,303,313,616,374,384,758,290,305,595,244,308,552,160,218,378,101,130,231,23,44,67,2,18,20,1796,2029,3825,3825,337,0.08810457516339869
2021-05-05,147,131,278,143,143,286,284,335,619,326,357,683,273,278,551,200,235,435,157,160,317,88,86,174,36,45,81,7,13,20,1661,1783,3444,3442,342,0.09936083672283556
2021-05-06,109,133,242,202,200,402,281,374,655,335,381,716,311,292,603,224,262,486,142,170,312,79,92,171,30,50,80,4,20,24,1717,1974,3691,3691,452,0.12246003793010024
2021-05-07,139,127,266,215,208,423,301,398,699,330,419,749,316,370,686,203,292,495,145,184,329,74,109,183,18,35,53,2,7,9,1743,2149,3892,3892,453,0.11639260020554984
2021-05-08,70,74,144,92,95,187,180,198,378,229,233,462,156,170,326,125,149,274,75,91,166,46,44,90,21,28,49,1,11,12,995,1093,2088,2088,323,0.15469348659003831
2021-05-09,87,88,175,100,110,210,159,186,345,202,223,425,166,201,367,120,146,266,80,96,176,55,68,123,19,22,41,8,2,10,996,1142,2138,2138,235,0.10991580916744621
2021-05-10,135,133,268,157,174,331,323,313,636,360,362,722,293,360,653,241,268,509,171,193,364,86,114,200,31,51,82,2,8,10,1799,1976,3775,3774,401,0.10625331213566508
2021-05-11,125,107,232,150,142,292,235,255,490,292,302,594,231,246,477,168,190,358,147,159,306,76,94,170,24,33,57,4,7,11,1452,1535,2987,2987,377,0.1262135922330097
2021-05-12,127,108,235,125,129,254,223,273,496,285,271,556,238,253,491,186,186,372,124,158,282,52,75,127,20,42,62,5,11,16,1385,1506,2891,2891,473,0.16361120719474231
2021-05-13,148,105,253,121,134,255,251,310,561,271,326,597,240,242,482,151,206,357,115,136,251,53,82,135,21,50,71,1,5,6,1372,1596,2968,2967,477,0.16076845298281092
2021-05-14,142,153,295,158,207,365,322,350,672,374,391,765,253,362,615,235,263,498,150,196,346,76,94,170,34,43,77,4,8,12,1748,2067,3815,3815,500,0.1310615989515072
2021-05-15,110,110,220,119,159,278,211,280,491,259,314,573,229,278,507,177,182,359,111,139,250,46,53,99,20,34,54,1,14,15,1283,1563,2846,2846,398,0.1398453970484891
2021-05-16,80,96,176,95,122,217,176,180,356,209,250,459,203,213,416,147,177,324,102,116,218,45,62,107,15,34,49,1,16,17,1073,1266,2339,2339,309,0.13210773834972211
2021-05-17,207,186,393,222,215,437,352,420,772,455,497,952,360,437,797,302,370,672,191,229,420,115,147,262,41,72,113,3,16,19,2248,2589,4837,4836,550,0.11373035566583954
2021-05-18,177,176,353,216,227,443,402,380,782,451,459,910,434,433,867,299,314,613,183,222,405,95,108,203,35,50,85,4,9,13,2296,2378,4674,4674,502,0.10740265297389816
2021-05-19,190,152,342,224,232,456,404,453,857,475,479,954,398,411,809,273,346,619,206,225,431,93,113,206,34,43,77,8,18,26,2305,2472,4777,4777,397,0.0831065522294327
2021-05-20,190,193,383,237,282,519,465,503,968,506,495,1001,392,444,836,278,337,615,202,212,414,87,118,205,36,56,92,2,16,18,2395,2656,5051,5050,418,0.08277227722772278
2021-05-21,135,119,254,185,189,374,357,433,790,416,495,911,343,417,760,258,296,554,175,213,388,93,81,174,34,69,103,1,12,13,1997,2324,4321,4321,618,0.14302244850728998
2021-05-22,86,64,150,101,129,230,198,262,460,268,240,508,202,218,420,142,156,298,93,88,181,46,49,95,16,44,60,1,13,14,1153,1263,2416,2416,512,0.2119205298013245
2021-05-23,85,67,152,85,112,197,164,182,346,196,225,421,174,164,338,124,165,289,74,109,183,47,37,84,13,48,61,9,14,23,971,1123,2094,2094,316,0.15090735434574976
2021-05-24,109,92,201,145,178,323,281,263,544,312,359,671,275,327,602,240,314,554,143,187,330,89,100,189,24,46,70,3,11,14,1621,1877,3498,3498,369,0.10548885077186965
2021-05-25,93,71,164,127,132,259,279,296,575,270,323,593,262,261,523,223,236,459,134,162,296,72,83,155,19,38,57,5,11,16,1484,1613,3097,3096,295,0.09528423772609819
2021-05-26,131,113,244,188,196,384,382,376,758,389,402,791,336,377,713,309,324,633,161,218,379,94,113,207,33,68,101,8,9,17,2031,2196,4227,4227,386,0.09131771942275846
2021-05-27,101,109,210,123,161,284,287,344,631,346,357,703,255,253,508,231,292,523,137,171,308,90,88,178,28,38,66,1,16,17,1599,1829,3428,3427,433,0.12634957688940765
2021-05-28,133,120,253,173,232,405,357,398,755,384,411,795,369,406,775,325,372,697,191,251,442,80,102,182,27,52,79,4,11,15,2043,2355,4398,4398,412,0.09367894497498863
2021-05-29,87,79,166,104,129,233,219,266,485,299,290,589,266,259,525,166,209,375,108,129,237,48,75,123,21,43,64,4,16,20,1322,1495,2817,2817,343,0.12176073837415691
2021-05-30,61,63,124,94,93,187,198,234,432,230,242,472,204,203,407,124,166,290,87,96,183,35,60,95,17,26,43,4,9,13,1054,1192,2246,2246,251,0.11175422974176313
2021-05-31,114,111,225,168,169,337,346,366,712,393,390,783,328,357,685,194,260,454,151,186,337,95,120,215,33,61,94,0,16,16,1822,2036,3858,3857,369,0.09567021000777806
2021-06-01,128,118,246,162,172,334,297,326,623,360,357,717,278,336,614,222,286,508,170,201,371,91,104,195,37,44,81,4,11,15,1749,1955,3704,3704,376,0.10151187904967603
2021-06-02,152,119,271,173,184,357,316,369,685,350,426,776,316,340,656,211,261,472,149,206,355,97,115,212,36,49,85,7,18,25,1807,2087,3894,3892,408,0.10483042137718397
2021-06-03,130,138,268,187,180,367,328,346,674,387,426,813,329,344,673,218,279,497,166,194,360,89,116,205,35,30,65,4,17,21,1873,2070,3943,3941,359,0.09109363105810708
2021-06-04,180,169,349,196,198,394,354,406,760,376,399,775,349,361,710,258,346,604,171,213,384,96,134,230,31,60,91,2,12,14,2013,2298,4311,4311,409,0.09487357921595918
2021-06-05,105,94,199,106,117,223,197,263,460,236,276,512,211,230,441,162,180,342,87,102,189,54,86,140,20,32,52,5,14,19,1183,1394,2577,2577,396,0.15366705471478465
2021-06-06,106,111,217,110,117,227,193,212,405,219,256,475,207,199,406,170,180,350,89,120,209,49,62,111,15,27,42,0,14,14,1158,1298,2456,2456,249,0.10138436482084691
2021-06-07,149,172,321,168,181,349,314,356,670,376,392,768,303,369,672,241,311,552,184,230,414,118,163,281,38,94,132,8,32,40,1899,2300,4199,4199,427,0.10169087878066206
2021-06-08,179,162,341,154,180,334,304,364,668,391,367,758,294,319,613,256,310,566,148,175,323,86,148,234,26,55,81,4,17,21,1842,2097,3939,3939,332,0.08428535161208428
2021-06-09,167,166,333,187,166,353,355,373,728,385,428,813,308,352,660,246,298,544,155,191,346,95,106,201,37,64,101,4,18,22,1939,2162,4101,4099,370,0.0902659185167114
2021-06-10,150,165,315,168,197,365,338,390,728,394,436,830,298,345,643,219,292,511,145,196,341,103,134,237,32,50,82,6,20,26,1853,2225,4078,4074,376,0.09229258713794797
2021-06-11,143,144,287,144,177,321,335,392,727,353,450,803,326,401,727,235,273,508,163,184,347,91,137,228,33,75,108,7,18,25,1830,2251,4081,4081,525,0.12864493996569468
2021-06-12,116,107,223,121,117,238,235,253,488,264,293,557,227,244,471,153,211,364,110,141,251,60,90,150,24,37,61,4,11,15,1314,1504,2818,2818,286,0.10149041873669269
2021-06-13,124,125,249,126,120,246,187,211,398,237,241,478,221,247,468,151,204,355,108,122,230,44,62,106,20,34,54,5,11,16,1223,1377,2600,2600,253,0.0973076923076923
2021-06-14,185,157,342,188,193,381,304,412,716,386,432,818,328,389,717,246,309,555,156,234,390,116,135,251,31,58,89,17,21,38,1957,2340,4297,4296,374,0.08705772811918064
2021-06-15,189,182,371,213,187,400,350,373,723,394,449,843,312,396,708,247,301,548,166,195,361,91,107,198,42,50,92,2,17,19,2006,2257,4263,4263,346,0.08116349988271171
2021-06-16,190,175,365,201,184,385,329,382,711,398,437,835,310,397,707,208,275,483,159,184,343,89,108,197,33,49,82,1,15,16,1918,2206,4124,4124,309,0.07492725509214355
2021-06-17,177,175,352,197,218,415,377,428,805,422,522,944,328,416,744,207,303,510,166,195,361,117,131,248,29,51,80,2,16,18,2022,2455,4477,4477,370,0.08264462809917356
2021-06-18,161,150,311,185,207,392,361,377,738,403,462,865,331,431,762,205,312,517,133,193,326,66,107,173,29,33,62,4,15,19,1878,2287,4165,4165,399,0.0957983193277311
2021-06-19,122,125,247,125,112,237,217,271,488,265,341,606,224,292,516,130,188,318,125,131,256,74,82,156,29,60,89,3,20,23,1314,1622,2936,2936,428,0.14577656675749318
2021-06-20,121,103,224,99,79,178,128,178,306,180,251,431,169,198,367,129,149,278,80,104,184,59,60,119,14,30,44,1,9,10,980,1161,2141,2141,242,0.11303129378794956
2021-06-21,136,135,271,136,129,265,198,271,469,276,275,551,256,280,536,187,216,403,101,120,221,65,89,154,30,30,60,3,4,7,1388,1549,2937,2935,300,0.10221465076660988
2021-06-22,215,189,404,220,206,426,335,441,776,416,468,884,388,445,833,233,290,523,205,244,449,95,131,226,29,65,94,10,10,20,2146,2489,4635,4635,400,0.08629989212513485
2021-06-23,252,206,458,245,236,481,319,433,752,423,513,936,384,519,903,202,311,513,187,217,404,96,141,237,40,71,111,6,25,31,2154,2672,4826,4825,382,0.07917098445595855
2021-06-24,228,194,422,216,236,452,355,446,801,418,515,933,354,435,789,221,309,530,172,243,415,91,111,202,26,51,77,4,14,18,2085,2554,4639,4638,537,0.11578266494178525
2021-06-25,259,212,471,240,272,512,379,495,874,465,628,1093,357,484,841,291,360,651,208,281,489,110,152,262,34,65,99,9,18,27,2352,2967,5319,5318,668,0.125611132004513
2021-06-26,123,115,238,120,143,263,212,245,457,269,314,583,226,277,503,158,164,322,133,177,310,74,107,181,24,39,63,5,16,21,1344,1597,2941,2941,331,0.1125467528051683
2021-06-27,148,131,279,105,134,239,183,207,390,219,259,478,190,237,427,126,147,273,109,107,216,59,74,133,16,40,56,1,9,10,1156,1345,2501,2501,307,0.12275089964014395
2021-06-28,163,142,305,114,107,221,185,255,440,283,313,596,210,250,460,157,167,324,124,112,236,66,88,154,34,37,71,2,15,17,1338,1486,2824,2823,398,0.1409847679773291
2021-06-29,180,214,394,191,211,402,326,408,734,394,453,847,296,381,677,225,244,469,174,171,345,103,100,203,26,62,88,2,25,27,1917,2269,4186,4186,450,0.10750119445771619
2021-06-30,250,244,494,273,257,530,372,487,859,465,556,1021,363,407,770,234,357,591,166,227,393,93,109,202,34,58,92,6,17,23,2256,2719,4975,4975,408,0.08201005025125628
2021-07-01,181,180,361,210,217,427,352,451,803,397,528,925,283,395,678,224,287,511,146,203,349,88,109,197,36,54,90,4,15,19,1921,2439,4360,4358,484,0.11106011932078935
2021-07-02,281,233,514,293,297,590,389,491,880,452,628,1080,319,498,817,235,350,585,172,234,406,105,132,237,35,54,89,4,17,21,2285,2934,5219,5217,600,0.11500862564692352
2021-07-03,197,209,406,186,223,409,274,365,639,376,462,838,308,398,706,213,226,439,156,182,338,66,97,163,25,50,75,7,19,26,1808,2231,4039,4039,538,0.13320128744738796
2021-07-04,210,238,448,192,192,384,216,336,552,328,437,765,263,375,638,223,294,517,122,154,276,59,96,155,19,40,59,4,12,16,1636,2174,3810,3810,543,0.14251968503937007
2021-07-05,367,329,696,310,335,645,464,607,1071,599,741,1340,448,637,1085,310,416,726,225,267,492,138,150,288,45,61,106,6,21,27,2912,3564,6476,6475,710,0.10965250965250965
2021-07-06,400,362,762,412,374,786,513,619,1132,608,786,1394,486,656,1142,309,437,746,205,268,473,125,166,291,40,73,113,5,29,34,3103,3770,6873,6873,634,0.09224501673214026
2021-07-07,361,317,678,376,406,782,525,651,1176,602,765,1367,512,600,1112,334,420,754,194,236,430,111,105,216,32,63,95,9,15,24,3056,3578,6634,6633,568,0.08563244384139906
2021-07-08,340,356,696,423,468,891,650,783,1433,663,830,1493,554,790,1344,385,526,911,219,349,568,130,177,307,55,53,108,4,19,23,3423,4351,7774,7773,831,0.10690852952527981
2021-07-09,252,260,512,304,311,615,381,458,839,432,579,1011,385,511,896,251,325,576,160,177,337,82,97,179,30,51,81,6,13,19,2283,2782,5065,5065,632,0.12477788746298124
2021-07-10,240,224,464,263,258,521,316,385,701,354,468,822,317,410,727,229,295,524,154,204,358,85,107,192,28,56,84,5,15,20,1991,2422,4413,4413,542,0.12281894402900521
2021-07-11,280,242,522,208,194,402,264,336,600,329,466,795,315,455,770,232,290,522,158,171,329,73,97,170,16,26,42,8,11,19,1883,2288,4171,4171,505,0.12107408295372812
2021-07-12,416,397,813,408,418,826,539,696,1235,686,788,1474,592,742,1334,353,491,844,292,285,577,122,161,283,43,60,103,12,23,35,3463,4061,7524,7524,685,0.09104199893673579
2021-07-13,411,340,751,373,441,814,548,674,1222,563,736,1299,520,660,1180,344,496,840,216,280,496,123,164,287,41,71,112,9,22,31,3148,3884,7032,7030,748,0.10640113798008535
2021-07-14,407,378,785,511,493,1004,632,720,1352,586,822,1408,542,736,1278,349,497,846,251,276,527,112,136,248,33,57,90,4,15,19,3427,4130,7557,7554,658,0.08710616891713
2021-07-15,350,311,661,504,513,1017,625,775,1400,666,835,1501,621,876,1497,397,509,906,242,295,537,112,172,284,35,58,93,8,22,30,3560,4366,7926,7925,810,0.10220820189274447
2021-07-16,300,291,591,450,437,887,568,729,1297,590,797,1387,623,775,1398,332,478,810,202,288,490,103,148,251,35,59,94,4,17,21,3207,4019,7226,7226,665,0.09202878494326044
2021-07-17,229,236,465,290,323,613,343,444,787,402,552,954,358,450,808,250,294,544,150,166,316,92,100,192,19,33,52,6,14,20,2139,2612,4751,4749,650,0.136870920193725
2021-07-18,230,204,434,234,259,493,290,388,678,338,439,777,314,397,711,245,287,532,121,141,262,82,99,181,29,43,72,4,7,11,1887,2264,4151,4150,420,0.10120481927710843
2021-07-19,278,272,550,298,325,623,521,620,1141,514,662,1176,479,597,1076,337,469,806,237,297,534,129,166,295,49,63,112,4,7,11,2846,3478,6324,6323,633,0.10011070694290684
2021-07-20,294,262,556,277,311,588,416,555,971,477,592,1069,427,536,963,295,364,659,207,249,456,105,151,256,37,64,101,8,23,31,2543,3107,5650,5650,569,0.10070796460176991
2021-07-21,310,285,595,389,377,766,507,647,1154,559,733,1292,492,671,1163,370,503,873,253,346,599,129,191,320,36,80,116,5,16,21,3050,3849,6899,6898,654,0.09481008988112496
2021-07-22,300,276,576,404,426,830,486,697,1183,635,776,1411,594,781,1375,403,487,890,228,289,517,117,151,268,40,66,106,7,16,23,3214,3965,7179,7179,664,0.09249199052792868
2021-07-23,244,213,457,285,331,616,368,499,867,470,625,1095,446,523,969,319,382,701,177,225,402,89,136,225,28,49,77,5,19,24,2431,3002,5433,5431,662,0.12189283741484074
2021-07-24,210,210,420,292,393,685,354,453,807,486,576,1062,474,581,1055,296,354,650,158,241,399,100,106,206,28,43,71,4,8,12,2402,2965,5367,5366,518,0.09653373089824822
2021-07-25,178,183,361,335,400,735,268,369,637,455,582,1037,553,664,1217,301,331,632,157,171,328,100,103,203,19,40,59,6,10,16,2372,2853,5225,5224,418,0.08001531393568147
2021-07-26,260,274,534,405,544,949,462,658,1120,670,875,1545,657,823,1480,401,515,916,248,340,588,130,208,338,47,77,124,9,21,30,3289,4335,7624,7624,590,0.0773871983210913
2021-07-27,187,181,368,242,325,567,369,432,801,394,496,890,384,434,818,223,308,531,149,190,339,88,124,212,32,51,83,3,14,17,2071,2555,4626,4624,479,0.10358996539792388
2021-07-28,214,182,396,271,380,651,429,510,939,486,578,1064,433,539,972,283,334,617,197,252,449,112,126,238,27,47,74,6,9,15,2458,2957,5415,5414,491,0.0906908016254156
2021-07-29,213,185,398,304,298,602,378,506,884,478,564,1042,399,531,930,254,313,567,199,217,416,88,130,218,29,34,63,5,19,24,2347,2797,5144,5139,494,0.09612765129402608
2021-07-30,238,220,458,385,415,800,502,659,1161,616,839,1455,537,733,1270,381,534,915,250,344,594,103,173,276,40,66,106,9,15,24,3061,3998,7059,7057,729,0.10330168626895281
2021-07-31,240,238,478,379,419,798,347,478,825,571,732,1303,658,746,1404,378,429,807,208,279,487,108,141,249,29,31,60,2,13,15,2920,3506,6426,6426,430,0.06691565515094927
2021-08-01,257,292,549,334,399,733,224,352,576,419,571,990,514,670,1184,267,341,608,149,200,349,82,119,201,27,59,86,7,9,16,2280,3012,5292,5291,451,0.08523908523908524
2021-08-02,348,305,653,432,450,882,408,553,961,605,745,1350,569,806,1375,356,532,888,304,344,648,131,190,321,48,74,122,6,19,25,3207,4018,7225,7224,631,0.08734772978959025
2021-08-03,318,329,647,354,460,814,427,592,1019,524,697,1221,529,695,1224,361,507,868,268,351,619,164,217,381,39,61,100,4,17,21,2988,3926,6914,6912,681,0.09852430555555555
2021-08-04,328,290,618,313,341,654,418,502,920,482,574,1056,359,535,894,265,377,642,219,285,504,100,161,261,29,58,87,3,15,18,2516,3138,5654,5652,599,0.10598018400566171
2021-08-05,337,354,691,353,420,773,533,691,1224,566,688,1254,534,669,1203,364,473,837,247,311,558,127,166,293,36,65,101,9,15,24,3106,3852,6958,6954,644,0.09260857060684498
2021-08-06,377,309,686,451,451,902,538,682,1220,601,754,1355,533,669,1202,336,514,850,282,394,676,142,220,362,42,48,90,5,13,18,3307,4054,7361,7361,663,0.09006928406466513
2021-08-07,217,235,452,260,316,576,336,382,718,403,429,832,315,402,717,243,315,558,168,242,410,87,157,244,23,50,73,6,6,12,2058,2534,4592,4589,508,0.1106994988014818
2021-08-08,295,269,564,280,303,583,240,310,550,307,409,716,343,441,784,218,282,500,173,208,381,80,89,169,17,47,64,5,10,15,1958,2368,4326,4326,500,0.1155802126675913
2021-08-09,447,397,844,316,368,684,399,606,1005,508,579,1087,427,559,986,327,433,760,225,289,514,127,140,267,43,59,102,10,17,27,2829,3447,6276,6275,629,0.1002390438247012
2021-08-10,473,427,900,405,396,801,459,623,1082,497,633,1130,438,555,993,333,412,745,240,307,547,129,168,297,40,57,97,2,17,19,3016,3595,6611,6607,839,0.12698652943847435
2021-08-11,427,424,851,443,483,926,491,653,1144,541,691,1232,459,655,1114,323,434,757,222,281,503,124,152,276,42,65,107,11,22,33,3083,3860,6943,6942,685,0.09867473350619418
2021-08-12,415,405,820,396,434,830,443,582,1025,482,611,1093,465,583,1048,273,402,675,193,220,413,111,126,237,42,57,99,7,18,25,2827,3438,6265,6265,680,0.10853950518754989
2021-08-13,525,452,977,570,588,1158,496,714,1210,627,793,1420,500,699,1199,337,510,847,225,325,550,144,180,324,46,65,111,6,14,20,3476,4340,7816,7815,777,0.09942418426103647
2021-08-14,315,308,623,352,342,694,277,397,674,382,480,862,353,474,827,233,330,563,146,201,347,101,115,216,29,44,73,4,11,15,2192,2702,4894,4894,719,0.14691458929301185
2021-08-15,277,286,563,256,261,517,226,283,509,302,400,702,299,348,647,227,276,503,143,186,329,89,111,200,21,44,65,3,12,15,1843,2207,4050,4050,497,0.12271604938271605
2021-08-16,358,348,706,321,324,645,244,356,600,359,443,802,345,451,796,244,279,523,139,190,329,102,105,207,30,36,66,7,13,20,2149,2545,4694,4694,582,0.12398806987643801
2021-08-17,548,466,1014,518,516,1034,456,631,1087,631,718,1349,472,664,1136,370,470,840,234,302,536,128,168,296,32,77,109,5,24,29,3394,4036,7430,7429,830,0.11172432359671558
2021-08-18,538,525,1063,534,513,1047,422,585,1007,570,720,1290,446,568,1014,299,437,736,220,297,517,133,173,306,32,83,115,13,22,35,3207,3923,7130,7130,801,0.1123422159887798
2021-08-19,515,460,975,483,524,1007,435,633,1068,575,711,1286,452,614,1066,322,391,713,214,271,485,101,133,234,32,51,83,10,13,23,3139,3801,6940,6940,870,0.12536023054755044
2021-08-20,614,573,1187,596,620,1216,474,598,1072,507,722,1229,456,655,1111,307,440,747,219,298,517,123,184,307,34,65,99,10,18,28,3340,4173,7513,7509,814,0.10840324943401251
2021-08-21,333,370,703,304,328,632,281,407,688,401,533,934,341,453,794,250,322,572,154,226,380,84,128,212,31,50,81,3,14,17,2182,2831,5013,5013,719,0.14342708956712547
2021-08-22,444,437,881,305,334,639,242,332,574,379,509,888,335,471,806,258,319,577,169,224,393,104,113,217,26,36,62,6,13,19,2268,2788,5056,5056,784,0.1550632911392405
2021-08-23,814,777,1591,583,591,1174,454,634,1088,618,762,1380,521,714,1235,327,449,776,253,348,601,140,191,331,40,69,109,4,16,20,3754,4551,8305,8303,972,0.11706612067927255
2021-08-24,814,779,1593,573,560,1133,446,581,1027,534,765,1299,441,621,1062,304,447,751,215,319,534,109,143,252,51,63,114,5,18,23,3492,4296,7788,7788,930,0.11941448382126348
2021-08-25,800,745,1545,522,520,1042,370,533,903,478,789,1267,442,656,1098,310,406,716,224,339,563,149,162,311,40,38,78,6,28,34,3341,4216,7557,7555,946,0.12521508934480477
2021-08-26,817,774,1591,571,577,1148,424,642,1066,541,768,1309,457,630,1087,282,433,715,228,313,541,135,188,323,45,70,115,5,18,23,3505,4413,7918,7918,795,0.10040414246021723
2021-08-27,906,803,1709,583,694,1277,398,578,976,531,777,1308,471,701,1172,322,443,765,230,313,543,125,171,296,38,70,108,4,13,17,3608,4563,8171,8171,783,0.09582670419777262
2021-08-28,510,425,935,278,295,573,253,371,624,391,473,864,286,449,735,219,272,491,160,218,378,76,107,183,39,46,85,5,7,12,2217,2663,4880,4880,658,0.13483606557377048
2021-08-29,545,492,1037,238,290,528,189,265,454,321,412,733,291,385,676,194,262,456,147,179,326,73,106,179,32,44,76,2,8,10,2032,2443,4475,4474,698,0.15601251676352257
2021-08-30,961,863,1824,534,505,1039,371,507,878,514,698,1212,479,565,1044,285,390,675,209,311,520,123,170,293,53,59,112,4,21,25,3533,4089,7622,7622,881,0.11558646024665442
2021-08-31,1011,933,1944,636,592,1228,403,593,996,504,642,1146,452,597,1049,303,412,715,239,318,557,135,179,314,34,68,102,7,17,24,3724,4351,8075,8074,708,0.08768887787961357
2021-09-01,931,858,1789,589,542,1131,402,490,892,498,665,1163,393,536,929,270,345,615,214,257,471,106,163,269,39,70,109,2,18,20,3444,3944,7388,7388,639,0.08649160801299405
2021-09-02,751,705,1456,471,482,953,314,421,735,468,547,1015,335,546,881,242,324,566,179,244,423,110,124,234,25,44,69,6,15,21,2901,3452,6353,6352,556,0.08753148614609572
2021-09-03,616,575,1191,467,490,957,356,463,819,444,594,1038,404,545,949,254,360,614,220,280,500,121,170,291,34,52,86,1,8,9,2917,3537,6454,6454,640,0.09916330957545708
2021-09-04,406,366,772,225,227,452,178,255,433,292,378,670,283,337,620,185,241,426,132,176,308,84,112,196,23,45,68,3,11,14,1811,2148,3959,3959,603,0.15231118969436727
2021-09-05,415,390,805,232,254,486,188,250,438,336,407,743,260,339,599,191,236,427,138,194,332,100,105,205,26,33,59,7,14,21,1893,2222,4115,4114,471,0.11448711716091395
2021-09-06,812,843,1655,444,470,914,375,511,886,508,642,1150,446,555,1001,293,415,708,225,282,507,152,172,324,36,77,113,7,21,28,3298,3988,7286,7284,777,0.10667215815485996
2021-09-07,678,763,1441,465,522,987,328,419,747,426,553,979,362,493,855,226,334,560,185,249,434,85,150,235,34,57,91,7,24,31,2796,3564,6360,6360,674,0.1059748427672956
2021-09-08,556,574,1130,443,414,857,294,348,642,392,475,867,299,436,735,239,293,532,165,211,376,83,109,192,36,44,80,8,13,21,2515,2917,5432,5431,662,0.12189283741484074
2021-09-09,599,582,1181,383,354,737,265,422,687,378,446,824,307,423,730,212,310,522,179,202,381,100,129,229,37,53,90,5,17,22,2465,2938,5403,5399,641,0.11872568994258197
2021-09-10,596,563,1159,478,537,1015,468,760,1228,593,856,1449,568,863,1431,478,679,1157,319,521,840,137,208,345,61,48,109,5,15,20,3703,5050,8753,8752,643,0.07346892138939672
2021-09-11,357,370,727,285,313,598,396,512,908,478,589,1067,448,580,1028,324,442,766,230,338,568,111,169,280,31,35,66,4,7,11,2664,3355,6019,6018,895,0.14872050515121302
2021-09-12,355,309,664,181,202,383,177,222,399,257,326,583,247,266,513,166,226,392,120,166,286,74,93,167,18,27,45,5,9,14,1600,1846,3446,3446,501,0.1453859547301219
2021-09-13,682,651,1333,402,440,842,331,504,835,454,604,1058,419,523,942,281,425,706,242,269,511,147,181,328,37,73,110,9,17,26,3004,3687,6691,6691,659,0.09849050963981468
2021-09-14,683,604,1287,396,393,789,286,394,680,390,513,903,304,452,756,240,350,590,185,240,425,121,160,281,26,60,86,7,13,20,2638,3179,5817,5814,811,0.13949088407292742
2021-09-15,519,493,1012,346,353,699,210,348,558,314,476,790,293,407,700,184,236,420,159,208,367,88,114,202,31,50,81,7,27,34,2151,2712,4863,4859,661,0.13603622144474173
2021-09-16,505,454,959,378,382,760,263,340,603,329,512,841,335,456,791,221,288,509,147,208,355,91,129,220,36,51,87,12,18,30,2317,2838,5155,5153,490,0.0950902386959053
2021-09-17,640,604,1244,481,491,972,270,402,672,364,550,914,328,446,774,220,349,569,156,209,365,125,161,286,33,67,100,5,12,17,2622,3291,5913,5912,592,0.10013531799729364
2021-09-18,351,322,673,222,238,460,188,296,484,286,357,643,256,338,594,168,228,396,159,209,368,93,113,206,35,41,76,3,13,16,1761,2155,3916,3916,653,0.16675178753830439
2021-09-19,372,357,729,184,188,372,158,231,389,236,330,566,232,275,507,137,193,330,123,138,261,59,94,153,16,44,60,4,8,12,1521,1858,3379,3378,441,0.130550621669627
2021-09-20,726,715,1441,543,593,1136,268,409,677,457,533,990,371,478,849,273,381,654,227,270,497,116,156,272,30,62,92,9,9,18,3020,3606,6626,6626,677,0.10217325686688802
2021-09-21,590,565,1155,255,302,557,256,400,656,405,441,846,349,398,747,227,316,543,213,245,458,130,146,276,39,55,94,4,8,12,2468,2876,5344,5343,600,0.11229646266142616
2021-09-22,751,614,1365,564,548,1112,308,447,755,419,627,1046,350,496,846,225,387,612,215,278,493,141,153,294,28,63,91,9,18,27,3010,3631,6641,6639,711,0.1070944419340262
2021-09-23,680,667,1347,685,733,1418,385,617,1002,559,776,1335,450,712,1162,339,507,846,283,371,654,158,176,334,56,74,130,11,31,42,3606,4664,8270,8268,697,0.08430091920657959
2021-09-24,631,647,1278,444,434,878,346,490,836,452,598,1050,420,580,1000,254,425,679,235,299,534,115,177,292,38,64,102,5,8,13,2940,3722,6662,6662,738,0.1107775442809967
2021-09-25,415,366,781,233,244,477,228,350,578,377,457,834,343,406,749,241,275,516,186,229,415,95,118,213,28,46,74,2,17,19,2148,2508,4656,4655,898,0.1929108485499463
2021-09-26,428,404,832,218,240,458,190,286,476,317,426,743,344,395,739,224,302,526,183,213,396,82,96,178,28,39,67,2,14,16,2016,2415,4431,4431,462,0.10426540284360189
2021-09-27,809,723,1532,632,539,1171,333,523,856,550,691,1241,492,597,1089,300,431,731,251,360,611,164,186,350,35,67,102,12,20,32,3578,4137,7715,7714,779,0.10098522167487685
2021-09-28,817,689,1506,683,752,1435,302,497,799,480,683,1163,438,628,1066,310,396,706,235,297,532,133,142,275,28,63,91,5,16,21,3431,4163,7594,7593,741,0.0975898854207823
2021-09-29,722,622,1344,582,619,1201,356,507,863,473,700,1173,433,574,1007,307,403,710,225,285,510,146,185,331,51,54,105,9,13,22,3304,3962,7266,7263,580,0.0798568084813438
2021-09-30,549,556,1105,609,681,1290,322,444,766,454,571,1025,397,528,925,273,335,608,182,265,447,117,152,269,35,77,112,7,15,22,2945,3624,6569,6567,454,0.06913354652048119
2021-10-01,665,525,1190,736,765,1501,374,529,903,495,751,1246,461,644,1105,344,441,785,238,312,550,131,169,300,48,73,121,3,22,25,3495,4231,7726,7725,796,0.103042071197411
2021-10-02,354,333,687,211,250,461,213,296,509,290,417,707,267,326,593,204,267,471,155,211,366,117,116,233,20,44,64,4,5,9,1835,2265,4100,4100,511,0.12463414634146341
2021-10-03,353,321,674,199,204,403,205,278,483,251,325,576,244,310,554,161,222,383,116,174,290,65,98,163,21,39,60,1,6,7,1616,1977,3593,3593,474,0.13192318396882827
2021-10-04,721,655,1376,707,660,1367,378,559,937,421,683,1104,465,614,1079,296,461,757,244,349,593,143,184,327,53,57,110,5,19,24,3433,4241,7674,7673,734,0.09566010686823928
2021-10-05,675,637,1312,673,828,1501,318,521,839,456,668,1124,409,601,1010,323,460,783,203,312,515,121,182,303,43,65,108,5,14,19,3226,4288,7514,7513,683,0.09090909090909091
2021-10-06,537,510,1047,602,620,1222,339,533,872,482,666,1148,414,597,1011,253,425,678,207,267,474,102,142,244,43,44,87,3,8,11,2982,3812,6794,6793,630,0.09274252907404681
2021-10-07,446,427,873,367,423,790,307,467,774,431,603,1034,374,587,961,259,356,615,182,248,430,129,136,265,32,52,84,1,14,15,2528,3313,5841,5841,752,0.12874507789762027
2021-10-08,231,211,442,244,290,534,219,271,490,264,378,642,258,343,601,176,236,412,146,190,336,83,86,169,28,35,63,6,11,17,1655,2051,3706,3706,485,0.1308688613059903
2021-10-09,213,195,408,281,294,575,163,261,424,238,315,553,210,292,502,144,223,367,150,180,330,76,90,166,19,46,65,3,11,14,1497,1907,3404,3404,422,0.12397179788484136
2021-10-10,217,189,406,158,198,356,133,211,344,177,244,421,196,245,441,143,183,326,102,131,233,53,73,126,22,27,49,1,6,7,1202,1507,2709,2708,263,0.09711964549483014
2021-10-11,144,112,256,167,219,386,117,190,307,166,243,409,181,255,436,111,150,261,86,100,186,46,58,104,13,13,26,1,3,4,1032,1343,2375,2371,153,0.0645297342893294
2021-10-12,41,35,76,72,71,143,51,73,124,63,108,171,70,113,183,43,67,110,22,38,60,15,17,32,2,2,4,0,1,1,379,525,904,904,0,0.0
