FECHA,SM,SF,S,CM,CF,C,CEM,CEF,CE,EM,EF,E,IM,IF,I,TotalM,TotalF,Total
2020-03-15,0,0,0,0,0,0,1,0,1,0,0,0,0,2,2,1,2,3
2020-03-16,0,0,0,0,0,0,2,1,3,0,0,0,5,2,7,7,3,10
2020-03-17,0,0,0,0,0,0,3,0,3,0,0,0,6,4,10,9,4,13
2020-03-18,0,1,1,1,1,2,1,0,1,0,0,0,3,3,6,5,5,10
2020-03-19,0,0,0,2,0,2,2,0,2,0,0,0,6,2,8,10,2,12
2020-03-20,0,0,0,2,0,2,1,1,2,0,0,0,7,2,9,10,3,13
2020-03-21,0,0,0,0,0,0,4,4,8,0,0,0,9,5,14,13,9,22
2020-03-22,0,0,0,3,0,3,2,1,3,2,0,2,10,3,13,17,4,21
2020-03-23,2,0,2,3,3,6,6,2,8,1,0,1,4,3,7,16,8,24
2020-03-24,1,0,1,5,3,8,2,2,4,0,0,0,10,2,12,18,7,25
2020-03-25,1,0,1,6,2,8,1,2,3,0,1,1,10,4,14,18,9,27
2020-03-26,0,0,0,1,2,3,4,4,8,0,0,0,7,5,12,12,11,23
2020-03-27,2,0,2,2,3,5,2,2,4,0,1,1,3,2,5,9,8,17
2020-03-28,1,2,3,3,3,6,2,1,3,0,1,1,2,0,2,8,7,15
2020-03-29,3,0,3,6,7,13,0,2,2,0,0,0,4,6,10,13,15,28
2020-03-30,3,1,4,11,8,19,1,0,1,0,0,0,2,3,5,17,12,29
2020-03-31,3,0,3,8,5,13,2,4,6,0,0,0,2,1,3,15,10,25
2020-04-01,0,2,2,8,8,16,1,1,2,1,0,1,3,3,6,13,14,27
2020-04-02,2,2,4,9,4,13,5,9,14,1,0,1,0,1,1,17,16,33
2020-04-03,4,4,8,4,5,9,1,4,5,0,0,0,1,0,1,10,13,23
2020-04-04,1,2,3,3,3,6,0,1,1,1,0,1,0,2,2,5,8,13
2020-04-05,1,3,4,4,3,7,1,2,3,0,0,0,1,1,2,7,9,16
2020-04-06,2,5,7,7,4,11,1,2,3,0,1,1,0,3,3,10,15,25
2020-04-07,1,3,4,7,2,9,2,2,4,0,0,0,1,1,2,11,8,19
2020-04-08,1,7,8,6,2,8,3,2,5,0,0,0,0,0,0,10,11,21
2020-04-09,0,2,2,3,1,4,3,0,3,0,0,0,1,0,1,7,3,10
2020-04-10,0,1,1,4,2,6,1,1,2,0,0,0,0,0,0,5,4,9
2020-04-11,1,1,2,2,1,3,1,1,2,0,0,0,0,1,1,4,4,8
2020-04-12,3,2,5,1,3,4,1,2,3,0,0,0,0,0,0,5,7,12
2020-04-13,3,4,7,4,3,7,2,3,5,0,1,1,0,0,0,9,11,20
2020-04-14,3,1,4,9,7,16,1,1,2,0,0,0,0,0,0,13,9,22
2020-04-15,3,1,4,1,4,5,0,1,1,0,0,0,0,0,0,4,6,10
2020-04-16,2,2,4,7,3,10,3,9,12,0,0,0,1,0,1,13,14,27
2020-04-17,4,4,8,2,9,11,2,2,4,0,0,0,0,0,0,8,15,23
2020-04-18,1,2,3,2,7,9,3,7,10,1,0,1,1,0,1,8,16,24
2020-04-19,1,4,5,5,6,11,3,5,8,0,0,0,0,0,0,9,15,24
2020-04-20,3,2,5,3,4,7,5,5,10,0,0,0,0,0,0,11,11,22
2020-04-21,0,4,4,5,15,20,5,8,13,0,0,0,0,1,1,10,28,38
2020-04-22,2,2,4,17,21,38,7,8,15,1,0,1,0,0,0,27,31,58
2020-04-23,3,2,5,15,11,26,15,15,30,1,0,1,0,0,0,34,28,62
2020-04-24,4,9,13,7,5,12,10,9,19,1,1,2,1,0,1,23,24,47
2020-04-25,0,3,3,9,10,19,2,3,5,1,0,1,0,0,0,12,16,28
2020-04-26,0,3,3,6,5,11,2,2,4,0,0,0,0,0,0,8,10,18
2020-04-27,4,6,10,12,21,33,12,6,18,0,0,0,0,1,1,28,34,62
2020-04-28,6,3,9,12,11,23,2,2,4,0,0,0,2,0,2,22,16,38
2020-04-29,1,2,3,12,12,24,4,5,9,1,0,1,0,0,0,18,19,37
2020-04-30,5,3,8,14,6,20,3,5,8,1,0,1,0,0,0,23,14,37
2020-05-01,2,0,2,10,15,25,10,6,16,2,1,3,0,0,0,24,22,46
2020-05-02,1,2,3,7,5,12,9,14,23,0,0,0,0,0,0,17,21,38
2020-05-03,1,1,2,9,7,16,8,10,18,0,2,2,0,0,0,18,20,38
2020-05-04,4,4,8,14,17,31,6,7,13,4,1,5,0,0,0,28,29,57
2020-05-05,1,6,7,32,34,66,15,29,44,6,5,11,0,1,1,54,75,129
2020-05-06,5,5,10,18,10,28,11,20,31,5,6,11,0,0,0,39,41,80
2020-05-07,2,4,6,20,17,37,23,26,49,6,6,12,0,0,0,51,53,104
2020-05-08,5,6,11,38,30,68,34,37,71,5,2,7,0,0,0,82,75,157
2020-05-09,8,5,13,16,16,32,28,20,48,2,7,9,0,0,0,54,48,102
2020-05-10,5,5,10,18,17,35,80,24,104,4,1,5,0,0,0,107,47,154
2020-05-11,1,4,5,35,34,69,14,21,35,8,2,10,0,0,0,58,61,119
2020-05-12,6,8,14,54,45,99,38,57,95,4,3,7,0,0,0,102,113,215
2020-05-13,2,7,9,52,35,87,33,38,71,3,2,5,0,0,0,90,82,172
2020-05-14,2,3,5,71,65,136,30,39,69,8,12,20,0,0,0,111,119,230
2020-05-15,6,6,12,40,36,76,45,52,97,2,8,10,0,0,0,93,102,195
2020-05-16,4,6,10,50,51,101,31,31,62,5,10,15,0,0,0,90,98,188
2020-05-17,3,10,13,60,37,97,46,37,83,8,4,12,0,0,0,117,88,205
2020-05-18,5,6,11,80,75,155,76,85,161,13,15,28,0,0,0,174,181,355
2020-05-19,7,10,17,84,76,160,73,72,145,5,5,10,0,0,0,169,163,332
2020-05-20,5,18,23,80,70,150,59,65,124,13,11,24,0,0,0,157,164,321
2020-05-21,8,14,22,79,69,148,83,71,154,17,10,27,0,0,0,187,164,351
2020-05-22,5,19,24,70,70,140,68,55,123,11,8,19,0,0,0,154,152,306
2020-05-23,7,8,15,59,58,117,77,89,166,9,10,19,0,0,0,152,165,317
2020-05-24,4,7,11,55,46,101,60,51,111,6,6,12,1,0,1,126,110,236
2020-05-25,7,16,23,44,60,104,67,64,131,14,9,23,0,0,0,132,149,281
2020-05-26,15,14,29,74,70,144,87,104,191,16,11,27,0,0,0,192,199,391
2020-05-27,12,24,36,86,60,146,96,91,187,15,12,27,0,0,0,209,187,396
2020-05-28,14,21,35,99,101,200,95,93,188,11,18,29,0,0,0,219,233,452
2020-05-29,5,11,16,76,94,170,81,91,172,16,11,27,0,0,0,178,207,385
2020-05-30,3,8,11,52,63,115,65,63,128,11,9,20,0,1,1,131,144,275
2020-05-31,4,10,14,61,56,117,45,51,96,9,8,17,0,0,0,119,125,244
2020-06-01,12,10,22,81,78,159,64,77,141,26,20,46,0,0,0,183,185,368
2020-06-02,13,15,28,93,101,194,86,82,168,28,20,48,0,0,0,220,218,438
2020-06-03,9,16,25,102,98,200,66,71,137,24,21,45,0,0,0,201,206,407
2020-06-04,10,19,29,88,101,189,55,78,133,23,16,39,0,0,0,176,214,390
2020-06-05,7,16,23,100,107,207,102,68,170,24,20,44,0,0,0,233,211,444
2020-06-06,6,31,37,89,78,167,62,79,141,19,9,28,0,0,0,176,197,373
2020-06-07,4,5,9,61,63,124,72,84,156,7,8,15,0,0,0,144,160,304
2020-06-08,15,36,51,134,109,243,100,105,205,44,37,81,0,0,0,293,287,580
2020-06-09,14,17,31,117,126,243,104,109,213,43,35,78,0,0,0,278,287,565
2020-06-10,18,13,31,116,113,229,88,135,223,38,35,73,0,1,1,260,297,557
2020-06-11,24,21,45,143,131,274,110,109,219,39,21,60,0,0,0,316,282,598
2020-06-12,11,27,38,163,140,303,98,109,207,31,23,54,0,0,0,303,299,602
2020-06-13,7,19,26,99,92,191,106,124,230,21,22,43,0,0,0,233,257,490
2020-06-14,16,18,34,68,75,143,65,83,148,16,10,26,0,0,0,165,186,351
2020-06-15,8,18,26,94,75,169,92,78,170,27,12,39,0,0,0,221,183,404
2020-06-16,15,27,42,146,125,271,118,126,244,60,31,91,0,0,0,339,309,648
2020-06-17,15,35,50,204,171,375,145,151,296,53,37,90,0,0,0,417,394,811
2020-06-18,17,34,51,212,162,374,130,142,272,59,48,107,0,0,0,418,386,804
2020-06-19,31,35,66,193,170,363,126,155,281,44,29,73,0,0,0,394,389,783
2020-06-20,19,26,45,139,127,266,121,141,262,35,46,81,0,0,0,314,340,654
2020-06-21,19,19,38,111,99,210,98,102,200,37,28,65,0,0,0,265,248,513
2020-06-22,22,33,55,220,183,403,213,142,355,63,47,110,0,0,0,518,405,923
2020-06-23,29,34,63,203,161,364,149,169,318,46,40,86,0,0,0,427,404,831
2020-06-24,32,47,79,198,149,347,141,149,290,50,37,87,0,0,0,421,382,803
2020-06-25,21,37,58,177,171,348,148,167,315,55,34,89,0,0,0,401,409,810
2020-06-26,29,35,64,183,178,361,166,156,322,43,43,86,0,0,0,421,412,833
2020-06-27,20,21,41,135,152,287,130,126,256,35,25,60,0,0,0,320,324,644
2020-06-28,23,28,51,145,117,262,103,88,191,27,25,52,0,0,0,298,258,556
2020-06-29,29,39,68,211,166,377,141,148,289,45,33,78,0,0,0,426,386,812
2020-06-30,36,46,82,207,169,376,136,147,283,34,33,67,0,0,0,413,395,808
2020-07-01,28,40,68,212,170,382,128,132,260,39,25,64,0,0,0,407,367,774
2020-07-02,34,50,84,226,196,422,145,145,290,25,27,52,0,0,0,430,418,848
2020-07-03,43,47,90,244,202,446,141,142,283,36,40,76,0,0,0,464,431,895
2020-07-04,19,41,60,192,249,441,101,96,197,40,26,66,1,1,2,353,413,766
2020-07-05,26,34,60,149,167,316,111,99,210,30,24,54,0,0,0,316,324,640
2020-07-06,45,70,115,251,248,499,149,124,273,53,35,88,0,0,0,498,477,975
2020-07-07,32,47,79,238,213,451,143,134,277,57,33,90,0,1,1,470,428,898
2020-07-08,36,56,92,255,293,548,142,136,278,48,41,89,0,0,0,481,526,1007
2020-07-09,17,39,56,212,216,428,124,104,228,48,46,94,0,0,0,401,405,806
2020-07-10,21,44,65,197,212,409,135,116,251,58,35,93,0,0,0,411,407,818
2020-07-11,25,29,54,188,177,365,101,116,217,50,49,99,0,0,0,364,371,735
2020-07-12,23,33,56,152,134,286,103,89,192,41,38,79,0,0,0,319,294,613
2020-07-13,34,69,103,306,328,634,164,113,277,40,36,76,0,0,0,544,546,1090
2020-07-14,48,51,99,266,245,511,135,155,290,50,37,87,0,0,0,499,488,987
2020-07-15,32,65,97,299,254,553,112,154,266,50,38,88,0,1,1,493,512,1005
2020-07-16,39,60,99,295,300,595,147,142,289,59,48,107,0,0,0,540,550,1090
2020-07-17,31,60,91,301,316,617,117,129,246,36,30,66,0,0,0,485,535,1020
2020-07-18,33,56,89,296,292,588,86,85,171,36,26,62,0,0,0,451,459,910
2020-07-19,41,37,78,228,230,458,97,116,213,58,38,96,0,0,0,424,421,845
2020-07-20,51,71,122,326,311,637,134,137,271,74,59,133,0,0,0,585,578,1163
2020-07-21,53,82,135,315,323,638,162,171,333,82,60,142,0,0,0,612,636,1248
2020-07-22,48,59,107,328,265,593,143,147,290,79,65,144,0,0,0,598,536,1134
2020-07-23,31,60,91,278,264,542,140,131,271,74,61,135,1,0,1,524,516,1040
2020-07-24,36,75,111,319,292,611,154,129,283,62,46,108,0,0,0,571,542,1113
2020-07-25,48,48,96,242,194,436,92,112,204,34,28,62,0,0,0,416,382,798
2020-07-26,26,28,54,199,223,422,68,91,159,37,23,60,0,0,0,330,365,695
2020-07-27,32,62,94,362,352,714,95,87,182,42,24,66,0,0,0,531,525,1056
2020-07-28,45,53,98,372,334,706,85,97,182,51,36,87,0,0,0,553,520,1073
2020-07-29,28,59,87,288,282,570,131,120,251,60,61,121,1,0,1,508,522,1030
2020-07-30,31,54,85,292,317,609,127,114,241,64,55,119,0,0,0,514,540,1054
2020-07-31,41,60,101,274,275,549,125,135,260,66,45,111,2,0,2,508,515,1023
2020-08-01,34,50,84,258,238,496,120,131,251,47,56,103,0,0,0,459,475,934
2020-08-02,31,39,70,243,238,481,97,101,198,44,31,75,0,0,0,415,409,824
2020-08-03,46,59,105,391,404,795,163,161,324,82,79,161,0,0,0,682,703,1385
2020-08-04,38,71,109,355,400,755,165,143,308,93,72,165,1,0,1,652,686,1338
2020-08-05,36,48,84,428,480,908,135,88,223,83,67,150,0,0,0,682,683,1365
2020-08-06,29,57,86,311,308,619,129,124,253,71,63,134,0,0,0,540,552,1092
2020-08-07,24,58,82,305,288,593,110,118,228,64,61,125,0,0,0,503,525,1028
2020-08-08,25,44,69,218,289,507,87,91,178,47,31,78,0,0,0,377,455,832
2020-08-09,19,29,48,220,205,425,72,78,150,51,35,86,0,0,0,362,347,709
2020-08-10,32,55,87,336,354,690,113,134,247,59,51,110,0,0,0,540,594,1134
2020-08-11,25,52,77,324,303,627,104,90,194,64,56,120,0,0,0,517,501,1018
2020-08-12,30,62,92,295,261,556,111,106,217,63,56,119,0,0,0,499,485,984
2020-08-13,24,44,68,299,265,564,79,90,169,62,51,113,0,0,0,464,450,914
2020-08-14,31,44,75,293,248,541,96,113,209,47,47,94,0,0,0,467,452,919
2020-08-15,24,37,61,253,349,602,72,70,142,45,35,80,0,0,0,394,491,885
2020-08-16,19,29,48,193,171,364,67,60,127,56,21,77,0,0,0,335,281,616
2020-08-17,22,31,53,290,272,562,88,72,160,46,34,80,0,1,1,446,410,856
2020-08-18,39,60,99,333,348,681,104,85,189,94,67,161,1,0,1,571,560,1131
2020-08-19,41,53,94,362,377,739,94,96,190,101,52,153,0,0,0,598,578,1176
2020-08-20,31,30,61,336,321,657,114,86,200,64,46,110,0,0,0,545,483,1028
2020-08-21,36,53,89,326,302,628,103,99,202,63,57,120,0,0,0,528,511,1039
2020-08-22,22,38,60,250,267,517,100,77,177,58,37,95,0,0,0,430,419,849
2020-08-23,30,28,58,229,243,472,85,95,180,63,52,115,0,0,0,407,418,825
2020-08-24,31,54,85,400,335,735,110,124,234,90,71,161,0,0,0,631,584,1215
2020-08-25,33,54,87,447,436,883,94,98,192,71,71,142,0,0,0,645,659,1304
2020-08-26,49,37,86,495,438,933,88,89,177,71,66,137,0,0,0,703,630,1333
2020-08-27,31,50,81,457,474,931,99,123,222,60,54,114,0,0,0,647,701,1348
2020-08-28,29,36,65,382,383,765,100,104,204,73,71,144,0,0,0,584,594,1178
2020-08-29,17,44,61,283,295,578,91,78,169,50,50,100,0,0,0,441,467,908
2020-08-30,15,28,43,262,239,501,47,61,108,56,46,102,0,0,0,380,374,754
2020-08-31,34,51,85,442,482,924,79,70,149,66,46,112,0,0,0,621,649,1270
2020-09-01,25,29,54,448,447,895,69,74,143,58,52,110,0,0,0,600,602,1202
2020-09-02,16,31,47,341,311,652,68,60,128,47,63,110,0,0,0,472,465,937
2020-09-03,26,26,52,364,319,683,73,74,147,64,51,115,0,0,0,527,470,997
2020-09-04,25,55,80,361,336,697,60,62,122,43,56,99,0,0,0,489,509,998
2020-09-05,18,24,42,291,310,601,55,64,119,57,45,102,0,0,0,421,443,864
2020-09-06,14,30,44,218,205,423,56,41,97,39,36,75,1,0,1,328,312,640
2020-09-07,25,40,65,416,392,808,63,80,143,60,31,91,0,0,0,564,543,1107
2020-09-08,24,49,73,421,384,805,90,70,160,45,47,92,0,0,0,580,550,1130
2020-09-09,22,38,60,418,384,802,83,68,151,45,42,87,0,0,0,568,532,1100
2020-09-10,19,35,54,369,384,753,77,65,142,54,50,104,0,0,0,519,534,1053
2020-09-11,25,39,64,367,359,726,55,84,139,51,32,83,0,0,0,498,514,1012
2020-09-12,21,26,47,237,293,530,43,46,89,29,34,63,0,0,0,330,399,729
2020-09-13,18,27,45,233,234,467,36,47,83,34,33,67,0,0,0,321,341,662
2020-09-14,25,29,54,314,334,648,66,54,120,58,42,100,0,0,0,463,459,922
2020-09-15,20,23,43,326,298,624,47,60,107,47,37,84,0,0,0,440,418,858
2020-09-16,26,18,44,325,366,691,41,35,76,42,30,72,0,0,0,434,449,883
2020-09-17,9,24,33,269,250,519,40,62,102,67,50,117,0,0,0,385,386,771
2020-09-18,17,28,45,310,327,637,41,52,93,43,29,72,0,0,0,411,436,847
2020-09-19,16,17,33,222,216,438,44,31,75,25,40,65,0,0,0,307,304,611
2020-09-20,1,21,22,165,166,331,31,33,64,25,23,48,0,0,0,222,243,465
2020-09-21,18,21,39,297,238,535,43,38,81,45,30,75,0,0,0,403,327,730
2020-09-22,19,21,40,317,303,620,38,37,75,40,39,79,0,0,0,414,400,814
2020-09-23,12,23,35,284,282,566,44,32,76,45,40,85,0,0,0,385,377,762
2020-09-24,17,35,52,315,301,616,47,53,100,51,24,75,0,0,0,430,413,843
2020-09-25,19,18,37,291,327,618,51,56,107,43,26,69,0,0,0,404,427,831
2020-09-26,6,16,22,190,200,390,34,43,77,43,29,72,0,0,0,273,288,561
2020-09-27,14,13,27,198,176,374,49,36,85,41,28,69,0,0,0,302,253,555
2020-09-28,8,28,36,320,297,617,49,40,89,44,49,93,0,0,0,421,414,835
2020-09-29,16,18,34,313,307,620,36,50,86,64,44,108,0,0,0,429,419,848
2020-09-30,12,21,33,285,292,577,43,46,89,76,42,118,0,0,0,416,401,817
2020-10-01,12,25,37,260,293,553,46,44,90,42,48,90,0,0,0,360,410,770
2020-10-02,10,26,36,292,306,598,38,42,80,36,37,73,0,0,0,376,411,787
2020-10-03,9,6,15,185,178,363,41,30,71,27,33,60,0,0,0,262,247,509
2020-10-04,11,10,21,156,162,318,23,31,54,21,15,36,0,0,0,211,218,429
2020-10-05,19,19,38,268,258,526,49,42,91,30,32,62,0,0,0,366,351,717
2020-10-06,14,22,36,293,286,579,52,47,99,51,39,90,0,0,0,410,394,804
2020-10-07,11,16,27,253,270,523,44,56,100,41,25,66,0,0,0,349,367,716
2020-10-08,13,21,34,244,289,533,39,57,96,36,31,67,0,0,0,332,398,730
2020-10-09,12,24,36,240,311,551,52,53,105,39,30,69,0,0,0,343,418,761
2020-10-10,11,16,27,196,194,390,33,37,70,23,25,48,0,0,0,263,272,535
2020-10-11,8,11,19,150,192,342,20,28,48,17,12,29,1,0,1,196,243,439
2020-10-12,11,8,19,199,210,409,52,39,91,23,12,35,0,0,0,285,269,554
2020-10-13,16,23,39,273,264,537,41,41,82,47,36,83,0,0,0,377,364,741
2020-10-14,9,17,26,272,272,544,32,28,60,41,35,76,0,0,0,354,352,706
2020-10-15,18,17,35,275,276,551,42,43,85,31,23,54,1,0,1,367,359,726
2020-10-16,9,24,33,251,272,523,37,50,87,30,30,60,0,0,0,327,376,703
2020-10-17,4,14,18,191,153,344,43,51,94,21,21,42,0,0,0,259,239,498
2020-10-18,2,6,8,131,139,270,21,22,43,17,14,31,0,0,0,171,181,352
2020-10-19,7,18,25,223,199,422,36,36,72,29,18,47,0,1,1,295,272,567
2020-10-20,7,13,20,223,220,443,26,30,56,32,19,51,0,0,0,288,282,570
2020-10-21,6,9,15,180,184,364,26,28,54,36,19,55,0,0,0,248,240,488
2020-10-22,10,10,20,164,141,305,33,30,63,24,23,47,1,0,1,232,204,436
2020-10-23,8,11,19,183,183,366,24,25,49,25,30,55,0,0,0,240,249,489
2020-10-24,5,5,10,130,135,265,32,29,61,27,14,41,0,0,0,194,183,377
2020-10-25,7,11,18,106,98,204,21,24,45,15,18,33,0,0,0,149,151,300
2020-10-26,14,11,25,162,156,318,31,18,49,19,28,47,0,0,0,226,213,439
2020-10-27,9,10,19,201,207,408,24,23,47,28,17,45,0,0,0,262,257,519
2020-10-28,10,3,13,173,155,328,25,29,54,21,17,38,0,0,0,229,204,433
2020-10-29,3,8,11,149,133,282,20,22,42,18,10,28,0,0,0,190,173,363
2020-10-30,6,13,19,113,108,221,19,12,31,12,10,22,0,0,0,150,143,293
2020-10-31,3,6,9,78,87,165,10,19,29,10,9,19,0,0,0,101,121,222
2020-11-01,5,3,8,105,95,200,25,19,44,17,9,26,0,0,0,152,126,278
2020-11-02,11,12,23,122,131,253,23,27,50,19,15,34,0,0,0,175,185,360
2020-11-03,8,14,22,134,120,254,19,8,27,9,12,21,0,0,0,170,154,324
2020-11-04,5,7,12,124,154,278,15,11,26,15,13,28,0,1,1,159,186,345
2020-11-05,7,8,15,179,167,346,20,24,44,21,23,44,0,0,0,227,222,449
2020-11-06,8,14,22,137,124,261,15,19,34,20,18,38,0,0,0,180,175,355
2020-11-07,4,7,11,109,113,222,12,12,24,15,15,30,0,0,0,140,147,287
2020-11-08,5,9,14,84,83,167,16,20,36,13,12,25,0,0,0,118,124,242
2020-11-09,5,18,23,158,145,303,21,21,42,23,27,50,0,0,0,207,211,418
2020-11-10,5,11,16,164,139,303,22,19,41,22,19,41,0,0,0,213,188,401
2020-11-11,4,18,22,151,134,285,26,28,54,24,14,38,0,0,0,205,194,399
2020-11-12,4,3,7,144,123,267,17,22,39,12,16,28,0,0,0,177,164,341
2020-11-13,4,12,16,149,115,264,16,23,39,20,20,40,0,0,0,189,170,359
2020-11-14,3,7,10,122,103,225,11,17,28,17,16,33,0,0,0,153,143,296
2020-11-15,6,5,11,82,96,178,12,11,23,10,8,18,0,0,0,110,120,230
2020-11-16,5,7,12,117,123,240,10,16,26,13,18,31,0,0,0,145,164,309
2020-11-17,3,9,12,137,144,281,24,24,48,22,14,36,0,0,0,186,191,377
2020-11-18,8,8,16,140,148,288,13,22,35,27,20,47,0,0,0,188,198,386
2020-11-19,6,10,16,116,116,232,7,14,21,13,9,22,0,0,0,142,149,291
2020-11-20,3,5,8,113,93,206,16,10,26,4,8,12,0,0,0,136,116,252
2020-11-21,7,4,11,103,127,230,8,14,22,5,9,14,0,0,0,123,154,277
2020-11-22,2,8,10,67,56,123,9,10,19,14,7,21,0,1,1,92,82,174
2020-11-23,2,3,5,74,64,138,13,9,22,11,16,27,0,0,0,100,92,192
2020-11-24,7,8,15,129,106,235,17,19,36,14,17,31,0,0,0,167,150,317
2020-11-25,3,10,13,153,146,299,22,16,38,22,17,39,0,0,0,200,189,389
2020-11-26,6,13,19,106,129,235,14,13,27,24,14,38,0,0,0,150,169,319
2020-11-27,12,4,16,137,101,238,16,15,31,12,10,22,0,0,0,177,130,307
2020-11-28,6,2,8,93,101,194,7,14,21,11,14,25,0,0,0,117,131,248
2020-11-29,4,7,11,95,75,170,13,11,24,20,14,34,0,0,0,132,107,239
2020-11-30,7,3,10,112,114,226,8,12,20,12,15,27,0,0,0,139,144,283
2020-12-01,5,5,10,124,95,219,10,15,25,11,16,27,0,0,0,150,131,281
2020-12-02,4,3,7,94,94,188,5,9,14,5,10,15,0,0,0,108,116,224
2020-12-03,2,4,6,110,91,201,16,18,34,10,7,17,0,0,0,138,120,258
2020-12-04,6,8,14,125,100,225,15,17,32,15,14,29,0,1,1,161,140,301
2020-12-05,2,5,7,92,100,192,11,16,27,8,19,27,0,0,0,113,140,253
2020-12-06,4,5,9,87,77,164,10,8,18,3,7,10,0,0,0,104,97,201
2020-12-07,4,6,10,84,81,165,7,10,17,5,8,13,0,0,0,100,105,205
2020-12-08,5,10,15,130,97,227,14,8,22,11,7,18,0,0,0,160,122,282
2020-12-09,5,11,16,147,134,281,19,25,44,14,17,31,0,0,0,185,187,372
2020-12-10,3,12,15,138,139,277,21,30,51,12,18,30,0,0,0,174,199,373
2020-12-11,0,7,7,135,134,269,15,15,30,13,13,26,0,0,0,163,169,332
2020-12-12,3,6,9,129,96,225,22,20,42,7,12,19,1,0,1,162,134,296
2020-12-13,1,6,7,107,104,211,22,23,45,16,9,25,1,0,1,147,142,289
2020-12-14,8,13,21,179,171,350,17,16,33,20,21,41,0,0,0,224,221,445
2020-12-15,6,11,17,193,147,340,22,23,45,13,17,30,0,0,0,234,198,432
2020-12-16,7,8,15,178,171,349,27,19,46,14,15,29,0,0,0,226,213,439
2020-12-17,13,15,28,184,215,399,33,34,67,44,31,75,0,0,0,274,295,569
2020-12-18,4,13,17,239,201,440,28,45,73,19,21,40,0,2,2,290,282,572
2020-12-19,4,7,11,193,171,364,34,35,69,17,12,29,1,1,2,249,226,475
2020-12-20,7,7,14,182,156,338,18,20,38,16,11,27,0,0,0,223,194,417
2020-12-21,8,15,23,279,228,507,35,39,74,41,52,93,1,0,1,364,334,698
2020-12-22,13,10,23,270,260,530,33,37,70,34,25,59,0,0,0,350,332,682
2020-12-23,10,9,19,333,310,643,53,44,97,29,27,56,1,0,1,426,390,816
2020-12-24,5,4,9,179,160,339,26,28,54,11,8,19,0,0,0,221,200,421
2020-12-25,2,2,4,143,105,248,17,14,31,6,13,19,0,0,0,168,134,302
2020-12-26,5,8,13,321,313,634,56,47,103,38,34,72,0,0,0,420,402,822
2020-12-27,8,8,16,257,225,482,40,31,71,30,30,60,0,0,0,335,294,629
2020-12-28,6,11,17,431,411,842,62,52,114,62,51,113,0,0,0,561,525,1086
2020-12-29,10,17,27,445,456,901,75,84,159,74,47,121,0,0,0,604,604,1208
2020-12-30,15,19,34,501,460,961,77,99,176,36,32,68,1,0,1,630,610,1240
2020-12-31,6,8,14,298,277,575,36,56,92,45,32,77,0,0,0,385,373,758
2021-01-01,2,8,10,123,150,273,16,9,25,14,11,25,0,1,1,155,179,334
2021-01-02,6,7,13,358,339,697,46,61,107,30,22,52,0,0,0,440,429,869
2021-01-03,11,14,25,351,337,688,43,51,94,31,31,62,0,1,1,436,434,870
2021-01-04,15,16,31,591,606,1197,63,56,119,65,45,110,0,0,0,734,723,1457
2021-01-05,15,13,28,570,518,1088,56,74,130,72,72,144,0,1,1,713,678,1391
2021-01-06,9,15,24,576,516,1092,57,62,119,61,50,111,2,2,4,705,645,1350
2021-01-07,8,7,15,481,492,973,62,66,128,60,54,114,1,0,1,612,619,1231
2021-01-08,10,15,25,490,478,968,63,46,109,40,42,82,0,2,2,603,583,1186
2021-01-09,7,10,17,390,398,788,53,51,104,29,31,60,1,0,1,480,490,970
2021-01-10,5,9,14,286,299,585,36,40,76,17,26,43,0,0,0,344,374,718
2021-01-11,7,19,26,438,412,850,43,53,96,48,35,83,0,0,0,536,519,1055
2021-01-12,5,14,19,466,444,910,58,61,119,50,45,95,1,0,1,580,564,1144
2021-01-13,7,9,16,458,490,948,43,53,96,70,59,129,1,2,3,579,613,1192
2021-01-14,6,14,20,436,416,852,51,48,99,49,43,92,3,1,4,545,522,1067
2021-01-15,10,3,13,485,397,882,54,56,110,43,39,82,0,0,0,592,495,1087
2021-01-16,5,4,9,348,375,723,33,36,69,32,27,59,0,0,0,418,442,860
2021-01-17,7,7,14,321,305,626,27,25,52,33,22,55,2,0,2,390,359,749
2021-01-18,7,6,13,499,447,946,57,51,108,54,40,94,0,1,1,617,545,1162
2021-01-19,5,8,13,432,440,872,40,52,92,55,41,96,2,0,2,534,541,1075
2021-01-20,6,7,13,481,444,925,36,40,76,25,26,51,1,0,1,549,517,1066
2021-01-21,8,8,16,444,424,868,41,62,103,36,31,67,1,0,1,530,525,1055
2021-01-22,5,7,12,386,379,765,47,50,97,39,36,75,0,1,1,477,473,950
2021-01-23,4,12,16,322,319,641,21,37,58,28,27,55,0,0,0,375,395,770
2021-01-24,4,8,12,320,278,598,21,24,45,25,17,42,0,0,0,370,327,697
2021-01-25,6,13,19,466,415,881,38,50,88,61,35,96,1,0,1,572,513,1085
2021-01-26,7,12,19,431,452,883,36,32,68,31,28,59,0,1,1,505,525,1030
2021-01-27,7,5,12,384,357,741,33,25,58,32,37,69,0,0,0,456,424,880
2021-01-28,2,5,7,392,382,774,48,33,81,28,25,53,1,1,2,471,446,917
2021-01-29,1,4,5,360,417,777,40,52,92,28,26,54,1,0,1,430,499,929
2021-01-30,3,4,7,317,339,656,23,33,56,22,14,36,2,0,2,367,390,757
2021-01-31,2,4,6,304,338,642,27,32,59,29,24,53,0,1,1,362,399,761
2021-02-01,8,10,18,429,419,848,35,39,74,32,34,66,1,4,5,505,506,1011
2021-02-02,4,7,11,367,384,751,37,39,76,24,24,48,0,2,2,432,456,888
2021-02-03,3,9,12,389,356,745,36,37,73,36,39,75,3,1,4,467,442,909
2021-02-04,2,4,6,312,305,617,31,51,82,35,36,71,1,1,2,381,397,778
2021-02-05,5,12,17,293,281,574,32,46,78,26,30,56,0,1,1,356,370,726
2021-02-06,4,3,7,245,236,481,18,24,42,16,20,36,0,0,0,283,283,566
2021-02-07,1,3,4,193,193,386,21,26,47,22,20,42,0,0,0,237,242,479
2021-02-08,5,12,17,329,340,669,37,44,81,33,22,55,0,1,1,404,419,823
2021-02-09,7,3,10,273,231,504,28,33,61,17,22,39,0,0,0,325,289,614
2021-02-10,2,7,9,275,264,539,21,38,59,18,14,32,1,0,1,317,323,640
2021-02-11,3,6,9,256,270,526,27,31,58,20,18,38,0,0,0,306,325,631
2021-02-12,1,3,4,263,267,530,28,21,49,25,13,38,0,0,0,317,304,621
2021-02-13,2,4,6,209,175,384,29,25,54,17,32,49,0,0,0,257,236,493
2021-02-14,1,1,2,166,208,374,13,13,26,17,10,27,0,1,1,197,233,430
2021-02-15,4,5,9,185,206,391,15,22,37,17,21,38,0,0,0,221,254,475
2021-02-16,4,4,8,195,223,418,18,18,36,12,23,35,0,0,0,229,268,497
2021-02-17,3,4,7,310,280,590,26,38,64,32,29,61,0,0,0,371,351,722
2021-02-18,2,3,5,280,296,576,23,41,64,30,29,59,0,0,0,335,369,704
2021-02-19,1,6,7,293,273,566,29,22,51,30,16,46,1,2,3,354,319,673
2021-02-20,0,6,6,213,224,437,30,21,51,18,14,32,0,0,0,261,265,526
2021-02-21,3,3,6,186,213,399,21,20,41,20,21,41,0,0,0,230,257,487
2021-02-22,3,5,8,242,220,462,33,32,65,31,20,51,1,0,1,310,277,587
2021-02-23,2,7,9,267,232,499,30,25,55,24,26,50,0,0,0,323,290,613
2021-02-24,4,7,11,256,242,498,21,26,47,19,18,37,0,0,0,300,293,593
2021-02-25,0,5,5,269,287,556,24,39,63,43,35,78,1,0,1,337,366,703
2021-02-26,1,4,5,219,247,466,27,29,56,32,24,56,0,0,0,279,304,583
2021-02-27,2,7,9,191,193,384,22,28,50,26,18,44,0,0,0,241,246,487
2021-02-28,1,1,2,163,171,334,13,13,26,10,13,23,2,0,2,189,198,387
2021-03-01,3,5,8,279,263,542,30,32,62,32,30,62,0,0,0,344,330,674
2021-03-02,1,4,5,244,225,469,33,26,59,26,34,60,0,0,0,304,289,593
2021-03-03,5,5,10,278,272,550,36,30,66,29,15,44,0,0,0,348,322,670
2021-03-04,3,1,4,261,230,491,32,29,61,29,25,54,0,0,0,325,285,610
2021-03-05,2,6,8,296,281,577,47,49,96,33,31,64,1,0,1,379,367,746
2021-03-06,0,7,7,195,208,403,40,28,68,23,16,39,0,0,0,258,259,517
2021-03-07,1,4,5,187,199,386,23,28,51,30,15,45,0,0,0,241,246,487
2021-03-08,3,7,10,319,265,584,34,42,76,40,25,65,1,2,3,397,341,738
2021-03-09,0,9,9,293,295,588,37,39,76,50,47,97,1,0,1,381,390,771
2021-03-10,1,9,10,276,306,582,17,41,58,27,16,43,0,0,0,321,372,693
2021-03-11,1,5,6,277,313,590,40,43,83,43,24,67,0,0,0,361,385,746
2021-03-12,4,10,14,303,285,588,46,50,96,42,40,82,0,0,0,395,385,780
2021-03-13,1,5,6,226,224,450,50,35,85,31,38,69,1,2,3,309,304,613
2021-03-14,4,1,5,202,230,432,43,34,77,21,23,44,0,0,0,270,288,558
2021-03-15,2,0,2,363,279,642,33,42,75,25,27,52,0,0,0,423,348,771
2021-03-16,3,9,12,329,303,632,36,41,77,27,22,49,0,0,0,395,375,770
2021-03-17,4,7,11,305,284,589,35,45,80,54,39,93,0,1,1,398,376,774
2021-03-18,0,2,2,311,341,652,31,45,76,28,30,58,1,0,1,371,418,789
2021-03-19,4,5,9,335,353,688,48,46,94,28,37,65,0,0,0,415,441,856
2021-03-20,2,1,3,246,228,474,27,26,53,40,19,59,1,1,2,316,275,591
2021-03-21,2,1,3,259,260,519,22,36,58,32,29,61,0,0,0,315,326,641
2021-03-22,1,6,7,411,392,803,45,55,100,53,53,106,0,1,1,510,507,1017
2021-03-23,4,5,9,469,463,932,49,48,97,38,45,83,0,0,0,560,561,1121
2021-03-24,3,4,7,464,427,891,52,67,119,70,48,118,0,0,0,589,546,1135
2021-03-25,5,7,12,513,488,1001,59,80,139,65,77,142,0,0,0,642,652,1294
2021-03-26,1,8,9,561,573,1134,53,65,118,70,60,130,0,0,0,685,706,1391
2021-03-27,3,8,11,490,490,980,76,73,149,30,34,64,0,0,0,599,605,1204
2021-03-28,3,6,9,484,440,924,51,66,117,40,25,65,1,0,1,579,537,1116
2021-03-29,6,9,15,695,611,1306,61,87,148,100,77,177,0,0,0,862,784,1646
2021-03-30,7,7,14,795,715,1510,73,99,172,64,66,130,0,0,0,939,887,1826
2021-03-31,9,6,15,821,760,1581,94,77,171,54,50,104,0,0,0,978,893,1871
2021-04-01,1,14,15,772,773,1545,99,87,186,76,55,131,1,0,1,949,929,1878
2021-04-02,2,9,11,673,640,1313,65,87,152,59,48,107,0,0,0,799,784,1583
2021-04-03,4,6,10,731,716,1447,76,82,158,47,42,89,0,0,0,858,846,1704
2021-04-04,8,7,15,743,683,1426,61,68,129,61,50,111,0,0,0,873,808,1681
2021-04-05,5,15,20,1172,1162,2334,78,95,173,86,103,189,0,0,0,1341,1375,2716
2021-04-06,6,17,23,1185,1115,2300,79,95,174,70,59,129,0,0,0,1340,1286,2626
2021-04-07,7,17,24,1304,1185,2489,68,84,152,84,65,149,0,1,1,1463,1352,2815
2021-04-08,5,17,22,1149,1145,2294,88,108,196,95,61,156,0,0,0,1337,1331,2668
2021-04-09,7,17,24,1073,1081,2154,76,91,167,84,76,160,0,1,1,1240,1266,2506
2021-04-10,5,12,17,890,901,1791,79,105,184,67,53,120,0,0,0,1041,1071,2112
2021-04-11,1,8,9,836,892,1728,68,51,119,47,43,90,0,0,0,952,994,1946
2021-04-12,11,10,21,1236,1134,2370,111,97,208,102,81,183,0,0,0,1460,1322,2782
2021-04-13,8,12,20,1119,1092,2211,82,77,159,89,89,178,1,0,1,1299,1270,2569
2021-04-14,7,14,21,1173,1219,2392,87,107,194,82,55,137,0,0,0,1349,1395,2744
2021-04-15,5,15,20,1090,1001,2091,84,80,164,71,72,143,0,0,0,1250,1168,2418
2021-04-16,10,10,20,1153,1145,2298,102,77,179,86,63,149,0,1,1,1351,1296,2647
2021-04-17,8,11,19,924,989,1913,79,90,169,90,73,163,0,0,0,1101,1163,2264
2021-04-18,9,7,16,874,823,1697,72,76,148,55,55,110,0,0,0,1010,961,1971
2021-04-19,5,15,20,1312,1250,2562,73,91,164,97,83,180,0,0,0,1487,1439,2926
2021-04-20,6,10,16,1256,1204,2460,95,83,178,87,98,185,0,0,0,1444,1395,2839
2021-04-21,7,5,12,1240,1237,2477,69,89,158,81,49,130,0,0,0,1397,1380,2777
2021-04-22,6,8,14,1058,1096,2154,72,76,148,83,60,143,0,0,0,1219,1240,2459
2021-04-23,4,11,15,1152,1123,2275,62,76,138,44,69,113,0,0,0,1262,1279,2541
2021-04-24,3,11,14,789,778,1567,65,65,130,59,45,104,0,0,0,916,899,1815
2021-04-25,3,6,9,750,757,1507,45,61,106,59,31,90,0,0,0,857,855,1712
2021-04-26,13,17,30,1014,1012,2026,78,77,155,86,87,173,0,0,0,1191,1193,2384
2021-04-27,7,24,31,996,1033,2029,74,88,162,55,58,113,0,0,0,1132,1203,2335
2021-04-28,5,18,23,1068,961,2029,70,84,154,47,54,101,1,0,1,1191,1117,2308
2021-04-29,7,11,18,969,1003,1972,59,74,133,55,56,111,0,0,0,1090,1144,2234
2021-04-30,4,8,12,997,1043,2040,62,76,138,57,52,109,0,0,0,1120,1179,2299
2021-05-01,6,3,9,648,664,1312,68,69,137,45,54,99,0,0,0,767,790,1557
2021-05-02,4,11,15,660,686,1346,41,55,96,27,32,59,0,0,0,732,784,1516
2021-05-03,5,6,11,1105,1101,2206,88,94,182,71,71,142,0,0,0,1269,1272,2541
2021-05-04,8,11,19,1001,916,1917,59,79,138,84,68,152,0,0,0,1152,1074,2226
2021-05-05,5,9,14,868,920,1788,58,76,134,43,44,87,0,0,0,974,1049,2023
2021-05-06,2,4,6,776,833,1609,49,55,104,51,39,90,0,0,0,878,931,1809
2021-05-07,1,8,9,836,886,1722,59,52,111,51,40,91,0,0,0,947,986,1933
2021-05-08,4,8,12,645,653,1298,51,38,89,45,47,92,0,0,0,745,746,1491
2021-05-09,7,7,14,567,583,1150,47,44,91,41,36,77,0,0,0,662,670,1332
2021-05-10,7,6,13,1065,1123,2188,76,93,169,88,80,168,0,0,0,1236,1302,2538
2021-05-11,3,6,9,982,963,1945,79,102,181,62,63,125,0,0,0,1126,1134,2260
2021-05-12,8,9,17,985,982,1967,63,80,143,74,65,139,0,0,0,1130,1136,2266
2021-05-13,3,6,9,880,861,1741,49,59,108,49,42,91,0,1,1,981,969,1950
2021-05-14,5,14,19,1062,1109,2171,78,98,176,71,63,134,0,0,0,1216,1284,2500
2021-05-15,6,9,15,802,792,1594,73,68,141,55,56,111,0,0,0,936,925,1861
2021-05-16,5,17,22,710,707,1417,58,74,132,86,57,143,0,0,0,859,855,1714
2021-05-17,12,16,28,1316,1338,2654,104,114,218,95,70,165,0,0,0,1527,1538,3065
2021-05-18,7,11,18,1255,1273,2528,85,67,152,69,66,135,0,0,0,1416,1417,2833
2021-05-19,4,19,23,1281,1238,2519,60,87,147,80,50,130,0,0,0,1425,1394,2819
2021-05-20,3,12,15,1135,1187,2322,69,88,157,68,55,123,0,0,0,1275,1342,2617
2021-05-21,6,9,15,1087,1111,2198,79,79,158,48,60,108,0,0,0,1220,1259,2479
2021-05-22,6,8,14,751,779,1530,71,65,136,61,53,114,0,0,0,889,905,1794
2021-05-23,7,9,16,782,690,1472,60,74,134,44,37,81,0,0,0,893,810,1703
2021-05-24,4,17,21,1060,964,2024,94,83,177,80,73,153,1,0,1,1239,1137,2376
2021-05-25,13,13,26,1013,966,1979,64,74,138,42,43,85,0,0,0,1132,1096,2228
2021-05-26,9,13,22,1229,1182,2411,75,91,166,83,85,168,0,0,0,1396,1371,2767
2021-05-27,9,13,22,1104,1100,2204,82,87,169,68,69,137,0,0,0,1263,1269,2532
2021-05-28,7,9,16,1031,1035,2066,79,96,175,69,70,139,0,0,0,1186,1210,2396
2021-05-29,4,6,10,721,774,1495,59,86,145,66,63,129,0,0,0,850,929,1779
2021-05-30,4,12,16,580,614,1194,44,46,90,27,36,63,0,0,0,655,708,1363
2021-05-31,9,15,24,946,1047,1993,57,63,120,37,43,80,1,0,1,1050,1168,2218
2021-06-01,9,10,19,822,856,1678,76,67,143,42,44,86,0,0,0,949,977,1926
2021-06-02,5,13,18,699,707,1406,56,71,127,42,40,82,0,0,0,802,831,1633
2021-06-03,1,8,9,708,766,1474,50,53,103,47,38,85,0,0,0,806,865,1671
2021-06-04,5,17,22,717,747,1464,38,64,102,49,49,98,0,0,0,809,877,1686
2021-06-05,6,14,20,556,544,1100,39,43,82,40,41,81,0,0,0,641,642,1283
2021-06-06,4,6,10,496,478,974,37,40,77,37,39,76,0,0,0,574,563,1137
2021-06-07,7,9,16,815,815,1630,54,44,98,28,33,61,0,0,0,904,901,1805
2021-06-08,4,13,17,670,672,1342,60,63,123,44,36,80,0,0,0,778,784,1562
2021-06-09,5,8,13,685,624,1309,39,38,77,52,44,96,0,0,0,781,714,1495
2021-06-10,6,7,13,762,746,1508,40,43,83,31,32,63,0,0,0,839,828,1667
2021-06-11,4,5,9,681,679,1360,40,47,87,29,37,66,0,0,0,754,768,1522
2021-06-12,3,8,11,391,404,795,48,58,106,41,34,75,0,0,0,483,504,987
2021-06-13,1,5,6,437,458,895,39,46,85,30,25,55,0,0,0,507,534,1041
2021-06-14,8,5,13,731,710,1441,41,75,116,38,38,76,0,0,0,818,828,1646
2021-06-15,4,8,12,606,597,1203,46,58,104,48,32,80,0,0,0,704,695,1399
2021-06-16,7,9,16,548,538,1086,41,50,91,30,31,61,0,0,0,626,628,1254
2021-06-17,5,7,12,577,596,1173,45,39,84,27,29,56,0,0,0,654,671,1325
2021-06-18,6,11,17,486,510,996,45,40,85,26,30,56,0,0,0,563,591,1154
2021-06-19,3,2,5,331,361,692,39,39,78,34,38,72,0,0,0,407,440,847
2021-06-20,3,1,4,306,293,599,28,35,63,24,27,51,0,0,0,361,356,717
2021-06-21,6,14,20,391,408,799,39,42,81,41,47,88,0,1,1,477,512,989
2021-06-22,7,5,12,645,669,1314,51,60,111,29,36,65,0,0,0,732,770,1502
2021-06-23,6,4,10,585,525,1110,39,47,86,25,24,49,0,0,0,655,600,1255
2021-06-24,7,7,14,577,613,1190,44,54,98,37,43,80,0,0,0,665,717,1382
2021-06-25,4,5,9,590,670,1260,58,47,105,34,38,72,0,0,0,686,760,1446
2021-06-26,3,7,10,394,376,770,36,49,85,42,34,76,0,0,0,475,466,941
2021-06-27,2,9,11,310,326,636,31,43,74,28,20,48,0,0,0,371,398,769
2021-06-28,4,11,15,502,514,1016,30,38,68,25,23,48,0,0,0,561,586,1147
2021-06-29,3,4,7,462,492,954,35,37,72,19,16,35,0,0,0,519,549,1068
2021-06-30,3,8,11,463,487,950,31,32,63,29,31,60,0,0,0,526,558,1084
2021-07-01,5,6,11,456,468,924,32,40,72,28,25,53,0,1,1,521,540,1061
2021-07-02,4,4,8,453,446,899,28,41,69,28,29,57,1,0,1,514,520,1034
2021-07-03,1,6,7,309,304,613,27,47,74,34,23,57,0,0,0,371,380,751
2021-07-04,0,4,4,275,250,525,29,21,50,36,19,55,0,0,0,340,294,634
2021-07-05,4,8,12,511,469,980,43,31,74,21,22,43,0,0,0,579,530,1109
2021-07-06,7,6,13,464,409,873,24,26,50,30,26,56,0,0,0,525,467,992
2021-07-07,3,8,11,412,368,780,34,34,68,31,27,58,0,0,0,480,437,917
2021-07-08,7,5,12,454,474,928,42,36,78,26,30,56,0,0,0,529,545,1074
2021-07-09,2,2,4,318,313,631,23,20,43,29,29,58,0,0,0,372,364,736
2021-07-10,1,3,4,322,338,660,24,38,62,22,32,54,0,0,0,369,411,780
2021-07-11,4,7,11,279,286,565,17,21,38,20,24,44,0,0,0,320,338,658
2021-07-12,6,6,12,455,449,904,36,32,68,26,25,51,0,0,0,523,512,1035
2021-07-13,4,1,5,387,408,795,21,15,36,19,25,44,0,0,0,431,449,880
2021-07-14,7,6,13,366,417,783,25,25,50,29,16,45,0,0,0,427,464,891
2021-07-15,3,6,9,404,388,792,20,30,50,16,22,38,0,0,0,443,446,889
2021-07-16,3,7,10,369,419,788,25,17,42,15,16,31,0,1,1,412,460,872
2021-07-17,2,7,9,298,274,572,16,15,31,20,20,40,0,0,0,336,316,652
2021-07-18,3,5,8,205,206,411,11,20,31,14,14,28,0,0,0,233,245,478
2021-07-19,0,3,3,347,357,704,25,26,51,18,12,30,0,0,0,390,398,788
2021-07-20,2,4,6,295,304,599,20,13,33,15,14,29,0,0,0,332,335,667
2021-07-21,5,4,9,299,337,636,17,18,35,12,13,25,0,0,0,333,372,705
2021-07-22,4,1,5,332,297,629,20,22,42,24,27,51,0,1,1,380,348,728
2021-07-23,2,1,3,303,333,636,31,26,57,25,18,43,0,0,0,361,378,739
2021-07-24,1,2,3,237,222,459,18,13,31,17,26,43,0,0,0,273,263,536
2021-07-25,1,4,5,223,212,435,12,13,25,5,8,13,0,0,0,241,237,478
2021-07-26,3,3,6,362,364,726,21,34,55,17,18,35,0,0,0,403,419,822
2021-07-27,3,7,10,302,305,607,17,23,40,16,16,32,0,0,0,338,351,689
2021-07-28,2,6,8,235,284,519,20,17,37,5,11,16,1,0,1,263,318,581
2021-07-29,1,2,3,289,269,558,6,11,17,7,13,20,0,0,0,303,295,598
2021-07-30,2,2,4,280,316,596,22,23,45,19,22,41,0,0,0,323,363,686
2021-07-31,0,5,5,203,223,426,15,27,42,17,13,30,0,1,1,235,269,504
2021-08-01,2,4,6,205,202,407,15,22,37,16,13,29,0,0,0,238,241,479
2021-08-02,4,1,5,355,387,742,19,16,35,11,12,23,0,0,0,389,416,805
2021-08-03,5,2,7,322,320,642,14,10,24,18,11,29,0,0,0,359,343,702
2021-08-04,2,3,5,286,278,564,20,20,40,11,8,19,0,0,0,319,309,628
2021-08-05,1,2,3,314,341,655,12,14,26,7,8,15,0,1,1,334,366,700
2021-08-06,2,4,6,305,333,638,18,19,37,13,23,36,0,0,0,338,379,717
2021-08-07,1,0,1,164,211,375,18,17,35,13,8,21,0,0,0,196,236,432
2021-08-08,2,3,5,159,190,349,17,9,26,10,17,27,0,0,0,188,219,407
2021-08-09,2,2,4,256,250,506,12,12,24,7,4,11,0,1,1,277,269,546
2021-08-10,1,3,4,255,278,533,7,8,15,4,7,11,0,0,0,267,296,563
2021-08-11,2,2,4,226,260,486,7,17,24,11,16,27,0,0,0,246,295,541
2021-08-12,2,2,4,224,231,455,11,15,26,8,10,18,0,0,0,245,258,503
2021-08-13,0,3,3,211,230,441,6,10,16,8,8,16,0,0,0,225,251,476
2021-08-14,2,1,3,151,155,306,9,11,20,11,7,18,0,0,0,173,174,347
2021-08-15,0,5,5,134,128,262,6,6,12,8,8,16,0,0,0,148,147,295
2021-08-16,1,3,4,150,149,299,8,10,18,6,12,18,0,0,0,165,174,339
2021-08-17,1,2,3,238,209,447,14,9,23,16,19,35,0,0,0,269,239,508
2021-08-18,2,2,4,234,215,449,13,10,23,9,9,18,0,0,0,258,236,494
2021-08-19,1,4,5,197,177,374,10,12,22,11,6,17,0,0,0,219,199,418
2021-08-20,1,2,3,200,246,446,12,10,22,7,2,9,0,1,1,220,261,481
2021-08-21,0,1,1,115,135,250,7,10,17,7,9,16,0,1,1,129,156,285
2021-08-22,2,0,2,111,121,232,7,9,16,7,4,11,0,0,0,127,134,261
2021-08-23,1,3,4,167,149,316,6,11,17,7,3,10,0,0,0,181,166,347
2021-08-24,1,4,5,149,166,315,7,6,13,7,5,12,0,0,0,164,181,345
2021-08-25,1,2,3,141,159,300,5,4,9,7,7,14,0,0,0,154,172,326
2021-08-26,1,0,1,151,149,300,10,9,19,2,5,7,0,0,0,164,163,327
2021-08-27,0,0,0,141,149,290,5,8,13,7,7,14,0,0,0,153,164,317
2021-08-28,0,2,2,103,97,200,7,9,16,5,6,11,0,0,0,115,114,229
2021-08-29,0,1,1,97,104,201,4,5,9,6,8,14,0,0,0,107,118,225
2021-08-30,1,4,5,117,154,271,12,9,21,6,7,13,0,0,0,136,174,310
2021-08-31,2,2,4,138,126,264,8,12,20,10,6,16,0,0,0,158,146,304
2021-09-01,3,1,4,115,150,265,11,11,22,1,5,6,0,0,0,130,167,297
2021-09-02,1,0,1,111,129,240,6,8,14,4,7,11,0,1,1,122,145,267
2021-09-03,1,1,2,126,146,272,4,2,6,5,10,15,0,0,0,136,159,295
2021-09-04,0,1,1,51,71,122,2,4,6,2,5,7,0,0,0,55,81,136
2021-09-05,0,4,4,77,58,135,6,4,10,4,5,9,0,0,0,87,71,158
2021-09-06,1,1,2,116,102,218,4,5,9,4,3,7,1,0,1,126,111,237
2021-09-07,1,3,4,89,90,179,3,4,7,2,2,4,0,0,0,95,99,194
2021-09-08,0,3,3,91,86,177,1,3,4,2,1,3,0,0,0,94,93,187
2021-09-09,0,1,1,81,81,162,10,7,17,3,3,6,0,0,0,94,92,186
2021-09-10,0,3,3,110,97,207,3,6,9,4,2,6,0,0,0,117,108,225
2021-09-11,1,1,2,64,61,125,5,3,8,1,1,2,0,0,0,71,66,137
2021-09-12,0,2,2,50,70,120,3,2,5,1,1,2,0,0,0,54,75,129
2021-09-13,2,1,3,93,100,193,3,3,6,5,3,8,0,0,0,103,107,210
2021-09-14,1,1,2,73,84,157,2,5,7,3,3,6,1,0,1,80,93,173
2021-09-15,1,2,3,80,90,170,1,1,2,1,2,3,0,0,0,83,95,178
2021-09-16,0,0,0,82,81,163,3,1,4,1,1,2,0,0,0,86,83,169
2021-09-17,0,0,0,75,86,161,5,4,9,0,3,3,0,0,0,80,93,173
2021-09-18,0,2,2,46,46,92,2,0,2,1,2,3,0,0,0,49,50,99
2021-09-19,0,0,0,39,43,82,1,1,2,4,2,6,0,0,0,44,46,90
2021-09-20,1,1,2,54,55,109,4,1,5,4,0,4,0,0,0,63,57,120
2021-09-21,0,1,1,71,60,131,2,1,3,0,0,0,0,0,0,73,62,135
2021-09-22,0,0,0,62,53,115,1,1,2,2,1,3,0,0,0,65,55,120
2021-09-23,0,0,0,61,73,134,2,0,2,2,1,3,0,0,0,65,74,139
2021-09-24,0,0,0,72,67,139,2,4,6,1,2,3,0,0,0,75,73,148
2021-09-25,1,3,4,29,46,75,4,2,6,2,2,4,0,0,0,36,53,89
2021-09-26,0,0,0,26,32,58,5,5,10,1,0,1,0,0,0,32,37,69
2021-09-27,0,0,0,49,61,110,2,1,3,2,3,5,0,0,0,53,65,118
2021-09-28,0,1,1,49,50,99,0,1,1,2,4,6,0,0,0,51,56,107
2021-09-29,1,1,2,38,58,96,1,0,1,4,1,5,0,0,0,44,60,104
2021-09-30,0,0,0,37,40,77,2,0,2,3,1,4,0,0,0,42,41,83
2021-10-01,0,1,1,48,69,117,3,1,4,4,1,5,0,0,0,55,72,127
2021-10-02,0,1,1,27,40,67,2,1,3,1,1,2,0,0,0,30,43,73
2021-10-03,0,0,0,26,31,57,0,1,1,0,0,0,0,0,0,26,32,58
2021-10-04,0,0,0,47,50,97,1,1,2,0,2,2,0,0,0,48,53,101
2021-10-05,0,1,1,60,59,119,0,1,1,1,1,2,0,0,0,61,62,123
2021-10-06,1,0,1,62,76,138,4,3,7,0,1,1,0,0,0,67,80,147
2021-10-07,0,0,0,51,49,100,2,2,4,1,2,3,0,0,0,54,53,107
2021-10-08,0,0,0,41,27,68,1,2,3,1,2,3,0,0,0,43,31,74
2021-10-09,0,0,0,25,30,55,1,2,3,3,3,6,0,0,0,29,35,64
2021-10-10,0,0,0,46,34,80,3,4,7,0,5,5,0,0,0,49,43,92
2021-10-11,1,0,1,47,47,94,3,3,6,0,2,2,0,0,0,51,52,103
2021-10-12,1,1,2,83,87,170,1,5,6,5,4,9,1,1,2,91,98,189
2021-10-13,0,0,0,68,75,143,6,4,10,1,0,1,0,0,0,75,79,154
2021-10-14,1,0,1,82,98,180,6,3,9,3,1,4,0,0,0,92,102,194
2021-10-15,0,0,0,58,78,136,4,1,5,4,3,7,1,0,1,67,82,149
2021-10-16,1,0,1,41,50,91,8,7,15,3,4,7,0,0,0,53,61,114
2021-10-17,0,1,1,33,25,58,5,0,5,4,3,7,0,0,0,42,29,71
2021-10-18,0,0,0,60,62,122,4,3,7,3,2,5,0,0,0,67,67,134
2021-10-19,0,1,1,62,81,143,1,2,3,5,2,7,0,0,0,68,86,154
2021-10-20,0,3,3,77,116,193,5,1,6,2,3,5,0,0,0,84,123,207
2021-10-21,0,1,1,104,123,227,1,10,11,2,2,4,0,0,0,107,136,243
2021-10-22,1,0,1,95,121,216,1,2,3,3,3,6,0,0,0,100,126,226
2021-10-23,0,0,0,64,64,128,3,5,8,2,1,3,0,0,0,69,70,139
2021-10-24,0,0,0,59,51,110,4,3,7,0,2,2,0,0,0,63,56,119
2021-10-25,0,0,0,72,108,180,2,3,5,1,1,2,0,0,0,75,112,187
2021-10-26,1,0,1,97,74,171,4,4,8,1,2,3,0,1,1,103,81,184
2021-10-27,0,0,0,88,98,186,2,4,6,1,3,4,0,0,0,91,105,196
2021-10-28,0,2,2,84,84,168,4,3,7,5,2,7,0,0,0,93,91,184
2021-10-29,0,2,2,83,96,179,5,0,5,5,2,7,0,0,0,93,100,193
2021-10-30,0,0,0,65,72,137,3,4,7,4,2,6,0,0,0,72,78,150
2021-10-31,2,3,5,52,58,110,3,1,4,0,6,6,0,0,0,57,68,125
2021-11-01,0,1,1,68,87,155,1,3,4,3,10,13,0,1,1,72,102,174
2021-11-02,0,1,1,70,75,145,3,3,6,2,3,5,0,0,0,75,82,157
2021-11-03,0,2,2,79,100,179,5,6,11,1,6,7,0,0,0,85,114,199
2021-11-04,0,1,1,110,93,203,3,6,9,3,3,6,0,0,0,116,103,219
2021-11-05,1,0,1,75,90,165,1,5,6,4,2,6,0,0,0,81,97,178
2021-11-06,1,2,3,79,83,162,3,8,11,8,5,13,1,1,2,92,99,191
2021-11-07,3,1,4,53,59,112,3,3,6,4,0,4,0,0,0,63,63,126
2021-11-08,0,0,0,93,105,198,4,4,8,4,2,6,0,0,0,101,111,212
2021-11-09,0,1,1,88,117,205,5,6,11,3,2,5,0,0,0,96,126,222
2021-11-10,2,2,4,116,123,239,2,5,7,4,7,11,1,0,1,125,137,262
2021-11-11,0,1,1,112,105,217,2,4,6,2,3,5,0,0,0,116,113,229
2021-11-12,0,1,1,104,124,228,3,3,6,5,9,14,0,0,0,112,137,249
2021-11-13,0,0,0,80,93,173,3,7,10,4,2,6,0,0,0,87,102,189
2021-11-14,0,0,0,69,68,137,3,8,11,5,2,7,0,0,0,77,78,155
2021-11-15,0,2,2,89,123,212,2,7,9,3,7,10,0,0,0,94,139,233
2021-11-16,1,3,4,89,100,189,8,7,15,9,5,14,0,0,0,107,115,222
2021-11-17,0,2,2,115,97,212,2,7,9,2,5,7,0,0,0,119,111,230
2021-11-18,2,1,3,103,92,195,10,10,20,4,2,6,0,0,0,119,105,224
2021-11-19,1,3,4,90,101,191,6,5,11,6,7,13,0,0,0,103,116,219
2021-11-20,0,2,2,86,78,164,4,10,14,6,7,13,0,0,0,96,97,193
2021-11-21,0,0,0,77,88,165,7,5,12,7,9,16,0,0,0,91,102,193
2021-11-22,0,1,1,74,89,163,3,14,17,8,6,14,0,0,0,85,110,195
2021-11-23,1,2,3,123,153,276,8,7,15,9,6,15,0,0,0,141,168,309
2021-11-24,0,0,0,143,129,272,4,9,13,8,8,16,0,1,1,155,147,302
2021-11-25,0,2,2,113,145,258,2,8,10,5,3,8,1,1,2,121,159,280
2021-11-26,1,1,2,120,140,260,7,10,17,4,6,10,0,0,0,132,157,289
2021-11-27,0,0,0,111,101,212,9,7,16,5,7,12,0,0,0,125,115,240
2021-11-28,0,3,3,102,88,190,2,7,9,6,4,10,0,0,0,110,102,212
2021-11-29,0,1,1,150,193,343,3,6,9,9,12,21,0,0,0,162,212,374
2021-11-30,0,1,1,168,182,350,6,5,11,9,9,18,0,0,0,183,197,380
2021-12-01,0,4,4,187,218,405,4,8,12,11,10,21,0,1,1,202,241,443
2021-12-02,3,2,5,193,213,406,6,11,17,6,8,14,0,1,1,208,235,443
2021-12-03,1,2,3,142,181,323,8,13,21,8,12,20,0,0,0,159,208,367
2021-12-04,0,1,1,141,162,303,8,9,17,12,13,25,0,1,1,161,186,347
2021-12-05,1,1,2,123,130,253,8,9,17,10,15,25,0,0,0,142,155,297
2021-12-06,0,8,8,222,247,469,9,14,23,8,13,21,1,0,1,240,282,522
2021-12-07,1,2,3,212,272,484,8,17,25,12,9,21,0,0,0,233,300,533
2021-12-08,1,2,3,187,193,380,10,17,27,11,19,30,0,0,0,209,231,440
2021-12-09,3,4,7,295,328,623,15,14,29,10,21,31,0,0,0,323,367,690
2021-12-10,0,2,2,273,292,565,10,18,28,15,10,25,0,0,0,298,322,620
2021-12-11,1,1,2,218,263,481,8,13,21,22,19,41,0,0,0,249,296,545
2021-12-12,3,3,6,226,210,436,14,12,26,10,15,25,0,0,0,253,240,493
2021-12-13,2,2,4,352,370,722,17,24,41,30,21,51,0,1,1,401,418,819
2021-12-14,2,3,5,379,416,795,24,17,41,39,28,67,0,1,1,444,465,909
2021-12-15,5,5,10,394,395,789,29,33,62,27,30,57,0,0,0,455,463,918
2021-12-16,5,3,8,515,442,957,41,36,77,33,35,68,2,0,2,596,516,1112
2021-12-17,0,3,3,468,481,949,25,32,57,36,35,71,0,0,0,529,551,1080
2021-12-18,2,3,5,412,400,812,26,33,59,33,33,66,0,1,1,473,470,943
2021-12-19,4,10,14,394,446,840,24,32,56,36,27,63,0,1,1,458,516,974
2021-12-20,2,6,8,732,829,1561,31,28,59,37,50,87,1,0,1,803,913,1716
2021-12-21,3,11,14,936,1132,2068,41,33,74,60,50,110,2,2,4,1042,1228,2270
2021-12-22,4,17,21,1386,1571,2957,47,71,118,54,46,100,1,0,1,1492,1705,3197
2021-12-23,4,21,25,1430,1470,2900,60,64,124,72,63,135,2,2,4,1568,1620,3188
2021-12-24,5,6,11,1014,1048,2062,31,40,71,43,42,85,1,4,5,1094,1140,2234
2021-12-25,4,5,9,734,786,1520,28,43,71,32,25,57,0,2,2,798,861,1659
2021-12-26,7,13,20,1748,1884,3632,63,76,139,77,112,189,1,1,2,1896,2086,3982
2021-12-27,12,25,37,2986,3286,6272,57,56,113,48,56,104,0,1,1,3103,3424,6527
2021-12-28,6,8,14,3683,4301,7984,35,50,85,45,38,83,0,2,2,3769,4399,8168
2021-12-29,11,21,32,4248,4722,8970,36,42,78,27,29,56,0,2,2,4322,4816,9138
2021-12-30,4,7,11,4163,4860,9023,16,26,42,22,29,51,0,0,0,4205,4922,9127
2021-12-31,4,4,8,2436,2794,5230,22,15,37,18,20,38,0,1,1,2480,2834,5314
2022-01-01,1,4,5,1846,1984,3830,6,9,15,8,9,17,0,1,1,1861,2007,3868
2022-01-02,1,1,2,3826,4394,8220,9,11,20,35,51,86,0,0,0,3871,4457,8328
2022-01-03,4,15,19,6699,7763,14462,22,19,41,64,59,123,0,0,0,6789,7856,14645
2022-01-04,6,14,20,7263,8459,15722,30,38,68,59,70,129,0,1,1,7358,8582,15940
2022-01-05,8,15,23,7217,8727,15944,37,47,84,50,67,117,2,1,3,7314,8857,16171
2022-01-06,3,11,14,7253,8443,15696,36,37,73,93,112,205,1,2,3,7386,8605,15991
2022-01-07,3,13,16,6498,7723,14221,22,23,45,60,87,147,0,1,1,6583,7847,14430
2022-01-08,8,27,35,4840,5650,10490,13,16,29,74,73,147,0,0,0,4935,5766,10701
2022-01-09,10,14,24,5099,5705,10804,23,23,46,87,98,185,0,0,0,5219,5840,11059
2022-01-10,14,30,44,8174,9293,17467,24,33,57,70,80,150,0,1,1,8282,9437,17719
2022-01-11,8,10,18,7534,8598,16132,17,27,44,97,106,203,0,1,1,7656,8742,16398
2022-01-12,9,19,28,7693,9000,16693,30,26,56,137,145,282,0,0,0,7869,9190,17059
2022-01-13,5,9,14,5930,6963,12893,7,18,25,165,196,361,0,0,0,6107,7186,13293
2022-01-14,10,8,18,7246,8245,15491,16,18,34,171,202,373,0,0,0,7443,8473,15916
2022-01-15,5,9,14,5127,5627,10754,16,20,36,160,179,339,0,0,0,5308,5835,11143
2022-01-16,5,5,10,5189,6155,11344,10,15,25,105,119,224,0,0,0,5309,6294,11603
2022-01-17,14,27,41,7414,8589,16003,14,33,47,82,146,228,1,0,1,7525,8795,16320
2022-01-18,8,8,16,7249,8384,15633,19,25,44,114,164,278,0,0,0,7390,8581,15971
2022-01-19,4,16,20,6349,7636,13985,18,20,38,117,234,351,0,0,0,6488,7906,14394
2022-01-20,1,20,21,5525,6655,12180,13,20,33,98,185,283,0,0,0,5637,6880,12517
2022-01-21,4,15,19,5109,6233,11342,13,17,30,128,174,302,0,0,0,5254,6439,11693
2022-01-22,4,6,10,3406,4091,7497,5,9,14,32,57,89,0,0,0,3447,4163,7610
2022-01-23,1,7,8,3159,3729,6888,3,3,6,28,34,62,0,0,0,3191,3773,6964
2022-01-24,7,13,20,4568,5249,9817,9,13,22,83,128,211,0,0,0,4667,5403,10070
2022-01-25,10,15,25,3550,4313,7863,9,14,23,108,138,246,0,0,0,3677,4480,8157
2022-01-26,5,16,21,2956,3594,6550,14,17,31,287,406,693,0,0,0,3262,4033,7295
2022-01-27,10,14,24,1339,1560,2899,11,19,30,1397,1795,3192,0,0,0,2757,3388,6145
2022-01-28,10,12,22,95,121,216,18,23,41,2242,2836,5078,0,1,1,2365,2993,5358
2022-01-29,7,16,23,70,97,167,6,7,13,1565,1791,3356,0,0,0,1648,1911,3559
2022-01-30,1,5,6,48,72,120,3,0,3,1423,1702,3125,1,0,1,1476,1779,3255
2022-01-31,7,6,13,66,87,153,4,12,16,2224,2633,4857,0,0,0,2301,2738,5039
2022-02-01,6,5,11,44,68,112,6,3,9,1667,2094,3761,0,0,0,1723,2170,3893
2022-02-02,10,13,23,24,35,59,9,14,23,1150,1340,2490,0,0,0,1193,1402,2595
2022-02-03,3,1,4,3,3,6,4,3,7,306,390,696,0,0,0,316,397,713
