FECHA,<=10M,<=10F,<=10,11-20M,11-20F,11-20,21-30M,21-30F,21-30,31-40M,31-40F,31-40,41-50M,41-50F,41-50,51-60M,51-60F,51-60,61-70M,61-70F,61-70,71-80M,71-80F,71-80,81-90M,81-90F,81-90,>=91M,>=91F,>=91,TotalM,TotalF,Total,DelayCount,CumDelay,DelayAvg
2020-03-15,1,0,1,0,0,0,0,2,2,2,1,3,1,1,2,1,0,1,1,0,1,1,1,2,0,0,0,0,0,0,7,5,12,12,41,3.4166666666666665
2020-03-16,1,3,4,1,0,1,1,2,3,1,1,2,0,0,0,2,1,3,2,2,4,0,0,0,0,0,0,0,0,0,8,9,17,17,58,3.411764705882353
2020-03-17,1,4,5,0,1,1,2,1,3,0,0,0,1,3,4,0,2,2,1,1,2,2,2,4,1,0,1,0,0,0,8,14,22,22,360,16.363636363636363
2020-03-18,3,1,4,1,0,1,1,0,1,2,1,3,0,2,2,1,1,2,1,2,3,1,0,1,1,0,1,0,0,0,11,7,18,18,34,1.8888888888888888
2020-03-19,1,0,1,0,0,0,3,2,5,2,2,4,2,1,3,0,0,0,1,1,2,1,1,2,0,0,0,1,0,1,11,7,18,18,39,2.1666666666666665
2020-03-20,1,1,2,1,0,1,1,0,1,0,2,2,0,1,1,0,1,1,0,1,1,2,2,4,1,0,1,0,0,0,6,8,14,14,28,2.0
2020-03-21,0,0,0,2,1,3,1,2,3,3,1,4,2,1,3,0,0,0,2,2,4,1,1,2,0,0,0,1,0,1,12,8,20,20,60,3.0
2020-03-22,3,0,3,0,0,0,3,1,4,0,0,0,0,0,0,2,1,3,0,1,1,2,0,2,3,2,5,0,0,0,13,5,18,18,42,2.3333333333333335
2020-03-23,3,1,4,0,2,2,1,2,3,2,1,3,0,1,1,2,0,2,2,1,3,4,3,7,3,3,6,0,2,2,17,16,33,33,64,1.9393939393939394
2020-03-24,2,0,2,0,0,0,1,1,2,1,1,2,0,2,2,2,2,4,0,1,1,2,0,2,2,1,3,1,0,1,11,8,19,19,29,1.5263157894736843
2020-03-25,1,3,4,0,0,0,2,3,5,2,4,6,1,0,1,1,2,3,3,1,4,2,2,4,2,4,6,2,1,3,16,20,36,36,52,1.4444444444444444
2020-03-26,4,3,7,2,1,3,2,2,4,4,3,7,1,4,5,3,2,5,1,3,4,3,2,5,5,0,5,2,1,3,27,21,48,48,171,3.5625
2020-03-27,2,3,5,0,1,1,1,2,3,3,0,3,1,4,5,1,3,4,2,5,7,4,6,10,3,2,5,2,6,8,19,32,51,51,115,2.2549019607843137
2020-03-28,2,0,2,0,0,0,1,2,3,2,1,3,1,1,2,3,1,4,3,0,3,4,6,10,2,1,3,1,0,1,19,12,31,31,107,3.4516129032258065
2020-03-29,1,0,1,2,1,3,1,2,3,2,1,3,2,3,5,0,0,0,6,3,9,4,1,5,4,2,6,2,1,3,24,14,38,38,85,2.236842105263158
2020-03-30,4,2,6,0,0,0,1,6,7,4,2,6,5,2,7,1,1,2,5,1,6,4,5,9,4,1,5,3,2,5,31,22,53,53,103,1.9433962264150944
2020-03-31,8,2,10,1,0,1,5,1,6,8,2,10,5,2,7,2,1,3,6,2,8,4,3,7,2,3,5,4,0,4,45,16,61,61,122,2.0
2020-04-01,9,10,19,0,2,2,5,3,8,7,2,9,10,4,14,3,5,8,4,3,7,6,4,10,5,5,10,0,1,1,49,39,88,88,203,2.3068181818181817
2020-04-02,6,8,14,4,4,8,2,5,7,3,4,7,3,5,8,1,8,9,8,5,13,8,6,14,5,6,11,3,4,7,43,55,98,98,175,1.7857142857142858
2020-04-03,16,8,24,4,3,7,5,6,11,6,8,14,6,10,16,2,5,7,8,5,13,6,4,10,6,6,12,1,5,6,60,60,120,120,241,2.0083333333333333
2020-04-04,7,11,18,2,3,5,2,8,10,2,10,12,5,2,7,6,0,6,6,3,9,2,5,7,4,2,6,1,3,4,37,47,84,84,158,1.880952380952381
2020-04-05,6,9,15,4,4,8,6,1,7,5,2,7,8,3,11,4,2,6,1,10,11,6,8,14,3,4,7,2,3,5,45,46,91,91,158,1.7362637362637363
2020-04-06,10,8,18,4,2,6,6,3,9,10,4,14,9,4,13,9,3,12,6,7,13,11,5,16,7,4,11,1,2,3,73,42,115,115,171,1.4869565217391305
2020-04-07,9,10,19,4,3,7,5,3,8,5,7,12,4,4,8,7,2,9,4,4,8,7,8,15,6,11,17,2,1,3,53,53,106,106,125,1.179245283018868
2020-04-08,8,7,15,4,2,6,2,6,8,5,3,8,7,3,10,5,4,9,8,5,13,9,4,13,2,3,5,3,6,9,53,43,96,96,114,1.1875
2020-04-09,3,2,5,3,2,5,3,7,10,14,9,23,2,5,7,8,8,16,4,4,8,7,10,17,5,8,13,4,5,9,53,60,113,113,149,1.3185840707964602
2020-04-10,14,2,16,4,3,7,2,6,8,4,2,6,10,1,11,3,6,9,6,1,7,1,9,10,5,8,13,1,4,5,50,42,92,92,119,1.2934782608695652
2020-04-11,6,5,11,4,2,6,7,4,11,6,4,10,7,3,10,2,4,6,4,6,10,6,3,9,4,7,11,1,4,5,47,42,89,89,114,1.2808988764044944
2020-04-12,9,6,15,2,0,2,2,4,6,8,2,10,3,5,8,9,3,12,3,4,7,3,8,11,4,4,8,1,2,3,44,38,82,82,128,1.5609756097560976
2020-04-13,7,11,18,7,4,11,12,7,19,4,9,13,6,5,11,5,6,11,8,6,14,4,8,12,8,9,17,4,6,10,65,71,136,136,160,1.1764705882352942
2020-04-14,14,6,20,3,1,4,6,6,12,8,3,11,4,4,8,10,6,16,4,7,11,9,5,14,6,4,10,4,4,8,68,46,114,114,115,1.0087719298245614
2020-04-15,9,3,12,4,5,9,4,7,11,6,6,12,7,14,21,4,7,11,9,3,12,10,4,14,6,7,13,5,3,8,64,59,123,123,171,1.3902439024390243
2020-04-16,10,3,13,4,5,9,7,4,11,10,13,23,10,11,21,7,9,16,4,10,14,7,4,11,4,5,9,0,4,4,63,68,131,131,133,1.015267175572519
2020-04-17,14,10,24,3,5,8,1,7,8,6,14,20,13,9,22,7,8,15,7,5,12,14,9,23,6,8,14,1,3,4,72,78,150,150,205,1.3666666666666667
2020-04-18,9,8,17,6,1,7,9,2,11,15,6,21,8,5,13,7,4,11,2,2,4,5,10,15,6,8,14,3,4,7,70,50,120,120,186,1.55
2020-04-19,8,7,15,4,1,5,4,2,6,4,4,8,5,5,10,5,9,14,7,6,13,5,8,13,3,7,10,2,1,3,47,50,97,97,122,1.2577319587628866
2020-04-20,14,8,22,8,8,16,12,5,17,12,10,22,9,6,15,9,4,13,11,8,19,15,11,26,10,8,18,4,15,19,104,83,187,187,210,1.1229946524064172
2020-04-21,12,8,20,5,6,11,12,3,15,8,11,19,2,4,6,5,7,12,7,8,15,11,10,21,8,10,18,2,10,12,72,77,149,149,175,1.174496644295302
2020-04-22,11,9,20,4,7,11,6,7,13,11,3,14,11,6,17,5,7,12,8,3,11,7,14,21,8,12,20,7,6,13,78,74,152,152,236,1.5526315789473684
2020-04-23,16,10,26,5,4,9,6,11,17,10,8,18,8,8,16,3,12,15,7,4,11,10,8,18,10,10,20,7,9,16,82,84,166,166,164,0.9879518072289156
2020-04-24,16,10,26,5,5,10,9,8,17,12,11,23,5,6,11,7,8,15,8,11,19,11,11,22,10,15,25,3,3,6,86,88,174,174,189,1.0862068965517242
2020-04-25,9,4,13,4,1,5,3,5,8,8,9,17,4,4,8,5,6,11,6,4,10,7,4,11,9,15,24,5,5,10,60,57,117,117,106,0.905982905982906
2020-04-26,8,15,23,5,6,11,3,4,7,4,2,6,8,6,14,2,3,5,7,7,14,5,7,12,8,7,15,1,4,5,51,61,112,112,97,0.8660714285714286
2020-04-27,12,11,23,6,3,9,6,8,14,5,9,14,3,10,13,10,7,17,7,8,15,20,6,26,11,14,25,3,5,8,83,81,164,164,134,0.8170731707317073
2020-04-28,15,7,22,4,5,9,11,12,23,11,11,22,7,11,18,6,9,15,6,7,13,3,12,15,6,14,20,2,4,6,71,92,163,163,129,0.7914110429447853
2020-04-29,18,10,28,6,4,10,13,6,19,18,12,30,11,8,19,8,6,14,4,8,12,10,6,16,3,14,17,5,10,15,96,84,180,180,146,0.8111111111111111
2020-04-30,17,10,27,9,1,10,10,6,16,6,7,13,11,9,20,7,13,20,10,8,18,7,10,17,8,17,25,8,7,15,93,88,181,181,149,0.8232044198895028
2020-05-01,2,12,14,6,5,11,1,6,7,10,11,21,10,6,16,7,3,10,11,5,16,7,8,15,8,12,20,0,2,2,62,70,132,132,112,0.8484848484848485
2020-05-02,7,16,23,5,6,11,6,2,8,10,5,15,7,5,12,7,2,9,3,4,7,8,1,9,6,12,18,1,3,4,60,56,116,116,114,0.9827586206896551
2020-05-03,8,8,16,4,2,6,5,5,10,8,6,14,5,5,10,8,2,10,8,7,15,5,9,14,6,8,14,3,5,8,60,57,117,117,97,0.8290598290598291
2020-05-04,18,19,37,5,2,7,8,10,18,9,6,15,6,6,12,9,3,12,8,12,20,14,13,27,8,18,26,2,4,6,87,93,180,180,139,0.7722222222222223
2020-05-05,9,9,18,7,1,8,10,9,19,11,12,23,6,11,17,9,5,14,10,7,17,15,7,22,6,13,19,1,10,11,84,84,168,168,111,0.6607142857142857
2020-05-06,12,11,23,3,0,3,11,6,17,16,15,31,15,9,24,5,5,10,9,6,15,19,13,32,7,12,19,4,6,10,101,83,184,184,122,0.6630434782608695
2020-05-07,15,10,25,7,6,13,13,5,18,12,9,21,14,9,23,4,6,10,7,6,13,16,6,22,6,12,18,1,8,9,95,77,172,172,109,0.6337209302325582
2020-05-08,15,13,28,7,5,12,15,7,22,9,14,23,17,10,27,14,4,18,8,11,19,13,9,22,11,12,23,2,12,14,111,97,208,208,219,1.0528846153846154
2020-05-09,16,11,27,4,0,4,6,12,18,5,8,13,8,8,16,4,6,10,7,6,13,11,2,13,5,10,15,5,8,13,71,71,142,142,126,0.8873239436619719
2020-05-10,7,8,15,1,1,2,7,10,17,5,6,11,4,6,10,3,5,8,8,6,14,8,11,19,5,12,17,1,6,7,49,71,120,119,102,0.8571428571428571
2020-05-11,14,15,29,6,5,11,6,7,13,14,12,26,10,12,22,8,5,13,11,6,17,13,9,22,12,17,29,4,14,18,98,102,200,200,147,0.735
2020-05-12,16,9,25,6,8,14,25,19,44,19,6,25,9,12,21,6,5,11,9,7,16,8,11,19,9,14,23,5,11,16,112,102,214,214,151,0.705607476635514
2020-05-13,23,14,37,10,7,17,17,10,27,13,22,35,16,6,22,9,9,18,7,8,15,9,7,16,8,14,22,1,10,11,113,107,220,220,190,0.8636363636363636
2020-05-14,19,21,40,9,9,18,12,17,29,19,17,36,11,8,19,6,10,16,10,11,21,9,9,18,9,13,22,2,15,17,106,130,236,236,214,0.9067796610169492
2020-05-15,18,20,38,8,5,13,7,10,17,12,12,24,9,15,24,11,6,17,10,9,19,6,6,12,10,20,30,5,10,15,96,113,209,208,185,0.8894230769230769
2020-05-16,11,15,26,7,6,13,5,10,15,9,14,23,6,8,14,6,7,13,7,5,12,9,6,15,6,4,10,5,14,19,71,89,160,160,207,1.29375
2020-05-17,16,13,29,3,6,9,9,8,17,7,7,14,8,11,19,4,3,7,7,7,14,6,5,11,10,12,22,4,4,8,74,76,150,150,111,0.74
2020-05-18,20,19,39,8,10,18,23,20,43,21,17,38,11,15,26,14,11,25,13,13,26,18,14,32,17,13,30,1,11,12,146,143,289,289,221,0.7647058823529411
2020-05-19,16,17,33,13,12,25,26,20,46,31,24,55,25,13,38,16,14,30,15,13,28,10,18,28,11,21,32,3,9,12,166,161,327,327,219,0.6697247706422018
2020-05-20,24,37,61,9,16,25,26,20,46,38,17,55,15,14,29,9,12,21,19,14,33,11,11,22,12,15,27,6,6,12,169,162,331,331,213,0.6435045317220544
2020-05-21,28,29,57,18,6,24,30,22,52,27,21,48,16,20,36,17,12,29,11,6,17,15,9,24,8,16,24,1,4,5,171,145,316,316,164,0.5189873417721519
2020-05-22,32,15,47,12,13,25,26,26,52,20,26,46,16,14,30,12,9,21,6,9,15,10,10,20,6,15,21,6,13,19,146,150,296,296,145,0.48986486486486486
2020-05-23,18,16,34,12,14,26,24,16,40,25,16,41,10,13,23,8,7,15,12,10,22,9,13,22,9,6,15,2,2,4,129,113,242,242,149,0.6157024793388429
2020-05-24,15,19,34,7,7,14,11,9,20,14,11,25,9,4,13,6,4,10,10,6,16,10,8,18,5,11,16,2,6,8,89,85,174,174,122,0.7011494252873564
2020-05-25,25,21,46,17,17,34,21,23,44,12,13,25,14,10,24,6,7,13,7,6,13,11,4,15,9,15,24,2,8,10,124,124,248,248,134,0.5403225806451613
2020-05-26,31,27,58,20,19,39,32,30,62,44,30,74,16,25,41,9,16,25,8,5,13,14,5,19,10,15,25,3,10,13,187,182,369,369,270,0.7317073170731707
2020-05-27,37,30,67,14,15,29,19,24,43,23,16,39,17,10,27,18,12,30,9,9,18,7,12,19,4,15,19,4,2,6,152,145,297,297,223,0.7508417508417509
2020-05-28,25,37,62,17,11,28,24,28,52,21,21,42,24,20,44,11,17,28,10,12,22,10,6,16,14,17,31,4,14,18,160,183,343,343,245,0.7142857142857143
2020-05-29,33,26,59,23,17,40,36,29,65,28,37,65,27,20,47,14,16,30,14,11,25,15,11,26,14,16,30,2,4,6,206,187,393,393,303,0.7709923664122137
2020-05-30,25,21,46,14,9,23,34,23,57,35,14,49,12,16,28,12,12,24,6,6,12,10,11,21,8,10,18,1,7,8,157,129,286,285,130,0.45614035087719296
2020-05-31,23,13,36,10,9,19,16,10,26,12,9,21,13,6,19,5,8,13,8,4,12,11,6,17,5,10,15,1,8,9,104,83,187,187,100,0.5347593582887701
2020-06-01,29,23,52,18,15,33,26,36,62,26,31,57,16,17,33,14,12,26,21,13,34,12,8,20,5,10,15,5,4,9,172,169,341,341,231,0.6774193548387096
2020-06-02,38,24,62,20,21,41,32,25,57,20,25,45,17,18,35,10,12,22,16,8,24,21,11,32,7,14,21,4,11,15,185,169,354,354,211,0.596045197740113
2020-06-03,33,18,51,14,24,38,24,26,50,25,34,59,13,23,36,9,10,19,14,14,28,18,11,29,10,16,26,2,9,11,162,185,347,347,190,0.547550432276657
2020-06-04,30,25,55,17,20,37,31,26,57,17,23,40,18,16,34,23,15,38,9,6,15,19,13,32,10,16,26,3,9,12,177,169,346,345,218,0.6318840579710145
2020-06-05,36,35,71,13,18,31,34,23,57,27,38,65,27,24,51,21,23,44,13,15,28,16,12,28,12,20,32,3,9,12,202,217,419,419,358,0.8544152744630071
2020-06-06,23,21,44,14,12,26,20,16,36,26,25,51,13,13,26,13,9,22,11,10,21,11,9,20,10,17,27,2,9,11,143,141,284,279,190,0.6810035842293907
2020-06-07,18,22,40,13,11,24,19,14,33,17,13,30,15,8,23,10,7,17,7,5,12,8,6,14,11,12,23,2,8,10,120,106,226,223,127,0.5695067264573991
2020-06-08,26,31,57,19,20,39,34,25,59,37,28,65,32,20,52,19,17,36,13,11,24,16,16,32,10,17,27,4,7,11,210,192,402,401,253,0.6309226932668329
2020-06-09,50,30,80,24,23,47,17,34,51,25,28,53,30,20,50,16,6,22,12,7,19,8,15,23,12,26,38,3,11,14,197,200,397,396,332,0.8383838383838383
2020-06-10,22,26,48,14,17,31,37,19,56,28,37,65,29,19,48,21,20,41,19,12,31,19,24,43,6,20,26,6,14,20,201,208,409,409,279,0.6821515892420538
2020-06-11,32,36,68,13,17,30,28,28,56,35,26,61,15,24,39,15,22,37,11,21,32,16,15,31,7,25,32,3,14,17,175,228,403,403,283,0.7022332506203474
2020-06-12,35,42,77,9,24,33,47,31,78,43,45,88,32,30,62,16,16,32,22,16,38,16,14,30,6,20,26,4,9,13,230,247,477,477,313,0.6561844863731656
2020-06-13,33,26,59,21,20,41,32,31,63,32,22,54,7,20,27,15,13,28,10,5,15,13,8,21,6,15,21,2,7,9,171,167,338,338,230,0.6804733727810651
2020-06-14,19,23,42,19,17,36,22,19,41,19,16,35,16,11,27,10,17,27,10,4,14,3,12,15,13,21,34,1,8,9,132,148,280,280,194,0.6928571428571428
2020-06-15,28,30,58,24,16,40,28,28,56,21,21,42,19,13,32,12,10,22,12,3,15,13,9,22,6,16,22,2,10,12,165,156,321,321,193,0.6012461059190031
2020-06-16,47,57,104,20,20,40,56,41,97,48,31,79,35,24,59,20,17,37,15,13,28,15,6,21,12,22,34,3,14,17,271,245,516,516,313,0.6065891472868217
2020-06-17,39,36,75,18,25,43,49,35,84,37,44,81,32,20,52,26,15,41,15,12,27,9,19,28,17,15,32,2,9,11,244,230,474,474,391,0.8248945147679325
2020-06-18,43,40,83,15,13,28,52,37,89,49,51,100,41,19,60,31,21,52,19,17,36,12,17,29,16,23,39,2,11,13,280,249,529,529,457,0.8638941398865785
2020-06-19,52,28,80,13,24,37,32,34,66,58,36,94,36,35,71,35,18,53,28,20,48,20,18,38,17,18,35,7,13,20,298,244,542,542,558,1.029520295202952
2020-06-20,30,30,60,16,20,36,33,22,55,35,26,61,23,27,50,17,19,36,16,14,30,10,9,19,7,15,22,4,5,9,191,187,378,378,220,0.582010582010582
2020-06-21,30,19,49,16,17,33,26,28,54,20,26,46,16,7,23,14,9,23,8,10,18,10,6,16,7,9,16,1,7,8,148,138,286,286,126,0.4405594405594406
2020-06-22,45,38,83,27,25,52,34,40,74,47,27,74,30,30,60,23,25,48,17,20,37,18,15,33,6,22,28,2,12,14,249,254,503,503,337,0.6699801192842942
2020-06-23,45,39,84,28,31,59,48,37,85,55,44,99,33,35,68,16,32,48,17,20,37,11,12,23,12,15,27,2,6,8,267,271,538,538,319,0.5929368029739777
2020-06-24,38,38,76,26,21,47,44,44,88,36,48,84,32,28,60,23,27,50,11,17,28,10,13,23,14,14,28,2,5,7,236,255,491,491,221,0.45010183299389
2020-06-25,46,52,98,32,37,69,39,37,76,41,33,74,39,34,73,36,30,66,9,14,23,10,14,24,9,12,21,5,5,10,266,268,534,534,350,0.6554307116104869
2020-06-26,41,31,72,33,23,56,53,44,97,39,41,80,33,30,63,16,22,38,22,17,39,10,16,26,11,19,30,1,9,10,259,252,511,511,250,0.4892367906066536
2020-06-27,49,52,101,27,35,62,36,41,77,32,35,67,27,20,47,20,10,30,17,6,23,3,14,17,8,7,15,4,6,10,223,226,449,449,239,0.532293986636971
2020-06-28,39,20,59,14,16,30,14,36,50,31,26,57,17,18,35,18,13,31,10,6,16,8,8,16,8,12,20,6,7,13,165,162,327,327,164,0.5015290519877675
2020-06-29,39,44,83,30,37,67,42,39,81,50,35,85,24,25,49,15,31,46,24,11,35,13,16,29,13,16,29,3,7,10,253,261,514,514,291,0.566147859922179
2020-06-30,30,38,68,11,26,37,50,35,85,33,40,73,33,32,65,27,24,51,21,9,30,18,10,28,7,18,25,2,11,13,232,243,475,474,248,0.5232067510548524
2020-07-01,41,32,73,17,27,44,55,43,98,40,31,71,28,30,58,26,28,54,17,14,31,14,12,26,9,20,29,3,6,9,250,243,493,492,303,0.6158536585365854
2020-07-02,48,50,98,24,29,53,45,48,93,48,43,91,38,29,67,18,22,40,18,11,29,10,14,24,13,11,24,3,5,8,265,262,527,527,205,0.3889943074003795
2020-07-03,48,35,83,28,20,48,40,34,74,47,51,98,25,33,58,23,21,44,20,13,33,10,16,26,9,17,26,4,4,8,254,244,498,498,256,0.5140562248995983
2020-07-04,32,35,67,19,22,41,35,36,71,27,28,55,27,17,44,20,13,33,9,8,17,10,15,25,5,11,16,3,7,10,187,192,379,379,164,0.43271767810026385
2020-07-05,23,33,56,21,12,33,29,33,62,28,33,61,11,23,34,17,17,34,17,15,32,15,14,29,9,14,23,4,8,12,174,202,376,376,178,0.4734042553191489
2020-07-06,31,34,65,19,16,35,43,41,84,55,29,84,33,31,64,30,23,53,21,24,45,18,28,46,10,23,33,3,9,12,263,258,521,521,165,0.31669865642994244
2020-07-07,44,63,107,25,26,51,55,48,103,53,42,95,27,32,59,30,21,51,19,17,36,12,12,24,10,21,31,7,12,19,282,294,576,576,217,0.3767361111111111
2020-07-08,41,30,71,29,29,58,54,39,93,38,40,78,44,42,86,21,32,53,19,18,37,16,21,37,12,15,27,4,14,18,278,280,558,558,254,0.4551971326164875
2020-07-09,31,22,53,15,14,29,29,28,57,38,27,65,32,26,58,13,13,26,10,16,26,9,23,32,4,15,19,7,7,14,188,191,379,379,150,0.39577836411609496
2020-07-10,27,21,48,21,22,43,29,30,59,30,33,63,25,22,47,16,16,32,20,16,36,16,12,28,13,17,30,1,10,11,198,199,397,397,148,0.37279596977329976
2020-07-11,28,38,66,21,11,32,20,29,49,25,33,58,23,27,50,15,21,36,20,13,33,13,18,31,3,19,22,2,9,11,170,218,388,388,177,0.45618556701030927
2020-07-12,24,17,41,16,9,25,21,21,42,25,16,41,15,12,27,10,10,20,10,11,21,9,7,16,6,11,17,4,6,10,140,120,260,260,96,0.36923076923076925
2020-07-13,33,42,75,27,23,50,42,42,84,40,43,83,41,36,77,28,34,62,32,26,58,20,35,55,13,46,59,2,25,27,278,352,630,630,366,0.580952380952381
2020-07-14,40,36,76,29,20,49,35,29,64,64,40,104,39,36,75,32,20,52,22,26,48,19,28,47,6,17,23,7,14,21,293,266,559,559,250,0.4472271914132379
2020-07-15,33,41,74,36,25,61,40,63,103,62,56,118,41,43,84,26,32,58,23,24,47,12,19,31,14,15,29,7,5,12,294,323,617,617,250,0.4051863857374392
2020-07-16,45,26,71,21,35,56,50,59,109,59,41,100,37,46,83,29,33,62,18,17,35,16,18,34,18,31,49,2,16,18,295,322,617,617,349,0.5656401944894651
2020-07-17,46,39,85,25,23,48,31,47,78,41,53,94,41,53,94,30,38,68,27,30,57,18,18,36,16,20,36,4,10,14,279,331,610,610,292,0.4786885245901639
2020-07-18,28,28,56,20,17,37,42,39,81,34,44,78,28,33,61,26,24,50,27,22,49,11,11,22,15,21,36,2,6,8,233,245,478,478,274,0.5732217573221757
2020-07-19,30,35,65,14,20,34,26,26,52,27,34,61,26,26,52,25,24,49,15,12,27,14,9,23,11,17,28,2,6,8,190,209,399,399,154,0.38596491228070173
2020-07-20,54,47,101,37,34,71,55,52,107,53,67,120,45,67,112,35,42,77,30,37,67,21,26,47,22,21,43,3,11,14,355,404,759,759,288,0.3794466403162055
2020-07-21,42,34,76,26,23,49,51,47,98,63,52,115,45,44,89,36,34,70,26,29,55,22,25,47,13,26,39,5,10,15,329,324,653,653,252,0.38591117917304746
2020-07-22,61,37,98,23,26,49,70,58,128,60,58,118,53,49,102,31,33,64,18,23,41,26,21,47,14,33,47,1,10,11,357,348,705,705,283,0.4014184397163121
2020-07-23,50,44,94,26,31,57,59,55,114,57,64,121,39,38,77,32,27,59,18,27,45,17,20,37,8,21,29,7,9,16,313,336,649,649,357,0.5500770416024653
2020-07-24,40,43,83,24,23,47,63,52,115,55,70,125,46,40,86,32,24,56,31,14,45,14,23,37,11,25,36,2,14,16,318,328,646,646,318,0.49226006191950467
2020-07-25,40,37,77,28,17,45,38,45,83,46,47,93,31,33,64,13,14,27,16,18,34,14,15,29,12,16,28,5,4,9,243,246,489,489,262,0.5357873210633947
2020-07-26,32,31,63,15,16,31,23,21,44,26,31,57,32,15,47,18,20,38,12,11,23,14,13,27,8,19,27,5,6,11,185,183,368,368,184,0.5
2020-07-27,36,39,75,31,27,58,52,45,97,56,45,101,47,49,96,31,41,72,26,28,54,18,22,40,17,20,37,5,20,25,319,336,655,655,289,0.44122137404580153
2020-07-28,44,37,81,28,25,53,68,77,145,58,49,107,44,45,89,41,46,87,34,29,63,14,29,43,10,25,35,5,20,25,346,382,728,728,290,0.3983516483516483
2020-07-29,46,45,91,29,35,64,64,55,119,60,55,115,60,51,111,34,47,81,28,35,63,23,25,48,18,30,48,7,24,31,369,402,771,771,313,0.4059662775616083
2020-07-30,51,42,93,36,42,78,84,65,149,69,66,135,61,48,109,45,42,87,26,28,54,17,19,36,8,19,27,1,6,7,398,377,775,775,337,0.43483870967741933
2020-07-31,40,50,90,19,28,47,57,71,128,78,70,148,54,39,93,39,40,79,23,34,57,21,27,48,11,28,39,6,18,24,348,405,753,753,350,0.4648074369189907
2020-08-01,31,32,63,17,27,44,29,44,73,36,44,80,29,42,71,30,28,58,20,9,29,20,17,37,12,22,34,1,11,12,225,276,501,501,249,0.49700598802395207
2020-08-02,37,29,66,20,21,41,29,26,55,35,36,71,23,38,61,20,25,45,12,18,30,7,17,24,12,15,27,2,7,9,197,232,429,429,192,0.44755244755244755
2020-08-03,53,52,105,31,33,64,55,59,114,61,49,110,41,55,96,33,33,66,29,26,55,11,22,33,14,33,47,5,14,19,333,376,709,709,350,0.4936530324400564
2020-08-04,51,39,90,36,38,74,70,50,120,72,59,131,60,44,104,42,36,78,25,22,47,17,25,42,17,31,48,5,15,20,395,359,754,754,351,0.46551724137931033
2020-08-05,48,45,93,40,28,68,61,49,110,53,63,116,41,44,85,40,47,87,30,30,60,24,21,45,15,20,35,3,8,11,355,355,710,710,494,0.6957746478873239
2020-08-06,44,41,85,26,37,63,60,65,125,60,69,129,56,57,113,35,43,78,28,23,51,20,21,41,16,24,40,5,13,18,350,393,743,742,400,0.5390835579514824
2020-08-07,57,48,105,30,29,59,62,61,123,67,58,125,44,62,106,40,30,70,19,27,46,21,30,51,13,37,50,5,23,28,358,405,763,763,345,0.4521625163826999
2020-08-08,40,33,73,21,23,44,40,40,80,63,57,120,38,42,80,31,32,63,20,22,42,14,26,40,11,21,32,1,20,21,279,316,595,595,187,0.3142857142857143
2020-08-09,33,35,68,16,13,29,32,41,73,44,36,80,30,43,73,30,34,64,19,19,38,17,23,40,15,46,61,4,17,21,240,307,547,547,186,0.340036563071298
2020-08-10,56,47,103,33,32,65,75,62,137,73,54,127,59,55,114,41,43,84,22,19,41,16,26,42,13,24,37,4,12,16,392,374,766,766,291,0.37989556135770236
2020-08-11,48,41,89,39,25,64,71,65,136,82,71,153,66,64,130,45,44,89,31,30,61,26,32,58,15,26,41,7,12,19,430,410,840,840,361,0.4297619047619048
2020-08-12,42,48,90,40,34,74,60,79,139,53,93,146,59,61,120,40,43,83,30,28,58,15,27,42,11,20,31,5,16,21,355,449,804,804,293,0.3644278606965174
2020-08-13,32,44,76,43,31,74,79,79,158,91,101,192,55,60,115,51,48,99,22,34,56,28,18,46,11,26,37,4,15,19,416,456,872,872,308,0.3532110091743119
2020-08-14,29,33,62,24,29,53,87,83,170,72,84,156,66,49,115,46,47,93,32,33,65,25,32,57,12,21,33,3,12,15,396,423,819,819,331,0.40415140415140416
2020-08-15,49,26,75,40,28,68,49,59,108,53,65,118,35,55,90,31,30,61,25,24,49,15,32,47,9,46,55,4,17,21,310,382,692,692,258,0.37283236994219654
2020-08-16,35,23,58,15,13,28,47,40,87,41,41,82,22,34,56,22,23,45,13,24,37,16,16,32,9,32,41,4,22,26,224,268,492,491,198,0.40325865580448067
2020-08-17,34,19,53,27,22,49,51,52,103,59,56,115,43,48,91,36,49,85,16,38,54,19,15,34,9,20,29,0,13,13,294,332,626,626,258,0.41214057507987223
2020-08-18,50,47,97,33,24,57,62,57,119,84,82,166,49,51,100,32,65,97,22,34,56,24,28,52,10,19,29,0,17,17,366,424,790,790,257,0.32531645569620254
2020-08-19,52,44,96,27,32,59,53,73,126,69,69,138,45,54,99,39,38,77,20,29,49,19,32,51,14,38,52,4,16,20,342,425,767,767,246,0.32073011734028684
2020-08-20,30,35,65,27,27,54,63,69,132,55,70,125,35,52,87,39,37,76,27,33,60,15,21,36,16,23,39,3,13,16,310,380,690,690,275,0.39855072463768115
2020-08-21,32,52,84,35,30,65,52,66,118,67,80,147,57,53,110,44,51,95,35,36,71,25,37,62,15,37,52,5,9,14,367,451,818,818,363,0.44376528117359415
2020-08-22,21,22,43,28,21,49,44,39,83,41,62,103,40,35,75,27,22,49,28,25,53,16,24,40,10,14,24,3,15,18,258,279,537,537,252,0.4692737430167598
2020-08-23,28,34,62,17,17,34,29,31,60,34,41,75,30,25,55,26,31,57,18,22,40,10,22,32,12,7,19,5,5,10,209,235,444,444,137,0.30855855855855857
2020-08-24,53,50,103,27,29,56,55,71,126,69,71,140,52,66,118,52,38,90,28,35,63,21,26,47,15,22,37,5,19,24,377,427,804,804,334,0.4154228855721393
2020-08-25,35,41,76,36,28,64,62,85,147,73,84,157,49,50,99,35,48,83,22,31,53,16,19,35,15,31,46,6,16,22,349,433,782,782,309,0.39514066496163686
2020-08-26,50,28,78,30,35,65,77,73,150,70,68,138,48,60,108,42,48,90,32,28,60,22,29,51,18,31,49,3,15,18,392,415,807,807,305,0.37794299876084264
2020-08-27,50,36,86,42,39,81,80,68,148,76,71,147,62,64,126,50,42,92,22,34,56,27,26,53,17,32,49,5,21,26,431,433,864,864,304,0.35185185185185186
2020-08-28,43,41,84,48,30,78,91,88,179,72,81,153,64,70,134,50,68,118,26,40,66,33,30,63,13,22,35,4,10,14,444,480,924,924,402,0.43506493506493504
2020-08-29,30,21,51,19,20,39,64,57,121,52,78,130,51,47,98,34,33,67,31,22,53,18,19,37,10,24,34,3,16,19,312,337,649,649,347,0.5346687211093991
2020-08-30,26,37,63,26,22,48,49,43,92,51,38,89,46,43,89,30,30,60,17,22,39,13,18,31,7,14,21,3,5,8,268,272,540,540,172,0.31851851851851853
2020-08-31,43,32,75,36,32,68,75,68,143,66,74,140,56,62,118,33,40,73,30,41,71,28,31,59,20,41,61,2,14,16,389,435,824,824,455,0.5521844660194175
2020-09-01,43,45,88,29,45,74,72,75,147,97,84,181,69,49,118,35,64,99,25,29,54,17,27,44,15,43,58,7,15,22,409,476,885,884,351,0.39705882352941174
2020-09-02,40,27,67,25,27,52,50,71,121,63,85,148,52,47,99,41,42,83,20,25,45,27,25,52,17,31,48,4,28,32,339,408,747,747,390,0.5220883534136547
2020-09-03,41,33,74,39,30,69,78,84,162,99,93,192,61,56,117,45,41,86,28,34,62,20,27,47,13,28,41,4,9,13,428,435,863,863,372,0.43105446118192353
2020-09-04,42,46,88,32,37,69,68,72,140,74,81,155,61,75,136,37,48,85,35,42,77,28,27,55,14,27,41,4,16,20,395,471,866,866,375,0.4330254041570439
2020-09-05,31,29,60,21,17,38,55,50,105,58,80,138,44,61,105,26,37,63,30,29,59,19,18,37,15,21,36,2,7,9,301,349,650,650,385,0.5923076923076923
2020-09-06,27,29,56,18,17,35,25,42,67,39,41,80,32,34,66,18,32,50,18,25,43,10,24,34,13,17,30,1,9,10,201,270,471,471,194,0.4118895966029724
2020-09-07,33,38,71,31,36,67,77,88,165,83,79,162,58,72,130,44,68,112,41,36,77,16,26,42,14,34,48,7,14,21,404,491,895,895,376,0.4201117318435754
2020-09-08,38,38,76,32,34,66,68,74,142,88,88,176,55,59,114,52,58,110,32,46,78,30,28,58,18,27,45,6,21,27,419,473,892,892,410,0.45964125560538116
2020-09-09,47,36,83,28,41,69,73,67,140,76,73,149,63,59,122,48,49,97,34,46,80,24,30,54,15,38,53,1,19,20,409,458,867,867,443,0.510957324106113
2020-09-10,36,23,59,41,29,70,84,78,162,92,99,191,75,65,140,42,50,92,27,31,58,25,27,52,12,35,47,2,16,18,436,453,889,889,435,0.48931383577052867
2020-09-11,40,36,76,48,30,78,72,62,134,72,86,158,59,71,130,46,65,111,39,33,72,27,29,56,18,30,48,3,10,13,424,452,876,876,452,0.5159817351598174
2020-09-12,30,24,54,24,24,48,39,47,86,43,60,103,29,41,70,32,40,72,28,30,58,23,23,46,12,32,44,2,13,15,262,334,596,596,307,0.5151006711409396
2020-09-13,34,28,62,18,16,34,42,49,91,43,59,102,26,34,60,29,29,58,31,28,59,15,11,26,3,14,17,5,9,14,246,277,523,523,206,0.3938814531548757
2020-09-14,40,42,82,36,36,72,67,93,160,75,78,153,50,66,116,57,56,113,44,48,92,27,31,58,19,19,38,1,10,11,416,479,895,895,388,0.4335195530726257
2020-09-15,49,30,79,26,18,44,65,50,115,68,97,165,49,53,102,34,47,81,41,42,83,24,36,60,16,36,52,1,12,13,373,421,794,794,410,0.5163727959697733
2020-09-16,56,45,101,48,48,96,83,95,178,65,88,153,63,64,127,44,51,95,35,38,73,23,22,45,16,30,46,3,12,15,436,493,929,929,331,0.356297093649085
2020-09-17,40,38,78,31,48,79,67,65,132,64,73,137,63,78,141,56,62,118,39,41,80,29,28,57,15,19,34,3,4,7,407,456,863,863,405,0.46929316338354576
2020-09-18,45,51,96,26,46,72,68,84,152,91,106,197,53,63,116,43,51,94,29,49,78,35,27,62,12,25,37,3,13,16,405,515,920,920,391,0.425
2020-09-19,18,38,56,19,33,52,35,36,71,41,49,90,29,32,61,24,23,47,34,29,63,20,22,42,15,20,35,3,7,10,238,289,527,527,244,0.4629981024667932
2020-09-20,30,32,62,28,30,58,34,38,72,45,35,80,31,35,66,21,30,51,15,22,37,21,18,39,4,18,22,3,8,11,232,266,498,498,136,0.27309236947791166
2020-09-21,42,41,83,30,40,70,67,56,123,66,86,152,51,60,111,41,38,79,37,40,77,27,28,55,12,17,29,1,10,11,374,416,790,790,337,0.42658227848101266
2020-09-22,53,49,102,42,47,89,69,81,150,65,77,142,63,47,110,52,50,102,40,29,69,30,33,63,12,35,47,3,13,16,429,461,890,890,311,0.349438202247191
2020-09-23,50,37,87,27,32,59,49,80,129,66,78,144,46,58,104,41,47,88,37,41,78,20,39,59,11,25,36,2,12,14,349,449,798,798,278,0.3483709273182957
2020-09-24,52,48,100,45,43,88,79,64,143,85,81,166,62,60,122,38,42,80,18,56,74,19,29,48,23,27,50,7,22,29,428,472,900,900,340,0.37777777777777777
2020-09-25,46,31,77,31,29,60,65,69,134,67,67,134,62,54,116,42,46,88,35,44,79,21,28,49,20,25,45,0,13,13,389,406,795,795,380,0.4779874213836478
2020-09-26,26,26,52,31,24,55,41,39,80,50,42,92,41,40,81,27,44,71,27,22,49,20,16,36,10,20,30,6,9,15,279,282,561,561,218,0.38859180035650626
2020-09-27,32,32,64,17,26,43,46,52,98,37,43,80,43,35,78,29,31,60,24,20,44,6,18,24,9,14,23,2,6,8,245,277,522,522,166,0.31800766283524906
2020-09-28,46,37,83,32,31,63,60,60,120,75,72,147,73,45,118,59,63,122,49,29,78,22,30,52,17,27,44,4,20,24,437,414,851,851,357,0.4195064629847238
2020-09-29,57,46,103,46,50,96,80,64,144,92,92,184,68,56,124,43,45,88,45,48,93,31,51,82,23,40,63,2,23,25,487,515,1002,1002,284,0.2834331337325349
2020-09-30,52,47,99,35,41,76,76,81,157,73,69,142,56,56,112,52,55,107,40,50,90,33,31,64,10,25,35,5,9,14,432,464,896,896,350,0.390625
2020-10-01,50,60,110,35,61,96,77,89,166,86,88,174,55,67,122,45,43,88,42,45,87,32,51,83,13,20,33,4,11,15,439,535,974,974,396,0.406570841889117
2020-10-02,67,60,127,37,40,77,67,86,153,67,94,161,53,67,120,52,45,97,45,45,90,30,41,71,14,37,51,4,15,19,436,530,966,966,488,0.505175983436853
2020-10-03,30,31,61,24,36,60,52,50,102,51,51,102,41,39,80,38,32,70,19,30,49,21,18,39,7,20,27,4,6,10,287,313,600,600,262,0.43666666666666665
2020-10-04,34,34,68,24,25,49,45,51,96,35,39,74,39,38,77,28,29,57,21,21,42,15,17,32,9,24,33,3,3,6,253,281,534,534,245,0.45880149812734083
2020-10-05,29,44,73,32,32,64,61,65,126,94,82,176,83,60,143,51,54,105,60,41,101,34,47,81,21,30,51,3,7,10,468,462,930,930,433,0.46559139784946235
2020-10-06,40,55,95,43,42,85,66,62,128,83,71,154,87,56,143,53,49,102,41,43,84,32,37,69,19,28,47,6,11,17,470,454,924,924,335,0.3625541125541126
2020-10-07,53,39,92,31,33,64,76,80,156,88,97,185,60,71,131,40,70,110,48,50,98,32,37,69,19,31,50,8,6,14,455,514,969,969,326,0.3364293085655315
2020-10-08,52,39,91,40,32,72,74,79,153,75,91,166,66,62,128,45,57,102,40,40,80,33,37,70,14,28,42,5,24,29,444,489,933,933,432,0.4630225080385852
2020-10-09,39,56,95,54,53,107,60,102,162,96,111,207,58,76,134,56,69,125,38,47,85,27,42,69,12,27,39,4,15,19,444,598,1042,1042,620,0.5950095969289827
2020-10-10,26,38,64,36,31,67,66,64,130,63,69,132,50,58,108,43,52,95,38,34,72,17,30,47,17,22,39,10,13,23,366,411,777,777,468,0.6023166023166023
2020-10-11,38,32,70,22,24,46,47,67,114,60,75,135,52,48,100,38,32,70,42,40,82,19,31,50,16,25,41,2,9,11,336,383,719,719,445,0.6189151599443672
2020-10-12,36,37,73,47,40,87,81,92,173,83,90,173,66,81,147,51,76,127,61,45,106,41,48,89,24,49,73,2,20,22,492,578,1070,1070,444,0.41495327102803736
2020-10-13,69,60,129,60,53,113,128,122,250,117,145,262,76,97,173,88,98,186,63,58,121,41,60,101,31,52,83,8,24,32,681,769,1450,1450,589,0.40620689655172415
2020-10-14,63,53,116,42,62,104,105,136,241,115,137,252,75,97,172,67,78,145,60,54,114,53,60,113,23,35,58,0,20,20,603,732,1335,1335,604,0.45243445692883894
2020-10-15,57,48,105,57,62,119,122,135,257,139,146,285,115,127,242,84,96,180,67,81,148,39,56,95,19,40,59,8,15,23,707,806,1513,1513,567,0.3747521480502313
2020-10-16,75,51,126,59,73,132,151,173,324,151,132,283,118,126,244,87,104,191,61,70,131,45,60,105,28,52,80,3,34,37,778,875,1653,1653,680,0.411373260738052
2020-10-17,32,36,68,37,48,85,100,90,190,95,118,213,80,88,168,46,56,102,44,58,102,42,42,84,14,32,46,4,15,19,494,583,1077,1077,487,0.4521819870009285
2020-10-18,32,32,64,28,32,60,42,58,100,65,86,151,34,55,89,44,41,85,31,29,60,25,40,65,11,40,51,1,12,13,313,425,738,738,407,0.551490514905149
2020-10-19,83,61,144,62,72,134,133,168,301,149,173,322,140,158,298,95,100,195,84,82,166,54,68,122,26,52,78,3,16,19,829,950,1779,1779,903,0.5075885328836425
2020-10-20,66,75,141,74,65,139,154,148,302,139,154,293,116,153,269,92,101,193,73,68,141,41,54,95,35,48,83,1,23,24,791,889,1680,1680,1166,0.694047619047619
2020-10-21,50,40,90,86,60,146,109,150,259,114,115,229,95,104,199,76,65,141,65,59,124,35,48,83,21,49,70,3,19,22,654,709,1363,1363,827,0.6067498165810712
2020-10-22,48,44,92,74,77,151,96,124,220,96,117,213,95,109,204,67,89,156,53,61,114,30,45,75,27,42,69,5,22,27,591,730,1321,1321,931,0.7047691143073429
2020-10-23,45,41,86,52,47,99,82,99,181,84,104,188,66,96,162,66,61,127,46,64,110,44,42,86,25,19,44,5,25,30,515,598,1113,1113,882,0.7924528301886793
2020-10-24,27,31,58,26,43,69,64,54,118,55,64,119,51,54,105,43,43,86,25,34,59,27,30,57,9,23,32,5,13,18,332,389,721,721,634,0.8793342579750347
2020-10-25,43,32,75,22,33,55,66,73,139,63,96,159,56,58,114,51,61,112,35,38,73,26,33,59,8,19,27,4,3,7,374,446,820,820,746,0.9097560975609756
2020-10-26,55,46,101,67,56,123,97,120,217,112,136,248,76,107,183,74,93,167,49,63,112,44,55,99,18,48,66,4,21,25,596,745,1341,1341,1150,0.8575689783743475
2020-10-27,44,54,98,52,49,101,121,128,249,108,117,225,109,94,203,78,102,180,74,85,159,47,55,102,19,31,50,3,9,12,655,724,1379,1379,1183,0.8578680203045685
2020-10-28,54,55,109,46,48,94,90,134,224,113,124,237,64,84,148,73,90,163,60,55,115,33,38,71,12,33,45,4,14,18,549,675,1224,1224,990,0.8088235294117647
2020-10-29,42,37,79,40,53,93,133,113,246,132,134,266,80,101,181,56,71,127,56,66,122,29,36,65,18,28,46,2,9,11,588,648,1236,1236,1169,0.9457928802588996
2020-10-30,46,33,79,39,55,94,90,131,221,107,117,224,87,87,174,53,69,122,50,61,111,25,34,59,19,31,50,5,17,22,521,635,1156,1156,918,0.7941176470588235
2020-10-31,33,26,59,22,31,53,62,63,125,60,89,149,46,58,104,38,40,78,35,44,79,26,25,51,7,16,23,3,4,7,332,396,728,728,618,0.8489010989010989
2020-11-01,51,40,91,33,54,87,69,85,154,76,92,168,70,64,134,44,63,107,37,55,92,28,28,56,10,23,33,3,5,8,421,509,930,930,776,0.8344086021505376
2020-11-02,50,52,102,47,58,105,107,126,233,122,110,232,78,99,177,73,75,148,67,66,133,43,39,82,19,30,49,3,13,16,609,668,1277,1277,1036,0.8112764291307752
2020-11-03,39,34,73,31,37,68,84,107,191,89,87,176,67,50,117,58,58,116,47,46,93,39,35,74,20,36,56,1,12,13,475,502,977,977,715,0.7318321392016377
2020-11-04,46,50,96,44,55,99,133,135,268,108,129,237,117,117,234,72,86,158,73,65,138,45,42,87,22,45,67,11,14,25,671,738,1409,1409,814,0.5777146912704045
2020-11-05,58,49,107,80,72,152,147,139,286,142,137,279,112,109,221,91,110,201,51,68,119,43,43,86,19,29,48,3,14,17,746,770,1516,1516,1017,0.670844327176781
2020-11-06,37,41,78,30,47,77,79,86,165,71,96,167,53,64,117,58,61,119,39,50,89,31,47,78,14,31,45,4,9,13,416,532,948,948,773,0.8154008438818565
2020-11-07,36,38,74,36,42,78,57,81,138,60,92,152,59,63,122,47,66,113,50,52,102,31,33,64,22,20,42,7,5,12,405,492,897,897,678,0.7558528428093646
2020-11-08,48,56,104,42,46,88,72,78,150,74,94,168,61,72,133,44,53,97,45,51,96,31,31,62,10,21,31,4,5,9,431,507,938,938,772,0.8230277185501066
2020-11-09,66,62,128,74,52,126,94,124,218,114,150,264,94,107,201,86,81,167,62,72,134,26,44,70,28,41,69,3,10,13,647,743,1390,1390,1089,0.7834532374100719
2020-11-10,43,40,83,47,52,99,90,91,181,110,116,226,71,70,141,63,68,131,67,46,113,37,35,72,25,30,55,4,11,15,557,559,1116,1116,742,0.6648745519713262
2020-11-11,51,46,97,46,53,99,106,118,224,105,111,216,97,85,182,72,85,157,47,48,95,39,36,75,20,39,59,4,18,22,587,639,1226,1226,848,0.6916802610114192
2020-11-12,58,43,101,50,49,99,91,131,222,134,131,265,103,103,206,80,64,144,53,73,126,43,48,91,22,38,60,2,12,14,636,692,1328,1328,848,0.6385542168674698
2020-11-13,56,38,94,55,50,105,101,129,230,92,110,202,82,89,171,67,67,134,68,67,135,40,44,84,23,35,58,4,15,19,588,644,1232,1232,812,0.6590909090909091
2020-11-14,62,48,110,33,32,65,65,85,150,83,95,178,47,69,116,47,53,100,55,30,85,26,40,66,10,23,33,4,4,8,432,479,911,911,666,0.7310647639956093
2020-11-15,50,56,106,52,28,80,69,95,164,88,76,164,70,74,144,53,63,116,47,53,100,28,36,64,8,25,33,0,14,14,465,520,985,985,741,0.7522842639593909
2020-11-16,57,60,117,55,42,97,84,98,182,92,105,197,89,77,166,43,73,116,50,62,112,38,43,81,17,32,49,5,21,26,530,613,1143,1143,713,0.6237970253718286
2020-11-17,53,66,119,66,61,127,115,118,233,135,140,275,99,105,204,69,74,143,70,82,152,48,57,105,9,36,45,3,9,12,667,748,1415,1415,980,0.6925795053003534
2020-11-18,52,57,109,70,56,126,119,126,245,147,135,282,90,92,182,67,68,135,54,53,107,49,51,100,16,44,60,2,9,11,666,691,1357,1357,944,0.6956521739130435
2020-11-19,60,41,101,70,68,138,115,146,261,112,150,262,81,93,174,72,82,154,65,70,135,39,40,79,23,37,60,3,10,13,640,737,1377,1377,987,0.7167755991285403
2020-11-20,54,44,98,48,50,98,104,117,221,110,117,227,73,92,165,67,66,133,57,54,111,30,37,67,20,29,49,4,13,17,567,619,1186,1186,850,0.7166947723440135
2020-11-21,46,38,84,35,44,79,66,80,146,81,75,156,63,66,129,41,54,95,39,41,80,26,21,47,10,14,24,3,13,16,410,446,856,856,714,0.8341121495327103
2020-11-22,37,35,72,37,33,70,63,67,130,56,75,131,62,57,119,33,34,67,35,47,82,26,17,43,10,22,32,1,8,9,360,395,755,755,584,0.7735099337748345
2020-11-23,57,57,114,42,45,87,80,87,167,92,85,177,73,70,143,49,52,101,43,48,91,29,35,64,17,29,46,6,12,18,488,520,1008,1008,812,0.8055555555555556
2020-11-24,50,61,111,62,57,119,99,109,208,134,112,246,98,87,185,68,70,138,65,57,122,36,47,83,26,34,60,2,6,8,640,640,1280,1280,982,0.7671875
2020-11-25,63,56,119,67,54,121,117,113,230,128,128,256,88,79,167,60,59,119,62,55,117,24,44,68,20,30,50,5,9,14,634,627,1261,1261,861,0.682791435368755
2020-11-26,50,57,107,67,66,133,117,122,239,115,139,254,74,104,178,70,74,144,68,59,127,38,48,86,14,33,47,9,12,21,622,714,1336,1336,959,0.717814371257485
2020-11-27,29,43,72,45,35,80,97,119,216,89,107,196,71,49,120,56,64,120,43,43,86,32,38,70,14,37,51,5,4,9,481,539,1020,1020,731,0.7166666666666667
2020-11-28,52,34,86,39,40,79,82,79,161,56,88,144,59,67,126,63,56,119,28,37,65,27,36,63,10,30,40,2,3,5,418,470,888,888,611,0.6880630630630631
2020-11-29,46,45,91,36,50,86,89,88,177,82,100,182,76,62,138,48,55,103,51,51,102,26,29,55,16,15,31,1,6,7,471,501,972,972,745,0.7664609053497943
2020-11-30,67,60,127,67,50,117,140,162,302,131,131,262,112,105,217,63,81,144,69,81,150,45,53,98,20,33,53,7,9,16,721,765,1486,1485,1041,0.701010101010101
2020-12-01,48,56,104,51,65,116,127,134,261,109,131,240,92,102,194,42,66,108,66,83,149,43,47,90,20,31,51,2,3,5,600,718,1318,1318,858,0.6509863429438544
2020-12-02,30,26,56,40,43,83,82,87,169,71,96,167,64,86,150,47,49,96,37,37,74,30,35,65,14,18,32,5,10,15,420,487,907,907,348,0.3836824696802646
2020-12-03,42,51,93,56,59,115,102,146,248,122,141,263,98,94,192,68,64,132,63,72,135,40,36,76,15,26,41,2,8,10,608,697,1305,1305,299,0.22911877394636015
2020-12-04,50,51,101,59,57,116,105,109,214,110,116,226,90,99,189,74,85,159,57,78,135,42,43,85,18,34,52,7,9,16,612,681,1293,1293,439,0.3395204949729312
2020-12-05,38,39,77,44,42,86,91,87,178,102,74,176,63,62,125,39,44,83,34,37,71,21,25,46,11,21,32,5,8,13,448,439,887,887,448,0.5050732807215332
2020-12-06,37,38,75,37,29,66,66,65,131,64,61,125,49,64,113,35,42,77,34,34,68,26,31,57,17,16,33,1,3,4,366,383,749,749,310,0.41388518024032045
2020-12-07,29,44,73,51,33,84,97,103,200,77,87,164,61,76,137,42,50,92,32,36,68,28,39,67,13,21,34,4,6,10,434,495,929,929,260,0.2798708288482239
2020-12-08,37,45,82,32,38,70,87,97,184,87,90,177,64,59,123,58,59,117,45,45,90,21,39,60,7,19,26,4,4,8,442,495,937,937,283,0.30202774813233724
2020-12-09,52,45,97,50,58,108,146,158,304,155,164,319,121,104,225,107,113,220,97,89,186,45,68,113,19,34,53,3,17,20,795,850,1645,1645,519,0.31550151975683893
2020-12-10,58,47,105,88,97,185,168,188,356,175,205,380,125,139,264,123,133,256,100,93,193,41,41,82,18,43,61,6,10,16,902,996,1898,1898,394,0.20758693361433087
2020-12-11,48,50,98,66,77,143,178,208,386,188,201,389,133,141,274,122,143,265,109,124,233,57,66,123,19,28,47,2,8,10,922,1046,1968,1968,373,0.18953252032520326
2020-12-12,51,46,97,70,62,132,136,151,287,143,178,321,144,133,277,112,110,222,75,111,186,45,61,106,11,24,35,2,10,12,789,886,1675,1675,416,0.24835820895522387
2020-12-13,47,36,83,55,70,125,106,133,239,134,163,297,110,120,230,113,106,219,79,73,152,39,33,72,11,24,35,6,5,11,700,763,1463,1463,242,0.16541353383458646
2020-12-14,71,48,119,67,65,132,175,181,356,180,177,357,129,143,272,123,133,256,104,114,218,59,71,130,22,31,53,8,12,20,938,975,1913,1913,474,0.24777835859905906
2020-12-15,52,48,100,69,78,147,141,174,315,184,176,360,125,121,246,124,139,263,109,114,223,55,53,108,14,18,32,2,13,15,875,934,1809,1808,400,0.22123893805309736
2020-12-16,36,46,82,81,108,189,181,217,398,225,250,475,163,176,339,156,152,308,138,137,275,73,73,146,22,23,45,4,12,16,1079,1194,2273,2273,461,0.20281566212054553
2020-12-17,57,62,119,93,87,180,176,231,407,243,278,521,182,184,366,144,145,289,73,108,181,57,50,107,12,23,35,2,8,10,1039,1176,2215,2215,484,0.218510158013544
2020-12-18,74,57,131,109,125,234,213,246,459,250,272,522,190,214,404,158,180,338,183,178,361,97,85,182,18,49,67,4,8,12,1296,1414,2710,2710,656,0.24206642066420664
2020-12-19,56,45,101,86,92,178,154,202,356,265,270,535,163,179,342,139,142,281,129,157,286,57,72,129,17,27,44,2,5,7,1068,1191,2259,2259,570,0.25232403718459495
2020-12-20,48,58,106,99,102,201,177,189,366,247,267,514,187,201,388,164,179,343,132,134,266,64,59,123,13,17,30,3,8,11,1134,1214,2348,2348,324,0.13798977853492334
2020-12-21,70,73,143,114,89,203,247,245,492,292,318,610,235,211,446,173,185,358,157,170,327,72,87,159,15,44,59,5,6,11,1380,1428,2808,2808,514,0.18304843304843305
2020-12-22,75,75,150,127,127,254,263,290,553,326,368,694,247,238,485,192,183,375,180,181,361,84,66,150,19,33,52,4,5,9,1517,1566,3083,3083,551,0.17872202400259488
2020-12-23,81,75,156,149,117,266,278,307,585,329,319,648,227,271,498,186,176,362,139,160,299,66,68,134,29,38,67,7,15,22,1491,1546,3037,3037,592,0.19492920645373724
2020-12-24,47,47,94,60,79,139,166,162,328,203,181,384,144,132,276,88,100,188,70,94,164,44,44,88,6,23,29,3,5,8,831,867,1698,1698,470,0.2767962308598351
2020-12-25,23,20,43,27,31,58,47,34,81,48,65,113,33,31,64,27,33,60,18,26,44,14,10,24,7,16,23,3,4,7,247,270,517,517,321,0.620889748549323
2020-12-26,64,46,110,133,150,283,194,248,442,316,296,612,196,234,430,163,166,329,102,131,233,55,68,123,19,30,49,1,13,14,1243,1382,2625,2625,524,0.1996190476190476
2020-12-27,38,36,74,163,148,311,213,196,409,312,290,602,256,246,502,172,200,372,154,149,303,64,82,146,23,35,58,3,11,14,1398,1393,2791,2791,307,0.10999641705481907
2020-12-28,83,71,154,188,210,398,340,359,699,447,451,898,311,336,647,230,262,492,164,194,358,76,94,170,28,47,75,3,16,19,1870,2040,3910,3910,585,0.149616368286445
2020-12-29,70,63,133,182,183,365,321,340,661,336,327,663,305,299,604,195,199,394,152,176,328,83,96,179,25,55,80,9,15,24,1678,1753,3431,3431,550,0.1603031186243078
2020-12-30,68,59,127,200,209,409,328,331,659,425,380,805,273,316,589,219,268,487,161,170,331,83,89,172,24,45,69,3,12,15,1784,1879,3663,3662,764,0.20862916439104315
2020-12-31,50,51,101,145,135,280,242,244,486,242,292,534,201,239,440,149,145,294,68,88,156,43,58,101,14,29,43,1,8,9,1155,1289,2444,2444,466,0.190671031096563
2021-01-01,21,15,36,28,32,60,47,54,101,53,67,120,46,45,91,41,41,82,21,23,44,17,17,34,5,16,21,1,4,5,280,314,594,594,260,0.4377104377104377
2021-01-02,64,54,118,126,144,270,217,236,453,269,281,550,195,216,411,135,192,327,156,148,304,70,77,147,16,35,51,3,8,11,1251,1391,2642,2642,490,0.1854655563966692
2021-01-03,42,50,92,195,191,386,319,373,692,435,408,843,291,348,639,209,260,469,190,199,389,81,106,187,23,38,61,3,6,9,1788,1979,3767,3767,406,0.10777807273692594
2021-01-04,73,61,134,168,151,319,420,455,875,453,491,944,341,367,708,219,271,490,185,188,373,94,103,197,34,62,96,4,12,16,1991,2161,4152,4152,588,0.1416184971098266
2021-01-05,61,71,132,203,208,411,427,489,916,488,511,999,353,365,718,242,277,519,195,282,477,101,111,212,29,60,89,5,12,17,2104,2386,4490,4489,599,0.1334372911561595
2021-01-06,68,61,129,222,210,432,435,441,876,458,454,912,367,362,729,268,286,554,198,235,433,107,130,237,30,59,89,4,20,24,2157,2258,4415,4414,630,0.1427276846397825
2021-01-07,62,61,123,157,188,345,326,358,684,391,379,770,281,265,546,187,242,429,166,184,350,82,118,200,26,50,76,2,10,12,1680,1855,3535,3535,615,0.173974540311174
2021-01-08,69,58,127,175,201,376,357,355,712,317,385,702,238,324,562,192,225,417,126,167,293,74,107,181,28,37,65,7,9,16,1583,1868,3451,3450,707,0.20492753623188406
2021-01-09,42,52,94,149,186,335,278,328,606,370,394,764,253,277,530,185,222,407,130,181,311,54,76,130,22,41,63,0,13,13,1483,1770,3253,3251,522,0.1605659796985543
2021-01-10,55,55,110,178,191,369,286,312,598,325,385,710,247,285,532,182,210,392,135,126,261,44,76,120,12,32,44,1,13,14,1465,1685,3150,3150,364,0.11555555555555555
2021-01-11,69,49,118,196,220,416,405,444,849,410,470,880,292,324,616,215,248,463,147,189,336,80,77,157,22,40,62,1,8,9,1837,2069,3906,3906,554,0.14183307731694828
2021-01-12,80,51,131,174,190,364,327,404,731,309,360,669,250,292,542,182,233,415,148,145,293,56,74,130,30,31,61,3,10,13,1559,1790,3349,3348,484,0.14456391875746716
2021-01-13,88,78,166,200,228,428,394,410,804,363,385,748,292,317,609,212,255,467,166,200,366,76,79,155,18,48,66,6,4,10,1815,2004,3819,3819,508,0.133019114951558
2021-01-14,66,75,141,210,212,422,341,387,728,344,410,754,258,309,567,206,266,472,149,177,326,66,80,146,21,39,60,3,6,9,1664,1961,3625,3625,624,0.17213793103448277
2021-01-15,79,67,146,330,335,665,424,478,902,521,555,1076,394,434,828,318,347,665,178,223,401,81,107,188,24,45,69,4,9,13,2353,2600,4953,4953,657,0.13264688067837674
2021-01-16,46,37,83,369,365,734,371,434,805,464,517,981,425,457,882,313,299,612,205,228,433,111,113,224,24,40,64,1,9,10,2329,2499,4828,4828,465,0.09631317315658658
2021-01-17,48,27,75,299,337,636,355,452,807,414,463,877,436,486,922,282,305,587,145,168,313,72,81,153,18,27,45,2,2,4,2071,2348,4419,4419,372,0.08418194161575017
2021-01-18,71,68,139,387,397,784,478,507,985,534,549,1083,485,508,993,360,393,753,246,275,521,109,126,235,33,49,82,2,9,11,2705,2881,5586,5586,510,0.09129967776584318
2021-01-19,78,64,142,349,345,694,460,474,934,530,527,1057,472,505,977,320,381,701,235,273,508,110,136,246,20,54,74,7,14,21,2581,2773,5354,5354,402,0.07508404930892791
2021-01-20,74,66,140,361,345,706,425,459,884,471,459,930,441,446,887,339,372,711,253,274,527,126,139,265,30,47,77,6,13,19,2526,2620,5146,5146,415,0.08064516129032258
2021-01-21,93,68,161,239,286,525,367,375,742,347,401,748,299,391,690,237,330,567,189,196,385,83,95,178,38,47,85,7,13,20,1899,2202,4101,4101,547,0.13338210192635944
2021-01-22,65,68,133,278,253,531,307,374,681,298,360,658,316,347,663,220,257,477,169,192,361,82,98,180,21,42,63,3,3,6,1759,1994,3753,3753,454,0.12096989075406342
2021-01-23,43,36,79,298,256,554,327,362,689,328,364,692,282,275,557,238,255,493,121,153,274,48,60,108,17,30,47,3,7,10,1705,1798,3503,3503,489,0.13959463317156723
2021-01-24,47,43,90,328,316,644,355,383,738,355,377,732,368,391,759,269,277,546,147,169,316,57,81,138,20,32,52,2,6,8,1948,2075,4023,4023,274,0.06810837683320904
2021-01-25,67,85,152,404,375,779,469,508,977,442,497,939,418,460,878,284,338,622,217,224,441,101,119,220,31,60,91,6,11,17,2439,2677,5116,5116,407,0.07955433932759969
2021-01-26,91,68,159,358,310,668,384,406,790,377,380,757,352,376,728,266,318,584,190,225,415,92,108,200,27,57,84,5,14,19,2142,2262,4404,4404,456,0.10354223433242507
2021-01-27,80,75,155,300,312,612,360,388,748,366,407,773,309,380,689,242,286,528,171,178,349,73,86,159,32,51,83,2,15,17,1935,2178,4113,4113,388,0.09433503525407246
2021-01-28,73,68,141,240,250,490,311,337,648,332,332,664,251,289,540,209,252,461,156,186,342,92,101,193,29,46,75,5,14,19,1698,1875,3573,3573,445,0.12454520011195074
2021-01-29,56,76,132,377,356,733,410,418,828,425,475,900,378,435,813,299,320,619,219,247,466,88,132,220,25,58,83,4,9,13,2281,2526,4807,4806,624,0.12983770287141075
2021-01-30,47,29,76,476,486,962,362,414,776,442,514,956,485,539,1024,368,390,758,196,263,459,94,123,217,23,47,70,2,8,10,2495,2813,5308,5308,387,0.07290881688018086
2021-01-31,42,38,80,708,708,1416,479,506,985,569,631,1200,701,778,1479,474,520,994,238,267,505,98,131,229,24,44,68,2,12,14,3335,3635,6970,6970,226,0.03242467718794835
2021-02-01,58,62,120,552,647,1199,424,550,974,549,611,1160,628,675,1303,490,483,973,270,328,598,96,167,263,42,50,92,2,9,11,3111,3582,6693,6693,433,0.06469445689526371
2021-02-02,56,62,118,470,528,998,406,437,843,503,568,1071,603,675,1278,439,491,930,304,331,635,153,186,339,39,56,95,3,13,16,2976,3347,6323,6323,336,0.053139332595287046
2021-02-03,51,69,120,403,367,770,391,447,838,445,480,925,477,527,1004,359,392,751,264,297,561,125,168,293,35,59,94,5,10,15,2555,2816,5371,5371,383,0.07130888102774158
2021-02-04,66,59,125,232,233,465,293,347,640,331,361,692,276,378,654,240,288,528,154,225,379,83,126,209,27,41,68,3,16,19,1705,2074,3779,3779,368,0.09738025932786451
2021-02-05,60,62,122,224,216,440,287,318,605,300,337,637,285,285,570,201,245,446,162,208,370,87,102,189,14,48,62,2,8,10,1622,1829,3451,3451,528,0.15299913068675747
2021-02-06,36,36,72,245,267,512,257,292,549,294,367,661,271,332,603,249,273,522,141,182,323,69,93,162,17,36,53,0,7,7,1579,1885,3464,3464,359,0.10363741339491916
2021-02-07,43,46,89,264,276,540,238,295,533,318,354,672,301,341,642,231,281,512,130,137,267,68,74,142,18,26,44,6,5,11,1617,1835,3452,3452,218,0.06315179606025492
2021-02-08,69,62,131,350,415,765,381,417,798,436,520,956,481,541,1022,294,345,639,181,236,417,95,116,211,26,61,87,4,16,20,2317,2729,5046,5046,463,0.09175584621482362
2021-02-09,65,41,106,306,326,632,338,379,717,458,448,906,393,457,850,308,329,637,228,235,463,103,132,235,34,62,96,5,14,19,2238,2423,4661,4661,342,0.07337481227204462
2021-02-10,60,43,103,227,232,459,279,335,614,345,404,749,353,371,724,222,298,520,159,196,355,93,101,194,30,39,69,0,9,9,1768,2028,3796,3796,295,0.07771338250790305
2021-02-11,61,49,110,194,238,432,241,316,557,360,368,728,299,355,654,201,260,461,165,184,349,84,93,177,25,49,74,4,10,14,1634,1922,3556,3556,267,0.07508436445444319
2021-02-12,61,48,109,238,250,488,247,271,518,364,387,751,336,378,714,207,278,485,154,214,368,87,103,190,30,48,78,2,14,16,1726,1991,3717,3717,452,0.12160344363734195
2021-02-13,40,30,70,287,339,626,266,294,560,408,446,854,382,474,856,246,285,531,159,179,338,59,97,156,23,35,58,3,11,14,1873,2190,4063,4063,367,0.09032734432685208
2021-02-14,30,25,55,307,336,643,215,299,514,406,467,873,449,505,954,245,297,542,179,187,366,86,115,201,16,24,40,2,11,13,1935,2266,4201,4200,236,0.05619047619047619
2021-02-15,29,47,76,391,422,813,318,377,695,482,547,1029,568,605,1173,343,376,719,174,209,383,78,111,189,19,54,73,2,12,14,2404,2760,5164,5164,294,0.05693261037955073
2021-02-16,34,27,61,405,369,774,399,507,906,576,659,1235,530,624,1154,325,307,632,164,179,343,71,108,179,15,35,50,8,5,13,2527,2820,5347,5347,398,0.07443426220310455
2021-02-17,50,65,115,266,298,564,504,554,1058,492,515,1007,402,420,822,279,327,606,237,252,489,103,132,235,22,53,75,5,13,18,2360,2629,4989,4989,327,0.06554419723391461
2021-02-18,50,56,106,237,262,499,413,462,875,470,500,970,364,419,783,290,310,600,208,237,445,103,132,235,29,47,76,2,6,8,2166,2431,4597,4597,403,0.08766586904502936
2021-02-19,60,48,108,204,276,480,380,408,788,406,466,872,353,374,727,261,316,577,189,224,413,100,133,233,24,47,71,3,8,11,1980,2300,4280,4280,437,0.10210280373831776
2021-02-20,51,37,88,185,240,425,325,345,670,348,439,787,312,382,694,232,297,529,139,235,374,66,86,152,21,38,59,5,4,9,1684,2103,3787,3787,348,0.09189331925006601
2021-02-21,55,31,86,191,221,412,276,378,654,360,416,776,304,350,654,186,249,435,161,196,357,66,84,150,23,30,53,5,9,14,1627,1964,3591,3591,255,0.07101086048454469
2021-02-22,73,79,152,184,268,452,356,400,756,398,480,878,330,400,730,256,310,566,193,236,429,89,108,197,41,37,78,3,6,9,1923,2324,4247,4247,358,0.08429479632681892
2021-02-23,82,65,147,185,197,382,311,353,664,347,388,735,285,341,626,238,284,522,187,223,410,98,126,224,30,42,72,7,16,23,1770,2035,3805,3805,332,0.08725361366622865
2021-02-24,64,82,146,185,209,394,238,307,545,322,353,675,217,283,500,195,228,423,184,176,360,90,110,200,22,42,64,3,9,12,1520,1799,3319,3319,302,0.0909912624284423
2021-02-25,93,84,177,143,164,307,265,286,551,273,295,568,238,237,475,174,225,399,141,180,321,70,104,174,21,40,61,4,15,19,1422,1630,3052,3052,291,0.0953473132372215
2021-02-26,73,80,153,133,161,294,257,315,572,328,316,644,236,277,513,189,225,414,144,220,364,73,101,174,20,39,59,2,18,20,1455,1752,3207,3207,311,0.09697536638603056
2021-02-27,46,43,89,158,199,357,243,313,556,325,378,703,223,260,483,220,287,507,183,221,404,77,107,184,22,48,70,1,7,8,1498,1863,3361,3361,334,0.09937518595656054
2021-02-28,51,56,107,210,236,446,295,372,667,423,508,931,333,385,718,298,393,691,241,269,510,126,135,261,24,43,67,2,8,10,2003,2405,4408,4408,284,0.06442831215970962
2021-03-01,109,97,206,142,186,328,276,284,560,317,314,631,236,252,488,159,207,366,151,190,341,74,121,195,23,47,70,5,13,18,1492,1711,3203,3203,425,0.1326881049016547
2021-03-02,127,104,231,167,165,332,255,269,524,263,307,570,228,228,456,177,238,415,121,172,293,79,76,155,35,43,78,3,7,10,1455,1609,3064,3064,280,0.09138381201044386
2021-03-03,114,83,197,126,146,272,185,253,438,246,259,505,185,199,384,172,208,380,168,207,375,89,111,200,17,33,50,0,13,13,1302,1512,2814,2814,338,0.12011371712864251
2021-03-04,96,92,188,129,158,287,198,208,406,242,226,468,177,201,378,125,197,322,142,206,348,72,118,190,23,36,59,6,15,21,1210,1457,2667,2667,354,0.1327334083239595
2021-03-05,88,84,172,131,135,266,197,263,460,261,266,527,161,169,330,153,204,357,143,170,313,82,102,184,19,34,53,0,6,6,1235,1433,2668,2668,364,0.136431784107946
2021-03-06,59,55,114,94,106,200,190,211,401,216,226,442,152,180,332,112,155,267,103,118,221,56,75,131,22,28,50,2,6,8,1006,1160,2166,2166,268,0.123730378578024
2021-03-07,61,57,118,103,106,209,172,233,405,225,244,469,121,201,322,139,184,323,135,166,301,52,77,129,20,38,58,4,4,8,1032,1310,2342,2341,218,0.09312259718069202
2021-03-08,115,106,221,136,167,303,205,281,486,258,302,560,213,221,434,203,239,442,191,204,395,85,98,183,22,48,70,3,12,15,1431,1678,3109,3107,296,0.09526874798841325
2021-03-09,137,137,274,141,134,275,212,232,444,275,286,561,219,213,432,194,226,420,161,252,413,104,119,223,27,42,69,4,6,10,1474,1647,3121,3121,304,0.09740467798782441
2021-03-10,146,132,278,148,153,301,216,221,437,270,280,550,179,202,381,157,205,362,163,175,338,85,117,202,24,48,72,4,9,13,1392,1542,2934,2934,458,0.15610088616223586
2021-03-11,119,136,255,104,134,238,168,224,392,197,229,426,136,170,306,109,161,270,119,165,284,68,86,154,26,31,57,2,15,17,1048,1351,2399,2399,451,0.18799499791579824
2021-03-12,133,141,274,133,167,300,186,241,427,252,286,538,182,220,402,148,221,369,142,200,342,84,95,179,24,46,70,4,12,16,1288,1629,2917,2916,489,0.16769547325102882
2021-03-13,97,80,177,105,117,222,208,228,436,251,266,517,168,183,351,144,201,345,158,179,337,68,78,146,15,39,54,4,3,7,1218,1374,2592,2592,508,0.19598765432098766
2021-03-14,74,106,180,100,115,215,174,255,429,256,286,542,171,197,368,176,215,391,163,198,361,72,102,174,18,30,48,4,8,12,1208,1512,2720,2720,294,0.10808823529411765
2021-03-15,192,158,350,156,164,320,234,310,544,275,322,597,239,261,500,207,246,453,195,212,407,98,140,238,20,52,72,4,13,17,1620,1878,3498,3498,442,0.126357918810749
2021-03-16,168,166,334,151,171,322,194,243,437,273,294,567,189,192,381,178,221,399,160,202,362,79,112,191,16,44,60,5,15,20,1413,1660,3073,3073,356,0.11584770582492677
2021-03-17,124,118,242,142,156,298,210,250,460,202,224,426,161,192,353,160,183,343,153,181,334,68,103,171,18,44,62,2,12,14,1240,1463,2703,2702,361,0.13360473723168023
2021-03-18,123,108,231,107,127,234,176,209,385,213,209,422,144,169,313,107,161,268,114,144,258,72,94,166,15,35,50,2,8,10,1073,1264,2337,2337,358,0.15318784766795038
2021-03-19,128,121,249,154,148,302,184,226,410,227,240,467,146,176,322,134,174,308,121,171,292,72,75,147,17,29,46,5,9,14,1188,1369,2557,2557,517,0.20219006648416113
2021-03-20,63,65,128,98,111,209,157,172,329,186,214,400,139,167,306,136,163,299,113,125,238,67,71,138,15,28,43,5,8,13,979,1124,2103,2101,354,0.16849119466920515
2021-03-21,93,74,167,93,107,200,175,183,358,214,212,426,144,155,299,130,174,304,108,150,258,44,69,113,17,29,46,3,9,12,1021,1162,2183,2183,267,0.12230874942739349
2021-03-22,123,147,270,154,140,294,206,281,487,245,258,503,193,197,390,186,225,411,148,177,325,75,98,173,26,51,77,4,22,26,1360,1596,2956,2956,472,0.15967523680649526
2021-03-23,145,131,276,155,140,295,198,241,439,215,237,452,170,168,338,160,190,350,147,192,339,78,102,180,25,30,55,1,13,14,1294,1444,2738,2738,434,0.1585098612125639
2021-03-24,97,91,188,117,117,234,143,168,311,181,206,387,115,153,268,113,146,259,78,112,190,53,76,129,10,32,42,1,6,7,908,1107,2015,2015,381,0.1890818858560794
2021-03-25,106,112,218,127,149,276,177,229,406,220,218,438,188,212,400,134,156,290,112,142,254,62,76,138,27,32,59,4,4,8,1157,1330,2487,2487,374,0.15038198632891034
2021-03-26,144,128,272,160,173,333,204,232,436,239,243,482,166,217,383,122,190,312,107,161,268,73,91,164,22,32,54,3,12,15,1240,1479,2719,2719,482,0.1772710555351232
2021-03-27,107,88,195,78,98,176,177,174,351,214,236,450,153,185,338,134,172,306,130,143,273,46,67,113,15,36,51,5,5,10,1059,1204,2263,2263,446,0.19708351745470615
2021-03-28,85,58,143,73,100,173,134,173,307,189,222,411,160,165,325,117,168,285,107,141,248,45,44,89,19,26,45,2,6,8,931,1103,2034,2034,346,0.17010816125860373
2021-03-29,133,130,263,173,144,317,191,232,423,227,252,479,183,231,414,164,176,340,112,172,284,51,55,106,16,35,51,1,8,9,1251,1435,2686,2686,468,0.1742367833209233
2021-03-30,123,115,238,142,146,288,156,188,344,208,226,434,156,189,345,134,147,281,111,147,258,43,71,114,21,29,50,4,6,10,1098,1264,2362,2361,436,0.18466751376535367
2021-03-31,103,92,195,117,105,222,167,196,363,208,232,440,132,174,306,94,138,232,68,87,155,28,46,74,18,22,40,2,10,12,937,1102,2039,2039,498,0.24423737126042178
2021-04-01,88,104,192,121,113,234,190,208,398,207,208,415,152,181,333,122,153,275,92,125,217,47,64,111,12,21,33,2,10,12,1033,1187,2220,2220,638,0.2873873873873874
2021-04-02,108,71,179,114,130,244,168,179,347,201,191,392,148,149,297,112,152,264,83,94,177,43,40,83,16,13,29,2,7,9,995,1026,2021,2021,444,0.21969322117763485
2021-04-03,69,78,147,110,139,249,172,178,350,198,229,427,149,172,321,121,151,272,112,103,215,35,58,93,18,35,53,4,4,8,988,1147,2135,2135,563,0.2637002341920375
2021-04-04,94,75,169,191,195,386,233,275,508,300,353,653,215,278,493,136,178,314,87,127,214,39,50,89,17,29,46,0,7,7,1312,1567,2879,2879,506,0.1757554706495311
2021-04-05,118,138,256,268,273,541,315,362,677,333,358,691,285,342,627,186,248,434,121,168,289,52,64,116,16,39,55,4,9,13,1698,2001,3699,3699,587,0.15869153825358204
2021-04-06,136,155,291,213,238,451,358,324,682,361,386,747,259,291,550,189,227,416,140,211,351,79,106,185,22,35,57,3,16,19,1760,1989,3749,3749,719,0.1917844758602294
2021-04-07,145,142,287,252,238,490,321,337,658,329,391,720,280,287,567,184,251,435,121,181,302,63,89,152,15,40,55,1,8,9,1711,1964,3675,3672,625,0.1702069716775599
2021-04-08,138,126,264,196,203,399,253,312,565,301,366,667,219,246,465,156,216,372,118,161,279,56,80,136,20,34,54,2,14,16,1459,1758,3217,3217,733,0.22785203605843954
2021-04-09,115,106,221,141,168,309,161,233,394,209,217,426,178,183,361,121,161,282,87,110,197,42,58,100,8,23,31,3,6,9,1065,1265,2330,2329,676,0.29025332760841566
2021-04-10,87,81,168,134,166,300,209,219,428,244,236,480,155,182,337,125,143,268,90,109,199,20,42,62,7,17,24,2,3,5,1073,1198,2271,2270,466,0.2052863436123348
2021-04-11,71,80,151,123,135,258,144,153,297,177,223,400,180,179,359,111,139,250,95,101,196,29,39,68,14,23,37,2,4,6,946,1076,2022,2022,469,0.23194856577645895
2021-04-12,133,110,243,183,172,355,195,245,440,249,285,534,209,267,476,157,234,391,114,135,249,39,64,103,16,27,43,3,12,15,1298,1551,2849,2847,520,0.182648401826484
2021-04-13,128,86,214,131,133,264,201,220,421,261,265,526,187,228,415,146,177,323,86,96,182,48,40,88,12,17,29,3,8,11,1203,1270,2473,2473,501,0.2025879498584715
2021-04-14,125,102,227,119,98,217,139,163,302,161,179,340,112,144,256,101,138,239,113,102,215,44,72,116,19,22,41,4,5,9,937,1025,1962,1961,596,0.30392656807751145
2021-04-15,134,123,257,146,184,330,241,254,495,257,273,530,241,269,510,167,224,391,112,126,238,37,56,93,14,30,44,2,8,10,1351,1547,2898,2897,556,0.1919226786330687
2021-04-16,110,125,235,137,141,278,262,277,539,292,327,619,213,239,452,179,241,420,135,163,298,42,59,101,9,28,37,3,9,12,1382,1609,2991,2990,519,0.17357859531772576
2021-04-17,119,99,218,141,120,261,187,207,394,272,243,515,201,235,436,143,164,307,101,120,221,37,69,106,16,42,58,4,5,9,1221,1304,2525,2525,531,0.2102970297029703
2021-04-18,67,96,163,92,91,183,168,173,341,189,229,418,195,179,374,129,158,287,103,108,211,36,49,85,22,22,44,3,7,10,1004,1112,2116,2115,360,0.1702127659574468
2021-04-19,147,113,260,154,180,334,253,267,520,297,300,597,242,240,482,184,215,399,132,154,286,47,75,122,11,42,53,4,14,18,1471,1600,3071,3071,486,0.15825464018235103
2021-04-20,148,153,301,132,138,270,200,229,429,222,262,484,211,245,456,160,166,326,141,168,309,55,70,125,28,30,58,4,8,12,1301,1469,2770,2770,497,0.17942238267148014
2021-04-21,125,108,233,115,101,216,183,182,365,195,216,411,175,186,361,130,162,292,107,124,231,49,48,97,13,42,55,2,6,8,1094,1175,2269,2269,466,0.20537681798148966
2021-04-22,145,124,269,172,159,331,198,228,426,251,293,544,229,280,509,178,200,378,117,160,277,51,76,127,15,46,61,1,8,9,1357,1574,2931,2930,475,0.1621160409556314
2021-04-23,114,110,224,146,166,312,235,254,489,263,317,580,220,273,493,172,238,410,115,160,275,59,70,129,19,29,48,4,6,10,1347,1623,2970,2969,407,0.13708319299427416
2021-04-24,69,55,124,57,43,100,59,86,145,85,84,169,75,98,173,54,57,111,30,42,72,29,41,70,7,28,35,2,14,16,467,548,1015,1015,326,0.3211822660098522
2021-04-25,96,94,190,100,103,203,130,161,291,191,184,375,167,178,345,139,153,292,87,99,186,38,35,73,7,24,31,0,4,4,955,1035,1990,1989,265,0.13323278029160382
2021-04-26,143,139,282,145,158,303,221,221,442,244,269,513,224,257,481,197,199,396,120,136,256,73,91,164,14,35,49,4,10,14,1385,1515,2900,2899,353,0.12176612625043118
2021-04-27,121,111,232,144,146,290,228,273,501,240,258,498,178,230,408,168,180,348,104,139,243,53,83,136,19,34,53,4,8,12,1259,1462,2721,2719,310,0.11401250459727841
2021-04-28,131,136,267,131,145,276,213,224,437,246,274,520,203,220,423,151,164,315,101,123,224,51,59,110,11,26,37,4,9,13,1242,1380,2622,2622,359,0.13691838291380626
2021-04-29,159,138,297,200,168,368,249,299,548,309,335,644,287,306,593,207,247,454,131,170,301,74,104,178,30,50,80,2,17,19,1648,1834,3482,3481,432,0.12410226946279805
2021-04-30,135,115,250,127,118,245,134,203,337,177,218,395,136,185,321,130,162,292,92,125,217,60,71,131,26,46,72,3,17,20,1020,1260,2280,2280,522,0.22894736842105262
2021-05-01,93,84,177,116,90,206,161,179,340,191,215,406,173,222,395,128,153,281,91,96,187,48,63,111,20,46,66,1,6,7,1022,1154,2176,2175,423,0.19448275862068964
2021-05-02,103,87,190,126,139,265,207,233,440,277,326,603,220,309,529,176,206,382,122,163,285,61,77,138,21,29,50,3,15,18,1316,1584,2900,2900,334,0.11517241379310345
2021-05-03,203,180,383,187,198,385,379,395,774,425,511,936,369,438,807,276,395,671,220,306,526,108,132,240,23,61,84,4,20,24,2194,2636,4830,4830,571,0.11821946169772257
2021-05-04,147,157,304,204,214,418,337,372,709,415,460,875,332,373,705,276,344,620,178,241,419,107,142,249,25,44,69,3,18,21,2024,2365,4389,4389,398,0.09068124857598542
2021-05-05,175,160,335,171,182,353,320,387,707,381,406,787,323,338,661,220,277,497,171,181,352,96,95,191,38,48,86,8,13,21,1903,2087,3990,3988,390,0.09779338014042126
2021-05-06,141,156,297,235,246,481,315,418,733,384,460,844,351,360,711,265,313,578,152,197,349,91,98,189,31,56,87,4,19,23,1969,2323,4292,4292,497,0.11579683131407269
2021-05-07,167,153,320,247,250,497,356,458,814,392,521,913,366,451,817,225,346,571,162,199,361,79,114,193,20,40,60,3,8,11,2017,2540,4557,4557,524,0.11498793065613343
2021-05-08,91,92,183,105,113,218,209,242,451,259,288,547,185,207,392,143,186,329,84,98,182,49,50,99,22,31,53,1,11,12,1148,1318,2466,2466,383,0.15531224655312248
2021-05-09,118,106,224,118,137,255,192,220,412,246,279,525,204,232,436,137,185,322,99,112,211,61,78,139,23,31,54,7,2,9,1205,1382,2587,2587,283,0.1093931194433707
2021-05-10,163,163,326,182,212,394,376,394,770,418,441,859,346,432,778,273,307,580,189,219,408,94,123,217,37,55,92,1,8,9,2079,2354,4433,4432,454,0.10243682310469314
2021-05-11,149,135,284,176,176,352,269,302,571,348,364,712,286,295,581,187,225,412,169,179,348,84,105,189,28,34,62,4,7,11,1700,1822,3522,3522,445,0.1263486655309483
2021-05-12,160,125,285,149,163,312,266,331,597,335,340,675,278,303,581,216,224,440,142,184,326,62,81,143,24,43,67,5,11,16,1637,1805,3442,3442,532,0.1545613015688553
2021-05-13,173,124,297,141,167,308,274,369,643,316,408,724,286,310,596,182,253,435,130,152,282,63,91,154,23,55,78,1,6,7,1589,1935,3524,3523,553,0.1569684927618507
2021-05-14,178,189,367,192,253,445,398,432,830,460,513,973,325,451,776,267,314,581,172,221,393,90,104,194,36,44,80,4,8,12,2122,2529,4651,4651,567,0.12190926682433885
2021-05-15,134,127,261,145,179,324,248,327,575,296,392,688,282,345,627,202,234,436,128,165,293,53,61,114,22,36,58,3,13,16,1513,1879,3392,3392,456,0.13443396226415094
2021-05-16,101,122,223,119,163,282,197,228,425,245,322,567,243,277,520,178,200,378,115,132,247,50,66,116,17,37,54,1,16,17,1266,1563,2829,2829,349,0.12336514669494521
2021-05-17,250,233,483,268,260,528,424,510,934,524,622,1146,423,542,965,350,437,787,215,271,486,130,165,295,44,75,119,4,16,20,2632,3131,5763,5762,668,0.11593196806664352
2021-05-18,215,224,439,265,277,542,471,492,963,540,579,1119,513,552,1065,338,376,714,211,253,464,110,122,232,39,53,92,4,10,14,2706,2938,5644,5644,615,0.1089652728561304
2021-05-19,218,201,419,275,286,561,480,562,1042,593,607,1200,489,508,997,323,423,746,242,252,494,102,125,227,38,50,88,8,19,27,2768,3033,5801,5801,489,0.0842958110670574
2021-05-20,248,245,493,295,340,635,571,639,1210,613,656,1269,490,598,1088,330,432,762,230,251,481,101,144,245,39,63,102,1,23,24,2918,3391,6309,6308,500,0.07926442612555486
2021-05-21,173,165,338,244,248,492,454,556,1010,525,649,1174,434,525,959,307,373,680,199,254,453,108,95,203,40,87,127,1,20,21,2485,2972,5457,5457,826,0.1513652189847902
2021-05-22,110,98,208,143,174,317,257,352,609,354,354,708,261,326,587,196,220,416,120,114,234,54,67,121,25,68,93,2,21,23,1522,1794,3316,3316,677,0.20416164053075994
2021-05-23,121,99,220,124,166,290,226,272,498,290,328,618,261,267,528,185,230,415,103,137,240,52,56,108,15,51,66,10,17,27,1387,1623,3010,3010,443,0.14717607973421926
2021-05-24,144,119,263,218,246,464,393,420,813,445,540,985,400,508,908,342,452,794,199,256,455,112,140,252,26,59,85,4,12,16,2283,2752,5035,5035,463,0.09195630585898709
2021-05-25,140,99,239,200,221,421,385,430,815,408,490,898,385,441,826,291,349,640,183,222,405,86,115,201,27,46,73,7,18,25,2112,2431,4543,4541,393,0.08654481391763928
2021-05-26,179,157,336,260,268,528,502,546,1048,526,609,1135,470,579,1049,428,472,900,218,277,495,128,145,273,39,81,120,8,13,21,2758,3147,5905,5905,508,0.08602878916172735
2021-05-27,135,153,288,154,211,365,398,474,872,449,506,955,387,395,782,313,421,734,169,225,394,109,108,217,35,48,83,1,18,19,2150,2559,4709,4708,539,0.11448598130841121
2021-05-28,167,179,346,243,311,554,492,581,1073,546,654,1200,530,618,1148,444,538,982,253,320,573,109,141,250,34,60,94,4,15,19,2822,3417,6239,6239,540,0.08655233210450393
2021-05-29,116,106,222,152,183,335,302,372,674,412,438,850,347,413,760,218,270,488,134,167,301,66,96,162,21,51,72,6,18,24,1774,2114,3888,3888,472,0.12139917695473251
2021-05-30,84,90,174,132,148,280,272,318,590,306,367,673,275,319,594,187,243,430,117,119,236,45,80,125,19,26,45,4,9,13,1441,1719,3160,3160,317,0.10031645569620253
2021-05-31,148,151,299,231,226,457,444,499,943,516,555,1071,438,527,965,276,352,628,199,244,443,122,155,277,47,67,114,3,19,22,2424,2795,5219,5218,469,0.08988118052893829
2021-06-01,174,154,328,208,255,463,377,470,847,507,525,1032,381,464,845,293,396,689,226,267,493,111,132,243,48,48,96,5,14,19,2330,2725,5055,5055,442,0.08743818001978239
2021-06-02,202,156,358,235,252,487,395,512,907,481,576,1057,430,497,927,277,353,630,208,266,474,118,141,259,38,58,96,9,18,27,2393,2829,5222,5220,545,0.10440613026819924
2021-06-03,187,180,367,244,247,491,431,511,942,525,622,1147,441,529,970,308,383,691,226,269,495,107,154,261,39,38,77,6,22,28,2514,2955,5469,5467,495,0.09054325955734406
2021-06-04,233,212,445,266,267,533,478,552,1030,515,592,1107,456,522,978,339,462,801,215,281,496,120,158,278,33,66,99,2,14,16,2657,3126,5783,5783,538,0.09303129863392703
2021-06-05,140,133,273,152,164,316,268,341,609,315,402,717,299,327,626,216,258,474,114,141,255,69,104,173,25,36,61,6,18,24,1604,1924,3528,3528,494,0.14002267573696145
2021-06-06,145,161,306,149,154,303,237,296,533,293,349,642,283,317,600,221,253,474,114,140,254,57,73,130,21,33,54,1,16,17,1521,1792,3313,3313,328,0.09900392393600965
2021-06-07,208,222,430,216,243,459,412,485,897,495,539,1034,400,524,924,321,462,783,223,285,508,157,201,358,43,118,161,9,35,44,2484,3114,5598,5598,556,0.0993211861379064
2021-06-08,254,233,487,206,238,444,378,498,876,492,523,1015,406,456,862,314,405,719,188,231,419,111,183,294,31,65,96,6,25,31,2386,2857,5243,5243,463,0.08830822048445547
2021-06-09,215,219,434,253,216,469,425,487,912,501,581,1082,416,479,895,327,409,736,194,244,438,116,135,251,40,65,105,5,19,24,2492,2854,5346,5343,470,0.08796556241811716
2021-06-10,212,215,427,216,265,481,410,528,938,496,615,1111,399,502,901,276,387,663,204,252,456,127,154,281,34,56,90,7,19,26,2381,2993,5374,5370,458,0.08528864059590316
2021-06-11,195,195,390,198,237,435,437,525,962,450,611,1061,439,565,1004,301,380,681,208,246,454,117,167,284,35,82,117,7,18,25,2387,3026,5413,5413,658,0.12155920931091815
2021-06-12,150,148,298,178,169,347,276,335,611,357,393,750,306,369,675,223,283,506,136,181,317,72,103,175,31,46,77,5,10,15,1734,2037,3771,3771,384,0.10182975338106603
2021-06-13,166,167,333,176,145,321,226,273,499,300,364,664,285,340,625,205,260,465,131,160,291,66,76,142,21,38,59,5,12,17,1581,1835,3416,3416,342,0.10011709601873536
2021-06-14,236,203,439,247,251,498,383,524,907,500,550,1050,429,521,950,307,379,686,202,295,497,129,156,285,37,62,99,17,23,40,2487,2964,5451,5450,479,0.08788990825688073
2021-06-15,249,236,485,258,254,512,407,471,878,488,559,1047,401,530,931,299,382,681,201,240,441,104,125,229,44,55,99,3,18,21,2454,2870,5324,5324,412,0.07738542449286251
2021-06-16,253,237,490,251,250,501,394,496,890,483,559,1042,405,518,923,249,344,593,190,216,406,99,126,225,34,48,82,1,14,15,2359,2808,5167,5167,376,0.07276949874201664
2021-06-17,234,220,454,243,261,504,422,534,956,504,648,1152,413,557,970,256,391,647,212,243,455,124,155,279,37,55,92,3,16,19,2448,3080,5528,5528,450,0.08140376266280752
2021-06-18,210,204,414,240,257,497,402,481,883,470,603,1073,403,535,938,244,394,638,176,245,421,78,125,203,33,33,66,3,13,16,2259,2890,5149,5149,464,0.09011458535637988
2021-06-19,169,170,339,159,143,302,257,339,596,357,427,784,278,343,621,181,224,405,148,159,307,86,94,180,30,69,99,5,19,24,1670,1987,3657,3657,538,0.1471151216844408
2021-06-20,161,131,292,117,107,224,149,222,371,222,284,506,200,254,454,151,181,332,95,114,209,68,72,140,15,37,52,1,9,10,1179,1411,2590,2590,282,0.10888030888030888
2021-06-21,193,171,364,173,175,348,213,299,512,326,347,673,324,348,672,209,251,460,115,150,265,76,99,175,29,31,60,3,4,7,1661,1875,3536,3534,397,0.1123372948500283
2021-06-22,276,241,517,247,235,482,384,476,860,461,548,1009,437,485,922,258,349,607,223,257,480,111,155,266,31,71,102,11,17,28,2439,2834,5273,5273,460,0.08723686705860041
2021-06-23,308,255,563,277,289,566,357,479,836,493,611,1104,429,591,1020,227,368,595,206,243,449,107,153,260,32,80,112,5,29,34,2441,3098,5539,5538,455,0.08215962441314555
2021-06-24,278,258,536,240,302,542,373,511,884,444,584,1028,386,487,873,255,325,580,181,265,446,90,117,207,24,49,73,4,15,19,2275,2913,5188,5187,579,0.11162521688837479
2021-06-25,317,259,576,280,323,603,385,535,920,515,691,1206,387,539,926,298,391,689,227,294,521,112,161,273,36,71,107,8,19,27,2565,3283,5848,5848,834,0.14261285909712723
2021-06-26,142,138,280,136,159,295,210,265,475,285,332,617,224,292,516,160,176,336,145,180,325,77,108,185,22,45,67,5,16,21,1406,1711,3117,3117,359,0.1151748476098813
2021-06-27,177,150,327,120,155,275,193,251,444,242,299,541,231,275,506,145,174,319,122,128,250,71,79,150,17,40,57,2,11,13,1320,1562,2882,2882,364,0.12630117973629423
2021-06-28,198,190,388,127,139,266,187,261,448,297,344,641,232,278,510,165,193,358,124,118,242,74,99,173,35,37,72,3,15,18,1442,1674,3116,3115,436,0.13996789727126807
2021-06-29,206,252,458,215,224,439,320,401,721,390,463,853,299,372,671,204,250,454,166,181,347,110,107,217,25,59,84,1,24,25,1936,2333,4269,4269,480,0.11243851018973998
2021-06-30,279,266,545,276,262,538,366,459,825,443,513,956,331,387,718,223,349,572,166,219,385,83,105,188,32,53,85,4,11,15,2203,2624,4827,4827,437,0.09053242179407499
2021-07-01,215,203,418,235,237,472,325,435,760,393,493,886,277,404,681,195,287,482,153,210,363,89,107,196,32,50,82,3,11,14,1917,2437,4354,4353,505,0.11601194578451643
2021-07-02,289,229,518,286,277,563,325,435,760,395,559,954,280,449,729,209,324,533,151,214,365,92,130,222,33,46,79,4,14,18,2064,2677,4741,4740,524,0.11054852320675106
2021-07-03,183,176,359,149,197,346,209,270,479,267,337,604,223,297,520,155,172,327,127,139,266,58,86,144,16,35,51,6,11,17,1393,1720,3113,3113,456,0.14648249277224543
2021-07-04,176,207,383,145,153,298,149,246,395,248,324,572,190,249,439,147,193,340,96,124,220,48,75,123,18,36,54,4,12,16,1221,1619,2840,2840,400,0.14084507042253522
2021-07-05,322,306,628,260,285,545,361,461,822,454,552,1006,317,470,787,211,296,507,170,200,370,106,118,224,37,48,85,5,16,21,2243,2752,4995,4995,517,0.1035035035035035
2021-07-06,356,328,684,332,331,663,404,452,856,448,592,1040,356,465,821,232,307,539,161,218,379,95,139,234,27,63,90,5,18,23,2416,2913,5329,5329,535,0.1003940701820229
2021-07-07,302,284,586,312,331,643,408,479,887,450,549,999,380,421,801,262,285,547,142,183,325,80,85,165,27,45,72,7,17,24,2370,2679,5049,5049,464,0.09189938601703307
2021-07-08,310,301,611,333,381,714,481,526,1007,488,609,1097,382,536,918,267,369,636,172,275,447,97,145,242,51,45,96,4,18,22,2585,3205,5790,5790,685,0.11830742659758203
2021-07-09,215,228,443,230,237,467,276,353,629,345,413,758,270,364,634,183,235,418,110,134,244,62,81,143,30,48,78,5,10,15,1726,2103,3829,3829,531,0.13867850613737268
2021-07-10,196,204,400,221,211,432,237,288,525,268,366,634,217,308,525,188,238,426,127,160,287,69,97,166,20,45,65,5,11,16,1548,1928,3476,3476,456,0.13118527042577677
2021-07-11,243,215,458,157,158,315,213,251,464,253,347,600,239,314,553,178,215,393,126,148,274,62,83,145,13,27,40,6,10,16,1490,1768,3258,3258,416,0.12768569674647023
2021-07-12,366,356,722,315,332,647,433,537,970,509,566,1075,450,528,978,255,370,625,223,217,440,103,129,232,33,46,79,10,17,27,2697,3098,5795,5795,580,0.1000862812769629
2021-07-13,371,306,677,312,356,668,419,501,920,437,522,959,369,494,863,259,355,614,167,225,392,107,128,235,33,56,89,9,20,29,2483,2963,5446,5445,660,0.12121212121212122
2021-07-14,345,332,677,390,386,776,492,541,1033,435,618,1053,414,499,913,246,361,607,198,214,412,98,112,210,29,47,76,4,12,16,2651,3122,5773,5771,570,0.0987697106220759
2021-07-15,311,263,574,418,402,820,469,568,1037,508,619,1127,486,621,1107,330,364,694,182,244,426,88,145,233,29,58,87,5,16,21,2826,3300,6126,6125,654,0.10677551020408163
2021-07-16,261,253,514,363,348,711,434,524,958,429,574,1003,439,552,991,254,332,586,154,237,391,80,119,199,30,57,87,3,16,19,2447,3012,5459,5459,565,0.10349880930573366
2021-07-17,191,210,401,242,248,490,261,330,591,294,397,691,263,324,587,199,210,409,130,129,259,72,85,157,17,29,46,4,10,14,1673,1972,3645,3643,557,0.15289596486412296
2021-07-18,201,157,358,183,213,396,230,294,524,251,324,575,231,309,540,191,207,398,104,125,229,69,75,144,25,43,68,3,7,10,1488,1754,3242,3241,373,0.11508793582227707
2021-07-19,250,235,485,234,271,505,403,450,853,388,495,883,360,436,796,264,363,627,194,240,434,102,137,239,46,49,95,3,6,9,2244,2682,4926,4926,538,0.10921640276086074
2021-07-20,267,239,506,237,243,480,334,433,767,353,449,802,309,394,703,234,279,513,165,202,367,91,119,210,32,50,82,7,14,21,2029,2422,4451,4451,463,0.10402156818692429
2021-07-21,290,262,552,308,307,615,409,513,922,411,535,946,401,517,918,293,368,661,209,292,501,103,164,267,31,64,95,4,12,16,2459,3034,5493,5493,560,0.10194793373384307
2021-07-22,266,245,511,360,355,715,389,543,932,516,593,1109,454,585,1039,316,360,676,191,238,429,101,127,228,38,59,97,6,9,15,2637,3114,5751,5751,558,0.09702660406885759
2021-07-23,224,205,429,251,296,547,316,407,723,382,503,885,374,409,783,249,297,546,132,197,329,73,123,196,24,46,70,6,18,24,2031,2501,4532,4531,600,0.13242109909512248
2021-07-24,184,181,365,251,352,603,292,352,644,400,480,880,408,468,876,249,287,536,144,208,352,78,91,169,26,38,64,3,11,14,2035,2468,4503,4502,472,0.10484229231452688
2021-07-25,161,168,329,274,354,628,221,300,521,377,457,834,447,529,976,247,261,508,138,151,289,92,88,180,16,35,51,6,8,14,1979,2351,4330,4329,358,0.0826980826980827
2021-07-26,245,261,506,373,487,860,382,546,928,530,694,1224,523,653,1176,343,413,756,214,293,507,116,187,303,39,64,103,8,19,27,2773,3617,6390,6390,515,0.08059467918622848
2021-07-27,172,169,341,220,282,502,307,386,693,316,405,721,327,354,681,188,261,449,122,174,296,87,112,199,36,46,82,3,12,15,1778,2201,3979,3978,450,0.11312217194570136
2021-07-28,195,168,363,240,319,559,375,441,816,407,481,888,344,422,766,240,282,522,189,217,406,95,112,207,27,39,66,6,8,14,2118,2489,4607,4606,453,0.09834997828918801
2021-07-29,186,185,371,284,264,548,327,445,772,409,501,910,356,433,789,214,255,469,171,194,365,84,115,199,27,32,59,4,18,22,2062,2442,4504,4500,451,0.10022222222222223
2021-07-30,216,209,425,359,377,736,475,623,1098,560,788,1348,487,631,1118,336,454,790,227,304,531,101,162,263,37,59,96,6,13,19,2804,3620,6424,6422,650,0.10121457489878542
2021-07-31,227,219,446,326,390,716,317,443,760,496,676,1172,573,670,1243,310,363,673,179,237,416,105,128,233,27,28,55,3,14,17,2563,3168,5731,5731,435,0.07590298377246554
2021-08-01,242,257,499,326,377,703,217,320,537,373,539,912,492,620,1112,238,294,532,134,170,304,74,107,181,23,55,78,7,10,17,2126,2749,4875,4874,454,0.09314731226918342
2021-08-02,347,305,652,423,437,860,406,561,967,575,723,1298,553,769,1322,331,498,829,299,342,641,131,191,322,47,76,123,5,19,24,3117,3921,7038,7037,695,0.09876367770356687
2021-08-03,365,367,732,415,548,963,492,680,1172,599,839,1438,621,813,1434,425,603,1028,309,396,705,179,240,419,45,85,130,8,26,34,3458,4597,8055,8054,752,0.09336975415942389
2021-08-04,351,325,676,383,403,786,480,581,1061,574,703,1277,424,626,1050,315,434,749,253,318,571,111,186,297,33,62,95,3,18,21,2927,3656,6583,6581,682,0.10363166691992098
2021-08-05,392,392,784,462,509,971,632,808,1440,680,873,1553,641,787,1428,413,575,988,286,355,641,140,181,321,39,71,110,8,15,23,3693,4566,8259,8255,705,0.08540278619018776
2021-08-06,431,367,798,585,579,1164,631,890,1521,736,1010,1746,657,875,1532,422,629,1051,322,462,784,159,247,406,47,59,106,3,16,19,3993,5134,9127,9126,717,0.07856673241288625
2021-08-07,255,269,524,301,376,677,387,456,843,490,533,1023,382,488,870,282,367,649,186,250,436,98,162,260,30,53,83,6,7,13,2417,2961,5378,5375,576,0.10716279069767441
2021-08-08,356,328,684,328,366,694,286,396,682,384,503,887,430,546,976,253,344,597,201,240,441,86,105,191,21,50,71,5,9,14,2350,2887,5237,5237,561,0.10712239831964865
2021-08-09,481,424,905,374,429,803,494,697,1191,600,719,1319,508,682,1190,385,506,891,255,321,576,141,159,300,49,64,113,10,17,27,3297,4018,7315,7314,690,0.09433962264150944
2021-08-10,533,506,1039,484,501,985,544,763,1307,584,786,1370,522,724,1246,398,508,906,271,348,619,156,187,343,45,68,113,3,18,21,3540,4409,7949,7945,944,0.11881686595342983
2021-08-11,484,483,967,567,590,1157,597,810,1407,684,853,1537,589,826,1415,390,548,938,254,317,571,142,172,314,55,75,130,11,24,35,3773,4698,8471,8470,778,0.09185360094451003
2021-08-12,498,474,972,535,529,1064,535,747,1282,610,744,1354,555,780,1335,355,504,859,233,277,510,130,147,277,51,58,109,7,19,26,3509,4279,7788,7787,797,0.10235007063053808
2021-08-13,644,554,1198,755,782,1537,678,1042,1720,887,1185,2072,744,1023,1767,462,724,1186,298,389,687,175,214,389,56,69,125,6,16,22,4705,5998,10703,10702,871,0.0813866566996823
2021-08-14,402,395,797,460,465,925,356,549,905,497,681,1178,491,665,1156,317,442,759,193,258,451,119,130,249,32,49,81,4,12,16,2871,3646,6517,6517,852,0.1307350007672242
2021-08-15,362,367,729,327,390,717,308,390,698,417,550,967,417,518,935,306,398,704,179,239,418,115,121,236,22,52,74,3,13,16,2456,3038,5494,5494,593,0.10793593010556972
2021-08-16,477,443,920,428,449,877,319,491,810,465,639,1104,482,626,1108,330,382,712,176,238,414,123,134,257,31,43,74,8,14,22,2839,3459,6298,6298,697,0.11067005398539219
2021-08-17,680,555,1235,688,712,1400,613,889,1502,856,1018,1874,625,966,1591,509,672,1181,304,384,688,165,188,353,42,89,131,6,24,30,4488,5497,9985,9983,1006,0.10077131122908946
2021-08-18,656,634,1290,716,709,1425,547,811,1358,740,990,1730,590,835,1425,403,593,996,271,372,643,162,204,366,38,85,123,14,25,39,4137,5258,9395,9394,907,0.09655098999361295
2021-08-19,623,559,1182,640,691,1331,563,856,1419,764,949,1713,592,813,1405,431,564,995,257,338,595,124,164,288,41,58,99,9,14,23,4044,5006,9050,9050,966,0.1067403314917127
2021-08-20,737,656,1393,771,811,1582,607,818,1425,688,980,1668,625,940,1565,401,613,1014,275,382,657,149,220,369,37,79,116,10,19,29,4300,5518,9818,9813,964,0.09823703250789768
2021-08-21,395,437,832,407,431,838,366,565,931,527,719,1246,455,620,1075,332,428,760,201,278,479,111,155,266,31,54,85,4,17,21,2829,3704,6533,6532,861,0.1318126148193509
2021-08-22,560,538,1098,388,419,807,302,443,745,515,699,1214,456,653,1109,343,422,765,206,268,474,121,127,248,29,44,73,7,13,20,2927,3626,6553,6553,909,0.13871509232412635
2021-08-23,949,924,1873,688,749,1437,620,843,1463,805,1051,1856,699,997,1696,450,621,1071,322,429,751,170,231,401,48,67,115,4,20,24,4755,5932,10687,10684,1189,0.11128790715087981
2021-08-24,933,904,1837,720,711,1431,572,775,1347,703,1039,1742,618,865,1483,403,596,999,268,412,680,144,173,317,59,64,123,6,18,24,4426,5557,9983,9983,1047,0.10487829309826706
2021-08-25,912,871,1783,680,659,1339,490,708,1198,651,1017,1668,601,886,1487,408,554,962,283,413,696,169,186,355,51,39,90,8,31,39,4253,5364,9617,9616,1034,0.10752911813643927
2021-08-26,950,902,1852,728,767,1495,564,836,1400,727,1020,1747,624,907,1531,388,597,985,297,387,684,156,230,386,52,77,129,5,21,26,4491,5744,10235,10235,963,0.09408891060087933
2021-08-27,1053,937,1990,720,862,1582,535,829,1364,734,1106,1840,650,1005,1655,431,602,1033,288,390,678,141,190,331,41,75,116,4,17,21,4597,6013,10610,10610,910,0.08576814326107446
2021-08-28,565,475,1040,376,372,748,326,505,831,489,656,1145,381,615,996,283,357,640,191,248,439,88,121,209,42,44,86,2,6,8,2743,3399,6142,6142,739,0.1203191142950179
2021-08-29,618,590,1208,302,355,657,220,368,588,395,535,930,382,513,895,244,330,574,155,192,347,86,115,201,35,38,73,0,7,7,2437,3043,5480,5480,646,0.11788321167883212
2021-08-30,969,879,1848,604,594,1198,449,619,1068,634,900,1534,571,794,1365,364,503,867,256,366,622,136,184,320,53,64,117,4,16,20,4040,4919,8959,8959,813,0.09074673512668825
2021-08-31,853,804,1657,646,568,1214,429,670,1099,601,822,1423,541,795,1336,362,484,846,248,321,569,139,175,314,33,61,94,5,11,16,3857,4711,8568,8566,611,0.07132850805510156
2021-09-01,353,332,685,304,315,619,297,455,752,397,643,1040,344,517,861,238,304,542,142,175,317,49,82,131,13,32,45,1,6,7,2138,2861,4999,4998,190,0.03801520608243297
2021-09-02,21,10,31,8,6,14,6,9,15,17,10,27,7,10,17,9,7,16,3,3,6,1,1,2,0,0,0,0,0,0,72,56,128,128,0,0.0
