FECHA,<=10M,<=10F,<=10,11-20M,11-20F,11-20,21-30M,21-30F,21-30,31-40M,31-40F,31-40,41-50M,41-50F,41-50,51-60M,51-60F,51-60,61-70M,61-70F,61-70,71-80M,71-80F,71-80,81-90M,81-90F,81-90,>=91M,>=91F,>=91,TotalM,TotalF,Total,DelayCount,CumDelay,DelayAvg
2020-03-15,1,0,1,0,0,0,0,1,1,2,1,3,0,0,0,1,0,1,1,0,1,1,1,2,0,0,0,0,0,0,6,3,9,9,30,3.3333333333333335
2020-03-16,1,2,3,0,1,1,1,1,2,1,1,2,0,0,0,2,0,2,2,1,3,0,0,0,0,0,0,0,0,0,7,6,13,13,46,3.5384615384615383
2020-03-17,0,4,4,0,1,1,0,1,1,1,0,1,0,2,2,1,1,2,1,1,2,2,2,4,1,0,1,0,0,0,6,12,18,18,41,2.2777777777777777
2020-03-18,2,1,3,0,0,0,0,0,0,2,1,3,0,1,1,1,1,2,0,2,2,1,0,1,1,0,1,0,0,0,7,6,13,13,22,1.6923076923076923
2020-03-19,1,0,1,0,0,0,3,1,4,2,2,4,1,1,2,0,0,0,1,1,2,1,1,2,0,0,0,1,0,1,10,6,16,16,36,2.25
2020-03-20,1,1,2,1,0,1,0,0,0,1,2,3,0,0,0,0,1,1,0,1,1,2,2,4,1,0,1,0,0,0,6,7,13,13,27,2.076923076923077
2020-03-21,0,0,0,1,0,1,1,2,3,2,1,3,1,1,2,0,0,0,2,1,3,1,1,2,0,0,0,1,0,1,9,6,15,15,42,2.8
2020-03-22,0,0,0,0,0,0,3,1,4,0,0,0,0,0,0,1,1,2,0,1,1,2,0,2,3,2,5,0,0,0,9,5,14,14,39,2.7857142857142856
2020-03-23,1,0,1,1,2,3,1,1,2,1,1,2,0,1,1,2,0,2,2,0,2,3,2,5,3,3,6,0,2,2,14,12,26,26,51,1.9615384615384615
2020-03-24,1,0,1,0,0,0,0,0,0,1,1,2,0,1,1,2,1,3,0,0,0,2,0,2,1,1,2,1,0,1,8,4,12,12,16,1.3333333333333333
2020-03-25,1,2,3,0,0,0,1,2,3,1,1,2,0,0,0,0,2,2,2,1,3,2,2,4,2,4,6,2,1,3,11,15,26,26,36,1.3846153846153846
2020-03-26,4,3,7,2,0,2,1,2,3,4,2,6,1,3,4,3,1,4,1,4,5,3,1,4,4,0,4,3,1,4,26,17,43,43,155,3.604651162790698
2020-03-27,2,2,4,0,1,1,0,1,1,3,0,3,1,3,4,1,2,3,1,4,5,4,6,10,3,3,6,2,6,8,17,28,45,45,99,2.2
2020-03-28,2,0,2,0,0,0,1,0,1,0,1,1,1,1,2,3,1,4,3,0,3,4,6,10,2,1,3,1,0,1,17,10,27,27,93,3.4444444444444446
2020-03-29,1,0,1,1,1,2,0,1,1,2,0,2,2,2,4,0,0,0,6,3,9,4,1,5,4,2,6,2,1,3,22,11,33,33,74,2.242424242424242
2020-03-30,2,1,3,0,0,0,1,4,5,1,2,3,4,2,6,1,1,2,5,0,5,3,5,8,5,1,6,3,2,5,25,18,43,43,82,1.9069767441860466
2020-03-31,6,2,8,2,0,2,2,1,3,3,2,5,3,0,3,1,1,2,4,1,5,4,3,7,2,3,5,4,0,4,31,13,44,44,82,1.8636363636363635
2020-04-01,6,7,13,0,2,2,3,3,6,3,1,4,10,3,13,3,1,4,4,3,7,5,2,7,5,6,11,0,1,1,39,29,68,68,171,2.514705882352941
2020-04-02,4,6,10,4,4,8,0,4,4,3,4,7,3,4,7,1,4,5,5,4,9,7,6,13,5,5,10,2,4,6,34,45,79,79,142,1.7974683544303798
2020-04-03,14,7,21,3,2,5,3,5,8,5,6,11,3,6,9,1,4,5,6,3,9,4,2,6,5,7,12,1,5,6,45,47,92,92,177,1.923913043478261
2020-04-04,7,6,13,1,1,2,2,4,6,2,9,11,4,1,5,4,0,4,5,2,7,2,3,5,4,2,6,1,3,4,32,31,63,63,101,1.6031746031746033
2020-04-05,4,6,10,2,1,3,6,0,6,4,1,5,8,1,9,4,2,6,1,9,10,5,8,13,4,4,8,2,3,5,40,35,75,75,125,1.6666666666666667
2020-04-06,9,6,15,3,1,4,4,2,6,11,1,12,8,4,12,7,1,8,4,6,10,10,3,13,6,5,11,1,3,4,63,32,95,95,144,1.5157894736842106
2020-04-07,7,7,14,1,2,3,5,3,8,4,5,9,5,4,9,4,1,5,3,3,6,6,7,13,7,10,17,2,1,3,44,43,87,87,107,1.2298850574712643
2020-04-08,6,5,11,2,1,3,2,2,4,4,2,6,6,3,9,3,2,5,6,4,10,9,4,13,2,3,5,3,6,9,43,32,75,75,94,1.2533333333333334
2020-04-09,1,1,2,1,2,3,2,6,8,11,7,18,2,3,5,5,6,11,4,2,6,7,9,16,3,9,12,4,5,9,40,50,90,90,117,1.3
2020-04-10,13,2,15,2,3,5,2,4,6,3,1,4,8,1,9,1,2,3,5,1,6,1,10,11,4,7,11,2,5,7,41,36,77,77,99,1.2857142857142858
2020-04-11,5,4,9,2,2,4,4,4,8,4,2,6,4,1,5,1,3,4,2,6,8,5,2,7,4,7,11,1,5,6,32,36,68,68,92,1.3529411764705883
2020-04-12,5,5,10,1,0,1,0,2,2,4,1,5,2,5,7,6,1,7,2,3,5,3,7,10,3,4,7,1,2,3,27,30,57,57,94,1.6491228070175439
2020-04-13,3,6,9,4,3,7,8,4,12,4,6,10,3,2,5,4,4,8,6,4,10,4,7,11,7,8,15,5,6,11,48,50,98,98,124,1.2653061224489797
2020-04-14,12,4,16,2,0,2,6,5,11,6,2,8,5,5,10,8,5,13,4,7,11,7,5,12,7,4,11,4,4,8,61,41,102,102,111,1.088235294117647
2020-04-15,7,3,10,4,5,9,1,3,4,6,6,12,4,11,15,3,8,11,5,2,7,8,2,10,8,8,16,5,3,8,51,51,102,102,146,1.4313725490196079
2020-04-16,7,2,9,4,4,8,5,3,8,7,10,17,9,8,17,7,7,14,4,10,14,6,4,10,5,5,10,0,4,4,54,57,111,111,111,1.0
2020-04-17,6,4,10,1,2,3,1,7,8,5,10,15,8,5,13,7,5,12,7,3,10,12,6,18,5,7,12,1,4,5,53,53,106,106,152,1.4339622641509433
2020-04-18,6,6,12,2,0,2,8,2,10,11,3,14,7,4,11,5,2,7,2,2,4,4,10,14,5,7,12,3,5,8,53,41,94,94,141,1.5
2020-04-19,5,6,11,3,1,4,3,2,5,4,3,7,3,2,5,5,6,11,2,7,9,6,8,14,2,7,9,2,1,3,35,43,78,78,98,1.2564102564102564
2020-04-20,9,5,14,9,6,15,10,1,11,11,5,16,6,7,13,7,2,9,10,7,17,15,10,25,9,8,17,5,15,20,91,66,157,157,322,2.050955414012739
2020-04-21,9,7,16,3,3,6,12,2,14,6,9,15,2,2,4,4,7,11,4,6,10,11,12,23,7,10,17,3,10,13,61,68,129,129,151,1.1705426356589148
2020-04-22,8,5,13,3,5,8,6,7,13,9,2,11,10,7,17,3,5,8,5,3,8,10,14,24,8,11,19,7,7,14,69,66,135,135,215,1.5925925925925926
2020-04-23,11,9,20,4,5,9,4,8,12,8,4,12,7,1,8,3,7,10,6,4,10,7,8,15,12,9,21,7,10,17,69,65,134,134,128,0.9552238805970149
2020-04-24,9,9,18,5,4,9,6,7,13,11,10,21,4,4,8,6,6,12,7,9,16,10,9,19,10,16,26,3,3,6,71,77,148,148,159,1.0743243243243243
2020-04-25,8,2,10,4,1,5,2,4,6,6,8,14,4,3,7,5,4,9,6,3,9,6,2,8,9,14,23,5,5,10,55,46,101,101,90,0.8910891089108911
2020-04-26,5,13,18,4,6,10,2,2,4,3,2,5,7,4,11,2,3,5,6,5,11,4,8,12,8,7,15,1,3,4,42,53,95,95,84,0.8842105263157894
2020-04-27,10,9,19,4,3,7,5,5,10,3,7,10,3,7,10,6,7,13,8,7,15,18,5,23,11,13,24,3,6,9,71,69,140,140,115,0.8214285714285714
2020-04-28,12,7,19,3,3,6,8,8,16,8,7,15,4,6,10,7,6,13,4,7,11,3,12,15,6,14,20,2,4,6,57,74,131,131,105,0.8015267175572519
2020-04-29,10,8,18,4,3,7,11,6,17,15,7,22,9,5,14,7,5,12,3,8,11,9,4,13,3,14,17,5,11,16,76,71,147,147,126,0.8571428571428571
2020-04-30,12,7,19,9,2,11,7,1,8,3,4,7,8,6,14,7,6,13,9,10,19,6,9,15,9,16,25,7,8,15,77,69,146,146,122,0.8356164383561644
2020-05-01,0,9,9,5,4,9,1,3,4,8,8,16,9,7,16,6,2,8,10,5,15,7,8,15,8,10,18,0,4,4,54,60,114,114,98,0.8596491228070176
2020-05-02,4,12,16,4,6,10,6,1,7,8,5,13,5,5,10,7,1,8,3,2,5,6,2,8,6,10,16,1,3,4,50,47,97,97,101,1.041237113402062
2020-05-03,5,4,9,2,1,3,6,4,10,8,4,12,4,5,9,7,2,9,7,7,14,4,7,11,8,8,16,3,5,8,54,47,101,101,84,0.8316831683168316
2020-05-04,14,15,29,5,2,7,6,6,12,7,6,13,3,3,6,6,3,9,7,11,18,15,12,27,7,18,25,3,4,7,73,80,153,153,122,0.7973856209150327
2020-05-05,6,6,12,6,1,7,8,7,15,11,9,20,5,8,13,7,5,12,10,5,15,14,5,19,5,14,19,2,9,11,74,69,143,143,98,0.6853146853146853
2020-05-06,8,8,16,3,0,3,7,6,13,11,9,20,15,6,21,3,5,8,9,3,12,17,14,31,6,11,17,5,6,11,84,68,152,152,103,0.6776315789473685
2020-05-07,14,7,21,5,5,10,11,4,15,8,6,14,13,8,21,5,5,10,7,4,11,14,5,19,6,12,18,1,8,9,84,64,148,148,93,0.6283783783783784
2020-05-08,11,9,20,4,3,7,9,7,16,9,11,20,11,9,20,10,3,13,5,9,14,10,8,18,11,12,23,3,13,16,83,84,167,167,175,1.0479041916167664
2020-05-09,13,6,19,3,0,3,2,10,12,5,5,10,6,6,12,4,3,7,5,7,12,12,2,14,5,10,15,5,7,12,60,56,116,116,103,0.8879310344827587
2020-05-10,7,7,14,1,1,2,6,6,12,3,6,9,2,3,5,4,4,8,6,4,10,9,9,18,5,9,14,1,8,9,44,57,101,101,89,0.8811881188118812
2020-05-11,11,11,22,6,4,10,6,4,10,9,7,16,7,9,16,8,4,12,11,3,14,10,10,20,11,16,27,4,13,17,83,81,164,164,117,0.7134146341463414
2020-05-12,9,8,17,6,8,14,18,14,32,20,5,25,6,9,15,5,3,8,9,5,14,5,10,15,9,13,22,6,11,17,93,86,179,179,130,0.7262569832402235
2020-05-13,20,9,29,9,9,18,12,7,19,10,14,24,12,4,16,6,7,13,6,5,11,9,6,15,6,14,20,2,9,11,92,84,176,176,152,0.8636363636363636
2020-05-14,17,19,36,8,6,14,11,17,28,11,12,23,9,8,17,5,7,12,8,10,18,7,11,18,10,11,21,2,15,17,88,116,204,204,173,0.8480392156862745
2020-05-15,13,14,27,5,5,10,7,8,15,6,9,15,8,12,20,8,5,13,9,8,17,6,6,12,10,18,28,5,11,16,77,96,173,172,159,0.9244186046511628
2020-05-16,6,13,19,6,4,10,4,8,12,8,11,19,6,6,12,6,8,14,4,5,9,9,3,12,6,5,11,5,12,17,60,75,135,135,183,1.3555555555555556
2020-05-17,11,10,21,3,4,7,9,5,14,6,6,12,7,8,15,3,2,5,5,5,10,5,4,9,10,9,19,4,7,11,63,60,123,123,85,0.6910569105691057
2020-05-18,15,15,30,5,8,13,18,16,34,18,10,28,10,11,21,12,7,19,8,12,20,15,13,28,16,12,28,2,11,13,119,115,234,234,187,0.7991452991452992
2020-05-19,16,12,28,11,8,19,22,19,41,28,16,44,19,9,28,11,12,23,13,10,23,9,17,26,11,18,29,2,10,12,142,131,273,273,196,0.717948717948718
2020-05-20,21,28,49,7,10,17,21,12,33,31,13,44,16,12,28,7,10,17,15,10,25,9,10,19,12,16,28,6,6,12,145,127,272,272,182,0.6691176470588235
2020-05-21,20,24,44,14,6,20,22,16,38,24,15,39,9,14,23,12,7,19,9,7,16,14,8,22,6,16,22,1,4,5,131,117,248,248,130,0.5241935483870968
2020-05-22,18,15,33,11,10,21,20,18,38,20,21,41,14,9,23,10,4,14,5,9,14,8,8,16,7,11,18,6,14,20,119,119,238,238,124,0.5210084033613446
2020-05-23,9,13,22,11,9,20,18,11,29,21,13,34,8,9,17,5,6,11,10,11,21,9,10,19,8,5,13,3,2,5,102,89,191,191,116,0.6073298429319371
2020-05-24,12,11,23,8,8,16,8,5,13,11,8,19,7,2,9,6,3,9,9,4,13,9,6,15,5,11,16,2,6,8,77,64,141,141,113,0.8014184397163121
2020-05-25,22,18,40,15,11,26,14,14,28,11,10,21,10,7,17,5,7,12,4,4,8,13,2,15,8,15,23,1,8,9,103,96,199,199,105,0.5276381909547738
2020-05-26,23,21,44,14,14,28,22,22,44,37,15,52,15,14,29,8,13,21,7,5,12,13,4,17,10,14,24,3,11,14,152,133,285,285,215,0.7543859649122807
2020-05-27,28,24,52,16,11,27,12,17,29,19,11,30,12,9,21,15,11,26,8,7,15,4,11,15,5,16,21,4,2,6,123,119,242,242,172,0.7107438016528925
2020-05-28,19,30,49,15,6,21,22,22,44,15,12,27,15,10,25,9,14,23,9,12,21,12,5,17,12,15,27,6,15,21,134,141,275,275,190,0.6909090909090909
2020-05-29,25,22,47,21,13,34,30,23,53,24,26,50,19,13,32,13,14,27,11,5,16,14,9,23,13,16,29,2,4,6,172,145,317,317,256,0.807570977917981
2020-05-30,22,17,39,12,9,21,25,22,47,32,8,40,10,11,21,8,11,19,6,5,11,9,9,18,9,10,19,1,9,10,134,111,245,244,109,0.44672131147540983
2020-05-31,17,12,29,9,8,17,14,6,20,8,10,18,7,4,11,4,6,10,5,4,9,10,5,15,5,8,13,1,8,9,80,71,151,151,80,0.5298013245033113
2020-06-01,24,18,42,12,14,26,18,29,47,24,25,49,12,15,27,10,11,21,18,10,28,12,8,20,6,9,15,5,3,8,141,142,283,283,200,0.7067137809187279
2020-06-02,29,19,48,19,17,36,22,18,40,16,20,36,19,15,34,8,10,18,13,7,20,19,9,28,5,13,18,5,12,17,155,140,295,295,169,0.5728813559322034
2020-06-03,21,13,34,13,21,34,19,24,43,22,21,43,10,14,24,7,8,15,11,11,22,13,10,23,12,16,28,2,10,12,130,148,278,278,153,0.5503597122302158
2020-06-04,23,20,43,13,15,28,24,17,41,14,15,29,10,10,20,17,9,26,9,5,14,17,10,27,10,13,23,3,10,13,140,124,264,263,179,0.6806083650190115
2020-06-05,30,29,59,10,14,24,29,15,44,24,31,55,24,19,43,15,18,33,12,10,22,13,12,25,11,20,31,3,9,12,171,177,348,348,299,0.8591954022988506
2020-06-06,18,19,37,11,7,18,15,11,26,21,18,39,11,10,21,13,6,19,9,9,18,9,9,18,9,16,25,3,9,12,119,114,233,228,158,0.6929824561403509
2020-06-07,10,16,26,12,10,22,16,8,24,11,6,17,12,6,18,9,6,15,6,4,10,8,6,14,9,12,21,3,8,11,96,82,178,175,94,0.5371428571428571
2020-06-08,20,23,43,15,17,32,25,19,44,27,21,48,29,14,43,15,15,30,13,8,21,16,14,30,10,17,27,4,7,11,174,155,329,329,215,0.6534954407294833
2020-06-09,38,20,58,14,19,33,17,23,40,19,24,43,26,18,44,11,6,17,13,5,18,7,13,20,12,25,37,3,11,14,160,164,324,323,198,0.6130030959752322
2020-06-10,16,20,36,10,12,22,34,17,51,21,25,46,21,15,36,18,14,32,12,10,22,19,21,40,6,18,24,6,16,22,163,168,331,331,244,0.7371601208459214
2020-06-11,25,27,52,11,13,24,17,21,38,25,24,49,12,13,25,11,15,26,12,15,27,15,14,29,5,24,29,4,15,19,137,181,318,318,229,0.720125786163522
2020-06-12,28,34,62,8,16,24,37,22,59,36,36,72,25,25,50,14,11,25,19,14,33,14,14,28,6,20,26,4,9,13,191,201,392,392,268,0.6836734693877551
2020-06-13,24,24,48,15,15,30,26,27,53,23,16,39,9,14,23,15,10,25,9,4,13,14,9,23,6,15,21,2,6,8,143,140,283,283,197,0.696113074204947
2020-06-14,17,21,38,15,9,24,16,12,28,14,8,22,13,10,23,8,11,19,9,3,12,3,12,15,13,20,33,1,8,9,109,114,223,223,158,0.7085201793721974
2020-06-15,20,24,44,18,13,31,22,19,41,18,17,35,17,8,25,9,8,17,9,4,13,11,7,18,7,14,21,1,10,11,132,124,256,256,170,0.6640625
2020-06-16,36,43,79,15,17,32,47,26,73,42,23,65,24,20,44,19,13,32,13,10,23,13,7,20,12,22,34,3,14,17,224,195,419,419,241,0.5751789976133651
2020-06-17,27,27,54,17,18,35,32,24,56,30,30,60,28,14,42,21,12,33,13,10,23,7,17,24,17,14,31,2,9,11,194,175,369,369,303,0.8211382113821138
2020-06-18,37,33,70,12,10,22,40,28,68,45,34,79,32,11,43,22,14,36,17,17,34,11,16,27,14,20,34,2,12,14,232,195,427,427,365,0.8548009367681498
2020-06-19,42,23,65,11,20,31,24,16,40,43,20,63,28,26,54,29,15,44,17,12,29,22,13,35,15,19,34,8,12,20,239,176,415,415,422,1.0168674698795181
2020-06-20,27,23,50,11,16,27,27,20,47,31,20,51,17,18,35,11,14,25,13,11,24,11,7,18,7,14,21,3,7,10,158,150,308,308,184,0.5974025974025974
2020-06-21,23,13,36,12,10,22,21,16,37,20,17,37,14,8,22,13,6,19,7,9,16,7,5,12,5,11,16,1,7,8,123,102,225,225,103,0.4577777777777778
2020-06-22,33,32,65,20,18,38,25,32,57,33,18,51,25,18,43,17,23,40,14,15,29,19,12,31,7,18,25,2,12,14,195,198,393,393,289,0.7353689567430025
2020-06-23,38,31,69,21,22,43,37,27,64,43,30,73,27,20,47,15,24,39,13,16,29,9,9,18,11,16,27,4,7,11,218,202,420,420,245,0.5833333333333334
2020-06-24,28,29,57,23,15,38,36,37,73,30,33,63,29,21,50,19,19,38,9,16,25,11,11,22,12,13,25,2,5,7,199,199,398,398,178,0.4472361809045226
2020-06-25,32,41,73,25,28,53,27,25,52,32,25,57,36,25,61,30,21,51,6,9,15,7,12,19,8,12,20,5,6,11,208,204,412,412,266,0.6456310679611651
2020-06-26,31,23,54,25,21,46,42,30,72,31,32,63,26,21,47,16,16,32,15,13,28,9,16,25,9,19,28,2,9,11,206,200,406,406,183,0.45073891625615764
2020-06-27,40,36,76,24,27,51,28,27,55,27,24,51,22,17,39,13,6,19,14,5,19,4,11,15,4,7,11,4,5,9,180,165,345,345,197,0.5710144927536231
2020-06-28,35,18,53,10,12,22,12,25,37,26,20,46,16,16,32,14,12,26,9,5,14,7,7,14,7,10,17,6,7,13,142,132,274,274,137,0.5
2020-06-29,33,39,72,25,24,49,28,19,47,39,23,62,21,16,37,14,22,36,19,9,28,13,15,28,11,12,23,5,9,14,208,188,396,396,230,0.5808080808080808
2020-06-30,20,31,51,8,18,26,34,26,60,28,31,59,26,22,48,16,15,31,18,8,26,17,9,26,9,16,25,2,11,13,178,187,365,365,188,0.5150684931506849
2020-07-01,28,26,54,10,22,32,46,32,78,30,27,57,22,22,44,19,26,45,13,9,22,10,8,18,9,21,30,3,6,9,190,199,389,389,213,0.5475578406169666
2020-07-02,38,36,74,17,19,36,31,32,63,38,33,71,30,23,53,14,20,34,15,8,23,7,12,19,11,11,22,4,4,8,205,198,403,403,157,0.38957816377171217
2020-07-03,40,26,66,28,15,43,30,20,50,36,35,71,23,23,46,16,15,31,16,11,27,9,14,23,8,17,25,5,4,9,211,180,391,391,202,0.5166240409207161
2020-07-04,24,30,54,15,16,31,25,29,54,27,19,46,24,15,39,14,10,24,12,5,17,8,13,21,5,10,15,3,6,9,157,153,310,310,141,0.45483870967741935
2020-07-05,19,24,43,18,9,27,21,23,44,24,23,47,7,20,27,15,15,30,17,13,30,14,12,26,9,13,22,3,9,12,147,161,308,308,150,0.487012987012987
2020-07-06,17,24,41,17,13,30,29,34,63,34,20,54,29,22,51,23,18,41,18,22,40,17,24,41,10,21,31,3,9,12,197,207,404,404,130,0.3217821782178218
2020-07-07,31,46,77,14,19,33,39,28,67,37,29,66,22,28,50,25,14,39,15,15,30,11,12,23,10,20,30,7,11,18,211,222,433,433,177,0.40877598152424943
2020-07-08,33,19,52,22,19,41,43,31,74,31,30,61,34,34,68,21,21,42,15,17,32,14,20,34,12,15,27,4,14,18,229,220,449,449,200,0.44543429844098
2020-07-09,24,17,41,15,10,25,24,23,47,30,20,50,22,19,41,11,11,22,7,16,23,8,22,30,4,14,18,6,8,14,151,160,311,311,122,0.39228295819935693
2020-07-10,19,17,36,18,14,32,25,20,45,28,19,47,19,20,39,12,12,24,13,15,28,16,11,27,12,15,27,2,10,12,164,153,317,317,115,0.3627760252365931
2020-07-11,20,26,46,14,9,23,17,20,37,20,22,42,19,15,34,16,15,31,16,11,27,13,15,28,4,17,21,2,9,11,141,159,300,300,134,0.44666666666666666
2020-07-12,17,15,32,14,7,21,16,16,32,17,11,28,13,8,21,7,9,16,9,9,18,9,5,14,7,11,18,4,7,11,113,98,211,211,80,0.3791469194312796
2020-07-13,24,30,54,17,21,38,38,27,65,31,32,63,30,26,56,24,28,52,30,22,52,17,28,45,12,45,57,2,23,25,225,282,507,507,304,0.5996055226824457
2020-07-14,28,29,57,23,12,35,31,22,53,49,30,79,32,23,55,25,9,34,21,22,43,16,26,42,6,17,23,7,14,21,238,204,442,442,198,0.4479638009049774
2020-07-15,26,27,53,28,17,45,28,43,71,46,39,85,32,36,68,22,26,48,22,21,43,10,14,24,14,17,31,8,5,13,236,245,481,481,209,0.43451143451143454
2020-07-16,34,18,52,15,26,41,35,40,75,40,28,68,30,30,60,26,26,52,13,14,27,14,15,29,18,30,48,2,18,20,227,245,472,472,275,0.5826271186440678
2020-07-17,34,29,63,21,11,32,25,27,52,36,39,75,34,37,71,27,30,57,22,27,49,18,13,31,15,21,36,4,10,14,236,244,480,480,237,0.49375
2020-07-18,22,23,45,14,11,25,30,28,58,28,34,62,24,22,46,26,16,42,22,17,39,9,10,19,14,21,35,2,5,7,191,187,378,378,213,0.5634920634920635
2020-07-19,25,26,51,9,14,23,21,21,42,21,19,40,18,15,33,20,19,39,11,10,21,12,8,20,9,16,25,3,6,9,149,154,303,303,101,0.3333333333333333
2020-07-20,41,35,76,32,26,58,49,35,84,43,43,86,37,50,87,30,34,64,22,28,50,20,19,39,19,23,42,3,12,15,296,305,601,601,209,0.34775374376039936
2020-07-21,32,30,62,21,18,39,39,34,73,50,24,74,37,28,65,29,26,55,26,26,52,19,23,42,14,23,37,5,11,16,272,243,515,515,203,0.3941747572815534
2020-07-22,50,31,81,19,19,38,51,34,85,48,48,96,47,30,77,20,24,44,13,21,34,20,16,36,14,29,43,1,9,10,283,261,544,544,202,0.3713235294117647
2020-07-23,38,35,73,24,16,40,43,41,84,40,40,80,27,23,50,28,19,47,16,20,36,16,22,38,8,19,27,6,11,17,246,246,492,492,287,0.5833333333333334
2020-07-24,26,29,55,18,20,38,43,42,85,42,44,86,28,31,59,31,16,47,30,14,44,11,18,29,9,26,35,3,13,16,241,253,494,494,243,0.49190283400809715
2020-07-25,27,21,48,21,11,32,34,26,60,32,33,65,28,21,49,12,8,20,13,12,25,10,12,22,11,16,27,5,4,9,193,164,357,357,196,0.5490196078431373
2020-07-26,22,21,43,12,13,25,15,15,30,21,22,43,25,12,37,17,12,29,10,8,18,13,8,21,6,15,21,6,7,13,147,133,280,280,127,0.45357142857142857
2020-07-27,25,31,56,22,23,45,45,31,76,40,34,74,43,42,85,26,33,59,18,24,42,16,21,37,17,21,38,5,18,23,257,278,535,535,242,0.4523364485981308
2020-07-28,34,27,61,19,17,36,53,44,97,49,33,82,37,32,69,32,32,64,29,26,55,13,26,39,12,20,32,5,18,23,283,275,558,558,234,0.41935483870967744
2020-07-29,29,35,64,20,27,47,51,38,89,43,40,83,43,36,79,29,37,66,19,26,45,22,21,43,16,30,46,6,23,29,278,313,591,591,222,0.3756345177664975
2020-07-30,39,31,70,28,30,58,72,50,122,56,48,104,46,30,76,33,31,64,22,31,53,14,18,32,7,18,25,2,6,8,319,293,612,612,274,0.4477124183006536
2020-07-31,31,41,72,17,20,37,40,48,88,63,49,112,41,32,73,34,23,57,22,31,53,17,25,42,11,27,38,5,18,23,281,314,595,595,265,0.44537815126050423
2020-08-01,25,19,44,11,19,30,26,30,56,27,28,55,25,33,58,22,22,44,19,8,27,15,15,30,12,21,33,1,11,12,183,206,389,389,194,0.4987146529562982
2020-08-02,27,21,48,12,13,25,25,15,40,26,31,57,17,25,42,12,23,35,11,15,26,6,18,24,10,13,23,2,7,9,148,181,329,329,128,0.3890577507598784
2020-08-03,39,41,80,23,22,45,41,41,82,48,35,83,33,28,61,25,27,52,26,17,43,10,20,30,12,30,42,3,14,17,260,275,535,535,272,0.508411214953271
2020-08-04,36,30,66,26,28,54,55,29,84,53,39,92,48,32,80,33,26,59,26,17,43,16,19,35,17,29,46,5,17,22,315,266,581,581,263,0.45266781411359724
2020-08-05,38,37,75,31,22,53,47,30,77,40,44,84,29,32,61,31,30,61,25,22,47,18,17,35,16,21,37,3,7,10,278,262,540,540,354,0.6555555555555556
2020-08-06,33,24,57,19,26,45,47,46,93,40,45,85,51,37,88,31,32,63,23,18,41,16,18,34,16,23,39,5,12,17,281,281,562,561,313,0.5579322638146168
2020-08-07,48,34,82,27,22,49,47,36,83,40,38,78,37,46,83,30,20,50,18,23,41,17,23,40,14,37,51,4,21,25,282,300,582,582,245,0.4209621993127148
2020-08-08,30,28,58,14,15,29,27,28,55,47,43,90,22,30,52,28,27,55,19,18,37,14,25,39,11,16,27,1,19,20,213,249,462,462,146,0.31601731601731603
2020-08-09,24,26,50,10,10,20,25,24,49,32,23,55,20,32,52,24,26,50,20,15,35,13,22,35,13,38,51,4,18,22,185,234,419,419,151,0.360381861575179
2020-08-10,39,33,72,23,22,45,58,45,103,53,32,85,41,39,80,30,33,63,19,14,33,16,23,39,14,20,34,4,11,15,297,272,569,569,211,0.37082601054481545
2020-08-11,33,33,66,33,20,53,51,40,91,72,46,118,46,36,82,32,30,62,26,17,43,22,31,53,15,28,43,6,12,18,336,293,629,629,255,0.40540540540540543
2020-08-12,32,36,68,29,15,44,46,47,93,39,67,106,43,44,87,27,31,58,26,22,48,15,23,38,12,21,33,5,16,21,274,322,596,596,218,0.36577181208053694
2020-08-13,20,30,50,31,21,52,57,51,108,65,63,128,45,38,83,37,35,72,21,24,45,26,16,42,10,24,34,4,15,19,316,317,633,633,209,0.330173775671406
2020-08-14,23,25,48,19,17,36,63,52,115,54,51,105,54,36,90,36,34,70,27,22,49,20,31,51,13,21,34,3,12,15,312,301,613,613,239,0.3898858075040783
2020-08-15,37,21,58,26,13,39,29,38,67,43,45,88,21,36,57,23,28,51,22,18,40,14,28,42,10,41,51,4,17,21,229,285,514,514,693,1.3482490272373542
2020-08-16,31,15,46,11,7,18,34,31,65,27,27,54,18,24,42,19,18,37,10,17,27,12,13,25,11,30,41,4,21,25,177,203,380,379,156,0.41160949868073876
2020-08-17,21,15,36,20,18,38,38,33,71,38,42,80,31,33,64,27,35,62,12,32,44,11,13,24,9,17,26,0,15,15,207,253,460,460,180,0.391304347826087
2020-08-18,38,35,73,26,12,38,41,39,80,55,47,102,43,35,78,24,45,69,19,31,50,23,26,49,9,18,27,0,18,18,278,306,584,585,184,0.3145299145299145
2020-08-19,38,33,71,22,23,45,37,51,88,56,49,105,32,39,71,32,25,57,19,25,44,17,26,43,11,36,47,4,18,22,268,325,593,593,201,0.33895446880269814
2020-08-20,24,24,48,20,16,36,45,43,88,39,45,84,28,43,71,29,24,53,22,30,52,12,19,31,15,23,38,3,12,15,237,279,516,516,217,0.42054263565891475
2020-08-21,26,37,63,26,21,47,38,40,78,47,46,93,45,40,85,34,44,78,29,26,55,22,36,58,14,33,47,5,10,15,286,333,619,619,263,0.42487883683360256
2020-08-22,14,16,30,24,18,42,28,26,54,29,38,67,33,29,62,17,20,37,21,19,40,11,19,30,8,13,21,3,14,17,188,212,400,400,179,0.4475
2020-08-23,21,29,50,11,12,23,22,14,36,31,27,58,22,18,40,23,22,45,15,16,31,9,22,31,11,7,18,5,4,9,170,171,341,341,108,0.31671554252199413
2020-08-24,39,42,81,19,20,39,38,47,85,51,40,91,35,39,74,41,27,68,21,29,50,16,23,39,16,22,38,6,19,25,282,308,590,590,232,0.39322033898305087
2020-08-25,24,26,50,23,17,40,44,55,99,53,60,113,30,32,62,27,32,59,19,27,46,13,19,32,16,28,44,6,17,23,255,313,568,568,223,0.3926056338028169
2020-08-26,43,20,63,25,24,49,59,47,106,57,43,100,39,40,79,31,34,65,28,18,46,20,26,46,16,26,42,3,16,19,321,294,615,616,229,0.3717532467532468
2020-08-27,35,28,63,31,26,57,58,55,113,56,45,101,51,46,97,34,34,68,20,30,50,24,25,49,16,27,43,5,25,30,330,341,671,671,226,0.33681073025335323
2020-08-28,34,31,65,39,20,59,67,62,129,54,58,112,51,48,99,41,52,93,22,28,50,24,27,51,11,20,31,6,10,16,349,356,705,705,309,0.43829787234042555
2020-08-29,26,14,40,10,12,22,50,38,88,37,59,96,42,39,81,23,21,44,26,17,43,16,18,34,8,24,32,3,16,19,241,258,499,499,267,0.5350701402805611
2020-08-30,23,25,48,20,17,37,27,30,57,39,32,71,33,30,63,22,20,42,14,17,31,8,15,23,9,8,17,3,5,8,198,199,397,397,114,0.2871536523929471
2020-08-31,35,21,56,23,16,39,45,44,89,49,50,99,43,46,89,25,31,56,28,31,59,26,22,48,19,36,55,2,16,18,295,313,608,608,324,0.5328947368421053
2020-09-01,37,30,67,19,34,53,50,45,95,75,60,135,54,33,87,31,43,74,20,18,38,16,22,38,15,44,59,7,13,20,324,342,666,665,258,0.3879699248120301
2020-09-02,30,15,45,19,15,34,32,53,85,31,56,87,41,31,72,28,30,58,16,23,39,25,23,48,16,26,42,3,30,33,241,302,543,543,268,0.49355432780847147
2020-09-03,29,29,58,25,22,47,54,58,112,70,67,137,52,39,91,34,25,59,20,29,49,19,22,41,12,28,40,4,9,13,319,328,647,648,267,0.41203703703703703
2020-09-04,31,33,64,22,20,42,50,50,100,55,57,112,52,52,104,28,33,61,28,37,65,24,21,45,13,29,42,3,15,18,306,347,653,653,304,0.4655436447166922
2020-09-05,20,21,41,15,11,26,40,36,76,41,53,94,35,40,75,22,24,46,24,26,50,17,16,33,15,20,35,3,7,10,232,254,486,486,292,0.6008230452674898
2020-09-06,20,19,39,12,16,28,17,33,50,30,24,54,26,22,48,16,24,40,16,20,36,10,19,29,12,16,28,2,10,12,161,203,364,364,151,0.41483516483516486
2020-09-07,27,25,52,18,23,41,56,52,108,57,52,109,43,48,91,25,43,68,34,24,58,15,23,38,12,29,41,7,15,22,294,334,628,629,261,0.4149443561208267
2020-09-08,31,27,58,25,26,51,49,40,89,63,62,125,39,44,83,45,38,83,27,33,60,25,25,50,18,26,44,7,21,28,329,342,671,671,313,0.46646795827123694
2020-09-09,35,25,60,15,22,37,54,44,98,45,39,84,45,37,82,30,36,66,29,33,62,20,29,49,14,35,49,1,20,21,288,320,608,608,301,0.49506578947368424
2020-09-10,25,18,43,29,19,48,64,57,121,63,65,128,58,48,106,33,32,65,25,24,49,22,19,41,10,33,43,2,16,18,331,331,662,662,334,0.5045317220543807
2020-09-11,27,28,55,32,21,53,50,40,90,48,57,105,40,42,82,37,53,90,35,27,62,24,27,51,16,23,39,3,9,12,312,327,639,639,291,0.45539906103286387
2020-09-12,25,19,44,15,17,32,29,31,60,30,38,68,20,30,50,25,32,57,21,23,44,19,23,42,12,30,42,2,15,17,198,258,456,456,221,0.48464912280701755
2020-09-13,28,22,50,7,11,18,22,33,55,32,39,71,20,21,41,25,20,45,24,20,44,10,11,21,5,15,20,4,9,13,177,201,378,378,138,0.36507936507936506
2020-09-14,31,26,57,22,19,41,50,64,114,48,56,104,35,40,75,45,33,78,36,32,68,26,26,52,17,16,33,2,10,12,312,322,634,634,273,0.4305993690851735
2020-09-15,32,24,56,16,13,29,49,33,82,55,69,124,37,34,71,27,37,64,27,29,56,23,29,52,14,26,40,2,13,15,282,307,589,589,309,0.5246179966044142
2020-09-16,37,35,72,34,30,64,62,62,124,51,65,116,51,47,98,31,40,71,23,34,57,26,18,44,14,29,43,4,9,13,333,369,702,702,237,0.33760683760683763
2020-09-17,27,23,50,24,36,60,48,43,91,51,47,98,46,52,98,45,50,95,37,30,67,27,28,55,15,17,32,3,4,7,323,330,653,653,299,0.45788667687595713
2020-09-18,38,40,78,18,26,44,42,48,90,65,71,136,38,45,83,32,39,71,24,38,62,29,26,55,13,23,36,3,11,14,302,367,669,669,286,0.42750373692077726
2020-09-19,12,32,44,9,22,31,26,24,50,30,37,67,25,18,43,19,18,37,23,20,43,19,20,39,12,17,29,4,7,11,179,215,394,394,197,0.5
2020-09-20,19,23,42,21,18,39,27,29,56,32,21,53,21,24,45,17,21,38,7,16,23,17,15,32,4,17,21,4,8,12,169,192,361,362,91,0.2513812154696133
2020-09-21,29,32,61,21,31,52,44,38,82,52,60,112,37,48,85,32,23,55,24,29,53,26,26,52,10,14,24,1,11,12,276,312,588,588,251,0.4268707482993197
2020-09-22,38,35,73,29,26,55,49,53,102,48,54,102,50,29,79,40,41,81,31,23,54,25,28,53,10,32,42,3,13,16,323,334,657,659,236,0.3581183611532625
2020-09-23,37,32,69,17,19,36,33,47,80,45,50,95,37,41,78,26,36,62,30,30,60,19,29,48,11,22,33,2,12,14,257,318,575,575,207,0.36
2020-09-24,41,38,79,32,26,58,55,46,101,63,57,120,42,35,77,33,31,64,10,44,54,18,28,46,20,23,43,9,22,31,323,350,673,673,238,0.3536404160475483
2020-09-25,33,24,57,24,15,39,44,51,95,48,51,99,45,38,83,27,34,61,31,35,66,22,23,45,18,23,41,0,9,9,292,303,595,595,300,0.5042016806722689
2020-09-26,19,17,36,21,11,32,28,24,52,36,30,66,30,33,63,21,32,53,17,20,37,17,16,33,10,17,27,5,8,13,204,208,412,412,166,0.4029126213592233
2020-09-27,19,23,42,13,20,33,35,42,77,23,25,48,33,24,57,22,18,40,17,21,38,7,16,23,8,12,20,3,7,10,180,208,388,388,138,0.3556701030927835
2020-09-28,29,24,53,20,15,35,42,41,83,51,51,102,51,34,85,39,44,83,38,22,60,17,28,45,17,21,38,4,20,24,308,300,608,608,255,0.4194078947368421
2020-09-29,41,32,73,22,25,47,68,47,115,69,69,138,57,48,105,32,31,63,36,41,77,28,42,70,22,37,59,3,25,28,378,397,775,775,218,0.2812903225806452
2020-09-30,35,28,63,24,24,48,54,57,111,53,54,107,39,32,71,40,38,78,35,42,77,26,24,50,9,21,30,5,11,16,320,331,651,651,265,0.40706605222734255
2020-10-01,37,38,75,22,41,63,54,66,120,63,68,131,36,49,85,39,34,73,40,31,71,26,42,68,14,18,32,3,11,14,334,398,732,732,284,0.3879781420765027
2020-10-02,46,43,89,27,25,52,50,69,119,48,58,106,34,50,84,39,30,69,39,33,72,24,33,57,14,33,47,4,19,23,325,393,718,718,364,0.5069637883008357
2020-10-03,16,21,37,17,22,39,40,38,78,36,36,72,26,25,51,30,24,54,14,20,34,18,17,35,8,17,25,3,8,11,208,228,436,436,199,0.45642201834862384
2020-10-04,26,26,52,17,21,38,28,33,61,24,25,49,32,28,60,18,18,36,19,20,39,10,15,25,11,25,36,3,3,6,188,214,402,402,174,0.43283582089552236
2020-10-05,22,29,51,23,25,48,47,40,87,69,56,125,65,41,106,47,40,87,43,30,73,28,37,65,18,23,41,3,7,10,365,328,693,693,314,0.4531024531024531
2020-10-06,30,42,72,28,23,51,55,42,97,58,49,107,66,36,102,44,36,80,30,32,62,29,33,62,18,27,45,6,11,17,364,331,695,695,252,0.36258992805755397
2020-10-07,38,26,64,18,22,40,54,55,109,64,66,130,45,52,97,31,45,76,31,41,72,29,29,58,18,29,47,9,7,16,337,372,709,709,244,0.3441466854724965
2020-10-08,36,31,67,24,25,49,53,55,108,50,49,99,48,46,94,38,46,84,25,28,53,20,32,52,16,20,36,5,17,22,315,349,664,664,292,0.4397590361445783
2020-10-09,28,39,67,45,32,77,37,58,95,63,69,132,49,49,98,30,42,72,34,42,76,21,34,55,13,28,41,3,14,17,323,407,730,730,406,0.5561643835616439
2020-10-10,20,25,45,28,19,47,45,40,85,49,37,86,30,33,63,26,38,64,33,30,63,14,22,36,14,21,35,9,13,22,268,278,546,546,321,0.5879120879120879
2020-10-11,25,20,45,13,15,28,29,43,72,38,44,82,41,28,69,24,21,45,30,32,62,19,26,45,16,23,39,0,11,11,235,263,498,499,287,0.5751503006012024
2020-10-12,20,24,44,32,20,52,55,65,120,52,60,112,44,47,91,41,51,92,47,29,76,35,38,73,22,39,61,2,16,18,350,389,739,739,292,0.395128552097429
2020-10-13,44,39,83,37,28,65,78,71,149,77,96,173,57,70,127,63,69,132,45,44,89,35,46,81,26,46,72,10,26,36,472,535,1007,1007,366,0.3634558093346574
2020-10-14,42,32,74,21,40,61,69,80,149,82,87,169,51,64,115,46,51,97,45,46,91,41,49,90,20,31,51,1,22,23,418,502,920,920,407,0.4423913043478261
2020-10-15,42,33,75,34,39,73,74,76,150,95,100,195,75,76,151,65,63,128,53,55,108,27,52,79,19,34,53,9,15,24,493,543,1036,1036,365,0.35231660231660233
2020-10-16,54,36,90,36,44,80,97,116,213,99,81,180,91,74,165,56,67,123,48,54,102,31,52,83,23,44,67,3,33,36,538,601,1139,1139,465,0.40825285338015804
2020-10-17,20,20,40,20,27,47,68,48,116,67,75,142,51,60,111,35,37,72,33,47,80,32,40,72,11,35,46,3,14,17,340,403,743,743,350,0.47106325706594887
2020-10-18,22,21,43,17,17,34,34,35,69,42,59,101,27,36,63,37,26,63,25,24,49,19,29,48,8,36,44,1,13,14,232,296,528,528,280,0.5303030303030303
2020-10-19,63,43,106,33,40,73,85,104,189,95,104,199,107,91,198,66,69,135,68,62,130,49,62,111,22,41,63,3,17,20,591,633,1224,1225,619,0.5053061224489795
2020-10-20,46,52,98,40,40,80,100,98,198,92,88,180,77,95,172,72,78,150,59,51,110,32,51,83,33,44,77,1,25,26,552,622,1174,1174,781,0.6652470187393527
2020-10-21,35,26,61,55,35,90,70,92,162,80,78,158,68,60,128,56,48,104,47,40,87,29,37,66,19,37,56,3,15,18,462,468,930,930,549,0.5903225806451613
2020-10-22,36,28,64,36,52,88,68,69,137,73,76,149,62,79,141,49,58,107,34,42,76,26,29,55,22,36,58,7,19,26,413,488,901,901,626,0.6947835738068813
2020-10-23,27,25,52,29,24,53,55,56,111,56,68,124,45,62,107,36,38,74,35,47,82,36,38,74,22,18,40,5,24,29,346,400,746,746,582,0.7801608579088471
2020-10-24,17,23,40,15,22,37,45,29,74,44,42,86,38,33,71,24,28,52,17,24,41,24,24,48,9,23,32,4,13,17,237,261,498,498,444,0.891566265060241
2020-10-25,34,24,58,13,21,34,51,45,96,46,64,110,40,39,79,33,40,73,29,29,58,22,27,49,8,18,26,4,4,8,280,311,591,591,551,0.9323181049069373
2020-10-26,37,30,67,49,29,78,60,61,121,83,80,163,61,74,135,45,68,113,35,44,79,33,43,76,15,44,59,6,19,25,424,492,916,916,801,0.8744541484716157
2020-10-27,37,35,72,36,23,59,79,84,163,75,68,143,84,65,149,60,68,128,56,69,125,37,45,82,17,27,44,3,7,10,484,491,975,975,824,0.8451282051282051
2020-10-28,36,36,72,27,24,51,54,70,124,66,81,147,46,62,108,50,54,104,52,35,87,27,34,61,12,33,45,3,14,17,373,443,816,816,678,0.8308823529411765
2020-10-29,30,30,60,26,20,46,87,65,152,85,76,161,58,64,122,39,45,84,47,46,93,24,30,54,15,25,40,3,9,12,414,410,824,824,815,0.9890776699029126
2020-10-30,33,24,57,23,30,53,60,86,146,69,65,134,57,55,112,41,48,89,39,50,89,23,30,53,17,30,47,5,17,22,367,435,802,802,621,0.7743142144638404
2020-10-31,25,17,42,18,17,35,38,38,76,36,53,89,31,37,68,31,31,62,27,35,62,17,22,39,7,15,22,3,4,7,233,269,502,502,415,0.8266932270916335
2020-11-01,30,24,54,20,34,54,42,49,91,49,56,105,53,35,88,37,48,85,29,39,68,23,21,44,10,19,29,4,8,12,297,333,630,630,536,0.8507936507936508
2020-11-02,33,38,71,34,35,69,62,75,137,92,73,165,57,63,120,55,49,104,51,52,103,32,30,62,17,21,38,2,12,14,435,448,883,883,709,0.8029445073612684
2020-11-03,29,25,54,21,22,43,52,69,121,60,54,114,48,34,82,40,37,77,39,35,74,27,26,53,17,32,49,3,13,16,336,347,683,683,495,0.7247437774524158
2020-11-04,34,37,71,31,31,62,72,85,157,77,82,159,78,81,159,51,57,108,58,50,108,35,35,70,19,39,58,10,13,23,465,510,975,976,561,0.5747950819672131
2020-11-05,40,38,78,52,44,96,99,78,177,93,90,183,84,74,158,66,72,138,37,50,87,32,34,66,19,28,47,2,13,15,524,521,1045,1045,677,0.6478468899521531
2020-11-06,22,29,51,21,32,53,47,52,99,50,59,109,34,32,66,42,45,87,32,45,77,30,38,68,13,29,42,3,8,11,294,369,663,663,551,0.8310708898944194
2020-11-07,26,24,50,20,24,44,38,45,83,45,64,109,38,39,77,35,39,74,38,38,76,26,29,55,19,20,39,7,5,12,292,327,619,619,468,0.7560581583198708
2020-11-08,32,41,73,28,28,56,52,43,95,43,61,104,43,49,92,28,34,62,36,34,70,25,27,52,11,15,26,4,4,8,302,336,638,638,534,0.8369905956112853
2020-11-09,45,47,92,53,27,80,64,71,135,76,98,174,61,67,128,55,57,112,44,55,99,22,36,58,23,36,59,4,9,13,447,503,950,950,741,0.78
2020-11-10,32,27,59,30,27,57,62,55,117,62,64,126,48,45,93,41,46,87,58,38,96,32,33,65,19,30,49,4,11,15,388,376,764,764,500,0.6544502617801047
2020-11-11,36,32,68,21,28,49,57,69,126,75,75,150,62,57,119,46,54,100,41,38,79,30,32,62,21,32,53,4,19,23,393,436,829,829,579,0.6984318455971049
2020-11-12,47,30,77,30,31,61,61,76,137,86,74,160,70,60,130,60,36,96,36,61,97,34,42,76,19,35,54,3,11,14,446,456,902,902,592,0.656319290465632
2020-11-13,37,26,63,39,25,64,65,79,144,63,71,134,56,57,113,50,47,97,48,53,101,35,37,72,20,33,53,4,14,18,417,442,859,859,573,0.6670547147846333
2020-11-14,45,32,77,26,23,49,39,50,89,61,62,123,37,47,84,29,35,64,37,20,57,24,31,55,8,20,28,4,4,8,310,324,634,634,458,0.722397476340694
2020-11-15,38,35,73,22,16,38,53,64,117,54,47,101,48,46,94,39,47,86,40,37,77,20,25,45,8,24,32,1,14,15,323,355,678,678,505,0.7448377581120944
2020-11-16,36,42,78,36,31,67,54,50,104,63,69,132,66,51,117,33,48,81,39,43,82,28,36,64,18,27,45,5,21,26,378,418,796,796,496,0.6231155778894473
2020-11-17,35,41,76,37,27,64,72,77,149,90,87,177,68,65,133,47,53,100,60,66,126,40,48,88,8,36,44,2,9,11,459,509,968,968,650,0.6714876033057852
2020-11-18,37,37,74,42,39,81,76,69,145,90,86,176,65,57,122,51,43,94,40,39,79,39,41,80,15,40,55,3,9,12,458,460,918,918,636,0.6928104575163399
2020-11-19,38,25,63,45,34,79,73,74,147,78,87,165,53,57,110,48,60,108,51,52,103,36,32,68,19,34,53,4,11,15,445,466,911,911,652,0.7156970362239298
2020-11-20,35,33,68,29,34,63,67,64,131,84,70,154,49,48,97,44,44,88,49,47,96,26,26,52,17,26,43,5,7,12,405,399,804,804,605,0.7524875621890548
2020-11-21,28,25,53,24,20,44,47,39,86,49,53,102,45,39,84,28,38,66,33,29,62,22,19,41,7,11,18,3,10,13,286,283,569,569,503,0.8840070298769771
2020-11-22,28,22,50,21,19,40,47,40,87,33,48,81,42,36,78,20,20,40,21,41,62,21,14,35,8,19,27,1,7,8,242,266,508,508,391,0.7696850393700787
2020-11-23,46,36,82,25,23,48,52,53,105,54,57,111,51,38,89,39,36,75,35,39,74,18,27,45,15,27,42,7,13,20,342,349,691,691,551,0.7973950795947902
2020-11-24,33,42,75,37,33,70,64,55,119,87,69,156,62,54,116,43,47,90,43,42,85,30,39,69,23,34,57,3,6,9,425,421,846,846,667,0.7884160756501182
2020-11-25,44,41,85,39,36,75,68,67,135,79,81,160,61,56,117,45,38,83,46,39,85,21,29,50,19,25,44,5,9,14,427,421,848,848,580,0.6839622641509434
2020-11-26,34,35,69,38,35,73,73,80,153,80,90,170,47,62,109,57,51,108,55,41,96,30,43,73,14,31,45,9,11,20,437,479,916,916,664,0.7248908296943232
2020-11-27,15,29,44,23,20,43,61,70,131,57,64,121,47,37,84,47,40,87,31,36,67,27,28,55,11,31,42,6,6,12,325,361,686,686,491,0.7157434402332361
2020-11-28,43,24,67,21,21,42,56,49,105,41,56,97,37,48,85,45,36,81,19,32,51,19,26,45,10,28,38,2,4,6,293,324,617,617,432,0.700162074554295
2020-11-29,33,30,63,13,25,38,60,60,120,54,67,121,53,38,91,35,29,64,34,37,71,17,26,43,16,12,28,2,7,9,317,331,648,648,501,0.7731481481481481
2020-11-30,44,31,75,42,30,72,96,98,194,90,87,177,86,66,152,46,59,105,57,55,112,32,45,77,18,32,50,8,10,18,519,513,1032,1031,723,0.7012609117361784
2020-12-01,29,41,70,24,36,60,91,78,169,69,85,154,63,68,131,33,44,77,43,61,104,37,37,74,19,31,50,2,4,6,410,485,895,895,581,0.6491620111731844
2020-12-02,20,19,39,24,17,41,51,57,108,46,69,115,54,50,104,31,34,65,23,28,51,29,27,56,14,18,32,6,9,15,298,328,626,626,261,0.4169329073482428
2020-12-03,27,39,66,35,27,62,61,100,161,86,99,185,67,65,132,46,47,93,50,57,107,30,29,59,12,20,32,3,11,14,417,494,911,911,216,0.23710208562019758
2020-12-04,29,31,60,31,41,72,68,59,127,72,69,141,68,66,134,54,57,111,48,51,99,35,37,72,17,28,45,7,10,17,429,449,878,878,287,0.32687927107061504
2020-12-05,27,26,53,26,31,57,59,53,112,65,53,118,41,34,75,29,31,60,24,21,45,17,19,36,11,19,30,4,7,11,303,294,597,597,320,0.5360134003350083
2020-12-06,20,23,43,31,16,47,49,43,92,43,40,83,32,48,80,21,29,50,27,27,54,25,28,53,15,14,29,1,4,5,264,272,536,536,206,0.3843283582089552
2020-12-07,17,35,52,30,21,51,55,61,116,67,59,126,41,50,91,37,42,79,26,29,55,20,36,56,11,18,29,4,6,10,308,357,665,665,184,0.27669172932330827
2020-12-08,30,33,63,16,26,42,56,57,113,56,63,119,36,32,68,47,42,89,31,31,62,17,30,47,7,19,26,5,4,9,301,337,638,639,186,0.29107981220657275
2020-12-09,33,26,59,27,32,59,86,92,178,95,100,195,80,61,141,83,74,157,71,75,146,44,53,97,14,33,47,2,17,19,535,563,1098,1098,361,0.32877959927140255
2020-12-10,40,39,79,48,50,98,98,96,194,100,128,228,81,86,167,88,89,177,77,72,149,42,26,68,15,38,53,7,10,17,596,634,1230,1230,266,0.216260162601626
2020-12-11,27,40,67,41,35,76,103,103,206,119,116,235,88,88,176,80,90,170,76,91,167,43,41,84,17,27,44,1,8,9,595,639,1234,1234,252,0.20421393841166938
2020-12-12,26,33,59,43,29,72,84,79,163,92,107,199,87,83,170,77,59,136,45,84,129,36,50,86,11,23,34,2,8,10,503,555,1058,1058,278,0.2627599243856333
2020-12-13,31,26,57,29,40,69,65,72,137,86,92,178,69,76,145,80,60,140,58,44,102,32,25,57,10,21,31,6,4,10,466,460,926,926,168,0.18142548596112312
2020-12-14,48,38,86,40,41,81,99,107,206,115,104,219,85,100,185,85,85,170,69,88,157,48,54,102,18,29,47,9,12,21,616,658,1274,1274,298,0.23390894819466249
2020-12-15,34,37,71,45,42,87,85,86,171,113,116,229,84,75,159,84,94,178,84,87,171,44,40,84,10,18,28,1,12,13,584,607,1191,1192,266,0.2231543624161074
2020-12-16,21,31,52,46,50,96,109,132,241,158,157,315,92,123,215,113,92,205,105,99,204,55,62,117,20,21,41,4,11,15,723,778,1501,1501,324,0.21585609593604263
2020-12-17,42,44,86,53,40,93,105,119,224,158,163,321,127,131,258,91,92,183,55,82,137,42,34,76,9,22,31,3,7,10,685,734,1419,1419,319,0.2248062015503876
2020-12-18,52,38,90,68,67,135,135,134,269,153,179,332,137,133,270,113,109,222,122,119,241,86,67,153,16,48,64,5,7,12,887,901,1788,1788,415,0.23210290827740493
2020-12-19,39,32,71,50,50,100,102,120,222,182,164,346,108,104,212,94,94,188,89,109,198,44,58,102,15,27,42,3,4,7,726,762,1488,1488,372,0.25
2020-12-20,32,46,78,59,58,117,114,117,231,171,165,336,121,126,247,107,109,216,101,103,204,47,49,96,11,13,24,3,7,10,766,793,1559,1559,212,0.13598460551635663
2020-12-21,50,48,98,78,49,127,149,141,290,178,202,380,162,134,296,110,118,228,114,130,244,61,72,133,11,35,46,5,6,11,918,935,1853,1853,322,0.1737722611980572
2020-12-22,45,53,98,76,71,147,162,155,317,196,206,402,166,162,328,123,116,239,142,137,279,69,51,120,17,29,46,4,5,9,1000,985,1985,1985,345,0.17380352644836272
2020-12-23,48,54,102,76,63,139,160,156,316,216,202,418,141,165,306,130,108,238,104,117,221,54,55,109,21,37,58,5,14,19,955,971,1926,1926,379,0.1967808930425753
2020-12-24,31,33,64,41,48,89,98,94,192,151,110,261,99,87,186,67,69,136,58,69,127,40,30,70,4,21,25,3,5,8,592,566,1158,1158,281,0.24265975820379965
2020-12-25,11,15,26,12,11,23,30,18,48,31,37,68,27,16,43,19,24,43,14,18,32,14,5,19,7,13,20,3,4,7,168,161,329,329,199,0.6048632218844985
2020-12-26,47,37,84,77,84,161,124,138,262,209,187,396,121,153,274,110,112,222,70,86,156,39,54,93,18,32,50,1,12,13,816,895,1711,1711,348,0.2033898305084746
2020-12-27,29,26,55,85,70,155,129,107,236,202,155,357,171,152,323,119,131,250,108,109,217,44,65,109,22,34,56,3,12,15,912,861,1773,1773,192,0.10829103214890017
2020-12-28,58,43,101,103,101,204,190,191,381,307,289,596,206,206,412,172,169,341,122,151,273,57,74,131,24,46,70,4,17,21,1243,1287,2530,2530,379,0.14980237154150197
2020-12-29,44,45,89,89,92,181,194,188,382,231,209,440,188,170,358,136,124,260,104,129,233,63,67,130,24,47,71,7,11,18,1080,1082,2162,2162,324,0.1498612395929695
2020-12-30,48,36,84,104,109,213,196,156,352,267,246,513,179,182,361,147,176,323,117,118,235,61,73,134,24,37,61,4,11,15,1147,1144,2291,2290,487,0.2126637554585153
2020-12-31,28,28,56,64,68,132,142,109,251,152,181,333,128,140,268,89,76,165,52,68,120,29,42,71,11,29,40,0,8,8,695,749,1444,1444,308,0.21329639889196675
2021-01-01,14,11,25,15,22,37,23,28,51,33,38,71,32,24,56,21,30,51,15,18,33,12,15,27,5,16,21,1,4,5,171,206,377,377,145,0.38461538461538464
2021-01-02,47,30,77,60,69,129,133,133,266,185,169,354,130,126,256,99,131,230,121,108,229,52,58,110,14,35,49,3,8,11,844,867,1711,1711,338,0.19754529514903565
2021-01-03,31,30,61,110,83,193,183,186,369,244,255,499,185,225,410,149,180,329,141,141,282,63,84,147,16,29,45,3,6,9,1125,1219,2344,2344,251,0.10708191126279863
2021-01-04,47,46,93,96,69,165,252,231,483,269,312,581,230,217,447,156,168,324,121,142,263,86,77,163,33,48,81,3,12,15,1293,1322,2615,2615,408,0.15602294455066923
2021-01-05,34,41,75,105,82,187,248,267,515,285,316,601,228,226,454,158,178,336,135,194,329,84,100,184,23,51,74,4,11,15,1304,1466,2770,2769,370,0.13362224629830263
2021-01-06,42,33,75,124,103,227,249,213,462,297,276,573,260,236,496,195,180,375,146,160,306,89,104,193,26,54,80,4,18,22,1432,1377,2809,2808,408,0.1452991452991453
2021-01-07,37,40,77,81,91,172,191,194,385,252,220,472,188,183,371,127,157,284,111,128,239,61,92,153,21,46,67,2,10,12,1071,1161,2232,2232,419,0.18772401433691757
2021-01-08,45,37,82,98,111,209,209,177,386,220,238,458,159,200,359,119,139,258,93,115,208,57,86,143,26,35,61,7,8,15,1033,1146,2179,2178,432,0.19834710743801653
2021-01-09,30,31,61,71,65,136,155,171,326,234,223,457,149,171,320,126,143,269,89,128,217,46,69,115,16,36,52,0,12,12,916,1049,1965,1964,320,0.1629327902240326
2021-01-10,41,43,84,89,96,185,157,150,307,194,250,444,167,164,331,108,135,243,103,87,190,42,62,104,11,31,42,2,10,12,914,1028,1942,1942,244,0.12564366632337795
2021-01-11,50,37,87,104,107,211,231,234,465,259,303,562,201,211,412,154,154,308,105,146,251,58,66,124,17,33,50,2,7,9,1181,1298,2479,2479,377,0.15207745058491326
2021-01-12,53,28,81,95,94,189,203,214,417,205,218,423,166,183,349,133,162,295,112,109,221,45,56,101,25,25,50,3,9,12,1040,1098,2138,2138,324,0.15154349859681945
2021-01-13,65,53,118,110,118,228,239,216,455,238,234,472,193,168,361,139,168,307,114,138,252,59,61,120,20,47,67,6,3,9,1183,1206,2389,2389,342,0.14315613227291754
2021-01-14,47,46,93,106,108,214,213,231,444,242,248,490,177,199,376,147,181,328,105,123,228,53,65,118,17,36,53,4,5,9,1111,1242,2353,2354,409,0.17374681393372982
2021-01-15,52,47,99,199,167,366,255,241,496,326,331,657,268,266,534,225,231,456,139,154,293,61,89,150,21,42,63,2,8,10,1548,1576,3124,3124,461,0.14756722151088347
2021-01-16,29,26,55,182,164,346,208,239,447,304,317,621,277,277,554,225,200,425,144,166,310,94,99,193,22,34,56,2,10,12,1487,1532,3019,3019,302,0.10003312355084465
2021-01-17,30,19,49,165,153,318,198,247,445,245,271,516,269,296,565,185,189,374,110,127,237,59,66,125,18,26,44,2,2,4,1281,1396,2677,2677,270,0.10085917071348524
2021-01-18,46,46,92,209,208,417,284,288,572,331,328,659,323,312,635,259,247,506,174,202,376,87,105,192,24,43,67,3,9,12,1740,1788,3528,3528,340,0.0963718820861678
2021-01-19,53,40,93,193,160,353,287,251,538,314,313,627,311,320,631,208,233,441,179,195,374,88,109,197,18,43,61,7,17,24,1658,1681,3339,3339,265,0.07936507936507936
2021-01-20,48,44,92,193,195,388,254,250,504,275,265,540,294,277,571,246,244,490,190,202,392,99,113,212,25,43,68,6,13,19,1630,1646,3276,3276,288,0.08791208791208792
2021-01-21,52,47,99,131,137,268,227,206,433,232,242,474,200,233,433,163,214,377,149,142,291,64,80,144,37,38,75,8,11,19,1263,1350,2613,2613,359,0.13738997321086874
2021-01-22,39,43,82,155,131,286,187,200,387,193,210,403,199,222,421,164,172,336,131,136,267,63,77,140,17,44,61,3,3,6,1151,1238,2389,2389,299,0.1251569694432817
2021-01-23,33,27,60,131,125,256,216,202,418,199,228,427,198,167,365,161,166,327,87,109,196,44,52,96,14,26,40,2,6,8,1085,1108,2193,2193,356,0.16233470132238942
2021-01-24,28,28,56,157,142,299,218,206,424,214,227,441,219,220,439,176,182,358,123,127,250,50,65,115,20,29,49,2,7,9,1207,1233,2440,2440,168,0.06885245901639345
2021-01-25,43,56,99,205,157,362,279,276,555,252,280,532,272,273,545,199,219,418,168,166,334,84,94,178,30,50,80,5,13,18,1537,1584,3121,3121,262,0.08394745273950657
2021-01-26,63,49,112,201,146,347,238,232,470,234,237,471,234,231,465,181,209,390,128,156,284,70,83,153,23,53,76,4,15,19,1376,1411,2787,2787,305,0.10943667025475422
2021-01-27,58,51,109,160,156,316,221,214,435,248,249,497,222,253,475,170,202,372,130,125,255,55,65,120,29,38,67,2,18,20,1295,1371,2666,2667,230,0.08623922009748781
2021-01-28,51,45,96,137,110,247,198,193,391,217,204,421,174,182,356,138,172,310,109,136,245,62,77,139,25,45,70,6,14,20,1117,1178,2295,2295,285,0.12418300653594772
2021-01-29,42,55,97,196,169,365,245,209,454,266,286,552,240,265,505,204,213,417,161,202,363,71,102,173,23,56,79,4,10,14,1452,1567,3019,3018,429,0.14214711729622267
2021-01-30,28,22,50,239,229,468,216,225,441,283,305,588,313,335,648,240,256,496,150,199,349,76,105,181,19,43,62,3,8,11,1567,1727,3294,3294,246,0.07468123861566485
2021-01-31,28,21,49,341,317,658,277,271,548,352,355,707,467,459,926,327,326,653,189,199,388,77,102,179,23,41,64,3,11,14,2084,2102,4186,4186,149,0.03559483994266603
2021-02-01,42,39,81,282,315,597,258,284,542,327,355,682,392,389,781,344,311,655,213,261,474,66,128,194,33,41,74,2,10,12,1959,2133,4092,4092,277,0.0676930596285435
2021-02-02,39,36,75,220,244,464,254,219,473,311,355,666,391,425,816,297,312,609,219,240,459,125,140,265,29,46,75,5,12,17,1890,2029,3919,3919,213,0.05435059964276601
2021-02-03,41,43,84,212,177,389,226,263,489,275,291,566,320,315,635,232,263,495,193,215,408,103,137,240,33,55,88,3,11,14,1638,1770,3408,3408,257,0.07541079812206573
2021-02-04,49,41,90,124,115,239,185,204,389,215,237,452,182,248,430,163,187,350,109,164,273,68,101,169,21,40,61,3,16,19,1119,1353,2472,2472,249,0.10072815533980582
2021-02-05,45,39,84,140,117,257,163,178,341,207,203,410,180,176,356,143,172,315,127,163,290,67,78,145,15,43,58,2,8,10,1089,1177,2266,2267,344,0.1517423908248787
2021-02-06,23,26,49,142,139,281,150,167,317,182,237,419,188,212,400,168,178,346,99,128,227,46,75,121,17,30,47,0,7,7,1015,1199,2214,2214,241,0.10885275519421861
2021-02-07,29,36,65,144,132,276,151,148,299,190,213,403,187,204,391,149,188,337,93,103,196,61,62,123,15,26,41,7,5,12,1026,1117,2143,2143,145,0.06766215585627625
2021-02-08,42,39,81,185,204,389,220,236,456,273,293,566,306,336,642,206,232,438,141,175,316,70,96,166,25,54,79,4,15,19,1472,1680,3152,3152,298,0.09454314720812183
2021-02-09,40,29,69,166,172,338,201,214,415,296,264,560,263,252,515,219,224,443,175,183,358,81,101,182,27,58,85,6,14,20,1474,1511,2985,2985,223,0.0747068676716918
2021-02-10,42,28,70,123,122,245,179,201,380,215,255,470,256,226,482,134,196,330,129,139,268,72,89,161,26,35,61,0,9,9,1176,1300,2476,2476,196,0.0791599353796446
2021-02-11,43,37,80,109,124,233,156,183,339,243,230,473,207,222,429,146,173,319,131,129,260,62,67,129,22,46,68,5,10,15,1124,1221,2345,2345,182,0.07761194029850746
2021-02-12,44,28,72,134,129,263,153,165,318,235,226,461,222,251,473,148,169,317,117,163,280,69,86,155,23,44,67,2,13,15,1147,1274,2421,2421,327,0.13506815365551425
2021-02-13,24,18,42,162,161,323,159,159,318,255,246,501,260,293,553,151,195,346,121,141,262,50,71,121,18,35,53,2,11,13,1202,1330,2532,2532,248,0.09794628751974724
2021-02-14,22,18,40,142,164,306,125,174,299,248,289,537,274,293,567,174,191,365,137,147,284,58,96,154,15,20,35,2,13,15,1197,1405,2602,2603,155,0.059546676911256244
2021-02-15,24,28,52,199,228,427,183,197,380,304,326,630,372,362,734,257,232,489,138,168,306,61,94,155,16,43,59,2,13,15,1556,1691,3247,3247,204,0.06282722513089005
2021-02-16,27,22,49,215,184,399,240,245,485,337,392,729,327,364,691,227,190,417,122,122,244,60,82,142,14,35,49,7,6,13,1576,1642,3218,3218,238,0.07395898073337477
2021-02-17,31,44,75,143,141,284,296,296,592,307,310,617,253,267,520,202,223,425,189,190,379,79,101,180,20,49,69,5,15,20,1525,1636,3161,3161,226,0.07149636191078773
2021-02-18,31,37,68,115,138,253,242,252,494,271,316,587,244,259,503,197,191,388,137,186,323,72,101,173,27,44,71,3,4,7,1339,1528,2867,2867,283,0.09870945238925706
2021-02-19,44,35,79,120,128,248,230,215,445,256,284,540,221,237,458,188,206,394,144,176,320,82,107,189,18,43,61,3,9,12,1306,1440,2746,2746,311,0.11325564457392572
2021-02-20,34,25,59,103,117,220,194,215,409,229,239,468,220,234,454,162,190,352,103,175,278,50,71,121,20,37,57,4,3,7,1119,1306,2425,2425,204,0.08412371134020619
2021-02-21,38,26,64,111,114,225,156,202,358,234,252,486,211,229,440,124,169,293,118,146,264,51,68,119,19,31,50,4,6,10,1066,1243,2309,2309,184,0.07968817669987008
2021-02-22,48,60,108,111,140,251,199,229,428,242,289,531,219,241,460,184,192,376,127,169,296,68,92,160,38,33,71,3,6,9,1239,1451,2690,2690,254,0.09442379182156134
2021-02-23,58,39,97,114,111,225,187,190,377,221,254,475,203,221,424,170,182,352,135,158,293,78,107,185,28,42,70,6,14,20,1200,1318,2518,2518,246,0.0976965845909452
2021-02-24,40,62,102,107,116,223,148,166,314,195,219,414,138,167,305,139,154,293,140,146,286,69,91,160,19,43,62,3,9,12,998,1173,2171,2171,213,0.0981114693689544
2021-02-25,64,61,125,83,89,172,169,164,333,165,184,349,167,152,319,120,148,268,106,141,247,59,87,146,17,38,55,4,16,20,954,1080,2034,2035,213,0.10466830466830467
2021-02-26,50,47,97,90,100,190,171,195,366,211,194,405,165,196,361,130,157,287,108,173,281,56,82,138,16,37,53,2,17,19,999,1198,2197,2197,209,0.09512972234865726
2021-02-27,30,26,56,86,112,198,138,176,314,221,232,453,166,170,336,147,175,322,138,161,299,61,80,141,20,43,63,1,8,9,1008,1183,2191,2191,221,0.10086718393427659
2021-02-28,26,28,54,116,130,246,187,219,406,268,295,563,218,244,462,202,255,457,186,181,367,99,111,210,19,40,59,3,9,12,1324,1512,2836,2836,189,0.06664315937940761
2021-03-01,75,63,138,80,102,182,181,170,351,220,202,422,189,158,347,107,144,251,117,138,255,57,99,156,24,38,62,5,13,18,1055,1127,2182,2183,314,0.14383875400824553
2021-03-02,81,63,144,116,95,211,141,170,311,179,193,372,150,146,296,133,152,285,90,122,212,63,57,120,30,32,62,3,7,10,986,1037,2023,2023,196,0.09688581314878893
2021-03-03,74,61,135,91,69,160,125,144,269,186,154,340,126,125,251,126,139,265,125,159,284,64,90,154,15,30,45,0,15,15,932,986,1918,1918,241,0.1256517205422315
2021-03-04,62,60,122,73,90,163,128,136,264,153,130,283,117,116,233,92,132,224,98,143,241,59,94,153,20,36,56,6,14,20,808,951,1759,1759,230,0.13075611142694712
2021-03-05,57,56,113,74,82,156,135,172,307,172,170,342,131,118,249,109,131,240,103,121,224,62,79,141,16,34,50,0,5,5,859,968,1827,1827,266,0.14559386973180077
2021-03-06,34,38,72,55,60,115,127,120,247,145,146,291,115,120,235,67,113,180,78,76,154,37,60,97,20,26,46,2,6,8,680,765,1445,1445,186,0.128719723183391
2021-03-07,37,33,70,58,55,113,99,128,227,140,149,289,82,118,200,94,129,223,103,131,234,44,63,107,21,33,54,3,2,5,681,841,1522,1521,124,0.08152531229454306
2021-03-08,66,70,136,84,84,168,137,171,308,181,183,364,133,149,282,145,159,304,140,152,292,72,80,152,20,43,63,2,11,13,980,1102,2082,2080,198,0.09519230769230769
2021-03-09,88,92,180,83,77,160,135,125,260,180,171,351,163,148,311,133,147,280,121,185,306,81,99,180,22,34,56,4,7,11,1010,1085,2095,2095,213,0.10167064439140812
2021-03-10,96,84,180,97,80,177,127,138,265,178,181,359,119,123,242,113,147,260,114,124,238,66,97,163,19,42,61,5,9,14,934,1025,1959,1959,302,0.15416028586013272
2021-03-11,77,83,160,57,78,135,107,140,247,142,138,280,95,117,212,81,108,189,83,111,194,49,65,114,22,30,52,1,14,15,714,884,1598,1598,308,0.1927409261576971
2021-03-12,85,84,169,92,87,179,119,146,265,173,167,340,120,142,262,104,146,250,102,133,235,65,80,145,21,39,60,4,12,16,885,1036,1921,1920,330,0.171875
2021-03-13,63,43,106,60,70,130,137,123,260,153,162,315,129,112,241,101,125,226,127,132,259,44,66,110,9,37,46,4,3,7,827,873,1700,1700,287,0.1688235294117647
2021-03-14,49,69,118,45,63,108,112,137,249,155,182,337,119,109,228,119,151,270,125,155,280,49,85,134,16,27,43,4,9,13,793,987,1780,1780,198,0.11123595505617978
2021-03-15,129,101,230,98,95,193,138,172,310,176,201,377,172,178,350,146,156,302,144,159,303,79,111,190,18,46,64,4,15,19,1104,1234,2338,2338,314,0.1343028229255774
2021-03-16,98,101,199,87,95,182,124,137,261,177,181,358,141,120,261,121,148,269,113,143,256,67,95,162,12,38,50,4,16,20,944,1074,2018,2018,233,0.11546085232903865
2021-03-17,74,83,157,84,76,160,116,165,281,137,135,272,108,124,232,114,125,239,112,125,237,51,83,134,16,36,52,3,13,16,815,965,1780,1779,239,0.134345137717819
2021-03-18,82,68,150,58,67,125,112,124,236,145,123,268,89,102,191,76,103,179,86,106,192,49,65,114,16,29,45,1,9,10,714,796,1510,1510,224,0.14834437086092717
2021-03-19,88,75,163,100,92,192,117,144,261,148,161,309,97,112,209,96,123,219,92,124,216,54,60,114,13,25,38,5,7,12,810,923,1733,1733,361,0.20830929024812464
2021-03-20,31,39,70,52,64,116,100,102,202,118,126,244,88,104,192,95,106,201,86,88,174,51,52,103,15,26,41,3,7,10,639,714,1353,1352,227,0.16789940828402367
2021-03-21,55,54,109,59,65,124,111,113,224,158,138,296,89,95,184,101,121,222,77,110,187,27,58,85,17,22,39,3,11,14,697,787,1484,1484,174,0.11725067385444744
2021-03-22,73,84,157,91,78,169,130,158,288,157,165,322,134,122,256,139,137,276,99,132,231,59,71,130,20,45,65,4,22,26,906,1014,1920,1921,318,0.1655387818844352
2021-03-23,87,88,175,100,100,200,130,149,279,147,146,293,123,109,232,120,119,239,110,142,252,68,81,149,23,28,51,1,11,12,909,973,1882,1882,287,0.15249734325185973
2021-03-24,48,55,103,71,59,130,99,95,194,110,140,250,79,93,172,78,97,175,60,87,147,38,68,106,13,32,45,1,6,7,597,732,1329,1329,247,0.18585402558314523
2021-03-25,65,65,130,77,84,161,110,129,239,140,143,283,125,135,260,94,116,210,87,110,197,51,63,114,22,27,49,4,5,9,775,877,1652,1652,236,0.14285714285714285
2021-03-26,91,84,175,94,104,198,143,131,274,168,152,320,129,128,257,88,136,224,82,119,201,57,62,119,20,33,53,2,11,13,874,960,1834,1834,344,0.1875681570338059
2021-03-27,67,57,124,40,52,92,105,92,197,147,142,289,108,113,221,103,118,221,95,106,201,40,58,98,12,32,44,5,5,10,722,775,1497,1497,312,0.20841683366733466
2021-03-28,53,32,85,36,58,94,78,93,171,109,136,245,115,107,222,88,114,202,81,110,191,37,38,75,16,21,37,2,5,7,615,714,1329,1329,228,0.17155756207674944
2021-03-29,84,68,152,102,75,177,112,130,242,139,162,301,137,136,273,115,113,228,88,130,218,42,49,91,16,27,43,1,11,12,836,901,1737,1737,313,0.18019573978123202
2021-03-30,71,72,143,81,93,174,95,112,207,129,128,257,114,129,243,98,101,199,86,125,211,35,50,85,18,26,44,5,7,12,732,843,1575,1574,279,0.1772554002541296
2021-03-31,64,56,120,57,50,107,101,106,207,130,132,262,81,107,188,55,90,145,50,65,115,26,40,66,15,22,37,3,9,12,582,677,1259,1259,313,0.24861000794281177
2021-04-01,54,53,107,70,65,135,111,131,242,142,118,260,99,110,209,77,104,181,74,91,165,35,41,76,13,16,29,2,10,12,677,739,1416,1416,354,0.25
2021-04-02,67,47,114,64,71,135,94,102,196,133,116,249,98,90,188,86,88,174,63,74,137,37,33,70,12,12,24,3,5,8,657,638,1295,1295,296,0.22857142857142856
2021-04-03,40,51,91,56,72,128,89,102,191,120,138,258,108,97,205,88,107,195,78,80,158,30,48,78,16,36,52,5,4,9,630,735,1365,1365,407,0.29816849816849816
2021-04-04,59,44,103,111,101,212,128,144,272,167,187,354,132,172,304,93,127,220,72,90,162,29,48,77,17,23,40,1,6,7,809,942,1751,1751,330,0.18846373500856653
2021-04-05,79,81,160,138,147,285,162,205,367,217,198,415,193,210,403,141,160,301,96,129,225,45,59,104,12,36,48,5,9,14,1088,1234,2322,2322,359,0.15460809646856158
2021-04-06,74,102,176,127,119,246,233,173,406,221,242,463,186,186,372,123,154,277,95,154,249,57,85,142,24,34,58,3,13,16,1143,1262,2405,2405,746,0.3101871101871102
2021-04-07,95,81,176,144,127,271,184,194,378,199,235,434,188,180,368,135,163,298,84,140,224,55,79,134,14,38,52,1,8,9,1099,1245,2344,2341,384,0.16403246475865016
2021-04-08,80,76,156,109,105,214,154,187,341,200,221,421,149,162,311,107,132,239,88,121,209,47,62,109,16,30,46,0,12,12,950,1108,2058,2058,420,0.20408163265306123
2021-04-09,72,62,134,79,82,161,99,119,218,129,132,261,131,113,244,85,102,187,66,79,145,34,46,80,8,20,28,3,8,11,706,763,1469,1468,440,0.2997275204359673
2021-04-10,44,51,95,88,82,170,134,128,262,155,146,301,111,113,224,96,108,204,72,74,146,16,32,48,5,15,20,1,3,4,722,752,1474,1473,284,0.19280380176510523
2021-04-11,47,51,98,63,74,137,93,89,182,103,139,242,113,111,224,82,80,162,67,76,143,20,33,53,12,22,34,1,5,6,601,680,1281,1281,242,0.18891491022638562
2021-04-12,79,66,145,113,100,213,119,133,252,165,167,332,131,153,284,110,160,270,89,103,192,25,53,78,14,27,41,1,12,13,846,974,1820,1818,320,0.17601760176017603
2021-04-13,89,58,147,72,72,144,129,112,241,168,156,324,129,130,259,95,111,206,61,77,138,40,30,70,8,15,23,3,8,11,794,769,1563,1563,319,0.20409468969929623
2021-04-14,80,66,146,73,54,127,78,92,170,101,97,198,73,97,170,65,75,140,90,88,178,37,54,91,13,21,34,5,5,10,615,649,1264,1263,396,0.31353919239904987
2021-04-15,91,71,162,88,104,192,136,133,269,166,159,325,167,158,325,117,158,275,72,89,161,29,39,68,15,23,38,2,9,11,883,943,1826,1825,365,0.2
2021-04-16,77,76,153,77,77,154,150,154,304,184,183,367,143,159,302,130,153,283,105,121,226,30,48,78,8,22,30,1,10,11,905,1003,1908,1907,574,0.30099632931305714
2021-04-17,74,67,141,80,77,157,129,106,235,187,140,327,133,130,263,104,113,217,83,85,168,30,56,86,11,25,36,3,3,6,834,802,1636,1636,364,0.22249388753056235
2021-04-18,47,49,96,54,43,97,93,97,190,121,138,259,125,111,236,94,98,192,85,76,161,28,34,62,20,20,40,2,6,8,669,672,1341,1341,235,0.17524235645041014
2021-04-19,84,66,150,86,88,174,173,151,324,187,174,361,159,152,311,131,137,268,106,113,219,36,61,97,7,36,43,5,12,17,974,990,1964,1964,549,0.27953156822810593
2021-04-20,89,95,184,80,81,161,122,132,254,143,143,286,141,150,291,115,111,226,95,117,212,41,45,86,24,28,52,4,10,14,854,912,1766,1766,315,0.1783691959229898
2021-04-21,87,65,152,74,53,127,122,98,220,136,126,262,109,119,228,89,101,190,83,95,178,36,36,72,10,38,48,3,8,11,749,739,1488,1488,298,0.20026881720430106
2021-04-22,99,75,174,97,80,177,128,126,254,164,173,337,157,181,338,118,132,250,87,117,204,39,67,106,15,38,53,1,8,9,905,997,1902,1901,312,0.16412414518674381
2021-04-23,80,70,150,72,79,151,140,131,271,178,169,347,141,161,302,123,154,277,88,118,206,46,63,109,16,22,38,4,6,10,888,973,1861,1860,255,0.13709677419354838
2021-04-24,44,38,82,37,25,62,38,51,89,60,56,116,56,66,122,33,37,70,22,31,53,23,37,60,7,20,27,2,15,17,322,376,698,698,221,0.3166189111747851
2021-04-25,59,54,113,57,49,106,77,89,166,123,107,230,113,102,215,103,109,212,66,64,130,27,31,58,9,22,31,1,3,4,635,630,1265,1264,173,0.13686708860759494
2021-04-26,76,89,165,89,80,169,145,121,266,167,166,333,146,153,299,138,141,279,80,97,177,56,65,121,13,24,37,5,6,11,915,942,1857,1856,226,0.12176724137931035
2021-04-27,69,68,137,77,80,157,145,168,313,145,151,296,122,149,271,109,121,230,88,87,175,40,71,111,21,27,48,4,9,13,820,931,1751,1749,196,0.11206403659233848
2021-04-28,82,81,163,87,85,172,132,128,260,157,150,307,146,127,273,103,115,218,73,85,158,38,48,86,9,23,32,4,8,12,831,850,1681,1681,224,0.13325401546698393
2021-04-29,92,85,177,109,101,210,154,167,321,206,199,405,188,151,339,133,161,294,88,122,210,58,78,136,29,45,74,2,15,17,1059,1124,2183,2182,276,0.12648945921173235
2021-04-30,94,74,168,77,69,146,81,108,189,106,128,234,93,119,212,80,92,172,63,96,159,52,58,110,22,34,56,3,17,20,671,795,1466,1466,323,0.2203274215552524
2021-05-01,61,52,113,68,47,115,82,85,167,129,117,246,109,121,230,81,107,188,60,67,127,41,49,90,16,36,52,0,5,5,647,686,1333,1332,275,0.20645645645645647
2021-05-02,64,52,116,67,70,137,112,130,242,162,172,334,118,176,294,118,125,243,82,107,189,35,54,89,15,22,37,3,16,19,776,924,1700,1700,231,0.13588235294117648
2021-05-03,124,111,235,101,109,210,226,220,446,268,283,551,232,266,498,172,245,417,149,206,355,74,106,180,23,52,75,2,16,18,1371,1614,2985,2985,374,0.12529313232830822
2021-05-04,96,89,185,112,111,223,211,184,395,236,249,485,201,205,406,168,214,382,118,173,291,83,111,194,24,38,62,1,18,19,1250,1392,2642,2642,244,0.09235427706283118
2021-05-05,107,89,196,104,91,195,176,197,373,224,235,459,203,181,384,143,179,322,106,117,223,66,75,141,32,35,67,7,13,20,1168,1212,2380,2378,258,0.10849453322119428
2021-05-06,87,91,178,135,123,258,184,211,395,230,232,462,232,205,437,163,187,350,113,122,235,62,71,133,29,46,75,4,22,26,1239,1310,2549,2549,525,0.20596312279325227
2021-05-07,96,97,193,143,122,265,197,229,426,210,262,472,229,238,467,136,199,335,123,139,262,62,91,153,19,30,49,2,6,8,1217,1413,2630,2630,342,0.1300380228136882
2021-05-08,49,55,104,62,47,109,104,119,223,157,143,300,99,113,212,86,96,182,57,67,124,41,31,72,19,27,46,1,11,12,675,709,1384,1384,227,0.16401734104046242
2021-05-09,65,62,127,60,61,121,91,104,195,124,142,266,124,126,250,86,98,184,60,72,132,42,54,96,16,22,38,8,2,10,676,743,1419,1419,180,0.12684989429175475
2021-05-10,108,103,211,104,101,205,211,202,413,249,228,477,201,242,443,173,183,356,141,152,293,67,96,163,27,47,74,1,9,10,1282,1363,2645,2644,287,0.10854765506807867
2021-05-11,97,81,178,97,93,190,147,149,296,196,190,386,165,155,320,122,139,261,117,130,247,58,80,138,23,30,53,6,6,12,1028,1053,2081,2081,279,0.13407015857760693
2021-05-12,91,80,171,97,80,177,140,157,297,202,153,355,184,171,355,139,142,281,101,124,225,45,65,110,15,35,50,4,10,14,1018,1017,2035,2035,332,0.16314496314496316
2021-05-13,123,77,200,80,71,151,166,178,344,178,203,381,174,158,332,109,142,251,82,106,188,42,65,107,18,46,64,1,5,6,973,1051,2024,2023,335,0.16559565002471577
2021-05-14,100,107,207,102,125,227,197,219,416,252,233,485,181,245,426,169,181,350,114,153,267,56,77,133,30,38,68,5,8,13,1206,1386,2592,2592,320,0.12345679012345678
2021-05-15,74,79,153,79,78,157,122,155,277,160,188,348,149,173,322,120,129,249,84,112,196,33,42,75,19,29,48,1,14,15,841,999,1840,1840,279,0.1516304347826087
2021-05-16,59,66,125,66,70,136,106,83,189,137,157,294,129,131,260,110,118,228,78,81,159,35,46,81,14,30,44,1,12,13,735,794,1529,1529,217,0.1419228253760628
2021-05-17,163,136,299,143,133,276,212,236,448,298,313,611,262,292,554,220,239,459,146,181,327,90,119,209,36,63,99,3,16,19,1573,1728,3301,3301,406,0.12299303241441988
2021-05-18,127,138,265,137,133,270,249,211,460,286,296,582,304,281,585,219,209,428,133,162,295,75,88,163,28,46,74,4,10,14,1562,1574,3136,3136,361,0.11511479591836735
2021-05-19,140,119,259,145,135,280,243,264,507,298,316,614,293,257,550,201,223,424,149,174,323,70,90,160,26,38,64,6,17,23,1571,1633,3204,3204,288,0.0898876404494382
2021-05-20,142,139,281,143,160,303,292,279,571,337,299,636,271,268,539,195,231,426,156,168,324,78,98,176,30,49,79,5,15,20,1649,1706,3355,3355,293,0.08733233979135618
2021-05-21,110,92,202,114,117,231,212,233,445,268,297,565,246,251,497,178,205,383,132,169,301,65,62,127,26,54,80,1,11,12,1352,1491,2843,2843,429,0.15089693985226874
2021-05-22,58,47,105,63,78,141,113,135,248,177,164,341,141,138,279,94,114,208,71,65,136,33,40,73,17,31,48,1,12,13,768,824,1592,1592,339,0.2129396984924623
2021-05-23,58,50,108,51,65,116,88,103,191,122,135,257,110,96,206,89,115,204,59,81,140,38,34,72,11,46,57,9,14,23,635,739,1374,1374,227,0.16521106259097526
2021-05-24,88,57,145,85,107,192,166,159,325,216,226,442,179,221,400,160,207,367,109,139,248,69,82,151,25,41,66,3,10,13,1100,1249,2349,2349,239,0.10174542358450404
2021-05-25,73,52,125,71,84,155,167,163,330,190,186,376,182,163,345,164,161,325,98,116,214,58,61,119,16,36,52,5,9,14,1024,1031,2055,2054,219,0.10662122687439143
2021-05-26,105,85,190,118,137,255,237,217,454,242,249,491,248,243,491,220,231,451,119,166,285,72,92,164,25,61,86,7,7,14,1393,1488,2881,2881,268,0.09302325581395349
2021-05-27,82,78,160,84,98,182,187,203,390,236,223,459,177,173,350,171,193,364,104,129,233,73,76,149,21,39,60,2,15,17,1137,1227,2364,2363,307,0.12991959373677528
2021-05-28,92,85,177,114,139,253,226,232,458,258,239,497,241,252,493,236,252,488,142,197,339,65,86,151,24,42,66,5,12,17,1403,1536,2939,2939,278,0.09458999659748214
2021-05-29,62,62,124,66,73,139,136,161,297,204,165,369,187,165,352,107,136,243,82,98,180,43,57,100,19,41,60,5,13,18,911,971,1882,1882,232,0.12327311370882041
2021-05-30,38,47,85,49,54,103,123,131,254,160,151,311,146,120,266,83,107,190,64,67,131,26,47,73,15,26,41,3,9,12,707,759,1466,1466,171,0.11664392905866303
2021-05-31,88,78,166,120,110,230,227,219,446,290,262,552,238,239,477,150,174,324,106,156,262,78,97,175,27,51,78,1,15,16,1325,1401,2726,2726,261,0.09574468085106383
2021-06-01,96,88,184,104,100,204,195,186,381,241,230,471,187,211,398,165,193,358,137,149,286,76,81,157,34,42,76,4,11,15,1239,1291,2530,2531,242,0.09561438166732517
2021-06-02,117,89,206,106,115,221,203,235,438,224,267,491,221,225,446,146,172,318,120,160,280,73,94,167,31,51,82,7,15,22,1248,1423,2671,2670,293,0.1097378277153558
2021-06-03,96,101,197,136,94,230,220,200,420,242,248,490,230,231,461,156,184,340,130,153,283,74,89,163,27,26,53,4,17,21,1315,1343,2658,2656,264,0.09939759036144578
2021-06-04,136,116,252,125,122,247,242,232,474,256,265,521,238,234,472,192,242,434,118,152,270,78,106,184,24,57,81,1,8,9,1410,1534,2944,2944,305,0.10360054347826086
2021-06-05,71,75,146,61,61,122,123,150,273,163,175,338,147,144,291,110,117,227,62,77,139,41,72,113,15,24,39,5,13,18,798,908,1706,1706,275,0.1611957796014068
2021-06-06,75,85,160,72,71,143,117,126,243,154,148,302,139,137,276,124,118,242,66,95,161,42,58,100,12,26,38,0,12,12,801,876,1677,1677,180,0.1073345259391771
2021-06-07,103,135,238,121,122,243,208,204,412,258,247,505,201,238,439,191,214,405,149,173,322,97,129,226,35,74,109,7,34,41,1370,1570,2940,2940,296,0.10068027210884353
2021-06-08,128,122,250,102,105,207,199,234,433,257,237,494,216,200,416,184,218,402,98,122,220,68,123,191,26,47,73,4,17,21,1282,1425,2707,2707,225,0.08311784263021796
2021-06-09,117,122,239,117,98,215,234,229,463,265,273,538,224,237,461,177,221,398,118,148,266,76,87,163,33,57,90,4,17,21,1365,1489,2854,2852,250,0.0876577840112202
2021-06-10,117,130,247,97,112,209,224,235,459,244,285,529,203,209,412,151,205,356,101,156,257,82,111,193,28,43,71,5,18,23,1252,1504,2756,2753,261,0.09480566654558663
2021-06-11,108,101,209,85,111,196,204,228,432,246,277,523,226,250,476,186,187,373,116,138,254,73,112,185,31,68,99,7,14,21,1282,1486,2768,2768,362,0.13078034682080925
2021-06-12,88,75,163,77,71,148,148,152,300,186,180,366,153,155,308,110,143,253,78,111,189,43,73,116,25,32,57,4,12,16,912,1004,1916,1916,212,0.11064718162839249
2021-06-13,84,92,176,75,77,152,120,111,231,141,144,285,148,146,294,119,131,250,73,92,165,39,49,88,19,33,52,4,11,15,822,886,1708,1708,170,0.09953161592505855
2021-06-14,143,114,257,117,124,241,188,231,419,249,271,520,230,241,471,170,224,394,112,174,286,89,102,191,29,48,77,16,19,35,1343,1548,2891,2891,265,0.09166378415773088
2021-06-15,132,137,269,130,118,248,217,217,434,245,262,507,215,234,449,172,197,369,136,140,276,71,89,160,33,41,74,4,16,20,1355,1451,2806,2806,245,0.08731290092658589
2021-06-16,132,135,267,119,112,231,216,216,432,239,269,508,225,249,474,147,182,329,112,133,245,62,83,145,31,40,71,1,13,14,1284,1432,2716,2716,224,0.08247422680412371
2021-06-17,135,125,260,125,140,265,238,237,475,247,294,541,221,254,475,135,189,324,123,148,271,91,105,196,22,47,69,3,11,14,1340,1550,2890,2890,259,0.08961937716262976
2021-06-18,110,95,205,110,111,221,215,177,392,251,270,521,206,265,471,122,189,311,92,138,230,56,84,140,26,27,53,5,14,19,1193,1370,2563,2563,314,0.12251268045259461
2021-06-19,85,95,180,76,65,141,126,136,262,149,185,334,149,170,319,89,109,198,90,89,179,60,66,126,23,52,75,3,18,21,850,985,1835,1835,341,0.18583106267029972
2021-06-20,88,62,150,58,39,97,80,89,169,101,140,241,109,112,221,77,94,171,64,78,142,47,48,95,12,26,38,1,7,8,637,695,1332,1332,170,0.12762762762762764
2021-06-21,102,94,196,80,67,147,106,147,253,186,164,350,164,165,329,126,135,261,71,87,158,48,70,118,29,28,57,3,5,8,915,962,1877,1876,220,0.11727078891257996
2021-06-22,167,135,302,132,124,256,190,235,425,247,251,498,260,259,519,167,179,346,146,170,316,72,107,179,25,49,74,11,12,23,1417,1521,2938,2938,282,0.09598366235534377
2021-06-23,169,135,304,150,136,286,190,226,416,271,287,558,236,283,519,142,180,322,131,149,280,73,104,177,33,51,84,5,17,22,1400,1568,2968,2967,269,0.0906639703404112
2021-06-24,173,135,308,131,143,274,205,240,445,239,308,547,252,251,503,138,199,337,128,162,290,70,89,159,20,51,71,2,13,15,1358,1591,2949,2949,393,0.13326551373346898
2021-06-25,178,145,323,131,144,275,209,251,460,297,364,661,229,265,494,199,229,428,145,196,341,76,117,193,29,57,86,9,20,29,1502,1788,3290,3289,519,0.15779872301611433
2021-06-26,89,81,170,67,78,145,115,109,224,170,163,333,130,156,286,101,94,195,94,127,221,64,97,161,19,35,54,4,16,20,853,956,1809,1809,229,0.1265892758430072
2021-06-27,100,81,181,58,61,119,102,127,229,133,136,269,110,126,236,73,86,159,67,77,144,44,59,103,10,34,44,1,9,10,698,796,1494,1494,216,0.14457831325301204
2021-06-28,121,97,218,69,71,140,102,151,253,174,169,343,130,171,301,106,106,212,85,87,172,56,72,128,30,31,61,2,15,17,875,970,1845,1844,276,0.14967462039045554
2021-06-29,130,153,283,123,119,242,190,227,417,225,224,449,191,201,392,150,151,301,117,115,232,75,81,156,20,54,74,2,24,26,1223,1349,2572,2572,297,0.11547433903576983
2021-06-30,162,156,318,140,124,264,196,226,422,274,258,532,209,223,432,135,210,345,96,145,241,69,84,153,30,44,74,5,17,22,1316,1487,2803,2803,276,0.0984659293613985
2021-07-01,120,124,244,102,115,217,185,202,387,204,274,478,180,214,394,129,174,303,96,138,234,64,86,150,28,51,79,4,15,19,1112,1393,2505,2504,321,0.12819488817891375
2021-07-02,168,136,304,160,129,289,202,227,429,247,306,553,167,249,416,141,202,343,113,156,269,69,94,163,23,44,67,4,12,16,1294,1555,2849,2848,347,0.12183988764044944
2021-07-03,98,106,204,90,94,184,124,146,270,173,207,380,141,181,322,102,120,222,87,105,192,48,70,118,16,33,49,7,15,22,886,1077,1963,1963,305,0.1553744268976057
2021-07-04,99,129,228,80,71,151,95,128,223,131,161,292,107,129,236,89,124,213,71,90,161,34,67,101,11,30,41,4,10,14,721,939,1660,1660,336,0.20240963855421687
2021-07-05,193,171,364,147,138,285,232,234,466,283,300,583,208,256,464,159,209,368,124,139,263,88,95,183,33,52,85,6,17,23,1473,1611,3084,3083,326,0.10574116120661693
2021-07-06,202,199,401,202,143,345,245,257,502,283,325,608,246,276,522,138,196,334,116,153,269,78,104,182,25,52,77,3,29,32,1538,1734,3272,3272,344,0.10513447432762836
2021-07-07,182,179,361,165,154,319,249,238,487,269,308,577,251,254,505,183,176,359,102,132,234,64,70,134,21,57,78,9,12,21,1495,1580,3075,3074,304,0.0988939492517892
2021-07-08,175,185,360,170,160,330,259,278,537,303,347,650,241,311,552,188,231,419,119,182,301,73,116,189,42,41,83,3,17,20,1573,1868,3441,3440,642,0.1866279069767442
2021-07-09,127,130,257,124,113,237,164,175,339,196,230,426,188,208,396,126,142,268,98,96,194,46,65,111,25,41,66,8,12,20,1102,1212,2314,2314,343,0.14822817631806395
2021-07-10,111,130,241,118,97,215,135,160,295,176,215,391,150,186,336,122,150,272,87,112,199,50,72,122,19,41,60,5,10,15,973,1173,2146,2146,307,0.14305684995340168
2021-07-11,144,129,273,94,74,168,125,126,251,159,201,360,143,196,339,111,128,239,86,93,179,50,64,114,12,23,35,7,12,19,931,1046,1977,1977,276,0.13960546282245828
2021-07-12,207,202,409,174,163,337,250,286,536,325,318,643,279,326,605,181,241,422,150,167,317,84,94,178,28,45,73,10,19,29,1688,1861,3549,3549,402,0.1132713440405748
2021-07-13,217,170,387,175,168,343,257,243,500,259,300,559,240,288,528,182,226,408,119,149,268,76,109,185,28,56,84,10,17,27,1563,1726,3289,3288,446,0.1356447688564477
2021-07-14,214,202,416,230,181,411,294,277,571,284,333,617,261,307,568,190,244,434,151,162,313,67,89,156,22,49,71,4,13,17,1717,1857,3574,3572,383,0.10722284434490481
2021-07-15,191,162,353,226,199,425,280,270,550,316,337,653,296,353,649,206,237,443,126,172,298,74,109,183,24,46,70,7,20,27,1746,1905,3651,3651,419,0.11476307860860038
2021-07-16,160,160,320,164,175,339,250,279,529,284,333,617,311,315,626,183,210,393,112,158,270,56,92,148,25,49,74,3,15,18,1548,1786,3334,3334,376,0.11277744451109778
2021-07-17,110,125,235,120,110,230,177,182,359,196,238,434,187,212,399,139,158,297,96,104,200,60,66,126,10,19,29,4,10,14,1099,1224,2323,2321,395,0.17018526497199482
2021-07-18,109,93,202,89,101,190,135,164,299,157,184,341,162,177,339,128,139,267,68,89,157,56,67,123,27,37,64,2,7,9,933,1058,1991,1990,224,0.11256281407035176
2021-07-19,172,152,324,132,124,256,255,274,529,232,274,506,242,279,521,180,245,425,146,174,320,84,116,200,32,49,81,4,6,10,1479,1693,3172,3172,377,0.11885245901639344
2021-07-20,164,156,320,120,132,252,215,245,460,243,260,503,214,234,448,165,184,349,131,151,282,68,99,167,25,46,71,4,20,24,1349,1527,2876,2876,369,0.12830319888734354
2021-07-21,186,160,346,190,155,345,265,266,531,272,333,605,256,329,585,218,266,484,150,212,362,80,134,214,29,60,89,4,13,17,1650,1928,3578,3577,379,0.10595471065138384
2021-07-22,170,148,318,185,168,353,234,288,522,326,360,686,317,354,671,213,253,466,124,164,288,86,99,185,32,50,82,4,10,14,1691,1894,3585,3585,399,0.11129707112970712
2021-07-23,147,115,262,126,135,261,206,208,414,255,306,561,224,280,504,174,190,364,111,138,249,52,100,152,17,39,56,5,15,20,1317,1526,2843,2841,396,0.13938753959873285
2021-07-24,122,128,250,122,148,270,196,200,396,253,291,544,258,263,521,151,194,345,101,145,246,69,75,144,24,32,56,3,7,10,1299,1483,2782,2781,316,0.1136281912980942
2021-07-25,107,110,217,134,146,280,139,171,310,221,270,491,316,311,627,172,177,349,110,101,211,70,77,147,13,28,41,6,9,15,1288,1400,2688,2687,235,0.08745813174544101
2021-07-26,140,176,316,205,239,444,236,317,553,341,394,735,355,427,782,253,288,541,155,212,367,87,150,237,37,72,109,8,18,26,1817,2293,4110,4110,392,0.09537712895377129
2021-07-27,111,120,231,117,151,268,182,209,391,224,252,476,225,221,446,145,166,311,107,130,237,62,102,164,28,38,66,4,13,17,1205,1402,2607,2605,315,0.12092130518234165
2021-07-28,113,120,233,133,153,286,230,239,469,254,279,533,236,252,488,171,209,380,145,152,297,75,97,172,23,38,61,6,5,11,1386,1544,2930,2930,326,0.11126279863481228
2021-07-29,135,107,242,158,146,304,197,236,433,278,328,606,225,285,510,164,198,362,127,148,275,61,87,148,22,28,50,4,18,22,1371,1581,2952,2950,315,0.10677966101694915
2021-07-30,148,131,279,183,180,363,279,319,598,323,415,738,287,391,678,237,291,528,175,213,388,74,126,200,33,58,91,8,14,22,1747,2138,3885,3884,499,0.128475798146241
2021-07-31,152,148,300,157,203,360,168,224,392,301,367,668,348,395,743,219,229,448,122,179,301,78,101,179,22,23,45,2,15,17,1569,1884,3453,3453,310,0.08977700550246162
2021-08-01,148,171,319,154,196,350,128,159,287,247,305,552,327,363,690,161,194,355,109,124,233,55,94,149,17,47,64,7,11,18,1353,1664,3017,3016,284,0.09416445623342175
2021-08-02,218,182,400,208,223,431,240,299,539,344,382,726,352,426,778,224,304,528,203,250,453,98,138,236,44,65,109,5,19,24,1936,2288,4224,4223,476,0.11271607861709686
2021-08-03,236,208,444,203,234,437,230,298,528,306,384,690,311,388,699,226,293,519,172,254,426,124,148,272,29,62,91,4,19,23,1841,2288,4129,4128,458,0.11094961240310078
2021-08-04,218,187,405,181,169,350,229,256,485,301,310,611,239,288,527,171,238,409,151,184,335,67,123,190,21,46,67,2,18,20,1580,1819,3399,3398,411,0.12095350206003531
2021-08-05,231,246,477,189,213,402,312,346,658,335,395,730,334,399,733,259,311,570,173,209,382,91,134,225,32,61,93,10,15,25,1966,2329,4295,4292,463,0.10787511649580615
2021-08-06,266,210,476,287,228,515,331,381,712,367,438,805,335,419,754,232,325,557,204,289,493,106,180,286,36,44,80,3,15,18,2167,2529,4696,4695,506,0.10777422790202343
2021-08-07,157,179,336,150,183,333,190,211,401,245,273,518,212,255,467,154,202,356,126,162,288,74,128,202,23,46,69,6,4,10,1337,1643,2980,2979,403,0.1352802954011413
2021-08-08,224,220,444,174,176,350,140,193,333,211,247,458,224,286,510,153,200,353,133,160,293,74,67,141,17,44,61,6,13,19,1356,1606,2962,2962,406,0.13706954760297096
2021-08-09,367,323,690,232,255,487,266,396,662,408,412,820,323,438,761,276,327,603,191,242,433,119,120,239,39,60,99,12,18,30,2233,2591,4824,4824,512,0.10613598673300166
2021-08-10,407,363,770,311,301,612,311,401,712,381,475,856,340,458,798,289,338,627,195,251,446,127,154,281,38,61,99,2,19,21,2401,2821,5222,5217,672,0.12880966072455435
2021-08-11,336,340,676,319,319,638,348,421,769,419,483,902,389,479,868,267,345,612,191,243,434,112,128,240,44,67,111,9,23,32,2434,2848,5282,5281,538,0.10187464495360728
2021-08-12,359,344,703,308,317,625,311,391,702,374,448,822,360,449,809,239,333,572,174,201,375,109,110,219,44,50,94,9,21,30,2287,2664,4951,4950,581,0.11737373737373738
2021-08-13,436,381,817,408,413,821,357,470,827,480,577,1057,427,544,971,275,433,708,201,274,475,127,174,301,50,60,110,6,16,22,2767,3342,6109,6108,628,0.10281597904387688
2021-08-14,272,266,538,251,232,483,196,273,469,299,353,652,272,389,661,179,268,447,133,172,305,95,102,197,27,44,71,3,12,15,1727,2111,3838,3838,596,0.1552892131318395
2021-08-15,223,209,432,188,162,350,171,169,340,233,292,525,221,265,486,174,209,383,118,164,282,83,91,174,23,46,69,3,12,15,1437,1619,3056,3056,414,0.1354712041884817
2021-08-16,300,281,581,230,231,461,176,239,415,252,326,578,257,345,602,195,214,409,104,156,260,90,109,199,23,37,60,6,13,19,1633,1951,3584,3584,450,0.12555803571428573
2021-08-17,486,379,865,375,360,735,328,423,751,470,543,1013,348,560,908,306,406,712,195,256,451,122,141,263,33,82,115,9,21,30,2672,3171,5843,5841,700,0.11984249272384866
2021-08-18,468,428,896,425,373,798,267,363,630,410,512,922,353,433,786,243,344,587,183,235,418,126,152,278,28,74,102,15,20,35,2518,2934,5452,5452,658,0.1206896551724138
2021-08-19,430,384,814,358,358,716,257,381,638,436,493,929,336,464,800,258,323,581,169,231,400,92,115,207,29,51,80,9,12,21,2374,2812,5186,5186,655,0.12630158118010026
2021-08-20,503,470,973,435,419,854,309,393,702,400,550,950,383,517,900,256,368,624,202,278,480,114,157,271,31,65,96,9,22,31,2642,3239,5881,5881,662,0.11256589015473559
2021-08-21,269,296,565,227,224,451,198,279,477,314,384,698,265,333,598,207,253,460,141,194,335,78,109,187,26,44,70,3,16,19,1728,2132,3860,3859,582,0.1508162736460223
2021-08-22,392,344,736,231,226,457,162,214,376,284,389,673,274,362,636,211,268,479,141,184,325,90,101,191,26,41,67,5,14,19,1816,2143,3959,3959,624,0.15761555948471836
2021-08-23,676,677,1353,449,444,893,342,432,774,470,561,1031,404,546,950,274,388,662,217,302,519,131,174,305,42,66,108,4,18,22,3009,3608,6617,6615,828,0.1251700680272109
2021-08-24,694,663,1357,447,419,866,316,416,732,400,587,987,364,491,855,255,362,617,188,276,464,103,148,251,52,59,111,5,17,22,2824,3438,6262,6262,784,0.12519961673586713
2021-08-25,681,645,1326,417,413,830,275,377,652,370,542,912,373,506,879,254,330,584,205,275,480,126,150,276,44,40,84,8,28,36,2753,3306,6059,6058,752,0.12413337735226147
2021-08-26,674,646,1320,436,414,850,295,433,728,417,568,985,383,509,892,226,365,591,189,238,427,113,174,287,39,68,107,6,16,22,2778,3431,6209,6209,668,0.10758576260267354
2021-08-27,755,646,1401,429,485,914,282,394,676,414,592,1006,346,550,896,280,370,650,203,268,471,108,148,256,29,69,98,5,13,18,2851,3535,6386,6386,668,0.10460382085812715
2021-08-28,405,346,751,233,209,442,192,248,440,293,367,660,242,364,606,168,215,383,137,177,314,63,96,159,35,38,73,3,7,10,1771,2067,3838,3839,514,0.13388903360250065
2021-08-29,458,422,880,190,215,405,135,196,331,258,328,586,250,315,565,160,232,392,127,144,271,75,93,168,38,44,82,2,7,9,1693,1996,3689,3688,602,0.16323210412147504
2021-08-30,789,712,1501,424,377,801,260,363,623,391,520,911,384,455,839,224,314,538,183,263,446,106,147,253,48,65,113,4,19,23,2813,3235,6048,6048,722,0.11937830687830688
2021-08-31,867,780,1647,536,461,997,290,408,698,403,522,925,373,524,897,278,339,617,216,297,513,112,174,286,36,61,97,9,16,25,3120,3582,6702,6701,589,0.08789732875690195
2021-09-01,799,721,1520,489,442,931,272,324,596,392,550,942,336,427,763,226,301,527,184,210,394,93,153,246,38,75,113,4,17,21,2833,3220,6053,6053,547,0.09036841235750867
2021-09-02,636,597,1233,354,355,709,227,294,521,364,421,785,265,435,700,196,274,470,165,193,358,99,110,209,26,45,71,5,16,21,2337,2740,5077,5077,476,0.09375615520976954
2021-09-03,501,485,986,369,363,732,257,294,551,354,432,786,335,420,755,204,305,509,182,246,428,108,150,258,30,48,78,2,12,14,2342,2755,5097,5097,531,0.10417892878163626
2021-09-04,317,299,616,165,156,321,128,176,304,215,280,495,228,254,482,147,183,330,110,139,249,66,99,165,25,46,71,3,12,15,1404,1644,3048,3048,455,0.14927821522309712
2021-09-05,344,329,673,170,180,350,148,160,308,258,312,570,207,270,477,140,189,329,129,156,285,93,100,193,23,32,55,7,12,19,1519,1740,3259,3258,394,0.12093308778391651
2021-09-06,694,667,1361,360,341,701,258,337,595,362,468,830,342,443,785,244,322,566,196,244,440,132,142,274,38,71,109,7,23,30,2633,3058,5691,5690,617,0.10843585237258348
2021-09-07,592,630,1222,322,381,703,241,293,534,307,421,728,265,372,637,206,271,477,149,202,351,80,134,214,30,58,88,7,28,35,2199,2790,4989,4988,534,0.1070569366479551
2021-09-08,449,489,938,327,287,614,200,220,420,287,338,625,250,338,588,208,240,448,132,152,284,77,99,176,32,42,74,8,14,22,1970,2219,4189,4188,549,0.1310888252148997
2021-09-09,499,469,968,295,258,553,177,266,443,287,324,611,231,298,529,165,244,409,146,153,299,87,108,195,37,56,93,5,16,21,1929,2192,4121,4118,502,0.12190383681398738
2021-09-10,504,429,933,345,349,694,315,432,747,441,579,1020,445,610,1055,370,472,842,248,375,623,118,178,296,54,54,108,6,16,22,2846,3494,6340,6340,538,0.08485804416403786
2021-09-11,265,276,541,193,215,408,254,329,583,319,426,745,335,386,721,257,322,579,197,273,470,87,151,238,29,32,61,4,7,11,1940,2417,4357,4356,733,0.1682736455463728
2021-09-12,259,245,504,129,138,267,111,138,249,180,223,403,196,205,401,134,153,287,107,150,257,53,75,128,15,29,44,6,9,15,1190,1365,2555,2555,377,0.14755381604696674
2021-09-13,531,530,1061,298,338,636,237,300,537,333,435,768,333,404,737,224,314,538,201,222,423,122,161,283,33,72,105,8,18,26,2320,2794,5114,5114,520,0.10168165819319515
2021-09-14,535,489,1024,299,280,579,193,244,437,271,374,645,238,330,568,168,257,425,151,218,369,98,139,237,23,46,69,6,13,19,1982,2390,4372,4370,637,0.14576659038901602
2021-09-15,414,383,797,268,235,503,143,228,371,216,341,557,209,299,508,144,193,337,111,164,275,72,97,169,34,50,84,6,23,29,1617,2013,3630,3628,512,0.14112458654906285
2021-09-16,406,366,772,255,259,514,165,224,389,231,352,583,226,342,568,165,204,369,116,187,303,87,125,212,31,50,81,8,14,22,1690,2123,3813,3812,385,0.10099685204616998
2021-09-17,517,467,984,323,318,641,181,254,435,251,353,604,262,315,577,164,235,399,130,174,304,104,138,242,28,63,91,4,10,14,1964,2327,4291,4290,483,0.11258741258741259
2021-09-18,270,246,516,138,143,281,125,170,295,182,227,409,175,231,406,134,162,296,121,171,292,63,100,163,30,36,66,4,12,16,1242,1498,2740,2740,470,0.17153284671532848
2021-09-19,300,277,577,120,126,246,113,135,248,177,231,408,186,184,370,118,151,269,94,108,202,54,81,135,17,40,57,6,8,14,1185,1341,2526,2525,369,0.14613861386138613
2021-09-20,571,570,1141,414,420,834,179,262,441,302,355,657,272,312,584,191,255,446,173,208,381,97,121,218,29,54,83,9,10,19,2237,2567,4804,4803,495,0.10306058713304185
2021-09-21,451,445,896,177,191,368,155,233,388,252,278,530,226,264,490,150,198,348,138,186,324,101,118,219,34,53,87,3,10,13,1687,1976,3663,3662,423,0.11551064991807755
2021-09-22,523,438,961,364,334,698,149,230,379,241,361,602,209,286,495,143,231,374,129,186,315,96,103,199,20,52,72,6,20,26,1880,2241,4121,4118,479,0.11631860126274891
2021-09-23,434,405,839,359,365,724,157,231,388,243,354,597,219,287,506,140,216,356,159,210,369,92,120,212,27,39,66,7,14,21,1837,2241,4078,4077,414,0.10154525386313466
2021-09-24,385,396,781,251,208,459,151,189,340,197,243,440,182,264,446,140,194,334,130,171,301,73,125,198,25,51,76,4,7,11,1538,1848,3386,3386,420,0.12404016538688718
2021-09-25,228,188,416,109,108,217,98,138,236,152,186,338,133,172,305,103,126,229,89,113,202,66,79,145,22,35,57,2,15,17,1002,1160,2162,2161,517,0.23924109208699676
2021-09-26,258,221,479,112,124,236,88,119,207,153,194,347,166,176,342,100,145,245,108,111,219,52,70,122,17,30,47,2,9,11,1056,1199,2255,2255,271,0.12017738359201774
2021-09-27,488,427,915,347,276,623,168,228,396,260,307,567,261,251,512,163,222,385,142,201,343,103,128,231,27,56,83,10,17,27,1969,2113,4082,4082,469,0.11489465948064674
2021-09-28,489,392,881,419,450,869,139,222,361,234,289,523,206,267,473,150,198,348,122,158,280,81,86,167,18,50,68,5,11,16,1863,2123,3986,3985,424,0.10639899623588457
2021-09-29,415,350,765,307,307,614,157,221,378,221,303,524,216,255,471,144,192,336,127,170,297,90,140,230,39,45,84,9,10,19,1725,1993,3718,3715,363,0.09771197846567968
2021-09-30,335,317,652,391,404,795,138,193,331,206,243,449,160,218,378,139,171,310,113,163,276,64,104,168,25,61,86,6,13,19,1577,1887,3464,3462,247,0.07134604274985558
2021-10-01,418,312,730,412,413,825,168,208,376,219,318,537,234,252,486,163,177,340,121,181,302,88,120,208,29,61,90,4,20,24,1856,2062,3918,3918,479,0.12225625319040327
2021-10-02,217,218,435,126,121,247,125,145,270,141,213,354,128,145,273,106,136,242,94,137,231,75,75,150,16,37,53,2,10,12,1030,1237,2267,2268,298,0.13139329805996472
2021-10-03,195,178,373,116,103,219,118,143,261,146,153,299,128,154,282,90,117,207,70,115,185,45,69,114,19,34,53,1,5,6,928,1071,1999,1999,265,0.1325662831415708
2021-10-04,425,414,839,439,372,811,182,230,412,206,331,537,223,276,499,169,232,401,144,208,352,100,132,232,30,40,70,6,14,20,1924,2249,4173,4173,422,0.1011262880421759
2021-10-05,426,373,799,373,459,832,155,223,378,264,327,591,218,265,483,157,223,380,116,178,294,78,120,198,31,49,80,11,13,24,1829,2230,4059,4058,363,0.08945293247905373
2021-10-06,340,297,637,323,341,664,190,214,404,254,332,586,220,271,491,147,231,378,134,162,296,75,120,195,33,39,72,6,9,15,1722,2016,3738,3738,361,0.09657570893525949
2021-10-07,283,290,573,181,207,388,178,221,399,248,325,573,228,291,519,168,215,383,121,184,305,107,100,207,29,46,75,3,15,18,1546,1894,3440,3440,500,0.14534883720930233
2021-10-08,147,140,287,128,151,279,152,166,318,180,211,391,192,194,386,124,179,303,135,163,298,69,75,144,21,32,53,7,14,21,1155,1325,2480,2480,314,0.12661290322580646
2021-10-09,125,127,252,155,155,310,123,144,267,162,199,361,161,184,345,126,153,279,116,140,256,73,101,174,19,41,60,4,9,13,1064,1253,2317,2316,342,0.14766839378238342
2021-10-10,169,170,339,100,106,206,107,140,247,161,184,345,159,181,340,111,145,256,111,128,239,56,82,138,20,32,52,3,6,9,997,1174,2171,2170,307,0.14147465437788018
2021-10-11,191,172,363,147,151,298,160,166,326,218,214,432,200,225,425,145,181,326,135,158,293,87,96,183,20,31,51,5,12,17,1308,1406,2714,2710,408,0.15055350553505534
2021-10-12,352,326,678,366,379,745,210,289,499,305,335,640,264,329,593,189,248,437,172,234,406,107,132,239,38,56,94,8,19,27,2011,2347,4358,4358,422,0.09683340982101882
2021-10-13,361,333,694,373,379,752,241,296,537,327,347,674,280,322,602,195,219,414,144,203,347,105,143,248,27,45,72,4,8,12,2057,2295,4352,4351,439,0.1008963456676626
2021-10-14,332,325,657,411,399,810,211,280,491,264,326,590,276,334,610,202,268,470,170,229,399,106,128,234,31,60,91,7,18,25,2010,2367,4377,4377,335,0.07653644048435002
2021-10-15,281,250,531,281,301,582,180,262,442,267,305,572,229,285,514,188,203,391,144,205,349,89,138,227,22,44,66,2,9,11,1683,2002,3685,3684,395,0.10722041259500543
2021-10-16,164,155,319,175,211,386,146,148,294,216,232,448,192,227,419,146,192,338,130,184,314,99,128,227,33,44,77,3,12,15,1304,1533,2837,2836,389,0.13716502115655854
2021-10-17,153,122,275,176,155,331,87,133,220,170,194,364,163,194,357,123,141,264,91,118,209,70,88,158,20,29,49,1,4,5,1054,1178,2232,2231,234,0.10488570147915732
2021-10-18,382,366,748,276,296,572,219,269,488,281,313,594,245,296,541,195,260,455,186,254,440,112,152,264,42,65,107,5,10,15,1943,2281,4224,4220,444,0.1052132701421801
2021-10-19,415,398,813,276,308,584,186,232,418,237,294,531,185,295,480,152,193,345,149,170,319,102,124,226,33,57,90,6,19,25,1741,2090,3831,3830,428,0.11174934725848563
2021-10-20,422,385,807,296,332,628,221,294,515,259,363,622,232,318,550,180,228,408,133,203,336,99,144,243,30,46,76,5,10,15,1877,2323,4200,4199,509,0.12121933793760419
2021-10-21,451,421,872,292,341,633,202,263,465,267,402,669,229,334,563,163,283,446,138,213,351,102,144,246,29,63,92,3,21,24,1876,2485,4361,4360,483,0.11077981651376147
2021-10-22,418,428,846,366,423,789,187,289,476,282,389,671,258,388,646,194,281,475,158,238,396,106,134,240,37,64,101,8,13,21,2014,2647,4661,4660,479,0.10278969957081545
2021-10-23,254,236,490,217,197,414,116,165,281,193,223,416,181,246,427,140,189,329,119,155,274,72,89,161,17,39,56,6,13,19,1315,1552,2867,2867,378,0.13184513428671085
2021-10-24,288,249,537,163,144,307,95,159,254,181,244,425,166,231,397,144,187,331,102,129,231,58,88,146,25,22,47,2,8,10,1224,1461,2685,2685,312,0.11620111731843576
2021-10-25,536,545,1081,335,321,656,240,331,571,350,403,753,300,374,674,203,314,517,203,294,497,105,162,267,32,48,80,2,10,12,2306,2802,5108,5108,574,0.11237274862960063
2021-10-26,498,478,976,400,350,750,245,306,551,285,377,662,254,357,611,202,285,487,202,251,453,102,137,239,26,65,91,3,10,13,2217,2616,4833,4833,391,0.08090213118146079
2021-10-27,455,433,888,362,310,672,217,261,478,254,353,607,252,314,566,180,268,448,155,222,377,117,119,236,31,53,84,4,12,16,2027,2345,4372,4368,389,0.08905677655677656
2021-10-28,450,430,880,364,357,721,193,283,476,287,339,626,231,309,540,172,225,397,168,196,364,92,123,215,36,52,88,6,15,21,1999,2329,4328,4327,334,0.07718973884908713
2021-10-29,398,394,792,358,361,719,186,276,462,293,355,648,298,360,658,189,276,465,164,227,391,113,163,276,29,64,93,3,13,16,2031,2489,4520,4520,483,0.10685840707964601
2021-10-30,222,201,423,217,228,445,128,147,275,197,254,451,209,249,458,156,178,334,126,154,280,83,102,185,30,43,73,3,7,10,1371,1563,2934,2934,457,0.15576005453306066
2021-10-31,201,209,410,191,204,395,117,139,256,155,205,360,170,220,390,135,167,302,102,129,231,54,92,146,22,28,50,3,13,16,1150,1406,2556,2555,318,0.12446183953033269
2021-11-01,393,409,802,302,312,614,171,275,446,284,379,663,334,394,728,240,318,558,200,269,469,142,165,307,27,57,84,8,14,22,2101,2592,4693,4693,463,0.09865757511186873
2021-11-02,400,377,777,309,298,607,180,251,431,255,305,560,213,346,559,162,247,409,171,210,381,100,132,232,37,53,90,4,13,17,1831,2232,4063,4061,434,0.10687022900763359
2021-11-03,415,323,738,340,384,724,186,253,439,280,337,617,287,359,646,218,268,486,170,200,370,105,144,249,32,41,73,1,12,13,2034,2321,4355,4355,422,0.09690011481056257
2021-11-04,353,318,671,313,310,623,178,244,422,261,339,600,256,337,593,215,277,492,169,213,382,95,129,224,34,49,83,6,12,18,1880,2228,4108,4109,458,0.11146264297882696
2021-11-05,320,306,626,284,316,600,204,253,457,251,344,595,245,336,581,211,254,465,175,220,395,92,124,216,35,46,81,5,14,19,1822,2213,4035,4035,493,0.12218091697645601
2021-11-06,204,174,378,207,197,404,128,164,292,200,217,417,171,207,378,136,185,321,115,122,237,68,90,158,22,37,59,2,10,12,1253,1403,2656,2656,312,0.11746987951807229
2021-11-07,194,217,411,196,201,397,103,160,263,143,191,334,164,212,376,135,174,309,103,142,245,57,75,132,27,15,42,4,5,9,1126,1392,2518,2518,304,0.12073073868149325
2021-11-08,479,417,896,297,301,598,227,295,522,314,368,682,282,414,696,209,296,505,185,227,412,113,154,267,43,62,105,4,12,16,2153,2546,4699,4699,510,0.10853373058097468
2021-11-09,413,369,782,293,285,578,171,272,443,276,310,586,270,333,603,180,248,428,142,162,304,86,106,192,26,54,80,6,8,14,1863,2147,4010,4008,376,0.09381237524950099
2021-11-10,414,330,744,297,330,627,236,297,533,277,366,643,286,352,638,227,266,493,131,193,324,75,121,196,21,51,72,5,11,16,1969,2317,4286,4286,333,0.0776948203453103
2021-11-11,406,372,778,304,325,629,210,260,470,301,414,715,256,347,603,184,276,460,135,177,312,85,112,197,29,55,84,2,11,13,1912,2349,4261,4260,317,0.0744131455399061
2021-11-12,340,340,680,364,377,741,221,268,489,307,457,764,296,422,718,237,330,567,212,320,532,104,158,262,41,47,88,2,14,16,2124,2733,4857,4857,471,0.09697344039530574
2021-11-13,209,209,418,306,279,585,150,206,356,235,256,491,203,255,458,144,215,359,128,162,290,105,142,247,25,40,65,2,14,16,1507,1778,3285,3285,453,0.13789954337899543
2021-11-14,191,184,375,132,112,244,80,119,199,150,186,336,139,155,294,82,124,206,72,120,192,57,76,133,10,20,30,4,11,15,917,1107,2024,2024,322,0.1590909090909091
2021-11-15,406,386,792,304,292,596,179,269,448,297,358,655,257,382,639,193,295,488,193,248,441,120,179,299,40,62,102,4,12,16,1993,2483,4476,4474,423,0.09454626732230666
2021-11-16,376,373,749,297,245,542,188,278,466,254,386,640,282,341,623,216,272,488,171,227,398,95,138,233,33,36,69,4,10,14,1916,2306,4222,4222,453,0.10729512079583135
2021-11-17,399,368,767,282,232,514,207,275,482,283,443,726,285,411,696,232,308,540,169,248,417,127,157,284,34,46,80,7,9,16,2025,2497,4522,4522,396,0.0875718708536046
2021-11-18,399,330,729,359,318,677,222,303,525,305,413,718,284,392,676,196,323,519,192,220,412,92,113,205,32,53,85,10,13,23,2091,2478,4569,4569,447,0.09783322390019698
2021-11-19,295,299,594,360,375,735,198,258,456,257,408,665,308,367,675,219,313,532,176,181,357,88,150,238,28,41,69,2,10,12,1931,2402,4333,4332,365,0.08425669436749769
2021-11-20,208,186,394,243,282,525,124,185,309,188,227,415,167,238,405,133,168,301,132,135,267,80,91,171,22,32,54,2,8,10,1299,1552,2851,2851,413,0.14486145212206245
2021-11-21,156,149,305,207,205,412,81,90,171,145,166,311,147,167,314,108,122,230,91,148,239,43,89,132,21,27,48,3,4,7,1002,1167,2169,2169,341,0.15721530659289995
2021-11-22,200,222,422,231,225,456,109,145,254,193,231,424,173,261,434,148,189,337,109,159,268,89,90,179,30,41,71,2,10,12,1284,1573,2857,2857,398,0.13930696534826742
2021-11-23,339,326,665,245,262,507,174,223,397,250,314,564,210,306,516,147,247,394,136,191,327,80,122,202,38,38,76,2,12,14,1621,2041,3662,3659,570,0.15578026783274118
2021-11-24,312,306,618,216,228,444,162,230,392,253,300,553,213,313,526,139,266,405,114,169,283,92,93,185,28,52,80,3,8,11,1532,1965,3497,3495,500,0.1430615164520744
2021-11-25,312,317,629,266,258,524,208,256,464,316,375,691,269,302,571,212,241,453,152,193,345,96,113,209,33,41,74,1,8,9,1865,2104,3969,3969,359,0.09045099521289998
2021-11-26,281,293,574,410,426,836,242,235,477,286,379,665,277,377,654,217,257,474,166,207,373,91,133,224,28,44,72,1,14,15,1999,2365,4364,4363,461,0.1056612422644969
2021-11-27,180,187,367,265,273,538,195,201,396,268,295,563,263,270,533,188,221,409,176,189,365,114,131,245,41,47,88,4,15,19,1694,1829,3523,3523,377,0.1070110701107011
2021-11-28,180,151,331,157,189,346,108,125,233,169,179,348,173,224,397,121,147,268,90,116,206,47,63,110,13,33,46,4,7,11,1062,1234,2296,2296,256,0.11149825783972125
2021-11-29,280,285,565,397,373,770,228,297,525,322,377,699,303,377,680,204,291,495,186,241,427,140,164,304,39,69,108,3,17,20,2102,2491,4593,4593,452,0.09841062486392337
2021-11-30,295,277,572,319,319,638,227,323,550,345,401,746,288,387,675,214,292,506,173,232,405,101,138,239,34,59,93,4,19,23,2000,2447,4447,4447,569,0.12795142792894085
2021-12-01,360,273,633,303,295,598,180,298,478,311,390,701,310,380,690,201,272,473,179,261,440,121,148,269,31,55,86,4,15,19,2000,2387,4387,4386,455,0.10373917008663931
2021-12-02,317,288,605,368,441,809,241,370,611,394,489,883,343,430,773,238,351,589,194,250,444,106,147,253,37,51,88,2,12,14,2240,2829,5069,5069,523,0.10317616886959953
2021-12-03,221,235,456,227,282,509,164,218,382,243,284,527,236,241,477,142,196,338,142,153,295,80,98,178,23,42,65,4,13,17,1482,1762,3244,3241,574,0.1771058315334773
2021-12-04,222,168,390,347,406,753,177,238,415,260,312,572,228,324,552,154,219,373,153,170,323,78,108,186,30,49,79,1,10,11,1650,2004,3654,3654,456,0.12479474548440066
2021-12-05,239,222,461,393,375,768,169,240,409,217,278,495,216,269,485,156,232,388,120,171,291,87,113,200,19,38,57,2,10,12,1618,1948,3566,3566,285,0.07992148065058889
2021-12-06,378,405,783,372,417,789,308,398,706,386,458,844,358,478,836,273,352,625,225,323,548,140,169,309,42,78,120,8,12,20,2490,3090,5580,5580,509,0.09121863799283154
2021-12-07,372,383,755,374,422,796,282,399,681,364,541,905,339,479,818,248,355,603,163,249,412,118,178,296,36,69,105,6,18,24,2302,3093,5395,5394,404,0.07489803485354098
2021-12-08,253,260,513,226,205,431,199,312,511,257,332,589,230,302,532,187,238,425,129,196,325,84,116,200,31,43,74,1,8,9,1597,2012,3609,3608,391,0.10837028824833703
2021-12-09,337,337,674,415,445,860,327,510,837,409,557,966,387,521,908,285,400,685,226,274,500,135,181,316,43,61,104,4,12,16,2568,3298,5866,5864,572,0.09754433833560709
2021-12-10,328,383,711,703,718,1421,368,526,894,496,620,1116,430,575,1005,290,383,673,192,292,484,132,216,348,40,72,112,5,15,20,2984,3800,6784,6776,657,0.09695985832349469
2021-12-11,213,202,415,397,466,863,248,314,562,291,383,674,293,356,649,206,249,455,141,200,341,84,116,200,18,47,65,3,9,12,1894,2342,4236,4233,425,0.10040160642570281
2021-12-12,229,235,464,296,330,626,184,302,486,275,378,653,256,329,585,189,258,447,144,207,351,79,116,195,32,43,75,3,14,17,1687,2212,3899,3899,392,0.10053859964093358
2021-12-13,359,386,745,448,471,919,388,605,993,438,576,1014,400,484,884,285,442,727,235,329,564,163,180,343,50,94,144,7,24,31,2773,3591,6364,6364,662,0.10402262727844123
2021-12-14,371,383,754,424,453,877,477,659,1136,538,742,1280,422,531,953,273,415,688,253,318,571,144,188,332,48,57,105,7,11,18,2957,3757,6714,6714,619,0.09219541257074769
2021-12-15,382,398,780,381,518,899,432,602,1034,533,614,1147,417,556,973,303,406,709,203,272,475,131,145,276,49,79,128,8,16,24,2839,3606,6445,6444,667,0.10350713842333954
2021-12-16,457,452,909,563,633,1196,556,809,1365,638,838,1476,553,689,1242,359,487,846,263,326,589,119,175,294,43,76,119,5,10,15,3556,4495,8051,8048,687,0.08536282306163022
2021-12-17,425,432,857,609,733,1342,560,793,1353,632,796,1428,488,679,1167,377,502,879,239,349,588,157,195,352,36,59,95,3,15,18,3526,4553,8079,8076,977,0.12097573055968301
2021-12-18,263,267,530,390,452,842,347,507,854,463,568,1031,338,464,802,275,347,622,190,236,426,97,159,256,27,51,78,3,8,11,2393,3059,5452,5452,689,0.12637564196625092
2021-12-19,258,274,532,300,359,659,277,410,687,390,512,902,342,394,736,266,333,599,200,209,409,109,127,236,26,35,61,3,6,9,2171,2659,4830,4830,637,0.1318840579710145
2021-12-20,455,489,944,538,580,1118,555,777,1332,687,864,1551,572,746,1318,405,565,970,279,398,677,184,231,415,50,96,146,7,14,21,3732,4760,8492,8489,958,0.11285192602191071
2021-12-21,400,428,828,546,559,1105,731,914,1645,789,1003,1792,605,755,1360,422,543,965,264,357,621,135,181,316,42,84,126,3,13,16,3937,4837,8774,8770,950,0.10832383124287344
2021-12-22,551,446,997,605,764,1369,941,1303,2244,1055,1405,2460,841,1125,1966,521,798,1319,374,480,854,203,271,474,38,94,132,7,25,32,5136,6711,11847,11833,1169,0.09879151525395082
2021-12-23,505,541,1046,756,842,1598,1063,1330,2393,1114,1438,2552,828,1130,1958,532,807,1339,392,524,916,175,292,467,49,106,155,2,20,22,5416,7030,12446,12433,1680,0.13512426606611438
2021-12-24,299,283,582,400,441,841,488,698,1186,562,681,1243,448,579,1027,318,427,745,222,241,463,108,148,256,36,53,89,4,5,9,2885,3556,6441,6434,1334,0.20733602735467827
2021-12-25,153,141,294,173,204,377,155,212,367,211,257,468,189,251,440,158,192,350,103,134,237,57,97,154,18,33,51,1,9,10,1218,1530,2748,2731,937,0.3430977663859392
2021-12-26,340,340,680,513,598,1111,579,664,1243,659,799,1458,605,802,1407,467,635,1102,309,396,705,188,194,382,35,71,106,7,8,15,3702,4507,8209,8200,1259,0.15353658536585366
2021-12-27,482,466,948,766,856,1622,853,1029,1882,1008,1254,2262,855,1180,2035,660,943,1603,461,538,999,234,317,551,68,102,170,3,34,37,5390,6719,12109,12088,1454,0.12028457974851092
2021-12-28,470,435,905,876,974,1850,1030,1288,2318,1053,1326,2379,966,1281,2247,708,983,1691,472,596,1068,201,279,480,62,119,181,3,19,22,5841,7300,13141,13129,1252,0.09536141366440704
2021-12-29,512,451,963,976,1008,1984,1185,1555,2740,1176,1517,2693,1008,1390,2398,721,1088,1809,491,619,1110,220,327,547,56,117,173,10,19,29,6355,8091,14446,14423,1388,0.09623517992095958
2021-12-30,689,624,1313,1155,1323,2478,1462,1694,3156,1320,1711,3031,1119,1617,2736,861,1252,2113,579,811,1390,279,440,719,67,131,198,9,28,37,7540,9631,17171,17145,1376,0.08025663458734325
2021-12-31,242,247,489,503,535,1038,593,749,1342,621,703,1324,519,696,1215,400,559,959,261,359,620,132,184,316,36,57,93,6,7,13,3313,4096,7409,7357,753,0.10235150197091206
2022-01-01,106,111,217,143,175,318,163,208,371,195,251,446,188,269,457,174,226,400,108,143,251,50,88,138,19,24,43,1,9,10,1147,1504,2651,2611,409,0.156644963615473
2022-01-02,134,106,240,101,104,205,101,115,216,113,164,277,131,164,295,111,129,240,73,80,153,32,54,86,10,24,34,2,6,8,808,946,1754,1712,710,0.4147196261682243
2022-01-03,173,167,340,114,121,235,158,212,370,199,237,436,141,232,373,137,144,281,119,122,241,57,75,132,15,38,53,3,8,11,1116,1356,2472,2461,1044,0.4242177976432345
2022-01-04,136,107,243,89,79,168,139,196,335,165,205,370,139,182,321,93,107,200,57,88,145,37,56,93,17,37,54,4,5,9,876,1062,1938,1924,1012,0.525987525987526
2022-01-05,128,102,230,100,121,221,142,219,361,191,240,431,161,194,355,105,160,265,93,107,200,55,66,121,16,28,44,4,9,13,995,1246,2241,2231,1160,0.5199462124607799
2022-01-06,121,83,204,92,99,191,130,192,322,167,213,380,139,187,326,99,137,236,79,110,189,49,47,96,19,36,55,4,10,14,899,1114,2013,1997,1052,0.5267901852779169
2022-01-07,82,77,159,63,57,120,129,164,293,164,235,399,139,150,289,86,125,211,84,104,188,40,43,83,16,21,37,0,8,8,803,984,1787,1769,1246,0.7043527416619559
2022-01-08,60,45,105,52,64,116,55,98,153,88,128,216,85,112,197,56,95,151,46,80,126,23,45,68,8,17,25,3,3,6,476,687,1163,1157,623,0.5384615384615384
2022-01-09,46,53,99,29,48,77,42,57,99,48,73,121,58,66,124,35,56,91,31,44,75,11,21,32,9,12,21,1,0,1,310,430,740,724,454,0.6270718232044199
2022-01-10,78,73,151,57,58,115,81,107,188,87,125,212,81,114,195,64,85,149,48,70,118,30,41,71,8,29,37,1,10,11,535,712,1247,1222,556,0.45499181669394434
2022-01-11,49,63,112,45,53,98,76,110,186,112,142,254,88,96,184,59,85,144,39,52,91,19,42,61,12,16,28,0,7,7,499,666,1165,1134,419,0.36948853615520283
2022-01-12,74,62,136,39,39,78,52,76,128,69,114,183,67,99,166,60,65,125,43,57,100,26,32,58,12,15,27,1,2,3,443,561,1004,982,346,0.35234215885947046
2022-01-13,40,46,86,49,32,81,67,120,187,97,126,223,67,95,162,53,78,131,47,48,95,15,34,49,14,19,33,2,2,4,451,600,1051,1047,367,0.35052531041069723
2022-01-14,70,59,129,64,95,159,67,108,175,113,158,271,92,135,227,70,93,163,46,81,127,32,36,68,12,26,38,0,5,5,566,796,1362,1352,446,0.32988165680473375
2022-01-15,80,84,164,80,103,183,115,140,255,153,161,314,153,166,319,75,126,201,68,81,149,31,42,73,6,9,15,0,4,4,761,916,1677,1668,382,0.2290167865707434
2022-01-16,47,28,75,23,21,44,24,37,61,44,41,85,42,45,87,21,44,65,14,32,46,12,15,27,5,13,18,1,5,6,233,281,514,513,257,0.5009746588693957
2022-01-17,70,68,138,34,40,74,48,71,119,71,92,163,62,90,152,39,55,94,46,48,94,18,24,42,8,16,24,1,8,9,397,512,909,903,366,0.4053156146179402
2022-01-18,48,43,91,32,48,80,51,80,131,73,122,195,59,89,148,46,64,110,44,56,100,30,36,66,11,21,32,2,7,9,396,566,962,949,241,0.25395152792413067
2022-01-19,24,24,48,27,26,53,33,37,70,59,65,124,52,82,134,36,39,75,21,44,65,12,25,37,9,14,23,1,1,2,274,357,631,621,58,0.09339774557165861
2022-01-20,17,8,25,7,6,13,10,10,20,7,16,23,12,15,27,8,15,23,6,7,13,5,6,11,4,4,8,0,0,0,76,87,163,157,0,0.0
2022-01-21,0,0,0,0,0,0,0,0,0,0,0,0,0,0,0,0,0,0,0,0,0,0,0,0,0,0,0,0,0,0,0,0,0,0,0,
2022-01-22,0,0,0,0,0,0,0,0,0,0,0,0,0,0,0,0,0,0,0,0,0,0,0,0,0,0,0,0,0,0,0,0,0,0,0,
