FECHA,<=10M,<=10F,<=10,11-20M,11-20F,11-20,21-30M,21-30F,21-30,31-40M,31-40F,31-40,41-50M,41-50F,41-50,51-60M,51-60F,51-60,61-70M,61-70F,61-70,71-80M,71-80F,71-80,81-90M,81-90F,81-90,>=91M,>=91F,>=91,TotalM,TotalF,Total
2020-03-15,0,0,0,0,1,1,1,0,1,1,0,1,0,0,0,0,0,0,0,1,1,0,0,0,0,0,0,0,0,0,2,2,4
2020-03-16,0,0,0,0,1,1,4,2,6,4,0,4,1,0,1,0,1,1,1,1,2,0,0,0,0,0,0,0,0,0,10,5,15
2020-03-17,0,0,0,1,1,2,5,3,8,6,1,7,1,0,1,2,3,5,1,3,4,2,0,2,0,0,0,0,0,0,18,11,29
2020-03-18,0,0,0,1,1,2,7,5,12,8,4,12,2,1,3,3,3,6,1,4,5,2,0,2,0,0,0,0,0,0,24,18,42
2020-03-19,0,0,0,2,1,3,9,5,14,12,4,16,4,1,5,4,4,8,1,5,6,4,1,5,0,0,0,0,0,0,36,21,57
2020-03-20,0,0,0,2,1,3,14,5,19,14,4,18,6,1,7,6,4,10,2,6,8,4,3,7,0,1,1,0,0,0,48,25,73
2020-03-21,2,0,2,3,3,6,17,5,22,14,8,22,8,2,10,9,7,16,5,7,12,6,3,9,0,1,1,0,0,0,64,36,100
2020-03-22,2,0,2,3,3,6,19,7,26,19,8,27,12,2,14,11,11,22,7,7,14,9,4,13,0,1,1,0,0,0,82,43,125
2020-03-23,2,0,2,4,3,7,21,9,30,24,10,34,14,3,17,15,13,28,8,9,17,12,6,18,1,1,2,0,0,0,101,54,155
2020-03-24,2,0,2,4,3,7,24,14,38,33,11,44,16,4,20,17,14,31,9,9,18,13,7,20,2,1,3,0,0,0,120,63,183
2020-03-25,4,0,4,5,4,9,28,18,46,35,13,48,20,4,24,19,14,33,11,9,20,14,7,21,3,3,6,0,1,1,139,73,212
2020-03-26,4,0,4,5,5,10,29,19,48,37,14,51,22,4,26,21,18,39,13,12,25,16,8,24,4,3,7,0,1,1,151,84,235
2020-03-27,4,0,4,5,5,10,30,21,51,41,14,55,23,7,30,22,19,41,15,14,29,16,10,26,4,3,7,0,1,1,160,94,254
2020-03-28,4,0,4,5,5,10,31,22,53,42,17,59,25,8,33,23,20,43,16,15,31,17,12,29,6,3,9,0,1,1,169,103,272
2020-03-29,4,0,4,5,5,10,34,25,59,48,20,68,25,8,33,24,24,48,18,19,37,20,14,34,6,3,9,1,1,2,185,119,304
2020-03-30,4,0,4,5,6,11,39,28,67,49,22,71,28,10,38,27,24,51,21,22,43,24,15,39,6,3,9,1,2,3,204,132,336
2020-03-31,5,0,5,5,7,12,41,30,71,51,23,74,31,11,42,32,24,56,23,23,46,27,19,46,6,4,10,1,4,5,222,145,367
2020-04-01,5,0,5,6,8,14,43,34,77,54,28,82,34,13,47,34,28,62,27,25,52,27,20,47,6,5,11,1,4,5,237,165,402
2020-04-02,5,0,5,6,8,14,44,34,78,57,33,90,36,14,50,36,31,67,29,25,54,35,22,57,6,9,15,2,7,9,256,183,439
2020-04-03,5,0,5,6,8,14,47,36,83,58,34,92,38,15,53,37,35,72,30,28,58,37,22,59,6,10,16,2,8,10,266,196,462
2020-04-04,5,2,7,6,8,14,49,38,87,59,34,93,38,16,54,39,36,75,31,30,61,37,22,59,6,11,17,3,8,11,273,205,478
2020-04-05,6,2,8,6,8,14,49,40,89,61,35,96,38,20,58,39,37,76,32,30,62,39,23,62,7,11,18,3,8,11,280,214,494
2020-04-06,6,2,8,6,8,14,50,42,92,64,38,102,39,21,60,40,41,81,35,32,67,41,25,66,7,12,19,3,8,11,291,229,520
2020-04-07,6,2,8,6,9,15,53,42,95,65,43,108,40,21,61,42,42,84,36,32,68,42,27,69,8,12,20,5,8,13,303,238,541
2020-04-08,8,2,10,7,9,16,54,43,97,66,50,116,41,23,64,44,42,86,37,32,69,44,28,72,8,12,20,5,8,13,314,249,563
2020-04-09,8,2,10,7,10,17,55,43,98,71,50,121,41,24,65,45,42,87,37,33,70,44,28,72,8,12,20,5,8,13,321,252,573
2020-04-10,8,2,10,7,10,17,55,44,99,75,53,128,41,24,65,46,42,88,37,33,70,44,28,72,8,12,20,5,8,13,326,256,582
2020-04-11,8,2,10,7,10,17,55,45,100,76,54,130,41,26,67,47,42,89,37,33,70,44,28,72,10,13,23,5,8,13,330,261,591
2020-04-12,8,2,10,7,10,17,56,45,101,79,57,136,41,26,67,47,44,91,37,33,70,44,29,73,11,14,25,5,8,13,335,268,603
2020-04-13,9,2,11,7,10,17,58,46,104,81,60,141,44,27,71,47,47,94,37,35,72,45,30,75,11,14,25,5,8,13,344,279,623
2020-04-14,9,2,11,7,10,17,61,48,109,85,61,146,45,29,74,49,48,97,40,36,76,47,31,78,11,14,25,5,9,14,359,288,647
2020-04-15,9,2,11,7,10,17,61,49,110,87,63,150,47,30,77,49,49,98,40,36,76,47,31,78,11,15,26,5,9,14,363,294,657
2020-04-16,9,2,11,7,10,17,61,51,112,91,65,156,48,30,78,52,51,103,41,36,77,50,32,82,11,21,32,6,10,16,376,308,684
2020-04-17,9,2,11,7,10,17,63,53,116,93,69,162,49,31,80,53,52,105,42,37,79,50,33,83,13,25,38,6,11,17,385,323,708
2020-04-18,9,3,12,7,10,17,64,54,118,93,70,163,51,33,84,54,53,107,44,38,82,51,34,85,14,30,44,6,14,20,393,339,732
2020-04-19,9,3,12,7,10,17,67,54,121,97,74,171,51,37,88,55,53,108,44,39,83,52,37,89,14,32,46,7,17,24,403,356,759
2020-04-20,9,3,12,7,10,17,67,55,122,99,75,174,53,38,91,58,56,114,45,39,84,52,40,92,17,33,50,8,18,26,415,367,782
2020-04-21,9,7,16,7,10,17,67,58,125,100,81,181,54,42,96,59,58,117,47,40,87,52,43,95,20,36,56,9,23,32,424,398,822
2020-04-22,10,7,17,8,11,19,74,65,139,105,85,190,57,46,103,60,62,122,50,42,92,54,50,104,23,42,65,14,29,43,455,439,894
2020-04-23,16,10,26,9,12,21,82,69,151,107,90,197,61,50,111,61,62,123,53,46,99,56,53,109,31,43,74,14,32,46,490,467,957
2020-04-24,17,10,27,10,14,24,86,76,162,115,94,209,64,53,117,63,68,131,56,47,103,56,53,109,33,46,79,14,32,46,514,493,1007
2020-04-25,20,11,31,12,14,26,86,80,166,118,96,214,67,60,127,65,68,133,57,48,105,56,53,109,34,48,82,14,32,46,529,510,1039
2020-04-26,21,13,34,14,14,28,86,84,170,121,99,220,68,61,129,65,68,133,57,48,105,56,54,110,35,49,84,14,32,46,537,522,1059
2020-04-27,23,15,38,15,16,31,90,90,180,125,110,235,76,66,142,67,71,138,60,48,108,58,55,113,38,51,89,15,33,48,567,555,1122
2020-04-28,23,15,38,17,17,34,91,93,184,133,112,245,77,69,146,71,71,142,62,49,111,61,55,116,39,56,95,15,35,50,589,572,1161
2020-04-29,24,17,41,19,20,39,94,95,189,137,113,250,81,74,155,72,73,145,63,50,113,63,56,119,39,59,98,15,35,50,607,592,1199
2020-04-30,27,17,44,19,25,44,96,96,192,145,118,263,85,77,162,76,74,150,64,50,114,64,56,120,39,60,99,15,35,50,630,608,1238
2020-05-01,30,20,50,24,26,50,101,104,205,147,123,270,88,81,169,80,76,156,65,51,116,64,56,120,39,61,100,16,35,51,654,633,1287
2020-05-02,34,22,56,27,31,58,106,112,218,152,128,280,90,82,172,80,77,157,65,51,116,65,56,121,39,62,101,16,35,51,674,656,1330
2020-05-03,35,23,58,34,32,66,108,119,227,154,136,290,92,83,175,83,77,160,66,53,119,65,56,121,40,63,103,16,35,51,693,677,1370
2020-05-04,37,27,64,38,35,73,114,126,240,163,145,308,95,90,185,85,78,163,69,53,122,65,56,121,41,65,106,16,36,52,723,711,1434
2020-05-05,41,33,74,42,42,84,122,138,260,179,154,333,103,106,209,91,82,173,70,57,127,67,59,126,47,75,122,17,43,60,779,789,1568
2020-05-06,43,39,82,45,47,92,131,145,276,188,167,355,112,111,223,94,82,176,72,58,130,69,61,130,48,76,124,18,44,62,820,830,1650
2020-05-07,49,45,94,50,53,103,143,163,306,200,177,377,121,118,239,100,86,186,73,62,135,69,62,131,51,77,128,18,46,64,874,889,1763
2020-05-08,60,54,114,60,65,125,158,181,339,216,196,412,137,130,267,105,88,193,79,65,144,73,62,135,52,81,133,19,46,65,959,968,1927
2020-05-09,62,58,120,62,71,133,168,190,358,231,212,443,150,135,285,113,94,207,83,68,151,74,64,138,52,81,133,20,46,66,1015,1019,2034
2020-05-10,67,63,130,68,77,145,182,200,382,259,226,485,183,138,321,137,100,237,87,71,158,74,66,140,53,81,134,20,46,66,1130,1068,2198
2020-05-11,74,71,145,73,84,157,194,211,405,277,244,521,193,148,341,141,103,244,91,74,165,75,67,142,54,84,138,20,47,67,1192,1133,2325
2020-05-12,82,89,171,80,94,174,224,244,468,302,265,567,207,162,369,153,112,265,98,77,175,78,73,151,54,85,139,23,49,72,1301,1250,2551
2020-05-13,91,96,187,90,103,193,249,262,511,318,283,601,226,177,403,163,122,285,106,84,190,79,75,154,54,87,141,23,52,75,1399,1341,2740
2020-05-14,109,116,225,110,126,236,275,291,566,336,307,643,241,190,431,180,136,316,111,89,200,80,76,156,54,88,142,23,52,75,1519,1471,2990
2020-05-15,123,135,258,117,141,258,294,310,604,355,332,687,260,206,466,191,147,338,113,92,205,82,78,160,54,90,144,24,53,77,1613,1584,3197
2020-05-16,136,146,282,126,153,279,317,338,655,369,351,720,284,224,508,201,157,358,116,95,211,84,80,164,56,93,149,24,57,81,1713,1694,3407
2020-05-17,152,156,308,141,169,310,346,353,699,397,371,768,297,236,533,216,167,383,118,103,221,86,80,166,60,99,159,24,58,82,1837,1792,3629
2020-05-18,175,180,355,161,186,347,391,401,792,430,413,843,321,259,580,234,190,424,127,109,236,94,85,179,63,105,168,25,60,85,2021,1988,4009
2020-05-19,204,207,411,180,207,387,428,442,870,471,447,918,342,284,626,249,199,448,133,117,250,95,87,182,65,110,175,26,62,88,2193,2162,4355
2020-05-20,225,224,449,194,233,427,469,486,955,501,482,983,371,307,678,272,217,489,144,126,270,97,93,190,66,115,181,27,63,90,2366,2346,4712
2020-05-21,244,243,487,221,251,472,502,533,1035,552,516,1068,396,336,732,294,231,525,157,127,284,103,98,201,68,117,185,27,66,93,2564,2518,5082
2020-05-22,261,253,514,237,270,507,535,582,1117,588,544,1132,428,370,798,313,244,557,168,135,303,103,102,205,69,118,187,28,67,95,2730,2685,5415
2020-05-23,280,284,564,256,295,551,570,613,1183,615,572,1187,462,391,853,329,265,594,174,140,314,106,105,211,71,128,199,28,69,97,2891,2862,5753
2020-05-24,295,297,592,267,307,574,597,643,1240,639,601,1240,494,411,905,343,277,620,181,142,323,107,109,216,74,129,203,29,70,99,3026,2986,6012
2020-05-25,317,316,633,283,322,605,627,674,1301,664,632,1296,519,434,953,357,291,648,186,151,337,112,119,231,75,136,211,30,71,101,3170,3146,6316
2020-05-26,340,334,674,307,351,658,668,717,1385,711,673,1384,551,461,1012,383,320,703,197,157,354,114,125,239,76,142,218,32,78,110,3379,3358,6737
2020-05-27,372,348,720,329,378,707,711,768,1479,757,714,1471,583,496,1079,409,338,747,204,166,370,122,133,255,79,146,225,32,81,113,3598,3568,7166
2020-05-28,403,363,766,354,408,762,760,821,1581,798,750,1548,614,537,1151,430,358,788,216,177,393,127,144,271,92,168,260,36,96,132,3830,3822,7652
2020-05-29,429,400,829,377,442,819,791,867,1658,849,782,1631,633,568,1201,450,373,823,227,188,415,137,153,290,95,180,275,36,103,139,4024,4056,8080
2020-05-30,441,418,859,400,467,867,823,903,1726,877,816,1693,649,585,1234,466,382,848,233,194,427,140,158,298,97,183,280,37,104,141,4163,4210,8373
2020-05-31,447,429,876,411,487,898,856,930,1786,897,842,1739,669,613,1282,481,399,880,240,198,438,147,163,310,104,185,289,39,104,143,4291,4350,8641
2020-06-01,468,446,914,429,515,944,893,968,1861,941,880,1821,705,646,1351,501,426,927,245,208,453,153,172,325,111,192,303,40,104,144,4486,4557,9043
2020-06-02,499,469,968,461,540,1001,938,1012,1950,979,928,1907,736,674,1410,519,446,965,265,219,484,165,176,341,114,210,324,44,114,158,4720,4788,9508
2020-06-03,521,493,1014,476,561,1037,977,1064,2041,1030,969,1999,768,701,1469,544,471,1015,281,235,516,173,190,363,118,218,336,47,117,164,4935,5019,9954
2020-06-04,544,522,1066,495,586,1081,1020,1125,2145,1066,1013,2079,790,732,1522,571,493,1064,295,240,535,178,195,373,118,224,342,50,125,175,5127,5255,10382
2020-06-05,585,545,1130,528,612,1140,1066,1185,2251,1114,1062,2176,822,763,1585,595,514,1109,309,254,563,184,208,392,123,231,354,50,128,178,5376,5502,10878
2020-06-06,606,566,1172,544,637,1181,1102,1228,2330,1170,1094,2264,849,801,1650,613,531,1144,316,262,578,190,215,405,125,245,370,52,136,188,5567,5715,11282
2020-06-07,621,587,1208,565,651,1216,1137,1271,2408,1199,1120,2319,880,825,1705,628,545,1173,321,270,591,193,223,416,128,259,387,52,143,195,5724,5894,11618
2020-06-08,652,627,1279,591,687,1278,1194,1329,2523,1267,1175,2442,918,873,1791,673,573,1246,340,282,622,207,235,442,140,271,411,53,150,203,6035,6202,12237
2020-06-09,679,651,1330,624,718,1342,1240,1388,2628,1331,1247,2578,969,917,1886,711,616,1327,358,296,654,224,245,469,148,285,433,53,157,210,6337,6520,12857
2020-06-10,699,673,1372,645,747,1392,1300,1448,2748,1389,1313,2702,1022,957,1979,742,646,1388,374,313,687,240,261,501,156,315,471,54,173,227,6621,6846,13467
2020-06-11,730,701,1431,673,785,1458,1388,1532,2920,1458,1365,2823,1072,1010,2082,785,670,1455,390,328,718,254,274,528,162,327,489,54,179,233,6966,7171,14137
2020-06-12,772,740,1512,709,826,1535,1443,1604,3047,1521,1427,2948,1125,1061,2186,825,695,1520,408,350,758,268,285,553,166,331,497,55,183,238,7292,7502,14794
2020-06-13,805,760,1565,733,867,1600,1496,1657,3153,1572,1482,3054,1158,1105,2263,852,719,1571,426,362,788,277,298,575,171,347,518,58,194,252,7548,7791,15339
2020-06-14,826,786,1612,754,883,1637,1526,1701,3227,1616,1519,3135,1183,1129,2312,873,737,1610,439,375,814,281,308,589,175,361,536,59,201,260,7732,8000,15732
2020-06-15,855,804,1659,779,900,1679,1582,1753,3335,1662,1568,3230,1224,1155,2379,888,755,1643,452,383,835,287,315,602,179,370,549,63,203,266,7971,8206,16177
2020-06-16,894,843,1737,808,932,1740,1653,1825,3478,1748,1642,3390,1287,1199,2486,926,794,1720,479,404,883,304,326,630,183,386,569,64,208,272,8346,8559,16905
2020-06-17,933,873,1806,842,972,1814,1743,1912,3655,1840,1730,3570,1355,1276,2631,986,844,1830,509,431,940,335,338,673,190,411,601,65,219,284,8798,9006,17804
2020-06-18,961,910,1871,890,1012,1902,1833,1997,3830,1941,1824,3765,1440,1354,2794,1043,896,1939,535,447,982,347,352,699,198,426,624,66,225,291,9254,9443,18697
2020-06-19,993,945,1938,933,1064,1997,1915,2080,3995,2036,1909,3945,1504,1404,2908,1080,940,2020,567,476,1043,372,375,747,215,446,661,67,244,311,9682,9883,19565
2020-06-20,1026,984,2010,967,1104,2071,1985,2157,4142,2113,1966,4079,1558,1470,3028,1119,975,2094,585,493,1078,387,393,780,223,458,681,72,253,325,10035,10253,20288
2020-06-21,1049,1018,2067,1006,1134,2140,2033,2206,4239,2182,2022,4204,1592,1513,3105,1151,1000,2151,606,501,1107,397,404,801,231,474,705,73,265,338,10320,10537,20857
2020-06-22,1102,1057,2159,1048,1186,2234,2132,2293,4425,2300,2104,4404,1675,1576,3251,1231,1050,2281,655,533,1188,419,433,852,250,494,744,77,275,352,10889,11001,21890
2020-06-23,1137,1095,2232,1092,1224,2316,2234,2394,4628,2383,2200,4583,1760,1647,3407,1297,1101,2398,679,556,1235,433,446,879,265,526,791,80,282,362,11360,11471,22831
2020-06-24,1168,1122,2290,1128,1268,2396,2346,2491,4837,2473,2287,4760,1840,1723,3563,1351,1152,2503,708,577,1285,450,456,906,275,543,818,83,295,378,11822,11914,23736
2020-06-25,1209,1164,2373,1173,1314,2487,2439,2594,5033,2577,2376,4953,1892,1787,3679,1405,1196,2601,736,594,1330,461,471,932,284,569,853,85,308,393,12261,12373,24634
2020-06-26,1248,1211,2459,1233,1354,2587,2523,2692,5215,2678,2472,5150,1955,1867,3822,1463,1243,2706,770,615,1385,474,488,962,294,589,883,87,321,408,12725,12852,25577
2020-06-27,1289,1246,2535,1268,1396,2664,2604,2763,5367,2744,2558,5302,2001,1919,3920,1504,1275,2779,801,635,1436,482,498,980,302,606,908,89,326,415,13084,13222,26306
2020-06-28,1317,1264,2581,1303,1419,2722,2679,2835,5514,2805,2609,5414,2067,1962,4029,1540,1312,2852,816,650,1466,490,508,998,311,619,930,91,334,425,13419,13512,26931
2020-06-29,1342,1292,2634,1350,1470,2820,2774,2918,5692,2914,2684,5598,2148,2044,4192,1592,1363,2955,848,670,1518,506,525,1031,329,645,974,94,345,439,13897,13956,27853
2020-06-30,1372,1325,2697,1404,1505,2909,2858,3002,5860,2999,2774,5773,2222,2115,4337,1651,1407,3058,876,698,1574,526,545,1071,347,669,1016,98,360,458,14353,14400,28753
2020-07-01,1399,1361,2760,1454,1544,2998,2938,3083,6021,3093,2862,5955,2283,2169,4452,1708,1452,3160,911,728,1639,544,559,1103,365,687,1052,101,369,470,14796,14814,29610
2020-07-02,1441,1394,2835,1498,1597,3095,3019,3185,6204,3174,2959,6133,2378,2240,4618,1757,1501,3258,960,753,1713,565,582,1147,373,704,1077,103,377,480,15268,15292,30560
2020-07-03,1484,1437,2921,1552,1642,3194,3115,3280,6395,3284,3042,6326,2455,2317,4772,1823,1553,3376,994,779,1773,585,609,1194,379,728,1107,106,394,500,15777,15781,31558
2020-07-04,1511,1481,2992,1581,1667,3248,3180,3360,6540,3369,3116,6485,2527,2370,4897,1868,1595,3463,1028,807,1835,610,643,1253,385,777,1162,108,417,525,16167,16233,32400
2020-07-05,1532,1505,3037,1614,1698,3312,3234,3419,6653,3434,3173,6607,2588,2426,5014,1915,1640,3555,1062,832,1894,633,676,1309,400,810,1210,111,429,540,16523,16608,33131
2020-07-06,1560,1534,3094,1652,1733,3385,3329,3515,6844,3556,3274,6830,2684,2508,5192,1988,1698,3686,1113,869,1982,656,709,1365,412,858,1270,118,447,565,17068,17145,34213
2020-07-07,1597,1574,3171,1680,1770,3450,3440,3612,7052,3675,3370,7045,2770,2589,5359,2049,1749,3798,1147,896,2043,692,735,1427,425,884,1309,122,458,580,17597,17637,35234
2020-07-08,1638,1613,3251,1715,1810,3525,3538,3718,7256,3801,3484,7285,2849,2680,5529,2113,1826,3939,1197,931,2128,718,768,1486,446,925,1371,128,485,613,18143,18240,36383
2020-07-09,1675,1642,3317,1752,1854,3606,3609,3789,7398,3881,3588,7469,2926,2738,5664,2157,1857,4014,1241,978,2219,747,790,1537,462,965,1427,132,497,629,18582,18698,37280
2020-07-10,1711,1677,3388,1787,1886,3673,3682,3878,7560,3966,3677,7643,3000,2802,5802,2216,1918,4134,1288,1011,2299,766,808,1574,479,988,1467,135,509,644,19030,19154,38184
2020-07-11,1735,1707,3442,1814,1919,3733,3746,3949,7695,4050,3765,7815,3074,2864,5938,2274,1961,4235,1331,1036,2367,786,832,1618,485,1015,1500,139,519,658,19434,19567,39001
2020-07-12,1762,1727,3489,1838,1950,3788,3807,4003,7810,4116,3830,7946,3136,2904,6040,2324,1994,4318,1355,1062,2417,806,847,1653,502,1042,1544,142,535,677,19788,19894,39682
2020-07-13,1802,1760,3562,1888,1997,3885,3909,4115,8024,4251,3952,8203,3243,3005,6248,2410,2061,4471,1394,1096,2490,832,880,1712,522,1084,1606,149,559,708,20400,20509,40909
2020-07-14,1834,1794,3628,1926,2032,3958,4025,4220,8245,4381,4065,8446,3322,3088,6410,2477,2127,4604,1442,1135,2577,859,904,1763,534,1120,1654,157,575,732,20957,21060,42017
2020-07-15,1867,1829,3696,1970,2066,4036,4125,4325,8450,4496,4199,8695,3409,3189,6598,2552,2177,4729,1488,1169,2657,892,933,1825,547,1153,1700,162,601,763,21508,21641,43149
2020-07-16,1896,1871,3767,2023,2112,4135,4230,4420,8650,4640,4328,8968,3500,3277,6777,2626,2249,4875,1533,1207,2740,917,964,1881,566,1198,1764,173,636,809,22104,22262,44366
2020-07-17,1941,1898,3839,2052,2157,4209,4324,4559,8883,4761,4435,9196,3578,3367,6945,2692,2314,5006,1582,1240,2822,941,992,1933,586,1246,1832,180,667,847,22637,22875,45512
2020-07-18,1972,1934,3906,2098,2190,4288,4421,4643,9064,4877,4543,9420,3661,3467,7128,2763,2370,5133,1618,1274,2892,969,1026,1995,595,1277,1872,185,681,866,23159,23405,46564
2020-07-19,2005,1975,3980,2134,2221,4355,4496,4728,9224,4969,4632,9601,3736,3543,7279,2827,2421,5248,1661,1301,2962,991,1054,2045,611,1309,1920,193,699,892,23623,23883,47506
2020-07-20,2029,2018,4047,2173,2271,4444,4634,4850,9484,5116,4770,9886,3851,3639,7490,2899,2503,5402,1724,1354,3078,1017,1090,2107,637,1342,1979,195,712,907,24275,24549,48824
2020-07-21,2074,2052,4126,2216,2314,4530,4749,4988,9737,5266,4926,10192,3971,3755,7726,2998,2602,5600,1786,1383,3169,1042,1120,2162,657,1378,2035,198,738,936,24957,25256,50213
2020-07-22,2106,2079,4185,2254,2365,4619,4892,5106,9998,5404,5058,10462,4082,3846,7928,3094,2668,5762,1839,1429,3268,1085,1152,2237,674,1407,2081,202,759,961,25632,25869,51501
2020-07-23,2138,2119,4257,2287,2406,4693,5020,5244,10264,5526,5172,10698,4181,3938,8119,3183,2728,5911,1877,1464,3341,1112,1176,2288,696,1434,2130,205,770,975,26225,26451,52676
2020-07-24,2184,2155,4339,2333,2446,4779,5145,5365,10510,5673,5296,10969,4276,4053,8329,3279,2792,6071,1914,1507,3421,1131,1196,2327,712,1479,2191,210,789,999,26857,27078,53935
2020-07-25,2209,2179,4388,2369,2474,4843,5225,5446,10671,5779,5393,11172,4370,4122,8492,3325,2843,6168,1949,1535,3484,1148,1221,2369,724,1501,2225,219,804,1023,27317,27518,54835
2020-07-26,2230,2205,4435,2393,2511,4904,5293,5523,10816,5850,5476,11326,4428,4187,8615,3363,2886,6249,1983,1554,3537,1175,1243,2418,743,1538,2281,224,818,1042,27682,27941,55623
2020-07-27,2258,2230,4488,2434,2553,4987,5412,5618,11030,5996,5618,11614,4514,4286,8800,3447,2964,6411,2025,1594,3619,1200,1271,2471,764,1564,2328,229,836,1065,28279,28534,56813
2020-07-28,2289,2254,4543,2482,2593,5075,5534,5732,11266,6145,5757,11902,4609,4381,8990,3532,3015,6547,2058,1637,3695,1232,1299,2531,784,1596,2380,231,856,1087,28896,29120,58016
2020-07-29,2311,2286,4597,2536,2640,5176,5646,5850,11496,6255,5879,12134,4710,4482,9192,3591,3089,6680,2108,1661,3769,1261,1325,2586,807,1632,2439,238,874,1112,29463,29718,59181
2020-07-30,2348,2311,4659,2571,2687,5258,5777,5963,11740,6392,6003,12395,4813,4583,9396,3651,3156,6807,2148,1685,3833,1280,1370,2650,825,1677,2502,243,902,1145,30048,30337,60385
2020-07-31,2378,2345,4723,2629,2736,5365,5879,6076,11955,6498,6120,12618,4917,4675,9592,3717,3225,6942,2206,1706,3912,1306,1403,2709,839,1715,2554,246,929,1175,30615,30930,61545
2020-08-01,2410,2379,4789,2660,2792,5452,5964,6185,12149,6608,6237,12845,5039,4762,9801,3780,3275,7055,2238,1736,3974,1322,1425,2747,852,1747,2599,251,940,1191,31124,31478,62602
2020-08-02,2438,2401,4839,2690,2832,5522,6044,6255,12299,6702,6324,13026,5121,4840,9961,3835,3320,7155,2279,1776,4055,1356,1453,2809,873,1790,2663,254,967,1221,31592,31958,63550
2020-08-03,2478,2445,4923,2754,2879,5633,6189,6407,12596,6864,6466,13330,5258,4966,10224,3921,3422,7343,2342,1828,4170,1389,1491,2880,893,1853,2746,258,1000,1258,32346,32757,65103
2020-08-04,2511,2474,4985,2801,2935,5736,6319,6534,12853,7021,6612,13633,5388,5104,10492,4013,3508,7521,2404,1871,4275,1430,1535,2965,917,1919,2836,264,1035,1299,33068,33527,66595
2020-08-05,2554,2511,5065,2861,2977,5838,6455,6668,13123,7180,6746,13926,5503,5222,10725,4102,3579,7681,2484,1928,4412,1465,1580,3045,944,1996,2940,271,1083,1354,33819,34290,68109
2020-08-06,2586,2542,5128,2913,3019,5932,6583,6788,13371,7301,6874,14175,5613,5314,10927,4174,3661,7835,2524,1973,4497,1486,1608,3094,959,2030,2989,278,1104,1382,34417,34913,69330
2020-08-07,2616,2570,5186,2949,3063,6012,6691,6904,13595,7416,6995,14411,5717,5399,11116,4248,3736,7984,2565,2024,4589,1517,1633,3150,977,2058,3035,284,1119,1403,34980,35501,70481
2020-08-08,2644,2600,5244,2985,3090,6075,6769,6994,13763,7507,7090,14597,5785,5480,11265,4306,3798,8104,2595,2057,4652,1537,1666,3203,987,2102,3089,287,1142,1429,35402,36019,71421
2020-08-09,2663,2614,5277,3020,3126,6146,6835,7077,13912,7582,7158,14740,5848,5547,11395,4369,3845,8214,2641,2093,4734,1555,1678,3233,1000,2124,3124,291,1147,1438,35804,36409,72213
2020-08-10,2692,2647,5339,3058,3165,6223,6948,7202,14150,7722,7298,15020,5956,5660,11616,4461,3920,8381,2678,2141,4819,1582,1703,3285,1015,2164,3179,295,1171,1466,36407,37071,73478
2020-08-11,2711,2670,5381,3088,3200,6288,7035,7312,14347,7857,7415,15272,6083,5745,11828,4537,3997,8534,2727,2173,4900,1609,1733,3342,1030,2211,3241,301,1193,1494,36978,37649,74627
2020-08-12,2739,2706,5445,3134,3233,6367,7138,7411,14549,7972,7532,15504,6177,5847,12024,4626,4075,8701,2771,2217,4988,1632,1756,3388,1039,2232,3271,307,1199,1506,37535,38208,75743
2020-08-13,2762,2729,5491,3178,3273,6451,7244,7517,14761,8076,7651,15727,6259,5946,12205,4688,4130,8818,2828,2244,5072,1652,1781,3433,1050,2251,3301,309,1205,1514,38046,38727,76773
2020-08-14,2789,2747,5536,3215,3318,6533,7342,7633,14975,8194,7760,15954,6347,6024,12371,4753,4182,8935,2869,2283,5152,1677,1801,3478,1065,2280,3345,312,1218,1530,38563,39246,77809
2020-08-15,2805,2767,5572,3254,3351,6605,7427,7730,15157,8300,7857,16157,6411,6101,12512,4810,4237,9047,2904,2322,5226,1704,1842,3546,1086,2341,3427,316,1248,1564,39017,39796,78813
2020-08-16,2824,2788,5612,3283,3369,6652,7509,7786,15295,8365,7921,16286,6478,6158,12636,4853,4270,9123,2935,2348,5283,1727,1859,3586,1097,2359,3456,319,1263,1582,39390,40121,79511
2020-08-17,2846,2804,5650,3331,3407,6738,7590,7891,15481,8474,8040,16514,6554,6230,12784,4930,4322,9252,2973,2377,5350,1757,1873,3630,1105,2379,3484,320,1272,1592,39880,40595,80475
2020-08-18,2869,2837,5706,3379,3444,6823,7717,7997,15714,8632,8162,16794,6672,6326,12998,5018,4413,9431,3015,2423,5438,1784,1901,3685,1117,2427,3544,325,1308,1633,40528,41238,81766
2020-08-19,2900,2867,5767,3420,3485,6905,7852,8118,15970,8785,8287,17072,6783,6443,13226,5099,4504,9603,3068,2466,5534,1807,1933,3740,1134,2460,3594,332,1330,1662,41180,41893,83073
2020-08-20,2929,2891,5820,3477,3524,7001,7961,8236,16197,8920,8409,17329,6891,6514,13405,5167,4569,9736,3127,2503,5630,1831,1961,3792,1154,2492,3646,336,1353,1689,41793,42452,84245
2020-08-21,2952,2913,5865,3519,3573,7092,8086,8354,16440,9064,8536,17600,6982,6621,13603,5244,4646,9890,3176,2537,5713,1852,1984,3836,1173,2512,3685,338,1365,1703,42386,43041,85427
2020-08-22,2978,2937,5915,3561,3603,7164,8186,8457,16643,9158,8645,17803,7068,6693,13761,5299,4707,10006,3216,2571,5787,1881,2007,3888,1184,2529,3713,339,1369,1708,42870,43518,86388
2020-08-23,3004,2962,5966,3600,3650,7250,8267,8545,16812,9241,8717,17958,7139,6771,13910,5358,4765,10123,3254,2612,5866,1902,2023,3925,1204,2552,3756,343,1380,1723,43312,43977,87289
2020-08-24,3039,2991,6030,3652,3688,7340,8402,8673,17075,9399,8852,18251,7266,6895,14161,5446,4857,10303,3312,2670,5982,1931,2050,3981,1217,2568,3785,346,1389,1735,44010,44633,88643
2020-08-25,3079,3015,6094,3704,3729,7433,8522,8824,17346,9562,9024,18586,7386,7022,14408,5542,4954,10496,3378,2720,6098,1970,2085,4055,1239,2608,3847,350,1407,1757,44732,45388,90120
2020-08-26,3117,3046,6163,3756,3789,7545,8666,8962,17628,9733,9161,18894,7546,7148,14694,5657,5033,10690,3433,2772,6205,2008,2132,4140,1256,2648,3904,353,1430,1783,45525,46121,91646
2020-08-27,3149,3087,6236,3814,3848,7662,8809,9130,17939,9911,9313,19224,7670,7289,14959,5751,5120,10871,3492,2824,6316,2038,2153,4191,1271,2696,3967,358,1449,1807,46263,46909,93172
2020-08-28,3171,3107,6278,3866,3902,7768,8938,9269,18207,10054,9451,19505,7781,7395,15176,5852,5211,11063,3549,2878,6427,2072,2186,4258,1284,2723,4007,359,1461,1820,46926,47583,94509
2020-08-29,3195,3124,6319,3897,3940,7837,9032,9364,18396,10154,9573,19727,7872,7486,15358,5919,5278,11197,3593,2923,6516,2093,2216,4309,1299,2743,4042,361,1467,1828,47415,48114,95529
2020-08-30,3209,3137,6346,3929,3979,7908,9106,9437,18543,10235,9659,19894,7943,7567,15510,5986,5331,11317,3636,2957,6593,2118,2236,4354,1310,2769,4079,363,1474,1837,47835,48546,96381
2020-08-31,3235,3157,6392,3971,4027,7998,9235,9575,18810,10389,9819,20208,8083,7677,15760,6072,5406,11478,3693,3004,6697,2151,2286,4437,1327,2828,4155,370,1493,1863,48526,49272,97798
2020-09-01,3255,3178,6433,4020,4075,8095,9351,9705,19056,10547,9947,20494,8222,7796,16018,6153,5477,11630,3753,3058,6811,2177,2321,4498,1346,2866,4212,374,1519,1893,49198,49942,99140
2020-09-02,3277,3191,6468,4060,4111,8171,9443,9816,19259,10671,10069,20740,8324,7891,16215,6220,5539,11759,3800,3101,6901,2196,2347,4543,1365,2886,4251,375,1522,1897,49731,50473,100204
2020-09-03,3289,3215,6504,4101,4139,8240,9561,9926,19487,10801,10190,20991,8432,7987,16419,6295,5602,11897,3854,3142,6996,2225,2378,4603,1381,2908,4289,378,1531,1909,50317,51018,101335
2020-09-04,3314,3235,6549,4136,4193,8329,9703,10028,19731,10917,10313,21230,8531,8102,16633,6370,5678,12048,3896,3178,7074,2246,2407,4653,1387,2925,4312,382,1544,1926,50882,51603,102485
2020-09-05,3325,3250,6575,4169,4222,8391,9786,10125,19911,11018,10416,21434,8631,8206,16837,6433,5732,12165,3929,3217,7146,2278,2435,4713,1397,2954,4351,383,1554,1937,51349,52111,103460
2020-09-06,3340,3266,6606,4203,4253,8456,9852,10184,20036,11076,10482,21558,8692,8263,16955,6482,5782,12264,3967,3247,7214,2300,2461,4761,1408,2968,4376,386,1561,1947,51706,52467,104173
2020-09-07,3362,3285,6647,4239,4290,8529,9968,10311,20279,11201,10596,21797,8786,8378,17164,6579,5863,12442,4026,3290,7316,2344,2499,4843,1432,3006,4438,388,1584,1972,52325,53102,105427
2020-09-08,3385,3306,6691,4278,4338,8616,10083,10421,20504,11342,10735,22077,8911,8497,17408,6664,5947,12611,4073,3336,7409,2379,2525,4904,1448,3043,4491,393,1596,1989,52956,53744,106700
2020-09-09,3410,3332,6742,4320,4385,8705,10215,10543,20758,11485,10869,22354,9019,8594,17613,6734,6018,12752,4136,3383,7519,2413,2557,4970,1457,3061,4518,398,1614,2012,53587,54356,107943
2020-09-10,3442,3350,6792,4359,4435,8794,10308,10648,20956,11603,10975,22578,9124,8693,17817,6826,6087,12913,4189,3418,7607,2447,2599,5046,1469,3108,4577,402,1644,2046,54169,54957,109126
2020-09-11,3472,3374,6846,4395,4485,8880,10394,10774,21168,11729,11083,22812,9247,8800,18047,6899,6169,13068,4222,3451,7673,2481,2630,5111,1482,3127,4609,403,1648,2051,54724,55541,110265
2020-09-12,3488,3386,6874,4423,4516,8939,10463,10850,21313,11803,11174,22977,9320,8882,18202,6951,6228,13179,4257,3486,7743,2496,2651,5147,1492,3154,4646,405,1665,2070,55098,55992,111090
2020-09-13,3504,3405,6909,4453,4541,8994,10519,10932,21451,11882,11244,23126,9381,8953,18334,6993,6264,13257,4297,3524,7821,2525,2672,5197,1499,3175,4674,407,1668,2075,55460,56378,111838
2020-09-14,3522,3421,6943,4489,4573,9062,10617,11036,21653,12006,11365,23371,9465,9034,18499,7060,6341,13401,4339,3564,7903,2556,2697,5253,1508,3198,4706,411,1675,2086,55973,56904,112877
2020-09-15,3550,3434,6984,4522,4610,9132,10699,11127,21826,12100,11465,23565,9547,9130,18677,7144,6406,13550,4392,3602,7994,2576,2725,5301,1521,3215,4736,413,1683,2096,56464,57397,113861
2020-09-16,3573,3451,7024,4564,4645,9209,10788,11223,22011,12197,11567,23764,9657,9212,18869,7214,6471,13685,4423,3634,8057,2595,2762,5357,1531,3241,4772,416,1701,2117,56958,57907,114865
2020-09-17,3588,3467,7055,4594,4682,9276,10881,11315,22196,12279,11668,23947,9732,9292,19024,7266,6519,13785,4472,3663,8135,2617,2781,5398,1544,3252,4796,419,1708,2127,57392,58347,115739
2020-09-18,3620,3495,7115,4632,4727,9359,10965,11425,22390,12377,11778,24155,9802,9370,19172,7322,6566,13888,4511,3692,8203,2634,2814,5448,1558,3269,4827,419,1717,2136,57840,58853,116693
2020-09-19,3631,3509,7140,4658,4759,9417,11024,11483,22507,12452,11863,24315,9871,9413,19284,7368,6610,13978,4551,3723,8274,2646,2832,5478,1562,3284,4846,419,1723,2142,58182,59199,117381
2020-09-20,3643,3524,7167,4680,4777,9457,11076,11533,22609,12501,11929,24430,9905,9453,19358,7396,6636,14032,4576,3759,8335,2664,2856,5520,1568,3293,4861,419,1729,2148,58428,59489,117917
2020-09-21,3661,3537,7198,4721,4806,9527,11160,11611,22771,12598,11995,24593,9991,9510,19501,7439,6686,14125,4616,3791,8407,2690,2886,5576,1579,3313,4892,419,1733,2152,58874,59868,118742
2020-09-22,3683,3549,7232,4753,4839,9592,11262,11698,22960,12690,12094,24784,10059,9592,19651,7501,6737,14238,4653,3830,8483,2712,2906,5618,1596,3342,4938,422,1746,2168,59331,60333,119664
2020-09-23,3704,3569,7273,4785,4880,9665,11351,11784,23135,12777,12179,24956,10130,9684,19814,7558,6793,14351,4691,3867,8558,2736,2931,5667,1604,3355,4959,426,1751,2177,59762,60793,120555
2020-09-24,3723,3587,7310,4822,4921,9743,11447,11875,23322,12870,12287,25157,10191,9752,19943,7629,6845,14474,4742,3905,8647,2760,2947,5707,1621,3376,4997,429,1756,2185,60234,61251,121485
2020-09-25,3743,3612,7355,4854,4946,9800,11539,11960,23499,12949,12391,25340,10278,9837,20115,7696,6909,14605,4783,3942,8725,2794,2981,5775,1631,3390,5021,432,1770,2202,60699,61738,122437
2020-09-26,3756,3622,7378,4883,4976,9859,11592,12015,23607,13006,12451,25457,10345,9889,20234,7734,6960,14694,4807,3971,8778,2813,3001,5814,1641,3404,5045,433,1777,2210,61010,62066,123076
2020-09-27,3774,3637,7411,4905,5006,9911,11665,12062,23727,13078,12519,25597,10408,9935,20343,7773,7002,14775,4830,3985,8815,2837,3014,5851,1647,3415,5062,436,1780,2216,61353,62355,123708
2020-09-28,3795,3654,7449,4939,5040,9979,11744,12152,23896,13177,12618,25795,10480,10009,20489,7830,7057,14887,4881,4029,8910,2857,3044,5901,1665,3437,5102,439,1786,2225,61807,62826,124633
2020-09-29,3829,3668,7497,4967,5061,10028,11846,12246,24092,13276,12703,25979,10565,10084,20649,7886,7118,15004,4921,4078,8999,2886,3077,5963,1674,3460,5134,439,1796,2235,62289,63291,125580
2020-09-30,3847,3691,7538,4993,5094,10087,11948,12350,24298,13373,12798,26171,10638,10166,20804,7945,7179,15124,4968,4109,9077,2916,3092,6008,1686,3480,5166,443,1801,2244,62757,63760,126517
2020-10-01,3867,3706,7573,5020,5133,10153,12039,12444,24483,13461,12887,26348,10701,10229,20930,8001,7242,15243,4999,4153,9152,2927,3118,6045,1696,3497,5193,445,1809,2254,63156,64218,127374
2020-10-02,3889,3723,7612,5056,5162,10218,12128,12525,24653,13538,12975,26513,10763,10308,21071,8054,7312,15366,5036,4192,9228,2946,3143,6089,1711,3516,5227,449,1820,2269,63570,64676,128246
2020-10-03,3910,3734,7644,5077,5192,10269,12186,12572,24758,13602,13019,26621,10805,10364,21169,8098,7362,15460,5061,4208,9269,2957,3150,6107,1716,3527,5243,450,1825,2275,63862,64953,128815
2020-10-04,3918,3741,7659,5098,5208,10306,12234,12627,24861,13649,13069,26718,10846,10402,21248,8129,7394,15523,5078,4231,9309,2972,3158,6130,1721,3536,5257,450,1831,2281,64095,65197,129292
2020-10-05,3929,3757,7686,5125,5232,10357,12305,12729,25034,13745,13144,26889,10914,10460,21374,8180,7449,15629,5126,4268,9394,2994,3179,6173,1729,3553,5282,451,1837,2288,64498,65608,130106
2020-10-06,3956,3775,7731,5151,5269,10420,12395,12824,25219,13848,13234,27082,10997,10531,21528,8243,7513,15756,5164,4299,9463,3009,3198,6207,1743,3569,5312,453,1843,2296,64959,66055,131014
2020-10-07,3971,3786,7757,5176,5302,10478,12489,12916,25405,13915,13317,27232,11076,10600,21676,8304,7569,15873,5191,4320,9511,3020,3219,6239,1754,3591,5345,453,1851,2304,65349,66471,131820
2020-10-08,3990,3801,7791,5202,5338,10540,12572,13000,25572,13998,13397,27395,11127,10681,21808,8352,7622,15974,5216,4350,9566,3039,3245,6284,1766,3625,5391,455,1865,2320,65717,66924,132641
2020-10-09,4009,3816,7825,5226,5371,10597,12634,13099,25733,14092,13491,27583,11187,10749,21936,8411,7678,16089,5242,4385,9627,3055,3270,6325,1782,3656,5438,458,1879,2337,66096,67394,133490
2020-10-10,4020,3822,7842,5243,5404,10647,12690,13154,25844,14152,13559,27711,11250,10797,22047,8451,7733,16184,5270,4413,9683,3071,3287,6358,1787,3666,5453,459,1881,2340,66393,67716,134109
2020-10-11,4033,3837,7870,5259,5427,10686,12730,13199,25929,14189,13613,27802,11292,10832,22124,8486,7762,16248,5284,4437,9721,3085,3303,6388,1795,3683,5478,461,1888,2349,66614,67981,134595
2020-10-12,4057,3853,7910,5280,5458,10738,12796,13244,26040,14256,13671,27927,11343,10877,22220,8524,7811,16335,5314,4461,9775,3103,3318,6421,1799,3700,5499,461,1894,2355,66933,68287,135220
2020-10-13,4073,3872,7945,5316,5486,10802,12881,13331,26212,14363,13759,28122,11416,10942,22358,8583,7852,16435,5350,4485,9835,3116,3336,6452,1807,3723,5530,463,1905,2368,67368,68691,136059
2020-10-14,4087,3887,7974,5350,5518,10868,12962,13416,26378,14439,13833,28272,11492,11006,22498,8646,7915,16561,5375,4514,9889,3136,3355,6491,1816,3733,5549,464,1911,2375,67767,69088,136855
2020-10-15,4103,3907,8010,5399,5565,10964,13058,13493,26551,14525,13914,28439,11556,11075,22631,8688,7960,16648,5401,4536,9937,3158,3379,6537,1823,3753,5576,467,1915,2382,68178,69497,137675
2020-10-16,4122,3917,8039,5427,5606,11033,13125,13599,26724,14604,13993,28597,11627,11137,22764,8739,8000,16739,5430,4566,9996,3177,3403,6580,1833,3779,5612,469,1931,2400,68553,69931,138484
2020-10-17,4135,3932,8067,5454,5631,11085,13182,13646,26828,14668,14071,28739,11669,11172,22841,8773,8034,16807,5453,4590,10043,3186,3410,6596,1840,3788,5628,472,1934,2406,68832,70208,139040
2020-10-18,4146,3940,8086,5474,5652,11126,13223,13687,26910,14712,14103,28815,11694,11200,22894,8797,8060,16857,5467,4608,10075,3201,3424,6625,1841,3796,5637,472,1939,2411,69027,70409,139436
2020-10-19,4165,3954,8119,5496,5681,11177,13286,13742,27028,14763,14163,28926,11764,11248,23012,8840,8099,16939,5497,4629,10126,3223,3447,6670,1845,3809,5654,473,1943,2416,69352,70715,140067
2020-10-20,4172,3964,8136,5515,5705,11220,13357,13818,27175,14832,14221,29053,11817,11305,23122,8893,8136,17029,5523,4655,10178,3236,3457,6693,1857,3827,5684,474,1949,2423,69676,71037,140713
2020-10-21,4187,3975,8162,5540,5731,11271,13412,13878,27290,14883,14273,29156,11870,11345,23215,8920,8177,17097,5552,4676,10228,3248,3472,6720,1860,3834,5694,475,1952,2427,69947,71313,141260
2020-10-22,4199,3985,8184,5566,5754,11320,13470,13945,27415,14936,14317,29253,11913,11380,23293,8947,8201,17148,5574,4692,10266,3259,3485,6744,1865,3841,5706,476,1952,2428,70205,71552,141757
2020-10-23,4211,3995,8206,5590,5771,11361,13520,14018,27538,14984,14373,29357,11969,11426,23395,8984,8231,17215,5604,4717,10321,3267,3497,6764,1876,3848,5724,477,1953,2430,70482,71829,142311
2020-10-24,4219,4007,8226,5608,5788,11396,13560,14061,27621,15022,14422,29444,12004,11457,23461,9020,8254,17274,5622,4732,10354,3279,3508,6787,1881,3855,5736,477,1957,2434,70692,72041,142733
2020-10-25,4227,4017,8244,5621,5805,11426,13594,14098,27692,15048,14455,29503,12038,11485,23523,9039,8277,17316,5639,4739,10378,3284,3516,6800,1884,3859,5743,477,1958,2435,70851,72209,143060
2020-10-26,4238,4022,8260,5636,5838,11474,13643,14140,27783,15109,14514,29623,12081,11522,23603,9074,8311,17385,5661,4761,10422,3292,3525,6817,1894,3870,5764,482,1962,2444,71110,72465,143575
2020-10-27,4245,4033,8278,5664,5863,11527,13699,14201,27900,15168,14568,29736,12134,11571,23705,9117,8350,17467,5680,4786,10466,3301,3541,6842,1904,3886,5790,483,1964,2447,71395,72763,144158
2020-10-28,4260,4045,8305,5692,5886,11578,13750,14256,28006,15219,14615,29834,12175,11603,23778,9146,8381,17527,5705,4806,10511,3309,3551,6860,1911,3890,5801,485,1967,2452,71652,73000,144652
2020-10-29,4271,4051,8322,5706,5900,11606,13796,14298,28094,15266,14664,29930,12213,11632,23845,9168,8404,17572,5719,4822,10541,3327,3558,6885,1915,3902,5817,486,1974,2460,71867,73205,145072
2020-10-30,4278,4056,8334,5714,5907,11621,13829,14334,28163,15317,14693,30010,12239,11666,23905,9184,8425,17609,5729,4838,10567,3340,3569,6909,1918,3906,5824,487,1976,2463,72035,73370,145405
2020-10-31,4280,4060,8340,5722,5919,11641,13850,14363,28213,15343,14723,30066,12261,11688,23949,9199,8441,17640,5741,4849,10590,3344,3575,6919,1922,3910,5832,487,1976,2463,72149,73504,145653
2020-11-01,4289,4068,8357,5732,5935,11667,13890,14391,28281,15377,14754,30131,12293,11715,24008,9218,8463,17681,5756,4857,10613,3351,3581,6932,1924,3914,5838,487,1977,2464,72317,73655,145972
2020-11-02,4298,4075,8373,5742,5961,11703,13926,14437,28363,15422,14794,30216,12334,11751,24085,9252,8490,17742,5772,4866,10638,3353,3590,6943,1929,3921,5850,487,1981,2468,72515,73866,146381
2020-11-03,4308,4081,8389,5762,5972,11734,13980,14471,28451,15455,14829,30284,12370,11779,24149,9277,8510,17787,5785,4889,10674,3357,3600,6957,1931,3931,5862,487,1983,2470,72712,74045,146757
2020-11-04,4317,4086,8403,5767,5987,11754,14026,14520,28546,15498,14869,30367,12394,11816,24210,9299,8538,17837,5806,4903,10709,3363,3613,6976,1934,3939,5873,487,1986,2473,72891,74257,147148
2020-11-05,4332,4096,8428,5795,6006,11801,14082,14583,28665,15553,14908,30461,12432,11854,24286,9328,8564,17892,5829,4920,10749,3376,3626,7002,1937,3956,5893,488,1992,2480,73152,74505,147657
2020-11-06,4345,4103,8448,5815,6025,11840,14104,14619,28723,15597,14955,30552,12472,11884,24356,9356,8585,17941,5849,4940,10789,3388,3636,7024,1941,3965,5906,488,1994,2482,73355,74706,148061
2020-11-07,4353,4108,8461,5822,6035,11857,14127,14654,28781,15641,14997,30638,12505,11916,24421,9370,8606,17976,5864,4958,10822,3396,3644,7040,1945,3969,5914,488,1994,2482,73511,74881,148392
2020-11-08,4359,4114,8473,5830,6047,11877,14146,14696,28842,15669,15022,30691,12531,11933,24464,9388,8627,18015,5879,4968,10847,3402,3646,7048,1948,3975,5923,489,1994,2483,73641,75022,148663
2020-11-09,4372,4119,8491,5849,6062,11911,14182,14751,28933,15713,15066,30779,12579,11970,24549,9425,8671,18096,5900,4990,10890,3419,3653,7072,1950,3982,5932,489,1996,2485,73878,75260,149138
2020-11-10,4382,4129,8511,5866,6075,11941,14230,14803,29033,15781,15106,30887,12612,11999,24611,9449,8690,18139,5921,5008,10929,3435,3678,7113,1955,3991,5946,492,1997,2489,74123,75476,149599
2020-11-11,4392,4136,8528,5882,6095,11977,14282,14852,29134,15833,15156,30989,12651,12035,24686,9487,8711,18198,5938,5027,10965,3445,3692,7137,1958,3998,5956,493,2001,2494,74361,75703,150064
2020-11-12,4403,4143,8546,5899,6112,12011,14337,14897,29234,15873,15195,31068,12686,12069,24755,9511,8737,18248,5952,5038,10990,3449,3700,7149,1962,4000,5962,493,2006,2499,74565,75897,150462
2020-11-13,4411,4148,8559,5920,6128,12048,14377,14941,29318,15910,15226,31136,12732,12101,24833,9536,8760,18296,5972,5059,11031,3464,3706,7170,1965,4009,5974,495,2013,2508,74782,76091,150873
2020-11-14,4417,4154,8571,5936,6144,12080,14407,14978,29385,15948,15256,31204,12760,12121,24881,9566,8780,18346,5990,5072,11062,3473,3714,7187,1968,4014,5982,496,2014,2510,74961,76247,151208
2020-11-15,4421,4161,8582,5946,6162,12108,14430,15002,29432,15970,15282,31252,12785,12139,24924,9585,8793,18378,5999,5082,11081,3480,3723,7203,1970,4023,5993,497,2014,2511,75083,76381,151464
2020-11-16,4427,4170,8597,5963,6181,12144,14458,15043,29501,16009,15316,31325,12811,12167,24978,9606,8814,18420,6009,5098,11107,3492,3735,7227,1978,4027,6005,498,2016,2514,75251,76567,151818
2020-11-17,4435,4176,8611,5984,6200,12184,14504,15084,29588,16052,15362,31414,12849,12203,25052,9632,8843,18475,6029,5112,11141,3500,3745,7245,1983,4039,6022,500,2022,2522,75468,76786,152254
2020-11-18,4439,4183,8622,6001,6220,12221,14549,15139,29688,16102,15398,31500,12888,12232,25120,9655,8877,18532,6041,5128,11169,3512,3758,7270,1987,4050,6037,500,2027,2527,75674,77012,152686
2020-11-19,4443,4187,8630,6012,6235,12247,14597,15171,29768,16133,15434,31567,12908,12258,25166,9682,8900,18582,6057,5142,11199,3518,3765,7283,1989,4055,6044,500,2031,2531,75839,77178,153017
2020-11-20,4448,4192,8640,6031,6257,12288,14637,15199,29836,16162,15456,31618,12929,12272,25201,9694,8915,18609,6072,5155,11227,3524,3770,7294,1994,4057,6051,502,2033,2535,75993,77306,153299
2020-11-21,4455,4202,8657,6044,6274,12318,14666,15231,29897,16197,15487,31684,12946,12308,25254,9709,8932,18641,6085,5169,11254,3531,3777,7308,1997,4060,6057,502,2036,2538,76132,77476,153608
2020-11-22,4459,4205,8664,6054,6281,12335,14688,15253,29941,16214,15508,31722,12966,12324,25290,9721,8940,18661,6100,5174,11274,3537,3786,7323,1998,4061,6059,502,2037,2539,76239,77569,153808
2020-11-23,4464,4208,8672,6061,6289,12350,14708,15281,29989,16245,15533,31778,12987,12335,25322,9727,8959,18686,6109,5179,11288,3547,3792,7339,2001,4063,6064,502,2039,2541,76351,77678,154029
2020-11-24,4471,4212,8683,6070,6305,12375,14749,15327,30076,16291,15571,31862,13017,12357,25374,9748,8975,18723,6128,5192,11320,3555,3799,7354,2005,4065,6070,502,2041,2543,76536,77844,154380
2020-11-25,4486,4218,8704,6084,6318,12402,14800,15379,30179,16347,15619,31966,13053,12396,25449,9775,8997,18772,6146,5206,11352,3563,3812,7375,2009,4071,6080,503,2043,2546,76766,78059,154825
2020-11-26,4489,4232,8721,6097,6342,12439,14841,15417,30258,16401,15652,32053,13078,12420,25498,9792,9027,18819,6156,5222,11378,3567,3816,7383,2014,4075,6089,504,2047,2551,76939,78250,155189
2020-11-27,4496,4237,8733,6115,6354,12469,14889,15457,30346,16442,15676,32118,13111,12447,25558,9817,9047,18864,6170,5237,11407,3577,3822,7399,2017,4078,6095,506,2049,2555,77140,78404,155544
2020-11-28,4502,4243,8745,6131,6369,12500,14920,15498,30418,16474,15704,32178,13134,12471,25605,9829,9064,18893,6179,5252,11431,3581,3825,7406,2018,4081,6099,506,2050,2556,77274,78557,155831
2020-11-29,4509,4244,8753,6143,6382,12525,14950,15533,30483,16510,15728,32238,13158,12489,25647,9848,9079,18927,6184,5265,11449,3584,3829,7413,2023,4086,6109,508,2050,2558,77417,78685,156102
2020-11-30,4517,4249,8766,6156,6396,12552,14988,15566,30554,16545,15758,32303,13190,12509,25699,9863,9104,18967,6191,5275,11466,3595,3841,7436,2026,4094,6120,508,2053,2561,77579,78845,156424
2020-12-01,4527,4254,8781,6167,6407,12574,15025,15595,30620,16577,15807,32384,13223,12532,25755,9878,9118,18996,6205,5284,11489,3601,3846,7447,2029,4097,6126,508,2053,2561,77740,78993,156733
2020-12-02,4529,4258,8787,6175,6421,12596,15054,15621,30675,16607,15831,32438,13238,12555,25793,9887,9132,19019,6218,5292,11510,3607,3857,7464,2032,4103,6135,511,2058,2569,77858,79128,156986
2020-12-03,4534,4262,8796,6188,6433,12621,15088,15644,30732,16643,15862,32505,13267,12570,25837,9904,9147,19051,6230,5306,11536,3615,3868,7483,2035,4107,6142,513,2060,2573,78017,79259,157276
2020-12-04,4544,4268,8812,6204,6450,12654,15113,15682,30795,16681,15900,32581,13299,12602,25901,9926,9168,19094,6243,5319,11562,3623,3873,7496,2041,4110,6151,513,2060,2573,78187,79432,157619
2020-12-05,4550,4273,8823,6214,6466,12680,15139,15712,30851,16709,15931,32640,13319,12628,25947,9944,9186,19130,6257,5331,11588,3629,3883,7512,2047,4115,6162,513,2061,2574,78321,79586,157907
2020-12-06,4557,4277,8834,6222,6473,12695,15163,15734,30897,16733,15951,32684,13337,12649,25986,9964,9201,19165,6266,5340,11606,3634,3887,7521,2052,4117,6169,513,2061,2574,78441,79690,158131
2020-12-07,4561,4282,8843,6228,6485,12713,15180,15760,30940,16754,15974,32728,13366,12667,26033,9977,9220,19197,6278,5350,11628,3640,3892,7532,2054,4119,6173,513,2063,2576,78551,79812,158363
2020-12-08,4569,4284,8853,6240,6499,12739,15210,15790,31000,16790,16005,32795,13407,12689,26096,9998,9239,19237,6298,5356,11654,3652,3901,7553,2057,4124,6181,514,2065,2579,78735,79952,158687
2020-12-09,4574,4292,8866,6265,6517,12782,15258,15832,31090,16834,16042,32876,13444,12725,26169,10027,9267,19294,6314,5373,11687,3660,3915,7575,2058,4128,6186,515,2069,2584,78949,80160,159109
2020-12-10,4580,4300,8880,6277,6542,12819,15296,15884,31180,16888,16080,32968,13484,12767,26251,10051,9292,19343,6331,5388,11719,3669,3928,7597,2061,4134,6195,515,2071,2586,79152,80386,159538
2020-12-11,4592,4309,8901,6287,6553,12840,15347,15934,31281,16922,16121,33043,13522,12794,26316,10069,9323,19392,6342,5407,11749,3673,3939,7612,2066,4141,6207,515,2072,2587,79335,80593,159928
2020-12-12,4600,4313,8913,6303,6566,12869,15399,15985,31384,16961,16151,33112,13549,12820,26369,10083,9338,19421,6355,5421,11776,3685,3945,7630,2068,4141,6209,515,2072,2587,79518,80752,160270
2020-12-13,4602,4318,8920,6320,6581,12901,15438,16018,31456,16992,16191,33183,13573,12845,26418,10098,9358,19456,6373,5432,11805,3695,3951,7646,2073,4144,6217,517,2072,2589,79681,80910,160591
2020-12-14,4607,4322,8929,6338,6599,12937,15501,16076,31577,17062,16238,33300,13613,12889,26502,10129,9384,19513,6390,5454,11844,3707,3963,7670,2077,4155,6232,518,2074,2592,79942,81154,161096
2020-12-15,4611,4325,8936,6361,6621,12982,15567,16135,31702,17123,16293,33416,13663,12924,26587,10152,9415,19567,6412,5462,11874,3717,3970,7687,2085,4158,6243,520,2077,2597,80211,81380,161591
2020-12-16,4621,4334,8955,6381,6650,13031,15654,16203,31857,17173,16337,33510,13691,12953,26644,10179,9446,19625,6428,5479,11907,3732,3979,7711,2094,4163,6257,523,2081,2604,80476,81625,162101
2020-12-17,4631,4339,8970,6410,6682,13092,15766,16295,32061,17244,16404,33648,13731,13007,26738,10204,9483,19687,6440,5504,11944,3748,3993,7741,2098,4170,6268,524,2082,2606,80796,81959,162755
2020-12-18,4635,4348,8983,6451,6705,13156,15854,16376,32230,17315,16479,33794,13786,13052,26838,10238,9518,19756,6465,5531,11996,3764,4008,7772,2101,4183,6284,524,2093,2617,81133,82293,163426
2020-12-19,4645,4353,8998,6483,6736,13219,15923,16431,32354,17372,16532,33904,13832,13097,26929,10267,9547,19814,6484,5549,12033,3777,4018,7795,2106,4191,6297,524,2094,2618,81413,82548,163961
2020-12-20,4649,4362,9011,6507,6750,13257,15991,16479,32470,17410,16579,33989,13876,13151,27027,10296,9568,19864,6512,5567,12079,3786,4025,7811,2109,4195,6304,527,2096,2623,81663,82772,164435
2020-12-21,4659,4371,9030,6537,6783,13320,16085,16584,32669,17497,16669,34166,13936,13209,27145,10352,9609,19961,6557,5592,12149,3806,4043,7849,2114,4204,6318,527,2098,2625,82070,83162,165232
2020-12-22,4667,4384,9051,6567,6816,13383,16176,16678,32854,17612,16747,34359,13995,13271,27266,10408,9664,20072,6579,5618,12197,3823,4059,7882,2119,4213,6332,528,2101,2629,82474,83551,166025
2020-12-23,4677,4395,9072,6597,6857,13454,16312,16799,33111,17729,16843,34572,14064,13343,27407,10482,9725,20207,6604,5651,12255,3850,4080,7930,2123,4224,6347,529,2103,2632,82967,84020,166987
2020-12-24,4679,4397,9076,6616,6883,13499,16381,16859,33240,17797,16887,34684,14095,13392,27487,10513,9750,20263,6625,5663,12288,3862,4087,7949,2125,4230,6355,529,2104,2633,83222,84252,167474
2020-12-25,4682,4404,9086,6632,6899,13531,16423,16898,33321,17834,16916,34750,14138,13423,27561,10537,9769,20306,6645,5678,12323,3868,4094,7962,2126,4231,6357,529,2105,2634,83414,84417,167831
2020-12-26,4693,4414,9107,6663,6938,13601,16540,17009,33549,17944,17011,34955,14211,13511,27722,10615,9825,20440,6686,5723,12409,3883,4112,7995,2129,4238,6367,530,2106,2636,83894,84887,168781
2020-12-27,4706,4419,9125,6689,6981,13670,16639,17100,33739,18038,17086,35124,14274,13562,27836,10668,9866,20534,6710,5751,12461,3898,4129,8027,2131,4244,6375,530,2106,2636,84283,85244,169527
2020-12-28,4724,4438,9162,6737,7052,13789,16794,17238,34032,18153,17219,35372,14397,13666,28063,10768,9936,20704,6753,5791,12544,3931,4161,8092,2142,4261,6403,532,2108,2640,84931,85870,170801
2020-12-29,4732,4456,9188,6793,7116,13909,16979,17422,34401,18320,17357,35677,14495,13763,28258,10838,10026,20864,6802,5846,12648,3965,4195,8160,2154,4270,6424,535,2111,2646,85613,86562,172175
2020-12-30,4758,4475,9233,6858,7191,14049,17162,17578,34740,18474,17494,35968,14607,13885,28492,10923,10107,21030,6849,5912,12761,4000,4228,8228,2163,4284,6447,538,2115,2653,86332,87269,173601
2020-12-31,4767,4483,9250,6897,7239,14136,17309,17702,35011,18559,17572,36131,14668,13960,28628,10969,10147,21116,6876,5939,12815,4022,4242,8264,2170,4288,6458,538,2115,2653,86775,87687,174462
2021-01-01,4772,4485,9257,6917,7254,14171,17341,17744,35085,18600,17616,36216,14691,13995,28686,10987,10165,21152,6896,5965,12861,4032,4253,8285,2171,4291,6462,538,2115,2653,86945,87883,174828
2021-01-02,4779,4496,9275,6970,7305,14275,17446,17866,35312,18708,17708,36416,14778,14086,28864,11060,10233,21293,6941,6006,12947,4052,4275,8327,2176,4295,6471,544,2115,2659,87454,88385,175839
2021-01-03,4795,4509,9304,7012,7351,14363,17573,18016,35589,18812,17804,36616,14861,14162,29023,11120,10303,21423,6981,6038,13019,4071,4299,8370,2184,4302,6486,545,2116,2661,87954,88900,176854
2021-01-04,4810,4519,9329,7085,7415,14500,17800,18231,36031,18989,17970,36959,14977,14266,29243,11217,10407,21624,7034,6090,13124,4099,4333,8432,2197,4324,6521,548,2121,2669,88756,89676,178432
2021-01-05,4830,4542,9372,7165,7492,14657,18047,18487,36534,19162,18129,37291,15095,14368,29463,11321,10482,21803,7094,6146,13240,4120,4367,8487,2203,4342,6545,550,2130,2680,89587,90485,180072
2021-01-06,4845,4555,9400,7238,7567,14805,18287,18717,37004,19345,18286,37631,15213,14471,29684,11408,10558,21966,7147,6206,13353,4151,4399,8550,2212,4357,6569,551,2134,2685,90397,91250,181647
2021-01-07,4866,4568,9434,7302,7641,14943,18481,18930,37411,19498,18431,37929,15317,14582,29899,11491,10647,22138,7193,6249,13442,4177,4436,8613,2220,4364,6584,556,2138,2694,91101,91986,183087
2021-01-08,4881,4585,9466,7361,7711,15072,18675,19123,37798,19636,18552,38188,15433,14700,30133,11579,10726,22305,7246,6305,13551,4203,4461,8664,2227,4379,6606,557,2143,2700,91798,92685,184483
2021-01-09,4888,4593,9481,7408,7767,15175,18815,19295,38110,19757,18649,38406,15530,14793,30323,11637,10796,22433,7292,6345,13637,4218,4488,8706,2233,4390,6623,559,2146,2705,92337,93262,185599
2021-01-10,4897,4597,9494,7453,7803,15256,18927,19434,38361,19825,18727,38552,15588,14858,30446,11692,10845,22537,7320,6377,13697,4231,4508,8739,2240,4396,6636,562,2148,2710,92735,93693,186428
2021-01-11,4904,4607,9511,7518,7863,15381,19117,19628,38745,19942,18847,38789,15678,14932,30610,11772,10922,22694,7363,6421,13784,4265,4532,8797,2246,4406,6652,563,2152,2715,93368,94310,187678
2021-01-12,4915,4614,9529,7573,7938,15511,19324,19818,39142,20085,18977,39062,15765,15030,30795,11838,11002,22840,7409,6464,13873,4298,4559,8857,2259,4422,6681,563,2156,2719,94029,94980,189009
2021-01-13,4931,4629,9560,7636,8034,15670,19506,20021,39527,20232,19115,39347,15864,15128,30992,11910,11074,22984,7458,6516,13974,4326,4579,8905,2271,4429,6700,564,2162,2726,94698,95687,190385
2021-01-14,4948,4639,9587,7704,8106,15810,19662,20214,39876,20366,19218,39584,15943,15209,31152,11979,11150,23129,7504,6555,14059,4352,4609,8961,2283,4437,6720,568,2163,2731,95309,96300,191609
2021-01-15,4962,4650,9612,7790,8165,15955,19847,20370,40217,20494,19324,39818,16044,15287,31331,12060,11239,23299,7551,6590,14141,4372,4634,9006,2292,4452,6744,568,2166,2734,95980,96877,192857
2021-01-16,4969,4661,9630,7854,8237,16091,19971,20504,40475,20597,19421,40018,16118,15369,31487,12107,11291,23398,7584,6617,14201,4394,4652,9046,2298,4462,6760,569,2171,2740,96461,97385,193846
2021-01-17,4974,4669,9643,7911,8287,16198,20084,20637,40721,20683,19498,40181,16183,15426,31609,12160,11342,23502,7627,6640,14267,4414,4659,9073,2304,4468,6772,570,2172,2742,96910,97798,194708
2021-01-18,4987,4682,9669,7985,8362,16347,20306,20819,41125,20814,19621,40435,16279,15513,31792,12243,11422,23665,7683,6687,14370,4441,4690,9131,2315,4485,6800,571,2174,2745,97624,98455,196079
2021-01-19,5002,4689,9691,8059,8452,16511,20466,20994,41460,20954,19721,40675,16367,15609,31976,12295,11484,23779,7729,6726,14455,4466,4716,9182,2328,4502,6830,571,2180,2751,98237,99073,197310
2021-01-20,5008,4695,9703,8145,8520,16665,20646,21159,41805,21071,19821,40892,16460,15706,32166,12367,11555,23922,7761,6777,14538,4488,4742,9230,2341,4521,6862,571,2186,2757,98858,99682,198540
2021-01-21,5018,4704,9722,8221,8585,16806,20775,21305,42080,21191,19932,41123,16560,15799,32359,12438,11641,24079,7805,6817,14622,4515,4767,9282,2351,4544,6895,575,2192,2767,99449,100286,199735
2021-01-22,5038,4714,9752,8283,8645,16928,20917,21463,42380,21287,20033,41320,16627,15877,32504,12501,11710,24211,7848,6844,14692,4536,4787,9323,2362,4554,6916,578,2195,2773,99977,100822,200799
2021-01-23,5045,4726,9771,8352,8716,17068,21026,21571,42597,21366,20097,41463,16680,15935,32615,12555,11774,24329,7879,6879,14758,4557,4816,9373,2366,4566,6932,580,2195,2775,100406,101275,201681
2021-01-24,5053,4739,9792,8421,8774,17195,21156,21653,42809,21451,20177,41628,16728,15993,32721,12593,11815,24408,7913,6904,14817,4578,4828,9406,2370,4572,6942,580,2195,2775,100843,101650,202493
2021-01-25,5063,4751,9814,8528,8885,17413,21319,21803,43122,21569,20266,41835,16825,16089,32914,12662,11874,24536,7967,6944,14911,4601,4858,9459,2378,4585,6963,583,2197,2780,101495,102252,203747
2021-01-26,5077,4765,9842,8631,8996,17627,21455,21951,43406,21664,20357,42021,16904,16179,33083,12733,11942,24675,8011,6978,14989,4627,4883,9510,2388,4606,6994,585,2206,2791,102075,102863,204938
2021-01-27,5084,4780,9864,8741,9085,17826,21570,22080,43650,21756,20435,42191,16973,16254,33227,12787,11989,24776,8055,7013,15068,4644,4900,9544,2396,4620,7016,586,2208,2794,102592,103364,205956
2021-01-28,5096,4790,9886,8819,9183,18002,21724,22201,43925,21859,20514,42373,17052,16338,33390,12852,12045,24897,8099,7050,15149,4657,4923,9580,2400,4633,7033,586,2212,2798,103144,103889,207033
2021-01-29,5116,4805,9921,8905,9279,18184,21832,22325,44157,21949,20610,42559,17128,16423,33551,12907,12124,25031,8128,7086,15214,4675,4948,9623,2406,4649,7055,589,2215,2804,103635,104464,208099
2021-01-30,5124,4811,9935,9021,9370,18391,21931,22428,44359,22011,20686,42697,17193,16489,33682,12945,12174,25119,8158,7120,15278,4687,4966,9653,2409,4658,7067,590,2217,2807,104069,104919,208988
2021-01-31,5127,4824,9951,9127,9465,18592,22020,22528,44548,22064,20755,42819,17267,16562,33829,12989,12222,25211,8187,7153,15340,4704,4979,9683,2412,4663,7075,590,2219,2809,104487,105370,209857
2021-02-01,5139,4839,9978,9230,9588,18818,22150,22648,44798,22155,20843,42998,17363,16648,34011,13056,12294,25350,8230,7201,15431,4737,5014,9751,2420,4676,7096,590,2223,2813,105070,105974,211044
2021-02-02,5146,4854,10000,9309,9676,18985,22264,22779,45043,22248,20944,43192,17440,16723,34163,13121,12358,25479,8276,7235,15511,4755,5029,9784,2428,4696,7124,590,2226,2816,105577,106520,212097
2021-02-03,5161,4868,10029,9390,9736,19126,22387,22887,45274,22338,21039,43377,17514,16800,34314,13188,12434,25622,8317,7281,15598,4778,5052,9830,2440,4710,7150,593,2226,2819,106106,107033,213139
2021-02-04,5166,4878,10044,9449,9795,19244,22486,22987,45473,22412,21124,43536,17590,16865,34455,13245,12500,25745,8362,7310,15672,4797,5075,9872,2449,4727,7176,593,2231,2824,106549,107492,214041
2021-02-05,5174,4887,10061,9503,9845,19348,22570,23085,45655,22497,21209,43706,17653,16940,34593,13292,12558,25850,8397,7332,15729,4815,5096,9911,2454,4736,7190,594,2235,2829,106949,107923,214872
2021-02-06,5183,4892,10075,9533,9883,19416,22649,23150,45799,22554,21273,43827,17706,17002,34708,13330,12599,25929,8422,7364,15786,4831,5113,9944,2461,4742,7203,594,2237,2831,107263,108255,215518
2021-02-07,5187,4897,10084,9564,9912,19476,22698,23206,45904,22610,21333,43943,17746,17032,34778,13370,12636,26006,8449,7397,15846,4851,5125,9976,2465,4751,7216,594,2240,2834,107534,108529,216063
2021-02-08,5198,4913,10111,9625,9962,19587,22778,23297,46075,22695,21418,44113,17840,17115,34955,13424,12700,26124,8500,7432,15932,4874,5159,10033,2471,4765,7236,596,2243,2839,108001,109004,217005
2021-02-09,5207,4917,10124,9669,9990,19659,22853,23364,46217,22768,21497,44265,17906,17174,35080,13466,12741,26207,8533,7465,15998,4886,5174,10060,2478,4774,7252,597,2244,2841,108363,109340,217703
2021-02-10,5224,4924,10148,9706,10032,19738,22923,23445,46368,22848,21589,44437,17969,17236,35205,13509,12783,26292,8565,7488,16053,4903,5193,10096,2483,4783,7266,598,2247,2845,108728,109720,218448
2021-02-11,5230,4933,10163,9734,10069,19803,23002,23522,46524,22914,21654,44568,18026,17290,35316,13547,12848,26395,8608,7523,16131,4925,5214,10139,2487,4785,7272,601,2252,2853,109074,110090,219164
2021-02-12,5240,4943,10183,9773,10108,19881,23066,23596,46662,22991,21723,44714,18088,17343,35431,13590,12885,26475,8636,7551,16187,4943,5231,10174,2498,4799,7297,603,2256,2859,109428,110435,219863
2021-02-13,5250,4946,10196,9802,10134,19936,23124,23652,46776,23048,21777,44825,18141,17394,35535,13628,12919,26547,8656,7570,16226,4961,5252,10213,2499,4807,7306,607,2258,2865,109716,110709,220425
2021-02-14,5256,4951,10207,9825,10163,19988,23156,23702,46858,23086,21833,44919,18195,17441,35636,13657,12950,26607,8681,7598,16279,4973,5270,10243,2504,4813,7317,607,2259,2866,109940,110980,220920
2021-02-15,5259,4957,10216,9855,10194,20049,23206,23760,46966,23140,21901,45041,18252,17496,35748,13691,12983,26674,8705,7619,16324,4980,5277,10257,2510,4818,7328,607,2264,2871,110205,111269,221474
2021-02-16,5268,4969,10237,9879,10229,20108,23253,23818,47071,23199,21954,45153,18301,17542,35843,13716,13018,26734,8730,7648,16378,4994,5300,10294,2518,4825,7343,608,2269,2877,110466,111572,222038
2021-02-17,5282,4977,10259,9911,10256,20167,23339,23919,47258,23292,22038,45330,18370,17608,35978,13766,13077,26843,8783,7677,16460,5014,5314,10328,2525,4838,7363,609,2271,2880,110891,111975,222866
2021-02-18,5288,4991,10279,9945,10282,20227,23440,24028,47468,23372,22130,45502,18426,17683,36109,13803,13131,26934,8821,7702,16523,5036,5329,10365,2529,4844,7373,610,2276,2886,111270,112396,223666
2021-02-19,5293,4997,10290,9986,10316,20302,23519,24114,47633,23486,22219,45705,18490,17744,36234,13837,13178,27015,8853,7726,16579,5054,5344,10398,2531,4850,7381,610,2276,2886,111659,112764,224423
2021-02-20,5300,5002,10302,10013,10336,20349,23586,24185,47771,23557,22273,45830,18531,17801,36332,13874,13218,27092,8884,7748,16632,5069,5360,10429,2535,4858,7393,611,2277,2888,111960,113058,225018
2021-02-21,5309,5006,10315,10035,10369,20404,23653,24243,47896,23619,22336,45955,18578,17843,36421,13903,13256,27159,8904,7780,16684,5080,5372,10452,2538,4862,7400,611,2281,2892,112230,113348,225578
2021-02-22,5319,5016,10335,10071,10399,20470,23736,24321,48057,23700,22401,46101,18634,17886,36520,13956,13289,27245,8922,7809,16731,5096,5386,10482,2542,4868,7410,613,2282,2895,112589,113657,226246
2021-02-23,5331,5027,10358,10100,10438,20538,23829,24400,48229,23773,22484,46257,18693,17932,36625,13997,13331,27328,8962,7836,16798,5111,5399,10510,2551,4876,7427,616,2282,2898,112963,114005,226968
2021-02-24,5345,5033,10378,10136,10474,20610,23912,24475,48387,23839,22536,46375,18745,17992,36737,14035,13382,27417,8989,7862,16851,5123,5419,10542,2554,4881,7435,616,2286,2902,113294,114340,227634
2021-02-25,5359,5047,10406,10171,10519,20690,24010,24575,48585,23916,22620,46536,18800,18068,36868,14088,13429,27517,9026,7883,16909,5138,5441,10579,2559,4887,7446,619,2291,2910,113686,114760,228446
2021-02-26,5367,5057,10424,10210,10548,20758,24071,24652,48723,23988,22672,46660,18838,18126,36964,14135,13478,27613,9052,7913,16965,5156,5467,10623,2564,4900,7464,621,2293,2914,114002,115106,229108
2021-02-27,5377,5060,10437,10230,10569,20799,24128,24717,48845,24042,22723,46765,18880,18184,37064,14177,13508,27685,9084,7934,17018,5162,5483,10645,2571,4905,7476,621,2294,2915,114272,115377,229649
2021-02-28,5384,5061,10445,10253,10588,20841,24165,24769,48934,24097,22774,46871,18919,18226,37145,14207,13528,27735,9102,7953,17055,5167,5491,10658,2573,4912,7485,621,2298,2919,114488,115600,230088
2021-03-01,5401,5080,10481,10294,10622,20916,24231,24844,49075,24198,22850,47048,18984,18293,37277,14258,13577,27835,9133,7979,17112,5182,5510,10692,2576,4927,7503,621,2300,2921,114878,115982,230860
2021-03-02,5415,5090,10505,10331,10655,20986,24299,24912,49211,24272,22926,47198,19032,18339,37371,14293,13623,27916,9167,8004,17171,5197,5521,10718,2580,4939,7519,621,2302,2923,115207,116311,231518
2021-03-03,5430,5100,10530,10373,10693,21066,24390,24989,49379,24345,23006,47351,19097,18390,37487,14330,13666,27996,9218,8031,17249,5211,5541,10752,2587,4950,7537,621,2306,2927,115602,116672,232274
2021-03-04,5446,5113,10559,10406,10736,21142,24466,25056,49522,24418,23068,47486,19163,18451,37614,14382,13708,28090,9255,8063,17318,5222,5555,10777,2589,4958,7547,621,2306,2927,115968,117014,232982
2021-03-05,5468,5121,10589,10464,10791,21255,24555,25147,49702,24490,23159,47649,19245,18509,37754,14438,13762,28200,9280,8095,17375,5238,5576,10814,2591,4968,7559,623,2309,2932,116392,117437,233829
2021-03-06,5473,5129,10602,10504,10840,21344,24602,25201,49803,24550,23212,47762,19297,18575,37872,14464,13801,28265,9314,8126,17440,5256,5580,10836,2596,4972,7568,623,2312,2935,116679,117748,234427
2021-03-07,5479,5143,10622,10536,10875,21411,24649,25252,49901,24609,23263,47872,19339,18621,37960,14507,13836,28343,9339,8154,17493,5263,5596,10859,2603,4975,7578,623,2313,2936,116947,118028,234975
2021-03-08,5496,5154,10650,10580,10901,21481,24730,25330,50060,24718,23344,48062,19419,18698,38117,14553,13895,28448,9384,8184,17568,5278,5616,10894,2614,4987,7601,624,2317,2941,117396,118426,235822
2021-03-09,5509,5173,10682,10628,10975,21603,24809,25403,50212,24798,23434,48232,19492,18779,38271,14619,13941,28560,9422,8216,17638,5299,5631,10930,2624,4996,7620,624,2319,2943,117824,118867,236691
2021-03-10,5529,5185,10714,10668,11029,21697,24874,25492,50366,24892,23504,48396,19542,18846,38388,14668,14002,28670,9454,8253,17707,5314,5658,10972,2628,5003,7631,624,2322,2946,118193,119294,237487
2021-03-11,5546,5206,10752,10714,11101,21815,24947,25594,50541,24979,23577,48556,19621,18912,38533,14717,14049,28766,9491,8281,17772,5330,5673,11003,2636,5016,7652,625,2323,2948,118606,119732,238338
2021-03-12,5565,5215,10780,10788,11169,21957,25025,25660,50685,25061,23650,48711,19700,18998,38698,14771,14109,28880,9515,8309,17824,5363,5698,11061,2641,5032,7673,627,2329,2956,119056,120169,239225
2021-03-13,5575,5224,10799,10838,11223,22061,25102,25727,50829,25121,23720,48841,19768,19061,38829,14816,14160,28976,9535,8335,17870,5378,5708,11086,2644,5035,7679,627,2332,2959,119404,120525,239929
2021-03-14,5584,5231,10815,10866,11275,22141,25162,25790,50952,25184,23775,48959,19814,19117,38931,14861,14208,29069,9567,8362,17929,5394,5723,11117,2649,5040,7689,627,2334,2961,119708,120855,240563
2021-03-15,5596,5253,10849,10916,11322,22238,25239,25853,51092,25281,23850,49131,19900,19178,39078,14941,14262,29203,9609,8399,18008,5426,5743,11169,2654,5049,7703,629,2343,2972,120191,121252,241443
2021-03-16,5610,5265,10875,10981,11376,22357,25328,25949,51277,25350,23930,49280,20003,19252,39255,15001,14314,29315,9636,8430,18066,5436,5755,11191,2663,5068,7731,632,2347,2979,120640,121686,242326
2021-03-17,5626,5282,10908,11051,11431,22482,25423,26046,51469,25448,24020,49468,20065,19323,39388,15042,14352,29394,9677,8465,18142,5459,5772,11231,2666,5073,7739,632,2349,2981,121089,122113,243202
2021-03-18,5645,5296,10941,11107,11486,22593,25515,26144,51659,25529,24113,49642,20132,19399,39531,15102,14400,29502,9708,8507,18215,5473,5807,11280,2671,5082,7753,632,2355,2987,121514,122589,244103
2021-03-19,5666,5316,10982,11162,11553,22715,25602,26253,51855,25627,24206,49833,20209,19490,39699,15152,14453,29605,9743,8547,18290,5502,5826,11328,2674,5096,7770,632,2355,2987,121969,123095,245064
2021-03-20,5673,5332,11005,11192,11599,22791,25670,26318,51988,25713,24274,49987,20282,19539,39821,15198,14497,29695,9778,8567,18345,5513,5840,11353,2677,5103,7780,632,2356,2988,122328,123425,245753
2021-03-21,5686,5346,11032,11233,11643,22876,25721,26380,52101,25796,24345,50141,20348,19602,39950,15231,14542,29773,9815,8599,18414,5535,5866,11401,2681,5112,7793,633,2356,2989,122679,123791,246470
2021-03-22,5705,5366,11071,11296,11708,23004,25845,26497,52342,25918,24473,50391,20444,19701,40145,15315,14618,29933,9856,8637,18493,5557,5883,11440,2687,5126,7813,634,2363,2997,123257,124372,247629
2021-03-23,5726,5379,11105,11358,11796,23154,25968,26635,52603,26055,24595,50650,20551,19807,40358,15405,14686,30091,9910,8700,18610,5584,5910,11494,2692,5143,7835,635,2367,3002,123884,125018,248902
2021-03-24,5746,5392,11138,11447,11880,23327,26088,26784,52872,26185,24709,50894,20671,19909,40580,15493,14771,30264,9964,8744,18708,5611,5937,11548,2701,5148,7849,637,2372,3009,124543,125646,250189
2021-03-25,5765,5414,11179,11534,11963,23497,26262,26960,53222,26333,24860,51193,20791,20031,40822,15580,14879,30459,10016,8800,18816,5645,5968,11613,2714,5162,7876,637,2375,3012,125277,126412,251689
2021-03-26,5799,5439,11238,11639,12053,23692,26438,27168,53606,26480,25003,51483,20944,20174,41118,15672,14976,30648,10068,8857,18925,5679,6003,11682,2725,5178,7903,637,2379,3016,126081,127230,253311
2021-03-27,5822,5459,11281,11713,12123,23836,26583,27318,53901,26604,25138,51742,21058,20310,41368,15758,15051,30809,10125,8914,19039,5706,6031,11737,2736,5190,7926,638,2381,3019,126743,127915,254658
2021-03-28,5843,5474,11317,11781,12204,23985,26716,27425,54141,26738,25261,51999,21183,20407,41590,15846,15132,30978,10174,8960,19134,5738,6057,11795,2743,5198,7941,639,2383,3022,127401,128501,255902
2021-03-29,5882,5504,11386,11890,12310,24200,26930,27633,54563,26899,25466,52365,21337,20549,41886,15990,15241,31231,10268,9011,19279,5783,6093,11876,2748,5211,7959,641,2388,3029,128368,129406,257774
2021-03-30,5904,5535,11439,12004,12419,24423,27167,27890,55057,27122,25662,52784,21513,20710,42223,16113,15366,31479,10343,9070,19413,5817,6140,11957,2758,5233,7991,648,2392,3040,129389,130417,259806
2021-03-31,5938,5567,11505,12130,12536,24666,27452,28154,55606,27352,25863,53215,21712,20881,42593,16227,15495,31722,10416,9137,19553,5846,6172,12018,2770,5252,8022,649,2398,3047,130492,131455,261947
2021-04-01,5958,5589,11547,12262,12680,24942,27746,28419,56165,27566,26077,53643,21857,21053,42910,16370,15618,31988,10502,9219,19721,5878,6205,12083,2781,5259,8040,652,2400,3052,131572,132519,264091
2021-04-02,5982,5619,11601,12389,12846,25235,27930,28608,56538,27758,26250,54008,22016,21201,43217,16479,15723,32202,10575,9279,19854,5912,6245,12157,2787,5271,8058,654,2401,3055,132482,133443,265925
2021-04-03,6005,5643,11648,12507,12953,25460,28115,28794,56909,27968,26456,54424,22196,21376,43572,16609,15849,32458,10648,9356,20004,5951,6285,12236,2800,5284,8084,657,2407,3064,133456,134403,267859
2021-04-04,6034,5665,11699,12624,13068,25692,28326,29010,57336,28173,26638,54811,22386,21532,43918,16731,15964,32695,10727,9428,20155,5982,6324,12306,2804,5296,8100,659,2410,3069,134446,135335,269781
2021-04-05,6077,5713,11790,12813,13254,26067,28672,29368,58040,28473,26984,55457,22622,21796,44418,16934,16168,33102,10849,9535,20384,6034,6384,12418,2818,5320,8138,659,2416,3075,135951,136938,272889
2021-04-06,6123,5752,11875,12972,13436,26408,29050,29707,58757,28798,27306,56104,22871,22054,44925,17127,16354,33481,10962,9631,20593,6081,6433,12514,2839,5333,8172,663,2422,3085,137486,138428,275914
2021-04-07,6166,5812,11978,13183,13647,26830,29445,30115,59560,29164,27582,56746,23136,22320,45456,17316,16527,33843,11065,9741,20806,6130,6477,12607,2857,5352,8209,666,2427,3093,139128,140000,279128
2021-04-08,6212,5865,12077,13371,13817,27188,29815,30490,60305,29469,27906,57375,23374,22586,45960,17513,16710,34223,11160,9836,20996,6181,6525,12706,2875,5376,8251,668,2430,3098,140638,141541,282179
2021-04-09,6276,5916,12192,13544,13984,27528,30124,30843,60967,29797,28223,58020,23618,22834,46452,17650,16888,34538,11241,9926,21167,6219,6565,12784,2893,5394,8287,672,2437,3109,142034,143010,285044
2021-04-10,6321,5949,12270,13698,14142,27840,30356,31141,61497,30029,28482,58511,23829,23040,46869,17784,17033,34817,11343,10015,21358,6260,6598,12858,2906,5415,8321,674,2441,3115,143200,144256,287456
2021-04-11,6350,5981,12331,13838,14324,28162,30533,31315,61848,30262,28711,58973,24017,23243,47260,17917,17163,35080,11444,10100,21544,6309,6650,12959,2915,5428,8343,676,2449,3125,144261,145364,289625
2021-04-12,6423,6029,12452,14022,14513,28535,30842,31624,62466,30613,28981,59594,24263,23518,47781,18126,17358,35484,11590,10225,21815,6383,6719,13102,2930,5452,8382,679,2454,3133,145871,146873,292744
2021-04-13,6474,6071,12545,14184,14668,28852,31136,31946,63082,30913,29267,60180,24520,23759,48279,18320,17546,35866,11717,10336,22053,6441,6778,13219,2950,5479,8429,684,2461,3145,147339,148311,295650
2021-04-14,6513,6138,12651,14362,14841,29203,31440,32284,63724,31212,29540,60752,24791,24041,48832,18541,17736,36277,11844,10478,22322,6513,6837,13350,2959,5500,8459,687,2471,3158,148862,149866,298728
2021-04-15,6566,6186,12752,14514,14979,29493,31702,32560,64262,31481,29818,61299,25033,24256,49289,18752,17904,36656,11961,10598,22559,6578,6896,13474,2972,5521,8493,690,2477,3167,150249,151195,301444
2021-04-16,6616,6233,12849,14670,15122,29792,31948,32861,64809,31789,30130,61919,25339,24531,49870,18959,18074,37033,12115,10728,22843,6635,6965,13600,2992,5543,8535,692,2484,3176,151755,152671,304426
2021-04-17,6657,6265,12922,14779,15261,30040,32175,33151,65326,32033,30396,62429,25575,24732,50307,19122,18234,37356,12231,10842,23073,6701,7037,13738,3002,5567,8569,695,2493,3188,152970,153978,306948
2021-04-18,6696,6308,13004,14883,15373,30256,32364,33346,65710,32262,30622,62884,25789,24927,50716,19308,18372,37680,12330,10940,23270,6756,7075,13831,3016,5587,8603,696,2499,3195,154100,155049,309149
2021-04-19,6748,6364,13112,15025,15517,30542,32681,33674,66355,32631,30960,63591,26076,25259,51335,19530,18578,38108,12490,11074,23564,6830,7137,13967,3032,5610,8642,696,2505,3201,155739,156678,312417
2021-04-20,6824,6426,13250,15171,15667,30838,32966,33985,66951,32968,31314,64282,26384,25541,51925,19757,18769,38526,12640,11204,23844,6888,7200,14088,3051,5647,8698,701,2509,3210,157350,158262,315612
2021-04-21,6873,6472,13345,15327,15829,31156,33233,34301,67534,33292,31625,64917,26689,25809,52498,19953,18974,38927,12782,11337,24119,6957,7262,14219,3078,5680,8758,704,2518,3222,158888,159807,318695
2021-04-22,6937,6531,13468,15474,15997,31471,33455,34537,67992,33578,31906,65484,26944,26049,52993,20127,19154,39281,12897,11456,24353,7017,7320,14337,3096,5705,8801,709,2527,3236,160234,161182,321416
2021-04-23,7003,6584,13587,15614,16155,31769,33719,34794,68513,33887,32196,66083,27201,26341,53542,20300,19341,39641,13012,11556,24568,7060,7390,14450,3113,5729,8842,711,2539,3250,161620,162625,324245
2021-04-24,7042,6617,13659,15707,16251,31958,33890,34983,68873,34081,32404,66485,27420,26551,53971,20464,19469,39933,13107,11631,24738,7094,7431,14525,3123,5756,8879,712,2550,3262,162640,163643,326283
2021-04-25,7089,6650,13739,15787,16336,32123,34041,35159,69200,34278,32601,66879,27602,26743,54345,20626,19596,40222,13191,11715,24906,7129,7468,14597,3133,5775,8908,713,2551,3264,163589,164594,328183
2021-04-26,7155,6694,13849,15890,16473,32363,34256,35404,69660,34580,32859,67439,27847,27008,54855,20814,19754,40568,13309,11823,25132,7176,7537,14713,3148,5799,8947,716,2557,3273,164891,165908,330799
2021-04-27,7215,6760,13975,16019,16608,32627,34467,35648,70115,34850,33149,67999,28063,27268,55331,20968,19918,40886,13423,11923,25346,7244,7601,14845,3172,5824,8996,721,2560,3281,166142,167259,333401
2021-04-28,7298,6810,14108,16171,16737,32908,34676,35861,70537,35119,33410,68529,28289,27516,55805,21141,20094,41235,13544,12033,25577,7302,7648,14950,3187,5847,9034,724,2567,3291,167451,168523,335974
2021-04-29,7344,6862,14206,16312,16883,33195,34906,36102,71008,35348,33689,69037,28514,27736,56250,21293,20257,41550,13651,12140,25791,7354,7707,15061,3202,5864,9066,726,2571,3297,168650,169811,338461
2021-04-30,7417,6925,14342,16438,17012,33450,35113,36355,71468,35579,33960,69539,28750,27957,56707,21460,20423,41883,13760,12274,26034,7410,7768,15178,3217,5882,9099,730,2579,3309,169874,171135,341009
2021-05-01,7461,6955,14416,16520,17091,33611,35258,36513,71771,35745,34142,69887,28903,28125,57028,21581,20535,42116,13856,12356,26212,7444,7810,15254,3224,5904,9128,730,2585,3315,170722,172016,342738
2021-05-02,7490,6989,14479,16600,17168,33768,35376,36663,72039,35899,34323,70222,29067,28289,57356,21700,20664,42364,13941,12437,26378,7481,7854,15335,3233,5921,9154,731,2590,3321,171518,172898,344416
2021-05-03,7565,7047,14612,16721,17310,34031,35613,36920,72533,36199,34617,70816,29328,28558,57886,21891,20870,42761,14080,12551,26631,7529,7914,15443,3258,5951,9209,737,2601,3338,172921,174339,347260
2021-05-04,7616,7116,14732,16844,17439,34283,35853,37129,72982,36462,34877,71339,29551,28765,58316,22072,21026,43098,14201,12643,26844,7572,7965,15537,3276,5972,9248,740,2612,3352,174187,175544,349731
2021-05-05,7669,7175,14844,16958,17546,34504,36073,37335,73408,36699,35118,71817,29739,28974,58713,22221,21195,43416,14294,12735,27029,7603,8014,15617,3291,5996,9287,745,2620,3365,175292,176708,352000
2021-05-06,7720,7225,14945,17043,17650,34693,36252,37554,73806,36897,35316,72213,29911,29155,59066,22363,21319,43682,14387,12821,27208,7643,8057,15700,3298,6018,9316,745,2631,3376,176259,177746,354005
2021-05-07,7766,7285,15051,17175,17768,34943,36426,37767,74193,37108,35536,72644,30083,29338,59421,22502,21462,43964,14484,12923,27407,7686,8100,15786,3316,6037,9353,748,2639,3387,177294,178855,356149
2021-05-08,7803,7308,15111,17249,17852,35101,36576,37914,74490,37281,35695,72976,30226,29521,59747,22620,21575,44195,14557,12985,27542,7720,8133,15853,3328,6056,9384,754,2650,3404,178114,179689,357803
2021-05-09,7838,7348,15186,17318,17927,35245,36700,38031,74731,37420,35862,73282,30368,29670,60038,22712,21657,44369,14632,13056,27688,7750,8164,15914,3337,6072,9409,758,2660,3418,178833,180447,359280
2021-05-10,7893,7412,15305,17464,18064,35528,36932,38295,75227,37692,36136,73828,30613,29918,60531,22913,21864,44777,14749,13177,27926,7813,8221,16034,3358,6113,9471,762,2667,3429,180189,181867,362056
2021-05-11,7956,7469,15425,17593,18167,35760,37138,38544,75682,37966,36404,74370,30847,30160,61007,23078,22025,45103,14848,13272,28120,7861,8266,16127,3369,6140,9509,771,2680,3451,181427,183127,364554
2021-05-12,8016,7534,15550,17700,18281,35981,37374,38776,76150,38224,36658,74882,31081,30384,61465,23251,22198,45449,14950,13359,28309,7909,8317,16226,3385,6171,9556,778,2691,3469,182668,184369,367037
2021-05-13,8087,7563,15650,17812,18398,36210,37559,38973,76532,38447,36881,75328,31285,30586,61871,23408,22375,45783,15024,13438,28462,7950,8366,16316,3399,6191,9590,783,2700,3483,183754,185471,369225
2021-05-14,8161,7629,15790,17947,18548,36495,37777,39238,77015,38714,37198,75912,31552,30831,62383,23589,22547,46136,15116,13554,28670,8002,8426,16428,3419,6212,9631,784,2708,3492,185061,186891,371952
2021-05-15,8229,7670,15899,18053,18685,36738,37951,39415,77366,38911,37387,76298,31752,31028,62780,23738,22689,46427,15199,13618,28817,8031,8471,16502,3435,6235,9670,784,2716,3500,186083,187914,373997
2021-05-16,8264,7716,15980,18131,18769,36900,38094,39587,77681,39109,37589,76698,31955,31228,63183,23879,22799,46678,15276,13690,28966,8070,8511,16581,3445,6246,9691,787,2728,3515,187010,188863,375873
2021-05-17,8357,7781,16138,18302,18952,37254,38403,39897,78300,39460,37920,77380,32267,31575,63842,24109,23048,47157,15410,13808,29218,8132,8583,16715,3478,6285,9763,794,2742,3536,188712,190591,379303
2021-05-18,8443,7857,16300,18475,19093,37568,38696,40215,78911,39810,38231,78041,32522,31860,64382,24321,23269,47590,15525,13925,29450,8194,8636,16830,3499,6318,9817,796,2762,3558,190281,192166,382447
2021-05-19,8524,7935,16459,18651,19267,37918,39000,40551,79551,40116,38535,78651,32842,32148,64990,24523,23458,47981,15649,14022,29671,8241,8703,16944,3520,6349,9869,798,2769,3567,191864,193737,385601
2021-05-20,8594,7996,16590,18803,19428,38231,39291,40883,80174,40417,38842,79259,33087,32415,65502,24709,23619,48328,15742,14128,29870,8301,8761,17062,3537,6396,9933,800,2775,3575,193281,195243,388524
2021-05-21,8661,8065,16726,18953,19581,38534,39538,41167,80705,40681,39131,79812,33340,32669,66009,24910,23816,48726,15837,14221,30058,8338,8810,17148,3556,6429,9985,804,2782,3586,194618,196671,391289
2021-05-22,8713,8097,16810,19038,19691,38729,39703,41344,81047,40914,39336,80250,33507,32841,66348,25061,23966,49027,15920,14299,30219,8366,8852,17218,3569,6463,10032,807,2799,3606,195598,197688,393286
2021-05-23,8741,8132,16873,19132,19807,38939,39886,41502,81388,41113,39539,80652,33697,33001,66698,25216,24099,49315,16002,14345,30347,8399,8889,17288,3589,6486,10075,808,2805,3613,196583,198605,395188
2021-05-24,8799,8166,16965,19253,19954,39207,40125,41741,81866,41402,39817,81219,33982,33283,67265,25408,24279,49687,16114,14430,30544,8437,8935,17372,3610,6514,10124,810,2815,3625,197940,199934,397874
2021-05-25,8850,8214,17064,19368,20057,39425,40338,41981,82319,41688,40079,81767,34257,33538,67795,25571,24443,50014,16204,14498,30702,8470,8983,17453,3626,6544,10170,810,2822,3632,199182,201159,400341
2021-05-26,8915,8286,17201,19515,20203,39718,40625,42282,82907,42017,40385,82402,34540,33824,68364,25793,24639,50432,16318,14614,30932,8525,9049,17574,3649,6583,10232,813,2838,3651,200710,202703,403413
2021-05-27,8989,8348,17337,19642,20346,39988,40879,42553,83432,42323,40682,83005,34816,34098,68914,25998,24823,50821,16422,14710,31132,8574,9098,17672,3671,6618,10289,816,2852,3668,202130,204128,406258
2021-05-28,9054,8404,17458,19803,20487,40290,41121,42813,83934,42567,40988,83555,35080,34336,69416,26184,24993,51177,16512,14811,31323,8612,9143,17755,3686,6658,10344,823,2861,3684,203442,205494,408936
2021-05-29,9110,8459,17569,19903,20588,40491,41283,43007,84290,42760,41181,83941,35245,34525,69770,26298,25139,51437,16594,14886,31480,8649,9185,17834,3703,6674,10377,824,2871,3695,204369,206515,410884
2021-05-30,9140,8490,17630,19984,20665,40649,41429,43167,84596,42903,41338,84241,35406,34686,70092,26383,25243,51626,16642,14934,31576,8672,9217,17889,3716,6692,10408,824,2872,3696,205099,207304,412403
2021-05-31,9202,8554,17756,20101,20795,40896,41638,43384,85022,43140,41601,84741,35608,34943,70551,26539,25410,51949,16723,15024,31747,8721,9272,17993,3737,6717,10454,825,2883,3708,206234,208583,414817
2021-06-01,9247,8608,17855,20205,20913,41118,41840,43594,85434,43367,41804,85171,35795,35157,70952,26684,25540,52224,16799,15098,31897,8758,9320,18078,3749,6746,10495,832,2893,3725,207276,209673,416949
2021-06-02,9291,8652,17943,20306,21003,41309,41995,43770,85765,43544,41993,85537,35944,35322,71266,26801,25656,52457,16869,15167,32036,8796,9364,18160,3765,6776,10541,838,2900,3738,208149,210603,418752
2021-06-03,9344,8699,18043,20408,21114,41522,42173,43954,86127,43733,42187,85920,36095,35485,71580,26910,25788,52698,16927,15225,32152,8836,9407,18243,3775,6797,10572,841,2911,3752,209042,211567,420609
2021-06-04,9404,8758,18162,20504,21235,41739,42336,44134,86470,43932,42367,86299,36253,35644,71897,27021,25926,52947,16981,15290,32271,8870,9446,18316,3785,6821,10606,843,2919,3762,209929,212540,422469
2021-06-05,9440,8797,18237,20577,21313,41890,42455,44242,86697,44075,42494,86569,36390,35782,72172,27115,26008,53123,17038,15341,32379,8890,9476,18366,3801,6856,10657,849,2933,3782,210630,213242,423872
2021-06-06,9480,8831,18311,20646,21378,42024,42554,44361,86915,44203,42616,86819,36532,35907,72439,27188,26090,53278,17080,15384,32464,8916,9503,18419,3810,6877,10687,853,2940,3793,211262,213887,425149
2021-06-07,9524,8876,18400,20751,21473,42224,42746,44547,87293,44392,42835,87227,36713,36112,72825,27331,26230,53561,17146,15438,32584,8953,9553,18506,3840,6901,10741,856,2951,3807,212252,214916,427168
2021-06-08,9573,8929,18502,20863,21561,42424,42918,44685,87603,44535,43016,87551,36877,36276,73153,27445,26347,53792,17199,15496,32695,8989,9589,18578,3856,6926,10782,858,2958,3816,213113,215783,428896
2021-06-09,9622,8971,18593,20958,21662,42620,43075,44833,87908,44705,43174,87879,37041,36418,73459,27562,26456,54018,17255,15546,32801,9026,9610,18636,3884,6942,10826,859,2964,3823,213987,216576,430563
2021-06-10,9670,9024,18694,21057,21783,42840,43257,45022,88279,44884,43349,88233,37221,36585,73806,27682,26570,54252,17313,15605,32918,9061,9645,18706,3896,6962,10858,863,2973,3836,214904,217518,432422
2021-06-11,9723,9065,18788,21148,21868,43016,43423,45178,88601,45048,43517,88565,37354,36753,74107,27786,26678,54464,17373,15666,33039,9090,9679,18769,3911,6990,10901,866,2982,3848,215722,218376,434098
2021-06-12,9760,9100,18860,21206,21930,43136,43510,45278,88788,45158,43629,88787,37456,36856,74312,27852,26741,54593,17405,15704,33109,9115,9699,18814,3917,7001,10918,868,2991,3859,216247,218929,435176
2021-06-13,9804,9141,18945,21255,22005,43260,43611,45381,88992,45266,43752,89018,37563,36951,74514,27921,26804,54725,17447,15746,33193,9137,9721,18858,3929,7024,10953,869,2998,3867,216802,219523,436325
2021-06-14,9858,9197,19055,21345,22109,43454,43777,45545,89322,45466,43985,89451,37747,37095,74842,28026,26886,54912,17504,15815,33319,9165,9763,18928,3941,7057,10998,872,3004,3876,217701,220456,438157
2021-06-15,9904,9231,19135,21437,22187,43624,43914,45693,89607,45627,44126,89753,37879,37241,75120,28122,26978,55100,17562,15867,33429,9198,9802,19000,3953,7082,11035,876,3021,3897,218472,221228,439700
2021-06-16,9946,9276,19222,21498,22269,43767,44058,45828,89886,45768,44283,90051,38023,37375,75398,28201,27054,55255,17609,15916,33525,9225,9817,19042,3960,7092,11052,881,3025,3906,219169,221935,441104
2021-06-17,9981,9310,19291,21583,22347,43930,44171,45945,90116,45907,44429,90336,38145,37528,75673,28286,27130,55416,17663,15976,33639,9263,9856,19119,3976,7119,11095,883,3032,3915,219858,222672,442530
2021-06-18,10019,9355,19374,21651,22419,44070,44288,46074,90362,46039,44553,90592,38242,37640,75882,28362,27202,55564,17705,16021,33726,9288,9889,19177,3978,7138,11116,886,3036,3922,220458,223327,443785
2021-06-19,10055,9390,19445,21704,22473,44177,44357,46148,90505,46138,44654,90792,38318,37735,76053,28425,27256,55681,17729,16056,33785,9311,9914,19225,3985,7148,11133,887,3037,3924,220909,223811,444720
2021-06-20,10075,9406,19481,21755,22521,44276,44419,46229,90648,46230,44745,90975,38393,37813,76206,28485,27302,55787,17747,16079,33826,9321,9925,19246,3991,7156,11147,890,3039,3929,221306,224215,445521
2021-06-21,10109,9440,19549,21821,22575,44396,44513,46322,90835,46340,44891,91231,38494,37904,76398,28538,27369,55907,17785,16114,33899,9341,9945,19286,3994,7167,11161,891,3044,3935,221826,224771,446597
2021-06-22,10162,9497,19659,21917,22670,44587,44642,46486,91128,46522,45086,91608,38649,38064,76713,28630,27449,56079,17844,16169,34013,9371,9973,19344,4006,7181,11187,891,3047,3938,222634,225622,448256
2021-06-23,10213,9541,19754,22000,22754,44754,44784,46618,91402,46649,45224,91873,38789,38190,76979,28712,27526,56238,17897,16206,34103,9396,9997,19393,4014,7189,11203,891,3050,3941,223345,226295,449640
2021-06-24,10261,9579,19840,22077,22845,44922,44915,46766,91681,46821,45405,92226,38913,38327,77240,28803,27622,56425,17940,16258,34198,9422,10035,19457,4023,7205,11228,896,3053,3949,224071,227095,451166
2021-06-25,10312,9631,19943,22183,22935,45118,45039,46947,91986,46991,45576,92567,39035,38462,77497,28890,27707,56597,17988,16322,34310,9443,10071,19514,4029,7224,11253,898,3058,3956,224808,227933,452741
2021-06-26,10346,9668,20014,22252,22996,45248,45121,47045,92166,47114,45668,92782,39130,38558,77688,28948,27778,56726,18022,16347,34369,9464,10091,19555,4034,7236,11270,899,3065,3964,225330,228452,453782
2021-06-27,10376,9699,20075,22300,23056,45356,45205,47127,92332,47199,45755,92954,39213,38645,77858,28989,27818,56807,18053,16376,34429,9474,10107,19581,4036,7244,11280,900,3068,3968,225745,228895,454640
2021-06-28,10423,9748,20171,22369,23131,45500,45320,47242,92562,47332,45903,93235,39332,38772,78104,29045,27882,56927,18107,16411,34518,9497,10128,19625,4043,7256,11299,900,3074,3974,226368,229547,455915
2021-06-29,10457,9793,20250,22446,23196,45642,45418,47352,92770,47461,46023,93484,39429,38889,78318,29106,27938,57044,18140,16458,34598,9520,10153,19673,4051,7271,11322,902,3079,3981,226930,230152,457082
2021-06-30,10495,9836,20331,22532,23271,45803,45523,47474,92997,47587,46146,93733,39511,39000,78511,29168,27996,57164,18169,16496,34665,9542,10184,19726,4058,7282,11340,905,3081,3986,227490,230766,458256
2021-07-01,10526,9861,20387,22615,23349,45964,45635,47605,93240,47702,46267,93969,39605,39099,78704,29236,28071,57307,18207,16540,34747,9562,10203,19765,4064,7292,11356,905,3084,3989,228057,231371,459428
2021-07-02,10568,9897,20465,22694,23424,46118,45724,47707,93431,47826,46397,94223,39719,39196,78915,29297,28128,57425,18239,16577,34816,9582,10228,19810,4068,7300,11368,905,3088,3993,228622,231942,460564
2021-07-03,10599,9920,20519,22747,23478,46225,45796,47792,93588,47906,46483,94389,39805,39257,79062,29340,28177,57517,18269,16609,34878,9594,10240,19834,4073,7306,11379,905,3090,3995,229034,232352,461386
2021-07-04,10624,9934,20558,22781,23524,46305,45876,47845,93721,47987,46548,94535,39865,39311,79176,29381,28223,57604,18295,16628,34923,9611,10255,19866,4077,7310,11387,905,3094,3999,229402,232672,462074
2021-07-05,10667,9968,20635,22852,23596,46448,45984,47947,93931,48135,46667,94802,39972,39416,79388,29441,28290,57731,18332,16669,35001,9640,10281,19921,4084,7320,11404,907,3096,4003,230014,233250,463264
2021-07-06,10708,10009,20717,22923,23648,46571,46085,48065,94150,48262,46781,95043,40073,39517,79590,29491,28328,57819,18370,16704,35074,9668,10302,19970,4092,7329,11421,911,3098,4009,230583,233781,464364
2021-07-07,10746,10042,20788,22987,23715,46702,46191,48162,94353,48372,46887,95259,40157,39601,79758,29541,28377,57918,18395,16727,35122,9686,10324,20010,4104,7334,11438,912,3098,4010,231091,234267,465358
2021-07-08,10785,10075,20860,23062,23786,46848,46313,48288,94601,48496,47025,95521,40263,39690,79953,29591,28454,58045,18428,16758,35186,9702,10341,20043,4107,7341,11448,914,3100,4014,231661,234858,466519
2021-07-09,10816,10095,20911,23126,23841,46967,46396,48373,94769,48577,47104,95681,40331,39772,80103,29625,28499,58124,18448,16780,35228,9717,10355,20072,4109,7345,11454,915,3101,4016,232060,235265,467325
2021-07-10,10843,10116,20959,23170,23892,47062,46474,48459,94933,48654,47184,95838,40412,39855,80267,29675,28552,58227,18472,16814,35286,9739,10380,20119,4112,7353,11465,917,3103,4020,232468,235708,468176
2021-07-11,10858,10141,20999,23221,23941,47162,46535,48535,95070,48735,47264,95999,40474,39918,80392,29712,28582,58294,18496,16835,35331,9749,10394,20143,4114,7357,11471,917,3103,4020,232811,236070,468881
2021-07-12,10898,10174,21072,23284,24006,47290,46637,48649,95286,48857,47385,96242,40571,40017,80588,29778,28650,58428,18536,16867,35403,9779,10420,20199,4119,7366,11485,917,3105,4022,233376,236639,470015
2021-07-13,10932,10213,21145,23350,24065,47415,46737,48752,95489,48941,47479,96420,40642,40103,80745,29832,28687,58519,18570,16892,35462,9796,10440,20236,4126,7377,11503,918,3112,4030,233844,237120,470964
2021-07-14,10966,10238,21204,23418,24122,47540,46847,48868,95715,49032,47582,96614,40713,40187,80900,29884,28743,58627,18600,16920,35520,9817,10454,20271,4128,7387,11515,918,3115,4033,234323,237616,471939
2021-07-15,10994,10259,21253,23495,24190,47685,46968,48987,95955,49137,47668,96805,40792,40269,81061,29926,28793,58719,18626,16954,35580,9829,10472,20301,4132,7390,11522,919,3117,4036,234818,238099,472917
2021-07-16,11031,10280,21311,23556,24248,47804,47067,49095,96162,49229,47772,97001,40859,40351,81210,29961,28846,58807,18659,16991,35650,9849,10501,20350,4134,7404,11538,920,3118,4038,235265,238606,473871
2021-07-17,11064,10296,21360,23605,24301,47906,47154,49170,96324,49301,47839,97140,40908,40420,81328,30003,28882,58885,18674,17010,35684,9862,10516,20378,4140,7405,11545,921,3119,4040,235632,238958,474590
2021-07-18,11076,10310,21386,23639,24340,47979,47214,49229,96443,49352,47896,97248,40955,40464,81419,30020,28908,58928,18691,17023,35714,9870,10527,20397,4148,7411,11559,921,3119,4040,235886,239227,475113
2021-07-19,11094,10336,21430,23698,24393,48091,47309,49328,96637,49447,47988,97435,41034,40545,81579,30064,28949,59013,18714,17049,35763,9881,10544,20425,4152,7417,11569,923,3122,4045,236316,239671,475987
2021-07-20,11118,10366,21484,23748,24431,48179,47376,49425,96801,49523,48068,97591,41105,40608,81713,30101,28984,59085,18736,17067,35803,9893,10554,20447,4156,7423,11579,923,3123,4046,236679,240049,476728
2021-07-21,11145,10382,21527,23796,24500,48296,47462,49507,96969,49599,48139,97738,41149,40687,81836,30149,29029,59178,18758,17090,35848,9903,10568,20471,4159,7426,11585,924,3123,4047,237044,240451,477495
2021-07-22,11163,10399,21562,23854,24556,48410,47549,49585,97134,49680,48230,97910,41209,40738,81947,30187,29078,59265,18805,17108,35913,9919,10578,20497,4161,7433,11594,926,3123,4049,237453,240828,478281
2021-07-23,11179,10418,21597,23914,24618,48532,47653,49674,97327,49757,48308,98065,41271,40807,82078,30228,29112,59340,18833,17139,35972,9930,10594,20524,4163,7442,11605,927,3124,4051,237855,241236,479091
2021-07-24,11192,10428,21620,23957,24666,48623,47724,49732,97456,49815,48366,98181,41320,40863,82183,30255,29149,59404,18857,17155,36012,9940,10602,20542,4165,7444,11609,927,3125,4052,238152,241530,479682
2021-07-25,11201,10440,21641,23992,24712,48704,47779,49794,97573,49874,48423,98297,41360,40903,82263,30284,29176,59460,18878,17162,36040,9949,10614,20563,4167,7449,11616,927,3128,4055,238411,241801,480212
2021-07-26,11223,10457,21680,24056,24775,48831,47889,49908,97797,49964,48504,98468,41422,40976,82398,30327,29221,59548,18907,17190,36097,9968,10633,20601,4171,7459,11630,927,3129,4056,238854,242252,481106
2021-07-27,11242,10470,21712,24104,24832,48936,47973,50009,97982,50047,48588,98635,41482,41030,82512,30364,29259,59623,18929,17208,36137,9978,10645,20623,4172,7463,11635,928,3130,4058,239219,242634,481853
2021-07-28,11255,10488,21743,24155,24881,49036,48032,50091,98123,50108,48656,98764,41527,41083,82610,30390,29290,59680,18946,17233,36179,9987,10655,20642,4174,7466,11640,928,3131,4059,239502,242974,482476
2021-07-29,11282,10501,21783,24206,24923,49129,48115,50163,98278,50169,48734,98903,41568,41140,82708,30421,29324,59745,18967,17255,36222,9992,10664,20656,4178,7474,11652,930,3133,4063,239828,243311,483139
2021-07-30,11309,10520,21829,24260,24982,49242,48187,50241,98428,50224,48809,99033,41627,41206,82833,30461,29360,59821,18995,17284,36279,10000,10680,20680,4182,7485,11667,931,3135,4066,240176,243702,483878
2021-07-31,11323,10543,21866,24296,25028,49324,48240,50296,98536,50265,48878,99143,41669,41248,82917,30500,29397,59897,19009,17295,36304,10016,10688,20704,4183,7488,11671,931,3136,4067,240432,243997,484429
2021-08-01,11340,10558,21898,24327,25065,49392,48281,50343,98624,50313,48929,99242,41718,41305,83023,30530,29434,59964,19030,17309,36339,10023,10698,20721,4187,7493,11680,932,3136,4068,240681,244270,484951
2021-08-02,11368,10583,21951,24404,25152,49556,48364,50431,98795,50374,49001,99375,41783,41391,83174,30589,29484,60073,19058,17335,36393,10033,10721,20754,4189,7500,11689,933,3137,4070,241095,244735,485830
2021-08-03,11387,10601,21988,24469,25233,49702,48452,50493,98945,50445,49065,99510,41854,41457,83311,30625,29519,60144,19081,17361,36442,10047,10739,20786,4193,7503,11696,933,3139,4072,241486,245110,486596
2021-08-04,11412,10611,22023,24520,25280,49800,48539,50568,99107,50505,49143,99648,41895,41515,83410,30663,29555,60218,19097,17381,36478,10063,10751,20814,4199,7505,11704,935,3140,4075,241828,245449,487277
2021-08-05,11431,10628,22059,24591,25363,49954,48614,50652,99266,50580,49207,99787,41949,41571,83520,30708,29593,60301,19119,17401,36520,10071,10768,20839,4205,7512,11717,937,3145,4082,242205,245840,488045
2021-08-06,11448,10654,22102,24648,25442,50090,48680,50736,99416,50646,49265,99911,42012,41642,83654,30747,29632,60379,19146,17425,36571,10086,10783,20869,4208,7518,11726,937,3145,4082,242558,246242,488800
2021-08-07,11464,10668,22132,24685,25478,50163,48720,50800,99520,50687,49306,99993,42052,41683,83735,30773,29658,60431,19156,17447,36603,10093,10790,20883,4208,7521,11729,938,3145,4083,242776,246496,489272
2021-08-08,11475,10692,22167,24715,25511,50226,48760,50842,99602,50729,49350,100079,42091,41719,83810,30795,29687,60482,19170,17462,36632,10097,10798,20895,4208,7522,11730,938,3145,4083,242978,246728,489706
2021-08-09,11488,10720,22208,24766,25563,50329,48821,50899,99720,50786,49397,100183,42127,41757,83884,30835,29716,60551,19190,17482,36672,10106,10810,20916,4210,7526,11736,938,3145,4083,243267,247015,490282
2021-08-10,11518,10742,22260,24815,25629,50444,48875,50953,99828,50831,49458,100289,42163,41802,83965,30868,29747,60615,19211,17511,36722,10116,10819,20935,4214,7528,11742,938,3146,4084,243549,247335,490884
2021-08-11,11539,10765,22304,24864,25689,50553,48941,51015,99956,50873,49508,100381,42198,41844,84042,30892,29799,60691,19229,17529,36758,10128,10829,20957,4215,7534,11749,938,3147,4085,243817,247659,491476
2021-08-12,11562,10787,22349,24918,25750,50668,48993,51062,100055,50922,49560,100482,42239,41877,84116,30914,29822,60736,19239,17551,36790,10136,10846,20982,4217,7542,11759,938,3147,4085,244078,247944,492022
2021-08-13,11583,10819,22402,24970,25798,50768,49036,51104,100140,50967,49601,100568,42277,41920,84197,30937,29848,60785,19252,17565,36817,10140,10854,20994,4219,7550,11769,939,3150,4089,244320,248209,492529
2021-08-14,11597,10831,22428,25005,25834,50839,49060,51132,100192,51009,49653,100662,42292,41950,84242,30962,29866,60828,19268,17571,36839,10150,10862,21012,4220,7552,11772,939,3150,4089,244502,248401,492903
2021-08-15,11615,10841,22456,25026,25867,50893,49077,51165,100242,51038,49681,100719,42319,41972,84291,30986,29886,60872,19278,17577,36855,10159,10865,21024,4220,7553,11773,940,3150,4090,244658,248557,493215
2021-08-16,11635,10851,22486,25064,25905,50969,49106,51204,100310,51064,49721,100785,42351,42005,84356,31007,29901,60908,19281,17589,36870,10161,10872,21033,4223,7555,11778,940,3150,4090,244832,248753,493585
2021-08-17,11654,10870,22524,25132,25951,51083,49161,51250,100411,51108,49766,100874,42408,42052,84460,31025,29920,60945,19298,17604,36902,10167,10887,21054,4227,7559,11786,940,3151,4091,245120,249010,494130
2021-08-18,11680,10895,22575,25191,25986,51177,49212,51292,100504,51153,49819,100972,42438,42092,84530,31058,29947,61005,19314,17623,36937,10173,10897,21070,4228,7562,11790,940,3151,4091,245387,249264,494651
2021-08-19,11702,10909,22611,25247,26033,51280,49257,51327,100584,51190,49857,101047,42468,42134,84602,31074,29971,61045,19330,17636,36966,10178,10903,21081,4229,7565,11794,940,3151,4091,245615,249486,495101
2021-08-20,11732,10930,22662,25292,26090,51382,49295,51368,100663,51224,49902,101126,42499,42185,84684,31098,29991,61089,19346,17659,37005,10190,10913,21103,4232,7575,11807,941,3151,4092,245849,249764,495613
2021-08-21,11743,10939,22682,25323,26119,51442,49322,51403,100725,51248,49934,101182,42525,42218,84743,31113,30011,61124,19351,17663,37014,10194,10921,21115,4233,7576,11809,941,3152,4093,245993,249936,495929
2021-08-22,11759,10957,22716,25344,26146,51490,49349,51429,100778,51269,49955,101224,42548,42246,84794,31124,30028,61152,19359,17668,37027,10200,10926,21126,4235,7579,11814,941,3155,4096,246128,250089,496217
2021-08-23,11778,10973,22751,25376,26180,51556,49381,51459,100840,51311,49989,101300,42576,42280,84856,31143,30043,61186,19368,17682,37050,10210,10929,21139,4236,7580,11816,943,3155,4098,246322,250270,496592
2021-08-24,11795,10990,22785,25417,26217,51634,49409,51488,100897,51345,50031,101376,42600,42308,84908,31161,30062,61223,19375,17689,37064,10218,10938,21156,4239,7583,11822,943,3157,4100,246502,250463,496965
2021-08-25,11807,11006,22813,25459,26243,51702,49444,51514,100958,51370,50060,101430,42624,42353,84977,31178,30087,61265,19382,17696,37078,10221,10945,21166,4240,7587,11827,944,3157,4101,246669,250648,497317
2021-08-26,11825,11030,22855,25497,26273,51770,49473,51559,101032,51396,50093,101489,42650,42378,85028,31194,30100,61294,19397,17699,37096,10226,10949,21175,4243,7591,11834,945,3158,4103,246846,250830,497676
2021-08-27,11841,11046,22887,25542,26311,51853,49507,51592,101099,51419,50116,101535,42672,42407,85079,31209,30114,61323,19404,17706,37110,10227,10956,21183,4243,7601,11844,946,3160,4106,247010,251009,498019
2021-08-28,11852,11055,22907,25565,26338,51903,49528,51617,101145,51432,50135,101567,42689,42426,85115,31226,30131,61357,19415,17711,37126,10233,10956,21189,4244,7601,11845,946,3160,4106,247130,251130,498260
2021-08-29,11859,11069,22928,25600,26367,51967,49550,51640,101190,51459,50157,101616,42704,42442,85146,31235,30142,61377,19416,17716,37132,10234,10961,21195,4244,7601,11845,946,3160,4106,247247,251255,498502
2021-08-30,11872,11084,22956,25632,26414,52046,49580,51671,101251,51484,50185,101669,42724,42475,85199,31246,30155,61401,19421,17727,37148,10239,10964,21203,4244,7603,11847,946,3163,4109,247388,251441,498829
2021-08-31,11884,11094,22978,25673,26440,52113,49601,51704,101305,51518,50203,101721,42750,42509,85259,31257,30173,61430,19434,17734,37168,10243,10973,21216,4248,7606,11854,946,3165,4111,247554,251601,499155
2021-09-01,11899,11111,23010,25714,26465,52179,49624,51735,101359,51545,50228,101773,42771,42543,85314,31271,30190,61461,19434,17745,37179,10248,10980,21228,4248,7608,11856,946,3167,4113,247700,251772,499472
2021-09-02,11908,11128,23036,25739,26500,52239,49652,51766,101418,51573,50252,101825,42790,42568,85358,31286,30201,61487,19439,17750,37189,10250,10985,21235,4249,7613,11862,946,3167,4113,247832,251930,499762
2021-09-03,11922,11150,23072,25777,26530,52307,49677,51788,101465,51592,50277,101869,42809,42601,85410,31302,30217,61519,19451,17757,37208,10258,10993,21251,4250,7616,11866,946,3170,4116,247984,252099,500083
2021-09-04,11928,11158,23086,25790,26541,52331,49686,51806,101492,51608,50285,101893,42815,42618,85433,31305,30227,61532,19454,17759,37213,10260,10997,21257,4251,7621,11872,946,3170,4116,248043,252182,500225
2021-09-05,11943,11173,23116,25812,26553,52365,49696,51817,101513,51622,50297,101919,42834,42630,85464,31312,30232,61544,19458,17761,37219,10261,11000,21261,4253,7622,11875,946,3170,4116,248137,252255,500392
2021-09-06,11961,11185,23146,25836,26575,52411,49716,51835,101551,51648,50320,101968,42859,42649,85508,31323,30245,61568,19463,17769,37232,10266,11002,21268,4254,7623,11877,946,3170,4116,248272,252373,500645
2021-09-07,11973,11198,23171,25852,26596,52448,49730,51856,101586,51670,50343,102013,42878,42663,85541,31332,30253,61585,19472,17773,37245,10267,11005,21272,4255,7625,11880,946,3170,4116,248375,252482,500857
2021-09-08,11992,11211,23203,25872,26615,52487,49742,51872,101614,51686,50362,102048,42893,42682,85575,31340,30256,61596,19477,17774,37251,10270,11009,21279,4255,7626,11881,946,3171,4117,248473,252578,501051
2021-09-09,12005,11223,23228,25892,26632,52524,49754,51889,101643,51704,50381,102085,42908,42701,85609,31355,30269,61624,19482,17777,37259,10272,11014,21286,4256,7626,11882,946,3171,4117,248574,252683,501257
2021-09-10,12027,11236,23263,25910,26654,52564,49768,51901,101669,51736,50403,102139,42932,42718,85650,31366,30283,61649,19487,17780,37267,10274,11016,21290,4257,7627,11884,946,3171,4117,248703,252789,501492
2021-09-11,12035,11243,23278,25926,26665,52591,49781,51909,101690,51748,50419,102167,42945,42735,85680,31374,30290,61664,19494,17784,37278,10274,11017,21291,4257,7627,11884,946,3171,4117,248780,252860,501640
2021-09-12,12044,11256,23300,25937,26683,52620,49790,51922,101712,51758,50430,102188,42954,42744,85698,31377,30299,61676,19498,17784,37282,10274,11018,21292,4260,7628,11888,946,3171,4117,248838,252935,501773
2021-09-13,12067,11271,23338,25960,26699,52659,49804,51938,101742,51775,50446,102221,42969,42761,85730,31383,30310,61693,19502,17794,37296,10278,11020,21298,4261,7631,11892,946,3172,4118,248945,253042,501987
2021-09-14,12082,11285,23367,25976,26720,52696,49815,51952,101767,51789,50460,102249,42984,42778,85762,31392,30321,61713,19506,17796,37302,10285,11026,21311,4261,7631,11892,946,3172,4118,249036,253141,502177
2021-09-15,12092,11302,23394,25995,26739,52734,49828,51956,101784,51808,50478,102286,42997,42797,85794,31397,30330,61727,19511,17801,37312,10289,11032,21321,4261,7631,11892,946,3172,4118,249124,253238,502362
2021-09-16,12102,11315,23417,26013,26757,52770,49842,51966,101808,51819,50489,102308,43007,42808,85815,31402,30335,61737,19516,17804,37320,10292,11035,21327,4263,7632,11895,946,3172,4118,249202,253313,502515
