FECHA,<=10M,<=10F,<=10,11-20M,11-20F,11-20,21-30M,21-30F,21-30,31-40M,31-40F,31-40,41-50M,41-50F,41-50,51-60M,51-60F,51-60,61-70M,61-70F,61-70,71-80M,71-80F,71-80,81-90M,81-90F,81-90,>=91M,>=91F,>=91,TotalM,TotalF,Total
2020-03-15,0,0,0,0,1,1,1,0,1,1,0,1,0,0,0,0,0,0,0,1,1,0,0,0,0,0,0,0,0,0,2,2,4
2020-03-16,0,0,0,0,1,1,4,2,6,4,0,4,1,0,1,0,1,1,1,1,2,0,0,0,0,0,0,0,0,0,10,5,15
2020-03-17,0,0,0,1,1,2,5,3,8,6,1,7,1,0,1,2,3,5,1,3,4,2,0,2,0,0,0,0,0,0,18,11,29
2020-03-18,0,0,0,1,1,2,7,5,12,8,3,11,2,2,4,3,3,6,1,4,5,2,0,2,0,0,0,0,0,0,24,18,42
2020-03-19,0,0,0,2,1,3,8,5,13,13,3,16,4,2,6,4,4,8,1,5,6,4,1,5,0,0,0,0,0,0,36,21,57
2020-03-20,0,0,0,2,1,3,13,5,18,15,3,18,6,2,8,6,4,10,2,6,8,4,3,7,0,1,1,0,0,0,48,25,73
2020-03-21,2,0,2,3,3,6,15,5,20,16,7,23,8,3,11,9,7,16,5,7,12,6,3,9,0,1,1,0,0,0,64,36,100
2020-03-22,2,0,2,3,3,6,17,7,24,21,7,28,12,3,15,11,11,22,7,7,14,9,4,13,0,1,1,0,0,0,82,43,125
2020-03-23,2,0,2,4,3,7,19,9,28,26,8,34,14,5,19,15,13,28,8,9,17,12,6,18,1,1,2,0,0,0,101,54,155
2020-03-24,2,0,2,4,3,7,22,14,36,34,9,43,17,6,23,17,14,31,9,9,18,13,7,20,2,1,3,0,0,0,120,63,183
2020-03-25,4,0,4,5,4,9,26,18,44,36,11,47,21,6,27,19,14,33,11,9,20,14,7,21,3,3,6,0,1,1,139,73,212
2020-03-26,4,0,4,5,5,10,27,19,46,38,12,50,23,6,29,21,18,39,13,12,25,16,8,24,4,3,7,0,1,1,151,84,235
2020-03-27,4,0,4,5,5,10,28,21,49,42,12,54,24,9,33,22,19,41,15,14,29,16,10,26,4,3,7,0,1,1,160,94,254
2020-03-28,4,0,4,5,5,10,29,22,51,43,15,58,26,10,36,23,20,43,16,15,31,17,12,29,6,3,9,0,1,1,169,103,272
2020-03-29,4,0,4,5,5,10,32,25,57,49,18,67,26,10,36,24,24,48,18,19,37,20,14,34,6,3,9,1,1,2,185,119,304
2020-03-30,4,0,4,5,6,11,37,27,64,50,21,71,29,12,41,27,24,51,21,22,43,24,15,39,6,3,9,1,2,3,204,132,336
2020-03-31,5,0,5,5,7,12,39,29,68,52,22,74,32,13,45,31,24,55,23,23,46,28,19,47,6,4,10,1,4,5,222,145,367
2020-04-01,5,0,5,6,8,14,41,33,74,55,27,82,35,15,50,33,28,61,27,25,52,28,20,48,6,5,11,1,4,5,237,165,402
2020-04-02,5,0,5,6,8,14,42,33,75,58,32,90,37,16,53,35,31,66,29,25,54,36,22,58,6,9,15,2,7,9,256,183,439
2020-04-03,5,0,5,6,8,14,45,35,80,59,33,92,39,17,56,36,35,71,30,28,58,38,22,60,6,10,16,2,8,10,266,196,462
2020-04-04,5,2,7,6,8,14,47,37,84,60,33,93,39,18,57,38,36,74,31,30,61,38,22,60,6,11,17,3,8,11,273,205,478
2020-04-05,6,2,8,6,8,14,47,38,85,62,35,97,39,22,61,38,37,75,32,30,62,40,23,63,7,11,18,3,8,11,280,214,494
2020-04-06,6,2,8,6,8,14,48,40,88,65,38,103,39,22,61,40,42,82,35,32,67,42,25,67,7,12,19,3,8,11,291,229,520
2020-04-07,6,2,8,6,9,15,51,40,91,66,43,109,40,22,62,42,43,85,36,32,68,43,27,70,8,12,20,5,8,13,303,238,541
2020-04-08,8,2,10,7,9,16,52,41,93,67,50,117,41,24,65,44,43,87,37,32,69,45,28,73,8,12,20,5,8,13,314,249,563
2020-04-09,8,2,10,7,10,17,53,41,94,72,50,122,41,25,66,45,43,88,37,33,70,45,28,73,8,12,20,5,8,13,321,252,573
2020-04-10,8,2,10,7,10,17,53,42,95,76,53,129,41,25,66,46,43,89,37,33,70,45,28,73,8,12,20,5,8,13,326,256,582
2020-04-11,8,2,10,7,10,17,53,42,95,77,55,132,41,27,68,47,43,90,37,33,70,45,28,73,10,13,23,5,8,13,330,261,591
2020-04-12,8,2,10,7,10,17,54,42,96,80,58,138,41,27,68,47,45,92,37,33,70,45,29,74,11,14,25,5,8,13,335,268,603
2020-04-13,9,2,11,7,10,17,56,43,99,82,61,143,44,28,72,47,48,95,37,35,72,46,30,76,11,14,25,5,8,13,344,279,623
2020-04-14,9,2,11,7,10,17,59,45,104,86,62,148,45,30,75,49,49,98,40,36,76,48,30,78,11,15,26,5,9,14,359,288,647
2020-04-15,9,2,11,7,10,17,59,46,105,88,64,152,47,31,78,49,50,99,40,36,76,48,30,78,11,16,27,5,9,14,363,294,657
2020-04-16,9,2,11,7,10,17,59,48,107,92,66,158,48,31,79,52,52,104,41,36,77,51,31,82,11,22,33,6,10,16,376,308,684
2020-04-17,9,2,11,7,10,17,61,50,111,94,70,164,49,32,81,53,53,106,42,37,79,51,32,83,13,26,39,6,11,17,385,323,708
2020-04-18,9,3,12,7,10,17,62,51,113,94,71,165,51,34,85,54,54,108,44,38,82,52,33,85,14,31,45,6,14,20,393,339,732
2020-04-19,9,3,12,7,10,17,65,51,116,98,75,173,51,38,89,55,54,109,44,39,83,53,36,89,14,33,47,7,17,24,403,356,759
2020-04-20,9,3,12,7,10,17,65,52,117,100,76,176,53,39,92,58,57,115,45,39,84,53,39,92,17,34,51,8,18,26,415,367,782
2020-04-21,9,7,16,7,10,17,65,55,120,101,81,182,54,44,98,59,59,118,47,40,87,53,42,95,20,37,57,9,23,32,424,398,822
2020-04-22,10,7,17,8,11,19,72,62,134,106,85,191,57,48,105,60,63,123,50,42,92,55,49,104,23,42,65,14,30,44,455,439,894
2020-04-23,16,10,26,9,12,21,80,65,145,108,91,199,61,52,113,61,63,124,53,46,99,57,52,109,31,43,74,14,33,47,490,467,957
2020-04-24,17,10,27,10,14,24,84,71,155,116,96,212,64,55,119,63,69,132,56,47,103,57,52,109,33,46,79,14,33,47,514,493,1007
2020-04-25,20,11,31,12,14,26,84,75,159,119,98,217,66,62,128,66,69,135,57,48,105,57,52,109,34,48,82,14,33,47,529,510,1039
2020-04-26,21,13,34,14,14,28,84,79,163,121,101,222,68,63,131,66,69,135,57,48,105,57,53,110,35,49,84,14,33,47,537,522,1059
2020-04-27,23,15,38,15,15,30,88,85,173,125,113,238,76,68,144,68,72,140,60,48,108,59,54,113,38,51,89,15,34,49,567,555,1122
2020-04-28,23,15,38,17,16,33,89,88,177,133,115,248,77,71,148,72,72,144,62,49,111,62,54,116,39,56,95,15,36,51,589,572,1161
2020-04-29,24,17,41,19,19,38,92,90,182,137,116,253,81,76,157,73,73,146,63,51,114,64,55,119,39,59,98,15,36,51,607,592,1199
2020-04-30,27,17,44,19,23,42,94,92,186,145,121,266,85,78,163,77,75,152,64,51,115,65,55,120,39,60,99,15,36,51,630,608,1238
2020-05-01,30,20,50,23,24,47,100,100,200,146,126,272,89,82,171,80,77,157,66,52,118,65,55,120,39,61,100,16,36,52,654,633,1287
2020-05-02,34,22,56,26,29,55,105,106,211,151,133,284,91,83,174,80,78,158,66,52,118,66,55,121,39,62,101,16,36,52,674,656,1330
2020-05-03,35,23,58,31,30,61,108,113,221,154,141,295,93,84,177,83,78,161,67,54,121,66,55,121,40,63,103,16,36,52,693,677,1370
2020-05-04,37,26,63,35,34,69,114,119,233,162,151,313,97,89,186,85,80,165,70,54,124,66,55,121,41,65,106,16,37,53,723,710,1433
2020-05-05,41,32,73,39,41,80,122,130,252,178,161,339,105,104,209,91,85,176,71,58,129,68,58,126,47,75,122,17,44,61,779,788,1567
2020-05-06,43,38,81,42,46,88,131,137,268,186,173,359,115,110,225,94,85,179,73,59,132,70,60,130,47,75,122,19,46,65,820,829,1649
2020-05-07,49,44,93,47,52,99,142,153,295,198,185,383,124,117,241,100,88,188,74,64,138,70,61,131,50,76,126,19,48,67,873,888,1761
2020-05-08,60,53,113,56,64,120,158,171,329,214,203,417,140,130,270,105,90,195,80,67,147,74,61,135,51,80,131,20,48,68,958,967,1925
2020-05-09,62,57,119,58,70,128,167,179,346,230,220,450,152,135,287,114,96,210,84,70,154,75,63,138,51,80,131,21,48,69,1014,1018,2032
2020-05-10,67,62,129,63,76,139,182,188,370,258,234,492,185,139,324,138,102,240,88,73,161,75,65,140,52,80,132,21,48,69,1129,1067,2196
2020-05-11,73,70,143,68,83,151,194,199,393,276,252,528,195,149,344,142,105,247,92,75,167,76,67,143,53,83,136,21,49,70,1190,1132,2322
2020-05-12,81,87,168,75,94,169,221,232,453,304,273,577,209,163,372,154,114,268,98,78,176,80,73,153,53,84,137,24,51,75,1299,1249,2548
2020-05-13,90,93,183,85,104,189,244,250,494,321,291,612,228,178,406,165,124,289,106,85,191,80,74,154,54,87,141,24,54,78,1397,1340,2737
2020-05-14,108,113,221,105,126,231,270,280,550,339,314,653,243,192,435,182,138,320,111,90,201,81,75,156,54,88,142,24,54,78,1517,1470,2987
2020-05-15,121,132,253,113,139,252,289,301,590,358,339,697,262,208,470,193,149,342,113,93,206,83,77,160,54,90,144,25,55,80,1611,1583,3194
2020-05-16,134,143,277,122,150,272,311,330,641,373,358,731,286,226,512,202,159,361,117,96,213,85,79,164,56,93,149,25,59,84,1711,1693,3404
2020-05-17,150,153,303,136,165,301,341,346,687,401,378,779,299,238,537,217,169,386,119,104,223,87,79,166,60,99,159,25,60,85,1835,1791,3626
2020-05-18,172,175,347,156,183,339,385,393,778,436,420,856,322,262,584,236,193,429,128,110,238,95,84,179,63,104,167,26,63,89,2019,1987,4006
2020-05-19,199,201,400,176,205,381,422,433,855,478,454,932,343,287,630,251,201,452,134,118,252,96,87,183,65,109,174,27,65,92,2191,2160,4351
2020-05-20,220,217,437,189,232,421,463,477,940,508,489,997,371,310,681,274,218,492,145,128,273,98,93,191,66,114,180,28,66,94,2362,2344,4706
2020-05-21,237,234,471,216,252,468,497,523,1020,559,524,1083,397,339,736,296,232,528,157,129,286,104,97,201,68,117,185,28,69,97,2559,2516,5075
2020-05-22,254,243,497,231,270,501,530,573,1103,596,552,1148,428,374,802,315,245,560,169,137,306,104,101,205,69,118,187,29,70,99,2725,2683,5408
2020-05-23,273,269,542,250,297,547,564,606,1170,624,580,1204,462,394,856,330,267,597,176,142,318,107,104,211,71,128,199,29,72,101,2886,2859,5745
2020-05-24,288,282,570,260,308,568,591,635,1226,649,610,1259,491,414,905,347,277,624,183,145,328,108,108,216,74,129,203,30,73,103,3021,2981,6002
2020-05-25,310,300,610,276,323,599,618,667,1285,677,641,1318,515,436,951,362,292,654,188,154,342,112,117,229,76,137,213,31,74,105,3165,3141,6306
2020-05-26,333,318,651,299,350,649,659,711,1370,723,682,1405,548,463,1011,389,322,711,199,160,359,114,122,236,77,144,221,33,81,114,3374,3353,6727
2020-05-27,364,330,694,322,378,700,701,762,1463,769,721,1490,580,497,1077,416,343,759,206,169,375,122,130,252,80,148,228,33,84,117,3593,3562,7155
2020-05-28,394,345,739,346,408,754,752,815,1567,809,756,1565,612,538,1150,437,363,800,218,181,399,127,141,268,93,168,261,37,101,138,3825,3816,7641
2020-05-29,419,378,797,370,445,815,783,861,1644,860,787,1647,631,569,1200,457,380,837,227,192,419,139,149,288,96,181,277,37,108,145,4019,4050,8069
2020-05-30,430,395,825,394,468,862,813,900,1713,890,820,1710,647,587,1234,473,389,862,233,198,431,142,154,296,98,184,282,38,109,147,4158,4204,8362
2020-05-31,435,406,841,405,488,893,846,927,1773,911,845,1756,666,616,1282,489,406,895,240,202,442,149,159,308,104,186,290,41,109,150,4286,4344,8630
2020-06-01,456,423,879,422,515,937,880,966,1846,957,883,1840,703,648,1351,509,433,942,246,211,457,155,169,324,111,193,304,42,109,151,4481,4550,9031
2020-06-02,486,446,932,454,538,992,925,1010,1935,995,929,1924,735,678,1413,527,453,980,266,222,488,167,173,340,114,211,325,46,119,165,4715,4779,9494
2020-06-03,507,468,975,469,561,1030,961,1061,2022,1048,970,2018,769,705,1474,552,477,1029,282,239,521,175,187,362,118,219,337,49,122,171,4930,5009,9939
2020-06-04,530,495,1025,487,588,1075,1005,1118,2123,1083,1016,2099,792,736,1528,577,500,1077,298,244,542,180,192,372,118,225,343,52,130,182,5122,5244,10366
2020-06-05,570,518,1088,520,614,1134,1052,1176,2228,1128,1066,2194,824,766,1590,602,522,1124,313,258,571,186,205,391,123,232,355,52,133,185,5370,5490,10860
2020-06-06,591,539,1130,535,638,1173,1089,1219,2308,1183,1099,2282,851,804,1655,621,539,1160,320,265,585,191,213,404,126,246,372,54,141,195,5561,5703,11264
2020-06-07,606,560,1166,556,652,1208,1122,1262,2384,1214,1125,2339,879,828,1707,638,553,1191,325,273,598,194,220,414,129,260,389,54,149,203,5717,5882,11599
2020-06-08,636,598,1234,582,689,1271,1180,1320,2500,1281,1180,2461,917,873,1790,683,583,1266,345,286,631,208,230,438,141,273,414,55,157,212,6028,6189,12217
2020-06-09,662,622,1284,616,720,1336,1223,1379,2602,1345,1249,2594,965,918,1883,726,626,1352,363,301,664,225,240,465,149,286,435,55,165,220,6329,6506,12835
2020-06-10,681,644,1325,637,747,1384,1284,1440,2724,1399,1316,2715,1022,957,1979,757,655,1412,379,320,699,241,256,497,157,314,471,56,183,239,6613,6832,13445
2020-06-11,709,670,1379,667,784,1451,1373,1524,2897,1467,1368,2835,1072,1012,2084,800,678,1478,395,336,731,256,269,525,163,326,489,56,189,245,6958,7156,14114
2020-06-12,751,707,1458,703,826,1529,1427,1597,3024,1529,1427,2956,1126,1063,2189,839,703,1542,415,359,774,270,280,550,167,330,497,57,193,250,7284,7485,14769
2020-06-13,784,727,1511,726,866,1592,1480,1649,3129,1579,1480,3059,1159,1110,2269,867,728,1595,433,370,803,279,294,573,172,346,518,60,204,264,7539,7774,15313
2020-06-14,803,752,1555,748,882,1630,1509,1692,3201,1625,1517,3142,1183,1135,2318,889,747,1636,445,383,828,284,304,588,176,359,535,61,212,273,7723,7983,15706
2020-06-15,831,770,1601,773,898,1671,1565,1744,3309,1671,1566,3237,1223,1161,2384,906,766,1672,458,391,849,289,311,600,181,368,549,65,214,279,7962,8189,16151
2020-06-16,870,806,1676,797,933,1730,1636,1812,3448,1759,1643,3402,1288,1204,2492,944,807,1751,485,411,896,306,323,629,185,384,569,66,219,285,8336,8542,16878
2020-06-17,908,836,1744,832,972,1804,1726,1896,3622,1851,1733,3584,1352,1279,2631,1003,860,1863,520,438,958,335,336,671,194,409,603,67,230,297,8788,8989,17777
2020-06-18,934,873,1807,879,1010,1889,1818,1983,3801,1950,1825,3775,1437,1357,2794,1061,912,1973,547,455,1002,347,351,698,202,424,626,68,236,304,9243,9426,18669
2020-06-19,964,907,1871,923,1063,1986,1895,2066,3961,2046,1910,3956,1503,1405,2908,1101,956,2057,577,485,1062,374,373,747,219,444,663,69,256,325,9671,9865,19536
2020-06-20,995,946,1941,957,1103,2060,1965,2135,4100,2124,1975,4099,1557,1470,3027,1139,989,2128,596,504,1100,389,391,780,228,456,684,74,266,340,10024,10235,20259
2020-06-21,1018,978,1996,995,1134,2129,2009,2185,4194,2196,2030,4226,1592,1513,3105,1171,1013,2184,617,513,1130,399,402,801,237,472,709,75,278,353,10309,10518,20827
2020-06-22,1071,1016,2087,1036,1185,2221,2109,2271,4380,2312,2114,4426,1674,1575,3249,1252,1064,2316,667,545,1212,422,431,853,256,492,748,79,288,367,10878,10981,21859
2020-06-23,1106,1054,2160,1077,1223,2300,2213,2368,4581,2393,2210,4603,1759,1645,3404,1321,1117,2438,691,568,1259,436,443,879,271,523,794,82,297,379,11349,11448,22797
2020-06-24,1136,1080,2216,1113,1267,2380,2322,2464,4786,2484,2297,4781,1838,1720,3558,1378,1171,2549,719,589,1308,453,453,906,282,540,822,85,310,395,11810,11891,23701
2020-06-25,1176,1121,2297,1159,1310,2469,2411,2568,4979,2586,2386,4972,1893,1786,3679,1433,1214,2647,748,606,1354,464,469,933,291,566,857,87,323,410,12248,12349,24597
2020-06-26,1214,1167,2381,1215,1349,2564,2493,2667,5160,2692,2481,5173,1958,1862,3820,1489,1266,2755,783,627,1410,477,485,962,302,586,888,89,337,426,12712,12827,25539
2020-06-27,1253,1202,2455,1251,1391,2642,2573,2738,5311,2757,2566,5323,2005,1915,3920,1530,1298,2828,815,647,1462,485,495,980,310,602,912,91,343,434,13070,13197,26267
2020-06-28,1281,1220,2501,1284,1414,2698,2646,2808,5454,2817,2619,5436,2072,1958,4030,1567,1334,2901,831,660,1491,493,506,999,318,615,933,94,351,445,13403,13485,26888
2020-06-29,1305,1247,2552,1331,1464,2795,2739,2891,5630,2926,2694,5620,2154,2041,4195,1618,1385,3003,865,680,1545,509,523,1032,336,639,975,97,364,461,13880,13928,27808
2020-06-30,1335,1280,2615,1382,1499,2881,2823,2973,5796,3013,2782,5795,2229,2111,4340,1676,1433,3109,894,708,1602,528,542,1070,354,664,1018,102,379,481,14336,14371,28707
2020-07-01,1361,1314,2675,1430,1539,2969,2903,3051,5954,3110,2870,5980,2289,2164,4453,1734,1479,3213,929,739,1668,545,556,1101,373,682,1055,105,388,493,14779,14782,29561
2020-07-02,1403,1343,2746,1471,1596,3067,2986,3152,6138,3190,2967,6157,2385,2234,4619,1784,1527,3311,977,766,1743,567,579,1146,381,699,1080,107,396,503,15251,15259,30510
2020-07-03,1445,1385,2830,1523,1640,3163,3082,3243,6325,3300,3053,6353,2460,2310,4770,1852,1581,3433,1012,791,1803,585,607,1192,389,723,1112,110,413,523,15758,15746,31504
2020-07-04,1472,1428,2900,1552,1666,3218,3146,3322,6468,3381,3127,6508,2532,2362,4894,1899,1625,3524,1047,819,1866,610,639,1249,395,773,1168,112,436,548,16146,16197,32343
2020-07-05,1493,1452,2945,1584,1696,3280,3199,3380,6579,3447,3183,6630,2593,2419,5012,1946,1671,3617,1077,844,1921,637,672,1309,409,805,1214,116,449,565,16501,16571,33072
2020-07-06,1520,1481,3001,1623,1731,3354,3292,3475,6767,3568,3280,6848,2685,2505,5190,2024,1728,3752,1130,882,2012,658,705,1363,423,853,1276,123,467,590,17046,17107,34153
2020-07-07,1556,1520,3076,1650,1764,3414,3403,3575,6978,3686,3376,7062,2771,2586,5357,2086,1781,3867,1164,908,2072,695,732,1427,436,879,1315,127,478,605,17574,17599,35173
2020-07-08,1597,1558,3155,1684,1805,3489,3497,3678,7175,3815,3489,7304,2852,2679,5531,2150,1856,4006,1213,943,2156,720,765,1485,459,921,1380,133,505,638,18120,18199,36319
2020-07-09,1632,1586,3218,1721,1845,3566,3566,3751,7317,3897,3591,7488,2928,2738,5666,2196,1887,4083,1257,991,2248,749,787,1536,474,961,1435,138,517,655,18558,18654,37212
2020-07-10,1668,1619,3287,1755,1877,3632,3639,3840,7479,3981,3679,7660,3001,2802,5803,2255,1947,4202,1305,1026,2331,767,804,1571,492,984,1476,141,530,671,19004,19108,38112
2020-07-11,1692,1648,3340,1782,1910,3692,3703,3909,7612,4065,3768,7833,3075,2865,5940,2310,1990,4300,1349,1052,2401,789,827,1616,497,1011,1508,146,541,687,19408,19521,38929
2020-07-12,1717,1668,3385,1804,1939,3743,3762,3965,7727,4134,3832,7966,3136,2904,6040,2362,2023,4385,1373,1079,2452,807,841,1648,515,1039,1554,150,557,707,19760,19847,39607
2020-07-13,1754,1701,3455,1855,1985,3840,3865,4075,7940,4264,3953,8217,3245,3006,6251,2448,2090,4538,1413,1115,2528,834,873,1707,535,1082,1617,158,581,739,20371,20461,40832
2020-07-14,1784,1735,3519,1893,2018,3911,3976,4180,8156,4398,4067,8465,3326,3088,6414,2515,2155,4670,1461,1157,2618,861,897,1758,548,1115,1663,166,600,766,20928,21012,41940
2020-07-15,1817,1767,3584,1934,2051,3985,4077,4283,8360,4512,4203,8715,3414,3190,6604,2589,2205,4794,1508,1192,2700,894,926,1820,562,1147,1709,171,627,798,21478,21591,43069
2020-07-16,1846,1808,3654,1983,2095,4078,4184,4380,8564,4653,4329,8982,3506,3281,6787,2664,2277,4941,1552,1230,2782,920,956,1876,582,1192,1774,182,664,846,22072,22212,44284
2020-07-17,1888,1833,3721,2014,2140,4154,4276,4519,8795,4776,4438,9214,3583,3367,6950,2731,2346,5077,1602,1262,2864,943,985,1928,603,1238,1841,189,697,886,22605,22825,45430
2020-07-18,1919,1869,3788,2057,2170,4227,4371,4604,8975,4892,4545,9437,3667,3464,7131,2801,2406,5207,1642,1298,2940,971,1017,1988,612,1270,1882,194,712,906,23126,23355,46481
2020-07-19,1950,1909,3859,2092,2201,4293,4447,4685,9132,4980,4638,9618,3746,3536,7282,2865,2460,5325,1682,1326,3008,996,1045,2041,628,1302,1930,202,730,932,23588,23832,47420
2020-07-20,1974,1952,3926,2129,2247,4376,4583,4807,9390,5131,4776,9907,3860,3634,7494,2937,2538,5475,1745,1383,3128,1023,1082,2105,653,1335,1988,205,743,948,24240,24497,48737
2020-07-21,2019,1985,4004,2171,2286,4457,4694,4945,9639,5279,4933,10212,3980,3752,7732,3037,2635,5672,1809,1415,3224,1047,1112,2159,673,1371,2044,209,768,977,24918,25202,50120
2020-07-22,2051,2011,4062,2209,2334,4543,4833,5062,9895,5420,5068,10488,4087,3844,7931,3135,2701,5836,1863,1460,3323,1090,1145,2235,692,1400,2092,213,789,1002,25593,25814,51407
2020-07-23,2083,2050,4133,2241,2376,4617,4956,5199,10155,5544,5178,10722,4189,3938,8127,3219,2763,5982,1902,1495,3397,1117,1170,2287,715,1427,2142,216,800,1016,26182,26396,52578
2020-07-24,2127,2086,4213,2286,2413,4699,5081,5318,10399,5691,5305,10996,4284,4052,8336,3316,2829,6145,1940,1539,3479,1137,1188,2325,730,1472,2202,222,821,1043,26814,27023,53837
2020-07-25,2152,2110,4262,2320,2440,4760,5160,5400,10560,5798,5399,11197,4375,4120,8495,3363,2881,6244,1977,1568,3545,1155,1214,2369,742,1494,2236,231,836,1067,27273,27462,54735
2020-07-26,2173,2135,4308,2343,2476,4819,5228,5477,10705,5868,5484,11352,4431,4183,8614,3403,2926,6329,2011,1587,3598,1182,1236,2418,762,1530,2292,236,851,1087,27637,27885,55522
2020-07-27,2200,2159,4359,2381,2516,4897,5349,5574,10923,6010,5623,11633,4518,4283,8801,3488,3004,6492,2053,1628,3681,1207,1266,2473,783,1555,2338,242,870,1112,28231,28478,56709
2020-07-28,2231,2182,4413,2429,2553,4982,5465,5688,11153,6161,5764,11925,4612,4378,8990,3577,3056,6633,2087,1671,3758,1239,1292,2531,802,1587,2389,245,891,1136,28848,29062,57910
2020-07-29,2252,2214,4466,2481,2599,5080,5578,5803,11381,6270,5884,12154,4714,4480,9194,3637,3132,6769,2138,1695,3833,1267,1318,2585,826,1623,2449,252,909,1161,29415,29657,59072
2020-07-30,2289,2239,4528,2512,2646,5158,5710,5914,11624,6410,6004,12414,4815,4585,9400,3692,3198,6890,2184,1719,3903,1286,1363,2649,844,1668,2512,257,939,1196,29999,30275,60274
2020-07-31,2316,2272,4588,2570,2694,5264,5808,6024,11832,6518,6119,12637,4919,4681,9600,3761,3268,7029,2244,1740,3984,1311,1394,2705,858,1708,2566,261,966,1227,30566,30866,61432
2020-08-01,2348,2306,4654,2600,2745,5345,5892,6134,12026,6630,6233,12863,5040,4773,9813,3821,3317,7138,2280,1770,4050,1327,1416,2743,871,1739,2610,266,979,1245,31075,31412,62487
2020-08-02,2376,2328,4704,2629,2784,5413,5970,6202,12172,6725,6322,13047,5122,4848,9970,3877,3366,7243,2321,1810,4131,1361,1444,2805,893,1782,2675,269,1006,1275,31543,31892,63435
2020-08-03,2416,2370,4786,2692,2832,5524,6110,6350,12460,6888,6463,13351,5260,4976,10236,3965,3467,7432,2385,1864,4249,1393,1482,2875,914,1843,2757,273,1041,1314,32296,32688,64984
2020-08-04,2448,2398,4846,2738,2888,5626,6238,6474,12712,7044,6613,13657,5391,5109,10500,4058,3555,7613,2449,1906,4355,1434,1527,2961,939,1909,2848,279,1077,1356,33018,33456,66474
2020-08-05,2489,2435,4924,2797,2930,5727,6372,6600,12972,7202,6752,13954,5502,5230,10732,4151,3624,7775,2531,1965,4496,1470,1570,3040,965,1988,2953,287,1125,1412,33766,34219,67985
2020-08-06,2520,2466,4986,2848,2971,5819,6498,6715,13213,7324,6884,14208,5612,5323,10935,4223,3703,7926,2573,2014,4587,1491,1595,3086,980,2024,3004,294,1147,1441,34363,34842,69205
2020-08-07,2549,2494,5043,2884,3013,5897,6604,6827,13431,7441,7004,14445,5716,5413,11129,4296,3777,8073,2614,2066,4680,1522,1619,3141,999,2054,3053,300,1163,1463,34925,35430,70355
2020-08-08,2577,2524,5101,2917,3039,5956,6681,6915,13596,7533,7097,14630,5783,5498,11281,4356,3840,8196,2645,2096,4741,1541,1654,3195,1010,2097,3107,303,1187,1490,35346,35947,71293
2020-08-09,2596,2537,5133,2951,3073,6024,6744,6999,13743,7611,7164,14775,5845,5566,11411,4418,3886,8304,2692,2134,4826,1561,1666,3227,1023,2119,3142,307,1192,1499,35748,36336,72084
2020-08-10,2624,2569,5193,2989,3112,6101,6857,7122,13979,7750,7301,15051,5951,5680,11631,4512,3965,8477,2730,2182,4912,1587,1691,3278,1039,2158,3197,311,1217,1528,36350,36997,73347
2020-08-11,2643,2591,5234,3017,3147,6164,6940,7226,14166,7887,7423,15310,6078,5762,11840,4590,4043,8633,2780,2216,4996,1614,1720,3334,1053,2203,3256,318,1241,1559,36920,37572,74492
2020-08-12,2671,2627,5298,3059,3178,6237,7043,7323,14366,7999,7542,15541,6177,5864,12041,4679,4118,8797,2825,2262,5087,1636,1745,3381,1063,2224,3287,324,1247,1571,37476,38130,75606
2020-08-13,2694,2648,5342,3101,3219,6320,7145,7427,14572,8105,7659,15764,6258,5962,12220,4742,4175,8917,2885,2289,5174,1655,1770,3425,1075,2243,3318,326,1253,1579,37986,38645,76631
2020-08-14,2719,2666,5385,3139,3262,6401,7240,7541,14781,8226,7769,15995,6345,6040,12385,4806,4228,9034,2929,2327,5256,1679,1790,3469,1090,2273,3363,330,1266,1596,38503,39162,77665
2020-08-15,2734,2686,5420,3178,3292,6470,7325,7635,14960,8329,7862,16191,6411,6120,12531,4864,4287,9151,2964,2364,5328,1706,1831,3537,1112,2336,3448,334,1296,1630,38957,39709,78666
2020-08-16,2751,2706,5457,3207,3309,6516,7407,7692,15099,8395,7927,16322,6477,6176,12653,4908,4321,9229,2995,2390,5385,1730,1848,3578,1123,2353,3476,337,1312,1649,39330,40034,79364
2020-08-17,2772,2721,5493,3254,3345,6599,7487,7793,15280,8503,8049,16552,6556,6250,12806,4980,4372,9352,3035,2421,5456,1761,1862,3623,1132,2373,3505,338,1321,1659,39818,40507,80325
2020-08-18,2794,2754,5548,3302,3380,6682,7609,7893,15502,8665,8174,16839,6674,6346,13020,5069,4464,9533,3077,2467,5544,1788,1891,3679,1145,2422,3567,343,1357,1700,40466,41148,81614
2020-08-19,2825,2783,5608,3340,3418,6758,7741,8015,15756,8819,8299,17118,6788,6459,13247,5149,4560,9709,3132,2509,5641,1810,1923,3733,1163,2457,3620,350,1379,1729,41117,41802,82919
2020-08-20,2854,2806,5660,3393,3455,6848,7852,8134,15986,8954,8420,17374,6895,6529,13424,5218,4624,9842,3189,2548,5737,1837,1951,3788,1183,2489,3672,354,1402,1756,41729,42358,84087
2020-08-21,2877,2828,5705,3435,3504,6939,7972,8249,16221,9097,8544,17641,6986,6637,13623,5297,4704,10001,3238,2582,5820,1859,1975,3834,1203,2508,3711,356,1415,1771,42320,42946,85266
2020-08-22,2901,2851,5752,3474,3532,7006,8074,8349,16423,9194,8654,17848,7068,6709,13777,5355,4767,10122,3279,2616,5895,1888,1998,3886,1214,2525,3739,357,1419,1776,42804,43420,86224
2020-08-23,2926,2876,5802,3512,3576,7088,8156,8434,16590,9276,8728,18004,7135,6789,13924,5417,4825,10242,3318,2656,5974,1909,2016,3925,1234,2548,3782,362,1430,1792,43245,43878,87123
2020-08-24,2960,2905,5865,3563,3614,7177,8288,8556,16844,9438,8868,18306,7263,6911,14174,5501,4917,10418,3379,2715,6094,1937,2043,3980,1249,2565,3814,365,1439,1804,43943,44533,88476
2020-08-25,2998,2928,5926,3615,3654,7269,8407,8702,17109,9598,9040,18638,7380,7041,14421,5600,5012,10612,3445,2768,6213,1977,2079,4056,1272,2603,3875,369,1459,1828,44661,45286,89947
2020-08-26,3034,2959,5993,3666,3711,7377,8551,8836,17387,9772,9182,18954,7537,7163,14700,5714,5094,10808,3502,2818,6320,2017,2128,4145,1289,2640,3929,372,1485,1857,45454,46016,91470
2020-08-27,3064,2999,6063,3726,3768,7494,8690,9001,17691,9949,9335,19284,7665,7304,14969,5803,5185,10988,3567,2869,6436,2043,2149,4192,1307,2690,3997,377,1504,1881,46191,46804,92995
2020-08-28,3086,3019,6105,3775,3820,7595,8822,9137,17959,10085,9474,19559,7778,7412,15190,5904,5273,11177,3627,2927,6554,2077,2182,4259,1321,2717,4038,378,1516,1894,46853,47477,94330
2020-08-29,3110,3036,6146,3805,3855,7660,8913,9231,18144,10189,9598,19787,7865,7504,15369,5975,5341,11316,3670,2971,6641,2099,2210,4309,1335,2740,4075,381,1522,1903,47342,48008,95350
2020-08-30,3124,3048,6172,3836,3891,7727,8987,9306,18293,10270,9681,19951,7935,7586,15521,6043,5394,11437,3714,3007,6721,2123,2229,4352,1347,2767,4114,383,1529,1912,47762,48438,96200
2020-08-31,3150,3067,6217,3876,3936,7812,9115,9444,18559,10421,9836,20257,8078,7700,15778,6128,5472,11600,3773,3054,6827,2157,2278,4435,1364,2823,4187,390,1551,1941,48452,49161,97613
2020-09-01,3168,3088,6256,3926,3982,7908,9229,9573,18802,10574,9962,20536,8222,7819,16041,6210,5546,11756,3834,3108,6942,2182,2312,4494,1384,2862,4246,394,1577,1971,49123,49829,98952
2020-09-02,3190,3101,6291,3965,4017,7982,9321,9679,19000,10696,10084,20780,8327,7918,16245,6275,5607,11882,3882,3153,7035,2202,2337,4539,1403,2883,4286,395,1580,1975,49656,50359,100015
2020-09-03,3202,3124,6326,4003,4046,8049,9439,9782,19221,10821,10207,21028,8436,8016,16452,6355,5668,12023,3936,3198,7134,2231,2368,4599,1419,2905,4324,399,1589,1988,50241,50903,101144
2020-09-04,3227,3143,6370,4037,4097,8134,9578,9885,19463,10941,10327,21268,8528,8131,16659,6435,5748,12183,3978,3235,7213,2254,2397,4651,1425,2922,4347,403,1602,2005,50806,51487,102293
2020-09-05,3237,3158,6395,4070,4126,8196,9657,9979,19636,11045,10427,21472,8626,8239,16865,6501,5802,12303,4011,3274,7285,2284,2427,4711,1437,2950,4387,405,1613,2018,51273,51995,103268
2020-09-06,3252,3173,6425,4100,4156,8256,9726,10039,19765,11103,10492,21595,8688,8298,16986,6549,5852,12401,4049,3302,7351,2306,2455,4761,1449,2964,4413,408,1620,2028,51630,52351,103981
2020-09-07,3273,3192,6465,4134,4191,8325,9839,10163,20002,11232,10609,21841,8780,8410,17190,6646,5937,12583,4110,3345,7455,2351,2493,4844,1473,3002,4475,410,1644,2054,52248,52986,105234
2020-09-08,3296,3211,6507,4168,4240,8408,9951,10270,20221,11371,10748,22119,8909,8528,17437,6732,6021,12753,4159,3392,7551,2386,2520,4906,1489,3040,4529,415,1656,2071,52876,53626,106502
2020-09-09,3320,3237,6557,4209,4284,8493,10081,10390,20471,11514,10885,22399,9016,8620,17636,6804,6094,12898,4223,3441,7664,2421,2552,4973,1497,3057,4554,421,1675,2096,53506,54235,107741
2020-09-10,3350,3255,6605,4248,4330,8578,10173,10492,20665,11630,10995,22625,9121,8720,17841,6897,6164,13061,4279,3475,7754,2455,2594,5049,1510,3103,4613,425,1707,2132,54088,54835,108923
2020-09-11,3380,3279,6659,4283,4377,8660,10256,10615,20871,11759,11106,22865,9243,8828,18071,6972,6247,13219,4311,3507,7818,2489,2627,5116,1524,3122,4646,426,1711,2137,54643,55419,110062
2020-09-12,3395,3291,6686,4311,4408,8719,10320,10689,21009,11835,11192,23027,9319,8915,18234,7023,6307,13330,4347,3541,7888,2505,2649,5154,1534,3147,4681,428,1730,2158,55017,55869,110886
2020-09-13,3410,3308,6718,4341,4435,8776,10375,10767,21142,11911,11264,23175,9380,8986,18366,7069,6343,13412,4385,3577,7962,2536,2672,5208,1541,3169,4710,430,1733,2163,55378,56254,111632
2020-09-14,3427,3324,6751,4375,4465,8840,10474,10867,21341,12033,11389,23422,9465,9067,18532,7136,6418,13554,4428,3618,8046,2568,2699,5267,1550,3192,4742,434,1740,2174,55890,56779,112669
2020-09-15,3454,3336,6790,4408,4500,8908,10553,10960,21513,12129,11486,23615,9544,9166,18710,7221,6481,13702,4478,3657,8135,2589,2728,5317,1565,3208,4773,436,1749,2185,56377,57271,113648
2020-09-16,3477,3353,6830,4448,4534,8982,10644,11052,21696,12222,11589,23811,9657,9247,18904,7291,6547,13838,4510,3691,8201,2608,2765,5373,1575,3233,4808,439,1768,2207,56871,57779,114650
2020-09-17,3492,3369,6861,4475,4570,9045,10739,11143,21882,12302,11691,23993,9732,9328,19060,7346,6595,13941,4558,3720,8278,2629,2784,5413,1590,3244,4834,442,1775,2217,57305,58219,115524
2020-09-18,3524,3397,6921,4513,4615,9128,10819,11252,22071,12402,11797,24199,9803,9407,19210,7401,6643,14044,4599,3749,8348,2646,2816,5462,1604,3261,4865,442,1785,2227,57753,58722,116475
2020-09-19,3535,3411,6946,4539,4646,9185,10874,11310,22184,12481,11882,24363,9869,9450,19319,7448,6687,14135,4639,3780,8419,2659,2835,5494,1608,3276,4884,442,1791,2233,58094,59068,117162
2020-09-20,3545,3426,6971,4563,4662,9225,10923,11360,22283,12532,11948,24480,9904,9487,19391,7476,6716,14192,4664,3814,8478,2677,2861,5538,1614,3285,4899,442,1797,2239,58340,59356,117696
2020-09-21,3563,3439,7002,4601,4691,9292,11008,11435,22443,12629,12014,24643,9990,9545,19535,7518,6766,14284,4704,3847,8551,2702,2890,5592,1628,3305,4933,442,1802,2244,58785,59734,118519
2020-09-22,3584,3451,7035,4632,4724,9356,11110,11519,22629,12722,12113,24835,10057,9629,19686,7581,6817,14398,4741,3887,8628,2723,2909,5632,1646,3335,4981,445,1815,2260,59241,60199,119440
2020-09-23,3605,3471,7076,4663,4761,9424,11196,11604,22800,12809,12201,25010,10127,9719,19846,7640,6875,14515,4776,3924,8700,2751,2934,5685,1654,3348,5002,449,1820,2269,59670,60657,120327
2020-09-24,3622,3488,7110,4702,4799,9501,11287,11695,22982,12906,12308,25214,10189,9791,19980,7710,6927,14637,4828,3962,8790,2774,2950,5724,1672,3370,5042,452,1825,2277,60142,61115,121257
2020-09-25,3640,3512,7152,4733,4825,9558,11376,11778,23154,12988,12412,25400,10278,9876,20154,7776,6992,14768,4870,3998,8868,2809,2982,5791,1682,3386,5068,455,1840,2295,60607,61601,122208
2020-09-26,3653,3522,7175,4761,4854,9615,11429,11832,23261,13044,12471,25515,10345,9930,20275,7815,7043,14858,4895,4028,8923,2828,3002,5830,1692,3399,5091,456,1848,2304,60918,61929,122847
2020-09-27,3670,3536,7206,4782,4883,9665,11502,11880,23382,13117,12538,25655,10408,9978,20386,7853,7085,14938,4918,4042,8960,2853,3015,5868,1698,3410,5108,459,1851,2310,61260,62218,123478
2020-09-28,3691,3552,7243,4815,4915,9730,11581,11971,23552,13213,12636,25849,10483,10054,20537,7911,7141,15052,4968,4086,9054,2874,3044,5918,1716,3433,5149,462,1857,2319,61714,62689,124403
2020-09-29,3723,3566,7289,4845,4936,9781,11679,12062,23741,13315,12721,26036,10566,10131,20697,7970,7202,15172,5006,4132,9138,2904,3078,5982,1725,3458,5183,463,1867,2330,62196,63153,125349
2020-09-30,3741,3588,7329,4871,4970,9841,11778,12163,23941,13413,12816,26229,10640,10213,20853,8026,7266,15292,5054,4163,9217,2935,3092,6027,1738,3479,5217,467,1872,2339,62663,63622,126285
2020-10-01,3761,3603,7364,4896,5009,9905,11868,12256,24124,13502,12904,26406,10704,10276,20980,8083,7328,15411,5085,4209,9294,2946,3119,6065,1747,3496,5243,470,1880,2350,63062,64080,127142
2020-10-02,3783,3620,7403,4932,5037,9969,11957,12337,24294,13577,12991,26568,10765,10355,21120,8138,7398,15536,5121,4248,9369,2966,3143,6109,1762,3516,5278,474,1891,2365,63475,64536,128011
2020-10-03,3804,3631,7435,4953,5065,10018,12015,12386,24401,13636,13035,26671,10810,10408,21218,8184,7447,15631,5146,4266,9412,2977,3150,6127,1767,3527,5294,475,1896,2371,63767,64811,128578
2020-10-04,3811,3638,7449,4973,5081,10054,12065,12440,24505,13682,13084,26766,10850,10448,21298,8217,7476,15693,5163,4291,9454,2992,3159,6151,1772,3535,5307,475,1903,2378,64000,65055,129055
2020-10-05,3822,3654,7476,4999,5104,10103,12136,12537,24673,13776,13162,26938,10918,10508,21426,8269,7531,15800,5212,4328,9540,3015,3181,6196,1780,3550,5330,476,1911,2387,64403,65466,129869
2020-10-06,3849,3671,7520,5025,5137,10162,12222,12634,24856,13879,13252,27131,11003,10581,21584,8332,7595,15927,5251,4360,9611,3030,3200,6230,1794,3566,5360,478,1917,2395,64863,65913,130776
2020-10-07,3862,3682,7544,5050,5167,10217,12317,12723,25040,13946,13336,27282,11079,10648,21727,8394,7655,16049,5279,4381,9660,3042,3219,6261,1805,3590,5395,478,1925,2403,65252,66326,131578
2020-10-08,3881,3696,7577,5076,5202,10278,12394,12805,25199,14033,13417,27450,11128,10731,21859,8444,7707,16151,5304,4411,9715,3059,3244,6303,1819,3625,5444,480,1940,2420,65618,66778,132396
2020-10-09,3900,3711,7611,5099,5233,10332,12454,12902,25356,14129,13509,27638,11186,10799,21985,8505,7763,16268,5330,4449,9779,3075,3267,6342,1835,3658,5493,483,1954,2437,65996,67245,133241
2020-10-10,3910,3717,7627,5117,5265,10382,12506,12953,25459,14193,13580,27773,11247,10846,22093,8544,7817,16361,5360,4478,9838,3090,3284,6374,1842,3669,5511,484,1956,2440,66293,67565,133858
2020-10-11,3923,3732,7655,5133,5285,10418,12546,13001,25547,14229,13633,27862,11290,10881,22171,8578,7846,16424,5374,4503,9877,3105,3300,6405,1850,3686,5536,486,1963,2449,66514,67830,134344
2020-10-12,3945,3748,7693,5156,5316,10472,12610,13044,25654,14297,13692,27989,11341,10927,22268,8613,7893,16506,5407,4529,9936,3123,3315,6438,1854,3703,5557,486,1969,2455,66832,68136,134968
2020-10-13,3960,3766,7726,5193,5345,10538,12689,13128,25817,14403,13778,28181,11418,10992,22410,8671,7937,16608,5444,4552,9996,3136,3334,6470,1863,3725,5588,488,1981,2469,67265,68538,135803
2020-10-14,3974,3781,7755,5224,5375,10599,12769,13212,25981,14480,13851,28331,11496,11059,22555,8735,7999,16734,5469,4581,10050,3156,3354,6510,1872,3735,5607,489,1987,2476,67664,68934,136598
2020-10-15,3990,3801,7791,5271,5418,10689,12862,13291,26153,14568,13932,28500,11561,11129,22690,8775,8043,16818,5498,4605,10103,3178,3378,6556,1879,3755,5634,492,1991,2483,68074,69343,137417
2020-10-16,4008,3811,7819,5299,5456,10755,12926,13397,26323,14647,14011,28658,11635,11191,22826,8826,8085,16911,5527,4635,10162,3196,3400,6596,1890,3781,5671,494,2008,2502,68448,69775,138223
2020-10-17,4021,3826,7847,5325,5480,10805,12981,13445,26426,14711,14087,28798,11679,11226,22905,8861,8118,16979,5550,4662,10212,3205,3407,6612,1897,3790,5687,497,2011,2508,68727,70052,138779
2020-10-18,4031,3834,7865,5344,5501,10845,13023,13486,26509,14754,14119,28873,11705,11254,22959,8884,8144,17028,5565,4680,10245,3220,3421,6641,1898,3798,5696,497,2016,2513,68921,70253,139174
2020-10-19,4049,3847,7896,5367,5529,10896,13082,13543,26625,14807,14179,28986,11777,11299,23076,8926,8185,17111,5592,4702,10294,3246,3444,6690,1902,3811,5713,498,2020,2518,69246,70559,139805
2020-10-20,4056,3857,7913,5384,5551,10935,13153,13619,26772,14874,14239,29113,11833,11354,23187,8978,8222,17200,5618,4729,10347,3260,3455,6715,1914,3829,5743,499,2026,2525,69569,70881,140450
2020-10-21,4071,3868,7939,5408,5576,10984,13206,13680,26886,14924,14290,29214,11889,11392,23281,9005,8265,17270,5647,4750,10397,3273,3471,6744,1917,3836,5753,500,2029,2529,69840,71157,140997
2020-10-22,4083,3878,7961,5433,5596,11029,13263,13745,27008,14977,14337,29314,11933,11428,23361,9033,8289,17322,5668,4766,10434,3284,3484,6768,1922,3843,5765,501,2029,2530,70097,71395,141492
2020-10-23,4094,3887,7981,5457,5612,11069,13314,13819,27133,15025,14391,29416,11988,11476,23464,9071,8318,17389,5698,4792,10490,3291,3496,6787,1934,3850,5784,502,2030,2532,70374,71671,142045
2020-10-24,4102,3899,8001,5473,5629,11102,13355,13861,27216,15063,14440,29503,12022,11508,23530,9109,8340,17449,5716,4808,10524,3303,3507,6810,1939,3856,5795,502,2035,2537,70584,71883,142467
2020-10-25,4110,3908,8018,5486,5646,11132,13388,13897,27285,15089,14472,29561,12057,11538,23595,9128,8363,17491,5733,4815,10548,3308,3514,6822,1942,3861,5803,502,2036,2538,70743,72050,142793
2020-10-26,4121,3913,8034,5500,5678,11178,13436,13937,27373,15151,14533,29684,12099,11576,23675,9164,8397,17561,5755,4837,10592,3317,3522,6839,1952,3873,5825,507,2040,2547,71002,72306,143308
2020-10-27,4128,3923,8051,5525,5704,11229,13493,13998,27491,15211,14583,29794,12152,11627,23779,9206,8434,17640,5776,4864,10640,3326,3537,6863,1962,3889,5851,509,2043,2552,71288,72602,143890
2020-10-28,4143,3935,8078,5551,5726,11277,13545,14050,27595,15262,14632,29894,12193,11659,23852,9236,8465,17701,5800,4884,10684,3335,3547,6882,1968,3893,5861,512,2046,2558,71545,72837,144382
2020-10-29,4154,3941,8095,5564,5740,11304,13590,14089,27679,15308,14682,29990,12230,11690,23920,9261,8488,17749,5814,4900,10714,3353,3554,6907,1972,3905,5877,513,2053,2566,71759,73042,144801
2020-10-30,4159,3946,8105,5572,5747,11319,13625,14123,27748,15357,14713,30070,12258,11722,23980,9276,8511,17787,5825,4916,10741,3366,3565,6931,1975,3909,5884,514,2055,2569,71927,73207,145134
2020-10-31,4161,3950,8111,5578,5759,11337,13648,14151,27799,15383,14744,30127,12280,11744,24024,9291,8527,17818,5837,4926,10763,3370,3572,6942,1979,3913,5892,514,2055,2569,72041,73341,145382
2020-11-01,4170,3958,8128,5588,5775,11363,13687,14179,27866,15417,14774,30191,12312,11772,24084,9311,8548,17859,5851,4935,10786,3378,3578,6956,1981,3917,5898,514,2056,2570,72209,73492,145701
2020-11-02,4178,3965,8143,5598,5797,11395,13724,14226,27950,15462,14813,30275,12353,11810,24163,9345,8575,17920,5867,4944,10811,3380,3587,6967,1986,3924,5910,514,2060,2574,72407,73701,146108
2020-11-03,4188,3971,8159,5616,5808,11424,13780,14258,28038,15494,14850,30344,12390,11837,24227,9370,8596,17966,5880,4967,10847,3384,3597,6981,1988,3934,5922,514,2062,2576,72604,73880,146484
2020-11-04,4196,3976,8172,5622,5823,11445,13824,14307,28131,15538,14889,30427,12414,11875,24289,9393,8623,18016,5900,4981,10881,3391,3610,7001,1991,3943,5934,514,2065,2579,72783,74092,146875
2020-11-05,4210,3986,8196,5648,5841,11489,13882,14364,28246,15593,14933,30526,12451,11914,24365,9422,8649,18071,5924,4998,10922,3404,3623,7027,1994,3960,5954,515,2071,2586,73043,74339,147382
2020-11-06,4223,3993,8216,5667,5859,11526,13905,14399,28304,15635,14980,30615,12490,11944,24434,9448,8671,18119,5946,5016,10962,3416,3634,7050,1998,3970,5968,516,2073,2589,73244,74539,147783
2020-11-07,4230,3998,8228,5675,5869,11544,13928,14434,28362,15677,15020,30697,12524,11978,24502,9463,8690,18153,5961,5035,10996,3424,3641,7065,2002,3975,5977,516,2073,2589,73400,74713,148113
2020-11-08,4236,4004,8240,5683,5881,11564,13947,14475,28422,15703,15046,30749,12552,11995,24547,9481,8709,18190,5976,5047,11023,3429,3643,7072,2006,3981,5987,517,2073,2590,73530,74854,148384
2020-11-09,4248,4009,8257,5701,5895,11596,13981,14530,28511,15747,15091,30838,12601,12031,24632,9519,8753,18272,5997,5069,11066,3445,3651,7096,2009,3987,5996,517,2076,2593,73765,75092,148857
2020-11-10,4258,4019,8277,5718,5908,11626,14023,14582,28605,15819,15130,30949,12634,12061,24695,9543,8771,18314,6019,5087,11106,3460,3674,7134,2015,3998,6013,519,2078,2597,74008,75308,149316
2020-11-11,4268,4026,8294,5734,5927,11661,14073,14632,28705,15871,15178,31049,12671,12098,24769,9585,8792,18377,6035,5107,11142,3470,3687,7157,2019,4006,6025,520,2082,2602,74246,75535,149781
2020-11-12,4279,4033,8312,5750,5944,11694,14127,14675,28802,15913,15217,31130,12704,12134,24838,9610,8818,18428,6049,5118,11167,3475,3695,7170,2022,4008,6030,521,2087,2608,74450,75729,150179
2020-11-13,4286,4038,8324,5770,5960,11730,14168,14719,28887,15950,15248,31198,12749,12166,24915,9636,8841,18477,6068,5138,11206,3490,3702,7192,2025,4017,6042,523,2094,2617,74665,75923,150588
2020-11-14,4292,4044,8336,5786,5975,11761,14198,14757,28955,15985,15276,31261,12779,12187,24966,9665,8862,18527,6087,5150,11237,3497,3711,7208,2030,4022,6052,524,2095,2619,74843,76079,150922
2020-11-15,4296,4051,8347,5795,5992,11787,14222,14782,29004,16007,15302,31309,12803,12205,25008,9684,8875,18559,6096,5160,11256,3504,3720,7224,2032,4031,6063,525,2095,2620,74964,76213,151177
2020-11-16,4302,4060,8362,5809,6010,11819,14252,14824,29076,16046,15334,31380,12829,12234,25063,9706,8897,18603,6106,5176,11282,3516,3730,7246,2039,4037,6076,527,2097,2624,75132,76399,151531
2020-11-17,4310,4066,8376,5827,6029,11856,14299,14864,29163,16090,15381,31471,12866,12267,25133,9733,8928,18661,6126,5191,11317,3524,3739,7263,2044,4050,6094,529,2103,2632,75348,76618,151966
2020-11-18,4314,4073,8387,5843,6049,11892,14342,14916,29258,16139,15419,31558,12905,12297,25202,9758,8961,18719,6138,5206,11344,3536,3753,7289,2048,4062,6110,529,2108,2637,75552,76844,152396
2020-11-19,4318,4077,8395,5854,6064,11918,14389,14948,29337,16168,15455,31623,12927,12321,25248,9784,8985,18769,6155,5219,11374,3542,3762,7304,2050,4066,6116,529,2113,2642,75716,77010,152726
2020-11-20,4323,4082,8405,5872,6084,11956,14430,14978,29408,16197,15477,31674,12946,12335,25281,9798,9000,18798,6170,5232,11402,3548,3767,7315,2055,4068,6123,531,2115,2646,75870,77138,153008
2020-11-21,4329,4092,8421,5885,6101,11986,14458,15009,29467,16232,15509,31741,12964,12371,25335,9812,9017,18829,6183,5246,11429,3555,3774,7329,2058,4071,6129,531,2118,2649,76007,77308,153315
2020-11-22,4333,4095,8428,5895,6107,12002,14478,15030,29508,16251,15532,31783,12983,12386,25369,9823,9025,18848,6199,5252,11451,3560,3783,7343,2060,4072,6132,531,2119,2650,76113,77401,153514
2020-11-23,4338,4098,8436,5901,6115,12016,14498,15057,29555,16281,15557,31838,13006,12397,25403,9829,9043,18872,6208,5258,11466,3570,3789,7359,2063,4074,6137,531,2121,2652,76225,77509,153734
2020-11-24,4345,4102,8447,5909,6130,12039,14538,15102,29640,16327,15596,31923,13037,12420,25457,9851,9057,18908,6227,5272,11499,3578,3797,7375,2067,4076,6143,531,2123,2654,76410,77675,154085
2020-11-25,4360,4108,8468,5923,6141,12064,14587,15154,29741,16384,15646,32030,13073,12459,25532,9878,9079,18957,6246,5286,11532,3586,3810,7396,2071,4082,6153,532,2125,2657,76640,77890,154530
2020-11-26,4363,4121,8484,5934,6163,12097,14628,15194,29822,16437,15679,32116,13100,12481,25581,9895,9111,19006,6256,5302,11558,3590,3814,7404,2076,4086,6162,533,2129,2662,76812,78080,154892
2020-11-27,4370,4125,8495,5952,6175,12127,14676,15234,29910,16477,15703,32180,13134,12507,25641,9919,9132,19051,6271,5318,11589,3600,3819,7419,2079,4090,6169,535,2131,2666,77013,78234,155247
2020-11-28,4376,4131,8507,5968,6190,12158,14706,15274,29980,16510,15731,32241,13157,12531,25688,9931,9150,19081,6279,5333,11612,3605,3822,7427,2080,4093,6173,535,2132,2667,77147,78387,155534
2020-11-29,4383,4132,8515,5980,6202,12182,14733,15306,30039,16548,15759,32307,13180,12548,25728,9951,9165,19116,6284,5346,11630,3608,3826,7434,2084,4098,6182,538,2132,2670,77289,78514,155803
2020-11-30,4391,4137,8528,5992,6216,12208,14770,15336,30106,16585,15791,32376,13211,12567,25778,9967,9191,19158,6291,5357,11648,3619,3838,7457,2087,4106,6193,538,2135,2673,77451,78674,156125
2020-12-01,4401,4142,8543,6002,6227,12229,14806,15363,30169,16618,15841,32459,13243,12590,25833,9984,9205,19189,6305,5365,11670,3625,3844,7469,2090,4109,6199,538,2135,2673,77612,78821,156433
2020-12-02,4403,4146,8549,6009,6241,12250,14836,15388,30224,16648,15866,32514,13257,12613,25870,9994,9218,19212,6317,5373,11690,3632,3855,7487,2093,4115,6208,541,2140,2681,77730,78955,156685
2020-12-03,4408,4150,8558,6022,6253,12275,14869,15411,30280,16684,15894,32578,13285,12631,25916,10013,9233,19246,6329,5386,11715,3640,3867,7507,2096,4119,6215,543,2142,2685,77889,79086,156975
2020-12-04,4417,4155,8572,6037,6271,12308,14896,15447,30343,16722,15933,32655,13316,12664,25980,10035,9254,19289,6343,5397,11740,3648,3873,7521,2101,4122,6223,544,2142,2686,78059,79258,157317
2020-12-05,4423,4160,8583,6047,6284,12331,14920,15479,30399,16751,15964,32715,13336,12691,26027,10053,9271,19324,6357,5410,11767,3654,3882,7536,2107,4128,6235,544,2143,2687,78192,79412,157604
2020-12-06,4430,4163,8593,6055,6292,12347,14941,15501,30442,16778,15983,32761,13354,12712,26066,10073,9286,19359,6365,5419,11784,3660,3886,7546,2112,4130,6242,544,2143,2687,78312,79515,157827
2020-12-07,4434,4168,8602,6061,6303,12364,14957,15527,30484,16799,16006,32805,13384,12730,26114,10086,9306,19392,6377,5429,11806,3666,3891,7557,2114,4132,6246,544,2145,2689,78422,79637,158059
2020-12-08,4441,4170,8611,6074,6316,12390,14986,15557,30543,16833,16036,32869,13425,12753,26178,10108,9325,19433,6394,5436,11830,3681,3900,7581,2117,4137,6254,545,2147,2692,78604,79777,158381
2020-12-09,4446,4177,8623,6099,6334,12433,15033,15596,30629,16877,16074,32951,13463,12791,26254,10136,9350,19486,6410,5455,11865,3688,3914,7602,2119,4142,6261,545,2151,2696,78816,79984,158800
2020-12-10,4450,4185,8635,6112,6358,12470,15070,15645,30715,16931,16113,33044,13503,12836,26339,10159,9375,19534,6428,5470,11898,3697,3926,7623,2122,4149,6271,545,2153,2698,79017,80210,159227
2020-12-11,4462,4193,8655,6121,6370,12491,15119,15692,30811,16967,16153,33120,13541,12865,26406,10177,9405,19582,6439,5490,11929,3701,3937,7638,2127,4156,6283,545,2154,2699,79199,80415,159614
2020-12-12,4470,4197,8667,6136,6383,12519,15170,15742,30912,17008,16184,33192,13567,12891,26458,10192,9420,19612,6452,5503,11955,3713,3943,7656,2129,4156,6285,545,2154,2699,79382,80573,159955
2020-12-13,4472,4202,8674,6152,6397,12549,15209,15773,30982,17039,16224,33263,13591,12917,26508,10208,9441,19649,6469,5513,11982,3723,3950,7673,2135,4159,6294,547,2154,2701,79545,80730,160275
2020-12-14,4477,4206,8683,6169,6414,12583,15271,15829,31100,17109,16273,33382,13631,12960,26591,10241,9468,19709,6486,5535,12021,3734,3962,7696,2140,4170,6310,548,2156,2704,79806,80973,160779
2020-12-15,4481,4209,8690,6192,6435,12627,15334,15886,31220,17170,16328,33498,13683,12997,26680,10264,9497,19761,6508,5544,12052,3745,3969,7714,2148,4174,6322,550,2159,2709,80075,81198,161273
2020-12-16,4490,4217,8707,6213,6464,12677,15417,15952,31369,17223,16373,33596,13709,13027,26736,10293,9527,19820,6524,5563,12087,3760,3978,7738,2157,4179,6336,553,2163,2716,80339,81443,161782
2020-12-17,4500,4221,8721,6239,6494,12733,15527,16046,31573,17297,16436,33733,13749,13084,26833,10320,9564,19884,6536,5589,12125,3776,3992,7768,2161,4185,6346,554,2165,2719,80659,81776,162435
2020-12-18,4504,4230,8734,6275,6516,12791,15620,16126,31746,17363,16509,33872,13804,13125,26929,10354,9604,19958,6562,5616,12178,3791,4005,7796,2165,4200,6365,554,2176,2730,80992,82107,163099
2020-12-19,4514,4235,8749,6307,6547,12854,15686,16179,31865,17421,16562,33983,13849,13170,27019,10384,9634,20018,6581,5634,12215,3804,4015,7819,2170,4208,6378,554,2177,2731,81270,82361,163631
2020-12-20,4518,4243,8761,6329,6561,12890,15753,16226,31979,17459,16608,34067,13891,13223,27114,10415,9657,20072,6608,5652,12260,3814,4022,7836,2173,4212,6385,557,2179,2736,81517,82583,164100
2020-12-21,4528,4252,8780,6359,6592,12951,15845,16331,32176,17545,16695,34240,13951,13284,27235,10471,9698,20169,6653,5676,12329,3836,4040,7876,2177,4221,6398,558,2181,2739,81923,82970,164893
2020-12-22,4536,4265,8801,6387,6623,13010,15933,16424,32357,17658,16773,34431,14011,13348,27359,10529,9752,20281,6673,5702,12375,3855,4056,7911,2182,4231,6413,559,2184,2743,82323,83358,165681
2020-12-23,4546,4276,8822,6417,6660,13077,16066,16547,32613,17776,16868,34644,14079,13421,27500,10602,9813,20415,6699,5735,12434,3883,4078,7961,2186,4242,6428,560,2186,2746,82814,83826,166640
2020-12-24,4548,4278,8826,6434,6684,13118,16134,16608,32742,17844,16913,34757,14113,13468,27581,10633,9839,20472,6720,5748,12468,3895,4085,7980,2188,4248,6436,560,2187,2747,83069,84058,167127
2020-12-25,4551,4285,8836,6449,6699,13148,16176,16647,32823,17878,16943,34821,14159,13497,27656,10657,9860,20517,6740,5762,12502,3901,4093,7994,2189,4249,6438,560,2188,2748,83260,84223,167483
2020-12-26,4562,4293,8855,6476,6737,13213,16294,16755,33049,17989,17039,35028,14232,13582,27814,10734,9920,20654,6782,5809,12591,3918,4111,8029,2192,4256,6448,561,2189,2750,83740,84691,168431
2020-12-27,4575,4297,8872,6501,6777,13278,16387,16850,33237,18088,17113,35201,14296,13630,27926,10786,9964,20750,6806,5837,12643,3935,4129,8064,2194,4262,6456,561,2189,2750,84129,85048,169177
2020-12-28,4592,4315,8907,6545,6844,13389,16542,16990,33532,18206,17246,35452,14415,13734,28149,10886,10032,20918,6852,5878,12730,3967,4162,8129,2206,4279,6485,563,2191,2754,84774,85671,170445
2020-12-29,4600,4333,8933,6596,6905,13501,16727,17168,33895,18368,17387,35755,14518,13834,28352,10954,10121,21075,6903,5933,12836,4001,4196,8197,2217,4288,6505,567,2194,2761,85451,86359,171810
2020-12-30,4625,4352,8977,6659,6978,13637,16911,17325,34236,18520,17522,36042,14632,13956,28588,11035,10204,21239,6955,5998,12953,4036,4228,8264,2226,4304,6530,570,2198,2768,86169,87065,173234
2020-12-31,4633,4359,8992,6696,7023,13719,17057,17451,34508,18605,17601,36206,14694,14033,28727,11081,10244,21325,6982,6025,13007,4056,4241,8297,2235,4309,6544,570,2198,2768,86609,87484,174093
2021-01-01,4638,4361,8999,6714,7038,13752,17090,17492,34582,18644,17643,36287,14716,14071,28787,11100,10262,21362,7002,6051,13053,4066,4252,8318,2237,4312,6549,570,2198,2768,86777,87680,174457
2021-01-02,4645,4372,9017,6763,7086,13849,17192,17611,34803,18757,17738,36495,14797,14163,28960,11177,10330,21507,7047,6093,13140,4087,4274,8361,2242,4316,6558,576,2198,2774,87283,88181,175464
2021-01-03,4661,4385,9046,6803,7129,13932,17316,17761,35077,18863,17832,36695,14881,14241,29122,11238,10400,21638,7088,6127,13215,4106,4297,8403,2250,4324,6574,577,2199,2776,87783,88695,176478
2021-01-04,4676,4395,9071,6869,7192,14061,17540,17974,35514,19044,17999,37043,14998,14343,29341,11331,10506,21837,7145,6179,13324,4136,4332,8468,2264,4346,6610,580,2204,2784,88583,89470,178053
2021-01-05,4696,4416,9112,6942,7266,14208,17789,18224,36013,19215,18165,37380,15117,14443,29560,11437,10582,22019,7203,6237,13440,4159,4365,8524,2270,4365,6635,582,2213,2795,89410,90276,179686
2021-01-06,4710,4429,9139,7013,7338,14351,18028,18453,36481,19396,18321,37717,15235,14542,29777,11523,10662,22185,7258,6298,13556,4192,4397,8589,2279,4380,6659,583,2217,2800,90217,91037,181254
2021-01-07,4730,4441,9171,7076,7407,14483,18220,18663,36883,19547,18468,38015,15344,14652,29996,11605,10751,22356,7302,6343,13645,4220,4434,8654,2288,4388,6676,588,2221,2809,90920,91768,182688
2021-01-08,4745,4456,9201,7135,7477,14612,18407,18850,37257,19689,18597,38286,15457,14764,30221,11693,10832,22525,7355,6399,13754,4247,4460,8707,2296,4402,6698,589,2227,2816,91613,92464,184077
2021-01-09,4752,4464,9216,7178,7523,14701,18545,19028,37573,19816,18692,38508,15552,14857,30409,11751,10904,22655,7402,6440,13842,4263,4488,8751,2302,4412,6714,591,2231,2822,92152,93039,185191
2021-01-10,4761,4468,9229,7222,7557,14779,18651,19163,37814,19889,18773,38662,15610,14921,30531,11806,10954,22760,7431,6471,13902,4277,4509,8786,2308,4418,6726,595,2233,2828,92550,93467,186017
2021-01-11,4767,4478,9245,7288,7613,14901,18837,19353,38190,20005,18897,38902,15702,14993,30695,11884,11031,22915,7477,6513,13990,4310,4536,8846,2316,4428,6744,596,2237,2833,93182,94079,187261
2021-01-12,4778,4485,9263,7340,7686,15026,19039,19541,38580,20152,19031,39183,15790,15088,30878,11951,11111,23062,7523,6556,14079,4343,4565,8908,2329,4443,6772,596,2242,2838,93841,94748,188589
2021-01-13,4794,4499,9293,7400,7771,15171,19214,19748,38962,20304,19173,39477,15892,15184,31076,12023,11186,23209,7572,6605,14177,4370,4584,8954,2342,4454,6796,597,2248,2845,94508,95452,189960
2021-01-14,4811,4509,9320,7461,7837,15298,19370,19940,39310,20440,19279,39719,15973,15267,31240,12092,11261,23353,7617,6646,14263,4397,4613,9010,2355,4461,6816,601,2250,2851,95117,96063,191180
2021-01-15,4825,4520,9345,7538,7890,15428,19561,20100,39661,20567,19384,39951,16077,15340,31417,12171,11355,23526,7664,6681,14345,4418,4637,9055,2365,4477,6842,601,2253,2854,95787,96637,192424
2021-01-16,4831,4530,9361,7599,7959,15558,19681,20234,39915,20675,19482,40157,16148,15421,31569,12220,11406,23626,7699,6711,14410,4439,4655,9094,2372,4486,6858,602,2259,2861,96266,97143,193409
2021-01-17,4836,4538,9374,7654,8000,15654,19791,20373,40164,20765,19560,40325,16212,15476,31688,12272,11459,23731,7744,6734,14478,4459,4662,9121,2378,4492,6870,603,2260,2863,96714,97554,194268
2021-01-18,4849,4551,9400,7727,8065,15792,20012,20555,40567,20894,19690,40584,16311,15562,31873,12354,11539,23893,7800,6782,14582,4488,4693,9181,2389,4509,6898,604,2263,2867,97428,98209,195637
2021-01-19,4863,4558,9421,7799,8151,15950,20171,20727,40898,21033,19793,40826,16398,15656,32054,12408,11601,24009,7848,6823,14671,4513,4718,9231,2403,4527,6930,604,2269,2873,98040,98823,196863
2021-01-20,4869,4564,9433,7879,8212,16091,20354,20895,41249,21149,19893,41042,16493,15755,32248,12480,11672,24152,7879,6873,14752,4536,4745,9281,2416,4547,6963,604,2275,2879,98659,99431,198090
2021-01-21,4878,4573,9451,7952,8275,16227,20483,21041,41524,21269,20000,41269,16594,15846,32440,12553,11759,24312,7923,6917,14840,4563,4770,9333,2427,4570,6997,608,2281,2889,99250,100032,199282
2021-01-22,4896,4583,9479,8010,8335,16345,20628,21196,41824,21364,20102,41466,16658,15921,32579,12620,11831,24451,7966,6945,14911,4583,4790,9373,2439,4580,7019,611,2284,2895,99775,100567,200342
2021-01-23,4903,4594,9497,8072,8403,16475,20740,21304,42044,21443,20170,41613,16714,15977,32691,12674,11896,24570,7994,6980,14974,4607,4820,9427,2442,4592,7034,614,2284,2898,100203,101020,201223
2021-01-24,4911,4606,9517,8137,8458,16595,20869,21387,42256,21529,20252,41781,16763,16035,32798,12711,11938,24649,8031,7004,15035,4628,4833,9461,2446,4598,7044,614,2284,2898,100639,101395,202034
2021-01-25,4921,4618,9539,8236,8564,16800,21032,21536,42568,21652,20340,41992,16858,16134,32992,12782,11998,24780,8085,7040,15125,4652,4867,9519,2454,4611,7065,617,2286,2903,101289,101994,203283
2021-01-26,4935,4633,9568,8331,8669,17000,21169,21681,42850,21751,20434,42185,16936,16223,33159,12852,12066,24918,8131,7075,15206,4678,4891,9569,2464,4633,7097,619,2295,2914,101866,102600,204466
2021-01-27,4942,4646,9588,8436,8757,17193,21288,21810,43098,21843,20511,42354,17003,16298,33301,12904,12114,25018,8177,7109,15286,4696,4910,9606,2472,4646,7118,620,2298,2918,102381,103099,205480
2021-01-28,4954,4656,9610,8511,8849,17360,21443,21935,43378,21943,20589,42532,17085,16378,33463,12969,12173,25142,8222,7146,15368,4709,4932,9641,2476,4660,7136,620,2302,2922,102932,103620,206552
2021-01-29,4974,4670,9644,8597,8943,17540,21548,22060,43608,22035,20685,42720,17160,16463,33623,13025,12254,25279,8250,7181,15431,4728,4957,9685,2482,4677,7159,623,2305,2928,103422,104195,207617
2021-01-30,4982,4676,9658,8708,9031,17739,21649,22159,43808,22099,20765,42864,17225,16530,33755,13063,12304,25367,8281,7215,15496,4740,4976,9716,2485,4686,7171,624,2307,2931,103856,104649,208505
2021-01-31,4985,4689,9674,8813,9121,17934,21737,22261,43998,22151,20833,42984,17299,16605,33904,13108,12352,25460,8310,7248,15558,4757,4988,9745,2487,4692,7179,625,2309,2934,104272,105098,209370
2021-02-01,4997,4702,9699,8914,9239,18153,21864,22384,44248,22244,20923,43167,17396,16688,34084,13175,12427,25602,8355,7296,15651,4790,5021,9811,2495,4707,7202,625,2313,2938,104855,105700,210555
2021-02-02,5004,4717,9721,8991,9325,18316,21977,22510,44487,22338,21028,43366,17473,16764,34237,13240,12491,25731,8400,7331,15731,4808,5035,9843,2503,4727,7230,625,2316,2941,105359,106244,211603
2021-02-03,5018,4731,9749,9070,9383,18453,22095,22618,44713,22433,21125,43558,17546,16839,34385,13307,12566,25873,8442,7379,15821,4831,5057,9888,2515,4743,7258,628,2316,2944,105885,106757,212642
2021-02-04,5023,4741,9764,9127,9437,18564,22193,22721,44914,22504,21209,43713,17625,16905,34530,13365,12630,25995,8486,7408,15894,4849,5081,9930,2526,4760,7286,628,2322,2950,106326,107214,213540
2021-02-05,5031,4750,9781,9180,9484,18664,22275,22815,45090,22590,21298,43888,17689,16982,34671,13412,12688,26100,8521,7430,15951,4868,5101,9969,2531,4770,7301,629,2326,2955,106726,107644,214370
2021-02-06,5038,4755,9793,9212,9519,18731,22350,22881,45231,22651,21363,44014,17742,17042,34784,13450,12729,26179,8546,7463,16009,4884,5117,10001,2538,4777,7315,629,2328,2957,107040,107974,215014
2021-02-07,5041,4760,9801,9242,9548,18790,22399,22935,45334,22706,21423,44129,17782,17073,34855,13490,12765,26255,8574,7497,16071,4905,5130,10035,2542,4786,7328,629,2331,2960,107310,108248,215558
2021-02-08,5052,4775,9827,9301,9595,18896,22479,23022,45501,22790,21514,44304,17878,17152,35030,13543,12831,26374,8623,7534,16157,4930,5162,10092,2549,4801,7350,631,2335,2966,107776,108721,216497
2021-02-09,5061,4779,9840,9343,9621,18964,22555,23088,45643,22863,21592,44455,17942,17212,35154,13588,12872,26460,8654,7568,16222,4943,5177,10120,2557,4811,7368,632,2336,2968,108138,109056,217194
2021-02-10,5076,4786,9862,9381,9662,19043,22623,23170,45793,22943,21680,44623,18004,17276,35280,13634,12914,26548,8684,7592,16276,4962,5196,10158,2562,4819,7381,633,2340,2973,108502,109435,217937
2021-02-11,5080,4794,9874,9411,9696,19107,22700,23248,45948,23011,21747,44758,18059,17329,35388,13671,12980,26651,8729,7628,16357,4984,5217,10201,2566,4821,7387,636,2345,2981,108847,109805,218652
2021-02-12,5090,4804,9894,9448,9733,19181,22765,23316,46081,23089,21822,44911,18119,17382,35501,13715,13017,26732,8758,7656,16414,5002,5234,10236,2578,4835,7413,638,2349,2987,109202,110148,219350
2021-02-13,5100,4807,9907,9476,9758,19234,22823,23371,46194,23147,21876,45023,18171,17434,35605,13751,13051,26802,8779,7675,16454,5021,5255,10276,2579,4843,7422,642,2351,2993,109489,110421,219910
2021-02-14,5106,4812,9918,9498,9785,19283,22856,23423,46279,23185,21932,45117,18223,17480,35703,13782,13083,26865,8804,7702,16506,5033,5274,10307,2584,4849,7433,642,2352,2994,109713,110692,220405
2021-02-15,5109,4818,9927,9528,9813,19341,22904,23479,46383,23241,22004,45245,18280,17535,35815,13814,13116,26930,8829,7723,16552,5041,5282,10323,2590,4854,7444,642,2357,2999,109978,110981,220959
2021-02-16,5118,4830,9948,9551,9847,19398,22951,23536,46487,23301,22057,45358,18329,17581,35910,13839,13151,26990,8852,7752,16604,5057,5306,10363,2598,4861,7459,643,2362,3005,110239,111283,221522
2021-02-17,5132,4838,9970,9581,9874,19455,23038,23631,46669,23389,22146,45535,18403,17648,36051,13889,13207,27096,8906,7783,16689,5077,5320,10397,2605,4875,7480,644,2364,3008,110664,111686,222350
2021-02-18,5138,4851,9989,9614,9900,19514,23137,23736,46873,23471,22237,45708,18459,17725,36184,13925,13265,27190,8943,7808,16751,5100,5335,10435,2610,4881,7491,645,2369,3014,111042,112107,223149
2021-02-19,5142,4855,9997,9655,9935,19590,23211,23820,47031,23587,22325,45912,18523,17786,36309,13960,13313,27273,8973,7832,16805,5120,5349,10469,2612,4889,7501,645,2369,3014,111428,112473,223901
2021-02-20,5149,4859,10008,9681,9955,19636,23277,23889,47166,23659,22381,46040,18563,17843,36406,13996,13354,27350,9005,7853,16858,5136,5364,10500,2616,4899,7515,646,2370,3016,111728,112767,224495
2021-02-21,5158,4863,10021,9702,9984,19686,23344,23950,47294,23720,22444,46164,18611,17884,36495,14026,13392,27418,9025,7883,16908,5147,5379,10526,2619,4903,7522,646,2374,3020,111998,113056,225054
2021-02-22,5167,4873,10040,9735,10011,19746,23427,24028,47455,23803,22507,46310,18667,17929,36596,14079,13424,27503,9043,7914,16957,5164,5393,10557,2623,4909,7532,648,2375,3023,112356,113363,225719
2021-02-23,5179,4884,10063,9762,10049,19811,23518,24106,47624,23876,22590,46466,18729,17976,36705,14118,13465,27583,9084,7940,17024,5180,5406,10586,2632,4917,7549,651,2375,3026,112729,113708,226437
2021-02-24,5193,4890,10083,9795,10083,19878,23601,24179,47780,23943,22644,46587,18782,18036,36818,14155,13515,27670,9112,7967,17079,5192,5427,10619,2633,4922,7555,653,2379,3032,113059,114042,227101
2021-02-25,5207,4903,10110,9829,10125,19954,23699,24281,47980,24019,22728,46747,18836,18111,36947,14208,13562,27770,9149,7989,17138,5208,5449,10657,2638,4927,7565,656,2385,3041,113449,114460,227909
2021-02-26,5215,4913,10128,9864,10152,20016,23763,24357,48120,24091,22780,46871,18875,18171,37046,14255,13611,27866,9175,8019,17194,5225,5474,10699,2644,4940,7584,658,2388,3046,113765,114805,228570
2021-02-27,5224,4916,10140,9883,10173,20056,23821,24419,48240,24145,22832,46977,18917,18228,37145,14297,13643,27940,9208,8038,17246,5231,5492,10723,2651,4945,7596,658,2389,3047,114035,115075,229110
2021-02-28,5230,4917,10147,9907,10191,20098,23858,24469,48327,24200,22883,47083,18956,18273,37229,14326,13661,27987,9227,8057,17284,5236,5501,10737,2653,4952,7605,658,2393,3051,114251,115297,229548
2021-03-01,5246,4936,10182,9949,10224,20173,23922,24540,48462,24298,22962,47260,19024,18338,37362,14377,13713,28090,9258,8081,17339,5251,5522,10773,2657,4966,7623,658,2396,3054,114640,115678,230318
2021-03-02,5259,4946,10205,9986,10257,20243,23989,24600,48589,24370,23045,47415,19074,18384,37458,14412,13757,28169,9293,8107,17400,5265,5534,10799,2662,4978,7640,658,2398,3056,114968,116006,230974
2021-03-03,5274,4955,10229,10027,10295,20322,24076,24677,48753,24446,23125,47571,19135,18432,37567,14451,13803,28254,9344,8135,17479,5280,5554,10834,2669,4989,7658,658,2402,3060,115360,116367,231727
2021-03-04,5290,4966,10256,10060,10339,20399,24151,24744,48895,24519,23186,47705,19200,18492,37692,14504,13846,28350,9380,8167,17547,5291,5568,10859,2670,4997,7667,659,2402,3061,115724,116707,232431
2021-03-05,5312,4973,10285,10114,10393,20507,24241,24833,49074,24592,23279,47871,19283,18550,37833,14560,13896,28456,9406,8203,17609,5307,5589,10896,2672,5007,7679,661,2405,3066,116148,117128,233276
2021-03-06,5317,4981,10298,10154,10440,20594,24286,24889,49175,24652,23331,47983,19334,18614,37948,14589,13937,28526,9439,8233,17672,5326,5594,10920,2677,5011,7688,661,2408,3069,116435,117438,233873
2021-03-07,5323,4995,10318,10186,10475,20661,24332,24938,49270,24710,23382,48092,19378,18661,38039,14629,13972,28601,9467,8261,17728,5333,5610,10943,2684,5014,7698,661,2409,3070,116703,117717,234420
2021-03-08,5340,5006,10346,10230,10500,20730,24409,25015,49424,24818,23458,48276,19459,18742,38201,14677,14030,28707,9511,8293,17804,5349,5629,10978,2695,5027,7722,662,2413,3075,117150,118113,235263
2021-03-09,5352,5025,10377,10275,10571,20846,24490,25087,49577,24898,23549,48447,19530,18821,38351,14745,14077,28822,9551,8326,17877,5370,5644,11014,2705,5036,7741,662,2415,3077,117578,118551,236129
2021-03-10,5372,5037,10409,10314,10621,20935,24554,25177,49731,24991,23621,48612,19581,18887,38468,14795,14139,28934,9581,8362,17943,5386,5671,11057,2709,5044,7753,662,2418,3080,117945,118977,236922
2021-03-11,5389,5057,10446,10356,10689,21045,24628,25278,49906,25078,23700,48778,19659,18952,38611,14846,14187,29033,9618,8388,18006,5401,5688,11089,2718,5056,7774,663,2420,3083,118356,119415,237771
2021-03-12,5408,5065,10473,10427,10756,21183,24705,25344,50049,25161,23772,48933,19737,19036,38773,14901,14250,29151,9643,8417,18060,5434,5713,11147,2723,5072,7795,665,2426,3091,118804,119851,238655
2021-03-13,5418,5073,10491,10472,10809,21281,24784,25407,50191,25220,23844,49064,19805,19096,38901,14947,14304,29251,9662,8440,18102,5451,5726,11177,2726,5075,7801,665,2429,3094,119150,120203,239353
2021-03-14,5427,5080,10507,10500,10860,21360,24844,25468,50312,25280,23898,49178,19852,19155,39007,14991,14352,29343,9694,8467,18161,5470,5741,11211,2731,5080,7811,665,2431,3096,119454,120532,239986
2021-03-15,5439,5101,10540,10548,10907,21455,24918,25530,50448,25380,23974,49354,19939,19214,39153,15072,14407,29479,9736,8504,18240,5501,5762,11263,2737,5088,7825,667,2441,3108,119937,120928,240865
2021-03-16,5453,5113,10566,10612,10958,21570,25006,25626,50632,25449,24053,49502,20041,19290,39331,15134,14459,29593,9764,8535,18299,5510,5774,11284,2747,5107,7854,670,2445,3115,120386,121360,241746
2021-03-17,5469,5129,10598,10681,11012,21693,25100,25719,50819,25545,24143,49688,20105,19364,39469,15175,14497,29672,9805,8570,18375,5534,5791,11325,2750,5112,7862,670,2447,3117,120834,121784,242618
2021-03-18,5487,5143,10630,10737,11066,21803,25188,25814,51002,25628,24238,49866,20173,19432,39605,15236,14552,29788,9835,8613,18448,5547,5824,11371,2757,5123,7880,670,2453,3123,121258,122258,243516
2021-03-19,5506,5163,10669,10793,11129,21922,25271,25922,51193,25730,24333,50063,20250,19516,39766,15286,14610,29896,9869,8651,18520,5575,5844,11419,2761,5137,7898,670,2454,3124,121711,122759,244470
2021-03-20,5512,5178,10690,10824,11173,21997,25338,25989,51327,25809,24398,50207,20331,19566,39897,15332,14656,29988,9903,8670,18573,5586,5859,11445,2765,5143,7908,670,2456,3126,122070,123088,245158
2021-03-21,5525,5192,10717,10864,11216,22080,25387,26051,51438,25893,24467,50360,20398,19629,40027,15366,14700,30066,9939,8704,18643,5609,5885,11494,2769,5152,7921,671,2456,3127,122421,123452,245873
2021-03-22,5542,5211,10753,10926,11282,22208,25509,26164,51673,26016,24596,50612,20492,19729,40221,15452,14778,30230,9981,8741,18722,5629,5902,11531,2777,5165,7942,672,2464,3136,122996,124032,247028
2021-03-23,5562,5224,10786,10986,11365,22351,25632,26302,51934,26153,24719,50872,20602,19835,40437,15539,14848,30387,10036,8802,18838,5657,5931,11588,2782,5182,7964,673,2468,3141,123622,124676,248298
2021-03-24,5580,5236,10816,11073,11447,22520,25748,26450,52198,26287,24833,51120,20723,19936,40659,15626,14933,30559,10091,8848,18939,5685,5958,11643,2791,5187,7978,676,2473,3149,124280,125301,249581
2021-03-25,5599,5256,10855,11152,11525,22677,25924,26626,52550,26431,24983,51414,20848,20060,40908,15713,15040,30753,10145,8906,19051,5718,5989,11707,2804,5202,8006,677,2476,3153,125011,126063,251074
2021-03-26,5630,5280,10910,11256,11607,22863,26098,26835,52933,26578,25127,51705,21003,20203,41206,15806,15134,30940,10197,8966,19163,5753,6025,11778,2815,5218,8033,677,2480,3157,125813,126875,252688
2021-03-27,5650,5299,10949,11326,11675,23001,26244,26985,53229,26700,25265,51965,21118,20333,41451,15894,15212,31106,10253,9025,19278,5781,6053,11834,2827,5230,8057,678,2483,3161,126471,127560,254031
2021-03-28,5671,5313,10984,11392,11752,23144,26371,27094,53465,26839,25385,52224,21243,20433,41676,15983,15292,31275,10302,9074,19376,5812,6078,11890,2835,5239,8074,679,2485,3164,127127,128145,255272
2021-03-29,5707,5342,11049,11499,11857,23356,26581,27298,53879,27002,25586,52588,21397,20580,41977,16120,15401,31521,10404,9127,19531,5855,6115,11970,2841,5252,8093,682,2490,3172,128088,129048,257136
2021-03-30,5728,5371,11099,11610,11961,23571,26817,27560,54377,27225,25775,53000,21574,20745,42319,16243,15526,31769,10482,9188,19670,5890,6162,12052,2851,5273,8124,689,2495,3184,129109,130056,259165
2021-03-31,5761,5400,11161,11730,12076,23806,27097,27821,54918,27460,25972,53432,21773,20918,42691,16356,15653,32009,10556,9261,19817,5919,6195,12114,2865,5291,8156,690,2502,3192,130207,131089,261296
2021-04-01,5781,5420,11201,11855,12218,24073,27389,28086,55475,27676,26187,53863,21918,21090,43008,16497,15774,32271,10646,9347,19993,5951,6229,12180,2876,5298,8174,693,2504,3197,131282,132153,263435
2021-04-02,5804,5450,11254,11976,12373,24349,27572,28283,55855,27871,26357,54228,22076,21242,43318,16603,15878,32481,10723,9408,20131,5986,6269,12255,2882,5310,8192,695,2505,3200,132188,133075,265263
2021-04-03,5827,5473,11300,12086,12476,24562,27754,28466,56220,28083,26559,54642,22259,21426,43685,16735,16000,32735,10797,9489,20286,6025,6308,12333,2895,5326,8221,698,2511,3209,133159,134034,267193
2021-04-04,5855,5495,11350,12203,12586,24789,27960,28684,56644,28283,26735,55018,22453,21581,44034,16856,16120,32976,10879,9561,20440,6056,6347,12403,2900,5338,8238,700,2514,3214,134145,134961,269106
2021-04-05,5895,5541,11436,12386,12765,25151,28299,29037,57336,28592,27085,55677,22686,21842,44528,17060,16329,33389,11003,9666,20669,6112,6409,12521,2914,5362,8276,700,2520,3220,135647,136556,272203
2021-04-06,5938,5579,11517,12540,12943,25483,28677,29370,58047,28912,27410,56322,22944,22098,45042,17252,16517,33769,11116,9766,20882,6160,6458,12618,2936,5376,8312,704,2526,3230,137179,138043,275222
2021-04-07,5980,5637,11617,12743,13143,25886,29071,29782,58853,29276,27688,56964,23213,22356,45569,17446,16696,34142,11217,9878,21095,6211,6504,12715,2954,5395,8349,707,2531,3238,138818,139610,278428
2021-04-08,6026,5689,11715,12928,13305,26233,29431,30150,59581,29581,28016,57597,23453,22620,46073,17649,16886,34535,11310,9970,21280,6264,6555,12819,2972,5419,8391,709,2534,3243,140323,141144,281467
2021-04-09,6088,5739,11827,13099,13459,26558,29736,30505,60241,29900,28329,58229,23704,22874,46578,17791,17064,34855,11392,10063,21455,6302,6598,12900,2990,5437,8427,713,2541,3254,141715,142609,284324
2021-04-10,6130,5770,11900,13247,13610,26857,29972,30800,60772,30132,28588,58720,23912,23082,46994,17927,17207,35134,11491,10154,21645,6348,6632,12980,3003,5458,8461,715,2546,3261,142877,143847,286724
2021-04-11,6159,5801,11960,13386,13788,27174,30143,30974,61117,30368,28815,59183,24100,23284,47384,18063,17340,35403,11591,10240,21831,6399,6686,13085,3013,5472,8485,717,2554,3271,143939,144954,288893
2021-04-12,6226,5846,12072,13566,13972,27538,30455,31276,61731,30713,29091,59804,24352,23559,47911,18272,17536,35808,11737,10366,22103,6476,6758,13234,3028,5497,8525,720,2559,3279,145545,146460,292005
2021-04-13,6274,5886,12160,13724,14121,27845,30742,31593,62335,31011,29375,60386,24618,23804,48422,18466,17730,36196,11866,10478,22344,6533,6820,13353,3050,5523,8573,725,2567,3292,147009,147897,294906
2021-04-14,6313,5952,12265,13896,14289,28185,31046,31923,62969,31307,29654,60961,24890,24087,48977,18689,17922,36611,11997,10622,22619,6605,6881,13486,3060,5544,8604,728,2577,3305,148531,149451,297982
2021-04-15,6362,5999,12361,14044,14422,28466,31309,32194,63503,31572,29934,61506,25129,24303,49432,18909,18093,37002,12116,10740,22856,6669,6943,13612,3074,5567,8641,731,2583,3314,149915,150778,300693
2021-04-16,6409,6042,12451,14200,14558,28758,31546,32490,64036,31881,30248,62129,25434,24583,50017,19119,18263,37382,12270,10870,23140,6732,7014,13746,3093,5590,8683,734,2590,3324,151418,152248,303666
2021-04-17,6447,6073,12520,14310,14690,29000,31770,32782,64552,32116,30515,62631,25673,24781,50454,19286,18423,37709,12387,10987,23374,6801,7087,13888,3103,5612,8715,737,2601,3338,152630,153551,306181
2021-04-18,6486,6114,12600,14412,14799,29211,31950,32976,64926,32351,30743,63094,25886,24974,50860,19470,18560,38030,12491,11086,23577,6854,7129,13983,3119,5631,8750,738,2608,3346,153757,154620,308377
2021-04-19,6533,6166,12699,14555,14943,29498,32259,33301,65560,32720,31076,63796,26178,25310,51488,19686,18764,38450,12655,11225,23880,6929,7193,14122,3135,5654,8789,739,2614,3353,155389,156246,311635
2021-04-20,6604,6226,12830,14701,15090,29791,32541,33609,66150,33053,31426,64479,26489,25601,52090,19914,18948,38862,12810,11359,24169,6988,7259,14247,3155,5690,8845,744,2618,3362,156999,157826,314825
2021-04-21,6649,6271,12920,14848,15242,30090,32812,33926,66738,33377,31736,65113,26791,25873,52664,20118,19145,39263,12954,11497,24451,7057,7326,14383,3184,5721,8905,747,2629,3376,158537,159366,317903
2021-04-22,6709,6328,13037,14991,15408,30399,33029,34156,67185,33668,32020,65688,27043,26112,53155,20297,19326,39623,13071,11614,24685,7118,7388,14506,3202,5746,8948,752,2639,3391,159880,160737,320617
2021-04-23,6770,6379,13149,15132,15564,30696,33288,34407,67695,33977,32311,66288,27300,26407,53707,20473,19513,39986,13188,11715,24903,7163,7459,14622,3218,5770,8988,755,2651,3406,161264,162176,323440
2021-04-24,6803,6412,13215,15230,15659,30889,33456,34590,68046,34169,32518,66687,27523,26622,54145,20636,19641,40277,13286,11790,25076,7197,7502,14699,3228,5797,9025,756,2662,3418,162284,163193,325477
2021-04-25,6847,6440,13287,15311,15747,31058,33604,34763,68367,34366,32713,67079,27707,26811,54518,20799,19773,40572,13368,11874,25242,7234,7543,14777,3239,5816,9055,757,2663,3420,163232,164143,327375
2021-04-26,6912,6480,13392,15408,15880,31288,33814,35012,68826,34668,32967,67635,27954,27072,55026,20994,19937,40931,13485,11982,25467,7282,7614,14896,3253,5841,9094,761,2669,3430,164531,165454,329985
2021-04-27,6968,6545,13513,15534,16013,31547,34027,35254,69281,34939,33254,68193,28169,27328,55497,21147,20110,41257,13602,12082,25684,7351,7680,15031,3278,5866,9144,766,2672,3438,165781,166804,332585
2021-04-28,7045,6591,13636,15682,16144,31826,34241,35461,69702,35203,33511,68714,28395,27579,55974,21320,20294,41614,13728,12190,25918,7411,7728,15139,3292,5889,9181,770,2680,3450,167087,168067,335154
2021-04-29,7090,6643,13733,15816,16285,32101,34474,35701,70175,35431,33789,69220,28618,27800,56418,21477,20453,41930,13836,12303,26139,7463,7787,15250,3308,5907,9215,772,2684,3456,168285,169352,337637
2021-04-30,7161,6703,13864,15937,16411,32348,34676,35952,70628,35666,34059,69725,28853,28022,56875,21648,20616,42264,13944,12438,26382,7520,7851,15371,3324,5925,9249,777,2692,3469,169506,170669,340175
2021-05-01,7203,6733,13936,16019,16488,32507,34818,36108,70926,35836,34241,70077,29004,28189,57193,21765,20729,42494,14043,12521,26564,7556,7893,15449,3331,5947,9278,777,2698,3475,170352,171547,341899
2021-05-02,7231,6763,13994,16099,16566,32665,34936,36258,71194,35985,34418,70403,29171,28355,57526,21884,20862,42746,14128,12603,26731,7593,7936,15529,3342,5965,9307,778,2703,3481,171147,172429,343576
2021-05-03,7301,6819,14120,16221,16707,32928,35166,36510,71676,36285,34712,70997,29432,28624,58056,22079,21068,43147,14270,12720,26990,7641,7997,15638,3368,5995,9363,784,2715,3499,172547,173867,346414
2021-05-04,7350,6886,14236,16341,16834,33175,35407,36719,72126,36549,34968,71517,29651,28832,58483,22259,21227,43486,14396,12814,27210,7684,8047,15731,3387,6017,9404,787,2726,3513,173811,175070,348881
2021-05-05,7401,6941,14342,16452,16940,33392,35624,36925,72549,36786,35203,71989,29841,29044,58885,22408,21396,43804,14490,12907,27397,7717,8099,15816,3402,6041,9443,792,2734,3526,174913,176230,351143
2021-05-06,7446,6989,14435,16537,17039,33576,35803,37142,72945,36987,35401,72388,30011,29226,59237,22551,21522,44073,14583,12993,27576,7757,8144,15901,3409,6063,9472,792,2745,3537,175876,177264,353140
2021-05-07,7489,7045,14534,16669,17157,33826,35976,37351,73327,37197,35617,72814,30185,29410,59595,22690,21670,44360,14681,13097,27778,7801,8186,15987,3428,6083,9511,795,2753,3548,176911,178369,355280
2021-05-08,7524,7067,14591,16742,17240,33982,36126,37496,73622,37366,35775,73141,30327,29593,59920,22811,21784,44595,14754,13163,27917,7837,8218,16055,3439,6102,9541,802,2765,3567,177728,179203,356931
2021-05-09,7557,7105,14662,16812,17314,34126,36249,37612,73861,37504,35942,73446,30467,29740,60207,22905,21869,44774,14829,13236,28065,7868,8249,16117,3449,6118,9567,806,2775,3581,178446,179960,358406
2021-05-10,7608,7165,14773,16957,17449,34406,36478,37873,74351,37776,36217,73993,30714,29987,60701,23103,22076,45179,14950,13362,28312,7932,8306,16238,3471,6158,9629,810,2784,3594,179799,181377,361176
2021-05-11,7669,7219,14888,17084,17550,34634,36683,38124,74807,38042,36477,74519,30956,30233,61189,23270,22239,45509,15051,13461,28512,7980,8350,16330,3482,6187,9669,819,2797,3616,181036,182637,363673
2021-05-12,7726,7279,15005,17185,17663,34848,36918,38347,75265,38305,36739,75044,31191,30454,61645,23439,22417,45856,15158,13550,28708,8028,8400,16428,3499,6219,9718,826,2808,3634,182275,183876,366151
2021-05-13,7794,7308,15102,17291,17771,35062,37106,38542,75648,38529,36960,75489,31392,30657,62049,23598,22596,46194,15235,13631,28866,8069,8446,16515,3513,6241,9754,831,2818,3649,183358,184970,368328
2021-05-14,7865,7369,15234,17421,17923,35344,37326,38797,76123,38795,37276,76071,31658,30903,62561,23783,22769,46552,15326,13748,29074,8125,8511,16636,3532,6263,9795,833,2826,3659,184664,186385,371049
2021-05-15,7928,7410,15338,17529,18053,35582,37496,38972,76468,38992,37469,76461,31860,31096,62956,23931,22914,46845,15412,13816,29228,8154,8557,16711,3548,6285,9833,833,2835,3668,185683,187407,373090
2021-05-16,7961,7455,15416,17606,18133,35739,37639,39141,76780,39184,37670,76854,32063,31297,63360,24075,23026,47101,15492,13889,29381,8193,8598,16791,3558,6297,9855,836,2847,3683,186607,188353,374960
2021-05-17,8049,7518,15567,17774,18309,36083,37937,39447,77384,39534,38003,77537,32380,31640,64020,24308,23281,47589,15628,14008,29636,8257,8673,16930,3592,6337,9929,843,2861,3704,188302,190077,378379
2021-05-18,8133,7591,15724,17942,18449,36391,38222,39761,77983,39884,38316,78200,32631,31922,64553,24523,23503,48026,15747,14126,29873,8321,8728,17049,3612,6369,9981,846,2882,3728,189861,191647,381508
2021-05-19,8210,7666,15876,18113,18613,36726,38525,40091,78616,40195,38628,78823,32950,32204,65154,24721,23694,48415,15875,14228,30103,8371,8795,17166,3633,6402,10035,848,2890,3738,191441,193211,384652
2021-05-20,8277,7724,16001,18264,18769,37033,38811,40416,79227,40496,38936,79432,33199,32474,65673,24904,23857,48761,15972,14335,30307,8433,8855,17288,3651,6448,10099,850,2897,3747,192857,194711,387568
2021-05-21,8342,7793,16135,18414,18914,37328,39053,40695,79748,40756,39230,79986,33458,32729,66187,25105,24056,49161,16066,14429,30495,8473,8903,17376,3672,6482,10154,854,2904,3758,194193,196135,390328
2021-05-22,8391,7824,16215,18496,19020,37516,39216,40868,80084,40992,39434,80426,33627,32906,66533,25251,24206,49457,16152,14506,30658,8502,8947,17449,3685,6516,10201,858,2921,3779,195170,197148,392318
2021-05-23,8419,7859,16278,18586,19134,37720,39396,41021,80417,41187,39637,80824,33822,33070,66892,25403,24338,49741,16239,14555,30794,8535,8984,17519,3705,6537,10242,860,2928,3788,196152,198063,394215
2021-05-24,8475,7891,16366,18706,19277,37983,39630,41255,80885,41474,39909,81383,34104,33355,67459,25598,24525,50123,16354,14640,30994,8572,9030,17602,3727,6566,10293,862,2938,3800,197502,199386,396888
2021-05-25,8523,7937,16460,18820,19378,38198,39843,41492,81335,41750,40169,81919,34378,33608,67986,25760,24692,50452,16445,14710,31155,8606,9076,17682,3744,6599,10343,862,2945,3807,198731,200606,399337
2021-05-26,8582,8008,16590,18969,19519,38488,40124,41792,81916,42083,40471,82554,34662,33898,68560,25977,24890,50867,16561,14828,31389,8663,9139,17802,3767,6640,10407,866,2962,3828,200254,202147,402401
2021-05-27,8654,8068,16722,19090,19662,38752,40375,42057,82432,42391,40767,83158,34933,34170,69103,26183,25077,51260,16669,14924,31593,8713,9189,17902,3788,6675,10463,870,2978,3848,201666,203567,405233
2021-05-28,8718,8121,16839,19249,19801,39050,40611,42318,82929,42638,41070,83708,35195,34408,69603,26372,25252,51624,16758,15027,31785,8752,9232,17984,3804,6717,10521,878,2987,3865,202975,204933,407908
2021-05-29,8772,8173,16945,19347,19901,39248,40770,42508,83278,42831,41266,84097,35362,34599,69961,26489,25396,51885,16837,15104,31941,8790,9276,18066,3823,6733,10556,879,2997,3876,203900,205953,409853
2021-05-30,8802,8202,17004,19425,19977,39402,40911,42667,83578,42978,41421,84399,35522,34761,70283,26574,25502,52076,16887,15152,32039,8813,9308,18121,3836,6753,10589,879,2998,3877,204627,206741,411368
2021-05-31,8860,8262,17122,19542,20106,39648,41122,42884,84006,43214,41681,84895,35715,35016,70731,26736,25669,52405,16973,15244,32217,8862,9363,18225,3857,6779,10636,880,3010,3890,205761,208014,413775
2021-06-01,8905,8314,17219,19641,20221,39862,41324,43090,84414,43437,41884,85321,35903,35230,71133,26883,25801,52684,17052,15318,32370,8898,9415,18313,3871,6808,10679,887,3020,3907,206801,209101,415902
2021-06-02,8946,8356,17302,19742,20306,40048,41471,43263,84734,43616,42073,85689,36055,35398,71453,26999,25916,52915,17122,15389,32511,8936,9460,18396,3887,6836,10723,893,3029,3922,207667,210026,417693
2021-06-03,8997,8402,17399,19843,20413,40256,41649,43446,85095,43799,42267,86066,36209,35558,71767,27109,26050,53159,17183,15447,32630,8975,9502,18477,3898,6861,10759,896,3040,3936,208558,210986,419544
2021-06-04,9053,8459,17512,19939,20532,40471,41812,43624,85436,44000,42449,86449,36368,35715,72083,27219,26191,53410,17238,15514,32752,9009,9540,18549,3908,6886,10794,898,3048,3946,209444,211958,421402
2021-06-05,9089,8498,17587,20006,20604,40610,41932,43733,85665,44146,42577,86723,36500,35851,72351,27318,26278,53596,17293,15560,32853,9031,9573,18604,3923,6919,10842,905,3064,3969,210143,212657,422800
2021-06-06,9129,8531,17660,20071,20664,40735,42033,43851,85884,44271,42700,86971,36646,35976,72622,27392,26361,53753,17333,15602,32935,9058,9599,18657,3932,6941,10873,909,3071,3980,210774,213296,424070
2021-06-07,9171,8573,17744,20175,20761,40936,42222,44032,86254,44456,42915,87371,36828,36174,73002,27528,26505,54033,17406,15654,33060,9094,9650,18744,3962,6964,10926,912,3082,3994,211754,214310,426064
2021-06-08,9218,8626,17844,20289,20845,41134,42391,44167,86558,44597,43094,87691,36984,36343,73327,27651,26615,54266,17459,15716,33175,9127,9686,18813,3976,6988,10964,915,3089,4004,212607,215169,427776
2021-06-09,9265,8664,17929,20382,20946,41328,42543,44312,86855,44770,43253,88023,37150,36485,73635,27771,26726,54497,17517,15764,33281,9164,9708,18872,4004,7005,11009,916,3095,4011,213482,215958,429440
2021-06-10,9312,8716,18028,20480,21064,41544,42722,44497,87219,44949,43426,88375,37329,36657,73986,27889,26841,54730,17578,15820,33398,9197,9743,18940,4018,7024,11042,920,3104,4024,214394,216892,431286
2021-06-11,9361,8755,18116,20569,21149,41718,42890,44645,87535,45109,43591,88700,37460,36826,74286,27994,26948,54942,17639,15881,33520,9227,9778,19005,4032,7053,11085,924,3113,4037,215205,217739,432944
2021-06-12,9398,8787,18185,20624,21211,41835,42977,44743,87720,45213,43704,88917,37564,36929,74493,28064,27010,55074,17670,15918,33588,9251,9799,19050,4039,7063,11102,926,3122,4048,215726,218286,434012
2021-06-13,9439,8827,18266,20673,21284,41957,43078,44847,87925,45311,43824,89135,37672,37025,74697,28138,27075,55213,17708,15958,33666,9273,9823,19096,4051,7086,11137,927,3130,4057,216270,218879,435149
2021-06-14,9491,8881,18372,20759,21388,42147,43245,45009,88254,45511,44056,89567,37857,37169,75026,28242,27158,55400,17765,16029,33794,9303,9866,19169,4063,7117,11180,930,3136,4066,217166,219809,436975
2021-06-15,9535,8913,18448,20851,21466,42317,43379,45155,88534,45670,44192,89862,37989,37322,75311,28336,27252,55588,17823,16078,33901,9335,9907,19242,4076,7143,11219,934,3153,4087,217928,220581,438509
2021-06-16,9576,8954,18530,20913,21547,42460,43515,45291,88806,45807,44347,90154,38131,37452,75583,28416,27328,55744,17871,16129,34000,9364,9923,19287,4083,7152,11235,939,3158,4097,218615,221281,439896
2021-06-17,9608,8986,18594,20998,21623,42621,43628,45406,89034,45951,44490,90441,38258,37605,75863,28498,27406,55904,17926,16189,34115,9402,9962,19364,4098,7180,11278,941,3165,4106,219308,222012,441320
2021-06-18,9644,9028,18672,21068,21696,42764,43739,45533,89272,46085,44613,90698,38358,37717,76075,28575,27481,56056,17966,16233,34199,9428,9996,19424,4101,7198,11299,944,3169,4113,219908,222664,442572
2021-06-19,9680,9061,18741,21117,21750,42867,43807,45605,89412,46186,44715,90901,38432,37807,76239,28637,27535,56172,17996,16266,34262,9451,10023,19474,4108,7209,11317,945,3170,4115,220359,223141,443500
2021-06-20,9699,9077,18776,21167,21797,42964,43870,45683,89553,46279,44803,91082,38507,37885,76392,28696,27583,56279,18016,16289,34305,9461,10035,19496,4114,7217,11331,948,3172,4120,220757,223541,444298
2021-06-21,9732,9110,18842,21230,21852,43082,43963,45771,89734,46386,44952,91338,38611,37974,76585,28748,27652,56400,18056,16322,34378,9480,10056,19536,4118,7228,11346,949,3177,4126,221273,224094,445367
2021-06-22,9783,9165,18948,21324,21945,43269,44089,45935,90024,46563,45142,91705,38772,38139,76911,28839,27734,56573,18117,16378,34495,9510,10086,19596,4130,7241,11371,949,3181,4130,222076,224946,447022
2021-06-23,9832,9206,19038,21407,22028,43435,44225,46059,90284,46691,45286,91977,38915,38263,77178,28922,27810,56732,18173,16415,34588,9535,10110,19645,4138,7249,11387,949,3184,4133,222787,225610,448397
2021-06-24,9878,9241,19119,21484,22112,43596,44352,46210,90562,46864,45457,92321,39044,38406,77450,29012,27907,56919,18217,16463,34680,9560,10151,19711,4147,7264,11411,954,3188,4142,223512,226399,449911
2021-06-25,9927,9291,19218,21589,22201,43790,44473,46388,90861,47034,45624,92658,39165,38544,77709,29099,27991,57090,18269,16528,34797,9581,10189,19770,4154,7284,11438,956,3194,4150,224247,227234,451481
2021-06-26,9959,9325,19284,21657,22262,43919,44555,46486,91041,47153,45716,92869,39264,38639,77903,29156,28063,57219,18303,16554,34857,9602,10208,19810,4160,7297,11457,957,3201,4158,224766,227751,452517
2021-06-27,9986,9354,19340,21705,22321,44026,44631,46568,91199,47242,45805,93047,39351,38725,78076,29197,28103,57300,18334,16583,34917,9613,10225,19838,4162,7305,11467,958,3204,4162,225179,228193,453372
2021-06-28,10031,9403,19434,21775,22397,44172,44740,46680,91420,47371,45953,93324,39473,38851,78324,29253,28167,57420,18388,16619,35007,9636,10246,19882,4169,7318,11487,958,3210,4168,225794,228844,454638
2021-06-29,10063,9447,19510,21850,22463,44313,44836,46787,91623,47503,46069,93572,39570,38973,78543,29314,28226,57540,18423,16665,35088,9659,10273,19932,4177,7332,11509,960,3216,4176,226355,229451,455806
2021-06-30,10097,9489,19586,21939,22536,44475,44936,46907,91843,47630,46190,93820,39656,39088,78744,29377,28284,57661,18453,16702,35155,9682,10305,19987,4186,7343,11529,962,3218,4180,226918,230062,456980
2021-07-01,10128,9514,19642,22019,22610,44629,45049,47035,92084,47747,46310,94057,39750,39186,78936,29447,28366,57813,18492,16744,35236,9704,10325,20029,4192,7353,11545,962,3221,4183,227490,230664,458154
2021-07-02,10169,9550,19719,22096,22682,44778,45138,47136,92274,47869,46439,94308,39866,39283,79149,29509,28424,57933,18523,16781,35304,9724,10351,20075,4197,7361,11558,962,3225,4187,228053,231232,459285
2021-07-03,10200,9573,19773,22147,22733,44880,45206,47221,92427,47949,46523,94472,39955,39346,79301,29551,28473,58024,18554,16812,35366,9735,10364,20099,4202,7367,11569,962,3228,4190,228461,231640,460101
2021-07-04,10224,9586,19810,22177,22779,44956,45288,47273,92561,48031,46586,94617,40017,39403,79420,29592,28519,58111,18578,16833,35411,9753,10378,20131,4207,7372,11579,962,3232,4194,228829,231961,460790
2021-07-05,10267,9616,19883,22246,22852,45098,45396,47375,92771,48181,46705,94886,40125,39510,79635,29652,28585,58237,18620,16875,35495,9782,10405,20187,4214,7381,11595,965,3234,4199,229448,232538,461986
2021-07-06,10307,9654,19961,22312,22901,45213,45498,47487,92985,48303,46810,95113,40229,39614,79843,29706,28621,58327,18656,16913,35569,9810,10426,20236,4222,7391,11613,969,3235,4204,230012,233052,463064
2021-07-07,10345,9687,20032,22374,22969,45343,45606,47584,93190,48415,46918,95333,40315,39702,80017,29757,28668,58425,18681,16938,35619,9829,10448,20277,4236,7396,11632,970,3235,4205,230528,233545,464073
2021-07-08,10382,9719,20101,22450,23039,45489,45726,47706,93432,48541,47058,95599,40423,39793,80216,29806,28747,58553,18715,16969,35684,9846,10466,20312,4239,7403,11642,972,3238,4210,231100,234138,465238
2021-07-09,10411,9738,20149,22513,23092,45605,45811,47793,93604,48623,47140,95763,40493,39871,80364,29841,28794,58635,18735,16992,35727,9860,10480,20340,4241,7407,11648,973,3239,4212,231501,234546,466047
2021-07-10,10437,9758,20195,22557,23143,45700,45890,47882,93772,48697,47224,95921,40577,39951,80528,29889,28848,58737,18761,17023,35784,9885,10506,20391,4244,7417,11661,975,3241,4216,231912,234993,466905
2021-07-11,10453,9783,20236,22607,23189,45796,45947,47958,93905,48780,47306,96086,40641,40017,80658,29927,28880,58807,18785,17045,35830,9895,10519,20414,4246,7421,11667,975,3241,4216,232256,235359,467615
2021-07-12,10488,9816,20304,22668,23251,45919,46056,48074,94130,48900,47423,96323,40740,40118,80858,29994,28948,58942,18824,17078,35902,9927,10545,20472,4251,7430,11681,975,3243,4218,232823,235926,468749
2021-07-13,10519,9854,20373,22732,23307,46039,46159,48176,94335,48980,47518,96498,40818,40207,81025,30046,28986,59032,18857,17103,35960,9944,10565,20509,4259,7441,11700,976,3250,4226,233290,236407,469697
2021-07-14,10551,9876,20427,22797,23366,46163,46273,48292,94565,49071,47622,96693,40888,40290,81178,30097,29042,59139,18888,17134,36022,9965,10580,20545,4260,7451,11711,976,3254,4230,233766,236907,470673
2021-07-15,10577,9896,20473,22870,23435,46305,46393,48408,94801,49176,47712,96888,40971,40372,81343,30140,29092,59232,18916,17168,36084,9978,10600,20578,4264,7454,11718,977,3256,4233,234262,237393,471655
2021-07-16,10613,9917,20530,22930,23492,46422,46489,48512,95001,49273,47820,97093,41039,40454,81493,30174,29146,59320,18949,17203,36152,10000,10630,20630,4266,7468,11734,978,3257,4235,234711,237899,472610
2021-07-17,10644,9933,20577,22978,23541,46519,46576,48584,95160,49345,47890,97235,41087,40524,81611,30217,29182,59399,18966,17221,36187,10013,10647,20660,4272,7469,11741,979,3258,4237,235077,238249,473326
2021-07-18,10655,9946,20601,23012,23579,46591,46635,48641,95276,49393,47950,97343,41135,40566,81701,30234,29210,59444,18983,17234,36217,10021,10657,20678,4281,7475,11756,979,3258,4237,235328,238516,473844
2021-07-19,10672,9971,20643,23068,23630,46698,46728,48744,95472,49488,48038,97526,41214,40644,81858,30279,29256,59535,19007,17258,36265,10032,10676,20708,4285,7481,11766,981,3261,4242,235754,238959,474713
2021-07-20,10695,10001,20696,23116,23668,46784,46796,48839,95635,49565,48119,97684,41284,40705,81989,30317,29293,59610,19031,17277,36308,10044,10686,20730,4289,7487,11776,981,3262,4243,236118,239337,475455
2021-07-21,10722,10017,20739,23163,23735,46898,46883,48921,95804,49641,48190,97831,41330,40785,82115,30364,29339,59703,19054,17300,36354,10054,10701,20755,4292,7490,11782,983,3262,4245,236486,239740,476226
2021-07-22,10738,10034,20772,23220,23789,47009,46972,48998,95970,49722,48282,98004,41394,40844,82238,30400,29388,59788,19101,17318,36419,10071,10712,20783,4295,7497,11792,985,3262,4247,236898,240124,477022
2021-07-23,10754,10052,20806,23280,23851,47131,47073,49091,96164,49802,48360,98162,41458,40913,82371,30439,29422,59861,19131,17349,36480,10082,10729,20811,4297,7505,11802,986,3263,4249,237302,240535,477837
2021-07-24,10767,10061,20828,23324,23898,47222,47140,49147,96287,49862,48421,98283,41507,40969,82476,30466,29459,59925,19156,17366,36522,10093,10736,20829,4299,7508,11807,986,3264,4250,237600,240829,478429
2021-07-25,10775,10073,20848,23359,23940,47299,47195,49211,96406,49923,48476,98399,41549,41011,82560,30492,29487,59979,19177,17373,36550,10105,10747,20852,4301,7514,11815,986,3267,4253,237862,241099,478961
2021-07-26,10797,10090,20887,23419,24001,47420,47305,49325,96630,50017,48557,98574,41610,41084,82694,30537,29534,60071,19204,17400,36604,10125,10767,20892,4306,7524,11830,986,3268,4254,238306,241550,479856
2021-07-27,10817,10102,20919,23465,24054,47519,47386,49427,96813,50101,48640,98741,41672,41139,82811,30575,29574,60149,19227,17418,36645,10135,10780,20915,4307,7528,11835,987,3269,4256,238672,241931,480603
2021-07-28,10830,10120,20950,23514,24104,47618,47444,49506,96950,50164,48710,98874,41718,41195,82913,30602,29605,60207,19243,17442,36685,10145,10791,20936,4309,7530,11839,987,3271,4258,238956,242274,481230
2021-07-29,10857,10132,20989,23563,24145,47708,47528,49578,97106,50226,48787,99013,41759,41253,83012,30633,29641,60274,19264,17464,36728,10152,10800,20952,4313,7538,11851,989,3273,4262,239284,242611,481895
2021-07-30,10883,10150,21033,23617,24206,47823,47600,49655,97255,50281,48863,99144,41821,41317,83138,30675,29675,60350,19291,17494,36785,10161,10816,20977,4316,7550,11866,991,3275,4266,239636,243001,482637
2021-07-31,10897,10173,21070,23652,24251,47903,47654,49709,97363,50319,48932,99251,41864,41359,83223,30715,29712,60427,19304,17507,36811,10177,10824,21001,4317,7553,11870,991,3276,4267,239890,243296,483186
2021-08-01,10914,10186,21100,23684,24289,47973,47694,49753,97447,50370,48986,99356,41914,41416,83330,30745,29750,60495,19326,17522,36848,10185,10834,21019,4321,7558,11879,992,3276,4268,240145,243570,483715
2021-08-02,10941,10211,21152,23763,24374,48137,47775,49843,97618,50432,49055,99487,41980,41501,83481,30805,29800,60605,19354,17549,36903,10197,10857,21054,4323,7564,11887,993,3279,4272,240563,244033,484596
2021-08-03,10959,10226,21185,23826,24456,48282,47865,49904,97769,50505,49121,99626,42052,41570,83622,30842,29835,60677,19378,17572,36950,10212,10878,21090,4327,7567,11894,993,3281,4274,240959,244410,485369
2021-08-04,10985,10237,21222,23875,24503,48378,47954,49980,97934,50565,49198,99763,42092,41627,83719,30881,29876,60757,19393,17593,36986,10230,10890,21120,4333,7569,11902,995,3282,4277,241303,244755,486058
2021-08-05,11004,10252,21256,23942,24585,48527,48032,50063,98095,50640,49266,99906,42145,41682,83827,30928,29917,60845,19416,17613,37029,10238,10908,21146,4338,7576,11914,998,3287,4285,241681,245149,486830
2021-08-06,11020,10280,21300,24002,24666,48668,48098,50156,98254,50711,49328,100039,42207,41753,83960,30970,29964,60934,19444,17637,37081,10255,10923,21178,4341,7581,11922,998,3287,4285,242046,245575,487621
2021-08-07,11035,10295,21330,24038,24701,48739,48139,50217,98356,50752,49372,100124,42244,41796,84040,31000,29989,60989,19454,17659,37113,10263,10930,21193,4341,7584,11925,999,3287,4286,242265,245830,488095
2021-08-08,11046,10318,21364,24067,24736,48803,48183,50258,98441,50794,49418,100212,42284,41835,84119,31022,30017,61039,19467,17675,37142,10267,10939,21206,4341,7585,11926,999,3287,4286,242470,246068,488538
2021-08-09,11059,10345,21404,24115,24787,48902,48245,50319,98564,50851,49465,100316,42321,41875,84196,31064,30047,61111,19487,17693,37180,10276,10953,21229,4343,7588,11931,999,3287,4286,242760,246359,489119
2021-08-10,11089,10366,21455,24163,24850,49013,48301,50375,98676,50898,49527,100425,42357,41919,84276,31100,30078,61178,19509,17723,37232,10286,10962,21248,4347,7590,11937,999,3288,4287,243049,246678,489727
2021-08-11,11110,10387,21497,24211,24909,49120,48368,50441,98809,50943,49577,100520,42393,41960,84353,31124,30132,61256,19527,17741,37268,10299,10973,21272,4348,7596,11944,999,3289,4288,243322,247005,490327
2021-08-12,11131,10407,21538,24266,24971,49237,48424,50488,98912,50992,49631,100623,42434,41993,84427,31146,30156,61302,19539,17764,37303,10307,10990,21297,4350,7604,11954,999,3289,4288,243588,247293,490881
2021-08-13,11151,10437,21588,24319,25023,49342,48466,50528,98994,51037,49677,100714,42473,42036,84509,31168,30183,61351,19553,17778,37331,10311,10998,21309,4353,7612,11965,1000,3292,4292,243831,247564,491395
2021-08-14,11165,10449,21614,24354,25057,49411,48491,50560,99051,51080,49728,100808,42489,42063,84552,31193,30204,61397,19569,17785,37354,10321,11005,21326,4354,7614,11968,1000,3292,4292,244016,247757,491773
2021-08-15,11180,10458,21638,24376,25090,49466,48509,50593,99102,51112,49756,100868,42514,42086,84600,31221,30224,61445,19579,17791,37370,10331,11008,21339,4354,7615,11969,1001,3292,4293,244177,247913,492090
2021-08-16,11199,10468,21667,24412,25126,49538,48539,50633,99172,51140,49795,100935,42547,42122,84669,31241,30239,61480,19584,17804,37388,10333,11015,21348,4357,7617,11974,1001,3292,4293,244353,248111,492464
2021-08-17,11218,10483,21701,24480,25174,49654,48594,50681,99275,51185,49838,101023,42604,42170,84774,31260,30257,61517,19600,17820,37420,10340,11027,21367,4361,7623,11984,1001,3293,4294,244643,248366,493009
2021-08-18,11243,10504,21747,24538,25213,49751,48647,50723,99370,51233,49892,101125,42633,42212,84845,31291,30284,61575,19619,17838,37457,10346,11037,21383,4362,7626,11988,1001,3293,4294,244913,248622,493535
2021-08-19,11264,10518,21782,24594,25260,49854,48692,50757,99449,51272,49930,101202,42663,42254,84917,31305,30309,61614,19638,17851,37489,10351,11042,21393,4363,7630,11993,1001,3293,4294,245143,248844,493987
2021-08-20,11294,10539,21833,24638,25316,49954,48729,50795,99524,51307,49977,101284,42693,42307,85000,31329,30330,61659,19655,17873,37528,10362,11055,21417,4366,7639,12005,1002,3294,4296,245375,249125,494500
2021-08-21,11301,10548,21849,24671,25344,50015,48755,50831,99586,51332,50007,101339,42718,42342,85060,31346,30350,61696,19660,17877,37537,10366,11062,21428,4367,7641,12008,1002,3295,4297,245518,249297,494815
2021-08-22,11317,10566,21883,24692,25370,50062,48782,50856,99638,51354,50030,101384,42741,42370,85111,31358,30367,61725,19668,17882,37550,10372,11067,21439,4369,7644,12013,1002,3298,4300,245655,249450,495105
2021-08-23,11334,10582,21916,24724,25401,50125,48814,50887,99701,51397,50065,101462,42767,42403,85170,31377,30382,61759,19678,17896,37574,10382,11069,21451,4370,7646,12016,1004,3298,4302,245847,249629,495476
2021-08-24,11349,10599,21948,24765,25433,50198,48842,50918,99760,51428,50107,101535,42793,42431,85224,31394,30403,61797,19686,17903,37589,10390,11078,21468,4373,7649,12022,1004,3300,4304,246024,249821,495845
2021-08-25,11362,10614,21976,24807,25459,50266,48876,50943,99819,51453,50136,101589,42818,42476,85294,31410,30428,61838,19693,17910,37603,10393,11086,21479,4374,7653,12027,1005,3300,4305,246191,250005,496196
2021-08-26,11379,10636,22015,24845,25490,50335,48906,50989,99895,51478,50169,101647,42845,42499,85344,31424,30441,61865,19709,17913,37622,10399,11089,21488,4376,7658,12034,1006,3301,4307,246367,250185,496552
2021-08-27,11395,10651,22046,24889,25529,50418,48940,51021,99961,51501,50193,101694,42867,42527,85394,31439,30456,61895,19716,17920,37636,10400,11096,21496,4376,7668,12044,1007,3303,4310,246530,250364,496894
2021-08-28,11406,10660,22066,24911,25553,50464,48961,51049,100010,51516,50211,101727,42885,42545,85430,31456,30472,61928,19726,17926,37652,10406,11096,21502,4377,7668,12045,1007,3303,4310,246651,250483,497134
2021-08-29,11413,10674,22087,24944,25581,50525,48984,51072,100056,51542,50232,101774,42900,42561,85461,31465,30483,61948,19727,17932,37659,10407,11101,21508,4377,7668,12045,1007,3303,4310,246766,250607,497373
2021-08-30,11425,10689,22114,24974,25628,50602,49016,51102,100118,51567,50259,101826,42920,42597,85517,31477,30496,61973,19732,17943,37675,10412,11104,21516,4377,7670,12047,1007,3306,4313,246907,250794,497701
2021-08-31,11436,10698,22134,25015,25655,50670,49038,51134,100172,51602,50278,101880,42945,42631,85576,31489,30513,62002,19745,17950,37695,10416,11113,21529,4381,7673,12054,1007,3308,4315,247074,250953,498027
2021-09-01,11450,10717,22167,25056,25684,50740,49062,51165,100227,51628,50305,101933,42966,42664,85630,31502,30531,62033,19746,17961,37707,10421,11119,21540,4381,7676,12057,1007,3310,4317,247219,251132,498351
2021-09-02,11459,10732,22191,25081,25720,50801,49088,51195,100283,51654,50330,101984,42990,42689,85679,31517,30543,62060,19751,17966,37717,10423,11124,21547,4382,7681,12063,1007,3310,4317,247352,251290,498642
2021-09-03,11473,10752,22225,25118,25751,50869,49112,51217,100329,51672,50357,102029,43011,42720,85731,31533,30561,62094,19764,17975,37739,10430,11132,21562,4383,7684,12067,1007,3313,4320,247503,251462,498965
2021-09-04,11479,10761,22240,25131,25763,50894,49121,51232,100353,51688,50368,102056,43017,42736,85753,31536,30573,62109,19767,17977,37744,10432,11136,21568,4384,7689,12073,1007,3313,4320,247562,251548,499110
2021-09-05,11494,10776,22270,25153,25775,50928,49130,51243,100373,51704,50381,102085,43036,42747,85783,31542,30580,62122,19771,17979,37750,10433,11139,21572,4386,7690,12076,1007,3313,4320,247656,251623,499279
2021-09-06,11512,10788,22300,25176,25796,50972,49149,51262,100411,51729,50405,102134,43063,42766,85829,31552,30594,62146,19777,17985,37762,10438,11141,21579,4386,7691,12077,1007,3313,4320,247789,251741,499530
2021-09-07,11524,10801,22325,25193,25817,51010,49163,51283,100446,51751,50430,102181,43082,42779,85861,31560,30603,62163,19786,17989,37775,10439,11144,21583,4388,7693,12081,1007,3313,4320,247893,251852,499745
2021-09-08,11541,10815,22356,25215,25837,51052,49174,51301,100475,51767,50449,102216,43099,42797,85896,31569,30606,62175,19791,17991,37782,10442,11149,21591,4388,7694,12082,1007,3314,4321,247993,251953,499946
2021-09-09,11553,10825,22378,25234,25853,51087,49187,51320,100507,51787,50467,102254,43114,42815,85929,31584,30620,62204,19795,17993,37788,10444,11154,21598,4389,7695,12084,1007,3314,4321,248094,252056,500150
2021-09-10,11574,10839,22413,25253,25875,51128,49200,51332,100532,51820,50492,102312,43136,42834,85970,31595,30634,62229,19800,17997,37797,10446,11156,21602,4390,7696,12086,1007,3314,4321,248221,252169,500390
2021-09-11,11582,10846,22428,25267,25886,51153,49214,51341,100555,51833,50509,102342,43149,42852,86001,31602,30641,62243,19806,18001,37807,10446,11157,21603,4390,7696,12086,1007,3314,4321,248296,252243,500539
2021-09-12,11590,10860,22450,25279,25904,51183,49223,51352,100575,51843,50521,102364,43159,42863,86022,31605,30650,62255,19810,18003,37813,10446,11158,21604,4393,7697,12090,1007,3314,4321,248355,252322,500677
2021-09-13,11613,10876,22489,25303,25921,51224,49237,51368,100605,51860,50538,102398,43174,42881,86055,31612,30660,62272,19814,18012,37826,10450,11161,21611,4394,7701,12095,1007,3315,4322,248464,252433,500897
2021-09-14,11628,10889,22517,25319,25943,51262,49247,51380,100627,51874,50554,102428,43190,42899,86089,31621,30670,62291,19817,18014,37831,10456,11168,21624,4394,7701,12095,1007,3315,4322,248553,252533,501086
2021-09-15,11638,10907,22545,25338,25964,51302,49260,51384,100644,51891,50569,102460,43204,42920,86124,31627,30679,62306,19822,18019,37841,10460,11175,21635,4394,7701,12095,1007,3315,4322,248641,252633,501274
2021-09-16,11653,10922,22575,25360,25987,51347,49274,51395,100669,51905,50582,102487,43214,42936,86150,31632,30686,62318,19827,18023,37850,10464,11179,21643,4396,7701,12097,1007,3315,4322,248732,252726,501458
2021-09-17,11665,10937,22602,25371,26001,51372,49288,51407,100695,51919,50601,102520,43231,42954,86185,31642,30700,62342,19829,18028,37857,10469,11183,21652,4397,7701,12098,1007,3315,4322,248818,252827,501645
2021-09-18,11677,10945,22622,25380,26008,51388,49294,51413,100707,51925,50611,102536,43239,42963,86202,31648,30703,62351,19832,18029,37861,10469,11185,21654,4398,7701,12099,1007,3316,4323,248869,252874,501743
2021-09-19,11691,10951,22642,25385,26016,51401,49298,51421,100719,51932,50617,102549,43248,42975,86223,31651,30708,62359,19834,18031,37865,10472,11186,21658,4398,7702,12100,1007,3316,4323,248916,252923,501839
2021-09-20,11699,10960,22659,25405,26023,51428,49305,51428,100733,51940,50629,102569,43258,42986,86244,31657,30717,62374,19841,18036,37877,10472,11186,21658,4399,7703,12102,1007,3316,4323,248983,252984,501967
2021-09-21,11707,10969,22676,25422,26036,51458,49312,51436,100748,51959,50643,102602,43271,42996,86267,31663,30723,62386,19845,18038,37883,10476,11188,21664,4399,7705,12104,1007,3316,4323,249061,253050,502111
2021-09-22,11719,10975,22694,25434,26047,51481,49322,51442,100764,51973,50654,102627,43283,43011,86294,31665,30730,62395,19849,18039,37888,10478,11190,21668,4399,7706,12105,1007,3316,4323,249129,253110,502239
2021-09-23,11725,10979,22704,25446,26059,51505,49330,51455,100785,51986,50675,102661,43292,43019,86311,31676,30736,62412,19856,18047,37903,10478,11195,21673,4400,7709,12109,1007,3316,4323,249196,253190,502386
2021-09-24,11737,10987,22724,25459,26069,51528,49338,51465,100803,52003,50695,102698,43306,43031,86337,31686,30747,62433,19860,18050,37910,10479,11200,21679,4402,7710,12112,1008,3316,4324,249278,253270,502548
2021-09-25,11744,10994,22738,25470,26081,51551,49342,51472,100814,52009,50700,102709,43310,43045,86355,31690,30753,62443,19861,18053,37914,10482,11202,21684,4403,7710,12113,1008,3316,4324,249319,253326,502645
2021-09-26,11753,10998,22751,25478,26089,51567,49346,51479,100825,52013,50707,102720,43316,43056,86372,31693,30757,62450,19862,18053,37915,10482,11204,21686,4403,7710,12113,1008,3317,4325,249354,253370,502724
2021-09-27,11758,11002,22760,25490,26108,51598,49353,51491,100844,52031,50723,102754,43323,43063,86386,31698,30761,62459,19864,18060,37924,10482,11204,21686,4403,7711,12114,1008,3317,4325,249410,253440,502850
2021-09-28,11769,11008,22777,25503,26117,51620,49357,51502,100859,52040,50737,102777,43330,43073,86403,31703,30764,62467,19868,18062,37930,10483,11204,21687,4403,7713,12116,1008,3317,4325,249464,253497,502961
2021-09-29,11770,11012,22782,25513,26133,51646,49365,51510,100875,52052,50750,102802,43337,43087,86424,31708,30769,62477,19871,18064,37935,10485,11205,21690,4404,7714,12118,1008,3317,4325,249513,253561,503074
2021-09-30,11772,11016,22788,25525,26140,51665,49373,51519,100892,52059,50762,102821,43345,43093,86438,31713,30770,62483,19873,18066,37939,10487,11206,21693,4404,7715,12119,1008,3317,4325,249559,253604,503163
2021-10-01,11779,11022,22801,25536,26155,51691,49384,51529,100913,52069,50775,102844,43355,43109,86464,31717,30779,62496,19876,18073,37949,10489,11211,21700,4404,7716,12120,1008,3317,4325,249617,253686,503303
2021-10-02,11786,11025,22811,25542,26160,51702,49387,51540,100927,52075,50786,102861,43360,43120,86480,31721,30781,62502,19877,18075,37952,10489,11214,21703,4404,7717,12121,1008,3317,4325,249649,253735,503384
2021-10-03,11787,11026,22813,25543,26168,51711,49396,51545,100941,52085,50800,102885,43363,43128,86491,31724,30783,62507,19878,18076,37954,10489,11214,21703,4404,7717,12121,1008,3317,4325,249677,253774,503451
2021-10-04,11792,11030,22822,25552,26177,51729,49402,51555,100957,52094,50813,102907,43379,43137,86516,31726,30790,62516,19882,18077,37959,10490,11216,21706,4404,7719,12123,1008,3317,4325,249729,253831,503560
2021-10-05,11797,11032,22829,25569,26194,51763,49409,51566,100975,52108,50825,102933,43386,43151,86537,31737,30796,62533,19887,18081,37968,10491,11218,21709,4404,7719,12123,1008,3317,4325,249796,253899,503695
2021-10-06,11802,11039,22841,25587,26222,51809,49418,51572,100990,52120,50843,102963,43399,43163,86562,31742,30802,62544,19891,18086,37977,10496,11222,21718,4404,7722,12126,1008,3317,4325,249867,253988,503855
2021-10-07,11809,11044,22853,25596,26228,51824,49429,51579,101008,52131,50854,102985,43405,43177,86582,31747,30810,62557,19896,18089,37985,10498,11224,21722,4404,7722,12126,1008,3317,4325,249923,254044,503967
2021-10-08,11814,11049,22863,25606,26236,51842,49440,51589,101029,52144,50856,103000,43408,43182,86590,31749,30811,62560,19896,18091,37987,10499,11225,21724,4405,7722,12127,1008,3317,4325,249969,254078,504047
2021-10-09,11816,11049,22865,25608,26240,51848,49444,51594,101038,52149,50862,103011,43416,43193,86609,31753,30816,62569,19899,18094,37993,10500,11226,21726,4406,7724,12130,1009,3317,4326,250000,254115,504115
2021-10-10,11829,11051,22880,25617,26246,51863,49449,51598,101047,52156,50874,103030,43424,43200,86624,31758,30824,62582,19902,18095,37997,10501,11229,21730,4406,7724,12130,1009,3318,4327,250051,254159,504210
2021-10-11,11834,11054,22888,25627,26260,51887,49459,51612,101071,52163,50880,103043,43428,43213,86641,31770,30828,62598,19905,18097,38002,10501,11229,21730,4406,7726,12132,1010,3318,4328,250103,254217,504320
2021-10-12,11844,11066,22910,25642,26276,51918,49471,51629,101100,52178,50907,103085,43444,43232,86676,31781,30835,62616,19909,18101,38010,10509,11231,21740,4408,7726,12134,1010,3318,4328,250196,254321,504517
2021-10-13,11850,11077,22927,25657,26292,51949,49488,51646,101134,52191,50926,103117,43462,43242,86704,31785,30841,62626,19914,18104,38018,10511,11234,21745,4408,7726,12134,1010,3318,4328,250276,254406,504682
2021-10-14,11857,11082,22939,25675,26308,51983,49507,51663,101170,52210,50951,103161,43479,43259,86738,31798,30849,62647,19923,18115,38038,10513,11244,21757,4408,7727,12135,1010,3318,4328,250380,254516,504896
2021-10-15,11862,11084,22946,25687,26318,52005,49515,51678,101193,52228,50976,103204,43492,43276,86768,31808,30855,62663,19925,18121,38046,10516,11246,21762,4408,7728,12136,1010,3318,4328,250451,254600,505051
2021-10-16,11867,11089,22956,25696,26328,52024,49528,51691,101219,52237,50993,103230,43501,43287,86788,31812,30860,62672,19926,18124,38050,10518,11246,21764,4410,7728,12138,1010,3318,4328,250505,254664,505169
2021-10-17,11872,11092,22964,25701,26335,52036,49535,51695,101230,52246,51001,103247,43510,43292,86802,31816,30862,62678,19928,18126,38054,10520,11246,21766,4411,7729,12140,1010,3318,4328,250549,254696,505245
2021-10-18,11881,11100,22981,25725,26347,52072,49543,51703,101246,52258,51015,103273,43520,43304,86824,31821,30869,62690,19932,18136,38068,10522,11246,21768,4412,7729,12141,1010,3318,4328,250624,254767,505391
2021-10-19,11888,11110,22998,25741,26369,52110,49561,51710,101271,52265,51025,103290,43529,43316,86845,31828,30877,62705,19937,18149,38086,10524,11249,21773,4413,7732,12145,1011,3318,4329,250697,254855,505552
2021-10-20,11895,11119,23014,25767,26402,52169,49580,51732,101312,52282,51053,103335,43539,43330,86869,31835,30888,62723,19944,18159,38103,10524,11252,21776,4413,7734,12147,1011,3318,4329,250790,254987,505777
2021-10-21,11902,11131,23033,25805,26446,52251,49592,51754,101346,52300,51083,103383,43556,43350,86906,31846,30900,62746,19949,18167,38116,10529,11256,21785,4415,7734,12149,1011,3318,4329,250905,255139,506044
2021-10-22,11917,11144,23061,25837,26479,52316,49602,51775,101377,52315,51101,103416,43570,43376,86946,31859,30909,62768,19954,18174,38128,10537,11260,21797,4415,7738,12153,1012,3319,4331,251018,255275,506293
2021-10-23,11929,11149,23078,25854,26494,52348,49617,51790,101407,52329,51113,103442,43579,43394,86973,31866,30914,62780,19954,18174,38128,10537,11260,21797,4415,7741,12156,1012,3319,4331,251092,255348,506440
2021-10-24,11940,11161,23101,25865,26502,52367,49626,51795,101421,52342,51118,103460,43591,43410,87001,31870,30920,62790,19957,18178,38135,10538,11264,21802,4415,7741,12156,1012,3319,4331,251156,255408,506564
2021-10-25,11954,11177,23131,25879,26526,52405,49639,51815,101454,52353,51130,103483,43603,43432,87035,31879,30929,62808,19961,18182,38143,10540,11269,21809,4417,7743,12160,1012,3321,4333,251237,255524,506761
2021-10-26,11974,11188,23162,25895,26545,52440,49653,51829,101482,52371,51147,103518,43615,43455,87070,31891,30937,62828,19967,18186,38153,10543,11271,21814,4418,7743,12161,1012,3321,4333,251339,255622,506961
2021-10-27,11982,11196,23178,25917,26565,52482,49678,51844,101522,52380,51172,103552,43634,43472,87106,31900,30945,62845,19969,18198,38167,10546,11277,21823,4419,7744,12163,1013,3321,4334,251438,255734,507172
2021-10-28,12004,11206,23210,25936,26579,52515,49696,51862,101558,52391,51187,103578,43645,43489,87134,31908,30957,62865,19975,18205,38180,10548,11279,21827,4420,7747,12167,1013,3323,4336,251536,255834,507370
2021-10-29,12017,11230,23247,25961,26599,52560,49711,51879,101590,52410,51203,103613,43654,43502,87156,31919,30965,62884,19977,18210,38187,10551,11281,21832,4420,7748,12168,1013,3323,4336,251633,255940,507573
2021-10-30,12026,11243,23269,25980,26611,52591,49721,51890,101611,52424,51217,103641,43664,43517,87181,31931,30973,62904,19980,18212,38192,10551,11284,21835,4421,7750,12171,1013,3323,4336,251711,256020,507731
2021-10-31,12032,11251,23283,25989,26622,52611,49733,51901,101634,52433,51224,103657,43679,43533,87212,31939,30980,62919,19982,18216,38198,10551,11284,21835,4421,7752,12173,1013,3324,4337,251772,256087,507859
2021-11-01,12043,11266,23309,26002,26638,52640,49743,51916,101659,52451,51242,103693,43691,43551,87242,31946,30984,62930,19985,18223,38208,10551,11287,21838,4422,7756,12178,1013,3324,4337,251847,256187,508034
2021-11-02,12062,11280,23342,26011,26655,52666,49756,51934,101690,52461,51254,103715,43702,43561,87263,31952,30992,62944,19989,18226,38215,10554,11292,21846,4423,7757,12180,1013,3324,4337,251923,256275,508198
2021-11-03,12074,11301,23375,26026,26666,52692,49772,51960,101732,52478,51287,103765,43721,43575,87296,31960,31000,62960,19991,18227,38218,10555,11295,21850,4423,7757,12180,1013,3325,4338,252013,256393,508406
2021-11-04,12090,11311,23401,26039,26681,52720,49798,51980,101778,52506,51309,103815,43737,43595,87332,31969,31008,62977,19996,18230,38226,10560,11301,21861,4423,7758,12181,1014,3325,4339,252132,256498,508630
2021-11-05,12102,11326,23428,26055,26701,52756,49811,51995,101806,52525,51323,103848,43748,43619,87367,31977,31010,62987,20000,18234,38234,10563,11303,21866,4423,7758,12181,1014,3325,4339,252218,256594,508812
2021-11-06,12118,11348,23466,26063,26711,52774,49829,52012,101841,52539,51345,103884,43764,43638,87402,31986,31022,63008,20005,18238,38243,10566,11304,21870,4425,7758,12183,1014,3325,4339,252309,256701,509010
2021-11-07,12125,11357,23482,26067,26722,52789,49841,52018,101859,52553,51364,103917,43779,43653,87432,31996,31029,63025,20007,18238,38245,10566,11305,21871,4426,7759,12185,1014,3325,4339,252374,256770,509144
2021-11-08,12140,11370,23510,26080,26737,52817,49857,52034,101891,52580,51386,103966,43795,43679,87474,32004,31039,63043,20013,18244,38257,10570,11310,21880,4426,7763,12189,1014,3325,4339,252479,256887,509366
2021-11-09,12161,11387,23548,26097,26751,52848,49869,52066,101935,52595,51412,104007,43811,43696,87507,32013,31052,63065,20020,18249,38269,10573,11314,21887,4427,7763,12190,1015,3325,4340,252581,257015,509596
2021-11-10,12186,11409,23595,26112,26763,52875,49895,52102,101997,52609,51439,104048,43833,43721,87554,32025,31064,63089,20024,18255,38279,10577,11316,21893,4428,7764,12192,1016,3326,4342,252705,257159,509864
2021-11-11,12201,11423,23624,26128,26781,52909,49916,52127,102043,52640,51463,104103,43854,43744,87598,32033,31072,63105,20027,18259,38286,10580,11324,21904,4428,7764,12192,1016,3326,4342,252823,257283,510106
2021-11-12,12219,11439,23658,26139,26797,52936,49934,52162,102096,52657,51484,104141,43883,43764,87647,32045,31085,63130,20035,18267,38302,10583,11330,21913,4428,7766,12194,1016,3328,4344,252939,257422,510361
2021-11-13,12232,11454,23686,26152,26810,52962,49949,52186,102135,52672,51502,104174,43902,43782,87684,32057,31093,63150,20036,18272,38308,10586,11332,21918,4428,7769,12197,1016,3328,4344,253030,257528,510558
2021-11-14,12245,11464,23709,26161,26818,52979,49962,52208,102170,52695,51517,104212,43918,43796,87714,32060,31100,63160,20041,18275,38316,10588,11333,21921,4429,7769,12198,1016,3328,4344,253115,257608,510723
2021-11-15,12258,11486,23744,26168,26833,53001,49984,52228,102212,52708,51549,104257,43938,43822,87760,32069,31114,63183,20048,18286,38334,10589,11335,21924,4430,7770,12200,1017,3328,4345,253209,257751,510960
2021-11-16,12277,11497,23774,26176,26842,53018,50002,52252,102254,52739,51575,104314,43953,43845,87798,32078,31125,63203,20055,18293,38348,10590,11338,21928,4433,7772,12205,1017,3331,4348,253320,257870,511190
2021-11-17,12290,11506,23796,26187,26854,53041,50029,52273,102302,52764,51605,104369,43975,43867,87842,32088,31136,63224,20064,18303,38367,10592,11339,21931,4434,7774,12208,1017,3331,4348,253440,257988,511428
2021-11-18,12301,11519,23820,26201,26862,53063,50052,52294,102346,52799,51632,104431,43993,43892,87885,32099,31141,63240,20073,18310,38383,10594,11341,21935,4435,7776,12211,1017,3331,4348,253564,258098,511662
2021-11-19,12315,11535,23850,26217,26874,53091,50077,52316,102393,52820,51655,104475,44010,43913,87923,32107,31148,63255,20079,18319,38398,10595,11351,21946,4435,7777,12212,1017,3332,4349,253672,258220,511892
2021-11-20,12323,11543,23866,26226,26885,53111,50094,52333,102427,52841,51689,104530,44033,43930,87963,32115,31154,63269,20085,18322,38407,10596,11354,21950,4436,7777,12213,1017,3333,4350,253766,258320,512086
2021-11-21,12332,11559,23891,26238,26898,53136,50109,52351,102460,52858,51705,104563,44053,43942,87995,32122,31165,63287,20092,18337,38429,10600,11356,21956,4436,7779,12215,1017,3333,4350,253857,258425,512282
2021-11-22,12343,11569,23912,26255,26910,53165,50118,52369,102487,52875,51739,104614,44067,43959,88026,32133,31179,63312,20099,18340,38439,10600,11359,21959,4437,7780,12217,1017,3334,4351,253944,258538,512482
2021-11-23,12359,11576,23935,26272,26935,53207,50151,52412,102563,52908,51770,104678,44093,43990,88083,32139,31202,63341,20110,18349,38459,10604,11365,21969,4437,7781,12218,1017,3335,4352,254090,258715,512805
2021-11-24,12380,11587,23967,26291,26951,53242,50188,52449,102637,52930,51807,104737,44123,44015,88138,32154,31212,63366,20122,18359,38481,10607,11370,21977,4438,7784,12222,1018,3335,4353,254251,258869,513120
2021-11-25,12391,11598,23989,26301,26962,53263,50215,52494,102709,52962,51856,104818,44149,44035,88184,32165,31219,63384,20126,18368,38494,10609,11378,21987,4441,7784,12225,1018,3335,4353,254377,259029,513406
2021-11-26,12405,11607,24012,26314,26976,53290,50257,52524,102781,52995,51904,104899,44164,44064,88228,32170,31230,63400,20135,18377,38512,10611,11382,21993,4442,7786,12228,1018,3335,4353,254511,259185,513696
2021-11-27,12413,11617,24030,26326,26987,53313,50289,52563,102852,53034,51928,104962,44180,44084,88264,32178,31236,63414,20141,18381,38522,10615,11387,22002,4442,7786,12228,1018,3336,4354,254636,259305,513941
2021-11-28,12425,11623,24048,26342,27002,53344,50310,52586,102896,53064,51949,105013,44199,44105,88304,32187,31244,63431,20145,18387,38532,10617,11392,22009,4442,7786,12228,1018,3336,4354,254749,259410,514159
2021-11-29,12434,11638,24072,26358,27028,53386,50344,52630,102974,53107,51997,105104,44226,44140,88366,32198,31259,63457,20162,18405,38567,10624,11401,22025,4442,7786,12228,1019,3336,4355,254914,259620,514534
2021-11-30,12446,11652,24098,26380,27055,53435,50372,52663,103035,53155,52043,105198,44261,44176,88437,32216,31276,63492,20176,18425,38601,10627,11403,22030,4446,7789,12235,1020,3338,4358,255099,259820,514919
2021-12-01,12458,11661,24119,26402,27071,53473,50411,52711,103122,53200,52098,105298,44290,44217,88507,32229,31295,63524,20181,18435,38616,10632,11410,22042,4446,7792,12238,1020,3340,4360,255269,260030,515299
2021-12-02,12471,11673,24144,26421,27096,53517,50451,52769,103220,53257,52151,105408,44325,44258,88583,32250,31309,63559,20194,18444,38638,10637,11418,22055,4446,7800,12246,1020,3345,4365,255472,260263,515735
2021-12-03,12483,11690,24173,26442,27116,53558,50494,52824,103318,53289,52194,105483,44347,44293,88640,32258,31326,63584,20205,18458,38663,10639,11422,22061,4448,7801,12249,1020,3346,4366,255625,260470,516095
2021-12-04,12491,11699,24190,26459,27139,53598,50530,52860,103390,53327,52232,105559,44373,44331,88704,32274,31344,63618,20211,18466,38677,10647,11430,22077,4450,7805,12255,1020,3347,4367,255782,260653,516435
2021-12-05,12499,11706,24205,26477,27156,53633,50562,52891,103453,53360,52273,105633,44397,44361,88758,32287,31363,63650,20219,18474,38693,10649,11433,22082,4451,7807,12258,1021,3347,4368,255922,260811,516733
2021-12-06,12516,11733,24249,26500,27195,53695,50618,52962,103580,53416,52326,105742,44442,44406,88848,32307,31379,63686,20229,18486,38715,10661,11440,22101,4453,7808,12261,1023,3348,4371,256165,261083,517248
2021-12-07,12529,11749,24278,26536,27237,53773,50675,53059,103734,53467,52390,105857,44486,44447,88933,32323,31403,63726,20237,18493,38730,10664,11445,22109,4457,7811,12268,1023,3348,4371,256397,261382,517779
2021-12-08,12537,11761,24298,26564,27263,53827,50733,53133,103866,53519,52437,105956,44513,44479,88992,32332,31424,63756,20246,18501,38747,10670,11452,22122,4458,7813,12271,1025,3349,4374,256597,261612,518209
2021-12-09,12560,11779,24339,26608,27307,53915,50808,53232,104040,53598,52529,106127,44555,44531,89086,32355,31445,63800,20259,18523,38782,10681,11466,22147,4464,7816,12280,1025,3350,4375,256913,261978,518891
2021-12-10,12577,11797,24374,26644,27341,53985,50889,53313,104202,53671,52599,106270,44605,44586,89191,32376,31464,63840,20266,18534,38800,10684,11472,22156,4467,7820,12287,1026,3353,4379,257205,262279,519484
2021-12-11,12588,11814,24402,26668,27370,54038,50960,53413,104373,53721,52655,106376,44647,44633,89280,32403,31482,63885,20281,18542,38823,10690,11477,22167,4468,7822,12290,1026,3354,4380,257452,262562,520014
2021-12-12,12604,11834,24438,26691,27392,54083,51023,53467,104490,53787,52716,106503,44691,44683,89374,32423,31501,63924,20290,18547,38837,10693,11483,22176,4469,7823,12292,1026,3354,4380,257697,262800,520497
2021-12-13,12620,11855,24475,26735,27436,54171,51149,53602,104751,53869,52804,106673,44743,44739,89482,32450,31526,63976,20305,18572,38877,10702,11495,22197,4473,7827,12300,1026,3355,4381,258072,263211,521283
2021-12-14,12635,11871,24506,26780,27493,54273,51300,53740,105040,53977,52901,106878,44800,44790,89590,32471,31560,64031,20321,18598,38919,10712,11505,22217,4475,7833,12308,1026,3357,4383,258497,263648,522145
2021-12-15,12652,11879,24531,26840,27549,54389,51442,53903,105345,54080,52992,107072,44880,44856,89736,32489,31599,64088,20335,18611,38946,10715,11507,22222,4478,7836,12314,1026,3360,4386,258937,264092,523029
2021-12-16,12673,11901,24574,26903,27623,54526,51621,54061,105682,54211,53088,107299,44961,44921,89882,32524,31639,64163,20348,18632,38980,10724,11514,22238,4482,7839,12321,1026,3362,4388,259473,264580,524053
2021-12-17,12696,11920,24616,26956,27690,54646,51772,54211,105983,54332,53197,107529,45018,44997,90015,32561,31685,64246,20364,18652,39016,10731,11524,22255,4484,7844,12328,1027,3362,4389,259941,265082,525023
2021-12-18,12712,11936,24648,27006,27740,54746,51890,54329,106219,54442,53295,107737,45081,45060,90141,32587,31721,64308,20376,18668,39044,10740,11532,22272,4489,7848,12337,1028,3365,4393,260351,265494,525845
2021-12-19,12722,11941,24663,27031,27779,54810,51967,54446,106413,54521,53376,107897,45116,45113,90229,32601,31759,64360,20388,18679,39067,10741,11534,22275,4491,7852,12343,1029,3365,4394,260607,265844,526451
2021-12-20,12724,11943,24667,27044,27800,54844,52001,54489,106490,54556,53401,107957,45126,45133,90259,32615,31767,64382,20389,18681,39070,10741,11537,22278,4493,7854,12347,1029,3365,4394,260718,265970,526688
2021-12-21,12724,11943,24667,27044,27800,54844,52001,54489,106490,54556,53401,107957,45126,45133,90259,32615,31767,64382,20389,18681,39070,10741,11537,22278,4493,7854,12347,1029,3365,4394,260718,265970,526688
