FECHA,<=10M,<=10F,<=10,11-20M,11-20F,11-20,21-30M,21-30F,21-30,31-40M,31-40F,31-40,41-50M,41-50F,41-50,51-60M,51-60F,51-60,61-70M,61-70F,61-70,71-80M,71-80F,71-80,81-90M,81-90F,81-90,>=91M,>=91F,>=91,TotalM,TotalF,Total
2020-03-15,1,0,1,0,0,0,0,2,2,2,1,3,1,1,2,1,0,1,1,0,1,1,1,2,0,0,0,0,0,0,7,5,12
2020-03-16,2,3,5,1,0,1,1,4,5,3,2,5,1,1,2,3,0,3,3,2,5,1,1,2,0,0,0,0,0,0,15,13,28
2020-03-17,3,7,10,1,1,2,3,5,8,3,2,5,2,4,6,3,2,5,4,3,7,3,3,6,1,0,1,0,0,0,23,27,50
2020-03-18,6,8,14,2,1,3,4,5,9,5,3,8,2,6,8,4,3,7,5,5,10,4,3,7,2,0,2,0,0,0,34,34,68
2020-03-19,7,8,15,2,1,3,7,7,14,7,5,12,4,7,11,4,3,7,6,6,12,5,4,9,2,0,2,1,0,1,45,41,86
2020-03-20,8,9,17,3,1,4,7,7,14,8,7,15,4,8,12,4,4,8,6,7,13,7,6,13,3,0,3,1,0,1,51,49,100
2020-03-21,8,9,17,5,2,7,8,9,17,11,8,19,6,9,15,4,4,8,8,9,17,8,7,15,3,0,3,2,0,2,63,57,120
2020-03-22,10,9,19,5,2,7,11,10,21,11,8,19,6,9,15,6,5,11,8,10,18,10,7,17,6,2,8,2,0,2,75,62,137
2020-03-23,13,10,23,5,4,9,12,12,24,13,9,22,6,10,16,8,5,13,10,10,20,14,10,24,9,5,14,2,2,4,92,77,169
2020-03-24,14,10,24,5,4,9,13,13,26,14,10,24,6,12,18,10,7,17,10,11,21,16,10,26,11,6,17,3,2,5,102,85,187
2020-03-25,15,13,28,5,4,9,15,16,31,16,14,30,7,12,19,11,9,20,13,12,25,18,12,30,13,10,23,5,3,8,118,105,223
2020-03-26,19,16,35,7,5,12,17,18,35,20,17,37,8,16,24,14,11,25,14,15,29,21,14,35,18,10,28,7,4,11,145,126,271
2020-03-27,21,19,40,7,6,13,18,20,38,23,17,40,9,20,29,15,14,29,16,20,36,25,20,45,21,12,33,9,10,19,164,158,322
2020-03-28,23,19,42,7,6,13,19,22,41,25,18,43,10,21,31,18,15,33,19,20,39,29,26,55,23,13,36,10,10,20,183,170,353
2020-03-29,24,19,43,8,7,15,20,24,44,27,19,46,12,24,36,18,15,33,25,23,48,33,27,60,27,15,42,12,11,23,206,184,390
2020-03-30,27,20,47,8,7,15,21,30,51,31,21,52,17,26,43,19,16,35,30,24,54,36,32,68,32,16,48,15,13,28,236,205,441
2020-03-31,35,22,57,9,7,16,26,31,57,37,23,60,22,28,50,21,17,38,36,26,62,40,35,75,34,19,53,19,13,32,279,221,500
2020-04-01,44,31,75,9,9,18,31,34,65,43,25,68,32,32,64,24,21,45,40,29,69,46,38,84,39,24,63,19,14,33,327,257,584
2020-04-02,50,39,89,13,13,26,33,39,72,46,29,75,35,35,70,25,29,54,48,33,81,54,45,99,44,30,74,22,18,40,370,310,680
2020-04-03,64,47,111,17,16,33,38,45,83,52,36,88,40,44,84,27,33,60,56,37,93,60,48,108,50,37,87,23,23,46,427,366,793
2020-04-04,71,58,129,19,19,38,40,52,92,54,46,100,45,46,91,33,33,66,62,39,101,62,53,115,54,39,93,24,26,50,464,411,875
2020-04-05,76,66,142,23,21,44,45,53,98,60,48,108,53,48,101,37,35,72,63,49,112,68,61,129,57,43,100,26,29,55,508,453,961
2020-04-06,86,74,160,26,23,49,51,56,107,70,51,121,62,52,114,46,37,83,69,56,125,79,66,145,64,47,111,27,31,58,580,493,1073
2020-04-07,95,84,179,29,26,55,56,59,115,75,58,133,66,56,122,53,39,92,73,60,133,85,74,159,70,58,128,29,32,61,631,546,1177
2020-04-08,102,91,193,33,28,61,58,64,122,80,61,141,73,59,132,58,42,100,80,66,146,94,78,172,72,61,133,32,38,70,682,588,1270
2020-04-09,105,93,198,36,30,66,61,71,132,92,70,162,75,64,139,66,49,115,84,68,152,101,88,189,77,69,146,36,43,79,733,645,1378
2020-04-10,119,95,214,40,33,73,63,77,140,96,72,168,84,65,149,69,55,124,90,69,159,102,97,199,82,77,159,37,47,84,782,687,1469
2020-04-11,125,100,225,44,35,79,70,81,151,102,76,178,90,68,158,71,59,130,94,75,169,108,100,208,86,84,170,38,51,89,828,729,1557
2020-04-12,134,105,239,46,35,81,71,85,156,109,78,187,93,73,166,80,62,142,97,79,176,111,108,219,90,88,178,39,53,92,870,766,1636
2020-04-13,141,114,255,52,39,91,82,91,173,113,86,199,99,78,177,85,68,153,104,85,189,116,116,232,98,96,194,43,59,102,933,832,1765
2020-04-14,154,120,274,55,40,95,88,97,185,121,89,210,103,82,185,95,74,169,108,92,200,125,121,246,104,100,204,47,63,110,1000,878,1878
2020-04-15,163,123,286,59,45,104,91,104,195,127,95,222,110,95,205,99,81,180,117,94,211,134,124,258,111,107,218,52,66,118,1063,934,1997
2020-04-16,172,126,298,63,50,113,98,108,206,137,108,245,120,105,225,106,89,195,121,104,225,141,128,269,115,112,227,52,70,122,1125,1000,2125
2020-04-17,186,136,322,65,54,119,99,115,214,143,121,264,132,113,245,113,97,210,128,109,237,154,136,290,121,120,241,53,73,126,1194,1074,2268
2020-04-18,194,143,337,70,55,125,109,117,226,158,127,285,139,118,257,120,101,221,130,111,241,158,146,304,127,128,255,56,77,133,1261,1123,2384
2020-04-19,202,150,352,74,56,130,113,119,232,162,131,293,143,123,266,125,109,234,136,117,253,163,154,317,130,135,265,58,78,136,1306,1172,2478
2020-04-20,214,157,371,82,64,146,125,124,249,174,141,315,152,129,281,134,112,246,147,125,272,178,165,343,140,143,283,62,93,155,1408,1253,2661
2020-04-21,225,165,390,87,69,156,137,127,264,182,152,334,154,133,287,139,119,258,153,132,285,189,176,365,148,153,301,64,103,167,1478,1329,2807
2020-04-22,235,172,407,92,75,167,143,134,277,193,155,348,165,139,304,143,126,269,162,135,297,196,190,386,156,165,321,71,109,180,1556,1400,2956
2020-04-23,250,182,432,97,79,176,149,145,294,203,163,366,173,147,320,146,137,283,169,139,308,205,198,403,167,175,342,78,118,196,1637,1483,3120
2020-04-24,266,192,458,102,83,185,157,152,309,215,175,390,178,153,331,153,145,298,177,150,327,215,209,424,177,190,367,81,121,202,1721,1570,3291
2020-04-25,275,196,471,106,84,190,160,157,317,223,184,407,182,157,339,158,151,309,183,154,337,222,212,434,186,206,392,86,126,212,1781,1627,3408
2020-04-26,281,211,492,112,90,202,163,161,324,227,186,413,190,162,352,160,154,314,190,161,351,227,219,446,193,213,406,87,129,216,1830,1686,3516
2020-04-27,293,221,514,118,93,211,169,168,337,232,195,427,193,172,365,170,161,331,197,169,366,247,225,472,204,227,431,90,134,224,1913,1765,3678
2020-04-28,307,228,535,122,98,220,180,177,357,243,205,448,200,181,381,176,170,346,203,176,379,250,237,487,210,241,451,92,138,230,1983,1851,3834
2020-04-29,324,236,560,128,102,230,192,183,375,261,217,478,211,188,399,184,176,360,207,184,391,259,243,502,213,255,468,97,148,245,2076,1932,4008
2020-04-30,341,246,587,136,103,239,202,188,390,267,224,491,222,197,419,191,188,379,217,192,409,266,253,519,221,272,493,105,155,260,2168,2018,4186
2020-05-01,342,258,600,142,108,250,203,194,397,276,234,510,232,203,435,198,191,389,228,197,425,273,261,534,229,284,513,105,157,262,2228,2087,4315
2020-05-02,348,273,621,147,115,262,209,196,405,286,239,525,239,208,447,205,193,398,231,201,432,281,262,543,235,296,531,106,160,266,2287,2143,4430
2020-05-03,355,280,635,151,117,268,214,201,415,294,245,539,244,213,457,213,195,408,239,208,447,286,271,557,241,304,545,109,165,274,2346,2199,4545
2020-05-04,372,298,670,156,119,275,222,211,433,303,251,554,249,219,468,222,198,420,247,220,467,300,284,584,249,322,571,111,169,280,2431,2291,4722
2020-05-05,381,305,686,163,120,283,232,219,451,314,263,577,255,230,485,231,203,434,257,227,484,315,291,606,255,334,589,112,179,291,2515,2371,4886
2020-05-06,393,316,709,166,120,286,243,225,468,330,277,607,270,239,509,236,208,444,266,233,499,334,304,638,261,346,607,116,185,301,2615,2453,5068
2020-05-07,408,326,734,173,126,299,256,230,486,342,286,628,283,248,531,241,214,455,273,239,512,350,310,660,267,358,625,117,193,310,2710,2530,5240
2020-05-08,423,339,762,180,130,310,270,238,508,351,300,651,299,258,557,254,218,472,279,250,529,363,319,682,278,370,648,119,205,324,2816,2627,5443
2020-05-09,439,350,789,184,130,314,274,250,524,356,308,664,307,264,571,258,223,481,286,257,543,374,321,695,283,380,663,124,213,337,2885,2696,5581
2020-05-10,446,358,804,185,131,316,281,260,541,361,314,675,311,269,580,261,228,489,294,263,557,382,332,714,288,392,680,125,219,344,2934,2766,5700
2020-05-11,459,373,832,191,135,326,287,267,554,373,326,699,321,281,602,269,233,502,305,269,574,395,341,736,300,409,709,129,233,362,3029,2867,5896
2020-05-12,474,382,856,197,143,340,311,285,596,392,332,724,330,292,622,275,238,513,314,276,590,402,352,754,309,423,732,134,244,378,3138,2967,6105
2020-05-13,495,395,890,207,150,357,328,294,622,405,353,758,345,299,644,283,246,529,321,284,605,411,359,770,317,437,754,135,254,389,3247,3071,6318
2020-05-14,513,416,929,216,158,374,340,311,651,424,370,794,356,306,662,288,256,544,331,295,626,420,368,788,326,450,776,137,269,406,3351,3199,6550
2020-05-15,530,434,964,224,163,387,346,321,667,436,382,818,365,320,685,299,263,562,341,304,645,426,374,800,336,470,806,142,279,421,3445,3310,6755
2020-05-16,540,448,988,231,169,400,351,331,682,445,396,841,371,328,699,305,270,575,347,309,656,436,379,815,342,474,816,147,293,440,3515,3397,6912
2020-05-17,555,461,1016,234,175,409,360,338,698,452,403,855,379,339,718,309,272,581,354,316,670,442,384,826,352,486,838,151,297,448,3588,3471,7059
2020-05-18,575,480,1055,242,185,427,381,358,739,473,419,892,389,354,743,323,282,605,365,329,694,459,398,857,368,499,867,153,308,461,3728,3612,7340
2020-05-19,591,496,1087,255,197,452,406,378,784,504,443,947,414,367,781,338,296,634,378,342,720,470,416,886,378,520,898,156,317,473,3890,3772,7662
2020-05-20,615,529,1144,264,212,476,432,397,829,540,460,1000,429,381,810,347,308,655,397,356,753,480,427,907,390,535,925,162,323,485,4056,3928,7984
2020-05-21,642,558,1200,282,218,500,462,417,879,567,480,1047,444,399,843,364,319,683,407,362,769,496,436,932,398,551,949,163,327,490,4225,4067,8292
2020-05-22,671,573,1244,294,231,525,488,443,931,585,503,1088,461,412,873,376,327,703,413,371,784,506,446,952,404,565,969,169,340,509,4367,4211,8578
2020-05-23,686,587,1273,305,244,549,512,459,971,609,519,1128,471,425,896,383,334,717,425,381,806,515,458,973,413,570,983,171,342,513,4490,4319,8809
2020-05-24,701,605,1306,312,251,563,522,468,990,623,529,1152,480,429,909,388,338,726,435,386,821,525,466,991,418,581,999,173,348,521,4577,4401,8978
2020-05-25,725,626,1351,329,268,597,543,491,1034,634,542,1176,495,439,934,394,345,739,440,392,832,537,470,1007,427,596,1023,175,356,531,4699,4525,9224
2020-05-26,753,651,1404,348,287,635,575,522,1097,678,570,1248,511,462,973,402,359,761,448,397,845,551,475,1026,437,611,1048,178,366,544,4881,4700,9581
2020-05-27,789,679,1468,362,301,663,594,546,1140,700,585,1285,528,472,1000,420,371,791,457,405,862,557,487,1044,441,626,1067,182,368,550,5030,4840,9870
2020-05-28,814,715,1529,379,312,691,618,574,1192,719,605,1324,552,490,1042,431,388,819,467,417,884,567,493,1060,455,643,1098,186,382,568,5188,5019,10207
2020-05-29,847,740,1587,401,328,729,654,603,1257,747,640,1387,577,510,1087,446,403,849,480,428,908,582,504,1086,469,659,1128,188,386,574,5391,5201,10592
2020-05-30,872,760,1632,415,337,752,687,626,1313,782,654,1436,589,526,1115,456,416,872,486,434,920,592,514,1106,477,670,1147,189,393,582,5545,5330,10875
2020-05-31,893,773,1666,425,346,771,702,636,1338,793,663,1456,601,531,1132,461,424,885,493,438,931,604,519,1123,482,680,1162,190,401,591,5644,5411,11055
2020-06-01,922,796,1718,441,361,802,728,671,1399,819,692,1511,617,548,1165,475,436,911,514,451,965,616,527,1143,487,690,1177,195,405,600,5814,5577,11391
2020-06-02,958,819,1777,461,380,841,758,696,1454,839,717,1556,634,566,1200,485,448,933,530,459,989,637,538,1175,493,704,1197,199,416,615,5994,5743,11737
2020-06-03,990,836,1826,475,404,879,782,722,1504,863,751,1614,647,587,1234,493,458,951,544,472,1016,654,549,1203,503,720,1223,201,425,626,6152,5924,12076
2020-06-04,1015,859,1874,493,423,916,812,747,1559,880,773,1653,664,601,1265,514,471,985,554,478,1032,673,561,1234,513,736,1249,204,434,638,6322,6083,12405
2020-06-05,1050,894,1944,506,440,946,845,769,1614,906,809,1715,690,625,1315,533,492,1025,566,492,1058,688,572,1260,525,756,1281,207,443,650,6516,6292,12808
2020-06-06,1073,914,1987,520,451,971,864,785,1649,933,834,1767,702,638,1340,546,499,1045,576,502,1078,698,581,1279,535,773,1308,209,452,661,6656,6429,13085
2020-06-07,1087,936,2023,532,462,994,881,796,1677,949,848,1797,717,646,1363,556,506,1062,583,506,1089,706,587,1293,546,785,1331,211,460,671,6768,6532,13300
2020-06-08,1111,964,2075,551,482,1033,914,821,1735,984,876,1860,751,664,1415,575,523,1098,595,517,1112,722,603,1325,556,802,1358,215,467,682,6974,6719,13693
2020-06-09,1158,993,2151,572,504,1076,931,854,1785,1009,904,1913,779,683,1462,591,530,1121,607,524,1131,730,618,1348,568,828,1396,218,478,696,7163,6916,14079
2020-06-10,1179,1017,2196,586,520,1106,967,873,1840,1036,939,1975,807,702,1509,612,549,1161,625,535,1160,750,642,1392,574,848,1422,224,492,716,7360,7117,14477
2020-06-11,1209,1049,2258,599,537,1136,995,900,1895,1068,965,2033,821,725,1546,627,571,1198,636,556,1192,766,656,1422,581,872,1453,227,506,733,7529,7337,14866
2020-06-12,1240,1089,2329,608,560,1168,1042,930,1972,1109,1009,2118,850,755,1605,643,587,1230,658,572,1230,782,670,1452,587,892,1479,231,515,746,7750,7579,15329
2020-06-13,1273,1114,2387,629,581,1210,1074,960,2034,1141,1031,2172,857,774,1631,658,599,1257,668,577,1245,795,678,1473,593,907,1500,233,522,755,7921,7743,15664
2020-06-14,1290,1137,2427,648,597,1245,1095,980,2075,1160,1045,2205,873,785,1658,668,615,1283,678,581,1259,798,690,1488,606,928,1534,234,530,764,8050,7888,15938
2020-06-15,1315,1167,2482,672,613,1285,1121,1008,2129,1180,1064,2244,892,797,1689,680,625,1305,690,584,1274,810,699,1509,613,944,1557,236,540,776,8209,8041,16250
2020-06-16,1362,1217,2579,690,632,1322,1177,1048,2225,1228,1092,2320,925,821,1746,700,642,1342,705,597,1302,825,705,1530,625,966,1591,239,554,793,8476,8274,16750
2020-06-17,1400,1253,2653,707,657,1364,1225,1080,2305,1263,1135,2398,957,840,1797,726,658,1384,720,609,1329,834,724,1558,641,981,1622,241,563,804,8714,8500,17214
2020-06-18,1442,1292,2734,722,670,1392,1275,1115,2390,1312,1183,2495,997,860,1857,755,679,1434,740,626,1366,845,741,1586,657,1004,1661,243,574,817,8988,8744,17732
2020-06-19,1492,1318,2810,735,694,1429,1306,1148,2454,1369,1219,2588,1033,894,1927,789,698,1487,767,643,1410,865,759,1624,674,1022,1696,250,587,837,9280,8982,18262
2020-06-20,1522,1347,2869,750,713,1463,1339,1170,2509,1404,1245,2649,1056,920,1976,805,717,1522,783,657,1440,875,768,1643,681,1037,1718,254,592,846,9469,9166,18635
2020-06-21,1552,1365,2917,766,730,1496,1364,1196,2560,1424,1270,2694,1072,927,1999,818,726,1544,791,667,1458,884,773,1657,687,1047,1734,255,599,854,9613,9300,18913
2020-06-22,1596,1400,2996,792,755,1547,1398,1235,2633,1471,1294,2765,1100,955,2055,841,752,1593,808,685,1493,902,788,1690,693,1069,1762,257,611,868,9858,9544,19402
2020-06-23,1639,1439,3078,817,786,1603,1446,1271,2717,1526,1337,2863,1131,986,2117,857,784,1641,825,704,1529,913,800,1713,705,1084,1789,259,617,876,10118,9808,19926
2020-06-24,1675,1474,3149,842,806,1648,1489,1314,2803,1562,1384,2946,1162,1013,2175,879,808,1687,836,721,1557,923,813,1736,719,1098,1817,261,622,883,10348,10053,20401
2020-06-25,1718,1526,3244,873,843,1716,1528,1351,2879,1600,1414,3014,1201,1047,2248,915,838,1753,845,735,1580,933,827,1760,728,1109,1837,266,628,894,10607,10318,20925
2020-06-26,1757,1554,3311,904,865,1769,1580,1391,2971,1639,1455,3094,1233,1077,2310,931,860,1791,866,752,1618,944,842,1786,739,1128,1867,267,637,904,10860,10561,21421
2020-06-27,1804,1604,3408,931,899,1830,1616,1430,3046,1670,1489,3159,1260,1097,2357,951,870,1821,882,758,1640,947,856,1803,746,1135,1881,271,643,914,11078,10781,21859
2020-06-28,1842,1623,3465,945,915,1860,1630,1464,3094,1700,1515,3215,1277,1115,2392,969,883,1852,892,764,1656,955,864,1819,754,1146,1900,277,650,927,11241,10939,22180
2020-06-29,1881,1667,3548,974,951,1925,1672,1502,3174,1747,1547,3294,1301,1139,2440,984,914,1898,916,774,1690,968,880,1848,767,1162,1929,280,657,937,11490,11193,22683
2020-06-30,1910,1702,3612,985,976,1961,1719,1536,3255,1780,1585,3365,1333,1170,2503,1011,937,1948,936,783,1719,986,890,1876,774,1180,1954,282,668,950,11716,11427,23143
2020-07-01,1949,1732,3681,1002,1002,2004,1771,1578,3349,1821,1615,3436,1360,1198,2558,1036,965,2001,953,796,1749,1000,902,1902,783,1200,1983,285,674,959,11960,11662,23622
2020-07-02,1997,1781,3778,1023,1030,2053,1816,1625,3441,1869,1658,3527,1398,1226,2624,1054,988,2042,971,806,1777,1008,915,1923,797,1212,2009,288,679,967,12221,11920,24141
2020-07-03,2045,1814,3859,1051,1048,2099,1856,1658,3514,1916,1709,3625,1423,1258,2681,1075,1008,2083,990,819,1809,1018,931,1949,806,1229,2035,292,683,975,12472,12157,24629
2020-07-04,2073,1848,3921,1070,1068,2138,1891,1694,3585,1943,1737,3680,1450,1275,2725,1095,1021,2116,999,827,1826,1028,945,1973,811,1240,2051,295,689,984,12655,12344,24999
2020-07-05,2095,1880,3975,1090,1080,2170,1918,1727,3645,1971,1768,3739,1460,1298,2758,1112,1037,2149,1016,841,1857,1043,959,2002,820,1254,2074,298,697,995,12823,12541,25364
2020-07-06,2123,1912,4035,1110,1096,2206,1960,1768,3728,2026,1797,3823,1493,1327,2820,1142,1060,2202,1037,863,1900,1061,987,2048,830,1277,2107,301,706,1007,13083,12793,25876
2020-07-07,2163,1970,4133,1132,1120,2252,2013,1814,3827,2076,1834,3910,1519,1359,2878,1171,1079,2250,1057,880,1937,1073,999,2072,840,1298,2138,308,718,1026,13352,13071,26423
2020-07-08,2204,1998,4202,1159,1149,2308,2066,1853,3919,2114,1874,3988,1563,1398,2961,1192,1111,2303,1075,898,1973,1089,1020,2109,852,1313,2165,312,732,1044,13626,13346,26972
2020-07-09,2233,2018,4251,1174,1162,2336,2094,1881,3975,2151,1899,4050,1593,1424,3017,1205,1124,2329,1085,914,1999,1098,1043,2141,856,1328,2184,319,739,1058,13808,13532,27340
2020-07-10,2260,2039,4299,1195,1184,2379,2123,1910,4033,2181,1928,4109,1616,1445,3061,1219,1139,2358,1105,930,2035,1114,1055,2169,869,1345,2214,320,749,1069,14002,13724,27726
2020-07-11,2285,2074,4359,1214,1195,2409,2142,1936,4078,2206,1960,4166,1638,1471,3109,1234,1160,2394,1124,943,2067,1128,1073,2201,872,1363,2235,322,759,1081,14165,13934,28099
2020-07-12,2307,2091,4398,1230,1204,2434,2162,1956,4118,2231,1975,4206,1653,1483,3136,1243,1170,2413,1134,953,2087,1138,1079,2217,878,1374,2252,326,765,1091,14302,14050,28352
2020-07-13,2337,2131,4468,1256,1226,2482,2204,1996,4200,2271,2017,4288,1692,1518,3210,1270,1204,2474,1166,978,2144,1158,1113,2271,890,1420,2310,328,790,1118,14572,14393,28965
2020-07-14,2372,2164,4536,1283,1246,2529,2239,2024,4263,2334,2057,4391,1730,1552,3282,1302,1222,2524,1188,1003,2191,1177,1141,2318,896,1437,2333,335,804,1139,14856,14650,29506
2020-07-15,2402,2203,4605,1318,1269,2587,2278,2087,4365,2396,2110,4506,1770,1594,3364,1328,1253,2581,1210,1027,2237,1189,1160,2349,910,1452,2362,342,809,1151,15143,14964,30107
2020-07-16,2447,2229,4676,1339,1303,2642,2323,2145,4468,2454,2149,4603,1806,1638,3444,1356,1285,2641,1228,1043,2271,1205,1179,2384,928,1482,2410,344,826,1170,15430,15279,30709
2020-07-17,2489,2268,4757,1364,1326,2690,2354,2187,4541,2495,2201,4696,1844,1690,3534,1386,1322,2708,1253,1070,2323,1223,1196,2419,944,1502,2446,348,836,1184,15700,15598,31298
2020-07-18,2515,2294,4809,1384,1341,2725,2394,2222,4616,2530,2242,4772,1872,1723,3595,1412,1346,2758,1280,1090,2370,1233,1207,2440,959,1523,2482,350,842,1192,15929,15830,31759
2020-07-19,2544,2328,4872,1398,1361,2759,2419,2248,4667,2556,2275,4831,1897,1748,3645,1436,1369,2805,1294,1102,2396,1247,1216,2463,970,1540,2510,352,848,1200,16113,16035,32148
2020-07-20,2595,2372,4967,1435,1392,2827,2473,2299,4772,2609,2339,4948,1942,1813,3755,1471,1411,2882,1323,1139,2462,1267,1241,2508,991,1561,2552,355,859,1214,16461,16426,32887
2020-07-21,2636,2406,5042,1461,1415,2876,2524,2344,4868,2671,2390,5061,1985,1855,3840,1506,1446,2952,1349,1168,2517,1289,1266,2555,1004,1587,2591,360,869,1229,16785,16746,33531
2020-07-22,2694,2442,5136,1484,1440,2924,2594,2399,4993,2730,2447,5177,2037,1898,3935,1537,1478,3015,1366,1191,2557,1314,1287,2601,1017,1619,2636,361,879,1240,17134,17080,34214
2020-07-23,2743,2483,5226,1509,1470,2979,2651,2453,5104,2786,2510,5296,2074,1934,4008,1568,1505,3073,1384,1216,2600,1331,1308,2639,1025,1640,2665,368,888,1256,17439,17407,34846
2020-07-24,2779,2523,5302,1532,1492,3024,2713,2504,5217,2840,2578,5418,2118,1973,4091,1599,1528,3127,1415,1230,2645,1344,1331,2675,1036,1665,2701,370,902,1272,17746,17726,35472
2020-07-25,2814,2555,5369,1559,1508,3067,2751,2548,5299,2886,2624,5510,2148,2005,4153,1612,1541,3153,1430,1248,2678,1357,1346,2703,1048,1681,2729,375,906,1281,17980,17962,35942
2020-07-26,2844,2584,5428,1574,1523,3097,2774,2569,5343,2911,2653,5564,2180,2019,4199,1630,1560,3190,1442,1259,2701,1371,1358,2729,1056,1697,2753,380,912,1292,18162,18134,36296
2020-07-27,2876,2623,5499,1604,1548,3152,2825,2613,5438,2966,2698,5664,2226,2068,4294,1660,1601,3261,1468,1286,2754,1389,1379,2768,1073,1717,2790,385,931,1316,18472,18464,36936
2020-07-28,2917,2660,5577,1628,1571,3199,2893,2687,5580,3024,2744,5768,2269,2113,4382,1700,1645,3345,1501,1316,2817,1403,1407,2810,1083,1743,2826,390,951,1341,18808,18837,37645
2020-07-29,2958,2699,5657,1654,1603,3257,2956,2740,5696,3082,2798,5880,2329,2163,4492,1733,1691,3424,1528,1349,2877,1426,1431,2857,1101,1772,2873,395,975,1370,19162,19221,38383
2020-07-30,3006,2739,5745,1689,1640,3329,3040,2806,5846,3150,2862,6012,2388,2209,4597,1779,1733,3512,1552,1377,2929,1442,1449,2891,1109,1791,2900,396,981,1377,19551,19587,39138
2020-07-31,3045,2785,5830,1708,1669,3377,3095,2876,5971,3226,2930,6156,2441,2248,4689,1818,1771,3589,1575,1411,2986,1463,1475,2938,1120,1819,2939,402,999,1401,19893,19983,39876
2020-08-01,3075,2815,5890,1724,1695,3419,3124,2918,6042,3261,2974,6235,2470,2290,4760,1848,1798,3646,1595,1420,3015,1483,1491,2974,1132,1841,2973,403,1010,1413,20115,20252,40367
2020-08-02,3111,2842,5953,1742,1713,3455,3154,2941,6095,3295,3009,6304,2493,2327,4820,1868,1823,3691,1607,1438,3045,1490,1508,2998,1144,1856,3000,405,1017,1422,20309,20474,40783
2020-08-03,3159,2893,6052,1772,1744,3516,3208,2997,6205,3355,3056,6411,2533,2379,4912,1898,1856,3754,1638,1462,3100,1501,1529,3030,1158,1889,3047,409,1031,1440,20631,20836,41467
2020-08-04,3209,2930,6139,1807,1782,3589,3279,3044,6323,3425,3113,6538,2592,2421,5013,1938,1891,3829,1664,1484,3148,1518,1554,3072,1175,1920,3095,414,1046,1460,21021,21185,42206
2020-08-05,3254,2974,6228,1844,1809,3653,3337,3089,6426,3477,3174,6651,2630,2463,5093,1978,1936,3914,1694,1514,3208,1540,1575,3115,1191,1940,3131,417,1054,1471,21362,21528,42890
2020-08-06,3298,3010,6308,1869,1846,3715,3396,3151,6547,3536,3239,6775,2685,2520,5205,2012,1979,3991,1721,1537,3258,1559,1596,3155,1207,1964,3171,422,1067,1489,21705,21909,43614
2020-08-07,3351,3054,6405,1898,1873,3771,3456,3212,6668,3601,3292,6893,2728,2581,5309,2052,2007,4059,1740,1564,3304,1579,1626,3205,1220,2001,3221,427,1090,1517,22052,22300,44352
2020-08-08,3388,3087,6475,1919,1894,3813,3495,3249,6744,3664,3349,7013,2764,2621,5385,2083,2039,4122,1760,1584,3344,1592,1650,3242,1231,2022,3253,428,1110,1538,22324,22605,44929
2020-08-09,3419,3119,6538,1936,1907,3843,3526,3287,6813,3705,3384,7089,2793,2661,5454,2113,2073,4186,1779,1603,3382,1608,1672,3280,1246,2068,3314,432,1127,1559,22557,22901,45458
2020-08-10,3472,3162,6634,1969,1937,3906,3599,3345,6944,3777,3435,7212,2848,2717,5565,2150,2112,4262,1800,1621,3421,1625,1698,3323,1258,2088,3346,436,1138,1574,22934,23253,46187
2020-08-11,3517,3201,6718,2008,1962,3970,3669,3408,7077,3856,3504,7360,2911,2779,5690,2195,2154,4349,1832,1648,3480,1650,1730,3380,1273,2115,3388,443,1150,1593,23354,23651,47005
2020-08-12,3557,3246,6803,2047,1993,4040,3725,3486,7211,3908,3594,7502,2969,2839,5808,2232,2196,4428,1861,1675,3536,1666,1757,3423,1284,2135,3419,448,1166,1614,23697,24087,47784
2020-08-13,3586,3289,6875,2088,2021,4109,3802,3561,7363,3996,3690,7686,3023,2894,5917,2283,2241,4524,1882,1709,3591,1694,1775,3469,1295,2161,3456,452,1181,1633,24101,24522,48623
2020-08-14,3614,3320,6934,2111,2048,4159,3886,3643,7529,4063,3767,7830,3091,2943,6034,2328,2286,4614,1914,1740,3654,1717,1806,3523,1308,2182,3490,455,1193,1648,24487,24928,49415
2020-08-15,3661,3345,7006,2149,2076,4225,3934,3698,7632,4117,3830,7947,3123,2997,6120,2359,2316,4675,1938,1764,3702,1732,1838,3570,1317,2228,3545,459,1210,1669,24789,25302,50091
2020-08-16,3695,3367,7062,2164,2087,4251,3981,3738,7719,4157,3871,8028,3145,3030,6175,2381,2339,4720,1951,1787,3738,1748,1854,3602,1326,2260,3586,463,1232,1695,25011,25565,50576
2020-08-17,3726,3385,7111,2189,2108,4297,4032,3788,7820,4213,3927,8140,3187,3077,6264,2415,2386,4801,1967,1824,3791,1765,1869,3634,1335,2280,3615,463,1245,1708,25292,25889,51181
2020-08-18,3775,3430,7205,2222,2126,4348,4091,3845,7936,4294,4002,8296,3236,3123,6359,2447,2452,4899,1988,1856,3844,1788,1897,3685,1344,2299,3643,463,1262,1725,25648,26292,51940
2020-08-19,3826,3469,7295,2248,2156,4404,4144,3916,8060,4362,4069,8431,3280,3174,6454,2486,2487,4973,2007,1886,3893,1806,1929,3735,1357,2337,3694,467,1278,1745,25983,26701,52684
2020-08-20,3855,3502,7357,2273,2181,4454,4206,3983,8189,4415,4139,8554,3313,3223,6536,2523,2521,5044,2034,1917,3951,1821,1950,3771,1373,2359,3732,470,1291,1761,26283,27066,53349
2020-08-21,3885,3551,7436,2308,2209,4517,4257,4045,8302,4480,4214,8694,3368,3275,6643,2566,2571,5137,2068,1952,4020,1845,1987,3832,1388,2394,3782,475,1300,1775,26640,27498,54138
2020-08-22,3906,3571,7477,2336,2229,4565,4300,4083,8383,4520,4275,8795,3408,3309,6717,2592,2593,5185,2095,1976,4071,1861,2010,3871,1398,2408,3806,478,1315,1793,26894,27769,54663
2020-08-23,3933,3604,7537,2352,2246,4598,4329,4111,8440,4555,4315,8870,3437,3334,6771,2616,2624,5240,2113,1996,4109,1871,2032,3903,1410,2415,3825,483,1319,1802,27099,27996,55095
2020-08-24,3986,3653,7639,2377,2274,4651,4383,4181,8564,4621,4379,9000,3489,3398,6887,2668,2661,5329,2140,2031,4171,1891,2058,3949,1426,2437,3863,488,1337,1825,27469,28409,55878
2020-08-25,4018,3693,7711,2411,2299,4710,4443,4262,8705,4694,4462,9156,3536,3446,6982,2704,2708,5412,2162,2062,4224,1907,2077,3984,1441,2468,3909,494,1352,1846,27810,28829,56639
2020-08-26,4067,3718,7785,2440,2334,4774,4517,4332,8849,4762,4525,9287,3583,3505,7088,2744,2753,5497,2193,2089,4282,1929,2105,4034,1458,2497,3955,497,1367,1864,28190,29225,57415
2020-08-27,4114,3753,7867,2480,2371,4851,4598,4400,8998,4837,4595,9432,3643,3569,7212,2792,2793,5585,2214,2121,4335,1956,2131,4087,1475,2529,4004,502,1388,1890,28611,29650,58261
2020-08-28,4156,3792,7948,2526,2401,4927,4687,4485,9172,4907,4674,9581,3705,3635,7340,2843,2858,5701,2240,2160,4400,1987,2160,4147,1487,2551,4038,506,1397,1903,29044,30113,59157
2020-08-29,4187,3811,7998,2543,2420,4963,4749,4539,9288,4957,4750,9707,3756,3680,7436,2875,2891,5766,2271,2182,4453,2005,2179,4184,1497,2575,4072,509,1413,1922,29349,30440,59789
2020-08-30,4211,3845,8056,2569,2440,5009,4796,4582,9378,5008,4786,9794,3798,3722,7520,2905,2921,5826,2288,2204,4492,2018,2197,4215,1504,2589,4093,512,1418,1930,29609,30704,60313
2020-08-31,4254,3875,8129,2604,2469,5073,4868,4647,9515,5069,4856,9925,3854,3783,7637,2938,2960,5898,2317,2243,4560,2046,2227,4273,1524,2630,4154,514,1432,1946,29988,31122,61110
2020-09-01,4297,3917,8214,2632,2515,5147,4938,4720,9658,5162,4937,10099,3923,3829,7752,2973,3021,5994,2340,2270,4610,2063,2255,4318,1539,2673,4212,521,1447,1968,30388,31584,61972
2020-09-02,4335,3944,8279,2657,2538,5195,4988,4790,9778,5221,5019,10240,3975,3873,7848,3012,3062,6074,2360,2295,4655,2090,2280,4370,1556,2704,4260,525,1475,2000,30719,31980,62699
2020-09-03,4374,3976,8350,2695,2568,5263,5065,4871,9936,5318,5105,10423,4035,3928,7963,3055,3101,6156,2386,2329,4715,2110,2306,4416,1569,2732,4301,529,1484,2013,31136,32400,63536
2020-09-04,4413,4019,8432,2727,2603,5330,5131,4940,10071,5391,5183,10574,4095,4003,8098,3090,3148,6238,2421,2370,4791,2139,2332,4471,1583,2759,4342,533,1500,2033,31523,32857,64380
2020-09-05,4444,4045,8489,2746,2617,5363,5184,4991,10175,5450,5260,10710,4137,4063,8200,3116,3184,6300,2451,2399,4850,2158,2350,4508,1598,2780,4378,535,1507,2042,31819,33196,65015
2020-09-06,4471,4072,8543,2762,2634,5396,5208,5032,10240,5488,5299,10787,4168,4097,8265,3134,3214,6348,2469,2424,4893,2168,2373,4541,1611,2797,4408,536,1516,2052,32015,33458,65473
2020-09-07,4503,4107,8610,2794,2667,5461,5282,5116,10398,5568,5375,10943,4223,4165,8388,3174,3278,6452,2510,2458,4968,2184,2398,4582,1625,2830,4455,543,1530,2073,32406,33924,66330
2020-09-08,4539,4141,8680,2826,2698,5524,5350,5187,10537,5651,5459,11110,4279,4222,8501,3224,3334,6558,2542,2502,5044,2214,2427,4641,1643,2855,4498,549,1552,2101,32817,34377,67194
2020-09-09,4584,4173,8757,2852,2737,5589,5422,5251,10673,5722,5530,11252,4339,4278,8617,3272,3382,6654,2576,2546,5122,2238,2457,4695,1658,2892,4550,550,1571,2121,33213,34817,68030
2020-09-10,4619,4195,8814,2891,2765,5656,5505,5327,10832,5809,5624,11433,4413,4341,8754,3314,3431,6745,2603,2575,5178,2262,2483,4745,1670,2927,4597,552,1587,2139,33638,35255,68893
2020-09-11,4658,4230,8888,2938,2793,5731,5574,5387,10961,5879,5709,11588,4470,4409,8879,3360,3495,6855,2642,2608,5250,2289,2512,4801,1688,2955,4643,555,1597,2152,34053,35695,69748
2020-09-12,4685,4253,8938,2960,2817,5777,5614,5430,11044,5920,5769,11689,4500,4449,8949,3392,3534,6926,2670,2638,5308,2312,2535,4847,1700,2987,4687,557,1610,2167,34310,36022,70332
2020-09-13,4717,4278,8995,2977,2831,5808,5654,5478,11132,5963,5825,11788,4524,4480,9004,3422,3562,6984,2700,2667,5367,2326,2546,4872,1703,3001,4704,562,1619,2181,34548,36287,70835
2020-09-14,4754,4319,9073,3011,2864,5875,5721,5566,11287,6036,5898,11934,4574,4542,9116,3478,3618,7096,2743,2712,5455,2353,2576,4929,1722,3020,4742,563,1629,2192,34955,36744,71699
2020-09-15,4799,4349,9148,3035,2881,5916,5787,5613,11400,6103,5992,12095,4622,4593,9215,3512,3665,7177,2781,2754,5535,2377,2612,4989,1737,3055,4792,564,1642,2206,35317,37156,72473
2020-09-16,4852,4390,9242,3082,2928,6010,5866,5704,11570,6168,6079,12247,4683,4655,9338,3554,3715,7269,2815,2791,5606,2400,2633,5033,1753,3086,4839,567,1653,2220,35740,37634,73374
2020-09-17,4891,4424,9315,3113,2974,6087,5928,5769,11697,6231,6150,12381,4743,4729,9472,3608,3776,7384,2854,2832,5686,2429,2661,5090,1768,3105,4873,570,1657,2227,36135,38077,74212
2020-09-18,4934,4472,9406,3139,3016,6155,5993,5847,11840,6321,6250,12571,4792,4789,9581,3648,3824,7472,2884,2880,5764,2463,2689,5152,1781,3129,4910,573,1670,2243,36528,38566,75094
2020-09-19,4951,4508,9459,3157,3046,6203,6026,5881,11907,6360,6300,12660,4821,4819,9640,3671,3846,7517,2918,2907,5825,2482,2711,5193,1796,3149,4945,576,1677,2253,36758,38844,75602
2020-09-20,4980,4539,9519,3185,3075,6260,6060,5918,11978,6402,6334,12736,4851,4852,9703,3691,3873,7564,2932,2929,5861,2503,2728,5231,1800,3167,4967,579,1685,2264,36983,39100,76083
2020-09-21,5017,4578,9595,3215,3113,6328,6126,5973,12099,6465,6415,12880,4900,4911,9811,3731,3911,7642,2968,2969,5937,2530,2756,5286,1811,3183,4994,580,1695,2275,37343,39504,76847
2020-09-22,5068,4625,9693,3255,3159,6414,6192,6054,12246,6531,6487,13018,4959,4954,9913,3781,3960,7741,3007,2998,6005,2558,2788,5346,1824,3217,5041,583,1708,2291,37758,39950,77708
2020-09-23,5116,4661,9777,3280,3190,6470,6240,6133,12373,6594,6562,13156,5005,5010,10015,3821,4004,7825,3043,3036,6079,2578,2826,5404,1835,3242,5077,585,1720,2305,38097,40384,78481
2020-09-24,5165,4705,9870,3321,3230,6551,6317,6197,12514,6677,6641,13318,5063,5067,10130,3858,4045,7903,3060,3092,6152,2596,2855,5451,1858,3269,5127,592,1741,2333,38507,40842,79349
2020-09-25,5207,4736,9943,3353,3258,6611,6380,6264,12644,6742,6704,13446,5124,5120,10244,3898,4089,7987,3095,3135,6230,2617,2883,5500,1877,3294,5171,592,1753,2345,38885,41236,80121
2020-09-26,5232,4758,9990,3381,3282,6663,6421,6303,12724,6792,6744,13536,5163,5160,10323,3924,4131,8055,3121,3157,6278,2637,2899,5536,1887,3313,5200,598,1762,2360,39156,41509,80665
2020-09-27,5261,4789,10050,3398,3308,6706,6465,6354,12819,6828,6785,13613,5205,5193,10398,3953,4162,8115,3145,3177,6322,2643,2917,5560,1896,3327,5223,600,1768,2368,39394,41780,81174
2020-09-28,5303,4819,10122,3431,3341,6772,6523,6410,12933,6899,6856,13755,5276,5238,10514,4011,4224,8235,3194,3205,6399,2665,2947,5612,1913,3354,5267,604,1788,2392,39819,42182,82001
2020-09-29,5357,4861,10218,3473,3389,6862,6602,6471,13073,6989,6943,13932,5341,5292,10633,4053,4269,8322,3237,3253,6490,2697,2997,5694,1936,3392,5328,606,1812,2418,40291,42679,82970
2020-09-30,5403,4902,10305,3507,3429,6936,6673,6551,13224,7061,7011,14072,5395,5344,10739,4099,4323,8422,3275,3303,6578,2729,3027,5756,1946,3416,5362,611,1821,2432,40699,43127,83826
2020-10-01,5448,4958,10406,3538,3487,7025,6750,6641,13391,7145,7096,14241,5445,5411,10856,4144,4366,8510,3317,3347,6664,2758,3078,5836,1960,3436,5396,615,1832,2447,41120,43652,84772
2020-10-02,5511,5015,10526,3574,3527,7101,6815,6724,13539,7210,7183,14393,5494,5477,10971,4195,4408,8603,3361,3390,6751,2789,3118,5907,1974,3472,5446,619,1848,2467,41542,44162,85704
2020-10-03,5540,5043,10583,3599,3562,7161,6866,6772,13638,7259,7233,14492,5534,5516,11050,4231,4438,8669,3380,3420,6800,2810,3136,5946,1981,3491,5472,622,1855,2477,41822,44466,86288
2020-10-04,5573,5077,10650,3623,3586,7209,6909,6818,13727,7294,7270,14564,5572,5553,11125,4260,4465,8725,3400,3441,6841,2825,3152,5977,1990,3516,5506,625,1858,2483,42071,44736,86807
2020-10-05,5600,5119,10719,3654,3616,7270,6970,6880,13850,7385,7348,14733,5654,5610,11264,4310,4518,8828,3460,3479,6939,2857,3199,6056,2011,3546,5557,628,1865,2493,42529,45180,87709
2020-10-06,5636,5172,10808,3696,3656,7352,7036,6940,13976,7466,7418,14884,5739,5662,11401,4361,4564,8925,3497,3521,7018,2888,3236,6124,2029,3574,5603,634,1876,2510,42982,45619,88601
2020-10-07,5686,5209,10895,3724,3688,7412,7110,7017,14127,7551,7511,15062,5798,5730,11528,4401,4630,9031,3541,3568,7109,2920,3271,6191,2047,3604,5651,642,1882,2524,43420,46110,89530
2020-10-08,5735,5247,10982,3764,3719,7483,7181,7093,14274,7623,7594,15217,5860,5793,11653,4445,4685,9130,3580,3608,7188,2949,3309,6258,2062,3632,5694,647,1906,2553,43846,46586,90432
2020-10-09,5772,5297,11069,3817,3768,7585,7240,7188,14428,7714,7701,15415,5916,5866,11782,4497,4750,9247,3618,3654,7272,2976,3351,6327,2074,3659,5733,651,1920,2571,44275,47154,91429
2020-10-10,5797,5334,11131,3851,3796,7647,7302,7250,14552,7776,7766,15542,5964,5922,11886,4537,4801,9338,3655,3686,7341,2993,3381,6374,2091,3681,5772,660,1933,2593,44626,47550,92176
2020-10-11,5833,5363,11196,3872,3818,7690,7348,7315,14663,7834,7836,15670,6016,5968,11984,4574,4831,9405,3692,3724,7416,3012,3412,6424,2107,3706,5813,662,1942,2604,44950,47915,92865
2020-10-12,5866,5399,11265,3919,3856,7775,7427,7403,14830,7914,7921,15835,6080,6043,12123,4625,4908,9533,3750,3768,7518,3053,3459,6512,2130,3753,5883,664,1962,2626,45428,48472,93900
2020-10-13,5931,5456,11387,3978,3905,7883,7548,7523,15071,8027,8059,16086,6157,6136,12293,4711,5004,9715,3812,3826,7638,3093,3516,6609,2159,3805,5964,672,1986,2658,46088,49216,95304
2020-10-14,5986,5507,11493,4020,3963,7983,7649,7649,15298,8136,8189,16325,6229,6230,12459,4776,5083,9859,3867,3878,7745,3145,3573,6718,2181,3839,6020,672,2006,2678,46661,49917,96578
2020-10-15,6039,5554,11593,4076,4022,8098,7767,7775,15542,8273,8325,16598,6338,6348,12686,4857,5175,10032,3934,3953,7887,3182,3629,6811,2200,3879,6079,680,2021,2701,47346,50681,98027
2020-10-16,6112,5603,11715,4130,4093,8223,7912,7943,15855,8415,8445,16860,6455,6467,12922,4942,5273,10215,3994,4021,8015,3226,3688,6914,2227,3929,6156,683,2056,2739,48096,51518,99614
2020-10-17,6143,5637,11780,4163,4137,8300,8011,8032,16043,8506,8557,17063,6534,6554,13088,4986,5328,10314,4036,4076,8112,3268,3730,6998,2241,3962,6203,687,2071,2758,48575,52084,100659
2020-10-18,6172,5668,11840,4190,4166,8356,8050,8087,16137,8569,8636,17205,6568,6608,13176,5029,5368,10397,4067,4103,8170,3292,3769,7061,2253,4002,6255,688,2083,2771,48878,52490,101368
2020-10-19,6252,5727,11979,4248,4234,8482,8180,8245,16425,8711,8804,17515,6706,6756,13462,5122,5464,10586,4151,4181,8332,3344,3835,7179,2279,4052,6331,691,2099,2790,49684,53397,103081
2020-10-20,6314,5795,12109,4314,4299,8613,8330,8384,16714,8844,8952,17796,6818,6896,13714,5212,5561,10773,4224,4249,8473,3385,3888,7273,2314,4100,6414,692,2122,2814,50447,54246,104693
2020-10-21,6362,5832,12194,4394,4356,8750,8436,8531,16967,8952,9061,18013,6911,6996,13907,5288,5626,10914,4287,4305,8592,3420,3936,7356,2335,4148,6483,695,2142,2837,51080,54933,106013
2020-10-22,6409,5871,12280,4462,4432,8894,8531,8645,17176,9043,9174,18217,7002,7101,14103,5353,5707,11060,4334,4365,8699,3450,3977,7427,2362,4190,6552,700,2164,2864,51646,55626,107272
2020-10-23,6450,5908,12358,4512,4474,8986,8610,8742,17352,9124,9274,18398,7067,7194,14261,5415,5763,11178,4379,4427,8806,3493,4017,7510,2387,4209,6596,705,2189,2894,52142,56197,108339
2020-10-24,6475,5935,12410,4536,4515,9051,8674,8791,17465,9174,9336,18510,7116,7246,14362,5454,5804,11258,4404,4461,8865,3520,4047,7567,2396,4232,6628,710,2202,2912,52459,56569,109028
2020-10-25,6517,5966,12483,4558,4545,9103,8738,8862,17600,9237,9431,18668,7169,7300,14469,5503,5861,11364,4438,4496,8934,3546,4081,7627,2404,4251,6655,714,2205,2919,52824,56998,109822
2020-10-26,6567,6011,12578,4624,4597,9221,8832,8975,17807,9346,9559,18905,7242,7405,14647,5574,5949,11523,4485,4555,9040,3588,4136,7724,2422,4298,6720,718,2225,2943,53398,57710,111108
2020-10-27,6610,6061,12671,4672,4644,9316,8951,9099,18050,9448,9664,19112,7349,7495,14844,5647,6048,11695,4555,4639,9194,3634,4191,7825,2439,4326,6765,721,2235,2956,54026,58402,112428
2020-10-28,6660,6114,12774,4717,4688,9405,9038,9226,18264,9557,9778,19335,7411,7578,14989,5720,6133,11853,4614,4694,9308,3667,4227,7894,2451,4360,6811,725,2249,2974,54560,59047,113607
2020-10-29,6698,6149,12847,4757,4739,9496,9166,9332,18498,9683,9905,19588,7491,7678,15169,5775,6202,11977,4670,4754,9424,3696,4262,7958,2469,4388,6857,727,2257,2984,55132,59666,114798
2020-10-30,6741,6178,12919,4794,4790,9584,9251,9460,18711,9786,10018,19804,7572,7760,15332,5824,6268,12092,4718,4814,9532,3720,4296,8016,2488,4418,6906,732,2274,3006,55626,60276,115902
2020-10-31,6774,6201,12975,4816,4820,9636,9308,9521,18829,9844,10099,19943,7617,7817,15434,5860,6307,12167,4752,4856,9608,3742,4320,8062,2497,4433,6930,735,2278,3013,55945,60652,116597
2020-11-01,6821,6238,13059,4849,4871,9720,9374,9600,18974,9914,10188,20102,7686,7876,15562,5902,6368,12270,4788,4909,9697,3770,4348,8118,2507,4455,6962,738,2284,3022,56349,61137,117486
2020-11-02,6865,6287,13152,4895,4927,9822,9474,9721,19195,10028,10291,20319,7763,7972,15735,5973,6438,12411,4853,4973,9826,3808,4387,8195,2525,4484,7009,741,2297,3038,56925,61777,118702
2020-11-03,6902,6319,13221,4926,4960,9886,9555,9819,19374,10113,10372,20485,7828,8020,15848,6028,6495,12523,4899,5017,9916,3846,4421,8267,2545,4520,7065,743,2309,3052,57385,62252,119637
2020-11-04,6943,6365,13308,4968,5012,9980,9681,9946,19627,10219,10490,20709,7938,8133,16071,6100,6578,12678,4969,5078,10047,3891,4463,8354,2567,4564,7131,754,2323,3077,58030,62952,120982
2020-11-05,6995,6410,13405,5044,5081,10125,9822,10076,19898,10357,10620,20977,8048,8240,16288,6190,6681,12871,5020,5144,10164,3932,4506,8438,2586,4593,7179,757,2337,3094,58751,63688,122439
2020-11-06,7031,6451,13482,5073,5127,10200,9897,10160,20057,10422,10709,21131,8097,8300,16397,6245,6741,12986,5059,5193,10252,3963,4550,8513,2600,4624,7224,761,2346,3107,59148,64201,123349
2020-11-07,7066,6487,13553,5107,5169,10276,9954,10237,20191,10478,10799,21277,8155,8361,16516,6290,6805,13095,5105,5243,10348,3992,4582,8574,2623,4645,7268,768,2351,3119,59538,64679,124217
2020-11-08,7114,6537,13651,5148,5211,10359,10026,10308,20334,10548,10890,21438,8213,8431,16644,6331,6855,13186,5151,5291,10442,4023,4614,8637,2633,4665,7298,772,2356,3128,59959,65158,125117
2020-11-09,7176,6597,13773,5219,5258,10477,10118,10430,20548,10661,11034,21695,8301,8532,16833,6416,6934,13350,5212,5359,10571,4048,4657,8705,2661,4705,7366,775,2366,3141,60587,65872,126459
2020-11-10,7218,6634,13852,5264,5303,10567,10207,10517,20724,10766,11143,21909,8370,8602,16972,6475,6997,13472,5277,5407,10684,4084,4692,8776,2686,4734,7420,779,2377,3156,61126,66406,127532
2020-11-11,7267,6674,13941,5307,5351,10658,10306,10628,20934,10867,11247,22114,8459,8684,17143,6542,7078,13620,5323,5450,10773,4122,4727,8849,2706,4773,7479,783,2395,3178,61682,67007,128689
2020-11-12,7323,6713,14036,5356,5398,10754,10393,10753,21146,10992,11369,22361,8557,8781,17338,6618,7137,13755,5375,5524,10899,4164,4774,8938,2727,4811,7538,786,2407,3193,62291,67667,129958
2020-11-13,7375,6749,14124,5408,5443,10851,10491,10879,21370,11082,11476,22558,8639,8864,17503,6683,7202,13885,5442,5591,11033,4202,4817,9019,2748,4845,7593,790,2422,3212,62860,68288,131148
2020-11-14,7435,6792,14227,5441,5474,10915,10553,10957,21510,11161,11567,22728,8686,8932,17618,6729,7253,13982,5494,5620,11114,4228,4856,9084,2757,4867,7624,794,2426,3220,63278,68744,132022
2020-11-15,7480,6843,14323,5487,5503,10990,10623,11049,21672,11247,11641,22888,8755,9002,17757,6779,7314,14093,5540,5671,11211,4256,4889,9145,2765,4892,7657,794,2440,3234,63726,69244,132970
2020-11-16,7529,6901,14430,5542,5542,11084,10703,11147,21850,11334,11739,23073,8843,9078,17921,6820,7382,14202,5588,5731,11319,4294,4930,9224,2782,4923,7705,799,2461,3260,64234,69834,134068
2020-11-17,7581,6958,14539,5603,5598,11201,10817,11260,22077,11464,11871,23335,8937,9180,18117,6884,7451,14335,5657,5811,11468,4341,4985,9326,2791,4960,7751,801,2470,3271,64876,70544,135420
2020-11-18,7630,7011,14641,5670,5650,11320,10933,11380,22313,11607,12001,23608,9024,9263,18287,6949,7517,14466,5710,5861,11571,4389,5034,9423,2807,5003,7810,803,2480,3283,65522,71200,136722
2020-11-19,7683,7051,14734,5737,5716,11453,11046,11520,22566,11715,12145,23860,9101,9354,18455,7019,7597,14616,5773,5927,11700,4429,5074,9503,2828,5040,7868,806,2490,3296,66137,71914,138051
2020-11-20,7735,7095,14830,5783,5762,11545,11143,11630,22773,11820,12257,24077,9168,9442,18610,7084,7662,14746,5829,5980,11809,4457,5108,9565,2848,5068,7916,810,2503,3313,66677,72507,139184
2020-11-21,7776,7131,14907,5815,5803,11618,11205,11704,22909,11896,12329,24225,9226,9507,18733,7126,7711,14837,5867,6019,11886,4481,5129,9610,2859,5082,7941,813,2516,3329,67064,72931,139995
2020-11-22,7810,7163,14973,5848,5836,11684,11265,11766,23031,11948,12401,24349,9284,9563,18847,7157,7742,14899,5900,6065,11965,4507,5146,9653,2869,5104,7973,814,2524,3338,67402,73310,140712
2020-11-23,7862,7213,15075,5888,5878,11766,11342,11844,23186,12035,12486,24521,9355,9630,18985,7204,7789,14993,5943,6112,12055,4530,5180,9710,2887,5133,8020,820,2536,3356,67866,73801,141667
2020-11-24,7910,7268,15178,5946,5931,11877,11438,11947,23385,12161,12589,24750,9449,9712,19161,7272,7859,15131,6005,6169,12174,4564,5227,9791,2913,5167,8080,822,2542,3364,68480,74411,142891
2020-11-25,7972,7323,15295,6011,5982,11993,11551,12055,23606,12280,12709,24989,9532,9789,19321,7331,7916,15247,6066,6223,12289,4588,5269,9857,2933,5198,8131,827,2551,3378,69091,75015,144106
2020-11-26,8018,7378,15396,6076,6046,12122,11662,12172,23834,12395,12844,25239,9601,9889,19490,7400,7988,15388,6133,6280,12413,4625,5315,9940,2948,5232,8180,836,2563,3399,69694,75707,145401
2020-11-27,8045,7419,15464,6117,6080,12197,11757,12286,24043,12476,12947,25423,9664,9935,19599,7456,8049,15505,6176,6323,12499,4656,5352,10008,2962,5267,8229,841,2568,3409,70150,76226,146376
2020-11-28,8097,7448,15545,6155,6118,12273,11839,12360,24199,12532,13028,25560,9717,10000,19717,7517,8104,15621,6204,6358,12562,4683,5388,10071,2972,5297,8269,843,2571,3414,70559,76672,147231
2020-11-29,8138,7488,15626,6184,6166,12350,11927,12444,24371,12610,13123,25733,9792,10059,19851,7563,8158,15721,6251,6406,12657,4708,5417,10125,2988,5312,8300,844,2577,3421,71005,77150,148155
2020-11-30,8200,7545,15745,6248,6215,12463,12065,12601,24666,12735,13252,25987,9897,10161,20058,7625,8234,15859,6316,6486,12802,4752,5470,10222,3008,5345,8353,851,2585,3436,71697,77894,149591
2020-12-01,8247,7597,15844,6292,6274,12566,12190,12727,24917,12838,13378,26216,9986,10261,20247,7665,8299,15964,6377,6564,12941,4793,5516,10309,3028,5375,8403,853,2588,3441,72269,78579,150848
2020-12-02,8275,7621,15896,6329,6314,12643,12267,12812,25079,12904,13472,26376,10049,10342,20391,7710,8347,16057,6413,6600,13013,4824,5550,10374,3042,5393,8435,858,2598,3456,72671,79049,151720
2020-12-03,8316,7669,15985,6378,6367,12745,12363,12952,25315,13020,13606,26626,10143,10434,20577,7776,8409,16185,6476,6670,13146,4864,5584,10448,3056,5418,8474,860,2607,3467,73252,79716,152968
2020-12-04,8360,7718,16078,6431,6424,12855,12463,13051,25514,13127,13717,26844,10229,10528,20757,7846,8492,16338,6533,6744,13277,4906,5626,10532,3073,5451,8524,867,2616,3483,73835,80367,154202
2020-12-05,8397,7755,16152,6473,6462,12935,12554,13133,25687,13226,13789,27015,10286,10585,20871,7885,8536,16421,6567,6780,13347,4926,5648,10574,3084,5472,8556,872,2624,3496,74270,80784,155054
2020-12-06,8432,7790,16222,6510,6490,13000,12617,13193,25810,13290,13843,27133,10330,10647,20977,7919,8578,16497,6601,6813,13414,4952,5677,10629,3100,5488,8588,873,2627,3500,74624,81146,155770
2020-12-07,8459,7831,16290,6557,6524,13081,12711,13293,26004,13365,13926,27291,10391,10717,21108,7960,8626,16586,6632,6849,13481,4980,5715,10695,3113,5508,8621,877,2633,3510,75045,81622,156667
2020-12-08,8494,7875,16369,6587,6560,13147,12795,13387,26182,13450,14009,27459,10448,10773,21221,8015,8681,16696,6675,6890,13565,5001,5755,10756,3120,5527,8647,881,2637,3518,75466,82094,157560
2020-12-09,8540,7919,16459,6634,6616,13250,12934,13538,26472,13597,14163,27760,10567,10872,21439,8119,8789,16908,6766,6974,13740,5046,5821,10867,3139,5561,8700,884,2654,3538,76226,82907,159133
2020-12-10,8592,7964,16556,6717,6706,13423,13096,13718,26814,13765,14360,28125,10686,11000,21686,8240,8911,17151,6864,7065,13929,5087,5858,10945,3157,5605,8762,890,2664,3554,77094,83851,160945
2020-12-11,8635,8012,16647,6779,6773,13552,13266,13913,27179,13947,14550,28497,10816,11136,21952,8358,9044,17402,6971,7188,14159,5141,5921,11062,3177,5633,8810,892,2672,3564,77982,84842,162824
2020-12-12,8680,8053,16733,6846,6829,13675,13397,14058,27455,14082,14714,28796,10951,11260,22211,8466,9145,17611,7044,7297,14341,5184,5981,11165,3188,5657,8845,894,2682,3576,78732,85676,164408
2020-12-13,8722,8085,16807,6899,6896,13795,13500,14187,27687,14208,14861,29069,11056,11371,22427,8576,9248,17824,7121,7362,14483,5224,6013,11237,3198,5681,8879,900,2687,3587,79404,86391,165795
2020-12-14,8788,8131,16919,6961,6957,13918,13666,14356,28022,14381,15035,29416,11181,11508,22689,8695,9377,18072,7221,7474,14695,5282,6082,11364,3219,5712,8931,909,2699,3608,80303,87331,167634
2020-12-15,8834,8175,17009,7029,7031,14060,13800,14524,28324,14547,15201,29748,11302,11623,22925,8814,9510,18324,7329,7585,14914,5336,6132,11468,3232,5730,8962,910,2712,3622,81133,88223,169356
2020-12-16,8867,8218,17085,7104,7131,14235,13972,14732,28704,14761,15437,30198,11456,11795,23251,8962,9649,18611,7463,7713,15176,5408,6205,11613,3253,5751,9004,914,2724,3638,82160,89355,171515
2020-12-17,8921,8277,17198,7191,7209,14400,14141,14954,29095,14997,15701,30698,11632,11968,23600,9101,9787,18888,7532,7819,15351,5462,6254,11716,3265,5774,9039,916,2731,3647,83158,90474,173632
2020-12-18,8992,8329,17321,7297,7332,14629,14347,15187,29534,15241,15964,31205,11813,12166,23979,9254,9956,19210,7708,7985,15693,5557,6339,11896,3281,5823,9104,920,2739,3659,84410,91820,176230
2020-12-19,9045,8370,17415,7379,7422,14801,14496,15381,29877,15497,16217,31714,11969,12334,24303,9387,10092,19479,7830,8135,15965,5612,6409,12021,3298,5849,9147,922,2744,3666,85435,92953,178388
2020-12-20,9090,8428,17518,7469,7518,14987,14670,15557,30227,15735,16469,32204,12149,12530,24679,9548,10264,19812,7958,8267,16225,5676,6466,12142,3311,5866,9177,925,2752,3677,86531,94117,180648
2020-12-21,9157,8498,17655,7577,7601,15178,14908,15785,30693,16014,16769,32783,12369,12735,25104,9715,10441,20156,8108,8430,16538,5749,6551,12300,3325,5910,9235,930,2758,3688,87852,95478,183330
2020-12-22,9227,8570,17797,7693,7717,15410,15159,16055,31214,16323,17121,33444,12609,12957,25566,9900,10615,20515,8284,8609,16893,5828,6615,12443,3345,5943,9288,934,2763,3697,89302,96965,186267
2020-12-23,9299,8643,17942,7834,7820,15654,15430,16348,31778,16641,17429,34070,12826,13209,26035,10079,10779,20858,8421,8763,17184,5896,6682,12578,3374,5981,9355,941,2778,3719,90741,98432,189173
2020-12-24,9338,8689,18027,7892,7897,15789,15586,16500,32086,16834,17602,34436,12964,13332,26296,10161,10874,21035,8490,8856,17346,5939,6723,12662,3379,6004,9383,944,2783,3727,91527,99260,190787
2020-12-25,9360,8708,18068,7916,7926,15842,15632,16530,32162,16881,17666,34547,12995,13361,26356,10187,10907,21094,8505,8881,17386,5953,6733,12686,3386,6020,9406,947,2787,3734,91762,99519,191281
2020-12-26,9417,8752,18169,8037,8066,16103,15820,16770,32590,17187,17944,35131,13180,13582,26762,10346,11065,21411,8597,9007,17604,6006,6798,12804,3405,6050,9455,948,2800,3748,92943,100834,193777
2020-12-27,9455,8787,18242,8188,8205,16393,16028,16950,32978,17482,18211,35693,13425,13812,27237,10516,11259,21775,8747,9151,17898,6067,6879,12946,3429,6085,9514,951,2811,3762,94288,102150,196438
2020-12-28,9534,8853,18387,8364,8396,16760,16357,17287,33644,17917,18635,36552,13726,14129,27855,10737,11510,22247,8904,9337,18241,6137,6970,13107,3456,6131,9587,954,2827,3781,96086,104075,200161
2020-12-29,9601,8914,18515,8526,8572,17098,16665,17613,34278,18246,18945,37191,14010,14412,28422,10923,11693,22616,9052,9510,18562,6217,7065,13282,3480,6185,9665,963,2842,3805,97683,105751,203434
2020-12-30,9665,8969,18634,8715,8770,17485,16983,17916,34899,18653,19310,37963,14273,14703,28976,11130,11950,23080,9206,9671,18877,6299,7151,13450,3506,6230,9736,966,2854,3820,99396,107524,206920
2020-12-31,9712,9016,18728,8852,8888,17740,17219,18147,35366,18886,19589,38475,14464,14925,29389,11274,12089,23363,9273,9758,19031,6340,7208,13548,3519,6259,9778,967,2861,3828,100506,108740,209246
2021-01-01,9732,9031,18763,8880,8917,17797,17261,18199,35460,18935,19651,38586,14509,14965,29474,11312,12128,23440,9294,9781,19075,6357,7225,13582,3524,6275,9799,968,2865,3833,100772,109037,209809
2021-01-02,9791,9078,18869,8999,9053,18052,17470,18427,35897,19191,19919,39110,14695,15172,29867,11445,12314,23759,9448,9928,19376,6424,7296,13720,3539,6313,9852,971,2873,3844,101973,110373,212346
2021-01-03,9831,9122,18953,9188,9238,18426,17778,18773,36551,19608,20315,39923,14965,15501,30466,11645,12566,24211,9631,10118,19749,6503,7401,13904,3562,6351,9913,974,2879,3853,103685,112264,215949
2021-01-04,9894,9180,19074,9343,9382,18725,18175,19211,37386,20037,20786,40823,15292,15851,31143,11855,12827,24682,9809,10299,20108,6596,7501,14097,3596,6413,10009,978,2891,3869,105575,114341,219916
2021-01-05,9944,9243,19187,9538,9576,19114,18580,19679,38259,20498,21270,41768,15633,16200,31833,12082,13098,25180,9996,10571,20567,6697,7610,14307,3623,6472,10095,983,2903,3886,107574,116622,224196
2021-01-06,10004,9300,19304,9746,9771,19517,18998,20085,39083,20937,21699,42636,15983,16550,32533,12340,13375,25715,10188,10795,20983,6800,7734,14534,3654,6530,10184,987,2923,3910,109637,118762,228399
2021-01-07,10060,9354,19414,9898,9946,19844,19312,20422,39734,21306,22058,43364,16255,16809,33064,12523,13601,26124,10348,10971,21319,6881,7849,14730,3681,6581,10262,989,2933,3922,111253,120524,231777
2021-01-08,10126,9408,19534,10060,10138,20198,19660,20760,40420,21617,22426,44043,16476,17115,33591,12707,13813,26520,10468,11131,21599,6953,7955,14908,3709,6618,10327,996,2942,3938,112772,122306,235078
2021-01-09,10165,9459,19624,10201,10315,20516,19924,21073,40997,21970,22802,44772,16717,17384,34101,12889,14022,26911,10591,11304,21895,7006,8029,15035,3731,6658,10389,996,2954,3950,114190,124000,238190
2021-01-10,10217,9511,19728,10362,10490,20852,20199,21371,41570,22275,23172,45447,16949,17650,34599,13061,14224,27285,10722,11424,22146,7049,8104,15153,3743,6690,10433,997,2967,3964,115574,125603,241177
2021-01-11,10283,9557,19840,10545,10688,21233,20587,21789,42376,22662,23619,46281,17236,17964,35200,13272,14454,27726,10863,11607,22470,7129,8180,15309,3765,6730,10495,998,2975,3973,117340,127563,244903
2021-01-12,10360,9607,19967,10709,10863,21572,20904,22168,43072,22962,23966,46928,17476,18238,35714,13445,14680,28125,11007,11745,22752,7182,8254,15436,3795,6761,10556,1001,2985,3986,118841,129267,248108
2021-01-13,10441,9682,20123,10900,11080,21980,21281,22560,43841,23307,24336,47643,17756,18527,36283,13648,14924,28572,11171,11938,23109,7255,8331,15586,3813,6809,10622,1007,2989,3996,120579,131176,251755
2021-01-14,10504,9749,20253,11099,11275,22374,21613,22928,44541,23636,24724,48360,18001,18818,36819,13851,15180,29031,11317,12109,23426,7318,8408,15726,3834,6847,10681,1010,2995,4005,122183,133033,255216
2021-01-15,10579,9809,20388,11405,11586,22991,22024,23386,45410,24127,25248,49375,18375,19229,37604,14161,15503,29664,11489,12316,23805,7395,8510,15905,3859,6892,10751,1014,3004,4018,124428,135483,259911
2021-01-16,10622,9841,20463,11752,11922,23674,22374,23799,46173,24577,25738,50315,18781,19671,38452,14464,15782,30246,11688,12536,24224,7506,8617,16123,3883,6933,10816,1015,3013,4028,126662,137852,264514
2021-01-17,10667,9867,20534,12034,12237,24271,22713,24222,46935,24976,26170,51146,19191,20130,39321,14733,16070,30803,11828,12702,24530,7575,8697,16272,3901,6960,10861,1017,3015,4032,128635,140070,268705
2021-01-18,10735,9931,20666,12398,12613,25011,23168,24706,47874,25485,26697,52182,19651,20613,40264,15083,16448,31531,12068,12965,25033,7682,8821,16503,3933,7008,10941,1019,3024,4043,131222,142826,274048
2021-01-19,10803,9991,20794,12733,12933,25666,23608,25155,48763,25988,27203,53191,20094,21084,41178,15387,16810,32197,12296,13227,25523,7788,8954,16742,3953,7060,11013,1026,3040,4066,133676,145457,279133
2021-01-20,10871,10054,20925,13069,13255,26324,24014,25602,49616,26435,27636,54071,20516,21509,42025,15708,17164,32872,12542,13488,26030,7911,9087,16998,3981,7107,11088,1033,3053,4086,136080,147955,284035
2021-01-21,10958,10114,21072,13292,13523,26815,24368,25968,50336,26770,28023,54793,20811,21871,42682,15934,17474,33408,12724,13678,26402,7991,9177,17168,4018,7153,11171,1040,3066,4106,137906,150047,287953
2021-01-22,11018,10178,21196,13556,13765,27321,24659,26321,50980,27065,28361,55426,21113,22207,43320,16148,17720,33868,12887,13868,26755,8070,9272,17342,4038,7196,11234,1043,3069,4112,139597,151957,291554
2021-01-23,11059,10212,21271,13832,13999,27831,24973,26670,51643,27379,28709,56088,21377,22461,43838,16372,17966,34338,13002,14008,27010,8117,9332,17449,4054,7226,11280,1046,3076,4122,141211,153659,294870
2021-01-24,11101,10251,21352,14137,14291,28428,25314,27029,52343,27721,29057,56778,21717,22823,44540,16630,18228,34858,13147,14170,27317,8174,9412,17586,4074,7258,11332,1048,3082,4130,143063,155601,298664
2021-01-25,11164,10333,21497,14521,14636,29157,25757,27508,53265,28141,29526,57667,22117,23255,45372,16905,18545,35450,13358,14387,27745,8273,9527,17800,4104,7318,11422,1054,3093,4147,145394,158128,303522
2021-01-26,11250,10397,21647,14857,14926,29783,26133,27893,54026,28497,29882,58379,22453,23612,46065,17152,18850,36002,13541,14597,28138,8363,9633,17996,4131,7375,11506,1059,3107,4166,147436,160272,307708
2021-01-27,11326,10466,21792,15137,15224,30361,26484,28272,54756,28847,30265,59112,22750,23971,46721,17383,19134,36517,13707,14767,28474,8434,9717,18151,4163,7423,11586,1061,3122,4183,149292,162361,311653
2021-01-28,11396,10532,21928,15370,15448,30818,26790,28591,55381,29158,30578,59736,22991,24234,47225,17582,19379,36961,13857,14946,28803,8523,9816,18339,4193,7468,11661,1066,3136,4202,150926,164128,315054
2021-01-29,11450,10605,22055,15715,15775,31490,27183,28991,56174,29563,31023,60586,23351,24650,48001,17873,19686,37559,14068,15189,29257,8610,9944,18554,4217,7525,11742,1070,3145,4215,153100,166533,319633
2021-01-30,11494,10632,22126,16158,16225,32383,27534,29387,56921,29978,31507,61485,23814,25157,48971,18224,20061,38285,14259,15442,29701,8702,10063,18765,4240,7570,11810,1072,3153,4225,155475,169197,324672
2021-01-31,11530,10665,22195,16814,16875,33689,27998,29868,57866,30530,32098,62628,24490,25897,50387,18680,20559,39239,14491,15702,30193,8796,10186,18982,4264,7614,11878,1074,3165,4239,158667,172629,331296
2021-02-01,11587,10723,22310,17332,17476,34808,28409,30391,58800,31046,32679,63725,25094,26529,51623,19156,21023,40179,14750,16022,30772,8888,10347,19235,4304,7665,11969,1077,3174,4251,161643,176029,337672
2021-02-02,11637,10780,22417,17777,17966,35743,28798,30819,59617,31526,33218,64744,25675,27169,52844,19582,21495,41077,15036,16335,31371,9041,10531,19572,4342,7719,12061,1081,3187,4268,164495,179219,343714
2021-02-03,11687,10844,22531,18157,18306,36463,29175,31236,60411,31948,33670,65618,26131,27669,53800,19918,21867,41785,15292,16625,31917,9159,10694,19853,4376,7779,12155,1086,3197,4283,166929,181887,348816
2021-02-04,11749,10898,22647,18377,18514,36891,29459,31574,61033,32265,34017,66282,26398,28030,54428,20151,22142,42293,15441,16847,32288,9242,10816,20058,4403,7820,12223,1089,3214,4303,168574,183872,352446
2021-02-05,11807,10957,22764,18589,18725,37314,29736,31873,61609,32555,34335,66890,26673,28302,54975,20347,22375,42722,15598,17054,32652,9328,10914,20242,4417,7867,12284,1091,3222,4313,170141,185624,355765
2021-02-06,11841,10992,22833,18821,18967,37788,29979,32152,62131,32839,34683,67522,26936,28611,55547,20586,22635,43221,15736,17230,32966,9394,11006,20400,4434,7900,12334,1091,3229,4320,171657,187405,359062
2021-02-07,11882,11035,22917,19066,19224,38290,30211,32432,62643,33147,35021,68168,27217,28923,56140,20809,22901,43710,15864,17365,33229,9461,11077,20538,4452,7926,12378,1097,3234,4331,173206,189138,362344
2021-02-08,11948,11092,23040,19393,19608,39001,30575,32828,63403,33564,35509,69073,27675,29428,57103,21088,23237,44325,16040,17588,33628,9554,11190,20744,4478,7987,12465,1101,3250,4351,175416,191717,367133
2021-02-09,12008,11134,23142,19680,19916,39596,30905,33186,64091,34001,35935,69936,28048,29859,57907,21385,23553,44938,16259,17817,34076,9656,11317,20973,4511,8050,12561,1106,3264,4370,177559,194031,371590
2021-02-10,12064,11174,23238,19888,20128,40016,31177,33512,64689,34333,36323,70656,28390,30201,58591,21598,23841,45439,16415,18008,34423,9750,11417,21167,4541,8089,12630,1106,3273,4379,179262,195966,375228
2021-02-11,12124,11221,23345,20071,20348,40419,31411,33812,65223,34677,36673,71350,28678,30535,59213,21794,24090,45884,16575,18184,34759,9833,11507,21340,4566,8137,12703,1110,3283,4393,180839,197790,378629
2021-02-12,12180,11267,23447,20297,20583,40880,31649,34075,65724,35021,37035,72056,29002,30899,59901,21998,24352,46350,16724,18393,35117,9919,11604,21523,4596,8186,12782,1112,3297,4409,182498,199691,382189
2021-02-13,12215,11295,23510,20568,20901,41469,31906,34353,66259,35412,37452,72864,29364,31349,60713,22234,24628,46862,16881,18568,35449,9978,11698,21676,4618,8222,12840,1115,3308,4423,184291,201774,386065
2021-02-14,12245,11318,23563,20854,21207,42061,32111,34641,66752,35797,37898,73695,29790,31826,61616,22465,24912,47377,17058,18745,35803,10056,11812,21868,4634,8245,12879,1117,3319,4436,186127,203923,390050
2021-02-15,12273,11364,23637,21219,21610,42829,32419,35000,67419,36250,38417,74667,30325,32395,62720,22804,25267,48071,17226,18947,36173,10132,11921,22053,4651,8297,12948,1119,3331,4450,188418,206549,394967
2021-02-16,12305,11389,23694,21593,21961,43554,32808,35485,68293,36805,39043,75848,30830,32981,63811,23121,25562,48683,17387,19112,36499,10204,12027,22231,4665,8331,12996,1127,3337,4464,190845,209228,400073
2021-02-17,12351,11446,23797,21843,22237,44080,33296,36009,69305,37279,39536,76815,31209,33382,64591,23384,25880,49264,17617,19362,36979,10304,12158,22462,4687,8384,13071,1132,3350,4482,193102,211744,404846
2021-02-18,12396,11499,23895,22060,22487,44547,33689,36448,70137,37726,40021,77747,31551,33780,65331,23666,26174,49840,17816,19592,37408,10404,12287,22691,4715,8430,13145,1134,3356,4490,195157,214074,409231
2021-02-19,12454,11545,23999,22250,22754,45004,34050,36836,70886,38110,40458,78568,31890,34145,66035,23911,26472,50383,17998,19813,37811,10501,12417,22918,4739,8476,13215,1137,3364,4501,197040,216280,413320
2021-02-20,12501,11579,24080,22420,22980,45400,34362,37169,71531,38446,40874,79320,32195,34501,66696,24137,26754,50891,18134,20044,38178,10567,12501,23068,4761,8514,13275,1141,3368,4509,198664,218284,416948
2021-02-21,12550,11609,24159,22603,23195,45798,34623,37527,72150,38789,41268,80057,32486,34829,67315,24310,26997,51307,18291,20238,38529,10634,12584,23218,4784,8544,13328,1146,3377,4523,200216,220168,420384
2021-02-22,12618,11685,24303,22779,23445,46224,34965,37910,72875,39163,41727,80890,32808,35203,68011,24557,27291,51848,18471,20465,38936,10720,12690,23410,4824,8581,13405,1149,3382,4531,202054,222379,424433
2021-02-23,12697,11742,24439,22954,23634,46588,35261,38247,73508,39501,42098,81599,33083,35533,68616,24785,27561,52346,18648,20683,39331,10815,12814,23629,4854,8622,13476,1156,3398,4554,203754,224332,428086
2021-02-24,12755,11819,24574,23126,23830,46956,35490,38538,74028,39801,42431,82232,33291,35802,69093,24969,27781,52750,18832,20857,39689,10902,12921,23823,4876,8664,13540,1158,3408,4566,205200,226051,431251
2021-02-25,12844,11900,24744,23256,23988,47244,35742,38812,74554,40058,42710,82768,33522,36023,69545,25136,27996,53132,18966,21031,39997,10972,13023,23995,4897,8704,13601,1162,3423,4585,206555,227610,434165
2021-02-26,12915,11973,24888,23386,24134,47520,35989,39116,75105,40368,43008,83376,33744,36287,70031,25324,28213,53537,19101,21242,40343,11042,13123,24165,4917,8742,13659,1164,3440,4604,207950,229278,437228
2021-02-27,12960,12009,24969,23533,24323,47856,36221,39411,75632,40685,43374,84059,33959,36533,70492,25535,28480,54015,19276,21453,40729,11116,13225,24341,4938,8790,13728,1165,3447,4612,209388,231045,440433
2021-02-28,13007,12061,25068,23730,24550,48280,36506,39765,76271,41094,43855,84949,34279,36886,71165,25818,28856,54674,19510,21718,41228,11240,13354,24594,4962,8834,13796,1167,3455,4622,211313,233334,444647
2021-03-01,13107,12150,25257,23859,24724,48583,36778,40035,76813,41405,44153,85558,34511,37122,71633,25969,29055,55024,19656,21899,41555,11314,13474,24788,4985,8880,13865,1172,3468,4640,212756,234960,447716
2021-03-02,13229,12245,25474,24017,24882,48899,37025,40297,77322,41659,44449,86108,34732,37336,72068,26141,29287,55428,19774,22063,41837,11394,13550,24944,5019,8921,13940,1175,3475,4650,214165,236505,450670
2021-03-03,13333,12325,25658,24136,25018,49154,37206,40538,77744,41895,44695,86590,34913,37531,72444,26308,29492,55800,19941,22257,42198,11480,13659,25139,5035,8954,13989,1175,3488,4663,215422,237957,453379
2021-03-04,13427,12409,25836,24258,25172,49430,37398,40736,78134,42128,44912,87040,35078,37719,72797,26431,29683,56114,20073,22456,42529,11550,13771,25321,5057,8992,14049,1181,3503,4684,216581,239353,455934
2021-03-05,13508,12485,25993,24381,25304,49685,37582,40991,78573,42378,45163,87541,35233,37882,73115,26573,29877,56450,20212,22622,42834,11631,13869,25500,5075,9025,14100,1181,3509,4690,217754,240727,458481
2021-03-06,13562,12536,26098,24473,25407,49880,37767,41192,78959,42586,45380,87966,35375,38050,73425,26682,30030,56712,20311,22735,43046,11685,13945,25630,5096,9053,14149,1183,3515,4698,218720,241843,460563
2021-03-07,13617,12589,26206,24567,25509,50076,37935,41414,79349,42799,45614,88413,35491,38238,73729,26815,30207,57022,20441,22899,43340,11736,14020,25756,5116,9091,14207,1187,3519,4706,219704,243100,462804
2021-03-08,13723,12686,26409,24694,25670,50364,38130,41679,79809,43049,45900,88949,35693,38449,74142,27015,30437,57452,20626,23094,43720,11821,14115,25936,5138,9137,14275,1190,3530,4720,221079,244697,465776
2021-03-09,13849,12814,26663,24828,25798,50626,38336,41906,80242,43314,46171,89485,35904,38653,74557,27200,30653,57853,20784,23339,44123,11925,14228,26153,5164,9177,14341,1194,3537,4731,222498,246276,468774
2021-03-10,13985,12936,26921,24972,25944,50916,38548,42113,80661,43576,46437,90013,36078,38846,74924,27353,30850,58203,20938,23506,44444,12009,14344,26353,5188,9225,14413,1198,3546,4744,223845,247747,471592
2021-03-11,14094,13059,27153,25070,26069,51139,38714,42330,81044,43767,46657,90424,36204,39005,75209,27461,31003,58464,21053,23661,44714,12074,14427,26501,5214,9257,14471,1200,3561,4761,224851,249029,473880
2021-03-12,14218,13183,27401,25197,26224,51421,38895,42565,81460,44013,46934,90947,36374,39214,75588,27608,31216,58824,21190,23851,45041,12154,14521,26675,5238,9303,14541,1204,3573,4777,226091,250584,476675
2021-03-13,14310,13258,27568,25297,26336,51633,39099,42785,81884,44256,47183,91439,36530,39382,75912,27746,31412,59158,21347,24028,45375,12220,14600,26820,5251,9341,14592,1209,3576,4785,227265,251901,479166
2021-03-14,14373,13358,27731,25391,26446,51837,39267,43024,82291,44501,47449,91950,36687,39562,76249,27912,31618,59530,21509,24221,45730,12290,14702,26992,5270,9370,14640,1213,3584,4797,228413,253334,481747
2021-03-15,14555,13500,28055,25544,26605,52149,39494,43316,82810,44768,47759,92527,36915,39809,76724,28112,31846,59958,21694,24427,46121,12385,14840,27225,5290,9421,14711,1217,3598,4815,229974,255121,485095
2021-03-16,14706,13653,28359,25684,26770,52454,39679,43544,83223,45030,48044,93074,37095,39989,77084,28285,32054,60339,21848,24622,46470,12462,14949,27411,5305,9465,14770,1222,3613,4835,231316,256703,488019
2021-03-17,14818,13766,28584,25816,26916,52732,39879,43784,83663,45227,48252,93479,37249,40172,77421,28441,32231,60672,21994,24798,46792,12526,15048,27574,5324,9507,14831,1224,3626,4850,232498,258100,490598
2021-03-18,14932,13864,28796,25915,27035,52950,40051,43980,84031,45432,48440,93872,37387,40336,77723,28544,32380,60924,22108,24942,47050,12596,15133,27729,5339,9541,14880,1226,3632,4858,233530,259283,492813
2021-03-19,15052,13975,29027,26058,27172,53230,40232,44199,84431,45651,48671,94322,37522,40506,78028,28675,32545,61220,22227,25110,47337,12666,15206,27872,5356,9570,14926,1231,3641,4872,234670,260595,495265
2021-03-20,15105,14037,29142,26152,27278,53430,40383,44362,84745,45823,48873,94696,37652,40667,78319,28799,32696,61495,22336,25231,47567,12734,15276,28010,5371,9598,14969,1235,3649,4884,235590,261667,497257
2021-03-21,15190,14104,29294,26241,27381,53622,40549,44534,85083,46027,49075,95102,37787,40813,78600,28924,32863,61787,22434,25377,47811,12776,15344,28120,5388,9626,15014,1238,3658,4896,236554,262775,499329
2021-03-22,15304,14236,29540,26386,27512,53898,40751,44801,85552,46259,49323,95582,37971,41003,78974,29104,33074,62178,22573,25547,48120,12848,15437,28285,5414,9677,15091,1242,3680,4922,237852,264290,502142
2021-03-23,15436,14357,29793,26537,27648,54185,40944,45033,85977,46462,49550,96012,38138,41159,79297,29263,33259,62522,22711,25734,48445,12925,15537,28462,5439,9707,15146,1243,3692,4935,239098,265676,504774
2021-03-24,15521,14441,29962,26650,27755,54405,41082,45190,86272,46637,49746,96383,38249,41303,79552,29373,33399,62772,22785,25841,48626,12977,15614,28591,5449,9740,15189,1244,3698,4942,239967,266727,506694
2021-03-25,15616,14544,30160,26771,27892,54663,41257,45414,86671,46854,49959,96813,38427,41507,79934,29500,33551,63051,22893,25980,48873,13037,15689,28726,5476,9772,15248,1248,3702,4950,241079,268010,509089
2021-03-26,15752,14663,30415,26916,28055,54971,41456,45640,87096,47088,50195,97283,38589,41707,80296,29620,33731,63351,22997,26138,49135,13110,15777,28887,5498,9805,15303,1251,3712,4963,242277,269423,511700
2021-03-27,15851,14744,30595,26989,28143,55132,41626,45807,87433,47300,50416,97716,38740,41882,80622,29750,33894,63644,23124,26276,49400,13155,15842,28997,5513,9840,15353,1256,3717,4973,243304,270561,513865
2021-03-28,15927,14796,30723,27059,28238,55297,41756,45973,87729,47482,50630,98112,38896,42038,80934,29865,34055,63920,23225,26415,49640,13199,15884,29083,5532,9865,15397,1258,3723,4981,244199,271617,515816
2021-03-29,16051,14911,30962,27221,28377,55598,41941,46195,88136,47698,50872,98570,39076,42262,81338,30024,34224,64248,23331,26584,49915,13250,15939,29189,5548,9899,15447,1259,3732,4991,245399,272995,518394
2021-03-30,16163,15017,31180,27354,28510,55864,42093,46377,88470,47900,51084,98984,39230,42442,81672,30150,34367,64517,23437,26729,50166,13294,16006,29300,5569,9927,15496,1263,3739,5002,246453,274198,520651
2021-03-31,16259,15101,31360,27462,28607,56069,42260,46568,88828,48098,51293,99391,39360,42610,81970,30238,34499,64737,23500,26813,50313,13323,16051,29374,5587,9949,15536,1265,3749,5014,247352,275240,522592
2021-04-01,16340,15197,31537,27576,28706,56282,42448,46773,89221,48302,51488,99790,39508,42780,82288,30356,34640,64996,23591,26935,50526,13368,16112,29480,5598,9970,15568,1267,3759,5026,248354,276360,524714
2021-04-02,16442,15263,31705,27677,28830,56507,42610,46948,89558,48493,51670,100163,39656,42924,82580,30465,34787,65252,23674,27029,50703,13411,16152,29563,5613,9983,15596,1269,3765,5034,249310,277351,526661
2021-04-03,16505,15337,31842,27775,28955,56730,42771,47122,89893,48679,51888,100567,39802,43086,82888,30581,34933,65514,23783,27127,50910,13444,16210,29654,5632,10018,15650,1273,3769,5042,250245,278445,528690
2021-04-04,16593,15408,32001,27953,29145,57098,42995,47392,90387,48961,52220,101181,40006,43347,83353,30710,35110,65820,23867,27249,51116,13483,16259,29742,5649,10045,15694,1273,3776,5049,251490,279951,531441
2021-04-05,16707,15532,32239,28202,29398,57600,43296,47736,91032,49284,52552,101836,40275,43672,83947,30892,35345,66237,23986,27413,51399,13534,16323,29857,5664,10082,15746,1278,3785,5063,253118,281838,534956
2021-04-06,16826,15678,32504,28402,29620,58022,43644,48046,91690,49627,52921,102548,40530,43951,84481,31074,35563,66637,24120,27617,51737,13611,16425,30036,5685,10118,15803,1281,3801,5082,254800,283740,538540
2021-04-07,16959,15809,32768,28636,29840,58476,43945,48362,92307,49940,53294,103234,40803,44228,85031,31252,35806,67058,24234,27793,52027,13673,16514,30187,5700,10158,15858,1282,3809,5091,256424,285613,542037
2021-04-08,17086,15922,33008,28825,30031,58856,44186,48664,92850,50229,53635,103864,41011,44455,85466,31406,36013,67419,24349,27948,52297,13728,16592,30320,5718,10190,15908,1284,3824,5108,257822,287274,545096
2021-04-09,17193,16024,33217,28954,30189,59143,44338,48889,93227,50429,53843,104272,41181,44628,85809,31523,36166,67689,24431,28056,52487,13770,16646,30416,5726,10214,15940,1287,3830,5117,258832,288485,547317
2021-04-10,17269,16097,33366,29079,30344,59423,44541,49094,93635,50663,54060,104723,41326,44800,86126,31648,36306,67954,24516,28161,52677,13790,16687,30477,5733,10231,15964,1288,3833,5121,259853,289613,549466
2021-04-11,17337,16174,33511,29184,30471,59655,44685,49244,93929,50828,54270,105098,41497,44967,86464,31759,36436,68195,24609,28257,52866,13819,16726,30545,5746,10254,16000,1290,3837,5127,260754,290636,551390
2021-04-12,17456,16278,33734,29361,30636,59997,44876,49473,94349,51068,54543,105611,41696,45215,86911,31908,36661,68569,24719,28391,53110,13855,16785,30640,5762,10282,16044,1293,3849,5142,261994,292113,554107
2021-04-13,17572,16359,33931,29483,30759,60242,45072,49681,94753,51315,54796,106111,41872,45432,87304,32053,36825,68878,24800,28483,53283,13903,16823,30726,5773,10299,16072,1296,3857,5153,263139,293314,556453
2021-04-14,17686,16455,34141,29597,30856,60453,45203,49837,95040,51468,54961,106429,41982,45572,87554,32147,36948,69095,24910,28582,53492,13946,16891,30837,5790,10322,16112,1301,3862,5163,264030,294286,558316
2021-04-15,17810,16564,34374,29738,31034,60772,45436,50084,95520,51716,55223,106939,42214,45823,88037,32310,37165,69475,25013,28702,53715,13981,16945,30926,5805,10352,16157,1303,3870,5173,265326,295762,561088
2021-04-16,17911,16683,34594,29866,31163,61029,45684,50342,96026,51995,55535,107530,42416,46053,88469,32476,37396,69872,25144,28862,54006,14022,17003,31025,5813,10380,16193,1306,3879,5185,266633,297296,563929
2021-04-17,18022,16777,34799,30000,31275,61275,45868,50536,96404,52262,55766,108028,42610,46271,88881,32612,37554,70166,25242,28976,54218,14058,17070,31128,5828,10421,16249,1310,3884,5194,267812,298530,566342
2021-04-18,18084,16858,34942,30082,31355,61437,46028,50703,96731,52445,55984,108429,42798,46435,89233,32737,37699,70436,25347,29081,54428,14094,17118,31212,5850,10443,16293,1313,3891,5204,268778,299567,568345
2021-04-19,18225,16962,35187,30228,31525,61753,46274,50959,97233,52724,56275,108999,43033,46665,89698,32917,37906,70823,25474,29227,54701,14138,17191,31329,5858,10484,16342,1317,3905,5222,270188,301099,571287
2021-04-20,18362,17100,35462,30354,31655,62009,46470,51182,97652,52936,56525,109461,43239,46889,90128,33072,38066,71138,25612,29392,55004,14192,17259,31451,5885,10515,16400,1321,3913,5234,271443,302496,573939
2021-04-21,18477,17199,35676,30460,31750,62210,46648,51354,98002,53124,56721,109845,43409,47066,90475,33194,38215,71409,25717,29514,55231,14238,17307,31545,5898,10557,16455,1323,3919,5242,272488,303602,576090
2021-04-22,18611,17317,35928,30616,31904,62520,46843,51568,98411,53363,57002,110365,43627,47328,90955,33366,38402,71768,25830,29670,55500,14288,17380,31668,5913,10603,16516,1324,3927,5251,273781,305101,578882
2021-04-23,18717,17420,36137,30749,32057,62806,47065,51808,98873,53617,57301,110918,43839,47591,91430,33535,38631,72166,25942,29823,55765,14347,17450,31797,5932,10631,16563,1328,3933,5261,275071,306645,581716
2021-04-24,18784,17472,36256,30800,32098,62898,47121,51885,99006,53698,57383,111081,43912,47685,91597,33585,38686,72271,25973,29865,55838,14377,17491,31868,5939,10659,16598,1330,3947,5277,275519,307171,582690
2021-04-25,18874,17562,36436,30897,32192,63089,47244,52040,99284,53882,57556,111438,44072,47848,91920,33721,38829,72550,26059,29963,56022,14414,17525,31939,5946,10681,16627,1330,3952,5282,276439,308148,584587
2021-04-26,19008,17686,36694,31033,32337,63370,47458,52250,99708,54114,57814,111928,44287,48092,92379,33914,39022,72936,26177,30094,56271,14488,17613,32101,5960,10716,16676,1334,3962,5296,277773,309586,587359
2021-04-27,19124,17793,36917,31170,32476,63646,47674,52507,100181,54338,58055,112393,44457,48313,92770,34075,39194,73269,26279,30227,56506,14538,17693,32231,5980,10750,16730,1338,3970,5308,278973,310978,589951
2021-04-28,19243,17916,37159,31295,32611,63906,47876,52724,100600,54577,58312,112889,44646,48520,93166,34223,39346,73569,26377,30348,56725,14588,17751,32339,5991,10776,16767,1342,3979,5321,280158,312283,592441
2021-04-29,19389,18037,37426,31479,32769,64248,48114,53006,101120,54875,58625,113500,44917,48800,93717,34417,39586,74003,26500,30512,57012,14663,17852,32515,6020,10824,16844,1344,3996,5340,281718,314007,595725
2021-04-30,19514,18142,37656,31597,32885,64482,48242,53198,101440,55047,58829,113876,45044,48977,94021,34539,39739,74278,26587,30635,57222,14722,17922,32644,6045,10869,16914,1347,4013,5360,282684,315209,597893
2021-05-01,19600,18220,37820,31704,32967,64671,48394,53361,101755,55233,59030,114263,45204,49187,94391,34660,39887,74547,26676,30731,57407,14768,17982,32750,6065,10915,16980,1348,4019,5367,283652,316299,599951
2021-05-02,19693,18301,37994,31818,33097,64915,48591,53580,102171,55495,59333,114828,45418,49476,94894,34826,40080,74906,26794,30887,57681,14823,18059,32882,6084,10944,17028,1351,4034,5385,284893,317791,602684
2021-05-03,19877,18467,38344,31991,33282,65273,48953,53949,102902,55890,59811,115701,45762,49885,95647,35092,40446,75538,27008,31178,58186,14927,18190,33117,6106,11005,17111,1355,4054,5409,286961,320267,607228
2021-05-04,20013,18607,38620,32190,33485,65675,49269,54289,103558,56281,60227,116508,46074,50227,96301,35353,40776,76129,27178,31409,58587,15034,18325,33359,6130,11049,17179,1357,4072,5429,288879,322466,611345
2021-05-05,20174,18751,38925,32343,33648,65991,49568,54646,104214,56632,60604,117236,46368,50539,96907,35560,41028,76588,27342,31579,58921,15123,18415,33538,6167,11095,17262,1365,4085,5450,290642,324390,615032
2021-05-06,20300,18899,39199,32563,33868,66431,49864,55038,104902,56987,61023,118010,46695,50852,97547,35802,41309,77111,27489,31763,59252,15205,18511,33716,6198,11147,17345,1369,4105,5474,292472,326515,618987
2021-05-07,20451,19037,39488,32793,34101,66894,50188,55460,105648,57341,61487,118828,47033,51263,98296,36016,41628,77644,27639,31951,59590,15281,18623,33904,6218,11185,17403,1371,4112,5483,294331,328847,623178
2021-05-08,20536,19123,39659,32889,34207,67096,50376,55676,106052,57580,61740,119320,47199,51447,98646,36152,41793,77945,27715,32048,59763,15329,18669,33998,6239,11213,17452,1372,4123,5495,295387,330039,625426
2021-05-09,20645,19218,39863,32997,34336,67333,50547,55874,106421,57795,61983,119778,47383,51659,99042,36279,41947,78226,27800,32150,59950,15386,18742,34128,6261,11236,17497,1379,4125,5504,296472,331270,627742
2021-05-10,20795,19366,40161,33170,34520,67690,50899,56221,107120,58174,62379,120553,47695,52052,99747,36539,42227,78766,27977,32353,60330,15475,18863,34338,6297,11289,17586,1380,4132,5512,298401,333402,631803
2021-05-11,20934,19486,40420,33328,34677,68005,51150,56490,107640,58487,62704,121191,47944,52319,100263,36712,42434,79146,28129,32521,60650,15555,18961,34516,6322,11323,17645,1384,4139,5523,299945,335054,634999
2021-05-12,21080,19604,40684,33467,34822,68289,51384,56792,108176,58786,63004,121790,48202,52586,100788,36912,42633,79545,28261,32687,60948,15612,19037,34649,6344,11364,17708,1389,4150,5539,301437,336679,638116
2021-05-13,21240,19717,40957,33603,34976,68579,51640,57128,108768,59067,63364,122431,48461,52859,101320,37074,42860,79934,28383,32830,61213,15669,19124,34793,6364,11415,17779,1390,4155,5545,302891,338428,641319
2021-05-14,21399,19888,41287,33777,35209,68986,51985,57506,109491,59477,63807,123284,48745,53247,101992,37321,43141,80462,28543,33034,61577,15749,19224,34973,6400,11459,17859,1394,4162,5556,304790,340677,645467
2021-05-15,21523,20009,41532,33909,35378,69287,52210,57807,110017,59749,64152,123901,48995,53547,102542,37510,43349,80859,28659,33184,61843,15798,19282,35080,6420,11493,17913,1395,4175,5570,306168,342376,648544
2021-05-16,21614,20114,41728,34020,35516,69536,52395,58008,110403,59978,64426,124404,49209,53787,102996,37673,43532,81205,28767,33309,62076,15844,19347,35191,6436,11530,17966,1396,4191,5587,307332,343760,651092
2021-05-17,21845,20319,42164,34271,35746,70017,52770,58462,111232,60468,64979,125447,49583,54257,103840,37992,43926,81918,28972,33557,62529,15963,19504,35467,6479,11602,18081,1400,4207,5607,309743,346559,656302
2021-05-18,22043,20517,42560,34505,36001,70506,53206,58890,112096,60948,65487,126435,50043,54730,104773,38311,44260,82571,29168,33791,62959,16064,19620,35684,6515,11652,18167,1404,4216,5620,312207,349164,661371
2021-05-19,22245,20683,42928,34753,36257,71010,53637,59388,113025,61464,66022,127486,50482,55184,105666,38609,44646,83255,29388,34022,63410,16159,19736,35895,6549,11698,18247,1412,4236,5648,314698,351872,666570
2021-05-20,22461,20896,43357,35025,36569,71594,54131,59938,114069,62018,66581,128599,50919,55680,106599,38903,45020,83923,29602,34241,63843,16250,19865,36115,6586,11753,18339,1414,4252,5666,317309,354795,672104
2021-05-21,22612,21032,43644,35231,36783,72014,54522,60419,114941,62486,67137,129623,51309,56134,107443,39178,45344,84522,29784,34468,64252,16348,19949,36297,6622,11825,18447,1415,4264,5679,319507,357355,676862
2021-05-22,22703,21105,43808,35342,36932,72274,54742,60703,115445,62784,67418,130202,51527,56377,107904,39343,45520,84863,29884,34569,64453,16397,20003,36400,6640,11874,18514,1416,4276,5692,320778,358777,679555
2021-05-23,22797,21181,43978,35438,37061,72499,54921,60904,115825,63000,67672,130672,51718,56559,108277,39477,45700,85177,29968,34684,64652,16446,20047,36493,6653,11923,18576,1425,4291,5716,321843,360022,681865
2021-05-24,22918,21284,44202,35603,37257,72860,55233,61207,116440,63343,68066,131409,52031,56923,108954,39737,46045,85782,30120,34879,64999,16540,20155,36695,6677,11975,18652,1428,4302,5730,323630,362093,685723
2021-05-25,23025,21361,44386,35745,37416,73161,55537,61536,117073,63649,68418,132067,52323,57233,109556,39974,46305,86279,30261,35062,65323,16617,20247,36864,6699,12018,18717,1434,4319,5753,325264,363915,689179
2021-05-26,23173,21489,44662,35952,37633,73585,55950,61963,117913,64088,68884,132972,52686,57650,110336,40301,46658,86959,30429,35287,65716,16718,20367,37085,6735,12088,18823,1442,4329,5771,327474,366348,693822
2021-05-27,23281,21615,44896,36081,37814,73895,56277,62351,118628,64465,69283,133748,52986,57943,110929,40559,46989,87548,30580,35476,66056,16812,20457,37269,6765,12128,18893,1443,4345,5788,329249,368401,697650
2021-05-28,23432,21752,45184,36275,38064,74339,56670,62813,119483,64907,69755,134662,53402,58413,111815,40912,47402,88314,30785,35745,66530,16906,20572,37478,6792,12179,18971,1447,4356,5803,331528,371051,702579
2021-05-29,23534,21845,45379,36394,38209,74603,56909,63123,120032,65243,70095,135338,53692,58723,112415,41096,47638,88734,30904,35886,66790,16958,20650,37608,6812,12225,19037,1451,4373,5824,332993,372767,705760
2021-05-30,23612,21920,45532,36507,38324,74831,57136,63393,120529,65500,70378,135878,53927,58959,112886,41249,47835,89084,31004,35991,66995,16998,20719,37717,6830,12251,19081,1455,4382,5837,334218,374152,708370
2021-05-31,23744,22046,45790,36694,38518,75212,57521,63813,121334,65947,70831,136778,54291,59387,113678,41477,48132,89609,31179,36199,67378,17106,20855,37961,6875,12312,19187,1458,4399,5857,336292,376492,712784
2021-06-01,23893,22182,46075,36878,38726,75604,57851,64196,122047,66365,71247,137612,54609,59780,114389,41717,48464,90181,31378,36432,67810,17208,20966,38174,6918,12361,19279,1462,4411,5873,338279,378765,717044
2021-06-02,24072,22320,46392,37080,38929,76009,58204,64626,122830,66765,71747,138512,54968,60185,115153,41956,48771,90727,31553,36657,68210,17318,21092,38410,6955,12412,19367,1470,4428,5898,340341,381167,721508
2021-06-03,24226,22483,46709,37296,39147,76443,58572,65036,123608,67201,72256,139457,55341,60596,115937,42210,49101,91311,31745,36880,68625,17412,21222,38634,6993,12450,19443,1474,4446,5920,342470,383617,726087
2021-06-04,24431,22675,47106,37525,39391,76916,58985,65527,124512,67641,72766,140407,55759,61040,116799,42507,49517,92024,31937,37129,69066,17519,21366,38885,7026,12513,19539,1476,4459,5935,344806,386383,731189
2021-06-05,24560,22790,47350,37650,39536,77186,59224,65849,125073,67932,73113,141045,56011,61327,117338,42698,49745,92443,32043,37259,69302,17582,21461,39043,7048,12548,19596,1482,4479,5961,346230,388107,734337
2021-06-06,24698,22936,47634,37787,39691,77478,59471,66136,125607,68211,73448,141659,56281,61617,117898,42913,49999,92912,32153,37394,69547,17639,21541,39180,7069,12581,19650,1483,4494,5977,347705,389837,737542
2021-06-07,24900,23150,48050,38023,39942,77965,59901,66636,126537,68731,74007,142738,56701,62182,118883,43248,50464,93712,32389,37690,70079,17800,21745,39545,7114,12702,19816,1492,4531,6023,350299,393049,743348
2021-06-08,25130,23370,48500,38231,40179,78410,60301,67151,127452,69253,74537,143790,57118,62662,119780,43573,50872,94445,32587,37922,70509,17918,21931,39849,7146,12770,19916,1498,4556,6054,352755,395950,748705
2021-06-09,25345,23587,48932,38500,40416,78916,60744,67669,128413,69793,75144,144937,57550,63169,120719,43916,51290,95206,32799,38167,70966,18042,22074,40116,7188,12841,20029,1503,4577,6080,355380,398934,754314
2021-06-10,25548,23802,49350,38736,40689,79425,61191,68239,129430,70339,75806,146145,57991,63708,121699,44213,51716,95929,33014,38434,71448,18169,22235,40404,7224,12902,20126,1510,4597,6107,357935,402128,760063
2021-06-11,25738,23994,49732,38947,40937,79884,61658,68795,130453,70817,76485,147302,58454,64332,122786,44527,52112,96639,33237,38695,71932,18285,22404,40689,7260,12987,20247,1518,4616,6134,360441,405357,765798
2021-06-12,25893,24140,50033,39131,41126,80257,61949,69155,131104,71196,76910,148106,58789,64730,123519,44759,52428,97187,33380,38887,72267,18368,22518,40886,7291,13032,20323,1523,4626,6149,362279,407552,769831
2021-06-13,26053,24315,50368,39309,41282,80591,62193,69456,131649,71521,77290,148811,59104,65102,124206,44984,52717,97701,33507,39058,72565,18433,22601,41034,7313,13072,20385,1529,4639,6168,363946,409532,773478
2021-06-14,26276,24508,50784,39554,41548,81102,62612,69997,132609,72039,77874,149913,59545,65654,125199,45308,53131,98439,33720,39363,73083,18564,22754,41318,7352,13134,20486,1547,4663,6210,366517,412626,779143
2021-06-15,26522,24745,51267,39824,41817,81641,63042,70499,133541,72570,78480,151050,59970,66210,126180,45630,53549,99179,33931,39623,73554,18682,22895,41577,7400,13192,20592,1553,4683,6236,369124,415693,784817
2021-06-16,26764,24972,51736,40084,42073,82157,63462,71016,134478,73084,79078,152162,60392,66758,127150,45899,53911,99810,34132,39858,73990,18788,23025,41813,7437,13248,20685,1555,4699,6254,371597,418638,790235
2021-06-17,26999,25195,52194,40333,42353,82686,63940,71586,135526,73626,79778,153404,60844,67375,128219,46174,54334,100508,34335,40112,74447,18924,23184,42108,7468,13306,20774,1557,4717,6274,374200,421940,796140
2021-06-18,27217,25386,52603,40588,42612,83200,64385,72119,136504,74152,80433,154585,61291,67969,129260,46445,54768,101213,34524,40367,74891,19007,23320,42327,7503,13344,20847,1560,4729,6289,376672,425047,801719
2021-06-19,27389,25547,52936,40749,42773,83522,64655,72483,137138,74558,80903,155461,61600,68353,129953,46637,55021,101658,34678,40531,75209,19097,23419,42516,7536,13411,20947,1564,4750,6314,378463,427191,805654
2021-06-20,27550,25680,53230,40877,42889,83766,64816,72727,137543,74798,81227,156025,61821,68621,130442,46807,55231,102038,34778,40655,75433,19168,23493,42661,7552,13450,21002,1565,4760,6325,379732,428733,808465
2021-06-21,27738,25850,53588,41050,43075,84125,65052,73055,138107,75146,81603,156749,62177,68998,131175,47042,55516,102558,34910,40812,75722,19253,23598,42851,7585,13485,21070,1569,4764,6333,381522,430756,812278
2021-06-22,28005,26082,54087,41312,43325,84637,65451,73581,139032,75644,82202,157846,62651,69535,132186,47322,55889,103211,35149,41100,76249,19370,23761,43131,7618,13563,21181,1580,4780,6360,384102,433818,817920
2021-06-23,28312,26332,54644,41609,43631,85240,65824,74120,139944,76162,82868,159030,63126,70211,133337,47574,56273,103847,35365,41355,76720,19480,23922,43402,7656,13639,21295,1586,4810,6396,386694,437161,823855
2021-06-24,28580,26571,55151,41871,43929,85800,66229,74664,140893,76647,83505,160152,63540,70738,134278,47845,56628,104473,35569,41645,77214,19577,24046,43623,7682,13693,21375,1590,4826,6416,389130,440245,829375
2021-06-25,28879,26841,55720,42158,44277,86435,66668,75265,141933,77220,84261,161481,63967,71341,135308,48175,57069,105244,35798,41969,77767,19698,24216,43914,7722,13766,21488,1599,4845,6444,391884,443850,835734
2021-06-26,29026,26979,56005,42313,44453,86766,66893,75539,142432,77523,84633,162156,64224,71668,135892,48345,57259,105604,35949,42158,78107,19782,24329,44111,7746,13814,21560,1604,4861,6465,393405,445693,839098
2021-06-27,29213,27125,56338,42444,44624,87068,67101,75813,142914,77793,84957,162750,64466,71977,136443,48505,57446,105951,36080,42298,78378,19855,24414,44269,7767,13858,21625,1606,4871,6477,394830,447383,842213
2021-06-28,29409,27303,56712,42582,44773,87355,67312,76091,143403,78120,85327,163447,64710,72275,136985,48678,57650,106328,36213,42434,78647,19928,24522,44450,7804,13896,21700,1609,4886,6495,396365,449157,845522
2021-06-29,29614,27545,57159,42804,45006,87810,67661,76541,144202,78541,85833,164374,65037,72682,137719,48904,57923,106827,36400,42633,79033,20040,24640,44680,7833,13976,21809,1615,4922,6537,398449,451701,850150
2021-06-30,29882,27814,57696,43081,45289,88370,68046,77041,145087,79017,86423,165440,65411,73100,138511,49146,58298,107444,36583,42866,79449,20132,24749,44881,7868,14036,21904,1619,4936,6555,400785,454552,855337
2021-07-01,30094,28029,58123,43331,45539,88870,68395,77533,145928,79453,86982,166435,65709,73552,139261,49377,58621,107998,36742,43083,79825,20229,24866,45095,7903,14091,21994,1622,4949,6571,402855,457245,860100
2021-07-02,30378,28255,58633,43629,45840,89469,68747,78009,146756,79877,87608,167485,66012,74055,140067,49607,58964,108571,36908,43319,80227,20334,25000,45334,7937,14143,22080,1627,4963,6590,405056,460156,865212
2021-07-03,30558,28440,58998,43784,46044,89828,68978,78309,147287,80185,87989,168174,66252,74372,140624,49775,59164,108939,37049,43468,80517,20397,25099,45496,7958,14189,22147,1634,4978,6612,406570,462052,868622
2021-07-04,30729,28644,59373,43938,46205,90143,69143,78579,147722,80442,88329,168771,66460,74640,141100,49936,59377,109313,37156,43600,80756,20449,25183,45632,7976,14229,22205,1638,4990,6628,407867,463776,871643
2021-07-05,31057,28945,60002,44204,46506,90710,69528,79068,148596,80924,88949,169873,66807,75140,141947,50186,59699,109885,37335,43814,81149,20565,25306,45871,8017,14282,22299,1643,5008,6651,410266,466717,876983
2021-07-06,31401,29265,60666,44559,46842,91401,69968,79575,149543,81409,89583,170992,67182,75628,142810,50435,60035,110470,37505,44044,81549,20670,25450,46120,8048,14347,22395,1647,5035,6682,412824,469804,882628
2021-07-07,31708,29539,61247,44874,47186,92060,70417,80099,150516,81884,90155,172039,67598,76091,143689,50706,60353,111059,37664,44249,81913,20759,25547,46306,8076,14403,22479,1655,5051,6706,415341,472673,888014
2021-07-08,32024,29843,61867,45234,47584,92818,70942,80692,151634,82421,90809,173230,68017,76693,144710,51010,60765,111775,37840,44536,82376,20866,25701,46567,8127,14453,22580,1659,5070,6729,418140,476146,894286
2021-07-09,32239,30071,62310,45483,47838,93321,71258,81079,152337,82786,91259,174045,68303,77102,145405,51213,61008,112221,37971,44686,82657,20934,25789,46723,8159,14500,22659,1664,5082,6746,420010,478414,898424
2021-07-10,32427,30274,62701,45723,48065,93788,71507,81404,152911,83075,91649,174724,68533,77442,145975,51413,61248,112661,38095,44859,82954,21007,25887,46894,8184,14545,22729,1669,5096,6765,421633,480469,902102
2021-07-11,32675,30492,63167,45888,48235,94123,71739,81675,153414,83335,92019,175354,68786,77785,146571,51608,61492,113100,38232,45010,83242,21070,25977,47047,8199,14570,22769,1675,5106,6781,423207,482361,905568
2021-07-12,33020,30833,63853,46236,48575,94811,72213,82255,154468,83883,92629,176512,69277,78364,147641,51882,61904,113786,38470,45232,83702,21178,26119,47297,8237,14623,22860,1685,5126,6811,426081,485660,911741
2021-07-13,33385,31128,64513,46563,48958,95521,72676,82792,155468,84336,93188,177524,69691,78888,148579,52165,62292,114457,38652,45479,84131,21290,26256,47546,8270,14683,22953,1694,5148,6842,428722,488812,917534
2021-07-14,33730,31454,65184,47002,49372,96374,73193,83373,156566,84799,93839,178638,70139,79420,149559,52434,62678,115112,38865,45697,84562,21392,26373,47765,8299,14732,23031,1698,5161,6859,431551,492099,923650
2021-07-15,34039,31724,65763,47438,49810,97248,73710,83968,157678,85341,94475,179816,70630,80096,150726,52761,63078,115839,39058,45953,85011,21483,26521,48004,8331,14788,23119,1705,5179,6884,434496,495592,930088
2021-07-16,34301,31977,66278,47811,50174,97985,74173,84534,158707,85807,95078,180885,71086,80664,151750,53028,63430,116458,39223,46194,85417,21559,26649,48208,8363,14846,23209,1708,5197,6905,437059,498743,935802
2021-07-17,34489,32180,66669,48056,50447,98503,74441,84889,159330,86111,95478,181589,71354,81003,152357,53225,63655,116880,39353,46330,85683,21630,26733,48363,8379,14871,23250,1713,5208,6921,438751,500794,939545
2021-07-18,34679,32332,67011,48242,50665,98907,74682,85199,159881,86371,95815,182186,71616,81314,152930,53422,63879,117301,39460,46457,85917,21700,26810,48510,8406,14914,23320,1716,5215,6931,440294,502600,942894
2021-07-19,34916,32564,67480,48477,50939,99416,75100,85680,160780,86775,96323,183098,71998,81766,153764,53696,64252,117948,39657,46704,86361,21803,26955,48758,8450,14967,23417,1720,5221,6941,442592,505371,947963
2021-07-20,35168,32801,67969,48712,51202,99914,75453,86129,161582,87146,96772,183918,72316,82178,154494,53939,64536,118475,39823,46914,86737,21893,27083,48976,8482,15018,23500,1727,5235,6962,444659,507868,952527
2021-07-21,35450,33067,68517,49025,51526,100551,75867,86653,162520,87587,97320,184907,72716,82710,155426,54243,64932,119175,40040,47207,87247,22004,27248,49252,8511,15088,23599,1731,5246,6977,447174,510997,958171
2021-07-22,35702,33296,68998,49386,51881,101267,76273,87192,163465,88109,97920,186029,73180,83316,156496,54556,65316,119872,40221,47459,87680,22107,27377,49484,8546,15150,23696,1737,5257,6994,449817,514164,963981
2021-07-23,35920,33477,69397,49634,52166,101800,76582,87587,164169,88480,98399,186879,73540,83714,157254,54812,65615,120427,40354,47644,87998,22179,27501,49680,8570,15197,23767,1743,5273,7016,451814,516573,968387
2021-07-24,36089,33652,69741,49884,52491,102375,76868,87936,164804,88875,98867,187742,73925,84168,158093,55058,65900,120958,40497,47859,88356,22258,27593,49851,8595,15233,23828,1746,5285,7031,453795,518984,972779
2021-07-25,36239,33819,70058,50149,52796,102945,77096,88222,165318,89240,99306,188546,74361,84677,159038,55304,66160,121464,40628,48007,88635,22346,27678,50024,8612,15265,23877,1752,5293,7045,455727,521223,976950
2021-07-26,36467,34069,70536,50514,53251,103765,77480,88762,166242,89766,99979,189745,74878,85294,160172,55651,66562,122213,40825,48295,89120,22459,27862,50321,8648,15331,23979,1759,5312,7071,458447,524717,983164
2021-07-27,36625,34236,70861,50732,53520,104252,77776,89132,166908,90082,100380,190462,75189,85637,160826,55831,66809,122640,40951,48463,89414,22536,27972,50508,8681,15380,24061,1762,5324,7086,460165,526853,987018
2021-07-28,36820,34391,71211,50966,53834,104800,78140,89545,167685,90479,100837,191316,75525,86036,161561,56062,67086,123148,41128,48674,89802,22625,28076,50701,8708,15421,24129,1768,5333,7101,462221,529233,991454
2021-07-29,36998,34556,71554,51233,54094,105327,78458,89968,168426,90858,101313,192171,75855,86453,162308,56265,67328,123593,41291,48867,90158,22703,28184,50887,8734,15454,24188,1773,5350,7123,464168,531567,995735
2021-07-30,37204,34764,71968,51568,54442,106010,78895,90499,169394,91361,102005,193366,76305,87022,163327,56582,67739,124321,41507,49152,90659,22794,28333,51127,8768,15513,24281,1779,5362,7141,466763,534831,1001594
2021-07-31,37424,34968,72392,51880,54814,106694,79204,90888,170092,91833,102620,194453,76858,87635,164493,56888,68063,124951,41683,49395,91078,22895,28459,51354,8795,15541,24336,1781,5376,7157,469241,537759,1007000
2021-08-01,37645,35206,72851,52172,55152,107324,79411,91193,170604,92195,103104,195299,77314,88193,165507,57115,68350,125465,41815,49563,91378,22969,28558,51527,8816,15595,24411,1786,5385,7171,471238,540299,1011537
2021-08-02,37965,35486,73451,52556,55557,108113,79750,91663,171413,92689,103699,196388,77826,88862,166688,57419,68784,126203,42078,49863,91941,23082,28729,51811,8856,15665,24521,1790,5403,7193,474011,543711,1017722
2021-08-03,38256,35783,74039,52863,55956,108819,80099,92164,172263,93120,104275,197395,78268,89420,167688,57732,69219,126951,42314,50166,92480,23233,28927,52160,8892,15723,24615,1795,5418,7213,476572,547051,1023623
2021-08-04,38556,36052,74608,53148,56259,109407,80462,92588,173050,93531,104767,198298,78585,89856,168441,57977,69552,127529,42499,50429,92928,23317,29077,52394,8917,15774,24691,1797,5432,7229,478789,549786,1028575
2021-08-05,38862,36370,75232,53469,56643,110112,80922,93171,174093,94014,105351,199365,79035,90386,169421,58280,69970,128250,42726,50693,93419,23426,29220,52646,8950,15835,24785,1806,5445,7251,481490,553084,1034574
2021-08-06,39208,36681,75889,53895,57038,110933,81392,93776,175168,94532,105988,200520,79495,90957,170452,58570,70394,128964,42980,51046,94026,23537,29427,52964,8989,15883,24872,1809,5457,7266,484407,556647,1041054
2021-08-07,39410,36905,76315,54135,57328,111463,81688,94103,175791,94868,106340,201208,79783,91313,171096,58777,70648,129425,43125,51251,94376,23613,29565,53178,9009,15930,24939,1815,5462,7277,486223,558845,1045068
2021-08-08,39690,37165,76855,54394,57600,111994,81902,94390,176292,95147,106689,201836,80080,91693,171773,58966,70886,129852,43280,51437,94717,23683,29650,53333,9024,15972,24996,1819,5470,7289,487985,560952,1048937
2021-08-09,40098,37541,77639,54687,57954,112641,82267,94928,177195,95614,107203,202817,80457,92158,172615,59266,71277,130543,43478,51687,95165,23792,29786,53578,9070,16028,25098,1828,5485,7313,490557,564047,1054604
2021-08-10,40549,37943,78492,55080,58324,113404,82663,95496,178159,96041,107754,203795,80842,92649,173491,59553,71633,131186,43692,51963,95655,23901,29944,53845,9106,16082,25188,1829,5498,7327,493256,567286,1060542
2021-08-11,40958,38353,79311,55530,58796,114326,83124,96101,179225,96559,108383,204942,81287,93249,174536,59838,72032,131870,43914,52217,96131,24017,30085,54102,9152,16150,25302,1840,5520,7360,496219,570886,1067105
2021-08-12,41366,38744,80110,55934,59203,115137,83528,96631,180159,96995,108932,205927,81704,93787,175491,60095,72398,132493,44086,52418,96504,24114,30198,54312,9191,16198,25389,1846,5535,7381,498859,574044,1072903
2021-08-13,41873,39192,81065,56513,59780,116293,84008,97324,181332,97597,109692,207289,82166,94441,176607,60420,72880,133300,44300,52715,97015,24236,30355,54591,9239,16260,25499,1852,5548,7400,502204,578187,1080391
2021-08-14,42177,39505,81682,56863,60132,116995,84290,97699,181989,97947,110162,208109,82502,94920,177422,60639,73182,133821,44454,52915,97369,24330,30464,54794,9264,16302,25566,1855,5556,7411,504321,580837,1085158
2021-08-15,42466,39790,82256,57127,60421,117548,84523,97987,182510,98248,110568,208816,82799,95284,178083,60869,73456,134325,44591,53102,97693,24422,30566,54988,9283,16351,25634,1857,5568,7425,506185,583093,1089278
2021-08-16,42851,40156,83007,57463,60759,118222,84778,98355,183133,98595,111038,209633,83157,95735,178892,61122,73733,134855,44724,53298,98022,24528,30680,55208,9308,16392,25700,1864,5580,7444,508390,585726,1094116
2021-08-17,43427,40644,84071,58031,61327,119358,85261,99014,184275,99249,111806,211055,83640,96415,180055,61511,74217,135728,44971,53611,98582,24666,30843,55509,9345,16471,25816,1870,5602,7472,511971,589950,1101921
2021-08-18,44027,41228,85255,58675,61952,120627,85738,99732,185470,99912,112655,212567,84183,97123,181306,61863,74743,136606,45219,53942,99161,24808,31033,55841,9382,16556,25938,1884,5627,7511,515691,594591,1110282
2021-08-19,44633,41775,86408,59312,62624,121936,86291,100567,186858,100651,113564,214215,84764,97921,182685,62291,75301,137592,45473,54279,99752,24933,31196,56129,9422,16613,26035,1892,5641,7533,519662,599481,1119143
2021-08-20,45336,42425,87761,60053,63411,123464,86881,101380,188261,101323,114520,215843,85381,98829,184210,62670,75904,138574,45742,54654,100396,25083,31412,56495,9459,16689,26148,1901,5659,7560,523829,604883,1128712
2021-08-21,45719,42835,88554,60444,63821,124265,87238,101921,189159,101832,115225,217057,85819,99430,185249,62974,76310,139284,45933,54910,100843,25188,31563,56751,9490,16741,26231,1905,5675,7580,526542,608431,1134973
2021-08-22,46262,43348,89610,60824,64218,125042,87523,102335,189858,102314,115878,218192,86243,100055,186298,63289,76700,139989,46124,55162,101286,25300,31680,56980,9519,16782,26301,1911,5690,7601,529309,611848,1141157
2021-08-23,47203,44258,91461,61493,64950,126443,88109,103127,191236,103069,116899,219968,86897,101006,187903,63710,77266,140976,46425,55575,102000,25468,31905,57373,9563,16849,26412,1915,5710,7625,533852,617545,1151397
2021-08-24,48152,45152,93304,62218,65655,127873,88664,103895,192559,103770,117939,221709,87511,101863,189374,64110,77847,141957,46699,55986,102685,25612,32085,57697,9625,16914,26539,1920,5731,7651,538281,623067,1161348
2021-08-25,49085,46033,95118,62902,66318,129220,89159,104611,193770,104433,118979,223412,88124,102750,190874,64521,78407,142928,46988,56405,103393,25787,32271,58058,9677,16955,26632,1926,5763,7689,542602,628492,1171094
2021-08-26,50067,46944,97011,63629,67078,130707,89726,105451,195177,105169,120025,225194,88753,103664,192417,64915,78999,143914,47290,56792,104082,25946,32502,58448,9727,17034,26761,1931,5784,7715,547153,634273,1181426
2021-08-27,51156,47887,99043,64361,67967,132328,90297,106317,196614,105935,121189,227124,89454,104717,194171,65372,79620,144992,47597,57197,104794,26096,32700,58796,9770,17112,26882,1936,5801,7737,551974,640507,1192481
2021-08-28,51773,48410,100183,64764,68378,133142,90672,106897,197569,106480,121914,228394,89906,105389,195295,65705,80042,145747,47819,57482,105301,26196,32840,59036,9816,17164,26980,1942,5809,7751,555073,644325,1199398
2021-08-29,52449,49046,101495,65106,68793,133899,90958,107375,198333,106966,122557,229523,90361,105996,196357,66022,80453,146475,48031,57730,105761,26306,32982,59288,9861,17218,27079,1944,5817,7761,558004,647967,1205971
2021-08-30,53595,50072,103667,65767,69444,135211,91463,108103,199566,107675,123572,231247,91008,106851,197859,66437,81019,147456,48316,58149,106465,26463,33199,59662,9923,17293,27216,1948,5839,7787,562595,653541,1216136
2021-08-31,54829,51205,106034,66602,70205,136807,92013,108939,200952,108413,124542,232955,91661,107776,199437,66880,81611,148491,48627,58563,107190,26646,33431,60077,9971,17367,27338,1957,5858,7815,567599,659497,1227096
2021-09-01,55941,52245,108186,67345,70928,138273,92535,109688,202223,109101,125563,234664,92258,108606,200864,67276,82138,149414,48900,58892,107792,26780,33628,60408,10021,17455,27476,1962,5876,7838,572119,665019,1237138
2021-09-02,56847,53092,109939,67956,71572,139528,92979,110301,203280,109761,126358,236119,92733,109410,202143,67610,82600,150210,49147,59201,108348,26919,33780,60699,10057,17503,27560,1968,5891,7859,575977,669708,1245685
2021-09-03,57577,53752,111329,68611,72290,140901,93460,110946,204406,110389,127244,237633,93319,110234,203553,67964,83141,151105,49434,59554,108988,27066,33978,61044,10101,17559,27660,1972,5903,7875,579893,674601,1254494
2021-09-04,58060,54175,112235,68901,72606,141507,93705,111300,205005,110803,127780,238583,93686,110709,204395,68215,83470,151685,49623,59781,109404,27172,34109,61281,10127,17612,27739,1975,5916,7891,582267,677458,1259725
2021-09-05,58565,54638,113203,69205,72928,142133,93963,111662,205625,111236,128380,239616,94071,111215,205286,68474,83806,152280,49803,60010,109813,27306,34239,61545,10157,17650,27807,1982,5931,7913,584762,680459,1265221
2021-09-06,59509,55585,115094,69774,73537,143311,94462,112363,206825,111896,129284,241180,94696,112027,206723,68879,84377,153256,50094,60364,110458,27496,34420,61916,10200,17729,27929,1989,5955,7944,588995,685641,1274636
2021-09-07,60363,56477,116840,70348,74192,144540,94877,112942,207819,112446,130030,242476,95187,112716,207903,69219,84829,154048,50332,60672,111004,27619,34605,62224,10238,17796,28034,1998,5981,7979,592627,690240,1282867
2021-09-08,61025,57192,118217,70923,74731,145654,95251,113427,208678,112971,130710,243681,95626,113332,208958,69543,85223,154766,50530,60927,111457,27733,34737,62470,10277,17844,28121,2005,5995,8000,595884,694118,1290002
2021-09-09,61726,57848,119574,71397,75199,146596,95595,114001,209596,113467,131336,244803,96040,113949,209989,69837,85653,155490,50754,61184,111938,27856,34893,62749,10317,17903,28220,2007,6011,8018,598996,697977,1296973
2021-09-10,62447,58523,120970,72009,75939,147948,96238,115019,211257,114306,132559,246865,96841,115187,212028,70467,86543,157010,51145,61812,112957,28025,35146,63171,10384,17961,28345,2014,6024,8038,603876,704713,1308589
2021-09-11,62878,58943,121821,72384,76350,148734,96759,115700,212459,114958,133400,248358,97446,115966,213412,70916,87123,158039,51454,62216,113670,28159,35335,63494,10424,18001,28425,2020,6031,8051,607398,709065,1316463
2021-09-12,63298,59304,122602,72612,76642,149254,96983,116007,212990,115292,133832,249124,97770,116357,214127,71132,87415,158547,51607,62422,114029,28248,35449,63697,10449,18029,28478,2025,6041,8066,609416,711498,1320914
2021-09-13,64097,60055,124152,73150,77216,150366,97409,116649,214058,115895,134656,250551,98360,117076,215436,71469,87978,159447,51891,62745,114636,28410,35650,64060,10492,18105,28597,2033,6062,8095,613206,716192,1329398
2021-09-14,64847,60736,125583,73593,77718,151311,97772,117126,214898,116356,135313,251669,98769,117668,216437,71759,88412,160171,52100,63032,115132,28545,35806,64351,10513,18167,28680,2040,6075,8115,616294,720053,1336347
2021-09-15,65287,61163,126450,73858,78004,151862,97941,117403,215344,116611,135683,252294,98999,117987,216986,71894,88602,160496,52220,63189,115409,28613,35892,64505,10541,18212,28753,2047,6097,8144,618011,722232,1340243
2021-09-16,65556,61411,126967,74066,78226,152292,98097,117653,215750,116831,136055,252886,99235,118332,217567,72028,88798,160826,52298,63308,115606,28660,35956,64616,10560,18241,28801,2052,6106,8158,619383,724086,1343469
