FECHA,<=10M,<=10F,<=10,11-20M,11-20F,11-20,21-30M,21-30F,21-30,31-40M,31-40F,31-40,41-50M,41-50F,41-50,51-60M,51-60F,51-60,61-70M,61-70F,61-70,71-80M,71-80F,71-80,81-90M,81-90F,81-90,>=91M,>=91F,>=91,TotalM,TotalF,Total,DelayCount,CumDelay,DelayAvg
2020-03-15,1,0,1,0,0,0,0,2,2,2,1,3,0,0,0,1,0,1,1,0,1,1,1,2,0,0,0,0,0,0,6,4,10,10,33,3.3
2020-03-16,1,2,3,0,1,1,1,1,2,1,1,2,0,0,0,2,0,2,2,1,3,0,0,0,0,0,0,0,0,0,7,6,13,13,46,3.5384615384615383
2020-03-17,0,4,4,0,1,1,1,1,2,1,0,1,0,2,2,1,1,2,1,1,2,2,2,4,1,0,1,0,0,0,7,12,19,19,42,2.210526315789474
2020-03-18,2,1,3,0,0,0,0,0,0,2,1,3,0,1,1,1,1,2,0,2,2,1,0,1,1,0,1,0,0,0,7,6,13,13,22,1.6923076923076923
2020-03-19,1,0,1,0,0,0,3,1,4,2,2,4,1,1,2,0,0,0,1,1,2,1,1,2,0,0,0,1,0,1,10,6,16,16,36,2.25
2020-03-20,1,1,2,1,0,1,0,0,0,1,2,3,0,0,0,0,1,1,0,1,1,2,2,4,1,0,1,0,0,0,6,7,13,13,27,2.076923076923077
2020-03-21,0,0,0,2,0,2,0,2,2,2,1,3,1,1,2,0,0,0,2,2,4,1,1,2,0,0,0,1,0,1,9,7,16,16,47,2.9375
2020-03-22,0,0,0,0,0,0,3,1,4,0,0,0,0,0,0,1,1,2,0,1,1,2,0,2,3,2,5,0,0,0,9,5,14,14,39,2.7857142857142856
2020-03-23,1,0,1,1,2,3,1,1,2,1,1,2,0,1,1,2,0,2,2,0,2,4,3,7,3,3,6,0,2,2,15,13,28,28,56,2.0
2020-03-24,1,0,1,0,0,0,1,0,1,1,1,2,0,1,1,2,1,3,0,1,1,2,0,2,1,1,2,1,0,1,9,5,14,14,22,1.5714285714285714
2020-03-25,1,2,3,0,0,0,1,2,3,1,2,3,1,0,1,0,2,2,2,1,3,2,2,4,2,4,6,2,1,3,12,16,28,28,39,1.3928571428571428
2020-03-26,4,3,7,2,0,2,1,2,3,4,2,6,1,3,4,3,1,4,1,4,5,3,1,4,4,0,4,3,1,4,26,17,43,43,155,3.604651162790698
2020-03-27,2,2,4,0,1,1,0,1,1,3,0,3,1,3,4,1,2,3,1,5,6,4,6,10,3,2,5,2,6,8,17,28,45,45,99,2.2
2020-03-28,2,0,2,0,0,0,1,1,2,0,1,1,1,1,2,3,1,4,3,0,3,4,6,10,2,1,3,1,0,1,17,11,28,28,96,3.4285714285714284
2020-03-29,1,0,1,1,1,2,0,1,1,2,0,2,2,2,4,0,0,0,6,3,9,4,1,5,4,2,6,2,1,3,22,11,33,33,74,2.242424242424242
2020-03-30,2,1,3,0,0,0,1,5,6,1,2,3,4,2,6,1,1,2,5,0,5,3,5,8,5,1,6,3,2,5,25,19,44,44,86,1.9545454545454546
2020-03-31,6,2,8,2,0,2,2,1,3,3,2,5,4,1,5,1,1,2,4,1,5,4,3,7,2,3,5,4,0,4,32,14,46,46,88,1.9130434782608696
2020-04-01,6,7,13,0,2,2,4,3,7,3,1,4,10,4,14,3,2,5,4,3,7,5,2,7,5,6,11,0,1,1,40,31,71,71,173,2.436619718309859
2020-04-02,4,6,10,5,4,9,1,4,5,3,4,7,3,3,6,1,5,6,6,4,10,6,6,12,5,6,11,2,4,6,36,46,82,82,146,1.7804878048780488
2020-04-03,14,7,21,3,3,6,4,5,9,5,6,11,3,7,10,1,4,5,6,3,9,4,3,7,5,7,12,1,5,6,46,50,96,96,188,1.9583333333333333
2020-04-04,7,6,13,1,1,2,2,6,8,2,9,11,4,2,6,5,0,5,4,2,6,2,4,6,4,2,6,1,3,4,32,35,67,67,109,1.626865671641791
2020-04-05,4,6,10,2,1,3,6,0,6,4,1,5,8,1,9,4,2,6,1,9,10,5,8,13,4,4,8,2,3,5,40,35,75,75,125,1.6666666666666667
2020-04-06,10,6,16,3,1,4,5,3,8,10,1,11,9,4,13,7,2,9,4,7,11,10,3,13,7,5,12,1,2,3,66,34,100,100,151,1.51
2020-04-07,7,7,14,1,2,3,5,3,8,4,5,9,5,4,9,6,2,8,3,3,6,6,8,14,6,11,17,2,1,3,45,46,91,91,111,1.2197802197802199
2020-04-08,6,5,11,2,1,3,2,4,6,5,2,7,7,3,10,4,3,7,6,4,10,9,4,13,2,3,5,3,6,9,46,35,81,81,101,1.2469135802469136
2020-04-09,1,2,3,1,2,3,2,7,9,11,7,18,3,4,7,7,6,13,4,2,6,7,9,16,3,9,12,4,5,9,43,53,96,96,125,1.3020833333333333
2020-04-10,13,2,15,2,3,5,2,4,6,3,1,4,8,1,9,2,3,5,5,1,6,1,10,11,4,7,11,2,5,7,42,37,79,79,102,1.2911392405063291
2020-04-11,5,4,9,2,2,4,6,4,10,4,3,7,4,1,5,1,3,4,3,6,9,5,2,7,4,7,11,1,5,6,35,37,72,72,93,1.2916666666666667
2020-04-12,6,5,11,1,0,1,0,2,2,5,1,6,3,5,8,6,1,7,2,3,5,3,8,11,3,4,7,1,2,3,30,31,61,61,98,1.6065573770491803
2020-04-13,4,6,10,4,3,7,8,6,14,4,7,11,3,3,6,4,4,8,6,4,10,5,7,12,7,8,15,5,6,11,50,54,104,104,128,1.2307692307692308
2020-04-14,12,4,16,2,0,2,7,6,13,6,2,8,4,5,9,8,5,13,4,7,11,7,5,12,7,4,11,4,4,8,61,42,103,103,110,1.0679611650485437
2020-04-15,7,3,10,4,5,9,1,5,6,6,6,12,5,11,16,3,8,11,6,2,8,8,2,10,9,8,17,5,3,8,54,53,107,107,151,1.411214953271028
2020-04-16,7,2,9,4,4,8,7,3,10,8,11,19,9,8,17,7,7,14,4,10,14,6,4,10,5,5,10,0,4,4,57,58,115,115,116,1.008695652173913
2020-04-17,7,4,11,1,3,4,1,7,8,6,12,18,9,6,15,6,6,12,7,3,10,12,6,18,5,8,13,1,3,4,55,58,113,113,158,1.3982300884955752
2020-04-18,6,6,12,3,0,3,9,2,11,11,5,16,7,4,11,5,3,8,2,2,4,4,10,14,5,7,12,3,5,8,55,44,99,99,149,1.505050505050505
2020-04-19,5,6,11,3,1,4,3,2,5,4,3,7,3,3,6,5,7,12,2,7,9,6,8,14,3,7,10,2,1,3,36,45,81,81,100,1.2345679012345678
2020-04-20,9,5,14,8,7,15,10,3,13,11,5,16,6,7,13,7,2,9,10,8,18,15,10,25,9,8,17,5,15,20,90,70,160,160,183,1.14375
2020-04-21,9,8,17,4,3,7,12,3,15,7,9,16,2,2,4,4,7,11,4,6,10,12,12,24,7,10,17,3,10,13,64,70,134,134,155,1.1567164179104477
2020-04-22,8,5,13,3,5,8,7,7,14,9,2,11,12,7,19,3,6,9,7,3,10,9,14,23,8,11,19,7,7,14,73,67,140,140,223,1.5928571428571427
2020-04-23,11,9,20,4,5,9,5,8,13,8,7,15,7,3,10,3,9,12,6,4,10,9,8,17,10,9,19,7,10,17,70,72,142,142,138,0.971830985915493
2020-04-24,9,9,18,5,4,9,6,7,13,12,10,22,5,6,11,7,6,13,8,9,17,10,9,19,10,16,26,3,3,6,75,79,154,154,168,1.0909090909090908
2020-04-25,8,2,10,4,1,5,2,5,7,6,8,14,4,3,7,5,4,9,6,4,10,7,3,10,9,15,24,5,5,10,56,50,106,106,94,0.8867924528301887
2020-04-26,5,13,18,4,6,10,2,3,5,3,2,5,8,4,12,2,3,5,6,5,11,4,8,12,8,7,15,1,3,4,43,54,97,97,87,0.8969072164948454
2020-04-27,10,9,19,4,4,8,5,5,10,3,9,12,4,8,12,7,7,14,9,7,16,18,6,24,11,13,24,3,6,9,74,74,148,148,124,0.8378378378378378
2020-04-28,12,7,19,4,3,7,10,8,18,8,9,17,5,8,13,7,6,13,5,7,12,3,12,15,6,14,20,2,4,6,62,78,140,140,111,0.7928571428571428
2020-04-29,10,8,18,4,3,7,11,6,17,16,8,24,9,6,15,7,6,13,3,8,11,9,5,14,3,15,18,5,10,15,77,75,152,152,129,0.8486842105263158
2020-04-30,13,8,21,9,2,11,8,3,11,5,4,9,10,7,17,7,7,14,9,10,19,6,9,15,9,16,25,7,8,15,83,74,157,157,128,0.8152866242038217
2020-05-01,0,10,10,5,5,10,1,4,5,8,8,16,9,8,17,6,3,9,10,5,15,7,8,15,8,10,18,0,4,4,54,65,119,119,101,0.8487394957983193
2020-05-02,4,13,17,5,6,11,6,2,8,10,5,15,5,5,10,7,1,8,3,2,5,7,2,9,6,10,16,1,3,4,54,49,103,103,105,1.0194174757281553
2020-05-03,5,4,9,2,1,3,6,5,11,8,5,13,4,5,9,7,2,9,7,7,14,4,8,12,8,8,16,3,5,8,54,50,104,104,86,0.8269230769230769
2020-05-04,14,15,29,5,2,7,6,6,12,8,6,14,4,4,8,8,4,12,7,11,18,15,12,27,7,18,25,3,4,7,77,82,159,159,127,0.7987421383647799
2020-05-05,6,6,12,7,1,8,8,8,16,11,9,20,5,9,14,8,5,13,10,5,15,14,5,19,5,14,19,2,9,11,76,71,147,147,100,0.6802721088435374
2020-05-06,10,8,18,3,0,3,8,6,14,12,10,22,15,7,22,3,5,8,9,4,13,17,13,30,6,11,17,5,6,11,88,70,158,158,109,0.689873417721519
2020-05-07,14,7,21,5,5,10,12,4,16,11,7,18,13,8,21,5,6,11,7,5,12,14,5,19,6,12,18,1,8,9,88,67,155,155,96,0.6193548387096774
2020-05-08,11,9,20,4,3,7,10,7,17,9,12,21,15,10,25,12,5,17,5,9,14,12,8,20,10,12,22,3,13,16,91,88,179,179,184,1.0279329608938548
2020-05-09,14,8,22,3,0,3,3,10,13,5,5,10,7,6,13,4,3,7,6,7,13,11,2,13,5,10,15,5,8,13,63,59,122,122,111,0.9098360655737705
2020-05-10,7,7,14,1,1,2,7,7,14,4,7,11,2,3,5,4,4,8,6,4,10,9,10,19,5,10,15,1,7,8,46,60,106,106,94,0.8867924528301887
2020-05-11,11,11,22,6,4,10,6,5,11,10,7,17,7,10,17,8,5,13,11,5,16,11,9,20,11,16,27,4,13,17,85,85,170,170,124,0.7294117647058823
2020-05-12,10,8,18,6,8,14,18,15,33,21,5,26,6,10,16,5,4,9,9,6,15,5,10,15,9,13,22,6,12,18,95,91,186,186,132,0.7096774193548387
2020-05-13,20,9,29,9,9,18,15,7,22,11,16,27,12,5,17,6,8,14,6,5,11,9,6,15,7,14,21,2,9,11,97,88,185,185,157,0.8486486486486486
2020-05-14,18,19,37,8,6,14,12,17,29,17,13,30,9,8,17,5,7,12,8,10,18,7,10,17,10,11,21,2,15,17,96,116,212,212,188,0.8867924528301887
2020-05-15,14,14,28,7,5,12,7,9,16,8,9,17,10,15,25,9,5,14,10,8,18,6,6,12,10,18,28,5,11,16,86,100,186,185,169,0.9135135135135135
2020-05-16,6,13,19,6,3,9,4,8,12,8,12,20,6,6,12,6,8,14,4,5,9,9,4,13,6,4,10,5,13,18,60,76,136,136,185,1.3602941176470589
2020-05-17,11,12,23,3,4,7,9,5,14,6,7,13,7,8,15,3,2,5,5,6,11,5,4,9,10,9,19,4,7,11,63,64,127,127,90,0.7086614173228346
2020-05-18,16,16,32,5,8,13,20,18,38,18,12,30,10,13,23,12,7,19,9,12,21,16,13,29,16,12,28,2,11,13,124,122,246,246,193,0.7845528455284553
2020-05-19,16,12,28,11,9,20,23,21,44,29,18,47,21,8,29,12,12,24,13,10,23,9,17,26,11,19,30,3,9,12,148,135,283,283,204,0.7208480565371025
2020-05-20,21,29,50,7,10,17,21,16,37,32,15,47,17,12,29,8,10,18,15,11,26,9,10,19,12,16,28,6,6,12,148,135,283,283,188,0.6643109540636042
2020-05-21,21,25,46,16,6,22,26,18,44,26,16,42,11,15,26,17,9,26,8,7,15,15,9,24,7,16,23,1,4,5,148,125,273,273,138,0.5054945054945055
2020-05-22,18,15,33,11,10,21,21,22,43,20,23,43,14,10,24,10,5,15,5,9,14,8,8,16,7,12,19,6,14,20,120,128,248,248,131,0.5282258064516129
2020-05-23,9,13,22,12,12,24,23,11,34,22,15,37,9,8,17,5,7,12,10,11,21,9,10,19,8,5,13,3,2,5,110,94,204,204,125,0.6127450980392157
2020-05-24,12,11,23,8,8,16,8,6,14,13,9,22,8,2,10,6,3,9,10,4,14,10,6,16,5,11,16,2,6,8,82,66,148,148,115,0.777027027027027
2020-05-25,22,19,41,16,10,26,16,17,33,12,12,24,10,9,19,5,7,12,4,5,9,13,2,15,8,15,23,2,8,10,108,104,212,212,116,0.5471698113207547
2020-05-26,23,22,45,16,16,32,26,25,51,38,17,55,16,19,35,8,13,21,8,5,13,13,4,17,10,15,25,3,11,14,161,147,308,308,232,0.7532467532467533
2020-05-27,28,24,52,16,12,28,13,19,32,19,11,30,13,10,23,16,11,27,8,7,15,4,11,15,5,16,21,4,2,6,126,123,249,249,186,0.7469879518072289
2020-05-28,21,30,51,15,7,22,23,25,48,16,18,34,16,12,28,10,14,24,8,12,20,13,5,18,12,15,27,6,15,21,140,153,293,293,204,0.6962457337883959
2020-05-29,25,22,47,21,16,37,32,23,55,25,29,54,23,15,38,13,14,27,11,6,17,15,9,24,13,16,29,2,4,6,180,154,334,334,265,0.7934131736526946
2020-05-30,22,18,40,12,8,20,28,23,51,33,8,41,10,12,22,11,11,22,6,5,11,10,10,20,8,9,17,1,9,10,141,113,254,253,112,0.4426877470355731
2020-05-31,18,12,30,9,8,17,15,8,23,10,10,20,10,4,14,4,7,11,6,4,10,10,5,15,5,8,13,1,8,9,88,74,162,162,87,0.5370370370370371
2020-06-01,25,18,43,12,14,26,21,29,50,24,26,50,12,16,28,12,10,22,18,10,28,12,8,20,6,10,16,5,4,9,147,145,292,292,205,0.702054794520548
2020-06-02,30,20,50,19,17,36,26,19,45,17,24,41,19,15,34,8,10,18,13,9,22,20,9,29,5,13,18,5,12,17,162,148,310,310,179,0.5774193548387097
2020-06-03,23,14,37,13,23,36,22,24,46,22,24,46,11,18,29,7,8,15,11,11,22,14,11,25,12,16,28,2,10,12,137,159,296,296,166,0.5608108108108109
2020-06-04,23,20,43,14,15,29,26,19,45,17,17,34,12,11,23,19,11,30,9,5,14,19,10,29,10,14,24,3,10,13,152,132,284,283,188,0.6643109540636042
2020-06-05,30,30,60,11,14,25,31,18,49,25,30,55,25,19,44,16,18,34,13,12,25,13,11,24,11,20,31,3,9,12,178,181,359,359,312,0.8690807799442897
2020-06-06,19,19,38,11,8,19,16,14,30,21,21,42,11,10,21,14,7,21,9,9,18,10,9,19,9,16,25,3,9,12,123,122,245,240,168,0.7
2020-06-07,10,17,27,12,10,22,17,9,26,12,10,22,13,7,20,10,6,16,6,4,10,8,6,14,10,12,22,3,8,11,101,89,190,187,107,0.5721925133689839
2020-06-08,20,23,43,15,17,32,25,22,47,30,24,54,31,15,46,17,16,33,13,8,21,16,14,30,10,17,27,4,7,11,181,163,344,344,224,0.6511627906976745
2020-06-09,38,20,58,15,19,34,18,24,42,22,25,47,28,18,46,12,6,18,13,5,18,8,13,21,12,26,38,3,11,14,169,167,336,335,208,0.6208955223880597
2020-06-10,16,20,36,10,14,24,34,17,51,23,31,54,23,17,40,19,14,33,14,10,24,19,21,40,6,18,24,6,16,22,170,178,348,348,251,0.7212643678160919
2020-06-11,25,29,54,11,14,25,20,23,43,29,27,56,11,15,26,13,18,31,11,16,27,16,14,30,5,24,29,4,15,19,145,195,340,340,242,0.711764705882353
2020-06-12,29,34,63,8,17,25,40,26,66,40,38,78,25,27,52,16,14,30,19,14,33,14,13,27,6,21,27,4,9,13,201,213,414,414,275,0.6642512077294686
2020-06-13,24,24,48,15,15,30,29,28,57,26,17,43,9,15,24,15,11,26,9,4,13,14,9,23,6,15,21,2,6,8,149,144,293,293,205,0.6996587030716723
2020-06-14,17,22,39,15,10,25,17,15,32,16,9,25,13,11,24,8,12,20,9,4,13,3,11,14,13,20,33,1,8,9,112,122,234,234,166,0.7094017094017094
2020-06-15,21,24,45,18,13,31,24,22,46,18,18,36,17,10,27,11,8,19,11,4,15,10,7,17,7,15,22,1,10,11,138,131,269,269,173,0.6431226765799256
2020-06-16,38,44,82,16,17,33,48,30,78,43,26,69,28,21,49,20,14,34,15,10,25,13,7,20,12,22,34,3,14,17,236,205,441,441,263,0.5963718820861678
2020-06-17,28,28,56,17,18,35,41,28,69,30,33,63,31,18,49,22,14,36,13,11,24,7,19,26,16,13,29,2,9,11,207,191,398,398,325,0.8165829145728644
2020-06-18,37,33,70,12,11,23,45,30,75,47,37,84,33,14,47,25,16,41,18,18,36,12,16,28,14,20,34,2,12,14,245,207,452,452,391,0.8650442477876106
2020-06-19,43,23,66,12,21,33,28,24,52,53,22,75,32,28,60,30,16,46,19,12,31,22,13,35,15,19,34,8,13,21,262,191,453,453,462,1.0198675496688743
2020-06-20,27,23,50,11,16,27,31,21,52,31,22,53,20,21,41,15,15,30,14,13,27,11,7,18,7,14,21,4,7,11,171,159,330,330,192,0.5818181818181818
2020-06-21,23,13,36,13,10,23,23,23,46,20,20,40,15,9,24,13,6,19,7,10,17,7,6,13,5,10,15,1,7,8,127,114,241,241,105,0.43568464730290457
2020-06-22,33,32,65,21,19,40,28,33,61,36,20,56,27,22,49,19,24,43,14,17,31,19,12,31,7,18,25,2,12,14,206,209,415,415,296,0.7132530120481928
2020-06-23,38,31,69,21,23,44,41,28,69,49,33,82,29,26,55,15,26,41,14,16,30,10,9,19,11,15,26,4,7,11,232,214,446,446,266,0.5964125560538116
2020-06-24,28,30,58,24,16,40,38,41,79,34,35,69,29,21,50,19,20,39,9,16,25,11,11,22,12,13,25,2,5,7,206,208,414,414,187,0.45169082125603865
2020-06-25,35,41,76,25,30,55,31,31,62,35,25,60,37,27,64,32,25,57,7,10,17,8,12,20,8,12,20,5,6,11,223,219,442,442,280,0.6334841628959276
2020-06-26,33,23,56,26,21,47,47,30,77,35,35,70,30,24,54,16,18,34,15,14,29,12,14,26,9,19,28,2,9,11,225,207,432,432,200,0.46296296296296297
2020-06-27,40,39,79,25,29,54,32,32,64,30,25,55,24,18,42,14,7,21,16,6,22,3,13,16,5,7,12,4,5,9,193,181,374,374,211,0.5641711229946524
2020-06-28,35,18,53,11,13,24,12,26,38,28,21,49,16,16,32,14,13,27,9,6,15,7,7,14,8,10,18,6,7,13,146,137,283,283,143,0.5053003533568905
2020-06-29,34,39,73,25,26,51,32,25,57,41,25,66,21,20,41,14,25,39,21,10,31,12,15,27,11,12,23,5,9,14,216,206,422,422,238,0.5639810426540285
2020-06-30,21,31,52,10,18,28,41,32,73,29,36,65,26,24,50,19,15,34,18,8,26,17,9,26,9,17,26,2,11,13,192,201,393,392,210,0.5357142857142857
2020-07-01,28,26,54,12,23,35,49,33,82,32,28,60,22,23,45,22,26,48,14,9,23,12,9,21,7,20,27,3,6,9,201,203,404,404,218,0.5396039603960396
2020-07-02,39,38,77,18,23,41,36,38,74,40,37,77,32,23,55,15,20,35,16,8,24,7,12,19,11,11,22,4,5,9,218,215,433,433,170,0.39260969976905313
2020-07-03,41,27,68,27,15,42,31,25,56,41,41,82,23,27,50,20,18,38,17,12,29,9,15,24,8,17,25,5,4,9,222,201,423,423,220,0.5200945626477541
2020-07-04,25,32,57,15,15,30,27,33,60,28,21,49,25,16,41,16,12,28,12,8,20,8,12,20,5,9,14,3,6,9,164,164,328,328,150,0.4573170731707317
2020-07-05,19,25,44,18,10,28,24,25,49,25,26,51,10,21,31,17,16,33,17,13,30,15,12,27,8,13,21,3,9,12,156,170,326,326,161,0.4938650306748466
2020-07-06,17,25,42,18,14,32,34,36,70,40,21,61,33,23,56,25,19,44,18,22,40,17,24,41,10,21,31,3,9,12,215,214,429,429,139,0.32400932400932403
2020-07-07,32,48,80,14,20,34,44,37,81,42,32,74,22,31,53,27,16,43,16,16,32,11,13,24,10,20,30,7,11,18,225,244,469,469,183,0.39019189765458423
2020-07-08,33,20,53,23,21,44,47,33,80,33,33,66,36,36,72,21,24,45,16,16,32,15,20,35,12,15,27,4,14,18,240,232,472,472,209,0.4427966101694915
2020-07-09,25,18,43,14,11,25,24,24,48,32,23,55,26,21,47,12,12,24,7,16,23,8,22,30,4,14,18,6,8,14,158,169,327,327,132,0.4036697247706422
2020-07-10,20,17,37,18,17,35,26,23,49,28,21,49,19,21,40,13,12,25,15,15,30,17,12,29,12,14,26,2,10,12,170,162,332,332,125,0.37650602409638556
2020-07-11,21,28,49,16,10,26,17,21,38,21,27,48,18,21,39,16,15,31,18,11,29,13,16,29,4,17,21,2,9,11,146,175,321,321,144,0.4485981308411215
2020-07-12,18,16,34,16,7,23,18,16,34,19,11,30,14,9,23,8,10,18,9,9,18,9,5,14,7,11,18,4,7,11,122,101,223,223,84,0.37668161434977576
2020-07-13,24,29,53,18,22,40,39,31,70,36,35,71,34,28,62,25,30,55,31,23,54,18,31,49,12,46,58,2,25,27,239,300,539,539,320,0.5936920222634509
2020-07-14,28,29,57,24,12,36,32,24,56,53,33,86,33,25,58,26,12,38,21,23,44,17,26,43,6,16,22,7,14,21,247,214,461,461,208,0.4511930585683297
2020-07-15,27,29,56,30,20,50,34,48,82,50,44,94,34,39,73,23,29,52,23,22,45,10,16,26,14,16,30,8,5,13,253,268,521,521,217,0.4165067178502879
2020-07-16,35,19,54,17,29,46,39,45,84,45,28,73,34,37,71,27,29,56,16,13,29,15,16,31,19,30,49,2,18,20,249,264,513,513,290,0.5653021442495126
2020-07-17,34,29,63,22,15,37,28,33,61,37,45,82,36,43,79,28,33,61,24,27,51,18,14,32,16,21,37,4,10,14,247,270,517,517,259,0.5009671179883946
2020-07-18,22,23,45,14,12,26,34,29,63,31,35,66,24,25,49,25,19,44,23,18,41,9,9,18,14,21,35,2,5,7,198,196,394,394,217,0.550761421319797
2020-07-19,26,26,52,11,15,26,24,24,48,22,22,44,19,18,37,21,22,43,11,10,21,12,8,20,9,16,25,3,6,9,158,167,325,325,112,0.3446153846153846
2020-07-20,41,37,78,35,27,62,53,41,94,49,54,103,40,54,94,30,36,66,24,32,56,19,21,40,19,23,42,3,11,14,313,336,649,649,236,0.36363636363636365
2020-07-21,34,31,65,23,20,43,41,37,78,51,32,83,39,32,71,29,28,57,26,25,51,19,24,43,14,23,37,5,11,16,281,263,544,544,214,0.39338235294117646
2020-07-22,53,33,86,20,20,40,56,40,96,50,50,100,48,34,82,26,25,51,14,22,36,22,16,38,15,29,44,1,9,10,305,278,583,583,211,0.36192109777015435
2020-07-23,39,35,74,23,16,39,49,43,92,43,48,91,31,26,57,29,21,50,17,20,37,16,22,38,8,19,27,6,11,17,261,261,522,522,301,0.5766283524904214
2020-07-24,28,32,60,18,21,39,49,46,95,44,53,97,30,32,62,31,18,49,30,13,43,11,19,30,11,26,37,3,13,16,255,273,528,528,265,0.5018939393939394
2020-07-25,28,23,51,23,14,37,36,32,68,34,37,71,28,23,51,12,8,20,14,13,27,12,12,24,9,16,25,5,4,9,201,182,383,383,212,0.5535248041775457
2020-07-26,23,25,48,12,14,26,18,18,36,25,23,48,27,12,39,18,12,30,11,8,19,15,8,23,6,15,21,6,7,13,161,142,303,303,148,0.4884488448844885
2020-07-27,26,32,58,25,23,48,47,36,83,44,42,86,44,43,87,27,37,64,19,24,43,16,21,37,17,21,38,5,19,24,270,298,568,568,255,0.448943661971831
2020-07-28,34,27,61,22,18,40,56,58,114,52,37,89,39,38,77,34,35,69,30,28,58,13,26,39,12,21,33,5,18,23,297,306,603,603,253,0.41956882255389716
2020-07-29,32,36,68,21,28,49,61,45,106,49,46,95,47,39,86,31,41,72,20,27,47,23,22,45,16,28,44,6,24,30,306,336,642,642,242,0.37694704049844235
2020-07-30,41,31,72,31,32,63,76,57,133,60,51,111,48,32,80,36,35,71,23,31,54,14,18,32,8,19,27,1,6,7,338,312,650,650,296,0.4553846153846154
2020-07-31,31,41,72,19,22,41,44,54,98,69,55,124,44,38,82,36,28,64,22,31,53,19,24,43,10,27,37,6,18,24,300,338,638,638,286,0.4482758620689655
2020-08-01,25,19,44,11,20,31,27,31,58,31,31,62,26,35,61,24,22,46,21,8,29,15,15,30,12,22,34,1,11,12,193,214,407,407,200,0.4914004914004914
2020-08-02,29,22,51,13,15,28,29,19,48,27,32,59,18,29,47,14,23,37,11,17,28,6,18,24,11,13,24,2,7,9,160,195,355,355,145,0.4084507042253521
2020-08-03,39,42,81,25,24,49,44,48,92,52,36,88,34,36,70,26,28,54,28,18,46,10,20,30,13,30,43,4,14,18,275,296,571,571,287,0.5026269702276708
2020-08-04,38,31,69,31,28,59,61,34,95,57,44,101,51,36,87,35,27,62,27,18,45,16,19,35,17,29,46,5,17,22,338,283,621,621,287,0.46215780998389694
2020-08-05,39,37,76,34,22,56,53,34,87,42,50,92,33,37,70,34,36,70,28,26,54,19,18,37,17,20,37,3,8,11,302,288,590,590,398,0.6745762711864407
2020-08-06,36,24,60,19,29,48,55,50,105,45,51,96,51,41,92,31,35,66,25,18,43,17,18,35,16,24,40,5,12,17,300,302,602,601,326,0.5424292845257903
2020-08-07,50,33,83,26,24,50,49,44,93,47,44,91,38,47,85,33,20,53,20,23,43,18,24,42,14,36,50,5,22,27,300,317,617,617,262,0.4246353322528363
2020-08-08,30,27,57,16,17,33,30,30,60,53,48,101,26,34,60,31,29,60,20,17,37,13,25,38,11,19,30,1,20,21,231,266,497,497,157,0.3158953722334004
2020-08-09,25,26,51,9,10,19,27,28,55,36,26,62,21,35,56,26,26,52,20,15,35,13,22,35,15,40,55,4,19,23,196,247,443,443,155,0.34988713318284426
2020-08-10,39,33,72,26,24,50,64,51,115,61,37,98,47,43,90,32,34,66,18,14,32,16,25,41,14,20,34,4,11,15,321,292,613,613,238,0.38825448613376834
2020-08-11,35,34,69,35,21,56,55,49,104,73,51,124,49,45,94,35,35,70,27,20,47,22,31,53,15,28,43,6,12,18,352,326,678,678,274,0.40412979351032446
2020-08-12,31,36,67,34,18,52,52,51,103,42,72,114,48,51,99,33,31,64,27,24,51,15,24,39,12,21,33,5,16,21,299,344,643,643,232,0.3608087091757387
2020-08-13,21,30,51,31,23,54,63,60,123,73,74,147,49,45,94,41,38,79,21,26,47,26,15,41,10,24,34,4,16,20,339,351,690,690,233,0.33768115942028987
2020-08-14,24,26,50,20,18,38,73,60,133,61,56,117,60,38,98,37,38,75,29,25,54,20,31,51,13,21,34,3,12,15,340,325,665,665,251,0.3774436090225564
2020-08-15,38,23,61,27,14,41,33,41,74,48,52,100,23,43,66,26,27,53,23,19,42,15,29,44,9,41,50,4,17,21,246,306,552,552,207,0.375
2020-08-16,31,16,47,11,7,18,39,35,74,31,33,64,18,27,45,21,19,40,11,19,30,13,13,26,11,30,41,4,21,25,190,220,410,409,174,0.4254278728606357
2020-08-17,22,16,38,21,18,39,41,37,78,42,51,93,36,36,72,31,38,69,14,33,47,12,13,25,11,18,29,0,16,16,230,276,506,506,202,0.39920948616600793
2020-08-18,38,35,73,28,12,40,48,49,97,63,56,119,43,37,80,24,49,73,20,31,51,23,27,50,9,17,26,0,18,18,296,331,627,627,199,0.31738437001594894
2020-08-19,40,35,75,22,25,47,45,58,103,57,54,111,34,43,77,36,26,62,18,28,46,17,26,43,12,36,48,4,18,22,285,349,634,634,210,0.3312302839116719
2020-08-20,25,24,49,23,19,42,50,51,101,44,50,94,29,47,76,32,25,57,22,30,52,12,19,31,15,23,38,3,12,15,255,300,555,555,228,0.41081081081081083
2020-08-21,26,38,64,29,21,50,41,44,85,56,54,110,45,43,88,36,48,84,32,27,59,22,35,57,14,35,49,5,10,15,306,355,661,661,276,0.4175491679273828
2020-08-22,14,17,31,24,18,42,34,28,62,31,46,77,40,29,69,19,21,40,21,21,42,11,20,31,8,13,21,3,14,17,205,227,432,432,197,0.45601851851851855
2020-08-23,21,29,50,12,12,24,25,16,41,34,32,66,25,19,44,24,25,49,17,19,36,9,22,31,11,7,18,5,4,9,183,185,368,368,116,0.31521739130434784
2020-08-24,40,42,82,22,21,43,41,53,94,59,47,106,37,46,83,43,28,71,21,30,51,17,23,40,17,22,39,6,19,25,303,331,634,634,254,0.40063091482649843
2020-08-25,25,28,53,25,17,42,51,64,115,56,69,125,35,37,72,30,33,63,21,28,49,11,18,29,17,28,45,6,17,23,277,339,616,616,246,0.39935064935064934
2020-08-26,44,20,64,26,26,52,65,55,120,57,53,110,42,47,89,34,35,69,30,20,50,21,25,46,17,28,45,3,15,18,339,324,663,663,246,0.37104072398190047
2020-08-27,35,28,63,33,26,59,67,61,128,65,50,115,54,50,104,39,35,74,21,31,52,24,25,49,17,27,44,5,25,30,360,358,718,718,242,0.3370473537604457
2020-08-28,34,32,66,40,20,60,74,68,142,60,65,125,56,55,111,43,56,99,22,34,56,26,26,52,11,20,31,6,10,16,372,386,758,758,330,0.43535620052770446
2020-08-29,27,15,42,12,12,24,53,44,97,41,61,102,42,40,82,24,24,48,26,18,44,16,18,34,8,24,32,3,16,19,252,272,524,524,274,0.5229007633587787
2020-08-30,23,25,48,20,17,37,36,32,68,42,34,76,35,32,67,25,21,46,14,18,32,9,16,25,9,10,19,3,5,8,216,210,426,426,122,0.2863849765258216
2020-08-31,36,22,58,28,19,47,52,50,102,52,58,110,48,49,97,27,34,61,28,31,59,26,24,50,19,37,56,2,15,17,318,339,657,657,359,0.5464231354642314
2020-09-01,38,33,71,22,37,59,57,57,114,82,66,148,59,34,93,32,48,80,19,22,41,15,24,39,15,41,56,7,15,22,346,377,723,722,282,0.39058171745152354
2020-09-02,31,18,49,20,16,36,35,60,95,39,59,98,43,35,78,33,31,64,17,24,41,26,23,49,17,26,43,3,30,33,264,322,586,586,292,0.49829351535836175
2020-09-03,31,29,60,28,23,51,59,66,125,75,70,145,56,44,100,36,30,66,22,30,52,19,23,42,12,28,40,4,9,13,342,352,694,694,283,0.40778097982708933
2020-09-04,31,33,64,24,22,46,53,54,107,60,64,124,55,59,114,27,33,60,32,39,71,25,23,48,13,28,41,3,16,19,323,371,694,694,325,0.46829971181556196
2020-09-05,20,21,41,15,14,29,46,39,85,45,57,102,36,44,80,22,29,51,25,27,52,18,17,35,15,19,34,3,7,10,245,274,519,519,310,0.5973025048169557
2020-09-06,20,22,42,13,16,29,19,35,54,37,26,63,29,22,51,16,25,41,16,20,36,10,20,30,12,16,28,2,10,12,174,212,386,386,162,0.41968911917098445
2020-09-07,28,27,55,18,23,41,61,62,123,62,54,116,45,53,98,30,48,78,35,26,61,15,24,39,13,29,42,7,15,22,314,361,675,675,269,0.3985185185185185
2020-09-08,33,27,60,26,26,52,55,44,99,74,65,139,43,47,90,45,43,88,29,35,64,27,26,53,18,26,44,7,21,28,357,360,717,717,339,0.47280334728033474
2020-09-09,35,25,60,16,25,41,59,52,111,52,43,95,48,38,86,33,39,72,31,36,67,20,30,50,14,35,49,1,20,21,309,343,652,652,321,0.49233128834355827
2020-09-10,26,18,44,31,20,51,74,62,136,70,73,143,62,49,111,34,36,70,25,25,50,22,21,43,10,34,44,2,16,18,356,354,710,710,353,0.4971830985915493
2020-09-11,27,29,56,33,23,56,56,48,104,55,67,122,45,49,94,38,56,94,35,30,65,25,26,51,18,24,42,3,10,13,335,362,697,697,334,0.47919655667144906
2020-09-12,25,19,44,16,18,34,34,33,67,30,44,74,24,34,58,25,35,60,24,25,49,20,23,43,13,31,44,2,14,16,213,276,489,489,240,0.49079754601226994
2020-09-13,29,22,51,10,11,21,27,41,68,34,44,78,20,21,41,25,22,47,26,23,49,11,12,23,5,14,19,5,9,14,192,219,411,411,152,0.36982968369829683
2020-09-14,31,28,59,24,24,48,57,69,126,50,61,111,40,46,86,49,36,85,36,35,71,27,27,54,18,16,34,2,10,12,334,352,686,686,292,0.42565597667638483
2020-09-15,32,27,59,19,16,35,55,36,91,57,72,129,42,35,77,28,40,68,28,31,59,23,30,53,14,26,40,2,13,15,300,326,626,626,328,0.5239616613418531
2020-09-16,37,36,73,36,32,68,67,70,137,60,71,131,53,49,102,35,43,78,28,34,62,26,18,44,14,29,43,3,11,14,359,393,752,752,257,0.34175531914893614
2020-09-17,29,22,51,25,38,63,54,48,102,54,53,107,54,59,113,49,53,102,40,32,72,27,27,54,15,18,33,3,4,7,350,354,704,704,322,0.45738636363636365
2020-09-18,39,41,80,18,29,47,48,57,105,71,77,148,42,53,95,35,44,79,25,40,65,30,26,56,13,23,36,3,11,14,324,401,725,725,310,0.42758620689655175
2020-09-19,13,32,45,10,22,32,28,28,56,34,44,78,26,18,44,20,21,41,26,22,48,18,20,38,14,17,31,3,7,10,192,231,423,423,205,0.4846335697399527
2020-09-20,20,25,45,24,20,44,30,33,63,37,25,62,22,25,47,17,25,42,9,17,26,18,16,34,4,18,22,4,8,12,185,212,397,397,100,0.2518891687657431
2020-09-21,31,32,63,21,33,54,52,43,95,54,69,123,41,51,92,34,26,60,24,29,53,24,26,50,10,15,25,1,11,12,292,335,627,627,272,0.43381180223285487
2020-09-22,39,36,75,32,28,60,50,62,112,58,58,116,53,32,85,40,44,84,33,25,58,27,29,56,10,32,42,3,13,16,345,359,704,704,257,0.3650568181818182
2020-09-23,38,33,71,17,21,38,39,56,95,48,57,105,40,45,85,29,37,66,30,31,61,20,31,51,11,24,35,2,12,14,274,347,621,621,196,0.31561996779388085
2020-09-24,43,38,81,33,29,62,61,51,112,70,66,136,44,38,82,35,34,69,10,47,57,18,30,48,21,25,46,8,22,30,343,380,723,723,258,0.35684647302904565
2020-09-25,33,24,57,24,18,42,50,54,104,51,56,107,52,43,95,33,36,69,31,35,66,23,23,46,18,24,42,0,9,9,315,322,637,637,316,0.49607535321821034
2020-09-26,20,18,38,21,13,34,31,28,59,42,36,78,31,33,64,23,32,55,19,20,39,17,17,34,10,17,27,6,9,15,220,223,443,443,176,0.3972911963882618
2020-09-27,19,24,43,13,20,33,39,44,83,27,31,58,32,27,59,24,19,43,19,21,40,7,17,24,8,13,21,3,7,10,191,223,414,414,144,0.34782608695652173
2020-09-28,30,24,54,23,19,42,46,43,89,55,57,112,55,35,90,42,48,90,42,24,66,18,28,46,17,23,40,4,21,25,332,322,654,654,270,0.41284403669724773
2020-09-29,43,32,75,23,31,54,71,49,120,75,74,149,58,48,106,33,33,66,37,43,80,29,44,73,22,37,59,3,25,28,394,416,810,810,227,0.2802469135802469
2020-09-30,35,29,64,27,26,53,58,64,122,59,57,116,45,34,79,42,46,88,37,42,79,26,27,53,9,24,33,5,9,14,343,358,701,701,279,0.3980028530670471
2020-10-01,37,39,76,24,49,73,59,69,128,72,75,147,38,54,92,41,37,78,40,33,73,26,44,70,14,17,31,3,11,14,354,428,782,782,300,0.3836317135549872
2020-10-02,47,45,92,29,29,58,55,73,128,56,65,121,40,55,95,43,34,77,39,36,75,24,36,60,13,31,44,4,19,23,350,423,773,773,390,0.5045278137128072
2020-10-03,17,22,39,20,24,44,43,42,85,39,38,77,30,30,60,33,26,59,15,23,38,19,18,37,7,19,26,3,8,11,226,250,476,476,212,0.44537815126050423
2020-10-04,27,26,53,17,21,38,35,34,69,29,25,54,37,32,69,19,19,38,19,21,40,11,15,26,11,25,36,3,3,6,208,221,429,429,189,0.4405594405594406
2020-10-05,22,33,55,24,24,48,50,45,95,75,64,139,67,47,114,47,42,89,48,30,78,28,39,67,19,26,45,3,7,10,383,357,740,740,334,0.45135135135135135
2020-10-06,31,45,76,31,24,55,59,48,107,64,51,115,67,40,107,48,40,88,30,35,65,29,33,62,18,27,45,6,11,17,383,354,737,737,267,0.3622795115332429
2020-10-07,38,26,64,18,22,40,58,58,116,69,71,140,47,55,102,34,51,85,32,43,75,30,30,60,19,29,48,8,7,15,353,392,745,745,252,0.338255033557047
2020-10-08,39,31,70,29,25,54,57,59,116,55,62,117,48,51,99,39,48,87,27,32,59,22,34,56,16,20,36,5,17,22,337,379,716,716,319,0.44553072625698326
2020-10-09,28,40,68,45,36,81,45,70,115,74,79,153,53,57,110,40,49,89,37,44,81,20,35,55,13,26,39,3,15,18,358,451,809,809,460,0.5686032138442522
2020-10-10,21,26,47,30,21,51,51,43,94,51,45,96,32,36,68,28,41,69,33,29,62,14,22,36,16,20,36,9,14,23,285,297,582,582,340,0.584192439862543
2020-10-11,26,20,46,17,16,33,33,51,84,45,54,99,44,29,73,26,22,48,33,34,67,19,26,45,16,23,39,1,10,11,260,285,545,545,327,0.6
2020-10-12,20,25,45,32,22,54,61,74,135,61,66,127,49,55,104,42,55,97,48,31,79,37,43,80,22,39,61,2,16,18,374,426,800,800,312,0.39
2020-10-13,48,41,89,42,31,73,95,87,182,85,106,191,63,73,136,67,74,141,47,49,96,38,47,85,27,47,74,9,25,34,521,580,1101,1101,401,0.3642143505903724
2020-10-14,45,34,79,22,43,65,82,94,176,85,96,181,57,73,130,51,56,107,46,49,95,42,49,91,21,32,53,1,22,23,452,548,1000,1000,431,0.431
2020-10-15,42,35,77,38,41,79,80,89,169,106,107,213,82,89,171,68,65,133,56,58,114,30,52,82,18,33,51,9,15,24,529,584,1113,1113,404,0.36298292902066487
2020-10-16,55,37,92,38,46,84,111,124,235,113,97,210,96,84,180,61,74,135,51,61,112,34,52,86,24,45,69,3,32,35,586,652,1238,1238,499,0.40306946688206785
2020-10-17,21,21,42,21,28,49,77,53,130,75,82,157,63,68,131,37,42,79,35,49,84,36,39,75,13,34,47,3,14,17,381,430,811,811,380,0.468557336621455
2020-10-18,22,23,45,18,17,35,34,41,75,43,63,106,30,39,69,37,29,66,26,23,49,20,32,52,8,35,43,1,14,15,239,316,555,555,291,0.5243243243243243
2020-10-19,65,45,110,37,46,83,98,121,219,103,123,226,114,105,219,72,79,151,73,67,140,50,61,111,22,40,62,3,17,20,637,704,1341,1341,685,0.5108128262490679
2020-10-20,50,53,103,44,46,90,116,104,220,103,110,213,88,105,193,75,85,160,65,55,120,36,50,86,33,44,77,1,25,26,611,677,1288,1288,873,0.6777950310559007
2020-10-21,37,31,68,59,40,99,78,101,179,88,90,178,73,69,142,62,53,115,50,39,89,30,38,68,19,37,56,3,15,18,499,513,1012,1012,591,0.58399209486166
2020-10-22,36,28,64,46,57,103,68,78,146,77,85,162,68,86,154,55,64,119,35,44,79,28,31,59,22,36,58,7,19,26,442,528,970,970,675,0.6958762886597938
2020-10-23,29,27,56,33,26,59,61,65,126,65,77,142,50,69,119,39,44,83,39,49,88,38,38,76,23,18,41,5,24,29,382,437,819,819,647,0.78998778998779
2020-10-24,17,23,40,16,25,41,51,32,83,46,52,98,42,37,79,28,32,60,19,26,45,24,24,48,9,23,32,4,13,17,256,287,543,543,490,0.9023941068139963
2020-10-25,34,24,58,14,25,39,55,49,104,48,73,121,42,41,83,36,44,80,29,30,59,23,30,53,8,18,26,4,4,8,293,338,631,631,595,0.9429477020602218
2020-10-26,39,31,70,53,30,83,66,70,136,88,88,176,65,81,146,47,73,120,40,47,87,35,43,78,16,44,60,6,19,25,455,526,981,981,861,0.8776758409785933
2020-10-27,39,36,75,38,27,65,90,95,185,80,76,156,89,75,164,64,73,137,58,74,132,39,47,86,17,29,46,3,7,10,517,539,1056,1056,891,0.84375
2020-10-28,36,36,72,29,27,56,62,86,148,75,88,163,49,73,122,53,61,114,53,40,93,28,35,63,12,33,45,4,14,18,401,493,894,894,730,0.8165548098434005
2020-10-29,32,31,63,27,26,53,97,74,171,96,89,185,62,72,134,40,50,90,49,51,100,25,31,56,16,27,43,3,9,12,447,460,907,907,892,0.9834619625137817
2020-10-30,33,24,57,26,31,57,66,93,159,75,71,146,61,60,121,43,52,95,41,53,94,25,31,56,19,30,49,6,17,23,395,462,857,857,669,0.780630105017503
2020-10-31,25,18,43,19,18,37,41,41,82,43,61,104,35,42,77,32,31,63,27,35,62,17,24,41,7,15,22,3,4,7,249,289,538,538,446,0.828996282527881
2020-11-01,35,25,60,26,39,65,48,55,103,54,60,114,57,41,98,39,52,91,32,40,72,25,25,50,8,18,26,4,8,12,328,363,691,691,590,0.85383502170767
2020-11-02,34,39,73,36,38,74,77,86,163,98,84,182,59,71,130,57,52,109,55,55,110,32,34,66,18,22,40,2,12,14,468,493,961,961,776,0.8074921956295525
2020-11-03,30,26,56,24,25,49,60,72,132,71,63,134,51,38,89,45,39,84,39,35,74,29,28,57,17,33,50,3,13,16,369,372,741,741,536,0.7233468286099866
2020-11-04,36,38,74,32,36,68,86,95,181,81,94,175,86,89,175,54,66,120,61,52,113,37,35,72,19,40,59,11,14,25,503,559,1062,1062,623,0.5866290018832392
2020-11-05,41,40,81,55,47,102,109,98,207,108,96,204,91,84,175,68,83,151,38,49,87,34,36,70,18,28,46,2,14,16,564,575,1139,1139,730,0.6409130816505707
2020-11-06,23,30,53,22,36,58,58,65,123,57,66,123,38,35,73,45,51,96,35,44,79,30,38,68,13,29,42,4,9,13,325,403,728,728,615,0.8447802197802198
2020-11-07,28,26,54,22,24,46,44,55,99,46,68,114,42,45,87,36,41,77,40,39,79,26,29,55,21,20,41,7,5,12,312,352,664,664,514,0.7740963855421686
2020-11-08,32,42,74,34,33,67,61,47,108,47,66,113,47,54,101,31,39,70,39,35,74,25,28,53,11,16,27,4,3,7,331,363,694,694,581,0.8371757925072046
2020-11-09,46,48,94,58,31,89,69,80,149,79,107,186,66,72,138,63,62,125,50,59,109,23,38,61,23,36,59,4,10,14,481,543,1024,1024,805,0.7861328125
2020-11-10,34,28,62,32,27,59,66,67,133,72,76,148,54,52,106,42,46,88,57,39,96,32,33,65,22,29,51,4,11,15,415,408,823,823,538,0.6537059538274606
2020-11-11,39,32,71,24,29,53,65,78,143,89,80,169,66,63,129,49,57,106,44,42,86,30,32,62,21,34,55,4,19,23,431,466,897,897,626,0.6978818283166109
2020-11-12,47,31,78,32,34,66,64,85,149,89,86,175,73,66,139,61,45,106,38,62,100,35,42,77,20,37,57,3,11,14,462,499,961,961,629,0.6545265348595213
2020-11-13,38,27,65,43,29,72,74,90,164,67,77,144,66,66,132,50,50,100,50,56,106,37,37,74,20,34,54,4,14,18,449,480,929,929,621,0.6684607104413348
2020-11-14,47,32,79,26,25,51,45,54,99,64,66,130,39,53,92,33,37,70,40,22,62,26,33,59,8,21,29,4,4,8,332,347,679,679,496,0.7304860088365243
2020-11-15,38,36,74,25,17,42,57,71,128,68,53,121,52,49,101,43,49,92,43,41,84,21,25,46,9,24,33,1,14,15,357,379,736,736,550,0.7472826086956522
2020-11-16,38,43,81,41,36,77,60,59,119,71,74,145,72,58,130,33,50,83,40,48,88,30,35,65,17,27,44,5,21,26,407,451,858,858,537,0.6258741258741258
2020-11-17,36,42,78,39,30,69,83,86,169,97,97,194,71,71,142,50,56,106,61,70,131,43,49,92,8,36,44,2,9,11,490,546,1036,1036,711,0.6862934362934363
2020-11-18,38,39,77,48,41,89,87,79,166,105,95,200,69,64,133,54,48,102,41,41,82,40,44,84,15,41,56,3,9,12,500,501,1001,1001,709,0.7082917082917083
2020-11-19,38,27,65,49,40,89,81,83,164,87,98,185,54,64,118,51,60,111,52,53,105,37,35,72,18,35,53,3,12,15,470,507,977,977,697,0.7134083930399181
2020-11-20,36,35,71,31,39,70,75,78,153,88,80,168,50,54,104,48,47,95,50,48,98,27,28,55,18,26,44,5,9,14,428,444,872,872,653,0.7488532110091743
2020-11-21,28,26,54,25,24,49,51,52,103,56,56,112,49,47,96,31,40,71,34,31,65,23,20,43,8,11,19,3,10,13,308,317,625,625,549,0.8784
2020-11-22,27,25,52,21,21,42,51,51,102,38,54,92,48,40,88,20,22,42,21,41,62,21,14,35,9,20,29,1,8,9,257,296,553,553,428,0.7739602169981917
2020-11-23,46,36,82,27,28,55,58,57,115,61,66,127,57,42,99,41,43,84,36,40,76,19,28,47,16,28,44,7,13,20,368,381,749,749,596,0.7957276368491322
2020-11-24,35,43,78,39,36,75,72,69,141,97,80,177,69,58,127,48,52,100,47,44,91,32,42,74,24,34,58,2,6,8,465,464,929,929,738,0.7944025834230355
2020-11-25,49,43,92,42,37,79,78,72,150,89,87,176,66,61,127,46,44,90,48,43,91,22,29,51,19,25,44,5,9,14,464,450,914,914,625,0.6838074398249453
2020-11-26,36,36,72,41,40,81,82,91,173,90,98,188,51,71,122,62,52,114,55,44,99,33,43,76,15,31,46,8,11,19,473,517,990,990,722,0.7292929292929293
2020-11-27,16,30,46,26,21,47,69,80,149,60,69,129,53,42,95,53,44,97,33,36,69,26,30,56,11,32,43,6,6,12,353,390,743,743,531,0.7146702557200538
2020-11-28,45,24,69,23,24,47,63,53,116,43,60,103,43,51,94,44,40,84,21,31,52,20,28,48,12,27,39,2,4,6,316,342,658,658,461,0.7006079027355623
2020-11-29,33,31,64,14,29,43,66,69,135,59,73,132,56,44,100,38,36,74,39,40,79,18,27,45,16,12,28,2,7,9,341,368,709,709,552,0.7785613540197461
2020-11-30,44,39,83,46,34,80,113,113,226,100,94,194,91,70,161,48,65,113,58,60,118,35,47,82,19,33,52,7,9,16,561,564,1125,1124,792,0.7046263345195729
2020-12-01,30,42,72,29,43,72,99,82,181,75,92,167,70,74,144,35,46,81,46,62,108,37,40,77,19,31,50,2,4,6,442,516,958,958,625,0.6524008350730689
2020-12-02,20,19,39,25,19,44,55,62,117,50,74,124,54,55,109,34,36,70,24,29,53,31,29,60,14,19,33,6,9,15,313,351,664,664,270,0.4066265060240964
2020-12-03,30,39,69,36,30,66,67,108,175,95,107,202,72,72,144,48,49,97,50,62,112,31,29,60,15,20,35,3,11,14,447,527,974,974,238,0.24435318275154005
2020-12-04,33,34,67,32,44,76,77,66,143,77,77,154,72,71,143,59,62,121,49,55,104,37,37,74,17,28,45,7,10,17,460,484,944,944,305,0.3230932203389831
2020-12-05,28,27,55,30,32,62,65,57,122,70,60,130,44,38,82,32,34,66,25,23,48,19,21,40,11,20,31,4,7,11,328,319,647,647,344,0.5316846986089645
2020-12-06,21,23,44,31,19,50,52,49,101,49,41,90,33,50,83,21,32,53,28,26,54,24,29,53,15,14,29,1,4,5,275,287,562,562,219,0.3896797153024911
2020-12-07,17,36,53,32,21,53,64,74,138,69,64,133,45,53,98,37,44,81,27,30,57,19,36,55,11,18,29,4,6,10,325,382,707,707,193,0.272984441301273
2020-12-08,31,34,65,17,26,43,64,59,123,63,69,132,41,35,76,50,45,95,32,34,66,18,30,48,7,19,26,5,4,9,328,355,683,683,202,0.2957540263543192
2020-12-09,34,29,63,29,38,67,99,108,207,108,113,221,96,68,164,89,77,166,71,76,147,47,55,102,14,35,49,2,17,19,589,616,1205,1205,388,0.3219917012448133
2020-12-10,39,40,79,50,57,107,115,105,220,117,142,259,86,96,182,93,100,193,80,73,153,42,29,71,16,41,57,7,10,17,645,693,1338,1338,280,0.20926756352765322
2020-12-11,31,39,70,40,36,76,123,121,244,132,136,268,98,98,196,91,93,184,87,100,187,47,43,90,17,28,45,1,8,9,667,702,1369,1369,268,0.19576333089846604
2020-12-12,30,33,63,45,30,75,94,90,184,99,117,216,96,91,187,88,64,152,51,87,138,37,55,92,10,23,33,2,8,10,552,598,1150,1150,297,0.2582608695652174
2020-12-13,31,27,58,31,41,72,75,82,157,100,103,203,75,82,157,86,68,154,61,47,108,33,27,60,11,21,32,6,4,10,509,502,1011,1011,177,0.17507418397626112
2020-12-14,49,39,88,42,45,87,108,121,229,129,117,246,98,108,206,99,89,188,74,95,169,49,57,106,20,30,50,9,12,21,677,713,1390,1390,326,0.23453237410071942
2020-12-15,35,38,73,48,48,96,96,105,201,124,131,255,89,82,171,90,101,191,93,90,183,46,40,86,10,19,29,1,12,13,632,666,1298,1298,292,0.22496147919876733
2020-12-16,23,33,56,50,55,105,123,147,270,175,176,351,105,136,241,118,99,217,113,106,219,55,60,115,20,21,41,4,11,15,786,844,1630,1630,342,0.2098159509202454
2020-12-17,43,46,89,59,44,103,119,138,257,183,184,367,146,133,279,103,101,204,60,87,147,44,36,80,9,22,31,3,7,10,769,798,1567,1567,337,0.21506062539885132
2020-12-18,54,40,94,72,71,143,147,149,296,171,193,364,148,146,294,123,126,249,131,133,264,88,69,157,16,48,64,5,7,12,955,982,1937,1937,463,0.23902942694889004
2020-12-19,39,33,72,54,54,108,110,135,245,196,184,380,123,122,245,103,104,207,94,114,208,45,59,104,15,28,43,3,4,7,782,837,1619,1619,410,0.253242742433601
2020-12-20,32,48,80,64,65,129,123,128,251,190,180,370,138,143,281,115,126,241,106,110,216,48,49,97,11,14,25,3,6,9,830,869,1699,1699,232,0.13655091230135374
2020-12-21,51,51,102,79,54,133,165,152,317,204,223,427,169,144,313,121,129,250,121,137,258,62,72,134,13,36,49,5,7,12,990,1005,1995,1995,350,0.17543859649122806
2020-12-22,47,52,99,79,73,152,179,170,349,216,223,439,184,172,356,137,124,261,152,143,295,68,54,122,18,28,46,4,5,9,1084,1044,2128,2128,367,0.1724624060150376
2020-12-23,56,55,111,85,65,150,186,180,366,244,220,464,155,179,334,135,119,254,108,122,230,57,61,118,23,38,61,5,14,19,1054,1053,2107,2107,417,0.19791172282866634
2020-12-24,32,34,66,43,50,93,110,103,213,160,131,291,108,92,200,70,75,145,59,74,133,41,33,74,5,22,27,3,5,8,631,619,1250,1250,309,0.2472
2020-12-25,12,15,27,15,13,28,35,20,55,38,42,80,29,18,47,19,25,44,14,18,32,14,7,21,7,12,19,3,4,7,186,174,360,360,216,0.6
2020-12-26,47,39,86,82,93,175,136,160,296,231,205,436,132,164,296,116,120,236,75,91,166,40,52,92,18,32,50,1,12,13,878,968,1846,1846,375,0.20314192849404117
2020-12-27,32,28,60,94,77,171,147,123,270,222,175,397,190,162,352,122,148,270,118,115,233,47,65,112,24,34,58,3,12,15,999,939,1938,1938,208,0.10732714138286893
2020-12-28,58,44,102,113,114,227,217,218,435,332,305,637,226,239,465,183,184,367,131,160,291,63,77,140,25,46,71,4,16,20,1352,1403,2755,2755,412,0.14954627949183302
2020-12-29,48,45,93,99,105,204,221,215,436,261,231,492,208,205,413,150,130,280,116,139,255,68,68,136,24,49,73,7,11,18,1202,1198,2400,2400,362,0.15083333333333335
2020-12-30,50,37,87,111,116,227,219,186,405,295,273,568,192,197,389,160,193,353,119,126,245,64,74,138,26,40,66,4,11,15,1240,1253,2493,2492,514,0.20626003210272872
2020-12-31,31,29,60,76,73,149,166,131,297,167,199,366,144,152,296,96,87,183,56,75,131,32,46,78,11,30,41,0,7,7,779,829,1608,1608,329,0.20460199004975124
2021-01-01,15,11,26,16,24,40,26,33,59,37,39,76,32,26,58,23,33,56,17,19,36,13,16,29,5,17,22,1,4,5,185,222,407,407,161,0.3955773955773956
2021-01-02,49,32,81,66,80,146,154,157,311,195,192,387,144,143,287,104,145,249,127,113,240,58,60,118,14,35,49,3,8,11,914,965,1879,1879,364,0.1937200638637573
2021-01-03,32,31,63,118,100,218,207,209,416,282,286,568,207,250,457,162,199,361,147,150,297,66,89,155,17,31,48,3,5,8,1241,1350,2591,2591,267,0.10304901582400618
2021-01-04,47,47,94,105,77,182,281,265,546,307,344,651,251,251,502,165,192,357,131,146,277,91,82,173,33,51,84,3,12,15,1414,1467,2881,2881,430,0.14925373134328357
2021-01-05,36,46,82,121,95,216,286,297,583,321,347,668,253,248,501,169,197,366,145,212,357,86,101,187,26,53,79,4,11,15,1447,1607,3054,3053,427,0.13986243039633148
2021-01-06,44,36,80,131,123,254,291,248,539,332,301,633,276,262,538,208,196,404,153,173,326,93,105,198,28,55,83,4,18,22,1560,1517,3077,3076,442,0.14369310793237972
2021-01-07,39,41,80,89,103,192,213,214,427,283,253,536,214,201,415,139,169,308,115,135,250,65,95,160,24,46,70,2,10,12,1183,1267,2450,2450,458,0.18693877551020407
2021-01-08,47,38,85,106,121,227,239,212,451,237,263,500,172,215,387,133,155,288,96,122,218,60,91,151,27,35,62,7,8,15,1124,1260,2384,2383,474,0.1989089383130508
2021-01-09,31,33,64,80,81,161,171,197,368,261,249,510,165,190,355,144,156,300,93,135,228,47,68,115,17,36,53,0,12,12,1009,1157,2166,2165,352,0.16258660508083142
2021-01-10,42,45,87,100,113,213,182,179,361,218,275,493,183,194,377,119,153,272,107,90,197,42,64,106,12,31,43,1,10,11,1006,1154,2160,2160,259,0.11990740740740741
2021-01-11,51,39,90,120,117,237,260,273,533,285,339,624,226,229,455,166,168,334,111,155,266,64,68,132,19,37,56,2,6,8,1304,1431,2735,2735,422,0.15429616087751372
2021-01-12,55,33,88,103,104,207,226,250,476,236,241,477,188,199,387,143,178,321,117,112,229,47,57,104,26,25,51,3,9,12,1144,1208,2352,2352,357,0.15178571428571427
2021-01-13,68,58,126,123,128,251,272,251,523,258,258,516,216,199,415,159,185,344,121,147,268,63,64,127,21,48,69,6,4,10,1307,1342,2649,2649,367,0.1385428463571159
2021-01-14,51,49,100,113,118,231,231,259,490,269,278,547,187,217,404,159,198,357,118,137,255,58,66,124,19,36,55,3,5,8,1208,1363,2571,2572,460,0.17884914463452567
2021-01-15,55,51,106,214,184,398,287,290,577,357,377,734,289,293,582,242,243,485,144,160,304,64,95,159,22,42,64,3,11,14,1677,1746,3423,3423,506,0.14782354659655272
2021-01-16,31,26,57,196,186,382,239,276,515,344,350,694,306,306,612,248,215,463,153,176,329,97,99,196,22,34,56,2,12,14,1638,1680,3318,3318,327,0.09855334538878843
2021-01-17,33,20,53,178,167,345,224,276,500,281,297,578,299,332,631,201,204,405,116,132,248,60,67,127,20,26,46,2,2,4,1414,1523,2937,2937,286,0.09737827715355805
2021-01-18,48,48,96,235,233,468,315,323,638,366,367,733,353,332,685,282,266,548,189,219,408,92,112,204,27,47,74,3,9,12,1910,1956,3866,3866,379,0.09803414381789964
2021-01-19,54,41,95,205,173,378,321,297,618,354,359,713,341,344,685,224,263,487,187,213,400,91,112,203,19,47,66,7,16,23,1803,1865,3668,3668,284,0.07742639040348964
2021-01-20,50,46,96,210,211,421,282,296,578,307,305,612,316,310,626,263,270,533,205,215,420,102,116,218,25,45,70,6,13,19,1766,1827,3593,3593,311,0.08655719454494851
2021-01-21,56,47,103,137,159,296,261,241,502,247,273,520,220,256,476,170,229,399,155,147,302,69,82,151,37,38,75,8,11,19,1360,1483,2843,2843,395,0.13893774182201898
2021-01-22,42,48,90,171,146,317,213,226,439,222,240,462,218,242,460,171,186,357,133,141,274,66,80,146,17,44,61,3,3,6,1256,1356,2612,2612,317,0.12136294027565084
2021-01-23,34,28,62,148,137,285,236,221,457,226,242,468,215,184,399,176,184,360,92,115,207,44,58,102,14,27,41,2,6,8,1187,1202,2389,2389,377,0.15780661364587695
2021-01-24,28,28,56,169,153,322,248,229,477,240,252,492,246,237,483,185,195,380,128,132,260,50,68,118,20,30,50,2,7,9,1316,1331,2647,2647,180,0.0680015111446921
2021-01-25,45,62,107,222,189,411,320,307,627,285,324,609,294,298,592,220,237,457,182,185,367,87,96,183,29,54,83,6,11,17,1690,1763,3453,3453,287,0.0831161309006661
2021-01-26,65,51,116,220,171,391,276,254,530,254,256,510,249,251,500,190,223,413,139,163,302,77,86,163,25,55,80,4,16,20,1499,1526,3025,3025,325,0.10743801652892562
2021-01-27,62,52,114,170,174,344,256,244,500,268,279,547,245,269,514,180,218,398,137,130,267,57,70,127,29,39,68,2,18,20,1406,1493,2899,2900,257,0.08862068965517242
2021-01-28,53,49,102,152,130,282,218,222,440,238,234,472,193,194,387,151,182,333,115,144,259,67,85,152,25,43,68,6,14,20,1218,1297,2515,2515,310,0.12326043737574553
2021-01-29,43,57,100,209,183,392,278,244,522,294,319,613,271,292,563,221,229,450,174,214,388,72,106,178,23,56,79,4,10,14,1589,1710,3299,3298,459,0.13917525773195877
2021-01-30,30,22,52,264,242,506,240,261,501,308,346,654,339,361,700,256,280,536,157,211,368,78,107,185,19,43,62,3,8,11,1694,1881,3575,3575,268,0.07496503496503497
2021-01-31,28,22,50,366,354,720,299,301,600,390,389,779,498,503,1001,360,354,714,193,210,403,80,104,184,23,41,64,3,11,14,2240,2289,4529,4529,158,0.034886288363877235
2021-02-01,44,41,85,301,349,650,292,330,622,366,405,771,422,435,857,373,335,708,224,274,498,73,134,207,35,44,79,2,10,12,2132,2357,4489,4489,302,0.06727556248607708
2021-02-02,40,37,77,240,268,508,276,257,533,348,383,731,436,453,889,316,335,651,238,257,495,130,145,275,32,47,79,5,12,17,2061,2194,4255,4255,230,0.05405405405405406
2021-02-03,42,46,88,229,193,422,251,295,546,307,328,635,346,338,684,258,285,543,207,228,435,109,144,253,35,57,92,3,11,14,1787,1925,3712,3711,263,0.07087038534087847
2021-02-04,51,42,93,139,124,263,206,232,438,235,255,490,200,274,474,178,205,383,117,166,283,68,105,173,22,41,63,2,16,18,1218,1460,2678,2678,264,0.09858103061986558
2021-02-05,47,43,90,146,127,273,198,206,404,224,225,449,200,196,396,159,184,343,131,171,302,69,79,148,16,45,61,2,7,9,1192,1283,2475,2476,377,0.1522617124394184
2021-02-06,24,26,50,153,150,303,175,185,360,201,258,459,210,229,439,180,192,372,107,137,244,48,79,127,17,30,47,0,7,7,1115,1293,2408,2408,257,0.10672757475083057
2021-02-07,31,36,67,154,145,299,166,177,343,226,237,463,209,220,429,165,198,363,102,103,205,63,62,125,16,26,42,7,5,12,1139,1209,2348,2348,149,0.06345826235093696
2021-02-08,46,41,87,208,226,434,253,263,516,301,334,635,339,368,707,221,253,474,151,187,338,73,99,172,26,56,82,4,15,19,1622,1842,3464,3464,324,0.09353348729792148
2021-02-09,43,30,73,176,182,358,235,247,482,328,295,623,288,292,580,243,242,485,185,193,378,82,105,187,29,59,88,5,14,19,1614,1659,3273,3273,243,0.07424381301558204
2021-02-10,44,28,72,137,136,273,201,224,425,242,282,524,279,250,529,153,212,365,135,153,288,78,89,167,28,36,64,0,10,10,1297,1420,2717,2717,210,0.07729112992270887
2021-02-11,45,38,83,119,140,259,175,210,385,263,254,517,225,246,471,157,191,348,138,136,274,68,72,140,23,48,71,5,10,15,1218,1345,2563,2563,197,0.07686305111197815
2021-02-12,46,29,75,152,147,299,176,186,362,266,266,532,241,266,507,155,187,342,128,176,304,73,84,157,25,43,68,2,13,15,1264,1397,2661,2661,341,0.12814731304021046
2021-02-13,24,19,43,169,179,348,184,193,377,286,283,569,281,315,596,176,205,381,133,150,283,49,73,122,19,35,54,2,11,13,1323,1463,2786,2786,265,0.09511844938980617
2021-02-14,22,20,42,149,180,329,142,193,335,284,327,611,318,336,654,182,211,393,149,150,299,59,101,160,15,20,35,2,13,15,1322,1551,2873,2873,167,0.058127392969021925
2021-02-15,25,30,55,215,242,457,212,225,437,341,370,711,397,408,805,276,259,535,147,179,326,65,94,159,16,47,63,2,12,14,1696,1866,3562,3562,217,0.06092083099382369
2021-02-16,27,22,49,232,202,434,274,292,566,386,440,826,358,410,768,251,206,457,128,131,259,63,84,147,13,35,48,7,6,13,1739,1828,3567,3567,255,0.07148864592094197
2021-02-17,31,44,75,157,158,315,350,352,702,345,361,706,288,306,594,211,239,450,194,202,396,82,104,186,21,52,73,5,13,18,1684,1831,3515,3515,247,0.07027027027027027
2021-02-18,31,38,69,126,150,276,273,295,568,305,353,658,256,282,538,226,215,441,141,188,329,79,102,181,28,43,71,3,6,9,1468,1672,3140,3140,302,0.09617834394904459
2021-02-19,45,35,80,126,148,274,262,258,520,276,308,584,236,276,512,209,225,434,153,187,340,85,110,195,19,44,63,4,9,13,1415,1600,3015,3015,332,0.11011608623548923
2021-02-20,37,26,63,114,127,241,218,233,451,257,272,529,242,255,497,181,217,398,110,185,295,53,76,129,22,38,60,4,3,7,1238,1432,2670,2670,220,0.08239700374531835
2021-02-21,38,27,65,116,136,252,183,228,411,258,279,537,225,241,466,132,183,315,126,156,282,55,68,123,19,31,50,4,8,12,1156,1357,2513,2513,194,0.07719856744926383
2021-02-22,48,61,109,122,151,273,235,266,501,282,333,615,241,275,516,199,209,408,139,179,318,72,95,167,39,36,75,3,5,8,1380,1610,2990,2990,279,0.09331103678929765
2021-02-23,60,41,101,123,120,243,210,210,420,248,284,532,222,235,457,188,202,390,142,171,313,79,110,189,29,42,71,7,15,22,1308,1430,2738,2738,260,0.09495982468955443
2021-02-24,40,64,104,120,128,248,168,201,369,229,247,476,153,195,348,151,169,320,150,152,302,75,94,169,21,43,64,3,9,12,1110,1302,2412,2412,227,0.09411276948590382
2021-02-25,70,61,131,88,97,185,183,187,370,185,199,384,177,166,343,130,160,290,113,145,258,61,91,152,18,36,54,4,16,20,1029,1158,2187,2188,223,0.10191956124314443
2021-02-26,53,49,102,93,105,198,192,224,416,244,220,464,178,213,391,138,168,306,118,180,298,58,86,144,19,36,55,2,17,19,1095,1298,2393,2393,224,0.09360635185959047
2021-02-27,31,28,59,93,121,214,162,203,365,238,255,493,176,186,362,154,189,343,150,178,328,63,84,147,20,46,66,1,7,8,1088,1297,2385,2385,248,0.1039832285115304
2021-02-28,28,30,58,130,140,270,214,251,465,288,329,617,244,264,508,223,274,497,198,200,398,106,115,221,20,41,61,3,9,12,1454,1653,3107,3107,201,0.06469262954618603
2021-03-01,78,66,144,81,113,194,199,190,389,248,224,472,205,174,379,112,152,264,123,147,270,58,104,162,24,40,64,5,13,18,1133,1223,2356,2357,329,0.13958421722528638
2021-03-02,83,67,150,122,103,225,162,194,356,204,217,421,167,160,327,141,169,310,96,129,225,69,61,130,30,33,63,3,7,10,1077,1140,2217,2217,208,0.09382047812359044
2021-03-03,82,61,143,95,76,171,131,161,292,193,165,358,144,143,287,130,157,287,136,163,299,67,98,165,15,30,45,0,15,15,993,1069,2062,2062,264,0.1280310378273521
2021-03-04,67,64,131,81,99,180,146,147,293,173,148,321,129,136,265,98,147,245,107,158,265,61,101,162,20,37,57,6,14,20,888,1051,1939,1939,268,0.13821557503867973
2021-03-05,57,58,115,77,90,167,151,188,339,196,187,383,140,130,270,116,142,258,115,123,238,65,82,147,17,35,52,0,6,6,934,1041,1975,1975,284,0.14379746835443039
2021-03-06,35,39,74,58,66,124,147,135,282,162,159,321,122,127,249,78,125,203,88,80,168,40,63,103,20,26,46,2,6,8,752,826,1578,1578,192,0.12167300380228137
2021-03-07,39,34,73,65,60,125,114,151,265,161,161,322,87,134,221,103,139,242,111,135,246,46,64,110,21,33,54,3,3,6,750,914,1664,1663,138,0.08298256163559832
2021-03-08,69,71,140,89,98,187,151,186,337,195,206,401,152,159,311,153,168,321,157,161,318,75,84,159,20,43,63,2,11,13,1063,1187,2250,2248,208,0.09252669039145907
2021-03-09,90,96,186,84,87,171,148,140,288,195,194,389,176,160,336,146,154,300,128,198,326,86,103,189,22,34,56,4,7,11,1079,1173,2252,2252,228,0.10124333925399645
2021-03-10,100,85,185,100,83,183,140,154,294,202,201,403,130,134,264,125,158,283,119,134,253,69,103,172,19,43,62,4,9,13,1008,1104,2112,2112,318,0.15056818181818182
2021-03-11,80,88,168,63,87,150,118,153,271,162,158,320,102,131,233,88,115,203,89,115,204,54,67,121,24,30,54,1,15,16,781,959,1740,1740,325,0.1867816091954023
2021-03-12,90,92,182,100,100,200,134,167,301,187,189,376,133,154,287,116,162,278,114,145,259,72,87,159,21,42,63,4,12,16,971,1150,2121,2120,360,0.16981132075471697
2021-03-13,63,45,108,62,76,138,155,144,299,172,182,354,139,123,262,109,135,244,135,140,275,45,68,113,11,37,48,5,3,8,896,953,1849,1849,307,0.1660356949702542
2021-03-14,50,70,120,52,69,121,127,156,283,183,206,389,127,127,254,126,163,289,134,164,298,52,87,139,17,27,44,4,9,13,872,1078,1950,1950,210,0.1076923076923077
2021-03-15,132,103,235,104,104,208,156,187,343,199,219,418,183,195,378,156,163,319,154,167,321,84,114,198,18,46,64,4,15,19,1190,1313,2503,2503,332,0.13264083100279664
2021-03-16,101,106,207,96,106,202,138,159,297,197,201,398,148,129,277,130,167,297,123,154,277,68,98,166,12,41,53,4,16,20,1017,1177,2194,2194,255,0.1162260711030082
2021-03-17,77,85,162,90,83,173,141,190,331,142,147,289,114,131,245,122,137,259,121,138,259,56,83,139,18,37,55,2,13,15,883,1044,1927,1926,260,0.13499480789200416
2021-03-18,85,70,155,65,75,140,125,136,261,162,136,298,101,117,218,80,113,193,88,112,200,56,67,123,17,28,45,2,8,10,781,862,1643,1643,246,0.14972611077297626
2021-03-19,91,78,169,105,95,200,132,162,294,163,174,337,104,129,233,102,129,231,95,136,231,59,64,123,13,26,39,5,8,13,869,1001,1870,1870,386,0.20641711229946524
2021-03-20,34,39,73,56,67,123,117,114,231,130,145,275,95,118,213,100,119,219,90,90,180,52,54,106,15,26,41,3,7,10,692,779,1471,1469,245,0.16678012253233493
2021-03-21,56,54,110,67,69,136,125,129,254,165,150,315,98,105,203,105,131,236,86,116,202,29,61,90,17,25,42,3,9,12,751,849,1600,1600,191,0.119375
2021-03-22,80,89,169,97,81,178,138,173,311,171,182,353,145,135,280,152,152,304,108,139,247,62,75,137,21,47,68,4,22,26,978,1095,2073,2074,348,0.1677917068466731
2021-03-23,89,90,179,109,102,211,146,170,316,161,161,322,130,114,244,132,135,267,116,153,269,68,87,155,23,28,51,1,11,12,975,1051,2026,2026,309,0.1525172754195459
2021-03-24,51,58,109,79,63,142,103,104,207,118,151,269,86,105,191,85,100,185,62,92,154,41,67,108,12,32,44,1,6,7,638,778,1416,1416,262,0.1850282485875706
2021-03-25,72,71,143,82,88,170,124,143,267,158,161,319,134,148,282,104,125,229,92,115,207,51,64,115,24,27,51,3,5,8,844,947,1791,1791,266,0.14852037967615858
2021-03-26,92,86,178,102,115,217,150,157,307,190,163,353,134,143,277,97,145,242,82,125,207,62,68,130,20,34,54,2,10,12,931,1046,1977,1977,364,0.18411734951947395
2021-03-27,72,58,130,45,57,102,119,110,229,162,159,321,120,126,246,107,125,232,103,116,219,40,60,100,12,32,44,5,5,10,785,848,1633,1633,342,0.20943049601959585
2021-03-28,55,35,90,41,63,104,91,106,197,117,150,267,124,117,241,95,120,215,81,116,197,40,40,80,16,21,37,2,5,7,662,773,1435,1435,248,0.17282229965156795
2021-03-29,89,72,161,104,84,188,130,157,287,155,185,340,151,156,307,126,123,249,99,136,235,45,52,97,17,28,45,1,11,12,917,1004,1921,1921,337,0.1754294638209266
2021-03-30,74,74,148,91,103,194,110,122,232,151,145,296,118,137,255,106,106,212,88,126,214,37,51,88,18,27,45,5,7,12,798,898,1696,1695,300,0.17699115044247787
2021-03-31,67,61,128,63,52,115,116,130,246,144,142,286,92,116,208,59,102,161,52,70,122,26,42,68,16,22,38,2,9,11,637,746,1383,1383,330,0.2386117136659436
2021-04-01,58,56,114,73,71,144,124,148,272,156,134,290,112,119,231,82,112,194,78,96,174,37,45,82,13,15,28,2,10,12,735,806,1541,1541,396,0.25697598961713175
2021-04-02,69,48,117,70,84,154,107,120,227,152,132,284,114,95,209,91,104,195,69,75,144,38,35,73,12,12,24,3,5,8,725,710,1435,1435,332,0.2313588850174216
2021-04-03,42,53,95,59,78,137,109,116,225,140,152,292,117,110,227,94,113,207,87,85,172,31,49,80,16,36,52,5,4,9,700,796,1496,1496,443,0.29612299465240643
2021-04-04,62,48,110,121,111,232,151,167,318,200,221,421,150,183,333,97,142,239,74,93,167,30,49,79,17,24,41,1,6,7,903,1044,1947,1947,346,0.17770929635336416
2021-04-05,82,83,165,154,161,315,189,230,419,252,230,482,211,226,437,149,186,335,97,138,235,48,59,107,12,36,48,5,9,14,1199,1358,2557,2557,414,0.16190848650762613
2021-04-06,79,105,184,138,132,270,259,201,460,247,274,521,207,200,407,129,165,294,105,164,269,59,93,152,24,35,59,3,13,16,1250,1382,2632,2631,518,0.1968833143291524
2021-04-07,98,85,183,151,139,290,216,225,441,234,262,496,212,207,419,143,179,322,89,146,235,55,79,134,13,40,53,1,8,9,1212,1370,2582,2579,422,0.16362931368747577
2021-04-08,85,78,163,121,114,235,174,212,386,220,244,464,164,176,340,117,149,266,94,127,221,51,64,115,16,30,46,0,12,12,1042,1206,2248,2248,465,0.20685053380782917
2021-04-09,75,66,141,84,90,174,114,155,269,146,156,302,147,131,278,94,107,201,70,85,155,36,48,84,8,22,30,3,8,11,777,868,1645,1644,498,0.3029197080291971
2021-04-10,47,51,98,91,98,189,152,147,299,177,160,337,114,123,237,103,116,219,77,79,156,16,36,52,5,15,20,1,3,4,783,828,1611,1610,308,0.19130434782608696
2021-04-11,48,55,103,69,85,154,106,101,207,121,160,281,123,122,245,88,88,176,72,79,151,21,35,56,12,22,34,2,5,7,662,752,1414,1414,266,0.18811881188118812
2021-04-12,83,71,154,119,108,227,130,160,290,178,205,383,150,172,322,117,175,292,95,110,205,29,54,83,13,28,41,1,12,13,915,1095,2010,2008,345,0.17181274900398405
2021-04-13,92,61,153,77,80,157,153,129,282,192,176,368,142,145,287,107,122,229,67,78,145,40,31,71,8,16,24,3,8,11,881,846,1727,1727,356,0.20613781123335265
2021-04-14,83,69,152,77,56,133,92,105,197,116,114,230,86,111,197,72,82,154,94,91,185,37,56,93,15,20,35,5,5,10,677,709,1386,1385,430,0.3104693140794224
2021-04-15,94,76,170,98,113,211,164,169,333,188,185,373,189,173,362,128,172,300,81,100,181,28,43,71,15,23,38,2,9,11,987,1063,2050,2049,406,0.19814543679843827
2021-04-16,82,76,158,80,85,165,180,180,360,206,211,417,153,175,328,140,168,308,112,135,247,31,51,82,8,24,32,1,10,11,993,1115,2108,2106,378,0.1794871794871795
2021-04-17,76,68,144,87,84,171,149,123,272,202,166,368,150,145,295,113,126,239,85,93,178,33,58,91,11,26,37,3,4,7,909,893,1802,1802,392,0.21753607103218647
2021-04-18,49,53,102,56,52,108,108,121,229,139,153,292,135,125,260,103,111,214,91,83,174,30,36,66,21,20,41,3,7,10,735,761,1496,1496,258,0.17245989304812834
2021-04-19,92,69,161,93,99,192,191,174,365,212,210,422,174,169,343,143,152,295,111,121,232,40,62,102,8,36,44,4,13,17,1068,1105,2173,2173,338,0.15554532903819604
2021-04-20,90,101,191,93,89,182,148,151,299,163,166,329,157,167,324,127,123,250,109,128,237,44,50,94,25,30,55,4,10,14,960,1015,1975,1975,362,0.18329113924050633
2021-04-21,89,66,155,82,60,142,135,113,248,155,149,304,114,129,243,101,111,212,87,99,186,39,35,74,10,39,49,3,7,10,815,808,1623,1623,336,0.20702402957486138
2021-04-22,102,78,180,108,86,194,150,154,304,182,190,372,169,205,374,133,136,269,93,127,220,41,69,110,15,41,56,1,8,9,994,1094,2088,2087,334,0.16003833253473887
2021-04-23,86,75,161,78,86,164,163,159,322,212,193,405,161,193,354,132,174,306,90,122,212,47,68,115,16,22,38,4,6,10,989,1098,2087,2086,286,0.137104506232023
2021-04-24,48,39,87,37,30,67,39,56,95,68,62,130,59,76,135,34,41,75,26,31,57,24,38,62,7,21,28,2,15,17,344,409,753,753,232,0.30810092961487384
2021-04-25,61,57,118,63,53,116,85,107,192,140,116,256,124,113,237,110,116,226,69,68,137,28,32,60,9,22,31,1,3,4,690,687,1377,1376,182,0.13226744186046513
2021-04-26,84,90,174,96,91,187,162,149,311,189,188,377,162,171,333,148,154,302,91,106,197,59,68,127,12,25,37,4,6,10,1007,1048,2055,2054,244,0.11879259980525804
2021-04-27,76,70,146,84,89,173,170,182,352,175,174,349,138,170,308,121,127,248,91,104,195,44,75,119,21,28,49,4,9,13,924,1028,1952,1950,212,0.10871794871794872
2021-04-28,86,86,172,96,90,186,144,154,298,178,171,349,156,145,301,111,118,229,79,96,175,40,52,92,9,25,34,5,8,13,904,945,1849,1849,262,0.1416982152514873
2021-04-29,95,88,183,119,120,239,178,193,371,229,231,460,207,177,384,141,175,316,95,135,230,63,84,147,29,45,74,2,15,17,1158,1263,2421,2420,304,0.1256198347107438
2021-04-30,96,76,172,83,78,161,96,131,227,120,147,267,99,128,227,90,101,191,64,103,167,52,57,109,22,37,59,3,16,19,725,874,1599,1599,356,0.22263914946841776
2021-05-01,64,53,117,75,55,130,97,106,203,147,133,280,121,138,259,90,112,202,63,75,138,43,51,94,17,37,54,0,5,5,717,765,1482,1481,298,0.2012153950033761
2021-05-02,65,55,120,74,76,150,127,150,277,185,196,381,134,194,328,131,143,274,86,118,204,40,57,97,15,22,37,3,17,20,860,1028,1888,1888,243,0.12870762711864406
2021-05-03,129,114,243,109,119,228,260,258,518,301,334,635,264,295,559,199,277,476,159,221,380,83,110,193,24,52,76,2,16,18,1530,1796,3326,3326,406,0.12206855081178593
2021-05-04,102,93,195,122,131,253,241,218,459,284,282,566,226,225,451,186,247,433,126,180,306,88,120,208,25,39,64,1,18,19,1401,1553,2954,2954,263,0.0890318212593094
2021-05-05,109,93,202,114,98,212,211,232,443,260,275,535,220,206,426,156,190,346,115,124,239,69,79,148,33,36,69,7,14,21,1294,1347,2641,2639,273,0.10344827586206896
2021-05-06,91,95,186,151,138,289,208,271,479,261,274,535,257,234,491,176,206,382,122,133,255,64,75,139,30,46,76,4,22,26,1364,1494,2858,2858,564,0.1973407977606718
2021-05-07,106,103,209,154,138,292,234,271,505,247,297,544,250,261,511,157,221,378,131,152,283,65,94,159,20,30,50,3,6,9,1367,1573,2940,2940,364,0.12380952380952381
2021-05-08,50,56,106,66,58,124,131,131,262,177,168,345,116,125,241,93,107,200,63,71,134,40,31,71,19,27,46,1,11,12,756,785,1541,1541,256,0.16612589227774172
2021-05-09,70,65,135,68,69,137,107,129,236,143,168,311,136,144,280,91,111,202,66,78,144,46,56,102,16,23,39,9,2,11,752,845,1597,1597,197,0.12335629304946776
2021-05-10,111,107,218,112,116,228,244,226,470,277,264,541,226,271,497,194,199,393,153,163,316,72,99,171,28,49,77,1,9,10,1418,1503,2921,2920,307,0.10513698630136986
2021-05-11,101,84,185,102,106,208,165,174,339,227,213,440,183,168,351,134,155,289,126,135,261,60,84,144,24,30,54,5,8,13,1127,1157,2284,2284,307,0.13441330998248688
2021-05-12,93,82,175,104,87,191,156,188,344,224,183,407,204,191,395,155,159,314,108,131,239,45,68,113,16,38,54,5,11,16,1110,1138,2248,2248,367,0.1632562277580071
2021-05-13,129,81,210,84,86,170,184,213,397,197,240,437,195,174,369,122,159,281,96,120,216,45,67,112,19,46,65,1,5,6,1072,1191,2263,2262,361,0.15959328028293546
2021-05-14,112,115,227,110,143,253,237,253,490,293,274,567,201,271,472,182,204,386,119,158,277,59,80,139,30,41,71,5,8,13,1348,1547,2895,2895,353,0.12193436960276338
2021-05-15,78,85,163,85,95,180,147,183,330,183,224,407,168,201,369,133,139,272,90,118,208,35,43,78,19,29,48,1,14,15,939,1131,2070,2070,314,0.15169082125603864
2021-05-16,62,71,133,71,74,145,122,104,226,152,180,332,152,155,307,119,131,250,83,84,167,39,49,88,15,31,46,1,12,13,816,891,1707,1707,232,0.13591095489162272
2021-05-17,167,144,311,159,150,309,264,289,553,344,365,709,295,327,622,247,263,510,158,192,350,96,129,225,39,63,102,3,16,19,1772,1938,3710,3710,445,0.11994609164420485
2021-05-18,136,144,280,151,153,304,290,254,544,345,333,678,338,320,658,241,241,482,150,183,333,78,93,171,28,47,75,5,9,14,1762,1777,3539,3539,385,0.10878779316191015
2021-05-19,148,123,271,161,153,314,293,315,608,349,361,710,323,302,625,217,258,475,163,188,351,75,90,165,29,40,69,6,17,23,1764,1847,3611,3611,317,0.08778731653281639
2021-05-20,146,142,288,157,174,331,333,335,668,380,346,726,308,300,608,213,258,471,167,176,343,80,99,179,31,52,83,5,15,20,1820,1897,3717,3716,328,0.08826695371367062
2021-05-21,114,96,210,126,130,256,247,286,533,308,348,656,278,295,573,192,224,416,140,185,325,69,65,134,31,56,87,1,11,12,1506,1696,3202,3202,474,0.14803247970018737
2021-05-22,61,49,110,71,88,159,133,167,300,193,185,378,150,153,303,106,123,229,74,68,142,36,42,78,15,35,50,1,13,14,840,923,1763,1763,383,0.21724333522404993
2021-05-23,62,54,116,51,70,121,110,120,230,143,156,299,128,122,250,97,128,225,65,88,153,40,35,75,11,46,57,9,14,23,716,833,1549,1549,256,0.16526791478373143
2021-05-24,88,62,150,92,116,208,194,184,378,245,254,499,202,245,447,180,227,407,116,156,272,74,85,159,25,41,66,3,11,14,1219,1381,2600,2600,258,0.09923076923076923
2021-05-25,73,56,129,80,93,173,192,202,394,217,226,443,200,187,387,173,175,348,103,119,222,58,64,122,17,36,53,5,9,14,1118,1167,2285,2284,237,0.10376532399299475
2021-05-26,109,90,199,136,146,282,280,254,534,287,296,583,274,281,555,244,252,496,134,178,312,82,99,181,25,65,90,7,8,15,1578,1669,3247,3247,310,0.09547274407145057
2021-05-27,86,83,169,96,105,201,210,236,446,268,260,528,200,192,392,190,216,406,111,138,249,81,78,159,21,38,59,2,15,17,1265,1361,2626,2625,328,0.12495238095238095
2021-05-28,97,89,186,128,158,286,266,268,534,298,290,588,267,295,562,260,284,544,154,210,364,68,90,158,25,46,71,5,12,17,1568,1742,3310,3310,311,0.09395770392749245
2021-05-29,68,64,132,75,84,159,154,188,342,230,201,431,207,188,395,125,155,280,92,105,197,46,58,104,19,41,60,5,13,18,1021,1097,2118,2118,271,0.1279508970727101
2021-05-30,39,48,87,58,58,116,142,161,303,178,171,349,159,141,300,95,122,217,70,74,144,30,48,78,15,27,42,3,9,12,789,859,1648,1648,191,0.11589805825242719
2021-05-31,90,86,176,126,124,250,271,260,531,323,303,626,257,269,526,159,200,359,118,163,281,81,102,183,28,56,84,1,17,18,1454,1580,3034,3034,297,0.09789057350032959
2021-06-01,100,91,191,113,114,227,221,220,441,271,266,537,219,235,454,179,216,395,151,164,315,81,90,171,32,41,73,5,11,16,1372,1448,2820,2821,262,0.09287486706841545
2021-06-02,120,92,212,121,124,245,240,280,520,264,298,562,241,250,491,162,186,348,131,171,302,79,98,177,29,52,81,7,16,23,1394,1567,2961,2959,321,0.10848259547144305
2021-06-03,99,108,207,144,120,264,254,232,486,275,290,565,251,251,502,174,199,373,138,163,301,75,95,170,28,30,58,4,17,21,1442,1505,2947,2945,288,0.09779286926994907
2021-06-04,142,123,265,138,132,270,279,274,553,287,292,579,257,267,524,210,278,488,129,158,287,85,114,199,26,57,83,1,9,10,1554,1704,3258,3258,324,0.09944751381215469
2021-06-05,75,79,154,72,68,140,141,171,312,186,197,383,165,165,330,119,126,245,68,86,154,44,74,118,15,25,40,5,13,18,890,1004,1894,1894,305,0.1610348468848997
2021-06-06,79,87,166,79,74,153,137,142,279,172,178,350,150,151,301,132,127,259,68,101,169,43,58,101,12,26,38,0,12,12,872,956,1828,1828,191,0.10448577680525165
2021-06-07,112,141,253,129,133,262,244,243,487,296,287,583,224,283,507,206,231,437,159,187,346,102,140,242,36,75,111,7,32,39,1515,1752,3267,3267,334,0.1022344658708295
2021-06-08,135,129,264,112,114,226,231,267,498,301,273,574,241,229,470,206,236,442,109,133,242,70,129,199,26,51,77,4,18,22,1435,1579,3014,3014,248,0.0822826808228268
2021-06-09,124,131,255,126,116,242,275,261,536,303,320,623,250,263,513,197,246,443,126,159,285,81,92,173,35,60,95,4,19,23,1521,1667,3188,3186,271,0.08505963590709353
2021-06-10,118,131,249,112,132,244,256,261,517,290,313,603,234,239,473,171,222,393,114,166,280,87,119,206,30,45,75,5,19,24,1417,1647,3064,3061,299,0.09768049656974845
2021-06-11,114,108,222,94,122,216,255,280,535,270,317,587,253,279,532,197,211,408,128,146,274,81,117,198,31,69,100,7,15,22,1430,1664,3094,3094,395,0.12766645119586295
2021-06-12,92,79,171,88,81,169,175,183,358,209,209,418,164,178,342,122,157,279,82,117,199,43,77,120,26,32,58,4,11,15,1005,1124,2129,2129,235,0.1103804603100047
2021-06-13,95,94,189,82,90,172,134,124,258,166,163,329,163,166,329,122,140,262,84,100,184,39,51,90,20,33,53,4,11,15,909,972,1881,1881,190,0.10101010101010101
2021-06-14,146,120,266,125,135,260,216,266,482,281,312,593,266,269,535,185,251,436,126,187,313,94,111,205,28,50,78,16,19,35,1483,1720,3203,3203,290,0.09054011863877615
2021-06-15,138,144,282,142,131,273,257,249,506,278,306,584,239,275,514,188,216,404,144,148,292,80,93,173,36,42,78,4,16,20,1506,1620,3126,3126,266,0.08509277031349968
2021-06-16,138,138,276,131,130,261,252,254,506,280,305,585,254,280,534,164,196,360,119,147,266,68,91,159,31,40,71,1,13,14,1438,1594,3032,3032,239,0.07882585751978892
2021-06-17,139,131,270,136,148,284,258,275,533,292,340,632,252,285,537,149,206,355,129,156,285,95,112,207,22,46,68,2,11,13,1474,1710,3184,3184,276,0.08668341708542714
2021-06-18,117,101,218,118,124,242,249,209,458,278,305,583,237,301,538,138,211,349,101,148,249,56,89,145,28,29,57,5,14,19,1327,1531,2858,2858,332,0.11616515045486354
2021-06-19,91,98,189,84,71,155,145,157,302,166,220,386,165,183,348,99,114,213,96,96,192,62,68,130,24,55,79,3,18,21,935,1080,2015,2015,364,0.18064516129032257
2021-06-20,90,66,156,67,43,110,86,106,192,113,158,271,116,131,247,88,109,197,68,80,148,47,50,97,13,27,40,1,8,9,689,778,1467,1467,184,0.125426039536469
2021-06-21,106,102,208,87,75,162,126,169,295,210,186,396,189,181,370,135,150,285,75,97,172,51,74,125,30,29,59,3,5,8,1012,1068,2080,2079,233,0.11207311207311207
2021-06-22,170,142,312,134,133,267,226,281,507,280,302,582,286,302,588,183,206,389,160,190,350,78,110,188,27,54,81,10,11,21,1554,1731,3285,3285,297,0.09041095890410959
2021-06-23,185,143,328,160,139,299,218,255,473,306,340,646,264,328,592,155,204,359,136,160,296,77,114,191,33,55,88,7,21,28,1541,1759,3300,3299,295,0.08942103667778115
2021-06-24,184,136,320,139,154,293,238,286,524,279,349,628,267,288,555,156,222,378,142,175,317,74,93,167,20,52,72,2,13,15,1501,1768,3269,3268,435,0.13310893512851898
2021-06-25,185,154,339,143,166,309,249,296,545,341,425,766,244,297,541,219,252,471,157,214,371,78,123,201,30,59,89,9,19,28,1655,2005,3660,3659,548,0.14976769609182836
2021-06-26,91,86,177,73,89,162,129,130,259,188,193,381,140,177,317,106,104,210,100,135,235,67,98,165,19,35,54,5,16,21,918,1063,1981,1981,242,0.12216052498738011
2021-06-27,110,84,194,63,72,135,119,143,262,148,162,310,125,149,274,85,97,182,71,82,153,49,63,112,11,34,45,0,8,8,781,894,1675,1675,234,0.13970149253731343
2021-06-28,127,104,231,76,73,149,122,172,294,205,196,401,151,184,335,113,113,226,96,90,186,61,74,135,31,32,63,2,15,17,984,1053,2037,2036,309,0.15176817288801572
2021-06-29,132,162,294,130,137,267,217,264,481,270,267,537,204,225,429,162,170,332,124,134,258,82,81,163,22,55,77,2,26,28,1345,1521,2866,2866,328,0.11444521981856245
2021-06-30,169,165,334,154,134,288,236,269,505,312,310,622,240,251,491,153,235,388,108,161,269,73,86,159,30,44,74,5,17,22,1480,1672,3152,3152,303,0.09612944162436549
2021-07-01,124,128,252,114,126,240,221,237,458,240,309,549,196,236,432,141,193,334,103,148,251,72,88,160,28,53,81,4,14,18,1243,1532,2775,2774,351,0.12653208363374188
2021-07-02,177,141,318,179,140,319,230,279,509,278,360,638,187,282,469,161,220,381,119,174,293,74,97,171,22,45,67,4,13,17,1431,1751,3182,3181,386,0.12134548883998743
2021-07-03,100,113,213,98,103,201,142,177,319,197,235,432,156,199,355,113,134,247,100,109,209,49,71,120,18,36,54,7,15,22,980,1192,2172,2172,335,0.15423572744014732
2021-07-04,99,132,231,84,82,166,105,157,262,151,187,338,118,148,266,100,134,234,76,96,172,34,70,104,12,31,43,4,11,15,783,1048,1831,1831,356,0.19442927362097215
2021-07-05,200,186,386,158,155,313,266,271,537,323,347,670,228,290,518,173,225,398,137,151,288,90,102,192,33,52,85,6,17,23,1614,1796,3410,3409,446,0.13083015547081256
2021-07-06,216,203,419,221,161,382,285,294,579,335,384,719,270,317,587,168,221,389,124,170,294,83,109,192,26,53,79,3,28,31,1731,1940,3671,3671,372,0.10133478616180877
2021-07-07,187,194,381,179,168,347,278,296,574,305,362,667,279,282,561,200,187,387,115,138,253,70,78,148,23,58,81,9,13,22,1645,1776,3421,3420,332,0.09707602339181287
2021-07-08,184,194,378,188,186,374,321,325,646,354,393,747,280,357,637,210,250,460,132,210,342,81,122,203,40,43,83,3,16,19,1793,2096,3889,3888,683,0.1756687242798354
2021-07-09,135,134,269,134,128,262,194,208,402,225,270,495,206,237,443,142,160,302,109,105,214,49,67,116,27,42,69,8,12,20,1229,1363,2592,2592,370,0.1427469135802469
2021-07-10,118,134,252,130,114,244,164,187,351,208,246,454,162,211,373,138,166,304,91,121,212,54,76,130,19,42,61,5,11,16,1089,1308,2397,2397,331,0.1380892782644973
2021-07-11,151,137,288,99,86,185,147,149,296,182,226,408,162,219,381,128,139,267,90,100,190,51,66,117,14,23,37,7,12,19,1031,1157,2188,2188,291,0.1329981718464351
2021-07-12,219,216,435,187,191,378,299,343,642,374,380,754,321,372,693,199,269,468,162,179,341,89,98,187,28,44,72,11,19,30,1889,2111,4000,4000,452,0.113
2021-07-13,231,177,408,195,192,387,303,296,599,305,350,655,267,323,590,198,246,444,135,173,308,82,112,194,29,58,87,10,17,27,1755,1944,3699,3698,496,0.1341265548945376
2021-07-14,229,211,440,247,199,446,342,346,688,322,394,716,291,357,648,217,267,484,168,177,345,72,93,165,26,51,77,4,14,18,1918,2109,4027,4025,436,0.10832298136645963
2021-07-15,203,173,376,251,222,473,338,341,679,376,403,779,342,406,748,235,267,502,147,183,330,76,113,189,24,47,71,8,20,28,2000,2175,4175,4175,465,0.11137724550898204
2021-07-16,169,167,336,174,193,367,309,329,638,345,382,727,351,378,729,202,241,443,124,169,293,60,97,157,26,51,77,5,15,20,1765,2022,3787,3787,416,0.10984948508053868
2021-07-17,117,131,248,129,135,264,202,209,411,221,282,503,204,242,446,152,172,324,108,110,218,65,69,134,11,20,31,3,10,13,1212,1380,2592,2590,422,0.16293436293436295
2021-07-18,113,95,208,102,109,211,164,201,365,186,212,398,181,192,373,142,154,296,74,102,176,58,70,128,27,39,66,2,6,8,1049,1180,2229,2228,243,0.10906642728904847
2021-07-19,182,154,336,142,137,279,294,318,612,279,325,604,281,326,607,201,275,476,161,190,351,88,121,209,36,50,86,5,9,14,1669,1905,3574,3574,415,0.11611639619473979
2021-07-20,172,161,333,132,143,275,255,293,548,271,317,588,245,271,516,174,202,376,142,166,308,73,102,175,24,47,71,4,20,24,1492,1722,3214,3214,398,0.1238332296204107
2021-07-21,193,175,368,199,173,372,300,322,622,315,391,706,284,363,647,244,296,540,172,236,408,86,139,225,32,65,97,4,16,20,1829,2176,4005,4004,407,0.10164835164835165
2021-07-22,182,154,336,206,188,394,282,358,640,368,412,780,347,422,769,241,289,530,139,181,320,87,107,194,32,52,84,4,9,13,1888,2172,4060,4060,447,0.11009852216748768
2021-07-23,153,120,273,143,151,294,232,250,482,291,353,644,254,304,558,196,206,402,113,153,266,58,103,161,20,40,60,5,16,21,1465,1696,3161,3159,443,0.14023425134536247
2021-07-24,128,135,263,138,169,307,221,239,460,294,337,631,279,292,571,166,210,376,112,163,275,71,77,148,24,34,58,3,8,11,1436,1664,3100,3099,341,0.11003549532107132
2021-07-25,114,113,227,152,157,309,160,202,362,255,322,577,344,357,701,195,202,397,116,109,225,79,79,158,13,30,43,6,10,16,1434,1581,3015,3014,268,0.08891838088918382
2021-07-26,146,184,330,228,271,499,277,376,653,398,463,861,399,477,876,278,325,603,172,229,401,94,159,253,39,72,111,8,20,28,2039,2576,4615,4615,420,0.09100758396533044
2021-07-27,118,124,242,122,163,285,221,248,469,251,288,539,242,251,493,161,185,346,113,137,250,66,104,170,30,40,70,4,13,17,1328,1553,2881,2879,344,0.1194859326154915
2021-07-28,120,124,244,147,181,328,261,284,545,295,317,612,260,281,541,193,240,433,157,169,326,77,98,175,25,39,64,6,5,11,1541,1738,3279,3279,359,0.1094845989630985
2021-07-29,140,115,255,174,164,338,228,289,517,314,383,697,251,326,577,185,214,399,136,158,294,69,92,161,23,31,54,3,17,20,1523,1789,3312,3309,336,0.10154125113327289
2021-07-30,154,138,292,202,199,401,330,373,703,374,478,852,340,448,788,267,324,591,190,230,420,76,133,209,35,58,93,8,13,21,1976,2394,4370,4369,545,0.12474250400549325
2021-07-31,159,158,317,175,224,399,207,273,480,348,425,773,394,444,838,245,255,500,132,197,329,82,109,191,25,26,51,2,14,16,1769,2125,3894,3894,343,0.08808423215202876
2021-08-01,156,174,330,162,220,382,152,196,348,279,337,616,356,415,771,179,218,397,115,138,253,61,97,158,20,48,68,7,10,17,1487,1853,3340,3339,318,0.09523809523809523
2021-08-02,226,191,417,235,250,485,277,357,634,399,446,845,401,484,885,261,342,603,220,261,481,105,145,250,47,67,114,5,19,24,2176,2562,4738,4737,512,0.10808528604602069
2021-08-03,244,220,464,223,259,482,265,363,628,355,445,800,355,448,803,259,329,588,184,276,460,129,161,290,30,62,92,5,17,22,2049,2580,4629,4628,495,0.10695764909248055
2021-08-04,230,200,430,194,191,385,272,318,590,341,373,714,268,333,601,187,261,448,161,206,367,73,130,203,23,47,70,2,18,20,1751,2077,3828,3827,471,0.12307290305722499
2021-08-05,243,262,505,209,245,454,364,402,766,392,457,849,386,450,836,276,340,616,184,222,406,96,139,235,34,64,98,9,15,24,2193,2596,4789,4785,506,0.10574712643678161
2021-08-06,279,226,505,304,263,567,384,448,832,423,525,948,387,474,861,261,374,635,223,313,536,114,188,302,37,46,83,3,14,17,2415,2871,5286,5285,548,0.10368968779564806
2021-08-07,166,189,355,165,200,365,227,252,479,287,322,609,239,290,529,178,225,403,136,173,309,75,133,208,22,47,69,6,4,10,1501,1835,3336,3333,447,0.1341134113411341
2021-08-08,239,228,467,192,193,385,171,221,392,242,281,523,256,330,586,165,223,388,144,170,314,74,72,146,20,44,64,6,13,19,1509,1775,3284,3284,452,0.13763702801461633
2021-08-09,386,342,728,256,276,532,321,466,787,460,481,941,374,498,872,307,373,680,210,265,475,124,130,254,40,62,102,12,18,30,2490,2911,5401,5401,552,0.10220329568598407
2021-08-10,421,384,805,343,337,680,362,486,848,430,554,984,376,499,875,317,370,687,214,280,494,130,160,290,39,65,104,3,18,21,2635,3153,5788,5783,736,0.12726958326128307
2021-08-11,358,362,720,347,351,698,394,497,891,492,566,1058,428,552,980,290,386,676,208,266,474,115,138,253,46,67,113,9,24,33,2687,3209,5896,5895,591,0.10025445292620865
2021-08-12,378,363,741,328,348,676,369,461,830,430,515,945,410,511,921,261,372,633,186,225,411,114,123,237,44,54,98,9,21,30,2529,2993,5522,5521,628,0.11374750950914689
2021-08-13,467,404,871,442,460,902,419,559,978,548,681,1229,473,637,1110,316,469,785,218,295,513,131,184,315,52,64,116,6,16,22,3072,3769,6841,6840,696,0.10175438596491228
2021-08-14,285,280,565,273,247,520,232,308,540,347,414,761,310,428,738,202,302,504,145,189,334,98,106,204,28,45,73,3,12,15,1923,2331,4254,4254,648,0.152327221438646
2021-08-15,239,220,459,198,183,381,187,209,396,257,328,585,243,301,544,196,241,437,123,173,296,86,94,180,23,48,71,3,13,16,1555,1810,3365,3365,446,0.1325408618127786
2021-08-16,317,293,610,247,254,501,205,285,490,295,385,680,296,398,694,215,237,452,116,168,284,93,113,206,27,40,67,7,12,19,1818,2185,4003,4003,495,0.12365725705720709
2021-08-17,505,394,899,397,395,792,383,518,901,543,651,1194,395,628,1023,345,447,792,213,280,493,134,146,280,35,84,119,9,21,30,2959,3564,6523,6521,750,0.11501303481061187
2021-08-18,487,454,941,448,414,862,328,429,757,469,603,1072,398,511,909,277,386,663,191,257,448,126,164,290,29,76,105,15,20,35,2768,3314,6082,6082,720,0.1183821111476488
2021-08-19,446,406,852,393,390,783,315,458,773,496,598,1094,387,531,918,290,359,649,181,246,427,97,127,224,31,52,83,9,13,22,2645,3180,5825,5825,723,0.12412017167381974
2021-08-20,533,494,1027,484,465,949,378,485,863,455,629,1084,423,580,1003,287,425,712,215,298,513,121,166,287,34,64,98,10,22,32,2940,3628,6568,6565,728,0.11089108910891089
2021-08-21,282,316,598,250,245,495,232,335,567,352,460,812,301,386,687,227,286,513,155,213,368,78,122,200,31,44,75,3,16,19,1911,2423,4334,4333,641,0.1479344564966536
2021-08-22,416,369,785,242,251,493,192,254,446,330,443,773,313,420,733,234,298,532,154,194,348,99,109,208,27,42,69,5,16,21,2012,2396,4408,4408,679,0.15403811252268604
2021-08-23,713,709,1422,480,480,960,401,526,927,547,665,1212,461,641,1102,316,428,744,236,333,569,141,184,325,43,65,108,4,18,22,3342,4049,7391,7388,910,0.12317271250676773
2021-08-24,730,687,1417,483,453,936,371,494,865,451,682,1133,416,552,968,286,399,685,209,308,517,106,152,258,53,62,115,5,17,22,3110,3806,6916,6916,848,0.12261422787738577
2021-08-25,725,677,1402,442,445,887,316,451,767,435,656,1091,422,591,1013,281,365,646,220,298,518,135,159,294,47,40,87,8,29,37,3031,3711,6742,6741,810,0.12016021361815754
2021-08-26,722,672,1394,475,454,929,343,502,845,488,653,1141,429,571,1000,258,413,671,213,272,485,119,187,306,39,69,108,6,16,22,3092,3809,6901,6901,737,0.10679611650485436
2021-08-27,794,679,1473,465,540,1005,339,475,814,470,699,1169,407,622,1029,303,419,722,219,288,507,113,162,275,30,70,100,5,13,18,3145,3967,7112,7112,733,0.10306524184476941
2021-08-28,435,368,803,249,229,478,220,320,540,338,419,757,270,410,680,188,241,429,150,196,346,65,100,165,39,39,78,4,7,11,1958,2329,4287,4288,562,0.1310634328358209
2021-08-29,471,440,911,201,237,438,152,234,386,304,373,677,274,356,630,182,256,438,144,160,304,76,95,171,38,45,83,2,7,9,1844,2203,4047,4046,645,0.15941670785961443
2021-08-30,828,744,1572,449,404,853,313,423,736,454,595,1049,439,523,962,252,352,604,202,276,478,115,161,276,52,67,119,5,19,24,3109,3564,6673,6673,789,0.11823767420950097
2021-08-31,909,811,1720,575,499,1074,350,489,839,462,593,1055,422,579,1001,293,390,683,233,314,547,121,190,311,38,65,103,10,16,26,3413,3946,7359,7358,636,0.08643653166621365
2021-09-01,841,749,1590,516,470,986,323,393,716,448,613,1061,376,490,866,254,339,593,206,232,438,100,161,261,39,74,113,4,17,21,3107,3538,6645,6645,590,0.08878856282919488
2021-09-02,654,625,1279,382,391,773,261,364,625,418,499,917,300,478,778,220,301,521,172,215,387,106,111,217,28,46,74,6,17,23,2547,3047,5594,5594,514,0.09188416160171613
2021-09-03,526,512,1038,399,397,796,294,350,644,407,495,902,375,490,865,226,340,566,197,268,465,115,157,272,32,50,82,2,11,13,2573,3070,5643,5643,583,0.10331384015594541
2021-09-04,335,312,647,181,170,351,145,215,360,254,326,580,244,283,527,164,208,372,124,147,271,68,103,171,26,47,73,3,12,15,1544,1823,3367,3367,502,0.1490941490941491
2021-09-05,356,342,698,186,192,378,165,189,354,287,368,655,233,309,542,156,205,361,137,168,305,98,104,202,23,35,58,7,13,20,1648,1925,3573,3572,423,0.11842105263157894
2021-09-06,717,705,1422,385,373,758,295,415,710,427,538,965,398,496,894,265,358,623,210,262,472,144,151,295,39,74,113,7,25,32,2887,3397,6284,6283,675,0.10743275505331848
2021-09-07,620,662,1282,344,401,745,276,345,621,359,482,841,307,427,734,221,296,517,163,223,386,86,141,227,32,59,91,7,28,35,2415,3064,5479,5478,590,0.1077035414384812
2021-09-08,474,507,981,352,310,662,237,262,499,322,392,714,272,385,657,225,266,491,141,172,313,79,104,183,31,43,74,8,14,22,2141,2455,4596,4595,591,0.12861806311207835
2021-09-09,529,490,1019,319,274,593,206,325,531,326,381,707,261,349,610,185,273,458,155,166,321,93,115,208,40,57,97,5,17,22,2119,2447,4566,4563,559,0.1225071225071225
2021-09-10,526,447,973,373,391,764,354,524,878,511,673,1184,483,696,1179,406,525,931,267,403,670,122,185,307,57,57,114,8,16,24,3107,3917,7024,7023,582,0.08287056813327638
2021-09-11,283,294,577,207,238,445,282,388,670,381,485,866,379,444,823,281,356,637,215,293,508,94,158,252,30,33,63,5,6,11,2157,2695,4852,4851,812,0.1673881673881674
2021-09-12,274,258,532,133,152,285,127,158,285,207,253,460,213,227,440,147,179,326,113,154,267,58,78,136,16,29,45,6,9,15,1294,1497,2791,2791,411,0.14725904693658187
2021-09-13,559,556,1115,310,366,676,270,353,623,374,498,872,370,445,815,247,354,601,217,238,455,130,168,298,34,71,105,8,18,26,2519,3067,5586,5586,567,0.10150375939849623
2021-09-14,560,499,1059,313,306,619,232,287,519,314,431,745,274,366,640,186,292,478,159,236,395,105,149,254,28,49,77,6,14,20,2177,2629,4806,4804,683,0.14217318900915904
2021-09-15,436,400,836,282,252,534,163,263,426,254,390,644,237,338,575,158,212,370,121,178,299,78,103,181,35,51,86,7,23,30,1771,2210,3981,3979,567,0.14249811510429755
2021-09-16,431,379,810,277,282,559,191,274,465,265,400,665,255,374,629,181,233,414,127,206,333,90,130,220,32,52,84,10,16,26,1859,2346,4205,4204,404,0.0960989533777355
2021-09-17,547,491,1038,355,354,709,211,309,520,292,410,702,283,355,638,176,264,440,138,187,325,113,142,255,28,62,90,4,10,14,2147,2584,4731,4730,528,0.11162790697674418
2021-09-18,282,261,543,152,154,306,144,203,347,205,266,471,187,249,436,146,178,324,134,182,316,67,103,170,31,35,66,4,12,16,1352,1643,2995,2995,523,0.17462437395659433
2021-09-19,320,293,613,135,135,270,134,165,299,206,262,468,200,207,407,124,170,294,104,115,219,62,85,147,17,40,57,6,8,14,1308,1480,2788,2787,398,0.14280588446358092
2021-09-20,598,598,1196,429,444,873,201,290,491,347,404,751,299,363,662,209,288,497,186,223,409,103,130,233,28,55,83,9,10,19,2409,2805,5214,5213,527,0.1010934202954153
2021-09-21,468,468,936,185,213,398,185,273,458,293,321,614,245,286,531,156,225,381,151,199,350,108,124,232,37,53,90,3,10,13,1831,2172,4003,4002,464,0.11594202898550725
2021-09-22,545,456,1001,386,364,750,174,272,446,281,417,698,237,330,567,154,256,410,142,204,346,97,113,210,20,54,74,6,19,25,2042,2485,4527,4524,509,0.11251105216622458
2021-09-23,450,425,875,378,398,776,180,266,446,291,399,690,240,338,578,156,237,393,169,226,395,100,125,225,25,40,65,7,14,21,1996,2468,4464,4463,451,0.1010531032937486
2021-09-24,402,413,815,261,230,491,178,212,390,235,285,520,209,298,507,148,210,358,136,183,319,74,130,204,29,52,81,4,7,11,1676,2020,3696,3696,477,0.12905844155844157
2021-09-25,235,203,438,119,114,233,111,161,272,173,221,394,151,194,345,119,134,253,97,121,218,66,81,147,24,36,60,2,15,17,1097,1280,2377,2376,561,0.2361111111111111
2021-09-26,269,237,506,120,133,253,100,140,240,172,215,387,192,208,400,107,149,256,111,117,228,57,73,130,18,30,48,2,9,11,1148,1311,2459,2459,308,0.1252541683611224
2021-09-27,504,449,953,370,302,672,189,268,457,278,350,628,294,287,581,175,243,418,155,215,370,114,134,248,27,56,83,10,18,28,2116,2322,4438,4438,497,0.11198738170347003
2021-09-28,505,413,918,443,472,915,161,262,423,268,324,592,231,302,533,166,208,374,133,170,303,86,88,174,19,50,69,5,12,17,2017,2301,4318,4317,452,0.10470233958767662
2021-09-29,433,364,797,323,338,661,188,256,444,256,354,610,242,283,525,165,206,371,137,193,330,96,145,241,42,46,88,9,9,18,1891,2194,4085,4082,390,0.09554140127388536
2021-09-30,346,328,674,402,432,834,161,221,382,233,283,516,186,244,430,158,186,344,119,177,296,65,112,177,25,59,84,6,13,19,1701,2055,3756,3754,268,0.0713905167820991
2021-10-01,436,331,767,439,447,886,200,238,438,245,367,612,255,289,544,182,199,381,134,190,324,97,127,224,32,63,95,4,19,23,2024,2270,4294,4294,517,0.12040055891942245
2021-10-02,225,225,450,135,128,263,136,174,310,159,235,394,146,165,311,118,144,262,99,141,240,79,79,158,19,41,60,2,8,10,1118,1340,2458,2459,330,0.13420089467263116
2021-10-03,208,183,391,126,108,234,123,167,290,157,176,333,150,174,324,98,132,230,74,123,197,50,73,123,18,34,52,1,4,5,1005,1174,2179,2179,300,0.13767783386874713
2021-10-04,457,432,889,464,401,865,213,282,495,224,379,603,248,314,562,180,264,444,155,232,387,106,143,249,34,42,76,6,14,20,2087,2503,4590,4590,480,0.10457516339869281
2021-10-05,447,395,842,398,483,881,185,265,450,301,371,672,239,300,539,166,254,420,122,200,322,81,126,207,34,49,83,11,14,25,1984,2457,4441,4440,413,0.09301801801801801
2021-10-06,356,310,666,348,377,725,214,261,475,287,372,659,254,309,563,156,252,408,147,178,325,76,126,202,35,42,77,6,9,15,1879,2236,4115,4115,386,0.09380315917375456
2021-10-07,304,300,604,201,230,431,199,259,458,282,359,641,260,332,592,184,241,425,134,196,330,112,111,223,29,48,77,3,15,18,1708,2091,3799,3799,536,0.1410897604632798
2021-10-08,157,146,303,132,162,294,174,181,355,205,246,451,209,216,425,135,196,331,148,170,318,70,76,146,21,34,55,8,14,22,1259,1441,2700,2700,362,0.13407407407407407
2021-10-09,134,130,264,173,166,339,134,173,307,184,232,416,174,214,388,137,166,303,123,156,279,79,100,179,19,43,62,6,9,15,1163,1389,2552,2551,368,0.14425715405723247
2021-10-10,177,178,355,108,113,221,119,160,279,179,205,384,179,191,370,125,162,287,119,140,259,59,87,146,21,36,57,3,7,10,1089,1279,2368,2367,336,0.14195183776932827
2021-10-11,198,181,379,160,165,325,179,192,371,234,236,470,211,257,468,157,205,362,137,169,306,90,105,195,21,34,55,5,12,17,1392,1556,2948,2944,440,0.14945652173913043
2021-10-12,367,340,707,388,411,799,251,345,596,336,386,722,299,377,676,202,278,480,182,256,438,109,140,249,36,58,94,8,21,29,2178,2612,4790,4790,479,0.1
2021-10-13,382,346,728,398,407,805,274,337,611,359,396,755,309,350,659,216,248,464,159,214,373,109,147,256,29,44,73,4,8,12,2239,2497,4736,4735,481,0.10158394931362197
2021-10-14,352,342,694,439,443,882,253,329,582,311,394,705,297,379,676,222,289,511,187,248,435,112,137,249,33,63,96,7,18,25,2213,2642,4855,4855,386,0.07950566426364572
2021-10-15,292,261,553,303,323,626,199,312,511,304,353,657,254,313,567,203,220,423,153,220,373,94,151,245,23,44,67,2,10,12,1827,2207,4034,4033,441,0.10934787999008183
2021-10-16,177,164,341,185,227,412,166,181,347,241,263,504,211,261,472,162,208,370,141,194,335,106,138,244,35,49,84,2,12,14,1426,1697,3123,3122,410,0.1313260730301089
2021-10-17,161,128,289,180,166,346,111,160,271,185,214,399,174,215,389,132,157,289,98,128,226,74,89,163,21,30,51,1,4,5,1137,1291,2428,2427,266,0.1096003296250515
2021-10-18,393,382,775,288,325,613,249,327,576,317,361,678,279,353,632,217,287,504,195,271,466,117,159,276,47,67,114,6,10,16,2108,2542,4650,4645,503,0.10828848223896663
2021-10-19,436,415,851,297,329,626,216,271,487,270,344,614,205,323,528,171,221,392,156,187,343,108,128,236,34,60,94,6,19,25,1899,2297,4196,4194,464,0.11063423938960419
2021-10-20,444,408,852,321,356,677,264,358,622,294,413,707,272,360,632,199,267,466,150,224,374,106,154,260,34,49,83,5,11,16,2089,2600,4689,4688,563,0.1200938566552901
2021-10-21,476,444,920,311,374,685,237,315,552,310,462,772,264,370,634,182,313,495,151,244,395,103,149,252,31,65,96,4,21,25,2069,2757,4826,4825,541,0.11212435233160621
2021-10-22,441,444,885,409,467,876,221,334,555,324,444,768,295,439,734,214,307,521,171,260,431,118,143,261,38,66,104,8,12,20,2239,2916,5155,5154,515,0.09992239037640667
2021-10-23,267,245,512,242,215,457,131,208,339,211,264,475,208,269,477,154,215,369,126,166,292,73,93,166,17,39,56,6,13,19,1435,1727,3162,3162,407,0.12871600253004428
2021-10-24,301,263,564,183,159,342,107,188,295,207,289,496,189,262,451,161,199,360,109,142,251,58,91,149,25,23,48,2,8,10,1342,1624,2966,2966,342,0.1153068105192178
2021-10-25,553,575,1128,352,358,710,278,391,669,393,467,860,351,430,781,232,352,584,217,317,534,116,168,284,35,49,84,3,10,13,2530,3117,5647,5647,636,0.11262617318930405
2021-10-26,532,496,1028,422,380,802,282,369,651,336,428,764,282,400,682,233,313,546,219,271,490,108,148,256,29,64,93,3,11,14,2446,2880,5326,5326,439,0.08242583552384529
2021-10-27,474,454,928,388,339,727,260,298,558,296,412,708,280,369,649,195,288,483,170,245,415,120,124,244,35,58,93,3,14,17,2221,2601,4822,4818,430,0.08924865089248651
2021-10-28,472,457,929,390,389,779,228,328,556,331,384,715,272,366,638,188,255,443,180,208,388,92,132,224,39,53,92,7,15,22,2199,2587,4786,4785,371,0.07753396029258099
2021-10-29,428,409,837,397,394,791,222,327,549,346,408,754,332,395,727,210,314,524,184,245,429,122,173,295,34,64,98,3,14,17,2278,2743,5021,5021,531,0.1057558255327624
2021-10-30,238,209,447,233,240,473,150,168,318,220,294,514,227,285,512,170,188,358,139,166,305,91,105,196,30,44,74,4,7,11,1502,1706,3208,3208,507,0.1580423940149626
2021-10-31,207,214,421,210,228,438,130,161,291,179,236,415,180,242,422,150,194,344,109,137,246,60,98,158,22,29,51,4,13,17,1251,1552,2803,2802,330,0.11777301927194861
2021-11-01,403,415,818,325,340,665,191,335,526,337,432,769,379,438,817,272,348,620,214,296,510,152,176,328,28,56,84,9,14,23,2310,2850,5160,5160,527,0.10213178294573644
2021-11-02,423,387,810,326,315,641,201,291,492,281,364,645,242,373,615,178,268,446,177,236,413,105,129,234,39,60,99,5,15,20,1977,2438,4415,4413,474,0.10740992522093813
2021-11-03,438,344,782,364,427,791,227,311,538,317,392,709,312,410,722,247,307,554,181,217,398,116,154,270,32,42,74,1,10,11,2235,2614,4849,4849,443,0.09135904310167045
2021-11-04,367,328,695,342,332,674,205,302,507,304,396,700,281,376,657,229,301,530,174,227,401,100,132,232,35,53,88,7,12,19,2044,2459,4503,4503,500,0.11103708638685321
2021-11-05,337,322,659,307,342,649,245,302,547,289,394,683,276,378,654,237,280,517,186,233,419,98,124,222,36,48,84,5,15,20,2016,2438,4454,4454,523,0.11742254153569825
2021-11-06,214,180,394,217,216,433,141,196,337,217,239,456,180,232,412,139,206,345,119,130,249,72,92,164,25,37,62,1,10,11,1325,1538,2863,2863,343,0.1198044009779951
2021-11-07,203,221,424,202,209,411,118,183,301,164,217,381,184,238,422,157,192,349,107,152,259,60,81,141,28,16,44,5,5,10,1228,1514,2742,2742,322,0.1174325309992706
2021-11-08,485,438,923,318,322,640,254,330,584,357,429,786,309,471,780,232,336,568,191,231,422,117,156,273,43,60,103,5,13,18,2311,2786,5097,5097,547,0.10731803021385128
2021-11-09,432,390,822,312,315,627,208,330,538,309,359,668,310,378,688,199,273,472,150,174,324,90,109,199,28,60,88,7,8,15,2045,2396,4441,4439,430,0.09686866411353909
2021-11-10,436,359,795,308,351,659,267,359,626,310,417,727,313,392,705,239,284,523,141,213,354,76,126,202,26,50,76,4,11,15,2120,2562,4682,4682,370,0.07902605724049551
2021-11-11,435,397,832,318,351,669,248,322,570,361,481,842,283,409,692,198,299,497,153,189,342,92,117,209,31,60,91,2,11,13,2121,2636,4757,4756,354,0.0744322960470984
2021-11-12,361,358,719,382,401,783,260,313,573,344,522,866,344,478,822,271,364,635,224,338,562,109,166,275,42,47,89,2,14,16,2339,3001,5340,5340,511,0.09569288389513109
2021-11-13,230,226,456,329,309,638,169,243,412,269,299,568,220,288,508,159,240,399,139,182,321,106,152,258,27,40,67,2,16,18,1650,1995,3645,3645,486,0.13333333333333333
2021-11-14,195,189,384,139,120,259,98,139,237,163,209,372,157,172,329,88,135,223,76,129,205,62,79,141,11,20,31,5,12,17,994,1204,2198,2198,346,0.15741583257506825
2021-11-15,420,394,814,325,314,639,216,318,534,338,411,749,281,440,721,205,323,528,205,264,469,127,182,309,39,62,101,4,11,15,2160,2719,4879,4877,446,0.09144966167726061
2021-11-16,397,394,791,329,278,607,223,326,549,288,437,725,317,383,700,225,302,527,184,246,430,103,139,242,31,39,70,4,10,14,2101,2554,4655,4654,498,0.10700472711645896
2021-11-17,405,374,779,297,256,553,237,324,561,321,504,825,313,470,783,263,340,603,183,259,442,132,163,295,34,45,79,7,10,17,2192,2745,4937,4937,427,0.08648977111606239
2021-11-18,419,344,763,379,344,723,258,345,603,344,464,808,309,433,742,217,344,561,202,232,434,95,116,211,32,54,86,11,15,26,2266,2691,4957,4957,478,0.09642929191042969
2021-11-19,307,305,612,379,402,781,229,308,537,290,466,756,330,408,738,239,330,569,186,193,379,91,156,247,29,43,72,4,11,15,2084,2622,4706,4705,401,0.08522848034006376
2021-11-20,219,200,419,249,311,560,142,206,348,204,260,464,180,262,442,147,182,329,146,147,293,78,92,170,23,34,57,3,6,9,1391,1700,3091,3091,441,0.1426722743448722
2021-11-21,152,149,301,209,221,430,95,108,203,157,177,334,159,188,347,111,134,245,97,159,256,45,91,136,21,29,50,3,4,7,1049,1260,2309,2309,370,0.16024252923343438
2021-11-22,221,236,457,247,245,492,128,177,305,216,254,470,193,281,474,156,201,357,109,171,280,94,96,190,29,42,71,2,11,13,1395,1714,3109,3109,443,0.1424895464779672
2021-11-23,362,342,704,264,285,549,198,278,476,287,364,651,237,342,579,173,271,444,154,201,355,85,133,218,41,40,81,3,12,15,1804,2268,4072,4069,639,0.15704104202506758
2021-11-24,322,318,640,226,247,473,195,276,471,277,347,624,233,353,586,156,274,430,130,191,321,95,98,193,28,52,80,3,7,10,1665,2163,3828,3826,548,0.1432305279665447
2021-11-25,324,339,663,284,279,563,242,278,520,348,420,768,298,344,642,230,268,498,164,208,372,96,117,213,32,46,78,1,8,9,2019,2307,4326,4326,401,0.09269533055940823
2021-11-26,289,302,591,447,449,896,267,279,546,320,436,756,322,428,750,227,286,513,180,216,396,94,136,230,26,45,71,1,14,15,2173,2591,4764,4763,493,0.10350619357547763
2021-11-27,197,203,400,294,297,591,220,241,461,293,331,624,279,312,591,206,237,443,185,208,393,120,133,253,42,49,91,3,15,18,1839,2026,3865,3865,423,0.10944372574385511
2021-11-28,194,159,353,171,205,376,126,148,274,190,214,404,188,249,437,138,162,300,99,123,222,46,67,113,13,33,46,4,8,12,1169,1368,2537,2537,279,0.10997240835632636
2021-11-29,307,311,618,431,406,837,270,349,619,363,438,801,337,420,757,217,323,540,196,262,458,144,169,313,39,69,108,4,18,22,2308,2765,5073,5073,508,0.10013798541297063
2021-11-30,308,282,590,346,351,697,260,375,635,392,463,855,341,442,783,242,329,571,181,248,429,108,152,260,37,63,100,4,17,21,2219,2722,4941,4941,612,0.12386156648451731
2021-12-01,374,288,662,322,337,659,217,367,584,339,452,791,346,425,771,227,305,532,203,278,481,122,151,273,32,56,88,4,18,22,2186,2677,4863,4862,484,0.09954751131221719
2021-12-02,334,297,631,390,484,874,281,432,713,427,566,993,384,503,887,255,383,638,201,278,479,103,159,262,38,55,93,2,13,15,2415,3170,5585,5585,543,0.09722470904207699
2021-12-03,230,240,470,251,303,554,195,247,442,273,321,594,266,279,545,154,219,373,145,167,312,93,103,196,25,43,68,4,14,18,1636,1936,3572,3567,599,0.167928231006448
2021-12-04,235,185,420,369,443,812,200,262,462,286,365,651,262,355,617,173,241,414,169,181,350,82,116,198,32,52,84,1,9,10,1809,2209,4018,4018,505,0.12568442010950723
2021-12-05,251,237,488,416,410,826,192,277,469,244,319,563,242,313,555,173,253,426,131,190,321,92,114,206,23,37,60,1,10,11,1765,2160,3925,3925,299,0.07617834394904459
2021-12-06,402,422,824,388,455,843,355,459,814,427,533,960,390,552,942,312,392,704,243,345,588,153,181,334,43,80,123,7,12,19,2720,3431,6151,6151,550,0.0894163550642172
2021-12-07,408,403,811,404,450,854,319,466,785,414,617,1031,381,544,925,286,389,675,177,264,441,126,188,314,39,75,114,7,19,26,2561,3415,5976,5975,413,0.06912133891213389
2021-12-08,261,275,536,239,224,463,229,379,608,298,372,670,256,344,600,207,260,467,144,210,354,87,119,206,35,44,79,1,7,8,1757,2234,3991,3990,416,0.10426065162907268
2021-12-09,358,353,711,438,484,922,382,606,988,468,646,1114,431,592,1023,311,430,741,245,294,539,145,196,341,43,64,107,5,14,19,2826,3679,6505,6502,610,0.09381728698861888
2021-12-10,341,400,741,743,771,1514,425,628,1053,540,719,1259,472,636,1108,310,422,732,206,319,525,141,221,362,43,75,118,5,15,20,3226,4206,7432,7423,661,0.08904755489694194
2021-12-11,223,205,428,415,513,928,278,382,660,330,425,755,317,397,714,221,267,488,151,205,356,88,116,204,24,47,71,4,11,15,2051,2568,4619,4615,456,0.09880823401950163
2021-12-12,245,235,480,321,366,687,202,337,539,312,417,729,278,375,653,210,278,488,160,220,380,84,120,204,32,42,74,4,14,18,1848,2404,4252,4252,418,0.09830667920978363
2021-12-13,384,406,790,479,520,999,451,672,1123,506,662,1168,447,536,983,310,496,806,250,349,599,166,197,363,52,97,149,7,23,30,3052,3958,7010,7010,705,0.10057061340941512
2021-12-14,384,399,783,455,500,955,531,782,1313,637,833,1470,464,606,1070,297,460,757,278,340,618,154,199,353,50,65,115,6,11,17,3256,4195,7451,7451,686,0.0920681787679506
2021-12-15,406,419,825,409,561,970,499,702,1201,608,701,1309,469,625,1094,325,444,769,226,288,514,142,156,298,49,79,128,8,17,25,3141,3992,7133,7132,730,0.10235558048233315
2021-12-16,474,473,947,602,694,1296,654,939,1593,731,941,1672,620,763,1383,397,535,932,286,348,634,127,181,308,48,77,125,5,11,16,3944,4962,8906,8903,730,0.08199483320229137
2021-12-17,436,454,890,668,793,1461,647,916,1563,715,900,1615,550,756,1306,409,549,958,261,381,642,162,200,362,37,61,98,4,17,21,3889,5027,8916,8913,1069,0.11993717042522159
2021-12-18,275,275,550,414,491,905,395,578,973,506,639,1145,376,517,893,294,386,680,205,253,458,100,159,259,30,50,80,3,9,12,2598,3357,5955,5955,726,0.12191435768261964
2021-12-19,264,281,545,322,380,702,311,492,803,432,570,1002,369,436,805,282,365,647,213,220,433,115,129,244,29,33,62,4,6,10,2341,2912,5253,5253,670,0.12754616409670663
2021-12-20,471,515,986,596,632,1228,619,879,1498,760,954,1714,622,829,1451,431,622,1053,299,432,731,194,238,432,52,95,147,7,13,20,4051,5209,9260,9256,942,0.10177182368193605
2021-12-21,411,439,850,588,631,1219,816,1049,1865,902,1116,2018,670,879,1549,451,599,1050,284,373,657,156,186,342,45,84,129,4,13,17,4327,5369,9696,9691,946,0.09761634506242906
2021-12-22,573,459,1032,669,842,1511,1080,1525,2605,1192,1608,2800,900,1249,2149,574,876,1450,398,503,901,216,280,496,40,101,141,7,23,30,5649,7466,13115,13100,1195,0.09122137404580152
2021-12-23,521,561,1082,836,941,1777,1199,1532,2731,1241,1617,2858,889,1249,2138,578,873,1451,413,544,957,190,300,490,52,110,162,3,21,24,5922,7748,13670,13657,1675,0.12264772644065315
2021-12-24,302,289,591,438,488,926,564,795,1359,633,756,1389,502,615,1117,337,448,785,239,256,495,113,146,259,42,54,96,4,7,11,3174,3854,7028,7019,1366,0.1946146174668756
2021-12-25,151,140,291,192,223,415,172,238,410,231,290,521,209,268,477,167,207,374,105,137,242,59,97,156,18,32,50,3,8,11,1307,1640,2947,2931,957,0.3265097236438076
2021-12-26,342,337,679,558,661,1219,659,761,1420,736,895,1631,658,881,1539,511,687,1198,326,419,745,196,200,396,37,70,107,7,9,16,4030,4920,8950,8941,1239,0.13857510345598925
2021-12-27,496,483,979,837,944,1781,967,1220,2187,1123,1425,2548,939,1291,2230,730,1022,1752,495,574,1069,244,327,571,70,109,179,3,33,36,5904,7428,13332,13307,1472,0.11061847148117532
2021-12-28,467,442,909,926,1056,1982,1166,1512,2678,1167,1488,2655,1042,1396,2438,757,1059,1816,487,620,1107,207,290,497,63,120,183,2,19,21,6284,8002,14286,14269,1212,0.08493937907351601
2021-12-29,500,437,937,1047,1101,2148,1345,1774,3119,1334,1666,3000,1070,1498,2568,767,1172,1939,510,638,1148,217,332,549,56,116,172,11,21,32,6857,8755,15612,15585,1222,0.07840872633942894
2021-12-30,659,586,1245,1164,1356,2520,1611,1901,3512,1429,1849,3278,1168,1703,2871,880,1295,2175,577,811,1388,275,397,672,73,117,190,5,29,34,7841,10044,17885,17850,1188,0.06655462184873949
2021-12-31,219,230,449,488,545,1033,615,833,1448,631,727,1358,520,720,1240,393,565,958,260,337,597,121,162,283,35,57,92,4,4,8,3286,4180,7466,7411,694,0.09364458237754689
2022-01-01,88,88,176,140,186,326,161,221,382,195,247,442,183,254,437,163,210,373,98,129,227,39,69,108,13,18,31,1,6,7,1081,1428,2509,2501,347,0.13874450219912035
2022-01-02,83,59,142,53,68,121,52,77,129,60,110,170,69,94,163,61,63,124,55,52,107,27,31,58,5,15,20,2,5,7,467,574,1041,1036,608,0.5868725868725869
2022-01-03,133,115,248,72,78,150,86,126,212,116,132,248,101,139,240,88,80,168,74,74,148,41,46,87,11,32,43,1,5,6,723,827,1550,1541,446,0.28942245295262814
2022-01-04,42,39,81,31,27,58,42,71,113,61,86,147,46,58,104,35,30,65,23,22,45,10,12,22,3,10,13,1,1,2,294,356,650,639,98,0.15336463223787167
2022-01-05,21,19,40,14,19,33,20,29,49,18,47,65,16,27,43,7,24,31,16,14,30,5,7,12,0,4,4,0,2,2,117,192,309,301,0,0.0
