FECHA,<=30M,<=30F,<=30,31-40M,31-40F,31-40,41-50M,41-50F,41-50,51-60M,51-60F,51-60,61-70M,61-70F,61-70,71-80M,71-80F,71-80,81-90M,81-90F,81-90,>=91M,>=91F,>=91,TotalM,TotalF,Total
2020-03-15,2,4,6,2,1,3,1,2,3,1,0,1,1,1,2,1,0,1,0,0,0,0,0,0,8,8,16
2020-03-16,6,12,18,3,2,5,1,4,5,4,2,6,3,4,7,1,0,1,0,0,0,0,0,0,18,24,42
2020-03-17,10,19,29,4,4,8,4,9,13,4,4,8,5,6,11,3,3,6,1,0,1,0,0,0,31,45,76
2020-03-18,15,20,35,6,5,11,5,12,17,5,5,10,7,8,15,4,3,7,2,0,2,0,0,0,44,53,97
2020-03-19,21,23,44,9,8,17,7,13,20,5,5,10,8,9,17,5,4,9,2,0,2,1,0,1,58,62,120
2020-03-20,26,25,51,11,11,22,7,15,22,5,6,11,10,10,20,6,6,12,3,0,3,1,0,1,69,73,142
2020-03-21,31,31,62,15,13,28,9,16,25,6,6,12,12,12,24,7,7,14,4,0,4,2,0,2,86,85,171
2020-03-22,39,34,73,16,13,29,10,16,26,8,7,15,12,15,27,9,8,17,7,2,9,2,1,3,103,96,199
2020-03-23,46,40,86,20,17,37,12,19,31,10,9,19,14,18,32,14,11,25,10,5,15,2,3,5,128,122,250
2020-03-24,51,45,96,23,19,42,13,22,35,12,11,23,14,19,33,16,11,27,12,6,18,3,3,6,144,136,280
2020-03-25,55,54,109,25,27,52,14,23,37,13,14,27,17,20,37,18,13,31,14,11,25,5,3,8,161,165,326
2020-03-26,63,61,124,29,31,60,18,27,45,17,17,34,18,25,43,22,16,38,20,11,31,6,4,10,193,192,385
2020-03-27,69,68,137,35,32,67,21,33,54,19,20,39,23,31,54,27,22,49,23,14,37,8,9,17,225,229,454
2020-03-28,74,71,145,39,35,74,22,34,56,24,22,46,27,31,58,31,29,60,26,15,41,8,9,17,251,246,497
2020-03-29,80,75,155,42,38,80,25,37,62,25,22,47,33,35,68,35,31,66,30,16,46,10,10,20,280,264,544
2020-03-30,85,84,169,49,40,89,30,42,72,28,24,52,40,37,77,38,37,75,34,17,51,13,12,25,317,293,610
2020-03-31,103,92,195,61,45,106,37,47,84,33,26,59,46,40,86,45,40,85,36,21,57,17,12,29,378,323,701
2020-04-01,124,109,233,72,49,121,52,54,106,38,36,74,51,43,94,53,45,98,42,26,68,17,13,30,449,375,824
2020-04-02,145,129,274,80,54,134,55,63,118,42,51,93,59,50,109,61,51,112,47,33,80,20,16,36,509,447,956
2020-04-03,180,149,329,89,67,156,67,77,144,48,59,107,67,55,122,68,56,124,53,39,92,21,21,42,593,523,1116
2020-04-04,200,175,375,97,82,179,79,83,162,56,61,117,74,58,132,70,61,131,57,41,98,22,24,46,655,585,1240
2020-04-05,222,195,417,104,91,195,89,92,181,61,69,130,76,69,145,76,69,145,60,45,105,24,26,50,712,656,1368
2020-04-06,250,216,466,119,98,217,102,98,200,73,75,148,84,78,162,86,74,160,67,49,116,25,29,54,806,717,1523
2020-04-07,275,236,511,128,108,236,110,106,216,84,79,163,88,83,171,95,83,178,73,59,132,27,30,57,880,784,1664
2020-04-08,297,260,557,136,113,249,119,113,232,93,88,181,97,92,189,106,89,195,74,63,137,30,34,64,952,852,1804
2020-04-09,311,280,591,151,125,276,125,126,251,103,97,200,104,96,200,113,99,212,79,71,150,34,39,73,1020,933,1953
2020-04-10,339,297,636,157,131,288,137,128,265,107,104,211,112,98,210,114,109,223,84,80,164,35,43,78,1085,990,2075
2020-04-11,363,316,679,168,138,306,144,132,276,111,112,223,116,105,221,121,112,233,88,88,176,36,46,82,1147,1049,2196
2020-04-12,382,331,713,179,145,324,148,140,288,122,116,238,119,110,229,125,121,246,92,92,184,36,48,84,1203,1103,2306
2020-04-13,413,360,773,187,159,346,159,150,309,128,123,251,130,118,248,131,130,261,101,104,205,39,53,92,1288,1197,2485
2020-04-14,447,374,821,199,165,364,169,161,330,140,133,273,138,124,262,140,135,275,108,109,217,42,57,99,1383,1258,2641
2020-04-15,468,397,865,208,174,382,178,176,354,149,147,296,148,130,278,151,141,292,114,117,231,47,59,106,1463,1341,2804
2020-04-16,501,417,918,222,191,413,191,191,382,157,161,318,152,138,290,158,145,303,118,122,240,47,63,110,1546,1428,2974
2020-04-17,531,444,975,234,215,449,206,202,408,170,172,342,158,147,305,174,156,330,123,129,252,48,66,114,1644,1531,3175
2020-04-18,564,466,1030,255,225,480,218,207,425,178,177,355,161,151,312,181,166,347,128,139,267,51,70,121,1736,1601,3337
2020-04-19,586,484,1070,268,231,499,226,214,440,183,187,370,170,159,329,187,174,361,133,146,279,52,71,123,1805,1666,3471
2020-04-20,637,516,1153,284,243,527,241,226,467,198,198,396,184,170,354,203,186,389,144,156,300,57,85,142,1948,1780,3728
2020-04-21,677,543,1220,295,265,560,249,235,484,206,208,414,193,177,370,218,198,416,151,166,317,59,95,154,2048,1887,3935
2020-04-22,705,575,1280,311,271,582,264,245,509,214,221,435,205,183,388,223,211,434,160,178,338,66,101,167,2148,1985,4133
2020-04-23,737,611,1348,325,282,607,277,259,536,220,236,456,213,191,404,234,219,453,171,189,360,72,110,182,2249,2097,4346
2020-04-24,778,646,1424,342,299,641,287,271,558,229,249,478,221,201,422,246,232,478,182,203,385,74,113,187,2359,2214,4573
2020-04-25,803,668,1471,355,309,664,293,281,574,234,257,491,227,206,433,252,239,491,193,220,413,78,117,195,2435,2297,4732
2020-04-26,831,700,1531,361,313,674,305,288,593,238,263,501,236,214,450,259,245,504,200,227,427,79,121,200,2509,2371,4880
2020-04-27,864,731,1595,370,333,703,311,308,619,252,277,529,245,222,467,278,253,531,210,243,453,82,125,207,2612,2492,5104
2020-04-28,909,762,1671,386,348,734,323,327,650,260,290,550,252,230,482,281,265,546,216,258,474,84,129,213,2711,2609,5320
2020-04-29,957,792,1749,408,373,781,337,341,678,270,303,573,259,237,496,293,272,565,220,272,492,88,139,227,2832,2729,5561
2020-04-30,997,817,1814,422,385,807,351,352,703,284,317,601,269,247,516,301,284,585,233,290,523,94,147,241,2951,2839,5790
2020-05-01,1008,847,1855,436,398,834,365,363,728,294,323,617,279,253,532,308,294,602,242,301,543,94,149,243,3026,2928,5954
2020-05-02,1034,876,1910,447,406,853,373,370,743,304,326,630,283,259,542,316,296,612,248,313,561,95,153,248,3100,2999,6099
2020-05-03,1054,902,1956,456,414,870,382,376,758,313,329,642,291,264,555,322,306,628,255,321,576,98,158,256,3171,3070,6241
2020-05-04,1096,943,2039,473,430,903,392,388,780,324,335,659,301,275,576,338,324,662,263,337,600,100,163,263,3287,3195,6482
2020-05-05,1138,974,2112,487,448,935,401,406,807,335,344,679,314,283,597,352,335,687,271,353,624,101,173,274,3399,3316,6715
2020-05-06,1178,1006,2184,504,468,972,424,417,841,344,353,697,327,296,623,371,351,722,279,368,647,105,179,284,3532,3438,6970
2020-05-07,1225,1040,2265,519,486,1005,444,431,875,350,362,712,336,305,641,390,359,749,289,382,671,106,186,292,3659,3551,7210
2020-05-08,1269,1067,2336,533,504,1037,465,450,915,370,371,741,346,318,664,403,369,772,299,394,693,109,198,307,3794,3671,7465
2020-05-09,1302,1100,2402,540,517,1057,475,463,938,377,377,754,353,325,678,416,373,789,304,406,710,114,207,321,3881,3768,7649
2020-05-10,1325,1127,2452,546,528,1074,482,475,957,380,384,764,364,333,697,424,386,810,310,418,728,115,212,327,3946,3863,7809
2020-05-11,1367,1166,2533,564,547,1111,501,496,997,392,395,787,375,341,716,437,397,834,322,435,757,119,230,349,4077,4007,8084
2020-05-12,1430,1215,2645,590,566,1156,512,518,1030,400,404,804,387,354,741,446,406,852,333,450,783,123,243,366,4221,4156,8377
2020-05-13,1496,1264,2760,609,589,1198,533,529,1062,413,417,830,398,365,763,456,416,872,341,468,809,124,251,375,4370,4299,8669
2020-05-14,1546,1346,2892,637,618,1255,547,540,1087,428,437,865,411,378,789,466,427,893,354,484,838,126,264,390,4515,4494,9009
2020-05-15,1585,1395,2980,660,644,1304,562,567,1129,444,447,891,422,387,809,475,433,908,364,506,870,131,274,405,4643,4653,9296
2020-05-16,1618,1443,3061,672,670,1342,573,579,1152,452,458,910,430,394,824,485,440,925,370,514,884,135,286,421,4735,4784,9519
2020-05-17,1662,1480,3142,684,687,1371,583,592,1175,458,461,919,437,401,838,492,446,938,382,527,909,137,290,427,4835,4884,9719
2020-05-18,1734,1555,3289,711,723,1434,603,615,1218,479,476,955,453,417,870,510,460,970,398,540,938,138,301,439,5026,5087,10113
2020-05-19,1807,1629,3436,752,756,1508,635,639,1274,500,492,992,474,431,905,525,483,1008,410,562,972,143,311,454,5246,5303,10549
2020-05-20,1895,1726,3621,804,789,1593,664,661,1325,518,507,1025,498,449,947,540,494,1034,422,580,1002,149,315,464,5490,5521,11011
2020-05-21,1998,1825,3823,843,834,1677,691,688,1379,542,522,1064,516,456,972,555,504,1059,432,597,1029,150,319,469,5727,5745,11472
2020-05-22,2100,1907,4007,875,871,1746,719,711,1430,561,535,1096,526,466,992,565,515,1080,441,615,1056,156,331,487,5943,5951,11894
2020-05-23,2173,1976,4149,911,894,1805,736,728,1464,571,548,1119,540,477,1017,573,529,1102,450,623,1073,158,333,491,6112,6108,12220
2020-05-24,2221,2021,4242,928,918,1846,748,735,1483,581,552,1133,552,487,1039,585,539,1124,456,637,1093,160,339,499,6231,6228,12459
2020-05-25,2302,2116,4418,950,946,1896,770,754,1524,586,561,1147,562,496,1058,595,546,1141,466,652,1118,162,347,509,6393,6418,12811
2020-05-26,2431,2240,4671,1007,996,2003,795,796,1591,604,590,1194,578,504,1082,609,553,1162,478,666,1144,166,358,524,6668,6703,13371
2020-05-27,2524,2342,4866,1041,1036,2077,822,819,1641,626,611,1237,590,513,1103,618,569,1187,482,682,1164,170,360,530,6873,6932,13805
2020-05-28,2618,2457,5075,1076,1082,2158,853,849,1702,643,635,1278,599,529,1128,633,577,1210,496,703,1199,174,372,546,7092,7204,14296
2020-05-29,2734,2559,5293,1114,1137,2251,888,888,1776,661,657,1318,619,544,1163,650,592,1242,512,720,1232,175,376,551,7353,7473,14826
2020-05-30,2830,2636,5466,1153,1161,2314,908,913,1821,677,673,1350,631,555,1186,663,603,1266,520,734,1254,176,383,559,7558,7658,15216
2020-05-31,2894,2686,5580,1182,1176,2358,924,927,1851,684,685,1369,639,562,1201,675,609,1284,527,745,1272,176,390,566,7701,7780,15481
2020-06-01,3000,2799,5800,1215,1223,2438,948,958,1906,706,704,1410,664,581,1245,687,618,1305,536,757,1293,180,393,573,7936,8033,15970
2020-06-02,3118,2901,6020,1246,1261,2507,972,984,1956,725,729,1454,678,592,1270,711,632,1343,545,777,1322,184,407,591,8179,8283,16463
2020-06-03,3217,3007,6225,1278,1310,2588,1004,1022,2026,740,745,1485,698,607,1305,728,644,1372,558,793,1351,186,417,603,8409,8545,16955
2020-06-04,3330,3116,6447,1303,1356,2659,1031,1045,2076,770,768,1538,712,617,1329,750,658,1408,569,814,1383,188,426,614,8653,8800,17454
2020-06-05,3436,3225,6662,1341,1403,2744,1073,1079,2152,800,799,1599,732,633,1365,770,673,1443,582,837,1419,191,436,627,8925,9085,18011
2020-06-06,3512,3295,6808,1377,1442,2819,1093,1100,2193,814,816,1630,745,648,1393,783,681,1464,594,856,1450,192,446,638,9110,9284,18395
2020-06-07,3584,3363,6948,1402,1474,2876,1115,1108,2223,827,829,1656,754,655,1409,792,688,1480,605,867,1472,194,454,648,9273,9438,18712
2020-06-08,3698,3473,7172,1452,1530,2982,1157,1140,2297,849,855,1704,772,672,1444,812,704,1516,617,887,1504,197,463,660,9554,9724,19279
2020-06-09,3815,3591,7407,1499,1575,3074,1194,1177,2371,874,871,1745,785,684,1469,826,730,1556,630,919,1549,201,479,680,9824,10026,19851
2020-06-10,3915,3695,7611,1546,1627,3173,1237,1211,2448,905,906,1811,809,707,1516,848,758,1606,637,939,1576,207,495,702,10104,10338,20443
2020-06-11,4024,3819,7844,1600,1682,3282,1265,1252,2517,925,944,1869,824,733,1557,865,778,1643,645,968,1613,211,510,721,10359,10686,21046
2020-06-12,4157,3954,8112,1658,1760,3418,1312,1312,2624,955,973,1928,857,757,1614,883,797,1680,654,990,1644,217,520,737,10693,11063,21757
2020-06-13,4270,4059,8330,1700,1807,3507,1328,1353,2681,982,996,1978,871,767,1638,896,807,1703,664,1009,1673,218,526,744,10929,11324,22254
2020-06-14,4350,4150,8501,1726,1836,3562,1351,1373,2724,999,1021,2020,883,774,1657,901,824,1725,678,1029,1707,218,534,752,11106,11541,22648
2020-06-15,4464,4260,8725,1759,1875,3634,1372,1400,2772,1016,1040,2056,900,781,1681,913,837,1750,687,1044,1731,221,544,765,11332,11781,23114
2020-06-16,4629,4424,9054,1824,1936,3760,1426,1443,2869,1043,1074,2117,917,797,1714,930,845,1775,701,1070,1771,224,559,783,11694,12148,23843
2020-06-17,4776,4572,9349,1880,2007,3887,1470,1491,2961,1078,1096,2174,938,816,1754,942,866,1808,720,1090,1810,225,568,793,12029,12506,24536
2020-06-18,4943,4729,9673,1947,2086,4033,1533,1532,3065,1123,1129,2252,963,840,1803,962,883,1845,734,1116,1850,228,579,807,12433,12894,25328
2020-06-19,5090,4882,9973,2037,2168,4205,1581,1591,3172,1180,1173,2353,996,863,1859,985,904,1889,753,1143,1896,235,595,830,12857,13319,26177
2020-06-20,5193,4993,10187,2088,2213,4301,1610,1642,3252,1198,1205,2403,1018,881,1899,997,916,1913,762,1162,1924,241,601,842,13107,13613,26721
2020-06-21,5290,5099,10390,2117,2264,4381,1638,1662,3300,1216,1221,2437,1029,893,1922,1008,926,1934,769,1171,1940,242,608,850,13309,13844,27154
2020-06-22,5448,5264,10713,2191,2333,4524,1693,1720,3413,1251,1268,2519,1050,918,1968,1030,943,1973,779,1197,1976,244,624,868,13686,14267,27954
2020-06-23,5619,5428,11048,2275,2403,4678,1753,1790,3543,1288,1318,2606,1074,942,2016,1045,962,2007,796,1214,2010,247,631,878,14097,14688,28786
2020-06-24,5784,5607,11392,2329,2484,4813,1808,1848,3656,1322,1373,2695,1096,969,2065,1061,980,2041,814,1235,2049,249,636,885,14463,15132,29596
2020-06-25,5972,5811,11784,2399,2552,4951,1870,1904,3774,1375,1422,2797,1112,992,2104,1075,1003,2078,826,1249,2075,253,642,895,14882,15575,30458
2020-06-26,6167,6015,12183,2480,2666,5146,1929,1974,3903,1415,1484,2899,1146,1022,2168,1091,1023,2114,838,1275,2113,254,651,905,15320,16110,31431
2020-06-27,6353,6241,12595,2550,2754,5304,1978,2039,4017,1449,1519,2968,1174,1036,2210,1096,1041,2137,846,1284,2130,258,658,916,15704,16572,32277
2020-06-28,6484,6392,12877,2605,2826,5431,2022,2079,4101,1483,1552,3035,1188,1049,2237,1107,1056,2163,856,1299,2155,264,665,929,16009,16918,32928
2020-06-29,6695,6620,13316,2703,2923,5626,2092,2155,4247,1517,1609,3126,1218,1068,2286,1124,1077,2201,873,1324,2197,266,674,940,16488,17450,33939
2020-06-30,6872,6810,13683,2768,3025,5793,2159,2221,4380,1563,1664,3227,1248,1086,2334,1145,1092,2237,880,1343,2223,268,685,953,16903,17926,34830
2020-07-01,7064,7011,14076,2846,3114,5960,2225,2292,4517,1600,1716,3316,1273,1113,2386,1164,1111,2275,890,1368,2258,271,691,962,17333,18416,35750
2020-07-02,7269,7238,14508,2924,3210,6134,2294,2362,4656,1648,1758,3406,1308,1140,2448,1185,1138,2323,906,1387,2293,276,698,974,17810,18931,36742
2020-07-03,7470,7417,14888,3018,3319,6337,2352,2432,4784,1688,1808,3496,1337,1167,2504,1208,1159,2367,923,1409,2332,280,708,988,18276,19419,37696
2020-07-04,7610,7588,15199,3076,3376,6452,2390,2484,4874,1721,1836,3557,1353,1181,2534,1224,1182,2406,932,1431,2363,283,719,1002,18589,19797,38387
2020-07-05,7729,7730,15460,3128,3454,6582,2423,2535,4958,1749,1874,3623,1379,1211,2590,1246,1206,2452,945,1466,2411,288,729,1017,18887,20205,39093
2020-07-06,7893,7895,15789,3220,3534,6754,2496,2627,5123,1800,1927,3727,1416,1254,2670,1270,1245,2515,957,1502,2459,292,745,1037,19344,20729,40074
2020-07-07,8107,8128,16236,3322,3639,6961,2566,2702,5268,1846,1986,3832,1443,1281,2724,1287,1262,2549,970,1530,2500,298,757,1055,19839,21285,41125
2020-07-08,8325,8319,16645,3402,3746,7148,2642,2807,5449,1896,2052,3948,1474,1308,2782,1311,1291,2602,984,1558,2542,303,776,1079,20337,21857,42195
2020-07-09,8465,8458,16924,3482,3821,7303,2704,2867,5571,1926,2081,4007,1488,1336,2824,1325,1320,2645,996,1591,2587,310,788,1098,20696,22262,42959
2020-07-10,8612,8618,17231,3544,3918,7462,2761,2918,5679,1964,2123,4087,1522,1367,2889,1348,1338,2686,1011,1615,2626,311,801,1112,21073,22698,43772
2020-07-11,8745,8764,17510,3615,3990,7605,2813,2973,5786,2003,2171,4174,1553,1395,2948,1364,1373,2737,1022,1645,2667,315,820,1135,21430,23131,44562
2020-07-12,8842,8861,17704,3674,4047,7721,2854,3015,5869,2022,2202,4224,1570,1413,2983,1378,1389,2767,1029,1667,2696,319,829,1148,21688,23423,45112
2020-07-13,9030,9063,18094,3768,4149,7917,2941,3111,6052,2077,2282,4359,1620,1455,3075,1405,1451,2856,1045,1739,2784,322,861,1183,22208,24111,46320
2020-07-14,9216,9242,18459,3884,4264,8148,3034,3188,6222,2135,2327,4462,1668,1498,3166,1435,1483,2918,1070,1770,2840,330,879,1209,22772,24651,47424
2020-07-15,9418,9472,18891,3995,4421,8416,3119,3278,6397,2183,2395,4578,1702,1534,3236,1454,1514,2968,1088,1793,2881,336,890,1226,23295,25297,48593
2020-07-16,9607,9682,19290,4096,4537,8633,3198,3386,6584,2231,2464,4695,1735,1568,3303,1474,1548,3022,1107,1835,2942,338,916,1254,23786,25936,49723
2020-07-17,9805,9915,19721,4191,4657,8848,3271,3500,6771,2282,2545,4827,1774,1615,3389,1497,1573,3070,1128,1858,2986,342,925,1267,24290,26588,50879
2020-07-18,9967,10085,20053,4275,4765,9040,3327,3570,6897,2328,2590,4918,1805,1646,3451,1521,1587,3108,1144,1883,3027,344,932,1276,24711,27058,51770
2020-07-19,10090,10235,20326,4332,4844,9176,3366,3628,6994,2368,2631,4999,1835,1667,3502,1540,1598,3138,1156,1904,3060,347,940,1287,25034,27447,52482
2020-07-20,10336,10481,20818,4429,4989,9418,3461,3741,7202,2424,2714,5138,1873,1724,3597,1568,1628,3196,1179,1928,3107,350,953,1303,25620,28158,53779
2020-07-21,10554,10673,21228,4550,5114,9664,3540,3831,7371,2485,2793,5278,1911,1767,3678,1599,1659,3258,1193,1959,3152,355,964,1319,26187,28760,54948
2020-07-22,10825,10927,21753,4676,5264,9940,3646,3939,7585,2552,2869,5421,1939,1804,3743,1629,1686,3315,1211,2003,3214,357,974,1331,26835,29466,56302
2020-07-23,11058,11176,22235,4784,5419,10203,3722,4036,7758,2606,2939,5545,1969,1837,3806,1651,1713,3364,1221,2028,3249,364,984,1348,27375,30132,57508
2020-07-24,11281,11413,22695,4890,5556,10446,3814,4127,7941,2671,3015,5686,2014,1864,3878,1674,1740,3414,1232,2061,3293,366,997,1363,27942,30773,58716
2020-07-25,11443,11586,23030,4983,5666,10649,3881,4206,8087,2714,3074,5788,2039,1897,3936,1694,1768,3462,1244,2084,3328,371,1003,1374,28369,31284,59654
2020-07-26,11573,11715,23289,5040,5734,10774,3931,4260,8191,2747,3114,5861,2058,1916,3974,1710,1785,3495,1252,2109,3361,377,1009,1386,28688,31642,60331
2020-07-27,11755,11929,23685,5158,5867,11025,4010,4366,8376,2817,3215,6032,2095,1966,4061,1731,1817,3548,1272,2135,3407,382,1033,1415,29220,32328,61549
2020-07-28,12007,12199,24207,5277,6005,11282,4106,4483,8589,2895,3312,6207,2148,2010,4158,1758,1859,3617,1288,2173,3461,389,1055,1444,29868,33096,62965
2020-07-29,12251,12450,24702,5394,6150,11544,4216,4599,8815,2962,3377,6339,2190,2059,4249,1787,1883,3670,1310,2219,3529,399,1084,1483,30509,33821,64331
2020-07-30,12542,12725,25268,5528,6287,11815,4326,4700,9026,3032,3457,6489,2232,2109,4341,1810,1916,3726,1324,2248,3572,402,1094,1496,31196,34536,65733
2020-07-31,12756,12987,25744,5673,6447,12120,4424,4801,9225,3090,3533,6623,2276,2163,4439,1836,1946,3782,1338,2286,3624,409,1119,1528,31802,35282,67085
2020-08-01,12923,13180,26104,5760,6570,12330,4488,4885,9373,3145,3600,6745,2305,2181,4486,1862,1975,3837,1354,2320,3674,410,1142,1552,32247,35853,68101
2020-08-02,13079,13335,26415,5839,6655,12494,4543,4975,9518,3175,3649,6824,2324,2211,4535,1881,2002,3883,1372,2351,3723,414,1154,1568,32627,36332,68960
2020-08-03,13298,13606,26905,5955,6795,12750,4641,5100,9741,3241,3726,6967,2368,2251,4619,1900,2035,3935,1396,2403,3799,421,1186,1607,33220,37102,70323
2020-08-04,13579,13876,27456,6085,6940,13025,4738,5230,9968,3311,3808,7119,2417,2294,4711,1925,2071,3996,1420,2447,3867,426,1210,1636,33901,37876,71778
2020-08-05,13851,14159,28011,6211,7087,13298,4829,5357,10186,3401,3904,7305,2455,2337,4792,1955,2110,4065,1441,2487,3928,430,1225,1655,34573,38666,73240
2020-08-06,14099,14430,28530,6341,7258,13599,4943,5487,10430,3472,3992,7464,2504,2388,4892,1986,2149,4135,1462,2534,3996,436,1245,1681,35243,39483,74727
2020-08-07,14365,14718,29084,6483,7437,13920,5046,5634,10680,3545,4088,7633,2539,2444,4983,2020,2193,4213,1476,2586,4062,441,1261,1702,35915,40361,76277
2020-08-08,14528,14910,29439,6598,7564,14162,5118,5733,10851,3598,4153,7751,2584,2480,5064,2048,2225,4273,1493,2633,4126,442,1289,1731,36409,40987,77397
2020-08-09,14680,15074,29755,6680,7646,14326,5188,5837,11025,3650,4215,7865,2617,2505,5122,2076,2262,4338,1513,2697,4210,446,1312,1758,36850,41548,78399
2020-08-10,14987,15378,30366,6820,7822,14642,5307,5971,11278,3734,4321,8055,2662,2549,5211,2099,2299,4398,1536,2742,4278,454,1342,1796,37599,42424,80024
2020-08-11,15273,15664,30938,6994,7986,14980,5442,6124,11566,3816,4413,8229,2720,2614,5334,2145,2366,4511,1556,2813,4369,464,1381,1845,38410,43361,81772
2020-08-12,15536,15969,31506,7126,8196,15322,5571,6280,11851,3902,4509,8411,2769,2660,5429,2164,2400,4564,1570,2839,4409,470,1400,1870,39108,44253,83362
2020-08-13,15855,16315,32171,7297,8428,15725,5698,6449,12147,3985,4621,8606,2813,2715,5528,2200,2435,4635,1588,2871,4459,475,1417,1892,39911,45251,85163
2020-08-14,16137,16656,32794,7459,8635,16094,5834,6606,12440,4072,4720,8792,2864,2766,5630,2234,2471,4705,1605,2905,4510,477,1432,1909,40682,46191,86874
2020-08-15,16363,16909,33273,7578,8797,16375,5919,6735,12654,4128,4798,8926,2905,2817,5722,2262,2519,4781,1621,2970,4591,481,1458,1939,41257,47003,88261
2020-08-16,16536,17078,33615,7660,8899,16559,5970,6813,12783,4172,4854,9026,2922,2852,5774,2285,2544,4829,1641,3013,4654,483,1488,1971,41669,47541,89211
2020-08-17,16744,17279,34024,7792,9043,16835,6075,6936,13011,4242,4947,9189,2953,2910,5863,2309,2567,4876,1653,3058,4711,484,1509,1993,42252,48249,90502
2020-08-18,17009,17553,34563,7946,9223,17169,6211,7079,13290,4309,5072,9381,3000,2970,5970,2341,2611,4952,1672,3099,4771,484,1538,2022,42972,49145,92118
2020-08-19,17257,17860,35118,8072,9385,17457,6319,7207,13526,4384,5154,9538,3034,3014,6048,2369,2662,5031,1689,3148,4837,490,1565,2055,43614,49995,93610
2020-08-20,17509,18134,35644,8187,9561,17748,6407,7310,13717,4461,5231,9692,3073,3066,6139,2393,2692,5085,1712,3186,4898,495,1586,2081,44237,50766,95004
2020-08-21,17743,18423,36167,8330,9746,18076,6533,7437,13970,4531,5337,9868,3124,3121,6245,2432,2749,5181,1731,3230,4961,501,1602,2103,44925,51645,96571
2020-08-22,17915,18626,36542,8417,9882,18299,6624,7529,14153,4582,5391,9973,3158,3164,6322,2451,2788,5239,1746,3261,5007,507,1623,2130,45400,52264,97665
2020-08-23,18063,18813,36877,8484,9981,18465,6696,7614,14310,4624,5461,10085,3191,3197,6388,2469,2813,5282,1762,3280,5042,512,1630,2142,45801,52789,98591
2020-08-24,18329,19129,37459,8646,10161,18807,6805,7757,14562,4701,5560,10261,3243,3261,6504,2499,2859,5358,1781,3313,5094,518,1650,2168,46522,53690,100213
2020-08-25,18594,19460,38055,8802,10365,19167,6929,7899,14828,4769,5664,10433,3295,3316,6611,2533,2885,5418,1803,3354,5157,524,1668,2192,47249,54611,101861
2020-08-26,18893,19769,38663,8962,10549,19511,7018,8047,15065,4845,5759,10604,3349,3378,6727,2568,2933,5501,1827,3403,5230,529,1696,2225,47991,55534,103526
2020-08-27,19212,20097,39310,9100,10723,19823,7138,8203,15341,4928,5852,10780,3388,3434,6822,2603,2969,5572,1852,3454,5306,532,1725,2257,48753,56457,105211
2020-08-28,19536,20448,39985,9247,10927,20174,7270,8398,15668,5015,5976,10991,3445,3496,6941,2644,3020,5664,1872,3493,5365,536,1741,2277,49565,57499,107065
2020-08-29,19737,20698,40436,9375,11105,20480,7386,8512,15898,5085,6055,11140,3488,3534,7022,2679,3059,5738,1887,3540,5427,541,1771,2312,50178,58274,108453
2020-08-30,19913,20923,40837,9472,11202,20674,7458,8602,16060,5142,6112,11254,3518,3573,7091,2697,3090,5787,1897,3566,5463,545,1784,2329,50642,58852,109495
2020-08-31,20191,21177,41369,9622,11372,20994,7571,8741,16312,5224,6215,11439,3564,3639,7203,2737,3135,5872,1920,3610,5530,547,1798,2345,51376,59687,111064
2020-09-01,20473,21508,41982,9797,11584,21381,7697,8874,16571,5304,6328,11632,3604,3690,7294,2763,3170,5933,1937,3659,5596,554,1818,2372,52129,60631,112761
2020-09-02,20699,21767,42467,9941,11767,21708,7808,8999,16807,5386,6425,11811,3643,3744,7387,2806,3208,6014,1954,3704,5658,559,1850,2409,52796,61464,114261
2020-09-03,20994,22098,43093,10131,11966,22097,7943,9145,17088,5477,6533,12010,3689,3806,7495,2843,3250,6093,1976,3749,5725,563,1867,2430,53616,62414,116031
2020-09-04,21274,22441,43716,10289,12176,22465,8084,9313,17397,5555,6641,12196,3752,3873,7625,2880,3294,6174,2000,3789,5789,568,1884,2452,54402,63411,117814
2020-09-05,21485,22673,44159,10400,12344,22744,8171,9474,17645,5617,6727,12344,3804,3929,7733,2909,3324,6233,2020,3815,5835,570,1895,2465,54976,64181,119158
2020-09-06,21651,22872,44524,10471,12451,22922,8241,9552,17793,5660,6798,12458,3832,3962,7794,2921,3363,6284,2034,3837,5871,571,1903,2474,55381,64738,120120
2020-09-07,21925,23168,45094,10643,12654,23297,8382,9722,18104,5734,6922,12656,3897,4025,7922,2960,3404,6364,2052,3885,5937,577,1921,2498,56170,65701,121872
2020-09-08,22188,23486,45675,10823,12850,23673,8511,9873,18384,5833,7036,12869,3947,4106,8053,3001,3452,6453,2076,3925,6001,584,1942,2526,56963,66670,123634
2020-09-09,22499,23809,46309,10999,13045,24044,8644,10025,18669,5938,7147,13085,4008,4173,8181,3031,3489,6520,2094,3970,6064,585,1961,2546,57798,67619,125418
2020-09-10,22808,24123,46932,11174,13265,24439,8781,10211,18992,6044,7245,13289,4061,4247,8308,3072,3548,6620,2110,4023,6133,590,1991,2581,58640,68653,127294
2020-09-11,23114,24408,47523,11330,13489,24819,8913,10367,19280,6120,7369,13489,4128,4308,8436,3113,3594,6707,2131,4068,6199,592,2004,2596,59441,69607,129049
2020-09-12,23305,24599,47905,11431,13622,25053,8986,10476,19462,6173,7454,13627,4178,4355,8533,3142,3627,6769,2144,4116,6260,595,2017,2612,59954,70266,130221
2020-09-13,23489,24796,48286,11520,13752,25272,9042,10564,19606,6231,7514,13745,4227,4396,8623,3167,3641,6808,2147,4135,6282,600,2025,2625,60423,70823,131247
2020-09-14,23767,25114,48882,11673,13955,25628,9160,10724,19884,6332,7635,13967,4297,4480,8777,3209,3680,6889,2178,4172,6350,600,2049,2649,61216,71809,133026
2020-09-15,24046,25353,49400,11832,14157,25989,9273,10871,20144,6411,7731,14142,4361,4549,8910,3248,3732,6980,2196,4237,6433,604,2078,2682,61971,72708,134680
2020-09-16,24386,25736,50123,11992,14376,26368,9404,11027,20431,6496,7837,14333,4424,4619,9043,3283,3774,7057,2216,4282,6498,608,2093,2701,62809,73744,136554
2020-09-17,24672,26075,50748,12139,14557,26696,9546,11207,20753,6583,7959,14542,4494,4687,9181,3326,3819,7145,2238,4320,6558,612,2110,2722,63610,74734,138345
2020-09-18,24971,26431,51403,12318,14775,27093,9672,11365,21037,6671,8068,14739,4546,4758,9304,3376,3864,7240,2254,4356,6610,616,2129,2745,64424,75746,140171
2020-09-19,25169,26644,51814,12421,14892,27313,9743,11444,21187,6726,8130,14856,4594,4798,9392,3401,3891,7292,2274,4380,6654,620,2140,2760,64948,76319,141268
2020-09-20,25344,26840,52185,12513,14986,27499,9804,11531,21335,6768,8195,14963,4620,4837,9457,3422,3918,7340,2280,4408,6688,623,2154,2777,65374,76869,142244
2020-09-21,25617,27124,52742,12670,15180,27850,9911,11679,21590,6860,8280,15140,4684,4911,9595,3463,3958,7421,2294,4429,6723,625,2165,2790,66124,77726,143851
2020-09-22,25926,27483,53410,12838,15352,28190,10041,11821,21862,6953,8396,15349,4762,4973,9735,3515,4000,7515,2312,4473,6785,630,2184,2814,66977,78682,145660
2020-09-23,26195,27815,54011,12969,15530,28499,10159,11957,22116,7021,8500,15521,4827,5036,9863,3544,4050,7594,2329,4505,6834,633,2196,2829,67677,79589,147267
2020-09-24,26516,28140,54657,13121,15730,28851,10278,12098,22376,7099,8594,15693,4883,5130,10013,3584,4105,7689,2359,4554,6913,644,2227,2871,68484,80578,149063
2020-09-25,26801,28446,55248,13276,15884,29160,10396,12233,22629,7184,8699,15883,4952,5196,10148,3617,4143,7760,2379,4587,6966,645,2239,2884,69250,81427,150678
2020-09-26,26983,28626,55610,13383,15989,29372,10479,12315,22794,7242,8770,16012,4989,5229,10218,3642,4162,7804,2392,4603,6995,648,2246,2894,69758,81940,151699
2020-09-27,27140,28838,55979,13478,16091,29569,10567,12400,22967,7287,8822,16109,5021,5260,10281,3656,4188,7844,2403,4619,7022,650,2259,2909,70202,82477,152680
2020-09-28,27406,29089,56496,13645,16229,29874,10701,12509,23210,7394,8926,16320,5086,5304,10390,3691,4233,7924,2421,4649,7070,654,2274,2928,70998,83213,154212
2020-09-29,27739,29412,57152,13825,16418,30243,10833,12643,23476,7480,9009,16489,5151,5378,10529,3732,4294,8026,2448,4701,7149,656,2295,2951,71864,84150,156015
2020-09-30,28035,29767,57803,13961,16598,30559,10946,12759,23705,7580,9105,16685,5216,5444,10660,3770,4338,8108,2467,4756,7223,659,2307,2966,72634,85074,157709
2020-10-01,28357,30158,58516,14123,16793,30916,11065,12897,23962,7666,9200,16866,5274,5511,10785,3809,4395,8204,2484,4789,7273,662,2317,2979,73440,86060,159501
2020-10-02,28653,30485,59139,14268,16964,31232,11179,13039,24218,7758,9301,17059,5337,5580,10917,3856,4453,8309,2497,4829,7326,669,2335,3004,74217,86986,161204
2020-10-03,28850,30710,59561,14382,17073,31455,11272,13149,24421,7825,9360,17185,5378,5626,11004,3885,4480,8365,2511,4858,7369,673,2343,3016,74776,87599,162376
2020-10-04,29034,30911,59946,14468,17161,31629,11337,13230,24567,7871,9420,17291,5418,5661,11079,3909,4502,8411,2528,4884,7412,675,2349,3024,75240,88118,163359
2020-10-05,29300,31182,60483,14654,17344,31998,11474,13367,24841,7956,9532,17488,5508,5729,11237,3953,4566,8519,2550,4915,7465,678,2357,3035,76073,88992,165066
2020-10-06,29592,31504,61097,14821,17529,32350,11619,13510,25129,8058,9634,17692,5569,5803,11372,3993,4623,8616,2573,4948,7521,684,2367,3051,76909,89918,166828
2020-10-07,29903,31839,61743,14998,17733,32731,11758,13648,25406,8148,9763,17911,5637,5874,11511,4035,4667,8702,2592,4982,7574,690,2377,3067,77761,90883,168645
2020-10-08,30187,32155,62343,15142,17909,33051,11902,13777,25679,8243,9865,18108,5699,5945,11644,4078,4713,8791,2604,5023,7627,694,2398,3092,78549,91785,170335
2020-10-09,30460,32532,62993,15301,18116,33417,12016,13940,25956,8342,9978,18320,5750,6015,11765,4112,4763,8875,2616,5054,7670,699,2421,3120,79296,92819,172116
2020-10-10,30677,32770,63448,15402,18233,33635,12114,14037,26151,8406,10069,18475,5792,6062,11854,4134,4799,8933,2632,5082,7714,706,2430,3136,79863,93482,173346
2020-10-11,30826,32967,63794,15491,18361,33852,12188,14114,26302,8468,10122,18590,5840,6104,11944,4157,4832,8989,2647,5103,7750,708,2437,3145,80325,94040,174366
2020-10-12,31028,33179,64208,15606,18470,34076,12278,14234,26512,8540,10210,18750,5898,6166,12064,4183,4869,9052,2667,5129,7796,710,2449,3159,80910,94706,175617
2020-10-13,31340,33504,64845,15763,18669,34432,12396,14387,26783,8637,10322,18959,5981,6241,12222,4225,4933,9158,2695,5179,7874,719,2469,3188,81756,95704,177461
2020-10-14,31623,33831,65455,15900,18846,34746,12498,14510,27008,8711,10435,19146,6051,6299,12350,4272,4992,9264,2716,5210,7926,720,2481,3201,82491,96604,179096
2020-10-15,31924,34187,66112,16085,19044,35129,12652,14688,27340,8824,10532,19356,6130,6382,12512,4313,5033,9346,2736,5249,7985,727,2492,3219,83391,97607,180999
2020-10-16,32292,34593,66886,16260,19227,35487,12810,14868,27678,8935,10655,19590,6202,6460,12662,4361,5102,9463,2763,5297,8060,730,2521,3251,84353,98723,183077
2020-10-17,32513,34835,67349,16375,19384,35759,12905,14978,27883,8994,10726,19720,6254,6521,12775,4404,5134,9538,2777,5323,8100,734,2530,3264,84956,99431,184388
2020-10-18,32651,34988,67640,16461,19495,35956,12954,15042,27996,9047,10766,19813,6282,6549,12831,4425,5162,9587,2786,5344,8130,736,2536,3272,85342,99882,185225
2020-10-19,33017,35383,68401,16648,19734,36382,13110,15252,28362,9172,10906,20078,6375,6642,13017,4475,5235,9710,2810,5382,8192,738,2546,3284,86345,101080,187426
2020-10-20,33395,35775,69171,16830,19940,36770,13276,15445,28721,9289,11027,20316,6457,6716,13173,4513,5290,9803,2846,5425,8271,738,2561,3299,87344,102179,189524
2020-10-21,33713,36128,69842,16989,20101,37090,13394,15581,28975,9387,11111,20498,6534,6785,13319,4549,5332,9881,2867,5463,8330,741,2570,3311,88174,103071,191246
2020-10-22,33990,36442,70433,17111,20249,37360,13519,15719,29238,9469,11219,20688,6580,6865,13445,4584,5376,9960,2889,5507,8396,745,2590,3335,88887,103967,192855
2020-10-23,34225,36689,70915,17218,20373,37591,13624,15858,29482,9541,11286,20827,6640,6933,13573,4627,5421,10048,2905,5535,8440,751,2607,3358,89531,104702,194234
2020-10-24,34376,36832,71209,17288,20481,37769,13690,15939,29629,9589,11350,20939,6669,6973,13642,4653,5448,10101,2913,5564,8477,752,2616,3368,89930,105203,195134
2020-10-25,34535,37036,71572,17372,20603,37975,13759,16019,29778,9658,11427,21085,6702,7019,13721,4680,5475,10155,2923,5584,8507,754,2623,3377,90383,105786,196170
2020-10-26,34848,37316,72165,17511,20765,38276,13840,16155,29995,9754,11549,21303,6778,7097,13875,4729,5542,10271,2940,5620,8560,755,2636,3391,91155,106680,197836
2020-10-27,35137,37639,72777,17656,20946,38602,13971,16292,30263,9849,11677,21526,6856,7199,14055,4775,5603,10378,2954,5656,8610,758,2643,3401,91956,107655,199612
2020-10-28,35394,37947,73342,17818,21139,38957,14062,16423,30485,9947,11785,21732,6922,7262,14184,4808,5642,10450,2964,5689,8653,760,2658,3418,92675,108545,201221
2020-10-29,35673,38248,73922,17977,21310,39287,14161,16580,30741,10031,11885,21916,6973,7333,14306,4840,5682,10522,2978,5716,8694,762,2665,3427,93395,109419,202815
2020-10-30,35877,38518,74396,18101,21466,39567,14259,16707,30966,10096,11983,22079,7031,7413,14444,4869,5721,10590,3000,5745,8745,765,2679,3444,93998,110232,204231
2020-10-31,36038,38679,74718,18177,21588,39765,14336,16774,31110,10138,12039,22177,7072,7460,14532,4895,5754,10649,3009,5766,8775,768,2687,3455,94433,110747,205181
2020-11-01,36249,38911,75161,18268,21702,39970,14419,16872,31291,10201,12112,22313,7105,7527,14632,4927,5780,10707,3017,5797,8814,772,2692,3464,94958,111393,206352
2020-11-02,36506,39236,75743,18419,21855,40274,14533,17000,31533,10278,12197,22475,7171,7603,14774,4971,5826,10797,3035,5821,8856,773,2700,3473,95686,112238,207925
2020-11-03,36709,39500,76210,18537,21991,40528,14621,17081,31702,10344,12263,22607,7222,7654,14876,5019,5867,10886,3056,5856,8912,775,2713,3488,96283,112925,209209
2020-11-04,37016,39794,76811,18672,22167,40839,14773,17225,31998,10432,12363,22795,7299,7718,15017,5065,5911,10976,3073,5886,8959,780,2720,3500,97110,113784,210895
2020-11-05,37384,40159,77544,18854,22369,41223,14942,17372,32314,10539,12500,23039,7366,7800,15166,5105,5956,11061,3091,5911,9002,783,2732,3515,98064,114799,212864
2020-11-06,37595,40392,77988,18950,22492,41442,15017,17455,32472,10611,12576,23187,7417,7848,15265,5142,6013,11155,3105,5944,9049,786,2739,3525,98623,115459,214083
2020-11-07,37751,40589,78341,19028,22613,41641,15093,17547,32640,10673,12658,23331,7474,7912,15386,5177,6048,11225,3123,5962,9085,790,2744,3534,99109,116073,215183
2020-11-08,37955,40824,78780,19127,22747,41874,15178,17656,32834,10742,12718,23460,7525,7978,15503,5202,6079,11281,3131,5984,9115,795,2748,3543,99655,116734,216390
2020-11-09,38239,41136,79376,19269,22938,42207,15301,17784,33085,10852,12823,23675,7597,8053,15650,5232,6125,11357,3153,6027,9180,799,2757,3556,100442,117643,218086
2020-11-10,38449,41375,79825,19421,23080,42501,15397,17888,33285,10931,12904,23835,7667,8109,15776,5272,6167,11439,3170,6059,9229,803,2766,3569,101110,118348,219459
2020-11-11,38732,41673,80406,19570,23234,42804,15527,18024,33551,11032,13019,24051,7727,8169,15896,5313,6206,11519,3191,6090,9281,808,2779,3587,101900,119194,221095
2020-11-12,39016,41999,81016,19764,23409,43173,15656,18168,33824,11130,13115,24245,7794,8256,16050,5357,6261,11618,3214,6122,9336,809,2792,3601,102740,120122,222863
2020-11-13,39285,42294,81580,19891,23555,43446,15770,18285,34055,11225,13208,24433,7877,8330,16207,5411,6308,11719,3234,6153,9387,813,2802,3615,103506,120935,224442
2020-11-14,39488,42510,81999,19997,23674,43671,15831,18379,34210,11291,13281,24572,7933,8372,16305,5442,6351,11793,3246,6175,9421,817,2806,3623,104045,121548,225594
2020-11-15,39716,42753,82470,20117,23791,43908,15924,18478,34402,11351,13349,24700,7991,8432,16423,5478,6394,11872,3256,6201,9457,817,2820,3637,104650,122218,226869
2020-11-16,39986,43023,83010,20233,23933,44166,16036,18597,34633,11415,13432,24847,8054,8498,16552,5524,6445,11969,3279,6234,9513,821,2838,3659,105348,123000,228349
2020-11-17,40305,43342,83648,20411,24112,44523,16180,18753,34933,11514,13545,25059,8132,8609,16741,5563,6503,12066,3291,6268,9559,823,2850,3673,106219,123982,230202
2020-11-18,40644,43685,84330,20594,24312,44906,16295,18890,35185,11593,13643,25236,8195,8682,16877,5613,6551,12164,3307,6315,9622,825,2858,3683,107066,124936,232003
2020-11-19,40980,44030,85011,20716,24503,45219,16409,19024,35433,11687,13764,25451,8255,8756,17011,5660,6596,12256,3329,6346,9675,828,2866,3694,107864,125885,233750
2020-11-20,41252,44325,85578,20857,24656,45513,16523,19158,35681,11769,13863,25632,8315,8813,17128,5697,6638,12335,3353,6380,9733,832,2875,3707,108598,126708,235307
2020-11-21,41457,44555,86013,20977,24771,45748,16605,19249,35854,11830,13931,25761,8368,8869,17237,5727,6660,12387,3363,6399,9762,835,2885,3720,109162,127319,236482
2020-11-22,41641,44739,86381,21052,24869,45921,16677,19315,35992,11874,13985,25859,8407,8914,17321,5753,6682,12435,3374,6422,9796,836,2893,3729,109614,127819,237434
2020-11-23,41856,44973,86830,21176,24971,46147,16774,19417,36191,11928,14058,25986,8453,8969,17422,5785,6723,12508,3391,6450,9841,840,2902,3742,110203,128463,238667
2020-11-24,42147,45277,87425,21330,25127,46457,16893,19543,36436,12024,14157,26181,8523,9054,17577,5836,6779,12615,3416,6480,9896,842,2909,3751,111011,129326,240338
2020-11-25,42463,45586,88050,21481,25283,46764,17019,19668,36687,12100,14233,26333,8593,9120,17713,5864,6842,12706,3440,6514,9954,847,2917,3764,111807,130163,241971
2020-11-26,42770,45923,88694,21630,25456,47086,17127,19785,36912,12187,14321,26508,8668,9187,17855,5899,6898,12797,3455,6540,9995,856,2927,3783,112592,131037,243630
2020-11-27,43005,46190,89196,21737,25584,47321,17220,19862,37082,12262,14393,26655,8717,9251,17968,5926,6938,12864,3471,6577,10048,859,2931,3790,113197,131726,244924
2020-11-28,43236,46383,89620,21818,25703,47521,17297,19948,37245,12334,14464,26798,8753,9291,18044,5955,6977,12932,3486,6603,10089,862,2936,3798,113741,132305,246047
2020-11-29,43465,46616,90082,21918,25837,47755,17385,20048,37433,12398,14535,26933,8804,9360,18164,5987,7013,13000,3499,6617,10116,863,2939,3802,114319,132965,247285
2020-11-30,43810,46972,90783,22088,26011,48099,17536,20195,37731,12493,14629,27122,8890,9456,18346,6047,7067,13114,3520,6656,10176,868,2949,3817,115252,133935,249188
2020-12-01,44109,47313,91423,22234,26171,48405,17666,20336,38002,12552,14707,27259,8966,9552,18518,6099,7121,13220,3539,6689,10228,871,2951,3822,116036,134840,250877
2020-12-02,44314,47545,91860,22351,26313,48664,17756,20433,38189,12609,14768,27377,9014,9592,18606,6137,7166,13303,3557,6706,10263,874,2959,3833,116612,135482,252095
2020-12-03,44589,47882,92472,22512,26488,49000,17872,20579,38451,12697,14857,27554,9092,9661,18753,6183,7213,13396,3571,6734,10305,876,2964,3840,117392,136378,253771
2020-12-04,44862,48179,93042,22660,26651,49311,17994,20715,38709,12782,14957,27739,9161,9753,18914,6238,7259,13497,3590,6774,10364,882,2972,3854,118169,137260,255430
2020-12-05,45104,48397,93502,22787,26764,49551,18079,20806,38885,12837,15019,27856,9204,9802,19006,6267,7293,13560,3599,6796,10395,887,2977,3864,118764,137854,256619
2020-12-06,45279,48572,93852,22859,26859,49718,18146,20888,39034,12871,15074,27945,9247,9846,19093,6293,7322,13615,3615,6810,10425,887,2980,3867,119197,138351,257549
2020-12-07,45496,48795,94292,22969,26963,49932,18222,21000,39222,12928,15139,28067,9284,9893,19177,6325,7362,13687,3632,6831,10463,891,2985,3876,119747,138968,258716
2020-12-08,45713,49039,94753,23094,27079,50173,18302,21078,39380,13000,15211,28211,9343,9950,19293,6358,7407,13765,3640,6849,10489,895,2991,3886,120345,139604,259950
2020-12-09,46047,49416,95464,23282,27293,50575,18455,21209,39664,13130,15342,28472,9460,10050,19510,6402,7470,13872,3658,6880,10538,898,3006,3904,121332,140666,261999
2020-12-10,46440,49856,96297,23498,27552,51050,18613,21394,40007,13262,15500,28762,9564,10148,19712,6448,7518,13966,3677,6922,10599,903,3013,3916,122405,141903,264309
2020-12-11,46831,50305,97137,23740,27810,51550,18794,21612,40406,13394,15658,29052,9669,10263,19932,6511,7592,14103,3693,6950,10643,905,3021,3926,123537,143211,266749
2020-12-12,47151,50656,97808,23923,28026,51949,18965,21784,40749,13527,15786,29313,9748,10382,20130,6555,7645,14200,3704,6971,10675,908,3028,3936,124481,144278,268760
2020-12-13,47423,50964,98388,24085,28234,52319,19119,21940,41059,13644,15904,29548,9819,10455,20274,6591,7679,14270,3714,6990,10704,914,3032,3946,125309,145198,270508
2020-12-14,47813,51385,99199,24323,28471,52794,19292,22152,41444,13793,16072,29865,9931,10574,20505,6654,7751,14405,3736,7022,10758,923,3042,3965,126465,146469,272935
2020-12-15,48152,51780,99933,24522,28704,53226,19470,22332,41802,13921,16247,30168,10038,10682,20720,6715,7809,14524,3751,7049,10800,925,3051,3976,127494,147654,275149
2020-12-16,48528,52251,100780,24815,28999,53814,19693,22559,42252,14097,16429,30526,10164,10827,20991,6779,7885,14664,3777,7074,10851,929,3060,3989,128782,149084,277867
2020-12-17,48992,52771,101764,25117,29330,54447,19947,22796,42743,14273,16602,30875,10244,10937,21181,6845,7941,14786,3790,7100,10890,930,3070,4000,130138,150547,280686
2020-12-18,49496,53373,102870,25440,29681,55121,20201,23069,43270,14477,16833,31310,10428,11122,21550,6930,8029,14959,3808,7139,10947,932,3075,4007,131712,152321,284034
2020-12-19,49888,53842,103731,25763,30007,55770,20430,23309,43739,14634,17007,31641,10559,11276,21835,6995,8100,15095,3825,7167,10992,935,3077,4012,133029,153785,286815
2020-12-20,50299,54308,104608,26088,30343,56431,20681,23585,44266,14814,17211,32025,10674,11406,22080,7058,8157,15215,3839,7184,11023,938,3086,4024,134391,155280,289672
2020-12-21,50842,54889,105732,26453,30751,57204,20972,23878,44850,15006,17420,32426,10860,11568,22428,7135,8241,15376,3856,7230,11086,941,3092,4033,136065,157069,293135
2020-12-22,51476,55605,107082,26866,31212,58078,21305,24205,45510,15221,17647,32868,11024,11760,22784,7217,8318,15535,3875,7262,11137,945,3097,4042,137929,159106,297036
2020-12-23,52157,56297,108455,27270,31646,58916,21614,24557,46171,15435,17863,33298,11166,11943,23109,7279,8393,15672,3900,7297,11197,951,3108,4059,139772,161104,300877
2020-12-24,52510,56694,109205,27538,31897,59435,21792,24718,46510,15537,17985,33522,11254,12038,23292,7330,8435,15765,3906,7315,11221,952,3112,4064,140819,162194,303014
2020-12-25,52648,56810,109459,27600,31973,59573,21843,24762,46605,15581,18035,33616,11276,12065,23341,7347,8446,15793,3913,7332,11245,956,3115,4071,141164,162538,303703
2020-12-26,53177,57401,110579,27984,32332,60316,22083,25070,47153,15775,18236,34011,11385,12203,23588,7414,8515,15929,3934,7362,11296,957,3127,4084,142709,164246,306956
2020-12-27,53719,57984,111704,28386,32723,61109,22411,25413,47824,15990,18482,34472,11541,12353,23894,7474,8596,16070,3951,7395,11346,959,3136,4095,144431,166082,310514
2020-12-28,54516,58855,113372,28941,33320,62261,22865,25857,48722,16269,18809,35078,11713,12579,24292,7555,8699,16254,3981,7438,11419,961,3147,4108,146801,168704,315506
2020-12-29,55255,59676,114932,29380,33802,63182,23261,26251,49512,16508,19084,35592,11886,12788,24674,7643,8797,16440,4007,7492,11499,966,3156,4122,148906,171046,319953
2020-12-30,56094,60533,116628,29899,34313,64212,23644,26715,50359,16775,19415,36190,12065,12993,25058,7727,8892,16619,4036,7542,11578,970,3164,4134,151210,173567,324778
2020-12-31,56678,61101,117780,30209,34671,64880,23912,27030,50942,16951,19583,36534,12149,13090,25239,7771,8955,16726,4049,7570,11619,970,3170,4140,152689,175170,327860
2021-01-01,56805,61253,118059,30285,34767,65052,23971,27090,51061,17000,19639,36639,12174,13124,25298,7787,8976,16763,4054,7585,11639,971,3174,4145,153047,175608,328656
2021-01-02,57340,61834,119175,30595,35146,65741,24248,27382,51630,17186,19854,37040,12342,13287,25629,7860,9066,16926,4069,7623,11692,975,3181,4156,154615,177373,331989
2021-01-03,58057,62627,120685,31129,35703,66832,24667,27845,52512,17437,20173,37610,12556,13531,26087,7943,9182,17125,4095,7659,11754,979,3188,4167,156863,179908,336772
2021-01-04,58957,63567,122525,31737,36343,68080,25101,28318,53419,17711,20501,38212,12758,13746,26504,8044,9297,17341,4123,7720,11843,984,3198,4182,159415,182690,342106
2021-01-05,59910,64630,124541,32337,36997,69334,25570,28834,54404,17993,20818,38811,12973,14042,27015,8146,9429,17575,4155,7784,11939,990,3207,4197,162074,185741,347816
2021-01-06,60900,65586,126487,32932,37593,70525,26063,29342,55405,18319,21150,39469,13202,14299,27501,8253,9562,17815,4184,7842,12026,995,3222,4217,164848,188596,353445
2021-01-07,61673,66450,128124,33434,38073,71507,26421,29713,56134,18558,21437,39995,13380,14526,27906,8333,9681,18014,4214,7890,12104,997,3233,4230,167010,191003,358014
2021-01-08,62506,67297,129804,33854,38586,72440,26736,30161,56897,18804,21722,40526,13516,14718,28234,8414,9783,18197,4246,7928,12174,1001,3237,4238,169077,193432,362510
2021-01-09,63205,68084,131290,34306,39094,73400,27089,30549,57638,19024,21995,41019,13654,14922,28576,8476,9869,18345,4268,7966,12234,1001,3246,4247,171023,195725,366749
2021-01-10,63954,68880,132835,34721,39583,74304,27451,30939,58390,19249,22263,41512,13790,15071,28861,8519,9949,18468,4279,8001,12280,1003,3255,4258,172966,197941,370908
2021-01-11,64861,69849,134711,35251,40167,75418,27860,31393,59253,19501,22593,42094,13954,15283,29237,8606,10036,18642,4299,8035,12334,1004,3262,4266,175336,200618,375955
2021-01-12,65600,70743,136344,35640,40632,76272,28170,31792,59962,19737,22888,42625,14137,15439,29576,8672,10123,18795,4332,8071,12403,1007,3272,4279,177295,202960,380256
2021-01-13,66525,71731,138257,36100,41150,77250,28563,32200,60763,20002,23226,43228,14326,15670,29996,8752,10219,18971,4352,8117,12469,1012,3276,4288,179632,205589,385222
2021-01-14,67362,72643,140006,36547,41683,78230,28916,32654,61570,20282,23553,43835,14487,15884,30371,8822,10309,19131,4373,8156,12529,1015,3283,4298,181804,208165,389970
2021-01-15,68544,73893,142438,37263,42435,79698,29473,33310,62783,20672,24000,44672,14698,16117,30815,8909,10436,19345,4396,8204,12600,1017,3291,4308,184972,211686,396659
2021-01-16,69667,75073,144741,37884,43153,81037,30094,33983,64077,21069,24386,45455,14917,16385,31302,9017,10550,19567,4422,8243,12665,1018,3300,4318,188088,215073,403162
2021-01-17,70672,76208,146881,38456,43792,82248,30707,34697,65404,21459,24781,46240,15083,16582,31665,9098,10641,19739,4441,8270,12711,1020,3303,4323,190936,218274,409211
2021-01-18,71938,77527,149466,39160,44567,83727,31395,35423,66818,21915,25254,47169,15355,16889,32244,9221,10773,19994,4476,8328,12804,1022,3307,4329,194482,222068,416551
2021-01-19,73129,78797,151927,39847,45328,85175,32079,36154,68233,22383,25745,48128,15616,17193,32809,9328,10924,20252,4499,8376,12875,1027,3320,4347,197908,225837,423746
2021-01-20,74242,79968,154211,40456,45982,86438,32665,36774,69439,22813,26197,49010,15887,17494,33381,9462,11072,20534,4526,8417,12943,1031,3331,4362,201082,229235,430318
2021-01-21,75232,80981,156214,40950,46556,87506,33093,37279,70372,23106,26605,49711,16085,17720,33805,9553,11181,20734,4553,8472,13025,1037,3353,4390,203609,232147,435757
2021-01-22,76116,81953,158070,41345,47068,88413,33503,37765,71268,23392,26925,50317,16266,17909,34175,9649,11301,20950,4573,8516,13089,1040,3357,4397,205884,234794,440679
2021-01-23,76983,82904,159888,41775,47570,89345,33926,38200,72126,23707,27276,50983,16393,18072,34465,9701,11371,21072,4591,8546,13137,1042,3360,4402,208118,237299,445418
2021-01-24,77993,83939,161933,42229,48097,90326,34464,38752,73216,24051,27623,51674,16576,18264,34840,9761,11451,21212,4614,8581,13195,1044,3365,4409,210732,240072,450805
2021-01-25,79317,85302,164620,42857,48793,91650,35013,39414,74427,24462,28062,52524,16809,18511,35320,9870,11578,21448,4649,8645,13294,1052,3382,4434,214029,243687,457717
2021-01-26,80446,86453,166900,43371,49363,92734,35531,39959,75490,24805,28483,53288,17015,18772,35787,9984,11699,21683,4683,8711,13394,1056,3396,4452,216891,246836,463728
2021-01-27,81482,87502,168985,43850,49936,93786,35972,40491,76463,25133,28852,53985,17219,18979,36198,10063,11790,21853,4722,8764,13486,1057,3410,4467,219498,249724,469223
2021-01-28,82329,88448,170778,44265,50397,94662,36371,40937,77308,25418,29175,54593,17405,19201,36606,10168,11906,22074,4751,8811,13562,1062,3427,4489,221769,252302,474072
2021-01-29,83453,89656,173110,44853,51053,95906,36918,41574,78492,25816,29615,55431,17639,19482,37121,10264,12045,22309,4775,8866,13641,1064,3434,4498,224782,255725,480508
2021-01-30,84776,91046,175823,45490,51795,97285,37680,42453,80133,26295,30114,56409,17870,19789,37659,10363,12184,22547,4801,8909,13710,1066,3443,4509,228341,259733,488075
2021-01-31,86522,92956,179479,46300,52811,99111,38813,43685,82498,26977,30824,57801,18157,20097,38254,10476,12325,22801,4825,8958,13783,1068,3453,4521,233138,265109,498248
2021-02-01,88168,94788,182957,47135,53787,100922,39810,44792,84602,27623,31487,59110,18500,20496,38996,10602,12522,23124,4863,9007,13870,1069,3466,4535,237770,270345,508116
2021-02-02,89586,96369,185956,47908,54711,102619,40725,45831,86556,28248,32159,60407,18895,20890,39785,10787,12745,23532,4905,9067,13972,1072,3478,4550,242126,275250,517377
2021-02-03,90784,97676,188461,48588,55463,104051,41415,46622,88037,28729,32745,61474,19238,21246,40484,10951,12924,23875,4949,9137,14086,1076,3491,4567,245730,279304,525035
2021-02-04,91589,98655,190245,49067,56029,105096,41812,47225,89037,29088,33169,62257,19429,21512,40941,11046,13069,24115,4978,9181,14159,1081,3507,4588,248090,282347,530438
2021-02-05,92393,99558,191952,49490,56525,106015,42192,47684,89876,29399,33519,62918,19630,21745,41375,11155,13203,24358,4995,9233,14228,1082,3516,4598,250336,284983,535320
2021-02-06,93168,100483,193652,49935,57107,107042,42610,48226,90836,29756,33901,63657,19806,21948,41754,11235,13306,24541,5023,9271,14294,1082,3523,4605,252615,287765,540381
2021-02-07,94007,101411,195419,50409,57698,108107,43053,48803,91856,30073,34280,64353,19980,22126,42106,11322,13411,24733,5042,9301,14343,1088,3526,4614,254974,290556,545531
2021-02-08,95265,102826,198092,51103,58608,109711,43781,49679,93460,30481,34790,65271,20235,22425,42660,11442,13551,24993,5072,9372,14444,1092,3544,4636,258471,294795,553267
2021-02-09,96348,104020,200369,51769,59382,111151,44388,50455,94843,30915,35325,66240,20515,22735,43250,11567,13693,25260,5105,9426,14531,1097,3559,4656,261704,298595,560300
2021-02-10,97253,104982,202236,52349,60069,112418,44938,51106,96044,31262,35764,67026,20741,23010,43751,11688,13816,25504,5137,9478,14615,1097,3572,4669,264465,301797,566263
2021-02-11,98061,105960,204022,52904,60764,113668,45414,51740,97154,31545,36212,67757,20957,23248,44205,11788,13935,25723,5165,9524,14689,1101,3579,4680,266935,304962,571898
2021-02-12,98894,106953,205848,53457,61475,114932,45910,52455,98365,31878,36674,68552,21166,23503,44669,11894,14064,25958,5198,9575,14773,1102,3590,4692,269499,308289,577789
2021-02-13,99832,108005,207838,54112,62297,116409,46534,53341,99875,32257,37170,69427,21381,23745,45126,11967,14169,26136,5218,9602,14820,1107,3601,4708,272408,311930,584339
2021-02-14,100688,109037,209726,54709,63108,117817,47236,54216,101452,32634,37648,70282,21594,23991,45585,12058,14280,26338,5236,9633,14869,1108,3616,4724,275263,315529,590793
2021-02-15,101861,110416,212278,55505,64142,119647,48131,55224,103355,33126,38224,71350,21828,24265,46093,12159,14414,26573,5260,9692,14952,1110,3628,4738,278980,320005,598986
2021-02-16,103196,111974,215171,56433,65234,121667,49009,56294,105303,33582,38752,72334,22058,24513,46571,12243,14545,26788,5274,9723,14997,1117,3632,4749,282912,324667,607580
2021-02-17,104754,113801,218556,57349,66363,123712,49739,57121,106860,34071,39349,73420,22434,24893,47327,12390,14709,27099,5302,9796,15098,1124,3650,4774,287163,329682,616846
2021-02-18,106354,115779,222134,58429,67611,126040,50575,58189,108764,34674,40015,74689,22811,25297,48108,12574,14928,27502,5352,9873,15225,1127,3671,4798,291896,335363,627260
2021-02-19,107814,117543,225358,59408,68857,128265,51371,59183,110554,35255,40713,75968,23186,25723,48909,12741,15145,27886,5392,9938,15330,1131,3690,4821,296298,340792,637091
2021-02-20,109108,119181,228290,60205,69979,130184,52106,60171,112277,35766,41386,77152,23475,26101,49576,12856,15280,28136,5420,9975,15395,1136,3694,4830,300072,345767,645840
2021-02-21,110370,120860,231231,61168,71198,132366,52887,61211,114098,36270,42042,78312,23802,26468,50270,12970,15428,28398,5453,10018,15471,1141,3701,4842,304061,350926,654988
2021-02-22,111853,122906,234760,62216,72542,134758,53701,62275,115976,36875,42775,79650,24182,26899,51081,13135,15591,28726,5510,10071,15581,1144,3713,4857,308616,356772,665389
2021-02-23,113222,124623,237846,63129,73710,136839,54388,63164,117552,37412,43473,80885,24561,27318,51879,13287,15784,29071,5552,10140,15692,1153,3736,4889,312704,361948,674653
2021-02-24,114419,126125,240545,63925,74625,138550,54983,63919,118902,37890,44056,81946,24901,27685,52586,13437,15944,29381,5585,10200,15785,1157,3745,4902,316297,366299,682597
2021-02-25,115536,127489,243026,64578,75403,139981,55481,64578,120059,38278,44582,82860,25179,28028,53207,13562,16093,29655,5612,10249,15861,1161,3760,4921,319387,370182,689570
2021-02-26,116616,128941,245558,65324,76299,141623,56033,65344,121377,38697,45147,83844,25488,28406,53894,13693,16259,29952,5642,10311,15953,1163,3776,4939,322656,374483,697140
2021-02-27,117653,130394,248048,66164,77253,143417,56581,66111,122692,39205,45800,85005,25839,28816,54655,13840,16422,30262,5675,10377,16052,1165,3791,4956,326122,378964,705087
2021-02-28,119002,132143,251146,67238,78567,145805,57385,67139,124524,39902,46695,86597,26295,29332,55627,14041,16631,30672,5717,10433,16150,1168,3799,4967,330748,384739,715488
2021-03-01,120137,133552,253690,67972,79395,147367,57933,67840,125773,40314,47210,87524,26597,29688,56285,14156,16801,30957,5755,10507,16262,1175,3826,5001,334039,388819,722859
2021-03-02,121333,134951,256285,68635,80243,148878,58470,68494,126964,40699,47750,88449,26857,30016,56873,14279,16909,31188,5799,10567,16366,1179,3837,5016,337251,392767,730019
2021-03-03,122279,136144,258424,69235,80981,150216,58905,69099,128004,41056,48247,89303,27189,30401,57590,14432,17066,31498,5831,10615,16446,1180,3851,5031,340107,396404,736512
2021-03-04,123217,137288,260506,69757,81673,151430,59327,69664,128991,41374,48741,90115,27478,30793,58271,14579,17246,31825,5867,10671,16538,1186,3873,5059,342785,399949,742735
2021-03-05,124197,138538,262736,70372,82477,152849,59731,70236,129967,41754,49261,91015,27776,31118,58894,14714,17403,32117,5897,10734,16631,1186,3888,5074,345627,403655,749283
2021-03-06,124921,139464,264386,70896,83113,154009,60093,70711,130804,42044,49668,91712,27970,31341,59311,14805,17522,32327,5925,10768,16693,1188,3897,5085,347842,406484,754327
2021-03-07,125723,140478,266202,71443,83791,155234,60468,71244,131712,42364,50140,92504,28242,31639,59881,14908,17642,32550,5951,10815,16766,1193,3900,5093,350292,409649,759942
2021-03-08,126790,141895,268686,72159,84625,156784,60996,71905,132901,42816,50743,93559,28616,32020,60636,15061,17815,32876,5982,10875,16857,1198,3915,5113,353618,413793,767412
2021-03-09,127873,143128,271002,72851,85447,158298,61491,72550,134041,43236,51310,94546,28988,32498,61486,15244,17999,33243,6017,10940,16957,1204,3929,5133,356904,417801,774706
2021-03-10,128972,144355,273328,73539,86227,159766,61927,73155,135082,43644,51865,95509,29337,32871,62208,15381,18168,33549,6058,11004,17062,1208,3940,5148,360066,421585,781652
2021-03-11,129828,145504,275333,74025,86890,160915,62291,73685,135976,43948,52268,96216,29566,33188,62754,15515,18299,33814,6088,11053,17141,1211,3955,5166,362472,424842,787315
2021-03-12,130881,146899,277781,74664,87715,162379,62762,74281,137043,44286,52795,97081,29873,33570,63443,15672,18458,34130,6130,11123,17253,1214,3971,5185,365482,428812,794295
2021-03-13,131765,147996,279762,75251,88385,163636,63133,74782,137915,44638,53270,97908,30177,33899,64076,15790,18589,34379,6155,11169,17324,1219,3975,5194,368128,432065,800194
2021-03-14,132607,149169,281777,75876,89134,165010,63531,75344,138875,45050,53802,98852,30461,34259,64720,15906,18743,34649,6178,11221,17399,1224,3987,5211,370833,435659,806493
2021-03-15,133863,150691,284555,76583,89970,166553,64037,76089,140126,45489,54408,99897,30840,34692,65532,16048,18944,34992,6215,11287,17502,1230,3999,5229,374305,440080,814386
2021-03-16,134964,152010,286975,77290,90750,168040,64525,76652,141177,45900,54928,100828,31162,35084,66246,16201,19116,35317,6253,11358,17611,1237,4019,5256,377532,443917,821450
2021-03-17,136034,153317,289352,77860,91454,169314,64945,77194,142139,46246,55414,101660,31473,35449,66922,16324,19276,35600,6286,11407,17693,1240,4033,5273,380408,447544,827953
2021-03-18,136921,154413,291335,78389,92055,170444,65315,77670,142985,46511,55788,102299,31716,35724,67440,16440,19424,35864,6304,11453,17757,1246,4044,5290,382842,450571,833414
2021-03-19,137935,155668,293604,78935,92768,171703,65720,78201,143921,46823,56243,103066,31947,36014,67961,16548,19561,36109,6335,11494,17829,1253,4054,5307,385496,454003,839500
2021-03-20,138653,156571,295225,79420,93343,172763,66064,78634,144698,47110,56622,103732,32193,36249,68442,16647,19669,36316,6357,11529,17886,1262,4062,5324,387706,456679,844386
2021-03-21,139415,157498,296914,79965,93940,173905,66407,79084,145491,47430,57036,104466,32427,36541,68968,16719,19783,36502,6382,11563,17945,1264,4071,5335,390009,459516,849526
2021-03-22,140487,158821,299309,80641,94723,175364,66862,79668,146530,47816,57566,105382,32704,36880,69584,16859,19940,36799,6416,11641,18057,1270,4105,5375,393055,463344,856400
2021-03-23,141493,160035,301529,81208,95455,176663,67282,80174,147456,48192,58001,106193,33004,37264,70268,17003,20104,37107,6446,11692,18138,1273,4123,5396,395901,466848,862750
2021-03-24,142352,160991,303344,81692,96014,177706,67627,80623,148250,48455,58363,106818,33190,37464,70654,17091,20225,37316,6465,11749,18214,1275,4145,5420,398147,469574,867722
2021-03-25,143282,162167,305450,82253,96713,178966,68087,81202,149289,48799,58787,107586,33407,37749,71156,17196,20341,37537,6504,11812,18316,1281,4162,5443,400809,472933,873743
2021-03-26,144346,163536,307883,82840,97408,180248,68518,81816,150334,49117,59243,108360,33644,38059,71703,17324,20487,37811,6537,11862,18399,1284,4177,5461,403610,476588,880199
2021-03-27,145159,164530,309690,83379,98054,181433,68892,82330,151222,49422,59688,109110,33891,38333,72224,17423,20609,38032,6562,11907,18469,1288,4183,5471,406016,479634,885651
2021-03-28,145867,165487,311355,83905,98731,182636,69307,82816,152123,49731,60130,109861,34104,38578,72682,17499,20681,38180,6583,11946,18529,1292,4190,5482,408288,482559,890848
2021-03-29,146930,166769,313700,84514,99445,183959,69742,83423,153165,50085,60585,110670,34334,38892,73226,17592,20770,38362,6602,11984,18586,1295,4200,5495,411094,486068,897163
2021-03-30,147884,167913,315798,85065,100121,185186,70128,83959,154087,50396,60979,111375,34530,39134,73664,17675,20861,38536,6629,12018,18647,1300,4211,5511,413607,489196,902804
2021-03-31,148796,168969,317766,85581,100832,186413,70506,84495,155001,50651,61363,112014,34666,39286,73952,17713,20916,38629,6656,12047,18703,1300,4220,5520,415869,492128,907998
2021-04-01,149747,170086,319834,86148,101453,187601,70856,84990,155846,50961,61746,112707,34838,39501,74339,17777,21009,38786,6672,12071,18743,1304,4227,5531,418303,495083,913387
2021-04-02,150606,171097,321704,86625,102015,188640,71211,85481,156692,51229,62110,113339,35011,39670,74681,17838,21075,38913,6692,12101,18793,1306,4239,5545,420518,497788,918307
2021-04-03,151382,172075,323458,87096,102599,189695,71592,86006,157598,51534,62443,113977,35172,39860,75032,17901,21139,39040,6707,12132,18839,1308,4245,5553,422692,500499,923192
2021-04-04,152635,173662,326298,87965,103710,191675,72323,86886,159209,51946,62945,114891,35353,40057,75410,17952,21195,39147,6724,12158,18882,1309,4251,5560,426207,504864,931072
2021-04-05,153443,174735,328179,88534,104418,192952,72827,87526,160353,52217,63248,115465,35420,40134,75554,17970,21214,39184,6734,12168,18902,1309,4255,5564,428454,507698,936153
2021-04-06,153471,174776,328248,88547,104451,192998,72842,87545,160387,52223,63259,115482,35424,40137,75561,17970,21216,39186,6735,12169,18904,1309,4255,5564,428521,507808,936330
