FECHA,<=10M,<=10F,<=10,11-20M,11-20F,11-20,21-30M,21-30F,21-30,31-40M,31-40F,31-40,41-50M,41-50F,41-50,51-60M,51-60F,51-60,61-70M,61-70F,61-70,71-80M,71-80F,71-80,81-90M,81-90F,81-90,>=91M,>=91F,>=91,TotalM,TotalF,Total
2020-03-15,1,0,1,1,1,2,0,2,2,2,1,3,1,1,2,1,0,1,1,1,2,1,0,1,0,0,0,0,0,0,8,6,14
2020-03-16,2,3,5,2,2,4,1,5,6,3,2,5,1,3,4,4,1,5,3,4,7,1,0,1,0,0,0,0,0,0,17,20,37
2020-03-17,3,7,10,3,3,6,3,6,9,4,4,8,2,7,9,4,3,7,5,6,11,3,2,5,1,0,1,0,0,0,28,38,66
2020-03-18,6,8,14,4,3,7,4,6,10,6,5,11,3,10,13,5,4,9,5,8,13,4,2,6,2,0,2,0,0,0,39,46,85
2020-03-19,9,9,18,4,3,7,7,8,15,9,7,16,5,11,16,5,4,9,6,9,15,5,3,8,2,0,2,1,0,1,53,54,107
2020-03-20,10,10,20,5,3,8,9,8,17,10,10,20,5,12,17,5,5,10,7,10,17,7,5,12,3,0,3,1,0,1,62,63,125
2020-03-21,11,10,21,7,4,11,11,10,21,14,11,25,7,13,20,6,5,11,9,12,21,8,6,14,4,0,4,2,0,2,79,71,150
2020-03-22,14,11,25,7,4,11,15,12,27,14,11,25,8,13,21,8,6,14,9,13,22,10,7,17,7,2,9,2,1,3,94,80,174
2020-03-23,18,12,30,8,6,14,17,14,31,17,13,30,10,16,26,10,8,18,11,15,26,15,10,25,10,5,15,2,3,5,118,102,220
2020-03-24,20,13,33,8,6,14,19,16,35,20,15,35,10,19,29,12,10,22,11,16,27,17,10,27,12,6,18,3,3,6,132,114,246
2020-03-25,21,17,38,8,8,16,21,18,39,22,21,43,11,20,31,13,13,26,14,17,31,19,12,31,14,11,25,5,3,8,148,140,288
2020-03-26,25,20,45,10,10,20,23,20,43,26,24,50,14,24,38,17,15,32,15,21,36,23,15,38,19,11,30,7,4,11,179,164,343
2020-03-27,28,23,51,10,11,21,24,22,46,31,25,56,16,30,46,19,18,37,18,25,43,29,20,49,22,14,36,9,9,18,206,197,403
2020-03-28,30,24,54,10,11,21,27,24,51,33,27,60,17,31,48,23,20,43,22,25,47,33,27,60,25,15,40,9,9,18,229,213,442
2020-03-29,32,24,56,12,12,24,29,27,56,36,29,65,19,34,53,24,20,44,27,28,55,37,29,66,29,16,45,11,10,21,256,229,485
2020-03-30,35,26,61,12,12,24,30,33,63,44,31,75,23,38,61,27,22,49,34,29,63,40,34,74,33,17,50,14,12,26,292,254,546
2020-03-31,44,30,74,13,13,26,37,35,72,55,36,91,28,42,70,31,23,54,40,32,72,47,37,84,34,20,54,18,12,30,347,280,627
2020-04-01,55,40,95,14,15,29,44,39,83,65,38,103,40,49,89,36,31,67,44,35,79,53,41,94,40,25,65,18,13,31,409,326,735
2020-04-02,65,49,114,16,19,35,48,46,94,71,43,114,43,57,100,39,44,83,53,40,93,61,47,108,45,32,77,21,16,37,462,393,855
2020-04-03,86,58,144,20,23,43,55,54,109,78,54,132,53,68,121,42,51,93,61,45,106,68,51,119,51,38,89,22,21,43,536,463,999
2020-04-04,96,71,167,23,27,50,58,61,119,83,66,149,60,72,132,49,51,100,67,48,115,70,56,126,55,40,95,23,24,47,584,516,1100
2020-04-05,105,81,186,28,32,60,66,63,129,91,70,161,68,78,146,53,57,110,69,59,128,76,64,140,58,44,102,25,26,51,639,574,1213
2020-04-06,117,90,207,32,35,67,75,69,144,104,76,180,79,81,160,63,63,126,77,68,145,85,69,154,65,48,113,26,29,55,723,628,1351
2020-04-07,129,99,228,35,40,75,81,73,154,112,84,196,84,88,172,74,65,139,80,72,152,94,77,171,71,59,130,28,30,58,788,687,1475
2020-04-08,139,109,248,39,43,82,86,81,167,118,87,205,92,93,185,83,71,154,89,80,169,105,82,187,72,62,134,31,35,66,854,743,1597
2020-04-09,144,115,259,42,46,88,90,89,179,134,96,230,96,103,199,91,78,169,95,85,180,112,92,204,77,70,147,35,40,75,916,814,1730
2020-04-10,164,119,283,46,49,95,93,94,187,139,100,239,106,104,210,95,85,180,101,86,187,113,102,215,82,79,161,36,43,79,975,861,1836
2020-04-11,174,126,300,51,53,104,100,100,200,149,104,253,113,108,221,98,90,188,105,91,196,120,105,225,85,87,172,37,46,83,1032,910,1942
2020-04-12,184,134,318,54,53,107,103,105,208,158,107,265,116,115,231,108,94,202,108,95,203,124,114,238,89,91,180,37,48,85,1081,956,2037
2020-04-13,193,146,339,62,57,119,115,115,230,165,117,282,123,122,245,113,100,213,117,103,220,129,123,252,96,101,197,40,53,93,1153,1037,2190
2020-04-14,210,152,362,66,58,124,125,122,247,173,123,296,130,130,260,125,109,234,123,109,232,139,128,267,103,106,209,43,57,100,1237,1094,2331
2020-04-15,219,157,376,70,65,135,131,129,260,180,131,311,138,144,282,130,122,252,133,115,248,149,133,282,110,112,222,48,60,108,1308,1168,2476
2020-04-16,233,160,393,76,69,145,140,135,275,191,146,337,150,160,310,137,134,271,138,125,263,156,137,293,114,117,231,48,64,112,1383,1247,2630
2020-04-17,250,171,421,82,76,158,145,140,285,198,166,364,164,169,333,147,145,292,145,132,277,172,147,319,119,125,244,49,67,116,1471,1338,2809
2020-04-18,263,182,445,88,78,166,156,147,303,216,175,391,176,174,350,154,149,303,147,136,283,179,157,336,124,134,258,52,71,123,1555,1403,2958
2020-04-19,274,193,467,92,80,172,161,151,312,224,179,403,183,181,364,159,157,316,154,143,297,184,165,349,129,141,270,53,72,125,1613,1462,3075
2020-04-20,289,204,493,103,87,190,176,158,334,239,190,429,196,191,387,169,166,335,166,153,319,199,177,376,139,151,290,57,85,142,1733,1562,3295
2020-04-21,303,213,516,109,94,203,188,165,353,248,209,457,201,196,397,176,175,351,175,161,336,213,189,402,147,161,308,59,95,154,1819,1658,3477
2020-04-22,318,224,542,113,101,214,195,175,370,260,213,473,214,204,418,183,186,369,185,166,351,219,202,421,156,173,329,66,101,167,1909,1745,3654
2020-04-23,336,239,575,117,106,223,203,186,389,270,223,493,223,215,438,189,200,389,194,172,366,229,210,439,167,184,351,72,110,182,2000,1845,3845
2020-04-24,355,251,606,123,112,235,214,197,411,283,238,521,231,222,453,198,210,408,201,182,383,240,221,461,177,198,375,75,113,188,2097,1944,4041
2020-04-25,368,261,629,127,113,240,219,204,423,295,247,542,236,230,466,203,217,420,208,187,395,246,226,472,187,215,402,79,117,196,2168,2017,4185
2020-04-26,379,278,657,132,121,253,226,207,433,299,249,548,245,237,482,206,223,429,216,194,410,254,233,487,194,222,416,80,120,200,2231,2084,4315
2020-04-27,393,292,685,138,125,263,232,216,448,304,266,570,249,249,498,217,233,450,224,202,426,272,239,511,205,238,443,83,124,207,2317,2184,4501
2020-04-28,413,301,714,143,130,273,247,230,477,317,279,596,258,263,521,224,244,468,231,210,441,275,251,526,211,253,464,85,128,213,2404,2289,4693
2020-04-29,438,313,751,148,136,284,263,240,503,334,297,631,271,273,544,233,254,487,237,218,455,287,258,545,215,267,482,89,138,227,2515,2394,4909
2020-04-30,459,324,783,157,138,295,273,249,522,344,307,651,282,283,565,245,268,513,247,227,474,295,269,564,225,284,509,96,145,241,2623,2494,5117
2020-05-01,462,339,801,163,144,307,274,256,530,358,319,677,293,291,584,252,274,526,257,233,490,302,279,581,234,295,529,96,147,243,2691,2577,5268
2020-05-02,469,355,824,169,150,319,283,259,542,366,327,693,299,296,595,260,277,537,260,239,499,310,280,590,240,306,546,97,151,248,2753,2640,5393
2020-05-03,477,367,844,173,154,327,290,266,556,373,333,706,305,303,608,268,279,547,268,245,513,315,289,604,246,314,560,100,156,256,2815,2706,5521
2020-05-04,499,387,886,178,158,336,301,276,577,387,344,731,314,310,624,278,283,561,277,256,533,330,307,637,254,330,584,102,161,263,2920,2812,5732
2020-05-05,514,400,914,185,161,346,315,289,604,400,357,757,321,325,646,290,290,580,289,264,553,345,318,663,260,344,604,103,170,273,3022,2918,5940
2020-05-06,528,417,945,191,163,354,328,296,624,417,374,791,342,335,677,297,297,594,300,275,575,363,333,696,267,356,623,107,176,283,3140,3022,6162
2020-05-07,546,429,975,198,169,367,343,306,649,430,388,818,360,347,707,302,305,607,309,283,592,380,341,721,275,369,644,108,183,291,3251,3120,6371
2020-05-08,564,442,1006,206,175,381,357,314,671,443,406,849,375,362,737,319,311,630,320,294,614,392,351,743,285,381,666,111,195,306,3372,3231,6603
2020-05-09,583,454,1037,210,177,387,364,326,690,447,416,863,384,371,755,325,317,642,328,300,628,404,354,758,290,393,683,116,203,319,3451,3311,6762
2020-05-10,592,463,1055,212,181,393,374,336,710,454,422,876,391,381,772,328,323,651,337,306,643,412,367,779,295,405,700,117,208,325,3512,3392,6904
2020-05-11,611,482,1093,217,186,403,385,350,735,468,435,903,408,394,802,338,330,668,347,314,661,425,376,801,308,422,730,121,225,346,3628,3514,7142
2020-05-12,633,493,1126,225,196,421,414,373,787,491,448,939,417,411,828,344,335,679,356,324,680,434,386,820,317,436,753,126,238,364,3757,3640,7397
2020-05-13,661,511,1172,234,206,440,436,387,823,509,469,978,433,418,851,355,345,700,365,334,699,443,395,838,325,451,776,127,246,373,3888,3762,7650
2020-05-14,684,541,1225,245,223,468,450,410,860,532,491,1023,446,427,873,365,361,726,377,346,723,453,405,858,336,466,802,129,260,389,4017,3930,7947
2020-05-15,704,564,1268,253,229,482,457,425,882,550,511,1061,455,447,902,378,367,745,387,354,741,460,411,871,344,486,830,134,269,403,4122,4063,8185
2020-05-16,718,582,1300,261,238,499,462,439,901,561,531,1092,462,459,921,385,375,760,394,360,754,469,418,887,350,492,842,139,282,421,4201,4176,8377
2020-05-17,740,595,1335,265,246,511,475,453,928,568,544,1112,471,471,942,390,378,768,402,367,769,476,423,899,361,505,866,142,285,427,4290,4267,8557
2020-05-18,761,620,1381,275,263,538,500,475,975,591,569,1160,484,492,976,410,390,800,417,381,798,493,436,929,378,518,896,143,296,439,4452,4440,8892
2020-05-19,782,640,1422,292,278,570,530,503,1033,629,597,1226,512,509,1021,431,404,835,435,393,828,505,458,963,390,540,930,147,306,453,4653,4628,9281
2020-05-20,812,682,1494,309,294,603,557,530,1087,675,623,1298,530,526,1056,446,416,862,456,410,866,517,469,986,402,556,958,153,311,464,4857,4817,9674
2020-05-21,851,717,1568,327,308,635,595,562,1157,702,660,1362,551,552,1103,465,430,895,470,416,886,531,477,1008,409,573,982,154,315,469,5055,5010,10065
2020-05-22,889,735,1624,343,328,671,629,594,1223,729,688,1417,572,573,1145,480,440,920,478,426,904,541,488,1029,417,590,1007,160,327,487,5238,5189,10427
2020-05-23,909,756,1665,359,345,704,657,620,1277,761,706,1467,581,591,1172,490,450,940,490,436,926,549,502,1051,426,596,1022,162,329,491,5384,5331,10715
2020-05-24,926,777,1703,370,354,724,674,633,1307,776,723,1499,593,596,1189,498,454,952,501,445,946,560,511,1071,432,609,1041,164,335,499,5494,5437,10931
2020-05-25,957,804,1761,391,380,771,695,664,1359,794,745,1539,614,609,1223,503,462,965,511,454,965,570,517,1087,442,623,1065,166,344,510,5643,5602,11245
2020-05-26,999,841,1840,418,403,821,740,709,1449,845,787,1632,634,643,1277,517,484,1001,524,462,986,585,523,1108,452,637,1089,169,354,523,5883,5843,11726
2020-05-27,1047,882,1929,430,423,853,765,744,1509,875,816,1691,652,659,1311,537,503,1040,534,471,1005,593,537,1130,456,653,1109,173,356,529,6062,6044,12106
2020-05-28,1077,925,2002,450,437,887,800,787,1587,906,845,1751,678,687,1365,553,522,1075,543,486,1029,603,545,1148,470,671,1141,177,368,545,6257,6273,12530
2020-05-29,1117,960,2077,472,457,929,844,825,1669,937,890,1827,710,712,1422,568,542,1110,559,500,1059,621,560,1181,484,687,1171,178,372,550,6490,6505,12995
2020-05-30,1150,986,2136,488,470,958,882,851,1733,970,908,1878,727,734,1461,583,557,1140,569,506,1075,632,571,1203,491,698,1189,179,379,558,6671,6660,13331
2020-05-31,1178,1003,2181,502,482,984,897,866,1763,990,920,1910,744,747,1491,588,568,1156,577,511,1088,643,577,1220,497,708,1205,179,387,566,6795,6769,13564
2020-06-01,1214,1035,2249,528,502,1030,930,914,1844,1018,961,1979,764,775,1539,606,586,1192,602,528,1130,654,586,1240,505,719,1224,183,390,573,7004,6996,14000
2020-06-02,1258,1069,2327,549,523,1072,968,945,1913,1047,990,2037,783,796,1579,621,603,1224,615,539,1154,680,598,1278,514,737,1251,187,403,590,7222,7203,14425
2020-06-03,1298,1094,2392,565,558,1123,1000,974,1974,1078,1030,2108,804,822,1626,631,615,1246,635,554,1189,696,610,1306,525,753,1278,189,412,601,7421,7422,14843
2020-06-04,1336,1129,2465,584,586,1170,1038,1007,2045,1098,1062,2160,827,842,1669,660,633,1293,647,562,1209,719,623,1342,535,772,1307,191,421,612,7635,7637,15272
2020-06-05,1382,1170,2552,600,608,1208,1076,1038,2114,1133,1106,2239,863,870,1733,688,660,1348,665,576,1241,737,637,1374,549,792,1341,194,430,624,7887,7887,15774
2020-06-06,1413,1195,2608,618,620,1238,1096,1060,2156,1165,1137,2302,877,887,1764,702,673,1375,676,589,1265,750,645,1395,561,810,1371,195,439,634,8053,8055,16108
2020-06-07,1438,1219,2657,634,633,1267,1118,1082,2200,1184,1158,2342,897,895,1792,714,681,1395,685,594,1279,759,652,1411,573,821,1394,197,447,644,8199,8182,16381
2020-06-08,1473,1256,2729,658,657,1315,1164,1113,2277,1228,1202,2430,935,921,1856,734,702,1436,701,609,1310,775,667,1442,585,838,1423,201,454,655,8454,8419,16873
2020-06-09,1529,1293,2822,683,683,1366,1188,1160,2348,1266,1237,2503,967,946,1913,756,712,1468,713,619,1332,787,684,1471,597,868,1465,204,465,669,8690,8667,17357
2020-06-10,1557,1335,2892,699,701,1400,1233,1188,2421,1306,1276,2582,1004,970,1974,783,732,1515,735,634,1369,809,710,1519,602,888,1490,210,480,690,8938,8914,17852
2020-06-11,1599,1379,2978,714,723,1437,1270,1227,2497,1352,1315,2667,1026,1001,2027,802,761,1563,747,657,1404,825,728,1553,610,916,1526,214,495,709,9159,9202,18361
2020-06-12,1646,1425,3071,729,750,1479,1327,1272,2599,1400,1372,2772,1066,1043,2109,823,787,1610,777,677,1454,842,743,1585,616,938,1554,219,504,723,9445,9511,18956
2020-06-13,1682,1454,3136,753,771,1524,1365,1313,2678,1438,1407,2845,1079,1074,2153,846,808,1654,789,685,1474,855,751,1606,625,956,1581,221,510,731,9653,9729,19382
2020-06-14,1704,1487,3191,773,793,1566,1394,1335,2729,1457,1428,2885,1099,1088,2187,862,827,1689,800,691,1491,859,766,1625,639,975,1614,221,518,739,9808,9908,19716
2020-06-15,1744,1523,3267,802,818,1620,1428,1368,2796,1486,1459,2945,1118,1110,2228,876,840,1716,816,696,1512,871,777,1648,646,990,1636,223,528,751,10010,10109,20119
2020-06-16,1799,1586,3385,825,843,1668,1495,1420,2915,1539,1506,3045,1161,1138,2299,900,859,1759,830,709,1539,887,784,1671,659,1015,1674,226,541,767,10321,10401,20722
2020-06-17,1843,1636,3479,849,872,1721,1556,1465,3021,1586,1559,3145,1203,1171,2374,928,876,1804,846,725,1571,897,804,1701,678,1031,1709,228,550,778,10614,10689,21303
2020-06-18,1897,1684,3581,874,889,1763,1625,1524,3149,1643,1622,3265,1258,1200,2458,966,904,1870,866,746,1612,914,819,1733,692,1056,1748,231,561,792,10966,11005,21971
2020-06-19,1957,1722,3679,891,921,1812,1671,1577,3248,1717,1678,3395,1302,1246,2548,1012,936,1948,895,765,1660,934,838,1772,709,1076,1785,238,574,812,11326,11333,22659
2020-06-20,1991,1761,3752,913,944,1857,1707,1608,3315,1758,1715,3473,1328,1284,2612,1030,961,1991,915,780,1695,946,846,1792,716,1092,1808,242,579,821,11546,11570,23116
2020-06-21,2027,1786,3813,933,963,1896,1736,1644,3380,1783,1753,3536,1348,1298,2646,1047,971,2018,926,790,1716,957,853,1810,722,1101,1823,243,586,829,11722,11745,23467
2020-06-22,2079,1831,3910,964,997,1961,1779,1701,3480,1841,1797,3638,1388,1337,2725,1076,1006,2082,944,814,1758,976,869,1845,728,1124,1852,245,598,843,12020,12074,24094
2020-06-23,2133,1882,4015,995,1029,2024,1840,1752,3592,1906,1849,3755,1431,1387,2818,1104,1046,2150,965,835,1800,988,884,1872,740,1141,1881,248,604,852,12350,12409,24759
2020-06-24,2182,1934,4116,1023,1056,2079,1897,1808,3705,1959,1908,3867,1477,1431,2908,1131,1086,2217,980,855,1835,999,898,1897,755,1155,1910,250,608,858,12653,12739,25392
2020-06-25,2236,1995,4231,1062,1101,2163,1950,1856,3806,2006,1953,3959,1524,1471,2995,1172,1123,2295,993,872,1865,1011,912,1923,765,1167,1932,254,614,868,12973,13064,26037
2020-06-26,2289,2044,4333,1097,1129,2226,2017,1917,3934,2060,2007,4067,1567,1513,3080,1193,1161,2354,1018,896,1914,1024,928,1952,776,1188,1964,255,623,878,13296,13406,26702
2020-06-27,2355,2105,4460,1131,1172,2303,2057,1979,4036,2099,2048,4147,1600,1540,3140,1215,1178,2393,1037,904,1941,1027,941,1968,784,1195,1979,259,629,888,13564,13691,27255
2020-06-28,2400,2129,4529,1146,1194,2340,2079,2026,4105,2128,2091,4219,1623,1564,3187,1239,1196,2435,1048,911,1959,1036,951,1987,793,1208,2001,265,635,900,13757,13905,27662
2020-06-29,2448,2180,4628,1182,1242,2424,2133,2076,4209,2188,2141,4329,1658,1598,3256,1258,1232,2490,1074,922,1996,1051,969,2020,805,1227,2032,268,642,910,14065,14229,28294
2020-06-30,2483,2227,4710,1200,1274,2474,2199,2124,4323,2229,2197,4426,1701,1637,3338,1290,1265,2555,1099,933,2032,1069,980,2049,811,1246,2057,270,652,922,14351,14535,28886
2020-07-01,2532,2267,4799,1220,1313,2533,2266,2179,4445,2275,2245,4520,1738,1679,3417,1317,1297,2614,1119,952,2071,1085,995,2080,820,1267,2087,273,659,932,14645,14853,29498
2020-07-02,2597,2328,4925,1253,1349,2602,2323,2245,4568,2329,2298,4627,1786,1721,3507,1347,1324,2671,1145,969,2114,1101,1014,2115,833,1281,2114,276,666,942,14990,15195,30185
2020-07-03,2660,2372,5032,1289,1376,2665,2375,2293,4668,2398,2365,4763,1818,1762,3580,1378,1351,2729,1166,984,2150,1114,1031,2145,846,1298,2144,279,670,949,15323,15502,30825
2020-07-04,2699,2411,5110,1311,1402,2713,2419,2348,4767,2430,2401,4831,1849,1791,3640,1403,1368,2771,1179,997,2176,1126,1049,2175,853,1309,2162,282,677,959,15551,15753,31304
2020-07-05,2729,2450,5179,1335,1420,2755,2456,2387,4843,2465,2449,4914,1867,1823,3690,1421,1389,2810,1201,1018,2219,1143,1064,2207,863,1327,2190,286,684,970,15766,16011,31777
2020-07-06,2766,2488,5254,1360,1441,2801,2513,2447,4960,2530,2491,5021,1908,1874,3782,1461,1421,2882,1228,1048,2276,1165,1094,2259,874,1359,2233,289,697,986,16094,16360,32454
2020-07-07,2822,2559,5381,1394,1477,2871,2576,2514,5090,2603,2546,5149,1947,1918,3865,1495,1457,2952,1246,1066,2312,1179,1107,2286,883,1382,2265,296,709,1005,16441,16735,33176
2020-07-08,2872,2596,5468,1428,1510,2938,2637,2571,5208,2655,2608,5263,2001,1970,3971,1522,1496,3018,1266,1086,2352,1196,1129,2325,893,1399,2292,300,726,1026,16770,17091,33861
2020-07-09,2910,2624,5534,1450,1527,2977,2675,2611,5286,2709,2646,5355,2039,2008,4047,1540,1514,3054,1278,1106,2384,1206,1152,2358,901,1416,2317,305,734,1039,17013,17338,34351
2020-07-10,2947,2652,5599,1474,1553,3027,2717,2657,5374,2749,2690,5439,2071,2038,4109,1563,1540,3103,1297,1125,2422,1224,1165,2389,913,1434,2347,306,745,1051,17261,17599,34860
2020-07-11,2981,2697,5678,1499,1570,3069,2749,2694,5443,2788,2731,5519,2106,2075,4181,1586,1571,3157,1317,1144,2461,1238,1194,2432,920,1458,2378,309,760,1069,17493,17894,35387
2020-07-12,3011,2718,5729,1515,1586,3101,2781,2720,5501,2819,2759,5578,2128,2095,4223,1597,1590,3187,1330,1160,2490,1249,1205,2454,926,1472,2398,313,766,1079,17669,18071,35740
2020-07-13,3057,2771,5828,1546,1617,3163,2837,2781,5618,2875,2813,5688,2184,2154,4338,1635,1637,3272,1367,1190,2557,1273,1245,2518,940,1521,2461,315,791,1106,18029,18520,36549
2020-07-14,3112,2815,5927,1575,1644,3219,2885,2829,5714,2958,2877,5835,2238,2203,4441,1675,1656,3331,1400,1219,2619,1299,1274,2573,959,1541,2500,322,806,1128,18423,18864,37287
2020-07-15,3161,2867,6028,1621,1679,3300,2942,2918,5860,3037,2969,6006,2298,2264,4562,1708,1700,3408,1426,1246,2672,1315,1299,2614,973,1559,2532,329,813,1142,18810,19314,38124
2020-07-16,3216,2905,6121,1650,1726,3376,3007,2994,6001,3109,3030,6139,2353,2337,4690,1741,1750,3491,1450,1269,2719,1332,1329,2661,992,1595,2587,331,834,1165,19181,19769,38950
2020-07-17,3270,2954,6224,1685,1764,3449,3053,3059,6112,3164,3101,6265,2401,2412,4813,1778,1794,3572,1480,1304,2784,1350,1348,2698,1009,1615,2624,335,842,1177,19525,20193,39718
2020-07-18,3307,2992,6299,1710,1789,3499,3112,3112,6224,3212,3160,6372,2438,2460,4898,1808,1821,3629,1507,1333,2840,1368,1360,2728,1024,1638,2662,337,848,1185,19823,20513,40336
2020-07-19,3347,3036,6383,1730,1814,3544,3146,3150,6296,3251,3214,6465,2472,2495,4967,1836,1851,3687,1530,1350,2880,1383,1370,2753,1035,1656,2691,339,855,1194,20069,20791,40860
2020-07-20,3421,3094,6515,1775,1859,3634,3219,3224,6443,3318,3309,6627,2531,2579,5110,1873,1908,3781,1564,1399,2963,1408,1399,2807,1058,1677,2735,342,867,1209,20509,21315,41824
2020-07-21,3472,3141,6613,1808,1892,3700,3292,3283,6575,3396,3390,6786,2588,2632,5220,1917,1960,3877,1592,1434,3026,1434,1425,2859,1072,1707,2779,347,877,1224,20918,21741,42659
2020-07-22,3550,3193,6743,1844,1929,3773,3379,3368,6747,3485,3477,6962,2662,2701,5363,1956,2007,3963,1613,1464,3077,1465,1449,2914,1088,1745,2833,349,887,1236,21391,22220,43611
2020-07-23,3614,3246,6860,1875,1974,3849,3459,3453,6912,3565,3566,7131,2708,2760,5468,1996,2050,4046,1634,1493,3127,1486,1472,2958,1095,1769,2864,356,895,1251,21788,22678,44466
2020-07-24,3661,3302,6963,1913,2004,3917,3538,3529,7067,3634,3651,7285,2770,2823,5593,2039,2094,4133,1671,1513,3184,1503,1496,2999,1108,1798,2906,358,908,1266,22195,23118,45313
2020-07-25,3711,3343,7054,1946,2026,3972,3591,3591,7182,3702,3716,7418,2812,2873,5685,2061,2124,4185,1688,1539,3227,1520,1519,3039,1120,1813,2933,363,911,1274,22514,23455,45969
2020-07-26,3754,3379,7133,1961,2049,4010,3628,3622,7250,3735,3758,7493,2850,2899,5749,2084,2152,4236,1702,1551,3253,1536,1532,3068,1129,1837,2966,368,918,1286,22747,23697,46444
2020-07-27,3795,3425,7220,2000,2085,4085,3690,3691,7381,3812,3841,7653,2911,2976,5887,2130,2213,4343,1732,1591,3323,1555,1559,3114,1148,1859,3007,373,941,1314,23146,24181,47327
2020-07-28,3854,3480,7334,2033,2118,4151,3779,3793,7572,3892,3921,7813,2976,3040,6016,2184,2275,4459,1774,1626,3400,1574,1596,3170,1160,1888,3048,379,961,1340,23605,24698,48303
2020-07-29,3917,3536,7453,2065,2154,4219,3871,3876,7747,3969,4005,7974,3060,3109,6169,2228,2325,4553,1808,1667,3475,1602,1619,3221,1182,1928,3110,387,987,1374,24089,25206,49295
2020-07-30,3985,3587,7572,2109,2207,4316,3983,3963,7946,4056,4093,8149,3139,3173,6312,2280,2379,4659,1840,1702,3542,1620,1642,3262,1194,1950,3144,389,994,1383,24595,25690,50285
2020-07-31,4035,3651,7686,2138,2238,4376,4060,4056,8116,4156,4198,8354,3206,3238,6444,2329,2437,4766,1869,1739,3608,1641,1671,3312,1206,1984,3190,395,1012,1407,25035,26224,51259
2020-08-01,4077,3689,7766,2161,2272,4433,4108,4126,8234,4208,4266,8474,3241,3288,6529,2366,2478,4844,1893,1755,3648,1661,1689,3350,1219,2011,3230,395,1027,1422,25329,26601,51930
2020-08-02,4127,3725,7852,2189,2303,4492,4150,4168,8318,4261,4318,8579,3276,3341,6617,2387,2512,4899,1906,1775,3681,1673,1709,3382,1233,2034,3267,397,1036,1433,25599,26921,52520
2020-08-03,4184,3794,7978,2224,2350,4574,4225,4248,8473,4344,4394,8738,3336,3417,6753,2432,2563,4995,1943,1805,3748,1688,1734,3422,1250,2074,3324,402,1052,1454,26028,27431,53459
2020-08-04,4257,3846,8103,2271,2400,4671,4320,4321,8641,4440,4480,8920,3410,3490,6900,2483,2609,5092,1982,1836,3818,1709,1764,3473,1270,2116,3386,407,1072,1479,26549,27934,54483
2020-08-05,4319,3909,8228,2317,2432,4749,4412,4405,8817,4520,4569,9089,3463,3559,7022,2540,2665,5205,2017,1871,3888,1736,1792,3528,1288,2142,3430,411,1082,1493,27023,28426,55449
2020-08-06,4380,3961,8341,2353,2479,4832,4495,4494,8989,4606,4672,9278,3528,3636,7164,2584,2719,5303,2053,1902,3955,1758,1820,3578,1304,2172,3476,416,1095,1511,27477,28950,56427
2020-08-07,4452,4025,8477,2395,2514,4909,4575,4595,9170,4694,4774,9468,3591,3730,7321,2634,2767,5401,2080,1941,4021,1789,1856,3645,1317,2217,3534,421,1111,1532,27948,29530,57478
2020-08-08,4502,4070,8572,2426,2549,4975,4618,4659,9277,4775,4850,9625,3642,3797,7439,2675,2813,5488,2113,1968,4081,1809,1888,3697,1330,2255,3585,422,1135,1557,28312,29984,58296
2020-08-09,4538,4105,8643,2452,2571,5023,4663,4715,9378,4830,4899,9729,3680,3861,7541,2717,2855,5572,2136,1993,4129,1832,1921,3753,1348,2312,3660,427,1158,1585,28623,30390,59013
2020-08-10,4610,4173,8783,2506,2617,5123,4762,4808,9570,4929,4988,9917,3757,3943,7700,2780,2929,5709,2169,2029,4198,1850,1951,3801,1366,2345,3711,433,1178,1611,29162,30961,60123
2020-08-11,4669,4228,8897,2557,2652,5209,4855,4903,9758,5051,5094,10145,3841,4039,7880,2840,2995,5835,2215,2074,4289,1885,2009,3894,1385,2394,3779,441,1202,1643,29739,31590,61329
2020-08-12,4726,4291,9017,2602,2703,5305,4941,5003,9944,5126,5223,10349,3925,4123,8048,2899,3057,5956,2248,2110,4358,1902,2040,3942,1397,2415,3812,446,1219,1665,30212,32184,62396
2020-08-13,4775,4349,9124,2654,2750,5404,5053,5118,10171,5243,5361,10604,4012,4220,8232,2959,3125,6084,2279,2150,4429,1933,2071,4004,1411,2441,3852,451,1234,1685,30770,32819,63589
2020-08-14,4821,4397,9218,2689,2793,5482,5166,5239,10405,5344,5481,10825,4100,4303,8403,3014,3191,6205,2318,2188,4506,1958,2105,4063,1425,2464,3889,454,1247,1701,31289,33408,64697
2020-08-15,4882,4437,9319,2739,2834,5573,5218,5320,10538,5420,5575,10995,4155,4378,8533,3048,3242,6290,2350,2223,4573,1981,2149,4130,1441,2522,3963,458,1271,1729,31692,33951,65643
2020-08-16,4922,4467,9389,2761,2854,5615,5284,5380,10664,5477,5635,11112,4180,4430,8610,3083,3281,6364,2366,2250,4616,1999,2170,4169,1456,2556,4012,459,1294,1753,31987,34317,66304
2020-08-17,4968,4492,9460,2797,2884,5681,5357,5450,10807,5564,5719,11283,4251,4509,8760,3133,3343,6476,2390,2292,4682,2019,2188,4207,1468,2580,4048,459,1307,1766,32406,34764,67170
2020-08-18,5032,4546,9578,2841,2927,5768,5451,5537,10988,5676,5826,11502,4329,4593,8922,3172,3420,6592,2428,2333,4761,2046,2220,4266,1480,2601,4081,459,1323,1782,32914,35326,68240
2020-08-19,5092,4597,9689,2887,2977,5864,5521,5643,11164,5759,5922,11681,4396,4675,9071,3224,3468,6692,2456,2366,4822,2068,2264,4332,1497,2643,4140,465,1344,1809,33365,35899,69264
2020-08-20,5144,4646,9790,2924,3013,5937,5609,5740,11349,5836,6021,11857,4449,4739,9188,3268,3519,6787,2487,2411,4898,2089,2288,4377,1515,2673,4188,468,1360,1828,33789,36410,70199
2020-08-21,5190,4706,9896,2969,3050,6019,5679,5834,11513,5927,6123,12050,4534,4819,9353,3321,3585,6906,2528,2457,4985,2117,2334,4451,1530,2720,4250,473,1376,1849,34268,37004,71272
2020-08-22,5221,4736,9957,3002,3081,6083,5738,5898,11636,5982,6214,12196,4594,4871,9465,3358,3617,6975,2559,2489,5048,2134,2371,4505,1543,2744,4287,478,1397,1875,34609,37418,72027
2020-08-23,5258,4778,10036,3025,3100,6125,5779,5953,11732,6027,6269,12296,4639,4912,9551,3388,3658,7046,2582,2516,5098,2144,2395,4539,1557,2755,4312,483,1400,1883,34882,37736,72618
2020-08-24,5327,4847,10174,3069,3142,6211,5855,6039,11894,6120,6376,12496,4710,4998,9708,3448,3718,7166,2617,2569,5186,2170,2430,4600,1575,2788,4363,489,1419,1908,35380,38326,73706
2020-08-25,5382,4904,10286,3112,3186,6298,5946,6165,12111,6219,6491,12710,4784,5076,9860,3491,3786,7277,2654,2610,5264,2194,2454,4648,1595,2825,4420,495,1435,1930,35872,38932,74804
2020-08-26,5446,4944,10390,3157,3235,6392,6063,6268,12331,6321,6598,12919,4845,5172,10017,3550,3856,7406,2695,2656,5351,2225,2488,4713,1614,2861,4475,498,1450,1948,36414,39528,75942
2020-08-27,5511,5001,10512,3216,3297,6513,6177,6366,12543,6423,6710,13133,4926,5265,10191,3611,3922,7533,2727,2699,5426,2255,2515,4770,1636,2902,4538,502,1474,1976,36984,40151,77135
2020-08-28,5563,5052,10615,3275,3350,6625,6292,6489,12781,6516,6825,13341,5006,5376,10382,3673,4008,7681,2762,2749,5511,2295,2555,4850,1652,2933,4585,505,1484,1989,37539,40821,78360
2020-08-29,5606,5084,10690,3303,3379,6682,6373,6578,12951,6599,6926,13525,5077,5445,10522,3715,4055,7770,2800,2780,5580,2324,2581,4905,1666,2973,4639,510,1505,2015,37973,41306,79279
2020-08-30,5640,5136,10776,3342,3408,6750,6429,6645,13074,6667,6983,13650,5131,5508,10639,3759,4093,7852,2824,2809,5633,2341,2605,4946,1673,2987,4660,513,1513,2026,38319,41687,80006
2020-08-31,5700,5178,10878,3390,3451,6841,6527,6733,13260,6762,7083,13845,5206,5592,10798,3809,4155,7964,2860,2857,5717,2374,2649,5023,1693,3028,4721,515,1526,2041,38836,42252,81088
2020-09-01,5757,5233,10990,3431,3505,6936,6631,6832,13463,6884,7209,14093,5300,5673,10973,3857,4235,8092,2889,2890,5779,2395,2679,5074,1709,3077,4786,522,1543,2065,39375,42876,82251
2020-09-02,5809,5272,11081,3460,3542,7002,6712,6926,13638,6976,7323,14299,5366,5749,11115,3916,4296,8212,2917,2926,5843,2429,2712,5141,1723,3113,4836,525,1570,2095,39833,43429,83262
2020-09-03,5867,5322,11189,3514,3590,7104,6813,7047,13860,7098,7450,14548,5451,5833,11284,3981,4354,8335,2953,2971,5924,2458,2744,5202,1742,3150,4892,529,1583,2112,40406,44044,84450
2020-09-04,5925,5384,11309,3559,3636,7195,6907,7160,14067,7211,7573,14784,5530,5932,11462,4030,4426,8456,2997,3023,6020,2491,2779,5270,1761,3181,4942,533,1599,2132,40944,44693,85637
2020-09-05,5963,5418,11381,3581,3661,7242,6987,7239,14226,7286,7673,14959,5589,6023,11612,4067,4472,8539,3030,3058,6088,2513,2803,5316,1779,3206,4985,535,1607,2142,41330,45160,86490
2020-09-06,6002,5453,11455,3604,3689,7293,7037,7304,14341,7336,7725,15061,5632,6073,11705,4096,4518,8614,3050,3083,6133,2523,2833,5356,1792,3226,5018,536,1615,2151,41608,45519,87127
2020-09-07,6054,5502,11556,3648,3735,7383,7138,7416,14554,7451,7847,15298,5706,6172,11878,4151,4603,8754,3098,3127,6225,2551,2861,5412,1808,3261,5069,541,1630,2171,42146,46154,88300
2020-09-08,6101,5558,11659,3692,3780,7472,7226,7522,14748,7566,7969,15535,5790,6259,12049,4210,4676,8886,3139,3180,6319,2584,2895,5479,1827,3289,5116,546,1650,2196,42681,46778,89459
2020-09-09,6157,5608,11765,3734,3845,7579,7336,7621,14957,7677,8080,15757,5878,6347,12225,4273,4744,9017,3180,3235,6415,2608,2926,5534,1844,3328,5172,547,1669,2216,43234,47403,90637
2020-09-10,6203,5641,11844,3787,3886,7673,7454,7738,15192,7800,8213,16013,5977,6454,12431,4338,4811,9149,3215,3283,6498,2641,2963,5604,1853,3359,5212,549,1687,2236,43817,48035,91852
2020-09-11,6256,5688,11944,3846,3936,7782,7557,7825,15382,7906,8341,16247,6064,6554,12618,4399,4900,9299,3264,3328,6592,2671,2996,5667,1875,3394,5269,551,1695,2246,44389,48657,93046
2020-09-12,6301,5718,12019,3879,3967,7846,7606,7892,15498,7966,8420,16386,6105,6620,12725,4437,4955,9392,3300,3361,6661,2695,3023,5718,1887,3431,5318,553,1710,2263,44729,49097,93826
2020-09-13,6346,5758,12104,3905,3995,7900,7660,7962,15622,8018,8496,16514,6143,6679,12822,4477,4990,9467,3338,3392,6730,2712,3033,5745,1890,3448,5338,558,1718,2276,45047,49471,94518
2020-09-14,6410,5815,12225,3952,4044,7996,7764,8081,15845,8128,8603,16731,6209,6777,12986,4546,5069,9615,3390,3456,6846,2745,3068,5813,1913,3472,5385,558,1727,2285,45615,50112,95727
2020-09-15,6478,5853,12331,3986,4074,8060,7857,8164,16021,8224,8727,16951,6287,6854,13141,4589,5136,9725,3438,3507,6945,2779,3112,5891,1928,3521,5449,561,1749,2310,46127,50697,96824
2020-09-16,6550,5920,12470,4051,4139,8190,7967,8299,16266,8325,8862,17187,6371,6955,13326,4646,5205,9851,3484,3562,7046,2807,3141,5948,1947,3563,5510,564,1764,2328,46712,51410,98122
2020-09-17,6604,5965,12569,4085,4199,8284,8071,8396,16467,8419,8972,17391,6465,7064,13529,4715,5281,9996,3535,3614,7149,2843,3170,6013,1964,3587,5551,567,1774,2341,47268,52022,99290
2020-09-18,6671,6024,12695,4124,4257,8381,8171,8506,16677,8525,9105,17630,6539,7163,13702,4778,5359,10137,3574,3669,7243,2885,3211,6096,1980,3618,5598,572,1795,2367,47819,52707,100526
2020-09-19,6696,6072,12768,4154,4298,8452,8227,8572,16799,8593,9174,17767,6582,7203,13785,4812,5398,10210,3612,3700,7312,2904,3234,6138,1994,3638,5632,577,1803,2380,48151,53092,101243
2020-09-20,6733,6114,12847,4190,4337,8527,8281,8624,16905,8658,9225,17883,6621,7252,13873,4834,5441,10275,3632,3727,7359,2925,3257,6182,2000,3656,5656,580,1810,2390,48454,53443,101897
2020-09-21,6797,6163,12960,4230,4397,8627,8372,8714,17086,8762,9334,18096,6690,7342,14032,4890,5494,10384,3679,3781,7460,2959,3289,6248,2015,3678,5693,581,1820,2401,48975,54012,102987
2020-09-22,6868,6225,13093,4290,4453,8743,8473,8838,17311,8861,9446,18307,6778,7424,14202,4956,5569,10525,3734,3823,7557,2991,3326,6317,2030,3714,5744,585,1836,2421,49566,54654,104220
2020-09-23,6931,6280,13211,4331,4495,8826,8545,8954,17499,8944,9555,18499,6849,7498,14347,5008,5631,10639,3784,3875,7659,3014,3372,6386,2043,3744,5787,587,1849,2436,50036,55253,105289
2020-09-24,7003,6335,13338,4391,4551,8942,8653,9043,17696,9042,9669,18711,6927,7591,14518,5056,5684,10740,3815,3943,7758,3038,3408,6446,2066,3780,5846,594,1873,2467,50585,55877,106462
2020-09-25,7066,6382,13448,4439,4596,9035,8739,9148,17887,9129,9762,18891,7009,7669,14678,5112,5744,10856,3873,3997,7870,3067,3439,6506,2085,3807,5892,594,1884,2478,51113,56428,107541
2020-09-26,7099,6414,13513,4475,4626,9101,8787,9198,17985,9204,9827,19031,7055,7717,14772,5148,5797,10945,3905,4025,7930,3089,3453,6542,2095,3822,5917,597,1892,2489,51454,56771,108225
2020-09-27,7139,6455,13594,4497,4662,9159,8838,9264,18102,9260,9890,19150,7108,7768,14876,5179,5832,11011,3930,4053,7983,3098,3471,6569,2106,3837,5943,599,1901,2500,51754,57133,108887
2020-09-28,7199,6512,13711,4539,4694,9233,8905,9349,18254,9355,9979,19334,7200,7837,15037,5251,5907,11158,3981,4085,8066,3129,3502,6631,2122,3864,5986,603,1915,2518,52284,57644,109928
2020-09-29,7272,6572,13844,4598,4754,9352,9019,9444,18463,9471,10102,19573,7288,7923,15211,5313,5958,11271,4029,4141,8170,3161,3560,6721,2148,3908,6056,604,1937,2541,52903,58299,111202
2020-09-30,7339,6635,13974,4641,4800,9441,9118,9562,18680,9566,10207,19773,7363,8001,15364,5377,6029,11406,4080,4201,8281,3191,3595,6786,2164,3949,6113,607,1950,2557,53446,58929,112375
2020-10-01,7404,6722,14126,4696,4873,9569,9222,9687,18909,9676,10337,20013,7440,8084,15524,5431,6093,11524,4126,4255,8381,3224,3642,6866,2175,3970,6145,610,1961,2571,54004,59624,113628
2020-10-02,7493,6788,14281,4751,4931,9682,9302,9795,19097,9771,10451,20222,7510,8168,15678,5490,6151,11641,4178,4305,8483,3257,3690,6947,2186,4009,6195,615,1975,2590,54553,60263,114816
2020-10-03,7533,6827,14360,4783,4981,9764,9370,9864,19234,9836,10521,20357,7561,8227,15788,5539,6187,11726,4207,4341,8548,3285,3713,6998,2197,4036,6233,619,1981,2600,54930,60678,115608
2020-10-04,7579,6870,14449,4812,5011,9823,9433,9938,19371,9887,10575,20462,7607,8278,15885,5567,6224,11791,4231,4365,8596,3303,3733,7036,2210,4061,6271,621,1986,2607,55250,61041,116291
2020-10-05,7624,6922,14546,4861,5050,9911,9534,10035,19569,10009,10688,20697,7702,8364,16066,5632,6297,11929,4304,4420,8724,3339,3790,7129,2230,4092,6322,624,1993,2617,55859,61651,117510
2020-10-06,7686,6993,14679,4908,5103,10011,9620,10123,19743,10116,10803,20919,7801,8442,16243,5701,6365,12066,4352,4471,8823,3374,3838,7212,2251,4125,6376,630,2002,2632,56439,62265,118704
2020-10-07,7758,7045,14803,4945,5150,10095,9725,10236,19961,10231,10927,21158,7890,8537,16427,5758,6452,12210,4405,4523,8928,3403,3879,7282,2267,4151,6418,633,2010,2643,57015,62910,119925
2020-10-08,7828,7096,14924,4987,5196,10183,9807,10344,20151,10328,11038,21366,7970,8619,16589,5820,6516,12336,4449,4571,9020,3441,3921,7362,2278,4182,6460,637,2029,2666,57545,63512,121057
2020-10-09,7881,7168,15049,5042,5254,10296,9875,10459,20334,10430,11170,21600,8040,8721,16761,5870,6589,12459,4495,4623,9118,3470,3960,7430,2290,4205,6495,641,2047,2688,58034,64196,122230
2020-10-10,7913,7218,15131,5082,5281,10363,9950,10529,20479,10497,11239,21736,8101,8784,16885,5912,6643,12555,4525,4658,9183,3486,3988,7474,2306,4228,6534,647,2056,2703,58419,64624,123043
2020-10-11,7960,7262,15222,5112,5313,10425,9983,10594,20577,10550,11326,21876,8150,8830,16980,5953,6682,12635,4562,4685,9247,3503,4014,7517,2318,4247,6565,648,2062,2710,58739,65015,123754
2020-10-12,8007,7304,15311,5156,5349,10505,10043,10671,20714,10616,11396,22012,8201,8890,17091,5996,6741,12737,4608,4731,9339,3526,4047,7573,2332,4270,6602,649,2073,2722,59134,65472,124606
2020-10-13,8075,7372,15447,5208,5386,10594,10137,10778,20915,10716,11510,22226,8278,8983,17261,6070,6817,12887,4667,4788,9455,3563,4098,7661,2351,4309,6660,654,2088,2742,59719,66129,125848
2020-10-14,8129,7436,15565,5250,5437,10687,10227,10884,21111,10810,11613,22423,8344,9061,17405,6120,6889,13009,4719,4831,9550,3597,4146,7743,2370,4339,6709,655,2101,2756,60221,66737,126958
2020-10-15,8190,7492,15682,5299,5482,10781,10324,10987,21311,10924,11718,22642,8439,9167,17606,6187,6952,13139,4775,4893,9668,3626,4179,7805,2385,4370,6755,661,2111,2772,60810,67351,128161
2020-10-16,8271,7548,15819,5359,5554,10913,10456,11132,21588,11043,11828,22871,8537,9280,17817,6259,7032,13291,4824,4951,9775,3662,4232,7894,2408,4416,6824,663,2137,2800,61482,68110,129592
2020-10-17,8316,7593,15909,5399,5590,10989,10524,11197,21721,11121,11923,23044,8595,9347,17942,6300,7077,13377,4864,4994,9858,3696,4258,7954,2419,4441,6860,666,2144,2810,61900,68564,130464
2020-10-18,8355,7626,15981,5427,5611,11038,10556,11243,21799,11177,11998,23175,8624,9386,18010,6345,7101,13446,4885,5017,9902,3712,4279,7991,2427,4459,6886,667,2148,2815,62175,68868,131043
2020-10-19,8453,7699,16152,5485,5673,11158,10662,11375,22037,11299,12142,23441,8727,9526,18253,6419,7189,13608,4953,5076,10029,3755,4341,8096,2444,4496,6940,669,2158,2827,62866,69675,132541
2020-10-20,8529,7777,16306,5556,5728,11284,10784,11504,22288,11414,12260,23674,8832,9654,18486,6495,7265,13760,5016,5133,10149,3787,4389,8176,2470,4536,7006,669,2172,2841,63552,70418,133970
2020-10-21,8582,7831,16413,5635,5781,11416,10883,11629,22512,11513,12369,23882,8911,9743,18654,6565,7323,13888,5075,5183,10258,3818,4424,8242,2489,4567,7056,671,2176,2847,64142,71026,135168
2020-10-22,8637,7881,16518,5700,5848,11548,10967,11735,22702,11593,12477,24070,8990,9818,18808,6621,7391,14012,5109,5241,10350,3841,4461,8302,2506,4595,7101,673,2184,2857,64637,71631,136268
2020-10-23,8691,7926,16617,5742,5886,11628,11033,11812,22845,11651,12551,24202,9055,9903,18958,6669,7437,14106,5148,5293,10441,3877,4495,8372,2518,4621,7139,678,2202,2880,65062,72126,137188
2020-10-24,8725,7956,16681,5763,5907,11670,11086,11847,22933,11707,12610,24317,9098,9953,19051,6695,7481,14176,5171,5325,10496,3902,4523,8425,2524,4647,7171,680,2211,2891,65351,72460,137811
2020-10-25,8772,7988,16760,5791,5940,11731,11139,11909,23048,11761,12696,24457,9146,9998,19144,6729,7536,14265,5195,5360,10555,3925,4543,8468,2531,4661,7192,681,2214,2895,65670,72845,138515
2020-10-26,8838,8039,16877,5855,5995,11850,11221,11996,23217,11861,12807,24668,9204,10088,19292,6793,7625,14418,5252,5418,10670,3967,4598,8565,2543,4694,7237,683,2225,2908,66217,73485,139702
2020-10-27,8894,8096,16990,5908,6035,11943,11327,12108,23435,11954,12921,24875,9292,10179,19471,6861,7715,14576,5310,5496,10806,4002,4650,8652,2559,4727,7286,686,2231,2917,66793,74158,140951
2020-10-28,8948,8153,17101,5949,6086,12035,11414,12198,23612,12047,13041,25088,9349,10270,19619,6932,7793,14725,5357,5539,10896,4025,4684,8709,2571,4757,7328,689,2244,2933,67281,74765,142046
2020-10-29,8996,8199,17195,5997,6138,12135,11526,12304,23830,12154,13147,25301,9415,10366,19781,6991,7860,14851,5402,5591,10993,4052,4721,8773,2583,4784,7367,690,2252,2942,67806,75362,143168
2020-10-30,9046,8237,17283,6026,6183,12209,11584,12393,23977,12232,13244,25476,9484,10445,19929,7039,7926,14965,5448,5654,11102,4076,4753,8829,2604,4812,7416,693,2266,2959,68232,75913,144145
2020-10-31,9087,8264,17351,6046,6204,12250,11640,12440,24080,12282,13323,25605,9531,10494,20025,7071,7966,15037,5479,5694,11173,4098,4784,8882,2613,4828,7441,696,2274,2970,68543,76271,144814
2020-11-01,9144,8312,17456,6083,6247,12330,11710,12518,24228,12337,13400,25737,9589,10548,20137,7115,8016,15131,5507,5751,11258,4125,4810,8935,2622,4855,7477,700,2281,2981,68932,76738,145670
2020-11-02,9197,8374,17571,6135,6302,12437,11797,12625,24422,12440,13500,25940,9665,10634,20299,7167,8078,15245,5557,5810,11367,4163,4848,9011,2638,4874,7512,701,2292,2993,69460,77337,146797
2020-11-03,9236,8419,17655,6163,6347,12510,11861,12722,24583,12524,13587,26111,9726,10684,20410,7216,8128,15344,5597,5849,11446,4200,4885,9085,2654,4909,7563,704,2304,3008,69881,77834,147715
2020-11-04,9289,8471,17760,6210,6398,12608,11979,12831,24810,12616,13699,26315,9825,10786,20611,7286,8198,15484,5659,5910,11569,4242,4924,9166,2675,4946,7621,711,2317,3028,70492,78480,148972
2020-11-05,9361,8534,17895,6288,6463,12751,12117,12967,25084,12759,13831,26590,9931,10898,20829,7360,8285,15645,5709,5985,11694,4278,4959,9237,2694,4970,7664,715,2327,3042,71212,79219,150431
2020-11-06,9406,8581,17987,6329,6512,12841,12195,13037,25232,12822,13917,26739,9991,10951,20942,7413,8346,15759,5753,6037,11790,4310,5009,9319,2713,5003,7716,719,2334,3053,71651,79727,151378
2020-11-07,9446,8624,18070,6362,6549,12911,12252,13111,25363,12876,13993,26869,10050,11022,21072,7461,8413,15874,5804,6094,11898,4343,5041,9384,2737,5022,7759,724,2342,3066,72055,80211,152266
2020-11-08,9502,8686,18188,6389,6593,12982,12325,13189,25514,12946,14096,27042,10109,11090,21199,7503,8465,15968,5841,6151,11992,4366,5071,9437,2746,5041,7787,728,2348,3076,72455,80730,153185
2020-11-09,9587,8757,18344,6457,6644,13101,12408,13312,25720,13065,14229,27294,10200,11189,21389,7580,8547,16127,5902,6215,12117,4399,5118,9517,2773,5080,7853,733,2361,3094,73104,81452,154556
2020-11-10,9639,8805,18444,6500,6696,13196,12496,13395,25891,13165,14336,27501,10264,11259,21523,7635,8605,16240,5969,6265,12234,4431,5154,9585,2798,5115,7913,738,2370,3108,73635,82000,155635
2020-11-11,9707,8857,18564,6543,6754,13297,12602,13519,26121,13267,14450,27717,10363,11359,21722,7718,8694,16412,6020,6315,12335,4467,5196,9663,2819,5151,7970,743,2388,3131,74249,82683,156932
2020-11-12,9777,8920,18697,6587,6808,13395,12713,13642,26355,13416,14564,27980,10468,11460,21928,7794,8768,16562,6079,6386,12465,4506,5251,9757,2839,5188,8027,746,2400,3146,74925,83387,158312
2020-11-13,9839,8964,18803,6646,6856,13502,12822,13773,26595,13511,14675,28186,10552,11555,22107,7858,8837,16695,6148,6456,12604,4556,5300,9856,2861,5231,8092,750,2414,3164,75543,84061,159604
2020-11-14,9906,9028,18934,6684,6889,13573,12888,13862,26750,13600,14766,28366,10615,11627,22242,7911,8890,16801,6199,6492,12691,4586,5343,9929,2873,5254,8127,754,2420,3174,76016,84571,160587
2020-11-15,9975,9099,19074,6742,6924,13666,12963,13966,26929,13697,14852,28549,10697,11705,22402,7970,8951,16921,6252,6548,12800,4616,5387,10003,2886,5280,8166,754,2433,3187,76552,85145,161697
2020-11-16,10045,9169,19214,6830,6984,13814,13069,14072,27141,13809,15000,28809,10792,11801,22593,8032,9030,17062,6314,6607,12921,4663,5443,10106,2907,5317,8224,758,2453,3211,77219,85876,163095
2020-11-17,10124,9253,19377,6915,7063,13978,13225,14257,27482,13994,15191,29185,10932,11963,22895,8127,9153,17280,6400,6711,13111,4722,5513,10235,2927,5364,8291,764,2473,3237,78130,86941,165071
2020-11-18,10192,9320,19512,7023,7154,14177,13388,14456,27844,14176,15390,29566,11054,12099,23153,8215,9248,17463,6478,6786,13264,4780,5574,10354,2948,5419,8367,766,2483,3249,79020,87929,166949
2020-11-19,10269,9386,19655,7125,7248,14373,13566,14659,28225,14325,15600,29925,11176,12257,23433,8317,9366,17683,6548,6868,13416,4828,5625,10453,2974,5458,8432,771,2493,3264,79899,88960,168859
2020-11-20,10345,9448,19793,7186,7323,14509,13712,14838,28550,14466,15772,30238,11297,12401,23698,8411,9471,17882,6620,6926,13546,4872,5675,10547,3001,5499,8500,776,2510,3286,80686,89863,170549
2020-11-21,10408,9505,19913,7228,7386,14614,13813,14962,28775,14594,15889,30483,11392,12493,23885,8490,9546,18036,6675,6982,13657,4907,5700,10607,3011,5522,8533,779,2521,3300,81297,90506,171803
2020-11-22,10466,9554,20020,7274,7437,14711,13910,15054,28964,14679,16002,30681,11473,12579,24052,8544,9611,18155,6724,7036,13760,4939,5720,10659,3025,5547,8572,782,2530,3312,81816,91070,172886
2020-11-23,10537,9619,20156,7333,7506,14839,14030,15183,29213,14819,16117,30936,11578,12691,24269,8616,9695,18311,6779,7109,13888,4981,5766,10747,3048,5579,8627,789,2543,3332,82510,91808,174318
2020-11-24,10609,9699,20308,7414,7592,15006,14156,15341,29497,14998,16277,31275,11713,12839,24552,8721,9804,18525,6851,7200,14051,5035,5825,10860,3076,5619,8695,791,2553,3344,83364,92749,176113
2020-11-25,10689,9772,20461,7498,7679,15177,14323,15526,29849,15170,16453,31623,11856,12981,24837,8812,9896,18708,6936,7284,14220,5071,5894,10965,3100,5669,8769,797,2565,3362,84252,93719,177971
2020-11-26,10770,9846,20616,7590,7777,15367,14484,15715,30199,15353,16663,32016,11972,13116,25088,8910,10003,18913,7010,7367,14377,5122,5953,11075,3118,5709,8827,806,2577,3383,85135,94726,179861
2020-11-27,10832,9904,20736,7664,7835,15499,14629,15901,30530,15481,16819,32300,12080,13193,25273,8995,10088,19083,7072,7431,14503,5162,5996,11158,3136,5748,8884,810,2582,3392,85861,95497,181358
2020-11-28,10902,9948,20850,7719,7885,15604,14739,16030,30769,15575,16949,32524,12153,13284,25437,9066,10167,19233,7111,7471,14582,5193,6038,11231,3154,5780,8934,813,2588,3401,86425,96140,182565
2020-11-29,10965,10001,20966,7775,7946,15721,14870,16163,31033,15679,17097,32776,12262,13384,25646,9128,10250,19378,7176,7557,14733,5229,6088,11317,3172,5807,8979,815,2599,3414,87071,96892,183963
2020-11-30,11059,10086,21145,7886,8032,15918,15060,16361,31421,15868,17284,33152,12421,13545,25966,9221,10359,19580,7271,7666,14937,5299,6149,11448,3195,5846,9041,819,2610,3429,88099,97938,186037
2020-12-01,11120,10161,21281,7969,8123,16092,15245,16546,31791,16040,17466,33506,12554,13693,26247,9296,10447,19743,7360,7782,15142,5354,6206,11560,3219,5886,9105,822,2618,3440,88979,98928,187907
2020-12-02,11164,10201,21365,8028,8201,16229,15357,16672,32029,16150,17623,33773,12644,13802,26446,9357,10509,19866,7412,7829,15241,5394,6257,11651,3243,5907,9150,823,2627,3450,89572,99628,189200
2020-12-03,11219,10258,21477,8116,8288,16404,15501,16886,32387,16319,17817,34136,12772,13947,26719,9445,10598,20043,7491,7919,15410,5443,6304,11747,3262,5937,9199,825,2633,3458,90393,100587,190980
2020-12-04,11287,10328,21615,8203,8374,16577,15646,17054,32700,16478,18003,34481,12893,14102,26995,9545,10702,20247,7572,8020,15592,5507,6354,11861,3282,5978,9260,831,2643,3474,91244,101558,192802
2020-12-05,11348,10388,21736,8276,8437,16713,15774,17180,32954,16632,18137,34769,12991,14189,27180,9599,10772,20371,7624,8080,15704,5540,6391,11931,3292,6003,9295,836,2651,3487,91912,102228,194140
2020-12-06,11398,10441,21839,8328,8488,16816,15860,17272,33132,16716,18239,34955,13061,14280,27341,9646,10829,20475,7674,8136,15810,5575,6429,12004,3311,6023,9334,837,2657,3494,92406,102794,195200
2020-12-07,11437,10493,21930,8398,8544,16942,15980,17407,33387,16828,18355,35183,13148,14391,27539,9712,10901,20613,7717,8193,15910,5610,6471,12081,3330,6046,9376,841,2663,3504,93001,103464,196465
2020-12-08,11491,10555,22046,8458,8611,17069,16092,17539,33631,16951,18486,35437,13237,14471,27708,9794,10984,20778,7784,8249,16033,5635,6524,12159,3342,6070,9412,845,2671,3516,93629,104160,197789
2020-12-09,11559,10623,22182,8532,8710,17242,16304,17793,34097,17161,18719,35880,13409,14633,28042,9934,11141,21075,7905,8361,16266,5687,6600,12287,3366,6112,9478,846,2690,3536,94703,105382,200085
2020-12-10,11640,10680,22320,8641,8854,17495,16531,18078,34609,17404,19026,36430,13590,14847,28437,10086,11329,21415,8026,8477,16503,5742,6656,12398,3387,6165,9552,852,2701,3553,95899,106813,202712
2020-12-11,11710,10753,22463,8753,8976,17729,16765,18373,35138,17673,19325,36998,13788,15070,28858,10248,11499,21747,8165,8626,16791,5811,6736,12547,3412,6206,9618,854,2710,3564,97179,108274,205453
2020-12-12,11777,10818,22595,8849,9076,17925,16957,18607,35564,17888,19571,37459,13972,15267,29239,10383,11662,22045,8264,8766,17030,5862,6798,12660,3429,6233,9662,857,2720,3577,98238,109518,207756
2020-12-13,11848,10865,22713,8938,9167,18105,17101,18792,35893,18089,19809,37898,14126,15445,29571,10517,11797,22314,8362,8857,17219,5904,6841,12745,3444,6254,9698,862,2725,3587,99191,110552,209743
2020-12-14,11935,10934,22869,9056,9288,18344,17324,19061,36385,18361,20095,38456,14314,15662,29976,10687,11982,22669,8497,9005,17502,5981,6919,12900,3470,6294,9764,871,2738,3609,100496,111978,212474
2020-12-15,12006,11009,23015,9150,9394,18544,17531,19326,36857,18610,20353,38963,14497,15847,30344,10835,12191,23026,8635,9134,17769,6048,6982,13030,3485,6320,9805,873,2750,3623,101670,113306,214976
2020-12-16,12059,11073,23132,9270,9550,18820,17765,19622,37387,18912,20719,39631,14747,16094,30841,11027,12390,23417,8780,9301,18081,6129,7065,13194,3512,6345,9857,877,2761,3638,103078,114920,217998
2020-12-17,12154,11157,23311,9391,9675,19066,18028,19977,38005,19243,21091,40334,15004,16360,31364,11207,12585,23792,8878,9434,18312,6194,7123,13317,3528,6371,9899,879,2770,3649,104506,116543,221049
2020-12-18,12252,11233,23485,9542,9872,19414,18322,20362,38684,19591,21470,41061,15284,16655,31939,11430,12831,24261,9096,9648,18744,6305,7219,13524,3549,6426,9975,882,2782,3664,106253,118498,224751
2020-12-19,12331,11305,23636,9664,10012,19676,18560,20665,39225,19954,21840,41794,15521,16893,32414,11613,13047,24660,9249,9830,19079,6372,7305,13677,3566,6458,10024,885,2789,3674,107715,120144,227859
2020-12-20,12399,11387,23786,9800,10161,19961,18813,20946,39759,20310,22212,42522,15770,17165,32935,11825,13283,25108,9396,9981,19377,6443,7369,13812,3581,6477,10058,889,2797,3686,109226,121778,231004
2020-12-21,12490,11486,23976,9943,10316,20259,19157,21308,40465,20734,22685,43419,16090,17479,33569,12056,13532,25588,9604,10192,19796,6537,7464,14001,3601,6529,10130,893,2805,3698,111105,123796,234901
2020-12-22,12593,11587,24180,10131,10518,20649,19514,21766,41280,21202,23233,44435,16438,17835,34273,12302,13789,26091,9814,10419,20233,6637,7558,14195,3622,6565,10187,899,2810,3709,113152,126080,239232
2020-12-23,12717,11692,24409,10350,10723,21073,19922,22212,42134,21665,23729,45394,16765,18216,34981,12534,14034,26568,9978,10626,20604,6710,7643,14353,3653,6611,10264,907,2825,3732,115201,128311,243512
2020-12-24,12771,11748,24519,10441,10858,21299,20152,22450,42602,21960,24008,45968,16972,18398,35370,12644,14174,26818,10067,10743,20810,6772,7690,14462,3659,6633,10292,910,2830,3740,116348,129532,245880
2020-12-25,12809,11774,24583,10480,10899,21379,20221,22520,42741,22029,24094,46123,17022,18441,35463,12694,14224,26918,10092,10769,20861,6789,7700,14489,3665,6651,10316,914,2833,3747,116715,129905,246620
2020-12-26,12901,11844,24745,10678,11126,21804,20516,22870,43386,22436,24502,46938,17276,18779,36055,12920,14456,27376,10230,10934,21164,6858,7776,14634,3687,6687,10374,915,2845,3760,118417,131819,250236
2020-12-27,12955,11897,24852,10924,11366,22290,20833,23199,44032,22858,24942,47800,17622,19146,36768,13164,14722,27886,10405,11100,21505,6931,7866,14797,3709,6722,10431,918,2856,3774,120319,133816,254135
2020-12-28,13083,12000,25083,11225,11698,22923,21273,23747,45020,23466,25599,49065,18100,19662,37762,13456,15088,28544,10608,11363,21971,7031,7986,15017,3743,6777,10520,921,2882,3803,122906,136802,259708
2020-12-29,13183,12091,25274,11498,11976,23474,21730,24259,45989,23966,26127,50093,18513,20099,38612,13726,15381,29107,10814,11598,22412,7133,8101,15234,3776,6846,10622,930,2898,3828,125269,139376,264645
2020-12-30,13281,12177,25458,11813,12328,24141,22206,24750,46956,24530,26702,51232,18928,20588,39516,14008,15741,29749,11018,11816,22834,7232,8204,15436,3806,6900,10706,933,2910,3843,127755,142116,269871
2020-12-31,13351,12246,25597,12040,12547,24587,22536,25071,47607,24877,27079,51956,19202,20924,40126,14193,15946,30139,11118,11930,23048,7281,8269,15550,3820,6929,10749,934,2918,3852,129352,143859,273211
2021-01-01,13382,12270,25652,12088,12594,24682,22602,25159,47761,24960,27177,52137,19263,20999,40262,14243,16007,30250,11144,11966,23110,7298,8291,15589,3826,6945,10771,935,2922,3857,129741,144330,274071
2021-01-02,13459,12331,25790,12275,12821,25096,22902,25504,48406,25322,27584,52906,19547,21329,40876,14450,16228,30678,11332,12161,23493,7379,8389,15768,3844,6983,10827,941,2930,3871,131451,146260,277711
2021-01-03,13515,12400,25915,12554,13092,25646,23365,26028,49393,25917,28232,54149,20000,21848,41848,14739,16587,31326,11544,12404,23948,7465,8511,15976,3873,7026,10899,944,2939,3883,133916,149067,282983
2021-01-04,13606,12488,26094,12822,13355,26177,23960,26728,50688,26565,28947,55512,20452,22363,42815,15029,16957,31986,11778,12648,24426,7588,8633,16221,3904,7098,11002,948,2952,3900,136652,152169,288821
2021-01-05,13702,12577,26279,13123,13665,26788,24583,27490,52073,27242,29688,56930,20953,22922,43875,15363,17328,32691,12026,12970,24996,7711,8781,16492,3940,7163,11103,955,2964,3919,139598,155548,295146
2021-01-06,13800,12661,26461,13458,13994,27452,25217,28171,53388,27873,30343,58216,21480,23454,44934,15731,17740,33471,12278,13252,25530,7839,8933,16772,3974,7226,11200,959,2981,3940,142609,158755,301364
2021-01-07,13890,12741,26631,13707,14268,27975,25693,28731,54424,28386,30913,59299,21857,23864,45721,15988,18058,34046,12479,13508,25987,7930,9068,16998,4002,7281,11283,962,2993,3955,144894,161425,306319
2021-01-08,13987,12834,26821,13999,14550,28549,26186,29261,55447,28833,31452,60285,22204,24326,46530,16247,18365,34612,12645,13721,26366,8028,9190,17218,4036,7322,11358,969,3003,3972,147134,164024,311158
2021-01-09,14054,12906,26960,14242,14828,29070,26618,29777,56395,29322,32017,61339,22564,24750,47314,16502,18655,35157,12795,13943,26738,8095,9279,17374,4061,7369,11430,969,3017,3986,149222,166541,315763
2021-01-10,14134,12980,27114,14532,15121,29653,27050,30265,57315,29800,32559,62359,22935,25182,48117,16729,18944,35673,12944,14103,27047,8143,9370,17513,4078,7407,11485,972,3029,4001,151317,168960,320277
2021-01-11,14231,13057,27288,14833,15466,30299,27610,30916,58526,30380,33218,63598,23344,25644,48988,17012,19300,36312,13131,14336,27467,8238,9470,17708,4103,7452,11555,976,3049,4025,153858,171908,325766
2021-01-12,14339,13131,27470,15104,15777,30881,28074,31478,59552,30809,33759,64568,23689,26072,49761,17282,19642,36924,13330,14517,27847,8307,9572,17879,4134,7490,11624,981,3059,4040,156049,174497,330546
2021-01-13,14466,13245,27711,15405,16118,31523,28615,32098,60713,31321,34337,65658,24107,26506,50613,17563,20017,37580,13534,14773,28307,8400,9684,18084,4155,7542,11697,987,3063,4050,158553,177383,335936
2021-01-14,14565,13348,27913,15712,16484,32196,29097,32686,61783,31795,34918,66713,24480,26948,51428,17852,20361,38213,13717,15000,28717,8484,9784,18268,4177,7582,11759,990,3072,4062,160869,180183,341052
2021-01-15,14688,13441,28129,16206,17006,33212,29672,33404,63076,32525,35745,68270,25015,27619,52634,18268,20838,39106,13929,15269,29198,8581,9912,18493,4200,7634,11834,995,3081,4076,164079,183949,348028
2021-01-16,14755,13495,28250,16797,17584,34381,30165,34029,64194,33179,36525,69704,25631,28318,53949,18690,21281,39971,14178,15549,29727,8698,10033,18731,4230,7678,11908,996,3091,4087,167319,187583,354902
2021-01-17,14822,13544,28366,17269,18111,35380,30665,34686,65351,33788,37189,70977,26270,29049,55319,19091,21687,40778,14369,15761,30130,8789,10132,18921,4248,7708,11956,998,3094,4092,170309,190961,361270
2021-01-18,14918,13631,28549,17829,18696,36525,31310,35433,66743,34516,37981,72497,26983,29811,56794,19570,22196,41766,14666,16106,30772,8931,10279,19210,4288,7788,12076,1004,3119,4123,174015,195040,369055
2021-01-19,15024,13722,28746,18371,19247,37618,31919,36141,68060,35231,38778,74009,27660,30533,58193,20028,22717,42745,14954,16440,31394,9049,10444,19493,4312,7848,12160,1011,3133,4144,177559,199003,376562
2021-01-20,15127,13812,28939,18860,19762,38622,32469,36758,69227,35881,39455,75336,28246,31174,59420,20484,23210,43694,15278,16786,32064,9207,10607,19814,4343,7896,12239,1018,3147,4165,180913,202607,383520
2021-01-21,15247,13897,29144,19214,20203,39417,33022,37321,70343,36378,40055,76433,28685,31715,60400,20797,23644,44441,15516,17039,32555,9308,10718,20026,4377,7950,12327,1025,3168,4193,183569,205710,389279
2021-01-22,15332,13979,29311,19619,20599,40218,33464,37863,71327,36787,40602,77389,29110,32232,61342,21095,23981,45076,15721,17280,33001,9411,10832,20243,4399,7997,12396,1031,3173,4204,185969,208538,394507
2021-01-23,15386,14022,29408,20042,21040,41082,33901,38405,72306,37242,41141,78383,29553,32664,62217,21406,24346,45752,15862,17476,33338,9470,10905,20375,4419,8033,12452,1033,3179,4212,188314,211211,399525
2021-01-24,15448,14076,29524,20522,21568,42090,34392,38945,73337,37727,41687,79414,30100,33230,63330,21754,24728,46482,16050,17678,33728,9541,11002,20543,4446,8071,12517,1035,3184,4219,191015,214169,405184
2021-01-25,15540,14179,29719,21119,22145,43264,35066,39680,74746,38378,42406,80784,30709,33895,64604,22145,25207,47352,16293,17937,34230,9665,11135,20800,4483,8136,12619,1041,3203,4244,194439,217923,412362
2021-01-26,15662,14267,29929,21620,22649,44269,35596,40268,75864,38902,42984,81886,31224,34451,65675,22510,25639,48149,16508,18236,34744,9790,11267,21057,4519,8201,12720,1047,3218,4265,197378,221180,418558
2021-01-27,15777,14370,30147,22067,23108,45175,36107,40826,76933,39422,43595,83017,31670,34995,66665,22863,26026,48889,16724,18464,35188,9882,11379,21261,4558,8267,12825,1050,3240,4290,200120,224270,424390
2021-01-28,15869,14459,30328,22454,23501,45955,36513,41314,77827,39850,44093,83943,32037,35452,67489,23142,26351,49493,16928,18710,35638,9993,11498,21491,4589,8316,12905,1055,3257,4312,202430,226951,429381
2021-01-29,15934,14554,30488,22991,24024,47015,37069,41925,78994,40465,44807,85272,32597,36107,68704,23551,26801,50352,17180,19006,36186,10101,11648,21749,4617,8379,12996,1057,3266,4323,205562,230517,436079
2021-01-30,15998,14606,30604,23695,24758,48453,37551,42534,80085,41095,45593,86688,33310,36988,70298,24059,27327,51386,17433,19330,36763,10208,11793,22001,4644,8426,13070,1059,3275,4334,209052,234630,443682
2021-01-31,16060,14669,30729,24734,25871,50605,38181,43270,81451,41912,46597,88509,34365,38173,72538,24712,28041,52753,17743,19660,37403,10329,11941,22270,4671,8476,13147,1061,3288,4349,213768,239986,453754
2021-02-01,16148,14753,30901,25620,26859,52479,38799,44043,82842,42727,47528,90255,35314,39269,74583,25350,28699,54049,18081,20068,38149,10452,12135,22587,4711,8527,13238,1062,3298,4360,218264,245179,463443
2021-02-02,16239,14842,31081,26344,27680,54024,39378,44706,84084,43478,48391,91869,36166,40266,76432,25955,29341,55296,18464,20456,38920,10644,12367,23011,4754,8594,13348,1065,3310,4375,222487,249953,472440
2021-02-03,16303,14932,31235,26951,28244,55195,39869,45335,85204,44126,49129,93255,36814,41009,77823,26409,29895,56304,18787,20802,39589,10797,12563,23360,4789,8657,13446,1070,3322,4392,225915,253888,479803
2021-02-04,16377,15010,31387,27299,28596,55895,40242,45856,86098,44588,49668,94256,37198,41572,78770,26747,30303,57050,18986,21064,40050,10901,12715,23616,4814,8700,13514,1073,3342,4415,228225,256826,485051
2021-02-05,16460,15090,31550,27628,28921,56549,40614,46318,86932,44991,50165,95156,37570,41999,79569,27034,30646,57680,19196,21313,40509,11004,12858,23862,4837,8759,13596,1074,3353,4427,230408,259422,489830
2021-02-06,16510,15139,31649,27974,29327,57301,40972,46754,87726,45428,50723,96151,37970,42503,80473,27372,31014,58386,19371,21517,40888,11080,12961,24041,4859,8800,13659,1075,3361,4436,232611,262099,494710
2021-02-07,16569,15204,31773,28363,29742,58105,41306,47155,88461,45882,51247,97129,38389,43008,81397,27691,31385,59076,19541,21695,41236,11167,13061,24228,4876,8830,13706,1081,3365,4446,234865,264692,499557
2021-02-08,16657,15283,31940,28875,30356,59231,41834,47775,89609,46539,52055,98594,39055,43801,82856,28061,31864,59925,19782,21977,41759,11283,13203,24486,4904,8901,13805,1085,3388,4473,238075,268603,506678
2021-02-09,16749,15350,32099,29316,30830,60146,42302,48344,90646,47155,52740,99895,39591,44480,84071,28448,32313,60761,20051,22281,42332,11414,13357,24771,4940,8961,13901,1091,3403,4494,241057,272059,513116
2021-02-10,16826,15410,32236,29649,31168,60817,42696,48836,91532,47687,53371,101058,40061,45024,85085,28744,32691,61435,20267,22545,42812,11528,13484,25012,4975,9011,13986,1091,3418,4509,243524,274958,518482
2021-02-11,16900,15473,32373,29931,31513,61444,43050,49320,92370,48150,53925,102075,40492,45569,86061,28998,33067,62065,20481,22774,43255,11635,13607,25242,5000,9062,14062,1095,3429,4524,245732,277739,523471
2021-02-12,16978,15543,32521,30268,31894,62162,43416,49733,93149,48631,54502,103133,40941,46162,87103,29298,33454,62752,20670,23020,43690,11746,13739,25485,5032,9114,14146,1097,3443,4540,248077,280604,528681
2021-02-13,17036,15582,32618,30717,32400,63117,43777,50157,93934,49185,55200,104385,41511,46887,88398,29625,33866,63491,20869,23250,44119,11826,13850,25676,5054,9148,14202,1102,3454,4556,250702,283794,534496
2021-02-14,17079,15618,32697,31157,32887,64044,44079,50577,94656,49752,55912,105664,42168,47635,89803,29960,34266,64226,21083,23500,44583,11928,13974,25902,5070,9173,14243,1103,3464,4567,253379,287006,540385
2021-02-15,17120,15677,32797,31729,33484,65213,44508,51155,95663,50446,56791,107237,42965,48527,91492,30413,34789,65202,21293,23761,45054,12020,14102,26122,5094,9229,14323,1105,3476,4581,256693,290991,547684
2021-02-16,17182,15721,32903,32318,34035,66353,45067,51933,97000,51256,57741,108997,43740,49476,93216,30820,35237,66057,21500,23997,45497,12111,14233,26344,5110,9269,14379,1113,3481,4594,260217,295123,555340
2021-02-17,17259,15814,33073,32729,34482,67211,45764,52749,98513,51946,58535,110481,44288,50097,94385,31209,35687,66896,21804,24322,46126,12242,14393,26635,5133,9333,14466,1120,3498,4618,263494,298910,562404
2021-02-18,17327,15885,33212,33075,34876,67951,46338,53415,99753,52579,59251,111830,44804,50711,95515,31577,36083,67660,22064,24614,46678,12374,14554,26928,5168,9386,14554,1124,3509,4633,266430,302284,568714
2021-02-19,17415,15947,33362,33394,35284,68678,46810,53991,100801,53171,59947,113118,45267,51295,96562,31938,36510,68448,22286,24895,47181,12490,14712,27202,5194,9433,14627,1128,3517,4645,269093,305531,574624
2021-02-20,17483,16001,33484,33678,35632,69310,47257,54501,101758,53626,60554,114180,45701,51822,97523,32261,36903,69164,22456,25161,47617,12573,14826,27399,5220,9472,14692,1133,3521,4654,271388,308393,579781
2021-02-21,17560,16053,33613,33933,35971,69904,47643,55043,102686,54153,61217,115370,46133,52362,98495,32524,37250,69774,22651,25408,48059,12648,14933,27581,5241,9503,14744,1136,3531,4667,273622,311271,584893
2021-02-22,17660,16162,33822,34218,36360,70578,48138,55700,103838,54724,61927,116651,46565,52941,99506,32854,37685,70539,22893,25696,48589,12761,15053,27814,5286,9546,14832,1139,3540,4679,276238,314610,590848
2021-02-23,17766,16250,34016,34469,36651,71120,48574,56245,104819,55219,62518,117737,46962,53428,100390,33155,38076,71231,23137,25977,49114,12872,15191,28063,5321,9604,14925,1147,3556,4703,278622,317496,596118
2021-02-24,17852,16356,34208,34728,36960,71688,48921,56668,105589,55640,63014,118654,47287,53851,101138,33408,38389,71797,23351,26206,49557,12973,15321,28294,5348,9654,15002,1150,3566,4716,280658,319985,600643
2021-02-25,17980,16473,34453,34925,37189,72114,49285,57078,106363,56033,63416,119449,47568,54190,101758,33628,38663,72291,23512,26429,49941,13060,15445,28505,5372,9699,15071,1155,3580,4735,282518,322162,604680
2021-02-26,18080,16572,34652,35110,37424,72534,49636,57527,107163,56456,63872,120328,47888,54588,102476,33873,38979,72852,23699,26701,50400,13153,15568,28721,5392,9740,15132,1157,3598,4755,284444,324569,609013
2021-02-27,18150,16639,34789,35331,37725,73056,50004,57990,107994,56934,64375,121309,48206,54976,103182,34174,39333,73507,23924,26972,50896,13249,15688,28937,5421,9793,15214,1159,3609,4768,286552,327100,613652
2021-02-28,18231,16712,34943,35634,38076,73710,50395,58547,108942,57531,65057,122588,48664,55555,104219,34556,39815,74371,24205,27308,51513,13390,15850,29240,5447,9843,15290,1161,3617,4778,289214,330380,619594
2021-03-01,18379,16845,35224,35855,38337,74192,50760,58968,109728,57939,65507,123446,48981,55946,104927,34781,40096,74877,24393,27541,51934,13476,15986,29462,5470,9888,15358,1165,3630,4795,291199,332744,623943
2021-03-02,18539,16986,35525,36087,38603,74690,51102,59344,110446,58308,65941,124249,49287,56282,105569,34992,40406,75398,24548,27751,52299,13569,16070,29639,5508,9942,15450,1168,3638,4806,293108,334963,628071
2021-03-03,18689,17109,35798,36257,38825,75082,51369,59709,111078,58641,66326,124967,49532,56596,106128,35218,40700,75918,24758,27993,52751,13659,16194,29853,5528,9976,15504,1168,3649,4817,294819,337077,631896
2021-03-04,18825,17238,36063,36429,39035,75464,51625,60008,111633,58932,66670,125602,49764,56891,106655,35381,40966,76347,24939,28247,53186,13753,16336,30089,5558,10029,15587,1174,3668,4842,296380,339088,635468
2021-03-05,18957,17367,36324,36606,39237,75843,51912,60379,112291,59271,67059,126330,49991,57165,107156,35601,41234,76835,25121,28455,53576,13846,16454,30300,5583,10065,15648,1174,3675,4849,298062,341090,639152
2021-03-06,19050,17453,36503,36725,39378,76103,52152,60671,112823,59555,67377,126932,50205,57405,107610,35755,41445,77200,25248,28602,53850,13909,16540,30449,5603,10093,15696,1176,3681,4857,299378,342645,642023
2021-03-07,19141,17539,36680,36865,39539,76404,52389,60977,113366,59854,67718,127572,50395,57661,108056,35939,41701,77640,25410,28797,54207,13980,16634,30614,5624,10132,15756,1180,3685,4865,300777,344383,645160
2021-03-08,19318,17686,37004,37041,39772,76813,52679,61368,114047,60201,68109,128310,50687,57989,108676,36191,42022,78213,25644,29051,54695,14090,16750,30840,5650,10181,15831,1183,3698,4881,302684,346626,649310
2021-03-09,19515,17867,37382,37219,39960,77179,52983,61714,114697,60563,68504,129067,50956,58296,109252,36431,42326,78757,25858,29368,55226,14226,16885,31111,5677,10226,15903,1187,3707,4894,304615,348853,653468
2021-03-10,19729,18043,37772,37416,40177,77593,53267,62029,115296,60927,68913,129840,51194,58575,109769,36649,42621,79270,26065,29601,55666,14324,17008,31332,5703,10273,15976,1191,3717,4908,306465,350957,657422
2021-03-11,19903,18230,38133,37565,40366,77931,53508,62349,115857,61179,69240,130419,51386,58840,110226,36791,42831,79622,26206,29803,56009,14407,17105,31512,5731,10311,16042,1194,3729,4923,307870,352804,660674
2021-03-12,20116,18429,38545,37737,40602,78339,53782,62691,116473,61495,69655,131150,51635,59150,110785,36982,43109,80091,26388,30075,56463,14508,17214,31722,5757,10364,16121,1197,3744,4941,309597,355033,664630
2021-03-13,20256,18554,38810,37866,40779,78645,54059,63006,117065,61825,70012,131837,51854,59402,111256,37167,43392,80559,26580,30295,56875,14585,17312,31897,5774,10402,16176,1201,3748,4949,311167,356902,668069
2021-03-14,20382,18718,39100,38017,40928,78945,54299,63380,117679,62178,70410,132588,52081,59696,111777,37421,43701,81122,26764,30535,57299,14667,17425,32092,5794,10441,16235,1206,3758,4964,312809,358992,671801
2021-03-15,20643,18953,39596,38241,41163,79404,54634,63834,118468,62590,70871,133461,52387,60090,112477,37698,44063,81761,27014,30816,57830,14775,17587,32362,5822,10493,16315,1209,3771,4980,315013,361641,676654
2021-03-16,20884,19191,40075,38450,41415,79865,54923,64217,119140,62987,71313,134300,52658,60376,113034,37938,44377,82315,27234,31076,58310,14874,17710,32584,5848,10549,16397,1215,3790,5005,317011,364014,681025
2021-03-17,21086,19359,40445,38638,41651,80289,55211,64598,119809,63323,71677,135000,52877,60661,113538,38137,44660,82797,27431,31317,58748,14961,17842,32803,5869,10591,16460,1218,3802,5020,318751,366158,684909
2021-03-18,21256,19517,40773,38791,41840,80631,55470,64926,120396,63641,72005,135646,53098,60913,114011,38295,44887,83182,27584,31507,59091,15054,17945,32999,5884,10627,16511,1221,3809,5030,320294,367976,688270
2021-03-19,21434,19707,41141,39005,42069,81074,55741,65298,121039,63968,72388,136356,53330,61201,114531,38482,45140,83622,27753,31714,59467,15130,18041,33171,5902,10664,16566,1227,3817,5044,321972,370039,692011
2021-03-20,21526,19797,41323,39146,42235,81381,55969,65581,121550,64265,72709,136974,53532,61443,114975,38665,45374,84039,27908,31872,59780,15200,18122,33322,5919,10694,16613,1235,3823,5058,323365,371650,695015
2021-03-21,21654,19910,41564,39286,42384,81670,56225,65869,122094,64602,73059,137661,53724,61691,115415,38863,45627,84490,28053,32065,60118,15255,18209,33464,5942,10724,16666,1237,3833,5070,324841,373371,698212
2021-03-22,21862,20116,41978,39515,42595,82110,56534,66298,122832,64966,73492,138458,54012,62016,116028,39109,45958,85067,28247,32307,60554,15358,18329,33687,5969,10786,16755,1241,3853,5094,326813,375750,702563
2021-03-23,22062,20302,42364,39734,42834,82568,56826,66681,123507,65309,73931,139240,54279,62300,116579,39341,46237,85578,28448,32579,61027,15469,18468,33937,5995,10823,16818,1244,3872,5116,328707,378027,706734
2021-03-24,22199,20436,42635,39936,43019,82955,57069,66973,124042,65608,74258,139866,54477,62559,117036,39509,46469,85978,28567,32717,61284,15532,18557,34089,6007,10858,16865,1245,3878,5123,330149,379724,709873
2021-03-25,22354,20579,42933,40121,43270,83391,57336,67363,124699,65967,74669,140636,54775,62911,117686,39720,46728,86448,28706,32921,61627,15604,18645,34249,6038,10896,16934,1248,3881,5129,331869,381863,713732
2021-03-26,22549,20765,43314,40356,43555,83911,57652,67795,125447,66351,75101,141452,55041,63299,118340,39919,47030,86949,28866,33142,62008,15696,18755,34451,6064,10930,16994,1251,3894,5145,333745,384266,718011
2021-03-27,22692,20903,43595,40499,43735,84234,57920,68121,126041,66694,75489,142183,55281,63623,118904,40118,47297,87415,29039,33329,62368,15768,18845,34613,6083,10973,17056,1256,3900,5156,335350,386215,721565
2021-03-28,22808,21009,43817,40625,43934,84559,58155,68442,126597,66992,75884,142876,55545,63928,119473,40304,47573,87877,29183,33522,62705,15821,18906,34727,6105,11004,17109,1258,3906,5164,336796,388108,724904
2021-03-29,23000,21205,44205,40911,44197,85108,58499,68894,127393,67393,76371,143764,55842,64344,120186,40565,47868,88433,29347,33759,63106,15888,18981,34869,6124,11045,17169,1259,3915,5174,338828,390579,729407
2021-03-30,23180,21376,44556,41146,44472,85618,58804,69329,128133,67761,76866,144627,56114,64711,120825,40780,48131,88911,29526,33953,63479,15945,19059,35004,6150,11082,17232,1264,3922,5186,340670,392901,733571
2021-03-31,23334,21510,44844,41353,44685,86038,59124,69762,128886,68122,77341,145463,56368,65096,121464,40950,48393,89343,29636,34083,63719,15987,19115,35102,6172,11111,17283,1265,3932,5197,342311,395028,737339
2021-04-01,23467,21664,45131,41608,44956,86564,59500,70191,129691,68535,77822,146357,56641,65456,122097,41172,48676,89848,29800,34282,64082,16054,19210,35264,6189,11134,17323,1267,3943,5210,344233,397334,741567
2021-04-02,23622,21779,45401,41862,45274,87136,59912,70710,130622,68991,78343,147334,56984,65900,122884,41437,49011,90448,29976,34463,64439,16124,19282,35406,6211,11159,17370,1269,3955,5224,346388,399876,746264
2021-04-03,23746,21895,45641,42168,45674,87842,60416,71327,131743,69565,79007,148572,57413,66489,123902,41759,49414,91173,30187,34705,64892,16206,19381,35587,6236,11207,17443,1276,3965,5241,348972,403064,752036
2021-04-04,23908,22024,45932,42790,46392,89182,61216,72411,133627,70572,80292,150864,58226,67525,125751,42255,50024,92279,30442,34985,65427,16280,19469,35749,6262,11247,17509,1278,3974,5252,353229,408343,761572
2021-04-05,24117,22244,46361,43530,47264,90794,62213,73719,135932,71747,81685,153432,59224,68793,128017,42860,50745,93605,30765,35371,66136,16399,19601,36000,6290,11308,17598,1282,3985,5267,358427,414715,773142
2021-04-06,24352,22484,46836,44152,47947,92099,63265,74912,138177,72858,83047,155905,60120,69864,129984,43459,51487,94946,31205,35891,67096,16560,19777,36337,6323,11376,17699,1285,4002,5287,363579,420787,784366
2021-04-07,24596,22728,47324,44803,48618,93421,64249,76088,140337,73902,84293,158195,61015,70926,131941,44031,52302,96333,31541,36310,67851,16691,19942,36633,6352,11437,17789,1285,4017,5302,368465,426661,795126
2021-04-08,24816,22917,47733,45294,49196,94490,65064,77232,142296,74886,85455,160341,61740,71833,133573,44555,53041,97596,31876,36664,68540,16801,20088,36889,6385,11491,17876,1288,4029,5317,372705,431946,804651
2021-04-09,24988,23087,48075,45626,49582,95208,65557,77981,143538,75420,86164,161584,62197,72425,134622,44855,53470,98325,32065,36891,68956,16878,20186,37064,6399,11534,17933,1290,4038,5328,375275,435358,810633
2021-04-10,25126,23217,48343,45958,50012,95970,66106,78713,144819,76106,86947,163053,62676,73079,135755,45190,53940,99130,32262,37123,69385,16921,20261,37182,6413,11561,17974,1293,4042,5335,378051,438895,816946
2021-04-11,25250,23347,48597,46246,50391,96637,66593,79327,145920,76687,87720,164407,63199,73723,136922,45536,54412,99948,32469,37323,69792,16980,20321,37301,6435,11596,18031,1295,4049,5344,380690,442209,822899
2021-04-12,25467,23559,49026,46636,50783,97419,67175,80078,147253,77323,88586,165909,63738,74476,138214,45952,54978,100930,32677,37595,70272,17054,20436,37490,6465,11644,18109,1298,4060,5358,383785,446195,829980
2021-04-13,25667,23717,49384,46956,51137,98093,67747,80840,148587,77996,89467,167463,64282,75222,139504,46360,55510,101870,32840,37786,70626,17133,20517,37650,6488,11678,18166,1304,4075,5379,386773,449949,836722
2021-04-14,25859,23874,49733,47208,51379,98587,68073,81233,149306,78374,89936,168310,64544,75618,140162,46586,55821,102407,33072,38016,71088,17210,20648,37858,6515,11729,18244,1311,4086,5397,388752,452340,841092
2021-04-15,26065,24076,50141,47567,51846,99413,68688,82116,150804,79103,90894,169997,65169,76550,141719,47041,56472,103513,33311,38299,71610,17274,20756,38030,6542,11784,18326,1313,4106,5419,392073,456899,848972
2021-04-16,26269,24285,50554,47918,52244,100162,69356,83042,152398,79867,91875,171742,65800,77370,143170,47478,57077,104555,33608,38621,72229,17354,20872,38226,6562,11824,18386,1321,4121,5442,395533,461331,856864
2021-04-17,26448,24434,50882,48228,52568,100796,69861,83708,153569,80542,92630,173172,66316,78043,144359,47831,57522,105353,33799,38856,72655,17427,20985,38412,6585,11884,18469,1325,4129,5454,398362,464759,863121
2021-04-18,26574,24579,51153,48459,52850,101309,70321,84301,154622,81121,93376,174497,66818,78647,145465,48189,57985,106174,34022,39099,73121,17504,21067,38571,6618,11926,18544,1327,4141,5468,400953,467971,868924
2021-04-19,26824,24776,51600,48816,53257,102073,70949,85078,156027,81872,94307,176179,67407,79427,146834,48612,58559,107171,34296,39414,73710,17601,21185,38786,6646,12000,18646,1330,4180,5510,404353,472183,876536
2021-04-20,27061,25033,52094,49125,53583,102708,71486,85823,157309,82526,95134,177660,67953,80199,148152,49007,59101,108108,34569,39763,74332,17706,21300,39006,6688,12046,18734,1334,4192,5526,407455,476174,883629
2021-04-21,27256,25209,52465,49358,53841,103199,71934,86387,158321,83019,95814,178833,68401,80816,149217,49321,59559,108880,34782,40020,74802,17786,21393,39179,6711,12102,18813,1335,4200,5535,409903,479341,889244
2021-04-22,27487,25428,52915,49696,54246,103942,72460,87072,159532,83698,96685,180383,68999,81551,150550,49698,60088,109786,35009,40319,75328,17879,21508,39387,6741,12162,18903,1337,4215,5552,413004,483274,896278
2021-04-23,27683,25623,53306,50066,54646,104712,73066,87867,160933,84429,97706,182135,69616,82380,151996,50110,60684,110794,35251,40612,75863,17985,21636,39621,6787,12221,19008,1341,4234,5575,416334,487609,903943
2021-04-24,27789,25707,53496,50187,54743,104930,73215,88080,161295,84628,97939,182567,69772,82591,152363,50211,60820,111031,35318,40697,76015,18036,21697,39733,6805,12269,19074,1347,4259,5606,417308,488802,906110
2021-04-25,27951,25855,53806,50436,55000,105436,73613,88627,162240,85161,98630,183791,70234,83172,153406,50568,61261,111829,35537,40917,76454,18118,21766,39884,6820,12312,19132,1348,4266,5614,419786,491806,911592
2021-04-26,28198,26076,54274,50737,55362,106099,74129,89307,163436,85816,99446,185262,70813,83855,154668,50982,61804,112786,35775,41190,76965,18228,21908,40136,6842,12356,19198,1352,4277,5629,422872,495581,918453
2021-04-27,28418,26263,54681,51064,55734,106798,74641,90033,164674,86427,100271,186698,71320,84526,155846,51375,62310,113685,36010,41445,77455,18323,22052,40375,6871,12420,19291,1360,4293,5653,425809,499347,925156
2021-04-28,28633,26464,55097,51374,56074,107448,75109,90694,165803,87042,101071,188113,71829,85185,157014,51736,62766,114502,36219,41696,77915,18404,22161,40565,6899,12473,19372,1367,4315,5682,428612,502899,931511
2021-04-29,28900,26684,55584,51794,56488,108282,75689,91544,167233,87790,102062,189852,72473,86107,158580,52218,63425,115643,36481,42045,78526,18547,22339,40886,6946,12548,19494,1372,4340,5712,432210,507582,939792
2021-04-30,29096,26860,55956,52039,56727,108766,76013,92048,168061,88221,102671,190892,72828,86634,159462,52502,63837,116339,36663,42271,78934,18654,22468,41122,6986,12624,19610,1375,4367,5742,434377,510507,944884
2021-05-01,29248,26992,56240,52291,56950,109241,76421,92574,168995,88739,103332,192071,73238,87240,160478,52818,64220,117038,36839,42435,79274,18737,22568,41305,7014,12685,19699,1378,4375,5753,436723,513371,950094
2021-05-02,29406,27117,56523,52517,57199,109716,76775,93077,169852,89259,104019,193278,73647,87827,161474,53125,64611,117736,37041,42691,79732,18832,22678,41510,7041,12733,19774,1382,4393,5775,439025,516345,955370
2021-05-03,29703,27382,57085,52833,57547,110380,77388,93879,171267,90032,104991,195023,74278,88623,162901,53592,65284,118876,37362,43119,80481,19000,22858,41858,7082,12825,19907,1387,4419,5806,442657,520927,963584
2021-05-04,29928,27615,57543,53148,57884,111032,77948,94573,172521,90756,105867,196623,74893,89386,164279,54034,65909,119943,37616,43448,81064,19159,23043,42202,7119,12909,20028,1391,4449,5840,445992,525083,971075
2021-05-05,30165,27838,58003,53425,58199,111624,78496,95279,173775,91395,106616,198011,75439,90074,165513,54411,66408,120819,37852,43718,81570,19295,23180,42475,7162,12979,20141,1398,4464,5862,449038,528755,977793
2021-05-06,30368,28071,58439,53799,58586,112385,79033,96055,175088,92055,107526,199581,76035,90806,166841,54861,66991,121852,38103,44009,82112,19426,23326,42752,7196,13046,20242,1405,4481,5886,452281,532897,985178
2021-05-07,30620,28277,58897,54171,59013,113184,79639,96957,176596,92750,108549,201299,76669,91741,168410,55246,67628,122874,38349,44330,82679,19533,23475,43008,7223,13106,20329,1407,4501,5908,455607,537577,993184
2021-05-08,30768,28411,59179,54342,59209,113551,79985,97421,177406,93202,109083,202285,76985,92133,169118,55491,67941,123432,38480,44474,82954,19597,23546,43143,7249,13149,20398,1409,4516,5925,457508,539883,997391
2021-05-09,30943,28566,59509,54531,59430,113961,80286,97826,178112,93647,109604,203251,77332,92592,169924,55726,68267,123993,38642,44642,83284,19671,23646,43317,7282,13199,20481,1416,4534,5950,459476,542306,1001782
2021-05-10,31173,28794,59967,54821,59770,114591,80890,98525,179415,94361,110425,204786,77905,93322,171227,56123,68781,124904,38889,44941,83830,19788,23796,43584,7320,13258,20578,1416,4547,5963,462686,546159,1008845
2021-05-11,31388,28984,60372,55075,60064,115139,81303,99085,180388,94907,111062,205969,78392,93867,172259,56444,69209,125653,39123,45217,84340,19901,23923,43824,7347,13301,20648,1418,4557,5975,465298,549269,1014567
2021-05-12,31592,29171,60763,55304,60319,115623,81728,99614,181342,95394,111655,207049,78838,94415,173253,56773,69627,126400,39310,45452,84762,19992,24018,44010,7377,13340,20717,1422,4572,5994,467730,552183,1019913
2021-05-13,31810,29344,61154,55508,60592,116100,82139,100187,182326,95873,112307,208180,79253,94972,174225,57057,70036,127093,39494,45651,85145,20080,24123,44203,7406,13395,20801,1426,4583,6009,470046,555190,1025236
2021-05-14,32035,29565,61600,55814,60980,116794,82720,100946,183666,96563,113161,209724,79794,95753,175547,57452,70541,127993,39704,45931,85635,20184,24246,44430,7455,13445,20900,1428,4590,6018,473149,559158,1032307
2021-05-15,32161,29682,61843,56017,61220,117237,83063,101414,184477,97001,113752,210753,80181,96241,176422,57725,70855,128580,39849,46100,85949,20249,24317,44566,7476,13476,20952,1432,4606,6038,475154,561663,1036817
2021-05-16,32203,29719,61922,56103,61362,117465,83225,101697,184922,97252,114102,211354,80425,96577,177002,57881,71078,128959,39925,46182,86107,20273,24338,44611,7480,13493,20973,1432,4613,6045,476199,563161,1039360
2021-05-17,32210,29723,61933,56107,61364,117471,83230,101703,184933,97256,114109,211365,80432,96581,177013,57881,71082,128963,39931,46184,86115,20276,24341,44617,7480,13496,20976,1432,4614,6046,476235,563197,1039432
2021-05-18,32210,29723,61933,56107,61364,117471,83230,101703,184933,97256,114109,211365,80432,96581,177013,57881,71082,128963,39931,46184,86115,20276,24341,44617,7480,13496,20976,1432,4614,6046,476235,563197,1039432
