FECHA,<=10M,<=10F,<=10,11-20M,11-20F,11-20,21-30M,21-30F,21-30,31-40M,31-40F,31-40,41-50M,41-50F,41-50,51-60M,51-60F,51-60,61-70M,61-70F,61-70,71-80M,71-80F,71-80,81-90M,81-90F,81-90,>=91M,>=91F,>=91,TotalM,TotalF,Total
2020-03-15,1,0,1,0,0,0,0,2,2,2,1,3,1,1,2,1,0,1,1,0,1,1,1,2,0,0,0,0,0,0,7,5,12
2020-03-16,2,3,5,1,1,2,1,5,6,3,2,5,1,1,2,4,1,5,3,2,5,1,1,2,0,0,0,0,0,0,16,16,32
2020-03-17,3,7,10,2,2,4,3,6,9,4,4,8,2,4,6,4,3,7,4,4,8,3,3,6,1,0,1,0,0,0,26,33,59
2020-03-18,6,8,14,3,2,5,4,6,10,6,5,11,3,7,10,5,4,9,4,6,10,4,3,7,2,0,2,0,0,0,37,41,78
2020-03-19,9,9,18,3,2,5,7,8,15,9,6,15,5,8,13,5,4,9,5,7,12,5,4,9,2,0,2,1,0,1,51,48,99
2020-03-20,10,10,20,4,2,6,8,8,16,10,9,19,5,9,14,5,5,10,6,8,14,7,6,13,3,0,3,1,0,1,59,57,116
2020-03-21,10,10,20,7,3,10,9,10,19,13,10,23,7,10,17,6,5,11,8,10,18,8,7,15,4,0,4,2,0,2,74,65,139
2020-03-22,13,11,24,7,3,10,13,11,24,13,10,23,7,10,17,9,6,15,8,11,19,10,7,17,7,2,9,2,1,3,89,72,161
2020-03-23,17,12,29,7,5,12,15,13,28,16,11,27,8,11,19,11,7,18,10,12,22,14,10,24,10,5,15,2,3,5,110,89,199
2020-03-24,19,13,32,7,5,12,17,15,32,18,12,30,8,13,21,13,9,22,10,13,23,16,10,26,12,6,18,3,3,6,123,99,222
2020-03-25,20,17,37,7,5,12,19,18,37,20,18,38,9,14,23,14,12,26,13,14,27,17,12,29,14,11,25,5,3,8,138,124,262
2020-03-26,24,20,44,9,7,16,21,20,41,24,21,45,10,18,28,18,14,32,14,18,32,21,15,36,19,11,30,7,4,11,167,148,315
2020-03-27,27,23,50,9,8,17,22,22,44,29,22,51,11,22,33,19,17,36,16,22,38,26,20,46,22,14,36,9,9,18,190,179,369
2020-03-28,29,24,53,9,8,17,24,24,48,31,23,54,12,23,35,23,19,42,20,22,42,30,27,57,25,15,40,9,9,18,212,194,406
2020-03-29,31,24,55,11,9,20,26,27,53,33,25,58,14,26,40,24,19,43,25,25,50,34,29,63,29,16,45,11,10,21,238,210,448
2020-03-30,34,26,60,11,9,20,27,33,60,40,27,67,18,30,48,25,20,45,32,26,58,37,34,71,33,17,50,14,12,26,271,234,505
2020-03-31,42,29,71,12,9,21,34,35,69,48,30,78,23,34,57,28,21,49,38,29,67,41,37,78,35,20,55,18,12,30,319,256,575
2020-04-01,53,39,92,13,11,24,39,39,78,57,32,89,35,39,74,32,28,60,42,32,74,46,41,87,40,25,65,18,13,31,375,299,674
2020-04-02,63,48,111,15,15,30,43,45,88,62,38,100,38,45,83,34,36,70,51,38,89,54,46,100,45,32,77,21,16,37,426,359,785
2020-04-03,80,57,137,19,19,38,48,52,100,69,49,118,46,56,102,37,42,79,59,43,102,61,50,111,50,38,88,22,21,43,491,427,918
2020-04-04,89,70,159,22,23,45,50,59,109,72,59,131,52,59,111,43,42,85,65,46,111,63,55,118,54,40,94,23,24,47,533,477,1010
2020-04-05,98,80,178,26,28,54,56,60,116,79,61,140,60,64,124,47,46,93,66,57,123,69,63,132,57,44,101,25,26,51,583,529,1112
2020-04-06,109,89,198,30,30,60,65,64,129,90,66,156,71,67,138,56,49,105,74,65,139,79,68,147,64,48,112,26,29,55,664,575,1239
2020-04-07,119,98,217,34,34,68,70,68,138,98,73,171,76,73,149,65,51,116,77,69,146,87,76,163,70,59,129,28,30,58,724,631,1355
2020-04-08,127,108,235,38,36,74,74,76,150,103,76,179,85,77,162,72,56,128,86,75,161,98,80,178,71,63,134,31,35,66,785,682,1467
2020-04-09,132,112,244,41,39,80,77,83,160,119,85,204,89,84,173,80,64,144,92,79,171,104,90,194,76,71,147,35,40,75,845,747,1592
2020-04-10,150,116,266,45,42,87,79,89,168,123,88,211,99,85,184,84,70,154,98,80,178,105,100,205,81,79,160,36,43,79,900,792,1692
2020-04-11,159,121,280,49,45,94,87,93,180,129,92,221,106,88,194,86,74,160,102,86,188,112,103,215,84,86,170,37,47,84,951,835,1786
2020-04-12,169,128,297,51,45,96,89,97,186,137,95,232,109,95,204,95,77,172,105,90,195,115,111,226,89,90,179,37,49,86,996,877,1873
2020-04-13,178,139,317,59,49,108,101,105,206,142,105,247,114,99,213,100,82,182,114,97,211,120,120,240,95,100,195,41,54,95,1064,950,2014
2020-04-14,193,145,338,62,50,112,109,111,220,151,110,261,119,103,222,111,89,200,118,104,222,130,125,255,101,104,205,45,58,103,1139,999,2138
2020-04-15,202,149,351,65,56,121,115,118,233,156,117,273,127,116,243,116,99,215,127,109,236,139,128,267,107,110,217,50,61,111,1204,1063,2267
2020-04-16,214,152,366,71,60,131,122,122,244,168,131,299,137,129,266,122,109,231,132,119,251,146,132,278,111,115,226,50,65,115,1273,1134,2407
2020-04-17,230,163,393,76,65,141,124,128,252,174,146,320,149,138,287,132,116,248,139,125,264,161,143,304,116,123,239,51,68,119,1352,1215,2567
2020-04-18,241,172,413,82,66,148,135,134,269,191,153,344,158,143,301,139,120,259,141,128,269,167,153,320,122,132,254,54,72,126,1430,1273,2703
2020-04-19,251,182,433,86,66,152,140,137,277,197,157,354,164,148,312,144,129,273,148,135,283,172,161,333,127,139,266,55,73,128,1484,1327,2811
2020-04-20,265,193,458,96,73,169,155,143,298,210,168,378,174,156,330,153,135,288,160,145,305,187,173,360,137,148,285,59,87,146,1596,1421,3017
2020-04-21,278,201,479,101,79,180,167,149,316,219,182,401,178,160,338,160,143,303,168,153,321,201,183,384,144,158,302,61,97,158,1677,1505,3182
2020-04-22,292,211,503,105,86,191,174,157,331,231,185,416,191,168,359,167,151,318,176,158,334,208,196,404,152,170,322,68,103,171,1764,1585,3349
2020-04-23,310,224,534,109,91,200,182,167,349,240,194,434,199,176,375,172,163,335,184,162,346,218,204,422,163,181,344,74,111,185,1851,1673,3524
2020-04-24,327,235,562,114,97,211,192,176,368,252,207,459,206,183,389,180,171,351,191,173,364,229,214,443,173,196,369,77,114,191,1941,1766,3707
2020-04-25,340,244,584,118,98,216,195,181,376,260,214,474,210,188,398,185,178,363,197,177,374,235,218,453,183,213,396,81,118,199,2004,1829,3833
2020-04-26,349,261,610,123,104,227,199,184,383,265,216,481,218,194,412,188,182,370,205,184,389,241,225,466,190,220,410,82,122,204,2060,1892,3952
2020-04-27,361,273,634,130,108,238,205,192,397,270,229,499,222,206,428,199,190,389,212,193,405,260,230,490,201,236,437,85,126,211,2145,1983,4128
2020-04-28,380,281,661,135,113,248,218,204,422,282,241,523,229,218,447,206,199,405,218,200,418,263,242,505,207,250,457,87,130,217,2225,2078,4303
2020-04-29,404,293,697,141,118,259,233,212,445,300,256,556,241,226,467,214,206,420,223,208,431,273,248,521,210,264,474,92,140,232,2331,2171,4502
2020-04-30,422,304,726,150,120,270,241,219,460,308,265,573,252,236,488,224,219,443,232,216,448,281,259,540,218,281,499,100,147,247,2428,2266,4694
2020-05-01,425,317,742,156,126,282,242,226,468,320,276,596,263,242,505,231,222,453,242,222,464,288,268,556,226,292,518,100,149,249,2493,2340,4833
2020-05-02,431,333,764,162,132,294,251,228,479,328,283,611,269,247,516,238,224,462,245,226,471,296,269,565,231,303,534,101,153,254,2552,2398,4950
2020-05-03,439,343,782,166,135,301,257,234,491,335,289,624,274,252,526,246,227,473,253,232,485,301,278,579,237,311,548,104,158,262,2612,2459,5071
2020-05-04,458,363,821,170,137,307,267,244,511,346,299,645,280,257,537,255,231,486,262,243,505,316,294,610,244,328,572,106,162,268,2704,2558,5262
2020-05-05,470,376,846,177,140,317,278,254,532,359,313,672,286,270,556,265,237,502,273,250,523,331,302,633,249,340,589,107,172,279,2795,2654,5449
2020-05-06,484,392,876,182,141,323,291,261,552,374,329,703,306,279,585,271,243,514,283,256,539,349,317,666,256,352,608,111,178,289,2907,2748,5655
2020-05-07,501,403,904,189,147,336,306,268,574,385,343,728,323,291,614,276,250,526,290,263,553,366,324,690,262,364,626,112,185,297,3010,2838,5848
2020-05-08,518,416,934,196,152,348,321,276,597,397,359,756,338,302,640,291,254,545,299,274,573,377,333,710,273,376,649,114,197,311,3124,2939,6063
2020-05-09,537,428,965,200,153,353,328,288,616,401,367,768,347,310,657,296,260,556,306,280,586,389,336,725,278,387,665,119,205,324,3201,3014,6215
2020-05-10,546,436,982,202,156,358,336,298,634,407,373,780,352,317,669,300,266,566,315,286,601,397,349,746,283,399,682,120,210,330,3258,3090,6348
2020-05-11,564,454,1018,207,161,368,345,309,654,420,385,805,366,328,694,309,273,582,325,292,617,410,358,768,296,417,713,124,225,349,3366,3202,6568
2020-05-12,583,464,1047,214,171,385,371,330,701,440,394,834,375,343,718,315,277,592,334,300,634,418,368,786,305,431,736,129,237,366,3484,3315,6799
2020-05-13,610,481,1091,222,181,403,390,343,733,456,414,870,389,350,739,326,286,612,343,309,652,427,376,803,313,446,759,130,245,375,3606,3431,7037
2020-05-14,632,506,1138,232,196,428,403,362,765,476,433,909,400,358,758,334,299,633,353,321,674,437,385,822,323,460,783,132,259,391,3722,3579,7301
2020-05-15,652,529,1181,239,203,442,410,374,784,490,448,938,409,373,782,346,305,651,364,330,694,444,391,835,331,480,811,137,268,405,3822,3701,7523
2020-05-16,665,546,1211,246,210,456,415,386,801,500,467,967,416,381,797,353,312,665,372,337,709,453,398,851,337,485,822,142,281,423,3899,3803,7702
2020-05-17,686,559,1245,250,217,467,425,397,822,507,476,983,424,392,816,358,316,674,380,344,724,458,403,861,348,497,845,145,285,430,3981,3886,7867
2020-05-18,707,582,1289,259,229,488,448,417,865,528,496,1024,436,412,848,372,326,698,395,358,753,475,416,891,365,510,875,146,296,442,4131,4042,8173
2020-05-19,726,601,1327,275,243,518,476,443,919,561,520,1081,461,428,889,389,339,728,411,370,781,485,435,920,377,532,909,149,305,454,4310,4216,8526
2020-05-20,755,640,1395,289,259,548,503,466,969,602,537,1139,478,444,922,401,351,752,427,386,813,498,446,944,389,548,937,155,310,465,4497,4387,8884
2020-05-21,789,674,1463,308,270,578,531,489,1020,628,568,1196,494,465,959,419,363,782,441,392,833,512,453,965,396,564,960,156,314,470,4674,4552,9226
2020-05-22,823,692,1515,321,286,607,563,519,1082,650,593,1243,513,479,992,431,373,804,448,402,850,522,464,986,404,581,985,162,326,488,4837,4715,9552
2020-05-23,843,711,1554,335,302,637,587,538,1125,676,609,1285,521,496,1017,440,381,821,460,413,873,530,477,1007,413,587,1000,164,328,492,4969,4842,9811
2020-05-24,860,731,1591,345,310,655,601,549,1150,689,622,1311,531,500,1031,447,385,832,471,420,891,541,486,1027,418,599,1017,166,334,500,5069,4936,10005
2020-05-25,887,754,1641,364,332,696,624,576,1200,704,642,1346,549,511,1060,452,393,845,479,428,907,552,492,1044,428,614,1042,168,343,511,5207,5085,10292
2020-05-26,923,788,1711,385,354,739,661,609,1270,750,677,1427,568,538,1106,463,414,877,488,434,922,568,498,1066,437,628,1065,171,353,524,5414,5293,10707
2020-05-27,966,821,1787,397,372,769,683,640,1323,774,696,1470,585,551,1136,481,428,909,498,442,940,575,512,1087,441,642,1083,175,355,530,5575,5459,11034
2020-05-28,994,864,1858,415,384,799,710,673,1383,802,717,1519,609,572,1181,497,449,946,507,455,962,585,521,1106,455,659,1114,179,368,547,5753,5662,11415
2020-05-29,1030,896,1926,437,404,841,747,709,1456,831,758,1589,640,593,1233,512,470,982,522,466,988,601,533,1134,470,676,1146,180,372,552,5970,5877,11847
2020-05-30,1059,919,1978,451,415,866,783,734,1517,863,773,1636,653,612,1265,524,483,1007,530,472,1002,611,544,1155,477,687,1164,181,379,560,6132,6018,12150
2020-05-31,1087,935,2022,462,427,889,799,744,1543,881,783,1664,667,622,1289,529,493,1022,538,476,1014,622,550,1172,483,697,1180,181,387,568,6249,6114,12363
2020-06-01,1119,964,2083,484,446,930,833,785,1618,909,819,1728,685,645,1330,545,507,1052,562,492,1054,634,559,1193,489,706,1195,186,391,577,6446,6314,12760
2020-06-02,1162,993,2155,504,465,969,867,812,1679,934,846,1780,702,666,1368,559,522,1081,577,504,1081,656,571,1227,496,722,1218,190,404,594,6647,6505,13152
2020-06-03,1201,1016,2217,519,493,1012,897,838,1735,962,883,1845,720,690,1410,569,534,1103,592,519,1111,674,583,1257,506,738,1244,192,413,605,6832,6707,13539
2020-06-04,1236,1048,2284,537,519,1056,932,866,1798,980,911,1891,740,707,1447,596,549,1145,603,526,1129,694,596,1290,516,756,1272,194,422,616,7028,6900,13928
2020-06-05,1280,1088,2368,553,539,1092,966,894,1860,1012,947,1959,768,736,1504,620,572,1192,620,541,1161,710,607,1317,527,776,1303,198,431,629,7254,7131,14385
2020-06-06,1307,1111,2418,570,551,1121,985,912,1897,1040,973,2013,782,754,1536,632,582,1214,631,553,1184,723,615,1338,539,793,1332,199,440,639,7408,7284,14692
2020-06-07,1330,1134,2464,585,563,1148,1005,932,1937,1057,987,2044,801,762,1563,643,590,1233,640,557,1197,731,622,1353,550,804,1354,201,448,649,7543,7399,14942
2020-06-08,1360,1168,2528,607,584,1191,1043,959,2002,1097,1023,2120,836,786,1622,660,608,1268,655,568,1223,746,637,1383,562,820,1382,205,455,660,7771,7608,15379
2020-06-09,1415,1202,2617,631,607,1238,1064,999,2063,1126,1055,2181,865,808,1673,677,615,1292,667,577,1244,756,651,1407,574,846,1420,208,467,675,7983,7827,15810
2020-06-10,1441,1241,2682,645,626,1271,1105,1021,2126,1159,1094,2253,896,831,1727,700,635,1335,687,590,1277,777,675,1452,579,866,1445,214,482,696,8203,8061,16264
2020-06-11,1481,1282,2763,658,645,1303,1137,1052,2189,1197,1125,2322,913,858,1771,718,659,1377,699,612,1311,793,691,1484,586,892,1478,217,497,714,8399,8313,16712
2020-06-12,1520,1325,2845,667,670,1337,1189,1091,2280,1244,1176,2420,947,891,1838,736,678,1414,727,628,1355,810,705,1515,592,913,1505,221,506,727,8653,8583,17236
2020-06-13,1556,1354,2910,690,690,1380,1225,1128,2353,1280,1205,2485,957,918,1875,756,694,1450,738,634,1372,822,713,1535,600,929,1529,223,512,735,8847,8777,17624
2020-06-14,1576,1384,2960,710,707,1417,1251,1150,2401,1299,1222,2521,976,930,1906,768,711,1479,749,640,1389,825,726,1551,614,950,1564,223,520,743,8991,8940,17931
2020-06-15,1613,1416,3029,736,726,1462,1282,1180,2462,1323,1249,2572,994,948,1942,782,723,1505,762,645,1407,838,736,1574,620,966,1586,225,530,755,9175,9119,18294
2020-06-16,1665,1476,3141,758,746,1504,1344,1230,2574,1369,1285,2654,1031,972,2003,805,740,1545,776,658,1434,854,743,1597,633,990,1623,228,543,771,9463,9383,18846
2020-06-17,1707,1520,3227,781,774,1555,1398,1269,2667,1411,1333,2744,1066,999,2065,829,754,1583,791,672,1463,863,763,1626,651,1007,1658,229,551,780,9726,9642,19368
2020-06-18,1757,1564,3321,801,790,1591,1460,1315,2775,1461,1390,2851,1110,1022,2132,863,776,1639,810,691,1501,876,777,1653,666,1031,1697,231,562,793,10035,9918,19953
2020-06-19,1812,1596,3408,814,819,1633,1500,1355,2855,1525,1437,2962,1147,1065,2212,903,800,1703,839,710,1549,895,796,1691,684,1050,1734,238,576,814,10357,10204,20561
2020-06-20,1844,1633,3477,833,839,1672,1534,1381,2915,1561,1468,3029,1170,1095,2265,920,820,1740,854,723,1577,906,805,1711,690,1066,1756,242,580,822,10554,10410,20964
2020-06-21,1878,1654,3532,851,856,1707,1562,1413,2975,1585,1500,3085,1187,1103,2290,934,830,1764,864,733,1597,917,812,1729,696,1075,1771,243,587,830,10717,10563,21280
2020-06-22,1926,1699,3625,880,883,1763,1600,1460,3060,1636,1530,3166,1219,1137,2356,958,860,1818,880,753,1633,935,827,1762,702,1097,1799,245,599,844,10981,10845,21826
2020-06-23,1974,1745,3719,908,914,1822,1650,1503,3153,1694,1573,3267,1255,1182,2437,975,893,1868,899,773,1672,946,840,1786,713,1112,1825,247,605,852,11261,11140,22401
2020-06-24,2017,1792,3809,934,937,1871,1698,1555,3253,1736,1625,3361,1297,1213,2510,996,926,1922,913,789,1702,956,855,1811,727,1126,1853,249,609,858,11523,11427,22950
2020-06-25,2067,1846,3913,969,977,1946,1739,1598,3337,1781,1661,3442,1336,1246,2582,1032,959,1991,924,806,1730,967,868,1835,737,1138,1875,253,614,867,11805,11713,23518
2020-06-26,2114,1884,3998,1003,1004,2007,1801,1646,3447,1827,1704,3531,1374,1283,2657,1051,993,2044,947,825,1772,979,885,1864,748,1158,1906,254,623,877,12098,12005,24103
2020-06-27,2177,1942,4119,1034,1043,2077,1839,1695,3534,1860,1737,3597,1402,1307,2709,1072,1008,2080,962,832,1794,982,898,1880,756,1165,1921,258,629,887,12342,12256,24598
2020-06-28,2219,1965,4184,1049,1061,2110,1857,1738,3595,1888,1770,3658,1422,1332,2754,1094,1022,2116,972,839,1811,990,908,1898,764,1176,1940,264,636,900,12519,12447,24966
2020-06-29,2265,2015,4280,1084,1102,2186,1904,1779,3683,1944,1811,3755,1449,1360,2809,1111,1054,2165,997,850,1847,1005,924,1929,776,1194,1970,267,643,910,12802,12732,25534
2020-06-30,2298,2058,4356,1100,1132,2232,1958,1815,3773,1980,1857,3837,1485,1395,2880,1139,1081,2220,1021,860,1881,1022,934,1956,782,1213,1995,269,654,923,13054,12999,26053
2020-07-01,2343,2095,4438,1117,1161,2278,2016,1863,3879,2020,1895,3915,1518,1428,2946,1162,1110,2272,1039,876,1915,1037,948,1985,791,1234,2025,272,660,932,13315,13270,26585
2020-07-02,2402,2150,4552,1142,1193,2335,2064,1919,3983,2066,1939,4005,1559,1460,3019,1183,1131,2314,1058,889,1947,1049,964,2013,802,1244,2046,275,665,940,13600,13554,27154
2020-07-03,2458,2190,4648,1173,1216,2389,2109,1957,4066,2122,1995,4117,1583,1493,3076,1211,1151,2362,1077,904,1981,1060,979,2039,812,1261,2073,278,669,947,13883,13815,27698
2020-07-04,2495,2228,4723,1195,1239,2434,2144,2001,4145,2152,2025,4177,1613,1516,3129,1234,1167,2401,1090,916,2006,1071,995,2066,817,1272,2089,281,676,957,14092,14035,28127
2020-07-05,2521,2265,4786,1216,1253,2469,2177,2037,4214,2180,2062,4242,1628,1543,3171,1251,1187,2438,1111,932,2043,1086,1010,2096,826,1288,2114,285,683,968,14281,14260,28541
2020-07-06,2553,2302,4855,1237,1274,2511,2224,2082,4306,2235,2097,4332,1668,1582,3250,1286,1216,2502,1136,957,2093,1104,1037,2141,836,1313,2149,288,691,979,14567,14551,29118
2020-07-07,2603,2369,4972,1268,1308,2576,2280,2135,4415,2295,2145,4440,1702,1616,3318,1316,1249,2565,1153,971,2124,1117,1050,2167,846,1336,2182,295,703,998,14875,14882,29757
2020-07-08,2649,2404,5053,1298,1339,2637,2335,2182,4517,2339,2192,4531,1749,1662,3411,1340,1281,2621,1171,991,2162,1134,1070,2204,856,1352,2208,299,717,1016,15170,15190,30360
2020-07-09,2683,2431,5114,1315,1353,2668,2368,2213,4581,2385,2223,4608,1783,1693,3476,1355,1295,2650,1183,1007,2190,1142,1093,2235,862,1369,2231,306,725,1031,15382,15402,30784
2020-07-10,2715,2458,5173,1338,1377,2715,2404,2247,4651,2416,2262,4678,1807,1718,3525,1371,1317,2688,1203,1026,2229,1159,1105,2264,875,1386,2261,307,735,1042,15595,15631,31226
2020-07-11,2745,2500,5245,1361,1390,2751,2431,2276,4707,2444,2295,4739,1835,1749,3584,1392,1347,2739,1224,1040,2264,1173,1133,2306,882,1411,2293,310,749,1059,15797,15890,31687
2020-07-12,2773,2518,5291,1377,1400,2777,2458,2299,4757,2470,2315,4785,1854,1766,3620,1402,1360,2762,1235,1052,2287,1183,1142,2325,888,1424,2312,314,755,1069,15954,16031,31985
2020-07-13,2812,2568,5380,1407,1424,2831,2506,2348,4854,2518,2363,4881,1900,1811,3711,1432,1401,2833,1270,1078,2348,1206,1181,2387,902,1469,2371,316,779,1095,16269,16422,32691
2020-07-14,2863,2608,5471,1436,1448,2884,2548,2383,4931,2590,2418,5008,1946,1854,3800,1469,1418,2887,1293,1106,2399,1225,1210,2435,908,1487,2395,323,794,1117,16601,16726,33327
2020-07-15,2904,2656,5560,1478,1476,2954,2593,2457,5050,2661,2492,5153,1992,1902,3894,1496,1457,2953,1316,1131,2447,1239,1230,2469,922,1503,2425,330,801,1131,16931,17105,34036
2020-07-16,2954,2687,5641,1504,1515,3019,2648,2517,5165,2726,2540,5266,2033,1960,3993,1527,1497,3024,1336,1150,2486,1257,1250,2507,941,1536,2477,332,818,1150,17258,17470,34728
2020-07-17,3004,2729,5733,1535,1544,3079,2683,2576,5259,2775,2599,5374,2076,2024,4100,1560,1538,3098,1364,1182,2546,1275,1269,2544,958,1555,2513,336,827,1163,17566,17843,35409
2020-07-18,3033,2764,5797,1554,1563,3117,2731,2623,5354,2816,2650,5466,2105,2062,4167,1588,1562,3150,1390,1208,2598,1290,1280,2570,974,1577,2551,338,833,1171,17819,18122,35941
2020-07-19,3069,2804,5873,1572,1588,3160,2765,2654,5419,2850,2690,5540,2136,2094,4230,1613,1587,3200,1408,1222,2630,1304,1290,2594,984,1595,2579,340,840,1180,18041,18364,36405
2020-07-20,3131,2854,5985,1614,1627,3241,2826,2712,5538,2911,2774,5685,2181,2167,4348,1648,1631,3279,1438,1265,2703,1329,1316,2645,1005,1615,2620,343,853,1196,18426,18814,37240
2020-07-21,3180,2893,6073,1644,1656,3300,2889,2762,5651,2980,2839,5819,2229,2215,4444,1686,1673,3359,1464,1295,2759,1355,1342,2697,1019,1643,2662,348,862,1210,18794,19180,37974
2020-07-22,3250,2939,6189,1674,1686,3360,2967,2834,5801,3055,2908,5963,2294,2271,4565,1721,1714,3435,1485,1322,2807,1385,1365,2750,1033,1678,2711,349,873,1222,19213,19590,38803
2020-07-23,3304,2988,6292,1703,1720,3423,3035,2902,5937,3124,2984,6108,2336,2317,4653,1756,1746,3502,1503,1350,2853,1403,1387,2790,1040,1701,2741,356,881,1237,19560,19976,39536
2020-07-24,3347,3038,6385,1737,1748,3485,3108,2968,6076,3183,3054,6237,2389,2371,4760,1794,1779,3573,1537,1367,2904,1419,1409,2828,1052,1726,2778,358,895,1253,19924,20355,40279
2020-07-25,3392,3078,6470,1766,1768,3534,3158,3021,6179,3236,3109,6345,2426,2409,4835,1812,1802,3614,1555,1391,2946,1433,1432,2865,1064,1739,2803,363,898,1261,20205,20647,40852
2020-07-26,3430,3112,6542,1782,1789,3571,3189,3046,6235,3265,3145,6410,2459,2428,4887,1831,1822,3653,1567,1404,2971,1448,1445,2893,1073,1761,2834,368,904,1272,20412,20856,41268
2020-07-27,3471,3155,6626,1818,1817,3635,3243,3102,6345,3330,3208,6538,2514,2486,5000,1865,1871,3736,1594,1440,3034,1466,1466,2932,1091,1782,2873,373,925,1298,20765,21252,42017
2020-07-28,3523,3206,6729,1849,1847,3696,3320,3186,6506,3397,3274,6671,2567,2537,5104,1915,1919,3834,1632,1472,3104,1485,1499,2984,1102,1808,2910,378,945,1323,21168,21693,42861
2020-07-29,3580,3258,6838,1880,1881,3761,3397,3252,6649,3463,3345,6808,2636,2599,5235,1956,1965,3921,1666,1510,3176,1510,1522,3032,1121,1844,2965,386,969,1355,21595,22145,43740
2020-07-30,3640,3305,6945,1921,1932,3853,3492,3323,6815,3543,3417,6960,2700,2653,5353,2004,2011,4015,1694,1541,3235,1528,1543,3071,1130,1863,2993,388,977,1365,22040,22565,44605
2020-07-31,3686,3365,7051,1946,1963,3909,3550,3399,6949,3631,3507,7138,2763,2706,5469,2044,2056,4100,1722,1573,3295,1548,1573,3121,1141,1893,3034,394,993,1387,22425,23028,45453
2020-08-01,3725,3403,7128,1967,1994,3961,3589,3454,7043,3672,3561,7233,2796,2751,5547,2076,2086,4162,1746,1583,3329,1568,1591,3159,1154,1916,3070,395,1006,1401,22688,23345,46033
2020-08-02,3768,3438,7206,1989,2019,4008,3623,3488,7111,3717,3603,7320,2825,2796,5621,2094,2114,4208,1757,1600,3357,1576,1608,3184,1166,1932,3098,397,1013,1410,22912,23611,46523
2020-08-03,3823,3498,7321,2023,2059,4082,3688,3562,7250,3786,3661,7447,2869,2854,5723,2132,2158,4290,1788,1624,3412,1590,1630,3220,1180,1964,3144,401,1027,1428,23280,24037,47317
2020-08-04,3888,3546,7434,2065,2103,4168,3771,3618,7389,3867,3733,7600,2935,2913,5848,2180,2197,4377,1822,1652,3474,1608,1655,3263,1198,1997,3195,406,1042,1448,23740,24456,48196
2020-08-05,3945,3601,7546,2108,2135,4243,3844,3687,7531,3928,3806,7734,2980,2972,5952,2226,2249,4475,1853,1685,3538,1636,1680,3316,1213,2020,3233,409,1052,1461,24142,24887,49029
2020-08-06,4001,3648,7649,2139,2179,4318,3917,3761,7678,3999,3890,7889,3040,3037,6077,2263,2293,4556,1884,1711,3595,1657,1704,3361,1229,2049,3278,414,1065,1479,24543,25337,49880
2020-08-07,4069,3704,7773,2173,2209,4382,3989,3845,7834,4076,3966,8042,3089,3114,6203,2306,2331,4637,1906,1744,3650,1683,1736,3419,1243,2091,3334,419,1084,1503,24953,25824,50777
2020-08-08,4114,3746,7860,2200,2236,4436,4028,3893,7921,4144,4030,8174,3132,3167,6299,2340,2369,4709,1927,1769,3696,1698,1766,3464,1255,2129,3384,420,1110,1530,25258,26215,51473
2020-08-09,4148,3781,7929,2223,2254,4477,4064,3940,8004,4192,4065,8257,3166,3220,6386,2378,2409,4787,1948,1791,3739,1717,1792,3509,1271,2176,3447,424,1128,1552,25531,26556,52087
2020-08-10,4210,3836,8046,2261,2289,4550,4145,4016,8161,4268,4132,8400,3233,3286,6519,2430,2467,4897,1970,1815,3785,1733,1820,3553,1285,2201,3486,428,1142,1570,25963,27004,52967
2020-08-11,4264,3885,8149,2306,2320,4626,4224,4090,8314,4365,4216,8581,3310,3365,6675,2479,2521,5000,2011,1853,3864,1764,1876,3640,1303,2248,3551,435,1166,1601,26461,27540,54001
2020-08-12,4315,3938,8253,2351,2365,4716,4293,4179,8472,4430,4332,8762,3380,3436,6816,2526,2567,5093,2043,1885,3928,1779,1905,3684,1314,2269,3583,439,1183,1622,26870,28059,54929
2020-08-13,4357,3987,8344,2397,2407,4804,4391,4267,8658,4526,4444,8970,3445,3511,6956,2578,2623,5201,2070,1923,3993,1808,1927,3735,1327,2293,3620,444,1198,1642,27343,28580,55923
2020-08-14,4395,4031,8426,2428,2443,4871,4485,4365,8850,4611,4546,9157,3519,3569,7088,2628,2680,5308,2105,1959,4064,1832,1961,3793,1340,2315,3655,447,1211,1658,27790,29080,56870
2020-08-15,4449,4066,8515,2471,2481,4952,4533,4432,8965,4669,4623,9292,3561,3635,7196,2659,2718,5377,2133,1990,4123,1854,2002,3856,1355,2365,3720,451,1232,1683,28135,29544,57679
2020-08-16,4486,4094,8580,2491,2501,4992,4583,4481,9064,4713,4676,9389,3581,3677,7258,2686,2748,5434,2147,2015,4162,1870,2020,3890,1366,2398,3764,455,1252,1707,28378,29862,58240
2020-08-17,4526,4116,8642,2521,2526,5047,4647,4539,9186,4780,4747,9527,3640,3739,7379,2731,2802,5533,2165,2056,4221,1890,2037,3927,1378,2421,3799,455,1265,1720,28733,30248,58981
2020-08-18,4582,4168,8750,2558,2560,5118,4724,4609,9333,4879,4840,9719,3703,3809,7512,2766,2871,5637,2193,2092,4285,1912,2066,3978,1388,2442,3830,455,1281,1736,29160,30738,59898
2020-08-19,4638,4216,8854,2593,2599,5192,4778,4694,9472,4956,4914,9870,3755,3875,7630,2809,2912,5721,2217,2124,4341,1930,2106,4036,1405,2480,3885,461,1301,1762,29542,31221,60763
2020-08-20,4680,4263,8943,2624,2631,5255,4850,4775,9625,5021,4996,10017,3800,3934,7734,2850,2960,5810,2246,2161,4407,1949,2128,4077,1422,2505,3927,464,1313,1777,29906,31666,61572
2020-08-21,4721,4321,9042,2661,2662,5323,4913,4848,9761,5098,5078,10176,3867,3996,7863,2895,3020,5915,2283,2200,4483,1975,2171,4146,1435,2544,3979,469,1324,1793,30317,32164,62481
2020-08-22,4749,4348,9097,2690,2688,5378,4963,4900,9863,5150,5152,10302,3914,4041,7955,2924,3047,5971,2315,2226,4541,1992,2204,4196,1448,2567,4015,474,1344,1818,30619,32517,63136
2020-08-23,4784,4387,9171,2708,2705,5413,4997,4943,9940,5189,5199,10388,3952,4070,8022,2952,3084,6036,2337,2251,4588,2002,2227,4229,1461,2576,4037,479,1348,1827,30861,32790,63651
2020-08-24,4844,4447,9291,2746,2742,5488,5061,5021,10082,5260,5291,10551,4009,4143,8152,3009,3128,6137,2370,2298,4668,2025,2258,4283,1478,2605,4083,484,1367,1851,31286,33300,64586
2020-08-25,4889,4497,9386,2787,2774,5561,5134,5126,10260,5343,5387,10730,4071,4208,8279,3046,3186,6232,2399,2335,4734,2043,2282,4325,1494,2639,4133,490,1385,1875,31696,33819,65515
2020-08-26,4950,4535,9485,2827,2816,5643,5232,5210,10442,5433,5473,10906,4124,4284,8408,3096,3241,6337,2433,2370,4803,2068,2313,4381,1511,2670,4181,493,1400,1893,32167,34312,66479
2020-08-27,5008,4584,9592,2878,2871,5749,5325,5288,10613,5521,5564,11085,4196,4361,8557,3151,3295,6446,2459,2408,4867,2097,2338,4435,1530,2701,4231,497,1420,1917,32662,34830,67492
2020-08-28,5056,4632,9688,2930,2913,5843,5429,5397,10826,5604,5662,11266,4265,4454,8719,3208,3368,6576,2492,2454,4946,2133,2378,4511,1545,2732,4277,500,1430,1930,33162,35420,68582
2020-08-29,5093,4660,9753,2951,2937,5888,5501,5466,10967,5665,5752,11417,4328,4506,8834,3247,3405,6652,2528,2478,5006,2154,2400,4554,1555,2758,4313,504,1446,1950,33526,35808,69334
2020-08-30,5125,4704,9829,2982,2962,5944,5554,5517,11071,5725,5801,11526,4375,4558,8933,3281,3436,6717,2550,2505,5055,2169,2420,4589,1562,2772,4334,507,1453,1960,33830,36128,69958
2020-08-31,5179,4743,9922,3027,3000,6027,5642,5595,11237,5800,5887,11687,4436,4632,9068,3325,3482,6807,2583,2548,5131,2198,2459,4657,1584,2812,4396,509,1466,1975,34283,36624,70907
2020-09-01,5234,4792,10026,3059,3049,6108,5726,5682,11408,5903,5988,11891,4513,4697,9210,3368,3550,6918,2610,2576,5186,2216,2486,4702,1601,2860,4461,516,1482,1998,34746,37162,71908
2020-09-02,5279,4828,10107,3087,3079,6166,5794,5767,11561,5977,6079,12056,4569,4757,9326,3416,3600,7016,2634,2606,5240,2250,2513,4763,1615,2892,4507,519,1509,2028,35140,37630,72770
2020-09-03,5329,4874,10203,3135,3115,6250,5884,5869,11753,6086,6187,12273,4639,4829,9468,3470,3649,7119,2668,2645,5313,2277,2543,4820,1634,2930,4564,523,1521,2044,35645,38162,73807
2020-09-04,5380,4933,10313,3175,3157,6332,5962,5959,11921,6180,6283,12463,4709,4915,9624,3513,3705,7218,2708,2692,5400,2308,2572,4880,1652,2957,4609,527,1536,2063,36114,38709,74823
2020-09-05,5415,4963,10378,3195,3176,6371,6026,6019,12045,6247,6369,12616,4759,4994,9753,3543,3743,7286,2739,2724,5463,2330,2596,4926,1667,2981,4648,529,1544,2073,36450,39109,75559
2020-09-06,5450,4996,10446,3217,3199,6416,6064,6071,12135,6293,6413,12706,4796,5035,9831,3564,3778,7342,2759,2748,5507,2339,2624,4963,1680,2997,4677,530,1553,2083,36692,39414,76106
2020-09-07,5493,5040,10533,3250,3239,6489,6149,6162,12311,6394,6511,12905,4859,5118,9977,3614,3853,7467,2801,2789,5590,2361,2650,5011,1696,3028,4724,535,1568,2103,37152,39958,77110
2020-09-08,5535,5090,10625,3289,3281,6570,6226,6252,12478,6494,6611,13105,4928,5190,10118,3669,3909,7578,2834,2836,5670,2393,2681,5074,1714,3056,4770,540,1589,2129,37622,40495,78117
2020-09-09,5587,5135,10722,3323,3332,6655,6311,6338,12649,6579,6695,13274,5001,5260,10261,3726,3968,7694,2866,2885,5751,2416,2712,5128,1731,3093,4824,541,1609,2150,38081,41027,79108
2020-09-10,5630,5165,10795,3370,3368,6738,6414,6434,12848,6684,6815,13499,5088,5344,10432,3780,4023,7803,2896,2924,5820,2444,2742,5186,1741,3124,4865,543,1627,2170,38590,41566,80156
2020-09-11,5680,5209,10889,3424,3406,6830,6503,6505,13008,6766,6915,13681,5158,5427,10585,3836,4101,7937,2943,2962,5905,2472,2773,5245,1760,3158,4918,546,1635,2181,39088,42091,81179
2020-09-12,5718,5234,10952,3451,3435,6886,6549,6559,13108,6815,6983,13798,5192,5482,10674,3872,4149,8021,2974,2992,5966,2493,2797,5290,1773,3190,4963,548,1649,2197,39385,42470,81855
2020-09-13,5758,5269,11027,3472,3460,6932,6594,6618,13212,6862,7048,13910,5224,5524,10748,3909,4181,8090,3008,3020,6028,2510,2808,5318,1776,3206,4982,553,1658,2211,39666,42792,82458
2020-09-14,5815,5323,11138,3515,3500,7015,6677,6728,13405,6955,7139,14094,5280,5600,10880,3974,4250,8224,3052,3075,6127,2540,2841,5381,1798,3230,5028,554,1667,2221,40160,43353,83513
2020-09-15,5873,5358,11231,3547,3525,7072,6756,6791,13547,7034,7244,14278,5340,5660,11000,4014,4299,8313,3095,3117,6212,2567,2879,5446,1812,3264,5076,555,1679,2234,40593,43816,84409
2020-09-16,5935,5413,11348,3601,3580,7181,6851,6906,13757,7114,7358,14472,5414,5740,11154,4066,4361,8427,3134,3163,6297,2592,2904,5496,1828,3294,5122,558,1690,2248,41093,44409,85502
2020-09-17,5983,5454,11437,3632,3630,7262,6938,6986,13924,7189,7447,14636,5490,5838,11328,4128,4425,8553,3180,3212,6392,2623,2932,5555,1846,3316,5162,561,1698,2259,41570,44938,86508
2020-09-18,6042,5510,11552,3665,3681,7346,7020,7083,14103,7278,7566,14844,5552,5919,11471,4178,4486,8664,3215,3261,6476,2659,2961,5620,1858,3341,5199,565,1712,2277,42032,45520,87552
2020-09-19,6065,5554,11619,3690,3717,7407,7066,7127,14193,7334,7628,14962,5587,5951,11538,4208,4519,8727,3250,3294,6544,2677,2982,5659,1873,3361,5234,569,1720,2289,42319,45853,88172
2020-09-20,6099,5590,11689,3721,3752,7473,7110,7167,14277,7386,7667,15053,5621,5992,11613,4227,4554,8781,3266,3316,6582,2696,3002,5698,1879,3377,5256,572,1727,2299,42577,46144,88721
2020-09-21,6157,5635,11792,3759,3802,7561,7187,7242,14429,7470,7762,15232,5682,6068,11750,4275,4602,8877,3306,3365,6671,2728,3033,5761,1893,3397,5290,573,1738,2311,43030,46644,89674
2020-09-22,6222,5692,11914,3809,3853,7662,7269,7339,14608,7554,7850,15404,5758,6136,11894,4332,4663,8995,3355,3402,6757,2759,3070,5829,1906,3433,5339,576,1752,2328,43540,47190,90730
2020-09-23,6280,5741,12021,3847,3891,7738,7331,7430,14761,7627,7951,15578,5812,6200,12012,4380,4717,9097,3398,3447,6845,2780,3113,5893,1915,3457,5372,579,1761,2340,43949,47708,91657
2020-09-24,6344,5794,12138,3901,3944,7845,7421,7508,14929,7715,8045,15760,5882,6273,12155,4419,4763,9182,3422,3505,6927,2803,3144,5947,1938,3485,5423,586,1783,2369,44431,48244,92675
2020-09-25,6400,5836,12236,3944,3981,7925,7493,7595,15088,7793,8121,15914,5953,6345,12298,4464,4809,9273,3468,3554,7022,2828,3173,6001,1957,3512,5469,586,1793,2379,44886,48719,93605
2020-09-26,6429,5866,12295,3973,4008,7981,7536,7634,15170,7851,8170,16021,5993,6387,12380,4494,4855,9349,3498,3578,7076,2849,3187,6036,1965,3527,5492,590,1801,2391,45178,49013,94191
2020-09-27,6463,5903,12366,3993,4036,8029,7579,7688,15267,7898,8223,16121,6039,6430,12469,4522,4888,9410,3522,3602,7124,2856,3205,6061,1974,3541,5515,592,1807,2399,45438,49323,94761
2020-09-28,6519,5952,12471,4031,4065,8096,7635,7752,15387,7977,8304,16281,6119,6485,12604,4587,4951,9538,3570,3633,7203,2880,3234,6114,1991,3564,5555,596,1823,2419,45905,49763,95668
2020-09-29,6581,6007,12588,4083,4122,8205,7728,7832,15560,8084,8409,16493,6195,6555,12750,4638,4996,9634,3614,3682,7296,2911,3288,6199,2015,3601,5616,597,1847,2444,46446,50339,96785
2020-09-30,6642,6066,12708,4121,4165,8286,7811,7930,15741,8165,8493,16658,6258,6621,12879,4697,5059,9756,3656,3734,7390,2940,3321,6261,2030,3627,5657,600,1856,2456,46920,50872,97792
2020-10-01,6700,6143,12843,4164,4230,8394,7901,8037,15938,8263,8595,16858,6324,6690,13014,4744,5115,9859,3700,3784,7484,2972,3367,6339,2040,3644,5684,603,1867,2470,47411,51472,98883
2020-10-02,6781,6205,12986,4209,4279,8488,7980,8126,16106,8342,8691,17033,6380,6767,13147,4796,5160,9956,3745,3829,7574,3003,3410,6413,2052,3682,5734,608,1881,2489,47896,52030,99926
2020-10-03,6818,6243,13061,4237,4322,8559,8039,8179,16218,8399,8748,17147,6425,6815,13240,4839,5188,10027,3774,3862,7636,3026,3432,6458,2061,3707,5768,612,1886,2498,48230,52382,100612
2020-10-04,6859,6281,13140,4265,4349,8614,8097,8239,16336,8442,8798,17240,6466,6859,13325,4866,5216,10082,3797,3882,7679,3043,3450,6493,2071,3731,5802,613,1889,2502,48519,52694,101213
2020-10-05,6896,6331,13227,4304,4381,8685,8176,8315,16491,8548,8895,17443,6551,6928,13479,4924,5277,10201,3865,3928,7793,3078,3499,6577,2091,3762,5853,616,1896,2512,49049,53212,102261
2020-10-06,6944,6397,13341,4348,4429,8777,8250,8389,16639,8635,8983,17618,6636,6990,13626,4983,5336,10319,3908,3975,7883,3111,3537,6648,2110,3791,5901,622,1905,2527,49547,53732,103279
2020-10-07,7009,6439,13448,4382,4466,8848,8334,8475,16809,8734,9082,17816,6708,7069,13777,5032,5412,10444,3956,4021,7977,3139,3576,6715,2126,3817,5943,625,1912,2537,50045,54269,104314
2020-10-08,7071,6483,13554,4423,4504,8927,8404,8562,16966,8807,9176,17983,6780,7135,13915,5082,5467,10549,3999,4061,8060,3177,3612,6789,2137,3846,5983,629,1931,2560,50509,54777,105286
2020-10-09,7121,6546,13667,4476,4550,9026,8459,8657,17116,8896,9282,18178,6837,7210,14047,5124,5533,10657,4034,4106,8140,3205,3649,6854,2147,3869,6016,633,1947,2580,50932,55349,106281
2020-10-10,7147,6589,13736,4507,4574,9081,8514,8711,17225,8955,9338,18293,6884,7261,14145,5161,5580,10741,4063,4138,8201,3218,3675,6893,2163,3890,6053,639,1957,2596,51251,55713,106964
2020-10-11,7192,6625,13817,4533,4597,9130,8546,8768,17314,9001,9411,18412,6922,7301,14223,5199,5612,10811,4097,4162,8259,3234,3697,6931,2174,3908,6082,640,1963,2603,51538,56044,107582
2020-10-12,7231,6660,13891,4575,4627,9202,8597,8831,17428,9065,9474,18539,6960,7352,14312,5231,5663,10894,4140,4199,8339,3254,3729,6983,2189,3931,6120,640,1972,2612,51882,56438,108320
2020-10-13,7294,6723,14017,4622,4661,9283,8680,8914,17594,9149,9577,18726,7026,7427,14453,5296,5731,11027,4187,4247,8434,3288,3776,7064,2208,3969,6177,644,1985,2629,52394,57010,109404
2020-10-14,7344,6776,14120,4661,4706,9367,8761,9008,17769,9227,9658,18885,7079,7492,14571,5339,5783,11122,4237,4285,8522,3320,3818,7138,2225,3991,6216,644,1999,2643,52837,57516,110353
2020-10-15,7400,6825,14225,4699,4747,9446,8845,9095,17940,9323,9739,19062,7162,7572,14734,5401,5840,11241,4289,4337,8626,3346,3851,7197,2240,4020,6260,650,2009,2659,53355,58035,111390
2020-10-16,7471,6874,14345,4750,4801,9551,8960,9217,18177,9427,9826,19253,7237,7664,14901,5460,5909,11369,4337,4394,8731,3377,3899,7276,2260,4062,6322,652,2036,2688,53931,58682,112613
2020-10-17,7509,6911,14420,4785,4835,9620,9026,9276,18302,9496,9902,19398,7287,7716,15003,5495,5947,11442,4373,4431,8804,3410,3923,7333,2271,4084,6355,655,2043,2698,54307,59068,113375
2020-10-18,7545,6944,14489,4809,4852,9661,9054,9311,18365,9546,9972,19518,7314,7750,15064,5536,5966,11502,4394,4450,8844,3423,3942,7365,2279,4100,6379,656,2048,2704,54556,59335,113891
2020-10-19,7631,7005,14636,4854,4906,9760,9146,9415,18561,9650,10104,19754,7402,7870,15272,5601,6039,11640,4455,4503,8958,3460,3998,7458,2294,4134,6428,657,2057,2714,55150,60031,115181
2020-10-20,7698,7074,14772,4916,4955,9871,9251,9515,18766,9738,10201,19939,7491,7980,15471,5665,6103,11768,4509,4550,9059,3491,4043,7534,2318,4170,6488,657,2072,2729,55734,60663,116397
2020-10-21,7743,7118,14861,4979,5000,9979,9335,9615,18950,9812,10288,20100,7556,8054,15610,5721,6150,11871,4556,4594,9150,3520,4075,7595,2336,4201,6537,659,2076,2735,56217,61171,117388
2020-10-22,7789,7165,14954,5043,5061,10104,9404,9698,19102,9874,10375,20249,7629,8115,15744,5771,6202,11973,4581,4644,9225,3541,4111,7652,2351,4226,6577,662,2084,2746,56645,61681,118326
2020-10-23,7836,7206,15042,5081,5091,10172,9456,9763,19219,9929,10441,20370,7674,8186,15860,5813,6243,12056,4618,4687,9305,3575,4140,7715,2364,4245,6609,666,2099,2765,57012,62101,119113
2020-10-24,7866,7232,15098,5101,5112,10213,9503,9792,19295,9970,10487,20457,7705,8225,15930,5835,6276,12111,4639,4717,9356,3597,4164,7761,2371,4267,6638,668,2109,2777,57255,62381,119636
2020-10-25,7909,7261,15170,5122,5142,10264,9550,9841,19391,10009,10562,20571,7748,8263,16011,5860,6324,12184,4659,4747,9406,3617,4187,7804,2376,4280,6656,670,2111,2781,57520,62718,120238
2020-10-26,7965,7309,15274,5176,5191,10367,9617,9909,19526,10092,10656,20748,7797,8342,16139,5914,6391,12305,4701,4790,9491,3654,4225,7879,2387,4306,6693,671,2120,2791,57974,63239,121213
2020-10-27,8018,7364,15382,5219,5225,10444,9708,9997,19705,10164,10743,20907,7874,8417,16291,5970,6462,12432,4753,4853,9606,3684,4269,7953,2402,4333,6735,674,2126,2800,58466,63789,122255
2020-10-28,8069,7420,15489,5260,5268,10528,9777,10074,19851,10246,10839,21085,7922,8492,16414,6029,6524,12553,4796,4891,9687,3706,4301,8007,2413,4359,6772,677,2137,2814,58895,64305,123200
2020-10-29,8113,7462,15575,5296,5306,10602,9868,10155,20023,10332,10926,21258,7973,8568,16541,6075,6575,12650,4837,4933,9770,3727,4328,8055,2424,4383,6807,678,2144,2822,59323,64780,124103
2020-10-30,8159,7494,15653,5321,5347,10668,9922,10231,20153,10401,11008,21409,8035,8640,16675,6115,6630,12745,4880,4990,9870,3749,4359,8108,2443,4408,6851,682,2158,2840,59707,65265,124972
2020-10-31,8196,7519,15715,5341,5364,10705,9964,10265,20229,10443,11077,21520,8069,8685,16754,6143,6660,12803,4909,5030,9939,3770,4388,8158,2451,4423,6874,684,2167,2851,59970,65578,125548
2020-11-01,8251,7562,15813,5368,5398,10766,10019,10331,20350,10492,11139,21631,8114,8726,16840,6174,6701,12875,4931,5076,10007,3791,4411,8202,2459,4440,6899,687,2171,2858,60286,65955,126241
2020-11-02,8299,7620,15919,5410,5444,10854,10095,10414,20509,10575,11217,21792,8187,8802,16989,6219,6750,12969,4975,5127,10102,3826,4448,8274,2473,4458,6931,688,2181,2869,60747,66461,127208
2020-11-03,8334,7660,15994,5434,5480,10914,10149,10496,20645,10647,11286,21933,8245,8848,17093,6260,6790,13050,5011,5161,10172,3861,4482,8343,2489,4488,6977,689,2192,2881,61119,66883,128002
2020-11-04,8383,7707,16090,5472,5522,10994,10249,10588,20837,10727,11380,22107,8331,8931,17262,6322,6849,13171,5069,5219,10288,3898,4517,8415,2511,4523,7034,695,2205,2900,61657,67441,129098
2020-11-05,8447,7760,16207,5543,5582,11125,10364,10692,21056,10841,11477,22318,8421,9021,17442,6388,6921,13309,5111,5279,10390,3932,4552,8484,2528,4547,7075,699,2215,2914,62274,68046,130320
2020-11-06,8480,7803,16283,5578,5624,11202,10429,10749,21178,10888,11553,22441,8468,9063,17531,6432,6973,13405,5146,5328,10474,3966,4597,8563,2544,4577,7121,702,2222,2924,62633,68489,131122
2020-11-07,8518,7842,16360,5603,5655,11258,10477,10803,21280,10929,11617,22546,8517,9116,17633,6473,7020,13493,5193,5376,10569,4000,4625,8625,2565,4595,7160,708,2228,2936,62983,68877,131860
2020-11-08,8567,7897,16464,5626,5693,11319,10537,10866,21403,10987,11698,22685,8566,9167,17733,6509,7065,13574,5226,5423,10649,4023,4653,8676,2573,4610,7183,710,2233,2943,63324,69305,132629
2020-11-09,8644,7960,16604,5690,5735,11425,10605,10964,21569,11082,11807,22889,8645,9251,17896,6572,7131,13703,5274,5476,10750,4048,4699,8747,2599,4642,7241,714,2243,2957,63873,69908,133781
2020-11-10,8687,8002,16689,5732,5780,11512,10681,11024,21705,11167,11893,23060,8697,9303,18000,6617,7177,13794,5332,5520,10852,4076,4731,8807,2621,4669,7290,719,2254,2973,64329,70353,134682
2020-11-11,8750,8052,16802,5771,5824,11595,10768,11121,21889,11249,11980,23229,8774,9380,18154,6692,7239,13931,5370,5561,10931,4109,4768,8877,2641,4705,7346,724,2271,2995,64848,70901,135749
2020-11-12,8815,8108,16923,5809,5862,11671,10854,11211,22065,11361,12080,23441,8855,9461,18316,6752,7299,14051,5421,5621,11042,4142,4818,8960,2660,4741,7401,727,2282,3009,65396,71483,136879
2020-11-13,8873,8147,17020,5856,5906,11762,10948,11315,22263,11428,12173,23601,8921,9533,18454,6801,7355,14156,5478,5682,11160,4179,4863,9042,2680,4780,7460,732,2295,3027,65896,72049,137945
2020-11-14,8938,8205,17143,5887,5936,11823,10994,11374,22368,11497,12238,23735,8969,9589,18558,6843,7397,14240,5521,5707,11228,4204,4903,9107,2692,4800,7492,736,2298,3034,66281,72447,138728
2020-11-15,8998,8266,17264,5934,5962,11896,11052,11446,22498,11568,12301,23869,9025,9644,18669,6894,7446,14340,5570,5750,11320,4230,4938,9168,2702,4824,7526,736,2309,3045,66709,72886,139595
2020-11-16,9055,8325,17380,5994,6008,12002,11115,11508,22623,11649,12395,24044,9099,9709,18808,6932,7502,14434,5616,5792,11408,4262,4982,9244,2719,4849,7568,739,2323,3062,67180,73393,140573
2020-11-17,9114,8391,17505,6047,6055,12102,11207,11617,22824,11754,12505,24259,9177,9797,18974,6990,7572,14562,5682,5866,11548,4307,5036,9343,2737,4890,7627,744,2338,3082,67759,74067,141826
2020-11-18,9170,8445,17615,6114,6099,12213,11297,11712,23009,11859,12623,24482,9238,9874,19112,7043,7631,14674,5727,5910,11637,4353,5078,9431,2750,4932,7682,746,2343,3089,68297,74647,142944
2020-11-19,9234,8500,17734,6174,6151,12325,11389,11832,23221,11947,12730,24677,9308,9963,19271,7103,7690,14793,5767,5965,11732,4391,5111,9502,2772,4968,7740,749,2350,3099,68834,75260,144094
2020-11-20,9292,8550,17842,6214,6203,12417,11471,11921,23392,12033,12822,24855,9375,10050,19425,7150,7748,14898,5817,6006,11823,4421,5143,9564,2791,4998,7789,753,2362,3115,69317,75803,145120
2020-11-21,9340,8600,17940,6242,6245,12487,11527,11982,23509,12101,12881,24982,9427,10107,19534,7188,7795,14983,5853,6046,11899,4444,5164,9608,2801,5017,7818,756,2371,3127,69679,76208,145887
2020-11-22,9384,8634,18018,6271,6276,12547,11582,12030,23612,12150,12943,25093,9476,10151,19627,7219,7826,15045,5882,6087,11969,4466,5181,9647,2813,5038,7851,758,2381,3139,70001,76547,146548
2020-11-23,9441,8687,18128,6307,6320,12627,11638,12108,23746,12224,13008,25232,9531,10219,19750,7257,7875,15132,5918,6131,12049,4495,5212,9707,2832,5066,7898,763,2393,3156,70406,77019,147425
2020-11-24,9494,8753,18247,6359,6370,12729,11718,12208,23926,12330,13098,25428,9607,10287,19894,7317,7939,15256,5971,6191,12162,4537,5256,9793,2858,5099,7957,764,2401,3165,70955,77602,148557
2020-11-25,9557,8812,18369,6414,6421,12835,11810,12315,24125,12419,13198,25617,9675,10357,20032,7374,7986,15360,6023,6236,12259,4560,5301,9861,2877,5132,8009,770,2411,3181,71479,78169,149648
2020-11-26,9616,8872,18488,6473,6477,12950,11892,12410,24302,12516,13316,25832,9740,10434,20174,7431,8042,15473,6077,6287,12364,4596,5347,9943,2888,5160,8048,779,2421,3200,72008,78766,150774
2020-11-27,9665,8921,18586,6514,6514,13028,11972,12519,24491,12585,13403,25988,9798,10474,20272,7483,8095,15578,6117,6324,12441,4624,5382,10006,2902,5196,8098,783,2425,3208,72443,79253,151696
2020-11-28,9728,8957,18685,6553,6541,13094,12034,12587,24621,12632,13478,26110,9845,10537,20382,7535,8137,15672,6140,6352,12492,4647,5416,10063,2917,5220,8137,784,2432,3216,72815,79657,152472
2020-11-29,9785,9002,18787,6582,6577,13159,12102,12668,24770,12694,13563,26257,9913,10590,20503,7575,8183,15758,6188,6406,12594,4669,5450,10119,2932,5236,8168,785,2437,3222,73225,80112,153337
2020-11-30,9862,9064,18926,6650,6625,13275,12213,12789,25002,12802,13667,26469,10004,10684,20688,7640,8251,15891,6259,6480,12739,4728,5494,10222,2951,5268,8219,788,2446,3234,73897,80768,154665
2020-12-01,9908,9129,19037,6697,6681,13378,12323,12891,25214,12894,13779,26673,10081,10777,20858,7674,8304,15978,6325,6557,12882,4775,5543,10318,2978,5296,8274,792,2451,3243,74447,81408,155855
2020-12-02,9946,9163,19109,6734,6720,13454,12387,12970,25357,12956,13857,26813,10143,10841,20984,7709,8344,16053,6362,6588,12950,4805,5578,10383,2996,5314,8310,794,2459,3253,74832,81834,156666
2020-12-03,9992,9210,19202,6791,6768,13559,12480,13088,25568,13060,13979,27039,10223,10934,21157,7764,8402,16166,6420,6647,13067,4846,5615,10461,3010,5339,8349,796,2466,3262,75382,82448,157830
2020-12-04,10048,9265,19313,6847,6816,13663,12565,13176,25741,13148,14076,27224,10300,11024,21324,7828,8481,16309,6478,6725,13203,4896,5654,10550,3027,5371,8398,802,2476,3278,75939,83064,159003
2020-12-05,10097,9317,19414,6890,6857,13747,12644,13239,25883,13234,14155,27389,10358,11076,21434,7869,8520,16389,6513,6765,13278,4923,5680,10603,3035,5392,8427,807,2483,3290,76370,83484,159854
2020-12-06,10138,9367,19505,6925,6888,13813,12697,13296,25993,13287,14214,27501,10405,11133,21538,7897,8558,16455,6546,6806,13352,4949,5705,10654,3051,5409,8460,808,2488,3296,76703,83864,160567
2020-12-07,10172,9416,19588,6974,6927,13901,12780,13370,26150,13366,14287,27653,10455,11206,21661,7930,8597,16527,6577,6840,13417,4976,5734,10710,3066,5430,8496,810,2496,3306,77106,84303,161409
2020-12-08,10216,9463,19679,7002,6967,13969,12856,13452,26308,13433,14362,27795,10508,11254,21762,7975,8643,16618,6624,6885,13509,4995,5774,10769,3073,5450,8523,814,2502,3316,77496,84752,162248
2020-12-09,10277,9516,19793,7045,7019,14064,12966,13584,26550,13530,14473,28003,10595,11339,21934,8049,8726,16775,6698,6959,13657,5036,5832,10868,3093,5488,8581,816,2519,3335,78105,85455,163560
2020-12-10,10342,9564,19906,7106,7098,14204,13088,13716,26804,13648,14623,28271,10679,11447,22126,8129,8818,16947,6769,7031,13800,5073,5874,10947,3113,5536,8649,821,2529,3350,78768,86236,165004
2020-12-11,10404,9629,20033,7168,7156,14324,13213,13852,27065,13777,14751,28528,10778,11547,22325,8204,8916,17120,6842,7120,13962,5121,5934,11055,3132,5566,8698,823,2537,3360,79462,87008,166470
2020-12-12,10464,9681,20145,7217,7207,14424,13318,13960,27278,13874,14871,28745,10868,11646,22514,8274,8998,17272,6896,7201,14097,5154,5976,11130,3145,5591,8736,825,2546,3371,80035,87677,167712
2020-12-13,10522,9720,20242,7265,7260,14525,13395,14058,27453,13974,14979,28953,10939,11726,22665,8338,9079,17417,6948,7248,14196,5182,6005,11187,3161,5611,8772,831,2550,3381,80555,88236,168791
2020-12-14,10600,9776,20376,7325,7318,14643,13524,14198,27722,14117,15128,29245,11043,11842,22885,8422,9177,17599,7033,7331,14364,5236,6065,11301,3184,5641,8825,841,2563,3404,81325,89039,170364
2020-12-15,10658,9832,20490,7383,7380,14763,13633,14334,27967,14254,15264,29518,11146,11937,23083,8506,9281,17787,7116,7412,14528,5276,6111,11387,3196,5666,8862,844,2574,3418,82012,89791,171803
2020-12-16,10699,9890,20589,7465,7470,14935,13776,14494,28270,14411,15446,29857,11282,12077,23359,8605,9385,17990,7197,7502,14699,5325,6172,11497,3218,5690,8908,848,2584,3432,82826,90710,173536
2020-12-17,10772,9962,20734,7546,7553,15099,13909,14694,28603,14604,15670,30274,11436,12231,23667,8733,9494,18227,7262,7588,14850,5373,6217,11590,3230,5714,8944,850,2592,3442,83715,91715,175430
2020-12-18,10858,10026,20884,7632,7652,15284,14092,14899,28991,14802,15902,30704,11606,12403,24009,8871,9632,18503,7404,7709,15113,5442,6292,11734,3245,5755,9000,854,2599,3453,84806,92869,177675
2020-12-19,10923,10083,21006,7714,7724,15438,14217,15068,29285,15016,16129,31145,11742,12552,24294,8974,9732,18706,7490,7820,15310,5490,6352,11842,3258,5783,9041,857,2605,3462,85681,93848,179529
2020-12-20,10978,10153,21131,7797,7820,15617,14383,15224,29607,15227,16349,31576,11902,12722,24624,9106,9881,18987,7570,7918,15488,5542,6404,11946,3271,5798,9069,861,2612,3473,86637,94881,181518
2020-12-21,11061,10237,21298,7881,7905,15786,14583,15419,30002,15470,16625,32095,12089,12902,24991,9233,10035,19268,7709,8044,15753,5611,6478,12089,3284,5843,9127,866,2619,3485,87787,96107,183894
2020-12-22,11147,10328,21475,8005,8029,16034,14816,15671,30487,15731,16927,32658,12285,13097,25382,9384,10200,19584,7836,8187,16023,5679,6540,12219,3301,5873,9174,870,2625,3495,89054,97477,186531
2020-12-23,11252,10418,21670,8126,8151,16277,15061,15935,30996,16038,17223,33261,12496,13324,25820,9527,10340,19867,7944,8329,16273,5737,6605,12342,3328,5913,9241,877,2639,3516,90386,98877,189263
2020-12-24,11303,10467,21770,8184,8223,16407,15219,16078,31297,16228,17396,33624,12624,13443,26067,9591,10424,20015,7996,8409,16405,5784,6633,12417,3333,5931,9264,878,2643,3521,91140,99647,190787
2020-12-25,11334,10487,21821,8209,8250,16459,15262,16117,31379,16272,17459,33731,12667,13474,26141,9623,10458,20081,8015,8431,16446,5798,6643,12441,3338,5949,9287,883,2647,3530,91401,99915,191316
2020-12-26,11411,10549,21960,8321,8389,16710,15449,16349,31798,16534,17729,34263,12845,13663,26508,9768,10596,20364,8109,8543,16652,5854,6708,12562,3358,5984,9342,884,2658,3542,92533,101168,193701
2020-12-27,11460,10592,22052,8471,8517,16988,15645,16550,32195,16802,17995,34797,13062,13882,26944,9911,10769,20680,8226,8658,16884,5909,6784,12693,3378,6016,9394,887,2669,3556,93751,102432,196183
2020-12-28,11565,10681,22246,8660,8726,17386,15949,16876,32825,17184,18381,35565,13360,14170,27530,10105,10999,21104,8363,8831,17194,5983,6882,12865,3410,6065,9475,889,2689,3578,95468,104300,199768
2020-12-29,11648,10761,22409,8844,8924,17768,16262,17207,33469,17515,18733,36248,13638,14480,28118,10294,11190,21484,8510,8994,17504,6065,6980,13045,3435,6121,9556,896,2705,3601,97107,106095,203202
2020-12-30,11739,10833,22572,9059,9163,18222,16595,17560,34155,17912,19117,37029,13904,14798,28702,10490,11439,21929,8662,9159,17821,6147,7071,13218,3459,6167,9626,899,2718,3617,98866,108025,206891
2020-12-31,11805,10896,22701,9222,9318,18540,16840,17821,34661,18164,19412,37576,14104,15037,29141,10634,11591,22225,8734,9246,17980,6188,7125,13313,3478,6193,9671,899,2726,3625,100068,109365,209433
2021-01-01,11838,10917,22755,9264,9360,18624,16897,17903,34800,18236,19492,37728,14155,15099,29254,10679,11647,22326,8762,9270,18032,6207,7148,13355,3485,6209,9694,900,2730,3630,100423,109775,210198
2021-01-02,11914,10979,22893,9420,9534,18954,17128,18159,35287,18526,19802,38328,14363,15332,29695,10840,11832,22672,8920,9437,18357,6280,7236,13516,3503,6243,9746,905,2739,3644,101799,111293,213092
2021-01-03,11967,11044,23011,9675,9797,19472,17551,18669,36220,19057,20339,39396,14745,15766,30511,11097,12155,23252,9135,9682,18817,6372,7355,13727,3533,6286,9819,908,2750,3658,104040,113843,217883
2021-01-04,12057,11131,23188,9951,10071,20022,18211,19452,37663,19796,21147,40943,15274,16334,31608,11435,12583,24018,9378,9946,19324,6505,7482,13987,3574,6364,9938,914,2763,3677,107095,117273,224368
2021-01-05,12142,11224,23366,10264,10394,20658,18908,20252,39160,20520,21960,42480,15798,16925,32723,11807,12983,24790,9639,10293,19932,6631,7626,14257,3614,6440,10054,922,2774,3696,110245,120871,231116
2021-01-06,12241,11307,23548,10619,10747,21366,19601,20986,40587,21217,22699,43916,16364,17491,33855,12214,13430,25644,9926,10613,20539,6762,7786,14548,3649,6513,10162,926,2794,3720,113519,124366,237885
2021-01-07,12328,11386,23714,10879,11041,21920,20137,21595,41732,21790,23333,45123,16786,17928,34714,12504,13778,26282,10149,10888,21037,6862,7921,14783,3686,6575,10261,930,2808,3738,116051,127253,243304
2021-01-08,12420,11475,23895,11164,11349,22513,20671,22197,42868,22284,23954,46238,17154,18436,35590,12783,14117,26900,10327,11112,21439,6962,8049,15011,3722,6618,10340,936,2818,3754,118423,130125,248548
2021-01-09,12480,11543,24023,11407,11635,23042,21109,22736,43845,22826,24586,47412,17544,18890,36434,13058,14446,27504,10492,11352,21844,7044,8148,15192,3750,6671,10421,936,2830,3766,120646,132837,253483
2021-01-10,12552,11619,24171,11705,11973,23678,21555,23285,44840,23324,25191,48515,17933,19346,37279,13319,14755,28074,10660,11527,22187,7103,8248,15351,3767,6714,10481,940,2849,3789,122858,135507,258365
2021-01-11,12646,11687,24333,12020,12323,24343,22184,24014,46198,23999,25939,49938,18365,19876,38241,13644,15134,28778,10863,11776,22639,7199,8355,15554,3800,6776,10576,945,2873,3818,125665,138753,264418
2021-01-12,12759,11754,24513,12298,12641,24939,22690,24636,47326,24464,26540,51004,18759,20325,39084,13939,15518,29457,11076,11976,23052,7286,8460,15746,3836,6817,10653,950,2883,3833,128057,141550,269607
2021-01-13,12885,11863,24748,12606,13008,25614,23293,25315,48608,24998,27176,52174,19220,20828,40048,14260,15899,30159,11318,12253,23571,7381,8571,15952,3860,6875,10735,956,2889,3845,130777,144677,275454
2021-01-14,12981,11963,24944,12937,13401,26338,23811,25977,49788,25543,27806,53349,19615,21327,40942,14578,16291,30869,11531,12496,24027,7466,8677,16143,3883,6920,10803,960,2899,3859,133305,147757,281062
2021-01-15,13092,12051,25143,13461,13970,27431,24425,26771,51196,26379,28720,55099,20234,22052,42286,15049,16830,31879,11778,12801,24579,7569,8812,16381,3909,6975,10884,964,2909,3873,136860,151891,288751
2021-01-16,13153,12101,25254,14072,14587,28659,24984,27501,52485,27085,29577,56662,20926,22825,43751,15525,17309,32834,12051,13114,25165,7711,8943,16654,3936,7018,10954,966,2919,3885,140409,155894,296303
2021-01-17,13219,12143,25362,14563,15150,29713,25545,28263,53808,27779,30379,58158,21629,23614,45243,15969,17771,33740,12271,13351,25622,7803,9047,16850,3956,7050,11006,968,2925,3893,143702,159693,303395
2021-01-18,13313,12234,25547,15168,15754,30922,26284,29110,55394,28619,31309,59928,22419,24457,46876,16525,18367,34892,12616,13736,26352,7952,9201,17153,3999,7127,11126,973,2949,3922,147868,164244,312112
2021-01-19,13416,12318,25734,15738,16340,32078,26972,29924,56896,29444,32202,61646,23156,25279,48435,17026,18947,35973,12949,14108,27057,8091,9372,17463,4026,7189,11215,980,2962,3942,151798,168641,320439
2021-01-20,13517,12407,25924,16275,16893,33168,27595,30651,58246,30191,32991,63182,23825,25987,49812,17526,19500,37026,13297,14478,27775,8256,9554,17810,4062,7242,11304,986,2978,3964,155530,172681,328211
2021-01-21,13637,12494,26131,16656,17360,34016,28191,31274,59465,30763,33626,64389,24302,26574,50876,17865,19995,37860,13563,14739,28302,8365,9676,18041,4105,7306,11411,994,3002,3996,158441,176046,334487
2021-01-22,13722,12583,26305,17083,17775,34858,28675,31881,60556,31238,34243,65481,24765,27125,51890,18199,20375,38574,13796,14997,28793,8467,9800,18267,4131,7357,11488,1000,3008,4008,161076,179144,340220
2021-01-23,13773,12633,26406,17532,18240,35772,29175,32518,61693,31764,34840,66604,25224,27623,52847,18553,20788,39341,13971,15203,29174,8524,9873,18397,4152,7395,11547,1003,3014,4017,163671,182127,345798
2021-01-24,13836,12688,26524,18091,18788,36879,29731,33174,62905,32316,35508,67824,25811,28259,54070,18958,21222,40180,14188,15428,29616,8605,9979,18584,4181,7436,11617,1005,3020,4025,166722,185502,352224
2021-01-25,13926,12790,26716,18754,19429,38183,30509,34039,64548,33068,36355,69423,26473,29008,55481,19411,21762,41173,14461,15730,30191,8739,10127,18866,4220,7507,11727,1013,3037,4050,170574,189784,360358
2021-01-26,14044,12879,26923,19307,19979,39286,31129,34713,65842,33666,36993,70659,27045,29636,56681,19822,22241,42063,14717,16038,30755,8861,10267,19128,4257,7578,11835,1017,3053,4070,173865,193377,367242
2021-01-27,14160,12974,27134,19772,20454,40226,31668,35370,67038,34229,37667,71896,27539,30235,57774,20200,22681,42881,14947,16284,31231,8954,10381,19335,4294,7636,11930,1019,3074,4093,176782,196756,373538
2021-01-28,14250,13060,27310,20169,20886,41055,32140,35917,68057,34712,38225,72937,27937,30726,58663,20515,23057,43572,15171,16537,31708,9073,10515,19588,4329,7687,12016,1024,3091,4115,179320,199701,379021
2021-01-29,14321,13159,27480,20738,21455,42193,32761,36622,69383,35399,39006,74405,28546,31442,59988,20999,23576,44575,15452,16861,32313,9188,10673,19861,4354,7754,12108,1028,3102,4130,182786,203650,386436
2021-01-30,14387,13208,27595,21504,22282,43786,33322,37312,70634,36134,39877,76011,29339,32365,61704,21561,24173,45734,15745,17227,32972,9309,10832,20141,4385,7805,12190,1030,3112,4142,186716,208193,394909
2021-01-31,14446,13268,27714,22668,23518,46186,34107,38182,72289,37048,40964,78012,30513,33755,64268,22319,24994,47313,16076,17592,33668,9426,10981,20407,4413,7856,12269,1032,3127,4159,192048,214237,406285
2021-02-01,14532,13345,27877,23632,24603,48235,34783,39073,73856,37946,42028,79974,31530,34947,66477,23075,25752,48827,16459,18045,34504,9558,11185,20743,4460,7910,12370,1034,3138,4172,197009,220026,417035
2021-02-02,14623,13428,28051,24423,25505,49928,35422,39833,75255,38797,43030,81827,32499,36077,68576,23736,26475,50211,16879,18479,35358,9770,11426,21196,4509,7983,12492,1038,3149,4187,201696,225385,427081
2021-02-03,14688,13519,28207,25064,26126,51190,36016,40551,76567,39512,43860,83372,33225,36916,70141,24259,27121,51380,17261,18885,36146,9942,11635,21577,4550,8058,12608,1043,3164,4207,205560,229835,435395
2021-02-04,14764,13595,28359,25437,26520,51957,36462,41113,77575,40031,44457,84488,33664,37530,71194,24627,27575,52202,17488,19179,36667,10058,11790,21848,4579,8105,12684,1048,3183,4231,208158,233047,441205
2021-02-05,14847,13671,28518,25783,26868,52651,36881,41633,78514,40474,45014,85488,34077,37998,72075,24937,27952,52889,17710,19445,37155,10169,11923,22092,4597,8158,12755,1049,3193,4242,210524,235855,446379
2021-02-06,14901,13718,28619,26155,27302,53457,37266,42113,79379,40922,45631,86553,34523,38531,73054,25299,28377,53676,17912,19668,37580,10260,12040,22300,4621,8203,12824,1050,3200,4250,212909,238783,451692
2021-02-07,14957,13779,28736,26572,27756,54328,37650,42602,80252,41434,46232,87666,34989,39118,74107,25645,28802,54447,18095,19865,37960,10351,12146,22497,4640,8233,12873,1056,3205,4261,215389,241738,457127
2021-02-08,15057,13859,28916,27118,28423,55541,38244,43304,81548,42175,47148,89323,35737,40023,75760,26066,29359,55425,18366,20194,38560,10479,12289,22768,4671,8304,12975,1060,3225,4285,218973,246128,465101
2021-02-09,15152,13920,29072,27588,28935,56523,38758,43939,82697,42860,47921,90781,36343,40777,77120,26500,29880,56380,18665,20523,39188,10623,12450,23073,4710,8372,13082,1065,3241,4306,222264,249958,472222
2021-02-10,15233,13983,29216,27943,29298,57241,39161,44482,83643,43400,48602,92002,36880,41440,78320,26836,30327,57163,18898,20798,39696,10750,12578,23328,4743,8424,13167,1065,3254,4319,224909,253186,478095
2021-02-11,15307,14045,29352,28235,29674,57909,39524,45005,84529,43953,49224,93177,37367,42061,79428,27107,30760,57867,19129,21054,40183,10855,12699,23554,4774,8480,13254,1069,3265,4334,227320,256267,483587
2021-02-12,15389,14114,29503,28588,30077,58665,39920,45453,85373,44502,49884,94386,37866,42695,80561,27428,31194,58622,19345,21330,40675,10959,12828,23787,4807,8536,13343,1072,3280,4352,229876,259391,489267
2021-02-13,15443,14157,29600,29040,30617,59657,40319,45933,86252,45137,50643,95780,38467,43517,81984,27802,31648,59450,19562,21582,41144,11032,12936,23968,4831,8577,13408,1077,3291,4368,232710,262901,495611
2021-02-14,15491,14195,29686,29529,31151,60680,40648,46400,87048,45746,51447,97193,39199,44351,83550,28186,32113,60299,19800,21841,41641,11133,13065,24198,4849,8604,13453,1080,3303,4383,235661,266470,502131
2021-02-15,15532,14256,29788,30137,31814,61951,41140,47027,88167,46517,52400,98917,40075,45366,85441,28705,32684,61389,20047,22134,42181,11231,13206,24437,4874,8670,13544,1082,3315,4397,239340,270872,510212
2021-02-16,15586,14297,29883,30780,32403,63183,41792,47931,89723,47485,53508,100993,40953,46413,87366,29180,33189,62369,20288,22380,42668,11321,13344,24665,4895,8709,13604,1090,3320,4410,243370,275494,518864
2021-02-17,15661,14388,30049,31204,32896,64100,42596,48911,91507,48259,54426,102685,41597,47117,88714,29587,33688,63275,20616,22741,43357,11457,13513,24970,4922,8779,13701,1096,3340,4436,246995,279799,526794
2021-02-18,15737,14456,30193,31558,33320,64878,43213,49669,92882,48976,55244,104220,42145,47795,89940,30013,34151,64164,20884,23058,43942,11601,13679,25280,4957,8836,13793,1100,3354,4454,250184,283562,533746
2021-02-19,15827,14521,30348,31882,33765,65647,43772,50356,94128,49594,56034,105628,42668,48451,91119,30385,34626,65011,21142,23373,44515,11725,13843,25568,4990,8891,13881,1104,3367,4471,253089,287227,540316
2021-02-20,15893,14573,30466,32176,34143,66319,44247,50944,95191,50115,56755,106870,43142,49056,92198,30727,35087,65814,21342,23662,45004,11811,13953,25764,5013,8930,13943,1108,3372,4480,255574,290475,546049
2021-02-21,15971,14620,30591,32476,34509,66985,44698,51554,96252,50694,57451,108145,43613,49655,93268,31043,35483,66526,21572,23927,45499,11896,14066,25962,5038,8965,14003,1114,3383,4497,258115,293613,551728
2021-02-22,16072,14727,30799,32782,34917,67699,45242,52280,97522,51328,58239,109567,44119,50276,94395,31413,35929,67342,21833,24245,46078,12019,14202,26221,5083,9010,14093,1117,3391,4508,261008,297216,558224
2021-02-23,16181,14816,30997,33055,35224,68279,45722,52871,98593,51865,58909,110774,44543,50811,95354,31756,36355,68111,22093,24549,46642,12137,14354,26491,5117,9067,14184,1124,3407,4531,263593,300363,563956
2021-02-24,16266,14925,31191,33331,35529,68860,46118,53355,99473,52352,59448,111800,44881,51264,96145,32039,36703,68742,22321,24802,47123,12249,14483,26732,5146,9112,14258,1127,3417,4544,265830,303038,568868
2021-02-25,16385,15037,31422,33532,35774,69306,46524,53787,100311,52757,59900,112657,45207,51637,96844,32290,37023,69313,22507,25042,47549,12341,14609,26950,5172,9158,14330,1131,3431,4562,267846,305398,573244
2021-02-26,16483,15140,31623,33724,36023,69747,46896,54269,101165,53220,60388,113608,45537,52067,97604,32558,37359,69917,22715,25333,48048,12444,14736,27180,5200,9208,14408,1133,3450,4583,269910,307973,577883
2021-02-27,16551,15207,31758,33943,36334,70277,47261,54780,102041,53723,60965,114688,45863,52495,98358,32880,37759,70639,22971,25637,48608,12549,14868,27417,5225,9262,14487,1135,3458,4593,272101,310765,582866
2021-02-28,16625,15280,31905,34270,36710,70980,47706,55351,103057,54382,61752,116134,46379,53133,99512,33310,38294,71604,23295,26006,49301,12705,15040,27745,5260,9310,14570,1137,3466,4603,275069,314342,589411
2021-03-01,16779,15400,32179,34499,36977,71476,48083,55793,103876,54848,62237,117085,46711,53536,100247,33547,38614,72161,23513,26257,49770,12792,15181,27973,5285,9363,14648,1143,3484,4627,277200,316842,594042
2021-03-02,16940,15539,32479,34736,37234,71970,48461,56219,104680,55241,62710,117951,47040,53907,100947,33788,38958,72746,23678,26497,50175,12884,15267,28151,5323,9417,14740,1146,3491,4637,279237,319239,598476
2021-03-03,17092,15656,32748,34902,37464,72366,48743,56627,105370,55602,63109,118711,47307,54217,101524,34028,39273,73301,23910,26775,50685,12996,15398,28394,5350,9458,14808,1147,3503,4650,281077,321480,602557
2021-03-04,17224,15783,33007,35072,37677,72749,49032,56962,105994,55932,63484,119416,47554,54517,102071,34227,39567,73794,24098,27056,51154,13105,15540,28645,5377,9505,14882,1153,3523,4676,282774,323614,606388
2021-03-05,17353,15900,33253,35268,37885,73153,49319,57366,106685,56291,63895,120186,47793,54801,102594,34461,39864,74325,24305,27282,51587,13205,15660,28865,5403,9551,14954,1153,3531,4684,284551,325735,610286
2021-03-06,17440,15977,33417,35399,38041,73440,49579,57676,107255,56602,64240,120842,48011,55070,103081,34631,40096,74727,24441,27440,51881,13272,15753,29025,5427,9581,15008,1155,3539,4694,285957,327413,613370
2021-03-07,17525,16060,33585,35543,38210,73753,49839,58015,107854,56942,64622,121564,48191,55362,103553,34822,40387,75209,24633,27660,52293,13348,15847,29195,5449,9621,15070,1159,3543,4702,287451,329327,616778
2021-03-08,17686,16210,33896,35723,38457,74180,50150,58446,108596,57325,65075,122400,48501,55694,104195,35099,40743,75842,24893,27925,52818,13460,15971,29431,5475,9671,15146,1163,3556,4719,289475,331748,621223
2021-03-09,17871,16391,34262,35915,38651,74566,50475,58803,109278,57721,65504,123225,48804,56032,104836,35360,41083,76443,25133,28273,53406,13600,16117,29717,5504,9721,15225,1167,3567,4734,291550,334142,625692
2021-03-10,18079,16575,34654,36123,38880,75003,50767,59142,109909,58114,65938,124052,49054,56352,105406,35593,41396,76989,25363,28524,53887,13708,16262,29970,5536,9772,15308,1170,3578,4748,293507,336419,629926
2021-03-11,18245,16759,35004,36278,39065,75343,51020,59495,110515,58392,66285,124677,49256,56615,105871,35766,41624,77390,25507,28748,54255,13803,16364,30167,5564,9808,15372,1173,3594,4767,295004,338357,633361
2021-03-12,18465,16963,35428,36468,39301,75769,51302,59868,111170,58747,66723,125470,49519,56937,106456,35968,41920,77888,25703,29022,54725,13905,16485,30390,5594,9862,15456,1176,3606,4782,296847,340687,637534
2021-03-13,18598,17085,35683,36601,39472,76073,51598,60209,111807,59094,67105,126199,49754,57206,106960,36162,42211,78373,25909,29266,55175,13985,16582,30567,5611,9904,15515,1180,3609,4789,298492,342649,641141
2021-03-14,18721,17247,35968,36751,39642,76393,51835,60594,112429,59473,67535,127008,49989,57509,107498,36420,42520,78940,26125,29541,55666,14076,16703,30779,5632,9944,15576,1185,3619,4804,300207,344854,645061
2021-03-15,18973,17475,36448,36971,39872,76843,52163,61066,113229,59888,68017,127905,50308,57906,108214,36704,42886,79590,26387,29827,56214,14190,16880,31070,5656,9998,15654,1189,3632,4821,302429,347559,649988
2021-03-16,19205,17703,36908,37171,40117,77288,52447,61446,113893,60286,68466,128752,50583,58201,108784,36950,43204,80154,26602,30112,56714,14290,17012,31302,5680,10057,15737,1195,3649,4844,304409,349967,654376
2021-03-17,19386,17864,37250,37361,40334,77695,52730,61812,114542,60597,68819,129416,50821,58478,109299,37170,43476,80646,26811,30362,57173,14375,17138,31513,5707,10103,15810,1198,3662,4860,306156,352048,658204
2021-03-18,19555,18017,37572,37513,40519,78032,52984,62127,115111,60900,69142,130042,51039,58727,109766,37331,43712,81043,26975,30558,57533,14466,17244,31710,5723,10142,15865,1201,3670,4871,307687,353858,661545
2021-03-19,19732,18202,37934,37729,40731,78460,53251,62489,115740,61199,69517,130716,51262,59003,110265,37515,43962,81477,27143,30774,57917,14549,17337,31886,5745,10176,15921,1206,3679,4885,309331,355870,665201
2021-03-20,19815,18288,38103,37869,40892,78761,53474,62757,116231,61476,69841,131317,51469,59248,110717,37694,44182,81876,27292,30939,58231,14632,17419,32051,5762,10207,15969,1215,3686,4901,310698,357459,668157
2021-03-21,19940,18402,38342,37992,41036,79028,53728,63042,116770,61798,70176,131974,51661,59482,111143,37878,44435,82313,27438,31142,58580,14690,17500,32190,5782,10238,16020,1218,3696,4914,312125,359149,671274
2021-03-22,20137,18607,38744,38217,41231,79448,54035,63436,117471,62172,70586,132758,51933,59795,111728,38131,44764,82895,27628,31383,59011,14790,17628,32418,5810,10300,16110,1221,3720,4941,314074,361450,675524
2021-03-23,20327,18788,39115,38417,41459,79876,54313,63781,118094,62494,70975,133469,52186,60052,112238,38346,45013,83359,27842,31646,59488,14904,17761,32665,5837,10331,16168,1222,3735,4957,315888,363541,679429
2021-03-24,20458,18915,39373,38587,41625,80212,54520,64030,118550,62763,71290,134053,52357,60295,112652,38497,45219,83716,27957,31786,59743,14967,17857,32824,5851,10371,16222,1223,3741,4964,317180,365129,682309
2021-03-25,20607,19064,39671,38775,41854,80629,54758,64369,119127,63088,71632,134720,52612,60611,113223,38686,45442,84128,28107,31976,60083,15053,17955,33008,5878,10410,16288,1226,3744,4970,318790,367057,685847
2021-03-26,20797,19238,40035,38989,42105,81094,55039,64729,119768,63433,72016,135449,52841,60942,113783,38862,45698,84560,28261,32184,60445,15143,18064,33207,5909,10447,16356,1229,3757,4986,320503,369180,689683
2021-03-27,20935,19360,40295,39116,42255,81371,55287,64998,120285,63751,72373,136124,53059,61211,114270,39043,45951,84994,28429,32374,60803,15213,18161,33374,5929,10488,16417,1234,3763,4997,321996,370934,692930
2021-03-28,21046,19455,40501,39233,42423,81656,55487,65271,120758,64049,72744,136793,53289,61457,114746,39216,46202,85418,28570,32552,61122,15267,18221,33488,5949,10517,16466,1237,3771,5008,323343,372613,695956
2021-03-29,21225,19627,40852,39479,42633,82112,55753,65623,121376,64391,73126,137517,53546,61783,115329,39438,46468,85906,28725,32771,61496,15331,18286,33617,5968,10558,16526,1238,3779,5017,325094,374654,699748
2021-03-30,21396,19782,41178,39679,42852,82531,55979,65937,121916,64690,73474,138164,53767,62062,115829,39631,46694,86325,28874,32961,61835,15385,18366,33751,5990,10591,16581,1243,3786,5029,326634,376505,703139
2021-03-31,21543,19910,41453,39844,43002,82846,56234,66247,122481,64990,73832,138822,53965,62343,116308,39772,46903,86675,28961,33087,62048,15421,18418,33839,6011,10617,16628,1244,3797,5041,327985,378156,706141
2021-04-01,21655,20049,41704,40024,43194,83218,56515,66570,123085,65303,74174,139477,54176,62617,116793,39942,47130,87072,29089,33248,62337,15481,18503,33984,6026,10639,16665,1248,3808,5056,329459,379932,709391
2021-04-02,21792,20150,41942,40187,43392,83579,56762,66857,123619,65605,74479,140084,54393,62861,117254,40102,47363,87465,29205,33369,62574,15533,18553,34086,6045,10656,16701,1250,3816,5066,330874,381496,712370
2021-04-03,21898,20255,42153,40346,43593,83939,57030,67132,124162,65908,74823,140731,54605,63163,117768,40274,47574,87848,29341,33508,62849,15580,18626,34206,6066,10696,16762,1255,3823,5078,332303,383193,715496
2021-04-04,22041,20373,42414,40649,43906,84555,57393,67581,124974,66345,75367,141712,54941,63611,118552,40481,47855,88336,29464,33679,63143,15629,18691,34320,6083,10732,16815,1256,3831,5087,334282,385626,719908
2021-04-05,22209,20560,42769,41045,44330,85375,57868,68153,126021,66869,75945,142814,55359,64135,119494,40746,48197,88943,29625,33884,63509,15705,18781,34486,6105,10776,16881,1260,3843,5103,336791,388604,725395
2021-04-06,22405,20771,43176,41361,44672,86033,58382,68649,127031,67405,76556,143961,55760,64579,120339,41023,48534,89557,29814,34156,63970,15804,18904,34708,6131,10822,16953,1263,3858,5121,339348,391501,730849
2021-04-07,22608,20965,43573,41701,45026,86727,58848,69186,128034,67874,77136,145010,56174,65038,121212,41283,48917,90200,29985,34406,64391,15888,19019,34907,6150,10870,17020,1265,3872,5137,341776,394435,736211
2021-04-08,22801,21132,43933,41960,45312,87272,59220,69677,128897,68320,77692,146012,56505,65417,121922,41508,49237,90745,30141,34608,64749,15955,19129,35084,6174,10912,17086,1267,3885,5152,343851,397001,740852
2021-04-09,22952,21278,44230,42158,45555,87713,59474,70024,129498,68621,78019,146640,56751,65700,122451,41668,49456,91124,30255,34740,64995,16007,19201,35208,6182,10943,17125,1270,3892,5162,345338,398808,744146
2021-04-10,23072,21387,44459,42347,45785,88132,59783,70359,130142,68968,78386,147354,56981,65986,122967,41825,49680,91505,30370,34886,65256,16039,19250,35289,6189,10964,17153,1272,3895,5167,346846,400578,747424
2021-04-11,23169,21497,44666,42522,45982,88504,59993,70612,130605,69250,78729,147979,57226,66249,123475,41981,49879,91860,30483,35009,65492,16072,19294,35366,6202,10990,17192,1274,3900,5174,348172,402141,750313
2021-04-12,23340,21664,45004,42773,46206,88979,60292,70975,131267,69589,79124,148713,57525,66628,124153,42196,50184,92380,30631,35186,65817,16121,19376,35497,6219,11029,17248,1279,3911,5190,349965,404283,754248
2021-04-13,23516,21791,45307,42959,46388,89347,60581,71330,131911,69953,79531,149484,57795,66968,124763,42406,50447,92853,30736,35303,66039,16180,19426,35606,6236,11050,17286,1283,3920,5203,351645,406154,757799
2021-04-14,23676,21918,45594,43130,46540,89670,60763,71544,132307,70167,79777,149944,57952,67177,125129,42527,50633,93160,30882,35435,66317,16230,19511,35741,6259,11077,17336,1287,3926,5213,352873,407538,760411
2021-04-15,23857,22089,45946,43338,46799,90137,61085,71927,133012,70526,80210,150736,58274,67586,125860,42770,50946,93716,31034,35595,66629,16275,19587,35862,6277,11117,17394,1289,3937,5226,354725,409793,764518
2021-04-16,24025,22261,46286,43536,47009,90545,61444,72335,133779,70921,80666,151587,58576,67958,126534,43005,51253,94258,31209,35811,67020,16327,19661,35988,6289,11149,17438,1294,3947,5241,356626,412050,768676
2021-04-17,24179,22384,46563,43715,47181,90896,61704,72630,134334,71272,81016,152288,58834,68276,127110,43193,51484,94677,31330,35960,67290,16379,19740,36119,6307,11201,17508,1299,3955,5254,358212,413827,772039
2021-04-18,24276,22517,46793,43852,47321,91173,61938,72899,134837,71559,81368,152927,59082,68545,127627,43372,51683,95055,31457,36109,67566,16426,19799,36225,6333,11232,17565,1301,3963,5264,359596,415436,775032
2021-04-19,24483,22675,47158,44067,47557,91624,62262,73266,135528,71946,81792,153738,59422,68891,128313,43607,51975,95582,31614,36315,67929,16486,19888,36374,6349,11281,17630,1305,3979,5284,361541,417619,779160
2021-04-20,24670,22882,47552,44255,47746,92001,62542,73614,136156,72251,82181,154432,59692,69221,128913,43824,52224,96048,31786,36536,68322,16553,19972,36525,6383,11310,17693,1309,3986,5295,363265,419672,782937
2021-04-21,24834,23021,47855,44396,47893,92289,62772,73875,136647,72499,82493,154992,59912,69495,129407,43988,52450,96438,31909,36696,68605,16609,20037,36646,6399,11355,17754,1310,3993,5303,364628,421308,785936
2021-04-22,25013,23190,48203,44609,48106,92715,63042,74192,137234,72823,82898,155721,60211,69848,130059,44205,52692,96897,32054,36889,68943,16668,20126,36794,6416,11406,17822,1312,4004,5316,366353,423351,789704
2021-04-23,25172,23352,48524,44808,48307,93115,63325,74523,137848,73166,83306,156472,60509,70197,130706,44429,52974,97403,32199,37077,69276,16737,20207,36944,6446,11442,17888,1317,4013,5330,368108,425398,793506
2021-04-24,25259,23426,48685,44881,48372,93253,63401,74639,138040,73267,83425,156692,60607,70310,130917,44489,53054,97543,32237,37132,69369,16769,20250,37019,6455,11469,17924,1322,4030,5352,368687,426107,794794
2021-04-25,25387,23544,48931,45013,48517,93530,63591,74850,138441,73502,83703,157205,60826,70565,131391,44664,53260,97924,32345,37252,69597,16821,20296,37117,6465,11502,17967,1322,4036,5358,369936,427525,797461
2021-04-26,25584,23723,49307,45198,48728,93926,63863,75148,139011,73811,84048,157859,61101,70895,131996,44897,53525,98422,32487,37421,69908,16904,20407,37311,6480,11542,18022,1326,4046,5372,371651,429483,801134
2021-04-27,25751,23872,49623,45377,48920,94297,64135,75483,139618,74101,84393,158494,61333,71169,132502,45100,53745,98845,32617,37580,70197,16966,20499,37465,6496,11582,18078,1330,4054,5384,373206,431297,804503
2021-04-28,25912,24029,49941,45564,49096,94660,64375,75761,140136,74407,84725,159132,61580,71456,133036,45279,53971,99250,32738,37731,70469,17025,20572,37597,6513,11612,18125,1336,4062,5398,374729,433015,807744
2021-04-29,26117,24199,50316,45807,49310,95117,64659,76120,140779,74784,85149,159933,61905,71847,133752,45523,54265,99788,32891,37941,70832,17124,20686,37810,6545,11669,18214,1339,4079,5418,376694,435265,811959
2021-04-30,26282,24340,50622,45947,49440,95387,64807,76340,141147,75007,85413,160420,62070,72077,134147,45687,54463,100150,32996,38094,71090,17192,20770,37962,6570,11716,18286,1341,4096,5437,377899,436749,814648
2021-05-01,26402,24445,50847,46092,49551,95643,64986,76563,141549,75231,85688,160919,62263,72336,134599,45828,54645,100473,33104,38192,71296,17238,20830,38068,6586,11758,18344,1342,4100,5442,379072,438108,817180
2021-05-02,26517,24546,51063,46208,49668,95876,65134,76744,141878,75459,85948,161407,62435,72583,135018,45970,54812,100782,33209,38351,71560,17296,20903,38199,6605,11786,18391,1345,4115,5460,380178,439456,819634
2021-05-03,26748,24764,51512,46384,49857,96241,65466,77076,142542,75813,86385,162198,62757,72942,135699,46203,55167,101370,33391,38624,72015,17396,21021,38417,6625,11845,18470,1349,4131,5480,382132,441812,823944
2021-05-04,26917,24971,51888,46572,50054,96626,65762,77392,143154,76184,86767,162951,63067,73289,136356,46425,55472,101897,33560,38851,72411,17501,21142,38643,6649,11879,18528,1350,4144,5494,383987,443961,827948
2021-05-05,27120,25151,52271,46731,50221,96952,66046,77730,143776,76516,87127,163643,63357,73598,136955,46623,55721,102344,33710,39006,72716,17578,21233,38811,6683,11931,18614,1357,4155,5512,385721,445873,831594
2021-05-06,27285,25348,52633,46941,50444,97385,66319,78044,144363,76838,87500,164338,63668,73928,137596,46863,56012,102875,33848,39187,73035,17648,21330,38978,6711,11979,18690,1360,4174,5534,387481,447946,835427
2021-05-07,27493,25521,53014,47158,50675,97833,66624,78420,145044,77154,87938,165092,63991,74288,138279,47055,56302,103357,34009,39377,73386,17729,21435,39164,6733,12018,18751,1363,4184,5547,389309,450158,839467
2021-05-08,27611,25629,53240,47254,50765,98019,66803,78629,145432,77361,88163,165524,64132,74463,138595,47190,56467,103657,34084,39461,73545,17767,21478,39245,6750,12045,18795,1364,4195,5559,390316,451295,841611
2021-05-09,27761,25752,53513,47352,50888,98240,66948,78815,145763,77551,88386,165937,64313,74665,138978,47303,56622,103925,34181,39556,73737,17822,21549,39371,6776,12077,18853,1368,4198,5566,391375,452508,843883
2021-05-10,27952,25931,53883,47519,51078,98597,67271,79150,146421,77894,88757,166651,64625,75023,139648,47522,56888,104410,34350,39765,74115,17909,21669,39578,6811,12126,18937,1369,4205,5574,393222,454592,847814
2021-05-11,28140,26081,54221,47679,51242,98921,67509,79397,146906,78173,89035,167208,64858,75285,140143,47703,57091,104794,34495,39931,74426,17993,21770,39763,6832,12159,18991,1373,4212,5585,394755,456203,850958
2021-05-12,28325,26237,54562,47830,51383,99213,67739,79677,147416,78442,89337,167779,65103,75559,140662,47888,57315,105203,34621,40094,74715,18060,21852,39912,6855,12196,19051,1376,4222,5598,396239,457872,854111
2021-05-13,28513,26380,54893,47955,51548,99503,67946,79983,147929,78704,89661,168365,65364,75842,141206,48050,57542,105592,34739,40232,74971,18116,21948,40064,6877,12239,19116,1378,4230,5608,397642,459605,857247
2021-05-14,28722,26598,55320,48128,51769,99897,68273,80343,148616,79088,90126,169214,65683,76241,141924,48283,57842,106125,34897,40431,75328,18189,22049,40238,6911,12280,19191,1382,4239,5621,399556,461918,861474
2021-05-15,28864,26737,55601,48275,51922,100197,68473,80601,149074,79347,90448,169795,65918,76543,142461,48446,58016,106462,35002,40566,75568,18239,22105,40344,6932,12318,19250,1385,4250,5635,400881,463506,864387
2021-05-16,28992,26869,55861,48383,52066,100449,68655,80794,149449,79552,90715,170267,66122,76782,142904,48607,58202,106809,35093,40678,75771,18282,22169,40451,6949,12346,19295,1386,4262,5648,402021,464883,866904
2021-05-17,29264,27144,56408,48627,52324,100951,69044,81241,150285,80019,91274,171293,66513,77267,143780,48916,58578,107494,35284,40920,76204,18404,22321,40725,6994,12418,19412,1389,4277,5666,404454,467764,872218
2021-05-18,29522,27400,56922,48887,52597,101484,69472,81696,151168,80504,91816,172320,66970,77748,144718,49199,58909,108108,35448,41152,76600,18513,22434,40947,7040,12468,19508,1393,4288,5681,406948,470508,877456
2021-05-19,29809,27649,57458,49249,52976,102225,70101,82460,152561,81262,92685,173947,67578,78474,146052,49608,59488,109096,35731,41458,77189,18633,22574,41207,7078,12526,19604,1400,4306,5706,410449,474596,885045
2021-05-20,30124,27961,58085,49667,53425,103092,70828,83351,154179,82087,93588,175675,68211,79280,147491,50047,60065,110112,36012,41764,77776,18745,22735,41480,7118,12588,19706,1402,4325,5727,414241,479082,893323
2021-05-21,30344,28164,58508,49976,53777,103753,71397,84092,155489,82728,94420,177148,68757,79985,148742,50423,60555,110978,36246,42053,78299,18867,22851,41718,7161,12677,19838,1405,4348,5753,417304,482922,900226
2021-05-22,30475,28284,58759,50140,53994,104134,71711,84507,156218,83141,94865,178006,69064,80380,149444,50670,60833,111503,36381,42183,78564,18919,22921,41840,7183,12746,19929,1407,4369,5776,419091,485082,904173
2021-05-23,30611,28394,59005,50289,54173,104462,71970,84801,156771,83447,95230,178677,69359,80668,150027,50848,61082,111930,36494,42336,78830,18973,22979,41952,7198,12795,19993,1417,4387,5804,420606,486845,907451
2021-05-24,30764,28533,59297,50536,54464,105000,72405,85271,157676,83908,95791,179699,69782,81224,151006,51219,61572,112791,36691,42609,79300,19094,23109,42203,7224,12853,20077,1420,4398,5818,423043,489824,912867
2021-05-25,30920,28651,59571,50763,54714,105477,72835,85765,158600,84356,96321,180677,70196,81722,151918,51552,61956,113508,36885,42845,79730,19193,23234,42427,7250,12901,20151,1426,4415,5841,425376,492524,917900
2021-05-26,31121,28829,59950,51042,55033,106075,73380,86372,159752,84952,97008,181960,70723,82351,153074,52006,62496,114502,37120,43123,80243,19314,23381,42695,7291,12980,20271,1433,4430,5863,428382,496003,924385
2021-05-27,31272,29002,60274,51218,55271,106489,73793,86886,160679,85422,97572,182994,71135,82817,153952,52337,62942,115279,37296,43349,80645,19422,23499,42921,7324,13029,20353,1434,4450,5884,430653,498817,929470
2021-05-28,31468,29195,60663,51491,55620,107111,74318,87557,161875,86021,98291,184312,71694,83512,155206,52803,63517,116320,37556,43679,81235,19535,23636,43171,7355,13085,20440,1438,4464,5902,433679,502556,936235
2021-05-29,31602,29314,60916,51654,55836,107490,74636,87980,162616,86462,98773,185235,72055,83962,156017,53030,63820,116850,37700,43848,81548,19599,23734,43333,7379,13137,20516,1443,4481,5924,435560,504885,940445
2021-05-30,31705,29410,61115,51805,56012,107817,74935,88358,163293,86809,99178,185987,72356,84327,156683,53238,64106,117344,37820,43985,81805,19648,23807,43455,7397,13165,20562,1446,4490,5936,437159,506838,943997
2021-05-31,31874,29587,61461,52073,56291,108364,75429,88941,164370,87391,99823,187214,72829,84956,157785,53538,64504,118042,38027,44254,82281,19777,23959,43736,7437,13225,20662,1447,4508,5955,439822,510048,949870
2021-06-01,32069,29762,61831,52319,56584,108903,75861,89469,165330,87955,100457,188412,73274,85501,158775,53849,64958,118807,38277,44544,82821,19901,24101,44002,7489,13277,20766,1452,4521,5973,442446,513174,955620
2021-06-02,32306,29951,62257,52579,56895,109474,76317,90053,166370,88485,101164,189649,73769,86088,159857,54151,65356,119507,38487,44837,83324,20028,24265,44293,7531,13348,20879,1458,4545,6003,445111,516502,961613
2021-06-03,32517,30181,62698,52883,57213,110096,76828,90718,167546,89104,101927,191031,74274,86729,161003,54520,65842,120362,38723,45131,83854,20147,24423,44570,7573,13393,20966,1463,4565,6028,448032,520122,968154
2021-06-04,32773,30418,63191,53192,57536,110728,77375,91408,168783,89710,102714,192424,74820,87371,162191,54875,66382,121257,38985,45448,84433,20274,24592,44866,7607,13466,21073,1465,4581,6046,451076,523916,974992
2021-06-05,32943,30571,63514,53379,57730,111109,77677,91801,169478,90063,103180,193243,75153,87760,162913,55100,66656,121756,39100,45617,84717,20348,24698,45046,7632,13504,21136,1471,4597,6068,452866,526114,978980
2021-06-06,33116,30755,63871,53552,57905,111457,77953,92133,170086,90388,103582,193970,75467,88144,163611,55316,66950,122266,39215,45777,84992,20408,24779,45187,7654,13543,21197,1472,4617,6089,454541,528185,982726
2021-06-07,33348,31006,64354,53813,58204,112017,78422,92702,171124,90929,104239,195168,75935,88823,164758,55697,67479,123176,39461,46102,85563,20574,24995,45569,7697,13662,21359,1481,4652,6133,457357,531864,989221
2021-06-08,33635,31268,64903,54046,58491,112537,78827,93271,172098,91496,104874,196370,76363,89380,165743,56046,67938,123984,39668,46355,86023,20696,25183,45879,7730,13735,21465,1488,4677,6165,459995,535172,995167
2021-06-09,33895,31522,65417,54345,58764,113109,79314,93846,173160,92077,105585,197662,76821,89986,166807,56412,68410,124822,39887,46638,86525,20828,25328,46156,7782,13806,21588,1493,4697,6190,462854,538582,1001436
2021-06-10,34136,31771,65907,54622,59089,113711,79799,94524,174323,92676,106357,199033,77287,90649,167936,56740,68891,125631,40108,46929,87037,20960,25505,46465,7816,13864,21680,1500,4718,6218,465644,542297,1007941
2021-06-11,34373,32001,66374,54870,59398,114268,80328,95201,175529,93256,107182,200438,77808,91438,169246,57080,69362,126442,40342,47229,87571,21089,25688,46777,7862,13953,21815,1507,4742,6249,468515,546194,1014709
2021-06-12,34567,32182,66749,55084,59631,114715,80665,95631,176296,93688,107691,201379,78171,91923,170094,57325,69701,127026,40488,47434,87922,21178,25805,46983,7892,13998,21890,1512,4752,6264,470570,548748,1019318
2021-06-13,34763,32378,67141,55282,59825,115107,80918,95985,176903,94028,108173,202201,78502,92353,170855,57539,69988,127527,40626,47607,88233,21243,25892,47135,7915,14037,21952,1517,4765,6282,472333,551003,1023336
2021-06-14,35052,32626,67678,55594,60145,115739,81425,96645,178070,94660,108935,203595,79023,93060,172083,57923,70482,128405,40867,47957,88824,21388,26060,47448,7956,14106,22062,1536,4789,6325,475424,554805,1030229
2021-06-15,35358,32914,68272,55922,60493,116415,81921,97273,179194,95307,109698,205005,79545,93768,173313,58286,70997,129283,41113,48247,89360,21510,26216,47726,8007,14175,22182,1542,4809,6351,478511,558590,1037101
2021-06-16,35665,33209,68874,56222,60802,117024,82436,97932,180368,95932,110468,206400,80046,94455,174501,58606,71441,130047,41335,48504,89839,21626,26360,47986,8045,14236,22281,1545,4825,6370,481458,562232,1043690
2021-06-17,35949,33488,69437,56535,61142,117677,83022,98691,181713,96620,111363,207983,80594,95283,175877,58947,71972,130919,41584,48800,90384,21767,26532,48299,8084,14303,22387,1548,4848,6396,484650,566422,1051072
2021-06-18,36207,33729,69936,56846,61469,118315,83572,99417,182989,97280,112313,209593,81166,96086,177252,59272,72499,131771,41795,49077,90872,21858,26688,48546,8119,14348,22467,1551,4860,6411,487666,570486,1058152
2021-06-19,36418,33935,70353,57039,61682,118721,83892,99891,183783,97772,112951,210723,81504,96570,178074,59498,72805,132303,41967,49266,91233,21953,26796,48749,8154,14420,22574,1555,4880,6435,489752,573196,1062948
2021-06-20,36612,34101,70713,57178,61813,118991,84076,100187,184263,98049,113337,211386,81746,96906,178652,59677,73033,132710,42078,49391,91469,22026,26868,48894,8168,14459,22627,1557,4890,6447,491167,574985,1066152
2021-06-21,36851,34317,71168,57391,62042,119433,84335,100586,184921,98461,113836,212297,82145,97377,179522,59937,73340,133277,42230,49564,91794,22125,26974,49099,8202,14492,22694,1561,4896,6457,493238,577424,1070662
2021-06-22,37179,34618,71797,57762,62356,120118,84809,101233,186042,99084,114594,213678,82737,98112,180849,60277,73826,134103,42501,49906,92407,22259,27151,49410,8241,14571,22812,1569,4911,6480,496418,581278,1077696
2021-06-23,37547,34928,72475,58129,62726,120855,85270,101923,187193,99713,115442,215155,83341,98927,182268,60597,74314,134911,42751,50193,92944,22388,27336,49724,8289,14658,22947,1575,4943,6518,499600,585390,1084990
2021-06-24,37869,35242,73111,58463,63110,121573,85744,102619,188363,100328,116245,216573,83856,99639,183495,60911,74767,135678,43008,50529,93537,22498,27491,49989,8315,14719,23034,1579,4958,6537,502571,589319,1091890
2021-06-25,38248,35555,73803,58825,63537,122362,86296,103405,189701,101022,117259,218281,84416,100485,184901,61330,75311,136641,43277,50921,94198,22648,27683,50331,8363,14798,23161,1588,4977,6565,506013,593931,1099944
2021-06-26,38429,35732,74161,59010,63750,122760,86572,103765,190337,101399,117734,219133,84756,100911,185667,61566,75578,137144,43449,51140,94589,22737,27806,50543,8392,14846,23238,1593,4993,6586,507903,596255,1104158
2021-06-27,38643,35919,74562,59156,63946,123102,86800,104058,190858,101698,118105,219803,85043,101272,186315,61722,75796,137518,43576,51286,94862,22811,27890,50701,8415,14887,23302,1595,5004,6599,509459,598163,1107622
2021-06-28,38888,36136,75024,59294,64122,123416,87033,104391,191424,102057,118565,220622,85318,101648,186966,61934,76023,137957,43721,51425,95146,22888,27988,50876,8451,14929,23380,1598,5019,6617,511182,600246,1111428
2021-06-29,39126,36408,75534,59563,64420,123983,87435,104950,192385,102598,119229,221827,85715,102181,187896,62234,76396,138630,43930,51643,95573,23011,28119,51130,8484,15010,23494,1603,5048,6651,513699,603404,1117103
2021-06-30,39406,36689,76095,59878,64760,124638,87874,105581,193455,103147,119972,223119,86164,102771,188935,62545,76870,139415,44143,51921,96064,23111,28241,51352,8515,15063,23578,1606,5062,6668,516389,606930,1123319
2021-07-01,39622,36910,76532,60157,65051,125208,88293,106197,194490,103638,120658,224296,86521,103347,189868,62794,77236,140030,44295,52136,96431,23196,28335,51531,8543,15110,23653,1609,5074,6683,518668,610054,1128722
2021-07-02,39734,36991,76725,60356,65276,125632,88587,106637,195224,103963,121172,225135,86779,103805,190584,62967,77534,140501,44411,52286,96697,23250,28397,51647,8553,15124,23677,1611,5079,6690,520211,612301,1132512
2021-07-03,39735,36993,76728,60360,65279,125639,88593,106643,195236,103971,121182,225153,86782,103810,190592,62973,77542,140515,44412,52291,96703,23250,28400,51650,8553,15124,23677,1611,5079,6690,520240,612343,1132583
