FECHA,<=10M,<=10F,<=10,11-20M,11-20F,11-20,21-30M,21-30F,21-30,31-40M,31-40F,31-40,41-50M,41-50F,41-50,51-60M,51-60F,51-60,61-70M,61-70F,61-70,71-80M,71-80F,71-80,81-90M,81-90F,81-90,>=91M,>=91F,>=91,TotalM,TotalF,Total
2020-03-15,0,0,0,0,1,1,1,0,1,1,0,1,0,0,0,0,0,0,0,1,1,0,0,0,0,0,0,0,0,0,2,2,4
2020-03-16,0,0,0,0,2,2,4,1,5,4,0,4,1,0,1,0,1,1,1,1,2,0,0,0,0,0,0,0,0,0,10,5,15
2020-03-17,0,0,0,1,2,3,5,2,7,6,1,7,2,0,2,1,3,4,1,3,4,2,0,2,0,0,0,0,0,0,18,11,29
2020-03-18,0,0,0,1,2,3,7,4,11,8,4,12,3,1,4,2,3,5,1,4,5,2,0,2,0,0,0,0,0,0,24,18,42
2020-03-19,0,0,0,2,2,4,9,4,13,12,4,16,5,2,7,3,3,6,1,5,6,4,1,5,0,0,0,0,0,0,36,21,57
2020-03-20,0,0,0,2,2,4,14,4,18,14,4,18,7,2,9,5,3,8,2,6,8,4,3,7,0,1,1,0,0,0,48,25,73
2020-03-21,2,0,2,3,4,7,17,5,22,14,7,21,9,3,12,8,6,14,5,7,12,6,3,9,0,1,1,0,0,0,64,36,100
2020-03-22,2,0,2,3,5,8,19,6,25,19,7,26,13,3,16,10,10,20,7,7,14,9,4,13,0,1,1,0,0,0,82,43,125
2020-03-23,2,0,2,4,5,9,22,8,30,23,9,32,15,4,19,15,12,27,7,9,16,12,6,18,1,1,2,0,0,0,101,54,155
2020-03-24,2,0,2,5,5,10,24,13,37,32,10,42,17,5,22,17,13,30,8,9,17,13,7,20,2,1,3,0,0,0,120,63,183
2020-03-25,4,0,4,6,6,12,29,17,46,33,12,45,21,5,26,19,13,32,10,9,19,14,7,21,3,3,6,0,1,1,139,73,212
2020-03-26,4,0,4,6,7,13,30,18,48,35,13,48,23,5,28,21,17,38,13,12,25,15,8,23,4,3,7,0,1,1,151,84,235
2020-03-27,4,0,4,6,7,13,31,20,51,39,13,52,24,8,32,22,18,40,15,14,29,15,10,25,4,3,7,0,1,1,160,94,254
2020-03-28,4,0,4,6,7,13,32,21,53,40,16,56,26,9,35,23,20,43,16,15,31,16,11,27,6,3,9,0,1,1,169,103,272
2020-03-29,4,0,4,6,7,13,35,24,59,46,19,65,26,9,35,24,24,48,19,19,38,18,13,31,6,3,9,1,1,2,185,119,304
2020-03-30,4,0,4,6,8,14,40,27,67,47,21,68,29,11,40,27,24,51,22,22,44,22,14,36,6,3,9,1,2,3,204,132,336
2020-03-31,5,0,5,6,9,15,42,30,72,49,21,70,32,12,44,32,24,56,24,23,47,25,18,43,6,5,11,1,3,4,222,145,367
2020-04-01,5,0,5,7,10,17,44,34,78,52,27,79,35,14,49,34,28,62,28,25,53,25,19,44,6,6,12,1,3,4,237,166,403
2020-04-02,5,0,5,7,10,17,45,36,81,55,30,85,37,15,52,36,31,67,31,25,56,32,22,54,6,9,15,2,6,8,256,184,440
2020-04-03,5,0,5,7,10,17,48,38,86,56,31,87,40,16,56,36,35,71,32,28,60,34,22,56,6,10,16,2,7,9,266,197,463
2020-04-04,5,2,7,7,10,17,50,40,90,57,31,88,40,18,58,38,35,73,33,30,63,34,22,56,6,11,17,3,7,10,273,206,479
2020-04-05,6,2,8,7,10,17,50,42,92,59,32,91,40,22,62,38,36,74,34,30,64,36,23,59,7,11,18,3,7,10,280,215,495
2020-04-06,6,2,8,7,10,17,51,45,96,62,35,97,41,23,64,39,40,79,37,32,69,38,25,63,7,12,19,3,7,10,291,231,522
2020-04-07,6,2,8,7,11,18,54,45,99,63,40,103,42,23,65,41,42,83,38,32,70,39,27,66,8,12,20,5,7,12,303,241,544
2020-04-08,8,2,10,8,11,19,55,47,102,64,46,110,43,25,68,43,42,85,39,32,71,41,28,69,8,12,20,5,7,12,314,252,566
2020-04-09,8,2,10,8,12,20,56,47,103,69,46,115,43,26,69,44,42,86,39,33,72,41,28,69,8,12,20,5,7,12,321,255,576
2020-04-10,8,2,10,8,12,20,56,48,104,73,49,122,43,26,69,45,42,87,39,33,72,41,28,69,8,12,20,5,7,12,326,259,585
2020-04-11,8,2,10,8,12,20,56,49,105,74,50,124,43,28,71,46,42,88,39,33,72,41,28,69,10,13,23,5,7,12,330,264,594
2020-04-12,8,2,10,8,12,20,57,49,106,77,54,131,43,28,71,46,44,90,39,33,72,41,29,70,11,14,25,5,7,12,335,272,607
2020-04-13,9,2,11,8,12,20,59,50,109,79,57,136,46,29,75,46,47,93,39,35,74,42,30,72,11,14,25,5,7,12,344,283,627
2020-04-14,9,2,11,8,12,20,62,52,114,83,58,141,47,31,78,48,48,96,42,36,78,44,31,75,11,14,25,5,8,13,359,292,651
2020-04-15,9,2,11,8,13,21,62,52,114,85,60,145,49,32,81,48,49,97,42,36,78,44,31,75,11,15,26,5,8,13,363,298,661
2020-04-16,9,2,11,8,13,21,62,54,116,89,62,151,50,32,82,51,51,102,43,36,79,47,32,79,11,21,32,6,9,15,376,312,688
2020-04-17,9,2,11,8,13,21,64,56,120,91,66,157,51,33,84,52,52,104,44,37,81,47,33,80,13,25,38,6,10,16,385,327,712
2020-04-18,9,3,12,8,13,21,65,57,122,91,67,158,53,35,88,53,53,106,46,38,84,48,34,82,14,30,44,6,13,19,393,343,736
2020-04-19,9,3,12,8,13,21,68,58,126,95,70,165,53,39,92,54,53,107,46,40,86,49,36,85,15,32,47,6,16,22,403,360,763
2020-04-20,9,3,12,8,13,21,68,60,128,97,71,168,55,40,95,57,56,113,47,40,87,49,39,88,18,33,51,7,17,24,415,372,787
2020-04-21,9,7,16,8,13,21,68,64,132,98,76,174,56,44,100,58,58,116,49,41,90,49,42,91,21,35,56,8,22,30,424,402,826
2020-04-22,10,7,17,9,14,23,76,71,147,102,81,183,59,48,107,60,62,122,51,42,93,51,49,100,24,41,65,13,28,41,455,443,898
2020-04-23,16,10,26,10,15,25,84,75,159,105,86,191,62,52,114,61,62,123,54,46,100,53,52,105,32,42,74,13,31,44,490,471,961
2020-04-24,18,10,28,10,18,28,89,81,170,112,91,203,65,54,119,63,68,131,57,47,104,53,52,105,34,45,79,13,31,44,514,497,1011
2020-04-25,21,11,32,12,19,31,89,84,173,115,94,209,68,60,128,65,68,133,58,48,106,53,52,105,35,47,82,13,31,44,529,514,1043
2020-04-26,23,13,36,13,19,32,89,88,177,118,97,215,69,61,130,65,68,133,58,48,106,53,53,106,36,48,84,13,31,44,537,526,1063
2020-04-27,25,15,40,15,21,36,92,96,188,123,106,229,76,67,143,67,70,137,61,48,109,55,54,109,39,50,89,13,32,45,566,559,1125
2020-04-28,25,15,40,17,22,39,93,99,192,131,108,239,77,70,147,71,70,141,63,49,112,58,54,112,40,55,95,13,34,47,588,576,1164
2020-04-29,26,17,43,19,25,44,96,101,197,135,109,244,81,75,156,72,72,144,64,50,114,60,55,115,40,58,98,13,34,47,606,596,1202
2020-04-30,29,17,46,19,30,49,98,102,200,143,114,257,85,78,163,76,73,149,65,50,115,61,55,116,40,58,98,13,34,47,629,611,1240
2020-05-01,33,20,53,23,32,55,103,109,212,145,119,264,87,81,168,80,75,155,66,51,117,61,55,116,40,59,99,14,34,48,652,635,1287
2020-05-02,38,22,60,26,37,63,108,117,225,149,124,273,89,82,171,80,76,156,66,51,117,62,55,117,40,60,100,14,34,48,672,658,1330
2020-05-03,39,23,62,33,38,71,110,124,234,151,132,283,91,83,174,83,76,159,67,53,120,62,55,117,41,61,102,14,34,48,691,679,1370
2020-05-04,41,27,68,37,41,78,116,131,247,160,141,301,94,90,184,86,77,163,69,53,122,62,55,117,42,64,106,14,34,48,721,713,1434
2020-05-05,45,33,78,41,49,90,124,143,267,177,150,327,101,105,206,92,81,173,70,57,127,64,58,122,48,75,123,15,40,55,777,791,1568
2020-05-06,47,39,86,44,54,98,133,151,284,188,163,351,108,110,218,95,81,176,73,58,131,65,60,125,49,76,125,16,41,57,818,833,1651
2020-05-07,53,47,100,50,58,108,144,169,313,201,174,375,116,116,232,101,85,186,74,62,136,65,61,126,52,77,129,16,43,59,872,892,1764
2020-05-08,66,58,124,59,68,127,159,188,347,216,193,409,132,128,260,107,87,194,80,65,145,68,61,129,53,81,134,17,43,60,957,972,1929
2020-05-09,68,62,130,61,74,135,169,197,366,231,210,441,146,133,279,114,93,207,84,67,151,69,63,132,53,81,134,18,43,61,1013,1023,2036
2020-05-10,73,67,140,67,80,147,184,207,391,262,225,487,178,136,314,139,99,238,87,70,157,70,65,135,53,81,134,18,43,61,1131,1073,2204
2020-05-11,82,75,157,71,88,159,196,217,413,281,243,524,187,147,334,143,101,244,91,73,164,71,66,137,54,84,138,18,44,62,1194,1138,2332
2020-05-12,90,93,183,79,98,177,225,251,476,306,263,569,200,162,362,155,109,264,98,76,174,74,72,146,54,85,139,21,46,67,1302,1255,2557
2020-05-13,99,100,199,90,108,198,249,268,517,324,281,605,218,177,395,165,119,284,105,83,188,75,74,149,54,87,141,21,49,70,1400,1346,2746
2020-05-14,119,124,243,108,129,237,276,297,573,341,304,645,235,192,427,180,132,312,110,87,197,76,75,151,54,88,142,21,49,70,1520,1477,2997
2020-05-15,134,143,277,114,144,258,296,319,615,360,327,687,254,208,462,190,143,333,112,90,202,78,78,156,54,89,143,22,50,72,1614,1591,3205
2020-05-16,147,154,301,124,156,280,318,347,665,375,346,721,277,226,503,200,153,353,116,93,209,80,81,161,56,91,147,22,54,76,1715,1701,3416
2020-05-17,163,164,327,141,173,314,346,364,710,405,364,769,290,239,529,214,165,379,118,100,218,82,82,164,60,96,156,22,55,77,1841,1802,3643
2020-05-18,187,188,375,160,191,351,394,412,806,436,409,845,314,259,573,231,187,418,127,106,233,90,87,177,63,102,165,23,57,80,2025,1998,4023
2020-05-19,216,215,431,179,213,392,434,455,889,477,443,920,334,281,615,245,196,441,133,114,247,91,89,180,65,107,172,24,59,83,2198,2172,4370
2020-05-20,237,232,469,193,239,432,479,500,979,505,478,983,362,305,667,269,214,483,142,122,264,93,95,188,67,112,179,24,60,84,2371,2357,4728
2020-05-21,258,255,513,220,257,477,514,545,1059,554,513,1067,389,334,723,289,228,517,154,123,277,99,100,199,69,114,183,24,63,87,2570,2532,5102
2020-05-22,276,265,541,236,277,513,548,593,1141,589,543,1132,422,368,790,306,241,547,165,132,297,99,104,203,70,114,184,25,64,89,2736,2701,5437
2020-05-23,295,296,591,258,303,561,582,626,1208,616,571,1187,456,390,846,322,261,583,171,137,308,101,106,207,72,124,196,25,66,91,2898,2880,5778
2020-05-24,310,309,619,270,315,585,610,658,1268,640,600,1240,488,408,896,337,273,610,176,139,315,102,110,212,75,125,200,26,67,93,3034,3004,6038
2020-05-25,333,328,661,286,332,618,642,689,1331,664,633,1297,514,427,941,350,287,637,182,148,330,107,120,227,76,132,208,27,68,95,3181,3164,6345
2020-05-26,356,347,703,312,360,672,682,736,1418,712,671,1383,544,458,1002,378,312,690,192,154,346,109,126,235,77,138,215,29,75,104,3391,3377,6768
2020-05-27,388,362,750,335,389,724,726,789,1515,761,713,1474,574,490,1064,405,330,735,198,163,361,117,134,251,80,142,222,29,78,107,3613,3590,7203
2020-05-28,421,378,799,359,418,777,775,844,1619,803,748,1551,604,530,1134,425,350,775,210,174,384,122,146,268,93,164,257,33,92,125,3845,3844,7689
2020-05-29,447,418,865,383,451,834,807,890,1697,852,780,1632,625,561,1186,443,367,810,221,184,405,132,157,289,96,174,270,33,99,132,4039,4081,8120
2020-05-30,459,436,895,409,477,886,837,927,1764,881,815,1696,640,576,1216,458,376,834,227,190,417,135,162,297,98,177,275,34,100,134,4178,4236,8414
2020-05-31,465,448,913,420,496,916,870,954,1824,901,843,1744,661,603,1264,473,392,865,233,194,427,142,167,309,105,179,284,36,100,136,4306,4376,8682
2020-06-01,486,465,951,438,525,963,909,993,1902,943,880,1823,701,636,1337,490,418,908,238,205,443,149,175,324,111,186,297,37,100,137,4502,4583,9085
2020-06-02,521,488,1009,468,550,1018,955,1041,1996,981,927,1908,731,662,1393,507,438,945,259,216,475,161,179,340,113,204,317,41,110,151,4737,4815,9552
2020-06-03,543,513,1056,485,571,1056,994,1096,2090,1031,965,1996,763,691,1454,532,463,995,274,231,505,170,192,362,116,212,328,44,113,157,4952,5047,9999
2020-06-04,566,544,1110,505,596,1101,1037,1158,2195,1068,1010,2078,787,721,1508,559,484,1043,285,236,521,175,198,373,116,217,333,47,121,168,5145,5285,10430
2020-06-05,607,568,1175,540,622,1162,1081,1219,2300,1118,1061,2179,819,752,1571,581,505,1086,299,249,548,181,211,392,121,224,345,47,124,171,5394,5535,10929
2020-06-06,628,589,1217,557,648,1205,1119,1262,2381,1172,1093,2265,846,789,1635,599,522,1121,306,257,563,187,219,406,123,237,360,49,132,181,5586,5748,11334
2020-06-07,644,610,1254,578,664,1242,1154,1304,2458,1204,1120,2324,877,813,1690,614,535,1149,311,266,577,190,226,416,126,253,379,49,137,186,5747,5928,11675
2020-06-08,677,652,1329,606,699,1305,1211,1367,2578,1269,1176,2445,917,858,1775,660,564,1224,330,277,607,204,239,443,137,264,401,50,144,194,6061,6240,12301
2020-06-09,706,677,1383,638,732,1370,1257,1426,2683,1334,1250,2584,971,903,1874,695,604,1299,347,292,639,222,249,471,144,277,421,50,151,201,6364,6561,12925
2020-06-10,726,700,1426,661,761,1422,1316,1490,2806,1393,1316,2709,1029,942,1971,719,633,1352,363,308,671,239,265,504,151,307,458,51,167,218,6648,6889,13537
2020-06-11,760,728,1488,687,803,1490,1406,1578,2984,1463,1369,2832,1079,994,2073,760,657,1417,380,326,706,252,276,528,157,318,475,51,173,224,6995,7222,14217
2020-06-12,805,769,1574,721,843,1564,1465,1654,3119,1523,1429,2952,1137,1046,2183,797,681,1478,398,348,746,266,287,553,161,322,483,52,178,230,7325,7557,14882
2020-06-13,842,790,1632,742,884,1626,1521,1712,3233,1573,1478,3051,1171,1091,2262,823,705,1528,416,360,776,276,300,576,165,338,503,55,189,244,7584,7847,15431
2020-06-14,863,816,1679,763,900,1663,1552,1757,3309,1617,1514,3131,1197,1115,2312,844,724,1568,428,372,800,281,310,591,169,353,522,55,195,250,7769,8056,15825
2020-06-15,892,834,1726,791,921,1712,1610,1808,3418,1659,1565,3224,1239,1141,2380,861,742,1603,440,381,821,287,318,605,173,361,534,59,197,256,8011,8268,16279
2020-06-16,931,873,1804,820,954,1774,1685,1885,3570,1744,1634,3378,1303,1187,2490,899,782,1681,465,401,866,304,329,633,177,376,553,60,202,262,8388,8623,17011
2020-06-17,971,905,1876,855,995,1850,1777,1975,3752,1839,1720,3559,1369,1261,2630,961,831,1792,492,429,921,335,342,677,184,402,586,61,211,272,8844,9071,17915
2020-06-18,1002,943,1945,904,1039,1943,1875,2067,3942,1936,1810,3746,1453,1339,2792,1016,882,1898,517,445,962,346,355,701,192,417,609,62,217,279,9303,9514,18817
2020-06-19,1036,978,2014,947,1095,2042,1959,2149,4108,2032,1897,3929,1518,1388,2906,1054,925,1979,548,473,1021,371,378,749,208,438,646,63,235,298,9736,9956,19692
2020-06-20,1072,1019,2091,980,1136,2116,2029,2230,4259,2111,1957,4068,1570,1450,3020,1096,960,2056,564,492,1056,387,394,781,215,450,665,68,243,311,10092,10331,20423
2020-06-21,1095,1054,2149,1021,1169,2190,2078,2280,4358,2179,2012,4191,1605,1495,3100,1128,985,2113,583,500,1083,398,404,802,222,467,689,69,254,323,10378,10620,20998
2020-06-22,1152,1095,2247,1061,1222,2283,2183,2366,4549,2291,2095,4386,1687,1555,3242,1211,1037,2248,630,533,1163,420,434,854,242,485,727,72,264,336,10949,11086,22035
2020-06-23,1189,1134,2323,1107,1264,2371,2284,2476,4760,2376,2182,4558,1769,1629,3398,1281,1084,2365,651,557,1208,434,449,883,257,517,774,75,269,344,11423,11561,22984
2020-06-24,1220,1163,2383,1145,1310,2455,2396,2574,4970,2470,2268,4738,1849,1710,3559,1334,1131,2465,679,579,1258,452,458,910,266,534,800,78,282,360,11889,12009,23898
2020-06-25,1265,1206,2471,1191,1357,2548,2490,2679,5169,2578,2357,4935,1904,1776,3680,1387,1174,2561,706,597,1303,462,474,936,275,559,834,80,294,374,12338,12473,24811
2020-06-26,1307,1255,2562,1253,1403,2656,2576,2774,5350,2676,2453,5129,1971,1858,3829,1442,1218,2660,737,619,1356,475,491,966,285,582,867,82,304,386,12804,12957,25761
2020-06-27,1349,1291,2640,1292,1447,2739,2657,2846,5503,2740,2536,5276,2019,1910,3929,1482,1250,2732,767,639,1406,483,502,985,293,598,891,84,309,393,13166,13328,26494
2020-06-28,1379,1310,2689,1326,1470,2796,2737,2921,5658,2799,2586,5385,2085,1954,4039,1517,1288,2805,783,652,1435,490,513,1003,302,612,914,86,316,402,13504,13622,27126
2020-06-29,1405,1339,2744,1374,1520,2894,2834,3008,5842,2910,2664,5574,2164,2034,4198,1571,1338,2909,812,672,1484,506,530,1036,322,639,961,87,327,414,13985,14071,28056
2020-06-30,1435,1374,2809,1428,1557,2985,2923,3094,6017,2992,2757,5749,2240,2100,4340,1627,1382,3009,840,700,1540,529,551,1080,338,662,1000,91,342,433,14443,14519,28962
2020-07-01,1469,1410,2879,1475,1596,3071,3007,3187,6194,3090,2840,5930,2296,2152,4448,1682,1426,3108,875,731,1606,548,565,1113,356,680,1036,93,351,444,14891,14938,29829
2020-07-02,1513,1444,2957,1520,1651,3171,3089,3291,6380,3173,2940,6113,2393,2229,4622,1727,1472,3199,925,754,1679,568,589,1157,364,697,1061,95,358,453,15367,15425,30792
2020-07-03,1559,1487,3046,1574,1702,3276,3190,3387,6577,3287,3026,6313,2469,2304,4773,1793,1521,3314,958,783,1741,588,615,1203,371,722,1093,97,373,470,15886,15920,31806
2020-07-04,1587,1532,3119,1606,1731,3337,3255,3464,6719,3374,3102,6476,2542,2356,4898,1838,1565,3403,993,812,1805,609,649,1258,377,770,1147,99,395,494,16280,16376,32656
2020-07-05,1608,1558,3166,1639,1761,3400,3312,3528,6840,3441,3158,6599,2600,2413,5013,1887,1606,3493,1027,837,1864,630,684,1314,393,802,1195,101,407,508,16638,16754,33392
2020-07-06,1639,1589,3228,1679,1795,3474,3411,3629,7040,3563,3262,6825,2697,2491,5188,1958,1664,3622,1077,873,1950,653,716,1369,405,851,1256,108,424,532,17190,17294,34484
2020-07-07,1676,1629,3305,1712,1836,3548,3523,3725,7248,3684,3357,7041,2783,2576,5359,2024,1713,3737,1110,900,2010,687,742,1429,419,879,1298,111,433,544,17729,17790,35519
2020-07-08,1718,1670,3388,1748,1878,3626,3622,3836,7458,3818,3475,7293,2866,2658,5524,2086,1793,3879,1159,931,2090,715,780,1495,438,916,1354,117,461,578,18287,18398,36685
2020-07-09,1757,1699,3456,1784,1923,3707,3692,3910,7602,3902,3583,7485,2944,2715,5659,2135,1824,3959,1197,977,2174,743,802,1545,455,959,1414,120,470,590,18729,18862,37591
2020-07-10,1793,1735,3528,1824,1957,3781,3763,4000,7763,3989,3671,7660,3018,2780,5798,2194,1883,4077,1242,1010,2252,762,821,1583,473,981,1454,122,482,604,19180,19320,38500
2020-07-11,1818,1767,3585,1852,1991,3843,3827,4075,7902,4075,3760,7835,3094,2841,5935,2253,1929,4182,1281,1031,2312,782,847,1629,480,1006,1486,126,493,619,19588,19740,39328
2020-07-12,1846,1787,3633,1882,2023,3905,3888,4129,8017,4140,3828,7968,3156,2880,6036,2303,1964,4267,1304,1057,2361,802,864,1666,498,1034,1532,128,508,636,19947,20074,40021
2020-07-13,1887,1820,3707,1934,2071,4005,3994,4251,8245,4277,3948,8225,3261,2978,6239,2387,2034,4421,1343,1090,2433,828,897,1725,517,1078,1595,135,531,666,20563,20698,41261
2020-07-14,1921,1854,3775,1974,2111,4085,4113,4361,8474,4405,4061,8466,3345,3067,6412,2452,2097,4549,1390,1129,2519,854,921,1775,529,1114,1643,142,546,688,21125,21261,42386
2020-07-15,1957,1891,3848,2019,2145,4164,4214,4477,8691,4527,4189,8716,3432,3174,6606,2529,2147,4676,1435,1163,2598,886,950,1836,542,1146,1688,147,572,719,21688,21854,43542
2020-07-16,1986,1935,3921,2075,2192,4267,4324,4577,8901,4670,4319,8989,3527,3261,6788,2601,2219,4820,1479,1198,2677,912,982,1894,563,1195,1758,155,606,761,22292,22484,44776
2020-07-17,2033,1963,3996,2105,2243,4348,4426,4719,9145,4787,4431,9218,3607,3348,6955,2671,2284,4955,1524,1231,2755,935,1011,1946,584,1244,1828,160,635,795,22832,23109,45941
2020-07-18,2065,1999,4064,2159,2279,4438,4522,4812,9334,4899,4539,9438,3694,3447,7141,2742,2337,5079,1558,1265,2823,963,1047,2010,594,1274,1868,164,648,812,23360,23647,47007
2020-07-19,2100,2042,4142,2195,2309,4504,4600,4900,9500,4994,4634,9628,3768,3520,7288,2803,2390,5193,1604,1292,2896,981,1075,2056,610,1308,1918,172,663,835,23827,24133,47960
2020-07-20,2124,2088,4212,2237,2364,4601,4747,5020,9767,5143,4775,9918,3888,3622,7510,2869,2473,5342,1668,1340,3008,1008,1113,2121,634,1340,1974,174,675,849,24492,24810,49302
2020-07-21,2173,2123,4296,2278,2408,4686,4868,5164,10032,5293,4934,10227,4012,3746,7758,2967,2562,5529,1727,1369,3096,1035,1140,2175,654,1379,2033,176,698,874,25183,25523,50706
2020-07-22,2205,2152,4357,2321,2460,4781,5017,5293,10310,5434,5060,10494,4124,3836,7960,3060,2628,5688,1780,1414,3194,1079,1173,2252,670,1409,2079,180,717,897,25870,26142,52012
2020-07-23,2238,2193,4431,2357,2506,4863,5150,5436,10586,5555,5172,10727,4223,3928,8151,3148,2688,5836,1819,1449,3268,1106,1197,2303,691,1438,2129,183,727,910,26470,26734,53204
2020-07-24,2289,2232,4521,2402,2550,4952,5289,5564,10853,5700,5301,11001,4324,4036,8360,3240,2752,5992,1858,1492,3350,1122,1218,2340,707,1482,2189,188,744,932,27119,27371,54490
2020-07-25,2314,2257,4571,2443,2578,5021,5372,5651,11023,5805,5402,11207,4421,4105,8526,3284,2803,6087,1894,1521,3415,1139,1243,2382,719,1504,2223,196,759,955,27587,27823,55410
2020-07-26,2338,2284,4622,2466,2615,5081,5442,5732,11174,5876,5487,11363,4479,4170,8649,3323,2845,6168,1929,1541,3470,1165,1267,2432,738,1540,2278,200,771,971,27956,28252,56208
2020-07-27,2367,2311,4678,2509,2656,5165,5567,5838,11405,6024,5625,11649,4565,4271,8836,3410,2925,6335,1967,1581,3548,1189,1293,2482,759,1568,2327,205,786,991,28562,28854,57416
2020-07-28,2399,2335,4734,2561,2699,5260,5694,5962,11656,6171,5761,11932,4661,4369,9030,3493,2976,6469,2003,1625,3628,1220,1320,2540,779,1601,2380,206,805,1011,29187,29453,58640
2020-07-29,2424,2368,4792,2617,2747,5364,5803,6085,11888,6288,5881,12169,4761,4477,9238,3551,3045,6596,2052,1650,3702,1249,1348,2597,803,1637,2440,212,822,1034,29760,30060,59820
2020-07-30,2461,2395,4856,2654,2797,5451,5941,6202,12143,6427,6004,12431,4864,4575,9439,3613,3111,6724,2089,1676,3765,1269,1393,2662,820,1682,2502,217,849,1066,30355,30684,61039
2020-07-31,2492,2431,4923,2713,2847,5560,6053,6323,12376,6533,6123,12656,4974,4660,9634,3680,3183,6863,2143,1697,3840,1297,1427,2724,833,1719,2552,221,875,1096,30939,31285,62224
2020-08-01,2526,2468,4994,2748,2905,5653,6138,6438,12576,6647,6239,12886,5092,4749,9841,3743,3233,6976,2174,1726,3900,1312,1452,2764,847,1748,2595,225,885,1110,31452,31843,63295
2020-08-02,2554,2491,5045,2783,2946,5729,6219,6515,12734,6742,6324,13066,5173,4830,10003,3801,3276,7077,2212,1767,3979,1346,1478,2824,868,1795,2663,228,910,1138,31926,32332,64258
2020-08-03,2598,2536,5134,2849,2994,5843,6365,6667,13032,6907,6471,13378,5316,4961,10277,3886,3372,7258,2273,1818,4091,1379,1518,2897,887,1857,2744,231,944,1175,32691,33138,65829
2020-08-04,2635,2565,5200,2893,3055,5948,6502,6798,13300,7066,6622,13688,5445,5097,10542,3977,3459,7436,2339,1860,4199,1418,1561,2979,911,1927,2838,236,974,1210,33422,33918,67340
2020-08-05,2678,2603,5281,2958,3098,6056,6642,6942,13584,7228,6755,13983,5560,5216,10776,4066,3530,7596,2419,1916,4335,1456,1608,3064,937,2004,2941,241,1020,1261,34185,34692,68877
2020-08-06,2712,2636,5348,3015,3143,6158,6773,7070,13843,7348,6878,14226,5671,5306,10977,4138,3616,7754,2457,1960,4417,1476,1634,3110,952,2039,2991,248,1040,1288,34790,35322,70112
2020-08-07,2742,2664,5406,3051,3190,6241,6894,7191,14085,7457,6998,14455,5776,5398,11174,4211,3690,7901,2497,2010,4507,1508,1662,3170,970,2069,3039,253,1053,1306,35359,35925,71284
2020-08-08,2772,2694,5466,3088,3219,6307,6971,7286,14257,7549,7099,14648,5843,5477,11320,4272,3755,8027,2526,2044,4570,1527,1691,3218,981,2113,3094,256,1076,1332,35785,36454,72239
2020-08-09,2791,2711,5502,3124,3258,6382,7045,7370,14415,7624,7169,14793,5904,5546,11450,4338,3801,8139,2569,2080,4649,1545,1704,3249,994,2134,3128,260,1081,1341,36194,36854,73048
2020-08-10,2822,2746,5568,3166,3300,6466,7160,7496,14656,7771,7317,15088,6011,5657,11668,4432,3874,8306,2605,2128,4733,1570,1731,3301,1009,2174,3183,264,1105,1369,36810,37528,74338
2020-08-11,2844,2769,5613,3196,3337,6533,7255,7611,14866,7909,7434,15343,6139,5746,11885,4512,3945,8457,2650,2161,4811,1599,1761,3360,1023,2222,3245,269,1126,1395,37396,38112,75508
2020-08-12,2874,2806,5680,3244,3372,6616,7362,7718,15080,8027,7557,15584,6239,5851,12090,4598,4021,8619,2694,2207,4901,1622,1783,3405,1031,2244,3275,275,1132,1407,37966,38691,76657
2020-08-13,2897,2830,5727,3293,3415,6708,7469,7829,15298,8132,7677,15809,6325,5948,12273,4663,4076,8739,2748,2233,4981,1642,1808,3450,1042,2263,3305,277,1137,1414,38488,39216,77704
2020-08-14,2925,2849,5774,3331,3462,6793,7573,7953,15526,8256,7784,16040,6410,6030,12440,4729,4129,8858,2791,2272,5063,1665,1826,3491,1058,2292,3350,280,1150,1430,39018,39747,78765
2020-08-15,2942,2869,5811,3370,3498,6868,7664,8057,15721,8362,7880,16242,6474,6110,12584,4787,4183,8970,2828,2314,5142,1695,1865,3560,1076,2353,3429,283,1179,1462,39481,40308,79789
2020-08-16,2961,2891,5852,3402,3516,6918,7748,8117,15865,8427,7948,16375,6542,6165,12707,4829,4220,9049,2857,2338,5195,1718,1883,3601,1087,2370,3457,286,1193,1479,39857,40641,80498
2020-08-17,2985,2907,5892,3450,3559,7009,7835,8235,16070,8538,8070,16608,6621,6240,12861,4903,4269,9172,2897,2367,5264,1745,1897,3642,1095,2391,3486,287,1201,1488,40356,41136,81492
2020-08-18,3008,2941,5949,3504,3597,7101,7963,8351,16314,8703,8192,16895,6737,6336,13073,4993,4363,9356,2940,2410,5350,1770,1927,3697,1109,2440,3549,292,1233,1525,41019,41790,82809
2020-08-19,3042,2973,6015,3548,3640,7188,8113,8482,16595,8851,8320,17171,6849,6460,13309,5078,4451,9529,2993,2451,5444,1791,1960,3751,1125,2474,3599,299,1255,1554,41689,42466,84155
2020-08-20,3073,2998,6071,3608,3681,7289,8226,8609,16835,8993,8442,17435,6956,6536,13492,5149,4514,9663,3052,2490,5542,1816,1988,3804,1144,2509,3653,303,1276,1579,42320,43043,85363
2020-08-21,3097,3022,6119,3657,3734,7391,8352,8731,17083,9137,8576,17713,7046,6640,13686,5230,4587,9817,3097,2524,5621,1839,2012,3851,1160,2529,3689,305,1286,1591,42920,43641,86561
2020-08-22,3125,3046,6171,3699,3768,7467,8458,8838,17296,9230,8693,17923,7134,6711,13845,5285,4648,9933,3139,2557,5696,1866,2036,3902,1170,2547,3717,306,1289,1595,43412,44133,87545
2020-08-23,3151,3071,6222,3741,3818,7559,8542,8932,17474,9313,8771,18084,7207,6789,13996,5345,4703,10048,3175,2598,5773,1887,2052,3939,1190,2571,3761,310,1299,1609,43861,44604,88465
2020-08-24,3188,3101,6289,3794,3861,7655,8687,9066,17753,9469,8913,18382,7335,6919,14254,5434,4793,10227,3232,2655,5887,1916,2078,3994,1204,2586,3790,313,1308,1621,44572,45280,89852
2020-08-25,3229,3128,6357,3849,3906,7755,8812,9224,18036,9635,9086,18721,7452,7050,14502,5536,4890,10426,3296,2703,5999,1957,2115,4072,1225,2627,3852,316,1324,1640,45307,46053,91360
2020-08-26,3267,3161,6428,3911,3969,7880,8960,9372,18332,9801,9229,19030,7618,7182,14800,5649,4968,10617,3353,2754,6107,1993,2161,4154,1243,2669,3912,318,1345,1663,46113,46810,92923
2020-08-27,3300,3204,6504,3971,4031,8002,9110,9545,18655,9978,9388,19366,7741,7323,15064,5743,5053,10796,3408,2806,6214,2023,2185,4208,1258,2716,3974,323,1365,1688,46855,47616,94471
2020-08-28,3323,3224,6547,4028,4092,8120,9251,9696,18947,10121,9530,19651,7851,7423,15274,5847,5145,10992,3464,2861,6325,2056,2216,4272,1271,2744,4015,323,1376,1699,47535,48307,95842
2020-08-29,3349,3242,6591,4060,4129,8189,9351,9794,19145,10224,9658,19882,7942,7516,15458,5915,5209,11124,3509,2908,6417,2074,2244,4318,1286,2764,4050,325,1382,1707,48035,48846,96881
2020-08-30,3363,3255,6618,4094,4172,8266,9428,9872,19300,10307,9743,20050,8013,7601,15614,5982,5262,11244,3551,2941,6492,2098,2262,4360,1297,2791,4088,327,1388,1715,48460,49287,97747
2020-08-31,3389,3276,6665,4139,4223,8362,9569,10011,19580,10461,9908,20369,8152,7707,15859,6068,5343,11411,3607,2985,6592,2128,2313,4441,1314,2850,4164,335,1406,1741,49162,50022,99184
2020-09-01,3410,3298,6708,4193,4273,8466,9686,10142,19828,10622,10041,20663,8293,7833,16126,6147,5409,11556,3663,3039,6702,2154,2346,4500,1333,2892,4225,339,1427,1766,49840,50700,100540
2020-09-02,3433,3314,6747,4237,4312,8549,9784,10254,20038,10744,10166,20910,8395,7926,16321,6214,5476,11690,3709,3079,6788,2174,2372,4546,1351,2912,4263,340,1430,1770,50381,51241,101622
2020-09-03,3445,3338,6783,4281,4342,8623,9905,10368,20273,10875,10292,21167,8503,8027,16530,6292,5540,11832,3758,3118,6876,2201,2405,4606,1367,2933,4300,343,1437,1780,50970,51800,102770
2020-09-04,3470,3358,6828,4320,4399,8719,10048,10472,20520,10996,10422,21418,8604,8142,16746,6366,5617,11983,3801,3152,6953,2220,2436,4656,1373,2949,4322,347,1450,1797,51545,52397,103942
2020-09-05,3482,3376,6858,4355,4427,8782,10133,10577,20710,11100,10524,21624,8709,8243,16952,6425,5674,12099,3833,3191,7024,2251,2463,4714,1383,2978,4361,348,1460,1808,52019,52913,104932
2020-09-06,3499,3392,6891,4391,4460,8851,10196,10641,20837,11163,10589,21752,8773,8299,17072,6473,5723,12196,3869,3222,7091,2273,2489,4762,1393,2992,4385,351,1466,1817,52381,53273,105654
2020-09-07,3522,3411,6933,4430,4500,8930,10318,10769,21087,11290,10707,21997,8872,8417,17289,6566,5803,12369,3924,3267,7191,2316,2526,4842,1417,3031,4448,353,1489,1842,53008,53920,106928
2020-09-08,3544,3432,6976,4474,4550,9024,10441,10883,21324,11429,10849,22278,9002,8540,17542,6649,5885,12534,3971,3309,7280,2350,2554,4904,1433,3068,4501,358,1500,1858,53651,54570,108221
2020-09-09,3570,3458,7028,4517,4600,9117,10579,11013,21592,11574,10984,22558,9106,8640,17746,6721,5955,12676,4034,3351,7385,2383,2585,4968,1442,3089,4531,362,1515,1877,54288,55190,109478
2020-09-10,3606,3479,7085,4555,4650,9205,10672,11125,21797,11694,11093,22787,9215,8741,17956,6810,6020,12830,4091,3386,7477,2414,2624,5038,1453,3137,4590,366,1544,1910,54876,55799,110675
2020-09-11,3637,3504,7141,4595,4704,9299,10770,11251,22021,11814,11200,23014,9339,8848,18187,6887,6104,12991,4124,3419,7543,2449,2656,5105,1465,3157,4622,367,1548,1915,55447,56391,111838
2020-09-12,3653,3516,7169,4623,4741,9364,10843,11330,22173,11892,11286,23178,9409,8933,18342,6939,6163,13102,4159,3456,7615,2463,2674,5137,1476,3184,4660,368,1564,1932,55825,56847,112672
2020-09-13,3669,3534,7203,4654,4767,9421,10905,11415,22320,11968,11357,23325,9474,9006,18480,6981,6199,13180,4197,3496,7693,2492,2694,5186,1482,3204,4686,370,1566,1936,56192,57238,113430
2020-09-14,3687,3551,7238,4694,4800,9494,11007,11527,22534,12087,11476,23563,9558,9086,18644,7051,6279,13330,4238,3533,7771,2524,2719,5243,1489,3227,4716,374,1573,1947,56709,57771,114480
2020-09-15,3716,3564,7280,4729,4840,9569,11091,11625,22716,12184,11575,23759,9638,9185,18823,7138,6347,13485,4291,3571,7862,2542,2745,5287,1504,3251,4755,376,1583,1959,57209,58286,115495
2020-09-16,3739,3582,7321,4777,4877,9654,11187,11727,22914,12285,11681,23966,9748,9265,19013,7209,6416,13625,4323,3603,7926,2561,2783,5344,1513,3278,4791,379,1597,1976,57721,58809,116530
2020-09-17,3755,3600,7355,4809,4916,9725,11290,11821,23111,12363,11784,24147,9827,9346,19173,7260,6468,13728,4374,3628,8002,2581,2804,5385,1527,3287,4814,381,1604,1985,58167,59258,117425
2020-09-18,3787,3631,7418,4848,4961,9809,11381,11937,23318,12460,11894,24354,9897,9424,19321,7314,6512,13826,4414,3656,8070,2598,2837,5435,1539,3305,4844,381,1612,1993,58619,59769,118388
2020-09-19,3798,3646,7444,4879,4995,9874,11439,11995,23434,12537,11982,24519,9967,9468,19435,7357,6554,13911,4454,3685,8139,2610,2855,5465,1543,3320,4863,381,1618,1999,58965,60118,119083
2020-09-20,3811,3661,7472,4904,5013,9917,11490,12049,23539,12585,12049,24634,10006,9509,19515,7381,6580,13961,4482,3721,8203,2627,2880,5507,1549,3329,4878,381,1624,2005,59216,60415,119631
2020-09-21,3830,3674,7504,4948,5045,9993,11577,12131,23708,12679,12114,24793,10095,9565,19660,7424,6631,14055,4522,3754,8276,2653,2913,5566,1560,3346,4906,381,1628,2009,59669,60801,120470
2020-09-22,3852,3686,7538,4984,5083,10067,11680,12219,23899,12778,12217,24995,10159,9647,19806,7486,6681,14167,4558,3795,8353,2674,2934,5608,1577,3376,4953,384,1639,2023,60132,61277,121409
2020-09-23,3873,3707,7580,5018,5126,10144,11774,12311,24085,12867,12303,25170,10230,9741,19971,7547,6736,14283,4592,3832,8424,2698,2960,5658,1585,3389,4974,388,1643,2031,60572,61748,122320
2020-09-24,3894,3725,7619,5056,5167,10223,11873,12409,24282,12959,12413,25372,10297,9808,20105,7617,6786,14403,4644,3869,8513,2721,2976,5697,1603,3411,5014,390,1648,2038,61054,62212,123266
2020-09-25,3914,3750,7664,5089,5198,10287,11969,12494,24463,13036,12518,25554,10386,9892,20278,7684,6854,14538,4687,3904,8591,2754,3011,5765,1613,3426,5039,393,1662,2055,61525,62709,124234
2020-09-26,3927,3763,7690,5120,5226,10346,12025,12553,24578,13095,12578,25673,10453,9945,20398,7722,6905,14627,4710,3933,8643,2773,3032,5805,1623,3441,5064,394,1669,2063,61842,63045,124887
2020-09-27,3947,3778,7725,5144,5258,10402,12100,12603,24703,13168,12643,25811,10517,9991,20508,7762,6947,14709,4734,3947,8681,2795,3044,5839,1629,3453,5082,397,1671,2068,62193,63335,125528
2020-09-28,3968,3796,7764,5183,5292,10475,12180,12705,24885,13268,12740,26008,10590,10062,20652,7818,7007,14825,4786,3986,8772,2815,3076,5891,1647,3473,5120,399,1677,2076,62654,63814,126468
2020-09-29,4003,3811,7814,5214,5314,10528,12285,12806,25091,13369,12828,26197,10673,10137,20810,7876,7067,14943,4826,4033,8859,2842,3112,5954,1656,3494,5150,399,1687,2086,63143,64289,127432
2020-09-30,4022,3834,7856,5242,5349,10591,12394,12918,25312,13463,12922,26385,10750,10216,20966,7934,7130,15064,4874,4062,8936,2868,3126,5994,1669,3515,5184,402,1691,2093,63618,64763,128381
2020-10-01,4043,3852,7895,5271,5385,10656,12486,13020,25506,13550,13011,26561,10814,10280,21094,7990,7194,15184,4906,4104,9010,2880,3150,6030,1678,3532,5210,404,1699,2103,64022,65227,129249
2020-10-02,4067,3869,7936,5310,5417,10727,12578,13105,25683,13625,13103,26728,10876,10362,21238,8048,7265,15313,4942,4146,9088,2900,3174,6074,1694,3551,5245,407,1710,2117,64447,65702,130149
2020-10-03,4089,3880,7969,5331,5449,10780,12637,13152,25789,13689,13147,26836,10918,10423,21341,8091,7316,15407,4967,4160,9127,2911,3181,6092,1699,3564,5263,408,1714,2122,64740,65986,130726
2020-10-04,4097,3887,7984,5354,5469,10823,12686,13204,25890,13738,13204,26942,10957,10455,21412,8122,7348,15470,4984,4184,9168,2925,3188,6113,1705,3573,5278,408,1720,2128,64976,66232,131208
2020-10-05,4108,3903,8011,5382,5496,10878,12763,13307,26070,13833,13282,27115,11022,10512,21534,8174,7403,15577,5031,4220,9251,2947,3210,6157,1712,3588,5300,409,1726,2135,65381,66647,132028
2020-10-06,4135,3921,8056,5410,5538,10948,12858,13409,26267,13934,13373,27307,11104,10581,21685,8237,7465,15702,5068,4250,9318,2963,3229,6192,1724,3604,5328,411,1731,2142,65844,67101,132945
2020-10-07,4150,3932,8082,5439,5574,11013,12957,13501,26458,14001,13460,27461,11186,10655,21841,8295,7519,15814,5095,4271,9366,2976,3250,6226,1734,3625,5359,411,1739,2150,66244,67526,133770
2020-10-08,4170,3947,8117,5467,5612,11079,13043,13590,26633,14089,13541,27630,11237,10732,21969,8344,7574,15918,5122,4301,9423,2993,3278,6271,1746,3659,5405,413,1753,2166,66624,67987,134611
2020-10-09,4189,3966,8155,5494,5647,11141,13108,13686,26794,14184,13640,27824,11302,10800,22102,8399,7630,16029,5148,4337,9485,3010,3303,6313,1761,3691,5452,416,1766,2182,67011,68466,135477
2020-10-10,4200,3972,8172,5515,5680,11195,13161,13741,26902,14242,13707,27949,11364,10852,22216,8440,7684,16124,5175,4363,9538,3027,3319,6346,1765,3702,5467,417,1767,2184,67306,68787,136093
2020-10-11,4214,3989,8203,5533,5704,11237,13199,13785,26984,14282,13765,28047,11406,10883,22289,8471,7718,16189,5188,4383,9571,3041,3333,6374,1773,3719,5492,419,1774,2193,67526,69053,136579
2020-10-12,4238,4006,8244,5557,5736,11293,13265,13831,27096,14350,13826,28176,11458,10930,22388,8508,7762,16270,5216,4408,9624,3059,3347,6406,1777,3736,5513,419,1780,2199,67847,69362,137209
2020-10-13,4254,4025,8279,5593,5769,11362,13354,13913,27267,14457,13912,28369,11530,10997,22527,8561,7803,16364,5255,4432,9687,3069,3366,6435,1784,3759,5543,420,1789,2209,68277,69765,138042
2020-10-14,4269,4041,8310,5629,5805,11434,13439,13997,27436,14532,13984,28516,11605,11064,22669,8622,7865,16487,5279,4460,9739,3090,3385,6475,1792,3767,5559,421,1795,2216,68678,70163,138841
2020-10-15,4285,4061,8346,5680,5854,11534,13533,14074,27607,14621,14065,28686,11669,11131,22800,8664,7909,16573,5304,4487,9791,3111,3405,6516,1799,3786,5585,424,1800,2224,69090,70572,139662
2020-10-16,4304,4074,8378,5711,5897,11608,13605,14178,27783,14700,14146,28846,11740,11193,22933,8709,7948,16657,5334,4520,9854,3129,3427,6556,1809,3810,5619,426,1814,2240,69467,71007,140474
2020-10-17,4317,4092,8409,5741,5920,11661,13662,14231,27893,14766,14220,28986,11783,11229,23012,8742,7981,16723,5354,4543,9897,3138,3435,6573,1817,3818,5635,428,1817,2245,69748,71286,141034
2020-10-18,4328,4100,8428,5761,5943,11704,13702,14272,27974,14810,14250,29060,11808,11256,23064,8766,8009,16775,5369,4559,9928,3152,3448,6600,1818,3828,5646,428,1820,2248,69942,71485,141427
2020-10-19,4347,4114,8461,5786,5973,11759,13765,14329,28094,14860,14308,29168,11876,11304,23180,8809,8046,16855,5401,4580,9981,3170,3469,6639,1822,3841,5663,429,1824,2253,70265,71788,142053
2020-10-20,4355,4125,8480,5803,5997,11800,13838,14408,28246,14933,14367,29300,11925,11359,23284,8862,8082,16944,5426,4606,10032,3184,3478,6662,1834,3858,5692,430,1831,2261,70590,72111,142701
2020-10-21,4369,4136,8505,5829,6024,11853,13891,14465,28356,14988,14419,29407,11977,11399,23376,8892,8121,17013,5452,4628,10080,3197,3492,6689,1837,3865,5702,431,1834,2265,70863,72383,143246
2020-10-22,4382,4146,8528,5857,6048,11905,13947,14532,28479,15038,14463,29501,12019,11435,23454,8917,8148,17065,5473,4642,10115,3207,3505,6712,1842,3872,5714,432,1834,2266,71114,72625,143739
2020-10-23,4394,4156,8550,5883,6067,11950,13996,14605,28601,15085,14521,29606,12072,11481,23553,8954,8179,17133,5505,4665,10170,3215,3517,6732,1852,3880,5732,433,1835,2268,71389,72906,144295
2020-10-24,4402,4168,8570,5902,6084,11986,14038,14650,28688,15121,14569,29690,12106,11511,23617,8989,8203,17192,5521,4679,10200,3227,3529,6756,1856,3886,5742,433,1839,2272,71595,73118,144713
2020-10-25,4411,4178,8589,5914,6100,12014,14073,14687,28760,15148,14603,29751,12139,11539,23678,9009,8226,17235,5538,4685,10223,3232,3538,6770,1859,3890,5749,433,1840,2273,71756,73286,145042
2020-10-26,4424,4183,8607,5926,6136,12062,14123,14733,28856,15215,14657,29872,12177,11577,23754,9044,8260,17304,5561,4706,10267,3240,3547,6787,1869,3899,5768,437,1844,2281,72016,73542,145558
2020-10-27,4431,4194,8625,5954,6164,12118,14184,14795,28979,15271,14711,29982,12232,11625,23857,9085,8297,17382,5580,4731,10311,3249,3562,6811,1879,3914,5793,438,1846,2284,72303,73839,146142
2020-10-28,4447,4207,8654,5983,6184,12167,14236,14848,29084,15320,14755,30075,12272,11657,23929,9113,8328,17441,5605,4749,10354,3256,3572,6828,1886,3919,5805,440,1848,2288,72558,74067,146625
2020-10-29,4459,4213,8672,5998,6200,12198,14281,14891,29172,15366,14800,30166,12312,11687,23999,9133,8350,17483,5619,4764,10383,3274,3578,6852,1890,3931,5821,441,1855,2296,72773,74269,147042
2020-10-30,4466,4218,8684,6006,6207,12213,14315,14928,29243,15415,14827,30242,12340,11723,24063,9148,8369,17517,5631,4780,10411,3284,3589,6873,1893,3935,5828,442,1857,2299,72940,74433,147373
2020-10-31,4468,4222,8690,6015,6222,12237,14335,14955,29290,15445,14856,30301,12359,11745,24104,9163,8386,17549,5642,4790,10432,3288,3595,6883,1897,3939,5836,442,1857,2299,73054,74567,147621
2020-11-01,4477,4232,8709,6027,6235,12262,14377,14986,29363,15478,14884,30362,12387,11772,24159,9181,8407,17588,5658,4799,10457,3294,3601,6895,1899,3943,5842,442,1858,2300,73220,74717,147937
2020-11-02,4486,4241,8727,6037,6262,12299,14412,15032,29444,15524,14922,30446,12423,11806,24229,9213,8433,17646,5673,4809,10482,3297,3610,6907,1903,3950,5853,442,1862,2304,73410,74927,148337
2020-11-03,4496,4247,8743,6057,6273,12330,14467,15067,29534,15557,14957,30514,12457,11835,24292,9238,8455,17693,5685,4830,10515,3301,3619,6920,1904,3959,5863,442,1864,2306,73604,75106,148710
2020-11-04,4505,4252,8757,6065,6288,12353,14513,15113,29626,15599,14999,30598,12482,11869,24351,9263,8485,17748,5702,4842,10544,3307,3631,6938,1907,3966,5873,442,1867,2309,73785,75312,149097
2020-11-05,4520,4262,8782,6095,6309,12404,14567,15177,29744,15655,15036,30691,12519,11909,24428,9293,8509,17802,5723,4859,10582,3319,3644,6963,1910,3982,5892,443,1873,2316,74044,75560,149604
2020-11-06,4532,4270,8802,6117,6327,12444,14595,15219,29814,15696,15080,30776,12555,11937,24492,9321,8530,17851,5743,4879,10622,3331,3655,6986,1914,3989,5903,443,1875,2318,74247,75761,150008
2020-11-07,4540,4276,8816,6124,6337,12461,14622,15255,29877,15735,15124,30859,12588,11967,24555,9335,8550,17885,5758,4896,10654,3339,3664,7003,1918,3992,5910,443,1875,2318,74402,75936,150338
2020-11-08,4549,4282,8831,6129,6351,12480,14641,15299,29940,15764,15147,30911,12612,11984,24596,9355,8572,17927,5772,4904,10676,3345,3666,7011,1921,3997,5918,444,1875,2319,74532,76077,150609
2020-11-09,4562,4287,8849,6149,6371,12520,14682,15352,30034,15803,15188,30991,12659,12022,24681,9395,8617,18012,5789,4925,10714,3363,3671,7034,1922,4004,5926,444,1877,2321,74768,76314,151082
2020-11-10,4572,4297,8869,6165,6387,12552,14734,15406,30140,15868,15227,31095,12690,12051,24741,9419,8636,18055,5810,4945,10755,3379,3695,7074,1927,4012,5939,447,1878,2325,75011,76534,151545
2020-11-11,4582,4304,8886,6181,6408,12589,14785,15454,30239,15915,15276,31191,12730,12084,24814,9455,8658,18113,5827,4962,10789,3390,3710,7100,1929,4019,5948,448,1882,2330,75242,76757,151999
2020-11-12,4593,4312,8905,6201,6427,12628,14838,15499,30337,15954,15313,31267,12767,12120,24887,9479,8681,18160,5841,4974,10815,3394,3717,7111,1933,4022,5955,448,1886,2334,75448,76951,152399
2020-11-13,4602,4316,8918,6222,6443,12665,14879,15542,30421,15993,15344,31337,12808,12153,24961,9503,8702,18205,5862,4994,10856,3407,3722,7129,1936,4031,5967,450,1893,2343,75662,77140,152802
2020-11-14,4609,4322,8931,6239,6460,12699,14911,15578,30489,16031,15374,31405,12834,12174,25008,9534,8722,18256,5879,5005,10884,3416,3729,7145,1940,4036,5976,450,1894,2344,75843,77294,153137
2020-11-15,4613,4329,8942,6247,6479,12726,14935,15603,30538,16052,15400,31452,12860,12191,25051,9552,8736,18288,5888,5015,10903,3423,3737,7160,1942,4045,5987,451,1894,2345,75963,77429,153392
2020-11-16,4619,4338,8957,6264,6497,12761,14964,15646,30610,16087,15432,31519,12886,12219,25105,9572,8760,18332,5900,5027,10927,3435,3748,7183,1950,4050,6000,451,1895,2346,76128,77612,153740
2020-11-17,4627,4344,8971,6286,6517,12803,15015,15692,30707,16128,15476,31604,12924,12253,25177,9599,8790,18389,5918,5044,10962,3443,3757,7200,1956,4063,6019,452,1900,2352,76348,77836,154184
2020-11-18,4632,4351,8983,6304,6539,12843,15061,15748,30809,16177,15511,31688,12963,12282,25245,9622,8823,18445,5930,5060,10990,3455,3769,7224,1960,4074,6034,452,1905,2357,76556,78062,154618
2020-11-19,4636,4355,8991,6317,6556,12873,15108,15780,30888,16208,15541,31749,12982,12309,25291,9648,8845,18493,5945,5074,11019,3461,3776,7237,1962,4078,6040,452,1909,2361,76719,78223,154942
2020-11-20,4641,4360,9001,6336,6578,12914,15151,15808,30959,16237,15563,31800,13002,12322,25324,9661,8860,18521,5961,5088,11049,3467,3781,7248,1968,4082,6050,453,1910,2363,76877,78352,155229
2020-11-21,4648,4371,9019,6349,6594,12943,15179,15844,31023,16272,15593,31865,13020,12359,25379,9674,8876,18550,5975,5102,11077,3473,3788,7261,1971,4085,6056,453,1913,2366,77014,78525,155539
2020-11-22,4652,4374,9026,6360,6602,12962,15200,15868,31068,16290,15613,31903,13040,12375,25415,9685,8884,18569,5989,5107,11096,3479,3797,7276,1972,4086,6058,453,1914,2367,77120,78620,155740
2020-11-23,4657,4378,9035,6367,6609,12976,15220,15898,31118,16321,15637,31958,13059,12386,25445,9694,8903,18597,5997,5112,11109,3489,3803,7292,1974,4088,6062,453,1916,2369,77231,78730,155961
2020-11-24,4664,4382,9046,6377,6625,13002,15261,15946,31207,16366,15677,32043,13089,12405,25494,9714,8918,18632,6017,5125,11142,3496,3810,7306,1977,4090,6067,453,1918,2371,77414,78896,156310
2020-11-25,4679,4388,9067,6395,6641,13036,15312,15998,31310,16420,15724,32144,13125,12442,25567,9743,8940,18683,6034,5139,11173,3502,3824,7326,1982,4096,6078,453,1920,2373,77645,79112,156757
2020-11-26,4682,4402,9084,6409,6665,13074,15353,16040,31393,16473,15753,32226,13150,12466,25616,9760,8970,18730,6044,5153,11197,3506,3829,7335,1987,4101,6088,454,1923,2377,77818,79302,157120
2020-11-27,4689,4407,9096,6428,6678,13106,15401,16079,31480,16514,15777,32291,13180,12494,25674,9783,8989,18772,6058,5167,11225,3516,3835,7351,1990,4104,6094,456,1925,2381,78015,79455,157470
2020-11-28,4695,4414,9109,6445,6692,13137,15430,16120,31550,16546,15804,32350,13202,12517,25719,9795,9006,18801,6067,5182,11249,3520,3838,7358,1991,4107,6098,456,1926,2382,78147,79606,157753
2020-11-29,4702,4414,9116,6457,6707,13164,15461,16154,31615,16582,15827,32409,13226,12536,25762,9813,9020,18833,6072,5194,11266,3523,3842,7365,1995,4112,6107,458,1926,2384,78289,79732,158021
2020-11-30,4710,4419,9129,6472,6722,13194,15503,16188,31691,16613,15857,32470,13256,12556,25812,9828,9043,18871,6079,5206,11285,3533,3853,7386,1998,4120,6118,458,1929,2387,78450,79893,158343
2020-12-01,4720,4424,9144,6485,6733,13218,15538,16219,31757,16646,15904,32550,13288,12580,25868,9844,9057,18901,6091,5215,11306,3539,3858,7397,2001,4123,6124,458,1930,2388,78610,80043,158653
2020-12-02,4722,4428,9150,6495,6747,13242,15565,16246,31811,16673,15930,32603,13305,12602,25907,9853,9070,18923,6103,5223,11326,3545,3870,7415,2004,4128,6132,461,1935,2396,78726,80179,158905
2020-12-03,4728,4433,9161,6509,6760,13269,15598,16266,31864,16710,15963,32673,13335,12617,25952,9867,9086,18953,6116,5236,11352,3552,3881,7433,2007,4133,6140,463,1936,2399,78885,80311,159196
2020-12-04,4738,4439,9177,6525,6779,13304,15622,16303,31925,16749,16004,32753,13366,12645,26011,9888,9107,18995,6129,5249,11378,3560,3886,7446,2013,4136,6149,463,1936,2399,79053,80484,159537
2020-12-05,4744,4445,9189,6537,6795,13332,15647,16335,31982,16776,16031,32807,13385,12672,26057,9906,9125,19031,6143,5260,11403,3565,3897,7462,2019,4141,6160,463,1936,2399,79185,80637,159822
2020-12-06,4751,4449,9200,6545,6802,13347,15671,16356,32027,16800,16051,32851,13404,12694,26098,9925,9139,19064,6153,5269,11422,3570,3902,7472,2024,4142,6166,463,1936,2399,79306,80740,160046
2020-12-07,4755,4454,9209,6551,6816,13367,15691,16381,32072,16821,16074,32895,13432,12712,26144,9938,9157,19095,6165,5279,11444,3576,3907,7483,2026,4144,6170,463,1938,2401,79418,80862,160280
2020-12-08,4763,4457,9220,6566,6830,13396,15718,16410,32128,16858,16108,32966,13472,12732,26204,9960,9175,19135,6185,5285,11470,3586,3917,7503,2029,4148,6177,464,1940,2404,79601,81002,160603
2020-12-09,4769,4467,9236,6594,6848,13442,15764,16450,32214,16901,16144,33045,13510,12770,26280,9989,9201,19190,6201,5303,11504,3593,3930,7523,2030,4152,6182,465,1944,2409,79816,81209,161025
2020-12-10,4775,4476,9251,6611,6875,13486,15800,16504,32304,16956,16183,33139,13550,12813,26363,10011,9225,19236,6218,5318,11536,3601,3943,7544,2033,4157,6190,465,1946,2411,80020,81440,161460
2020-12-11,4787,4485,9272,6623,6888,13511,15852,16555,32407,16990,16225,33215,13588,12839,26427,10028,9257,19285,6229,5335,11564,3605,3954,7559,2038,4163,6201,465,1947,2412,80205,81648,161853
2020-12-12,4795,4489,9284,6641,6902,13543,15905,16606,32511,17026,16255,33281,13613,12864,26477,10041,9274,19315,6242,5348,11590,3617,3960,7577,2040,4163,6203,465,1947,2412,80385,81808,162193
2020-12-13,4797,4494,9291,6658,6919,13577,15945,16638,32583,17057,16294,33351,13635,12888,26523,10057,9294,19351,6260,5360,11620,3625,3965,7590,2045,4166,6211,466,1947,2413,80545,81965,162510
2020-12-14,4802,4498,9300,6678,6937,13615,16009,16698,32707,17124,16342,33466,13675,12930,26605,10087,9319,19406,6277,5385,11662,3638,3976,7614,2049,4175,6224,466,1949,2415,80805,82209,163014
2020-12-15,4806,4502,9308,6704,6959,13663,16076,16756,32832,17184,16396,33580,13726,12964,26690,10109,9350,19459,6298,5392,11690,3648,3982,7630,2057,4179,6236,468,1951,2419,81076,82431,163507
2020-12-16,4816,4511,9327,6723,6993,13716,16166,16820,32986,17230,16438,33668,13756,12993,26749,10136,9381,19517,6311,5408,11719,3663,3991,7654,2067,4184,6251,470,1955,2425,81338,82674,164012
2020-12-17,4826,4516,9342,6754,7030,13784,16278,16912,33190,17299,16503,33802,13797,13048,26845,10160,9416,19576,6327,5432,11759,3677,4004,7681,2071,4191,6262,471,1956,2427,81660,83008,164668
2020-12-18,4830,4526,9356,6795,7055,13850,16370,16996,33366,17370,16574,33944,13851,13096,26947,10195,9454,19649,6349,5456,11805,3693,4018,7711,2074,4205,6279,471,1966,2437,81998,83346,165344
2020-12-19,4840,4532,9372,6823,7083,13906,16436,17052,33488,17429,16628,34057,13894,13139,27033,10224,9484,19708,6368,5473,11841,3705,4029,7734,2079,4212,6291,471,1967,2438,82269,83599,165868
2020-12-20,4844,4541,9385,6851,7098,13949,16499,17102,33601,17464,16673,34137,13939,13194,27133,10257,9501,19758,6394,5492,11886,3714,4036,7750,2082,4216,6298,474,1969,2443,82518,83822,166340
2020-12-21,4854,4550,9404,6883,7132,14015,16594,17211,33805,17554,16756,34310,14005,13250,27255,10311,9544,19855,6436,5517,11953,3733,4052,7785,2086,4225,6311,474,1970,2444,82930,84207,167137
2020-12-22,4863,4563,9426,6917,7171,14088,16685,17308,33993,17670,16828,34498,14062,13314,27376,10365,9597,19962,6461,5543,12004,3746,4068,7814,2091,4234,6325,475,1973,2448,83335,84599,167934
2020-12-23,4873,4574,9447,6952,7218,14170,16822,17428,34250,17776,16920,34696,14133,13389,27522,10441,9655,20096,6482,5575,12057,3773,4090,7863,2095,4246,6341,476,1974,2450,83823,85069,168892
2020-12-24,4874,4576,9450,6979,7246,14225,16885,17487,34372,17847,16968,34815,14166,13438,27604,10471,9680,20151,6501,5585,12086,3785,4097,7882,2097,4252,6349,476,1975,2451,84081,85304,169385
2020-12-25,4877,4583,9460,6996,7264,14260,16927,17525,34452,17886,16994,34880,14208,13469,27677,10493,9701,20194,6521,5598,12119,3790,4104,7894,2098,4253,6351,476,1976,2452,84272,85467,169739
2020-12-26,4889,4593,9482,7033,7306,14339,17045,17631,34676,17991,17086,35077,14282,13556,27838,10568,9761,20329,6564,5641,12205,3804,4120,7924,2102,4260,6362,476,1977,2453,84754,85931,170685
2020-12-27,4904,4599,9503,7062,7349,14411,17153,17727,34880,18078,17157,35235,14341,13611,27952,10619,9797,20416,6586,5671,12257,3820,4136,7956,2103,4266,6369,476,1977,2453,85142,86290,171432
2020-12-28,4922,4617,9539,7113,7422,14535,17301,17871,35172,18193,17286,35479,14465,13708,28173,10715,9868,20583,6630,5708,12338,3854,4168,8022,2113,4283,6396,478,1979,2457,85784,86910,172694
2020-12-29,4931,4636,9567,7176,7499,14675,17492,18054,35546,18353,17423,35776,14565,13803,28368,10784,9952,20736,6677,5760,12437,3888,4203,8091,2124,4291,6415,480,1982,2462,86470,87603,174073
2020-12-30,4956,4655,9611,7252,7583,14835,17676,18208,35884,18505,17563,36068,14673,13919,28592,10867,10035,20902,6723,5826,12549,3920,4235,8155,2133,4304,6437,483,1986,2469,87188,88314,175502
2020-12-31,4965,4664,9629,7298,7632,14930,17822,18332,36154,18586,17645,36231,14735,13990,28725,10911,10073,20984,6749,5848,12597,3945,4249,8194,2137,4308,6445,483,1986,2469,87631,88727,176358
2021-01-01,4970,4667,9637,7318,7651,14969,17854,18372,36226,18628,17688,36316,14758,14023,28781,10930,10094,21024,6768,5871,12639,3954,4259,8213,2138,4311,6449,483,1986,2469,87801,88922,176723
2021-01-02,4977,4678,9655,7373,7706,15079,17961,18490,36451,18732,17779,36511,14844,14109,28953,11004,10166,21170,6810,5910,12720,3973,4281,8254,2143,4314,6457,489,1986,2475,88306,89419,177725
2021-01-03,4994,4692,9686,7420,7755,15175,18091,18644,36735,18833,17873,36706,14922,14188,29110,11064,10228,21292,6848,5942,12790,3994,4305,8299,2149,4320,6469,490,1987,2477,88805,89934,178739
2021-01-04,5011,4703,9714,7495,7826,15321,18320,18860,37180,19008,18028,37036,15038,14287,29325,11159,10335,21494,6900,5991,12891,4020,4337,8357,2162,4342,6504,492,1990,2482,89605,90699,180304
2021-01-05,5033,4727,9760,7579,7910,15489,18571,19116,37687,19174,18178,37352,15153,14389,29542,11259,10409,21668,6962,6045,13007,4039,4373,8412,2169,4360,6529,493,2000,2493,90432,91507,181939
2021-01-06,5049,4740,9789,7657,7998,15655,18813,19345,38158,19356,18324,37680,15273,14490,29763,11339,10493,21832,7016,6104,13120,4069,4402,8471,2175,4374,6549,494,2005,2499,91241,92275,183516
2021-01-07,5069,4755,9824,7724,8075,15799,19009,19554,38563,19502,18462,37964,15380,14603,29983,11421,10579,22000,7061,6150,13211,4090,4437,8527,2183,4383,6566,499,2008,2507,91938,93006,184944
2021-01-08,5084,4772,9856,7793,8148,15941,19201,19751,38952,19638,18581,38219,15495,14722,30217,11507,10657,22164,7115,6204,13319,4113,4460,8573,2190,4397,6587,500,2013,2513,92636,93705,186341
2021-01-09,5092,4781,9873,7843,8210,16053,19349,19919,39268,19754,18681,38435,15594,14813,30407,11563,10728,22291,7161,6245,13406,4127,4484,8611,2195,4409,6604,502,2015,2517,93180,94285,187465
2021-01-10,5101,4787,9888,7892,8249,16141,19458,20055,39513,19824,18759,38583,15654,14878,30532,11617,10775,22392,7187,6278,13465,4139,4505,8644,2202,4414,6616,505,2017,2522,93579,94717,188296
2021-01-11,5108,4797,9905,7962,8318,16280,19647,20240,39887,19937,18882,38819,15742,14957,30699,11695,10853,22548,7226,6322,13548,4172,4525,8697,2208,4424,6632,506,2021,2527,94203,95339,189542
2021-01-12,5118,4806,9924,8023,8401,16424,19852,20426,40278,20075,19006,39081,15829,15054,30883,11757,10931,22688,7270,6363,13633,4205,4553,8758,2220,4439,6659,506,2024,2530,94855,96003,190858
2021-01-13,5133,4824,9957,8097,8505,16602,20035,20627,40662,20215,19141,39356,15928,15152,31080,11834,10999,22833,7319,6416,13735,4232,4570,8802,2230,4447,6677,507,2027,2534,95530,96708,192238
2021-01-14,5153,4835,9988,8166,8583,16749,20194,20820,41014,20342,19241,39583,16006,15230,31236,11908,11078,22986,7362,6451,13813,4255,4599,8854,2241,4454,6695,511,2028,2539,96138,97319,193457
2021-01-15,5167,4846,10013,8260,8652,16912,20379,20974,41353,20470,19351,39821,16103,15308,31411,11988,11163,23151,7411,6487,13898,4275,4623,8898,2249,4468,6717,511,2031,2542,96813,97903,194716
2021-01-16,5175,4857,10032,8330,8730,17060,20497,21109,41606,20570,19443,40013,16178,15389,31567,12036,11214,23250,7446,6516,13962,4296,4639,8935,2255,4478,6733,512,2036,2548,97295,98411,195706
2021-01-17,5181,4865,10046,8388,8786,17174,20612,21236,41848,20652,19523,40175,16243,15448,31691,12088,11260,23348,7489,6541,14030,4315,4644,8959,2261,4484,6745,513,2037,2550,97742,98824,196566
2021-01-18,5194,4878,10072,8470,8865,17335,20834,21420,42254,20782,19642,40424,16335,15527,31862,12167,11340,23507,7543,6588,14131,4343,4676,9019,2270,4501,6771,514,2039,2553,98452,99476,197928
2021-01-19,5209,4885,10094,8551,8959,17510,20984,21594,42578,20921,19741,40662,16419,15623,32042,12221,11400,23621,7585,6629,14214,4369,4699,9068,2281,4519,6800,514,2045,2559,99054,100094,199148
2021-01-20,5216,4892,10108,8641,9032,17673,21155,21754,42909,21040,19838,40878,16508,15722,32230,12291,11467,23758,7620,6682,14302,4390,4724,9114,2293,4538,6831,514,2050,2564,99668,100699,200367
2021-01-21,5226,4901,10127,8724,9099,17823,21287,21902,43189,21158,19942,41100,16604,15819,32423,12361,11548,23909,7661,6721,14382,4416,4752,9168,2303,4559,6862,517,2053,2570,100257,101296,201553
2021-01-22,5246,4911,10157,8793,9162,17955,21420,22059,43479,21252,20041,41293,16672,15899,32571,12425,11616,24041,7703,6747,14450,4434,4772,9206,2315,4570,6885,519,2056,2575,100779,101833,202612
2021-01-23,5253,4924,10177,8872,9234,18106,21522,22168,43690,21332,20103,41435,16722,15958,32680,12479,11676,24155,7730,6781,14511,4455,4802,9257,2319,4581,6900,521,2056,2577,101205,102283,203488
2021-01-24,5262,4939,10201,8942,9293,18235,21655,22248,43903,21417,20182,41599,16768,16014,32782,12518,11716,24234,7762,6805,14567,4476,4815,9291,2323,4586,6909,521,2056,2577,101644,102654,204298
2021-01-25,5274,4952,10226,9058,9410,18468,21807,22401,44208,21536,20272,41808,16866,16110,32976,12582,11772,24354,7815,6843,14658,4499,4845,9344,2330,4600,6930,524,2057,2581,102291,103262,205553
2021-01-26,5288,4967,10255,9165,9531,18696,21940,22541,44481,21630,20360,41990,16945,16199,33144,12653,11838,24491,7858,6876,14734,4521,4868,9389,2340,4621,6961,526,2065,2591,102866,103866,206732
2021-01-27,5295,4983,10278,9284,9624,18908,22045,22668,44713,21720,20437,42157,17013,16277,33290,12710,11883,24593,7900,6910,14810,4538,4885,9423,2348,4633,6981,527,2067,2594,103380,104367,207747
2021-01-28,5307,4993,10300,9366,9729,19095,22193,22787,44980,21823,20513,42336,17093,16356,33449,12770,11939,24709,7943,6948,14891,4551,4905,9456,2352,4646,6998,527,2071,2598,103925,104887,208812
2021-01-29,5327,5008,10335,9455,9827,19282,22299,22908,45207,21910,20608,42518,17170,16440,33610,12827,12013,24840,7970,6982,14952,4569,4929,9498,2358,4662,7020,530,2074,2604,104415,105451,209866
2021-01-30,5335,5014,10349,9577,9920,19497,22394,23010,45404,21976,20682,42658,17231,16511,33742,12865,12066,24931,8000,7014,15014,4582,4946,9528,2360,4670,7030,531,2076,2607,104851,105909,210760
2021-01-31,5338,5027,10365,9685,10017,19702,22482,23114,45596,22024,20749,42773,17305,16584,33889,12911,12113,25024,8026,7045,15071,4600,4959,9559,2363,4675,7038,531,2078,2609,105265,106361,211626
2021-02-01,5349,5041,10390,9790,10145,19935,22613,23238,45851,22116,20832,42948,17401,16672,34073,12974,12181,25155,8071,7090,15161,4632,4994,9626,2370,4687,7057,531,2082,2613,105847,106962,212809
2021-02-02,5357,5056,10413,9870,10239,20109,22728,23369,46097,22212,20929,43141,17471,16749,34220,13041,12242,25283,8115,7121,15236,4647,5009,9656,2378,4707,7085,531,2085,2616,106350,107506,213856
2021-02-03,5372,5071,10443,9951,10299,20250,22849,23482,46331,22303,21022,43325,17544,16826,34370,13108,12316,25424,8155,7164,15319,4668,5032,9700,2389,4721,7110,534,2085,2619,106873,108018,214891
2021-02-04,5379,5080,10459,10011,10363,20374,22945,23584,46529,22377,21104,43481,17620,16888,34508,13168,12382,25550,8198,7192,15390,4686,5054,9740,2398,4738,7136,534,2090,2624,107316,108475,215791
2021-02-05,5388,5090,10478,10067,10412,20479,23029,23684,46713,22466,21188,43654,17681,16964,34645,13212,12437,25649,8230,7215,15445,4704,5074,9778,2403,4747,7150,535,2093,2628,107715,108904,216619
2021-02-06,5397,5096,10493,10101,10450,20551,23106,23755,46861,22525,21249,43774,17730,17026,34756,13246,12478,25724,8253,7243,15496,4719,5093,9812,2410,4752,7162,535,2095,2630,108022,109237,217259
2021-02-07,5402,5102,10504,10132,10481,20613,23156,23810,46966,22581,21309,43890,17769,17058,34827,13283,12515,25798,8280,7273,15553,4739,5103,9842,2414,4762,7176,535,2097,2632,108291,109510,217801
2021-02-08,5413,5118,10531,10196,10531,20727,23242,23900,47142,22661,21392,44053,17860,17144,35004,13337,12578,25915,8332,7310,15642,4761,5138,9899,2419,4777,7196,537,2099,2636,108758,109987,218745
2021-02-09,5422,5123,10545,10242,10561,20803,23315,23973,47288,22739,21466,44205,17921,17201,35122,13378,12625,26003,8364,7338,15702,4773,5155,9928,2425,4785,7210,538,2100,2638,109117,110327,219444
2021-02-10,5440,5131,10571,10280,10602,20882,23387,24060,47447,22821,21553,44374,17983,17262,35245,13420,12668,26088,8397,7360,15757,4790,5171,9961,2430,4794,7224,539,2103,2642,109487,110704,220191
2021-02-11,5446,5141,10587,10309,10638,20947,23464,24141,47605,22884,21613,44497,18039,17315,35354,13455,12732,26187,8441,7397,15838,4811,5191,10002,2435,4796,7231,541,2108,2649,109825,111072,220897
2021-02-12,5456,5151,10607,10350,10679,21029,23527,24210,47737,22961,21683,44644,18102,17367,35469,13499,12770,26269,8467,7423,15890,4830,5208,10038,2446,4811,7257,542,2111,2653,110180,111413,221593
2021-02-13,5466,5154,10620,10382,10706,21088,23585,24266,47851,23018,21736,44754,18152,17417,35569,13537,12803,26340,8485,7442,15927,4849,5229,10078,2449,4819,7268,545,2113,2658,110468,111685,222153
2021-02-14,5472,5159,10631,10406,10734,21140,23618,24314,47932,23057,21794,44851,18204,17463,35667,13567,12836,26403,8510,7467,15977,4862,5245,10107,2454,4825,7279,545,2114,2659,110695,111951,222646
2021-02-15,5475,5165,10640,10437,10767,21204,23670,24374,48044,23112,21858,44970,18257,17518,35775,13601,12871,26472,8535,7486,16021,4869,5252,10121,2460,4831,7291,545,2117,2662,110961,112239,223200
2021-02-16,5484,5177,10661,10461,10804,21265,23720,24435,48155,23171,21911,45082,18304,17563,35867,13627,12901,26528,8557,7517,16074,4883,5272,10155,2468,4838,7306,546,2122,2668,111221,112540,223761
2021-02-17,5498,5185,10683,10496,10836,21332,23809,24540,48349,23257,21989,45246,18370,17630,36000,13681,12958,26639,8606,7548,16154,4903,5287,10190,2475,4849,7324,547,2123,2670,111642,112945,224587
2021-02-18,5505,5199,10704,10534,10865,21399,23909,24651,48560,23339,22082,45421,18424,17704,36128,13720,13011,26731,8644,7571,16215,4925,5301,10226,2479,4855,7334,548,2128,2676,112027,113367,225394
2021-02-19,5510,5206,10716,10579,10904,21483,23987,24739,48726,23448,22163,45611,18487,17763,36250,13755,13058,26813,8675,7595,16270,4941,5314,10255,2481,4860,7341,548,2128,2676,112411,113730,226141
2021-02-20,5517,5211,10728,10607,10928,21535,24054,24807,48861,23517,22217,45734,18531,17819,36350,13791,13100,26891,8705,7615,16320,4955,5331,10286,2485,4868,7353,549,2129,2678,112711,114025,226736
2021-02-21,5527,5215,10742,10632,10961,21593,24117,24866,48983,23577,22281,45858,18576,17862,36438,13819,13136,26955,8727,7645,16372,4965,5342,10307,2488,4872,7360,549,2133,2682,112977,114313,227290
2021-02-22,5538,5225,10763,10671,10993,21664,24199,24944,49143,23659,22347,46006,18630,17903,36533,13872,13171,27043,8745,7670,16415,4980,5358,10338,2492,4879,7371,551,2133,2684,113337,114623,227960
2021-02-23,5551,5238,10789,10700,11032,21732,24296,25020,49316,23731,22431,46162,18686,17948,36634,13914,13213,27127,8787,7694,16481,4992,5371,10363,2501,4887,7388,554,2133,2687,113712,114967,228679
2021-02-24,5566,5246,10812,10737,11069,21806,24380,25093,49473,23797,22485,46282,18737,18005,36742,13947,13263,27210,8814,7720,16534,5003,5389,10392,2504,4892,7396,554,2137,2691,114039,115299,229338
2021-02-25,5581,5261,10842,10773,11116,21889,24478,25196,49674,23868,22567,46435,18792,18078,36870,14002,13308,27310,8850,7740,16590,5019,5410,10429,2509,4900,7409,557,2142,2699,114429,115718,230147
2021-02-26,5589,5271,10860,10812,11147,21959,24541,25269,49810,23938,22616,46554,18830,18136,36966,14049,13357,27406,8876,7769,16645,5036,5435,10471,2514,4913,7427,559,2144,2703,114744,116057,230801
2021-02-27,5599,5274,10873,10832,11171,22003,24600,25332,49932,23997,22664,46661,18869,18194,37063,14088,13387,27475,8907,7790,16697,5041,5451,10492,2521,4918,7439,559,2145,2704,115013,116326,231339
2021-02-28,5607,5276,10883,10855,11189,22044,24639,25384,50023,24057,22715,46772,18902,18235,37137,14117,13407,27524,8924,7810,16734,5047,5459,10506,2523,4924,7447,559,2149,2708,115230,116548,231778
2021-03-01,5626,5296,10922,10894,11225,22119,24701,25460,50161,24159,22787,46946,18960,18301,37261,14169,13452,27621,8955,7836,16791,5062,5480,10542,2526,4938,7464,559,2151,2710,115611,116926,232537
2021-03-02,5641,5307,10948,10932,11258,22190,24769,25535,50304,24235,22861,47096,19010,18345,37355,14204,13499,27703,8985,7858,16843,5077,5494,10571,2530,4948,7478,559,2152,2711,115942,117257,233199
2021-03-03,5656,5317,10973,10976,11299,22275,24864,25612,50476,24310,22939,47249,19070,18399,37469,14242,13543,27785,9033,7885,16918,5091,5515,10606,2537,4960,7497,559,2155,2714,116338,117624,233962
2021-03-04,5673,5330,11003,11008,11345,22353,24946,25681,50627,24381,22993,47374,19133,18462,37595,14295,13586,27881,9068,7916,16984,5101,5528,10629,2539,4968,7507,559,2155,2714,116703,117964,234667
2021-03-05,5693,5338,11031,11069,11403,22472,25033,25773,50806,24449,23081,47530,19213,18521,37734,14350,13641,27991,9093,7946,17039,5117,5549,10666,2542,4979,7521,560,2157,2717,117119,118388,235507
2021-03-06,5698,5346,11044,11110,11456,22566,25084,25826,50910,24509,23133,47642,19264,18585,37849,14377,13682,28059,9126,7975,17101,5135,5554,10689,2547,4984,7531,560,2159,2719,117410,118700,236110
2021-03-07,5704,5360,11064,11145,11493,22638,25132,25877,51009,24567,23186,47753,19308,18628,37936,14420,13717,28137,9151,8004,17155,5141,5568,10709,2554,4987,7541,560,2160,2720,117682,118980,236662
2021-03-08,5723,5371,11094,11189,11522,22711,25219,25961,51180,24676,23266,47942,19391,18703,38094,14461,13778,28239,9197,8034,17231,5156,5587,10743,2565,4999,7564,561,2164,2725,118138,119385,237523
2021-03-09,5736,5391,11127,11241,11597,22838,25305,26035,51340,24758,23361,48119,19463,18782,38245,14527,13826,28353,9234,8066,17300,5177,5603,10780,2575,5009,7584,561,2164,2725,118577,119834,238411
2021-03-10,5756,5405,11161,11285,11657,22942,25368,26129,51497,24854,23428,48282,19515,18851,38366,14574,13889,28463,9266,8098,17364,5193,5629,10822,2578,5016,7594,561,2167,2728,118950,120269,239219
2021-03-11,5773,5427,11200,11333,11732,23065,25446,26240,51686,24943,23499,48442,19588,18914,38502,14624,13938,28562,9302,8126,17428,5211,5644,10855,2583,5028,7611,562,2168,2730,119365,120716,240081
2021-03-12,5792,5438,11230,11410,11800,23210,25526,26307,51833,25024,23576,48600,19663,18999,38662,14678,13997,28675,9331,8159,17490,5241,5668,10909,2589,5044,7633,563,2174,2737,119817,121162,240979
2021-03-13,5803,5447,11250,11463,11857,23320,25600,26375,51975,25087,23642,48729,19737,19066,38803,14717,14045,28762,9353,8187,17540,5253,5677,10930,2592,5047,7639,563,2177,2740,120168,121520,241688
2021-03-14,5813,5455,11268,11493,11915,23408,25662,26439,52101,25152,23702,48854,19781,19122,38903,14763,14093,28856,9385,8215,17600,5267,5691,10958,2597,5052,7649,563,2179,2742,120476,121863,242339
2021-03-15,5827,5478,11305,11542,11965,23507,25742,26506,52248,25253,23775,49028,19863,19183,39046,14845,14147,28992,9425,8254,17679,5297,5711,11008,2602,5063,7665,565,2188,2753,120961,122270,243231
2021-03-16,5842,5490,11332,11613,12023,23636,25832,26602,52434,25327,23854,49181,19961,19258,39219,14902,14201,29103,9452,8285,17737,5309,5721,11030,2610,5082,7692,568,2191,2759,121416,122707,244123
2021-03-17,5859,5506,11365,11684,12083,23767,25935,26701,52636,25422,23942,49364,20026,19333,39359,14941,14238,29179,9496,8319,17815,5329,5739,11068,2612,5088,7700,568,2193,2761,121872,123142,245014
2021-03-18,5880,5521,11401,11743,12139,23882,26027,26810,52837,25501,24033,49534,20092,19408,39500,15004,14290,29294,9526,8359,17885,5344,5775,11119,2617,5097,7714,568,2199,2767,122302,123631,245933
2021-03-19,5902,5542,11444,11805,12211,24016,26115,26925,53040,25600,24128,49728,20173,19495,39668,15049,14345,29394,9563,8399,17962,5371,5795,11166,2620,5111,7731,568,2199,2767,122766,124150,246916
2021-03-20,5909,5559,11468,11842,12258,24100,26187,26993,53180,25685,24198,49883,20245,19548,39793,15095,14388,29483,9595,8417,18012,5383,5812,11195,2622,5117,7739,568,2200,2768,123131,124490,247621
2021-03-21,5923,5575,11498,11884,12305,24189,26240,27053,53293,25764,24273,50037,20312,19608,39920,15127,14436,29563,9632,8452,18084,5404,5835,11239,2626,5125,7751,569,2200,2769,123481,124862,248343
2021-03-22,5947,5595,11542,11944,12375,24319,26370,27170,53540,25889,24406,50295,20409,19707,40116,15213,14511,29724,9674,8490,18164,5424,5854,11278,2633,5137,7770,570,2206,2776,124073,125451,249524
2021-03-23,5969,5608,11577,12011,12466,24477,26495,27309,53804,26028,24531,50559,20515,19812,40327,15303,14581,29884,9730,8552,18282,5447,5882,11329,2638,5152,7790,570,2210,2780,124706,126103,250809
2021-03-24,5992,5624,11616,12097,12549,24646,26623,27459,54082,26155,24649,50804,20635,19919,40554,15389,14666,30055,9783,8597,18380,5475,5908,11383,2647,5158,7805,572,2215,2787,125368,126744,252112
2021-03-25,6013,5648,11661,12188,12642,24830,26801,27634,54435,26301,24806,51107,20756,20041,40797,15475,14774,30249,9838,8655,18493,5506,5938,11444,2660,5172,7832,572,2218,2790,126110,127528,253638
2021-03-26,6048,5675,11723,12297,12737,25034,26982,27844,54826,26447,24954,51401,20908,20180,41088,15565,14875,30440,9892,8713,18605,5536,5970,11506,2671,5189,7860,572,2222,2794,126918,128359,255277
2021-03-27,6071,5698,11769,12377,12809,25186,27134,28000,55134,26567,25090,51657,21021,20310,41331,15652,14953,30605,9951,8768,18719,5560,5998,11558,2680,5202,7882,573,2223,2796,127586,129051,256637
2021-03-28,6094,5715,11809,12447,12900,25347,27268,28101,55369,26703,25222,51925,21146,20409,41555,15741,15031,30772,9996,8814,18810,5593,6025,11618,2687,5210,7897,574,2225,2799,128249,129652,257901
2021-03-29,6137,5747,11884,12564,13015,25579,27479,28321,55800,26870,25422,52292,21296,20552,41848,15890,15139,31029,10086,8866,18952,5633,6062,11695,2691,5221,7912,576,2230,2806,129222,130575,259797
2021-03-30,6161,5780,11941,12685,13132,25817,27722,28587,56309,27083,25614,52697,21482,20712,42194,16011,15268,31279,10159,8924,19083,5663,6109,11772,2701,5244,7945,582,2236,2818,130249,131606,261855
2021-03-31,6196,5815,12011,12820,13260,26080,28014,28862,56876,27304,25824,53128,21681,20880,42561,16130,15396,31526,10229,8986,19215,5694,6142,11836,2713,5262,7975,582,2242,2824,131363,132669,264032
2021-04-01,6219,5837,12056,12979,13442,26421,28310,29134,57444,27520,26040,53560,21826,21052,42878,16277,15515,31792,10313,9070,19383,5725,6170,11895,2725,5267,7992,585,2244,2829,132479,133771,266250
2021-04-02,6245,5870,12115,13115,13615,26730,28498,29335,57833,27714,26214,53928,21985,21204,43189,16392,15620,32012,10382,9128,19510,5760,6209,11969,2731,5278,8009,587,2245,2832,133409,134718,268127
2021-04-03,6268,5896,12164,13237,13730,26967,28691,29532,58223,27923,26418,54341,22159,21381,43540,16520,15743,32263,10455,9206,19661,5798,6247,12045,2744,5291,8035,590,2251,2841,134385,135695,270080
2021-04-04,6299,5918,12217,13364,13861,27225,28909,29748,58657,28128,26597,54725,22349,21548,43897,16646,15856,32502,10530,9276,19806,5831,6284,12115,2748,5303,8051,592,2254,2846,135396,136645,272041
2021-04-05,6343,5970,12313,13564,14060,27624,29261,30113,59374,28435,26944,55379,22590,21813,44403,16848,16057,32905,10649,9381,20030,5879,6340,12219,2761,5325,8086,592,2261,2853,136922,138264,275186
2021-04-06,6392,6011,12403,13733,14259,27992,29646,30455,60101,28771,27264,56035,22839,22085,44924,17042,16244,33286,10755,9471,20226,5924,6389,12313,2781,5338,8119,596,2267,2863,138479,139783,278262
2021-04-07,6435,6072,12507,13951,14481,28432,30044,30863,60907,29119,27537,56656,23097,22347,45444,17227,16421,33648,10854,9573,20427,5973,6430,12403,2799,5356,8155,598,2271,2869,140097,141351,281448
2021-04-08,6481,6130,12611,14153,14673,28826,30405,31242,61647,29427,27849,57276,23342,22618,45960,17428,16597,34025,10943,9669,20612,6025,6476,12501,2817,5378,8195,600,2274,2874,141621,142906,284527
2021-04-09,6544,6186,12730,14334,14846,29180,30710,31595,62305,29740,28152,57892,23579,22855,46434,17559,16762,34321,11017,9758,20775,6065,6514,12579,2832,5394,8226,603,2280,2883,142983,144342,287325
2021-04-10,6590,6222,12812,14498,15009,29507,30941,31906,62847,29961,28399,58360,23781,23057,46838,17692,16907,34599,11116,9843,20959,6100,6546,12646,2846,5413,8259,605,2284,2889,144130,145586,289716
2021-04-11,6621,6258,12879,14619,15175,29794,31127,32082,63209,30184,28635,58819,23972,23252,47224,17822,17038,34860,11208,9926,21134,6149,6593,12742,2853,5426,8279,607,2291,2898,145162,146676,291838
2021-04-12,6695,6309,13004,14800,15372,30172,31440,32386,63826,30517,28901,59418,24203,23514,47717,18023,17226,35249,11354,10054,21408,6218,6654,12872,2867,5449,8316,610,2296,2906,146727,148161,294888
2021-04-13,6751,6355,13106,14968,15537,30505,31739,32707,64446,30815,29191,60006,24464,23763,48227,18213,17413,35626,11479,10158,21637,6277,6713,12990,2886,5473,8359,615,2303,2918,148207,149613,297820
2021-04-14,6794,6429,13223,15164,15718,30882,32064,33066,65130,31125,29480,60605,24743,24050,48793,18432,17604,36036,11602,10293,21895,6349,6768,13117,2894,5495,8389,618,2313,2931,149785,151216,301001
2021-04-15,6854,6479,13333,15314,15863,31177,32324,33339,65663,31380,29755,61135,24988,24269,49257,18641,17773,36414,11718,10406,22124,6411,6827,13238,2907,5516,8423,621,2318,2939,151158,152545,303703
2021-04-16,6909,6530,13439,15476,16018,31494,32584,33658,66242,31685,30061,61746,25287,24538,49825,18850,17942,36792,11866,10531,22397,6464,6888,13352,2926,5537,8463,622,2325,2947,152669,154028,306697
2021-04-17,6947,6562,13509,15599,16157,31756,32801,33940,66741,31924,30327,62251,25504,24733,50237,19011,18098,37109,11981,10644,22625,6529,6953,13482,2936,5561,8497,625,2333,2958,153857,155308,309165
2021-04-18,6988,6605,13593,15703,16270,31973,32990,34139,67129,32153,30544,62697,25722,24929,50651,19195,18225,37420,12071,10739,22810,6585,6992,13577,2949,5578,8527,626,2339,2965,154982,156360,311342
2021-04-19,7048,6661,13709,15847,16414,32261,33302,34456,67758,32509,30863,63372,26003,25233,51236,19401,18421,37822,12225,10868,23093,6648,7045,13693,2964,5603,8567,626,2343,2969,156573,157907,314480
2021-04-20,7126,6724,13850,15996,16567,32563,33585,34750,68335,32836,31196,64032,26278,25505,51783,19610,18606,38216,12360,10994,23354,6702,7103,13805,2982,5638,8620,630,2345,2975,158105,159428,317533
2021-04-21,7179,6769,13948,16152,16720,32872,33861,35063,68924,33154,31493,64647,26562,25769,52331,19789,18791,38580,12488,11111,23599,6766,7166,13932,3007,5668,8675,633,2353,2986,159591,160903,320494
2021-04-22,7251,6834,14085,16289,16887,33176,34084,35309,69393,33432,31752,65184,26801,25993,52794,19951,18965,38916,12592,11229,23821,6823,7224,14047,3021,5691,8712,637,2361,2998,160881,162245,323126
2021-04-23,7321,6889,14210,16441,17039,33480,34340,35561,69901,33731,32039,65770,27041,26265,53306,20126,19141,39267,12699,11324,24023,6860,7290,14150,3039,5719,8758,638,2369,3007,162236,163636,325872
2021-04-24,7360,6920,14280,16530,17134,33664,34512,35733,70245,33920,32235,66155,27238,26456,53694,20284,19256,39540,12785,11401,24186,6889,7328,14217,3050,5748,8798,638,2376,3014,163206,164587,327793
2021-04-25,7406,6958,14364,16605,17221,33826,34658,35898,70556,34109,32423,66532,27400,26636,54036,20435,19377,39812,12863,11472,24335,6921,7365,14286,3060,5762,8822,639,2377,3016,164096,165489,329585
2021-04-26,7474,7006,14480,16705,17347,34052,34878,36144,71022,34392,32666,67058,27629,26877,54506,20601,19530,40131,12976,11570,24546,6955,7425,14380,3071,5786,8857,642,2382,3024,165323,166733,332056
2021-04-27,7530,7068,14598,16828,17466,34294,35077,36377,71454,34651,32930,67581,27822,27112,54934,20736,19671,40407,13069,11667,24736,7009,7481,14490,3091,5809,8900,645,2385,3030,166458,167966,334424
2021-04-28,7592,7114,14706,16956,17582,34538,35262,36573,71835,34876,33134,68010,28002,27308,55310,20870,19809,40679,13163,11753,24916,7054,7513,14567,3101,5825,8926,647,2389,3036,167523,169000,336523
2021-04-29,7615,7128,14743,17028,17653,34681,35371,36693,72064,34992,33282,68274,28110,27420,55530,20948,19876,40824,13213,11799,25012,7078,7524,14602,3110,5832,8942,648,2390,3038,168113,169597,337710
2021-04-30,7617,7130,14747,17036,17663,34699,35408,36719,72127,35020,33310,68330,28136,27454,55590,20971,19894,40865,13225,11812,25037,7080,7525,14605,3110,5834,8944,649,2391,3040,168252,169732,337984
