FECHA,<=10M,<=10F,<=10,11-20M,11-20F,11-20,21-30M,21-30F,21-30,31-40M,31-40F,31-40,41-50M,41-50F,41-50,51-60M,51-60F,51-60,61-70M,61-70F,61-70,71-80M,71-80F,71-80,81-90M,81-90F,81-90,>=91M,>=91F,>=91,TotalM,TotalF,Total,DelayCount,CumDelay,DelayAvg
2020-03-15,1,0,1,1,1,2,0,2,2,2,1,3,1,1,2,1,0,1,1,1,2,1,0,1,0,0,0,0,0,0,8,6,14,14,44,3.142857142857143
2020-03-16,1,3,4,1,1,2,1,3,4,1,1,2,0,2,2,3,1,4,2,3,5,0,0,0,0,0,0,0,0,0,9,14,23,23,78,3.391304347826087
2020-03-17,1,4,5,1,1,2,2,1,3,1,2,3,2,4,6,0,2,2,2,2,4,2,2,4,1,0,1,0,0,0,12,18,30,30,401,13.366666666666667
2020-03-18,3,1,4,1,0,1,1,0,1,2,1,3,1,3,4,1,1,2,0,2,2,1,0,1,1,0,1,0,0,0,11,8,19,19,36,1.894736842105263
2020-03-19,3,1,4,0,0,0,4,2,6,3,2,5,2,1,3,0,0,0,1,1,2,1,1,2,0,0,0,1,0,1,15,8,23,23,57,2.4782608695652173
2020-03-20,1,1,2,1,0,1,2,0,2,1,3,4,0,1,1,0,1,1,1,1,2,2,2,4,1,0,1,0,0,0,9,9,18,18,30,1.6666666666666667
2020-03-21,1,0,1,2,1,3,2,2,4,4,1,5,2,1,3,1,0,1,2,2,4,1,1,2,1,0,1,1,0,1,17,8,25,25,69,2.76
2020-03-22,3,1,4,0,0,0,4,2,6,0,0,0,1,0,1,2,1,3,0,1,1,2,1,3,3,2,5,0,1,1,15,9,24,24,55,2.2916666666666665
2020-03-23,4,1,5,1,2,3,2,2,4,3,3,6,2,3,5,2,2,4,2,2,4,5,3,8,3,3,6,0,2,2,24,23,47,47,86,1.8297872340425532
2020-03-24,2,1,3,0,0,0,2,2,4,3,2,5,0,3,3,2,2,4,0,1,1,2,0,2,2,1,3,1,0,1,14,12,26,26,40,1.5384615384615385
2020-03-25,1,4,5,0,2,2,2,2,4,2,6,8,1,1,2,1,3,4,3,1,4,2,2,4,2,5,7,2,0,2,16,26,42,42,100,2.380952380952381
2020-03-26,4,3,7,2,2,4,2,2,4,4,3,7,3,4,7,4,2,6,1,4,5,4,3,7,5,0,5,2,1,3,31,24,55,55,187,3.4
2020-03-27,3,3,6,0,1,1,1,2,3,6,1,7,2,6,8,2,3,5,3,4,7,6,5,11,3,3,6,2,5,7,28,33,61,61,133,2.180327868852459
2020-03-28,2,1,3,0,0,0,3,2,5,2,3,5,1,1,2,4,2,6,4,0,4,4,7,11,3,1,4,0,0,0,23,17,40,40,128,3.2
2020-03-29,2,0,2,2,1,3,2,3,5,3,2,5,2,3,5,1,0,1,5,3,8,4,2,6,4,1,5,2,1,3,27,16,43,43,102,2.372093023255814
2020-03-30,3,2,5,0,0,0,1,6,7,8,2,10,4,4,8,3,2,5,7,2,9,3,5,8,4,1,5,3,2,5,36,26,62,62,119,1.9193548387096775
2020-03-31,9,4,13,1,1,2,7,2,9,11,5,16,5,4,9,4,1,5,6,3,9,7,3,10,1,3,4,4,0,4,55,26,81,81,164,2.0246913580246915
2020-04-01,11,10,21,1,2,3,7,4,11,10,2,12,13,7,20,5,9,14,4,3,7,6,4,10,6,5,11,0,1,1,63,47,110,110,231,2.1
2020-04-02,10,9,19,2,4,6,4,7,11,6,7,13,3,8,11,3,13,16,9,5,14,8,6,14,5,7,12,3,3,6,53,69,122,122,212,1.7377049180327868
2020-04-03,21,9,30,4,4,8,7,7,14,7,11,18,10,11,21,3,7,10,8,5,13,7,4,11,6,6,12,1,5,6,74,69,143,143,306,2.13986013986014
2020-04-04,11,14,25,3,4,7,3,7,10,5,12,17,9,4,13,7,0,7,6,3,9,2,5,7,4,2,6,1,3,4,51,54,105,105,200,1.9047619047619047
2020-04-05,9,10,19,5,5,10,8,2,10,8,4,12,8,6,14,4,6,10,2,11,13,6,8,14,3,4,7,2,2,4,55,58,113,113,190,1.6814159292035398
2020-04-06,12,9,21,4,3,7,9,6,15,13,6,19,11,4,15,11,6,17,8,9,17,9,5,14,7,4,11,1,3,4,85,55,140,140,207,1.4785714285714286
2020-04-07,12,10,22,3,5,8,6,4,10,8,8,16,5,7,12,10,3,13,3,4,7,9,8,17,6,11,17,2,1,3,64,61,125,125,136,1.088
2020-04-08,11,10,21,4,3,7,5,8,13,6,3,9,8,5,13,9,6,15,9,9,18,11,5,16,1,4,5,3,4,7,67,57,124,124,163,1.314516129032258
2020-04-09,5,6,11,3,3,6,4,8,12,16,9,25,4,9,13,8,7,15,7,5,12,7,10,17,5,8,13,4,5,9,63,70,133,133,195,1.4661654135338347
2020-04-10,20,4,24,4,3,7,3,5,8,5,4,9,10,1,11,4,7,11,7,1,8,1,10,11,5,9,14,1,3,4,60,47,107,107,142,1.3271028037383177
2020-04-11,10,7,17,5,4,9,7,6,13,10,4,14,7,4,11,3,5,8,4,5,9,7,3,10,3,8,11,1,3,4,57,49,106,106,136,1.2830188679245282
2020-04-12,10,8,18,3,0,3,3,5,8,9,4,13,4,7,11,10,4,14,3,4,7,4,9,13,4,4,8,0,2,2,50,47,97,97,153,1.577319587628866
2020-04-13,9,12,21,8,4,12,12,10,22,7,11,18,7,7,14,5,6,11,9,8,17,5,9,14,7,10,17,3,5,8,72,82,154,154,191,1.2402597402597402
2020-04-14,17,6,23,4,1,5,10,7,17,8,6,14,8,9,17,12,9,21,6,6,12,10,5,15,7,5,12,3,4,7,85,58,143,143,147,1.027972027972028
2020-04-15,9,7,16,4,7,11,6,7,13,7,8,15,8,14,22,5,13,18,10,6,16,10,5,15,7,6,13,5,3,8,71,76,147,147,211,1.435374149659864
2020-04-16,14,3,17,6,4,10,9,6,15,11,15,26,12,16,28,8,13,21,4,9,13,7,4,11,4,5,9,0,4,4,75,79,154,154,167,1.0844155844155845
2020-04-17,17,11,28,6,7,13,5,5,10,7,21,28,13,9,22,10,11,21,7,8,15,16,10,26,5,8,13,1,3,4,87,93,180,180,254,1.4111111111111112
2020-04-18,13,11,24,6,2,8,11,7,18,18,9,27,12,5,17,7,4,11,2,4,6,7,10,17,5,9,14,3,4,7,84,65,149,149,230,1.5436241610738255
2020-04-19,11,11,22,4,2,6,5,4,9,8,4,12,7,7,14,5,9,14,9,7,16,5,8,13,5,7,12,1,1,2,60,60,120,120,149,1.2416666666666667
2020-04-20,16,11,27,11,8,19,15,7,22,16,11,27,13,10,23,11,9,20,12,10,22,15,12,27,10,10,20,4,13,17,123,101,224,224,264,1.1785714285714286
2020-04-21,14,9,23,6,8,14,13,8,21,9,19,28,5,5,10,7,9,16,9,8,17,14,12,26,8,10,18,2,10,12,87,98,185,185,221,1.1945945945945946
2020-04-22,15,11,26,4,7,11,7,10,17,12,4,16,14,9,23,7,11,18,10,5,15,6,13,19,9,12,21,7,6,13,91,88,179,179,267,1.4916201117318435
2020-04-23,18,15,33,4,5,9,8,12,20,10,10,20,10,11,21,5,14,19,9,6,15,10,8,18,11,11,22,6,9,15,91,101,192,192,193,1.0052083333333333
2020-04-24,19,12,31,6,6,12,12,11,23,15,16,31,8,7,15,9,10,19,7,11,18,11,11,22,10,14,24,3,3,6,100,101,201,201,216,1.0746268656716418
2020-04-25,14,10,24,4,1,5,6,7,13,13,9,22,5,8,13,5,8,13,6,5,11,6,6,12,10,16,26,4,4,8,73,74,147,147,142,0.9659863945578231
2020-04-26,11,17,28,5,8,13,7,4,11,5,2,7,8,8,16,3,6,9,8,7,15,8,7,15,7,7,14,1,3,4,63,69,132,132,111,0.8409090909090909
2020-04-27,14,15,29,6,4,10,6,10,16,6,17,23,4,13,17,11,10,21,8,8,16,18,6,24,11,16,27,3,4,7,87,103,190,190,162,0.8526315789473684
2020-04-28,20,9,29,5,5,10,15,14,29,13,13,26,9,15,24,8,11,19,7,8,15,3,12,15,6,15,21,2,4,6,88,106,194,194,150,0.7731958762886598
2020-04-29,25,12,37,5,6,11,16,10,26,17,19,36,13,10,23,9,10,19,6,8,14,12,7,19,4,14,18,4,10,14,111,106,217,217,171,0.7880184331797235
2020-04-30,21,11,32,9,2,11,9,9,18,10,10,20,11,11,22,12,14,26,10,9,19,8,11,19,11,17,28,7,7,14,108,101,209,209,170,0.8133971291866029
2020-05-01,3,15,18,6,6,12,2,7,9,14,12,26,11,8,19,7,6,13,10,6,16,7,10,17,9,11,20,0,2,2,69,83,152,152,136,0.8947368421052632
2020-05-02,7,16,23,6,6,12,10,4,14,8,8,16,6,5,11,8,3,11,3,6,9,8,2,10,6,11,17,1,4,5,63,65,128,128,128,1.0
2020-05-03,8,12,20,4,4,8,7,8,15,7,6,13,6,7,13,8,2,10,8,6,14,5,9,14,6,8,14,3,5,8,62,67,129,129,107,0.8294573643410853
2020-05-04,22,20,42,5,4,9,11,10,21,14,12,26,9,7,16,10,4,14,9,11,20,15,18,33,8,16,24,2,5,7,105,107,212,212,165,0.7783018867924528
2020-05-05,15,13,28,7,3,10,14,13,27,13,13,26,7,16,23,12,8,20,12,8,20,15,11,26,6,14,20,1,9,10,102,108,210,210,134,0.638095238095238
2020-05-06,14,17,31,6,2,8,13,7,20,17,17,34,21,10,31,7,7,14,11,11,22,18,15,33,7,12,19,4,6,10,118,104,222,222,150,0.6756756756756757
2020-05-07,18,12,30,7,6,13,15,11,26,13,15,28,18,13,31,6,8,14,9,8,17,17,8,25,8,13,21,1,7,8,112,101,213,213,160,0.7511737089201878
2020-05-08,18,13,31,8,6,14,14,8,22,14,18,32,16,15,31,17,7,24,11,11,22,12,10,22,10,12,22,3,12,15,123,112,235,235,258,1.097872340425532
2020-05-09,20,12,32,4,2,6,7,12,19,5,10,15,9,9,18,6,6,12,8,6,14,12,3,15,5,12,17,5,8,13,81,80,161,161,154,0.9565217391304348
2020-05-10,9,9,18,2,4,6,10,10,20,7,7,14,7,10,17,3,6,9,9,6,15,8,13,21,5,12,17,1,5,6,61,82,143,142,124,0.8732394366197183
2020-05-11,19,19,38,6,5,11,11,14,25,14,13,27,17,13,30,10,7,17,10,8,18,13,9,22,13,17,30,4,17,21,117,122,239,239,176,0.7364016736401674
2020-05-12,22,11,33,8,10,18,31,23,54,23,15,38,9,17,26,6,5,11,9,9,18,9,10,19,9,14,23,5,13,18,131,127,258,258,175,0.6782945736434108
2020-05-13,28,18,46,9,10,19,22,14,36,18,21,39,16,7,23,11,10,21,9,11,20,9,9,18,8,15,23,1,8,9,131,123,254,254,236,0.9291338582677166
2020-05-14,23,30,53,11,17,28,14,24,38,23,23,46,14,10,24,10,16,26,12,12,24,10,10,20,11,15,26,2,14,16,130,171,301,301,262,0.8704318936877077
2020-05-15,20,23,43,8,6,14,7,15,22,19,20,39,9,20,29,13,6,19,10,8,18,7,6,13,8,20,28,5,9,14,106,133,239,238,209,0.8781512605042017
2020-05-16,14,18,32,8,9,17,5,14,19,11,20,31,8,12,20,7,8,15,8,6,14,9,7,16,6,6,12,4,13,17,80,113,193,193,244,1.2642487046632125
2020-05-17,22,13,35,4,8,12,13,14,27,7,14,21,9,12,21,5,3,8,8,7,15,7,5,12,11,13,24,3,3,6,89,92,181,181,138,0.7624309392265194
2020-05-18,22,25,47,10,17,27,26,22,48,23,25,48,13,21,34,20,12,32,15,14,29,17,13,30,17,13,30,1,11,12,164,173,337,337,250,0.7418397626112759
2020-05-19,22,20,42,16,15,31,30,28,58,38,30,68,28,18,46,21,14,35,18,12,30,13,22,35,12,22,34,4,10,14,202,191,393,393,272,0.6921119592875318
2020-05-20,30,42,72,17,17,34,27,28,55,46,26,72,18,17,35,15,13,28,21,17,38,12,11,23,12,16,28,6,5,11,204,192,396,396,256,0.6464646464646465
2020-05-21,39,35,74,18,14,32,38,32,70,28,39,67,22,25,47,19,14,33,14,6,20,14,8,22,7,17,24,1,4,5,200,194,394,394,208,0.5279187817258884
2020-05-22,38,18,56,17,20,37,34,32,66,27,29,56,23,21,44,15,12,27,8,10,18,10,11,21,8,17,25,6,12,18,186,182,368,368,173,0.4701086956521739
2020-05-23,20,21,41,17,17,34,29,26,55,32,18,50,12,18,30,11,10,21,12,10,22,8,14,22,9,6,15,2,2,4,152,142,294,294,175,0.5952380952380952
2020-05-24,17,21,38,11,9,20,18,15,33,16,17,33,13,5,18,8,4,12,11,9,20,12,9,21,6,13,19,2,6,8,114,108,222,222,149,0.6711711711711712
2020-05-25,32,27,59,21,27,48,22,32,54,18,22,40,21,13,34,5,8,13,10,9,19,10,6,16,10,14,24,2,9,11,151,167,318,318,179,0.5628930817610063
2020-05-26,42,37,79,27,23,50,45,47,92,51,42,93,21,35,56,14,22,36,13,8,21,15,6,21,10,14,24,3,10,13,241,244,485,485,347,0.7154639175257732
2020-05-27,48,42,90,12,20,32,25,35,60,30,29,59,20,15,35,19,19,38,10,9,19,8,14,22,4,16,20,4,2,6,180,201,381,381,274,0.7191601049868767
2020-05-28,30,43,73,20,14,34,37,43,80,32,30,62,26,30,56,16,20,36,9,15,24,10,8,18,14,18,32,4,13,17,198,234,432,432,313,0.7245370370370371
2020-05-29,41,35,76,22,20,42,44,40,84,31,46,77,33,27,60,15,21,36,16,14,30,18,15,33,15,16,31,1,4,5,236,238,474,474,353,0.7447257383966245
2020-05-30,33,26,59,16,14,30,38,26,64,33,18,51,18,22,40,15,15,30,10,7,17,12,10,22,7,11,18,1,7,8,183,156,339,337,146,0.4332344213649852
2020-05-31,28,17,45,15,12,27,16,15,31,21,12,33,17,13,30,5,12,17,8,6,14,11,6,17,6,10,16,0,8,8,127,111,238,238,120,0.5042016806722689
2020-06-01,37,32,69,25,20,45,33,49,82,28,42,70,20,28,48,18,18,36,25,17,42,11,9,20,8,11,19,4,3,7,209,229,438,438,289,0.6598173515981736
2020-06-02,44,34,78,21,21,42,39,31,70,29,29,58,19,21,40,15,17,32,13,11,24,26,13,39,9,18,27,4,13,17,219,208,427,427,252,0.5901639344262295
2020-06-03,40,25,65,16,35,51,32,29,61,32,41,73,22,29,51,10,12,22,20,15,35,16,12,28,11,16,27,2,9,11,201,223,424,424,231,0.5448113207547169
2020-06-04,39,35,74,19,28,47,39,34,73,20,32,52,24,21,45,29,18,47,12,8,20,23,13,36,10,20,30,2,9,11,217,218,435,432,254,0.5879629629629629
2020-06-05,46,41,87,16,22,38,38,31,69,35,44,79,36,29,65,28,27,55,18,14,32,18,14,32,14,20,34,3,9,12,252,251,503,503,414,0.8230616302186878
2020-06-06,32,25,57,18,12,30,20,23,43,32,31,63,14,17,31,15,13,28,11,13,24,13,8,21,12,18,30,1,9,10,168,169,337,332,245,0.7379518072289156
2020-06-07,25,24,49,16,13,29,22,23,45,19,22,41,20,10,30,12,8,20,9,5,14,9,7,16,12,11,23,2,8,10,146,131,277,274,154,0.5620437956204379
2020-06-08,35,37,72,24,24,48,46,31,77,45,45,90,38,26,64,20,21,41,16,15,31,16,15,31,13,17,30,3,7,10,256,238,494,492,327,0.6646341463414634
2020-06-09,56,37,93,25,26,51,25,47,72,38,36,74,32,25,57,22,11,33,12,11,23,12,18,30,13,30,43,3,11,14,238,252,490,486,382,0.7860082304526749
2020-06-10,28,42,70,16,18,34,46,29,75,40,41,81,38,24,62,28,20,48,22,15,37,22,26,48,5,20,25,6,15,21,251,250,501,501,336,0.6706586826347305
2020-06-11,42,44,86,15,22,37,38,41,79,47,40,87,22,31,53,19,29,48,12,23,35,16,19,35,8,28,36,4,15,19,223,292,515,515,343,0.6660194174757281
2020-06-12,47,46,93,15,28,43,58,45,103,48,58,106,41,44,85,23,26,49,29,20,49,17,15,32,6,22,28,5,9,14,289,313,602,602,404,0.6710963455149501
2020-06-13,36,29,65,25,21,46,38,41,79,38,38,76,13,32,45,23,21,44,12,8,20,13,8,21,9,18,27,2,6,8,209,222,431,431,329,0.7633410672853829
2020-06-14,22,33,55,20,23,43,29,22,51,20,21,41,20,14,34,16,19,35,11,6,17,5,15,20,14,19,33,0,8,8,157,180,337,337,223,0.6617210682492581
2020-06-15,40,36,76,29,25,54,37,35,72,29,32,61,20,23,43,14,13,27,16,6,22,12,12,24,7,14,21,2,10,12,206,206,412,412,246,0.5970873786407767
2020-06-16,55,63,118,23,26,49,67,53,120,53,48,101,43,28,71,24,20,44,15,14,29,16,7,23,13,25,38,3,13,16,312,297,609,609,393,0.645320197044335
2020-06-17,44,50,94,24,29,53,62,45,107,47,53,100,43,33,76,29,17,46,16,16,32,10,20,30,19,16,35,2,9,11,296,288,584,584,451,0.7722602739726028
2020-06-18,54,48,102,25,17,42,70,59,129,58,64,122,57,29,86,39,29,68,20,21,41,17,15,32,14,25,39,3,11,14,357,318,675,675,587,0.8696296296296296
2020-06-19,60,38,98,17,32,49,47,54,101,75,58,133,45,46,91,46,33,79,29,19,48,20,19,39,17,20,37,7,13,20,363,332,695,695,714,1.0273381294964028
2020-06-20,34,39,73,22,23,45,37,32,69,42,38,80,27,38,65,18,25,43,20,15,35,12,9,21,7,16,23,4,5,9,223,240,463,463,267,0.5766738660907127
2020-06-21,36,25,61,20,19,39,29,36,65,25,39,64,21,14,35,17,10,27,11,10,21,11,7,18,6,9,15,1,7,8,177,176,353,353,158,0.4475920679886686
2020-06-22,54,47,101,31,34,65,43,58,101,58,45,103,41,40,81,29,36,65,18,24,42,19,16,35,6,23,29,2,12,14,301,335,636,636,401,0.6305031446540881
2020-06-23,54,51,105,32,32,64,61,52,113,67,52,119,43,50,93,28,41,69,21,21,42,12,15,27,12,17,29,3,6,9,333,337,670,670,373,0.5567164179104478
2020-06-24,50,52,102,28,27,55,58,57,115,54,59,113,46,46,92,27,40,67,16,20,36,12,14,26,15,14,29,2,4,6,308,333,641,641,302,0.4711388455538221
2020-06-25,54,62,116,39,45,84,55,49,104,49,46,95,48,40,88,41,38,79,14,17,31,12,16,28,10,12,22,4,6,10,326,331,657,657,450,0.684931506849315
2020-06-26,53,49,102,36,28,64,68,61,129,54,55,109,44,44,88,21,38,59,25,25,50,13,16,29,11,21,32,1,9,10,326,346,672,672,350,0.5208333333333334
2020-06-27,66,61,127,34,45,79,40,62,102,40,43,83,34,27,61,22,17,39,19,9,28,3,13,16,8,7,15,4,6,10,270,290,560,560,292,0.5214285714285715
2020-06-28,46,24,70,15,22,37,22,48,70,30,45,75,23,24,47,24,18,42,11,7,18,9,10,19,9,13,22,6,6,12,195,217,412,412,197,0.47815533980582525
2020-06-29,48,51,99,37,48,85,57,51,108,62,53,115,36,34,70,20,38,58,25,11,36,15,18,33,12,19,31,3,7,10,315,330,645,645,369,0.5720930232558139
2020-06-30,35,47,82,19,32,51,67,46,113,39,57,96,43,39,82,32,33,65,25,11,36,18,11,29,6,19,25,2,10,12,286,305,591,590,300,0.5084745762711864
2020-07-01,49,42,91,21,39,60,67,58,125,47,50,97,37,43,80,27,33,60,20,19,39,17,16,33,9,21,30,3,7,10,297,328,625,624,357,0.5721153846153846
2020-07-02,65,61,126,33,38,71,61,68,129,54,54,108,49,43,92,31,26,57,26,17,43,16,19,35,13,14,27,3,7,10,351,347,698,698,280,0.40114613180515757
2020-07-03,63,44,107,37,27,64,54,51,105,69,67,136,33,42,75,31,29,60,21,15,36,13,17,30,13,17,30,3,4,7,337,313,650,650,323,0.4969230769230769
2020-07-04,39,39,78,22,26,48,44,55,99,34,37,71,33,31,64,25,17,42,13,13,26,12,18,30,7,11,18,3,7,10,232,254,486,486,200,0.411522633744856
2020-07-05,30,39,69,25,18,43,37,40,77,35,49,84,18,32,50,18,21,39,22,21,43,17,15,32,10,18,28,4,7,11,216,260,476,476,220,0.46218487394957986
2020-07-06,38,38,76,25,21,46,57,61,118,70,45,115,44,52,96,40,31,71,27,30,57,22,30,52,11,32,43,3,13,16,337,353,690,690,256,0.3710144927536232
2020-07-07,58,71,129,34,36,70,64,67,131,76,56,132,39,44,83,35,36,71,19,18,37,14,13,27,9,23,32,7,12,19,355,376,731,731,283,0.387140902872777
2020-07-08,51,37,88,35,35,70,63,58,121,53,64,117,55,54,109,29,38,67,21,20,41,17,22,39,10,17,27,4,17,21,338,362,700,700,327,0.46714285714285714
2020-07-09,38,28,66,22,18,40,39,41,80,54,38,92,39,40,79,19,18,37,12,20,32,10,23,33,8,17,25,5,8,13,246,251,497,497,195,0.39235412474849096
2020-07-10,37,28,65,25,26,51,44,48,92,42,47,89,34,30,64,24,27,51,20,19,39,19,13,32,13,18,31,1,11,12,259,267,526,526,205,0.3897338403041825
2020-07-11,35,45,80,25,17,42,32,37,69,40,44,84,36,38,74,23,31,54,20,19,39,14,29,43,7,24,31,3,15,18,235,299,534,534,274,0.5131086142322098
2020-07-12,31,21,52,16,16,32,33,27,60,34,29,63,23,20,43,12,19,31,13,16,29,11,11,22,6,14,20,4,6,10,183,179,362,362,141,0.38950276243093923
2020-07-13,47,54,101,31,31,62,56,61,117,59,58,117,57,61,118,38,48,86,38,30,68,24,40,64,14,49,63,2,25,27,366,457,823,823,461,0.560145808019441
2020-07-14,55,44,99,29,28,57,48,51,99,84,66,150,58,50,108,40,20,60,33,29,62,27,29,56,19,20,39,7,15,22,400,352,752,752,323,0.4295212765957447
2020-07-15,49,52,101,47,36,83,59,89,148,80,94,174,61,61,122,33,45,78,27,27,54,16,25,41,14,18,32,7,7,14,393,454,847,847,338,0.3990554899645809
2020-07-16,55,38,93,30,47,77,66,78,144,72,62,134,55,75,130,34,51,85,24,23,47,17,30,47,19,36,55,2,22,24,374,462,836,836,471,0.5633971291866029
2020-07-17,55,49,104,35,38,73,46,66,112,57,75,132,50,76,126,38,45,83,30,35,65,18,19,37,17,20,37,4,8,12,350,431,781,781,385,0.49295774647887325
2020-07-18,38,41,79,28,25,53,60,55,115,50,62,112,37,48,85,30,27,57,27,30,57,18,11,29,15,23,38,2,6,8,305,328,633,633,355,0.5608214849921012
2020-07-19,40,44,84,21,25,46,35,39,74,39,56,95,34,37,71,29,30,59,23,17,40,15,10,25,11,19,30,2,7,9,249,284,533,533,229,0.42964352720450283
2020-07-20,76,58,134,45,45,90,74,75,149,70,96,166,58,85,143,39,59,98,34,49,83,25,29,54,23,21,44,3,12,15,447,529,976,976,387,0.39651639344262296
2020-07-21,51,47,98,35,33,68,73,60,133,80,82,162,57,54,111,44,53,97,29,35,64,26,26,52,15,30,45,5,10,15,415,430,845,845,347,0.4106508875739645
2020-07-22,79,52,131,36,37,73,92,86,178,88,88,176,74,70,144,40,47,87,21,30,51,32,24,56,16,38,54,2,10,12,480,482,962,962,428,0.44490644490644493
2020-07-23,64,53,117,31,45,76,83,86,169,82,90,172,47,63,110,40,44,84,21,29,50,21,23,44,7,24,31,7,8,15,403,465,868,868,449,0.5172811059907834
2020-07-24,47,58,105,38,30,68,81,78,159,69,87,156,63,63,126,43,44,87,37,20,57,17,25,42,13,29,42,2,13,15,410,447,857,857,447,0.5215869311551925
2020-07-25,50,41,91,33,22,55,53,62,115,72,65,137,45,51,96,23,30,53,18,26,44,17,23,40,12,16,28,5,3,8,328,339,667,667,375,0.5622188905547226
2020-07-26,43,36,79,16,23,39,37,31,68,32,43,75,39,28,67,23,28,51,14,12,26,16,13,29,9,24,33,5,7,12,234,245,479,479,242,0.5052192066805845
2020-07-27,42,46,88,39,37,76,64,70,134,80,84,164,61,77,138,46,65,111,31,40,71,19,27,46,20,22,42,5,23,28,407,491,898,898,409,0.455456570155902
2020-07-28,60,56,116,33,33,66,90,106,196,80,81,161,65,64,129,54,62,116,43,35,78,19,37,56,12,31,43,6,19,25,462,524,986,986,390,0.39553752535496955
2020-07-29,63,56,119,32,36,68,92,84,176,78,86,164,86,72,158,46,50,96,33,41,74,28,23,51,22,42,64,8,26,34,488,516,1004,1004,434,0.43227091633466136
2020-07-30,69,51,120,45,54,99,117,89,206,93,89,182,82,64,146,52,54,106,33,35,68,18,23,41,12,22,34,2,7,9,523,488,1011,1011,459,0.4540059347181009
2020-07-31,52,64,116,29,32,61,78,94,172,100,107,207,67,65,132,49,58,107,29,39,68,21,28,49,12,34,46,6,18,24,443,539,982,982,479,0.48778004073319753
2020-08-01,43,38,81,23,34,57,51,72,123,52,67,119,35,50,85,38,41,79,24,16,40,20,18,38,13,27,40,0,15,15,299,378,677,677,347,0.5125553914327917
2020-08-02,50,36,86,28,32,60,43,42,85,53,53,106,35,52,87,22,35,57,13,21,34,12,20,32,14,23,37,2,9,11,272,323,595,595,278,0.4672268907563025
2020-08-03,58,69,127,35,47,82,78,82,160,84,80,164,61,79,140,45,52,97,38,30,68,15,26,41,17,41,58,5,14,19,436,520,956,956,483,0.5052301255230126
2020-08-04,73,53,126,49,51,100,96,75,171,100,86,186,74,75,149,52,48,100,39,31,70,21,30,51,20,42,62,5,21,26,529,512,1041,1041,451,0.4332372718539865
2020-08-05,62,63,125,46,36,82,94,88,182,81,90,171,56,72,128,58,57,115,35,36,71,27,28,55,18,26,44,4,10,14,481,506,987,987,659,0.6676798378926039
2020-08-06,62,52,114,36,47,83,85,92,177,87,110,197,68,78,146,45,55,100,35,32,67,22,28,50,16,30,46,5,13,18,461,537,998,997,591,0.5927783350050151
2020-08-07,74,66,140,42,35,77,80,103,183,92,103,195,65,97,162,51,50,101,27,38,65,31,37,68,13,45,58,5,16,21,480,590,1070,1070,536,0.5009345794392523
2020-08-08,50,45,95,32,35,67,46,65,111,83,77,160,52,70,122,41,46,87,34,28,62,22,32,54,13,38,51,1,25,26,374,461,835,835,274,0.3281437125748503
2020-08-09,36,35,71,26,23,49,46,57,103,58,51,109,38,66,104,42,42,84,23,26,49,23,33,56,19,57,76,5,23,28,316,413,729,729,254,0.3484224965706447
2020-08-10,73,69,142,54,46,100,100,97,197,98,89,187,79,87,166,63,75,138,33,36,69,18,30,48,18,34,52,6,19,25,542,582,1124,1124,405,0.3603202846975089
2020-08-11,60,55,115,51,35,86,95,96,191,123,109,232,85,98,183,60,67,127,46,45,91,35,59,94,19,49,68,8,25,33,582,638,1220,1220,484,0.39672131147540984
2020-08-12,57,63,120,45,52,97,90,105,195,78,133,211,87,88,175,60,64,124,33,36,69,17,31,48,12,22,34,5,17,22,484,611,1095,1095,401,0.36621004566210047
2020-08-13,49,58,107,52,47,99,116,117,233,118,141,259,87,101,188,60,69,129,31,41,72,32,31,63,14,26,40,5,15,20,564,646,1210,1210,443,0.36611570247933883
2020-08-14,46,48,94,35,43,78,117,124,241,101,121,222,89,89,178,56,69,125,39,38,77,25,34,59,14,23,37,3,13,16,525,602,1127,1127,432,0.38331854480922806
2020-08-15,61,40,101,50,42,92,55,81,136,77,95,172,56,74,130,37,53,90,31,35,66,23,44,67,16,59,75,4,24,28,410,547,957,957,382,0.3991640543364681
2020-08-16,40,31,71,22,21,43,67,62,129,57,60,117,27,54,81,36,39,75,16,27,43,18,21,39,15,34,49,2,23,25,300,372,672,671,274,0.4083457526080477
2020-08-17,46,25,71,37,30,67,73,74,147,87,85,172,72,80,152,50,62,112,24,42,66,21,18,39,12,25,37,0,12,12,422,453,875,875,361,0.4125714285714286
2020-08-18,64,55,119,45,43,88,94,88,182,112,110,222,80,86,166,39,80,119,39,40,79,27,32,59,14,28,42,0,19,19,514,581,1095,1095,399,0.3643835616438356
2020-08-19,61,51,112,46,50,96,76,109,185,85,99,184,68,86,154,53,49,102,28,34,62,22,44,66,17,42,59,6,23,29,462,587,1049,1049,348,0.3317445185891325
2020-08-20,52,49,101,38,37,75,91,98,189,78,103,181,53,66,119,45,53,98,32,45,77,21,25,46,18,30,48,3,16,19,431,522,953,953,374,0.39244491080797483
2020-08-21,47,60,107,45,39,84,72,99,171,96,106,202,87,82,169,53,67,120,41,48,89,28,46,74,15,48,63,5,16,21,489,611,1100,1100,476,0.43272727272727274
2020-08-22,31,32,63,33,30,63,61,65,126,56,94,150,61,54,115,39,32,71,31,32,63,17,37,54,13,24,37,5,21,26,347,421,768,768,346,0.4505208333333333
2020-08-23,37,42,79,23,20,43,41,56,97,46,56,102,45,41,86,30,42,72,23,27,50,11,24,35,14,11,25,5,3,8,275,322,597,597,184,0.3082077051926298
2020-08-24,70,71,141,44,42,86,77,88,165,95,110,205,72,86,158,60,64,124,35,53,88,26,35,61,18,33,51,6,19,25,503,601,1104,1104,449,0.4067028985507246
2020-08-25,55,59,114,43,44,87,92,127,219,102,116,218,77,79,156,45,68,113,38,41,79,25,24,49,20,37,57,6,16,22,503,611,1114,1114,435,0.3904847396768402
2020-08-26,64,41,105,45,50,95,118,104,222,103,110,213,62,98,160,59,71,130,41,45,86,31,34,65,20,37,57,3,15,18,546,605,1151,1151,442,0.3840139009556907
2020-08-27,66,57,123,60,63,123,114,103,217,102,113,215,82,97,179,61,66,127,33,43,76,30,28,58,22,41,63,4,24,28,574,635,1209,1209,440,0.3639371381306865
2020-08-28,53,52,105,59,54,113,119,124,243,95,119,214,84,114,198,66,87,153,35,52,87,40,41,81,16,31,47,3,10,13,570,684,1254,1254,564,0.44976076555023925
2020-08-29,43,32,75,28,31,59,83,89,172,86,101,187,72,72,144,43,48,91,37,32,69,29,27,56,14,39,53,5,21,26,440,492,932,932,482,0.5171673819742489
2020-08-30,34,52,86,39,29,68,57,68,125,70,57,127,56,64,120,43,39,82,24,29,53,17,24,41,7,14,21,3,8,11,350,384,734,734,243,0.3310626702997275
2020-08-31,60,42,102,49,45,94,101,90,191,96,100,196,78,85,163,51,63,114,37,49,86,33,44,77,20,41,61,2,14,16,527,573,1100,1100,619,0.5627272727272727
2020-09-01,58,55,113,42,56,98,110,101,211,125,130,255,95,81,176,49,80,129,29,33,62,21,31,52,16,49,65,7,17,24,552,633,1185,1184,488,0.41216216216216217
2020-09-02,52,39,91,30,37,67,81,96,177,96,115,211,65,80,145,59,63,122,28,37,65,35,33,68,14,36,50,3,27,30,463,563,1026,1026,539,0.5253411306042886
2020-09-03,59,51,110,55,49,104,104,124,228,127,131,258,87,87,174,65,58,123,36,45,81,29,32,61,19,37,56,4,13,17,585,627,1212,1212,476,0.3927392739273927
2020-09-04,59,63,122,46,48,94,102,115,217,115,128,243,80,102,182,50,74,124,44,52,96,33,35,68,19,31,50,4,15,19,552,663,1215,1215,513,0.4222222222222222
2020-09-05,39,34,73,22,26,48,81,82,163,74,105,179,59,93,152,38,48,86,34,35,69,22,25,47,18,25,43,2,8,10,389,481,870,870,485,0.5574712643678161
2020-09-06,39,35,74,23,28,51,50,65,115,51,53,104,43,50,93,29,46,75,21,25,46,11,31,42,13,20,33,1,8,9,281,361,642,642,264,0.411214953271028
2020-09-07,53,49,102,44,46,90,101,113,214,116,124,240,74,99,173,56,86,142,48,45,93,29,28,57,16,35,51,5,15,20,542,640,1182,1182,503,0.42554991539763115
2020-09-08,48,56,104,44,45,89,89,110,199,116,127,243,87,89,176,59,74,133,41,53,94,34,34,68,19,28,47,5,20,25,542,636,1178,1178,512,0.43463497453310695
2020-09-09,58,50,108,42,66,108,112,103,215,115,116,231,92,92,184,64,70,134,42,56,98,25,32,57,17,39,56,1,19,20,568,643,1211,1211,618,0.5103220478943022
2020-09-10,46,33,79,54,42,96,123,126,249,123,136,259,101,114,215,65,68,133,37,48,85,33,38,71,9,31,40,2,18,20,593,654,1247,1247,644,0.5164394546912591
2020-09-11,54,49,103,61,52,113,105,89,194,105,129,234,90,102,192,62,89,151,49,46,95,30,33,63,22,35,57,2,9,11,580,633,1213,1213,616,0.5078318219291014
2020-09-12,45,30,75,33,32,65,51,69,120,61,81,142,41,68,109,39,57,96,38,34,72,25,28,53,12,38,50,2,15,17,347,452,799,799,393,0.4918648310387985
2020-09-13,46,40,86,27,28,55,54,77,131,54,77,131,39,60,99,43,36,79,37,31,68,17,10,27,3,17,20,5,8,13,325,384,709,709,274,0.38645980253878703
2020-09-14,65,57,122,47,49,96,107,123,230,113,116,229,66,105,171,70,82,152,52,65,117,33,35,68,23,24,47,0,10,10,576,666,1242,1242,520,0.41867954911433175
2020-09-15,68,38,106,36,30,66,93,84,177,102,135,237,80,80,160,44,68,112,49,51,100,34,44,78,15,49,64,3,22,25,524,601,1125,1125,544,0.48355555555555557
2020-09-16,72,67,139,65,67,132,115,139,254,104,140,244,88,102,190,58,71,129,47,56,103,28,29,57,19,42,61,3,15,18,599,728,1327,1327,479,0.36096458176337604
2020-09-17,54,46,100,34,61,95,106,102,208,98,112,210,94,112,206,71,77,148,51,55,106,36,29,65,17,24,41,3,10,13,564,628,1192,1192,602,0.5050335570469798
2020-09-18,67,60,127,39,60,99,104,112,216,112,137,249,75,101,176,65,80,145,37,56,93,43,41,84,16,32,48,5,20,25,563,699,1262,1262,528,0.4183835182250396
2020-09-19,25,48,73,31,41,72,57,68,125,71,69,140,43,42,85,34,43,77,39,31,70,19,23,42,14,20,34,5,8,13,338,393,731,731,344,0.47058823529411764
2020-09-20,37,42,79,36,41,77,51,55,106,68,52,120,39,50,89,22,44,66,21,27,48,21,23,44,6,18,24,3,7,10,304,359,663,663,182,0.27450980392156865
2020-09-21,64,49,113,44,62,106,90,93,183,107,114,221,70,91,161,58,59,117,48,54,102,34,33,67,15,21,36,1,10,11,531,586,1117,1117,489,0.4377797672336616
2020-09-22,72,62,134,62,58,120,103,128,231,101,114,215,91,86,177,68,78,146,56,45,101,33,38,71,15,36,51,4,17,21,605,662,1267,1267,444,0.35043409629044986
2020-09-23,64,55,119,41,43,84,76,118,194,86,114,200,72,78,150,52,68,120,51,52,103,24,46,70,12,30,42,2,13,15,480,617,1097,1097,409,0.37283500455788515
2020-09-24,74,55,129,60,56,116,111,95,206,99,118,217,78,96,174,48,57,105,32,69,101,25,38,63,23,36,59,7,24,31,557,644,1201,1201,443,0.3688592839300583
2020-09-25,63,48,111,48,45,93,86,107,193,91,96,187,83,79,162,56,60,116,57,54,111,29,32,61,19,27,46,0,11,11,532,559,1091,1091,512,0.4692942254812099
2020-09-26,33,32,65,36,31,67,49,54,103,75,67,142,48,52,100,37,54,91,32,28,60,22,14,36,10,15,25,3,8,11,345,355,700,700,282,0.40285714285714286
2020-09-27,41,41,82,23,36,59,53,70,123,57,66,123,54,53,107,31,36,67,26,28,54,9,18,27,11,16,27,2,9,11,307,373,680,680,226,0.3323529411764706
2020-09-28,61,60,121,43,31,74,69,85,154,96,93,189,94,73,167,72,78,150,52,32,84,31,32,63,16,27,43,4,14,18,538,525,1063,1063,520,0.4891815616180621
2020-09-29,73,60,133,59,60,119,114,100,214,117,123,240,89,91,180,62,52,114,48,56,104,33,58,91,27,44,71,1,22,23,623,666,1289,1289,382,0.29635376260667184
2020-09-30,67,64,131,43,46,89,99,123,222,95,108,203,76,79,155,64,72,136,52,60,112,30,36,66,16,42,58,3,13,16,545,643,1188,1188,458,0.38552188552188554
2020-10-01,67,87,154,56,73,129,105,128,233,112,132,244,78,84,162,55,65,120,47,55,102,33,47,80,11,21,32,4,11,15,568,703,1271,1271,541,0.42564909520062943
2020-10-02,89,66,155,57,60,117,83,112,195,99,115,214,75,86,161,60,63,123,53,50,103,34,50,84,11,39,50,5,14,19,566,655,1221,1221,631,0.5167895167895168
2020-10-03,40,41,81,32,50,82,70,73,143,67,71,138,53,62,115,50,36,86,30,37,67,28,23,51,11,27,38,4,6,10,385,426,811,811,397,0.48951911220715166
2020-10-04,46,43,89,29,30,59,64,75,139,53,55,108,49,51,100,30,37,67,24,24,48,18,20,38,13,26,39,2,5,7,328,366,694,694,291,0.41930835734870314
2020-10-05,45,52,97,49,40,89,102,99,201,124,114,238,98,89,187,66,74,140,75,55,130,36,59,95,20,31,51,3,7,10,618,620,1238,1238,562,0.45395799676898224
2020-10-06,62,71,133,48,53,101,91,92,183,110,119,229,102,80,182,69,71,140,49,51,100,37,49,86,21,32,53,6,9,15,595,627,1222,1222,435,0.35597381342062195
2020-10-07,73,52,125,38,47,85,107,117,224,121,127,248,95,101,196,58,88,146,53,52,105,29,41,70,16,26,42,3,8,11,593,659,1252,1252,453,0.36182108626198084
2020-10-08,71,51,122,41,47,88,84,109,193,99,116,215,82,84,166,63,64,127,45,49,94,38,42,80,11,31,42,4,19,23,538,612,1150,1150,482,0.4191304347826087
2020-10-09,53,72,125,55,59,114,68,121,189,104,137,241,70,101,171,55,73,128,45,53,98,29,39,68,12,23,35,4,18,22,495,696,1191,1191,572,0.4802686817800168
2020-10-10,32,50,82,41,28,69,76,72,148,67,70,137,62,64,126,45,58,103,30,35,65,16,28,44,16,23,39,6,9,15,391,437,828,828,454,0.5483091787439613
2020-10-11,47,45,92,30,34,64,34,67,101,55,90,145,51,47,98,42,40,82,37,28,65,17,26,43,12,19,31,1,7,8,326,403,729,729,396,0.5432098765432098
2020-10-12,47,42,89,44,38,82,60,78,138,66,71,137,52,63,115,46,59,105,47,46,93,23,33,56,14,23,37,1,12,13,400,465,865,865,370,0.4277456647398844
2020-10-13,69,69,138,55,38,93,97,108,205,103,117,220,79,94,173,75,78,153,62,58,120,37,53,90,20,40,60,5,15,20,602,670,1272,1272,568,0.44654088050314467
2020-10-14,56,66,122,43,52,95,94,108,202,95,109,204,66,79,145,51,74,125,54,43,97,34,49,83,19,30,49,1,13,14,513,623,1136,1136,541,0.4762323943661972
2020-10-15,61,57,118,50,46,96,98,107,205,115,108,223,101,113,214,69,64,133,56,62,118,30,33,63,15,31,46,6,10,16,601,631,1232,1232,471,0.3823051948051948
2020-10-16,82,56,138,60,74,134,138,152,290,121,112,233,100,113,213,74,81,155,55,60,115,37,55,92,23,47,70,2,27,29,692,777,1469,1469,599,0.40776038121170866
2020-10-17,45,46,91,42,36,78,73,69,142,79,98,177,58,69,127,41,45,86,40,43,83,36,27,63,11,25,36,3,7,10,428,465,893,893,393,0.4400895856662934
2020-10-18,39,33,72,29,23,52,34,47,81,56,80,136,31,39,70,45,24,69,21,23,44,16,21,37,8,18,26,1,4,5,280,312,592,592,350,0.5912162162162162
2020-10-19,98,75,173,59,64,123,110,139,249,129,150,279,107,146,253,80,90,170,69,60,129,43,62,105,18,37,55,1,10,11,714,833,1547,1547,802,0.5184227537168714
2020-10-20,76,78,154,73,56,129,123,130,253,117,121,238,106,130,236,78,79,157,64,59,123,32,49,81,26,40,66,0,14,14,695,756,1451,1451,1036,0.7139903514817367
2020-10-21,55,56,111,82,56,138,100,128,228,100,112,212,79,94,173,74,60,134,60,54,114,32,35,67,19,31,50,2,5,7,603,631,1234,1234,746,0.6045380875202593
2020-10-22,56,50,106,66,70,136,86,108,194,81,109,190,82,78,160,56,72,128,34,58,92,23,37,60,17,28,45,2,8,10,503,618,1121,1121,769,0.6859946476360392
2020-10-23,55,46,101,43,38,81,70,82,152,60,78,138,67,87,154,49,48,97,42,52,94,37,35,72,12,26,38,5,18,23,440,510,950,950,751,0.7905263157894736
2020-10-24,34,30,64,22,22,44,55,37,92,57,59,116,44,50,94,26,46,72,24,32,56,25,28,53,6,26,32,2,9,11,295,339,634,634,565,0.8911671924290221
2020-10-25,47,33,80,28,35,63,53,62,115,55,89,144,49,46,95,35,58,93,24,35,59,23,21,44,7,14,21,1,3,4,322,396,718,718,662,0.9220055710306406
2020-10-26,66,51,117,65,57,122,86,92,178,102,115,217,62,95,157,65,92,157,59,58,117,42,55,97,12,34,46,2,11,13,561,660,1221,1221,1032,0.8452088452088452
2020-10-27,57,57,114,53,41,94,111,116,227,94,120,214,92,94,186,72,90,162,63,78,141,35,52,87,16,34,50,3,6,9,596,688,1284,1284,1113,0.866822429906542
2020-10-28,54,57,111,41,51,92,90,93,183,94,126,220,59,92,151,71,80,151,47,43,90,24,34,58,12,30,42,3,14,17,495,620,1115,1115,907,0.8134529147982063
2020-10-29,50,47,97,48,55,103,118,112,230,114,108,222,72,103,175,62,73,135,45,55,100,29,37,66,11,28,39,1,8,9,550,626,1176,1176,1124,0.95578231292517
2020-10-30,51,38,89,30,48,78,58,91,149,80,98,178,68,81,149,49,69,118,47,64,111,25,32,57,21,28,49,3,14,17,432,563,995,995,798,0.8020100502512563
2020-10-31,42,28,70,20,21,41,56,47,103,51,84,135,47,50,97,33,41,74,31,42,73,22,30,52,9,17,26,3,8,11,314,368,682,682,576,0.844574780058651
2020-11-01,57,49,106,38,42,80,71,78,149,56,80,136,61,56,117,46,50,96,27,57,84,28,26,54,9,27,36,4,7,11,397,472,869,869,724,0.8331415420023015
2020-11-02,53,62,115,52,56,108,89,113,202,108,101,209,79,89,168,53,62,115,50,62,112,38,39,77,16,21,37,1,11,12,539,616,1155,1155,942,0.8155844155844156
2020-11-03,40,46,86,28,46,74,66,103,169,86,92,178,62,53,115,54,50,104,40,43,83,39,38,77,17,39,56,3,12,15,435,522,957,957,718,0.7502612330198537
2020-11-04,54,52,106,48,52,100,120,113,233,95,119,214,102,105,207,71,75,146,64,61,125,44,40,84,21,37,58,7,13,20,626,667,1293,1293,765,0.5916473317865429
2020-11-05,73,63,136,79,66,145,146,140,286,152,138,290,116,116,232,77,89,166,50,75,125,36,37,73,19,25,44,4,10,14,752,759,1511,1511,970,0.6419589675711449
2020-11-06,46,48,94,42,49,91,81,80,161,69,94,163,64,57,121,53,63,116,45,55,100,34,50,84,20,33,53,4,8,12,458,537,995,995,791,0.7949748743718593
2020-11-07,41,43,84,36,39,75,59,76,135,56,83,139,63,73,136,49,68,117,52,58,110,34,33,67,24,20,44,5,8,13,419,501,920,920,699,0.7597826086956522
2020-11-08,56,65,121,28,45,73,78,78,156,72,107,179,62,72,134,46,56,102,38,57,95,23,31,54,9,19,28,4,6,10,416,536,952,952,786,0.8256302521008403
2020-11-09,85,74,159,70,53,123,86,129,215,122,144,266,93,99,192,85,86,171,63,67,130,33,47,80,28,42,70,5,14,19,670,755,1425,1425,1086,0.7621052631578947
2020-11-10,53,49,102,44,57,101,92,89,181,115,114,229,71,82,153,61,62,123,69,51,120,33,40,73,25,35,60,5,10,15,568,589,1157,1157,755,0.6525496974935178
2020-11-11,70,54,124,44,64,108,112,136,248,111,123,234,105,107,212,88,97,185,55,50,105,39,43,82,22,38,60,5,19,24,651,731,1382,1382,932,0.6743849493487699
2020-11-12,72,66,138,49,58,107,116,138,254,152,135,287,113,116,229,85,83,168,61,76,137,39,56,95,21,38,59,3,14,17,711,780,1491,1491,957,0.641851106639839
2020-11-13,66,47,113,75,62,137,121,161,282,115,145,260,105,114,219,84,88,172,80,74,154,54,50,104,25,44,69,4,15,19,729,800,1529,1529,991,0.6481360366252452
2020-11-14,73,69,142,52,46,98,109,131,240,121,142,263,87,99,186,68,77,145,65,50,115,32,46,78,16,27,43,4,7,11,627,694,1321,1321,977,0.7395912187736563
2020-11-15,73,75,148,73,51,124,111,160,271,143,150,293,113,120,233,78,97,175,69,77,146,41,53,94,16,28,44,0,16,16,717,827,1544,1544,1164,0.7538860103626943
2020-11-16,75,76,151,105,69,174,141,165,306,151,192,343,129,128,257,83,104,187,74,79,153,56,60,116,26,45,71,5,25,30,845,943,1788,1788,1105,0.6180089485458613
2020-11-17,88,86,174,100,89,189,182,227,409,223,231,454,161,196,357,110,142,252,95,121,216,62,75,137,21,50,71,6,20,26,1048,1237,2285,2285,1585,0.6936542669584245
2020-11-18,73,71,144,116,107,223,198,242,440,207,235,442,142,164,306,101,118,219,86,80,166,58,66,124,22,55,77,2,11,13,1005,1149,2154,2154,1485,0.6894150417827298
2020-11-19,81,70,151,116,108,224,192,242,434,176,251,427,132,175,307,119,135,254,72,94,166,49,57,106,26,40,66,5,10,15,968,1182,2150,2150,1503,0.6990697674418604
2020-11-20,80,64,144,67,83,150,168,206,374,167,202,369,145,164,309,101,117,218,75,64,139,46,53,99,29,42,71,5,17,22,883,1012,1895,1895,1316,0.6944591029023747
2020-11-21,65,57,122,52,79,131,105,143,248,134,137,271,102,110,212,85,84,169,61,62,123,35,28,63,11,23,34,3,13,16,653,736,1389,1389,1159,0.8344132469402448
2020-11-22,59,53,112,52,59,111,106,114,220,96,125,221,90,98,188,55,69,124,52,55,107,33,22,55,15,28,43,3,10,13,561,633,1194,1194,951,0.7964824120603015
2020-11-23,76,70,146,64,81,145,134,147,281,153,134,287,115,134,249,83,96,179,61,77,138,44,48,92,22,32,54,7,13,20,759,832,1591,1591,1281,0.8051539912005028
2020-11-24,75,82,157,94,96,190,146,179,325,197,194,391,155,166,321,111,119,230,86,96,182,60,62,122,28,38,66,2,10,12,954,1042,1996,1996,1512,0.7575150300601202
2020-11-25,84,77,161,95,99,194,198,220,418,207,207,414,163,156,319,98,102,200,94,88,182,38,69,107,25,49,74,6,12,18,1008,1079,2087,2087,1432,0.686152371825587
2020-11-26,88,78,166,99,110,209,185,228,413,206,235,441,134,160,294,105,121,226,85,89,174,53,67,120,18,40,58,9,13,22,982,1141,2123,2123,1510,0.7112576542628356
2020-11-27,68,61,129,79,67,146,162,211,373,147,180,327,121,95,216,93,98,191,67,73,140,40,46,86,18,41,59,4,6,10,799,878,1677,1677,1191,0.7101967799642218
2020-11-28,75,46,121,63,59,122,127,148,275,102,153,255,90,108,198,80,86,166,44,47,91,33,45,78,18,33,51,3,6,9,635,731,1366,1366,937,0.6859443631039531
2020-11-29,67,59,126,61,73,134,150,155,305,120,174,294,117,113,230,71,96,167,66,89,155,36,51,87,19,27,46,2,11,13,709,848,1557,1557,1215,0.7803468208092486
2020-11-30,96,86,182,115,96,211,209,233,442,208,220,428,174,182,356,105,122,227,103,120,223,72,65,137,25,42,67,5,10,15,1112,1176,2288,2287,1593,0.6965456930476607
2020-12-01,65,77,142,89,96,185,209,228,437,196,213,409,156,165,321,82,110,192,94,124,218,60,58,118,23,40,63,3,8,11,977,1119,2096,2096,1377,0.6569656488549618
2020-12-02,45,41,86,68,84,152,135,154,289,123,179,302,106,128,234,67,70,137,59,55,114,41,53,94,23,21,44,2,9,11,669,794,1463,1463,575,0.39302802460697195
2020-12-03,56,61,117,94,101,195,166,247,413,195,223,418,147,171,318,101,102,203,84,97,181,50,48,98,19,31,50,2,6,8,914,1087,2001,2001,454,0.22688655672163918
2020-12-04,69,75,144,96,99,195,166,194,360,182,210,392,141,170,311,120,122,242,83,105,188,68,51,119,21,42,63,6,10,16,952,1078,2030,2029,686,0.3380975850172499
2020-12-05,64,63,127,76,70,146,136,139,275,165,155,320,118,107,225,63,85,148,55,66,121,34,38,72,11,28,39,5,8,13,727,759,1486,1486,750,0.5047106325706595
2020-12-06,54,55,109,55,52,107,92,110,202,102,118,220,78,98,176,49,66,115,54,56,110,36,38,74,20,19,39,1,6,7,541,618,1159,1159,435,0.37532355478861085
2020-12-07,40,55,95,76,66,142,135,173,308,140,137,277,97,135,232,75,85,160,49,62,111,37,44,81,19,22,41,4,6,10,672,785,1457,1457,449,0.3081674673987646
2020-12-08,54,64,118,63,75,138,133,157,290,147,160,307,105,97,202,92,98,190,68,58,126,30,55,85,12,24,36,4,8,12,708,796,1504,1504,451,0.29986702127659576
2020-12-09,74,70,144,84,114,198,256,293,549,240,293,533,198,198,396,165,188,353,143,120,263,55,81,136,25,42,67,3,20,23,1243,1419,2662,2662,825,0.30991735537190085
2020-12-10,82,60,142,123,170,293,264,345,609,294,353,647,216,248,464,182,210,392,138,137,275,58,59,117,24,53,77,7,11,18,1388,1646,3034,3034,640,0.2109426499670402
2020-12-11,74,76,150,126,146,272,284,370,654,331,377,708,230,276,506,194,206,400,150,164,314,74,83,157,23,42,65,3,9,12,1489,1749,3238,3238,569,0.17572575663990117
2020-12-12,69,67,136,108,115,223,230,293,523,253,305,558,223,244,467,168,187,355,116,155,271,54,68,122,17,28,45,3,10,13,1241,1472,2713,2713,674,0.2484334684850719
2020-12-13,72,50,122,98,108,206,180,231,411,240,290,530,184,204,388,167,169,336,109,101,210,46,44,90,15,21,36,6,5,11,1117,1223,2340,2340,410,0.1752136752136752
2020-12-14,88,72,160,129,137,266,260,327,587,317,340,657,225,257,482,198,208,406,145,167,312,83,84,167,26,40,66,9,13,22,1480,1645,3125,3125,738,0.23616
2020-12-15,73,78,151,101,120,221,235,309,544,277,318,595,218,227,445,183,239,422,150,148,298,72,66,138,17,25,42,2,12,14,1328,1542,2870,2869,639,0.22272568839316836
2020-12-16,56,67,123,138,169,307,284,363,647,373,427,800,284,297,581,221,239,460,181,193,374,92,91,183,28,25,53,4,11,15,1661,1882,3543,3543,732,0.20660457239627433
2020-12-17,97,86,183,146,147,293,314,424,738,403,440,843,307,323,630,211,238,449,112,143,255,74,60,134,16,27,43,2,9,11,1682,1897,3579,3579,805,0.22492316289466333
2020-12-18,100,85,185,173,232,405,354,452,806,412,457,869,322,346,668,256,288,544,251,242,493,116,100,216,22,57,79,3,12,15,2009,2271,4280,4280,1009,0.23574766355140186
2020-12-19,80,74,154,139,155,294,263,381,644,421,440,861,275,292,567,209,257,466,176,201,377,75,92,167,17,33,50,2,6,8,1657,1931,3588,3588,963,0.2683946488294314
2020-12-20,70,83,153,153,161,314,286,339,625,425,437,862,296,327,623,244,275,519,172,167,339,77,68,145,15,19,34,4,8,12,1742,1884,3626,3626,487,0.13430777716492
2020-12-21,98,106,204,163,180,343,402,445,847,475,555,1030,373,370,743,271,286,557,223,232,455,98,108,206,22,60,82,3,15,18,2128,2357,4485,4485,863,0.19241917502787068
2020-12-22,108,103,211,218,236,454,436,558,994,543,643,1186,415,436,851,286,295,581,235,254,489,109,104,213,25,37,62,6,6,12,2381,2672,5053,5053,962,0.19038195131604987
2020-12-23,126,108,234,244,233,477,472,542,1014,521,576,1097,377,458,835,259,279,538,185,229,414,76,90,166,34,46,80,8,15,23,2302,2576,4878,4878,1006,0.20623206232062322
2020-12-24,57,60,117,112,157,269,266,275,541,340,319,659,229,220,449,129,155,284,104,123,227,65,51,116,6,24,30,3,6,9,1311,1390,2701,2701,749,0.2773047019622362
2020-12-25,41,27,68,42,47,89,79,76,155,75,93,168,57,50,107,52,56,108,27,30,57,19,13,32,5,19,24,4,3,7,401,414,815,815,504,0.6184049079754601
2020-12-26,101,71,172,207,254,461,344,420,764,459,473,932,296,390,686,247,268,515,148,181,329,77,84,161,22,36,58,1,13,14,1902,2190,4092,4092,872,0.2130987292277615
2020-12-27,57,54,111,283,287,570,368,404,772,502,543,1045,402,431,833,280,317,597,196,187,383,76,93,169,24,37,61,3,11,14,2191,2364,4555,4555,494,0.1084522502744237
2020-12-28,133,110,243,343,372,715,522,665,1187,723,786,1509,564,603,1167,344,437,781,223,283,506,108,127,235,35,58,93,3,25,28,2998,3466,6464,6464,947,0.14650371287128713
2020-12-29,103,94,197,307,335,642,525,618,1143,584,640,1224,487,529,1016,305,346,651,221,255,476,104,120,224,35,73,108,9,17,26,2680,3027,5707,5707,906,0.1587524093218854
2020-12-30,104,90,194,358,417,775,569,592,1161,659,684,1343,484,581,1065,338,424,762,230,255,485,107,108,215,30,54,84,3,12,15,2882,3217,6099,6098,1269,0.20810101672679568
2020-12-31,77,76,153,253,258,511,380,396,776,394,467,861,324,408,732,228,229,457,103,126,229,52,72,124,15,29,44,1,8,9,1827,2069,3896,3896,741,0.19019507186858317
2021-01-01,32,25,57,56,62,118,75,104,179,93,116,209,72,90,162,56,68,124,28,37,65,20,24,44,6,16,22,1,4,5,439,546,985,985,431,0.43756345177664974
2021-01-02,80,67,147,209,265,474,335,411,746,422,485,907,322,390,712,234,269,503,214,216,430,84,103,187,19,39,58,6,8,14,1925,2253,4178,4178,729,0.17448539971278124
2021-01-03,60,72,132,323,321,644,535,650,1185,696,788,1484,533,618,1151,326,425,751,243,275,518,92,129,221,28,43,71,3,9,12,2839,3330,6169,6169,642,0.10406873075052683
2021-01-04,93,94,187,294,299,593,708,864,1572,766,859,1625,539,618,1157,351,431,782,269,274,543,131,131,262,36,76,112,4,14,18,3191,3660,6851,6851,915,0.1335571449423442
2021-01-05,98,100,198,356,354,710,730,896,1626,809,879,1688,589,661,1250,375,431,806,277,354,631,125,152,277,40,72,112,7,13,20,3406,3912,7318,7317,930,0.12710127101271013
2021-01-06,102,92,194,382,375,757,745,850,1595,754,808,1562,609,629,1238,418,470,888,292,320,612,133,159,292,34,66,100,4,19,23,3473,3788,7261,7260,962,0.1325068870523416
2021-01-07,92,81,173,282,317,599,549,674,1223,595,658,1253,452,477,929,301,380,681,231,282,513,104,140,244,33,59,92,3,14,17,2642,3082,5724,5724,941,0.16439552760307477
2021-01-08,98,98,196,313,325,638,563,638,1201,505,650,1155,400,543,943,296,356,652,179,233,412,99,126,225,36,43,79,7,10,17,2496,3022,5518,5517,1130,0.20482146093891607
2021-01-09,69,76,145,268,319,587,512,606,1118,565,672,1237,410,486,896,282,347,629,166,246,412,73,96,169,26,52,78,0,14,14,2371,2914,5285,5283,850,0.1608934317622563
2021-01-10,83,75,158,326,346,672,495,589,1084,557,653,1210,419,499,918,276,342,618,171,180,351,55,102,157,17,41,58,3,14,17,2402,2841,5243,5243,586,0.11176807171466717
2021-01-11,101,78,179,342,390,732,668,798,1466,678,803,1481,462,561,1023,321,416,737,201,256,457,97,104,201,25,49,74,4,20,24,2899,3475,6374,6374,908,0.14245371823031064
2021-01-12,115,76,191,302,353,655,530,666,1196,499,644,1143,383,501,884,300,402,702,216,203,419,75,103,178,33,38,71,5,10,15,2458,2996,5454,5453,745,0.13662204291215843
2021-01-13,132,120,252,334,397,731,632,745,1377,586,675,1261,494,520,1014,321,423,744,241,284,525,99,118,217,21,53,74,6,4,10,2866,3339,6205,6205,821,0.13231265108783238
2021-01-14,100,110,210,340,416,756,550,698,1248,550,682,1232,424,540,964,338,397,735,203,248,451,86,102,188,22,43,65,3,10,13,2616,3246,5862,5861,918,0.15662856167889438
2021-01-15,131,99,230,551,606,1157,662,857,1519,870,982,1852,641,795,1436,478,568,1046,250,297,547,103,134,237,27,55,82,5,9,14,3718,4402,8120,8120,982,0.120935960591133
2021-01-16,69,60,129,661,669,1330,592,774,1366,760,938,1698,726,848,1574,498,518,1016,278,311,589,132,132,264,30,44,74,1,10,11,3747,4304,8051,8051,722,0.08967830083219476
2021-01-17,70,50,120,532,608,1140,597,789,1386,718,807,1525,737,855,1592,469,492,961,219,236,455,94,103,197,19,34,53,2,3,5,3457,3977,7434,7434,548,0.07371536185095508
2021-01-18,100,92,192,629,668,1297,759,910,1669,873,968,1841,838,927,1765,561,612,1173,327,397,724,151,159,310,41,87,128,6,30,36,4285,4850,9135,9134,767,0.08397197284869717
2021-01-19,107,96,203,608,639,1247,708,841,1549,838,951,1789,782,884,1666,545,604,1149,327,377,704,126,172,298,25,63,88,7,14,21,4073,4641,8714,8714,620,0.071149873766353
2021-01-20,105,95,200,548,584,1132,660,745,1405,756,824,1580,687,762,1449,519,582,1101,355,371,726,173,174,347,33,54,87,7,15,22,3843,4206,8049,8049,603,0.07491613865076407
2021-01-21,126,87,213,390,493,883,637,672,1309,575,703,1278,508,630,1138,353,499,852,261,266,527,105,116,221,35,52,87,8,21,29,2998,3539,6537,6537,755,0.11549640507878231
2021-01-22,88,89,177,458,467,925,502,640,1142,485,652,1137,497,594,1091,336,393,729,220,261,481,108,122,230,22,48,70,6,5,11,2722,3271,5993,5993,712,0.118805272818288
2021-01-23,56,45,101,476,495,971,512,647,1159,529,627,1156,496,519,1015,363,418,781,159,208,367,62,79,141,20,36,56,2,6,8,2675,3080,5755,5755,494,0.08583840139009558
2021-01-24,66,55,121,549,590,1139,599,648,1247,555,671,1226,630,669,1299,406,443,849,209,223,432,76,103,179,30,38,68,2,6,8,3122,3446,6568,6568,421,0.06409866017052375
2021-01-25,96,108,204,662,666,1328,792,895,1687,768,868,1636,691,797,1488,462,567,1029,264,289,553,132,138,270,38,70,108,6,19,25,3911,4417,8328,8328,569,0.06832372718539866
2021-01-26,127,90,217,560,570,1130,622,708,1330,620,713,1333,600,660,1260,431,518,949,253,334,587,132,141,273,36,68,104,6,16,22,3387,3818,7205,7205,633,0.0878556557945871
2021-01-27,118,107,225,504,514,1018,582,662,1244,606,711,1317,522,634,1156,408,446,854,242,250,492,99,117,216,39,65,104,3,22,25,3123,3528,6651,6651,546,0.08209291835814163
2021-01-28,95,90,185,418,455,873,489,580,1069,494,583,1077,432,532,964,310,374,684,226,266,492,118,127,245,33,49,82,5,18,23,2620,3074,5694,5694,658,0.11556023884791009
2021-01-29,77,105,182,593,590,1183,639,717,1356,694,831,1525,631,777,1408,466,522,988,289,319,608,115,158,273,27,64,91,2,9,11,3533,4092,7625,7624,870,0.11411332633788038
2021-01-30,69,54,123,799,842,1641,580,741,1321,757,921,1678,824,1017,1841,566,630,1196,279,367,646,114,156,270,29,49,78,2,9,11,4019,4786,8805,8805,596,0.06768881317433277
2021-01-31,64,65,129,1185,1283,2468,762,907,1669,952,1191,2143,1233,1436,2669,760,835,1595,329,365,694,125,155,280,28,53,81,2,13,15,5440,6303,11743,11743,363,0.030912032700332114
2021-02-01,95,84,179,1004,1131,2135,718,937,1655,960,1111,2071,1084,1303,2387,744,787,1531,377,448,825,131,202,333,41,53,94,1,12,13,5155,6068,11223,11223,680,0.06058986010870534
2021-02-02,94,92,186,815,944,1759,675,795,1470,871,1048,1919,1000,1183,2183,693,761,1454,430,439,869,207,243,450,46,73,119,3,13,16,4834,5591,10425,10425,567,0.054388489208633095
2021-02-03,66,96,162,678,652,1330,587,736,1323,739,869,1608,747,875,1622,530,651,1181,360,374,734,171,208,379,44,68,112,6,14,20,3928,4543,8471,8471,578,0.06823279423916893
2021-02-04,76,79,155,391,403,794,437,598,1035,530,623,1153,440,668,1108,387,475,862,222,289,511,111,159,270,26,46,72,4,19,23,2624,3359,5983,5983,537,0.08975430386093933
2021-02-05,88,80,168,355,368,723,430,543,973,459,569,1028,432,508,940,325,398,723,229,273,502,113,147,260,23,61,84,1,11,12,2455,2958,5413,5413,773,0.1428043598743765
2021-02-06,53,52,105,376,450,826,397,515,912,506,655,1161,461,600,1061,389,429,818,194,226,420,82,111,193,24,43,67,1,8,9,2483,3089,5572,5572,532,0.09547738693467336
2021-02-07,64,68,132,430,465,895,385,485,870,519,647,1166,482,614,1096,360,436,796,186,196,382,91,103,194,18,34,52,6,4,10,2541,3052,5593,5593,342,0.061147863400679424
2021-02-08,95,82,177,573,690,1263,616,759,1375,754,963,1717,760,947,1707,435,579,1014,263,315,578,126,149,275,30,72,102,4,23,27,3656,4579,8235,8235,679,0.08245294474802671
2021-02-09,95,69,164,490,536,1026,536,671,1207,708,820,1528,622,818,1440,450,564,1014,302,327,629,140,160,300,36,63,99,6,15,21,3385,4043,7428,7428,560,0.07539041464728057
2021-02-10,81,62,143,377,387,764,449,577,1026,599,737,1336,555,666,1221,344,459,803,240,284,524,122,134,256,35,53,88,0,13,13,2802,3372,6174,6174,454,0.0735341755749919
2021-02-11,78,65,143,311,389,700,405,561,966,538,667,1205,482,652,1134,282,444,726,229,250,479,114,130,244,27,54,81,4,11,15,2470,3223,5693,5693,421,0.07395046548392763
2021-02-12,82,71,153,373,434,807,412,505,917,557,701,1258,515,714,1229,336,456,792,206,271,477,117,138,255,33,55,88,2,15,17,2633,3360,5993,5993,641,0.10695811780410479
2021-02-13,58,40,98,491,560,1051,420,490,910,635,821,1456,639,864,1503,384,491,875,216,255,471,86,116,202,23,35,58,5,11,16,2957,3683,6640,6640,512,0.07710843373493977
2021-02-14,48,36,84,497,565,1062,341,494,835,647,829,1476,757,885,1642,370,474,844,236,270,506,107,127,234,18,26,44,1,10,11,3022,3716,6738,6737,336,0.049873831082084014
2021-02-15,42,63,105,637,669,1306,499,678,1177,790,1014,1804,918,1054,1972,509,605,1114,237,285,522,96,132,228,25,58,83,2,11,13,3755,4569,8324,8324,428,0.05141758769822201
2021-02-16,62,45,107,651,630,1281,661,948,1609,958,1153,2111,876,1111,1987,481,538,1019,234,254,488,98,133,231,16,39,55,8,5,13,4045,4856,8901,8901,539,0.060554993820919
2021-02-17,84,97,181,465,503,968,828,998,1826,815,954,1769,645,745,1390,442,541,983,331,356,687,133,169,302,28,66,94,7,19,26,3778,4448,8226,8226,506,0.06151227814247508
2021-02-18,75,71,146,383,439,822,659,806,1465,735,863,1598,589,737,1326,417,477,894,280,319,599,137,169,306,37,53,90,4,11,15,3316,3945,7261,7261,562,0.07739980718909241
2021-02-19,92,64,156,340,450,790,569,703,1272,662,825,1487,546,699,1245,405,486,891,243,310,553,123,165,288,29,46,75,4,10,14,3013,3758,6771,6771,622,0.09186235415743613
2021-02-20,69,55,124,311,390,701,491,602,1093,532,732,1264,492,609,1101,363,446,809,194,293,487,89,118,207,26,39,65,5,5,10,2572,3289,5861,5861,508,0.08667462890291759
2021-02-21,81,53,134,291,387,678,451,622,1073,593,748,1341,498,644,1142,303,403,706,219,262,481,78,117,195,25,31,56,4,10,14,2543,3277,5820,5820,394,0.06769759450171821
2021-02-22,105,111,216,315,432,747,557,766,1323,657,813,1470,504,666,1170,389,485,874,266,322,588,119,127,246,46,45,91,3,10,13,2961,3777,6738,6738,516,0.07658058771148708
2021-02-23,113,92,205,274,328,602,497,629,1126,553,689,1242,440,563,1003,338,443,781,263,300,563,118,149,267,34,59,93,8,15,23,2638,3267,5905,5905,485,0.0821337849280271
2021-02-24,90,112,202,284,327,611,394,495,889,476,568,1044,361,479,840,296,363,659,234,251,485,112,132,244,26,47,73,3,10,13,2276,2784,5060,5060,442,0.08735177865612648
2021-02-25,133,120,253,212,245,457,404,471,875,432,479,911,329,407,736,243,325,568,178,246,424,90,131,221,24,45,69,5,14,19,2050,2483,4533,4533,413,0.09110964041473638
2021-02-26,106,103,209,202,259,461,391,523,914,478,529,1007,353,460,813,261,365,626,204,290,494,97,126,223,21,46,67,2,17,19,2115,2718,4833,4833,432,0.0893854748603352
2021-02-27,70,68,138,232,324,556,391,531,922,529,580,1109,359,455,814,338,409,747,249,298,547,100,134,234,29,57,86,2,11,13,2299,2867,5166,5166,467,0.09039876113046845
2021-02-28,87,73,160,341,398,739,440,626,1066,673,794,1467,516,656,1172,431,547,978,311,373,684,151,175,326,28,51,79,2,8,10,2980,3701,6681,6681,391,0.058524173027989825
2021-03-01,152,136,288,234,276,510,416,476,892,456,505,961,343,434,777,253,318,571,206,257,463,88,141,229,26,50,76,5,16,21,2179,2609,4788,4788,483,0.10087719298245613
2021-03-02,171,145,316,253,292,545,389,438,827,401,500,901,342,386,728,236,354,590,172,231,403,98,91,189,39,54,93,3,8,11,2104,2499,4603,4603,396,0.08603084944601347
2021-03-03,155,127,282,184,246,430,289,416,705,365,438,803,271,351,622,246,321,567,221,258,479,94,129,223,22,35,57,0,11,11,1847,2332,4179,4179,515,0.12323522373773631
2021-03-04,143,137,280,187,224,411,290,348,638,330,386,716,261,328,589,191,296,487,206,279,485,103,144,247,30,56,86,6,20,26,1747,2218,3965,3965,503,0.12686002522068096
2021-03-05,138,134,272,191,214,405,316,422,738,366,438,804,245,318,563,234,297,531,199,222,421,97,122,219,25,40,65,0,7,7,1811,2214,4025,4025,495,0.12298136645962733
2021-03-06,97,88,185,131,156,287,270,328,598,314,354,668,236,278,514,167,236,403,137,153,290,65,91,156,21,31,52,2,6,8,1440,1721,3161,3161,396,0.12527681113571654
2021-03-07,94,88,182,153,176,329,266,349,615,335,386,721,205,298,503,198,280,478,183,208,391,74,95,169,22,40,62,4,5,9,1534,1925,3459,3458,313,0.09051474840948526
2021-03-08,187,155,342,198,259,457,330,441,771,389,456,845,327,376,703,279,365,644,251,273,524,115,119,234,27,53,80,3,13,16,2106,2510,4616,4613,440,0.09538261435074788
2021-03-09,204,186,390,196,204,400,339,373,712,396,457,853,294,356,650,265,339,604,240,341,581,137,142,279,30,45,75,4,10,14,2105,2453,4558,4558,421,0.09236507240017551
2021-03-10,221,181,402,210,242,452,315,365,680,407,454,861,260,316,576,243,327,570,227,252,479,100,132,232,28,46,74,3,10,13,2014,2325,4339,4339,622,0.14335100253514635
2021-03-11,178,193,371,152,202,354,260,356,616,282,369,651,215,306,521,163,236,399,153,214,367,90,105,195,28,39,67,3,13,16,1524,2033,3557,3557,647,0.18189485521506887
2021-03-12,225,210,435,187,259,446,299,384,683,356,464,820,279,342,621,201,312,513,199,287,486,106,117,223,32,55,87,3,15,18,1887,2445,4332,4331,697,0.16093280997460171
2021-03-13,144,129,273,142,186,328,302,361,663,365,399,764,239,281,520,200,302,502,201,238,439,77,98,175,18,40,58,4,4,8,1692,2038,3730,3730,576,0.1544235924932976
2021-03-14,134,171,305,162,157,319,257,400,657,377,431,808,252,315,567,261,325,586,196,252,448,88,120,208,21,38,59,5,10,15,1753,2219,3972,3972,446,0.11228600201409869
2021-03-15,272,245,517,228,246,474,349,480,829,430,496,926,315,432,747,290,382,672,258,293,551,112,169,281,30,57,87,4,12,16,2288,2812,5100,5100,632,0.12392156862745098
2021-03-16,246,242,488,219,260,479,307,398,705,420,461,881,286,303,589,250,319,569,224,268,492,104,125,229,27,59,86,5,17,22,2088,2452,4540,4540,530,0.11674008810572688
2021-03-17,205,175,380,194,238,432,296,394,690,341,373,714,231,295,526,214,292,506,202,248,450,87,131,218,24,44,68,3,13,16,1797,2203,4000,3999,523,0.13078269567391848
2021-03-18,171,161,332,159,189,348,274,332,606,320,335,655,226,255,481,165,234,399,162,195,357,94,107,201,15,39,54,3,7,10,1589,1854,3443,3443,499,0.14493174557072322
2021-03-19,181,198,379,225,233,458,279,371,650,330,384,714,239,304,543,192,262,454,171,214,385,80,94,174,20,36,56,6,9,15,1723,2105,3828,3828,744,0.19435736677115986
2021-03-20,95,91,186,137,165,302,235,280,515,285,326,611,215,250,465,191,237,428,159,163,322,72,82,154,17,31,48,7,6,13,1413,1631,3044,3040,491,0.16151315789473683
2021-03-21,131,115,246,136,151,287,246,287,533,335,350,685,208,245,453,192,254,446,154,201,355,55,87,142,24,32,56,2,10,12,1483,1732,3215,3215,371,0.11539657853810265
2021-03-22,209,213,422,228,209,437,309,420,729,369,422,791,283,310,593,250,333,583,192,242,434,102,123,225,26,64,90,4,22,26,1972,2358,4330,4330,647,0.14942263279445728
2021-03-23,197,189,386,208,232,440,280,372,652,327,432,759,254,284,538,236,272,508,203,267,470,110,139,249,26,36,62,3,18,21,1844,2241,4085,4085,632,0.15471236230110158
2021-03-24,138,136,274,194,172,366,221,270,491,276,304,580,196,240,436,157,223,380,112,137,249,65,92,157,12,36,48,1,6,7,1372,1616,2988,2988,548,0.18340026773761714
2021-03-25,156,144,300,180,238,418,252,356,608,337,382,719,278,337,615,200,241,441,137,201,338,75,86,161,30,40,70,4,5,9,1649,2030,3679,3679,523,0.14215819516172873
2021-03-26,198,187,385,223,274,497,302,385,687,364,397,761,254,360,614,186,286,472,159,214,373,94,113,207,27,37,64,3,12,15,1810,2265,4075,4075,661,0.16220858895705523
2021-03-27,142,136,278,130,159,289,253,288,541,320,356,676,216,296,512,188,270,458,165,185,350,71,91,162,20,41,61,5,6,11,1510,1828,3338,3338,587,0.17585380467345715
2021-03-28,115,104,219,119,174,293,214,281,495,272,361,633,231,254,485,181,251,432,139,187,326,54,61,115,19,29,48,2,6,8,1346,1708,3054,3054,480,0.15717092337917485
2021-03-29,189,187,376,258,232,490,300,377,677,357,407,764,258,361,619,231,262,493,155,223,378,61,72,133,18,40,58,1,8,9,1828,2169,3997,3997,666,0.16662496872654492
2021-03-30,179,171,350,208,234,442,253,336,589,317,384,701,229,293,522,193,234,427,156,190,346,54,73,127,24,33,57,5,6,11,1618,1954,3572,3571,670,0.18762251470176422
2021-03-31,153,131,284,169,168,337,258,334,592,306,354,660,206,302,508,145,214,359,100,122,222,38,52,90,20,24,44,1,10,11,1396,1711,3107,3107,651,0.20952687479884133
2021-04-01,125,148,273,198,206,404,294,331,625,330,354,684,206,270,476,188,242,430,126,152,278,54,80,134,15,24,39,1,11,12,1537,1818,3355,3355,729,0.2172876304023845
2021-04-02,142,101,243,168,206,374,266,305,571,312,327,639,223,275,498,177,230,407,108,123,231,54,52,106,19,18,37,2,6,8,1471,1643,3114,3114,601,0.19299935773924212
2021-04-03,110,106,216,173,222,395,269,304,573,329,366,695,240,325,565,175,218,393,137,141,278,46,68,114,21,42,63,5,8,13,1505,1800,3305,3305,777,0.2350983358547655
2021-04-04,148,117,265,310,343,653,384,480,864,470,626,1096,373,485,858,216,287,503,126,170,296,51,67,118,18,33,51,1,9,10,2097,2617,4714,4714,683,0.14488756894357233
2021-04-05,186,192,378,417,467,884,505,619,1124,583,624,1207,459,595,1054,287,369,656,172,230,402,79,95,174,22,46,68,4,9,13,2714,3246,5960,5960,756,0.1268456375838926
2021-04-06,212,226,438,346,380,726,552,567,1119,594,683,1277,435,509,944,297,379,676,209,299,508,105,128,233,26,52,78,3,13,16,2779,3236,6015,6014,1082,0.17991353508480212
2021-04-07,219,223,442,388,378,766,517,592,1109,530,654,1184,476,539,1015,288,434,722,187,256,443,86,115,201,17,49,66,0,13,13,2708,3253,5961,5958,905,0.15189660960053708
2021-04-08,206,173,379,293,317,610,414,570,984,510,627,1137,385,478,863,256,388,644,159,212,371,66,111,177,23,43,66,2,11,13,2314,2930,5244,5244,935,0.17829900839054158
2021-04-09,158,156,314,230,269,499,274,410,684,333,424,757,288,348,636,180,265,445,130,150,280,55,78,133,12,35,47,2,9,11,1662,2144,3806,3805,925,0.24310118265440211
2021-04-10,129,120,249,209,246,455,343,424,767,416,438,854,277,365,642,188,263,451,121,162,283,29,51,80,8,20,28,3,6,9,1723,2095,3818,3817,661,0.17317264867697144
2021-04-11,108,116,224,186,227,413,262,316,578,334,434,768,296,377,673,198,257,455,126,129,255,35,46,81,20,31,51,2,6,8,1567,1939,3506,3506,568,0.16200798630918425
2021-04-12,197,184,381,276,257,533,345,445,790,410,485,895,348,471,819,252,354,606,146,192,338,55,89,144,22,42,64,2,10,12,2053,2529,4582,4580,762,0.1663755458515284
2021-04-13,188,141,329,214,209,423,344,439,783,430,535,965,342,445,787,260,323,583,112,131,243,60,54,114,16,24,40,5,10,15,1971,2311,4282,4282,724,0.16907986921999066
2021-04-14,169,145,314,190,179,369,228,256,484,251,312,563,177,272,449,163,214,377,162,159,321,59,102,161,22,41,63,6,9,15,1427,1689,3116,3115,841,0.269983948635634
2021-04-15,188,183,371,251,292,543,398,505,903,449,592,1041,409,577,986,292,399,691,171,180,351,47,79,126,21,38,59,2,9,11,2228,2854,5082,5079,803,0.15810198858042923
2021-04-16,192,190,382,229,247,476,420,547,967,514,623,1137,422,499,921,312,397,709,214,237,451,62,92,154,15,34,49,8,13,21,2388,2879,5267,5265,800,0.15194681861348527
2021-04-17,162,133,295,216,197,413,326,376,702,447,459,906,319,422,741,228,289,517,144,179,323,58,93,151,20,50,70,3,6,9,1923,2204,4127,4127,732,0.17736854858250545
2021-04-18,107,138,245,147,188,335,298,339,637,357,448,805,328,373,701,232,281,513,159,174,333,55,73,128,29,33,62,3,10,13,1715,2057,3772,3771,474,0.12569610182975338
2021-04-19,229,177,406,247,298,545,430,505,935,530,567,1097,414,504,918,291,375,666,185,231,416,73,95,168,22,68,90,2,34,36,2423,2854,5277,5277,676,0.12810308887625546
2021-04-20,210,244,454,221,245,466,368,465,833,418,548,966,381,496,877,271,343,614,207,266,473,85,97,182,35,46,81,3,12,15,2199,2762,4961,4960,737,0.14858870967741936
2021-04-21,177,159,336,182,181,363,314,369,683,339,445,784,310,413,723,210,317,527,161,189,350,64,77,141,20,50,70,1,8,9,1778,2208,3986,3986,767,0.19242348218765679
2021-04-22,208,195,403,257,281,538,380,483,863,497,643,1140,442,519,961,300,373,673,179,230,409,80,97,177,24,55,79,1,12,13,2368,2888,5256,5254,832,0.1583555386372288
2021-04-23,191,190,381,308,318,626,468,599,1067,555,772,1327,472,625,1097,320,458,778,194,243,437,85,111,196,40,47,87,5,12,17,2638,3375,6013,6011,986,0.16403260688737314
2021-04-24,104,84,188,120,96,216,145,213,358,199,235,434,157,214,371,100,138,238,68,87,155,51,65,116,18,46,64,6,25,31,968,1203,2171,2171,632,0.29111008751727313
2021-04-25,168,151,319,252,266,518,414,578,992,563,715,1278,473,607,1080,365,456,821,223,225,448,84,69,153,17,45,62,1,7,8,2560,3119,5679,5678,531,0.09351884466361395
2021-04-26,251,222,473,309,374,683,541,711,1252,675,852,1527,594,707,1301,427,563,990,247,280,527,113,144,257,23,45,68,3,11,14,3183,3909,7092,7091,707,0.09970384995064166
2021-04-27,221,188,409,336,384,720,520,740,1260,633,855,1488,523,689,1212,397,522,919,238,261,499,95,142,237,30,65,95,8,15,23,3001,3861,6862,6860,611,0.089067055393586
2021-04-28,216,202,418,310,340,650,470,666,1136,617,797,1414,508,664,1172,360,455,815,210,251,461,81,110,191,28,53,81,7,22,29,2807,3560,6367,6367,721,0.11324014449505261
2021-04-29,268,222,490,420,416,836,581,854,1435,750,988,1738,647,921,1568,482,662,1144,264,351,615,141,178,319,48,74,122,5,25,30,3606,4691,8297,8296,745,0.0898023143683703
2021-04-30,196,174,370,246,237,483,326,500,826,433,610,1043,353,528,881,283,415,698,181,226,407,107,131,238,37,75,112,3,27,30,2165,2923,5088,5086,838,0.16476602438065277
2021-05-01,152,131,283,250,221,471,406,525,931,519,659,1178,412,610,1022,314,379,693,176,164,340,83,100,183,27,60,87,3,8,11,2342,2857,5199,5198,666,0.1281262023855329
2021-05-02,159,127,286,227,248,475,353,499,852,519,686,1205,409,583,992,303,384,687,201,257,458,96,105,201,27,48,75,4,17,21,2298,2954,5252,5252,495,0.09424980959634426
2021-05-03,293,262,555,315,350,665,616,801,1417,769,968,1737,627,788,1415,463,669,1132,319,426,745,166,176,342,41,91,132,5,25,30,3614,4556,8170,8170,813,0.09951040391676867
2021-05-04,227,234,461,320,336,656,564,690,1254,722,866,1588,617,758,1375,442,624,1066,255,328,583,159,184,343,37,84,121,4,29,33,3347,4133,7480,7479,582,0.07781789009225833
2021-05-05,237,221,458,279,316,595,547,703,1250,637,740,1377,546,689,1235,381,499,880,236,270,506,134,136,270,43,70,113,7,15,22,3047,3659,6706,6704,589,0.08785799522673031
2021-05-06,204,234,438,374,389,763,538,774,1312,656,910,1566,590,729,1319,444,579,1023,251,290,541,133,143,276,32,66,98,7,18,25,3229,4132,7361,7361,606,0.08232577095503328
2021-05-07,255,207,462,372,424,796,605,902,1507,694,1010,1704,631,938,1569,381,625,1006,244,319,563,107,146,253,28,59,87,2,20,22,3319,4650,7969,7968,764,0.09588353413654618
2021-05-08,144,128,272,173,195,368,337,462,799,447,524,971,313,381,694,240,308,548,131,143,274,63,70,133,24,42,66,2,14,16,1874,2267,4141,4141,517,0.12484907027288095
2021-05-09,165,154,319,176,207,383,291,382,673,430,502,932,338,451,789,222,313,535,157,165,322,73,95,168,34,47,81,7,15,22,1893,2331,4224,4224,429,0.1015625
2021-05-10,228,225,453,296,352,648,607,694,1301,711,811,1522,572,722,1294,399,519,918,244,300,544,120,151,271,36,58,94,0,13,13,3213,3845,7058,7057,548,0.07765339379339663
2021-05-11,187,165,352,236,282,518,400,545,945,528,609,1137,478,524,1002,315,406,721,228,270,498,114,125,239,26,40,66,2,7,9,2514,2973,5487,5487,410,0.0747220703480955
2021-05-12,119,99,218,158,184,342,326,395,721,375,467,842,353,430,783,248,340,588,151,181,332,65,71,136,24,28,52,2,7,9,1821,2202,4023,4023,314,0.07805120556798409
2021-05-13,27,15,42,16,13,29,26,49,75,35,59,94,27,46,73,18,35,53,6,17,23,6,9,15,7,13,20,1,4,5,169,260,429,428,65,0.15186915887850466
2021-05-14,1,6,7,7,1,8,12,16,28,8,15,23,6,9,15,5,7,12,3,6,9,1,2,3,1,0,1,0,0,0,44,62,106,106,0,0.0
