FECHA,<=10M,<=10F,<=10,11-20M,11-20F,11-20,21-30M,21-30F,21-30,31-40M,31-40F,31-40,41-50M,41-50F,41-50,51-60M,51-60F,51-60,61-70M,61-70F,61-70,71-80M,71-80F,71-80,81-90M,81-90F,81-90,>=91M,>=91F,>=91,TotalM,TotalF,Total,DelayCount,CumDelay,DelayAvg
2020-03-15,1,0,1,0,0,0,0,2,2,2,1,3,1,1,2,1,0,1,1,0,1,1,1,2,0,0,0,0,0,0,7,5,12,12,41,3.4166666666666665
2020-03-16,1,3,4,1,0,1,1,1,2,1,1,2,0,0,0,2,0,2,2,2,4,0,0,0,0,0,0,0,0,0,8,7,15,15,54,3.6
2020-03-17,1,4,5,0,1,1,2,1,3,0,0,0,1,3,4,0,1,1,1,1,2,2,2,4,1,0,1,0,0,0,8,13,21,21,356,16.952380952380953
2020-03-18,3,1,4,0,0,0,0,0,0,3,1,4,0,2,2,1,1,2,1,2,3,1,0,1,1,0,1,0,0,0,10,7,17,17,30,1.7647058823529411
2020-03-19,1,0,1,0,0,0,3,2,5,2,2,4,2,1,3,0,0,0,1,1,2,1,1,2,0,0,0,1,0,1,11,7,18,18,39,2.1666666666666665
2020-03-20,1,1,2,1,0,1,0,0,0,1,2,3,0,1,1,0,1,1,0,1,1,2,2,4,1,0,1,0,0,0,6,8,14,14,28,2.0
2020-03-21,0,0,0,2,0,2,1,2,3,3,1,4,2,1,3,0,0,0,2,2,4,1,1,2,0,0,0,1,0,1,12,7,19,19,59,3.1052631578947367
2020-03-22,2,0,2,0,0,0,3,1,4,0,0,0,0,0,0,2,1,3,0,1,1,2,0,2,3,2,5,0,0,0,12,5,17,17,41,2.411764705882353
2020-03-23,3,0,3,0,2,2,1,2,3,2,1,3,0,1,1,2,0,2,2,0,2,4,3,7,3,3,6,0,2,2,17,14,31,31,61,1.967741935483871
2020-03-24,1,0,1,0,0,0,1,1,2,1,1,2,0,2,2,2,2,4,0,1,1,2,0,2,2,1,3,1,0,1,10,8,18,18,29,1.6111111111111112
2020-03-25,1,3,4,0,0,0,2,3,5,1,4,5,1,0,1,1,2,3,3,1,4,2,2,4,2,4,6,2,1,3,15,20,35,35,48,1.3714285714285714
2020-03-26,4,3,7,2,1,3,2,2,4,4,2,6,1,4,5,3,2,5,1,3,4,3,2,5,5,0,5,2,1,3,27,20,47,47,167,3.5531914893617023
2020-03-27,2,3,5,0,1,1,1,2,3,3,0,3,1,4,5,1,3,4,2,5,7,4,6,10,3,2,5,2,6,8,19,32,51,51,115,2.2549019607843137
2020-03-28,2,0,2,0,0,0,1,2,3,2,1,3,1,1,2,3,1,4,3,0,3,4,6,10,2,1,3,1,0,1,19,12,31,31,107,3.4516129032258065
2020-03-29,1,0,1,1,1,2,1,2,3,2,1,3,2,3,5,0,0,0,6,3,9,4,1,5,4,2,6,2,1,3,23,14,37,37,84,2.27027027027027
2020-03-30,3,1,4,0,0,0,1,6,7,4,2,6,5,2,7,1,1,2,5,1,6,3,5,8,5,1,6,3,2,5,30,21,51,51,99,1.9411764705882353
2020-03-31,8,2,10,1,0,1,5,1,6,6,2,8,5,2,7,2,1,3,6,2,8,4,3,7,2,3,5,4,0,4,43,16,59,59,114,1.9322033898305084
2020-04-01,9,9,18,0,2,2,5,3,8,6,2,8,10,4,14,3,3,6,4,3,7,6,3,9,5,5,10,0,1,1,48,35,83,83,195,2.3493975903614457
2020-04-02,6,8,14,4,4,8,2,5,7,3,4,7,3,3,6,1,8,9,8,3,11,8,7,15,5,6,11,3,4,7,43,52,95,95,172,1.8105263157894738
2020-04-03,14,8,22,4,3,7,5,6,11,6,7,13,5,9,14,2,4,6,8,4,12,6,3,9,6,7,13,1,5,6,57,56,113,113,206,1.823008849557522
2020-04-04,7,11,18,2,3,5,2,7,9,2,10,12,5,2,7,6,0,6,6,2,8,2,5,7,4,2,6,1,3,4,37,45,82,82,135,1.646341463414634
2020-04-05,5,8,13,4,2,6,5,1,6,6,2,8,8,2,10,4,2,6,1,10,11,6,8,14,3,4,7,2,3,5,44,42,86,86,144,1.6744186046511629
2020-04-06,10,7,17,3,2,5,6,3,9,10,2,12,9,4,13,9,2,11,6,7,13,10,4,14,7,5,12,1,2,3,71,38,109,109,168,1.5412844036697249
2020-04-07,9,10,19,3,3,6,5,3,8,5,7,12,4,4,8,7,2,9,4,4,8,6,8,14,6,11,17,2,1,3,51,53,104,104,124,1.1923076923076923
2020-04-08,7,7,14,4,2,6,2,5,7,5,3,8,7,3,10,5,3,8,7,6,13,9,4,13,2,3,5,3,6,9,51,42,93,93,110,1.1827956989247312
2020-04-09,2,2,4,3,2,5,3,7,10,12,9,21,2,5,7,8,7,15,4,2,6,7,10,17,5,8,13,4,5,9,50,57,107,107,140,1.308411214953271
2020-04-10,14,2,16,4,3,7,2,6,8,4,2,6,9,1,10,3,6,9,6,1,7,1,9,10,5,8,13,1,4,5,49,42,91,91,118,1.2967032967032968
2020-04-11,6,5,11,3,2,5,7,4,11,6,4,10,6,2,8,2,4,6,4,6,10,6,3,9,4,7,11,1,4,5,45,41,86,86,109,1.2674418604651163
2020-04-12,9,5,14,2,0,2,1,3,4,7,2,9,3,5,8,9,2,11,3,4,7,3,8,11,3,4,7,1,2,3,41,35,76,76,120,1.5789473684210527
2020-04-13,7,9,16,5,3,8,11,7,18,4,8,12,6,5,11,5,5,10,7,6,13,5,8,13,8,8,16,4,6,10,62,65,127,127,150,1.1811023622047243
2020-04-14,13,6,19,3,1,4,6,6,12,8,3,11,4,4,8,10,6,16,4,7,11,9,5,14,6,4,10,4,4,8,67,46,113,113,115,1.0176991150442478
2020-04-15,9,3,12,4,5,9,3,7,10,6,6,12,7,13,20,4,7,11,9,2,11,9,3,12,7,7,14,5,3,8,63,56,119,119,166,1.3949579831932772
2020-04-16,9,2,11,4,5,9,7,4,11,10,13,23,10,8,18,7,8,15,4,10,14,6,4,10,5,5,10,0,4,4,62,63,125,125,125,1.0
2020-04-17,14,9,23,2,3,5,1,7,8,6,13,19,12,8,20,7,7,14,7,5,12,13,8,21,6,8,14,1,3,4,69,71,140,140,197,1.4071428571428573
2020-04-18,8,7,15,3,1,4,10,2,12,15,6,21,7,5,12,6,4,10,2,2,4,4,10,14,6,8,14,3,4,7,64,49,113,113,165,1.4601769911504425
2020-04-19,7,7,14,4,1,5,4,2,6,4,4,8,4,5,9,5,8,13,6,6,12,5,8,13,3,7,10,2,1,3,44,49,93,93,116,1.2473118279569892
2020-04-20,11,7,18,8,8,16,12,5,17,12,9,21,9,7,16,9,3,12,11,8,19,15,11,26,10,8,18,4,15,19,101,81,182,182,206,1.1318681318681318
2020-04-21,11,8,19,5,5,10,12,3,15,8,10,18,2,4,6,5,7,12,6,6,12,11,12,23,8,10,18,2,10,12,70,75,145,145,171,1.1793103448275861
2020-04-22,10,7,17,5,6,11,6,7,13,11,3,14,11,6,17,4,7,11,9,3,12,7,14,21,8,12,20,7,6,13,78,71,149,149,231,1.5503355704697988
2020-04-23,14,10,24,5,4,9,6,11,17,10,8,18,8,8,16,3,11,14,7,4,11,9,8,17,11,10,21,7,9,16,80,83,163,163,157,0.9631901840490797
2020-04-24,14,10,24,5,4,9,8,7,15,12,12,24,5,6,11,7,8,15,8,11,19,10,11,21,10,15,25,3,3,6,82,87,169,169,184,1.0887573964497042
2020-04-25,9,4,13,4,1,5,3,5,8,8,9,17,4,4,8,5,6,11,6,4,10,7,3,10,9,16,25,5,5,10,60,57,117,117,106,0.905982905982906
2020-04-26,6,15,21,6,6,12,3,4,7,4,2,6,8,5,13,2,3,5,6,7,13,5,7,12,7,7,14,1,3,4,48,59,107,107,93,0.8691588785046729
2020-04-27,11,10,21,6,3,9,6,7,13,4,9,13,3,10,13,10,7,17,7,8,15,20,6,26,11,14,25,3,5,8,81,79,160,160,130,0.8125
2020-04-28,14,7,21,4,5,9,11,9,20,11,9,20,7,9,16,6,8,14,6,8,14,3,12,15,6,14,20,2,4,6,70,85,155,155,121,0.7806451612903226
2020-04-29,17,8,25,6,3,9,11,6,17,18,12,30,11,7,18,8,6,14,4,8,12,9,6,15,3,14,17,5,10,15,92,80,172,172,140,0.813953488372093
2020-04-30,17,10,27,8,1,9,10,5,15,5,7,12,11,9,20,7,12,19,10,8,18,7,10,17,8,17,25,8,7,15,91,86,177,177,142,0.8022598870056498
2020-05-01,1,12,13,6,5,11,1,6,7,9,10,19,10,6,16,6,3,9,11,5,16,7,8,15,8,12,20,0,2,2,59,69,128,128,110,0.859375
2020-05-02,5,15,20,5,7,12,6,2,8,10,5,15,7,5,12,7,2,9,3,4,7,8,1,9,6,12,18,1,3,4,58,56,114,114,114,1.0
2020-05-03,7,5,12,3,2,5,5,5,10,8,6,14,5,5,10,8,2,10,8,7,15,5,9,14,6,8,14,3,5,8,58,54,112,112,93,0.8303571428571429
2020-05-04,17,17,34,5,2,7,8,10,18,9,6,15,5,6,11,9,3,12,8,12,20,14,13,27,8,18,26,2,4,6,85,91,176,176,137,0.7784090909090909
2020-05-05,7,7,14,7,1,8,10,8,18,10,12,22,6,11,17,9,5,14,10,6,16,15,7,22,6,12,18,1,10,11,81,79,160,160,103,0.64375
2020-05-06,12,10,22,3,0,3,11,6,17,16,12,28,14,8,22,5,6,11,9,6,15,19,13,32,6,12,18,4,6,10,99,79,178,178,121,0.6797752808988764
2020-05-07,15,10,25,7,6,13,13,5,18,12,9,21,13,9,22,5,6,11,7,6,13,16,6,22,6,12,18,1,8,9,95,77,172,172,109,0.6337209302325582
2020-05-08,15,11,26,6,4,10,13,8,21,9,14,23,16,9,25,13,5,18,6,11,17,13,9,22,11,12,23,2,12,14,104,95,199,199,210,1.0552763819095476
2020-05-09,16,11,27,4,0,4,4,12,16,5,8,13,7,6,13,4,5,9,7,7,14,11,2,13,5,10,15,5,8,13,68,69,137,137,120,0.8759124087591241
2020-05-10,7,8,15,1,1,2,7,10,17,5,6,11,4,5,9,3,5,8,8,6,14,8,11,19,5,12,17,1,6,7,49,70,119,118,102,0.864406779661017
2020-05-11,13,15,28,6,4,10,6,6,12,12,12,24,10,12,22,8,5,13,11,6,17,13,9,22,12,16,28,4,14,18,95,99,194,194,139,0.7164948453608248
2020-05-12,15,8,23,6,9,15,24,18,42,19,6,25,8,11,19,6,5,11,9,7,16,7,11,18,9,14,23,5,11,16,108,100,208,208,147,0.7067307692307693
2020-05-13,21,12,33,9,7,16,17,9,26,13,21,34,15,7,22,8,8,16,7,8,15,9,7,16,8,14,22,1,9,10,108,102,210,210,177,0.8428571428571429
2020-05-14,18,21,39,9,8,17,12,17,29,19,16,35,11,7,18,5,10,15,10,11,21,9,9,18,9,13,22,2,15,17,104,127,231,231,210,0.9090909090909091
2020-05-15,17,18,35,8,5,13,6,10,16,11,12,23,10,14,24,11,7,18,10,9,19,6,6,12,10,20,30,5,10,15,94,111,205,204,184,0.9019607843137255
2020-05-16,9,14,23,7,5,12,4,9,13,9,13,22,6,7,13,6,7,13,6,5,11,10,5,15,6,4,10,5,14,19,68,83,151,151,204,1.3509933774834437
2020-05-17,13,13,26,3,5,8,9,7,16,7,7,14,8,11,19,4,2,6,6,7,13,6,4,10,10,12,22,4,4,8,70,72,142,142,100,0.704225352112676
2020-05-18,20,19,39,8,9,17,20,20,40,22,16,38,10,15,25,13,9,22,11,13,24,17,14,31,16,13,29,2,11,13,139,139,278,278,218,0.7841726618705036
2020-05-19,16,15,31,13,12,25,25,19,44,31,22,53,24,13,37,15,14,29,13,13,26,10,18,28,11,21,32,3,9,12,161,156,317,317,217,0.6845425867507886
2020-05-20,24,33,57,9,15,24,26,19,45,36,17,53,15,14,29,9,11,20,19,14,33,10,11,21,12,15,27,6,6,12,166,155,321,321,208,0.6479750778816199
2020-05-21,26,28,54,16,6,22,30,20,50,27,20,47,14,17,31,17,11,28,10,6,16,16,9,25,8,16,24,1,4,5,165,137,302,302,158,0.5231788079470199
2020-05-22,28,15,43,12,13,25,26,26,52,18,23,41,16,13,29,12,7,19,5,9,14,11,8,19,6,14,20,6,13,19,140,141,281,281,139,0.49466192170818507
2020-05-23,15,14,29,11,13,24,24,15,39,24,16,40,10,11,21,7,8,15,12,10,22,9,12,21,9,5,14,2,2,4,123,106,229,229,138,0.6026200873362445
2020-05-24,15,18,33,7,7,14,10,8,18,13,10,23,10,4,14,5,4,9,10,5,15,10,7,17,5,11,16,2,6,8,87,80,167,167,122,0.7305389221556886
2020-05-25,24,21,45,16,15,31,20,23,43,11,13,24,15,10,25,6,7,13,5,6,11,12,3,15,9,15,24,2,8,10,120,121,241,241,131,0.5435684647302904
2020-05-26,27,24,51,19,17,36,32,32,64,44,25,69,16,23,39,8,14,22,8,5,13,14,5,19,10,15,25,3,10,13,181,170,351,351,256,0.7293447293447294
2020-05-27,36,28,64,14,14,28,19,23,42,22,15,37,17,10,27,17,12,29,8,7,15,5,12,17,4,16,20,4,2,6,146,139,285,285,216,0.7578947368421053
2020-05-28,25,34,59,17,11,28,23,26,49,19,20,39,24,18,42,11,16,27,10,12,22,10,6,16,14,17,31,4,14,18,157,174,331,331,240,0.7250755287009063
2020-05-29,33,25,58,22,16,38,35,29,64,28,34,62,25,20,45,15,14,29,12,11,23,16,11,27,14,16,30,2,4,6,202,180,382,382,289,0.756544502617801
2020-05-30,25,20,45,14,9,23,33,23,56,34,13,47,12,15,27,10,11,21,6,5,11,10,10,20,8,11,19,1,7,8,153,124,277,276,124,0.4492753623188406
2020-05-31,19,13,32,10,9,19,15,10,25,11,9,20,12,5,17,5,7,12,7,4,11,12,5,17,5,9,14,1,8,9,97,79,176,176,95,0.5397727272727273
2020-06-01,28,23,51,15,14,29,26,34,60,25,30,55,15,17,32,15,12,27,21,13,34,12,8,20,5,10,15,5,4,9,167,165,332,332,226,0.6807228915662651
2020-06-02,36,23,59,19,19,38,30,24,54,20,25,45,17,17,34,10,12,22,16,8,24,21,11,32,6,14,20,4,11,15,179,164,343,343,205,0.597667638483965
2020-06-03,31,17,48,14,24,38,24,26,50,23,34,57,13,21,34,8,10,18,14,13,27,17,11,28,10,16,26,2,9,11,156,181,337,337,188,0.5578635014836796
2020-06-04,25,23,48,18,18,36,29,25,54,17,22,39,16,13,29,21,13,34,10,6,16,19,12,31,10,16,26,3,9,12,168,157,325,324,207,0.6388888888888888
2020-06-05,34,35,69,12,17,29,33,22,55,26,34,60,26,22,48,19,21,40,12,14,26,15,11,26,12,20,32,3,9,12,192,205,397,397,342,0.8614609571788413
2020-06-06,20,20,40,11,11,22,20,16,36,27,25,52,12,12,24,13,7,20,10,9,19,10,10,20,10,17,27,2,9,11,135,136,271,266,186,0.6992481203007519
2020-06-07,13,21,34,12,11,23,17,11,28,16,13,29,14,9,23,10,7,17,7,3,10,8,6,14,11,12,23,2,8,10,110,101,211,208,118,0.5673076923076923
2020-06-08,24,27,51,18,21,39,33,25,58,35,28,63,34,18,52,19,17,36,12,11,23,16,16,32,10,17,27,4,7,11,205,187,392,391,245,0.6265984654731458
2020-06-09,46,26,72,21,22,43,17,33,50,25,28,53,28,19,47,16,7,23,12,6,18,8,15,23,12,26,38,3,11,14,188,193,381,380,324,0.8526315789473684
2020-06-10,21,23,44,13,15,28,36,19,55,26,34,60,27,19,46,20,18,38,17,12,29,20,24,44,6,20,26,6,14,20,192,198,390,390,270,0.6923076923076923
2020-06-11,29,31,60,13,17,30,27,26,53,32,26,58,14,22,36,15,22,37,11,19,30,16,14,30,7,24,31,3,14,17,167,215,382,382,270,0.7068062827225131
2020-06-12,31,39,70,9,23,32,46,29,75,41,44,85,29,30,59,16,16,32,22,16,38,16,14,30,6,20,26,4,9,13,220,240,460,460,303,0.658695652173913
2020-06-13,31,25,56,20,21,41,32,30,62,32,22,54,7,19,26,15,12,27,10,5,15,13,8,21,6,15,21,2,7,9,168,164,332,332,227,0.6837349397590361
2020-06-14,17,23,40,18,16,34,21,19,40,19,14,33,16,11,27,10,15,25,10,4,14,3,12,15,13,21,34,1,8,9,128,143,271,271,188,0.6937269372693727
2020-06-15,23,29,52,22,16,38,25,28,53,19,19,38,19,12,31,12,10,22,12,3,15,12,8,20,7,15,22,2,10,12,153,150,303,303,188,0.6204620462046204
2020-06-16,47,50,97,17,19,36,56,40,96,48,27,75,32,23,55,20,16,36,15,13,28,14,6,20,12,22,34,3,14,17,264,230,494,494,298,0.6032388663967612
2020-06-17,34,33,67,17,24,41,46,32,78,36,42,78,33,19,52,24,15,39,16,12,28,9,19,28,16,15,31,2,9,11,233,220,453,453,371,0.8189845474613686
2020-06-18,42,38,80,13,13,26,50,35,85,49,48,97,37,20,57,30,21,51,20,17,37,11,17,28,16,22,38,2,11,13,270,242,512,512,445,0.869140625
2020-06-19,48,25,73,12,23,35,31,33,64,57,34,91,36,34,70,34,19,53,26,16,42,20,17,37,17,16,33,7,13,20,288,230,518,518,540,1.0424710424710424
2020-06-20,28,28,56,15,19,34,33,22,55,35,25,60,23,26,49,16,18,34,16,14,30,10,9,19,7,15,22,4,5,9,187,181,368,368,212,0.5760869565217391
2020-06-21,29,18,47,16,16,32,25,26,51,20,25,45,16,7,23,13,9,22,8,10,18,9,5,14,6,10,16,1,7,8,143,133,276,276,119,0.4311594202898551
2020-06-22,44,35,79,26,25,51,32,38,70,44,24,68,28,27,55,21,26,47,18,17,35,18,15,33,6,22,28,2,12,14,239,241,480,480,322,0.6708333333333333
2020-06-23,42,37,79,25,29,54,48,36,84,55,42,97,30,32,62,16,32,48,16,19,35,11,11,22,12,15,27,2,6,8,257,259,516,516,305,0.5910852713178295
2020-06-24,32,34,66,27,19,46,42,43,85,37,44,81,31,27,58,21,24,45,11,17,28,10,13,23,14,14,28,2,5,7,227,240,467,467,215,0.4603854389721627
2020-06-25,42,50,92,31,36,67,39,36,75,38,29,67,38,33,71,36,30,66,10,13,23,10,14,24,9,11,20,5,6,11,258,258,516,516,339,0.6569767441860465
2020-06-26,39,27,66,30,22,52,51,38,89,39,40,79,32,30,62,16,22,38,19,17,36,11,15,26,11,19,30,1,9,10,249,239,488,488,241,0.49385245901639346
2020-06-27,47,50,97,27,33,60,35,39,74,32,32,64,27,20,47,19,10,29,16,6,22,3,13,16,7,7,14,4,6,10,217,216,433,433,231,0.5334872979214781
2020-06-28,38,18,56,13,16,29,14,32,46,28,26,54,17,18,35,17,13,30,10,6,16,8,8,16,8,10,18,6,7,13,159,154,313,313,158,0.5047923322683706
2020-06-29,38,43,81,29,34,63,41,40,81,47,31,78,24,24,48,15,30,45,24,10,34,13,16,29,13,15,28,3,7,10,247,250,497,497,280,0.5633802816901409
2020-06-30,27,35,62,10,24,34,48,35,83,33,38,71,32,30,62,27,23,50,20,9,29,18,10,28,7,18,25,2,11,13,224,233,457,456,240,0.5263157894736842
2020-07-01,38,29,67,17,26,43,52,41,93,41,30,71,26,28,54,25,28,53,17,13,30,14,12,26,9,20,29,3,6,9,242,233,475,474,254,0.5358649789029536
2020-07-02,46,47,93,20,28,48,45,45,90,47,42,89,38,28,66,17,22,39,18,9,27,8,13,21,14,12,26,3,5,8,256,251,507,507,201,0.39644970414201186
2020-07-03,47,33,80,28,17,45,40,32,72,47,51,98,25,31,56,21,20,41,19,13,32,10,16,26,9,17,26,4,4,8,250,234,484,484,253,0.5227272727272727
2020-07-04,27,34,61,19,17,36,34,37,71,27,28,55,27,17,44,20,13,33,9,8,17,9,13,22,6,11,17,3,6,9,181,184,365,365,161,0.4410958904109589
2020-07-05,21,29,50,19,12,31,27,33,60,28,29,57,10,21,31,17,16,33,17,14,31,15,14,29,9,14,23,3,8,11,166,190,356,356,170,0.47752808988764045
2020-07-06,28,32,60,19,16,35,42,41,83,55,28,83,33,28,61,30,23,53,22,22,44,18,28,46,10,23,33,3,9,12,260,250,510,510,161,0.3156862745098039
2020-07-07,39,58,97,22,24,46,53,45,98,49,38,87,26,32,58,29,19,48,20,17,37,12,12,24,10,21,31,7,12,19,267,278,545,545,208,0.381651376146789
2020-07-08,40,26,66,27,28,55,53,38,91,36,40,76,44,38,82,21,31,52,17,18,35,16,21,37,12,15,27,4,14,18,270,269,539,539,246,0.45640074211502785
2020-07-09,29,19,48,15,13,28,28,27,55,37,25,62,30,26,56,13,13,26,10,16,26,9,23,32,4,15,19,7,7,14,182,184,366,366,148,0.40437158469945356
2020-07-10,26,21,47,21,22,43,29,29,58,29,29,58,23,21,44,14,14,28,20,16,36,16,12,28,12,16,28,2,11,13,192,191,383,383,142,0.370757180156658
2020-07-11,23,35,58,19,10,29,19,26,45,25,31,56,22,26,48,15,20,35,19,14,33,14,18,32,3,18,21,2,10,12,161,208,369,369,163,0.44173441734417346
2020-07-12,22,17,39,16,9,25,20,19,39,24,15,39,15,12,27,9,10,19,10,10,20,10,6,16,6,11,17,4,6,10,136,115,251,251,93,0.3705179282868526
2020-07-13,28,40,68,24,22,46,42,39,81,39,40,79,38,34,72,27,34,61,32,25,57,20,34,54,12,46,58,2,25,27,264,339,603,603,349,0.5787728026533997
2020-07-14,34,33,67,27,20,47,35,29,64,62,39,101,38,34,72,31,17,48,22,25,47,18,28,46,6,17,23,7,14,21,280,256,536,536,238,0.44402985074626866
2020-07-15,28,39,67,32,23,55,39,59,98,62,52,114,39,42,81,26,31,57,22,23,45,12,19,31,14,15,29,7,5,12,281,308,589,589,240,0.4074702886247878
2020-07-16,45,26,71,19,33,52,46,58,104,54,39,93,36,43,79,27,32,59,18,16,34,16,19,35,18,30,48,2,17,19,281,313,594,594,333,0.5606060606060606
2020-07-17,40,38,78,25,23,48,31,42,73,40,50,90,38,51,89,30,37,67,24,27,51,18,17,35,16,20,36,4,10,14,266,315,581,581,279,0.4802065404475043
2020-07-18,26,25,51,19,14,33,39,35,74,35,41,76,28,33,61,26,23,49,27,20,47,10,11,21,15,21,36,2,6,8,227,229,456,456,256,0.5614035087719298
2020-07-19,29,32,61,12,20,32,26,26,52,26,31,57,24,24,48,24,23,47,13,12,25,14,8,22,11,17,28,2,6,8,181,199,380,380,142,0.3736842105263158
2020-07-20,48,43,91,37,29,66,54,50,104,53,64,117,43,63,106,34,42,76,29,37,66,20,24,44,21,20,41,3,11,14,342,383,725,725,277,0.3820689655172414
2020-07-21,41,33,74,25,23,48,51,43,94,61,49,110,43,40,83,34,35,69,27,29,56,21,25,46,13,26,39,5,10,15,321,313,634,634,245,0.3864353312302839
2020-07-22,57,35,92,23,25,48,70,53,123,59,56,115,52,43,95,31,32,63,16,23,39,25,20,45,13,32,45,1,10,11,347,329,676,676,272,0.40236686390532544
2020-07-23,48,40,88,24,27,51,56,53,109,55,60,115,36,35,71,31,27,58,18,25,43,17,21,38,8,21,29,6,9,15,299,318,617,617,345,0.5591572123176661
2020-07-24,33,38,71,23,22,45,60,51,111,54,67,121,44,38,82,30,25,55,30,14,44,12,23,35,12,25,37,2,14,16,300,317,617,617,303,0.49108589951377635
2020-07-25,34,32,66,27,14,41,38,43,81,45,44,89,30,31,61,13,13,26,15,18,33,13,13,26,11,17,28,5,4,9,231,229,460,460,246,0.5347826086956522
2020-07-26,30,29,59,15,14,29,23,20,43,25,28,53,32,14,46,18,18,36,12,11,23,14,11,25,7,16,23,5,6,11,181,167,348,348,178,0.5114942528735632
2020-07-27,30,39,69,28,25,53,51,44,95,55,45,100,46,48,94,30,41,71,26,25,51,18,21,39,17,20,37,5,19,24,306,327,633,633,277,0.43759873617693523
2020-07-28,40,36,76,24,23,47,67,73,140,57,45,102,43,45,88,40,42,82,33,29,62,14,29,43,10,26,36,5,20,25,333,368,701,701,281,0.4008559201141227
2020-07-29,40,39,79,26,31,57,63,53,116,58,54,112,57,49,106,33,45,78,26,33,59,23,23,46,18,29,47,5,24,29,349,380,729,729,292,0.40054869684499317
2020-07-30,48,38,86,34,37,71,84,66,150,67,64,131,58,44,102,44,42,86,24,29,53,16,18,34,8,19,27,1,6,7,384,363,747,747,328,0.4390896921017403
2020-07-31,39,45,84,19,28,47,54,70,124,76,67,143,51,39,90,39,38,77,23,33,56,21,26,47,11,28,39,6,18,24,339,392,731,731,341,0.466484268125855
2020-08-01,28,29,57,16,26,42,29,41,70,34,44,78,29,40,69,30,27,57,20,8,28,20,16,36,12,22,34,1,11,12,219,264,483,483,242,0.5010351966873706
2020-08-02,35,27,62,18,18,36,30,23,53,34,34,68,23,36,59,20,25,45,12,18,30,7,17,24,12,15,27,2,7,9,193,220,413,413,182,0.4406779661016949
2020-08-03,47,51,98,29,31,60,54,53,107,58,48,106,38,51,89,30,33,63,31,24,55,11,21,32,14,33,47,4,14,18,316,359,675,675,330,0.4888888888888889
2020-08-04,48,35,83,33,36,69,68,46,114,68,55,123,57,42,99,40,35,75,26,22,48,17,23,40,17,31,48,5,15,20,379,340,719,719,337,0.46870653685674546
2020-08-05,44,44,88,35,25,60,58,44,102,49,59,108,37,41,78,39,44,83,29,29,58,23,21,44,16,20,36,3,8,11,333,335,668,668,464,0.6946107784431138
2020-08-06,44,33,77,25,38,63,58,60,118,58,64,122,54,56,110,34,44,78,27,22,49,19,21,40,16,24,40,5,13,18,340,375,715,714,396,0.5546218487394958
2020-08-07,53,43,96,29,27,56,59,60,119,63,53,116,43,61,104,40,27,67,19,26,45,20,30,50,13,37,50,5,23,28,344,387,731,731,324,0.4432284541723666
2020-08-08,37,31,68,20,20,40,37,37,74,62,56,118,36,40,76,31,32,63,20,20,40,13,24,37,11,21,32,1,20,21,268,301,569,569,180,0.3163444639718805
2020-08-09,30,31,61,16,13,29,31,35,66,40,35,75,29,40,69,29,33,62,19,19,38,15,22,37,16,46,62,4,17,21,229,291,520,520,179,0.34423076923076923
2020-08-10,53,40,93,32,28,60,68,59,127,69,51,120,54,54,108,37,37,74,20,19,39,16,26,42,13,20,33,4,11,15,366,345,711,711,274,0.3853727144866385
2020-08-11,43,39,82,38,25,63,66,63,129,81,67,148,61,60,121,43,42,85,30,27,57,24,31,55,15,27,42,7,12,19,408,393,801,801,347,0.4332084893882647
2020-08-12,39,45,84,38,31,69,55,76,131,52,90,142,56,58,114,37,42,79,28,26,54,16,27,43,11,20,31,5,16,21,337,431,768,768,275,0.3580729166666667
2020-08-13,28,41,69,41,27,68,77,76,153,87,91,178,54,56,110,51,45,96,21,34,55,28,18,46,11,26,37,4,15,19,402,429,831,831,291,0.35018050541516244
2020-08-14,28,31,59,21,27,48,85,82,167,66,73,139,67,49,116,44,45,89,32,30,62,23,31,54,13,21,34,3,12,15,382,401,783,783,322,0.4112388250319285
2020-08-15,45,25,70,35,28,63,47,54,101,54,62,116,29,53,82,30,29,59,24,22,46,15,32,47,9,45,54,4,17,21,292,367,659,659,247,0.37481031866464337
2020-08-16,34,21,55,15,11,26,47,40,87,38,41,79,21,33,54,21,22,43,12,23,35,16,16,32,9,32,41,4,22,26,217,261,478,477,196,0.4109014675052411
2020-08-17,29,18,47,24,21,45,51,50,101,55,56,111,42,46,88,34,47,81,16,36,52,16,15,31,9,20,29,0,13,13,276,322,598,598,244,0.4080267558528428
2020-08-18,48,43,91,33,16,49,58,57,115,82,74,156,49,44,93,31,62,93,21,34,55,23,28,51,9,18,27,0,17,17,354,393,747,747,242,0.32396251673360105
2020-08-19,50,38,88,25,29,54,53,71,124,68,65,133,44,51,95,39,35,74,19,30,49,18,30,48,13,38,51,4,16,20,333,403,736,736,238,0.3233695652173913
2020-08-20,28,31,59,25,24,49,63,66,129,51,65,116,33,47,80,35,34,69,27,31,58,14,21,35,16,22,38,3,13,16,295,354,649,649,263,0.4052388289676425
2020-08-21,28,46,74,35,26,61,51,61,112,65,74,139,55,51,106,43,50,93,34,34,68,24,38,62,15,35,50,5,9,14,355,424,779,779,346,0.4441591784338896
2020-08-22,17,19,36,29,20,49,42,38,80,40,60,100,39,33,72,24,23,47,28,24,52,15,23,38,10,14,24,3,15,18,247,269,516,516,244,0.4728682170542636
2020-08-23,27,33,60,16,16,32,28,28,56,35,40,75,28,25,53,24,30,54,18,19,37,10,22,32,12,7,19,5,4,9,203,224,427,427,130,0.3044496487119438
2020-08-24,51,48,99,25,28,53,54,70,124,64,62,126,52,62,114,51,37,88,27,34,61,20,26,46,16,22,38,5,18,23,365,407,772,772,317,0.4106217616580311
2020-08-25,30,39,69,34,24,58,59,78,137,72,83,155,46,47,93,35,46,81,22,31,53,15,19,34,16,31,47,6,15,21,335,413,748,748,299,0.3997326203208556
2020-08-26,48,25,73,29,34,63,74,69,143,68,62,130,47,59,106,39,42,81,30,26,56,22,28,50,17,29,46,3,15,18,377,389,766,766,297,0.3877284595300261
2020-08-27,47,34,81,40,37,77,79,68,147,75,69,144,60,63,123,47,40,87,21,32,53,26,26,52,17,32,49,5,21,26,417,422,839,839,297,0.3539928486293206
2020-08-28,41,38,79,46,29,75,87,85,172,70,76,146,61,64,125,48,62,110,27,38,65,30,27,57,12,21,33,4,9,13,426,449,875,875,371,0.424
2020-08-29,31,19,50,16,18,34,62,53,115,49,74,123,49,45,94,32,33,65,30,22,52,18,19,37,10,24,34,3,16,19,300,323,623,623,332,0.5329052969502408
2020-08-30,24,33,57,26,19,45,47,39,86,50,36,86,41,41,82,29,29,58,17,23,40,13,18,31,7,13,20,3,5,8,257,256,513,513,152,0.2962962962962963
2020-08-31,41,30,71,34,29,63,70,63,133,59,68,127,56,60,116,31,38,69,30,39,69,28,30,58,20,40,60,2,14,16,371,411,782,782,437,0.5588235294117647
2020-09-01,41,42,83,28,45,73,69,72,141,92,81,173,67,44,111,35,60,95,23,27,50,17,28,45,14,43,57,7,15,22,393,457,850,849,335,0.3945818610129564
2020-09-02,37,26,63,25,23,48,50,68,118,58,80,138,51,43,94,38,41,79,19,24,43,27,25,52,17,29,46,4,29,33,326,388,714,714,370,0.5182072829131653
2020-09-03,38,31,69,37,30,67,76,80,156,96,83,179,59,57,116,43,36,79,26,33,59,20,25,45,13,28,41,4,9,13,412,412,824,824,358,0.4344660194174757
2020-09-04,39,43,82,31,34,65,64,67,131,74,79,153,60,75,135,34,44,78,34,42,76,26,26,52,14,26,40,4,16,20,380,452,832,832,361,0.4338942307692308
2020-09-05,30,25,55,19,14,33,53,50,103,58,74,132,42,59,101,26,37,63,30,29,59,18,18,36,16,20,36,2,7,9,294,333,627,627,368,0.5869218500797448
2020-09-06,27,27,54,16,17,33,24,41,65,38,38,76,31,33,64,18,30,48,16,25,41,10,22,32,13,17,30,1,9,10,194,259,453,453,190,0.4194260485651214
2020-09-07,31,34,65,28,33,61,74,81,155,79,75,154,54,66,120,40,61,101,41,34,75,16,25,41,14,32,46,7,15,22,384,456,840,840,360,0.42857142857142855
2020-09-08,35,33,68,32,30,62,67,70,137,84,80,164,56,56,112,50,56,106,32,44,76,30,29,59,18,25,43,6,22,28,410,445,855,855,395,0.4619883040935672
2020-09-09,41,32,73,26,37,63,71,64,135,69,70,139,59,55,114,48,49,97,32,44,76,23,30,53,15,37,52,1,19,20,385,437,822,822,420,0.5109489051094891
2020-09-10,35,21,56,37,28,65,83,76,159,87,92,179,73,60,133,41,50,91,28,29,57,24,26,50,12,35,47,2,16,18,422,433,855,855,423,0.49473684210526314
2020-09-11,36,35,71,46,28,74,65,60,125,68,85,153,55,66,121,46,64,110,38,33,71,26,29,55,18,28,46,3,10,13,401,438,839,839,421,0.5017878426698451
2020-09-12,25,23,48,21,24,45,39,40,79,40,57,97,30,40,70,31,39,70,29,28,57,22,24,46,12,32,44,2,13,15,251,320,571,571,293,0.5131348511383538
2020-09-13,31,25,56,14,13,27,40,48,88,42,56,98,24,30,54,29,28,57,30,27,57,14,11,25,3,14,17,5,9,14,232,261,493,493,189,0.38336713995943206
2020-09-14,37,39,76,31,32,63,66,88,154,73,72,145,49,61,110,56,56,112,42,44,86,28,30,58,18,19,37,2,10,12,402,451,853,853,372,0.4361078546307151
2020-09-15,43,29,72,24,17,41,65,47,112,66,92,158,48,51,99,34,46,80,38,41,79,23,36,59,15,35,50,1,13,14,357,407,764,764,396,0.518324607329843
2020-09-16,52,41,93,46,45,91,79,90,169,64,85,149,61,61,122,41,48,89,34,38,72,23,21,44,16,31,47,3,11,14,419,471,890,890,314,0.35280898876404493
2020-09-17,38,33,71,30,44,74,62,66,128,63,70,133,59,74,133,53,60,113,40,41,81,28,28,56,16,19,35,3,4,7,392,439,831,831,390,0.4693140794223827
2020-09-18,43,46,89,25,41,66,64,77,141,88,97,185,48,59,107,39,47,86,30,47,77,33,28,61,13,24,37,3,12,15,386,478,864,864,368,0.42592592592592593
2020-09-19,16,36,52,17,29,46,33,34,67,38,50,88,29,29,58,23,21,44,33,27,60,19,22,41,15,20,35,3,7,10,226,275,501,501,232,0.4630738522954092
2020-09-20,27,31,58,28,29,57,33,36,69,41,33,74,29,32,61,20,28,48,13,21,34,22,17,39,4,18,22,3,8,11,220,253,473,473,127,0.26849894291754756
2020-09-21,36,39,75,30,38,68,64,54,118,63,80,143,48,57,105,41,36,77,36,37,73,27,28,55,11,16,27,1,10,11,357,395,752,752,321,0.42686170212765956
2020-09-22,48,43,91,40,45,85,64,81,145,68,70,138,59,41,100,50,49,99,38,28,66,27,33,60,13,34,47,3,13,16,410,437,847,847,297,0.35064935064935066
2020-09-23,48,36,84,25,29,54,48,77,125,62,75,137,46,55,101,39,43,82,35,37,72,20,37,57,11,25,36,2,12,14,336,426,762,762,258,0.33858267716535434
2020-09-24,49,44,93,38,38,76,76,64,140,82,79,161,58,56,114,36,40,76,17,55,72,18,28,46,23,25,48,7,23,30,404,452,856,856,323,0.3773364485981308
2020-09-25,42,29,71,32,28,60,62,67,129,63,62,125,59,53,112,37,44,81,36,43,79,21,27,48,19,25,44,0,11,11,371,389,760,760,367,0.48289473684210527
2020-09-26,25,22,47,27,23,50,41,39,80,48,40,88,38,39,77,26,42,68,26,22,48,19,16,35,10,19,29,6,9,15,266,271,537,537,205,0.3817504655493482
2020-09-27,27,31,58,17,26,43,44,49,93,33,41,74,40,32,72,29,31,60,23,20,43,6,18,24,9,14,23,2,6,8,230,268,498,498,160,0.321285140562249
2020-09-28,40,29,69,31,31,62,57,56,113,71,69,140,69,46,115,57,59,116,49,28,77,22,30,52,17,27,44,4,20,24,417,395,812,812,344,0.4236453201970443
2020-09-29,50,42,92,38,46,84,80,59,139,90,85,175,64,54,118,41,44,85,43,49,92,32,50,82,23,38,61,2,24,26,463,491,954,954,271,0.2840670859538784
2020-09-30,46,40,86,34,39,73,71,79,150,71,67,138,54,52,106,45,52,97,38,50,88,31,30,61,10,24,34,5,9,14,405,442,847,847,334,0.39433293978748524
2020-10-01,45,54,99,31,58,89,77,90,167,84,83,167,46,67,113,46,42,88,42,43,85,29,50,79,14,19,33,4,10,14,418,516,934,934,370,0.3961456102783726
2020-10-02,61,56,117,35,39,74,64,84,148,64,85,149,48,66,114,51,42,93,45,40,85,30,41,71,14,35,49,4,17,21,416,505,921,921,465,0.504885993485342
2020-10-03,26,28,54,25,33,58,51,49,100,48,50,98,39,37,76,35,28,63,19,28,47,21,19,40,7,19,26,3,7,10,274,298,572,572,243,0.42482517482517484
2020-10-04,32,32,64,24,24,48,43,44,87,33,37,70,38,35,73,28,26,54,20,21,41,14,16,30,9,25,34,3,3,6,244,263,507,507,234,0.46153846153846156
2020-10-05,25,41,66,31,30,61,59,61,120,89,77,166,81,55,136,50,52,102,59,38,97,32,47,79,21,28,49,3,7,10,450,436,886,886,413,0.46613995485327314
2020-10-06,35,53,88,41,38,79,66,59,125,80,70,150,81,51,132,53,46,99,36,42,78,31,37,68,18,28,46,6,11,17,447,435,882,882,324,0.3673469387755102
2020-10-07,49,35,84,26,32,58,74,76,150,84,91,175,59,65,124,40,64,104,42,47,89,31,34,65,18,30,48,8,6,14,431,480,911,911,301,0.33040614709110866
2020-10-08,47,37,84,39,30,69,71,77,148,71,82,153,60,62,122,44,55,99,37,37,74,28,38,66,15,28,43,5,24,29,417,470,887,887,417,0.4701240135287486
2020-10-09,37,49,86,53,46,99,58,91,149,89,107,196,57,72,129,49,64,113,38,46,84,27,41,68,12,27,39,4,14,18,424,557,981,981,595,0.6065239551478083
2020-10-10,25,34,59,34,27,61,61,60,121,62,65,127,45,55,100,35,51,86,37,32,69,15,30,45,18,22,40,9,13,22,341,389,730,730,434,0.5945205479452055
2020-10-11,32,29,61,21,21,42,45,62,107,57,66,123,51,45,96,36,29,65,37,37,74,18,31,49,15,24,39,2,9,11,314,353,667,667,400,0.5997001499250375
2020-10-12,31,36,67,44,38,82,78,85,163,77,85,162,61,75,136,52,76,128,55,43,98,39,46,85,24,47,71,2,20,22,463,551,1014,1014,408,0.40236686390532544
2020-10-13,64,53,117,59,46,105,120,116,236,112,135,247,76,92,168,82,96,178,61,56,117,40,57,97,28,51,79,8,24,32,650,726,1376,1376,556,0.40406976744186046
2020-10-14,51,50,101,40,57,97,100,124,224,108,127,235,72,91,163,65,75,140,54,52,106,52,57,109,22,34,56,0,19,19,564,686,1250,1250,558,0.4464
2020-10-15,49,47,96,54,56,110,117,121,238,133,137,270,106,118,224,80,90,170,66,73,139,36,56,92,19,40,59,8,15,23,668,753,1421,1421,535,0.3764954257565095
2020-10-16,67,46,113,51,69,120,143,160,303,143,118,261,114,116,230,85,97,182,60,67,127,43,59,102,27,50,77,3,35,38,736,817,1553,1553,631,0.4063103670315518
2020-10-17,30,33,63,33,42,75,97,87,184,91,108,199,77,85,162,43,55,98,42,55,97,41,41,82,14,34,48,4,15,19,472,555,1027,1027,460,0.44790652385589097
2020-10-18,26,31,57,26,29,55,39,55,94,63,79,142,34,54,88,42,39,81,29,27,56,23,39,62,12,39,51,1,12,13,295,404,699,699,379,0.542203147353362
2020-10-19,77,57,134,51,66,117,127,155,282,142,162,304,134,145,279,93,92,185,83,80,163,52,65,117,26,47,73,3,15,18,788,884,1672,1672,854,0.5107655502392344
2020-10-20,59,67,126,64,64,128,149,139,288,131,143,274,110,138,248,87,94,181,71,67,138,40,52,92,34,48,82,1,23,24,746,835,1581,1581,1083,0.6850094876660342
2020-10-21,46,34,80,78,54,132,103,144,247,106,109,215,92,94,186,75,63,138,62,55,117,35,48,83,21,48,69,3,20,23,621,669,1290,1290,783,0.6069767441860465
2020-10-22,45,39,84,67,76,143,93,112,205,89,106,195,89,103,192,66,81,147,45,57,102,31,41,72,25,40,65,6,22,28,556,677,1233,1233,867,0.7031630170316302
2020-10-23,38,33,71,50,41,91,79,93,172,79,100,179,63,90,153,60,56,116,46,61,107,42,41,83,25,19,44,5,25,30,487,559,1046,1046,828,0.7915869980879541
2020-10-24,20,26,46,23,37,60,64,50,114,50,60,110,47,50,97,37,39,76,24,34,58,28,29,57,8,23,31,5,13,18,306,361,667,667,601,0.9010494752623688
2020-10-25,40,31,71,22,28,50,64,68,132,61,92,153,50,52,102,49,57,106,34,33,67,26,34,60,8,19,27,4,3,7,358,417,775,775,714,0.9212903225806451
2020-10-26,48,42,90,66,51,117,92,109,201,108,126,234,73,106,179,71,87,158,47,57,104,40,54,94,17,47,64,5,20,25,567,699,1266,1266,1094,0.8641390205371248
2020-10-27,41,49,90,46,44,90,116,124,240,102,101,203,103,88,191,72,98,170,67,84,151,44,56,100,17,28,45,3,10,13,611,682,1293,1293,1108,0.8569218870843001
2020-10-28,47,47,94,44,43,87,86,122,208,108,111,219,62,81,143,70,80,150,57,54,111,34,36,70,12,34,46,4,14,18,524,622,1146,1146,926,0.8080279232111692
2020-10-29,37,35,72,40,48,88,122,106,228,124,122,246,78,92,170,54,67,121,54,60,114,29,33,62,18,29,47,2,8,10,558,600,1158,1158,1114,0.9620034542314335
2020-10-30,43,28,71,35,51,86,85,126,211,102,111,213,78,78,156,50,64,114,48,57,105,24,35,59,19,30,49,5,17,22,489,597,1086,1086,859,0.7909760589318601
2020-10-31,31,23,54,22,28,50,55,61,116,58,79,137,42,57,99,38,38,76,33,40,73,22,25,47,9,15,24,3,4,7,313,370,683,683,581,0.8506588579795022
2020-11-01,45,36,81,30,50,80,64,77,141,67,86,153,69,58,127,42,58,100,36,52,88,28,28,56,10,21,31,3,6,9,394,472,866,866,727,0.8394919168591224
2020-11-02,43,47,90,45,54,99,98,118,216,112,102,214,76,92,168,71,70,141,65,63,128,36,37,73,18,28,46,3,13,16,567,624,1191,1191,968,0.8127623845507976
2020-11-03,37,32,69,31,33,64,81,95,176,85,82,167,64,46,110,55,56,111,44,44,88,38,33,71,20,36,56,2,12,14,457,469,926,926,681,0.7354211663066955
2020-11-04,41,44,85,42,52,94,125,126,251,102,117,219,107,110,217,71,82,153,70,61,131,44,42,86,22,43,65,11,13,24,635,690,1325,1325,772,0.5826415094339623
2020-11-05,50,44,94,72,67,139,141,127,268,136,129,265,111,104,215,88,101,189,49,66,115,39,41,80,20,30,50,3,14,17,709,723,1432,1432,960,0.6703910614525139
2020-11-06,34,41,75,30,46,76,75,82,157,65,85,150,47,58,105,55,58,113,39,50,89,31,44,75,14,30,44,4,9,13,394,503,897,897,736,0.8205128205128205
2020-11-07,33,36,69,33,41,74,56,77,133,54,86,140,55,60,115,45,62,107,44,46,90,30,32,62,23,20,43,7,5,12,380,465,845,845,643,0.7609467455621302
2020-11-08,45,50,95,38,40,78,71,65,136,69,90,159,57,69,126,39,50,89,46,47,93,31,33,64,10,19,29,4,4,8,410,467,877,877,718,0.8187001140250855
2020-11-09,61,56,117,71,45,116,91,120,211,111,141,252,85,98,183,84,78,162,61,66,127,25,42,67,27,40,67,3,10,13,619,696,1315,1315,1029,0.782509505703422
2020-11-10,42,35,77,44,42,86,88,83,171,103,105,208,68,66,134,56,60,116,64,47,111,36,35,71,24,29,53,4,11,15,529,513,1042,1042,692,0.6641074856046065
2020-11-11,49,40,89,41,47,88,99,107,206,99,99,198,87,81,168,64,79,143,45,42,87,38,35,73,20,38,58,4,18,22,546,586,1132,1132,792,0.6996466431095406
2020-11-12,54,39,93,47,44,91,86,123,209,120,119,239,96,96,192,74,58,132,48,75,123,43,46,89,21,38,59,3,12,15,592,650,1242,1242,800,0.644122383252818
2020-11-13,49,33,82,52,45,97,95,119,214,89,108,197,81,80,161,65,64,129,66,66,132,38,43,81,21,33,54,4,15,19,560,606,1166,1166,771,0.6612349914236707
2020-11-14,58,42,100,32,30,62,61,75,136,78,88,166,46,66,112,44,49,93,51,29,80,26,38,64,9,22,31,4,4,8,409,443,852,852,621,0.7288732394366197
2020-11-15,43,47,90,44,28,72,70,93,163,85,72,157,69,69,138,49,60,109,45,51,96,28,33,61,8,25,33,0,14,14,441,492,933,933,695,0.744908896034298
2020-11-16,47,55,102,52,39,91,78,96,174,86,95,181,87,76,163,41,66,107,48,57,105,38,41,79,17,30,47,5,21,26,499,576,1075,1075,671,0.6241860465116279
2020-11-17,51,55,106,58,53,111,112,113,225,127,126,253,94,98,192,63,68,131,68,77,145,46,54,100,9,37,46,1,9,10,629,690,1319,1319,918,0.6959818043972706
2020-11-18,49,50,99,66,51,117,114,119,233,142,126,268,86,81,167,63,65,128,51,50,101,48,47,95,16,44,60,2,10,12,637,643,1280,1280,897,0.70078125
2020-11-19,50,38,88,67,63,130,111,132,243,107,143,250,75,88,163,69,79,148,63,64,127,40,40,80,21,36,57,3,10,13,606,693,1299,1299,938,0.7220939183987682
2020-11-20,51,44,95,45,45,90,97,110,207,105,108,213,66,83,149,65,65,130,56,52,108,28,33,61,19,28,47,4,12,16,536,580,1116,1116,811,0.7267025089605734
2020-11-21,38,34,72,32,40,72,60,72,132,74,70,144,56,63,119,41,48,89,37,39,76,23,20,43,11,13,24,3,12,15,375,411,786,786,663,0.8435114503816794
2020-11-22,33,30,63,32,31,63,58,61,119,51,71,122,57,54,111,30,31,61,32,46,78,24,17,41,10,22,32,1,8,9,328,371,699,699,545,0.7796852646638054
2020-11-23,51,46,97,40,39,79,74,79,153,87,83,170,69,63,132,46,47,93,43,47,90,23,34,57,18,29,47,6,12,18,457,479,936,936,752,0.8034188034188035
2020-11-24,46,54,100,56,53,109,93,100,193,123,102,225,92,80,172,66,69,135,60,56,116,33,47,80,25,34,59,2,6,8,596,601,1197,1197,920,0.7685881370091896
2020-11-25,61,52,113,62,51,113,112,106,218,118,119,237,80,76,156,59,55,114,59,55,114,24,42,66,20,30,50,5,9,14,600,595,1195,1195,820,0.6861924686192469
2020-11-26,46,52,98,63,62,125,110,117,227,111,130,241,68,100,168,70,70,140,66,58,124,36,46,82,16,32,48,9,12,21,595,679,1274,1274,919,0.7213500784929356
2020-11-27,26,40,66,39,33,72,94,109,203,79,101,180,62,43,105,57,59,116,42,45,87,31,35,66,14,35,49,5,5,10,449,505,954,954,685,0.7180293501048218
2020-11-28,52,28,80,37,36,73,81,73,154,56,79,135,53,63,116,60,52,112,28,35,63,26,36,62,11,30,41,2,3,5,406,435,841,841,580,0.6896551724137931
2020-11-29,39,40,79,28,47,75,88,84,172,75,95,170,74,59,133,46,51,97,47,46,93,25,28,53,16,15,31,1,6,7,439,471,910,910,699,0.7681318681318682
2020-11-30,60,52,112,63,46,109,137,154,291,123,126,249,104,99,203,61,76,137,63,79,142,44,52,96,19,33,52,7,8,15,681,725,1406,1405,982,0.698932384341637
2020-12-01,45,49,94,43,59,102,125,119,244,100,125,225,87,97,184,40,65,105,59,77,136,42,46,88,19,30,49,2,3,5,562,670,1232,1232,797,0.6469155844155844
2020-12-02,28,21,49,34,39,73,76,83,159,63,90,153,63,78,141,44,48,92,35,35,70,31,33,64,14,18,32,5,10,15,393,455,848,848,332,0.3915094339622642
2020-12-03,40,48,88,48,48,96,91,135,226,115,128,243,91,90,181,66,61,127,59,68,127,38,33,71,14,25,39,2,9,11,564,645,1209,1209,281,0.23242349048800662
2020-12-04,43,49,92,51,56,107,99,96,195,101,111,212,80,94,174,68,80,148,57,73,130,40,42,82,18,33,51,7,9,16,564,643,1207,1207,398,0.32974316487158245
2020-12-05,36,35,71,42,38,80,85,80,165,94,69,163,55,54,109,37,43,80,35,34,69,20,22,42,11,21,32,5,8,13,420,404,824,824,416,0.5048543689320388
2020-12-06,34,35,69,36,26,62,63,60,123,61,54,115,43,61,104,33,39,72,32,33,65,27,29,56,16,16,32,1,3,4,346,356,702,702,276,0.39316239316239315
2020-12-07,24,39,63,47,34,81,93,97,190,73,82,155,58,69,127,41,47,88,29,36,65,26,38,64,13,19,32,4,6,10,408,467,875,875,242,0.2765714285714286
2020-12-08,35,44,79,29,35,64,82,89,171,84,84,168,54,51,105,54,55,109,43,41,84,21,40,61,7,19,26,4,4,8,413,462,875,875,272,0.31085714285714283
2020-12-09,45,40,85,44,53,97,135,149,284,144,149,293,118,97,215,103,105,208,89,81,170,44,65,109,17,33,50,3,17,20,742,789,1531,1531,483,0.3154800783801437
2020-12-10,51,44,95,79,87,166,157,177,334,165,190,355,118,126,244,119,119,238,97,89,186,41,37,78,18,44,62,6,10,16,851,923,1774,1774,365,0.20574971815107101
2020-12-11,41,46,87,61,64,125,169,190,359,178,187,365,128,133,261,116,132,248,104,114,218,53,60,113,20,28,48,2,8,10,872,962,1834,1834,348,0.18974918211559433
2020-12-12,42,39,81,65,55,120,129,140,269,131,160,291,133,121,254,106,99,205,71,108,179,41,57,98,11,24,35,2,8,10,731,811,1542,1542,377,0.2444876783398184
2020-12-13,40,31,71,51,64,115,101,128,229,123,144,267,101,108,209,107,99,206,76,64,140,40,32,72,10,24,34,6,5,11,655,699,1354,1354,224,0.1654357459379616
2020-12-14,64,46,110,61,59,120,162,164,326,172,171,343,122,131,253,117,122,239,100,112,212,56,66,122,21,32,53,9,12,21,884,915,1799,1799,452,0.25125069483046136
2020-12-15,44,43,87,66,69,135,129,166,295,164,164,328,115,110,225,115,130,245,107,109,216,52,51,103,13,18,31,1,13,14,806,873,1679,1678,378,0.22526817640047675
2020-12-16,32,42,74,73,96,169,167,203,370,213,229,442,150,172,322,146,134,280,133,126,259,70,70,140,20,22,42,4,12,16,1008,1106,2114,2114,432,0.2043519394512772
2020-12-17,53,57,110,84,76,160,167,210,377,234,256,490,172,171,343,137,137,274,67,103,170,54,48,102,12,24,36,2,7,9,982,1089,2071,2071,450,0.2172863351038146
2020-12-18,71,50,121,101,121,222,202,227,429,237,255,492,178,191,369,150,167,317,177,163,340,94,84,178,16,49,65,4,8,12,1230,1315,2545,2545,607,0.23850687622789785
2020-12-19,51,39,90,80,85,165,146,186,332,250,250,500,153,162,315,130,134,264,118,147,265,55,68,123,17,26,43,2,5,7,1002,1102,2104,2104,533,0.25332699619771865
2020-12-20,45,57,102,88,94,182,166,172,338,237,245,482,175,187,362,158,170,328,127,126,253,63,54,117,13,16,29,3,8,11,1075,1129,2204,2204,303,0.13747731397459165
2020-12-21,67,66,133,107,80,187,232,221,453,274,293,567,216,199,415,165,171,336,145,162,307,73,84,157,13,43,56,5,6,11,1297,1325,2622,2622,488,0.18611746758199849
2020-12-22,65,70,135,115,113,228,246,265,511,304,341,645,236,219,455,180,171,351,173,180,353,78,64,142,20,33,53,4,5,9,1421,1461,2882,2882,512,0.17765440666204024
2020-12-23,67,73,140,133,101,234,265,275,540,311,299,610,211,242,453,178,158,336,135,154,289,67,66,133,28,38,66,7,15,22,1402,1421,2823,2823,556,0.1969535954658165
2020-12-24,35,43,78,57,74,131,153,150,303,189,169,358,135,118,253,78,93,171,69,92,161,44,40,84,5,22,27,3,5,8,768,806,1574,1574,433,0.27509529860228715
2020-12-25,21,17,38,24,26,50,43,30,73,48,61,109,30,29,59,25,33,58,15,24,39,14,9,23,7,16,23,3,4,7,230,249,479,479,299,0.6242171189979123
2020-12-26,57,43,100,117,133,250,184,235,419,296,273,569,182,220,402,157,157,314,91,122,213,50,63,113,19,31,50,1,13,14,1154,1290,2444,2444,495,0.20253682487725042
2020-12-27,37,34,71,147,131,278,206,178,384,285,258,543,240,224,464,169,189,358,147,141,288,60,80,140,25,35,60,3,11,14,1319,1281,2600,2600,282,0.10846153846153846
2020-12-28,72,66,138,172,178,350,319,330,649,428,412,840,289,313,602,219,246,465,152,185,337,69,88,157,27,47,74,3,16,19,1750,1881,3631,3631,544,0.14982098595428256
2020-12-29,64,59,123,158,169,327,302,322,624,326,302,628,276,277,553,182,177,359,144,170,314,78,94,172,24,52,76,9,15,24,1563,1637,3200,3200,507,0.1584375
2020-12-30,64,53,117,180,190,370,314,292,606,400,359,759,263,283,546,203,249,452,149,160,309,82,85,167,26,44,70,3,12,15,1684,1727,3411,3410,716,0.2099706744868035
2020-12-31,45,45,90,131,116,247,236,227,463,228,276,504,188,215,403,140,136,276,67,87,154,40,57,97,13,29,42,1,7,8,1089,1195,2284,2284,449,0.19658493870402802
2021-01-01,19,15,34,26,28,54,40,50,90,46,59,105,42,37,79,37,37,74,20,23,43,17,17,34,5,16,21,1,4,5,253,286,539,539,232,0.43042671614100186
2021-01-02,57,45,102,117,130,247,207,219,426,251,266,517,183,204,387,128,181,309,151,141,292,66,69,135,14,38,52,3,8,11,1177,1301,2478,2478,465,0.18765133171912832
2021-01-03,40,41,81,181,173,354,303,333,636,405,390,795,268,324,592,196,250,446,182,189,371,78,102,180,23,37,60,3,6,9,1679,1845,3524,3524,384,0.10896708286038592
2021-01-04,58,56,114,147,140,287,393,422,815,416,457,873,318,337,655,206,256,462,173,172,345,93,96,189,34,62,96,4,12,16,1842,2010,3852,3852,553,0.14356178608515058
2021-01-05,50,62,112,188,175,363,397,449,846,448,471,919,338,334,672,224,269,493,181,265,446,98,110,208,27,59,86,5,12,17,1956,2206,4162,4161,577,0.13866858928142273
2021-01-06,57,55,112,201,185,386,410,397,807,427,412,839,348,341,689,257,273,530,189,218,407,100,119,219,31,58,89,4,20,24,2024,2078,4102,4101,592,0.14435503535722993
2021-01-07,54,52,106,146,170,316,307,331,638,360,346,706,266,252,518,180,219,399,155,173,328,80,112,192,27,52,79,2,10,12,1577,1717,3294,3294,585,0.17759562841530055
2021-01-08,64,51,115,158,187,345,344,331,675,303,362,665,215,295,510,182,206,388,119,155,274,71,106,177,28,37,65,7,9,16,1491,1739,3230,3229,668,0.20687519355837722
2021-01-09,38,48,86,133,169,302,249,310,559,347,362,709,234,269,503,180,199,379,122,173,295,54,74,128,22,39,61,0,12,12,1379,1655,3034,3032,490,0.1616094986807388
2021-01-10,50,51,101,155,171,326,264,285,549,298,360,658,231,259,490,171,202,373,131,117,248,43,75,118,12,32,44,1,13,14,1356,1565,2921,2921,337,0.11537144813420061
2021-01-11,63,46,109,178,192,370,381,410,791,380,434,814,282,307,589,207,223,430,138,181,319,80,75,155,22,40,62,1,8,9,1732,1916,3648,3648,529,0.14501096491228072
2021-01-12,73,47,120,159,165,324,312,372,684,295,337,632,230,270,500,171,223,394,140,138,278,54,73,127,30,31,61,3,10,13,1467,1666,3133,3132,463,0.14782886334610473
2021-01-13,78,73,151,186,208,394,368,377,745,336,361,697,279,279,558,196,241,437,159,190,349,74,77,151,18,47,65,6,4,10,1700,1857,3557,3557,473,0.13297722800112455
2021-01-14,62,62,124,190,193,383,330,365,695,323,381,704,240,282,522,201,255,456,143,170,313,63,77,140,21,37,58,3,6,9,1576,1828,3404,3404,594,0.1745005875440658
2021-01-15,71,58,129,292,301,593,401,447,848,480,505,985,370,393,763,303,319,622,172,203,375,72,99,171,25,43,68,3,9,12,2189,2377,4566,4566,623,0.13644327639071396
2021-01-16,43,30,73,332,321,653,347,398,745,434,478,912,400,429,829,298,278,576,199,216,415,109,106,215,23,41,64,2,9,11,2187,2306,4493,4493,437,0.09726240819051858
2021-01-17,44,25,69,269,300,569,338,420,758,391,416,807,393,443,836,265,281,546,139,163,302,68,80,148,18,26,44,2,2,4,1927,2156,4083,4083,353,0.08645603722752877
2021-01-18,66,63,129,352,355,707,448,478,926,495,513,1008,458,470,928,345,367,712,235,260,495,106,122,228,32,49,81,2,9,11,2539,2686,5225,5225,487,0.09320574162679426
2021-01-19,65,54,119,330,306,636,433,437,870,493,493,986,426,457,883,293,352,645,221,257,478,105,130,235,21,49,70,7,16,23,2394,2551,4945,4945,373,0.07542972699696664
2021-01-20,68,60,128,329,307,636,395,442,837,443,427,870,411,421,832,321,346,667,243,258,501,118,132,250,27,46,73,8,13,21,2363,2452,4815,4815,387,0.08037383177570094
2021-01-21,84,59,143,214,259,473,349,356,705,325,371,696,290,353,643,223,305,528,179,184,363,81,91,172,37,44,81,7,13,20,1789,2035,3824,3824,515,0.13467573221757323
2021-01-22,56,60,116,257,229,486,284,347,631,283,326,609,294,330,624,214,240,454,159,187,346,79,95,174,20,43,63,3,3,6,1649,1860,3509,3509,412,0.11741236819606725
2021-01-23,38,32,70,265,227,492,305,340,645,307,338,645,261,244,505,219,236,455,111,138,249,48,59,107,16,30,46,3,7,10,1573,1651,3224,3224,461,0.14299007444168735
2021-01-24,35,37,72,287,282,569,339,351,690,333,337,670,330,351,681,249,254,503,146,159,305,56,79,135,20,31,51,2,6,8,1797,1887,3684,3684,243,0.06596091205211727
2021-01-25,60,81,141,375,334,709,434,468,902,403,457,860,385,423,808,270,310,580,211,213,424,96,115,211,30,59,89,6,12,18,2270,2472,4742,4742,384,0.08097849008857022
2021-01-26,87,63,150,324,277,601,366,378,744,350,351,701,329,353,682,242,295,537,179,207,386,89,101,190,28,57,85,5,14,19,1999,2096,4095,4095,425,0.10378510378510379
2021-01-27,72,68,140,267,282,549,351,374,725,343,370,713,292,351,643,226,278,504,165,164,329,70,84,154,32,46,78,2,15,17,1820,2032,3852,3852,364,0.09449636552440291
2021-01-28,67,62,129,222,215,437,297,310,607,307,309,616,241,260,501,195,241,436,148,174,322,88,98,186,30,45,75,5,14,19,1600,1728,3328,3328,411,0.12349759615384616
2021-01-29,50,71,121,326,317,643,389,385,774,395,435,830,351,398,749,279,302,581,203,243,446,87,129,216,23,56,79,4,9,13,2107,2345,4452,4451,588,0.13210514491125588
2021-01-30,42,25,67,427,427,854,345,388,733,408,474,882,451,492,943,343,368,711,184,246,430,90,120,210,21,45,66,3,8,11,2314,2593,4907,4907,359,0.07316079070715305
2021-01-31,36,31,67,635,626,1261,453,471,924,545,564,1109,662,723,1385,453,490,943,224,255,479,94,123,217,24,42,66,2,12,14,3128,3337,6465,6465,209,0.032327919566898684
2021-02-01,57,54,111,498,576,1074,406,507,913,506,561,1067,588,608,1196,466,455,921,254,313,567,89,159,248,40,51,91,3,9,12,2907,3293,6200,6200,388,0.06258064516129032
2021-02-02,48,55,103,424,474,898,383,418,801,462,519,981,572,619,1191,416,456,872,280,304,584,151,180,331,37,54,91,4,13,17,2777,3092,5869,5869,314,0.05350144828761288
2021-02-03,50,63,113,365,329,694,369,413,782,411,437,848,444,485,929,328,361,689,250,285,535,119,162,281,34,60,94,5,10,15,2375,2605,4980,4980,359,0.07208835341365462
2021-02-04,61,53,114,217,201,418,279,332,611,311,338,649,259,352,611,228,268,496,145,219,364,83,121,204,27,41,68,3,16,19,1613,1941,3554,3554,351,0.09876195835678109
2021-02-05,58,57,115,205,205,410,274,294,568,289,308,597,265,267,532,193,229,422,155,198,353,84,97,181,14,47,61,2,8,10,1539,1710,3249,3249,506,0.15574022776238844
2021-02-06,34,33,67,224,231,455,239,272,511,276,337,613,255,302,557,233,255,488,132,170,302,61,91,152,17,33,50,0,7,7,1471,1731,3202,3202,328,0.10243597751405371
2021-02-07,41,42,83,238,251,489,231,271,502,303,331,634,277,300,577,221,257,478,124,133,257,66,70,136,18,26,44,6,5,11,1525,1686,3211,3211,203,0.0632201806290875
2021-02-08,65,51,116,314,374,688,353,388,741,410,470,880,443,497,940,281,329,610,171,216,387,90,115,205,26,61,87,4,16,20,2157,2517,4674,4674,412,0.08814719726144629
2021-02-09,55,40,95,276,298,574,325,347,672,431,414,845,365,425,790,291,307,598,215,223,438,100,126,226,34,63,97,5,14,19,2097,2257,4354,4354,319,0.07326596233348645
2021-02-10,55,38,93,202,206,408,272,315,587,325,381,706,338,331,669,206,282,488,157,187,344,93,99,192,30,38,68,0,10,10,1678,1887,3565,3565,277,0.07769985974754558
2021-02-11,58,45,103,174,217,391,231,299,530,337,346,683,285,325,610,194,244,438,158,171,329,80,87,167,27,49,76,4,10,14,1548,1793,3341,3341,255,0.07632445375636038
2021-02-12,54,40,94,221,226,447,232,252,484,336,358,694,317,357,674,201,257,458,147,204,351,84,98,182,29,47,76,2,15,17,1623,1854,3477,3477,435,0.12510785159620363
2021-02-13,34,28,62,264,303,567,247,274,521,382,398,780,354,430,784,229,267,496,154,174,328,57,92,149,22,36,58,3,11,14,1746,2013,3759,3759,340,0.09044958765629156
2021-02-14,29,23,52,269,297,566,201,279,480,367,433,800,414,465,879,230,278,508,175,175,350,76,113,189,15,23,38,2,11,13,1778,2097,3875,3874,224,0.05782137325761487
2021-02-15,28,45,73,354,386,740,307,352,659,447,499,946,520,554,1074,334,342,676,168,203,371,75,109,184,17,52,69,2,12,14,2252,2554,4806,4806,279,0.05805243445692884
2021-02-16,31,25,56,364,339,703,386,465,851,538,610,1148,493,570,1063,314,285,599,158,162,320,71,106,177,14,34,48,8,6,14,2377,2602,4979,4979,384,0.07712392046595702
2021-02-17,44,54,98,237,267,504,478,511,989,463,480,943,370,391,761,261,311,572,227,242,469,98,129,227,22,53,75,5,13,18,2205,2451,4656,4656,308,0.0661512027491409
2021-02-18,42,51,93,210,242,452,383,429,812,431,472,903,335,382,717,275,289,564,192,224,416,97,129,226,28,46,74,2,6,8,1995,2270,4265,4265,382,0.08956623681125439
2021-02-19,58,42,100,186,256,442,353,379,732,374,431,805,335,358,693,240,289,529,178,218,396,97,127,224,23,46,69,3,8,11,1847,2154,4001,4001,417,0.1042239440139965
2021-02-20,46,32,78,164,217,381,306,328,634,327,401,728,297,342,639,218,272,490,134,226,360,65,84,149,23,38,61,4,4,8,1584,1944,3528,3528,317,0.08985260770975056
2021-02-21,46,30,76,178,213,391,251,346,597,339,388,727,288,319,607,169,240,409,153,193,346,64,81,145,22,31,53,5,9,14,1515,1850,3365,3365,240,0.0713224368499257
2021-02-22,64,75,139,172,238,410,333,370,703,365,450,815,315,360,675,239,283,522,179,226,405,86,105,191,40,36,76,3,5,8,1796,2148,3944,3944,340,0.08620689655172414
2021-02-23,78,57,135,171,185,356,289,329,618,330,357,687,273,323,596,225,268,493,174,211,385,94,124,218,31,40,71,7,16,23,1672,1910,3582,3582,316,0.08821887213847013
2021-02-24,53,77,130,167,195,362,226,281,507,284,318,602,208,265,473,181,213,394,184,169,353,86,107,193,22,42,64,2,10,12,1413,1677,3090,3090,275,0.0889967637540453
2021-02-25,89,79,168,127,150,277,248,264,512,252,272,524,223,215,438,165,210,375,130,172,302,67,100,167,21,39,60,4,15,19,1326,1516,2842,2842,267,0.09394792399718509
2021-02-26,67,66,133,128,144,272,244,298,542,302,290,592,221,261,482,185,212,397,135,209,344,68,100,168,20,37,57,2,17,19,1372,1634,3006,3006,286,0.09514304723885562
2021-02-27,43,36,79,143,185,328,227,285,512,306,359,665,211,242,453,210,262,472,171,208,379,73,102,175,21,48,69,1,7,8,1406,1734,3140,3140,319,0.1015923566878981
2021-02-28,44,47,91,194,219,413,280,348,628,397,465,862,311,340,651,283,369,652,229,260,489,119,127,246,23,43,66,2,9,11,1882,2227,4109,4109,267,0.06497931370163057
2021-03-01,98,84,182,125,172,297,269,261,530,304,291,595,230,231,461,147,189,336,144,176,320,74,119,193,22,45,67,5,14,19,1418,1582,3000,3000,399,0.133
2021-03-02,114,85,199,152,154,306,241,258,499,250,291,541,217,214,431,169,228,397,115,159,274,78,76,154,35,41,76,3,7,10,1374,1513,2887,2887,269,0.09317630758572913
2021-03-03,101,76,177,116,126,242,177,233,410,233,240,473,177,190,367,163,199,362,167,192,359,86,110,196,16,33,49,0,13,13,1236,1412,2648,2648,317,0.1197129909365559
2021-03-04,89,81,170,119,148,267,192,193,385,229,211,440,161,182,343,119,187,306,129,198,327,69,108,177,23,37,60,6,15,21,1136,1360,2496,2496,335,0.13421474358974358
2021-03-05,80,74,154,118,127,245,182,253,435,251,249,500,152,162,314,142,191,333,138,164,302,78,95,173,19,33,52,0,6,6,1160,1354,2514,2514,346,0.13762927605409706
2021-03-06,52,49,101,87,102,189,184,197,381,202,212,414,142,167,309,107,149,256,100,113,213,52,73,125,21,28,49,2,6,8,949,1096,2045,2045,248,0.12127139364303179
2021-03-07,51,51,102,96,96,192,164,216,380,210,229,439,116,183,299,132,174,306,126,160,286,51,73,124,20,38,58,4,4,8,970,1224,2194,2193,190,0.08663930688554491
2021-03-08,100,96,196,125,154,279,193,256,449,245,273,518,200,205,405,194,225,419,182,195,377,86,95,181,22,46,68,3,11,14,1350,1556,2906,2904,275,0.0946969696969697
2021-03-09,123,127,250,131,125,256,202,213,415,257,263,520,209,204,413,184,211,395,154,235,389,104,113,217,25,39,64,4,7,11,1393,1537,2930,2930,295,0.10068259385665529
2021-03-10,132,113,245,137,138,275,204,205,409,257,259,516,171,188,359,151,198,349,152,163,315,84,114,198,23,48,71,4,9,13,1315,1435,2750,2750,419,0.15236363636363637
2021-03-11,101,117,218,96,118,214,164,210,374,185,217,402,123,154,277,106,147,253,114,151,265,63,79,142,25,32,57,2,15,17,979,1240,2219,2219,423,0.19062640829202343
2021-03-12,119,119,238,123,150,273,181,233,414,244,270,514,169,200,369,145,206,351,131,186,317,80,94,174,24,46,70,4,12,16,1220,1516,2736,2735,465,0.170018281535649
2021-03-13,88,71,159,97,103,200,202,216,418,235,241,476,153,162,315,136,189,325,156,174,330,64,78,142,12,38,50,5,3,8,1148,1275,2423,2423,483,0.199339661576558
2021-03-14,61,95,156,88,105,193,163,233,396,241,259,500,157,174,331,160,203,363,159,189,348,66,101,167,19,29,48,4,8,12,1118,1396,2514,2514,258,0.1026252983293556
2021-03-15,172,136,308,147,154,301,224,285,509,260,301,561,220,242,462,198,223,421,181,204,385,94,135,229,20,51,71,4,14,18,1520,1745,3265,3265,412,0.12618683001531394
2021-03-16,142,143,285,135,160,295,182,225,407,256,280,536,177,178,355,169,203,372,152,190,342,76,109,185,15,43,58,5,15,20,1309,1546,2855,2855,327,0.11453590192644483
2021-03-17,107,110,217,129,141,270,200,240,440,192,199,391,152,178,330,152,174,326,144,164,308,64,100,164,19,42,61,2,13,15,1161,1361,2522,2521,328,0.13010710035700118
2021-03-18,112,91,203,91,116,207,164,194,358,203,182,385,133,160,293,100,147,247,113,142,255,68,84,152,16,32,48,2,7,9,1002,1155,2157,2157,330,0.15299026425591097
2021-03-19,114,106,220,138,134,272,177,217,394,212,228,440,133,165,298,128,159,287,115,164,279,70,73,143,17,28,45,5,9,14,1109,1283,2392,2392,481,0.20108695652173914
2021-03-20,51,58,109,89,104,193,143,159,302,168,199,367,128,152,280,123,150,273,107,118,225,66,69,135,14,29,43,4,8,12,893,1046,1939,1937,326,0.16830149716055756
2021-03-21,84,64,148,87,102,189,161,168,329,203,197,400,131,144,275,122,163,285,98,141,239,41,68,109,17,27,44,3,9,12,947,1083,2030,2030,256,0.12610837438423644
2021-03-22,112,125,237,141,127,268,197,262,459,230,245,475,181,184,365,176,206,382,138,165,303,71,88,159,26,51,77,4,22,26,1276,1475,2751,2751,456,0.16575790621592149
2021-03-23,125,118,243,145,132,277,192,230,422,200,219,419,164,149,313,155,180,335,135,185,320,75,99,174,24,27,51,1,12,13,1216,1351,2567,2567,400,0.15582391897156214
2021-03-24,77,80,157,105,105,210,136,150,286,168,194,362,109,140,249,109,138,247,71,106,177,51,77,128,10,33,43,1,6,7,837,1029,1866,1866,354,0.18971061093247588
2021-03-25,92,100,192,118,132,250,176,219,395,215,203,418,173,200,373,125,151,276,106,138,244,61,74,135,27,32,59,4,4,8,1097,1253,2350,2350,356,0.15148936170212765
2021-03-26,132,116,248,142,155,297,195,221,416,229,225,454,158,193,351,121,178,299,99,156,255,72,85,157,22,33,55,3,10,13,1173,1372,2545,2545,456,0.17917485265225933
2021-03-27,91,79,170,70,85,155,167,161,328,204,212,416,145,168,313,126,160,286,126,139,265,43,65,108,14,34,48,5,5,10,991,1108,2099,2099,435,0.20724154359218674
2021-03-28,74,51,125,67,92,159,125,164,289,173,205,378,152,155,307,115,158,273,98,139,237,43,42,85,19,24,43,2,6,8,868,1036,1904,1904,324,0.17016806722689076
2021-03-29,121,108,229,158,135,293,181,218,399,209,240,449,180,214,394,158,168,326,104,166,270,51,54,105,16,34,50,1,9,10,1179,1346,2525,2525,439,0.17386138613861385
2021-03-30,105,102,207,128,130,258,150,177,327,200,209,409,148,179,327,122,139,261,104,143,247,44,65,109,21,29,50,4,8,12,1026,1181,2207,2206,394,0.1786038077969175
2021-03-31,90,80,170,103,94,197,163,188,351,190,206,396,128,165,293,85,131,216,61,82,143,28,45,73,17,22,39,2,10,12,867,1023,1890,1890,440,0.2328042328042328
2021-04-01,79,91,170,107,97,204,179,197,376,197,187,384,142,163,305,114,139,253,90,119,209,44,61,105,11,19,30,2,10,12,965,1083,2048,2048,548,0.267578125
2021-04-02,94,62,156,99,118,217,157,171,328,188,175,363,147,141,288,106,139,245,82,93,175,42,38,80,15,12,27,2,6,8,932,955,1887,1887,419,0.22204557498675145
2021-04-03,62,73,135,96,122,218,156,170,326,184,211,395,144,158,302,115,141,256,109,96,205,32,58,90,18,35,53,4,4,8,920,1068,1988,1988,528,0.2655935613682093
2021-04-04,80,67,147,178,187,365,221,261,482,271,318,589,193,249,442,130,172,302,80,121,201,37,49,86,17,26,43,0,7,7,1207,1457,2664,2664,463,0.1737987987987988
2021-04-05,107,116,223,241,248,489,288,327,615,318,325,643,260,312,572,180,225,405,119,160,279,52,64,116,15,37,52,5,9,14,1585,1823,3408,3408,528,0.15492957746478872
2021-04-06,115,139,254,196,216,412,342,296,638,333,357,690,245,271,516,180,215,395,133,203,336,75,101,176,23,36,59,3,16,19,1645,1850,3495,3495,676,0.19341917024320457
2021-04-07,128,124,252,221,213,434,297,308,605,305,358,663,270,272,542,175,237,412,114,174,288,60,87,147,14,40,54,1,8,9,1585,1821,3406,3403,563,0.16544225683220687
2021-04-08,122,110,232,185,185,370,238,295,533,285,333,618,207,220,427,150,204,354,113,152,265,56,77,133,18,32,50,2,14,16,1376,1622,2998,2998,688,0.2294863242161441
2021-04-09,101,96,197,125,148,273,149,219,368,189,201,390,166,174,340,116,148,264,79,105,184,42,54,96,8,24,32,3,6,9,978,1175,2153,2152,613,0.28485130111524165
2021-04-10,70,68,138,124,145,269,201,201,402,229,208,437,143,170,313,122,137,259,83,101,184,19,40,59,7,17,24,1,3,4,999,1090,2089,2088,415,0.19875478927203066
2021-04-11,65,71,136,102,121,223,141,145,286,164,205,369,168,162,330,109,129,238,94,94,188,28,39,67,13,22,35,2,5,7,886,993,1879,1879,419,0.22299095263437999
2021-04-12,116,99,215,168,159,327,190,227,417,238,270,508,192,238,430,147,221,368,108,133,241,36,57,93,15,28,43,2,12,14,1212,1444,2656,2654,484,0.18236623963828183
2021-04-13,113,78,191,119,116,235,194,199,393,243,246,489,171,207,378,142,160,302,82,90,172,48,38,86,10,17,27,3,8,11,1125,1159,2284,2284,451,0.19746059544658495
2021-04-14,111,93,204,113,96,209,128,152,280,154,162,316,109,133,242,91,121,212,111,99,210,44,68,112,17,23,40,5,5,10,883,952,1835,1834,558,0.3042529989094875
2021-04-15,117,103,220,135,173,308,227,238,465,246,252,498,229,245,474,158,212,370,104,120,224,32,54,86,15,30,45,2,8,10,1265,1435,2700,2699,531,0.1967395331604298
2021-04-16,100,112,212,124,125,249,240,250,490,269,300,569,201,226,427,164,225,389,129,160,289,39,55,94,9,28,37,1,9,10,1276,1490,2766,2765,472,0.17070524412296564
2021-04-17,110,88,198,129,111,240,180,188,368,259,219,478,190,211,401,134,156,290,98,111,209,35,65,100,15,41,56,4,5,9,1154,1195,2349,2349,493,0.20987654320987653
2021-04-18,57,76,133,79,77,156,157,163,320,180,213,393,180,158,338,126,142,268,103,103,206,34,48,82,22,22,44,3,7,10,941,1009,1950,1949,325,0.1667521806054387
2021-04-19,136,96,232,143,166,309,243,250,493,273,279,552,227,230,457,177,199,376,126,143,269,44,73,117,8,41,49,4,13,17,1381,1490,2871,2871,439,0.15290839428770464
2021-04-20,128,130,258,122,128,250,188,211,399,205,241,446,203,215,418,155,155,310,135,163,298,53,66,119,27,30,57,4,9,13,1220,1348,2568,2568,464,0.1806853582554517
2021-04-21,115,91,206,105,92,197,176,163,339,184,192,376,164,172,336,121,149,270,103,122,225,45,46,91,13,43,56,2,6,8,1028,1076,2104,2104,435,0.2067490494296578
2021-04-22,128,115,243,154,151,305,194,201,395,236,278,514,215,253,468,167,183,350,114,156,270,50,73,123,15,45,60,1,8,9,1274,1463,2737,2736,449,0.16410818713450293
2021-04-23,101,99,200,127,147,274,219,238,457,251,290,541,209,261,470,165,219,384,109,153,262,58,70,128,20,27,47,4,6,10,1263,1510,2773,2772,388,0.13997113997113997
2021-04-24,64,51,115,49,40,89,54,76,130,78,81,159,72,92,164,46,52,98,30,40,70,30,39,69,7,28,35,2,15,17,432,514,946,946,299,0.31606765327695563
2021-04-25,88,85,173,92,91,183,121,151,272,176,167,343,156,159,315,130,136,266,86,95,181,35,34,69,8,22,30,0,4,4,892,944,1836,1835,244,0.1329700272479564
2021-04-26,130,121,251,135,145,280,211,206,417,227,251,478,208,236,444,190,195,385,117,128,245,73,84,157,14,35,49,4,10,14,1309,1411,2720,2719,327,0.120264803236484
2021-04-27,111,97,208,132,136,268,211,251,462,216,242,458,165,216,381,162,169,331,101,131,232,48,80,128,20,34,54,4,8,12,1170,1364,2534,2532,280,0.11058451816745656
2021-04-28,117,118,235,122,133,255,199,211,410,233,249,482,185,200,385,145,151,296,99,120,219,48,59,107,11,25,36,4,9,13,1163,1275,2438,2438,328,0.13453650533223954
2021-04-29,138,117,255,179,156,335,233,271,504,291,307,598,263,268,531,190,236,426,123,160,283,74,99,173,29,49,78,2,17,19,1522,1680,3202,3201,398,0.12433614495470166
2021-04-30,117,103,220,113,115,228,124,186,310,168,198,366,126,168,294,118,145,263,87,121,208,58,69,127,25,44,69,3,17,20,939,1166,2105,2105,480,0.22802850356294538
2021-05-01,85,74,159,105,80,185,151,162,313,183,196,379,157,202,359,116,142,258,86,95,181,45,60,105,20,44,64,1,5,6,949,1060,2009,2008,398,0.19820717131474103
2021-05-02,88,77,165,109,127,236,193,217,410,259,294,553,211,279,490,163,186,349,115,152,267,53,75,128,18,27,45,3,15,18,1212,1449,2661,2661,304,0.11424276587748966
2021-05-03,178,160,338,165,180,345,355,363,718,383,468,851,336,396,732,262,348,610,205,285,490,103,127,230,22,60,82,4,21,25,2013,2408,4421,4421,535,0.12101334539696901
2021-05-04,130,129,259,191,197,388,308,329,637,384,399,783,302,326,628,254,317,571,166,227,393,105,135,240,24,43,67,2,18,20,1866,2120,3986,3986,355,0.08906171600602107
2021-05-05,158,135,293,152,155,307,295,349,644,343,368,711,285,298,583,207,243,450,159,164,323,89,89,178,37,45,82,8,13,21,1733,1859,3592,3590,358,0.09972144846796657
2021-05-06,116,144,260,209,208,417,291,386,677,349,407,756,321,301,622,240,272,512,143,177,320,81,94,175,30,51,81,4,20,24,1784,2060,3844,3844,472,0.12278876170655567
2021-05-07,146,132,278,225,223,448,314,416,730,350,447,797,329,393,722,207,309,516,148,188,336,77,113,190,19,36,55,2,8,10,1817,2265,4082,4082,474,0.11611954924056835
2021-05-08,75,82,157,94,102,196,184,209,393,238,243,481,162,176,338,131,159,290,75,91,166,48,46,94,21,27,48,1,11,12,1029,1146,2175,2175,332,0.15264367816091953
2021-05-09,101,93,194,107,120,227,165,192,357,209,232,441,173,209,382,124,151,275,82,100,182,57,71,128,22,23,45,7,2,9,1047,1193,2240,2240,251,0.11205357142857143
2021-05-10,143,145,288,170,179,349,336,335,671,370,387,757,303,381,684,251,275,526,174,200,374,88,118,206,35,54,89,1,7,8,1871,2081,3952,3951,464,0.11743862313338395
2021-05-11,132,115,247,156,153,309,247,265,512,306,317,623,241,255,496,170,200,370,150,166,316,81,97,178,23,33,56,4,8,12,1510,1609,3119,3119,401,0.12856684834882975
2021-05-12,140,115,255,134,138,272,228,290,518,296,293,589,254,262,516,191,192,383,128,164,292,57,76,133,22,42,64,5,11,16,1455,1583,3038,3038,501,0.16491112574061884
2021-05-13,157,109,266,128,149,277,255,321,576,279,349,628,249,256,505,159,218,377,119,140,259,57,84,141,20,51,71,1,5,6,1424,1682,3106,3105,498,0.1603864734299517
2021-05-14,146,164,310,171,221,392,337,368,705,402,427,829,272,378,650,244,270,514,152,202,354,78,97,175,35,44,79,5,7,12,1842,2178,4020,4020,519,0.1291044776119403
2021-05-15,114,119,233,125,162,287,218,295,513,270,331,601,241,292,533,185,194,379,112,145,257,49,57,106,20,33,53,1,14,15,1335,1642,2977,2977,417,0.14007389989922742
2021-05-16,88,105,193,99,134,233,181,190,371,217,267,484,205,227,432,156,180,336,103,123,226,45,64,109,16,37,53,1,16,17,1111,1343,2454,2454,324,0.13202933985330073
2021-05-17,221,198,419,234,221,455,362,439,801,480,529,1009,365,451,816,311,380,691,196,242,438,117,153,270,42,71,113,3,16,19,2331,2700,5031,5030,581,0.11550695825049702
2021-05-18,192,188,380,228,245,473,420,402,822,463,481,944,443,459,902,308,322,630,193,229,422,99,114,213,36,50,86,4,9,13,2386,2499,4885,4885,534,0.10931422722620267
2021-05-19,196,160,356,236,248,484,418,479,897,488,502,990,418,429,847,287,362,649,215,230,445,94,114,208,34,45,79,8,20,28,2394,2589,4983,4983,425,0.0852899859522376
2021-05-20,203,205,408,256,297,553,478,524,1002,529,521,1050,413,475,888,285,354,639,206,215,421,89,121,210,37,54,91,2,16,18,2498,2782,5280,5279,432,0.0818336806213298
2021-05-21,145,128,273,193,203,396,374,461,835,439,526,965,360,423,783,266,304,570,177,219,396,95,81,176,34,71,105,1,12,13,2084,2428,4512,4512,683,0.15137411347517732
2021-05-22,88,67,155,107,140,247,209,270,479,278,257,535,207,234,441,149,165,314,95,93,188,46,50,96,17,46,63,1,12,13,1197,1334,2531,2531,533,0.21058870011853023
2021-05-23,90,75,165,91,122,213,172,189,361,204,235,439,183,169,352,130,171,301,79,111,190,48,41,89,13,48,61,9,15,24,1019,1176,2195,2195,332,0.15125284738041003
2021-05-24,117,97,214,156,186,342,291,279,570,319,375,694,287,342,629,247,325,572,146,190,336,92,105,197,24,50,74,3,11,14,1682,1960,3642,3642,366,0.10049423393739704
2021-05-25,100,75,175,135,138,273,285,308,593,286,327,613,273,279,552,231,247,478,137,171,308,74,86,160,20,38,58,5,12,17,1546,1681,3227,3226,303,0.09392436453812772
2021-05-26,140,120,260,196,209,405,394,396,790,408,423,831,341,390,731,315,338,653,162,218,380,94,116,210,34,69,103,8,9,17,2092,2288,4380,4380,398,0.0908675799086758
2021-05-27,104,116,220,126,172,298,302,363,665,362,372,734,270,268,538,242,306,548,141,180,321,90,88,178,29,38,67,1,16,17,1667,1919,3586,3585,443,0.12357043235704324
2021-05-28,140,131,271,185,241,426,372,428,800,409,437,846,390,432,822,338,399,737,201,260,461,87,108,195,27,51,78,4,11,15,2153,2498,4651,4651,431,0.0926682433885186
2021-05-29,96,85,181,112,134,246,227,285,512,319,315,634,277,279,556,170,222,392,114,137,251,49,75,124,21,43,64,5,17,22,1390,1592,2982,2982,363,0.12173038229376258
2021-05-30,69,70,139,99,101,200,206,250,456,237,256,493,215,214,429,132,174,306,92,99,191,34,63,97,17,26,43,4,9,13,1105,1262,2367,2367,255,0.10773130544993663
2021-05-31,120,118,238,177,179,356,362,389,751,416,419,835,342,393,735,214,277,491,161,194,355,101,126,227,34,62,96,1,16,17,1928,2173,4101,4100,394,0.09609756097560976
2021-06-01,139,127,266,173,196,369,313,354,667,383,386,769,291,368,659,229,302,531,185,215,400,98,109,207,41,46,87,4,12,16,1856,2115,3971,3971,394,0.09921934021657014
2021-06-02,165,129,294,190,197,387,336,403,739,373,460,833,337,370,707,224,280,504,164,216,380,104,121,225,36,49,85,7,18,25,1936,2243,4179,4177,436,0.10438113478573138
2021-06-03,144,150,294,201,197,398,354,380,734,418,478,896,360,385,745,244,313,557,179,209,388,89,122,211,38,33,71,4,18,22,2031,2285,4316,4314,378,0.08762169680111266
2021-06-04,194,179,373,213,220,433,384,455,839,413,475,888,385,408,793,275,393,668,184,236,420,101,141,242,34,62,96,2,12,14,2185,2581,4766,4766,430,0.09022240872849349
2021-06-05,116,103,219,114,128,242,216,283,499,266,305,571,229,255,484,170,194,364,94,106,200,57,88,145,21,32,53,5,14,19,1288,1508,2796,2796,416,0.14878397711015737
2021-06-06,112,125,237,123,124,247,207,239,446,248,294,542,231,245,476,188,205,393,94,128,222,52,69,121,15,30,45,1,14,15,1271,1473,2744,2744,264,0.09620991253644315
2021-06-07,170,185,355,186,205,391,342,402,744,432,442,874,342,440,782,273,357,630,208,251,459,132,183,315,38,112,150,9,36,45,2132,2613,4745,4745,457,0.09631190727081138
2021-06-08,203,176,379,169,191,360,326,415,741,421,421,842,338,365,703,286,344,630,164,186,350,89,154,243,27,58,85,5,17,22,2028,2327,4355,4355,356,0.0817451205510907
2021-06-09,179,176,355,210,190,400,376,424,800,430,497,927,343,394,737,279,345,624,174,207,381,103,118,221,40,63,103,4,19,23,2138,2433,4571,4569,393,0.08601444517399869
2021-06-10,165,180,345,190,223,413,362,458,820,439,518,957,342,406,748,253,336,589,170,216,386,112,141,253,32,53,85,7,20,27,2072,2551,4623,4619,405,0.08768131630222992
2021-06-11,157,164,321,158,202,360,384,465,849,417,530,947,380,491,871,262,317,579,187,206,393,98,150,248,35,77,112,8,19,27,2086,2621,4707,4707,553,0.11748459740811558
2021-06-12,126,116,242,139,143,282,259,300,559,311,349,660,265,296,561,180,246,426,121,150,271,65,94,159,26,37,63,5,11,16,1497,1742,3239,3239,303,0.09354739117011424
2021-06-13,138,139,277,147,133,280,214,236,450,272,303,575,269,299,568,184,231,415,123,136,259,52,69,121,22,35,57,6,13,19,1427,1594,3021,3021,287,0.09500165508109898
2021-06-14,198,168,366,219,230,449,354,471,825,438,498,936,393,470,863,289,349,638,177,265,442,124,141,265,35,61,96,18,23,41,2245,2676,4921,4920,428,0.08699186991869919
2021-06-15,215,205,420,243,219,462,392,442,834,461,543,1004,364,477,841,280,349,629,184,216,400,105,122,227,42,56,98,3,19,22,2289,2648,4937,4937,381,0.07717237188576058
2021-06-16,242,217,459,241,237,478,394,478,872,491,548,1039,376,498,874,262,325,587,181,221,402,93,123,216,35,53,88,2,14,16,2317,2714,5031,5031,382,0.0759292387199364
2021-06-17,245,235,480,273,312,585,529,637,1166,617,798,1415,495,692,1187,306,476,782,215,281,496,144,163,307,33,61,94,3,18,21,2860,3673,6533,6533,524,0.08020817388642278
2021-06-18,229,204,433,278,280,558,490,605,1095,613,774,1387,502,701,1203,294,475,769,199,270,469,88,146,234,37,42,79,3,14,17,2733,3511,6244,6244,525,0.08408071748878924
2021-06-19,185,183,368,177,191,368,294,422,716,449,548,997,364,457,821,222,293,515,173,180,353,97,101,198,32,66,98,4,22,26,1997,2463,4460,4460,602,0.1349775784753363
2021-06-20,180,150,330,139,120,259,174,275,449,281,374,655,263,317,580,200,230,430,112,134,246,77,77,154,17,38,55,2,9,11,1445,1724,3169,3169,346,0.1091827074786999
2021-06-21,207,189,396,189,203,392,255,371,626,387,434,821,390,429,819,253,295,548,144,166,310,98,115,213,34,36,70,4,6,10,1961,2244,4205,4203,468,0.11134903640256959
2021-06-22,285,259,544,300,268,568,424,592,1016,567,675,1242,530,633,1163,308,422,730,253,316,569,126,165,291,34,76,110,11,15,26,2838,3421,6259,6259,511,0.081642434893753
2021-06-23,333,262,595,330,335,665,404,592,996,573,743,1316,548,754,1302,282,423,705,236,274,510,117,169,286,47,82,129,6,31,37,2876,3665,6541,6540,527,0.08058103975535168
2021-06-24,291,268,559,293,318,611,436,604,1040,541,702,1243,460,613,1073,310,411,721,226,301,527,104,138,242,27,56,83,4,17,21,2692,3428,6120,6119,622,0.10165059650269652
2021-06-25,337,292,629,325,381,706,495,681,1176,632,883,1515,514,709,1223,369,496,865,250,354,604,135,188,323,44,74,118,9,20,29,3110,4078,7188,7187,1015,0.14122721580631697
2021-06-26,163,164,327,176,186,362,251,304,555,328,426,754,289,370,659,199,238,437,163,199,362,90,119,209,31,49,80,5,16,21,1695,2071,3766,3766,405,0.10754115772703134
2021-06-27,192,169,361,144,178,322,239,288,527,306,378,684,277,358,635,175,213,388,135,144,279,75,91,166,23,45,68,1,10,11,1567,1874,3441,3441,391,0.11362975879104911
2021-06-28,230,197,427,156,160,316,224,320,544,360,400,760,272,337,609,196,223,419,147,154,301,84,111,195,39,38,77,2,17,19,1710,1957,3667,3666,491,0.13393344244408073
2021-06-29,228,267,495,245,270,515,396,519,915,500,574,1074,362,478,840,259,323,582,192,210,402,115,129,244,26,72,98,2,25,27,2325,2867,5192,5192,556,0.10708782742681047
2021-06-30,296,287,583,322,328,650,419,578,997,547,684,1231,423,516,939,280,433,713,188,260,448,107,115,222,33,64,97,5,19,24,2620,3284,5904,5904,482,0.08163956639566396
2021-07-01,232,229,461,278,276,554,395,578,973,486,632,1118,341,522,863,264,348,612,172,239,411,101,128,229,40,63,103,3,13,16,2312,3028,5340,5338,566,0.10603222180591983
2021-07-02,310,267,577,353,351,704,415,562,977,490,740,1230,350,591,941,255,387,642,186,267,453,113,149,262,35,59,94,5,18,23,2512,3391,5903,5902,636,0.10776008132836326
2021-07-03,194,207,401,183,228,411,255,356,611,344,427,771,278,378,656,194,235,429,149,172,321,72,101,173,25,47,72,7,16,23,1701,2167,3868,3868,532,0.1375387797311272
2021-07-04,199,215,414,178,190,368,196,305,501,293,383,676,228,318,546,185,254,439,114,144,258,54,88,142,18,38,56,4,11,15,1469,1946,3415,3415,437,0.12796486090775988
2021-07-05,365,320,685,299,313,612,432,568,1000,560,705,1265,404,585,989,284,371,655,213,250,463,124,146,270,41,60,101,5,20,25,2727,3338,6065,6065,592,0.09760923330585326
2021-07-06,380,349,729,390,378,768,485,587,1072,557,740,1297,439,587,1026,282,395,677,189,253,442,118,161,279,37,65,102,4,28,32,2881,3543,6424,6424,569,0.08857409713574096
2021-07-07,346,309,655,350,376,726,500,604,1104,534,687,1221,468,544,1012,299,385,684,180,231,411,100,99,199,32,63,95,9,16,25,2818,3314,6132,6132,533,0.08692106979778212
2021-07-08,337,332,669,417,447,864,601,693,1294,610,773,1383,511,726,1237,344,488,832,202,316,518,117,166,283,52,54,106,4,20,24,3195,4015,7210,7210,764,0.10596393897364771
2021-07-09,236,256,492,290,298,588,348,430,778,409,523,932,341,469,810,223,289,512,148,166,314,75,99,174,31,48,79,5,12,17,2106,2590,4696,4696,622,0.13245315161839863
2021-07-10,225,234,459,263,246,509,285,366,651,327,455,782,289,396,685,215,267,482,142,189,331,80,103,183,29,47,76,5,14,19,1860,2317,4177,4177,501,0.11994254249461336
2021-07-11,272,249,521,191,196,387,255,301,556,300,420,720,286,417,703,222,272,494,147,161,308,71,94,165,16,25,41,6,10,16,1766,2145,3911,3911,470,0.12017386857581182
2021-07-12,381,381,762,396,398,794,514,657,1171,608,708,1316,545,675,1220,331,476,807,272,255,527,118,160,278,41,57,98,11,22,33,3217,3789,7006,7006,653,0.09320582357978875
2021-07-13,388,326,714,361,423,784,525,622,1147,512,664,1176,473,603,1076,323,451,774,215,273,488,124,150,274,35,67,102,9,23,32,2965,3602,6567,6565,730,0.11119573495811119
2021-07-14,386,363,749,480,459,939,590,669,1259,538,745,1283,506,656,1162,324,451,775,233,253,486,112,131,243,31,53,84,4,13,17,3204,3793,6997,6994,629,0.0899342293394338
2021-07-15,324,287,611,490,484,974,578,697,1275,609,740,1349,572,778,1350,360,458,818,224,277,501,106,160,266,33,61,94,8,20,28,3304,3962,7266,7265,761,0.10474879559532002
2021-07-16,300,279,579,412,415,827,515,634,1149,529,694,1223,536,661,1197,293,402,695,187,255,442,93,141,234,35,55,90,3,18,21,2903,3554,6457,6457,622,0.09632956481338083
2021-07-17,212,231,443,281,305,586,311,409,720,349,475,824,311,397,708,222,280,502,134,163,297,85,95,180,19,28,47,6,13,19,1930,2396,4326,4324,572,0.1322849213691027
2021-07-18,216,179,395,210,243,453,264,354,618,300,397,697,293,351,644,228,252,480,117,128,245,75,87,162,28,44,72,3,7,10,1734,2042,3776,3775,393,0.10410596026490067
2021-07-19,269,253,522,285,300,585,471,546,1017,461,582,1043,415,505,920,306,423,729,216,276,492,112,153,265,48,56,104,4,6,10,2587,3100,5687,5687,608,0.10691049762616493
2021-07-20,280,249,529,268,295,563,378,516,894,420,504,924,373,479,852,271,336,607,188,228,416,100,149,249,33,57,90,7,21,28,2318,2834,5152,5152,530,0.10287267080745342
2021-07-21,294,289,583,363,352,715,474,599,1073,499,644,1143,458,610,1068,348,456,804,235,320,555,122,181,303,34,71,105,5,12,17,2832,3534,6366,6365,611,0.09599371563236449
2021-07-22,282,252,534,388,395,783,459,610,1069,583,708,1291,534,687,1221,353,444,797,199,274,473,109,133,242,34,61,95,6,14,20,2947,3578,6525,6525,618,0.09471264367816092
2021-07-23,225,198,423,280,324,604,350,451,801,424,551,975,409,467,876,290,333,623,157,205,362,80,131,211,26,49,75,5,18,23,2246,2727,4973,4971,637,0.12814323073828204
2021-07-24,191,194,385,270,372,642,313,405,718,445,514,959,429,523,952,270,332,602,145,229,374,88,97,185,29,41,70,4,12,16,2184,2719,4903,4902,500,0.10199918400652795
2021-07-25,157,179,336,300,356,656,245,324,569,416,507,923,496,578,1074,274,286,560,141,162,303,93,93,186,20,34,54,6,9,15,2148,2528,4676,4675,380,0.08128342245989305
2021-07-26,254,266,520,400,495,895,423,593,1016,585,762,1347,573,694,1267,381,454,835,224,321,545,117,192,309,40,69,109,8,19,27,3005,3865,6870,6870,549,0.07991266375545851
2021-07-27,180,173,353,229,301,530,340,405,745,336,439,775,347,368,715,193,273,466,135,178,313,82,113,195,34,49,83,3,14,17,1879,2313,4192,4190,453,0.1081145584725537
2021-07-28,210,176,386,260,352,612,393,462,855,433,510,943,380,468,848,254,300,554,180,235,415,102,112,214,28,44,72,6,9,15,2246,2668,4914,4914,459,0.09340659340659341
2021-07-29,199,179,378,281,290,571,338,458,796,427,516,943,363,463,826,231,275,506,176,208,384,84,113,197,26,33,59,5,19,24,2130,2554,4684,4679,468,0.100021372088053
2021-07-30,219,208,427,354,381,735,474,588,1062,539,761,1300,484,646,1130,341,465,806,233,314,547,99,161,260,39,62,101,7,14,21,2789,3600,6389,6387,630,0.0986378581493659
2021-07-31,236,218,454,333,403,736,324,426,750,527,665,1192,590,670,1260,339,371,710,194,255,449,102,128,230,27,32,59,2,13,15,2674,3181,5855,5855,425,0.07258753202391119
2021-08-01,240,261,501,316,371,687,217,316,533,391,508,899,477,592,1069,245,302,547,136,180,316,76,111,187,25,57,82,6,9,15,2129,2707,4836,4835,412,0.08521199586349534
2021-08-02,339,292,631,408,432,840,371,512,883,525,662,1187,533,735,1268,340,470,810,281,328,609,115,174,289,42,74,116,5,20,25,2959,3699,6658,6657,607,0.09118221421060538
2021-08-03,307,297,604,330,426,756,384,526,910,457,611,1068,480,614,1094,329,456,785,257,320,577,163,209,372,37,59,96,5,16,21,2749,3534,6283,6281,640,0.10189460277025951
2021-08-04,317,285,602,307,321,628,379,454,833,433,532,965,335,458,793,249,356,605,195,271,466,91,166,257,28,53,81,2,16,18,2336,2912,5248,5246,564,0.10751048417842166
2021-08-05,316,332,648,327,402,729,483,606,1089,520,614,1134,478,573,1051,316,431,747,229,289,518,112,152,264,36,61,97,9,15,24,2826,3475,6301,6297,581,0.09226615848816896
2021-08-06,359,311,670,424,403,827,496,608,1104,547,659,1206,476,598,1074,304,451,755,255,365,620,124,215,339,40,48,88,4,11,15,3029,3669,6698,6698,631,0.09420722603762317
2021-08-07,209,239,448,254,306,560,311,344,655,354,376,730,301,366,667,211,278,489,151,221,372,77,141,218,20,48,68,6,6,12,1894,2325,4219,4216,498,0.11812144212523719
2021-08-08,282,259,541,258,287,545,218,294,512,269,378,647,304,400,704,205,255,460,161,192,353,75,85,160,15,44,59,5,10,15,1792,2204,3996,3996,484,0.12112112112112113
2021-08-09,404,381,785,296,351,647,371,554,925,476,530,1006,380,472,852,295,388,683,212,266,478,119,136,255,42,58,100,11,16,27,2606,3152,5758,5757,608,0.10561056105610561
2021-08-10,455,394,849,393,374,767,414,577,991,416,551,967,390,494,884,293,368,661,218,278,496,109,155,264,37,53,90,1,14,15,2726,3258,5984,5980,778,0.13010033444816055
2021-08-11,409,408,817,409,463,872,458,587,1045,503,604,1107,430,580,1010,284,393,677,215,250,465,109,142,251,42,65,107,11,22,33,2870,3514,6384,6383,654,0.10245965846780511
2021-08-12,407,390,797,363,419,782,412,529,941,428,568,996,420,517,937,258,369,627,184,208,392,108,127,235,39,54,93,8,13,21,2627,3194,5821,5821,653,0.11218003779419344
2021-08-13,505,442,947,552,562,1114,459,626,1085,574,673,1247,426,590,1016,301,437,738,210,309,519,133,166,299,43,61,104,5,14,19,3208,3880,7088,7087,721,0.10173557217440383
2021-08-14,295,298,593,328,323,651,265,355,620,334,413,747,315,442,757,207,296,503,147,186,333,94,107,201,24,43,67,3,8,11,2012,2471,4483,4483,675,0.15056881552531787
2021-08-15,265,274,539,241,253,494,204,258,462,270,364,634,274,319,593,211,255,466,140,171,311,82,102,184,18,42,60,2,12,14,1707,2050,3757,3757,472,0.12563215331381422
2021-08-16,344,332,676,306,302,608,230,326,556,307,403,710,304,403,707,226,251,477,127,176,303,95,100,195,27,34,61,7,11,18,1973,2338,4311,4311,551,0.12781257248898167
2021-08-17,531,456,987,511,510,1021,433,571,1004,569,663,1232,418,586,1004,344,433,777,234,294,528,126,158,284,35,76,111,5,23,28,3206,3770,6976,6975,794,0.11383512544802868
2021-08-18,523,510,1033,510,484,994,374,544,918,507,644,1151,414,525,939,272,407,679,203,266,469,120,173,293,32,80,112,14,22,36,2969,3655,6624,6623,752,0.11354371130907444
2021-08-19,505,458,963,475,491,966,397,574,971,530,632,1162,419,551,970,305,361,666,187,264,451,89,126,215,33,47,80,7,12,19,2947,3516,6463,6463,812,0.12563824849141267
2021-08-20,604,556,1160,582,609,1191,456,603,1059,493,680,1173,433,631,1064,309,432,741,209,294,503,111,179,290,33,64,97,9,17,26,3239,4065,7304,7300,784,0.1073972602739726
2021-08-21,330,351,681,305,329,634,279,408,687,385,496,881,327,436,763,229,304,533,152,215,367,93,122,215,30,48,78,3,13,16,2133,2722,4855,4855,700,0.14418125643666324
2021-08-22,451,436,887,306,319,625,227,309,536,364,486,850,323,463,786,251,319,570,167,215,382,101,110,211,25,37,62,7,13,20,2222,2707,4929,4929,739,0.14992899168188273
2021-08-23,795,777,1572,583,581,1164,460,609,1069,576,747,1323,474,665,1139,334,436,770,255,339,594,141,188,329,41,64,105,4,16,20,3663,4422,8085,8082,949,0.117421430339025
2021-08-24,832,784,1616,577,562,1139,440,562,1002,514,742,1256,441,606,1047,299,436,735,228,319,547,106,143,249,49,60,109,5,17,22,3491,4231,7722,7722,916,0.11862211862211862
2021-08-25,794,769,1563,549,507,1056,354,535,889,485,765,1250,447,643,1090,310,416,726,232,336,568,149,157,306,41,37,78,5,29,34,3366,4194,7560,7558,911,0.12053453294522361
2021-08-26,835,788,1623,580,581,1161,427,623,1050,541,773,1314,466,639,1105,292,429,721,229,302,531,139,177,316,44,64,108,5,19,24,3558,4395,7953,7953,773,0.09719602665660756
2021-08-27,914,809,1723,603,709,1312,404,618,1022,568,814,1382,511,744,1255,328,465,793,236,316,552,127,169,296,37,73,110,4,12,16,3732,4729,8461,8461,777,0.09183311665287791
2021-08-28,514,428,942,286,299,585,269,371,640,393,480,873,305,448,753,230,289,519,152,220,372,69,110,179,37,45,82,5,6,11,2260,2696,4956,4956,634,0.12792574656981437
2021-08-29,547,519,1066,244,309,553,190,279,469,336,421,757,310,406,716,214,266,480,144,176,320,74,106,180,34,43,77,2,8,10,2095,2533,4628,4627,680,0.14696347525394424
2021-08-30,952,865,1817,531,521,1052,368,509,877,517,716,1233,481,553,1034,304,400,704,212,312,524,125,168,293,53,62,115,4,20,24,3547,4126,7673,7673,802,0.10452235110126418
2021-08-31,1051,949,2000,666,617,1283,426,618,1044,545,660,1205,482,645,1127,321,440,761,248,341,589,146,186,332,39,70,109,7,18,25,3931,4544,8475,8474,697,0.08225159310833137
2021-09-01,956,888,1844,629,592,1221,398,505,903,510,715,1225,425,562,987,280,369,649,216,263,479,105,164,269,40,74,114,3,18,21,3562,4150,7712,7712,635,0.08233921161825726
2021-09-02,783,737,1520,497,517,1014,325,420,745,493,584,1077,343,612,955,259,325,584,185,241,426,115,123,238,32,45,77,6,13,19,3038,3617,6655,6654,553,0.08310790501953712
2021-09-03,644,570,1214,520,556,1076,374,488,862,470,651,1121,436,594,1030,263,391,654,207,269,476,119,165,284,36,52,88,1,10,11,3070,3746,6816,6816,688,0.10093896713615023
2021-09-04,420,372,792,248,258,506,180,242,422,290,383,673,279,329,608,193,235,428,132,161,293,80,117,197,22,42,64,3,12,15,1847,2151,3998,3998,645,0.16133066533266632
2021-09-05,448,413,861,259,280,539,215,306,521,369,476,845,294,387,681,225,262,487,150,212,362,122,118,240,31,40,71,7,14,21,2120,2508,4628,4627,561,0.121244867084504
2021-09-06,950,967,1917,564,585,1149,464,641,1105,614,800,1414,549,706,1255,369,510,879,272,345,617,192,186,378,44,84,128,7,23,30,4025,4847,8872,8871,974,0.10979596437831135
2021-09-07,880,908,1788,595,679,1274,449,629,1078,580,796,1376,540,734,1274,369,497,866,266,330,596,128,194,322,43,71,114,9,28,37,3859,4866,8725,8724,802,0.09193030719853278
2021-09-08,655,707,1362,589,552,1141,408,521,929,574,721,1295,462,653,1115,345,426,771,220,282,502,121,137,258,41,51,92,8,14,22,3423,4064,7487,7486,837,0.11180870959123698
2021-09-09,710,674,1384,502,491,993,376,601,977,518,659,1177,440,653,1093,310,452,762,246,285,531,132,167,299,44,60,104,3,18,21,3281,4060,7341,7337,757,0.10317568488483031
2021-09-10,741,693,1434,632,756,1388,686,1105,1791,911,1296,2207,855,1309,2164,669,947,1616,423,663,1086,183,269,452,72,65,137,7,16,23,5179,7119,12298,12296,878,0.0714053350683149
2021-09-11,439,442,881,384,423,807,535,709,1244,667,882,1549,620,810,1430,464,598,1062,320,419,739,144,197,341,41,38,79,8,8,16,3622,4526,8148,8147,1121,0.13759666134773535
2021-09-12,420,381,801,236,298,534,239,326,565,362,450,812,339,411,750,226,309,535,160,215,375,97,118,215,27,28,55,5,10,15,2111,2546,4657,4657,606,0.1301266910027915
2021-09-13,844,793,1637,552,587,1139,444,668,1112,627,871,1498,609,752,1361,363,583,946,298,347,645,172,215,387,45,83,128,10,20,30,3964,4919,8883,8883,818,0.092086006979624
2021-09-14,789,716,1505,484,532,1016,397,554,951,526,741,1267,461,656,1117,328,484,812,241,321,562,157,184,341,28,67,95,7,14,21,3418,4269,7687,7683,1068,0.1390081999219055
2021-09-15,633,602,1235,441,470,911,283,487,770,413,634,1047,393,583,976,239,333,572,200,265,465,107,135,242,38,59,97,9,28,37,2756,3596,6352,6348,763,0.12019533711405167
2021-09-16,599,532,1131,475,494,969,358,501,859,453,743,1196,448,680,1128,285,406,691,179,282,461,120,160,280,43,67,110,12,18,30,2972,3883,6855,6853,648,0.09455712826499343
2021-09-17,761,714,1475,617,626,1243,369,603,972,509,779,1288,444,666,1110,304,511,815,216,282,498,153,186,339,33,75,108,5,11,16,3411,4453,7864,7862,800,0.10175527855507505
2021-09-18,429,387,816,265,295,560,254,379,633,362,502,864,333,444,777,211,288,499,201,259,460,107,136,243,35,45,80,4,12,16,2201,2747,4948,4948,741,0.14975747776879547
2021-09-19,502,443,945,260,270,530,224,328,552,361,465,826,345,414,759,214,290,504,174,194,368,70,114,184,23,49,72,4,8,12,2177,2575,4752,4751,596,0.12544727425805094
2021-09-20,872,858,1730,675,726,1401,347,541,888,603,706,1309,488,665,1153,337,496,833,267,326,593,138,180,318,36,68,104,10,10,20,3773,4576,8349,8348,794,0.0951126018207954
2021-09-21,710,665,1375,353,375,728,316,517,833,478,593,1071,433,533,966,281,394,675,246,281,527,143,163,306,41,57,98,5,9,14,3006,3587,6593,6588,677,0.10276259866423801
2021-09-22,759,631,1390,625,635,1260,322,483,805,475,671,1146,396,583,979,242,416,658,214,288,502,128,141,269,24,57,81,8,14,22,3193,3919,7112,7107,565,0.07949908540875193
2021-09-23,619,590,1209,632,676,1308,297,480,777,446,644,1090,363,612,975,261,400,661,213,294,507,121,140,261,44,65,109,7,25,32,3003,3926,6929,6928,449,0.0648094688221709
2021-09-24,466,479,945,362,347,709,243,353,596,317,461,778,302,465,767,166,310,476,146,217,363,76,116,192,28,39,67,1,7,8,2107,2794,4901,4901,254,0.051826157926953685
2021-09-25,156,156,312,116,133,249,108,166,274,188,260,448,161,222,383,106,141,247,87,100,187,36,46,82,10,17,27,1,8,9,969,1249,2218,2217,9,0.0040595399188092015
2021-09-26,17,21,38,14,10,24,16,26,42,27,47,74,23,38,61,14,35,49,13,9,22,8,7,15,0,1,1,1,0,1,133,194,327,327,0,0.0
2021-09-27,0,0,0,0,0,0,0,0,0,0,0,0,0,0,0,0,0,0,0,0,0,0,0,0,0,0,0,0,0,0,0,0,0,0,0,
