FECHA,<=10M,<=10F,<=10,11-20M,11-20F,11-20,21-30M,21-30F,21-30,31-40M,31-40F,31-40,41-50M,41-50F,41-50,51-60M,51-60F,51-60,61-70M,61-70F,61-70,71-80M,71-80F,71-80,81-90M,81-90F,81-90,>=91M,>=91F,>=91,TotalM,TotalF,Total
2020-03-15,0,0,0,0,1,1,1,0,1,1,0,1,0,0,0,0,0,0,0,1,1,0,0,0,0,0,0,0,0,0,2,2,4
2020-03-16,0,0,0,0,1,1,3,2,5,4,0,4,1,0,1,0,1,1,1,1,2,0,0,0,0,0,0,0,0,0,9,5,14
2020-03-17,0,0,0,1,1,2,4,3,7,6,1,7,1,0,1,2,3,5,2,2,4,2,0,2,0,0,0,0,0,0,18,10,28
2020-03-18,0,0,0,1,1,2,6,5,11,8,3,11,2,2,4,2,3,5,2,3,5,2,0,2,0,0,0,0,0,0,23,17,40
2020-03-19,0,0,0,2,1,3,7,5,12,12,3,15,4,2,6,3,3,6,2,4,6,4,1,5,0,0,0,0,0,0,34,19,53
2020-03-20,0,0,0,2,1,3,12,5,17,14,3,17,6,2,8,5,3,8,3,5,8,4,3,7,0,1,1,0,0,0,46,23,69
2020-03-21,1,0,1,4,3,7,14,5,19,15,7,22,8,3,11,8,6,14,6,6,12,6,3,9,0,1,1,0,0,0,62,34,96
2020-03-22,1,0,1,4,3,7,16,7,23,19,7,26,12,3,15,10,10,20,8,6,14,9,4,13,0,1,1,0,0,0,79,41,120
2020-03-23,1,0,1,5,3,8,18,9,27,23,8,31,15,5,20,14,12,26,9,8,17,12,6,18,1,1,2,0,0,0,98,52,150
2020-03-24,1,0,1,5,3,8,21,12,33,30,9,39,18,6,24,16,13,29,10,8,18,13,7,20,2,1,3,0,0,0,116,59,175
2020-03-25,3,0,3,6,3,9,25,17,42,32,11,43,22,6,28,18,13,31,12,8,20,14,7,21,3,3,6,0,1,1,135,69,204
2020-03-26,3,0,3,6,4,10,26,18,44,34,12,46,24,6,30,20,17,37,14,11,25,16,8,24,4,3,7,0,1,1,147,80,227
2020-03-27,3,0,3,6,4,10,27,20,47,38,12,50,25,8,33,21,18,39,16,13,29,17,9,26,4,3,7,0,1,1,157,88,245
2020-03-28,3,0,3,6,4,10,28,21,49,39,15,54,26,9,35,22,19,41,17,14,31,18,11,29,6,3,9,0,1,1,165,97,262
2020-03-29,3,0,3,6,4,10,31,24,55,45,18,63,26,9,35,23,23,46,19,18,37,21,13,34,6,3,9,1,1,2,181,113,294
2020-03-30,3,0,3,6,5,11,36,26,62,46,20,66,29,11,40,26,23,49,22,21,43,25,14,39,6,3,9,1,2,3,200,125,325
2020-03-31,4,0,4,6,6,12,38,28,66,48,21,69,32,12,44,30,23,53,24,22,46,29,18,47,6,4,10,1,4,5,218,138,356
2020-04-01,4,0,4,7,7,14,39,31,70,51,26,77,34,14,48,32,27,59,28,24,52,29,19,48,6,5,11,1,4,5,231,157,388
2020-04-02,4,0,4,7,7,14,40,31,71,53,31,84,36,15,51,34,30,64,30,24,54,36,21,57,7,8,15,2,7,9,249,174,423
2020-04-03,4,0,4,7,7,14,42,32,74,55,33,88,38,16,54,35,34,69,31,27,58,38,21,59,7,9,16,2,8,10,259,187,446
2020-04-04,4,2,6,7,7,14,44,34,78,56,33,89,38,17,55,37,35,72,32,29,61,38,21,59,7,10,17,3,8,11,266,196,462
2020-04-05,5,2,7,7,7,14,44,35,79,58,35,93,38,21,59,37,36,73,33,29,62,40,22,62,8,10,18,3,8,11,273,205,478
2020-04-06,5,2,7,7,7,14,45,37,82,61,38,99,38,21,59,39,41,80,36,31,67,42,24,66,8,11,19,3,8,11,284,220,504
2020-04-07,5,2,7,7,8,15,47,37,84,62,43,105,39,21,60,41,42,83,37,31,68,43,26,69,9,11,20,5,8,13,295,229,524
2020-04-08,7,2,9,8,8,16,47,38,85,63,49,112,40,24,64,43,42,85,38,31,69,45,26,71,9,12,21,5,8,13,305,240,545
2020-04-09,7,2,9,8,9,17,48,38,86,68,49,117,40,25,65,44,42,86,38,32,70,45,26,71,9,12,21,5,8,13,312,243,555
2020-04-10,7,2,9,8,9,17,48,39,87,72,52,124,40,25,65,45,42,87,38,32,70,45,26,71,9,12,21,5,8,13,317,247,564
2020-04-11,7,2,9,8,9,17,48,39,87,73,54,127,40,27,67,46,42,88,38,32,70,45,26,71,11,13,24,5,8,13,321,252,573
2020-04-12,7,2,9,8,9,17,49,39,88,76,57,133,40,27,67,46,44,90,38,32,70,45,27,72,12,14,26,5,8,13,326,259,585
2020-04-13,8,2,10,8,9,17,51,40,91,78,60,138,43,28,71,46,47,93,38,33,71,46,29,75,12,14,26,5,8,13,335,270,605
2020-04-14,8,2,10,8,9,17,54,42,96,81,61,142,44,30,74,48,48,96,40,34,74,49,29,78,12,15,27,5,9,14,349,279,628
2020-04-15,8,2,10,8,9,17,54,43,97,83,63,146,46,31,77,48,49,97,40,34,74,49,29,78,12,16,28,5,9,14,353,285,638
2020-04-16,8,2,10,8,9,17,54,45,99,87,65,152,47,31,78,51,51,102,41,34,75,52,30,82,12,21,33,6,11,17,366,299,665
2020-04-17,8,2,10,8,9,17,56,47,103,89,69,158,47,32,79,52,52,104,42,35,77,52,31,83,14,24,38,6,13,19,374,314,688
2020-04-18,8,3,11,8,9,17,57,48,105,89,70,159,49,34,83,53,53,106,44,36,80,53,32,85,15,29,44,6,16,22,382,330,712
2020-04-19,8,3,11,8,9,17,59,48,107,93,74,167,49,38,87,54,53,107,44,37,81,54,35,89,15,31,46,7,19,26,391,347,738
2020-04-20,8,3,11,8,9,17,59,49,108,95,75,170,51,39,90,56,56,112,45,37,82,54,38,92,18,32,50,8,20,28,402,358,760
2020-04-21,8,7,15,8,9,17,59,52,111,96,78,174,52,44,96,57,58,115,47,38,85,55,40,95,21,35,56,9,25,34,412,386,798
2020-04-22,9,7,16,9,10,19,66,59,125,101,81,182,55,46,101,58,62,120,50,40,90,57,47,104,25,39,64,14,32,46,444,423,867
2020-04-23,15,10,25,10,11,21,73,62,135,103,87,190,59,50,109,59,62,121,53,44,97,59,50,109,33,40,73,14,35,49,478,451,929
2020-04-24,16,10,26,11,13,24,77,68,145,111,91,202,62,53,115,61,68,129,56,45,101,59,50,109,35,43,78,14,35,49,502,476,978
2020-04-25,18,11,29,14,13,27,77,72,149,113,93,206,63,60,123,63,68,131,57,46,103,59,50,109,36,45,81,14,35,49,514,493,1007
2020-04-26,19,13,32,16,13,29,77,75,152,115,94,209,65,62,127,63,68,131,57,46,103,59,51,110,37,46,83,14,35,49,522,503,1025
2020-04-27,21,15,36,17,14,31,80,81,161,120,106,226,72,67,139,65,71,136,60,46,106,61,53,114,39,48,87,15,36,51,550,537,1087
2020-04-28,21,15,36,19,15,34,81,84,165,128,107,235,73,70,143,69,71,140,62,47,109,64,53,117,40,53,93,15,38,53,572,553,1125
2020-04-29,22,17,39,21,18,39,84,86,170,132,108,240,77,74,151,70,72,142,63,49,112,66,54,120,40,56,96,15,38,53,590,572,1162
2020-04-30,25,17,42,21,22,43,86,87,173,140,113,253,81,75,156,74,74,148,64,49,113,67,54,121,40,57,97,15,38,53,613,586,1199
2020-05-01,28,20,48,25,22,47,92,94,186,141,117,258,85,79,164,77,76,153,66,50,116,67,54,121,40,58,98,16,38,54,637,608,1245
2020-05-02,32,22,54,27,26,53,96,100,196,145,124,269,87,79,166,77,77,154,66,50,116,68,54,122,40,59,99,16,38,54,654,629,1283
2020-05-03,33,23,56,32,27,59,98,106,204,148,132,280,89,80,169,80,77,157,67,52,119,68,54,122,41,60,101,16,38,54,672,649,1321
2020-05-04,35,26,61,36,31,67,103,112,215,155,140,295,93,83,176,82,79,161,70,52,122,68,54,122,42,62,104,16,39,55,700,678,1378
2020-05-05,39,32,71,40,36,76,109,123,232,172,148,320,101,98,199,88,84,172,71,56,127,69,57,126,48,72,120,17,47,64,754,753,1507
2020-05-06,41,37,78,44,42,86,117,130,247,179,160,339,110,104,214,91,84,175,73,57,130,71,59,130,48,72,120,19,49,68,793,794,1587
2020-05-07,47,43,90,49,47,96,127,145,272,191,169,360,118,111,229,97,87,184,74,61,135,71,60,131,51,73,124,19,51,70,844,847,1691
2020-05-08,58,51,109,57,58,115,143,163,306,206,187,393,133,123,256,102,89,191,80,64,144,75,60,135,52,77,129,20,51,71,926,923,1849
2020-05-09,60,55,115,59,63,122,152,171,323,220,203,423,145,127,272,111,95,206,84,67,151,76,62,138,52,77,129,21,51,72,980,971,1951
2020-05-10,65,60,125,63,69,132,167,179,346,246,217,463,175,130,305,133,101,234,88,70,158,76,64,140,53,77,130,21,51,72,1087,1018,2105
2020-05-11,71,68,139,66,75,141,179,188,367,265,235,500,185,139,324,136,104,240,92,72,164,77,66,143,54,80,134,21,52,73,1146,1079,2225
2020-05-12,79,85,164,72,86,158,204,219,423,291,255,546,199,153,352,145,113,258,99,74,173,81,72,153,54,81,135,24,54,78,1248,1192,2440
2020-05-13,87,91,178,83,94,177,226,235,461,307,272,579,218,167,385,155,122,277,107,80,187,81,73,154,55,83,138,24,58,82,1343,1275,2618
2020-05-14,105,109,214,103,116,219,250,264,514,322,294,616,230,179,409,172,135,307,112,84,196,82,74,156,55,84,139,24,58,82,1455,1397,2852
2020-05-15,118,126,244,111,130,241,268,283,551,342,313,655,249,195,444,183,144,327,114,87,201,84,76,160,55,86,141,25,59,84,1549,1499,3048
2020-05-16,131,136,267,118,140,258,288,309,597,355,331,686,272,211,483,191,152,343,117,88,205,86,78,164,57,89,146,25,63,88,1640,1597,3237
2020-05-17,147,145,292,131,152,283,316,323,639,382,350,732,284,221,505,205,161,366,119,97,216,88,79,167,60,94,154,25,64,89,1757,1686,3443
2020-05-18,168,166,334,148,171,319,357,362,719,416,386,802,304,245,549,224,184,408,128,102,230,97,85,182,63,99,162,26,67,93,1931,1867,3798
2020-05-19,195,192,387,168,190,358,393,400,793,456,414,870,326,271,597,239,192,431,134,110,244,98,88,186,65,104,169,27,69,96,2101,2030,4131
2020-05-20,213,208,421,181,210,391,430,438,868,482,447,929,351,293,644,262,208,470,145,117,262,100,94,194,66,109,175,28,70,98,2258,2194,4452
2020-05-21,230,224,454,206,230,436,459,484,943,533,479,1012,375,319,694,284,219,503,157,119,276,105,99,204,68,112,180,28,73,101,2445,2358,4803
2020-05-22,247,232,479,220,248,468,486,526,1012,569,504,1073,404,354,758,302,229,531,168,127,295,105,103,208,69,113,182,29,74,103,2599,2510,5109
2020-05-23,266,257,523,238,272,510,519,555,1074,596,531,1127,433,372,805,316,251,567,176,132,308,107,106,213,71,123,194,29,76,105,2751,2675,5426
2020-05-24,281,269,550,247,279,526,543,583,1126,617,559,1176,461,392,853,332,260,592,183,136,319,109,108,217,74,124,198,30,77,107,2877,2787,5664
2020-05-25,303,287,590,262,293,555,564,612,1176,642,584,1226,485,414,899,346,274,620,188,145,333,113,117,230,76,132,208,31,78,109,3010,2936,5946
2020-05-26,326,304,630,284,318,602,599,653,1252,684,619,1303,514,440,954,371,304,675,199,151,350,115,122,237,77,139,216,33,85,118,3202,3135,6337
2020-05-27,357,316,673,305,343,648,634,699,1333,731,654,1385,545,471,1016,397,318,715,205,160,365,124,131,255,80,143,223,33,88,121,3411,3323,6734
2020-05-28,386,330,716,329,373,702,680,744,1424,768,684,1452,573,506,1079,418,337,755,217,172,389,129,142,271,93,163,256,37,105,142,3630,3556,7186
2020-05-29,410,363,773,351,405,756,705,782,1487,816,708,1524,590,535,1125,436,352,788,226,182,408,141,150,291,96,176,272,37,112,149,3808,3765,7573
2020-05-30,421,380,801,373,427,800,732,816,1548,844,740,1584,606,550,1156,451,361,812,232,188,420,144,155,299,98,179,277,38,113,151,3939,3909,7848
2020-05-31,426,390,816,383,445,828,764,838,1602,861,763,1624,624,576,1200,464,377,841,239,192,431,152,159,311,104,181,285,41,113,154,4058,4034,8092
2020-06-01,447,407,854,398,471,869,792,870,1662,906,795,1701,660,604,1264,484,401,885,245,201,446,157,169,326,110,188,298,43,113,156,4242,4219,8461
2020-06-02,475,431,906,429,491,920,830,911,1741,942,837,1779,690,632,1322,501,421,922,266,212,478,169,173,342,113,206,319,47,123,170,4462,4437,8899
2020-06-03,496,453,949,443,513,956,861,953,1814,991,873,1864,721,656,1377,525,442,967,282,228,510,177,188,365,117,214,331,50,126,176,4663,4646,9309
2020-06-04,517,480,997,461,540,1001,900,1005,1905,1024,914,1938,741,680,1421,547,462,1009,298,233,531,182,194,376,117,220,337,53,134,187,4840,4862,9702
2020-06-05,554,503,1057,490,561,1051,944,1050,1994,1068,958,2026,771,704,1475,571,480,1051,314,246,560,188,207,395,122,226,348,53,138,191,5075,5073,10148
2020-06-06,575,524,1099,505,580,1085,976,1089,2065,1120,990,2110,796,736,1532,587,497,1084,321,254,575,192,216,408,125,240,365,54,146,200,5251,5272,10523
2020-06-07,589,545,1134,525,594,1119,1007,1128,2135,1150,1010,2160,819,757,1576,601,508,1109,327,261,588,195,222,417,128,253,381,54,155,209,5395,5433,10828
2020-06-08,618,582,1200,548,627,1175,1062,1176,2238,1211,1064,2275,857,800,1657,645,537,1182,346,272,618,208,232,440,140,267,407,54,163,217,5689,5720,11409
2020-06-09,642,606,1248,578,656,1234,1103,1227,2330,1265,1125,2390,903,842,1745,688,575,1263,363,286,649,226,242,468,148,280,428,54,171,225,5970,6010,11980
2020-06-10,662,626,1288,599,683,1282,1156,1279,2435,1314,1182,2496,952,877,1829,719,604,1323,378,303,681,241,257,498,156,309,465,55,188,243,6232,6308,12540
2020-06-11,690,651,1341,627,717,1344,1231,1343,2574,1375,1226,2601,997,924,1921,764,625,1389,393,319,712,255,270,525,161,321,482,55,194,249,6548,6590,13138
2020-06-12,731,688,1419,662,755,1417,1284,1407,2691,1431,1273,2704,1045,972,2017,796,649,1445,414,343,757,269,279,548,165,325,490,56,198,254,6853,6889,13742
2020-06-13,762,708,1470,685,789,1474,1330,1450,2780,1470,1323,2793,1076,1013,2089,825,674,1499,431,352,783,279,291,570,171,340,511,59,210,269,7088,7150,14238
2020-06-14,781,732,1513,705,801,1506,1355,1486,2841,1509,1356,2865,1098,1037,2135,845,689,1534,442,365,807,284,300,584,175,353,528,60,218,278,7254,7337,14591
2020-06-15,808,749,1557,728,817,1545,1403,1528,2931,1552,1399,2951,1136,1060,2196,860,707,1567,455,373,828,289,306,595,180,362,542,64,220,284,7475,7521,14996
2020-06-16,846,785,1631,751,848,1599,1464,1583,3047,1624,1463,3087,1197,1096,2293,897,743,1640,483,392,875,306,318,624,184,378,562,65,225,290,7817,7831,15648
2020-06-17,884,811,1695,779,881,1660,1547,1655,3202,1708,1538,3246,1253,1162,2415,954,791,1745,518,419,937,333,331,664,193,404,597,66,236,302,8235,8228,16463
2020-06-18,909,845,1754,823,916,1739,1629,1730,3359,1799,1613,3412,1322,1231,2553,1015,839,1854,543,436,979,346,343,689,201,419,620,67,244,311,8654,8616,17270
2020-06-19,938,878,1816,864,963,1827,1694,1799,3493,1884,1684,3568,1383,1274,2657,1052,879,1931,573,463,1036,375,366,741,218,437,655,68,263,331,9049,9006,18055
2020-06-20,968,916,1884,897,1000,1897,1748,1853,3601,1952,1741,3693,1432,1337,2769,1088,912,2000,589,481,1070,390,384,774,227,449,676,73,273,346,9364,9346,18710
2020-06-21,991,948,1939,932,1025,1957,1788,1892,3680,2017,1785,3802,1466,1375,2841,1118,937,2055,609,490,1099,400,395,795,236,465,701,74,285,359,9631,9597,19228
2020-06-22,1041,984,2025,970,1069,2039,1873,1961,3834,2119,1858,3977,1542,1426,2968,1192,978,2170,660,524,1184,421,425,846,254,485,739,79,294,373,10151,10004,20155
2020-06-23,1075,1016,2091,1007,1106,2113,1967,2030,3997,2188,1942,4130,1615,1488,3103,1259,1024,2283,683,547,1230,434,437,871,269,517,786,82,303,385,10579,10410,20989
2020-06-24,1105,1041,2146,1038,1142,2180,2066,2112,4178,2268,2011,4279,1688,1552,3240,1315,1074,2389,709,567,1276,449,448,897,280,534,814,85,315,400,11003,10796,21799
2020-06-25,1145,1079,2224,1079,1181,2260,2146,2203,4349,2357,2087,4444,1736,1613,3349,1367,1111,2478,736,585,1321,462,462,924,289,560,849,87,328,415,11404,11209,22613
2020-06-26,1181,1125,2306,1134,1214,2348,2210,2284,4494,2457,2163,4620,1792,1676,3468,1421,1158,2579,771,605,1376,475,477,952,299,579,878,89,342,431,11829,11623,23452
2020-06-27,1218,1160,2378,1169,1249,2418,2279,2335,4614,2510,2238,4748,1835,1722,3557,1459,1189,2648,801,624,1425,482,487,969,306,594,900,91,349,440,12150,11947,24097
2020-06-28,1244,1177,2421,1201,1270,2471,2336,2398,4734,2564,2285,4849,1898,1758,3656,1493,1221,2714,816,636,1452,489,497,986,314,608,922,94,357,451,12449,12207,24656
2020-06-29,1268,1203,2471,1243,1315,2558,2412,2466,4878,2664,2346,5010,1966,1831,3797,1541,1261,2802,849,656,1505,504,514,1018,332,632,964,97,370,467,12876,12594,25470
2020-06-30,1297,1233,2530,1291,1345,2636,2483,2538,5021,2738,2419,5157,2033,1891,3924,1596,1306,2902,877,683,1560,524,532,1056,350,657,1007,102,385,487,13291,12989,26280
2020-07-01,1323,1266,2589,1335,1383,2718,2558,2597,5155,2818,2497,5315,2088,1941,4029,1650,1346,2996,913,712,1625,540,546,1086,369,675,1044,105,394,499,13699,13357,27056
2020-07-02,1360,1295,2655,1371,1433,2804,2632,2682,5314,2891,2580,5471,2174,2005,4179,1695,1388,3083,962,733,1695,562,566,1128,376,692,1068,107,402,509,14130,13776,27906
2020-07-03,1400,1337,2737,1422,1474,2896,2716,2753,5469,2993,2647,5640,2238,2074,4312,1758,1439,3197,996,758,1754,581,591,1172,384,715,1099,110,420,530,14598,14208,28806
2020-07-04,1427,1380,2807,1450,1500,2950,2771,2821,5592,3065,2713,5778,2302,2116,4418,1800,1479,3279,1029,785,1814,605,624,1229,390,758,1148,112,446,558,14951,14622,29573
2020-07-05,1447,1403,2850,1479,1524,3003,2813,2873,5686,3123,2756,5879,2359,2163,4522,1841,1519,3360,1057,810,1867,630,654,1284,403,789,1192,116,459,575,15268,14950,30218
2020-07-06,1471,1431,2902,1518,1557,3075,2894,2951,5845,3231,2839,6070,2439,2236,4675,1911,1571,3482,1111,846,1957,651,685,1336,418,837,1255,122,477,599,15766,15430,31196
2020-07-07,1505,1469,2974,1542,1591,3133,2992,3025,6017,3329,2919,6248,2514,2304,4818,1970,1619,3589,1141,870,2011,688,712,1400,432,862,1294,126,489,615,16239,15860,32099
2020-07-08,1543,1507,3050,1573,1631,3204,3070,3104,6174,3429,3013,6442,2590,2380,4970,2028,1685,3713,1189,905,2094,713,744,1457,455,903,1358,132,515,647,16722,16387,33109
2020-07-09,1578,1535,3113,1609,1669,3278,3128,3163,6291,3500,3097,6597,2660,2433,5093,2067,1709,3776,1234,951,2185,742,768,1510,470,942,1412,137,525,662,17125,16792,33917
2020-07-10,1612,1568,3180,1642,1696,3338,3194,3238,6432,3571,3173,6744,2728,2488,5216,2123,1763,3886,1277,986,2263,761,783,1544,487,967,1454,141,538,679,17536,17200,34736
2020-07-11,1634,1597,3231,1668,1726,3394,3245,3299,6544,3648,3251,6899,2796,2541,5337,2173,1805,3978,1317,1008,2325,783,804,1587,492,992,1484,146,550,696,17902,17573,35475
2020-07-12,1659,1616,3275,1687,1750,3437,3294,3344,6638,3712,3307,7019,2848,2577,5425,2221,1836,4057,1342,1035,2377,800,818,1618,510,1020,1530,150,566,716,18223,17869,36092
2020-07-13,1695,1647,3342,1736,1791,3527,3374,3442,6816,3827,3404,7231,2942,2672,5614,2303,1895,4198,1380,1069,2449,826,846,1672,530,1062,1592,157,591,748,18770,18419,37189
2020-07-14,1725,1680,3405,1769,1823,3592,3465,3526,6991,3943,3502,7445,3013,2742,5755,2365,1956,4321,1426,1107,2533,854,868,1722,545,1093,1638,165,611,776,19270,18908,38178
2020-07-15,1755,1712,3467,1808,1855,3663,3546,3609,7155,4044,3623,7667,3095,2827,5922,2433,1999,4432,1469,1138,2607,887,896,1783,559,1124,1683,170,638,808,19766,19421,39187
2020-07-16,1784,1751,3535,1853,1895,3748,3636,3689,7325,4168,3726,7894,3182,2907,6089,2506,2065,4571,1511,1176,2687,912,924,1836,579,1167,1746,181,676,857,20312,19976,40288
2020-07-17,1825,1776,3601,1881,1933,3814,3710,3806,7516,4277,3816,8093,3255,2981,6236,2571,2125,4696,1559,1209,2768,934,950,1884,600,1211,1811,188,709,897,20800,20516,41316
2020-07-18,1853,1812,3665,1920,1953,3873,3781,3877,7658,4377,3907,8284,3331,3066,6397,2630,2175,4805,1597,1242,2839,961,980,1941,610,1242,1852,193,724,917,21253,20978,42231
2020-07-19,1883,1850,3733,1953,1980,3933,3850,3945,7795,4453,3988,8441,3402,3127,6529,2688,2223,4911,1635,1266,2901,986,1007,1993,626,1273,1899,202,742,944,21678,21401,43079
2020-07-20,1908,1893,3801,1987,2020,4007,3967,4042,8009,4588,4100,8688,3503,3207,6710,2755,2291,5046,1691,1321,3012,1012,1044,2056,649,1308,1957,205,754,959,22265,21980,44245
2020-07-21,1952,1923,3875,2027,2054,4081,4059,4160,8219,4719,4232,8951,3607,3320,6927,2849,2382,5231,1750,1351,3101,1037,1071,2108,669,1344,2013,209,779,988,22878,22616,45494
2020-07-22,1984,1948,3932,2060,2097,4157,4178,4259,8437,4841,4343,9184,3698,3396,7094,2936,2441,5377,1801,1391,3192,1078,1105,2183,688,1372,2060,212,800,1012,23476,23152,46628
2020-07-23,2016,1986,4002,2087,2133,4220,4286,4370,8656,4946,4434,9380,3785,3478,7263,3010,2502,5512,1839,1425,3264,1106,1130,2236,711,1400,2111,215,811,1026,24001,23669,47670
2020-07-24,2058,2020,4078,2126,2165,4291,4397,4467,8864,5074,4540,9614,3873,3568,7441,3096,2560,5656,1875,1470,3345,1127,1147,2274,726,1443,2169,220,831,1051,24572,24211,48783
2020-07-25,2083,2044,4127,2154,2187,4341,4463,4536,8999,5171,4612,9783,3957,3627,7584,3136,2606,5742,1913,1499,3412,1144,1169,2313,738,1467,2205,229,846,1075,24988,24593,49581
2020-07-26,2103,2068,4171,2177,2213,4390,4517,4600,9117,5229,4688,9917,4011,3679,7690,3172,2643,5815,1945,1516,3461,1171,1191,2362,759,1501,2260,234,860,1094,25318,24959,50277
2020-07-27,2130,2090,4220,2208,2250,4458,4621,4678,9299,5356,4810,10166,4084,3765,7849,3251,2711,5962,1985,1556,3541,1195,1217,2412,780,1526,2306,239,881,1120,25849,25484,51333
2020-07-28,2160,2113,4273,2253,2285,4538,4719,4763,9482,5488,4931,10419,4167,3851,8018,3329,2760,6089,2019,1599,3618,1226,1243,2469,800,1557,2357,242,903,1145,26403,26005,52408
2020-07-29,2181,2145,4326,2300,2326,4626,4811,4851,9662,5586,5031,10617,4259,3937,8196,3380,2832,6212,2070,1621,3691,1253,1272,2525,823,1592,2415,248,921,1169,26911,26528,53439
2020-07-30,2217,2170,4387,2328,2366,4694,4915,4944,9859,5711,5130,10841,4347,4024,8371,3428,2890,6318,2115,1644,3759,1271,1316,2587,839,1635,2474,254,949,1203,27425,27068,54493
2020-07-31,2244,2203,4447,2383,2406,4789,4996,5038,10034,5804,5225,11029,4438,4104,8542,3489,2954,6443,2172,1660,3832,1295,1346,2641,854,1673,2527,258,974,1232,27933,27583,55516
2020-08-01,2276,2236,4512,2410,2450,4860,5069,5124,10193,5900,5322,11222,4549,4188,8737,3545,2998,6543,2203,1688,3891,1312,1366,2678,865,1700,2565,263,986,1249,28392,28058,56450
2020-08-02,2303,2257,4560,2437,2485,4922,5125,5180,10305,5986,5391,11377,4622,4251,8873,3600,3039,6639,2243,1725,3968,1341,1390,2731,886,1737,2623,265,1012,1277,28808,28467,57275
2020-08-03,2342,2297,4639,2498,2524,5022,5248,5307,10555,6120,5503,11623,4750,4365,9115,3679,3123,6802,2306,1780,4086,1372,1428,2800,908,1795,2703,268,1048,1316,29491,29170,58661
2020-08-04,2374,2325,4699,2542,2572,5114,5357,5403,10760,6258,5631,11889,4868,4483,9351,3761,3206,6967,2366,1821,4187,1411,1473,2884,930,1859,2789,276,1083,1359,30143,29856,59999
2020-08-05,2414,2362,4776,2596,2608,5204,5468,5509,10977,6396,5748,12144,4975,4588,9563,3844,3268,7112,2445,1879,4324,1447,1514,2961,956,1932,2888,284,1132,1416,30825,30540,61365
2020-08-06,2445,2392,4837,2640,2646,5286,5576,5596,11172,6498,5864,12362,5080,4672,9752,3913,3340,7253,2484,1923,4407,1467,1539,3006,970,1968,2938,292,1154,1446,31365,31094,62459
2020-08-07,2473,2420,4893,2671,2685,5356,5671,5690,11361,6599,5966,12565,5173,4750,9923,3975,3408,7383,2524,1972,4496,1496,1563,3059,988,1997,2985,299,1169,1468,31869,31620,63489
2020-08-08,2500,2449,4949,2700,2709,5409,5735,5755,11490,6676,6051,12727,5231,4820,10051,4031,3463,7494,2555,2001,4556,1515,1597,3112,1000,2037,3037,303,1193,1496,32246,32075,64321
2020-08-09,2519,2462,4981,2729,2739,5468,5793,5826,11619,6742,6110,12852,5287,4880,10167,4088,3500,7588,2598,2040,4638,1534,1609,3143,1011,2059,3070,307,1197,1504,32608,32422,65030
2020-08-10,2545,2494,5039,2764,2776,5540,5881,5925,11806,6869,6236,13105,5386,4982,10368,4173,3569,7742,2634,2081,4715,1558,1636,3194,1028,2096,3124,311,1221,1532,33149,33016,66165
2020-08-11,2564,2516,5080,2790,2808,5598,5950,6000,11950,6993,6335,13328,5499,5059,10558,4245,3641,7886,2683,2113,4796,1583,1664,3247,1043,2138,3181,317,1243,1560,33667,33517,67184
2020-08-12,2588,2551,5139,2827,2836,5663,6036,6079,12115,7096,6438,13534,5589,5138,10727,4325,3709,8034,2725,2155,4880,1603,1689,3292,1054,2159,3213,323,1249,1572,34166,34003,68169
2020-08-13,2607,2572,5179,2866,2876,5742,6128,6161,12289,7188,6535,13723,5664,5223,10887,4385,3763,8148,2782,2179,4961,1618,1712,3330,1067,2176,3243,325,1256,1581,34630,34453,69083
2020-08-14,2630,2589,5219,2896,2913,5809,6215,6246,12461,7296,6631,13927,5741,5294,11035,4444,3809,8253,2824,2215,5039,1641,1733,3374,1082,2204,3286,328,1271,1599,35097,34905,70002
2020-08-15,2644,2609,5253,2932,2936,5868,6273,6325,12598,7388,6711,14099,5800,5361,11161,4494,3866,8360,2858,2247,5105,1667,1773,3440,1104,2266,3370,331,1302,1633,35491,35396,70887
2020-08-16,2661,2627,5288,2958,2953,5911,6341,6368,12709,7445,6763,14208,5862,5409,11271,4534,3896,8430,2885,2272,5157,1690,1790,3480,1117,2283,3400,334,1316,1650,35827,35677,71504
2020-08-17,2682,2639,5321,3003,2984,5987,6409,6447,12856,7538,6867,14405,5936,5473,11409,4596,3943,8539,2927,2302,5229,1721,1803,3524,1125,2304,3429,336,1325,1661,36273,36087,72360
2020-08-18,2701,2673,5374,3047,3017,6064,6515,6525,13040,7671,6973,14644,6038,5560,11598,4681,4020,8701,2967,2346,5313,1747,1830,3577,1138,2351,3489,340,1352,1692,36845,36647,73492
2020-08-19,2731,2700,5431,3081,3052,6133,6630,6624,13254,7815,7084,14899,6147,5658,11805,4752,4100,8852,3017,2387,5404,1768,1860,3628,1156,2387,3543,347,1373,1720,37444,37225,74669
2020-08-20,2760,2722,5482,3130,3087,6217,6714,6707,13421,7939,7185,15124,6240,5722,11962,4816,4161,8977,3069,2423,5492,1794,1887,3681,1177,2420,3597,351,1394,1745,37990,37708,75698
2020-08-21,2783,2744,5527,3168,3128,6296,6813,6794,13607,8057,7288,15345,6326,5824,12150,4891,4230,9121,3115,2455,5570,1815,1911,3726,1197,2439,3636,353,1406,1759,38518,38219,76737
2020-08-22,2808,2764,5572,3201,3153,6354,6894,6876,13770,8145,7388,15533,6402,5883,12285,4945,4286,9231,3151,2486,5637,1843,1935,3778,1206,2457,3663,354,1410,1764,38949,38638,77587
2020-08-23,2834,2786,5620,3235,3189,6424,6967,6953,13920,8216,7448,15664,6464,5957,12421,5005,4341,9346,3190,2526,5716,1862,1955,3817,1224,2480,3704,359,1421,1780,39356,39056,78412
2020-08-24,2868,2814,5682,3279,3224,6503,7081,7054,14135,8355,7567,15922,6579,6070,12649,5086,4427,9513,3249,2581,5830,1890,1980,3870,1239,2497,3736,362,1429,1791,39988,39643,79631
2020-08-25,2903,2836,5739,3325,3260,6585,7184,7165,14349,8494,7717,16211,6678,6184,12862,5183,4516,9699,3310,2629,5939,1927,2015,3942,1263,2531,3794,366,1449,1815,40633,40302,80935
2020-08-26,2937,2866,5803,3370,3307,6677,7304,7276,14580,8644,7835,16479,6815,6283,13098,5288,4588,9876,3363,2675,6038,1966,2062,4028,1280,2565,3845,369,1475,1844,41336,40932,82268
2020-08-27,2966,2906,5872,3422,3359,6781,7418,7406,14824,8795,7971,16766,6933,6408,13341,5367,4671,10038,3420,2723,6143,1992,2084,4076,1297,2613,3910,375,1493,1868,41985,41634,83619
2020-08-28,2988,2926,5914,3462,3404,6866,7519,7521,15040,8919,8084,17003,7030,6502,13532,5464,4753,10217,3474,2777,6251,2025,2117,4142,1311,2639,3950,377,1505,1882,42569,42228,84797
2020-08-29,3011,2943,5954,3489,3432,6921,7596,7597,15193,9012,8186,17198,7107,6584,13691,5530,4817,10347,3513,2818,6331,2047,2146,4193,1325,2662,3987,380,1511,1891,43010,42696,85706
2020-08-30,3025,2954,5979,3517,3463,6980,7658,7651,15309,9081,8260,17341,7171,6655,13826,5594,4869,10463,3556,2848,6404,2070,2163,4233,1336,2688,4024,382,1519,1901,43390,43070,86460
2020-08-31,3049,2972,6021,3552,3505,7057,7770,7770,15540,9215,8388,17603,7297,6759,14056,5675,4944,10619,3610,2891,6501,2103,2210,4313,1353,2741,4094,388,1540,1928,44012,43720,87732
2020-09-01,3067,2992,6059,3595,3545,7140,7854,7873,15727,9353,8502,17855,7431,6870,14301,5754,5012,10766,3666,2938,6604,2129,2245,4374,1372,2779,4151,391,1566,1957,44612,44322,88934
2020-09-02,3084,3003,6087,3630,3579,7209,7929,7956,15885,9459,8605,18064,7526,6956,14482,5815,5072,10887,3710,2978,6688,2150,2270,4420,1389,2799,4188,392,1569,1961,45084,44787,89871
2020-09-03,3095,3025,6120,3667,3605,7272,8031,8034,16065,9563,8709,18272,7620,7040,14660,5895,5125,11020,3762,3021,6783,2179,2300,4479,1403,2820,4223,396,1578,1974,45611,45257,90868
2020-09-04,3118,3044,6162,3696,3652,7348,8146,8114,16260,9665,8813,18478,7699,7132,14831,5963,5201,11164,3803,3053,6856,2200,2329,4529,1410,2837,4247,400,1591,1991,46100,45766,91866
2020-09-05,3128,3059,6187,3727,3679,7406,8221,8186,16407,9752,8893,18645,7783,7227,15010,6022,5249,11271,3837,3090,6927,2227,2360,4587,1422,2864,4286,402,1602,2004,46521,46209,92730
2020-09-06,3143,3071,6214,3752,3706,7458,8281,8235,16516,9803,8949,18752,7839,7278,15117,6068,5295,11363,3874,3115,6989,2250,2386,4636,1433,2878,4311,406,1608,2014,46849,46521,93370
2020-09-07,3164,3088,6252,3782,3736,7518,8377,8329,16706,9918,9048,18966,7921,7366,15287,6159,5371,11530,3933,3157,7090,2295,2421,4716,1456,2917,4373,409,1632,2041,47414,47065,94479
2020-09-08,3187,3107,6294,3816,3778,7594,8476,8411,16887,10042,9160,19202,8038,7468,15506,6241,5444,11685,3981,3203,7184,2330,2444,4774,1473,2955,4428,413,1645,2058,47997,47615,95612
2020-09-09,3209,3133,6342,3856,3815,7671,8588,8505,17093,10163,9277,19440,8136,7546,15682,6306,5515,11821,4044,3248,7292,2365,2473,4838,1481,2971,4452,418,1664,2082,48566,48147,96713
2020-09-10,3239,3150,6389,3890,3852,7742,8668,8594,17262,10261,9368,19629,8230,7642,15872,6387,5573,11960,4098,3277,7375,2395,2512,4907,1495,3017,4512,422,1696,2118,49085,48681,97766
2020-09-11,3269,3169,6438,3918,3892,7810,8739,8701,17440,10373,9458,19831,8336,7741,16077,6459,5646,12105,4130,3307,7437,2427,2545,4972,1509,3035,4544,423,1701,2124,49583,49195,98778
2020-09-12,3284,3181,6465,3942,3920,7862,8786,8757,17543,10442,9527,19969,8405,7825,16230,6506,5701,12207,4164,3341,7505,2442,2567,5009,1518,3057,4575,425,1719,2144,49914,49595,99509
2020-09-13,3298,3198,6496,3968,3945,7913,8831,8816,17647,10505,9589,20094,8461,7887,16348,6549,5736,12285,4202,3376,7578,2468,2587,5055,1526,3080,4606,427,1722,2149,50235,49936,100171
2020-09-14,3314,3214,6528,3999,3971,7970,8909,8889,17798,10618,9704,20322,8541,7953,16494,6612,5804,12416,4239,3414,7653,2499,2613,5112,1536,3103,4639,431,1731,2162,50698,50396,101094
2020-09-15,3340,3226,6566,4031,4001,8032,8970,8955,17925,10703,9786,20489,8609,8034,16643,6695,5861,12556,4287,3452,7739,2520,2641,5161,1551,3118,4669,433,1740,2173,51139,50814,101953
2020-09-16,3361,3243,6604,4064,4030,8094,9048,9024,18072,10780,9877,20657,8708,8108,16816,6761,5920,12681,4315,3485,7800,2539,2674,5213,1561,3144,4705,436,1758,2194,51573,51263,102836
2020-09-17,3375,3258,6633,4086,4060,8146,9127,9099,18226,10852,9962,20814,8774,8181,16955,6810,5964,12774,4363,3513,7876,2558,2691,5249,1574,3156,4730,439,1765,2204,51958,51649,103607
2020-09-18,3405,3286,6691,4122,4100,8222,9196,9182,18378,10942,10052,20994,8837,8249,17086,6863,6006,12869,4402,3541,7943,2576,2722,5298,1588,3174,4762,439,1774,2213,52370,52086,104456
2020-09-19,3416,3299,6715,4144,4126,8270,9246,9230,18476,11010,10117,21127,8900,8288,17188,6907,6049,12956,4437,3572,8009,2587,2741,5328,1591,3189,4780,440,1780,2220,52678,52391,105069
2020-09-20,3425,3313,6738,4168,4140,8308,9286,9268,18554,11053,10171,21224,8935,8317,17252,6933,6073,13006,4461,3603,8064,2601,2766,5367,1598,3197,4795,440,1786,2226,52900,52634,105534
2020-09-21,3443,3326,6769,4202,4164,8366,9361,9330,18691,11137,10230,21367,9012,8362,17374,6973,6118,13091,4501,3632,8133,2625,2792,5417,1611,3216,4827,440,1791,2231,53305,52961,106266
2020-09-22,3464,3338,6802,4230,4194,8424,9443,9390,18833,11223,10315,21538,9072,8431,17503,7033,6161,13194,4539,3671,8210,2646,2811,5457,1627,3246,4873,443,1804,2247,53720,53361,107081
2020-09-23,3485,3358,6843,4256,4224,8480,9510,9454,18964,11301,10381,21682,9137,8506,17643,7090,6211,13301,4573,3703,8276,2673,2832,5505,1635,3260,4895,447,1809,2256,54107,53738,107845
2020-09-24,3502,3375,6877,4292,4256,8548,9588,9529,19117,11385,10478,21863,9195,8572,17767,7153,6262,13415,4624,3738,8362,2696,2845,5541,1653,3282,4935,450,1814,2264,54538,54151,108689
2020-09-25,3520,3398,6918,4323,4278,8601,9662,9594,19256,11451,10565,22016,9270,8646,17916,7210,6324,13534,4658,3771,8429,2731,2876,5607,1664,3296,4960,453,1830,2283,54942,54578,109520
2020-09-26,3532,3408,6940,4347,4303,8650,9704,9635,19339,11500,10617,22117,9333,8694,18027,7242,6364,13606,4680,3802,8482,2749,2896,5645,1674,3308,4982,454,1839,2293,55215,54866,110081
2020-09-27,3546,3423,6969,4367,4327,8694,9767,9673,19440,11564,10671,22235,9387,8736,18123,7273,6401,13674,4703,3817,8520,2773,2910,5683,1680,3319,4999,457,1842,2299,55517,55119,110636
2020-09-28,3566,3438,7004,4398,4355,8753,9837,9748,19585,11648,10758,22406,9458,8804,18262,7330,6450,13780,4750,3857,8607,2791,2937,5728,1699,3338,5037,461,1848,2309,55938,55533,111471
2020-09-29,3592,3452,7044,4429,4374,8803,9917,9822,19739,11741,10834,22575,9531,8873,18404,7381,6506,13887,4786,3901,8687,2820,2970,5790,1707,3362,5069,463,1858,2321,56367,55952,112319
2020-09-30,3610,3474,7084,4450,4403,8853,9991,9901,19892,11826,10909,22735,9603,8948,18551,7433,6558,13991,4834,3932,8766,2849,2984,5833,1720,3381,5101,467,1863,2330,56783,56353,113136
2020-10-01,3630,3488,7118,4471,4436,8907,10071,9982,20053,11904,10985,22889,9661,9004,18665,7485,6613,14098,4862,3975,8837,2859,3010,5869,1730,3399,5129,470,1871,2341,57143,56763,113906
2020-10-02,3653,3502,7155,4505,4461,8966,10145,10048,20193,11972,11061,23033,9718,9078,18796,7532,6675,14207,4895,4014,8909,2879,3034,5913,1745,3419,5164,475,1882,2357,57519,57174,114693
2020-10-03,3673,3512,7185,4526,4489,9015,10192,10087,20279,12021,11102,23123,9757,9121,18878,7577,6722,14299,4919,4031,8950,2890,3041,5931,1750,3429,5179,476,1887,2363,57781,57421,115202
2020-10-04,3680,3519,7199,4544,4504,9048,10235,10135,20370,12062,11141,23203,9792,9156,18948,7607,6747,14354,4937,4055,8992,2904,3049,5953,1755,3438,5193,476,1895,2371,57992,57639,115631
2020-10-05,3691,3534,7225,4568,4520,9088,10295,10209,20504,12144,11207,23351,9853,9208,19061,7656,6798,14454,4986,4088,9074,2926,3071,5997,1762,3452,5214,477,1903,2380,58358,57990,116348
2020-10-06,3717,3551,7268,4593,4551,9144,10362,10295,20657,12236,11279,23515,9929,9263,19192,7716,6861,14577,5021,4118,9139,2941,3087,6028,1776,3470,5246,479,1909,2388,58770,58384,117154
2020-10-07,3729,3562,7291,4613,4580,9193,10440,10361,20801,12298,11354,23652,9998,9323,19321,7771,6916,14687,5050,4140,9190,2953,3104,6057,1788,3493,5281,479,1918,2397,59119,58751,117870
2020-10-08,3747,3573,7320,4635,4611,9246,10507,10425,20932,12373,11424,23797,10042,9395,19437,7819,6965,14784,5075,4168,9243,2970,3129,6099,1802,3527,5329,481,1932,2413,59451,59149,118600
2020-10-09,3766,3587,7353,4657,4635,9292,10559,10509,21068,12455,11503,23958,10094,9459,19553,7874,7015,14889,5099,4204,9303,2986,3150,6136,1819,3558,5377,485,1947,2432,59794,59567,119361
2020-10-10,3776,3593,7369,4671,4659,9330,10605,10550,21155,12512,11559,24071,10144,9502,19646,7911,7065,14976,5126,4227,9353,3000,3166,6166,1826,3569,5395,486,1949,2435,60057,59839,119896
2020-10-11,3789,3608,7397,4683,4677,9360,10635,10591,21226,12544,11608,24152,10185,9535,19720,7941,7089,15030,5138,4252,9390,3016,3179,6195,1834,3587,5421,488,1956,2444,60253,60082,120335
2020-10-12,3810,3622,7432,4705,4704,9409,10678,10626,21304,12606,11658,24264,10235,9577,19812,7974,7129,15103,5171,4276,9447,3034,3194,6228,1838,3604,5442,488,1962,2450,60539,60352,120891
2020-10-13,3824,3639,7463,4739,4729,9468,10738,10694,21432,12690,11736,24426,10306,9635,19941,8030,7172,15202,5207,4299,9506,3046,3212,6258,1848,3625,5473,490,1975,2465,60918,60716,121634
2020-10-14,3838,3654,7492,4766,4755,9521,10805,10759,21564,12755,11796,24551,10377,9697,20074,8088,7230,15318,5229,4329,9558,3066,3231,6297,1857,3636,5493,491,1981,2472,61272,61068,122340
2020-10-15,3852,3673,7525,4814,4792,9606,10878,10822,21700,12835,11868,24703,10434,9758,20192,8128,7268,15396,5254,4352,9606,3086,3254,6340,1864,3656,5520,494,1984,2478,61639,61427,123066
2020-10-16,3870,3683,7553,4839,4826,9665,10927,10902,21829,12903,11931,24834,10500,9816,20316,8170,7307,15477,5283,4381,9664,3103,3275,6378,1876,3681,5557,495,2002,2497,61966,61804,123770
2020-10-17,3883,3696,7579,4859,4848,9707,10979,10939,21918,12960,11991,24951,10543,9851,20394,8203,7335,15538,5305,4405,9710,3112,3284,6396,1883,3689,5572,498,2005,2503,62225,62043,124268
2020-10-18,3893,3704,7597,4876,4865,9741,11011,10972,21983,12998,12020,25018,10565,9877,20442,8225,7360,15585,5321,4422,9743,3125,3297,6422,1885,3696,5581,498,2011,2509,62397,62224,124621
2020-10-19,3907,3718,7625,4897,4891,9788,11059,11017,22076,13049,12069,25118,10632,9916,20548,8264,7397,15661,5349,4444,9793,3148,3320,6468,1889,3709,5598,499,2015,2514,62693,62496,125189
2020-10-20,3914,3726,7640,4910,4911,9821,11119,11078,22197,13104,12116,25220,10688,9967,20655,8310,7431,15741,5374,4471,9845,3161,3331,6492,1901,3726,5627,500,2021,2521,62981,62778,125759
2020-10-21,3928,3736,7664,4931,4934,9865,11165,11122,22287,13148,12163,25311,10738,10002,20740,8338,7468,15806,5402,4488,9890,3174,3348,6522,1904,3733,5637,501,2024,2525,63229,63018,126247
2020-10-22,3939,3746,7685,4953,4953,9906,11214,11168,22382,13195,12202,25397,10779,10031,20810,8363,7492,15855,5422,4504,9926,3185,3362,6547,1909,3740,5649,502,2024,2526,63461,63222,126683
2020-10-23,3949,3755,7704,4976,4967,9943,11253,11228,22481,13237,12251,25488,10831,10074,20905,8396,7519,15915,5446,4530,9976,3192,3374,6566,1919,3748,5667,503,2025,2528,63702,63471,127173
2020-10-24,3956,3767,7723,4992,4982,9974,11288,11261,22549,13270,12293,25563,10862,10103,20965,8434,7539,15973,5463,4543,10006,3204,3384,6588,1924,3753,5677,503,2030,2533,63896,63655,127551
2020-10-25,3964,3776,7740,5005,4997,10002,11317,11291,22608,13293,12319,25612,10894,10131,21025,8453,7562,16015,5480,4550,10030,3209,3391,6600,1927,3758,5685,503,2031,2534,64045,63806,127851
2020-10-26,3974,3781,7755,5016,5023,10039,11359,11324,22683,13347,12364,25711,10930,10162,21092,8483,7592,16075,5500,4571,10071,3218,3399,6617,1936,3768,5704,509,2035,2544,64272,64019,128291
2020-10-27,3981,3790,7771,5041,5046,10087,11401,11372,22773,13404,12404,25808,10982,10205,21187,8523,7629,16152,5519,4596,10115,3227,3413,6640,1945,3782,5727,511,2039,2550,64534,64276,128810
2020-10-28,3996,3801,7797,5064,5069,10133,11439,11411,22850,13447,12447,25894,11022,10234,21256,8552,7655,16207,5543,4612,10155,3236,3424,6660,1950,3785,5735,514,2042,2556,64763,64480,129243
2020-10-29,4005,3807,7812,5076,5081,10157,11474,11440,22914,13488,12487,25975,11057,10261,21318,8575,7678,16253,5557,4625,10182,3253,3431,6684,1954,3796,5750,515,2047,2562,64954,64653,129607
2020-10-30,4010,3812,7822,5083,5086,10169,11502,11468,22970,13531,12511,26042,11083,10289,21372,8589,7699,16288,5568,4641,10209,3266,3441,6707,1957,3800,5757,516,2049,2565,65105,64796,129901
2020-10-31,4012,3816,7828,5089,5097,10186,11521,11492,23013,13553,12536,26089,11102,10310,21412,8602,7714,16316,5580,4651,10231,3270,3448,6718,1961,3804,5765,516,2049,2565,65206,64917,130123
2020-11-01,4020,3824,7844,5098,5113,10211,11557,11516,23073,13582,12558,26140,11133,10331,21464,8617,7730,16347,5594,4659,10253,3278,3454,6732,1963,3808,5771,516,2050,2566,65358,65043,130401
2020-11-02,4028,3831,7859,5106,5134,10240,11588,11554,23142,13620,12590,26210,11170,10366,21536,8649,7755,16404,5610,4667,10277,3280,3463,6743,1968,3815,5783,516,2053,2569,65535,65228,130763
2020-11-03,4037,3837,7874,5123,5142,10265,11630,11577,23207,13645,12622,26267,11205,10388,21593,8673,7775,16448,5621,4688,10309,3285,3473,6758,1970,3824,5794,516,2056,2572,65705,65382,131087
2020-11-04,4045,3842,7887,5129,5157,10286,11667,11613,23280,13680,12658,26338,11229,10418,21647,8693,7801,16494,5640,4701,10341,3292,3486,6778,1973,3833,5806,516,2059,2575,65864,65568,131432
2020-11-05,4059,3852,7911,5153,5173,10326,11713,11660,23373,13725,12694,26419,11261,10455,21716,8721,7823,16544,5662,4718,10380,3304,3500,6804,1976,3850,5826,517,2065,2582,66091,65790,131881
2020-11-06,4072,3859,7931,5172,5187,10359,11734,11690,23424,13759,12733,26492,11295,10482,21777,8742,7841,16583,5683,4737,10420,3315,3510,6825,1980,3860,5840,519,2066,2585,66271,65965,132236
2020-11-07,4078,3864,7942,5179,5196,10375,11754,11715,23469,13797,12768,26565,11325,10507,21832,8755,7859,16614,5698,4754,10452,3323,3518,6841,1983,3865,5848,519,2066,2585,66411,66112,132523
2020-11-08,4084,3869,7953,5186,5208,10394,11770,11750,23520,13819,12789,26608,11352,10523,21875,8771,7876,16647,5713,4765,10478,3327,3520,6847,1987,3871,5858,520,2066,2586,66529,66237,132766
2020-11-09,4095,3874,7969,5203,5220,10423,11796,11796,23592,13853,12831,26684,11395,10552,21947,8807,7915,16722,5734,4787,10521,3343,3527,6870,1990,3878,5868,520,2069,2589,66736,66449,133185
2020-11-10,4105,3884,7989,5217,5232,10449,11833,11837,23670,13910,12863,26773,11427,10576,22003,8827,7932,16759,5755,4804,10559,3358,3548,6906,1996,3890,5886,521,2071,2592,66949,66637,133586
2020-11-11,4115,3891,8006,5231,5248,10479,11871,11876,23747,13949,12903,26852,11461,10604,22065,8865,7952,16817,5772,4820,10592,3368,3563,6931,2000,3899,5899,522,2075,2597,67154,66831,133985
2020-11-12,4125,3898,8023,5243,5261,10504,11913,11911,23824,13986,12934,26920,11493,10636,22129,8887,7972,16859,5785,4832,10617,3373,3570,6943,2003,3901,5904,523,2080,2603,67331,66995,134326
2020-11-13,4131,3903,8034,5262,5274,10536,11946,11945,23891,14016,12964,26980,11532,10662,22194,8911,7995,16906,5802,4849,10651,3389,3577,6966,2006,3910,5916,525,2086,2611,67520,67165,134685
2020-11-14,4137,3908,8045,5274,5289,10563,11972,11980,23952,14041,12990,27031,11558,10680,22238,8937,8014,16951,5821,4859,10680,3396,3586,6982,2011,3915,5926,526,2087,2613,67673,67308,134981
2020-11-15,4140,3915,8055,5283,5303,10586,11992,12003,23995,14062,13014,27076,11579,10691,22270,8955,8026,16981,5830,4869,10699,3403,3595,6998,2012,3925,5937,527,2087,2614,67783,67428,135211
2020-11-16,4145,3924,8069,5297,5320,10617,12016,12037,24053,14093,13039,27132,11602,10717,22319,8973,8046,17019,5839,4884,10723,3415,3605,7020,2019,3931,5950,529,2089,2618,67928,67592,135520
2020-11-17,4153,3930,8083,5315,5335,10650,12051,12069,24120,14125,13083,27208,11633,10743,22376,8999,8073,17072,5858,4899,10757,3425,3612,7037,2024,3944,5968,531,2095,2626,68114,67783,135897
2020-11-18,4156,3937,8093,5330,5352,10682,12089,12109,24198,14168,13116,27284,11672,10770,22442,9021,8100,17121,5870,4916,10786,3437,3624,7061,2028,3957,5985,531,2100,2631,68302,67981,136283
2020-11-19,4160,3941,8101,5341,5367,10708,12120,12136,24256,14197,13145,27342,11690,10792,22482,9045,8122,17167,5886,4927,10813,3444,3634,7078,2030,3961,5991,531,2105,2636,68444,68130,136574
2020-11-20,4165,3946,8111,5357,5384,10741,12156,12162,24318,14221,13165,27386,11707,10805,22512,9058,8135,17193,5900,4940,10840,3450,3638,7088,2035,3964,5999,533,2107,2640,68582,68246,136828
2020-11-21,4171,3956,8127,5370,5398,10768,12178,12189,24367,14254,13192,27446,11723,10835,22558,9071,8153,17224,5912,4955,10867,3457,3645,7102,2038,3967,6005,533,2110,2643,68707,68400,137107
2020-11-22,4175,3959,8134,5377,5403,10780,12196,12207,24403,14265,13214,27479,11739,10848,22587,9083,8160,17243,5928,4961,10889,3463,3652,7115,2040,3967,6007,533,2111,2644,68799,68482,137281
2020-11-23,4178,3962,8140,5382,5411,10793,12213,12229,24442,14292,13235,27527,11761,10857,22618,9089,8176,17265,5937,4966,10903,3471,3656,7127,2043,3969,6012,534,2113,2647,68900,68574,137474
2020-11-24,4185,3966,8151,5389,5423,10812,12245,12271,24516,14332,13271,27603,11792,10877,22669,9110,8188,17298,5955,4978,10933,3478,3664,7142,2047,3971,6018,534,2115,2649,69067,68724,137791
2020-11-25,4200,3972,8172,5401,5432,10833,12285,12316,24601,14377,13313,27690,11823,10912,22735,9135,8207,17342,5974,4990,10964,3486,3677,7163,2051,3977,6028,535,2117,2652,69267,68913,138180
2020-11-26,4203,3984,8187,5411,5452,10863,12317,12346,24663,14423,13341,27764,11848,10935,22783,9149,8237,17386,5984,5003,10987,3490,3681,7171,2056,3981,6037,536,2122,2658,69417,69082,138499
2020-11-27,4210,3988,8198,5427,5461,10888,12357,12376,24733,14456,13362,27818,11878,10957,22835,9173,8256,17429,5997,5017,11014,3500,3686,7186,2059,3985,6044,538,2124,2662,69595,69212,138807
2020-11-28,4216,3994,8210,5441,5473,10914,12384,12406,24790,14484,13385,27869,11898,10981,22879,9183,8271,17454,6004,5031,11035,3504,3689,7193,2060,3988,6048,538,2125,2663,69712,69343,139055
2020-11-29,4223,3994,8217,5453,5484,10937,12406,12428,24834,14519,13409,27928,11921,10995,22916,9200,8285,17485,6010,5043,11053,3507,3694,7201,2064,3993,6057,541,2125,2666,69844,69450,139294
2020-11-30,4230,3999,8229,5464,5495,10959,12436,12454,24890,14548,13437,27985,11947,11010,22957,9217,8307,17524,6016,5056,11072,3517,3706,7223,2067,4002,6069,541,2128,2669,69983,69594,139577
2020-12-01,4239,4004,8243,5472,5505,10977,12468,12475,24943,14579,13482,28061,11977,11030,23007,9234,8320,17554,6030,5064,11094,3523,3712,7235,2070,4005,6075,541,2128,2669,70133,69725,139858
2020-12-02,4241,4008,8249,5478,5516,10994,12495,12497,24992,14607,13498,28105,11989,11052,23041,9243,8331,17574,6041,5072,11113,3530,3723,7253,2073,4011,6084,544,2133,2677,70241,69841,140082
2020-12-03,4245,4011,8256,5490,5527,11017,12520,12516,25036,14637,13524,28161,12013,11070,23083,9261,8345,17606,6053,5084,11137,3538,3734,7272,2076,4015,6091,546,2135,2681,70379,69961,140340
2020-12-04,4254,4015,8269,5504,5540,11044,12544,12544,25088,14669,13556,28225,12045,11096,23141,9283,8364,17647,6067,5094,11161,3546,3740,7286,2081,4018,6099,547,2135,2682,70540,70102,140642
2020-12-05,4260,4020,8280,5514,5552,11066,12560,12569,25129,14692,13583,28275,12063,11122,23185,9298,8381,17679,6080,5107,11187,3552,3748,7300,2087,4024,6111,547,2136,2683,70653,70242,140895
2020-12-06,4267,4023,8290,5520,5559,11079,12578,12585,25163,14712,13603,28315,12078,11143,23221,9318,8394,17712,6088,5117,11205,3558,3753,7311,2091,4026,6117,547,2136,2683,70757,70339,141096
2020-12-07,4271,4027,8298,5527,5570,11097,12591,12604,25195,14729,13622,28351,12106,11160,23266,9330,8408,17738,6099,5129,11228,3564,3758,7322,2093,4028,6121,547,2138,2685,70857,70444,141301
2020-12-08,4278,4029,8307,5537,5581,11118,12617,12632,25249,14757,13649,28406,12138,11179,23317,9351,8421,17772,6114,5137,11251,3580,3766,7346,2097,4032,6129,548,2140,2688,71017,70566,141583
2020-12-09,4283,4036,8319,5559,5597,11156,12656,12667,25323,14794,13679,28473,12170,11214,23384,9377,8446,17823,6129,5154,11283,3587,3779,7366,2099,4037,6136,548,2144,2692,71202,70753,141955
2020-12-10,4287,4043,8330,5570,5619,11189,12682,12704,25386,14841,13715,28556,12206,11253,23459,9398,8469,17867,6145,5168,11313,3597,3791,7388,2102,4044,6146,548,2146,2694,71376,70952,142328
2020-12-11,4299,4049,8348,5579,5631,11210,12719,12731,25450,14871,13749,28620,12243,11278,23521,9416,8496,17912,6156,5187,11343,3601,3802,7403,2107,4051,6158,548,2147,2695,71539,71121,142660
2020-12-12,4307,4053,8360,5591,5642,11233,12764,12766,25530,14904,13778,28682,12267,11302,23569,9430,8511,17941,6168,5198,11366,3613,3808,7421,2109,4051,6160,548,2147,2695,71701,71256,142957
2020-12-13,4309,4058,8367,5606,5656,11262,12796,12793,25589,14931,13811,28742,12290,11326,23616,9445,8530,17975,6184,5209,11393,3623,3815,7438,2115,4054,6169,550,2147,2697,71849,71399,143248
2020-12-14,4313,4061,8374,5621,5667,11288,12849,12843,25692,14988,13859,28847,12327,11360,23687,9475,8558,18033,6200,5230,11430,3631,3827,7458,2120,4065,6185,550,2150,2700,72074,71620,143694
2020-12-15,4316,4064,8380,5643,5686,11329,12901,12894,25795,15039,13906,28945,12371,11389,23760,9496,8585,18081,6221,5237,11458,3642,3834,7476,2127,4070,6197,552,2153,2705,72308,71818,144126
2020-12-16,4323,4072,8395,5663,5711,11374,12966,12944,25910,15083,13948,29031,12396,11415,23811,9523,8612,18135,6236,5254,11490,3656,3844,7500,2134,4075,6209,555,2156,2711,72535,72031,144566
2020-12-17,4333,4076,8409,5687,5738,11425,13054,13026,26080,15148,14002,29150,12429,11462,23891,9547,8649,18196,6246,5275,11521,3671,3858,7529,2138,4081,6219,556,2159,2715,72809,72326,145135
2020-12-18,4337,4084,8421,5718,5757,11475,13128,13086,26214,15206,14062,29268,12476,11501,23977,9578,8688,18266,6271,5298,11569,3687,3869,7556,2142,4094,6236,556,2169,2725,73099,72608,145707
2020-12-19,4347,4089,8436,5746,5786,11532,13184,13129,26313,15256,14107,29363,12520,11541,24061,9606,8716,18322,6288,5316,11604,3700,3878,7578,2147,4102,6249,556,2170,2726,73350,72834,146184
2020-12-20,4350,4097,8447,5766,5798,11564,13240,13171,26411,15292,14143,29435,12560,11586,24146,9635,8737,18372,6314,5333,11647,3709,3885,7594,2150,4106,6256,559,2172,2731,73575,73028,146603
2020-12-21,4360,4106,8466,5794,5824,11618,13317,13255,26572,15366,14220,29586,12616,11640,24256,9685,8774,18459,6358,5353,11711,3730,3903,7633,2154,4113,6267,560,2174,2734,73940,73362,147302
2020-12-22,4369,4117,8486,5815,5847,11662,13388,13330,26718,15461,14290,29751,12673,11693,24366,9741,8824,18565,6380,5376,11756,3746,3918,7664,2157,4123,6280,561,2177,2738,74291,73695,147986
2020-12-23,4379,4126,8505,5843,5876,11719,13495,13421,26916,15561,14369,29930,12730,11757,24487,9809,8877,18686,6404,5406,11810,3773,3938,7711,2161,4135,6296,562,2180,2742,74717,74085,148802
2020-12-24,4381,4128,8509,5854,5896,11750,13551,13472,27023,15621,14407,30028,12761,11796,24557,9839,8900,18739,6421,5418,11839,3785,3946,7731,2163,4140,6303,562,2182,2744,74938,74285,149223
2020-12-25,4384,4135,8519,5867,5906,11773,13581,13496,27077,15654,14435,30089,12804,11819,24623,9859,8920,18779,6440,5432,11872,3791,3953,7744,2164,4141,6305,562,2183,2745,75106,74420,149526
2020-12-26,4393,4143,8536,5889,5938,11827,13681,13575,27256,15744,14520,30264,12871,11894,24765,9934,8974,18908,6478,5474,11952,3808,3972,7780,2167,4147,6314,563,2185,2748,75528,74822,150350
2020-12-27,4406,4147,8553,5910,5971,11881,13756,13647,27403,15828,14579,30407,12924,11933,24857,9981,9013,18994,6503,5499,12002,3822,3989,7811,2170,4153,6323,563,2185,2748,75863,75116,150979
2020-12-28,4423,4163,8586,5947,6028,11975,13877,13755,27632,15935,14681,30616,13024,12027,25051,10071,9071,19142,6547,5538,12085,3853,4022,7875,2182,4169,6351,565,2187,2752,76424,75641,152065
2020-12-29,4431,4182,8613,5991,6079,12070,14032,13905,27937,16080,14798,30878,13119,12116,25235,10129,9155,19284,6595,5591,12186,3889,4053,7942,2193,4178,6371,569,2190,2759,77028,76247,153275
2020-12-30,4456,4201,8657,6041,6140,12181,14182,14032,28214,16213,14912,31125,13221,12219,25440,10204,9231,19435,6646,5651,12297,3922,4083,8005,2202,4193,6395,572,2195,2767,77659,76857,154516
2020-12-31,4463,4207,8670,6075,6181,12256,14306,14135,28441,16283,14982,31265,13276,12287,25563,10246,9270,19516,6672,5678,12350,3940,4097,8037,2211,4198,6409,572,2195,2767,78044,77230,155274
2021-01-01,4468,4209,8677,6089,6193,12282,14334,14174,28508,16320,15018,31338,13295,12320,25615,10267,9288,19555,6691,5704,12395,3949,4108,8057,2214,4201,6415,572,2195,2767,78199,77410,155609
2021-01-02,4475,4218,8693,6124,6236,12360,14418,14268,28686,16414,15094,31508,13370,12401,25771,10338,9350,19688,6732,5745,12477,3971,4129,8100,2219,4205,6424,578,2195,2773,78639,77841,156480
2021-01-03,4490,4231,8721,6153,6272,12425,14513,14379,28892,16510,15168,31678,13448,12470,25918,10394,9418,19812,6772,5778,12550,3992,4152,8144,2226,4213,6439,578,2196,2774,79076,78277,157353
2021-01-04,4507,4244,8751,6214,6331,12545,14702,14558,29260,16674,15323,31997,13564,12564,26128,10479,9528,20007,6827,5835,12662,4024,4184,8208,2240,4234,6474,582,2202,2784,79813,79003,158816
2021-01-05,4527,4262,8789,6272,6392,12664,14893,14750,29643,16824,15451,32275,13674,12659,26333,10578,9597,20175,6882,5893,12775,4048,4214,8262,2246,4255,6501,584,2210,2794,80528,79683,160211
2021-01-06,4540,4273,8813,6328,6451,12779,15084,14940,30024,16991,15577,32568,13779,12746,26525,10662,9670,20332,6932,5950,12882,4081,4244,8325,2255,4268,6523,585,2214,2799,81237,80333,161570
2021-01-07,4559,4283,8842,6381,6505,12886,15240,15106,30346,17122,15700,32822,13878,12845,26723,10737,9748,20485,6973,5993,12966,4108,4282,8390,2263,4275,6538,590,2219,2809,81851,80956,162807
2021-01-08,4574,4298,8872,6432,6563,12995,15394,15243,30637,17242,15804,33046,13972,12943,26915,10826,9822,20648,7024,6044,13068,4133,4310,8443,2270,4289,6559,591,2225,2816,82458,81541,163999
2021-01-09,4580,4306,8886,6469,6600,13069,15506,15382,30888,17360,15881,33241,14059,13029,27088,10882,9891,20773,7070,6082,13152,4145,4337,8482,2276,4299,6575,592,2228,2820,82939,82035,164974
2021-01-10,4588,4310,8898,6503,6630,13133,15593,15492,31085,17423,15952,33375,14112,13087,27199,10933,9936,20869,7098,6113,13211,4160,4357,8517,2282,4306,6588,595,2230,2825,83287,82413,165700
2021-01-11,4594,4321,8915,6556,6675,13231,15749,15638,31387,17515,16064,33579,14193,13149,27342,11003,10003,21006,7138,6151,13289,4192,4385,8577,2290,4316,6606,596,2234,2830,83826,82936,166762
2021-01-12,4605,4328,8933,6605,6730,13335,15918,15788,31706,17639,16180,33819,14273,13231,27504,11063,10073,21136,7181,6193,13374,4224,4412,8636,2303,4330,6633,596,2239,2835,84407,83504,167911
2021-01-13,4619,4342,8961,6657,6804,13461,16060,15957,32017,17768,16304,34072,14363,13320,27683,11130,10145,21275,7227,6238,13465,4253,4428,8681,2317,4341,6658,597,2245,2842,84991,84124,169115
2021-01-14,4635,4351,8986,6714,6860,13574,16184,16110,32294,17891,16393,34284,14437,13393,27830,11192,10213,21405,7274,6277,13551,4280,4458,8738,2330,4348,6678,601,2246,2847,85538,84649,170187
2021-01-15,4649,4361,9010,6776,6907,13683,16350,16240,32590,17999,16479,34478,14530,13457,27987,11265,10297,21562,7321,6309,13630,4300,4481,8781,2340,4364,6704,601,2250,2851,86131,85145,171276
2021-01-16,4655,4371,9026,6824,6962,13786,16445,16353,32798,18096,16555,34651,14596,13532,28128,11310,10350,21660,7353,6339,13692,4321,4498,8819,2346,4373,6719,603,2256,2859,86549,85589,172138
2021-01-17,4659,4379,9038,6869,6996,13865,16531,16468,32999,18172,16624,34796,14658,13583,28241,11361,10399,21760,7397,6362,13759,4341,4505,8846,2350,4379,6729,606,2257,2863,86944,85952,172896
2021-01-18,4671,4392,9063,6929,7043,13972,16704,16614,33318,18289,16723,35012,14750,13662,28412,11439,10469,21908,7447,6406,13853,4371,4535,8906,2361,4395,6756,607,2261,2868,87568,86500,174068
2021-01-19,4684,4399,9083,6986,7116,14102,16833,16761,33594,18415,16817,35232,14827,13744,28571,11492,10528,22020,7491,6445,13936,4396,4560,8956,2375,4413,6788,607,2267,2874,88106,87050,175156
2021-01-20,4690,4405,9095,7053,7169,14222,16988,16892,33880,18518,16904,35422,14914,13824,28738,11559,10592,22151,7524,6494,14018,4416,4585,9001,2388,4432,6820,607,2273,2880,88657,87570,176227
2021-01-21,4703,4414,9117,7118,7224,14342,17100,17006,34106,18620,17003,35623,15004,13905,28909,11627,10669,22296,7568,6537,14105,4442,4611,9053,2398,4452,6850,611,2279,2890,89191,88100,177291
2021-01-22,4720,4424,9144,7171,7276,14447,17217,17134,34351,18709,17099,35808,15064,13971,29035,11692,10732,22424,7611,6562,14173,4462,4635,9097,2410,4462,6872,614,2282,2896,89670,88577,178247
2021-01-23,4726,4435,9161,7224,7328,14552,17310,17225,34535,18782,17153,35935,15113,14022,29135,11738,10793,22531,7641,6595,14236,4484,4665,9149,2413,4474,6887,617,2282,2899,90048,88972,179020
2021-01-24,4734,4447,9181,7272,7373,14645,17413,17293,34706,18861,17226,36087,15155,14077,29232,11771,10829,22600,7676,6616,14292,4504,4678,9182,2417,4481,6898,617,2282,2899,90420,89302,179722
2021-01-25,4743,4459,9202,7359,7455,14814,17557,17410,34967,18970,17304,36274,15233,14162,29395,11838,10880,22718,7724,6656,14380,4529,4711,9240,2425,4495,6920,620,2284,2904,90998,89816,180814
2021-01-26,4756,4472,9228,7434,7540,14974,17667,17531,35198,19058,17387,36445,15307,14238,29545,11905,10941,22846,7770,6690,14460,4552,4734,9286,2434,4517,6951,622,2293,2915,91505,90343,181848
2021-01-27,4763,4483,9246,7523,7608,15131,17764,17626,35390,19141,17459,36600,15370,14306,29676,11954,10984,22938,7813,6721,14534,4571,4753,9324,2442,4530,6972,623,2297,2920,91964,90767,182731
2021-01-28,4775,4493,9268,7582,7685,15267,17894,17724,35618,19227,17526,36753,15438,14376,29814,12013,11037,23050,7855,6755,14610,4585,4775,9360,2446,4544,6990,623,2301,2924,92438,91216,183654
2021-01-29,4793,4507,9300,7650,7762,15412,17984,17827,35811,19313,17611,36924,15501,14448,29949,12067,11113,23180,7881,6788,14669,4604,4798,9402,2452,4561,7013,626,2304,2930,92871,91719,184590
2021-01-30,4800,4511,9311,7734,7836,15570,18069,17907,35976,19368,17681,37049,15557,14509,30066,12104,11157,23261,7910,6820,14730,4616,4816,9432,2455,4569,7024,628,2307,2935,93241,92113,185354
2021-01-31,4803,4524,9327,7823,7912,15735,18143,17994,36137,19413,17746,37159,15622,14573,30195,12144,11201,23345,7937,6852,14789,4634,4828,9462,2458,4575,7033,628,2309,2937,93605,92514,186119
2021-02-01,4812,4537,9349,7905,8006,15911,18248,18087,36335,19496,17826,37322,15709,14644,30353,12207,11266,23473,7976,6894,14870,4665,4859,9524,2468,4589,7057,628,2313,2941,94114,93021,187135
2021-02-02,4818,4551,9369,7971,8078,16049,18343,18186,36529,19578,17908,37486,15774,14706,30480,12265,11325,23590,8017,6928,14945,4684,4873,9557,2475,4608,7083,628,2316,2944,94553,93479,188032
2021-02-03,4830,4564,9394,8041,8124,16165,18443,18276,36719,19664,17987,37651,15837,14772,30609,12329,11395,23724,8059,6973,15032,4706,4891,9597,2486,4626,7112,631,2316,2947,95026,93924,188950
2021-02-04,4835,4573,9408,8087,8171,16258,18521,18359,36880,19720,18057,37777,15912,14827,30739,12380,11457,23837,8101,7000,15101,4724,4916,9640,2497,4642,7139,631,2323,2954,95408,94325,189733
2021-02-05,4843,4581,9424,8133,8212,16345,18589,18431,37020,19795,18136,37931,15974,14897,30871,12426,11505,23931,8133,7023,15156,4742,4934,9676,2502,4652,7154,632,2327,2959,95769,94698,190467
2021-02-06,4850,4586,9436,8163,8241,16404,18654,18480,37134,19846,18193,38039,16025,14947,30972,12461,11545,24006,8157,7053,15210,4758,4951,9709,2507,4658,7165,632,2329,2961,96053,94983,191036
2021-02-07,4853,4591,9444,8188,8265,16453,18696,18525,37221,19894,18239,38133,16058,14977,31035,12498,11581,24079,8184,7086,15270,4778,4964,9742,2511,4667,7178,632,2332,2964,96292,95227,191519
2021-02-08,4864,4606,9470,8238,8308,16546,18760,18593,37353,19970,18321,38291,16140,15051,31191,12544,11637,24181,8231,7119,15350,4803,4994,9797,2518,4683,7201,634,2336,2970,96702,95648,192350
2021-02-09,4872,4610,9482,8278,8329,16607,18827,18642,37469,20026,18390,38416,16198,15103,31301,12588,11673,24261,8259,7153,15412,4818,5009,9827,2526,4692,7218,635,2338,2973,97027,95939,192966
2021-02-10,4885,4616,9501,8309,8361,16670,18885,18707,37592,20097,18458,38555,16253,15166,31419,12628,11712,24340,8287,7175,15462,4837,5026,9863,2530,4700,7230,636,2342,2978,97347,96263,193610
2021-02-11,4889,4623,9512,8337,8389,16726,18942,18776,37718,20156,18507,38663,16302,15216,31518,12662,11775,24437,8334,7208,15542,4858,5045,9903,2534,4702,7236,639,2347,2986,97653,96588,194241
2021-02-12,4897,4633,9530,8373,8422,16795,18994,18831,37825,20218,18571,38789,16358,15263,31621,12704,11807,24511,8363,7235,15598,4876,5063,9939,2547,4716,7263,641,2351,2992,97971,96892,194863
2021-02-13,4906,4636,9542,8397,8443,16840,19041,18877,37918,20268,18617,38885,16406,15309,31715,12739,11837,24576,8384,7251,15635,4894,5084,9978,2549,4725,7274,644,2353,2997,98228,97132,195360
2021-02-14,4911,4641,9552,8418,8465,16883,19070,18922,37992,20300,18664,38964,16448,15349,31797,12769,11864,24633,8408,7278,15686,4906,5099,10005,2553,4731,7284,644,2354,2998,98427,97367,195794
2021-02-15,4914,4647,9561,8441,8487,16928,19105,18970,38075,20349,18727,39076,16497,15399,31896,12797,11891,24688,8432,7298,15730,4914,5107,10021,2559,4736,7295,644,2359,3003,98652,97621,196273
2021-02-16,4923,4658,9581,8462,8518,16980,19141,19017,38158,20399,18769,39168,16544,15441,31985,12821,11921,24742,8452,7326,15778,4929,5131,10060,2566,4744,7310,646,2364,3010,98883,97889,196772
2021-02-17,4937,4665,9602,8489,8543,17032,19210,19087,38297,20472,18843,39315,16607,15507,32114,12870,11971,24841,8504,7356,15860,4946,5145,10091,2573,4758,7331,647,2366,3013,99255,98241,197496
2021-02-18,4943,4678,9621,8518,8564,17082,19287,19175,38462,20548,18920,39468,16660,15576,32236,12903,12022,24925,8537,7381,15918,4968,5160,10128,2578,4764,7342,648,2371,3019,99590,98611,198201
2021-02-19,4947,4682,9629,8554,8595,17149,19353,19240,38593,20652,18995,39647,16722,15630,32352,12933,12069,25002,8570,7403,15973,4986,5174,10160,2580,4772,7352,648,2371,3019,99945,98931,198876
2021-02-20,4953,4686,9639,8576,8613,17189,19406,19293,38699,20712,19049,39761,16759,15680,32439,12967,12109,25076,8600,7422,16022,5001,5191,10192,2584,4781,7365,649,2373,3022,100207,99197,199404
2021-02-21,4962,4690,9652,8592,8636,17228,19457,19347,38804,20765,19101,39866,16804,15718,32522,12995,12143,25138,8616,7452,16068,5011,5205,10216,2586,4785,7371,649,2377,3026,100437,99454,199891
2021-02-22,4971,4699,9670,8622,8660,17282,19522,19412,38934,20832,19156,39988,16859,15760,32619,13041,12173,25214,8634,7482,16116,5027,5221,10248,2590,4791,7381,651,2378,3029,100749,99732,200481
2021-02-23,4982,4710,9692,8648,8694,17342,19598,19468,39066,20895,19226,40121,16910,15802,32712,13073,12210,25283,8671,7505,16176,5043,5233,10276,2599,4798,7397,654,2378,3032,101073,100024,201097
2021-02-24,4995,4715,9710,8675,8721,17396,19671,19531,39202,20956,19273,40229,16961,15855,32816,13107,12255,25362,8698,7531,16229,5054,5254,10308,2600,4803,7403,656,2382,3038,101373,100320,201693
2021-02-25,5009,4727,9736,8707,8752,17459,19744,19619,39363,21019,19350,40369,17011,15919,32930,13156,12299,25455,8733,7551,16284,5069,5274,10343,2606,4808,7414,659,2388,3047,101713,100687,202400
2021-02-26,5016,4737,9753,8740,8776,17516,19797,19682,39479,21079,19398,40477,17044,15968,33012,13200,12346,25546,8756,7578,16334,5088,5297,10385,2612,4819,7431,661,2392,3053,101993,100993,202986
2021-02-27,5024,4740,9764,8759,8797,17556,19846,19735,39581,21126,19449,40575,17080,16017,33097,13239,12374,25613,8787,7596,16383,5094,5314,10408,2619,4824,7443,661,2393,3054,102235,101239,203474
2021-02-28,5030,4741,9771,8778,8812,17590,19876,19772,39648,21176,19500,40676,17112,16059,33171,13268,12388,25656,8804,7615,16419,5099,5323,10422,2621,4831,7452,661,2397,3058,102425,101438,203863
2021-03-01,5046,4758,9804,8813,8843,17656,19929,19827,39756,21263,19568,40831,17172,16114,33286,13314,12434,25748,8835,7636,16471,5114,5343,10457,2625,4845,7470,661,2400,3061,102772,101768,204540
2021-03-02,5059,4768,9827,8846,8872,17718,19990,19873,39863,21328,19642,40970,17220,16156,33376,13349,12474,25823,8865,7659,16524,5128,5356,10484,2630,4857,7487,661,2402,3063,103076,102059,205135
2021-03-03,5072,4777,9849,8883,8907,17790,20062,19935,39997,21391,19713,41104,17278,16201,33479,13385,12514,25899,8912,7686,16598,5145,5375,10520,2637,4869,7506,661,2405,3066,103426,102382,205808
2021-03-04,5087,4788,9875,8910,8943,17853,20126,19986,40112,21456,19764,41220,17336,16250,33586,13434,12550,25984,8946,7716,16662,5156,5388,10544,2638,4876,7514,662,2406,3068,103751,102667,206418
2021-03-05,5109,4795,9904,8952,8989,17941,20202,20058,40260,21523,19845,41368,17408,16297,33705,13490,12599,26089,8971,7750,16721,5172,5405,10577,2640,4888,7528,664,2409,3073,104131,103035,207166
2021-03-06,5114,4802,9916,8987,9028,18015,20237,20095,40332,21575,19889,41464,17456,16356,33812,13519,12636,26155,9003,7776,16779,5190,5410,10600,2646,4892,7538,664,2412,3076,104391,103296,207687
2021-03-07,5120,4815,9935,9012,9058,18070,20280,20136,40416,21625,19934,41559,17493,16400,33893,13559,12665,26224,9031,7802,16833,5196,5425,10621,2652,4896,7548,664,2413,3077,104632,103544,208176
2021-03-08,5137,4826,9963,9052,9078,18130,20345,20198,40543,21716,20001,41717,17568,16470,34038,13607,12720,26327,9072,7830,16902,5212,5442,10654,2663,4906,7569,665,2416,3081,105037,103887,208924
2021-03-09,5148,4844,9992,9087,9141,18228,20414,20265,40679,21790,20080,41870,17629,16544,34173,13669,12764,26433,9112,7860,16972,5234,5454,10688,2673,4916,7589,665,2418,3083,105421,104286,209707
2021-03-10,5165,4856,10021,9122,9187,18309,20464,20332,40796,21865,20142,42007,17678,16601,34279,13714,12822,26536,9142,7894,17036,5251,5481,10732,2676,4923,7599,665,2421,3086,105742,104659,210401
2021-03-11,5182,4876,10058,9156,9243,18399,20519,20413,40932,21943,20215,42158,17750,16657,34407,13765,12867,26632,9178,7920,17098,5265,5498,10763,2683,4936,7619,667,2423,3090,106108,105048,211156
2021-03-12,5201,4884,10085,9219,9305,18524,20580,20469,41049,22014,20278,42292,17826,16729,34555,13815,12926,26741,9204,7949,17153,5296,5523,10819,2688,4949,7637,669,2430,3099,106512,105442,211954
2021-03-13,5211,4892,10103,9260,9348,18608,20641,20522,41163,22062,20337,42399,17892,16780,34672,13859,12978,26837,9223,7969,17192,5312,5536,10848,2692,4952,7644,669,2433,3102,106821,105747,212568
2021-03-14,5220,4899,10119,9285,9392,18677,20692,20563,41255,22112,20384,42496,17932,16834,34766,13900,13023,26923,9253,7995,17248,5330,5553,10883,2698,4957,7655,669,2435,3104,107091,106035,213126
2021-03-15,5231,4919,10150,9328,9431,18759,20752,20612,41364,22200,20451,42651,18009,16886,34895,13971,13068,27039,9291,8031,17322,5358,5576,10934,2704,4965,7669,671,2445,3116,107515,106384,213899
2021-03-16,5244,4930,10174,9386,9475,18861,20821,20693,41514,22264,20516,42780,18100,16952,35052,14027,13118,27145,9315,8059,17374,5367,5588,10955,2715,4983,7698,674,2448,3122,107913,106762,214675
2021-03-17,5260,4945,10205,9448,9522,18970,20898,20774,41672,22351,20593,42944,18153,17019,35172,14064,13152,27216,9355,8092,17447,5391,5604,10995,2718,4987,7705,674,2450,3124,108312,107138,215450
2021-03-18,5276,4958,10234,9496,9572,19068,20970,20849,41819,22424,20676,43100,18211,17075,35286,14120,13206,27326,9383,8132,17515,5403,5636,11039,2726,4998,7724,674,2455,3129,108683,107557,216240
2021-03-19,5293,4977,10270,9548,9627,19175,21041,20931,41972,22516,20758,43274,18283,17155,35438,14169,13261,27430,9414,8168,17582,5430,5655,11085,2730,5011,7741,674,2456,3130,109098,107999,217097
2021-03-20,5299,4990,10289,9576,9664,19240,21096,20984,42080,22585,20813,43398,18356,17195,35551,14210,13302,27512,9444,8180,17624,5440,5672,11112,2734,5017,7751,674,2458,3132,109414,108275,217689
2021-03-21,5309,5004,10313,9611,9697,19308,21141,21039,42180,22657,20871,43528,18417,17255,35672,14244,13342,27586,9477,8213,17690,5462,5697,11159,2737,5026,7763,675,2458,3133,109730,108602,218332
2021-03-22,5325,5022,10347,9668,9753,19421,21236,21129,42365,22767,20982,43749,18502,17344,35846,14323,13416,27739,9515,8246,17761,5483,5715,11198,2745,5038,7783,676,2466,3142,110240,109111,219351
2021-03-23,5344,5034,10378,9718,9825,19543,21341,21240,42581,22887,21092,43979,18608,17438,36046,14399,13473,27872,9566,8304,17870,5509,5743,11252,2751,5055,7806,677,2471,3148,110800,109675,220475
2021-03-24,5361,5044,10405,9797,9895,19692,21442,21361,42803,22998,21191,44189,18718,17530,36248,14480,13551,28031,9617,8347,17964,5537,5766,11303,2760,5060,7820,680,2476,3156,111390,110221,221611
2021-03-25,5379,5062,10441,9865,9965,19830,21594,21494,43088,23124,21313,44437,18829,17643,36472,14555,13646,28201,9664,8401,18065,5569,5797,11366,2774,5075,7849,681,2479,3160,112034,110875,222909
2021-03-26,5408,5085,10493,9963,10035,19998,21728,21656,43384,23247,21434,44681,18963,17775,36738,14643,13734,28377,9711,8457,18168,5602,5832,11434,2783,5091,7874,682,2483,3165,112730,111582,224312
2021-03-27,5425,5103,10528,10029,10096,20125,21858,21779,43637,23353,21556,44909,19070,17890,36960,14727,13803,28530,9767,8515,18282,5628,5856,11484,2795,5103,7898,683,2487,3170,113335,112188,225523
2021-03-28,5445,5116,10561,10090,10162,20252,21954,21875,43829,23473,21669,45142,19184,17981,37165,14813,13878,28691,9813,8562,18375,5657,5881,11538,2802,5112,7914,684,2489,3173,113915,112725,226640
2021-03-29,5481,5145,10626,10185,10254,20439,22122,22039,44161,23615,21831,45446,19324,18118,37442,14945,13974,28919,9912,8610,18522,5698,5919,11617,2809,5125,7934,687,2494,3181,114778,113509,228287
2021-03-30,5501,5172,10673,10289,10341,20630,22322,22246,44568,23814,21998,45812,19489,18270,37759,15066,14093,29159,9987,8671,18658,5734,5961,11695,2821,5145,7966,694,2499,3193,115717,114396,230113
2021-03-31,5532,5199,10731,10392,10432,20824,22553,22460,45013,24024,22172,46196,19671,18423,38094,15171,14208,29379,10059,8734,18793,5763,5993,11756,2834,5162,7996,696,2506,3202,116695,115289,231984
2021-04-01,5551,5217,10768,10504,10552,21056,22802,22677,45479,24216,22362,46578,19795,18576,38371,15296,14313,29609,10145,8816,18961,5793,6029,11822,2844,5169,8013,699,2507,3206,117645,116218,233863
2021-04-02,5574,5244,10818,10606,10670,21276,22955,22836,45791,24389,22508,46897,19932,18701,38633,15390,14413,29803,10220,8876,19096,5828,6068,11896,2850,5180,8030,701,2508,3209,118445,117004,235449
2021-04-03,5594,5268,10862,10698,10755,21453,23108,22985,46093,24574,22688,47262,20093,18865,38958,15510,14522,30032,10294,8952,19246,5865,6105,11970,2864,5197,8061,704,2514,3218,119304,117851,237155
2021-04-04,5620,5289,10909,10802,10847,21649,23273,23161,46434,24749,22835,47584,20268,19004,39272,15622,14636,30258,10375,9019,19394,5894,6142,12036,2870,5209,8079,706,2517,3223,120179,118659,238838
2021-04-05,5657,5333,10990,10964,10990,21954,23559,23450,47009,25017,23134,48151,20481,19228,39709,15814,14829,30643,10493,9115,19608,5947,6201,12148,2885,5235,8120,706,2522,3228,121523,120037,241560
2021-04-06,5697,5366,11063,11096,11143,22239,23873,23720,47593,25290,23405,48695,20711,19464,40175,15998,14999,30997,10590,9205,19795,5994,6247,12241,2908,5252,8160,711,2528,3239,122868,121329,244197
2021-04-07,5738,5420,11158,11267,11311,22578,24207,24050,48257,25618,23639,49257,20955,19697,40652,16179,15160,31339,10689,9309,19998,6039,6291,12330,2927,5271,8198,714,2534,3248,124333,122682,247015
2021-04-08,5784,5471,11255,11423,11453,22876,24503,24345,48848,25887,23922,49809,21170,19924,41094,16374,15333,31707,10779,9396,20175,6092,6340,12432,2944,5294,8238,716,2537,3253,125672,124015,249687
2021-04-09,5841,5519,11360,11577,11588,23165,24749,24627,49376,26170,24191,50361,21399,20149,41548,16508,15485,31993,10857,9486,20343,6130,6382,12512,2962,5312,8274,720,2544,3264,126913,125283,252196
2021-04-10,5882,5550,11432,11707,11708,23415,24943,24873,49816,26372,24417,50789,21589,20326,41915,16637,15615,32252,10955,9570,20525,6173,6416,12589,2975,5332,8307,722,2550,3272,127955,126357,254312
2021-04-11,5911,5580,11491,11818,11855,23673,25092,25010,50102,26581,24629,51210,21765,20507,42272,16760,15743,32503,11048,9656,20704,6223,6468,12691,2986,5346,8332,724,2559,3283,128908,127353,256261
2021-04-12,5971,5624,11595,11988,12014,24002,25362,25251,50613,26890,24873,51763,21997,20750,42747,16947,15914,32861,11189,9779,20968,6296,6538,12834,3002,5371,8373,727,2564,3291,130369,128678,259047
2021-04-13,6017,5664,11681,12130,12145,24275,25585,25511,51096,27159,25112,52271,22238,20968,43206,17121,16091,33212,11312,9889,21201,6352,6600,12952,3023,5396,8419,733,2572,3305,131670,129948,261618
2021-04-14,6054,5726,11780,12284,12294,24578,25823,25796,51619,27410,25350,52760,22485,21214,43699,17333,16272,33605,11436,10029,21465,6426,6662,13088,3033,5418,8451,736,2582,3318,133020,131343,264363
2021-04-15,6101,5767,11868,12413,12400,24813,26047,26026,52073,27647,25590,53237,22710,21408,44118,17536,16427,33963,11546,10146,21692,6486,6719,13205,3048,5443,8491,739,2588,3327,134273,132514,266787
2021-04-16,6147,5809,11956,12554,12520,25074,26236,26260,52496,27921,25872,53793,22991,21650,44641,17730,16589,34319,11688,10265,21953,6549,6788,13337,3067,5464,8531,742,2596,3338,135625,133813,269438
2021-04-17,6184,5838,12022,12651,12637,25288,26424,26503,52927,28130,26104,54234,23211,21826,45037,17886,16739,34625,11801,10375,22176,6619,6861,13480,3077,5487,8564,745,2607,3352,136728,134977,271705
2021-04-18,6218,5879,12097,12740,12732,25472,26578,26665,53243,28330,26306,54636,23404,22004,45408,18058,16861,34919,11903,10469,22372,6669,6903,13572,3092,5506,8598,747,2614,3361,137739,135939,273678
2021-04-19,6263,5929,12192,12871,12856,25727,26842,26922,53764,28661,26586,55247,23670,22315,45985,18261,17055,35316,12058,10602,22660,6744,6966,13710,3109,5528,8637,748,2620,3368,139227,137379,276606
2021-04-20,6331,5987,12318,13000,12986,25986,27078,27166,54244,28948,26888,55836,23948,22577,46525,18474,17221,35695,12207,10728,22935,6804,7034,13838,3129,5564,8693,753,2624,3377,140672,138775,279447
2021-04-21,6376,6029,12405,13132,13120,26252,27308,27432,54740,29233,27162,56395,24227,22820,47047,18667,17403,36070,12342,10858,23200,6872,7106,13978,3157,5590,8747,755,2636,3391,142069,140156,282225
2021-04-22,6431,6082,12513,13262,13272,26534,27494,27617,55111,29501,27415,56916,24451,23041,47492,18833,17566,36399,12451,10972,23423,6930,7171,14101,3176,5613,8789,759,2647,3406,143288,141396,284684
2021-04-23,6491,6130,12621,13391,13408,26799,27717,27819,55536,29776,27666,57442,24682,23301,47983,19001,17743,36744,12566,11070,23636,6971,7241,14212,3192,5637,8829,763,2660,3423,144550,142675,287225
2021-04-24,6523,6163,12686,13479,13489,26968,27853,27963,55816,29935,27847,57782,24882,23491,48373,19161,17864,37025,12662,11142,23804,7004,7284,14288,3203,5662,8865,764,2670,3434,145466,143575,289041
2021-04-25,6564,6189,12753,13558,13569,27127,27972,28100,56072,30106,28020,58126,25046,23666,48712,19316,17985,37301,12740,11226,23966,7042,7324,14366,3214,5680,8894,765,2671,3436,146323,144430,290753
2021-04-26,6627,6226,12853,13649,13683,27332,28157,28314,56471,30374,28261,58635,25273,23900,49173,19495,18134,37629,12851,11332,24183,7092,7393,14485,3227,5703,8930,769,2678,3447,147514,145624,293138
2021-04-27,6680,6283,12963,13763,13803,27566,28334,28509,56843,30609,28511,59120,25472,24128,49600,19644,18297,37941,12959,11426,24385,7159,7462,14621,3253,5727,8980,774,2681,3455,148647,146827,295474
2021-04-28,6755,6322,13077,13900,13921,27821,28518,28677,57195,30837,28732,59569,25676,24345,50021,19809,18470,38279,13082,11530,24612,7216,7509,14725,3267,5749,9016,778,2689,3467,149838,147944,297782
2021-04-29,6800,6368,13168,14015,14048,28063,28716,28882,57598,31034,28968,60002,25888,24540,50428,19954,18616,38570,13191,11639,24830,7267,7568,14835,3283,5767,9050,780,2694,3474,150928,149090,300018
2021-04-30,6869,6426,13295,14126,14162,28288,28898,29082,57980,31236,29210,60446,26102,24744,50846,20110,18766,38876,13300,11767,25067,7322,7629,14951,3300,5784,9084,785,2701,3486,152048,150271,302319
2021-05-01,6910,6456,13366,14201,14231,28432,29018,29201,58219,31381,29377,60758,26243,24896,51139,20219,18870,39089,13397,11849,25246,7355,7669,15024,3306,5805,9111,785,2707,3492,152815,151061,303876
2021-05-02,6937,6484,13421,14273,14301,28574,29119,29320,58439,31515,29529,61044,26398,25045,51443,20330,18992,39322,13481,11927,25408,7391,7713,15104,3317,5823,9140,786,2711,3497,153547,151845,305392
2021-05-03,7006,6537,13543,14385,14431,28816,29307,29514,58821,31781,29780,61561,26638,25281,51919,20512,19185,39697,13617,12042,25659,7438,7770,15208,3339,5853,9192,793,2724,3517,154816,153117,307933
2021-05-04,7055,6601,13656,14492,14547,29039,29514,29683,59197,32014,29999,62013,26843,25470,52313,20679,19333,40012,13734,12130,25864,7483,7817,15300,3358,5874,9232,796,2737,3533,155968,154191,310159
2021-05-05,7103,6656,13759,14596,14636,29232,29691,29854,59545,32213,30203,62416,27012,25665,52677,20816,19498,40314,13827,12217,26044,7511,7868,15379,3372,5899,9271,801,2745,3546,156942,155241,312183
2021-05-06,7148,6703,13851,14674,14724,29398,29836,30035,59871,32395,30379,62774,27168,25829,52997,20950,19617,40567,13917,12302,26219,7552,7909,15461,3381,5918,9299,801,2756,3557,157822,156172,313994
2021-05-07,7189,6758,13947,14793,14826,29619,29984,30210,60194,32581,30561,63142,27331,25989,53320,21083,19755,40838,14012,12406,26418,7595,7952,15547,3398,5938,9336,804,2764,3568,158770,157159,315929
2021-05-08,7221,6779,14000,14863,14896,29759,30110,30327,60437,32725,30700,63425,27463,26151,53614,21196,19860,41056,14085,12474,26559,7632,7984,15616,3408,5957,9365,812,2777,3589,159515,157905,317420
2021-05-09,7253,6815,14068,14930,14962,29892,30214,30416,60630,32852,30837,63689,27596,26285,53881,21277,19943,41220,14160,12542,26702,7662,8017,15679,3417,5973,9390,816,2787,3603,160177,158577,318754
2021-05-10,7303,6873,14176,15064,15084,30148,30406,30643,61049,33092,31085,64177,27821,26503,54324,21465,20137,41602,14279,12673,26952,7725,8070,15795,3439,6014,9453,820,2797,3617,161414,159879,321293
2021-05-11,7361,6926,14287,15175,15177,30352,30586,30854,61440,33328,31305,64633,28038,26722,54760,21626,20291,41917,14378,12769,27147,7772,8116,15888,3449,6043,9492,828,2810,3638,162541,161013,323554
2021-05-12,7418,6986,14404,15268,15281,30549,30772,31045,61817,33566,31546,65112,28259,26926,55185,21786,20455,42241,14482,12853,27335,7819,8162,15981,3466,6076,9542,835,2820,3655,163671,162150,325821
2021-05-13,7482,7015,14497,15363,15376,30739,30931,31209,62140,33761,31734,65495,28445,27108,55553,21937,20616,42553,14553,12925,27478,7861,8211,16072,3480,6097,9577,839,2829,3668,164652,163120,327772
2021-05-14,7553,7072,14625,15482,15516,30998,31123,31428,62551,34006,32010,66016,28687,27327,56014,22120,20782,42902,14639,13040,27679,7918,8273,16191,3499,6119,9618,841,2837,3678,165868,164404,330272
2021-05-15,7614,7112,14726,15577,15630,31207,31270,31575,62845,34181,32175,66356,28876,27507,56383,22258,20920,43178,14724,13105,27829,7950,8319,16269,3512,6141,9653,842,2845,3687,166804,165329,332133
2021-05-16,7646,7153,14799,15649,15703,31352,31392,31724,63116,34361,32347,66708,29065,27687,56752,22391,21019,43410,14803,13179,27982,7988,8362,16350,3523,6153,9676,845,2857,3702,167663,166184,333847
2021-05-17,7730,7212,14942,15802,15854,31656,31647,31986,63633,34661,32630,67291,29350,27995,57345,22605,21256,43861,14937,13288,28225,8050,8438,16488,3557,6192,9749,852,2871,3723,169191,167722,336913
2021-05-18,7811,7280,15091,15949,15976,31925,31894,32245,64139,34972,32913,67885,29587,28245,57832,22798,21466,44264,15052,13406,28458,8113,8492,16605,3576,6224,9800,855,2892,3747,170607,169139,339746
2021-05-19,7884,7351,15235,16100,16123,32223,32150,32509,64659,35259,33192,68451,29868,28500,58368,22980,21641,44621,15175,13503,28678,8162,8560,16722,3597,6256,9853,857,2898,3755,172032,170533,342565
2021-05-20,7950,7406,15356,16228,16260,32488,32390,32780,65170,35530,33457,68987,30096,28745,58841,23148,21795,44943,15267,13606,28873,8226,8618,16844,3613,6303,9916,859,2905,3764,173307,171875,345182
2021-05-21,8013,7475,15488,16358,16382,32740,32604,33013,65617,35766,33711,69477,30332,28969,59301,23337,21972,45309,15356,13698,29054,8266,8666,16932,3635,6337,9972,862,2911,3773,174529,173134,347663
2021-05-22,8059,7502,15561,16431,16475,32906,32741,33154,65895,35974,33891,69865,30489,29131,59620,23477,22112,45589,15437,13770,29207,8296,8707,17003,3648,6371,10019,866,2928,3794,175418,174041,349459
2021-05-23,8084,7535,15619,16510,16577,33087,32893,33280,66173,36145,34059,70204,30674,29279,59953,23621,22232,45853,15519,13819,29338,8329,8744,17073,3668,6392,10060,868,2935,3803,176311,174852,351163
2021-05-24,8138,7561,15699,16613,16699,33312,33094,33477,66571,36411,34283,70694,30938,29518,60456,23802,22402,46204,15628,13901,29529,8366,8784,17150,3690,6420,10110,870,2944,3814,177550,175989,353539
2021-05-25,8184,7602,15786,16720,16790,33510,33272,33676,66948,36665,34511,71176,31191,29739,60930,23957,22567,46524,15714,13967,29681,8401,8829,17230,3708,6453,10161,870,2951,3821,178682,177085,355767
2021-05-26,8240,7668,15908,16855,16913,33768,33508,33930,67438,36963,34768,71731,31463,30001,61464,24164,22746,46910,15825,14080,29905,8457,8891,17348,3730,6494,10224,874,2967,3841,180079,178458,358537
2021-05-27,8308,7728,16036,16965,17035,34000,33725,34143,67868,37226,35022,72248,31699,30254,61953,24355,22923,47278,15930,14171,30101,8505,8940,17445,3751,6529,10280,878,2984,3862,181342,179729,361071
2021-05-28,8367,7779,16146,17111,17150,34261,33927,34352,68279,37444,35282,72726,31936,30468,62404,24531,23089,47620,16015,14275,30290,8545,8980,17525,3767,6569,10336,886,2995,3881,182529,180939,363468
2021-05-29,8419,7828,16247,17201,17249,34450,34056,34507,68563,37620,35459,73079,32094,30634,62728,24638,23229,47867,16095,14349,30444,8583,9023,17606,3786,6584,10370,887,3006,3893,183379,181868,365247
2021-05-30,8449,7855,16304,17272,17318,34590,34171,34634,68805,37755,35596,73351,32237,30784,63021,24715,23327,48042,16144,14396,30540,8607,9054,17661,3798,6605,10403,887,3008,3895,184035,182577,366612
2021-05-31,8503,7912,16415,17385,17433,34818,34351,34820,69171,37973,35830,73803,32417,31024,63441,24870,23483,48353,16224,14485,30709,8655,9108,17763,3819,6630,10449,888,3020,3908,185085,183745,368830
2021-06-01,8547,7961,16508,17478,17528,35006,34523,34988,69511,38165,36017,74182,32587,31224,63811,25016,23602,48618,16300,14557,30857,8691,9159,17850,3833,6656,10489,895,3031,3926,186035,184723,370758
2021-06-02,8587,8002,16589,17569,17603,35172,34650,35132,69782,38331,36184,74515,32728,31373,64101,25123,23707,48830,16370,14627,30997,8731,9202,17933,3849,6683,10532,901,3041,3942,186839,185554,372393
2021-06-03,8635,8047,16682,17664,17698,35362,34799,35286,70085,38487,36350,74837,32878,31517,64395,25221,23839,49060,16429,14681,31110,8770,9240,18010,3859,6708,10567,904,3053,3957,187646,186419,374065
2021-06-04,8688,8103,16791,17748,17806,35554,34935,35436,70371,38674,36510,75184,33020,31653,64673,25327,23973,49300,16483,14744,31227,8804,9277,18081,3870,6732,10602,906,3062,3968,188455,187296,375751
2021-06-05,8723,8142,16865,17808,17867,35675,35031,35529,70560,38808,36625,75433,33145,31780,64925,25420,24053,49473,16540,14789,31329,8825,9309,18134,3883,6766,10649,913,3078,3991,189096,187938,377034
2021-06-06,8763,8174,16937,17868,17913,35781,35118,35626,70744,38919,36731,75650,33270,31889,65159,25495,24130,49625,16579,14830,31409,8850,9335,18185,3892,6788,10680,917,3085,4002,189671,188501,378172
2021-06-07,8804,8215,17019,17968,17995,35963,35277,35775,71052,39087,36915,76002,33438,32072,65510,25626,24260,49886,16649,14880,31529,8886,9385,18271,3921,6810,10731,920,3096,4016,190576,189403,379979
2021-06-08,8847,8264,17111,18075,18071,36146,35421,35892,71313,39206,37072,76278,33586,32226,65812,25744,24364,50108,16698,14941,31639,8919,9419,18338,3937,6833,10770,922,3105,4027,191355,190187,381542
2021-06-09,8892,8295,17187,18153,18158,36311,35549,36018,71567,39356,37217,76573,33737,32352,66089,25857,24470,50327,16753,14987,31740,8956,9443,18399,3960,6850,10810,923,3111,4034,192136,190901,383037
2021-06-10,8936,8344,17280,18242,18261,36503,35699,36163,71862,39523,37373,76896,33903,32502,66405,25972,24574,50546,16810,15046,31856,8989,9478,18467,3973,6868,10841,928,3120,4048,192975,191729,384704
2021-06-11,8983,8381,17364,18330,18336,36666,35846,36285,72131,39670,37521,77191,34024,32653,66677,26070,24678,50748,16868,15104,31972,9019,9512,18531,3986,6898,10884,933,3129,4062,193729,192497,386226
2021-06-12,9018,8414,17432,18381,18395,36776,35927,36367,72294,39760,37619,77379,34123,32749,66872,26136,24736,50872,16897,15143,32040,9042,9532,18574,3994,6908,10902,935,3138,4073,194213,193001,387214
2021-06-13,9057,8452,17509,18426,18460,36886,36014,36456,72470,39851,37725,77576,34229,32831,67060,26206,24798,51004,16933,15181,32114,9063,9557,18620,4006,6929,10935,936,3146,4082,194721,193535,388256
2021-06-14,9105,8504,17609,18510,18550,37060,36155,36586,72741,40029,37923,77952,34401,32964,67365,26303,24873,51176,16989,15251,32240,9092,9601,18693,4017,6957,10974,939,3154,4093,195540,194363,389903
2021-06-15,9147,8535,17682,18601,18620,37221,36267,36711,72978,40167,38041,78208,34526,33100,67626,26392,24959,51351,17047,15298,32345,9123,9639,18762,4031,6982,11013,943,3173,4116,196244,195058,391302
2021-06-16,9186,8574,17760,18661,18694,37355,36383,36819,73202,40295,38181,78476,34652,33218,67870,26465,25029,51494,17092,15346,32438,9151,9657,18808,4038,6991,11029,947,3178,4125,196870,195687,392557
2021-06-17,9218,8603,17821,18741,18765,37506,36483,36919,73402,40430,38313,78743,34770,33360,68130,26545,25096,51641,17148,15406,32554,9187,9696,18883,4053,7015,11068,949,3186,4135,197524,196359,393883
2021-06-18,9253,8643,17896,18805,18833,37638,36576,37023,73599,40558,38418,78976,34867,33464,68331,26618,25168,51786,17187,15449,32636,9215,9730,18945,4056,7032,11088,952,3190,4142,198087,196950,395037
2021-06-19,9286,8675,17961,18851,18885,37736,36632,37085,73717,40646,38504,79150,34936,33548,68484,26675,25219,51894,17215,15483,32698,9237,9757,18994,4063,7043,11106,953,3191,4144,198494,197390,395884
2021-06-20,9305,8690,17995,18898,18930,37828,36685,37154,73839,40725,38575,79300,35005,33618,68623,26730,25261,51991,17235,15505,32740,9247,9769,19016,4069,7051,11120,956,3193,4149,198855,197746,396601
2021-06-21,9338,8721,18059,18958,18982,37940,36768,37228,73996,40818,38709,79527,35101,33705,68806,26779,25329,52108,17271,15537,32808,9268,9787,19055,4074,7062,11136,957,3198,4155,199332,198258,397590
2021-06-22,9387,8774,18161,19049,19067,38116,36872,37361,74233,40974,38878,79852,35249,33855,69104,26864,25407,52271,17329,15592,32921,9298,9817,19115,4085,7075,11160,957,3202,4159,200064,199028,399092
2021-06-23,9434,8814,18248,19122,19144,38266,36989,37466,74455,41090,39007,80097,35382,33966,69348,26945,25475,52420,17383,15627,33010,9324,9842,19166,4093,7083,11176,957,3204,4161,200719,199628,400347
2021-06-24,9479,8847,18326,19192,19220,38412,37100,37594,74694,41241,39166,80407,35504,34096,69600,27031,25564,52595,17426,15670,33096,9348,9882,19230,4102,7098,11200,962,3208,4170,201385,200345,401730
2021-06-25,9524,8896,18420,19290,19298,38588,37207,37745,74952,41392,39310,80702,35623,34227,69850,27114,25644,52758,17477,15734,33211,9371,9920,19291,4109,7118,11227,964,3213,4177,202071,201105,403176
2021-06-26,9553,8927,18480,19352,19353,38705,37281,37830,75111,41497,39387,80884,35709,34312,70021,27172,25714,52886,17511,15759,33270,9391,9938,19329,4115,7131,11246,965,3220,4185,202546,201571,404117
2021-06-27,9578,8954,18532,19394,19401,38795,37347,37897,75244,41575,39468,81043,35788,34390,70178,27209,25755,52964,17541,15786,33327,9402,9956,19358,4117,7138,11255,966,3224,4190,202917,201969,404886
2021-06-28,9621,9003,18624,19456,19472,38928,37443,37987,75430,41686,39598,81284,35907,34502,70409,27261,25816,53077,17593,15822,33415,9424,9977,19401,4124,7151,11275,966,3230,4196,203481,202558,406039
2021-06-29,9652,9046,18698,19525,19531,39056,37525,38074,75599,41808,39706,81514,36001,34607,70608,27316,25872,53188,17627,15866,33493,9446,10005,19451,4132,7165,11297,968,3235,4203,204000,203107,407107
2021-06-30,9685,9086,18771,19611,19596,39207,37611,38175,75786,41922,39812,81734,36084,34715,70799,27376,25928,53304,17658,15903,33561,9468,10036,19504,4141,7177,11318,970,3237,4207,204526,203665,408191
2021-07-01,9715,9110,18825,19683,19660,39343,37711,38284,75995,42023,39921,81944,36173,34801,70974,27439,26004,53443,17696,15945,33641,9490,10055,19545,4147,7187,11334,970,3240,4210,205047,204207,409254
2021-07-02,9755,9145,18900,19756,19727,39483,37785,38370,76155,42126,40035,82161,36282,34888,71170,27501,26062,53563,17725,15980,33705,9509,10082,19591,4152,7194,11346,970,3244,4214,205561,204727,410288
2021-07-03,9785,9167,18952,19799,19771,39570,37844,38447,76291,42199,40112,82311,36361,34948,71309,27541,26109,53650,17756,16011,33767,9520,10095,19615,4157,7200,11357,970,3247,4217,205932,205107,411039
2021-07-04,9808,9179,18987,19822,19815,39637,37919,38490,76409,42272,40165,82437,36421,35004,71425,27582,26150,53732,17779,16034,33813,9538,10108,19646,4162,7205,11367,970,3251,4221,206273,205401,411674
2021-07-05,9851,9207,19058,19884,19879,39763,38010,38582,76592,42410,40270,82680,36528,35105,71633,27639,26213,53852,17822,16074,33896,9565,10134,19699,4170,7214,11384,973,3253,4226,206852,205931,412783
2021-07-06,9888,9243,19131,19949,19922,39871,38096,38671,76767,42521,40366,82887,36626,35207,71833,27693,26248,53941,17858,16107,33965,9591,10156,19747,4178,7224,11402,977,3254,4231,207377,206398,413775
2021-07-07,9924,9275,19199,20006,19979,39985,38195,38752,76947,42627,40458,83085,36705,35285,71990,27740,26294,54034,17881,16128,34009,9609,10181,19790,4192,7229,11421,978,3254,4232,207857,206835,414692
2021-07-08,9959,9306,19265,20079,20039,40118,38303,38857,77160,42739,40592,83331,36808,35366,72174,27786,26371,54157,17915,16157,34072,9624,10199,19823,4194,7236,11430,980,3257,4237,208387,207380,415767
2021-07-09,9987,9323,19310,20140,20086,40226,38373,38930,77303,42815,40663,83478,36874,35438,72312,27818,26416,54234,17934,16178,34112,9641,10212,19853,4196,7240,11436,981,3258,4239,208759,207744,416503
2021-07-10,10013,9342,19355,20180,20129,40309,38440,39013,77453,42874,40735,83609,36952,35510,72462,27865,26469,54334,17956,16209,34165,9666,10238,19904,4199,7250,11449,983,3260,4243,209128,208155,417283
2021-07-11,10028,9366,19394,20226,20169,40395,38486,39084,77570,42952,40807,83759,37015,35572,72587,27900,26499,54399,17978,16231,34209,9677,10251,19928,4203,7254,11457,983,3260,4243,209448,208493,417941
2021-07-12,10063,9398,19461,20283,20221,40504,38585,39184,77769,43060,40910,83970,37106,35666,72772,27962,26562,54524,18016,16262,34278,9708,10277,19985,4208,7263,11471,983,3262,4245,209974,209005,418979
2021-07-13,10093,9436,19529,20343,20271,40614,38678,39278,77956,43128,40995,84123,37178,35749,72927,28011,26598,54609,18048,16287,34335,9726,10295,20021,4214,7276,11490,986,3269,4255,210405,209454,419859
2021-07-14,10124,9458,19582,20400,20326,40726,38769,39376,78145,43212,41094,84306,37241,35828,73069,28062,26650,54712,18077,16317,34394,9748,10311,20059,4215,7285,11500,986,3274,4260,210834,209919,420753
2021-07-15,10148,9477,19625,20461,20389,40850,38866,39475,78341,43308,41180,84488,37316,35907,73223,28106,26693,54799,18105,16349,34454,9761,10331,20092,4219,7288,11507,987,3276,4263,211277,210365,421642
2021-07-16,10183,9497,19680,20515,20442,40957,38953,39564,78517,43397,41279,84676,37378,35980,73358,28136,26743,54879,18135,16385,34520,9784,10358,20142,4221,7302,11523,988,3277,4265,211690,210827,422517
2021-07-17,10214,9512,19726,20559,20485,41044,39031,39620,78651,43459,41344,84803,37423,36047,73470,28175,26777,54952,18153,16403,34556,9796,10374,20170,4227,7303,11530,989,3278,4267,212026,211143,423169
2021-07-18,10224,9525,19749,20593,20519,41112,39083,39669,78752,43502,41399,84901,37467,36088,73555,28192,26801,54993,18169,16416,34585,9804,10385,20189,4236,7309,11545,989,3278,4267,212259,211389,423648
2021-07-19,10240,9550,19790,20644,20562,41206,39162,39751,78913,43584,41475,85059,37545,36161,73706,28237,26847,55084,18192,16440,34632,9813,10405,20218,4241,7315,11556,991,3281,4272,212649,211787,424436
2021-07-20,10260,9577,19837,20687,20597,41284,39222,39825,79047,43650,41550,85200,37612,36216,73828,28275,26882,55157,18213,16458,34671,9827,10415,20242,4245,7320,11565,991,3282,4273,212982,212122,425104
2021-07-21,10287,9593,19880,20729,20656,41385,39298,39895,79193,43715,41614,85329,37654,36293,73947,28320,26928,55248,18236,16480,34716,9836,10430,20266,4248,7323,11571,993,3282,4275,213316,212494,425810
2021-07-22,10302,9610,19912,20781,20705,41486,39378,39959,79337,43790,41699,85489,37713,36345,74058,28352,26974,55326,18281,16500,34781,9854,10438,20292,4251,7330,11581,995,3282,4277,213697,212842,426539
2021-07-23,10318,9628,19946,20833,20760,41593,39459,40043,79502,43864,41768,85632,37771,36406,74177,28391,27008,55399,18309,16529,34838,9864,10457,20321,4253,7338,11591,996,3283,4279,214058,213220,427278
2021-07-24,10331,9637,19968,20872,20799,41671,39517,40089,79606,43920,41824,85744,37818,36460,74278,28414,27039,55453,18334,16545,34879,9875,10465,20340,4255,7341,11596,996,3284,4280,214332,213483,427815
2021-07-25,10341,9648,19989,20905,20835,41740,39563,40142,79705,43977,41867,85844,37858,36502,74360,28436,27063,55499,18354,16553,34907,9887,10476,20363,4257,7347,11604,996,3287,4283,214574,213720,428294
2021-07-26,10362,9665,20027,20960,20885,41845,39656,40249,79905,44062,41941,86003,37914,36571,74485,28476,27109,55585,18383,16580,34963,9907,10495,20402,4262,7357,11619,996,3288,4284,214978,214140,429118
2021-07-27,10381,9676,20057,21001,20936,41937,39728,40337,80065,44145,42016,86161,37968,36625,74593,28514,27147,55661,18405,16596,35001,9917,10508,20425,4262,7361,11623,997,3289,4286,215318,214491,429809
2021-07-28,10394,9693,20087,21045,20980,42025,39782,40410,80192,44201,42081,86282,38014,36676,74690,28539,27178,55717,18420,16618,35038,9925,10519,20444,4265,7363,11628,997,3291,4288,215582,214809,430391
2021-07-29,10421,9705,20126,21091,21016,42107,39856,40470,80326,44258,42145,86403,38054,36725,74779,28566,27211,55777,18440,16640,35080,9932,10528,20460,4269,7370,11639,999,3294,4293,215886,215104,430990
2021-07-30,10447,9721,20168,21140,21073,42213,39918,40540,80458,44306,42212,86518,38111,36785,74896,28607,27244,55851,18466,16671,35137,9941,10543,20484,4272,7382,11654,1001,3296,4297,216209,215467,431676
2021-07-31,10461,9744,20205,21170,21112,42282,39964,40592,80556,44343,42269,86612,38153,36824,74977,28644,27279,55923,18478,16683,35161,9957,10551,20508,4273,7385,11658,1001,3297,4298,216444,215736,432180
2021-08-01,10477,9757,20234,21202,21145,42347,40002,40626,80628,44390,42312,86702,38197,36876,75073,28673,27316,55989,18500,16697,35197,9964,10562,20526,4277,7390,11667,1002,3297,4299,216684,215978,432662
2021-08-02,10504,9781,20285,21275,21223,42498,40074,40706,80780,44451,42369,86820,38256,36947,75203,28731,27365,56096,18526,16724,35250,9975,10584,20559,4279,7396,11675,1003,3300,4303,217074,216395,433469
2021-08-03,10521,9796,20317,21331,21296,42627,40155,40762,80917,44511,42433,86944,38322,36999,75321,28766,27400,56166,18551,16747,35298,9990,10603,20593,4284,7400,11684,1003,3302,4305,217434,216738,434172
2021-08-04,10545,9806,20351,21374,21334,42708,40237,40832,81069,44565,42500,87065,38361,37049,75410,28804,27440,56244,18565,16766,35331,10007,10615,20622,4290,7402,11692,1005,3303,4308,217753,217047,434800
2021-08-05,10564,9820,20384,21429,21409,42838,40301,40905,81206,44629,42561,87190,38412,37103,75515,28849,27480,56329,18586,16785,35371,10016,10633,20649,4294,7409,11703,1008,3308,4316,218088,217413,435501
2021-08-06,10577,9846,20423,21483,21478,42961,40357,40984,81341,44695,42615,87310,38470,37166,75636,28891,27526,56417,18614,16807,35421,10034,10648,20682,4297,7414,11711,1008,3308,4316,218426,217792,436218
2021-08-07,10590,9861,20451,21513,21509,43022,40392,41037,81429,44733,42659,87392,38505,37206,75711,28920,27547,56467,18624,16827,35451,10041,10657,20698,4297,7417,11714,1008,3308,4316,218623,218028,436651
2021-08-08,10600,9884,20484,21541,21542,43083,40429,41075,81504,44773,42696,87469,38540,37244,75784,28942,27573,56515,18636,16842,35478,10045,10666,20711,4297,7418,11715,1008,3308,4316,218811,218248,437059
2021-08-09,10613,9909,20522,21588,21591,43179,40482,41126,81608,44827,42739,87566,38577,37280,75857,28984,27604,56588,18655,16858,35513,10053,10681,20734,4301,7421,11722,1008,3308,4316,219088,218517,437605
2021-08-10,10643,9928,20571,21629,21653,43282,40533,41173,81706,44873,42796,87669,38607,37322,75929,29018,27634,56652,18677,16886,35563,10063,10690,20753,4304,7423,11727,1008,3309,4317,219355,218814,438169
2021-08-11,10663,9948,20611,21672,21706,43378,40588,41229,81817,44913,42838,87751,38643,37362,76005,29040,27685,56725,18695,16904,35599,10074,10699,20773,4305,7429,11734,1008,3310,4318,219601,219110,438711
2021-08-12,10684,9967,20651,21719,21763,43482,40634,41268,81902,44958,42886,87844,38684,37391,76075,29062,27707,56769,18707,16924,35631,10083,10715,20798,4307,7437,11744,1008,3310,4318,219846,219368,439214
2021-08-13,10703,9994,20697,21766,21812,43578,40671,41299,81970,45000,42930,87930,38721,37429,76150,29083,27735,56818,18721,16937,35658,10087,10724,20811,4310,7445,11755,1009,3314,4323,220071,219619,439690
2021-08-14,10717,10005,20722,21798,21839,43637,40695,41331,82026,45041,42976,88017,38736,37452,76188,29103,27755,56858,18737,16944,35681,10097,10731,20828,4311,7447,11758,1009,3314,4323,220244,219794,440038
2021-08-15,10730,10014,20744,21817,21871,43688,40710,41361,82071,45069,43002,88071,38760,37474,76234,29129,27774,56903,18749,16949,35698,10107,10734,20841,4311,7448,11759,1010,3314,4324,220392,219941,440333
2021-08-16,10749,10023,20772,21848,21898,43746,40740,41399,82139,45096,43035,88131,38791,37505,76296,29146,27788,56934,18754,16961,35715,10109,10740,20849,4314,7452,11766,1010,3314,4324,220557,220115,440672
2021-08-17,10768,10038,20806,21910,21944,43854,40789,41442,82231,45138,43074,88212,38844,37548,76392,29164,27805,56969,18769,16978,35747,10116,10752,20868,4318,7458,11776,1010,3315,4325,220826,220354,441180
2021-08-18,10793,10058,20851,21966,21980,43946,40838,41476,82314,45183,43123,88306,38871,37588,76459,29194,27830,57024,18788,16997,35785,10122,10761,20883,4319,7462,11781,1010,3315,4325,221084,220590,441674
2021-08-19,10814,10070,20884,22021,22019,44040,40878,41509,82387,45221,43160,88381,38899,37626,76525,29208,27853,57061,18806,17009,35815,10127,10764,20891,4320,7466,11786,1010,3315,4325,221304,220791,442095
2021-08-20,10840,10090,20930,22062,22072,44134,40912,41542,82454,45256,43203,88459,38928,37674,76602,29232,27874,57106,18823,17030,35853,10138,10776,20914,4322,7476,11798,1011,3316,4327,221524,221053,442577
2021-08-21,10847,10099,20946,22093,22098,44191,40934,41573,82507,45278,43229,88507,38950,37707,76657,29248,27892,57140,18827,17034,35861,10142,10782,20924,4323,7478,11801,1011,3317,4328,221653,221209,442862
2021-08-22,10863,10116,20979,22112,22119,44231,40958,41593,82551,45298,43249,88547,38972,37733,76705,29260,27907,57167,18834,17039,35873,10148,10787,20935,4324,7480,11804,1011,3320,4331,221780,221343,443123
2021-08-23,10878,10132,21010,22144,22148,44292,40985,41621,82606,45337,43281,88618,38999,37764,76763,29278,27920,57198,18844,17053,35897,10158,10789,20947,4325,7482,11807,1013,3320,4333,221961,221510,443471
2021-08-24,10892,10149,21041,22183,22178,44361,41007,41652,82659,45366,43319,88685,39024,37791,76815,29293,27939,57232,18851,17060,35911,10167,10796,20963,4329,7485,11814,1013,3322,4335,222125,221691,443816
2021-08-25,10904,10163,21067,22220,22203,44423,41040,41675,82715,45389,43347,88736,39045,37832,76877,29311,27961,57272,18858,17067,35925,10169,10804,20973,4330,7489,11819,1014,3322,4336,222280,221863,444143
2021-08-26,10920,10184,21104,22257,22231,44488,41067,41717,82784,45412,43376,88788,39069,37852,76921,29324,27974,57298,18873,17069,35942,10175,10807,20982,4332,7493,11825,1015,3323,4338,222444,222026,444470
2021-08-27,10933,10199,21132,22298,22266,44564,41101,41741,82842,45433,43398,88831,39090,37880,76970,29338,27988,57326,18880,17076,35956,10176,10814,20990,4332,7503,11835,1016,3325,4341,222597,222190,444787
2021-08-28,10944,10207,21151,22318,22288,44606,41121,41769,82890,45447,43416,88863,39107,37899,77006,29355,28002,57357,18890,17081,35971,10182,10814,20996,4333,7503,11836,1016,3325,4341,222713,222304,445017
2021-08-29,10951,10222,21173,22348,22314,44662,41141,41789,82930,45471,43435,88906,39122,37916,77038,29364,28012,57376,18891,17087,35978,10183,10819,21002,4333,7503,11836,1016,3325,4341,222820,222422,445242
2021-08-30,10963,10237,21200,22378,22356,44734,41169,41818,82987,45496,43457,88953,39141,37949,77090,29375,28026,57401,18896,17098,35994,10188,10822,21010,4333,7505,11838,1017,3328,4345,222956,222596,445552
2021-08-31,10974,10246,21220,22417,22382,44799,41188,41847,83035,45531,43473,89004,39166,37980,77146,29385,28043,57428,18907,17104,36011,10192,10830,21022,4337,7507,11844,1017,3330,4347,223114,222742,445856
2021-09-01,10987,10263,21250,22455,22409,44864,41210,41875,83085,45553,43500,89053,39185,38011,77196,29396,28060,57456,18908,17115,36023,10197,10835,21032,4337,7510,11847,1017,3332,4349,223245,222910,446155
2021-09-02,10996,10277,21273,22478,22444,44922,41233,41899,83132,45577,43522,89099,39206,38034,77240,29410,28073,57483,18913,17120,36033,10199,10840,21039,4337,7514,11851,1018,3332,4350,223367,223055,446422
2021-09-03,11010,10295,21305,22512,22473,44985,41254,41916,83170,45591,43547,89138,39225,38064,77289,29424,28090,57514,18925,17129,36054,10206,10848,21054,4338,7517,11855,1018,3335,4353,223503,223214,446717
2021-09-04,11016,10303,21319,22525,22485,45010,41262,41929,83191,45605,43558,89163,39230,38079,77309,29426,28101,57527,18929,17131,36060,10208,10852,21060,4339,7522,11861,1018,3335,4353,223558,223295,446853
2021-09-05,11031,10318,21349,22545,22496,45041,41268,41938,83206,45620,43571,89191,39249,38089,77338,29432,28108,57540,18933,17133,36066,10209,10855,21064,4341,7523,11864,1018,3335,4353,223646,223366,447012
2021-09-06,11048,10330,21378,22569,22513,45082,41284,41957,83241,45644,43593,89237,39275,38106,77381,29441,28123,57564,18940,17139,36079,10214,10857,21071,4341,7524,11865,1018,3335,4353,223774,223477,447251
2021-09-07,11059,10342,21401,22586,22533,45119,41296,41971,83267,45664,43617,89281,39291,38118,77409,29449,28131,57580,18949,17143,36092,10215,10860,21075,4343,7526,11869,1018,3335,4353,223870,223576,447446
2021-09-08,11075,10356,21431,22605,22553,45158,41306,41988,83294,45680,43632,89312,39308,38134,77442,29457,28134,57591,18955,17145,36100,10218,10865,21083,4343,7527,11870,1018,3336,4354,223965,223670,447635
2021-09-09,11087,10364,21451,22622,22568,45190,41319,42001,83320,45697,43652,89349,39322,38149,77471,29471,28147,57618,18959,17147,36106,10220,10870,21090,4344,7528,11872,1018,3336,4354,224059,223762,447821
2021-09-10,11107,10379,21486,22640,22588,45228,41331,42013,83344,45722,43676,89398,39346,38167,77513,29482,28158,57640,18964,17152,36116,10222,10872,21094,4345,7529,11874,1018,3336,4354,224177,223870,448047
2021-09-11,11116,10385,21501,22654,22596,45250,41342,42020,83362,45734,43693,89427,39359,38184,77543,29488,28165,57653,18970,17155,36125,10222,10873,21095,4345,7529,11874,1018,3336,4354,224248,223936,448184
2021-09-12,11124,10397,21521,22666,22614,45280,41349,42031,83380,45744,43703,89447,39367,38195,77562,29490,28174,57664,18974,17157,36131,10222,10874,21096,4348,7530,11878,1018,3336,4354,224302,224011,448313
2021-09-13,11146,10412,21558,22689,22631,45320,41362,42046,83408,45760,43719,89479,39380,38214,77594,29498,28184,57682,18978,17165,36143,10225,10877,21102,4349,7533,11882,1018,3337,4355,224405,224118,448523
2021-09-14,11161,10425,21586,22703,22651,45354,41371,42056,83427,45771,43732,89503,39394,38231,77625,29506,28196,57702,18981,17166,36147,10231,10884,21115,4349,7533,11882,1018,3337,4355,224485,224211,448696
2021-09-15,11171,10441,21612,22721,22672,45393,41381,42060,83441,45789,43745,89534,39408,38251,77659,29511,28205,57716,18985,17171,36156,10235,10891,21126,4349,7533,11882,1018,3337,4355,224568,224306,448874
2021-09-16,11186,10455,21641,22743,22693,45436,41392,42067,83459,45802,43755,89557,39417,38267,77684,29517,28212,57729,18990,17175,36165,10238,10895,21133,4351,7533,11884,1018,3337,4355,224654,224389,449043
2021-09-17,11197,10468,21665,22754,22705,45459,41403,42077,83480,45816,43774,89590,39433,38282,77715,29526,28225,57751,18993,17182,36175,10241,10899,21140,4353,7533,11886,1018,3337,4355,224734,224482,449216
2021-09-18,11209,10474,21683,22762,22714,45476,41408,42082,83490,45823,43785,89608,39440,38294,77734,29532,28228,57760,18996,17183,36179,10241,10901,21142,4354,7533,11887,1018,3338,4356,224783,224532,449315
2021-09-19,11223,10480,21703,22767,22722,45489,41411,42090,83501,45830,43789,89619,39448,38305,77753,29535,28233,57768,18998,17184,36182,10244,10903,21147,4354,7534,11888,1018,3338,4356,224828,224578,449406
2021-09-20,11231,10488,21719,22786,22728,45514,41418,42097,83515,45836,43801,89637,39457,38316,77773,29541,28240,57781,19005,17189,36194,10244,10903,21147,4355,7535,11890,1018,3338,4356,224891,224635,449526
2021-09-21,11239,10497,21736,22802,22738,45540,41425,42105,83530,45852,43813,89665,39469,38326,77795,29548,28247,57795,19009,17191,36200,10248,10905,21153,4355,7537,11892,1018,3338,4356,224965,224697,449662
2021-09-22,11250,10503,21753,22814,22748,45562,41435,42110,83545,45865,43825,89690,39480,38340,77820,29550,28253,57803,19013,17191,36204,10250,10907,21157,4355,7538,11893,1018,3338,4356,225030,224753,449783
2021-09-23,11256,10507,21763,22825,22758,45583,41444,42120,83564,45877,43847,89724,39488,38348,77836,29561,28258,57819,19020,17198,36218,10250,10912,21162,4356,7541,11897,1018,3338,4356,225095,224827,449922
2021-09-24,11267,10515,21782,22837,22767,45604,41450,42128,83578,45893,43863,89756,39502,38360,77862,29570,28269,57839,19024,17201,36225,10251,10917,21168,4357,7542,11899,1019,3338,4357,225170,224900,450070
2021-09-25,11274,10522,21796,22847,22779,45626,41453,42134,83587,45899,43868,89767,39506,38374,77880,29572,28275,57847,19025,17203,36228,10253,10918,21171,4358,7543,11901,1019,3338,4357,225206,224954,450160
2021-09-26,11283,10526,21809,22854,22786,45640,41456,42141,83597,45903,43873,89776,39512,38381,77893,29575,28279,57854,19025,17203,36228,10253,10920,21173,4358,7543,11901,1019,3339,4358,225238,224991,450229
2021-09-27,11288,10529,21817,22864,22805,45669,41463,42153,83616,45920,43887,89807,39519,38388,77907,29580,28282,57862,19027,17210,36237,10253,10920,21173,4358,7544,11902,1019,3339,4358,225291,225057,450348
2021-09-28,11298,10535,21833,22876,22814,45690,41467,42163,83630,45929,43901,89830,39525,38398,77923,29585,28285,57870,19031,17212,36243,10254,10920,21174,4358,7546,11904,1019,3339,4358,225342,225113,450455
2021-09-29,11298,10538,21836,22884,22830,45714,41476,42170,83646,45939,43912,89851,39533,38411,77944,29590,28290,57880,19033,17214,36247,10256,10922,21178,4358,7547,11905,1019,3339,4358,225386,225173,450559
2021-09-30,11299,10541,21840,22896,22837,45733,41484,42179,83663,45946,43924,89870,39540,38416,77956,29594,28291,57885,19035,17216,36251,10257,10923,21180,4358,7548,11906,1019,3339,4358,225428,225214,450642
2021-10-01,11306,10547,21853,22907,22849,45756,41493,42187,83680,45955,43936,89891,39549,38431,77980,29599,28299,57898,19038,17223,36261,10259,10926,21185,4358,7549,11907,1019,3339,4358,225483,225286,450769
2021-10-02,11313,10550,21863,22911,22854,45765,41496,42197,83693,45961,43945,89906,39554,38441,77995,29603,28301,57904,19039,17223,36262,10259,10929,21188,4358,7550,11908,1019,3339,4358,225513,225329,450842
2021-10-03,11314,10551,21865,22912,22861,45773,41503,42201,83704,45971,43956,89927,39557,38448,78005,29606,28302,57908,19040,17224,36264,10259,10929,21188,4358,7550,11908,1019,3339,4358,225539,225361,450900
2021-10-04,11319,10555,21874,22922,22868,45790,41509,42211,83720,45979,43969,89948,39570,38456,78026,29608,28308,57916,19043,17225,36268,10260,10931,21191,4358,7552,11910,1019,3339,4358,225587,225414,451001
2021-10-05,11323,10557,21880,22938,22883,45821,41516,42220,83736,45992,43980,89972,39576,38471,78047,29619,28314,57933,19048,17229,36277,10261,10932,21193,4358,7552,11910,1019,3339,4358,225650,225477,451127
2021-10-06,11328,10563,21891,22955,22907,45862,41523,42227,83750,46004,43996,90000,39589,38480,78069,29624,28319,57943,19052,17234,36286,10265,10937,21202,4358,7555,11913,1019,3339,4358,225717,225557,451274
2021-10-07,11335,10568,21903,22963,22914,45877,41535,42232,83767,46014,44004,90018,39595,38493,78088,29628,28329,57957,19057,17237,36294,10267,10939,21206,4358,7555,11913,1019,3339,4358,225771,225610,451381
2021-10-08,11340,10573,21913,22972,22921,45893,41545,42240,83785,46026,44006,90032,39598,38498,78096,29630,28330,57960,19057,17239,36296,10268,10940,21208,4359,7555,11914,1019,3339,4358,225814,225641,451455
2021-10-09,11342,10573,21915,22974,22925,45899,41549,42244,83793,46031,44010,90041,39605,38510,78115,29633,28335,57968,19060,17242,36302,10269,10941,21210,4359,7557,11916,1021,3339,4360,225843,225676,451519
2021-10-10,11355,10575,21930,22983,22931,45914,41553,42248,83801,46037,44022,90059,39613,38517,78130,29638,28342,57980,19063,17243,36306,10271,10944,21215,4359,7557,11916,1021,3340,4361,225893,225719,451612
2021-10-11,11360,10578,21938,22993,22943,45936,41563,42259,83822,46044,44028,90072,39617,38530,78147,29649,28345,57994,19066,17245,36311,10271,10944,21215,4359,7559,11918,1022,3340,4362,225944,225771,451715
2021-10-12,11370,10589,21959,23008,22959,45967,41573,42274,83847,46058,44052,90110,39634,38548,78182,29660,28352,58012,19070,17249,36319,10279,10947,21226,4361,7559,11920,1022,3340,4362,226035,225869,451904
2021-10-13,11375,10600,21975,23024,22975,45999,41588,42287,83875,46071,44069,90140,39651,38557,78208,29663,28359,58022,19074,17252,36326,10281,10950,21231,4361,7559,11920,1022,3340,4362,226110,225948,452058
2021-10-14,11382,10605,21987,23037,22988,46025,41606,42305,83911,46086,44090,90176,39666,38573,78239,29675,28366,58041,19084,17263,36347,10283,10960,21243,4361,7560,11921,1022,3340,4362,226202,226050,452252
2021-10-15,11387,10607,21994,23049,22996,46045,41613,42322,83935,46102,44114,90216,39678,38590,78268,29685,28371,58056,19085,17269,36354,10287,10962,21249,4361,7561,11922,1022,3340,4362,226269,226132,452401
2021-10-16,11392,10612,22004,23057,23006,46063,41626,42334,83960,46111,44129,90240,39686,38601,78287,29689,28376,58065,19087,17272,36359,10289,10962,21251,4363,7561,11924,1022,3340,4362,226322,226193,452515
2021-10-17,11397,10615,22012,23062,23012,46074,41631,42338,83969,46118,44137,90255,39697,38605,78302,29693,28378,58071,19089,17274,36363,10291,10962,21253,4364,7562,11926,1022,3340,4362,226364,226223,452587
2021-10-18,11406,10621,22027,23084,23026,46110,41638,42345,83983,46129,44150,90279,39706,38617,78323,29698,28385,58083,19092,17282,36374,10292,10962,21254,4365,7562,11927,1022,3340,4362,226432,226290,452722
2021-10-19,11413,10630,22043,23099,23049,46148,41654,42354,84008,46136,44160,90296,39715,38627,78342,29704,28393,58097,19096,17293,36389,10294,10965,21259,4366,7565,11931,1023,3340,4363,226500,226376,452876
2021-10-20,11420,10639,22059,23122,23082,46204,41672,42373,84045,46151,44186,90337,39725,38640,78365,29711,28402,58113,19100,17302,36402,10294,10968,21262,4366,7567,11933,1023,3340,4363,226584,226499,453083
2021-10-21,11426,10651,22077,23156,23121,46277,41684,42390,84074,46169,44213,90382,39741,38660,78401,29722,28414,58136,19104,17308,36412,10298,10972,21270,4368,7567,11935,1023,3340,4363,226691,226636,453327
2021-10-22,11439,10664,22103,23187,23152,46339,41692,42407,84099,46179,44229,90408,39753,38685,78438,29733,28423,58156,19110,17315,36425,10306,10976,21282,4368,7571,11939,1024,3341,4365,226791,226763,453554
2021-10-23,11451,10669,22120,23204,23166,46370,41705,42420,84125,46192,44240,90432,39762,38703,78465,29739,28428,58167,19110,17315,36425,10306,10976,21282,4368,7575,11943,1024,3341,4365,226861,226833,453694
2021-10-24,11460,10681,22141,23217,23173,46390,41714,42426,84140,46206,44244,90450,39773,38717,78490,29743,28433,58176,19113,17319,36432,10307,10980,21287,4368,7575,11943,1024,3341,4365,226925,226889,453814
2021-10-25,11470,10697,22167,23233,23197,46430,41727,42444,84171,46217,44256,90473,39782,38737,78519,29751,28443,58194,19117,17323,36440,10309,10985,21294,4370,7577,11947,1024,3343,4367,227000,227002,454002
2021-10-26,11491,10706,22197,23248,23213,46461,41740,42453,84193,46236,44271,90507,39794,38760,78554,29765,28449,58214,19123,17326,36449,10312,10987,21299,4371,7577,11948,1024,3343,4367,227104,227085,454189
2021-10-27,11499,10714,22213,23268,23234,46502,41763,42467,84230,46245,44294,90539,39811,38775,78586,29773,28457,58230,19125,17337,36462,10315,10993,21308,4371,7577,11948,1026,3343,4369,227196,227191,454387
2021-10-28,11520,10723,22243,23287,23248,46535,41779,42485,84264,46256,44304,90560,39820,38790,78610,29781,28469,58250,19131,17343,36474,10317,10996,21313,4372,7579,11951,1026,3346,4372,227289,227283,454572
2021-10-29,11531,10745,22276,23313,23267,46580,41793,42503,84296,46273,44320,90593,39830,38801,78631,29791,28476,58267,19133,17347,36480,10320,10998,21318,4372,7580,11952,1026,3346,4372,227382,227383,454765
2021-10-30,11540,10757,22297,23329,23277,46606,41802,42514,84316,46285,44332,90617,39841,38817,78658,29802,28485,58287,19136,17349,36485,10320,11002,21322,4373,7582,11955,1026,3346,4372,227454,227461,454915
2021-10-31,11546,10765,22311,23338,23289,46627,41811,42524,84335,46294,44341,90635,39855,38833,78688,29810,28491,58301,19138,17353,36491,10320,11002,21322,4373,7584,11957,1026,3347,4373,227511,227529,455040
2021-11-01,11555,10780,22335,23351,23304,46655,41820,42540,84360,46311,44360,90671,39867,38851,78718,29817,28495,58312,19142,17358,36500,10320,11008,21328,4374,7588,11962,1026,3347,4373,227583,227631,455214
2021-11-02,11574,10792,22366,23360,23320,46680,41833,42554,84387,46321,44371,90692,39877,38863,78740,29823,28503,58326,19146,17361,36507,10323,11013,21336,4375,7589,11964,1026,3347,4373,227658,227713,455371
2021-11-03,11586,10811,22397,23372,23333,46705,41848,42576,84424,46337,44403,90740,39896,38877,78773,29831,28512,58343,19148,17362,36510,10324,11016,21340,4375,7589,11964,1026,3348,4374,227743,227827,455570
2021-11-04,11602,10819,22421,23383,23350,46733,41874,42598,84472,46364,44423,90787,39912,38896,78808,29840,28520,58360,19153,17365,36518,10329,11022,21351,4375,7590,11965,1027,3348,4375,227859,227931,455790
2021-11-05,11613,10833,22446,23397,23370,46767,41887,42614,84501,46381,44437,90818,39923,38920,78843,29848,28522,58370,19155,17369,36524,10334,11025,21359,4375,7590,11965,1027,3348,4375,227940,228028,455968
2021-11-06,11629,10854,22483,23404,23380,46784,41905,42630,84535,46395,44455,90850,39939,38938,78877,29858,28533,58391,19160,17373,36533,10337,11026,21363,4378,7590,11968,1027,3348,4375,228032,228127,456159
2021-11-07,11636,10862,22498,23408,23391,46799,41915,42635,84550,46410,44470,90880,39954,38953,78907,29867,28540,58407,19162,17373,36535,10337,11027,21364,4379,7591,11970,1027,3348,4375,228095,228190,456285
2021-11-08,11650,10874,22524,23420,23406,46826,41930,42650,84580,46433,44489,90922,39972,38980,78952,29875,28550,58425,19168,17376,36544,10341,11032,21373,4380,7595,11975,1027,3349,4376,228196,228301,456497
2021-11-09,11670,10890,22560,23436,23419,46855,41941,42683,84624,46447,44513,90960,39987,38997,78984,29884,28563,58447,19175,17382,36557,10343,11036,21379,4381,7595,11976,1028,3349,4377,228292,228427,456719
2021-11-10,11696,10912,22608,23449,23430,46879,41965,42716,84681,46464,44539,91003,40009,39021,79030,29897,28575,58472,19179,17387,36566,10347,11038,21385,4382,7597,11979,1029,3350,4379,228417,228565,456982
2021-11-11,11711,10925,22636,23465,23443,46908,41986,42742,84728,46494,44561,91055,40028,39043,79071,29906,28581,58487,19181,17392,36573,10351,11046,21397,4382,7597,11979,1029,3350,4379,228533,228680,457213
2021-11-12,11727,10940,22667,23475,23461,46936,42004,42774,84778,46511,44583,91094,40055,39064,79119,29919,28594,58513,19189,17399,36588,10354,11052,21406,4382,7599,11981,1029,3352,4381,228645,228818,457463
2021-11-13,11741,10955,22696,23488,23472,46960,42015,42797,84812,46526,44600,91126,40074,39082,79156,29931,28601,58532,19190,17404,36594,10356,11055,21411,4382,7602,11984,1029,3352,4381,228732,228920,457652
2021-11-14,11753,10965,22718,23497,23480,46977,42025,42818,84843,46548,44615,91163,40090,39095,79185,29934,28608,58542,19193,17407,36600,10358,11056,21414,4383,7602,11985,1029,3352,4381,228810,228998,457808
2021-11-15,11766,10986,22752,23503,23495,46998,42047,42838,84885,46562,44645,91207,40110,39120,79230,29943,28621,58564,19200,17419,36619,10359,11058,21417,4384,7603,11987,1030,3352,4382,228904,229137,458041
2021-11-16,11784,10998,22782,23511,23504,47015,42065,42859,84924,46590,44671,91261,40125,39142,79267,29952,28633,58585,19206,17425,36631,10360,11060,21420,4388,7605,11993,1030,3355,4385,229011,229252,458263
2021-11-17,11798,11007,22805,23521,23515,47036,42091,42879,84970,46615,44700,91315,40147,39164,79311,29962,28640,58602,19215,17434,36649,10362,11062,21424,4389,7607,11996,1030,3355,4385,229130,229363,458493
2021-11-18,11808,11021,22829,23535,23523,47058,42113,42899,85012,46648,44723,91371,40164,39188,79352,29972,28645,58617,19225,17441,36666,10364,11064,21428,4390,7609,11999,1030,3355,4385,229249,229468,458717
2021-11-19,11822,11036,22858,23550,23535,47085,42138,42919,85057,46668,44745,91413,40178,39207,79385,29980,28652,58632,19231,17450,36681,10365,11074,21439,4390,7610,12000,1030,3356,4386,229352,229584,458936
2021-11-20,11829,11044,22873,23560,23545,47105,42156,42935,85091,46689,44778,91467,40201,39225,79426,29988,28658,58646,19237,17453,36690,10367,11076,21443,4391,7610,12001,1030,3357,4387,229448,229681,459129
2021-11-21,11838,11059,22897,23572,23558,47130,42172,42950,85122,46706,44796,91502,40220,39236,79456,29995,28669,58664,19244,17468,36712,10371,11078,21449,4391,7612,12003,1030,3357,4387,229539,229783,459322
2021-11-22,11849,11068,22917,23587,23571,47158,42181,42969,85150,46723,44829,91552,40234,39251,79485,30006,28682,58688,19251,17471,36722,10371,11081,21452,4392,7613,12005,1030,3358,4388,229624,229893,459517
2021-11-23,11864,11075,22939,23603,23595,47198,42211,43011,85222,46758,44860,91618,40258,39279,79537,30012,28704,58716,19262,17478,36740,10375,11087,21462,4392,7614,12006,1030,3358,4388,229765,230061,459826
2021-11-24,11884,11085,22969,23619,23612,47231,42246,43046,85292,46781,44895,91676,40289,39302,79591,30025,28714,58739,19274,17489,36763,10379,11091,21470,4393,7616,12009,1031,3359,4390,229921,230209,460130
2021-11-25,11895,11096,22991,23629,23624,47253,42272,43088,85360,46810,44945,91755,40314,39321,79635,30037,28722,58759,19278,17498,36776,10380,11098,21478,4396,7617,12013,1031,3359,4390,230042,230368,460410
2021-11-26,11908,11103,23011,23643,23641,47284,42312,43119,85431,46844,44990,91834,40328,39352,79680,30042,28733,58775,19287,17507,36794,10382,11103,21485,4397,7619,12016,1031,3359,4390,230174,230526,460700
2021-11-27,11916,11113,23029,23655,23652,47307,42343,43155,85498,46883,45015,91898,40344,39368,79712,30051,28739,58790,19293,17512,36805,10386,11107,21493,4397,7620,12017,1031,3360,4391,230299,230641,460940
2021-11-28,11927,11118,23045,23671,23667,47338,42364,43178,85542,46911,45035,91946,40363,39389,79752,30060,28747,58807,19297,17518,36815,10388,11112,21500,4397,7620,12017,1031,3360,4391,230409,230744,461153
2021-11-29,11936,11133,23069,23686,23693,47379,42398,43221,85619,46953,45082,92035,40390,39426,79816,30070,28763,58833,19314,17536,36850,10395,11120,21515,4397,7621,12018,1032,3361,4393,230571,230956,461527
2021-11-30,11949,11147,23096,23708,23718,47426,42425,43253,85678,47002,45128,92130,40425,39466,79891,30088,28778,58866,19328,17554,36882,10396,11122,21518,4401,7624,12025,1033,3363,4396,230755,231153,461908
2021-12-01,11962,11158,23120,23732,23737,47469,42472,43310,85782,47056,45187,92243,40457,39515,79972,30107,28800,58907,19334,17565,36899,10402,11129,21531,4402,7628,12030,1033,3365,4398,230957,231394,462351
2021-12-02,11974,11171,23145,23749,23761,47510,42513,43369,85882,47113,45239,92352,40494,39558,80052,30130,28815,58945,19348,17574,36922,10407,11136,21543,4404,7637,12041,1033,3370,4403,231165,231630,462795
2021-12-03,11986,11186,23172,23770,23784,47554,42555,43419,85974,47150,45282,92432,40516,39595,80111,30137,28835,58972,19360,17587,36947,10410,11141,21551,4406,7639,12045,1034,3371,4405,231324,231839,463163
2021-12-04,11992,11195,23187,23790,23807,47597,42590,43458,86048,47192,45321,92513,40544,39634,80178,30152,28852,59004,19365,17595,36960,10419,11149,21568,4407,7642,12049,1034,3372,4406,231485,232025,463510
2021-12-05,12000,11202,23202,23810,23821,47631,42622,43489,86111,47227,45363,92590,40568,39664,80232,30163,28869,59032,19373,17602,36975,10421,11154,21575,4408,7644,12052,1035,3372,4407,231627,232180,463807
2021-12-06,12016,11228,23244,23832,23860,47692,42676,43563,86239,47284,45416,92700,40614,39711,80325,30184,28887,59071,19383,17616,36999,10432,11162,21594,4410,7646,12056,1037,3373,4410,231868,232462,464330
2021-12-07,12029,11244,23273,23866,23900,47766,42734,43660,86394,47335,45482,92817,40659,39753,80412,30199,28910,59109,19392,17622,37014,10434,11168,21602,4416,7650,12066,1037,3373,4410,232101,232762,464863
2021-12-08,12037,11257,23294,23893,23927,47820,42793,43734,86527,47391,45528,92919,40690,39786,80476,30209,28930,59139,19402,17630,37032,10440,11175,21615,4417,7652,12069,1039,3374,4413,232311,232993,465304
2021-12-09,12060,11275,23335,23938,23970,47908,42870,43834,86704,47470,45617,93087,40735,39840,80575,30232,28952,59184,19417,17652,37069,10450,11188,21638,4423,7656,12079,1039,3376,4415,232634,233360,465994
2021-12-10,12078,11295,23373,23971,24003,47974,42954,43927,86881,47543,45691,93234,40788,39898,80686,30254,28972,59226,19426,17664,37090,10453,11193,21646,4426,7660,12086,1040,3379,4419,232933,233682,466615
2021-12-11,12091,11310,23401,23993,24032,48025,43028,44030,87058,47590,45752,93342,40833,39948,80781,30281,28993,59274,19439,17672,37111,10459,11199,21658,4428,7662,12090,1040,3380,4420,233182,233978,467160
2021-12-12,12108,11330,23438,24014,24053,48067,43093,44085,87178,47662,45813,93475,40876,39999,80875,30303,29011,59314,19448,17678,37126,10462,11206,21668,4429,7663,12092,1040,3380,4420,233435,234218,467653
2021-12-13,12125,11351,23476,24061,24098,48159,43223,44223,87446,47749,45901,93650,40934,40057,80991,30332,29036,59368,19465,17706,37171,10471,11217,21688,4436,7667,12103,1040,3380,4420,233836,234636,468472
2021-12-14,12139,11370,23509,24106,24156,48262,43385,44363,87748,47869,46015,93884,40990,40113,81103,30353,29070,59423,19479,17732,37211,10482,11224,21706,4438,7675,12113,1040,3383,4423,234281,235101,469382
2021-12-15,12157,11379,23536,24165,24210,48375,43536,44533,88069,47969,46115,94084,41075,40180,81255,30375,29110,59485,19493,17747,37240,10485,11226,21711,4441,7678,12119,1040,3386,4426,234736,235564,470300
2021-12-16,12182,11405,23587,24230,24281,48511,43730,44703,88433,48124,46219,94343,41164,40250,81414,30412,29150,59562,19509,17771,37280,10495,11232,21727,4446,7681,12127,1040,3388,4428,235332,236080,471412
2021-12-17,12209,11428,23637,24295,24353,48648,43897,44865,88762,48254,46342,94596,41236,40334,81570,30452,29196,59648,19527,17797,37324,10503,11243,21746,4448,7687,12135,1040,3388,4428,235861,236633,472494
2021-12-18,12229,11441,23670,24343,24407,48750,44031,44999,89030,48385,46453,94838,41309,40413,81722,30487,29237,59724,19544,17820,37364,10512,11253,21765,4453,7692,12145,1042,3391,4433,236335,237106,473441
2021-12-19,12255,11451,23706,24387,24462,48849,44165,45171,89336,48503,46573,95076,41380,40495,81875,30522,29282,59804,19563,17839,37402,10520,11263,21783,4456,7696,12152,1043,3391,4434,236794,237623,474417
2021-12-20,12294,11490,23784,24478,24570,49048,44391,45491,89882,48716,46770,95486,41499,40626,82125,30580,29347,59927,19594,17866,37460,10539,11280,21819,4464,7702,12166,1043,3394,4437,237598,238536,476134
2021-12-21,12315,11518,23833,24599,24727,49326,44754,45934,90688,48979,47059,96038,41639,40787,82426,30650,29430,60080,19631,17899,37530,10561,11304,21865,4468,7710,12178,1045,3398,4443,238641,239766,478407
2021-12-22,12356,11572,23928,24802,24934,49736,45291,46602,91893,49331,47466,96797,41840,40989,82829,30745,29526,60271,19663,17944,37607,10589,11323,21912,4473,7717,12190,1047,3403,4450,240137,241476,481613
2021-12-23,12403,11621,24024,25037,25175,50212,45866,47193,93059,49682,47793,97475,42029,41180,83209,30851,29643,60494,19700,17999,37699,10615,11357,21972,4477,7728,12205,1047,3410,4457,241707,243099,484806
2021-12-24,12437,11656,24093,25204,25387,50591,46222,47551,93773,49919,48033,97952,42175,41340,83515,30933,29720,60653,19743,18036,37779,10636,11368,22004,4484,7736,12220,1048,3412,4460,242801,244239,487040
2021-12-25,12459,11678,24137,25367,25586,50953,46421,47781,94202,50091,48203,98294,42284,41462,83746,31008,29782,60790,19781,18072,37853,10652,11383,22035,4487,7741,12228,1049,3414,4463,243599,245102,488701
2021-12-26,12513,11742,24255,25707,26021,51728,46932,48353,95285,50506,48595,99101,42562,41789,84351,31189,29962,61151,19866,18160,38026,10686,11404,22090,4491,7752,12243,1051,3416,4467,245503,247194,492697
2021-12-27,12633,11849,24482,26233,26684,52917,47835,49324,97159,51167,49262,100429,42986,42260,85246,31438,30305,61743,19994,18283,38277,10761,11467,22228,4509,7770,12279,1053,3419,4472,248609,250623,499232
2021-12-28,12759,11961,24720,26884,27492,54376,48993,50673,99666,51962,50113,102075,43485,42834,86319,31731,30709,62440,20149,18468,38617,10838,11551,22389,4526,7800,12326,1055,3425,4480,252382,255026,507408
2021-12-29,12908,12088,24996,27629,28398,56027,50370,52115,102485,52824,51021,103845,44027,43451,87478,32075,31138,63213,20323,18697,39020,10934,11668,22602,4555,7838,12393,1059,3430,4489,256704,259844,516548
2021-12-30,13070,12247,25317,28351,29247,57598,51630,53514,105144,53675,52009,105684,44611,44131,88742,32426,31595,64021,20507,18924,39431,11002,11788,22790,4576,7877,12453,1065,3436,4501,260913,264768,525681
2021-12-31,13171,12347,25518,28724,29669,58393,52270,54231,106501,54180,52584,106764,44999,44596,89595,32668,31911,64579,20639,19067,39706,11074,11861,22935,4603,7898,12501,1066,3438,4504,263394,267602,530996
2022-01-01,13263,12431,25694,28947,29931,58878,52709,54721,107430,54601,53018,107619,45305,44955,90260,32867,32107,64974,20743,19179,39922,11132,11918,23050,4622,7910,12532,1066,3440,4506,265255,269610,534865
2022-01-02,13441,12595,26036,29361,30485,59846,53667,55817,109484,55448,53917,109365,45967,45748,91715,33290,32615,65905,21001,19444,40445,11235,12060,23295,4651,7945,12596,1067,3442,4509,269128,274068,543196
2022-01-03,13750,12873,26623,30109,31372,61481,55534,58123,113657,57008,55592,112600,46970,46986,93956,33984,33390,67374,21367,19905,41272,11414,12237,23651,4707,7999,12706,1077,3452,4529,275920,281929,557849
2022-01-04,14062,13160,27222,30936,32392,63328,57762,60692,118454,58646,57406,116052,48032,48308,96340,34622,34229,68851,21776,20339,42115,11592,12440,24032,4765,8068,12833,1090,3483,4573,283283,290517,573800
2022-01-05,14377,13473,27850,31773,33467,65240,59956,63311,123267,60366,59285,119651,49055,49636,98691,35249,35096,70345,22179,20795,42974,11736,12667,24403,4814,8147,12961,1101,3505,4606,290606,299382,589988
2022-01-06,14725,13797,28522,32571,34469,67040,62062,65681,127743,62038,61123,123161,50159,50983,101142,35956,35983,71939,22580,21294,43874,11921,12895,24816,4869,8241,13110,1114,3525,4639,297995,307991,605986
2022-01-07,15125,14150,29275,33228,35289,68517,63790,67742,131532,63539,62858,126397,51196,52292,103488,36582,36765,73347,22972,21764,44736,12107,13118,25225,4917,8312,13229,1125,3548,4673,304581,315838,620419
2022-01-08,15371,14420,29791,33683,35833,69516,64969,69181,134150,64685,64183,128868,52015,53222,105237,37135,37420,74555,23289,22132,45421,12281,13281,25562,4958,8375,13333,1132,3559,4691,309518,321606,631124
2022-01-09,15679,14701,30380,34160,36394,70554,66053,70472,136525,65959,65498,131457,52866,54307,107173,37770,38081,75851,23661,22533,46194,12448,13461,25909,5009,8431,13440,1136,3569,4705,314741,327447,642188
2022-01-10,16175,15158,31333,34895,37261,72156,67914,72641,140555,67905,67670,135575,54204,55918,110122,38720,39119,77839,24255,23172,47427,12714,13779,26493,5085,8552,13637,1159,3616,4775,323026,336886,659912
2022-01-11,16596,15542,32138,35603,38092,73695,69548,74638,144186,69727,69672,139399,55500,57419,112919,39590,40136,79726,24793,23750,48543,12976,14075,27051,5175,8659,13834,1175,3648,4823,330683,345631,676314
2022-01-12,17018,15937,32955,36334,38957,75291,71320,76656,147976,71602,71816,143418,56801,59037,115838,40441,41211,81652,25337,24342,49679,13258,14395,27653,5246,8783,14029,1196,3689,4885,338553,354823,693376
2022-01-13,17345,16231,33576,36886,39577,76463,72594,78109,150703,73032,73475,146507,57843,60349,118192,41125,42056,83181,25800,24884,50684,13499,14670,28169,5329,8921,14250,1208,3737,4945,344661,362009,706670
2022-01-14,17743,16567,34310,37567,40358,77925,74055,79814,153869,74722,75373,150095,59174,61885,121059,42002,43100,85102,26430,25559,51989,13773,14996,28769,5421,9052,14473,1217,3779,4996,352104,370483,722587
2022-01-15,18089,16827,34916,38068,40892,78960,75047,80936,155983,75905,76730,152635,60112,62970,123082,42636,43805,86441,26873,26021,52894,13979,15206,29185,5477,9138,14615,1226,3797,5023,357412,376322,733734
2022-01-16,18443,17132,35575,38554,41459,80013,75978,82095,158073,77021,78211,155232,61156,64165,125321,43282,44581,87863,27319,26511,53830,14202,15446,29648,5530,9197,14727,1238,3820,5058,362723,382617,745340
2022-01-17,18882,17520,36402,39248,42220,81468,77368,83786,161154,78764,80152,158916,62493,65822,128315,44189,45642,89831,27911,27239,55150,14494,15819,30313,5647,9342,14989,1254,3870,5124,370250,391412,761662
2022-01-18,19261,17885,37146,39851,42940,82791,78746,85452,164198,80440,82038,162478,63853,67399,131252,45079,46719,91798,28554,27962,56516,14839,16181,31020,5748,9491,15239,1269,3926,5195,377640,399993,777633
2022-01-19,19598,18177,37775,40337,43565,83902,79916,86920,166836,81908,83835,165743,65036,68862,133898,45898,47655,93553,29127,28662,57789,15158,16578,31736,5856,9654,15510,1295,3992,5287,384129,407900,792029
2022-01-20,19904,18466,38370,40860,44158,85018,80897,88171,169068,83140,85345,168485,66031,70136,136167,46592,48496,95088,29647,29251,58898,15437,16903,32340,5953,9805,15758,1306,4051,5357,389767,414782,804549
2022-01-21,20184,18737,38921,41335,44746,86081,81781,89282,171063,84319,86715,171034,66936,71328,138264,47266,49319,96585,30134,29836,59970,15709,17219,32928,6043,9944,15987,1315,4096,5411,395022,421222,816244
2022-01-22,20405,18914,39319,41673,45145,86818,82341,89987,172328,85053,87573,172626,67571,72146,139717,47671,49818,97489,30445,30231,60676,15887,17429,33316,6098,10030,16128,1325,4113,5438,398469,425386,823855
2022-01-23,20623,19063,39686,42059,45583,87642,82833,90612,173445,85703,88396,174099,68149,72855,141004,48061,50291,98352,30727,30552,61279,16028,17594,33622,6150,10088,16238,1327,4125,5452,401660,429159,830819
2022-01-24,20864,19261,40125,42618,46212,88830,83698,91561,175259,86662,89503,176165,68928,73824,142752,48604,50938,99542,31156,31028,62184,16235,17887,34122,6228,10189,16417,1334,4161,5495,406327,434564,840891
2022-01-25,21063,19453,40516,43022,46718,89740,84323,92373,176696,87446,90400,177846,69543,74626,144169,49012,51438,100450,31499,31388,62887,16444,18136,34580,6307,10308,16615,1345,4204,5549,410004,439044,849048
2022-01-26,21267,19626,40893,43382,47164,90546,84908,93146,178054,88127,91168,179295,70090,75278,145368,49383,51926,101309,31778,31748,63526,16612,18362,34974,6364,10431,16795,1356,4228,5584,413267,443077,856344
2022-01-27,21462,19811,41273,43716,47547,91263,85402,93764,179166,88681,91816,180497,70521,75857,146378,49697,52301,101998,32020,32065,64085,16748,18550,35298,6413,10508,16921,1365,4248,5613,416025,446467,862492
2022-01-28,21624,19946,41570,43973,47854,91827,85788,94274,180062,89155,92397,181552,70948,76390,147338,49968,52663,102631,32227,32358,64585,16875,18715,35590,6462,10590,17052,1370,4276,5646,418390,449463,867853
2022-01-29,21725,20047,41772,44135,48052,92187,86075,94573,180648,89491,92802,182293,71228,76753,147981,50178,52899,103077,32379,32522,64901,16966,18809,35775,6489,10637,17126,1372,4280,5652,420038,451374,871412
2022-01-30,21828,20135,41963,44321,48257,92578,86291,94830,181121,89799,93209,183008,71497,77085,148582,50362,53123,103485,32492,32658,65150,17039,18902,35941,6509,10669,17178,1376,4285,5661,421514,453153,874667
2022-01-31,21952,20244,42196,44639,48559,93198,86664,95287,181951,90261,93754,184015,71917,77608,149525,50609,53463,104072,32671,32884,65555,17169,19055,36224,6551,10738,17289,1382,4300,5682,423815,455892,879707
2022-02-01,22052,20336,42388,44865,48848,93713,86954,95661,182615,90607,94164,184771,72226,78026,150252,50816,53683,104499,32800,33056,65856,17251,19174,36425,6582,10798,17380,1385,4316,5701,425538,458062,883600
2022-02-02,22117,20375,42492,44988,48982,93970,87170,95935,183105,90895,94469,185364,72416,78280,150696,50956,53850,104806,32888,33177,66065,17311,19246,36557,6602,10826,17428,1388,4325,5713,426731,459465,886196
2022-02-03,22130,20384,42514,45023,49018,94041,87220,96007,183227,90972,94568,185540,72476,78364,150840,50989,53894,104883,32914,33205,66119,17326,19265,36591,6609,10831,17440,1388,4326,5714,427047,459862,886909
