FECHA,<=30M,<=30F,<=30,31-40M,31-40F,31-40,41-50M,41-50F,41-50,51-60M,51-60F,51-60,61-70M,61-70F,61-70,71-80M,71-80F,71-80,81-90M,81-90F,81-90,>=91M,>=91F,>=91,TotalM,TotalF,Total
2020-03-15,2,4,6,2,1,3,1,2,3,1,0,1,1,1,2,1,0,1,0,0,0,0,0,0,8,8,16
2020-03-16,6,12,18,3,2,5,1,4,5,4,2,6,3,4,7,1,0,1,0,0,0,0,0,0,18,24,42
2020-03-17,10,19,29,5,4,9,3,8,11,4,4,8,5,6,11,3,3,6,1,0,1,0,0,0,31,44,75
2020-03-18,15,20,35,7,5,12,4,11,15,5,5,10,7,8,15,4,3,7,2,0,2,0,0,0,44,52,96
2020-03-19,21,23,44,10,8,18,6,12,18,5,5,10,8,9,17,5,4,9,2,0,2,1,0,1,58,61,119
2020-03-20,26,25,51,12,11,23,6,14,20,5,6,11,10,10,20,6,6,12,3,0,3,1,0,1,69,72,141
2020-03-21,31,31,62,16,13,29,8,15,23,6,6,12,12,12,24,7,7,14,4,0,4,2,0,2,86,84,170
2020-03-22,39,34,73,17,13,30,9,15,24,8,7,15,12,15,27,9,8,17,7,2,9,2,1,3,103,95,198
2020-03-23,46,40,86,21,17,38,11,18,29,10,10,20,14,18,32,14,11,25,10,5,15,2,3,5,128,122,250
2020-03-24,51,45,96,24,19,43,12,21,33,12,12,24,14,19,33,16,11,27,12,6,18,3,3,6,144,136,280
2020-03-25,55,54,109,26,27,53,13,22,35,13,15,28,17,20,37,18,13,31,14,11,25,5,3,8,161,165,326
2020-03-26,63,61,124,30,31,61,16,26,42,17,18,35,18,25,43,22,16,38,20,11,31,6,4,10,192,192,384
2020-03-27,69,68,137,36,32,68,19,32,51,19,21,40,23,31,54,27,22,49,23,14,37,8,9,17,224,229,453
2020-03-28,74,71,145,40,35,75,20,33,53,24,23,47,27,31,58,31,29,60,26,15,41,8,9,17,250,246,496
2020-03-29,80,75,155,43,38,81,23,36,59,25,23,48,33,35,68,35,31,66,30,16,46,10,10,20,279,264,543
2020-03-30,85,84,169,50,40,90,28,41,69,28,25,53,40,37,77,38,37,75,34,17,51,13,12,25,316,293,609
2020-03-31,102,92,194,62,45,107,35,46,81,33,27,60,46,40,86,45,40,85,36,21,57,17,12,29,376,323,699
2020-04-01,123,109,232,73,49,122,50,53,103,38,37,75,51,43,94,53,45,98,42,26,68,17,13,30,447,375,822
2020-04-02,144,129,273,81,54,135,53,62,115,41,52,93,60,50,110,61,51,112,47,33,80,20,16,36,507,447,954
2020-04-03,179,149,328,89,67,156,65,76,141,47,60,107,68,55,123,68,56,124,53,39,92,21,21,42,590,523,1113
2020-04-04,199,175,374,98,82,180,76,82,158,55,62,117,75,58,133,70,61,131,57,41,98,22,24,46,652,585,1237
2020-04-05,221,194,415,105,91,196,86,90,176,60,70,130,77,69,146,76,69,145,60,45,105,24,26,50,709,654,1363
2020-04-06,248,215,463,119,98,217,99,96,195,72,77,149,85,78,163,86,74,160,67,49,116,25,29,54,801,716,1517
2020-04-07,273,235,508,128,108,236,107,104,211,83,82,165,89,83,172,95,83,178,73,59,132,27,30,57,875,784,1659
2020-04-08,294,259,553,136,113,249,116,111,227,92,91,183,98,92,190,106,89,195,74,63,137,30,34,64,946,852,1798
2020-04-09,308,277,585,151,125,276,121,124,245,102,100,202,105,96,201,113,99,212,79,71,150,34,39,73,1013,931,1944
2020-04-10,336,294,630,157,131,288,133,126,259,106,107,213,113,98,211,114,109,223,84,80,164,35,43,78,1078,988,2066
2020-04-11,360,313,673,168,138,306,140,129,269,110,114,224,117,105,222,121,112,233,88,88,176,36,46,82,1140,1045,2185
2020-04-12,379,328,707,179,145,324,144,136,280,121,118,239,120,110,230,125,121,246,92,92,184,36,48,84,1196,1098,2294
2020-04-13,410,357,767,187,159,346,154,146,300,127,125,252,131,118,249,131,130,261,101,104,205,39,53,92,1280,1192,2472
2020-04-14,445,371,816,199,165,364,163,157,320,139,135,274,139,124,263,140,135,275,108,109,217,42,57,99,1375,1253,2628
2020-04-15,466,393,859,208,174,382,171,172,343,148,149,297,149,130,279,151,141,292,114,117,231,47,59,106,1454,1335,2789
2020-04-16,499,413,912,222,191,413,184,187,371,156,163,319,153,138,291,158,145,303,118,122,240,47,63,110,1537,1422,2959
2020-04-17,527,439,966,234,215,449,199,198,397,169,174,343,159,147,306,174,156,330,123,129,252,48,66,114,1633,1524,3157
2020-04-18,560,461,1021,255,225,480,210,203,413,177,179,356,162,151,313,181,166,347,128,139,267,51,70,121,1724,1594,3318
2020-04-19,582,479,1061,267,231,498,218,210,428,182,189,371,171,159,330,187,174,361,133,146,279,52,71,123,1792,1659,3451
2020-04-20,630,511,1141,282,243,525,233,222,455,197,200,397,185,170,355,203,186,389,144,156,300,57,85,142,1931,1773,3704
2020-04-21,670,539,1209,292,265,557,241,231,472,205,210,415,194,177,371,218,198,416,151,166,317,59,95,154,2030,1881,3911
2020-04-22,698,571,1269,308,271,579,256,241,497,213,222,435,206,183,389,223,211,434,160,178,338,66,101,167,2130,1978,4108
2020-04-23,730,607,1337,322,282,604,269,254,523,219,237,456,214,191,405,234,219,453,171,189,360,72,110,182,2231,2089,4320
2020-04-24,771,641,1412,339,299,638,279,267,546,228,250,478,222,201,423,246,232,478,182,203,385,74,113,187,2341,2206,4547
2020-04-25,796,663,1459,353,309,662,285,277,562,233,258,491,228,206,434,252,239,491,193,220,413,78,117,195,2418,2289,4707
2020-04-26,823,693,1516,359,313,672,296,284,580,237,264,501,237,214,451,259,245,504,200,227,427,79,121,200,2490,2361,4851
2020-04-27,856,724,1580,367,333,700,301,303,604,251,278,529,246,222,468,278,253,531,210,243,453,82,125,207,2591,2481,5072
2020-04-28,902,755,1657,383,348,731,313,322,635,259,291,550,253,230,483,281,265,546,216,258,474,84,129,213,2691,2598,5289
2020-04-29,950,785,1735,405,373,778,327,335,662,268,304,572,260,237,497,293,272,565,220,272,492,88,139,227,2811,2717,5528
2020-04-30,990,810,1800,419,385,804,341,345,686,281,318,599,270,247,517,301,284,585,233,290,523,94,147,241,2929,2826,5755
2020-05-01,1000,840,1840,433,399,832,355,356,711,291,324,615,280,253,533,308,294,602,242,301,543,94,149,243,3003,2916,5919
2020-05-02,1026,869,1895,444,407,851,362,363,725,301,327,628,284,259,543,316,296,612,248,313,561,95,153,248,3076,2987,6063
2020-05-03,1046,895,1941,454,415,869,371,369,740,310,330,640,292,264,556,322,306,628,255,321,576,98,158,256,3148,3058,6206
2020-05-04,1088,936,2024,470,431,901,381,381,762,321,336,657,302,276,578,337,324,661,263,337,600,100,163,263,3262,3184,6446
2020-05-05,1130,967,2097,484,449,933,390,399,789,332,345,677,315,284,599,351,335,686,270,353,623,101,173,274,3373,3305,6678
2020-05-06,1170,997,2167,502,469,971,413,410,823,341,354,695,328,297,625,370,351,721,278,368,646,105,179,284,3507,3425,6932
2020-05-07,1217,1031,2248,517,487,1004,433,424,857,347,363,710,337,306,643,389,359,748,287,382,669,106,186,292,3633,3538,7171
2020-05-08,1261,1058,2319,531,505,1036,454,443,897,367,372,739,347,318,665,402,369,771,297,394,691,109,198,307,3768,3657,7425
2020-05-09,1294,1092,2386,539,518,1057,464,456,920,374,378,752,354,325,679,415,373,788,302,406,708,114,207,321,3856,3755,7611
2020-05-10,1317,1118,2435,545,529,1074,471,468,939,377,384,761,365,333,698,423,386,809,308,418,726,115,212,327,3921,3848,7769
2020-05-11,1359,1157,2516,563,548,1111,490,488,978,388,395,783,376,341,717,436,397,833,320,435,755,119,230,349,4051,3991,8042
2020-05-12,1422,1206,2628,590,566,1156,501,508,1009,396,403,799,388,354,742,445,406,851,331,450,781,123,243,366,4196,4136,8332
2020-05-13,1488,1255,2743,609,589,1198,521,519,1040,409,416,825,399,365,764,455,416,871,339,468,807,124,251,375,4344,4279,8623
2020-05-14,1538,1336,2874,637,618,1255,535,530,1065,424,436,860,412,378,790,465,427,892,352,484,836,126,264,390,4489,4473,8962
2020-05-15,1577,1385,2962,661,644,1305,550,557,1107,439,446,885,423,387,810,474,433,907,361,506,867,131,274,405,4616,4632,9248
2020-05-16,1610,1433,3043,673,670,1343,561,570,1131,447,457,904,430,394,824,484,440,924,367,514,881,135,286,421,4707,4764,9471
2020-05-17,1653,1470,3123,686,686,1372,571,583,1154,452,460,912,438,401,839,491,445,936,379,527,906,137,290,427,4807,4862,9669
2020-05-18,1725,1545,3270,713,720,1433,591,607,1198,473,475,948,454,417,871,508,459,967,396,540,936,138,301,439,4998,5064,10062
2020-05-19,1797,1619,3416,754,753,1507,624,631,1255,495,491,986,475,431,906,523,482,1005,408,562,970,143,311,454,5219,5280,10499
2020-05-20,1885,1717,3602,806,786,1592,653,654,1307,513,506,1019,499,449,948,538,493,1031,420,580,1000,149,315,464,5463,5500,10963
2020-05-21,1988,1816,3804,844,832,1676,679,681,1360,536,521,1057,517,456,973,553,503,1056,430,597,1027,150,319,469,5697,5725,11422
2020-05-22,2088,1898,3986,876,869,1745,707,704,1411,555,534,1089,527,466,993,563,514,1077,438,614,1052,156,331,487,5910,5930,11840
2020-05-23,2159,1967,4126,912,893,1805,724,721,1445,565,547,1112,541,477,1018,571,528,1099,447,622,1069,158,333,491,6077,6088,12165
2020-05-24,2207,2012,4219,929,916,1845,736,728,1464,575,551,1126,553,487,1040,583,538,1121,453,636,1089,160,339,499,6196,6207,12403
2020-05-25,2287,2106,4393,952,943,1895,758,747,1505,580,560,1140,563,496,1059,593,545,1138,463,651,1114,162,347,509,6358,6395,12753
2020-05-26,2416,2231,4647,1010,993,2003,782,788,1570,598,588,1186,579,504,1083,607,552,1159,475,665,1140,166,358,524,6633,6679,13312
2020-05-27,2510,2334,4844,1044,1032,2076,809,810,1619,620,609,1229,591,513,1104,615,568,1183,479,681,1160,170,360,530,6838,6907,13745
2020-05-28,2604,2448,5052,1079,1079,2158,840,840,1680,637,633,1270,600,529,1129,630,576,1206,493,702,1195,174,372,546,7057,7179,14236
2020-05-29,2719,2551,5270,1117,1135,2252,875,876,1751,655,656,1311,620,544,1164,647,591,1238,509,719,1228,175,376,551,7317,7448,14765
2020-05-30,2815,2627,5442,1155,1157,2312,895,901,1796,671,671,1342,632,555,1187,660,602,1262,517,733,1250,176,383,559,7521,7629,15150
2020-05-31,2879,2677,5556,1184,1172,2356,911,915,1826,678,683,1361,640,562,1202,672,608,1280,524,744,1268,176,390,566,7664,7751,15415
2020-06-01,2984,2790,5774,1217,1218,2435,935,948,1883,700,702,1402,665,581,1246,684,617,1301,533,756,1289,180,393,573,7898,8005,15903
2020-06-02,3102,2892,5994,1249,1255,2504,959,975,1934,718,727,1445,679,593,1272,708,631,1339,542,776,1318,184,406,590,8141,8255,16396
2020-06-03,3200,2997,6197,1281,1302,2583,990,1011,2001,732,743,1475,699,608,1307,726,643,1369,555,792,1347,186,416,602,8369,8512,16881
2020-06-04,3311,3105,6416,1306,1347,2653,1017,1034,2051,762,766,1528,713,618,1331,748,656,1404,566,813,1379,188,425,613,8611,8764,17375
2020-06-05,3417,3214,6631,1344,1394,2738,1058,1068,2126,792,797,1589,733,634,1367,767,671,1438,579,836,1415,191,435,626,8881,9049,17930
2020-06-06,3493,3284,6777,1380,1433,2813,1078,1089,2167,806,814,1620,746,649,1395,780,679,1459,591,855,1446,192,445,637,9066,9248,18314
2020-06-07,3564,3351,6915,1404,1467,2871,1100,1097,2197,819,827,1646,755,655,1410,789,686,1475,602,866,1468,194,453,647,9227,9402,18629
2020-06-08,3678,3462,7140,1452,1523,2975,1141,1129,2270,841,853,1694,773,672,1445,809,701,1510,614,886,1500,197,462,659,9505,9688,19193
2020-06-09,3795,3579,7374,1499,1566,3065,1178,1166,2344,868,869,1737,786,684,1470,823,727,1550,627,918,1545,201,478,679,9777,9987,19764
2020-06-10,3895,3683,7578,1546,1616,3162,1221,1201,2422,899,903,1802,809,707,1516,845,755,1600,634,938,1572,207,494,701,10056,10297,20353
2020-06-11,4000,3807,7807,1600,1670,3270,1248,1242,2490,919,941,1860,823,733,1556,862,775,1637,642,967,1609,211,509,720,10305,10644,20949
2020-06-12,4133,3942,8075,1658,1746,3404,1295,1301,2596,949,970,1919,856,757,1613,880,793,1673,651,989,1640,217,519,736,10639,11017,21656
2020-06-13,4245,4048,8293,1700,1792,3492,1311,1342,2653,975,993,1968,870,767,1637,893,803,1696,661,1008,1669,218,525,743,10873,11278,22151
2020-06-14,4324,4138,8462,1725,1821,3546,1334,1362,2696,992,1018,2010,882,774,1656,898,820,1718,675,1028,1703,218,533,751,11048,11494,22542
2020-06-15,4436,4246,8682,1758,1860,3618,1355,1389,2744,1009,1037,2046,898,781,1679,910,833,1743,684,1043,1727,220,543,763,11270,11732,23002
2020-06-16,4601,4409,9010,1824,1919,3743,1408,1430,2838,1036,1070,2106,915,797,1712,927,841,1768,699,1069,1768,223,558,781,11633,12093,23726
2020-06-17,4743,4557,9300,1878,1988,3866,1450,1478,2928,1071,1091,2162,935,816,1751,939,862,1801,718,1088,1806,224,567,791,11958,12447,24405
2020-06-18,4907,4709,9616,1945,2066,4011,1512,1516,3028,1116,1124,2240,959,840,1799,959,879,1838,731,1112,1843,227,578,805,12356,12824,25180
2020-06-19,5053,4857,9910,2033,2144,4177,1558,1574,3132,1171,1166,2337,992,862,1854,982,899,1881,750,1136,1886,234,591,825,12773,13229,26002
2020-06-20,5154,4966,10120,2083,2187,4270,1587,1623,3210,1189,1199,2388,1014,879,1893,994,911,1905,759,1153,1912,240,597,837,13020,13515,26535
2020-06-21,5247,5067,10314,2110,2237,4347,1614,1643,3257,1207,1215,2422,1025,890,1915,1005,920,1925,766,1162,1928,241,604,845,13215,13738,26953
2020-06-22,5401,5224,10625,2183,2303,4486,1670,1697,3367,1242,1259,2501,1046,915,1961,1027,937,1964,775,1188,1963,243,620,863,13587,14143,27730
2020-06-23,5571,5384,10955,2263,2369,4632,1725,1764,3489,1275,1307,2582,1069,938,2007,1042,955,1997,792,1205,1997,246,627,873,13983,14549,28532
2020-06-24,5729,5552,11281,2318,2446,4764,1777,1819,3596,1307,1359,2666,1088,962,2050,1058,973,2031,809,1224,2033,248,631,879,14334,14966,29300
2020-06-25,5898,5739,11637,2384,2509,4893,1834,1864,3698,1354,1404,2758,1103,984,2087,1071,995,2066,821,1238,2059,252,637,889,14717,15370,30087
2020-06-26,6074,5917,11991,2455,2591,5046,1886,1919,3805,1383,1453,2836,1131,1010,2141,1087,1013,2100,833,1263,2096,253,646,899,15102,15812,30914
2020-06-27,6231,6105,12336,2507,2650,5157,1925,1966,3891,1412,1477,2889,1156,1022,2178,1092,1031,2123,840,1270,2110,257,653,910,15420,16174,31594
2020-06-28,6333,6217,12550,2546,2705,5251,1956,1999,3955,1442,1500,2942,1169,1032,2201,1103,1044,2147,850,1285,2135,263,659,922,15662,16441,32103
2020-06-29,6506,6402,12908,2625,2784,5409,2010,2050,4060,1472,1544,3016,1196,1045,2241,1118,1066,2184,865,1307,2172,265,668,933,16057,16866,32923
2020-06-30,6659,6572,13231,2680,2868,5548,2073,2105,4178,1515,1590,3105,1226,1060,2286,1137,1080,2217,872,1326,2198,267,679,946,16429,17280,33709
2020-07-01,6852,6770,13622,2761,2956,5717,2139,2175,4314,1553,1640,3193,1253,1087,2340,1156,1099,2255,882,1350,2232,270,685,955,16866,17762,34628
2020-07-02,7056,6998,14054,2838,3050,5888,2209,2244,4453,1600,1682,3282,1289,1114,2403,1177,1126,2303,898,1369,2267,275,692,967,17342,18275,35617
2020-07-03,7257,7180,14437,2937,3162,6099,2267,2315,4582,1640,1732,3372,1318,1142,2460,1201,1147,2348,915,1391,2306,279,701,980,17814,18770,36584
2020-07-04,7398,7353,14751,2994,3220,6214,2307,2366,4673,1673,1760,3433,1334,1157,2491,1217,1170,2387,924,1413,2337,282,712,994,18129,19151,37280
2020-07-05,7517,7496,15013,3048,3301,6349,2341,2416,4757,1701,1798,3499,1360,1187,2547,1239,1194,2433,937,1448,2385,287,722,1009,18430,19562,37992
2020-07-06,7682,7661,15343,3139,3379,6518,2415,2509,4924,1752,1852,3604,1397,1230,2627,1263,1233,2496,949,1484,2433,291,738,1029,18888,20086,38974
2020-07-07,7897,7893,15790,3245,3487,6732,2484,2584,5068,1798,1912,3710,1424,1257,2681,1280,1250,2530,961,1512,2473,298,750,1048,19387,20645,40032
2020-07-08,8115,8081,16196,3327,3594,6921,2560,2690,5250,1848,1975,3823,1453,1285,2738,1304,1280,2584,975,1541,2516,303,769,1072,19885,21215,41100
2020-07-09,8258,8220,16478,3407,3668,7075,2622,2752,5374,1879,2004,3883,1466,1313,2779,1318,1309,2627,987,1574,2561,310,781,1091,20247,21621,41868
2020-07-10,8403,8381,16784,3470,3769,7239,2678,2805,5483,1919,2047,3966,1500,1344,2844,1341,1327,2668,1002,1599,2601,311,794,1105,20624,22066,42690
2020-07-11,8536,8528,17064,3542,3842,7384,2727,2861,5588,1960,2095,4055,1531,1373,2904,1357,1362,2719,1013,1629,2642,315,813,1128,20981,22503,43484
2020-07-12,8634,8624,17258,3600,3900,7500,2765,2904,5669,1979,2126,4105,1549,1390,2939,1371,1378,2749,1020,1651,2671,319,822,1141,21237,22795,44032
2020-07-13,8819,8826,17645,3694,4002,7696,2856,3001,5857,2034,2211,4245,1597,1433,3030,1398,1440,2838,1037,1723,2760,322,854,1176,21757,23490,45247
2020-07-14,9003,9002,18005,3811,4115,7926,2950,3078,6028,2095,2259,4354,1645,1477,3122,1427,1473,2900,1062,1754,2816,330,872,1202,22323,24030,46353
2020-07-15,9205,9234,18439,3923,4273,8196,3038,3170,6208,2145,2329,4474,1679,1513,3192,1446,1503,2949,1080,1777,2857,337,883,1220,22853,24682,47535
2020-07-16,9395,9448,18843,4023,4391,8414,3119,3279,6398,2192,2399,4591,1712,1547,3259,1466,1536,3002,1099,1820,2919,339,909,1248,23345,25329,48674
2020-07-17,9593,9683,19276,4120,4517,8637,3193,3394,6587,2246,2479,4725,1751,1594,3345,1489,1561,3050,1120,1843,2963,343,917,1260,23855,25988,49843
2020-07-18,9759,9855,19614,4204,4628,8832,3249,3467,6716,2292,2525,4817,1782,1626,3408,1513,1575,3088,1136,1868,3004,345,924,1269,24280,26468,50748
2020-07-19,9883,10006,19889,4262,4706,8968,3287,3525,6812,2332,2567,4899,1812,1647,3459,1532,1586,3118,1148,1889,3037,348,932,1280,24604,26858,51462
2020-07-20,10132,10251,20383,4359,4853,9212,3385,3637,7022,2390,2650,5040,1851,1704,3555,1561,1616,3177,1171,1914,3085,351,945,1296,25200,27570,52770
2020-07-21,10351,10448,20799,4482,4977,9459,3467,3729,7196,2454,2729,5183,1890,1747,3637,1592,1647,3239,1185,1945,3130,356,956,1312,25777,28178,53955
2020-07-22,10622,10705,21327,4610,5128,9738,3572,3836,7408,2522,2805,5327,1919,1784,3703,1622,1674,3296,1203,1989,3192,358,966,1324,26428,28887,55315
2020-07-23,10857,10952,21809,4721,5283,10004,3649,3936,7585,2575,2875,5450,1949,1817,3766,1644,1701,3345,1213,2013,3226,365,976,1341,26973,29553,56526
2020-07-24,11083,11192,22275,4829,5422,10251,3742,4030,7772,2640,2951,5591,1994,1844,3838,1668,1728,3396,1224,2047,3271,367,989,1356,27547,30203,57750
2020-07-25,11248,11368,22616,4920,5537,10457,3809,4110,7919,2683,3011,5694,2020,1878,3898,1688,1757,3445,1236,2070,3306,372,995,1367,27976,30726,58702
2020-07-26,11376,11497,22873,4975,5608,10583,3859,4164,8023,2716,3052,5768,2039,1897,3936,1705,1774,3479,1244,2095,3339,378,1001,1379,28292,31088,59380
2020-07-27,11557,11711,23268,5097,5739,10836,3939,4272,8211,2788,3153,5941,2076,1947,4023,1726,1806,3532,1264,2120,3384,383,1025,1408,28830,31773,60603
2020-07-28,11810,11985,23795,5216,5884,11100,4039,4390,8429,2868,3248,6116,2132,1992,4124,1753,1848,3601,1280,2159,3439,390,1046,1436,29488,32552,62040
2020-07-29,12056,12236,24292,5337,6028,11365,4150,4511,8661,2936,3314,6250,2174,2041,4215,1782,1871,3653,1302,2205,3507,400,1075,1475,30137,33281,63418
2020-07-30,12349,12509,24858,5473,6164,11637,4263,4617,8880,3007,3395,6402,2216,2090,4306,1806,1904,3710,1316,2234,3550,403,1085,1488,30833,33998,64831
2020-07-31,12562,12772,25334,5620,6324,11944,4360,4716,9076,3066,3472,6538,2261,2144,4405,1832,1933,3765,1330,2272,3602,410,1110,1520,31441,34743,66184
2020-08-01,12728,12961,25689,5707,6450,12157,4426,4801,9227,3122,3538,6660,2289,2162,4451,1860,1962,3822,1346,2307,3653,411,1133,1544,31889,35314,67203
2020-08-02,12884,13115,25999,5786,6535,12321,4482,4889,9371,3153,3588,6741,2308,2191,4499,1879,1989,3868,1364,2337,3701,415,1145,1560,32271,35789,68060
2020-08-03,13104,13384,26488,5905,6675,12580,4584,5018,9602,3218,3668,6886,2353,2232,4585,1898,2026,3924,1389,2394,3783,422,1182,1604,32873,36579,69452
2020-08-04,13387,13656,27043,6038,6822,12860,4681,5150,9831,3288,3750,7038,2403,2276,4679,1925,2062,3987,1413,2438,3851,427,1206,1633,33562,37360,70922
2020-08-05,13664,13944,27608,6166,6970,13136,4771,5278,10049,3379,3848,7227,2443,2322,4765,1954,2101,4055,1435,2479,3914,431,1221,1652,34243,38163,72406
2020-08-06,13917,14215,28132,6299,7141,13440,4890,5406,10296,3451,3937,7388,2492,2372,4864,1985,2140,4125,1457,2526,3983,437,1241,1678,34928,38978,73906
2020-08-07,14183,14507,28690,6439,7319,13758,4992,5553,10545,3525,4034,7559,2528,2429,4957,2018,2185,4203,1471,2578,4049,442,1257,1699,35598,39862,75460
2020-08-08,14347,14702,29049,6555,7453,14008,5065,5655,10720,3579,4101,7680,2573,2466,5039,2046,2216,4262,1488,2625,4113,443,1285,1728,36096,40503,76599
2020-08-09,14500,14863,29363,6638,7535,14173,5132,5758,10890,3630,4167,7797,2606,2491,5097,2076,2253,4329,1508,2690,4198,447,1308,1755,36537,41065,77602
2020-08-10,14811,15164,29975,6783,7715,14498,5248,5901,11149,3714,4276,7990,2651,2535,5186,2099,2290,4389,1531,2736,4267,455,1339,1794,37292,41956,79248
2020-08-11,15101,15458,30559,6957,7878,14835,5380,6053,11433,3796,4367,8163,2710,2600,5310,2143,2356,4499,1552,2807,4359,465,1378,1843,38104,42897,81001
2020-08-12,15369,15766,31135,7092,8100,15192,5509,6207,11716,3885,4464,8349,2758,2646,5404,2162,2391,4553,1566,2833,4399,471,1396,1867,38812,43803,82615
2020-08-13,15690,16116,31806,7266,8336,15602,5639,6368,12007,3972,4575,8547,2802,2701,5503,2198,2427,4625,1584,2865,4449,476,1413,1889,39627,44801,84428
2020-08-14,15972,16457,32429,7425,8551,15976,5777,6524,12301,4058,4677,8735,2855,2752,5607,2231,2463,4694,1601,2899,4500,478,1428,1906,40397,45751,86148
2020-08-15,16196,16712,32908,7543,8713,16256,5863,6652,12515,4115,4757,8872,2897,2804,5701,2259,2511,4770,1617,2964,4581,482,1453,1935,40972,46566,87538
2020-08-16,16373,16882,33255,7630,8815,16445,5914,6731,12645,4160,4815,8975,2914,2840,5754,2282,2536,4818,1636,3007,4643,484,1483,1967,41393,47109,88502
2020-08-17,16584,17082,33666,7761,8964,16725,6020,6853,12873,4233,4907,9140,2944,2897,5841,2306,2560,4866,1648,3051,4699,485,1504,1989,41981,47818,89799
2020-08-18,16851,17360,34211,7921,9147,17068,6158,6994,13152,4302,5030,9332,2993,2957,5950,2338,2605,4943,1667,3092,4759,485,1533,2018,42715,48718,91433
2020-08-19,17112,17669,34781,8050,9311,17361,6268,7120,13388,4380,5115,9495,3027,3002,6029,2366,2656,5022,1684,3141,4825,491,1560,2051,43378,49574,92952
2020-08-20,17360,17947,35307,8163,9488,17651,6357,7225,13582,4459,5193,9652,3068,3058,6126,2390,2687,5077,1707,3178,4885,496,1582,2078,44000,50358,94358
2020-08-21,17595,18240,35835,8306,9675,17981,6484,7354,13838,4529,5293,9822,3120,3113,6233,2430,2744,5174,1727,3222,4949,502,1599,2101,44693,51240,95933
2020-08-22,17772,18443,36215,8396,9813,18209,6573,7446,14019,4581,5346,9927,3156,3157,6313,2449,2783,5232,1743,3254,4997,508,1621,2129,45178,51863,97041
2020-08-23,17919,18631,36550,8463,9916,18379,6646,7529,14175,4625,5414,10039,3190,3191,6381,2467,2809,5276,1759,3273,5032,513,1628,2141,45582,52391,97973
2020-08-24,18186,18947,37133,8631,10096,18727,6755,7675,14430,4703,5513,10216,3243,3256,6499,2497,2855,5352,1778,3306,5084,519,1648,2167,46312,53296,99608
2020-08-25,18451,19291,37742,8788,10300,19088,6879,7823,14702,4767,5619,10386,3295,3315,6610,2531,2882,5413,1800,3347,5147,525,1666,2191,47036,54243,101279
2020-08-26,18751,19605,38356,8945,10488,19433,6967,7971,14938,4841,5715,10556,3350,3378,6728,2565,2930,5495,1824,3396,5220,530,1694,2224,47773,55177,102950
2020-08-27,19069,19934,39003,9084,10663,19747,7087,8128,15215,4923,5810,10733,3388,3435,6823,2601,2967,5568,1849,3447,5296,533,1723,2256,48534,56107,104641
2020-08-28,19399,20288,39687,9232,10871,20103,7222,8326,15548,5011,5934,10945,3445,3496,6941,2643,3019,5662,1869,3487,5356,537,1739,2276,49358,57160,106518
2020-08-29,19603,20541,40144,9354,11052,20406,7340,8446,15786,5078,6015,11093,3488,3534,7022,2678,3058,5736,1883,3535,5418,542,1769,2311,49966,57950,107916
2020-08-30,19778,20770,40548,9453,11151,20604,7417,8539,15956,5134,6073,11207,3518,3572,7090,2696,3090,5786,1893,3561,5454,546,1782,2328,50435,58538,108973
2020-08-31,20055,21027,41082,9602,11326,20928,7529,8677,16206,5217,6174,11391,3563,3637,7200,2736,3136,5872,1917,3605,5522,548,1796,2344,51167,59378,110545
2020-09-01,20335,21359,41694,9776,11537,21313,7656,8811,16467,5298,6292,11590,3604,3688,7292,2762,3171,5933,1934,3654,5588,555,1816,2371,51920,60328,112248
2020-09-02,20560,21625,42185,9920,11724,21644,7766,8934,16700,5379,6389,11768,3645,3745,7390,2806,3209,6015,1951,3699,5650,561,1848,2409,52588,61173,113761
2020-09-03,20860,21958,42818,10113,11926,22039,7898,9079,16977,5469,6500,11969,3690,3808,7498,2844,3254,6098,1973,3745,5718,565,1865,2430,53412,62135,115547
2020-09-04,21143,22302,43445,10278,12134,22412,8042,9249,17291,5548,6609,12157,3753,3874,7627,2882,3299,6181,1998,3785,5783,570,1882,2452,54214,63134,117348
2020-09-05,21350,22534,43884,10394,12301,22695,8128,9412,17540,5610,6694,12304,3805,3929,7734,2912,3329,6241,2018,3813,5831,572,1893,2465,54789,63905,118694
2020-09-06,21513,22741,44254,10469,12408,22877,8195,9492,17687,5655,6766,12421,3834,3962,7796,2924,3368,6292,2032,3835,5867,573,1901,2474,55195,64473,119668
2020-09-07,21795,23049,44844,10640,12611,23251,8338,9661,17999,5729,6893,12622,3903,4026,7929,2963,3411,6374,2050,3883,5933,579,1919,2498,55997,65453,121450
2020-09-08,22056,23371,45427,10821,12810,23631,8469,9813,18282,5829,7004,12833,3953,4108,8061,3005,3460,6465,2074,3923,5997,586,1940,2526,56793,66429,123222
2020-09-09,22367,23699,46066,10998,13009,24007,8603,9967,18570,5933,7117,13050,4014,4176,8190,3035,3496,6531,2092,3968,6060,587,1959,2546,57629,67391,125020
2020-09-10,22683,24018,46701,11178,13230,24408,8740,10153,18893,6041,7217,13258,4067,4250,8317,3076,3555,6631,2107,4021,6128,592,1989,2581,58484,68433,126917
2020-09-11,22986,24311,47297,11333,13457,24790,8868,10306,19174,6120,7342,13462,4132,4310,8442,3118,3602,6720,2128,4066,6194,594,2002,2596,59279,69396,128675
2020-09-12,23177,24508,47685,11441,13592,25033,8941,10414,19355,6172,7428,13600,4182,4357,8539,3146,3633,6779,2141,4114,6255,597,2015,2612,59797,70061,129858
2020-09-13,23365,24707,48072,11530,13721,25251,8999,10503,19502,6231,7493,13724,4235,4398,8633,3171,3648,6819,2144,4133,6277,602,2023,2625,60277,70626,130903
2020-09-14,23646,25029,48675,11684,13929,25613,9115,10663,19778,6333,7612,13945,4307,4480,8787,3213,3688,6901,2175,4169,6344,602,2048,2650,61075,71618,132693
2020-09-15,23925,25263,49188,11837,14131,25968,9226,10807,20033,6410,7707,14117,4372,4550,8922,3253,3740,6993,2193,4234,6427,606,2078,2684,61822,72510,134332
2020-09-16,24267,25642,49909,11999,14347,26346,9358,10967,20325,6495,7816,14311,4437,4621,9058,3287,3782,7069,2213,4279,6492,610,2093,2703,62666,73547,136213
2020-09-17,24555,25982,50537,12150,14533,26683,9500,11149,20649,6581,7940,14521,4509,4691,9200,3330,3827,7157,2235,4317,6552,614,2110,2724,63474,74549,138023
2020-09-18,24854,26337,51191,12336,14752,27088,9627,11310,20937,6670,8051,14721,4562,4763,9325,3380,3873,7253,2251,4353,6604,618,2129,2747,64298,75568,139866
2020-09-19,25049,26555,51604,12440,14870,27310,9698,11394,21092,6724,8115,14839,4608,4802,9410,3405,3900,7305,2271,4377,6648,622,2140,2762,64817,76153,140970
2020-09-20,25223,26750,51973,12532,14967,27499,9758,11481,21239,6767,8184,14951,4635,4841,9476,3426,3927,7353,2277,4405,6682,625,2154,2779,65243,76709,141952
2020-09-21,25501,27031,52532,12689,15160,27849,9863,11632,21495,6857,8268,15125,4698,4916,9614,3466,3967,7433,2291,4425,6716,627,2165,2792,65992,77564,143556
2020-09-22,25813,27394,53207,12856,15337,28193,9994,11772,21766,6952,8385,15337,4777,4978,9755,3517,4010,7527,2309,4469,6778,632,2184,2816,66850,78529,145379
2020-09-23,26083,27726,53809,12985,15517,28502,10115,11905,22020,7020,8487,15507,4842,5041,9883,3545,4060,7605,2326,4501,6827,635,2196,2831,67551,79433,146984
2020-09-24,26405,28058,54463,13137,15715,28852,10235,12046,22281,7095,8580,15675,4897,5134,10031,3585,4116,7701,2356,4550,6906,646,2227,2873,68356,80426,148782
2020-09-25,26686,28363,55049,13291,15873,29164,10357,12185,22542,7182,8687,15869,4966,5200,10166,3618,4154,7772,2376,4583,6959,647,2239,2886,69123,81284,150407
2020-09-26,26871,28540,55411,13399,15977,29376,10439,12267,22706,7241,8760,16001,5004,5234,10238,3643,4173,7816,2390,4599,6989,650,2246,2896,69637,81796,151433
2020-09-27,27029,28754,55783,13493,16082,29575,10524,12355,22879,7286,8810,16096,5036,5268,10304,3657,4200,7857,2401,4616,7017,652,2259,2911,70078,82344,152422
2020-09-28,27297,29007,56304,13658,16219,29877,10656,12468,23124,7394,8914,16308,5101,5313,10414,3692,4244,7936,2418,4649,7067,656,2277,2933,70872,83091,153963
2020-09-29,27636,29336,56972,13841,16410,30251,10790,12603,23393,7480,8996,16476,5166,5388,10554,3733,4305,8038,2445,4702,7147,658,2298,2956,71749,84038,155787
2020-09-30,27932,29695,57627,13980,16593,30573,10903,12719,23622,7582,9095,16677,5232,5456,10688,3771,4349,8120,2464,4756,7220,661,2310,2971,72525,84973,157498
2020-10-01,28261,30089,58350,14143,16785,30928,11023,12859,23882,7670,9189,16859,5291,5523,10814,3809,4407,8216,2481,4788,7269,664,2320,2984,73342,85960,159302
2020-10-02,28557,30420,58977,14291,16956,31247,11141,13003,24144,7764,9292,17056,5355,5593,10948,3856,4465,8321,2494,4828,7322,671,2338,3009,74129,86895,161024
2020-10-03,28755,30646,59401,14406,17068,31474,11232,13115,24347,7831,9351,17182,5396,5638,11034,3884,4492,8376,2507,4857,7364,675,2346,3021,74686,87513,162199
2020-10-04,28940,30850,59790,14492,17158,31650,11297,13197,24494,7877,9411,17288,5436,5673,11109,3908,4514,8422,2524,4883,7407,677,2352,3029,75151,88038,163189
2020-10-05,29208,31122,60330,14679,17339,32018,11437,13334,24771,7962,9527,17489,5528,5741,11269,3953,4578,8531,2546,4914,7460,680,2360,3040,75993,88915,164908
2020-10-06,29501,31453,60954,14848,17528,32376,11584,13475,25059,8063,9632,17695,5588,5816,11404,3993,4636,8629,2569,4947,7516,686,2370,3056,76832,89857,166689
2020-10-07,29812,31790,61602,15027,17734,32761,11723,13614,25337,8157,9759,17916,5658,5887,11545,4034,4680,8714,2588,4981,7569,692,2380,3072,77691,90825,168516
2020-10-08,30098,32105,62203,15175,17913,33088,11869,13746,25615,8251,9862,18113,5720,5958,11678,4077,4726,8803,2600,5022,7622,696,2401,3097,78486,91733,170219
2020-10-09,30372,32482,62854,15336,18123,33459,11985,13909,25894,8351,9976,18327,5772,6030,11802,4111,4776,8887,2612,5053,7665,701,2424,3125,79240,92773,172013
2020-10-10,30587,32723,63310,15437,18242,33679,12082,14010,26092,8415,10066,18481,5815,6078,11893,4133,4813,8946,2628,5080,7708,708,2433,3141,79805,93445,173250
2020-10-11,30736,32928,63664,15528,18371,33899,12155,14088,26243,8479,10119,18598,5863,6120,11983,4156,4846,9002,2643,5101,7744,710,2439,3149,80270,94012,174282
2020-10-12,30941,33137,64078,15642,18481,34123,12247,14205,26452,8554,10208,18762,5922,6182,12104,4183,4884,9067,2663,5127,7790,712,2451,3163,80864,94675,175539
2020-10-13,31257,33462,64719,15797,18684,34481,12367,14357,26724,8651,10321,18972,6005,6258,12263,4226,4948,9174,2691,5177,7868,721,2471,3192,81715,95678,177393
2020-10-14,31534,33791,65325,15936,18862,34798,12480,14485,26965,8724,10435,19159,6075,6316,12391,4273,5005,9278,2712,5209,7921,722,2483,3205,82456,96586,179042
2020-10-15,31837,34140,65977,16117,19062,35179,12638,14666,27304,8839,10535,19374,6154,6397,12551,4313,5048,9361,2732,5248,7980,729,2495,3224,83359,97591,180950
2020-10-16,32208,34553,66761,16294,19246,35540,12796,14851,27647,8952,10659,19611,6227,6474,12701,4361,5116,9477,2759,5297,8056,732,2524,3256,84329,98720,183049
2020-10-17,32429,34801,67230,16410,19402,35812,12889,14957,27846,9012,10731,19743,6280,6537,12817,4404,5148,9552,2773,5323,8096,735,2533,3268,84932,99432,184364
2020-10-18,32564,34958,67522,16495,19514,36009,12939,15023,27962,9066,10771,19837,6308,6565,12873,4424,5176,9600,2782,5345,8127,737,2539,3276,85315,99891,185206
2020-10-19,32927,35356,68283,16689,19755,36444,13099,15238,28337,9191,10913,20104,6407,6657,13064,4475,5250,9725,2807,5390,8197,739,2552,3291,86334,101111,187445
2020-10-20,33302,35753,69055,16872,19966,36838,13265,15439,28704,9305,11039,20344,6489,6732,13221,4513,5305,9818,2842,5433,8275,739,2567,3306,87327,102234,189561
2020-10-21,33620,36113,69733,17027,20132,37159,13385,15579,28964,9404,11123,20527,6569,6801,13370,4550,5347,9897,2863,5470,8333,742,2577,3319,88160,103142,191302
2020-10-22,33904,36430,70334,17152,20280,37432,13511,15719,29230,9488,11232,20720,6617,6880,13497,4585,5391,9976,2885,5512,8397,746,2596,3342,88888,104040,192928
2020-10-23,34142,36681,70823,17261,20405,37666,13613,15862,29475,9560,11298,20858,6676,6949,13625,4630,5435,10065,2901,5540,8441,752,2613,3365,89535,104783,194318
2020-10-24,34294,36828,71122,17333,20512,37845,13680,15948,29628,9610,11365,20975,6706,6989,13695,4656,5462,10118,2909,5568,8477,753,2622,3375,89941,105294,195235
2020-10-25,34452,37036,71488,17415,20633,38048,13749,16029,29778,9678,11446,21124,6740,7035,13775,4683,5489,10172,2919,5588,8507,754,2629,3383,90390,105885,196275
2020-10-26,34763,37326,72089,17554,20799,38353,13835,16165,30000,9777,11569,21346,6817,7112,13929,4734,5554,10288,2937,5626,8563,755,2642,3397,91172,106793,197965
2020-10-27,35051,37651,72702,17702,20982,38684,13967,16303,30270,9873,11698,21571,6896,7215,14111,4779,5616,10395,2951,5662,8613,758,2649,3407,91977,107776,199753
2020-10-28,35306,37962,73268,17865,21179,39044,14061,16435,30496,9970,11805,21775,6962,7280,14242,4812,5655,10467,2962,5695,8657,760,2664,3424,92698,108675,201373
2020-10-29,35580,38262,73842,18025,21347,39372,14159,16597,30756,10056,11907,21963,7014,7350,14364,4844,5695,10539,2976,5722,8698,762,2671,3433,93416,109551,202967
2020-10-30,35793,38539,74332,18152,21504,39656,14257,16726,30983,10121,12006,22127,7073,7430,14503,4873,5734,10607,2998,5751,8749,766,2685,3451,94033,110375,204408
2020-10-31,35955,38697,74652,18230,21626,39856,14333,16795,31128,10163,12064,22227,7117,7477,14594,4899,5767,10666,3007,5772,8779,769,2693,3462,94473,110891,205364
2020-11-01,36167,38926,75093,18321,21738,40059,14418,16892,31310,10230,12138,22368,7150,7545,14695,4931,5793,10724,3015,5802,8817,773,2698,3471,95005,111532,206537
2020-11-02,36419,39249,75668,18471,21891,40362,14534,17021,31555,10309,12227,22536,7218,7622,14840,4975,5839,10814,3034,5826,8860,774,2706,3480,95734,112381,208115
2020-11-03,36621,39517,76138,18587,22027,40614,14622,17103,31725,10375,12292,22667,7269,7673,14942,5023,5880,10903,3055,5861,8916,776,2719,3495,96328,113072,209400
2020-11-04,36930,39807,76737,18730,22201,40931,14775,17250,32025,10463,12391,22854,7346,7739,15085,5070,5925,10995,3072,5891,8963,781,2726,3507,97167,113930,211097
2020-11-05,37294,40179,77473,18916,22408,41324,14940,17395,32335,10572,12524,23096,7412,7821,15233,5110,5970,11080,3090,5917,9007,784,2738,3522,98118,114952,213070
2020-11-06,37509,40413,77922,19009,22531,41540,15013,17479,32492,10644,12601,23245,7463,7869,15332,5147,6027,11174,3104,5950,9054,787,2745,3532,98676,115615,214291
2020-11-07,37667,40612,78279,19084,22651,41735,15089,17573,32662,10707,12684,23391,7520,7934,15454,5182,6061,11243,3122,5968,9090,791,2750,3541,99162,116233,215395
2020-11-08,37871,40847,78718,19180,22787,41967,15175,17679,32854,10773,12745,23518,7572,8000,15572,5207,6092,11299,3130,5990,9120,796,2754,3550,99704,116894,216598
2020-11-09,38153,41161,79314,19321,22981,42302,15299,17810,33109,10883,12850,23733,7645,8077,15722,5238,6140,11378,3153,6031,9184,800,2763,3563,100492,117813,218305
2020-11-10,38365,41402,79767,19468,23124,42592,15396,17913,33309,10962,12932,23894,7715,8132,15847,5277,6181,11458,3170,6063,9233,804,2771,3575,101157,118518,219675
2020-11-11,38651,41703,80354,19621,23279,42900,15530,18048,33578,11064,13046,24110,7774,8192,15966,5318,6222,11540,3191,6094,9285,809,2784,3593,101958,119368,221326
2020-11-12,38936,42031,80967,19815,23457,43272,15660,18193,33853,11163,13142,24305,7842,8281,16123,5362,6277,11639,3215,6126,9341,810,2797,3607,102803,120304,223107
2020-11-13,39208,42330,81538,19943,23603,43546,15774,18315,34089,11258,13232,24490,7927,8358,16285,5416,6326,11742,3235,6157,9392,814,2807,3621,103575,121128,224703
2020-11-14,39413,42547,81960,20048,23722,43770,15837,18409,34246,11324,13305,24629,7983,8400,16383,5447,6370,11817,3247,6179,9426,818,2811,3629,104117,121743,225860
2020-11-15,39643,42795,82438,20169,23843,44012,15928,18510,34438,11385,13377,24762,8041,8459,16500,5484,6413,11897,3257,6205,9462,818,2825,3643,104725,122427,227152
2020-11-16,39915,43070,82985,20289,23985,44274,16042,18627,34669,11451,13461,24912,8105,8526,16631,5529,6463,11992,3280,6238,9518,822,2843,3665,105433,123213,228646
2020-11-17,40230,43390,83620,20468,24161,44629,16188,18785,34973,11551,13577,25128,8183,8638,16821,5568,6523,12091,3292,6273,9565,824,2855,3679,106304,124202,230506
2020-11-18,40568,43736,84304,20652,24362,45014,16302,18921,35223,11632,13674,25306,8248,8710,16958,5618,6571,12189,3308,6320,9628,826,2863,3689,107154,125157,232311
2020-11-19,40902,44075,84977,20777,24553,45330,16418,19055,35473,11728,13796,25524,8310,8785,17095,5665,6615,12280,3330,6351,9681,829,2871,3700,107959,126101,234060
2020-11-20,41171,44372,85543,20920,24705,45625,16529,19190,35719,11811,13895,25706,8369,8843,17212,5702,6657,12359,3354,6385,9739,833,2880,3713,108689,126927,235616
2020-11-21,41377,44600,85977,21040,24821,45861,16611,19281,35892,11872,13965,25837,8423,8900,17323,5732,6679,12411,3364,6404,9768,836,2890,3726,109255,127540,236795
2020-11-22,41560,44786,86346,21114,24920,46034,16685,19348,36033,11916,14020,25936,8463,8946,17409,5758,6701,12459,3376,6427,9803,837,2898,3735,109709,128046,237755
2020-11-23,41778,45027,86805,21238,25024,46262,16782,19447,36229,11968,14090,26058,8511,9001,17512,5790,6742,12532,3393,6455,9848,841,2907,3748,110301,128693,238994
2020-11-24,42062,45331,87393,21394,25183,46577,16898,19574,36472,12063,14189,26252,8579,9088,17667,5841,6797,12638,3417,6485,9902,843,2915,3758,111097,129562,240659
2020-11-25,42376,45642,88018,21547,25339,46886,17027,19698,36725,12141,14266,26407,8649,9152,17801,5869,6861,12730,3441,6519,9960,847,2923,3770,111897,130400,242297
2020-11-26,42682,45981,88663,21697,25510,47207,17136,19816,36952,12226,14355,26581,8722,9220,17942,5904,6918,12822,3457,6545,10002,856,2934,3790,112680,131279,243959
2020-11-27,42925,46251,89176,21803,25643,47446,17230,19890,37120,12301,14427,26728,8773,9284,18057,5932,6958,12890,3473,6582,10055,859,2938,3797,113296,131973,245269
2020-11-28,43156,46446,89602,21887,25763,47650,17304,19975,37279,12374,14497,26871,8810,9324,18134,5961,6997,12958,3488,6608,10096,862,2943,3805,113842,132553,246395
2020-11-29,43381,46682,90063,21987,25899,47886,17392,20078,37470,12436,14568,27004,8861,9394,18255,5993,7033,13026,3501,6622,10123,863,2946,3809,114414,133222,247636
2020-11-30,43732,47043,90775,22160,26072,48232,17541,20229,37770,12527,14661,27188,8947,9489,18436,6053,7087,13140,3522,6661,10183,868,2956,3824,115350,134198,249548
2020-12-01,44029,47385,91414,22304,26236,48540,17670,20373,38043,12584,14741,27325,9025,9588,18613,6107,7141,13248,3541,6694,10235,871,2958,3829,116131,135116,251247
2020-12-02,44237,47620,91857,22419,26382,48801,17757,20471,38228,12642,14801,27443,9075,9628,18703,6145,7185,13330,3559,6711,10270,874,2966,3840,116708,135764,252472
2020-12-03,44515,47961,92476,22578,26557,49135,17871,20617,38488,12732,14891,27623,9152,9699,18851,6193,7232,13425,3574,6739,10313,876,2971,3847,117491,136667,254158
2020-12-04,44781,48255,93036,22727,26724,49451,17995,20752,38747,12822,14991,27813,9221,9791,19012,6249,7278,13527,3593,6779,10372,882,2979,3861,118270,137549,255819
2020-12-05,45022,48479,93501,22855,26836,49691,18082,20845,38927,12876,15055,27931,9265,9841,19106,6278,7311,13589,3602,6801,10403,887,2985,3872,118867,138153,257020
2020-12-06,45197,48653,93850,22925,26934,49859,18149,20927,39076,12911,15110,28021,9307,9886,19193,6304,7341,13645,3618,6815,10433,887,2988,3875,119298,138654,257952
2020-12-07,45407,48873,94280,23034,27036,50070,18225,21033,39258,12969,15176,28145,9344,9934,19278,6336,7382,13718,3635,6836,10471,891,2993,3884,119841,139263,259104
2020-12-08,45625,49114,94739,23155,27153,50308,18304,21112,39416,13042,15247,28289,9404,9990,19394,6370,7428,13798,3643,6854,10497,895,2999,3894,120438,139897,260335
2020-12-09,45963,49490,95453,23346,27371,50717,18458,21239,39697,13176,15378,28554,9522,10093,19615,6415,7492,13907,3661,6886,10547,898,3014,3912,121439,140963,262402
2020-12-10,46363,49941,96304,23562,27633,51195,18615,21429,40044,13310,15543,28853,9628,10189,19817,6461,7539,14000,3680,6929,10609,903,3021,3924,122522,142224,264746
2020-12-11,46751,50395,97146,23803,27895,51698,18796,21646,40442,13449,15708,29157,9733,10306,20039,6523,7613,14136,3697,6957,10654,905,3029,3934,123657,143549,267206
2020-12-12,47072,50763,97835,23999,28116,52115,18974,21825,40799,13587,15845,29432,9813,10426,20239,6566,7666,14232,3708,6978,10686,908,3036,3944,124627,144655,269282
2020-12-13,47345,51073,98418,24170,28328,52498,19129,21988,41117,13711,15964,29675,9888,10502,20390,6602,7701,14303,3719,6997,10716,914,3040,3954,125478,145593,271071
2020-12-14,47731,51499,99230,24416,28566,52982,19307,22198,41505,13867,16139,30006,10004,10623,20627,6666,7773,14439,3741,7029,10770,923,3050,3973,126655,146877,273532
2020-12-15,48077,51896,99973,24612,28801,53413,19487,22378,41865,13997,16317,30314,10114,10730,20844,6727,7832,14559,3756,7056,10812,925,3059,3984,127695,148069,275764
2020-12-16,48455,52377,100832,24909,29109,54018,19715,22606,42321,14174,16502,30676,10241,10873,21114,6794,7907,14701,3782,7081,10863,929,3069,3998,128999,149524,278523
2020-12-17,48918,52906,101824,25205,29440,54645,19971,22848,42819,14349,16677,31026,10321,10980,21301,6862,7965,14827,3795,7107,10902,930,3079,4009,130351,151002,281353
2020-12-18,49427,53510,102937,25531,29788,55319,20225,23124,43349,14555,16908,31463,10513,11164,21677,6950,8053,15003,3812,7146,10958,932,3084,4016,131945,152777,284722
2020-12-19,49823,53983,103806,25862,30119,55981,20456,23362,43818,14716,17087,31803,10646,11321,21967,7013,8123,15136,3828,7173,11001,935,3086,4021,133279,154254,287533
2020-12-20,50234,54458,104692,26196,30464,56660,20710,23643,44353,14898,17292,32190,10763,11451,22214,7075,8180,15255,3842,7190,11032,938,3095,4033,134656,155773,290429
2020-12-21,50785,55051,105836,26562,30876,57438,21005,23938,44943,15093,17503,32596,10949,11616,22565,7152,8262,15414,3859,7237,11096,941,3101,4042,136346,157584,293930
2020-12-22,51422,55769,107191,26983,31331,58314,21351,24269,45620,15314,17734,33048,11116,11810,22926,7230,8341,15571,3878,7269,11147,945,3106,4051,138239,159629,297868
2020-12-23,52109,56475,108584,27396,31769,59165,21659,24622,46281,15532,17948,33480,11256,11991,23247,7292,8415,15707,3903,7305,11208,951,3117,4068,140098,161642,301740
2020-12-24,52461,56873,109334,27662,32025,59687,21837,24787,46624,15637,18071,33708,11341,12086,23427,7346,8461,15807,3909,7324,11233,952,3121,4073,141145,162748,303893
2020-12-25,52601,56991,109592,27725,32102,59827,21889,24830,46719,15681,18119,33800,11363,12114,23477,7363,8472,15835,3916,7340,11256,956,3125,4081,141494,163093,304587
2020-12-26,53132,57594,110726,28100,32464,60564,22134,25138,47272,15880,18315,34195,11473,12254,23727,7430,8541,15971,3938,7370,11308,957,3137,4094,143044,164813,307857
2020-12-27,53687,58190,111877,28506,32866,61372,22463,25491,47954,16095,18556,34651,11629,12405,24034,7491,8623,16114,3955,7403,11358,959,3146,4105,144785,166680,311465
2020-12-28,54492,59064,113556,29074,33476,62550,22920,25944,48864,16375,18884,35259,11803,12633,24436,7571,8725,16296,3985,7447,11432,961,3157,4118,147181,169330,316511
2020-12-29,55243,59888,115131,29518,33961,63479,23324,26352,49676,16619,19163,35782,11979,12847,24826,7662,8826,16488,4010,7501,11511,966,3166,4132,149321,171704,321025
2020-12-30,56091,60751,116842,30036,34487,64523,23710,26822,50532,16893,19501,36394,12158,13053,25211,7745,8923,16668,4040,7550,11590,970,3174,4144,151643,174261,325904
2020-12-31,56680,61325,118005,30348,34850,65198,23986,27140,51126,17070,19674,36744,12241,13152,25393,7788,8986,16774,4053,7578,11631,970,3180,4150,153136,175885,329021
2021-01-01,56808,61479,118287,30425,34945,65370,24045,27201,51246,17120,19729,36849,12266,13185,25451,7804,9008,16812,4058,7593,11651,971,3184,4155,153497,176324,329821
2021-01-02,57345,62070,119415,30739,35329,66068,24323,27490,51813,17306,19945,37251,12435,13349,25784,7879,9099,16978,4074,7631,11705,975,3191,4166,155076,178104,333180
2021-01-03,58067,62865,120932,31273,35885,67158,24741,27956,52697,17560,20265,37825,12648,13594,26242,7962,9218,17180,4101,7667,11768,978,3198,4176,157330,180648,337978
2021-01-04,58972,63817,122789,31876,36533,68409,25175,28436,53611,17833,20589,38422,12853,13816,26669,8065,9334,17399,4128,7729,11857,983,3208,4191,159885,183462,343347
2021-01-05,59934,64900,124834,32490,37186,69676,25648,28956,54604,18117,20912,39029,13070,14116,27186,8171,9465,17636,4160,7792,11952,989,3217,4206,162579,186544,349123
2021-01-06,60942,65864,126806,33091,37786,70877,26140,29480,55620,18446,21254,39700,13297,14371,27668,8281,9599,17880,4190,7852,12042,993,3232,4225,165380,189438,354818
2021-01-07,61708,66729,128437,33599,38270,71869,26499,29857,56356,18689,21543,40232,13474,14600,28074,8361,9720,18081,4220,7901,12121,995,3243,4238,167545,191863,359408
2021-01-08,62545,67588,130133,34024,38783,72807,26817,30310,57127,18933,21830,40763,13611,14796,28407,8444,9823,18267,4252,7939,12191,999,3247,4246,169625,194316,363941
2021-01-09,63259,68386,131645,34481,39306,73787,27178,30709,57887,19160,22106,41266,13749,15003,28752,8504,9906,18410,4275,7979,12254,999,3256,4255,171605,196651,368256
2021-01-10,64012,69173,133185,34901,39803,74704,27537,31106,58643,19388,22378,41766,13884,15151,29035,8549,9986,18535,4286,8014,12300,1001,3265,4266,173558,198876,372434
2021-01-11,64933,70147,135080,35435,40392,75827,27949,31559,59508,19637,22712,42349,14053,15364,29417,8638,10075,18713,4306,8044,12350,1002,3272,4274,175953,201565,377518
2021-01-12,65671,71045,136716,35826,40856,76682,28263,31960,60223,19875,23006,42881,14240,15519,29759,8705,10163,18868,4339,8080,12419,1005,3282,4287,177924,203911,381835
2021-01-13,66592,72044,138636,36292,41377,77669,28651,32369,61020,20143,23348,43491,14433,15751,30184,8787,10260,19047,4359,8126,12485,1010,3286,4296,180267,206561,386828
2021-01-14,67441,72974,140415,36739,41915,78654,29005,32824,61829,20425,23668,44093,14594,15963,30557,8857,10351,19208,4380,8165,12545,1013,3294,4307,182454,209154,391608
2021-01-15,68618,74217,142835,37451,42667,80118,29561,33484,63045,20822,24120,44942,14807,16197,31004,8943,10477,19420,4403,8214,12617,1015,3302,4317,185620,212678,398298
2021-01-16,69750,75405,145155,38097,43395,81492,30188,34162,64350,21224,24518,45742,15027,16463,31490,9049,10590,19639,4428,8253,12681,1016,3311,4327,188779,216097,404876
2021-01-17,70753,76541,147294,38668,44041,82709,30804,34884,65688,21613,24910,46523,15196,16658,31854,9134,10682,19816,4447,8280,12727,1018,3314,4332,191633,219310,410943
2021-01-18,72025,77871,149896,39380,44802,84182,31505,35619,67124,22074,25404,47478,15466,16965,32431,9259,10814,20073,4481,8338,12819,1020,3318,4338,195210,223131,418341
2021-01-19,73227,79157,152384,40072,45573,85645,32189,36337,68526,22535,25895,48430,15730,17268,32998,9366,10968,20334,4504,8386,12890,1025,3331,4356,198648,226915,425563
2021-01-20,74341,80331,154672,40676,46231,86907,32771,36958,69729,22967,26356,49323,16009,17574,33583,9500,11119,20619,4531,8432,12963,1029,3343,4372,201824,230344,432168
2021-01-21,75337,81345,156682,41181,46810,87991,33193,37472,70665,23263,26759,50022,16212,17806,34018,9591,11228,20819,4560,8487,13047,1035,3364,4399,204372,233271,437643
2021-01-22,76221,82315,158536,41581,47333,88914,33606,37962,71568,23550,27082,50632,16394,18001,34395,9689,11345,21034,4580,8531,13111,1038,3367,4405,206659,235936,442595
2021-01-23,77088,83276,160364,42017,47843,89860,34029,38403,72432,23868,27436,51304,16524,18165,34689,9740,11415,21155,4599,8560,13159,1040,3370,4410,208905,238468,447373
2021-01-24,78087,84318,162405,42472,48368,90840,34573,38964,73537,24215,27784,51999,16710,18358,35068,9800,11500,21300,4622,8595,13217,1042,3375,4417,211521,241262,452783
2021-01-25,79409,85681,165090,43112,49063,92175,35131,39620,74751,24626,28220,52846,16941,18602,35543,9909,11626,21535,4657,8660,13317,1050,3393,4443,214835,244865,459700
2021-01-26,80518,86836,167354,43630,49627,93257,35651,40168,75819,24961,28630,53591,17142,18859,36001,10024,11749,21773,4690,8726,13416,1054,3405,4459,217670,248000,465670
2021-01-27,81558,87897,169455,44124,50217,94341,36089,40691,76780,25286,28995,54281,17342,19066,36408,10103,11840,21943,4729,8779,13508,1055,3420,4475,220286,250905,471191
2021-01-28,82402,88838,171240,44539,50674,95213,36481,41133,77614,25573,29313,54886,17522,19286,36808,10208,11954,22162,4758,8826,13584,1060,3435,4495,222543,253459,476002
2021-01-29,83499,90026,173525,45124,51325,96449,37022,41767,78789,25960,29747,55707,17757,19568,37325,10303,12091,22394,4782,8881,13663,1062,3442,4504,225509,256847,482356
2021-01-30,84782,91389,176171,45749,52051,97800,37771,42623,80394,26433,30227,56660,17976,19869,37845,10404,12226,22630,4807,8924,13731,1064,3451,4515,228986,260760,489746
2021-01-31,86474,93247,179721,46527,53026,99553,38876,43826,82702,27084,30912,57996,18257,20165,38422,10515,12366,22881,4832,8972,13804,1066,3461,4527,233631,265975,499606
2021-02-01,88075,95017,183092,47323,53959,101282,39837,44898,84735,27712,31551,59263,18583,20554,39137,10639,12563,23202,4871,9022,13893,1067,3473,4540,238107,271037,509144
2021-02-02,89458,96540,185998,48068,54841,102909,40721,45899,86620,28314,32200,60514,18970,20940,39910,10822,12784,23606,4914,9082,13996,1070,3485,4555,242337,275771,518108
2021-02-03,90619,97797,188416,48723,55569,104292,41386,46660,88046,28774,32764,61538,19304,21290,40594,10984,12963,23947,4957,9151,14108,1074,3498,4572,245821,279692,525513
2021-02-04,91400,98739,190139,49191,56105,105296,41765,47239,89004,29122,33169,62291,19490,21551,41041,11080,13109,24189,4986,9195,14181,1078,3515,4593,248112,282622,530734
2021-02-05,92184,99610,191794,49607,56587,106194,42136,47687,89823,29423,33504,62927,19682,21779,41461,11186,13242,24428,5004,9247,14251,1079,3525,4604,250301,285181,535482
2021-02-06,92944,100505,193449,50046,57154,107200,42543,48207,90750,29774,33874,63648,19852,21976,41828,11264,13343,24607,5032,9285,14317,1079,3533,4612,252534,287877,540411
2021-02-07,93750,101401,195151,50506,57720,108226,42972,48764,91736,30079,34246,64325,20023,22146,42169,11351,13446,24797,5050,9315,14365,1085,3537,4622,254816,290575,545391
2021-02-08,94961,102756,197717,51171,58592,109763,43674,49608,93282,30469,34729,65198,20271,22440,42711,11467,13585,25052,5080,9385,14465,1089,3555,4644,258182,294650,552832
2021-02-09,96006,103905,199911,51814,59342,111156,44266,50355,94621,30884,35241,66125,20549,22741,43290,11592,13729,25321,5115,9439,14554,1094,3571,4665,261320,298323,559643
2021-02-10,96875,104836,201711,52375,60000,112375,44785,50977,95762,31214,35665,66879,20773,23012,43785,11711,13850,25561,5147,9490,14637,1094,3584,4678,263974,301414,565388
2021-02-11,97663,105774,203437,52905,60661,113566,45243,51592,96835,31487,36098,67585,20982,23241,44223,11811,13968,25779,5177,9536,14713,1098,3590,4688,266366,304460,570826
2021-02-12,98475,106738,205213,53453,61354,114807,45732,52290,98022,31809,36554,68363,21180,23495,44675,11918,14099,26017,5210,9587,14797,1099,3600,4699,268876,307717,576593
2021-02-13,99398,107764,207162,54089,62154,116243,46350,53152,99502,32178,37042,69220,21397,23733,45130,11993,14204,26197,5232,9615,14847,1104,3612,4716,271741,311276,583017
2021-02-14,100243,108774,209017,54676,62948,117624,47045,54015,101060,32552,37510,70062,21609,23976,45585,12084,14323,26407,5250,9647,14897,1105,3627,4732,274564,314820,589384
2021-02-15,101383,110113,211496,55440,63951,119391,47908,54999,102907,33022,38067,71089,21833,24243,46076,12184,14448,26632,5273,9707,14980,1107,3637,4744,278150,319165,597315
2021-02-16,102693,111634,214327,56348,65024,121372,48778,56036,104814,33474,38590,72064,22064,24486,46550,12275,14583,26858,5289,9743,15032,1116,3642,4758,282037,323738,605775
2021-02-17,104037,113188,217225,57135,65967,123102,49416,56752,106168,33892,39103,72995,22391,24829,47220,12404,14733,27137,5311,9797,15108,1122,3654,4776,285708,328023,613731
2021-02-18,105170,114515,219685,57831,66807,124638,49984,57504,107488,34302,39567,73869,22651,25127,47778,12534,14893,27427,5348,9853,15201,1125,3663,4788,288945,331929,620874
2021-02-19,106198,115705,221903,58480,67656,126136,50531,58206,108737,34716,40070,74786,22909,25431,48340,12667,15059,27726,5378,9906,15284,1128,3676,4804,292007,335709,627716
2021-02-20,107084,116774,223858,59003,68397,127400,51026,58859,109885,35064,40532,75596,23097,25715,48812,12759,15174,27933,5404,9941,15345,1132,3680,4812,294569,339072,633641
2021-02-21,108065,118073,226138,59739,69314,129053,51614,59638,111252,35445,41052,76497,23370,26031,49401,12855,15305,28160,5437,9983,15420,1137,3687,4824,297662,343083,640745
2021-02-22,109453,119993,229446,60724,70563,131287,52389,60633,113022,36014,41737,77751,23740,26448,50188,13013,15466,28479,5494,10035,15529,1140,3698,4838,301967,348573,650540
2021-02-23,110817,121708,232525,61629,71729,133358,53075,61521,114596,36551,42437,78988,24119,26867,50986,13165,15660,28825,5536,10104,15640,1149,3721,4870,306041,353747,659788
2021-02-24,112010,123211,235221,62419,72645,135064,53668,62274,115942,37027,43022,80049,24459,27234,51693,13315,15821,29136,5570,10164,15734,1153,3730,4883,309621,358101,667722
2021-02-25,113125,124574,237699,63076,73423,136499,54168,62934,117102,37415,43548,80963,24740,27578,52318,13440,15973,29413,5601,10214,15815,1157,3745,4902,312722,361989,674711
2021-02-26,114206,126025,240231,63823,74320,138143,54718,63699,118417,37834,44113,81947,25050,27955,53005,13571,16139,29710,5631,10276,15907,1159,3761,4920,315992,366288,682280
2021-02-27,115243,127475,242718,64661,75274,139935,55268,64465,119733,38343,44767,83110,25401,28368,53769,13718,16302,30020,5664,10341,16005,1161,3776,4937,319459,370768,690227
2021-02-28,116599,129218,245817,65732,76588,142320,56070,65489,121559,39038,45664,84702,25859,28885,54744,13920,16511,30431,5705,10397,16102,1164,3784,4948,324087,376536,700623
2021-03-01,117729,130626,248355,66467,77417,143884,56616,66188,122804,39450,46179,85629,26163,29241,55404,14035,16682,30717,5742,10472,16214,1171,3811,4982,327373,380616,707989
2021-03-02,118927,132025,250952,67132,78265,145397,57153,66842,123995,39834,46719,86553,26423,29568,55991,14158,16790,30948,5786,10532,16318,1175,3822,4997,330588,384563,715151
2021-03-03,119872,133216,253088,67732,79004,146736,57590,67444,125034,40192,47214,87406,26754,29953,56707,14311,16947,31258,5818,10580,16398,1176,3836,5012,333445,388194,721639
2021-03-04,120808,134358,255166,68254,79697,147951,58014,68012,126026,40510,47709,88219,27044,30344,57388,14458,17127,31585,5854,10636,16490,1182,3859,5041,336124,391742,727866
2021-03-05,121783,135611,257394,68873,80501,149374,58423,68584,127007,40889,48230,89119,27343,30670,58013,14593,17284,31877,5884,10699,16583,1182,3874,5056,338970,395453,734423
2021-03-06,122507,136544,259051,69403,81141,150544,58787,69063,127850,41178,48640,89818,27537,30894,58431,14685,17404,32089,5912,10733,16645,1184,3883,5067,341193,398302,739495
2021-03-07,123310,137563,260873,69948,81829,151777,59166,69606,128772,41498,49116,90614,27809,31193,59002,14789,17525,32314,5938,10780,16718,1189,3886,5075,343647,401498,745145
2021-03-08,124382,138984,263366,70666,82665,153331,59698,70274,129972,41955,49723,91678,28184,31574,59758,14942,17697,32639,5969,10841,16810,1194,3901,5095,346990,405659,752649
2021-03-09,125466,140219,265685,71362,83489,154851,60194,70920,131114,42374,50293,92667,28556,32054,60610,15125,17882,33007,6004,10906,16910,1200,3915,5115,350281,409678,759959
2021-03-10,126561,141441,268002,72049,84275,156324,60633,71523,132156,42781,50853,93634,28904,32426,61330,15262,18051,33313,6045,10969,17014,1204,3926,5130,353439,413464,766903
2021-03-11,127420,142595,270015,72537,84942,157479,60999,72062,133061,43086,51259,94345,29137,32746,61883,15397,18182,33579,6076,11018,17094,1209,3941,5150,355861,416745,772606
2021-03-12,128474,143998,272472,73177,85768,158945,61469,72663,134132,43427,51788,95215,29443,33129,62572,15557,18341,33898,6118,11088,17206,1212,3957,5169,358877,420732,779609
2021-03-13,129359,145099,274458,73769,86443,160212,61844,73163,135007,43778,52264,96042,29749,33458,63207,15677,18472,34149,6143,11134,17277,1217,3961,5178,361536,423994,785530
2021-03-14,130204,146275,276479,74400,87200,161600,62249,73730,135979,44190,52801,96991,30035,33819,63854,15793,18626,34419,6166,11186,17352,1222,3973,5195,364259,427610,791869
2021-03-15,131471,147811,279282,75111,88044,163155,62758,74483,137241,44637,53417,98054,30418,34255,64673,15937,18830,34767,6204,11251,17455,1228,3986,5214,367764,432077,799841
2021-03-16,132584,149153,281737,75820,88837,164657,63250,75048,138298,45052,53939,98991,30739,34654,65393,16090,19001,35091,6240,11322,17562,1236,4006,5242,371011,435960,806971
2021-03-17,133662,150470,284132,76396,89548,165944,63677,75598,139275,45400,54430,99830,31059,35025,66084,16216,19165,35381,6273,11372,17645,1239,4020,5259,373922,439628,813550
2021-03-18,134553,151585,286138,76931,90158,167089,64051,76080,140131,45669,54815,100484,31307,35304,66611,16334,19314,35648,6291,11418,17709,1245,4032,5277,376381,442706,819087
2021-03-19,135581,152858,288439,77490,90888,168378,64465,76626,141091,45987,55278,101265,31545,35595,67140,16444,19453,35897,6322,11460,17782,1252,4042,5294,379086,446200,825286
2021-03-20,136306,153773,290079,77981,91468,169449,64819,77067,141886,46277,55662,101939,31794,35836,67630,16545,19562,36107,6344,11495,17839,1261,4050,5311,381327,448913,830240
2021-03-21,137078,154720,291798,78533,92085,170618,65167,77528,142695,46599,56083,102682,32029,36128,68157,16618,19675,36293,6369,11529,17898,1263,4060,5323,383656,451808,835464
2021-03-22,138167,156052,294219,79222,92881,172103,65634,78121,143755,46988,56620,103608,32311,36473,68784,16757,19836,36593,6403,11610,18013,1269,4094,5363,386751,455687,842438
2021-03-23,139197,157306,296503,79796,93622,173418,66064,78636,144700,47362,57064,104426,32616,36863,69479,16901,20002,36903,6436,11660,18096,1272,4114,5386,389644,459267,848911
2021-03-24,140069,158281,298350,80288,94206,174494,66417,79094,145511,47627,57432,105059,32807,37066,69873,16990,20125,37115,6455,11720,18175,1274,4136,5410,391927,462060,853987
2021-03-25,141015,159485,300500,80855,94919,175774,66879,79683,146562,47978,57865,105843,33028,37355,70383,17096,20244,37340,6494,11780,18274,1280,4151,5431,394625,465482,860107
2021-03-26,142102,160880,302982,81454,95645,177099,67322,80313,147635,48300,58331,106631,33272,37664,70936,17229,20393,37622,6528,11833,18361,1283,4167,5450,397490,469226,866716
2021-03-27,142905,161879,304784,82004,96301,178305,67703,80837,148540,48606,58788,107394,33519,37941,71460,17331,20518,37849,6553,11881,18434,1289,4174,5463,399910,472319,872229
2021-03-28,143619,162837,306456,82540,96996,179536,68123,81332,149455,48920,59240,108160,33739,38187,71926,17407,20590,37997,6574,11919,18493,1293,4183,5476,402215,475284,877499
2021-03-29,144697,164141,308838,83154,97711,180865,68577,81949,150526,49285,59701,108986,33975,38502,72477,17497,20678,38175,6593,11960,18553,1296,4192,5488,405074,478834,883908
2021-03-30,145675,165323,310998,83717,98401,182118,68974,82504,151478,49603,60103,109706,34177,38750,72927,17582,20770,38352,6621,12002,18623,1302,4203,5505,407651,482056,889707
2021-03-31,146627,166433,313060,84255,99136,183391,69360,83069,152429,49866,60502,110368,34315,38908,73223,17622,20829,38451,6649,12031,18680,1303,4212,5515,409997,485120,895117
2021-04-01,147634,167615,315249,84856,99809,184665,69731,83592,153323,50187,60908,111095,34500,39138,73638,17692,20925,38617,6665,12056,18721,1306,4220,5526,412571,488263,900834
2021-04-02,148557,168701,317258,85369,100412,185781,70119,84114,154233,50469,61298,111767,34687,39320,74007,17754,20996,38750,6686,12087,18773,1308,4233,5541,414949,491161,906110
2021-04-03,149422,169760,319182,85893,101050,186943,70532,84699,155231,50789,61664,112453,34867,39531,74398,17819,21075,38894,6707,12127,18834,1311,4240,5551,417340,494146,911486
2021-04-04,150915,171647,322562,86889,102313,189202,71360,85710,157070,51282,62262,113544,35097,39775,74872,17887,21153,39040,6731,12165,18896,1312,4248,5560,421473,499273,920746
2021-04-05,152705,173901,326606,87964,103623,191587,72294,86891,159185,51823,62911,114734,35334,40045,75379,17979,21253,39232,6755,12209,18964,1316,4257,5573,426170,505090,931260
2021-04-06,153988,175338,329326,88720,104574,193294,72930,87677,160607,52263,63431,115694,35563,40294,75857,18054,21340,39394,6773,12237,19010,1317,4269,5586,429608,509160,938768
2021-04-07,154725,176190,330915,89205,105154,194359,73368,88180,161548,52538,63776,116314,35640,40398,76038,18082,21369,39451,6778,12254,19032,1317,4272,5589,431653,511593,943246
2021-04-08,154772,176278,331050,89255,105211,194466,73412,88214,161626,52560,63797,116357,35646,40403,76049,18084,21370,39454,6778,12254,19032,1317,4272,5589,431824,511799,943623
