FECHA,<=10M,<=10F,<=10,11-20M,11-20F,11-20,21-30M,21-30F,21-30,31-40M,31-40F,31-40,41-50M,41-50F,41-50,51-60M,51-60F,51-60,61-70M,61-70F,61-70,71-80M,71-80F,71-80,81-90M,81-90F,81-90,>=91M,>=91F,>=91,TotalM,TotalF,Total
2020-03-15,1,0,1,1,2,3,0,2,2,2,1,3,1,1,2,1,0,1,1,1,2,1,0,1,0,0,0,0,0,0,8,7,15
2020-03-16,2,3,5,3,3,6,1,6,7,3,2,5,1,3,4,4,2,6,3,4,7,1,0,1,0,0,0,0,0,0,18,23,41
2020-03-17,3,7,10,4,5,9,3,7,10,5,4,9,3,7,10,4,4,8,5,6,11,3,3,6,1,0,1,0,0,0,31,43,74
2020-03-18,6,8,14,5,5,10,4,7,11,7,5,12,4,10,14,5,5,10,6,8,14,4,3,7,2,0,2,0,0,0,43,51,94
2020-03-19,9,9,18,5,5,10,7,9,16,10,8,18,6,11,17,5,5,10,7,9,16,5,4,9,2,0,2,1,0,1,57,60,117
2020-03-20,10,10,20,6,5,11,9,10,19,12,11,23,6,13,19,5,6,11,9,10,19,6,6,12,3,0,3,1,0,1,67,71,138
2020-03-21,11,10,21,8,6,14,11,14,25,16,13,29,8,14,22,6,6,12,11,12,23,7,7,14,4,0,4,2,0,2,84,82,166
2020-03-22,14,11,25,9,6,15,15,16,31,17,13,30,9,14,23,8,7,15,11,15,26,9,8,17,7,2,9,2,1,3,101,93,194
2020-03-23,18,12,30,10,8,18,17,19,36,21,16,37,11,17,28,10,10,20,13,18,31,14,11,25,10,5,15,2,3,5,126,119,245
2020-03-24,21,13,34,10,9,19,19,22,41,24,18,42,11,20,31,12,12,24,13,18,31,16,11,27,12,6,18,3,3,6,141,132,273
2020-03-25,22,17,39,10,11,21,22,25,47,26,25,51,12,21,33,13,15,28,16,19,35,18,13,31,14,11,25,5,3,8,158,160,318
2020-03-26,26,20,46,12,13,25,24,27,51,30,29,59,15,25,40,17,18,35,17,24,41,22,16,38,20,11,31,6,4,10,189,187,376
2020-03-27,30,23,53,12,15,27,25,29,54,36,30,66,18,31,49,19,21,40,22,30,52,27,22,49,23,14,37,8,9,17,220,224,444
2020-03-28,32,24,56,12,15,27,28,31,59,40,33,73,19,32,51,24,23,47,26,30,56,31,29,60,26,15,41,8,9,17,246,241,487
2020-03-29,34,24,58,14,16,30,30,34,64,43,36,79,22,35,57,25,23,48,32,34,66,35,31,66,30,16,46,10,10,20,275,259,534
2020-03-30,37,26,63,14,16,30,32,41,73,50,38,88,27,39,66,28,25,53,39,36,75,38,37,75,34,17,51,13,12,25,312,287,599
2020-03-31,46,30,76,15,17,32,39,44,83,62,43,105,34,44,78,33,27,60,45,39,84,45,40,85,36,21,57,17,12,29,372,317,689
2020-04-01,57,40,97,16,20,36,48,48,96,73,47,120,49,51,100,38,37,75,50,42,92,53,45,98,42,26,68,17,13,30,443,369,812
2020-04-02,68,49,117,18,24,42,56,55,111,81,52,133,52,60,112,41,52,93,59,49,108,61,51,112,47,33,80,20,16,36,503,441,944
2020-04-03,90,58,148,23,28,51,64,62,126,89,65,154,64,73,137,47,60,107,67,54,121,68,56,124,53,39,92,21,21,42,586,516,1102
2020-04-04,101,73,174,27,32,59,69,69,138,98,80,178,75,79,154,55,62,117,74,57,131,70,61,131,57,41,98,22,24,46,648,578,1226
2020-04-05,110,83,193,32,37,69,77,72,149,105,89,194,85,87,172,60,70,130,76,68,144,76,69,145,60,45,105,24,26,50,705,646,1351
2020-04-06,122,93,215,37,42,79,87,78,165,118,96,214,98,92,190,71,77,148,84,77,161,86,74,160,67,49,116,25,29,54,795,707,1502
2020-04-07,135,104,239,42,46,88,94,83,177,127,106,233,105,100,205,82,81,163,88,82,170,95,83,178,73,59,132,27,30,57,868,774,1642
2020-04-08,147,114,261,46,49,95,100,94,194,135,111,246,114,107,221,91,90,181,97,91,188,106,88,194,74,63,137,30,34,64,940,841,1781
2020-04-09,153,120,273,49,53,102,105,102,207,150,123,273,119,120,239,101,99,200,104,95,199,113,98,211,79,71,150,34,39,73,1007,920,1927
2020-04-10,173,127,300,55,57,112,107,108,215,156,129,285,131,122,253,105,106,211,112,97,209,114,108,222,84,80,164,35,43,78,1072,977,2049
2020-04-11,183,134,317,61,62,123,115,115,230,167,135,302,138,126,264,109,113,222,116,104,220,121,111,232,88,88,176,36,46,82,1134,1034,2168
2020-04-12,193,142,335,64,63,127,120,121,241,177,142,319,142,133,275,120,117,237,119,109,228,125,120,245,92,92,184,36,48,84,1188,1087,2275
2020-04-13,202,154,356,74,68,142,132,133,265,185,156,341,151,143,294,127,124,251,129,117,246,131,129,260,101,104,205,39,53,92,1271,1181,2452
2020-04-14,220,160,380,78,69,147,145,140,285,197,162,359,160,154,314,139,134,273,137,123,260,140,134,274,108,109,217,42,57,99,1366,1242,2608
2020-04-15,230,167,397,82,76,158,152,147,299,206,171,377,168,169,337,147,148,295,147,129,276,151,139,290,114,117,231,47,59,106,1444,1322,2766
2020-04-16,245,174,419,88,81,169,162,155,317,220,188,408,181,184,365,155,162,317,151,137,288,158,143,301,118,122,240,47,63,110,1525,1409,2934
2020-04-17,262,186,448,94,88,182,167,162,329,232,212,444,196,195,391,166,173,339,158,146,304,174,154,328,123,129,252,48,66,114,1620,1511,3131
2020-04-18,275,197,472,100,91,191,181,170,351,253,222,475,207,200,407,174,178,352,161,150,311,181,164,345,128,139,267,51,70,121,1711,1581,3292
2020-04-19,287,208,495,104,94,198,187,174,361,265,228,493,215,207,422,179,188,367,170,158,328,186,172,358,133,146,279,52,71,123,1778,1646,3424
2020-04-20,306,219,525,116,104,220,204,185,389,279,240,519,230,218,448,194,199,393,183,169,352,202,184,386,144,156,300,57,85,142,1915,1759,3674
2020-04-21,320,228,548,124,114,238,220,193,413,290,262,552,237,227,464,202,209,411,192,176,368,217,196,413,151,166,317,59,95,154,2012,1866,3878
2020-04-22,335,240,575,128,121,249,229,206,435,305,268,573,251,236,487,210,221,431,204,182,386,222,209,431,160,178,338,66,101,167,2110,1962,4072
2020-04-23,353,256,609,133,125,258,238,222,460,318,279,597,263,249,512,216,236,452,212,190,402,233,217,450,171,189,360,72,110,182,2209,2073,4282
2020-04-24,373,269,642,140,132,272,251,236,487,335,296,631,273,261,534,225,249,474,220,200,420,244,230,474,182,203,385,74,113,187,2317,2189,4506
2020-04-25,387,279,666,144,133,277,258,246,504,349,306,655,279,271,550,230,257,487,226,205,431,250,237,487,193,220,413,78,117,195,2394,2271,4665
2020-04-26,400,296,696,150,141,291,265,251,516,355,310,665,290,278,568,234,263,497,235,213,448,257,243,500,200,227,427,79,121,200,2465,2343,4808
2020-04-27,414,312,726,156,145,301,276,262,538,363,329,692,295,296,591,248,277,525,244,221,465,276,251,527,210,243,453,82,125,207,2564,2461,5025
2020-04-28,435,322,757,163,151,314,294,276,570,378,344,722,307,315,622,256,290,546,251,229,480,279,263,542,216,258,474,84,129,213,2663,2577,5240
2020-04-29,461,334,795,169,157,326,310,287,597,400,368,768,321,328,649,265,303,568,258,236,494,291,270,561,220,272,492,88,139,227,2783,2694,5477
2020-04-30,482,345,827,178,160,338,320,298,618,414,380,794,335,338,673,278,317,595,268,246,514,299,282,581,233,290,523,94,147,241,2901,2803,5704
2020-05-01,485,361,846,184,166,350,321,306,627,428,394,822,348,348,696,288,323,611,278,252,530,306,292,598,242,301,543,94,149,243,2974,2892,5866
2020-05-02,492,378,870,190,173,363,333,311,644,439,402,841,355,355,710,298,326,624,282,258,540,314,294,608,248,313,561,95,153,248,3046,2963,6009
2020-05-03,500,391,891,195,177,372,340,319,659,449,409,858,363,362,725,307,329,636,290,263,553,320,304,624,255,321,576,98,158,256,3117,3033,6150
2020-05-04,523,412,935,200,181,381,354,333,687,465,425,890,373,374,747,318,335,653,300,275,575,335,322,657,263,337,600,100,163,263,3231,3157,6388
2020-05-05,540,425,965,210,184,394,369,348,717,478,443,921,382,392,774,329,344,673,313,283,596,349,333,682,270,353,623,101,173,274,3341,3278,6619
2020-05-06,554,443,997,216,187,403,388,356,744,495,463,958,405,403,808,338,353,691,325,296,621,368,349,717,278,368,646,105,179,284,3472,3397,6869
2020-05-07,572,457,1029,228,194,422,405,369,774,510,480,990,425,417,842,344,362,706,334,305,639,387,357,744,287,382,669,106,186,292,3598,3509,7107
2020-05-08,593,470,1063,236,200,436,420,377,797,524,498,1022,445,436,881,364,369,733,344,317,661,400,367,767,297,394,691,109,198,307,3732,3626,7358
2020-05-09,614,482,1096,240,202,442,428,395,823,532,511,1043,455,449,904,371,375,746,351,324,675,413,370,783,302,406,708,114,207,321,3820,3721,7541
2020-05-10,623,492,1115,242,206,448,440,407,847,538,521,1059,462,461,923,374,381,755,362,332,694,421,383,804,308,418,726,115,212,327,3885,3813,7698
2020-05-11,644,512,1156,250,212,462,452,420,872,556,538,1094,481,480,961,385,392,777,373,340,713,434,394,828,320,435,755,119,230,349,4014,3953,7967
2020-05-12,667,524,1191,259,222,481,483,447,930,583,556,1139,492,500,992,392,400,792,385,353,738,443,403,846,330,450,780,124,243,367,4158,4098,8256
2020-05-13,695,543,1238,269,232,501,508,467,975,603,579,1182,512,511,1023,405,413,818,396,364,760,453,413,866,338,467,805,125,251,376,4304,4240,8544
2020-05-14,719,573,1292,281,251,532,522,497,1019,630,608,1238,526,521,1047,418,433,851,410,377,787,463,424,887,351,483,834,127,264,391,4447,4431,8878
2020-05-15,741,597,1338,289,258,547,530,515,1045,653,634,1287,539,548,1087,434,443,877,421,386,807,472,430,902,360,505,865,132,274,406,4571,4590,9161
2020-05-16,758,616,1374,297,269,566,538,533,1071,665,659,1324,550,561,1111,442,454,896,428,393,821,482,437,919,366,513,879,136,286,422,4662,4721,9383
2020-05-17,781,630,1411,301,278,579,554,547,1101,678,675,1353,560,574,1134,447,457,904,436,400,836,489,442,931,378,526,904,138,290,428,4762,4819,9581
2020-05-18,805,658,1463,313,295,608,588,576,1164,704,709,1413,580,598,1178,468,472,940,452,416,868,506,456,962,395,539,934,139,301,440,4950,5020,9970
2020-05-19,829,679,1508,328,314,642,619,610,1229,745,742,1487,612,621,1233,490,488,978,473,430,903,521,479,1000,407,561,968,144,311,455,5168,5235,10403
2020-05-20,863,725,1588,346,332,678,654,642,1296,796,775,1571,640,644,1284,508,503,1011,496,448,944,536,490,1026,419,579,998,150,315,465,5408,5453,10861
2020-05-21,902,762,1664,369,350,719,695,684,1379,833,823,1656,666,671,1337,531,517,1048,514,455,969,551,500,1051,429,596,1025,151,319,470,5641,5677,11318
2020-05-22,944,782,1726,388,372,760,732,723,1455,865,859,1724,694,693,1387,550,530,1080,524,465,989,561,511,1072,437,613,1050,157,331,488,5852,5879,11731
2020-05-23,967,803,1770,406,391,797,762,751,1513,900,883,1783,710,710,1420,560,542,1102,538,476,1014,569,525,1094,446,620,1066,159,333,492,6017,6034,12051
2020-05-24,984,825,1809,417,401,818,781,764,1545,917,906,1823,722,715,1437,570,547,1117,550,486,1036,581,535,1116,452,634,1086,161,339,500,6135,6152,12287
2020-05-25,1017,852,1869,438,431,869,807,801,1608,940,932,1872,744,733,1477,575,556,1131,560,495,1055,591,542,1133,462,648,1110,163,348,511,6297,6338,12635
2020-05-26,1063,892,1955,465,455,920,863,862,1725,995,981,1976,767,774,1541,593,584,1177,576,503,1079,605,549,1154,474,662,1136,167,359,526,6568,6621,13189
2020-05-27,1112,935,2047,478,474,952,895,903,1798,1029,1018,2047,793,796,1589,614,604,1218,588,512,1100,613,565,1178,478,678,1156,171,361,532,6771,6846,13617
2020-05-28,1142,980,2122,501,489,990,936,957,1893,1064,1063,2127,823,827,1650,631,626,1257,597,528,1125,628,573,1201,492,699,1191,175,373,548,6989,7115,14104
2020-05-29,1187,1016,2203,524,509,1033,983,1004,1987,1102,1119,2221,857,863,1720,650,649,1299,616,543,1159,646,588,1234,508,716,1224,176,377,553,7249,7384,14633
2020-05-30,1222,1043,2265,541,525,1066,1027,1036,2063,1140,1140,2280,877,888,1765,666,664,1330,628,554,1182,659,599,1258,516,730,1246,177,384,561,7453,7563,15016
2020-05-31,1252,1062,2314,557,537,1094,1044,1055,2099,1168,1155,2323,892,902,1794,673,676,1349,636,561,1197,670,605,1275,523,741,1264,177,391,568,7592,7685,15277
2020-06-01,1294,1097,2391,584,558,1142,1079,1112,2191,1200,1200,2400,915,935,1850,695,695,1390,661,580,1241,682,614,1296,532,753,1285,181,394,575,7823,7938,15761
2020-06-02,1340,1135,2475,607,584,1191,1124,1150,2274,1232,1235,2467,937,961,1898,711,719,1430,675,592,1267,706,628,1334,541,772,1313,185,407,592,8058,8183,16241
2020-06-03,1381,1162,2543,624,621,1245,1162,1188,2350,1263,1282,2545,968,997,1965,725,735,1460,695,607,1302,724,640,1364,554,788,1342,187,416,603,8283,8436,16719
2020-06-04,1424,1200,2624,648,650,1298,1204,1227,2431,1286,1326,2612,993,1020,2013,755,758,1513,709,617,1326,746,653,1399,565,809,1374,189,425,614,8519,8685,17204
2020-06-05,1470,1243,2713,664,674,1338,1248,1269,2517,1324,1373,2697,1034,1053,2087,785,786,1571,729,633,1362,765,668,1433,578,832,1410,192,435,627,8789,8966,17755
2020-06-06,1506,1271,2777,682,687,1369,1270,1298,2568,1360,1412,2772,1054,1074,2128,799,802,1601,742,648,1390,778,676,1454,590,851,1441,193,445,638,8974,9164,18138
2020-06-07,1532,1296,2828,700,702,1402,1297,1325,2622,1384,1444,2828,1076,1082,2158,812,815,1627,751,654,1405,787,683,1470,601,862,1463,195,453,648,9135,9316,18451
2020-06-08,1569,1334,2903,724,731,1455,1349,1364,2713,1432,1500,2932,1117,1114,2231,833,841,1674,769,671,1440,807,698,1505,613,882,1495,198,462,660,9411,9597,19008
2020-06-09,1630,1372,3002,751,757,1508,1378,1415,2793,1478,1543,3021,1154,1151,2305,860,857,1717,782,683,1465,821,724,1545,626,914,1540,202,478,680,9682,9894,19576
2020-06-10,1659,1417,3076,768,779,1547,1432,1449,2881,1525,1593,3118,1196,1186,2382,890,890,1780,806,706,1512,843,752,1595,633,934,1567,208,494,702,9960,10200,20160
2020-06-11,1703,1463,3166,787,806,1593,1474,1497,2971,1578,1646,3224,1223,1227,2450,910,928,1838,820,732,1552,860,772,1632,641,963,1604,212,509,721,10208,10543,20751
2020-06-12,1753,1514,3267,806,839,1645,1538,1548,3086,1636,1721,3357,1269,1285,2554,940,957,1897,853,756,1609,878,790,1668,650,985,1635,218,519,737,10541,10914,21455
2020-06-13,1791,1544,3335,834,861,1695,1583,1601,3184,1678,1766,3444,1285,1326,2611,966,980,1946,867,766,1633,891,800,1691,660,1004,1664,219,525,744,10774,11173,21947
2020-06-14,1816,1580,3396,855,888,1743,1616,1628,3244,1703,1795,3498,1307,1345,2652,983,1005,1988,879,773,1652,896,817,1713,674,1024,1698,219,533,752,10948,11388,22336
2020-06-15,1856,1617,3473,886,916,1802,1656,1669,3325,1736,1833,3569,1328,1371,2699,998,1024,2022,895,780,1675,908,830,1738,683,1039,1722,221,543,764,11167,11622,22789
2020-06-16,1914,1683,3597,914,945,1859,1734,1734,3468,1800,1888,3688,1381,1412,2793,1025,1056,2081,912,796,1708,925,838,1763,698,1065,1763,224,558,782,11527,11975,23502
2020-06-17,1961,1735,3696,942,982,1924,1800,1790,3590,1853,1957,3810,1423,1459,2882,1058,1076,2134,932,815,1747,937,859,1796,717,1083,1800,225,567,792,11848,12323,24171
2020-06-18,2019,1786,3805,970,1006,1976,1877,1866,3743,1920,2035,3955,1485,1496,2981,1103,1109,2212,955,839,1794,957,876,1833,730,1107,1837,228,578,806,12244,12698,24942
2020-06-19,2082,1826,3908,990,1044,2034,1937,1935,3872,2007,2111,4118,1531,1553,3084,1157,1151,2308,988,861,1849,980,896,1876,749,1131,1880,235,591,826,12656,13099,25755
2020-06-20,2117,1871,3988,1011,1070,2081,1982,1973,3955,2057,2154,4211,1560,1600,3160,1175,1184,2359,1010,878,1888,992,908,1900,758,1148,1906,241,597,838,12903,13383,26286
2020-06-21,2155,1898,4053,1031,1091,2122,2015,2024,4039,2084,2204,4288,1586,1620,3206,1193,1198,2391,1021,889,1910,1003,917,1920,765,1157,1922,242,604,846,13095,13602,26697
2020-06-22,2215,1947,4162,1064,1131,2195,2074,2091,4165,2154,2269,4423,1641,1674,3315,1228,1242,2470,1042,914,1956,1025,934,1959,773,1183,1956,245,620,865,13461,14005,27466
2020-06-23,2275,2004,4279,1103,1164,2267,2143,2159,4302,2233,2334,4567,1694,1741,3435,1260,1290,2550,1065,937,2002,1040,952,1992,790,1200,1990,248,627,875,13851,14408,28259
2020-06-24,2327,2058,4385,1135,1197,2332,2217,2237,4454,2288,2410,4698,1745,1793,3538,1292,1342,2634,1084,961,2045,1056,970,2026,807,1219,2026,250,631,881,14201,14818,29019
2020-06-25,2385,2124,4509,1177,1245,2422,2284,2307,4591,2352,2471,4823,1802,1837,3639,1338,1386,2724,1099,983,2082,1069,992,2061,819,1233,2052,254,637,891,14579,15215,29794
2020-06-26,2443,2177,4620,1216,1279,2495,2362,2393,4755,2422,2550,4972,1853,1891,3744,1367,1435,2802,1127,1009,2136,1085,1010,2095,831,1258,2089,255,646,901,14961,15648,30609
2020-06-27,2513,2246,4759,1254,1330,2584,2410,2459,4869,2470,2609,5079,1891,1937,3828,1395,1459,2854,1152,1020,2172,1090,1028,2118,838,1265,2103,259,653,912,15272,16006,31278
2020-06-28,2562,2273,4835,1273,1354,2627,2442,2518,4960,2508,2661,5169,1922,1969,3891,1423,1482,2905,1165,1030,2195,1100,1041,2141,848,1280,2128,265,659,924,15508,16267,31775
2020-06-29,2620,2332,4952,1318,1407,2725,2512,2587,5099,2584,2738,5322,1974,2019,3993,1452,1526,2978,1191,1043,2234,1115,1062,2177,863,1302,2165,267,668,935,15896,16684,32580
2020-06-30,2660,2385,5045,1344,1449,2793,2596,2659,5255,2637,2820,5457,2037,2072,4109,1492,1572,3064,1222,1058,2280,1134,1076,2210,870,1321,2191,269,679,948,16261,17091,33352
2020-07-01,2727,2437,5164,1372,1498,2870,2693,2750,5443,2718,2907,5625,2102,2142,4244,1530,1622,3152,1249,1085,2334,1153,1095,2248,880,1345,2225,272,685,957,16696,17566,34262
2020-07-02,2802,2505,5307,1414,1543,2957,2777,2857,5634,2793,3001,5794,2172,2207,4379,1577,1661,3238,1285,1112,2397,1173,1122,2295,896,1364,2260,277,692,969,17166,18064,35230
2020-07-03,2883,2555,5438,1461,1581,3042,2848,2946,5794,2891,3109,6000,2230,2277,4507,1614,1710,3324,1315,1140,2455,1197,1143,2340,913,1386,2299,281,701,982,17633,18548,36181
2020-07-04,2932,2601,5533,1489,1616,3105,2911,3035,5946,2947,3164,6111,2270,2328,4598,1647,1738,3385,1331,1155,2486,1213,1166,2379,922,1408,2330,284,712,996,17946,18923,36869
2020-07-05,2965,2646,5611,1522,1641,3163,2964,3105,6069,2999,3244,6243,2304,2377,4681,1674,1774,3448,1357,1185,2542,1235,1190,2425,935,1442,2377,289,722,1011,18244,19326,37570
2020-07-06,3018,2686,5704,1553,1672,3225,3043,3199,6242,3089,3320,6409,2377,2469,4846,1725,1827,3552,1392,1228,2620,1259,1228,2487,947,1478,2425,293,738,1031,18696,19845,38541
2020-07-07,3089,2763,5852,1599,1719,3318,3139,3304,6443,3195,3420,6615,2445,2541,4986,1770,1887,3657,1420,1253,2673,1276,1245,2521,959,1506,2465,300,750,1050,19192,20388,39580
2020-07-08,3154,2818,5972,1645,1762,3407,3239,3392,6631,3275,3527,6802,2521,2646,5167,1819,1950,3769,1449,1281,2730,1300,1275,2575,973,1535,2508,305,769,1074,19680,20955,40635
2020-07-09,3200,2857,6057,1670,1790,3460,3307,3460,6767,3354,3597,6951,2582,2707,5289,1850,1979,3829,1462,1309,2771,1314,1304,2618,985,1567,2552,312,782,1094,20036,21352,41388
2020-07-10,3246,2894,6140,1701,1828,3529,3374,3544,6918,3415,3697,7112,2638,2758,5396,1890,2022,3912,1494,1339,2833,1337,1322,2659,1000,1592,2592,313,795,1108,20408,21791,42199
2020-07-11,3291,2948,6239,1734,1852,3586,3427,3610,7037,3483,3768,7251,2686,2813,5499,1931,2069,4000,1525,1368,2893,1353,1357,2710,1011,1622,2633,317,814,1131,20758,22221,42979
2020-07-12,3321,2973,6294,1755,1873,3628,3473,3658,7131,3539,3823,7362,2724,2856,5580,1949,2099,4048,1543,1385,2928,1366,1373,2739,1018,1644,2662,321,823,1144,21009,22507,43516
2020-07-13,3380,3035,6415,1792,1918,3710,3559,3750,7309,3632,3923,7555,2812,2952,5764,2003,2183,4186,1591,1428,3019,1393,1435,2828,1035,1716,2751,324,855,1179,21521,23195,44716
2020-07-14,3440,3084,6524,1838,1953,3791,3636,3839,7475,3749,4036,7785,2902,3027,5929,2064,2231,4295,1639,1472,3111,1422,1468,2890,1060,1747,2807,332,873,1205,22082,23730,45812
2020-07-15,3499,3139,6638,1896,2000,3896,3718,3964,7682,3857,4190,8047,2989,3117,6106,2113,2300,4413,1673,1507,3180,1441,1498,2939,1078,1770,2848,339,884,1223,22603,24369,46972
2020-07-16,3559,3180,6739,1938,2063,4001,3804,4069,7873,3954,4303,8257,3068,3224,6292,2159,2369,4528,1705,1541,3246,1461,1531,2992,1097,1811,2908,341,909,1250,23086,25000,48086
2020-07-17,3627,3244,6871,1980,2111,4091,3889,4183,8072,4051,4426,8477,3140,3336,6476,2212,2443,4655,1743,1587,3330,1484,1556,3040,1118,1834,2952,345,917,1262,23589,25637,49226
2020-07-18,3672,3291,6963,2016,2148,4164,3970,4270,8240,4133,4534,8667,3194,3410,6604,2258,2489,4747,1774,1619,3393,1508,1570,3078,1134,1859,2993,347,924,1271,24006,26114,50120
2020-07-19,3715,3339,7054,2045,2179,4224,4021,4340,8361,4189,4611,8800,3232,3468,6700,2298,2531,4829,1804,1640,3444,1526,1581,3107,1145,1880,3025,350,932,1282,24325,26501,50826
2020-07-20,3802,3400,7202,2105,2246,4351,4120,4452,8572,4284,4757,9041,3327,3579,6906,2355,2614,4969,1843,1697,3540,1555,1611,3166,1168,1905,3073,353,945,1298,24912,27206,52118
2020-07-21,3861,3454,7315,2154,2290,4444,4227,4547,8774,4406,4879,9285,3409,3670,7079,2419,2691,5110,1882,1740,3622,1586,1642,3228,1182,1935,3117,358,956,1314,25484,27804,53288
2020-07-22,3949,3512,7461,2204,2351,4555,4356,4676,9032,4531,5024,9555,3513,3772,7285,2484,2766,5250,1910,1777,3687,1616,1669,3285,1200,1979,3179,360,966,1326,26123,28492,54615
2020-07-23,4020,3573,7593,2249,2410,4659,4472,4799,9271,4642,5178,9820,3588,3870,7458,2538,2835,5373,1940,1810,3750,1637,1696,3333,1209,2003,3212,367,976,1343,26662,29150,55812
2020-07-24,4081,3636,7717,2297,2454,4751,4587,4921,9508,4748,5312,10060,3678,3963,7641,2600,2909,5509,1984,1837,3821,1661,1723,3384,1220,2037,3257,369,989,1358,27225,29781,57006
2020-07-25,4139,3681,7820,2332,2483,4815,4656,5021,9677,4838,5427,10265,3745,4040,7785,2642,2968,5610,2010,1871,3881,1681,1752,3433,1232,2060,3292,374,995,1369,27649,30298,57947
2020-07-26,4186,3725,7911,2354,2511,4865,4713,5077,9790,4890,5494,10384,3795,4093,7888,2675,3009,5684,2029,1890,3919,1698,1768,3466,1240,2084,3324,380,1001,1381,27960,30652,58612
2020-07-27,4232,3774,8006,2404,2559,4963,4794,5190,9984,5008,5619,10627,3876,4199,8075,2743,3110,5853,2065,1939,4004,1719,1800,3519,1260,2109,3369,385,1025,1410,28486,31324,59810
2020-07-28,4300,3839,8139,2451,2606,5057,4929,5346,10275,5126,5759,10885,3976,4315,8291,2822,3202,6024,2119,1984,4103,1746,1841,3587,1276,2148,3424,392,1046,1438,29137,32086,61223
2020-07-29,4371,3900,8271,2496,2658,5154,5056,5478,10534,5246,5901,11147,4086,4435,8521,2888,3267,6155,2161,2033,4194,1775,1864,3639,1298,2194,3492,402,1075,1477,29779,32805,62584
2020-07-30,4447,3958,8405,2553,2732,5285,5212,5612,10824,5379,6033,11412,4198,4537,8735,2960,3344,6304,2203,2079,4282,1799,1893,3692,1312,2223,3535,405,1085,1490,30468,33496,63964
2020-07-31,4505,4029,8534,2595,2774,5369,5320,5758,11078,5520,6193,11713,4296,4634,8930,3019,3420,6439,2248,2132,4380,1825,1922,3747,1326,2259,3585,412,1111,1523,31066,34232,65298
2020-08-01,4551,4071,8622,2628,2817,5445,5404,5859,11263,5607,6312,11919,4362,4716,9078,3072,3485,6557,2275,2150,4425,1853,1950,3803,1342,2294,3636,413,1134,1547,31507,34788,66295
2020-08-02,4603,4112,8715,2666,2852,5518,5469,5933,11402,5683,6393,12076,4416,4804,9220,3103,3534,6637,2294,2179,4473,1872,1977,3849,1360,2324,3684,417,1146,1563,31883,35254,67137
2020-08-03,4669,4189,8858,2707,2913,5620,5578,6058,11636,5796,6529,12325,4515,4932,9447,3166,3611,6777,2339,2220,4559,1891,2014,3905,1385,2381,3766,424,1182,1606,32470,36029,68499
2020-08-04,4748,4250,8998,2771,2979,5750,5713,6192,11905,5926,6672,12598,4611,5061,9672,3235,3693,6928,2389,2264,4653,1918,2050,3968,1409,2424,3833,429,1206,1635,33149,36791,69940
2020-08-05,4819,4323,9142,2834,3031,5865,5850,6347,12197,6053,6816,12869,4698,5186,9884,3325,3790,7115,2428,2310,4738,1947,2084,4031,1429,2459,3888,433,1219,1652,33816,37565,71381
2020-08-06,4889,4385,9274,2887,3095,5982,5974,6488,12462,6186,6983,13169,4814,5310,10124,3396,3879,7275,2476,2358,4834,1978,2123,4101,1451,2506,3957,439,1239,1678,34490,38366,72856
2020-08-07,4978,4458,9436,2937,3147,6084,6091,6637,12728,6323,7154,13477,4913,5456,10369,3469,3974,7443,2511,2415,4926,2010,2168,4178,1465,2558,4023,444,1254,1698,35141,39221,74362
2020-08-08,5031,4506,9537,2975,3191,6166,6161,6729,12890,6438,7286,13724,4985,5557,10542,3523,4040,7563,2556,2451,5007,2038,2199,4237,1482,2604,4086,445,1283,1728,35634,39846,75480
2020-08-09,5072,4547,9619,3009,3222,6231,6236,6815,13051,6520,7367,13887,5051,5657,10708,3573,4104,7677,2588,2476,5064,2067,2236,4303,1503,2669,4172,449,1306,1755,36068,40399,76467
2020-08-10,5151,4621,9772,3085,3301,6386,6385,6958,13343,6663,7544,14207,5163,5798,10961,3654,4210,7864,2632,2519,5151,2090,2273,4363,1525,2715,4240,457,1337,1794,36805,41276,78081
2020-08-11,5219,4689,9908,3150,3359,6509,6537,7122,13659,6832,7699,14531,5294,5950,11244,3736,4297,8033,2690,2582,5272,2134,2339,4473,1546,2787,4333,467,1376,1843,37605,42200,79805
2020-08-12,5286,4763,10049,3218,3434,6652,6667,7271,13938,6966,7918,14884,5418,6097,11515,3825,4394,8219,2736,2628,5364,2153,2374,4527,1560,2812,4372,473,1395,1868,38302,43086,81388
2020-08-13,5348,4829,10177,3288,3501,6789,6850,7479,14329,7136,8153,15289,5547,6255,11802,3910,4502,8412,2779,2683,5462,2187,2410,4597,1578,2844,4422,478,1412,1890,39101,44068,83169
2020-08-14,5401,4890,10291,3340,3564,6904,7021,7692,14713,7290,8363,15653,5681,6407,12088,3995,4604,8599,2831,2733,5564,2220,2446,4666,1595,2877,4472,480,1428,1908,39854,45004,84858
2020-08-15,5472,4938,10410,3403,3620,7023,7106,7840,14946,7404,8524,15928,5766,6532,12298,4051,4684,8735,2872,2782,5654,2248,2494,4742,1611,2942,4553,484,1453,1937,40417,45809,86226
2020-08-16,5513,4973,10486,3431,3656,7087,7212,7936,15148,7489,8624,16113,5815,6609,12424,4096,4738,8834,2889,2816,5705,2270,2519,4789,1630,2985,4615,486,1483,1969,40831,46339,87170
2020-08-17,5564,5004,10568,3477,3701,7178,7324,8059,15383,7617,8768,16385,5920,6725,12645,4167,4830,8997,2919,2872,5791,2294,2542,4836,1642,3029,4671,487,1504,1991,41411,47034,88445
2020-08-18,5633,5068,10701,3537,3764,7301,7461,8202,15663,7773,8949,16722,6056,6865,12921,4234,4950,9184,2968,2932,5900,2325,2587,4912,1660,3070,4730,487,1533,2020,42134,47920,90054
2020-08-19,5698,5124,10822,3604,3839,7443,7586,8374,15960,7901,9108,17009,6162,6989,13151,4310,5033,9343,3002,2976,5978,2353,2638,4991,1677,3119,4796,493,1560,2053,42786,48760,91546
2020-08-20,5752,5183,10935,3659,3893,7552,7717,8534,16251,8013,9280,17293,6251,7092,13343,4389,5110,9499,3043,3032,6075,2377,2669,5046,1700,3154,4854,497,1582,2079,43398,49529,92927
2020-08-21,5806,5247,11053,3719,3955,7674,7832,8695,16527,8155,9462,17617,6376,7217,13593,4458,5209,9667,3094,3087,6181,2417,2726,5143,1720,3198,4918,503,1599,2102,44080,50395,94475
2020-08-22,5844,5285,11129,3766,3996,7762,7922,8815,16737,8241,9597,17838,6464,7309,13773,4509,5261,9770,3130,3131,6261,2436,2764,5200,1736,3230,4966,509,1620,2129,44557,51008,95565
2020-08-23,5887,5335,11222,3806,4029,7835,7983,8917,16900,8307,9696,18003,6533,7391,13924,4553,5326,9879,3162,3165,6327,2454,2790,5244,1752,3249,5001,514,1627,2141,44951,51525,96476
2020-08-24,5963,5415,11378,3867,4099,7966,8106,9080,17186,8471,9874,18345,6641,7535,14176,4631,5423,10054,3215,3230,6445,2484,2836,5320,1771,3282,5053,520,1647,2167,45669,52421,98090
2020-08-25,6034,5487,11521,3922,4165,8087,8241,9280,17521,8626,10071,18697,6764,7679,14443,4695,5528,10223,3266,3288,6554,2517,2862,5379,1793,3323,5116,526,1665,2191,46384,53348,99732
2020-08-26,6105,5538,11643,3982,4246,8228,8404,9454,17858,8781,10254,19035,6848,7827,14675,4768,5621,10389,3320,3351,6671,2551,2910,5461,1817,3372,5189,531,1693,2224,47107,54266,101373
2020-08-27,6175,5601,11776,4064,4334,8398,8568,9623,18191,8919,10423,19342,6966,7982,14948,4846,5716,10562,3357,3407,6764,2587,2946,5533,1842,3423,5265,534,1722,2256,47858,55177,103035
2020-08-28,6234,5659,11893,4137,4407,8544,8760,9835,18595,9064,10623,19687,7097,8175,15272,4931,5837,10768,3412,3468,6880,2629,2997,5626,1862,3463,5325,538,1738,2276,48664,56202,104866
2020-08-29,6278,5697,11975,4177,4464,8641,8878,9988,18866,9185,10796,19981,7212,8291,15503,4997,5916,10913,3455,3506,6961,2664,3035,5699,1876,3512,5388,543,1768,2311,49265,56973,106238
2020-08-30,6310,5757,12067,4227,4510,8737,8968,10108,19076,9282,10894,20176,7288,8381,15669,5050,5973,11023,3485,3544,7029,2682,3066,5748,1886,3538,5424,547,1781,2328,49725,57552,107277
2020-08-31,6378,5803,12181,4292,4569,8861,9106,10254,19360,9427,11066,20493,7399,8517,15916,5129,6071,11200,3529,3606,7135,2722,3112,5834,1910,3582,5492,549,1795,2344,50441,58375,108816
2020-09-01,6442,5869,12311,4347,4647,8994,9263,10433,19696,9597,11271,20868,7523,8647,16170,5210,6188,11398,3568,3653,7221,2748,3147,5895,1927,3631,5558,556,1815,2371,51181,59301,110482
2020-09-02,6501,5914,12415,4388,4703,9091,9385,10591,19976,9737,11456,21193,7629,8768,16397,5291,6284,11575,3609,3710,7319,2791,3185,5976,1944,3676,5620,562,1847,2409,51837,60134,111971
2020-09-03,6574,5974,12548,4457,4768,9225,9536,10790,20326,9926,11654,21580,7760,8907,16667,5378,6389,11767,3654,3773,7427,2829,3230,6059,1966,3721,5687,566,1864,2430,52646,61070,113716
2020-09-04,6644,6045,12689,4522,4835,9357,9683,10986,20669,10088,11855,21943,7900,9072,16972,5456,6498,11954,3715,3838,7553,2867,3275,6142,1991,3761,5752,571,1882,2453,53437,62047,115484
2020-09-05,6688,6089,12777,4557,4878,9435,9805,11124,20929,10199,12016,22215,7987,9233,17220,5517,6581,12098,3766,3893,7659,2898,3305,6203,2011,3789,5800,573,1893,2466,54001,62801,116802
2020-09-06,6730,6131,12861,4599,4926,9525,9878,11239,21117,10274,12119,22393,8051,9311,17362,5562,6652,12214,3795,3926,7721,2909,3344,6253,2025,3811,5836,574,1901,2475,54397,63360,117757
2020-09-07,6792,6185,12977,4669,4992,9661,10025,11420,21445,10443,12318,22761,8189,9476,17665,5634,6779,12413,3863,3989,7852,2948,3386,6334,2043,3859,5902,580,1919,2499,55186,64323,119509
2020-09-08,6849,6250,13099,4729,5061,9790,10156,11600,21756,10621,12509,23130,8318,9624,17942,5732,6887,12619,3913,4071,7984,2990,3435,6425,2067,3899,5966,587,1940,2527,55962,65276,121238
2020-09-09,6913,6311,13224,4802,5139,9941,10325,11782,22107,10792,12704,23496,8450,9775,18225,5834,6996,12830,3974,4136,8110,3020,3471,6491,2085,3944,6029,588,1959,2547,56783,66217,123000
2020-09-10,6964,6349,13313,4878,5210,10088,10511,11975,22486,10965,12919,23884,8586,9957,18543,5942,7095,13037,4024,4206,8230,3060,3528,6588,2099,3997,6096,593,1988,2581,57622,67224,124846
2020-09-11,7026,6403,13429,4958,5287,10245,10668,12130,22798,11114,13139,24253,8709,10109,18818,6020,7219,13239,4089,4263,8352,3102,3575,6677,2120,4042,6162,595,2001,2596,58401,68168,126569
2020-09-12,7083,6435,13518,5007,5331,10338,10751,12245,22996,11220,13273,24493,8780,10215,18995,6071,7302,13373,4139,4309,8448,3128,3605,6733,2133,4090,6223,598,2014,2612,58910,68819,127729
2020-09-13,7137,6478,13615,5053,5376,10429,10831,12352,23183,11306,13398,24704,8836,10302,19138,6126,7366,13492,4191,4349,8540,3152,3620,6772,2136,4109,6245,603,2022,2625,59371,69372,128743
2020-09-14,7208,6540,13748,5109,5448,10557,10979,12536,23515,11456,13599,25055,8951,10455,19406,6225,7484,13709,4260,4431,8691,3194,3660,6854,2167,4145,6312,603,2046,2649,60152,70344,130496
2020-09-15,7286,6578,13864,5167,5506,10673,11118,12670,23788,11605,13797,25402,9060,10595,19655,6300,7577,13877,4326,4501,8827,3234,3712,6946,2185,4210,6395,607,2075,2682,60888,71221,132109
2020-09-16,7365,6648,14013,5251,5594,10845,11294,12884,24178,11765,14001,25766,9191,10752,19943,6384,7683,14067,4390,4570,8960,3268,3754,7022,2204,4255,6459,611,2090,2701,61723,72231,133954
2020-09-17,7432,6712,14144,5304,5683,10987,11457,13064,24521,11914,14180,26094,9331,10931,20262,6468,7804,14272,4460,4639,9099,3310,3799,7109,2227,4293,6520,615,2107,2722,62518,73212,135730
2020-09-18,7510,6782,14292,5360,5782,11142,11620,13243,24863,12091,14395,26486,9456,11087,20543,6558,7913,14471,4512,4710,9222,3360,3845,7205,2243,4328,6571,619,2126,2745,63329,74211,137540
2020-09-19,7544,6830,14374,5413,5832,11245,11720,13352,25072,12196,14507,26703,9522,11169,20691,6611,7974,14585,4558,4749,9307,3385,3872,7257,2262,4352,6614,623,2137,2760,63834,74774,138608
2020-09-20,7586,6879,14465,5468,5886,11354,11794,13439,25233,12286,14598,26884,9579,11254,20833,6654,8042,14696,4584,4788,9372,3406,3899,7305,2268,4380,6648,626,2151,2777,64251,75316,139567
2020-09-21,7656,6933,14589,5533,5968,11501,11928,13579,25507,12440,14786,27226,9683,11400,21083,6740,8124,14864,4645,4863,9508,3446,3939,7385,2283,4400,6683,628,2162,2790,64982,76154,141136
2020-09-22,7733,7003,14736,5619,6058,11677,12071,13773,25844,12604,14959,27563,9810,11531,21341,6836,8237,15073,4724,4924,9648,3497,3982,7479,2301,4444,6745,633,2181,2814,65828,77092,142920
2020-09-23,7809,7069,14878,5679,6133,11812,12198,13962,26160,12731,15136,27867,9925,11663,21588,6904,8338,15242,4788,4986,9774,3525,4032,7557,2318,4475,6793,636,2193,2829,66513,77987,144500
2020-09-24,7891,7132,15023,5758,6219,11977,12357,14130,26487,12879,15326,28205,10043,11800,21843,6972,8425,15397,4844,5078,9922,3564,4086,7650,2348,4523,6871,647,2224,2871,67303,78943,146246
2020-09-25,7959,7190,15149,5829,6288,12117,12493,14300,26793,13030,15480,28510,10161,11937,22098,7059,8526,15585,4913,5143,10056,3597,4124,7721,2368,4555,6923,648,2237,2885,68057,79780,147837
2020-09-26,7997,7228,15225,5889,6332,12221,12577,14393,26970,13136,15583,28719,10240,12018,22258,7117,8597,15714,4951,5178,10129,3622,4143,7765,2382,4571,6953,651,2244,2895,68562,80287,148849
2020-09-27,8042,7276,15318,5922,6389,12311,12652,14499,27151,13228,15685,28913,10322,12104,22426,7161,8647,15808,4982,5212,10194,3636,4170,7806,2393,4588,6981,653,2257,2910,68991,80827,149818
2020-09-28,8113,7345,15458,5992,6434,12426,12771,14629,27400,13392,15818,29210,10453,12214,22667,7266,8752,16018,5047,5257,10304,3671,4214,7885,2410,4621,7031,657,2275,2932,69772,81559,151331
2020-09-29,8196,7419,15615,6079,6519,12598,12936,14789,27725,13572,16007,29579,10587,12345,22932,7350,8832,16182,5112,5331,10443,3712,4275,7987,2437,4673,7110,659,2296,2955,70640,82486,153126
2020-09-30,8269,7490,15759,6139,6597,12736,13091,14992,28083,13704,16184,29888,10701,12455,23156,7452,8931,16383,5178,5398,10576,3749,4318,8067,2456,4726,7182,662,2308,2970,71401,83399,154800
2020-10-01,8345,7583,15928,6219,6691,12910,13255,15190,28445,13866,16369,30235,10820,12590,23410,7539,9025,16564,5236,5465,10701,3787,4375,8162,2473,4758,7231,665,2318,2983,72205,84364,156569
2020-10-02,8445,7651,16096,6289,6778,13067,13377,15362,28739,14010,16540,30550,10938,12733,23671,7631,9123,16754,5300,5535,10835,3834,4432,8266,2486,4798,7284,672,2335,3007,72982,85287,158269
2020-10-03,8487,7694,16181,6335,6849,13184,13484,15470,28954,14122,16649,30771,11027,12840,23867,7697,9180,16877,5341,5580,10921,3862,4459,8321,2499,4827,7326,676,2343,3019,73530,85891,159421
2020-10-04,8538,7742,16280,6381,6892,13273,13567,15576,29143,14205,16738,30943,11091,12921,24012,7743,9237,16980,5381,5614,10995,3886,4480,8366,2516,4854,7370,678,2349,3027,73986,86403,160389
2020-10-05,8589,7797,16386,6444,6953,13397,13713,15723,29436,14390,16908,31298,11230,13056,24286,7827,9347,17174,5473,5681,11154,3931,4545,8476,2538,4885,7423,681,2357,3038,74816,87252,162068
2020-10-06,8656,7874,16530,6515,7026,13541,13865,15899,29764,14555,17095,31650,11374,13193,24567,7924,9448,17372,5532,5756,11288,3971,4603,8574,2561,4917,7478,687,2367,3054,75640,88178,163818
2020-10-07,8738,7933,16671,6572,7095,13667,14031,16098,30129,14729,17298,32027,11508,13330,24838,8016,9572,17588,5601,5826,11427,4012,4647,8659,2580,4951,7531,693,2377,3070,76480,89127,165607
2020-10-08,8818,7996,16814,6637,7170,13807,14166,16266,30432,14873,17472,32345,11652,13460,25112,8107,9673,17780,5661,5895,11556,4054,4693,8747,2592,4992,7584,697,2398,3095,77257,90015,167272
2020-10-09,8880,8079,16959,6716,7256,13972,14295,16463,30758,15032,17678,32710,11766,13618,25384,8206,9785,17991,5713,5965,11678,4088,4743,8831,2604,5023,7627,702,2421,3123,78002,91031,169033
2020-10-10,8916,8131,17047,6773,7313,14086,14412,16590,31002,15132,17793,32925,11861,13716,25577,8270,9874,18144,5755,6013,11768,4109,4779,8888,2620,5050,7670,709,2430,3139,78557,91689,170246
2020-10-11,8967,8178,17145,6811,7371,14182,14469,16686,31155,15223,17919,33142,11931,13791,25722,8330,9927,18257,5803,6054,11857,4132,4812,8944,2635,5071,7706,711,2436,3147,79012,92245,171257
2020-10-12,9018,8224,17242,6869,7424,14293,14561,16796,31357,15329,18026,33355,12023,13905,25928,8403,10015,18418,5860,6116,11976,4160,4850,9010,2655,5097,7752,713,2448,3161,79591,92901,172492
2020-10-13,9097,8299,17396,6944,7487,14431,14714,16976,31690,15478,18224,33702,12141,14055,26196,8500,10128,18628,5943,6190,12133,4203,4914,9117,2683,5147,7830,722,2468,3190,80425,93888,174313
2020-10-14,9166,8371,17537,7002,7563,14565,14856,17148,32004,15615,18397,34012,12252,14179,26431,8573,10241,18814,6012,6247,12259,4250,4971,9221,2703,5179,7882,723,2480,3203,81152,94776,175928
2020-10-15,9237,8435,17672,7075,7653,14728,15008,17332,32340,15792,18594,34386,12406,14353,26759,8686,10342,19028,6089,6328,12417,4290,5014,9304,2723,5217,7940,730,2492,3222,82036,95760,177796
2020-10-16,9322,8498,17820,7170,7755,14925,15194,17571,32765,15967,18775,34742,12564,14534,27098,8795,10461,19256,6160,6404,12564,4338,5082,9420,2750,5266,8016,733,2521,3254,82993,96867,179860
2020-10-17,9370,8554,17924,7229,7823,15052,15304,17691,32995,16081,18927,35008,12656,14640,27296,8853,10530,19383,6213,6466,12679,4381,5112,9493,2764,5292,8056,736,2530,3266,83587,97565,181152
2020-10-18,9409,8588,17997,7272,7861,15133,15356,17771,33127,16163,19037,35200,12706,14706,27412,8907,10570,19477,6240,6493,12733,4401,5140,9541,2772,5314,8086,738,2536,3274,83964,98016,181980
2020-10-19,9518,8676,18194,7365,7963,15328,15508,17971,33479,16352,19275,35627,12866,14913,27779,9029,10706,19735,6337,6584,12921,4452,5212,9664,2797,5361,8158,740,2549,3289,84964,99210,184174
2020-10-20,9608,8760,18368,7459,8052,15511,15690,18187,33877,16524,19480,36004,13031,15106,28137,9137,10829,19966,6419,6657,13076,4489,5267,9756,2832,5404,8236,740,2564,3304,85929,100306,186235
2020-10-21,9673,8821,18494,7567,8143,15710,15831,18386,34217,16673,19643,36316,13150,15242,28392,9236,10913,20149,6496,6726,13222,4526,5308,9834,2853,5441,8294,743,2574,3317,86748,101197,187945
2020-10-22,9732,8880,18612,7654,8242,15896,15962,18534,34496,16796,19790,36586,13275,15379,28654,9318,11020,20338,6544,6805,13349,4559,5352,9911,2877,5482,8359,747,2591,3338,87464,102075,189539
2020-10-23,9795,8933,18728,7711,8302,16013,16075,18663,34738,16902,19913,36815,13374,15518,28892,9389,11084,20473,6601,6874,13475,4604,5395,9999,2893,5510,8403,753,2608,3361,88097,102800,190897
2020-10-24,9831,8969,18800,7743,8347,16090,16154,18729,34883,16974,20020,36994,13440,15602,29042,9437,11151,20588,6631,6914,13545,4630,5422,10052,2901,5538,8439,754,2617,3371,88495,103309,191804
2020-10-25,9884,9012,18896,7777,8400,16177,16223,18832,35055,17055,20137,37192,13507,15683,29190,9505,11230,20735,6664,6960,13624,4657,5449,10106,2911,5558,8469,755,2624,3379,88938,103885,192823
2020-10-26,9958,9075,19033,7868,8478,16346,16363,18977,35340,17189,20299,37488,13591,15816,29407,9601,11350,20951,6740,7037,13777,4709,5514,10223,2929,5596,8525,756,2637,3393,89704,104779,194483
2020-10-27,10016,9140,19156,7945,8551,16496,16510,19158,35668,17331,20474,37805,13720,15951,29671,9696,11479,21175,6818,7139,13957,4754,5576,10330,2943,5632,8575,759,2644,3403,90492,105744,196236
2020-10-28,10081,9201,19282,7998,8629,16627,16643,19324,35967,17491,20663,38154,13813,16081,29894,9789,11585,21374,6883,7204,14087,4787,5614,10401,2954,5665,8619,761,2659,3420,91200,106625,197825
2020-10-29,10133,9248,19381,8063,8709,16772,16792,19484,36276,17650,20827,38477,13908,16242,30150,9874,11683,21557,6935,7273,14208,4819,5654,10473,2968,5692,8660,763,2666,3429,91905,107478,199383
2020-10-30,10190,9290,19480,8115,8786,16901,16891,19631,36522,17776,20979,38755,14003,16366,30369,9937,11779,21716,6994,7354,14348,4848,5692,10540,2990,5721,8711,767,2680,3447,92511,108278,200789
2020-10-31,10235,9322,19557,8143,8827,16970,16977,19715,36692,17854,21099,38953,14077,16432,30509,9979,11837,21816,7037,7400,14437,4875,5725,10600,2999,5742,8741,770,2688,3458,92946,108787,201733
2020-11-01,10297,9374,19671,8200,8894,17094,17065,19824,36889,17940,21210,39150,14162,16526,30688,10046,11909,21955,7070,7468,14538,4907,5751,10658,3007,5772,8779,774,2693,3467,93468,109421,202889
2020-11-02,10355,9443,19798,8263,8973,17236,17193,19991,37184,18090,21360,39450,14275,16650,30925,10123,11993,22116,7137,7543,14680,4951,5796,10747,3026,5796,8822,775,2701,3476,94188,110246,204434
2020-11-03,10403,9490,19893,8307,9039,17346,17300,20137,37437,18205,21493,39698,14362,16732,31094,10188,12058,22246,7188,7594,14782,4998,5837,10835,3047,5831,8878,777,2714,3491,94775,110925,205700
2020-11-04,10460,9544,20004,8375,9110,17485,17479,20295,37774,18345,21663,40008,14513,16874,31387,10271,12156,22427,7264,7660,14924,5045,5882,10927,3064,5861,8925,782,2721,3503,95598,111766,207364
2020-11-05,10542,9615,20157,8467,9208,17675,17659,20487,38146,18528,21866,40394,14676,17018,31694,10380,12287,22667,7330,7741,15071,5085,5927,11012,3081,5888,8969,785,2733,3518,96533,112770,209303
2020-11-06,10595,9669,20264,8517,9265,17782,17767,20605,38372,18620,21987,40607,14749,17099,31848,10451,12363,22814,7380,7789,15169,5121,5983,11104,3095,5921,9016,788,2740,3528,97083,113421,210504
2020-11-07,10641,9715,20356,8555,9322,17877,17839,20696,38535,18691,22105,40796,14824,17191,32015,10512,12443,22955,7437,7853,15290,5155,6017,11172,3113,5939,9052,792,2744,3536,97559,114025,211584
2020-11-08,10696,9781,20477,8606,9389,17995,17932,20795,38727,18783,22239,41022,14908,17297,32205,10577,12504,23081,7489,7919,15408,5179,6048,11227,3121,5961,9082,797,2748,3545,98088,114681,212769
2020-11-09,10777,9861,20638,8685,9459,18144,18049,20956,39005,18923,22424,41347,15031,17425,32456,10684,12609,23293,7562,7996,15558,5210,6096,11306,3144,6002,9146,801,2757,3558,98866,115585,214451
2020-11-10,10828,9910,20738,8740,9533,18273,18154,21064,39218,19069,22566,41635,15127,17526,32653,10763,12691,23454,7629,8050,15679,5250,6137,11387,3161,6034,9195,805,2765,3570,99526,116276,215802
2020-11-11,10905,9972,20877,8796,9609,18405,18300,21220,39520,19218,22718,41936,15261,17655,32916,10862,12802,23664,7687,8110,15797,5291,6177,11468,3182,6064,9246,810,2779,3589,100312,117106,217418
2020-11-12,10974,10034,21008,8862,9688,18550,18445,21401,39846,19407,22890,42297,15390,17793,33183,10959,12897,23856,7752,8195,15947,5334,6232,11566,3205,6096,9301,811,2792,3603,101139,118018,219157
2020-11-13,11036,10080,21116,8934,9755,18689,18581,21579,40160,19533,23029,42562,15496,17914,33410,11052,12985,24037,7836,8271,16107,5387,6281,11668,3225,6127,9352,815,2802,3617,101895,118823,220718
2020-11-14,11102,10142,21244,8989,9793,18782,18661,21688,40349,19636,23144,42780,15559,18005,33564,11116,13057,24173,7892,8313,16205,5418,6325,11743,3237,6149,9386,819,2806,3625,102429,119422,221851
2020-11-15,11168,10212,21380,9054,9843,18897,18752,21811,40563,19754,23260,43014,15648,18102,33750,11177,13127,24304,7949,8372,16321,5455,6368,11823,3247,6175,9422,819,2820,3639,103023,120090,223113
2020-11-16,11237,10283,21520,9154,9909,19063,18850,21941,40791,19869,23402,43271,15759,18214,33973,11243,13211,24454,8011,8437,16448,5499,6418,11917,3270,6208,9478,823,2838,3661,103715,120861,224576
2020-11-17,11314,10360,21674,9235,9980,19215,19000,22104,41104,20044,23576,43620,15903,18367,34270,11340,13322,24662,8089,8547,16636,5537,6478,12015,3282,6243,9525,825,2850,3675,104569,121827,226396
2020-11-18,11387,10428,21815,9340,10075,19415,19154,22282,41436,20222,23773,43995,16014,18499,34513,11419,13415,24834,8153,8618,16771,5587,6526,12113,3298,6290,9588,827,2858,3685,105401,122764,228165
2020-11-19,11461,10494,21955,9430,10153,19583,19313,22466,41779,20342,23958,44300,16125,18631,34756,11512,13532,25044,8214,8692,16906,5634,6570,12204,3320,6321,9641,830,2866,3696,106181,123683,229864
2020-11-20,11534,10555,22089,9490,10225,19715,19442,22628,42070,20478,24108,44586,16232,18764,34996,11595,13630,25225,8272,8749,17021,5670,6611,12281,3344,6354,9698,834,2875,3709,106891,124499,231390
2020-11-21,11596,10607,22203,9538,10293,19831,19534,22732,42266,20598,24220,44818,16314,18853,35167,11656,13699,25355,8325,8806,17131,5700,6632,12332,3354,6373,9727,837,2885,3722,107452,125100,232552
2020-11-22,11646,10649,22295,9580,10343,19923,19623,22821,42444,20669,24318,44987,16387,18919,35306,11700,13754,25454,8364,8852,17216,5726,6654,12380,3366,6396,9762,838,2893,3731,107899,125599,233498
2020-11-23,11707,10709,22416,9633,10410,20043,19726,22927,42653,20791,24418,45209,16483,19017,35500,11752,13821,25573,8409,8907,17316,5758,6693,12451,3383,6425,9808,842,2902,3744,108484,126229,234713
2020-11-24,11778,10788,22566,9714,10489,20203,19853,23067,42920,20945,24573,45518,16596,19140,35736,11845,13920,25765,8474,8992,17466,5808,6748,12556,3407,6455,9862,844,2910,3754,109264,127082,236346
2020-11-25,11858,10853,22711,9790,10574,20364,20007,23215,43222,21096,24724,45820,16723,19264,35987,11921,13993,25914,8542,9056,17598,5836,6812,12648,3431,6489,9920,848,2918,3766,110052,127898,237950
2020-11-26,11943,10922,22865,9872,10658,20530,20141,23389,43530,21244,24889,46133,16831,19380,36211,12005,14080,26085,8614,9122,17736,5870,6868,12738,3447,6515,9962,857,2929,3786,110824,128752,239576
2020-11-27,12001,10980,22981,9930,10714,20644,20264,23536,43800,21345,25015,46360,16924,19455,36379,12080,14150,26230,8665,9184,17849,5898,6907,12805,3463,6552,10015,860,2933,3793,111430,129426,240856
2020-11-28,12068,11021,23089,9988,10756,20744,20364,23642,44006,21427,25131,46558,16996,19539,36535,12153,14218,26371,8701,9223,17924,5928,6945,12873,3478,6579,10057,863,2938,3801,111966,129992,241958
2020-11-29,12129,11072,23201,10035,10812,20847,20475,23762,44237,21524,25262,46786,17083,19640,36723,12214,14286,26500,8751,9290,18041,5960,6981,12941,3491,6594,10085,864,2941,3805,112526,130640,243166
2020-11-30,12217,11152,23369,10126,10892,21018,20642,23959,44601,21693,25433,47126,17231,19790,37021,12303,14377,26680,8836,9383,18219,6020,7035,13055,3512,6633,10145,868,2951,3819,113448,131605,245053
2020-12-01,12279,11227,23506,10201,10979,21180,20797,24132,44929,21835,25593,47428,17356,19928,37284,12358,14457,26815,8913,9482,18395,6072,7088,13160,3531,6667,10198,871,2953,3824,114213,132506,246719
2020-12-02,12326,11269,23595,10261,11042,21303,20895,24258,45153,21947,25730,47677,17440,20025,37465,12416,14516,26932,8963,9522,18485,6110,7131,13241,3549,6684,10233,874,2961,3835,114781,133138,247919
2020-12-03,12383,11326,23709,10341,11131,21472,21033,24449,45482,22102,25901,48003,17552,20170,37722,12501,14602,27103,9039,9593,18632,6157,7178,13335,3564,6712,10276,876,2966,3842,115548,134028,249576
2020-12-04,12448,11398,23846,10418,11209,21627,21152,24580,45732,22248,26064,48312,17673,20303,37976,12585,14700,27285,9106,9685,18791,6214,7223,13437,3583,6752,10335,882,2974,3856,116309,134888,251197
2020-12-05,12507,11457,23964,10487,11264,21751,21261,24685,45946,22374,26173,48547,17761,20392,38153,12638,14763,27401,9150,9736,18886,6243,7256,13499,3592,6774,10366,887,2980,3867,116900,135480,252380
2020-12-06,12553,11505,24058,10540,11311,21851,21336,24764,46100,22443,26270,48713,17827,20474,38301,12673,14818,27491,9192,9781,18973,6269,7286,13555,3608,6788,10396,887,2983,3870,117328,135980,253308
2020-12-07,12590,11559,24149,10600,11359,21959,21441,24879,46320,22549,26370,48919,17901,20579,38480,12729,14879,27608,9229,9829,19058,6301,7327,13628,3625,6809,10434,891,2988,3879,117856,136578,254434
2020-12-08,12642,11617,24259,10657,11415,22072,21545,25003,46548,22666,26486,49152,17979,20658,38637,12802,14950,27752,9287,9884,19171,6334,7372,13706,3633,6827,10460,895,2994,3889,118440,137206,255646
2020-12-09,12707,11678,24385,10732,11512,22244,21734,25214,46948,22855,26692,49547,18130,20787,38917,12935,15077,28012,9400,9984,19384,6380,7434,13814,3651,6859,10510,898,3009,3907,119422,138246,257668
2020-12-10,12788,11735,24523,10840,11644,22484,21937,25460,47397,23065,26944,50009,18284,20975,39259,13065,15238,28303,9504,10078,19582,6425,7481,13906,3670,6902,10572,903,3016,3919,120481,139473,259954
2020-12-11,12854,11804,24658,10944,11753,22697,22139,25717,47856,23298,27196,50494,18455,21185,39640,13202,15398,28600,9606,10194,19800,6486,7554,14040,3687,6930,10617,905,3024,3929,121576,140755,262331
2020-12-12,12919,11867,24786,11030,11842,22872,22300,25918,48218,23491,27409,50900,18628,21362,39990,13335,15532,28867,9682,10308,19990,6529,7607,14136,3698,6951,10649,908,3031,3939,122520,141827,264347
2020-12-13,12987,11916,24903,11105,11924,23029,22420,26086,48506,23658,27610,51268,18779,21523,40302,13456,15644,29100,9756,10382,20138,6564,7642,14206,3709,6970,10679,914,3035,3949,123348,142732,266080
2020-12-14,13072,11986,25058,11205,12036,23241,22614,26319,48933,23895,27843,51738,18955,21723,40678,13612,15813,29425,9867,10501,20368,6628,7713,14341,3731,7002,10733,923,3045,3968,124502,143981,268483
2020-12-15,13135,12055,25190,11297,12132,23429,22797,26542,49339,24089,28071,52160,19128,21894,41022,13737,15986,29723,9974,10607,20581,6688,7771,14459,3745,7028,10773,925,3055,3980,125515,145141,270656
2020-12-16,13185,12122,25307,11415,12272,23687,22997,26799,49796,24377,28363,52740,19348,22121,41469,13909,16165,30074,10095,10746,20841,6752,7845,14597,3771,7053,10824,929,3065,3994,126778,146551,273329
2020-12-17,13271,12205,25476,11542,12402,23944,23235,27102,50337,24660,28683,53343,19599,22353,41952,14080,16336,30416,10175,10852,21027,6819,7903,14722,3784,7079,10863,930,3075,4005,128095,147990,276085
2020-12-18,13358,12286,25644,11696,12574,24270,23487,27442,50929,24979,29022,54001,19848,22621,42469,14277,16562,30839,10365,11032,21397,6905,7991,14896,3801,7118,10919,932,3080,4012,129648,149728,279376
2020-12-19,13426,12349,25775,11809,12702,24511,23693,27715,51408,25303,29341,54644,20077,22854,42931,14435,16734,31169,10493,11187,21680,6968,8061,15029,3816,7145,10961,935,3082,4017,130955,151170,282125
2020-12-20,13495,12431,25926,11932,12832,24764,23899,27967,51866,25627,29679,55306,20323,23120,43443,14611,16934,31545,10606,11313,21919,7030,8120,15150,3829,7162,10991,938,3091,4029,132290,152649,284939
2020-12-21,13582,12535,26117,12075,12976,25051,24206,28292,52498,25986,30080,56066,20612,23402,44014,14801,17143,31944,10789,11477,22266,7107,8200,15307,3846,7209,11055,941,3097,4038,133945,154411,288356
2020-12-22,13681,12635,26316,12256,13179,25435,24549,28686,53235,26395,30522,56917,20943,23718,44661,15015,17367,32382,10955,11669,22624,7185,8278,15463,3864,7241,11105,945,3101,4046,135788,156396,292184
2020-12-23,13795,12735,26530,12463,13370,25833,24900,29082,53982,26801,30950,57751,21246,24057,45303,15229,17578,32807,11091,11850,22941,7247,8352,15599,3889,7277,11166,951,3111,4062,137612,158362,295974
2020-12-24,13849,12792,26641,12556,13484,26040,25093,29295,54388,27065,31202,58267,21423,24218,45641,15333,17700,33033,11175,11943,23118,7300,8397,15697,3895,7296,11191,952,3115,4067,138641,159442,298083
2020-12-25,13886,12817,26703,12595,13517,26112,25154,29353,54507,27128,31279,58407,21475,24261,45736,15376,17745,33121,11197,11971,23168,7316,8408,15724,3902,7312,11214,956,3119,4075,138985,159782,298767
2020-12-26,13968,12881,26849,12772,13729,26501,25416,29658,55074,27493,31627,59120,21713,24558,46271,15571,17939,33510,11306,12109,23415,7382,8477,15859,3924,7342,11266,957,3131,4088,140502,161451,301953
2020-12-27,14021,12931,26952,13002,13961,26963,25668,29946,55614,27891,32024,59915,22041,24903,46944,15782,18173,33955,11462,12257,23719,7443,8559,16002,3940,7373,11313,959,3141,4100,142209,163268,305477
2020-12-28,14150,13029,27179,13278,14245,27523,26046,30406,56452,28443,32614,61057,22494,25346,47840,16053,18492,34545,11632,12481,24113,7523,8660,16183,3970,7417,11387,961,3152,4113,144550,165842,310392
2020-12-29,14241,13120,27361,13537,14520,28057,26426,30837,57263,28876,33087,61963,22885,25744,48629,16288,18760,35048,11807,12690,24497,7613,8760,16373,3995,7471,11466,966,3161,4127,146634,168150,314784
2020-12-30,14336,13200,27536,13834,14845,28679,26844,31272,58116,29382,33601,62983,23259,26199,49458,16554,19087,35641,11982,12891,24873,7696,8853,16549,4024,7519,11543,970,3169,4139,148881,170636,319517
2020-12-31,14406,13265,27671,14035,15045,29080,27143,31555,58698,29691,33953,63644,23528,26513,50041,16725,19257,35982,12064,12987,25051,7739,8914,16653,4037,7547,11584,970,3175,4145,150338,172211,322549
2021-01-01,14435,13286,27721,14082,15098,29180,27195,31634,58829,29767,34046,63813,23587,26576,50163,16773,19310,36083,12089,13019,25108,7754,8936,16690,4042,7562,11604,971,3179,4150,150695,172646,323341
2021-01-02,14512,13347,27859,14267,15302,29569,27466,31942,59408,30075,34424,64499,23862,26863,50725,16958,19518,36476,12253,13183,25436,7829,9026,16855,4058,7600,11658,975,3186,4161,152255,174391,326646
2021-01-03,14568,13416,27984,14517,15576,30093,27863,32374,60237,30598,34968,65566,24272,27323,51595,17207,19830,37037,12462,13423,25885,7911,9144,17055,4084,7636,11720,978,3193,4171,154460,176883,331343
2021-01-04,14655,13503,28158,14771,15817,30588,28410,32974,61384,31185,35597,66782,24693,27791,52484,17478,20149,37627,12661,13641,26302,8014,9258,17272,4111,7698,11809,983,3203,4186,156961,179631,336592
2021-01-05,14749,13600,28349,15062,16111,31173,28963,33638,62601,31789,36234,68023,25162,28306,53468,17758,20466,38224,12876,13937,26813,8118,9387,17505,4142,7759,11901,989,3213,4202,159608,182651,342259
2021-01-06,14845,13681,28526,15390,16406,31796,29517,34190,63707,32374,36821,69195,25646,28818,54464,18080,20804,38884,13098,14186,27284,8227,9519,17746,4172,7818,11990,993,3228,4221,162342,185471,347813
2021-01-07,14936,13758,28694,15623,16663,32286,29937,34692,64629,32875,37295,70170,25997,29181,55178,18316,21082,39398,13272,14412,27684,8307,9639,17946,4199,7867,12066,995,3239,4234,164457,187828,352285
2021-01-08,15029,13852,28881,15900,16927,32827,30381,35159,65540,33285,37796,71081,26314,29621,55935,18557,21362,39919,13406,14603,28009,8392,9743,18135,4231,7905,12136,999,3243,4242,166494,190211,356705
2021-01-09,15100,13922,29022,16132,17165,33297,30773,35622,66395,33729,38311,72040,26665,30011,56676,18780,21631,40411,13544,14808,28352,8452,9826,18278,4253,7945,12198,999,3252,4251,168427,192493,360920
2021-01-10,15171,13993,29164,16417,17439,33856,31157,36042,67199,34135,38795,72930,27014,30403,57417,19001,21901,40902,13674,14954,28628,8496,9903,18399,4264,7979,12243,1001,3261,4262,170330,194670,365000
2021-01-11,15267,14063,29330,16700,17755,34455,31678,36591,68269,34659,39373,74032,27416,30837,58253,19246,22227,41473,13842,15160,29002,8583,9990,18573,4284,8010,12294,1002,3268,4270,172677,197274,369951
2021-01-12,15364,14134,29498,16940,18041,34981,32062,37119,69181,35046,39822,74868,27725,31229,58954,19483,22514,41997,14027,15315,29342,8651,10078,18729,4317,8046,12363,1005,3278,4283,174620,199576,374196
2021-01-13,15493,14241,29734,17232,18359,35591,32557,37666,70223,35499,40337,75836,28115,31640,59755,19741,22850,42591,14217,15544,29761,8733,10175,18908,4337,8092,12429,1010,3282,4292,176934,202186,379120
2021-01-14,15582,14345,29927,17531,18692,36223,32995,38137,71132,35934,40870,76804,28461,32076,60537,20021,23163,43184,14376,15752,30128,8801,10265,19066,4358,8131,12489,1013,3290,4303,179072,204721,383793
2021-01-15,15707,14435,30142,18011,19184,37195,33549,38761,72310,36624,41602,78226,28998,32723,61721,20407,23604,44011,14585,15982,30567,8886,10390,19276,4380,8181,12561,1015,3298,4313,182162,208160,390322
2021-01-16,15778,14486,30264,18573,19730,38303,34017,39323,73340,37251,42302,79553,29609,33384,62993,20799,23995,44794,14799,16241,31040,8991,10502,19493,4405,8220,12625,1016,3307,4323,185238,211490,396728
2021-01-17,15847,14530,30377,19021,20237,39258,34478,39879,74357,37815,42926,80741,30215,34087,64302,21174,24372,45546,14963,16431,31394,9075,10594,19669,4424,8247,12671,1018,3310,4328,188030,214613,402643
2021-01-18,15941,14620,30561,19552,20765,40317,35084,40544,75628,38506,43668,82174,30897,34800,65697,21619,24847,46466,15227,16730,31957,9199,10726,19925,4458,8305,12763,1020,3314,4334,191503,218319,409822
2021-01-19,16045,14706,30751,20060,21306,41366,35645,41155,76800,39177,44413,83590,31566,35494,67060,22070,25325,47395,15487,17027,32514,9302,10878,20180,4480,8353,12833,1025,3327,4352,194857,221984,416841
2021-01-20,16146,14799,30945,20533,21782,42315,36157,41735,77892,39762,45051,84813,32131,36087,68218,22487,25769,48256,15760,17330,33090,9435,11028,20463,4505,8398,12903,1029,3339,4368,197945,225318,423263
2021-01-21,16261,14881,31142,20881,22189,43070,36672,42229,78901,40254,45619,85873,32542,36591,69133,22781,26160,48941,15958,17557,33515,9524,11136,20660,4533,8452,12985,1034,3360,4394,200440,228174,428614
2021-01-22,16342,14966,31308,21281,22560,43841,37044,42718,79762,40651,46132,86783,32949,37070,70019,23067,26476,49543,16137,17751,33888,9623,11251,20874,4553,8496,13049,1037,3363,4400,202684,230783,433467
2021-01-23,16389,15012,31401,21676,22963,44639,37451,43207,80658,41075,46634,87709,33368,37495,70863,23380,26825,50205,16267,17916,34183,9674,11320,20994,4572,8525,13097,1039,3366,4405,204891,233263,438154
2021-01-24,16450,15063,31513,22144,23448,45592,37890,43686,81576,41523,47144,88667,33893,38039,71932,23715,27164,50879,16450,18108,34558,9734,11404,21138,4595,8561,13156,1041,3371,4412,207435,235988,443423
2021-01-25,16542,15162,31704,22723,24021,46744,38504,44342,82846,42143,47824,89967,34440,38675,73115,24117,27586,51703,16677,18349,35026,9843,11530,21373,4629,8626,13255,1049,3389,4438,210667,239504,450171
2021-01-26,16664,15247,31911,23210,24507,47717,38984,44899,83883,42648,48363,91011,34950,39213,74163,24446,27978,52424,16873,18608,35481,9957,11652,21609,4662,8691,13353,1053,3401,4454,213447,242559,456006
2021-01-27,16781,15353,32134,23648,24941,48589,39443,45400,84843,43122,48921,92043,35373,39719,75092,24765,28335,53100,17068,18812,35880,10035,11743,21778,4701,8744,13445,1054,3416,4470,215990,245384,461374
2021-01-28,16873,15440,32313,24019,25325,49344,39805,45845,85650,43529,49369,92898,35756,40151,75907,25042,28648,53690,17245,19029,36274,10140,11857,21997,4730,8791,13521,1059,3431,4490,218198,247886,466084
2021-01-29,16942,15532,32474,24536,25815,50351,40287,46418,86705,44098,50009,94107,36291,40775,77066,25427,29075,54502,17472,19307,36779,10234,11993,22227,4754,8846,13600,1061,3438,4499,221102,251208,472310
2021-01-30,17000,15576,32576,25241,26530,51771,40776,46984,87760,44702,50719,95421,37013,41615,78628,25894,29538,55432,17689,19604,37293,10332,12128,22460,4779,8888,13667,1063,3447,4510,224489,255029,479518
2021-01-31,17057,15635,32692,26240,27598,53838,41365,47661,89026,45462,51663,97125,38085,42784,80869,26532,30195,56727,17967,19901,37868,10441,12268,22709,4804,8935,13739,1065,3457,4522,229018,260097,489115
2021-02-01,17139,15715,32854,27128,28508,55636,41942,48374,90316,46234,52569,98803,39024,43827,82851,27136,30813,57949,18288,20284,38572,10559,12463,23022,4843,8984,13827,1066,3469,4535,233359,265006,498365
2021-02-02,17229,15800,33029,27842,29287,57129,42487,48984,91471,46944,53416,100360,39880,44799,84679,27726,31448,59174,18655,20658,39313,10740,12681,23421,4884,9043,13927,1069,3482,4551,237456,269598,507054
2021-02-03,17289,15882,33171,28436,29829,58265,42957,49578,92535,47578,54114,101692,40522,45522,86044,28157,31986,60143,18982,21003,39985,10898,12859,23757,4927,9112,14039,1073,3495,4568,240819,273380,514199
2021-02-04,17364,15961,33325,28762,30193,58955,43308,50053,93361,48026,54621,102647,40883,46073,86956,28488,32373,60861,19161,21255,40416,10992,13002,23994,4956,9155,14111,1077,3512,4589,243017,276198,519215
2021-02-05,17448,16041,33489,29080,30515,59595,43669,50482,94151,48422,55081,103503,41244,46499,87743,28774,32693,61467,19347,21477,40824,11098,13132,24230,4974,9208,14182,1078,3522,4600,245134,278650,523784
2021-02-06,17501,16089,33590,29442,30903,60345,43997,50915,94912,48845,55618,104463,41633,46997,88630,29115,33047,62162,19509,21671,41180,11176,13230,24406,5001,9246,14247,1078,3530,4608,247297,281246,528543
2021-02-07,17559,16148,33707,29832,31313,61145,44335,51303,95638,49291,56147,105438,42046,47527,89573,29410,33399,62809,19680,21836,41516,11262,13329,24591,5019,9276,14295,1084,3534,4618,249518,283812,533330
2021-02-08,17651,16227,33878,30369,31923,62292,44868,51909,96777,49927,56968,106895,42722,48335,91057,29782,33861,63643,19919,22122,42041,11377,13465,24842,5048,9345,14393,1087,3553,4640,252750,287708,540458
2021-02-09,17741,16294,34035,30814,32395,63209,45340,52465,97805,50548,57671,108219,43283,49031,92314,30186,34332,64518,20185,22410,42595,11501,13609,25110,5082,9399,14481,1092,3569,4661,255772,291175,546947
2021-02-10,17825,16357,34182,31155,32735,63890,45747,52943,98690,51076,58289,109365,43779,49607,93386,30492,34731,65223,20397,22671,43068,11617,13729,25346,5113,9450,14563,1092,3582,4674,258293,294094,552387
2021-02-11,17898,16421,34319,31468,33076,64544,46119,53439,99558,51574,58901,110475,44219,50185,94404,30751,35129,65880,20596,22896,43492,11718,13845,25563,5141,9495,14636,1096,3588,4684,260580,296975,557555
2021-02-12,17975,16490,34465,31804,33469,65273,46490,53894,100384,52096,59553,111649,44683,50830,95513,31064,35548,66612,20793,23143,43936,11822,13975,25797,5173,9546,14719,1097,3598,4695,262997,300046,563043
2021-02-13,18035,16531,34566,32261,33960,66221,46863,54359,101222,52710,60315,113025,45286,51651,96937,31419,36016,67435,21004,23373,44377,11897,14080,25977,5195,9574,14769,1102,3610,4712,265772,303469,569241
2021-02-14,18079,16570,34649,32722,34458,67180,47179,54789,101968,53284,61074,114358,45963,52474,98437,31779,36465,68244,21209,23609,44818,11987,14197,26184,5212,9605,14817,1103,3625,4728,268517,306866,575383
2021-02-15,18120,16631,34751,33320,35086,68406,47646,55395,103041,54028,62040,116068,46800,53429,100229,32241,37004,69245,21428,23867,45295,12086,14322,26408,5235,9663,14898,1105,3635,4740,272009,311072,583081
2021-02-16,18179,16673,34852,33924,35679,69603,48258,56230,104488,54893,63064,117957,47649,54438,102087,32680,37508,70188,21651,24101,45752,12176,14459,26635,5251,9701,14952,1114,3640,4754,275775,315493,591268
2021-02-17,18268,16766,35034,34373,36145,70518,49002,57152,106154,55642,63965,119607,48262,55127,103389,33088,38008,71096,21975,24437,46412,12303,14609,26912,5272,9755,15027,1120,3652,4772,279305,319616,598921
2021-02-18,18354,16836,35190,34737,36575,71312,49648,57923,107571,56313,64768,121081,48808,55854,104662,33484,38454,71938,22230,24729,46959,12431,14768,27199,5309,9811,15120,1123,3661,4784,282437,323379,605816
2021-02-19,18444,16895,35339,35080,37013,72093,50208,58573,108781,56942,65581,122523,49337,56527,105864,33880,38940,72820,22482,25023,47505,12562,14935,27497,5338,9863,15201,1126,3674,4800,285399,327024,612423
2021-02-20,18518,16950,35468,35383,37396,72779,50698,59176,109874,57450,66296,123746,49814,57167,106981,34218,39384,73602,22667,25301,47968,12651,15050,27701,5365,9897,15262,1130,3677,4807,287894,330294,618188
2021-02-21,18606,17004,35610,35725,37831,73556,51215,59919,111134,58159,67179,125338,50378,57907,108285,34585,39879,74464,22930,25608,48538,12746,15176,27922,5397,9938,15335,1134,3684,4818,290875,334125,625000
2021-02-22,18724,17126,35850,36149,38391,74540,51935,60964,112899,59034,68296,127330,51082,58800,109882,35107,40505,75612,23257,25974,49231,12894,15328,28222,5452,9986,15438,1137,3694,4831,294771,339064,633835
2021-02-23,18844,17230,36074,36511,38835,75346,52646,61879,114525,59821,69285,129106,51683,59565,111248,35562,41098,76660,23591,26358,49949,13034,15508,28542,5493,10058,15551,1146,3717,4863,298331,343533,641864
2021-02-24,18939,17348,36287,36868,39265,76133,53249,62641,115890,60486,70077,130563,52204,60205,112409,35973,41591,77564,23890,26685,50575,13171,15666,28837,5528,10119,15647,1150,3728,4878,301458,347325,648783
2021-02-25,19082,17478,36560,37155,39633,76788,53812,63361,117173,61069,70763,131832,52646,60788,113434,36308,42041,78349,24143,26998,51141,13288,15814,29102,5559,10170,15729,1155,3743,4898,304217,350789,655006
2021-02-26,19202,17593,36795,37438,40004,77442,54427,64238,118665,61764,71575,133339,53157,61498,114655,36704,42559,79263,24441,27359,51800,13415,15980,29395,5590,10229,15819,1157,3760,4917,307295,354795,662090
2021-02-27,19278,17673,36951,37774,40487,78261,55058,65134,120192,62609,72536,135145,53710,62273,115983,37213,43212,80425,24793,27773,52566,13562,16144,29706,5623,10292,15915,1159,3775,4934,310779,359299,670078
2021-02-28,19375,17755,37130,38275,41099,79374,55807,66161,121968,63681,73853,137534,54512,63292,117804,37907,44101,82008,25252,28292,53544,13762,16353,30115,5664,10348,16012,1162,3783,4945,315397,365037,680434
2021-03-01,19545,17905,37450,38616,41532,80148,56423,66987,123410,64416,74679,139095,55055,63991,119046,38317,44615,82932,25555,28649,54204,13878,16524,30402,5701,10423,16124,1169,3810,4979,318675,369115,687790
2021-03-02,19736,18067,37803,38987,41977,80964,57051,67777,124828,65078,75528,140606,55596,64646,120242,38704,45156,83860,25815,28976,54791,14001,16632,30633,5743,10483,16226,1173,3821,4994,321884,373063,694947
2021-03-03,19918,18213,38131,39264,42337,81601,57537,68460,125997,65680,76266,141946,56032,65247,121279,39064,45653,84717,26146,29363,55509,14154,16789,30943,5776,10531,16307,1174,3835,5009,324745,376694,701439
2021-03-04,20080,18368,38448,39547,42684,82231,58028,69097,127125,66201,76955,143156,56454,65814,122268,39381,46151,85532,26439,29753,56192,14302,16969,31271,5812,10587,16399,1180,3857,5037,327424,380235,707659
2021-03-05,20241,18519,38760,39867,43036,82903,58520,69846,128366,66820,77760,144580,56871,66391,123262,39759,46675,86434,26738,30080,56818,14437,17124,31561,5842,10650,16492,1180,3872,5052,330275,383953,714228
2021-03-06,20350,18613,38963,40061,43314,83375,58938,70404,129342,67352,78404,145756,57237,66872,124109,40050,47082,87132,26931,30305,57236,14529,17247,31776,5870,10684,16554,1183,3881,5064,332501,386806,719307
2021-03-07,20462,18715,39177,40292,43608,83900,59395,71026,130421,67900,79093,146993,57620,67413,125033,40369,47558,87927,27204,30604,57808,14633,17367,32000,5896,10730,16626,1188,3885,5073,334959,389999,724958
2021-03-08,20665,18887,39552,40590,44057,84647,59958,71831,131789,68618,79947,148565,58156,68085,126241,40828,48176,89004,27578,30983,58561,14788,17539,32327,5927,10791,16718,1193,3900,5093,338301,394196,732497
2021-03-09,20898,19094,39992,40888,44412,85300,60516,72511,133027,69323,80768,150091,58655,68739,127394,41249,48749,89998,27952,31464,59416,14973,17725,32698,5962,10856,16818,1200,3914,5114,341616,398232,739848
2021-03-10,21143,19310,40453,41218,44782,86000,61038,73157,134195,70011,81570,151581,59098,69363,128461,41674,49314,90988,28299,31836,60135,15110,17895,33005,6003,10918,16921,1204,3925,5129,344798,402070,746868
2021-03-11,21340,19522,40862,41459,45100,86559,61462,73795,135257,70510,82258,152768,59480,69919,129399,41985,49723,91708,28532,32157,60689,15247,18028,33275,6034,10969,17003,1209,3940,5149,347258,405411,752669
2021-03-12,21595,19760,41355,41764,45535,87299,61957,74551,136508,71162,83110,154272,59960,70553,130513,42333,50267,92600,28845,32540,61385,15407,18189,33596,6077,11039,17116,1212,3956,5168,350312,409500,759812
2021-03-13,21760,19902,41662,41991,45831,87822,62453,75219,137672,71756,83786,155542,60338,71059,131397,42691,50747,93438,29152,32871,62023,15526,18321,33847,6102,11085,17187,1217,3960,5177,352986,412781,765767
2021-03-14,21910,20094,42004,42233,46103,88336,62909,75933,138842,72387,84537,156924,60742,71637,132379,43107,51283,94390,29440,33232,62672,15642,18474,34116,6125,11137,17262,1222,3972,5194,355717,416402,772119
2021-03-15,22222,20361,42583,42584,46503,89087,63523,76802,140325,73112,85404,158516,61260,72405,133665,43556,51910,95466,29822,33672,63494,15788,18679,34467,6163,11202,17365,1228,3985,5213,359258,420923,780181
2021-03-16,22496,20626,43122,42927,46914,89841,64037,77491,141528,73832,86212,160044,61757,72985,134742,43978,52439,96417,30149,34072,64221,15944,18850,34794,6198,11273,17471,1236,4005,5241,362554,424867,787421
2021-03-17,22734,20831,43565,43248,47319,90567,64568,78210,142778,74424,86939,161363,62184,73548,135732,44337,52944,97281,30471,34445,64916,16071,19016,35087,6231,11323,17554,1239,4019,5258,365507,428594,794101
2021-03-18,22928,21017,43945,43494,47649,91143,65027,78832,143859,74972,87566,162538,62562,74040,136602,44611,53337,97948,30720,34724,65444,16193,19168,35361,6249,11370,17619,1245,4032,5277,368001,431735,799736
2021-03-19,23141,21232,44373,43827,48034,91861,65513,79535,145048,75547,88313,163860,62985,74604,137589,44946,53812,98758,30967,35022,65989,16302,19306,35608,6279,11412,17691,1252,4042,5294,370759,435312,806071
2021-03-20,23252,21336,44588,44055,48311,92366,65910,80088,145998,76050,88909,164959,63341,75047,138388,45246,54206,99452,31219,35271,66490,16403,19415,35818,6301,11447,17748,1262,4050,5312,373039,438080,811119
2021-03-21,23395,21471,44866,44253,48574,92827,66353,80665,147018,76613,89534,166147,63696,75516,139212,45573,54636,100209,31457,35564,67021,16479,19529,36008,6329,11481,17810,1264,4060,5324,375412,441030,816442
2021-03-22,23626,21711,45337,44586,48924,93510,66906,81427,148333,77323,90361,167684,64174,76136,140310,45974,55190,101164,31742,35919,67661,16618,19694,36312,6364,11565,17929,1270,4095,5365,378583,445022,823605
2021-03-23,23847,21923,45770,44910,49299,94209,67413,82109,149522,77911,91136,169047,64615,76671,141286,46361,55651,102012,32052,36323,68375,16766,19863,36629,6397,11614,18011,1273,4117,5390,381545,448706,830251
2021-03-24,24003,22072,46075,45222,49610,94832,67838,82646,150484,78413,91733,170146,64976,77139,142115,46632,56028,102660,32247,36530,68777,16857,19988,36845,6416,11679,18095,1275,4141,5416,383879,451566,835445
2021-03-25,24179,22232,46411,45544,50012,95556,68295,83319,151614,78992,92472,171464,65448,77749,143197,46987,56481,103468,32475,36821,69296,16965,20110,37075,6454,11737,18191,1281,4156,5437,386620,455089,841709
2021-03-26,24404,22453,46857,45906,50469,96375,68808,84080,152888,79617,93234,172851,65907,78402,144309,47319,56968,104287,32724,37137,69861,17101,20261,37362,6490,11791,18281,1284,4173,5457,389560,458968,848528
2021-03-27,24559,22605,47164,46131,50788,96919,69259,84650,153909,80177,93917,174094,66292,78944,145236,47633,57436,105069,32980,37418,70398,17209,20390,37599,6515,11840,18355,1290,4180,5470,392045,462168,854213
2021-03-28,24684,22730,47414,46352,51076,97428,69645,85229,154874,80735,94634,175369,66720,79455,146175,47956,57896,105852,33204,37667,70871,17287,20465,37752,6539,11877,18416,1294,4189,5483,394416,465218,859634
2021-03-29,24893,22937,47830,46725,51459,98184,70160,85958,156118,81371,95380,176751,67179,80088,147267,48333,58372,106705,33448,37993,71441,17380,20554,37934,6559,11917,18476,1297,4198,5495,397345,468856,866201
2021-03-30,25088,23117,48205,47055,51818,98873,70623,86615,157238,81944,96112,178056,67587,80649,148236,48665,58789,107454,33661,38254,71915,17466,20652,38118,6589,11961,18550,1302,4208,5510,399980,472175,872155
2021-03-31,25251,23259,48510,47358,52149,99507,71136,87301,158437,82512,96876,179388,68007,81238,149245,48944,59201,108145,33814,38422,72236,17514,20715,38229,6617,11993,18610,1303,4218,5521,402456,475372,877828
2021-04-01,25379,23404,48783,47707,52531,100238,71670,87954,159624,83121,97568,180689,68390,81771,150161,49269,59618,108887,34007,38661,72668,17584,20813,38397,6634,12020,18654,1307,4227,5534,405068,478567,883635
2021-04-02,25545,23518,49063,48009,52896,100905,72153,88593,160746,83660,98192,181852,68790,82306,151096,49568,60026,109594,34201,38848,73049,17649,20887,38536,6655,12054,18709,1309,4241,5550,407539,481561,889100
2021-04-03,25664,23638,49302,48318,53296,101614,72651,89192,161843,84221,98859,183080,69229,82925,152154,49913,60408,110321,34392,39079,73471,17719,20972,38691,6676,12100,18776,1313,4250,5563,410096,484719,894815
2021-04-04,25817,23762,49579,48958,54019,102977,73434,90302,163736,85245,100184,185429,70093,83977,154070,50430,61032,111462,34634,39341,73975,17790,21056,38846,6701,12138,18839,1315,4260,5575,414417,490071,904488
2021-04-05,26014,23971,49985,49709,54887,104596,74436,91664,166100,86410,101611,188021,71098,85248,156346,51023,61746,112769,34944,39701,74645,17904,21178,39082,6730,12188,18918,1319,4271,5590,419587,496465,916052
2021-04-06,26227,24179,50406,50327,55558,105885,75441,92830,168271,87497,102932,190429,71972,86284,158256,51633,62478,114111,35332,40158,75490,18043,21342,39385,6763,12246,19009,1323,4287,5610,424558,502294,926852
2021-04-07,26446,24398,50844,50940,56217,107157,76378,93966,170344,88467,104100,192567,72833,87330,160163,52187,63232,115419,35636,40536,76172,18155,21481,39636,6785,12297,19082,1323,4299,5622,429150,507856,937006
2021-04-08,26632,24546,51178,51386,56743,108129,77101,95004,172105,89325,105178,194503,73495,88160,161655,52640,63887,116527,35914,40841,76755,18243,21598,39841,6810,12342,19152,1324,4311,5635,432870,512610,945480
2021-04-09,26764,24665,51429,51657,57054,108711,77529,95616,173145,89730,105714,195444,73849,88624,162473,52856,64230,117086,36061,41013,77074,18292,21675,39967,6820,12373,19193,1324,4317,5641,434882,515281,950163
2021-04-10,26829,24736,51565,51894,57382,109276,77932,96138,174070,90237,106291,196528,74226,89140,163366,53128,64570,117698,36200,41177,77377,18318,21724,40042,6830,12390,19220,1324,4321,5645,436918,517869,954787
2021-04-11,26856,24766,51622,52027,57560,109587,78185,96451,174636,90509,106663,197172,74478,89473,163951,53287,64780,118067,36240,41225,77465,18331,21730,40061,6833,12395,19228,1324,4323,5647,438070,519366,957436
2021-04-12,26859,24768,51627,52032,57565,109597,78192,96455,174647,90512,106668,197180,74479,89477,163956,53290,64786,118076,36243,41227,77470,18331,21732,40063,6833,12396,19229,1325,4323,5648,438096,519397,957493
2021-04-13,26859,24768,51627,52032,57565,109597,78192,96455,174647,90512,106668,197180,74479,89477,163956,53290,64786,118076,36243,41227,77470,18331,21732,40063,6833,12396,19229,1325,4323,5648,438096,519397,957493
