FECHA,<=10M,<=10F,<=10,11-20M,11-20F,11-20,21-30M,21-30F,21-30,31-40M,31-40F,31-40,41-50M,41-50F,41-50,51-60M,51-60F,51-60,61-70M,61-70F,61-70,71-80M,71-80F,71-80,81-90M,81-90F,81-90,>=91M,>=91F,>=91,TotalM,TotalF,Total
2020-03-15,0,0,0,0,1,1,1,0,1,1,0,1,0,0,0,0,0,0,0,1,1,0,0,0,0,0,0,0,0,0,2,2,4
2020-03-16,0,0,0,0,1,1,4,2,6,4,0,4,1,0,1,0,1,1,1,1,2,0,0,0,0,0,0,0,0,0,10,5,15
2020-03-17,0,0,0,1,1,2,5,3,8,6,1,7,1,0,1,2,3,5,1,3,4,2,0,2,0,0,0,0,0,0,18,11,29
2020-03-18,0,0,0,1,1,2,7,5,12,8,3,11,2,2,4,3,3,6,1,4,5,2,0,2,0,0,0,0,0,0,24,18,42
2020-03-19,0,0,0,2,1,3,8,5,13,13,3,16,4,2,6,4,4,8,1,5,6,4,1,5,0,0,0,0,0,0,36,21,57
2020-03-20,0,0,0,2,1,3,13,5,18,15,3,18,6,2,8,6,4,10,2,6,8,4,3,7,0,1,1,0,0,0,48,25,73
2020-03-21,2,0,2,3,3,6,15,5,20,16,7,23,8,3,11,9,7,16,5,7,12,6,3,9,0,1,1,0,0,0,64,36,100
2020-03-22,2,0,2,3,3,6,17,7,24,21,7,28,12,3,15,11,11,22,7,7,14,9,4,13,0,1,1,0,0,0,82,43,125
2020-03-23,2,0,2,4,3,7,19,9,28,26,9,35,14,4,18,15,13,28,8,9,17,12,6,18,1,1,2,0,0,0,101,54,155
2020-03-24,2,0,2,4,3,7,22,14,36,34,10,44,17,5,22,17,14,31,9,9,18,13,7,20,2,1,3,0,0,0,120,63,183
2020-03-25,4,0,4,5,4,9,26,18,44,36,12,48,21,5,26,19,14,33,11,9,20,14,7,21,3,3,6,0,1,1,139,73,212
2020-03-26,4,0,4,5,5,10,27,19,46,38,13,51,23,5,28,21,18,39,13,12,25,16,8,24,4,3,7,0,1,1,151,84,235
2020-03-27,4,0,4,5,5,10,28,21,49,42,13,55,24,8,32,22,19,41,15,14,29,16,10,26,4,3,7,0,1,1,160,94,254
2020-03-28,4,0,4,5,5,10,29,22,51,43,16,59,26,9,35,23,20,43,16,15,31,17,12,29,6,3,9,0,1,1,169,103,272
2020-03-29,4,0,4,5,5,10,32,25,57,49,19,68,26,9,35,24,24,48,18,19,37,20,14,34,6,3,9,1,1,2,185,119,304
2020-03-30,4,0,4,5,6,11,37,27,64,50,22,72,29,11,40,27,24,51,21,22,43,24,15,39,6,3,9,1,2,3,204,132,336
2020-03-31,5,0,5,5,7,12,39,29,68,52,23,75,32,12,44,32,24,56,22,23,45,28,19,47,6,4,10,1,4,5,222,145,367
2020-04-01,5,0,5,6,8,14,41,33,74,55,28,83,35,14,49,34,28,62,26,25,51,28,20,48,6,5,11,1,4,5,237,165,402
2020-04-02,5,0,5,6,8,14,42,33,75,58,33,91,37,15,52,36,31,67,28,25,53,36,22,58,6,9,15,2,7,9,256,183,439
2020-04-03,5,0,5,6,8,14,45,35,80,59,34,93,39,16,55,37,35,72,29,28,57,38,22,60,6,10,16,2,8,10,266,196,462
2020-04-04,5,2,7,6,8,14,47,37,84,60,34,94,39,17,56,39,36,75,30,30,60,38,22,60,6,11,17,3,8,11,273,205,478
2020-04-05,6,2,8,6,8,14,47,38,85,62,36,98,39,21,60,39,37,76,31,30,61,40,23,63,7,11,18,3,8,11,280,214,494
2020-04-06,6,2,8,6,8,14,48,40,88,65,39,104,39,21,60,41,42,83,34,32,66,42,25,67,7,12,19,3,8,11,291,229,520
2020-04-07,6,2,8,6,9,15,51,40,91,66,44,110,40,21,61,43,43,86,35,32,67,43,27,70,8,12,20,5,8,13,303,238,541
2020-04-08,8,2,10,7,9,16,52,41,93,67,51,118,41,23,64,45,43,88,36,32,68,45,28,73,8,12,20,5,8,13,314,249,563
2020-04-09,8,2,10,7,10,17,53,41,94,72,51,123,41,24,65,46,43,89,36,33,69,45,28,73,8,12,20,5,8,13,321,252,573
2020-04-10,8,2,10,7,10,17,53,42,95,76,54,130,41,24,65,47,43,90,36,33,69,45,28,73,8,12,20,5,8,13,326,256,582
2020-04-11,8,2,10,7,10,17,53,42,95,77,56,133,41,26,67,48,43,91,36,33,69,45,28,73,10,13,23,5,8,13,330,261,591
2020-04-12,8,2,10,7,10,17,54,42,96,80,59,139,41,26,67,48,45,93,36,33,69,45,29,74,11,14,25,5,8,13,335,268,603
2020-04-13,9,2,11,7,10,17,56,43,99,82,62,144,44,27,71,48,48,96,36,35,71,46,30,76,11,14,25,5,8,13,344,279,623
2020-04-14,9,2,11,7,10,17,59,45,104,86,63,149,45,29,74,50,49,99,39,36,75,48,30,78,11,15,26,5,9,14,359,288,647
2020-04-15,9,2,11,7,10,17,59,46,105,88,65,153,47,30,77,50,50,100,39,36,75,48,30,78,11,16,27,5,9,14,363,294,657
2020-04-16,9,2,11,7,10,17,59,48,107,92,67,159,48,30,78,53,52,105,40,36,76,51,31,82,11,22,33,6,10,16,376,308,684
2020-04-17,9,2,11,7,10,17,61,50,111,94,71,165,49,31,80,54,53,107,41,37,78,51,32,83,13,26,39,6,11,17,385,323,708
2020-04-18,9,3,12,7,10,17,62,51,113,94,72,166,51,33,84,55,54,109,43,38,81,52,33,85,14,31,45,6,14,20,393,339,732
2020-04-19,9,3,12,7,10,17,65,51,116,98,76,174,51,37,88,56,54,110,43,39,82,53,36,89,14,33,47,7,17,24,403,356,759
2020-04-20,9,3,12,7,10,17,65,52,117,100,77,177,53,38,91,59,57,116,44,39,83,53,39,92,17,34,51,8,18,26,415,367,782
2020-04-21,9,7,16,7,10,17,65,55,120,101,82,183,54,43,97,60,59,119,46,40,86,53,42,95,20,37,57,9,23,32,424,398,822
2020-04-22,10,7,17,8,11,19,72,62,134,106,86,192,57,47,104,61,63,124,49,42,91,55,49,104,23,43,66,14,29,43,455,439,894
2020-04-23,16,10,26,9,12,21,80,66,146,108,91,199,61,51,112,62,63,125,52,46,98,57,52,109,31,44,75,14,32,46,490,467,957
2020-04-24,17,10,27,10,14,24,84,72,156,116,96,212,64,54,118,64,69,133,55,47,102,57,52,109,33,47,80,14,32,46,514,493,1007
2020-04-25,20,11,31,12,14,26,84,76,160,119,98,217,66,61,127,67,69,136,56,48,104,57,52,109,34,49,83,14,32,46,529,510,1039
2020-04-26,21,13,34,14,14,28,84,80,164,121,101,222,68,62,130,67,69,136,56,48,104,57,53,110,35,50,85,14,32,46,537,522,1059
2020-04-27,23,15,38,15,15,30,88,87,175,125,112,237,76,67,143,69,72,141,59,48,107,59,54,113,38,52,90,15,33,48,567,555,1122
2020-04-28,23,15,38,17,16,33,89,90,179,133,114,247,77,70,147,73,72,145,61,49,110,62,54,116,39,57,96,15,35,50,589,572,1161
2020-04-29,24,17,41,19,19,38,92,92,184,137,115,252,81,75,156,74,74,148,62,50,112,64,55,119,39,60,99,15,35,50,607,592,1199
2020-04-30,27,17,44,19,24,43,94,93,187,145,120,265,85,77,162,78,76,154,63,50,113,65,55,120,39,61,100,15,35,50,630,608,1238
2020-05-01,30,20,50,23,25,48,100,101,201,146,125,271,89,81,170,81,78,159,65,51,116,65,55,120,39,62,101,16,35,51,654,633,1287
2020-05-02,34,22,56,26,30,56,105,107,212,151,132,283,91,82,173,81,79,160,65,51,116,66,55,121,39,63,102,16,35,51,674,656,1330
2020-05-03,35,23,58,31,31,62,108,114,222,154,140,294,93,83,176,84,79,163,66,53,119,66,55,121,40,64,104,16,35,51,693,677,1370
2020-05-04,37,26,63,35,35,70,114,121,235,162,149,311,97,88,185,86,81,167,69,53,122,66,55,121,41,66,107,16,36,52,723,710,1433
2020-05-05,41,32,73,39,42,81,122,132,254,178,159,337,105,103,208,92,86,178,70,57,127,68,58,126,47,76,123,17,43,60,779,788,1567
2020-05-06,43,38,81,42,47,89,131,139,270,187,171,358,114,109,223,95,86,181,72,58,130,70,60,130,48,77,125,18,44,62,820,829,1649
2020-05-07,49,44,93,47,53,100,143,156,299,199,182,381,123,116,239,101,89,190,73,63,136,70,61,131,51,78,129,18,46,64,874,888,1762
2020-05-08,60,53,113,56,65,121,159,174,333,215,200,415,139,129,268,106,91,197,79,66,145,74,61,135,52,82,134,19,46,65,959,967,1926
2020-05-09,62,57,119,58,71,129,168,182,350,231,217,448,151,134,285,115,97,212,83,69,152,75,63,138,52,82,134,20,46,66,1015,1018,2033
2020-05-10,67,62,129,63,77,140,183,191,374,259,232,491,184,137,321,139,103,242,87,72,159,75,65,140,53,82,135,20,46,66,1130,1067,2197
2020-05-11,74,70,144,68,84,152,195,202,397,277,250,527,194,147,341,143,106,249,91,74,165,76,67,143,54,85,139,20,47,67,1192,1132,2324
2020-05-12,82,88,170,75,94,169,223,235,458,304,271,575,208,161,369,155,115,270,97,77,174,80,73,153,54,86,140,23,49,72,1301,1249,2550
2020-05-13,91,94,185,85,104,189,247,253,500,321,289,610,227,176,403,165,125,290,105,84,189,80,74,154,55,89,144,23,52,75,1399,1340,2739
2020-05-14,109,114,223,105,126,231,273,283,556,339,312,651,242,190,432,182,139,321,110,89,199,81,75,156,55,90,145,23,52,75,1519,1470,2989
2020-05-15,122,133,255,113,140,253,292,303,595,358,337,695,261,206,467,193,150,343,112,92,204,83,77,160,55,92,147,24,53,77,1613,1583,3196
2020-05-16,135,144,279,122,151,273,314,332,646,373,356,729,285,224,509,202,160,362,116,95,211,85,79,164,57,95,152,24,57,81,1713,1693,3406
2020-05-17,151,154,305,136,167,303,344,347,691,401,376,777,298,236,534,217,170,387,118,103,221,87,79,166,61,101,162,24,58,82,1837,1791,3628
2020-05-18,174,178,352,155,184,339,389,393,782,435,419,854,322,259,581,235,194,429,127,109,236,95,84,179,64,106,170,25,61,86,2021,1987,4008
2020-05-19,202,204,406,175,206,381,426,434,860,476,453,929,343,284,627,250,202,452,133,117,250,96,87,183,66,111,177,26,63,89,2193,2161,4354
2020-05-20,223,221,444,189,232,421,467,478,945,506,488,994,372,307,679,273,219,492,144,127,271,98,93,191,67,116,183,27,64,91,2366,2345,4711
2020-05-21,241,240,481,215,250,465,502,524,1026,556,523,1079,398,336,734,295,233,528,157,128,285,104,98,202,69,118,187,27,67,94,2564,2517,5081
2020-05-22,258,250,508,230,267,497,535,574,1109,593,552,1145,429,370,799,315,246,561,168,136,304,104,102,206,70,119,189,28,68,96,2730,2684,5414
2020-05-23,277,277,554,249,293,542,569,607,1176,621,580,1201,463,391,854,330,267,597,175,141,316,107,105,212,72,129,201,28,70,98,2891,2860,5751
2020-05-24,292,290,582,260,304,564,595,637,1232,646,609,1255,494,411,905,345,279,624,182,143,325,108,109,217,75,130,205,29,71,100,3026,2983,6009
2020-05-25,314,309,623,276,318,594,623,669,1292,673,640,1313,518,433,951,360,294,654,187,152,339,113,119,232,76,137,213,30,72,102,3170,3143,6313
2020-05-26,337,327,664,299,345,644,664,714,1378,720,680,1400,550,460,1010,387,324,711,198,158,356,115,124,239,77,144,221,32,79,111,3379,3355,6734
2020-05-27,368,339,707,322,373,695,707,766,1473,766,720,1486,582,495,1077,413,343,756,205,167,372,123,132,255,80,148,228,32,82,114,3598,3565,7163
2020-05-28,399,354,753,345,403,748,758,819,1577,807,756,1563,613,536,1149,434,362,796,217,179,396,128,143,271,93,168,261,36,99,135,3830,3819,7649
2020-05-29,424,387,811,369,440,809,789,865,1654,858,787,1645,632,568,1200,454,378,832,228,190,418,138,152,290,96,180,276,36,106,142,4024,4053,8077
2020-05-30,435,405,840,393,463,856,819,903,1722,888,821,1709,648,585,1233,470,387,857,234,196,430,141,157,298,98,183,281,37,107,144,4163,4207,8370
2020-05-31,440,416,856,404,483,887,852,930,1782,909,846,1755,667,614,1281,486,404,890,241,200,441,148,162,310,105,185,290,39,107,146,4291,4347,8638
2020-06-01,461,433,894,421,510,931,887,969,1856,954,884,1838,704,646,1350,507,431,938,246,209,455,154,172,326,112,192,304,40,107,147,4486,4553,9039
2020-06-02,492,456,948,453,535,988,932,1012,1944,992,930,1922,735,676,1411,525,451,976,266,220,486,166,176,342,115,210,325,44,117,161,4720,4783,9503
2020-06-03,513,479,992,469,557,1026,968,1064,2032,1045,971,2016,768,703,1471,550,475,1025,282,237,519,174,190,364,119,218,337,47,120,167,4935,5014,9949
2020-06-04,536,507,1043,487,583,1070,1012,1122,2134,1080,1017,2097,791,734,1525,575,498,1073,298,242,540,179,195,374,119,224,343,50,128,178,5127,5250,10377
2020-06-05,576,530,1106,521,609,1130,1058,1180,2238,1125,1067,2192,824,764,1588,600,520,1120,312,256,568,185,208,393,124,231,355,50,131,181,5375,5496,10871
2020-06-06,597,551,1148,536,634,1170,1095,1223,2318,1181,1099,2280,850,802,1652,619,537,1156,319,263,582,191,216,407,126,245,371,52,139,191,5566,5709,11275
2020-06-07,612,572,1184,557,648,1205,1128,1266,2394,1212,1125,2337,879,826,1705,635,551,1186,324,271,595,194,223,417,129,259,388,52,147,199,5722,5888,11610
2020-06-08,642,612,1254,584,684,1268,1185,1324,2509,1279,1180,2459,917,871,1788,680,581,1261,344,284,628,208,233,441,141,272,413,53,155,208,6033,6196,12229
2020-06-09,668,636,1304,618,715,1333,1229,1383,2612,1342,1249,2591,966,917,1883,722,624,1346,362,298,660,225,243,468,149,285,434,53,163,216,6334,6513,12847
2020-06-10,687,658,1345,639,742,1381,1290,1444,2734,1399,1316,2715,1020,956,1976,753,654,1407,378,316,694,241,259,500,157,313,470,54,181,235,6618,6839,13457
2020-06-11,717,684,1401,667,781,1448,1379,1527,2906,1467,1368,2835,1070,1010,2080,796,677,1473,394,332,726,256,272,528,163,325,488,54,187,241,6963,7163,14126
2020-06-12,759,721,1480,703,823,1526,1434,1600,3034,1528,1428,2956,1124,1062,2186,835,702,1537,414,354,768,270,283,553,167,329,496,55,191,246,7289,7493,14782
2020-06-13,792,741,1533,726,863,1589,1488,1652,3140,1578,1483,3061,1157,1107,2264,863,727,1590,432,366,798,279,296,575,172,345,517,58,202,260,7545,7782,15327
2020-06-14,812,766,1578,747,880,1627,1517,1695,3212,1624,1521,3145,1182,1130,2312,884,746,1630,444,379,823,284,306,590,176,358,534,59,210,269,7729,7991,15720
2020-06-15,840,784,1624,772,897,1669,1573,1746,3319,1670,1570,3240,1223,1156,2379,900,765,1665,457,387,844,289,313,602,181,367,548,63,212,275,7968,8197,16165
2020-06-16,879,821,1700,796,931,1727,1647,1814,3461,1756,1647,3403,1287,1199,2486,938,806,1744,484,407,891,306,325,631,185,383,568,64,217,281,8342,8550,16892
2020-06-17,917,851,1768,831,970,1801,1737,1900,3637,1848,1736,3584,1351,1274,2625,998,859,1857,518,434,952,335,337,672,194,408,602,65,228,293,8794,8997,17791
2020-06-18,943,888,1831,879,1009,1888,1828,1986,3814,1948,1829,3777,1435,1351,2786,1057,911,1968,545,451,996,347,352,699,202,423,625,66,234,300,9250,9434,18684
2020-06-19,974,922,1896,922,1062,1984,1907,2069,3976,2043,1914,3957,1502,1400,2902,1095,956,2051,576,480,1056,373,374,747,219,443,662,67,254,321,9678,9874,19552
2020-06-20,1006,961,1967,956,1102,2058,1977,2141,4118,2120,1976,4096,1556,1466,3022,1133,989,2122,595,498,1093,389,392,781,227,455,682,72,264,336,10031,10244,20275
2020-06-21,1029,994,2023,995,1132,2127,2022,2191,4213,2191,2031,4222,1590,1509,3099,1165,1014,2179,617,506,1123,399,403,802,235,471,706,73,276,349,10316,10527,20843
2020-06-22,1082,1032,2114,1036,1184,2220,2122,2278,4400,2309,2114,4423,1670,1571,3241,1247,1065,2312,666,538,1204,422,432,854,254,491,745,77,286,363,10885,10991,21876
2020-06-23,1117,1070,2187,1078,1222,2300,2225,2377,4602,2391,2211,4602,1755,1640,3395,1315,1118,2433,690,561,1251,436,445,881,269,523,792,80,294,374,11356,11461,22817
2020-06-24,1147,1096,2243,1114,1266,2380,2336,2473,4809,2480,2300,4780,1836,1714,3550,1370,1171,2541,718,582,1300,453,455,908,280,540,820,83,307,390,11817,11904,23721
2020-06-25,1187,1137,2324,1160,1311,2471,2426,2575,5001,2581,2391,4972,1891,1779,3670,1425,1215,2640,747,598,1345,464,471,935,289,566,855,85,320,405,12255,12363,24618
2020-06-26,1225,1183,2408,1218,1351,2569,2507,2674,5181,2687,2485,5172,1955,1858,3813,1481,1264,2745,782,619,1401,477,487,964,300,586,886,87,334,421,12719,12841,25560
2020-06-27,1265,1218,2483,1253,1393,2646,2587,2745,5332,2753,2570,5323,2001,1911,3912,1522,1296,2818,814,639,1453,485,497,982,308,602,910,89,340,429,13077,13211,26288
2020-06-28,1293,1236,2529,1287,1416,2703,2660,2815,5475,2813,2623,5436,2067,1954,4021,1559,1332,2891,830,653,1483,493,507,1000,317,615,932,91,348,439,13410,13499,26909
2020-06-29,1318,1264,2582,1333,1466,2799,2753,2898,5651,2923,2699,5622,2149,2036,4185,1610,1383,2993,864,673,1537,509,524,1033,335,639,974,94,361,455,13888,13943,27831
2020-06-30,1348,1297,2645,1385,1501,2886,2836,2982,5818,3011,2786,5797,2223,2106,4329,1668,1431,3099,893,701,1594,528,543,1071,353,664,1017,99,376,475,14344,14387,28731
2020-07-01,1374,1331,2705,1434,1541,2975,2915,3062,5977,3108,2875,5983,2283,2160,4443,1726,1475,3201,928,732,1660,545,557,1102,372,682,1054,102,385,487,14787,14800,29587
2020-07-02,1416,1361,2777,1476,1596,3072,2997,3164,6161,3189,2971,6160,2378,2230,4608,1776,1525,3301,976,757,1733,567,580,1147,380,699,1079,104,393,497,15259,15276,30535
2020-07-03,1458,1403,2861,1529,1640,3169,3093,3258,6351,3300,3055,6355,2452,2305,4757,1844,1579,3423,1011,782,1793,586,608,1194,387,723,1110,107,410,517,15767,15763,31530
2020-07-04,1485,1447,2932,1558,1665,3223,3157,3337,6494,3383,3130,6513,2523,2356,4879,1891,1623,3514,1046,810,1856,611,640,1251,393,773,1166,109,433,542,16156,16214,32370
2020-07-05,1506,1471,2977,1590,1696,3286,3210,3396,6606,3449,3185,6634,2584,2413,4997,1938,1669,3607,1076,835,1911,638,673,1311,407,805,1212,113,446,559,16511,16589,33100
2020-07-06,1534,1500,3034,1628,1731,3359,3304,3492,6796,3570,3282,6852,2678,2499,5177,2013,1726,3739,1129,873,2002,659,706,1365,421,853,1274,120,464,584,17056,17126,34182
2020-07-07,1571,1539,3110,1655,1766,3421,3415,3590,7005,3689,3378,7067,2764,2580,5344,2074,1779,3853,1163,899,2062,696,733,1429,434,879,1313,124,475,599,17585,17618,35203
2020-07-08,1612,1577,3189,1689,1807,3496,3510,3695,7205,3817,3492,7309,2845,2672,5517,2138,1853,3991,1212,934,2146,722,767,1489,456,920,1376,130,502,632,18131,18219,36350
2020-07-09,1647,1605,3252,1727,1847,3574,3579,3771,7350,3899,3593,7492,2922,2732,5654,2183,1883,4066,1256,982,2238,751,789,1540,472,960,1432,134,514,648,18570,18676,37246
2020-07-10,1683,1638,3321,1761,1879,3640,3652,3860,7512,3984,3681,7665,2995,2796,5791,2242,1944,4186,1305,1016,2321,769,806,1575,490,983,1473,137,527,664,19018,19130,38148
2020-07-11,1707,1667,3374,1788,1912,3700,3716,3930,7646,4068,3770,7838,3069,2858,5927,2298,1988,4286,1348,1041,2389,791,829,1620,496,1010,1506,141,538,679,19422,19543,38965
2020-07-12,1732,1687,3419,1811,1941,3752,3775,3986,7761,4136,3834,7970,3130,2898,6028,2350,2022,4372,1372,1067,2439,810,844,1654,513,1037,1550,145,554,699,19774,19870,39644
2020-07-13,1770,1720,3490,1861,1987,3848,3878,4098,7976,4268,3955,8223,3239,2998,6237,2437,2089,4526,1411,1103,2514,836,876,1712,533,1080,1613,153,578,731,20386,20484,40870
2020-07-14,1800,1754,3554,1899,2022,3921,3994,4201,8195,4398,4070,8468,3320,3080,6400,2504,2155,4659,1459,1143,2602,862,900,1762,546,1113,1659,161,597,758,20943,21035,41978
2020-07-15,1833,1787,3620,1940,2056,3996,4095,4304,8399,4513,4205,8718,3407,3182,6589,2578,2206,4784,1507,1177,2684,895,929,1824,559,1145,1704,166,624,790,21493,21615,43108
2020-07-16,1862,1828,3690,1990,2102,4092,4202,4399,8601,4654,4331,8985,3499,3273,6772,2653,2279,4932,1552,1214,2766,920,960,1880,579,1190,1769,177,660,837,22088,22236,44324
2020-07-17,1905,1853,3758,2020,2147,4167,4294,4539,8833,4777,4439,9216,3578,3360,6938,2718,2347,5065,1602,1246,2848,943,989,1932,600,1236,1836,184,693,877,22621,22849,45470
2020-07-18,1936,1889,3825,2064,2179,4243,4390,4623,9013,4894,4545,9439,3661,3459,7120,2788,2406,5194,1641,1281,2922,971,1021,1992,609,1268,1877,189,708,897,23143,23379,46522
2020-07-19,1967,1929,3896,2100,2211,4311,4465,4703,9168,4984,4638,9622,3738,3533,7271,2852,2458,5310,1682,1309,2991,995,1049,2044,625,1300,1925,197,726,923,23605,23856,47461
2020-07-20,1991,1972,3963,2138,2259,4397,4600,4825,9425,5135,4775,9910,3852,3631,7483,2925,2540,5465,1745,1362,3107,1021,1086,2107,651,1333,1984,199,739,938,24257,24522,48779
2020-07-21,2036,2006,4042,2181,2298,4479,4712,4964,9676,5282,4930,10212,3973,3749,7722,3025,2639,5664,1808,1392,3200,1045,1116,2161,672,1369,2041,202,764,966,24936,25227,50163
2020-07-22,2068,2032,4100,2219,2346,4565,4853,5082,9935,5421,5066,10487,4083,3840,7923,3121,2705,5826,1863,1437,3300,1086,1149,2235,691,1398,2089,206,785,991,25611,25840,51451
2020-07-23,2100,2072,4172,2252,2387,4639,4975,5219,10194,5548,5176,10724,4182,3935,8117,3208,2766,5974,1900,1472,3372,1114,1174,2288,713,1425,2138,209,796,1005,26201,26422,52623
2020-07-24,2145,2108,4253,2297,2426,4723,5099,5338,10437,5696,5301,10997,4276,4050,8326,3306,2832,6138,1937,1515,3452,1134,1192,2326,729,1470,2199,214,817,1031,26833,27049,53882
2020-07-25,2170,2132,4302,2331,2453,4784,5179,5420,10599,5802,5396,11198,4369,4118,8487,3351,2883,6234,1974,1544,3518,1152,1218,2370,741,1492,2233,223,832,1055,27292,27488,54780
2020-07-26,2191,2158,4349,2355,2489,4844,5247,5497,10744,5872,5480,11352,4426,4181,8607,3390,2928,6318,2008,1563,3571,1179,1240,2419,761,1529,2290,228,846,1074,27657,27911,55568
2020-07-27,2219,2183,4402,2393,2529,4922,5367,5593,10960,6014,5619,11633,4515,4283,8798,3474,3006,6480,2051,1603,3654,1203,1269,2472,782,1554,2336,234,865,1099,28252,28504,56756
2020-07-28,2250,2206,4456,2441,2566,5007,5485,5709,11194,6165,5759,11924,4608,4377,8985,3562,3058,6620,2085,1646,3731,1235,1296,2531,802,1586,2388,236,886,1122,28869,29089,57958
2020-07-29,2271,2238,4509,2493,2613,5106,5599,5825,11424,6274,5878,12152,4710,4479,9189,3621,3134,6755,2136,1670,3806,1263,1322,2585,826,1622,2448,243,904,1147,29436,29685,59121
2020-07-30,2308,2263,4571,2526,2660,5186,5730,5938,11668,6413,5998,12411,4811,4583,9394,3678,3200,6878,2180,1694,3874,1282,1367,2649,844,1668,2512,248,933,1181,30020,30304,60324
2020-07-31,2336,2297,4633,2583,2708,5291,5830,6049,11879,6521,6115,12636,4915,4677,9592,3747,3269,7016,2238,1715,3953,1307,1398,2705,859,1708,2567,251,960,1211,30587,30896,61483
2020-08-01,2368,2331,4699,2614,2760,5374,5913,6158,12071,6633,6231,12864,5036,4767,9803,3808,3319,7127,2273,1744,4017,1323,1420,2743,872,1741,2613,256,971,1227,31096,31442,62538
2020-08-02,2396,2353,4749,2643,2799,5442,5992,6226,12218,6728,6320,13048,5119,4842,9961,3862,3368,7230,2314,1784,4098,1358,1448,2806,893,1784,2677,259,998,1257,31564,31922,63486
2020-08-03,2436,2396,4832,2706,2846,5552,6136,6375,12511,6888,6464,13352,5258,4968,10226,3949,3471,7420,2378,1837,4215,1390,1486,2876,914,1846,2760,263,1032,1295,32318,32721,65039
2020-08-04,2469,2424,4893,2751,2902,5653,6265,6500,12765,7044,6613,13657,5389,5102,10491,4042,3559,7601,2441,1879,4320,1432,1531,2963,938,1912,2850,269,1068,1337,33040,33490,66530
2020-08-05,2510,2461,4971,2810,2944,5754,6400,6627,13027,7202,6752,13954,5502,5222,10724,4134,3628,7762,2522,1938,4460,1468,1575,3043,964,1990,2954,277,1116,1393,33789,34253,68042
2020-08-06,2542,2492,5034,2861,2986,5847,6527,6742,13269,7324,6884,14208,5611,5314,10925,4205,3707,7912,2564,1987,4551,1489,1600,3089,979,2027,3006,284,1137,1421,34386,34876,69262
2020-08-07,2572,2520,5092,2896,3028,5924,6635,6858,13493,7439,7003,14442,5715,5401,11116,4279,3781,8060,2604,2039,4643,1520,1624,3144,998,2057,3055,290,1153,1443,34948,35464,70412
2020-08-08,2600,2550,5150,2931,3055,5986,6711,6947,13658,7531,7096,14627,5782,5484,11266,4340,3844,8184,2634,2069,4703,1539,1659,3198,1009,2100,3109,293,1177,1470,35370,35981,71351
2020-08-09,2619,2564,5183,2965,3091,6056,6774,7030,13804,7609,7162,14771,5844,5552,11396,4403,3891,8294,2682,2106,4788,1557,1671,3228,1022,2122,3144,297,1182,1479,35772,36371,72143
2020-08-10,2647,2596,5243,3004,3130,6134,6887,7154,14041,7748,7300,15048,5951,5666,11617,4495,3969,8464,2720,2154,4874,1583,1696,3279,1038,2162,3200,301,1206,1507,36374,37033,73407
2020-08-11,2666,2619,5285,3032,3164,6196,6970,7260,14230,7886,7421,15307,6079,5747,11826,4573,4047,8620,2769,2188,4957,1610,1725,3335,1053,2209,3262,307,1228,1535,36945,37608,74553
2020-08-12,2694,2655,5349,3077,3195,6272,7073,7358,14431,7999,7539,15538,6174,5850,12024,4663,4123,8786,2813,2235,5048,1632,1748,3380,1063,2230,3293,313,1234,1547,37501,38167,75668
2020-08-13,2717,2676,5393,3119,3236,6355,7176,7462,14638,8106,7657,15763,6253,5948,12201,4728,4180,8908,2871,2262,5133,1652,1773,3425,1074,2249,3323,315,1240,1555,38011,38683,76694
2020-08-14,2742,2694,5436,3157,3279,6436,7273,7576,14849,8225,7768,15993,6340,6026,12366,4793,4232,9025,2914,2301,5215,1677,1793,3470,1088,2278,3366,319,1253,1572,38528,39200,77728
2020-08-15,2757,2714,5471,3196,3310,6506,7358,7672,15030,8328,7865,16193,6407,6101,12508,4850,4291,9141,2950,2339,5289,1703,1834,3537,1110,2340,3450,323,1283,1606,38982,39749,78731
2020-08-16,2775,2734,5509,3224,3329,6553,7441,7728,15169,8393,7929,16322,6474,6157,12631,4893,4325,9218,2982,2365,5347,1726,1851,3577,1121,2358,3479,326,1298,1624,39355,40074,79429
2020-08-17,2796,2749,5545,3272,3366,6638,7520,7830,15350,8502,8051,16553,6553,6230,12783,4966,4377,9343,3023,2395,5418,1756,1865,3621,1130,2378,3508,327,1307,1634,39845,40548,80393
2020-08-18,2819,2782,5601,3319,3401,6720,7644,7933,15577,8662,8174,16836,6673,6328,13001,5053,4468,9521,3065,2441,5506,1783,1894,3677,1143,2427,3570,332,1343,1675,40493,41191,81684
2020-08-19,2850,2811,5661,3357,3440,6797,7777,8054,15831,8815,8300,17115,6787,6441,13228,5133,4563,9696,3120,2483,5603,1805,1927,3732,1161,2461,3622,339,1365,1704,41144,41845,82989
2020-08-20,2879,2834,5713,3410,3480,6890,7888,8171,16059,8951,8422,17373,6895,6512,13407,5200,4627,9827,3178,2521,5699,1831,1955,3786,1181,2493,3674,343,1388,1731,41756,42403,84159
2020-08-21,2902,2856,5758,3452,3529,6981,8011,8287,16298,9092,8547,17639,6988,6620,13608,5278,4706,9984,3227,2556,5783,1853,1978,3831,1201,2513,3714,345,1400,1745,42349,42992,85341
2020-08-22,2926,2879,5805,3495,3557,7052,8111,8388,16499,9187,8657,17844,7072,6691,13763,5335,4769,10104,3267,2590,5857,1882,2001,3883,1212,2530,3742,346,1404,1750,42833,43466,86299
2020-08-23,2951,2904,5855,3534,3601,7135,8192,8477,16669,9270,8730,18000,7140,6770,13910,5395,4826,10221,3306,2630,5936,1903,2019,3922,1233,2553,3786,350,1415,1765,43274,43925,87199
2020-08-24,2985,2933,5918,3586,3639,7225,8323,8601,16924,9432,8868,18300,7268,6893,14161,5480,4918,10398,3367,2688,6055,1930,2047,3977,1248,2569,3817,353,1424,1777,43972,44580,88552
2020-08-25,3023,2956,5979,3640,3679,7319,8442,8750,17192,9593,9040,18633,7384,7022,14406,5579,5016,10595,3434,2737,6171,1970,2083,4053,1270,2607,3877,357,1444,1801,44692,45334,90026
2020-08-26,3060,2987,6047,3691,3737,7428,8585,8885,17470,9767,9182,18949,7542,7146,14688,5693,5096,10789,3490,2788,6278,2010,2131,4141,1287,2644,3931,360,1470,1830,45485,46066,91551
2020-08-27,3090,3027,6117,3751,3795,7546,8724,9052,17776,9946,9333,19279,7668,7286,14954,5783,5188,10971,3554,2838,6392,2038,2152,4190,1303,2694,3997,365,1489,1854,46222,46854,93076
2020-08-28,3112,3047,6159,3801,3847,7648,8855,9190,18045,10084,9471,19555,7781,7394,15175,5884,5276,11160,3613,2896,6509,2072,2185,4257,1317,2721,4038,366,1501,1867,46885,47528,94413
2020-08-29,3136,3064,6200,3832,3885,7717,8945,9283,18228,10188,9593,19781,7868,7486,15354,5955,5344,11299,3656,2940,6596,2094,2213,4307,1331,2744,4075,369,1507,1876,47374,48059,95433
2020-08-30,3150,3076,6226,3864,3922,7786,9018,9358,18376,10269,9678,19947,7939,7566,15505,6023,5398,11421,3699,2975,6674,2118,2232,4350,1343,2771,4114,371,1514,1885,47794,48490,96284
2020-08-31,3176,3096,6272,3905,3967,7872,9145,9496,18641,10423,9834,20257,8080,7679,15759,6110,5476,11586,3756,3022,6778,2152,2281,4433,1360,2829,4189,378,1534,1912,48485,49214,97699
2020-09-01,3194,3117,6311,3955,4014,7969,9261,9625,18886,10576,9961,20537,8222,7798,16020,6192,5549,11741,3817,3076,6893,2177,2315,4492,1380,2868,4248,382,1560,1942,49156,49883,99039
2020-09-02,3216,3130,6346,3995,4050,8045,9353,9733,19086,10697,10081,20778,8327,7897,16224,6257,5609,11866,3866,3121,6987,2196,2340,4536,1399,2889,4288,383,1563,1946,49689,50413,100102
2020-09-03,3228,3154,6382,4034,4078,8112,9471,9839,19310,10825,10203,21028,8435,7996,16431,6335,5670,12005,3921,3165,7086,2224,2371,4595,1415,2911,4326,387,1572,1959,50275,50959,101234
2020-09-04,3253,3173,6426,4068,4130,8198,9611,9941,19552,10944,10325,21269,8528,8110,16638,6415,5750,12165,3962,3201,7163,2247,2400,4647,1421,2928,4349,391,1585,1976,50840,51543,102383
2020-09-05,3263,3188,6451,4102,4159,8261,9692,10035,19727,11045,10426,21471,8627,8218,16845,6480,5803,12283,3996,3241,7237,2277,2429,4706,1432,2956,4388,393,1596,1989,51307,52051,103358
2020-09-06,3278,3203,6481,4132,4190,8322,9762,10094,19856,11102,10491,21593,8689,8277,16966,6529,5853,12382,4034,3269,7303,2299,2457,4756,1443,2970,4413,396,1603,1999,51664,52407,104071
2020-09-07,3299,3222,6521,4166,4226,8392,9877,10218,20095,11229,10607,21836,8782,8390,17172,6626,5937,12563,4094,3311,7405,2344,2496,4840,1467,3007,4474,398,1627,2025,52282,53041,105323
2020-09-08,3322,3242,6564,4200,4274,8474,9990,10326,20316,11370,10747,22117,8908,8509,17417,6712,6020,12732,4143,3358,7501,2379,2522,4901,1483,3045,4528,403,1639,2042,52910,53682,106592
2020-09-09,3346,3268,6614,4241,4320,8561,10122,10446,20568,11512,10883,22395,9016,8602,17618,6783,6094,12877,4206,3405,7611,2414,2554,4968,1491,3062,4553,409,1658,2067,53540,54292,107832
2020-09-10,3376,3286,6662,4280,4369,8649,10216,10545,20761,11628,10994,22622,9119,8702,17821,6876,6163,13039,4262,3439,7701,2448,2597,5045,1504,3107,4611,413,1690,2103,54122,54892,109014
2020-09-11,3406,3310,6716,4315,4418,8733,10301,10667,20968,11756,11105,22861,9240,8809,18049,6951,6246,13197,4295,3472,7767,2482,2629,5111,1517,3126,4643,414,1694,2108,54677,55476,110153
2020-09-12,3421,3322,6743,4344,4449,8793,10365,10742,21107,11833,11193,23026,9315,8895,18210,7001,6304,13305,4332,3507,7839,2497,2650,5147,1527,3152,4679,416,1712,2128,55051,55926,110977
2020-09-13,3436,3339,6775,4374,4476,8850,10420,10821,21241,11910,11266,23176,9375,8965,18340,7047,6340,13387,4371,3544,7915,2527,2673,5200,1534,3173,4707,418,1715,2133,55412,56312,111724
2020-09-14,3454,3355,6809,4409,4506,8915,10518,10923,21441,12033,11389,23422,9458,9047,18505,7115,6415,13530,4414,3586,8000,2558,2699,5257,1543,3196,4739,422,1722,2144,55924,56838,112762
2020-09-15,3482,3367,6849,4441,4541,8982,10598,11016,21614,12129,11488,23617,9538,9144,18682,7199,6478,13677,4465,3625,8090,2581,2728,5309,1556,3212,4768,424,1731,2155,56413,57330,113743
2020-09-16,3505,3384,6889,4481,4575,9056,10689,11109,21798,12224,11591,23815,9650,9226,18876,7268,6544,13812,4497,3658,8155,2600,2765,5365,1566,3238,4804,427,1749,2176,56907,57839,114746
2020-09-17,3520,3400,6920,4509,4611,9120,10784,11202,21986,12304,11691,23995,9725,9307,19032,7322,6592,13914,4544,3687,8231,2622,2784,5406,1580,3249,4829,430,1756,2186,57340,58279,115619
2020-09-18,3552,3428,6980,4547,4656,9203,10866,11312,22178,12402,11800,24202,9796,9385,19181,7378,6640,14018,4585,3716,8301,2639,2817,5456,1594,3265,4859,430,1766,2196,57789,58785,116574
2020-09-19,3563,3442,7005,4573,4687,9260,10923,11371,22294,12479,11884,24363,9862,9428,19290,7427,6684,14111,4624,3748,8372,2652,2835,5487,1598,3280,4878,430,1772,2202,58131,59131,117262
2020-09-20,3573,3457,7030,4597,4704,9301,10973,11420,22393,12530,11951,24481,9896,9467,19363,7455,6712,14167,4649,3782,8431,2670,2861,5531,1604,3289,4893,430,1778,2208,58377,59421,117798
2020-09-21,3591,3470,7061,4636,4733,9369,11058,11496,22554,12627,12019,24646,9982,9523,19505,7498,6762,14260,4689,3815,8504,2695,2890,5585,1617,3309,4926,430,1783,2213,58823,59800,118623
2020-09-22,3612,3482,7094,4667,4766,9433,11160,11580,22740,12721,12118,24839,10050,9607,19657,7560,6813,14373,4726,3855,8581,2716,2909,5625,1635,3339,4974,433,1796,2229,59280,60265,119545
2020-09-23,3633,3502,7135,4699,4803,9502,11248,11667,22915,12806,12205,25011,10122,9697,19819,7618,6871,14489,4762,3892,8654,2743,2934,5677,1643,3352,4995,437,1801,2238,59711,60724,120435
2020-09-24,3651,3519,7170,4737,4841,9578,11341,11758,23099,12901,12313,25214,10184,9768,19952,7689,6923,14612,4813,3931,8744,2766,2949,5715,1661,3373,5034,440,1806,2246,60183,61181,121364
2020-09-25,3669,3543,7212,4769,4867,9636,11432,11842,23274,12980,12416,25396,10274,9854,20128,7754,6987,14741,4855,3968,8823,2801,2980,5781,1671,3391,5062,443,1820,2263,60648,61668,122316
2020-09-26,3682,3553,7235,4798,4897,9695,11485,11896,23381,13036,12474,25510,10340,9908,20248,7793,7038,14831,4880,3998,8878,2820,3000,5820,1681,3404,5085,444,1828,2272,60959,61996,122955
2020-09-27,3699,3567,7266,4820,4927,9747,11557,11944,23501,13109,12541,25650,10403,9955,20358,7831,7080,14911,4903,4012,8915,2845,3013,5858,1687,3415,5102,447,1831,2278,61301,62285,123586
2020-09-28,3720,3583,7303,4854,4960,9814,11635,12034,23669,13205,12639,25844,10478,10032,20510,7889,7135,15024,4953,4056,9009,2866,3042,5908,1705,3438,5143,450,1837,2287,61755,62756,124511
2020-09-29,3753,3597,7350,4883,4981,9864,11734,12125,23859,13306,12724,26030,10561,10109,20670,7948,7196,15144,4992,4104,9096,2895,3075,5970,1715,3462,5177,450,1847,2297,62237,63220,125457
2020-09-30,3771,3620,7391,4909,5014,9923,11833,12227,24060,13405,12818,26223,10635,10191,20826,8006,7260,15266,5038,4135,9173,2926,3089,6015,1728,3483,5211,454,1852,2306,62705,63689,126394
2020-10-01,3791,3635,7426,4935,5053,9988,11923,12321,24244,13494,12905,26399,10698,10254,20952,8063,7322,15385,5069,4182,9251,2937,3115,6052,1737,3500,5237,457,1860,2317,63104,64147,127251
2020-10-02,3813,3652,7465,4971,5081,10052,12012,12402,24414,13571,12993,26564,10758,10332,21090,8118,7394,15512,5106,4220,9326,2956,3140,6096,1752,3519,5271,461,1871,2332,63518,64604,128122
2020-10-03,3834,3663,7497,4992,5110,10102,12070,12450,24520,13631,13037,26668,10802,10385,21187,8164,7444,15608,5131,4237,9368,2967,3147,6114,1757,3530,5287,462,1876,2338,63810,64879,128689
2020-10-04,3841,3670,7511,5013,5126,10139,12119,12504,24623,13677,13087,26764,10843,10424,21267,8196,7474,15670,5148,4261,9409,2982,3156,6138,1762,3538,5300,462,1883,2345,64043,65123,129166
2020-10-05,3852,3686,7538,5040,5150,10190,12190,12604,24794,13770,13161,26931,10912,10484,21396,8248,7530,15778,5197,4298,9495,3004,3177,6181,1770,3554,5324,463,1890,2353,64446,65534,129980
2020-10-06,3879,3703,7582,5066,5184,10250,12279,12700,24979,13870,13253,27123,10998,10555,21553,8311,7594,15905,5236,4330,9566,3019,3196,6215,1784,3570,5354,465,1896,2361,64907,65981,130888
2020-10-07,3893,3714,7607,5091,5214,10305,12373,12792,25165,13938,13336,27274,11075,10622,21697,8373,7653,16026,5263,4351,9614,3031,3216,6247,1795,3593,5388,465,1904,2369,65297,66395,131692
2020-10-08,3912,3728,7640,5117,5250,10367,12453,12874,25327,14023,13418,27441,11126,10704,21830,8422,7705,16127,5288,4381,9669,3050,3241,6291,1807,3628,5435,467,1919,2386,65665,66848,132513
2020-10-09,3931,3743,7674,5140,5281,10421,12513,12972,25485,14120,13510,27630,11185,10772,21957,8482,7761,16243,5314,4419,9733,3066,3265,6331,1823,3660,5483,470,1933,2403,66044,67316,133360
2020-10-10,3941,3749,7690,5158,5313,10471,12565,13024,25589,14184,13581,27765,11246,10819,22065,8522,7815,16337,5343,4449,9792,3081,3281,6362,1830,3671,5501,471,1935,2406,66341,67637,133978
2020-10-11,3954,3764,7718,5174,5336,10510,12605,13069,25674,14221,13635,27856,11288,10853,22141,8557,7845,16402,5357,4473,9830,3095,3297,6392,1838,3688,5526,473,1942,2415,66562,67902,134464
2020-10-12,3977,3780,7757,5196,5367,10563,12669,13113,25782,14289,13694,27983,11339,10898,22237,8594,7892,16486,5389,4499,9888,3113,3312,6425,1842,3705,5547,473,1948,2421,66881,68208,135089
2020-10-13,3992,3798,7790,5233,5396,10629,12748,13199,25947,14396,13781,28177,11415,10963,22378,8653,7935,16588,5425,4522,9947,3127,3331,6458,1850,3728,5578,475,1959,2434,67314,68612,135926
2020-10-14,4006,3813,7819,5264,5427,10691,12829,13283,26112,14473,13855,28328,11493,11029,22522,8716,7997,16713,5450,4552,10002,3147,3350,6497,1859,3738,5597,476,1965,2441,67713,69009,136722
2020-10-15,4022,3833,7855,5311,5472,10783,12922,13360,26282,14561,13936,28497,11558,11099,22657,8757,8042,16799,5478,4575,10053,3169,3374,6543,1866,3758,5624,479,1969,2448,68123,69418,137541
2020-10-16,4040,3843,7883,5339,5512,10851,12987,13466,26453,14641,14013,28654,11631,11162,22793,8808,8083,16891,5507,4605,10112,3188,3397,6585,1876,3784,5660,481,1986,2467,68498,69851,138349
2020-10-17,4053,3858,7911,5365,5536,10901,13042,13514,26556,14705,14090,28795,11675,11198,22873,8843,8114,16957,5530,4632,10162,3197,3404,6601,1883,3793,5676,484,1989,2473,68777,70128,138905
2020-10-18,4063,3866,7929,5384,5557,10941,13084,13555,26639,14749,14122,28871,11700,11226,22926,8866,8140,17006,5545,4650,10195,3212,3418,6630,1884,3801,5685,484,1994,2478,68971,70329,139300
2020-10-19,4081,3879,7960,5407,5585,10992,13144,13612,26756,14801,14182,28983,11772,11271,23043,8908,8181,17089,5575,4672,10247,3235,3441,6676,1888,3814,5702,485,1998,2483,69296,70635,139931
2020-10-20,4088,3889,7977,5425,5607,11032,13215,13689,26904,14869,14241,29110,11826,11327,23153,8960,8218,17178,5602,4698,10300,3248,3452,6700,1900,3832,5732,486,2004,2490,69619,70957,140576
2020-10-21,4103,3900,8003,5450,5632,11082,13267,13750,27017,14920,14292,29212,11881,11365,23246,8988,8261,17249,5630,4719,10349,3261,3468,6729,1903,3839,5742,487,2007,2494,69890,71233,141123
2020-10-22,4115,3910,8025,5475,5652,11127,13325,13816,27141,14973,14338,29311,11924,11401,23325,9016,8285,17301,5651,4735,10386,3272,3481,6753,1908,3846,5754,488,2007,2495,70147,71471,141618
2020-10-23,4126,3919,8045,5499,5668,11167,13376,13890,27266,15021,14394,29415,11980,11448,23428,9053,8314,17367,5681,4761,10442,3279,3493,6772,1920,3853,5773,489,2008,2497,70424,71748,142172
2020-10-24,4134,3931,8065,5515,5685,11200,13417,13932,27349,15059,14443,29502,12014,11480,23494,9091,8336,17427,5699,4777,10476,3291,3504,6795,1925,3859,5784,489,2013,2502,70634,71960,142594
2020-10-25,4142,3941,8083,5528,5701,11229,13451,13970,27421,15084,14474,29558,12049,11510,23559,9110,8359,17469,5716,4784,10500,3296,3511,6807,1928,3864,5792,489,2014,2503,70793,72128,142921
2020-10-26,4153,3946,8099,5542,5734,11276,13500,14012,27512,15145,14532,29677,12092,11548,23640,9146,8393,17539,5738,4806,10544,3304,3519,6823,1938,3876,5814,494,2018,2512,71052,72384,143436
2020-10-27,4160,3956,8116,5568,5760,11328,13557,14073,27630,15204,14584,29788,12146,11598,23744,9187,8431,17618,5759,4833,10592,3313,3535,6848,1948,3892,5840,496,2020,2516,71338,72682,144020
2020-10-28,4175,3968,8143,5595,5782,11377,13608,14128,27736,15255,14631,29886,12187,11630,23817,9217,8462,17679,5783,4853,10636,3322,3545,6867,1954,3896,5850,499,2023,2522,71595,72918,144513
2020-10-29,4186,3974,8160,5608,5796,11404,13654,14168,27822,15302,14680,29982,12223,11661,23884,9242,8485,17727,5797,4869,10666,3340,3552,6892,1958,3908,5866,500,2030,2530,71810,73123,144933
2020-10-30,4191,3979,8170,5616,5803,11419,13689,14203,27892,15352,14710,30062,12250,11693,23943,9258,8508,17766,5807,4885,10692,3353,3563,6916,1961,3912,5873,501,2032,2533,71978,73288,145266
2020-10-31,4193,3983,8176,5623,5815,11438,13711,14232,27943,15378,14740,30118,12272,11715,23987,9273,8524,17797,5819,4895,10714,3357,3570,6927,1965,3916,5881,501,2032,2533,72092,73422,145514
2020-11-01,4202,3991,8193,5633,5831,11464,13751,14260,28011,15411,14770,30181,12305,11743,24048,9292,8545,17837,5833,4904,10737,3365,3576,6941,1967,3920,5887,501,2033,2534,72260,73573,145833
2020-11-02,4210,3998,8208,5643,5855,11498,13788,14306,28094,15456,14810,30266,12346,11780,24126,9326,8572,17898,5849,4913,10762,3367,3585,6952,1972,3927,5899,501,2037,2538,72458,73783,146241
2020-11-03,4220,4004,8224,5662,5866,11528,13843,14339,28182,15489,14846,30335,12382,11807,24189,9351,8593,17944,5862,4936,10798,3371,3595,6966,1974,3937,5911,501,2039,2540,72655,73962,146617
2020-11-04,4229,4009,8238,5667,5881,11548,13888,14388,28276,15532,14885,30417,12407,11845,24252,9373,8620,17993,5882,4950,10832,3378,3609,6987,1977,3945,5922,501,2042,2543,72834,74174,147008
2020-11-05,4243,4019,8262,5693,5899,11592,13947,14448,28395,15587,14927,30514,12444,11884,24328,9403,8646,18049,5905,4967,10872,3391,3622,7013,1980,3962,5942,502,2048,2550,73095,74422,147517
2020-11-06,4256,4026,8282,5713,5917,11630,13969,14483,28452,15630,14974,30604,12483,11914,24397,9430,8668,18098,5927,4987,10914,3402,3631,7033,1984,3972,5956,503,2050,2553,73297,74622,147919
2020-11-07,4263,4031,8294,5721,5927,11648,13992,14518,28510,15673,15014,30687,12517,11948,24465,9444,8689,18133,5942,5005,10947,3410,3638,7048,1988,3977,5965,503,2050,2553,73453,74797,148250
2020-11-08,4269,4037,8306,5729,5939,11668,14011,14559,28570,15701,15040,30741,12543,11965,24508,9462,8709,18171,5957,5016,10973,3415,3640,7055,1992,3983,5975,504,2050,2554,73583,74938,148521
2020-11-09,4282,4042,8324,5746,5953,11699,14047,14615,28662,15744,15084,30828,12592,12002,24594,9500,8752,18252,5978,5038,11016,3432,3648,7080,1994,3989,5983,504,2053,2557,73819,75176,148995
2020-11-10,4292,4052,8344,5763,5966,11729,14093,14667,28760,15814,15123,30937,12624,12032,24656,9524,8770,18294,6000,5057,11057,3447,3671,7118,2000,4000,6000,506,2054,2560,74063,75392,149455
2020-11-11,4302,4059,8361,5779,5986,11765,14143,14716,28859,15866,15171,31037,12661,12069,24730,9566,8791,18357,6017,5077,11094,3457,3684,7141,2003,4008,6011,507,2058,2565,74301,75619,149920
2020-11-12,4313,4066,8379,5796,6003,11799,14197,14759,28956,15907,15211,31118,12695,12104,24799,9591,8817,18408,6030,5088,11118,3462,3692,7154,2006,4010,6016,508,2063,2571,74505,75813,150318
2020-11-13,4320,4071,8391,5817,6019,11836,14238,14803,29041,15944,15242,31186,12740,12136,24876,9617,8840,18457,6050,5108,11158,3477,3699,7176,2009,4019,6028,510,2070,2580,74722,76007,150729
2020-11-14,4326,4077,8403,5833,6034,11867,14268,14841,29109,15981,15270,31251,12769,12158,24927,9646,8860,18506,6069,5120,11189,3485,3708,7193,2013,4024,6037,511,2071,2582,74901,76163,151064
2020-11-15,4330,4084,8414,5842,6052,11894,14292,14865,29157,16003,15296,31299,12794,12176,24970,9665,8873,18538,6077,5130,11207,3492,3717,7209,2015,4033,6048,512,2071,2583,75022,76297,151319
2020-11-16,4336,4093,8429,5856,6071,11927,14323,14906,29229,16041,15329,31370,12820,12204,25024,9687,8895,18582,6087,5146,11233,3504,3727,7231,2022,4039,6061,514,2073,2587,75190,76483,151673
2020-11-17,4344,4099,8443,5875,6090,11965,14369,14946,29315,16085,15376,31461,12857,12238,25095,9714,8925,18639,6107,5161,11268,3512,3737,7249,2027,4051,6078,516,2079,2595,75406,76702,152108
2020-11-18,4348,4106,8454,5892,6110,12002,14413,14998,29411,16135,15414,31549,12895,12268,25163,9739,8958,18697,6119,5178,11297,3524,3749,7273,2031,4063,6094,516,2084,2600,75612,76928,152540
2020-11-19,4352,4110,8462,5903,6125,12028,14461,15030,29491,16165,15450,31615,12916,12293,25209,9766,8982,18748,6135,5190,11325,3530,3758,7288,2033,4067,6100,516,2089,2605,75777,77094,152871
2020-11-20,4357,4115,8472,5921,6146,12067,14502,15059,29561,16194,15472,31666,12935,12307,25242,9780,8997,18777,6150,5203,11353,3536,3763,7299,2038,4069,6107,518,2091,2609,75931,77222,153153
2020-11-21,4363,4125,8488,5934,6163,12097,14531,15090,29621,16229,15504,31733,12953,12343,25296,9794,9014,18808,6163,5217,11380,3543,3770,7313,2041,4072,6113,518,2094,2612,76069,77392,153461
2020-11-22,4367,4128,8495,5944,6169,12113,14551,15113,29664,16248,15525,31773,12973,12359,25332,9806,9021,18827,6178,5223,11401,3548,3779,7327,2043,4073,6116,518,2095,2613,76176,77485,153661
2020-11-23,4372,4131,8503,5950,6177,12127,14571,15140,29711,16278,15550,31828,12996,12370,25366,9812,9039,18851,6187,5229,11416,3558,3785,7343,2046,4075,6121,518,2097,2615,76288,77593,153881
2020-11-24,4379,4135,8514,5959,6193,12152,14610,15185,29795,16325,15589,31914,13026,12392,25418,9834,9053,18887,6206,5243,11449,3566,3793,7359,2050,4077,6127,518,2099,2617,76473,77759,154232
2020-11-25,4394,4141,8535,5973,6204,12177,14659,15238,29897,16382,15638,32020,13062,12431,25493,9861,9075,18936,6225,5257,11482,3574,3806,7380,2054,4083,6137,519,2101,2620,76703,77974,154677
2020-11-26,4397,4154,8551,5984,6227,12211,14700,15277,29977,16435,15671,32106,13089,12453,25542,9878,9107,18985,6235,5273,11508,3578,3810,7388,2059,4087,6146,520,2105,2625,76875,78164,155039
2020-11-27,4404,4158,8562,6002,6239,12241,14748,15317,30065,16475,15695,32170,13123,12480,25603,9902,9127,19029,6250,5289,11539,3588,3815,7403,2062,4091,6153,522,2107,2629,77076,78318,155394
2020-11-28,4410,4164,8574,6018,6254,12272,14778,15357,30135,16508,15724,32232,13146,12504,25650,9914,9144,19058,6258,5304,11562,3593,3818,7411,2063,4094,6157,522,2108,2630,77210,78471,155681
2020-11-29,4417,4165,8582,6030,6267,12297,14806,15389,30195,16546,15751,32297,13169,12521,25690,9934,9159,19093,6263,5317,11580,3596,3822,7418,2067,4099,6166,525,2108,2633,77353,78598,155951
2020-11-30,4425,4170,8595,6042,6281,12323,14843,15421,30264,16583,15781,32364,13200,12542,25742,9950,9184,19134,6270,5327,11597,3607,3834,7441,2070,4107,6177,525,2111,2636,77515,78758,156273
2020-12-01,4435,4175,8610,6052,6292,12344,14879,15449,30328,16616,15831,32447,13233,12565,25798,9966,9198,19164,6284,5336,11620,3613,3839,7452,2073,4110,6183,525,2111,2636,77676,78906,156582
2020-12-02,4437,4179,8616,6059,6306,12365,14909,15475,30384,16646,15855,32501,13248,12588,25836,9975,9211,19186,6297,5344,11641,3619,3850,7469,2076,4116,6192,528,2116,2644,77794,79040,156834
2020-12-03,4442,4183,8625,6072,6318,12390,14942,15498,30440,16682,15884,32566,13276,12605,25881,9994,9226,19220,6309,5357,11666,3627,3862,7489,2079,4120,6199,530,2118,2648,77953,79171,157124
2020-12-04,4452,4188,8640,6086,6336,12422,14969,15535,30504,16720,15922,32642,13308,12638,25946,10015,9247,19262,6323,5368,11691,3635,3868,7503,2084,4123,6207,531,2118,2649,78123,79343,157466
2020-12-05,4458,4193,8651,6096,6350,12446,14993,15566,30559,16750,15953,32703,13328,12665,25993,10033,9264,19297,6337,5381,11718,3641,3878,7519,2090,4128,6218,531,2119,2650,78257,79497,157754
2020-12-06,4465,4196,8661,6104,6358,12462,15014,15588,30602,16777,15972,32749,13346,12686,26032,10053,9279,19332,6346,5390,11736,3646,3882,7528,2095,4130,6225,531,2119,2650,78377,79600,157977
2020-12-07,4469,4201,8670,6110,6370,12480,15030,15613,30643,16798,15995,32793,13376,12704,26080,10066,9299,19365,6358,5400,11758,3652,3887,7539,2097,4132,6229,531,2121,2652,78487,79722,158209
2020-12-08,4477,4203,8680,6122,6383,12505,15060,15643,30703,16833,16025,32858,13417,12728,26145,10088,9318,19406,6376,5406,11782,3666,3896,7562,2100,4137,6237,532,2123,2655,78671,79862,158533
2020-12-09,4482,4210,8692,6147,6401,12548,15107,15684,30791,16878,16061,32939,13454,12766,26220,10117,9343,19460,6392,5425,11817,3673,3911,7584,2102,4141,6243,532,2127,2659,78884,80069,158953
2020-12-10,4486,4218,8704,6160,6425,12585,15145,15734,30879,16932,16100,33032,13494,12810,26304,10141,9368,19509,6409,5440,11849,3682,3923,7605,2105,4148,6253,532,2129,2661,79086,80295,159381
2020-12-11,4498,4226,8724,6170,6437,12607,15196,15783,30979,16966,16142,33108,13532,12837,26369,10159,9398,19557,6420,5460,11880,3686,3934,7620,2110,4155,6265,532,2130,2662,79269,80502,159771
2020-12-12,4506,4230,8736,6186,6450,12636,15247,15833,31080,17006,16173,33179,13558,12863,26421,10174,9413,19587,6433,5473,11906,3698,3940,7638,2112,4155,6267,532,2130,2662,79452,80660,160112
2020-12-13,4508,4235,8743,6202,6465,12667,15286,15865,31151,17037,16212,33249,13583,12890,26473,10189,9433,19622,6451,5483,11934,3707,3947,7654,2118,4158,6276,534,2130,2664,79615,80818,160433
2020-12-14,4513,4239,8752,6220,6482,12702,15348,15924,31272,17106,16259,33365,13623,12934,26557,10222,9459,19681,6468,5505,11973,3718,3959,7677,2123,4169,6292,535,2132,2667,79876,81062,160938
2020-12-15,4517,4242,8759,6243,6503,12746,15411,15982,31393,17167,16313,33480,13676,12971,26647,10244,9488,19732,6491,5514,12005,3728,3966,7694,2131,4173,6304,537,2135,2672,80145,81287,161432
2020-12-16,4526,4250,8776,6264,6533,12797,15496,16049,31545,17219,16356,33575,13703,13001,26704,10272,9518,19790,6507,5533,12040,3743,3975,7718,2140,4178,6318,540,2139,2679,80410,81532,161942
2020-12-17,4536,4254,8790,6291,6565,12856,15605,16141,31746,17293,16421,33714,13743,13056,26799,10299,9555,19854,6519,5559,12078,3759,3989,7748,2144,4184,6328,541,2141,2682,80730,81865,162595
2020-12-18,4540,4263,8803,6330,6588,12918,15695,16222,31917,17362,16493,33855,13799,13098,26897,10332,9595,19927,6545,5586,12131,3774,4003,7777,2148,4198,6346,541,2152,2693,81066,82198,163264
2020-12-19,4550,4268,8818,6362,6619,12981,15761,16276,32037,17421,16545,33966,13844,13143,26987,10362,9625,19987,6564,5604,12168,3787,4013,7800,2153,4206,6359,541,2153,2694,81345,82452,163797
2020-12-20,4554,4276,8830,6385,6634,13019,15828,16324,32152,17459,16591,34050,13887,13196,27083,10392,9648,20040,6592,5622,12214,3796,4020,7816,2156,4210,6366,544,2155,2699,81593,82676,164269
2020-12-21,4564,4285,8849,6415,6665,13080,15922,16429,32351,17545,16680,34225,13947,13255,27202,10447,9689,20136,6638,5646,12284,3817,4038,7855,2160,4219,6379,545,2157,2702,82000,83063,165063
2020-12-22,4572,4298,8870,6443,6696,13139,16011,16524,32535,17658,16756,34414,14006,13319,27325,10505,9743,20248,6659,5672,12331,3835,4054,7889,2165,4229,6394,546,2160,2706,82400,83451,165851
2020-12-23,4582,4309,8891,6473,6733,13206,16145,16647,32792,17777,16851,34628,14074,13393,27467,10578,9805,20383,6685,5704,12389,3863,4076,7939,2169,4240,6409,547,2162,2709,82893,83920,166813
2020-12-24,4584,4311,8895,6491,6758,13249,16213,16707,32920,17845,16896,34741,14107,13440,27547,10609,9831,20440,6706,5717,12423,3875,4083,7958,2171,4246,6417,547,2163,2710,83148,84152,167300
2020-12-25,4587,4318,8905,6506,6773,13279,16256,16746,33002,17880,16926,34806,14152,13469,27621,10633,9852,20485,6726,5731,12457,3881,4091,7972,2172,4247,6419,547,2164,2711,83340,84317,167657
2020-12-26,4598,4328,8926,6535,6809,13344,16372,16858,33230,17992,17023,35015,14224,13554,27778,10712,9909,20621,6766,5777,12543,3898,4109,8007,2175,4254,6429,548,2165,2713,83820,84786,168606
2020-12-27,4611,4333,8944,6560,6849,13409,16469,16952,33421,18088,17097,35185,14288,13602,27890,10764,9953,20717,6789,5805,12594,3915,4127,8042,2177,4260,6437,548,2165,2713,84209,85143,169352
2020-12-28,4629,4352,8981,6604,6916,13520,16627,17092,33719,18203,17230,35433,14408,13705,28113,10864,10022,20886,6833,5845,12678,3947,4160,8107,2189,4277,6466,550,2167,2717,84854,85766,170620
2020-12-29,4637,4370,9007,6655,6978,13633,16813,17272,34085,18368,17370,35738,14510,13805,28315,10932,10111,21043,6884,5900,12784,3981,4194,8175,2201,4286,6487,553,2170,2723,85534,86456,171990
2020-12-30,4663,4389,9052,6719,7052,13771,16996,17429,34425,18519,17506,36025,14625,13926,28551,11013,10194,21207,6936,5965,12901,4016,4228,8244,2210,4300,6510,556,2174,2730,86253,87163,173416
2020-12-31,4672,4396,9068,6755,7097,13852,17144,17554,34698,18604,17585,36189,14687,14003,28690,11059,10234,21293,6963,5992,12955,4037,4241,8278,2218,4305,6523,556,2174,2730,86695,87581,174276
2021-01-01,4677,4398,9075,6774,7112,13886,17177,17596,34773,18643,17627,36270,14711,14040,28751,11077,10252,21329,6982,6018,13000,4047,4252,8299,2220,4308,6528,556,2174,2730,86864,87777,174641
2021-01-02,4684,4409,9093,6826,7161,13987,17279,17716,34995,18755,17720,36475,14793,14132,28925,11154,10320,21474,7027,6060,13087,4067,4274,8341,2225,4312,6537,562,2174,2736,87372,88278,175650
2021-01-03,4700,4422,9122,6866,7205,14071,17404,17867,35271,18862,17813,36675,14876,14209,29085,11214,10390,21604,7068,6094,13162,4086,4297,8383,2233,4320,6553,563,2175,2738,87872,88792,176664
2021-01-04,4715,4432,9147,6934,7268,14202,17629,18080,35709,19042,17981,37023,14991,14312,29303,11310,10494,21804,7124,6146,13270,4114,4332,8446,2247,4342,6589,566,2180,2746,88672,89567,178239
2021-01-05,4735,4453,9188,7009,7343,14352,17878,18333,36211,19215,18146,37361,15108,14411,29519,11416,10570,21986,7182,6204,13386,4137,4366,8503,2253,4360,6613,568,2189,2757,89501,90375,179876
2021-01-06,4750,4466,9216,7079,7415,14494,18119,18564,36683,19397,18302,37699,15225,14513,29738,11503,10648,22151,7236,6265,13501,4170,4398,8568,2262,4375,6637,569,2193,2762,90310,91139,181449
2021-01-07,4771,4478,9249,7141,7487,14628,18314,18777,37091,19548,18449,37997,15333,14623,29956,11584,10737,22321,7282,6309,13591,4197,4435,8632,2270,4383,6653,574,2197,2771,91014,91875,182889
2021-01-08,4786,4493,9279,7200,7557,14757,18505,18966,37471,19687,18576,38263,15448,14738,30186,11672,10816,22488,7334,6365,13699,4224,4461,8685,2278,4397,6675,575,2203,2778,91709,92572,184281
2021-01-09,4793,4501,9294,7244,7605,14849,18644,19144,37788,19812,18671,38483,15543,14830,30373,11730,10889,22619,7381,6406,13787,4240,4488,8728,2284,4408,6692,577,2206,2783,92248,93148,185396
2021-01-10,4802,4505,9307,7288,7641,14929,18752,19281,38033,19883,18751,38634,15601,14894,30495,11787,10939,22726,7408,6438,13846,4254,4508,8762,2291,4414,6705,580,2208,2788,92646,93579,186225
2021-01-11,4808,4515,9323,7354,7699,15053,18940,19472,38412,19997,18874,38871,15694,14967,30661,11866,11015,22881,7452,6482,13934,4288,4533,8821,2298,4424,6722,581,2212,2793,93278,94193,187471
2021-01-12,4819,4522,9341,7407,7772,15179,19143,19662,38805,20143,19006,39149,15782,15062,30844,11933,11096,23029,7498,6525,14023,4321,4562,8883,2311,4440,6751,581,2216,2797,93938,94863,188801
2021-01-13,4835,4537,9372,7467,7860,15327,19319,19868,39187,20297,19148,39445,15882,15158,31040,12005,11170,23175,7547,6576,14123,4348,4579,8927,2324,4451,6775,582,2222,2804,94606,95569,190175
2021-01-14,4852,4547,9399,7528,7927,15455,19477,20060,39537,20433,19255,39688,15963,15240,31203,12073,11247,23320,7593,6615,14208,4374,4608,8982,2337,4459,6796,586,2223,2809,95216,96181,191397
2021-01-15,4866,4558,9424,7607,7981,15588,19668,20219,39887,20560,19361,39921,16066,15314,31380,12152,11339,23491,7640,6650,14290,4396,4632,9028,2346,4475,6821,586,2226,2812,95887,96755,192642
2021-01-16,4872,4569,9441,7669,8050,15719,19792,20353,40145,20666,19460,40126,16137,15395,31532,12200,11390,23590,7675,6679,14354,4417,4650,9067,2353,4484,6837,587,2232,2819,96368,97262,193630
2021-01-17,4877,4577,9454,7725,8094,15819,19904,20490,40394,20754,19537,40291,16200,15452,31652,12252,11441,23693,7720,6702,14422,4437,4657,9094,2359,4490,6849,588,2233,2821,96816,97673,194489
2021-01-18,4890,4590,9480,7798,8162,15960,20126,20674,40800,20883,19664,40547,16298,15538,31836,12335,11521,23856,7776,6749,14525,4465,4689,9154,2370,4506,6876,589,2236,2825,97530,98329,195859
2021-01-19,4904,4597,9501,7870,8249,16119,20288,20848,41136,21022,19767,40789,16386,15633,32019,12386,11582,23968,7824,6790,14614,4491,4714,9205,2383,4524,6907,589,2242,2831,98143,98946,197089
2021-01-20,4910,4603,9513,7952,8311,16263,20470,21016,41486,21138,19867,41005,16481,15732,32213,12458,11654,24112,7855,6839,14694,4514,4741,9255,2396,4544,6940,589,2248,2837,98763,99555,198318
2021-01-21,4920,4612,9532,8027,8375,16402,20597,21162,41759,21257,19975,41232,16584,15825,32409,12529,11741,24270,7899,6881,14780,4541,4766,9307,2407,4567,6974,593,2254,2847,99354,100158,199512
2021-01-22,4939,4622,9561,8085,8435,16520,20741,21319,42060,21352,20076,41428,16650,15900,32550,12594,11814,24408,7942,6908,14850,4561,4786,9347,2419,4577,6996,596,2257,2853,99879,100694,200573
2021-01-23,4946,4634,9580,8147,8505,16652,20855,21424,42279,21431,20144,41575,16705,15958,32663,12648,11878,24526,7971,6942,14913,4584,4816,9400,2423,4589,7012,598,2257,2855,100308,101147,201455
2021-01-24,4954,4646,9600,8214,8562,16776,20983,21507,42490,21517,20225,41742,16754,16015,32769,12685,11920,24605,8008,6967,14975,4605,4828,9433,2427,4595,7022,598,2257,2855,100745,101522,202267
2021-01-25,4964,4658,9622,8315,8669,16984,21147,21658,42805,21637,20313,41950,16851,16113,32964,12755,11980,24735,8061,7005,15066,4629,4860,9489,2435,4608,7043,601,2259,2860,101395,102123,203518
2021-01-26,4978,4673,9651,8411,8778,17189,21285,21806,43091,21736,20405,42141,16929,16202,33131,12827,12048,24875,8105,7040,15145,4655,4885,9540,2445,4629,7074,603,2268,2871,101974,102734,204708
2021-01-27,4985,4686,9671,8517,8867,17384,21403,21935,43338,21828,20483,42311,16996,16278,33274,12881,12095,24976,8149,7076,15225,4673,4902,9575,2453,4643,7096,604,2270,2874,102489,103235,205724
2021-01-28,4997,4696,9693,8594,8961,17555,21557,22059,43616,21930,20562,42492,17077,16358,33435,12945,12154,25099,8194,7113,15307,4686,4925,9611,2457,4656,7113,604,2274,2878,103041,103758,206799
2021-01-29,5017,4710,9727,8680,9056,17736,21663,22183,43846,22021,20658,42679,17153,16443,33596,13001,12235,25236,8222,7149,15371,4705,4950,9655,2463,4672,7135,607,2277,2884,103532,104333,207865
2021-01-30,5025,4716,9741,8793,9144,17937,21763,22283,44046,22084,20739,42823,17218,16510,33728,13040,12285,25325,8252,7182,15434,4717,4969,9686,2466,4681,7147,608,2279,2887,103966,104788,208754
2021-01-31,5028,4729,9757,8898,9235,18133,21852,22386,44238,22135,20807,42942,17292,16583,33875,13085,12333,25418,8281,7215,15496,4734,4982,9716,2468,4686,7154,609,2281,2890,104382,105237,209619
2021-02-01,5040,4743,9783,9000,9355,18355,21980,22508,44488,22228,20896,43124,17387,16667,34054,13153,12407,25560,8325,7263,15588,4767,5016,9783,2476,4700,7176,609,2285,2894,104965,105840,210805
2021-02-02,5047,4758,9805,9078,9443,18521,22092,22635,44727,22323,20999,43322,17464,16743,34207,13218,12470,25688,8370,7298,15668,4785,5031,9816,2484,4720,7204,609,2288,2897,105470,106385,211855
2021-02-03,5061,4772,9833,9159,9503,18662,22212,22742,44954,22417,21095,43512,17537,16818,34355,13285,12546,25831,8412,7345,15757,4808,5053,9861,2496,4736,7232,612,2288,2900,105999,106898,212897
2021-02-04,5066,4782,9848,9216,9560,18776,22310,22843,45153,22489,21179,43668,17615,16884,34499,13343,12610,25953,8457,7375,15832,4825,5077,9902,2507,4753,7260,612,2293,2905,106440,107356,213796
2021-02-05,5074,4791,9865,9270,9608,18878,22392,22937,45329,22574,21268,43842,17679,16960,34639,13390,12668,26058,8492,7397,15889,4844,5098,9942,2512,4762,7274,613,2297,2910,106840,107786,214626
2021-02-06,5081,4796,9877,9302,9645,18947,22470,23002,45472,22632,21333,43965,17732,17020,34752,13428,12709,26137,8517,7430,15947,4860,5114,9974,2519,4769,7288,613,2299,2912,107154,108117,215271
2021-02-07,5084,4801,9885,9333,9674,19007,22519,23056,45575,22687,21393,44080,17772,17051,34823,13470,12745,26215,8543,7464,16007,4881,5127,10008,2523,4778,7301,613,2302,2915,107425,108391,215816
2021-02-08,5095,4817,9912,9392,9721,19113,22599,23146,45745,22771,21482,44253,17868,17132,35000,13523,12810,26333,8593,7500,16093,4905,5159,10064,2530,4793,7323,615,2306,2921,107891,108866,216757
2021-02-09,5104,4821,9925,9435,9747,19182,22674,23214,45888,22844,21560,44404,17934,17192,35126,13566,12850,26416,8625,7535,16160,4917,5174,10091,2538,4802,7340,616,2307,2923,108253,109202,217455
2021-02-10,5119,4828,9947,9474,9788,19262,22742,23296,46038,22923,21648,44571,17997,17256,35253,13611,12892,26503,8656,7559,16215,4935,5193,10128,2543,4810,7353,617,2311,2928,108617,109581,218198
2021-02-11,5123,4837,9960,9504,9822,19326,22819,23374,46193,22991,21715,44706,18052,17308,35360,13650,12958,26608,8700,7595,16295,4957,5214,10171,2547,4812,7359,620,2316,2936,108963,109951,218914
2021-02-12,5133,4847,9980,9541,9861,19402,22885,23446,46331,23069,21786,44855,18111,17361,35472,13695,12995,26690,8728,7623,16351,4976,5231,10207,2558,4826,7384,622,2320,2942,109318,110296,219614
2021-02-13,5143,4850,9993,9569,9887,19456,22944,23502,46446,23126,21839,44965,18163,17413,35576,13731,13029,26760,8749,7642,16391,4995,5252,10247,2559,4834,7393,626,2322,2948,109605,110570,220175
2021-02-14,5149,4855,10004,9591,9915,19506,22977,23553,46530,23164,21895,45059,18216,17460,35676,13761,13060,26821,8774,7670,16444,5007,5270,10277,2564,4840,7404,626,2323,2949,109829,110841,220670
2021-02-15,5152,4861,10013,9621,9944,19565,23026,23610,46636,23219,21965,45184,18273,17515,35788,13794,13094,26888,8798,7690,16488,5015,5278,10293,2570,4845,7415,626,2328,2954,110094,111130,221224
2021-02-16,5161,4873,10034,9645,9979,19624,23072,23668,46740,23279,22017,45296,18322,17561,35883,13819,13128,26947,8821,7719,16540,5031,5302,10333,2578,4852,7430,627,2333,2960,110355,111432,221787
2021-02-17,5175,4881,10056,9675,10006,19681,23159,23763,46922,23368,22106,45474,18396,17628,36024,13868,13184,27052,8875,7751,16626,5051,5315,10366,2585,4866,7451,628,2335,2963,110780,111835,222615
2021-02-18,5181,4894,10075,9708,10032,19740,23260,23871,47131,23449,22198,45647,18452,17703,36155,13905,13240,27145,8911,7776,16687,5075,5330,10405,2589,4872,7461,629,2340,2969,111159,112256,223415
2021-02-19,5186,4899,10085,9749,10066,19815,23336,23955,47291,23564,22287,45851,18516,17765,36281,13940,13287,27227,8942,7800,16742,5094,5345,10439,2591,4879,7470,629,2340,2969,111547,112623,224170
2021-02-20,5193,4904,10097,9776,10085,19861,23402,24025,47427,23636,22343,45979,18556,17821,36377,13976,13328,27304,8975,7821,16796,5109,5360,10469,2595,4889,7484,630,2341,2971,111848,112917,224765
2021-02-21,5202,4908,10110,9797,10114,19911,23469,24087,47556,23697,22406,46103,18604,17862,36466,14006,13367,27373,8995,7852,16847,5120,5373,10493,2598,4893,7491,630,2345,2975,112118,113207,225325
2021-02-22,5211,4918,10129,9831,10142,19973,23552,24165,47717,23779,22470,46249,18660,17906,36566,14059,13399,27458,9014,7883,16897,5136,5387,10523,2602,4899,7501,632,2346,2978,112476,113515,225991
2021-02-23,5223,4929,10152,9859,10180,20039,23642,24244,47886,23853,22552,46405,18722,17953,36675,14099,13440,27539,9054,7910,16964,5152,5400,10552,2611,4907,7518,635,2346,2981,112850,113861,226711
2021-02-24,5237,4935,10172,9894,10214,20108,23725,24319,48044,23919,22605,46524,18775,18013,36788,14136,13490,27626,9082,7936,17018,5164,5421,10585,2612,4912,7524,637,2350,2987,113181,114195,227376
2021-02-25,5251,4948,10199,9928,10257,20185,23824,24421,48245,23996,22689,46685,18830,18089,36919,14188,13536,27724,9120,7958,17078,5179,5443,10622,2617,4918,7535,640,2355,2995,113573,114614,228187
2021-02-26,5259,4958,10217,9964,10284,20248,23887,24499,48386,24068,22740,46808,18869,18149,37018,14235,13585,27820,9146,7988,17134,5197,5468,10665,2622,4931,7553,642,2358,3000,113889,114960,228849
2021-02-27,5268,4961,10229,9984,10305,20289,23944,24563,48507,24122,22791,46913,18912,18208,37120,14276,13615,27891,9179,8009,17188,5203,5484,10687,2629,4936,7565,642,2359,3001,114159,115231,229390
2021-02-28,5275,4962,10237,10007,10324,20331,23981,24612,48593,24177,22843,47020,18951,18252,37203,14305,13634,27939,9198,8028,17226,5208,5492,10700,2631,4943,7574,642,2363,3005,114375,115453,229828
2021-03-01,5291,4981,10272,10049,10357,20406,24045,24684,48729,24278,22923,47201,19017,18317,37334,14356,13685,28041,9230,8052,17282,5222,5513,10735,2635,4958,7593,642,2365,3007,114765,115835,230600
2021-03-02,5304,4991,10295,10086,10390,20476,24113,24748,48861,24350,23003,47353,19066,18363,37429,14391,13730,28121,9265,8078,17343,5237,5524,10761,2639,4970,7609,642,2367,3009,115093,116164,231257
2021-03-03,5319,5000,10319,10128,10428,20556,24200,24825,49025,24426,23083,47509,19129,18411,37540,14429,13776,28205,9316,8106,17422,5252,5544,10796,2646,4981,7627,642,2371,3013,115487,116525,232012
2021-03-04,5335,5012,10347,10161,10472,20633,24276,24892,49168,24499,23145,47644,19195,18472,37667,14480,13818,28298,9352,8138,17490,5263,5558,10821,2647,4989,7636,643,2371,3014,115851,116867,232718
2021-03-05,5357,5020,10377,10215,10525,20740,24366,24983,49349,24572,23237,47809,19278,18531,37809,14537,13869,28406,9377,8173,17550,5279,5579,10858,2649,4999,7648,645,2374,3019,116275,117290,233565
2021-03-06,5362,5028,10390,10255,10572,20827,24412,25039,49451,24632,23290,47922,19329,18595,37924,14565,13910,28475,9410,8203,17613,5298,5584,10882,2654,5003,7657,645,2377,3022,116562,117601,234163
2021-03-07,5368,5042,10410,10287,10607,20894,24458,25089,49547,24691,23341,48032,19372,18642,38014,14606,13945,28551,9437,8231,17668,5305,5600,10905,2661,5006,7667,645,2378,3023,116830,117881,234711
2021-03-08,5385,5053,10438,10331,10632,20963,24536,25166,49702,24801,23418,48219,19453,18722,38175,14653,14003,28656,9482,8263,17745,5320,5620,10940,2672,5018,7690,646,2382,3028,117279,118277,235556
2021-03-09,5397,5072,10469,10377,10703,21080,24617,25240,49857,24881,23508,48389,19524,18804,38328,14720,14049,28769,9522,8296,17818,5341,5635,10976,2682,5027,7709,646,2384,3030,117707,118718,236425
2021-03-10,5417,5084,10501,10416,10753,21169,24681,25331,50012,24975,23579,48554,19576,18870,38446,14769,14111,28880,9553,8332,17885,5356,5662,11018,2686,5035,7721,646,2387,3033,118075,119144,237219
2021-03-11,5434,5104,10538,10462,10822,21284,24754,25433,50187,25061,23656,48717,19655,18936,38591,14819,14158,28977,9590,8359,17949,5371,5678,11049,2695,5047,7742,647,2389,3036,118488,119582,238070
2021-03-12,5453,5113,10566,10535,10888,21423,24832,25499,50331,25144,23728,48872,19732,19021,38753,14874,14221,29095,9615,8387,18002,5404,5703,11107,2700,5063,7763,649,2395,3044,118938,120018,238956
2021-03-13,5463,5121,10584,10581,10942,21523,24912,25564,50476,25203,23800,49003,19800,19082,38882,14920,14274,29194,9635,8411,18046,5420,5715,11135,2703,5066,7769,649,2398,3047,119286,120373,239659
2021-03-14,5472,5128,10600,10609,10994,21603,24972,25626,50598,25265,23853,49118,19847,19141,38988,14964,14322,29286,9666,8438,18104,5439,5730,11169,2708,5071,7779,649,2400,3049,119591,120703,240294
2021-03-15,5484,5149,10633,10657,11041,21698,25047,25688,50735,25364,23930,49294,19934,19200,39134,15045,14377,29422,9708,8474,18182,5470,5751,11221,2714,5079,7793,651,2410,3061,120074,121099,241173
2021-03-16,5498,5161,10659,10721,11093,21814,25135,25785,50920,25433,24010,49443,20038,19275,39313,15106,14429,29535,9735,8505,18240,5479,5763,11242,2724,5098,7822,654,2414,3068,120523,121533,242056
2021-03-17,5514,5177,10691,10790,11147,21937,25229,25881,51110,25532,24100,49632,20100,19349,39449,15147,14467,29614,9777,8540,18317,5502,5780,11282,2727,5103,7830,654,2416,3070,120972,121960,242932
2021-03-18,5532,5191,10723,10846,11202,22048,25318,25977,51295,25617,24193,49810,20166,19421,39587,15208,14518,29726,9808,8583,18391,5515,5813,11328,2733,5114,7847,654,2422,3076,121397,122434,243831
2021-03-19,5551,5211,10762,10902,11265,22167,25402,26086,51488,25718,24288,50006,20243,19507,39750,15258,14574,29832,9843,8621,18464,5543,5835,11378,2737,5127,7864,654,2423,3077,121851,122937,244788
2021-03-20,5558,5226,10784,10932,11311,22243,25469,26151,51620,25799,24354,50153,20322,19556,39878,15304,14620,29924,9877,8640,18517,5555,5850,11405,2740,5133,7873,654,2425,3079,122210,123266,245476
2021-03-21,5571,5240,10811,10972,11354,22326,25519,26214,51733,25883,24424,50307,20388,19619,40007,15338,14664,30002,9913,8674,18587,5578,5876,11454,2744,5142,7886,655,2425,3080,122561,123632,246193
2021-03-22,5588,5260,10848,11035,11419,22454,25642,26327,51969,26006,24554,50560,20483,19720,40203,15423,14740,30163,9955,8711,18666,5600,5893,11493,2750,5155,7905,656,2433,3089,123138,124212,247350
2021-03-23,5608,5273,10881,11096,11504,22600,25765,26465,52230,26142,24677,50819,20593,19827,40420,15512,14808,30320,10010,8772,18782,5627,5922,11549,2755,5172,7927,657,2437,3094,123765,124857,248622
2021-03-24,5628,5286,10914,11183,11586,22769,25882,26613,52495,26274,24793,51067,20713,19926,40639,15600,14893,30493,10064,8818,18882,5655,5949,11604,2764,5177,7941,660,2442,3102,124423,125483,249906
2021-03-25,5647,5306,10953,11265,11664,22929,26056,26793,52849,26421,24945,51366,20837,20046,40883,15688,15002,30690,10117,8875,18992,5689,5980,11669,2776,5191,7967,661,2445,3106,125157,126247,251404
2021-03-26,5679,5330,11009,11368,11749,23117,26232,27000,53232,26568,25089,51657,20993,20191,41184,15780,15096,30876,10168,8934,19102,5724,6016,11740,2787,5207,7994,661,2449,3110,125960,127061,253021
2021-03-27,5699,5350,11049,11441,11816,23257,26377,27151,53528,26689,25226,51915,21110,20325,41435,15867,15172,31039,10226,8992,19218,5750,6043,11793,2799,5219,8018,662,2452,3114,126620,127746,254366
2021-03-28,5720,5364,11084,11507,11893,23400,26510,27260,53770,26823,25348,52171,21235,20424,41659,15956,15254,31210,10275,9039,19314,5781,6068,11849,2807,5228,8035,663,2454,3117,127277,128332,255609
2021-03-29,5758,5393,11151,11613,11999,23612,26721,27467,54188,26987,25550,52537,21388,20570,41958,16096,15364,31460,10373,9089,19462,5825,6105,11930,2812,5241,8053,666,2459,3125,128239,129237,257476
2021-03-30,5779,5423,11202,11725,12103,23828,26957,27728,54685,27212,25741,52953,21562,20736,42298,16221,15488,31709,10449,9150,19599,5860,6152,12012,2822,5262,8084,673,2464,3137,129260,130247,259507
2021-03-31,5812,5453,11265,11848,12220,24068,27240,27991,55231,27446,25939,53385,21760,20908,42668,16333,15616,31949,10524,9220,19744,5889,6185,12074,2835,5280,8115,674,2471,3145,130361,131283,261644
2021-04-01,5832,5474,11306,11974,12362,24336,27533,28256,55789,27662,26154,53816,21905,21081,42986,16475,15736,32211,10613,9306,19919,5921,6218,12139,2846,5287,8133,677,2473,3150,131438,132347,263785
2021-04-02,5855,5504,11359,12096,12520,24616,27718,28452,56170,27855,26323,54178,22065,21232,43297,16581,15841,32422,10689,9367,20056,5955,6258,12213,2852,5299,8151,679,2474,3153,132345,133270,265615
2021-04-03,5878,5528,11406,12208,12623,24831,27902,28637,56539,28066,26525,54591,22249,21413,43662,16711,15964,32675,10764,9447,20211,5994,6299,12293,2865,5313,8178,682,2480,3162,133319,134229,267548
2021-04-04,5907,5550,11457,12324,12735,25059,28111,28853,56964,28269,26707,54976,22441,21568,44009,16834,16082,32916,10844,9519,20363,6026,6338,12364,2869,5325,8194,684,2483,3167,134309,135160,269469
2021-04-05,5948,5596,11544,12510,12917,25427,28450,29209,57659,28578,27053,55631,22674,21830,44504,17041,16290,33331,10964,9626,20590,6082,6398,12480,2883,5349,8232,684,2489,3173,135814,136757,272571
2021-04-06,5992,5634,11626,12666,13096,25762,28827,29546,58373,28900,27375,56275,22929,22086,45015,17233,16478,33711,11080,9727,20807,6129,6446,12575,2904,5363,8267,688,2495,3183,137348,138246,275594
2021-04-07,6034,5693,11727,12874,13299,26173,29220,29960,59180,29263,27652,56915,23197,22349,45546,17426,16653,34079,11183,9838,21021,6178,6492,12670,2922,5382,8304,691,2500,3191,138988,139818,278806
2021-04-08,6080,5745,11825,13060,13465,26525,29582,30331,59913,29573,27979,57552,23432,22614,46046,17629,16840,34469,11277,9931,21208,6230,6543,12773,2940,5406,8346,693,2503,3196,140496,141357,281853
2021-04-09,6144,5795,11939,13230,13624,26854,29888,30685,60573,29897,28295,58192,23680,22864,46544,17770,17020,34790,11359,10023,21382,6268,6584,12852,2958,5424,8382,697,2510,3207,141891,142824,284715
2021-04-10,6187,5826,12013,13380,13778,27158,30125,30982,61107,30128,28555,58683,23890,23071,46961,17906,17163,35069,11457,10113,21570,6314,6618,12932,2971,5446,8417,699,2514,3213,143057,144066,287123
2021-04-11,6216,5857,12073,13519,13956,27475,30298,31156,61454,30364,28784,59148,24080,23272,47352,18041,17295,35336,11557,10200,21757,6366,6671,13037,2980,5460,8440,701,2522,3223,144122,145173,289295
2021-04-12,6285,5902,12187,13701,14144,27845,30608,31458,62066,30712,29060,59772,24329,23545,47874,18250,17493,35743,11705,10325,22030,6441,6742,13183,2995,5485,8480,704,2527,3231,145730,146681,292411
2021-04-13,6334,5944,12278,13860,14295,28155,30898,31773,62671,31009,29348,60357,24594,23785,48379,18444,17689,36133,11833,10436,22269,6498,6803,13301,3016,5512,8528,709,2534,3243,147195,148119,295314
2021-04-14,6373,6010,12383,14033,14466,28499,31202,32105,63307,31306,29625,60931,24867,24068,48935,18669,17881,36550,11961,10579,22540,6570,6863,13433,3026,5533,8559,712,2544,3256,148719,149674,298393
2021-04-15,6426,6057,12483,14178,14603,28781,31469,32376,63845,31570,29905,61475,25107,24282,49389,18887,18051,36938,12080,10698,22778,6634,6924,13558,3040,5555,8595,715,2550,3265,150106,151001,301107
2021-04-16,6473,6101,12574,14335,14740,29075,31707,32675,64382,31882,30221,62103,25411,24560,49971,19099,18223,37322,12232,10827,23059,6695,6995,13690,3059,5577,8636,718,2557,3275,151611,152476,304087
2021-04-17,6513,6133,12646,14443,14875,29318,31932,32966,64898,32124,30487,62611,25646,24759,50405,19263,18381,37644,12351,10945,23296,6762,7068,13830,3069,5600,8669,721,2567,3288,152824,153781,306605
2021-04-18,6552,6175,12727,14545,14984,29529,32118,33160,65278,32355,30715,63070,25857,24953,50810,19448,18518,37966,12454,11045,23499,6815,7109,13924,3085,5619,8704,722,2574,3296,153951,154852,308803
2021-04-19,6600,6228,12828,14688,15128,29816,32428,33489,65917,32723,31047,63770,26149,25288,51437,19668,18723,38391,12615,11185,23800,6890,7171,14061,3101,5642,8743,722,2580,3302,155584,156481,312065
2021-04-20,6674,6290,12964,14834,15275,30109,32709,33798,66507,33059,31397,64456,26456,25578,52034,19895,18909,38804,12771,11318,24089,6949,7237,14186,3121,5678,8799,727,2584,3311,157195,158064,315259
2021-04-21,6720,6335,13055,14981,15432,30413,32980,34112,67092,33385,31708,65093,26760,25851,52611,20097,19106,39203,12914,11454,24368,7017,7304,14321,3150,5709,8859,730,2595,3325,158734,159606,318340
2021-04-22,6781,6392,13173,15124,15600,30724,33201,34345,67546,33677,31990,65667,27009,26090,53099,20275,19287,39562,13031,11572,24603,7078,7365,14443,3168,5735,8903,735,2604,3339,160079,160980,321059
2021-04-23,6844,6443,13287,15263,15757,31020,33462,34599,68061,33988,32282,66270,27265,26383,53648,20450,19473,39923,13148,11674,24822,7122,7435,14557,3184,5759,8943,738,2616,3354,161464,162421,323885
2021-04-24,6878,6476,13354,15360,15852,31212,33630,34783,68413,34180,32489,66669,27489,26599,54088,20612,19602,40214,13246,11748,24994,7156,7477,14633,3194,5786,8980,739,2627,3366,162484,163439,325923
2021-04-25,6923,6506,13429,15441,15938,31379,33780,34957,68737,34377,32685,67062,27672,26787,54459,20774,19735,40509,13329,11833,25162,7192,7515,14707,3205,5805,9010,740,2628,3368,163433,164389,327822
2021-04-26,6989,6546,13535,15540,16072,31612,33993,35206,69199,34678,32939,67617,27917,27051,54968,20968,19898,40866,13446,11938,25384,7240,7586,14826,3219,5830,9049,744,2634,3378,164734,165700,330434
2021-04-27,7047,6611,13658,15667,16205,31872,34203,35448,69651,34950,33228,68178,28133,27309,55442,21121,20069,41190,13562,12037,25599,7309,7651,14960,3244,5855,9099,749,2637,3386,165985,167050,333035
2021-04-28,7126,6657,13783,15817,16337,32154,34416,35657,70073,35216,33486,68702,28359,27560,55919,21293,20249,41542,13686,12145,25831,7369,7699,15068,3258,5879,9137,753,2644,3397,167293,168313,335606
2021-04-29,7172,6709,13881,15955,16480,32435,34646,35895,70541,35446,33769,69215,28581,27779,56360,21448,20409,41857,13795,12256,26051,7420,7757,15177,3274,5897,9171,755,2648,3403,168492,169599,338091
2021-04-30,7244,6770,14014,16078,16608,32686,34848,36146,70994,35679,34040,69719,28818,28000,56818,21618,20573,42191,13905,12392,26297,7475,7819,15294,3291,5915,9206,759,2656,3415,169715,170919,340634
2021-05-01,7286,6800,14086,16160,16686,32846,34990,36303,71293,35849,34221,70070,28971,28167,57138,21733,20687,42420,14006,12474,26480,7510,7861,15371,3298,5937,9235,759,2662,3421,170562,171798,342360
2021-05-02,7315,6832,14147,16239,16764,33003,35108,36452,71560,35998,34399,70397,29138,28332,57470,21852,20819,42671,14091,12556,26647,7547,7904,15451,3309,5955,9264,760,2667,3427,171357,172680,344037
2021-05-03,7388,6888,14276,16358,16905,33263,35341,36707,72048,36298,34692,70990,29401,28604,58005,22044,21023,43067,14233,12672,26905,7594,7965,15559,3335,5986,9321,766,2678,3444,172758,174120,346878
2021-05-04,7437,6955,14392,16478,17033,33511,35582,36915,72497,36563,34949,71512,29621,28812,58433,22223,21182,43405,14359,12765,27124,7638,8015,15653,3353,6008,9361,769,2689,3458,174023,175323,349346
2021-05-05,7489,7011,14500,16591,17139,33730,35799,37120,72919,36800,35188,71988,29811,29025,58836,22372,21349,43721,14453,12857,27310,7671,8067,15738,3368,6032,9400,774,2697,3471,175128,176485,351613
2021-05-06,7534,7059,14593,16677,17240,33917,35978,37339,73317,37000,35386,72386,29983,29208,59191,22513,21473,43986,14547,12943,27490,7711,8112,15823,3375,6054,9429,774,2708,3482,176092,177522,353614
2021-05-07,7578,7115,14693,16808,17360,34168,36152,37548,73700,37212,35605,72817,30155,29389,59544,22653,21619,44272,14643,13047,27690,7755,8154,15909,3394,6074,9468,777,2716,3493,177127,178627,355754
2021-05-08,7614,7138,14752,16881,17442,34323,36301,37693,73994,37383,35766,73149,30295,29569,59864,22775,21735,44510,14716,13111,27827,7790,8187,15977,3405,6092,9497,784,2728,3512,177944,179461,357405
2021-05-09,7648,7177,14825,16950,17515,34465,36424,37810,74234,37522,35933,73455,30435,29717,60152,22869,21820,44689,14792,13182,27974,7820,8218,16038,3415,6108,9523,788,2738,3526,178663,180218,358881
2021-05-10,7701,7237,14938,17095,17653,34748,36651,38069,74720,37798,36208,74006,30682,29963,60645,23069,22028,45097,14910,13309,28219,7884,8274,16158,3437,6148,9585,792,2747,3539,180019,181636,361655
2021-05-11,7762,7291,15053,17223,17754,34977,36857,38320,75177,38065,36471,74536,30923,30210,61133,23236,22189,45425,15010,13407,28417,7932,8318,16250,3448,6177,9625,801,2760,3561,181257,182897,364154
2021-05-12,7820,7354,15174,17328,17866,35194,37091,38547,75638,38326,36729,75055,31158,30430,61588,23407,22367,45774,15115,13496,28611,7979,8368,16347,3465,6209,9674,808,2771,3579,182497,184137,366634
2021-05-13,7889,7383,15272,17434,17976,35410,37280,38746,76026,38551,36949,75500,31359,30632,61991,23566,22547,46113,15191,13577,28768,8020,8414,16434,3479,6232,9711,813,2780,3593,183582,185236,368818
2021-05-14,7960,7447,15407,17564,18126,35690,37502,39004,76506,38817,37263,76080,31624,30878,62502,23751,22721,46472,15284,13694,28978,8073,8476,16549,3498,6254,9752,815,2788,3603,184888,186651,371539
2021-05-15,8025,7488,15513,17672,18258,35930,37671,39178,76849,39016,37455,76471,31824,31075,62899,23899,22862,46761,15370,13762,29132,8102,8522,16624,3514,6276,9790,815,2797,3612,185908,187673,373581
2021-05-16,8059,7534,15593,17748,18339,36087,37816,39348,77164,39209,37656,76865,32027,31278,63305,24043,22972,47015,15450,13835,29285,8141,8562,16703,3524,6288,9812,818,2809,3627,186835,188621,375456
2021-05-17,8150,7598,15748,17913,18515,36428,38121,39659,77780,39559,37987,77546,32342,31624,63966,24275,23223,47498,15585,13954,29539,8205,8636,16841,3558,6328,9886,825,2823,3648,188533,190347,378880
2021-05-18,8235,7671,15906,18080,18657,36737,38413,39973,78386,39908,38299,78207,32596,31907,64503,24489,23445,47934,15702,14072,29774,8269,8691,16960,3578,6360,9938,828,2844,3672,190098,191919,382017
2021-05-19,8313,7747,16060,18251,18824,37075,38717,40307,79024,40217,38607,78824,32916,32195,65111,24690,23635,48325,15829,14171,30000,8316,8756,17072,3599,6393,9992,830,2852,3682,191678,193487,385165
2021-05-20,8381,7807,16188,18403,18980,37383,39004,40637,79641,40516,38911,79427,33166,32468,65634,24873,23796,48669,15926,14280,30206,8377,8814,17191,3617,6440,10057,832,2858,3690,193095,194991,388086
2021-05-21,8447,7876,16323,18554,19128,37682,39246,40916,80162,40779,39206,79985,33421,32722,66143,25073,23994,49067,16022,14374,30396,8416,8864,17280,3637,6472,10109,836,2865,3701,194431,196417,390848
2021-05-22,8496,7907,16403,18638,19234,37872,39408,41093,80501,41016,39409,80425,33589,32899,66488,25219,24144,49363,16108,14452,30560,8446,8907,17353,3650,6506,10156,839,2882,3721,195409,197433,392842
2021-05-23,8524,7942,16466,18731,19348,38079,39589,41251,80840,41212,39610,80822,33780,33061,66841,25372,24277,49649,16193,14500,30693,8480,8944,17424,3669,6527,10196,841,2889,3730,196391,198349,394740
2021-05-24,8581,7976,16557,18852,19489,38341,39823,41487,81310,41500,39883,81383,34064,33345,67409,25565,24463,50028,16307,14585,30892,8518,8991,17509,3690,6555,10245,843,2899,3742,197743,199673,397416
2021-05-25,8629,8022,16651,18966,19591,38557,40039,41726,81765,41777,40143,81920,34339,33595,67934,25726,24632,50358,16397,14654,31051,8553,9037,17590,3706,6588,10294,843,2906,3749,198975,200894,399869
2021-05-26,8688,8094,16782,19116,19731,38847,40322,42031,82353,42108,40443,82551,34624,33886,68510,25944,24827,50771,16511,14772,31283,8611,9101,17712,3728,6628,10356,847,2923,3770,200499,202436,402935
2021-05-27,8760,8155,16915,19241,19873,39114,40574,42299,82873,42414,40741,83155,34896,34158,69054,26150,25012,51162,16617,14867,31484,8661,9151,17812,3749,6664,10413,851,2938,3789,201913,203858,405771
2021-05-28,8824,8209,17033,19401,20013,39414,40811,42558,83369,42661,41047,83708,35157,34396,69553,26340,25184,51524,16705,14970,31675,8700,9194,17894,3765,6706,10471,858,2947,3805,203222,205224,408446
2021-05-29,8880,8261,17141,19497,20114,39611,40970,42747,83717,42856,41243,84099,35322,34587,69909,26457,25330,51787,16784,15046,31830,8740,9237,17977,3782,6722,10504,859,2957,3816,204147,206244,410391
2021-05-30,8910,8290,17200,19577,20192,39769,41111,42906,84017,43003,41397,84400,35481,34749,70230,26543,25435,51978,16833,15095,31928,8763,9268,18031,3795,6742,10537,859,2958,3817,204875,207032,411907
2021-05-31,8968,8351,17319,19696,20322,40018,41320,43124,84444,43239,41658,84897,35677,35005,70682,26705,25602,52307,16916,15188,32104,8812,9322,18134,3816,6767,10583,860,2970,3830,206009,208309,414318
2021-06-01,9013,8404,17417,19798,20436,40234,41523,43335,84858,43461,41856,85317,35865,35220,71085,26850,25735,52585,16995,15262,32257,8849,9372,18221,3829,6796,10625,867,2980,3847,207050,209396,416446
2021-06-02,9054,8446,17500,19901,20523,40424,41671,43509,85180,43640,42046,85686,36015,35387,71402,26966,25849,52815,17065,15333,32398,8887,9417,18304,3845,6825,10670,873,2988,3861,207917,210323,418240
2021-06-03,9105,8492,17597,20002,20630,40632,41849,43694,85543,43826,42239,86065,36166,35549,71715,27077,25983,53060,17125,15391,32516,8926,9458,18384,3856,6849,10705,876,2999,3875,208808,211284,420092
2021-06-04,9161,8549,17710,20101,20750,40851,42011,43875,85886,44025,42419,86444,36327,35708,72035,27185,26120,53305,17180,15459,32639,8960,9495,18455,3866,6874,10740,878,3007,3885,209694,212256,421950
2021-06-05,9197,8588,17785,20169,20823,40992,42130,43985,86115,44171,42547,86718,36460,35846,72306,27283,26203,53486,17236,15507,32743,8981,9527,18508,3882,6908,10790,884,3022,3906,210393,212956,423349
2021-06-06,9237,8622,17859,20235,20885,41120,42231,44103,86334,44298,42669,86967,36605,35971,72576,27356,26286,53642,17276,15549,32825,9008,9553,18561,3891,6930,10821,888,3029,3917,211025,213597,424622
2021-06-07,9279,8666,17945,20340,20980,41320,42420,44285,86705,44486,42883,87369,36783,36172,72955,27493,26428,53921,17348,15602,32950,9044,9603,18647,3921,6953,10874,891,3040,3931,212005,214612,426617
2021-06-08,9326,8719,18045,20454,21066,41520,42591,44421,87012,44625,43060,87685,36944,36340,73284,27612,26538,54150,17401,15664,33065,9077,9639,18716,3936,6977,10913,893,3047,3940,212859,215471,428330
2021-06-09,9374,8759,18133,20548,21165,41713,42743,44567,87310,44800,43219,88019,37107,36484,73591,27732,26647,54379,17459,15712,33171,9114,9662,18776,3964,6993,10957,894,3053,3947,213735,216261,429996
2021-06-10,9421,8811,18232,20647,21284,41931,42921,44753,87674,44979,43395,88374,37286,36651,73937,27852,26762,54614,17518,15768,33286,9149,9697,18846,3976,7012,10988,898,3062,3960,214647,217195,431842
2021-06-11,9471,8850,18321,20737,21369,42106,43088,44905,87993,45139,43557,88696,37417,36822,74239,27957,26867,54824,17578,15828,33406,9179,9732,18911,3991,7041,11032,901,3071,3972,215458,218042,433500
2021-06-12,9508,8883,18391,20793,21430,42223,43174,45004,88178,45245,43669,88914,37520,36925,74445,28027,26930,54957,17609,15865,33474,9204,9752,18956,3997,7051,11048,903,3080,3983,215980,218589,434569
2021-06-13,9549,8923,18472,20844,21503,42347,43273,45108,88381,45344,43790,89134,37628,37020,74648,28101,26996,55097,17646,15904,33550,9226,9776,19002,4009,7074,11083,904,3088,3992,216524,219182,435706
2021-06-14,9601,8977,18578,20931,21608,42539,43440,45270,88710,45546,44022,89568,37810,37165,74975,28206,27079,55285,17702,15974,33676,9256,9819,19075,4021,7105,11126,907,3094,4001,217420,220113,437533
2021-06-15,9646,9010,18656,21022,21685,42707,43574,45417,88991,45706,44159,89865,37941,37316,75257,28300,27173,55473,17761,16023,33784,9288,9861,19149,4033,7130,11163,911,3111,4022,218182,220885,439067
2021-06-16,9687,9051,18738,21084,21767,42851,43711,45554,89265,45843,44312,90155,38083,37449,75532,28380,27246,55626,17808,16074,33882,9317,9877,19194,4040,7139,11179,916,3116,4032,218869,221585,440454
2021-06-17,9720,9084,18804,21168,21842,43010,43825,45669,89494,45986,44455,90441,38211,37602,75813,28461,27324,55785,17863,16134,33997,9355,9917,19272,4055,7166,11221,918,3123,4041,219562,222316,441878
2021-06-18,9757,9127,18884,21237,21914,43151,43938,45797,89735,46120,44577,90697,38309,37715,76024,28538,27398,55936,17903,16178,34081,9382,9951,19333,4057,7184,11241,921,3127,4048,220162,222968,443130
2021-06-19,9793,9161,18954,21288,21968,43256,44006,45870,89876,46222,44677,90899,38384,37808,76192,28600,27450,56050,17931,16212,34143,9405,9977,19382,4064,7195,11259,922,3128,4050,220615,223446,444061
2021-06-20,9812,9177,18989,21340,22015,43355,44067,45949,90016,46315,44764,91079,38459,37886,76345,28660,27498,56158,17950,16235,34185,9415,9989,19404,4070,7203,11273,925,3130,4055,221013,223846,444859
2021-06-21,9845,9210,19055,21404,22070,43474,44160,46039,90199,46423,44911,91334,38561,37975,76536,28713,27567,56280,17989,16269,34258,9434,10009,19443,4074,7214,11288,926,3135,4061,221529,224399,445928
2021-06-22,9896,9266,19162,21499,22165,43664,44286,46200,90486,46603,45105,91708,38719,38140,76859,28803,27645,56448,18051,16326,34377,9463,10038,19501,4086,7227,11313,926,3139,4065,222332,225251,447583
2021-06-23,9946,9307,19253,21581,22248,43829,44422,46330,90752,46734,45245,91979,38859,38264,77123,28886,27720,56606,18107,16363,34470,9488,10062,19550,4094,7235,11329,926,3142,4068,223043,225916,448959
2021-06-24,9992,9342,19334,21659,22336,43995,44550,46479,91029,46906,45423,92329,38987,38402,77389,28977,27817,56794,18150,16412,34562,9513,10102,19615,4103,7251,11354,931,3145,4076,223768,226709,450477
2021-06-25,10042,9392,19434,21764,22425,44189,44672,46660,91332,47074,45590,92664,39108,38538,77646,29064,27901,56965,18202,16477,34679,9534,10140,19674,4110,7271,11381,933,3151,4084,224503,227545,452048
2021-06-26,10074,9426,19500,21832,22487,44319,44755,46758,91513,47194,45681,92875,39205,38633,77838,29123,27973,57096,18235,16503,34738,9555,10159,19714,4116,7284,11400,934,3158,4092,225023,228062,453085
2021-06-27,10104,9455,19559,21877,22546,44423,44835,46840,91675,47282,45770,93052,39290,38719,78009,29164,28013,57177,18266,16532,34798,9566,10176,19742,4118,7292,11410,935,3161,4096,225437,228504,453941
2021-06-28,10149,9505,19654,21947,22621,44568,44947,46953,91900,47411,45917,93328,39411,38845,78256,29219,28077,57296,18320,16568,34888,9589,10197,19786,4125,7305,11430,935,3167,4102,226053,229155,455208
2021-06-29,10181,9549,19730,22023,22687,44710,45044,47062,92106,47543,46032,93575,39507,38966,78473,29281,28136,57417,18353,16614,34967,9612,10224,19836,4133,7319,11452,937,3173,4110,226614,229762,456376
2021-06-30,10217,9592,19809,22110,22761,44871,45145,47180,92325,47669,46155,93824,39593,39080,78673,29344,28195,57539,18383,16652,35035,9635,10255,19890,4142,7330,11472,939,3175,4114,227177,230375,457552
2021-07-01,10248,9617,19865,22190,22835,45025,45261,47309,92570,47784,46277,94061,39686,39176,78862,29415,28277,57692,18421,16694,35115,9657,10275,19932,4148,7340,11488,939,3178,4117,227749,230978,458727
2021-07-02,10289,9653,19942,22267,22909,45176,45350,47410,92760,47906,46408,94314,39802,39271,79073,29477,28335,57812,18452,16731,35183,9677,10301,19978,4153,7348,11501,939,3182,4121,228312,231548,459860
2021-07-03,10320,9676,19996,22318,22962,45280,45419,47494,92913,47986,46494,94480,39891,39333,79224,29518,28384,57902,18483,16763,35246,9688,10313,20001,4158,7354,11512,939,3185,4124,228720,231958,460678
2021-07-04,10344,9689,20033,22348,23008,45356,45501,47548,93049,48069,46556,94625,39952,39390,79342,29559,28430,57989,18508,16784,35292,9706,10327,20033,4162,7359,11521,939,3189,4128,229088,232280,461368
2021-07-05,10387,9721,20108,22417,23079,45496,45609,47652,93261,48221,46674,94895,40058,39497,79555,29621,28495,58116,18548,16827,35375,9736,10353,20089,4169,7368,11537,941,3191,4132,229707,232857,462564
2021-07-06,10427,9759,20186,22485,23129,45614,45710,47765,93475,48344,46779,95123,40162,39602,79764,29674,28530,58204,18583,16865,35448,9764,10374,20138,4177,7378,11555,945,3192,4137,230271,233373,463644
2021-07-07,10465,9792,20257,22547,23199,45746,45820,47861,93681,48455,46888,95343,40247,39689,79936,29725,28578,58303,18608,16889,35497,9783,10396,20179,4191,7383,11574,946,3192,4138,230787,233867,464654
2021-07-08,10502,9825,20327,22624,23269,45893,45940,47983,93923,48580,47029,95609,40355,39780,80135,29774,28656,58430,18642,16920,35562,9800,10414,20214,4194,7390,11584,948,3195,4143,231359,234461,465820
2021-07-09,10531,9844,20375,22688,23324,46012,46026,48068,94094,48660,47111,95771,40425,39859,80284,29809,28703,58512,18662,16943,35605,9814,10428,20242,4196,7394,11590,949,3196,4145,231760,234870,466630
2021-07-10,10557,9864,20421,22732,23375,46107,46106,48157,94263,48735,47195,95930,40509,39939,80448,29858,28758,58616,18687,16976,35663,9839,10453,20292,4199,7404,11603,951,3198,4149,232173,235319,467492
2021-07-11,10573,9889,20462,22782,23422,46204,46164,48233,94397,48817,47278,96095,40573,40003,80576,29896,28790,58686,18711,16998,35709,9849,10466,20315,4201,7408,11609,951,3198,4149,232517,235685,468202
2021-07-12,10609,9922,20531,22845,23485,46330,46270,48348,94618,48938,47395,96333,40671,40105,80776,29964,28857,58821,18750,17031,35781,9881,10492,20373,4206,7417,11623,951,3200,4151,233085,236252,469337
2021-07-13,10642,9960,20602,22908,23541,46449,46374,48450,94824,49018,47490,96508,40748,40195,80943,30015,28894,58909,18784,17056,35840,9897,10512,20409,4214,7428,11642,952,3207,4159,233552,236733,470285
2021-07-14,10675,9984,20659,22975,23600,46575,46486,48566,95052,49109,47594,96703,40818,40280,81098,30066,28949,59015,18815,17086,35901,9918,10527,20445,4215,7438,11653,952,3211,4163,234029,237235,471264
2021-07-15,10701,10004,20705,23050,23669,46719,46605,48684,95289,49214,47682,96896,40903,40363,81266,30108,28999,59107,18842,17120,35962,9931,10547,20478,4219,7441,11660,953,3213,4166,234526,237722,472248
2021-07-16,10737,10025,20762,23110,23727,46837,46702,48789,95491,49310,47788,97098,40972,40445,81417,30141,29053,59194,18875,17155,36030,9953,10577,20530,4221,7455,11676,954,3214,4168,234975,238228,473203
2021-07-17,10768,10041,20809,23158,23778,46936,46789,48863,95652,49383,47855,97238,41020,40515,81535,30183,29089,59272,18892,17174,36066,9966,10593,20559,4227,7456,11683,955,3215,4170,235341,238579,473920
2021-07-18,10779,10054,20833,23192,23817,47009,46848,48920,95768,49432,47914,97346,41067,40559,81626,30200,29115,59315,18909,17187,36096,9974,10603,20577,4236,7462,11698,955,3215,4170,235592,238846,474438
2021-07-19,10796,10079,20875,23248,23868,47116,46942,49023,95965,49526,48004,97530,41148,40635,81783,30243,29161,59404,18933,17212,36145,9985,10621,20606,4240,7468,11708,957,3218,4175,236018,239289,475307
2021-07-20,10820,10109,20929,23296,23907,47203,47011,49119,96130,49602,48083,97685,41218,40698,81916,30280,29197,59477,18957,17230,36187,9997,10631,20628,4244,7474,11718,957,3219,4176,236382,239667,476049
2021-07-21,10847,10125,20972,23343,23975,47318,47099,49202,96301,49677,48155,97832,41264,40778,82042,30327,29242,59569,18980,17253,36233,10007,10646,20653,4247,7477,11724,959,3219,4178,236750,240072,476822
2021-07-22,10864,10142,21006,23400,24029,47429,47187,49280,96467,49760,48248,98008,41326,40836,82162,30365,29291,59656,19025,17272,36297,10024,10656,20680,4250,7484,11734,961,3219,4180,237162,240457,477619
2021-07-23,10880,10160,21040,23461,24091,47552,47288,49373,96661,49840,48326,98166,41390,40906,82296,30404,29324,59728,19056,17304,36360,10035,10672,20707,4252,7492,11744,962,3220,4182,237568,240868,478436
2021-07-24,10893,10170,21063,23505,24137,47642,47356,49429,96785,49900,48387,98287,41438,40962,82400,30431,29361,59792,19081,17321,36402,10046,10679,20725,4254,7495,11749,962,3221,4183,237866,241162,479028
2021-07-25,10902,10182,21084,23539,24179,47718,47411,49493,96904,49962,48442,98404,41480,41005,82485,30457,29388,59845,19104,17328,36432,10056,10690,20746,4256,7501,11757,962,3224,4186,238129,241432,479561
2021-07-26,10924,10199,21123,23601,24240,47841,47521,49608,97129,50055,48523,98578,41542,41078,82620,30501,29434,59935,19132,17355,36487,10076,10710,20786,4260,7511,11771,962,3225,4187,238574,241883,480457
2021-07-27,10944,10212,21156,23647,24293,47940,47603,49710,97313,50139,48606,98745,41604,41133,82737,30539,29473,60012,19154,17374,36528,10086,10722,20808,4261,7515,11776,963,3226,4189,238940,242264,481204
2021-07-28,10957,10230,21187,23696,24343,48039,47661,49792,97453,50202,48675,98877,41650,41188,82838,30566,29504,60070,19170,17399,36569,10096,10732,20828,4263,7517,11780,963,3228,4191,239224,242608,481832
2021-07-29,10984,10242,21226,23746,24385,48131,47745,49863,97608,50263,48754,99017,41691,41245,82936,30597,29539,60136,19192,17421,36613,10102,10741,20843,4267,7525,11792,965,3230,4195,239552,242945,482497
2021-07-30,11010,10261,21271,23801,24445,48246,47816,49941,97757,50318,48829,99147,41754,41309,83063,30638,29574,60212,19219,17450,36669,10111,10757,20868,4270,7537,11807,967,3232,4199,239904,243335,483239
2021-07-31,11024,10284,21308,23836,24490,48326,47870,49996,97866,50359,48898,99257,41796,41352,83148,30678,29610,60288,19232,17463,36695,10127,10765,20892,4271,7540,11811,967,3233,4200,240160,243631,483791
2021-08-01,11041,10297,21338,23868,24528,48396,47911,50041,97952,50409,48951,99360,41847,41409,83256,30707,29648,60355,19254,17478,36732,10135,10775,20910,4275,7545,11820,968,3233,4201,240415,243905,484320
2021-08-02,11068,10322,21390,23947,24614,48561,47995,50132,98127,50468,49020,99488,41913,41493,83406,30767,29699,60466,19282,17504,36786,10147,10798,20945,4277,7551,11828,969,3236,4205,240833,244369,485202
2021-08-03,11086,10338,21424,24011,24696,48707,48084,50194,98278,50543,49086,99629,41984,41562,83546,30803,29734,60537,19306,17528,36834,10162,10818,20980,4281,7554,11835,969,3238,4207,241229,244748,485977
2021-08-04,11112,10349,21461,24060,24744,48804,48173,50270,98443,50604,49164,99768,42024,41621,83645,30842,29773,60615,19322,17548,36870,10179,10830,21009,4287,7556,11843,971,3239,4210,241574,245094,486668
2021-08-05,11131,10365,21496,24130,24825,48955,48248,50353,98601,50679,49232,99911,42079,41677,83756,30887,29813,60700,19345,17569,36914,10187,10847,21034,4292,7563,11855,974,3244,4218,241952,245488,487440
2021-08-06,11147,10393,21540,24190,24906,49096,48315,50446,98761,50750,49294,100044,42140,41750,83890,30929,29858,60787,19373,17593,36966,10204,10863,21067,4295,7568,11863,974,3244,4218,242317,245915,488232
2021-08-07,11162,10408,21570,24227,24942,49169,48358,50508,98866,50791,49336,100127,42176,41793,83969,30959,29883,60842,19383,17615,36998,10212,10870,21082,4295,7571,11866,975,3244,4219,242538,246170,488708
2021-08-08,11173,10431,21604,24258,24977,49235,48400,50550,98950,50833,49382,100215,42216,41831,84047,30981,29912,60893,19397,17630,37027,10215,10879,21094,4295,7572,11867,975,3244,4219,242743,246408,489151
2021-08-09,11186,10458,21644,24306,25028,49334,48462,50611,99073,50890,49430,100320,42253,41870,84123,31023,29942,60965,19417,17649,37066,10224,10892,21116,4297,7575,11872,975,3244,4219,243033,246699,489732
2021-08-10,11216,10479,21695,24354,25092,49446,48518,50666,99184,50937,49493,100430,42289,41914,84203,31059,29973,61032,19439,17679,37118,10234,10901,21135,4301,7577,11878,975,3245,4220,243322,247019,490341
2021-08-11,11237,10501,21738,24403,25151,49554,48586,50732,99318,50981,49543,100524,42325,41956,84281,31083,30026,61109,19457,17697,37154,10247,10912,21159,4302,7583,11885,975,3246,4221,243596,247347,490943
2021-08-12,11258,10522,21780,24458,25212,49670,48643,50779,99422,51030,49597,100627,42366,41989,84355,31105,30050,61155,19469,17720,37189,10255,10929,21184,4304,7591,11895,975,3246,4221,243863,247635,491498
2021-08-13,11279,10552,21831,24511,25265,49776,48684,50820,99504,51076,49642,100718,42404,42032,84436,31128,30077,61205,19482,17734,37216,10259,10937,21196,4307,7599,11906,976,3249,4225,244106,247907,492013
2021-08-14,11293,10564,21857,24547,25299,49846,48708,50852,99560,51119,49693,100812,42420,42061,84481,31153,30096,61249,19498,17741,37239,10269,10944,21213,4308,7601,11909,976,3249,4225,244291,248100,492391
2021-08-15,11310,10573,21883,24567,25332,49899,48727,50885,99612,51150,49721,100871,42445,42084,84529,31181,30116,61297,19509,17747,37256,10278,10947,21225,4308,7602,11910,977,3249,4226,244452,248256,492708
2021-08-16,11329,10583,21912,24604,25369,49973,48756,50925,99681,51178,49760,100938,42478,42120,84598,31201,30131,61332,19514,17760,37274,10280,10954,21234,4311,7604,11915,977,3249,4226,244628,248455,493083
2021-08-17,11348,10601,21949,24672,25415,50087,48811,50972,99783,51224,49803,101027,42534,42168,84702,31220,30149,61369,19530,17776,37306,10287,10967,21254,4315,7609,11924,977,3250,4227,244918,248710,493628
2021-08-18,11373,10624,21997,24731,25452,50183,48864,51014,99878,51272,49857,101129,42563,42210,84773,31251,30176,61427,19549,17794,37343,10293,10977,21270,4316,7612,11928,977,3250,4227,245189,248966,494155
2021-08-19,11394,10638,22032,24787,25499,50286,48909,51049,99958,51311,49894,101205,42593,42252,84845,31265,30201,61466,19568,17807,37375,10298,10982,21280,4317,7616,11933,977,3250,4227,245419,249188,494607
2021-08-20,11424,10659,22083,24832,25556,50388,48945,51089,100034,51346,49938,101284,42624,42305,84929,31288,30222,61510,19585,17830,37415,10309,10994,21303,4320,7625,11945,978,3251,4229,245651,249469,495120
2021-08-21,11432,10668,22100,24865,25584,50449,48972,51125,100097,51369,49968,101337,42650,42340,84990,31304,30242,61546,19590,17834,37424,10313,11002,21315,4321,7626,11947,978,3252,4230,245794,249641,495435
2021-08-22,11448,10686,22134,24887,25610,50497,48998,51151,100149,51391,49990,101381,42674,42368,85042,31316,30259,61575,19598,17839,37437,10319,11007,21326,4323,7629,11952,978,3255,4233,245932,249794,495726
2021-08-23,11465,10702,22167,24919,25641,50560,49031,51182,100213,51433,50025,101458,42701,42402,85103,31334,30273,61607,19608,17853,37461,10329,11009,21338,4324,7631,11955,980,3255,4235,246124,249973,496097
2021-08-24,11481,10719,22200,24960,25675,50635,49060,51212,100272,51465,50068,101533,42726,42430,85156,31352,30293,61645,19615,17860,37475,10337,11018,21355,4327,7634,11961,980,3257,4237,246303,250166,496469
2021-08-25,11494,10735,22229,25002,25700,50702,49094,51237,100331,51491,50097,101588,42750,42475,85225,31368,30318,61686,19622,17867,37489,10340,11026,21366,4328,7638,11966,981,3257,4238,246470,250350,496820
2021-08-26,11512,10758,22270,25039,25730,50769,49124,51283,100407,51516,50130,101646,42777,42498,85275,31384,30332,61716,19636,17870,37506,10346,11030,21376,4330,7642,11972,982,3258,4240,246646,250531,497177
2021-08-27,11528,10773,22301,25083,25769,50852,49158,51315,100473,51539,50154,101693,42799,42526,85325,31399,30347,61746,19643,17877,37520,10347,11037,21384,4330,7652,11982,983,3260,4243,246809,250710,497519
2021-08-28,11539,10782,22321,25105,25793,50898,49180,51343,100523,51553,50172,101725,42817,42544,85361,31416,30363,61779,19653,17883,37536,10353,11037,21390,4331,7652,11983,983,3260,4243,246930,250829,497759
2021-08-29,11546,10796,22342,25139,25821,50960,49202,51367,100569,51579,50192,101771,42832,42560,85392,31425,30374,61799,19654,17889,37543,10354,11042,21396,4331,7652,11983,983,3260,4243,247045,250953,497998
2021-08-30,11558,10811,22369,25170,25868,51038,49233,51397,100630,51604,50220,101824,42852,42595,85447,31437,30387,61824,19659,17900,37559,10359,11045,21404,4331,7654,11985,983,3263,4246,247186,251140,498326
2021-08-31,11569,10820,22389,25211,25895,51106,49255,51430,100685,51639,50238,101877,42877,42629,85506,31449,30404,61853,19672,17907,37579,10363,11054,21417,4335,7657,11992,983,3265,4248,247353,251299,498652
2021-09-01,11583,10839,22422,25252,25924,51176,49280,51461,100741,51665,50265,101930,42899,42663,85562,31461,30421,61882,19673,17918,37591,10368,11061,21429,4335,7659,11994,983,3267,4250,247499,251478,498977
2021-09-02,11592,10854,22446,25277,25961,51238,49306,51491,100797,51691,50289,101980,42922,42688,85610,31476,30433,61909,19678,17923,37601,10370,11066,21436,4336,7664,12000,983,3267,4250,247631,251636,499267
2021-09-03,11606,10875,22481,25314,25992,51306,49330,51513,100843,51710,50316,102026,42942,42719,85661,31493,30451,61944,19690,17932,37622,10377,11074,21451,4337,7667,12004,983,3270,4253,247782,251809,499591
2021-09-04,11612,10884,22496,25327,26004,51331,49339,51530,100869,51726,50326,102052,42948,42735,85683,31496,30463,61959,19693,17934,37627,10379,11078,21457,4338,7672,12010,983,3270,4253,247841,251896,499737
2021-09-05,11627,10899,22526,25349,26016,51365,49349,51541,100890,51741,50339,102080,42967,42746,85713,31503,30470,61973,19697,17936,37633,10380,11081,21461,4340,7673,12013,983,3270,4253,247936,251971,499907
2021-09-06,11645,10911,22556,25372,26037,51409,49368,51560,100928,51766,50363,102129,42994,42765,85759,31513,30484,61997,19703,17942,37645,10385,11083,21468,4340,7674,12014,983,3270,4253,248069,252089,500158
2021-09-07,11657,10924,22581,25389,26058,51447,49382,51581,100963,51788,50388,102176,43013,42779,85792,31521,30492,62013,19712,17946,37658,10386,11086,21472,4342,7676,12018,983,3270,4253,248173,252200,500373
2021-09-08,11674,10938,22612,25411,26078,51489,49393,51599,100992,51804,50407,102211,43031,42797,85828,31529,30495,62024,19717,17948,37665,10389,11091,21480,4342,7677,12019,983,3271,4254,248273,252301,500574
2021-09-09,11687,10948,22635,25430,26094,51524,49405,51619,101024,51824,50425,102249,43046,42815,85861,31544,30509,62053,19721,17950,37671,10391,11096,21487,4343,7678,12021,983,3271,4254,248374,252405,500779
2021-09-10,11709,10962,22671,25448,26116,51564,49418,51631,101049,51857,50450,102307,43068,42834,85902,31555,30525,62080,19726,17953,37679,10393,11098,21491,4344,7679,12023,983,3271,4254,248501,252519,501020
2021-09-11,11717,10969,22686,25462,26127,51589,49432,51641,101073,51870,50468,102338,43081,42851,85932,31562,30532,62094,19732,17957,37689,10393,11099,21492,4344,7679,12023,983,3271,4254,248576,252594,501170
2021-09-12,11725,10983,22708,25474,26145,51619,49442,51653,101095,51880,50480,102360,43091,42861,85952,31565,30542,62107,19736,17958,37694,10393,11100,21493,4347,7680,12027,983,3271,4254,248636,252673,501309
2021-09-13,11748,10999,22747,25498,26162,51660,49456,51669,101125,51898,50497,102395,43105,42879,85984,31572,30552,62124,19740,17968,37708,10397,11102,21499,4348,7684,12032,983,3272,4255,248745,252784,501529
2021-09-14,11763,11013,22776,25514,26183,51697,49466,51681,101147,51912,50513,102425,43121,42897,86018,31581,30562,62143,19743,17970,37713,10403,11109,21512,4348,7684,12032,983,3272,4255,248834,252884,501718
2021-09-15,11773,11031,22804,25533,26204,51737,49479,51685,101164,51929,50529,102458,43135,42917,86052,31587,30571,62158,19748,17975,37723,10407,11116,21523,4348,7684,12032,983,3272,4255,248922,252984,501906
2021-09-16,11788,11046,22834,25555,26227,51782,49493,51696,101189,51943,50542,102485,43145,42933,86078,31592,30578,62170,19753,17979,37732,10411,11120,21531,4350,7684,12034,983,3272,4255,249013,253077,502090
2021-09-17,11800,11062,22862,25567,26240,51807,49506,51708,101214,51957,50562,102519,43162,42950,86112,31602,30592,62194,19755,17984,37739,10416,11124,21540,4351,7684,12035,983,3272,4255,249099,253178,502277
2021-09-18,11812,11070,22882,25576,26247,51823,49512,51714,101226,51964,50572,102536,43169,42959,86128,31608,30595,62203,19758,17985,37743,10416,11126,21542,4352,7684,12036,983,3273,4256,249150,253225,502375
2021-09-19,11826,11076,22902,25581,26255,51836,49516,51722,101238,51971,50579,102550,43178,42970,86148,31611,30600,62211,19760,17987,37747,10419,11127,21546,4352,7685,12037,983,3273,4256,249197,253274,502471
2021-09-20,11835,11085,22920,25600,26262,51862,49523,51729,101252,51980,50592,102572,43188,42980,86168,31616,30610,62226,19767,17991,37758,10419,11127,21546,4353,7686,12039,983,3273,4256,249264,253335,502599
2021-09-21,11843,11094,22937,25617,26275,51892,49530,51738,101268,52000,50606,102606,43200,42990,86190,31622,30616,62238,19771,17993,37764,10423,11129,21552,4353,7688,12041,983,3273,4256,249342,253402,502744
2021-09-22,11855,11100,22955,25629,26286,51915,49540,51744,101284,52014,50617,102631,43212,43005,86217,31624,30623,62247,19775,17994,37769,10425,11131,21556,4353,7689,12042,983,3273,4256,249410,253462,502872
2021-09-23,11861,11104,22965,25641,26298,51939,49549,51757,101306,52026,50639,102665,43221,43012,86233,31635,30629,62264,19782,18002,37784,10425,11136,21561,4354,7692,12046,983,3273,4256,249477,253542,503019
2021-09-24,11873,11112,22985,25654,26308,51962,49557,51766,101323,52043,50659,102702,43236,43024,86260,31645,30640,62285,19786,18005,37791,10426,11141,21567,4356,7693,12049,984,3273,4257,249560,253621,503181
2021-09-25,11880,11119,22999,25665,26320,51985,49561,51773,101334,52050,50664,102714,43240,43038,86278,31649,30646,62295,19787,18008,37795,10429,11143,21572,4357,7693,12050,984,3273,4257,249602,253677,503279
2021-09-26,11890,11123,23013,25672,26328,52000,49565,51780,101345,52054,50671,102725,43246,43049,86295,31652,30650,62302,19788,18008,37796,10429,11145,21574,4357,7693,12050,984,3274,4258,249637,253721,503358
2021-09-27,11896,11127,23023,25683,26347,52030,49572,51792,101364,52072,50687,102759,43253,43056,86309,31657,30654,62311,19790,18015,37805,10429,11145,21574,4357,7694,12051,984,3274,4258,249693,253791,503484
2021-09-28,11907,11133,23040,25697,26356,52053,49575,51803,101378,52081,50701,102782,43260,43066,86326,31662,30657,62319,19794,18017,37811,10430,11145,21575,4357,7696,12053,984,3274,4258,249747,253848,503595
2021-09-29,11908,11137,23045,25707,26373,52080,49583,51811,101394,52094,50714,102808,43266,43080,86346,31667,30662,62329,19797,18019,37816,10432,11146,21578,4358,7697,12055,984,3274,4258,249796,253913,503709
2021-09-30,11910,11141,23051,25719,26380,52099,49591,51820,101411,52101,50726,102827,43274,43086,86360,31672,30663,62335,19799,18021,37820,10434,11147,21581,4358,7698,12056,984,3274,4258,249842,253956,503798
2021-10-01,11917,11147,23064,25730,26396,52126,49603,51829,101432,52110,50740,102850,43284,43101,86385,31676,30672,62348,19802,18028,37830,10436,11152,21588,4358,7699,12057,984,3274,4258,249900,254038,503938
2021-10-02,11924,11150,23074,25736,26402,52138,49606,51840,101446,52116,50753,102869,43289,43111,86400,31680,30674,62354,19803,18030,37833,10437,11155,21592,4358,7700,12058,984,3274,4258,249933,254089,504022
2021-10-03,11925,11151,23076,25737,26410,52147,49615,51845,101460,52126,50767,102893,43292,43119,86411,31683,30676,62359,19804,18031,37835,10437,11155,21592,4358,7700,12058,984,3274,4258,249961,254128,504089
2021-10-04,11930,11155,23085,25746,26419,52165,49621,51856,101477,52135,50779,102914,43308,43128,86436,31685,30683,62368,19808,18032,37840,10438,11157,21595,4358,7701,12059,984,3274,4258,250013,254184,504197
2021-10-05,11936,11157,23093,25762,26436,52198,49628,51867,101495,52149,50791,102940,43316,43142,86458,31696,30689,62385,19813,18036,37849,10439,11159,21598,4358,7701,12059,984,3274,4258,250081,254252,504333
2021-10-06,11941,11164,23105,25780,26464,52244,49637,51873,101510,52161,50810,102971,43329,43153,86482,31701,30695,62396,19817,18041,37858,10444,11163,21607,4358,7704,12062,984,3274,4258,250152,254341,504493
2021-10-07,11948,11169,23117,25789,26470,52259,49648,51880,101528,52172,50821,102993,43335,43167,86502,31706,30703,62409,19822,18044,37866,10446,11165,21611,4358,7704,12062,984,3274,4258,250208,254397,504605
2021-10-08,11953,11175,23128,25799,26477,52276,49659,51890,101549,52185,50823,103008,43338,43172,86510,31708,30704,62412,19822,18046,37868,10447,11166,21613,4359,7704,12063,984,3274,4258,250254,254431,504685
2021-10-09,11955,11175,23130,25801,26482,52283,49663,51895,101558,52190,50829,103019,43346,43184,86530,31712,30708,62420,19825,18049,37874,10448,11168,21616,4360,7705,12065,985,3274,4259,250285,254469,504754
2021-10-10,11968,11177,23145,25810,26488,52298,49668,51899,101567,52197,50841,103038,43354,43191,86545,31717,30716,62433,19828,18050,37878,10450,11171,21621,4360,7705,12065,985,3275,4260,250337,254513,504850
2021-10-11,11973,11181,23154,25820,26501,52321,49678,51913,101591,52205,50847,103052,43358,43204,86562,31729,30720,62449,19831,18052,37883,10450,11171,21621,4360,7707,12067,986,3275,4261,250390,254571,504961
2021-10-12,11983,11193,23176,25835,26517,52352,49691,51930,101621,52218,50874,103092,43374,43223,86597,31740,30727,62467,19835,18056,37891,10458,11173,21631,4362,7707,12069,986,3275,4261,250482,254675,505157
2021-10-13,11989,11203,23192,25851,26534,52385,49708,51947,101655,52231,50893,103124,43392,43233,86625,31744,30733,62477,19840,18059,37899,10460,11176,21636,4362,7707,12069,986,3275,4261,250563,254760,505323
2021-10-14,11996,11208,23204,25869,26550,52419,49727,51964,101691,52250,50919,103169,43410,43250,86660,31757,30741,62498,19849,18070,37919,10462,11186,21648,4362,7708,12070,986,3275,4261,250668,254871,505539
2021-10-15,12001,11210,23211,25881,26560,52441,49735,51980,101715,52268,50943,103211,43423,43267,86690,31767,30747,62514,19851,18076,37927,10465,11188,21653,4362,7709,12071,986,3275,4261,250739,254955,505694
2021-10-16,12006,11215,23221,25890,26570,52460,49748,51993,101741,52277,50960,103237,43432,43278,86710,31771,30752,62523,19852,18079,37931,10467,11188,21655,4364,7709,12073,986,3275,4261,250793,255019,505812
2021-10-17,12012,11218,23230,25894,26577,52471,49755,51997,101752,52286,50968,103254,43441,43283,86724,31775,30754,62529,19854,18081,37935,10469,11188,21657,4365,7710,12075,986,3275,4261,250837,255051,505888
2021-10-18,12021,11226,23247,25918,26590,52508,49763,52005,101768,52298,50982,103280,43451,43295,86746,31780,30761,62541,19858,18091,37949,10471,11188,21659,4366,7710,12076,986,3275,4261,250912,255123,506035
2021-10-19,12028,11237,23265,25934,26611,52545,49781,52012,101793,52306,50992,103298,43459,43307,86766,31787,30769,62556,19863,18104,37967,10473,11191,21664,4367,7713,12080,987,3275,4262,250985,255211,506196
2021-10-20,12035,11246,23281,25960,26644,52604,49800,52036,101836,52323,51018,103341,43469,43321,86790,31794,30780,62574,19870,18114,37984,10473,11194,21667,4367,7715,12082,987,3275,4262,251078,255343,506421
2021-10-21,12042,11258,23300,25998,26688,52686,49813,52058,101871,52340,51049,103389,43485,43340,86825,31805,30792,62597,19875,18122,37997,10478,11198,21676,4368,7715,12083,987,3275,4262,251191,255495,506686
2021-10-22,12057,11273,23330,26030,26719,52749,49823,52079,101902,52356,51068,103424,43498,43366,86864,31818,30802,62620,19880,18129,38009,10486,11202,21688,4368,7719,12087,988,3276,4264,251304,255633,506937
2021-10-23,12069,11279,23348,26048,26733,52781,49838,52094,101932,52369,51080,103449,43507,43385,86892,31826,30806,62632,19880,18129,38009,10486,11202,21688,4368,7722,12090,988,3276,4264,251379,255706,507085
2021-10-24,12080,11291,23371,26059,26741,52800,49847,52099,101946,52382,51085,103467,43519,43401,86920,31831,30813,62644,19883,18133,38016,10487,11206,21693,4368,7722,12090,988,3276,4264,251444,255767,507211
2021-10-25,12094,11307,23401,26073,26765,52838,49860,52119,101979,52393,51097,103490,43531,43423,86954,31840,30822,62662,19887,18137,38024,10489,11210,21699,4370,7724,12094,988,3278,4266,251525,255882,507407
2021-10-26,12114,11318,23432,26089,26784,52873,49874,52134,102008,52411,51114,103525,43543,43448,86991,31853,30830,62683,19893,18141,38034,10493,11212,21705,4371,7724,12095,988,3278,4266,251629,255983,507612
2021-10-27,12123,11326,23449,26111,26803,52914,49899,52148,102047,52420,51138,103558,43562,43464,87026,31861,30838,62699,19895,18153,38048,10496,11218,21714,4372,7724,12096,989,3278,4267,251728,256090,507818
2021-10-28,12145,11336,23481,26130,26817,52947,49918,52166,102084,52430,51153,103583,43574,43482,87056,31869,30850,62719,19901,18160,38061,10498,11220,21718,4373,7727,12100,989,3280,4269,251827,256191,508018
2021-10-29,12159,11360,23519,26154,26838,52992,49933,52183,102116,52449,51169,103618,43583,43495,87078,31880,30858,62738,19904,18165,38069,10501,11222,21723,4373,7728,12101,989,3280,4269,251925,256298,508223
2021-10-30,12168,11373,23541,26173,26850,53023,49943,52194,102137,52464,51184,103648,43592,43509,87101,31891,30866,62757,19907,18167,38074,10501,11225,21726,4374,7730,12104,989,3280,4269,252002,256378,508380
2021-10-31,12174,11382,23556,26182,26860,53042,49955,52205,102160,52474,51191,103665,43606,43525,87131,31899,30874,62773,19909,18170,38079,10501,11225,21726,4374,7732,12106,989,3281,4270,252063,256445,508508
2021-11-01,12185,11396,23581,26195,26876,53071,49964,52220,102184,52493,51210,103703,43617,43541,87158,31906,30878,62784,19912,18177,38089,10501,11229,21730,4375,7736,12111,989,3281,4270,252137,256544,508681
2021-11-02,12203,11410,23613,26204,26892,53096,49977,52238,102215,52503,51222,103725,43629,43551,87180,31911,30886,62797,19916,18180,38096,10504,11234,21738,4376,7737,12113,989,3281,4270,252212,256631,508843
2021-11-03,12215,11431,23646,26218,26902,53120,49993,52265,102258,52520,51254,103774,43648,43565,87213,31918,30894,62812,19918,18181,38099,10505,11237,21742,4376,7737,12113,989,3282,4271,252300,256748,509048
2021-11-04,12231,11441,23672,26231,26915,53146,50017,52284,102301,52549,51277,103826,43664,43586,87250,31927,30902,62829,19923,18184,38107,10509,11243,21752,4376,7738,12114,990,3282,4272,252417,256852,509269
2021-11-05,12243,11458,23701,26247,26935,53182,50029,52298,102327,52567,51291,103858,43675,43610,87285,31934,30904,62838,19927,18188,38115,10512,11245,21757,4376,7738,12114,990,3282,4272,252500,256949,509449
2021-11-06,12259,11481,23740,26256,26944,53200,50047,52316,102363,52580,51313,103893,43692,43628,87320,31943,30916,62859,19932,18192,38124,10515,11246,21761,4378,7738,12116,990,3282,4272,252592,257056,509648
2021-11-07,12267,11490,23757,26259,26955,53214,50059,52321,102380,52594,51331,103925,43707,43643,87350,31953,30923,62876,19934,18192,38126,10515,11248,21763,4379,7739,12118,990,3282,4272,252657,257124,509781
2021-11-08,12282,11503,23785,26272,26971,53243,50075,52338,102413,52621,51352,103973,43722,43668,87390,31961,30933,62894,19939,18198,38137,10519,11253,21772,4379,7743,12122,990,3282,4272,252760,257241,510001
2021-11-09,12303,11520,23823,26289,26986,53275,50087,52371,102458,52637,51376,104013,43737,43685,87422,31970,30946,62916,19946,18204,38150,10522,11257,21779,4380,7743,12123,991,3282,4273,252862,257370,510232
2021-11-10,12329,11541,23870,26303,26998,53301,50111,52409,102520,52652,51403,104055,43758,43708,87466,31981,30958,62939,19950,18210,38160,10526,11259,21785,4381,7744,12125,992,3283,4275,252983,257513,510496
2021-11-11,12343,11556,23899,26319,27014,53333,50132,52434,102566,52682,51425,104107,43778,43730,87508,31989,30966,62955,19953,18214,38167,10529,11267,21796,4381,7744,12125,992,3283,4275,253098,257633,510731
2021-11-12,12360,11572,23932,26329,27030,53359,50150,52469,102619,52700,51446,104146,43806,43750,87556,31999,30978,62977,19961,18222,38183,10532,11272,21804,4381,7746,12127,992,3285,4277,253210,257770,510980
2021-11-13,12374,11586,23960,26341,27043,53384,50165,52493,102658,52715,51464,104179,43825,43768,87593,32012,30986,62998,19962,18227,38189,10535,11274,21809,4381,7749,12130,992,3285,4277,253302,257875,511177
2021-11-14,12387,11595,23982,26350,27051,53401,50178,52514,102692,52738,51479,104217,43841,43782,87623,32015,30992,63007,19967,18229,38196,10537,11275,21812,4381,7749,12130,992,3285,4277,253386,257951,511337
2021-11-15,12400,11616,24016,26357,27065,53422,50199,52534,102733,52751,51512,104263,43860,43808,87668,32024,31006,63030,19974,18240,38214,10538,11277,21815,4382,7750,12132,993,3285,4278,253478,258093,511571
2021-11-16,12419,11628,24047,26365,27074,53439,50217,52557,102774,52783,51538,104321,43873,43830,87703,32033,31017,63050,19980,18247,38227,10539,11280,21819,4385,7752,12137,993,3288,4281,253587,258211,511798
2021-11-17,12432,11638,24070,26376,27085,53461,50243,52578,102821,52808,51567,104375,43895,43852,87747,32042,31029,63071,19988,18257,38245,10542,11281,21823,4386,7754,12140,993,3288,4281,253705,258329,512034
2021-11-18,12443,11648,24091,26389,27092,53481,50265,52600,102865,52841,51590,104431,43912,43875,87787,32053,31034,63087,19994,18264,38258,10543,11283,21826,4387,7756,12143,993,3288,4281,253820,258430,512250
2021-11-19,12451,11663,24114,26404,27104,53508,50288,52618,102906,52860,51611,104471,43926,43897,87823,32061,31041,63102,19999,18272,38271,10544,11293,21837,4387,7756,12143,993,3289,4282,253913,258544,512457
2021-11-20,12460,11669,24129,26412,27114,53526,50301,52631,102932,52881,51643,104524,43945,43913,87858,32066,31048,63114,20005,18275,38280,10545,11296,21841,4388,7756,12144,993,3290,4283,253996,258635,512631
2021-11-21,12467,11679,24146,26418,27122,53540,50312,52643,102955,52889,51652,104541,43958,43922,87880,32073,31058,63131,20009,18285,38294,10546,11297,21843,4388,7756,12144,993,3290,4283,254053,258704,512757
2021-11-22,12469,11680,24149,26422,27123,53545,50313,52646,102959,52893,51659,104552,43959,43926,87885,32076,31058,63134,20009,18285,38294,10546,11297,21843,4388,7756,12144,993,3290,4283,254068,258720,512788
