FECHA,<=10M,<=10F,<=10,11-20M,11-20F,11-20,21-30M,21-30F,21-30,31-40M,31-40F,31-40,41-50M,41-50F,41-50,51-60M,51-60F,51-60,61-70M,61-70F,61-70,71-80M,71-80F,71-80,81-90M,81-90F,81-90,>=91M,>=91F,>=91,TotalM,TotalF,Total
2020-03-15,1,0,1,0,0,0,0,1,1,2,1,3,0,0,0,1,0,1,1,0,1,1,1,2,0,0,0,0,0,0,6,3,9
2020-03-16,2,2,4,0,1,1,1,2,3,3,2,5,0,0,0,3,0,3,3,1,4,1,1,2,0,0,0,0,0,0,13,9,22
2020-03-17,2,6,8,0,2,2,1,3,4,4,2,6,0,2,2,4,1,5,4,2,6,3,3,6,1,0,1,0,0,0,19,21,40
2020-03-18,4,7,11,0,2,2,1,3,4,6,3,9,0,3,3,5,2,7,4,4,8,4,3,7,2,0,2,0,0,0,26,27,53
2020-03-19,5,7,12,0,2,2,4,4,8,8,5,13,1,4,5,5,2,7,5,5,10,5,4,9,2,0,2,1,0,1,36,33,69
2020-03-20,6,8,14,1,2,3,4,4,8,9,7,16,1,4,5,5,3,8,5,6,11,7,6,13,3,0,3,1,0,1,42,40,82
2020-03-21,6,8,14,2,2,4,5,6,11,11,8,19,2,5,7,5,3,8,7,7,14,8,7,15,3,0,3,2,0,2,51,46,97
2020-03-22,6,8,14,2,2,4,8,7,15,11,8,19,2,5,7,6,4,10,7,8,15,10,7,17,6,2,8,2,0,2,60,51,111
2020-03-23,7,8,15,3,4,7,9,8,17,12,9,21,2,6,8,8,4,12,9,8,17,13,9,22,9,5,14,2,2,4,74,63,137
2020-03-24,8,8,16,3,4,7,9,8,17,13,10,23,2,7,9,10,5,15,9,9,18,15,9,24,10,6,16,3,2,5,82,68,150
2020-03-25,9,10,19,3,4,7,10,10,20,14,11,25,2,7,9,10,7,17,11,10,21,17,11,28,12,10,22,5,3,8,93,83,176
2020-03-26,13,13,26,5,4,9,11,12,23,18,13,31,3,10,13,13,8,21,12,14,26,20,12,32,16,10,26,8,4,12,119,100,219
2020-03-27,15,15,30,5,5,10,11,13,24,21,13,34,4,13,17,14,10,24,13,18,31,24,19,43,19,12,31,10,10,20,136,128,264
2020-03-28,17,15,32,5,5,10,12,13,25,21,14,35,5,14,19,17,11,28,16,18,34,28,25,53,21,13,34,11,10,21,153,138,291
2020-03-29,18,15,33,6,6,12,12,14,26,23,14,37,7,16,23,17,11,28,22,21,43,32,26,58,25,15,40,13,11,24,175,149,324
2020-03-30,20,16,36,6,6,12,13,19,32,24,16,40,11,18,29,18,12,30,27,21,48,35,31,66,30,16,46,16,13,29,200,168,368
2020-03-31,26,18,44,8,6,14,15,20,35,27,18,45,15,18,33,19,13,32,31,22,53,39,34,73,32,19,51,20,13,33,232,181,413
2020-04-01,32,25,57,8,8,16,18,23,41,30,19,49,25,21,46,22,15,37,35,25,60,44,36,80,37,25,62,20,14,34,271,211,482
2020-04-02,36,31,67,12,12,24,18,27,45,33,23,56,28,25,53,23,19,42,40,29,69,51,42,93,42,30,72,22,18,40,305,256,561
2020-04-03,50,38,88,15,14,29,21,32,53,38,29,67,31,31,62,24,23,47,46,32,78,55,44,99,47,37,84,23,23,46,350,303,653
2020-04-04,57,44,101,16,15,31,23,37,60,40,38,78,35,33,68,28,23,51,51,34,85,57,47,104,51,39,90,24,26,50,382,336,718
2020-04-05,61,50,111,18,16,34,29,37,66,44,39,83,43,34,77,32,25,57,52,43,95,62,55,117,55,43,98,26,29,55,422,371,793
2020-04-06,70,56,126,21,17,38,33,40,73,55,40,95,51,38,89,39,26,65,56,50,106,72,58,130,61,48,109,27,31,58,485,404,889
2020-04-07,77,63,140,22,19,41,38,43,81,59,45,104,56,42,98,44,27,71,59,53,112,78,66,144,67,58,125,29,32,61,529,448,977
2020-04-08,83,68,151,24,20,44,40,47,87,63,47,110,62,45,107,47,30,77,65,57,122,87,70,157,69,61,130,32,38,70,572,483,1055
2020-04-09,84,69,153,25,22,47,42,54,96,74,54,128,64,49,113,53,36,89,69,59,128,94,79,173,72,70,142,36,43,79,613,535,1148
2020-04-10,97,71,168,27,25,52,44,58,102,77,55,132,72,50,122,54,38,92,74,60,134,95,89,184,76,77,153,38,48,86,654,571,1225
2020-04-11,102,75,177,29,27,56,48,62,110,81,58,139,76,51,127,55,41,96,76,66,142,100,91,191,80,84,164,39,53,92,686,608,1294
2020-04-12,107,80,187,30,27,57,48,64,112,85,59,144,78,56,134,61,42,103,78,69,147,103,99,202,83,88,171,40,55,95,713,639,1352
2020-04-13,111,86,197,34,30,64,56,68,124,89,66,155,81,58,139,65,46,111,84,73,157,107,106,213,90,96,186,45,61,106,762,690,1452
2020-04-14,123,90,213,36,30,66,62,73,135,95,68,163,85,63,148,73,51,124,88,80,168,114,111,225,97,100,197,49,65,114,822,731,1553
2020-04-15,130,93,223,40,35,75,63,76,139,101,74,175,89,74,163,77,59,136,93,82,175,122,113,235,105,108,213,54,68,122,874,782,1656
2020-04-16,137,95,232,44,39,83,69,79,148,109,84,193,98,82,180,84,66,150,97,92,189,128,117,245,110,113,223,54,72,126,930,839,1769
2020-04-17,144,99,243,45,41,86,70,86,156,114,94,208,106,88,194,91,71,162,104,95,199,140,123,263,115,120,235,55,76,131,984,893,1877
2020-04-18,150,105,255,47,41,88,79,88,167,125,98,223,113,92,205,96,73,169,106,97,203,144,133,277,120,127,247,58,81,139,1038,935,1973
2020-04-19,155,111,266,50,42,92,82,90,172,129,101,230,116,94,210,101,80,181,108,104,212,150,141,291,123,134,257,60,82,142,1074,979,2053
2020-04-20,164,116,280,59,48,107,92,92,184,140,106,246,122,101,223,108,82,190,118,111,229,165,151,316,132,142,274,65,97,162,1165,1046,2211
2020-04-21,173,123,296,62,51,113,104,94,198,147,115,262,124,103,227,112,89,201,122,117,239,176,163,339,139,152,291,68,107,175,1227,1114,2341
2020-04-22,181,128,309,65,56,121,110,101,211,156,117,273,136,110,246,115,94,209,128,120,248,186,177,363,147,163,310,75,114,189,1299,1180,2479
2020-04-23,192,137,329,69,61,130,115,109,224,164,121,285,143,112,255,118,102,220,134,124,258,193,185,378,159,172,331,82,124,206,1369,1247,2616
2020-04-24,201,146,347,74,65,139,121,116,237,176,131,307,148,117,265,125,108,233,141,133,274,203,193,396,169,188,357,86,127,213,1444,1324,2768
2020-04-25,209,148,357,78,66,144,123,120,243,182,139,321,152,120,272,130,112,242,147,136,283,210,196,406,178,202,380,91,132,223,1500,1371,2871
2020-04-26,214,161,375,82,72,154,125,122,247,185,141,326,159,124,283,132,115,247,153,141,294,214,204,418,186,209,395,92,135,227,1542,1424,2966
2020-04-27,224,170,394,86,75,161,130,127,257,188,149,337,163,131,294,138,122,260,161,148,309,232,209,441,197,222,419,95,141,236,1614,1494,3108
2020-04-28,236,177,413,89,78,167,138,135,273,196,156,352,167,139,306,145,128,273,166,155,321,235,221,456,203,236,439,97,145,242,1672,1570,3242
2020-04-29,246,185,431,93,81,174,149,141,290,211,163,374,176,145,321,152,133,285,169,163,332,244,226,470,206,250,456,102,156,258,1748,1643,3391
2020-04-30,258,192,450,102,83,185,156,143,299,216,167,383,185,152,337,159,139,298,178,173,351,250,235,485,215,266,481,109,164,273,1828,1714,3542
2020-05-01,258,201,459,107,87,194,157,146,303,224,175,399,194,159,353,165,142,307,188,178,366,257,243,500,223,276,499,109,168,277,1882,1775,3657
2020-05-02,262,214,476,111,93,204,163,147,310,233,180,413,199,164,363,172,143,315,191,180,371,264,245,509,229,286,515,110,171,281,1934,1823,3757
2020-05-03,267,218,485,113,94,207,169,152,321,241,184,425,203,169,372,179,145,324,198,187,385,268,253,521,237,294,531,113,176,289,1988,1872,3860
2020-05-04,281,233,514,118,96,214,175,158,333,248,190,438,206,172,378,185,148,333,205,198,403,283,265,548,244,312,556,116,180,296,2061,1952,4013
2020-05-05,287,239,526,124,97,221,183,165,348,259,199,458,211,180,391,193,153,346,215,203,418,297,270,567,249,326,575,118,189,307,2136,2021,4157
2020-05-06,295,247,542,127,97,224,190,171,361,271,209,480,226,186,412,196,158,354,224,206,430,314,284,598,255,337,592,123,195,318,2221,2090,4311
2020-05-07,309,254,563,132,102,234,202,175,377,280,215,495,239,194,433,201,163,364,231,211,442,328,289,617,261,349,610,124,203,327,2307,2155,4462
2020-05-08,320,263,583,136,105,241,212,182,394,289,226,515,250,204,454,211,167,378,236,220,456,338,297,635,272,361,633,127,216,343,2391,2241,4632
2020-05-09,333,269,602,139,105,244,214,192,406,294,231,525,256,210,466,215,170,385,241,227,468,350,299,649,277,371,648,132,223,355,2451,2297,4748
2020-05-10,340,276,616,140,106,246,221,198,419,297,237,534,258,213,471,219,174,393,247,231,478,359,308,667,282,380,662,133,231,364,2496,2354,4850
2020-05-11,351,287,638,146,110,256,227,203,430,306,244,550,265,223,488,227,178,405,258,234,492,369,318,687,293,396,689,137,244,381,2579,2437,5016
2020-05-12,360,295,655,152,118,270,245,217,462,326,249,575,271,233,504,232,182,414,267,239,506,374,328,702,302,409,711,143,255,398,2672,2525,5197
2020-05-13,380,304,684,161,127,288,257,224,481,336,264,600,283,238,521,238,189,427,273,244,517,383,334,717,308,423,731,145,264,409,2764,2611,5375
2020-05-14,397,323,720,169,133,302,268,241,509,348,276,624,292,246,538,243,196,439,281,254,535,390,344,734,318,434,752,147,279,426,2853,2726,5579
2020-05-15,410,338,748,175,138,313,275,250,525,354,285,639,301,260,561,251,201,452,290,262,552,396,350,746,328,452,780,152,290,442,2932,2826,5758
2020-05-16,416,351,767,181,141,322,279,258,537,362,296,658,307,266,573,257,209,466,294,267,561,405,353,758,334,457,791,157,302,459,2992,2900,5892
2020-05-17,427,362,789,184,145,329,288,263,551,368,303,671,314,274,588,260,211,471,299,272,571,410,357,767,344,466,810,161,309,470,3055,2962,6017
2020-05-18,442,377,819,189,153,342,307,279,586,386,314,700,324,285,609,272,218,490,307,284,591,426,370,796,360,478,838,163,320,483,3176,3078,6254
2020-05-19,458,389,847,200,161,361,329,298,627,414,330,744,343,294,637,284,230,514,320,294,614,435,387,822,371,496,867,165,330,495,3319,3209,6528
2020-05-20,479,417,896,207,171,378,350,313,663,446,343,789,360,306,666,291,240,531,335,304,639,444,397,841,383,512,895,171,336,507,3466,3339,6805
2020-05-21,499,441,940,221,177,398,374,329,703,470,359,829,370,321,691,304,247,551,343,311,654,458,406,864,390,528,918,172,340,512,3601,3459,7060
2020-05-22,517,456,973,232,187,419,394,349,743,490,380,870,384,330,714,314,251,565,348,320,668,466,414,880,397,539,936,178,354,532,3720,3580,7300
2020-05-23,526,469,995,243,197,440,414,359,773,511,393,904,392,339,731,319,258,577,358,331,689,475,424,899,405,544,949,181,356,537,3824,3670,7494
2020-05-24,538,480,1018,251,205,456,422,364,786,523,401,924,399,341,740,325,261,586,367,335,702,484,430,914,410,555,965,183,362,545,3902,3734,7636
2020-05-25,560,498,1058,266,216,482,436,378,814,534,411,945,409,349,758,330,268,598,371,340,711,497,432,929,418,570,988,184,370,554,4005,3832,7837
2020-05-26,583,519,1102,281,230,511,458,400,858,571,428,999,425,364,789,338,281,619,378,345,723,510,436,946,428,584,1012,187,381,568,4159,3968,8127
2020-05-27,611,543,1154,297,242,539,470,418,888,590,439,1029,437,374,811,353,292,645,386,352,738,514,447,961,433,600,1033,191,383,574,4282,4090,8372
2020-05-28,630,573,1203,312,248,560,492,441,933,605,454,1059,453,384,837,362,307,669,395,364,759,526,452,978,445,615,1060,197,398,595,4417,4236,8653
2020-05-29,655,595,1250,333,262,595,522,464,986,629,480,1109,472,397,869,375,321,696,406,369,775,540,461,1001,458,631,1089,199,402,601,4589,4382,8971
2020-05-30,677,613,1290,345,270,615,547,486,1033,661,488,1149,482,409,891,384,332,716,412,374,786,550,471,1021,466,640,1106,200,411,611,4724,4494,9218
2020-05-31,695,625,1320,354,278,632,562,493,1055,669,498,1167,491,413,904,388,338,726,417,378,795,560,476,1036,471,648,1119,201,419,620,4808,4566,9374
2020-06-01,720,643,1363,366,292,658,581,522,1103,693,523,1216,503,428,931,398,349,747,435,388,823,572,484,1056,477,658,1135,206,423,629,4951,4710,9661
2020-06-02,750,662,1412,384,309,693,605,540,1145,709,544,1253,522,443,965,406,359,765,448,396,844,591,493,1084,482,671,1153,211,435,646,5108,4852,9960
2020-06-03,771,675,1446,397,331,728,625,564,1189,731,566,1297,532,457,989,413,367,780,459,407,866,604,503,1107,494,687,1181,213,445,658,5239,5002,10241
2020-06-04,794,695,1489,410,346,756,650,581,1231,746,582,1328,543,468,1011,430,378,808,468,412,880,623,513,1136,504,701,1205,216,455,671,5384,5131,10515
2020-06-05,824,724,1548,421,360,781,679,596,1275,771,613,1384,567,487,1054,445,396,841,480,423,903,636,525,1161,515,721,1236,219,464,683,5557,5309,10866
2020-06-06,843,743,1586,431,367,798,694,607,1301,792,631,1423,578,497,1075,458,402,860,489,432,921,645,534,1179,524,737,1261,222,473,695,5676,5423,11099
2020-06-07,853,759,1612,443,377,820,711,616,1327,803,637,1440,591,504,1095,467,408,875,495,435,930,653,540,1193,534,749,1283,225,481,706,5775,5506,11281
2020-06-08,873,782,1655,458,394,852,736,635,1371,831,658,1489,621,518,1139,483,423,906,508,443,951,669,554,1223,544,765,1309,229,488,717,5952,5660,11612
2020-06-09,911,802,1713,473,413,886,753,658,1411,851,682,1533,648,536,1184,494,429,923,521,448,969,676,567,1243,556,790,1346,232,499,731,6115,5824,11939
2020-06-10,927,822,1749,483,425,908,787,675,1462,873,709,1582,670,552,1222,512,442,954,533,458,991,695,588,1283,562,808,1370,238,515,753,6280,5994,12274
2020-06-11,952,849,1801,494,438,932,803,696,1499,898,733,1631,682,566,1248,524,457,981,545,473,1018,710,602,1312,567,832,1399,242,530,772,6417,6176,12593
2020-06-12,980,883,1863,502,454,956,842,719,1561,935,770,1705,707,593,1300,538,469,1007,564,487,1051,724,616,1340,573,852,1425,246,539,785,6611,6382,12993
2020-06-13,1004,907,1911,517,469,986,868,747,1615,958,786,1744,716,607,1323,553,479,1032,573,491,1064,738,625,1363,579,867,1446,248,545,793,6754,6523,13277
2020-06-14,1021,928,1949,532,478,1010,885,760,1645,973,795,1768,729,617,1346,561,491,1052,582,494,1076,741,637,1378,592,887,1479,249,553,802,6865,6640,13505
2020-06-15,1041,952,1993,550,491,1041,907,779,1686,991,812,1803,746,625,1371,571,499,1070,592,498,1090,751,644,1395,599,901,1500,250,563,813,6998,6764,13762
2020-06-16,1077,995,2072,565,508,1073,954,805,1759,1033,836,1869,771,645,1416,590,513,1103,607,508,1115,764,651,1415,611,923,1534,253,577,830,7225,6961,14186
2020-06-17,1105,1023,2128,582,526,1108,989,829,1818,1063,866,1929,799,659,1458,612,525,1137,620,519,1139,771,668,1439,628,937,1565,255,586,841,7424,7138,14562
2020-06-18,1142,1056,2198,594,536,1130,1032,858,1890,1109,902,2011,831,671,1502,635,540,1175,637,536,1173,783,684,1467,642,957,1599,257,598,855,7662,7338,15000
2020-06-19,1185,1079,2264,605,556,1161,1058,877,1935,1153,923,2076,861,697,1558,665,555,1220,655,548,1203,805,697,1502,657,976,1633,265,610,875,7909,7518,15427
2020-06-20,1212,1102,2314,616,572,1188,1086,897,1983,1184,943,2127,879,716,1595,677,569,1246,668,559,1227,816,704,1520,664,990,1654,269,617,886,8071,7669,15740
2020-06-21,1235,1115,2350,628,582,1210,1107,914,2021,1204,961,2165,893,724,1617,690,575,1265,675,568,1243,823,709,1532,669,1001,1670,270,624,894,8194,7773,15967
2020-06-22,1268,1147,2415,648,601,1249,1133,946,2079,1236,981,2217,917,744,1661,707,599,1306,689,584,1273,842,721,1563,676,1019,1695,272,636,908,8388,7978,16366
2020-06-23,1306,1178,2484,669,624,1293,1173,974,2147,1279,1011,2290,944,765,1709,722,623,1345,702,600,1302,852,730,1582,687,1034,1721,276,643,919,8610,8182,16792
2020-06-24,1334,1207,2541,692,639,1331,1210,1013,2223,1310,1045,2355,973,786,1759,741,642,1383,711,616,1327,863,741,1604,699,1047,1746,278,648,926,8811,8384,17195
2020-06-25,1367,1247,2614,717,667,1384,1237,1040,2277,1342,1070,2412,1010,812,1822,772,665,1437,717,626,1343,871,753,1624,707,1059,1766,283,655,938,9023,8594,17617
2020-06-26,1399,1270,2669,742,688,1430,1280,1070,2350,1376,1103,2479,1036,835,1871,788,681,1469,732,640,1372,881,768,1649,716,1078,1794,285,664,949,9235,8797,18032
2020-06-27,1439,1307,2746,766,715,1481,1309,1100,2409,1404,1127,2531,1058,853,1911,802,688,1490,745,646,1391,885,779,1664,721,1085,1806,289,669,958,9418,8969,18387
2020-06-28,1474,1325,2799,777,727,1504,1320,1125,2445,1431,1147,2578,1074,869,1943,816,700,1516,754,652,1406,892,786,1678,729,1095,1824,295,676,971,9562,9102,18664
2020-06-29,1507,1364,2871,802,751,1553,1350,1147,2497,1471,1170,2641,1095,887,1982,830,724,1554,774,661,1435,905,800,1705,740,1107,1847,300,686,986,9774,9297,19071
2020-06-30,1527,1395,2922,811,769,1580,1384,1174,2558,1500,1202,2702,1121,909,2030,846,739,1585,792,669,1461,922,809,1731,749,1123,1872,302,697,999,9954,9486,19440
2020-07-01,1555,1421,2976,821,791,1612,1431,1206,2637,1530,1229,2759,1143,931,2074,867,765,1632,805,678,1483,933,817,1750,757,1144,1901,305,703,1008,10147,9685,19832
2020-07-02,1594,1458,3052,838,811,1649,1464,1241,2705,1568,1263,2831,1173,954,2127,882,784,1666,821,686,1507,940,829,1769,768,1155,1923,309,707,1016,10357,9888,20245
2020-07-03,1634,1484,3118,866,826,1692,1494,1261,2755,1606,1299,2905,1196,980,2176,899,801,1700,837,697,1534,949,843,1792,776,1172,1948,314,711,1025,10571,10074,20645
2020-07-04,1658,1515,3173,881,842,1723,1519,1292,2811,1633,1318,2951,1221,996,2217,913,811,1724,849,702,1551,957,855,1812,781,1182,1963,317,717,1034,10729,10230,20959
2020-07-05,1677,1539,3216,899,851,1750,1542,1316,2858,1657,1342,2999,1229,1017,2246,929,826,1755,866,715,1581,971,867,1838,790,1195,1985,320,726,1046,10880,10394,21274
2020-07-06,1694,1563,3257,916,864,1780,1571,1350,2921,1692,1362,3054,1260,1039,2299,953,844,1797,884,737,1621,988,891,1879,800,1216,2016,323,735,1058,11081,10601,21682
2020-07-07,1725,1609,3334,930,883,1813,1611,1379,2990,1732,1391,3123,1282,1068,2350,978,858,1836,900,753,1653,999,903,1902,810,1236,2046,330,746,1076,11297,10826,22123
2020-07-08,1758,1628,3386,952,902,1854,1654,1411,3065,1765,1421,3186,1316,1102,2418,999,879,1878,915,770,1685,1013,923,1936,822,1251,2073,334,760,1094,11528,11047,22575
2020-07-09,1782,1645,3427,967,912,1879,1678,1434,3112,1795,1442,3237,1339,1123,2462,1011,890,1901,922,786,1708,1021,945,1966,826,1265,2091,340,768,1108,11681,11210,22891
2020-07-10,1802,1662,3464,985,927,1912,1703,1454,3157,1823,1463,3286,1358,1144,2502,1023,902,1925,935,801,1736,1037,956,1993,838,1280,2118,342,778,1120,11846,11367,23213
2020-07-11,1822,1688,3510,1000,936,1936,1719,1474,3193,1843,1485,3328,1376,1162,2538,1039,916,1955,952,812,1764,1050,972,2022,842,1296,2138,344,787,1131,11987,11528,23515
2020-07-12,1840,1703,3543,1014,943,1957,1736,1489,3225,1860,1496,3356,1389,1171,2560,1046,925,1971,961,821,1782,1059,977,2036,849,1307,2156,348,794,1142,12102,11626,23728
2020-07-13,1864,1732,3596,1031,964,1995,1774,1518,3292,1893,1529,3422,1423,1197,2620,1070,956,2026,992,844,1836,1076,1007,2083,862,1353,2215,350,817,1167,12335,11917,24252
2020-07-14,1892,1761,3653,1054,976,2030,1806,1540,3346,1944,1560,3504,1454,1222,2676,1096,965,2061,1013,866,1879,1092,1033,2125,869,1369,2238,357,831,1188,12577,12123,24700
2020-07-15,1919,1788,3707,1083,994,2077,1835,1582,3417,1991,1601,3592,1487,1258,2745,1118,992,2110,1035,888,1923,1102,1049,2151,883,1385,2268,365,836,1201,12818,12373,25191
2020-07-16,1953,1806,3759,1099,1020,2119,1871,1622,3493,2033,1628,3661,1518,1290,2808,1145,1017,2162,1050,902,1952,1116,1064,2180,901,1415,2316,367,854,1221,13053,12618,25671
2020-07-17,1988,1835,3823,1121,1034,2155,1896,1650,3546,2069,1668,3737,1553,1328,2881,1173,1048,2221,1073,929,2002,1134,1077,2211,917,1436,2353,371,864,1235,13295,12869,26164
2020-07-18,2010,1858,3868,1135,1045,2180,1928,1679,3607,2098,1703,3801,1577,1350,2927,1199,1065,2264,1095,946,2041,1143,1088,2231,931,1457,2388,373,869,1242,13489,13060,26549
2020-07-19,2035,1884,3919,1144,1059,2203,1949,1700,3649,2119,1723,3842,1595,1366,2961,1219,1086,2305,1106,956,2062,1155,1096,2251,940,1473,2413,376,875,1251,13638,13218,26856
2020-07-20,2076,1920,3996,1175,1087,2262,1998,1740,3738,2163,1770,3933,1633,1417,3050,1249,1122,2371,1128,984,2112,1175,1115,2290,959,1496,2455,379,887,1266,13935,13538,27473
2020-07-21,2108,1950,4058,1195,1105,2300,2037,1774,3811,2214,1799,4013,1672,1449,3121,1278,1148,2426,1154,1010,2164,1194,1138,2332,973,1519,2492,384,898,1282,14209,13790,27999
2020-07-22,2158,1981,4139,1214,1124,2338,2090,1810,3900,2262,1847,4109,1719,1481,3200,1298,1174,2472,1167,1031,2198,1214,1154,2368,987,1548,2535,385,907,1292,14494,14057,28551
2020-07-23,2196,2016,4212,1238,1140,2378,2134,1851,3985,2304,1889,4193,1747,1504,3251,1326,1193,2519,1183,1052,2235,1230,1176,2406,995,1567,2562,391,918,1309,14744,14306,29050
2020-07-24,2222,2048,4270,1256,1160,2416,2178,1894,4072,2346,1933,4279,1776,1535,3311,1357,1211,2568,1213,1065,2278,1241,1195,2436,1004,1593,2597,394,931,1325,14987,14565,29552
2020-07-25,2250,2071,4321,1278,1173,2451,2211,1923,4134,2378,1966,4344,1804,1557,3361,1369,1219,2588,1226,1078,2304,1252,1207,2459,1014,1609,2623,399,935,1334,15181,14738,29919
2020-07-26,2273,2093,4366,1290,1187,2477,2226,1938,4164,2400,1989,4389,1829,1568,3397,1386,1231,2617,1236,1086,2322,1265,1215,2480,1020,1624,2644,405,942,1347,15330,14873,30203
2020-07-27,2298,2124,4422,1314,1211,2525,2271,1971,4242,2441,2024,4465,1873,1610,3483,1412,1265,2677,1256,1110,2366,1281,1236,2517,1037,1645,2682,410,960,1370,15593,15156,30749
2020-07-28,2332,2151,4483,1334,1228,2562,2325,2020,4345,2491,2059,4550,1911,1642,3553,1444,1298,2742,1285,1137,2422,1294,1262,2556,1049,1665,2714,415,978,1393,15880,15440,31320
2020-07-29,2362,2186,4548,1354,1256,2610,2378,2057,4435,2536,2100,4636,1955,1679,3634,1474,1335,2809,1304,1163,2467,1316,1283,2599,1066,1694,2760,421,1002,1423,16166,15755,31921
2020-07-30,2400,2217,4617,1382,1287,2669,2451,2111,4562,2593,2150,4743,2002,1710,3712,1508,1367,2875,1326,1194,2520,1330,1300,2630,1074,1713,2787,423,1008,1431,16489,16057,32546
2020-07-31,2431,2258,4689,1399,1307,2706,2493,2161,4654,2657,2198,4855,2044,1743,3787,1543,1391,2934,1348,1225,2573,1348,1324,2672,1084,1740,2824,429,1026,1455,16776,16373,33149
2020-08-01,2456,2277,4733,1410,1326,2736,2519,2191,4710,2684,2228,4912,2069,1778,3847,1566,1412,2978,1369,1233,2602,1364,1339,2703,1096,1761,2857,430,1037,1467,16963,16582,33545
2020-08-02,2483,2298,4781,1423,1339,2762,2544,2208,4752,2710,2259,4969,2087,1805,3892,1578,1435,3013,1379,1248,2627,1370,1358,2728,1107,1774,2881,432,1044,1476,17113,16768,33881
2020-08-03,2522,2339,4861,1446,1362,2808,2585,2252,4837,2758,2295,5053,2120,1834,3954,1603,1462,3065,1405,1265,2670,1380,1378,2758,1119,1804,2923,435,1058,1493,17373,17049,34422
2020-08-04,2558,2369,4927,1472,1391,2863,2640,2282,4922,2812,2335,5147,2168,1867,4035,1636,1489,3125,1431,1282,2713,1396,1397,2793,1136,1833,2969,440,1075,1515,17689,17320,35009
2020-08-05,2597,2406,5003,1504,1413,2917,2688,2313,5001,2852,2380,5232,2198,1899,4097,1669,1521,3190,1456,1304,2760,1415,1415,2830,1153,1854,3007,443,1083,1526,17975,17588,35563
2020-08-06,2630,2430,5060,1523,1440,2963,2738,2360,5098,2894,2427,5321,2250,1936,4186,1701,1553,3254,1480,1322,2802,1431,1434,2865,1169,1878,3047,448,1095,1543,18264,17875,36139
2020-08-07,2679,2464,5143,1549,1464,3013,2785,2397,5182,2934,2466,5400,2287,1982,4269,1732,1573,3305,1500,1345,2845,1448,1458,2906,1183,1915,3098,452,1116,1568,18549,18180,36729
2020-08-08,2709,2492,5201,1564,1479,3043,2812,2426,5238,2982,2510,5492,2310,2013,4323,1761,1600,3361,1519,1363,2882,1462,1483,2945,1194,1931,3125,453,1135,1588,18766,18432,37198
2020-08-09,2734,2518,5252,1574,1489,3063,2836,2452,5288,3016,2533,5549,2330,2046,4376,1786,1626,3412,1539,1378,2917,1475,1505,2980,1207,1969,3176,457,1153,1610,18954,18669,37623
2020-08-10,2773,2551,5324,1598,1511,3109,2896,2499,5395,3071,2566,5637,2371,2085,4456,1818,1659,3477,1558,1392,2950,1491,1529,3020,1221,1989,3210,461,1164,1625,19258,18945,38203
2020-08-11,2807,2584,5391,1631,1531,3162,2948,2540,5488,3144,2613,5757,2419,2124,4543,1851,1689,3540,1585,1409,2994,1513,1560,3073,1236,2017,3253,467,1176,1643,19601,19243,38844
2020-08-12,2839,2620,5459,1662,1547,3209,2994,2588,5582,3185,2681,5866,2462,2168,4630,1878,1720,3598,1611,1432,3043,1528,1583,3111,1248,2038,3286,472,1192,1664,19879,19569,39448
2020-08-13,2859,2650,5509,1693,1568,3261,3052,2640,5692,3252,2748,6000,2507,2210,4717,1916,1754,3670,1632,1458,3090,1554,1599,3153,1258,2062,3320,476,1207,1683,20199,19896,40095
2020-08-14,2882,2675,5557,1712,1585,3297,3116,2695,5811,3309,2800,6109,2564,2246,4810,1953,1788,3741,1659,1481,3140,1574,1630,3204,1271,2083,3354,479,1219,1698,20519,20202,40721
2020-08-15,2919,2696,5615,1737,1598,3335,3148,2734,5882,3354,2847,6201,2585,2286,4871,1977,1815,3792,1682,1500,3182,1589,1658,3247,1280,2124,3404,483,1236,1719,20754,20494,41248
2020-08-16,2950,2711,5661,1748,1605,3353,3184,2766,5950,3382,2875,6257,2603,2311,4914,1996,1832,3828,1692,1517,3209,1601,1671,3272,1291,2154,3445,487,1257,1744,20934,20699,41633
2020-08-17,2971,2726,5697,1768,1623,3391,3223,2801,6024,3421,2922,6343,2636,2345,4981,2023,1869,3892,1704,1549,3253,1613,1684,3297,1302,2171,3473,487,1273,1760,21148,20963,42111
2020-08-18,3009,2761,5770,1795,1635,3430,3266,2843,6109,3478,2970,6448,2679,2380,5059,2048,1915,3963,1723,1580,3303,1636,1710,3346,1311,2189,3500,487,1291,1778,21432,21274,42706
2020-08-19,3048,2794,5842,1817,1659,3476,3304,2896,6200,3536,3020,6556,2712,2421,5133,2082,1940,4022,1741,1607,3348,1653,1736,3389,1322,2225,3547,491,1309,1800,21706,21607,43313
2020-08-20,3073,2818,5891,1838,1676,3514,3352,2943,6295,3575,3065,6640,2740,2465,5205,2111,1964,4075,1763,1637,3400,1665,1755,3420,1337,2248,3585,494,1321,1815,21948,21892,43840
2020-08-21,3099,2855,5954,1864,1697,3561,3391,2986,6377,3625,3116,6741,2785,2506,5291,2147,2012,4159,1792,1663,3455,1687,1791,3478,1351,2283,3634,499,1331,1830,22240,22240,44480
2020-08-22,3113,2871,5984,1888,1715,3603,3422,3013,6435,3654,3157,6811,2822,2535,5357,2165,2032,4197,1813,1682,3495,1698,1811,3509,1359,2296,3655,502,1345,1847,22436,22457,44893
2020-08-23,3134,2900,6034,1899,1727,3626,3444,3027,6471,3686,3185,6871,2845,2553,5398,2188,2054,4242,1829,1699,3528,1707,1833,3540,1370,2303,3673,507,1349,1856,22609,22630,45239
2020-08-24,3173,2942,6115,1919,1747,3666,3482,3076,6558,3737,3227,6964,2880,2594,5474,2229,2080,4309,1850,1729,3579,1723,1856,3579,1388,2325,3713,513,1367,1880,22894,22943,45837
2020-08-25,3198,2970,6168,1943,1764,3707,3527,3133,6660,3792,3288,7080,2911,2631,5542,2257,2112,4369,1871,1756,3627,1734,1876,3610,1405,2353,3758,519,1383,1902,23157,23266,46423
2020-08-26,3241,2990,6231,1968,1789,3757,3587,3183,6770,3849,3334,7183,2953,2674,5627,2288,2146,4434,1899,1774,3673,1754,1902,3656,1422,2379,3801,522,1399,1921,23483,23570,47053
2020-08-27,3276,3018,6294,1999,1815,3814,3648,3239,6887,3906,3380,7286,3005,2720,5725,2324,2180,4504,1919,1805,3724,1777,1928,3705,1439,2405,3844,527,1424,1951,23820,23914,47734
2020-08-28,3310,3049,6359,2038,1835,3873,3717,3302,7019,3961,3439,7400,3058,2772,5830,2367,2235,4602,1941,1834,3775,1801,1955,3756,1450,2425,3875,533,1434,1967,24176,24280,48456
2020-08-29,3336,3063,6399,2048,1847,3895,3767,3343,7110,4000,3499,7499,3100,2810,5910,2390,2257,4647,1967,1851,3818,1817,1973,3790,1458,2449,3907,536,1450,1986,24419,24542,48961
2020-08-30,3359,3088,6447,2068,1864,3932,3796,3373,7169,4038,3531,7569,3133,2840,5973,2412,2278,4690,1981,1868,3849,1824,1989,3813,1467,2458,3925,539,1455,1994,24617,24744,49361
2020-08-31,3394,3109,6503,2091,1880,3971,3841,3420,7261,4087,3582,7669,3178,2888,6066,2440,2310,4750,2009,1899,3908,1850,2012,3862,1486,2494,3980,541,1471,2012,24917,25065,49982
2020-09-01,3431,3139,6570,2111,1914,4025,3894,3468,7362,4163,3642,7805,3233,2923,6156,2472,2357,4829,2029,1917,3946,1866,2036,3902,1501,2537,4038,548,1484,2032,25248,25417,50665
2020-09-02,3461,3154,6615,2130,1930,4060,3927,3523,7450,4196,3699,7895,3274,2957,6231,2503,2387,4890,2046,1941,3987,1891,2059,3950,1517,2563,4080,551,1514,2065,25496,25727,51223
2020-09-03,3491,3183,6674,2155,1952,4107,3983,3583,7566,4269,3765,8034,3327,2996,6323,2538,2415,4953,2066,1970,4036,1911,2080,3991,1529,2591,4120,555,1523,2078,25824,26058,51882
2020-09-04,3522,3216,6738,2177,1972,4149,4033,3635,7668,4326,3824,8150,3379,3048,6427,2566,2448,5014,2094,2008,4102,1936,2103,4039,1542,2619,4161,558,1538,2096,26133,26411,52544
2020-09-05,3542,3237,6779,2192,1983,4175,4077,3671,7748,4369,3877,8246,3414,3091,6505,2588,2474,5062,2119,2034,4153,1953,2120,4073,1557,2638,4195,561,1545,2106,26372,26670,53042
2020-09-06,3562,3258,6820,2204,1999,4203,4094,3705,7799,4402,3903,8305,3441,3112,6553,2603,2500,5103,2135,2053,4188,1964,2139,4103,1569,2654,4223,563,1555,2118,26537,26878,53415
2020-09-07,3589,3283,6872,2222,2022,4244,4150,3760,7910,4460,3955,8415,3485,3161,6646,2628,2543,5171,2169,2077,4246,1979,2162,4141,1581,2683,4264,570,1570,2140,26833,27216,54049
2020-09-08,3621,3310,6931,2247,2048,4295,4200,3803,8003,4527,4017,8544,3526,3206,6732,2675,2581,5256,2197,2110,4307,2005,2187,4192,1599,2709,4308,577,1591,2168,27174,27562,54736
2020-09-09,3656,3335,6991,2262,2071,4333,4255,3850,8105,4573,4057,8630,3573,3243,6816,2707,2619,5326,2227,2143,4370,2025,2216,4241,1613,2744,4357,578,1611,2189,27469,27889,55358
2020-09-10,3682,3353,7035,2292,2091,4383,4323,3908,8231,4639,4124,8763,3633,3292,6925,2740,2652,5392,2252,2167,4419,2047,2237,4284,1623,2777,4400,580,1627,2207,27811,28228,56039
2020-09-11,3709,3382,7091,2325,2112,4437,4375,3949,8324,4690,4184,8874,3674,3336,7010,2777,2705,5482,2287,2194,4481,2070,2265,4335,1639,2800,4439,583,1637,2220,28129,28564,56693
2020-09-12,3734,3401,7135,2341,2129,4470,4405,3981,8386,4720,4223,8943,3696,3368,7064,2802,2738,5540,2310,2217,4527,2089,2289,4378,1651,2830,4481,585,1652,2237,28333,28828,57161
2020-09-13,3762,3423,7185,2348,2140,4488,4429,4015,8444,4753,4266,9019,3716,3389,7105,2827,2759,5586,2336,2237,4573,2098,2300,4398,1657,2845,4502,589,1661,2250,28515,29035,57550
2020-09-14,3793,3449,7242,2371,2160,4531,4480,4081,8561,4802,4326,9128,3753,3430,7183,2875,2793,5668,2372,2271,4643,2124,2326,4450,1674,2861,4535,591,1671,2262,28835,29368,58203
2020-09-15,3825,3473,7298,2388,2173,4561,4531,4116,8647,4858,4396,9254,3790,3463,7253,2902,2833,5735,2399,2300,4699,2147,2355,4502,1689,2887,4576,593,1684,2277,29122,29680,58802
2020-09-16,3862,3509,7371,2423,2203,4626,4593,4179,8772,4910,4462,9372,3841,3510,7351,2934,2873,5807,2424,2334,4758,2173,2373,4546,1703,2916,4619,597,1694,2291,29460,30053,59513
2020-09-17,3889,3532,7421,2448,2240,4688,4644,4222,8866,4963,4510,9473,3890,3564,7454,2983,2924,5907,2463,2365,4828,2201,2401,4602,1718,2933,4651,600,1698,2298,29799,30389,60188
2020-09-18,3927,3572,7499,2466,2266,4732,4687,4272,8959,5030,4583,9613,3928,3613,7541,3016,2966,5982,2489,2404,4893,2230,2427,4657,1731,2956,4687,603,1709,2312,30107,30768,60875
2020-09-19,3939,3604,7543,2476,2288,4764,4714,4296,9010,5062,4623,9685,3954,3631,7585,3035,2984,6019,2512,2424,4936,2249,2447,4696,1745,2973,4718,606,1716,2322,30292,30986,61278
2020-09-20,3958,3627,7585,2497,2307,4804,4743,4325,9068,5097,4645,9742,3976,3654,7630,3052,3007,6059,2520,2440,4960,2266,2462,4728,1749,2991,4740,610,1724,2334,30468,31182,61650
2020-09-21,3988,3659,7647,2518,2338,4856,4789,4365,9154,5151,4711,9862,4013,3703,7716,3084,3032,6116,2544,2469,5013,2291,2488,4779,1759,3006,4765,611,1735,2346,30748,31506,62254
2020-09-22,4026,3694,7720,2548,2364,4912,4838,4420,9258,5202,4767,9969,4064,3735,7799,3124,3075,6199,2577,2493,5070,2316,2516,4832,1769,3038,4807,614,1748,2362,31078,31850,62928
2020-09-23,4064,3726,7790,2565,2385,4950,4874,4471,9345,5248,4821,10069,4102,3779,7881,3151,3111,6262,2607,2523,5130,2336,2547,4883,1780,3060,4840,616,1760,2376,31343,32183,63526
2020-09-24,4105,3764,7869,2597,2411,5008,4931,4517,9448,5313,4880,10193,4145,3816,7961,3185,3143,6328,2617,2569,5186,2354,2576,4930,1800,3084,4884,625,1782,2407,31672,32542,64214
2020-09-25,4138,3788,7926,2621,2428,5049,4976,4569,9545,5362,4932,10294,4191,3854,8045,3214,3177,6391,2648,2604,5252,2376,2599,4975,1818,3107,4925,625,1791,2416,31969,32849,64818
2020-09-26,4158,3806,7964,2642,2439,5081,5008,4594,9602,5400,4966,10366,4221,3886,8107,3235,3209,6444,2666,2624,5290,2393,2616,5009,1828,3124,4952,630,1799,2429,32181,33063,65244
2020-09-27,4177,3830,8007,2655,2459,5114,5045,4635,9680,5424,4992,10416,4253,3910,8163,3258,3227,6485,2683,2645,5328,2400,2633,5033,1836,3136,4972,633,1806,2439,32364,33273,65637
2020-09-28,4206,3854,8060,2675,2477,5152,5089,4677,9766,5476,5045,10521,4305,3944,8249,3296,3272,6568,2722,2668,5390,2418,2661,5079,1853,3157,5010,637,1826,2463,32677,33581,66258
2020-09-29,4248,3886,8134,2697,2502,5199,5158,4725,9883,5546,5114,10660,4362,3992,8354,3329,3304,6633,2759,2709,5468,2447,2704,5151,1875,3194,5069,640,1851,2491,33061,33981,67042
2020-09-30,4283,3914,8197,2721,2526,5247,5214,4783,9997,5601,5167,10768,4403,4024,8427,3370,3345,6715,2795,2750,5545,2473,2731,5204,1884,3216,5100,645,1861,2506,33389,34317,67706
2020-10-01,4320,3952,8272,2743,2568,5311,5268,4851,10119,5668,5238,10906,4439,4074,8513,3409,3381,6790,2835,2782,5617,2499,2773,5272,1898,3234,5132,648,1872,2520,33727,34725,68452
2020-10-02,4366,3995,8361,2771,2594,5365,5318,4921,10239,5718,5299,11017,4474,4125,8599,3449,3412,6861,2874,2816,5690,2523,2808,5331,1911,3266,5177,652,1891,2543,34056,35127,69183
2020-10-03,4382,4017,8399,2790,2617,5407,5360,4960,10320,5755,5335,11090,4501,4152,8653,3479,3436,6915,2888,2837,5725,2541,2826,5367,1919,3284,5203,655,1899,2554,34270,35363,69633
2020-10-04,4408,4043,8451,2807,2638,5445,5389,4993,10382,5780,5360,11140,4536,4182,8718,3497,3454,6951,2907,2857,5764,2551,2841,5392,1930,3309,5239,658,1902,2560,34463,35579,70042
2020-10-05,4430,4072,8502,2831,2663,5494,5437,5034,10471,5851,5420,11271,4603,4224,8827,3544,3495,7039,2951,2887,5838,2578,2880,5458,1949,3332,5281,661,1909,2570,34835,35916,70751
2020-10-06,4460,4115,8575,2861,2686,5547,5492,5076,10568,5913,5470,11383,4670,4261,8931,3589,3533,7122,2981,2919,5900,2607,2913,5520,1967,3359,5326,667,1920,2587,35207,36252,71459
2020-10-07,4498,4141,8639,2879,2708,5587,5548,5131,10679,5980,5537,11517,4714,4315,9029,3621,3581,7202,3012,2960,5972,2637,2942,5579,1986,3388,5374,675,1927,2602,35550,36630,72180
2020-10-08,4535,4172,8707,2906,2733,5639,5602,5187,10789,6033,5593,11626,4762,4362,9124,3659,3629,7288,3038,2990,6028,2659,2975,5634,2003,3406,5409,680,1943,2623,35877,36990,72867
2020-10-09,4563,4212,8775,2951,2767,5718,5641,5248,10889,6099,5663,11762,4812,4413,9225,3693,3675,7368,3075,3033,6108,2679,3009,5688,2017,3432,5449,683,1957,2640,36213,37409,73622
2020-10-10,4583,4238,8821,2979,2786,5765,5688,5288,10976,6148,5705,11853,4843,4447,9290,3719,3713,7432,3108,3063,6171,2693,3031,5724,2032,3453,5485,692,1971,2663,36485,37695,74180
2020-10-11,4608,4258,8866,2994,2802,5796,5717,5333,11050,6187,5751,11938,4884,4475,9359,3744,3734,7478,3138,3097,6235,2712,3057,5769,2048,3476,5524,692,1982,2674,36724,37965,74689
2020-10-12,4628,4283,8911,3026,2821,5847,5772,5400,11172,6241,5814,12055,4929,4523,9452,3786,3786,7572,3186,3127,6313,2748,3097,5845,2070,3515,5585,694,1998,2692,37080,38364,75444
2020-10-13,4672,4322,8994,3063,2849,5912,5855,5476,11331,6318,5913,12231,4989,4594,9583,3851,3855,7706,3233,3173,6406,2783,3143,5926,2096,3563,5659,703,2024,2727,37563,38912,76475
2020-10-14,4714,4354,9068,3084,2889,5973,5928,5559,11487,6401,6003,12404,5042,4659,9701,3898,3907,7805,3278,3221,6499,2825,3192,6017,2116,3594,5710,704,2046,2750,37990,39424,77414
2020-10-15,4756,4387,9143,3119,2929,6048,6003,5639,11642,6499,6105,12604,5121,4742,9863,3964,3970,7934,3333,3277,6610,2853,3244,6097,2134,3628,5762,713,2061,2774,38495,39982,78477
2020-10-16,4810,4423,9233,3156,2974,6130,6103,5759,11862,6604,6191,12795,5214,4819,10033,4022,4039,8061,3385,3334,6719,2885,3295,6180,2158,3673,5831,716,2094,2810,39053,40601,79654
2020-10-17,4831,4443,9274,3177,3001,6178,6174,5808,11982,6673,6268,12941,5271,4881,10152,4056,4078,8134,3419,3383,6802,2918,3335,6253,2169,3707,5876,719,2108,2827,39407,41012,80419
2020-10-18,4853,4465,9318,3194,3019,6213,6208,5845,12053,6715,6329,13044,5298,4918,10216,4093,4104,8197,3444,3407,6851,2937,3364,6301,2177,3743,5920,720,2122,2842,39639,41316,80955
2020-10-19,4916,4510,9426,3228,3060,6288,6294,5954,12248,6813,6441,13254,5408,5014,10422,4162,4176,8338,3515,3469,6984,2986,3427,6413,2200,3783,5983,723,2139,2862,40245,41973,82218
2020-10-20,4962,4562,9524,3269,3100,6369,6397,6054,12451,6907,6532,13439,5491,5110,10601,4236,4255,8491,3576,3522,7098,3021,3476,6497,2233,3828,6061,724,2164,2888,40816,42603,83419
2020-10-21,4998,4589,9587,3325,3137,6462,6468,6148,12616,6989,6613,13602,5563,5173,10736,4297,4304,8601,3624,3562,7186,3050,3513,6563,2252,3865,6117,727,2179,2906,41293,43083,84376
2020-10-22,5034,4617,9651,3363,3189,6552,6537,6219,12756,7063,6695,13758,5626,5254,10880,4350,4363,8713,3659,3604,7263,3077,3543,6620,2274,3901,6175,734,2198,2932,41717,43583,85300
2020-10-23,5061,4643,9704,3393,3213,6606,6593,6277,12870,7122,6766,13888,5673,5320,10993,4387,4404,8791,3695,3652,7347,3113,3581,6694,2296,3919,6215,739,2222,2961,42072,43997,86069
2020-10-24,5078,4666,9744,3409,3235,6644,6641,6307,12948,7166,6812,13978,5713,5356,11069,4412,4435,8847,3713,3678,7391,3138,3605,6743,2305,3942,6247,743,2235,2978,42318,44271,86589
2020-10-25,5112,4690,9802,3422,3259,6681,6694,6352,13046,7213,6878,14091,5753,5395,11148,4446,4476,8922,3742,3708,7450,3161,3632,6793,2313,3960,6273,747,2239,2986,42603,44589,87192
2020-10-26,5149,4720,9869,3472,3288,6760,6756,6415,13171,7296,6959,14255,5815,5472,11287,4492,4548,9040,3778,3754,7532,3196,3673,6869,2329,4004,6333,753,2258,3011,43036,45091,88127
2020-10-27,5187,4755,9942,3507,3313,6820,6837,6500,13337,7371,7028,14399,5901,5538,11439,4555,4617,9172,3835,3825,7660,3233,3718,6951,2346,4032,6378,756,2265,3021,43528,45591,89119
2020-10-28,5223,4791,10014,3535,3338,6873,6893,6573,13466,7439,7113,14552,5947,5602,11549,4605,4672,9277,3888,3864,7752,3261,3752,7013,2358,4065,6423,759,2279,3038,43908,46049,89957
2020-10-29,5253,4821,10074,3562,3359,6921,6980,6642,13622,7525,7192,14717,6007,5668,11675,4645,4717,9362,3936,3910,7846,3286,3782,7068,2373,4090,6463,762,2287,3049,44329,46468,90797
2020-10-30,5286,4845,10131,3587,3389,6976,7046,6730,13776,7597,7261,14858,6066,5725,11791,4686,4765,9451,3976,3962,7938,3310,3812,7122,2391,4120,6511,767,2304,3071,44712,46913,91625
2020-10-31,5311,4862,10173,3605,3407,7012,7084,6768,13852,7634,7317,14951,6099,5763,11862,4717,4796,9513,4003,3997,8000,3327,3834,7161,2398,4135,6533,770,2308,3078,44948,47187,92135
2020-11-01,5343,4886,10229,3626,3443,7069,7128,6817,13945,7686,7375,15061,6154,5799,11953,4756,4844,9600,4032,4036,8068,3351,3857,7208,2407,4154,6561,774,2316,3090,45257,47527,92784
2020-11-02,5377,4924,10301,3661,3479,7140,7196,6897,14093,7780,7452,15232,6211,5865,12076,4812,4894,9706,4086,4088,8174,3384,3889,7273,2425,4176,6601,776,2328,3104,45708,47992,93700
2020-11-03,5407,4949,10356,3682,3502,7184,7250,6968,14218,7844,7509,15353,6259,5900,12159,4856,4931,9787,4125,4123,8248,3414,3915,7329,2442,4208,6650,779,2341,3120,46058,48346,94404
2020-11-04,5442,4987,10429,3713,3534,7247,7327,7054,14381,7923,7592,15515,6339,5982,12321,4908,4990,9898,4182,4175,8357,3450,3950,7400,2460,4248,6708,790,2354,3144,46534,48866,95400
2020-11-05,5482,5026,10508,3768,3578,7346,7428,7139,14567,8022,7684,15706,6427,6061,12488,4975,5065,10040,4219,4223,8442,3483,3984,7467,2479,4276,6755,792,2368,3160,47075,49404,96479
2020-11-06,5504,5056,10560,3789,3610,7399,7478,7195,14673,8077,7743,15820,6463,6095,12558,5018,5112,10130,4251,4266,8517,3513,4022,7535,2492,4305,6797,795,2377,3172,47380,49781,97161
2020-11-07,5531,5080,10611,3809,3634,7443,7519,7242,14761,8122,7807,15929,6504,6135,12639,5052,5151,10203,4289,4305,8594,3539,4051,7590,2511,4325,6836,802,2382,3184,47678,50112,97790
2020-11-08,5563,5122,10685,3838,3663,7501,7575,7286,14861,8166,7868,16034,6549,6187,12736,5082,5186,10268,4326,4339,8665,3564,4079,7643,2522,4340,6862,806,2386,3192,47991,50456,98447
2020-11-09,5608,5170,10778,3892,3691,7583,7641,7359,15000,8242,7968,16210,6612,6257,12869,5141,5244,10385,4372,4397,8769,3587,4115,7702,2545,4376,6921,810,2395,3205,48450,50972,99422
2020-11-10,5640,5197,10837,3922,3718,7640,7704,7416,15120,8309,8035,16344,6665,6305,12970,5182,5290,10472,4430,4435,8865,3619,4147,7766,2565,4406,6971,814,2406,3220,48850,51355,100205
2020-11-11,5677,5229,10906,3944,3746,7690,7765,7488,15253,8389,8110,16499,6730,6363,13093,5230,5345,10575,4470,4473,8943,3649,4179,7828,2586,4439,7025,818,2425,3243,49258,51797,101055
2020-11-12,5724,5260,10984,3976,3777,7753,7825,7569,15394,8476,8187,16663,6803,6424,13227,5291,5383,10674,4506,4533,9039,3683,4221,7904,2605,4475,7080,821,2436,3257,49710,52265,101975
2020-11-13,5761,5286,11047,4016,3803,7819,7890,7651,15541,8539,8258,16797,6860,6483,13343,5340,5431,10771,4556,4587,9143,3720,4258,7978,2624,4509,7133,825,2450,3275,50131,52716,102847
2020-11-14,5806,5318,11124,4042,3826,7868,7930,7703,15633,8602,8320,16922,6898,6534,13432,5371,5468,10839,4592,4607,9199,3745,4290,8035,2632,4529,7161,829,2454,3283,50447,53049,103496
2020-11-15,5844,5353,11197,4064,3843,7907,7983,7768,15751,8661,8368,17029,6947,6581,13528,5411,5516,10927,4633,4646,9279,3765,4315,8080,2640,4553,7193,830,2468,3298,50778,53411,104189
2020-11-16,5880,5395,11275,4103,3874,7977,8036,7819,15855,8726,8438,17164,7017,6636,13653,5445,5564,11009,4672,4690,9362,3793,4350,8143,2658,4580,7238,835,2489,3324,51165,53835,105000
2020-11-17,5915,5437,11352,4140,3901,8041,8108,7897,16005,8820,8526,17346,7085,6703,13788,5492,5618,11110,4732,4758,9490,3834,4399,8233,2666,4616,7282,837,2498,3335,51629,54353,105982
2020-11-18,5953,5476,11429,4182,3940,8122,8190,7967,16157,8918,8616,17534,7152,6763,13915,5545,5662,11207,4773,4797,9570,3874,4441,8315,2681,4657,7338,840,2507,3347,52108,54826,106934
2020-11-19,5991,5502,11493,4228,3977,8205,8264,8041,16305,8997,8709,17706,7206,6821,14027,5594,5722,11316,4825,4849,9674,3911,4475,8386,2699,4692,7391,844,2518,3362,52559,55306,107865
2020-11-20,6026,5536,11562,4257,4011,8268,8335,8111,16446,9081,8780,17861,7256,6870,14126,5639,5766,11405,4874,4896,9770,3937,4502,8439,2717,4718,7435,849,2526,3375,52971,55716,108687
2020-11-21,6054,5562,11616,4281,4032,8313,8382,8154,16536,9131,8832,17963,7303,6909,14212,5669,5806,11475,4907,4925,9832,3959,4522,8481,2724,4729,7453,852,2536,3388,53262,56007,109269
2020-11-22,6082,5585,11667,4302,4052,8354,8429,8196,16625,9166,8883,18049,7345,6947,14292,5689,5826,11515,4928,4966,9894,3980,4536,8516,2732,4748,7480,853,2543,3396,53506,56282,109788
2020-11-23,6128,5621,11749,4327,4077,8404,8484,8249,16733,9221,8944,18165,7400,6988,14388,5729,5865,11594,4964,5005,9969,3998,4564,8562,2747,4775,7522,860,2556,3416,53858,56644,110502
2020-11-24,6161,5664,11825,4365,4111,8476,8552,8306,16858,9312,9015,18327,7464,7042,14506,5774,5915,11689,5009,5047,10056,4029,4603,8632,2770,4809,7579,863,2562,3425,54299,57074,111373
2020-11-25,6209,5705,11914,4404,4148,8552,8623,8375,16998,9394,9096,18490,7528,7099,14627,5820,5955,11775,5056,5088,10144,4051,4632,8683,2789,4834,7623,868,2571,3439,54742,57503,112245
2020-11-26,6244,5740,11984,4443,4185,8628,8698,8455,17153,9475,9190,18665,7575,7164,14739,5878,6006,11884,5111,5129,10240,4083,4675,8758,2803,4865,7668,877,2582,3459,55187,57991,113178
2020-11-27,6259,5770,12029,4466,4205,8671,8762,8527,17289,9531,9254,18785,7623,7203,14826,5927,6048,11975,5143,5165,10308,4109,4703,8812,2814,4896,7710,883,2588,3471,55517,58359,113876
2020-11-28,6303,5793,12096,4487,4227,8714,8820,8577,17397,9572,9311,18883,7662,7252,14914,5971,6084,12055,5162,5197,10359,4128,4730,8858,2824,4924,7748,885,2592,3477,55814,58687,114501
2020-11-29,6336,5823,12159,4500,4252,8752,8880,8639,17519,9628,9378,19006,7716,7291,15007,6008,6115,12123,5196,5235,10431,4146,4756,8902,2840,4936,7776,887,2599,3486,56137,59024,115161
2020-11-30,6380,5858,12238,4543,4283,8826,8983,8739,17722,9720,9468,19188,7803,7358,15161,6054,6176,12230,5253,5290,10543,4180,4802,8982,2858,4968,7826,895,2609,3504,56669,59551,116220
2020-12-01,6409,5899,12308,4568,4320,8888,9075,8819,17894,9792,9553,19345,7869,7427,15296,6087,6219,12306,5297,5351,10648,4217,4842,9059,2877,5000,7877,897,2613,3510,57088,60043,117131
2020-12-02,6429,5918,12347,4593,4337,8930,9126,8878,18004,9839,9624,19463,7923,7476,15399,6118,6254,12372,5320,5379,10699,4246,4869,9115,2892,5019,7911,903,2622,3525,57389,60376,117765
2020-12-03,6457,5957,12414,4628,4364,8992,9188,8980,18168,9926,9724,19650,7993,7544,15537,6164,6302,12466,5370,5439,10809,4276,4898,9174,2906,5039,7945,906,2633,3539,57814,60880,118694
2020-12-04,6487,5988,12475,4659,4406,9065,9261,9041,18302,9998,9795,19793,8063,7611,15674,6220,6361,12581,5419,5490,10909,4312,4935,9247,2923,5067,7990,913,2643,3556,58255,61337,119592
2020-12-05,6515,6014,12529,4686,4437,9123,9321,9095,18416,10064,9850,19914,8104,7646,15750,6250,6393,12643,5443,5512,10955,4330,4955,9285,2934,5086,8020,917,2650,3567,58564,61638,120202
2020-12-06,6536,6037,12573,4715,4454,9169,9371,9141,18512,10108,9891,19999,8136,7695,15831,6271,6422,12693,5472,5539,11011,4355,4983,9338,2949,5100,8049,918,2654,3572,58831,61916,120747
2020-12-07,6553,6072,12625,4746,4475,9221,9428,9202,18630,10175,9952,20127,8180,7748,15928,6308,6464,12772,5499,5568,11067,4374,5019,9393,2960,5118,8078,922,2660,3582,59145,62278,121423
2020-12-08,6583,6106,12689,4762,4501,9263,9484,9260,18744,10232,10018,20250,8217,7781,15998,6355,6508,12863,5531,5601,11132,4392,5049,9441,2967,5137,8104,927,2664,3591,59450,62625,122075
2020-12-09,6616,6133,12749,4790,4535,9325,9572,9359,18931,10331,10122,20453,8299,7843,16142,6439,6583,13022,5602,5677,11279,4437,5103,9540,2981,5171,8152,929,2681,3610,59996,63207,123203
2020-12-10,6656,6172,12828,4839,4586,9425,9673,9456,19129,10435,10254,20689,8382,7932,16314,6529,6674,13203,5678,5750,11428,4480,5131,9611,2997,5209,8206,936,2691,3627,60605,63855,124460
2020-12-11,6685,6212,12897,4880,4621,9501,9780,9564,19344,10557,10374,20931,8473,8024,16497,6613,6764,13377,5757,5843,11600,4525,5173,9698,3014,5236,8250,937,2699,3636,61221,64510,125731
2020-12-12,6712,6245,12957,4925,4650,9575,9867,9649,19516,10653,10481,21134,8567,8111,16678,6693,6823,13516,5804,5928,11732,4560,5226,9786,3025,5259,8284,939,2707,3646,61745,65079,126824
2020-12-13,6743,6272,13015,4954,4689,9643,9935,9723,19658,10745,10577,21322,8636,8189,16825,6773,6890,13663,5863,5973,11836,4593,5252,9845,3035,5280,8315,945,2711,3656,62222,65556,127778
2020-12-14,6792,6310,13102,4994,4733,9727,10036,9834,19870,10865,10683,21548,8726,8292,17018,6867,6976,13843,5933,6063,11996,4641,5308,9949,3053,5309,8362,954,2723,3677,62861,66231,129092
2020-12-15,6826,6348,13174,5039,4777,9816,10123,9926,20049,10980,10804,21784,8811,8367,17178,6954,7071,14025,6021,6152,12173,4685,5348,10033,3063,5327,8390,955,2735,3690,63457,66855,130312
2020-12-16,6848,6381,13229,5085,4830,9915,10235,10061,20296,11146,10969,22115,8909,8492,17401,7067,7164,14231,6129,6251,12380,4740,5409,10149,3083,5348,8431,959,2746,3705,64201,67651,131852
2020-12-17,6891,6426,13317,5141,4871,10012,10346,10185,20531,11312,11141,22453,9042,8625,17667,7163,7261,14424,6186,6333,12519,4783,5443,10226,3092,5370,8462,962,2753,3715,64918,68408,133326
2020-12-18,6943,6465,13408,5209,4938,10147,10484,10322,20806,11472,11324,22796,9184,8759,17943,7277,7375,14652,6313,6456,12769,4870,5510,10380,3108,5418,8526,967,2760,3727,65827,69327,135154
2020-12-19,6982,6497,13479,5260,4989,10249,10589,10448,21037,11655,11492,23147,9298,8871,18169,7375,7474,14849,6405,6569,12974,4914,5568,10482,3123,5445,8568,970,2764,3734,66571,70117,136688
2020-12-20,7014,6543,13557,5322,5048,10370,10706,10569,21275,11835,11660,23495,9428,9001,18429,7485,7589,15074,6507,6675,13182,4961,5617,10578,3134,5458,8592,973,2771,3744,67365,70931,138296
2020-12-21,7064,6592,13656,5400,5099,10499,10855,10714,21569,12018,11869,23887,9594,9138,18732,7599,7712,15311,6626,6805,13431,5026,5687,10713,3145,5493,8638,978,2777,3755,68305,71886,140191
2020-12-22,7110,6645,13755,5477,5170,10647,11019,10873,21892,12217,12084,24301,9766,9301,19067,7726,7832,15558,6772,6944,13716,5094,5741,10835,3163,5522,8685,982,2782,3764,69326,72894,142220
2020-12-23,7161,6699,13860,5555,5235,10790,11185,11037,22222,12445,12294,24739,9911,9470,19381,7858,7940,15798,6877,7061,13938,5148,5797,10945,3184,5560,8744,987,2796,3783,70311,73889,144200
2020-12-24,7192,6732,13924,5596,5283,10879,11285,11134,22419,12600,12409,25009,10014,9558,19572,7926,8013,15939,6935,7132,14067,5190,5830,11020,3189,5581,8770,989,2801,3790,70916,74473,145389
2020-12-25,7203,6747,13950,5610,5294,10904,11316,11152,22468,12633,12447,25080,10043,9574,19617,7945,8037,15982,6949,7150,14099,5204,5835,11039,3196,5594,8790,992,2805,3797,71091,74635,145726
2020-12-26,7250,6785,14035,5689,5382,11071,11441,11294,22735,12846,12640,25486,10167,9732,19899,8056,8149,16205,7022,7240,14262,5243,5888,11131,3214,5626,8840,993,2817,3810,71921,75553,147474
2020-12-27,7280,6811,14091,5777,5452,11229,11577,11406,22983,13053,12802,25855,10346,9887,20233,8175,8286,16461,7132,7351,14483,5289,5953,11242,3237,5660,8897,996,2829,3825,72862,76437,149299
2020-12-28,7338,6854,14192,5884,5558,11442,11772,11603,23375,13370,13099,26469,10556,10106,20662,8352,8458,16810,7256,7507,14763,5348,6027,11375,3263,5706,8969,1000,2845,3845,74139,77763,151902
2020-12-29,7382,6899,14281,5975,5654,11629,11972,11796,23768,13620,13316,26936,10752,10288,21040,8488,8584,17072,7366,7641,15007,5413,6094,11507,3287,5755,9042,1007,2856,3863,75262,78883,154145
2020-12-30,7430,6935,14365,6081,5766,11847,12171,11961,24132,13894,13569,27463,10936,10480,21416,8637,8764,17401,7485,7760,15245,5474,6169,11643,3313,5793,9106,1011,2867,3878,76432,80064,156496
2020-12-31,7459,6963,14422,6149,5836,11985,12319,12078,24397,14048,13755,27803,11072,10627,21699,8728,8844,17572,7541,7832,15373,5505,6210,11715,3324,5822,9146,1011,2875,3886,77156,80842,157998
2021-01-01,7474,6974,14448,6164,5858,12022,12343,12108,24451,14081,13793,27874,11104,10651,21755,8750,8876,17626,7556,7851,15407,5517,6225,11742,3329,5838,9167,1012,2879,3891,77330,81053,158383
2021-01-02,7522,7004,14526,6225,5929,12154,12480,12247,24727,14270,13967,28237,11238,10785,22023,8851,9013,17864,7678,7961,15639,5573,6283,11856,3343,5873,9216,1015,2887,3902,78195,81949,160144
2021-01-03,7554,7034,14588,6335,6018,12353,12669,12442,25111,14522,14237,28759,11431,11015,22446,9003,9200,18203,7822,8106,15928,5638,6367,12005,3360,5903,9263,1018,2893,3911,79352,83215,162567
2021-01-04,7601,7080,14681,6432,6091,12523,12933,12679,25612,14801,14560,29361,11667,11244,22911,9166,9375,18541,7947,8249,16196,5725,6445,12170,3394,5953,9347,1021,2905,3926,80687,84581,165268
2021-01-05,7635,7124,14759,6546,6176,12722,13194,12953,26147,15099,14883,29982,11907,11475,23382,9327,9559,18886,8087,8450,16537,5812,6544,12356,3419,6005,9424,1025,2916,3941,82051,86085,168136
2021-01-06,7678,7158,14836,6671,6288,12959,13456,13177,26633,15408,15165,30573,12174,11723,23897,9528,9746,19274,8235,8615,16850,5902,6647,12549,3446,6060,9506,1029,2934,3963,83527,87513,171040
2021-01-07,7716,7198,14914,6755,6382,13137,13655,13377,27032,15675,15394,31069,12372,11912,24284,9660,9909,19569,8347,8747,17094,5966,6740,12706,3467,6106,9573,1031,2944,3975,84644,88709,173353
2021-01-08,7763,7235,14998,6852,6494,13346,13874,13565,27439,15903,15640,31543,12536,12113,24649,9784,10050,19834,8441,8863,17304,6023,6829,12852,3493,6141,9634,1038,2952,3990,85707,89882,175589
2021-01-09,7794,7266,15060,6924,6564,13488,14032,13745,27777,16149,15871,32020,12690,12291,24981,9916,10197,20113,8533,8992,17525,6068,6899,12967,3509,6177,9686,1038,2964,4002,86653,90966,177619
2021-01-10,7836,7309,15145,7016,6664,13680,14198,13906,28104,16349,16131,32480,12865,12462,25327,10026,10341,20367,8640,9082,17722,6110,6962,13072,3520,6208,9728,1040,2974,4014,87600,92039,179639
2021-01-11,7886,7347,15233,7123,6774,13897,14438,14142,28580,16615,16448,33063,13077,12680,25757,10187,10500,20687,8747,9232,17979,6171,7027,13198,3539,6243,9782,1042,2981,4023,88825,93374,182199
2021-01-12,7940,7375,15315,7221,6871,14092,14646,14364,29010,16832,16670,33502,13252,12870,26122,10324,10667,20991,8859,9342,18201,6216,7083,13299,3565,6268,9833,1045,2990,4035,89900,94500,184400
2021-01-13,8007,7430,15437,7336,6989,14325,14899,14587,29486,17076,16913,33989,13450,13049,26499,10470,10842,21312,8973,9482,18455,6274,7146,13420,3586,6316,9902,1051,2994,4045,91122,95748,186870
2021-01-14,8054,7476,15530,7444,7103,14547,15114,14821,29935,17327,17171,34498,13631,13254,26885,10621,11027,21648,9085,9609,18694,6331,7212,13543,3603,6352,9955,1055,2999,4054,92265,97024,189289
2021-01-15,8106,7525,15631,7646,7274,14920,15375,15075,30450,17662,17515,35177,13904,13527,27431,10852,11263,22115,9226,9767,18993,6394,7301,13695,3624,6395,10019,1057,3010,4067,93846,98652,192498
2021-01-16,8135,7551,15686,7831,7447,15278,15594,15324,30918,17974,17843,35817,14193,13816,28009,11086,11471,22557,9373,9937,19310,6490,7401,13891,3646,6429,10075,1059,3020,4079,95381,100239,195620
2021-01-17,8166,7570,15736,8001,7607,15608,15802,15582,31384,18231,18127,36358,14479,14134,28613,11277,11667,22944,9484,10066,19550,6550,7468,14018,3665,6455,10120,1061,3022,4083,96716,101698,198414
2021-01-18,8212,7616,15828,8219,7822,16041,16095,15880,31975,18573,18475,37048,14810,14456,29266,11545,11924,23469,9662,10275,19937,6639,7576,14215,3691,6500,10191,1064,3031,4095,98510,103555,202065
2021-01-19,8266,7656,15922,8417,7986,16403,16393,16150,32543,18901,18803,37704,15131,14782,29913,11761,12171,23932,9844,10476,20320,6727,7687,14414,3709,6545,10254,1071,3048,4119,100220,105304,205524
2021-01-20,8316,7699,16015,8619,8182,16801,16653,16414,33067,19187,19075,38262,15435,15070,30505,12015,12424,24439,10040,10683,20723,6826,7801,14627,3733,6589,10322,1077,3061,4138,101901,106998,208899
2021-01-21,8370,7746,16116,8751,8323,17074,16886,16631,33517,19422,19323,38745,15642,15311,30953,12179,12642,24821,10190,10828,21018,6894,7881,14775,3769,6627,10396,1085,3072,4157,103188,108384,211572
2021-01-22,8409,7792,16201,8910,8460,17370,17082,16839,33921,19626,19544,39170,15847,15541,31388,12345,12821,25166,10321,10966,21287,6957,7961,14918,3786,6671,10457,1088,3075,4163,104371,109670,214041
2021-01-23,8442,7819,16261,9046,8587,17633,17301,17049,34350,19835,19777,39612,16047,15717,31764,12508,12989,25497,10411,11078,21489,7001,8015,15016,3800,6697,10497,1090,3081,4171,105481,110809,216290
2021-01-24,8470,7847,16317,9204,8733,17937,17528,17261,34789,20059,20013,40072,16277,15944,32221,12686,13173,25859,10534,11206,21740,7051,8081,15132,3820,6726,10546,1092,3088,4180,106721,112072,218793
2021-01-25,8514,7903,16417,9413,8903,18316,17824,17546,35370,20322,20314,40636,16556,16227,32783,12894,13399,26293,10705,11379,22084,7135,8179,15314,3850,6777,10627,1097,3101,4198,108310,113728,222038
2021-01-26,8577,7953,16530,9617,9055,18672,18077,17785,35862,20568,20561,41129,16799,16462,33261,13076,13612,26688,10836,11537,22373,7209,8264,15473,3874,6831,10705,1101,3117,4218,109734,115177,224911
2021-01-27,8637,8004,16641,9781,9220,19001,18307,18005,36312,20826,20826,41652,17030,16723,33753,13250,13818,27068,10970,11662,22632,7264,8331,15595,3903,6870,10773,1103,3135,4238,111071,116594,227665
2021-01-28,8688,8051,16739,9923,9334,19257,18508,18206,36714,21050,21042,42092,17212,16908,34120,13390,13993,27383,11082,11800,22882,7328,8409,15737,3928,6915,10843,1109,3149,4258,112218,117807,230025
2021-01-29,8730,8108,16838,10122,9505,19627,18762,18423,37185,21326,21340,42666,17465,17184,34649,13599,14215,27814,11248,12004,23252,7400,8513,15913,3951,6971,10922,1113,3159,4272,113716,119422,233138
2021-01-30,8759,8130,16889,10367,9738,20105,18985,18664,37649,21617,21664,43281,17784,17524,35308,13845,14480,28325,11401,12206,23607,7478,8618,16096,3970,7015,10985,1116,3167,4283,115322,121206,236528
2021-01-31,8787,8151,16938,10715,10068,20783,19269,18948,38217,21979,22026,44005,18264,17999,36263,14184,14813,28997,11592,12410,24002,7556,8719,16275,3993,7056,11049,1119,3178,4297,117458,123368,240826
2021-02-01,8831,8190,17021,11000,10390,21390,19538,19246,38784,22317,22395,44712,18666,18400,37066,14540,15133,29673,11810,12677,24487,7626,8851,16477,4027,7099,11126,1121,3188,4309,119476,125569,245045
2021-02-02,8870,8226,17096,11224,10639,21863,19796,19477,39273,22644,22759,45403,19075,18833,37908,14841,15454,30295,12038,12925,24963,7753,8989,16742,4058,7146,11204,1126,3200,4326,121425,127648,249073
2021-02-03,8911,8269,17180,11441,10820,22261,20028,19753,39781,22931,23065,45996,19402,19160,38562,15078,15721,30799,12237,13143,25380,7858,9128,16986,4092,7202,11294,1129,3211,4340,123107,129472,252579
2021-02-04,8960,8311,17271,11569,10937,22506,20220,19963,40183,23149,23309,46458,19598,19418,39016,15247,15916,31163,12349,13307,25656,7925,9229,17154,4113,7243,11356,1132,3227,4359,124262,130860,255122
2021-02-05,9005,8351,17356,11710,11057,22767,20391,20147,40538,23366,23518,46884,19786,19602,39388,15394,16092,31486,12478,13470,25948,7992,9307,17299,4129,7286,11415,1134,3235,4369,125385,132065,257450
2021-02-06,9028,8377,17405,11856,11199,23055,20545,20322,40867,23554,23761,47315,19981,19815,39796,15566,16275,31841,12577,13601,26178,8039,9383,17422,4146,7316,11462,1134,3242,4376,126426,133291,259717
2021-02-07,9059,8412,17471,12003,11335,23338,20699,20478,41177,23750,23980,47730,20177,20024,40201,15721,16468,32189,12676,13704,26380,8101,9445,17546,4162,7342,11504,1141,3247,4388,127489,134435,261924
2021-02-08,9102,8452,17554,12197,11547,23744,20925,20722,41647,24035,24287,48322,20497,20374,40871,15932,16708,32640,12820,13885,26705,8174,9542,17716,4188,7395,11583,1145,3262,4407,129015,136174,265189
2021-02-09,9144,8481,17625,12365,11722,24087,21137,20946,42083,24345,24560,48905,20768,20639,41407,16164,16937,33101,13000,14072,27072,8254,9645,17899,4217,7453,11670,1150,3276,4426,130544,137731,268275
2021-02-10,9187,8509,17696,12493,11848,24341,21323,21154,42477,24568,24826,49394,21037,20875,41912,16303,17140,33443,13131,14215,27346,8328,9733,18061,4245,7489,11734,1150,3285,4435,131765,139074,270839
2021-02-11,9231,8547,17778,12605,11976,24581,21485,21346,42831,24816,25060,49876,21251,21105,42356,16451,17322,33773,13265,14349,27614,8392,9802,18194,4267,7536,11803,1155,3295,4450,132918,140338,273256
2021-02-12,9275,8575,17850,12746,12109,24855,21644,21518,43162,25063,25298,50361,21484,21359,42843,16602,17497,34099,13386,14517,27903,8464,9886,18350,4291,7580,11871,1157,3308,4465,134112,141647,275759
2021-02-13,9299,8594,17893,12911,12278,25189,21806,21686,43492,25326,25556,50882,21749,21658,43407,16764,17693,34457,13511,14663,28174,8516,9954,18470,4310,7615,11925,1159,3319,4478,135351,143016,278367
2021-02-14,9320,8613,17933,13057,12447,25504,21936,21866,43802,25584,25862,51446,22043,21974,44017,16939,17894,34833,13650,14811,28461,8575,10051,18626,4325,7635,11960,1161,3332,4493,136590,144485,281075
2021-02-15,9345,8642,17987,13262,12677,25939,22126,22068,44194,25905,26204,52109,22424,22354,44778,17205,18135,35340,13792,14984,28776,8636,10144,18780,4341,7679,12020,1163,3345,4508,138199,146232,284431
2021-02-16,9372,8664,18036,13485,12869,26354,22379,22329,44708,26255,26617,52872,22764,22737,45501,17441,18333,35774,13918,15107,29025,8699,10226,18925,4354,7714,12068,1170,3351,4521,139837,147947,287784
2021-02-17,9403,8708,18111,13631,13016,26647,22689,22642,45331,26575,26943,53518,23031,23020,46051,17645,18563,36208,14110,15304,29414,8779,10328,19107,4375,7766,12141,1175,3364,4539,141413,149654,291067
2021-02-18,9434,8746,18180,13748,13156,26904,22935,22904,45839,26855,27268,54123,23280,23285,46565,17853,18761,36614,14247,15491,29738,8853,10431,19284,4402,7810,12212,1178,3368,4546,142785,151220,294005
2021-02-19,9478,8781,18259,13871,13289,27160,23175,23129,46304,27114,27557,54671,23507,23530,47037,18049,18972,37021,14392,15669,30061,8935,10539,19474,4420,7854,12274,1182,3377,4559,144123,152697,296820
2021-02-20,9512,8806,18318,13976,13408,27384,23374,23348,46722,27353,27805,55158,23737,23772,47509,18217,19175,37392,14499,15849,30348,8985,10611,19596,4441,7891,12332,1186,3380,4566,145280,154045,299325
2021-02-21,9550,8833,18383,14087,13528,27615,23541,23553,47094,27595,28069,55664,23954,24002,47956,18342,19348,37690,14620,15996,30616,9037,10680,19717,4460,7922,12382,1190,3386,4576,146376,155317,301693
2021-02-22,9598,8893,18491,14201,13670,27871,23756,23796,47552,27853,28369,56222,24182,24256,48438,18530,19544,38074,14751,16170,30921,9107,10772,19879,4499,7957,12456,1193,3392,4585,147670,156819,304489
2021-02-23,9656,8933,18589,14316,13784,28100,23951,23993,47944,28086,28635,56721,24389,24484,48873,18706,19730,38436,14891,16334,31225,9186,10879,20065,4527,7999,12526,1200,3407,4607,148908,158178,307086
2021-02-24,9696,8997,18693,14430,13903,28333,24108,24167,48275,28295,28866,57161,24533,24663,49196,18849,19886,38735,15031,16481,31512,9258,10969,20227,4548,8042,12590,1203,3416,4619,149951,159390,309341
2021-02-25,9761,9058,18819,14517,13996,28513,24283,24334,48617,28467,29058,57525,24704,24821,49525,18973,20038,39011,15139,16623,31762,9316,11058,20374,4565,8079,12644,1207,3432,4639,150932,160497,311429
2021-02-26,9812,9106,18918,14609,14097,28706,24459,24537,48996,28691,29258,57949,24873,25025,49898,19106,20200,39306,15249,16799,32048,9373,11141,20514,4582,8116,12698,1209,3449,4658,151963,161728,313691
2021-02-27,9843,9135,18978,14696,14210,28906,24607,24720,49327,28918,29497,58415,25045,25198,50243,19259,20384,39643,15390,16968,32358,9435,11222,20657,4602,8160,12762,1209,3456,4665,153004,162950,315954
2021-02-28,9870,9164,19034,14816,14341,29157,24802,24952,49754,29198,29803,59001,25268,25445,50713,19466,20644,40110,15583,17153,32736,9535,11334,20869,4622,8200,12822,1212,3465,4677,154372,164501,318873
2021-03-01,9947,9228,19175,14895,14445,29340,24988,25126,50114,29430,30013,59443,25464,25609,51073,19573,20790,40363,15702,17296,32998,9592,11434,21026,4646,8239,12885,1217,3478,4695,155454,165658,321112
2021-03-02,10029,9292,19321,15012,14542,29554,25140,25301,50441,29615,30215,59830,25619,25760,51379,19711,20948,40659,15793,17419,33212,9658,11492,21150,4675,8271,12946,1220,3485,4705,156472,166725,323197
2021-03-03,10105,9353,19458,15104,14615,29719,25266,25447,50713,29801,30374,60175,25750,25888,51638,19840,21091,40931,15922,17580,33502,9724,11583,21307,4690,8301,12991,1220,3500,4720,157422,167732,325154
2021-03-04,10169,9414,19583,15178,14706,29884,25397,25588,50985,29958,30512,60470,25870,26012,51882,19934,21226,41160,16023,17730,33753,9783,11680,21463,4710,8338,13048,1226,3514,4740,158248,168720,326968
2021-03-05,10226,9470,19696,15253,14789,30042,25536,25764,51300,30135,30686,60821,26005,26130,52135,20046,21362,41408,16132,17852,33984,9847,11760,21607,4726,8372,13098,1226,3520,4746,159132,169705,328837
2021-03-06,10260,9508,19768,15309,14849,30158,25671,25890,51561,30281,30834,61115,26122,26251,52373,20116,21481,41597,16212,17930,34142,9885,11820,21705,4747,8398,13145,1228,3526,4754,159831,170487,330318
2021-03-07,10297,9541,19838,15368,14906,30274,25777,26026,51803,30428,30988,61416,26206,26377,52583,20217,21613,41830,16320,18065,34385,9930,11883,21813,4768,8431,13199,1231,3529,4760,160542,171359,331901
2021-03-08,10364,9611,19975,15453,14994,30447,25919,26197,52116,30612,31181,61793,26342,26529,52871,20364,21774,42138,16464,18220,34684,10003,11964,21967,4788,8474,13262,1233,3540,4773,161542,172484,334026
2021-03-09,10454,9703,20157,15536,15075,30611,26057,26326,52383,30797,31364,62161,26512,26683,53195,20501,21927,42428,16589,18409,34998,10086,12066,22152,4810,8508,13318,1237,3547,4784,162579,173608,336187
2021-03-10,10550,9787,20337,15634,15156,30790,26189,26469,52658,30988,31549,62537,26638,26809,53447,20617,22079,42696,16705,18535,35240,10152,12166,22318,4829,8550,13379,1241,3556,4797,163543,174656,338199
2021-03-11,10628,9872,20500,15693,15236,30929,26299,26612,52911,31136,31692,62828,26735,26930,53665,20702,22190,42892,16789,18649,35438,10201,12231,22432,4853,8580,13433,1242,3570,4812,164278,175562,339840
2021-03-12,10716,9958,20674,15786,15329,31115,26424,26762,53186,31314,31863,63177,26860,27078,53938,20808,22342,43150,16897,18786,35683,10270,12315,22585,4874,8619,13493,1246,3582,4828,165195,176634,341829
2021-03-13,10779,10002,20781,15846,15399,31245,26567,26890,53457,31474,32035,63509,26989,27194,54183,20910,22470,43380,17028,18922,35950,10314,12383,22697,4883,8656,13539,1250,3585,4835,166040,177536,343576
2021-03-14,10828,10071,20899,15893,15464,31357,26684,27033,53717,31636,32226,63862,27113,27309,54422,21031,22629,43660,17159,19081,36240,10365,12468,22833,4900,8683,13583,1254,3594,4848,166863,178558,345421
2021-03-15,10959,10174,21133,15992,15562,31554,26826,27211,54037,31824,32436,64260,27290,27493,54783,21182,22787,43969,17307,19242,36549,10446,12580,23026,4918,8730,13648,1258,3609,4867,168002,179824,347826
2021-03-16,11057,10277,21334,16080,15661,31741,26952,27353,54305,32007,32619,64626,27434,27616,55050,21305,22939,44244,17426,19387,36813,10512,12678,23190,4930,8769,13699,1262,3625,4887,168965,180924,349889
2021-03-17,11132,10360,21492,16165,15739,31904,27076,27523,54599,32146,32756,64902,27544,27743,55287,21421,23067,44488,17540,19514,37054,10564,12764,23328,4947,8806,13753,1264,3638,4902,169799,181910,351709
2021-03-18,11214,10429,21643,16226,15807,32033,27190,27650,54840,32296,32882,65178,27636,27851,55487,21499,23173,44672,17628,19622,37250,10615,12829,23444,4964,8834,13798,1265,3647,4912,170533,182724,353257
2021-03-19,11302,10505,21807,16328,15900,32228,27311,27796,55107,32452,33049,65501,27734,27966,55700,21597,23297,44894,17721,19749,37470,10671,12892,23563,4977,8859,13836,1270,3654,4924,171363,183667,355030
2021-03-20,11335,10544,21879,16382,15965,32347,27415,27901,55316,32576,33185,65761,27826,28076,55902,21696,23410,45106,17808,19840,37648,10723,12946,23669,4992,8885,13877,1273,3661,4934,172026,184413,356439
2021-03-21,11390,10598,21988,16444,16031,32475,27531,28017,55548,32737,33327,66064,27920,28175,56095,21799,23536,45335,17887,19952,37839,10752,13007,23759,5009,8909,13918,1276,3671,4947,172745,185223,357968
2021-03-22,11465,10683,22148,16538,16109,32647,27664,28179,55843,32899,33496,66395,28058,28300,56358,21947,23678,45625,17991,20085,38076,10812,13081,23893,5030,8955,13985,1280,3693,4973,173684,186259,359943
2021-03-23,11553,10772,22325,16642,16209,32851,27799,28334,56133,33049,33646,66695,28184,28409,56593,22074,23801,45875,18102,20229,38331,10881,13163,24044,5053,8983,14036,1281,3704,4985,174618,187250,361868
2021-03-24,11602,10827,22429,16717,16269,32986,27899,28432,56331,33159,33790,66949,28266,28504,56770,22156,23900,46056,18163,20319,38482,10919,13231,24150,5066,9015,14081,1282,3710,4992,175229,187997,363226
2021-03-25,11668,10892,22560,16797,16354,33151,28014,28564,56578,33304,33937,67241,28395,28641,57036,22253,24022,46275,18253,20431,38684,10970,13295,24265,5090,9042,14132,1285,3715,5000,176029,188893,364922
2021-03-26,11760,10976,22736,16894,16463,33357,28160,28701,56861,33476,34094,67570,28524,28773,57297,22344,24164,46508,18336,20550,38886,11027,13360,24387,5110,9075,14185,1287,3726,5013,176918,189882,366800
2021-03-27,11831,11034,22865,16935,16517,33452,28270,28801,57071,33627,34239,67866,28637,28892,57529,22449,24286,46735,18434,20659,39093,11067,13418,24485,5122,9107,14229,1292,3731,5023,177664,190684,368348
2021-03-28,11885,11066,22951,16975,16579,33554,28352,28899,57251,33737,34384,68121,28754,29002,57756,22538,24403,46941,18515,20772,39287,11104,13459,24563,5138,9128,14266,1294,3736,5030,178292,191428,369720
2021-03-29,11970,11136,23106,17077,16657,33734,28470,29037,57507,33881,34554,68435,28896,29143,58039,22655,24520,47175,18607,20904,39511,11148,13511,24659,5155,9156,14311,1295,3747,5042,179154,192365,371519
2021-03-30,12043,11208,23251,17161,16751,33912,28569,29155,57724,34019,34691,68710,29012,29277,58289,22755,24623,47378,18694,21030,39724,11184,13561,24745,5173,9182,14355,1300,3754,5054,179910,193232,373142
2021-03-31,12108,11266,23374,17218,16801,34019,28676,29266,57942,34151,34822,68973,29097,29392,58489,22811,24719,47530,18745,21096,39841,11210,13601,24811,5189,9205,14394,1302,3763,5065,180507,193931,374438
2021-04-01,12163,11320,23483,17289,16866,34155,28793,29399,58192,34298,34944,69242,29199,29505,58704,22890,24827,47717,18820,21190,40010,11246,13645,24891,5202,9220,14422,1304,3773,5077,181204,194689,375893
2021-04-02,12230,11367,23597,17354,16940,34294,28890,29503,58393,34436,35063,69499,29302,29597,58899,22979,24922,47901,18883,21263,40146,11283,13678,24961,5214,9232,14446,1307,3778,5085,181878,195343,377221
2021-04-03,12271,11418,23689,17412,17013,34425,28983,29608,58591,34563,35206,69769,29413,29699,59112,23070,25030,48100,18964,21346,40310,11314,13726,25040,5230,9268,14498,1312,3782,5094,182532,196096,378628
2021-04-04,12333,11462,23795,17525,17119,34644,29121,29759,58880,34738,35403,70141,29550,29875,59425,23165,25162,48327,19036,21437,40473,11344,13776,25120,5248,9292,14540,1313,3788,5101,183373,197073,380446
2021-04-05,12413,11543,23956,17666,17271,34937,29287,29972,59259,34967,35615,70582,29748,30090,59838,23309,25329,48638,19132,21570,40702,11392,13835,25227,5260,9328,14588,1318,3797,5115,184492,198350,382842
2021-04-06,12489,11647,24136,17798,17394,35192,29525,30152,59677,35198,35868,71066,29940,30279,60219,23433,25485,48918,19229,21734,40963,11449,13923,25372,5284,9362,14646,1321,3810,5131,185666,199654,385320
2021-04-07,12585,11731,24316,17944,17525,35469,29721,30354,60075,35405,36110,71515,30141,30468,60609,23570,25653,49223,19317,21878,41195,11504,14002,25506,5298,9401,14699,1322,3818,5140,186807,200940,387747
2021-04-08,12667,11807,24474,18055,17632,35687,29880,30549,60429,35611,36336,71947,30291,30633,60924,23679,25792,49471,19408,22000,41408,11553,14065,25618,5314,9432,14746,1322,3830,5152,187780,202076,389856
2021-04-09,12740,11871,24611,18135,17717,35852,29984,30674,60658,35747,36476,72223,30427,30751,61178,23767,25896,49663,19475,22081,41556,11588,14113,25701,5322,9452,14774,1325,3838,5163,188510,202869,391379
2021-04-10,12785,11922,24707,18223,17806,36029,30126,30809,60935,35908,36629,72537,30538,30868,61406,23863,26008,49871,19550,22158,41708,11604,14146,25750,5327,9467,14794,1326,3841,5167,189250,203654,392904
2021-04-11,12832,11974,24806,18289,17884,36173,30222,30904,61126,36019,36775,72794,30651,30982,61633,23948,26090,50038,19620,22234,41854,11624,14180,25804,5339,9489,14828,1328,3846,5174,189872,204358,394230
2021-04-12,12913,12042,24955,18402,17987,36389,30341,31044,61385,36188,36955,73143,30786,31143,61929,24061,26255,50316,19711,22340,42051,11651,14234,25885,5353,9516,14869,1329,3858,5187,190735,205374,396109
2021-04-13,13003,12100,25103,18474,18060,36534,30475,31161,61636,36362,37120,73482,30919,31277,62196,24161,26366,50527,19775,22418,42193,11691,14264,25955,5361,9531,14892,1332,3866,5198,191553,206163,397716
2021-04-14,13083,12167,25250,18549,18115,36664,30557,31257,61814,36465,37221,73686,30995,31378,62373,24231,26444,50675,19868,22508,42376,11728,14317,26045,5375,9552,14927,1337,3871,5208,192188,206830,399018
2021-04-15,13175,12239,25414,18641,18222,36863,30699,31402,62101,36638,37386,74024,31169,31538,62707,24352,26606,50958,19943,22599,42542,11757,14359,26116,5390,9575,14965,1339,3880,5219,193103,207806,400909
2021-04-16,13254,12315,25569,18719,18302,37021,30858,31566,62424,36826,37581,74407,31316,31701,63017,24487,26764,51251,20049,22723,42772,11787,14408,26195,5398,9597,14995,1340,3890,5230,194034,208847,402881
2021-04-17,13329,12382,25711,18798,18383,37181,30996,31674,62670,37018,37733,74751,31457,31838,63295,24593,26880,51473,20132,22814,42946,11818,14464,26282,5409,9623,15032,1343,3894,5237,194893,209685,404578
2021-04-18,13377,12432,25809,18852,18428,37280,31094,31776,62870,37144,37876,75020,31586,31954,63540,24688,26980,51668,20219,22892,43111,11846,14500,26346,5429,9643,15072,1345,3901,5246,195580,210382,405962
2021-04-19,13461,12499,25960,18939,18517,37456,31270,31933,63203,37337,38056,75393,31748,32113,63861,24824,27124,51948,20326,23006,43332,11885,14561,26446,5436,9679,15115,1350,3914,5264,196576,211402,407978
2021-04-20,13550,12594,26144,19023,18600,37623,31398,32070,63468,37490,38204,75694,31895,32269,64164,24944,27236,52180,20426,23127,43553,11926,14609,26535,5461,9708,15169,1354,3924,5278,197467,212341,409808
2021-04-21,13639,12660,26299,19100,18653,37753,31522,32171,63693,37629,38339,75968,32008,32394,64402,25039,27342,52381,20511,23221,43732,11963,14645,26608,5471,9746,15217,1357,3932,5289,198239,213103,411342
2021-04-22,13738,12735,26473,19199,18734,37933,31659,32302,63961,37796,38513,76309,32169,32585,64754,25162,27475,52637,20600,23341,43941,12002,14715,26717,5485,9784,15269,1358,3940,5298,199168,214124,413292
2021-04-23,13822,12809,26631,19272,18815,38087,31802,32441,64243,37985,38690,76675,32315,32758,65073,25288,27636,52924,20688,23461,44149,12049,14780,26829,5501,9806,15307,1362,3946,5308,200084,215142,415226
2021-04-24,13869,12847,26716,19309,18840,38149,31840,32492,64332,38048,38747,76795,32372,32826,65198,25321,27673,52994,20712,23492,44204,12073,14818,26891,5508,9826,15334,1364,3961,5325,200416,215522,415938
2021-04-25,13930,12902,26832,19365,18890,38255,31918,32587,64505,38177,38859,77036,32488,32934,65422,25425,27783,53208,20778,23558,44336,12101,14850,26951,5517,9848,15365,1365,3964,5329,201064,216175,417239
2021-04-26,14009,12991,27000,19456,18974,38430,32064,32720,64784,38352,39033,77385,32637,33091,65728,25566,27931,53497,20861,23655,44516,12159,14916,27075,5529,9873,15402,1370,3970,5340,202003,217154,419157
2021-04-27,14080,13060,27140,19534,19055,38589,32218,32892,65110,38503,39191,77694,32762,33246,66008,25679,28053,53732,20950,23746,44696,12202,14988,27190,5550,9901,15451,1374,3979,5353,202852,218111,420963
2021-04-28,14164,13141,27305,19625,19140,38765,32353,33023,65376,38667,39346,78013,32911,33379,66290,25784,28168,53952,21023,23834,44857,12240,15038,27278,5559,9926,15485,1378,3987,5365,203704,218982,422686
2021-04-29,14257,13226,27483,19738,19247,38985,32513,33199,65712,38876,39556,78432,33102,33538,66640,25921,28332,54253,21112,23959,45071,12298,15116,27414,5588,9972,15560,1380,4002,5382,204785,220147,424932
2021-04-30,14352,13302,27654,19819,19316,39135,32597,33313,65910,38982,39692,78674,33198,33658,66856,26006,28427,54433,21176,24058,45234,12350,15173,27523,5610,10008,15618,1383,4019,5402,205473,220966,426439
2021-05-01,14413,13354,27767,19889,19364,39253,32682,33404,66086,39117,39813,78930,33313,33786,67099,26090,28535,54625,21237,24127,45364,12391,15221,27612,5626,10044,15670,1383,4024,5407,206141,221672,427813
2021-05-02,14478,13406,27884,19956,19436,39392,32799,33538,66337,39287,39992,79279,33438,33969,67407,26210,28668,54878,21321,24238,45559,12428,15277,27705,5641,10066,15707,1386,4040,5426,206944,222630,429574
2021-05-03,14604,13517,28121,20059,19550,39609,33032,33776,66808,39567,40289,79856,33679,34245,67924,26394,28923,55317,21475,24449,45924,12506,15385,27891,5664,10118,15782,1388,4056,5444,208368,224308,432676
2021-05-04,14701,13607,28308,20174,19667,39841,33254,33970,67224,39818,40547,80365,33892,34459,68351,26568,29150,55718,21596,24628,46224,12589,15498,28087,5688,10157,15845,1389,4074,5463,209669,225757,435426
2021-05-05,14809,13697,28506,20281,19761,40042,33441,34177,67618,40056,40792,80848,34104,34648,68752,26720,29334,56054,21705,24748,46453,12658,15574,28232,5720,10192,15912,1396,4088,5484,210890,227011,437901
2021-05-06,14896,13789,28685,20419,19890,40309,33631,34409,68040,40297,41039,81336,34342,34866,69208,26885,29525,56410,21824,24876,46700,12721,15646,28367,5749,10238,15987,1400,4110,5510,212164,228388,440552
2021-05-07,14995,13887,28882,20567,20016,40583,33840,34651,68491,40521,41313,81834,34575,35112,69687,27027,29731,56758,21950,25020,46970,12784,15738,28522,5768,10268,16036,1403,4116,5519,213430,229852,443282
2021-05-08,15045,13943,28988,20630,20065,40695,33953,34778,68731,40690,41462,82152,34682,35227,69909,27115,29832,56947,22009,25088,47097,12824,15770,28594,5787,10295,16082,1404,4127,5531,214139,230587,444726
2021-05-09,15110,14006,29116,20691,20129,40820,34049,34896,68945,40824,41612,82436,34809,35360,70169,27204,29935,57139,22071,25164,47235,12867,15823,28690,5803,10318,16121,1413,4129,5542,214841,231372,446213
2021-05-10,15219,14111,29330,20798,20236,41034,34270,35102,69372,41084,41855,82939,35017,35611,70628,27386,30124,57510,22216,25319,47535,12935,15920,28855,5830,10368,16198,1414,4138,5552,216169,232784,448953
2021-05-11,15317,14194,29511,20896,20330,41226,34423,35259,69682,41291,42054,83345,35188,35770,70958,27512,30267,57779,22337,25450,47787,12993,16002,28995,5853,10398,16251,1419,4146,5565,217229,233870,451099
2021-05-12,15408,14274,29682,20999,20411,41410,34564,35429,69993,41501,42214,83715,35375,35946,71321,27656,30413,58069,22442,25576,48018,13038,16069,29107,5868,10434,16302,1423,4156,5579,218274,234922,453196
2021-05-13,15534,14354,29888,21081,20485,41566,34734,35619,70353,41688,42432,84120,35553,36107,71660,27768,30564,58332,22531,25689,48220,13080,16134,29214,5886,10480,16366,1424,4161,5585,219279,236025,455304
2021-05-14,15639,14463,30102,21185,20616,41801,34937,35849,70786,41952,42676,84628,35739,36358,72097,27942,30754,58696,22649,25843,48492,13137,16211,29348,5916,10519,16435,1429,4169,5598,220525,237458,457983
2021-05-15,15713,14545,30258,21265,20697,41962,35068,36006,71074,42121,42877,84998,35894,36542,72436,28066,30887,58953,22735,25957,48692,13171,16253,29424,5935,10548,16483,1430,4183,5613,221398,238495,459893
2021-05-16,15774,14612,30386,21334,20768,42102,35178,36096,71274,42261,43042,85303,36029,36683,72712,28180,31010,59190,22814,26040,48854,13209,16298,29507,5950,10579,16529,1431,4195,5626,222160,239323,461483
2021-05-17,15937,14749,30686,21478,20908,42386,35408,36352,71760,42575,43364,85939,36307,36984,73291,28410,31258,59668,22964,26225,49189,13301,16421,29722,5987,10642,16629,1434,4211,5645,223801,241114,464915
2021-05-18,16068,14889,30957,21618,21047,42665,35665,36575,72240,42878,43672,86550,36629,37274,73903,28639,31478,60117,23101,26391,49492,13375,16512,29887,6015,10688,16703,1439,4221,5660,225427,242747,468174
2021-05-19,16212,15008,31220,21764,21186,42950,35924,36851,72775,43194,44000,87194,36934,37550,74484,28844,31714,60558,23255,26569,49824,13449,16602,30051,6042,10727,16769,1445,4238,5683,227063,244445,471508
2021-05-20,16355,15148,31503,21910,21349,43259,36229,37140,73369,43544,44319,87863,37217,37827,75044,29046,31950,60996,23415,26742,50157,13527,16702,30229,6073,10778,16851,1450,4253,5703,228766,246208,474974
2021-05-21,16466,15241,31707,22027,21471,43498,36450,37389,73839,43824,44631,88455,37473,38086,75559,29231,32160,61391,23549,26917,50466,13594,16765,30359,6102,10833,16935,1451,4264,5715,230167,247757,477924
2021-05-22,16526,15289,31815,22093,21551,43644,36566,37534,74100,44007,44803,88810,37615,38227,75842,29329,32277,61606,23620,26983,50603,13628,16805,30433,6119,10866,16985,1452,4276,5728,230955,248611,479566
2021-05-23,16585,15341,31926,22145,21617,43762,36660,37640,74300,44134,44944,89078,37732,38332,76064,29421,32401,61822,23681,27066,50747,13666,16840,30506,6130,10912,17042,1461,4290,5751,231615,249383,480998
2021-05-24,16673,15399,32072,22232,21725,43957,36839,37804,74643,44358,45180,89538,37917,38559,76476,29586,32615,62201,23792,27212,51004,13735,16922,30657,6155,10953,17108,1464,4300,5764,232751,250669,483420
2021-05-25,16746,15451,32197,22307,21811,44118,37011,37976,74987,44552,45373,89925,38106,38731,76837,29753,32780,62533,23891,27328,51219,13794,16984,30778,6171,10989,17160,1469,4309,5778,233800,251732,485532
2021-05-26,16853,15536,32389,22427,21949,44376,37254,38207,75461,44805,45635,90440,38357,38983,77340,29980,33017,62997,24018,27500,51518,13872,17078,30950,6196,11051,17247,1476,4316,5792,235238,253272,488510
2021-05-27,16936,15614,32550,22515,22050,44565,37446,38419,75865,45055,45877,90932,38543,39167,77710,30159,33222,63381,24126,27630,51756,13949,17154,31103,6217,11089,17306,1478,4331,5809,236424,254553,490977
2021-05-28,17029,15699,32728,22632,22194,44826,37686,38658,76344,45325,46129,91454,38790,39437,78227,30407,33489,63896,24272,27832,52104,14015,17241,31256,6241,11132,17373,1483,4343,5826,237880,256154,494034
2021-05-29,17093,15761,32854,22700,22270,44970,37826,38825,76651,45536,46305,91841,38984,39610,78594,30520,33632,64152,24356,27932,52288,14059,17296,31355,6260,11173,17433,1488,4356,5844,238822,257160,495982
2021-05-30,17132,15809,32941,22752,22323,45075,37953,38966,76919,45699,46461,92160,39134,39738,78872,30607,33743,64350,24422,28000,52422,14087,17342,31429,6275,11199,17474,1491,4365,5856,239552,257946,497498
2021-05-31,17221,15891,33112,22875,22435,45310,38192,39192,77384,46003,46734,92737,39376,39981,79357,30760,33923,64683,24535,28158,52693,14168,17443,31611,6302,11253,17555,1492,4381,5873,240924,259391,500315
2021-06-01,17318,15981,33299,22981,22538,45519,38392,39381,77773,46253,46975,93228,39566,40200,79766,30930,34122,65052,24676,28315,52991,14247,17527,31774,6335,11295,17630,1496,4392,5888,242194,260726,502920
2021-06-02,17437,16070,33507,23093,22655,45748,38603,39628,78231,46492,47251,93743,39794,40436,80230,31083,34300,65383,24799,28481,53280,14321,17621,31942,6366,11346,17712,1503,4407,5910,243491,262195,505686
2021-06-03,17534,16174,33708,23230,22754,45984,38827,39836,78663,46743,47507,94250,40032,40675,80707,31241,34490,65731,24932,28640,53572,14396,17712,32108,6393,11374,17767,1507,4424,5931,244835,263586,508421
2021-06-04,17671,16292,33963,23356,22881,46237,39081,40084,79165,47008,47780,94788,40278,40919,81197,31440,34743,66183,25053,28794,53847,14477,17821,32298,6418,11431,17849,1508,4433,5941,246290,265178,511468
2021-06-05,17745,16369,34114,23422,22946,46368,39207,40240,79447,47180,47958,95138,40432,41073,81505,31556,34863,66419,25116,28874,53990,14520,17896,32416,6433,11456,17889,1513,4446,5959,247124,266121,513245
2021-06-06,17822,16456,34278,23496,23018,46514,39330,40371,79701,47340,48113,95453,40572,41213,81785,31684,34985,66669,25183,28971,54154,14563,17954,32517,6445,11482,17927,1513,4458,5971,247948,267021,514969
2021-06-07,17929,16592,34521,23624,23144,46768,39548,40589,80137,47605,48372,95977,40781,41464,82245,31881,35206,67087,25336,29151,54487,14664,18084,32748,6481,11556,18037,1520,4492,6012,249369,268650,518019
2021-06-08,18058,16715,34773,23727,23254,46981,39756,40833,80589,47870,48617,96487,41002,41676,82678,32069,35429,67498,25440,29278,54718,14733,18210,32943,6507,11606,18113,1523,4510,6033,250685,270128,520813
2021-06-09,18179,16842,35021,23846,23356,47202,40000,41072,81072,48146,48910,97056,41236,41920,83156,32254,35661,67915,25559,29429,54988,14810,18299,33109,6542,11665,18207,1527,4528,6055,252099,271682,523781
2021-06-10,18297,16972,35269,23947,23475,47422,40230,41317,81547,48403,49203,97606,41445,42144,83589,32410,35867,68277,25667,29586,55253,14892,18415,33307,6570,11709,18279,1532,4548,6080,253393,273236,526629
2021-06-11,18408,17076,35484,24032,23586,47618,40450,41555,82005,48659,49493,98152,41678,42400,84078,32597,36061,68658,25787,29728,55515,14968,18529,33497,6602,11779,18381,1539,4562,6101,254720,274769,529489
2021-06-12,18498,17153,35651,24110,23659,47769,40603,41721,82324,48851,49684,98535,41834,42563,84397,32707,36210,68917,25868,29841,55709,15011,18604,33615,6628,11812,18440,1543,4573,6116,255653,275820,531473
2021-06-13,18586,17246,35832,24188,23741,47929,40731,41837,82568,48999,49835,98834,41987,42714,84701,32826,36345,69171,25944,29936,55880,15048,18654,33702,6647,11845,18492,1547,4585,6132,256503,276738,533241
2021-06-14,18732,17362,36094,24307,23869,48176,40922,42078,83000,49258,50114,99372,42226,42965,85191,33003,36574,69577,26063,30113,56176,15140,18757,33897,6676,11893,18569,1563,4604,6167,257890,278329,536219
2021-06-15,18865,17499,36364,24440,23988,48428,41147,42311,83458,49513,50390,99903,42448,43217,85665,33183,36774,69957,26200,30255,56455,15214,18846,34060,6709,11935,18644,1566,4621,6187,259285,279836,539121
2021-06-16,18998,17635,36633,24562,24105,48667,41371,42538,83909,49767,50670,100437,42684,43475,86159,33336,36964,70300,26313,30392,56705,15281,18930,34211,6740,11976,18716,1567,4634,6201,260619,281319,541938
2021-06-17,19136,17761,36897,24694,24248,48942,41612,42788,84400,50030,50979,101009,42923,43739,86662,33477,37157,70634,26438,30544,56982,15373,19036,34409,6763,12023,18786,1569,4645,6214,262015,282920,544935
2021-06-18,19247,17857,37104,24806,24366,49172,41837,42972,84809,50288,51257,101545,43138,44014,87152,33605,37351,70956,26531,30688,57219,15427,19122,34549,6790,12052,18842,1574,4659,6233,263243,284338,547581
2021-06-19,19334,17953,37287,24885,24432,49317,41971,43117,85088,50440,51455,101895,43291,44189,87480,33698,37462,71160,26624,30780,57404,15487,19188,34675,6814,12105,18919,1577,4677,6254,264121,285358,549479
2021-06-20,19423,18018,37441,24945,24472,49417,42051,43210,85261,50545,51604,102149,43401,44306,87707,33779,37562,71341,26688,30861,57549,15534,19237,34771,6826,12132,18958,1578,4684,6262,264770,286086,550856
2021-06-21,19525,18114,37639,25028,24543,49571,42163,43361,85524,50737,51781,102518,43573,44473,88046,33911,37701,71612,26762,30952,57714,15584,19308,34892,6855,12160,19015,1581,4689,6270,265719,287082,552801
2021-06-22,19691,18249,37940,25160,24669,49829,42364,43605,85969,50991,52053,103044,43839,44750,88589,34081,37891,71972,26915,31128,58043,15657,19418,35075,6881,12211,19092,1592,4701,6293,267171,288675,555846
2021-06-23,19863,18386,38249,25312,24805,50117,42564,43847,86411,51270,52356,103626,44084,45049,89133,34225,38076,72301,27048,31282,58330,15733,19528,35261,6916,12264,19180,1598,4719,6317,268613,290312,558925
2021-06-24,20039,18523,38562,25447,24949,50396,42776,44104,86880,51524,52676,104200,44341,45316,89657,34370,38285,72655,27184,31450,58634,15805,19621,35426,6936,12315,19251,1600,4732,6332,270022,291971,561993
2021-06-25,20218,18671,38889,25582,25099,50681,42996,44365,87361,51833,53054,104887,44578,45592,90170,34573,38518,73091,27332,31652,58984,15882,19742,35624,6966,12373,19339,1609,4752,6361,271569,293818,565387
2021-06-26,20307,18753,39060,25650,25180,50830,43114,44478,87592,52008,53230,105238,44712,45758,90470,34677,38614,73291,27429,31786,59215,15949,19838,35787,6985,12408,19393,1613,4768,6381,272444,294813,567257
2021-06-27,20410,18834,39244,25710,25244,50954,43220,44607,87827,52147,53379,105526,44827,45893,90720,34756,38702,73458,27498,31864,59362,15995,19898,35893,6995,12442,19437,1614,4777,6391,273172,295640,568812
2021-06-28,20536,18933,39469,25780,25316,51096,43327,44763,88090,52332,53556,105888,44968,46069,91037,34864,38812,73676,27589,31953,59542,16054,19971,36025,7026,12473,19499,1616,4792,6408,274092,296638,570730
2021-06-29,20666,19090,39756,25906,25440,51346,43523,45005,88528,52569,53794,106363,45162,46275,91437,35016,38972,73988,27710,32075,59785,16130,20054,36184,7047,12527,19574,1618,4817,6435,275347,298049,573396
2021-06-30,20830,19249,40079,26048,25565,51613,43737,45238,88975,52853,54064,106917,45386,46505,91891,35159,39193,74352,27809,32227,60036,16201,20138,36339,7077,12571,19648,1623,4834,6457,276723,299584,576307
2021-07-01,20953,19373,40326,26152,25684,51836,43935,45448,89383,53072,54349,107421,45570,46727,92297,35293,39376,74669,27909,32370,60279,16269,20224,36493,7105,12622,19727,1627,4849,6476,277885,301022,578907
2021-07-02,21124,19511,40635,26319,25817,52136,44144,45691,89835,53329,54669,107998,45749,46986,92735,35440,39583,75023,28024,32531,60555,16341,20321,36662,7129,12667,19796,1631,4862,6493,279230,302638,581868
2021-07-03,21223,19619,40842,26410,25915,52325,44273,45845,90118,53506,54886,108392,45894,47170,93064,35546,39708,75254,28118,32637,60755,16391,20392,36783,7145,12702,19847,1638,4877,6515,280144,303751,583895
2021-07-04,21322,19749,41071,26490,25990,52480,44373,45982,90355,53642,55057,108699,46006,47305,93311,35641,39834,75475,28189,32731,60920,16425,20461,36886,7157,12732,19889,1642,4888,6530,280887,304729,585616
2021-07-05,21515,19923,41438,26637,26131,52768,44613,46223,90836,53937,55373,109310,46222,47570,93792,35806,40045,75851,28316,32874,61190,16514,20559,37073,7190,12783,19973,1648,4905,6553,282398,306386,588784
2021-07-06,21723,20126,41849,26844,26280,53124,44864,46491,91355,54232,55717,109949,46476,47861,94337,35952,40248,76200,28433,33037,61470,16594,20666,37260,7215,12835,20050,1651,4934,6585,283984,308195,592179
2021-07-07,21907,20308,42215,27014,26435,53449,45118,46745,91863,54509,56036,110545,46738,48120,94858,36144,40427,76571,28541,33171,61712,16663,20738,37401,7238,12892,20130,1660,4945,6605,285532,309817,595349
2021-07-08,22082,20495,42577,27192,26599,53791,45396,47034,92430,54827,56397,111224,46991,48444,95435,36336,40667,77003,28662,33361,62023,16740,20857,37597,7279,12933,20212,1663,4962,6625,287168,311749,598917
2021-07-09,22209,20627,42836,27320,26715,54035,45569,47220,92789,55032,56643,111675,47188,48664,95852,36470,40810,77280,28764,33461,62225,16786,20923,37709,7305,12975,20280,1671,4974,6645,288314,313012,601326
2021-07-10,22324,20757,43081,27441,26819,54260,45713,47383,93096,55220,56869,112089,47341,48862,96203,36599,40965,77564,28852,33578,62430,16840,20999,37839,7324,13017,20341,1676,4985,6661,289330,314234,603564
2021-07-11,22471,20887,43358,27536,26897,54433,45844,47515,93359,55386,57079,112465,47491,49068,96559,36716,41093,77809,28938,33675,62613,16891,21063,37954,7337,13040,20377,1683,4997,6680,290293,315314,605607
2021-07-12,22682,21093,43775,27711,27072,54783,46107,47818,93925,55725,57419,113144,47784,49409,97193,36905,41344,78249,29095,33847,62942,16977,21160,38137,7365,13085,20450,1694,5016,6710,292045,317263,609308
2021-07-13,22904,21263,44167,27893,27249,55142,46375,48073,94448,56002,57735,113737,48035,49704,97739,37093,41579,78672,29221,34004,63225,17056,21268,38324,7392,13142,20534,1704,5033,6737,293675,319050,612725
2021-07-14,23122,21470,44592,28125,27434,55559,46676,48365,95041,56293,58085,114378,48305,50022,98327,37293,41833,79126,29381,34173,63554,17123,21359,38482,7417,13192,20609,1708,5046,6754,295443,320979,616422
2021-07-15,23316,21639,44955,28364,27640,56004,46974,48657,95631,56626,58443,115069,48616,50393,99009,37508,42077,79585,29510,34351,63861,17198,21468,38666,7441,13238,20679,1715,5066,6781,297268,322972,620240
2021-07-16,23478,21801,45279,28533,27819,56352,47240,48944,96184,56933,58790,115723,48940,50736,99676,37699,42292,79991,29631,34515,64146,17256,21564,38820,7467,13287,20754,1718,5081,6799,298895,324829,623724
2021-07-17,23589,21927,45516,28655,27939,56594,47422,49141,96563,57135,59044,116179,49133,50956,100089,37844,42456,80300,29732,34622,64354,17317,21630,38947,7478,13306,20784,1722,5091,6813,300027,326112,626139
2021-07-18,23700,22021,45721,28747,28044,56791,47568,49317,96885,57302,59246,116548,49302,51141,100443,37978,42602,80580,29802,34714,64516,17374,21698,39072,7505,13344,20849,1724,5098,6822,301002,327225,628227
2021-07-19,23875,22174,46049,28877,28172,57049,47838,49600,97438,57549,59533,117082,49554,51440,100994,38167,42856,81023,29955,34895,64850,17459,21820,39279,7540,13394,20934,1729,5104,6833,302543,328988,631531
2021-07-20,24040,22333,46373,28999,28309,57308,48062,49860,97922,57800,59812,117612,49778,51690,101468,38334,43044,81378,30090,35052,65142,17529,21920,39449,7565,13440,21005,1733,5124,6857,303930,330584,634514
2021-07-21,24227,22502,46729,29192,28472,57664,48333,50138,98471,58092,60158,118250,50040,52030,102070,38561,43320,81881,30248,35268,65516,17612,22059,39671,7597,13505,21102,1737,5140,6877,305639,332592,638231
2021-07-22,24401,22650,47051,29387,28644,58031,48579,50444,99023,58427,60532,118959,50370,52409,102779,38780,43585,82365,30381,35439,65820,17698,22162,39860,7629,13557,21186,1741,5150,6891,307393,334572,641965
2021-07-23,24550,22765,47315,29520,28782,58302,48796,50664,99460,58696,60852,119548,50604,52698,103302,38961,43784,82745,30491,35580,66071,17752,22262,40014,7647,13596,21243,1746,5166,6912,308763,336149,644912
2021-07-24,24674,22894,47568,29647,28937,58584,48998,50871,99869,58959,61157,120116,50869,52970,103839,39117,43983,83100,30594,35734,66328,17821,22338,40159,7671,13628,21299,1749,5174,6923,310099,337686,647785
2021-07-25,24783,23005,47788,29787,29087,58874,49145,51047,100192,59191,61445,120636,51201,53295,104496,39295,44166,83461,30706,35841,66547,17892,22416,40308,7684,13657,21341,1755,5184,6939,311439,339143,650582
2021-07-26,24924,23184,48108,29996,29338,59334,49387,51386,100773,59548,61858,121406,51577,53734,105311,39556,44468,84024,30868,36057,66925,17982,22570,40552,7721,13729,21450,1763,5203,6966,313322,341527,654849
2021-07-27,25037,23305,48342,30113,29493,59606,49577,51601,101178,59781,62122,121903,51809,53968,105777,39710,44641,84351,30976,36188,67164,18047,22671,40718,7751,13768,21519,1767,5216,6983,314568,342973,657541
2021-07-28,25154,23425,48579,30250,29653,59903,49817,51853,101670,60052,62410,122462,52052,54227,106279,39890,44860,84750,31126,36348,67474,18123,22768,40891,7774,13806,21580,1773,5221,6994,316011,344571,660582
2021-07-29,25289,23536,48825,30411,29802,60213,50022,52097,102119,60339,62756,123095,52286,54529,106815,40060,45061,85121,31254,36502,67756,18188,22860,41048,7796,13835,21631,1776,5238,7014,317421,346216,663637
2021-07-30,25440,23668,49108,30597,29990,60587,50315,52432,102747,60678,63190,123868,52596,54937,107533,40311,45366,85677,31434,36724,68158,18264,22988,41252,7830,13893,21723,1784,5252,7036,319249,348440,667689
2021-07-31,25592,23822,49414,30758,30198,60956,50495,52668,103163,60992,63579,124571,52959,55351,108310,40540,45606,86146,31561,36907,68468,18346,23092,41438,7853,13917,21770,1786,5266,7052,320882,350406,671288
2021-08-01,25743,23994,49737,30915,30399,61314,50634,52838,103472,61246,63899,125145,53295,55730,109025,40710,45807,86517,31671,37034,68705,18400,23187,41587,7873,13964,21837,1793,5277,7070,322280,352129,674409
2021-08-02,25964,24180,50144,31128,30632,61760,50887,53153,104040,61603,64301,125904,53671,56179,109850,40945,46124,87069,31881,37286,69167,18502,23324,41826,7918,14029,21947,1798,5296,7094,324297,354504,678801
2021-08-03,26202,24389,50591,31336,30874,62210,51129,53461,104590,61921,64706,126627,53992,56584,110576,41186,46433,87619,32055,37551,69606,18627,23475,42102,7947,14091,22038,1802,5315,7117,326197,356879,683076
2021-08-04,26421,24579,51000,31522,31051,62573,51369,53734,105103,62231,65031,127262,54240,56887,111127,41364,46677,88041,32212,37742,69954,18695,23600,42295,7969,14139,22108,1804,5333,7137,327827,358773,686600
2021-08-05,26657,24830,51487,31716,31274,62990,51693,54096,105789,62583,65443,128026,54588,57306,111894,41630,46999,88629,32387,37956,70343,18788,23734,42522,8004,14202,22206,1813,5347,7160,329859,361187,691046
2021-08-06,26926,25044,51970,32006,31510,63516,52045,54498,106543,62965,65910,128875,54936,57747,112683,41869,47343,89212,32599,38253,70852,18896,23914,42810,8038,14246,22284,1816,5362,7178,332096,363827,695923
2021-08-07,27087,25226,52313,32160,31697,63857,52244,54723,106967,63221,66198,129419,55158,58011,113169,42033,47555,89588,32727,38422,71149,18968,24044,43012,8061,14292,22353,1822,5366,7188,333481,365534,699015
2021-08-08,27319,25449,52768,32338,31876,64214,52391,54929,107320,63443,66454,129897,55398,58311,113709,42189,47764,89953,32866,38587,71453,19041,24114,43155,8078,14335,22413,1828,5379,7207,334891,367198,702089
2021-08-09,27691,25780,53471,32574,32137,64711,52682,55345,108027,63868,66885,130753,55742,58767,114509,42475,48114,90589,33065,38837,71902,19161,24235,43396,8118,14395,22513,1840,5397,7237,337216,369892,707108
2021-08-10,28106,26151,54257,32894,32452,65346,53009,55775,108784,64264,67387,131651,56096,59235,115331,42775,48464,91239,33265,39099,72364,19290,24391,43681,8156,14456,22612,1842,5416,7258,339697,372826,712523
2021-08-11,28449,26500,54949,33223,32780,66003,53369,56220,109589,64700,67902,132602,56499,59736,116235,43052,48821,91873,33461,39347,72808,19401,24520,43921,8200,14524,22724,1851,5439,7290,342205,375789,717994
2021-08-12,28817,26849,55666,33537,33108,66645,53699,56632,110331,65091,68371,133462,56879,60206,117085,43301,49168,92469,33639,39557,73196,19511,24636,44147,8243,14573,22816,1859,5460,7319,344576,378560,723136
2021-08-13,29260,27236,56496,33954,33537,67491,54081,57135,111216,65594,68974,134568,57326,60786,118112,43595,49614,93209,33845,39838,73683,19641,24812,44453,8295,14636,22931,1864,5476,7340,347455,382044,729499
2021-08-14,29536,27504,57040,34209,33772,67981,54295,57416,111711,65919,69343,135262,57619,61186,118805,43782,49892,93674,33985,40013,73998,19738,24916,44654,8321,14681,23002,1867,5488,7355,349271,384211,733482
2021-08-15,29768,27716,57484,34400,33943,68343,54476,57593,112069,66159,69655,135814,57846,61463,119309,43966,50109,94075,34104,40181,74285,19824,25010,44834,8343,14727,23070,1870,5500,7370,350756,385897,736653
2021-08-16,30075,28003,58078,34637,34182,68819,54660,57840,112500,66424,70005,136429,58111,61827,119938,44166,50334,94500,34212,40340,74552,19915,25120,45035,8370,14766,23136,1876,5513,7389,352446,387930,740376
2021-08-17,30566,28388,58954,35018,34551,69569,55003,58293,113296,66926,70582,137508,58479,62419,120898,44483,50752,95235,34416,40606,75022,20043,25266,45309,8403,14847,23250,1884,5534,7418,355221,391238,746459
2021-08-18,31041,28826,59867,35451,34939,70390,55294,58666,113960,67350,71119,138469,58851,62878,121729,44734,51109,95843,34602,40851,75453,20168,25423,45591,8432,14922,23354,1900,5554,7454,357823,394287,752110
2021-08-19,31470,29216,60686,35818,35307,71125,55568,59069,114637,67802,71641,139443,59207,63366,122573,45007,51447,96454,34774,41090,75864,20263,25542,45805,8461,14974,23435,1909,5566,7475,360279,397218,757497
2021-08-20,31981,29695,61676,36264,35742,72006,55890,59480,115370,68223,72221,140444,59609,63906,123515,45274,51833,97107,34983,41374,76357,20381,25698,46079,8493,15040,23533,1918,5588,7506,363016,400577,763593
2021-08-21,32251,29998,62249,36500,35976,72476,56098,59778,115876,68548,72632,141180,59891,64258,124149,45485,52093,97578,35129,41575,76704,20460,25811,46271,8523,15085,23608,1921,5604,7525,364806,402810,767616
2021-08-22,32650,30348,62998,36738,36214,72952,56269,60002,116271,68848,73040,141888,60178,64637,124815,45704,52370,98074,35273,41759,77032,20554,25915,46469,8550,15126,23676,1925,5619,7544,366689,405030,771719
2021-08-23,33337,31035,64372,37197,36670,73867,56629,60455,117084,69342,73636,142978,60605,65224,125829,45995,52767,98762,35494,42075,77569,20688,26093,46781,8593,15192,23785,1929,5637,7566,369809,408784,778593
2021-08-24,34047,31702,65749,37656,37098,74754,56959,60895,117854,69754,74245,143999,60992,65736,126728,46262,53148,99410,35691,42364,78055,20789,26245,47034,8645,15251,23896,1934,5654,7588,372729,412338,785067
2021-08-25,34745,32358,67103,38082,37520,75602,57245,61295,118540,70151,74837,144988,61381,66272,127653,46524,53492,100016,35903,42647,78550,20918,26397,47315,8691,15291,23982,1942,5682,7624,375582,415791,791373
2021-08-26,35434,33011,68445,38528,37945,76473,57556,61751,119307,70589,75427,146016,61781,66806,128587,46764,53875,100639,36100,42897,78997,21032,26573,47605,8730,15359,24089,1948,5698,7646,378462,419342,797804
2021-08-27,36201,33669,69870,38973,38448,77421,57854,62164,120018,71028,76052,147080,62154,67384,129538,47053,54268,101321,36310,43171,79481,21145,26728,47873,8760,15428,24188,1953,5711,7664,381431,423023,804454
2021-08-28,36615,34021,70636,39214,38667,77881,58054,62434,120488,71335,76439,147774,62409,67768,130177,47229,54489,101718,36451,43354,79805,21210,26826,48036,8796,15468,24264,1956,5718,7674,383269,425184,808453
2021-08-29,37078,34451,71529,39406,38888,78294,58196,62645,120841,71609,76788,148397,62664,68098,130762,47401,54728,102129,36582,43506,80088,21286,26919,48205,8835,15513,24348,1958,5725,7683,385015,427261,812276
2021-08-30,37879,35172,73051,39840,39275,79115,58471,63022,121493,72024,77325,149349,63069,68579,131648,47634,55052,102686,36771,43777,80548,21391,27070,48461,8885,15582,24467,1962,5744,7706,387926,430598,818524
2021-08-31,38759,35961,74720,40389,39748,80137,58773,63445,122218,72445,77873,150318,63454,69126,132580,47917,55406,103323,36993,44082,81075,21506,27249,48755,8923,15644,24567,1972,5760,7732,391131,434294,825425
2021-09-01,39570,36691,76261,40887,40201,81088,59066,63788,122854,72855,78442,151297,63806,69570,133376,48148,55724,103872,37190,44297,81487,21602,27410,49012,8961,15718,24679,1976,5777,7753,394061,437618,831679
2021-09-02,40213,37297,77510,41251,40563,81814,59306,64102,123408,73235,78881,152116,64088,70014,134102,48354,56010,104364,37356,44502,81858,21704,27520,49224,8989,15764,24753,1982,5793,7775,396478,440446,836924
2021-09-03,40726,37787,78513,41630,40937,82567,59574,64414,123988,73608,79330,152938,64442,70464,134906,48564,56329,104893,37541,44759,82300,21816,27671,49487,9020,15813,24833,1983,5805,7788,398904,443309,842213
2021-09-04,41047,38086,79133,41797,41097,82894,59705,64602,124307,73836,79627,153463,64673,70730,135403,48717,56517,105234,37652,44900,82552,21884,27772,49656,9045,15860,24905,1986,5817,7803,400342,445008,845350
2021-09-05,41393,38418,79811,41971,41280,83251,59861,64768,124629,74103,79963,154066,64894,71013,135907,48862,56712,105574,37782,45064,82846,21977,27875,49852,9068,15893,24961,1993,5829,7822,401904,446815,848719
2021-09-06,42093,39096,81189,42337,41633,83970,60132,65122,125254,74488,80455,154943,65256,71474,136730,49113,57047,106160,37988,45313,83301,22116,28022,50138,9106,15963,25069,2000,5854,7854,404629,449979,854608
2021-09-07,42691,39737,82428,42665,42020,84685,60380,65421,125801,74812,80884,155696,65538,71868,137406,49323,57325,106648,38143,45522,83665,22200,28160,50360,9137,16022,25159,2005,5882,7887,406894,452841,859735
2021-09-08,43148,40232,83380,43007,42315,85322,60593,65654,126247,75120,81234,156354,65798,72226,138024,49535,57572,107107,38278,45683,83961,22279,28261,50540,9168,16063,25231,2013,5896,7909,408939,455136,864075
2021-09-09,43652,40703,84355,43308,42577,85885,60776,65935,126711,75423,81579,157002,66045,72547,138592,49704,57828,107532,38427,45840,84267,22368,28371,50739,9205,16119,25324,2018,5912,7930,410926,457411,868337
2021-09-10,44163,41135,85298,43661,42937,86598,61100,66394,127494,75895,82185,158080,66500,73186,139686,50089,58316,108405,38682,46223,84905,22486,28552,51038,9261,16174,25435,2026,5928,7954,413863,461030,874893
2021-09-11,44432,41416,85848,43860,43161,87021,61361,66738,128099,76234,82634,158868,66849,73590,140439,50352,58648,109000,38887,46503,85390,22574,28707,51281,9290,16206,25496,2030,5934,7964,415869,463537,879406
2021-09-12,44697,41667,86364,43990,43302,87292,61476,66880,128356,76424,82868,159292,67052,73803,140855,50491,58811,109302,38997,46652,85649,22629,28784,51413,9304,16235,25539,2036,5943,7979,417096,464945,882041
2021-09-13,45236,42209,87445,44297,43648,87945,61722,67197,128919,76775,83331,160106,67400,74225,141625,50719,59141,109860,39204,46879,86083,22752,28950,51702,9338,16306,25644,2044,5960,8004,419487,467846,887333
2021-09-14,45782,42703,88485,44600,43931,88531,61927,67455,129382,77058,83728,160786,67645,74564,142209,50896,59413,110309,39358,47104,86462,22852,29091,51943,9362,16353,25715,2050,5974,8024,421530,470316,891846
2021-09-15,46205,43092,89297,44874,44165,89039,62077,67689,129766,77286,84082,161368,67862,74875,142737,51046,59615,110661,39473,47274,86747,22927,29189,52116,9395,16404,25799,2056,5997,8053,423201,472382,895583
2021-09-16,46618,43460,90078,45135,44433,89568,62251,67926,130177,77526,84453,161979,68098,75219,143317,51220,59829,111049,39593,47469,87062,23013,29315,52328,9427,16456,25883,2067,6012,8079,424948,474572,899520
2021-09-17,47142,43933,91075,45466,44768,90234,62435,68199,130634,77793,84827,162620,68373,75550,143923,51388,60075,111463,39724,47646,87370,23119,29454,52573,9455,16517,25972,2071,6022,8093,426966,476991,903957
2021-09-18,47416,44182,91598,45607,44916,90523,62571,68379,130950,77986,85064,163050,68551,75789,144340,51526,60241,111767,39852,47823,87675,23184,29555,52739,9486,16553,26039,2075,6034,8109,428254,478536,906790
2021-09-19,47723,44462,92185,45735,45045,90780,62690,68525,131215,78173,85307,163480,68742,75981,144723,51645,60403,112048,39947,47932,87879,23240,29637,52877,9503,16593,26096,2081,6042,8123,429479,479927,909406
2021-09-20,48294,45040,93334,46157,45475,91632,62875,68795,131670,78489,85683,164172,69022,76311,145333,51846,60668,112514,40125,48147,88272,23339,29762,53101,9531,16647,26178,2090,6052,8142,431768,482580,914348
2021-09-21,48753,45490,94243,46338,45672,92010,63037,69041,132078,78752,85979,164731,69254,76587,145841,51996,60878,112874,40269,48339,88608,23444,29884,53328,9565,16700,26265,2093,6062,8155,433501,484632,918133
2021-09-22,49283,45933,95216,46712,46017,92729,63197,69286,132483,79003,86357,165360,69474,76883,146357,52140,61118,113258,40400,48531,88931,23541,29990,53531,9584,16752,26336,2099,6082,8181,435433,486949,922382
2021-09-23,49721,46345,96066,47076,46391,93467,63362,69522,132884,79265,86729,165994,69701,77192,146893,52288,61343,113631,40566,48750,89316,23636,30112,53748,9610,16791,26401,2106,6096,8202,437331,489271,926602
2021-09-24,50110,46749,96859,47332,46601,93933,63519,69716,133235,79473,86981,166454,69894,77470,147364,52430,61543,113973,40696,48926,89622,23709,30237,53946,9637,16843,26480,2110,6102,8212,438910,491168,930078
2021-09-25,50341,46942,97283,47444,46710,94154,63622,69862,133484,79629,87178,166807,70034,77649,147683,52536,61672,114208,40789,49041,89830,23775,30317,54092,9661,16879,26540,2112,6117,8229,439943,492367,932310
2021-09-26,50606,47168,97774,47560,46840,94400,63712,69987,133699,79789,87381,167170,70210,77840,148050,52640,61820,114460,40896,49155,90051,23830,30386,54216,9679,16909,26588,2114,6126,8240,441036,493612,934648
2021-09-27,51096,47600,98696,47914,47123,95037,63889,70226,134115,80058,87705,167763,70481,78106,148587,52809,62049,114858,41044,49362,90406,23942,30517,54459,9705,16966,26671,2123,6144,8267,443061,495798,938859
2021-09-28,51585,48002,99587,48344,47580,95924,64035,70458,134493,80303,88003,168306,70699,78388,149087,52963,62253,115216,41174,49524,90698,24026,30602,54628,9725,17017,26742,2128,6155,8283,444982,497982,942964
2021-09-29,52006,48357,100363,48658,47895,96553,64199,70688,134887,80541,88324,168865,70921,78653,149574,53117,62451,115568,41303,49706,91009,24119,30744,54863,9765,17062,26827,2137,6164,8301,446766,500044,946810
2021-09-30,52345,48680,101025,49051,48309,97360,64344,70888,135232,80757,88583,169340,71090,78880,149970,53264,62626,115890,41418,49873,91291,24185,30850,55035,9790,17122,26912,2143,6177,8320,448387,501988,950375
2021-10-01,52771,48996,101767,49473,48733,98206,64525,71101,135626,80984,88915,169899,71331,79150,150481,53431,62810,116241,41546,50056,91602,24277,30973,55250,9821,17183,27004,2147,6197,8344,450306,504114,954420
2021-10-02,52989,49218,102207,49602,48856,98458,64654,71258,135912,81129,89137,170266,71468,79307,150775,53542,62950,116492,41641,50194,91835,24354,31051,55405,9837,17222,27059,2149,6206,8355,451365,505399,956764
2021-10-03,53190,49396,102586,49722,48961,98683,64772,71408,136180,81276,89296,170572,71603,79464,151067,53634,63075,116709,41710,50311,92021,24399,31122,55521,9856,17256,27112,2150,6210,8360,452312,506499,958811
2021-10-04,53622,49814,103436,50166,49338,99504,64966,71657,136623,81491,89652,171143,71831,79750,151581,53808,63315,117123,41858,50525,92383,24499,31263,55762,9886,17298,27184,2156,6224,8380,454283,508836,963119
2021-10-05,54052,50192,104244,50547,49807,100354,65129,71892,137021,81764,89988,171752,72057,80026,152083,53971,63546,117517,41979,50708,92687,24577,31385,55962,9918,17348,27266,2167,6237,8404,456161,511129,967290
2021-10-06,54399,50492,104891,50879,50166,101045,65324,72121,137445,82033,90336,172369,72287,80312,152599,54124,63785,117909,42119,50874,92993,24651,31507,56158,9953,17387,27340,2173,6246,8419,457942,513226,971168
2021-10-07,54687,50786,105473,51065,50380,101445,65507,72358,137865,82291,90667,172958,72526,80619,153145,54294,64010,118304,42245,51065,93310,24758,31610,56368,9981,17434,27415,2176,6261,8437,459530,515190,974720
2021-10-08,54836,50927,105763,51195,50533,101728,65664,72525,138189,82483,90891,173374,72722,80821,153543,54422,64191,118613,42384,51233,93617,24826,31687,56513,10002,17467,27469,2183,6276,8459,460717,516551,977268
2021-10-09,54965,51056,106021,51356,50691,102047,65793,72680,138473,82652,91101,173753,72889,81019,153908,54552,64351,118903,42504,51379,93883,24900,31788,56688,10021,17508,27529,2188,6285,8473,461820,517858,979678
2021-10-10,55139,51230,106369,51458,50798,102256,65903,72827,138730,82821,91291,174112,73057,81205,154262,54666,64503,119169,42615,51510,94125,24958,31871,56829,10041,17544,27585,2192,6291,8483,462850,519070,981920
2021-10-11,55332,51405,106737,51605,50955,102560,66067,73001,139068,83046,91513,174559,73260,81444,154704,54817,64694,119511,42750,51674,94424,25046,31971,57017,10062,17577,27639,2198,6302,8500,464183,520536,984719
2021-10-12,55689,51735,107424,51980,51344,103324,66287,73303,139590,83360,91872,175232,73535,81793,155328,55013,64951,119964,42922,51918,94840,25154,32110,57264,10098,17634,27732,2206,6322,8528,466244,522982,989226
2021-10-13,56053,52070,108123,52360,51736,104096,66537,73609,140146,83700,92230,175930,73828,82129,155957,55215,65182,120397,43075,52127,95202,25260,32255,57515,10126,17679,27805,2211,6330,8541,468365,525347,993712
2021-10-14,56394,52403,108797,52779,52143,104922,66767,73900,140667,83982,92582,176564,74112,82477,156589,55427,65460,120887,43252,52358,95610,25370,32386,57756,10158,17741,27899,2219,6348,8567,470460,527798,998258
2021-10-15,56680,52655,109335,53070,52450,105520,66952,74182,141134,84264,92911,177175,74348,82767,157115,55620,65669,121289,43399,52574,95973,25461,32528,57989,10181,17785,27966,2221,6357,8578,472196,529878,1002074
2021-10-16,56848,52814,109662,53249,52667,105916,67102,74343,141445,84494,93151,177645,74545,83007,157552,55773,65864,121637,43532,52761,96293,25564,32659,58223,10216,17830,28046,2224,6369,8593,473547,531465,1005012
2021-10-17,57004,52940,109944,53425,52824,106249,67203,74483,141686,84667,93349,178016,74711,83208,157919,55901,66007,121908,43625,52879,96504,25637,32747,58384,10236,17859,28095,2225,6373,8598,474634,532669,1007303
2021-10-18,57388,53314,110702,53707,53122,106829,67427,74772,142199,84964,93673,178637,74967,83525,158492,56103,66277,122380,43814,53138,96952,25753,32902,58655,10281,17924,28205,2230,6383,8613,476634,535030,1011664
2021-10-19,57810,53717,111527,53990,53437,107427,67620,75009,142629,85213,93985,179198,75156,83833,158989,56265,66478,122743,43966,53313,97279,25857,33029,58886,10313,17983,28296,2236,6402,8638,478426,537186,1015612
2021-10-20,58236,54109,112345,54297,53774,108071,67857,75318,143175,85484,94360,179844,75404,84164,159568,56451,66719,123170,44103,53524,97627,25960,33178,59138,10343,18030,28373,2241,6412,8653,480376,539588,1019964
2021-10-21,58691,54537,113228,54596,54122,108718,68066,75598,143664,85764,94786,180550,75646,84515,160161,56621,67016,123637,44247,53746,97993,26064,33323,59387,10371,18094,28465,2244,6433,8677,482310,542170,1024480
2021-10-22,59114,54970,114084,54975,54555,109530,68262,75906,144168,86057,95194,181251,75923,84924,160847,56821,67304,124125,44412,53997,98409,26174,33461,59635,10409,18158,28567,2253,6447,8700,484400,544916,1029316
2021-10-23,59372,55208,114580,55201,54758,109959,68382,76082,144464,86258,95431,181689,76118,85177,161295,56967,67499,124466,44534,54155,98689,26246,33550,59796,10427,18197,28624,2259,6460,8719,485764,546517,1032281
2021-10-24,59662,55463,115125,55373,54913,110286,68478,76252,144730,86453,95689,182142,76295,85409,161704,57115,67690,124805,44638,54288,98926,26304,33638,59942,10452,18219,28671,2261,6467,8728,487031,548028,1035059
2021-10-25,60201,56015,116216,55714,55248,110962,68735,76598,145333,86814,96113,182927,76618,85801,162419,57329,68016,125345,44848,54591,99439,26417,33804,60221,10484,18268,28752,2264,6477,8741,489424,550931,1040355
2021-10-26,60713,56496,117209,56122,55608,111730,68990,76922,145912,87113,96505,183618,76881,86171,163052,57541,68309,125850,45054,54853,99907,26521,33946,60467,10512,18331,28843,2267,6487,8754,491714,553628,1045342
2021-10-27,61174,56932,118106,56495,55925,112420,69220,77189,146409,87381,96882,184263,77145,86503,163648,57730,68585,126315,45214,55081,100295,26638,34064,60702,10546,18386,28932,2270,6500,8770,493813,556047,1049860
2021-10-28,61631,57376,119007,56865,56290,113155,69424,77481,146905,87686,97234,184920,77385,86828,164213,57908,68818,126726,45389,55281,100670,26729,34190,60919,10585,18439,29024,2277,6515,8792,495879,558452,1054331
2021-10-29,62037,57776,119813,57234,56661,113895,69615,77772,147387,87996,97609,185605,77695,87200,164895,58105,69108,127213,45561,55517,101078,26847,34354,61201,10616,18504,29120,2280,6528,8808,497986,561029,1059015
2021-10-30,62263,57979,120242,57455,56890,114345,69750,77921,147671,88203,97877,186080,77913,87461,165374,58268,69290,127558,45692,55678,101370,26934,34455,61389,10646,18547,29193,2284,6535,8819,499408,562633,1062041
2021-10-31,62465,58191,120656,57652,57104,114756,69868,78064,147932,88364,98091,186455,78089,87689,165778,58414,69465,127879,45798,55810,101608,26990,34549,61539,10668,18576,29244,2288,6548,8836,500596,564087,1064683
2021-11-01,62859,58599,121458,57966,57431,115397,70042,78361,148403,88665,98491,187156,78438,88100,166538,58666,69793,128459,46006,56089,102095,27131,34722,61853,10696,18633,29329,2296,6562,8858,502765,566781,1069546
2021-11-02,63265,58983,122248,58283,57737,116020,70226,78625,148851,88930,98823,187753,78664,88457,167121,58833,70047,128880,46182,56311,102493,27234,34852,62086,10735,18689,29424,2300,6575,8875,504652,569099,1073751
2021-11-03,63690,59317,123007,58631,58131,116762,70424,78898,149322,89225,99182,188407,78958,88836,167794,59061,70332,129393,46356,56517,102873,27339,34997,62336,10768,18731,29499,2301,6585,8886,506753,571526,1078279
2021-11-04,64049,59639,123688,58950,58451,117401,70609,79158,149767,89504,99544,189048,79222,89185,168407,59282,70618,129900,46532,56736,103268,27437,35130,62567,10802,18781,29583,2307,6597,8904,508694,573839,1082533
2021-11-05,64373,59953,124326,59242,58774,118016,70820,79424,150244,89773,99906,189679,79477,89541,169018,59502,70879,130381,46711,56961,103672,27533,35254,62787,10837,18829,29666,2312,6612,8924,510580,576133,1086713
2021-11-06,64578,60126,124704,59453,58980,118433,70952,79599,150551,89984,100125,190109,79653,89757,169410,59639,71070,130709,46827,57088,103915,27604,35342,62946,10861,18866,29727,2314,6622,8936,511865,577575,1089440
2021-11-07,64777,60344,125121,59650,59184,118834,71057,79766,150823,90135,100325,190460,79823,89973,169796,59780,71248,131028,46931,57233,104164,27660,35419,63079,10889,18881,29770,2319,6627,8946,513021,579000,1092021
2021-11-08,65263,60769,126032,59956,59490,119446,71293,80072,151365,90469,100709,191178,80114,90410,170524,59997,71560,131557,47117,57461,104578,27774,35572,63346,10934,18943,29877,2323,6640,8963,515240,581626,1096866
2021-11-09,65686,61144,126830,60257,59787,120044,71475,80357,151832,90758,101041,191799,80403,90755,171158,60186,71815,132001,47262,57627,104889,27862,35677,63539,10962,19000,29962,2329,6648,8977,517180,583851,1101031
2021-11-10,66109,61483,127592,60563,60120,120683,71724,80680,152404,91044,101429,192473,80698,91125,171823,60419,72086,132505,47398,57827,105225,27938,35799,63737,10985,19051,30036,2334,6660,8994,519212,586260,1105472
2021-11-11,66523,61866,128389,60872,60452,121324,71946,80960,152906,91366,101864,193230,80962,91491,172453,60609,72369,132978,47539,58011,105550,28027,35912,63939,11015,19107,30122,2336,6671,9007,521195,588703,1109898
2021-11-12,66874,62209,129083,61243,60839,122082,72178,81246,153424,91686,102344,194030,81272,91929,173201,60861,72712,133573,47754,58335,106089,28137,36075,64212,11057,19155,30212,2338,6685,9023,523400,591529,1114929
2021-11-13,67093,62423,129516,61559,61127,122686,72334,81466,153800,91935,102617,194552,81488,92190,173678,61011,72941,133952,47885,58503,106388,28240,36224,64464,11082,19196,30278,2340,6699,9039,524967,593386,1118353
2021-11-14,67287,62608,129895,61695,61242,122937,72423,81594,154017,92089,102809,194898,81634,92352,173986,61098,73068,134166,47957,58629,106586,28298,36301,64599,11092,19216,30308,2345,6710,9055,525918,594529,1120447
2021-11-15,67702,63003,130705,62009,61541,123550,72612,81880,154492,92402,103188,195590,81898,92754,174652,61295,73376,134671,48152,58887,107039,28422,36480,64902,11132,19277,30409,2350,6723,9073,527974,597109,1125083
2021-11-16,68083,63383,131466,62313,61798,124111,72807,82170,154977,92663,103596,196259,82189,93110,175299,61515,73652,135167,48329,59122,107451,28520,36617,65137,11162,19313,30475,2354,6733,9087,529935,599494,1129429
2021-11-17,68489,63757,132246,62600,62041,124641,73022,82460,155482,92956,104055,197011,82486,93553,176039,61760,73970,135730,48505,59375,107880,28650,36775,65425,11195,19360,30555,2361,6743,9104,532024,602089,1134113
2021-11-18,68894,64095,132989,62970,62366,125336,73256,82769,156025,93276,104493,197769,82780,93960,176740,61962,74303,136265,48700,59601,108301,28742,36885,65627,11228,19412,30640,2372,6756,9128,534180,604640,1138820
2021-11-19,69198,64396,133594,63338,62758,126096,73463,83038,156501,93549,104919,198468,83093,94348,177441,62186,74621,136807,48881,59786,108667,28831,37037,65868,11257,19453,30710,2375,6766,9141,536171,607122,1143293
2021-11-20,69407,64585,133992,63584,63053,126637,73591,83226,156817,93741,105156,198897,83263,94594,177857,62325,74796,137121,49019,59924,108943,28914,37128,66042,11279,19486,30765,2378,6774,9152,537501,608722,1146223
2021-11-21,69564,64734,134298,63793,63268,127061,73680,83326,157006,93892,105324,199216,83418,94773,178191,62435,74925,137360,49112,60076,109188,28960,37221,66181,11300,19513,30813,2381,6778,9159,538535,609938,1148473
2021-11-22,69768,64959,134727,64030,63500,127530,73795,83479,157274,94094,105561,199655,83598,95039,178637,62586,75120,137706,49222,60237,109459,29052,37312,66364,11331,19555,30886,2383,6788,9171,539859,611550,1151409
2021-11-23,70111,65289,135400,64279,63767,128046,73974,83720,157694,94355,105888,200243,83810,95357,179167,62742,75378,138120,49364,60435,109799,29135,37439,66574,11370,19594,30964,2385,6800,9185,541525,613667,1155192
2021-11-24,70429,65600,136029,64500,64003,128503,74143,83967,158110,94616,106207,200823,84030,95685,179715,62886,75651,138537,49486,60615,110101,29229,37537,66766,11397,19646,31043,2388,6808,9196,543104,615719,1158823
2021-11-25,70746,65922,136668,64776,64270,129046,74362,84230,158592,94942,106597,201539,84310,96001,180311,63105,75898,139003,49645,60811,110456,29324,37650,66974,11431,19687,31118,2389,6816,9205,545030,617882,1162912
2021-11-26,71033,66215,137248,65196,64706,129902,74610,84479,159089,95237,106993,202230,84599,96390,180989,63325,76165,139490,49816,61021,110837,29419,37787,67206,11457,19731,31188,2390,6830,9220,547082,620317,1167399
2021-11-27,71219,66407,137626,65471,64985,130456,74811,84694,159505,95517,107301,202818,84869,96677,181546,63522,76392,139914,49992,61217,111209,29535,37920,67455,11499,19778,31277,2394,6845,9239,548829,622216,1171045
2021-11-28,71403,66562,137965,65636,65180,130816,74926,84831,159757,95693,107493,203186,85050,96911,181961,63646,76546,140192,50089,61336,111425,29583,37983,67566,11513,19811,31324,2398,6853,9251,549937,623506,1173443
2021-11-29,71687,66856,138543,66035,65562,131597,75158,85142,160300,96033,107894,203927,85359,97302,182661,63851,76849,140700,50279,61584,111863,29726,38152,67878,11552,19879,31431,2401,6872,9273,552081,626092,1178173
2021-11-30,71989,67136,139125,66365,65888,132253,75390,85482,160872,96396,108314,204710,85661,97704,183365,64077,77152,141229,50452,61822,112274,29827,38295,68122,11587,19938,31525,2404,6891,9295,554148,628622,1182770
2021-12-01,72355,67417,139772,66673,66198,132871,75578,85807,161385,96716,108724,205440,85984,98104,184088,64287,77434,141721,50642,62087,112729,29948,38447,68395,11621,19992,31613,2408,6907,9315,556212,631117,1187329
2021-12-02,72676,67704,140380,67047,66648,133695,75826,86191,162017,97113,109239,206352,86341,98555,184896,64530,77796,142326,50834,62347,113181,30050,38599,68649,11658,20045,31703,2410,6919,9329,558485,634043,1192528
2021-12-03,72895,67936,140831,67279,66935,134214,75997,86415,162412,97362,109533,206895,86587,98808,185395,64679,77999,142678,50980,62506,113486,30136,38698,68834,11681,20087,31768,2413,6933,9346,560009,635850,1195859
2021-12-04,73119,68114,141233,67631,67354,134985,76176,86657,162833,97628,109859,207487,86825,99144,185969,64838,78222,143060,51136,62682,113818,30215,38809,69024,11712,20136,31848,2414,6943,9357,561694,637920,1199614
2021-12-05,73362,68341,141703,68028,67742,135770,76354,86911,163265,97856,110161,208017,87048,99429,186477,65000,78458,143458,51262,62861,114123,30304,38924,69228,11733,20174,31907,2415,6953,9368,563362,639954,1203316
2021-12-06,73749,68752,142501,68407,68173,136580,76673,87328,164001,98258,110649,208907,87419,99939,187358,65282,78823,144105,51494,63190,114684,30449,39098,69547,11776,20253,32029,2423,6965,9388,565930,643170,1209100
2021-12-07,74131,69141,143272,68786,68602,137388,76968,87748,164716,98637,111225,209862,87770,100433,188203,65542,79190,144732,51666,63446,115112,30571,39281,69852,11813,20324,32137,2431,6983,9414,568315,646373,1214688
2021-12-08,74385,69408,143793,69019,68815,137834,77178,88079,165257,98910,111575,210485,88005,100753,188758,65733,79432,145165,51801,63647,115448,30656,39398,70054,11847,20368,32215,2432,6990,9422,569966,648465,1218431
2021-12-09,74732,69748,144480,69444,69269,138713,77518,88616,166134,99337,112164,211501,88408,101301,189709,66028,79845,145873,52038,63931,115969,30794,39586,70380,11891,20431,32322,2436,7003,9439,572626,651894,1224520
2021-12-10,75068,70137,145205,70159,70004,140163,77903,89175,167078,99855,112810,212665,88856,101898,190754,66327,80244,146571,52239,64234,116473,30928,39806,70734,11933,20504,32437,2441,7018,9459,575709,655830,1231539
2021-12-11,75287,70340,145627,70562,70485,141047,78160,89510,167670,100158,113205,213363,89163,102266,191429,66534,80501,147035,52382,64439,116821,31015,39922,70937,11954,20552,32506,2444,7027,9471,577659,658247,1235906
2021-12-12,75521,70579,146100,70870,70828,141698,78353,89825,168178,100448,113601,214049,89426,102613,192039,66730,80768,147498,52529,64654,117183,31093,40040,71133,11988,20595,32583,2447,7041,9488,579405,660544,1239949
2021-12-13,75891,70972,146863,71327,71315,142642,78761,90457,169218,100907,114209,215116,89848,103112,192960,67023,81231,148254,52769,64988,117757,31261,40224,71485,12038,20692,32730,2454,7064,9518,582279,664264,1246543
2021-12-14,76266,71370,147636,71766,71781,143547,79265,91159,170424,101479,114981,216460,90287,103670,193957,67310,81657,148967,53034,65318,118352,31413,40420,71833,12087,20751,32838,2461,7075,9536,585368,668182,1253550
2021-12-15,76654,71771,148425,72153,72308,144461,79716,91785,171501,102037,115628,217665,90724,104251,194975,67622,82077,149699,53246,65598,118844,31546,40569,72115,12136,20829,32965,2469,7091,9560,588303,671907,1260210
2021-12-16,77117,72231,149348,72733,72961,145694,80296,92641,172937,102720,116503,219223,91305,104974,196279,68000,82577,150577,53517,65934,119451,31667,40743,72410,12181,20905,33086,2473,7102,9575,592009,676571,1268580
2021-12-17,77547,72673,150220,73359,73706,147065,80873,93473,174346,103382,117336,220718,91820,105676,197496,68388,83095,151483,53768,66297,120065,31828,40940,72768,12218,20964,33182,2476,7117,9593,595659,681277,1276936
2021-12-18,77816,72944,150760,73752,74171,147923,81235,93997,175232,103864,117935,221799,92173,106164,198337,68674,83457,152131,53965,66535,120500,31926,41103,73029,12246,21014,33260,2479,7125,9604,598130,684445,1282575
2021-12-19,78078,73220,151298,74060,74538,148598,81521,94432,175953,104274,118467,222741,92523,106576,199099,68946,83799,152745,54166,66749,120915,32034,41230,73264,12274,21049,33323,2482,7131,9613,600358,687191,1287549
2021-12-20,78537,73724,152261,74619,75132,149751,82095,95257,177352,104987,119355,224342,93112,107355,200467,69359,84386,153745,54452,67158,121610,32221,41466,73687,12323,21145,33468,2489,7145,9634,604194,692123,1296317
2021-12-21,78947,74156,153103,75176,75719,150895,82849,96222,179071,105825,120403,226228,93746,108171,201917,69788,84951,154739,54724,67521,122245,32364,41648,74012,12368,21228,33596,2492,7159,9651,608279,697178,1305457
2021-12-22,79515,74609,154124,75798,76508,152306,83829,97607,181436,106938,121882,228820,94611,109344,203955,70330,85779,156109,55106,68010,123116,32573,41930,74503,12407,21324,33731,2499,7183,9682,613606,704176,1317782
2021-12-23,80025,75158,155183,76580,77377,153957,84935,99003,183938,108116,123396,231512,95470,110536,206006,70886,86616,157502,55514,68553,124067,32761,42226,74987,12458,21435,33893,2501,7203,9704,619246,711503,1330749
2021-12-24,80326,75445,155771,76987,77831,154818,85452,99740,185192,108697,124097,232794,95934,111123,207057,71208,87044,158252,55742,68802,124544,32870,42373,75243,12494,21488,33982,2505,7208,9713,622215,715151,1337366
2021-12-25,80481,75588,156069,77167,78039,155206,85612,99959,185571,108921,124365,233286,96131,111380,207511,71374,87240,158614,55849,68940,124789,32928,42471,75399,12512,21521,34033,2507,7216,9723,623482,716719,1340201
2021-12-26,80826,75930,156756,77697,78667,156364,86235,100657,186892,109610,125205,234815,96768,112221,208989,71865,87901,159766,56170,69351,125521,33116,42668,75784,12548,21593,34141,2515,7224,9739,627350,721417,1348767
2021-12-27,81317,76399,157716,78492,79554,158046,87141,101748,188889,110675,126531,237206,97673,113449,211122,72556,88878,161434,56647,69908,126555,33356,42990,76346,12617,21700,34317,2518,7257,9775,632992,728414,1361406
2021-12-28,81796,76833,158629,79386,80566,159952,88215,103126,191341,111768,127926,239694,98670,114798,213468,73296,89890,163186,57136,70516,127652,33563,43272,76835,12680,21824,34504,2520,7276,9796,639030,736027,1375057
2021-12-29,82316,77286,159602,80396,81611,162007,89480,104794,194274,113008,129525,242533,99719,116261,215980,74047,91017,165064,57642,71161,128803,33783,43611,77394,12737,21945,34682,2529,7297,9826,645657,744508,1390165
2021-12-30,83011,77911,160922,81588,82968,164556,91011,106571,197582,114392,131308,245700,100874,117947,218821,74933,92314,167247,58236,71987,130223,34066,44047,78113,12810,22072,34882,2538,7327,9865,653459,754452,1407911
2021-12-31,83253,78155,161408,82093,83514,165607,91617,107344,198961,115029,132033,247062,101401,118658,220059,75335,92886,168221,58508,72351,130859,34199,44231,78430,12849,22130,34979,2543,7333,9876,656827,758635,1415462
2022-01-01,83360,78264,161624,82238,83691,165929,91782,107562,199344,115230,132289,247519,101591,118929,220520,75508,93110,168618,58616,72493,131109,34250,44316,78566,12865,22154,35019,2544,7342,9886,657984,760150,1418134
2022-01-02,83481,78361,161842,82318,83780,166098,91863,107658,199521,115329,132430,247759,101707,119061,220768,75607,93209,168816,58681,72562,131243,34281,44361,78642,12874,22176,35050,2546,7347,9893,658687,760945,1419632
2022-01-03,83654,78527,162181,82429,83898,166327,92015,107866,199881,115525,132663,248188,101843,119289,221132,75739,93348,169087,58802,72686,131488,34337,44437,78774,12889,22212,35101,2549,7355,9904,659782,762281,1422063
2022-01-04,83786,78631,162417,82515,83977,166492,92158,108063,200221,115691,132866,248557,101985,119473,221458,75827,93462,169289,58862,72772,131634,34374,44494,78868,12906,22250,35156,2553,7360,9913,660657,763348,1424005
2022-01-05,83901,78721,162622,82609,84080,166689,92290,108275,200565,115871,133087,248958,102131,119643,221774,75919,93605,169524,58946,72872,131818,34425,44553,78978,12920,22275,35195,2556,7370,9926,661568,764481,1426049
2022-01-06,84013,78790,162803,82692,84167,166859,92410,108443,200853,116014,133264,249278,102257,119813,222070,75996,93731,169727,59019,72975,131994,34466,44597,79063,12939,22307,35246,2560,7382,9942,662366,765469,1427835
2022-01-07,84082,78854,162936,82746,84223,166969,92529,108573,201102,116154,133458,249612,102372,119935,222307,76069,93831,169900,59086,73063,132149,34501,44630,79131,12954,22326,35280,2560,7389,9949,663053,766282,1429335
2022-01-08,84136,78898,163034,82794,84292,167086,92576,108665,201241,116231,133580,249811,102449,120035,222484,76122,93914,170036,59129,73138,132267,34525,44672,79197,12962,22342,35304,2563,7392,9955,663487,766928,1430415
2022-01-09,84183,78958,163141,82824,84340,167164,92614,108718,201332,116279,133655,249934,102503,120103,222606,76155,93969,170124,59161,73181,132342,34536,44693,79229,12971,22353,35324,2564,7392,9956,663790,767362,1431152
2022-01-10,84255,79025,163280,82873,84390,167263,92688,108810,201498,116361,133774,250135,102572,120208,222780,76210,94046,170256,59207,73241,132448,34565,44728,79293,12977,22378,35355,2566,7400,9966,664274,768000,1432274
2022-01-11,84296,79079,163375,82908,84438,167346,92747,108909,201656,116455,133895,250350,102642,120286,222928,76260,94122,170382,59246,73285,132531,34581,44762,79343,12987,22392,35379,2566,7407,9973,664688,768575,1433263
2022-01-12,84358,79133,163491,82939,84469,167408,92790,108972,201762,116517,133994,250511,102700,120371,223071,76301,94181,170482,59277,73333,132610,34602,44786,79388,12998,22405,35403,2567,7411,9978,665049,769055,1434104
2022-01-13,84393,79170,163563,82980,84493,167473,92838,109060,201898,116607,134097,250704,102761,120448,223209,76340,94247,170587,59313,73375,132688,34613,44815,79428,13010,22421,35431,2568,7413,9981,665423,769539,1434962
2022-01-14,84430,79206,163636,83019,84545,167564,92874,109124,201998,116676,134209,250885,102816,120538,223354,76384,94307,170691,59334,73427,132761,34626,44832,79458,13017,22428,35445,2569,7416,9985,665745,770032,1435777
2022-01-15,84457,79235,163692,83057,84611,167668,92952,109213,202165,116775,134332,251107,102909,120646,223555,76434,94397,170831,59373,73467,132840,34640,44845,79485,13017,22430,35447,2569,7416,9985,666183,770592,1436775
2022-01-16,84457,79235,163692,83057,84611,167668,92952,109213,202165,116775,134332,251107,102909,120646,223555,76434,94397,170831,59373,73467,132840,34640,44845,79485,13017,22430,35447,2569,7416,9985,666183,770592,1436775
