FECHA,<=10M,<=10F,<=10,11-20M,11-20F,11-20,21-30M,21-30F,21-30,31-40M,31-40F,31-40,41-50M,41-50F,41-50,51-60M,51-60F,51-60,61-70M,61-70F,61-70,71-80M,71-80F,71-80,81-90M,81-90F,81-90,>=91M,>=91F,>=91,TotalM,TotalF,Total,DelayCount,CumDelay,DelayAvg
2020-03-15,1,0,1,1,1,2,0,2,2,2,1,3,1,1,2,1,0,1,1,0,1,1,1,2,0,0,0,0,0,0,8,6,14,14,44,3.142857142857143
2020-03-16,1,3,4,1,1,2,1,3,4,1,1,2,0,1,1,3,1,4,2,3,5,0,0,0,0,0,0,0,0,0,9,13,22,22,72,3.272727272727273
2020-03-17,1,4,5,1,1,2,2,1,3,1,2,3,1,3,4,0,2,2,2,2,4,2,2,4,1,0,1,0,0,0,11,17,28,28,393,14.035714285714286
2020-03-18,3,1,4,1,0,1,1,0,1,2,1,3,1,3,4,1,1,2,0,2,2,1,0,1,1,0,1,0,0,0,11,8,19,19,36,1.894736842105263
2020-03-19,3,1,4,0,0,0,3,2,5,3,2,5,2,1,3,0,0,0,1,1,2,1,1,2,0,0,0,1,0,1,14,8,22,22,56,2.5454545454545454
2020-03-20,1,1,2,1,0,1,1,0,1,1,3,4,0,1,1,0,1,1,1,1,2,2,2,4,1,0,1,0,0,0,8,9,17,17,30,1.7647058823529411
2020-03-21,1,0,1,2,1,3,1,2,3,4,1,5,2,1,3,1,0,1,2,2,4,1,1,2,1,0,1,1,0,1,16,8,24,24,69,2.875
2020-03-22,3,1,4,0,0,0,4,1,5,0,0,0,0,0,0,3,1,4,0,1,1,2,0,2,3,2,5,0,1,1,15,7,22,22,51,2.3181818181818183
2020-03-23,4,1,5,1,2,3,2,2,4,3,1,4,2,3,5,2,1,3,2,2,4,5,3,8,3,3,6,0,2,2,24,20,44,44,81,1.8409090909090908
2020-03-24,2,1,3,0,0,0,2,2,4,3,2,5,0,2,2,2,2,4,0,1,1,2,0,2,2,1,3,1,0,1,14,11,25,25,37,1.48
2020-03-25,1,4,5,0,1,1,2,3,5,2,6,8,1,1,2,1,3,4,3,1,4,2,2,4,2,5,7,2,0,2,16,26,42,42,100,2.380952380952381
2020-03-26,4,3,7,2,2,4,2,2,4,4,3,7,2,4,6,4,2,6,1,4,5,4,3,7,5,0,5,2,1,3,30,24,54,54,185,3.425925925925926
2020-03-27,3,3,6,0,1,1,1,2,3,5,1,6,1,6,7,2,3,5,3,4,7,5,5,10,3,3,6,2,5,7,25,33,58,58,128,2.206896551724138
2020-03-28,2,1,3,0,0,0,3,2,5,2,1,3,1,1,2,4,2,6,4,0,4,4,7,11,3,1,4,0,0,0,23,15,38,38,125,3.289473684210526
2020-03-29,2,0,2,2,1,3,2,3,5,2,2,4,2,3,5,1,0,1,5,3,8,4,2,6,4,1,5,2,1,3,26,16,42,42,97,2.3095238095238093
2020-03-30,3,2,5,0,0,0,1,6,7,7,2,9,4,4,8,3,2,5,7,1,8,3,5,8,4,1,5,3,2,5,35,25,60,60,115,1.9166666666666667
2020-03-31,9,4,13,1,0,1,7,2,9,9,4,13,5,4,9,4,1,5,6,3,9,6,3,9,2,3,5,4,0,4,53,24,77,77,157,2.038961038961039
2020-04-01,11,10,21,1,2,3,6,4,10,9,2,11,12,6,18,5,8,13,4,3,7,6,4,10,5,5,10,0,1,1,59,45,104,104,219,2.105769230769231
2020-04-02,10,9,19,2,4,6,4,7,11,5,6,11,3,7,10,2,10,12,9,6,15,8,6,14,5,7,12,3,3,6,51,65,116,116,201,1.7327586206896552
2020-04-03,20,9,29,4,4,8,7,8,15,7,11,18,9,11,20,3,7,10,8,5,13,7,4,11,5,6,11,1,5,6,71,70,141,141,301,2.1347517730496453
2020-04-04,10,13,23,3,4,7,3,7,10,5,11,16,7,4,11,7,0,7,6,3,9,2,5,7,4,2,6,1,3,4,48,52,100,100,188,1.88
2020-04-05,9,10,19,4,5,9,7,1,8,7,2,9,8,5,13,4,6,10,2,11,13,6,8,14,3,4,7,2,2,4,52,54,106,106,181,1.7075471698113207
2020-04-06,11,9,20,4,2,6,9,5,14,13,5,18,11,4,15,10,4,14,7,8,15,10,5,15,7,4,11,1,3,4,83,49,132,132,195,1.4772727272727273
2020-04-07,11,9,20,3,5,8,6,4,10,8,8,16,5,6,11,10,2,12,3,4,7,8,8,16,6,11,17,2,1,3,62,58,120,120,133,1.1083333333333334
2020-04-08,10,10,20,4,2,6,4,8,12,6,3,9,8,4,12,9,6,15,9,7,16,11,4,15,1,4,5,3,5,8,65,53,118,118,147,1.2457627118644068
2020-04-09,5,5,10,3,3,6,4,7,11,16,10,26,4,8,12,8,7,15,6,5,11,7,10,17,5,8,13,4,5,9,62,68,130,130,196,1.5076923076923077
2020-04-10,19,4,23,4,3,7,3,6,9,4,4,8,10,1,11,4,6,10,6,1,7,1,10,11,5,9,14,1,3,4,57,47,104,104,141,1.3557692307692308
2020-04-11,10,7,17,5,3,8,7,6,13,9,4,13,7,4,11,3,5,8,4,5,9,7,3,10,3,8,11,1,3,4,56,48,104,104,133,1.2788461538461537
2020-04-12,10,8,18,2,0,2,3,5,8,9,3,12,3,7,10,9,4,13,3,4,7,4,9,13,4,4,8,0,2,2,47,46,93,93,147,1.5806451612903225
2020-04-13,9,12,21,8,4,12,13,10,23,7,10,17,6,6,12,5,6,11,9,8,17,5,9,14,7,10,17,3,5,8,72,80,152,152,192,1.263157894736842
2020-04-14,16,6,22,3,1,4,10,7,17,9,5,14,6,7,13,12,9,21,5,6,11,10,5,15,7,4,11,3,4,7,81,54,135,135,141,1.0444444444444445
2020-04-15,9,5,14,4,7,11,6,8,14,6,8,14,8,14,22,5,11,16,9,5,14,10,5,15,6,6,12,5,3,8,68,72,140,140,198,1.4142857142857144
2020-04-16,14,3,17,6,4,10,9,5,14,11,15,26,10,16,26,7,10,17,5,10,15,7,4,11,4,5,9,0,4,4,73,76,149,149,167,1.1208053691275168
2020-04-17,17,11,28,5,6,11,3,6,9,6,18,24,14,9,23,10,11,21,7,6,13,16,11,27,5,8,13,1,3,4,84,89,173,173,248,1.4335260115606936
2020-04-18,13,10,23,6,1,7,11,6,17,17,9,26,9,5,14,7,4,11,2,3,5,6,10,16,6,9,15,3,4,7,80,61,141,141,222,1.574468085106383
2020-04-19,11,10,21,4,2,6,5,3,8,8,4,12,6,6,12,5,9,14,7,7,14,5,8,13,5,7,12,1,1,2,57,57,114,114,141,1.236842105263158
2020-04-20,15,11,26,11,7,18,15,6,21,13,11,24,13,9,22,9,7,16,12,10,22,15,12,27,10,10,20,4,13,17,117,96,213,213,250,1.1737089201877935
2020-04-21,14,9,23,5,7,12,12,7,19,9,17,26,5,5,10,7,9,16,9,8,17,14,11,25,7,10,17,2,10,12,84,93,177,177,209,1.1807909604519775
2020-04-22,15,11,26,4,7,11,7,10,17,12,4,16,13,8,21,7,10,17,10,5,15,6,13,19,9,12,21,7,6,13,90,86,176,176,266,1.5113636363636365
2020-04-23,18,14,32,4,5,9,8,10,18,10,9,19,9,10,19,6,12,18,8,5,13,10,7,17,11,11,22,6,9,15,90,92,182,182,181,0.9945054945054945
2020-04-24,19,12,31,6,6,12,10,10,20,13,15,28,8,7,15,8,9,17,8,10,18,11,11,22,10,14,24,3,3,6,96,97,193,193,208,1.077720207253886
2020-04-25,13,10,23,4,1,5,4,7,11,9,7,16,5,6,11,5,7,12,6,4,10,6,5,11,10,16,26,4,4,8,66,67,133,133,121,0.9097744360902256
2020-04-26,10,17,27,5,8,13,6,3,9,4,2,6,8,6,14,3,4,7,8,7,15,8,7,15,7,7,14,1,3,4,60,64,124,124,103,0.8306451612903226
2020-04-27,14,13,27,6,4,10,6,9,15,5,17,22,4,12,16,11,10,21,8,8,16,18,5,23,11,16,27,3,4,7,86,98,184,184,157,0.8532608695652174
2020-04-28,21,9,30,5,5,10,15,13,28,12,12,24,8,12,20,7,9,16,6,8,14,3,12,15,6,14,20,2,4,6,85,98,183,183,144,0.7868852459016393
2020-04-29,25,12,37,5,6,11,16,9,25,17,18,35,13,9,22,8,9,17,5,8,13,12,6,18,3,14,17,5,10,15,109,101,210,210,163,0.7761904761904762
2020-04-30,20,11,31,9,2,11,9,9,18,10,10,20,11,10,21,12,14,26,10,9,19,8,11,19,9,17,26,7,7,14,105,100,205,205,167,0.8146341463414634
2020-05-01,3,15,18,6,6,12,1,7,8,13,12,25,11,8,19,7,6,13,10,6,16,7,9,16,9,11,20,0,2,2,67,82,149,149,132,0.8859060402684564
2020-05-02,7,16,23,6,6,12,9,3,12,8,7,15,6,5,11,8,2,10,3,5,8,8,1,9,6,11,17,1,4,5,62,60,122,122,122,1.0
2020-05-03,8,11,19,4,3,7,6,6,12,7,6,13,6,7,13,8,2,10,8,6,14,5,9,14,6,8,14,3,5,8,61,63,124,124,103,0.8306451612903226
2020-05-04,21,20,41,5,2,7,11,10,21,14,11,25,8,5,13,9,5,14,9,11,20,15,18,33,8,16,24,2,4,6,102,102,204,204,159,0.7794117647058824
2020-05-05,15,13,28,7,3,10,13,12,25,13,14,27,6,14,20,12,7,19,12,8,20,15,9,24,5,14,19,1,9,10,99,103,202,202,133,0.6584158415841584
2020-05-06,14,17,31,5,2,7,13,7,20,16,17,33,21,9,30,7,6,13,11,9,20,18,14,32,7,12,19,4,6,10,116,99,215,215,149,0.6930232558139535
2020-05-07,17,12,29,7,6,13,15,9,24,12,15,27,17,12,29,5,7,12,7,8,15,17,7,24,7,12,19,1,7,8,105,95,200,200,136,0.68
2020-05-08,17,13,30,7,6,13,15,7,22,13,19,32,15,14,29,15,5,20,11,11,22,12,10,22,11,12,23,3,12,15,119,109,228,228,249,1.0921052631578947
2020-05-09,19,12,31,4,1,5,7,12,19,4,10,14,9,9,18,6,6,12,8,6,14,12,3,15,5,12,17,5,8,13,79,79,158,158,150,0.9493670886075949
2020-05-10,9,9,18,2,3,5,9,10,19,7,6,13,6,10,16,4,6,10,9,6,15,8,13,21,5,12,17,1,5,6,60,80,140,139,120,0.8633093525179856
2020-05-11,19,19,38,5,5,10,9,11,20,15,13,28,15,13,28,10,6,16,10,8,18,13,8,21,13,18,31,4,16,20,113,117,230,230,167,0.7260869565217392
2020-05-12,20,11,31,8,10,18,28,22,50,23,13,36,9,16,25,6,5,11,9,10,19,9,10,19,9,14,23,5,12,17,126,123,249,249,169,0.678714859437751
2020-05-13,27,18,45,9,10,19,21,14,35,16,21,37,16,7,23,11,9,20,9,10,19,9,9,18,8,15,23,1,8,9,127,121,248,248,235,0.9475806451612904
2020-05-14,22,28,50,10,18,28,14,21,35,21,21,42,13,8,21,10,14,24,11,12,23,10,9,19,11,15,26,2,14,16,124,160,284,284,254,0.8943661971830986
2020-05-15,20,23,43,8,6,14,7,14,21,15,19,34,9,16,25,12,7,19,11,8,19,7,6,13,8,20,28,5,9,14,102,128,230,229,202,0.8820960698689956
2020-05-16,14,18,32,7,9,16,5,12,17,11,20,31,7,11,18,7,7,14,8,7,15,9,7,16,6,6,12,5,13,18,79,110,189,189,237,1.253968253968254
2020-05-17,22,13,35,4,8,12,12,12,24,7,13,20,9,12,21,4,3,7,8,7,15,7,5,12,11,13,24,3,3,6,87,89,176,176,131,0.7443181818181818
2020-05-18,21,25,46,9,16,25,25,20,45,22,24,46,13,21,34,17,10,27,15,14,29,17,13,30,17,13,30,1,11,12,157,167,324,324,239,0.7376543209876543
2020-05-19,20,20,40,17,14,31,30,28,58,36,28,64,27,16,43,21,14,35,17,12,29,11,20,31,13,22,35,4,9,13,196,183,379,379,261,0.6886543535620053
2020-05-20,30,42,72,15,15,30,27,24,51,43,22,65,17,17,34,13,12,25,20,17,37,12,11,23,12,16,28,6,5,11,195,181,376,376,241,0.6409574468085106
2020-05-21,37,34,71,18,14,32,32,27,59,25,34,59,18,22,40,19,12,31,14,6,20,14,8,22,7,16,23,1,4,5,185,177,362,362,196,0.5414364640883977
2020-05-22,36,18,54,14,18,32,32,30,62,23,28,51,22,18,40,14,10,24,7,10,17,10,11,21,8,17,25,6,12,18,172,172,344,344,158,0.45930232558139533
2020-05-23,20,20,40,16,17,33,24,24,48,29,15,44,8,18,26,9,9,18,12,10,22,8,13,21,9,6,15,2,2,4,137,134,271,271,162,0.5977859778597786
2020-05-24,17,20,37,11,8,19,15,13,28,14,16,30,12,5,17,7,4,11,11,9,20,12,9,21,5,13,18,2,6,8,106,103,209,209,143,0.6842105263157895
2020-05-25,28,27,55,20,25,45,22,29,51,17,20,37,21,12,33,5,8,13,10,9,19,10,5,15,10,15,25,2,9,11,145,159,304,304,171,0.5625
2020-05-26,38,36,74,26,23,49,40,39,79,48,39,87,20,32,52,13,23,36,12,7,19,15,6,21,10,14,24,3,10,13,225,229,454,454,329,0.724669603524229
2020-05-27,47,39,86,12,17,29,23,35,58,27,25,52,18,15,33,20,18,38,10,8,18,7,14,21,4,15,19,4,2,6,172,188,360,360,265,0.7361111111111112
2020-05-28,29,43,72,19,13,32,30,38,68,30,24,54,26,27,53,16,20,36,9,15,24,10,8,18,14,17,31,4,13,17,187,218,405,405,295,0.7283950617283951
2020-05-29,40,32,72,22,20,42,44,38,82,30,43,73,32,23,55,15,21,36,16,14,30,17,15,32,15,16,31,1,4,5,232,226,458,458,338,0.7379912663755459
2020-05-30,32,25,57,16,11,27,37,26,63,33,18,51,15,21,36,15,15,30,9,6,15,11,11,22,7,11,18,1,7,8,176,151,327,325,143,0.44
2020-05-31,28,16,44,13,13,26,15,12,27,19,10,29,14,10,24,5,10,15,8,4,12,11,6,17,6,10,16,0,8,8,119,99,218,218,111,0.5091743119266054
2020-06-01,35,31,66,25,19,44,34,43,77,28,38,66,18,27,45,16,16,32,24,17,41,12,9,21,8,11,19,3,3,6,203,214,417,417,272,0.6522781774580336
2020-06-02,44,31,75,21,21,42,38,30,68,28,29,57,18,21,39,14,15,29,14,11,25,26,12,38,8,17,25,4,13,17,215,200,415,415,249,0.6
2020-06-03,39,23,62,15,30,45,31,28,59,29,40,69,18,27,45,10,12,22,17,15,32,18,12,30,11,16,27,2,9,11,190,212,402,402,220,0.5472636815920398
2020-06-04,36,35,71,18,27,45,37,32,69,20,30,50,19,19,38,28,18,46,10,8,18,21,13,34,10,19,29,2,9,11,201,210,411,408,248,0.6078431372549019
2020-06-05,45,40,85,16,20,36,35,29,64,33,42,75,30,27,57,26,25,51,18,15,33,17,14,31,13,20,33,3,9,12,236,241,477,477,396,0.8301886792452831
2020-06-06,29,25,54,17,12,29,20,21,41,31,27,58,14,17,31,14,11,25,11,13,24,13,8,21,12,17,29,1,9,10,162,160,322,317,242,0.7634069400630915
2020-06-07,25,24,49,16,11,27,20,22,42,19,20,39,20,10,30,12,8,20,9,4,13,8,7,15,12,11,23,2,8,10,143,125,268,265,147,0.5547169811320755
2020-06-08,34,35,69,24,24,48,45,27,72,43,43,86,35,24,59,17,19,36,16,15,31,16,15,31,12,16,28,4,7,11,246,225,471,469,309,0.6588486140724946
2020-06-09,56,36,92,24,24,48,23,46,69,34,33,67,29,24,53,20,8,28,12,10,22,11,15,26,13,27,40,3,11,14,225,234,459,456,372,0.8157894736842105
2020-06-10,27,41,68,14,18,32,44,24,68,38,40,78,35,23,58,27,20,47,22,14,36,21,25,46,5,20,25,6,15,21,239,240,479,479,321,0.6701461377870563
2020-06-11,40,42,82,15,19,34,35,37,72,41,38,79,19,28,47,18,27,45,12,22,34,16,19,35,8,28,36,3,15,18,207,275,482,482,323,0.6701244813278008
2020-06-12,46,46,92,13,26,39,55,41,96,47,57,104,39,40,79,21,25,46,28,17,45,18,14,32,6,22,28,5,9,14,278,297,575,575,374,0.6504347826086957
2020-06-13,36,29,65,24,20,44,38,39,77,36,37,73,12,30,42,20,20,40,13,7,20,12,8,20,9,18,27,2,6,8,202,214,416,416,310,0.7451923076923077
2020-06-14,21,32,53,20,20,40,26,22,48,20,18,38,19,12,31,14,18,32,11,6,17,3,15,18,14,19,33,0,8,8,148,170,318,318,211,0.6635220125786163
2020-06-15,39,34,73,29,22,51,32,34,66,25,29,54,19,21,40,15,12,27,15,5,20,12,11,23,7,15,22,2,10,12,195,193,388,388,230,0.5927835051546392
2020-06-16,54,62,116,23,23,46,64,52,116,50,40,90,42,28,70,23,20,43,14,13,27,16,7,23,13,25,38,3,13,16,302,283,585,585,369,0.6307692307692307
2020-06-17,43,48,91,24,30,54,58,44,102,45,52,97,39,31,70,24,16,40,16,15,31,9,19,28,19,17,36,2,8,10,279,280,559,559,430,0.7692307692307693
2020-06-18,53,46,99,22,17,39,67,54,121,56,58,114,50,27,77,36,27,63,20,20,40,16,14,30,14,25,39,2,11,13,336,299,635,635,556,0.8755905511811024
2020-06-19,60,36,96,17,30,47,41,46,87,69,51,120,40,45,85,42,30,72,30,19,49,19,19,38,18,20,38,7,13,20,343,309,652,652,677,1.0383435582822085
2020-06-20,33,39,72,21,21,42,35,29,64,38,32,70,26,34,60,17,25,42,18,15,33,12,8,20,7,16,23,4,4,8,211,223,434,434,252,0.5806451612903226
2020-06-21,34,22,56,20,18,38,27,33,60,24,35,59,20,12,32,15,10,25,10,10,20,11,7,18,6,9,15,1,7,8,168,163,331,331,149,0.4501510574018127
2020-06-22,49,45,94,30,30,60,40,51,91,53,40,93,37,39,76,29,33,62,18,22,40,20,16,36,6,23,29,2,12,14,284,311,595,595,384,0.6453781512605042
2020-06-23,53,49,102,31,32,63,58,47,105,63,46,109,40,47,87,20,35,55,20,20,40,12,14,26,12,17,29,3,6,9,312,313,625,625,355,0.568
2020-06-24,46,49,95,29,25,54,51,52,103,49,55,104,46,40,86,22,37,59,14,18,32,11,14,25,15,14,29,2,4,6,285,308,593,593,275,0.463743676222597
2020-06-25,52,56,108,38,43,81,48,46,94,47,39,86,42,37,79,41,34,75,12,17,29,11,14,25,10,12,22,4,5,9,305,303,608,608,405,0.6661184210526315
2020-06-26,50,45,95,35,28,63,67,59,126,51,51,102,43,38,81,20,35,55,24,21,45,12,16,28,11,21,32,1,9,10,314,323,637,637,330,0.5180533751962323
2020-06-27,65,60,125,32,41,73,40,54,94,34,37,71,32,26,58,21,16,37,19,9,28,3,13,16,8,7,15,4,6,10,258,269,527,527,274,0.5199240986717267
2020-06-28,43,24,67,16,21,37,19,46,65,28,40,68,23,24,47,23,16,39,10,7,17,9,10,19,9,13,22,6,6,12,186,207,393,393,193,0.4910941475826972
2020-06-29,47,51,98,35,45,80,50,47,97,59,46,105,30,32,62,19,33,52,26,11,37,15,18,33,12,19,31,3,7,10,296,309,605,605,348,0.5752066115702479
2020-06-30,35,47,82,18,32,50,65,43,108,37,51,88,41,37,78,31,32,63,24,11,35,18,11,29,6,19,25,2,10,12,277,293,570,569,291,0.5114235500878734
2020-07-01,47,38,85,19,36,55,62,54,116,42,45,87,36,37,73,23,30,53,20,18,38,16,15,31,9,21,30,3,7,10,277,301,578,577,339,0.587521663778163
2020-07-02,64,60,124,31,33,64,51,61,112,50,49,99,46,38,84,25,23,48,25,17,42,16,19,35,11,13,24,3,7,10,322,320,642,642,255,0.397196261682243
2020-07-03,62,44,106,37,25,62,50,45,95,62,63,125,29,37,66,30,24,54,21,15,36,12,15,27,12,17,29,3,4,7,318,289,607,607,304,0.500823723228995
2020-07-04,39,39,78,22,24,46,36,49,85,33,31,64,30,25,55,26,15,41,13,12,25,11,16,27,6,11,17,3,7,10,219,229,448,448,186,0.41517857142857145
2020-07-05,30,37,67,22,15,37,35,37,72,31,47,78,17,29,46,17,21,38,22,20,42,17,15,32,10,18,28,4,7,11,205,246,451,451,212,0.4700665188470067
2020-07-06,34,38,72,23,21,44,53,55,108,61,40,101,40,47,87,37,30,67,28,29,57,20,30,50,10,31,41,3,14,17,309,335,644,644,240,0.37267080745341613
2020-07-07,53,68,121,32,36,68,60,60,120,67,54,121,37,38,75,34,35,69,17,17,34,14,13,27,9,23,32,7,12,19,330,356,686,686,271,0.39504373177842567
2020-07-08,49,37,86,30,33,63,56,55,111,49,56,105,51,49,100,25,37,62,20,20,40,17,20,37,10,16,26,4,14,18,311,337,648,648,298,0.45987654320987653
2020-07-09,38,28,66,21,16,37,37,36,73,52,38,90,37,36,73,18,17,35,12,18,30,9,22,31,7,17,24,6,8,14,237,236,473,473,182,0.38477801268498946
2020-07-10,34,28,62,24,26,50,39,42,81,36,42,78,32,27,59,20,24,44,21,19,40,18,13,31,12,17,29,1,11,12,237,249,486,486,187,0.38477366255144035
2020-07-11,31,44,75,23,15,38,30,33,63,32,38,70,32,36,68,21,31,52,20,18,38,14,29,43,7,24,31,3,15,18,213,283,496,496,264,0.532258064516129
2020-07-12,29,21,50,16,13,29,30,23,53,30,23,53,20,19,39,11,16,27,12,14,26,11,10,21,6,14,20,4,6,10,169,159,328,328,126,0.38414634146341464
2020-07-13,43,52,95,31,26,57,54,53,107,52,52,104,51,52,103,36,43,79,36,28,64,24,39,63,14,47,61,2,25,27,343,417,760,760,432,0.5684210526315789
2020-07-14,54,42,96,29,29,58,47,42,89,76,61,137,50,47,97,38,17,55,29,28,57,19,29,48,6,18,24,7,15,22,355,328,683,683,305,0.4465592972181552
2020-07-15,48,50,98,46,31,77,50,82,132,76,87,163,51,54,105,27,39,66,25,27,52,15,22,37,14,16,30,7,7,14,359,415,774,774,315,0.4069767441860465
2020-07-16,53,37,90,30,43,73,60,67,127,71,56,127,45,65,110,33,48,81,22,19,41,18,21,39,19,33,52,2,17,19,353,406,759,759,426,0.5612648221343873
2020-07-17,51,49,100,34,32,66,36,62,98,52,68,120,46,68,114,37,41,78,29,34,63,19,19,38,17,20,37,4,8,12,325,401,726,726,353,0.48622589531680444
2020-07-18,34,36,70,24,22,46,51,51,102,46,59,105,34,41,75,29,25,54,26,28,54,15,12,27,16,23,39,2,6,8,277,303,580,580,333,0.5741379310344827
2020-07-19,36,43,79,20,25,45,34,33,67,37,46,83,33,35,68,26,30,56,22,17,39,14,10,24,10,18,28,2,7,9,234,264,498,498,201,0.4036144578313253
2020-07-20,69,54,123,44,41,85,67,63,130,64,90,154,54,76,130,37,55,92,32,47,79,26,27,53,23,21,44,3,12,15,419,486,905,905,373,0.4121546961325967
2020-07-21,51,44,95,32,33,65,69,59,128,74,76,150,50,50,100,42,48,90,28,34,62,26,26,52,14,30,44,5,9,14,391,409,800,800,326,0.4075
2020-07-22,74,51,125,34,33,67,85,81,166,84,76,160,71,65,136,37,46,83,21,29,50,31,24,55,15,38,53,1,10,11,453,453,906,906,392,0.4326710816777042
2020-07-23,63,52,115,30,42,72,74,79,153,78,85,163,45,51,96,37,38,75,21,28,49,20,22,42,7,23,30,7,8,15,382,428,810,810,426,0.5259259259259259
2020-07-24,44,55,99,38,30,68,75,70,145,64,81,145,59,55,114,40,40,80,37,19,56,17,23,40,13,27,40,2,12,14,389,412,801,801,424,0.529338327091136
2020-07-25,49,41,90,34,21,55,53,60,113,62,61,123,41,48,89,19,26,45,17,25,42,15,23,38,12,15,27,5,3,8,307,323,630,630,356,0.5650793650793651
2020-07-26,41,35,76,16,22,38,34,28,62,31,42,73,37,24,61,21,25,46,14,13,27,16,13,29,9,24,33,5,7,12,224,233,457,457,228,0.4989059080962801
2020-07-27,41,44,85,39,32,71,61,61,122,71,79,150,59,69,128,38,56,94,28,38,66,18,25,43,19,22,41,5,24,29,379,450,829,829,384,0.4632086851628468
2020-07-28,56,54,110,32,32,64,83,88,171,74,74,148,58,58,116,50,53,103,40,34,74,19,36,55,11,28,39,6,20,26,429,477,906,906,361,0.3984547461368653
2020-07-29,63,54,117,30,36,66,85,74,159,73,82,155,81,66,147,42,50,92,34,41,75,27,23,50,22,39,61,8,25,33,465,490,955,955,386,0.4041884816753927
2020-07-30,68,50,118,44,53,97,103,79,182,84,76,160,68,60,128,50,50,100,31,33,64,18,21,39,11,21,32,2,8,10,479,451,930,930,414,0.44516129032258067
2020-07-31,49,61,110,28,32,60,69,82,151,96,101,197,65,61,126,44,53,97,28,35,63,20,30,50,11,34,45,6,18,24,416,507,923,923,454,0.49187432286023836
2020-08-01,41,38,79,21,34,55,45,61,106,47,64,111,33,47,80,33,37,70,24,13,37,20,18,38,13,26,39,0,16,16,277,354,631,631,330,0.5229793977812995
2020-08-02,48,36,84,25,29,54,38,41,79,49,50,99,32,48,80,18,33,51,12,16,28,8,18,26,12,17,29,2,7,9,244,295,539,539,256,0.4749536178107607
2020-08-03,56,65,121,35,43,78,67,77,144,76,68,144,52,71,123,41,48,89,36,28,64,15,24,39,16,39,55,5,15,20,399,478,877,877,441,0.5028506271379704
2020-08-04,70,51,121,45,46,91,92,63,155,89,79,168,69,65,134,50,44,94,37,30,67,21,30,51,19,41,60,5,18,23,497,467,964,964,415,0.43049792531120334
2020-08-05,60,60,120,46,34,80,84,75,159,72,80,152,50,66,116,56,54,110,33,34,67,28,27,55,17,25,42,4,10,14,450,465,915,915,608,0.6644808743169399
2020-08-06,59,51,110,33,45,78,80,83,163,81,94,175,62,72,134,40,53,93,33,29,62,21,26,47,16,30,46,5,13,18,430,496,926,925,539,0.5827027027027027
2020-08-07,69,60,129,38,31,69,77,90,167,84,91,175,58,87,145,45,44,89,23,36,59,29,35,64,13,43,56,5,18,23,441,535,976,976,499,0.5112704918032787
2020-08-08,48,43,91,30,31,61,43,57,100,76,71,147,47,61,108,39,44,83,22,27,49,16,32,48,12,37,49,1,26,27,334,429,763,763,248,0.32503276539973786
2020-08-09,34,35,69,23,21,44,41,50,91,51,45,96,35,58,93,41,42,83,22,25,47,20,29,49,16,48,64,5,19,24,288,372,660,660,218,0.3303030303030303
2020-08-10,65,59,124,46,37,83,91,88,179,90,82,172,72,74,146,57,70,127,28,32,60,16,29,45,16,32,48,5,18,23,486,521,1007,1007,375,0.3723932472691162
2020-08-11,57,51,108,48,35,83,88,86,174,111,91,202,79,90,169,54,61,115,45,44,89,32,58,90,19,48,67,8,24,32,541,588,1129,1129,447,0.395925597874225
2020-08-12,53,60,113,45,48,93,85,94,179,68,120,188,77,79,156,57,51,108,32,35,67,17,32,49,11,21,32,4,17,21,449,557,1006,1006,373,0.37077534791252487
2020-08-13,46,56,102,51,44,95,105,103,208,105,127,232,77,86,163,56,64,120,31,38,69,31,30,61,14,25,39,5,15,20,521,588,1109,1109,414,0.37330928764652843
2020-08-14,45,46,91,34,41,75,99,110,209,93,113,206,86,71,157,52,66,118,39,37,76,25,34,59,14,23,37,3,13,16,490,554,1044,1044,409,0.39176245210727967
2020-08-15,59,39,98,46,38,84,51,72,123,66,89,155,49,73,122,33,47,80,31,33,64,23,43,66,16,56,72,4,25,29,378,515,893,893,348,0.3896976483762598
2020-08-16,40,28,68,22,22,44,57,58,115,48,53,101,24,47,71,32,36,68,16,26,42,17,20,37,14,35,49,2,21,23,272,346,618,617,260,0.4213938411669368
2020-08-17,45,23,68,34,28,62,69,65,134,75,79,154,68,72,140,48,59,107,23,41,64,20,18,38,12,24,36,0,13,13,394,422,816,816,342,0.41911764705882354
2020-08-18,62,52,114,40,39,79,89,81,170,107,95,202,69,80,149,36,72,108,34,39,73,26,31,57,11,21,32,0,16,16,474,526,1000,1000,362,0.362
2020-08-19,59,51,110,41,45,86,61,97,158,80,91,171,60,75,135,48,47,95,26,34,60,20,44,64,17,42,59,6,21,27,418,547,965,965,317,0.32849740932642485
2020-08-20,50,48,98,35,36,71,82,92,174,76,91,167,51,62,113,40,51,91,31,39,70,20,22,42,17,26,43,3,11,14,405,478,883,883,353,0.39977349943374857
2020-08-21,44,58,102,44,32,76,64,84,148,85,90,175,78,72,150,50,62,112,39,45,84,28,45,73,14,45,59,5,14,19,451,547,998,998,436,0.43687374749499
2020-08-22,30,30,60,30,28,58,55,63,118,53,84,137,55,49,104,32,30,62,31,32,63,17,36,53,13,24,37,5,20,25,321,396,717,717,325,0.45327754532775455
2020-08-23,36,41,77,18,19,37,36,51,87,43,50,93,43,35,78,29,39,68,22,26,48,10,24,34,14,10,24,5,3,8,256,298,554,554,174,0.3140794223826715
2020-08-24,66,68,134,40,41,81,70,81,151,85,101,186,65,80,145,57,53,110,33,50,83,25,32,57,17,30,47,5,19,24,463,555,1018,1018,407,0.39980353634577603
2020-08-25,49,53,102,41,42,83,88,117,205,88,107,195,70,73,143,40,60,100,33,38,71,21,24,45,19,36,55,6,18,24,455,568,1023,1023,410,0.40078201368523947
2020-08-26,61,40,101,44,45,89,109,96,205,94,102,196,57,89,146,52,64,116,36,40,76,29,32,61,19,35,54,3,15,18,504,558,1062,1062,412,0.3879472693032015
2020-08-27,63,55,118,57,61,118,103,86,189,94,107,201,79,83,162,58,62,120,30,43,73,30,26,56,22,40,62,4,24,28,540,587,1127,1127,419,0.3717834960070985
2020-08-28,49,49,98,55,47,102,108,117,225,89,107,196,76,104,180,60,83,143,33,48,81,38,40,78,15,31,46,3,10,13,526,636,1162,1162,514,0.4423407917383821
2020-08-29,42,32,74,26,27,53,75,80,155,73,94,167,70,66,136,41,42,83,36,29,65,22,22,44,10,28,38,4,17,21,399,437,836,836,451,0.5394736842105263
2020-08-30,33,50,83,36,28,64,55,63,118,63,52,115,53,60,113,41,36,77,22,28,50,17,23,40,7,14,21,3,8,11,330,362,692,692,224,0.3236994219653179
2020-08-31,57,41,98,46,42,88,94,83,177,83,94,177,65,79,144,48,57,105,35,45,80,33,44,77,20,41,61,2,13,15,483,539,1022,1022,582,0.5694716242661448
2020-09-01,57,54,111,39,52,91,94,91,185,114,116,230,87,73,160,45,75,120,27,32,59,20,28,48,16,48,64,7,17,24,506,586,1092,1091,449,0.41154903758020167
2020-09-02,51,38,89,27,33,60,77,94,171,84,108,192,60,73,133,52,60,112,27,34,61,33,31,64,13,34,47,3,27,30,427,532,959,959,500,0.5213764337851929
2020-09-03,55,49,104,52,44,96,97,110,207,118,121,239,76,78,154,59,53,112,35,40,75,29,31,60,19,38,57,4,13,17,544,577,1121,1121,451,0.4023193577163247
2020-09-04,55,62,117,43,46,89,87,104,191,101,110,211,74,93,167,46,67,113,44,52,96,31,32,63,19,31,50,4,15,19,504,612,1116,1116,485,0.4345878136200717
2020-09-05,38,33,71,21,22,43,75,70,145,68,95,163,59,86,145,33,41,74,33,34,67,22,24,46,16,25,41,2,8,10,367,438,805,805,458,0.568944099378882
2020-09-06,38,34,72,23,26,49,42,58,100,48,48,96,39,47,86,24,41,65,21,25,46,10,30,40,13,18,31,1,8,9,259,335,594,594,250,0.4208754208754209
2020-09-07,50,46,96,39,45,84,94,101,195,110,110,220,67,93,160,53,82,135,45,42,87,27,27,54,16,35,51,5,15,20,506,596,1102,1102,471,0.42740471869328495
2020-09-08,46,53,99,41,45,86,80,101,181,106,111,217,78,82,160,57,67,124,35,50,85,33,33,66,18,29,47,5,20,25,499,591,1090,1090,474,0.43486238532110094
2020-09-09,52,50,102,42,59,101,97,94,191,100,100,200,82,82,164,62,60,122,37,54,91,24,32,56,17,37,54,1,19,20,514,587,1101,1101,563,0.5113533151680291
2020-09-10,46,33,79,51,41,92,110,108,218,115,130,245,92,97,189,59,59,118,33,44,77,30,36,66,10,31,41,2,17,19,548,596,1144,1144,590,0.5157342657342657
2020-09-11,51,45,96,58,44,102,97,84,181,99,114,213,76,92,168,56,84,140,51,43,94,28,32,60,22,35,57,2,8,10,540,581,1121,1121,583,0.52007136485281
2020-09-12,42,28,70,29,30,59,48,59,107,52,79,131,36,63,99,37,52,89,35,33,68,24,28,52,13,34,47,2,15,17,318,421,739,739,372,0.503382949932341
2020-09-13,45,38,83,24,25,49,51,67,118,51,73,124,35,47,82,38,34,72,37,31,68,17,10,27,3,17,20,5,8,13,306,350,656,656,260,0.39634146341463417
2020-09-14,63,57,120,45,47,92,98,115,213,96,101,197,62,86,148,65,72,137,50,61,111,32,33,65,21,24,45,1,9,10,533,605,1138,1138,484,0.4253075571177504
2020-09-15,65,37,102,32,29,61,88,74,162,88,122,210,68,67,135,40,62,102,47,47,94,32,43,75,16,49,65,3,22,25,479,552,1031,1031,502,0.486905916585839
2020-09-16,69,64,133,62,61,123,101,122,223,93,125,218,78,94,172,54,66,120,43,52,95,26,25,51,18,30,48,3,13,16,547,652,1199,1199,438,0.3653044203502919
2020-09-17,51,45,96,33,55,88,96,92,188,87,99,186,88,104,192,65,67,132,49,49,98,35,29,64,18,23,41,3,10,13,525,573,1098,1098,560,0.5100182149362478
2020-09-18,66,58,124,36,53,89,91,105,196,97,128,225,70,88,158,56,69,125,37,52,89,41,38,79,16,31,47,5,21,26,515,643,1158,1158,476,0.4110535405872193
2020-09-19,25,46,71,28,38,66,50,56,106,64,67,131,40,36,76,31,37,68,36,32,68,18,23,41,15,20,35,4,8,12,311,363,674,674,328,0.486646884272997
2020-09-20,36,40,76,32,36,68,48,45,93,57,46,103,37,46,83,21,37,58,19,27,46,20,21,41,6,18,24,3,7,10,279,323,602,602,166,0.2757475083056478
2020-09-21,61,48,109,38,58,96,88,84,172,93,102,195,66,84,150,51,51,102,47,52,99,33,32,65,14,20,34,1,11,12,492,542,1034,1034,458,0.44294003868471954
2020-09-22,68,59,127,55,56,111,94,113,207,92,101,193,80,72,152,60,71,131,53,38,91,32,36,68,15,36,51,3,15,18,552,597,1149,1149,414,0.360313315926893
2020-09-23,60,54,114,42,39,81,73,107,180,78,104,182,62,73,135,50,59,109,45,47,92,21,45,66,10,24,34,3,9,12,444,561,1005,1005,383,0.38109452736318405
2020-09-24,71,55,126,56,55,111,104,86,190,93,108,201,74,82,156,45,50,95,28,63,91,24,31,55,23,35,58,7,24,31,525,589,1114,1114,412,0.36983842010771995
2020-09-25,61,45,106,47,42,89,81,99,180,83,90,173,79,74,153,49,52,101,51,51,102,28,30,58,18,27,45,0,11,11,497,521,1018,1018,466,0.4577603143418468
2020-09-26,31,31,62,33,28,61,46,46,92,70,61,131,43,45,88,35,47,82,32,27,59,21,14,35,9,15,24,3,8,11,323,322,645,645,265,0.4108527131782946
2020-09-27,37,39,76,23,34,57,46,63,109,50,58,108,48,50,98,30,32,62,24,28,52,8,18,26,9,14,23,2,8,10,277,344,621,621,193,0.3107890499194847
2020-09-28,58,55,113,40,32,72,63,78,141,87,85,172,86,64,150,69,72,141,49,31,80,28,29,57,17,24,41,4,15,19,501,485,986,986,418,0.4239350912778905
2020-09-29,68,60,128,55,58,113,100,92,192,110,118,228,83,78,161,56,49,105,46,53,99,32,56,88,25,41,66,1,22,23,576,627,1203,1203,362,0.30091438071487947
2020-09-30,66,61,127,43,45,88,91,115,206,88,96,184,68,72,140,59,70,129,46,58,104,29,32,61,14,29,43,3,8,11,507,586,1093,1093,431,0.39432753888380606
2020-10-01,64,83,147,50,67,117,100,119,219,107,116,223,69,77,146,49,62,111,45,51,96,32,47,79,11,21,32,3,11,14,530,654,1184,1184,503,0.4248310810810811
2020-10-02,85,63,148,52,53,105,79,95,174,87,108,195,67,79,146,55,51,106,48,48,96,32,46,78,11,38,49,5,14,19,521,595,1116,1116,586,0.525089605734767
2020-10-03,39,39,78,31,47,78,65,64,129,62,67,129,49,53,102,46,33,79,29,35,64,25,21,46,9,26,35,4,6,10,359,391,750,750,367,0.48933333333333334
2020-10-04,45,41,86,29,27,56,60,69,129,51,54,105,47,48,95,28,34,62,24,21,45,18,20,38,11,25,36,2,4,6,315,343,658,658,277,0.4209726443768997
2020-10-05,43,51,94,47,36,83,90,83,173,118,110,228,90,78,168,63,62,125,72,49,121,35,54,89,20,31,51,3,7,10,581,561,1142,1142,519,0.45446584938704027
2020-10-06,59,68,127,47,47,94,80,81,161,95,98,193,93,68,161,66,62,128,46,51,97,34,45,79,20,31,51,6,9,15,546,560,1106,1106,391,0.3535262206148282
2020-10-07,72,51,123,35,40,75,92,99,191,113,111,224,85,88,173,52,84,136,50,50,100,28,41,69,16,26,42,3,7,10,546,597,1143,1143,406,0.3552055993000875
2020-10-08,66,48,114,42,42,84,78,98,176,85,103,188,78,75,153,57,58,115,44,47,91,38,41,79,11,30,41,4,19,23,503,561,1064,1064,447,0.4201127819548872
2020-10-09,52,70,122,54,54,108,65,107,172,94,123,217,64,92,156,45,67,112,43,48,91,27,39,66,11,22,33,4,17,21,459,639,1098,1098,526,0.4790528233151184
2020-10-10,28,47,75,36,25,61,67,63,130,62,63,125,57,57,114,41,49,90,29,34,63,14,27,41,16,23,39,6,9,15,356,397,753,753,426,0.5657370517928287
2020-10-11,46,41,87,30,28,58,33,60,93,46,81,127,47,44,91,40,38,78,35,26,61,16,24,40,11,19,30,1,6,7,305,367,672,672,362,0.5386904761904762
2020-10-12,46,41,87,40,33,73,56,70,126,63,69,132,43,55,98,37,55,92,45,41,86,21,31,52,14,23,37,1,10,11,366,428,794,794,336,0.42317380352644834
2020-10-13,66,68,134,49,34,83,91,99,190,90,108,198,71,83,154,68,71,139,55,53,108,36,51,87,19,38,57,5,13,18,550,618,1168,1168,526,0.4503424657534247
2020-10-14,53,60,113,42,49,91,84,98,182,88,88,176,62,73,135,47,64,111,52,42,94,34,47,81,18,29,47,1,13,14,481,563,1044,1044,493,0.4722222222222222
2020-10-15,60,54,114,45,40,85,91,97,188,107,91,198,88,96,184,66,59,125,54,60,114,27,31,58,15,30,45,6,10,16,559,568,1127,1127,431,0.3824312333629104
2020-10-16,78,54,132,54,59,113,123,129,252,109,101,210,90,104,194,67,76,143,49,58,107,33,50,83,21,43,64,2,26,28,626,700,1326,1326,538,0.4057315233785822
2020-10-17,42,41,83,38,35,73,71,62,133,75,85,160,55,62,117,36,42,78,38,40,78,33,24,57,11,25,36,3,7,10,402,423,825,825,370,0.4484848484848485
2020-10-18,37,33,70,27,21,48,29,45,74,55,74,129,26,35,61,43,22,65,21,21,42,15,20,35,8,16,24,1,4,5,262,291,553,553,335,0.6057866184448463
2020-10-19,93,71,164,52,59,111,100,115,215,113,138,251,96,127,223,67,77,144,65,60,125,39,60,99,17,34,51,1,10,11,643,751,1394,1394,720,0.5164992826398852
2020-10-20,71,72,143,67,52,119,116,117,233,104,108,212,98,121,219,66,70,136,61,52,113,32,49,81,23,37,60,0,15,15,638,693,1331,1331,954,0.7167543200601052
2020-10-21,51,52,103,71,49,120,93,117,210,86,100,186,72,81,153,62,55,117,50,48,98,31,33,64,19,31,50,2,5,7,537,571,1108,1108,662,0.5974729241877257
2020-10-22,53,49,102,62,63,125,72,95,167,75,98,173,76,70,146,52,61,113,31,55,86,22,36,58,16,26,42,2,8,10,461,561,1022,1022,705,0.6898238747553816
2020-10-23,53,42,95,40,34,74,60,71,131,57,70,127,58,75,133,46,43,89,37,51,88,35,32,67,13,26,39,4,18,22,403,462,865,865,690,0.7976878612716763
2020-10-24,34,30,64,21,21,42,49,32,81,48,51,99,41,47,88,25,38,63,23,31,54,24,27,51,6,25,31,2,10,12,273,312,585,585,532,0.9094017094017094
2020-10-25,46,32,78,27,31,58,48,54,102,48,82,130,45,42,87,31,50,81,22,32,54,21,22,43,7,13,20,1,2,3,296,360,656,656,605,0.9222560975609756
2020-10-26,62,50,112,59,50,109,75,80,155,94,100,194,54,82,136,62,77,139,53,59,112,39,52,91,12,33,45,2,10,12,512,593,1105,1105,937,0.8479638009049774
2020-10-27,55,57,112,50,38,88,101,103,204,87,107,194,83,84,167,64,80,144,54,73,127,33,51,84,15,30,45,3,6,9,545,629,1174,1174,1023,0.8713798977853492
2020-10-28,52,56,108,41,49,90,82,83,165,85,111,196,50,83,133,66,73,139,45,42,87,22,34,56,11,27,38,3,13,16,457,571,1028,1028,845,0.8219844357976653
2020-10-29,47,43,90,41,47,88,96,91,187,90,94,184,57,82,139,51,60,111,43,47,90,24,33,57,12,26,38,1,7,8,462,530,992,992,951,0.9586693548387096
2020-10-30,49,34,83,28,45,73,54,83,137,72,88,160,65,77,142,43,60,103,45,60,105,23,33,56,21,27,48,2,15,17,402,522,924,924,729,0.788961038961039
2020-10-31,40,26,66,20,20,40,48,44,92,43,76,119,42,48,90,30,37,67,30,39,69,22,30,52,8,16,24,2,8,10,285,344,629,629,521,0.8282988871224165
2020-11-01,57,48,105,33,39,72,67,73,140,50,69,119,53,50,103,38,44,82,24,56,80,23,27,50,9,26,35,3,6,9,357,438,795,795,664,0.8352201257861636
2020-11-02,51,61,112,48,51,99,81,98,179,97,86,183,73,82,155,48,57,105,47,54,101,38,37,75,15,19,34,0,11,11,498,556,1054,1054,865,0.8206831119544592
2020-11-03,38,44,82,27,40,67,57,94,151,81,81,162,58,47,105,46,47,93,38,38,76,36,34,70,16,31,47,1,10,11,398,466,864,864,660,0.7638888888888888
2020-11-04,49,50,99,44,47,91,113,100,213,87,104,191,92,100,192,65,66,131,61,57,118,42,36,78,20,36,56,7,13,20,580,609,1189,1189,705,0.5929352396972245
2020-11-05,67,59,126,76,61,137,123,115,238,126,118,244,97,100,197,70,79,149,46,67,113,34,34,68,18,24,42,4,10,14,661,667,1328,1328,847,0.6378012048192772
2020-11-06,42,45,87,37,43,80,68,64,132,50,81,131,57,51,108,49,58,107,41,51,92,32,47,79,18,32,50,3,7,10,397,479,876,876,694,0.7922374429223744
2020-11-07,40,43,83,29,33,62,51,66,117,48,69,117,54,61,115,46,55,101,47,53,100,34,31,65,20,19,39,6,7,13,375,437,812,812,624,0.7684729064039408
2020-11-08,51,61,112,27,41,68,69,73,142,66,94,160,52,63,115,39,49,88,34,51,85,23,30,53,8,16,24,2,5,7,371,483,854,854,708,0.8290398126463701
2020-11-09,81,69,150,64,45,109,78,108,186,112,124,236,85,91,176,73,75,148,57,61,118,29,45,74,26,36,62,4,9,13,609,663,1272,1272,986,0.7751572327044025
2020-11-10,51,43,94,43,47,90,82,74,156,93,97,190,56,61,117,51,51,102,61,46,107,31,34,65,23,32,55,5,9,14,496,494,990,990,662,0.6686868686868687
2020-11-11,67,50,117,42,54,96,98,109,207,92,97,189,88,87,175,76,74,150,44,44,88,33,41,74,20,36,56,5,18,23,565,610,1175,1175,777,0.6612765957446809
2020-11-12,68,63,131,41,45,86,98,106,204,130,108,238,93,96,189,71,63,134,53,66,119,36,52,88,19,37,56,3,12,15,612,648,1260,1260,783,0.6214285714285714
2020-11-13,60,44,104,51,45,96,101,113,214,75,100,175,75,85,160,56,61,117,61,65,126,43,46,89,20,42,62,4,12,16,546,613,1159,1159,733,0.6324417601380501
2020-11-14,65,61,126,33,30,63,51,65,116,74,75,149,50,60,110,49,44,93,48,30,78,28,40,68,12,21,33,4,5,9,414,431,845,845,622,0.736094674556213
2020-11-15,66,65,131,53,32,85,65,83,148,81,75,156,67,59,126,55,53,108,51,46,97,27,38,65,12,25,37,0,11,11,477,487,964,964,741,0.7686721991701245
2020-11-16,63,62,125,67,51,118,72,73,145,84,112,196,75,71,146,45,64,109,48,45,93,41,45,86,17,27,44,3,13,16,515,563,1078,1078,679,0.6298701298701299
2020-11-17,70,71,141,59,53,112,102,122,224,117,123,240,84,106,190,59,81,140,67,79,146,49,55,104,19,41,60,6,15,21,632,746,1378,1378,969,0.7031930333817126
2020-11-18,59,60,119,76,48,124,101,114,215,113,134,247,64,85,149,54,68,122,53,52,105,47,44,91,14,45,59,2,8,10,583,658,1241,1241,866,0.6978243352135375
2020-11-19,71,58,129,64,57,121,107,130,237,93,123,216,78,107,185,67,70,137,44,56,100,39,38,77,22,36,58,3,7,10,588,682,1270,1270,881,0.6937007874015748
2020-11-20,65,56,121,43,55,98,96,106,202,95,104,199,77,100,177,52,71,123,53,46,99,35,38,73,21,34,55,4,15,19,541,625,1166,1166,832,0.7135506003430532
2020-11-21,54,52,106,31,42,73,65,72,137,77,73,150,56,62,118,46,51,97,42,42,84,25,22,47,11,20,31,3,11,14,410,447,857,857,723,0.8436406067677946
2020-11-22,49,37,86,31,32,63,64,53,117,55,75,130,53,52,105,34,42,76,31,41,72,23,20,43,13,24,37,3,10,13,356,386,742,742,573,0.7722371967654986
2020-11-23,57,54,111,40,45,85,70,84,154,84,75,159,62,78,140,47,53,100,37,49,86,33,31,64,19,31,50,5,12,17,454,512,966,966,802,0.8302277432712215
2020-11-24,58,72,130,56,56,112,93,113,206,112,96,208,85,85,170,70,75,145,58,68,126,47,46,93,25,34,59,1,11,12,605,656,1261,1261,972,0.7708168120539255
2020-11-25,67,62,129,60,58,118,115,126,241,106,120,226,82,85,167,61,60,121,67,62,129,33,59,92,20,44,64,6,11,17,617,687,1304,1304,896,0.6871165644171779
2020-11-26,70,66,136,65,71,136,97,123,220,113,138,251,79,92,171,61,65,126,56,56,112,41,55,96,13,31,44,9,12,21,604,709,1313,1313,941,0.7166793602437167
2020-11-27,56,56,112,51,39,90,95,131,226,86,96,182,65,46,111,63,61,124,49,41,90,32,36,68,15,37,52,3,4,7,515,547,1062,1062,771,0.7259887005649718
2020-11-28,67,42,109,44,32,76,79,87,166,59,98,157,61,70,131,54,49,103,29,30,59,28,33,61,16,30,46,2,6,8,439,477,916,916,613,0.6692139737991266
2020-11-29,59,48,107,33,44,77,84,98,182,72,101,173,79,61,140,43,59,102,54,61,115,28,36,64,15,17,32,1,6,7,468,531,999,999,750,0.7507507507507507
2020-11-30,85,68,153,78,59,137,125,141,266,133,120,253,116,115,231,73,77,150,75,84,159,61,47,108,21,34,55,3,10,13,770,755,1525,1524,1037,0.6804461942257218
2020-12-01,54,70,124,58,73,131,138,140,278,125,138,263,94,112,206,49,69,118,73,91,164,53,53,106,28,33,61,5,5,10,677,784,1461,1461,926,0.6338124572210815
2020-12-02,42,39,81,56,67,123,86,111,197,89,125,214,79,93,172,56,59,115,47,37,84,37,43,80,23,21,44,1,9,10,516,604,1120,1120,424,0.37857142857142856
2020-12-03,52,56,108,84,78,162,141,213,354,171,188,359,137,142,279,88,90,178,80,87,167,51,44,95,20,28,48,2,7,9,826,933,1759,1759,421,0.23934053439454236
2020-12-04,66,68,134,85,88,173,148,168,316,161,188,349,122,156,278,106,115,221,79,103,182,64,51,115,21,42,63,6,9,15,858,988,1846,1845,642,0.34796747967479674
2020-12-05,60,57,117,73,65,138,127,118,245,158,134,292,93,93,186,62,73,135,53,60,113,32,33,65,10,27,37,5,9,14,673,669,1342,1342,691,0.5149031296572281
2020-12-06,48,56,104,54,49,103,84,90,174,94,101,195,67,92,159,45,58,103,46,51,97,38,37,75,18,20,38,1,5,6,495,559,1054,1054,415,0.3937381404174573
2020-12-07,37,54,91,74,64,138,123,143,266,115,127,242,84,114,198,60,73,133,45,57,102,36,41,77,18,25,43,4,6,10,596,704,1300,1300,358,0.2753846153846154
2020-12-08,52,62,114,58,68,126,116,135,251,126,144,270,93,81,174,75,87,162,69,56,125,28,50,78,10,24,34,4,9,13,631,716,1347,1347,422,0.31328878990348924
2020-12-09,72,67,139,77,104,181,227,248,475,215,259,474,173,175,348,146,166,312,126,108,234,55,76,131,25,45,70,4,18,22,1120,1266,2386,2386,754,0.3160100586756077
2020-12-10,80,57,137,115,153,268,246,296,542,264,307,571,183,221,404,165,190,355,131,123,254,57,59,116,21,54,75,7,12,19,1269,1472,2741,2741,591,0.21561473914629697
2020-12-11,69,74,143,111,133,244,249,309,558,290,320,610,204,227,431,172,186,358,141,151,292,75,85,160,24,39,63,2,7,9,1337,1531,2868,2868,507,0.17677824267782427
2020-12-12,64,64,128,106,101,207,208,263,471,221,266,487,197,206,403,143,162,305,106,151,257,58,64,122,17,28,45,2,10,12,1122,1315,2437,2437,628,0.257693885925318
2020-12-13,70,46,116,90,99,189,159,200,359,213,257,470,169,186,355,147,157,304,101,96,197,45,44,89,18,23,41,7,5,12,1019,1113,2132,2132,382,0.17917448405253283
2020-12-14,88,68,156,115,126,241,235,284,519,283,299,582,191,219,410,172,184,356,138,158,296,80,86,166,27,38,65,10,13,23,1339,1475,2814,2814,689,0.24484719260838664
2020-12-15,71,73,144,96,110,206,208,273,481,264,268,532,192,192,384,156,208,364,143,136,279,69,65,134,16,29,45,4,12,16,1219,1366,2585,2584,577,0.22329721362229102
2020-12-16,51,64,115,125,156,281,252,320,572,337,369,706,265,264,529,203,219,422,174,171,345,85,86,171,31,27,58,4,12,16,1527,1688,3215,3215,657,0.20435458786936236
2020-12-17,92,81,173,137,138,275,280,371,651,356,387,743,270,286,556,195,215,410,104,139,243,71,61,132,16,27,43,2,9,11,1523,1714,3237,3237,731,0.22582638245288847
2020-12-18,99,80,179,153,202,355,321,405,726,368,415,783,280,296,576,233,250,483,235,226,461,112,100,212,22,59,81,3,12,15,1826,2045,3871,3871,926,0.23921467321105658
2020-12-19,75,70,145,130,142,272,233,320,553,383,392,775,250,260,510,186,215,401,161,191,352,70,86,156,18,31,49,3,8,11,1509,1715,3224,3224,882,0.27357320099255583
2020-12-20,65,79,144,144,149,293,265,310,575,380,386,766,267,293,560,226,246,472,163,158,321,71,66,137,15,19,34,4,8,12,1600,1714,3314,3314,452,0.1363910681955341
2020-12-21,96,99,195,149,161,310,363,383,746,424,471,895,332,328,660,246,263,509,206,213,419,95,100,195,21,55,76,5,11,16,1937,2084,4021,4021,778,0.19348420790848048
2020-12-22,103,99,202,199,211,410,385,489,874,491,573,1064,369,380,749,253,278,531,221,237,458,102,94,196,24,37,61,6,6,12,2153,2404,4557,4557,859,0.18850120693438666
2020-12-23,123,101,224,230,211,441,423,475,898,475,499,974,342,407,749,239,250,489,172,214,386,72,84,156,32,46,78,8,16,24,2116,2303,4419,4419,907,0.20525005657388548
2020-12-24,55,58,113,101,140,241,247,243,490,308,277,585,204,200,404,116,144,260,99,121,220,63,50,113,6,25,31,3,5,8,1202,1263,2465,2465,692,0.28073022312373225
2020-12-25,39,25,64,38,44,82,74,64,138,66,82,148,54,43,97,49,55,104,25,28,53,19,14,33,6,19,25,4,3,7,374,377,751,751,461,0.6138482023968043
2020-12-26,93,72,165,194,237,431,304,378,682,427,408,835,282,348,630,236,239,475,145,168,313,74,79,153,20,35,55,1,13,14,1776,1977,3753,3753,786,0.20943245403677058
2020-12-27,55,52,107,265,251,516,341,344,685,448,471,919,365,383,748,247,272,519,173,181,354,73,93,166,24,37,61,3,11,14,1994,2095,4089,4089,450,0.11005135730007337
2020-12-28,129,103,232,310,344,654,473,581,1054,632,697,1329,498,510,1008,313,383,696,208,270,478,105,123,228,34,50,84,3,20,23,2705,3081,5786,5786,845,0.14604217075699966
2020-12-29,96,94,190,281,302,583,476,546,1022,508,554,1062,434,458,892,266,303,569,210,244,454,103,114,217,31,65,96,9,16,25,2414,2696,5110,5110,826,0.16164383561643836
2020-12-30,100,88,188,326,366,692,494,512,1006,589,588,1177,438,507,945,303,377,680,217,235,452,101,108,209,29,52,81,3,12,15,2600,2845,5445,5444,1136,0.20867009551800147
2020-12-31,73,71,144,234,235,469,340,353,693,349,418,767,292,352,644,202,210,412,97,120,217,54,71,125,16,29,45,1,8,9,1658,1867,3525,3525,670,0.1900709219858156
2021-01-01,31,21,52,50,52,102,74,97,171,81,99,180,58,77,135,55,60,115,26,35,61,20,23,43,6,16,22,1,4,5,402,484,886,886,387,0.4367945823927765
2021-01-02,78,64,142,192,232,424,306,367,673,386,432,818,294,342,636,214,244,458,192,206,398,80,97,177,17,38,55,6,8,14,1765,2030,3795,3795,663,0.17470355731225296
2021-01-03,56,69,125,301,286,587,489,584,1073,629,675,1304,464,540,1004,301,375,676,226,256,482,89,123,212,31,41,72,3,10,13,2589,2959,5548,5548,580,0.10454217736121124
2021-01-04,91,86,177,279,276,555,632,758,1390,701,759,1460,481,557,1038,312,396,708,246,247,493,127,127,254,35,78,113,4,16,20,2908,3300,6208,6208,844,0.13595360824742267
2021-01-05,89,90,179,319,320,639,663,781,1444,708,791,1499,512,569,1081,337,390,727,246,339,585,127,150,277,36,69,105,7,12,19,3044,3511,6555,6554,859,0.1310649984742142
2021-01-06,93,83,176,346,347,693,677,713,1390,665,721,1386,545,561,1106,377,439,816,265,300,565,123,159,282,33,68,101,4,20,24,3128,3411,6539,6538,896,0.13704496788008566
2021-01-07,91,80,171,261,287,548,496,585,1081,538,598,1136,393,408,801,263,339,602,209,262,471,93,137,230,30,54,84,4,12,16,2378,2762,5140,5140,861,0.16750972762645913
2021-01-08,95,93,188,284,298,582,515,548,1063,455,562,1017,356,487,843,267,313,580,171,222,393,100,129,229,34,42,76,6,9,15,2283,2703,4986,4985,1036,0.2078234704112337
2021-01-09,62,73,135,252,282,534,453,536,989,509,591,1100,369,435,804,256,301,557,157,231,388,70,89,159,25,47,72,0,13,13,2153,2598,4751,4749,774,0.16298168035375868
2021-01-10,83,73,156,297,315,612,441,534,975,498,571,1069,380,434,814,238,282,520,162,168,330,51,97,148,17,43,60,4,14,18,2171,2531,4702,4702,521,0.11080391322841344
2021-01-11,100,72,172,308,352,660,598,690,1288,622,699,1321,406,491,897,302,365,667,185,237,422,94,103,197,28,56,84,3,22,25,2646,3087,5733,5733,824,0.14372928658642944
2021-01-12,113,69,182,275,323,598,497,576,1073,443,596,1039,352,430,782,278,358,636,205,190,395,73,102,175,33,37,70,4,9,13,2273,2690,4963,4962,692,0.13945989520354696
2021-01-13,128,113,241,305,360,665,576,648,1224,526,596,1122,440,458,898,294,367,661,212,267,479,92,113,205,21,53,74,6,4,10,2600,2979,5579,5579,752,0.13479118121527156
2021-01-14,96,103,199,319,379,698,511,615,1126,506,585,1091,379,472,851,295,353,648,193,229,422,82,99,181,22,43,65,4,9,13,2407,2887,5294,5293,842,0.15907802758360098
2021-01-15,117,88,205,504,543,1047,585,757,1342,758,857,1615,555,680,1235,427,501,928,236,278,514,92,132,224,23,54,77,4,10,14,3301,3900,7201,7201,879,0.12206637966949035
2021-01-16,63,53,116,611,606,1217,525,668,1193,673,816,1489,644,724,1368,457,445,902,260,298,558,126,124,250,30,44,74,1,10,11,3390,3788,7178,7178,657,0.0915296740039008
2021-01-17,66,47,113,487,561,1048,534,707,1241,633,712,1345,661,753,1414,425,426,851,201,217,418,91,100,191,17,29,46,2,3,5,3117,3555,6672,6672,505,0.075689448441247
2021-01-18,95,86,181,598,597,1195,701,790,1491,787,848,1635,748,812,1560,510,558,1068,306,362,668,144,149,293,42,83,125,6,25,31,3937,4310,8247,8246,716,0.08682997817123454
2021-01-19,105,89,194,557,578,1135,636,744,1380,742,844,1586,687,778,1465,485,530,1015,303,353,656,127,165,292,25,61,86,7,14,21,3674,4156,7830,7830,577,0.07369093231162197
2021-01-20,97,89,186,518,545,1063,583,655,1238,681,722,1403,621,657,1278,464,512,976,322,347,669,164,169,333,33,54,87,6,15,21,3489,3765,7254,7254,553,0.07623380204025365
2021-01-21,122,86,208,365,456,821,560,588,1148,521,624,1145,441,559,1000,321,463,784,243,254,497,107,113,220,36,55,91,8,21,29,2724,3219,5943,5943,706,0.1187952212687195
2021-01-22,84,86,170,415,420,835,454,564,1018,426,561,987,428,522,950,312,360,672,208,239,447,96,116,212,23,48,71,7,5,12,2453,2921,5374,5374,633,0.11778935615928544
2021-01-23,55,45,100,438,452,890,464,569,1033,479,550,1029,430,453,883,322,363,685,154,193,347,57,76,133,20,38,58,2,6,8,2421,2745,5166,5166,454,0.08788230739450252
2021-01-24,65,56,121,506,541,1047,541,580,1121,504,593,1097,553,593,1146,363,389,752,194,207,401,76,101,177,29,38,67,2,6,8,2833,3104,5937,5937,403,0.06787940037055752
2021-01-25,94,104,198,628,599,1227,720,778,1498,675,767,1442,626,683,1309,397,487,884,258,266,524,126,133,259,33,66,99,5,16,21,3562,3899,7461,7461,537,0.07197426618415761
2021-01-26,120,85,205,523,517,1040,559,617,1176,559,613,1172,530,575,1105,384,447,831,233,307,540,121,134,255,37,65,102,6,18,24,3072,3378,6450,6450,599,0.09286821705426357
2021-01-27,115,98,213,466,466,932,516,608,1124,542,612,1154,464,573,1037,359,408,767,220,234,454,90,111,201,35,58,93,2,21,23,2809,3189,5998,5998,504,0.08402800933644548
2021-01-28,91,88,179,395,424,819,433,495,928,448,519,967,374,474,848,287,332,619,206,242,448,113,118,231,33,47,80,5,15,20,2385,2754,5139,5139,600,0.11675423234092236
2021-01-29,67,96,163,542,535,1077,581,643,1224,624,738,1362,575,677,1252,429,470,899,266,304,570,107,152,259,27,65,92,2,9,11,3220,3689,6909,6908,824,0.11928199189345687
2021-01-30,69,49,118,720,769,1489,520,644,1164,660,801,1461,727,884,1611,510,554,1064,259,341,600,108,159,267,29,50,79,2,9,11,3604,4260,7864,7864,541,0.06879450661241099
2021-01-31,61,61,122,1105,1173,2278,695,785,1480,829,1027,1856,1102,1276,2378,692,761,1453,319,338,657,121,149,270,27,51,78,2,13,15,4953,5634,10587,10587,315,0.029753471238311135
2021-02-01,92,83,175,926,1013,1939,633,823,1456,854,977,1831,974,1130,2104,678,697,1375,341,424,765,125,194,319,43,51,94,1,10,11,4667,5402,10069,10069,608,0.06038335485152448
2021-02-02,89,85,174,760,864,1624,591,694,1285,792,908,1700,883,1062,1945,627,668,1295,399,401,800,194,233,427,43,66,109,3,12,15,4381,4993,9374,9374,526,0.05611265201621506
2021-02-03,65,93,158,629,590,1219,524,639,1163,674,766,1440,665,769,1434,478,583,1061,340,364,704,164,205,369,37,67,104,5,14,19,3581,4090,7671,7671,541,0.07052535523399818
2021-02-04,76,73,149,355,366,721,416,541,957,466,553,1019,399,578,977,343,414,757,203,278,481,108,151,259,26,47,73,5,19,24,2397,3020,5417,5417,501,0.09248661620823334
2021-02-05,84,76,160,326,333,659,390,491,881,399,505,904,397,440,837,285,356,641,214,262,476,103,143,246,21,60,81,1,12,13,2220,2678,4898,4898,717,0.14638628011433238
2021-02-06,51,49,100,349,414,763,371,452,823,444,563,1007,407,529,936,342,376,718,182,215,397,81,108,189,21,42,63,1,8,9,2249,2756,5005,5005,498,0.0995004995004995
2021-02-07,59,65,124,407,433,840,342,436,778,463,557,1020,431,522,953,311,399,710,171,189,360,89,103,192,19,29,48,6,4,10,2298,2737,5035,5035,312,0.06196623634558093
2021-02-08,92,81,173,513,633,1146,563,632,1195,693,826,1519,681,820,1501,389,513,902,243,293,536,117,142,259,29,72,101,4,20,24,3324,4032,7356,7356,642,0.08727569331158239
2021-02-09,91,62,153,455,490,945,480,598,1078,629,700,1329,552,715,1267,399,483,882,272,310,582,134,156,290,37,63,100,6,16,22,3055,3593,6648,6648,532,0.08002406738868832
2021-02-10,76,61,137,342,353,695,385,499,884,522,653,1175,497,587,1084,318,391,709,212,262,474,120,130,250,35,52,87,0,14,14,2507,3002,5509,5509,418,0.07587583953530587
2021-02-11,76,62,138,281,356,637,350,485,835,474,569,1043,429,565,994,251,374,625,216,237,453,106,124,230,29,53,82,4,10,14,2216,2835,5051,5051,376,0.07444070481092853
2021-02-12,78,70,148,343,390,733,372,418,790,493,602,1095,457,609,1066,292,391,683,195,257,452,105,129,234,33,55,88,2,17,19,2370,2938,5308,5308,589,0.11096458176337604
2021-02-13,56,40,96,462,516,978,374,431,805,570,698,1268,575,745,1320,342,430,772,202,227,429,77,111,188,22,36,58,5,11,16,2685,3245,5930,5930,467,0.07875210792580101
2021-02-14,42,35,77,458,509,967,305,439,744,583,727,1310,677,785,1462,333,403,736,224,254,478,102,127,229,16,25,41,1,10,11,2741,3314,6055,6054,307,0.050710274198876776
2021-02-15,41,58,99,591,617,1208,440,582,1022,717,896,1613,809,926,1735,457,530,987,224,267,491,94,130,224,23,58,81,2,11,13,3398,4075,7473,7473,387,0.05178643115214773
2021-02-16,61,43,104,610,589,1199,602,829,1431,872,983,1855,802,990,1792,430,456,886,221,232,453,94,132,226,15,39,54,8,6,14,3715,4299,8014,8014,510,0.0636386323933117
2021-02-17,79,95,174,414,464,878,734,855,1589,731,830,1561,567,638,1205,387,468,855,312,332,644,125,166,291,25,65,90,7,16,23,3381,3929,7310,7310,460,0.06292749658002736
2021-02-18,71,68,139,343,404,747,594,702,1296,647,733,1380,529,632,1161,377,425,802,258,291,549,135,165,300,34,51,85,4,12,16,2992,3483,6475,6475,522,0.08061776061776062
2021-02-19,92,66,158,321,428,749,509,613,1122,612,736,1348,498,602,1100,363,425,788,221,284,505,114,161,275,29,50,79,4,12,16,2763,3377,6140,6140,587,0.09560260586319218
2021-02-20,66,52,118,282,367,649,449,531,980,473,656,1129,447,552,999,326,411,737,187,277,464,86,109,195,27,39,66,5,5,10,2348,2999,5347,5347,469,0.08771273611370863
2021-02-21,81,51,132,270,349,619,409,554,963,537,672,1209,447,565,1012,275,362,637,207,244,451,75,106,181,26,32,58,5,10,15,2332,2945,5277,5277,365,0.06916808792874739
2021-02-22,99,112,211,291,395,686,504,682,1186,585,745,1330,464,588,1052,344,436,780,248,301,549,117,121,238,43,40,83,3,8,11,2698,3428,6126,6126,478,0.07802807704864512
2021-02-23,110,88,198,253,300,553,451,545,996,505,603,1108,397,503,900,305,397,702,240,280,520,114,146,260,34,56,90,7,15,22,2416,2933,5349,5349,451,0.08431482520097214
2021-02-24,83,105,188,265,308,573,350,430,780,437,506,943,316,417,733,259,324,583,217,229,446,104,128,232,28,44,72,3,10,13,2062,2501,4563,4563,405,0.08875739644970414
2021-02-25,127,118,245,209,233,442,361,415,776,387,417,804,291,343,634,222,293,515,173,233,406,85,123,208,24,46,70,5,14,19,1884,2235,4119,4119,385,0.09346928866229667
2021-02-26,98,99,197,188,241,429,359,457,816,434,466,900,316,390,706,247,317,564,190,284,474,96,125,221,21,37,58,2,19,21,1951,2435,4386,4386,411,0.09370725034199727
2021-02-27,68,68,136,216,302,518,359,472,831,476,531,1007,319,395,714,310,375,685,237,285,522,97,128,225,28,56,84,2,9,11,2112,2621,4733,4733,438,0.0925417282907247
2021-02-28,80,73,153,317,358,675,396,548,944,614,710,1324,471,592,1063,392,495,887,291,352,643,144,170,314,27,50,77,2,8,10,2734,3356,6090,6090,357,0.05862068965517241
2021-03-01,149,128,277,220,260,480,374,433,807,410,459,869,317,380,697,230,280,510,187,241,428,87,136,223,22,45,67,5,13,18,2001,2375,4376,4376,530,0.12111517367458867
2021-03-02,156,141,297,232,266,498,358,402,760,362,444,806,309,341,650,210,314,524,157,208,365,94,86,180,37,57,94,3,9,12,1918,2268,4186,4186,378,0.0903010033444816
2021-03-03,153,117,270,163,233,396,272,379,651,333,385,718,249,304,553,225,294,519,213,247,460,87,125,212,21,35,56,1,11,12,1717,2130,3847,3847,482,0.12529243566415388
2021-03-04,139,133,272,173,213,386,259,304,563,301,332,633,234,299,533,169,256,425,180,263,443,101,142,243,30,36,66,6,17,23,1592,1995,3587,3587,458,0.12768330080847504
2021-03-05,129,124,253,181,194,375,282,375,657,337,390,727,227,267,494,218,278,496,184,216,400,94,116,210,24,36,60,0,6,6,1676,2002,3678,3678,456,0.12398042414355628
2021-03-06,93,84,177,125,143,268,252,306,558,300,325,625,208,244,452,157,211,368,124,146,270,65,87,152,21,30,51,2,7,9,1347,1583,2930,2930,378,0.12901023890784982
2021-03-07,91,86,177,141,161,302,239,314,553,316,342,658,186,261,447,184,259,443,171,202,373,72,92,164,19,38,57,4,4,8,1423,1759,3182,3181,297,0.09336686576548256
2021-03-08,176,150,326,180,236,416,292,400,692,357,393,750,299,329,628,253,323,576,239,257,496,109,119,228,27,50,77,3,12,15,1935,2269,4204,4202,395,0.0940028557829605
2021-03-09,193,179,372,183,191,374,302,345,647,370,402,772,284,311,595,242,312,554,220,322,542,133,138,271,29,43,72,4,8,12,1960,2251,4211,4211,396,0.09403942056518641
2021-03-10,209,182,391,198,221,419,280,313,593,370,407,777,238,278,516,228,286,514,212,238,450,97,126,223,29,47,76,4,10,14,1865,2108,3973,3973,576,0.14497860558771708
2021-03-11,176,182,358,146,188,334,236,324,560,263,336,599,191,269,460,143,208,351,143,207,350,87,99,186,27,38,65,2,13,15,1414,1864,3278,3278,596,0.18181818181818182
2021-03-12,211,195,406,176,235,411,279,348,627,317,418,735,257,308,565,197,275,472,181,268,449,100,112,212,24,48,72,3,14,17,1745,2221,3966,3965,642,0.16191677175283734
2021-03-13,138,122,260,131,171,302,282,321,603,333,355,688,222,256,478,185,276,461,191,235,426,74,90,164,18,40,58,4,4,8,1578,1870,3448,3448,541,0.15690255220417634
2021-03-14,127,164,291,154,153,307,226,366,592,357,398,755,228,293,521,239,295,534,190,246,436,84,119,203,19,33,52,5,11,16,1629,2078,3707,3707,427,0.11518748314000539
2021-03-15,252,235,487,214,238,452,310,437,747,378,454,832,297,376,673,274,346,620,244,278,522,104,162,266,25,51,76,4,13,17,2102,2590,4692,4692,588,0.12531969309462915
2021-03-16,230,233,463,201,246,447,277,355,632,373,417,790,264,279,543,231,302,533,213,256,469,100,119,219,25,59,84,6,19,25,1920,2285,4205,4205,493,0.11724137931034483
2021-03-17,188,167,355,183,216,399,270,351,621,302,331,633,214,267,481,200,269,469,192,229,421,83,126,209,24,44,68,3,13,16,1659,2013,3672,3671,502,0.13674748025061292
2021-03-18,167,158,325,151,180,331,247,302,549,283,310,593,204,238,442,153,222,375,153,182,335,86,103,189,16,37,53,3,7,10,1463,1739,3202,3202,466,0.14553404122423486
2021-03-19,175,189,364,205,212,417,257,338,595,311,347,658,214,264,478,176,229,405,153,200,353,73,92,165,20,35,55,6,10,16,1590,1916,3506,3506,700,0.19965772960638906
2021-03-20,87,88,175,136,158,294,218,261,479,275,292,567,190,224,414,177,220,397,148,151,299,71,80,151,16,28,44,8,7,15,1326,1509,2835,2832,462,0.163135593220339
2021-03-21,124,114,238,132,143,275,229,267,496,304,311,615,181,225,406,175,225,400,137,187,324,52,82,134,20,31,51,2,10,12,1356,1595,2951,2951,369,0.12504235852253473
2021-03-22,203,201,404,219,196,415,290,380,670,333,372,705,251,285,536,234,308,542,177,230,407,102,117,219,26,56,82,4,22,26,1839,2167,4006,4006,615,0.15351972041937095
2021-03-23,193,177,370,197,220,417,257,326,583,308,387,695,233,248,481,209,241,450,191,254,445,106,132,238,27,33,60,3,16,19,1724,2034,3758,3758,605,0.1609898882384247
2021-03-24,131,132,263,166,156,322,203,240,443,255,270,525,172,226,398,138,197,335,101,134,235,60,88,148,12,36,48,1,6,7,1239,1485,2724,2724,500,0.18355359765051396
2021-03-25,148,141,289,172,228,400,229,326,555,317,336,653,254,303,557,177,217,394,128,187,315,69,86,155,30,40,70,4,4,8,1528,1868,3396,3396,484,0.1425206124852768
2021-03-26,190,176,366,209,248,457,268,343,611,327,350,677,226,309,535,178,251,429,146,201,347,94,110,204,24,36,60,3,13,16,1665,2037,3702,3702,627,0.1693679092382496
2021-03-27,140,131,271,126,151,277,241,253,494,297,326,623,200,264,464,165,246,411,156,171,327,64,88,152,19,38,57,5,7,12,1413,1675,3088,3088,560,0.18134715025906736
2021-03-28,108,99,207,113,164,277,188,250,438,256,331,587,213,245,458,163,226,389,129,174,303,50,61,111,20,29,49,2,7,9,1242,1586,2828,2828,458,0.16195190947666196
2021-03-29,181,182,363,254,224,478,278,348,626,330,369,699,250,333,583,215,253,468,151,216,367,59,66,125,17,40,57,1,8,9,1736,2039,3775,3775,628,0.16635761589403975
2021-03-30,169,162,331,197,227,424,234,317,551,285,351,636,215,283,498,180,206,386,156,178,334,52,73,125,23,35,58,5,6,11,1516,1838,3354,3353,619,0.18461079630181926
2021-03-31,147,126,273,168,159,327,251,322,573,280,341,621,201,280,481,134,197,331,92,119,211,33,50,83,21,26,47,1,10,11,1328,1630,2958,2958,613,0.20723461798512507
2021-04-01,116,142,258,186,196,382,277,317,594,301,339,640,212,276,488,176,225,401,119,147,266,53,81,134,14,24,38,2,11,13,1456,1758,3214,3214,700,0.2177971375233354
2021-04-02,139,98,237,174,204,378,256,299,555,287,317,604,224,268,492,169,223,392,106,115,221,52,49,101,18,24,42,2,10,12,1427,1607,3034,3034,581,0.1914963744232037
2021-04-03,107,105,212,169,214,383,261,279,540,316,363,679,225,297,522,170,221,391,141,137,278,43,71,114,20,43,63,4,8,12,1456,1738,3194,3194,756,0.2366938008766437
2021-04-04,141,116,257,298,336,634,362,452,814,450,607,1057,352,465,817,199,269,468,117,166,283,48,64,112,18,34,52,1,8,9,1986,2517,4503,4503,661,0.14679102820341994
2021-04-05,183,187,370,405,447,852,480,583,1063,552,596,1148,440,572,1012,278,359,637,169,219,388,78,86,164,20,49,69,4,9,13,2609,3107,5716,5716,720,0.12596221133659902
2021-04-06,207,218,425,349,371,720,541,553,1094,548,644,1192,432,471,903,285,347,632,206,294,500,102,125,227,23,49,72,3,14,17,2696,3086,5782,5781,1042,0.18024563224355647
2021-04-07,211,208,419,370,376,746,501,563,1064,515,634,1149,474,507,981,281,416,697,182,257,439,81,116,197,17,48,65,1,14,15,2633,3139,5772,5769,872,0.15115271277517767
2021-04-08,201,165,366,279,317,596,407,573,980,494,591,1085,372,438,810,244,365,609,170,208,378,66,110,176,24,42,66,2,11,13,2259,2820,5079,5079,913,0.17975979523528254
2021-04-09,154,149,303,218,254,472,265,410,675,311,400,711,269,334,603,177,259,436,121,140,261,52,72,124,8,29,37,3,8,11,1578,2055,3633,3632,875,0.24091409691629956
2021-04-10,123,117,240,205,245,450,330,407,737,389,421,810,259,324,583,183,257,440,116,153,269,31,53,84,7,17,24,3,4,7,1646,1998,3644,3643,691,0.18967883612407357
2021-04-11,105,112,217,189,222,411,253,301,554,316,400,716,268,330,598,179,233,412,121,126,247,35,46,81,15,31,46,2,5,7,1483,1806,3289,3289,584,0.1775615688659167
2021-04-12,190,179,369,270,256,526,346,413,759,394,468,862,336,445,781,233,321,554,142,188,330,54,88,142,20,35,55,4,11,15,1989,2404,4393,4391,760,0.1730813026645411
2021-04-13,186,134,320,203,214,417,332,440,772,412,500,912,330,404,734,246,307,553,112,126,238,63,56,119,16,24,40,4,10,14,1904,2215,4119,4119,754,0.1830541393542122
2021-04-14,171,144,315,188,175,363,213,253,466,249,314,563,176,258,434,151,206,357,157,150,307,55,103,158,24,42,66,5,8,13,1389,1653,3042,3041,896,0.29463992107859255
2021-04-15,191,177,368,242,298,540,392,527,919,438,558,996,395,527,922,276,381,657,172,188,360,48,85,133,22,42,64,2,10,12,2178,2793,4971,4968,1016,0.20450885668276972
2021-04-16,187,189,376,251,258,509,426,585,1011,492,609,1101,408,485,893,303,398,701,216,247,463,63,92,155,13,41,54,6,15,21,2365,2919,5284,5283,1083,0.20499716070414536
2021-04-17,162,139,301,230,232,462,350,437,787,466,505,971,333,447,780,239,294,533,140,185,325,59,88,147,21,57,78,4,7,11,2004,2391,4395,4395,945,0.2150170648464164
2021-04-18,121,142,263,205,231,436,364,464,828,464,601,1065,394,470,864,268,341,609,180,217,397,65,72,137,30,41,71,2,12,14,2093,2591,4684,4683,628,0.13410207132180227
2021-04-19,246,193,439,343,368,711,565,676,1241,675,851,1526,527,677,1204,392,516,908,252,301,553,92,119,211,24,71,95,3,31,34,3119,3803,6922,6922,924,0.1334874313782144
2021-04-20,229,243,472,291,308,599,487,668,1155,575,723,1298,490,669,1159,349,467,816,253,321,574,91,107,198,41,35,76,4,9,13,2810,3550,6360,6359,887,0.1394873407768517
2021-04-21,195,170,365,222,242,464,401,508,909,437,612,1049,399,545,944,280,401,681,197,248,445,79,85,164,18,55,73,1,8,9,2229,2874,5103,5103,857,0.16794042719968647
2021-04-22,223,215,438,325,385,710,471,603,1074,609,783,1392,529,652,1181,345,471,816,214,286,500,89,115,204,30,60,90,2,14,16,2837,3584,6421,6419,848,0.13210780495404267
2021-04-23,188,189,377,340,371,711,542,685,1227,668,896,1564,545,716,1261,369,525,894,225,290,515,102,122,224,44,51,95,4,14,18,3027,3859,6886,6883,919,0.1335173616155746
2021-04-24,104,83,187,118,92,210,134,196,330,178,218,396,148,201,349,91,133,224,61,84,145,50,63,113,18,48,66,6,25,31,908,1143,2051,2051,607,0.2959531935641151
2021-04-25,151,141,292,235,230,465,370,483,853,488,629,1117,406,522,928,312,396,708,195,213,408,77,63,140,15,40,55,1,7,8,2250,2724,4974,4973,487,0.09792881560426302
2021-04-26,237,216,453,294,345,639,471,612,1083,593,747,1340,528,621,1149,379,489,868,223,263,486,103,135,238,19,45,64,4,12,16,2851,3485,6336,6335,658,0.10386740331491713
2021-04-27,209,179,388,311,347,658,465,662,1127,558,745,1303,464,614,1078,355,467,822,229,241,470,87,139,226,27,55,82,5,12,17,2710,3461,6171,6169,578,0.09369427784081699
2021-04-28,205,197,402,297,316,613,414,573,987,557,718,1275,446,585,1031,322,407,729,193,219,412,75,106,181,26,48,74,7,16,23,2542,3185,5727,5727,669,0.11681508643268727
2021-04-29,257,216,473,402,381,783,538,778,1316,694,884,1578,580,815,1395,441,602,1043,249,328,577,136,162,298,44,69,113,4,22,26,3345,4257,7602,7601,688,0.09051440599921064
2021-04-30,190,172,362,234,222,456,298,456,754,401,566,967,318,472,790,258,371,629,166,204,370,100,119,219,37,64,101,3,22,25,2005,2668,4673,4671,779,0.1667737101263113
2021-05-01,151,126,277,244,210,454,368,471,839,479,602,1081,384,564,948,294,353,647,172,152,324,77,97,174,25,59,84,2,6,8,2196,2640,4836,4835,634,0.1311271975180972
2021-05-02,154,122,276,213,228,441,331,446,777,481,622,1103,372,537,909,284,358,642,191,238,429,87,109,196,25,45,70,3,19,22,2141,2724,4865,4865,462,0.09496402877697842
2021-05-03,287,257,544,301,337,638,573,724,1297,715,872,1587,573,723,1296,427,635,1062,299,415,714,154,162,316,36,90,126,5,27,32,3370,4242,7612,7612,789,0.1036521282186022
2021-05-04,215,233,448,307,317,624,525,644,1169,668,818,1486,572,696,1268,419,579,998,254,321,575,155,178,333,38,84,122,4,32,36,3157,3902,7059,7058,570,0.08075942193255879
2021-05-05,237,223,460,266,301,567,520,673,1193,607,706,1313,507,622,1129,358,478,836,227,260,487,128,131,259,43,71,114,7,15,22,2900,3480,6380,6378,575,0.09015365318281593
2021-05-06,207,231,438,361,380,741,517,720,1237,618,855,1473,569,675,1244,421,549,970,240,287,527,124,141,265,34,65,99,5,21,26,3096,3924,7020,7020,607,0.08646723646723646
2021-05-07,247,203,450,359,394,753,565,857,1422,653,958,1611,602,874,1476,358,606,964,240,304,544,108,144,252,26,49,75,3,14,17,3161,4403,7564,7563,725,0.09586143064921328
2021-05-08,143,130,273,169,189,358,332,443,775,425,510,935,306,378,684,227,300,527,126,139,265,62,74,136,26,45,71,2,18,20,1818,2226,4044,4044,514,0.1271018793273986
2021-05-09,172,155,327,187,213,400,292,381,673,426,506,932,335,433,768,225,310,535,154,159,313,75,99,174,33,45,78,8,18,26,1907,2319,4226,4226,426,0.10080454330336015
2021-05-10,235,229,464,285,319,604,575,665,1240,672,778,1450,553,707,1260,383,505,888,243,300,543,121,151,272,42,59,101,2,10,12,3111,3723,6834,6833,633,0.09263866530074638
2021-05-11,220,196,416,256,285,541,400,527,927,529,609,1138,454,526,980,306,404,710,222,269,491,111,128,239,31,43,74,2,11,13,2531,2998,5529,5529,606,0.10960390667390124
2021-05-12,222,198,420,243,257,500,419,523,942,503,598,1101,447,547,994,339,411,750,193,240,433,94,100,194,31,46,77,4,14,18,2495,2934,5429,5429,792,0.14588321974580953
2021-05-13,225,185,410,218,276,494,423,614,1037,510,694,1204,445,583,1028,294,423,717,190,211,401,99,123,222,35,68,103,3,10,13,2442,3187,5629,5627,817,0.14519282033054914
2021-05-14,257,259,516,307,393,700,599,802,1401,729,940,1669,574,820,1394,420,538,958,234,299,533,126,137,263,52,57,109,5,9,14,3303,4254,7557,7557,789,0.10440651052004764
2021-05-15,174,161,335,228,269,497,376,528,904,502,672,1174,446,561,1007,309,370,679,172,216,388,75,90,165,30,50,80,3,18,21,2315,2935,5250,5250,649,0.12361904761904761
2021-05-16,157,158,315,182,265,447,307,428,735,410,595,1005,388,526,914,299,376,675,165,187,352,73,84,157,19,50,69,2,17,19,2002,2686,4688,4688,513,0.1094283276450512
2021-05-17,340,321,661,371,405,776,647,798,1445,900,1028,1928,717,900,1617,520,666,1186,318,374,692,167,197,364,57,89,146,4,15,19,4041,4793,8834,8831,840,0.09511946551919374
2021-05-18,298,309,607,359,435,794,695,823,1518,834,988,1822,772,927,1699,503,599,1102,270,314,584,159,146,305,49,58,107,6,13,19,3945,4612,8557,8557,870,0.10167114642982354
2021-05-19,331,290,621,398,425,823,711,926,1637,918,1059,1977,727,884,1611,475,691,1166,326,341,667,126,158,284,46,59,105,7,19,26,4065,4852,8917,8917,668,0.07491308736122014
2021-05-20,334,330,664,452,497,949,829,1088,1917,966,1124,2090,776,1025,1801,517,694,1211,323,340,663,130,179,309,47,81,128,2,29,31,4376,5387,9763,9762,669,0.06853103872157344
2021-05-21,236,218,454,362,412,774,673,900,1573,756,1023,1779,672,861,1533,432,593,1025,261,325,586,140,144,284,47,99,146,5,29,34,3584,4604,8188,8188,890,0.10869565217391304
2021-05-22,140,128,268,179,241,420,359,499,858,462,536,998,357,449,806,288,324,612,151,142,293,61,75,136,25,68,93,2,23,25,2024,2485,4509,4509,783,0.17365269461077845
2021-05-23,150,125,275,168,198,366,286,344,630,365,425,790,323,345,668,211,286,497,126,165,291,58,65,123,15,50,65,8,20,28,1710,2023,3733,3733,540,0.14465577283686043
2021-05-24,160,148,308,281,314,595,476,540,1016,527,666,1193,478,657,1135,408,558,966,219,305,524,126,146,272,31,58,89,4,10,14,2710,3402,6112,6112,529,0.08655104712041885
2021-05-25,160,131,291,252,286,538,470,540,1010,517,642,1159,474,578,1052,358,437,795,215,261,476,102,136,238,27,53,80,10,18,28,2585,3082,5667,5665,436,0.07696381288614298
2021-05-26,208,186,394,304,353,657,602,687,1289,677,783,1460,578,712,1290,500,629,1129,263,312,575,133,157,290,45,79,124,6,15,21,3316,3913,7229,7229,554,0.07663577258265321
2021-05-27,159,184,343,197,265,462,442,583,1025,514,615,1129,450,540,990,361,497,858,190,254,444,115,124,239,37,51,88,1,19,20,2466,3132,5598,5597,589,0.10523494729319278
2021-05-28,207,206,413,313,375,688,568,733,1301,663,801,1464,616,793,1409,499,650,1149,282,349,631,119,151,270,32,55,87,3,16,19,3302,4129,7431,7430,578,0.07779273216689098
2021-05-29,141,127,268,175,230,405,327,436,763,465,511,976,395,490,885,253,326,579,151,173,324,62,97,159,24,59,83,5,18,23,1998,2467,4465,4465,479,0.10727883538633819
2021-05-30,101,97,198,180,199,379,323,412,735,381,446,827,337,398,735,217,300,517,119,139,258,54,75,129,19,31,50,1,8,9,1732,2105,3837,3837,327,0.08522283033620015
2021-05-31,143,151,294,275,264,539,433,554,987,548,614,1162,453,630,1083,305,378,683,187,237,424,110,130,240,41,50,91,3,16,19,2498,3024,5522,5521,352,0.06375656583952183
2021-06-01,74,72,146,144,185,329,235,380,615,395,454,849,303,375,678,197,291,488,156,171,327,58,88,146,22,21,43,3,8,11,1587,2045,3632,3632,72,0.019823788546255508
2021-06-02,1,1,2,6,1,7,7,13,20,11,17,28,7,11,18,4,8,12,2,1,3,1,1,2,0,1,1,0,0,0,39,54,93,93,0,0.0
