FECHA,<=10M,<=10F,<=10,11-20M,11-20F,11-20,21-30M,21-30F,21-30,31-40M,31-40F,31-40,41-50M,41-50F,41-50,51-60M,51-60F,51-60,61-70M,61-70F,61-70,71-80M,71-80F,71-80,81-90M,81-90F,81-90,>=91M,>=91F,>=91,TotalM,TotalF,Total
2020-03-15,1,0,1,0,0,0,0,2,2,2,1,3,1,1,2,1,0,1,1,0,1,1,1,2,0,0,0,0,0,0,7,5,12
2020-03-16,2,3,5,1,0,1,1,4,5,3,2,5,1,1,2,3,1,4,3,2,5,1,1,2,0,0,0,0,0,0,15,14,29
2020-03-17,3,7,10,2,1,3,3,5,8,4,3,7,2,4,6,3,3,6,4,3,7,3,3,6,1,0,1,0,0,0,25,29,54
2020-03-18,6,8,14,3,1,4,4,5,9,6,4,10,3,7,10,4,4,8,4,5,9,4,3,7,2,0,2,0,0,0,36,37,73
2020-03-19,8,8,16,3,1,4,7,7,14,9,5,14,5,8,13,4,4,8,5,6,11,5,4,9,2,0,2,1,0,1,49,43,92
2020-03-20,9,9,18,4,1,5,8,7,15,10,7,17,5,9,14,4,5,9,6,7,13,7,6,13,3,0,3,1,0,1,57,51,108
2020-03-21,9,9,18,6,2,8,9,9,18,13,8,21,7,10,17,5,5,10,8,9,17,8,7,15,3,0,3,2,0,2,70,59,129
2020-03-22,12,10,22,6,2,8,12,10,22,13,8,21,7,10,17,7,6,13,8,10,18,10,7,17,6,2,8,2,1,3,83,66,149
2020-03-23,16,11,27,6,4,10,13,12,25,15,8,23,7,12,19,9,7,16,10,11,21,14,10,24,9,5,14,2,3,5,101,83,184
2020-03-24,18,11,29,6,4,10,14,14,28,16,9,25,7,14,21,11,9,20,10,11,21,16,10,26,11,6,17,3,3,6,112,91,203
2020-03-25,19,15,34,6,4,10,16,17,33,18,13,31,8,14,22,12,12,24,13,12,25,17,12,29,13,10,23,5,4,9,127,113,240
2020-03-26,23,18,41,8,5,13,18,19,37,22,16,38,9,18,27,15,14,29,14,15,29,21,15,36,18,10,28,7,5,12,155,135,290
2020-03-27,25,21,46,8,6,14,19,21,40,25,17,42,10,22,32,16,17,33,16,19,35,25,20,45,21,12,33,9,11,20,174,166,340
2020-03-28,27,22,49,8,6,14,20,23,43,27,18,45,11,23,34,19,18,37,19,19,38,29,27,56,24,13,37,9,11,20,193,180,373
2020-03-29,28,22,50,10,7,17,21,26,47,29,21,50,13,26,39,20,18,38,24,22,46,33,28,61,28,15,43,11,12,23,217,197,414
2020-03-30,31,24,55,10,7,17,22,32,54,35,23,58,18,28,46,21,19,40,31,23,54,36,33,69,32,16,48,14,14,28,250,219,469
2020-03-31,39,27,66,11,7,18,29,34,63,42,26,68,22,31,53,23,20,43,37,25,62,40,36,76,34,19,53,18,14,32,295,239,534
2020-04-01,49,37,86,12,9,21,34,38,72,49,28,77,33,36,69,26,25,51,41,28,69,45,40,85,39,24,63,18,15,33,346,280,626
2020-04-02,57,45,102,15,13,28,37,43,80,54,32,86,36,41,77,28,33,61,49,33,82,53,45,98,44,31,75,21,18,39,394,334,728
2020-04-03,73,53,126,19,16,35,41,50,91,60,42,102,41,51,92,30,38,68,57,38,95,60,49,109,49,37,86,22,23,45,452,397,849
2020-04-04,80,65,145,22,20,42,43,57,100,62,52,114,46,53,99,36,38,74,63,41,104,62,54,116,53,39,92,23,26,49,490,445,935
2020-04-05,87,75,162,26,25,51,49,58,107,68,54,122,54,58,112,40,40,80,64,52,116,68,61,129,56,43,99,25,29,54,537,495,1032
2020-04-06,98,84,182,30,27,57,56,61,117,78,59,137,65,61,126,49,42,91,71,59,130,79,66,145,63,47,110,26,32,58,615,538,1153
2020-04-07,108,93,201,34,32,66,61,65,126,85,66,151,70,66,136,57,44,101,75,63,138,87,74,161,69,58,127,28,33,61,674,594,1268
2020-04-08,116,102,218,38,34,72,64,72,136,90,69,159,77,70,147,63,48,111,84,68,152,96,78,174,71,62,133,31,38,69,730,641,1371
2020-04-09,121,105,226,41,37,78,67,79,146,104,78,182,79,76,155,71,56,127,88,72,160,103,88,191,76,70,146,35,43,78,785,704,1489
2020-04-10,137,109,246,45,40,85,69,85,154,108,80,188,89,77,166,74,62,136,94,73,167,104,97,201,81,78,159,36,46,82,837,747,1584
2020-04-11,145,114,259,49,43,92,76,89,165,113,83,196,96,80,176,76,66,142,98,79,177,111,100,211,84,85,169,37,50,87,885,789,1674
2020-04-12,154,120,274,51,43,94,78,93,171,121,86,207,99,87,186,85,69,154,101,83,184,114,108,222,89,89,178,37,52,89,929,830,1759
2020-04-13,163,131,294,58,47,105,90,100,190,125,94,219,103,90,193,90,74,164,109,89,198,119,117,236,95,99,194,41,57,98,993,898,1891
2020-04-14,178,137,315,61,48,109,97,106,203,134,98,232,107,94,201,101,81,182,113,96,209,128,122,250,101,103,204,45,61,106,1065,946,2011
2020-04-15,187,140,327,64,54,118,102,112,214,140,104,244,115,108,223,106,90,196,122,100,222,137,126,263,107,109,216,50,64,114,1130,1007,2137
2020-04-16,199,143,342,68,58,126,110,116,226,149,117,266,124,118,242,112,100,212,126,110,236,144,130,274,111,114,225,50,68,118,1193,1074,2267
2020-04-17,213,154,367,72,63,135,112,122,234,155,130,285,137,127,264,119,107,226,133,116,249,159,139,298,116,122,238,51,71,122,1267,1151,2418
2020-04-18,223,163,386,77,64,141,120,126,246,170,136,306,145,132,277,126,111,237,135,118,253,164,149,313,122,131,253,54,75,129,1336,1205,2541
2020-04-19,233,170,403,81,65,146,124,128,252,175,140,315,150,136,286,131,120,251,142,124,266,169,157,326,127,138,265,55,76,131,1387,1254,2641
2020-04-20,247,180,427,89,72,161,137,134,271,186,150,336,159,142,301,139,126,265,154,133,287,185,168,353,137,146,283,59,91,150,1492,1342,2834
2020-04-21,259,188,447,94,78,172,149,139,288,195,163,358,163,146,309,146,134,280,161,141,302,196,178,374,144,156,300,61,101,162,1568,1424,2992
2020-04-22,272,198,470,98,85,183,155,146,301,206,166,372,175,152,327,152,142,294,169,144,313,203,192,395,152,168,320,68,107,175,1650,1500,3150
2020-04-23,289,211,500,102,88,190,161,157,318,214,174,388,183,160,343,157,154,311,176,148,324,213,200,413,162,178,340,75,116,191,1732,1586,3318
2020-04-24,306,222,528,107,93,200,171,165,336,226,185,411,188,167,355,164,162,326,184,159,343,224,210,434,172,193,365,78,119,197,1820,1675,3495
2020-04-25,318,228,546,111,94,205,174,170,344,234,191,425,192,172,364,169,168,337,190,163,353,230,214,444,182,208,390,82,124,206,1882,1732,3614
2020-04-26,326,244,570,116,100,216,176,173,349,237,193,430,200,178,378,172,171,343,198,170,368,236,221,457,189,215,404,83,128,211,1933,1793,3726
2020-04-27,338,256,594,122,104,226,181,180,361,242,203,445,203,188,391,183,179,362,204,179,383,256,226,482,200,230,430,86,133,219,2015,1878,3893
2020-04-28,356,263,619,127,109,236,191,192,383,253,214,467,210,199,409,189,188,377,210,186,396,259,238,497,206,244,450,88,137,225,2089,1970,4059
2020-04-29,377,275,652,133,114,247,205,199,404,271,225,496,220,207,427,197,195,392,214,194,408,269,244,513,209,258,467,93,147,240,2188,2058,4246
2020-04-30,394,285,679,142,115,257,213,205,418,277,233,510,231,216,447,204,207,411,224,202,426,276,254,530,217,275,492,101,154,255,2279,2146,4425
2020-05-01,396,298,694,148,120,268,214,212,426,288,242,530,241,222,463,210,210,420,234,208,442,283,262,545,225,287,512,101,156,257,2340,2217,4557
2020-05-02,402,314,716,153,126,279,222,214,436,297,248,545,247,227,474,217,212,429,237,212,449,291,263,554,230,298,528,102,159,261,2398,2273,4671
2020-05-03,410,322,732,157,129,286,227,219,446,304,254,558,252,232,484,225,214,439,245,219,464,296,272,568,236,306,542,105,164,269,2457,2331,4788
2020-05-04,428,341,769,162,131,293,235,228,463,315,262,577,257,237,494,234,218,452,253,230,483,310,287,597,244,322,566,107,168,275,2545,2424,4969
2020-05-05,440,351,791,169,134,303,245,237,482,327,275,602,262,248,510,243,223,466,262,237,499,325,295,620,249,334,583,108,178,286,2630,2512,5142
2020-05-06,453,366,819,173,134,307,255,244,499,343,289,632,280,256,536,249,228,477,272,243,515,343,309,652,256,346,602,112,184,296,2736,2599,5335
2020-05-07,469,377,846,180,139,319,269,251,520,354,297,651,294,266,560,254,234,488,279,250,529,360,315,675,262,358,620,113,191,304,2834,2678,5512
2020-05-08,484,389,873,187,144,331,283,258,541,365,311,676,309,277,586,269,238,507,287,261,548,372,324,696,273,370,643,115,203,318,2944,2775,5719
2020-05-09,502,401,903,190,144,334,290,269,559,369,318,687,318,285,603,274,244,518,293,267,560,383,326,709,278,380,658,120,211,331,3017,2845,5862
2020-05-10,510,409,919,191,147,338,298,278,576,374,324,698,322,292,614,278,250,528,301,273,574,391,338,729,283,392,675,121,216,337,3069,2919,5988
2020-05-11,526,426,952,197,152,349,305,285,590,387,336,723,335,303,638,286,256,542,311,279,590,404,347,751,295,410,705,125,230,355,3171,3024,6195
2020-05-12,545,435,980,204,161,365,330,304,634,406,343,749,344,317,661,292,260,552,320,287,607,412,358,770,304,424,728,130,242,372,3287,3131,6418
2020-05-13,569,450,1019,213,170,383,347,314,661,420,365,785,358,324,682,301,269,570,329,296,625,421,366,787,312,438,750,131,251,382,3401,3243,6644
2020-05-14,589,473,1062,224,184,408,358,332,690,439,383,822,369,331,700,308,278,586,339,308,647,431,375,806,321,451,772,133,266,399,3511,3381,6892
2020-05-15,607,494,1101,231,189,420,365,342,707,453,395,848,377,347,724,319,284,603,350,317,667,438,381,819,329,471,800,138,275,413,3607,3495,7102
2020-05-16,619,510,1129,238,195,433,370,353,723,462,409,871,384,355,739,325,291,616,356,323,679,447,387,834,335,476,811,143,289,432,3679,3588,7267
2020-05-17,637,523,1160,242,202,444,378,364,742,470,416,886,392,366,758,330,295,625,362,330,692,453,392,845,345,488,833,147,293,440,3756,3669,7425
2020-05-18,658,545,1203,250,214,464,402,384,786,491,434,925,402,385,787,344,305,649,376,344,720,470,405,875,362,501,863,148,304,452,3903,3821,7724
2020-05-19,675,563,1238,263,227,490,428,407,835,523,455,978,426,399,825,359,318,677,392,356,748,480,424,904,374,523,897,151,313,464,4071,3985,8056
2020-05-20,702,601,1303,277,241,518,453,429,882,563,472,1035,440,411,851,369,329,698,409,370,779,492,436,928,386,539,925,157,318,475,4248,4146,8394
2020-05-21,733,632,1365,296,250,546,481,451,932,588,498,1086,455,430,885,386,341,727,421,376,797,506,443,949,393,555,948,158,322,480,4417,4298,8715
2020-05-22,764,649,1413,309,265,574,508,480,988,609,521,1130,471,443,914,397,350,747,427,386,813,516,454,970,401,571,972,164,335,499,4566,4454,9020
2020-05-23,782,666,1448,322,279,601,531,498,1029,634,536,1170,479,458,937,405,357,762,439,396,835,524,467,991,410,577,987,166,337,503,4692,4571,9263
2020-05-24,798,685,1483,329,287,616,544,507,1051,647,547,1194,488,462,950,412,361,773,450,403,853,535,475,1010,415,589,1004,168,343,511,4786,4659,9445
2020-05-25,823,706,1529,346,308,654,566,531,1097,661,562,1223,504,472,976,417,369,786,458,411,869,546,479,1025,425,605,1030,170,351,521,4916,4794,9710
2020-05-26,857,734,1591,366,330,696,598,561,1159,706,595,1301,520,499,1019,426,386,812,466,417,883,560,485,1045,435,619,1054,173,361,534,5107,4987,10094
2020-05-27,899,765,1664,378,347,725,618,587,1205,730,610,1340,535,510,1045,443,400,843,476,425,901,567,498,1065,439,633,1072,177,363,540,5262,5138,10400
2020-05-28,924,807,1731,396,359,755,642,615,1257,754,629,1383,559,528,1087,455,418,873,485,437,922,577,505,1082,453,650,1103,181,376,557,5426,5324,10750
2020-05-29,958,836,1794,418,378,796,678,643,1321,781,668,1449,586,547,1133,469,436,905,499,448,947,593,516,1109,467,667,1134,183,380,563,5632,5519,11151
2020-05-30,985,858,1843,432,387,819,712,667,1379,813,682,1495,598,564,1162,481,448,929,506,453,959,603,527,1130,474,677,1151,184,387,571,5788,5650,11438
2020-05-31,1010,874,1884,443,398,841,727,677,1404,827,690,1517,612,571,1183,486,457,943,514,457,971,614,533,1147,479,687,1166,185,395,580,5897,5739,11636
2020-06-01,1041,899,1940,464,416,880,756,715,1471,855,723,1578,627,590,1217,501,470,971,536,471,1007,626,541,1167,485,697,1182,190,399,589,6081,5921,12002
2020-06-02,1081,927,2008,484,436,920,788,741,1529,877,746,1623,644,610,1254,513,485,998,553,479,1032,648,552,1200,492,712,1204,194,410,604,6274,6098,12372
2020-06-03,1116,950,2066,498,462,960,813,768,1581,902,780,1682,659,631,1290,521,496,1017,567,494,1061,666,563,1229,502,728,1230,196,419,615,6440,6291,12731
2020-06-04,1148,978,2126,515,485,1000,845,795,1640,920,805,1725,677,647,1324,547,511,1058,576,501,1077,685,576,1261,511,745,1256,199,429,628,6623,6472,13095
2020-06-05,1189,1016,2205,530,504,1034,879,819,1698,948,841,1789,704,671,1375,569,533,1102,590,516,1106,702,587,1289,522,765,1287,202,438,640,6835,6690,13525
2020-06-06,1214,1038,2252,544,516,1060,899,835,1734,973,866,1839,718,686,1404,582,543,1125,601,528,1129,714,595,1309,533,782,1315,203,447,650,6981,6836,13817
2020-06-07,1236,1061,2297,558,528,1086,917,851,1768,991,878,1869,734,694,1428,592,551,1143,608,532,1140,722,601,1323,545,794,1339,205,454,659,7108,6944,14052
2020-06-08,1265,1094,2359,577,548,1125,953,878,1831,1029,909,1938,768,714,1482,609,568,1177,622,543,1165,736,617,1353,555,810,1365,209,461,670,7323,7142,14465
2020-06-09,1317,1126,2443,600,571,1171,971,915,1886,1055,939,1994,799,735,1534,624,574,1198,633,551,1184,745,631,1376,566,836,1402,212,472,684,7522,7350,14872
2020-06-10,1341,1157,2498,614,588,1202,1010,935,1945,1086,977,2063,828,757,1585,646,593,1239,652,562,1214,765,655,1420,571,856,1427,218,487,705,7731,7567,15298
2020-06-11,1377,1195,2572,627,607,1234,1039,963,2002,1121,1004,2125,844,780,1624,662,615,1277,663,582,1245,781,670,1451,578,882,1460,221,502,723,7913,7800,15713
2020-06-12,1411,1237,2648,636,631,1267,1088,997,2085,1164,1053,2217,876,810,1686,678,632,1310,688,598,1286,797,684,1481,584,902,1486,225,511,736,8147,8055,16202
2020-06-13,1445,1265,2710,659,651,1310,1122,1031,2153,1196,1077,2273,884,830,1714,695,647,1342,698,603,1301,810,692,1502,590,917,1507,227,517,744,8326,8230,16556
2020-06-14,1465,1292,2757,679,669,1348,1146,1050,2196,1215,1093,2308,901,841,1742,705,664,1369,708,608,1316,813,704,1517,603,938,1541,228,525,753,8463,8384,16847
2020-06-15,1498,1324,2822,704,688,1392,1174,1078,2252,1235,1117,2352,920,855,1775,717,676,1393,720,611,1331,826,714,1540,609,954,1563,230,535,765,8633,8552,17185
2020-06-16,1548,1384,2932,725,708,1433,1231,1122,2353,1281,1153,2434,957,877,1834,737,691,1428,735,624,1359,841,721,1562,622,976,1598,233,549,782,8910,8805,17715
2020-06-17,1589,1425,3014,746,736,1482,1282,1158,2440,1319,1196,2515,990,901,1891,761,705,1466,750,636,1386,850,740,1590,640,992,1632,234,557,791,9161,9046,18207
2020-06-18,1637,1469,3106,766,750,1516,1341,1198,2539,1366,1252,2618,1033,921,1954,791,728,1519,770,655,1425,863,754,1617,655,1016,1671,236,568,804,9458,9311,18769
2020-06-19,1691,1500,3191,778,774,1552,1373,1234,2607,1426,1289,2715,1069,959,2028,827,749,1576,799,674,1473,882,772,1654,672,1034,1706,243,582,825,9760,9567,19327
2020-06-20,1723,1535,3258,794,793,1587,1407,1258,2665,1460,1317,2777,1092,989,2081,844,768,1612,814,688,1502,892,781,1673,679,1049,1728,247,587,834,9952,9765,19717
2020-06-21,1756,1555,3311,811,810,1621,1434,1290,2724,1480,1346,2826,1108,996,2104,857,777,1634,823,698,1521,903,788,1691,685,1058,1743,248,594,842,10105,9912,20017
2020-06-22,1802,1596,3398,839,834,1673,1471,1334,2805,1528,1372,2900,1135,1026,2161,880,803,1683,838,717,1555,920,803,1723,691,1080,1771,250,606,856,10354,10171,20525
2020-06-23,1848,1637,3485,867,864,1731,1520,1373,2893,1583,1413,2996,1168,1066,2234,896,833,1729,857,737,1594,931,815,1746,702,1095,1797,252,612,864,10624,10445,21069
2020-06-24,1889,1677,3566,894,884,1778,1568,1420,2988,1619,1460,3079,1205,1095,2300,917,861,1778,869,754,1623,940,829,1769,717,1109,1826,254,616,870,10872,10705,21577
2020-06-25,1938,1730,3668,929,923,1852,1607,1458,3065,1662,1494,3156,1242,1126,2368,953,892,1845,880,768,1648,950,842,1792,726,1121,1847,259,621,880,11146,10975,22121
2020-06-26,1982,1766,3748,962,949,1911,1660,1504,3164,1702,1536,3238,1277,1156,2433,970,915,1885,903,786,1689,962,858,1820,737,1140,1877,260,630,890,11415,11240,22655
2020-06-27,2042,1819,3861,992,986,1978,1695,1553,3248,1736,1568,3304,1305,1177,2482,992,925,1917,918,792,1710,965,871,1836,745,1147,1892,264,636,900,11654,11474,23128
2020-06-28,2083,1840,3923,1006,1002,2008,1709,1590,3299,1765,1593,3358,1324,1199,2523,1012,938,1950,928,800,1728,973,879,1852,753,1159,1912,270,643,913,11823,11643,23466
2020-06-29,2125,1885,4010,1038,1041,2079,1751,1627,3378,1814,1627,3441,1348,1225,2573,1028,968,1996,953,811,1764,988,895,1883,765,1175,1940,273,651,924,12083,11905,23988
2020-06-30,2157,1924,4081,1051,1068,2119,1801,1660,3461,1848,1670,3518,1380,1259,2639,1056,992,2048,974,820,1794,1006,905,1911,771,1194,1965,275,662,937,12319,12154,24473
2020-07-01,2200,1959,4159,1067,1094,2161,1857,1705,3562,1888,1704,3592,1410,1287,2697,1079,1020,2099,991,834,1825,1021,919,1940,780,1215,1995,278,668,946,12571,12405,24976
2020-07-02,2252,2014,4266,1093,1124,2217,1900,1754,3654,1934,1747,3681,1448,1317,2765,1097,1040,2137,1009,845,1854,1033,934,1967,791,1226,2017,281,673,954,12838,12674,25512
2020-07-03,2305,2050,4355,1120,1145,2265,1940,1786,3726,1984,1800,3784,1472,1349,2821,1121,1060,2181,1027,860,1887,1043,949,1992,800,1243,2043,285,677,962,13097,12919,26016
2020-07-04,2341,2086,4427,1142,1167,2309,1975,1826,3801,2013,1829,3842,1501,1368,2869,1141,1074,2215,1040,869,1909,1054,964,2018,805,1255,2060,288,684,972,13300,13122,26422
2020-07-05,2365,2123,4488,1163,1179,2342,2005,1861,3866,2041,1861,3902,1514,1392,2906,1156,1092,2248,1060,884,1944,1069,978,2047,814,1269,2083,292,692,984,13479,13331,26810
2020-07-06,2397,2158,4555,1183,1198,2381,2047,1903,3950,2094,1892,3986,1548,1429,2977,1188,1117,2305,1084,908,1992,1086,1006,2092,824,1293,2117,295,701,996,13746,13605,27351
2020-07-07,2444,2223,4667,1210,1226,2436,2098,1952,4050,2147,1933,4080,1577,1461,3038,1215,1144,2359,1102,923,2025,1098,1019,2117,834,1316,2150,302,713,1015,14027,13910,27937
2020-07-08,2487,2256,4743,1239,1257,2496,2151,1996,4147,2187,1975,4162,1622,1505,3127,1238,1175,2413,1119,942,2061,1114,1039,2153,845,1331,2176,306,727,1033,14308,14203,28511
2020-07-09,2520,2282,4802,1255,1271,2526,2182,2025,4207,2227,2002,4229,1654,1531,3185,1251,1189,2440,1131,957,2088,1122,1062,2184,850,1347,2197,313,735,1048,14505,14401,28906
2020-07-10,2550,2308,4858,1276,1294,2570,2213,2055,4268,2256,2035,4291,1676,1555,3231,1267,1207,2474,1150,976,2126,1139,1074,2213,863,1364,2227,314,745,1059,14704,14613,29317
2020-07-11,2579,2347,4926,1297,1306,2603,2237,2083,4320,2282,2067,4349,1700,1581,3281,1282,1229,2511,1170,989,2159,1153,1093,2246,867,1383,2250,316,754,1070,14883,14832,29715
2020-07-12,2604,2365,4969,1313,1316,2629,2260,2104,4364,2307,2084,4391,1715,1597,3312,1292,1240,2532,1181,1000,2181,1163,1100,2263,873,1396,2269,320,760,1080,15028,14962,29990
2020-07-13,2639,2411,5050,1341,1341,2682,2305,2148,4453,2351,2128,4479,1758,1637,3395,1321,1276,2597,1214,1026,2240,1183,1135,2318,888,1442,2330,322,785,1107,15322,15329,30651
2020-07-14,2685,2449,5134,1371,1362,2733,2343,2177,4520,2419,2172,4591,1800,1678,3478,1353,1294,2647,1236,1052,2288,1202,1162,2364,894,1460,2354,329,799,1128,15632,15605,31237
2020-07-15,2722,2493,5215,1408,1386,2794,2384,2243,4627,2482,2241,4723,1842,1726,3568,1379,1330,2709,1257,1076,2333,1214,1181,2395,909,1476,2385,336,805,1141,15933,15957,31890
2020-07-16,2769,2522,5291,1430,1422,2852,2437,2301,4738,2542,2285,4827,1881,1775,3656,1409,1367,2776,1275,1094,2369,1231,1202,2433,928,1507,2435,338,822,1160,16240,16297,32537
2020-07-17,2817,2561,5378,1457,1449,2906,2469,2353,4822,2587,2339,4926,1921,1836,3757,1441,1406,2847,1303,1123,2426,1247,1221,2468,945,1526,2471,342,831,1173,16529,16645,33174
2020-07-18,2846,2593,5439,1475,1467,2942,2514,2395,4909,2625,2384,5009,1950,1873,3823,1468,1431,2899,1329,1146,2475,1262,1231,2493,960,1547,2507,344,837,1181,16773,16904,33677
2020-07-19,2880,2632,5512,1491,1490,2981,2541,2423,4964,2656,2418,5074,1981,1901,3882,1493,1456,2949,1344,1159,2503,1276,1240,2516,970,1565,2535,346,844,1190,16978,17128,34106
2020-07-20,2939,2680,5619,1531,1528,3059,2598,2482,5080,2712,2489,5201,2024,1970,3994,1528,1497,3025,1374,1199,2573,1299,1266,2565,991,1585,2576,349,856,1205,17345,17552,34897
2020-07-21,2985,2717,5702,1558,1554,3112,2651,2525,5176,2774,2548,5322,2069,2014,4083,1562,1533,3095,1398,1229,2627,1324,1292,2616,1005,1610,2615,354,865,1219,17680,17887,35567
2020-07-22,3048,2756,5804,1584,1583,3167,2724,2589,5313,2843,2609,5452,2129,2064,4193,1597,1569,3166,1417,1253,2670,1351,1315,2666,1019,1643,2662,355,876,1231,18067,18257,36324
2020-07-23,3101,2803,5904,1612,1615,3227,2781,2648,5429,2904,2673,5577,2168,2105,4273,1629,1599,3228,1435,1281,2716,1368,1337,2705,1027,1666,2693,362,884,1246,18387,18611,36998
2020-07-24,3144,2850,5994,1640,1642,3282,2850,2704,5554,2960,2739,5699,2215,2152,4367,1665,1625,3290,1468,1297,2765,1384,1358,2742,1038,1691,2729,364,898,1262,18728,18956,37684
2020-07-25,3188,2888,6076,1668,1659,3327,2893,2751,5644,3008,2793,5801,2248,2186,4434,1679,1645,3324,1484,1317,2801,1397,1379,2776,1050,1706,2756,369,901,1270,18984,19225,38209
2020-07-26,3223,2921,6144,1683,1677,3360,2918,2774,5692,3036,2828,5864,2279,2202,4481,1698,1663,3361,1496,1330,2826,1412,1392,2804,1057,1728,2785,374,907,1281,19176,19422,38598
2020-07-27,3260,2963,6223,1717,1704,3421,2970,2819,5789,3099,2882,5981,2326,2254,4580,1730,1711,3441,1522,1362,2884,1430,1414,2844,1075,1749,2824,379,928,1307,19508,19786,39294
2020-07-28,3308,3009,6317,1746,1731,3477,3044,2896,5940,3161,2943,6104,2373,2301,4674,1776,1755,3531,1556,1393,2949,1446,1445,2891,1086,1775,2861,384,948,1332,19880,20196,40076
2020-07-29,3358,3057,6415,1778,1766,3544,3116,2956,6072,3222,3005,6227,2433,2355,4788,1813,1801,3614,1588,1428,3016,1469,1470,2939,1104,1809,2913,392,971,1363,20273,20618,40891
2020-07-30,3412,3102,6514,1815,1813,3628,3204,3024,6228,3291,3070,6361,2496,2400,4896,1858,1844,3702,1614,1456,3070,1485,1489,2974,1112,1828,2940,394,979,1373,20681,21005,41686
2020-07-31,3456,3157,6613,1836,1841,3677,3261,3094,6355,3372,3148,6520,2552,2448,5000,1897,1884,3781,1640,1488,3128,1506,1518,3024,1122,1856,2978,400,995,1395,21042,21429,42471
2020-08-01,3492,3192,6684,1855,1870,3725,3297,3140,6437,3409,3196,6605,2581,2490,5071,1930,1914,3844,1662,1498,3160,1526,1536,3062,1135,1878,3013,401,1007,1408,21288,21721,43009
2020-08-02,3533,3224,6757,1876,1892,3768,3329,3167,6496,3450,3233,6683,2607,2532,5139,1950,1940,3890,1672,1515,3187,1533,1553,3086,1146,1894,3040,403,1014,1417,21499,21964,43463
2020-08-03,3585,3282,6867,1908,1930,3838,3388,3226,6614,3513,3284,6797,2648,2588,5236,1987,1979,3966,1703,1538,3241,1544,1575,3119,1159,1926,3085,408,1027,1435,21843,22355,44198
2020-08-04,3641,3325,6966,1945,1970,3915,3467,3279,6746,3586,3347,6933,2709,2640,5349,2029,2017,4046,1732,1562,3294,1561,1601,3162,1176,1955,3131,413,1041,1454,22259,22737,44996
2020-08-05,3694,3378,7072,1984,2002,3986,3533,3336,6869,3643,3413,7056,2748,2690,5438,2074,2067,4141,1763,1593,3356,1586,1625,3211,1192,1978,3170,416,1051,1467,22633,23133,45766
2020-08-06,3745,3422,7167,2014,2043,4057,3598,3403,7001,3706,3486,7192,2805,2749,5554,2109,2110,4219,1792,1617,3409,1605,1648,3253,1209,2006,3215,421,1064,1485,23004,23548,46552
2020-08-07,3809,3473,7282,2047,2071,4118,3666,3475,7141,3773,3554,7327,2849,2817,5666,2149,2142,4291,1810,1647,3457,1627,1678,3305,1223,2046,3269,426,1084,1510,23379,23987,47366
2020-08-08,3854,3510,7364,2072,2098,4170,3705,3515,7220,3839,3615,7454,2889,2868,5757,2182,2174,4356,1831,1670,3501,1640,1707,3347,1236,2083,3319,427,1111,1538,23675,24351,48026
2020-08-09,3888,3545,7433,2093,2111,4204,3740,3557,7297,3881,3649,7530,2919,2912,5831,2217,2212,4429,1850,1691,3541,1658,1732,3390,1252,2130,3382,431,1128,1559,23929,24667,48596
2020-08-10,3946,3598,7544,2129,2143,4272,3813,3621,7434,3955,3708,7663,2980,2971,5951,2262,2262,4524,1869,1713,3582,1673,1756,3429,1265,2155,3420,435,1141,1576,24327,25068,49395
2020-08-11,3998,3644,7642,2173,2170,4343,3887,3691,7578,4041,3783,7824,3046,3039,6085,2307,2306,4613,1908,1747,3655,1703,1811,3514,1282,2201,3483,442,1165,1607,24787,25557,50344
2020-08-12,4047,3694,7741,2214,2211,4425,3946,3766,7712,4100,3880,7980,3103,3100,6203,2346,2348,4694,1939,1777,3716,1719,1839,3558,1294,2222,3516,446,1181,1627,25154,26018,51172
2020-08-13,4083,3742,7825,2255,2247,4502,4034,3846,7880,4191,3981,8172,3159,3160,6319,2398,2396,4794,1964,1813,3777,1746,1858,3604,1306,2247,3553,451,1196,1647,25587,26486,52073
2020-08-14,4117,3781,7898,2284,2279,4563,4123,3935,8058,4263,4067,8330,3229,3209,6438,2444,2449,4893,1997,1847,3844,1770,1893,3663,1319,2268,3587,454,1209,1663,26000,26937,52937
2020-08-15,4169,3811,7980,2328,2310,4638,4168,3997,8165,4315,4139,8454,3266,3264,6530,2473,2482,4955,2024,1875,3899,1792,1930,3722,1334,2319,3653,458,1230,1688,26327,27357,53684
2020-08-16,4206,3837,8043,2347,2325,4672,4215,4043,8258,4355,4186,8541,3286,3302,6588,2495,2508,5003,2040,1899,3939,1807,1948,3755,1345,2352,3697,461,1250,1711,26557,27650,54207
2020-08-17,4244,3855,8099,2377,2349,4726,4269,4096,8365,4417,4248,8665,3337,3354,6691,2535,2561,5096,2056,1937,3993,1825,1963,3788,1356,2374,3730,461,1262,1723,26877,27999,54876
2020-08-18,4296,3906,8202,2411,2375,4786,4334,4158,8492,4508,4337,8845,3390,3411,6801,2568,2629,5197,2081,1969,4050,1849,1992,3841,1365,2394,3759,461,1278,1739,27263,28449,55712
2020-08-19,4352,3951,8303,2441,2410,4851,4385,4232,8617,4581,4401,8982,3437,3473,6910,2609,2664,5273,2102,1999,4101,1866,2031,3897,1381,2432,3813,467,1298,1765,27621,28891,56512
2020-08-20,4389,3996,8385,2470,2439,4909,4452,4309,8761,4640,4470,9110,3474,3528,7002,2646,2706,5352,2130,2032,4162,1884,2052,3936,1395,2456,3851,470,1311,1781,27950,29299,57249
2020-08-21,4427,4052,8479,2504,2468,4972,4508,4373,8881,4709,4545,9254,3534,3581,7115,2690,2762,5452,2166,2069,4235,1910,2092,4002,1408,2494,3902,474,1322,1796,28330,29758,58088
2020-08-22,4449,4076,8525,2531,2491,5022,4552,4418,8970,4755,4610,9365,3574,3618,7192,2718,2787,5505,2197,2095,4292,1924,2119,4043,1419,2510,3929,477,1337,1814,28596,30061,58657
2020-08-23,4479,4114,8593,2548,2505,5053,4584,4455,9039,4791,4650,9441,3607,3646,7253,2743,2819,5562,2216,2118,4334,1933,2142,4075,1432,2520,3952,482,1341,1823,28815,30310,59125
2020-08-24,4538,4170,8708,2582,2538,5120,4643,4529,9172,4860,4732,9592,3660,3712,7372,2795,2863,5658,2248,2160,4408,1954,2172,4126,1448,2547,3995,487,1362,1849,29215,30785,60000
2020-08-25,4578,4216,8794,2623,2568,5191,4706,4625,9331,4939,4818,9757,3714,3770,7484,2831,2913,5744,2274,2191,4465,1972,2194,4166,1464,2578,4042,493,1379,1872,29594,31252,60846
2020-08-26,4636,4249,8885,2660,2608,5268,4791,4702,9493,5016,4890,9906,3762,3834,7596,2875,2965,5840,2305,2222,4527,1997,2224,4221,1481,2607,4088,496,1395,1891,30019,31696,61715
2020-08-27,4689,4290,8979,2707,2653,5360,4875,4772,9647,5094,4962,10056,3828,3901,7729,2928,3014,5942,2329,2258,4587,2025,2248,4273,1499,2637,4136,501,1415,1916,30475,32150,62625
2020-08-28,4736,4333,9069,2756,2689,5445,4971,4871,9842,5175,5049,10224,3895,3980,7875,2981,3084,6065,2360,2302,4662,2060,2285,4345,1514,2668,4182,504,1425,1929,30952,32686,63638
2020-08-29,4768,4361,9129,2775,2710,5485,5032,4931,9963,5229,5132,10361,3953,4027,7980,3015,3119,6134,2393,2325,4718,2080,2305,4385,1524,2694,4218,508,1440,1948,31277,33044,64321
2020-08-30,4796,4399,9195,2805,2732,5537,5080,4979,10059,5280,5171,10451,4000,4074,8074,3047,3148,6195,2413,2350,4763,2093,2324,4417,1531,2709,4240,511,1447,1958,31556,33333,64889
2020-08-31,4846,4435,9281,2846,2768,5614,5158,5046,10204,5347,5243,10590,4057,4142,8199,3087,3188,6275,2444,2391,4835,2121,2360,4481,1552,2750,4302,513,1461,1974,31971,33784,65755
2020-09-01,4898,4483,9381,2875,2814,5689,5231,5123,10354,5443,5327,10770,4129,4200,8329,3128,3252,6380,2468,2418,4886,2138,2387,4525,1567,2797,4364,520,1476,1996,32397,34277,66674
2020-09-02,4941,4513,9454,2900,2842,5742,5292,5201,10493,5509,5412,10921,4181,4254,8435,3171,3295,6466,2487,2447,4934,2169,2412,4581,1583,2828,4411,523,1504,2027,32756,34708,67464
2020-09-03,4984,4550,9534,2940,2876,5816,5372,5288,10660,5608,5509,11117,4242,4314,8556,3223,3339,6562,2518,2482,5000,2191,2438,4629,1600,2860,4460,526,1514,2040,33204,35170,68374
2020-09-04,5030,4604,9634,2976,2912,5888,5441,5366,10807,5688,5594,11282,4306,4392,8698,3261,3389,6650,2554,2524,5078,2220,2466,4686,1615,2887,4502,530,1529,2059,33621,35663,69284
2020-09-05,5065,4633,9698,2996,2928,5924,5498,5419,10917,5749,5673,11422,4353,4456,8809,3289,3422,6711,2583,2553,5136,2240,2487,4727,1630,2910,4540,532,1536,2068,33935,36017,69952
2020-09-06,5098,4666,9764,3016,2950,5966,5529,5462,10991,5791,5714,11505,4387,4492,8879,3308,3455,6763,2602,2577,5179,2249,2515,4764,1643,2924,4567,533,1546,2079,34156,36301,70457
2020-09-07,5138,4707,9845,3048,2986,6034,5610,5546,11156,5883,5796,11679,4450,4567,9017,3354,3523,6877,2641,2614,5255,2269,2539,4808,1658,2955,4613,539,1560,2099,34590,36793,71383
2020-09-08,5180,4754,9934,3077,3024,6101,5682,5624,11306,5977,5886,11863,4508,4627,9135,3406,3576,6982,2672,2661,5333,2300,2569,4869,1676,2982,4658,544,1581,2125,35022,37284,72306
2020-09-09,5230,4794,10024,3110,3067,6177,5760,5695,11455,6054,5961,12015,4575,4688,9263,3457,3623,7080,2705,2706,5411,2322,2598,4920,1692,3019,4711,545,1600,2145,35450,37751,73201
2020-09-10,5270,4820,10090,3153,3101,6254,5848,5773,11621,6151,6063,12214,4652,4755,9407,3504,3674,7178,2731,2740,5471,2347,2628,4975,1703,3050,4753,547,1616,2163,35906,38220,74126
2020-09-11,5317,4860,10177,3202,3135,6337,5927,5837,11764,6226,6147,12373,4713,4832,9545,3551,3744,7295,2773,2775,5548,2375,2658,5033,1722,3081,4803,550,1625,2175,36356,38694,75050
2020-09-12,5352,4884,10236,3229,3161,6390,5968,5887,11855,6273,6208,12481,4743,4879,9622,3585,3784,7369,2803,2803,5606,2396,2680,5076,1735,3113,4848,552,1638,2190,36636,39037,75673
2020-09-13,5389,4916,10305,3249,3184,6433,6007,5942,11949,6316,6263,12579,4771,4916,9687,3617,3813,7430,2834,2830,5664,2411,2691,5102,1738,3129,4867,557,1647,2204,36889,39331,76220
2020-09-14,5437,4964,10401,3291,3220,6511,6077,6039,12116,6396,6341,12737,4821,4980,9801,3677,3874,7551,2877,2881,5758,2441,2723,5164,1758,3152,4910,558,1656,2214,37333,39830,77163
2020-09-15,5492,4997,10489,3320,3242,6562,6145,6095,12240,6465,6436,12901,4874,5034,9908,3713,3920,7633,2918,2922,5840,2468,2759,5227,1773,3186,4959,559,1668,2227,37727,40259,77986
2020-09-16,5551,5045,10596,3372,3294,6666,6230,6199,12429,6532,6530,13062,4943,5102,10045,3763,3977,7740,2956,2967,5923,2489,2782,5271,1789,3216,5005,562,1678,2240,38187,40790,78977
2020-09-17,5595,5084,10679,3402,3343,6745,6302,6269,12571,6599,6609,13208,5010,5188,10198,3823,4039,7862,2999,3008,6007,2520,2810,5330,1805,3236,5041,565,1686,2251,38620,41272,79892
2020-09-18,5653,5139,10792,3433,3391,6824,6375,6357,12732,6683,6715,13398,5068,5257,10325,3869,4090,7959,3027,3055,6082,2555,2838,5393,1817,3260,5077,568,1700,2268,39048,41802,80850
2020-09-19,5673,5179,10852,3457,3426,6883,6411,6393,12804,6733,6771,13504,5101,5285,10386,3893,4115,8008,3061,3085,6146,2573,2860,5433,1832,3279,5111,572,1707,2279,39306,42100,81406
2020-09-20,5704,5213,10917,3487,3456,6943,6451,6431,12882,6779,6806,13585,5133,5323,10456,3911,4148,8059,3075,3107,6182,2593,2880,5473,1837,3295,5132,575,1714,2289,39545,42373,81918
2020-09-21,5755,5256,11011,3521,3495,7016,6521,6492,13013,6852,6897,13749,5185,5386,10571,3953,4183,8136,3113,3150,6263,2623,2908,5531,1851,3314,5165,576,1725,2301,39950,42806,82756
2020-09-22,5813,5310,11123,3567,3542,7109,6593,6575,13168,6924,6974,13898,5250,5440,10690,4008,4233,8241,3156,3185,6341,2654,2944,5598,1864,3349,5213,579,1739,2318,40408,43291,83699
2020-09-23,5869,5352,11221,3601,3575,7176,6643,6654,13297,6993,7065,14058,5300,5498,10798,4052,4282,8334,3195,3228,6423,2673,2984,5657,1873,3373,5246,581,1748,2329,40780,43759,84539
2020-09-24,5930,5403,11333,3651,3621,7272,6726,6717,13443,7077,7151,14228,5365,5562,10927,4089,4323,8412,3215,3283,6498,2693,3016,5709,1895,3400,5295,588,1770,2358,41229,44246,85475
2020-09-25,5979,5441,11420,3684,3652,7336,6793,6790,13583,7147,7218,14365,5430,5620,11050,4130,4367,8497,3257,3332,6589,2717,3043,5760,1914,3426,5340,588,1781,2369,41639,44670,86309
2020-09-26,6007,5471,11478,3711,3677,7388,6833,6823,13656,7201,7265,14466,5468,5659,11127,4158,4410,8568,3284,3355,6639,2738,3057,5795,1922,3441,5363,592,1789,2381,41914,44947,86861
2020-09-27,6040,5504,11544,3729,3703,7432,6874,6875,13749,7240,7313,14553,5511,5696,11207,4184,4442,8626,3308,3375,6683,2744,3076,5820,1931,3455,5386,594,1795,2389,42155,45234,87389
2020-09-28,6090,5544,11634,3762,3731,7493,6928,6933,13861,7315,7382,14697,5584,5743,11327,4248,4501,8749,3353,3404,6757,2766,3103,5869,1948,3478,5426,598,1811,2409,42592,45630,88222
2020-09-29,6148,5595,11743,3809,3784,7593,7013,6996,14009,7409,7479,14888,5657,5802,11459,4294,4543,8837,3396,3450,6846,2795,3155,5950,1969,3515,5484,599,1834,2433,43089,46153,89242
2020-09-30,6208,5653,11861,3844,3825,7669,7088,7082,14170,7479,7547,15026,5715,5861,11576,4348,4601,8949,3436,3503,6939,2825,3187,6012,1982,3539,5521,603,1843,2446,43528,46641,90169
2020-10-01,6259,5723,11982,3885,3886,7771,7167,7178,14345,7569,7640,15209,5769,5925,11694,4394,4651,9045,3478,3549,7027,2857,3233,6090,1992,3556,5548,606,1854,2460,43976,47195,91171
2020-10-02,6332,5785,12117,3924,3926,7850,7236,7263,14499,7636,7725,15361,5822,5994,11816,4443,4694,9137,3520,3593,7113,2886,3274,6160,2004,3594,5598,610,1867,2477,44413,47715,92128
2020-10-03,6366,5820,12186,3953,3963,7916,7289,7315,14604,7685,7775,15460,5864,6031,11895,4480,4724,9204,3541,3622,7163,2908,3295,6203,2012,3616,5628,614,1872,2486,44712,48033,92745
2020-10-04,6405,5856,12261,3979,3988,7967,7336,7370,14706,7721,7817,15538,5900,6071,11971,4504,4752,9256,3563,3641,7204,2925,3313,6238,2020,3639,5659,615,1875,2490,44968,48322,93290
2020-10-05,6438,5902,12340,4013,4019,8032,7406,7433,14839,7817,7903,15720,5983,6133,12116,4557,4806,9363,3626,3685,7311,2959,3361,6320,2040,3670,5710,618,1882,2500,45457,48794,94251
2020-10-06,6480,5961,12441,4054,4062,8116,7477,7492,14969,7897,7975,15872,6062,6189,12251,4609,4856,9465,3667,3728,7395,2990,3397,6387,2059,3697,5756,624,1892,2516,45919,49249,95168
2020-10-07,6539,6000,12539,4086,4093,8179,7551,7566,15117,7987,8068,16055,6122,6256,12378,4652,4926,9578,3714,3773,7487,3016,3435,6451,2075,3723,5798,627,1899,2526,46369,49739,96108
2020-10-08,6597,6041,12638,4123,4127,8250,7614,7637,15251,8054,8146,16200,6187,6313,12500,4695,4974,9669,3753,3810,7563,3052,3469,6521,2086,3751,5837,631,1918,2549,46792,50186,96978
2020-10-09,6644,6098,12742,4173,4169,8342,7661,7723,15384,8133,8243,16376,6239,6375,12614,4732,5032,9764,3784,3848,7632,3078,3506,6584,2096,3772,5868,635,1933,2568,47175,50699,97874
2020-10-10,6668,6140,12808,4202,4192,8394,7711,7769,15480,8183,8290,16473,6279,6415,12694,4765,5075,9840,3810,3878,7688,3091,3530,6621,2112,3793,5905,641,1942,2583,47462,51024,98486
2020-10-11,6710,6171,12881,4226,4210,8436,7741,7819,15560,8223,8353,16576,6314,6449,12763,4796,5103,9899,3840,3901,7741,3105,3549,6654,2123,3811,5934,642,1948,2590,47720,51314,99034
2020-10-12,6746,6204,12950,4265,4239,8504,7791,7874,15665,8281,8404,16685,6350,6496,12846,4827,5147,9974,3881,3933,7814,3125,3580,6705,2138,3834,5972,642,1957,2599,48046,51668,99714
2020-10-13,6805,6260,13065,4310,4268,8578,7868,7944,15812,8361,8497,16858,6404,6559,12963,4889,5208,10097,3922,3980,7902,3156,3622,6778,2156,3870,6026,647,1970,2617,48518,52178,100696
2020-10-14,6854,6310,13164,4344,4304,8648,7935,8028,15963,8427,8568,16995,6452,6615,13067,4926,5255,10181,3964,4014,7978,3188,3664,6852,2173,3891,6064,647,1983,2630,48910,52632,101542
2020-10-15,6908,6356,13264,4379,4338,8717,8012,8104,16116,8514,8641,17155,6529,6681,13210,4985,5309,10294,4011,4062,8073,3213,3697,6910,2187,3919,6106,653,1993,2646,49391,53100,102491
2020-10-16,6975,6403,13378,4424,4389,8813,8116,8216,16332,8608,8717,17325,6597,6760,13357,5037,5373,10410,4058,4109,8167,3243,3743,6986,2206,3959,6165,656,2021,2677,49920,53690,103610
2020-10-17,7007,6437,13444,4456,4419,8875,8181,8267,16448,8667,8784,17451,6642,6805,13447,5067,5405,10472,4091,4145,8236,3272,3766,7038,2217,3981,6198,659,2028,2687,50259,54037,104296
2020-10-18,7034,6469,13503,4475,4435,8910,8204,8298,16502,8712,8845,17557,6666,6838,13504,5101,5423,10524,4113,4164,8277,3284,3783,7067,2225,3997,6222,660,2033,2693,50474,54285,104759
2020-10-19,7114,6528,13642,4513,4483,8996,8289,8392,16681,8808,8954,17762,6752,6951,13703,5158,5484,10642,4170,4213,8383,3318,3838,7156,2239,4031,6270,661,2042,2703,51022,54916,105938
2020-10-20,7177,6594,13771,4573,4527,9100,8387,8479,16866,8886,9041,17927,6827,7051,13878,5215,5540,10755,4220,4255,8475,3347,3881,7228,2260,4067,6327,661,2057,2718,51553,55492,107045
2020-10-21,7221,6631,13852,4633,4562,9195,8468,8565,17033,8953,9112,18065,6884,7112,13996,5265,5581,10846,4261,4295,8556,3376,3911,7287,2276,4098,6374,663,2061,2724,52000,55928,107928
2020-10-22,7263,6674,13937,4689,4619,9308,8527,8638,17165,9009,9189,18198,6945,7172,14117,5312,5632,10944,4286,4341,8627,3396,3944,7340,2289,4123,6412,666,2069,2735,52382,56401,108783
2020-10-23,7306,6712,14018,4723,4645,9368,8575,8688,17263,9061,9248,18309,6985,7235,14220,5349,5667,11016,4320,4383,8703,3426,3970,7396,2302,4141,6443,670,2084,2754,52717,56773,109490
2020-10-24,7335,6738,14073,4740,4665,9405,8618,8713,17331,9096,9285,18381,7016,7270,14286,5367,5697,11064,4339,4412,8751,3447,3992,7439,2309,4162,6471,672,2094,2766,52939,57028,109967
2020-10-25,7377,6766,14143,4755,4691,9446,8660,8751,17411,9130,9351,18481,7052,7304,14356,5391,5741,11132,4358,4438,8796,3467,4015,7482,2313,4175,6488,674,2096,2770,53177,57328,110505
2020-10-26,7427,6808,14235,4805,4735,9540,8720,8811,17531,9203,9431,18634,7096,7374,14470,5441,5803,11244,4398,4477,8875,3500,4052,7552,2323,4201,6524,675,2105,2780,53588,57797,111385
2020-10-27,7472,6857,14329,4841,4763,9604,8805,8889,17694,9260,9503,18763,7170,7439,14609,5493,5866,11359,4448,4533,8981,3530,4095,7625,2337,4227,6564,678,2111,2789,54034,58283,112317
2020-10-28,7517,6906,14423,4878,4799,9677,8869,8955,17824,9339,9588,18927,7215,7500,14715,5548,5927,11475,4486,4571,9057,3552,4126,7678,2347,4253,6600,681,2122,2803,54432,58747,113179
2020-10-29,7556,6944,14500,4912,4830,9742,8949,9025,17974,9419,9662,19081,7261,7566,14827,5588,5974,11562,4524,4610,9134,3570,4153,7723,2359,4277,6636,682,2129,2811,54820,59170,113990
2020-10-30,7599,6976,14575,4934,4863,9797,8998,9097,18095,9484,9727,19211,7314,7625,14939,5624,6021,11645,4561,4661,9222,3593,4180,7773,2377,4302,6679,685,2144,2829,55169,59596,114765
2020-10-31,7632,7000,14632,4951,4879,9830,9033,9129,18162,9519,9785,19304,7345,7664,15009,5648,6048,11696,4587,4700,9287,3613,4206,7819,2385,4316,6701,687,2153,2840,55400,59880,115280
2020-11-01,7682,7042,14724,4975,4912,9887,9082,9186,18268,9562,9841,19403,7388,7697,15085,5674,6086,11760,4608,4743,9351,3632,4228,7860,2392,4334,6726,690,2157,2847,55685,60226,115911
2020-11-02,7728,7092,14820,5013,4956,9969,9149,9263,18412,9641,9909,19550,7450,7763,15213,5718,6132,11850,4649,4790,9439,3666,4261,7927,2405,4352,6757,691,2167,2858,56110,60685,116795
2020-11-03,7760,7128,14888,5033,4989,10022,9195,9334,18529,9702,9967,19669,7495,7803,15298,5755,6170,11925,4682,4823,9505,3698,4292,7990,2422,4380,6802,692,2179,2871,56434,61065,117499
2020-11-04,7803,7174,14977,5067,5024,10091,9282,9417,18699,9775,10053,19828,7568,7875,15443,5814,6223,12037,4735,4875,9610,3729,4324,8053,2440,4414,6854,699,2190,2889,56912,61569,118481
2020-11-05,7862,7224,15086,5133,5078,10211,9383,9509,18892,9879,10134,20013,7645,7949,15594,5874,6288,12162,4772,4929,9701,3762,4359,8121,2456,4437,6893,703,2201,2904,57469,62108,119577
2020-11-06,7892,7267,15159,5162,5112,10274,9441,9558,18999,9920,10200,20120,7687,7987,15674,5915,6335,12250,4803,4973,9776,3792,4401,8193,2470,4468,6938,706,2207,2913,57788,62508,120296
2020-11-07,7927,7304,15231,5186,5140,10326,9487,9610,19097,9956,10254,20210,7733,8035,15768,5951,6379,12330,4843,5016,9859,3823,4428,8251,2490,4486,6976,713,2213,2926,58109,62865,120974
2020-11-08,7974,7355,15329,5206,5175,10381,9536,9663,19199,10006,10324,20330,7778,8080,15858,5983,6420,12403,4874,5059,9933,3844,4453,8297,2499,4501,7000,715,2218,2933,58415,63248,121663
2020-11-09,8040,7414,15454,5264,5215,10479,9598,9746,19344,10093,10417,20510,7843,8155,15998,6041,6481,12522,4920,5106,10026,3867,4491,8358,2524,4534,7058,719,2227,2946,58909,63786,122695
2020-11-10,8081,7451,15532,5304,5255,10559,9664,9801,19465,10167,10487,20654,7887,8201,16088,6084,6523,12607,4974,5147,10121,3894,4520,8414,2545,4559,7104,724,2239,2963,59324,64183,123507
2020-11-11,8133,7496,15629,5340,5294,10634,9742,9885,19627,10236,10555,20791,7954,8268,16222,6145,6578,12723,5008,5187,10195,3924,4555,8479,2563,4594,7157,730,2256,2986,59775,64668,124443
2020-11-12,8194,7546,15740,5373,5333,10706,9815,9969,19784,10339,10645,20984,8029,8342,16371,6199,6631,12830,5055,5240,10295,3958,4601,8559,2582,4630,7212,733,2266,2999,60277,65203,125480
2020-11-13,8252,7581,15833,5415,5375,10790,9893,10059,19952,10397,10725,21122,8087,8407,16494,6242,6679,12921,5108,5294,10402,3991,4645,8636,2601,4669,7270,738,2278,3016,60724,65712,126436
2020-11-14,8313,7633,15946,5442,5401,10843,9932,10109,20041,10461,10782,21243,8131,8458,16589,6277,6718,12995,5150,5316,10466,4014,4681,8695,2611,4689,7300,742,2281,3023,61073,66068,127141
2020-11-15,8366,7689,16055,5485,5424,10909,9987,10168,20155,10523,10832,21355,8183,8510,16693,6320,6766,13086,5194,5356,10550,4036,4714,8750,2621,4713,7334,742,2293,3035,61457,66465,127922
2020-11-16,8419,7746,16165,5537,5461,10998,10043,10224,20267,10591,10911,21502,8240,8567,16807,6354,6816,13170,5237,5397,10634,4067,4753,8820,2634,4737,7371,745,2306,3051,61867,66918,128785
2020-11-17,8475,7808,16283,5583,5501,11084,10127,10318,20445,10682,11009,21691,8310,8641,16951,6404,6874,13278,5301,5464,10765,4109,4802,8911,2652,4777,7429,750,2321,3071,62393,67515,129908
2020-11-18,8526,7861,16387,5637,5537,11174,10202,10399,20601,10774,11115,21889,8369,8704,17073,6452,6921,13373,5343,5506,10849,4152,4844,8996,2665,4817,7482,752,2326,3078,62872,68030,130902
2020-11-19,8586,7907,16493,5691,5588,11279,10287,10501,20788,10854,11207,22061,8434,8780,17214,6503,6976,13479,5384,5556,10940,4185,4875,9060,2686,4850,7536,755,2334,3089,63365,68574,131939
2020-11-20,8640,7953,16593,5725,5634,11359,10360,10580,20940,10933,11286,22219,8491,8854,17345,6547,7027,13574,5433,5596,11029,4213,4904,9117,2703,4875,7578,759,2347,3106,63804,69056,132860
2020-11-21,8685,7996,16681,5751,5671,11422,10408,10634,21042,10992,11339,22331,8535,8901,17436,6580,7070,13650,5465,5632,11097,4236,4923,9159,2712,4890,7602,762,2357,3119,64126,69413,133539
2020-11-22,8722,8026,16748,5777,5698,11475,10458,10674,21132,11037,11393,22430,8583,8938,17521,6608,7097,13705,5491,5672,11163,4258,4939,9197,2724,4910,7634,764,2366,3130,64422,69713,134135
2020-11-23,8776,8077,16853,5809,5735,11544,10511,10741,21252,11103,11453,22556,8632,8991,17623,6641,7138,13779,5524,5711,11235,4285,4971,9256,2741,4937,7678,768,2378,3146,64790,70132,134922
2020-11-24,8824,8138,16962,5857,5780,11637,10582,10827,21409,11201,11533,22734,8705,9046,17751,6698,7197,13895,5575,5762,11337,4320,5011,9331,2765,4971,7736,769,2385,3154,65296,70650,135946
2020-11-25,8885,8193,17078,5909,5824,11733,10666,10917,21583,11278,11616,22894,8763,9105,17868,6748,7240,13988,5623,5803,11426,4343,5054,9397,2783,5002,7785,775,2395,3170,65773,71149,136922
2020-11-26,8934,8250,17184,5964,5874,11838,10742,11001,21743,11359,11717,23076,8820,9175,17995,6799,7291,14090,5672,5849,11521,4375,5097,9472,2795,5030,7825,784,2406,3190,66244,71690,137934
2020-11-27,8972,8291,17263,6000,5903,11903,10813,11103,21916,11419,11792,23211,8869,9209,18078,6844,7338,14182,5707,5881,11588,4404,5129,9533,2808,5063,7871,788,2409,3197,66624,72118,138742
2020-11-28,9030,8322,17352,6036,5926,11962,10868,11162,22030,11459,11855,23314,8909,9265,18174,6892,7375,14267,5726,5906,11632,4425,5162,9587,2819,5086,7905,789,2415,3204,66953,72474,139427
2020-11-29,9086,8366,17452,6061,5959,12020,10930,11236,22166,11516,11927,23443,8968,9312,18280,6927,7413,14340,5773,5956,11729,4446,5195,9641,2834,5102,7936,790,2420,3210,67331,72886,140217
2020-11-30,9159,8424,17583,6120,6002,12122,11032,11347,22379,11605,12017,23622,9051,9402,18453,6981,7480,14461,5835,6023,11858,4497,5237,9734,2852,5132,7984,795,2428,3223,67927,73492,141419
2020-12-01,9200,8481,17681,6162,6054,12216,11123,11438,22561,11691,12115,23806,9117,9482,18599,7012,7528,14540,5893,6095,11988,4541,5282,9823,2880,5159,8039,798,2433,3231,68417,74067,142484
2020-12-02,9233,8511,17744,6194,6088,12282,11178,11504,22682,11748,12186,23934,9169,9539,18708,7047,7566,14613,5926,6125,12051,4569,5316,9885,2896,5174,8070,801,2443,3244,68761,74452,143213
2020-12-03,9275,8556,17831,6246,6129,12375,11264,11605,22869,11837,12294,24131,9242,9620,18862,7099,7617,14716,5979,6181,12160,4608,5349,9957,2909,5197,8106,802,2449,3251,69261,74997,144258
2020-12-04,9327,8605,17932,6296,6171,12467,11336,11679,23015,11911,12378,24289,9308,9695,19003,7158,7690,14848,6029,6249,12278,4647,5384,10031,2926,5227,8153,808,2459,3267,69746,75537,145283
2020-12-05,9368,8653,18021,6331,6204,12535,11411,11735,23146,11985,12447,24432,9355,9740,19095,7195,7722,14917,6060,6284,12344,4671,5408,10079,2934,5247,8181,813,2466,3279,70123,75906,146029
2020-12-06,9406,8696,18102,6361,6233,12594,11461,11787,23248,12031,12498,24529,9395,9794,19189,7222,7756,14978,6093,6322,12415,4695,5432,10127,2949,5263,8212,814,2471,3285,70427,76252,146679
2020-12-07,9438,8742,18180,6407,6264,12671,11533,11853,23386,12103,12566,24669,9441,9860,19301,7252,7794,15046,6121,6351,12472,4720,5462,10182,2963,5282,8245,816,2479,3295,70794,76653,147447
2020-12-08,9480,8783,18263,6428,6297,12725,11604,11926,23530,12163,12630,24793,9491,9906,19397,7296,7835,15131,6162,6393,12555,4738,5500,10238,2970,5301,8271,820,2485,3305,71152,77056,148208
2020-12-09,9532,8830,18362,6468,6336,12804,11697,12040,23737,12257,12731,24988,9570,9979,19549,7361,7911,15272,6229,6460,12689,4777,5555,10332,2989,5339,8328,822,2501,3323,71702,77682,149384
2020-12-10,9593,8872,18465,6525,6403,12928,11803,12151,23954,12367,12870,25237,9644,10076,19720,7436,7994,15430,6294,6527,12821,4813,5594,10407,3005,5384,8389,827,2510,3337,72307,78381,150688
2020-12-11,9648,8926,18574,6570,6453,13023,11916,12268,24184,12482,12973,25455,9732,10163,19895,7506,8083,15589,6364,6615,12979,4858,5649,10507,3024,5413,8437,829,2518,3347,72929,79061,151990
2020-12-12,9703,8971,18674,6614,6497,13111,12009,12359,24368,12569,13077,25646,9814,10249,20063,7571,8155,15726,6411,6689,13100,4891,5689,10580,3037,5438,8475,831,2527,3358,73450,79651,153101
2020-12-13,9758,9005,18763,6656,6546,13202,12075,12439,24514,12646,13168,25814,9875,10313,20188,7627,8220,15847,6460,6731,13191,4917,5713,10630,3052,5458,8510,837,2531,3368,73903,80124,154027
2020-12-14,9833,9050,18883,6708,6595,13303,12190,12554,24744,12763,13293,26056,9962,10414,20376,7702,8304,16006,6539,6806,13345,4969,5770,10739,3074,5485,8559,846,2544,3390,74586,80815,155401
2020-12-15,9887,9097,18984,6760,6645,13405,12288,12663,24951,12884,13404,26288,10049,10494,20543,7781,8394,16175,6616,6878,13494,5004,5813,10817,3085,5509,8594,849,2555,3404,75203,81452,156655
2020-12-16,9922,9148,19070,6824,6727,13551,12411,12796,25207,13018,13561,26579,10159,10614,20773,7866,8480,16346,6689,6961,13650,5051,5870,10921,3107,5533,8640,853,2564,3417,75900,82254,158154
2020-12-17,9988,9217,19205,6893,6798,13691,12524,12952,25476,13194,13747,26941,10281,10744,21025,7981,8573,16554,6745,7031,13776,5098,5912,11010,3120,5557,8677,855,2571,3426,76679,83102,159781
2020-12-18,10065,9274,19339,6972,6880,13852,12672,13117,25789,13366,13934,27300,10423,10887,21310,8093,8693,16786,6871,7149,14020,5161,5983,11144,3136,5597,8733,859,2578,3437,77618,84092,161710
2020-12-19,10127,9324,19451,7041,6939,13980,12782,13252,26034,13544,14121,27665,10536,11010,21546,8179,8776,16955,6947,7251,14198,5202,6042,11244,3149,5624,8773,862,2584,3446,78369,84923,163292
2020-12-20,10179,9387,19566,7108,7017,14125,12916,13374,26290,13720,14303,28023,10670,11151,21821,8293,8902,17195,7016,7337,14353,5251,6089,11340,3161,5639,8800,866,2591,3457,79180,85790,164970
2020-12-21,10248,9464,19712,7186,7084,14270,13086,13522,26608,13919,14523,28442,10821,11297,22118,8396,9035,17431,7138,7453,14591,5315,6159,11474,3172,5684,8856,871,2598,3469,80152,86819,166971
2020-12-22,10326,9546,19872,7285,7184,14469,13271,13716,26987,14128,14771,28899,10981,11456,22437,8524,9166,17690,7250,7576,14826,5379,6210,11589,3188,5715,8903,875,2604,3479,81207,87944,169151
2020-12-23,10414,9622,20036,7381,7274,14655,13466,13923,27389,14373,15003,29376,11150,11643,22793,8645,9292,17937,7351,7702,15053,5436,6273,11709,3215,5753,8968,882,2618,3500,82313,89103,171416
2020-12-24,10460,9665,20125,7428,7326,14754,13590,14046,27636,14532,15133,29665,11261,11738,22999,8701,9367,18068,7393,7772,15165,5476,6300,11776,3220,5770,8990,883,2622,3505,82944,89739,172683
2020-12-25,10487,9685,20172,7447,7344,14791,13621,14076,27697,14569,15185,29754,11293,11762,23055,8729,9395,18124,7408,7793,15201,5490,6309,11799,3225,5788,9013,887,2626,3513,83156,89963,173119
2020-12-26,10552,9744,20296,7544,7448,14992,13773,14246,28019,14787,15397,30184,11432,11918,23350,8858,9509,18367,7487,7893,15380,5542,6367,11909,3244,5821,9065,888,2637,3525,84107,90980,175087
2020-12-27,10594,9781,20375,7651,7535,15186,13918,14383,28301,15007,15579,30586,11610,12085,23695,8965,9654,18619,7584,7995,15579,5590,6434,12024,3261,5852,9113,891,2648,3539,85071,91946,177017
2020-12-28,10680,9859,20539,7795,7694,15489,14165,14606,28771,15314,15883,31197,11835,12303,24138,9119,9841,18960,7703,8146,15849,5657,6519,12176,3290,5902,9192,893,2667,3560,86451,93420,179871
2020-12-29,10750,9929,20679,7931,7826,15757,14397,14847,29244,15549,16135,31684,12058,12531,24589,9265,9991,19256,7826,8282,16108,5728,6606,12334,3310,5951,9261,900,2681,3581,87714,94779,182493
2020-12-30,10823,9988,20811,8088,7972,16060,14625,15091,29716,15855,16426,32281,12258,12740,24998,9421,10179,19600,7947,8411,16358,5801,6686,12487,3332,5992,9324,903,2693,3596,89053,96178,185231
2020-12-31,10882,10042,20924,8200,8075,16275,14809,15252,30061,16031,16646,32677,12416,12904,25320,9528,10285,19813,8002,8477,16479,5837,6732,12569,3349,6017,9366,903,2701,3604,89957,97131,187088
2021-01-01,10907,10061,20968,8230,8102,16332,14844,15303,30147,16078,16701,32779,12458,12941,25399,9557,10327,19884,8024,8495,16519,5853,6751,12604,3354,6031,9385,904,2705,3609,90209,97417,187626
2021-01-02,10973,10113,21086,8335,8206,16541,14999,15477,30476,16285,16918,33203,12602,13106,25708,9677,10454,20131,8144,8620,16764,5913,6820,12733,3367,6063,9430,909,2714,3623,91204,98491,189695
2021-01-03,11017,10169,21186,8473,8339,16812,15225,15731,30956,16594,17189,33783,12821,13364,26185,9836,10647,20483,8286,8790,17076,5980,6918,12898,3391,6101,9492,912,2724,3636,92535,99972,192507
2021-01-04,11094,10238,21332,8611,8454,17065,15539,16064,31603,16959,17565,34524,13072,13632,26704,9996,10862,20858,8420,8940,17360,6064,7017,13081,3420,6171,9591,916,2736,3652,94091,101679,195770
2021-01-05,11161,10309,21470,8777,8618,17395,15898,16439,32337,17317,17934,35251,13328,13922,27250,10173,11060,21233,8570,9158,17728,6156,7120,13276,3452,6230,9682,924,2747,3671,95756,103537,199293
2021-01-06,11235,10367,21602,8951,8782,17733,16220,16778,32998,17677,18252,35929,13593,14182,27775,10381,11289,21670,8724,9346,18070,6246,7243,13489,3481,6285,9766,928,2766,3694,97436,105290,202726
2021-01-07,11311,10429,21740,9091,8942,18033,16521,17096,33617,18021,18583,36604,13836,14417,28253,10528,11464,21992,8852,9507,18359,6315,7350,13665,3509,6336,9845,932,2778,3710,98916,106902,205818
2021-01-08,11382,10495,21877,9259,9109,18368,16832,17399,34231,18307,18901,37208,14041,14693,28734,10681,11647,22328,8969,9656,18625,6380,7444,13824,3537,6369,9906,938,2786,3724,100326,108499,208825
2021-01-09,11432,10554,21986,9383,9257,18640,17082,17679,34761,18618,19230,37848,14250,14931,29181,10844,11835,22679,9084,9814,18898,6429,7516,13945,3558,6411,9969,938,2799,3737,101618,110026,211644
2021-01-10,11492,10617,22109,9557,9428,18985,17319,17932,35251,18895,19546,38441,14456,15169,29625,10990,12000,22990,9196,9925,19121,6462,7586,14048,3570,6443,10013,942,2813,3755,102879,111459,214338
2021-01-11,11573,10669,22242,9739,9620,19359,17672,18297,35969,19288,19932,39220,14711,15445,30156,11182,12226,23408,9328,10089,19417,6542,7665,14207,3595,6498,10093,945,2833,3778,104575,113274,217849
2021-01-12,11666,10729,22395,9900,9800,19700,17964,18655,36619,19568,20245,39813,14924,15704,30628,11351,12434,23785,9472,10216,19688,6604,7750,14354,3623,6532,10155,950,2843,3793,106022,114908,220930
2021-01-13,11767,10822,22589,10102,10014,20116,18322,18993,37315,19898,20599,40497,15186,15963,31149,11537,12654,24191,9620,10403,20023,6676,7823,14499,3643,6580,10223,954,2846,3800,107705,116697,224402
2021-01-14,11842,10900,22742,10312,10221,20533,18640,19363,38003,20216,20955,41171,15428,16239,31667,11743,12879,24622,9756,10571,20327,6744,7910,14654,3664,6618,10282,958,2852,3810,109303,118508,227811
2021-01-15,11930,10972,22902,10617,10523,21140,19045,19796,38841,20690,21450,42140,15790,16628,32418,12030,13167,25197,9898,10769,20667,6828,8015,14843,3683,6668,10351,962,2862,3824,111473,120850,232323
2021-01-16,11979,11006,22985,10977,10867,21844,19363,20155,39518,21105,21902,43007,16177,17034,33211,12315,13431,25746,10080,10970,21050,6925,8114,15039,3707,6709,10416,964,2872,3836,113592,123060,236652
2021-01-17,12035,11045,23080,11263,11183,22446,19693,20571,40264,21472,22312,43784,16587,17479,34066,12584,13691,26275,10206,11119,21325,6994,8194,15188,3726,6734,10460,966,2875,3841,115526,125203,240729
2021-01-18,12115,11125,23240,11655,11572,23227,20149,21045,41194,21971,22841,44812,17051,17948,34999,12924,14050,26974,10438,11366,21804,7102,8324,15426,3764,6795,10559,970,2889,3859,118139,127955,246094
2021-01-19,12208,11194,23402,12069,11980,24049,20655,21594,42249,22552,23449,46001,17575,18506,36081,13270,14471,27741,10695,11659,22354,7222,8473,15695,3791,6853,10644,977,2903,3880,121014,131082,252096
2021-01-20,12297,11272,23569,12511,12408,24919,21179,22160,43339,23122,24035,47157,18099,19048,37147,13675,14912,28587,10990,11980,22970,7372,8640,16012,3826,6905,10731,983,2920,3903,124054,134280,258334
2021-01-21,12404,11350,23754,12814,12768,25582,21655,22653,44308,23580,24534,48114,18472,19515,37987,13951,15307,29258,11220,12205,23425,7472,8745,16217,3865,6958,10823,990,2937,3927,126423,136972,263395
2021-01-22,12480,11429,23909,13150,13092,26242,22042,23134,45176,23959,25003,48962,18847,19936,38783,14209,15607,29816,11426,12423,23849,7565,8853,16418,3887,7010,10897,996,2942,3938,128561,139429,267990
2021-01-23,12525,11470,23995,13500,13440,26940,22440,23610,46050,24359,25447,49806,19194,20290,39484,14503,15934,30437,11570,12606,24176,7621,8919,16540,3906,7045,10951,999,2950,3949,130617,141711,272328
2021-01-24,12579,11522,24101,13929,13840,27769,22889,24124,47013,24791,25923,50714,19646,20780,40426,14827,16286,31113,11747,12807,24554,7689,9018,16707,3929,7083,11012,1002,2956,3958,133028,144339,277367
2021-01-25,12655,11615,24270,14447,14333,28780,23496,24778,48274,25345,26554,51899,20163,21347,41510,15167,16702,31869,11991,13073,25064,7814,9151,16965,3962,7150,11112,1010,2973,3983,136050,147676,283726
2021-01-26,12759,11697,24456,14892,14738,29630,23983,25314,49297,25818,27054,52872,20592,21836,42428,15501,17086,32587,12223,13338,25561,7919,9272,17191,3995,7213,11208,1014,2989,4003,138696,150537,289233
2021-01-27,12858,11786,24644,15271,15111,30382,24434,25823,50257,26278,27602,53880,20974,22303,43277,15814,17431,33245,12423,13551,25974,8002,9376,17378,4033,7272,11305,1016,3009,4025,141103,153264,294367
2021-01-28,12939,11862,24801,15581,15444,31025,24834,26263,51097,26679,28037,54716,21297,22671,43968,16071,17740,33811,12618,13770,26388,8111,9499,17610,4066,7319,11385,1022,3025,4047,143218,155630,298848
2021-01-29,12999,11946,24945,16048,15902,31950,25348,26832,52180,27226,28634,55860,21777,23224,45001,16461,18139,34600,12863,14052,26915,8223,9643,17866,4091,7385,11476,1029,3038,4067,146065,158795,304860
2021-01-30,13057,11988,25045,16668,16545,33213,25809,27403,53212,27789,29304,57093,22392,23907,46299,16930,18619,35549,13112,14369,27481,8332,9790,18122,4121,7436,11557,1031,3046,4077,149241,162407,311648
2021-01-31,13105,12036,25141,17596,17480,35076,26462,28089,54551,28522,30162,58684,23298,24922,48220,17530,19257,36787,13404,14682,28086,8445,9928,18373,4148,7488,11636,1033,3058,4091,153543,167102,320645
2021-02-01,13177,12106,25283,18328,18332,36660,27043,28831,55874,29249,30967,60216,24104,25825,49929,18145,19871,38016,13730,15088,28818,8573,10121,18694,4196,7543,11739,1036,3068,4104,157581,171752,329333
2021-02-02,13250,12180,25430,18945,19049,37994,27576,29445,57021,29913,31738,61651,24893,26674,51567,18708,20467,39175,14097,15480,29577,8753,10336,19089,4242,7611,11853,1040,3080,4120,161417,176060,337477
2021-02-03,13312,12259,25571,19457,19555,39012,28076,30013,58089,30524,32393,62917,25483,27347,52830,19161,20995,40156,14426,15851,30277,8915,10537,19452,4282,7686,11968,1045,3096,4141,164681,179732,344413
2021-02-04,13385,12328,25713,19761,19869,39630,28489,30493,58982,30965,32881,63846,25832,27840,53672,19461,21382,40843,14626,16119,30745,9023,10684,19707,4307,7730,12037,1050,3114,4164,166899,182440,349339
2021-02-05,13455,12392,25847,20047,20153,40200,28856,30935,59791,31345,33330,64675,26196,28230,54426,19717,21704,41421,14823,16385,31208,9120,10799,19919,4325,7784,12109,1052,3125,4177,168936,184837,353773
2021-02-06,13502,12433,25935,20364,20509,40873,29190,31319,60509,31725,33811,65536,26557,28659,55216,20019,22041,42060,14996,16587,31583,9204,10906,20110,4347,7824,12171,1053,3132,4185,170957,187221,358178
2021-02-07,13550,12488,26038,20710,20888,41598,29508,31714,61222,32161,34284,66445,26947,29107,56054,20302,22390,42692,15143,16758,31901,9284,10992,20276,4369,7853,12222,1059,3138,4197,173033,189612,362645
2021-02-08,13642,12562,26204,21181,21425,42606,30030,32274,62304,32791,35033,67824,27558,29796,57354,20673,22849,43522,15375,17056,32431,9406,11126,20532,4399,7922,12321,1063,3158,4221,176118,193201,369319
2021-02-09,13726,12612,26338,21567,21838,43405,30472,32797,63269,33390,35620,69010,28057,30397,58454,21042,23285,44327,15661,17353,33014,9535,11274,20809,4436,7995,12431,1068,3174,4242,178954,196345,375299
2021-02-10,13792,12662,26454,21861,22146,44007,30852,33248,64100,33851,36192,70043,28512,30910,59422,21321,23656,44977,15865,17601,33466,9650,11390,21040,4471,8045,12516,1069,3186,4255,181244,199036,380280
2021-02-11,13861,12719,26580,22105,22457,44562,31166,33695,64861,34309,36681,70990,28913,31382,60295,21568,23987,45555,16066,17827,33893,9751,11505,21256,4498,8101,12599,1073,3197,4270,183310,201551,384861
2021-02-12,13934,12779,26713,22404,22779,45183,31499,34062,65561,34776,37206,71982,29335,31869,61204,21831,24327,46158,16254,18074,34328,9852,11619,21471,4534,8152,12686,1075,3213,4288,185494,204080,389574
2021-02-13,13982,12814,26796,22786,23229,46015,31835,34457,66292,35307,37814,73121,29827,32490,62317,22138,24705,46843,16446,18296,34742,9924,11725,21649,4557,8192,12749,1080,3224,4304,187882,206946,394828
2021-02-14,14022,12850,26872,23198,23669,46867,32120,34851,66971,35829,38444,74273,30409,33172,63581,22451,25081,47532,16671,18532,35203,10031,11856,21887,4576,8218,12794,1082,3234,4316,190389,209907,400296
2021-02-15,14058,12903,26961,23699,24224,47923,32530,35362,67892,36491,39204,75695,31130,33988,65118,22891,25559,48450,16889,18802,35691,10120,11982,22102,4599,8279,12878,1084,3247,4331,193491,213550,407041
2021-02-16,14105,12936,27041,24265,24727,48992,33101,36094,69195,37306,40127,77433,31854,34830,66684,23322,25989,49311,17106,19031,36137,10204,12106,22310,4619,8317,12936,1092,3252,4344,196974,217409,414383
2021-02-17,14167,13015,27182,24637,25130,49767,33841,36927,70768,37982,40893,78875,32403,35413,67816,23704,26423,50127,17408,19340,36748,10328,12269,22597,4645,8383,13028,1098,3268,4366,200213,221061,421274
2021-02-18,14226,13078,27304,24949,25489,50438,34402,37553,71955,38606,41605,80211,32891,35960,68851,24094,26826,50920,17661,19637,37298,10454,12421,22875,4679,8435,13114,1102,3279,4381,203064,224283,427347
2021-02-19,14298,13132,27430,25206,25859,51065,34907,38114,73021,39156,42279,81435,33336,36458,69794,24434,27217,51651,17905,19919,37824,10568,12573,23141,4708,8489,13197,1107,3293,4400,205625,227333,432958
2021-02-20,14354,13175,27529,25453,26184,51637,35328,38611,73939,39614,42883,82497,33759,36973,70732,24739,27609,52348,18094,20209,38303,10648,12671,23319,4730,8529,13259,1112,3297,4409,207831,230141,437972
2021-02-21,14422,13214,27636,25694,26473,52167,35720,39157,74877,40128,43469,83597,34177,37471,71648,24992,27952,52944,18307,20450,38757,10728,12769,23497,4757,8564,13321,1118,3306,4424,210043,232825,442868
2021-02-22,14505,13308,27813,25945,26809,52754,36198,39753,75951,40663,44128,84791,34609,37997,72606,25329,28342,53671,18553,20745,39298,10844,12891,23735,4801,8605,13406,1121,3313,4434,212568,235891,448459
2021-02-23,14601,13390,27991,26187,27066,53253,36629,40256,76885,41141,44691,85832,34976,38432,73408,25629,28721,54350,18793,21018,39811,10957,13042,23999,4834,8660,13494,1128,3330,4458,214875,238606,453481
2021-02-24,14676,13487,28163,26421,27336,53757,36962,40669,77631,41568,45168,86736,35278,38805,74083,25877,29007,54884,19019,21250,40269,11065,13166,24231,4861,8705,13566,1131,3339,4470,216858,240932,457790
2021-02-25,14785,13588,28373,26601,27549,54150,37308,41067,78375,41909,45554,87463,35560,39114,74674,26096,29280,55376,19191,21481,40672,11147,13286,24433,4887,8750,13637,1135,3354,4489,218619,243023,461642
2021-02-26,14868,13681,28549,26775,27750,54525,37640,41465,79105,42294,45954,88248,35855,39458,75313,26322,29566,55888,19383,21734,41117,11243,13410,24653,4911,8791,13702,1137,3373,4510,220428,245182,465610
2021-02-27,14925,13733,28658,26968,28012,54980,37962,41908,79870,42722,46456,89178,36135,39807,75942,26597,29925,56522,19605,22004,41609,11342,13532,24874,4933,8845,13778,1138,3380,4518,222327,247602,469929
2021-02-28,14988,13799,28787,27248,28337,55585,38348,42415,80763,43307,47117,90424,36556,40326,76882,26979,30415,57394,19913,22336,42249,11488,13693,25181,4967,8891,13858,1140,3388,4528,224934,250717,475651
2021-03-01,15124,13910,29034,27433,28568,56001,38672,42803,81475,43715,47522,91237,36855,40668,77523,27183,30678,57861,20102,22574,42676,11571,13825,25396,4993,8940,13933,1145,3403,4548,226793,252891,479684
2021-03-02,15269,14035,29304,27649,28784,56433,39000,43180,82180,44070,47904,91974,37141,40963,78104,27397,30975,58372,20246,22779,43025,11659,13909,25568,5030,8990,14020,1148,3412,4560,228609,254931,483540
2021-03-03,15402,14137,29539,27800,28969,56769,39247,43530,82777,44394,48251,92645,37370,41218,78588,27603,31241,58844,20455,23044,43499,11762,14028,25790,5053,9025,14078,1148,3423,4571,230234,256866,487100
2021-03-04,15513,14248,29761,27956,29157,57113,39509,43809,83318,44691,48558,93249,37592,41474,79066,27774,31482,59256,20636,23296,43932,11859,14169,26028,5081,9061,14142,1154,3440,4594,231765,258694,490459
2021-03-05,15628,14348,29976,28119,29342,57461,39765,44151,83916,45004,48899,93903,37785,41695,79480,27972,31739,59711,20823,23511,44334,11951,14276,26227,5106,9099,14205,1154,3446,4600,233307,260506,493813
2021-03-06,15702,14415,30117,28234,29475,57709,40006,44419,84425,45275,49192,94467,37976,41919,79895,28124,31951,60075,20944,23647,44591,12015,14361,26376,5130,9130,14260,1157,3453,4610,234563,261962,496525
2021-03-07,15775,14479,30254,28362,29615,57977,40235,44725,84960,45588,49518,95106,38131,42167,80298,28299,32197,60496,21125,23849,44974,12082,14447,26529,5151,9169,14320,1161,3457,4618,235909,263623,499532
2021-03-08,15922,14611,30533,28525,29833,58358,40501,45099,85600,45915,49899,95814,38403,42447,80850,28548,32510,61058,21364,24097,45461,12185,14566,26751,5174,9215,14389,1165,3470,4635,237702,265747,503449
2021-03-09,16085,14765,30850,28697,30010,58707,40771,45395,86166,46260,50265,96525,38673,42727,81400,28783,32792,61575,21585,24409,45994,12311,14704,27015,5203,9261,14464,1169,3477,4646,239537,267805,507342
2021-03-10,16269,14923,31192,28878,30203,59081,41033,45697,86730,46609,50617,97226,38897,42976,81873,28998,33055,62053,21790,24623,46413,12409,14839,27248,5232,9312,14544,1172,3487,4659,241287,269732,511019
2021-03-11,16412,15076,31488,29004,30371,59375,41262,46001,87263,46861,50925,97786,39065,43204,82269,29150,33261,62411,21929,24825,46754,12491,14933,27424,5260,9349,14609,1174,3504,4678,242608,271449,514057
2021-03-12,16590,15236,31826,29171,30581,59752,41491,46332,87823,47178,51292,98470,39288,43480,82768,29337,33532,62869,22106,25058,47164,12589,15040,27629,5288,9397,14685,1178,3516,4694,244216,273464,517680
2021-03-13,16706,15333,32039,29290,30730,60020,41759,46624,88383,47491,51632,99123,39498,43712,83210,29523,33779,63302,22301,25281,47582,12667,15135,27802,5304,9439,14743,1183,3519,4702,245722,275184,520906
2021-03-14,16806,15468,32274,29422,30872,60294,41984,46964,88948,47831,52017,99848,39717,43982,83699,29760,34052,63812,22489,25533,48022,12753,15251,28004,5323,9477,14800,1187,3529,4716,247272,277145,524417
2021-03-15,17031,15666,32697,29614,31066,60680,42264,47377,89641,48189,52433,100622,39986,44315,84301,30017,34369,64386,22730,25797,48527,12861,15410,28271,5347,9528,14875,1191,3543,4734,249230,279504,528734
2021-03-16,17234,15860,33094,29788,31281,61069,42495,47699,90194,48526,52809,101335,40227,44568,84795,30236,34649,64885,22918,26057,48975,12962,15537,28499,5372,9584,14956,1197,3563,4760,250955,281607,532562
2021-03-17,17389,16002,33391,29962,31477,61439,42755,48014,90769,48777,53119,101896,40429,44812,85241,30429,34883,65312,23093,26283,49376,13048,15648,28696,5398,9629,15027,1200,3576,4776,252480,283443,535923
2021-03-18,17538,16137,33675,30101,31627,61728,42980,48291,91271,49055,53392,102447,40611,45031,85642,30570,35078,65648,23254,26472,49726,13130,15752,28882,5415,9666,15081,1202,3584,4786,253856,285030,538886
2021-03-19,17686,16285,33971,30301,31820,62121,43219,48591,91810,49328,53711,103039,40813,45262,86075,30741,35300,66041,23399,26665,50064,13209,15837,29046,5435,9701,15136,1208,3595,4803,255339,286767,542106
2021-03-20,17760,16356,34116,30426,31971,62397,43422,48815,92237,49565,53995,103560,40991,45469,86460,30901,35500,66401,23543,26813,50356,13290,15919,29209,5452,9731,15183,1215,3603,4818,256565,288172,544737
2021-03-21,17870,16450,34320,30538,32101,62639,43639,49050,92689,49847,54289,104136,41169,45682,86851,31068,35721,66789,23686,26992,50678,13339,15994,29333,5470,9761,15231,1218,3612,4830,257844,289652,547496
2021-03-22,18036,16624,34660,30727,32270,62997,43914,49404,93318,50169,54650,104819,41406,45930,87336,31286,36007,67293,23864,27210,51074,13428,16107,29535,5498,9820,15318,1223,3635,4858,259551,291657,551208
2021-03-23,18204,16783,34987,30914,32453,63367,44173,49702,93875,50443,54975,105418,41631,46150,87781,31487,36226,67713,24048,27445,51493,13527,16235,29762,5523,9852,15375,1224,3650,4874,261174,293471,554645
2021-03-24,18315,16893,35208,31061,32598,63659,44353,49918,94271,50680,55239,105919,41783,46353,88136,31620,36408,68028,24146,27576,51722,13587,16322,29909,5536,9897,15433,1225,3667,4892,262306,294871,557177
2021-03-25,18447,17029,35476,31223,32792,64015,44575,50228,94803,50952,55536,106488,42018,46631,88649,31787,36605,68392,24279,27746,52025,13668,16414,30082,5564,9934,15498,1229,3670,4899,263742,296585,560327
2021-03-26,18621,17182,35803,31416,33011,64427,44821,50539,95360,51251,55868,107119,42215,46913,89128,31946,36834,68780,24416,27943,52359,13755,16509,30264,5588,9968,15556,1232,3682,4914,265261,298449,563710
2021-03-27,18745,17289,36034,31526,33145,64671,45044,50784,95828,51526,56175,107701,42407,47160,89567,32101,37053,69154,24573,28122,52695,13811,16598,30409,5607,10009,15616,1237,3688,4925,266577,300023,566600
2021-03-28,18844,17371,36215,31626,33285,64911,45225,51021,96246,51789,56490,108279,42613,47375,89988,32248,37268,69516,24699,28295,52994,13866,16651,30517,5626,10040,15666,1239,3695,4934,267775,301491,569266
2021-03-29,18996,17524,36520,31848,33464,65312,45474,51331,96805,52092,56822,108914,42836,47652,90488,32449,37503,69952,24843,28507,53350,13920,16714,30634,5646,10080,15726,1240,3703,4943,269344,303300,572644
2021-03-30,19149,17661,36810,32022,33654,65676,45676,51585,97261,52358,57135,109493,43026,47887,90913,32614,37677,70291,24979,28677,53656,13971,16791,30762,5665,10112,15777,1245,3710,4955,270705,304889,575594
2021-03-31,19272,17775,37047,32169,33789,65958,45898,51852,97750,52633,57453,110086,43185,48122,91307,32735,37852,70587,25059,28789,53848,14001,16842,30843,5687,10137,15824,1246,3721,4967,271885,306332,578217
2021-04-01,19371,17902,37273,32321,33941,66262,46151,52144,98295,52904,57753,110657,43380,48349,91729,32877,38047,70924,25179,28940,54119,14055,16917,30972,5701,10160,15861,1249,3732,4981,273188,307885,581073
2021-04-02,19488,17989,37477,32470,34123,66593,46377,52389,98766,53169,58004,111173,43562,48544,92106,33023,38239,71262,25294,29051,54345,14104,16961,31065,5717,10177,15894,1251,3740,4991,274455,309217,583672
2021-04-03,19576,18088,37664,32613,34309,66922,46606,52639,99245,53428,58305,111733,43756,48792,92548,33181,38430,71611,25424,29181,54605,14149,17028,31177,5735,10217,15952,1256,3746,5002,275724,310735,586459
2021-04-04,19696,18189,37885,32871,34586,67457,46916,53044,99960,53844,58803,112647,44062,49180,93242,33361,38667,72028,25540,29334,54874,14194,17087,31281,5752,10253,16005,1256,3753,5009,277492,312896,590388
2021-04-05,19848,18354,38202,33214,34946,68160,47349,53571,100920,54337,59308,113645,44451,49657,94108,33609,38995,72604,25686,29533,55219,14267,17168,31435,5770,10296,16066,1260,3763,5023,279791,315591,595382
2021-04-06,20021,18548,38569,33504,35265,68769,47846,54047,101893,54814,59859,114673,44834,50053,94887,33868,39314,73182,25883,29802,55685,14366,17294,31660,5795,10339,16134,1263,3778,5041,282194,318299,600493
2021-04-07,20197,18725,38922,33827,35570,69397,48302,54528,102830,55269,60401,115670,45236,50465,95701,34123,39672,73795,26035,30034,56069,14444,17400,31844,5812,10385,16197,1265,3792,5057,284510,320972,605482
2021-04-08,20372,18879,39251,34071,35850,69921,48663,55005,103668,55691,60915,116606,45545,50797,96342,34344,39961,74305,26193,30231,56424,14509,17503,32012,5836,10427,16263,1267,3805,5072,286491,323373,609864
2021-04-09,20510,19009,39519,34249,36063,70312,48895,55331,104226,55973,61212,117185,45784,51063,96847,34490,40174,74664,26305,30361,56666,14559,17571,32130,5846,10462,16308,1270,3812,5082,287881,325058,612939
2021-04-10,20610,19104,39714,34421,36273,70694,49181,55661,104842,56304,61565,117869,46002,51336,97338,34647,40378,75025,26424,30496,56920,14588,17621,32209,5855,10482,16337,1272,3815,5087,289304,326731,616035
2021-04-11,20696,19201,39897,34583,36446,71029,49393,55896,105289,56558,61898,118456,46237,51598,97835,34800,40569,75369,26533,30623,57156,14619,17665,32284,5869,10510,16379,1274,3820,5094,290562,328226,618788
2021-04-12,20855,19347,40202,34822,36667,71489,49678,56263,105941,56892,62285,119177,46498,51967,98465,35005,40858,75863,26670,30786,57456,14664,17745,32409,5885,10547,16432,1278,3831,5109,292247,330296,622543
2021-04-13,21009,19458,40467,34985,36850,71835,49954,56597,106551,57248,62677,119925,46740,52300,99040,35209,41112,76321,26776,30897,57673,14722,17793,32515,5901,10568,16469,1282,3840,5122,293826,332092,625918
2021-04-14,21155,19576,40731,35146,36998,72144,50127,56813,106940,57456,62932,120388,46890,52512,99402,35340,41291,76631,26918,31033,57951,14770,17880,32650,5924,10608,16532,1286,3848,5134,295012,333491,628503
2021-04-15,21323,19730,41053,35337,37252,72589,50436,57213,107649,57815,63358,121173,47224,52928,100152,35583,41609,77192,27067,31190,58257,14815,17950,32765,5941,10645,16586,1288,3860,5148,296829,335735,632564
2021-04-16,21468,19885,41353,35518,37445,72963,50783,57629,108412,58201,63813,122014,47531,53290,100821,35823,41927,77750,27236,31398,58634,14861,18020,32881,5951,10680,16631,1292,3869,5161,298664,337956,636620
2021-04-17,21610,19995,41605,35684,37610,73294,51044,57918,108962,58565,64189,122754,47802,53635,101437,36015,42153,78168,27356,31544,58900,14910,18096,33006,5970,10725,16695,1297,3877,5174,300253,339742,639995
2021-04-18,21697,20112,41809,35812,37733,73545,51273,58189,109462,58846,64536,123382,48067,53927,101994,36192,42370,78562,27481,31688,59169,14957,18159,33116,5996,10756,16752,1300,3885,5185,301621,341355,642976
2021-04-19,21878,20255,42133,36024,37963,73987,51599,58568,110167,59258,64976,124234,48393,54279,102672,36438,42673,79111,27632,31887,59519,15022,18251,33273,6011,10808,16819,1304,3908,5212,303559,343568,647127
2021-04-20,22056,20444,42500,36204,38145,74349,51872,58920,110792,59578,65376,124954,48691,54639,103330,36649,42937,79586,27820,32107,59927,15086,18337,33423,6045,10845,16890,1309,3920,5229,305310,345670,650980
2021-04-21,22209,20581,42790,36356,38289,74645,52118,59219,111337,59834,65727,125561,48934,54931,103865,36827,43181,80008,27953,32272,60225,15144,18397,33541,6063,10892,16955,1311,3926,5237,306749,347415,654164
2021-04-22,22399,20740,43139,36576,38517,75093,52403,59580,111983,60214,66187,126401,49263,55322,104585,37076,43468,80544,28106,32473,60579,15207,18492,33699,6082,10942,17024,1313,3936,5249,308639,349657,658296
2021-04-23,22553,20895,43448,36807,38757,75564,52759,60006,112765,60635,66731,127366,49632,55750,105382,37328,43817,81145,28262,32684,60946,15282,18582,33864,6115,10975,17090,1317,3947,5264,310690,352144,662834
2021-04-24,22633,20974,43607,36899,38831,75730,52863,60164,113027,60776,66898,127674,49737,55904,105641,37411,43914,81325,28311,32743,61054,15322,18634,33956,6130,11011,17141,1321,3965,5286,311403,353038,664441
2021-04-25,22756,21088,43844,37090,39015,76105,53138,60525,113663,61137,67341,128478,50052,56292,106344,37662,44207,81869,28467,32918,61385,15384,18685,34069,6143,11047,17190,1322,3972,5294,313151,355090,668241
2021-04-26,22943,21266,44209,37335,39283,76618,53509,60981,114490,61602,67887,129489,50456,56771,107227,37969,44581,82550,28656,33133,61789,15486,18805,34291,6160,11089,17249,1326,3983,5309,315442,357779,673221
2021-04-27,23118,21420,44538,37585,39555,77140,53874,61494,115368,62055,68431,130486,50803,57212,108015,38267,44932,83199,28830,33341,62171,15563,18925,34488,6184,11141,17325,1331,3995,5326,317610,360446,678056
2021-04-28,23311,21606,44917,37836,39836,77672,54255,62011,116266,62546,69064,131610,51195,57711,108906,38553,45292,83845,29009,33544,62553,15637,19026,34663,6204,11184,17388,1339,4015,5354,319885,363289,683174
2021-04-29,23548,21808,45356,38197,40170,78367,54746,62705,117451,63190,69851,133041,51727,58450,110177,38954,45835,84789,29245,33857,63102,15765,19195,34960,6245,11255,17500,1342,4040,5382,322959,367166,690125
2021-04-30,23724,21977,45701,38409,40377,78786,55024,63107,118131,63526,70337,133863,52000,58865,110865,39195,46176,85371,29399,34059,63458,15859,19316,35175,6283,11326,17609,1345,4065,5410,324764,369605,694369
2021-05-01,23862,22092,45954,38629,40557,79186,55361,63518,118879,63948,70854,134802,52346,59350,111696,39445,46489,85934,29556,34216,63772,15934,19408,35342,6306,11380,17686,1347,4073,5420,326734,371937,698671
2021-05-02,24008,22200,46208,38803,40760,79563,55661,63920,119581,64369,71405,135774,52678,59826,112504,39704,46804,86508,29741,34451,64192,16016,19510,35526,6331,11425,17756,1351,4092,5443,328662,374393,703055
2021-05-03,24280,22443,46723,39087,41052,80139,56177,64526,120703,65005,72210,137215,53207,60466,113673,40100,47378,87478,30025,34843,64868,16165,19684,35849,6369,11511,17880,1355,4122,5477,331770,378235,710005
2021-05-04,24483,22663,47146,39355,41334,80689,56652,65108,121760,65594,72928,138522,53701,61079,114780,40470,47892,88362,30259,35146,65405,16312,19856,36168,6401,11576,17977,1358,4147,5505,334585,381729,716314
2021-05-05,24710,22868,47578,39586,41606,81192,57105,65671,122776,66138,73551,139689,54158,61621,115779,40782,48301,89083,30482,35380,65862,16435,19979,36414,6444,11645,18089,1366,4163,5529,337206,384785,721991
2021-05-06,24897,23079,47976,39900,41938,81838,57554,66299,123853,66684,74284,140968,54649,62195,116844,41169,48780,89949,30695,35646,66341,16555,20108,36663,6476,11707,18183,1372,4184,5556,339951,388220,728171
2021-05-07,25116,23266,48382,40221,42282,82503,58051,66999,125050,67256,75082,142338,55172,62879,118051,41490,49291,90781,30914,35922,66836,16655,20251,36906,6501,11754,18255,1375,4192,5567,342751,391918,734669
2021-05-08,25248,23388,48636,40367,42438,82805,58332,67353,125685,67637,75517,143154,55427,63185,118612,41698,49550,91248,31023,36049,67072,16714,20319,37033,6530,11798,18328,1377,4208,5585,344353,393805,738158
2021-05-09,25413,23534,48947,40518,42619,83137,58587,67672,126259,67987,75941,143928,55715,63535,119250,41891,49828,91719,31160,36199,67359,16786,20412,37198,6559,11837,18396,1383,4218,5601,345999,395795,741794
2021-05-10,25627,23742,49369,40766,42902,83668,59091,68237,127328,68567,76577,145144,56187,64139,120326,42221,50257,92478,31385,36479,67864,16901,20558,37459,6598,11895,18493,1384,4228,5612,348727,399014,747741
2021-05-11,25831,23919,49750,40991,43139,84130,59444,68667,128111,69025,77100,146125,56572,64565,121137,42491,50616,93107,31588,36728,68316,17007,20678,37685,6629,11933,18562,1388,4239,5627,350966,401584,752550
2021-05-12,26032,24101,50133,41196,43354,84550,59799,69105,128904,69458,77596,147054,56950,65028,121978,42769,50953,93722,31767,36947,68714,17094,20774,37868,6655,11977,18632,1392,4254,5646,353112,404089,757201
2021-05-13,26245,24273,50518,41381,43575,84956,60155,69624,129779,69871,78160,148031,57313,65483,122796,43017,51300,94317,31928,37136,69064,17174,20880,38054,6684,12038,18722,1394,4261,5655,355162,406730,761892
2021-05-14,26476,24517,50993,41629,43897,85526,60667,70219,130886,70475,78900,149375,57782,66091,123873,43372,51738,95110,32134,37404,69538,17288,21001,38289,6729,12094,18823,1399,4269,5668,357951,410130,768081
2021-05-15,26636,24666,51302,41832,44126,85958,60982,70667,131649,70890,79449,150339,58163,66554,124717,43639,52050,95689,32289,37610,69899,17359,21087,38446,6755,12143,18898,1401,4286,5687,359946,412638,772584
2021-05-16,26775,24816,51591,41982,44335,86317,61237,71010,132247,71229,79907,151136,58480,66958,125438,43875,52363,96238,32436,37773,70209,17424,21164,38588,6773,12188,18961,1402,4303,5705,361613,414817,776430
2021-05-17,27085,25110,52195,42312,44680,86992,61769,71667,133436,71968,80748,152716,59043,67687,126730,44324,52939,97263,32706,38110,70816,17580,21350,38930,6825,12272,19097,1406,4321,5727,365018,418884,783902
2021-05-18,27359,25402,52761,42627,45045,87672,62347,72315,134662,72656,81554,154210,59690,68416,128106,44755,53446,98201,32954,38401,71355,17720,21488,39208,6869,12330,19199,1411,4333,5744,368388,422730,791118
2021-05-19,27655,25657,53312,42977,45409,88386,62949,73060,136009,73424,82398,155822,60311,69122,129433,45174,54025,99199,33247,38720,71967,17840,21632,39472,6912,12386,19298,1419,4352,5771,371908,426761,798669
2021-05-20,27958,25951,53909,43363,45825,89188,63648,73912,137560,74229,83263,157492,60918,69906,130824,45588,54561,100149,33521,39017,72538,17956,21787,39743,6949,12449,19398,1420,4369,5789,375550,431040,806590
2021-05-21,28173,26152,54325,43658,46162,89820,64191,74613,138804,74845,84028,158873,61449,70562,132011,45961,55026,100987,33751,39315,73066,18082,21906,39988,6992,12534,19526,1422,4391,5813,378524,434689,813213
2021-05-22,28300,26263,54563,43810,46360,90170,64480,75017,139497,75225,84442,159667,61748,70918,132666,46197,55276,101473,33871,39435,73306,18138,21970,40108,7012,12589,19601,1425,4405,5830,380206,436675,816881
2021-05-23,28430,26377,54807,43949,46526,90475,64714,75302,140016,75524,84787,160311,61998,71177,133175,46374,55510,101884,33981,39583,73564,18190,22020,40210,7027,12636,19663,1434,4421,5855,381621,438339,819960
2021-05-24,28584,26506,55090,44185,46776,90961,65114,75717,140831,75954,85330,161284,62380,71673,134053,46726,55978,102704,34193,39851,74044,18311,22155,40466,7052,12693,19745,1438,4432,5870,383937,441111,825048
2021-05-25,28730,26625,55355,44377,47003,91380,65506,76145,141651,76347,85823,162170,62759,72093,134852,47019,56329,103348,34379,40080,74459,18400,22265,40665,7077,12735,19812,1444,4444,5888,386038,443542,829580
2021-05-26,28921,26793,55714,44646,47294,91940,66001,76696,142697,76878,86422,163300,63210,72626,135836,47427,56807,104234,34598,40342,74940,18521,22409,40930,7118,12813,19931,1452,4458,5910,388772,446660,835432
2021-05-27,29067,26961,56028,44815,47510,92325,66374,77166,143540,77310,86930,164240,63589,73048,136637,47723,57211,104934,34768,40568,75336,18623,22517,41140,7152,12860,20012,1453,4478,5931,390874,449249,840123
2021-05-28,29257,27141,56398,45082,47832,92914,66839,77738,144577,77833,87556,165389,64098,73668,137766,48151,57740,105891,35014,40883,75897,18736,22652,41388,7182,12915,20097,1457,4492,5949,393649,452617,846266
2021-05-29,29386,27262,56648,45234,48024,93258,67114,78091,145205,78228,87974,166202,64437,74046,138483,48367,58013,106380,35142,41038,76180,18791,22733,41524,7200,12955,20155,1464,4506,5970,395363,454642,850005
2021-05-30,29483,27352,56835,45371,48172,93543,67374,78411,145785,78530,88315,166845,64711,74341,139052,48531,58240,106771,35250,41160,76410,18839,22804,41643,7220,12982,20202,1467,4515,5982,396776,456292,853068
2021-05-31,29639,27516,57155,45619,48404,94023,67807,78882,146689,79038,88862,167900,65122,74867,139989,48796,58584,107380,35455,41399,76854,18960,22951,41911,7266,13045,20311,1469,4532,6001,399171,459042,858213
2021-06-01,29823,27683,57506,45832,48656,94488,68185,79328,147513,79503,89358,168861,65496,75310,140806,49067,58962,108029,35673,41651,77324,19063,23073,42136,7311,13094,20405,1474,4546,6020,401427,461661,863088
2021-06-02,30042,27857,57899,46065,48924,94989,68579,79799,148378,79944,89905,169849,65902,75795,141697,49337,59305,108642,35872,41913,77785,19179,23222,42401,7347,13148,20495,1482,4566,6048,403749,464434,868183
2021-06-03,30237,28063,58300,46317,49181,95498,69001,80334,149335,80435,90492,170927,66326,76290,142616,49639,59679,109318,36076,42179,78255,19286,23370,42656,7385,13186,20571,1487,4584,6071,406189,467358,873547
2021-06-04,30477,28278,58755,46579,49452,96031,69428,80871,150299,80921,91084,172005,66773,76773,143546,49953,60114,110067,36297,42456,78753,19400,23518,42918,7417,13256,20673,1489,4598,6087,408734,470400,879134
2021-06-05,30637,28423,59060,46734,49609,96343,69675,81199,150874,81222,91449,172671,67045,77072,144117,50152,60337,110489,36405,42586,78991,19467,23619,43086,7441,13285,20726,1495,4614,6109,410273,472193,882466
2021-06-06,30794,28595,59389,46890,49764,96654,69894,81482,151376,81508,91785,173293,67308,77370,144678,50340,60566,110906,36516,42730,79246,19522,23691,43213,7461,13324,20785,1496,4633,6129,411729,473940,885669
2021-06-07,31004,28830,59834,47103,50009,97112,70277,81946,152223,81972,92318,174290,67687,77917,145604,50650,60992,111642,36720,43008,79728,19682,23864,43546,7500,13422,20922,1504,4666,6170,414099,476972,891071
2021-06-08,31266,29066,60332,47313,50252,97565,70632,82408,153040,82425,92806,175231,68045,78348,146393,50936,61359,112295,36902,43240,80142,19790,24044,43834,7531,13485,21016,1510,4691,6201,416350,479699,896049
2021-06-09,31495,29295,60790,47561,50487,98048,71025,82870,153895,82888,93347,176235,68410,78787,147197,51254,61753,113007,37089,43479,80568,19910,24172,44082,7575,13550,21125,1515,4708,6223,418722,482448,901170
2021-06-10,31706,29527,61233,47789,50765,98554,71432,83362,154794,83353,93908,177261,68785,79284,148069,51510,62114,113624,37269,43729,80998,20029,24331,44360,7603,13603,21206,1522,4727,6249,420998,485350,906348
2021-06-11,31919,29731,61650,47990,50996,98986,71832,83839,155671,83753,94470,178223,69178,79803,148981,51777,62444,114221,37467,43974,81441,20134,24491,44625,7639,13666,21305,1527,4740,6267,423216,488154,911370
2021-06-12,32084,29883,61967,48154,51164,99318,72084,84160,156244,84078,94840,178918,69448,80133,149581,51946,62702,114648,37587,44151,81738,20200,24590,44790,7662,13705,21367,1530,4750,6280,424773,490078,914851
2021-06-13,32266,30058,62324,48338,51321,99659,72289,84412,156701,84347,95164,179511,69705,80440,150145,52126,62934,115060,37704,44308,82012,20260,24662,44922,7684,13741,21425,1535,4762,6297,426254,491802,918056
2021-06-14,32518,30283,62801,48593,51562,100155,72646,84875,157521,84803,95672,180475,70093,80932,151025,52417,63277,115694,37891,44596,82487,20385,24808,45193,7717,13804,21521,1552,4782,6334,428615,494591,923206
2021-06-15,32777,30532,63309,48855,51823,100678,73020,85315,158335,85264,96209,181473,70450,81427,151877,52699,63641,116340,38086,44810,82896,20485,24936,45421,7756,13854,21610,1557,4795,6352,430949,497342,928291
2021-06-16,33060,30783,63843,49108,52064,101172,73392,85798,159190,85721,96737,182458,70818,81920,152738,52931,63949,116880,38280,45026,83306,20585,25058,45643,7786,13903,21689,1558,4809,6367,433239,500047,933286
2021-06-17,33297,31029,64326,49355,52334,101689,73801,86307,160108,86184,97341,183525,71190,82451,153641,53189,64297,117486,38485,45259,83744,20698,25202,45900,7815,13957,21772,1560,4822,6382,435574,502999,938573
2021-06-18,33519,31239,64758,49600,52582,102182,74184,86744,160928,86614,97888,184502,71559,82950,154509,53412,64627,118039,38650,45486,84136,20774,25330,46104,7846,13992,21838,1563,4835,6398,437721,505673,943394
2021-06-19,33705,31426,65131,49755,52728,102483,74414,87064,161478,86949,98269,185218,71804,83254,155058,53574,64832,118406,38790,45634,84424,20844,25413,46257,7875,14038,21913,1567,4843,6410,439277,507501,946778
2021-06-20,33884,31568,65452,49859,52832,102691,74552,87274,161826,87166,98542,185708,71991,83485,155476,53711,65001,118712,38880,45748,84628,20909,25479,46388,7888,14071,21959,1569,4852,6421,440409,508852,949261
2021-06-21,34090,31751,65841,50028,52998,103026,74759,87550,162309,87457,98865,186322,72267,83794,156061,53895,65233,119128,38991,45886,84877,20990,25561,46551,7912,14099,22011,1571,4858,6429,441960,510595,952555
2021-06-22,34370,32011,66381,50279,53242,103521,75102,87995,163097,87876,99373,187249,72680,84257,156937,54142,65552,119694,39201,46131,85332,21092,25707,46799,7945,14158,22103,1580,4867,6447,444267,513293,957560
2021-06-23,34688,32275,66963,50572,53521,104093,75440,88440,163880,88339,99929,188268,73102,84788,157890,54361,65873,120234,39393,46363,85756,21180,25855,47035,7969,14210,22179,1585,4881,6466,446629,516135,962764
2021-06-24,34979,32544,67523,50825,53805,104630,75789,88897,164686,88756,100452,189208,73467,85241,158708,54600,66176,120776,39570,46625,86195,21261,25978,47239,7993,14258,22251,1589,4897,6486,448829,518873,967702
2021-06-25,35313,32814,68127,51100,54132,105232,76178,89399,165577,89243,101113,190356,73824,85752,159576,54888,66545,121433,39767,46913,86680,21370,26134,47504,8034,14335,22369,1596,4916,6512,451313,522053,973366
2021-06-26,35463,32970,68433,51237,54285,105522,76382,89636,166018,89499,101421,190920,74021,86026,160047,55044,66715,121759,39904,47086,86990,21445,26238,47683,8055,14380,22435,1601,4932,6533,452651,523689,976340
2021-06-27,35648,33136,68784,51351,54450,105801,76564,89879,166443,89725,101688,191413,74237,86292,160529,55185,66886,122071,40016,47217,87233,21517,26316,47833,8073,14420,22493,1603,4941,6544,453919,525225,979144
2021-06-28,35867,33339,69206,51482,54588,106070,76746,90125,166871,90011,102015,192026,74445,86575,161020,55351,67065,122416,40142,47337,87479,21592,26414,48006,8108,14455,22563,1606,4955,6561,455350,526868,982218
2021-06-29,36091,33606,69697,51693,54826,106519,77059,90542,167601,90395,102465,192860,74726,86930,161656,55554,67305,122859,40301,47513,87814,21689,26518,48207,8141,14534,22675,1610,4983,6593,457259,529222,986481
2021-06-30,36369,33894,70263,51983,55105,107088,77409,91015,168424,90833,102987,193820,75062,87330,162392,55766,67657,123423,40464,47735,88199,21775,26621,48396,8172,14584,22756,1614,4992,6606,459447,531920,991367
2021-07-01,36589,34110,70699,52221,55354,107575,77733,91462,169195,91207,103485,194692,75334,87725,163059,55979,67924,123903,40609,47942,88551,21861,26736,48597,8207,14642,22849,1618,5005,6623,461358,534385,995743
2021-07-02,36906,34370,71276,52546,55658,108204,78066,91920,169986,91621,104059,195680,75626,88197,163823,56198,68240,124438,40766,48157,88923,21954,26865,48819,8242,14688,22930,1621,5020,6641,463546,537174,1000720
2021-07-03,37100,34573,71673,52713,55876,108589,78279,92191,170470,91891,104396,196287,75845,88490,164335,56345,68415,124760,40893,48296,89189,22008,26948,48956,8262,14722,22984,1627,5031,6658,464963,538938,1003901
2021-07-04,37316,34795,72111,52868,56049,108917,78433,92446,170879,92136,104717,196853,76041,88740,164781,56497,68607,125104,40994,48426,89420,22058,27027,49085,8280,14756,23036,1631,5041,6672,466254,540604,1006858
2021-07-05,37669,35126,72795,53148,56350,109498,78792,92917,171709,92605,105296,197901,76386,89223,165609,56721,68899,125620,41165,48645,89810,22169,27155,49324,8320,14809,23129,1636,5056,6692,468611,543476,1012087
2021-07-06,38053,35477,73530,53524,56709,110233,79195,93397,172592,93079,105917,198996,76750,89711,166461,56950,69222,126172,41324,48870,90194,22257,27297,49554,8351,14870,23221,1639,5074,6713,471122,546544,1017666
2021-07-07,38401,35792,74193,53880,57067,110947,79621,93902,173523,93537,106494,200031,77165,90162,167327,57215,69533,126748,41485,49072,90557,22340,27378,49718,8373,14921,23294,1647,5089,6736,473664,549410,1023074
2021-07-08,38739,36124,74863,54249,57475,111724,80149,94490,174639,94071,107170,201241,77594,90756,168350,57496,69937,127433,41667,49364,91031,22445,27520,49965,8425,14966,23391,1651,5107,6758,476486,552909,1029395
2021-07-09,38984,36382,75366,54518,57734,112252,80456,94865,175321,94426,107631,202057,77899,91159,169058,57690,70188,127878,41782,49503,91285,22513,27607,50120,8455,15014,23469,1655,5116,6771,478378,555199,1033577
2021-07-10,39212,36611,75823,54765,57967,112732,80724,95171,175895,94711,108029,202740,78157,91504,169661,57883,70432,128315,41916,49670,91586,22587,27708,50295,8482,15060,23542,1657,5129,6786,480094,557281,1037375
2021-07-11,39487,36858,76345,54936,58152,113088,80957,95460,176417,94981,108404,203385,78425,91885,170310,58074,70668,128742,42044,49828,91872,22653,27798,50451,8496,15087,23583,1662,5138,6800,481715,559278,1040993
2021-07-12,39893,37245,77138,55311,58563,113874,81419,96056,177475,95544,109037,204581,78921,92517,171438,58362,71060,129422,42286,50052,92338,22759,27945,50704,8530,15136,23666,1673,5155,6828,484698,562766,1047464
2021-07-13,40298,37586,77884,55673,58955,114628,81903,96595,178498,96029,109635,205664,79346,93080,172426,58654,71449,130103,42456,50287,92743,22870,28081,50951,8565,15198,23763,1682,5179,6861,487476,566045,1053521
2021-07-14,40683,37961,78644,56163,59419,115582,82443,97196,179639,96505,110319,206824,79791,93674,173465,58931,71842,130773,42669,50521,93190,22977,28204,51181,8597,15247,23844,1686,5191,6877,490445,569574,1060019
2021-07-15,41016,38245,79261,56677,59905,116582,82958,97843,180801,97069,111040,208109,80340,94386,174726,59287,72258,131545,42867,50774,93641,23080,28350,51430,8629,15303,23932,1693,5206,6899,493616,573310,1066926
2021-07-16,41313,38534,79847,57121,60337,117458,83460,98480,181940,97567,111765,209332,80863,95060,175923,59594,72662,132256,43046,51028,94074,23170,28468,51638,8665,15362,24027,1696,5224,6920,496495,576920,1073415
2021-07-17,41545,38778,80323,57399,60637,118036,83752,98868,182620,97913,112250,210163,81159,95472,176631,59808,72917,132725,43183,51181,94364,23250,28563,51813,8684,15394,24078,1702,5236,6938,498395,579296,1077691
2021-07-18,41789,38990,80779,57634,60911,118545,84025,99239,183264,98230,112686,210916,81454,95852,177306,60039,73183,133222,43306,51327,94633,23321,28654,51975,8713,15438,24151,1706,5243,6949,500217,581523,1081740
2021-07-19,42110,39294,81404,57991,61305,119296,84591,99961,184552,98830,113459,212289,82009,96560,178569,60435,73726,134161,43566,51662,95228,23464,28831,52295,8769,15501,24270,1709,5251,6960,503474,585550,1089024
2021-07-20,42444,39593,82037,58322,61669,119991,85068,100612,185680,99390,114145,213535,82493,97203,179696,60796,74162,134958,43800,51937,95737,23583,28997,52580,8808,15569,24377,1719,5276,6995,506423,589163,1095586
2021-07-21,42805,39925,82730,58770,62119,120889,85662,101365,187027,100063,115006,215069,83089,98030,181119,61219,74745,135964,44079,52319,96398,23722,29208,52930,8843,15657,24500,1724,5293,7017,509976,593667,1103643
2021-07-22,43151,40232,83383,59267,62624,121891,86208,102179,188387,100801,115938,216739,83777,98945,182722,61674,75314,136988,44340,52655,96995,23851,29373,53224,8884,15721,24605,1730,5308,7038,513683,598289,1111972
2021-07-23,43431,40479,83910,59603,63030,122633,86647,102774,189421,101347,116685,218032,84329,99575,183904,62037,75750,137787,44536,52901,97437,23946,29513,53459,8915,15774,24689,1737,5324,7061,516528,601805,1118333
2021-07-24,43668,40724,84392,59950,63509,123459,87052,103291,190343,101923,117378,219301,84904,100263,185167,62395,76157,138552,44714,53177,97891,24055,29622,53677,8946,15817,24763,1742,5337,7079,519349,605275,1124624
2021-07-25,43874,40933,84807,60331,63977,124308,87351,103730,191081,102443,118036,220479,85525,101043,186568,62729,76530,139259,44881,53370,98251,24165,29735,53900,8966,15859,24825,1748,5348,7096,522013,608561,1130574
2021-07-26,44187,41242,85429,60829,64609,125438,87879,104510,192389,103202,119038,222240,86270,102030,188300,63178,77105,140283,45161,53751,98912,24308,29958,54266,9019,15939,24958,1757,5367,7124,525790,613549,1139339
2021-07-27,44405,41447,85852,61109,64983,126092,88282,105020,193302,103642,119617,223259,86720,102539,189259,63430,77455,140885,45335,53959,99294,24404,30094,54498,9057,15995,25052,1761,5382,7143,528145,616491,1144636
2021-07-28,44657,41673,86330,61437,65439,126876,88785,105610,194395,104231,120317,224548,87215,103177,190392,63762,77873,141635,45559,54239,99798,24529,30228,54757,9087,16044,25131,1769,5393,7162,531031,619993,1151024
2021-07-29,44908,41894,86802,61802,65810,127612,89207,106217,195424,104815,121005,225820,87685,103802,191487,64055,78236,142291,45778,54483,100261,24632,30369,55001,9119,16084,25203,1773,5409,7182,533774,623309,1157083
2021-07-30,45182,42151,87333,62258,66318,128576,89803,107037,196840,105547,122081,227628,88355,104726,193081,64498,78888,143386,46068,54848,100916,24753,30558,55311,9166,16155,25321,1781,5424,7205,537411,628186,1165597
2021-07-31,45472,42420,87892,62705,66835,129540,90213,107637,197850,106228,122980,229208,89115,105671,194786,64925,79395,144320,46304,55153,101457,24875,30703,55578,9198,16188,25386,1783,5436,7219,540818,632418,1173236
2021-08-01,45779,42757,88536,63102,67318,130420,90472,108043,198515,106720,123690,230410,89721,106483,196204,65229,79786,145015,46470,55366,101836,24959,30831,55790,9223,16247,25470,1790,5445,7235,543465,635966,1179431
2021-08-02,46181,43118,89299,63628,67875,131503,90967,108704,199671,107419,124596,232015,90406,107460,197866,65648,80402,146050,46810,55762,102572,25102,31028,56130,9265,16324,25589,1796,5465,7261,547222,640734,1187956
2021-08-03,46518,43468,89986,64030,68405,132435,91481,109385,200866,108016,125430,233446,91019,108259,199278,66059,80993,147052,47108,56145,103253,25269,31259,56528,9306,16383,25689,1800,5481,7281,550606,645208,1195814
2021-08-04,46841,43776,90617,64391,68803,133194,91956,109943,201899,108552,126113,234665,91442,108877,200319,66363,81413,147776,47348,56442,103790,25369,31426,56795,9335,16431,25766,1802,5494,7296,553399,648718,1202117
2021-08-05,47168,44097,91265,64809,69314,134123,92574,110703,203277,109216,126930,236146,92042,109652,201694,66754,81950,148704,47608,56783,104391,25493,31583,57076,9372,16491,25863,1805,5505,7310,556841,653008,1209849
2021-08-06,47326,44228,91554,65192,69732,134924,93010,111350,204360,109732,127700,237432,92509,110321,202830,67048,82422,149470,47819,57055,104874,25599,31708,57307,9393,16514,25907,1805,5510,7315,559433,656540,1215973
2021-08-07,47351,44243,91594,65220,69782,135002,93060,111428,204488,109800,127756,237556,92575,110396,202971,67101,82474,149575,47838,57090,104928,25608,31720,57328,9394,16519,25913,1805,5510,7315,559752,656918,1216670
2021-08-08,47351,44243,91594,65220,69782,135002,93060,111428,204488,109800,127756,237556,92575,110396,202971,67101,82474,149575,47838,57090,104928,25608,31720,57328,9394,16519,25913,1805,5510,7315,559752,656918,1216670
