FECHA,<=30M,<=30F,<=30,31-40M,31-40F,31-40,41-50M,41-50F,41-50,51-60M,51-60F,51-60,61-70M,61-70F,61-70,71-80M,71-80F,71-80,81-90M,81-90F,81-90,>=91M,>=91F,>=91,TotalM,TotalF,Total
2020-03-15,1,1,2,1,0,1,0,0,0,0,0,0,0,1,1,0,0,0,0,0,0,0,0,0,2,2,4
2020-03-16,4,3,7,4,0,4,1,0,1,0,1,1,1,1,2,0,0,0,0,0,0,0,0,0,10,5,15
2020-03-17,6,4,10,6,1,7,2,0,2,1,3,4,1,3,4,2,0,2,0,0,0,0,0,0,18,11,29
2020-03-18,8,6,14,8,4,12,3,1,4,2,3,5,1,4,5,2,0,2,0,0,0,0,0,0,24,18,42
2020-03-19,11,6,17,12,4,16,5,2,7,3,3,6,1,5,6,4,1,5,0,0,0,0,0,0,36,21,57
2020-03-20,16,6,22,15,4,19,6,2,8,5,3,8,2,6,8,4,3,7,0,1,1,0,0,0,48,25,73
2020-03-21,22,9,31,15,7,22,8,3,11,8,6,14,5,7,12,6,3,9,0,1,1,0,0,0,64,36,100
2020-03-22,24,11,35,20,7,27,12,3,15,10,10,20,7,7,14,9,4,13,0,1,1,0,0,0,82,43,125
2020-03-23,28,13,41,24,9,33,14,4,18,15,12,27,7,9,16,12,6,18,1,1,2,0,0,0,101,54,155
2020-03-24,31,18,49,33,10,43,16,5,21,17,13,30,8,9,17,13,7,20,2,1,3,0,0,0,120,63,183
2020-03-25,39,23,62,34,12,46,20,5,25,19,13,32,10,9,19,14,7,21,3,3,6,0,1,1,139,73,212
2020-03-26,40,25,65,36,13,49,22,5,27,21,17,38,13,12,25,15,8,23,4,3,7,0,1,1,151,84,235
2020-03-27,41,27,68,40,13,53,23,8,31,22,18,40,15,14,29,15,10,25,4,3,7,0,1,1,160,94,254
2020-03-28,42,28,70,41,16,57,25,9,34,23,20,43,16,15,31,16,11,27,6,3,9,0,1,1,169,103,272
2020-03-29,45,31,76,47,19,66,25,9,34,24,24,48,20,19,39,17,13,30,6,3,9,1,1,2,185,119,304
2020-03-30,50,35,85,48,21,69,28,11,39,27,24,51,23,22,45,21,14,35,6,3,9,1,2,3,204,132,336
2020-03-31,53,40,93,50,21,71,31,12,43,32,24,56,25,23,48,24,18,42,6,5,11,1,3,4,222,146,368
2020-04-01,56,45,101,53,27,80,34,14,48,34,28,62,29,25,54,24,19,43,6,6,12,1,3,4,237,167,404
2020-04-02,57,47,104,56,30,86,36,15,51,36,31,67,33,25,58,30,22,52,6,9,15,2,6,8,256,185,441
2020-04-03,60,49,109,57,31,88,39,16,55,36,35,71,34,28,62,32,22,54,6,10,16,2,7,9,266,198,464
2020-04-04,62,53,115,58,31,89,39,18,57,38,35,73,35,30,65,32,22,54,6,11,17,3,7,10,273,207,480
2020-04-05,63,55,118,60,32,92,39,22,61,38,36,74,36,30,66,34,23,57,7,11,18,3,7,10,280,216,496
2020-04-06,64,58,122,63,35,98,40,23,63,39,40,79,39,32,71,36,25,61,7,12,19,3,7,10,291,232,523
2020-04-07,66,59,125,64,40,104,41,23,64,41,42,83,40,32,72,37,27,64,8,12,20,5,7,12,302,242,544
2020-04-08,69,61,130,65,46,111,42,25,67,43,42,85,41,32,73,39,28,67,8,12,20,5,7,12,312,253,565
2020-04-09,70,62,132,70,46,116,42,26,68,44,42,86,41,33,74,39,28,67,8,12,20,5,7,12,319,256,575
2020-04-10,70,63,133,74,49,123,42,26,68,45,42,87,41,33,74,39,28,67,8,12,20,5,7,12,324,260,584
2020-04-11,70,64,134,75,50,125,42,28,70,46,42,88,41,33,74,39,28,67,10,13,23,5,7,12,328,265,593
2020-04-12,71,64,135,78,54,132,42,28,70,46,44,90,41,33,74,39,29,68,11,14,25,5,7,12,333,273,606
2020-04-13,74,65,139,80,57,137,45,29,74,46,47,93,41,35,76,40,30,70,11,14,25,5,7,12,342,284,626
2020-04-14,77,67,144,84,58,142,46,31,77,48,48,96,44,36,80,42,31,73,11,14,25,5,8,13,357,293,650
2020-04-15,77,68,145,86,60,146,48,32,80,48,49,97,44,36,80,42,31,73,11,15,26,5,8,13,361,299,660
2020-04-16,77,70,147,90,62,152,49,32,81,51,51,102,45,36,81,45,32,77,11,21,32,6,9,15,374,313,687
2020-04-17,79,72,151,92,66,158,50,33,83,52,52,104,46,37,83,45,33,78,13,25,38,6,10,16,383,328,711
2020-04-18,80,74,154,92,66,158,52,35,87,53,53,106,48,38,86,46,34,80,14,30,44,6,13,19,391,343,734
2020-04-19,83,75,158,96,69,165,52,39,91,54,53,107,48,40,88,47,36,83,15,32,47,6,16,22,401,360,761
2020-04-20,83,77,160,98,70,168,54,40,94,57,56,113,49,40,89,47,39,86,18,33,51,7,17,24,413,372,785
2020-04-21,83,86,169,99,74,173,55,44,99,58,58,116,51,41,92,47,42,89,21,35,56,8,22,30,422,402,824
2020-04-22,92,94,186,103,79,182,58,48,106,60,62,122,53,42,95,49,49,98,24,41,65,13,28,41,452,443,895
2020-04-23,107,102,209,106,84,190,61,52,113,61,62,123,56,46,102,51,52,103,32,42,74,13,31,44,487,471,958
2020-04-24,113,111,224,113,89,202,64,54,118,63,68,131,59,47,106,51,52,103,34,45,79,13,31,44,510,497,1007
2020-04-25,118,116,234,116,92,208,67,60,127,65,68,133,60,48,108,51,52,103,35,47,82,13,31,44,525,514,1039
2020-04-26,121,122,243,119,95,214,68,61,129,65,68,133,60,48,108,51,53,104,36,48,84,13,31,44,533,526,1059
2020-04-27,128,135,263,124,103,227,75,67,142,67,70,137,63,48,111,53,54,107,39,50,89,13,32,45,562,559,1121
2020-04-28,131,139,270,132,105,237,76,70,146,71,70,141,65,49,114,56,54,110,40,55,95,13,34,47,584,576,1160
2020-04-29,137,146,283,137,106,243,79,75,154,72,72,144,66,50,116,58,55,113,40,58,98,13,34,47,602,596,1198
2020-04-30,142,152,294,145,111,256,83,78,161,76,73,149,67,50,117,59,55,114,40,58,98,13,34,47,625,611,1236
2020-05-01,155,164,319,147,116,263,85,81,166,80,75,155,68,51,119,59,55,114,40,59,99,14,34,48,648,635,1283
2020-05-02,168,179,347,151,121,272,87,82,169,80,76,156,68,51,119,60,55,115,40,60,100,14,34,48,668,658,1326
2020-05-03,178,188,366,153,129,282,89,83,172,83,76,159,69,53,122,60,55,115,41,61,102,14,34,48,687,679,1366
2020-05-04,190,203,393,162,137,299,92,90,182,86,77,163,71,53,124,60,55,115,42,64,106,14,34,48,717,713,1430
2020-05-05,207,229,436,178,146,324,99,105,204,92,81,173,72,57,129,62,58,120,48,75,123,15,40,55,773,791,1564
2020-05-06,221,248,469,189,159,348,106,110,216,95,81,176,75,58,133,63,60,123,49,76,125,16,41,57,814,833,1647
2020-05-07,244,278,522,202,170,372,114,116,230,101,85,186,76,62,138,63,61,124,52,77,129,16,43,59,868,892,1760
2020-05-08,283,318,601,216,189,405,130,128,258,107,87,194,82,65,147,66,61,127,53,81,134,17,43,60,954,972,1926
2020-05-09,297,337,634,231,206,437,144,133,277,114,93,207,86,67,153,67,63,130,53,81,134,18,43,61,1010,1023,2033
2020-05-10,323,358,681,262,221,483,176,136,312,139,100,239,89,71,160,68,64,132,53,81,134,18,43,61,1128,1074,2202
2020-05-11,348,385,733,281,239,520,185,148,333,143,102,245,93,74,167,69,65,134,54,84,138,18,44,62,1191,1141,2332
2020-05-12,393,447,840,306,259,565,198,164,362,155,110,265,100,77,177,72,71,143,54,85,139,21,46,67,1299,1259,2558
2020-05-13,437,481,918,325,277,602,217,179,396,164,120,284,107,85,192,73,72,145,54,87,141,21,49,70,1398,1350,2748
2020-05-14,502,556,1058,343,299,642,235,194,429,178,133,311,112,89,201,74,73,147,54,88,142,21,49,70,1519,1481,3000
2020-05-15,544,612,1156,361,322,683,254,210,464,188,144,332,114,92,206,76,76,152,54,89,143,22,50,72,1613,1595,3208
2020-05-16,589,663,1252,376,341,717,278,228,506,198,154,352,118,95,213,78,79,157,56,91,147,22,54,76,1715,1705,3420
2020-05-17,650,707,1357,406,359,765,292,241,533,212,166,378,120,102,222,80,80,160,60,96,156,22,55,77,1842,1806,3648
2020-05-18,743,797,1540,437,404,841,317,261,578,228,189,417,129,108,237,88,85,173,63,102,165,23,57,80,2028,2003,4031
2020-05-19,831,889,1720,479,438,917,336,283,619,243,198,441,135,116,251,89,87,176,65,107,172,24,59,83,2202,2177,4379
2020-05-20,911,978,1889,508,473,981,363,307,670,267,217,484,144,123,267,91,93,184,67,112,179,24,60,84,2375,2363,4738
2020-05-21,994,1065,2059,557,507,1064,390,336,726,288,231,519,155,124,279,97,98,195,69,114,183,24,63,87,2574,2538,5112
2020-05-22,1062,1143,2205,592,538,1130,423,370,793,305,244,549,166,133,299,97,102,199,70,114,184,25,64,89,2740,2708,5448
2020-05-23,1137,1234,2371,619,565,1184,457,392,849,321,264,585,172,138,310,99,104,203,72,124,196,25,66,91,2902,2887,5789
2020-05-24,1192,1293,2485,643,594,1237,489,410,899,337,276,613,176,140,316,100,108,208,75,125,200,26,67,93,3038,3013,6051
2020-05-25,1264,1360,2624,667,628,1295,516,429,945,349,289,638,182,149,331,105,119,224,76,132,208,27,68,95,3186,3174,6360
2020-05-26,1354,1455,2809,716,665,1381,545,460,1005,377,314,691,192,155,347,107,125,232,77,138,215,29,75,104,3397,3387,6784
2020-05-27,1453,1552,3005,766,706,1472,576,494,1070,402,331,733,198,164,362,115,133,248,80,143,223,29,77,106,3619,3600,7219
2020-05-28,1559,1653,3212,808,741,1549,606,535,1141,422,351,773,210,175,385,120,145,265,93,165,258,33,91,124,3851,3856,7707
2020-05-29,1641,1772,3413,857,773,1630,627,566,1193,440,368,808,221,185,406,130,156,286,96,176,272,33,97,130,4045,4093,8138
2020-05-30,1709,1853,3562,886,808,1694,642,581,1223,455,377,832,227,191,418,133,161,294,98,179,277,34,98,132,4184,4248,8432
2020-05-31,1759,1912,3671,906,836,1742,664,608,1272,470,393,863,232,195,427,140,166,306,105,181,286,36,98,134,4312,4389,8701
2020-06-01,1838,1997,3835,947,873,1820,704,642,1346,487,419,906,237,205,442,147,174,321,111,188,299,37,98,135,4508,4596,9104
2020-06-02,1949,2094,4043,986,919,1905,733,668,1401,504,440,944,259,216,475,158,178,336,113,208,321,41,107,148,4743,4830,9573
2020-06-03,2027,2195,4222,1037,960,1997,764,698,1462,530,464,994,273,231,504,167,191,358,116,216,332,44,110,154,4958,5065,10023
2020-06-04,2113,2313,4426,1075,1007,2082,787,726,1513,557,485,1042,284,236,520,172,197,369,116,221,337,47,118,165,5151,5303,10454
2020-06-05,2233,2424,4657,1125,1058,2183,820,757,1577,579,506,1085,298,249,547,178,210,388,121,228,349,47,121,168,5401,5553,10954
2020-06-06,2309,2514,4823,1179,1091,2270,847,794,1641,597,523,1120,305,257,562,184,218,402,123,241,364,49,129,178,5593,5767,11360
2020-06-07,2382,2593,4975,1211,1118,2329,878,819,1697,612,535,1147,310,266,576,187,225,412,126,257,383,49,134,183,5755,5947,11702
2020-06-08,2500,2733,5233,1277,1174,2451,918,864,1782,659,564,1223,328,277,605,201,238,439,137,268,405,50,141,191,6070,6259,12329
2020-06-09,2610,2851,5461,1342,1248,2590,972,909,1881,694,603,1297,345,292,637,219,248,467,144,281,425,50,148,198,6376,6580,12956
2020-06-10,2712,2967,5679,1403,1315,2718,1029,947,1976,718,632,1350,361,308,669,236,264,500,151,312,463,51,164,215,6661,6909,13570
2020-06-11,2862,3127,5989,1473,1366,2839,1079,999,2078,759,656,1415,378,326,704,249,275,524,157,323,480,51,170,221,7008,7242,14250
2020-06-12,3003,3288,6291,1534,1425,2959,1137,1051,2188,795,680,1475,396,348,744,263,286,549,161,327,488,52,175,227,7341,7580,14921
2020-06-13,3117,3408,6525,1584,1474,3058,1171,1096,2267,822,704,1526,413,360,773,273,300,573,165,343,508,55,185,240,7600,7870,15470
2020-06-14,3190,3496,6686,1628,1511,3139,1197,1120,2317,843,724,1567,425,371,796,278,310,588,169,358,527,55,191,246,7785,8081,15866
2020-06-15,3306,3589,6895,1670,1564,3234,1239,1145,2384,860,742,1602,437,380,817,284,318,602,173,366,539,59,193,252,8028,8297,16325
2020-06-16,3451,3738,7189,1758,1634,3392,1301,1192,2493,899,783,1682,463,400,863,300,330,630,177,380,557,60,198,258,8409,8655,17064
2020-06-17,3618,3904,7522,1854,1721,3575,1367,1267,2634,961,832,1793,490,428,918,331,343,674,184,406,590,61,207,268,8866,9108,17974
2020-06-18,3799,4078,7877,1951,1814,3765,1452,1342,2794,1017,883,1900,515,444,959,343,356,699,191,421,612,62,213,275,9330,9551,18881
2020-06-19,3960,4254,8214,2050,1899,3949,1515,1392,2907,1055,926,1981,546,473,1019,369,378,747,208,442,650,63,232,295,9766,9996,19762
2020-06-20,4102,4417,8519,2127,1961,4088,1567,1454,3021,1099,960,2059,563,492,1055,385,394,779,215,454,669,68,240,308,10126,10372,20498
2020-06-21,4215,4536,8751,2196,2015,4211,1602,1499,3101,1132,985,2117,582,500,1082,396,405,801,222,469,691,69,251,320,10414,10660,21074
2020-06-22,4417,4718,9135,2308,2098,4406,1685,1559,3244,1215,1038,2253,629,534,1163,418,435,853,242,487,729,72,261,333,10986,11130,22116
2020-06-23,4604,4912,9516,2393,2184,4577,1766,1633,3399,1287,1087,2374,651,558,1209,432,451,883,257,519,776,75,266,341,11465,11610,23075
2020-06-24,4787,5087,9874,2487,2270,4757,1846,1715,3561,1339,1134,2473,679,581,1260,451,460,911,266,535,801,78,279,357,11933,12061,23994
2020-06-25,4972,5284,10256,2596,2359,4955,1903,1781,3684,1389,1177,2566,706,599,1305,461,476,937,275,560,835,80,291,371,12382,12527,24909
2020-06-26,5162,5479,10641,2698,2456,5154,1971,1863,3834,1445,1221,2666,737,621,1358,474,493,967,285,584,869,82,301,383,12854,13018,25872
2020-06-27,5324,5632,10956,2762,2542,5304,2019,1915,3934,1486,1252,2738,766,641,1407,483,504,987,292,600,892,84,306,390,13216,13392,26608
2020-06-28,5469,5750,11219,2822,2592,5414,2086,1959,4045,1520,1290,2810,783,654,1437,490,515,1005,301,615,916,86,312,398,13557,13687,27244
2020-06-29,5642,5919,11561,2934,2669,5603,2167,2038,4205,1574,1340,2914,812,674,1486,506,532,1038,321,642,963,87,323,410,14043,14137,28180
2020-06-30,5816,6078,11894,3017,2763,5780,2243,2105,4348,1631,1384,3015,840,702,1542,530,553,1083,336,665,1001,91,338,429,14504,14588,29092
2020-07-01,5980,6248,12228,3118,2847,5965,2300,2157,4457,1686,1428,3114,875,733,1608,549,567,1116,355,683,1038,93,347,440,14956,15010,29966
2020-07-02,6153,6446,12599,3202,2950,6152,2396,2235,4631,1733,1472,3205,924,757,1681,569,590,1159,363,700,1063,95,354,449,15435,15504,30939
2020-07-03,6358,6636,12994,3316,3038,6354,2472,2309,4781,1801,1521,3322,957,787,1744,589,615,1204,370,727,1097,97,368,465,15960,16001,31961
2020-07-04,6484,6791,13275,3403,3114,6517,2545,2362,4907,1847,1566,3413,991,816,1807,610,650,1260,376,775,1151,99,389,488,16355,16463,32818
2020-07-05,6595,6912,13507,3470,3173,6643,2603,2416,5019,1898,1609,3507,1024,841,1865,632,685,1317,392,808,1200,101,400,501,16715,16844,33559
2020-07-06,6768,7080,13848,3592,3280,6872,2703,2494,5197,1968,1668,3636,1076,879,1955,655,716,1371,404,858,1262,109,417,526,17275,17392,34667
2020-07-07,6953,7258,14211,3715,3378,7093,2788,2579,5367,2034,1717,3751,1109,906,2015,689,742,1431,418,884,1302,112,426,538,17818,17890,35708
2020-07-08,7132,7451,14583,3847,3496,7343,2872,2662,5534,2096,1796,3892,1159,937,2096,716,780,1496,437,924,1361,118,452,570,18377,18498,36875
2020-07-09,7278,7601,14879,3931,3605,7536,2950,2719,5669,2147,1828,3975,1197,982,2179,744,802,1546,454,967,1421,121,462,583,18822,18966,37788
2020-07-10,7426,7764,15190,4018,3692,7710,3024,2783,5807,2207,1888,4095,1242,1015,2257,764,821,1585,473,989,1462,123,474,597,19277,19426,38703
2020-07-11,7545,7905,15450,4104,3781,7885,3099,2845,5944,2266,1935,4201,1282,1037,2319,783,846,1629,480,1014,1494,127,485,612,19686,19848,39534
2020-07-12,7666,8013,15679,4170,3850,8020,3161,2883,6044,2318,1971,4289,1307,1063,2370,802,863,1665,498,1043,1541,129,499,628,20051,20185,40236
2020-07-13,7868,8217,16085,4306,3974,8280,3266,2978,6244,2402,2042,4444,1345,1094,2439,828,897,1725,517,1086,1603,136,522,658,20668,20810,41478
2020-07-14,8061,8401,16462,4435,4087,8522,3350,3068,6418,2469,2106,4575,1391,1132,2523,853,921,1774,529,1122,1651,143,537,680,21231,21374,42605
2020-07-15,8244,8590,16834,4556,4214,8770,3437,3175,6612,2546,2156,4702,1436,1166,2602,886,949,1835,542,1156,1698,148,561,709,21795,21967,43762
2020-07-16,8442,8784,17226,4698,4341,9039,3533,3263,6796,2619,2229,4848,1478,1202,2680,913,980,1893,562,1206,1768,156,594,750,22401,22599,45000
2020-07-17,8621,9006,17627,4814,4453,9267,3614,3349,6963,2690,2294,4984,1521,1234,2755,936,1009,1945,583,1255,1838,161,623,784,22940,23223,46163
2020-07-18,8804,9176,17980,4927,4559,9486,3700,3447,7147,2761,2347,5108,1555,1268,2823,964,1045,2009,593,1285,1878,165,636,801,23469,23763,47232
2020-07-19,8954,9337,18291,5021,4653,9674,3774,3521,7295,2821,2400,5221,1602,1295,2897,981,1073,2054,609,1320,1929,173,650,823,23935,24249,48184
2020-07-20,9167,9562,18729,5169,4793,9962,3895,3623,7518,2887,2483,5370,1666,1343,3009,1008,1111,2119,631,1351,1982,175,662,837,24598,24928,49526
2020-07-21,9381,9789,19170,5320,4951,10271,4018,3748,7766,2984,2572,5556,1724,1373,3097,1036,1139,2175,649,1389,2038,177,685,862,25289,25646,50935
2020-07-22,9605,10000,19605,5463,5081,10544,4130,3837,7967,3076,2639,5715,1778,1417,3195,1079,1172,2251,665,1418,2083,181,704,885,25977,26268,52245
2020-07-23,9809,10232,20041,5585,5194,10779,4226,3930,8156,3164,2697,5861,1818,1452,3270,1105,1196,2301,686,1447,2133,184,713,897,26577,26861,53438
2020-07-24,10045,10447,20492,5731,5325,11056,4326,4039,8365,3257,2761,6018,1856,1494,3350,1121,1217,2338,702,1491,2193,189,730,919,27227,27504,54731
2020-07-25,10194,10587,20781,5836,5426,11262,4424,4109,8533,3302,2813,6115,1891,1523,3414,1138,1242,2380,714,1513,2227,197,745,942,27696,27958,55654
2020-07-26,10312,10731,21043,5906,5512,11418,4482,4174,8656,3341,2855,6196,1926,1544,3470,1164,1265,2429,733,1549,2282,201,757,958,28065,28387,56452
2020-07-27,10514,10909,21423,6049,5646,11695,4568,4276,8844,3429,2934,6363,1964,1585,3549,1187,1290,2477,754,1577,2331,206,772,978,28671,28989,57660
2020-07-28,10724,11106,21830,6197,5779,11976,4662,4375,9037,3512,2984,6496,2001,1629,3630,1218,1317,2535,773,1610,2383,207,791,998,29294,29591,58885
2020-07-29,10917,11313,22230,6314,5899,12213,4761,4483,9244,3571,3054,6625,2049,1653,3702,1247,1345,2592,797,1646,2443,213,808,1021,29869,30201,60070
2020-07-30,11129,11507,22636,6455,6021,12476,4864,4582,9446,3633,3121,6754,2086,1679,3765,1267,1390,2657,814,1691,2505,217,835,1052,30465,30826,61291
2020-07-31,11331,11715,23046,6561,6139,12700,4976,4667,9643,3701,3194,6895,2138,1699,3837,1294,1424,2718,827,1728,2555,221,861,1082,31049,31427,62476
2020-08-01,11486,11926,23412,6676,6256,12932,5093,4756,9849,3763,3245,7008,2169,1729,3898,1310,1448,2758,840,1757,2597,225,871,1096,31562,31988,63550
2020-08-02,11631,12067,23698,6772,6343,13115,5174,4836,10010,3821,3289,7110,2207,1769,3976,1344,1474,2818,861,1804,2665,228,896,1124,32038,32478,64516
2020-08-03,11886,12313,24199,6939,6494,13433,5316,4969,10285,3907,3384,7291,2267,1821,4088,1377,1514,2891,881,1864,2745,231,931,1162,32804,33290,66094
2020-08-04,12104,12542,24646,7098,6643,13741,5448,5107,10555,3996,3470,7466,2333,1863,4196,1416,1557,2973,905,1934,2839,236,961,1197,33536,34077,67613
2020-08-05,12354,12767,25121,7263,6778,14041,5564,5226,10790,4085,3540,7625,2413,1919,4332,1451,1604,3055,931,2012,2943,241,1005,1246,34302,34851,69153
2020-08-06,12577,12974,25551,7384,6902,14286,5675,5319,10994,4157,3626,7783,2452,1962,4414,1471,1630,3101,946,2048,2994,248,1025,1273,34910,35486,70396
2020-08-07,12767,13170,25937,7491,7021,14512,5781,5411,11192,4229,3700,7929,2492,2012,4504,1503,1658,3161,964,2079,3043,253,1037,1290,35480,36088,71568
2020-08-08,12911,13329,26240,7584,7120,14704,5849,5492,11341,4290,3765,8055,2521,2046,4567,1522,1687,3209,975,2124,3099,256,1059,1315,35908,36622,72530
2020-08-09,13041,13470,26511,7661,7189,14850,5909,5561,11470,4355,3811,8166,2564,2082,4646,1540,1700,3240,987,2145,3132,260,1064,1324,36317,37022,73339
2020-08-10,13230,13674,26904,7809,7337,15146,6016,5674,11690,4449,3883,8332,2600,2131,4731,1565,1726,3291,1002,2186,3188,264,1088,1352,36935,37699,74634
2020-08-11,13379,13854,27233,7945,7451,15396,6143,5765,11908,4528,3953,8481,2644,2164,4808,1594,1757,3351,1016,2236,3252,269,1108,1377,37518,38288,75806
2020-08-12,13566,14034,27600,8064,7573,15637,6241,5871,12112,4614,4029,8643,2688,2210,4898,1617,1779,3396,1024,2258,3282,275,1114,1389,38089,38868,76957
2020-08-13,13746,14215,27961,8170,7691,15861,6326,5969,12295,4679,4084,8763,2742,2236,4978,1637,1804,3441,1035,2277,3312,277,1119,1396,38612,39395,78007
2020-08-14,13917,14405,28322,8293,7799,16092,6411,6053,12464,4745,4137,8882,2785,2276,5061,1660,1822,3482,1051,2306,3357,280,1132,1412,39142,39930,79072
2020-08-15,14065,14566,28631,8400,7897,16297,6476,6132,12608,4804,4191,8995,2822,2318,5140,1690,1861,3551,1069,2367,3436,283,1161,1444,39609,40493,80102
2020-08-16,14203,14666,28869,8465,7965,16430,6544,6187,12731,4845,4229,9074,2851,2342,5193,1713,1879,3592,1080,2384,3464,286,1175,1461,39987,40827,80814
2020-08-17,14362,14844,29206,8576,8086,16662,6627,6263,12890,4917,4278,9195,2891,2371,5262,1741,1893,3634,1087,2406,3493,287,1182,1469,40488,41323,81811
2020-08-18,14567,15034,29601,8743,8209,16952,6743,6359,13102,5007,4372,9379,2933,2414,5347,1766,1923,3689,1101,2455,3556,292,1214,1506,41152,41980,83132
2020-08-19,14798,15240,30038,8895,8339,17234,6857,6481,13338,5089,4461,9550,2986,2456,5442,1788,1955,3743,1116,2490,3606,299,1235,1534,41828,42657,84485
2020-08-20,15003,15435,30438,9038,8461,17499,6965,6557,13522,5160,4524,9684,3045,2495,5540,1813,1983,3796,1135,2525,3660,303,1256,1559,42462,43236,85698
2020-08-21,15205,15637,30842,9183,8594,17777,7055,6664,13719,5240,4599,9839,3091,2528,5619,1835,2007,3842,1151,2546,3697,305,1265,1570,43065,43840,86905
2020-08-22,15381,15803,31184,9278,8710,17988,7141,6738,13879,5294,4659,9953,3133,2561,5694,1862,2031,3893,1161,2564,3725,306,1268,1574,43556,44334,87890
2020-08-23,15535,15972,31507,9360,8790,18150,7213,6816,14029,5354,4713,10067,3170,2602,5772,1884,2047,3931,1181,2589,3770,310,1277,1587,44007,44806,88813
2020-08-24,15771,16182,31953,9516,8929,18445,7342,6946,14288,5443,4802,10245,3227,2659,5886,1913,2075,3988,1195,2602,3797,313,1286,1599,44720,45481,90201
2020-08-25,15995,16413,32408,9683,9104,18787,7457,7073,14530,5545,4900,10445,3291,2707,5998,1955,2113,4068,1215,2642,3857,316,1302,1618,45457,46254,91711
2020-08-26,16245,16659,32904,9852,9249,19101,7624,7206,14830,5655,4978,10633,3348,2758,6106,1991,2158,4149,1234,2685,3919,317,1322,1639,46266,47015,93281
2020-08-27,16490,16941,33431,10029,9409,19438,7747,7344,15091,5752,5063,10815,3401,2812,6213,2021,2180,4201,1249,2732,3981,323,1342,1665,47012,47823,94835
2020-08-28,16713,17175,33888,10174,9552,19726,7857,7445,15302,5855,5154,11009,3456,2868,6324,2054,2210,4264,1262,2761,4023,323,1353,1676,47694,48518,96212
2020-08-29,16871,17333,34204,10278,9679,19957,7949,7539,15488,5923,5220,11143,3501,2914,6415,2072,2238,4310,1277,2781,4058,325,1358,1683,48196,49062,97258
2020-08-30,16996,17467,34463,10360,9765,20125,8021,7623,15644,5990,5274,11264,3543,2946,6489,2097,2256,4353,1287,2808,4095,327,1364,1691,48621,49503,98124
2020-08-31,17211,17679,34890,10514,9931,20445,8160,7730,15890,6077,5354,11431,3599,2990,6589,2127,2307,4434,1304,2867,4171,335,1382,1717,49327,50240,99567
2020-09-01,17403,17885,35288,10678,10063,20741,8301,7856,16157,6155,5422,11577,3656,3043,6699,2153,2341,4494,1322,2908,4230,339,1403,1742,50007,50921,100928
2020-09-02,17568,18053,35621,10802,10188,20990,8403,7949,16352,6222,5488,11710,3702,3083,6785,2173,2368,4541,1340,2927,4267,340,1406,1746,50550,51462,102012
2020-09-03,17744,18222,35966,10933,10315,21248,8511,8049,16560,6300,5551,11851,3752,3122,6874,2200,2401,4601,1356,2948,4304,343,1413,1756,51139,52021,103160
2020-09-04,17953,18408,36361,11053,10444,21497,8611,8164,16775,6374,5626,12000,3795,3157,6952,2219,2431,4650,1363,2964,4327,347,1426,1773,51715,52620,104335
2020-09-05,18087,18562,36649,11158,10548,21706,8716,8264,16980,6432,5684,12116,3827,3195,7022,2250,2458,4708,1373,2993,4366,348,1437,1785,52191,53141,105332
2020-09-06,18204,18675,36879,11220,10613,21833,8780,8322,17102,6480,5733,12213,3863,3226,7089,2272,2484,4756,1383,3007,4390,351,1443,1794,52553,53503,106056
2020-09-07,18389,18865,37254,11347,10733,22080,8880,8438,17318,6573,5812,12385,3918,3271,7189,2315,2522,4837,1407,3045,4452,353,1466,1819,53182,54152,107334
2020-09-08,18578,19052,37630,11489,10876,22365,9008,8559,17567,6657,5894,12551,3965,3313,7278,2349,2550,4899,1424,3083,4507,357,1476,1833,53827,54803,108630
2020-09-09,18787,19258,38045,11633,11012,22645,9115,8659,17774,6728,5963,12691,4030,3356,7386,2381,2581,4962,1433,3104,4537,361,1491,1852,54468,55424,109892
2020-09-10,18954,19442,38396,11752,11121,22873,9226,8761,17987,6816,6027,12843,4087,3391,7478,2412,2620,5032,1444,3152,4596,365,1520,1885,55056,56034,111090
2020-09-11,19124,19649,38773,11875,11228,23103,9347,8869,18216,6892,6111,13003,4120,3423,7543,2447,2652,5099,1456,3172,4628,366,1524,1890,55627,56628,112255
2020-09-12,19242,19778,39020,11953,11317,23270,9416,8955,18371,6944,6167,13111,4155,3460,7615,2461,2671,5132,1467,3199,4666,367,1540,1907,56005,57087,113092
2020-09-13,19351,19907,39258,12031,11389,23420,9480,9028,18508,6985,6203,13188,4193,3499,7692,2490,2691,5181,1473,3219,4692,369,1542,1911,56372,57478,113850
2020-09-14,19515,20070,39585,12148,11509,23657,9566,9109,18675,7054,6285,13339,4234,3536,7770,2522,2717,5239,1480,3241,4721,373,1549,1922,56892,58016,114908
2020-09-15,19665,20222,39887,12244,11609,23853,9646,9209,18855,7142,6353,13495,4287,3575,7862,2540,2743,5283,1495,3265,4760,375,1559,1934,57394,58535,115929
2020-09-16,19832,20378,40210,12345,11720,24065,9755,9287,19042,7213,6421,13634,4319,3608,7927,2559,2780,5339,1504,3292,4796,378,1573,1951,57905,59059,116964
2020-09-17,19982,20530,40512,12423,11824,24247,9835,9369,19204,7265,6474,13739,4368,3633,8001,2579,2801,5380,1518,3301,4819,380,1580,1960,58350,59512,117862
2020-09-18,20144,20723,40867,12521,11934,24455,9905,9445,19350,7319,6518,13837,4408,3661,8069,2596,2834,5430,1530,3319,4849,380,1588,1968,58803,60022,118825
2020-09-19,20245,20829,41074,12597,12023,24620,9976,9489,19465,7361,6561,13922,4448,3689,8137,2608,2853,5461,1534,3334,4868,381,1594,1975,59150,60372,119522
2020-09-20,20334,20916,41250,12646,12091,24737,10014,9531,19545,7385,6586,13971,4476,3724,8200,2625,2878,5503,1540,3343,4883,381,1600,1981,59401,60669,120070
2020-09-21,20484,21045,41529,12741,12158,24899,10102,9588,19690,7428,6635,14063,4516,3758,8274,2651,2910,5561,1551,3360,4911,381,1604,1985,59854,61058,120912
2020-09-22,20647,21185,41832,12840,12260,25100,10169,9669,19838,7488,6686,14174,4554,3799,8353,2670,2931,5601,1568,3390,4958,384,1615,1999,60320,61535,121855
2020-09-23,20797,21340,42137,12928,12347,25275,10241,9762,20003,7548,6740,14288,4588,3835,8423,2694,2957,5651,1576,3403,4979,388,1619,2007,60760,62003,122763
2020-09-24,20955,21498,42453,13019,12458,25477,10307,9829,20136,7619,6791,14410,4639,3871,8510,2717,2973,5690,1594,3426,5020,390,1623,2013,61240,62469,123709
2020-09-25,21104,21639,42743,13096,12564,25660,10396,9912,20308,7686,6860,14546,4682,3906,8588,2751,3008,5759,1603,3441,5044,393,1637,2030,61711,62967,124678
2020-09-26,21205,21739,42944,13155,12624,25779,10463,9965,20428,7724,6911,14635,4705,3935,8640,2770,3029,5799,1613,3456,5069,394,1644,2038,62029,63303,125332
2020-09-27,21325,21836,43161,13227,12688,25915,10527,10011,20538,7764,6953,14717,4729,3949,8678,2792,3042,5834,1619,3467,5086,397,1646,2043,62380,63592,125972
2020-09-28,21465,21993,43458,13328,12785,26113,10600,10083,20683,7821,7012,14833,4780,3988,8768,2811,3074,5885,1637,3487,5124,399,1652,2051,62841,64074,126915
2020-09-29,21640,22132,43772,13425,12872,26297,10684,10157,20841,7878,7072,14950,4821,4036,8857,2838,3109,5947,1645,3508,5153,399,1662,2061,63330,64548,127878
2020-09-30,21795,22302,44097,13520,12967,26487,10761,10236,20997,7937,7135,15072,4869,4066,8935,2865,3122,5987,1658,3529,5187,402,1666,2068,63807,65023,128830
2020-10-01,21939,22458,44397,13607,13058,26665,10827,10300,21127,7993,7199,15192,4901,4109,9010,2877,3146,6023,1667,3546,5213,404,1674,2078,64215,65490,129705
2020-10-02,22095,22595,44690,13682,13149,26831,10889,10380,21269,8051,7271,15322,4937,4151,9088,2897,3170,6067,1683,3565,5248,407,1685,2092,64641,65966,130607
2020-10-03,22199,22684,44883,13744,13194,26938,10934,10439,21373,8092,7323,15415,4963,4163,9126,2908,3178,6086,1688,3577,5265,408,1689,2097,64936,66247,131183
2020-10-04,22278,22765,45043,13793,13250,27043,10973,10473,21446,8123,7354,15477,4980,4187,9167,2923,3185,6108,1694,3586,5280,408,1695,2103,65172,66495,131667
2020-10-05,22398,22911,45309,13886,13327,27213,11038,10530,21568,8175,7410,15585,5027,4223,9250,2945,3207,6152,1701,3601,5302,409,1701,2110,65579,66910,132489
2020-10-06,22549,23073,45622,13987,13418,27405,11119,10599,21718,8238,7473,15711,5064,4252,9316,2962,3226,6188,1713,3617,5330,411,1706,2117,66043,67364,133407
2020-10-07,22692,23213,45905,14055,13504,27559,11202,10674,21876,8295,7527,15822,5091,4273,9364,2975,3247,6222,1723,3639,5362,411,1714,2125,66444,67791,134235
2020-10-08,22828,23355,46183,14141,13585,27726,11254,10751,22005,8344,7582,15926,5119,4303,9422,2991,3275,6266,1735,3673,5408,413,1728,2141,66825,68252,135077
2020-10-09,22940,23508,46448,14236,13683,27919,11317,10819,22136,8399,7640,16039,5145,4338,9483,3008,3300,6308,1751,3705,5456,415,1741,2156,67211,68734,135945
2020-10-10,23025,23606,46631,14294,13748,28042,11379,10870,22249,8440,7694,16134,5172,4364,9536,3025,3316,6341,1755,3716,5471,416,1742,2158,67506,69056,136562
2020-10-11,23095,23692,46787,14334,13806,28140,11421,10901,22322,8471,7728,16199,5185,4385,9570,3039,3330,6369,1764,3733,5497,417,1749,2166,67726,69324,137050
2020-10-12,23209,23788,46997,14402,13866,28268,11474,10949,22423,8508,7772,16280,5212,4409,9621,3057,3344,6401,1768,3750,5518,417,1755,2172,68047,69633,137680
2020-10-13,23350,23923,47273,14509,13953,28462,11544,11016,22560,8562,7813,16375,5251,4433,9684,3068,3363,6431,1774,3773,5547,418,1764,2182,68476,70038,138514
2020-10-14,23486,24059,47545,14585,14025,28610,11619,11083,22702,8623,7876,16499,5275,4460,9735,3089,3382,6471,1782,3781,5563,419,1770,2189,68878,70436,139314
2020-10-15,23649,24208,47857,14673,14106,28779,11684,11149,22833,8664,7922,16586,5300,4486,9786,3110,3401,6511,1789,3800,5589,422,1775,2197,69291,70847,140138
2020-10-16,23771,24368,48139,14751,14187,28938,11754,11211,22965,8710,7961,16671,5330,4520,9850,3128,3422,6550,1799,3824,5623,424,1789,2213,69667,71282,140949
2020-10-17,23872,24462,48334,14817,14261,29078,11797,11248,23045,8743,7994,16737,5350,4543,9893,3137,3431,6568,1807,3831,5638,426,1792,2218,69949,71562,141511
2020-10-18,23942,24534,48476,14861,14291,29152,11822,11276,23098,8767,8021,16788,5365,4560,9925,3151,3444,6595,1808,3841,5649,426,1795,2221,70142,71762,141904
2020-10-19,24050,24636,48686,14913,14350,29263,11890,11323,23213,8810,8058,16868,5397,4581,9978,3170,3467,6637,1812,3853,5665,427,1799,2226,70469,72067,142536
2020-10-20,24151,24750,48901,14985,14411,29396,11939,11377,23316,8862,8095,16957,5421,4606,10027,3184,3476,6660,1824,3871,5695,428,1806,2234,70794,72392,143186
2020-10-21,24245,24845,49090,15040,14463,29503,11991,11417,23408,8892,8134,17026,5447,4628,10075,3197,3490,6687,1827,3878,5705,429,1809,2238,71068,72664,143732
2020-10-22,24342,24946,49288,15090,14508,29598,12034,11453,23487,8917,8161,17078,5468,4642,10110,3207,3503,6710,1833,3885,5718,429,1809,2238,71320,72907,144227
2020-10-23,24429,25049,49478,15138,14567,29705,12087,11499,23586,8955,8191,17146,5499,4665,10164,3215,3515,6730,1843,3893,5736,430,1810,2240,71596,73189,144785
2020-10-24,24498,25123,49621,15176,14615,29791,12121,11529,23650,8990,8215,17205,5515,4679,10194,3227,3527,6754,1847,3899,5746,430,1814,2244,71804,73401,145205
2020-10-25,24554,25187,49741,15204,14649,29853,12153,11557,23710,9010,8238,17248,5532,4685,10217,3232,3536,6768,1850,3903,5753,430,1815,2245,71965,73570,145535
2020-10-26,24629,25274,49903,15271,14705,29976,12191,11595,23786,9045,8273,17318,5555,4704,10259,3240,3545,6785,1860,3912,5772,434,1819,2253,72225,73827,146052
2020-10-27,24725,25375,50100,15328,14761,30089,12244,11641,23885,9084,8310,17394,5574,4730,10304,3249,3560,6809,1870,3927,5797,435,1821,2256,72509,74125,146634
2020-10-28,24822,25462,50284,15377,14805,30182,12284,11674,23958,9113,8340,17453,5598,4748,10346,3256,3570,6826,1877,3932,5809,437,1823,2260,72764,74354,147118
2020-10-29,24895,25527,50422,15424,14850,30274,12323,11703,24026,9133,8362,17495,5612,4763,10375,3274,3576,6850,1882,3944,5826,437,1830,2267,72980,74555,147535
2020-10-30,24944,25576,50520,15473,14878,30351,12351,11739,24090,9148,8382,17530,5624,4778,10402,3284,3587,6871,1885,3948,5833,438,1832,2270,73147,74720,147867
2020-10-31,24976,25622,50598,15503,14908,30411,12370,11760,24130,9163,8399,17562,5635,4788,10423,3288,3593,6881,1889,3952,5841,438,1832,2270,73262,74854,148116
2020-11-01,25039,25676,50715,15537,14936,30473,12398,11788,24186,9181,8419,17600,5651,4797,10448,3294,3599,6893,1891,3956,5847,438,1833,2271,73429,75004,148433
2020-11-02,25093,25759,50852,15582,14976,30558,12436,11821,24257,9213,8445,17658,5666,4807,10473,3297,3608,6905,1895,3963,5858,438,1837,2275,73620,75216,148836
2020-11-03,25178,25813,50991,15615,15011,30626,12472,11850,24322,9237,8467,17704,5678,4828,10506,3301,3617,6918,1896,3972,5868,438,1839,2277,73815,75397,149212
2020-11-04,25242,25882,51124,15657,15054,30711,12497,11883,24380,9262,8497,17759,5697,4840,10537,3306,3630,6936,1899,3978,5877,438,1842,2280,73998,75606,149604
2020-11-05,25341,25977,51318,15714,15094,30808,12532,11921,24453,9291,8521,17812,5718,4858,10576,3318,3642,6960,1902,3994,5896,439,1848,2287,74255,75855,150110
2020-11-06,25403,26044,51447,15759,15138,30897,12567,11949,24516,9317,8542,17859,5738,4878,10616,3330,3654,6984,1906,4001,5907,439,1850,2289,74459,76056,150515
2020-11-07,25447,26097,51544,15797,15182,30979,12600,11978,24578,9331,8562,17893,5753,4895,10648,3338,3663,7001,1910,4004,5914,439,1850,2289,74615,76231,150846
2020-11-08,25480,26161,51641,15826,15205,31031,12626,11995,24621,9349,8584,17933,5767,4903,10670,3344,3665,7009,1913,4009,5922,440,1850,2290,74745,76372,151117
2020-11-09,25553,26239,51792,15866,15245,31111,12672,12033,24705,9389,8630,18019,5784,4922,10706,3362,3670,7032,1914,4016,5930,440,1852,2292,74980,76607,151587
2020-11-10,25633,26320,51953,15931,15284,31215,12703,12062,24765,9412,8650,18062,5805,4941,10746,3378,3694,7072,1919,4024,5943,443,1853,2296,75224,76828,152052
2020-11-11,25713,26395,52108,15977,15336,31313,12743,12096,24839,9448,8671,18119,5822,4958,10780,3389,3709,7098,1921,4031,5952,444,1857,2301,75457,77053,152510
2020-11-12,25798,26468,52266,16015,15373,31388,12779,12133,24912,9472,8694,18166,5836,4970,10806,3393,3716,7109,1925,4034,5959,444,1861,2305,75662,77249,152911
2020-11-13,25870,26533,52403,16054,15404,31458,12820,12166,24986,9496,8715,18211,5857,4990,10847,3406,3721,7127,1928,4043,5971,446,1868,2314,75877,77440,153317
2020-11-14,25927,26592,52519,16092,15434,31526,12847,12187,25034,9526,8735,18261,5874,5001,10875,3415,3728,7143,1932,4048,5980,446,1869,2315,76059,77594,153653
2020-11-15,25964,26644,52608,16113,15459,31572,12873,12204,25077,9544,8749,18293,5883,5011,10894,3422,3736,7158,1934,4057,5991,447,1869,2316,76180,77729,153909
2020-11-16,26018,26716,52734,16148,15490,31638,12901,12232,25133,9563,8773,18336,5895,5023,10918,3434,3748,7182,1942,4061,6003,447,1870,2317,76348,77913,154261
2020-11-17,26100,26787,52887,16188,15534,31722,12940,12266,25206,9590,8804,18394,5913,5039,10952,3443,3757,7200,1947,4074,6021,448,1875,2323,76569,78136,154705
2020-11-18,26171,26872,53043,16237,15569,31806,12979,12296,25275,9613,8837,18450,5925,5055,10980,3456,3769,7225,1951,4085,6036,448,1880,2328,76780,78363,155143
2020-11-19,26236,26926,53162,16268,15598,31866,12998,12323,25321,9641,8860,18501,5940,5068,11008,3463,3776,7239,1952,4089,6041,448,1884,2332,76946,78524,155470
2020-11-20,26302,26982,53284,16297,15620,31917,13019,12336,25355,9652,8875,18527,5956,5082,11038,3469,3781,7250,1958,4093,6051,449,1885,2334,77102,78654,155756
2020-11-21,26352,27046,53398,16331,15649,31980,13037,12373,25410,9665,8891,18556,5970,5096,11066,3475,3788,7263,1961,4096,6057,449,1888,2337,77240,78827,156067
2020-11-22,26388,27081,53469,16350,15670,32020,13057,12389,25446,9676,8899,18575,5984,5101,11085,3481,3797,7278,1962,4097,6059,449,1889,2338,77347,78923,156270
2020-11-23,26421,27122,53543,16381,15694,32075,13076,12400,25476,9685,8918,18603,5992,5106,11098,3491,3803,7294,1964,4099,6063,449,1891,2340,77459,79033,156492
2020-11-24,26481,27190,53671,16424,15734,32158,13106,12419,25525,9705,8933,18638,6012,5119,11131,3498,3810,7308,1967,4101,6068,449,1893,2342,77642,79199,156841
2020-11-25,26565,27265,53830,16478,15782,32260,13142,12456,25598,9734,8954,18688,6029,5133,11162,3504,3824,7328,1972,4107,6079,449,1895,2344,77873,79416,157289
2020-11-26,26623,27345,53968,16531,15811,32342,13167,12480,25647,9751,8984,18735,6039,5147,11186,3508,3829,7337,1977,4112,6089,450,1898,2348,78046,79606,157652
2020-11-27,26697,27402,54099,16572,15836,32408,13197,12508,25705,9774,9003,18777,6053,5162,11215,3518,3835,7353,1980,4115,6095,452,1900,2352,78243,79761,158004
2020-11-28,26750,27465,54215,16603,15862,32465,13220,12532,25752,9785,9020,18805,6062,5177,11239,3522,3838,7360,1981,4118,6099,452,1901,2353,78375,79913,158288
2020-11-29,26799,27514,54313,16639,15886,32525,13244,12550,25794,9803,9034,18837,6067,5189,11256,3525,3842,7367,1986,4123,6109,454,1901,2355,78517,80039,158556
2020-11-30,26865,27569,54434,16669,15915,32584,13275,12571,25846,9818,9057,18875,6074,5200,11274,3535,3853,7388,1989,4131,6120,454,1904,2358,78679,80200,158879
2020-12-01,26925,27617,54542,16701,15961,32662,13309,12596,25905,9834,9070,18904,6085,5209,11294,3541,3858,7399,1992,4134,6126,454,1905,2359,78841,80350,159191
2020-12-02,26964,27662,54626,16728,15988,32716,13327,12619,25946,9842,9081,18923,6097,5217,11314,3547,3870,7417,1995,4139,6134,457,1910,2367,78957,80486,159443
2020-12-03,27017,27701,54718,16766,16022,32788,13357,12634,25991,9856,9097,18953,6110,5230,11340,3554,3881,7435,1998,4144,6142,459,1911,2370,79117,80620,159737
2020-12-04,27067,27765,54832,16805,16062,32867,13388,12663,26051,9878,9117,18995,6123,5243,11366,3562,3886,7448,2004,4147,6151,459,1911,2370,79286,80794,160080
2020-12-05,27110,27819,54929,16832,16089,32921,13407,12690,26097,9896,9135,19031,6137,5254,11391,3567,3898,7465,2010,4151,6161,459,1911,2370,79418,80947,160365
2020-12-06,27149,27852,55001,16856,16109,32965,13427,12712,26139,9914,9149,19063,6147,5263,11410,3572,3903,7475,2015,4152,6167,459,1911,2370,79539,81051,160590
2020-12-07,27179,27896,55075,16877,16131,33008,13455,12730,26185,9927,9167,19094,6159,5273,11432,3578,3908,7486,2017,4154,6171,459,1913,2372,79651,81172,160823
2020-12-08,27228,27942,55170,16914,16165,33079,13495,12750,26245,9949,9185,19134,6179,5279,11458,3588,3918,7506,2020,4158,6178,460,1915,2375,79833,81312,161145
2020-12-09,27308,28010,55318,16957,16201,33158,13533,12788,26321,9978,9211,19189,6195,5297,11492,3595,3931,7526,2021,4163,6184,461,1918,2379,80048,81519,161567
2020-12-10,27367,28100,55467,17012,16240,33252,13573,12834,26407,10001,9233,19234,6211,5312,11523,3603,3944,7547,2024,4168,6192,461,1920,2381,80252,81751,162003
2020-12-11,27444,28173,55617,17046,16283,33329,13610,12859,26469,10018,9265,19283,6222,5329,11551,3607,3955,7562,2029,4174,6203,461,1921,2382,80437,81959,162396
2020-12-12,27523,28241,55764,17083,16312,33395,13635,12884,26519,10031,9282,19313,6235,5342,11577,3619,3961,7580,2031,4174,6205,461,1921,2382,80618,82117,162735
2020-12-13,27582,28297,55879,17113,16351,33464,13658,12907,26565,10046,9302,19348,6253,5354,11607,3627,3966,7593,2036,4177,6213,462,1921,2383,80777,82275,163052
2020-12-14,27671,28381,56052,17180,16398,33578,13698,12950,26648,10076,9328,19404,6270,5379,11649,3639,3977,7616,2040,4187,6227,462,1923,2385,81036,82523,163559
2020-12-15,27769,28466,56235,17240,16453,33693,13749,12983,26732,10098,9359,19457,6291,5386,11677,3649,3984,7633,2048,4190,6238,464,1925,2389,81308,82746,164054
2020-12-16,27890,28572,56462,17284,16495,33779,13779,13012,26791,10125,9390,19515,6304,5402,11706,3664,3993,7657,2058,4195,6253,466,1929,2395,81570,82988,164558
2020-12-17,28045,28707,56752,17352,16560,33912,13820,13067,26887,10149,9426,19575,6320,5426,11746,3678,4006,7684,2062,4201,6263,467,1930,2397,81893,83323,165216
2020-12-18,28182,28827,57009,17423,16631,34054,13874,13117,26991,10184,9462,19646,6341,5450,11791,3694,4020,7714,2065,4214,6279,467,1940,2407,82230,83661,165891
2020-12-19,28287,28917,57204,17481,16686,34167,13918,13159,27077,10213,9492,19705,6360,5467,11827,3706,4031,7737,2070,4221,6291,467,1941,2408,82502,83914,166416
2020-12-20,28383,28991,57374,17516,16730,34246,13963,13215,27178,10247,9508,19755,6385,5486,11871,3715,4038,7753,2073,4225,6298,470,1943,2413,82752,84136,166888
2020-12-21,28522,29143,57665,17604,16813,34417,14029,13271,27300,10302,9552,19854,6427,5510,11937,3733,4055,7788,2077,4233,6310,470,1944,2414,83164,84521,167685
2020-12-22,28656,29292,57948,17722,16886,34608,14086,13335,27421,10356,9605,19961,6452,5537,11989,3746,4070,7816,2082,4242,6324,471,1947,2418,83571,84914,168485
2020-12-23,28839,29469,58308,17828,16980,34808,14158,13409,27567,10431,9661,20092,6473,5569,12042,3773,4092,7865,2086,4254,6340,472,1948,2420,84060,85382,169442
2020-12-24,28931,29558,58489,17898,17028,34926,14192,13459,27651,10460,9685,20145,6492,5579,12071,3785,4099,7884,2088,4260,6348,472,1949,2421,84318,85617,169935
2020-12-25,28994,29621,58615,17937,17054,34991,14234,13490,27724,10483,9707,20190,6511,5591,12102,3791,4106,7897,2088,4261,6349,472,1950,2422,84510,85780,170290
2020-12-26,29162,29782,58944,18043,17145,35188,14308,13577,27885,10558,9767,20325,6553,5634,12187,3805,4122,7927,2092,4268,6360,472,1951,2423,84993,86246,171239
2020-12-27,29314,29927,59241,18130,17215,35345,14368,13633,28001,10608,9803,20411,6575,5665,12240,3821,4137,7958,2093,4274,6367,472,1951,2423,85381,86605,171986
2020-12-28,29531,30164,59695,18246,17346,35592,14493,13730,28223,10704,9874,20578,6618,5702,12320,3855,4169,8024,2103,4291,6394,474,1953,2427,86024,87229,173253
2020-12-29,29795,30443,60238,18404,17485,35889,14595,13827,28422,10772,9956,20728,6665,5755,12420,3889,4203,8092,2114,4299,6413,476,1956,2432,86710,87924,174634
2020-12-30,30080,30700,60780,18557,17629,36186,14704,13942,28646,10855,10038,20893,6712,5820,12532,3921,4235,8156,2123,4312,6435,479,1960,2439,87431,88636,176067
2020-12-31,30282,30885,61167,18638,17709,36347,14766,14014,28780,10899,10077,20976,6739,5843,12582,3945,4249,8194,2127,4316,6443,479,1960,2439,87875,89053,176928
2021-01-01,30339,30948,61287,18680,17751,36431,14789,14047,28836,10919,10098,21017,6758,5866,12624,3954,4259,8213,2128,4319,6447,479,1960,2439,88046,89248,177294
2021-01-02,30507,31131,61638,18784,17843,36627,14878,14133,29011,10992,10170,21162,6800,5905,12705,3973,4281,8254,2133,4322,6455,485,1960,2445,88552,89745,178297
2021-01-03,30704,31349,62053,18885,17936,36821,14956,14212,29168,11051,10234,21285,6838,5937,12775,3994,4305,8299,2139,4328,6467,486,1961,2447,89053,90262,179315
2021-01-04,31025,31651,62676,19062,18090,37152,15070,14311,29381,11146,10341,21487,6890,5987,12877,4020,4336,8356,2152,4350,6502,488,1964,2452,89853,91030,180883
2021-01-05,31380,32019,63399,19227,18238,37465,15185,14414,29599,11246,10416,21662,6952,6040,12992,4039,4373,8412,2159,4368,6527,489,1973,2462,90677,91841,182518
2021-01-06,31715,32350,64065,19409,18384,37793,15306,14516,29822,11325,10499,21824,7006,6098,13104,4069,4403,8472,2165,4381,6546,490,1978,2468,91485,92609,184094
2021-01-07,32001,32653,64654,19553,18520,38073,15413,14629,30042,11407,10585,21992,7051,6144,13195,4090,4438,8528,2173,4390,6563,495,1981,2476,92183,93340,185523
2021-01-08,32278,32940,65218,19690,18642,38332,15526,14746,30272,11493,10664,22157,7106,6198,13304,4113,4461,8574,2180,4404,6584,496,1986,2482,92882,94041,186923
2021-01-09,32488,33180,65668,19805,18742,38547,15623,14836,30459,11549,10735,22284,7153,6238,13391,4127,4485,8612,2185,4416,6601,498,1988,2486,93428,94620,188048
2021-01-10,32655,33363,66018,19875,18821,38696,15683,14900,30583,11603,10782,22385,7179,6270,13449,4139,4506,8645,2192,4421,6613,501,1990,2491,93827,95053,188880
2021-01-11,32924,33631,66555,19987,18944,38931,15772,14981,30753,11681,10860,22541,7218,6316,13534,4172,4525,8697,2198,4431,6629,502,1994,2496,94454,95682,190136
2021-01-12,33199,33909,67108,20127,19070,39197,15857,15077,30934,11744,10939,22683,7263,6356,13619,4205,4554,8759,2210,4445,6655,502,1997,2499,95107,96347,191454
2021-01-13,33476,34231,67707,20263,19205,39468,15956,15174,31130,11821,11008,22829,7312,6409,13721,4233,4571,8804,2219,4453,6672,503,2000,2503,95783,97051,192834
2021-01-14,33724,34517,68241,20390,19301,39691,16035,15252,31287,11895,11087,22982,7354,6444,13798,4256,4601,8857,2230,4460,6690,507,2001,2508,96391,97663,194054
2021-01-15,34020,34753,68773,20516,19408,39924,16131,15331,31462,11975,11171,23146,7403,6480,13883,4276,4626,8902,2238,4473,6711,507,2004,2511,97066,98246,195312
2021-01-16,34218,34978,69196,20618,19500,40118,16201,15412,31613,12023,11223,23246,7439,6508,13947,4297,4642,8939,2244,4483,6727,508,2009,2517,97548,98755,196303
2021-01-17,34398,35168,69566,20700,19579,40279,16266,15472,31738,12075,11269,23344,7482,6534,14016,4317,4647,8964,2250,4489,6739,509,2010,2519,97997,99168,197165
2021-01-18,34716,35447,70163,20831,19699,40530,16357,15552,31909,12155,11349,23504,7535,6580,14115,4345,4679,9024,2259,4506,6765,510,2012,2522,98708,99824,198532
2021-01-19,34966,35725,70691,20969,19798,40767,16440,15647,32087,12209,11408,23617,7576,6621,14197,4371,4702,9073,2270,4524,6794,510,2018,2528,99311,100443,199754
2021-01-20,35237,35967,71204,21087,19896,40983,16528,15746,32274,12278,11474,23752,7611,6675,14286,4392,4727,9119,2282,4542,6824,510,2023,2533,99925,101050,200975
2021-01-21,35463,36193,71656,21205,19999,41204,16626,15841,32467,12345,11556,23901,7652,6713,14365,4418,4755,9173,2292,4563,6855,513,2026,2539,100514,101646,202160
2021-01-22,35686,36423,72109,21299,20097,41396,16694,15922,32616,12409,11624,24033,7693,6738,14431,4436,4775,9211,2304,4573,6877,515,2029,2544,101036,102181,203217
2021-01-23,35873,36616,72489,21379,20160,41539,16743,15982,32725,12464,11684,24148,7719,6772,14491,4457,4805,9262,2308,4584,6892,517,2029,2546,101460,102632,204092
2021-01-24,36087,36772,72859,21463,20238,41701,16790,16040,32830,12503,11723,24226,7751,6797,14548,4477,4818,9295,2312,4589,6901,517,2029,2546,101900,103006,204906
2021-01-25,36369,37057,73426,21583,20327,41910,16886,16137,33023,12567,11778,24345,7804,6835,14639,4501,4847,9348,2320,4604,6924,520,2029,2549,102550,103614,206164
2021-01-26,36625,37336,73961,21675,20414,42089,16965,16226,33191,12639,11845,24484,7848,6869,14717,4522,4870,9392,2330,4625,6955,522,2038,2560,103126,104223,207349
2021-01-27,36859,37572,74431,21766,20492,42258,17031,16304,33335,12696,11890,24586,7889,6903,14792,4538,4887,9425,2338,4637,6975,523,2040,2563,103640,104725,208365
2021-01-28,37105,37808,74913,21867,20568,42435,17113,16384,33497,12757,11944,24701,7932,6941,14873,4550,4907,9457,2342,4650,6992,523,2044,2567,104189,105246,209435
2021-01-29,37323,38044,75367,21952,20664,42616,17190,16469,33659,12816,12018,24834,7957,6976,14933,4568,4931,9499,2348,4666,7014,526,2047,2573,104680,105815,210495
2021-01-30,37548,38245,75793,22018,20738,42756,17251,16541,33792,12854,12072,24926,7987,7006,14993,4581,4948,9529,2350,4674,7024,527,2049,2576,105116,106273,211389
2021-01-31,37747,38464,76211,22066,20803,42869,17324,16614,33938,12900,12119,25019,8013,7036,15049,4599,4961,9560,2353,4679,7032,527,2051,2578,105529,106727,212256
2021-02-01,37998,38731,76729,22160,20887,43047,17418,16700,34118,12963,12187,25150,8058,7080,15138,4631,4997,9628,2360,4691,7051,527,2055,2582,106115,107328,213443
2021-02-02,38202,38973,77175,22256,20985,43241,17488,16778,34266,13031,12247,25278,8101,7111,15212,4646,5012,9658,2368,4711,7079,527,2058,2585,106619,107875,214494
2021-02-03,38421,39161,77582,22350,21079,43429,17561,16855,34416,13098,12323,25421,8141,7153,15294,4666,5036,9702,2379,4725,7104,530,2058,2588,107146,108390,215536
2021-02-04,38583,39335,77918,22424,21161,43585,17637,16917,34554,13160,12389,25549,8183,7180,15363,4684,5058,9742,2388,4742,7130,530,2063,2593,107589,108845,216434
2021-02-05,38731,39496,78227,22513,21244,43757,17698,16993,34691,13202,12445,25647,8215,7203,15418,4702,5078,9780,2393,4751,7144,531,2066,2597,107985,109276,217261
2021-02-06,38852,39612,78464,22572,21306,43878,17749,17055,34804,13236,12486,25722,8239,7231,15470,4717,5097,9814,2400,4756,7156,531,2068,2599,108296,109611,217907
2021-02-07,38937,39704,78641,22628,21366,43994,17789,17088,34877,13272,12523,25795,8266,7260,15526,4737,5107,9844,2404,4766,7170,531,2070,2601,108564,109884,218448
2021-02-08,39101,39861,78962,22706,21447,44153,17880,17175,35055,13328,12586,25914,8315,7297,15612,4758,5142,9900,2409,4781,7190,533,2072,2605,109030,110361,219391
2021-02-09,39231,39970,79201,22784,21519,44303,17941,17232,35173,13369,12630,25999,8346,7325,15671,4770,5159,9929,2415,4790,7205,534,2073,2607,109390,110698,220088
2021-02-10,39360,40108,79468,22865,21607,44472,18003,17291,35294,13411,12673,26084,8379,7348,15727,4787,5175,9962,2420,4799,7219,535,2076,2611,109760,111077,220837
2021-02-11,39474,40236,79710,22929,21664,44593,18059,17345,35404,13446,12736,26182,8421,7385,15806,4808,5195,10003,2425,4801,7226,537,2081,2618,110099,111443,221542
2021-02-12,39587,40356,79943,23006,21734,44740,18123,17397,35520,13487,12774,26261,8447,7411,15858,4827,5212,10039,2436,4814,7250,538,2084,2622,110451,111782,222233
2021-02-13,39687,40443,80130,23065,21786,44851,18173,17447,35620,13524,12808,26332,8465,7429,15894,4846,5233,10079,2439,4822,7261,541,2086,2627,110740,112054,222794
2021-02-14,39751,40526,80277,23105,21844,44949,18224,17493,35717,13556,12841,26397,8490,7456,15946,4859,5250,10109,2444,4828,7272,541,2087,2628,110970,112325,223295
2021-02-15,39836,40624,80460,23160,21908,45068,18276,17548,35824,13590,12876,26466,8515,7475,15990,4866,5257,10123,2450,4834,7284,541,2090,2631,111234,112612,223846
2021-02-16,39920,40734,80654,23221,21959,45180,18323,17594,35917,13617,12905,26522,8536,7506,16042,4880,5276,10156,2458,4841,7299,542,2095,2637,111497,112910,224407
2021-02-17,40057,40883,80940,23307,22035,45342,18388,17660,36048,13671,12962,26633,8583,7537,16120,4900,5291,10191,2465,4854,7319,543,2095,2638,111914,113317,225231
2021-02-18,40205,41038,81243,23386,22128,45514,18442,17734,36176,13711,13016,26727,8620,7559,16179,4922,5305,10227,2469,4860,7329,544,2100,2644,112299,113740,226039
2021-02-19,40332,41172,81504,23494,22212,45706,18506,17793,36299,13746,13063,26809,8650,7582,16232,4939,5318,10257,2471,4867,7338,544,2100,2644,112682,114107,226789
2021-02-20,40434,41271,81705,23563,22265,45828,18547,17851,36398,13782,13104,26886,8680,7602,16282,4953,5334,10287,2475,4875,7350,545,2101,2646,112979,114403,227382
2021-02-21,40533,41368,81901,23625,22330,45955,18595,17894,36489,13809,13141,26950,8703,7632,16335,4963,5345,10308,2478,4879,7357,545,2105,2650,113251,114694,227945
2021-02-22,40671,41489,82160,23709,22396,46105,18648,17934,36582,13862,13177,27039,8722,7658,16380,4980,5361,10341,2482,4887,7369,547,2105,2652,113621,115007,228628
2021-02-23,40814,41622,82436,23783,22483,46266,18704,17980,36684,13906,13219,27125,8763,7684,16447,4992,5375,10367,2491,4895,7386,550,2105,2655,114003,115363,229366
2021-02-24,40950,41744,82694,23849,22537,46386,18755,18041,36796,13941,13269,27210,8789,7709,16498,5004,5393,10397,2494,4900,7394,550,2109,2659,114332,115702,230034
2021-02-25,41106,41914,83020,23922,22620,46542,18810,18118,36928,13996,13315,27311,8824,7730,16554,5020,5414,10434,2499,4908,7407,553,2114,2667,114730,116133,230863
2021-02-26,41217,42030,83247,23992,22667,46659,18848,18179,37027,14043,13365,27408,8851,7759,16610,5038,5438,10476,2504,4922,7426,555,2116,2671,115048,116476,231524
2021-02-27,41307,42123,83430,24051,22716,46767,18889,18236,37125,14081,13395,27476,8884,7780,16664,5044,5454,10498,2511,4927,7438,555,2117,2672,115322,116748,232070
2021-02-28,41378,42196,83574,24110,22767,46877,18924,18278,37202,14111,13416,27527,8901,7800,16701,5050,5462,10512,2513,4933,7446,555,2121,2676,115542,116973,232515
2021-03-01,41505,42331,83836,24212,22844,47056,18985,18343,37328,14162,13461,27623,8932,7826,16758,5066,5483,10549,2516,4947,7463,555,2123,2678,115933,117358,233291
2021-03-02,41629,42455,84084,24286,22918,47204,19035,18386,37421,14201,13508,27709,8963,7847,16810,5081,5496,10577,2520,4956,7476,555,2124,2679,116270,117690,233960
2021-03-03,41783,42586,84369,24364,22996,47360,19094,18438,37532,14241,13552,27793,9011,7873,16884,5095,5517,10612,2527,4968,7495,555,2127,2682,116670,118057,234727
2021-03-04,41918,42716,84634,24434,23052,47486,19159,18500,37659,14294,13595,27889,9048,7904,16952,5105,5530,10635,2529,4976,7505,555,2127,2682,117042,118400,235442
2021-03-05,42090,42873,84963,24509,23142,47651,19239,18560,37799,14350,13651,28001,9072,7934,17006,5123,5550,10673,2531,4987,7518,556,2129,2685,117470,118826,236296
2021-03-06,42186,42988,85174,24568,23193,47761,19292,18625,37917,14375,13691,28066,9104,7963,17067,5140,5555,10695,2536,4992,7528,556,2131,2687,117757,119138,236895
2021-03-07,42275,43091,85366,24625,23245,47870,19336,18670,38006,14417,13725,28142,9130,7991,17121,5146,5570,10716,2543,4995,7538,556,2132,2688,118028,119419,237447
2021-03-08,42421,43215,85636,24733,23326,48059,19418,18745,38163,14458,13785,28243,9177,8019,17196,5162,5589,10751,2553,5008,7561,557,2136,2693,118479,119823,238302
2021-03-09,42575,43383,85958,24814,23422,48236,19489,18823,38312,14524,13831,28355,9214,8051,17265,5183,5605,10788,2563,5018,7581,557,2137,2694,118919,120270,239189
2021-03-10,42704,43549,86253,24907,23492,48399,19541,18890,38431,14571,13893,28464,9243,8083,17326,5199,5632,10831,2566,5025,7591,557,2140,2697,119288,120704,239992
2021-03-11,42848,43757,86605,24994,23563,48557,19614,18954,38568,14622,13941,28563,9278,8112,17390,5216,5649,10865,2573,5036,7609,558,2141,2699,119703,121153,240856
2021-03-12,43025,43904,86929,25077,23639,48716,19688,19038,38726,14676,14000,28676,9307,8144,17451,5245,5674,10919,2579,5052,7631,559,2147,2706,120156,121598,241754
2021-03-13,43164,44039,87203,25142,23705,48847,19761,19105,38866,14713,14047,28760,9327,8171,17498,5258,5683,10941,2582,5055,7637,559,2150,2709,120506,121955,242461
2021-03-14,43265,44169,87434,25205,23765,48970,19805,19161,38966,14760,14095,28855,9359,8199,17558,5272,5697,10969,2587,5060,7647,559,2152,2711,120812,122298,243110
2021-03-15,43409,44308,87717,25304,23838,49142,19886,19220,39106,14842,14149,28991,9399,8238,17637,5305,5717,11022,2591,5071,7662,561,2161,2722,121297,122702,243999
2021-03-16,43585,44472,88057,25377,23915,49292,19985,19295,39280,14901,14203,29104,9423,8269,17692,5317,5728,11045,2599,5091,7690,564,2164,2728,121751,123137,244888
2021-03-17,43775,44647,88422,25470,24003,49473,20049,19369,39418,14940,14240,29180,9466,8303,17769,5337,5744,11081,2601,5097,7698,564,2166,2730,122202,123569,245771
2021-03-18,43948,44826,88774,25551,24094,49645,20112,19442,39554,15001,14293,29294,9496,8340,17836,5350,5780,11130,2606,5105,7711,564,2172,2736,122628,124052,246680
2021-03-19,44118,45033,89151,25646,24189,49835,20191,19529,39720,15046,14348,29394,9532,8379,17911,5377,5799,11176,2609,5119,7728,564,2172,2736,123083,124568,247651
2021-03-20,44236,45165,89401,25728,24257,49985,20264,19580,39844,15091,14389,29480,9564,8397,17961,5389,5816,11205,2611,5124,7735,564,2173,2737,123447,124901,248348
2021-03-21,44345,45289,89634,25807,24330,50137,20330,19639,39969,15123,14437,29560,9600,8432,18032,5410,5839,11249,2614,5130,7744,565,2173,2738,123794,125269,249063
2021-03-22,44558,45495,90053,25931,24461,50392,20426,19739,40165,15206,14510,29716,9639,8468,18107,5429,5858,11287,2620,5142,7762,566,2179,2745,124375,125852,250227
2021-03-23,44770,45735,90505,26068,24587,50655,20533,19840,40373,15292,14582,29874,9695,8529,18224,5452,5886,11338,2625,5157,7782,566,2183,2749,125001,126499,251500
2021-03-24,45009,45985,90994,26193,24701,50894,20653,19945,40598,15376,14667,30043,9748,8573,18321,5479,5911,11390,2634,5163,7797,568,2188,2756,125660,127133,252793
2021-03-25,45301,46274,91575,26338,24849,51187,20773,20066,40839,15461,14775,30236,9803,8629,18432,5511,5941,11452,2647,5177,7824,568,2191,2759,126402,127902,254304
2021-03-26,45624,46605,92229,26483,24995,51478,20921,20204,41125,15547,14872,30419,9857,8684,18541,5540,5973,11513,2658,5194,7852,568,2195,2763,127198,128722,255920
2021-03-27,45875,46853,92728,26597,25126,51723,21035,20334,41369,15631,14946,30577,9913,8738,18651,5564,6001,11565,2667,5205,7872,569,2196,2765,127851,129399,257250
2021-03-28,46095,47053,93148,26727,25254,51981,21150,20429,41579,15717,15017,30734,9956,8781,18737,5590,6026,11616,2673,5212,7885,570,2198,2768,128478,129970,258448
2021-03-29,46455,47412,93867,26893,25443,52336,21297,20567,41864,15861,15122,30983,10039,8832,18871,5632,6059,11691,2677,5223,7900,572,2203,2775,129426,130861,260287
2021-03-30,46831,47815,94646,27099,25631,52730,21477,20727,42204,15981,15249,31230,10113,8886,18999,5660,6107,11767,2687,5244,7931,578,2208,2786,130426,131867,262293
2021-03-31,47277,48238,95515,27321,25825,53146,21667,20890,42557,16096,15371,31467,10179,8945,19124,5689,6138,11827,2699,5263,7962,578,2213,2791,131506,132883,264389
2021-04-01,47719,48663,96382,27518,26021,53539,21803,21049,42852,16232,15482,31714,10257,9024,19281,5718,6167,11885,2711,5268,7979,579,2215,2794,132537,133889,266426
2021-04-02,48045,49045,97090,27697,26183,53880,21950,21190,43140,16338,15579,31917,10325,9078,19403,5745,6204,11949,2714,5276,7990,580,2216,2796,133394,134771,268165
2021-04-03,48345,49340,97685,27875,26344,54219,22096,21335,43431,16451,15683,32134,10387,9143,19530,5779,6238,12017,2721,5288,8009,583,2221,2804,134237,135592,269829
2021-04-04,48670,49660,98330,28045,26489,54534,22257,21470,43727,16562,15784,32346,10451,9202,19653,5809,6270,12079,2724,5295,8019,585,2224,2809,135103,136394,271497
2021-04-05,49171,50161,99332,28288,26766,55054,22438,21681,44119,16726,15931,32657,10552,9290,19842,5849,6309,12158,2736,5315,8051,585,2229,2814,136345,137682,274027
2021-04-06,49504,50468,99972,28460,26930,55390,22581,21818,44399,16830,16027,32857,10598,9341,19939,5873,6327,12200,2747,5320,8067,589,2231,2820,137182,138462,275644
2021-04-07,49661,50613,100274,28536,27001,55537,22631,21869,44500,16873,16058,32931,10614,9350,19964,5885,6335,12220,2751,5322,8073,589,2232,2821,137540,138780,276320
2021-04-08,49677,50631,100308,28542,27010,55552,22639,21878,44517,16876,16064,32940,10615,9350,19965,5887,6335,12222,2751,5322,8073,589,2232,2821,137576,138822,276398
