FECHA,<=10M,<=10F,<=10,11-20M,11-20F,11-20,21-30M,21-30F,21-30,31-40M,31-40F,31-40,41-50M,41-50F,41-50,51-60M,51-60F,51-60,61-70M,61-70F,61-70,71-80M,71-80F,71-80,81-90M,81-90F,81-90,>=91M,>=91F,>=91,TotalM,TotalF,Total
2020-03-15,0,0,0,0,1,1,1,0,1,1,0,1,0,0,0,0,0,0,0,1,1,0,0,0,0,0,0,0,0,0,2,2,4
2020-03-16,0,0,0,0,1,1,4,2,6,4,0,4,1,0,1,0,1,1,1,1,2,0,0,0,0,0,0,0,0,0,10,5,15
2020-03-17,0,0,0,1,1,2,5,3,8,6,1,7,1,0,1,2,3,5,1,3,4,2,0,2,0,0,0,0,0,0,18,11,29
2020-03-18,0,0,0,1,1,2,7,5,12,8,4,12,2,1,3,3,3,6,1,4,5,2,0,2,0,0,0,0,0,0,24,18,42
2020-03-19,0,0,0,2,1,3,9,5,14,12,4,16,4,2,6,4,3,7,1,5,6,4,1,5,0,0,0,0,0,0,36,21,57
2020-03-20,0,0,0,2,1,3,14,5,19,14,4,18,6,2,8,6,3,9,2,6,8,4,3,7,0,1,1,0,0,0,48,25,73
2020-03-21,2,0,2,3,3,6,17,6,23,14,7,21,8,3,11,9,6,15,5,7,12,6,3,9,0,1,1,0,0,0,64,36,100
2020-03-22,2,0,2,3,4,7,19,7,26,19,7,26,12,3,15,11,10,21,7,7,14,9,4,13,0,1,1,0,0,0,82,43,125
2020-03-23,2,0,2,4,4,8,21,9,30,24,9,33,14,4,18,15,12,27,8,9,17,12,6,18,1,1,2,0,0,0,101,54,155
2020-03-24,2,0,2,4,4,8,24,14,38,33,10,43,16,5,21,17,13,30,9,9,18,13,7,20,2,1,3,0,0,0,120,63,183
2020-03-25,4,0,4,5,5,10,28,18,46,35,12,47,20,5,25,19,13,32,11,9,20,14,7,21,3,3,6,0,1,1,139,73,212
2020-03-26,4,0,4,5,6,11,29,19,48,37,13,50,22,5,27,21,17,38,14,12,26,15,8,23,4,3,7,0,1,1,151,84,235
2020-03-27,4,0,4,5,6,11,30,21,51,41,13,54,23,8,31,22,18,40,16,14,30,15,10,25,4,3,7,0,1,1,160,94,254
2020-03-28,4,0,4,5,6,11,31,22,53,42,16,58,25,9,34,23,19,42,17,16,33,16,11,27,6,3,9,0,1,1,169,103,272
2020-03-29,4,0,4,5,6,11,34,25,59,48,19,67,25,9,34,24,23,47,20,20,40,18,13,31,6,3,9,1,1,2,185,119,304
2020-03-30,4,0,4,5,7,12,39,28,67,49,21,70,28,11,39,27,23,50,23,23,46,22,14,36,6,3,9,1,2,3,204,132,336
2020-03-31,5,0,5,5,8,13,41,31,72,51,21,72,31,12,43,32,23,55,25,24,49,25,18,43,6,4,10,1,4,5,222,145,367
2020-04-01,5,0,5,6,9,15,43,35,78,54,26,80,34,14,48,34,27,61,29,26,55,25,19,44,6,5,11,1,4,5,237,165,402
2020-04-02,5,0,5,6,9,15,44,36,80,57,30,87,36,15,51,36,30,66,32,26,58,32,22,54,6,8,14,2,7,9,256,183,439
2020-04-03,5,0,5,6,9,15,47,38,85,58,31,89,39,16,55,36,34,70,33,29,62,34,22,56,6,9,15,2,8,10,266,196,462
2020-04-04,5,2,7,6,9,15,49,40,89,59,31,90,39,17,56,38,35,73,34,31,65,34,22,56,6,10,16,3,8,11,273,205,478
2020-04-05,6,2,8,6,9,15,49,42,91,61,32,93,39,21,60,38,36,74,35,31,66,36,23,59,7,10,17,3,8,11,280,214,494
2020-04-06,6,2,8,6,9,15,50,44,94,64,35,99,40,22,62,39,40,79,38,33,71,38,25,63,7,11,18,3,8,11,291,229,520
2020-04-07,6,2,8,6,10,16,53,44,97,65,40,105,41,22,63,41,41,82,39,33,72,39,27,66,8,11,19,5,8,13,303,238,541
2020-04-08,8,2,10,7,10,17,54,45,99,66,47,113,42,24,66,43,41,84,40,33,73,41,28,69,8,11,19,5,8,13,314,249,563
2020-04-09,8,2,10,7,11,18,55,45,100,71,47,118,42,25,67,44,41,85,40,34,74,41,28,69,8,11,19,5,8,13,321,252,573
2020-04-10,8,2,10,7,11,18,55,46,101,75,50,125,42,25,67,45,41,86,40,34,74,41,28,69,8,11,19,5,8,13,326,256,582
2020-04-11,8,2,10,7,11,18,55,47,102,76,51,127,42,27,69,46,41,87,40,34,74,41,28,69,10,12,22,5,8,13,330,261,591
2020-04-12,8,2,10,7,11,18,56,47,103,79,55,134,42,27,69,46,43,89,40,34,74,41,29,70,11,13,24,5,8,13,335,269,604
2020-04-13,9,2,11,7,11,18,58,48,106,81,58,139,45,28,73,46,46,92,40,36,76,42,30,72,11,13,24,5,8,13,344,280,624
2020-04-14,9,2,11,7,11,18,61,50,111,85,59,144,46,30,76,48,47,95,43,37,80,44,31,75,11,13,24,5,9,14,359,289,648
2020-04-15,9,2,11,7,12,19,61,50,111,87,61,148,48,31,79,48,48,96,43,37,80,44,31,75,11,14,25,5,9,14,363,295,658
2020-04-16,9,2,11,7,12,19,61,52,113,91,63,154,49,31,80,51,50,101,44,37,81,47,32,79,11,20,31,6,10,16,376,309,685
2020-04-17,9,2,11,7,12,19,63,54,117,93,67,160,50,32,82,52,51,103,45,38,83,47,33,80,13,24,37,6,11,17,385,324,709
2020-04-18,9,3,12,7,12,19,64,55,119,93,68,161,52,34,86,53,52,105,47,39,86,48,34,82,14,29,43,6,14,20,393,340,733
2020-04-19,9,3,12,7,12,19,67,55,122,97,72,169,52,38,90,54,52,106,47,41,88,49,36,85,14,31,45,7,17,24,403,357,760
2020-04-20,9,3,12,7,12,19,67,56,123,99,73,172,54,39,93,57,55,112,48,41,89,49,39,88,17,32,49,8,18,26,415,368,783
2020-04-21,9,7,16,7,12,19,67,59,126,100,79,179,55,43,98,58,57,115,50,42,92,49,42,91,20,34,54,9,23,32,424,398,822
2020-04-22,10,7,17,8,13,21,75,66,141,104,84,188,58,46,104,59,61,120,53,44,97,51,49,100,23,40,63,14,29,43,455,439,894
2020-04-23,16,10,26,9,14,23,83,70,153,107,89,196,61,50,111,60,61,121,56,48,104,53,52,105,31,41,72,14,32,46,490,467,957
2020-04-24,18,10,28,9,17,26,88,76,164,114,93,207,64,53,117,62,67,129,59,49,108,53,52,105,33,44,77,14,32,46,514,493,1007
2020-04-25,21,11,32,11,17,28,88,80,168,117,95,212,67,60,127,64,67,131,60,50,110,53,52,105,34,46,80,14,32,46,529,510,1039
2020-04-26,22,13,35,13,17,30,88,84,172,120,98,218,68,61,129,64,67,131,60,50,110,53,53,106,35,47,82,14,32,46,537,522,1059
2020-04-27,24,15,39,15,19,34,91,92,183,125,107,232,75,66,141,66,70,136,63,50,113,55,54,109,38,49,87,15,33,48,567,555,1122
2020-04-28,24,15,39,17,20,37,92,95,187,133,109,242,76,69,145,70,70,140,65,51,116,58,54,112,39,54,93,15,35,50,589,572,1161
2020-04-29,25,17,42,19,23,42,95,97,192,137,110,247,80,74,154,71,72,143,66,52,118,60,55,115,39,57,96,15,35,50,607,592,1199
2020-04-30,28,17,45,19,28,47,97,98,195,145,115,260,84,77,161,75,73,148,67,52,119,61,55,116,39,58,97,15,35,50,630,608,1238
2020-05-01,32,20,52,23,29,52,102,106,208,146,119,265,87,81,168,79,75,154,68,53,121,61,55,116,39,59,98,16,35,51,653,632,1285
2020-05-02,37,22,59,26,34,60,107,114,221,150,124,274,89,82,171,79,76,155,68,53,121,62,55,117,39,60,99,16,35,51,673,655,1328
2020-05-03,38,23,61,33,35,68,109,121,230,152,132,284,91,83,174,82,76,158,69,55,124,62,55,117,40,61,101,16,35,51,692,676,1368
2020-05-04,40,27,67,37,38,75,115,128,243,161,141,302,94,90,184,84,77,161,72,55,127,62,55,117,41,63,104,16,36,52,722,710,1432
2020-05-05,44,33,77,41,46,87,123,140,263,178,150,328,101,105,206,90,81,171,73,59,132,64,58,122,47,74,121,17,42,59,778,788,1566
2020-05-06,46,39,85,44,51,95,132,148,280,188,163,351,109,110,219,93,81,174,76,60,136,65,60,125,48,75,123,18,43,61,819,830,1649
2020-05-07,52,46,98,50,56,106,143,166,309,201,173,374,117,117,234,99,85,184,77,64,141,65,61,126,51,76,127,18,45,63,873,889,1762
2020-05-08,63,56,119,60,67,127,159,184,343,216,192,408,133,129,262,105,87,192,82,67,149,69,61,130,52,80,132,19,45,64,958,968,1926
2020-05-09,65,60,125,62,73,135,169,193,362,231,208,439,146,134,280,113,94,207,86,69,155,70,63,133,52,80,132,20,45,65,1014,1019,2033
2020-05-10,70,65,135,68,79,147,183,203,386,260,222,482,179,137,316,138,100,238,89,72,161,70,65,135,53,80,133,20,45,65,1130,1068,2198
2020-05-11,79,73,152,72,86,158,195,214,409,278,240,518,189,148,337,142,102,244,93,75,168,71,66,137,54,83,137,20,46,66,1193,1133,2326
2020-05-12,87,91,178,79,96,175,225,247,472,303,261,564,202,162,364,154,111,265,100,78,178,74,72,146,54,84,138,23,48,71,1301,1250,2551
2020-05-13,96,98,194,89,106,195,250,264,514,321,279,600,220,177,397,164,121,285,107,85,192,75,74,149,54,86,140,23,51,74,1399,1341,2740
2020-05-14,115,122,237,108,125,233,276,294,570,339,302,641,237,192,429,179,134,313,112,89,201,76,75,151,54,87,141,23,51,74,1519,1471,2990
2020-05-15,130,141,271,114,140,254,296,313,609,358,327,685,256,209,465,189,145,334,114,92,206,78,78,156,54,88,142,24,52,76,1613,1585,3198
2020-05-16,143,152,295,124,152,276,318,341,659,372,346,718,280,227,507,199,155,354,118,95,213,80,81,161,56,90,146,24,56,80,1714,1695,3409
2020-05-17,159,162,321,139,169,308,347,357,704,402,364,766,293,238,531,213,166,379,120,103,223,82,82,164,60,95,155,24,57,81,1839,1793,3632
2020-05-18,182,186,368,159,186,345,395,406,801,433,408,841,316,258,574,231,189,420,129,109,238,90,87,177,63,101,164,25,59,84,2023,1989,4012
2020-05-19,211,213,424,178,208,386,432,447,879,476,443,919,337,281,618,245,198,443,135,117,252,91,89,180,65,106,171,26,61,87,2196,2163,4359
2020-05-20,232,230,462,192,234,426,475,492,967,505,478,983,365,305,670,267,215,482,146,126,272,93,95,188,67,111,178,26,62,88,2368,2348,4716
2020-05-21,252,251,503,220,250,470,509,539,1048,555,513,1068,391,335,726,288,229,517,158,127,285,99,100,199,69,113,182,26,65,91,2567,2522,5089
2020-05-22,270,261,531,236,269,505,543,588,1131,590,543,1133,424,369,793,306,242,548,169,136,305,99,103,202,70,114,184,27,66,93,2734,2691,5425
2020-05-23,289,292,581,256,294,550,578,620,1198,618,570,1188,457,392,849,322,262,584,176,140,316,101,106,207,72,124,196,27,68,95,2896,2868,5764
2020-05-24,304,305,609,267,306,573,606,652,1258,641,598,1239,490,412,902,337,274,611,181,142,323,102,110,212,75,125,200,28,69,97,3031,2993,6024
2020-05-25,326,324,650,284,323,607,637,682,1319,664,630,1294,516,432,948,350,288,638,187,151,338,107,120,227,76,132,208,29,70,99,3176,3152,6328
2020-05-26,349,343,692,309,351,660,677,726,1403,711,671,1382,548,459,1007,377,318,695,197,157,354,109,126,235,77,138,215,31,77,108,3385,3366,6751
2020-05-27,381,357,738,332,379,711,719,778,1497,757,712,1469,580,493,1073,404,336,740,203,166,369,117,134,251,80,142,222,31,80,111,3604,3577,7181
2020-05-28,414,372,786,356,409,765,767,832,1599,799,747,1546,611,534,1145,424,356,780,215,177,392,122,146,268,93,164,257,35,94,129,3836,3831,7667
2020-05-29,440,410,850,380,443,823,798,878,1676,849,779,1628,631,565,1196,443,371,814,226,188,414,132,157,289,96,174,270,35,101,136,4030,4066,8096
2020-05-30,452,428,880,404,468,872,829,915,1744,878,814,1692,646,580,1226,459,380,839,232,194,426,135,162,297,98,177,275,36,102,138,4169,4220,8389
2020-05-31,458,439,897,415,488,903,862,942,1804,898,840,1738,667,609,1276,474,396,870,238,198,436,142,167,309,105,179,284,38,102,140,4297,4360,8657
2020-06-01,479,456,935,433,517,950,900,980,1880,941,878,1819,705,642,1347,492,422,914,243,209,452,149,175,324,111,186,297,39,102,141,4492,4567,9059
2020-06-02,512,479,991,465,542,1007,945,1025,1970,977,927,1904,736,669,1405,510,442,952,263,220,483,162,179,341,113,204,317,43,112,155,4726,4799,9525
2020-06-03,534,503,1037,481,563,1044,984,1077,2061,1027,968,1995,769,698,1467,534,467,1001,279,235,514,170,192,362,117,212,329,46,115,161,4941,5030,9971
2020-06-04,557,534,1091,501,587,1088,1026,1137,2163,1064,1012,2076,792,730,1522,561,489,1050,291,240,531,175,198,373,117,217,334,49,123,172,5133,5267,10400
2020-06-05,598,558,1156,535,612,1147,1071,1198,2269,1113,1061,2174,825,761,1586,583,510,1093,305,254,559,181,211,392,122,224,346,49,126,175,5382,5515,10897
2020-06-06,619,579,1198,552,637,1189,1107,1241,2348,1169,1094,2263,852,798,1650,601,527,1128,312,262,574,187,219,406,124,237,361,51,134,185,5574,5728,11302
2020-06-07,635,600,1235,572,652,1224,1143,1283,2426,1200,1121,2321,882,822,1704,616,540,1156,317,271,588,190,226,416,127,252,379,51,140,191,5733,5907,11640
2020-06-08,668,640,1308,598,688,1286,1201,1343,2544,1266,1179,2445,921,867,1788,662,568,1230,336,283,619,204,239,443,138,263,401,52,147,199,6046,6217,12263
2020-06-09,697,665,1362,629,720,1349,1247,1402,2649,1330,1252,2582,977,912,1889,697,609,1306,353,297,650,222,249,471,145,277,422,52,154,206,6349,6537,12886
2020-06-10,717,688,1405,652,749,1401,1306,1464,2770,1387,1318,2705,1036,952,1988,722,638,1360,369,313,682,238,265,503,153,307,460,53,170,223,6633,6864,13497
2020-06-11,749,716,1465,679,788,1467,1394,1550,2944,1458,1373,2831,1086,1004,2090,763,662,1425,385,330,715,252,276,528,159,319,478,53,176,229,6978,7194,14172
2020-06-12,791,757,1548,716,828,1544,1451,1624,3075,1520,1433,2953,1141,1055,2196,801,687,1488,403,352,755,266,287,553,163,323,486,54,181,235,7306,7527,14833
2020-06-13,827,778,1605,737,868,1605,1506,1681,3187,1570,1485,3055,1175,1100,2275,827,711,1538,421,364,785,276,300,576,167,339,506,57,192,249,7563,7818,15381
2020-06-14,848,804,1652,758,884,1642,1537,1725,3262,1614,1522,3136,1199,1124,2323,848,730,1578,434,376,810,281,310,591,171,354,525,57,198,255,7747,8027,15774
2020-06-15,877,822,1699,784,903,1687,1593,1778,3371,1659,1570,3229,1240,1150,2390,864,748,1612,446,384,830,287,317,604,175,363,538,61,200,261,7986,8235,16221
2020-06-16,916,861,1777,813,936,1749,1666,1852,3518,1745,1641,3386,1303,1196,2499,902,786,1688,472,405,877,304,329,633,179,378,557,62,205,267,8362,8589,16951
2020-06-17,956,893,1849,847,975,1822,1756,1943,3699,1839,1726,3565,1372,1271,2643,962,837,1799,501,432,933,335,341,676,186,405,591,63,214,277,8817,9037,17854
2020-06-18,985,931,1916,896,1014,1910,1850,2032,3882,1938,1818,3756,1455,1348,2803,1020,890,1910,526,448,974,346,354,700,194,420,614,64,220,284,9274,9475,18749
2020-06-19,1018,966,1984,938,1066,2004,1935,2117,4052,2033,1905,3938,1519,1397,2916,1059,934,1993,557,476,1033,371,377,748,210,441,651,65,238,303,9705,9917,19622
2020-06-20,1053,1006,2059,970,1108,2078,2007,2194,4201,2111,1965,4076,1573,1460,3033,1098,969,2067,574,493,1067,386,395,781,218,452,670,70,247,317,10060,10289,20349
2020-06-21,1076,1041,2117,1009,1140,2149,2056,2244,4300,2180,2021,4201,1608,1502,3110,1129,995,2124,594,500,1094,396,406,802,226,469,695,71,258,329,10345,10576,20921
2020-06-22,1132,1081,2213,1049,1192,2241,2160,2331,4491,2292,2104,4396,1690,1563,3253,1210,1046,2256,642,533,1175,418,436,854,245,487,732,75,268,343,10913,11041,21954
2020-06-23,1169,1120,2289,1093,1231,2324,2261,2437,4698,2377,2194,4571,1773,1637,3410,1278,1094,2372,663,557,1220,432,449,881,260,519,779,78,275,353,11384,11513,22897
2020-06-24,1200,1148,2348,1129,1276,2405,2374,2534,4908,2468,2281,4749,1856,1713,3569,1333,1145,2478,693,578,1271,450,459,909,269,536,805,81,288,369,11853,11958,23811
2020-06-25,1242,1190,2432,1177,1322,2499,2467,2639,5106,2574,2370,4944,1910,1779,3689,1386,1187,2573,722,596,1318,460,473,933,278,563,841,83,300,383,12299,12419,24718
2020-06-26,1283,1239,2522,1238,1364,2602,2552,2733,5285,2674,2466,5140,1975,1862,3837,1442,1231,2673,755,617,1372,473,490,963,288,585,873,85,311,396,12765,12898,25663
2020-06-27,1324,1275,2599,1278,1407,2685,2632,2803,5435,2738,2552,5290,2023,1914,3937,1481,1262,2743,786,637,1423,481,501,982,296,601,897,87,316,403,13126,13268,26394
2020-06-28,1353,1293,2646,1312,1430,2742,2708,2877,5585,2798,2601,5399,2090,1957,4047,1517,1300,2817,801,651,1452,489,512,1001,305,614,919,89,324,413,13462,13559,27021
2020-06-29,1378,1322,2700,1360,1480,2840,2804,2962,5766,2909,2676,5585,2171,2039,4210,1571,1351,2922,830,671,1501,505,529,1034,324,641,965,91,334,425,13943,14005,27948
2020-06-30,1408,1356,2764,1414,1515,2929,2891,3048,5939,2992,2766,5758,2245,2108,4353,1629,1395,3024,858,699,1557,525,550,1075,342,664,1006,95,349,444,14399,14450,28849
2020-07-01,1438,1392,2830,1461,1554,3015,2974,3136,6110,3085,2852,5937,2307,2160,4467,1683,1440,3123,893,729,1622,544,564,1108,359,682,1041,98,358,456,14842,14867,29709
2020-07-02,1481,1425,2906,1505,1608,3113,3057,3238,6295,3164,2951,6115,2404,2234,4638,1729,1488,3217,943,754,1697,564,587,1151,367,700,1067,100,365,465,15314,15350,30664
2020-07-03,1527,1468,2995,1559,1655,3214,3155,3334,6489,3275,3035,6310,2478,2311,4789,1795,1538,3333,977,780,1757,584,614,1198,374,724,1098,102,381,483,15826,15840,31666
2020-07-04,1555,1513,3068,1589,1682,3271,3219,3411,6630,3361,3111,6472,2549,2363,4912,1841,1581,3422,1010,807,1817,608,650,1258,380,772,1152,104,403,507,16216,16293,32509
2020-07-05,1576,1539,3115,1622,1712,3334,3275,3472,6747,3428,3167,6595,2607,2417,5024,1889,1626,3515,1045,832,1877,629,684,1313,395,805,1200,107,414,521,16573,16668,33241
2020-07-06,1607,1568,3175,1660,1748,3408,3370,3570,6940,3549,3270,6819,2704,2497,5201,1962,1684,3646,1095,869,1964,652,716,1368,407,854,1261,114,431,545,17120,17207,34327
2020-07-07,1644,1608,3252,1691,1787,3478,3481,3667,7148,3669,3366,7035,2791,2580,5371,2023,1732,3755,1130,896,2026,686,742,1428,421,881,1302,117,441,558,17653,17700,35353
2020-07-08,1685,1648,3333,1728,1827,3555,3579,3776,7355,3797,3483,7280,2872,2664,5536,2085,1811,3896,1180,929,2109,713,779,1492,441,919,1360,123,467,590,18203,18303,36506
2020-07-09,1724,1677,3401,1764,1871,3635,3649,3848,7497,3879,3589,7468,2951,2721,5672,2129,1842,3971,1222,975,2197,742,801,1543,458,961,1419,126,477,603,18644,18762,37406
2020-07-10,1760,1712,3472,1801,1904,3705,3723,3938,7661,3966,3677,7643,3023,2786,5809,2188,1902,4090,1268,1008,2276,760,819,1579,476,984,1460,128,489,617,19093,19219,38312
2020-07-11,1784,1744,3528,1829,1938,3767,3788,4011,7799,4049,3767,7816,3099,2846,5945,2245,1945,4190,1310,1032,2342,780,845,1625,483,1008,1491,132,499,631,19499,19635,39134
2020-07-12,1811,1764,3575,1857,1969,3826,3848,4065,7913,4116,3833,7949,3161,2885,6046,2295,1979,4274,1333,1057,2390,800,862,1662,501,1035,1536,134,514,648,19856,19963,39819
2020-07-13,1852,1797,3649,1909,2017,3926,3951,4182,8133,4255,3954,8209,3263,2984,6247,2381,2047,4428,1372,1089,2461,826,895,1721,520,1077,1597,141,538,679,20470,20580,41050
2020-07-14,1885,1831,3716,1947,2054,4001,4068,4288,8356,4384,4071,8455,3345,3070,6415,2446,2110,4556,1419,1128,2547,853,919,1772,533,1113,1646,148,553,701,21028,21137,42165
2020-07-15,1918,1867,3785,1993,2088,4081,4167,4398,8565,4500,4202,8702,3432,3172,6604,2523,2159,4682,1464,1162,2626,885,949,1834,546,1145,1691,153,579,732,21581,21721,43302
2020-07-16,1947,1910,3857,2048,2135,4183,4275,4493,8768,4640,4330,8970,3525,3264,6789,2597,2229,4826,1508,1198,2706,911,981,1892,565,1190,1755,163,614,777,22179,22344,44523
2020-07-17,1993,1937,3930,2078,2185,4263,4371,4631,9002,4759,4441,9200,3605,3351,6956,2665,2294,4959,1555,1231,2786,933,1009,1942,586,1238,1824,169,645,814,22714,22962,45676
2020-07-18,2024,1973,3997,2128,2219,4347,4468,4719,9187,4872,4549,9421,3690,3450,7140,2735,2349,5084,1590,1264,2854,961,1045,2006,595,1268,1863,174,658,832,23237,23494,46731
2020-07-19,2059,2015,4074,2163,2249,4412,4546,4804,9350,4966,4643,9609,3762,3522,7284,2798,2401,5199,1636,1291,2927,980,1074,2054,611,1300,1911,182,675,857,23703,23974,47677
2020-07-20,2083,2059,4142,2202,2303,4505,4689,4922,9611,5113,4782,9895,3877,3619,7496,2868,2482,5350,1701,1342,3043,1006,1110,2116,635,1334,1969,184,687,871,24358,24640,48998
2020-07-21,2131,2094,4225,2243,2347,4590,4807,5062,9869,5263,4939,10202,3997,3739,7736,2967,2575,5542,1762,1372,3134,1033,1138,2171,653,1372,2025,187,711,898,25043,25349,50392
2020-07-22,2163,2122,4285,2284,2399,4683,4951,5186,10137,5403,5067,10470,4109,3831,7940,3060,2638,5698,1816,1418,3234,1075,1171,2246,670,1402,2072,191,730,921,25722,25964,51686
2020-07-23,2196,2162,4358,2319,2443,4762,5082,5325,10407,5524,5182,10706,4206,3924,8130,3148,2696,5844,1853,1453,3306,1103,1195,2298,691,1430,2121,194,740,934,26316,26550,52866
2020-07-24,2244,2201,4445,2364,2484,4848,5213,5445,10658,5668,5310,10978,4307,4035,8342,3241,2760,6001,1892,1496,3388,1120,1215,2335,707,1475,2182,199,758,957,26955,27179,54134
2020-07-25,2269,2226,4495,2404,2511,4915,5294,5531,10825,5774,5409,11183,4403,4101,8504,3284,2811,6095,1927,1524,3451,1138,1240,2378,719,1497,2216,207,773,980,27419,27623,55042
2020-07-26,2291,2252,4543,2427,2548,4975,5363,5609,10972,5844,5493,11337,4460,4166,8626,3322,2854,6176,1962,1543,3505,1165,1263,2428,737,1535,2272,212,785,997,27783,28048,55831
2020-07-27,2320,2279,4599,2469,2589,5058,5487,5707,11194,5988,5635,11623,4546,4263,8809,3408,2935,6343,2002,1582,3584,1189,1290,2479,758,1562,2320,217,801,1018,28384,28643,57027
2020-07-28,2351,2303,4654,2520,2631,5151,5610,5824,11434,6135,5772,11907,4638,4360,8998,3493,2986,6479,2036,1625,3661,1222,1318,2540,777,1595,2372,219,820,1039,29001,29234,58235
2020-07-29,2376,2336,4712,2573,2679,5252,5722,5943,11665,6247,5893,12140,4740,4462,9202,3549,3057,6606,2087,1649,3736,1251,1345,2596,799,1631,2430,226,837,1063,29570,29832,59402
2020-07-30,2413,2363,4776,2608,2728,5336,5857,6055,11912,6383,6017,12400,4843,4561,9404,3611,3123,6734,2125,1673,3798,1271,1391,2662,816,1675,2491,231,865,1096,30158,30451,60609
2020-07-31,2443,2397,4840,2666,2777,5443,5966,6171,12137,6485,6139,12624,4949,4646,9595,3678,3195,6873,2180,1694,3874,1298,1423,2721,829,1713,2542,234,892,1126,30728,31047,61775
2020-08-01,2476,2433,4909,2698,2835,5533,6050,6279,12329,6597,6257,12854,5070,4733,9803,3741,3245,6986,2212,1724,3936,1314,1445,2759,842,1744,2586,239,903,1142,31239,31598,62837
2020-08-02,2504,2456,4960,2731,2874,5605,6129,6354,12483,6691,6343,13034,5151,4812,9963,3798,3289,7087,2251,1764,4015,1349,1472,2821,863,1788,2651,242,929,1171,31709,32081,63790
2020-08-03,2547,2500,5047,2796,2924,5720,6274,6506,12780,6855,6489,13344,5291,4939,10230,3884,3387,7271,2313,1815,4128,1382,1512,2894,882,1849,2731,246,962,1208,32470,32883,65353
2020-08-04,2583,2529,5112,2841,2983,5824,6407,6636,13043,7011,6638,13649,5421,5072,10493,3974,3475,7449,2377,1856,4233,1422,1555,2977,905,1917,2822,252,995,1247,33193,33656,66849
2020-08-05,2626,2566,5192,2903,3025,5928,6546,6773,13319,7170,6772,13942,5534,5192,10726,4062,3544,7606,2458,1913,4371,1458,1599,3057,930,1994,2924,259,1041,1300,33946,34419,68365
2020-08-06,2659,2598,5257,2958,3068,6026,6675,6898,13573,7289,6896,14185,5645,5283,10928,4135,3627,7762,2497,1958,4455,1478,1625,3103,945,2029,2974,266,1061,1327,34547,35043,69590
2020-08-07,2689,2626,5315,2994,3113,6107,6790,7017,13807,7400,7015,14415,5748,5372,11120,4208,3701,7909,2538,2008,4546,1509,1651,3160,963,2058,3021,272,1075,1347,35111,35636,70747
2020-08-08,2718,2656,5374,3030,3141,6171,6868,7109,13977,7491,7112,14603,5815,5451,11266,4267,3764,8031,2568,2042,4610,1528,1682,3210,973,2102,3075,275,1098,1373,35533,36157,71690
2020-08-09,2737,2671,5408,3066,3180,6246,6936,7189,14125,7565,7181,14746,5878,5519,11397,4331,3809,8140,2611,2077,4688,1546,1694,3240,986,2124,3110,279,1103,1382,35935,36547,72482
2020-08-10,2767,2705,5472,3105,3220,6325,7049,7315,14364,7705,7326,15031,5990,5626,11616,4423,3884,8307,2646,2125,4771,1572,1721,3293,1001,2163,3164,283,1127,1410,36541,37212,73753
2020-08-11,2787,2728,5515,3136,3256,6392,7140,7428,14568,7840,7441,15281,6117,5713,11830,4500,3958,8458,2693,2158,4851,1599,1751,3350,1017,2211,3228,288,1148,1436,37117,37792,74909
2020-08-12,2816,2764,5580,3184,3290,6474,7244,7528,14772,7956,7561,15517,6214,5814,12028,4585,4034,8619,2736,2203,4939,1623,1773,3396,1025,2232,3257,294,1154,1448,37677,38353,76030
2020-08-13,2839,2787,5626,3230,3333,6563,7349,7633,14982,8060,7681,15741,6299,5912,12211,4646,4089,8735,2792,2229,5021,1643,1797,3440,1036,2252,3288,296,1159,1455,38190,38872,77062
2020-08-14,2866,2806,5672,3268,3378,6646,7448,7750,15198,8181,7790,15971,6384,5990,12374,4711,4143,8854,2833,2268,5101,1668,1815,3483,1051,2281,3332,299,1172,1471,38709,39393,78102
2020-08-15,2883,2826,5709,3307,3414,6721,7534,7849,15383,8286,7885,16171,6448,6072,12520,4770,4196,8966,2868,2309,5177,1695,1856,3551,1073,2341,3414,302,1202,1504,39166,39950,79116
2020-08-16,2902,2847,5749,3337,3433,6770,7617,7905,15522,8352,7955,16307,6514,6126,12640,4813,4232,9045,2898,2333,5231,1718,1874,3592,1084,2359,3443,305,1216,1521,39540,40280,79820
2020-08-17,2925,2863,5788,3384,3474,6858,7700,8011,15711,8461,8078,16539,6591,6200,12791,4888,4282,9170,2938,2362,5300,1747,1888,3635,1092,2379,3471,306,1225,1531,40032,40762,80794
2020-08-18,2948,2896,5844,3435,3512,6947,7825,8121,15946,8621,8201,16822,6708,6296,13004,4978,4374,9352,2980,2405,5385,1773,1918,3691,1106,2428,3534,310,1258,1568,40684,41409,82093
2020-08-19,2979,2928,5907,3477,3552,7029,7965,8246,16211,8772,8328,17100,6819,6418,13237,5060,4459,9519,3033,2449,5482,1794,1949,3743,1123,2462,3585,317,1279,1596,41339,42070,83409
2020-08-20,3009,2952,5961,3534,3592,7126,8076,8370,16446,8909,8448,17357,6926,6490,13416,5126,4523,9649,3091,2488,5579,1818,1976,3794,1143,2497,3640,321,1299,1620,41953,42635,84588
2020-08-21,3032,2975,6007,3579,3645,7224,8198,8489,16687,9056,8579,17635,7014,6595,13609,5203,4597,9800,3139,2523,5662,1841,1998,3839,1160,2518,3678,323,1310,1633,42545,43229,85774
2020-08-22,3059,2999,6058,3620,3677,7297,8300,8595,16895,9152,8690,17842,7101,6667,13768,5256,4658,9914,3182,2556,5738,1868,2021,3889,1170,2536,3706,324,1313,1637,43032,43712,86744
2020-08-23,3085,3024,6109,3661,3724,7385,8382,8686,17068,9235,8764,17999,7172,6744,13916,5316,4713,10029,3219,2597,5816,1889,2037,3926,1190,2559,3749,328,1324,1652,43477,44172,87649
2020-08-24,3121,3054,6175,3715,3766,7481,8522,8816,17338,9390,8900,18290,7298,6872,14170,5405,4802,10207,3276,2653,5929,1918,2065,3983,1204,2574,3778,331,1333,1664,44180,44835,89015
2020-08-25,3162,3079,6241,3768,3808,7576,8646,8971,17617,9551,9070,18621,7415,6997,14412,5506,4900,10406,3341,2702,6043,1959,2102,4061,1224,2612,3836,334,1351,1685,44906,45592,90498
2020-08-26,3200,3111,6311,3824,3869,7693,8791,9113,17904,9720,9205,18925,7577,7126,14703,5620,4977,10597,3396,2754,6150,1995,2149,4144,1241,2653,3894,337,1373,1710,45701,46330,92031
2020-08-27,3232,3154,6386,3884,3928,7812,8937,9283,18220,9895,9358,19253,7702,7268,14970,5713,5065,10778,3453,2805,6258,2025,2171,4196,1256,2701,3957,342,1392,1734,46439,47125,93564
2020-08-28,3255,3174,6429,3939,3986,7925,9074,9425,18499,10037,9498,19535,7810,7369,15179,5815,5158,10973,3510,2858,6368,2057,2204,4261,1270,2728,3998,342,1404,1746,47109,47804,94913
2020-08-29,3280,3192,6472,3971,4023,7994,9172,9522,18694,10137,9623,19760,7903,7459,15362,5880,5227,11107,3554,2903,6457,2077,2234,4311,1285,2748,4033,344,1410,1754,47603,48341,95944
2020-08-30,3294,3205,6499,4005,4065,8070,9248,9596,18844,10218,9708,19926,7972,7540,15512,5948,5279,11227,3596,2938,6534,2102,2252,4354,1296,2775,4071,346,1416,1762,48025,48774,96799
2020-08-31,3320,3225,6545,4049,4116,8165,9382,9732,19114,10370,9870,20240,8111,7647,15758,6034,5359,11393,3654,2982,6636,2132,2302,4434,1313,2834,4147,353,1435,1788,48718,49502,98220
2020-09-01,3340,3246,6586,4103,4166,8269,9495,9863,19358,10528,10000,20528,8251,7769,16020,6115,5429,11544,3711,3035,6746,2158,2336,4494,1332,2875,4207,357,1458,1815,49390,50177,99567
2020-09-02,3363,3260,6623,4147,4205,8352,9590,9974,19564,10652,10122,20774,8352,7861,16213,6181,5493,11674,3759,3078,6837,2176,2362,4538,1351,2895,4246,358,1461,1819,49929,50711,100640
2020-09-03,3375,3284,6659,4190,4234,8424,9709,10084,19793,10783,10244,21027,8461,7960,16421,6256,5557,11813,3812,3118,6930,2203,2394,4597,1367,2916,4283,361,1469,1830,50517,51260,101777
2020-09-04,3400,3304,6704,4230,4291,8521,9849,10186,20035,10901,10368,21269,8561,8075,16636,6329,5634,11963,3853,3153,7006,2223,2425,4648,1373,2932,4305,365,1481,1846,51084,51849,102933
2020-09-05,3411,3320,6731,4264,4320,8584,9933,10284,20217,11002,10470,21472,8663,8177,16840,6391,5688,12079,3886,3192,7078,2254,2453,4707,1383,2961,4344,366,1491,1857,51553,52356,103909
2020-09-06,3427,3336,6763,4300,4352,8652,9997,10345,20342,11062,10536,21598,8724,8234,16958,6438,5737,12175,3924,3223,7147,2277,2478,4755,1393,2976,4369,369,1497,1866,51911,52714,104625
2020-09-07,3449,3355,6804,4337,4391,8728,10116,10472,20588,11190,10651,21841,8818,8350,17168,6532,5814,12346,3983,3269,7252,2320,2517,4837,1417,3013,4430,371,1520,1891,52533,53352,105885
2020-09-08,3472,3376,6848,4378,4440,8818,10235,10582,20817,11329,10793,22122,8945,8472,17417,6616,5896,12512,4030,3312,7342,2354,2544,4898,1433,3049,4482,376,1532,1908,53168,53996,107164
2020-09-09,3498,3402,6900,4420,4487,8907,10370,10709,21079,11470,10924,22394,9053,8568,17621,6686,5970,12656,4092,3356,7448,2386,2575,4961,1442,3069,4511,381,1548,1929,53798,54608,108406
2020-09-10,3533,3421,6954,4457,4537,8994,10464,10819,21283,11585,11032,22617,9161,8668,17829,6777,6033,12810,4148,3391,7539,2417,2616,5033,1454,3117,4571,385,1577,1962,54381,55211,109592
2020-09-11,3563,3446,7009,4496,4587,9083,10557,10946,21503,11705,11140,22845,9283,8774,18057,6852,6118,12970,4181,3423,7604,2451,2647,5098,1467,3136,4603,386,1581,1967,54941,55798,110739
2020-09-12,3579,3458,7037,4524,4621,9145,10628,11022,21650,11781,11229,23010,9356,8859,18215,6903,6176,13079,4216,3459,7675,2466,2667,5133,1478,3163,4641,387,1597,1984,55318,56251,111569
2020-09-13,3595,3476,7071,4555,4647,9202,10685,11103,21788,11859,11300,23159,9419,8928,18347,6946,6213,13159,4254,3498,7752,2494,2687,5181,1485,3183,4668,389,1600,1989,55681,56635,112316
2020-09-14,3613,3492,7105,4592,4679,9271,10787,11210,21997,11976,11419,23395,9502,9007,18509,7016,6291,13307,4294,3537,7831,2527,2712,5239,1492,3206,4698,393,1607,2000,56192,57160,113352
2020-09-15,3642,3505,7147,4624,4718,9342,10872,11302,22174,12068,11515,23583,9583,9105,18688,7099,6357,13456,4348,3576,7924,2546,2739,5285,1505,3224,4729,395,1615,2010,56682,57656,114338
2020-09-16,3665,3522,7187,4670,4755,9425,10965,11403,22368,12166,11617,23783,9693,9186,18879,7168,6423,13591,4379,3609,7988,2566,2775,5341,1514,3251,4765,398,1632,2030,57184,58173,115357
2020-09-17,3681,3539,7220,4701,4792,9493,11063,11496,22559,12246,11719,23965,9770,9265,19035,7220,6473,13693,4427,3635,8062,2588,2795,5383,1528,3261,4789,400,1639,2039,57624,58614,116238
2020-09-18,3713,3568,7281,4739,4838,9577,11150,11608,22758,12344,11829,24173,9840,9342,19182,7275,6518,13793,4467,3664,8131,2605,2828,5433,1540,3278,4818,400,1648,2048,58073,59121,117194
2020-09-19,3724,3582,7306,4768,4870,9638,11206,11668,22874,12421,11917,24338,9910,9385,19295,7319,6560,13879,4506,3695,8201,2617,2845,5462,1544,3293,4837,400,1654,2054,58415,59469,117884
2020-09-20,3736,3597,7333,4790,4888,9678,11259,11720,22979,12469,11983,24452,9946,9425,19371,7345,6586,13931,4533,3731,8264,2634,2870,5504,1550,3301,4851,400,1660,2060,58662,59761,118423
2020-09-21,3755,3610,7365,4832,4918,9750,11341,11800,23141,12564,12049,24613,10034,9481,19515,7388,6636,14024,4573,3763,8336,2659,2902,5561,1561,3319,4880,400,1664,2064,59107,60142,119249
2020-09-22,3777,3622,7399,4867,4955,9822,11441,11886,23327,12661,12149,24810,10099,9563,19662,7449,6687,14136,4609,3802,8411,2681,2923,5604,1578,3350,4928,403,1675,2078,59565,60612,120177
2020-09-23,3798,3643,7441,4899,4996,9895,11534,11972,23506,12749,12236,24985,10169,9655,19824,7507,6743,14250,4646,3838,8484,2705,2950,5655,1586,3362,4948,407,1680,2087,60000,61075,121075
2020-09-24,3819,3661,7480,4936,5037,9973,11630,12068,23698,12841,12339,25180,10231,9724,19955,7577,6793,14370,4697,3875,8572,2729,2966,5695,1604,3383,4987,409,1685,2094,60473,61531,122004
2020-09-25,3839,3686,7525,4968,5064,10032,11724,12150,23874,12921,12445,25366,10319,9808,20127,7644,6860,14504,4739,3911,8650,2762,3001,5763,1614,3397,5011,412,1699,2111,60942,62021,122963
2020-09-26,3852,3699,7551,4998,5091,10089,11779,12209,23988,12978,12503,25481,10386,9860,20246,7681,6911,14592,4763,3940,8703,2781,3021,5802,1624,3412,5036,413,1706,2119,61255,62352,123607
2020-09-27,3871,3714,7585,5021,5123,10144,11853,12256,24109,13051,12571,25622,10449,9906,20355,7720,6952,14672,4787,3955,8742,2804,3033,5837,1630,3423,5053,416,1709,2125,61602,62642,124244
2020-09-28,3892,3730,7622,5056,5157,10213,11934,12352,24286,13148,12668,25816,10523,9980,20503,7775,7008,14783,4839,3997,8836,2824,3064,5888,1648,3444,5092,418,1715,2133,62057,63115,125172
2020-09-29,3926,3745,7671,5088,5178,10266,12033,12448,24481,13251,12756,26007,10607,10053,20660,7832,7066,14898,4879,4046,8925,2852,3101,5953,1657,3465,5122,418,1725,2143,62543,63583,126126
2020-09-30,3945,3768,7713,5114,5212,10326,12137,12558,24695,13348,12846,26194,10681,10135,20816,7891,7128,15019,4925,4075,9000,2881,3115,5996,1669,3486,5155,422,1729,2151,63013,64052,127065
2020-10-01,3965,3784,7749,5144,5250,10394,12229,12654,24883,13435,12933,26368,10743,10199,20942,7947,7190,15137,4957,4118,9075,2893,3140,6033,1678,3503,5181,424,1737,2161,63415,64508,127923
2020-10-02,3989,3801,7790,5182,5280,10462,12318,12739,25057,13511,13020,26531,10805,10278,21083,8002,7260,15262,4993,4158,9151,2911,3164,6075,1694,3522,5216,428,1748,2176,63833,64970,128803
2020-10-03,4011,3812,7823,5202,5311,10513,12376,12786,25162,13575,13063,26638,10846,10335,21181,8046,7312,15358,5018,4172,9190,2922,3171,6093,1699,3534,5233,429,1752,2181,64124,65248,129372
2020-10-04,4019,3819,7838,5224,5331,10555,12425,12838,25263,13621,13113,26734,10887,10372,21259,8076,7344,15420,5036,4195,9231,2936,3179,6115,1704,3543,5247,429,1758,2187,64357,65492,129849
2020-10-05,4030,3835,7865,5252,5356,10608,12499,12940,25439,13716,13190,26906,10952,10429,21381,8127,7398,15525,5083,4232,9315,2958,3201,6159,1711,3558,5269,430,1764,2194,64758,65903,130661
2020-10-06,4057,3853,7910,5280,5396,10676,12591,13037,25628,13816,13280,27096,11036,10501,21537,8188,7459,15647,5120,4263,9383,2972,3220,6192,1725,3574,5299,432,1769,2201,65217,66352,131569
2020-10-07,4072,3864,7936,5307,5432,10739,12686,13128,25814,13885,13364,27249,11114,10571,21685,8247,7513,15760,5146,4284,9430,2984,3241,6225,1735,3595,5330,432,1777,2209,65608,66769,132377
2020-10-08,4092,3879,7971,5334,5469,10803,12768,13217,25985,13968,13442,27410,11166,10650,21816,8295,7566,15861,5173,4315,9488,3002,3266,6268,1747,3629,5376,434,1791,2225,65979,67224,133203
2020-10-09,4111,3896,8007,5360,5502,10862,12831,13310,26141,14059,13540,27599,11226,10717,21943,8353,7620,15973,5198,4351,9549,3019,3291,6310,1762,3660,5422,437,1805,2242,66356,67692,134048
2020-10-10,4122,3902,8024,5380,5535,10915,12884,13366,26250,14120,13607,27727,11288,10766,22054,8393,7674,16067,5225,4378,9603,3036,3307,6343,1766,3671,5437,438,1806,2244,66652,68012,134664
2020-10-11,4136,3917,8053,5394,5557,10951,12923,13409,26332,14158,13660,27818,11328,10799,22127,8424,7707,16131,5239,4398,9637,3050,3322,6372,1774,3688,5462,440,1813,2253,66866,68270,135136
2020-10-12,4160,3933,8093,5417,5590,11007,12989,13453,26442,14226,13719,27945,11379,10847,22226,8461,7749,16210,5268,4424,9692,3068,3335,6403,1778,3704,5482,440,1819,2259,67186,68573,135759
2020-10-13,4176,3952,8128,5453,5620,11073,13072,13537,26609,14334,13804,28138,11448,10911,22359,8516,7791,16307,5305,4449,9754,3080,3353,6433,1785,3728,5513,441,1829,2270,67610,68974,136584
2020-10-14,4190,3968,8158,5488,5653,11141,13153,13623,26776,14409,13876,28285,11521,10977,22498,8577,7853,16430,5330,4477,9807,3100,3372,6472,1793,3736,5529,442,1835,2277,68003,69370,137373
2020-10-15,4206,3988,8194,5536,5699,11235,13247,13696,26943,14498,13955,28453,11584,11044,22628,8619,7898,16517,5355,4503,9858,3122,3392,6514,1800,3755,5555,445,1839,2284,68412,69769,138181
2020-10-16,4225,4000,8225,5565,5743,11308,13315,13799,27114,14577,14036,28613,11653,11105,22758,8668,7936,16604,5384,4536,9920,3141,3413,6554,1810,3780,5590,447,1854,2301,68785,70202,138987
2020-10-17,4238,4015,8253,5594,5769,11363,13372,13847,27219,14641,14114,28755,11693,11139,22832,8702,7971,16673,5406,4559,9965,3150,3421,6571,1818,3788,5606,449,1857,2306,69063,70480,139543
2020-10-18,4248,4023,8271,5614,5792,11406,13412,13888,27300,14684,14145,28829,11718,11165,22883,8726,7997,16723,5421,4575,9996,3164,3434,6598,1819,3797,5616,449,1861,2310,69255,70677,139932
2020-10-19,4267,4037,8304,5636,5822,11458,13477,13942,27419,14732,14204,28936,11784,11211,22995,8770,8035,16805,5451,4594,10045,3184,3457,6641,1823,3810,5633,450,1865,2315,69574,70977,140551
2020-10-20,4274,4047,8321,5654,5847,11501,13548,14017,27565,14804,14259,29063,11835,11268,23103,8821,8070,16891,5477,4621,10098,3197,3465,6662,1835,3827,5662,451,1872,2323,69896,71293,141189
2020-10-21,4288,4058,8346,5677,5874,11551,13602,14073,27675,14858,14309,29167,11888,11307,23195,8850,8110,16960,5504,4642,10146,3209,3479,6688,1838,3834,5672,452,1875,2327,70166,71561,141727
2020-10-22,4301,4068,8369,5704,5898,11602,13656,14139,27795,14909,14352,29261,11930,11343,23273,8877,8135,17012,5524,4656,10180,3220,3492,6712,1843,3841,5684,453,1875,2328,70417,71799,142216
2020-10-23,4313,4078,8391,5728,5915,11643,13707,14210,27917,14952,14409,29361,11985,11390,23375,8914,8164,17078,5555,4681,10236,3229,3504,6733,1853,3848,5701,454,1876,2330,70690,72075,142765
2020-10-24,4321,4090,8411,5747,5932,11679,13746,14255,28001,14988,14457,29445,12016,11421,23437,8949,8188,17137,5572,4695,10267,3240,3515,6755,1858,3855,5713,454,1880,2334,70891,72288,143179
2020-10-25,4329,4100,8429,5760,5948,11708,13780,14292,28072,15015,14489,29504,12049,11449,23498,8969,8212,17181,5589,4701,10290,3245,3524,6769,1861,3859,5720,454,1881,2335,71051,72455,143506
2020-10-26,4342,4105,8447,5772,5982,11754,13829,14336,28165,15080,14547,29627,12090,11487,23577,9003,8246,17249,5611,4720,10331,3253,3534,6787,1871,3869,5740,458,1885,2343,71309,72711,144020
2020-10-27,4349,4116,8465,5800,6009,11809,13889,14398,28287,15135,14601,29736,12142,11535,23677,9046,8283,17329,5630,4746,10376,3262,3549,6811,1881,3884,5765,459,1887,2346,71593,73008,144601
2020-10-28,4365,4129,8494,5827,6028,11855,13943,14449,28392,15180,14647,29827,12185,11567,23752,9074,8313,17387,5654,4765,10419,3270,3559,6829,1888,3889,5777,461,1889,2350,71847,73235,145082
2020-10-29,4376,4135,8511,5843,6044,11887,13988,14489,28477,15223,14694,29917,12224,11597,23821,9093,8336,17429,5668,4780,10448,3287,3565,6852,1892,3901,5793,462,1896,2358,72056,73437,145493
2020-10-30,4382,4140,8522,5851,6051,11902,14020,14526,28546,15272,14721,29993,12252,11632,23884,9109,8356,17465,5678,4795,10473,3299,3576,6875,1895,3905,5800,463,1898,2361,72221,73600,145821
2020-10-31,4384,4144,8528,5859,6063,11922,14040,14554,28594,15300,14751,30051,12273,11654,23927,9124,8372,17496,5689,4805,10494,3303,3582,6885,1899,3909,5808,463,1898,2361,72334,73732,146066
2020-11-01,4393,4152,8545,5869,6078,11947,14081,14582,28663,15332,14781,30113,12302,11681,23983,9143,8393,17536,5704,4814,10518,3310,3588,6898,1901,3913,5814,463,1899,2362,72498,73881,146379
2020-11-02,4402,4161,8563,5878,6103,11981,14117,14629,28746,15379,14817,30196,12337,11717,24054,9175,8419,17594,5719,4823,10542,3312,3597,6909,1906,3920,5826,463,1903,2366,72688,74089,146777
2020-11-03,4412,4167,8579,5899,6114,12013,14170,14663,28833,15413,14852,30265,12370,11744,24114,9200,8442,17642,5731,4844,10575,3315,3607,6922,1908,3929,5837,463,1905,2368,72881,74267,147148
2020-11-04,4421,4171,8592,5905,6129,12034,14216,14711,28927,15456,14892,30348,12395,11779,24174,9221,8472,17693,5751,4856,10607,3321,3620,6941,1911,3936,5847,463,1908,2371,73060,74474,147534
2020-11-05,4436,4181,8617,5933,6147,12080,14269,14774,29043,15513,14930,30443,12430,11817,24247,9251,8497,17748,5771,4873,10644,3334,3634,6968,1914,3952,5866,464,1913,2377,73315,74718,148033
2020-11-06,4449,4189,8638,5955,6165,12120,14293,14814,29107,15556,14976,30532,12467,11847,24314,9278,8519,17797,5791,4893,10684,3346,3644,6990,1918,3959,5877,464,1915,2379,73517,74921,148438
2020-11-07,4457,4194,8651,5962,6175,12137,14317,14849,29166,15598,15019,30617,12499,11877,24376,9292,8540,17832,5806,4911,10717,3353,3653,7006,1922,3962,5884,464,1915,2379,73670,75095,148765
2020-11-08,4465,4200,8665,5968,6187,12155,14336,14894,29230,15626,15043,30669,12524,11895,24419,9311,8561,17872,5820,4919,10739,3359,3655,7014,1925,3968,5893,465,1915,2380,73799,75237,149036
2020-11-09,4478,4205,8683,5988,6203,12191,14372,14951,29323,15668,15084,30752,12572,11931,24503,9348,8605,17953,5838,4939,10777,3377,3661,7038,1926,3975,5901,465,1917,2382,74032,75471,149503
2020-11-10,4489,4215,8704,6004,6216,12220,14422,15005,29427,15734,15122,30856,12604,11960,24564,9372,8624,17996,5859,4958,10817,3393,3684,7077,1931,3982,5913,468,1918,2386,74276,75684,149960
2020-11-11,4499,4222,8721,6020,6237,12257,14472,15053,29525,15785,15172,30957,12645,11992,24637,9408,8646,18054,5877,4976,10853,3404,3700,7104,1932,3989,5921,470,1922,2392,74512,75909,150421
2020-11-12,4510,4229,8739,6039,6254,12293,14527,15098,29625,15825,15210,31035,12682,12028,24710,9432,8669,18101,5890,4987,10877,3408,3707,7115,1936,3993,5929,470,1926,2396,74719,76101,150820
2020-11-13,4518,4234,8752,6060,6271,12331,14567,15141,29708,15862,15240,31102,12727,12059,24786,9456,8692,18148,5910,5009,10919,3422,3712,7134,1939,4002,5941,472,1933,2405,74933,76293,151226
2020-11-14,4524,4240,8764,6077,6288,12365,14599,15175,29774,15898,15270,31168,12754,12080,24834,9487,8712,18199,5929,5022,10951,3431,3720,7151,1942,4007,5949,473,1934,2407,75114,76448,151562
2020-11-15,4528,4247,8775,6086,6306,12392,14622,15200,29822,15920,15294,31214,12779,12097,24876,9504,8725,18229,5938,5032,10970,3438,3728,7166,1944,4016,5960,474,1934,2408,75233,76579,151812
2020-11-16,4534,4256,8790,6102,6324,12426,14652,15240,29892,15957,15328,31285,12806,12126,24932,9523,8748,18271,5950,5045,10995,3450,3740,7190,1951,4020,5971,475,1936,2411,75400,76763,152163
2020-11-17,4542,4262,8804,6123,6344,12467,14701,15283,29984,15996,15374,31370,12844,12161,25005,9548,8777,18325,5969,5060,11029,3458,3750,7208,1956,4033,5989,477,1940,2417,75614,76984,152598
2020-11-18,4547,4269,8816,6141,6365,12506,14746,15340,30086,16045,15409,31454,12884,12190,25074,9571,8810,18381,5981,5076,11057,3470,3762,7232,1960,4044,6004,477,1945,2422,75822,77210,153032
2020-11-19,4551,4273,8824,6153,6382,12535,14794,15369,30163,16075,15443,31518,12903,12215,25118,9594,8832,18426,5997,5090,11087,3476,3769,7245,1962,4048,6010,477,1949,2426,75982,77370,153352
2020-11-20,4556,4278,8834,6171,6406,12577,14836,15397,30233,16103,15464,31567,12924,12229,25153,9607,8848,18455,6013,5104,11117,3483,3774,7257,1967,4051,6018,479,1952,2431,76139,77503,153642
2020-11-21,4563,4288,8851,6184,6423,12607,14864,15432,30296,16138,15493,31631,12941,12264,25205,9621,8864,18485,6026,5119,11145,3490,3781,7271,1970,4054,6024,479,1955,2434,76276,77673,153949
2020-11-22,4567,4291,8858,6194,6430,12624,14886,15454,30340,16155,15514,31669,12961,12281,25242,9633,8871,18504,6041,5124,11165,3496,3790,7286,1971,4055,6026,479,1956,2435,76383,77766,154149
2020-11-23,4572,4294,8866,6201,6438,12639,14905,15483,30388,16185,15539,31724,12980,12291,25271,9642,8891,18533,6049,5129,11178,3507,3796,7303,1973,4057,6030,479,1958,2437,76493,77876,154369
2020-11-24,4579,4298,8877,6210,6454,12664,14944,15527,30471,16230,15577,31807,13009,12310,25319,9663,8908,18571,6068,5142,11210,3514,3803,7317,1976,4059,6035,479,1960,2439,76672,78038,154710
2020-11-25,4594,4304,8898,6227,6466,12693,14994,15581,30575,16285,15622,31907,13045,12347,25392,9690,8930,18620,6085,5155,11240,3522,3815,7337,1981,4065,6046,479,1962,2441,76902,78247,155149
2020-11-26,4597,4318,8915,6240,6489,12729,15036,15624,30660,16338,15652,31990,13069,12372,25441,9706,8959,18665,6095,5171,11266,3527,3819,7346,1986,4069,6055,480,1966,2446,77074,78439,155513
2020-11-27,4604,4323,8927,6259,6502,12761,15083,15664,30747,16380,15677,32057,13100,12399,25499,9731,8979,18710,6109,5185,11294,3537,3827,7364,1989,4072,6061,482,1968,2450,77274,78596,155870
2020-11-28,4610,4330,8940,6275,6516,12791,15113,15705,30818,16411,15707,32118,13123,12422,25545,9744,8996,18740,6118,5200,11318,3541,3830,7371,1990,4075,6065,482,1970,2452,77407,78751,156158
2020-11-29,4617,4331,8948,6288,6530,12818,15144,15739,30883,16448,15733,32181,13146,12443,25589,9764,9009,18773,6123,5213,11336,3544,3834,7378,1994,4080,6074,484,1970,2454,77552,78882,156434
2020-11-30,4625,4336,8961,6302,6544,12846,15186,15772,30958,16478,15764,32242,13177,12463,25640,9781,9034,18815,6130,5224,11354,3554,3846,7400,1997,4088,6085,484,1973,2457,77714,79044,156758
2020-12-01,4635,4341,8976,6314,6555,12869,15222,15800,31022,16512,15812,32324,13209,12487,25696,9797,9048,18845,6142,5233,11375,3560,3851,7411,2000,4091,6091,484,1973,2457,77875,79191,157066
2020-12-02,4637,4345,8982,6324,6569,12893,15248,15826,31074,16539,15837,32376,13224,12510,25734,9807,9061,18868,6153,5241,11394,3566,3863,7429,2003,4096,6099,487,1978,2465,77988,79326,157314
2020-12-03,4643,4349,8992,6337,6582,12919,15281,15847,31128,16577,15871,32448,13253,12524,25777,9822,9077,18899,6166,5254,11420,3573,3875,7448,2006,4100,6106,489,1980,2469,78147,79459,157606
2020-12-04,4653,4355,9008,6353,6601,12954,15306,15882,31188,16616,15911,32527,13283,12554,25837,9843,9097,18940,6179,5267,11446,3581,3879,7460,2012,4103,6115,489,1980,2469,78315,79629,157944
2020-12-05,4659,4361,9020,6363,6618,12981,15333,15912,31245,16643,15939,32582,13303,12581,25884,9861,9114,18975,6192,5279,11471,3587,3889,7476,2018,4109,6127,489,1980,2469,78448,79782,158230
2020-12-06,4666,4365,9031,6371,6625,12996,15357,15933,31290,16667,15958,32625,13321,12603,25924,9880,9129,19009,6202,5288,11490,3592,3894,7486,2023,4111,6134,489,1980,2469,78568,79886,158454
2020-12-07,4670,4370,9040,6377,6638,13015,15377,15958,31335,16688,15981,32669,13349,12621,25970,9893,9147,19040,6214,5298,11512,3598,3899,7497,2025,4113,6138,489,1982,2471,78680,80007,158687
2020-12-08,4678,4372,9050,6390,6652,13042,15405,15988,31393,16724,16014,32738,13389,12641,26030,9917,9165,19082,6234,5304,11538,3610,3908,7518,2028,4118,6146,490,1984,2474,78865,80146,159011
2020-12-09,4683,4381,9064,6416,6670,13086,15455,16028,31483,16767,16053,32820,13426,12678,26104,9947,9192,19139,6250,5322,11572,3617,3921,7538,2029,4122,6151,491,1988,2479,79081,80355,159436
2020-12-10,4689,4390,9079,6432,6696,13128,15492,16080,31572,16822,16092,32914,13466,12719,26185,9970,9217,19187,6267,5337,11604,3626,3934,7560,2032,4128,6160,491,1990,2481,79287,80583,159870
2020-12-11,4701,4399,9100,6443,6708,13151,15544,16131,31675,16853,16134,32987,13505,12746,26251,9986,9250,19236,6278,5355,11633,3630,3947,7577,2037,4135,6172,491,1991,2482,79468,80796,160264
2020-12-12,4709,4403,9112,6461,6721,13182,15594,16182,31776,16891,16163,33054,13532,12772,26304,10000,9265,19265,6291,5369,11660,3642,3954,7596,2039,4135,6174,491,1991,2482,79650,80955,160605
2020-12-13,4711,4408,9119,6478,6735,13213,15634,16216,31850,16922,16203,33125,13555,12797,26352,10015,9285,19300,6310,5380,11690,3651,3960,7611,2045,4138,6183,493,1991,2484,79814,81113,160927
2020-12-14,4716,4412,9128,6497,6753,13250,15698,16277,31975,16991,16251,33242,13595,12838,26433,10044,9310,19354,6327,5404,11731,3663,3971,7634,2049,4147,6196,493,1993,2486,80073,81356,161429
2020-12-15,4720,4415,9135,6521,6777,13298,15763,16335,32098,17052,16304,33356,13647,12873,26520,10066,9341,19407,6349,5411,11760,3673,3978,7651,2056,4150,6206,495,1996,2491,80342,81580,161922
2020-12-16,4730,4424,9154,6541,6807,13348,15851,16402,32253,17100,16346,33446,13675,12903,26578,10093,9371,19464,6363,5428,11791,3688,3987,7675,2065,4155,6220,498,2000,2498,80604,81823,162427
2020-12-17,4740,4429,9169,6571,6843,13414,15962,16496,32458,17171,16410,33581,13716,12959,26675,10118,9406,19524,6378,5453,11831,3702,4000,7702,2069,4162,6231,499,2001,2500,80926,82159,163085
2020-12-18,4744,4438,9182,6612,6867,13479,16052,16580,32632,17241,16483,33724,13771,13007,26778,10153,9443,19596,6400,5477,11877,3718,4014,7732,2073,4176,6249,499,2011,2510,81263,82496,163759
2020-12-19,4754,4444,9198,6640,6891,13531,16120,16635,32755,17300,16539,33839,13815,13050,26865,10183,9472,19655,6420,5494,11914,3730,4025,7755,2078,4183,6261,499,2012,2511,81539,82745,164284
2020-12-20,4758,4453,9211,6666,6905,13571,16183,16684,32867,17336,16588,33924,13860,13103,26963,10213,9491,19704,6447,5513,11960,3739,4032,7771,2081,4187,6268,502,2014,2516,81785,82970,164755
2020-12-21,4769,4462,9231,6696,6939,13635,16276,16787,33063,17425,16678,34103,13922,13160,27082,10270,9532,19802,6489,5539,12028,3757,4049,7806,2085,4196,6281,502,2016,2518,82191,83358,165549
2020-12-22,4777,4475,9252,6726,6975,13701,16371,16888,33259,17540,16750,34290,13979,13223,27202,10325,9588,19913,6514,5565,12079,3772,4065,7837,2090,4205,6295,503,2019,2522,82597,83753,166350
2020-12-23,4787,4486,9273,6758,7022,13780,16510,17007,33517,17649,16846,34495,14047,13296,27343,10402,9645,20047,6536,5596,12132,3799,4086,7885,2094,4217,6311,504,2020,2524,83086,84221,167307
2020-12-24,4787,4488,9275,6781,7049,13830,16575,17066,33641,17723,16894,34617,14078,13345,27423,10434,9671,20105,6555,5606,12161,3811,4093,7904,2096,4223,6319,504,2021,2525,83344,84456,167800
2020-12-25,4790,4495,9285,6798,7066,13864,16618,17105,33723,17762,16921,34683,14121,13376,27497,10458,9691,20149,6575,5620,12195,3816,4100,7916,2097,4224,6321,504,2022,2526,83539,84620,168159
2020-12-26,4802,4505,9307,6831,7108,13939,16731,17211,33942,17869,17014,34883,14196,13465,27661,10533,9749,20282,6618,5664,12282,3830,4116,7946,2101,4231,6332,504,2023,2527,84015,85086,169101
2020-12-27,4816,4511,9327,6861,7149,14010,16832,17305,34137,17963,17088,35051,14256,13518,27774,10585,9788,20373,6642,5694,12336,3846,4132,7978,2102,4237,6339,504,2023,2527,84407,85445,169852
2020-12-28,4834,4529,9363,6910,7218,14128,16981,17444,34425,18079,17221,35300,14378,13617,27995,10684,9858,20542,6685,5732,12417,3879,4163,8042,2113,4254,6367,506,2025,2531,85049,86061,171110
2020-12-29,4842,4547,9389,6972,7290,14262,17169,17630,34799,18244,17357,35601,14478,13713,28191,10755,9947,20702,6732,5784,12516,3914,4198,8112,2124,4262,6386,509,2028,2537,85739,86756,172495
2020-12-30,4867,4566,9433,7044,7370,14414,17355,17785,35140,18403,17499,35902,14588,13833,28421,10839,10030,20869,6778,5849,12627,3948,4231,8179,2133,4275,6408,512,2032,2544,86467,87470,173937
2020-12-31,4875,4575,9450,7088,7419,14507,17500,17909,35409,18487,17578,36065,14649,13905,28554,10883,10070,20953,6805,5874,12679,3972,4245,8217,2138,4279,6417,512,2032,2544,86909,87886,174795
2021-01-01,4879,4577,9456,7108,7436,14544,17532,17947,35479,18529,17623,36152,14672,13939,28611,10901,10089,20990,6824,5899,12723,3982,4256,8238,2139,4282,6421,512,2032,2544,87078,88080,175158
2021-01-02,4888,4589,9477,7162,7490,14652,17636,18069,35705,18637,17715,36352,14760,14028,28788,10974,10159,21133,6868,5940,12808,4001,4278,8279,2144,4285,6429,518,2032,2550,87588,88585,176173
2021-01-03,4904,4603,9507,7207,7539,14746,17768,18220,35988,18739,17812,36551,14841,14107,28948,11033,10226,21259,6908,5972,12880,4021,4303,8324,2152,4291,6443,519,2033,2552,88092,89106,177198
2021-01-04,4921,4613,9534,7282,7606,14888,17994,18438,36432,18918,17975,36893,14958,14208,29166,11128,10332,21460,6961,6024,12985,4048,4336,8384,2166,4313,6479,521,2037,2558,88897,89882,178779
2021-01-05,4942,4637,9579,7366,7686,15052,18241,18703,36944,19091,18129,37220,15077,14311,29388,11229,10406,21635,7024,6078,13102,4068,4371,8439,2172,4331,6503,523,2047,2570,89733,90699,180432
2021-01-06,4958,4650,9608,7443,7769,15212,18482,18938,37420,19277,18279,37556,15197,14413,29610,11310,10487,21797,7080,6138,13218,4098,4402,8500,2180,4345,6525,524,2051,2575,90549,91472,182021
2021-01-07,4979,4664,9643,7507,7845,15352,18676,19156,37832,19427,18422,37849,15305,14528,29833,11394,10574,21968,7126,6182,13308,4121,4440,8561,2188,4354,6542,529,2054,2583,91252,92219,183471
2021-01-08,4994,4682,9676,7573,7917,15490,18870,19351,38221,19565,18546,38111,15421,14642,30063,11480,10656,22136,7182,6236,13418,4145,4464,8609,2195,4369,6564,530,2059,2589,91955,92922,184877
2021-01-09,5002,4691,9693,7621,7977,15598,19015,19522,38537,19685,18647,38332,15520,14734,30254,11536,10727,22263,7230,6276,13506,4159,4489,8648,2201,4380,6581,532,2062,2594,92501,93505,186006
2021-01-10,5011,4696,9707,7669,8018,15687,19126,19661,38787,19755,18729,38484,15579,14799,30378,11591,10776,22367,7257,6308,13565,4171,4510,8681,2208,4386,6594,534,2064,2598,92901,93947,186848
2021-01-11,5018,4706,9724,7739,8082,15821,19319,19852,39171,19869,18853,38722,15673,14876,30549,11669,10855,22524,7298,6353,13651,4204,4531,8735,2214,4396,6610,535,2068,2603,93538,94572,188110
2021-01-12,5029,4715,9744,7798,8165,15963,19529,20039,39568,20011,18979,38990,15759,14976,30735,11734,10935,22669,7343,6394,13737,4238,4560,8798,2226,4412,6638,535,2071,2606,94202,95246,189448
2021-01-13,5045,4732,9777,7865,8267,16132,19716,20241,39957,20158,19118,39276,15859,15076,30935,11811,11006,22817,7390,6447,13837,4266,4579,8845,2237,4420,6657,536,2076,2612,94883,95962,190845
2021-01-14,5064,4743,9807,7934,8340,16274,19875,20434,40309,20292,19223,39515,15939,15156,31095,11885,11083,22968,7435,6485,13920,4290,4608,8898,2249,4428,6677,540,2077,2617,95503,96577,192080
2021-01-15,5078,4754,9832,8024,8404,16428,20061,20590,40651,20423,19331,39754,16039,15234,31273,11964,11170,23134,7485,6522,14007,4310,4632,8942,2258,4443,6701,540,2080,2620,96182,97160,193342
2021-01-16,5086,4765,9851,8094,8482,16576,20180,20724,40904,20526,19426,39952,16114,15319,31433,12012,11222,23234,7521,6550,14071,4331,4650,8981,2264,4453,6717,541,2085,2626,96669,97676,194345
2021-01-17,5091,4773,9864,8153,8539,16692,20294,20856,41150,20610,19506,40116,16179,15378,31557,12065,11270,23335,7563,6577,14140,4351,4656,9007,2270,4459,6729,542,2086,2628,97118,98100,195218
2021-01-18,5104,4786,9890,8229,8616,16845,20522,21042,41564,20743,19629,40372,16273,15462,31735,12148,11350,23498,7618,6624,14242,4378,4689,9067,2280,4476,6756,543,2088,2631,97838,98762,196600
2021-01-19,5120,4793,9913,8309,8711,17020,20678,21216,41894,20884,19728,40612,16359,15564,31923,12201,11410,23611,7662,6665,14327,4404,4712,9116,2292,4493,6785,543,2094,2637,98452,99386,197838
2021-01-20,5127,4800,9927,8398,8781,17179,20853,21380,42233,21003,19829,40832,16451,15665,32116,12273,11479,23752,7697,6717,14414,4425,4737,9162,2305,4514,6819,543,2099,2642,99075,100001,199076
2021-01-21,5137,4809,9946,8478,8849,17327,20983,21523,42506,21126,19941,41067,16549,15763,32312,12344,11562,23906,7739,6756,14495,4452,4764,9216,2314,4535,6849,547,2105,2652,99669,100607,200276
2021-01-22,5157,4819,9976,8547,8912,17459,21118,21680,42798,21224,20042,41266,16617,15842,32459,12406,11631,24037,7782,6784,14566,4472,4785,9257,2326,4545,6871,549,2108,2657,100198,101148,201346
2021-01-23,5164,4831,9995,8620,8985,17605,21226,21788,43014,21304,20102,41406,16667,15902,32569,12463,11694,24157,7810,6819,14629,4493,4813,9306,2330,4557,6887,551,2108,2659,100628,101599,202227
2021-01-24,5173,4845,10018,8690,9045,17735,21359,21873,43232,21388,20183,41571,16716,15959,32675,12503,11735,24238,7842,6845,14687,4514,4825,9339,2334,4563,6897,551,2108,2659,101070,101981,203051
2021-01-25,5184,4857,10041,8800,9162,17962,21517,22023,43540,21510,20271,41781,16813,16058,32871,12569,11793,24362,7895,6885,14780,4538,4855,9393,2342,4577,6919,554,2109,2663,101722,102590,204312
2021-01-26,5198,4872,10070,8906,9280,18186,21653,22166,43819,21609,20360,41969,16893,16148,33041,12641,11860,24501,7940,6920,14860,4561,4879,9440,2352,4598,6950,556,2118,2674,102309,103201,205510
2021-01-27,5205,4888,10093,9022,9372,18394,21767,22295,44062,21701,20437,42138,16962,16224,33186,12698,11908,24606,7982,6954,14936,4577,4895,9472,2360,4612,6972,557,2120,2677,102831,103705,206536
2021-01-28,5217,4898,10115,9102,9474,18576,21920,22419,44339,21805,20515,42320,17043,16310,33353,12761,11965,24726,8027,6991,15018,4590,4917,9507,2364,4625,6989,557,2124,2681,103386,104238,207624
2021-01-29,5237,4913,10150,9193,9575,18768,22026,22539,44565,21894,20614,42508,17119,16396,33515,12817,12041,24858,8056,7026,15082,4608,4942,9550,2370,4641,7011,560,2127,2687,103880,104814,208694
2021-01-30,5245,4919,10164,9314,9666,18980,22125,22643,44768,21958,20692,42650,17183,16463,33646,12855,12095,24950,8087,7060,15147,4620,4958,9578,2373,4650,7023,561,2129,2690,104321,105275,209596
2021-01-31,5248,4932,10180,9422,9765,19187,22214,22746,44960,22011,20759,42770,17258,16536,33794,12900,12144,25044,8114,7093,15207,4638,4970,9608,2376,4655,7031,561,2131,2692,104742,105731,210473
2021-02-01,5260,4947,10207,9528,9894,19422,22346,22872,45218,22103,20843,42946,17355,16623,33978,12967,12216,25183,8160,7140,15300,4669,5006,9675,2384,4668,7052,561,2135,2696,105333,106344,211677
2021-02-02,5268,4962,10230,9608,9987,19595,22460,23000,45460,22201,20945,43146,17430,16700,34130,13031,12278,25309,8208,7172,15380,4684,5022,9706,2392,4687,7079,561,2138,2699,105843,106891,212734
2021-02-03,5283,4976,10259,9692,10048,19740,22584,23113,45697,22288,21039,43327,17506,16776,34282,13097,12354,25451,8248,7219,15467,4708,5045,9753,2404,4701,7105,564,2138,2702,106374,107409,213783
2021-02-04,5288,4986,10274,9753,10113,19866,22683,23214,45897,22362,21123,43485,17584,16842,34426,13156,12421,25577,8293,7247,15540,4727,5068,9795,2414,4718,7132,564,2143,2707,106824,107875,214699
2021-02-05,5297,4996,10293,9808,10162,19970,22770,23315,46085,22448,21208,43656,17645,16921,34566,13202,12475,25677,8327,7271,15598,4745,5089,9834,2419,4726,7145,565,2147,2712,107226,108310,215536
2021-02-06,5306,5001,10307,9842,10200,20042,22850,23381,46231,22506,21273,43779,17697,16984,34681,13238,12518,25756,8351,7300,15651,4761,5106,9867,2426,4732,7158,565,2149,2714,107542,108644,216186
2021-02-07,5310,5007,10317,9873,10231,20104,22901,23437,46338,22562,21333,43895,17738,17015,34753,13277,12556,25833,8379,7332,15711,4781,5117,9898,2430,4742,7172,565,2151,2716,107816,108921,216737
2021-02-08,5321,5023,10344,9934,10280,20214,22988,23530,46518,22646,21416,44062,17831,17103,34934,13332,12621,25953,8431,7370,15801,4803,5152,9955,2436,4757,7193,567,2153,2720,108289,109405,217694
2021-02-09,5330,5028,10358,9979,10310,20289,23064,23603,46667,22724,21492,44216,17894,17160,35054,13373,12666,26039,8466,7399,15865,4813,5168,9981,2443,4767,7210,568,2154,2722,108654,109747,218401
2021-02-10,5348,5036,10384,10018,10352,20370,23137,23691,46828,22802,21580,44382,17960,17222,35182,13417,12709,26126,8499,7422,15921,4830,5187,10017,2448,4776,7224,569,2157,2726,109028,110132,219160
2021-02-11,5354,5046,10400,10047,10389,20436,23214,23770,46984,22869,21645,44514,18017,17275,35292,13455,12774,26229,8543,7459,16002,4851,5207,10058,2453,4778,7231,571,2162,2733,109374,110505,219879
2021-02-12,5364,5056,10420,10087,10430,20517,23276,23842,47118,22945,21715,44660,18081,17328,35409,13499,12812,26311,8570,7486,16056,4869,5224,10093,2464,4792,7256,573,2166,2739,109728,110851,220579
2021-02-13,5374,5059,10433,10117,10458,20575,23335,23899,47234,23004,21773,44777,18132,17377,35509,13538,12846,26384,8589,7505,16094,4887,5245,10132,2465,4800,7265,577,2168,2745,110018,111130,221148
2021-02-14,5380,5065,10445,10142,10486,20628,23368,23950,47318,23042,21832,44874,18186,17424,35610,13568,12878,26446,8614,7531,16145,4900,5263,10163,2470,4806,7276,577,2169,2746,110247,111404,221651
2021-02-15,5383,5071,10454,10172,10517,20689,23420,24010,47430,23096,21898,44994,18241,17479,35720,13603,12913,26516,8639,7550,16189,4907,5271,10178,2476,4812,7288,577,2173,2750,110514,111694,222208
2021-02-16,5392,5083,10475,10196,10552,20748,23469,24072,47541,23160,21952,45112,18289,17525,35814,13628,12948,26576,8663,7579,16242,4921,5293,10214,2484,4819,7303,578,2178,2756,110780,112001,222781
2021-02-17,5406,5091,10497,10232,10583,20815,23554,24176,47730,23252,22034,45286,18358,17590,35948,13686,13009,26695,8712,7609,16321,4941,5307,10248,2491,4831,7322,579,2180,2759,111211,112410,223621
2021-02-18,5413,5105,10518,10268,10611,20879,23657,24287,47944,23333,22127,45460,18413,17665,36078,13725,13065,26790,8751,7632,16383,4964,5321,10285,2495,4837,7332,580,2185,2765,111599,112835,224434
2021-02-19,5418,5111,10529,10312,10650,20962,23738,24374,48112,23445,22215,45660,18478,17725,36203,13761,13111,26872,8782,7657,16439,4982,5335,10317,2497,4844,7341,580,2185,2765,111993,113207,225200
2021-02-20,5425,5116,10541,10340,10671,21011,23804,24449,48253,23516,22268,45784,18521,17782,36303,13797,13152,26949,8812,7680,16492,4996,5352,10348,2501,4852,7353,581,2186,2767,112293,113508,225801
2021-02-21,5435,5120,10555,10363,10704,21067,23871,24508,48379,23575,22333,45908,18568,17823,36391,13826,13190,27016,8833,7712,16545,5006,5363,10369,2504,4856,7360,581,2190,2771,112562,113799,226361
2021-02-22,5445,5130,10575,10401,10736,21137,23954,24586,48540,23659,22399,46058,18622,17866,36488,13879,13224,27103,8851,7740,16591,5023,5379,10402,2507,4862,7369,583,2191,2774,112924,114113,227037
2021-02-23,5458,5141,10599,10430,10775,21205,24051,24665,48716,23734,22485,46219,18680,17912,36592,13920,13268,27188,8893,7765,16658,5036,5392,10428,2516,4870,7386,586,2191,2777,113304,114464,227768
2021-02-24,5473,5149,10622,10468,10811,21279,24132,24740,48872,23803,22540,46343,18731,17968,36699,13954,13321,27275,8920,7791,16711,5048,5411,10459,2519,4875,7394,586,2195,2781,113634,114801,228435
2021-02-25,5488,5164,10652,10504,10858,21362,24231,24845,49076,23877,22622,46499,18788,18043,36831,14007,13369,27376,8957,7812,16769,5063,5432,10495,2524,4883,7407,589,2199,2788,114028,115227,229255
2021-02-26,5496,5174,10670,10544,10889,21433,24292,24923,49215,23948,22671,46619,18827,18104,36931,14053,13417,27470,8982,7842,16824,5081,5457,10538,2529,4896,7425,591,2201,2792,114343,115574,229917
2021-02-27,5506,5177,10683,10564,10910,21474,24349,24991,49340,24004,22723,46727,18869,18162,37031,14093,13447,27540,9014,7862,16876,5088,5474,10562,2536,4901,7437,591,2202,2793,114614,115849,230463
2021-02-28,5514,5179,10693,10587,10928,21515,24387,25044,49431,24061,22773,46834,18907,18205,37112,14122,13467,27589,9032,7881,16913,5093,5483,10576,2538,4907,7445,591,2206,2797,114832,116073,230905
2021-03-01,5532,5199,10731,10627,10962,21589,24453,25121,49574,24164,22848,47012,18970,18273,37243,14173,13514,27687,9063,7907,16970,5108,5503,10611,2541,4922,7463,591,2208,2799,115222,116457,231679
2021-03-02,5547,5210,10757,10665,10995,21660,24523,25190,49713,24239,22926,47165,19020,18317,37337,14210,13561,27771,9094,7929,17023,5123,5514,10637,2546,4935,7481,591,2210,2801,115558,116787,232345
2021-03-03,5562,5220,10782,10709,11035,21744,24615,25269,49884,24316,23006,47322,19083,18369,37452,14248,13604,27852,9143,7956,17099,5137,5534,10671,2553,4947,7500,591,2213,2804,115957,117153,233110
2021-03-04,5579,5233,10812,10741,11078,21819,24693,25341,50034,24389,23063,47452,19149,18430,37579,14299,13646,27945,9181,7988,17169,5148,5548,10696,2555,4955,7510,591,2213,2804,116325,117495,233820
2021-03-05,5601,5241,10842,10801,11135,21936,24782,25434,50216,24464,23153,47617,19233,18489,37722,14355,13703,28058,9205,8017,17222,5164,5569,10733,2558,4965,7523,592,2216,2808,116755,117922,234677
2021-03-06,5606,5249,10855,10841,11188,22029,24832,25488,50320,24524,23204,47728,19284,18556,37840,14381,13743,28124,9239,8047,17286,5182,5573,10755,2563,4970,7533,592,2218,2810,117044,118236,235280
2021-03-07,5612,5263,10875,10874,11224,22098,24879,25539,50418,24581,23257,47838,19327,18602,37929,14424,13778,28202,9264,8075,17339,5189,5589,10778,2570,4973,7543,592,2219,2811,117312,118519,235831
2021-03-08,5629,5274,10903,10919,11251,22170,24964,25622,50586,24687,23335,48022,19409,18679,38088,14467,13839,28306,9311,8105,17416,5204,5609,10813,2581,4985,7566,593,2223,2816,117764,118922,236686
2021-03-09,5643,5294,10937,10970,11324,22294,25048,25697,50745,24766,23427,48193,19480,18759,38239,14535,13886,28421,9347,8136,17483,5226,5625,10851,2591,4994,7585,593,2225,2818,118199,119367,237566
2021-03-10,5663,5307,10970,11012,11379,22391,25113,25790,50903,24862,23495,48357,19530,18826,38356,14583,13948,28531,9379,8172,17551,5241,5651,10892,2595,5001,7596,593,2228,2821,118571,119797,238368
2021-03-11,5680,5329,11009,11061,11453,22514,25187,25896,51083,24952,23565,48517,19609,18893,38502,14632,13997,28629,9415,8199,17614,5257,5667,10924,2603,5013,7616,594,2229,2823,118990,120241,239231
2021-03-12,5699,5338,11037,11135,11522,22657,25269,25963,51232,25033,23640,48673,19685,18980,38665,14686,14057,28743,9442,8230,17672,5288,5689,10977,2609,5030,7639,595,2235,2830,119441,120684,240125
2021-03-13,5710,5347,11057,11185,11579,22764,25346,26028,51374,25094,23711,48805,19755,19046,38801,14728,14105,28833,9462,8257,17719,5302,5699,11001,2612,5033,7645,595,2238,2833,119789,121043,240832
2021-03-14,5719,5354,11073,11214,11634,22848,25409,26090,51499,25155,23768,48923,19802,19102,38904,14775,14153,28928,9493,8284,17777,5316,5713,11029,2617,5038,7655,595,2240,2835,120095,121376,241471
2021-03-15,5732,5376,11108,11264,11682,22946,25487,26155,51642,25254,23841,49095,19887,19162,39049,14857,14207,29064,9533,8322,17855,5347,5732,11079,2622,5048,7670,597,2249,2846,120580,121774,242354
2021-03-16,5747,5388,11135,11332,11739,23071,25577,26249,51826,25323,23922,49245,19988,19238,39226,14915,14260,29175,9559,8352,17911,5359,5744,11103,2630,5066,7696,600,2253,2853,121030,122211,243241
2021-03-17,5763,5404,11167,11402,11794,23196,25676,26347,52023,25419,24012,49431,20053,19310,39363,14955,14298,29253,9602,8386,17988,5380,5762,11142,2633,5072,7705,600,2255,2855,121483,122640,244123
2021-03-18,5784,5418,11202,11458,11850,23308,25769,26453,52222,25498,24107,49605,20118,19384,39502,15016,14347,29363,9633,8426,18059,5394,5797,11191,2638,5081,7719,600,2261,2861,121908,123124,245032
2021-03-19,5805,5439,11244,11516,11918,23434,25860,26568,52428,25597,24201,49798,20195,19474,39669,15063,14400,29463,9671,8466,18137,5420,5816,11236,2641,5095,7736,600,2261,2861,122368,123638,246006
2021-03-20,5812,5456,11268,11553,11964,23517,25928,26634,52562,25683,24270,49953,20269,19525,39794,15110,14442,29552,9704,8484,18188,5431,5831,11262,2644,5102,7746,600,2262,2862,122734,123970,246704
2021-03-21,5825,5472,11297,11595,12009,23604,25980,26693,52673,25763,24347,50110,20336,19585,39921,15143,14490,29633,9740,8517,18257,5453,5855,11308,2648,5111,7759,601,2262,2863,123084,124341,247425
2021-03-22,5845,5492,11337,11658,12076,23734,26107,26810,52917,25888,24477,50365,20429,19685,40114,15229,14563,29792,9781,8555,18336,5473,5874,11347,2654,5124,7778,602,2267,2869,123666,124923,248589
2021-03-23,5866,5505,11371,11722,12166,23888,26234,26947,53181,26025,24602,50627,20535,19790,40325,15317,14632,29949,9837,8616,18453,5498,5903,11401,2659,5139,7798,603,2271,2874,124296,125571,249867
2021-03-24,5887,5518,11405,11810,12251,24061,26360,27095,53455,26151,24720,50871,20655,19893,40548,15404,14719,30123,9891,8660,18551,5526,5930,11456,2668,5144,7812,605,2276,2881,124957,126206,251163
2021-03-25,5907,5540,11447,11899,12341,24240,26542,27271,53813,26294,24877,51171,20774,20018,40792,15494,14826,30320,9941,8718,18659,5560,5959,11519,2682,5158,7840,605,2279,2884,125698,126987,252685
2021-03-26,5942,5565,11507,12005,12432,24437,26722,27482,54204,26440,25029,51469,20927,20155,41082,15584,14928,30512,9993,8775,18768,5592,5992,11584,2693,5175,7868,605,2283,2888,126503,127816,254319
2021-03-27,5965,5586,11551,12082,12505,24587,26871,27634,54505,26566,25165,51731,21040,20288,41328,15668,15007,30675,10051,8829,18880,5617,6021,11638,2704,5187,7891,606,2285,2891,127170,128507,255677
2021-03-28,5987,5603,11590,12150,12594,24744,27004,27739,54743,26702,25291,51993,21163,20387,41550,15756,15087,30843,10100,8875,18975,5650,6048,11698,2711,5196,7907,607,2287,2894,127830,129107,256937
2021-03-29,6029,5634,11663,12262,12706,24968,27218,27951,55169,26865,25495,52360,21315,20529,41844,15899,15197,31096,10192,8925,19117,5694,6084,11778,2715,5208,7923,609,2292,2901,128798,130021,258819
2021-03-30,6051,5666,11717,12381,12820,25201,27458,28212,55670,27084,25694,52778,21497,20690,42187,16021,15324,31345,10269,8984,19253,5726,6133,11859,2725,5230,7955,615,2296,2911,129827,131049,260876
2021-03-31,6086,5698,11784,12508,12947,25455,27749,28484,56233,27310,25899,53209,21698,20859,42557,16138,15456,31594,10340,9047,19387,5756,6166,11922,2738,5248,7986,615,2302,2917,130938,132106,263044
2021-04-01,6108,5721,11829,12659,13122,25781,28049,28757,56806,27526,26116,53642,21846,21035,42881,16286,15577,31863,10422,9131,19553,5790,6196,11986,2748,5255,8003,618,2304,2922,132052,133214,265266
2021-04-02,6134,5752,11886,12788,13292,26080,28236,28956,57192,27724,26293,54017,22006,21184,43190,16399,15681,32080,10492,9191,19683,5825,6235,12060,2754,5267,8021,620,2305,2925,132978,134156,267134
2021-04-03,6157,5777,11934,12908,13405,26313,28427,29148,57575,27935,26501,54436,22184,21360,43544,16528,15807,32335,10566,9268,19834,5862,6275,12137,2768,5280,8048,623,2311,2934,133958,135132,269090
2021-04-04,6189,5799,11988,13028,13531,26559,28645,29361,58006,28142,26686,54828,22374,21521,43895,16656,15920,32576,10641,9339,19980,5895,6313,12208,2772,5292,8064,625,2314,2939,134967,136076,271043
2021-04-05,6233,5849,12082,13223,13727,26950,29000,29717,58717,28448,27037,55485,22614,21786,44400,16857,16121,32978,10765,9444,20209,5945,6374,12319,2786,5315,8101,625,2321,2946,136496,137691,274187
2021-04-06,6280,5890,12170,13387,13921,27308,29386,30051,59437,28783,27361,56144,22860,22052,44912,17050,16312,33362,10877,9536,20413,5989,6423,12412,2807,5328,8135,629,2327,2956,138048,139201,277249
2021-04-07,6324,5951,12275,13600,14139,27739,29780,30456,60236,29149,27639,56788,23122,22319,45441,17239,16486,33725,10981,9643,20624,6036,6466,12502,2825,5347,8172,631,2332,2963,139687,140778,280465
2021-04-08,6371,6009,12380,13796,14321,28117,30144,30833,60977,29455,27960,57415,23361,22586,45947,17443,16669,34112,11072,9738,20810,6087,6513,12600,2843,5370,8213,633,2335,2968,141205,142334,283539
2021-04-09,6437,6065,12502,13974,14494,28468,30448,31189,61637,29767,28264,58031,23599,22831,46430,17575,16840,34415,11151,9828,20979,6125,6551,12676,2860,5386,8246,637,2342,2979,142573,143790,286363
2021-04-10,6484,6100,12584,14132,14654,28786,30680,31494,62174,29990,28513,58503,23801,23035,46836,17706,16985,34691,11252,9913,21165,6163,6582,12745,2874,5407,8281,639,2346,2985,143721,145029,288750
2021-04-11,6514,6134,12648,14253,14819,29072,30863,31670,62533,30214,28745,58959,23988,23234,47222,17841,17113,34954,11348,9998,21346,6213,6632,12845,2881,5421,8302,641,2353,2994,144756,146119,290875
2021-04-12,6588,6184,12772,14431,15013,29444,31175,31973,63148,30557,29014,59571,24226,23502,47728,18044,17303,35347,11497,10123,21620,6285,6696,12981,2895,5446,8341,644,2358,3002,146342,147612,293954
2021-04-13,6642,6226,12868,14597,15173,29770,31475,32293,63768,30857,29307,60164,24489,23754,48243,18236,17495,35731,11624,10228,21852,6342,6758,13100,2914,5470,8384,649,2365,3014,147825,149069,296894
2021-04-14,6683,6297,12980,14788,15351,30139,31798,32654,64452,31172,29595,60767,24770,24043,48813,18459,17685,36144,11746,10367,22113,6412,6815,13227,2924,5492,8416,652,2374,3026,149404,150673,300077
2021-04-15,6740,6345,13085,14939,15493,30432,32056,32927,64983,31432,29865,61297,25017,24266,49283,18664,17855,36519,11865,10484,22349,6477,6873,13350,2937,5514,8451,655,2379,3034,150782,152001,302783
2021-04-16,6793,6396,13189,15098,15643,30741,32313,33242,65555,31739,30178,61917,25325,24540,49865,18879,18029,36908,12015,10613,22628,6531,6939,13470,2957,5536,8493,657,2386,3043,152307,153502,305809
2021-04-17,6833,6429,13262,15217,15779,30996,32538,33532,66070,31983,30441,62424,25553,24746,50299,19048,18183,37231,12129,10728,22857,6598,7010,13608,2967,5560,8527,660,2395,3055,153526,154803,308329
2021-04-18,6873,6474,13347,15322,15891,31213,32724,33729,66453,32219,30662,62881,25770,24942,50712,19236,18318,37554,12220,10827,23047,6656,7048,13704,2980,5576,8556,661,2402,3063,154661,155869,310530
2021-04-19,6931,6532,13463,15464,16039,31503,33042,34055,67097,32588,30997,63585,26063,25268,51331,19452,18523,37975,12379,10959,23338,6727,7107,13834,2995,5600,8595,661,2408,3069,156302,157488,313790
2021-04-20,7006,6597,13603,15611,16193,31804,33323,34362,67685,32927,31349,64276,26360,25538,51898,19675,18713,38388,12525,11092,23617,6785,7165,13950,3015,5635,8650,665,2412,3077,157892,159056,316948
2021-04-21,7058,6643,13701,15770,16355,32125,33599,34686,68285,33249,31662,64911,26665,25812,52477,19867,18907,38774,12659,11218,23877,6850,7231,14081,3042,5668,8710,668,2421,3089,159427,160603,320030
2021-04-22,7128,6704,13832,15914,16530,32444,33829,34936,68765,33542,31939,65481,26913,26051,52964,20039,19087,39126,12773,11341,24114,6910,7289,14199,3058,5693,8751,673,2430,3103,160779,162000,322779
2021-04-23,7196,6759,13955,16067,16691,32758,34102,35198,69300,33858,32244,66102,27167,26341,53508,20223,19272,39495,12885,11443,24328,6952,7357,14309,3076,5718,8794,675,2440,3115,162201,163463,325664
2021-04-24,7235,6791,14026,16158,16791,32949,34277,35389,69666,34058,32449,66507,27383,26548,53931,20392,19398,39790,12977,11521,24498,6989,7396,14385,3086,5746,8832,675,2450,3125,163230,164479,327709
2021-04-25,7283,6828,14111,16236,16884,33120,34432,35561,69993,34257,32641,66898,27558,26737,54295,20550,19528,40078,13061,11602,24663,7024,7437,14461,3095,5764,8859,676,2451,3127,164172,165433,329605
2021-04-26,7350,6875,14225,16340,17020,33360,34655,35809,70464,34558,32910,67468,27812,26997,54809,20735,19690,40425,13182,11708,24890,7070,7508,14578,3109,5790,8899,679,2456,3135,165490,166763,332253
2021-04-27,7411,6941,14352,16471,17157,33628,34871,36063,70934,34837,33200,68037,28025,27263,55288,20891,19849,40740,13293,11809,25102,7135,7571,14706,3132,5814,8946,684,2459,3143,166750,168126,334876
2021-04-28,7496,6994,14490,16618,17286,33904,35080,36276,71356,35110,33458,68568,28249,27502,55751,21061,20027,41088,13408,11914,25322,7194,7615,14809,3144,5836,8980,687,2465,3152,168047,169373,337420
2021-04-29,7547,7048,14595,16763,17432,34195,35321,36522,71843,35334,33740,69074,28477,27720,56197,21214,20195,41409,13514,12018,25532,7244,7673,14917,3161,5856,9017,689,2468,3157,169264,170672,339936
2021-04-30,7621,7112,14733,16893,17563,34456,35529,36774,72303,35559,34015,69574,28715,27939,56654,21380,20359,41739,13620,12154,25774,7299,7730,15029,3176,5873,9049,693,2476,3169,170485,171995,342480
2021-05-01,7665,7144,14809,16976,17644,34620,35675,36926,72601,35725,34192,69917,28863,28104,56967,21498,20469,41967,13716,12234,25950,7332,7769,15101,3182,5894,9076,693,2482,3175,171325,172858,344183
2021-05-02,7695,7179,14874,17058,17726,34784,35793,37075,72868,35878,34378,70256,29027,28266,57293,21620,20599,42219,13804,12311,26115,7366,7813,15179,3189,5912,9101,694,2487,3181,172124,173746,345870
2021-05-03,7771,7240,15011,17181,17868,35049,36021,37334,73355,36179,34674,70853,29281,28526,57807,21801,20797,42598,13937,12421,26358,7415,7873,15288,3213,5941,9154,700,2497,3197,173499,175171,348670
2021-05-04,7823,7309,15132,17307,17991,35298,36256,37549,73805,36435,34927,71362,29503,28739,58242,21983,20947,42930,14059,12510,26569,7454,7925,15379,3232,5962,9194,702,2508,3210,174754,176367,351121
2021-05-05,7877,7367,15244,17422,18104,35526,36477,37756,74233,36673,35162,71835,29695,28948,58643,22131,21116,43247,14148,12600,26748,7483,7973,15456,3246,5985,9231,706,2517,3223,175858,177528,353386
2021-05-06,7931,7421,15352,17509,18202,35711,36648,37972,74620,36869,35363,72232,29863,29132,58995,22273,21232,43505,14234,12687,26921,7522,8014,15536,3252,6007,9259,707,2528,3235,176808,178558,355366
2021-05-07,7979,7483,15462,17639,18319,35958,36822,38179,75001,37069,35581,72650,30032,29314,59346,22405,21379,43784,14330,12787,27117,7563,8056,15619,3271,6026,9297,709,2535,3244,177819,179659,357478
2021-05-08,8015,7508,15523,17716,18407,36123,36971,38325,75296,37240,35739,72979,30173,29491,59664,22525,21492,44017,14396,12851,27247,7593,8085,15678,3283,6047,9330,715,2544,3259,178627,180489,359116
2021-05-09,8051,7549,15600,17785,18481,36266,37088,38444,75532,37376,35904,73280,30313,29639,59952,22616,21569,44185,14468,12922,27390,7620,8116,15736,3291,6062,9353,719,2553,3272,179327,181239,360566
2021-05-10,8106,7616,15722,17931,18612,36543,37317,38701,76018,37650,36177,73827,30561,29878,60439,22810,21766,44576,14575,13035,27610,7681,8170,15851,3310,6099,9409,723,2560,3283,180664,182614,363278
2021-05-11,8169,7675,15844,18063,18716,36779,37526,38944,76470,37918,36440,74358,30793,30119,60912,22966,21921,44887,14676,13125,27801,7727,8217,15944,3321,6126,9447,732,2571,3303,181891,183854,365745
2021-05-12,8230,7743,15973,18172,18831,37003,37761,39177,76938,38179,36685,74864,31020,30341,61361,23140,22095,45235,14769,13217,27986,7774,8265,16039,3337,6157,9494,739,2582,3321,183121,185093,368214
2021-05-13,8300,7773,16073,18284,18952,37236,37947,39370,77317,38393,36912,75305,31217,30538,61755,23289,22269,45558,14843,13296,28139,7816,8312,16128,3352,6175,9527,744,2592,3336,184185,186189,370374
2021-05-14,8373,7838,16211,18418,19100,37518,38169,39643,77812,38654,37208,75862,31480,30776,62256,23465,22445,45910,14934,13410,28344,7865,8368,16233,3370,6197,9567,745,2600,3345,185473,187585,373058
2021-05-15,8442,7882,16324,18526,19233,37759,38336,39819,78155,38846,37398,76244,31678,30964,62642,23612,22584,46196,15018,13477,28495,7895,8412,16307,3386,6221,9607,745,2606,3351,186484,188596,375080
2021-05-16,8479,7930,16409,18609,19318,37927,38473,39997,78470,39041,37597,76638,31869,31147,63016,23748,22691,46439,15095,13548,28643,7933,8452,16385,3394,6232,9626,748,2617,3365,187389,189529,376918
2021-05-17,8573,7997,16570,18784,19500,38284,38784,40293,79077,39384,37930,77314,32177,31491,63668,23977,22934,46911,15227,13660,28887,7996,8525,16521,3427,6270,9697,754,2630,3384,189083,191230,380313
2021-05-18,8663,8081,16744,18960,19637,38597,39073,40606,79679,39723,38242,77965,32437,31779,64216,24183,23153,47336,15337,13777,29114,8061,8578,16639,3445,6300,9745,756,2650,3406,190638,192803,383441
2021-05-19,8749,8158,16907,19136,19818,38954,39378,40944,80322,40031,38545,78576,32745,32062,64807,24385,23335,47720,15457,13871,29328,8108,8645,16753,3465,6329,9794,757,2657,3414,192211,194364,386575
2021-05-20,8823,8220,17043,19284,19985,39269,39670,41270,80940,40335,38855,79190,32991,32323,65314,24576,23493,48069,15552,13968,29520,8169,8702,16871,3479,6375,9854,760,2663,3423,193639,195854,389493
2021-05-21,8893,8291,17184,19433,20144,39577,39918,41559,81477,40601,39140,79741,33239,32586,65825,24772,23690,48462,15643,14060,29703,8204,8753,16957,3497,6407,9904,764,2671,3435,194964,197301,392265
2021-05-22,8949,8324,17273,19523,20253,39776,40078,41741,81819,40831,39347,80178,33408,32755,66163,24917,23839,48756,15728,14140,29868,8233,8791,17024,3511,6440,9951,767,2688,3455,195945,198318,394263
2021-05-23,8978,8360,17338,19616,20371,39987,40262,41899,82161,41024,39551,80575,33594,32914,66508,25078,23970,49048,15807,14186,29993,8264,8828,17092,3529,6464,9993,768,2693,3461,196920,199236,396156
2021-05-24,9037,8398,17435,19744,20517,40261,40495,42136,82631,41314,39836,81150,33872,33191,67063,25274,24141,49415,15914,14271,30185,8303,8875,17178,3551,6492,10043,770,2702,3472,198274,200559,398833
2021-05-25,9090,8446,17536,19858,20625,40483,40713,42378,83091,41591,40092,81683,34144,33445,67589,25432,24298,49730,16002,14340,30342,8335,8924,17259,3566,6520,10086,770,2709,3479,199501,201777,401278
2021-05-26,9156,8519,17675,20007,20775,40782,41001,42678,83679,41925,40397,82322,34424,33738,68162,25657,24494,50151,16111,14454,30565,8391,8985,17376,3589,6562,10151,773,2724,3497,201034,203326,404360
2021-05-27,9233,8584,17817,20130,20914,41044,41251,42946,84197,42225,40698,82923,34695,34004,68699,25859,24669,50528,16212,14548,30760,8441,9036,17477,3610,6597,10207,776,2738,3514,202432,204734,407166
2021-05-28,9298,8640,17938,20295,21064,41359,41496,43202,84698,42471,41004,83475,34950,34240,69190,26042,24832,50874,16303,14650,30953,8478,9083,17561,3627,6638,10265,782,2746,3528,203742,206099,409841
2021-05-29,9360,8694,18054,20393,21162,41555,41652,43402,85054,42670,41199,83869,35114,34429,69543,26148,24972,51120,16387,14723,31110,8516,9123,17639,3641,6654,10295,783,2756,3539,204664,207114,411778
2021-05-30,9389,8728,18117,20480,21240,41720,41793,43565,85358,42814,41354,84168,35272,34596,69868,26229,25075,51304,16433,14772,31205,8539,9156,17695,3653,6672,10325,783,2757,3540,205385,207915,413300
2021-05-31,9451,8796,18247,20595,21370,41965,42003,43788,85791,43042,41617,84659,35471,34846,70317,26387,25241,51628,16514,14863,31377,8584,9209,17793,3675,6697,10372,784,2768,3552,206506,209195,415701
2021-06-01,9498,8852,18350,20704,21486,42190,42211,43994,86205,43274,41828,85102,35660,35054,70714,26529,25373,51902,16587,14939,31526,8621,9256,17877,3689,6726,10415,790,2777,3567,207563,210285,417848
2021-06-02,9541,8895,18436,20815,21578,42393,42353,44169,86522,43450,42008,85458,35801,35218,71019,26646,25486,52132,16651,15004,31655,8662,9300,17962,3705,6756,10461,796,2784,3580,208420,211198,419618
2021-06-03,9596,8947,18543,20918,21684,42602,42531,44361,86892,43632,42206,85838,35954,35383,71337,26751,25613,52364,16710,15059,31769,8700,9345,18045,3717,6777,10494,799,2794,3593,209308,212169,421477
2021-06-04,9659,9007,18666,21014,21807,42821,42698,44548,87246,43830,42383,86213,36109,35541,71650,26861,25745,52606,16769,15122,31891,8735,9384,18119,3726,6802,10528,801,2803,3604,210202,213142,423344
2021-06-05,9692,9045,18737,21089,21882,42971,42825,44651,87476,43965,42512,86477,36243,35669,71912,26952,25829,52781,16828,15166,31994,8753,9415,18168,3742,6836,10578,807,2815,3622,210896,213820,424716
2021-06-06,9734,9079,18813,21160,21945,43105,42922,44768,87690,44096,42631,86727,36384,35793,72177,27027,25908,52935,16870,15207,32077,8781,9444,18225,3750,6856,10606,809,2822,3631,211533,214453,425986
2021-06-07,9781,9129,18910,21263,22042,43305,43119,44955,88074,44278,42848,87126,36563,35994,72557,27162,26044,53206,16934,15261,32195,8816,9494,18310,3781,6878,10659,811,2831,3642,212508,215476,427984
2021-06-08,9831,9181,19012,21379,22135,43514,43289,45089,88378,44422,43021,87443,36729,36165,72894,27276,26154,53430,16985,15319,32304,8850,9529,18379,3794,6902,10696,813,2838,3651,213368,216333,429701
2021-06-09,9884,9222,19106,21472,22243,43715,43446,45229,88675,44589,43180,87769,36887,36305,73192,27387,26262,53649,17042,15369,32411,8887,9549,18436,3823,6919,10742,814,2844,3658,214231,217122,431353
2021-06-10,9935,9274,19209,21578,22362,43940,43626,45409,89035,44766,43351,88117,37062,36470,73532,27503,26373,53876,17094,15425,32519,8920,9581,18501,3835,6943,10778,818,2848,3666,215137,218036,433173
2021-06-11,9990,9316,19306,21668,22450,44118,43786,45559,89345,44932,43510,88442,37191,36631,73822,27603,26478,54081,17156,15485,32641,8950,9613,18563,3849,6971,10820,821,2857,3678,215946,218870,434816
2021-06-12,10027,9354,19381,21727,22512,44239,43874,45662,89536,45041,43615,88656,37288,36728,74016,27668,26542,54210,17190,15519,32709,8975,9632,18607,3853,6983,10836,824,2864,3688,216467,219411,435878
2021-06-13,10071,9395,19466,21779,22586,44365,43972,45770,89742,45150,43743,88893,37392,36819,74211,27740,26602,54342,17230,15557,32787,8996,9654,18650,3865,7006,10871,825,2870,3695,217020,220002,437022
2021-06-14,10124,9452,19576,21869,22689,44558,44132,45931,90063,45350,43969,89319,37580,36966,74546,27837,26688,54525,17288,15626,32914,9026,9698,18724,3875,7036,10911,828,2876,3704,217909,220931,438840
2021-06-15,10172,9486,19658,21960,22770,44730,44278,46074,90352,45510,44113,89623,37711,37111,74822,27934,26786,54720,17344,15674,33018,9058,9739,18797,3888,7059,10947,832,2893,3725,218687,221705,440392
2021-06-16,10216,9533,19749,22021,22854,44875,44417,46210,90627,45649,44265,89914,37854,37239,75093,28019,26861,54880,17390,15720,33110,9085,9754,18839,3895,7069,10964,836,2898,3734,219382,222403,441785
2021-06-17,10251,9569,19820,22108,22930,45038,44534,46326,90860,45787,44415,90202,37976,37387,75363,28103,26938,55041,17445,15783,33228,9123,9792,18915,3911,7095,11006,838,2905,3743,220076,223140,443216
2021-06-18,10288,9614,19902,22179,23002,45181,44653,46453,91106,45914,44537,90451,38073,37499,75572,28178,27008,55186,17486,15831,33317,9149,9825,18974,3913,7114,11027,841,2909,3750,220674,223792,444466
2021-06-19,10325,9652,19977,22234,23054,45288,44719,46527,91246,46014,44631,90645,38147,37589,75736,28241,27063,55304,17511,15862,33373,9171,9850,19021,3919,7124,11043,842,2910,3752,221123,224262,445385
2021-06-20,10343,9669,20012,22285,23103,45388,44783,46607,91390,46105,44725,90830,38218,37667,75885,28298,27109,55407,17530,15883,33413,9181,9861,19042,3925,7133,11058,845,2912,3757,221513,224669,446182
2021-06-21,10379,9704,20083,22351,23156,45507,44879,46701,91580,46215,44870,91085,38313,37762,76075,28350,27180,55530,17565,15914,33479,9201,9881,19082,3927,7144,11071,846,2917,3763,222026,225229,447255
2021-06-22,10436,9760,20196,22446,23251,45697,45009,46861,91870,46389,45066,91455,38468,37910,76378,28437,27261,55698,17626,15967,33593,9232,9907,19139,3938,7158,11096,846,2919,3765,222827,226060,448887
2021-06-23,10485,9806,20291,22532,23338,45870,45152,46986,92138,46520,45204,91724,38604,38032,76636,28523,27337,55860,17675,16003,33678,9257,9931,19188,3946,7167,11113,846,2922,3768,223540,226726,450266
2021-06-24,10538,9845,20383,22607,23432,46039,45285,47138,92423,46694,45373,92067,38728,38168,76896,28611,27429,56040,17716,16053,33769,9284,9966,19250,3953,7184,11137,851,2925,3776,224267,227513,451780
2021-06-25,10589,9903,20492,22712,23523,46235,45403,47314,92717,46859,45544,92403,38842,38301,77143,28692,27510,56202,17765,16116,33881,9305,10003,19308,3959,7203,11162,853,2931,3784,224979,228348,453327
2021-06-26,10623,9937,20560,22783,23585,46368,45479,47412,92891,46975,45629,92604,38935,38396,77331,28748,27579,56327,17796,16140,33936,9326,10024,19350,3963,7215,11178,854,2938,3792,225482,228855,454337
2021-06-27,10654,9967,20621,22825,23646,46471,45570,47489,93059,47063,45719,92782,39016,38477,77493,28790,27623,56413,17825,16170,33995,9336,10039,19375,3965,7222,11187,855,2941,3796,225899,229293,455192
2021-06-28,10704,10017,20721,22893,23721,46614,45686,47598,93284,47193,45858,93051,39136,38602,77738,28850,27688,56538,17874,16204,34078,9356,10060,19416,3973,7234,11207,855,2947,3802,226520,229929,456449
2021-06-29,10740,10061,20801,22972,23788,46760,45779,47702,93481,47321,45974,93295,39223,38711,77934,28908,27742,56650,17908,16252,34160,9382,10085,19467,3980,7247,11227,857,2952,3809,227070,230514,457584
2021-06-30,10781,10106,20887,23051,23860,46911,45874,47819,93693,47434,46088,93522,39306,38820,78126,28966,27800,56766,17936,16286,34222,9404,10112,19516,3987,7257,11244,857,2954,3811,227596,231102,458698
2021-07-01,10814,10130,20944,23128,23934,47062,45978,47936,93914,47546,46206,93752,39392,38909,78301,29026,27862,56888,17967,16328,34295,9423,10129,19552,3992,7264,11256,857,2956,3813,228123,231654,459777
2021-07-02,10831,10151,20982,23176,23981,47157,46034,48000,94034,47620,46286,93906,39451,38976,78427,29061,27894,56955,17987,16346,34333,9430,10143,19573,3993,7268,11261,857,2956,3813,228440,232001,460441
2021-07-03,10833,10153,20986,23183,23986,47169,46046,48012,94058,47629,46295,93924,39459,38983,78442,29064,27900,56964,17995,16350,34345,9430,10143,19573,3993,7268,11261,857,2956,3813,228489,232046,460535
