FECHA,<=10M,<=10F,<=10,11-20M,11-20F,11-20,21-30M,21-30F,21-30,31-40M,31-40F,31-40,41-50M,41-50F,41-50,51-60M,51-60F,51-60,61-70M,61-70F,61-70,71-80M,71-80F,71-80,81-90M,81-90F,81-90,>=91M,>=91F,>=91,TotalM,TotalF,Total
2020-03-15,0,0,0,0,1,1,1,0,1,1,0,1,0,0,0,0,0,0,0,1,1,0,0,0,0,0,0,0,0,0,2,2,4
2020-03-16,0,0,0,0,1,1,3,2,5,4,0,4,1,0,1,0,1,1,1,1,2,0,0,0,0,0,0,0,0,0,9,5,14
2020-03-17,0,0,0,1,1,2,4,3,7,6,1,7,1,0,1,2,3,5,1,3,4,2,0,2,0,0,0,0,0,0,17,11,28
2020-03-18,0,0,0,1,1,2,6,5,11,8,3,11,2,2,4,3,3,6,1,4,5,2,0,2,0,0,0,0,0,0,23,18,41
2020-03-19,0,0,0,2,1,3,7,5,12,12,3,15,4,2,6,4,3,7,1,5,6,4,1,5,0,0,0,0,0,0,34,20,54
2020-03-20,0,0,0,2,1,3,12,5,17,14,3,17,6,2,8,6,3,9,2,6,8,4,3,7,0,1,1,0,0,0,46,24,70
2020-03-21,1,0,1,4,3,7,14,5,19,15,7,22,8,3,11,9,6,15,5,7,12,6,3,9,0,1,1,0,0,0,62,35,97
2020-03-22,1,0,1,4,3,7,16,7,23,19,7,26,12,3,15,11,10,21,7,7,14,9,4,13,0,1,1,0,0,0,79,42,121
2020-03-23,1,0,1,5,3,8,18,9,27,24,8,32,14,5,19,15,12,27,8,9,17,12,6,18,1,1,2,0,0,0,98,53,151
2020-03-24,1,0,1,5,3,8,21,13,34,32,9,41,17,6,23,17,13,30,9,9,18,13,7,20,2,1,3,0,0,0,117,61,178
2020-03-25,3,0,3,6,4,10,25,17,42,34,11,45,21,6,27,19,13,32,11,9,20,14,7,21,3,3,6,0,1,1,136,71,207
2020-03-26,3,0,3,6,5,11,26,18,44,36,12,48,23,6,29,21,17,38,13,12,25,16,8,24,4,3,7,0,1,1,148,82,230
2020-03-27,3,0,3,6,5,11,27,20,47,40,12,52,24,8,32,22,18,40,15,14,29,16,10,26,4,3,7,0,1,1,157,91,248
2020-03-28,3,0,3,6,5,11,28,21,49,41,15,56,25,9,34,23,19,42,16,15,31,17,12,29,6,3,9,0,1,1,165,100,265
2020-03-29,3,0,3,6,5,11,31,24,55,47,18,65,25,9,34,24,23,47,18,19,37,20,14,34,6,3,9,1,1,2,181,116,297
2020-03-30,3,0,3,6,6,12,36,26,62,48,20,68,28,11,39,27,23,50,21,22,43,24,15,39,6,3,9,1,2,3,200,128,328
2020-03-31,4,0,4,6,7,13,38,28,66,50,21,71,31,12,43,31,23,54,23,23,46,28,19,47,6,4,10,1,4,5,218,141,359
2020-04-01,4,0,4,7,8,15,40,31,71,53,26,79,33,14,47,33,27,60,27,25,52,28,20,48,6,5,11,1,4,5,232,160,392
2020-04-02,4,0,4,7,8,15,41,31,72,55,31,86,35,15,50,35,30,65,29,25,54,36,22,58,7,8,15,2,7,9,251,177,428
2020-04-03,4,0,4,7,8,15,44,33,77,56,32,88,37,16,53,36,34,70,30,28,58,38,22,60,7,9,16,2,8,10,261,190,451
2020-04-04,4,2,6,7,8,15,46,35,81,57,32,89,37,17,54,38,35,73,31,30,61,38,22,60,7,10,17,3,8,11,268,199,467
2020-04-05,5,2,7,7,8,15,46,36,82,59,34,93,37,21,58,38,36,74,32,30,62,40,23,63,8,10,18,3,8,11,275,208,483
2020-04-06,5,2,7,7,8,15,47,38,85,62,37,99,37,21,58,40,41,81,35,32,67,42,25,67,8,11,19,3,8,11,286,223,509
2020-04-07,5,2,7,7,9,16,49,38,87,63,42,105,38,21,59,42,42,84,36,32,68,43,27,70,9,11,20,5,8,13,297,232,529
2020-04-08,7,2,9,8,9,17,50,39,89,64,48,112,39,24,63,44,42,86,37,32,69,45,27,72,9,12,21,5,8,13,308,243,551
2020-04-09,7,2,9,8,10,18,51,39,90,69,48,117,39,25,64,45,42,87,37,33,70,45,27,72,9,12,21,5,8,13,315,246,561
2020-04-10,7,2,9,8,10,18,51,40,91,73,51,124,39,25,64,46,42,88,37,33,70,45,27,72,9,12,21,5,8,13,320,250,570
2020-04-11,7,2,9,8,10,18,51,40,91,74,53,127,40,26,66,47,42,89,37,33,70,45,27,72,11,13,24,5,8,13,325,254,579
2020-04-12,7,2,9,8,10,18,52,40,92,77,56,133,40,26,66,47,44,91,37,33,70,45,28,73,12,14,26,5,8,13,330,261,591
2020-04-13,8,2,10,8,10,18,54,41,95,79,59,138,43,27,70,47,47,94,37,35,72,46,29,75,12,14,26,5,8,13,339,272,611
2020-04-14,8,2,10,8,10,18,57,43,100,83,60,143,44,29,73,49,48,97,40,36,76,48,29,77,12,15,27,5,9,14,354,281,635
2020-04-15,8,2,10,8,10,18,57,44,101,85,62,147,46,30,76,49,49,98,40,36,76,48,29,77,12,16,28,5,9,14,358,287,645
2020-04-16,8,2,10,8,10,18,57,46,103,89,64,153,47,30,77,52,51,103,41,36,77,51,30,81,12,22,34,6,10,16,371,301,672
2020-04-17,8,2,10,8,10,18,59,48,107,91,68,159,47,31,78,53,52,105,42,37,79,51,31,82,14,25,39,6,12,18,379,316,695
2020-04-18,8,3,11,8,10,18,60,49,109,91,69,160,49,33,82,54,53,107,44,38,82,52,32,84,15,30,45,6,15,21,387,332,719
2020-04-19,8,3,11,8,10,18,62,49,111,95,73,168,49,37,86,55,53,108,44,39,83,53,35,88,15,32,47,7,18,25,396,349,745
2020-04-20,8,3,11,8,10,18,62,50,112,97,74,171,51,38,89,57,56,113,45,39,84,53,38,91,18,33,51,8,19,27,407,360,767
2020-04-21,8,7,15,8,10,18,62,53,115,98,79,177,52,43,95,58,58,116,47,40,87,54,40,94,21,36,57,9,24,33,417,390,807
2020-04-22,9,7,16,9,11,20,69,60,129,103,83,186,55,46,101,59,62,121,50,43,93,56,47,103,25,40,65,14,30,44,449,429,878
2020-04-23,15,10,25,10,12,22,76,63,139,105,89,194,59,50,109,60,62,122,53,47,100,58,50,108,33,41,74,14,33,47,483,457,940
2020-04-24,16,10,26,11,14,25,80,69,149,113,93,206,62,53,115,62,68,130,56,48,104,58,50,108,35,44,79,14,33,47,507,482,989
2020-04-25,18,11,29,14,14,28,80,73,153,116,95,211,63,60,123,65,68,133,57,49,106,58,50,108,36,46,82,14,33,47,521,499,1020
2020-04-26,19,13,32,16,14,30,80,76,156,118,96,214,65,62,127,65,68,133,57,49,106,58,51,109,37,47,84,14,33,47,529,509,1038
2020-04-27,21,15,36,17,15,32,83,82,165,123,108,231,72,67,139,67,71,138,60,49,109,60,52,112,40,49,89,15,34,49,558,542,1100
2020-04-28,21,15,36,19,16,35,84,85,169,131,109,240,73,70,143,71,71,142,62,50,112,63,52,115,41,54,95,15,36,51,580,558,1138
2020-04-29,22,17,39,21,19,40,87,87,174,135,110,245,77,75,152,72,72,144,63,52,115,65,53,118,41,57,98,15,36,51,598,578,1176
2020-04-30,25,17,42,21,23,44,89,88,177,143,115,258,81,77,158,76,74,150,64,52,116,66,53,119,41,58,99,15,36,51,621,593,1214
2020-05-01,28,20,48,25,23,48,95,95,190,144,119,263,85,81,166,79,76,155,66,53,119,66,53,119,41,59,100,16,36,52,645,615,1260
2020-05-02,32,22,54,27,27,54,100,101,201,148,126,274,87,81,168,79,77,156,66,53,119,67,53,120,41,60,101,16,36,52,663,636,1299
2020-05-03,33,23,56,32,28,60,103,107,210,151,134,285,89,82,171,82,77,159,67,55,122,67,53,120,42,61,103,16,36,52,682,656,1338
2020-05-04,35,26,61,36,32,68,108,113,221,158,143,301,93,85,178,84,79,163,70,55,125,67,53,120,43,63,106,16,37,53,710,686,1396
2020-05-05,39,32,71,40,37,77,115,124,239,175,152,327,101,100,201,90,84,174,71,59,130,69,56,125,49,73,122,17,44,61,766,761,1527
2020-05-06,41,37,78,44,43,87,123,131,254,182,164,346,110,106,216,93,84,177,73,60,133,71,58,129,49,73,122,19,46,65,805,802,1607
2020-05-07,47,43,90,49,48,97,133,146,279,194,173,367,118,113,231,99,87,186,74,65,139,71,59,130,52,74,126,19,48,67,856,856,1712
2020-05-08,58,51,109,57,59,116,149,164,313,210,191,401,133,125,258,104,89,193,80,68,148,75,59,134,53,78,131,20,48,68,939,932,1871
2020-05-09,60,55,115,59,64,123,158,172,330,224,207,431,145,129,274,113,95,208,84,71,155,76,61,137,53,78,131,21,48,69,993,980,1973
2020-05-10,65,60,125,63,70,133,173,181,354,250,221,471,175,132,307,137,101,238,88,74,162,76,63,139,54,78,132,21,48,69,1102,1028,2130
2020-05-11,71,68,139,67,77,144,184,190,374,269,239,508,185,141,326,140,104,244,92,76,168,77,65,142,55,81,136,21,49,70,1161,1090,2251
2020-05-12,79,85,164,73,88,161,209,221,430,296,260,556,199,155,354,149,113,262,99,79,178,81,71,152,55,82,137,24,51,75,1264,1205,2469
2020-05-13,87,91,178,84,97,181,232,237,469,312,276,588,218,169,387,159,122,281,107,85,192,81,72,153,56,85,141,24,54,78,1360,1288,2648
2020-05-14,105,111,216,104,119,223,256,266,522,327,298,625,230,181,411,176,136,312,112,89,201,82,73,155,56,86,142,24,54,78,1472,1413,2885
2020-05-15,118,129,247,112,133,245,274,285,559,347,318,665,249,197,446,187,145,332,114,92,206,84,75,159,56,88,144,25,55,80,1566,1517,3083
2020-05-16,131,140,271,119,143,262,294,312,606,360,336,696,272,213,485,195,153,348,117,94,211,86,77,163,58,91,149,25,59,84,1657,1618,3275
2020-05-17,147,149,296,132,155,287,322,326,648,388,355,743,285,224,509,210,162,372,119,103,222,88,78,166,61,96,157,25,60,85,1777,1708,3485
2020-05-18,168,170,338,149,174,323,364,365,729,421,393,814,306,247,553,229,185,414,128,108,236,97,84,181,64,101,165,26,63,89,1952,1890,3842
2020-05-19,195,196,391,169,193,362,400,403,803,462,422,884,328,272,600,244,193,437,134,116,250,98,87,185,66,106,172,27,65,92,2123,2053,4176
2020-05-20,213,212,425,182,214,396,435,442,877,489,455,944,354,294,648,267,209,476,145,123,268,101,93,194,67,111,178,28,66,94,2281,2219,4500
2020-05-21,231,228,459,207,234,441,467,486,953,539,487,1026,380,322,702,288,221,509,157,125,282,106,98,204,69,114,183,28,69,97,2472,2384,4856
2020-05-22,248,237,485,221,252,473,497,529,1026,576,514,1090,409,356,765,306,232,538,168,133,301,106,102,208,70,115,185,29,70,99,2630,2540,5170
2020-05-23,267,262,529,240,277,517,531,558,1089,603,540,1143,441,374,815,320,254,574,176,138,314,108,105,213,72,125,197,29,72,101,2787,2705,5492
2020-05-24,282,274,556,249,286,535,555,586,1141,626,569,1195,469,394,863,337,264,601,183,141,324,110,107,217,75,126,201,30,73,103,2916,2820,5736
2020-05-25,304,292,596,263,301,564,577,615,1192,650,597,1247,493,416,909,351,279,630,188,150,338,114,116,230,77,134,211,31,74,105,3048,2974,6022
2020-05-26,327,309,636,285,327,612,614,656,1270,693,635,1328,523,443,966,377,310,687,199,156,355,116,121,237,78,141,219,33,81,114,3245,3179,6424
2020-05-27,358,321,679,306,352,658,651,703,1354,739,669,1408,554,475,1029,403,327,730,204,165,369,125,130,255,81,145,226,33,84,117,3454,3371,6825
2020-05-28,388,336,724,330,382,712,698,749,1447,775,700,1475,585,511,1096,424,346,770,216,176,392,130,141,271,94,166,260,37,101,138,3677,3608,7285
2020-05-29,412,369,781,353,415,768,724,786,1510,824,727,1551,603,540,1143,442,362,804,225,187,412,142,149,291,97,179,276,37,108,145,3859,3822,7681
2020-05-30,423,386,809,376,437,813,751,822,1573,854,759,1613,619,555,1174,457,371,828,231,193,424,145,154,299,99,182,281,38,109,147,3993,3968,7961
2020-05-31,428,397,825,386,455,841,782,845,1627,872,783,1655,637,582,1219,472,387,859,238,197,435,154,158,312,105,184,289,41,109,150,4115,4097,8212
2020-06-01,449,414,863,401,481,882,812,879,1691,917,815,1732,673,610,1283,492,411,903,244,206,450,160,168,328,111,191,302,43,109,152,4302,4284,8586
2020-06-02,477,438,915,432,501,933,852,922,1774,954,858,1812,703,639,1342,509,431,940,265,217,482,172,172,344,114,209,323,47,119,166,4525,4506,9031
2020-06-03,498,460,958,446,523,969,884,966,1850,1005,894,1899,736,663,1399,533,452,985,281,233,514,180,187,367,118,217,335,50,122,172,4731,4717,9448
2020-06-04,520,487,1007,465,550,1015,925,1018,1943,1038,936,1974,757,689,1446,558,472,1030,297,238,535,185,193,378,118,223,341,53,130,183,4916,4936,9852
2020-06-05,558,510,1068,495,572,1067,969,1067,2036,1083,983,2066,788,713,1501,582,493,1075,313,251,564,191,206,397,123,229,352,53,134,187,5155,5158,10313
2020-06-06,579,531,1110,510,591,1101,1002,1108,2110,1137,1015,2152,813,747,1560,598,510,1108,320,258,578,196,215,411,126,243,369,54,142,196,5335,5360,10695
2020-06-07,594,552,1146,531,605,1136,1033,1149,2182,1168,1038,2206,840,771,1611,612,522,1134,326,265,591,199,221,420,129,256,385,54,151,205,5486,5530,11016
2020-06-08,623,589,1212,553,638,1191,1090,1201,2291,1232,1094,2326,879,815,1694,655,550,1205,346,276,622,213,231,444,141,270,411,55,159,214,5787,5823,11610
2020-06-09,647,613,1260,586,668,1254,1130,1254,2384,1293,1160,2453,927,859,1786,697,590,1287,363,290,653,231,241,472,149,283,432,55,167,222,6078,6125,12203
2020-06-10,667,633,1300,607,696,1303,1184,1310,2494,1344,1219,2563,982,895,1877,728,619,1347,379,307,686,248,258,506,157,312,469,56,185,241,6352,6434,12786
2020-06-11,695,658,1353,635,731,1366,1262,1384,2646,1408,1265,2673,1028,945,1973,775,641,1416,394,323,717,262,271,533,162,324,486,56,191,247,6677,6733,13410
2020-06-12,736,695,1431,671,769,1440,1315,1451,2766,1467,1317,2784,1079,996,2075,809,666,1475,415,346,761,276,280,556,166,328,494,57,195,252,6991,7043,14034
2020-06-13,767,715,1482,693,806,1499,1363,1496,2859,1512,1367,2879,1112,1041,2153,837,691,1528,432,356,788,286,293,579,171,344,515,60,207,267,7233,7316,14549
2020-06-14,786,739,1525,714,819,1533,1389,1532,2921,1555,1403,2958,1136,1065,2201,857,707,1564,444,370,814,291,303,594,175,357,532,61,215,276,7408,7510,14918
2020-06-15,813,757,1570,738,835,1573,1440,1576,3016,1600,1448,3048,1175,1089,2264,872,726,1598,457,378,835,296,310,606,180,367,547,64,217,281,7635,7703,15338
2020-06-16,851,793,1644,761,870,1631,1502,1633,3135,1681,1520,3201,1236,1128,2364,909,763,1672,485,397,882,314,321,635,184,383,567,65,222,287,7988,8030,16018
2020-06-17,889,819,1708,791,906,1697,1589,1709,3298,1768,1603,3371,1297,1201,2498,965,813,1778,520,424,944,342,334,676,193,408,601,66,233,299,8420,8450,16870
2020-06-18,915,854,1769,837,943,1780,1674,1787,3461,1860,1685,3545,1374,1273,2647,1025,862,1887,547,441,988,355,347,702,201,423,624,67,240,307,8855,8855,17710
2020-06-19,945,887,1832,878,991,1869,1742,1861,3603,1947,1763,3710,1436,1316,2752,1063,904,1967,577,469,1046,383,370,753,218,443,661,68,259,327,9257,9263,18520
2020-06-20,975,926,1901,911,1027,1938,1802,1919,3721,2018,1823,3841,1490,1380,2870,1100,937,2037,594,487,1081,398,388,786,227,455,682,73,269,342,9588,9611,19199
2020-06-21,998,958,1956,948,1054,2002,1843,1964,3807,2086,1869,3955,1524,1421,2945,1130,961,2091,615,496,1111,408,399,807,236,471,707,74,281,355,9862,9874,19736
2020-06-22,1049,994,2043,985,1101,2086,1929,2037,3966,2193,1946,4139,1600,1478,3078,1208,1004,2212,664,530,1194,431,428,859,254,491,745,79,291,370,10392,10300,20692
2020-06-23,1084,1028,2112,1023,1137,2160,2026,2115,4141,2264,2036,4300,1678,1544,3222,1274,1054,2328,688,553,1241,445,440,885,269,522,791,82,300,382,10833,10729,21562
2020-06-24,1114,1053,2167,1055,1174,2229,2128,2199,4327,2349,2111,4460,1752,1611,3363,1331,1106,2437,716,574,1290,460,451,911,281,539,820,85,313,398,11271,11131,22402
2020-06-25,1154,1091,2245,1096,1214,2310,2213,2295,4508,2445,2193,4638,1807,1674,3481,1385,1146,2531,742,592,1334,473,466,939,290,565,855,87,326,413,11692,11562,23254
2020-06-26,1192,1137,2329,1151,1248,2399,2283,2385,4668,2550,2278,4828,1866,1741,3607,1440,1196,2636,776,612,1388,486,482,968,300,585,885,89,340,429,12133,12004,24137
2020-06-27,1229,1172,2401,1186,1286,2472,2354,2443,4797,2608,2359,4967,1912,1790,3702,1478,1228,2706,808,632,1440,494,492,986,307,601,908,91,346,437,12467,12349,24816
2020-06-28,1255,1189,2444,1218,1307,2525,2415,2508,4923,2665,2407,5072,1976,1829,3805,1514,1263,2777,824,644,1468,501,503,1004,315,614,929,94,354,448,12777,12618,25395
2020-06-29,1279,1216,2495,1262,1352,2614,2499,2580,5079,2766,2473,5239,2052,1906,3958,1562,1311,2873,857,664,1521,517,520,1037,333,639,972,97,367,464,13224,13028,26252
2020-06-30,1309,1247,2556,1310,1384,2694,2573,2656,5229,2844,2555,5399,2120,1973,4093,1619,1357,2976,886,691,1577,536,538,1074,351,664,1015,102,382,484,13650,13447,27097
2020-07-01,1335,1281,2616,1354,1421,2775,2648,2723,5371,2930,2636,5566,2181,2025,4206,1675,1401,3076,922,722,1644,553,552,1105,370,682,1052,105,391,496,14073,13834,27907
2020-07-02,1376,1311,2687,1392,1472,2864,2724,2811,5535,3007,2724,5731,2270,2093,4363,1723,1444,3167,971,745,1716,575,575,1150,378,699,1077,107,399,506,14523,14273,28796
2020-07-03,1417,1353,2770,1442,1515,2957,2812,2888,5700,3112,2798,5910,2336,2167,4503,1788,1496,3284,1006,770,1776,593,603,1196,386,723,1109,110,415,525,15002,14728,29730
2020-07-04,1444,1396,2840,1471,1541,3012,2868,2961,5829,3186,2869,6055,2402,2214,4616,1832,1537,3369,1039,797,1836,618,636,1254,392,769,1161,112,441,553,15364,15161,30525
2020-07-05,1465,1420,2885,1501,1567,3068,2915,3015,5930,3248,2913,6161,2461,2265,4726,1874,1580,3454,1068,823,1891,643,669,1312,406,800,1206,116,455,571,15697,15507,31204
2020-07-06,1490,1448,2938,1540,1602,3142,3001,3098,6099,3359,3003,6362,2550,2344,4894,1949,1635,3584,1122,861,1983,664,702,1366,421,848,1269,123,473,596,16219,16014,32233
2020-07-07,1524,1487,3011,1565,1635,3200,3105,3180,6285,3463,3092,6555,2632,2416,5048,2009,1687,3696,1153,886,2039,700,730,1430,435,873,1308,127,485,612,16713,16471,33184
2020-07-08,1564,1525,3089,1597,1674,3271,3185,3269,6454,3571,3194,6765,2713,2502,5215,2068,1758,3826,1203,921,2124,725,762,1487,458,915,1373,133,512,645,17217,17032,34249
2020-07-09,1599,1553,3152,1633,1713,3346,3244,3332,6576,3649,3285,6934,2786,2557,5343,2110,1785,3895,1248,969,2217,753,787,1540,472,954,1426,138,523,661,17632,17458,35090
2020-07-10,1634,1586,3220,1667,1740,3407,3313,3411,6724,3724,3366,7090,2856,2615,5471,2168,1843,4011,1294,1003,2297,771,804,1575,489,978,1467,142,536,678,18058,17882,35940
2020-07-11,1656,1615,3271,1695,1771,3466,3366,3477,6843,3805,3448,7253,2927,2673,5600,2220,1884,4104,1333,1028,2361,794,825,1619,494,1004,1498,146,548,694,18436,18273,36709
2020-07-12,1681,1635,3316,1715,1795,3510,3418,3526,6944,3870,3508,7378,2983,2710,5693,2269,1917,4186,1357,1055,2412,811,840,1651,512,1032,1544,150,564,714,18766,18582,37348
2020-07-13,1717,1667,3384,1765,1837,3602,3502,3628,7130,3988,3617,7605,3083,2809,5892,2351,1980,4331,1398,1091,2489,838,871,1709,532,1075,1607,157,589,746,19331,19164,38495
2020-07-14,1747,1700,3447,1799,1871,3670,3600,3719,7319,4109,3726,7835,3158,2884,6042,2415,2042,4457,1447,1131,2578,864,894,1758,547,1108,1655,165,609,774,19851,19684,39535
2020-07-15,1778,1732,3510,1838,1904,3742,3687,3811,7498,4217,3854,8071,3243,2980,6223,2485,2088,4573,1493,1167,2660,897,922,1819,561,1140,1701,170,636,806,20369,20234,40603
2020-07-16,1807,1772,3579,1883,1946,3829,3784,3897,7681,4344,3963,8307,3333,3062,6395,2558,2156,4714,1538,1205,2743,922,952,1874,581,1184,1765,181,673,854,20931,20810,41741
2020-07-17,1848,1797,3645,1913,1985,3898,3865,4024,7889,4457,4060,8517,3408,3142,6550,2624,2222,4846,1587,1237,2824,946,978,1924,602,1229,1831,188,706,894,21438,21380,42818
2020-07-18,1876,1833,3709,1955,2007,3962,3945,4101,8046,4560,4162,8722,3486,3232,6718,2690,2279,4969,1626,1271,2897,973,1007,1980,613,1261,1874,193,721,914,21917,21874,43791
2020-07-19,1906,1872,3778,1989,2037,4026,4015,4174,8189,4644,4247,8891,3561,3298,6859,2751,2331,5082,1665,1298,2963,998,1035,2033,629,1293,1922,202,739,941,22360,22324,44684
2020-07-20,1932,1914,3846,2024,2077,4101,4140,4281,8421,4787,4372,9159,3668,3383,7051,2819,2405,5224,1724,1355,3079,1024,1072,2096,653,1327,1980,205,751,956,22976,22937,45913
2020-07-21,1977,1944,3921,2065,2112,4177,4238,4407,8645,4927,4515,9442,3779,3496,7275,2915,2500,5415,1783,1385,3168,1049,1100,2149,673,1363,2036,209,776,985,23615,23598,47213
2020-07-22,2009,1969,3978,2098,2156,4254,4368,4513,8881,5058,4637,9695,3876,3581,7457,3007,2559,5566,1836,1428,3264,1091,1133,2224,692,1392,2084,213,797,1010,24248,24165,48413
2020-07-23,2041,2007,4048,2125,2192,4317,4479,4630,9109,5171,4738,9909,3971,3669,7640,3087,2620,5707,1874,1462,3336,1119,1157,2276,716,1420,2136,216,808,1024,24799,24703,49502
2020-07-24,2082,2042,4124,2165,2226,4391,4593,4735,9328,5307,4850,10157,4062,3766,7828,3179,2681,5860,1910,1506,3416,1140,1175,2315,731,1464,2195,222,829,1051,25391,25274,50665
2020-07-25,2107,2066,4173,2195,2249,4444,4662,4805,9467,5409,4935,10344,4151,3829,7980,3224,2731,5955,1947,1535,3482,1158,1199,2357,743,1488,2231,231,844,1075,25827,25681,51508
2020-07-26,2128,2091,4219,2218,2276,4494,4719,4874,9593,5469,5015,10484,4209,3887,8096,3262,2770,6032,1979,1553,3532,1185,1223,2408,764,1522,2286,236,858,1094,26169,26069,52238
2020-07-27,2155,2113,4268,2251,2313,4564,4828,4962,9790,5602,5143,10745,4291,3981,8272,3342,2846,6188,2021,1593,3614,1209,1251,2460,785,1548,2333,241,878,1119,26725,26628,53353
2020-07-28,2186,2136,4322,2297,2349,4646,4930,5057,9987,5739,5278,11017,4381,4073,8454,3429,2894,6323,2056,1636,3692,1240,1277,2517,805,1579,2384,244,900,1144,27307,27179,54486
2020-07-29,2207,2168,4375,2346,2390,4736,5028,5154,10182,5840,5388,11228,4476,4165,8641,3486,2969,6455,2107,1660,3767,1267,1303,2570,828,1615,2443,251,918,1169,27836,27730,55566
2020-07-30,2243,2193,4436,2375,2433,4808,5137,5255,10392,5969,5491,11460,4568,4258,8826,3540,3029,6569,2152,1684,3836,1285,1348,2633,845,1660,2505,257,948,1205,28371,28299,56670
2020-07-31,2270,2226,4496,2430,2476,4906,5225,5353,10578,6066,5597,11663,4667,4344,9011,3603,3095,6698,2209,1702,3911,1310,1379,2689,860,1699,2559,261,975,1236,28901,28846,57747
2020-08-01,2302,2260,4562,2459,2522,4981,5302,5443,10745,6171,5701,11872,4783,4432,9215,3660,3140,6800,2244,1733,3977,1326,1401,2727,872,1728,2600,266,989,1255,29385,29349,58734
2020-08-02,2328,2283,4611,2487,2558,5045,5365,5506,10871,6262,5776,12038,4860,4503,9363,3714,3186,6900,2284,1772,4056,1359,1428,2787,894,1770,2664,269,1016,1285,29822,29798,59620
2020-08-03,2369,2324,4693,2549,2602,5151,5494,5640,11134,6410,5904,12314,4996,4625,9621,3798,3278,7076,2348,1826,4174,1391,1465,2856,915,1830,2745,273,1051,1324,30543,30545,61088
2020-08-04,2401,2352,4753,2594,2653,5247,5612,5744,11356,6553,6040,12593,5122,4753,9875,3884,3363,7247,2410,1867,4277,1431,1510,2941,937,1897,2834,281,1087,1368,31225,31266,62491
2020-08-05,2442,2389,4831,2648,2690,5338,5732,5858,11590,6696,6166,12862,5231,4865,10096,3970,3431,7401,2491,1925,4416,1468,1553,3021,963,1973,2936,289,1137,1426,31930,31987,63917
2020-08-06,2474,2419,4893,2691,2729,5420,5845,5957,11802,6808,6290,13098,5339,4954,10293,4041,3506,7547,2531,1971,4502,1489,1579,3068,977,2009,2986,297,1158,1455,32492,32572,65064
2020-08-07,2504,2447,4951,2722,2768,5490,5944,6057,12001,6914,6400,13314,5439,5036,10475,4108,3576,7684,2571,2022,4593,1519,1604,3123,995,2039,3034,304,1173,1477,33020,33122,66142
2020-08-08,2532,2476,5008,2753,2792,5545,6014,6134,12148,6994,6489,13483,5501,5112,10613,4165,3635,7800,2602,2050,4652,1538,1639,3177,1006,2082,3088,308,1197,1505,33413,33606,67019
2020-08-09,2551,2489,5040,2786,2823,5609,6074,6208,12282,7066,6552,13618,5560,5175,10735,4225,3679,7904,2647,2089,4736,1556,1652,3208,1018,2104,3122,312,1201,1513,33795,33972,67767
2020-08-10,2577,2521,5098,2823,2861,5684,6171,6315,12486,7194,6685,13879,5661,5280,10941,4315,3754,8069,2684,2132,4816,1581,1678,3259,1034,2142,3176,316,1227,1543,34356,34595,68951
2020-08-11,2596,2543,5139,2851,2894,5745,6244,6402,12646,7323,6794,14117,5781,5360,11141,4391,3827,8218,2734,2164,4898,1607,1708,3315,1048,2186,3234,321,1251,1572,34896,35129,70025
2020-08-12,2621,2579,5200,2889,2923,5812,6335,6488,12823,7431,6904,14335,5875,5453,11328,4475,3902,8377,2779,2206,4985,1628,1733,3361,1059,2207,3266,327,1257,1584,35419,35652,71071
2020-08-13,2643,2600,5243,2930,2963,5893,6430,6576,13006,7533,7012,14545,5950,5546,11496,4536,3959,8495,2838,2231,5069,1646,1759,3405,1071,2225,3296,329,1264,1593,35906,36135,72041
2020-08-14,2667,2617,5284,2965,3002,5967,6518,6671,13189,7645,7118,14763,6033,5620,11653,4598,4008,8606,2881,2269,5150,1670,1779,3449,1086,2254,3340,332,1279,1611,36395,36617,73012
2020-08-15,2682,2637,5319,3003,3027,6030,6582,6759,13341,7742,7203,14945,6094,5695,11789,4654,4067,8721,2916,2304,5220,1697,1818,3515,1108,2318,3426,336,1309,1645,36814,37137,73951
2020-08-16,2699,2655,5354,3032,3045,6077,6655,6805,13460,7804,7259,15063,6158,5746,11904,4697,4099,8796,2946,2329,5275,1721,1835,3556,1120,2335,3455,339,1325,1664,37171,37433,74604
2020-08-17,2720,2669,5389,3078,3076,6154,6724,6892,13616,7906,7374,15280,6233,5813,12046,4763,4148,8911,2987,2359,5346,1752,1849,3601,1128,2355,3483,341,1334,1675,37632,37869,75501
2020-08-18,2741,2703,5444,3125,3110,6235,6835,6983,13818,8047,7492,15539,6341,5906,12247,4850,4237,9087,3027,2402,5429,1779,1878,3657,1141,2404,3545,345,1369,1714,38231,38484,76715
2020-08-19,2772,2731,5503,3160,3146,6306,6954,7092,14046,8194,7607,15801,6452,6012,12464,4922,4323,9245,3081,2444,5525,1801,1910,3711,1159,2439,3598,352,1391,1743,38847,39095,77942
2020-08-20,2801,2753,5554,3211,3182,6393,7042,7184,14226,8324,7720,16044,6553,6081,12634,4990,4385,9375,3136,2481,5617,1827,1940,3767,1179,2472,3651,356,1412,1768,39419,39610,79029
2020-08-21,2824,2775,5599,3251,3223,6474,7149,7281,14430,8455,7831,16286,6641,6185,12826,5067,4457,9524,3185,2515,5700,1848,1965,3813,1199,2491,3690,358,1424,1782,39977,40147,80124
2020-08-22,2848,2798,5646,3285,3249,6534,7237,7367,14604,8547,7936,16483,6720,6255,12975,5123,4518,9641,3223,2548,5771,1876,1989,3865,1210,2509,3719,359,1428,1787,40428,40597,81025
2020-08-23,2874,2822,5696,3320,3284,6604,7311,7448,14759,8623,8004,16627,6785,6330,13115,5183,4574,9757,3262,2589,5851,1897,2008,3905,1228,2532,3760,364,1438,1802,40847,41029,81876
2020-08-24,2908,2851,5759,3367,3320,6687,7433,7559,14992,8770,8130,16900,6905,6444,13349,5266,4662,9928,3322,2646,5968,1925,2033,3958,1242,2551,3793,367,1446,1813,41505,41642,83147
2020-08-25,2944,2873,5817,3414,3357,6771,7545,7687,15232,8915,8294,17209,7008,6565,13573,5362,4751,10113,3385,2695,6080,1964,2069,4033,1266,2587,3853,372,1467,1839,42175,42345,84520
2020-08-26,2979,2904,5883,3461,3408,6869,7673,7804,15477,9076,8423,17499,7157,6675,13832,5470,4828,10298,3441,2742,6183,2005,2117,4122,1283,2624,3907,375,1493,1868,42920,43018,85938
2020-08-27,3008,2944,5952,3514,3460,6974,7793,7952,15745,9242,8567,17809,7280,6810,14090,5554,4917,10471,3500,2793,6293,2031,2138,4169,1301,2674,3975,381,1512,1893,43604,43767,87371
2020-08-28,3030,2964,5994,3555,3508,7063,7908,8072,15980,9368,8693,18061,7381,6910,14291,5654,5003,10657,3557,2850,6407,2064,2171,4235,1314,2701,4015,383,1524,1907,44214,44396,88610
2020-08-29,3054,2981,6035,3583,3538,7121,7993,8155,16148,9464,8806,18270,7462,6997,14459,5723,5069,10792,3598,2893,6491,2086,2200,4286,1328,2724,4052,386,1530,1916,44677,44893,89570
2020-08-30,3068,2992,6060,3612,3572,7184,8061,8218,16279,9540,8886,18426,7529,7072,14601,5791,5121,10912,3643,2926,6569,2110,2220,4330,1339,2750,4089,388,1538,1926,45081,45295,90376
2020-08-31,3092,3010,6102,3649,3614,7263,8179,8343,16522,9681,9029,18710,7659,7186,14845,5875,5195,11070,3702,2971,6673,2143,2268,4411,1356,2806,4162,395,1560,1955,45731,45982,91713
2020-09-01,3110,3030,6140,3695,3655,7350,8275,8458,16733,9824,9150,18974,7798,7302,15100,5956,5266,11222,3761,3022,6783,2168,2305,4473,1373,2846,4219,399,1586,1985,46359,46620,92979
2020-09-02,3129,3041,6170,3732,3690,7422,8357,8552,16909,9941,9258,19199,7897,7395,15292,6019,5324,11343,3806,3064,6870,2189,2331,4520,1392,2866,4258,400,1589,1989,46862,47110,93972
2020-09-03,3141,3063,6204,3769,3718,7487,8466,8639,17105,10051,9368,19419,8001,7486,15487,6102,5379,11481,3858,3110,6968,2218,2361,4579,1408,2888,4296,404,1598,2002,47418,47610,95028
2020-09-04,3165,3082,6247,3801,3768,7569,8586,8727,17313,10159,9475,19634,8085,7591,15676,6177,5456,11633,3900,3146,7046,2240,2390,4630,1415,2905,4320,408,1611,2019,47936,48151,96087
2020-09-05,3175,3097,6272,3832,3795,7627,8663,8812,17475,10252,9562,19814,8178,7695,15873,6240,5507,11747,3933,3184,7117,2268,2420,4688,1427,2933,4360,410,1622,2032,48378,48627,97005
2020-09-06,3190,3110,6300,3860,3825,7685,8722,8864,17586,10306,9620,19926,8237,7750,15987,6286,5553,11839,3971,3209,7180,2290,2448,4738,1438,2947,4385,414,1628,2042,48714,48954,97668
2020-09-07,3211,3128,6339,3893,3858,7751,8822,8964,17786,10426,9728,20154,8322,7846,16168,6379,5634,12013,4032,3252,7284,2337,2484,4821,1461,2986,4447,417,1651,2068,49300,49531,98831
2020-09-08,3234,3147,6381,3926,3902,7828,8925,9057,17982,10554,9848,20402,8444,7955,16399,6463,5709,12172,4080,3299,7379,2372,2509,4881,1478,3022,4500,422,1665,2087,49898,50113,100011
2020-09-09,3256,3173,6429,3966,3941,7907,9044,9159,18203,10681,9978,20659,8549,8037,16586,6534,5782,12316,4144,3345,7489,2407,2539,4946,1487,3039,4526,428,1685,2113,50496,50678,101174
2020-09-10,3286,3190,6476,4002,3982,7984,9128,9253,18381,10788,10077,20865,8647,8136,16783,6621,5845,12466,4198,3379,7577,2442,2577,5019,1503,3086,4589,432,1717,2149,51047,51242,102289
2020-09-11,3316,3213,6529,4032,4024,8056,9201,9365,18566,10908,10175,21083,8761,8240,17001,6695,5923,12618,4229,3411,7640,2476,2610,5086,1517,3104,4621,433,1722,2155,51568,51787,103355
2020-09-12,3331,3225,6556,4057,4054,8111,9252,9428,18680,10980,10251,21231,8833,8325,17158,6744,5982,12726,4264,3446,7710,2492,2631,5123,1527,3129,4656,435,1741,2176,51915,52212,104127
2020-09-13,3346,3242,6588,4084,4079,8163,9303,9492,18795,11048,10319,21367,8892,8391,17283,6789,6019,12808,4302,3482,7784,2521,2654,5175,1534,3151,4685,437,1744,2181,52256,52573,104829
2020-09-14,3363,3258,6621,4116,4107,8223,9387,9571,18958,11162,10436,21598,8974,8464,17438,6856,6088,12944,4341,3522,7863,2552,2680,5232,1544,3174,4718,441,1753,2194,52736,53053,105789
2020-09-15,3389,3270,6659,4150,4138,8288,9455,9648,19103,11251,10524,21775,9048,8551,17599,6941,6149,13090,4390,3560,7950,2573,2709,5282,1560,3190,4750,443,1762,2205,53200,53501,106701
2020-09-16,3412,3287,6699,4186,4170,8356,9539,9721,19260,11330,10620,21950,9154,8628,17782,7009,6213,13222,4420,3593,8013,2593,2746,5339,1570,3215,4785,446,1781,2227,53659,53974,107633
2020-09-17,3427,3303,6730,4209,4201,8410,9625,9800,19425,11405,10714,22119,9223,8703,17926,7062,6259,13321,4469,3622,8091,2613,2764,5377,1582,3228,4810,449,1788,2237,54064,54382,108446
2020-09-18,3459,3331,6790,4245,4242,8487,9698,9894,19592,11501,10809,22310,9290,8776,18066,7116,6306,13422,4510,3650,8160,2631,2796,5427,1596,3245,4841,449,1797,2246,54495,54846,109341
2020-09-19,3471,3345,6816,4268,4270,8538,9750,9944,19694,11574,10881,22455,9353,8818,18171,7160,6347,13507,4548,3681,8229,2643,2816,5459,1599,3260,4859,450,1803,2253,54816,55165,109981
2020-09-20,3480,3359,6839,4292,4285,8577,9793,9986,19779,11621,10941,22562,9388,8852,18240,7186,6373,13559,4572,3714,8286,2658,2842,5500,1606,3268,4874,450,1809,2259,55046,55429,110475
2020-09-21,3498,3372,6870,4328,4311,8639,9869,10049,19918,11711,11002,22713,9471,8906,18377,7227,6419,13646,4612,3745,8357,2682,2870,5552,1619,3288,4907,450,1814,2264,55467,55776,111243
2020-09-22,3519,3384,6903,4357,4342,8699,9961,10117,20078,11801,11093,22894,9535,8981,18516,7289,6463,13752,4650,3785,8435,2702,2888,5590,1637,3318,4955,453,1828,2281,55904,56199,112103
2020-09-23,3540,3404,6944,4384,4372,8756,10035,10186,20221,11884,11169,23053,9602,9063,18665,7346,6520,13866,4684,3821,8505,2730,2910,5640,1645,3331,4976,457,1833,2290,56307,56609,112916
2020-09-24,3557,3421,6978,4420,4406,8826,10119,10267,20386,11977,11265,23242,9661,9131,18792,7409,6573,13982,4736,3857,8593,2754,2923,5677,1663,3353,5016,460,1838,2298,56756,57034,113790
2020-09-25,3575,3445,7020,4452,4430,8882,10200,10336,20536,12053,11361,23414,9741,9211,18952,7470,6638,14108,4774,3891,8665,2789,2954,5743,1675,3367,5042,463,1854,2317,57192,57487,114679
2020-09-26,3587,3455,7042,4477,4455,8932,10246,10382,20628,12108,11418,23526,9806,9260,19066,7507,6684,14191,4797,3922,8719,2808,2974,5782,1685,3379,5064,464,1863,2327,57485,57792,115277
2020-09-27,3602,3469,7071,4499,4483,8982,10310,10425,20735,12179,11479,23658,9864,9304,19168,7544,6723,14267,4820,3936,8756,2833,2988,5821,1691,3390,5081,467,1866,2333,57809,58063,115872
2020-09-28,3623,3484,7107,4532,4512,9044,10382,10505,20887,12269,11571,23840,9936,9374,19310,7602,6775,14377,4869,3980,8849,2851,3016,5867,1709,3411,5120,471,1873,2344,58244,58501,116745
2020-09-29,3652,3498,7150,4562,4533,9095,10467,10587,21054,12364,11654,24018,10011,9447,19458,7657,6834,14491,4907,4024,8931,2881,3049,5930,1718,3435,5153,473,1883,2356,58692,58944,117636
2020-09-30,3670,3520,7190,4585,4563,9148,10549,10675,21224,12454,11736,24190,10086,9525,19611,7711,6892,14603,4955,4055,9010,2910,3063,5973,1731,3455,5186,477,1888,2365,59128,59372,118500
2020-10-01,3690,3534,7224,4606,4600,9206,10631,10761,21392,12533,11819,24352,10145,9585,19730,7767,6951,14718,4984,4099,9083,2921,3090,6011,1741,3472,5213,480,1896,2376,59498,59807,119305
2020-10-02,3712,3550,7262,4640,4626,9266,10706,10832,21538,12604,11905,24509,10203,9658,19861,7817,7018,14835,5019,4136,9155,2941,3114,6055,1756,3492,5248,484,1908,2392,59882,60239,120121
2020-10-03,3732,3560,7292,4661,4655,9316,10757,10877,21634,12655,11947,24602,10245,9705,19950,7862,7066,14928,5043,4154,9197,2952,3121,6073,1761,3503,5264,485,1913,2398,60153,60501,120654
2020-10-04,3739,3567,7306,4680,4670,9350,10805,10927,21732,12697,11991,24688,10283,9743,20026,7892,7093,14985,5061,4179,9240,2967,3130,6097,1766,3511,5277,485,1920,2405,60375,60731,121106
2020-10-05,3750,3582,7332,4705,4688,9393,10871,11012,21883,12787,12060,24847,10347,9801,20148,7942,7147,15089,5110,4215,9325,2989,3153,6142,1774,3526,5300,486,1928,2414,60761,61112,121873
2020-10-06,3776,3599,7375,4732,4719,9451,10943,11101,22044,12882,12143,25025,10428,9864,20292,8004,7211,15215,5147,4246,9393,3004,3170,6174,1788,3544,5332,488,1934,2422,61192,61531,122723
2020-10-07,3789,3610,7399,4752,4749,9501,11030,11175,22205,12945,12219,25164,10502,9924,20426,8060,7268,15328,5176,4268,9444,3016,3188,6204,1799,3570,5369,488,1942,2430,61557,61913,123470
2020-10-08,3807,3622,7429,4776,4783,9559,11100,11244,22344,13023,12296,25319,10549,9997,20546,8108,7318,15426,5201,4297,9498,3033,3213,6246,1813,3606,5419,490,1957,2447,61900,62333,124233
2020-10-09,3826,3636,7462,4799,4809,9608,11156,11336,22492,13109,12384,25493,10602,10063,20665,8165,7369,15534,5227,4335,9562,3049,3234,6283,1830,3638,5468,494,1971,2465,62257,62775,125032
2020-10-10,3836,3642,7478,4815,4834,9649,11206,11381,22587,13166,12449,25615,10656,10107,20763,8202,7421,15623,5254,4362,9616,3064,3251,6315,1837,3649,5486,495,1973,2468,62531,63069,125600
2020-10-11,3849,3657,7506,4829,4853,9682,11240,11426,22666,13199,12500,25699,10699,10140,20839,8235,7446,15681,5268,4387,9655,3082,3263,6345,1844,3667,5511,497,1980,2477,62742,63319,126061
2020-10-12,3870,3672,7542,4852,4879,9731,11290,11465,22755,13263,12552,25815,10750,10185,20935,8269,7491,15760,5302,4411,9713,3100,3278,6378,1848,3684,5532,497,1986,2483,63041,63603,126644
2020-10-13,3884,3690,7574,4888,4907,9795,11358,11538,22896,13357,12634,25991,10823,10248,21071,8327,7535,15862,5339,4433,9772,3112,3296,6408,1858,3706,5564,499,1998,2497,63445,63985,127430
2020-10-14,3898,3705,7603,4919,4935,9854,11428,11611,23039,13428,12697,26125,10898,10310,21208,8387,7594,15981,5361,4463,9824,3132,3316,6448,1867,3716,5583,500,2004,2504,63818,64351,128169
2020-10-15,3914,3725,7639,4966,4974,9940,11506,11677,23183,13509,12771,26280,10962,10377,21339,8425,7636,16061,5389,4485,9874,3153,3340,6493,1874,3736,5610,503,2008,2511,64201,64729,128930
2020-10-16,3932,3735,7667,4992,5012,10004,11557,11763,23320,13582,12844,26426,11033,10438,21471,8471,7677,16148,5420,4514,9934,3170,3362,6532,1886,3762,5648,504,2026,2530,64547,65133,129680
2020-10-17,3945,3749,7694,5012,5035,10047,11611,11805,23416,13643,12907,26550,11076,10475,21551,8504,7708,16212,5442,4539,9981,3179,3370,6549,1893,3772,5665,507,2029,2536,64812,65389,130201
2020-10-18,3955,3757,7712,5030,5054,10084,11648,11843,23491,13683,12939,26622,11101,10501,21602,8526,7734,16260,5458,4557,10015,3193,3384,6577,1895,3780,5675,507,2034,2541,64996,65583,130579
2020-10-19,3969,3771,7740,5052,5081,10133,11703,11891,23594,13734,12994,26728,11171,10545,21716,8566,7772,16338,5486,4578,10064,3217,3408,6625,1899,3793,5692,508,2038,2546,65305,65871,131176
2020-10-20,3976,3781,7757,5067,5103,10170,11766,11959,23725,13794,13045,26839,11227,10598,21825,8615,7808,16423,5511,4604,10115,3231,3419,6650,1912,3811,5723,509,2044,2553,65608,66172,131780
2020-10-21,3990,3792,7782,5090,5126,10216,11813,12013,23826,13838,13094,26932,11280,10634,21914,8643,7848,16491,5540,4624,10164,3244,3436,6680,1915,3818,5733,510,2047,2557,65863,66432,132295
2020-10-22,4002,3802,7804,5114,5145,10259,11863,12066,23929,13886,13136,27022,11322,10667,21989,8670,7871,16541,5561,4640,10201,3255,3450,6705,1920,3825,5745,511,2047,2558,66104,66649,132753
2020-10-23,4013,3811,7824,5136,5160,10296,11905,12133,24038,13933,13189,27122,11375,10713,22088,8707,7899,16606,5586,4666,10252,3262,3463,6725,1930,3832,5762,512,2048,2560,66359,66914,133273
2020-10-24,4021,3823,7844,5152,5175,10327,11943,12170,24113,13968,13235,27203,11408,10742,22150,8744,7920,16664,5603,4678,10281,3274,3473,6747,1935,3837,5772,512,2053,2565,66560,67106,133666
2020-10-25,4029,3832,7861,5165,5191,10356,11975,12202,24177,13994,13263,27257,11441,10772,22213,8762,7943,16705,5620,4685,10305,3279,3480,6759,1938,3842,5780,512,2054,2566,66715,67264,133979
2020-10-26,4040,3837,7877,5178,5218,10396,12018,12240,24258,14051,13315,27366,11480,10807,22287,8794,7975,16769,5641,4706,10347,3288,3488,6776,1948,3854,5802,517,2058,2575,66955,67498,134453
2020-10-27,4047,3847,7894,5204,5241,10445,12064,12296,24360,14110,13362,27472,11533,10854,22387,8834,8013,16847,5662,4732,10394,3297,3502,6799,1959,3869,5828,519,2062,2581,67229,67778,135007
2020-10-28,4062,3859,7921,5230,5263,10493,12106,12341,24447,14158,13408,27566,11574,10884,22458,8863,8043,16906,5686,4749,10435,3306,3513,6819,1964,3872,5836,522,2065,2587,67471,67997,135468
2020-10-29,4072,3865,7937,5242,5276,10518,12146,12374,24520,14198,13452,27650,11609,10914,22523,8888,8067,16955,5700,4763,10463,3324,3520,6844,1968,3884,5852,523,2072,2595,67670,68187,135857
2020-10-30,4077,3870,7947,5249,5283,10532,12174,12405,24579,14244,13479,27723,11636,10945,22581,8902,8090,16992,5711,4779,10490,3337,3531,6868,1971,3888,5859,524,2074,2598,67825,68344,136169
2020-10-31,4079,3874,7953,5255,5295,10550,12194,12433,24627,14267,13508,27775,11656,10965,22621,8917,8105,17022,5723,4789,10512,3341,3538,6879,1975,3892,5867,524,2074,2598,67931,68473,136404
2020-11-01,4088,3882,7970,5263,5311,10574,12231,12458,24689,14297,13534,27831,11687,10987,22674,8936,8124,17060,5737,4798,10535,3349,3544,6893,1977,3896,5873,524,2075,2599,68089,68609,136698
2020-11-02,4096,3889,7985,5273,5332,10605,12264,12500,24764,14341,13572,27913,11726,11024,22750,8968,8150,17118,5753,4806,10559,3351,3553,6904,1982,3903,5885,524,2079,2603,68278,68808,137086
2020-11-03,4106,3895,8001,5290,5342,10632,12309,12528,24837,14369,13607,27976,11762,11047,22809,8993,8170,17163,5766,4828,10594,3355,3564,6919,1983,3913,5896,524,2081,2605,68457,68975,137432
2020-11-04,4114,3900,8014,5296,5357,10653,12350,12567,24917,14407,13644,28051,11787,11081,22868,9015,8196,17211,5785,4841,10626,3362,3577,6939,1986,3922,5908,524,2084,2608,68626,69169,137795
2020-11-05,4128,3910,8038,5320,5373,10693,12398,12621,25019,14455,13683,28138,11822,11118,22940,9043,8221,17264,5807,4857,10664,3376,3590,6966,1989,3939,5928,525,2090,2615,68863,69402,138265
2020-11-06,4141,3917,8058,5339,5388,10727,12419,12653,25072,14493,13725,28218,11858,11146,23004,9065,8239,17304,5828,4876,10704,3388,3601,6989,1993,3949,5942,527,2091,2618,69051,69585,138636
2020-11-07,4147,3922,8069,5346,5398,10744,12438,12681,25119,14533,13763,28296,11891,11174,23065,9079,8258,17337,5843,4893,10736,3395,3611,7006,1996,3954,5950,527,2091,2618,69195,69745,138940
2020-11-08,4153,3927,8080,5354,5410,10764,12455,12717,25172,14557,13788,28345,11918,11191,23109,9096,8276,17372,5858,4904,10762,3399,3613,7012,2000,3960,5960,528,2091,2619,69318,69877,139195
2020-11-09,4164,3932,8096,5371,5423,10794,12484,12765,25249,14594,13830,28424,11964,11224,23188,9133,8320,17453,5879,4926,10805,3415,3620,7035,2003,3967,5970,528,2094,2622,69535,70101,139636
2020-11-10,4174,3942,8116,5387,5436,10823,12524,12809,25333,14657,13865,28522,11997,11253,23250,9155,8338,17493,5901,4944,10845,3430,3640,7070,2009,3979,5988,531,2096,2627,69765,70302,140067
2020-11-11,4184,3949,8133,5401,5452,10853,12567,12853,25420,14699,13908,28607,12032,11286,23318,9193,8358,17551,5919,4963,10882,3440,3654,7094,2013,3987,6000,532,2100,2632,69980,70510,140490
2020-11-12,4195,3956,8151,5416,5467,10883,12616,12893,25509,14740,13941,28681,12065,11321,23386,9217,8381,17598,5933,4975,10908,3445,3661,7106,2016,3989,6005,533,2105,2638,70176,70689,140865
2020-11-13,4202,3961,8163,5436,5482,10918,12653,12931,25584,14776,13971,28747,12108,11352,23460,9242,8403,17645,5952,4995,10947,3460,3668,7128,2019,3998,6017,535,2112,2647,70383,70873,141256
2020-11-14,4208,3967,8175,5449,5496,10945,12681,12968,25649,14806,13998,28804,12134,11371,23505,9271,8423,17694,5971,5006,10977,3467,3677,7144,2024,4003,6027,536,2113,2649,70547,71022,141569
2020-11-15,4212,3974,8186,5457,5510,10967,12703,12992,25695,14827,14023,28850,12156,11385,23541,9291,8436,17727,5980,5016,10996,3474,3686,7160,2025,4013,6038,537,2113,2650,70662,71148,141810
2020-11-16,4218,3983,8201,5470,5527,10997,12727,13029,25756,14863,14051,28914,12180,11414,23594,9309,8457,17766,5990,5031,11021,3486,3696,7182,2032,4019,6051,539,2115,2654,70814,71322,142136
2020-11-17,4226,3989,8215,5488,5546,11034,12765,13066,25831,14901,14098,28999,12212,11444,23656,9336,8488,17824,6009,5046,11055,3496,3703,7199,2037,4032,6069,541,2121,2662,71011,71533,142544
2020-11-18,4229,3996,8225,5505,5564,11069,12803,13111,25914,14944,14134,29078,12252,11473,23725,9359,8518,17877,6023,5062,11085,3509,3717,7226,2041,4043,6084,541,2126,2667,71206,71744,142950
2020-11-19,4233,4000,8233,5516,5579,11095,12838,13139,25977,14975,14167,29142,12272,11495,23767,9384,8542,17926,6039,5073,11112,3516,3727,7243,2043,4047,6090,541,2131,2672,71357,71900,143257
2020-11-20,4238,4005,8243,5533,5597,11130,12875,13167,26042,15002,14188,29190,12291,11508,23799,9397,8555,17952,6054,5086,11140,3522,3731,7253,2048,4050,6098,543,2133,2676,71503,72020,143523
2020-11-21,4244,4015,8259,5546,5612,11158,12900,13194,26094,15037,14216,29253,12308,11539,23847,9410,8573,17983,6067,5100,11167,3529,3738,7267,2051,4053,6104,543,2136,2679,71635,72176,143811
2020-11-22,4248,4018,8266,5555,5618,11173,12918,13214,26132,15052,14238,29290,12327,11553,23880,9421,8581,18002,6083,5106,11189,3534,3747,7281,2053,4054,6107,543,2137,2680,71734,72266,144000
2020-11-23,4253,4021,8274,5560,5626,11186,12936,13238,26174,15080,14264,29344,12349,11564,23913,9427,8597,18024,6092,5112,11204,3543,3753,7296,2056,4056,6112,543,2139,2682,71839,72370,144209
2020-11-24,4260,4025,8285,5567,5639,11206,12970,13280,26250,15126,14301,29427,12380,11585,23965,9449,8609,18058,6111,5124,11235,3551,3761,7312,2060,4058,6118,543,2141,2684,72017,72523,144540
2020-11-25,4275,4031,8306,5580,5649,11229,13011,13328,26339,15177,14349,29526,12412,11624,24036,9475,8629,18104,6130,5136,11266,3559,3774,7333,2064,4064,6128,544,2143,2687,72227,72727,144954
2020-11-26,4278,4043,8321,5590,5670,11260,13046,13361,26407,15227,14381,29608,12438,11647,24085,9491,8660,18151,6140,5150,11290,3563,3778,7341,2069,4068,6137,545,2148,2693,72387,72906,145293
2020-11-27,4285,4047,8332,5607,5679,11286,13089,13393,26482,15262,14403,29665,12470,11670,24140,9515,8680,18195,6154,5164,11318,3573,3783,7356,2072,4072,6144,547,2150,2697,72574,73041,145615
2020-11-28,4291,4053,8344,5623,5693,11316,13117,13427,26544,15291,14427,29718,12492,11695,24187,9526,8696,18222,6162,5179,11341,3578,3786,7364,2073,4075,6148,547,2151,2698,72700,73182,145882
2020-11-29,4298,4053,8351,5635,5705,11340,13140,13455,26595,15328,14452,29780,12514,11712,24226,9543,8711,18254,6168,5191,11359,3581,3791,7372,2077,4080,6157,550,2151,2701,72834,73301,146135
2020-11-30,4305,4058,8363,5646,5717,11363,13173,13483,26656,15362,14482,29844,12540,11729,24269,9560,8736,18296,6174,5203,11377,3591,3803,7394,2080,4089,6169,550,2154,2704,72981,73454,146435
2020-12-01,4314,4063,8377,5655,5727,11382,13205,13506,26711,15394,14531,29925,12570,11750,24320,9578,8750,18328,6188,5211,11399,3597,3809,7406,2083,4092,6175,550,2154,2704,73134,73593,146727
2020-12-02,4316,4067,8383,5662,5740,11402,13234,13529,26763,15422,14552,29974,12583,11772,24355,9587,8762,18349,6200,5219,11419,3604,3821,7425,2086,4098,6184,553,2159,2712,73247,73719,146966
2020-12-03,4320,4071,8391,5675,5751,11426,13262,13551,26813,15455,14578,30033,12608,11789,24397,9606,8776,18382,6212,5231,11443,3612,3833,7445,2089,4102,6191,555,2161,2716,73394,73843,147237
2020-12-04,4329,4076,8405,5689,5767,11456,13287,13582,26869,15488,14615,30103,12640,11817,24457,9628,8795,18423,6226,5243,11469,3619,3840,7459,2094,4105,6199,556,2161,2717,73556,74001,147557
2020-12-05,4335,4081,8416,5699,5779,11478,13306,13608,26914,15513,14644,30157,12658,11845,24503,9645,8812,18457,6240,5256,11496,3625,3849,7474,2100,4111,6211,556,2162,2718,73677,74147,147824
2020-12-06,4342,4084,8426,5705,5786,11491,13326,13628,26954,15537,14663,30200,12675,11866,24541,9665,8827,18492,6248,5265,11513,3631,3854,7485,2104,4113,6217,556,2162,2718,73789,74248,148037
2020-12-07,4346,4088,8434,5711,5797,11508,13340,13650,26990,15554,14684,30238,12704,11884,24588,9678,8843,18521,6260,5277,11537,3637,3859,7496,2106,4115,6221,556,2164,2720,73892,74361,148253
2020-12-08,4353,4090,8443,5724,5810,11534,13366,13677,27043,15586,14712,30298,12741,11907,24648,9699,8857,18556,6276,5284,11560,3652,3867,7519,2110,4119,6229,557,2166,2723,74064,74489,148553
2020-12-09,4358,4097,8455,5748,5828,11576,13408,13712,27120,15628,14747,30375,12775,11944,24719,9725,8883,18608,6292,5302,11594,3659,3881,7540,2112,4124,6236,557,2170,2727,74262,74688,148950
2020-12-10,4362,4105,8467,5759,5852,11611,13438,13754,27192,15679,14785,30464,12814,11987,24801,9747,8907,18654,6309,5317,11626,3669,3893,7562,2115,4131,6246,557,2172,2729,74449,74903,149352
2020-12-11,4374,4113,8487,5767,5864,11631,13480,13785,27265,15711,14821,30532,12851,12014,24865,9764,8937,18701,6320,5336,11656,3673,3905,7578,2119,4138,6257,557,2173,2730,74616,75086,149702
2020-12-12,4382,4117,8499,5780,5875,11655,13527,13829,27356,15746,14851,30597,12876,12039,24915,9779,8952,18731,6332,5349,11681,3685,3911,7596,2121,4138,6259,557,2173,2730,74785,75234,150019
2020-12-13,4384,4122,8506,5796,5889,11685,13559,13856,27415,15776,14889,30665,12900,12065,24965,9794,8972,18766,6350,5360,11710,3695,3918,7613,2127,4141,6268,559,2173,2732,74940,75385,150325
2020-12-14,4388,4125,8513,5812,5900,11712,13612,13909,27521,15840,14937,30777,12937,12103,25040,9826,8999,18825,6367,5381,11748,3703,3930,7633,2132,4152,6284,560,2175,2735,75177,75611,150788
2020-12-15,4392,4128,8520,5834,5919,11753,13667,13960,27627,15894,14988,30882,12985,12136,25121,9847,9026,18873,6389,5389,11778,3714,3937,7651,2140,4157,6297,562,2178,2740,75424,75818,151242
2020-12-16,4400,4136,8536,5854,5945,11799,13734,14014,27748,15940,15031,30971,13011,12164,25175,9877,9055,18932,6404,5408,11812,3729,3947,7676,2148,4162,6310,565,2181,2746,75662,76043,151705
2020-12-17,4410,4140,8550,5879,5974,11853,13826,14099,27925,16007,15087,31094,13050,12215,25265,9902,9093,18995,6415,5432,11847,3744,3961,7705,2152,4168,6320,566,2184,2750,75951,76353,152304
2020-12-18,4414,4148,8562,5911,5993,11904,13904,14167,28071,16069,15155,31224,13099,12255,25354,9934,9134,19068,6442,5456,11898,3759,3974,7733,2156,4182,6338,566,2194,2760,76254,76658,152912
2020-12-19,4424,4153,8577,5939,6022,11961,13964,14213,28177,16122,15200,31322,13145,12299,25444,9963,9165,19128,6461,5474,11935,3772,3983,7755,2161,4190,6351,566,2195,2761,76517,76894,153411
2020-12-20,4427,4161,8588,5961,6034,11995,14022,14258,28280,16158,15241,31399,13185,12349,25534,9992,9187,19179,6487,5491,11978,3782,3990,7772,2164,4194,6358,569,2197,2766,76747,77102,153849
2020-12-21,4437,4170,8607,5989,6062,12051,14108,14345,28453,16237,15321,31558,13242,12407,25649,10042,9225,19267,6532,5514,12046,3803,4008,7811,2168,4201,6369,570,2199,2769,77128,77452,154580
2020-12-22,4446,4183,8629,6012,6088,12100,14187,14427,28614,16340,15397,31737,13300,12464,25764,10100,9278,19378,6553,5540,12093,3821,4023,7844,2171,4211,6382,571,2202,2773,77501,77813,155314
2020-12-23,4456,4192,8648,6040,6118,12158,14300,14532,28832,16449,15483,31932,13364,12536,25900,10170,9333,19503,6579,5572,12151,3848,4046,7894,2175,4222,6397,572,2205,2777,77953,78239,156192
2020-12-24,4458,4194,8652,6052,6139,12191,14363,14588,28951,16514,15525,32039,13395,12581,25976,10200,9356,19556,6599,5584,12183,3860,4054,7914,2177,4228,6405,572,2206,2778,78190,78455,156645
2020-12-25,4461,4201,8662,6067,6152,12219,14399,14620,29019,16548,15555,32103,13439,12606,26045,10223,9376,19599,6619,5598,12217,3865,4061,7926,2178,4229,6407,572,2207,2779,78371,78605,156976
2020-12-26,4471,4209,8680,6090,6184,12274,14504,14706,29210,16648,15648,32296,13508,12687,26195,10300,9431,19731,6659,5643,12302,3882,4079,7961,2181,4235,6416,573,2209,2782,78816,79031,157847
2020-12-27,4484,4213,8697,6112,6220,12332,14588,14787,29375,16740,15714,32454,13563,12730,26293,10350,9472,19822,6684,5670,12354,3899,4097,7996,2183,4241,6424,573,2209,2782,79176,79353,158529
2020-12-28,4501,4230,8731,6153,6281,12434,14720,14907,29627,16856,15831,32687,13674,12827,26501,10444,9536,19980,6729,5709,12438,3931,4129,8060,2195,4258,6453,575,2211,2786,79778,79919,159697
2020-12-29,4509,4248,8757,6201,6335,12536,14883,15070,29953,17005,15961,32966,13773,12923,26696,10507,9622,20129,6777,5762,12539,3966,4163,8129,2206,4267,6473,579,2214,2793,80406,80565,160971
2020-12-30,4534,4267,8801,6259,6401,12660,15042,15210,30252,17149,16088,33237,13879,13033,26912,10584,9700,20284,6827,5826,12653,4001,4194,8195,2215,4283,6498,582,2218,2800,81072,81220,162292
2020-12-31,4541,4273,8814,6295,6443,12738,15173,15324,30497,17224,16162,33386,13939,13105,27044,10628,9740,20368,6853,5853,12706,4020,4207,8227,2224,4288,6512,582,2218,2800,81479,81613,163092
2021-01-01,4546,4275,8821,6309,6456,12765,15204,15368,30572,17262,16201,33463,13960,13143,27103,10648,9758,20406,6872,5880,12752,4029,4218,8247,2227,4291,6518,582,2218,2800,81639,81808,163447
2021-01-02,4554,4284,8838,6352,6501,12853,15289,15471,30760,17364,16285,33649,14037,13228,27265,10721,9824,20545,6915,5922,12837,4050,4238,8288,2232,4295,6527,588,2218,2806,82102,82266,164368
2021-01-03,4569,4297,8866,6386,6539,12925,15394,15596,30990,17463,16366,33829,14118,13304,27422,10779,9894,20673,6955,5956,12911,4071,4261,8332,2240,4304,6544,588,2219,2807,82563,82736,165299
2021-01-04,4586,4311,8897,6455,6604,13059,15594,15790,31384,17639,16529,34168,14238,13406,27644,10870,10008,20878,7013,6014,13027,4102,4294,8396,2254,4325,6579,592,2225,2817,83343,83506,166849
2021-01-05,4606,4330,8936,6519,6668,13187,15804,15999,31803,17794,16677,34471,14354,13502,27856,10972,10080,21052,7068,6072,13140,4126,4325,8451,2260,4345,6605,594,2234,2828,84097,84232,168329
2021-01-06,4620,4342,8962,6579,6731,13310,16009,16204,32213,17964,16814,34778,14464,13595,28059,11056,10157,21213,7120,6130,13250,4161,4355,8516,2269,4359,6628,595,2238,2833,84837,84925,169762
2021-01-07,4640,4353,8993,6633,6790,13423,16173,16388,32561,18101,16943,35044,14569,13700,28269,11136,10242,21378,7161,6175,13336,4189,4392,8581,2277,4367,6644,600,2241,2841,85479,85591,171070
2021-01-08,4655,4368,9023,6690,6854,13544,16336,16539,32875,18229,17055,35284,14674,13805,28479,11224,10319,21543,7213,6230,13443,4215,4420,8635,2283,4382,6665,601,2247,2848,86120,86219,172339
2021-01-09,4661,4376,9037,6731,6895,13626,16454,16693,33147,18352,17140,35492,14767,13893,28660,11280,10389,21669,7259,6269,13528,4231,4448,8679,2289,4392,6681,602,2251,2853,86626,86746,173372
2021-01-10,4669,4380,9049,6767,6926,13693,16544,16810,33354,18417,17214,35631,14823,13954,28777,11332,10437,21769,7288,6300,13588,4245,4469,8714,2295,4398,6693,606,2253,2859,86986,87141,174127
2021-01-11,4675,4391,9066,6825,6975,13800,16708,16970,33678,18516,17333,35849,14910,14021,28931,11405,10507,21912,7333,6338,13671,4278,4497,8775,2303,4408,6711,607,2257,2864,87560,87697,175257
2021-01-12,4686,4398,9084,6875,7035,13910,16890,17130,34020,18646,17457,36103,14997,14112,29109,11470,10583,22053,7378,6382,13760,4311,4525,8836,2316,4423,6739,607,2262,2869,88176,88307,176483
2021-01-13,4700,4412,9112,6930,7112,14042,17043,17309,34352,18779,17589,36368,15095,14205,29300,11539,10656,22195,7425,6428,13853,4338,4545,8883,2328,4434,6762,608,2268,2876,88785,88958,177743
2021-01-14,4717,4422,9139,6988,7173,14161,17184,17470,34654,18910,17683,36593,15173,14283,29456,11603,10728,22331,7470,6468,13938,4365,4575,8940,2341,4441,6782,612,2269,2881,89363,89512,178875
2021-01-15,4731,4433,9164,7056,7222,14278,17355,17612,34967,19025,17775,36800,15273,14351,29624,11677,10816,22493,7518,6503,14021,4385,4598,8983,2351,4458,6809,612,2272,2884,89983,90040,180023
2021-01-16,4737,4443,9180,7111,7283,14394,17457,17730,35187,19126,17862,36988,15338,14432,29770,11725,10869,22594,7551,6533,14084,4406,4616,9022,2358,4467,6825,613,2278,2891,90422,90513,180935
2021-01-17,4742,4451,9193,7160,7321,14481,17549,17851,35400,19206,17936,37142,15401,14486,29887,11776,10919,22695,7595,6556,14151,4426,4623,9049,2363,4473,6836,615,2279,2894,90833,90895,181728
2021-01-18,4755,4464,9219,7222,7377,14599,17736,18010,35746,19329,18047,37376,15498,14566,30064,11856,10992,22848,7648,6600,14248,4455,4652,9107,2374,4488,6862,616,2283,2899,91489,91479,182968
2021-01-19,4768,4471,9239,7282,7454,14736,17872,18162,36034,19459,18146,37605,15576,14649,30225,11908,11052,22960,7694,6640,14334,4480,4677,9157,2388,4506,6894,616,2289,2905,92043,92046,184089
2021-01-20,4774,4477,9251,7356,7509,14865,18036,18307,36343,19571,18240,37811,15667,14740,30407,11979,11120,23099,7725,6690,14415,4502,4703,9205,2402,4526,6928,616,2295,2911,92628,92607,185235
2021-01-21,4783,4485,9268,7422,7564,14986,18150,18423,36573,19680,18343,38023,15760,14820,30580,12050,11199,23249,7769,6732,14501,4528,4729,9257,2411,4548,6959,620,2301,2921,93173,93144,186317
2021-01-22,4800,4495,9295,7476,7617,15093,18275,18565,36840,19773,18440,38213,15823,14888,30711,12117,11264,23381,7812,6758,14570,4548,4750,9298,2424,4558,6982,623,2304,2927,93671,93639,187310
2021-01-23,4806,4506,9312,7534,7674,15208,18373,18661,37034,19848,18500,38348,15874,14942,30816,12168,11325,23493,7840,6792,14632,4571,4779,9350,2427,4570,6997,626,2304,2930,94067,94053,188120
2021-01-24,4814,4518,9332,7588,7723,15311,18482,18731,37213,19930,18580,38510,15918,14998,30916,12202,11366,23568,7876,6814,14690,4592,4791,9383,2431,4576,7007,626,2304,2930,94459,94401,188860
2021-01-25,4824,4530,9354,7680,7810,15490,18633,18861,37494,20046,18664,38710,16005,15089,31094,12272,11424,23696,7929,6852,14781,4615,4824,9439,2439,4590,7029,629,2306,2935,95072,94950,190022
2021-01-26,4838,4544,9382,7764,7900,15664,18751,18993,37744,20140,18749,38889,16082,15170,31252,12342,11486,23828,7974,6886,14860,4641,4847,9488,2450,4612,7062,631,2315,2946,95613,95502,191115
2021-01-27,4846,4554,9400,7858,7978,15836,18857,19105,37962,20225,18824,39049,16148,15239,31387,12392,11532,23924,8018,6918,14936,4660,4866,9526,2458,4625,7083,632,2319,2951,96094,95960,192054
2021-01-28,4858,4564,9422,7924,8061,15985,19000,19212,38212,20315,18894,39209,16224,15314,31538,12454,11589,24043,8061,6952,15013,4675,4888,9563,2462,4639,7101,632,2323,2955,96605,96436,193041
2021-01-29,4876,4578,9454,7997,8145,16142,19095,19324,38419,20404,18986,39390,16290,15392,31682,12508,11665,24173,8089,6988,15077,4695,4911,9606,2468,4656,7124,635,2326,2961,97057,96971,194028
2021-01-30,4883,4583,9466,8089,8228,16317,19182,19410,38592,20465,19062,39527,16350,15456,31806,12546,11712,24258,8117,7022,15139,4707,4930,9637,2471,4664,7135,636,2329,2965,97446,97396,194842
2021-01-31,4886,4596,9482,8184,8310,16494,19263,19500,38763,20510,19129,39639,16417,15530,31947,12587,11758,24345,8145,7055,15200,4724,4942,9666,2474,4670,7144,637,2331,2968,97827,97821,195648
2021-02-01,4897,4609,9506,8270,8415,16685,19372,19604,38976,20596,19213,39809,16509,15607,32116,12652,11826,24478,8186,7101,15287,4756,4973,9729,2484,4685,7169,637,2335,2972,98359,98368,196727
2021-02-02,4904,4623,9527,8339,8494,16833,19472,19717,39189,20683,19306,39989,16581,15675,32256,12715,11888,24603,8229,7135,15364,4775,4987,9762,2491,4704,7195,637,2338,2975,98826,98867,197693
2021-02-03,4918,4637,9555,8409,8542,16951,19576,19816,39392,20775,19394,40169,16647,15745,32392,12780,11962,24742,8271,7181,15452,4797,5007,9804,2503,4720,7223,640,2338,2978,99316,99342,198658
2021-02-04,4923,4646,9569,8459,8591,17050,19659,19904,39563,20842,19470,40312,16722,15807,32529,12838,12024,24862,8313,7208,15521,4814,5033,9847,2514,4737,7251,640,2345,2985,99724,99765,199489
2021-02-05,4931,4655,9586,8509,8633,17142,19730,19984,39714,20922,19554,40476,16782,15881,32663,12884,12073,24957,8345,7231,15576,4833,5052,9885,2519,4747,7266,641,2349,2990,100096,100159,200255
2021-02-06,4938,4660,9598,8539,8662,17201,19798,20038,39836,20975,19614,40589,16835,15936,32771,12921,12113,25034,8369,7265,15634,4849,5069,9918,2524,4754,7278,641,2351,2992,100389,100462,200851
2021-02-07,4941,4665,9606,8566,8687,17253,19841,20085,39926,21026,19667,40693,16874,15966,32840,12959,12149,25108,8396,7299,15695,4869,5082,9951,2528,4763,7291,641,2354,2995,100641,100717,201358
2021-02-08,4952,4679,9631,8620,8731,17351,19913,20161,40074,21105,19758,40863,16966,16042,33008,13007,12209,25216,8443,7335,15778,4894,5115,10009,2535,4778,7313,643,2358,3001,101078,101166,202244
2021-02-09,4960,4683,9643,8662,8754,17416,19982,20214,40196,21169,19831,41000,17029,16098,33127,13052,12247,25299,8472,7371,15843,4908,5130,10038,2543,4788,7331,644,2359,3003,101421,101475,202896
2021-02-10,4974,4690,9664,8696,8789,17485,20044,20282,40326,21245,19906,41151,17087,16161,33248,13096,12287,25383,8502,7393,15895,4927,5148,10075,2548,4796,7344,645,2363,3008,101764,101815,203579
2021-02-11,4978,4698,9676,8724,8820,17544,20110,20359,40469,21308,19959,41267,17139,16211,33350,13131,12350,25481,8549,7427,15976,4949,5167,10116,2552,4798,7350,648,2368,3016,102088,102157,204245
2021-02-12,4986,4708,9694,8761,8855,17616,20166,20417,40583,21377,20027,41404,17197,16261,33458,13173,12385,25558,8580,7454,16034,4967,5185,10152,2563,4812,7375,650,2372,3022,102420,102476,204896
2021-02-13,4996,4711,9707,8786,8876,17662,20218,20467,40685,21433,20078,41511,17246,16312,33558,13210,12415,25625,8601,7474,16075,4985,5206,10191,2565,4821,7386,653,2374,3027,102693,102734,205427
2021-02-14,5001,4716,9717,8807,8900,17707,20249,20515,40764,21468,20128,41596,17291,16354,33645,13240,12445,25685,8625,7501,16126,4997,5223,10220,2570,4827,7397,653,2375,3028,102901,102984,205885
2021-02-15,5004,4722,9726,8831,8927,17758,20289,20563,40852,21517,20196,41713,17347,16407,33754,13268,12474,25742,8650,7521,16171,5005,5232,10237,2576,4832,7408,653,2380,3033,103140,103254,206394
2021-02-16,5013,4734,9747,8853,8958,17811,20326,20612,40938,21573,20245,41818,17393,16451,33844,13294,12508,25802,8671,7549,16220,5020,5256,10276,2583,4840,7423,655,2385,3040,103381,103538,206919
2021-02-17,5027,4742,9769,8880,8984,17864,20402,20690,41092,21650,20327,41977,17458,16517,33975,13343,12560,25903,8723,7579,16302,5039,5270,10309,2590,4854,7444,656,2387,3043,103768,103910,207678
2021-02-18,5033,4755,9788,8911,9007,17918,20488,20781,41269,21727,20414,42141,17511,16587,34098,13378,12616,25994,8758,7605,16363,5063,5284,10347,2594,4861,7455,657,2392,3049,104120,104302,208422
2021-02-19,5037,4759,9796,8949,9039,17988,20557,20849,41406,21835,20497,42332,17574,16645,34219,13412,12664,26076,8789,7629,16418,5082,5298,10380,2596,4869,7465,657,2392,3049,104488,104641,209129
2021-02-20,5044,4763,9807,8971,9058,18029,20614,20904,41518,21898,20554,42452,17615,16697,34312,13448,12704,26152,8821,7650,16471,5097,5313,10410,2600,4879,7479,658,2393,3051,104766,104915,209681
2021-02-21,5053,4767,9820,8988,9084,18072,20668,20960,41628,21955,20614,42569,17663,16736,34399,13476,12739,26215,8841,7681,16522,5109,5327,10436,2603,4883,7486,658,2397,3055,105014,105188,210202
2021-02-22,5062,4777,9839,9020,9109,18129,20739,21027,41766,22028,20672,42700,17720,16780,34500,13526,12769,26295,8858,7712,16570,5125,5343,10468,2607,4889,7496,660,2398,3058,105345,105476,210821
2021-02-23,5074,4788,9862,9046,9143,18189,20821,21090,41911,22096,20746,42842,17776,16826,34602,13561,12807,26368,8897,7737,16634,5141,5356,10497,2616,4897,7513,663,2398,3061,105691,105788,211479
2021-02-24,5087,4793,9880,9074,9171,18245,20897,21158,42055,22160,20796,42956,17828,16881,34709,13597,12854,26451,8925,7764,16689,5153,5377,10530,2617,4902,7519,665,2402,3067,106003,106098,212101
2021-02-25,5101,4806,9907,9107,9203,18310,20979,21252,42231,22230,20875,43105,17878,16948,34826,13648,12899,26547,8961,7785,16746,5169,5396,10565,2622,4907,7529,668,2409,3077,106363,106480,212843
2021-02-26,5109,4816,9925,9140,9227,18367,21037,21320,42357,22299,20926,43225,17914,17003,34917,13695,12948,26643,8983,7814,16797,5188,5419,10607,2628,4919,7547,670,2413,3083,106663,106805,213468
2021-02-27,5117,4819,9936,9159,9248,18407,21090,21377,42467,22348,20977,43325,17954,17055,35009,13737,12977,26714,9016,7833,16849,5194,5438,10632,2634,4924,7558,670,2414,3084,106919,107062,213981
2021-02-28,5123,4820,9943,9180,9265,18445,21121,21416,42537,22398,21030,43428,17989,17099,35088,13767,12994,26761,9033,7852,16885,5199,5447,10646,2636,4931,7567,670,2418,3088,107116,107272,214388
2021-03-01,5139,4839,9978,9217,9296,18513,21178,21476,42654,22490,21103,43593,18052,17158,35210,13814,13044,26858,9064,7875,16939,5215,5466,10681,2640,4945,7585,670,2421,3091,107479,107623,215102
2021-03-02,5152,4849,10001,9251,9326,18577,21242,21528,42770,22558,21181,43739,18101,17202,35303,13848,13085,26933,9098,7899,16997,5229,5479,10708,2645,4957,7602,670,2423,3093,107794,107929,215723
2021-03-03,5166,4858,10024,9290,9361,18651,21319,21594,42913,22625,21256,43881,18161,17248,35409,13884,13127,27011,9146,7928,17074,5245,5498,10743,2652,4969,7621,670,2427,3097,108158,108266,216424
2021-03-04,5182,4869,10051,9319,9401,18720,21385,21651,43036,22697,21314,44011,18223,17305,35528,13933,13166,27099,9182,7958,17140,5255,5512,10767,2653,4976,7629,671,2428,3099,108500,108580,217080
2021-03-05,5203,4876,10079,9364,9448,18812,21465,21732,43197,22766,21401,44167,18298,17357,35655,13990,13215,27205,9208,7993,17201,5271,5530,10801,2655,4988,7643,673,2431,3104,108893,108971,217864
2021-03-06,5208,4883,10091,9402,9489,18891,21502,21778,43280,22819,21451,44270,18346,17419,35765,14019,13253,27272,9240,8023,17263,5289,5534,10823,2661,4992,7653,673,2434,3107,109159,109256,218415
2021-03-07,5214,4896,10110,9430,9522,18952,21546,21823,43369,22871,21500,44371,18386,17464,35850,14058,13286,27344,9269,8048,17317,5296,5550,10846,2668,4995,7663,673,2435,3108,109411,109519,218930
2021-03-08,5231,4907,10138,9473,9544,19017,21613,21890,43503,22970,21571,44541,18464,17539,36003,14104,13342,27446,9311,8078,17389,5311,5568,10879,2680,5007,7687,674,2438,3112,109831,109884,219715
2021-03-09,5242,4926,10168,9512,9608,19120,21688,21959,43647,23050,21653,44703,18528,17616,36144,14170,13389,27559,9351,8109,17460,5332,5580,10912,2690,5017,7707,674,2440,3114,110237,110297,220534
2021-03-10,5261,4938,10199,9549,9655,19204,21745,22041,43786,23133,21718,44851,18578,17679,36257,14217,13449,27666,9382,8144,17526,5348,5608,10956,2692,5024,7716,674,2443,3117,110579,110699,221278
2021-03-11,5278,4958,10236,9586,9716,19302,21809,22131,43940,23218,21796,45014,18651,17739,36390,14268,13496,27764,9420,8170,17590,5363,5625,10988,2699,5037,7736,676,2445,3121,110968,111113,222081
2021-03-12,5297,4966,10263,9653,9782,19435,21872,22191,44063,23295,21866,45161,18727,17820,36547,14319,13557,27876,9447,8199,17646,5394,5650,11044,2704,5051,7755,678,2452,3130,111386,111534,222920
2021-03-13,5307,4974,10281,9696,9826,19522,21940,22247,44187,23347,21932,45279,18795,17874,36669,14364,13610,27974,9466,8219,17685,5410,5663,11073,2708,5054,7762,678,2455,3133,111711,111854,223565
2021-03-14,5316,4981,10297,9723,9874,19597,21993,22292,44285,23402,21982,45384,18838,17929,36767,14408,13656,28064,9499,8246,17745,5429,5679,11108,2713,5059,7772,678,2457,3135,111999,112155,224154
2021-03-15,5327,5001,10328,9768,9916,19684,22057,22346,44403,23496,22053,45549,18920,17985,36905,14485,13705,28190,9541,8284,17825,5457,5701,11158,2720,5067,7787,680,2467,3147,112451,112525,224976
2021-03-16,5341,5012,10353,9827,9963,19790,22132,22436,44568,23564,22124,45688,19017,18057,37074,14542,13756,28298,9566,8314,17880,5466,5713,11179,2731,5085,7816,683,2472,3155,112869,112932,225801
2021-03-17,5357,5027,10384,9893,10012,19905,22215,22519,44734,23655,22205,45860,19074,18127,37201,14581,13790,28371,9606,8348,17954,5490,5730,11220,2734,5089,7823,683,2474,3157,113288,113321,226609
2021-03-18,5373,5040,10413,9944,10065,20009,22292,22598,44890,23730,22291,46021,19135,18188,37323,14639,13843,28482,9635,8390,18025,5503,5763,11266,2742,5100,7842,683,2480,3163,113676,113758,227434
2021-03-19,5391,5060,10451,9996,10122,20118,22370,22691,45061,23826,22380,46206,19210,18271,37481,14688,13900,28588,9668,8427,18095,5531,5782,11313,2746,5113,7859,683,2481,3164,114109,114227,228336
2021-03-20,5397,5074,10471,10026,10160,20186,22433,22752,45185,23896,22440,46336,19287,18315,37602,14732,13944,28676,9699,8442,18141,5541,5798,11339,2750,5119,7869,683,2483,3166,114444,114527,228971
2021-03-21,5408,5088,10496,10063,10195,20258,22481,22810,45291,23975,22507,46482,19352,18377,37729,14766,13986,28752,9733,8475,18208,5563,5824,11387,2753,5128,7881,684,2483,3167,114778,114873,229651
2021-03-22,5425,5106,10531,10122,10253,20375,22588,22909,45497,24086,22622,46708,19442,18473,37915,14846,14064,28910,9771,8510,18281,5584,5841,11425,2761,5141,7902,685,2491,3176,115310,115410,230720
2021-03-23,5444,5119,10563,10177,10330,20507,22700,23031,45731,24211,22740,46951,19552,18575,38127,14927,14127,29054,9824,8568,18392,5611,5870,11481,2766,5157,7923,686,2496,3182,115898,116013,231911
2021-03-24,5462,5130,10592,10260,10402,20662,22806,23158,45964,24328,22848,47176,19665,18670,38335,15012,14207,29219,9879,8612,18491,5639,5896,11535,2775,5162,7937,689,2501,3190,116515,116586,233101
2021-03-25,5480,5149,10629,10331,10473,20804,22964,23308,46272,24460,22984,47444,19780,18785,38565,15089,14307,29396,9932,8668,18600,5671,5926,11597,2789,5177,7966,690,2504,3194,117186,117281,234467
2021-03-26,5510,5173,10683,10431,10545,20976,23113,23489,46602,24595,23112,47707,19921,18927,38848,15179,14398,29577,9981,8727,18708,5705,5962,11667,2800,5193,7993,690,2508,3198,117925,118034,235959
2021-03-27,5529,5191,10720,10498,10607,21105,23246,23619,46865,24708,23242,47950,20030,19049,39079,15266,14470,29736,10037,8785,18822,5733,5988,11721,2813,5206,8019,691,2511,3202,118551,118668,237219
2021-03-28,5549,5204,10753,10562,10676,21238,23353,23719,47072,24835,23359,48194,20150,19145,39295,15354,14547,29901,10085,8833,18918,5762,6014,11776,2821,5215,8036,692,2513,3205,119163,119225,238388
2021-03-29,5585,5234,10819,10663,10774,21437,23531,23898,47429,24988,23538,48526,20295,19290,39585,15487,14650,30137,10187,8885,19072,5804,6051,11855,2828,5228,8056,695,2518,3213,120063,120066,240129
2021-03-30,5606,5263,10869,10771,10867,21638,23742,24122,47864,25202,23714,48916,20466,19451,39917,15606,14772,30378,10262,8946,19208,5839,6096,11935,2839,5247,8086,702,2523,3225,121035,121001,242036
2021-03-31,5637,5290,10927,10884,10962,21846,23979,24353,48332,25422,23896,49318,20652,19612,40264,15716,14897,30613,10333,9016,19349,5869,6128,11997,2852,5265,8117,703,2530,3233,122047,121949,243996
2021-04-01,5657,5309,10966,11001,11089,22090,24241,24580,48821,25623,24098,49721,20784,19772,40556,15852,15009,30861,10423,9101,19524,5901,6163,12064,2863,5272,8135,706,2532,3238,123051,122925,245976
2021-04-02,5680,5339,11019,11108,11216,22324,24405,24747,49152,25804,24258,50062,20934,19910,40844,15949,15113,31062,10497,9163,19660,5937,6202,12139,2869,5283,8152,708,2533,3241,123891,123764,247655
2021-04-03,5702,5363,11065,11206,11308,22514,24566,24914,49480,25997,24447,50444,21109,20085,41194,16074,15228,31302,10573,9241,19814,5975,6239,12214,2883,5300,8183,711,2539,3250,124796,124664,249460
2021-04-04,5730,5385,11115,11314,11405,22719,24745,25104,49849,26183,24613,50796,21292,20234,41526,16192,15344,31536,10655,9309,19964,6003,6278,12281,2889,5312,8201,713,2542,3255,125716,125526,251242
2021-04-05,5769,5430,11199,11484,11567,23051,25046,25420,50466,26472,24931,51403,21516,20478,41994,16390,15544,31934,10776,9410,20186,6056,6335,12391,2905,5338,8243,713,2548,3261,127127,127001,254128
2021-04-06,5812,5465,11277,11628,11731,23359,25385,25716,51101,26762,25227,51989,21756,20723,42479,16579,15725,32304,10881,9504,20385,6103,6384,12487,2927,5354,8281,718,2554,3272,128551,128383,256934
2021-04-07,5853,5520,11373,11808,11905,23713,25732,26078,51810,27113,25479,52592,22011,20969,42980,16768,15891,32659,10980,9612,20592,6151,6431,12582,2944,5374,8318,721,2559,3280,130081,129818,259899
2021-04-08,5900,5571,11471,11976,12054,24030,26048,26404,52452,27385,25781,53166,22236,21216,43452,16969,16069,33038,11071,9702,20773,6204,6480,12684,2962,5397,8359,723,2562,3285,131474,131236,262710
2021-04-09,5957,5621,11578,12137,12193,24330,26321,26712,53033,27676,26071,53747,22480,21452,43932,17107,16234,33341,11150,9792,20942,6243,6522,12765,2980,5415,8395,727,2569,3296,132778,132581,265359
2021-04-10,5999,5652,11651,12271,12322,24593,26532,26972,53504,27893,26312,54205,22679,21644,44323,17241,16370,33611,11246,9878,21124,6289,6555,12844,2993,5435,8428,729,2575,3304,133872,133715,267587
2021-04-11,6028,5682,11710,12394,12485,24879,26692,27122,53814,28114,26530,54644,22861,21834,44695,17372,16500,33872,11343,9964,21307,6338,6609,12947,3004,5449,8453,731,2583,3314,134877,134758,269635
2021-04-12,6092,5726,11818,12570,12653,25223,26978,27386,54364,28441,26790,55231,23100,22095,45195,17567,16682,34249,11487,10090,21577,6413,6679,13092,3020,5475,8495,734,2588,3322,136402,136164,272566
2021-04-13,6138,5766,11904,12718,12789,25507,27224,27665,54889,28723,27047,55770,23353,22327,45680,17754,16864,34618,11612,10204,21816,6471,6740,13211,3041,5500,8541,740,2596,3336,137774,137498,275272
2021-04-14,6176,5831,12007,12878,12949,25827,27486,27974,55460,28997,27303,56300,23609,22593,46202,17969,17050,35019,11741,10347,22088,6542,6806,13348,3050,5521,8571,743,2606,3349,139191,138980,278171
2021-04-15,6224,5877,12101,13017,13063,26080,27725,28219,55944,29249,27560,56809,23842,22796,46638,18177,17213,35390,11855,10466,22321,6605,6866,13471,3062,5545,8607,746,2612,3358,140502,140217,280719
2021-04-16,6271,5919,12190,13169,13192,26361,27925,28476,56401,29546,27862,57408,24134,23059,47193,18374,17377,35751,12004,10590,22594,6668,6937,13605,3081,5567,8648,749,2620,3369,141921,141599,283520
2021-04-17,6308,5948,12256,13271,13318,26589,28125,28745,56870,29762,28114,57876,24365,23244,47609,18535,17531,36066,12122,10702,22824,6737,7010,13747,3091,5589,8680,752,2632,3384,143068,142833,285901
2021-04-18,6343,5989,12332,13366,13418,26784,28288,28918,57206,29982,28333,58315,24567,23431,47998,18712,17664,36376,12225,10798,23023,6790,7052,13842,3106,5607,8713,754,2639,3393,144133,143849,287982
2021-04-19,6390,6040,12430,13501,13549,27050,28569,29199,57768,30328,28633,58961,24841,23756,48597,18922,17860,36782,12384,10937,23321,6866,7118,13984,3122,5630,8752,755,2645,3400,145678,145367,291045
2021-04-20,6460,6098,12558,13635,13685,27320,28822,29464,58286,30629,28958,59587,25134,24034,49168,19142,18035,37177,12540,11066,23606,6924,7187,14111,3142,5666,8808,760,2649,3409,147188,146842,294030
2021-04-21,6505,6141,12646,13772,13827,27599,29066,29748,58814,30927,29245,60172,25424,24293,49717,19342,18222,37564,12680,11202,23882,6992,7256,14248,3171,5695,8866,763,2661,3424,148642,148290,296932
2021-04-22,6561,6196,12757,13910,13987,27897,29263,29948,59211,31202,29509,60711,25664,24524,50188,19511,18396,37907,12792,11317,24109,7050,7320,14370,3189,5720,8909,767,2672,3439,149909,149589,299498
2021-04-23,6621,6245,12866,14043,14134,28177,29498,30168,59666,31491,29779,61270,25905,24805,50710,19682,18578,38260,12908,11416,24324,7093,7390,14483,3205,5744,8949,771,2684,3455,151217,150943,302160
2021-04-24,6653,6278,12931,14135,14222,28357,29640,30330,59970,31663,29975,61638,26116,25010,51126,19845,18704,38549,13006,11489,24495,7126,7433,14559,3215,5771,8986,772,2695,3467,152171,151907,304078
2021-04-25,6695,6305,13000,14215,14306,28521,29771,30484,60255,31845,30160,62005,26296,25191,51487,20005,18829,38834,13089,11573,24662,7165,7472,14637,3226,5789,9015,773,2696,3469,153080,152805,305885
2021-04-26,6759,6344,13103,14308,14424,28732,29963,30713,60676,32131,30407,62538,26530,25441,51971,20192,18986,39178,13200,11679,24879,7214,7544,14758,3239,5813,9052,777,2703,3480,154313,154054,308367
2021-04-27,6814,6403,13217,14432,14552,28984,30153,30926,61079,32377,30678,63055,26738,25685,52423,20344,19155,39499,13312,11775,25087,7282,7612,14894,3264,5838,9102,782,2706,3488,155498,155330,310828
2021-04-28,6890,6445,13335,14571,14678,29249,30348,31102,61450,32622,30919,63541,26952,25919,52871,20512,19332,39844,13437,11882,25319,7340,7659,14999,3279,5861,9140,786,2715,3501,156737,156512,313249
2021-04-29,6935,6494,13429,14695,14809,29504,30561,31326,61887,32828,31171,63999,27166,26125,53291,20664,19485,40149,13545,11990,25535,7390,7719,15109,3297,5878,9175,788,2720,3508,157869,157717,315586
2021-04-30,7005,6553,13558,14810,14926,29736,30752,31547,62299,33047,31424,64471,27385,26338,53723,20827,19645,40472,13653,12124,25777,7447,7783,15230,3314,5896,9210,793,2728,3521,159033,158964,317997
2021-05-01,7047,6583,13630,14889,14999,29888,30879,31683,62562,33205,31602,64807,27532,26498,54030,20940,19752,40692,13750,12206,25956,7483,7824,15307,3321,5918,9239,793,2733,3526,159839,159798,319637
2021-05-02,7075,6613,13688,14965,15072,30037,30986,31812,62798,33347,31763,65110,27696,26655,54351,21053,19879,40932,13836,12285,26121,7519,7868,15387,3332,5936,9268,794,2738,3532,160603,160621,321224
2021-05-03,7144,6668,13812,15080,15205,30285,31189,32026,63215,33631,32037,65668,27947,26900,54847,21239,20081,41320,13977,12402,26379,7566,7928,15494,3357,5967,9324,800,2750,3550,161930,161964,323894
2021-05-04,7193,6733,13926,15192,15323,30515,31414,32212,63626,33881,32280,66161,28159,27099,55258,21413,20232,41645,14099,12493,26592,7610,7977,15587,3375,5988,9363,803,2762,3565,163139,163099,326238
2021-05-05,7243,6788,14031,15297,15416,30713,31605,32391,63996,34093,32493,66586,28341,27303,55644,21550,20402,41952,14195,12582,26777,7640,8027,15667,3390,6012,9402,808,2770,3578,164162,164184,328346
2021-05-06,7288,6835,14123,15376,15507,30883,31762,32586,64348,34281,32682,66963,28504,27475,55979,21688,20524,42212,14286,12666,26952,7680,8072,15752,3397,6034,9431,808,2781,3589,165070,165162,330232
2021-05-07,7330,6890,14220,15501,15616,31117,31922,32775,64697,34477,32876,67353,28673,27647,56320,21821,20668,42489,14381,12770,27151,7725,8114,15839,3415,6054,9469,811,2789,3600,166056,166199,332255
2021-05-08,7364,6911,14275,15574,15692,31266,32058,32898,64956,34629,33023,67652,28813,27822,56635,21939,20777,42716,14452,12837,27289,7764,8144,15908,3425,6073,9498,819,2802,3621,166837,166979,333816
2021-05-09,7397,6949,14346,15641,15759,31400,32166,32996,65162,34760,33178,67938,28952,27962,56914,22027,20862,42889,14527,12910,27437,7794,8175,15969,3436,6089,9525,823,2812,3635,167523,167692,335215
2021-05-10,7447,7007,14454,15779,15887,31666,32372,33237,65609,35013,33435,68448,29187,28200,57387,22220,21063,43283,14647,13040,27687,7857,8231,16088,3459,6130,9589,827,2822,3649,168808,169052,337860
2021-05-11,7507,7060,14567,15896,15984,31880,32558,33461,66019,35261,33675,68936,29415,28433,57848,22384,21223,43607,14748,13138,27886,7904,8276,16180,3470,6159,9629,835,2835,3670,169978,170244,340222
2021-05-12,7564,7120,14684,15992,16090,32082,32761,33664,66425,35510,33924,69434,29644,28644,58288,22543,21392,43935,14857,13223,28080,7952,8326,16278,3486,6191,9677,842,2845,3687,171151,171419,342570
2021-05-13,7629,7149,14778,16092,16188,32280,32934,33837,66771,35719,34129,69848,29838,28835,58673,22697,21556,44253,14930,13303,28233,7995,8373,16368,3500,6212,9712,847,2855,3702,172181,172437,344618
2021-05-14,7700,7206,14906,16213,16335,32548,33135,34070,67205,35972,34428,70400,30092,29064,59156,22880,21728,44608,15018,13419,28437,8054,8437,16491,3519,6234,9753,849,2863,3712,173432,173784,347216
2021-05-15,7762,7247,15009,16314,16454,32768,33290,34227,67517,36160,34599,70759,30288,29253,59541,23024,21872,44896,15103,13485,28588,8085,8484,16569,3534,6256,9790,850,2871,3721,174410,174748,349158
2021-05-16,7795,7290,15085,16387,16530,32917,33416,34385,67801,36346,34787,71133,30485,29440,59925,23162,21978,45140,15183,13557,28740,8124,8526,16650,3545,6268,9813,853,2883,3736,175296,175644,350940
2021-05-17,7881,7350,15231,16546,16693,33239,33685,34653,68338,36668,35095,71763,30785,29769,60554,23385,22219,45604,15322,13669,28991,8186,8601,16787,3579,6308,9887,860,2897,3757,176897,177254,354151
2021-05-18,7963,7419,15382,16702,16820,33522,33940,34932,68872,36991,35388,72379,31032,30031,61063,23585,22435,46020,15441,13786,29227,8249,8656,16905,3598,6340,9938,863,2918,3781,178364,178725,357089
2021-05-19,8036,7491,15527,16864,16974,33838,34212,35220,69432,37294,35688,72982,31332,30302,61634,23775,22618,46393,15565,13884,29449,8299,8724,17023,3619,6373,9992,865,2926,3791,179861,180200,360061
2021-05-20,8102,7547,15649,17004,17118,34122,34466,35516,69982,37576,35968,73544,31569,30555,62124,23948,22776,46724,15662,13988,29650,8360,8782,17142,3637,6420,10057,867,2933,3800,181191,181603,362794
2021-05-21,8165,7617,15782,17143,17247,34390,34688,35763,70451,37819,36239,74058,31814,30792,62606,24145,22965,47110,15755,14081,29836,8399,8829,17228,3660,6454,10114,871,2940,3811,182459,182927,365386
2021-05-22,8214,7647,15861,17219,17342,34561,34835,35921,70756,38037,36430,74467,31977,30959,62936,24287,23110,47397,15839,14157,29996,8429,8869,17298,3673,6489,10162,875,2957,3832,183385,183881,367266
2021-05-23,8241,7680,15921,17304,17451,34755,35001,36057,71058,38223,36612,74835,32162,31118,63280,24438,23234,47672,15922,14207,30129,8461,8907,17368,3693,6510,10203,877,2964,3841,184322,184740,369062
2021-05-24,8295,7710,16005,17413,17577,34990,35214,36269,71483,38498,36868,75366,32439,31376,63815,24622,23410,48032,16032,14290,30322,8498,8951,17449,3715,6538,10253,879,2974,3853,185605,185963,371568
2021-05-25,8341,7752,16093,17523,17673,35196,35407,36481,71888,38763,37113,75876,32701,31609,64310,24784,23576,48360,16120,14359,30479,8534,8996,17530,3733,6572,10305,879,2981,3860,186785,187112,373897
2021-05-26,8400,7820,16220,17664,17806,35470,35660,36756,72416,39079,37396,76475,32977,31887,64864,24996,23764,48760,16236,14473,30709,8590,9059,17649,3756,6614,10370,883,2998,3881,188241,188573,376814
2021-05-27,8469,7880,16349,17778,17936,35714,35894,36989,72883,39361,37673,77034,33228,32148,65376,25192,23948,49140,16341,14566,30907,8637,9108,17745,3778,6650,10428,887,3014,3901,189565,189912,379477
2021-05-28,8529,7931,16460,17930,18061,35991,36104,37215,73319,39593,37954,77547,33473,32371,65844,25375,24117,49492,16429,14671,31100,8676,9150,17826,3794,6689,10483,895,3025,3920,190798,191184,381982
2021-05-29,8583,7982,16565,18023,18159,36182,36243,37384,73627,39777,38137,77914,33634,32544,66178,25488,24259,49747,16508,14748,31256,8714,9194,17908,3813,6705,10518,896,3035,3931,191679,192147,383826
2021-05-30,8613,8010,16623,18098,18231,36329,36367,37525,73892,39920,38281,78201,33787,32705,66492,25567,24361,49928,16558,14796,31354,8738,9224,17962,3825,6726,10551,896,3037,3933,192369,192896,385265
2021-05-31,8668,8069,16737,18214,18353,36567,36559,37725,74284,40143,38527,78670,33973,32954,66927,25725,24525,50250,16643,14888,31531,8787,9278,18065,3846,6751,10597,897,3049,3946,193455,194119,387574
2021-06-01,8713,8121,16834,18310,18453,36763,36744,37912,74656,40348,38722,79070,34154,33160,67314,25873,24648,50521,16719,14962,31681,8822,9331,18153,3859,6779,10638,904,3060,3964,194446,195148,389594
2021-06-02,8753,8163,16916,18407,18530,36937,36875,38067,74942,40519,38898,79417,34299,33318,67617,25984,24756,50740,16789,15034,31823,8861,9375,18236,3876,6807,10683,910,3070,3980,195273,196018,391291
2021-06-03,8803,8207,17010,18505,18629,37134,37036,38231,75267,40689,39077,79766,34452,33470,67922,26089,24890,50979,16847,15093,31940,8900,9415,18315,3887,6834,10721,913,3081,3994,196121,196927,393048
2021-06-04,8858,8262,17120,18593,18739,37332,37180,38391,75571,40883,39252,80135,34600,33616,68216,26198,25024,51222,16900,15160,32060,8935,9452,18387,3897,6858,10755,915,3090,4005,196959,197844,394803
2021-06-05,8894,8301,17195,18654,18804,37458,37287,38488,75775,41025,39376,80401,34727,33748,68475,26296,25107,51403,16956,15205,32161,8956,9485,18441,3911,6892,10803,922,3106,4028,197628,198512,396140
2021-06-06,8934,8333,17267,18716,18856,37572,37380,38593,75973,41140,39490,80630,34866,33868,68734,26369,25185,51554,16995,15247,32242,8982,9511,18493,3920,6914,10834,926,3112,4038,198228,199109,397337
2021-06-07,8976,8374,17350,18815,18943,37758,37552,38754,76306,41317,39689,81006,35037,34057,69094,26503,25321,51824,17067,15298,32365,9019,9561,18580,3950,6936,10886,929,3123,4052,199165,200056,399221
2021-06-08,9020,8425,17445,18926,19022,37948,37706,38880,76586,41438,39857,81295,35191,34217,69408,26625,25426,52051,17119,15360,32479,9050,9597,18647,3966,6960,10926,931,3131,4062,199972,200875,400847
2021-06-09,9066,8459,17525,19010,19116,38126,37840,39013,76853,41594,40005,81599,35352,34356,69708,26742,25533,52275,17177,15407,32584,9087,9618,18705,3993,6977,10970,932,3137,4069,200793,201621,402414
2021-06-10,9110,8509,17619,19104,19225,38329,38006,39173,77179,41760,40169,81929,35524,34522,70046,26858,25643,52501,17235,15465,32700,9119,9653,18772,4006,6996,11002,937,3146,4083,201659,202501,404160
2021-06-11,9158,8546,17704,19194,19305,38499,38162,39302,77464,41914,40327,82241,35649,34681,70330,26961,25747,52708,17294,15526,32820,9150,9687,18837,4019,7026,11045,942,3155,4097,202443,203302,405745
2021-06-12,9194,8578,17772,19247,19364,38611,38244,39391,77635,42012,40434,82446,35751,34782,70533,27028,25806,52834,17324,15565,32889,9175,9707,18882,4026,7036,11062,944,3164,4108,202945,203827,406772
2021-06-13,9234,8616,17850,19294,19432,38726,38333,39487,77820,42107,40547,82654,35858,34873,70731,27101,25868,52969,17361,15603,32964,9196,9732,18928,4038,7059,11097,945,3172,4117,203467,204389,407856
2021-06-14,9283,8668,17951,19380,19527,38907,38485,39630,78115,42294,40758,83052,36037,35009,71046,27200,25947,53147,17418,15673,33091,9224,9777,19001,4049,7089,11138,948,3179,4127,204318,205257,409575
2021-06-15,9327,8699,18026,19472,19600,39072,38609,39766,78375,42438,40882,83320,36165,35156,71321,27292,26034,53326,17476,15720,33196,9257,9816,19073,4063,7115,11178,952,3197,4149,205051,205985,411036
2021-06-16,9367,8739,18106,19532,19677,39209,38735,39883,78618,42569,41028,83597,36297,35275,71572,27364,26107,53471,17523,15770,33293,9286,9832,19118,4070,7124,11194,957,3202,4159,205700,206637,412337
2021-06-17,9399,8771,18170,19614,19747,39361,38839,39986,78825,42710,41167,83877,36419,35424,71843,27446,26179,53625,17579,15831,33410,9322,9871,19193,4085,7150,11235,959,3210,4169,206372,207336,413708
2021-06-18,9435,8812,18247,19679,19817,39496,38939,40098,79037,42842,41282,84124,36517,35531,72048,27524,26254,53778,17618,15875,33493,9350,9905,19255,4088,7167,11255,962,3214,4176,206954,207955,414909
2021-06-19,9470,8844,18314,19727,19870,39597,39000,40168,79168,42933,41376,84309,36590,35618,72208,27584,26307,53891,17647,15908,33555,9372,9933,19305,4095,7178,11273,963,3215,4178,207381,208417,415798
2021-06-20,9489,8860,18349,19775,19916,39691,39059,40241,79300,43022,41453,84475,36665,35691,72356,27642,26353,53995,17666,15931,33597,9382,9945,19327,4101,7186,11287,966,3217,4183,207767,208793,416560
2021-06-21,9522,8893,18415,19836,19969,39805,39145,40323,79468,43121,41593,84714,36764,35782,72546,27694,26421,54115,17702,15964,33666,9402,9963,19365,4106,7197,11303,967,3222,4189,208259,209327,417586
2021-06-22,9572,8947,18519,19927,20058,39985,39259,40467,79726,43289,41772,85061,36918,35941,72859,27784,26503,54287,17761,16019,33780,9432,9993,19425,4117,7210,11327,967,3226,4193,209026,210136,419162
2021-06-23,9620,8987,18607,20004,20139,40143,39385,40580,79965,43412,41909,85321,37057,36055,73112,27866,26574,54440,17815,16055,33870,9458,10017,19475,4125,7218,11343,967,3229,4196,209709,210763,420472
2021-06-24,9666,9022,18688,20077,20216,40293,39504,40720,80224,43576,42069,85645,37182,36191,73373,27953,26667,54620,17859,16100,33959,9482,10056,19538,4136,7233,11369,972,3233,4205,210407,211507,421914
2021-06-25,9713,9071,18784,20179,20300,40479,39614,40882,80496,43732,42223,85955,37301,36324,73625,28039,26749,54788,17911,16165,34076,9505,10094,19599,4143,7253,11396,974,3238,4212,211111,212299,423410
2021-06-26,9742,9104,18846,20243,20359,40602,39692,40971,80663,43840,42309,86149,37393,36413,73806,28097,26823,54920,17946,16190,34136,9524,10113,19637,4149,7266,11415,975,3245,4220,211601,212793,424394
2021-06-27,9769,9132,18901,20289,20412,40701,39762,41045,80807,43924,42396,86320,37478,36494,73972,28135,26863,54998,17977,16219,34196,9535,10130,19665,4151,7273,11424,976,3249,4225,211996,213213,425209
2021-06-28,9812,9181,18993,20354,20485,40839,39867,41142,81009,44044,42534,86578,37598,36609,74207,28189,26925,55114,18030,16254,34284,9558,10151,19709,4158,7286,11444,976,3255,4231,212586,213822,426408
2021-06-29,9844,9225,19069,20424,20547,40971,39952,41235,81187,44172,42647,86819,37692,36725,74417,28246,26981,55227,18064,16299,34363,9582,10179,19761,4166,7300,11466,978,3261,4239,213120,214399,427519
2021-06-30,9878,9265,19143,20511,20617,41128,40044,41337,81381,44293,42762,87055,37777,36835,74612,28309,27037,55346,18094,16336,34430,9605,10212,19817,4174,7311,11485,980,3263,4243,213665,214975,428640
2021-07-01,9909,9289,19198,20586,20686,41272,40148,41458,81606,44402,42875,87277,37870,36926,74796,28375,27115,55490,18133,16378,34511,9627,10231,19858,4180,7321,11501,980,3266,4246,214210,215545,429755
2021-07-02,9950,9325,19275,20661,20755,41416,40229,41547,81776,44515,42998,87513,37981,37019,75000,28437,27175,55612,18163,16414,34577,9648,10257,19905,4185,7329,11514,980,3270,4250,214749,216089,430838
2021-07-03,9980,9348,19328,20707,20800,41507,40294,41628,81922,44590,43078,87668,38066,37080,75146,28478,27224,55702,18194,16445,34639,9659,10270,19929,4190,7335,11525,980,3273,4253,215138,216481,431619
2021-07-04,10004,9360,19364,20733,20844,41577,40372,41674,82046,44664,43132,87796,38128,37137,75265,28519,27269,55788,18217,16466,34683,9677,10284,19961,4195,7340,11535,980,3277,4257,215489,216783,432272
2021-07-05,10047,9388,19435,20798,20916,41714,40472,41767,82239,44806,43246,88052,38237,37241,75478,28577,27334,55911,18260,16507,34767,9704,10311,20015,4203,7349,11552,983,3279,4262,216087,217338,433425
2021-07-06,10085,9425,19510,20866,20963,41829,40566,41870,82436,44924,43346,88270,38336,37346,75682,28632,27370,56002,18295,16543,34838,9729,10334,20063,4211,7359,11570,987,3280,4267,216631,217836,434467
2021-07-07,10123,9458,19581,20925,21027,41952,40668,41957,82625,45032,43446,88478,38418,37429,75847,28681,27416,56097,18320,16564,34884,9748,10359,20107,4225,7364,11589,988,3280,4268,217128,218300,435428
2021-07-08,10160,9490,19650,21000,21094,42094,40781,42070,82851,45151,43583,88734,38525,37516,76041,28728,27495,56223,18356,16594,34950,9765,10377,20142,4228,7371,11599,990,3283,4273,217684,218873,436557
2021-07-09,10188,9507,19695,21061,21145,42206,40856,42150,83006,45229,43659,88888,38594,37593,76187,28760,27541,56301,18377,16615,34992,9779,10391,20170,4230,7375,11605,991,3284,4275,218065,219260,437325
2021-07-10,10214,9526,19740,21102,21192,42294,40929,42235,83164,45294,43735,89029,38676,37670,76346,28808,27594,56402,18401,16646,35047,9803,10417,20220,4233,7385,11618,993,3286,4279,218453,219686,438139
2021-07-11,10229,9550,19779,21150,21233,42383,40980,42307,83287,45375,43812,89187,38739,37736,76475,28844,27625,56469,18424,16668,35092,9813,10430,20243,4236,7389,11625,993,3286,4279,218783,220036,438819
2021-07-12,10264,9583,19847,21210,21288,42498,41082,42416,83498,45490,43925,89415,38832,37834,76666,28908,27692,56600,18464,16699,35163,9845,10455,20300,4242,7398,11640,993,3288,4281,219330,220578,439908
2021-07-13,10294,9621,19915,21274,21341,42615,41175,42513,83688,45562,44014,89576,38907,37919,76826,28959,27729,56688,18496,16724,35220,9863,10474,20337,4249,7410,11659,995,3295,4290,219774,221040,440814
2021-07-14,10326,9643,19969,21335,21396,42731,41276,42617,83893,45648,44116,89764,38972,38000,76972,29010,27783,56793,18525,16754,35279,9885,10490,20375,4250,7419,11669,995,3300,4295,220222,221518,441740
2021-07-15,10350,9663,20013,21401,21462,42863,41382,42726,84108,45750,44207,89957,39051,38080,77131,29055,27828,56883,18553,16787,35340,9898,10510,20408,4254,7422,11676,996,3302,4298,220690,221987,442677
2021-07-16,10386,9683,20069,21458,21516,42974,41472,42819,84291,45843,44311,90154,39116,38158,77274,29085,27879,56964,18585,16823,35408,9920,10539,20459,4256,7436,11692,997,3303,4300,221118,222467,443585
2021-07-17,10417,9699,20116,21504,21562,43066,41550,42879,84429,45909,44378,90287,39161,38226,77387,29126,27915,57041,18603,16841,35444,9932,10556,20488,4262,7437,11699,998,3304,4302,221462,222797,444259
2021-07-18,10427,9712,20139,21539,21598,43137,41604,42930,84534,45954,44436,90390,39207,38268,77475,29143,27941,57084,18620,16854,35474,9939,10568,20507,4270,7443,11713,998,3304,4302,221701,223054,444755
2021-07-19,10442,9737,20179,21592,21644,43236,41687,43021,84708,46043,44516,90559,39284,38343,77627,29188,27987,57175,18643,16879,35522,9949,10587,20536,4274,7449,11723,1000,3307,4307,222102,223470,445572
2021-07-20,10463,9767,20230,21636,21679,43315,41749,43106,84855,46114,44596,90710,39352,38401,77753,29226,28024,57250,18665,16897,35562,9963,10597,20560,4278,7455,11733,1000,3308,4308,222446,223830,446276
2021-07-21,10490,9783,20273,21679,21741,43420,41828,43185,85013,46185,44664,90849,39395,38480,77875,29273,28070,57343,18688,16919,35607,9973,10612,20585,4281,7458,11739,1002,3308,4310,222794,224220,447014
2021-07-22,10505,9800,20305,21735,21793,43528,41910,43253,85163,46264,44752,91016,39457,38533,77990,29308,28117,57425,18734,16939,35673,9990,10623,20613,4284,7465,11749,1004,3308,4312,223191,224583,447774
2021-07-23,10521,9818,20339,21790,21850,43640,42002,43343,85345,46342,44826,91168,39518,38603,78121,29347,28150,57497,18763,16969,35732,10000,10642,20642,4286,7473,11759,1005,3309,4314,223574,224983,448557
2021-07-24,10534,9827,20361,21830,21893,43723,42064,43394,85458,46398,44886,91284,39566,38660,78226,29372,28185,57557,18788,16986,35774,10011,10649,20660,4288,7476,11764,1005,3310,4315,223856,225266,449122
2021-07-25,10543,9838,20381,21863,21932,43795,42114,43454,85568,46456,44937,91393,39608,38702,78310,29397,28211,57608,18808,16994,35802,10023,10660,20683,4290,7482,11772,1005,3313,4318,224107,225523,449630
2021-07-26,10564,9855,20419,21919,21983,43902,42212,43564,85776,46544,45013,91557,39669,38774,78443,29439,28258,57697,18836,17021,35857,10043,10680,20723,4295,7492,11787,1005,3314,4319,224526,225954,450480
2021-07-27,10584,9867,20451,21961,22035,43996,42287,43654,85941,46630,45090,91720,39727,38828,78555,29478,28297,57775,18859,17037,35896,10053,10693,20746,4295,7496,11791,1006,3315,4321,224880,226312,451192
2021-07-28,10597,9884,20481,22006,22082,44088,42341,43728,86069,46690,45157,91847,39772,38883,78655,29505,28327,57832,18875,17060,35935,10062,10704,20766,4297,7498,11795,1006,3317,4323,225151,226640,451791
2021-07-29,10624,9896,20520,22053,22121,44174,42421,43794,86215,46748,45225,91973,39812,38935,78747,29535,28364,57899,18896,17082,35978,10069,10713,20782,4301,7506,11807,1008,3319,4327,225467,226955,452422
2021-07-30,10650,9914,20564,22103,22181,44284,42487,43865,86352,46800,45300,92100,39872,38995,78867,29576,28399,57975,18922,17112,36034,10078,10728,20806,4304,7518,11822,1010,3321,4331,225802,227333,453135
2021-07-31,10664,9937,20601,22136,22222,44358,42534,43918,86452,46837,45362,92199,39915,39035,78950,29614,28436,58050,18935,17125,36060,10094,10736,20830,4305,7521,11826,1010,3322,4332,226044,227614,453658
2021-08-01,10681,9950,20631,22168,22258,44426,42573,43957,86530,46886,45413,92299,39963,39088,79051,29643,28474,58117,18957,17139,36096,10103,10747,20850,4309,7525,11834,1011,3322,4333,226294,227873,454167
2021-08-02,10708,9974,20682,22244,22339,44583,42647,44040,86687,46949,45478,92427,40026,39166,79192,29701,28522,58223,18985,17166,36151,10114,10770,20884,4311,7531,11842,1012,3325,4337,226697,228311,455008
2021-08-03,10725,9989,20714,22304,22415,44719,42731,44099,86830,47016,45542,92558,40097,39228,79325,29739,28556,58295,19009,17189,36198,10129,10789,20918,4316,7535,11851,1012,3327,4339,227078,228669,455747
2021-08-04,10751,10000,20751,22348,22457,44805,42815,44170,86985,47073,45617,92690,40137,39282,79419,29778,28595,58373,19023,17209,36232,10147,10801,20948,4322,7537,11859,1014,3328,4342,227408,228996,456404
2021-08-05,10770,10014,20784,22408,22535,44943,42885,44247,87132,47142,45684,92826,40189,39335,79524,29825,28635,58460,19045,17229,36274,10156,10819,20975,4327,7544,11871,1017,3333,4350,227764,229375,457139
2021-08-06,10784,10041,20825,22465,22611,45076,42947,44333,87280,47212,45743,92955,40247,39401,79648,29867,28683,58550,19072,17253,36325,10174,10834,21008,4330,7549,11879,1017,3333,4350,228115,229781,457896
2021-08-07,10799,10056,20855,22498,22643,45141,42985,44391,87376,47252,45787,93039,40284,39444,79728,29897,28705,58602,19082,17273,36355,10181,10842,21023,4330,7552,11882,1018,3333,4351,228326,230026,458352
2021-08-08,10809,10079,20888,22526,22678,45204,43023,44431,87454,47293,45827,93120,40322,39482,79804,29919,28732,58651,19095,17288,36383,10185,10851,21036,4330,7553,11883,1018,3333,4351,228520,230254,458774
2021-08-09,10822,10106,20928,22573,22727,45300,43079,44489,87568,47347,45872,93219,40359,39519,79878,29961,28763,58724,19115,17305,36420,10193,10867,21060,4332,7556,11888,1018,3333,4351,228799,230537,459336
2021-08-10,10852,10126,20978,22618,22789,45407,43132,44539,87671,47392,45930,93322,40391,39561,79952,29995,28793,58788,19137,17334,36471,10203,10876,21079,4335,7558,11893,1018,3334,4352,229073,230840,459913
2021-08-11,10872,10146,21018,22664,22845,45509,43191,44600,87791,47434,45976,93410,40428,39603,80031,30018,28844,58862,19155,17352,36507,10216,10887,21103,4336,7564,11900,1018,3335,4353,229332,231152,460484
2021-08-12,10893,10166,21059,22717,22904,45621,43240,44644,87884,47481,46028,93509,40469,39632,80101,30040,28867,58907,19167,17373,36540,10225,10903,21128,4338,7572,11910,1018,3335,4353,229588,231424,461012
2021-08-13,10913,10196,21109,22767,22956,45723,43282,44677,87959,47525,46074,93599,40507,39673,80180,30062,28895,58957,19180,17386,36566,10229,10912,21141,4340,7580,11920,1019,3338,4357,229824,231687,461511
2021-08-14,10927,10208,21135,22799,22984,45783,43308,44710,88018,47565,46124,93689,40523,39699,80222,30085,28915,59000,19196,17393,36589,10239,10919,21158,4341,7582,11923,1019,3338,4357,230002,231872,461874
2021-08-15,10942,10217,21159,22819,23016,45835,43323,44742,88065,47596,46151,93747,40547,39721,80268,30111,28935,59046,19208,17398,36606,10249,10922,21171,4341,7583,11924,1020,3338,4358,230156,232023,462179
2021-08-16,10961,10226,21187,22853,23048,45901,43353,44781,88134,47623,46188,93811,40581,39754,80335,30130,28949,59079,19213,17411,36624,10251,10929,21180,4344,7585,11929,1020,3338,4358,230329,232209,462538
2021-08-17,10980,10241,21221,22916,23096,46012,43403,44828,88231,47665,46227,93892,40639,39801,80440,30147,28967,59114,19228,17427,36655,10258,10941,21199,4348,7591,11939,1020,3339,4359,230604,232458,463062
2021-08-18,11005,10262,21267,22973,23133,46106,43453,44866,88319,47711,46279,93990,40667,39842,80509,30178,28995,59173,19247,17445,36692,10264,10950,21214,4349,7595,11944,1020,3339,4359,230867,232706,463573
2021-08-19,11026,10275,21301,23028,23177,46205,43496,44900,88396,47749,46318,94067,40696,39881,80577,30192,29018,59210,19265,17458,36723,10269,10954,21223,4350,7599,11949,1020,3339,4359,231091,232919,464010
2021-08-20,11055,10295,21350,23071,23232,46303,43531,44936,88467,47784,46363,94147,40726,39932,80658,30216,29039,59255,19282,17479,36761,10280,10967,21247,4352,7609,11961,1021,3340,4361,231318,233192,464510
2021-08-21,11062,10304,21366,23102,23259,46361,43555,44968,88523,47807,46391,94198,40751,39967,80718,30232,29058,59290,19287,17483,36770,10284,10974,21258,4353,7611,11964,1021,3341,4362,231454,233356,464810
2021-08-22,11078,10322,21400,23122,23282,46404,43581,44987,88568,47827,46413,94240,40773,39994,80767,30244,29076,59320,19294,17488,36782,10289,10980,21269,4354,7614,11968,1021,3344,4365,231583,233500,465083
2021-08-23,11093,10338,21431,23156,23311,46467,43610,45016,88626,47867,46446,94313,40799,40026,80825,30261,29089,59350,19304,17502,36806,10299,10982,21281,4355,7616,11971,1023,3344,4367,231767,233670,465437
2021-08-24,11107,10355,21462,23195,23342,46537,43634,45048,88682,47898,46486,94384,40824,40051,80875,30277,29110,59387,19312,17509,36821,10308,10989,21297,4359,7619,11978,1023,3346,4369,231937,233855,465792
2021-08-25,11120,10370,21490,23234,23366,46600,43668,45072,88740,47922,46514,94436,40847,40095,80942,30293,29133,59426,19319,17516,36835,10311,10997,21308,4360,7623,11983,1024,3346,4370,232098,234032,466130
2021-08-26,11137,10391,21528,23270,23395,46665,43695,45115,88810,47947,46546,94493,40874,40116,80990,30306,29146,59452,19335,17518,36853,10317,11000,21317,4362,7628,11990,1025,3347,4372,232268,234202,466470
2021-08-27,11150,10406,21556,23313,23432,46745,43730,45144,88874,47969,46569,94538,40896,40145,81041,30321,29160,59481,19342,17525,36867,10318,11007,21325,4362,7638,12000,1026,3349,4375,232427,234375,466802
2021-08-28,11161,10415,21576,23333,23454,46787,43751,45172,88923,47983,46587,94570,40914,40163,81077,30338,29175,59513,19352,17530,36882,10324,11007,21331,4363,7638,12001,1026,3349,4375,232545,234490,467035
2021-08-29,11168,10430,21598,23364,23481,46845,43772,45192,88964,48008,46607,94615,40930,40180,81110,30347,29186,59533,19353,17536,36889,10325,11012,21337,4363,7638,12001,1026,3349,4375,232656,234611,467267
2021-08-30,11180,10445,21625,23394,23524,46918,43801,45222,89023,48033,46631,94664,40950,40216,81166,30358,29199,59557,19358,17547,36905,10330,11015,21345,4363,7640,12003,1027,3352,4379,232794,234791,467585
2021-08-31,11191,10454,21645,23433,23551,46984,43822,45251,89073,48067,46648,94715,40975,40249,81224,30368,29217,59585,19371,17554,36925,10334,11024,21358,4367,7643,12010,1027,3354,4381,232955,234945,467900
2021-09-01,11204,10471,21675,23471,23578,47049,43844,45279,89123,48091,46675,94766,40995,40280,81275,30380,29234,59614,19372,17565,36937,10340,11029,21369,4367,7646,12013,1027,3356,4383,233091,235113,468204
2021-09-02,11213,10486,21699,23495,23614,47109,43868,45306,89174,48115,46698,94813,41017,40304,81321,30394,29247,59641,19377,17570,36947,10342,11034,21376,4367,7650,12017,1028,3356,4384,233216,235265,468481
2021-09-03,11227,10505,21732,23531,23644,47175,43891,45324,89215,48130,46725,94855,41036,40334,81370,30410,29265,59675,19389,17579,36968,10350,11042,21392,4368,7653,12021,1028,3359,4387,233360,235430,468790
2021-09-04,11232,10514,21746,23544,23656,47200,43899,45337,89236,48145,46736,94881,41042,40349,81391,30413,29276,59689,19392,17581,36973,10352,11046,21398,4369,7658,12027,1028,3359,4387,233416,235512,468928
2021-09-05,11247,10529,21776,23565,23667,47232,43906,45346,89252,48161,46749,94910,41061,40360,81421,30419,29283,59702,19396,17583,36979,10353,11049,21402,4371,7659,12030,1028,3359,4387,233507,235584,469091
2021-09-06,11264,10541,21805,23591,23686,47277,43924,45366,89290,48185,46772,94957,41088,40378,81466,30428,29298,59726,19403,17589,36992,10358,11051,21409,4371,7660,12031,1028,3359,4387,233640,235700,469340
2021-09-07,11275,10554,21829,23609,23707,47316,43936,45383,89319,48206,46796,95002,41106,40390,81496,30436,29306,59742,19412,17593,37005,10359,11054,21413,4373,7662,12035,1028,3359,4387,233740,235804,469544
2021-09-08,11292,10568,21860,23629,23727,47356,43947,45400,89347,48222,46813,95035,41123,40407,81530,30446,29309,59755,19417,17595,37012,10362,11059,21421,4373,7663,12036,1028,3360,4388,233839,235901,469740
2021-09-09,11304,10578,21882,23646,23743,47389,43960,45416,89376,48241,46832,95073,41137,40423,81560,30460,29322,59782,19421,17597,37018,10364,11064,21428,4374,7664,12038,1028,3360,4388,233935,235999,469934
2021-09-10,11324,10593,21917,23663,23764,47427,43972,45428,89400,48271,46857,95128,41161,40442,81603,30471,29335,59806,19426,17601,37027,10366,11066,21432,4375,7665,12040,1028,3360,4388,234057,236111,470168
2021-09-11,11333,10599,21932,23677,23774,47451,43984,45436,89420,48283,46874,95157,41174,40459,81633,30478,29342,59820,19432,17604,37036,10366,11067,21433,4375,7665,12040,1028,3360,4388,234130,236180,470310
2021-09-12,11341,10612,21953,23689,23792,47481,43992,45448,89440,48294,46885,95179,41183,40470,81653,30481,29351,59832,19436,17606,37042,10366,11068,21434,4378,7666,12044,1028,3360,4388,234188,236258,470446
2021-09-13,11363,10627,21990,23714,23809,47523,44005,45463,89468,48311,46902,95213,41197,40489,81686,30489,29361,59850,19440,17615,37055,10368,11072,21440,4379,7670,12049,1028,3361,4389,234294,236369,470663
2021-09-14,11378,10640,22018,23728,23830,47558,44015,45473,89488,48322,46916,95238,41212,40505,81717,30498,29373,59871,19443,17617,37060,10374,11079,21453,4379,7670,12049,1028,3361,4389,234377,236464,470841
2021-09-15,11388,10657,22045,23747,23851,47598,44026,45477,89503,48339,46929,95268,41226,40526,81752,30503,29382,59885,19448,17622,37070,10378,11086,21464,4379,7670,12049,1028,3361,4389,234462,236561,471023
2021-09-16,11403,10672,22075,23769,23873,47642,44038,45486,89524,48354,46941,95295,41235,40542,81777,30509,29389,59898,19453,17626,37079,10381,11090,21471,4381,7670,12051,1028,3361,4389,234551,236650,471201
2021-09-17,11415,10686,22101,23779,23885,47664,44051,45498,89549,48368,46960,95328,41251,40558,81809,30519,29403,59922,19456,17633,37089,10384,11094,21478,4383,7670,12053,1028,3361,4389,234634,236748,471382
2021-09-18,11427,10693,22120,23787,23893,47680,44056,45503,89559,48375,46971,95346,41259,40569,81828,30525,29406,59931,19459,17634,37093,10384,11096,21480,4384,7670,12054,1028,3362,4390,234684,236797,471481
2021-09-19,11441,10699,22140,23792,23901,47693,44060,45511,89571,48382,46976,95358,41267,40580,81847,30528,29411,59939,19461,17636,37097,10387,11097,21484,4384,7671,12055,1028,3362,4390,234730,236844,471574
2021-09-20,11449,10708,22157,23811,23908,47719,44067,45518,89585,48388,46988,95376,41277,40591,81868,30534,29420,59954,19468,17641,37109,10387,11097,21484,4385,7672,12057,1028,3362,4390,234794,236905,471699
2021-09-21,11457,10717,22174,23828,23918,47746,44074,45526,89600,48406,47002,95408,41290,40601,81891,30540,29426,59966,19472,17643,37115,10391,11099,21490,4385,7674,12059,1028,3362,4390,234871,236968,471839
2021-09-22,11468,10723,22191,23840,23928,47768,44084,45531,89615,48419,47014,95433,41301,40616,81917,30542,29433,59975,19476,17643,37119,10393,11102,21495,4385,7675,12060,1028,3362,4390,234936,237027,471963
2021-09-23,11474,10727,22201,23851,23938,47789,44093,45542,89635,48431,47035,95466,41309,40624,81933,30553,29439,59992,19483,17650,37133,10393,11107,21500,4386,7678,12064,1028,3362,4390,235001,237102,472103
2021-09-24,11486,10735,22221,23864,23948,47812,44100,45551,89651,48448,47052,95500,41323,40636,81959,30562,29450,60012,19487,17653,37140,10394,11112,21506,4388,7679,12067,1029,3362,4391,235081,237178,472259
2021-09-25,11493,10742,22235,23875,23960,47835,44105,45558,89663,48454,47057,95511,41327,40650,81977,30566,29456,60022,19488,17656,37144,10397,11114,21511,4389,7679,12068,1029,3362,4391,235123,237234,472357
2021-09-26,11502,10746,22248,23883,23967,47850,44108,45565,89673,48458,47064,95522,41333,40661,81994,30569,29460,60029,19489,17656,37145,10397,11116,21513,4389,7679,12068,1029,3363,4392,235157,237277,472434
2021-09-27,11507,10750,22257,23894,23986,47880,44116,45577,89693,48475,47078,95553,41340,40668,82008,30574,29464,60038,19491,17663,37154,10397,11116,21513,4389,7680,12069,1029,3363,4392,235212,237345,472557
2021-09-28,11518,10756,22274,23907,23995,47902,44120,45587,89707,48484,47092,95576,41346,40678,82024,30579,29467,60046,19495,17665,37160,10398,11116,21514,4389,7682,12071,1029,3363,4392,235265,237401,472666
2021-09-29,11518,10760,22278,23916,24011,47927,44129,45595,89724,48495,47104,95599,41353,40692,82045,30584,29472,60056,19498,17667,37165,10400,11117,21517,4390,7683,12073,1029,3363,4392,235312,237464,472776
2021-09-30,11520,10763,22283,23928,24018,47946,44137,45604,89741,48502,47116,95618,41361,40697,82058,30588,29473,60061,19500,17669,37169,10402,11118,21520,4390,7684,12074,1029,3363,4392,235357,237505,472862
2021-10-01,11527,10769,22296,23939,24032,47971,44148,45612,89760,48510,47128,95638,41370,40712,82082,30593,29481,60074,19503,17676,37179,10404,11122,21526,4390,7685,12075,1029,3363,4392,235413,237580,472993
2021-10-02,11534,10772,22306,23944,24037,47981,44151,45622,89773,48516,47139,95655,41375,40722,82097,30597,29483,60080,19504,17678,37182,10404,11125,21529,4390,7686,12076,1029,3363,4392,235444,237627,473071
2021-10-03,11535,10773,22308,23945,24044,47989,44160,45626,89786,48526,47151,95677,41378,40729,82107,30600,29485,60085,19505,17679,37184,10404,11125,21529,4390,7686,12076,1029,3363,4392,235472,237661,473133
2021-10-04,11540,10777,22317,23954,24053,48007,44166,45636,89802,48534,47164,95698,41391,40738,82129,30603,29491,60094,19508,17680,37188,10405,11127,21532,4390,7688,12078,1029,3363,4392,235520,237717,473237
2021-10-05,11544,10779,22323,23971,24069,48040,44173,45645,89818,48548,47176,95724,41397,40754,82151,30614,29497,60111,19513,17684,37197,10406,11129,21535,4390,7688,12078,1029,3363,4392,235585,237784,473369
2021-10-06,11549,10786,22335,23988,24096,48084,44180,45651,89831,48560,47193,95753,41410,40763,82173,30619,29503,60122,19517,17689,37206,10411,11133,21544,4390,7691,12081,1029,3363,4392,235653,237868,473521
2021-10-07,11556,10791,22347,23997,24103,48100,44191,45657,89848,48571,47202,95773,41416,40777,82193,30623,29512,60135,19522,17692,37214,10413,11135,21548,4390,7691,12081,1029,3363,4392,235708,237923,473631
2021-10-08,11561,10796,22357,24006,24111,48117,44201,45666,89867,48584,47204,95788,41419,40782,82201,30625,29513,60138,19522,17694,37216,10414,11136,21550,4391,7691,12082,1029,3363,4392,235752,237956,473708
2021-10-09,11563,10796,22359,24008,24115,48123,44205,45670,89875,48589,47210,95799,41427,40793,82220,30628,29518,60146,19525,17697,37222,10415,11137,21552,4391,7693,12084,1031,3363,4394,235782,237992,473774
2021-10-10,11576,10798,22374,24017,24121,48138,44209,45674,89883,48595,47222,95817,41435,40800,82235,30633,29525,60158,19528,17698,37226,10417,11140,21557,4391,7693,12084,1031,3364,4395,235832,238035,473867
2021-10-11,11581,10801,22382,24027,24134,48161,44219,45686,89905,48602,47228,95830,41439,40813,82252,30645,29528,60173,19531,17700,37231,10417,11140,21557,4391,7695,12086,1032,3364,4396,235884,238089,473973
2021-10-12,11591,10813,22404,24042,24151,48193,44231,45701,89932,48615,47255,95870,41456,40832,82288,30656,29535,60191,19535,17704,37239,10425,11142,21567,4393,7695,12088,1032,3364,4396,235976,238192,474168
2021-10-13,11596,10824,22420,24058,24168,48226,44247,45716,89963,48628,47273,95901,41474,40841,82315,30660,29542,60202,19540,17707,37247,10427,11145,21572,4393,7695,12088,1032,3364,4396,236055,238275,474330
2021-10-14,11603,10829,22432,24074,24182,48256,44265,45734,89999,48644,47296,95940,41490,40858,82348,30673,29549,60222,19550,17718,37268,10429,11155,21584,4393,7696,12089,1032,3364,4396,236153,238381,474534
2021-10-15,11608,10831,22439,24086,24191,48277,44272,45750,90022,48661,47320,95981,41502,40875,82377,30683,29555,60238,19551,17724,37275,10433,11157,21590,4393,7697,12090,1032,3364,4396,236221,238464,474685
2021-10-16,11613,10836,22449,24094,24201,48295,44285,45764,90049,48670,47337,96007,41510,40886,82396,30687,29560,60247,19552,17727,37279,10435,11157,21592,4395,7697,12092,1032,3364,4396,236273,238529,474802
2021-10-17,11618,10839,22457,24099,24207,48306,44292,45768,90060,48677,47345,96022,41521,40891,82412,30691,29562,60253,19554,17729,37283,10437,11157,21594,4396,7698,12094,1032,3364,4396,236317,238560,474877
2021-10-18,11627,10846,22473,24123,24219,48342,44299,45775,90074,48688,47360,96048,41531,40902,82433,30696,29569,60265,19557,17737,37294,10439,11157,21596,4397,7698,12095,1032,3364,4396,236389,238627,475016
2021-10-19,11634,10855,22489,24139,24242,48381,44315,45784,90099,48695,47370,96065,41540,40913,82453,30703,29577,60280,19562,17748,37310,10441,11160,21601,4398,7701,12099,1033,3364,4397,236460,238714,475174
2021-10-20,11641,10864,22505,24163,24276,48439,44333,45806,90139,48710,47398,96108,41550,40926,82476,30710,29586,60296,19567,17757,37324,10441,11163,21604,4398,7703,12101,1033,3364,4397,236546,238843,475389
2021-10-21,11647,10876,22523,24200,24317,48517,44345,45824,90169,48728,47426,96154,41568,40946,82514,30721,29598,60319,19572,17764,37336,10444,11168,21612,4400,7703,12103,1033,3364,4397,236658,238986,475644
2021-10-22,11660,10889,22549,24233,24349,48582,44354,45842,90196,48740,47442,96182,41581,40973,82554,30733,29607,60340,19578,17771,37349,10452,11172,21624,4400,7707,12107,1034,3365,4399,236765,239117,475882
2021-10-23,11672,10894,22566,24250,24363,48613,44367,45856,90223,48754,47453,96207,41590,40991,82581,30740,29612,60352,19578,17771,37349,10452,11172,21624,4400,7711,12111,1034,3365,4399,236837,239188,476025
2021-10-24,11681,10906,22587,24263,24370,48633,44376,45862,90238,48768,47457,96225,41601,41007,82608,30744,29617,60361,19581,17775,37356,10453,11176,21629,4400,7711,12111,1034,3365,4399,236901,239246,476147
2021-10-25,11692,10922,22614,24279,24394,48673,44388,45882,90270,48780,47469,96249,41613,41028,82641,30753,29627,60380,19585,17779,37364,10455,11181,21636,4402,7713,12115,1034,3367,4401,236981,239362,476343
2021-10-26,11712,10931,22643,24294,24411,48705,44401,45892,90293,48798,47485,96283,41625,41051,82676,30765,29635,60400,19591,17782,37373,10458,11183,21641,4403,7713,12116,1034,3367,4401,237081,239450,476531
2021-10-27,11720,10939,22659,24316,24432,48748,44424,45907,90331,48807,47507,96314,41644,41066,82710,30774,29643,60417,19593,17795,37388,10461,11189,21650,4403,7713,12116,1036,3367,4403,237178,239558,476736
2021-10-28,11741,10948,22689,24335,24446,48781,44442,45925,90367,48818,47519,96337,41653,41082,82735,30782,29655,60437,19599,17802,37401,10463,11191,21654,4404,7715,12119,1036,3370,4406,237273,239653,476926
2021-10-29,11754,10971,22725,24360,24466,48826,44456,45941,90397,48837,47535,96372,41662,41094,82756,30792,29662,60454,19601,17807,37408,10466,11193,21659,4404,7716,12120,1036,3370,4406,237368,239755,477123
2021-10-30,11764,10983,22747,24377,24477,48854,44466,45952,90418,48850,47547,96397,41672,41110,82782,30803,29671,60474,19604,17809,37413,10466,11196,21662,4405,7718,12123,1036,3370,4406,237443,239833,477276
2021-10-31,11770,10991,22761,24386,24488,48874,44477,45963,90440,48859,47556,96415,41686,41127,82813,30811,29678,60489,19606,17813,37419,10466,11196,21662,4405,7720,12125,1036,3371,4407,237502,239903,477405
2021-11-01,11780,11006,22786,24399,24504,48903,44487,45980,90467,48878,47573,96451,41698,41145,82843,30817,29682,60499,19610,17818,37428,10466,11201,21667,4406,7724,12130,1036,3371,4407,237577,240004,477581
2021-11-02,11799,11018,22817,24408,24520,48928,44500,45995,90495,48888,47585,96473,41708,41157,82865,30823,29690,60513,19614,17821,37435,10469,11206,21675,4407,7725,12132,1036,3371,4407,237652,240088,477740
2021-11-03,11811,11038,22849,24422,24532,48954,44515,46019,90534,48905,47617,96522,41727,41172,82899,30831,29698,60529,19616,17822,37438,10470,11209,21679,4407,7725,12132,1036,3372,4408,237740,240204,477944
2021-11-04,11827,11047,22874,24434,24549,48983,44542,46041,90583,48933,47638,96571,41743,41192,82935,30840,29706,60546,19621,17825,37446,10475,11215,21690,4407,7726,12133,1037,3372,4409,237859,240311,478170
2021-11-05,11839,11061,22900,24448,24570,49018,44556,46056,90612,48952,47652,96604,41754,41216,82970,30848,29708,60556,19625,17829,37454,10478,11218,21696,4407,7726,12133,1037,3372,4409,237944,240408,478352
2021-11-06,11855,11082,22937,24456,24580,49036,44573,46072,90645,48966,47674,96640,41770,41235,83005,30858,29719,60577,19630,17833,37463,10481,11219,21700,4410,7726,12136,1037,3372,4409,238036,240512,478548
2021-11-07,11862,11091,22953,24460,24590,49050,44584,46077,90661,48980,47689,96669,41785,41250,83035,30867,29726,60593,19632,17833,37465,10481,11220,21701,4411,7727,12138,1037,3372,4409,238099,240575,478674
2021-11-08,11876,11103,22979,24472,24605,49077,44599,46092,90691,49004,47709,96713,41803,41276,83079,30875,29736,60611,19638,17837,37475,10485,11226,21711,4412,7731,12143,1037,3372,4409,238201,240687,478888
2021-11-09,11897,11119,23016,24489,24619,49108,44610,46124,90734,49018,47735,96753,41819,41293,83112,30884,29750,60634,19645,17843,37488,10488,11230,21718,4413,7731,12144,1038,3372,4410,238301,240816,479117
2021-11-10,11922,11141,23063,24503,24630,49133,44635,46159,90794,49033,47762,96795,41841,41317,83158,30897,29762,60659,19649,17849,37498,10492,11232,21724,4414,7732,12146,1039,3373,4412,238425,240957,479382
2021-11-11,11937,11155,23092,24519,24643,49162,44656,46185,90841,49063,47787,96850,41862,41339,83201,30905,29768,60673,19651,17854,37505,10496,11240,21736,4414,7732,12146,1039,3373,4412,238542,241076,479618
2021-11-12,11955,11170,23125,24529,24662,49191,44674,46220,90894,49080,47808,96888,41891,41360,83251,30917,29781,60698,19659,17862,37521,10499,11246,21745,4414,7734,12148,1039,3375,4414,238657,241218,479875
2021-11-13,11968,11185,23153,24542,24674,49216,44687,46244,90931,49096,47825,96921,41910,41378,83288,30929,29789,60718,19660,17867,37527,10501,11249,21750,4414,7737,12151,1039,3375,4414,238746,241323,480069
2021-11-14,11981,11195,23176,24551,24682,49233,44697,46266,90963,49118,47840,96958,41926,41392,83318,30932,29796,60728,19665,17870,37535,10502,11250,21752,4415,7737,12152,1039,3375,4414,238826,241403,480229
2021-11-15,11994,11217,23211,24558,24697,49255,44718,46286,91004,49132,47871,97003,41945,41419,83364,30941,29810,60751,19672,17881,37553,10503,11252,21755,4416,7738,12154,1040,3375,4415,238919,241546,480465
2021-11-16,12012,11228,23240,24566,24706,49272,44736,46308,91044,49161,47896,97057,41960,41441,83401,30950,29822,60772,19679,17887,37566,10504,11255,21759,4419,7740,12159,1040,3378,4418,239027,241661,480688
2021-11-17,12026,11237,23263,24576,24718,49294,44762,46329,91091,49186,47927,97113,41982,41463,83445,30960,29831,60791,19688,17896,37584,10506,11257,21763,4420,7742,12162,1040,3378,4418,239146,241778,480924
2021-11-18,12037,11251,23288,24590,24727,49317,44784,46349,91133,49221,47953,97174,42001,41488,83489,30970,29837,60807,19697,17903,37600,10508,11259,21767,4421,7744,12165,1040,3378,4418,239269,241889,481158
2021-11-19,12051,11266,23317,24606,24739,49345,44808,46369,91177,49242,47976,97218,42017,41507,83524,30978,29844,60822,19703,17912,37615,10509,11269,21778,4421,7745,12166,1040,3379,4419,239375,242006,481381
2021-11-20,12058,11274,23332,24616,24749,49365,44826,46386,91212,49262,48010,97272,42040,41525,83565,30986,29850,60836,19709,17915,37624,10511,11271,21782,4422,7745,12167,1040,3380,4420,239470,242105,481575
2021-11-21,12067,11290,23357,24628,24762,49390,44842,46402,91244,49279,48028,97307,42059,41537,83596,30994,29861,60855,19716,17930,37646,10515,11273,21788,4422,7747,12169,1040,3380,4420,239562,242210,481772
2021-11-22,12078,11300,23378,24645,24774,49419,44851,46421,91272,49296,48062,97358,42073,41554,83627,31005,29875,60880,19723,17933,37656,10515,11276,21791,4423,7748,12171,1040,3381,4421,239649,242324,481973
2021-11-23,12093,11307,23400,24661,24798,49459,44883,46464,91347,49331,48093,97424,42099,41583,83682,31011,29898,60909,19734,17941,37675,10519,11282,21801,4423,7749,12172,1040,3381,4421,239794,242496,482290
2021-11-24,12113,11318,23431,24679,24814,49493,44918,46501,91419,49354,48129,97483,42130,41608,83738,31024,29907,60931,19746,17952,37698,10522,11286,21808,4424,7751,12175,1041,3381,4422,239951,242647,482598
2021-11-25,12124,11329,23453,24689,24826,49515,44944,46543,91487,49385,48181,97566,42156,41627,83783,31036,29915,60951,19750,17961,37711,10523,11293,21816,4427,7752,12179,1041,3381,4422,240075,242808,482883
2021-11-26,12138,11337,23475,24702,24842,49544,44985,46574,91559,49419,48227,97646,42171,41658,83829,31041,29926,60967,19759,17970,37729,10525,11298,21823,4428,7754,12182,1041,3381,4422,240209,242967,483176
2021-11-27,12146,11347,23493,24714,24853,49567,45016,46612,91628,49457,48252,97709,42187,41678,83865,31049,29932,60981,19765,17974,37739,10529,11302,21831,4428,7755,12183,1041,3382,4423,240332,243087,483419
2021-11-28,12158,11353,23511,24729,24869,49598,45037,46635,91672,49487,48272,97759,42206,41699,83905,31058,29940,60998,19769,17980,37749,10531,11307,21838,4428,7755,12183,1041,3382,4423,240444,243192,483636
2021-11-29,12167,11367,23534,24744,24896,49640,45070,46679,91749,49530,48320,97850,42233,41735,83968,31068,29956,61024,19786,17998,37784,10538,11315,21853,4428,7756,12184,1042,3382,4424,240606,243404,484010
2021-11-30,12179,11381,23560,24766,24924,49690,45097,46711,91808,49579,48367,97946,42268,41771,84039,31086,29973,61059,19799,18017,37816,10540,11317,21857,4432,7759,12191,1043,3384,4427,240789,243604,484393
2021-12-01,12191,11391,23582,24790,24943,49733,45143,46766,91909,49631,48422,98053,42298,41818,84116,31101,29993,61094,19804,18028,37832,10546,11324,21870,4432,7763,12195,1043,3386,4429,240979,243834,484813
2021-12-02,12203,11404,23607,24807,24968,49775,45184,46825,92009,49688,48474,98162,42334,41859,84193,31124,30008,61132,19817,18037,37854,10551,11332,21883,4434,7771,12205,1043,3391,4434,241185,244069,485254
2021-12-03,12215,11420,23635,24827,24989,49816,45226,46877,92103,49724,48519,98243,42356,41897,84253,31131,30028,61159,19828,18051,37879,10553,11337,21890,4436,7772,12208,1043,3392,4435,241339,244282,485621
2021-12-04,12223,11429,23652,24845,25012,49857,45262,46914,92176,49766,48559,98325,42383,41938,84321,31146,30047,61193,19833,18059,37892,10562,11345,21907,4437,7776,12213,1043,3393,4436,241500,244472,485972
2021-12-05,12231,11436,23667,24864,25027,49891,45294,46945,92239,49801,48601,98402,42408,41968,84376,31158,30065,61223,19841,18067,37908,10564,11350,21914,4438,7778,12216,1044,3393,4437,241643,244630,486273
2021-12-06,12247,11463,23710,24888,25066,49954,45349,47019,92368,49859,48655,98514,42453,42015,84468,31179,30082,61261,19852,18080,37932,10575,11357,21932,4440,7780,12220,1046,3394,4440,241888,244911,486799
2021-12-07,12260,11479,23739,24922,25108,50030,45404,47119,92523,49912,48721,98633,42497,42055,84552,31194,30105,61299,19861,18086,37947,10577,11363,21940,4445,7784,12229,1046,3394,4440,242118,245214,487332
2021-12-08,12268,11492,23760,24950,25133,50083,45462,47194,92656,49965,48768,98733,42527,42087,84614,31204,30125,61329,19870,18094,37964,10583,11370,21953,4446,7786,12232,1048,3395,4443,242323,245444,487767
2021-12-09,12292,11511,23803,24996,25176,50172,45539,47293,92832,50045,48856,98901,42574,42140,84714,31227,30145,61372,19884,18115,37999,10595,11384,21979,4452,7789,12241,1048,3397,4445,242652,245806,488458
2021-12-10,12310,11530,23840,25034,25211,50245,45620,47382,93002,50119,48931,99050,42628,42198,84826,31249,30165,61414,19893,18128,38021,10598,11390,21988,4455,7793,12248,1049,3400,4449,242955,246128,489083
2021-12-11,12321,11547,23868,25057,25241,50298,45693,47486,93179,50168,48990,99158,42673,42247,84920,31276,30185,61461,19906,18135,38041,10604,11395,21999,4457,7795,12252,1049,3401,4450,243204,246422,489626
2021-12-12,12338,11567,23905,25079,25264,50343,45760,47542,93302,50238,49050,99288,42717,42297,85014,31298,30206,61504,19915,18141,38056,10607,11402,22009,4458,7796,12254,1049,3401,4450,243459,246666,490125
2021-12-13,12354,11588,23942,25124,25310,50434,45888,47681,93569,50328,49141,99469,42773,42356,85129,31326,30231,61557,19932,18169,38101,10616,11414,22030,4463,7800,12263,1049,3402,4451,243853,247092,490945
2021-12-14,12370,11606,23976,25170,25369,50539,46047,47827,93874,50445,49253,99698,42828,42411,85239,31347,30265,61612,19948,18195,38143,10626,11423,22049,4465,7806,12271,1049,3405,4454,244295,247560,491855
2021-12-15,12388,11615,24003,25232,25425,50657,46197,48000,94197,50551,49355,99906,42915,42479,85394,31368,30307,61675,19961,18210,38171,10631,11425,22056,4468,7809,12277,1049,3408,4457,244760,248033,492793
2021-12-16,12413,11641,24054,25295,25501,50796,46396,48170,94566,50706,49459,100165,43001,42546,85547,31406,30347,61753,19976,18233,38209,10641,11432,22073,4472,7812,12284,1049,3410,4459,245355,248551,493906
2021-12-17,12439,11662,24101,25362,25574,50936,46566,48334,94900,50832,49584,100416,43074,42633,85707,31445,30394,61839,19994,18260,38254,10648,11442,22090,4474,7817,12291,1049,3410,4459,245883,249110,494993
2021-12-18,12458,11678,24136,25412,25628,51040,46700,48468,95168,50964,49695,100659,43145,42711,85856,31482,30436,61918,20010,18282,38292,10658,11452,22110,4479,7822,12301,1051,3413,4464,246359,249585,495944
2021-12-19,12484,11688,24172,25456,25684,51140,46833,48642,95475,51083,49813,100896,43219,42794,86013,31515,30481,61996,20029,18300,38329,10666,11461,22127,4481,7826,12307,1052,3413,4465,246818,250102,496920
2021-12-20,12525,11727,24252,25548,25793,51341,47062,48963,96025,51297,50008,101305,43338,42927,86265,31573,30546,62119,20060,18327,38387,10685,11478,22163,4490,7832,12322,1052,3415,4467,247630,251016,498646
2021-12-21,12547,11755,24302,25670,25949,51619,47429,49407,96836,51560,50297,101857,43478,43090,86568,31644,30630,62274,20098,18361,38459,10709,11501,22210,4494,7839,12333,1053,3418,4471,248682,252247,500929
2021-12-22,12588,11803,24391,25872,26160,52032,47962,50083,98045,51920,50702,102622,43680,43291,86971,31739,30726,62465,20128,18406,38534,10735,11521,22256,4499,7845,12344,1055,3422,4477,250178,253959,504137
2021-12-23,12638,11856,24494,26111,26394,52505,48533,50670,99203,52273,51033,103306,43865,43482,87347,31843,30837,62680,20165,18462,38627,10761,11553,22314,4503,7856,12359,1055,3429,4484,251747,255572,507319
2021-12-24,12675,11892,24567,26285,26606,52891,48887,51028,99915,52507,51273,103780,44008,43649,87657,31921,30915,62836,20208,18499,38707,10781,11563,22344,4509,7864,12373,1056,3430,4486,252837,256719,509556
2021-12-25,12697,11913,24610,26446,26801,53247,49085,51250,100335,52677,51439,104116,44113,43765,87878,31996,30974,62970,20246,18535,38781,10796,11579,22375,4512,7869,12381,1057,3432,4489,253625,257557,511182
2021-12-26,12754,11975,24729,26783,27238,54021,49597,51814,101411,53089,51829,104918,44383,44089,88472,32176,31150,63326,20330,18622,38952,10829,11601,22430,4515,7880,12395,1059,3433,4492,255515,259631,515146
2021-12-27,12871,12087,24958,27318,27901,55219,50492,52772,103264,53736,52491,106227,44808,44557,89365,32417,31498,63915,20454,18746,39200,10901,11660,22561,4535,7896,12431,1061,3434,4495,258593,263042,521635
2021-12-28,12998,12199,25197,27976,28726,56702,51649,54123,105772,54531,53346,107877,45310,45133,90443,32707,31891,64598,20615,18930,39545,10979,11743,22722,4551,7925,12476,1063,3439,4502,262379,267455,529834
2021-12-29,13143,12326,25469,28727,29625,58352,53011,55570,108581,55366,54243,109609,45855,45752,91607,33049,32315,65364,20788,19153,39941,11072,11857,22929,4579,7963,12542,1067,3445,4512,266657,272249,538906
2021-12-30,13304,12483,25787,29446,30476,59922,54278,56958,111236,56195,55209,111404,46436,46422,92858,33397,32763,66160,20969,19376,40345,11139,11978,23117,4597,8002,12599,1073,3449,4522,270834,277116,547950
2021-12-31,13407,12582,25989,29825,30898,60723,54907,57668,112575,56700,55766,112466,46820,46880,93700,33635,33071,66706,21097,19515,40612,11208,12049,23257,4623,8025,12648,1074,3451,4525,273296,279905,553201
2022-01-01,13481,12644,26125,30039,31147,61186,55312,58118,113430,57088,56161,113249,47105,47214,94319,33822,33256,67078,21195,19616,40811,11264,12103,23367,4640,8037,12677,1074,3453,4527,275020,281749,556769
2022-01-02,13657,12803,26460,30461,31700,62161,56261,59200,115461,57922,57036,114958,47756,47997,95753,34237,33750,67987,21440,19874,41314,11368,12242,23610,4668,8073,12741,1075,3456,4531,278845,286131,564976
2022-01-03,13959,13075,27034,31209,32595,63804,58085,61454,119539,59440,58672,118112,48722,49215,97937,34919,34506,69425,21796,20314,42110,11549,12409,23958,4716,8127,12843,1085,3467,4552,285480,293834,579314
2022-01-04,14261,13359,27620,32034,33606,65640,60247,63934,124181,61027,60424,121451,49749,50492,100241,35527,35320,70847,22181,20735,42916,11714,12603,24317,4769,8187,12956,1096,3491,4587,292605,302151,594756
2022-01-05,14554,13654,28208,32851,34666,67517,62357,66436,128793,62637,62190,124827,50708,51752,102460,36126,36144,72270,22557,21164,43721,11848,12818,24666,4810,8251,13061,1106,3506,4612,299554,310581,610135
2022-01-06,14886,13967,28853,33620,35619,69239,64317,68616,132933,64172,63894,128066,51709,52988,104697,36772,36958,73730,22913,21628,44541,12012,13017,25029,4856,8326,13182,1117,3518,4635,306374,318531,624905
2022-01-07,15251,14287,29538,34253,36394,70647,65929,70528,136457,65551,65485,131036,52665,54195,106860,37349,37676,75025,23266,22049,45315,12175,13214,25389,4898,8379,13277,1125,3534,4659,312462,325741,638203
2022-01-08,15457,14510,29967,34675,36906,71581,67003,71832,138835,66549,66650,133199,53396,55036,108432,37849,38273,76122,23549,22373,45922,12329,13359,25688,4935,8428,13363,1132,3545,4677,316874,330912,647786
2022-01-09,15709,14755,30464,35097,37413,72510,67956,72986,140942,67625,67763,135388,54118,55975,110093,38386,38862,77248,23868,22729,46597,12464,13509,25973,4978,8471,13449,1135,3553,4688,321336,336016,657352
2022-01-10,16132,15140,31272,35762,38226,73988,69619,74892,144511,69319,69644,138963,55267,57390,112657,39208,39783,78991,24380,23278,47658,12682,13770,26452,5036,8542,13578,1152,3574,4726,328557,344239,672796
2022-01-11,16446,15426,31872,36382,38950,75332,71000,76558,147558,70794,71279,142073,56327,58628,114955,39918,40639,80557,24806,23756,48562,12879,13993,26872,5102,8605,13707,1162,3592,4754,334816,351426,686242
2022-01-12,16761,15723,32484,37013,39699,76712,72473,78255,150728,72342,73017,145359,57416,59965,117381,40620,41552,82172,25252,24246,49498,13096,14242,27338,5146,8668,13814,1173,3606,4779,341292,358973,700265
2022-01-13,16951,15920,32871,37422,40172,77594,73461,79333,152794,73412,74214,147626,58233,60918,119151,41134,42197,83331,25603,24635,50238,13266,14423,27689,5198,8725,13923,1181,3630,4811,345861,364167,710028
2022-01-14,17074,16025,33099,37716,40516,78232,74108,80080,154188,74165,75092,149257,58833,61629,120462,41505,42680,84185,25857,24903,50760,13366,14536,27902,5226,8767,13993,1182,3646,4828,349032,367874,716906
2022-01-15,17081,16031,33112,37727,40533,78260,74121,80101,154222,74198,75123,149321,58847,61656,120503,41526,42703,84229,25873,24916,50789,13371,14539,27910,5227,8769,13996,1182,3648,4830,349153,368019,717172
2022-01-16,17081,16031,33112,37727,40533,78260,74121,80101,154222,74198,75123,149321,58847,61656,120503,41526,42703,84229,25873,24916,50789,13371,14539,27910,5227,8769,13996,1182,3648,4830,349153,368019,717172
