FECHA,<=10M,<=10F,<=10,11-20M,11-20F,11-20,21-30M,21-30F,21-30,31-40M,31-40F,31-40,41-50M,41-50F,41-50,51-60M,51-60F,51-60,61-70M,61-70F,61-70,71-80M,71-80F,71-80,81-90M,81-90F,81-90,>=91M,>=91F,>=91,TotalM,TotalF,Total
2020-03-15,0,0,0,0,1,1,1,0,1,1,0,1,0,0,0,0,0,0,0,1,1,0,0,0,0,0,0,0,0,0,2,2,4
2020-03-16,0,0,0,0,1,1,3,2,5,4,0,4,1,0,1,0,1,1,1,1,2,0,0,0,0,0,0,0,0,0,9,5,14
2020-03-17,0,0,0,1,1,2,4,3,7,6,1,7,1,0,1,2,3,5,2,2,4,2,0,2,0,0,0,0,0,0,18,10,28
2020-03-18,0,0,0,1,1,2,6,5,11,8,3,11,2,2,4,2,3,5,2,3,5,2,0,2,0,0,0,0,0,0,23,17,40
2020-03-19,0,0,0,2,1,3,7,5,12,11,3,14,5,2,7,3,3,6,2,4,6,4,1,5,0,0,0,0,0,0,34,19,53
2020-03-20,0,0,0,2,1,3,12,5,17,13,3,16,7,2,9,5,3,8,3,5,8,4,3,7,0,1,1,0,0,0,46,23,69
2020-03-21,1,0,1,4,3,7,14,5,19,14,7,21,9,3,12,8,6,14,6,6,12,5,3,8,1,1,2,0,0,0,62,34,96
2020-03-22,1,0,1,4,3,7,15,7,22,19,7,26,13,3,16,10,10,20,8,6,14,8,4,12,1,1,2,0,0,0,79,41,120
2020-03-23,1,0,1,5,3,8,17,9,26,23,8,31,16,5,21,14,12,26,9,8,17,11,6,17,2,1,3,0,0,0,98,52,150
2020-03-24,1,0,1,5,3,8,20,12,32,30,9,39,19,6,25,16,13,29,10,8,18,12,7,19,3,1,4,0,0,0,116,59,175
2020-03-25,3,0,3,6,3,9,24,17,41,32,11,43,23,6,29,18,13,31,12,8,20,13,7,20,4,3,7,0,1,1,135,69,204
2020-03-26,3,0,3,6,4,10,25,18,43,34,12,46,25,6,31,20,17,37,14,11,25,15,8,23,5,3,8,0,1,1,147,80,227
2020-03-27,3,0,3,6,4,10,26,20,46,38,12,50,26,8,34,21,18,39,16,12,28,15,11,26,5,3,8,0,1,1,156,89,245
2020-03-28,3,0,3,6,4,10,27,21,48,39,15,54,27,9,36,22,19,41,17,13,30,16,13,29,7,3,10,0,1,1,164,98,262
2020-03-29,3,0,3,6,4,10,30,24,54,45,17,62,27,9,36,23,23,46,19,17,36,19,15,34,7,3,10,1,1,2,180,113,293
2020-03-30,3,0,3,6,4,10,35,26,61,46,19,65,30,11,41,26,23,49,22,20,42,23,16,39,7,3,10,1,2,3,199,124,323
2020-03-31,4,0,4,6,5,11,37,28,65,48,20,68,32,12,44,31,23,54,24,21,45,27,20,47,7,4,11,1,4,5,217,137,354
2020-04-01,4,0,4,7,6,13,38,31,69,51,25,76,34,14,48,33,27,60,28,23,51,27,21,48,7,5,12,1,4,5,230,156,386
2020-04-02,4,0,4,7,6,13,39,31,70,53,29,82,36,16,52,35,30,65,30,23,53,35,22,57,8,7,15,2,8,10,249,172,421
2020-04-03,4,0,4,7,6,13,41,32,73,54,31,85,38,17,55,36,34,70,31,26,57,37,22,59,8,8,16,2,9,11,258,185,443
2020-04-04,4,2,6,7,6,13,43,34,77,55,31,86,38,18,56,38,35,73,32,28,60,37,22,59,8,9,17,3,9,12,265,194,459
2020-04-05,5,2,7,7,6,13,43,35,78,57,33,90,38,22,60,38,36,74,33,28,61,39,23,62,9,9,18,3,9,12,272,203,475
2020-04-06,5,2,7,7,6,13,44,37,81,60,36,96,38,22,60,40,41,81,36,30,66,41,25,66,9,10,19,3,9,12,283,218,501
2020-04-07,5,2,7,7,7,14,46,37,83,61,41,102,39,22,61,42,42,84,37,30,67,42,27,69,10,10,20,5,9,14,294,227,521
2020-04-08,7,2,9,8,7,15,46,38,84,62,47,109,40,25,65,44,42,86,38,30,68,44,27,71,10,11,21,5,9,14,304,238,542
2020-04-09,7,2,9,8,8,16,47,38,85,67,47,114,40,26,66,45,42,87,38,31,69,44,27,71,10,11,21,5,9,14,311,241,552
2020-04-10,7,2,9,8,8,16,47,39,86,71,50,121,40,26,66,46,42,88,38,31,69,44,27,71,10,11,21,5,9,14,316,245,561
2020-04-11,7,2,9,8,8,16,47,39,86,72,52,124,40,28,68,47,42,89,38,31,69,44,27,71,12,12,24,5,9,14,320,250,570
2020-04-12,7,2,9,8,8,16,48,39,87,75,55,130,40,28,68,47,44,91,38,31,69,44,28,72,13,13,26,5,9,14,325,257,582
2020-04-13,8,2,10,8,8,16,50,40,90,77,58,135,43,29,72,47,47,94,38,32,70,45,30,75,13,13,26,5,9,14,334,268,602
2020-04-14,8,2,10,8,8,16,52,42,94,81,59,140,44,31,75,49,48,97,40,33,73,48,30,78,13,14,27,5,10,15,348,277,625
2020-04-15,8,2,10,8,8,16,52,43,95,83,61,144,46,32,78,49,49,98,40,33,73,48,30,78,13,15,28,5,10,15,352,283,635
2020-04-16,8,2,10,8,8,16,52,45,97,87,63,150,47,32,79,52,51,103,41,33,74,50,31,81,14,19,33,6,13,19,365,297,662
2020-04-17,8,2,10,8,8,16,54,47,101,89,67,156,47,33,80,53,52,105,42,34,76,50,32,82,16,22,38,6,15,21,373,312,685
2020-04-18,8,3,11,8,8,16,55,48,103,89,68,157,49,35,84,53,53,106,45,35,80,51,33,84,17,26,43,6,19,25,381,328,709
2020-04-19,8,3,11,8,8,16,57,48,105,93,72,165,49,39,88,54,53,107,45,36,81,52,36,88,17,28,45,7,22,29,390,345,735
2020-04-20,8,3,11,8,8,16,57,49,106,95,73,168,51,40,91,56,56,112,46,36,82,52,38,90,20,30,50,8,23,31,401,356,757
2020-04-21,8,7,15,8,8,16,57,52,109,96,76,172,52,45,97,57,58,115,48,37,85,52,41,93,23,33,56,9,28,37,410,385,795
2020-04-22,9,7,16,9,9,18,64,59,123,101,79,180,55,47,102,58,62,120,51,39,90,54,48,102,26,38,64,14,35,49,441,423,864
2020-04-23,15,9,24,10,11,21,71,62,133,103,85,188,59,51,110,59,62,121,54,43,97,56,51,107,34,39,73,14,38,52,475,451,926
2020-04-24,16,9,25,11,13,24,75,68,143,111,89,200,62,54,116,61,68,129,57,44,101,56,51,107,36,42,78,14,38,52,499,476,975
2020-04-25,18,10,28,14,13,27,75,72,147,113,91,204,63,61,124,63,68,131,58,45,103,56,51,107,37,44,81,14,38,52,511,493,1004
2020-04-26,19,12,31,16,13,29,75,75,150,115,92,207,65,63,128,63,68,131,58,45,103,56,52,108,38,45,83,14,38,52,519,503,1022
2020-04-27,21,14,35,17,14,31,78,81,159,120,104,224,72,68,140,65,71,136,61,45,106,58,54,112,40,47,87,15,39,54,547,537,1084
2020-04-28,21,14,35,19,15,34,79,84,163,128,105,233,73,71,144,69,71,140,63,46,109,61,54,115,41,52,93,15,41,56,569,553,1122
2020-04-29,22,16,38,21,18,39,82,86,168,132,106,238,77,75,152,70,72,142,64,48,112,63,55,118,41,55,96,15,41,56,587,572,1159
2020-04-30,25,16,41,21,22,43,84,87,171,140,111,251,81,76,157,74,74,148,65,48,113,64,55,119,41,56,97,15,41,56,610,586,1196
2020-05-01,28,19,47,24,22,46,90,94,184,141,115,256,85,80,165,77,76,153,68,49,117,64,55,119,41,57,98,16,41,57,634,608,1242
2020-05-02,32,21,53,26,26,52,94,99,193,144,122,266,88,80,168,77,77,154,68,49,117,65,55,120,41,58,99,16,41,57,651,628,1279
2020-05-03,33,22,55,31,27,58,96,104,200,147,131,278,90,81,171,80,77,157,69,51,120,65,55,120,42,59,101,16,41,57,669,648,1317
2020-05-04,35,25,60,35,31,66,101,110,211,154,139,293,94,84,178,82,79,161,72,51,123,65,55,120,43,61,104,16,42,58,697,677,1374
2020-05-05,39,31,70,39,36,75,107,121,228,171,147,318,102,99,201,88,84,172,73,55,128,66,58,124,49,70,119,17,51,68,751,752,1503
2020-05-06,41,36,77,42,42,84,115,128,243,179,159,338,111,105,216,91,84,175,75,56,131,68,60,128,49,70,119,19,53,72,790,793,1583
2020-05-07,47,42,89,46,47,93,126,143,269,191,168,359,119,112,231,97,87,184,76,60,136,68,61,129,52,71,123,19,55,74,841,846,1687
2020-05-08,58,50,108,54,58,112,142,161,303,206,185,391,134,124,258,102,90,192,82,63,145,72,61,133,53,75,128,20,55,75,923,922,1845
2020-05-09,60,54,114,56,63,119,151,169,320,220,201,421,146,128,274,111,94,205,86,67,153,73,63,136,53,75,128,21,55,76,977,969,1946
2020-05-10,65,59,124,60,69,129,165,177,342,247,214,461,174,132,306,134,100,234,90,70,160,74,65,139,54,75,129,21,55,76,1084,1016,2100
2020-05-11,71,67,138,63,75,138,175,186,361,267,231,498,183,141,324,138,104,242,94,72,166,75,67,142,55,78,133,21,56,77,1142,1077,2219
2020-05-12,79,84,163,69,86,155,200,217,417,292,251,543,198,155,353,147,113,260,101,74,175,79,72,151,55,80,135,24,58,82,1244,1190,2434
2020-05-13,86,90,176,80,94,174,223,233,456,307,268,575,218,169,387,157,122,279,109,79,188,79,74,153,55,83,138,24,62,86,1338,1274,2612
2020-05-14,103,109,212,100,116,216,248,262,510,322,288,610,229,183,412,174,133,307,114,84,198,80,76,156,55,83,138,24,62,86,1449,1396,2845
2020-05-15,116,126,242,108,129,237,266,281,547,342,307,649,248,199,447,185,142,327,115,87,202,83,78,161,55,85,140,25,63,88,1543,1497,3040
2020-05-16,129,136,265,115,139,254,285,306,591,356,326,682,271,216,487,193,150,343,118,88,206,85,80,165,57,88,145,25,67,92,1634,1596,3230
2020-05-17,145,145,290,128,150,278,313,319,632,383,347,730,282,226,508,208,159,367,120,97,217,87,81,168,59,93,152,26,68,94,1751,1685,3436
2020-05-18,166,166,332,145,169,314,353,357,710,417,384,801,302,250,552,227,182,409,129,102,231,95,87,182,63,98,161,27,71,98,1924,1866,3790
2020-05-19,193,192,385,165,188,353,389,395,784,457,412,869,324,275,599,242,191,433,135,110,245,96,90,186,65,103,168,28,73,101,2094,2029,4123
2020-05-20,211,208,419,178,208,386,425,433,858,482,445,927,347,297,644,267,207,474,146,117,263,99,96,195,66,108,174,29,74,103,2250,2193,4443
2020-05-21,228,224,452,203,228,431,453,479,932,533,475,1008,371,324,695,289,219,508,158,119,277,104,100,204,68,111,179,29,77,106,2436,2356,4792
2020-05-22,245,232,477,217,245,462,479,521,1000,569,500,1069,401,359,760,307,228,535,169,128,297,104,104,208,68,112,180,31,78,109,2590,2507,5097
2020-05-23,264,256,520,234,270,504,513,549,1062,595,528,1123,431,377,808,320,249,569,177,134,311,106,107,213,70,121,191,31,81,112,2741,2672,5413
2020-05-24,279,268,547,243,277,520,536,576,1112,616,557,1173,459,396,855,336,258,594,184,138,322,106,110,216,73,122,195,32,82,114,2864,2784,5648
2020-05-25,301,284,585,258,293,551,556,603,1159,642,583,1225,482,417,899,351,272,623,189,147,336,110,119,229,75,130,205,33,83,116,2997,2931,5928
2020-05-26,323,300,623,279,316,595,593,646,1239,684,618,1302,510,443,953,376,301,677,200,153,353,112,124,236,76,137,213,35,90,125,3188,3128,6316
2020-05-27,354,312,666,299,341,640,629,691,1320,730,654,1384,542,474,1016,402,315,717,206,162,368,122,132,254,79,141,220,35,93,128,3398,3315,6713
2020-05-28,382,326,708,322,371,693,676,737,1413,764,684,1448,571,509,1080,424,333,757,218,173,391,127,144,271,92,160,252,39,111,150,3615,3548,7163
2020-05-29,406,359,765,343,404,747,701,775,1476,810,708,1518,589,538,1127,442,348,790,227,183,410,139,151,290,95,174,269,39,118,157,3791,3758,7549
2020-05-30,417,376,793,366,425,791,727,809,1536,837,741,1578,606,553,1159,457,357,814,233,189,422,142,156,298,97,177,274,40,119,159,3922,3902,7824
2020-05-31,422,386,808,376,442,818,757,830,1587,854,762,1616,625,580,1205,470,373,843,240,193,433,150,160,310,103,179,282,43,119,162,4040,4024,8064
2020-06-01,443,403,846,391,467,858,785,861,1646,899,793,1692,661,607,1268,489,398,887,247,202,449,155,170,325,109,186,295,45,119,164,4224,4206,8430
2020-06-02,471,426,897,422,487,909,822,902,1724,933,835,1768,692,635,1327,506,418,924,268,212,480,167,175,342,112,204,316,49,129,178,4442,4423,8865
2020-06-03,491,447,938,437,510,947,852,942,1794,983,870,1853,723,660,1383,530,439,969,284,228,512,175,190,365,116,212,328,52,132,184,4643,4630,9273
2020-06-04,512,474,986,455,537,992,889,991,1880,1016,910,1926,744,686,1430,552,458,1010,300,234,534,179,195,374,117,218,335,55,140,195,4819,4843,9662
2020-06-05,546,496,1042,486,559,1045,932,1034,1966,1059,954,2013,774,711,1485,576,476,1052,316,247,563,185,208,393,122,224,346,55,144,199,5051,5053,10104
2020-06-06,567,516,1083,501,578,1079,963,1072,2035,1111,986,2097,798,741,1539,593,495,1088,322,255,577,189,217,406,125,238,363,56,152,208,5225,5250,10475
2020-06-07,581,537,1118,521,589,1110,992,1113,2105,1141,1006,2147,822,761,1583,607,507,1114,328,262,590,192,223,415,128,251,379,56,161,217,5368,5410,10778
2020-06-08,609,574,1183,544,622,1166,1047,1160,2207,1202,1059,2261,860,804,1664,651,535,1186,348,274,622,205,233,438,140,265,405,56,169,225,5662,5695,11357
2020-06-09,633,598,1231,574,651,1225,1088,1211,2299,1254,1118,2372,908,846,1754,694,573,1267,365,287,652,223,243,466,148,278,426,57,177,234,5944,5982,11926
2020-06-10,653,618,1271,595,678,1273,1141,1264,2405,1303,1174,2477,955,881,1836,727,601,1328,380,305,685,238,258,496,155,306,461,58,193,251,6205,6278,12483
2020-06-11,681,643,1324,623,711,1334,1213,1328,2541,1367,1217,2584,999,928,1927,772,623,1395,395,321,716,252,271,523,160,318,478,58,199,257,6520,6559,13079
2020-06-12,721,679,1400,657,749,1406,1265,1390,2655,1423,1266,2689,1048,973,2021,803,649,1452,417,345,762,266,280,546,164,322,486,59,203,262,6823,6856,13679
2020-06-13,752,699,1451,679,782,1461,1312,1433,2745,1460,1316,2776,1079,1013,2092,832,672,1504,433,355,788,276,293,569,169,338,507,62,215,277,7054,7116,14170
2020-06-14,771,723,1494,699,794,1493,1337,1467,2804,1499,1349,2848,1101,1037,2138,852,686,1538,444,369,813,281,301,582,173,351,524,63,224,287,7220,7301,14521
2020-06-15,796,739,1535,723,811,1534,1384,1508,2892,1544,1390,2934,1138,1060,2198,867,704,1571,457,377,834,286,308,594,177,360,537,67,226,293,7439,7483,14922
2020-06-16,833,775,1608,746,839,1585,1446,1565,3011,1615,1454,3069,1198,1096,2294,904,740,1644,485,395,880,302,320,622,181,376,557,68,231,299,7778,7791,15569
2020-06-17,870,800,1670,775,873,1648,1528,1636,3164,1698,1528,3226,1256,1163,2419,960,786,1746,521,422,943,330,332,662,190,402,592,69,242,311,8197,8184,16381
2020-06-18,894,834,1728,820,908,1728,1607,1708,3315,1789,1603,3392,1326,1230,2556,1022,834,1856,546,439,985,343,345,688,198,417,615,70,250,320,8615,8568,17183
2020-06-19,922,866,1788,861,956,1817,1671,1776,3447,1871,1674,3545,1387,1273,2660,1060,874,1934,576,466,1042,370,369,739,216,435,651,71,269,340,9005,8958,17963
2020-06-20,952,904,1856,894,993,1887,1725,1830,3555,1937,1731,3668,1436,1336,2772,1097,907,2004,592,484,1076,385,387,772,225,447,672,76,279,355,9319,9298,18617
2020-06-21,975,935,1910,928,1019,1947,1764,1869,3633,2001,1773,3774,1471,1373,2844,1127,932,2059,612,493,1105,395,397,792,234,464,698,77,290,367,9584,9545,19129
2020-06-22,1023,971,1994,967,1062,2029,1849,1938,3787,2100,1846,3946,1547,1424,2971,1200,973,2173,664,527,1191,417,426,843,252,485,737,82,299,381,10101,9951,20052
2020-06-23,1057,1001,2058,1004,1098,2102,1942,2005,3947,2169,1928,4097,1617,1486,3103,1268,1020,2288,687,549,1236,430,439,869,267,517,784,85,308,393,10526,10351,20877
2020-06-24,1087,1025,2112,1035,1132,2167,2039,2088,4127,2248,1991,4239,1690,1553,3243,1323,1070,2393,713,568,1281,445,452,897,278,534,812,88,320,408,10946,10733,21679
2020-06-25,1127,1063,2190,1074,1169,2243,2119,2178,4297,2336,2066,4402,1737,1611,3348,1375,1107,2482,741,586,1327,458,467,925,287,559,846,90,334,424,11344,11140,22484
2020-06-26,1163,1108,2271,1127,1203,2330,2182,2255,4437,2435,2143,4578,1793,1675,3468,1428,1154,2582,776,605,1381,471,483,954,297,578,875,92,348,440,11764,11552,23316
2020-06-27,1199,1142,2341,1163,1239,2402,2250,2306,4556,2487,2218,4705,1836,1718,3554,1466,1185,2651,806,623,1429,478,494,972,304,593,897,94,355,449,12083,11873,23956
2020-06-28,1225,1159,2384,1195,1260,2455,2306,2368,4674,2540,2266,4806,1900,1754,3654,1499,1217,2716,822,634,1456,485,505,990,312,607,919,97,363,460,12381,12133,24514
2020-06-29,1249,1185,2434,1234,1303,2537,2383,2435,4818,2637,2330,4967,1967,1823,3790,1548,1258,2806,855,654,1509,500,521,1021,330,632,962,100,376,476,12803,12517,25320
2020-06-30,1278,1214,2492,1280,1334,2614,2453,2505,4958,2706,2404,5110,2038,1883,3921,1603,1301,2904,883,680,1563,520,539,1059,347,655,1002,105,392,497,13213,12907,26120
2020-07-01,1304,1248,2552,1324,1370,2694,2525,2564,5089,2786,2478,5264,2093,1936,4029,1658,1342,3000,919,709,1628,537,553,1090,366,673,1039,108,401,509,13620,13274,26894
2020-07-02,1341,1276,2617,1357,1420,2777,2600,2647,5247,2859,2561,5420,2179,2000,4179,1703,1383,3086,968,730,1698,559,572,1131,373,691,1064,110,409,519,14049,13689,27738
2020-07-03,1381,1318,2699,1405,1460,2865,2686,2715,5401,2962,2622,5584,2243,2071,4314,1764,1435,3199,1002,754,1756,578,597,1175,381,715,1096,113,427,540,14515,14114,28629
2020-07-04,1407,1361,2768,1434,1484,2918,2741,2784,5525,3031,2688,5719,2307,2113,4420,1806,1474,3280,1034,781,1815,603,629,1232,387,758,1145,115,454,569,14865,14526,29391
2020-07-05,1427,1384,2811,1462,1508,2970,2784,2835,5619,3086,2728,5814,2366,2161,4527,1845,1513,3358,1063,805,1868,627,658,1285,401,791,1192,119,468,587,15180,14851,30031
2020-07-06,1451,1412,2863,1500,1540,3040,2865,2912,5777,3192,2811,6003,2444,2232,4676,1915,1565,3480,1117,842,1959,648,689,1337,415,836,1251,125,489,614,15672,15328,31000
2020-07-07,1485,1450,2935,1524,1571,3095,2961,2986,5947,3287,2889,6176,2522,2299,4821,1973,1612,3585,1148,868,2016,684,716,1400,429,862,1291,129,501,630,16142,15754,31896
2020-07-08,1523,1488,3011,1553,1612,3165,3036,3063,6099,3388,2982,6370,2598,2370,4968,2029,1680,3709,1197,902,2099,708,749,1457,452,902,1354,136,528,664,16620,16276,32896
2020-07-09,1558,1516,3074,1588,1649,3237,3094,3122,6216,3459,3064,6523,2670,2423,5093,2068,1702,3770,1242,949,2191,736,773,1509,466,941,1407,141,539,680,17022,16678,33700
2020-07-10,1590,1549,3139,1622,1676,3298,3159,3195,6354,3530,3140,6670,2739,2479,5218,2122,1756,3878,1285,984,2269,756,788,1544,483,966,1449,145,552,697,17431,17085,34516
2020-07-11,1612,1578,3190,1647,1706,3353,3207,3253,6460,3609,3217,6826,2806,2531,5337,2171,1799,3970,1327,1006,2333,778,811,1589,488,991,1479,149,563,712,17794,17455,35249
2020-07-12,1637,1596,3233,1666,1730,3396,3255,3299,6554,3670,3273,6943,2859,2567,5426,2219,1828,4047,1352,1032,2384,795,824,1619,506,1020,1526,153,579,732,18112,17748,35860
2020-07-13,1673,1627,3300,1714,1769,3483,3334,3388,6722,3783,3369,7152,2952,2661,5613,2300,1888,4188,1391,1066,2457,821,851,1672,527,1060,1587,160,605,765,18655,18284,36939
2020-07-14,1703,1660,3363,1747,1800,3547,3422,3467,6889,3898,3466,7364,3023,2730,5753,2361,1947,4308,1438,1105,2543,847,875,1722,542,1090,1632,168,626,794,19149,18766,37915
2020-07-15,1733,1692,3425,1785,1832,3617,3502,3549,7051,3999,3586,7585,3103,2815,5918,2429,1990,4419,1479,1136,2615,880,902,1782,557,1123,1680,173,653,826,19640,19278,38918
2020-07-16,1762,1730,3492,1830,1874,3704,3590,3627,7217,4121,3687,7808,3190,2892,6082,2501,2054,4555,1520,1175,2695,903,930,1833,578,1165,1743,184,692,876,20179,19826,40005
2020-07-17,1803,1755,3558,1858,1910,3768,3662,3739,7401,4230,3778,8008,3264,2964,6228,2565,2114,4679,1567,1209,2776,927,953,1880,598,1211,1809,191,725,916,20665,20358,41023
2020-07-18,1831,1790,3621,1897,1931,3828,3731,3805,7536,4328,3870,8198,3340,3043,6383,2621,2165,4786,1608,1241,2849,954,982,1936,608,1242,1850,196,740,936,21114,20809,41923
2020-07-19,1861,1827,3688,1930,1957,3887,3798,3870,7668,4405,3950,8355,3409,3104,6513,2677,2211,4888,1647,1264,2911,979,1009,1988,624,1275,1899,205,758,963,21535,21225,42760
2020-07-20,1886,1867,3753,1964,1999,3963,3911,3964,7875,4540,4056,8596,3510,3185,6695,2745,2278,5023,1702,1320,3022,1004,1044,2048,647,1312,1959,210,770,980,22119,21795,43914
2020-07-21,1928,1896,3824,2004,2032,4036,4001,4078,8079,4671,4185,8856,3614,3296,6910,2838,2370,5208,1760,1351,3111,1030,1072,2102,667,1347,2014,214,796,1010,22727,22423,45150
2020-07-22,1959,1921,3880,2037,2074,4111,4119,4176,8295,4792,4289,9081,3705,3374,7079,2924,2429,5353,1811,1391,3202,1072,1104,2176,686,1376,2062,218,817,1035,23323,22951,46274
2020-07-23,1991,1958,3949,2063,2110,4173,4219,4283,8502,4899,4380,9279,3793,3456,7249,2997,2489,5486,1849,1425,3274,1100,1128,2228,710,1401,2111,221,831,1052,23842,23461,47303
2020-07-24,2032,1993,4025,2102,2141,4243,4329,4378,8707,5025,4484,9509,3882,3544,7426,3081,2546,5627,1886,1469,3355,1121,1147,2268,725,1444,2169,226,851,1077,24409,23997,48406
2020-07-25,2056,2016,4072,2130,2164,4294,4394,4444,8838,5121,4554,9675,3965,3601,7566,3123,2591,5714,1922,1499,3421,1137,1168,2305,739,1470,2209,235,866,1101,24822,24373,49195
2020-07-26,2076,2040,4116,2152,2190,4342,4446,4506,8952,5181,4629,9810,4016,3652,7668,3162,2628,5790,1954,1515,3469,1164,1190,2354,760,1505,2265,240,880,1120,25151,24735,49886
2020-07-27,2103,2061,4164,2182,2226,4408,4543,4581,9124,5307,4748,10055,4087,3736,7823,3240,2696,5936,1994,1554,3548,1188,1216,2404,780,1530,2310,247,900,1147,25671,25248,50919
2020-07-28,2134,2084,4218,2227,2260,4487,4638,4664,9302,5438,4866,10304,4171,3821,7992,3314,2746,6060,2027,1597,3624,1220,1242,2462,801,1561,2362,250,922,1172,26220,25763,51983
2020-07-29,2154,2116,4270,2275,2300,4575,4726,4751,9477,5535,4960,10495,4264,3906,8170,3365,2817,6182,2078,1619,3697,1248,1271,2519,822,1596,2418,256,941,1197,26723,26277,53000
2020-07-30,2190,2141,4331,2301,2338,4639,4827,4840,9667,5661,5059,10720,4352,3990,8342,3413,2876,6289,2122,1643,3765,1265,1315,2580,838,1637,2475,262,971,1233,27231,26810,54041
2020-07-31,2216,2174,4390,2355,2378,4733,4907,4929,9836,5751,5150,10901,4443,4069,8512,3474,2940,6414,2180,1658,3838,1287,1343,2630,854,1677,2531,266,996,1262,27733,27314,55047
2020-08-01,2249,2206,4455,2381,2422,4803,4980,5012,9992,5848,5247,11095,4548,4149,8697,3529,2984,6513,2211,1686,3897,1304,1365,2669,866,1704,2570,271,1008,1279,28187,27783,55970
2020-08-02,2274,2228,4502,2408,2456,4864,5035,5068,10103,5931,5316,11247,4619,4208,8827,3583,3026,6609,2249,1724,3973,1332,1389,2721,890,1740,2630,273,1035,1308,28594,28190,56784
2020-08-03,2313,2268,4581,2468,2494,4962,5156,5189,10345,6062,5424,11486,4744,4320,9064,3662,3109,6771,2309,1781,4090,1364,1425,2789,912,1799,2711,277,1070,1347,29267,28879,58146
2020-08-04,2345,2294,4639,2509,2543,5052,5266,5285,10551,6197,5551,11748,4863,4435,9298,3743,3190,6933,2369,1825,4194,1401,1471,2872,934,1860,2794,285,1107,1392,29912,29561,59473
2020-08-05,2385,2331,4716,2563,2578,5141,5373,5388,10761,6331,5667,11998,4972,4540,9512,3826,3253,7079,2448,1882,4330,1436,1509,2945,960,1934,2894,293,1159,1452,30587,30241,60828
2020-08-06,2414,2362,4776,2608,2616,5224,5477,5474,10951,6431,5780,12211,5077,4623,9700,3895,3323,7218,2489,1927,4416,1457,1533,2990,973,1970,2943,302,1180,1482,31123,30788,61911
2020-08-07,2442,2389,4831,2639,2654,5293,5570,5565,11135,6532,5880,12412,5171,4698,9869,3954,3391,7345,2529,1975,4504,1485,1554,3039,993,2001,2994,309,1196,1505,31624,31303,62927
2020-08-08,2468,2418,4886,2669,2677,5346,5632,5631,11263,6607,5962,12569,5231,4766,9997,4009,3444,7453,2559,2006,4565,1505,1587,3092,1005,2041,3046,312,1221,1533,31997,31753,63750
2020-08-09,2487,2431,4918,2696,2707,5403,5688,5699,11387,6675,6021,12696,5287,4826,10113,4065,3482,7547,2603,2045,4648,1523,1598,3121,1016,2062,3078,317,1226,1543,32357,32097,64454
2020-08-10,2513,2463,4976,2731,2744,5475,5773,5794,11567,6799,6145,12944,5384,4925,10309,4147,3553,7700,2639,2085,4724,1549,1627,3176,1033,2099,3132,321,1250,1571,32889,32685,65574
2020-08-11,2532,2484,5016,2757,2776,5533,5840,5865,11705,6919,6242,13161,5495,5004,10499,4223,3622,7845,2688,2117,4805,1573,1655,3228,1048,2141,3189,326,1272,1598,33401,33178,66579
2020-08-12,2555,2518,5073,2793,2802,5595,5925,5941,11866,7020,6344,13364,5582,5079,10661,4300,3692,7992,2732,2159,4891,1593,1680,3273,1058,2161,3219,333,1279,1612,33891,33655,67546
2020-08-13,2574,2539,5113,2830,2842,5672,6018,6022,12040,7110,6435,13545,5656,5164,10820,4359,3747,8106,2789,2184,4973,1607,1703,3310,1070,2177,3247,337,1286,1623,34350,34099,68449
2020-08-14,2596,2556,5152,2860,2879,5739,6102,6106,12208,7215,6531,13746,5731,5235,10966,4417,3793,8210,2828,2220,5048,1633,1723,3356,1085,2204,3289,341,1300,1641,34808,34547,69355
2020-08-15,2610,2576,5186,2892,2901,5793,6162,6181,12343,7303,6608,13911,5789,5297,11086,4468,3847,8315,2861,2254,5115,1659,1764,3423,1107,2265,3372,346,1331,1677,35197,35024,70221
2020-08-16,2627,2594,5221,2915,2917,5832,6231,6222,12453,7360,6660,14020,5847,5342,11189,4510,3878,8388,2886,2278,5164,1684,1781,3465,1120,2282,3402,349,1345,1694,35529,35299,70828
2020-08-17,2647,2606,5253,2959,2947,5906,6300,6299,12599,7450,6761,14211,5917,5404,11321,4571,3925,8496,2929,2308,5237,1715,1794,3509,1129,2303,3432,351,1354,1705,35968,35701,71669
2020-08-18,2665,2638,5303,3003,2982,5985,6403,6376,12779,7578,6863,14441,6021,5491,11512,4656,4001,8657,2968,2352,5320,1741,1821,3562,1143,2349,3492,356,1382,1738,36534,36255,72789
2020-08-19,2694,2663,5357,3037,3018,6055,6517,6467,12984,7718,6978,14696,6128,5590,11718,4728,4081,8809,3018,2393,5411,1761,1850,3611,1162,2386,3548,363,1402,1765,37126,36828,73954
2020-08-20,2722,2685,5407,3086,3053,6139,6594,6549,13143,7843,7072,14915,6223,5651,11874,4794,4141,8935,3066,2427,5493,1786,1880,3666,1182,2418,3600,368,1424,1792,37664,37300,74964
2020-08-21,2745,2707,5452,3123,3094,6217,6690,6634,13324,7957,7175,15132,6308,5750,12058,4869,4210,9079,3113,2459,5572,1807,1903,3710,1201,2438,3639,370,1437,1807,38183,37807,75990
2020-08-22,2770,2727,5497,3156,3117,6273,6768,6716,13484,8041,7272,15313,6385,5810,12195,4922,4265,9187,3150,2491,5641,1835,1925,3760,1211,2457,3668,371,1441,1812,38609,38221,76830
2020-08-23,2795,2750,5545,3188,3151,6339,6842,6790,13632,8110,7333,15443,6446,5882,12328,4980,4318,9298,3189,2532,5721,1856,1942,3798,1230,2480,3710,376,1453,1829,39012,38631,77643
2020-08-24,2829,2778,5607,3230,3185,6415,6950,6889,13839,8249,7447,15696,6561,5997,12558,5058,4402,9460,3248,2588,5836,1885,1968,3853,1243,2498,3741,381,1461,1842,39634,39213,78847
2020-08-25,2864,2798,5662,3274,3221,6495,7050,6997,14047,8385,7595,15980,6659,6111,12770,5155,4487,9642,3309,2636,5945,1923,2003,3926,1267,2532,3799,386,1480,1866,40272,39860,80132
2020-08-26,2897,2828,5725,3318,3266,6584,7165,7106,14271,8534,7712,16246,6796,6210,13006,5258,4557,9815,3364,2681,6045,1960,2053,4013,1284,2566,3850,390,1506,1896,40966,40485,81451
2020-08-27,2925,2867,5792,3370,3316,6686,7277,7230,14507,8679,7846,16525,6913,6332,13245,5335,4639,9974,3422,2729,6151,1985,2076,4061,1302,2613,3915,395,1525,1920,41603,41173,82776
2020-08-28,2946,2887,5833,3410,3361,6771,7377,7342,14719,8799,7960,16759,7010,6421,13431,5430,4723,10153,3476,2781,6257,2017,2110,4127,1316,2639,3955,398,1537,1935,42179,41761,83940
2020-08-29,2969,2903,5872,3437,3389,6826,7453,7418,14871,8890,8056,16946,7088,6503,13591,5495,4788,10283,3515,2822,6337,2038,2137,4175,1331,2662,3993,401,1543,1944,42617,42221,84838
2020-08-30,2983,2914,5897,3464,3420,6884,7515,7472,14987,8957,8126,17083,7150,6575,13725,5559,4839,10398,3558,2851,6409,2062,2155,4217,1341,2688,4029,403,1551,1954,42992,42591,85583
2020-08-31,3007,2932,5939,3497,3462,6959,7628,7589,15217,9086,8249,17335,7275,6680,13955,5641,4912,10553,3612,2894,6506,2095,2202,4297,1357,2738,4095,409,1574,1983,43607,43232,86839
2020-09-01,3025,2952,5977,3541,3500,7041,7712,7690,15402,9222,8360,17582,7407,6791,14198,5721,4978,10699,3669,2940,6609,2121,2238,4359,1375,2775,4150,412,1600,2012,44205,43824,88029
2020-09-02,3043,2962,6005,3574,3535,7109,7787,7769,15556,9323,8463,17786,7501,6874,14375,5783,5037,10820,3710,2981,6691,2144,2262,4406,1393,2795,4188,413,1603,2016,44671,44281,88952
2020-09-03,3054,2983,6037,3610,3562,7172,7885,7846,15731,9428,8566,17994,7595,6958,14553,5863,5088,10951,3762,3022,6784,2173,2291,4464,1407,2816,4223,417,1612,2029,45194,44744,89938
2020-09-04,3077,3002,6079,3638,3609,7247,7997,7924,15921,9528,8671,18199,7671,7049,14720,5931,5165,11096,3803,3053,6856,2194,2319,4513,1414,2834,4248,421,1626,2047,45674,45252,90926
2020-09-05,3087,3017,6104,3668,3635,7303,8071,7993,16064,9613,8752,18365,7751,7142,14893,5991,5211,11202,3835,3090,6925,2223,2351,4574,1426,2862,4288,423,1637,2060,46088,45690,91778
2020-09-06,3102,3029,6131,3692,3661,7353,8131,8041,16172,9664,8803,18467,7807,7196,15003,6035,5254,11289,3873,3116,6989,2246,2377,4623,1438,2876,4314,427,1643,2070,46415,45996,92411
2020-09-07,3122,3046,6168,3722,3691,7413,8225,8131,16356,9776,8896,18672,7892,7282,15174,6124,5329,11453,3931,3157,7088,2289,2412,4701,1461,2915,4376,430,1668,2098,46972,46527,93499
2020-09-08,3145,3065,6210,3753,3733,7486,8319,8210,16529,9901,9004,18905,8011,7384,15395,6205,5402,11607,3978,3203,7181,2324,2436,4760,1477,2952,4429,434,1682,2116,47547,47071,94618
2020-09-09,3167,3091,6258,3790,3767,7557,8433,8302,16735,10021,9117,19138,8106,7457,15563,6270,5474,11744,4042,3248,7290,2359,2467,4826,1485,2968,4453,439,1701,2140,48112,47592,95704
2020-09-10,3197,3108,6305,3822,3804,7626,8510,8389,16899,10119,9204,19323,8201,7552,15753,6348,5533,11881,4098,3277,7375,2387,2507,4894,1500,3014,4514,443,1733,2176,48625,48121,96746
2020-09-11,3226,3126,6352,3851,3843,7694,8577,8493,17070,10230,9291,19521,8306,7651,15957,6420,5606,12026,4130,3306,7436,2419,2542,4961,1514,3032,4546,444,1738,2182,49117,48628,97745
2020-09-12,3240,3138,6378,3873,3870,7743,8623,8546,17169,10295,9358,19653,8376,7737,16113,6467,5659,12126,4165,3340,7505,2434,2564,4998,1523,3051,4574,446,1758,2204,49442,49021,98463
2020-09-13,3254,3155,6409,3901,3893,7794,8668,8602,17270,10356,9422,19778,8430,7797,16227,6509,5694,12203,4202,3376,7578,2461,2584,5045,1531,3074,4605,448,1761,2209,49760,49358,99118
2020-09-14,3270,3171,6441,3931,3918,7849,8741,8674,17415,10471,9532,20003,8510,7864,16374,6573,5763,12336,4240,3411,7651,2491,2610,5101,1542,3097,4639,452,1770,2222,50221,49810,100031
2020-09-15,3296,3183,6479,3962,3947,7909,8802,8741,17543,10554,9613,20167,8576,7943,16519,6658,5818,12476,4288,3451,7739,2511,2638,5149,1558,3111,4669,454,1779,2233,50659,50224,100883
2020-09-16,3317,3200,6517,3994,3975,7969,8878,8809,17687,10633,9699,20332,8668,8017,16685,6725,5877,12602,4317,3483,7800,2532,2674,5206,1567,3137,4704,457,1797,2254,51088,50668,101756
2020-09-17,3330,3215,6545,4015,4004,8019,8955,8884,17839,10702,9784,20486,8734,8090,16824,6774,5920,12694,4365,3512,7877,2551,2691,5242,1580,3149,4729,460,1804,2264,51466,51053,102519
2020-09-18,3361,3243,6604,4049,4042,8091,9022,8967,17989,10792,9875,20667,8798,8155,16953,6827,5961,12788,4403,3539,7942,2569,2723,5292,1594,3167,4761,460,1814,2274,51875,51486,103361
2020-09-19,3373,3256,6629,4070,4068,8138,9069,9014,18083,10859,9940,20799,8862,8194,17056,6870,6004,12874,4438,3570,8008,2580,2742,5322,1598,3182,4780,460,1821,2281,52179,51791,103970
2020-09-20,3382,3269,6651,4092,4083,8175,9110,9052,18162,10902,9993,20895,8897,8224,17121,6896,6027,12923,4461,3601,8062,2595,2765,5360,1605,3192,4797,460,1827,2287,52400,52033,104433
2020-09-21,3400,3281,6681,4125,4107,8232,9183,9115,18298,10987,10050,21037,8972,8269,17241,6937,6070,13007,4502,3630,8132,2618,2792,5410,1619,3211,4830,460,1832,2292,52803,52357,105160
2020-09-22,3421,3292,6713,4151,4136,8287,9265,9172,18437,11069,10136,21205,9032,8337,17369,6995,6111,13106,4541,3671,8212,2638,2809,5447,1636,3241,4877,462,1847,2309,53210,52752,105962
2020-09-23,3442,3312,6754,4176,4164,8340,9329,9232,18561,11146,10202,21348,9097,8413,17510,7053,6161,13214,4575,3703,8278,2664,2830,5494,1644,3256,4900,465,1852,2317,53591,53125,106716
2020-09-24,3459,3328,6787,4212,4196,8408,9405,9304,18709,11232,10291,21523,9152,8481,17633,7115,6212,13327,4626,3739,8365,2687,2842,5529,1662,3277,4939,469,1858,2327,54019,53528,107547
2020-09-25,3477,3351,6828,4243,4218,8461,9477,9365,18842,11297,10380,21677,9227,8556,17783,7169,6272,13441,4662,3774,8436,2721,2873,5594,1673,3292,4965,472,1874,2346,54418,53955,108373
2020-09-26,3489,3360,6849,4264,4244,8508,9521,9406,18927,11342,10431,21773,9289,8601,17890,7202,6313,13515,4685,3805,8490,2739,2893,5632,1683,3304,4987,473,1883,2356,54687,54240,108927
2020-09-27,3503,3374,6877,4282,4267,8549,9581,9442,19023,11405,10485,21890,9341,8640,17981,7237,6351,13588,4707,3819,8526,2763,2907,5670,1689,3314,5003,476,1887,2363,54984,54486,109470
2020-09-28,3524,3389,6913,4312,4294,8606,9651,9515,19166,11487,10568,22055,9410,8708,18118,7293,6397,13690,4754,3861,8615,2780,2935,5715,1708,3332,5040,480,1893,2373,55399,54892,110291
2020-09-29,3550,3403,6953,4341,4314,8655,9731,9587,19318,11580,10642,22222,9481,8776,18257,7344,6453,13797,4791,3905,8696,2809,2968,5777,1716,3357,5073,481,1903,2384,55824,55308,111132
2020-09-30,3568,3425,6993,4362,4342,8704,9803,9662,19465,11665,10718,22383,9550,8847,18397,7395,6505,13900,4838,3937,8775,2838,2981,5819,1729,3376,5105,485,1908,2393,56233,55701,111934
2020-10-01,3588,3437,7025,4382,4373,8755,9882,9744,19626,11742,10792,22534,9607,8901,18508,7446,6559,14005,4866,3980,8846,2848,3007,5855,1739,3394,5133,488,1916,2404,56588,56103,112691
2020-10-02,3607,3452,7059,4418,4397,8815,9953,9810,19763,11810,10866,22676,9664,8974,18638,7493,6621,14114,4898,4018,8916,2867,3033,5900,1753,3414,5167,494,1926,2420,56957,56511,113468
2020-10-03,3627,3462,7089,4438,4425,8863,10001,9847,19848,11859,10907,22766,9702,9017,18719,7537,6666,14203,4921,4036,8957,2878,3040,5918,1758,3424,5182,495,1931,2426,57216,56755,113971
2020-10-04,3634,3469,7103,4454,4440,8894,10045,9894,19939,11899,10947,22846,9735,9050,18785,7566,6692,14258,4939,4059,8998,2892,3049,5941,1763,3433,5196,495,1939,2434,57422,56972,114394
2020-10-05,3645,3484,7129,4477,4455,8932,10102,9966,20068,11984,11013,22997,9796,9099,18895,7613,6744,14357,4988,4092,9080,2913,3071,5984,1771,3447,5218,496,1947,2443,57785,57318,115103
2020-10-06,3670,3501,7171,4500,4485,8985,10169,10047,20216,12076,11085,23161,9873,9153,19026,7674,6807,14481,5022,4121,9143,2928,3088,6016,1785,3465,5250,498,1953,2451,58195,57705,115900
2020-10-07,3682,3512,7194,4518,4513,9031,10245,10112,20357,12139,11157,23296,9942,9213,19155,7728,6862,14590,5052,4142,9194,2940,3105,6045,1796,3488,5284,498,1963,2461,58540,58067,116607
2020-10-08,3700,3523,7223,4539,4544,9083,10312,10174,20486,12212,11227,23439,9987,9285,19272,7775,6909,14684,5077,4171,9248,2956,3130,6086,1810,3522,5332,500,1977,2477,58868,58462,117330
2020-10-09,3719,3537,7256,4560,4567,9127,10365,10257,20622,12288,11305,23593,10039,9347,19386,7828,6958,14786,5102,4209,9311,2971,3151,6122,1827,3553,5380,503,1993,2496,59202,58877,118079
2020-10-10,3729,3543,7272,4574,4591,9165,10410,10298,20708,12341,11359,23700,10090,9388,19478,7866,7006,14872,5128,4233,9361,2986,3167,6153,1834,3564,5398,504,1995,2499,59462,59144,118606
2020-10-11,3741,3558,7299,4586,4609,9195,10440,10336,20776,12373,11407,23780,10128,9420,19548,7899,7030,14929,5140,4258,9398,3001,3181,6182,1842,3582,5424,506,2002,2508,59656,59383,119039
2020-10-12,3762,3572,7334,4608,4636,9244,10482,10371,20853,12432,11456,23888,10179,9461,19640,7932,7072,15004,5173,4282,9455,3019,3196,6215,1846,3599,5445,506,2008,2514,59939,59653,119592
2020-10-13,3776,3589,7365,4641,4661,9302,10543,10437,20980,12513,11534,24047,10250,9519,19769,7987,7114,15101,5209,4305,9514,3032,3214,6246,1856,3620,5476,508,2021,2529,60315,60014,120329
2020-10-14,3789,3604,7393,4668,4687,9355,10606,10499,21105,12578,11594,24172,10321,9581,19902,8045,7173,15218,5231,4335,9566,3051,3231,6282,1866,3633,5499,509,2027,2536,60664,60364,121028
2020-10-15,3802,3623,7425,4715,4722,9437,10678,10561,21239,12656,11665,24321,10380,9642,20022,8085,7211,15296,5256,4358,9614,3070,3255,6325,1873,3653,5526,512,2030,2542,61027,60720,121747
2020-10-16,3819,3633,7452,4739,4756,9495,10726,10637,21363,12724,11725,24449,10445,9701,20146,8126,7250,15376,5286,4386,9672,3087,3277,6364,1884,3678,5562,514,2048,2562,61350,61091,122441
2020-10-17,3832,3646,7478,4759,4775,9534,10778,10674,21452,12777,11782,24559,10489,9736,20225,8160,7277,15437,5307,4409,9716,3096,3287,6383,1891,3686,5577,517,2051,2568,61606,61323,122929
2020-10-18,3841,3654,7495,4776,4792,9568,10810,10704,21514,12812,11813,24625,10511,9760,20271,8182,7304,15486,5323,4426,9749,3109,3300,6409,1893,3693,5586,517,2057,2574,61774,61503,123277
2020-10-19,3855,3668,7523,4797,4817,9614,10858,10746,21604,12862,11863,24725,10575,9799,20374,8220,7341,15561,5350,4447,9797,3133,3324,6457,1897,3706,5603,518,2061,2579,62065,61772,123837
2020-10-20,3862,3677,7539,4810,4837,9647,10917,10803,21720,12917,11912,24829,10629,9849,20478,8266,7375,15641,5375,4474,9849,3146,3335,6481,1909,3723,5632,519,2067,2586,62350,62052,124402
2020-10-21,3876,3687,7563,4830,4858,9688,10962,10849,21811,12960,11958,24918,10679,9884,20563,8293,7413,15706,5403,4491,9894,3159,3352,6511,1911,3730,5641,520,2070,2590,62593,62292,124885
2020-10-22,3887,3697,7584,4851,4877,9728,11010,10894,21904,13008,11996,25004,10718,9912,20630,8318,7438,15756,5422,4507,9929,3171,3366,6537,1916,3737,5653,521,2070,2591,62822,62494,125316
2020-10-23,3896,3706,7602,4875,4891,9766,11049,10952,22001,13048,12043,25091,10768,9955,20723,8352,7465,15817,5445,4533,9978,3180,3378,6558,1926,3745,5671,522,2071,2593,63061,62739,125800
2020-10-24,3903,3717,7620,4890,4906,9796,11085,10985,22070,13080,12085,25165,10799,9984,20783,8390,7483,15873,5462,4545,10007,3192,3388,6580,1931,3750,5681,522,2076,2598,63254,62919,126173
2020-10-25,3911,3726,7637,4903,4921,9824,11112,11015,22127,13104,12110,25214,10831,10012,20843,8408,7506,15914,5480,4552,10032,3197,3395,6592,1934,3755,5689,522,2077,2599,63402,63069,126471
2020-10-26,3921,3731,7652,4914,4947,9861,11153,11048,22201,13156,12154,25310,10868,10042,20910,8438,7538,15976,5500,4572,10072,3206,3403,6609,1943,3765,5708,528,2081,2609,63627,63281,126908
2020-10-27,3928,3740,7668,4938,4971,9909,11194,11095,22289,13212,12195,25407,10920,10084,21004,8474,7573,16047,5521,4596,10117,3215,3417,6632,1951,3779,5730,531,2085,2616,63884,63535,127419
2020-10-28,3942,3751,7693,4963,4992,9955,11230,11131,22361,13256,12238,25494,10960,10115,21075,8503,7598,16101,5545,4613,10158,3224,3428,6652,1956,3782,5738,534,2088,2622,64113,63736,127849
2020-10-29,3951,3757,7708,4975,5003,9978,11264,11159,22423,13297,12278,25575,10995,10142,21137,8523,7621,16144,5559,4625,10184,3241,3435,6676,1960,3792,5752,535,2093,2628,64300,63905,128205
2020-10-30,3956,3762,7718,4982,5008,9990,11289,11187,22476,13343,12302,25645,11021,10170,21191,8534,7641,16175,5569,4642,10211,3255,3445,6700,1964,3796,5760,536,2095,2631,64449,64048,128497
2020-10-31,3958,3766,7724,4988,5018,10006,11307,11211,22518,13365,12326,25691,11040,10192,21232,8545,7655,16200,5581,4652,10233,3258,3452,6710,1968,3800,5768,536,2095,2631,64546,64167,128713
2020-11-01,3966,3774,7740,4996,5033,10029,11344,11236,22580,13393,12346,25739,11071,10214,21285,8560,7671,16231,5595,4660,10255,3266,3458,6724,1970,3804,5774,536,2096,2632,64697,64292,128989
2020-11-02,3974,3781,7755,5003,5054,10057,11376,11273,22649,13428,12376,25804,11109,10249,21358,8591,7695,16286,5611,4668,10279,3268,3466,6734,1974,3811,5785,537,2099,2636,64871,64472,129343
2020-11-03,3983,3786,7769,5019,5061,10080,11418,11295,22713,13453,12409,25862,11144,10270,21414,8615,7716,16331,5621,4688,10309,3273,3479,6752,1975,3820,5795,537,2102,2639,65038,64626,129664
2020-11-04,3991,3791,7782,5025,5076,10101,11452,11328,22780,13491,12442,25933,11167,10300,21467,8635,7742,16377,5640,4702,10342,3280,3492,6772,1976,3829,5805,539,2105,2644,65196,64807,130003
2020-11-05,4004,3801,7805,5049,5091,10140,11496,11376,22872,13537,12477,26014,11198,10336,21534,8663,7764,16427,5662,4719,10381,3293,3505,6798,1978,3845,5823,541,2112,2653,65421,65026,130447
2020-11-06,4017,3808,7825,5066,5105,10171,11519,11405,22924,13570,12514,26084,11232,10363,21595,8684,7779,16463,5683,4738,10421,3304,3517,6821,1982,3855,5837,543,2113,2656,65600,65197,130797
2020-11-07,4023,3813,7836,5073,5113,10186,11538,11431,22969,13607,12548,26155,11261,10387,21648,8697,7797,16494,5698,4755,10453,3312,3524,6836,1986,3860,5846,543,2113,2656,65738,65341,131079
2020-11-08,4029,3818,7847,5080,5123,10203,11554,11466,23020,13628,12570,26198,11287,10400,21687,8714,7814,16528,5713,4767,10480,3316,3526,6842,1990,3865,5855,544,2113,2657,65855,65462,131317
2020-11-09,4040,3823,7863,5097,5135,10232,11580,11508,23088,13661,12610,26271,11327,10429,21756,8750,7851,16601,5735,4789,10524,3331,3533,6864,1993,3872,5865,544,2116,2660,66058,65666,131724
2020-11-10,4050,3833,7883,5111,5146,10257,11616,11547,23163,13718,12643,26361,11358,10454,21812,8770,7868,16638,5756,4806,10562,3346,3554,6900,2000,3884,5884,545,2118,2663,66270,65853,132123
2020-11-11,4060,3840,7900,5125,5161,10286,11654,11584,23238,13755,12682,26437,11394,10481,21875,8808,7888,16696,5772,4822,10594,3357,3568,6925,2004,3893,5897,546,2122,2668,66475,66041,132516
2020-11-12,4069,3846,7915,5137,5175,10312,11694,11619,23313,13793,12711,26504,11426,10511,21937,8830,7910,16740,5785,4834,10619,3362,3575,6937,2007,3895,5902,547,2127,2674,66650,66203,132853
2020-11-13,4075,3851,7926,5156,5187,10343,11726,11650,23376,13822,12740,26562,11464,10536,22000,8854,7934,16788,5802,4851,10653,3378,3582,6960,2010,3904,5914,549,2133,2682,66836,66368,133204
2020-11-14,4081,3856,7937,5168,5200,10368,11752,11685,23437,13847,12766,26613,11489,10553,22042,8879,7954,16833,5822,4861,10683,3385,3591,6976,2015,3909,5924,550,2134,2684,66988,66509,133497
2020-11-15,4084,3863,7947,5177,5214,10391,11771,11709,23480,13866,12786,26652,11509,10565,22074,8898,7966,16864,5831,4871,10702,3392,3598,6990,2016,3920,5936,551,2134,2685,67095,66626,133721
2020-11-16,4089,3872,7961,5190,5231,10421,11795,11742,23537,13897,12811,26708,11532,10591,22123,8916,7985,16901,5840,4886,10726,3402,3608,7010,2024,3926,5950,553,2136,2689,67238,66788,134026
2020-11-17,4097,3878,7975,5208,5246,10454,11829,11774,23603,13929,12854,26783,11562,10617,22179,8941,8011,16952,5860,4900,10760,3410,3618,7028,2029,3938,5967,555,2143,2698,67420,66979,134399
2020-11-18,4100,3885,7985,5223,5263,10486,11867,11813,23680,13970,12886,26856,11601,10645,22246,8964,8038,17002,5872,4917,10789,3422,3630,7052,2033,3951,5984,555,2148,2703,67607,67176,134783
2020-11-19,4104,3889,7993,5234,5277,10511,11898,11839,23737,13999,12915,26914,11618,10666,22284,8989,8061,17050,5888,4928,10816,3429,3640,7069,2035,3955,5990,555,2153,2708,67749,67323,135072
2020-11-20,4109,3894,8003,5248,5294,10542,11935,11866,23801,14023,12933,26956,11633,10679,22312,9002,8074,17076,5903,4941,10844,3435,3644,7079,2040,3958,5998,557,2155,2712,67885,67438,135323
2020-11-21,4115,3904,8019,5259,5307,10566,11959,11892,23851,14056,12959,27015,11649,10707,22356,9014,8094,17108,5914,4956,10870,3443,3651,7094,2043,3961,6004,557,2158,2715,68009,67589,135598
2020-11-22,4119,3907,8026,5266,5312,10578,11977,11910,23887,14067,12980,27047,11664,10720,22384,9025,8101,17126,5930,4962,10892,3449,3658,7107,2045,3961,6006,557,2159,2716,68099,67670,135769
2020-11-23,4121,3910,8031,5272,5320,10592,11994,11932,23926,14094,13000,27094,11685,10727,22412,9031,8118,17149,5939,4967,10906,3457,3662,7119,2048,3963,6011,558,2161,2719,68199,67760,135959
2020-11-24,4128,3914,8042,5279,5332,10611,12025,11972,23997,14134,13035,27169,11715,10746,22461,9053,8129,17182,5956,4980,10936,3465,3670,7135,2052,3965,6017,558,2163,2721,68365,67906,136271
2020-11-25,4143,3920,8063,5291,5341,10632,12064,12015,24079,14180,13075,27255,11746,10780,22526,9078,8149,17227,5975,4993,10968,3473,3683,7156,2056,3971,6027,559,2165,2724,68565,68092,136657
2020-11-26,4146,3931,8077,5300,5362,10662,12095,12042,24137,14223,13104,27327,11768,10802,22570,9093,8179,17272,5984,5006,10990,3477,3687,7164,2061,3975,6036,560,2170,2730,68707,68258,136965
2020-11-27,4152,3935,8087,5317,5371,10688,12134,12072,24206,14256,13125,27381,11797,10822,22619,9116,8198,17314,5997,5019,11016,3488,3691,7179,2064,3980,6044,562,2172,2734,68883,68385,137268
2020-11-28,4158,3939,8097,5330,5385,10715,12160,12102,24262,14284,13148,27432,11816,10844,22660,9125,8211,17336,6005,5033,11038,3492,3694,7186,2065,3983,6048,562,2173,2735,68997,68512,137509
2020-11-29,4165,3939,8104,5342,5396,10738,12182,12124,24306,14317,13172,27489,11840,10858,22698,9142,8225,17367,6011,5045,11056,3495,3699,7194,2069,3988,6057,565,2173,2738,69128,68619,137747
2020-11-30,4172,3944,8116,5353,5407,10760,12212,12150,24362,14345,13199,27544,11866,10873,22739,9158,8246,17404,6018,5058,11076,3505,3711,7216,2072,3997,6069,565,2176,2741,69266,68761,138027
2020-12-01,4181,3949,8130,5360,5416,10776,12244,12171,24415,14376,13243,27619,11896,10893,22789,9175,8260,17435,6032,5066,11098,3511,3717,7228,2075,4000,6075,565,2176,2741,69415,68891,138306
2020-12-02,4183,3953,8136,5365,5426,10791,12271,12193,24464,14404,13260,27664,11908,10915,22823,9184,8270,17454,6042,5075,11117,3518,3728,7246,2078,4006,6084,568,2181,2749,69521,69007,138528
2020-12-03,4187,3956,8143,5377,5437,10814,12295,12211,24506,14434,13285,27719,11933,10932,22865,9202,8285,17487,6054,5086,11140,3526,3739,7265,2081,4010,6091,570,2183,2753,69659,69124,138783
2020-12-04,4195,3960,8155,5392,5450,10842,12317,12239,24556,14467,13317,27784,11965,10958,22923,9224,8303,17527,6068,5097,11165,3533,3746,7279,2086,4013,6099,571,2183,2754,69818,69266,139084
2020-12-05,4201,3965,8166,5401,5462,10863,12334,12264,24598,14489,13342,27831,11984,10985,22969,9239,8320,17559,6081,5110,11191,3539,3754,7293,2092,4019,6111,571,2184,2755,69931,69405,139336
2020-12-06,4208,3968,8176,5407,5469,10876,12352,12280,24632,14509,13362,27871,11998,11004,23002,9258,8333,17591,6089,5120,11209,3545,3759,7304,2096,4021,6117,571,2184,2755,70033,69500,139533
2020-12-07,4212,3972,8184,5413,5479,10892,12366,12299,24665,14524,13382,27906,12026,11020,23046,9270,8348,17618,6099,5132,11231,3552,3764,7316,2098,4023,6121,571,2186,2757,70131,69605,139736
2020-12-08,4219,3974,8193,5423,5490,10913,12389,12327,24716,14551,13409,27960,12056,11038,23094,9292,8361,17653,6113,5140,11253,3568,3772,7340,2102,4027,6129,572,2188,2760,70285,69726,140011
2020-12-09,4224,3981,8205,5444,5506,10950,12428,12360,24788,14589,13438,28027,12088,11073,23161,9316,8386,17702,6128,5156,11284,3575,3785,7360,2104,4032,6136,572,2192,2764,70468,69909,140377
2020-12-10,4228,3988,8216,5455,5528,10983,12454,12397,24851,14634,13474,28108,12124,11112,23236,9337,8409,17746,6144,5170,11314,3585,3797,7382,2107,4039,6146,572,2193,2765,70640,70107,140747
2020-12-11,4239,3995,8234,5463,5539,11002,12490,12425,24915,14664,13507,28171,12160,11136,23296,9356,8435,17791,6155,5189,11344,3589,3809,7398,2111,4045,6156,572,2195,2767,70799,70275,141074
2020-12-12,4247,3999,8246,5476,5548,11024,12532,12458,24990,14699,13536,28235,12182,11157,23339,9371,8451,17822,6167,5199,11366,3600,3815,7415,2113,4045,6158,572,2195,2767,70959,70403,141362
2020-12-13,4249,4004,8253,5490,5561,11051,12564,12486,25050,14723,13568,28291,12205,11180,23385,9386,8469,17855,6183,5210,11393,3610,3823,7433,2119,4048,6167,574,2195,2769,71103,70544,141647
2020-12-14,4253,4008,8261,5505,5572,11077,12615,12536,25151,14780,13616,28396,12243,11211,23454,9415,8498,17913,6198,5231,11429,3619,3835,7454,2124,4059,6183,574,2198,2772,71326,70764,142090
2020-12-15,4256,4011,8267,5526,5590,11116,12667,12584,25251,14829,13664,28493,12287,11239,23526,9435,8526,17961,6219,5238,11457,3630,3842,7472,2131,4064,6195,576,2201,2777,71556,70959,142515
2020-12-16,4263,4018,8281,5544,5615,11159,12731,12634,25365,14875,13702,28577,12311,11267,23578,9462,8552,18014,6233,5256,11489,3644,3852,7496,2139,4069,6208,579,2204,2783,71781,71169,142950
2020-12-17,4273,4022,8295,5566,5639,11205,12818,12713,25531,14940,13756,28696,12345,11315,23660,9486,8589,18075,6243,5276,11519,3660,3865,7525,2142,4075,6217,581,2206,2787,72054,71456,143510
2020-12-18,4277,4029,8306,5594,5657,11251,12888,12773,25661,14999,13816,28815,12393,11352,23745,9517,8627,18144,6268,5299,11567,3676,3876,7552,2146,4088,6234,581,2216,2797,72339,71733,144072
2020-12-19,4286,4034,8320,5622,5686,11308,12943,12814,25757,15048,13859,28907,12435,11392,23827,9546,8652,18198,6284,5317,11601,3690,3885,7575,2151,4096,6247,581,2217,2798,72586,71952,144538
2020-12-20,4289,4041,8330,5641,5699,11340,12997,12855,25852,15081,13894,28975,12475,11435,23910,9575,8674,18249,6309,5334,11643,3699,3891,7590,2154,4100,6254,584,2219,2803,72804,72142,144946
2020-12-21,4299,4050,8349,5668,5722,11390,13074,12940,26014,15151,13968,29119,12533,11489,24022,9624,8711,18335,6354,5354,11708,3719,3909,7628,2159,4107,6266,585,2221,2806,73166,72471,145637
2020-12-22,4308,4061,8369,5688,5743,11431,13143,13012,26155,15245,14039,29284,12587,11540,24127,9678,8759,18437,6376,5379,11755,3734,3924,7658,2163,4117,6280,586,2224,2810,73508,72798,146306
2020-12-23,4318,4072,8390,5713,5769,11482,13244,13104,26348,15343,14118,29461,12646,11605,24251,9745,8811,18556,6400,5409,11809,3761,3945,7706,2167,4129,6296,587,2226,2813,73924,73188,147112
2020-12-24,4320,4074,8394,5725,5786,11511,13298,13154,26452,15400,14156,29556,12677,11643,24320,9776,8833,18609,6417,5422,11839,3774,3952,7726,2169,4134,6303,587,2228,2815,74143,73382,147525
2020-12-25,4323,4081,8404,5736,5796,11532,13328,13177,26505,15431,14183,29614,12719,11665,24384,9797,8851,18648,6436,5436,11872,3780,3959,7739,2170,4135,6305,587,2229,2816,74307,73512,147819
2020-12-26,4332,4089,8421,5756,5827,11583,13428,13255,26683,15520,14267,29787,12784,11738,24522,9870,8905,18775,6474,5479,11953,3797,3977,7774,2174,4141,6315,588,2231,2819,74723,73909,148632
2020-12-27,4345,4093,8438,5776,5857,11633,13502,13330,26832,15603,14323,29926,12835,11778,24613,9915,8943,18858,6498,5502,12000,3812,3993,7805,2177,4147,6324,588,2231,2819,75051,74197,149248
2020-12-28,4362,4109,8471,5811,5910,11721,13618,13437,27055,15708,14426,30134,12935,11871,24806,10001,9002,19003,6542,5540,12082,3844,4026,7870,2190,4163,6353,590,2233,2823,75601,74717,150318
2020-12-29,4370,4127,8497,5853,5960,11813,13773,13580,27353,15849,14541,30390,13029,11961,24990,10058,9083,19141,6590,5591,12181,3880,4057,7937,2201,4173,6374,594,2236,2830,76197,75309,151506
2020-12-30,4395,4146,8541,5900,6020,11920,13922,13701,27623,15980,14655,30635,13130,12066,25196,10134,9160,19294,6641,5650,12291,3913,4086,7999,2210,4189,6399,597,2241,2838,76822,75914,152736
2020-12-31,4402,4152,8554,5934,6058,11992,14042,13803,27845,16053,14721,30774,13184,12134,25318,10174,9199,19373,6666,5676,12342,3930,4100,8030,2220,4194,6414,597,2241,2838,77202,76278,153480
2021-01-01,4407,4154,8561,5948,6070,12018,14070,13837,27907,16086,14756,30842,13206,12165,25371,10195,9217,19412,6684,5702,12386,3939,4111,8050,2224,4197,6421,597,2241,2838,77356,76450,153806
2021-01-02,4415,4162,8577,5979,6112,12091,14151,13931,28082,16177,14832,31009,13278,12243,25521,10265,9278,19543,6727,5743,12470,3960,4132,8092,2229,4201,6430,603,2241,2844,77784,76875,154659
2021-01-03,4429,4174,8603,6007,6148,12155,14241,14038,28279,16273,14905,31178,13355,12311,25666,10319,9343,19662,6768,5775,12543,3980,4156,8136,2236,4209,6445,603,2242,2845,78211,77301,155512
2021-01-04,4446,4187,8633,6066,6204,12270,14426,14207,28633,16434,15060,31494,13467,12404,25871,10403,9454,19857,6823,5833,12656,4012,4188,8200,2250,4229,6479,609,2249,2858,78936,78015,156951
2021-01-05,4466,4205,8671,6123,6259,12382,14611,14395,29006,16581,15188,31769,13576,12497,26073,10501,9522,20023,6876,5892,12768,4037,4218,8255,2256,4249,6505,611,2258,2869,79638,78683,158321
2021-01-06,4479,4216,8695,6177,6318,12495,14800,14577,29377,16749,15313,32062,13679,12584,26263,10583,9594,20177,6927,5950,12877,4072,4247,8319,2265,4262,6527,612,2262,2874,80343,79323,159666
2021-01-07,4497,4226,8723,6229,6370,12599,14955,14737,29692,16877,15435,32312,13778,12681,26459,10656,9671,20327,6969,5991,12960,4098,4286,8384,2274,4269,6543,617,2266,2883,80950,79932,160882
2021-01-08,4512,4240,8752,6278,6427,12705,15105,14870,29975,17000,15536,32536,13869,12779,26648,10742,9744,20486,7019,6042,13061,4124,4313,8437,2280,4284,6564,618,2271,2889,81547,80506,162053
2021-01-09,4518,4248,8766,6313,6462,12775,15217,15008,30225,17115,15610,32725,13956,12863,26819,10799,9811,20610,7066,6079,13145,4136,4341,8477,2286,4294,6580,619,2274,2893,82025,80990,163015
2021-01-10,4526,4252,8778,6346,6490,12836,15303,15114,30417,17176,15675,32851,14005,12922,26927,10849,9855,20704,7094,6110,13204,4151,4361,8512,2292,4301,6593,622,2276,2898,82364,81356,163720
2021-01-11,4532,4262,8794,6397,6533,12930,15454,15257,30711,17271,15787,33058,14080,12982,27062,10916,9920,20836,7135,6147,13282,4183,4391,8574,2300,4311,6611,623,2280,2903,82891,81870,164761
2021-01-12,4543,4269,8812,6445,6586,13031,15620,15400,31020,17394,15904,33298,14160,13064,27224,10972,9991,20963,7177,6187,13364,4214,4418,8632,2314,4325,6639,623,2285,2908,83462,82429,165891
2021-01-13,4557,4283,8840,6497,6655,13152,15759,15570,31329,17523,16027,33550,14249,13149,27398,11036,10065,21101,7224,6234,13458,4242,4435,8677,2327,4336,6663,624,2291,2915,84038,83045,167083
2021-01-14,4573,4292,8865,6552,6710,13262,15883,15715,31598,17644,16117,33761,14323,13221,27544,11097,10131,21228,7271,6273,13544,4269,4464,8733,2340,4344,6684,628,2292,2920,84580,83559,168139
2021-01-15,4587,4302,8889,6612,6755,13367,16047,15844,31891,17750,16203,33953,14413,13283,27696,11168,10211,21379,7318,6306,13624,4291,4485,8776,2350,4361,6711,628,2296,2924,85164,84046,169210
2021-01-16,4593,4312,8905,6657,6808,13465,16142,15956,32098,17844,16279,34123,14477,13357,27834,11212,10264,21476,7351,6335,13686,4312,4501,8813,2356,4371,6727,630,2302,2932,85574,84485,170059
2021-01-17,4597,4320,8917,6701,6840,13541,16229,16071,32300,17918,16347,34265,14538,13408,27946,11264,10313,21577,7395,6359,13754,4330,4508,8838,2362,4377,6739,633,2303,2936,85967,84846,170813
2021-01-18,4608,4332,8940,6759,6887,13646,16397,16214,32611,18034,16442,34476,14628,13489,28117,11342,10383,21725,7445,6401,13846,4357,4537,8894,2372,4393,6765,635,2308,2943,86577,85386,171963
2021-01-19,4620,4338,8958,6814,6957,13771,16530,16361,32891,18155,16534,34689,14705,13571,28276,11395,10442,21837,7489,6440,13929,4382,4561,8943,2386,4412,6798,635,2313,2948,87111,85929,173040
2021-01-20,4626,4343,8969,6879,7004,13883,16684,16491,33175,18258,16624,34882,14793,13648,28441,11462,10507,21969,7521,6489,14010,4402,4587,8989,2399,4431,6830,635,2319,2954,87659,86443,174102
2021-01-21,4639,4352,8991,6941,7058,13999,16795,16601,33396,18360,16721,35081,14882,13727,28609,11529,10583,22112,7564,6532,14096,4430,4613,9043,2409,4451,6860,639,2325,2964,88188,86963,175151
2021-01-22,4656,4362,9018,6993,7109,14102,16908,16727,33635,18446,16818,35264,14941,13790,28731,11595,10649,22244,7606,6556,14162,4452,4636,9088,2421,4462,6883,642,2328,2970,88660,87437,176097
2021-01-23,4662,4373,9035,7043,7160,14203,17001,16816,33817,18519,16872,35391,14991,13840,28831,11640,10706,22346,7636,6591,14227,4474,4665,9139,2424,4474,6898,645,2328,2973,89035,87825,176860
2021-01-24,4670,4384,9054,7088,7204,14292,17103,16881,33984,18594,16944,35538,15034,13895,28929,11672,10741,22413,7670,6613,14283,4495,4678,9173,2428,4481,6909,645,2328,2973,89399,88149,177548
2021-01-25,4679,4395,9074,7173,7284,14457,17246,16999,34245,18702,17019,35721,15108,13978,29086,11742,10790,22532,7719,6654,14373,4520,4711,9231,2435,4495,6930,648,2330,2978,89972,88655,178627
2021-01-26,4692,4408,9100,7243,7366,14609,17356,17116,34472,18787,17101,35888,15182,14053,29235,11809,10850,22659,7765,6686,14451,4543,4735,9278,2445,4516,6961,651,2340,2991,90473,89171,179644
2021-01-27,4700,4418,9118,7330,7433,14763,17454,17208,34662,18868,17172,36040,15245,14121,29366,11858,10893,22751,7807,6717,14524,4562,4754,9316,2454,4529,6983,652,2344,2996,90930,89589,180519
2021-01-28,4710,4428,9138,7390,7507,14897,17579,17307,34886,18951,17235,36186,15312,14190,29502,11918,10947,22865,7849,6750,14599,4576,4777,9353,2458,4544,7002,652,2348,3000,91395,90033,181428
2021-01-29,4728,4443,9171,7456,7580,15036,17666,17405,35071,19037,17320,36357,15375,14264,29639,11970,11021,22991,7876,6783,14659,4595,4799,9394,2464,4561,7025,656,2350,3006,91823,90526,182349
2021-01-30,4735,4447,9182,7539,7651,15190,17745,17486,35231,19094,17391,36485,15429,14323,29752,12007,11063,23070,7906,6815,14721,4607,4819,9426,2467,4569,7036,657,2353,3010,92186,90917,183103
2021-01-31,4738,4460,9198,7626,7726,15352,17819,17568,35387,19139,17458,36597,15495,14384,29879,12047,11109,23156,7931,6848,14779,4627,4831,9458,2470,4574,7044,657,2356,3013,92549,91314,183863
2021-02-01,4747,4473,9220,7705,7818,15523,17925,17659,35584,19217,17540,36757,15580,14452,30032,12107,11175,23282,7970,6888,14858,4657,4865,9522,2479,4590,7069,657,2360,3017,93044,91820,184864
2021-02-02,4753,4487,9240,7770,7890,15660,18021,17756,35777,19297,17620,36917,15645,14513,30158,12166,11233,23399,8011,6919,14930,4676,4882,9558,2486,4609,7095,657,2363,3020,93482,92272,185754
2021-02-03,4764,4500,9264,7840,7936,15776,18119,17837,35956,19381,17703,37084,15706,14577,30283,12228,11301,23529,8053,6963,15016,4698,4901,9599,2497,4627,7124,660,2363,3023,93946,92708,186654
2021-02-04,4769,4509,9278,7883,7982,15865,18196,17918,36114,19436,17769,37205,15780,14632,30412,12278,11363,23641,8095,6991,15086,4715,4926,9641,2508,4644,7152,660,2370,3030,94320,93104,187424
2021-02-05,4776,4517,9293,7928,8022,15950,18263,17984,36247,19509,17849,37358,15840,14699,30539,12325,11413,23738,8126,7015,15141,4734,4944,9678,2513,4655,7168,661,2374,3035,94675,93472,188147
2021-02-06,4782,4521,9303,7959,8050,16009,18327,18033,36360,19557,17902,37459,15890,14751,30641,12361,11453,23814,8149,7045,15194,4750,4960,9710,2519,4661,7180,662,2376,3038,94956,93752,188708
2021-02-07,4786,4525,9311,7983,8074,16057,18369,18078,36447,19603,17948,37551,15923,14779,30702,12396,11489,23885,8176,7078,15254,4770,4973,9743,2523,4670,7193,662,2379,3041,95191,93993,189184
2021-02-08,4797,4540,9337,8031,8116,16147,18433,18146,36579,19676,18028,37704,16002,14851,30853,12443,11543,23986,8222,7113,15335,4794,5004,9798,2530,4686,7216,664,2383,3047,95592,94410,190002
2021-02-09,4805,4544,9349,8072,8137,16209,18498,18192,36690,19729,18091,37820,16061,14903,30964,12488,11581,24069,8250,7147,15397,4809,5019,9828,2538,4695,7233,665,2385,3050,95915,94694,190609
2021-02-10,4818,4550,9368,8102,8169,16271,18555,18249,36804,19800,18162,37962,16114,14962,31076,12528,11621,24149,8278,7169,15447,4826,5037,9863,2542,4703,7245,666,2389,3055,96229,95011,191240
2021-02-11,4822,4557,9379,8128,8197,16325,18611,18316,36927,19857,18211,38068,16165,15010,31175,12563,11686,24249,8323,7202,15525,4845,5057,9902,2547,4705,7252,669,2394,3063,96530,95335,191865
2021-02-12,4830,4567,9397,8160,8229,16389,18666,18370,37036,19919,18274,38193,16221,15056,31277,12606,11716,24322,8352,7227,15579,4863,5078,9941,2558,4719,7277,671,2398,3069,96846,95634,192480
2021-02-13,4839,4570,9409,8183,8249,16432,18710,18415,37125,19970,18319,38289,16270,15103,31373,12640,11746,24386,8372,7243,15615,4881,5100,9981,2560,4728,7288,674,2400,3074,97099,95873,192972
2021-02-14,4844,4574,9418,8203,8272,16475,18739,18456,37195,20000,18368,38368,16311,15142,31453,12670,11774,24444,8394,7270,15664,4895,5115,10010,2564,4734,7298,674,2401,3075,97294,96106,193400
2021-02-15,4847,4579,9426,8226,8294,16520,18773,18503,37276,20045,18427,38472,16360,15192,31552,12697,11801,24498,8418,7287,15705,4903,5124,10027,2569,4739,7308,675,2406,3081,97513,96352,193865
2021-02-16,4855,4590,9445,8248,8324,16572,18809,18545,37354,20093,18463,38556,16406,15237,31643,12722,11831,24553,8437,7314,15751,4918,5150,10068,2576,4746,7322,676,2412,3088,97740,96612,194352
2021-02-17,4869,4597,9466,8275,8348,16623,18877,18611,37488,20162,18538,38700,16468,15301,31769,12772,11881,24653,8488,7344,15832,4936,5164,10100,2583,4760,7343,677,2414,3091,98107,96958,195065
2021-02-18,4875,4610,9485,8304,8369,16673,18950,18698,37648,20234,18615,38849,16523,15366,31889,12805,11934,24739,8520,7368,15888,4960,5179,10139,2587,4767,7354,678,2419,3097,98436,97325,195761
2021-02-19,4879,4614,9493,8339,8400,16739,19015,18759,37774,20336,18690,39026,16587,15418,32005,12834,11981,24815,8553,7390,15943,4977,5193,10170,2590,4774,7364,678,2420,3098,98788,97639,196427
2021-02-20,4885,4617,9502,8360,8418,16778,19068,18812,37880,20395,18744,39139,16623,15466,32089,12866,12021,24887,8583,7409,15992,4994,5209,10203,2594,4783,7377,679,2422,3101,99047,97901,196948
2021-02-21,4893,4621,9514,8375,8439,16814,19119,18862,37981,20446,18798,39244,16664,15504,32168,12898,12055,24953,8599,7439,16038,5004,5223,10227,2596,4787,7383,679,2426,3105,99273,98154,197427
2021-02-22,4902,4630,9532,8404,8463,16867,19182,18923,38105,20511,18851,39362,16719,15546,32265,12945,12085,25030,8617,7468,16085,5020,5239,10259,2600,4793,7393,681,2427,3108,99581,98425,198006
2021-02-23,4913,4641,9554,8428,8497,16925,19258,18977,38235,20575,18920,39495,16770,15587,32357,12976,12122,25098,8655,7491,16146,5036,5251,10287,2609,4800,7409,684,2427,3111,99904,98713,198617
2021-02-24,4926,4646,9572,8455,8524,16979,19328,19040,38368,20637,18964,39601,16820,15638,32458,13010,12165,25175,8682,7517,16199,5045,5272,10317,2612,4804,7416,686,2431,3117,100201,99001,199202
2021-02-25,4940,4657,9597,8487,8556,17043,19398,19123,38521,20700,19043,39743,16871,15700,32571,13057,12208,25265,8716,7537,16253,5060,5291,10351,2618,4810,7428,689,2438,3127,100536,99363,199899
2021-02-26,4947,4667,9614,8520,8577,17097,19450,19185,38635,20759,19091,39850,16904,15748,32652,13102,12252,25354,8738,7566,16304,5079,5314,10393,2624,4818,7442,691,2445,3136,100814,99663,200477
2021-02-27,4955,4670,9625,8539,8596,17135,19498,19237,38735,20803,19142,39945,16940,15795,32735,13141,12279,25420,8768,7584,16352,5085,5332,10417,2630,4823,7453,691,2446,3137,101050,99904,200954
2021-02-28,4961,4671,9632,8557,8611,17168,19528,19274,38802,20853,19191,40044,16972,15836,32808,13171,12294,25465,8785,7603,16388,5091,5341,10432,2632,4829,7461,691,2451,3142,101241,100101,201342
2021-03-01,4976,4688,9664,8593,8642,17235,19582,19329,38911,20938,19254,40192,17030,15891,32921,13219,12339,25558,8816,7624,16440,5105,5360,10465,2637,4843,7480,691,2454,3145,101587,100424,202011
2021-03-02,4989,4696,9685,8624,8672,17296,19644,19372,39016,21001,19329,40330,17079,15930,33009,13254,12381,25635,8846,7646,16492,5119,5374,10493,2642,4856,7498,691,2456,3147,101889,100712,202601
2021-03-03,5002,4705,9707,8660,8707,17367,19715,19432,39147,21063,19400,40463,17135,15974,33109,13290,12421,25711,8893,7672,16565,5136,5392,10528,2649,4869,7518,691,2459,3150,102234,101031,203265
2021-03-04,5017,4716,9733,8684,8741,17425,19778,19480,39258,21128,19453,40581,17193,16023,33216,13337,12456,25793,8928,7701,16629,5146,5406,10552,2650,4876,7526,692,2460,3152,102553,101312,203865
2021-03-05,5039,4723,9762,8726,8785,17511,19853,19551,39404,21192,19531,40723,17264,16071,33335,13394,12504,25898,8954,7736,16690,5162,5423,10585,2652,4888,7540,694,2463,3157,102930,101675,204605
2021-03-06,5044,4730,9774,8760,8824,17584,19887,19586,39473,21245,19577,40822,17310,16127,33437,13424,12540,25964,8985,7763,16748,5181,5429,10610,2658,4892,7550,694,2466,3160,103188,101934,205122
2021-03-07,5050,4743,9793,8785,8854,17639,19930,19626,39556,21293,19619,40912,17347,16172,33519,13463,12569,26032,9015,7788,16803,5187,5445,10632,2664,4896,7560,694,2467,3161,103428,102179,205607
2021-03-08,5067,4753,9820,8824,8874,17698,19990,19685,39675,21386,19688,41074,17419,16242,33661,13512,12623,26135,9055,7816,16871,5203,5462,10665,2676,4905,7581,695,2471,3166,103827,102519,206346
2021-03-09,5078,4769,9847,8859,8934,17793,20058,19752,39810,21459,19766,41225,17481,16316,33797,13574,12666,26240,9095,7845,16940,5225,5474,10699,2686,4916,7602,695,2473,3168,104210,102911,207121
2021-03-10,5093,4781,9874,8894,8980,17874,20106,19814,39920,21531,19828,41359,17531,16372,33903,13619,12723,26342,9123,7880,17003,5242,5503,10745,2688,4924,7612,695,2476,3171,104522,103281,207803
2021-03-11,5110,4801,9911,8926,9034,17960,20160,19894,40054,21610,19900,41510,17600,16427,34027,13669,12767,26436,9158,7904,17062,5256,5521,10777,2696,4937,7633,697,2478,3175,104882,103663,208545
2021-03-12,5128,4809,9937,8988,9094,18082,20223,19949,40172,21676,19960,41636,17676,16497,34173,13719,12826,26545,9184,7934,17118,5288,5547,10835,2701,4950,7651,699,2485,3184,105282,104051,209333
2021-03-13,5138,4818,9956,9027,9138,18165,20281,19998,40279,21725,20018,41743,17741,16548,34289,13763,12878,26641,9202,7953,17155,5305,5561,10866,2704,4953,7657,700,2488,3188,105586,104353,209939
2021-03-14,5147,4825,9972,9052,9181,18233,20331,20040,40371,21771,20062,41833,17781,16603,34384,13804,12923,26727,9232,7979,17211,5323,5578,10901,2710,4958,7668,700,2490,3190,105851,104639,210490
2021-03-15,5157,4844,10001,9093,9219,18312,20393,20087,40480,21858,20128,41986,17858,16656,34514,13874,12968,26842,9271,8015,17286,5351,5601,10952,2715,4966,7681,703,2500,3203,106273,104984,211257
2021-03-16,5170,4855,10025,9148,9263,18411,20461,20163,40624,21922,20192,42114,17949,16722,34671,13930,13018,26948,9295,8042,17337,5360,5613,10973,2726,4984,7710,706,2503,3209,106667,105355,212022
2021-03-17,5186,4871,10057,9208,9308,18516,20535,20241,40776,22007,20270,42277,18001,16785,34786,13966,13051,27017,9335,8077,17412,5384,5630,11014,2728,4987,7715,706,2505,3211,107056,105725,212781
2021-03-18,5202,4884,10086,9254,9356,18610,20605,20312,40917,22079,20356,42435,18058,16840,34898,14021,13104,27125,9364,8116,17480,5397,5661,11058,2736,4999,7735,706,2510,3216,107422,106138,213560
2021-03-19,5219,4902,10121,9305,9411,18716,20675,20392,41067,22171,20437,42608,18130,16918,35048,14070,13160,27230,9395,8152,17547,5423,5681,11104,2740,5012,7752,706,2511,3217,107834,106576,214410
2021-03-20,5225,4915,10140,9333,9447,18780,20727,20444,41171,22239,20491,42730,18200,16958,35158,14111,13198,27309,9425,8165,17590,5433,5698,11131,2744,5018,7762,706,2513,3219,108143,106847,214990
2021-03-21,5235,4929,10164,9368,9481,18849,20769,20498,41267,22310,20549,42859,18257,17014,35271,14146,13240,27386,9459,8197,17656,5454,5725,11179,2747,5027,7774,707,2513,3220,108452,107173,215625
2021-03-22,5250,4946,10196,9425,9535,18960,20862,20589,41451,22420,20659,43079,18341,17100,35441,14222,13317,27539,9499,8227,17726,5475,5744,11219,2755,5038,7793,708,2522,3230,108957,107677,216634
2021-03-23,5268,4957,10225,9475,9608,19083,20964,20699,41663,22537,20766,43303,18449,17194,35643,14295,13371,27666,9550,8284,17834,5502,5772,11274,2761,5055,7816,709,2527,3236,109510,108233,217743
2021-03-24,5283,4967,10250,9553,9677,19230,21057,20817,41874,22650,20863,43513,18559,17289,35848,14375,13447,27822,9600,8329,17929,5530,5794,11324,2770,5060,7830,712,2533,3245,110089,108776,218865
2021-03-25,5300,4985,10285,9618,9741,19359,21209,20949,42158,22772,20984,43756,18667,17404,36071,14452,13539,27991,9646,8384,18030,5562,5824,11386,2784,5075,7859,713,2536,3249,110723,109421,220144
2021-03-26,5329,5007,10336,9710,9809,19519,21342,21104,42446,22895,21106,44001,18796,17530,36326,14540,13627,28167,9696,8440,18136,5594,5858,11452,2795,5091,7886,714,2540,3254,111411,110112,221523
2021-03-27,5344,5025,10369,9777,9866,19643,21469,21227,42696,23000,21227,44227,18902,17643,36545,14621,13697,28318,9753,8496,18249,5620,5882,11502,2807,5104,7911,715,2544,3259,112008,110711,222719
2021-03-28,5362,5038,10400,9837,9928,19765,21562,21321,42883,23120,21337,44457,19015,17732,36747,14706,13772,28478,9799,8543,18342,5650,5908,11558,2814,5113,7927,716,2546,3262,112581,111238,223819
2021-03-29,5398,5066,10464,9929,10019,19948,21723,21479,43202,23267,21498,44765,19153,17866,37019,14833,13867,28700,9900,8591,18491,5691,5947,11638,2821,5126,7947,719,2551,3270,113434,112010,225444
2021-03-30,5416,5093,10509,10033,10105,20138,21912,21678,43590,23462,21663,45125,19316,18017,37333,14956,13984,28940,9974,8652,18626,5727,5990,11717,2834,5145,7979,726,2557,3283,114356,112884,227240
2021-03-31,5446,5118,10564,10131,10191,20322,22145,21892,44037,23670,21833,45503,19500,18165,37665,15062,14099,29161,10046,8714,18760,5755,6025,11780,2845,5162,8007,729,2564,3293,115329,113763,229092
2021-04-01,5465,5134,10599,10241,10308,20549,22386,22104,44490,23855,22019,45874,19628,18316,37944,15184,14203,29387,10132,8797,18929,5786,6061,11847,2854,5170,8024,732,2565,3297,116263,114677,230940
2021-04-02,5487,5161,10648,10341,10423,20764,22534,22262,44796,24031,22162,46193,19761,18438,38199,15279,14298,29577,10207,8858,19065,5821,6099,11920,2862,5181,8043,734,2566,3300,117057,115448,232505
2021-04-03,5506,5185,10691,10430,10502,20932,22681,22410,45091,24216,22338,46554,19919,18602,38521,15400,14406,29806,10281,8934,19215,5858,6134,11992,2876,5197,8073,737,2572,3309,117904,116280,234184
2021-04-04,5532,5204,10736,10530,10594,21124,22848,22582,45430,24388,22481,46869,20088,18739,38827,15512,14517,30029,10362,9002,19364,5887,6172,12059,2882,5209,8091,739,2575,3314,118768,117075,235843
2021-04-05,5570,5245,10815,10685,10731,21416,23127,22865,45992,24656,22770,47426,20295,18960,39255,15701,14708,30409,10479,9097,19576,5943,6230,12173,2897,5234,8131,739,2581,3320,120092,118421,238513
2021-04-06,5610,5277,10887,10811,10884,21695,23436,23122,46558,24927,23031,47958,20523,19197,39720,15882,14875,30757,10576,9186,19762,5989,6276,12265,2921,5251,8172,744,2587,3331,121419,119686,241105
2021-04-07,5649,5330,10979,10977,11043,22020,23761,23444,47205,25247,23268,48515,20763,19430,40193,16066,15032,31098,10674,9288,19962,6034,6322,12356,2938,5269,8207,748,2593,3341,122857,121019,243876
2021-04-08,5690,5381,11071,11135,11179,22314,24048,23730,47778,25515,23548,49063,20979,19654,40633,16263,15206,31469,10763,9371,20134,6086,6372,12458,2955,5292,8247,750,2597,3347,124184,122330,246514
2021-04-09,5745,5426,11171,11285,11312,22597,24290,24010,48300,25795,23817,49612,21209,19875,41084,16397,15356,31753,10840,9461,20301,6125,6414,12539,2974,5310,8284,754,2604,3358,125414,123585,248999
2021-04-10,5785,5456,11241,11412,11429,22841,24486,24249,48735,25993,24043,50036,21397,20047,41444,16527,15485,32012,10939,9545,20484,6168,6447,12615,2987,5331,8318,756,2610,3366,126450,124642,251092
2021-04-11,5814,5486,11300,11519,11573,23092,24632,24381,49013,26201,24248,50449,21572,20233,41805,16646,15610,32256,11030,9631,20661,6218,6501,12719,2998,5346,8344,758,2619,3377,127388,125628,253016
2021-04-12,5874,5529,11403,11685,11729,23414,24897,24620,49517,26504,24488,50992,21806,20471,42277,16830,15778,32608,11170,9756,20926,6291,6569,12860,3014,5373,8387,760,2624,3384,128831,126937,255768
2021-04-13,5920,5567,11487,11821,11852,23673,25116,24874,49990,26774,24725,51499,22038,20691,42729,17006,15953,32959,11293,9867,21160,6349,6632,12981,3034,5399,8433,766,2632,3398,130117,128192,258309
2021-04-14,5957,5629,11586,11968,11993,23961,25354,25156,50510,27019,24964,51983,22282,20931,43213,17214,16131,33345,11420,10005,21425,6422,6695,13117,3045,5420,8465,769,2643,3412,131450,129567,261017
2021-04-15,6003,5670,11673,12093,12095,24188,25575,25377,50952,27253,25205,52458,22503,21122,43625,17412,16287,33699,11534,10120,21654,6482,6754,13236,3059,5446,8505,772,2649,3421,132686,130725,263411
2021-04-16,6047,5711,11758,12236,12215,24451,25762,25603,51365,27516,25480,52996,22779,21362,44141,17608,16446,34054,11676,10242,21918,6547,6821,13368,3078,5468,8546,775,2657,3432,134024,132005,266029
2021-04-17,6083,5740,11823,12331,12323,24654,25945,25845,51790,27723,25710,53433,22999,21533,44532,17764,16598,34362,11788,10352,22140,6617,6895,13512,3089,5491,8580,778,2668,3446,135117,133155,268272
2021-04-18,6117,5778,11895,12417,12415,24832,26097,26002,52099,27923,25909,53832,23187,21706,44893,17937,16723,34660,11888,10448,22336,6666,6936,13602,3104,5512,8616,780,2675,3455,136116,134104,270220
2021-04-19,6162,5827,11989,12543,12536,25079,26358,26249,52607,28254,26193,54447,23449,22007,45456,18139,16915,35054,12041,10580,22621,6739,7000,13739,3123,5535,8658,781,2681,3462,137589,135523,273112
2021-04-20,6229,5885,12114,12668,12666,25334,26596,26488,53084,28539,26487,55026,23724,22268,45992,18345,17077,35422,12195,10710,22905,6798,7068,13866,3143,5570,8713,786,2686,3472,139023,136905,275928
2021-04-21,6274,5927,12201,12799,12797,25596,26822,26745,53567,28819,26761,55580,24000,22509,46509,18537,17260,35797,12330,10841,23171,6867,7138,14005,3172,5597,8769,788,2698,3486,140408,138273,278681
2021-04-22,6329,5977,12306,12927,12944,25871,27005,26931,53936,29076,27007,56083,24224,22728,46952,18702,17421,36123,12443,10959,23402,6926,7202,14128,3189,5619,8808,792,2711,3503,141613,139499,281112
2021-04-23,6387,6025,12412,13056,13076,26132,27220,27129,54349,29349,27256,56605,24446,22986,47432,18869,17595,36464,12556,11058,23614,6969,7272,14241,3206,5641,8847,796,2723,3519,142854,140761,283615
2021-04-24,6419,6058,12477,13142,13156,26298,27352,27269,54621,29501,27438,56939,24649,23171,47820,19027,17715,36742,12653,11130,23783,7002,7315,14317,3217,5666,8883,797,2733,3530,143759,141651,285410
2021-04-25,6459,6082,12541,13219,13235,26454,27469,27406,54875,29672,27610,57282,24811,23342,48153,19183,17833,37016,12731,11213,23944,7043,7354,14397,3228,5685,8913,798,2734,3532,144613,142494,287107
2021-04-26,6518,6118,12636,13310,13343,26653,27647,27625,55272,29933,27846,57779,25033,23572,48605,19367,17985,37352,12842,11320,24162,7094,7421,14515,3240,5707,8947,802,2743,3545,145786,143680,289466
2021-04-27,6568,6174,12742,13423,13461,26884,27822,27810,55632,30166,28093,58259,25230,23799,49029,19517,18147,37664,12946,11416,24362,7161,7488,14649,3267,5731,8998,807,2747,3554,146907,144866,291773
2021-04-28,6642,6211,12853,13558,13580,27138,28002,27967,55969,30393,28310,58703,25432,24017,49449,19677,18320,37997,13072,11522,24594,7218,7534,14752,3281,5754,9035,811,2755,3566,148086,145970,294056
2021-04-29,6687,6257,12944,13672,13702,27374,28195,28172,56367,30591,28540,59131,25643,24211,49854,19823,18462,38285,13181,11634,24815,7268,7592,14860,3298,5773,9071,813,2760,3573,149171,147103,296274
2021-04-30,6754,6315,13069,13783,13811,27594,28373,28369,56742,30793,28779,59572,25850,24413,50263,19982,18613,38595,13287,11761,25048,7324,7654,14978,3314,5790,9104,819,2767,3586,150279,148272,298551
2021-05-01,6794,6345,13139,13856,13880,27736,28492,28486,56978,30936,28945,59881,25988,24564,50552,20092,18716,38808,13384,11842,25226,7356,7692,15048,3320,5811,9131,819,2773,3592,151037,149054,300091
2021-05-02,6821,6372,13193,13926,13950,27876,28594,28600,57194,31067,29096,60163,26144,24712,50856,20199,18833,39032,13471,11922,25393,7390,7737,15127,3333,5830,9163,820,2777,3597,151765,149829,301594
2021-05-03,6887,6424,13311,14037,14081,28118,28778,28788,57566,31329,29350,60679,26379,24945,51324,20381,19026,39407,13607,12037,25644,7438,7792,15230,3355,5861,9216,827,2790,3617,153018,151094,304112
2021-05-04,6935,6485,13420,14142,14199,28341,28983,28954,57937,31559,29567,61126,26588,25134,51722,20545,19173,39718,13723,12127,25850,7486,7839,15325,3372,5882,9254,831,2803,3634,154164,152163,306327
2021-05-05,6983,6539,13522,14246,14288,28534,29157,29121,58278,31756,29769,61525,26758,25329,52087,20681,19337,40018,13818,12216,26034,7515,7888,15403,3386,5908,9294,836,2811,3647,155136,153206,308342
2021-05-06,7027,6584,13611,14323,14375,28698,29301,29301,58602,31934,29941,61875,26910,25492,52402,20814,19457,40271,13909,12299,26208,7557,7931,15488,3395,5927,9322,836,2822,3658,156006,154129,310135
2021-05-07,7066,6638,13704,14442,14471,28913,29448,29472,58920,32114,30127,62241,27076,25647,52723,20944,19598,40542,14002,12402,26404,7601,7972,15573,3413,5946,9359,840,2830,3670,156946,155103,312049
2021-05-08,7098,6659,13757,14509,14539,29048,29571,29587,59158,32255,30264,62519,27210,25804,53014,21055,19706,40761,14076,12467,26543,7640,8005,15645,3423,5965,9388,848,2843,3691,157685,155839,313524
2021-05-09,7129,6694,13823,14576,14601,29177,29674,29674,59348,32378,30400,62778,27340,25937,53277,21138,19790,40928,14149,12533,26682,7670,8039,15709,3433,5981,9414,852,2853,3705,158339,156502,314841
2021-05-10,7177,6749,13926,14705,14725,29430,29864,29895,59759,32619,30643,63262,27559,26157,53716,21326,19984,41310,14272,12664,26936,7732,8095,15827,3456,6021,9477,855,2864,3719,159565,157797,317362
2021-05-11,7232,6799,14031,14816,14817,29633,30036,30103,60139,32850,30862,63712,27781,26375,54156,21482,20134,41616,14370,12760,27130,7780,8143,15923,3466,6048,9514,863,2879,3742,160676,158920,319596
2021-05-12,7289,6858,14147,14908,14919,29827,30220,30292,60512,33086,31098,64184,27999,26578,54577,21644,20295,41939,14473,12843,27316,7827,8189,16016,3483,6082,9565,870,2889,3759,161799,160043,321842
2021-05-13,7353,6885,14238,15001,15012,30013,30379,30451,60830,33275,31286,64561,28186,26756,54942,21795,20458,42253,14546,12914,27460,7869,8238,16107,3497,6103,9600,874,2898,3772,162775,161001,323776
2021-05-14,7421,6937,14358,15117,15154,30271,30570,30664,61234,33518,31562,65080,28428,26972,55400,21976,20626,42602,14631,13026,27657,7924,8304,16228,3516,6125,9641,876,2906,3782,163977,162276,326253
2021-05-15,7480,6977,14457,15211,15266,30477,30715,30811,61526,33690,31715,65405,28615,27154,55769,22115,20763,42878,14718,13091,27809,7956,8350,16306,3530,6147,9677,877,2915,3792,164907,163189,328096
2021-05-16,7509,7014,14523,15283,15340,30623,30832,30959,61791,33867,31884,65751,28799,27332,56131,22252,20862,43114,14796,13164,27960,7995,8393,16388,3541,6158,9699,880,2928,3808,165754,164034,329788
2021-05-17,7590,7073,14663,15435,15489,30924,31083,31212,62295,34161,32163,66324,29078,27641,56719,22468,21094,43562,14928,13277,28205,8058,8468,16526,3576,6198,9774,887,2942,3829,167264,165557,332821
2021-05-18,7671,7139,14810,15580,15608,31188,31323,31470,62793,34462,32437,66899,29323,27888,57211,22657,21305,43962,15046,13395,28441,8121,8522,16643,3596,6230,9826,890,2963,3853,168669,166957,335626
2021-05-19,7744,7208,14952,15727,15754,31481,31580,31730,63310,34748,32708,67456,29603,28147,57750,22842,21478,44320,15169,13496,28665,8168,8588,16756,3619,6262,9881,892,2969,3861,170092,168340,338432
2021-05-20,7809,7261,15070,15851,15890,31741,31812,31996,63808,35020,32971,67991,29830,28392,58222,23008,21630,44638,15260,13601,28861,8231,8647,16878,3635,6307,9942,894,2978,3872,171350,169673,341023
2021-05-21,7871,7326,15197,15979,16010,31989,32021,32228,64249,35253,33218,68471,30062,28618,58680,23197,21806,45003,15349,13693,29042,8271,8694,16965,3657,6340,9997,897,2985,3882,172557,170918,343475
2021-05-22,7917,7353,15270,16052,16100,32152,32153,32371,64524,35461,33392,68853,30220,28781,59001,23338,21946,45284,15429,13761,29190,8301,8734,17035,3670,6376,10046,901,3003,3904,173442,171817,345259
2021-05-23,7942,7386,15328,16131,16200,32331,32304,32495,64799,35630,33557,69187,30399,28925,59324,23483,22065,45548,15510,13810,29320,8335,8771,17106,3689,6397,10086,904,3010,3914,174327,172616,346943
2021-05-24,7995,7412,15407,16232,16318,32550,32498,32687,65185,35890,33780,69670,30672,29156,59828,23660,22236,45896,15615,13892,29507,8377,8811,17188,3710,6425,10135,906,3020,3926,175555,173737,349292
2021-05-25,8040,7452,15492,16337,16408,32745,32673,32883,65556,36138,34006,70144,30921,29374,60295,23815,22403,46218,15703,13958,29661,8412,8858,17270,3728,6457,10185,906,3028,3934,176673,174827,351500
2021-05-26,8096,7516,15612,16469,16530,32999,32904,33131,66035,36431,34264,70695,31194,29632,60826,24020,22583,46603,15818,14069,29887,8469,8918,17387,3751,6497,10248,910,3044,3954,178062,176184,354246
2021-05-27,8163,7574,15737,16575,16649,33224,33116,33339,66455,36692,34516,71208,31429,29879,61308,24208,22757,46965,15924,14160,30084,8518,8967,17485,3773,6532,10305,914,3061,3975,179312,177434,356746
2021-05-28,8222,7623,15845,16718,16763,33481,33315,33537,66852,36911,34771,71682,31662,30091,61753,24383,22925,47308,16012,14264,30276,8557,9007,17564,3790,6572,10362,922,3072,3994,180492,178625,359117
2021-05-29,8273,7671,15944,16805,16862,33667,33444,33689,67133,37083,34942,72025,31819,30260,62079,24487,23065,47552,16092,14337,30429,8595,9052,17647,3810,6587,10397,923,3083,4006,181331,179548,360879
2021-05-30,8303,7698,16001,16875,16928,33803,33556,33816,67372,37219,35074,72293,31959,30414,62373,24564,23162,47726,16140,14383,30523,8619,9083,17702,3821,6609,10430,923,3085,4008,181979,180252,362231
2021-05-31,8355,7753,16108,16989,17043,34032,33736,33998,67734,37430,35301,72731,32140,30654,62794,24717,23318,48035,16219,14474,30693,8669,9136,17805,3842,6634,10476,924,3097,4021,183021,181408,364429
2021-06-01,8399,7799,16198,17078,17136,34214,33910,34167,68077,37617,35487,73104,32309,30853,63162,24860,23438,48298,16296,14544,30840,8705,9188,17893,3856,6661,10517,930,3108,4038,183960,182381,366341
2021-06-02,8439,7839,16278,17167,17211,34378,34038,34309,68347,37779,35654,73433,32450,30997,63447,24966,23542,48508,16367,14617,30984,8744,9231,17975,3872,6688,10560,936,3118,4054,184758,183206,367964
2021-06-03,8487,7882,16369,17259,17303,34562,34184,34459,68643,37935,35819,73754,32600,31140,63740,25063,23672,48735,16426,14671,31097,8783,9269,18052,3883,6713,10596,939,3130,4069,185559,184058,369617
2021-06-04,8540,7937,16477,17340,17410,34750,34318,34605,68923,38118,35977,74095,32743,31273,64016,25169,23804,48973,16479,14733,31212,8817,9307,18124,3894,6737,10631,941,3140,4081,186359,184923,371282
2021-06-05,8574,7974,16548,17398,17471,34869,34415,34692,69107,38247,36091,74338,32869,31399,64268,25262,23886,49148,16534,14779,31313,8840,9339,18179,3907,6771,10678,948,3157,4105,186994,185559,372553
2021-06-06,8613,8005,16618,17458,17518,34976,34503,34787,69290,38355,36198,74553,32993,31507,64500,25339,23961,49300,16573,14821,31394,8865,9367,18232,3915,6793,10708,952,3164,4116,187566,186121,373687
2021-06-07,8652,8045,16697,17553,17599,35152,34662,34935,69597,38521,36381,74902,33160,31684,64844,25470,24091,49561,16644,14872,31516,8903,9417,18320,3943,6814,10757,956,3175,4131,188464,187013,375477
2021-06-08,8692,8093,16785,17658,17674,35332,34807,35049,69856,38641,36536,75177,33303,31839,65142,25588,24195,49783,16693,14934,31627,8937,9452,18389,3959,6836,10795,958,3184,4142,189236,187792,377028
2021-06-09,8738,8122,16860,17732,17761,35493,34933,35172,70105,38789,36676,75465,33454,31964,65418,25702,24300,50002,16747,14978,31725,8975,9478,18453,3982,6854,10836,959,3190,4149,190011,188495,378506
2021-06-10,8781,8170,16951,17822,17861,35683,35076,35316,70392,38957,36831,75788,33621,32116,65737,25814,24402,50216,16804,15038,31842,9004,9514,18518,3996,6872,10868,963,3200,4163,190838,189320,380158
2021-06-11,8828,8206,17034,17909,17935,35844,35222,35436,70658,39101,36977,76078,33746,32266,66012,25911,24506,50417,16862,15094,31956,9035,9548,18583,4009,6902,10911,968,3209,4177,191591,190079,381670
2021-06-12,8861,8239,17100,17961,17994,35955,35300,35518,70818,39189,37067,76256,33847,32364,66211,25976,24562,50538,16891,15133,32024,9060,9568,18628,4016,6912,10928,970,3218,4188,192071,190575,382646
2021-06-13,8899,8276,17175,18007,18057,36064,35385,35605,70990,39276,37171,76447,33953,32444,66397,26047,24624,50671,16926,15170,32096,9083,9593,18676,4028,6933,10961,971,3226,4197,192575,191099,383674
2021-06-14,8944,8327,17271,18090,18146,36236,35521,35734,71255,39454,37365,76819,34127,32575,66702,26142,24700,50842,16983,15240,32223,9110,9637,18747,4039,6962,11001,974,3234,4208,193384,191920,385304
2021-06-15,8983,8358,17341,18180,18213,36393,35633,35855,71488,39587,37481,77068,34250,32712,66962,26231,24786,51017,17042,15282,32324,9140,9675,18815,4055,6988,11043,979,3253,4232,194080,192603,386683
2021-06-16,9021,8397,17418,18240,18285,36525,35747,35962,71709,39712,37620,77332,34376,32830,67206,26304,24856,51160,17088,15327,32415,9170,9695,18865,4062,6997,11059,984,3258,4242,194704,193227,387931
2021-06-17,9053,8426,17479,18317,18353,36670,35847,36061,71908,39847,37750,77597,34493,32968,67461,26382,24922,51304,17142,15384,32526,9206,9738,18944,4077,7020,11097,986,3267,4253,195350,193889,389239
2021-06-18,9088,8465,17553,18381,18422,36803,35938,36163,72101,39973,37853,77826,34590,33070,67660,26454,24993,51447,17180,15427,32607,9234,9770,19004,4081,7038,11119,989,3271,4260,195908,194472,390380
2021-06-19,9119,8496,17615,18428,18473,36901,35991,36222,72213,40061,37940,78001,34657,33153,67810,26514,25042,51556,17208,15461,32669,9255,9795,19050,4089,7050,11139,990,3272,4262,196312,194904,391216
2021-06-20,9137,8510,17647,18474,18518,36992,36046,36287,72333,40136,38011,78147,34728,33222,67950,26568,25084,51652,17228,15483,32711,9265,9807,19072,4095,7058,11153,993,3274,4267,196670,195254,391924
2021-06-21,9171,8540,17711,18533,18571,37104,36127,36359,72486,40229,38137,78366,34824,33311,68135,26617,25152,51769,17264,15514,32778,9285,9826,19111,4100,7070,11170,994,3279,4273,197144,195759,392903
2021-06-22,9220,8592,17812,18623,18655,37278,36234,36487,72721,40382,38304,78686,34971,33460,68431,26702,25227,51929,17322,15570,32892,9315,9857,19172,4111,7083,11194,994,3283,4277,197874,196518,394392
2021-06-23,9265,8630,17895,18696,18729,37425,36349,36593,72942,40498,38431,78929,35103,33573,68676,26786,25293,52079,17376,15606,32982,9340,9880,19220,4119,7092,11211,994,3285,4279,198526,197112,395638
2021-06-24,9310,8662,17972,18765,18804,37569,36459,36718,73177,40643,38587,79230,35229,33703,68932,26870,25381,52251,17420,15651,33071,9365,9920,19285,4127,7106,11233,999,3290,4289,199187,197822,397009
2021-06-25,9353,8711,18064,18863,18880,37743,36566,36864,73430,40789,38732,79521,35349,33830,69179,26953,25460,52413,17470,15714,33184,9388,9959,19347,4134,7126,11260,1001,3296,4297,199866,198572,398438
2021-06-26,9381,8742,18123,18921,18932,37853,36642,36950,73592,40891,38809,79700,35434,33913,69347,27011,25530,52541,17502,15739,33241,9409,9978,19387,4140,7139,11279,1002,3303,4305,200333,199035,399368
2021-06-27,9404,8769,18173,18964,18978,37942,36705,37018,73723,40968,38886,79854,35515,33989,69504,27047,25573,52620,17532,15767,33299,9420,9994,19414,4142,7146,11288,1003,3307,4310,200700,199427,400127
2021-06-28,9447,8816,18263,19025,19049,38074,36799,37110,73909,41077,39014,80091,35631,34101,69732,27101,25634,52735,17583,15803,33386,9441,10015,19456,4149,7159,11308,1003,3313,4316,201256,200014,401270
2021-06-29,9478,8857,18335,19094,19105,38199,36879,37194,74073,41194,39124,80318,35730,34205,69935,27156,25689,52845,17617,15848,33465,9464,10040,19504,4157,7175,11332,1005,3318,4323,201774,200555,402329
2021-06-30,9512,8896,18408,19178,19167,38345,36959,37296,74255,41310,39229,80539,35812,34312,70124,27216,25746,52962,17648,15883,33531,9485,10073,19558,4164,7186,11350,1008,3321,4329,202292,201109,403401
2021-07-01,9542,8918,18460,19249,19231,38480,37055,37400,74455,41411,39338,80749,35900,34398,70298,27277,25819,53096,17685,15927,33612,9509,10091,19600,4170,7196,11366,1008,3324,4332,202806,201642,404448
2021-07-02,9581,8953,18534,19322,19294,38616,37128,37488,74616,41515,39451,80966,36005,34485,70490,27339,25878,53217,17715,15961,33676,9527,10120,19647,4175,7202,11377,1008,3329,4337,203315,202161,405476
2021-07-03,9609,8975,18584,19365,19337,38702,37185,37563,74748,41585,39527,81112,36087,34546,70633,27379,25924,53303,17744,15991,33735,9539,10134,19673,4180,7208,11388,1008,3332,4340,203681,202537,406218
2021-07-04,9632,8987,18619,19388,19381,38769,37259,37605,74864,41659,39577,81236,36146,34603,70749,27421,25966,53387,17766,16015,33781,9557,10147,19704,4185,7213,11398,1008,3336,4344,204021,202830,406851
2021-07-05,9674,9013,18687,19449,19445,38894,37350,37693,75043,41795,39682,81477,36252,34703,70955,27477,26027,53504,17810,16056,33866,9584,10172,19756,4193,7223,11416,1011,3338,4349,204595,203352,407947
2021-07-06,9712,9049,18761,19510,19488,38998,37437,37780,75217,41903,39776,81679,36348,34807,71155,27533,26062,53595,17844,16089,33933,9610,10193,19803,4201,7232,11433,1015,3340,4355,205113,203816,408929
2021-07-07,9746,9080,18826,19566,19544,39110,37535,37860,75395,42005,39862,81867,36431,34884,71315,27580,26106,53686,17866,16109,33975,9628,10219,19847,4215,7237,11452,1016,3340,4356,205588,204241,409829
2021-07-08,9779,9111,18890,19640,19605,39245,37639,37959,75598,42117,39996,82113,36533,34965,71498,27624,26184,53808,17900,16139,34039,9644,10236,19880,4217,7244,11461,1018,3343,4361,206111,204782,410893
2021-07-09,9806,9128,18934,19700,19651,39351,37710,38030,75740,42189,40066,82255,36603,35037,71640,27657,26226,53883,17919,16162,34081,9660,10249,19909,4219,7249,11468,1019,3344,4363,206482,205142,411624
2021-07-10,9832,9147,18979,19735,19693,39428,37778,38114,75892,42246,40137,82383,36681,35108,71789,27701,26276,53977,17941,16195,34136,9685,10275,19960,4223,7259,11482,1021,3346,4367,206843,205550,412393
2021-07-11,9847,9170,19017,19781,19731,39512,37823,38183,76006,42322,40207,82529,36744,35171,71915,27736,26306,54042,17962,16216,34178,9697,10289,19986,4227,7263,11490,1021,3346,4367,207160,205882,413042
2021-07-12,9882,9200,19082,19837,19783,39620,37919,38281,76200,42427,40304,82731,36836,35267,72103,27799,26369,54168,17999,16247,34246,9728,10314,20042,4234,7271,11505,1021,3349,4370,207682,206385,414067
2021-07-13,9912,9238,19150,19895,19833,39728,38013,38369,76382,42494,40387,82881,36907,35349,72256,27848,26404,54252,18030,16272,34302,9747,10333,20080,4240,7284,11524,1024,3356,4380,208110,206825,414935
2021-07-14,9943,9259,19202,19951,19887,39838,38104,38464,76568,42577,40486,83063,36970,35427,72397,27898,26456,54354,18058,16302,34360,9769,10349,20118,4241,7292,11533,1024,3361,4385,208535,207283,415818
2021-07-15,9967,9276,19243,20009,19949,39958,38198,38566,76764,42675,40569,83244,37041,35506,72547,27943,26500,54443,18085,16334,34419,9783,10369,20152,4245,7295,11540,1025,3363,4388,208971,207727,416698
2021-07-16,10002,9296,19298,20063,20001,40064,38281,38654,76935,42760,40666,83426,37104,35578,72682,27973,26547,54520,18114,16371,34485,9807,10396,20203,4247,7308,11555,1026,3365,4391,209377,208182,417559
2021-07-17,10033,9309,19342,20106,20043,40149,38357,38710,77067,42822,40727,83549,37149,35643,72792,28012,26581,54593,18132,16389,34521,9819,10412,20231,4253,7309,11562,1027,3366,4393,209710,208489,418199
2021-07-18,10043,9322,19365,20138,20074,40212,38408,38760,77168,42864,40780,83644,37192,35683,72875,28030,26605,54635,18148,16403,34551,9827,10424,20251,4261,7315,11576,1027,3366,4393,209938,208732,418670
2021-07-19,10058,9346,19404,20188,20118,40306,38483,38839,77322,42942,40858,83800,37270,35757,73027,28076,26649,54725,18171,16425,34596,9836,10445,20281,4266,7321,11587,1029,3369,4398,210319,209127,419446
2021-07-20,10077,9373,19450,20232,20151,40383,38543,38914,77457,43008,40929,83937,37337,35812,73149,28114,26683,54797,18192,16443,34635,9850,10455,20305,4270,7326,11596,1029,3370,4399,210652,209456,420108
2021-07-21,10104,9389,19493,20274,20206,40480,38617,38986,77603,43075,40991,84066,37378,35890,73268,28158,26728,54886,18215,16465,34680,9858,10471,20329,4274,7329,11603,1031,3370,4401,210984,209825,420809
2021-07-22,10119,9406,19525,20325,20253,40578,38696,39050,77746,43145,41074,84219,37438,35943,73381,28188,26772,54960,18260,16486,34746,9876,10480,20356,4277,7336,11613,1033,3370,4403,211357,210170,421527
2021-07-23,10135,9424,19559,20375,20309,40684,38775,39134,77909,43217,41142,84359,37496,36004,73500,28228,26806,55034,18288,16514,34802,9886,10500,20386,4279,7344,11623,1034,3371,4405,211713,210548,422261
2021-07-24,10148,9432,19580,20415,20348,40763,38832,39179,78011,43271,41198,84469,37543,36056,73599,28252,26838,55090,18313,16530,34843,9897,10508,20405,4281,7347,11628,1034,3372,4406,211986,210808,422794
2021-07-25,10156,9444,19600,20446,20384,40830,38879,39232,78111,43326,41241,84567,37583,36098,73681,28275,26863,55138,18333,16538,34871,9909,10519,20428,4283,7353,11636,1034,3375,4409,212224,211047,423271
2021-07-26,10177,9461,19638,20500,20433,40933,38972,39339,78311,43411,41313,84724,37637,36167,73804,28314,26908,55222,18362,16567,34929,9929,10537,20466,4288,7364,11652,1034,3376,4410,212624,211465,424089
2021-07-27,10196,9472,19668,20540,20483,41023,39042,39427,78469,43493,41388,84881,37693,36218,73911,28352,26949,55301,18384,16583,34967,9939,10550,20489,4288,7368,11656,1035,3377,4412,212962,211815,424777
2021-07-28,10209,9488,19697,20583,20527,41110,39094,39500,78594,43549,41451,85000,37740,36269,74009,28376,26978,55354,18399,16607,35006,9947,10561,20508,4291,7370,11661,1035,3379,4414,213223,212130,425353
2021-07-29,10236,9499,19735,20628,20564,41192,39165,39559,78724,43607,41514,85121,37779,36317,74096,28403,27010,55413,18419,16630,35049,9954,10570,20524,4295,7377,11672,1037,3382,4419,213523,212422,425945
2021-07-30,10262,9515,19777,20674,20620,41294,39228,39631,78859,43655,41580,85235,37836,36378,74214,28444,27043,55487,18443,16660,35103,9963,10585,20548,4298,7389,11687,1039,3384,4423,213842,212785,426627
2021-07-31,10275,9538,19813,20704,20656,41360,39272,39683,78955,43690,41638,85328,37878,36418,74296,28481,27077,55558,18455,16672,35127,9979,10593,20572,4299,7392,11691,1039,3385,4424,214072,213052,427124
2021-08-01,10290,9551,19841,20734,20689,41423,39309,39715,79024,43736,41681,85417,37921,36470,74391,28510,27114,55624,18477,16686,35163,9987,10604,20591,4303,7396,11699,1040,3385,4425,214307,213291,427598
2021-08-02,10317,9575,19892,20805,20765,41570,39381,39796,79177,43795,41738,85533,37978,36537,74515,28570,27166,55736,18503,16713,35216,9998,10626,20624,4305,7402,11707,1041,3388,4429,214693,213706,428399
2021-08-03,10333,9590,19923,20858,20836,41694,39461,39847,79308,43853,41802,85655,38044,36590,74634,28607,27199,55806,18528,16737,35265,10013,10645,20658,4310,7405,11715,1042,3391,4433,215049,214042,429091
2021-08-04,10356,9600,19956,20901,20875,41776,39541,39917,79458,43909,41868,85777,38082,36638,74720,28645,27240,55885,18542,16756,35298,10030,10657,20687,4316,7407,11723,1044,3392,4436,215366,214350,429716
2021-08-05,10374,9614,19988,20954,20948,41902,39605,39991,79596,43970,41928,85898,38134,36692,74826,28689,27280,55969,18563,16774,35337,10039,10676,20715,4320,7414,11734,1047,3397,4444,215695,214714,430409
2021-08-06,10387,9639,20026,21006,21013,42019,39661,40068,79729,44036,41983,86019,38191,36755,74946,28730,27327,56057,18590,16797,35387,10057,10691,20748,4323,7419,11742,1047,3397,4444,216028,215089,431117
2021-08-07,10399,9654,20053,21036,21042,42078,39693,40119,79812,44074,42026,86100,38225,36795,75020,28759,27349,56108,18600,16816,35416,10064,10699,20763,4323,7422,11745,1048,3397,4445,216221,215319,431540
2021-08-08,10408,9676,20084,21064,21075,42139,39729,40156,79885,44110,42063,86173,38259,36834,75093,28782,27375,56157,18611,16829,35440,10068,10709,20777,4323,7423,11746,1048,3397,4445,216402,215537,431939
2021-08-09,10419,9699,20118,21112,21125,42237,39782,40205,79987,44162,42108,86270,38297,36869,75166,28823,27406,56229,18631,16845,35476,10076,10724,20800,4326,7426,11752,1048,3397,4445,216676,215804,432480
2021-08-10,10447,9717,20164,21154,21187,42341,39834,40251,80085,44205,42165,86370,38328,36912,75240,28857,27433,56290,18653,16874,35527,10086,10732,20818,4329,7429,11758,1048,3398,4446,216941,216098,433039
2021-08-11,10466,9737,20203,21197,21240,42437,39886,40304,80190,44247,42207,86454,38364,36952,75316,28879,27483,56362,18671,16892,35563,10097,10741,20838,4330,7436,11766,1048,3399,4447,217185,216391,433576
2021-08-12,10486,9755,20241,21244,21293,42537,39931,40348,80279,44291,42254,86545,38405,36979,75384,28898,27506,56404,18684,16912,35596,10105,10758,20863,4332,7444,11776,1048,3399,4447,217424,216648,434072
2021-08-13,10504,9783,20287,21290,21339,42629,39967,40380,80347,44334,42299,86633,38440,37016,75456,28919,27535,56454,18699,16925,35624,10109,10767,20876,4334,7452,11786,1050,3402,4452,217646,216898,434544
2021-08-14,10517,9794,20311,21320,21366,42686,39993,40412,80405,44375,42343,86718,38455,37040,75495,28939,27555,56494,18715,16932,35647,10118,10774,20892,4336,7454,11790,1050,3402,4452,217818,217072,434890
2021-08-15,10529,9802,20331,21340,21399,42739,40007,40442,80449,44404,42367,86771,38478,37063,75541,28966,27572,56538,18727,16938,35665,10128,10777,20905,4336,7455,11791,1051,3402,4453,217966,217217,435183
2021-08-16,10548,9810,20358,21371,21425,42796,40036,40482,80518,44431,42399,86830,38509,37094,75603,28983,27586,56569,18732,16950,35682,10130,10783,20913,4339,7459,11798,1051,3402,4453,218130,217390,435520
2021-08-17,10566,9825,20391,21434,21469,42903,40085,40524,80609,44473,42438,86911,38558,37138,75696,29003,27603,56606,18747,16967,35714,10138,10793,20931,4343,7465,11808,1051,3403,4454,218398,217625,436023
2021-08-18,10590,9843,20433,21489,21506,42995,40133,40557,80690,44519,42484,87003,38586,37181,75767,29032,27628,56660,18766,16986,35752,10144,10802,20946,4345,7469,11814,1051,3403,4454,218655,217859,436514
2021-08-19,10611,9855,20466,21543,21543,43086,40173,40590,80763,44556,42520,87076,38614,37220,75834,29046,27651,56697,18784,16998,35782,10149,10805,20954,4346,7473,11819,1051,3403,4454,218873,218058,436931
2021-08-20,10637,9874,20511,21584,21595,43179,40207,40623,80830,44588,42564,87152,38643,37267,75910,29071,27672,56743,18800,17019,35819,10160,10817,20977,4348,7483,11831,1052,3404,4456,219090,218318,437408
2021-08-21,10644,9883,20527,21614,21620,43234,40229,40653,80882,44608,42592,87200,38665,37298,75963,29087,27691,56778,18803,17023,35826,10165,10823,20988,4349,7485,11834,1052,3405,4457,219216,218473,437689
2021-08-22,10659,9900,20559,21634,21641,43275,40251,40673,80924,44627,42611,87238,38688,37325,76013,29098,27706,56804,18810,17028,35838,10171,10828,20999,4350,7487,11837,1052,3408,4460,219340,218607,437947
2021-08-23,10674,9916,20590,21666,21669,43335,40278,40701,80979,44663,42642,87305,38717,37356,76073,29115,27720,56835,18821,17042,35863,10181,10830,21011,4351,7489,11840,1054,3408,4462,219520,218773,438293
2021-08-24,10686,9933,20619,21706,21699,43405,40300,40731,81031,44692,42681,87373,38742,37381,76123,29130,27740,56870,18827,17049,35876,10190,10837,21027,4354,7492,11846,1054,3410,4464,219681,218953,438634
2021-08-25,10698,9946,20644,21743,21724,43467,40329,40754,81083,44716,42709,87425,38763,37422,76185,29148,27762,56910,18834,17056,35890,10192,10845,21037,4355,7497,11852,1055,3410,4465,219833,219125,438958
2021-08-26,10715,9965,20680,21779,21753,43532,40357,40795,81152,44739,42737,87476,38787,37441,76228,29161,27775,56936,18849,17057,35906,10198,10848,21046,4357,7501,11858,1056,3411,4467,219998,219283,439281
2021-08-27,10728,9980,20708,21819,21787,43606,40391,40818,81209,44758,42759,87517,38809,37469,76278,29175,27789,56964,18856,17064,35920,10199,10855,21054,4357,7511,11868,1057,3413,4470,220149,219445,439594
2021-08-28,10739,9988,20727,21837,21807,43644,40412,40846,81258,44772,42777,87549,38827,37488,76315,29192,27801,56993,18866,17071,35937,10205,10855,21060,4358,7511,11869,1057,3413,4470,220265,219557,439822
2021-08-29,10746,10002,20748,21867,21833,43700,40432,40866,81298,44794,42795,87589,38844,37505,76349,29200,27811,57011,18868,17077,35945,10206,10860,21066,4358,7511,11869,1057,3413,4470,220372,219673,440045
2021-08-30,10757,10017,20774,21897,21875,43772,40460,40893,81353,44818,42817,87635,38864,37538,76402,29210,27825,57035,18874,17087,35961,10211,10863,21074,4358,7513,11871,1058,3416,4474,220507,219844,440351
2021-08-31,10767,10024,20791,21937,21902,43839,40479,40919,81398,44851,42834,87685,38888,37567,76455,29219,27843,57062,18886,17093,35979,10215,10871,21086,4362,7515,11877,1058,3418,4476,220662,219986,440648
2021-09-01,10779,10040,20819,21974,21929,43903,40502,40947,81449,44874,42860,87734,38907,37598,76505,29230,27860,57090,18887,17102,35989,10220,10877,21097,4362,7518,11880,1058,3420,4478,220793,220151,440944
2021-09-02,10788,10054,20842,21997,21962,43959,40524,40972,81496,44897,42881,87778,38927,37621,76548,29243,27873,57116,18892,17106,35998,10222,10883,21105,4362,7522,11884,1059,3420,4479,220911,220294,441205
2021-09-03,10801,10072,20873,22032,21989,44021,40545,40989,81534,44911,42906,87817,38946,37650,76596,29257,27890,57147,18903,17115,36018,10229,10891,21120,4363,7525,11888,1059,3423,4482,221046,220450,441496
2021-09-04,10807,10080,20887,22044,22001,44045,40553,41001,81554,44925,42917,87842,38951,37665,76616,29259,27900,57159,18907,17117,36024,10231,10895,21126,4364,7530,11894,1059,3423,4482,221100,220529,441629
2021-09-05,10822,10095,20917,22064,22011,44075,40558,41011,81569,44939,42930,87869,38970,37675,76645,29266,27906,57172,18911,17120,36031,10232,10898,21130,4366,7531,11897,1059,3423,4482,221187,220600,441787
2021-09-06,10839,10106,20945,22087,22029,44116,40574,41030,81604,44963,42950,87913,38996,37692,76688,29275,27921,57196,18918,17126,36044,10237,10900,21137,4366,7532,11898,1059,3423,4482,221314,220709,442023
2021-09-07,10850,10117,20967,22104,22050,44154,40586,41042,81628,44982,42974,87956,39012,37703,76715,29283,27930,57213,18927,17130,36057,10238,10903,21141,4368,7534,11902,1059,3423,4482,221409,220806,442215
2021-09-08,10865,10131,20996,22123,22071,44194,40597,41059,81656,44998,42989,87987,39029,37719,76748,29291,27932,57223,18933,17133,36066,10241,10908,21149,4368,7535,11903,1059,3424,4483,221504,220901,442405
2021-09-09,10877,10139,21016,22139,22086,44225,40610,41072,81682,45015,43008,88023,39042,37734,76776,29305,27945,57250,18937,17135,36072,10243,10913,21156,4369,7536,11905,1059,3424,4483,221596,220992,442588
2021-09-10,10897,10154,21051,22157,22105,44262,40621,41084,81705,45041,43031,88072,39065,37752,76817,29317,27956,57273,18942,17140,36082,10245,10915,21160,4370,7537,11907,1059,3424,4483,221714,221098,442812
2021-09-11,10905,10160,21065,22171,22113,44284,40633,41091,81724,45053,43046,88099,39078,37770,76848,29323,27964,57287,18948,17143,36091,10245,10916,21161,4370,7537,11907,1059,3424,4483,221785,221164,442949
2021-09-12,10912,10172,21084,22184,22131,44315,40640,41102,81742,45063,43056,88119,39086,37781,76867,29324,27973,57297,18953,17145,36098,10245,10917,21162,4373,7538,11911,1059,3424,4483,221839,221239,443078
2021-09-13,10933,10187,21120,22208,22147,44355,40652,41115,81767,45080,43073,88153,39099,37800,76899,29332,27983,57315,18957,17153,36110,10248,10920,21168,4374,7541,11915,1059,3425,4484,221942,221344,443286
2021-09-14,10948,10200,21148,22222,22166,44388,40660,41125,81785,45092,43086,88178,39114,37817,76931,29340,27995,57335,18960,17154,36114,10254,10927,21181,4374,7541,11915,1059,3425,4484,222023,221436,443459
2021-09-15,10958,10216,21174,22240,22187,44427,40670,41129,81799,45109,43098,88207,39128,37836,76964,29345,28004,57349,18964,17159,36123,10258,10934,21192,4374,7541,11915,1059,3425,4484,222105,221529,443634
2021-09-16,10973,10230,21203,22262,22208,44470,40680,41136,81816,45123,43108,88231,39137,37852,76989,29351,28011,57362,18969,17163,36132,10261,10938,21199,4376,7541,11917,1059,3425,4484,222191,221612,443803
2021-09-17,10984,10243,21227,22273,22220,44493,40691,41145,81836,45137,43127,88264,39153,37867,77020,29360,28024,57384,18972,17170,36142,10264,10942,21206,4378,7541,11919,1059,3425,4484,222271,221704,443975
2021-09-18,10997,10248,21245,22281,22230,44511,40696,41150,81846,45144,43137,88281,39160,37879,77039,29366,28027,57393,18975,17171,36146,10264,10944,21208,4379,7541,11920,1059,3426,4485,222321,221753,444074
2021-09-19,11010,10254,21264,22286,22237,44523,40699,41158,81857,45151,43141,88292,39168,37890,77058,29369,28032,57401,18977,17172,36149,10268,10946,21214,4379,7542,11921,1059,3426,4485,222366,221798,444164
2021-09-20,11017,10262,21279,22305,22243,44548,40707,41164,81871,45156,43154,88310,39178,37901,77079,29374,28039,57413,18984,17177,36161,10268,10946,21214,4380,7543,11923,1059,3426,4485,222428,221855,444283
2021-09-21,11024,10271,21295,22322,22253,44575,40714,41170,81884,45171,43167,88338,39189,37910,77099,29382,28046,57428,18988,17179,36167,10272,10948,21220,4380,7544,11924,1059,3427,4486,222501,221915,444416
2021-09-22,11035,10277,21312,22333,22263,44596,40724,41174,81898,45184,43178,88362,39200,37924,77124,29384,28052,57436,18992,17179,36171,10274,10950,21224,4380,7545,11925,1059,3427,4486,222565,221969,444534
2021-09-23,11041,10281,21322,22344,22273,44617,40733,41184,81917,45196,43200,88396,39208,37932,77140,29395,28057,57452,18999,17186,36185,10274,10954,21228,4381,7548,11929,1059,3427,4486,222630,222042,444672
2021-09-24,11051,10287,21338,22357,22284,44641,40739,41192,81931,45212,43216,88428,39222,37944,77166,29403,28068,57471,19003,17189,36192,10275,10959,21234,4382,7549,11931,1060,3427,4487,222704,222115,444819
2021-09-25,11058,10294,21352,22366,22296,44662,40741,41197,81938,45218,43221,88439,39227,37958,77185,29405,28074,57479,19004,17191,36195,10277,10960,21237,4383,7550,11933,1060,3427,4487,222739,222168,444907
2021-09-26,11067,10298,21365,22373,22303,44676,40744,41203,81947,45222,43227,88449,39233,37965,77198,29408,28078,57486,19004,17191,36195,10277,10962,21239,4383,7550,11933,1060,3428,4488,222771,222205,444976
2021-09-27,11072,10300,21372,22383,22323,44706,40751,41215,81966,45239,43241,88480,39240,37972,77212,29412,28081,57493,19007,17198,36205,10277,10962,21239,4383,7551,11934,1060,3428,4488,222824,222271,445095
2021-09-28,11082,10306,21388,22394,22332,44726,40755,41225,81980,45247,43255,88502,39246,37982,77228,29417,28084,57501,19011,17200,36211,10278,10962,21240,4383,7553,11936,1060,3428,4488,222873,222327,445200
2021-09-29,11082,10309,21391,22401,22348,44749,40764,41231,81995,45257,43267,88524,39253,37995,77248,29422,28089,57511,19013,17202,36215,10280,10964,21244,4383,7554,11937,1060,3428,4488,222915,222387,445302
2021-09-30,11083,10312,21395,22413,22355,44768,40772,41240,82012,45264,43279,88543,39260,38000,77260,29426,28090,57516,19015,17204,36219,10281,10965,21246,4383,7555,11938,1060,3428,4488,222957,222428,445385
2021-10-01,11090,10317,21407,22423,22368,44791,40781,41248,82029,45273,43292,88565,39269,38015,77284,29431,28098,57529,19018,17211,36229,10283,10968,21251,4383,7556,11939,1060,3428,4488,223011,222501,445512
2021-10-02,11097,10320,21417,22427,22373,44800,40784,41258,82042,45279,43301,88580,39274,38025,77299,29435,28100,57535,19019,17211,36230,10284,10971,21255,4384,7557,11941,1060,3428,4488,223043,222544,445587
2021-10-03,11098,10321,21419,22428,22380,44808,40791,41262,82053,45289,43311,88600,39277,38032,77309,29438,28101,57539,19020,17212,36232,10284,10971,21255,4384,7557,11941,1060,3428,4488,223069,222575,445644
2021-10-04,11103,10325,21428,22437,22387,44824,40797,41273,82070,45297,43323,88620,39290,38041,77331,29440,28107,57547,19023,17213,36236,10285,10973,21258,4384,7559,11943,1060,3428,4488,223116,222629,445745
2021-10-05,11107,10327,21434,22453,22401,44854,40804,41283,82087,45310,43334,88644,39296,38054,77350,29448,28112,57560,19029,17218,36247,10286,10974,21260,4384,7559,11943,1060,3428,4488,223177,222690,445867
2021-10-06,11112,10333,21445,22468,22426,44894,40812,41290,82102,45320,43350,88670,39308,38063,77371,29453,28117,57570,19033,17223,36256,10289,10979,21268,4384,7562,11946,1060,3428,4488,223239,222771,446010
2021-10-07,11119,10338,21457,22476,22433,44909,40822,41295,82117,45331,43358,88689,39314,38076,77390,29457,28126,57583,19038,17226,36264,10291,10981,21272,4384,7562,11946,1060,3428,4488,223292,222823,446115
2021-10-08,11123,10343,21466,22486,22440,44926,40831,41303,82134,45344,43360,88704,39317,38081,77398,29459,28127,57586,19038,17227,36265,10292,10983,21275,4385,7562,11947,1060,3428,4488,223335,222854,446189
2021-10-09,11125,10343,21468,22488,22443,44931,40835,41308,82143,45349,43364,88713,39324,38093,77417,29462,28132,57594,19041,17230,36271,10293,10984,21277,4385,7564,11949,1062,3428,4490,223364,222889,446253
2021-10-10,11136,10345,21481,22497,22449,44946,40839,41312,82151,45355,43376,88731,39332,38100,77432,29467,28139,57606,19044,17231,36275,10295,10987,21282,4385,7564,11949,1062,3429,4491,223412,222932,446344
2021-10-11,11140,10348,21488,22508,22460,44968,40848,41322,82170,45363,43383,88746,39337,38113,77450,29478,28142,57620,19047,17233,36280,10295,10987,21282,4385,7566,11951,1063,3429,4492,223464,222983,446447
2021-10-12,11150,10359,21509,22523,22476,44999,40858,41336,82194,45377,43405,88782,39353,38131,77484,29490,28149,57639,19051,17236,36287,10302,10991,21293,4387,7566,11953,1063,3429,4492,223554,223078,446632
2021-10-13,11155,10370,21525,22539,22491,45030,40872,41350,82222,45390,43421,88811,39370,38140,77510,29493,28156,57649,19055,17239,36294,10304,10994,21298,4387,7566,11953,1063,3429,4492,223628,223156,446784
2021-10-14,11162,10375,21537,22552,22504,45056,40890,41368,82258,45405,43441,88846,39384,38155,77539,29506,28163,57669,19063,17250,36313,10307,11004,21311,4387,7567,11954,1063,3429,4492,223719,223256,446975
2021-10-15,11166,10377,21543,22565,22512,45077,40896,41385,82281,45421,43465,88886,39396,38172,77568,29516,28168,57684,19064,17256,36320,10311,11006,21317,4387,7568,11955,1063,3429,4492,223785,223338,447123
2021-10-16,11171,10382,21553,22573,22522,45095,40909,41397,82306,45430,43481,88911,39404,38182,77586,29520,28173,57693,19065,17259,36324,10313,11006,21319,4388,7568,11956,1064,3429,4493,223837,223399,447236
2021-10-17,11176,10385,21561,22578,22528,45106,40914,41401,82315,45437,43489,88926,39415,38186,77601,29524,28175,57699,19067,17261,36328,10315,11006,21321,4389,7569,11958,1064,3429,4493,223879,223429,447308
2021-10-18,11185,10391,21576,22601,22541,45142,40921,41408,82329,45449,43502,88951,39424,38197,77621,29529,28181,57710,19070,17270,36340,10316,11006,21322,4390,7569,11959,1064,3429,4493,223949,223494,447443
2021-10-19,11192,10400,21592,22616,22563,45179,40936,41418,82354,45456,43512,88968,39433,38207,77640,29534,28189,57723,19074,17281,36355,10318,11009,21327,4391,7572,11963,1065,3429,4494,224015,223580,447595
2021-10-20,11199,10409,21608,22639,22594,45233,40954,41435,82389,45471,43539,89010,39443,38219,77662,29540,28198,57738,19078,17290,36368,10318,11012,21330,4391,7574,11965,1065,3429,4494,224098,223699,447797
2021-10-21,11205,10421,21626,22672,22633,45305,40965,41451,82416,45488,43567,89055,39460,38238,77698,29551,28210,57761,19082,17295,36377,10321,11017,21338,4393,7574,11967,1065,3429,4494,224202,223835,448037
2021-10-22,11218,10434,21652,22703,22664,45367,40972,41468,82440,45498,43583,89081,39472,38263,77735,29562,28217,57779,19088,17303,36391,10328,11021,21349,4393,7578,11971,1066,3430,4496,224300,223961,448261
2021-10-23,11230,10439,21669,22720,22678,45398,40985,41480,82465,45510,43595,89105,39481,38281,77762,29567,28222,57789,19088,17303,36391,10328,11021,21349,4393,7581,11974,1066,3431,4497,224368,224031,448399
2021-10-24,11239,10451,21690,22733,22685,45418,40994,41486,82480,45524,43599,89123,39492,38293,77785,29571,28226,57797,19091,17307,36398,10329,11025,21354,4393,7581,11974,1066,3431,4497,224432,224084,448516
2021-10-25,11248,10467,21715,22750,22708,45458,41006,41505,82511,45535,43610,89145,39501,38314,77815,29579,28236,57815,19095,17311,36406,10331,11030,21361,4395,7583,11978,1066,3433,4499,224506,224197,448703
2021-10-26,11268,10476,21744,22765,22724,45489,41019,41514,82533,45554,43625,89179,39511,38337,77848,29593,28242,57835,19101,17314,36415,10334,11032,21366,4395,7583,11978,1067,3433,4500,224607,224280,448887
2021-10-27,11276,10484,21760,22785,22745,45530,41041,41528,82569,45562,43648,89210,39529,38353,77882,29601,28250,57851,19103,17325,36428,10337,11038,21375,4395,7583,11978,1069,3433,4502,224698,224387,449085
2021-10-28,11296,10493,21789,22805,22759,45564,41057,41545,82602,45573,43658,89231,39538,38368,77906,29608,28262,57870,19110,17331,36441,10339,11041,21380,4396,7585,11981,1069,3436,4505,224791,224478,449269
2021-10-29,11307,10515,21822,22831,22778,45609,41071,41563,82634,45590,43674,89264,39548,38379,77927,29618,28269,57887,19112,17335,36447,10342,11043,21385,4396,7586,11982,1069,3436,4505,224884,224578,449462
2021-10-30,11316,10527,21843,22847,22788,45635,41080,41574,82654,45601,43686,89287,39558,38395,77953,29629,28278,57907,19115,17337,36452,10342,11047,21389,4397,7588,11985,1069,3436,4505,224954,224656,449610
2021-10-31,11322,10535,21857,22856,22800,45656,41089,41584,82673,45610,43694,89304,39572,38412,77984,29637,28284,57921,19117,17341,36458,10342,11047,21389,4397,7590,11987,1069,3437,4506,225011,224724,449735
2021-11-01,11331,10549,21880,22869,22815,45684,41097,41599,82696,45628,43713,89341,39582,38430,78012,29644,28288,57932,19121,17346,36467,10342,11053,21395,4398,7594,11992,1069,3437,4506,225081,224824,449905
2021-11-02,11350,10562,21912,22878,22831,45709,41110,41613,82723,45638,43724,89362,39593,38442,78035,29650,28296,57946,19125,17349,36474,10345,11058,21403,4399,7595,11994,1069,3437,4506,225157,224907,450064
2021-11-03,11361,10581,21942,22891,22844,45735,41125,41635,82760,45654,43755,89409,39612,38456,78068,29658,28305,57963,19127,17350,36477,10346,11061,21407,4399,7595,11994,1069,3438,4507,225242,225020,450262
2021-11-04,11377,10589,21966,22901,22859,45760,41152,41657,82809,45681,43775,89456,39629,38476,78105,29666,28313,57979,19133,17353,36486,10351,11067,21418,4399,7596,11995,1070,3438,4508,225359,225123,450482
2021-11-05,11388,10602,21990,22916,22878,45794,41165,41675,82840,45696,43790,89486,39641,38499,78140,29673,28316,57989,19135,17357,36492,10356,11070,21426,4399,7596,11995,1070,3438,4508,225439,225221,450660
2021-11-06,11404,10622,22026,22921,22888,45809,41184,41692,82876,45710,43807,89517,39657,38517,78174,29682,28327,58009,19140,17361,36501,10359,11071,21430,4402,7596,11998,1070,3438,4508,225529,225319,450848
2021-11-07,11411,10629,22040,22925,22900,45825,41193,41697,82890,45724,43821,89545,39673,38531,78204,29691,28335,58026,19142,17361,36503,10359,11072,21431,4403,7597,12000,1070,3438,4508,225591,225381,450972
2021-11-08,11424,10641,22065,22938,22913,45851,41207,41714,82921,45748,43839,89587,39690,38559,78249,29700,28345,58045,19148,17364,36512,10363,11077,21440,4404,7601,12005,1070,3439,4509,225692,225492,451184
2021-11-09,11442,10657,22099,22954,22926,45880,41218,41744,82962,45762,43864,89626,39705,38576,78281,29708,28356,58064,19155,17371,36526,10365,11081,21446,4405,7601,12006,1071,3439,4510,225785,225615,451400
2021-11-10,11464,10678,22142,22971,22938,45909,41242,41774,83016,45779,43892,89671,39727,38600,78327,29721,28369,58090,19159,17376,36535,10369,11083,21452,4406,7603,12009,1072,3440,4512,225910,225753,451663
2021-11-11,11479,10691,22170,22986,22952,45938,41263,41799,83062,45809,43914,89723,39746,38621,78367,29730,28375,58105,19161,17381,36542,10372,11091,21463,4406,7603,12009,1072,3440,4512,226024,225867,451891
2021-11-12,11495,10706,22201,22996,22969,45965,41278,41832,83110,45829,43936,89765,39772,38641,78413,29743,28388,58131,19169,17388,36557,10375,11097,21472,4406,7605,12011,1072,3442,4514,226135,226004,452139
2021-11-13,11509,10721,22230,23010,22979,45989,41288,41855,83143,45845,43952,89797,39791,38661,78452,29755,28395,58150,19170,17393,36563,10377,11100,21477,4406,7608,12014,1072,3442,4514,226223,226106,452329
2021-11-14,11521,10731,22252,23017,22987,46004,41298,41875,83173,45867,43967,89834,39807,38674,78481,29758,28402,58160,19173,17396,36569,10378,11101,21479,4407,7608,12015,1072,3442,4514,226298,226183,452481
2021-11-15,11533,10749,22282,23023,23004,46027,41319,41894,83213,45882,43998,89880,39827,38698,78525,29767,28414,58181,19180,17409,36589,10379,11103,21482,4408,7609,12017,1073,3442,4515,226391,226320,452711
2021-11-16,11550,10760,22310,23031,23014,46045,41337,41915,83252,45910,44023,89933,39842,38722,78564,29775,28426,58201,19187,17415,36602,10380,11105,21485,4411,7611,12022,1073,3445,4518,226496,226436,452932
2021-11-17,11564,10769,22333,23041,23025,46066,41362,41932,83294,45933,44053,89986,39864,38744,78608,29785,28433,58218,19196,17424,36620,10382,11107,21489,4412,7613,12025,1073,3445,4518,226612,226545,453157
2021-11-18,11574,10783,22357,23055,23033,46088,41384,41952,83336,45965,44075,90040,39880,38769,78649,29795,28438,58233,19206,17430,36636,10384,11109,21493,4413,7616,12029,1073,3445,4518,226729,226650,453379
2021-11-19,11588,10797,22385,23070,23045,46115,41409,41971,83380,45984,44097,90081,39895,38788,78683,29804,28445,58249,19212,17439,36651,10385,11119,21504,4413,7617,12030,1073,3446,4519,226833,226764,453597
2021-11-20,11595,10805,22400,23080,23055,46135,41427,41987,83414,46003,44130,90133,39919,38805,78724,29812,28452,58264,19218,17442,36660,10386,11122,21508,4414,7617,12031,1073,3447,4520,226927,226862,453789
2021-11-21,11603,10820,22423,23093,23067,46160,41443,42002,83445,46020,44148,90168,39938,38815,78753,29819,28463,58282,19224,17457,36681,10391,11124,21515,4414,7619,12033,1073,3447,4520,227018,226962,453980
2021-11-22,11614,10829,22443,23107,23079,46186,41452,42021,83473,46038,44180,90218,39952,38831,78783,29829,28476,58305,19231,17460,36691,10391,11127,21518,4415,7620,12035,1073,3448,4521,227102,227071,454173
2021-11-23,11628,10836,22464,23122,23103,46225,41483,42063,83546,46073,44213,90286,39974,38858,78832,29835,28499,58334,19242,17467,36709,10395,11133,21528,4415,7621,12036,1073,3448,4521,227240,227241,454481
2021-11-24,11646,10846,22492,23140,23120,46260,41518,42097,83615,46096,44250,90346,40003,38882,78885,29849,28509,58358,19254,17478,36732,10400,11137,21537,4416,7623,12039,1074,3448,4522,227396,227390,454786
2021-11-25,11657,10857,22514,23150,23132,46282,41545,42139,83684,46123,44300,90423,40027,38902,78929,29861,28518,58379,19258,17487,36745,10401,11144,21545,4419,7624,12043,1074,3448,4522,227515,227551,455066
2021-11-26,11669,10864,22533,23165,23148,46313,41584,42170,83754,46157,44346,90503,40042,38933,78975,29866,28529,58395,19267,17494,36761,10403,11149,21552,4420,7626,12046,1074,3448,4522,227647,227707,455354
2021-11-27,11676,10874,22550,23177,23159,46336,41615,42205,83820,46196,44372,90568,40058,38949,79007,29875,28535,58410,19273,17499,36772,10407,11153,21560,4420,7627,12047,1074,3449,4523,227771,227822,455593
2021-11-28,11686,10879,22565,23194,23174,46368,41634,42228,83862,46225,44390,90615,40076,38970,79046,29885,28543,58428,19277,17505,36782,10409,11158,21567,4420,7627,12047,1074,3449,4523,227880,227923,455803
2021-11-29,11695,10894,22589,23208,23199,46407,41669,42270,83939,46267,44437,90704,40103,39008,79111,29895,28559,58454,19294,17523,36817,10416,11166,21582,4420,7628,12048,1075,3450,4525,228042,228134,456176
2021-11-30,11708,10907,22615,23227,23225,46452,41698,42301,83999,46316,44482,90798,40139,39050,79189,29913,28574,58487,19308,17541,36849,10418,11168,21586,4424,7631,12055,1076,3452,4528,228227,228331,456558
2021-12-01,11721,10918,22639,23251,23241,46492,41743,42361,84104,46368,44542,90910,40173,39099,79272,29931,28596,58527,19317,17551,36868,10423,11176,21599,4425,7635,12060,1076,3454,4530,228428,228573,457001
2021-12-02,11732,10931,22663,23269,23265,46534,41782,42420,84202,46426,44594,91020,40211,39142,79353,29954,28610,58564,19330,17561,36891,10429,11183,21612,4428,7644,12072,1076,3459,4535,228637,228809,457446
2021-12-03,11744,10946,22690,23290,23286,46576,41825,42469,84294,46462,44639,91101,40233,39178,79411,29961,28630,58591,19342,17574,36916,10432,11188,21620,4430,7647,12077,1077,3460,4537,228796,229017,457813
2021-12-04,11750,10955,22705,23310,23309,46619,41858,42508,84366,46503,44678,91181,40262,39218,79480,29976,28647,58623,19347,17582,36929,10441,11196,21637,4431,7650,12081,1077,3461,4538,228955,229204,458159
2021-12-05,11758,10962,22720,23329,23323,46652,41891,42538,84429,46538,44720,91258,40286,39246,79532,29987,28665,58652,19355,17589,36944,10443,11201,21644,4432,7652,12084,1078,3461,4539,229097,229357,458454
2021-12-06,11773,10987,22760,23352,23362,46714,41944,42612,84556,46594,44774,91368,40333,39294,79627,30007,28682,58689,19366,17604,36970,10454,11209,21663,4434,7654,12088,1080,3462,4542,229337,229640,458977
2021-12-07,11785,11003,22788,23386,23397,46783,42002,42712,84714,46643,44841,91484,40378,39336,79714,30023,28705,58728,19375,17610,36985,10456,11215,21671,4440,7658,12098,1080,3462,4542,229568,229939,459507
2021-12-08,11794,11015,22809,23411,23424,46835,42062,42782,84844,46699,44892,91591,40408,39368,79776,30034,28725,58759,19385,17618,37003,10462,11221,21683,4441,7660,12101,1082,3463,4545,229778,230168,459946
2021-12-09,11817,11033,22850,23456,23467,46923,42137,42880,85017,46777,44982,91759,40455,39422,79877,30057,28747,58804,19401,17638,37039,10472,11235,21707,4447,7664,12111,1082,3465,4547,230101,230533,460634
2021-12-10,11835,11053,22888,23488,23499,46987,42221,42972,85193,46850,45055,91905,40508,39482,79990,30079,28767,58846,19410,17650,37060,10475,11240,21715,4450,7668,12118,1083,3468,4551,230399,230854,461253
2021-12-11,11847,11067,22914,23510,23530,47040,42293,43076,85369,46896,45115,92011,40553,39530,80083,30105,28789,58894,19424,17659,37083,10481,11246,21727,4452,7670,12122,1083,3469,4552,230644,231151,461795
2021-12-12,11864,11087,22951,23535,23562,47097,42360,43135,85495,46970,45181,92151,40599,39586,80185,30130,28813,58943,19433,17667,37100,10484,11255,21739,4454,7671,12125,1083,3469,4552,230912,231426,462338
2021-12-13,11880,11108,22988,23581,23607,47188,42490,43270,85760,47055,45267,92322,40659,39644,80303,30158,28838,58996,19448,17695,37143,10494,11265,21759,4460,7676,12136,1083,3469,4552,231308,231839,463147
2021-12-14,11892,11127,23019,23626,23662,47288,42651,43408,86059,47176,45383,92559,40713,39699,80412,30181,28873,59054,19462,17720,37182,10505,11272,21777,4462,7683,12145,1083,3472,4555,231751,232299,464050
2021-12-15,11909,11135,23044,23686,23716,47402,42802,43572,86374,47281,45485,92766,40795,39770,80565,30204,28913,59117,19475,17736,37211,10508,11274,21782,4465,7686,12151,1083,3475,4558,232208,232762,464970
2021-12-16,11933,11161,23094,23750,23783,47533,42993,43743,86736,47436,45594,93030,40885,39839,80724,30240,28954,59194,19490,17759,37249,10519,11281,21800,4470,7689,12159,1083,3477,4560,232799,233280,466079
2021-12-17,11958,11182,23140,23813,23852,47665,43162,43906,87068,47566,45716,93282,40958,39923,80881,30280,29001,59281,19508,17785,37293,10527,11291,21818,4471,7694,12165,1084,3477,4561,233327,233827,467154
2021-12-18,11979,11195,23174,23858,23905,47763,43298,44039,87337,47699,45827,93526,41033,39999,81032,30316,29043,59359,19526,17808,37334,10536,11301,21837,4476,7699,12175,1086,3480,4566,233807,234296,468103
2021-12-19,12004,11206,23210,23900,23960,47860,43435,44209,87644,47816,45951,93767,41106,40081,81187,30352,29088,59440,19545,17828,37373,10544,11309,21853,4480,7704,12184,1087,3480,4567,234269,234816,469085
2021-12-20,12042,11245,23287,23989,24064,48053,43664,44534,88198,48030,46154,94184,41228,40219,81447,30410,29156,59566,19578,17854,37432,10563,11326,21889,4488,7711,12199,1087,3483,4570,235079,235746,470825
2021-12-21,12062,11273,23335,24108,24213,48321,44030,44977,89007,48296,46454,94750,41365,40381,81746,30483,29240,59723,19615,17888,37503,10587,11350,21937,4492,7719,12211,1090,3485,4575,236128,236980,473108
2021-12-22,12103,11325,23428,24306,24409,48715,44570,45645,90215,48657,46877,95534,41565,40586,82151,30581,29342,59923,19648,17932,37580,10614,11371,21985,4498,7727,12225,1092,3489,4581,237634,238703,476337
2021-12-23,12151,11373,23524,24538,24644,49182,45145,46239,91384,49003,47203,96206,41759,40778,82537,30688,29462,60150,19685,17990,37675,10640,11403,22043,4503,7738,12241,1092,3496,4588,239204,240326,479530
2021-12-24,12185,11408,23593,24704,24854,49558,45500,46597,92097,49245,47447,96692,41908,40941,82849,30775,29544,60319,19726,18028,37754,10664,11415,22079,4509,7747,12256,1093,3498,4591,240309,241479,481788
2021-12-25,12207,11430,23637,24866,25048,49914,45696,46825,92521,49418,47619,97037,42017,41064,83081,30850,29604,60454,19761,18065,37826,10682,11430,22112,4512,7752,12264,1094,3500,4594,241103,242337,483440
2021-12-26,12262,11493,23755,25210,25472,50682,46214,47396,93610,49837,48025,97862,42296,41398,83694,31037,29785,60822,19849,18157,38006,10717,11452,22169,4515,7762,12277,1096,3502,4598,243033,244442,487475
2021-12-27,12384,11601,23985,25739,26132,51871,47134,48378,95512,50502,48719,99221,42730,41875,84605,31289,30138,61427,19984,18282,38266,10796,11515,22311,4533,7781,12314,1098,3505,4603,246189,247926,494115
2021-12-28,12514,11716,24230,26405,26934,53339,48342,49772,98114,51319,49629,100948,43246,42478,85724,31603,30563,62166,20149,18472,38621,10875,11610,22485,4552,7814,12366,1101,3511,4612,250106,252499,502605
2021-12-29,12663,11840,24503,27147,27841,54988,49728,51253,100981,52194,50558,102752,43808,43115,86923,31958,30993,62951,20325,18719,39044,10974,11727,22701,4583,7853,12436,1105,3516,4621,254485,257415,511900
2021-12-30,12828,12001,24829,27864,28681,56545,51016,52680,103696,53075,51555,104630,44409,43826,88235,32317,31466,63783,20512,18949,39461,11047,11862,22909,4604,7893,12497,1111,3521,4632,258783,262434,521217
2021-12-31,12930,12104,25034,28235,29101,57336,51669,53418,105087,53588,52138,105726,44805,44311,89116,32573,31790,64363,20649,19092,39741,11120,11940,23060,4634,7914,12548,1113,3523,4636,261316,265331,526647
2022-01-01,13023,12186,25209,28472,29374,57846,52111,53919,106030,54017,52580,106597,45118,44674,89792,32776,31992,64768,20754,19211,39965,11183,11994,23177,4654,7926,12580,1114,3525,4639,263222,267381,530603
2022-01-02,13199,12348,25547,28886,29910,58796,53084,55035,108119,54877,53500,108377,45804,45468,91272,33199,32522,65721,21018,19476,40494,11286,12137,23423,4684,7964,12648,1115,3528,4643,267152,271888,539040
2022-01-03,13495,12618,26113,29610,30767,60377,54979,57377,112356,56464,55205,111669,46816,46724,93540,33912,33315,67227,21393,19940,41333,11470,12326,23796,4743,8020,12763,1126,3540,4666,274008,279832,553840
2022-01-04,13812,12908,26720,30408,31755,62163,57230,59977,117207,58092,57055,115147,47889,48063,95952,34558,34159,68717,21811,20385,42196,11649,12542,24191,4803,8087,12890,1139,3572,4711,281391,288503,569894
2022-01-05,14126,13224,27350,31214,32808,64022,59456,62607,122063,59843,58966,118809,48922,49399,98321,35187,35044,70231,22222,20844,43066,11800,12778,24578,4849,8166,13015,1153,3595,4748,288772,297431,586203
2022-01-06,14470,13543,28013,31999,33795,65794,61582,64994,126576,61531,60854,122385,50050,50778,100828,35910,35951,71861,22632,21347,43979,11989,13014,25003,4906,8260,13166,1166,3616,4782,296235,306152,602387
2022-01-07,14867,13889,28756,32649,34606,67255,63320,67072,130392,63064,62618,125682,51108,52105,103213,36551,36748,73299,23030,21829,44859,12178,13239,25417,4960,8333,13293,1177,3643,4820,302904,314082,616986
2022-01-08,15107,14159,29266,33108,35152,68260,64502,68516,133018,64241,63974,128215,51950,53076,105026,37113,37422,74535,23368,22208,45576,12359,13405,25764,5004,8397,13401,1184,3655,4839,307936,319964,627900
2022-01-09,15412,14438,29850,33581,35721,69302,65598,69822,135420,65522,65337,130859,52834,54193,107027,37751,38094,75845,23754,22627,46381,12536,13594,26130,5062,8459,13521,1189,3665,4854,313239,325950,639189
2022-01-10,15904,14901,30805,34320,36576,70896,67486,72043,139529,67511,67548,135059,54207,55835,110042,38732,39165,77897,24356,23275,47631,12813,13920,26733,5140,8584,13724,1211,3713,4924,321680,335560,657240
2022-01-11,16320,15277,31597,35022,37413,72435,69142,74044,143186,69355,69590,138945,55543,57357,112900,39600,40196,79796,24913,23868,48781,13078,14231,27309,5230,8694,13924,1229,3744,4973,329432,344414,673846
2022-01-12,16738,15664,32402,35762,38274,74036,70934,76088,147022,71271,71798,143069,56904,59029,115933,40472,41306,81778,25465,24475,49940,13360,14563,27923,5308,8822,14130,1251,3785,5036,337465,353804,691269
2022-01-13,17071,15957,33028,36325,38912,75237,72244,77596,149840,72765,73538,146303,57995,60391,118386,41179,42178,83357,25936,25043,50979,13623,14846,28469,5394,8963,14357,1264,3837,5101,343796,361261,705057
2022-01-14,17470,16294,33764,37020,39696,76716,73720,79325,153045,74500,75463,149963,59360,61979,121339,42084,43245,85329,26595,25734,52329,13913,15180,29093,5493,9100,14593,1276,3882,5158,351431,369898,721329
2022-01-15,17818,16556,34374,37527,40243,77770,74740,80464,155204,75709,76876,152585,60358,63109,123467,42739,43984,86723,27054,26207,53261,14124,15404,29528,5557,9194,14751,1286,3901,5187,356912,375938,732850
2022-01-16,18186,16880,35066,38016,40824,78840,75671,81635,157306,76879,78386,155265,61464,64360,125824,43399,44777,88176,27524,26725,54249,14355,15669,30024,5620,9256,14876,1297,3927,5224,362411,382439,744850
2022-01-17,18649,17292,35941,38721,41597,80318,77138,83403,160541,78738,80453,159191,62902,66142,129044,44355,45891,90246,28174,27506,55680,14684,16069,30753,5746,9408,15154,1315,3978,5293,370422,391739,762161
2022-01-18,19047,17674,36721,39353,42337,81690,78572,85166,163738,80562,82493,163055,64388,67848,132236,45326,47035,92361,28873,28286,57159,15052,16464,31516,5858,9570,15428,1332,4036,5368,378363,400909,779272
2022-01-19,19400,17984,37384,39866,42968,82834,79761,86684,166445,82133,84370,166503,65623,69398,135021,46182,48022,94204,29482,29032,58514,15402,16878,32280,5970,9742,15712,1359,4106,5465,385178,409184,794362
2022-01-20,19723,18277,38000,40405,43579,83984,80790,88014,168804,83443,85981,169424,66690,70751,137441,46929,48896,95825,30033,29672,59705,15704,17231,32935,6073,9904,15977,1372,4165,5537,391162,416470,807632
2022-01-21,20020,18563,38583,40890,44181,85071,81698,89165,170863,84681,87430,172111,67646,72018,139664,47642,49756,97398,30548,30288,60836,16005,17569,33574,6168,10040,16208,1386,4212,5598,396684,423222,819906
2022-01-22,20242,18738,38980,41240,44597,85837,82283,89908,172191,85466,88326,173792,68318,72887,141205,48076,50284,98360,30885,30718,61603,16193,17793,33986,6233,10138,16371,1396,4233,5629,400332,427622,827954
2022-01-23,20468,18893,39361,41647,45047,86694,82782,90564,173346,86155,89202,175357,68927,73646,142573,48491,50780,99271,31178,31059,62237,16345,17982,34327,6289,10201,16490,1398,4246,5644,403680,431620,835300
2022-01-24,20719,19101,39820,42223,45696,87919,83688,91568,175256,87167,90387,177554,69762,74683,144445,49072,51465,100537,31625,31571,63196,16570,18304,34874,6384,10318,16702,1407,4283,5690,408617,437376,845993
2022-01-25,20926,19301,40227,42650,46221,88871,84360,92439,176799,88023,91339,179362,70422,75539,145961,49521,52006,101527,31990,31952,63942,16793,18574,35367,6470,10448,16918,1419,4333,5752,412574,442152,854726
2022-01-26,21138,19477,40615,43043,46692,89735,84986,93246,178232,88768,92191,180959,71008,76238,147246,49923,52536,102459,32293,32321,64614,16976,18820,35796,6534,10574,17108,1432,4368,5800,416101,446463,862564
2022-01-27,21350,19678,41028,43397,47100,90497,85528,93902,179430,89405,92883,182288,71521,76872,148393,50264,52954,103218,32564,32665,65229,17125,19026,36151,6586,10661,17247,1443,4389,5832,419183,450130,869313
2022-01-28,21530,19822,41352,43668,47418,91086,85946,94437,180383,89947,93532,183479,71991,77445,149436,50581,53362,103943,32804,32994,65798,17280,19215,36495,6637,10756,17393,1454,4425,5879,421838,453406,875244
2022-01-29,21637,19928,41565,43840,47618,91458,86248,94757,181005,90322,93959,184281,72318,77849,150167,50800,53613,104413,32977,33169,66146,17385,19319,36704,6669,10807,17476,1456,4431,5887,423652,455450,879102
2022-01-30,21751,20023,41774,44044,47833,91877,86484,95032,181516,90662,94393,185055,72610,78210,150820,51001,53854,104855,33109,33313,66422,17467,19423,36890,6696,10849,17545,1461,4439,5900,425285,457369,882654
2022-01-31,21891,20157,42048,44389,48155,92544,86890,95540,182430,91224,94998,186222,73129,78786,151915,51292,54214,105506,33313,33566,66879,17611,19598,37209,6739,10928,17667,1469,4454,5923,427947,460396,888343
2022-02-01,22005,20268,42273,44637,48454,93091,87221,95967,183188,91609,95467,187076,73499,79250,152749,51529,54473,106002,33468,33770,67238,17706,19737,37443,6784,11005,17789,1473,4473,5946,429931,462864,892795
2022-02-02,22107,20344,42451,44798,48657,93455,87517,96359,183876,92007,95909,187916,73763,79610,153373,51736,54725,106461,33606,33978,67584,17806,19874,37680,6828,11061,17889,1483,4491,5974,431651,465008,896659
2022-02-03,22193,20423,42616,44955,48809,93764,87755,96639,184394,92338,96256,188594,74001,79925,153926,51892,54907,106799,33722,34107,67829,17894,19975,37869,6863,11111,17974,1489,4500,5989,433102,466652,899754
2022-02-04,22273,20512,42785,45078,48948,94026,87946,96864,184810,92586,96561,189147,74210,80237,154447,52044,55136,107180,33831,34260,68091,17983,20063,38046,6897,11159,18056,1494,4512,6006,434342,468252,902594
2022-02-05,22328,20560,42888,45160,49055,94215,88066,97043,185109,92759,96780,189539,74370,80456,154826,52158,55283,107441,33904,34346,68250,18032,20117,38149,6922,11185,18107,1498,4520,6018,435197,469345,904542
2022-02-06,22388,20605,42993,45216,49118,94334,88174,97172,185346,92917,96950,189867,74497,80606,155103,52257,55393,107650,33972,34419,68391,18081,20169,38250,6930,11210,18140,1501,4526,6027,435933,470168,906101
2022-02-07,22461,20667,43128,45324,49223,94547,88327,97377,185704,93123,97162,190285,74734,80843,155577,52372,55554,107926,34076,34541,68617,18135,20251,38386,6945,11247,18192,1503,4535,6038,437000,471400,908400
2022-02-08,22517,20729,43246,45421,49308,94729,88444,97539,185983,93282,97378,190660,74875,81031,155906,52465,55697,108162,34146,34648,68794,18195,20327,38522,6959,11274,18233,1506,4539,6045,437810,472470,910280
2022-02-09,22569,20784,43353,45507,49393,94900,88563,97711,186274,93445,97605,191050,75027,81198,156225,52564,55811,108375,34214,34738,68952,18245,20387,38632,6975,11298,18273,1506,4547,6053,438615,473472,912087
2022-02-10,22625,20826,43451,45568,49454,95022,88662,97882,186544,93608,97784,191392,75143,81349,156492,52654,55934,108588,34302,34813,69115,18303,20439,38742,6992,11328,18320,1510,4559,6069,439367,474368,913735
2022-02-11,22668,20866,43534,45631,49513,95144,88744,97996,186740,93717,97923,191640,75242,81482,156724,52732,56025,108757,34351,34876,69227,18345,20490,38835,6998,11356,18354,1512,4565,6077,439940,475092,915032
2022-02-12,22712,20892,43604,45665,49542,95207,88790,98080,186870,93806,98026,191832,75318,81578,156896,52775,56080,108855,34386,34923,69309,18371,20514,38885,7012,11369,18381,1512,4567,6079,440347,475571,915918
2022-02-13,22743,20913,43656,45705,49575,95280,88843,98135,186978,93869,98120,191989,75400,81665,157065,52815,56134,108949,34421,34958,69379,18385,20532,38917,7019,11376,18395,1513,4570,6083,440713,475978,916691
2022-02-14,22788,20949,43737,45751,49621,95372,88902,98237,187139,93992,98257,192249,75503,81801,157304,52881,56218,109099,34480,35021,69501,18425,20586,39011,7034,11391,18425,1515,4577,6092,441271,476658,917929
2022-02-15,22833,20983,43816,45792,49667,95459,88968,98329,187297,94101,98401,192502,75607,81929,157536,52936,56282,109218,34525,35095,69620,18459,20625,39084,7043,11404,18447,1519,4580,6099,441783,477295,919078
2022-02-16,22876,21019,43895,45845,49711,95556,89047,98450,187497,94211,98516,192727,75701,82036,157737,52979,56350,109329,34566,35148,69714,18489,20659,39148,7050,11425,18475,1519,4585,6104,442283,477899,920182
2022-02-17,22910,21041,43951,45875,49767,95642,89127,98560,187687,94314,98614,192928,75794,82122,157916,53041,56407,109448,34594,35189,69783,18517,20695,39212,7064,11440,18504,1521,4588,6109,442757,478423,921180
2022-02-18,22947,21081,44028,45908,49806,95714,89189,98633,187822,94397,98705,193102,75876,82209,158085,53089,56467,109556,34636,35236,69872,18542,20731,39273,7076,11457,18533,1525,4593,6118,443185,478918,922103
2022-02-19,22986,21109,44095,45940,49832,95772,89217,98667,187884,94458,98770,193228,75927,82268,158195,53131,56501,109632,34680,35268,69948,18559,20752,39311,7082,11462,18544,1525,4597,6122,443505,479226,922731
2022-02-20,23013,21134,44147,45959,49859,95818,89248,98698,187946,94506,98835,193341,75966,82320,158286,53160,56525,109685,34702,35294,69996,18574,20762,39336,7086,11470,18556,1525,4599,6124,443739,479496,923235
2022-02-21,23061,21163,44224,45994,49891,95885,89311,98759,188070,94579,98914,193493,76035,82391,158426,53199,56591,109790,34730,35331,70061,18590,20789,39379,7094,11480,18574,1525,4604,6129,444118,479913,924031
2022-02-22,23094,21201,44295,46022,49928,95950,89365,98829,188194,94647,98994,193641,76106,82461,158567,53243,56633,109876,34757,35363,70120,18612,20814,39426,7099,11491,18590,1530,4606,6136,444475,480320,924795
2022-02-23,23132,21240,44372,46050,49960,96010,89426,98891,188317,94715,99096,193811,76181,82534,158715,53289,56681,109970,34792,35398,70190,18629,20832,39461,7107,11502,18609,1530,4609,6139,444851,480743,925594
2022-02-24,23167,21268,44435,46078,49992,96070,89473,98949,188422,94801,99172,193973,76236,82598,158834,53324,56707,110031,34822,35423,70245,18640,20856,39496,7114,11508,18622,1532,4609,6141,445187,481082,926269
2022-02-25,23197,21311,44508,46102,50019,96121,89534,98999,188533,94851,99222,194073,76301,82659,158960,53354,56723,110077,34844,35455,70299,18660,20868,39528,7122,11513,18635,1532,4613,6145,445497,481382,926879
2022-02-26,23219,21330,44549,46116,50041,96157,89553,99025,188578,94883,99268,194151,76333,82691,159024,53376,56739,110115,34864,35474,70338,18673,20880,39553,7123,11516,18639,1532,4613,6145,445672,481577,927249
2022-02-27,23252,21357,44609,46127,50054,96181,89583,99040,188623,94925,99301,194226,76356,82722,159078,53396,56755,110151,34880,35489,70369,18678,20886,39564,7125,11519,18644,1533,4614,6147,445855,481737,927592
2022-02-28,23290,21391,44681,46142,50069,96211,89607,99072,188679,94974,99347,194321,76396,82762,159158,53425,56772,110197,34898,35499,70397,18692,20898,39590,7126,11523,18649,1533,4618,6151,446083,481951,928034
2022-03-01,23318,21419,44737,46150,50088,96238,89619,99096,188715,95014,99382,194396,76415,82809,159224,53443,56785,110228,34912,35516,70428,18703,20905,39608,7130,11531,18661,1533,4619,6152,446237,482150,928387
2022-03-02,23348,21440,44788,46161,50108,96269,89656,99127,188783,95060,99442,194502,76446,82854,159300,53466,56808,110274,34936,35535,70471,18711,20916,39627,7134,11538,18672,1534,4620,6154,446452,482388,928840
2022-03-03,23370,21461,44831,46182,50127,96309,89674,99161,188835,95111,99494,194605,76470,82911,159381,53486,56831,110317,34958,35562,70520,18725,20934,39659,7141,11542,18683,1534,4624,6158,446651,482647,929298
2022-03-04,23389,21474,44863,46204,50147,96351,89698,99197,188895,95138,99536,194674,76498,82945,159443,53504,56858,110362,34968,35589,70557,18735,20944,39679,7141,11547,18688,1535,4625,6160,446810,482862,929672
2022-03-05,23413,21493,44906,46221,50160,96381,89716,99221,188937,95163,99571,194734,76521,82976,159497,53516,56875,110391,34976,35605,70581,18745,20951,39696,7143,11550,18693,1536,4625,6161,446950,483027,929977
2022-03-06,23443,21517,44960,46242,50182,96424,89733,99243,188976,95185,99590,194775,76539,83007,159546,53530,56885,110415,34987,35617,70604,18751,20955,39706,7143,11553,18696,1536,4626,6162,447089,483175,930264
2022-03-07,23465,21533,44998,46258,50207,96465,89748,99267,189015,95207,99618,194825,76568,83044,159612,53536,56905,110441,34994,35629,70623,18761,20966,39727,7146,11555,18701,1536,4627,6163,447219,483351,930570
2022-03-08,23486,21550,45036,46274,50231,96505,89768,99295,189063,95234,99643,194877,76600,83068,159668,53554,56919,110473,35007,35645,70652,18767,20972,39739,7147,11555,18702,1537,4627,6164,447374,483505,930879
2022-03-09,23504,21566,45070,46304,50264,96568,89783,99312,189095,95252,99665,194917,76621,83116,159737,53565,56931,110496,35017,35661,70678,18774,20980,39754,7151,11557,18708,1537,4627,6164,447508,483679,931187
2022-03-10,23517,21590,45107,46320,50284,96604,89797,99332,189129,95275,99694,194969,76639,83139,159778,53576,56944,110520,35029,35675,70704,18776,20994,39770,7154,11560,18714,1537,4630,6167,447620,483842,931462
2022-03-11,23532,21607,45139,46338,50300,96638,89807,99357,189164,95299,99720,195019,76662,83164,159826,53586,56959,110545,35042,35690,70732,18780,21001,39781,7154,11560,18714,1537,4631,6168,447737,483989,931726
2022-03-12,23546,21626,45172,46350,50313,96663,89817,99367,189184,95312,99735,195047,76671,83188,159859,53593,56973,110566,35049,35699,70748,18783,21005,39788,7154,11561,18715,1537,4631,6168,447812,484098,931910
2022-03-13,23565,21636,45201,46362,50325,96687,89828,99378,189206,95323,99755,195078,76692,83206,159898,53602,56989,110591,35056,35708,70764,18789,21013,39802,7156,11562,18718,1537,4631,6168,447910,484203,932113
2022-03-14,23590,21656,45246,46380,50350,96730,89847,99403,189250,95347,99785,195132,76715,83240,159955,53622,57006,110628,35063,35721,70784,18794,21025,39819,7157,11566,18723,1537,4631,6168,448052,484383,932435
2022-03-15,23609,21672,45281,46402,50365,96767,89868,99432,189300,95380,99819,195199,76747,83275,160022,53643,57032,110675,35077,35732,70809,18805,21039,39844,7160,11570,18730,1538,4631,6169,448229,484567,932796
2022-03-16,23625,21700,45325,46416,50388,96804,89889,99459,189348,95421,99850,195271,76767,83305,160072,53678,57045,110723,35093,35746,70839,18822,21048,39870,7162,11571,18733,1538,4634,6172,448411,484746,933157
2022-03-17,23641,21712,45353,46432,50408,96840,89903,99482,189385,95447,99881,195328,76785,83331,160116,53695,57058,110753,35103,35765,70868,18833,21050,39883,7162,11572,18734,1539,4636,6175,448540,484895,933435
2022-03-18,23658,21724,45382,46437,50422,96859,89921,99499,189420,95483,99915,195398,76810,83366,160176,53712,57069,110781,35117,35778,70895,18843,21059,39902,7163,11578,18741,1539,4641,6180,448683,485051,933734
2022-03-19,23671,21732,45403,46445,50441,96886,89941,99511,189452,95510,99934,195444,76827,83383,160210,53732,57080,110812,35131,35785,70916,18850,21065,39915,7164,11580,18744,1539,4641,6180,448810,485152,933962
2022-03-20,23680,21743,45423,46453,50449,96902,89948,99521,189469,95526,99945,195471,76837,83397,160234,53741,57092,110833,35138,35796,70934,18853,21067,39920,7164,11582,18746,1540,4641,6181,448880,485233,934113
2022-03-21,23691,21765,45456,46467,50464,96931,89960,99541,189501,95549,99975,195524,76855,83436,160291,53753,57103,110856,35146,35806,70952,18862,21080,39942,7164,11582,18746,1541,4641,6182,448988,485393,934381
2022-03-22,23694,21774,45468,46472,50475,96947,89972,99554,189526,95564,99992,195556,76870,83449,160319,53761,57110,110871,35151,35813,70964,18865,21086,39951,7165,11585,18750,1542,4641,6183,449056,485479,934535
2022-03-23,23703,21775,45478,46480,50483,96963,89975,99569,189544,95575,100010,195585,76886,83465,160351,53762,57114,110876,35158,35821,70979,18867,21090,39957,7166,11585,18751,1542,4642,6184,449114,485554,934668
