FECHA,<=10M,<=10F,<=10,11-20M,11-20F,11-20,21-30M,21-30F,21-30,31-40M,31-40F,31-40,41-50M,41-50F,41-50,51-60M,51-60F,51-60,61-70M,61-70F,61-70,71-80M,71-80F,71-80,81-90M,81-90F,81-90,>=91M,>=91F,>=91,TotalM,TotalF,Total
2020-03-15,0,0,0,0,1,1,1,0,1,1,0,1,0,0,0,0,0,0,0,1,1,0,0,0,0,0,0,0,0,0,2,2,4
2020-03-16,0,0,0,0,1,1,4,2,6,4,0,4,1,0,1,0,1,1,1,1,2,0,0,0,0,0,0,0,0,0,10,5,15
2020-03-17,0,0,0,1,1,2,5,3,8,6,1,7,1,0,1,2,3,5,1,3,4,2,0,2,0,0,0,0,0,0,18,11,29
2020-03-18,0,0,0,1,1,2,7,5,12,8,3,11,2,2,4,3,3,6,1,4,5,2,0,2,0,0,0,0,0,0,24,18,42
2020-03-19,0,0,0,2,1,3,9,5,14,12,3,15,4,2,6,4,4,8,1,5,6,4,1,5,0,0,0,0,0,0,36,21,57
2020-03-20,0,0,0,2,1,3,14,5,19,14,3,17,6,2,8,6,4,10,2,6,8,4,3,7,0,1,1,0,0,0,48,25,73
2020-03-21,2,0,2,3,3,6,16,5,21,15,7,22,8,3,11,9,7,16,5,7,12,6,3,9,0,1,1,0,0,0,64,36,100
2020-03-22,2,0,2,3,3,6,18,7,25,20,7,27,12,3,15,11,11,22,7,7,14,9,4,13,0,1,1,0,0,0,82,43,125
2020-03-23,2,0,2,4,3,7,20,9,29,25,9,34,14,4,18,15,13,28,8,9,17,12,6,18,1,1,2,0,0,0,101,54,155
2020-03-24,2,0,2,4,3,7,23,14,37,34,10,44,16,5,21,17,14,31,9,9,18,13,7,20,2,1,3,0,0,0,120,63,183
2020-03-25,4,0,4,5,4,9,27,18,45,36,12,48,20,5,25,19,14,33,11,9,20,14,7,21,3,3,6,0,1,1,139,73,212
2020-03-26,4,0,4,5,5,10,28,19,47,38,13,51,22,5,27,21,18,39,13,12,25,16,8,24,4,3,7,0,1,1,151,84,235
2020-03-27,4,0,4,5,5,10,29,21,50,42,13,55,23,8,31,22,19,41,15,14,29,16,10,26,4,3,7,0,1,1,160,94,254
2020-03-28,4,0,4,5,5,10,30,22,52,43,16,59,25,9,34,23,20,43,16,15,31,17,12,29,6,3,9,0,1,1,169,103,272
2020-03-29,4,0,4,5,5,10,33,25,58,49,19,68,25,9,34,24,24,48,18,19,37,20,14,34,6,3,9,1,1,2,185,119,304
2020-03-30,4,0,4,5,6,11,38,28,66,50,21,71,28,11,39,27,24,51,21,22,43,24,15,39,6,3,9,1,2,3,204,132,336
2020-03-31,5,0,5,5,7,12,40,30,70,52,22,74,31,12,43,32,24,56,23,23,46,27,19,46,6,4,10,1,4,5,222,145,367
2020-04-01,5,0,5,6,8,14,42,34,76,55,27,82,34,14,48,34,28,62,27,25,52,27,20,47,6,5,11,1,4,5,237,165,402
2020-04-02,5,0,5,6,8,14,43,34,77,58,32,90,36,15,51,36,31,67,29,25,54,35,22,57,6,9,15,2,7,9,256,183,439
2020-04-03,5,0,5,6,8,14,46,36,82,59,33,92,38,16,54,37,35,72,30,28,58,37,22,59,6,10,16,2,8,10,266,196,462
2020-04-04,5,2,7,6,8,14,48,38,86,60,33,93,38,17,55,39,36,75,31,30,61,37,22,59,6,11,17,3,8,11,273,205,478
2020-04-05,6,2,8,6,8,14,48,40,88,62,34,96,38,21,59,39,37,76,32,30,62,39,23,62,7,11,18,3,8,11,280,214,494
2020-04-06,6,2,8,6,8,14,49,42,91,65,37,102,39,21,60,40,42,82,35,32,67,41,25,66,7,12,19,3,8,11,291,229,520
2020-04-07,6,2,8,6,9,15,52,42,94,66,42,108,40,21,61,42,43,85,36,32,68,42,27,69,8,12,20,5,8,13,303,238,541
2020-04-08,8,2,10,7,9,16,53,43,96,67,49,116,41,23,64,44,43,87,37,32,69,44,28,72,8,12,20,5,8,13,314,249,563
2020-04-09,8,2,10,7,10,17,54,43,97,72,49,121,41,24,65,45,43,88,37,33,70,44,28,72,8,12,20,5,8,13,321,252,573
2020-04-10,8,2,10,7,10,17,54,44,98,76,52,128,41,24,65,46,43,89,37,33,70,44,28,72,8,12,20,5,8,13,326,256,582
2020-04-11,8,2,10,7,10,17,54,44,98,77,54,131,41,26,67,47,43,90,37,33,70,44,28,72,10,13,23,5,8,13,330,261,591
2020-04-12,8,2,10,7,10,17,55,44,99,80,57,137,41,26,67,47,45,92,37,33,70,44,29,73,11,14,25,5,8,13,335,268,603
2020-04-13,9,2,11,7,10,17,57,45,102,82,60,142,44,27,71,47,48,95,37,35,72,45,30,75,11,14,25,5,8,13,344,279,623
2020-04-14,9,2,11,7,10,17,60,47,107,86,61,147,45,29,74,49,49,98,40,36,76,47,30,77,11,15,26,5,9,14,359,288,647
2020-04-15,9,2,11,7,10,17,60,48,108,88,63,151,47,30,77,49,50,99,40,36,76,47,30,77,11,16,27,5,9,14,363,294,657
2020-04-16,9,2,11,7,10,17,60,50,110,92,65,157,48,30,78,52,52,104,41,36,77,50,31,81,11,22,33,6,10,16,376,308,684
2020-04-17,9,2,11,7,10,17,62,52,114,94,69,163,49,31,80,53,53,106,42,37,79,50,32,82,13,26,39,6,11,17,385,323,708
2020-04-18,9,3,12,7,10,17,63,53,116,94,70,164,51,33,84,54,54,108,44,38,82,51,33,84,14,31,45,6,14,20,393,339,732
2020-04-19,9,3,12,7,10,17,66,53,119,98,74,172,51,37,88,55,54,109,44,39,83,52,36,88,14,33,47,7,17,24,403,356,759
2020-04-20,9,3,12,7,10,17,66,54,120,100,75,175,53,38,91,58,57,115,45,39,84,52,39,91,17,34,51,8,18,26,415,367,782
2020-04-21,9,7,16,7,10,17,66,57,123,101,80,181,54,43,97,59,59,118,47,40,87,52,42,94,20,37,57,9,23,32,424,398,822
2020-04-22,10,7,17,8,11,19,73,64,137,106,84,190,57,47,104,60,63,123,50,42,92,54,49,103,23,43,66,14,29,43,455,439,894
2020-04-23,16,10,26,9,12,21,81,68,149,108,89,197,61,51,112,61,63,124,53,46,99,56,52,108,31,44,75,14,32,46,490,467,957
2020-04-24,17,10,27,10,14,24,85,75,160,116,93,209,64,54,118,63,69,132,56,47,103,56,52,108,33,47,80,14,32,46,514,493,1007
2020-04-25,20,11,31,12,14,26,85,79,164,119,95,214,66,61,127,66,69,135,57,48,105,56,52,108,34,49,83,14,32,46,529,510,1039
2020-04-26,21,13,34,14,14,28,85,83,168,121,98,219,68,62,130,66,69,135,57,48,105,56,53,109,35,50,85,14,32,46,537,522,1059
2020-04-27,23,15,38,15,16,31,89,89,178,125,109,234,76,67,143,68,72,140,60,48,108,58,54,112,38,52,90,15,33,48,567,555,1122
2020-04-28,23,15,38,17,17,34,90,92,182,133,111,244,77,70,147,72,72,144,62,49,111,61,54,115,39,57,96,15,35,50,589,572,1161
2020-04-29,24,17,41,19,20,39,93,94,187,137,112,249,81,75,156,73,74,147,63,50,113,63,55,118,39,60,99,15,35,50,607,592,1199
2020-04-30,27,17,44,19,25,44,95,95,190,145,117,262,85,78,163,77,75,152,64,50,114,64,55,119,39,61,100,15,35,50,630,608,1238
2020-05-01,30,20,50,23,26,49,101,103,204,146,122,268,89,82,171,80,77,157,66,51,117,64,55,119,39,62,101,16,35,51,654,633,1287
2020-05-02,34,22,56,26,31,57,106,109,215,151,129,280,91,83,174,80,78,158,66,51,117,65,55,120,39,63,102,16,35,51,674,656,1330
2020-05-03,35,23,58,32,32,64,108,116,224,154,137,291,93,84,177,83,78,161,67,53,120,65,55,120,40,64,104,16,35,51,693,677,1370
2020-05-04,37,27,64,36,35,71,114,123,237,163,146,309,96,89,185,85,80,165,70,53,123,65,55,120,41,66,107,16,36,52,723,710,1433
2020-05-05,41,33,74,40,42,82,122,134,256,179,156,335,104,104,208,91,85,176,71,57,128,67,58,125,47,76,123,17,43,60,779,788,1567
2020-05-06,43,39,82,43,47,90,131,141,272,188,168,356,113,110,223,94,85,179,73,58,131,69,60,129,48,77,125,18,44,62,820,829,1649
2020-05-07,49,45,94,48,53,101,143,159,302,200,178,378,122,117,239,100,89,189,74,62,136,69,61,130,51,78,129,18,46,64,874,888,1762
2020-05-08,60,54,114,57,65,122,159,177,336,216,197,413,138,129,267,105,91,196,80,65,145,73,61,134,52,82,134,19,46,65,959,967,1926
2020-05-09,62,58,120,59,71,130,169,186,355,231,213,444,150,134,284,114,97,211,84,68,152,74,63,137,52,82,134,20,46,66,1015,1018,2033
2020-05-10,67,63,130,65,77,142,183,195,378,259,228,487,183,137,320,138,103,241,88,71,159,74,65,139,53,82,135,20,46,66,1130,1067,2197
2020-05-11,74,71,145,70,84,154,195,206,401,277,246,523,193,147,340,142,106,248,92,74,166,75,66,141,54,85,139,20,47,67,1192,1132,2324
2020-05-12,82,89,171,77,94,171,225,239,464,302,267,569,207,161,368,154,115,269,98,77,175,79,72,151,54,86,140,23,49,72,1301,1249,2550
2020-05-13,91,96,187,87,103,190,249,257,506,319,285,604,226,176,402,164,125,289,106,84,190,79,73,152,55,89,144,23,52,75,1399,1340,2739
2020-05-14,109,116,225,107,125,232,275,287,562,337,308,645,241,190,431,181,139,320,111,89,200,80,74,154,55,90,145,23,52,75,1519,1470,2989
2020-05-15,122,135,257,115,140,255,294,306,600,356,333,689,260,206,466,192,150,342,113,92,205,82,76,158,55,92,147,24,53,77,1613,1583,3196
2020-05-16,135,146,281,124,152,276,317,334,651,370,352,722,284,224,508,202,160,362,116,95,211,84,78,162,57,95,152,24,57,81,1713,1693,3406
2020-05-17,151,156,307,139,168,307,346,349,695,398,372,770,297,236,533,217,170,387,118,103,221,86,78,164,61,101,162,24,58,82,1837,1791,3628
2020-05-18,174,180,354,158,185,343,392,396,788,431,414,845,321,259,580,235,194,429,127,109,236,94,83,177,64,106,170,25,61,86,2021,1987,4008
2020-05-19,202,206,408,178,207,385,429,437,866,472,448,920,342,284,626,250,203,453,133,117,250,95,85,180,66,111,177,26,63,89,2193,2161,4354
2020-05-20,223,223,446,192,233,425,470,481,951,502,483,985,371,307,678,273,221,494,144,126,270,97,91,188,67,116,183,27,64,91,2366,2345,4711
2020-05-21,242,242,484,217,251,468,505,527,1032,552,518,1070,397,336,733,295,235,530,157,127,284,103,96,199,69,118,187,27,67,94,2564,2517,5081
2020-05-22,259,252,511,232,269,501,538,576,1114,589,547,1136,428,370,798,315,248,563,168,135,303,103,100,203,70,119,189,28,68,96,2730,2684,5414
2020-05-23,278,283,561,251,292,543,573,609,1182,616,575,1191,462,391,853,330,269,599,175,140,315,106,103,209,72,129,201,28,70,98,2891,2861,5752
2020-05-24,293,296,589,262,303,565,599,639,1238,641,604,1245,494,411,905,344,281,625,182,142,324,107,107,214,75,130,205,29,71,100,3026,2984,6010
2020-05-25,315,315,630,278,317,595,627,671,1298,668,635,1303,518,434,952,359,295,654,187,151,338,112,117,229,76,137,213,30,72,102,3170,3144,6314
2020-05-26,338,333,671,301,344,645,668,716,1384,716,675,1391,550,461,1011,385,325,710,198,157,355,114,122,236,77,144,221,32,79,111,3379,3356,6735
2020-05-27,369,345,714,324,372,696,711,768,1479,762,715,1477,582,496,1078,411,344,755,205,166,371,122,130,252,80,148,228,32,82,114,3598,3566,7164
2020-05-28,400,360,760,348,402,750,761,821,1582,803,751,1554,613,537,1150,432,364,796,217,177,394,127,141,268,93,169,262,36,98,134,3830,3820,7650
2020-05-29,425,394,819,372,439,811,792,866,1658,854,783,1637,632,569,1201,452,379,831,228,188,416,137,150,287,96,181,277,36,105,141,4024,4054,8078
2020-05-30,436,412,848,396,462,858,822,904,1726,884,817,1701,648,586,1234,468,388,856,234,194,428,140,155,295,98,184,282,37,106,143,4163,4208,8371
2020-05-31,442,423,865,406,482,888,856,931,1787,904,843,1747,667,614,1281,484,405,889,241,198,439,147,160,307,105,186,291,39,106,145,4291,4348,8639
2020-06-01,463,440,903,423,509,932,894,970,1864,946,881,1827,704,646,1350,505,432,937,246,207,453,153,170,323,112,193,305,40,106,146,4486,4554,9040
2020-06-02,494,463,957,455,534,989,939,1014,1953,984,928,1912,735,675,1410,523,452,975,266,218,484,165,174,339,115,211,326,44,116,160,4720,4785,9505
2020-06-03,516,486,1002,470,556,1026,977,1066,2043,1035,969,2004,768,702,1470,548,477,1025,282,234,516,173,188,361,119,219,338,47,119,166,4935,5016,9951
2020-06-04,539,514,1053,488,582,1070,1021,1124,2145,1071,1015,2086,790,733,1523,574,500,1074,297,239,536,178,193,371,119,225,344,50,127,177,5127,5252,10379
2020-06-05,579,537,1116,522,608,1130,1067,1182,2249,1117,1066,2183,823,763,1586,599,522,1121,311,253,564,184,206,390,124,232,356,50,130,180,5376,5499,10875
2020-06-06,600,558,1158,537,633,1170,1104,1225,2329,1173,1098,2271,849,801,1650,618,539,1157,318,260,578,190,214,404,126,246,372,52,138,190,5567,5712,11279
2020-06-07,615,579,1194,558,647,1205,1138,1268,2406,1203,1124,2327,880,825,1705,633,553,1186,323,268,591,193,221,414,129,261,390,52,145,197,5724,5891,11615
2020-06-08,646,619,1265,584,683,1267,1195,1326,2521,1270,1179,2449,919,871,1790,677,582,1259,343,281,624,207,232,439,141,273,414,53,153,206,6035,6199,12234
2020-06-09,672,643,1315,618,714,1332,1241,1385,2626,1333,1248,2581,969,917,1886,717,625,1342,361,295,656,224,242,466,149,286,435,53,161,214,6337,6516,12853
2020-06-10,692,665,1357,639,742,1381,1301,1445,2746,1391,1315,2706,1022,957,1979,748,654,1402,377,313,690,240,258,498,157,315,472,54,178,232,6621,6842,13463
2020-06-11,722,692,1414,667,780,1447,1390,1529,2919,1459,1368,2827,1072,1010,2082,792,678,1470,393,328,721,254,271,525,163,327,490,54,184,238,6966,7167,14133
2020-06-12,764,730,1494,703,822,1525,1445,1601,3046,1522,1428,2950,1125,1062,2187,831,703,1534,412,350,762,268,282,550,167,331,498,55,188,243,7292,7497,14789
2020-06-13,797,750,1547,726,862,1588,1499,1654,3153,1572,1484,3056,1159,1105,2264,858,728,1586,430,362,792,277,295,572,172,347,519,58,199,257,7548,7786,15334
2020-06-14,817,775,1592,747,879,1626,1529,1697,3226,1617,1522,3139,1184,1128,2312,879,747,1626,442,375,817,282,305,587,176,360,536,59,207,266,7732,7995,15727
2020-06-15,846,793,1639,772,896,1668,1584,1749,3333,1664,1570,3234,1224,1155,2379,895,765,1660,455,383,838,288,312,600,180,369,549,63,209,272,7971,8201,16172
2020-06-16,885,831,1716,798,929,1727,1656,1818,3474,1750,1647,3397,1288,1198,2486,934,805,1739,481,403,884,305,324,629,184,385,569,64,214,278,8345,8554,16899
2020-06-17,923,861,1784,833,968,1801,1746,1904,3650,1842,1736,3578,1354,1273,2627,992,858,1850,515,430,945,334,336,670,193,410,603,65,225,290,8797,9001,17798
2020-06-18,950,898,1848,881,1007,1888,1837,1990,3827,1942,1829,3771,1437,1351,2788,1052,910,1962,541,446,987,346,351,697,201,425,626,66,231,297,9253,9438,18691
2020-06-19,981,933,1914,925,1059,1984,1917,2073,3990,2037,1914,3951,1502,1400,2902,1090,955,2045,572,475,1047,372,374,746,218,444,662,67,251,318,9681,9878,19559
2020-06-20,1013,972,1985,960,1099,2059,1987,2147,4134,2114,1974,4088,1555,1466,3021,1129,989,2118,591,492,1083,387,392,779,226,457,683,72,260,332,10034,10248,20282
2020-06-21,1036,1006,2042,999,1128,2127,2033,2197,4230,2185,2029,4214,1588,1510,3098,1161,1014,2175,613,500,1113,397,403,800,234,473,707,73,272,345,10319,10532,20851
2020-06-22,1089,1044,2133,1040,1180,2220,2133,2285,4418,2303,2111,4414,1671,1572,3243,1241,1065,2306,662,532,1194,419,432,851,253,493,746,77,282,359,10888,10996,21884
2020-06-23,1124,1082,2206,1083,1218,2301,2236,2384,4620,2385,2209,4594,1756,1640,3396,1308,1119,2427,686,555,1241,433,444,877,268,525,793,80,290,370,11359,11466,22825
2020-06-24,1154,1108,2262,1120,1263,2383,2348,2479,4827,2474,2298,4772,1836,1716,3552,1363,1170,2533,715,576,1291,450,454,904,278,542,820,83,303,386,11821,11909,23730
2020-06-25,1195,1149,2344,1165,1308,2473,2438,2584,5022,2578,2386,4964,1890,1781,3671,1417,1214,2631,744,593,1337,461,469,930,287,568,855,85,316,401,12260,12368,24628
2020-06-26,1234,1196,2430,1222,1348,2570,2521,2682,5203,2683,2481,5164,1953,1862,3815,1473,1261,2734,779,614,1393,474,485,959,298,588,886,87,330,417,12724,12847,25571
2020-06-27,1274,1231,2505,1257,1390,2647,2603,2753,5356,2748,2567,5315,1999,1914,3913,1513,1293,2806,811,634,1445,482,495,977,306,605,911,89,335,424,13082,13217,26299
2020-06-28,1302,1249,2551,1292,1413,2705,2678,2824,5502,2806,2619,5425,2065,1957,4022,1549,1329,2878,827,648,1475,490,505,995,315,618,933,91,343,434,13415,13505,26920
2020-06-29,1327,1277,2604,1339,1464,2803,2771,2906,5677,2915,2695,5610,2147,2039,4186,1601,1380,2981,860,668,1528,506,522,1028,333,642,975,94,356,450,13893,13949,27842
2020-06-30,1357,1310,2667,1391,1499,2890,2855,2990,5845,3002,2782,5784,2221,2111,4332,1660,1426,3086,888,696,1584,525,541,1066,352,667,1019,98,371,469,14349,14393,28742
2020-07-01,1384,1344,2728,1440,1539,2979,2935,3071,6006,3097,2870,5967,2281,2165,4446,1718,1470,3188,923,727,1650,542,555,1097,371,685,1056,101,380,481,14792,14806,29598
2020-07-02,1426,1375,2801,1482,1594,3076,3018,3173,6191,3177,2966,6143,2377,2235,4612,1767,1520,3287,972,752,1724,563,578,1141,379,702,1081,103,388,491,15264,15283,30547
2020-07-03,1468,1417,2885,1535,1639,3174,3114,3268,6382,3288,3049,6337,2452,2310,4762,1834,1574,3408,1007,777,1784,583,606,1189,385,726,1111,106,405,511,15772,15771,31543
2020-07-04,1495,1461,2956,1564,1664,3228,3179,3348,6527,3370,3123,6493,2524,2361,4885,1880,1618,3498,1042,805,1847,608,638,1246,391,776,1167,108,428,536,16161,16222,32383
2020-07-05,1516,1485,3001,1596,1695,3291,3233,3407,6640,3435,3178,6613,2585,2419,5004,1927,1663,3590,1073,830,1903,634,671,1305,405,809,1214,112,440,552,16516,16597,33113
2020-07-06,1544,1514,3058,1634,1730,3364,3327,3503,6830,3557,3277,6834,2680,2503,5183,2002,1720,3722,1124,868,1992,656,704,1360,418,857,1275,119,458,577,17061,17134,34195
2020-07-07,1581,1553,3134,1661,1767,3428,3439,3599,7038,3676,3373,7049,2766,2584,5350,2063,1773,3836,1157,894,2051,693,731,1424,431,883,1314,123,469,592,17590,17626,35216
2020-07-08,1622,1591,3213,1695,1808,3503,3535,3705,7240,3804,3487,7291,2846,2675,5521,2127,1849,3976,1206,929,2135,720,764,1484,452,924,1376,129,496,625,18136,18228,36364
2020-07-09,1658,1620,3278,1733,1850,3583,3605,3778,7383,3885,3588,7473,2922,2735,5657,2172,1879,4051,1250,977,2227,749,786,1535,468,964,1432,133,508,641,18575,18685,37260
2020-07-10,1694,1655,3349,1768,1881,3649,3677,3866,7543,3970,3677,7647,2995,2798,5793,2232,1940,4172,1298,1011,2309,767,803,1570,486,988,1474,136,520,656,19023,19139,38162
2020-07-11,1718,1684,3402,1795,1915,3710,3741,3936,7677,4054,3765,7819,3069,2860,5929,2288,1984,4272,1341,1036,2377,789,826,1615,492,1016,1508,140,530,670,19427,19552,38979
2020-07-12,1744,1704,3448,1819,1946,3765,3800,3990,7790,4122,3829,7951,3129,2900,6029,2340,2018,4358,1365,1062,2427,808,841,1649,510,1043,1553,143,546,689,19780,19879,39659
2020-07-13,1783,1737,3520,1869,1993,3862,3902,4101,8003,4256,3951,8207,3236,2999,6235,2428,2086,4514,1404,1097,2501,834,873,1707,530,1086,1616,150,570,720,20392,20493,40885
2020-07-14,1814,1771,3585,1907,2028,3935,4018,4206,8224,4385,4064,8449,3317,3081,6398,2495,2152,4647,1452,1137,2589,861,897,1758,542,1119,1661,158,589,747,20949,21044,41993
2020-07-15,1847,1805,3652,1949,2062,4011,4119,4311,8430,4500,4198,8698,3405,3183,6588,2568,2202,4770,1500,1171,2671,894,926,1820,555,1152,1707,163,615,778,21500,21625,43125
2020-07-16,1876,1846,3722,2000,2108,4108,4225,4407,8632,4642,4324,8966,3497,3273,6770,2643,2275,4918,1544,1209,2753,920,957,1877,574,1197,1771,174,650,824,22095,22246,44341
2020-07-17,1920,1871,3791,2029,2153,4182,4319,4547,8866,4764,4432,9196,3575,3362,6937,2709,2341,5050,1593,1242,2835,944,985,1929,594,1244,1838,181,682,863,22628,22859,45487
2020-07-18,1951,1907,3858,2075,2185,4260,4413,4631,9044,4882,4539,9421,3659,3461,7120,2779,2399,5178,1630,1277,2907,972,1018,1990,603,1276,1879,186,696,882,23150,23389,46539
2020-07-19,1983,1948,3931,2110,2216,4326,4488,4711,9199,4974,4632,9606,3735,3536,7271,2843,2450,5293,1672,1305,2977,995,1046,2041,619,1308,1927,194,714,908,23613,23866,47479
2020-07-20,2007,1991,3998,2149,2264,4413,4622,4834,9456,5125,4768,9893,3849,3635,7484,2916,2531,5447,1735,1358,3093,1021,1083,2104,645,1341,1986,196,727,923,24265,24532,48797
2020-07-21,2052,2025,4077,2192,2305,4497,4737,4972,9709,5272,4923,10195,3969,3752,7721,3015,2631,5646,1798,1387,3185,1046,1113,2159,665,1377,2042,199,753,952,24945,25238,50183
2020-07-22,2084,2052,4136,2230,2353,4583,4878,5089,9967,5412,5059,10471,4078,3843,7921,3111,2697,5808,1853,1432,3285,1087,1146,2233,684,1406,2090,203,774,977,25620,25851,51471
2020-07-23,2116,2092,4208,2263,2394,4657,5004,5227,10231,5535,5170,10705,4177,3938,8115,3199,2757,5956,1890,1466,3356,1115,1171,2286,706,1433,2139,206,785,991,26211,26433,52644
2020-07-24,2161,2128,4289,2310,2434,4744,5127,5345,10472,5684,5297,10981,4270,4052,8322,3296,2822,6118,1927,1509,3436,1135,1189,2324,722,1479,2201,211,805,1016,26843,27060,53903
2020-07-25,2186,2152,4338,2346,2461,4807,5205,5427,10632,5790,5394,11184,4363,4119,8482,3343,2874,6217,1963,1538,3501,1152,1214,2366,734,1501,2235,220,820,1040,27302,27500,54802
2020-07-26,2207,2178,4385,2370,2498,4868,5273,5504,10777,5861,5477,11338,4420,4184,8604,3381,2917,6298,1998,1557,3555,1178,1236,2414,754,1538,2292,225,834,1059,27667,27923,55590
2020-07-27,2235,2203,4438,2408,2538,4946,5394,5601,10995,6005,5616,11621,4507,4285,8792,3465,2995,6460,2041,1597,3638,1202,1265,2467,775,1563,2338,231,853,1084,28263,28516,56779
2020-07-28,2266,2226,4492,2456,2576,5032,5515,5716,11231,6154,5756,11910,4599,4379,8978,3554,3047,6601,2074,1640,3714,1234,1293,2527,795,1594,2389,233,874,1107,28880,29101,57981
2020-07-29,2287,2258,4545,2510,2623,5133,5628,5834,11462,6263,5877,12140,4700,4480,9180,3613,3121,6734,2125,1664,3789,1263,1319,2582,818,1630,2448,240,892,1132,29447,29698,59145
2020-07-30,2324,2283,4607,2544,2670,5214,5760,5947,11707,6400,6000,12400,4802,4582,9384,3669,3188,6857,2169,1688,3857,1282,1363,2645,836,1676,2512,245,920,1165,30031,30317,60348
2020-07-31,2352,2317,4669,2602,2719,5321,5863,6058,11921,6506,6117,12623,4905,4675,9580,3737,3257,6994,2227,1709,3936,1308,1395,2703,850,1715,2565,248,947,1195,30598,30909,61507
2020-08-01,2384,2351,4735,2633,2772,5405,5947,6167,12114,6617,6233,12850,5027,4765,9792,3798,3307,7105,2261,1738,3999,1324,1418,2742,863,1747,2610,253,958,1211,31107,31456,62563
2020-08-02,2412,2373,4785,2662,2811,5473,6028,6237,12265,6710,6320,13030,5110,4843,9953,3853,3353,7206,2301,1778,4079,1359,1446,2805,884,1790,2674,256,985,1241,31575,31936,63511
2020-08-03,2452,2417,4869,2725,2858,5583,6172,6388,12560,6872,6463,13335,5248,4968,10216,3940,3455,7395,2364,1831,4195,1391,1484,2875,905,1852,2757,260,1019,1279,32329,32735,65064
2020-08-04,2485,2445,4930,2772,2915,5687,6300,6512,12812,7028,6612,13640,5381,5104,10485,4030,3541,7571,2428,1873,4301,1432,1530,2962,929,1917,2846,266,1055,1321,33051,33504,66555
2020-08-05,2527,2482,5009,2831,2957,5788,6436,6642,13078,7188,6749,13937,5494,5223,10717,4121,3610,7731,2508,1932,4440,1468,1575,3043,956,1994,2950,273,1103,1376,33802,34267,68069
2020-08-06,2559,2513,5072,2883,2999,5882,6564,6759,13323,7308,6879,14187,5604,5315,10919,4192,3690,7882,2550,1980,4530,1489,1601,3090,971,2030,3001,280,1124,1404,34400,34890,69290
2020-08-07,2589,2541,5130,2918,3041,5959,6672,6875,13547,7423,6999,14422,5709,5402,11111,4266,3764,8030,2591,2033,4624,1520,1623,3143,989,2060,3049,286,1140,1426,34963,35478,70441
2020-08-08,2617,2571,5188,2954,3068,6022,6747,6964,13711,7515,7094,14609,5778,5483,11261,4325,3827,8152,2621,2064,4685,1540,1657,3197,999,2103,3102,289,1164,1453,35385,35995,71380
2020-08-09,2636,2585,5221,2988,3104,6092,6811,7047,13858,7592,7160,14752,5841,5551,11392,4388,3874,8262,2668,2101,4769,1558,1669,3227,1012,2125,3137,293,1169,1462,35787,36385,72172
2020-08-10,2665,2617,5282,3026,3143,6169,6924,7173,14097,7731,7298,15029,5949,5664,11613,4480,3951,8431,2705,2149,4854,1585,1694,3279,1027,2165,3192,297,1193,1490,36389,37047,73436
2020-08-11,2684,2640,5324,3054,3178,6232,7009,7281,14290,7868,7417,15285,6076,5746,11822,4558,4028,8586,2754,2183,4937,1612,1724,3336,1042,2212,3254,303,1215,1518,36960,37624,74584
2020-08-12,2712,2676,5388,3100,3209,6309,7112,7380,14492,7982,7534,15516,6170,5849,12019,4648,4105,8753,2798,2229,5027,1634,1747,3381,1052,2233,3285,309,1221,1530,37517,38183,75700
2020-08-13,2735,2697,5432,3142,3250,6392,7216,7485,14701,8088,7654,15742,6252,5948,12200,4711,4160,8871,2855,2256,5111,1654,1772,3426,1063,2252,3315,311,1227,1538,38027,38701,76728
2020-08-14,2761,2715,5476,3179,3294,6473,7314,7600,14914,8206,7763,15969,6340,6027,12367,4777,4212,8989,2896,2295,5191,1679,1792,3471,1077,2281,3358,315,1240,1555,38544,39219,77763
2020-08-15,2777,2735,5512,3217,3326,6543,7400,7695,15095,8309,7860,16169,6406,6103,12509,4835,4270,9105,2931,2334,5265,1706,1833,3539,1098,2342,3440,319,1270,1589,38998,39768,78766
2020-08-16,2796,2755,5551,3244,3345,6589,7484,7751,15235,8373,7924,16297,6474,6160,12634,4878,4303,9181,2962,2360,5322,1729,1850,3579,1109,2360,3469,322,1285,1607,39371,40093,79464
2020-08-17,2817,2771,5588,3292,3381,6673,7564,7855,15419,8482,8044,16526,6552,6233,12785,4951,4355,9306,3004,2390,5394,1758,1864,3622,1118,2380,3498,323,1294,1617,39861,40567,80428
2020-08-18,2840,2804,5644,3339,3417,6756,7690,7960,15650,8642,8166,16808,6670,6330,13000,5038,4446,9484,3047,2436,5483,1784,1892,3676,1131,2429,3560,328,1330,1658,40509,41210,81719
2020-08-19,2871,2833,5704,3378,3458,6836,7824,8080,15904,8795,8292,17087,6783,6443,13226,5119,4541,9660,3100,2479,5579,1807,1924,3731,1148,2462,3610,335,1352,1687,41160,41864,83024
2020-08-20,2900,2856,5756,3433,3498,6931,7934,8197,16131,8930,8414,17344,6891,6514,13405,5186,4606,9792,3160,2516,5676,1831,1952,3783,1168,2494,3662,339,1375,1714,41772,42422,84194
2020-08-21,2923,2878,5801,3475,3547,7022,8059,8314,16373,9072,8541,17613,6982,6622,13604,5265,4682,9947,3209,2551,5760,1851,1975,3826,1188,2514,3702,341,1387,1728,42365,43011,85376
2020-08-22,2949,2901,5850,3517,3576,7093,8158,8417,16575,9167,8651,17818,7067,6694,13761,5321,4743,10064,3249,2585,5834,1880,1998,3878,1199,2531,3730,342,1391,1733,42849,43487,86336
2020-08-23,2975,2926,5901,3555,3621,7176,8240,8506,16746,9249,8723,17972,7137,6773,13910,5381,4800,10181,3286,2625,5911,1902,2016,3918,1219,2554,3773,346,1402,1748,43290,43946,87236
2020-08-24,3009,2955,5964,3607,3659,7266,8373,8633,17006,9410,8858,18268,7264,6896,14160,5467,4892,10359,3346,2683,6029,1930,2044,3974,1233,2570,3803,349,1411,1760,43988,44601,88589
2020-08-25,3048,2978,6026,3660,3699,7359,8492,8785,17277,9572,9030,18602,7380,7023,14403,5565,4990,10555,3414,2733,6147,1969,2079,4048,1255,2609,3864,353,1430,1783,44708,45356,90064
2020-08-26,3086,3009,6095,3711,3759,7470,8636,8919,17555,9744,9171,18915,7538,7147,14685,5681,5070,10751,3469,2784,6253,2008,2127,4135,1272,2646,3918,356,1456,1812,45501,46088,91589
2020-08-27,3116,3049,6165,3771,3818,7589,8775,9086,17861,9923,9323,19246,7664,7287,14951,5772,5160,10932,3532,2835,6367,2036,2147,4183,1288,2696,3984,361,1475,1836,46238,46876,93114
2020-08-28,3138,3069,6207,3822,3872,7694,8905,9222,18127,10062,9464,19526,7777,7393,15170,5874,5249,11123,3589,2891,6480,2070,2180,4250,1302,2723,4025,362,1487,1849,46901,47550,94451
2020-08-29,3162,3086,6248,3853,3910,7763,8997,9316,18313,10164,9585,19749,7866,7485,15351,5943,5317,11260,3633,2935,6568,2091,2210,4301,1316,2744,4060,365,1493,1858,47390,48081,95471
2020-08-30,3176,3099,6275,3885,3948,7833,9070,9390,18460,10245,9670,19915,7937,7566,15503,6011,5371,11382,3676,2969,6645,2116,2230,4346,1327,2770,4097,367,1500,1867,47810,48513,96323
2020-08-31,3202,3119,6321,3926,3994,7920,9199,9528,18727,10398,9827,20225,8078,7677,15755,6097,5449,11546,3733,3016,6749,2150,2280,4430,1344,2827,4171,374,1520,1894,48501,49237,97738
2020-09-01,3221,3140,6361,3976,4041,8017,9314,9658,18972,10554,9955,20509,8217,7796,16013,6179,5521,11700,3794,3070,6864,2175,2314,4489,1364,2866,4230,378,1546,1924,49172,49907,99079
2020-09-02,3243,3153,6396,4016,4077,8093,9406,9766,19172,10676,10077,20753,8321,7893,16214,6245,5582,11827,3842,3114,6956,2194,2340,4534,1383,2886,4269,379,1549,1928,49705,50437,100142
2020-09-03,3255,3177,6432,4055,4105,8160,9524,9874,19398,10805,10197,21002,8430,7992,16422,6321,5644,11965,3897,3156,7053,2222,2371,4593,1399,2908,4307,383,1558,1941,50291,50982,101273
2020-09-04,3280,3196,6476,4089,4160,8249,9664,9975,19639,10924,10320,21244,8525,8106,16631,6399,5722,12121,3939,3192,7131,2244,2400,4644,1405,2925,4330,387,1571,1958,50856,51567,102423
2020-09-05,3291,3211,6502,4122,4189,8311,9747,10071,19818,11024,10420,21444,8624,8213,16837,6463,5775,12238,3973,3232,7205,2274,2429,4703,1416,2954,4370,389,1581,1970,51323,52075,103398
2020-09-06,3306,3226,6532,4154,4220,8374,9815,10130,19945,11081,10486,21567,8686,8271,16957,6512,5825,12337,4011,3261,7272,2296,2456,4752,1427,2968,4395,392,1588,1980,51680,52431,104111
2020-09-07,3327,3245,6572,4189,4256,8445,9930,10256,20186,11208,10602,21810,8778,8383,17161,6609,5909,12518,4071,3304,7375,2341,2494,4835,1451,3005,4456,394,1612,2006,52298,53066,105364
2020-09-08,3350,3265,6615,4224,4305,8529,10042,10365,20407,11352,10742,22094,8904,8501,17405,6693,5993,12686,4120,3351,7471,2376,2519,4895,1467,3043,4510,399,1624,2023,52927,53708,106635
2020-09-09,3375,3291,6666,4264,4351,8615,10174,10485,20659,11495,10878,22373,9013,8597,17610,6762,6065,12827,4184,3398,7582,2410,2551,4961,1475,3060,4535,405,1643,2048,53557,54319,107876
2020-09-10,3405,3309,6714,4303,4401,8704,10268,10586,20854,11612,10986,22598,9116,8697,17813,6856,6134,12990,4239,3433,7672,2444,2593,5037,1487,3106,4593,409,1674,2083,54139,54919,109058
2020-09-11,3435,3333,6768,4339,4450,8789,10352,10709,21061,11740,11096,22836,9239,8806,18045,6929,6216,13145,4272,3465,7737,2478,2625,5103,1500,3125,4625,410,1678,2088,54694,55503,110197
2020-09-12,3451,3345,6796,4367,4481,8848,10418,10785,21203,11816,11184,23000,9313,8891,18204,6981,6275,13256,4307,3500,7807,2493,2646,5139,1510,3151,4661,412,1696,2108,55068,55954,111022
2020-09-13,3467,3363,6830,4397,4507,8904,10474,10865,21339,11892,11256,23148,9373,8961,18334,7026,6312,13338,4346,3537,7883,2523,2668,5191,1517,3172,4689,414,1699,2113,55429,56340,111769
2020-09-14,3485,3379,6864,4433,4538,8971,10571,10968,21539,12016,11378,23394,9456,9042,18498,7095,6388,13483,4388,3578,7966,2554,2694,5248,1526,3195,4721,418,1706,2124,55942,56866,112808
2020-09-15,3513,3392,6905,4465,4574,9039,10653,11060,21713,12111,11476,23587,9538,9139,18677,7178,6452,13630,4440,3618,8058,2575,2722,5297,1539,3211,4750,420,1715,2135,56432,57359,113791
2020-09-16,3536,3409,6945,4506,4609,9115,10743,11154,21897,12208,11578,23786,9648,9221,18869,7248,6519,13767,4471,3650,8121,2594,2759,5353,1549,3237,4786,423,1733,2156,56926,57869,114795
2020-09-17,3551,3425,6976,4534,4645,9179,10838,11247,22085,12289,11679,23968,9723,9301,19024,7301,6567,13868,4520,3679,8199,2616,2778,5394,1562,3248,4810,426,1740,2166,57360,58309,115669
2020-09-18,3583,3453,7036,4572,4690,9262,10921,11357,22278,12386,11788,24174,9794,9380,19174,7357,6614,13971,4560,3708,8268,2633,2811,5444,1576,3264,4840,426,1750,2176,57808,58815,116623
2020-09-19,3594,3467,7061,4598,4721,9319,10980,11416,22396,12461,11872,24333,9862,9424,19286,7404,6658,14062,4600,3739,8339,2645,2829,5474,1580,3279,4859,426,1756,2182,58150,59161,117311
2020-09-20,3606,3482,7088,4620,4739,9359,11030,11464,22494,12512,11939,24451,9896,9463,19359,7432,6686,14118,4625,3775,8400,2663,2853,5516,1586,3288,4874,426,1762,2188,58396,59451,117847
2020-09-21,3624,3495,7119,4661,4768,9429,11114,11541,22655,12608,12006,24614,9983,9520,19503,7475,6736,14211,4665,3807,8472,2689,2882,5571,1597,3309,4906,426,1766,2192,58842,59830,118672
2020-09-22,3645,3507,7152,4693,4801,9494,11216,11628,22844,12701,12102,24803,10051,9604,19655,7537,6788,14325,4702,3846,8548,2710,2901,5611,1615,3339,4954,429,1779,2208,59299,60295,119594
2020-09-23,3666,3527,7193,4725,4839,9564,11304,11716,23020,12786,12187,24973,10125,9694,19819,7593,6846,14439,4738,3883,8621,2737,2926,5663,1623,3352,4975,433,1784,2217,59730,60754,120484
2020-09-24,3684,3545,7229,4763,4879,9642,11398,11806,23204,12880,12294,25174,10187,9765,19952,7664,6898,14562,4789,3921,8710,2760,2941,5701,1641,3374,5015,436,1789,2225,60202,61212,121414
2020-09-25,3703,3570,7273,4796,4904,9700,11489,11891,23380,12958,12396,25354,10276,9851,20127,7730,6962,14692,4830,3958,8788,2795,2974,5769,1651,3389,5040,439,1803,2242,60667,61698,122365
2020-09-26,3716,3580,7296,4825,4934,9759,11542,11945,23487,13015,12455,25470,10342,9904,20246,7768,7013,14781,4855,3988,8843,2814,2994,5808,1661,3402,5063,440,1811,2251,60978,62026,123004
2020-09-27,3734,3594,7328,4847,4965,9812,11614,11992,23606,13087,12522,25609,10406,9951,20357,7807,7055,14862,4877,4002,8879,2839,3007,5846,1667,3413,5080,443,1814,2257,61321,62315,123636
2020-09-28,3755,3610,7365,4881,4998,9879,11693,12084,23777,13184,12618,25802,10479,10028,20507,7865,7110,14975,4927,4046,8973,2860,3036,5896,1685,3436,5121,446,1820,2266,61775,62786,124561
2020-09-29,3789,3624,7413,4909,5019,9928,11792,12176,23968,13285,12703,25988,10565,10104,20669,7921,7171,15092,4966,4094,9060,2889,3069,5958,1695,3460,5155,446,1830,2276,62257,63250,125507
2020-09-30,3807,3647,7454,4935,5052,9987,11892,12279,24171,13383,12797,26180,10639,10186,20825,7980,7234,15214,5012,4125,9137,2919,3083,6002,1708,3481,5189,450,1835,2285,62725,63719,126444
2020-10-01,3827,3662,7489,4961,5091,10052,11984,12373,24357,13471,12886,26357,10701,10247,20948,8037,7297,15334,5043,4171,9214,2930,3109,6039,1718,3498,5216,452,1843,2295,63124,64177,127301
2020-10-02,3849,3679,7528,4997,5119,10116,12073,12455,24528,13548,12973,26521,10762,10325,21087,8091,7369,15460,5080,4209,9289,2949,3134,6083,1733,3517,5250,456,1854,2310,63538,64634,128172
2020-10-03,3870,3690,7560,5018,5148,10166,12131,12503,24634,13610,13017,26627,10805,10380,21185,8136,7418,15554,5105,4226,9331,2960,3141,6101,1738,3528,5266,457,1859,2316,63830,64910,128740
2020-10-04,3878,3697,7575,5038,5164,10202,12180,12558,24738,13657,13067,26724,10845,10418,21263,8168,7448,15616,5122,4251,9373,2975,3149,6124,1743,3536,5279,457,1866,2323,64063,65154,129217
2020-10-05,3889,3713,7602,5065,5188,10253,12251,12658,24909,13750,13143,26893,10915,10476,21391,8219,7504,15723,5171,4288,9459,2997,3170,6167,1751,3552,5303,458,1873,2331,64466,65565,130031
2020-10-06,3916,3730,7646,5091,5223,10314,12341,12754,25095,13852,13234,27086,10999,10547,21546,8282,7568,15850,5209,4320,9529,3012,3189,6201,1765,3568,5333,460,1879,2339,64927,66012,130939
2020-10-07,3930,3741,7671,5116,5254,10370,12436,12846,25282,13919,13318,27237,11077,10614,21691,8343,7626,15969,5237,4341,9578,3023,3209,6232,1776,3591,5367,460,1887,2347,65317,66427,131744
2020-10-08,3949,3755,7704,5142,5290,10432,12518,12929,25447,14003,13400,27403,11127,10695,21822,8392,7678,16070,5262,4371,9633,3042,3235,6277,1788,3625,5413,462,1902,2364,65685,66880,132565
2020-10-09,3968,3770,7738,5165,5321,10486,12578,13029,25607,14100,13491,27591,11187,10764,21951,8451,7734,16185,5288,4408,9696,3058,3259,6317,1804,3657,5461,465,1916,2381,66064,67349,133413
2020-10-10,3978,3776,7754,5183,5354,10537,12631,13082,25713,14163,13561,27724,11249,10812,22061,8492,7789,16281,5315,4436,9751,3074,3275,6349,1810,3668,5478,466,1918,2384,66361,67671,134032
2020-10-11,3991,3791,7782,5199,5377,10576,12671,13127,25798,14200,13615,27815,11291,10847,22138,8527,7818,16345,5329,4460,9789,3088,3291,6379,1818,3685,5503,468,1925,2393,66582,67936,134518
2020-10-12,4014,3807,7821,5221,5408,10629,12735,13172,25907,14268,13673,27941,11342,10892,22234,8564,7866,16430,5361,4485,9846,3106,3306,6412,1822,3702,5524,468,1931,2399,66901,68242,135143
2020-10-13,4030,3825,7855,5257,5437,10694,12816,13258,26074,14377,13761,28138,11417,10956,22373,8622,7909,16531,5398,4508,9906,3119,3325,6444,1830,3725,5555,470,1942,2412,67336,68646,135982
2020-10-14,4044,3840,7884,5288,5468,10756,12898,13342,26240,14454,13835,28289,11494,11022,22516,8685,7971,16656,5423,4538,9961,3139,3344,6483,1839,3735,5574,471,1948,2419,67735,69043,136778
2020-10-15,4060,3860,7920,5336,5513,10849,12992,13419,26411,14543,13916,28459,11558,11092,22650,8727,8017,16744,5449,4560,10009,3161,3368,6529,1846,3755,5601,474,1952,2426,68146,69452,137598
2020-10-16,4079,3870,7949,5363,5554,10917,13058,13524,26582,14622,13996,28618,11631,11153,22784,8778,8058,16836,5478,4590,10068,3180,3391,6571,1856,3782,5638,476,1968,2444,68521,69886,138407
2020-10-17,4092,3885,7977,5390,5578,10968,13113,13572,26685,14686,14073,28759,11674,11189,22863,8813,8089,16902,5501,4617,10118,3189,3398,6587,1863,3791,5654,479,1971,2450,68800,70163,138963
2020-10-18,4102,3893,7995,5409,5599,11008,13155,13613,26768,14730,14105,28835,11699,11217,22916,8836,8115,16951,5516,4635,10151,3204,3412,6616,1864,3799,5663,479,1976,2455,68994,70364,139358
2020-10-19,4121,3906,8027,5431,5628,11059,13215,13669,26884,14784,14165,28949,11769,11264,23033,8879,8154,17033,5545,4657,10202,3227,3435,6662,1868,3812,5680,480,1980,2460,69319,70670,139989
2020-10-20,4128,3916,8044,5449,5652,11101,13286,13744,27030,14853,14224,29077,11823,11321,23144,8931,8191,17122,5572,4682,10254,3240,3446,6686,1880,3830,5710,481,1986,2467,69643,70992,140635
2020-10-21,4143,3927,8070,5474,5677,11151,13341,13805,27146,14902,14275,29177,11877,11360,23237,8959,8233,17192,5601,4703,10304,3252,3462,6714,1883,3837,5720,482,1989,2471,69914,71268,141182
2020-10-22,4155,3937,8092,5500,5698,11198,13398,13871,27269,14956,14322,29278,11920,11395,23315,8986,8257,17243,5622,4719,10341,3263,3475,6738,1888,3844,5732,483,1989,2472,70171,71507,141678
2020-10-23,4167,3946,8113,5523,5715,11238,13449,13945,27394,15004,14377,29381,11976,11442,23418,9023,8287,17310,5652,4744,10396,3271,3487,6758,1899,3851,5750,484,1990,2474,70448,71784,142232
2020-10-24,4175,3958,8133,5540,5732,11272,13489,13988,27477,15043,14426,29469,12009,11473,23482,9061,8310,17371,5670,4759,10429,3283,3498,6781,1904,3858,5762,484,1994,2478,70658,71996,142654
2020-10-25,4183,3968,8151,5553,5749,11302,13523,14025,27548,15068,14459,29527,12044,11501,23545,9080,8333,17413,5687,4766,10453,3288,3505,6793,1907,3863,5770,484,1995,2479,70817,72164,142981
2020-10-26,4194,3973,8167,5567,5782,11349,13573,14067,27640,15129,14518,29647,12087,11538,23625,9115,8367,17482,5709,4788,10497,3296,3513,6809,1917,3875,5792,489,1999,2488,71076,72420,143496
2020-10-27,4201,3983,8184,5593,5808,11401,13630,14128,27758,15189,14571,29760,12140,11587,23727,9156,8407,17563,5730,4813,10543,3305,3529,6834,1927,3891,5818,490,2001,2491,71361,72718,144079
2020-10-28,4216,3995,8211,5620,5830,11450,13682,14184,27866,15240,14617,29857,12180,11619,23799,9186,8438,17624,5754,4833,10587,3314,3539,6853,1933,3895,5828,493,2004,2497,71618,72954,144572
2020-10-29,4227,4001,8228,5633,5844,11477,13729,14226,27955,15287,14666,29953,12215,11648,23863,9211,8461,17672,5768,4849,10617,3332,3546,6878,1937,3907,5844,494,2011,2505,71833,73159,144992
2020-10-30,4233,4006,8239,5641,5851,11492,13763,14262,28025,15338,14695,30033,12241,11681,23922,9227,8483,17710,5778,4865,10643,3345,3557,6902,1940,3911,5851,495,2013,2508,72001,73324,145325
2020-10-31,4235,4010,8245,5649,5863,11512,13784,14291,28075,15364,14725,30089,12263,11703,23966,9242,8499,17741,5790,4876,10666,3349,3563,6912,1944,3915,5859,495,2013,2508,72115,73458,145573
2020-11-01,4244,4018,8262,5659,5879,11538,13824,14319,28143,15397,14756,30153,12296,11730,24026,9261,8520,17781,5805,4885,10690,3356,3569,6925,1946,3919,5865,495,2014,2509,72283,73609,145892
2020-11-02,4252,4025,8277,5670,5904,11574,13860,14366,28226,15442,14796,30238,12337,11766,24103,9295,8547,17842,5821,4894,10715,3358,3578,6936,1951,3926,5877,495,2018,2513,72481,73820,146301
2020-11-03,4262,4031,8293,5690,5915,11605,13914,14399,28313,15475,14832,30307,12373,11794,24167,9320,8567,17887,5834,4917,10751,3362,3588,6950,1953,3936,5889,495,2020,2515,72678,73999,146677
2020-11-04,4271,4036,8307,5695,5930,11625,13959,14448,28407,15519,14871,30390,12397,11832,24229,9342,8594,17936,5855,4932,10787,3368,3601,6969,1956,3944,5900,495,2023,2518,72857,74211,147068
2020-11-05,4285,4046,8331,5723,5948,11671,14016,14512,28528,15574,14909,30483,12435,11871,24306,9371,8620,17991,5878,4949,10827,3381,3614,6995,1959,3961,5920,496,2029,2525,73118,74459,147577
2020-11-06,4298,4053,8351,5743,5966,11709,14038,14547,28585,15617,14956,30573,12475,11901,24376,9397,8642,18039,5900,4969,10869,3393,3624,7017,1962,3970,5932,497,2031,2528,73320,74659,147979
2020-11-07,4305,4058,8363,5751,5976,11727,14061,14582,28643,15660,14997,30657,12509,11934,24443,9411,8663,18074,5915,4987,10902,3401,3631,7032,1966,3975,5941,497,2031,2528,73476,74834,148310
2020-11-08,4311,4064,8375,5759,5988,11747,14080,14623,28703,15688,15023,30711,12535,11951,24486,9429,8684,18113,5930,4997,10927,3406,3633,7039,1970,3981,5951,498,2031,2529,73606,74975,148581
2020-11-09,4324,4069,8393,5778,6002,11780,14114,14679,28793,15731,15067,30798,12585,11988,24573,9466,8728,18194,5951,5019,10970,3423,3640,7063,1972,3988,5960,498,2033,2531,73842,75213,149055
2020-11-10,4334,4079,8413,5795,6015,11810,14161,14731,28892,15800,15107,30907,12617,12017,24634,9490,8746,18236,5973,5038,11011,3439,3664,7103,1977,3998,5975,501,2034,2535,74087,75429,149516
2020-11-11,4344,4086,8430,5811,6035,11846,14212,14780,28992,15851,15155,31006,12656,12054,24710,9530,8767,18297,5990,5058,11048,3449,3678,7127,1980,4005,5985,502,2038,2540,74325,75656,149981
2020-11-12,4355,4093,8448,5828,6052,11880,14266,14823,29089,15892,15196,31088,12690,12088,24778,9555,8793,18348,6004,5069,11073,3453,3686,7139,1983,4007,5990,503,2043,2546,74529,75850,150379
2020-11-13,4363,4098,8461,5849,6068,11917,14306,14867,29173,15929,15227,31156,12736,12120,24856,9580,8816,18396,6024,5090,11114,3468,3692,7160,1986,4016,6002,505,2050,2555,74746,76044,150790
2020-11-14,4369,4104,8473,5865,6083,11948,14336,14905,29241,15966,15255,31221,12765,12142,24907,9609,8836,18445,6043,5102,11145,3476,3701,7177,1990,4021,6011,506,2051,2557,74925,76200,151125
2020-11-15,4373,4111,8484,5875,6101,11976,14359,14929,29288,15988,15281,31269,12790,12160,24950,9628,8849,18477,6051,5112,11163,3483,3710,7193,1992,4030,6022,507,2051,2558,75046,76334,151380
2020-11-16,4379,4120,8499,5891,6120,12011,14388,14970,29358,16027,15315,31342,12815,12187,25002,9650,8871,18521,6061,5128,11189,3495,3720,7215,2000,4036,6036,508,2053,2561,75214,76520,151734
2020-11-17,4387,4126,8513,5910,6139,12049,14436,15011,29447,16070,15361,31431,12853,12221,25074,9676,8902,18578,6081,5142,11223,3503,3730,7233,2005,4048,6053,510,2059,2569,75431,76739,152170
2020-11-18,4391,4133,8524,5927,6159,12086,14481,15064,29545,16119,15399,31518,12891,12250,25141,9701,8935,18636,6093,5159,11252,3515,3743,7258,2009,4059,6068,510,2064,2574,75637,76965,152602
2020-11-19,4395,4137,8532,5938,6174,12112,14529,15096,29625,16149,15435,31584,12912,12275,25187,9728,8959,18687,6109,5171,11280,3521,3752,7273,2011,4063,6074,510,2069,2579,75802,77131,152933
2020-11-20,4400,4142,8542,5957,6195,12152,14569,15125,29694,16178,15457,31635,12932,12289,25221,9741,8974,18715,6124,5184,11308,3527,3757,7284,2016,4065,6081,512,2071,2583,75956,77259,153215
2020-11-21,4406,4152,8558,5971,6212,12183,14597,15156,29753,16213,15489,31702,12950,12325,25275,9756,8991,18747,6137,5198,11335,3534,3764,7298,2019,4068,6087,512,2074,2586,76095,77429,153524
2020-11-22,4410,4155,8565,5981,6219,12200,14618,15178,29796,16231,15510,31741,12970,12341,25311,9768,8998,18766,6152,5204,11356,3539,3773,7312,2021,4069,6090,512,2075,2587,76202,77522,153724
2020-11-23,4415,4158,8573,5987,6227,12214,14639,15205,29844,16260,15535,31795,12993,12352,25345,9774,9017,18791,6161,5209,11370,3549,3779,7328,2024,4071,6095,512,2077,2589,76314,77630,153944
2020-11-24,4422,4162,8584,5996,6243,12239,14680,15250,29930,16305,15574,31879,13024,12374,25398,9795,9033,18828,6180,5221,11401,3557,3787,7344,2028,4073,6101,512,2079,2591,76499,77796,154295
2020-11-25,4437,4168,8605,6010,6255,12265,14731,15303,30034,16361,15622,31983,13060,12413,25473,9821,9055,18876,6199,5235,11434,3565,3800,7365,2032,4079,6111,513,2081,2594,76729,78011,154740
2020-11-26,4440,4181,8621,6022,6280,12302,14772,15341,30113,16415,15655,32070,13085,12435,25520,9838,9087,18925,6209,5251,11460,3569,3804,7373,2037,4083,6120,514,2085,2599,76901,78202,155103
2020-11-27,4447,4185,8632,6040,6293,12333,14820,15380,30200,16455,15679,32134,13119,12462,25581,9863,9107,18970,6223,5267,11490,3579,3809,7388,2040,4087,6127,516,2087,2603,77102,78356,155458
2020-11-28,4453,4191,8644,6056,6308,12364,14851,15421,30272,16487,15707,32194,13142,12486,25628,9875,9124,18999,6231,5282,11513,3584,3812,7396,2041,4090,6131,516,2088,2604,77236,78509,155745
2020-11-29,4460,4192,8652,6068,6321,12389,14881,15454,30335,16523,15733,32256,13166,12503,25669,9894,9139,19033,6236,5295,11531,3587,3816,7403,2045,4095,6140,519,2088,2607,77379,78636,156015
2020-11-30,4468,4197,8665,6080,6335,12415,14919,15487,30406,16559,15762,32321,13198,12524,25722,9909,9164,19073,6243,5305,11548,3598,3828,7426,2048,4103,6151,519,2091,2610,77541,78796,156337
2020-12-01,4478,4202,8680,6090,6346,12436,14956,15515,30471,16591,15812,32403,13231,12547,25778,9925,9178,19103,6257,5314,11571,3604,3833,7437,2051,4106,6157,519,2091,2610,77702,78944,156646
2020-12-02,4480,4206,8686,6098,6360,12458,14985,15541,30526,16621,15836,32457,13246,12570,25816,9934,9191,19125,6270,5322,11592,3610,3844,7454,2054,4112,6166,522,2096,2618,77820,79078,156898
2020-12-03,4485,4210,8695,6111,6372,12483,15019,15564,30583,16657,15866,32523,13274,12586,25860,9952,9206,19158,6282,5335,11617,3618,3856,7474,2057,4116,6173,524,2098,2622,77979,79209,157188
2020-12-04,4495,4215,8710,6126,6390,12516,15045,15601,30646,16695,15905,32600,13306,12618,25924,9973,9227,19200,6296,5347,11643,3626,3862,7488,2062,4119,6181,525,2098,2623,78149,79382,157531
2020-12-05,4501,4220,8721,6136,6404,12540,15070,15632,30702,16724,15936,32660,13326,12645,25971,9991,9245,19236,6310,5359,11669,3632,3872,7504,2068,4124,6192,525,2099,2624,78283,79536,157819
2020-12-06,4508,4224,8732,6144,6411,12555,15092,15654,30746,16750,15955,32705,13344,12666,26010,10011,9260,19271,6319,5368,11687,3637,3876,7513,2073,4126,6199,525,2099,2624,78403,79639,158042
2020-12-07,4512,4229,8741,6150,6423,12573,15109,15680,30789,16770,15978,32748,13374,12683,26057,10024,9280,19304,6331,5378,11709,3643,3881,7524,2075,4128,6203,525,2101,2626,78513,79761,158274
2020-12-08,4520,4231,8751,6162,6437,12599,15139,15709,30848,16806,16009,32815,13414,12706,26120,10046,9299,19345,6350,5384,11734,3656,3890,7546,2078,4133,6211,526,2103,2629,78697,79901,158598
2020-12-09,4525,4239,8764,6187,6454,12641,15186,15752,30938,16851,16044,32895,13451,12744,26195,10075,9326,19401,6366,5401,11767,3663,3905,7568,2080,4137,6217,526,2107,2633,78910,80109,159019
2020-12-10,4530,4247,8777,6200,6478,12678,15224,15804,31028,16905,16082,32987,13491,12787,26278,10099,9351,19450,6383,5416,11799,3672,3918,7590,2083,4143,6226,526,2109,2635,79113,80335,159448
2020-12-11,4542,4255,8797,6210,6490,12700,15275,15853,31128,16939,16124,33063,13529,12814,26343,10117,9382,19499,6394,5435,11829,3676,3929,7605,2088,4150,6238,526,2110,2636,79296,80542,159838
2020-12-12,4550,4259,8809,6226,6503,12729,15327,15903,31230,16978,16155,33133,13555,12840,26395,10132,9397,19529,6407,5449,11856,3688,3935,7623,2090,4150,6240,526,2110,2636,79479,80701,160180
2020-12-13,4552,4264,8816,6243,6518,12761,15366,15935,31301,17008,16196,33204,13580,12865,26445,10147,9417,19564,6425,5459,11884,3698,3942,7640,2095,4153,6248,528,2110,2638,79642,80859,160501
2020-12-14,4557,4268,8825,6261,6536,12797,15429,15993,31422,17077,16243,33320,13621,12909,26530,10178,9443,19621,6442,5481,11923,3710,3954,7664,2099,4164,6263,529,2112,2641,79903,81103,161006
2020-12-15,4561,4271,8832,6284,6558,12842,15492,16051,31543,17139,16296,33435,13673,12946,26619,10201,9472,19673,6464,5491,11955,3720,3961,7681,2107,4167,6274,531,2115,2646,80172,81328,161500
2020-12-16,4570,4280,8850,6305,6587,12892,15579,16118,31697,17189,16339,33528,13701,12976,26677,10228,9502,19730,6480,5510,11990,3735,3970,7705,2116,4172,6288,534,2119,2653,80437,81573,162010
2020-12-17,4580,4284,8864,6332,6619,12951,15691,16211,31902,17260,16405,33665,13743,13030,26773,10253,9540,19793,6492,5535,12027,3751,3984,7735,2120,4178,6298,535,2121,2656,80757,81907,162664
2020-12-18,4584,4293,8877,6372,6642,13014,15780,16292,32072,17329,16479,33808,13800,13072,26872,10286,9579,19865,6518,5562,12080,3766,3999,7765,2124,4191,6315,535,2132,2667,81094,82241,163335
2020-12-19,4594,4298,8892,6404,6673,13077,15848,16346,32194,17386,16532,33918,13846,13117,26963,10315,9608,19923,6537,5580,12117,3779,4009,7788,2129,4199,6328,535,2133,2668,81373,82495,163868
2020-12-20,4598,4307,8905,6428,6687,13115,15916,16394,32310,17424,16578,34002,13889,13171,27060,10345,9630,19975,6565,5598,12163,3788,4016,7804,2132,4203,6335,538,2135,2673,81623,82719,164342
2020-12-21,4608,4316,8924,6458,6720,13178,16010,16497,32507,17511,16668,34179,13948,13229,27177,10400,9671,20071,6612,5622,12234,3808,4034,7842,2136,4212,6348,539,2137,2676,82030,83106,165136
2020-12-22,4616,4329,8945,6486,6753,13239,16100,16590,32690,17627,16745,34372,14007,13292,27299,10456,9726,20182,6633,5647,12280,3826,4051,7877,2141,4221,6362,540,2140,2680,82432,83494,165926
2020-12-23,4626,4340,8966,6516,6793,13309,16236,16711,32947,17744,16840,34584,14075,13365,27440,10530,9788,20318,6659,5679,12338,3853,4073,7926,2145,4232,6377,541,2142,2683,82925,83963,166888
2020-12-24,4628,4342,8970,6534,6818,13352,16305,16771,33076,17812,16885,34697,14107,13413,27520,10561,9814,20375,6680,5691,12371,3865,4080,7945,2147,4238,6385,541,2143,2684,83180,84195,167375
2020-12-25,4631,4349,8980,6549,6833,13382,16348,16811,33159,17847,16914,34761,14152,13444,27596,10585,9833,20418,6700,5706,12406,3871,4087,7958,2148,4239,6387,541,2144,2685,83372,84360,167732
2020-12-26,4642,4359,9001,6579,6871,13450,16464,16921,33385,17959,17011,34970,14224,13531,27755,10663,9889,20552,6741,5752,12493,3887,4105,7992,2151,4246,6397,542,2145,2687,83852,84830,168682
2020-12-27,4655,4364,9019,6604,6913,13517,16563,17013,33576,18053,17085,35138,14288,13582,27870,10716,9931,20647,6764,5780,12544,3903,4122,8025,2153,4252,6405,542,2145,2687,84241,85187,169428
2020-12-28,4673,4383,9056,6650,6981,13631,16719,17153,33872,18169,17218,35387,14411,13685,28096,10815,10000,20815,6806,5820,12626,3936,4155,8091,2164,4269,6433,544,2147,2691,84887,85811,170698
2020-12-29,4681,4401,9082,6703,7045,13748,16906,17333,34239,18333,17357,35690,14513,13784,28297,10884,10089,20973,6856,5875,12731,3970,4189,8159,2176,4278,6454,547,2150,2697,85569,86501,172070
2020-12-30,4707,4420,9127,6768,7119,13887,17089,17490,34579,18484,17493,35977,14628,13906,28534,10966,10171,21137,6906,5940,12846,4005,4223,8228,2185,4292,6477,550,2154,2704,86288,87208,173496
2020-12-31,4716,4427,9143,6805,7166,13971,17236,17613,34849,18570,17572,36142,14690,13983,28673,11012,10211,21223,6933,5967,12900,4026,4236,8262,2193,4297,6490,550,2154,2704,86731,87626,174357
2021-01-01,4721,4429,9150,6824,7181,14005,17269,17655,34924,18609,17615,36224,14715,14019,28734,11030,10229,21259,6953,5993,12946,4035,4247,8282,2195,4300,6495,550,2154,2704,86901,87822,174723
2021-01-02,4728,4440,9168,6876,7231,14107,17373,17775,35148,18719,17708,36427,14797,14110,28907,11107,10297,21404,6998,6035,13033,4055,4269,8324,2200,4304,6504,556,2154,2710,87409,88323,175732
2021-01-03,4744,4453,9197,6917,7277,14194,17497,17925,35422,18827,17801,36628,14880,14186,29066,11167,10367,21534,7038,6069,13107,4074,4293,8367,2208,4311,6519,557,2155,2712,87909,88837,176746
2021-01-04,4759,4463,9222,6986,7340,14326,17724,18139,35863,19004,17968,36972,14996,14290,29286,11266,10470,21736,7091,6122,13213,4103,4327,8430,2221,4333,6554,560,2160,2720,88710,89612,178322
2021-01-05,4779,4484,9263,7063,7415,14478,17971,18395,36366,19178,18130,37308,15113,14391,29504,11371,10544,21915,7150,6180,13330,4125,4361,8486,2227,4351,6578,562,2169,2731,89539,90420,179959
2021-01-06,4794,4497,9291,7136,7489,14625,18210,18624,36834,19360,18287,37647,15229,14495,29724,11460,10620,22080,7203,6240,13443,4157,4393,8550,2236,4366,6602,563,2173,2736,90348,91184,181532
2021-01-07,4815,4510,9325,7198,7562,14760,18405,18836,37241,19511,18433,37944,15336,14605,29941,11543,10710,22253,7248,6283,13531,4184,4430,8614,2244,4374,6618,568,2177,2745,91052,91920,182972
2021-01-08,4830,4527,9357,7257,7631,14888,18597,19025,37622,19651,18559,38210,15450,14721,30171,11632,10789,22421,7301,6339,13640,4209,4455,8664,2252,4388,6640,569,2183,2752,91748,92617,184365
2021-01-09,4837,4535,9372,7301,7680,14981,18738,19203,37941,19774,18654,38428,15545,14813,30358,11692,10862,22554,7347,6380,13727,4224,4482,8706,2258,4399,6657,571,2186,2757,92287,93194,185481
2021-01-10,4846,4539,9385,7346,7716,15062,18846,19341,38187,19844,18733,38577,15604,14878,30482,11747,10911,22658,7374,6412,13786,4238,4502,8740,2265,4405,6670,574,2188,2762,92684,93625,186309
2021-01-11,4853,4549,9402,7411,7774,15185,19036,19533,38569,19958,18855,38813,15695,14951,30646,11827,10987,22814,7417,6456,13873,4272,4527,8799,2272,4415,6687,575,2192,2767,93316,94239,187555
2021-01-12,4864,4556,9420,7464,7848,15312,19240,19724,38964,20105,18985,39090,15781,15048,30829,11894,11067,22961,7463,6499,13962,4305,4555,8860,2285,4431,6716,575,2196,2771,93976,94909,188885
2021-01-13,4880,4571,9451,7526,7940,15466,19419,19928,39347,20255,19125,39380,15881,15145,31026,11966,11140,23106,7512,6551,14063,4333,4571,8904,2297,4442,6739,576,2202,2778,94645,95615,190260
2021-01-14,4897,4581,9478,7590,8007,15597,19576,20121,39697,20390,19232,39622,15962,15227,31189,12035,11216,23251,7558,6590,14148,4358,4601,8959,2310,4450,6760,580,2203,2783,95256,96228,191484
2021-01-15,4911,4592,9503,7672,8064,15736,19764,20278,40042,20518,19339,39857,16064,15303,31367,12114,11306,23420,7605,6625,14230,4380,4625,9005,2319,4466,6785,580,2206,2786,95927,96804,192731
2021-01-16,4918,4603,9521,7734,8135,15869,19889,20411,40300,20622,19437,40059,16136,15384,31520,12162,11358,23520,7639,6653,14292,4402,4643,9045,2325,4475,6800,581,2212,2793,96408,97311,193719
2021-01-17,4923,4611,9534,7790,8182,15972,20002,20545,40547,20709,19515,40224,16199,15441,31640,12214,11408,23622,7684,6676,14360,4422,4650,9072,2331,4481,6812,582,2213,2795,96856,97722,194578
2021-01-18,4936,4624,9560,7864,8251,16115,20223,20729,40952,20838,19641,40479,16297,15527,31824,12297,11488,23785,7741,6724,14465,4449,4681,9130,2342,4497,6839,583,2216,2799,97570,98378,195948
2021-01-19,4950,4631,9581,7937,8339,16276,20384,20905,41289,20978,19742,40720,16384,15623,32007,12349,11549,23898,7788,6764,14552,4475,4707,9182,2355,4514,6869,583,2222,2805,98183,98996,197179
2021-01-20,4956,4637,9593,8022,8403,16425,20564,21071,41635,21095,19843,40938,16477,15722,32199,12421,11620,24041,7820,6815,14635,4497,4732,9229,2368,4534,6902,583,2228,2811,98803,99605,198408
2021-01-21,4966,4646,9612,8097,8468,16565,20692,21217,41909,21213,19952,41165,16580,15813,32393,12493,11709,24202,7863,6855,14718,4524,4757,9281,2379,4557,6936,587,2234,2821,99394,100208,199602
2021-01-22,4985,4656,9641,8157,8528,16685,20836,21374,42210,21309,20054,41363,16645,15888,32533,12558,11781,24339,7906,6882,14788,4544,4777,9321,2391,4567,6958,590,2237,2827,99921,100744,200665
2021-01-23,4992,4668,9660,8220,8598,16818,20949,21482,42431,21390,20119,41509,16698,15946,32644,12612,11845,24457,7936,6917,14853,4566,4806,9372,2395,4579,6974,592,2237,2829,100350,101197,201547
2021-01-24,5000,4680,9680,8288,8655,16943,21077,21566,42643,21477,20199,41676,16746,16004,32750,12651,11886,24537,7970,6942,14912,4587,4818,9405,2399,4585,6984,592,2237,2829,100787,101572,202359
2021-01-25,5010,4692,9702,8392,8765,17157,21239,21716,42955,21597,20286,41883,16843,16103,32946,12721,11945,24666,8023,6981,15004,4611,4849,9460,2407,4598,7005,595,2239,2834,101438,102174,203612
2021-01-26,5024,4706,9730,8490,8874,17364,21377,21865,43242,21694,20377,42071,16922,16192,33114,12792,12014,24806,8067,7015,15082,4637,4874,9511,2417,4619,7036,597,2248,2845,102017,102784,204801
2021-01-27,5031,4719,9750,8596,8965,17561,21496,21993,43489,21785,20454,42239,16989,16268,33257,12847,12062,24909,8110,7050,15160,4655,4891,9546,2425,4633,7058,598,2250,2848,102532,103285,205817
2021-01-28,5043,4729,9772,8674,9063,17737,21649,22114,43763,21888,20533,42421,17069,16352,33421,12911,12118,25029,8155,7087,15242,4668,4914,9582,2429,4646,7075,598,2254,2852,103084,103810,206894
2021-01-29,5063,4743,9806,8760,9160,17920,21756,22236,43992,21978,20629,42607,17146,16437,33583,12966,12199,25165,8184,7123,15307,4686,4939,9625,2435,4662,7097,601,2257,2858,103575,104385,207960
2021-01-30,5071,4749,9820,8874,9248,18122,21855,22338,44193,22042,20709,42751,17211,16503,33714,13004,12249,25253,8214,7157,15371,4698,4957,9655,2438,4671,7109,602,2259,2861,104009,104840,208849
2021-01-31,5074,4762,9836,8980,9340,18320,21944,22440,44384,22093,20778,42871,17285,16575,33860,13049,12297,25346,8243,7190,15433,4715,4970,9685,2441,4676,7117,602,2261,2863,104426,105289,209715
2021-02-01,5086,4776,9862,9082,9461,18543,22073,22562,44635,22185,20867,43052,17382,16659,34041,13115,12371,25486,8287,7238,15525,4748,5005,9753,2449,4689,7138,602,2265,2867,105009,105893,210902
2021-02-02,5093,4791,9884,9160,9549,18709,22185,22692,44877,22281,20968,43249,17458,16734,34192,13181,12434,25615,8331,7273,15604,4766,5020,9786,2457,4709,7166,602,2268,2870,105514,106438,211952
2021-02-03,5107,4805,9912,9242,9609,18851,22308,22800,45108,22371,21063,43434,17531,16811,34342,13248,12510,25758,8373,7319,15692,4789,5042,9831,2469,4724,7193,605,2268,2873,106043,106951,212994
2021-02-04,5112,4815,9927,9299,9667,18966,22406,22900,45306,22445,21147,43592,17608,16877,34485,13306,12574,25880,8418,7350,15768,4806,5065,9871,2480,4741,7221,605,2273,2878,106485,107409,213894
2021-02-05,5120,4824,9944,9353,9716,19069,22490,22995,45485,22530,21235,43765,17670,16952,34622,13353,12632,25985,8453,7372,15825,4825,5086,9911,2485,4750,7235,606,2277,2883,106885,107839,214724
2021-02-06,5127,4829,9956,9385,9754,19139,22568,23059,45627,22588,21300,43888,17723,17013,34736,13391,12672,26063,8478,7405,15883,4841,5102,9943,2492,4757,7249,606,2279,2885,107199,108170,215369
2021-02-07,5130,4834,9964,9416,9783,19199,22617,23113,45730,22643,21361,44004,17764,17044,34808,13432,12709,26141,8504,7437,15941,4862,5115,9977,2496,4766,7262,606,2282,2888,107470,108444,215914
2021-02-08,5141,4850,9991,9476,9833,19309,22696,23201,45897,22727,21449,44176,17860,17125,34985,13486,12774,26260,8553,7473,16026,4887,5148,10035,2502,4781,7283,608,2285,2893,107936,108919,216855
2021-02-09,5150,4854,10004,9519,9859,19378,22771,23269,46040,22800,21528,44328,17927,17184,35111,13528,12815,26343,8585,7507,16092,4899,5163,10062,2510,4790,7300,609,2286,2895,108298,109255,217553
2021-02-10,5165,4861,10026,9558,9900,19458,22839,23351,46190,22879,21619,44498,17990,17245,35235,13573,12857,26430,8617,7531,16148,4916,5182,10098,2515,4798,7313,610,2290,2900,108662,109634,218296
2021-02-11,5170,4870,10040,9587,9934,19521,22916,23430,46346,22947,21685,44632,18046,17298,35344,13611,12923,26534,8661,7566,16227,4938,5203,10141,2519,4800,7319,613,2295,2908,109008,110004,219012
2021-02-12,5180,4880,10060,9625,9973,19598,22981,23504,46485,23024,21754,44778,18107,17351,35458,13655,12960,26615,8688,7594,16282,4957,5220,10177,2530,4814,7344,615,2299,2914,109362,110349,219711
2021-02-13,5190,4883,10073,9654,9999,19653,23039,23560,46599,23081,21808,44889,18160,17402,35562,13693,12994,26687,8708,7613,16321,4975,5241,10216,2531,4822,7353,619,2301,2920,109650,110623,220273
2021-02-14,5196,4888,10084,9677,10027,19704,23071,23611,46682,23119,21864,44983,18213,17449,35662,13723,13025,26748,8733,7641,16374,4987,5259,10246,2536,4828,7364,619,2302,2921,109874,110894,220768
2021-02-15,5199,4894,10093,9707,10056,19763,23121,23668,46789,23173,21935,45108,18270,17504,35774,13757,13058,26815,8757,7661,16418,4994,5267,10261,2542,4833,7375,619,2307,2926,110139,111183,221322
2021-02-16,5208,4906,10114,9731,10091,19822,23167,23726,46893,23233,21987,45220,18319,17550,35869,13782,13093,26875,8780,7691,16471,5010,5290,10300,2550,4840,7390,620,2312,2932,110400,111486,221886
2021-02-17,5222,4914,10136,9762,10118,19880,23253,23827,47080,23324,22071,45395,18391,17616,36007,13831,13150,26981,8834,7722,16556,5030,5303,10333,2557,4854,7411,621,2314,2935,110825,111889,222714
2021-02-18,5228,4927,10155,9796,10144,19940,23354,23936,47290,23404,22163,45567,18447,17691,36138,13868,13205,27073,8871,7747,16618,5053,5318,10371,2561,4860,7421,622,2319,2941,111204,112310,223514
2021-02-19,5233,4933,10166,9837,10177,20014,23431,24021,47452,23519,22252,45771,18510,17753,36263,13903,13252,27155,8903,7772,16675,5071,5332,10403,2563,4867,7430,622,2319,2941,111592,112678,224270
2021-02-20,5240,4938,10178,9864,10197,20061,23497,24090,47587,23591,22308,45899,18550,17810,36360,13940,13292,27232,8935,7794,16729,5086,5348,10434,2567,4875,7442,623,2320,2943,111893,112972,224865
2021-02-21,5249,4942,10191,9885,10230,20115,23565,24148,47713,23653,22371,46024,18596,17851,36447,13970,13331,27301,8955,7825,16780,5097,5361,10458,2570,4879,7449,623,2324,2947,112163,113262,225425
2021-02-22,5259,4952,10211,9920,10258,20178,23648,24227,47875,23734,22435,46169,18652,17895,36547,14024,13363,27387,8973,7855,16828,5113,5375,10488,2574,4885,7459,625,2325,2950,112522,113570,226092
2021-02-23,5271,4963,10234,9949,10297,20246,23739,24305,48044,23808,22517,46325,18712,17942,36654,14064,13405,27469,9014,7881,16895,5128,5388,10516,2583,4893,7476,628,2325,2953,112896,113916,226812
2021-02-24,5285,4969,10254,9984,10332,20316,23823,24381,48204,23874,22569,46443,18764,18002,36766,14101,13456,27557,9042,7906,16948,5140,5409,10549,2584,4898,7482,630,2329,2959,113227,114251,227478
2021-02-25,5299,4983,10282,10019,10376,20395,23921,24482,48403,23951,22653,46604,18819,18078,36897,14153,13502,27655,9080,7928,17008,5155,5431,10586,2589,4904,7493,633,2334,2967,113619,114671,228290
2021-02-26,5307,4993,10300,10057,10404,20461,23982,24560,48542,24023,22704,46727,18858,18137,36995,14200,13551,27751,9106,7958,17064,5173,5457,10630,2594,4917,7511,635,2336,2971,113935,115017,228952
2021-02-27,5316,4996,10312,10077,10425,20502,24040,24625,48665,24077,22755,46832,18900,18195,37095,14242,13581,27823,9138,7979,17117,5179,5473,10652,2601,4922,7523,635,2337,2972,114205,115288,229493
2021-02-28,5323,4997,10320,10100,10444,20544,24077,24675,48752,24132,22807,46939,18939,18238,37177,14272,13601,27873,9156,7998,17154,5184,5481,10665,2603,4929,7532,635,2341,2976,114421,115511,229932
2021-03-01,5339,5016,10355,10142,10478,20620,24142,24748,48890,24232,22885,47117,19005,18304,37309,14323,13651,27974,9188,8022,17210,5198,5502,10700,2607,4944,7551,635,2343,2978,114811,115893,230704
2021-03-02,5353,5026,10379,10179,10511,20690,24210,24816,49026,24305,22961,47266,19053,18350,37403,14359,13697,28056,9222,8047,17269,5213,5513,10726,2611,4956,7567,635,2345,2980,115140,116222,231362
2021-03-03,5368,5035,10403,10221,10549,20770,24297,24894,49191,24381,23041,47422,19117,18399,37516,14396,13741,28137,9273,8075,17348,5228,5533,10761,2618,4967,7585,635,2349,2984,115534,116583,232117
2021-03-04,5384,5047,10431,10254,10593,20847,24373,24961,49334,24454,23103,47557,19183,18460,37643,14447,13783,28230,9309,8107,17416,5239,5547,10786,2619,4975,7594,636,2349,2985,115898,116925,232823
2021-03-05,5406,5055,10461,10311,10647,20958,24462,25052,49514,24525,23195,47720,19266,18518,37784,14504,13835,28339,9334,8141,17475,5255,5568,10823,2621,4985,7606,638,2352,2990,116322,117348,233670
2021-03-06,5411,5063,10474,10351,10695,21046,24508,25107,49615,24585,23248,47833,19318,18583,37901,14531,13875,28406,9367,8172,17539,5274,5572,10846,2626,4989,7615,638,2355,2993,116609,117659,234268
2021-03-07,5417,5077,10494,10383,10730,21113,24554,25157,49711,24644,23300,47944,19361,18629,37990,14572,13910,28482,9394,8200,17594,5281,5588,10869,2633,4992,7625,638,2356,2994,116877,117939,234816
2021-03-08,5434,5088,10522,10427,10756,21183,24634,25234,49868,24752,23379,48131,19442,18707,38149,14619,13969,28588,9439,8231,17670,5296,5608,10904,2644,5004,7648,639,2360,2999,117326,118336,235662
2021-03-09,5447,5107,10554,10473,10828,21301,24714,25308,50022,24833,23469,48302,19514,18789,38303,14686,14014,28700,9477,8264,17741,5317,5623,10940,2654,5013,7667,639,2362,3001,117754,118777,236531
2021-03-10,5467,5119,10586,10513,10880,21393,24777,25398,50175,24927,23540,48467,19566,18855,38421,14735,14076,28811,9509,8301,17810,5332,5649,10981,2658,5021,7679,639,2365,3004,118123,119204,237327
2021-03-11,5484,5140,10624,10559,10948,21507,24850,25502,50352,25014,23615,48629,19644,18921,38565,14785,14123,28908,9546,8329,17875,5348,5664,11012,2666,5033,7699,640,2367,3007,118536,119642,238178
2021-03-12,5503,5149,10652,10632,11016,21648,24928,25567,50495,25097,23687,48784,19721,19005,38726,14840,14186,29026,9571,8357,17928,5381,5689,11070,2671,5049,7720,642,2373,3015,118986,120078,239064
2021-03-13,5513,5157,10670,10681,11071,21752,25005,25632,50637,25158,23759,48917,19788,19067,38855,14886,14238,29124,9590,8381,17971,5397,5701,11098,2674,5052,7726,642,2376,3018,119334,120434,239768
2021-03-14,5522,5164,10686,10709,11123,21832,25065,25694,50759,25221,23814,49035,19834,19124,38958,14930,14286,29216,9621,8408,18029,5416,5716,11132,2679,5057,7736,642,2378,3020,119639,120764,240403
2021-03-15,5534,5186,10720,10757,11170,21927,25142,25756,50898,25319,23890,49209,19920,19184,39104,15011,14340,29351,9663,8445,18108,5447,5736,11183,2685,5065,7750,644,2388,3032,120122,121160,241282
2021-03-16,5548,5198,10746,10821,11223,22044,25231,25852,51083,25388,23971,49359,20023,19258,39281,15072,14392,29464,9690,8476,18166,5457,5748,11205,2694,5084,7778,647,2392,3039,120571,121594,242165
2021-03-17,5564,5214,10778,10890,11279,22169,25326,25949,51275,25486,24058,49544,20085,19332,39417,15114,14430,29544,9731,8511,18242,5480,5765,11245,2697,5089,7786,647,2394,3041,121020,122021,243041
2021-03-18,5582,5228,10810,10946,11334,22280,25416,26045,51461,25570,24151,49721,20151,19406,39557,15175,14479,29654,9762,8554,18316,5494,5798,11292,2702,5100,7802,647,2400,3047,121445,122495,243940
2021-03-19,5601,5248,10849,11002,11399,22401,25501,26153,51654,25670,24246,49916,20228,19495,39723,15225,14532,29757,9797,8592,18389,5522,5820,11342,2706,5113,7819,647,2401,3048,121899,122999,244898
2021-03-20,5608,5263,10871,11032,11445,22477,25568,26218,51786,25753,24313,50066,20305,19544,39849,15271,14577,29848,9832,8611,18443,5533,5835,11368,2709,5119,7828,647,2403,3050,122258,123328,245586
2021-03-21,5621,5277,10898,11072,11489,22561,25618,26280,51898,25837,24383,50220,20372,19607,39979,15304,14623,29927,9869,8643,18512,5555,5861,11416,2713,5128,7841,648,2403,3051,122609,123694,246303
2021-03-22,5638,5297,10935,11137,11554,22691,25740,26393,52133,25961,24514,50475,20468,19707,40175,15388,14699,30087,9910,8681,18591,5577,5878,11455,2719,5142,7861,649,2410,3059,123187,124275,247462
2021-03-23,5658,5310,10968,11198,11639,22837,25865,26532,52397,26098,24637,50735,20575,19814,40389,15477,14766,30243,9965,8743,18708,5604,5906,11510,2724,5159,7883,650,2414,3064,123814,124920,248734
2021-03-24,5678,5323,11001,11285,11722,23007,25985,26679,52664,26228,24753,50981,20695,19914,40609,15565,14850,30415,10020,8789,18809,5631,5933,11564,2733,5164,7897,653,2419,3072,124473,125546,250019
2021-03-25,5697,5344,11041,11369,11802,23171,26159,26859,53018,26376,24903,51279,20817,20035,40852,15652,14959,30611,10073,8845,18918,5665,5964,11629,2746,5178,7924,653,2422,3075,125207,126311,251518
2021-03-26,5730,5369,11099,11471,11890,23361,26336,27066,53402,26523,25045,51568,20972,20181,41153,15744,15054,30798,10125,8904,19029,5699,5999,11698,2757,5194,7951,653,2426,3079,126010,127128,253138
2021-03-27,5751,5389,11140,11547,11959,23506,26480,27216,53696,26647,25181,51828,21087,20317,41404,15829,15129,30958,10183,8961,19144,5726,6027,11753,2768,5205,7973,654,2429,3083,126672,127813,254485
2021-03-28,5772,5403,11175,11614,12037,23651,26614,27325,53939,26780,25304,52084,21213,20414,41627,15917,15211,31128,10232,9008,19240,5757,6053,11810,2776,5213,7989,655,2431,3086,127330,128399,255729
2021-03-29,5811,5433,11244,11721,12143,23864,26825,27532,54357,26943,25509,52452,21366,20556,41922,16060,15321,31381,10327,9059,19386,5801,6089,11890,2782,5226,8008,657,2436,3093,128293,129304,257597
2021-03-30,5833,5463,11296,11835,12251,24086,27062,27790,54852,27164,25702,52866,21543,20720,42263,16182,15446,31628,10403,9119,19522,5836,6136,11972,2792,5248,8040,664,2440,3104,129314,130315,259629
2021-03-31,5866,5494,11360,11959,12367,24326,27347,28054,55401,27396,25900,53296,21740,20891,42631,16296,15576,31872,10476,9187,19663,5865,6169,12034,2805,5266,8071,665,2447,3112,130415,131351,261766
2021-04-01,5886,5516,11402,12088,12509,24597,27641,28318,55959,27610,26116,53726,21885,21063,42948,16438,15698,32136,10564,9271,19835,5897,6202,12099,2816,5273,8089,668,2449,3117,131493,132415,263908
2021-04-02,5909,5546,11455,12214,12670,24884,27826,28512,56338,27801,26288,54089,22045,21211,43256,16544,15803,32347,10640,9332,19972,5931,6242,12173,2822,5285,8107,670,2450,3120,132402,133339,265741
2021-04-03,5932,5570,11502,12327,12776,25103,28012,28696,56708,28011,26493,54504,22227,21388,43615,16675,15927,32602,10714,9411,20125,5970,6284,12254,2835,5298,8133,673,2456,3129,133376,134299,267675
2021-04-04,5961,5592,11553,12444,12889,25333,28222,28911,57133,28215,26676,54891,22418,21544,43962,16798,16043,32841,10793,9483,20276,6001,6323,12324,2839,5310,8149,675,2459,3134,134366,135230,269596
2021-04-05,6003,5639,11642,12632,13073,25705,28565,29266,57831,28518,27023,55541,22653,21806,44459,17002,16251,33253,10915,9589,20504,6055,6383,12438,2853,5334,8187,675,2465,3140,135871,136829,272700
2021-04-06,6047,5677,11724,12788,13254,26042,28945,29603,58548,28840,27345,56185,22906,22062,44968,17195,16438,33633,11029,9689,20718,6102,6432,12534,2874,5347,8221,679,2471,3150,137405,138318,275723
2021-04-07,6089,5736,11825,12997,13462,26459,29339,30013,59352,29208,27623,56831,23168,22325,45493,17389,16613,34002,11131,9800,20931,6151,6476,12627,2892,5366,8258,682,2476,3158,139046,139890,278936
2021-04-08,6135,5788,11923,13184,13630,26814,29702,30385,60087,29518,27948,57466,23404,22592,45996,17589,16798,34387,11225,9894,21119,6203,6525,12728,2910,5390,8300,684,2479,3163,140554,141429,281983
2021-04-09,6199,5838,12037,13355,13794,27149,30007,30735,60742,29842,28267,58109,23656,22841,46497,17726,16978,34704,11307,9985,21292,6241,6566,12807,2928,5408,8336,688,2486,3174,141949,142898,284847
2021-04-10,6243,5870,12113,13509,13951,27460,30239,31032,61271,30073,28525,58598,23868,23048,46916,17860,17122,34982,11406,10075,21481,6286,6600,12886,2941,5430,8371,690,2490,3180,143115,144143,287258
2021-04-11,6272,5902,12174,13649,14130,27779,30415,31206,61621,30305,28752,59057,24057,23252,47309,17995,17252,35247,11506,10162,21668,6337,6653,12990,2950,5443,8393,692,2498,3190,144178,145250,289428
2021-04-12,6344,5949,12293,13830,14318,28148,30726,31511,62237,30653,29023,59676,24307,23527,47834,18201,17450,35651,11655,10286,21941,6411,6723,13134,2965,5468,8433,695,2503,3198,145787,146758,292545
2021-04-13,6394,5991,12385,13991,14472,28463,31018,31826,62844,30951,29311,60262,24569,23768,48337,18396,17643,36039,11782,10398,22180,6467,6782,13249,2986,5495,8481,700,2510,3210,147254,148196,295450
2021-04-14,6433,6058,12491,14167,14643,28810,31320,32165,63485,31252,29582,60834,24841,24053,48894,18619,17833,36452,11909,10541,22450,6540,6841,13381,2995,5516,8511,703,2520,3223,148779,149752,298531
2021-04-15,6486,6106,12592,14314,14780,29094,31586,32437,64023,31518,29860,61378,25081,24268,49349,18836,18003,36839,12027,10659,22686,6604,6902,13506,3009,5538,8547,706,2526,3232,150167,151079,301246
2021-04-16,6536,6152,12688,14468,14918,29386,31828,32737,64565,31829,30176,62005,25384,24545,49929,19046,18175,37221,12179,10787,22966,6665,6973,13638,3029,5560,8589,708,2533,3241,151672,152556,304228
2021-04-17,6577,6184,12761,14575,15054,29629,32054,33028,65082,32074,30442,62516,25617,24745,50362,19210,18336,37546,12298,10903,23201,6731,7045,13776,3039,5584,8623,711,2542,3253,152886,153863,306749
2021-04-18,6616,6226,12842,14678,15164,29842,32240,33223,65463,32306,30668,62974,25829,24940,50769,19394,18472,37866,12401,11003,23404,6785,7086,13871,3054,5603,8657,712,2549,3261,154015,154934,308949
2021-04-19,6667,6281,12948,14819,15308,30127,32555,33551,66106,32673,31004,63677,26120,25272,51392,19614,18677,38291,12562,11141,23703,6859,7148,14007,3070,5626,8696,712,2555,3267,155651,156563,312214
2021-04-20,6743,6343,13086,14964,15456,30420,32838,33860,66698,33010,31358,64368,26427,25557,51984,19837,18866,38703,12718,11272,23990,6917,7213,14130,3090,5663,8753,717,2559,3276,157261,158147,315408
2021-04-21,6791,6388,13179,15113,15616,30729,33108,34177,67285,33337,31666,65003,26729,25830,52559,20037,19066,39103,12861,11407,24268,6986,7277,14263,3118,5695,8813,720,2569,3289,158800,159691,318491
2021-04-22,6853,6446,13299,15256,15784,31040,33328,34410,67738,33631,31947,65578,26979,26069,53048,20215,19248,39463,12976,11525,24501,7047,7337,14384,3136,5721,8857,725,2578,3303,160146,161065,321211
2021-04-23,6916,6498,13414,15396,15941,31337,33592,34667,68259,33939,32235,66174,27238,26364,53602,20387,19434,39821,13092,11626,24718,7091,7407,14498,3153,5744,8897,727,2590,3317,161531,162506,324037
2021-04-24,6952,6531,13483,15491,16036,31527,33761,34854,68615,34132,32444,66576,27461,26576,54037,20550,19562,40112,13188,11700,24888,7125,7449,14574,3163,5771,8934,728,2601,3329,162551,163524,326075
2021-04-25,6997,6562,13559,15573,16121,31694,33910,35030,68940,34330,32640,66970,27643,26764,54407,20713,19694,40407,13271,11784,25055,7160,7487,14647,3174,5790,8964,729,2602,3331,163500,164474,327974
2021-04-26,7063,6603,13666,15672,16257,31929,34126,35276,69402,34629,32896,67525,27891,27029,54920,20903,19854,40757,13388,11891,25279,7208,7556,14764,3188,5815,9003,733,2608,3341,164801,165785,330586
2021-04-27,7121,6669,13790,15800,16390,32190,34338,35519,69857,34900,33186,68086,28107,27288,55395,21056,20022,41078,13504,11990,25494,7275,7621,14896,3213,5840,9053,738,2611,3349,166052,167136,333188
2021-04-28,7203,6717,13920,15951,16520,32471,34548,35730,70278,35167,33444,68611,28333,27539,55872,21227,20200,41427,13627,12099,25726,7335,7668,15003,3227,5864,9091,742,2618,3360,167360,168399,335759
2021-04-29,7249,6769,14018,16092,16664,32756,34776,35969,70745,35398,33727,69125,28556,27758,56314,21379,20363,41742,13736,12207,25943,7387,7727,15114,3242,5881,9123,744,2622,3366,168559,169687,338246
2021-04-30,7322,6832,14154,16216,16791,33007,34979,36221,71200,35633,33998,69631,28789,27979,56768,21549,20527,42076,13846,12342,26188,7442,7789,15231,3258,5899,9157,748,2630,3378,169782,171008,340790
2021-05-01,7365,6862,14227,16298,16870,33168,35121,36378,71499,35803,34179,69982,28942,28147,57089,21664,20640,42304,13947,12424,26371,7476,7831,15307,3265,5921,9186,748,2636,3384,170629,171888,342517
2021-05-02,7394,6896,14290,16377,16946,33323,35239,36528,71767,35955,34358,70313,29107,28312,57419,21783,20771,42554,14032,12505,26537,7512,7874,15386,3276,5939,9215,749,2641,3390,171424,172770,344194
2021-05-03,7468,6953,14421,16497,17088,33585,35472,36781,72253,36256,34655,70911,29371,28582,57953,21973,20976,42949,14173,12619,26792,7559,7934,15493,3302,5970,9272,755,2652,3407,172826,174210,347036
2021-05-04,7517,7021,14538,16618,17217,33835,35713,36988,72701,36522,34916,71438,29591,28789,58380,22153,21134,43287,14297,12711,27008,7603,7985,15588,3320,5991,9311,758,2663,3421,174092,175415,349507
2021-05-05,7570,7078,14648,16731,17322,34053,35931,37193,73124,36758,35159,71917,29781,28998,58779,22301,21303,43604,14392,12802,27194,7635,8036,15671,3335,6015,9350,763,2671,3434,175197,176577,351774
2021-05-06,7619,7126,14745,16816,17424,34240,36109,37413,73522,36958,35356,72314,29952,29181,59133,22442,21427,43869,14486,12887,27373,7675,8081,15756,3342,6037,9379,763,2682,3445,176162,177614,353776
2021-05-07,7664,7184,14848,16948,17543,34491,36283,37623,73906,37170,35574,72744,30123,29364,59487,22581,21572,44153,14583,12990,27573,7718,8124,15842,3361,6056,9417,766,2690,3456,177197,178720,355917
2021-05-08,7701,7207,14908,17020,17625,34645,36435,37771,74206,37339,35734,73073,30264,29545,59809,22702,21686,44388,14657,13053,27710,7752,8157,15909,3372,6075,9447,773,2701,3474,178015,179554,357569
2021-05-09,7736,7247,14983,17089,17698,34787,36557,37889,74446,37478,35902,73380,30406,29693,60099,22796,21769,44565,14731,13124,27855,7782,8188,15970,3382,6091,9473,777,2711,3488,178734,180312,359046
2021-05-10,7790,7309,15099,17234,17835,35069,36787,38148,74935,37751,36179,73930,30653,29939,60592,22996,21975,44971,14849,13250,28099,7845,8244,16089,3404,6132,9536,781,2719,3500,180090,181730,361820
2021-05-11,7852,7364,15216,17361,17936,35297,36993,38398,75391,38021,36446,74467,30891,30183,61074,23163,22137,45300,14949,13346,28295,7893,8289,16182,3415,6160,9575,790,2732,3522,181328,182991,364319
2021-05-12,7912,7429,15341,17465,18049,35514,37230,38625,75855,38279,36702,74981,31127,30406,61533,23334,22314,45648,15053,13433,28486,7941,8339,16280,3431,6192,9623,797,2743,3540,182569,184232,366801
2021-05-13,7982,7458,15440,17575,18162,35737,37415,38822,76237,38503,36924,75427,31330,30607,61937,23492,22495,45987,15128,13512,28640,7982,8387,16369,3445,6213,9658,802,2752,3554,183654,185332,368986
2021-05-14,8056,7522,15578,17707,18312,36019,37635,39084,76719,38770,37238,76008,31594,30852,62446,23675,22670,46345,15220,13628,28848,8035,8447,16482,3464,6235,9699,804,2760,3564,184960,186748,371708
2021-05-15,8123,7563,15686,17814,18448,36262,37807,39259,77066,38967,37428,76395,31795,31048,62843,23823,22809,46632,15305,13697,29002,8064,8492,16556,3480,6257,9737,804,2769,3573,185982,187770,373752
2021-05-16,8158,7609,15767,17890,18530,36420,37951,39430,77381,39162,37630,76792,31998,31250,63248,23966,22918,46884,15384,13770,29154,8103,8532,16635,3490,6268,9758,807,2781,3588,186909,188718,375627
2021-05-17,8251,7674,15925,18053,18709,36762,38263,39738,78001,39510,37964,77474,32314,31595,63909,24192,23168,47360,15521,13889,29410,8166,8604,16770,3523,6308,9831,814,2795,3609,188607,190444,379051
2021-05-18,8337,7748,16085,18223,18851,37074,38555,40052,78607,39861,38279,78140,32565,31876,64441,24405,23390,47795,15639,14007,29646,8229,8658,16887,3544,6341,9885,816,2815,3631,190174,192017,382191
2021-05-19,8416,7824,16240,18398,19021,37419,38861,40385,79246,40166,38585,78751,32884,32165,65049,24605,23580,48185,15767,14105,29872,8275,8726,17001,3565,6371,9936,818,2823,3641,191755,193585,385340
2021-05-20,8485,7885,16370,18550,19179,37729,39149,40717,79866,40468,38888,79356,33129,32435,65564,24792,23742,48534,15861,14213,30074,8336,8784,17120,3583,6418,10001,820,2829,3649,193173,195090,388263
2021-05-21,8551,7954,16505,18701,19330,38031,39392,40999,80391,40731,39178,79909,33385,32690,66075,24992,23939,48931,15958,14307,30265,8373,8833,17206,3602,6450,10052,824,2836,3660,194509,196516,391025
2021-05-22,8602,7986,16588,18787,19437,38224,39553,41175,80728,40965,39382,80347,33555,32865,66420,25138,24091,49229,16045,14383,30428,8401,8876,17277,3615,6484,10099,827,2853,3680,195488,197532,393020
2021-05-23,8630,8021,16651,18881,19552,38433,39736,41332,81068,41161,39584,80745,33746,33027,66773,25291,24225,49516,16129,14429,30558,8434,8913,17347,3635,6505,10140,828,2860,3688,196471,198448,394919
2021-05-24,8688,8055,16743,19001,19695,38696,39971,41569,81540,41448,39857,81305,34033,33310,67343,25483,24409,49892,16242,14514,30756,8472,8960,17432,3656,6533,10189,830,2870,3700,197824,199772,397596
2021-05-25,8737,8102,16839,19115,19797,38912,40186,41809,81995,41730,40117,81847,34306,33563,67869,25643,24575,50218,16334,14582,30916,8506,9006,17512,3672,6566,10238,830,2877,3707,199059,200994,400053
2021-05-26,8800,8174,16974,19263,19940,39203,40469,42111,82580,42061,40419,82480,34591,33853,68444,25860,24770,50630,16450,14699,31149,8562,9071,17633,3694,6605,10299,834,2894,3728,200584,202536,403120
2021-05-27,8873,8236,17109,19389,20082,39471,40723,42380,83103,42365,40717,83082,34864,34126,68990,26065,24954,51019,16557,14796,31353,8611,9119,17730,3715,6642,10357,838,2908,3746,202000,203960,405960
2021-05-28,8938,8291,17229,19550,20223,39773,40961,42638,83599,42611,41024,83635,35126,34363,69489,26253,25127,51380,16646,14897,31543,8649,9162,17811,3731,6684,10415,845,2917,3762,203310,205326,408636
2021-05-29,8994,8343,17337,19648,20325,39973,41121,42827,83948,42804,41222,84026,35292,34553,69845,26369,25271,51640,16727,14974,31701,8687,9204,17891,3748,6700,10448,846,2927,3773,204236,206346,410582
2021-05-30,9024,8372,17396,19729,20403,40132,41263,42987,84250,42949,41378,84327,35453,34716,70169,26454,25373,51827,16776,15023,31799,8710,9236,17946,3761,6719,10480,846,2928,3774,204965,207135,412100
2021-05-31,9085,8434,17519,19846,20532,40378,41471,43205,84676,43185,41642,84827,35651,34971,70622,26614,25540,52154,16859,15115,31974,8759,9290,18049,3782,6744,10526,847,2940,3787,206099,208413,414512
2021-06-01,9130,8487,17617,19948,20649,40597,41675,43414,85089,43409,41841,85250,35838,35186,71024,26759,25673,52432,16937,15190,32127,8796,9338,18134,3794,6773,10567,854,2950,3804,207140,209501,416641
2021-06-02,9172,8530,17702,20051,20737,40788,41825,43587,85412,43588,42033,85621,35986,35352,71338,26875,25787,52662,17007,15260,32267,8834,9383,18217,3810,6803,10613,860,2957,3817,208008,210429,418437
2021-06-03,9224,8577,17801,20152,20846,40998,42004,43770,85774,43774,42226,86000,36136,35516,71652,26986,25918,52904,17066,15318,32384,8873,9425,18298,3821,6826,10647,863,2968,3831,208899,211390,420289
2021-06-04,9282,8634,17916,20249,20966,41215,42167,43953,86120,43972,42406,86378,36297,35673,71970,27095,26055,53150,17120,15386,32506,8907,9463,18370,3831,6851,10682,865,2976,3841,209785,212363,422148
2021-06-05,9318,8673,17991,20319,21042,41361,42286,44061,86347,44117,42535,86652,36433,35810,72243,27190,26138,53328,17176,15435,32611,8928,9494,18422,3847,6885,10732,871,2991,3862,210485,213064,423549
2021-06-06,9358,8707,18065,20385,21105,41490,42388,44179,86567,44244,42656,86900,36577,35936,72513,27263,26220,53483,17217,15477,32694,8954,9520,18474,3856,6907,10763,875,2998,3873,211117,213705,424822
2021-06-07,9401,8752,18153,20489,21198,41687,42578,44363,86941,44431,42870,87301,36756,36140,72896,27403,26359,53762,17286,15531,32817,8990,9570,18560,3886,6930,10816,878,3009,3887,212098,214722,426820
2021-06-08,9449,8806,18255,20602,21286,41888,42749,44498,87247,44571,43048,87619,36919,36307,73226,27519,26468,53987,17339,15593,32932,9023,9606,18629,3901,6954,10855,880,3016,3896,212952,215582,428534
2021-06-09,9498,8846,18344,20696,21385,42081,42904,44645,87549,44743,43206,87949,37082,36453,73535,27639,26575,54214,17396,15643,33039,9060,9627,18687,3929,6970,10899,881,3022,3903,213828,216372,430200
2021-06-10,9545,8898,18443,20795,21505,42300,43083,44833,87916,44923,43382,88305,37259,36619,73878,27759,26690,54449,17456,15699,33155,9094,9662,18756,3941,6989,10930,885,3031,3916,214740,217308,432048
2021-06-11,9597,8938,18535,20883,21590,42473,43251,44985,88236,45083,43548,88631,37390,36788,74178,27863,26794,54657,17517,15760,33277,9123,9696,18819,3956,7018,10974,888,3040,3928,215551,218157,433708
2021-06-12,9634,8972,18606,20941,21650,42591,43336,45086,88422,45192,43659,88851,37492,36891,74383,27931,26856,54787,17548,15797,33345,9148,9716,18864,3962,7029,10991,890,3048,3938,216074,218704,434778
2021-06-13,9676,9012,18688,20991,21723,42714,43435,45191,88626,45295,43780,89075,37600,36987,74587,28002,26920,54922,17587,15837,33424,9168,9739,18907,3974,7053,11027,891,3055,3946,216619,219297,435916
2021-06-14,9729,9066,18795,21080,21828,42908,43601,45356,88957,45495,44011,89506,37785,37131,74916,28104,27003,55107,17645,15906,33551,9196,9782,18978,3986,7084,11070,894,3061,3955,217515,220228,437743
2021-06-15,9774,9099,18873,21173,21906,43079,43736,45504,89240,45653,44149,89802,37916,37280,75196,28198,27096,55294,17703,15956,33659,9228,9823,19051,3998,7109,11107,898,3078,3976,218277,221000,439277
2021-06-16,9816,9144,18960,21234,21984,43218,43875,45641,89516,45790,44303,90093,38059,37412,75471,28278,27170,55448,17750,16007,33757,9256,9838,19094,4005,7118,11123,903,3083,3986,218966,221700,440666
2021-06-17,9850,9177,19027,21318,22061,43379,43989,45754,89743,45934,44446,90380,38186,37565,75751,28359,27247,55606,17805,16067,33872,9294,9878,19172,4020,7145,11165,905,3090,3995,219660,222430,442090
2021-06-18,9888,9221,19109,21386,22133,43519,44103,45882,89985,46067,44570,90637,38284,37675,75959,28436,27321,55757,17846,16112,33958,9320,9911,19231,4022,7163,11185,908,3094,4002,220260,223082,443342
2021-06-19,9924,9256,19180,21437,22187,43624,44173,45954,90127,46168,44670,90838,38358,37768,76126,28500,27373,55873,17872,16146,34018,9343,9937,19280,4029,7174,11203,909,3095,4004,220713,223560,444273
2021-06-20,9943,9272,19215,21489,22235,43724,44235,46032,90267,46261,44757,91018,38432,37847,76279,28561,27421,55982,17890,16168,34058,9353,9949,19302,4035,7182,11217,912,3097,4009,221111,223960,445071
2021-06-21,9977,9305,19282,21553,22290,43843,44327,46123,90450,46371,44903,91274,38533,37938,76471,28614,27488,56102,17928,16203,34131,9373,9969,19342,4038,7193,11231,913,3102,4015,221627,224514,446141
2021-06-22,10029,9362,19391,21648,22384,44032,44453,46285,90738,46552,45099,91651,38690,38101,76791,28705,27566,56271,17989,16259,34248,9402,9998,19400,4050,7207,11257,913,3105,4018,222431,225366,447797
2021-06-23,10079,9403,19482,21730,22469,44199,44590,46414,91004,46683,45238,91921,38830,38226,77056,28788,27642,56430,18044,16295,34339,9427,10022,19449,4058,7215,11273,913,3108,4021,223142,226032,449174
2021-06-24,10126,9439,19565,21807,22560,44367,44719,46560,91279,46854,45418,92272,38957,38361,77318,28879,27740,56619,18087,16343,34430,9452,10062,19514,4067,7231,11298,918,3111,4029,223866,226825,450691
2021-06-25,10176,9491,19667,21913,22649,44562,44841,46741,91582,47024,45586,92610,39077,38495,77572,28965,27825,56790,18139,16409,34548,9473,10099,19572,4074,7250,11324,920,3117,4037,224602,227662,452264
2021-06-26,10209,9526,19735,21982,22711,44693,44925,46839,91764,47143,45677,92820,39172,38591,77763,29024,27898,56922,18172,16434,34606,9494,10118,19612,4080,7263,11343,921,3124,4045,225122,228181,453303
2021-06-27,10239,9555,19794,22027,22770,44797,45007,46923,91930,47229,45764,92993,39257,38677,77934,29066,27939,57005,18202,16462,34664,9505,10135,19640,4082,7271,11353,922,3127,4049,225536,228623,454159
2021-06-28,10285,9605,19890,22096,22846,44942,45122,47037,92159,47357,45910,93267,39379,38803,78182,29120,28005,57125,18256,16496,34752,9527,10157,19684,4089,7283,11372,922,3133,4055,226153,229275,455428
2021-06-29,10317,9650,19967,22173,22912,45085,45221,47146,92367,47487,46025,93512,39476,38925,78401,29182,28062,57244,18289,16542,34831,9550,10184,19734,4097,7297,11394,924,3139,4063,226716,229882,456598
2021-06-30,10353,9693,20046,22261,22986,45247,45322,47267,92589,47615,46148,93763,39559,39037,78596,29245,28121,57366,18319,16580,34899,9573,10215,19788,4106,7308,11414,926,3141,4067,227279,230496,457775
2021-07-01,10384,9718,20102,22342,23063,45405,45437,47396,92833,47730,46270,94000,39652,39133,78785,29317,28202,57519,18357,16622,34979,9595,10235,19830,4112,7318,11430,926,3144,4070,227852,231101,458953
2021-07-02,10426,9754,20180,22419,23138,45557,45526,47496,93022,47851,46401,94252,39768,39230,78998,29379,28259,57638,18388,16658,35046,9615,10261,19876,4117,7326,11443,926,3148,4074,228415,231671,460086
2021-07-03,10457,9777,20234,22471,23191,45662,45595,47580,93175,47932,46487,94419,39856,39292,79148,29421,28308,57729,18418,16690,35108,9626,10273,19899,4122,7332,11454,926,3151,4077,228824,232081,460905
2021-07-04,10481,9791,20272,22504,23236,45740,45677,47634,93311,48012,46550,94562,39917,39348,79265,29462,28354,57816,18443,16711,35154,9644,10288,19932,4126,7336,11462,926,3155,4081,229192,232403,461595
2021-07-05,10524,9824,20348,22574,23309,45883,45784,47736,93520,48164,46668,94832,40025,39455,79480,29521,28421,57942,18483,16753,35236,9674,10314,19988,4133,7345,11478,928,3157,4085,229810,232982,462792
2021-07-06,10564,9862,20426,22644,23361,46005,45882,47849,93731,48289,46775,95064,40127,39559,79686,29574,28455,58029,18518,16791,35309,9703,10335,20038,4141,7355,11496,932,3158,4090,230374,233500,463874
2021-07-07,10602,9895,20497,22705,23431,46136,45993,47946,93939,48400,46884,95284,40211,39645,79856,29625,28504,58129,18543,16814,35357,9723,10357,20080,4154,7360,11514,933,3158,4091,230889,233994,464883
2021-07-08,10640,9928,20568,22781,23501,46282,46113,48069,94182,48526,47023,95549,40319,39736,80055,29675,28582,58257,18576,16845,35421,9740,10375,20115,4157,7367,11524,935,3161,4096,231462,234587,466049
2021-07-09,10669,9948,20617,22845,23555,46400,46199,48155,94354,48606,47104,95710,40389,39816,80205,29710,28628,58338,18596,16868,35464,9754,10389,20143,4159,7371,11530,936,3162,4098,231863,234996,466859
2021-07-10,10695,9969,20664,22890,23606,46496,46278,48243,94521,48681,47189,95870,40474,39896,80370,29760,28683,58443,18621,16901,35522,9778,10415,20193,4162,7380,11542,938,3164,4102,232277,235446,467723
2021-07-11,10711,9994,20705,22940,23654,46594,46338,48319,94657,48761,47272,96033,40538,39959,80497,29798,28715,58513,18645,16923,35568,9788,10428,20216,4164,7384,11548,938,3164,4102,232621,235812,468433
2021-07-12,10748,10027,20775,23003,23717,46720,46444,48436,94880,48882,47390,96272,40635,40060,80695,29866,28782,58648,18684,16956,35640,9820,10454,20274,4169,7393,11562,938,3166,4104,233189,236381,469570
2021-07-13,10781,10065,20846,23067,23775,46842,46547,48538,95085,48964,47487,96451,40711,40148,80859,29920,28819,58739,18717,16981,35698,9837,10474,20311,4176,7404,11580,939,3173,4112,233659,236864,470523
2021-07-14,10814,10090,20904,23134,23833,46967,46658,48655,95313,49056,47590,96646,40782,40233,81015,29970,28876,58846,18748,17009,35757,9858,10489,20347,4177,7414,11591,939,3177,4116,234136,237366,471502
2021-07-15,10841,10111,20952,23209,23902,47111,46783,48775,95558,49159,47678,96837,40866,40316,81182,30012,28926,58938,18774,17044,35818,9871,10508,20379,4181,7417,11598,940,3179,4119,234636,237856,472492
2021-07-16,10877,10132,21009,23270,23960,47230,46880,48881,95761,49254,47783,97037,40935,40400,81335,30047,28980,59027,18807,17080,35887,9892,10538,20430,4183,7431,11614,941,3180,4121,235086,238365,473451
2021-07-17,10910,10148,21058,23317,24012,47329,46969,48955,95924,49326,47850,97176,40984,40471,81455,30089,29016,59105,18823,17099,35922,9905,10553,20458,4189,7432,11621,942,3181,4123,235454,238717,474171
2021-07-18,10922,10161,21083,23351,24053,47404,47030,49012,96042,49376,47907,97283,41031,40515,81546,30106,29043,59149,18840,17112,35952,9913,10564,20477,4198,7438,11636,942,3181,4123,235709,238986,474695
2021-07-19,10939,10186,21125,23409,24107,47516,47125,49112,96237,49471,47998,97469,41111,40593,81704,30150,29088,59238,18864,17137,36001,9924,10582,20506,4203,7444,11647,944,3184,4128,236140,239431,475571
2021-07-20,10963,10216,21179,23458,24146,47604,47193,49209,96402,49548,48079,97627,41181,40656,81837,30188,29126,59314,18888,17156,36044,9936,10592,20528,4207,7450,11657,944,3185,4129,236506,239815,476321
2021-07-21,10990,10232,21222,23506,24214,47720,47280,49292,96572,49622,48150,97772,41227,40738,81965,30236,29171,59407,18910,17179,36089,9946,10606,20552,4210,7453,11663,946,3185,4131,236873,240220,477093
2021-07-22,11007,10249,21256,23564,24270,47834,47367,49369,96736,49704,48242,97946,41289,40793,82082,30274,29220,59494,18958,17198,36156,9962,10616,20578,4213,7460,11673,948,3185,4133,237286,240602,477888
2021-07-23,11023,10267,21290,23626,24334,47960,47469,49460,96929,49784,48322,98106,41353,40864,82217,30313,29253,59566,18988,17229,36217,9973,10632,20605,4215,7468,11683,949,3186,4135,237693,241015,478708
2021-07-24,11036,10277,21313,23670,24381,48051,47540,49515,97055,49842,48383,98225,41402,40922,82324,30340,29289,59629,19012,17246,36258,9984,10640,20624,4217,7470,11687,949,3187,4136,237992,241310,479302
2021-07-25,11045,10289,21334,23704,24424,48128,47596,49578,97174,49902,48439,98341,41444,40964,82408,30369,29316,59685,19033,17253,36286,9994,10651,20645,4219,7476,11695,949,3190,4139,238255,241580,479835
2021-07-26,11067,10306,21373,23767,24485,48252,47706,49694,97400,49995,48520,98515,41506,41037,82543,30412,29362,59774,19062,17280,36342,10013,10671,20684,4223,7486,11709,949,3191,4140,238700,242032,480732
2021-07-27,11087,10319,21406,23815,24541,48356,47789,49797,97586,50080,48603,98683,41565,41093,82658,30450,29400,59850,19084,17299,36383,10023,10683,20706,4224,7490,11714,950,3192,4142,239067,242417,481484
2021-07-28,11100,10337,21437,23864,24590,48454,47848,49880,97728,50143,48672,98815,41610,41148,82758,30477,29431,59908,19101,17324,36425,10033,10693,20726,4226,7492,11718,950,3194,4144,239352,242761,482113
2021-07-29,11127,10350,21477,23915,24633,48548,47932,49954,97886,50204,48751,98955,41651,41205,82856,30508,29465,59973,19123,17347,36470,10038,10702,20740,4230,7500,11730,952,3196,4148,239680,243103,482783
2021-07-30,11154,10368,21522,23969,24693,48662,48003,50032,98035,50259,48826,99085,41712,41270,82982,30549,29502,60051,19151,17375,36526,10046,10718,20764,4233,7511,11744,954,3198,4152,240030,243493,483523
2021-07-31,11168,10391,21559,24004,24739,48743,48058,50086,98144,50300,48895,99195,41755,41314,83069,30589,29538,60127,19165,17388,36553,10062,10726,20788,4234,7514,11748,954,3199,4153,240289,243790,484079
2021-08-01,11184,10406,21590,24037,24776,48813,48099,50132,98231,50350,48947,99297,41806,41370,83176,30618,29576,60194,19187,17403,36590,10071,10736,20807,4238,7519,11757,955,3199,4154,240545,244064,484609
2021-08-02,11212,10432,21644,24115,24862,48977,48182,50222,98404,50409,49018,99427,41872,41454,83326,30679,29627,60306,19215,17430,36645,10083,10759,20842,4240,7525,11765,956,3202,4158,240963,244531,485494
2021-08-03,11231,10449,21680,24179,24943,49122,48272,50284,98556,50481,49084,99565,41943,41522,83465,30715,29662,60377,19238,17456,36694,10098,10777,20875,4244,7528,11772,956,3204,4160,241357,244909,486266
2021-08-04,11256,10460,21716,24229,24991,49220,48361,50361,98722,50543,49163,99706,41983,41581,83564,30754,29700,60454,19254,17476,36730,10114,10789,20903,4250,7530,11780,958,3205,4163,241702,245256,486958
2021-08-05,11275,10476,21751,24299,25072,49371,48437,50444,98881,50617,49231,99848,42037,41638,83675,30799,29739,60538,19277,17497,36774,10122,10806,20928,4255,7537,11792,961,3210,4171,242079,245650,487729
2021-08-06,11292,10504,21796,24358,25153,49511,48505,50534,99039,50687,49294,99981,42099,41710,83809,30839,29782,60621,19305,17523,36828,10139,10821,20960,4258,7543,11801,961,3210,4171,242443,246074,488517
2021-08-07,11308,10519,21827,24395,25189,49584,48547,50596,99143,50728,49337,100065,42137,41753,83890,30867,29808,60675,19315,17545,36860,10146,10828,20974,4258,7546,11804,962,3210,4172,242663,246331,488994
2021-08-08,11319,10543,21862,24426,25224,49650,48589,50638,99227,50770,49382,100152,42177,41790,83967,30889,29837,60726,19330,17560,36890,10149,10836,20985,4258,7547,11805,962,3210,4172,242869,246567,489436
2021-08-09,11332,10571,21903,24475,25276,49751,48650,50697,99347,50828,49428,100256,42214,41830,84044,30931,29866,60797,19350,17580,36930,10158,10848,21006,4260,7551,11811,962,3210,4172,243160,246857,490017
2021-08-10,11363,10592,21955,24523,25339,49862,48706,50751,99457,50874,49490,100364,42250,41875,84125,30964,29896,60860,19372,17609,36981,10168,10857,21025,4264,7553,11817,962,3211,4173,243446,247173,490619
2021-08-11,11384,10615,21999,24572,25398,49970,48773,50816,99589,50918,49540,100458,42286,41917,84203,30988,29949,60937,19390,17627,37017,10181,10867,21048,4265,7559,11824,962,3212,4174,243719,247500,491219
2021-08-12,11406,10637,22043,24627,25459,50086,48827,50863,99690,50967,49593,100560,42327,41948,84275,31010,29973,60983,19399,17650,37049,10189,10883,21072,4267,7567,11834,962,3212,4174,243981,247785,491766
2021-08-13,11427,10667,22094,24680,25511,50191,48870,50904,99774,51012,49638,100650,42365,41991,84356,31034,30000,61034,19411,17663,37074,10193,10891,21084,4270,7575,11845,963,3215,4178,244225,248055,492280
2021-08-14,11440,10679,22119,24716,25546,50262,48895,50934,99829,51055,49689,100744,42381,42021,84402,31059,30019,61078,19427,17669,37096,10203,10898,21101,4271,7577,11848,963,3215,4178,244410,248247,492657
2021-08-15,11458,10688,22146,24736,25579,50315,48914,50967,99881,51085,49717,100802,42407,42044,84451,31085,30039,61124,19437,17675,37112,10212,10901,21113,4271,7578,11849,964,3215,4179,244569,248403,492972
2021-08-16,11478,10698,22176,24772,25616,50388,48943,51007,99950,51114,49757,100871,42439,42079,84518,31105,30054,61159,19442,17687,37129,10214,10908,21122,4274,7580,11854,964,3215,4179,244745,248601,493346
2021-08-17,11497,10716,22213,24841,25663,50504,48998,51053,100051,51159,49801,100960,42495,42128,84623,31124,30071,61195,19458,17702,37160,10219,10921,21140,4278,7585,11863,964,3216,4180,245033,248856,493889
2021-08-18,11523,10740,22263,24899,25699,50598,49051,51093,100144,51206,49855,101061,42525,42169,84694,31156,30098,61254,19476,17721,37197,10225,10931,21156,4279,7588,11867,964,3216,4180,245304,249110,494414
2021-08-19,11543,10754,22297,24955,25746,50701,49094,51128,100222,51244,49892,101136,42554,42212,84766,31169,30122,61291,19493,17734,37227,10230,10936,21166,4280,7592,11872,964,3216,4180,245526,249332,494858
2021-08-20,11573,10775,22348,24999,25803,50802,49132,51168,100300,51279,49935,101214,42584,42264,84848,31192,30143,61335,19510,17758,37268,10241,10947,21188,4282,7601,11883,965,3217,4182,245757,249611,495368
2021-08-21,11582,10784,22366,25032,25831,50863,49159,51204,100363,51303,49966,101269,42610,42298,84908,31208,30162,61370,19515,17762,37277,10245,10955,21200,4283,7602,11885,965,3218,4183,245902,249782,495684
2021-08-22,11598,10802,22400,25054,25858,50912,49186,51230,100416,51324,49988,101312,42633,42326,84959,31220,30179,61399,19523,17767,37290,10251,10960,21211,4285,7605,11890,965,3221,4186,246039,249936,495975
2021-08-23,11617,10818,22435,25086,25891,50977,49218,51260,100478,51366,50022,101388,42660,42360,85020,31238,30192,61430,19533,17781,37314,10260,10963,21223,4286,7606,11892,967,3221,4188,246231,250114,496345
2021-08-24,11633,10835,22468,25128,25925,51053,49246,51290,100536,51399,50064,101463,42685,42386,85071,31256,30212,61468,19540,17788,37328,10268,10972,21240,4289,7609,11898,967,3223,4190,246411,250304,496715
2021-08-25,11645,10851,22496,25170,25949,51119,49279,51316,100595,51425,50092,101517,42709,42431,85140,31272,30236,61508,19547,17795,37342,10271,10980,21251,4290,7613,11903,968,3223,4191,246576,250486,497062
2021-08-26,11663,10874,22537,25208,25980,51188,49308,51361,100669,51451,50125,101576,42735,42455,85190,31288,30250,61538,19562,17798,37360,10277,10984,21261,4292,7617,11909,969,3224,4193,246753,250668,497421
2021-08-27,11679,10889,22568,25252,26019,51271,49342,51393,100735,51474,50149,101623,42757,42484,85241,31303,30264,61567,19569,17805,37374,10278,10991,21269,4292,7627,11919,970,3226,4196,246916,250847,497763
2021-08-28,11690,10898,22588,25276,26043,51319,49362,51420,100782,51488,50168,101656,42775,42502,85277,31320,30280,61600,19579,17811,37390,10284,10991,21275,4293,7627,11920,970,3226,4196,247037,250966,498003
2021-08-29,11697,10912,22609,25310,26071,51381,49384,51444,100828,51515,50189,101704,42790,42517,85307,31329,30291,61620,19580,17817,37397,10285,10996,21281,4293,7627,11920,970,3226,4196,247153,251090,498243
2021-08-30,11709,10927,22636,25341,26117,51458,49415,51474,100889,51540,50217,101757,42810,42550,85360,31340,30304,61644,19585,17828,37413,10290,10999,21289,4293,7629,11922,970,3229,4199,247293,251274,498567
2021-08-31,11720,10937,22657,25382,26143,51525,49436,51507,100943,51575,50235,101810,42835,42583,85418,31352,30320,61672,19597,17833,37430,10294,11008,21302,4297,7632,11929,970,3231,4201,247458,251429,498887
2021-09-01,11734,10956,22690,25423,26171,51594,49460,51537,100997,51601,50262,101863,42857,42616,85473,31365,30337,61702,19597,17843,37440,10299,11015,21314,4297,7634,11931,970,3233,4203,247603,251604,499207
2021-09-02,11743,10972,22715,25448,26207,51655,49487,51567,101054,51628,50287,101915,42878,42641,85519,31380,30348,61728,19602,17848,37450,10301,11020,21321,4298,7639,11937,970,3233,4203,247735,251762,499497
2021-09-03,11757,10994,22751,25485,26237,51722,49511,51588,101099,51648,50314,101962,42897,42671,85568,31397,30365,61762,19614,17857,37471,10309,11028,21337,4299,7642,11941,970,3236,4206,247887,251932,499819
2021-09-04,11763,11003,22766,25497,26249,51746,49520,51606,101126,51664,50323,101987,42903,42687,85590,31400,30377,61777,19617,17859,37476,10311,11032,21343,4300,7647,11947,970,3236,4206,247945,252019,499964
2021-09-05,11778,11018,22796,25519,26261,51780,49530,51617,101147,51679,50336,102015,42922,42699,85621,31407,30384,61791,19621,17861,37482,10312,11035,21347,4302,7648,11950,970,3236,4206,248040,252095,500135
2021-09-06,11796,11030,22826,25542,26283,51825,49550,51635,101185,51703,50359,102062,42949,42720,85669,31417,30397,61814,19627,17867,37494,10317,11037,21354,4302,7649,11951,970,3236,4206,248173,252213,500386
2021-09-07,11809,11043,22852,25558,26304,51862,49564,51656,101220,51725,50384,102109,42968,42734,85702,31425,30405,61830,19636,17871,37507,10318,11040,21358,4304,7651,11955,970,3236,4206,248277,252324,500601
2021-09-08,11827,11058,22885,25579,26323,51902,49577,51674,101251,51739,50403,102142,42985,42752,85737,31433,30408,61841,19641,17873,37514,10321,11045,21366,4304,7652,11956,970,3237,4207,248376,252425,500801
2021-09-09,11840,11068,22908,25598,26339,51937,49589,51694,101283,51759,50421,102180,42999,42770,85769,31448,30421,61869,19645,17875,37520,10323,11050,21373,4305,7653,11958,970,3237,4207,248476,252528,501004
2021-09-10,11862,11083,22945,25615,26361,51976,49602,51706,101308,51792,50446,102238,43021,42788,85809,31459,30437,61896,19650,17878,37528,10325,11052,21377,4306,7654,11960,970,3237,4207,248602,252642,501244
2021-09-11,11870,11090,22960,25630,26373,52003,49615,51715,101330,51805,50464,102269,43034,42805,85839,31467,30444,61911,19656,17881,37537,10325,11053,21378,4306,7654,11960,970,3237,4207,248678,252716,501394
2021-09-12,11879,11104,22983,25641,26391,52032,49625,51728,101353,51815,50475,102290,43044,42815,85859,31469,30454,61923,19660,17882,37542,10325,11054,21379,4309,7655,11964,970,3237,4207,248737,252795,501532
2021-09-13,11902,11120,23022,25665,26408,52073,49639,51744,101383,51833,50492,102325,43058,42831,85889,31476,30464,61940,19664,17892,37556,10329,11056,21385,4310,7659,11969,970,3238,4208,248846,252904,501750
2021-09-14,11917,11134,23051,25681,26429,52110,49649,51757,101406,51847,50508,102355,43074,42849,85923,31485,30474,61959,19667,17894,37561,10335,11063,21398,4310,7659,11969,970,3238,4208,248935,253005,501940
2021-09-15,11927,11152,23079,25700,26450,52150,49662,51761,101423,51865,50524,102389,43087,42868,85955,31490,30483,61973,19672,17900,37572,10339,11069,21408,4310,7659,11969,970,3238,4208,249022,253104,502126
2021-09-16,11942,11168,23110,25722,26473,52195,49676,51772,101448,51879,50537,102416,43097,42884,85981,31495,30490,61985,19677,17904,37581,10343,11073,21416,4312,7659,11971,970,3238,4208,249113,253198,502311
2021-09-17,11954,11183,23137,25733,26486,52219,49688,51784,101472,51893,50556,102449,43115,42901,86016,31504,30504,62008,19679,17909,37588,10348,11077,21425,4313,7659,11972,970,3238,4208,249197,253297,502494
2021-09-18,11966,11191,23157,25742,26493,52235,49694,51791,101485,51900,50565,102465,43122,42910,86032,31510,30507,62017,19682,17910,37592,10348,11079,21427,4314,7659,11973,970,3239,4209,249248,253344,502592
2021-09-19,11980,11197,23177,25746,26501,52247,49698,51799,101497,51907,50573,102480,43131,42920,86051,31513,30512,62025,19684,17912,37596,10351,11080,21431,4314,7660,11974,970,3239,4209,249294,253393,502687
2021-09-20,11989,11206,23195,25764,26508,52272,49705,51806,101511,51917,50586,102503,43140,42930,86070,31518,30522,62040,19691,17916,37607,10351,11080,21431,4315,7661,11976,970,3239,4209,249360,253454,502814
2021-09-21,11998,11215,23213,25781,26519,52300,49712,51814,101526,51937,50600,102537,43153,42939,86092,31523,30528,62051,19695,17918,37613,10355,11082,21437,4315,7663,11978,970,3239,4209,249439,253517,502956
2021-09-22,12010,11222,23232,25792,26529,52321,49722,51820,101542,51951,50613,102564,43165,42953,86118,31525,30535,62060,19699,17919,37618,10357,11084,21441,4315,7664,11979,970,3239,4209,249506,253578,503084
2021-09-23,12016,11226,23242,25804,26540,52344,49732,51833,101565,51962,50634,102596,43174,42960,86134,31536,30541,62077,19706,17927,37633,10357,11089,21446,4316,7667,11983,970,3239,4209,249573,253656,503229
2021-09-24,12028,11234,23262,25818,26550,52368,49740,51842,101582,51978,50654,102632,43190,42972,86162,31546,30552,62098,19710,17929,37639,10358,11094,21452,4319,7668,11987,970,3239,4209,249657,253734,503391
2021-09-25,12035,11241,23276,25830,26562,52392,49744,51849,101593,51985,50661,102646,43194,42985,86179,31550,30558,62108,19711,17932,37643,10361,11096,21457,4320,7668,11988,970,3239,4209,249700,253791,503491
2021-09-26,12045,11245,23290,25837,26570,52407,49748,51856,101604,51989,50668,102657,43200,42996,86196,31553,30562,62115,19712,17932,37644,10361,11098,21459,4320,7668,11988,970,3240,4210,249735,253835,503570
2021-09-27,12051,11249,23300,25848,26590,52438,49755,51868,101623,52007,50684,102691,43207,43003,86210,31558,30566,62124,19714,17939,37653,10361,11098,21459,4320,7669,11989,970,3240,4210,249791,253906,503697
2021-09-28,12062,11255,23317,25862,26599,52461,49758,51879,101637,52017,50698,102715,43214,43013,86227,31563,30569,62132,19718,17941,37659,10362,11098,21460,4321,7671,11992,970,3240,4210,249847,253963,503810
2021-09-29,12064,11259,23323,25872,26616,52488,49766,51887,101653,52030,50711,102741,43220,43026,86246,31568,30575,62143,19722,17943,37665,10364,11099,21463,4322,7672,11994,970,3240,4210,249898,254028,503926
2021-09-30,12066,11263,23329,25884,26622,52506,49774,51896,101670,52037,50725,102762,43228,43032,86260,31573,30577,62150,19724,17945,37669,10366,11100,21466,4322,7673,11995,970,3240,4210,249944,254073,504017
2021-10-01,12073,11269,23342,25896,26639,52535,49786,51905,101691,52046,50741,102787,43239,43048,86287,31577,30586,62163,19727,17953,37680,10368,11105,21473,4322,7674,11996,970,3240,4210,250004,254160,504164
2021-10-02,12080,11272,23352,25902,26646,52548,49789,51916,101705,52052,50754,102806,43244,43058,86302,31581,30588,62169,19728,17955,37683,10368,11108,21476,4322,7675,11997,970,3240,4210,250036,254212,504248
2021-10-03,12081,11273,23354,25903,26654,52557,49798,51921,101719,52060,50766,102826,43247,43066,86313,31584,30589,62173,19729,17956,37685,10369,11108,21477,4322,7675,11997,970,3240,4210,250063,254248,504311
2021-10-04,12086,11277,23363,25913,26663,52576,49804,51932,101736,52068,50778,102846,43263,43075,86338,31586,30596,62182,19733,17957,37690,10370,11111,21481,4322,7676,11998,970,3240,4210,250115,254305,504420
2021-10-05,12092,11279,23371,25929,26680,52609,49812,51943,101755,52081,50790,102871,43271,43089,86360,31598,30602,62200,19738,17961,37699,10371,11113,21484,4322,7676,11998,970,3240,4210,250184,254373,504557
2021-10-06,12097,11286,23383,25947,26710,52657,49821,51949,101770,52094,50811,102905,43284,43099,86383,31603,30608,62211,19742,17966,37708,10376,11117,21493,4322,7679,12001,970,3240,4210,250256,254465,504721
2021-10-07,12104,11291,23395,25957,26716,52673,49832,51956,101788,52105,50822,102927,43290,43114,86404,31608,30616,62224,19748,17969,37717,10377,11119,21496,4322,7679,12001,970,3240,4210,250313,254522,504835
2021-10-08,12109,11297,23406,25967,26722,52689,49844,51966,101810,52117,50824,102941,43293,43119,86412,31610,30617,62227,19748,17971,37719,10378,11120,21498,4323,7679,12002,970,3240,4210,250359,254555,504914
2021-10-09,12111,11297,23408,25969,26726,52695,49848,51971,101819,52122,50830,102952,43300,43131,86431,31614,30621,62235,19751,17973,37724,10379,11122,21501,4324,7680,12004,971,3240,4211,250389,254591,504980
2021-10-10,12124,11299,23423,25978,26732,52710,49853,51976,101829,52128,50841,102969,43309,43138,86447,31619,30629,62248,19754,17975,37729,10381,11124,21505,4324,7680,12004,971,3241,4212,250441,254635,505076
2021-10-11,12129,11303,23432,25988,26746,52734,49863,51987,101850,52136,50847,102983,43313,43151,86464,31632,30633,62265,19756,17977,37733,10381,11124,21505,4324,7682,12006,972,3241,4213,250494,254691,505185
2021-10-12,12139,11314,23453,26004,26763,52767,49875,52004,101879,52148,50872,103020,43329,43171,86500,31643,30640,62283,19760,17982,37742,10389,11126,21515,4326,7682,12008,972,3241,4213,250585,254795,505380
2021-10-13,12145,11324,23469,26020,26779,52799,49890,52020,101910,52160,50891,103051,43346,43181,86527,31647,30646,62293,19765,17985,37750,10391,11129,21520,4326,7682,12008,972,3241,4213,250662,254878,505540
2021-10-14,12152,11328,23480,26037,26795,52832,49909,52037,101946,52181,50917,103098,43365,43198,86563,31659,30654,62313,19774,17996,37770,10393,11139,21532,4326,7683,12009,972,3241,4213,250768,254988,505756
2021-10-15,12157,11330,23487,26050,26804,52854,49917,52052,101969,52198,50943,103141,43378,43215,86593,31667,30659,62326,19776,18002,37778,10395,11141,21536,4326,7684,12010,972,3241,4213,250836,255071,505907
2021-10-16,12162,11335,23497,26059,26815,52874,49930,52065,101995,52207,50961,103168,43387,43225,86612,31670,30664,62334,19777,18004,37781,10397,11141,21538,4328,7684,12012,972,3241,4213,250889,255135,506024
2021-10-17,12168,11338,23506,26063,26822,52885,49937,52069,102006,52216,50969,103185,43396,43229,86625,31674,30666,62340,19779,18006,37785,10399,11141,21540,4329,7685,12014,972,3241,4213,250933,255166,506099
2021-10-18,12177,11346,23523,26088,26835,52923,49945,52077,102022,52228,50983,103211,43405,43241,86646,31680,30673,62353,19782,18016,37798,10401,11141,21542,4330,7685,12015,972,3241,4213,251008,255238,506246
2021-10-19,12183,11356,23539,26103,26856,52959,49963,52084,102047,52236,50992,103228,43413,43251,86664,31687,30681,62368,19787,18029,37816,10403,11144,21547,4331,7688,12019,973,3241,4214,251079,255322,506401
2021-10-20,12190,11365,23555,26129,26887,53016,49982,52107,102089,52253,51020,103273,43423,43265,86688,31694,30691,62385,19794,18039,37833,10403,11147,21550,4331,7690,12021,973,3241,4214,251172,255452,506624
2021-10-21,12196,11377,23573,26166,26933,53099,49993,52128,102121,52269,51051,103320,43437,43285,86722,31705,30701,62406,19800,18047,37847,10407,11151,21558,4332,7690,12022,973,3241,4214,251278,255604,506882
2021-10-22,12210,11393,23603,26197,26966,53163,50003,52147,102150,52285,51069,103354,43450,43311,86761,31718,30710,62428,19805,18054,37859,10414,11155,21569,4332,7694,12026,974,3242,4216,251388,255741,507129
2021-10-23,12221,11399,23620,26214,26978,53192,50018,52161,102179,52297,51082,103379,43457,43329,86786,31724,30713,62437,19805,18054,37859,10414,11155,21569,4332,7697,12029,974,3242,4216,251456,255810,507266
2021-10-24,12225,11406,23631,26223,26982,53205,50026,52164,102190,52304,51084,103388,43466,43341,86807,31727,30719,62446,19806,18055,37861,10414,11158,21572,4332,7697,12029,974,3242,4216,251497,255848,507345
2021-10-25,12228,11406,23634,26228,26987,53215,50030,52168,102198,52308,51087,103395,43468,43345,86813,31727,30721,62448,19806,18055,37861,10414,11159,21573,4332,7698,12030,974,3242,4216,251515,255868,507383
