FECHA,<=10M,<=10F,<=10,11-20M,11-20F,11-20,21-30M,21-30F,21-30,31-40M,31-40F,31-40,41-50M,41-50F,41-50,51-60M,51-60F,51-60,61-70M,61-70F,61-70,71-80M,71-80F,71-80,81-90M,81-90F,81-90,>=91M,>=91F,>=91,TotalM,TotalF,Total
2020-03-15,1,0,1,0,0,0,0,2,2,2,1,3,1,1,2,1,0,1,1,0,1,1,1,2,0,0,0,0,0,0,7,5,12
2020-03-16,2,3,5,1,0,1,1,3,4,3,2,5,1,1,2,3,0,3,3,1,4,1,1,2,0,0,0,0,0,0,15,11,26
2020-03-17,3,7,10,1,1,2,2,4,6,4,2,6,2,3,5,3,1,4,4,2,6,3,3,6,1,0,1,0,0,0,23,23,46
2020-03-18,5,8,13,1,1,2,2,4,6,7,3,10,2,5,7,4,2,6,5,4,9,4,3,7,2,0,2,0,0,0,32,30,62
2020-03-19,6,8,14,1,1,2,5,6,11,9,5,14,4,6,10,4,2,6,6,5,11,5,4,9,2,0,2,1,0,1,43,37,80
2020-03-20,7,9,16,2,1,3,5,6,11,10,7,17,4,7,11,4,3,7,6,6,12,7,6,13,3,0,3,1,0,1,49,45,94
2020-03-21,7,9,16,4,1,5,6,8,14,13,8,21,5,8,13,4,3,7,8,8,16,8,7,15,3,0,3,2,0,2,60,52,112
2020-03-22,9,9,18,4,1,5,9,9,18,13,8,21,5,8,13,6,4,10,8,9,17,10,7,17,6,2,8,2,0,2,72,57,129
2020-03-23,12,9,21,4,3,7,10,11,21,15,9,24,5,9,14,8,4,12,10,9,19,14,10,24,9,5,14,2,2,4,89,71,160
2020-03-24,13,9,22,4,3,7,11,12,23,16,10,26,5,11,16,10,6,16,10,10,20,16,10,26,11,6,17,3,2,5,99,79,178
2020-03-25,14,12,26,4,3,7,13,15,28,17,14,31,6,11,17,11,8,19,13,11,24,18,12,30,13,10,23,5,3,8,114,99,213
2020-03-26,18,15,33,6,3,9,14,17,31,21,16,37,7,15,22,14,10,24,14,14,28,21,14,35,18,10,28,7,4,11,140,118,258
2020-03-27,20,18,38,6,4,10,15,19,34,24,16,40,8,19,27,15,13,28,16,19,35,25,20,45,21,12,33,9,10,19,159,150,309
2020-03-28,22,18,40,6,4,10,16,21,37,26,17,43,9,20,29,18,14,32,19,19,38,29,26,55,23,13,36,10,10,20,178,162,340
2020-03-29,23,18,41,7,5,12,17,23,40,28,18,46,11,22,33,18,14,32,25,22,47,33,27,60,27,15,42,12,11,23,201,175,376
2020-03-30,26,19,45,7,5,12,18,29,47,31,20,51,17,24,41,19,15,34,30,23,53,36,32,68,32,16,48,15,13,28,231,196,427
2020-03-31,33,21,54,8,5,13,22,30,52,36,22,58,22,26,48,21,16,37,35,25,60,41,35,76,34,19,53,19,13,32,271,212,483
2020-04-01,42,29,71,8,7,15,27,33,60,42,24,66,32,30,62,24,19,43,39,28,67,47,38,85,39,24,63,19,14,33,319,246,565
2020-04-02,47,37,84,13,11,24,29,37,66,45,28,73,35,33,68,25,27,52,47,31,78,54,45,99,44,30,74,22,18,40,361,297,658
2020-04-03,61,45,106,16,14,30,33,43,76,51,35,86,39,42,81,27,31,58,55,35,90,59,48,107,50,37,87,23,23,46,414,353,767
2020-04-04,68,56,124,18,16,34,35,50,85,53,45,98,44,44,88,33,31,64,60,37,97,61,52,113,54,39,93,24,26,50,450,396,846
2020-04-05,73,63,136,22,18,40,40,51,91,59,47,106,52,46,98,37,33,70,61,47,108,67,60,127,57,43,100,26,29,55,494,437,931
2020-04-06,83,70,153,25,20,45,46,54,100,69,49,118,61,50,111,46,35,81,67,54,121,77,64,141,64,47,111,27,31,58,565,474,1039
2020-04-07,91,80,171,27,22,49,51,57,108,74,56,130,65,54,119,53,37,90,71,58,129,83,72,155,70,58,128,29,32,61,614,526,1140
2020-04-08,98,86,184,31,24,55,53,62,115,79,58,137,72,58,130,58,40,98,77,63,140,92,76,168,72,61,133,32,38,70,664,566,1230
2020-04-09,100,88,188,33,26,59,56,69,125,90,67,157,75,63,138,66,47,113,81,64,145,99,86,185,77,69,146,36,43,79,713,622,1335
2020-04-10,113,90,203,37,29,66,58,74,132,94,69,163,84,64,148,69,52,121,87,66,153,100,95,195,82,77,159,37,47,84,761,663,1424
2020-04-11,118,94,212,40,31,71,65,78,143,100,72,172,89,66,155,71,56,127,90,72,162,107,97,204,86,85,171,38,51,89,804,702,1506
2020-04-12,127,99,226,42,31,73,66,81,147,106,74,180,92,71,163,80,57,137,93,77,170,110,105,215,89,89,178,39,53,92,844,737,1581
2020-04-13,133,108,241,46,34,80,76,87,163,110,82,192,97,76,173,84,62,146,100,81,181,115,113,228,97,97,194,43,59,102,901,799,1700
2020-04-14,146,113,259,49,35,84,82,93,175,118,85,203,101,80,181,93,68,161,104,88,192,123,118,241,104,101,205,47,63,110,967,844,1811
2020-04-15,155,116,271,53,40,93,84,99,183,124,92,216,108,92,200,97,76,173,112,90,202,132,121,253,111,108,219,52,66,118,1028,900,1928
2020-04-16,163,118,281,57,45,102,91,103,194,134,105,239,118,100,218,104,83,187,116,100,216,138,125,263,116,113,229,52,70,122,1089,962,2051
2020-04-17,172,126,298,59,48,107,92,110,202,140,117,257,130,108,238,111,90,201,123,105,228,151,133,284,122,121,243,53,73,126,1153,1031,2184
2020-04-18,179,133,312,62,49,111,102,112,214,154,123,277,137,113,250,117,93,210,125,107,232,155,143,298,128,129,257,56,77,133,1215,1079,2294
2020-04-19,185,140,325,66,50,116,106,114,220,158,127,285,141,118,259,122,101,223,131,113,244,160,151,311,131,136,267,58,78,136,1258,1128,2386
2020-04-20,196,146,342,74,58,132,118,119,237,170,136,306,150,125,275,131,104,235,142,121,263,175,162,337,141,144,285,62,93,155,1359,1208,2567
2020-04-21,207,154,361,79,62,141,130,122,252,178,146,324,152,129,281,136,111,247,148,127,275,186,174,360,149,154,303,64,103,167,1429,1282,2711
2020-04-22,217,160,377,84,68,152,136,129,265,189,149,338,163,135,298,139,118,257,156,130,286,194,188,382,157,166,323,71,109,180,1506,1352,2858
2020-04-23,231,170,401,89,72,161,141,139,280,198,157,355,171,143,314,142,128,270,163,134,297,203,196,399,168,176,344,78,118,196,1584,1433,3017
2020-04-24,245,179,424,94,76,170,149,146,295,210,169,379,176,149,325,149,136,285,171,145,316,213,207,420,178,191,369,81,121,202,1666,1519,3185
2020-04-25,253,183,436,98,77,175,151,151,302,219,178,397,180,153,333,154,140,294,177,151,328,220,210,430,187,207,394,86,126,212,1725,1576,3301
2020-04-26,259,198,457,104,82,186,154,155,309,223,180,403,188,158,346,156,143,299,183,158,341,225,217,442,194,214,408,87,129,216,1773,1634,3407
2020-04-27,270,208,478,110,85,195,159,162,321,226,189,415,192,168,360,166,150,316,190,165,355,245,223,468,205,228,433,90,134,224,1853,1712,3565
2020-04-28,283,215,498,114,90,204,170,171,341,236,198,434,199,177,376,172,158,330,195,173,368,248,235,483,211,242,453,92,138,230,1920,1797,3717
2020-04-29,299,223,522,119,93,212,181,177,358,254,209,463,210,184,394,180,164,344,199,181,380,257,241,498,214,256,470,97,148,245,2010,1876,3886
2020-04-30,315,232,547,127,95,222,190,181,371,259,215,474,221,192,413,187,175,362,209,190,399,264,250,514,222,273,495,105,155,260,2099,1958,4057
2020-05-01,316,244,560,133,100,233,191,187,378,268,225,493,231,198,429,192,178,370,220,195,415,271,258,529,230,284,514,105,158,263,2157,2027,4184
2020-05-02,321,258,579,138,107,245,197,189,386,278,230,508,238,203,441,199,180,379,223,198,421,279,260,539,236,296,532,106,161,267,2215,2082,4297
2020-05-03,328,262,590,141,109,250,202,194,396,286,236,522,242,208,450,207,182,389,231,205,436,283,269,552,243,304,547,109,166,275,2272,2135,4407
2020-05-04,344,279,623,146,111,257,210,204,414,295,242,537,247,214,461,216,185,401,238,217,455,298,282,580,251,322,573,111,170,281,2356,2226,4582
2020-05-05,351,286,637,153,112,265,219,212,431,306,252,558,253,224,477,225,190,415,248,223,471,313,289,602,257,334,591,112,180,292,2437,2302,4739
2020-05-06,363,296,659,156,112,268,230,218,448,322,264,586,267,231,498,229,196,425,257,228,485,332,301,633,263,346,609,116,186,302,2535,2378,4913
2020-05-07,378,303,681,162,118,280,243,223,466,333,273,606,281,240,521,234,202,436,264,234,498,347,307,654,269,358,627,117,194,311,2628,2452,5080
2020-05-08,393,314,707,168,122,290,255,231,486,342,287,629,297,249,546,247,207,454,270,245,515,360,316,676,280,370,650,119,206,325,2731,2547,5278
2020-05-09,409,325,734,172,122,294,259,242,501,347,294,641,304,255,559,251,211,462,277,252,529,371,318,689,285,380,665,124,214,338,2799,2613,5412
2020-05-10,416,333,749,173,123,296,266,252,518,352,300,652,307,260,567,255,216,471,285,257,542,379,329,708,290,392,682,125,220,345,2848,2682,5530
2020-05-11,429,347,776,179,127,306,272,258,530,364,312,676,316,272,588,263,221,484,296,263,559,391,338,729,300,408,708,129,233,362,2939,2779,5718
2020-05-12,444,355,799,185,135,320,294,275,569,385,318,703,324,283,607,269,225,494,305,270,575,397,349,746,310,422,732,134,244,378,3047,2876,5923
2020-05-13,465,366,831,194,142,336,311,283,594,398,338,736,338,290,628,277,233,510,311,278,589,406,356,762,318,436,754,135,253,388,3153,2975,6128
2020-05-14,483,387,870,203,149,352,323,299,622,417,354,771,349,297,646,282,243,525,321,289,610,415,365,780,327,449,776,137,268,405,3257,3100,6357
2020-05-15,500,404,904,211,154,365,329,308,637,428,366,794,359,310,669,293,250,543,330,298,628,422,371,793,337,469,806,142,278,420,3351,3208,6559
2020-05-16,507,418,925,219,159,378,332,317,649,437,379,816,365,317,682,299,257,556,336,303,639,432,376,808,343,473,816,147,292,439,3417,3291,6708
2020-05-17,520,431,951,222,164,386,341,324,665,443,386,829,373,328,701,302,259,561,342,310,652,438,380,818,353,483,836,151,298,449,3485,3363,6848
2020-05-18,537,450,987,230,173,403,361,343,704,463,400,863,384,342,726,315,268,583,353,322,675,455,394,849,369,496,865,153,309,462,3620,3497,7117
2020-05-19,553,465,1018,242,184,426,386,362,748,493,420,913,407,352,759,329,282,611,366,335,701,465,412,877,380,516,896,156,318,474,3777,3646,7423
2020-05-20,577,498,1075,251,198,449,410,380,790,527,437,964,423,366,789,338,293,631,385,349,734,475,423,898,392,531,923,162,324,486,3940,3799,7739
2020-05-21,602,526,1128,267,204,471,439,399,838,554,456,1010,435,383,818,355,304,659,395,355,750,491,432,923,400,547,947,162,328,490,4100,3934,8034
2020-05-22,627,541,1168,279,216,495,464,425,889,572,479,1051,451,396,847,367,311,678,400,364,764,502,440,942,406,560,966,168,341,509,4236,4073,8309
2020-05-23,640,554,1194,289,229,518,487,440,927,596,495,1091,461,405,866,374,319,693,411,375,786,511,452,963,415,565,980,170,343,513,4354,4177,8531
2020-05-24,654,572,1226,296,236,532,497,448,945,609,504,1113,471,407,878,379,323,702,421,380,801,521,459,980,420,575,995,172,349,521,4440,4253,8693
2020-05-25,678,591,1269,312,250,562,517,471,988,620,516,1136,486,417,903,385,330,715,425,385,810,534,461,995,429,591,1020,174,357,531,4560,4369,8929
2020-05-26,703,615,1318,330,266,596,549,503,1052,662,539,1201,503,439,942,393,343,736,433,390,823,548,466,1014,439,606,1045,177,367,544,4737,4534,9271
2020-05-27,736,641,1377,344,279,623,568,526,1094,684,554,1238,520,449,969,410,355,765,441,397,838,553,478,1031,443,622,1065,181,369,550,4880,4670,9550
2020-05-28,761,675,1436,360,288,648,591,552,1143,703,574,1277,541,467,1008,422,370,792,451,409,860,563,484,1047,457,639,1096,185,383,568,5034,4841,9875
2020-05-29,794,700,1494,382,304,686,626,580,1206,730,608,1338,566,485,1051,436,384,820,463,419,882,579,494,1073,471,656,1127,187,387,574,5234,5017,10251
2020-05-30,819,720,1539,395,313,708,659,603,1262,762,620,1382,578,497,1075,446,395,841,469,424,893,589,504,1093,479,667,1146,188,394,582,5384,5137,10521
2020-05-31,838,733,1571,405,322,727,674,613,1287,773,629,1402,590,501,1091,451,402,853,476,428,904,600,509,1109,484,676,1160,189,402,591,5480,5215,10695
2020-06-01,866,755,1621,418,337,755,700,646,1346,798,659,1457,605,518,1123,466,412,878,495,440,935,613,517,1130,489,686,1175,194,406,600,5644,5376,11020
2020-06-02,902,778,1680,437,356,793,730,669,1399,818,684,1502,622,535,1157,475,423,898,511,448,959,634,528,1162,495,700,1195,198,417,615,5822,5538,11360
2020-06-03,930,794,1724,451,380,831,754,695,1449,841,718,1559,634,556,1190,483,433,916,525,460,985,650,539,1189,506,715,1221,200,427,627,5974,5717,11691
2020-06-04,954,816,1770,467,398,865,783,720,1503,858,740,1598,648,569,1217,504,446,950,535,466,1001,669,551,1220,516,730,1246,203,437,640,6137,5873,12010
2020-06-05,987,847,1834,478,414,892,816,741,1557,884,774,1658,674,589,1263,523,467,990,547,479,1026,684,562,1246,527,750,1277,206,446,652,6326,6069,12395
2020-06-06,1006,866,1872,489,425,914,836,756,1592,911,798,1709,686,601,1287,536,474,1010,557,488,1045,694,572,1266,537,766,1303,208,455,663,6460,6201,12661
2020-06-07,1019,885,1904,501,436,937,853,766,1619,927,811,1738,700,610,1310,546,481,1027,564,491,1055,702,578,1280,548,778,1326,210,463,673,6570,6299,12869
2020-06-08,1043,911,1954,518,457,975,884,791,1675,961,839,1800,734,628,1362,565,497,1062,576,502,1078,718,593,1311,558,795,1353,214,470,684,6771,6483,13254
2020-06-09,1087,937,2024,538,477,1015,901,823,1724,985,868,1853,763,647,1410,581,504,1085,588,508,1096,726,607,1333,570,821,1391,217,481,698,6956,6673,13629
2020-06-10,1106,958,2064,549,492,1041,937,842,1779,1010,901,1911,789,666,1455,601,521,1122,605,520,1125,746,630,1376,576,841,1417,223,495,718,7142,6866,14008
2020-06-11,1134,988,2122,562,508,1070,963,868,1831,1039,927,1966,803,687,1490,616,543,1159,616,538,1154,762,644,1406,583,865,1448,226,509,735,7304,7077,14381
2020-06-12,1165,1027,2192,571,530,1101,1008,895,1903,1079,971,2050,832,717,1549,631,558,1189,637,554,1191,778,658,1436,589,885,1474,230,518,748,7520,7313,14833
2020-06-13,1193,1052,2245,591,550,1141,1038,925,1963,1110,992,2102,839,735,1574,646,570,1216,647,559,1206,791,666,1457,595,900,1495,232,525,757,7682,7474,15156
2020-06-14,1210,1075,2285,608,563,1171,1058,944,2002,1129,1004,2133,855,747,1602,654,585,1239,656,563,1219,794,678,1472,608,921,1529,233,533,766,7805,7613,15418
2020-06-15,1233,1104,2337,629,579,1208,1084,972,2056,1148,1023,2171,874,759,1633,666,595,1261,667,566,1233,806,686,1492,615,936,1551,235,543,778,7957,7763,15720
2020-06-16,1278,1151,2429,645,598,1243,1139,1011,2150,1195,1050,2245,904,782,1686,686,609,1295,682,578,1260,820,692,1512,627,958,1585,238,557,795,8214,7986,16200
2020-06-17,1311,1183,2494,660,620,1280,1185,1043,2228,1230,1092,2322,937,801,1738,710,623,1333,698,589,1287,829,711,1540,643,972,1615,240,566,806,8443,8200,16643
2020-06-18,1352,1219,2571,673,632,1305,1235,1075,2310,1278,1141,2419,972,819,1791,738,645,1383,718,606,1324,840,728,1568,659,993,1652,242,578,820,8707,8436,17143
2020-06-19,1399,1244,2643,685,654,1339,1265,1106,2371,1335,1171,2506,1007,852,1859,773,664,1437,743,622,1365,860,744,1604,675,1010,1685,249,591,840,8991,8658,17649
2020-06-20,1427,1271,2698,698,672,1370,1299,1128,2427,1370,1195,2565,1029,877,1906,789,681,1470,759,636,1395,870,753,1623,682,1025,1707,253,596,849,9176,8834,18010
2020-06-21,1455,1288,2743,714,687,1401,1324,1152,2476,1390,1221,2611,1045,884,1929,802,689,1491,767,646,1413,879,758,1637,688,1035,1723,254,603,857,9318,8963,18281
2020-06-22,1495,1323,2818,739,710,1449,1356,1190,2546,1433,1245,2678,1073,909,1982,822,716,1538,785,663,1448,897,773,1670,694,1057,1751,256,615,871,9550,9201,18751
2020-06-23,1537,1360,2897,763,737,1500,1403,1225,2628,1487,1285,2772,1103,941,2044,838,748,1586,801,682,1483,908,784,1692,706,1072,1778,258,621,879,9804,9455,19259
2020-06-24,1569,1393,2962,788,755,1543,1445,1266,2711,1523,1328,2851,1132,967,2099,860,772,1632,812,699,1511,918,797,1715,720,1086,1806,260,626,886,10027,9689,19716
2020-06-25,1607,1440,3047,817,790,1607,1484,1301,2785,1561,1357,2918,1170,1000,2170,895,800,1695,821,710,1531,927,811,1738,729,1097,1826,265,632,897,10276,9938,20214
2020-06-26,1645,1464,3109,846,812,1658,1535,1336,2871,1600,1397,2997,1201,1029,2230,911,821,1732,840,726,1566,938,826,1764,740,1115,1855,266,641,907,10522,10167,20689
2020-06-27,1689,1511,3200,873,846,1719,1569,1375,2944,1631,1429,3060,1227,1047,2274,930,830,1760,855,732,1587,941,839,1780,747,1122,1869,270,647,917,10732,10378,21110
2020-06-28,1725,1529,3254,886,861,1747,1582,1406,2988,1659,1455,3114,1244,1065,2309,947,843,1790,865,738,1603,949,847,1796,755,1132,1887,276,654,930,10888,10530,21418
2020-06-29,1763,1572,3335,914,890,1804,1622,1443,3065,1703,1486,3189,1269,1088,2357,962,872,1834,888,748,1636,962,863,1825,767,1147,1914,280,661,941,11130,10770,21900
2020-06-30,1787,1607,3394,923,913,1836,1669,1478,3147,1737,1524,3261,1300,1118,2418,988,893,1881,909,757,1666,979,873,1852,775,1165,1940,282,672,954,11349,11000,22349
2020-07-01,1822,1636,3458,938,939,1877,1721,1519,3240,1777,1554,3331,1325,1146,2471,1013,921,1934,926,769,1695,992,885,1877,784,1184,1968,285,678,963,11583,11231,22814
2020-07-02,1867,1680,3547,959,965,1924,1764,1563,3327,1824,1595,3419,1360,1174,2534,1031,942,1973,944,779,1723,1000,898,1898,798,1196,1994,288,683,971,11835,11475,23310
2020-07-03,1911,1712,3623,988,981,1969,1803,1593,3396,1870,1646,3516,1385,1205,2590,1052,962,2014,962,792,1754,1010,914,1924,807,1213,2020,292,687,979,12080,11705,23785
2020-07-04,1938,1744,3682,1006,998,2004,1835,1630,3465,1897,1673,3570,1412,1222,2634,1071,975,2046,971,800,1771,1019,926,1945,813,1222,2035,295,693,988,12257,11883,24140
2020-07-05,1959,1772,3731,1025,1010,2035,1861,1663,3524,1925,1701,3626,1422,1243,2665,1088,991,2079,988,814,1802,1034,940,1974,821,1236,2057,298,701,999,12421,12071,24492
2020-07-06,1983,1803,3786,1043,1025,2068,1904,1702,3606,1978,1727,3705,1454,1271,2725,1116,1014,2130,1011,836,1847,1052,967,2019,831,1259,2090,301,710,1011,12673,12314,24987
2020-07-07,2021,1859,3880,1062,1049,2111,1957,1745,3702,2026,1766,3792,1480,1303,2783,1145,1033,2178,1030,852,1882,1064,979,2043,841,1279,2120,308,722,1030,12934,12587,25521
2020-07-08,2059,1884,3943,1090,1076,2166,2009,1782,3791,2061,1805,3866,1523,1341,2864,1165,1063,2228,1046,869,1915,1080,1001,2081,853,1294,2147,312,736,1048,13198,12851,26049
2020-07-09,2087,1903,3990,1105,1088,2193,2036,1809,3845,2096,1830,3926,1552,1367,2919,1178,1076,2254,1054,885,1939,1089,1024,2113,857,1309,2166,318,743,1061,13372,13034,26406
2020-07-10,2112,1923,4035,1126,1109,2235,2064,1836,3900,2126,1859,3985,1575,1388,2963,1191,1089,2280,1073,901,1974,1105,1036,2141,869,1325,2194,320,754,1074,13561,13220,26781
2020-07-11,2135,1957,4092,1144,1118,2262,2084,1861,3945,2151,1890,4041,1595,1414,3009,1207,1109,2316,1092,912,2004,1117,1055,2172,873,1342,2215,322,765,1087,13720,13423,27143
2020-07-12,2155,1974,4129,1160,1126,2286,2103,1880,3983,2175,1905,4080,1610,1425,3035,1215,1119,2334,1102,922,2024,1127,1060,2187,879,1354,2233,326,771,1097,13852,13536,27388
2020-07-13,2182,2014,4196,1184,1148,2332,2145,1917,4062,2213,1945,4158,1647,1459,3106,1241,1153,2394,1134,947,2081,1147,1093,2240,891,1401,2292,328,795,1123,14112,13872,27984
2020-07-14,2215,2046,4261,1210,1165,2375,2180,1944,4124,2275,1983,4258,1683,1493,3176,1270,1170,2440,1157,972,2129,1165,1121,2286,897,1418,2315,335,809,1144,14387,14121,28508
2020-07-15,2243,2079,4322,1242,1188,2430,2217,2003,4220,2333,2034,4367,1722,1534,3256,1296,1202,2498,1179,995,2174,1176,1139,2315,911,1433,2344,342,814,1156,14661,14421,29082
2020-07-16,2286,2105,4391,1260,1220,2480,2263,2057,4320,2384,2072,4456,1758,1576,3334,1323,1233,2556,1197,1010,2207,1192,1157,2349,929,1464,2393,344,831,1175,14936,14725,29661
2020-07-17,2324,2140,4464,1284,1240,2524,2294,2099,4393,2423,2120,4543,1796,1626,3422,1353,1270,2623,1221,1037,2258,1210,1174,2384,945,1484,2429,348,841,1189,15198,15031,30229
2020-07-18,2350,2165,4515,1301,1254,2555,2333,2133,4466,2458,2160,4618,1824,1657,3481,1379,1293,2672,1247,1056,2303,1220,1184,2404,960,1505,2465,350,847,1197,15422,15254,30676
2020-07-19,2378,2196,4574,1313,1272,2585,2358,2157,4515,2484,2190,4674,1848,1681,3529,1402,1316,2718,1260,1067,2327,1233,1192,2425,971,1522,2493,352,853,1205,15599,15446,31045
2020-07-20,2425,2238,4663,1351,1300,2651,2411,2206,4617,2538,2253,4791,1891,1741,3632,1436,1357,2793,1289,1104,2393,1253,1215,2468,992,1542,2534,355,864,1219,15941,15820,31761
2020-07-21,2466,2271,4737,1376,1322,2698,2457,2248,4705,2600,2301,4901,1933,1780,3713,1470,1393,2863,1316,1131,2447,1274,1240,2514,1005,1568,2573,360,874,1234,16257,16128,32385
2020-07-22,2522,2306,4828,1399,1346,2745,2524,2299,4823,2655,2357,5012,1985,1821,3806,1500,1422,2922,1332,1155,2487,1298,1260,2558,1019,1599,2618,361,884,1245,16595,16449,33044
2020-07-23,2568,2345,4913,1425,1368,2793,2579,2352,4931,2706,2413,5119,2020,1854,3874,1531,1447,2978,1350,1178,2528,1315,1281,2596,1027,1620,2647,367,893,1260,16888,16751,33639
2020-07-24,2599,2381,4980,1446,1390,2836,2635,2402,5037,2761,2478,5239,2060,1891,3951,1562,1471,3033,1380,1192,2572,1327,1304,2631,1039,1645,2684,369,907,1276,17178,17061,34239
2020-07-25,2630,2412,5042,1473,1403,2876,2672,2445,5117,2803,2519,5322,2091,1923,4014,1575,1484,3059,1394,1209,2603,1341,1317,2658,1049,1662,2711,374,911,1285,17402,17285,34687
2020-07-26,2657,2440,5097,1487,1417,2904,2695,2465,5160,2828,2546,5374,2122,1936,4058,1593,1502,3095,1405,1219,2624,1355,1327,2682,1056,1678,2734,379,917,1296,17577,17447,35024
2020-07-27,2686,2478,5164,1514,1441,2955,2745,2506,5251,2882,2593,5475,2168,1983,4151,1623,1543,3166,1431,1243,2674,1373,1348,2721,1073,1698,2771,384,936,1320,17879,17769,35648
2020-07-28,2725,2512,5237,1538,1464,3002,2808,2577,5385,2940,2638,5578,2212,2027,4239,1662,1584,3246,1463,1272,2735,1387,1377,2764,1083,1724,2807,389,956,1345,18207,18131,36338
2020-07-29,2764,2550,5314,1564,1493,3057,2871,2630,5501,2995,2692,5687,2269,2076,4345,1695,1627,3322,1488,1304,2792,1410,1398,2808,1101,1753,2854,394,980,1374,18551,18503,37054
2020-07-30,2812,2587,5399,1597,1530,3127,2955,2696,5651,3060,2754,5814,2326,2117,4443,1738,1670,3408,1512,1333,2845,1426,1416,2842,1109,1772,2881,395,986,1381,18930,18861,37791
2020-07-31,2848,2630,5478,1616,1557,3173,3007,2765,5772,3134,2818,5952,2377,2156,4533,1776,1705,3481,1535,1366,2901,1447,1441,2888,1120,1800,2920,401,1004,1405,19261,19242,38503
2020-08-01,2875,2656,5531,1630,1581,3211,3037,2805,5842,3168,2860,6028,2406,2196,4602,1806,1732,3538,1555,1374,2929,1467,1457,2924,1132,1822,2954,402,1015,1417,19478,19498,38976
2020-08-02,2908,2681,5589,1646,1599,3245,3067,2826,5893,3202,2894,6096,2428,2229,4657,1825,1755,3580,1566,1392,2958,1474,1475,2949,1144,1837,2981,404,1022,1426,19664,19710,39374
2020-08-03,2953,2729,5682,1674,1628,3302,3119,2879,5998,3260,2941,6201,2463,2275,4738,1855,1789,3644,1597,1414,3011,1485,1496,2981,1158,1869,3027,408,1036,1444,19972,20056,40028
2020-08-04,3000,2764,5764,1707,1663,3370,3186,2923,6109,3325,2996,6321,2520,2315,4835,1896,1823,3719,1623,1435,3058,1502,1519,3021,1175,1900,3075,413,1051,1464,20347,20389,40736
2020-08-05,3043,2806,5849,1742,1688,3430,3244,2966,6210,3373,3054,6427,2557,2355,4912,1935,1868,3803,1652,1464,3116,1524,1540,3064,1192,1920,3112,416,1059,1475,20678,20720,41398
2020-08-06,3086,2838,5924,1765,1724,3489,3302,3024,6326,3428,3118,6546,2611,2410,5021,1968,1911,3879,1680,1486,3166,1543,1561,3104,1208,1944,3152,421,1071,1492,21012,21087,42099
2020-08-07,3139,2880,6019,1792,1751,3543,3361,3082,6443,3490,3170,6660,2654,2469,5123,2008,1937,3945,1699,1510,3209,1562,1590,3152,1222,1981,3203,426,1094,1520,21353,21464,42817
2020-08-08,3172,2911,6083,1812,1769,3581,3396,3121,6517,3550,3223,6773,2689,2508,5197,2038,1969,4007,1719,1530,3249,1575,1614,3189,1233,2002,3235,427,1114,1541,21611,21761,43372
2020-08-09,3200,2940,6140,1827,1781,3608,3427,3156,6583,3590,3256,6846,2716,2548,5264,2067,1999,4066,1738,1549,3287,1589,1636,3225,1249,2046,3295,431,1132,1563,21834,22043,43877
2020-08-10,3251,2977,6228,1858,1808,3666,3494,3213,6707,3658,3304,6962,2769,2601,5370,2104,2036,4140,1757,1567,3324,1606,1662,3268,1262,2066,3328,435,1143,1578,22194,22377,44571
2020-08-11,3290,3016,6306,1897,1832,3729,3559,3272,6831,3738,3368,7106,2828,2659,5487,2145,2078,4223,1787,1591,3378,1629,1693,3322,1277,2093,3370,442,1155,1597,22592,22757,45349
2020-08-12,3328,3060,6388,1934,1859,3793,3613,3348,6961,3787,3456,7243,2885,2715,5600,2182,2119,4301,1815,1616,3431,1644,1720,3364,1289,2114,3403,447,1171,1618,22924,23178,46102
2020-08-13,3356,3097,6453,1972,1884,3856,3690,3423,7113,3873,3542,7415,2938,2770,5708,2231,2163,4394,1836,1650,3486,1671,1738,3409,1300,2140,3440,451,1186,1637,23318,23593,46911
2020-08-14,3382,3126,6508,1992,1911,3903,3775,3502,7277,3936,3612,7548,3004,2816,5820,2273,2206,4479,1869,1681,3550,1693,1769,3462,1313,2161,3474,454,1198,1652,23691,23982,47673
2020-08-15,3425,3150,6575,2025,1935,3960,3819,3555,7374,3987,3672,7659,3033,2867,5900,2303,2235,4538,1893,1701,3594,1708,1801,3509,1322,2206,3528,458,1214,1672,23973,24336,48309
2020-08-16,3459,3171,6630,2039,1946,3985,3866,3595,7461,4024,3711,7735,3054,2901,5955,2324,2256,4580,1905,1723,3628,1724,1817,3541,1331,2238,3569,462,1235,1697,24188,24593,48781
2020-08-17,3486,3188,6674,2062,1966,4028,3917,3643,7560,4076,3766,7842,3097,2946,6043,2358,2301,4659,1921,1759,3680,1740,1831,3571,1340,2259,3599,462,1248,1710,24459,24907,49366
2020-08-18,3531,3230,6761,2094,1982,4076,3974,3699,7673,4156,3835,7991,3145,2988,6133,2389,2362,4751,1942,1794,3736,1763,1859,3622,1349,2277,3626,462,1265,1727,24805,25291,50096
2020-08-19,3581,3267,6848,2119,2011,4130,4025,3768,7793,4224,3899,8123,3188,3037,6225,2427,2395,4822,1961,1823,3784,1781,1889,3670,1362,2314,3676,466,1282,1748,25134,25685,50819
2020-08-20,3607,3298,6905,2144,2033,4177,4088,3833,7921,4274,3963,8237,3220,3083,6303,2462,2428,4890,1987,1854,3841,1794,1910,3704,1378,2336,3714,469,1295,1764,25423,26033,51456
2020-08-21,3635,3343,6978,2177,2058,4235,4138,3887,8025,4338,4036,8374,3275,3133,6408,2505,2478,4983,2021,1888,3909,1817,1947,3764,1392,2371,3763,474,1305,1779,25772,26446,52218
2020-08-22,3649,3361,7010,2206,2078,4284,4178,3924,8102,4377,4094,8471,3314,3165,6479,2529,2501,5030,2046,1911,3957,1831,1969,3800,1402,2385,3787,477,1320,1797,26009,26708,52717
2020-08-23,3673,3392,7065,2221,2093,4314,4206,3951,8157,4411,4133,8544,3341,3188,6529,2553,2531,5084,2064,1930,3994,1841,1991,3832,1414,2392,3806,482,1324,1806,26206,26925,53131
2020-08-24,3719,3439,7158,2246,2120,4366,4259,4018,8277,4475,4193,8668,3391,3250,6641,2603,2567,5170,2091,1964,4055,1862,2016,3878,1430,2414,3844,487,1342,1829,26563,27323,53886
2020-08-25,3748,3474,7222,2280,2143,4423,4318,4093,8411,4545,4275,8820,3435,3296,6731,2638,2611,5249,2113,1994,4107,1877,2035,3912,1446,2445,3891,493,1357,1850,26893,27723,54616
2020-08-26,3796,3496,7292,2308,2175,4483,4393,4161,8554,4611,4335,8946,3479,3353,6832,2676,2650,5326,2143,2018,4161,1899,2063,3962,1463,2474,3937,496,1372,1868,27264,28097,55361
2020-08-27,3840,3528,7368,2346,2211,4557,4471,4230,8701,4685,4403,9088,3537,3411,6948,2722,2690,5412,2164,2050,4214,1924,2089,4013,1481,2506,3987,501,1393,1894,27671,28511,56182
2020-08-28,3881,3565,7446,2392,2239,4631,4557,4314,8871,4753,4478,9231,3598,3475,7073,2769,2748,5517,2192,2091,4283,1954,2116,4070,1493,2526,4019,505,1403,1908,28094,28955,57049
2020-08-29,3912,3584,7496,2408,2255,4663,4618,4366,8984,4802,4550,9352,3644,3518,7162,2801,2780,5581,2222,2113,4335,1972,2135,4107,1503,2550,4053,508,1419,1927,28390,29270,57660
2020-08-30,3936,3615,7551,2433,2272,4705,4665,4404,9069,4851,4586,9437,3684,3559,7243,2830,2807,5637,2239,2136,4375,1985,2152,4137,1510,2563,4073,511,1424,1935,28644,29518,58162
2020-08-31,3976,3644,7620,2464,2300,4764,4733,4465,9198,4912,4652,9564,3740,3615,7355,2861,2845,5706,2269,2175,4444,2013,2180,4193,1530,2603,4133,513,1438,1951,29011,29917,58928
2020-09-01,4017,3683,7700,2489,2343,4832,4801,4537,9338,5002,4729,9731,3807,3657,7464,2897,2904,5801,2292,2202,4494,2030,2208,4238,1544,2646,4190,520,1453,1973,29399,30362,59761
2020-09-02,4052,3708,7760,2514,2363,4877,4849,4605,9454,5057,4805,9862,3856,3700,7556,2935,2944,5879,2310,2226,4536,2058,2233,4291,1561,2673,4234,524,1483,2007,29716,30740,60456
2020-09-03,4088,3739,7827,2549,2391,4940,4925,4681,9606,5152,4885,10037,3914,3755,7669,2978,2979,5957,2335,2259,4594,2076,2258,4334,1573,2701,4274,528,1492,2020,30118,31140,61258
2020-09-04,4126,3779,7905,2578,2423,5001,4989,4748,9737,5226,4960,10186,3974,3825,7799,3010,3022,6032,2369,2302,4671,2102,2282,4384,1587,2727,4314,531,1508,2039,30492,31576,62068
2020-09-05,4153,3803,7956,2596,2437,5033,5041,4797,9838,5284,5031,10315,4015,3883,7898,3036,3058,6094,2399,2331,4730,2120,2300,4420,1603,2747,4350,533,1515,2048,30780,31902,62682
2020-09-06,4179,3829,8008,2612,2453,5065,5064,4837,9901,5323,5067,10390,4046,3915,7961,3053,3088,6141,2415,2356,4771,2130,2322,4452,1616,2763,4379,534,1524,2058,30972,32154,63126
2020-09-07,4209,3862,8071,2639,2484,5123,5134,4917,10051,5401,5139,10540,4099,3980,8079,3092,3147,6239,2457,2388,4845,2146,2348,4494,1630,2794,4424,541,1538,2079,31348,32597,63945
2020-09-08,4244,3893,8137,2670,2511,5181,5197,4985,10182,5484,5213,10697,4154,4036,8190,3142,3201,6343,2489,2430,4919,2176,2375,4551,1647,2821,4468,548,1560,2108,31751,33025,64776
2020-09-09,4282,3925,8207,2693,2545,5238,5268,5048,10316,5551,5279,10830,4209,4089,8298,3189,3248,6437,2520,2474,4994,2198,2405,4603,1662,2858,4520,549,1579,2128,32121,33450,65571
2020-09-10,4315,3946,8261,2729,2573,5302,5350,5123,10473,5634,5369,11003,4278,4146,8424,3232,3297,6529,2548,2502,5050,2221,2431,4652,1674,2893,4567,551,1595,2146,32532,33875,66407
2020-09-11,4349,3979,8328,2774,2599,5373,5412,5178,10590,5698,5452,11150,4333,4211,8544,3277,3359,6636,2585,2535,5120,2247,2460,4707,1692,2920,4612,554,1605,2159,32921,34298,67219
2020-09-12,4374,4002,8376,2794,2623,5417,5450,5216,10666,5736,5505,11241,4362,4251,8613,3308,3398,6706,2613,2563,5176,2270,2484,4754,1704,2951,4655,556,1619,2175,33167,34612,67779
2020-09-13,4405,4027,8432,2807,2636,5443,5489,5264,10753,5778,5561,11339,4386,4278,8664,3336,3423,6759,2643,2590,5233,2283,2495,4778,1707,2965,4672,561,1628,2189,33395,34867,68262
2020-09-14,4441,4064,8505,2836,2667,5503,5554,5348,10902,5846,5632,11478,4435,4338,8773,3391,3475,6866,2683,2634,5317,2311,2524,4835,1725,2984,4709,563,1638,2201,33785,35304,69089
2020-09-15,4483,4093,8576,2857,2684,5541,5617,5390,11007,5913,5722,11635,4480,4385,8865,3425,3518,6943,2719,2672,5391,2334,2558,4892,1740,3018,4758,564,1651,2215,34132,35691,69823
2020-09-16,4531,4134,8665,2901,2727,5628,5693,5480,11173,5978,5804,11782,4538,4445,8983,3466,3566,7032,2752,2709,5461,2358,2578,4936,1756,3049,4805,567,1662,2229,34540,36154,70694
2020-09-17,4567,4167,8734,2930,2771,5701,5754,5544,11298,6039,5872,11911,4596,4517,9113,3518,3625,7143,2792,2749,5541,2385,2606,4991,1771,3068,4839,570,1666,2236,34922,36585,71507
2020-09-18,4608,4211,8819,2954,2811,5765,5817,5621,11438,6127,5965,12092,4644,4576,9220,3556,3672,7228,2822,2796,5618,2417,2634,5051,1784,3092,4876,573,1678,2251,35302,37056,72358
2020-09-19,4623,4247,8870,2969,2837,5806,5849,5654,11503,6165,6015,12180,4673,4604,9277,3579,3694,7273,2854,2821,5675,2436,2656,5092,1799,3112,4911,576,1685,2261,35523,37325,72848
2020-09-20,4649,4276,8925,2997,2864,5861,5882,5688,11570,6206,6048,12254,4701,4632,9333,3599,3722,7321,2867,2841,5708,2457,2673,5130,1803,3130,4933,579,1693,2272,35740,37567,73307
2020-09-21,4684,4312,8996,3026,2900,5926,5945,5742,11687,6267,6124,12391,4748,4685,9433,3639,3756,7395,2903,2877,5780,2483,2701,5184,1814,3145,4959,580,1703,2283,36089,37945,74034
2020-09-22,4732,4351,9083,3065,2945,6010,6008,5818,11826,6333,6194,12527,4808,4724,9532,3689,3806,7495,2940,2905,5845,2511,2732,5243,1827,3179,5006,583,1716,2299,36496,38370,74866
2020-09-23,4779,4386,9165,3090,2973,6063,6056,5894,11950,6394,6267,12661,4854,4777,9631,3728,3850,7578,2972,2940,5912,2531,2770,5301,1838,3204,5042,585,1728,2313,36827,38789,75616
2020-09-24,4828,4430,9258,3128,3010,6138,6127,5957,12084,6476,6342,12818,4912,4832,9744,3764,3887,7651,2987,2994,5981,2549,2798,5347,1861,3229,5090,592,1750,2342,37224,39229,76453
2020-09-25,4870,4457,9327,3158,3035,6193,6189,6023,12212,6537,6403,12940,4971,4885,9856,3800,3930,7730,3020,3037,6057,2572,2825,5397,1880,3254,5134,592,1761,2353,37589,39610,77199
2020-09-26,4895,4478,9373,3184,3055,6239,6230,6063,12293,6584,6443,13027,5008,4922,9930,3825,3971,7796,3043,3060,6103,2589,2841,5430,1890,3273,5163,598,1770,2368,37846,39876,77722
2020-09-27,4921,4507,9428,3200,3080,6280,6274,6111,12385,6616,6481,13097,5046,4951,9997,3854,4001,7855,3065,3078,6143,2596,2859,5455,1899,3287,5186,600,1776,2376,38071,40131,78202
2020-09-28,4958,4535,9493,3231,3109,6340,6331,6167,12498,6686,6548,13234,5112,4995,10107,3909,4059,7968,3114,3105,6219,2617,2889,5506,1916,3314,5230,604,1796,2400,38478,40517,78995
2020-09-29,5007,4576,9583,3267,3154,6421,6411,6225,12636,6775,6629,13404,5176,5049,10225,3950,4103,8053,3156,3152,6308,2648,2939,5587,1938,3352,5290,607,1820,2427,38935,40999,79934
2020-09-30,5050,4613,9663,3299,3192,6491,6481,6300,12781,6843,6697,13540,5229,5100,10329,3995,4155,8150,3194,3200,6394,2678,2970,5648,1948,3377,5325,612,1829,2441,39329,41433,80762
2020-10-01,5095,4664,9759,3328,3250,6578,6556,6386,12942,6925,6779,13704,5274,5166,10440,4041,4196,8237,3235,3242,6477,2706,3020,5726,1962,3396,5358,616,1839,2455,39738,41938,81676
2020-10-02,5155,4718,9873,3362,3287,6649,6619,6469,13088,6988,6862,13850,5321,5231,10552,4093,4236,8329,3277,3284,6561,2736,3061,5797,1976,3431,5407,620,1856,2476,40147,42435,82582
2020-10-03,5181,4745,9926,3385,3318,6703,6670,6517,13187,7034,6911,13945,5360,5266,10626,4128,4265,8393,3295,3312,6607,2757,3079,5836,1983,3450,5433,623,1863,2486,40416,42726,83142
2020-10-04,5211,4777,9988,3407,3341,6748,6712,6560,13272,7068,6946,14014,5397,5301,10698,4156,4290,8446,3315,3333,6648,2770,3094,5864,1993,3476,5469,626,1866,2492,40655,42984,83639
2020-10-05,5235,4816,10051,3436,3371,6807,6768,6621,13389,7153,7022,14175,5477,5354,10831,4205,4340,8545,3373,3370,6743,2803,3140,5943,2013,3503,5516,629,1873,2502,41092,43410,84502
2020-10-06,5269,4868,10137,3475,3409,6884,6834,6678,13512,7232,7091,14323,5558,5404,10962,4255,4385,8640,3409,3411,6820,2834,3176,6010,2031,3530,5561,635,1884,2519,41532,43836,85368
2020-10-07,5316,4903,10219,3498,3435,6933,6904,6752,13656,7316,7180,14496,5616,5467,11083,4295,4447,8742,3447,3456,6903,2864,3209,6073,2049,3559,5608,643,1891,2534,41948,44299,86247
2020-10-08,5362,4939,10301,3536,3463,6999,6973,6828,13801,7383,7254,14637,5674,5528,11202,4339,4502,8841,3483,3493,6976,2890,3247,6137,2065,3586,5651,648,1915,2563,42353,44755,87108
2020-10-09,5396,4986,10382,3587,3508,7095,7028,6915,13943,7469,7356,14825,5732,5598,11330,4387,4562,8949,3522,3539,7061,2915,3286,6201,2076,3612,5688,652,1930,2582,42764,45292,88056
2020-10-10,5421,5019,10440,3621,3534,7155,7089,6973,14062,7531,7419,14950,5773,5650,11423,4422,4613,9035,3559,3571,7130,2930,3316,6246,2094,3634,5728,661,1943,2604,43101,45672,88773
2020-10-11,5451,5047,10498,3642,3555,7197,7134,7032,14166,7587,7483,15070,5823,5692,11515,4456,4642,9098,3595,3607,7202,2949,3347,6296,2109,3658,5767,662,1952,2614,43408,46015,89423
2020-10-12,5476,5080,10556,3684,3590,7274,7210,7116,14326,7663,7565,15228,5883,5765,11648,4506,4715,9221,3650,3649,7299,2987,3392,6379,2133,3704,5837,664,1971,2635,43856,46547,90403
2020-10-13,5534,5130,10664,3741,3634,7375,7325,7229,14554,7770,7696,15466,5953,5854,11807,4587,4810,9397,3708,3702,7410,3026,3447,6473,2162,3755,5917,672,1995,2667,44478,47252,91730
2020-10-14,5585,5179,10764,3779,3689,7468,7422,7349,14771,7876,7819,15695,6022,5943,11965,4650,4883,9533,3762,3754,7516,3078,3503,6581,2184,3788,5972,672,2015,2687,45030,47922,92952
2020-10-15,5634,5222,10856,3832,3744,7576,7534,7466,15000,8009,7954,15963,6124,6058,12182,4728,4969,9697,3829,3826,7655,3112,3558,6670,2202,3827,6029,681,2030,2711,45685,48654,94339
2020-10-16,5696,5264,10960,3881,3809,7690,7671,7623,15294,8150,8070,16220,6233,6167,12400,4810,5061,9871,3888,3893,7781,3153,3617,6770,2229,3875,6104,684,2065,2749,46395,49444,95839
2020-10-17,5722,5297,11019,3914,3848,7762,7767,7701,15468,8241,8178,16419,6310,6250,12560,4852,5111,9963,3928,3946,7874,3194,3658,6852,2243,3908,6151,688,2080,2768,46859,49977,96836
2020-10-18,5746,5327,11073,3939,3876,7815,7805,7755,15560,8301,8255,16556,6344,6300,12644,4892,5149,10041,3957,3973,7930,3217,3697,6914,2255,3946,6201,689,2093,2782,47145,50371,97516
2020-10-19,5819,5380,11199,3990,3937,7927,7929,7910,15839,8438,8412,16850,6472,6436,12908,4985,5240,10225,4040,4048,8088,3269,3761,7030,2280,3990,6270,692,2108,2800,47914,51222,99136
2020-10-20,5875,5442,11317,4050,3995,8045,8077,8045,16122,8566,8552,17118,6581,6567,13148,5069,5333,10402,4109,4111,8220,3306,3814,7120,2314,4037,6351,693,2131,2824,48640,52027,100667
2020-10-21,5915,5476,11391,4124,4047,8171,8177,8184,16361,8670,8659,17329,6669,6660,13329,5143,5393,10536,4170,4163,8333,3341,3860,7201,2335,4085,6420,696,2151,2847,49240,52678,101918
2020-10-22,5957,5514,11471,4187,4118,8305,8266,8290,16556,8758,8761,17519,6750,6762,13512,5208,5472,10680,4213,4218,8431,3372,3900,7272,2360,4125,6485,702,2173,2875,49773,53333,103106
2020-10-23,5994,5546,11540,4234,4158,8392,8343,8382,16725,8836,8857,17693,6810,6851,13661,5263,5527,10790,4259,4278,8537,3414,3940,7354,2385,4144,6529,707,2198,2905,50245,53881,104126
2020-10-24,6014,5570,11584,4255,4193,8448,8407,8433,16840,8885,8917,17802,6857,6900,13757,5299,5564,10863,4281,4310,8591,3443,3969,7412,2393,4167,6560,712,2211,2923,50546,54234,104780
2020-10-25,6053,5600,11653,4275,4221,8496,8469,8500,16969,8946,9006,17952,6907,6949,13856,5346,5621,10967,4313,4343,8656,3469,4002,7471,2401,4186,6587,716,2214,2930,50895,54642,105537
2020-10-26,6100,5638,11738,4340,4270,8610,8559,8604,17163,9050,9126,18176,6979,7050,14029,5416,5705,11121,4359,4398,8757,3507,4052,7559,2418,4232,6650,721,2234,2955,51449,55309,106758
2020-10-27,6141,5682,11823,4386,4311,8697,8673,8726,17399,9151,9223,18374,7078,7138,14216,5489,5797,11286,4424,4479,8903,3551,4108,7659,2435,4260,6695,724,2242,2966,52052,55966,108018
2020-10-28,6186,5727,11913,4428,4353,8781,8754,8847,17601,9255,9331,18586,7139,7218,14357,5557,5873,11430,4480,4530,9010,3585,4145,7730,2447,4294,6741,728,2256,2984,52559,56574,109133
2020-10-29,6222,5760,11982,4465,4397,8862,8872,8947,17819,9376,9447,18823,7216,7308,14524,5609,5940,11549,4534,4586,9120,3615,4178,7793,2464,4323,6787,730,2264,2994,53103,57150,110253
2020-10-30,6259,5787,12046,4496,4446,8942,8955,9068,18023,9473,9552,19025,7292,7386,14678,5659,6001,11660,4580,4640,9220,3639,4213,7852,2483,4353,6836,735,2281,3016,53571,57727,111298
2020-10-31,6287,5809,12096,4518,4473,8991,9008,9125,18133,9528,9625,19153,7334,7443,14777,5697,6036,11733,4613,4679,9292,3661,4238,7899,2491,4368,6859,738,2285,3023,53875,58081,111956
2020-11-01,6328,5844,12172,4549,4522,9071,9070,9198,18268,9593,9708,19301,7401,7498,14899,5739,6091,11830,4648,4729,9377,3688,4266,7954,2501,4389,6890,741,2291,3032,54258,58536,112794
2020-11-02,6370,5891,12261,4592,4573,9165,9164,9312,18476,9700,9804,19504,7474,7590,15064,5811,6155,11966,4711,4791,9502,3723,4303,8026,2519,4415,6934,744,2306,3050,54808,59140,113948
2020-11-03,6407,5921,12328,4621,4603,9224,9241,9403,18644,9785,9885,19670,7536,7636,15172,5859,6208,12067,4755,4833,9588,3759,4335,8094,2540,4451,6991,746,2318,3064,55249,59593,114842
2020-11-04,6448,5964,12412,4662,4651,9313,9361,9527,18888,9885,10000,19885,7638,7741,15379,5929,6285,12214,4825,4894,9719,3802,4376,8178,2562,4494,7056,757,2332,3089,55869,60264,116133
2020-11-05,6495,6006,12501,4731,4709,9440,9501,9653,19154,10015,10123,20138,7747,7842,15589,6017,6383,12400,4870,4957,9827,3838,4416,8254,2582,4524,7106,760,2346,3106,56556,60959,117515
2020-11-06,6526,6043,12569,4759,4755,9514,9575,9733,19308,10080,10204,20284,7792,7895,15687,6071,6439,12510,4909,5006,9915,3868,4458,8326,2597,4554,7151,764,2355,3119,56941,61442,118383
2020-11-07,6556,6078,12634,4788,4794,9582,9632,9808,19440,10134,10284,20418,7844,7952,15796,6116,6497,12613,4949,5051,10000,3897,4489,8386,2620,4574,7194,771,2360,3131,57307,61887,119194
2020-11-08,6599,6124,12723,4826,4834,9660,9701,9872,19573,10201,10370,20571,7897,8016,15913,6152,6546,12698,4994,5097,10091,3928,4521,8449,2630,4591,7221,775,2364,3139,57703,62335,120038
2020-11-09,6655,6179,12834,4897,4879,9776,9790,9986,19776,10311,10506,20817,7978,8114,16092,6236,6622,12858,5053,5161,10214,3953,4562,8515,2656,4631,7287,778,2374,3152,58307,63014,121321
2020-11-10,6693,6211,12904,4938,4918,9856,9878,10068,19946,10410,10607,21017,8043,8177,16220,6290,6679,12969,5117,5207,10324,3986,4597,8583,2680,4660,7340,782,2385,3167,58817,63509,122326
2020-11-11,6741,6249,12990,4974,4964,9938,9978,10172,20150,10507,10704,21211,8127,8255,16382,6353,6754,13107,5161,5248,10409,4024,4631,8655,2700,4699,7399,786,2403,3189,59351,64079,123430
2020-11-12,6793,6286,13079,5020,5004,10024,10061,10288,20349,10617,10816,21433,8221,8345,16566,6425,6810,13235,5208,5323,10531,4065,4676,8741,2721,4736,7457,789,2415,3204,59920,64699,124619
2020-11-13,6840,6317,13157,5072,5043,10115,10153,10403,20556,10701,10921,21622,8298,8422,16720,6488,6872,13360,5270,5388,10658,4103,4718,8821,2742,4768,7510,793,2430,3223,60460,65282,125742
2020-11-14,6893,6355,13248,5102,5073,10175,10212,10476,20688,10775,11007,21782,8344,8487,16831,6530,6918,13448,5320,5417,10737,4130,4755,8885,2751,4791,7542,797,2434,3231,60854,65713,126567
2020-11-15,6935,6401,13336,5142,5096,10238,10282,10567,20849,10858,11074,21932,8411,8551,16962,6578,6977,13555,5364,5464,10828,4156,4788,8944,2760,4815,7575,797,2448,3245,61283,66181,127464
2020-11-16,6977,6452,13429,5189,5135,10324,10359,10659,21018,10940,11165,22105,8496,8626,17122,6617,7038,13655,5408,5518,10926,4193,4829,9022,2777,4845,7622,802,2469,3271,61758,66736,128494
2020-11-17,7022,6505,13527,5243,5183,10426,10468,10771,21239,11064,11290,22354,8587,8719,17306,6678,7103,13781,5475,5595,11070,4238,4882,9120,2786,4882,7668,803,2478,3281,62364,67408,129772
2020-11-18,7066,6550,13616,5306,5231,10537,10579,10883,21462,11202,11414,22616,8672,8798,17470,6740,7168,13908,5522,5643,11165,4285,4928,9213,2802,4925,7727,806,2488,3294,62980,68028,131008
2020-11-19,7113,6587,13700,5373,5288,10661,10686,11011,21697,11306,11554,22860,8746,8885,17631,6808,7245,14053,5584,5705,11289,4324,4964,9288,2823,4961,7784,809,2498,3307,63572,68698,132270
2020-11-20,7163,6630,13793,5418,5331,10749,10778,11119,21897,11410,11657,23067,8809,8965,17774,6870,7309,14179,5639,5756,11395,4353,4996,9349,2842,4989,7831,813,2510,3323,64095,69262,133357
2020-11-21,7201,6662,13863,5449,5365,10814,10837,11188,22025,11481,11722,23203,8860,9025,17885,6911,7356,14267,5676,5792,11468,4376,5015,9391,2852,5002,7854,816,2520,3336,64459,69647,134106
2020-11-22,7233,6692,13925,5480,5393,10873,10895,11246,22141,11532,11788,23320,8914,9077,17991,6940,7387,14327,5707,5838,11545,4398,5031,9429,2862,5024,7886,817,2528,3345,64778,70004,134782
2020-11-23,7283,6735,14018,5517,5428,10945,10968,11324,22292,11617,11869,23486,8983,9137,18120,6986,7433,14419,5748,5885,11633,4421,5064,9485,2881,5053,7934,823,2540,3363,65227,70468,135695
2020-11-24,7327,6787,14114,5570,5476,11046,11061,11422,22483,11738,11965,23703,9073,9213,18286,7051,7499,14550,5805,5939,11744,4454,5108,9562,2906,5088,7994,825,2545,3370,65810,71042,136852
2020-11-25,7387,6839,14226,5628,5525,11153,11171,11522,22693,11851,12082,23933,9149,9286,18435,7108,7551,14659,5863,5992,11855,4478,5147,9625,2925,5116,8041,830,2554,3384,66390,71614,138004
2020-11-26,7430,6886,14316,5686,5582,11268,11278,11636,22914,11958,12206,24164,9214,9385,18599,7177,7620,14797,5925,6046,11971,4513,5195,9708,2941,5147,8088,838,2566,3404,66960,72269,139229
2020-11-27,7451,6924,14375,5725,5611,11336,11370,11743,23113,12033,12300,24333,9272,9428,18700,7234,7677,14911,5967,6089,12056,4544,5229,9773,2955,5182,8137,843,2571,3414,67394,72754,140148
2020-11-28,7500,6952,14452,5759,5646,11405,11450,11815,23265,12087,12377,24464,9322,9487,18809,7294,7730,15024,5995,6123,12118,4569,5264,9833,2966,5211,8177,845,2575,3420,67787,73180,140967
2020-11-29,7538,6992,14530,5785,5689,11474,11533,11897,23430,12162,12472,24634,9393,9543,18936,7340,7780,15120,6042,6168,12210,4593,5291,9884,2982,5225,8207,846,2582,3428,68214,73639,141853
2020-11-30,7596,7043,14639,5849,5735,11584,11667,12045,23712,12281,12597,24878,9495,9639,19134,7400,7857,15257,6104,6246,12350,4636,5342,9978,3001,5258,8259,852,2590,3442,68881,74352,143233
2020-12-01,7639,7091,14730,5889,5793,11682,11788,12156,23944,12383,12720,25103,9580,9732,19312,7440,7918,15358,6163,6319,12482,4676,5390,10066,3020,5288,8308,854,2593,3447,69432,75000,144432
2020-12-02,7665,7112,14777,5921,5828,11749,11860,12240,24100,12444,12806,25250,9642,9808,19450,7483,7964,15447,6198,6352,12550,4706,5422,10128,3034,5306,8340,859,2603,3462,69812,75441,145253
2020-12-03,7704,7158,14862,5969,5872,11841,11949,12374,24323,12558,12935,25493,9730,9897,19627,7548,8021,15569,6253,6420,12673,4744,5455,10199,3048,5330,8378,862,2613,3475,70365,76075,146440
2020-12-04,7743,7200,14943,6015,5927,11942,12044,12467,24511,12655,13038,25693,9808,9984,19792,7615,8097,15712,6307,6488,12795,4784,5497,10281,3066,5359,8425,869,2622,3491,70906,76679,147585
2020-12-05,7776,7233,15009,6056,5964,12020,12124,12545,24669,12743,13107,25850,9861,10035,19896,7652,8140,15792,6341,6519,12860,4804,5518,10322,3077,5381,8458,874,2630,3504,71308,77072,148380
2020-12-06,7807,7264,15071,6090,5989,12079,12185,12603,24788,12801,13158,25959,9902,10094,19996,7684,8179,15863,6372,6551,12923,4831,5545,10376,3093,5398,8491,875,2633,3508,71640,77414,149054
2020-12-07,7830,7301,15131,6133,6019,12152,12277,12699,24976,12874,13239,26113,9959,10162,20121,7723,8226,15949,6401,6587,12988,4856,5583,10439,3105,5417,8522,879,2638,3517,72037,77871,149908
2020-12-08,7865,7343,15208,6161,6051,12212,12356,12783,25139,12956,13321,26277,10010,10211,20221,7777,8281,16058,6443,6626,13069,4877,5621,10498,3111,5436,8547,884,2642,3526,72440,78315,150755
2020-12-09,7909,7381,15290,6201,6104,12305,12487,12927,25414,13100,13463,26563,10123,10301,20424,7878,8382,16260,6531,6707,13238,4921,5685,10606,3128,5469,8597,887,2659,3546,73165,79078,152243
2020-12-10,7957,7425,15382,6278,6184,12462,12638,13092,25730,13261,13647,26908,10235,10422,20657,7995,8499,16494,6623,6793,13416,4963,5722,10685,3145,5513,8658,893,2669,3562,73988,79966,153954
2020-12-11,7996,7468,15464,6336,6241,12577,12803,13273,26076,13434,13829,27263,10360,10553,20913,8107,8625,16732,6725,6904,13629,5016,5779,10795,3165,5542,8707,895,2677,3572,74837,80891,155728
2020-12-12,8037,7505,15542,6398,6293,12691,12930,13406,26336,13564,13986,27550,10485,10671,21156,8209,8713,16922,6793,7010,13803,5055,5836,10891,3176,5565,8741,897,2685,3582,75544,81670,157214
2020-12-13,8077,7536,15613,6444,6354,12798,13030,13532,26562,13686,14122,27808,10580,10774,21354,8314,8806,17120,6867,7071,13938,5094,5868,10962,3186,5589,8775,903,2690,3593,76181,82342,158523
2020-12-14,8139,7581,15720,6501,6412,12913,13187,13689,26876,13850,14287,28137,10696,10904,21600,8427,8924,17351,6964,7179,14143,5149,5933,11082,3207,5621,8828,912,2702,3614,77032,83232,160264
2020-12-15,8181,7623,15804,6565,6479,13044,13312,13844,27156,14013,14447,28460,10811,11009,21820,8536,9049,17585,7068,7286,14354,5198,5982,11180,3221,5639,8860,913,2715,3628,77818,84073,161891
2020-12-16,8209,7665,15874,6633,6570,13203,13477,14040,27517,14221,14666,28887,10955,11176,22131,8677,9177,17854,7197,7402,14599,5264,6051,11315,3241,5660,8901,917,2727,3644,78791,85134,163925
2020-12-17,8260,7717,15977,6710,6642,13352,13639,14240,27879,14444,14918,29362,11122,11341,22463,8811,9311,18122,7265,7502,14767,5318,6099,11417,3252,5683,8935,920,2735,3655,79741,86188,165929
2020-12-18,8329,7766,16095,6805,6759,13564,13836,14456,28292,14675,15165,29840,11298,11524,22822,8959,9475,18434,7433,7656,15089,5414,6179,11593,3268,5732,9000,924,2743,3667,80941,87455,168396
2020-12-19,8377,7803,16180,6879,6839,13718,13979,14636,28615,14915,15407,30322,11449,11680,23129,9085,9601,18686,7545,7796,15341,5467,6246,11713,3285,5758,9043,926,2748,3674,81907,88514,170421
2020-12-20,8420,7857,16277,6961,6925,13886,14139,14805,28944,15151,15645,30796,11621,11862,23483,9236,9765,19001,7668,7921,15589,5526,6300,11826,3297,5774,9071,929,2756,3685,82948,89610,172558
2020-12-21,8485,7919,16404,7065,7001,14066,14365,15015,29380,15418,15928,31346,11829,12047,23876,9398,9932,19330,7807,8076,15883,5596,6381,11977,3309,5816,9125,934,2763,3697,84206,90878,175084
2020-12-22,8547,7987,16534,7175,7102,14277,14607,15272,29879,15708,16252,31960,12058,12261,24319,9572,10095,19667,7976,8248,16224,5675,6446,12121,3328,5849,9177,938,2768,3706,85584,92280,177864
2020-12-23,8613,8052,16665,7299,7197,14496,14865,15539,30404,16018,16541,32559,12259,12498,24757,9747,10248,19995,8109,8397,16506,5741,6512,12253,3356,5887,9243,945,2783,3728,86952,93654,180606
2020-12-24,8646,8094,16740,7355,7263,14618,15012,15685,30697,16205,16706,32911,12391,12611,25002,9826,10338,20164,8177,8484,16661,5785,6551,12336,3361,5909,9270,948,2788,3736,87706,94429,182135
2020-12-25,8664,8111,16775,7378,7288,14666,15055,15714,30769,16252,16762,33014,12421,12641,25062,9851,10371,20222,8192,8507,16699,5798,6560,12358,3368,5925,9293,951,2792,3743,87930,94671,182601
2020-12-26,8720,8153,16873,7490,7416,14906,15233,15939,31172,16541,17022,33563,12601,12855,25456,10004,10521,20525,8280,8623,16903,5847,6622,12469,3385,5955,9340,952,2804,3756,89053,95910,184963
2020-12-27,8756,8186,16942,7632,7544,15176,15435,16111,31546,16813,17264,34077,12833,13069,25902,10166,10703,20869,8423,8758,17181,5905,6698,12603,3410,5991,9401,955,2815,3770,90328,97139,187467
2020-12-28,8824,8248,17072,7793,7713,15506,15745,16436,32181,17227,17664,34891,13112,13372,26484,10384,10940,21324,8568,8940,17508,5974,6783,12757,3437,6037,9474,958,2831,3789,92022,98964,190986
2020-12-29,8886,8305,17191,7938,7869,15807,16034,16746,32780,17545,17954,35499,13375,13635,27010,10564,11112,21676,8707,9109,17816,6052,6876,12928,3461,6088,9549,967,2846,3813,93529,100540,194069
2020-12-30,8942,8355,17297,8105,8053,16158,16343,17020,33363,17928,18303,36231,13629,13908,27537,10760,11347,22107,8853,9265,18118,6131,6959,13090,3488,6132,9620,970,2858,3828,95149,102200,197349
2020-12-31,8984,8397,17381,8225,8160,16385,16573,17235,33808,18153,18571,36724,13812,14118,27930,10892,11476,22368,8919,9351,18270,6171,7015,13186,3501,6160,9661,970,2865,3835,96200,103348,199548
2021-01-01,9002,8411,17413,8249,8187,16436,16613,17283,33896,18198,18627,36825,13854,14153,28007,10927,11513,22440,8939,9373,18312,6189,7032,13221,3506,6176,9682,971,2869,3840,96448,103624,200072
2021-01-02,9057,8454,17511,8352,8306,16658,16815,17496,34311,18446,18887,37333,14030,14349,28379,11050,11686,22736,9084,9512,18596,6253,7100,13353,3521,6214,9735,974,2877,3851,97582,104881,202463
2021-01-03,9094,8494,17588,8520,8467,16987,17111,17815,34926,18833,19263,38096,14288,14660,28948,11244,11930,23174,9261,9695,18956,6329,7202,13531,3544,6251,9795,977,2883,3860,99201,106660,205861
2021-01-04,9151,8546,17697,8659,8597,17256,17489,18217,35706,19234,19701,38935,14597,14985,29582,11444,12180,23624,9431,9866,19297,6421,7297,13718,3578,6311,9889,981,2895,3876,100985,108595,209580
2021-01-05,9199,8607,17806,8834,8760,17594,17880,18648,36528,19665,20155,39820,14921,15308,30229,11657,12435,24092,9609,10120,19729,6520,7405,13925,3605,6368,9973,986,2906,3892,102876,110712,213588
2021-01-06,9253,8656,17909,9025,8942,17967,18283,19031,37314,20081,20558,40639,15257,15642,30899,11908,12696,24604,9792,10336,20128,6619,7521,14140,3636,6425,10061,990,2926,3916,104844,112733,217577
2021-01-07,9307,8706,18013,9166,9099,18265,18580,19348,37928,20430,20890,41320,15514,15888,31402,12081,12907,24988,9940,10498,20438,6699,7629,14328,3663,6476,10139,992,2935,3927,106372,114376,220748
2021-01-08,9369,8752,18121,9314,9275,18589,18910,19669,38579,20728,21234,41962,15724,16173,31897,12257,13108,25365,10055,10647,20702,6770,7736,14506,3690,6513,10203,999,2944,3943,107816,116051,223867
2021-01-09,9406,8799,18205,9442,9434,18876,19150,19967,39117,21066,21587,42653,15949,16428,32377,12433,13301,25734,10167,10815,20982,6821,7810,14631,3712,6551,10263,999,2956,3955,109145,117648,226793
2021-01-10,9455,8848,18303,9590,9594,19184,19406,20243,39649,21356,21940,43296,16177,16676,32853,12598,13492,26090,10296,10925,21221,6865,7882,14747,3724,6583,10307,1000,2966,3966,110467,119149,229616
2021-01-11,9516,8893,18409,9763,9776,19539,19773,20642,40415,21716,22357,44073,16449,16968,33417,12800,13704,26504,10431,11101,21532,6940,7957,14897,3746,6623,10369,1001,2974,3975,112135,120995,233130
2021-01-12,9588,8938,18526,9912,9933,19845,20074,20993,41067,22010,22683,44693,16674,17219,33893,12967,13923,26890,10570,11235,21805,6993,8028,15021,3775,6653,10428,1004,2984,3988,113567,122589,236156
2021-01-13,9665,9005,18670,10086,10125,20211,20433,21350,41783,22336,23033,45369,16946,17488,34434,13158,14157,27315,10725,11421,22146,7066,8105,15171,3793,6700,10493,1010,2988,3998,115218,124372,239590
2021-01-14,9723,9061,18784,10261,10306,20567,20751,21702,42453,22656,23399,46055,17176,17761,34937,13354,14408,27762,10864,11583,22447,7129,8182,15311,3813,6737,10550,1013,2994,4007,116740,126133,242873
2021-01-15,9789,9118,18907,10540,10588,21128,21143,22136,43279,23117,23886,47003,17541,18134,35675,13646,14712,28358,11032,11784,22816,7199,8279,15478,3838,6781,10619,1016,3003,4019,118861,128421,247282
2021-01-16,9828,9147,18975,10851,10889,21740,21477,22528,44005,23545,24350,47895,17931,18541,36472,13934,14983,28917,11219,11997,23216,7306,8381,15687,3862,6822,10684,1018,3012,4030,120971,130650,251621
2021-01-17,9872,9172,19044,11109,11162,22271,21806,22928,44734,23919,24743,48662,18315,18970,37285,14192,15257,29449,11355,12155,23510,7374,8458,15832,3880,6848,10728,1020,3014,4034,122842,132707,255549
2021-01-18,9933,9230,19163,11446,11504,22950,22241,23394,45635,24401,25232,49633,18763,19412,38175,14531,15608,30139,11582,12409,23991,7474,8581,16055,3910,6897,10807,1023,3023,4046,125304,135290,260594
2021-01-19,9997,9279,19276,11757,11784,23541,22665,23817,46482,24883,25705,50588,19182,19848,39030,14819,15952,30771,11795,12661,24456,7576,8710,16286,3931,6946,10877,1030,3039,4069,127635,137741,265376
2021-01-20,10059,9336,19395,12072,12084,24156,23051,24249,47300,25305,26113,51418,19583,20259,39842,15137,16288,31425,12032,12912,24944,7693,8843,16536,3957,6991,10948,1038,3052,4090,129927,140127,270054
2021-01-21,10134,9394,19528,12273,12332,24605,23391,24590,47981,25620,26474,52094,19863,20596,40459,15350,16588,31938,12211,13090,25301,7772,8930,16702,3994,7034,11028,1045,3065,4110,131653,142093,273746
2021-01-22,10187,9451,19638,12516,12550,25066,23668,24915,48583,25891,26793,52684,20142,20911,41053,15560,16824,32384,12365,13269,25634,7847,9022,16869,4012,7077,11089,1048,3068,4116,133236,143880,277116
2021-01-23,10225,9482,19707,12765,12766,25531,23966,25240,49206,26190,27121,53311,20399,21146,41545,15775,17056,32831,12474,13403,25877,7895,9082,16977,4027,7107,11134,1051,3074,4125,134767,145477,280244
2021-01-24,10258,9518,19776,13039,13031,26070,24298,25582,49880,26499,27441,53940,20716,21480,42196,16014,17301,33315,12618,13557,26175,7949,9160,17109,4048,7138,11186,1053,3080,4133,136492,147288,283780
2021-01-25,10316,9596,19912,13391,13346,26737,24729,26027,50756,26887,27883,54770,21090,21887,42977,16280,17600,33880,12828,13769,26597,8046,9272,17318,4078,7196,11274,1059,3092,4151,138704,149668,288372
2021-01-26,10393,9657,20050,13705,13611,27316,25090,26388,51478,27226,28214,55440,21407,22226,43633,16515,17884,34399,13001,13969,26970,8131,9369,17500,4107,7252,11359,1064,3107,4171,140639,151677,292316
2021-01-27,10463,9717,20180,13955,13881,27836,25432,26745,52177,27564,28570,56134,21692,22561,44253,16734,18156,34890,13163,14131,27294,8200,9452,17652,4139,7297,11436,1066,3122,4188,142408,153632,296040
2021-01-28,10529,9776,20305,14170,14087,28257,25725,27047,52772,27863,28868,56731,21921,22815,44736,16926,18389,35315,13309,14299,27608,8285,9548,17833,4168,7340,11508,1071,3136,4207,143967,155305,299272
2021-01-29,10579,9843,20422,14479,14381,28860,26104,27417,53521,28246,29297,57543,22263,23199,45462,17200,18678,35878,13509,14540,28049,8368,9673,18041,4192,7397,11589,1075,3145,4220,146015,157570,303585
2021-01-30,10618,9867,20485,14879,14783,29662,26443,27792,54235,28642,29749,58391,22702,23673,46375,17531,19037,36568,13688,14782,28470,8459,9791,18250,4213,7442,11655,1078,3153,4231,148253,160069,308322
2021-01-31,10653,9896,20549,15472,15362,30834,26881,28246,55127,29181,30290,59471,23336,24372,47708,17974,19515,37489,13907,15028,28935,8551,9907,18458,4237,7486,11723,1080,3165,4245,151272,163267,314539
2021-02-01,10705,9948,20653,15942,15907,31849,27273,28740,56013,29669,30820,60489,23904,24951,48855,18421,19956,38377,14163,15342,29505,8636,10059,18695,4276,7534,11810,1083,3175,4258,154072,166432,320504
2021-02-02,10750,9999,20749,16342,16359,32701,27648,29139,56787,30110,31318,61428,24453,25552,50005,18826,20398,39224,14436,15645,30081,8784,10234,19018,4313,7588,11901,1087,3188,4275,156749,169420,326169
2021-02-03,10800,10056,20856,16680,16668,33348,28000,29538,57538,30511,31745,62256,24886,26015,50901,19146,20746,39892,14679,15925,30604,8902,10391,19293,4347,7649,11996,1092,3198,4290,159043,171931,330974
2021-02-04,10859,10107,20966,16882,16858,33740,28272,29849,58121,30816,32075,62891,25136,26356,51492,19369,21007,40376,14824,16141,30965,8980,10508,19488,4373,7689,12062,1095,3214,4309,160606,173804,334410
2021-02-05,10913,10161,21074,17079,17057,34136,28541,30132,58673,31096,32370,63466,25394,26611,52005,19559,21228,40787,14976,16334,31310,9060,10600,19660,4387,7736,12123,1097,3222,4319,162102,175451,337553
2021-02-06,10945,10193,21138,17295,17275,34570,28774,30399,59173,31360,32701,64061,25640,26899,52539,19784,21478,41262,15107,16497,31604,9116,10691,19807,4404,7767,12171,1097,3230,4327,163522,177130,340652
2021-02-07,10984,10235,21219,17520,17501,35021,28999,30666,59665,31651,33022,64673,25903,27183,53086,19997,21725,41722,15227,16629,31856,9182,10758,19940,4420,7793,12213,1104,3235,4339,164987,178747,343734
2021-02-08,11042,10285,21327,17812,17854,35666,29341,31040,60381,32048,33474,65522,26336,27662,53998,20271,22045,42316,15393,16845,32238,9269,10868,20137,4446,7854,12300,1108,3251,4359,167066,181178,348244
2021-02-09,11094,10325,21419,18069,18130,36199,29655,31372,61027,32470,33879,66349,26690,28065,54755,20555,22341,42896,15606,17066,32672,9365,10991,20356,4480,7918,12398,1113,3265,4378,169097,183352,352449
2021-02-10,11146,10361,21507,18261,18318,36579,29923,31671,61594,32785,34246,67031,27015,28389,55404,20757,22610,43367,15761,17247,33008,9454,11090,20544,4510,7954,12464,1113,3275,4388,170725,185161,355886
2021-02-11,11202,10405,21607,18428,18520,36948,30146,31952,62098,33107,34573,67680,27296,28699,55995,20946,22849,43795,15913,17416,33329,9533,11173,20706,4535,8004,12539,1117,3285,4402,172223,186876,359099
2021-02-12,11253,10443,21696,18630,18734,37364,30379,32194,62573,33436,34923,68359,27602,29043,56645,21144,23090,44234,16057,17618,33675,9615,11271,20886,4564,8052,12616,1119,3300,4419,173799,188668,362467
2021-02-13,11285,10471,21756,18884,19022,37906,30620,32460,63080,33807,35303,69110,27943,29463,57406,21367,23349,44716,16207,17788,33995,9672,11360,21032,4586,8088,12674,1122,3311,4433,175493,190615,366108
2021-02-14,11313,10493,21806,19134,19299,38433,30812,32726,63538,34159,35723,69882,28350,29907,58257,21587,23618,45205,16378,17961,34339,9744,11472,21216,4601,8110,12711,1124,3323,4447,177202,192632,369834
2021-02-15,11340,10536,21876,19470,19660,39130,31115,33056,64171,34588,36210,70798,28856,30432,59288,21914,23945,45859,16545,18161,34706,9818,11580,21398,4618,8162,12780,1126,3335,4461,179390,195077,374467
2021-02-16,11369,10561,21930,19809,19975,39784,31492,33492,64984,35104,36798,71902,29336,30987,60323,22217,24219,46436,16696,18315,35011,9888,11680,21568,4633,8196,12829,1134,3341,4475,181678,197564,379242
2021-02-17,11412,10612,22024,20031,20226,40257,31957,33981,65938,35558,37264,72822,29700,31369,61069,22465,24516,46981,16918,18550,35468,9983,11807,21790,4654,8247,12901,1139,3354,4493,183817,199926,383743
2021-02-18,11452,10661,22113,20227,20450,40677,32328,34388,66716,35975,37715,73690,30026,31735,61761,22734,24797,47531,17105,18769,35874,10080,11933,22013,4682,8292,12974,1141,3360,4501,185750,202100,387850
2021-02-19,11506,10700,22206,20404,20691,41095,32678,34755,67433,36339,38131,74470,30344,32079,62423,22969,25084,48053,17281,18980,36261,10174,12057,22231,4705,8339,13044,1144,3368,4512,187544,204184,391728
2021-02-20,11551,10731,22282,20559,20893,41452,32978,35072,68050,36659,38512,75171,30635,32411,63046,23179,25354,48533,17409,19198,36607,10238,12139,22377,4729,8378,13107,1148,3372,4520,189085,206060,395145
2021-02-21,11594,10761,22355,20728,21097,41825,33217,35407,68624,36989,38880,75869,30913,32720,63633,23339,25585,48924,17561,19385,36946,10297,12217,22514,4751,8411,13162,1152,3381,4533,190541,207844,398385
2021-02-22,11656,10832,22488,20891,21320,42211,33533,35766,69299,37343,39313,76656,31219,33061,64280,23573,25859,49432,17732,19606,37338,10382,12319,22701,4791,8448,13239,1155,3386,4541,192275,209910,402185
2021-02-23,11729,10889,22618,21053,21491,42544,33817,36085,69902,37666,39661,77327,31480,33377,64857,23792,26118,49910,17903,19811,37714,10476,12438,22914,4821,8488,13309,1162,3402,4564,193899,211760,405659
2021-02-24,11777,10963,22740,21214,21677,42891,34035,36352,70387,37948,39971,77919,31680,33637,65317,23969,26318,50287,18087,19976,38063,10560,12543,23103,4843,8530,13373,1164,3412,4576,195277,213379,408656
2021-02-25,11863,11040,22903,21335,21822,43157,34276,36606,70882,38190,40232,78422,31901,33846,65747,24129,26522,50651,18215,20146,38361,10624,12640,23264,4863,8567,13430,1168,3428,4596,196564,214849,411413
2021-02-26,11924,11103,23027,21460,21957,43417,34512,36900,71412,38491,40513,79004,32121,34098,66219,24306,26727,51033,18349,20351,38700,10689,12740,23429,4883,8604,13487,1170,3445,4615,197905,216438,414343
2021-02-27,11964,11136,23100,21593,22134,43727,34734,37169,71903,38791,40857,79648,32330,34332,66662,24509,26975,51484,18522,20554,39076,10762,12840,23602,4904,8652,13556,1171,3452,4623,199280,218101,417381
2021-02-28,12003,11178,23181,21778,22342,44120,35013,37507,72520,39168,41302,80470,32639,34664,67303,24789,27329,52118,18743,20810,39553,10879,12965,23844,4927,8694,13621,1173,3461,4634,201112,220252,421364
2021-03-01,12097,11257,23354,21894,22505,44399,35275,37760,73035,39468,41582,81050,32870,34887,67757,24929,27507,52436,18884,20985,39869,10951,13081,24032,4950,8738,13688,1178,3475,4653,202496,221777,424273
2021-03-02,12203,11341,23544,22040,22646,44686,35505,38010,73515,39714,41865,81579,33083,35095,68178,25095,27725,52820,18997,21140,40137,11029,13157,24186,4984,8777,13761,1181,3482,4663,203831,223238,427069
2021-03-03,12301,11409,23710,22154,22761,44915,35673,38237,73910,39943,42096,82039,33253,35276,68529,25252,27919,53171,19157,21333,40490,11112,13264,24376,5001,8808,13809,1181,3496,4677,205027,224599,429626
2021-03-04,12385,11487,23872,22267,22901,45168,35859,38425,74284,40164,42302,82466,33409,35448,68857,25363,28101,53464,19285,21527,40812,11180,13368,24548,5023,8845,13868,1187,3510,4697,206122,225914,432036
2021-03-05,12456,11556,24012,22375,23021,45396,36043,38673,74716,40407,42545,82952,33560,35605,69165,25500,28284,53784,19419,21679,41098,11258,13462,24720,5042,8878,13920,1187,3516,4703,207247,227219,434466
2021-03-06,12507,11604,24111,22460,23115,45575,36221,38859,75080,40606,42749,83355,33697,35768,69465,25604,28433,54037,19517,21789,41306,11307,13533,24840,5064,8906,13970,1189,3521,4710,208172,228277,436449
2021-03-07,12549,11650,24199,22548,23205,45753,36380,39067,75447,40809,42967,83776,33809,35942,69751,25733,28602,54335,19642,21946,41588,11356,13603,24959,5084,8944,14028,1193,3525,4718,209103,229451,438554
2021-03-08,12641,11740,24381,22667,23351,46018,36572,39308,75880,41049,43235,84284,34005,36140,70145,25919,28824,54743,19822,22134,41956,11440,13699,25139,5106,8990,14096,1196,3536,4732,210417,230957,441374
2021-03-09,12754,11862,24616,22796,23475,46271,36767,39512,76279,41293,43495,84788,34212,36339,70551,26098,29027,55125,19972,22361,42333,11540,13810,25350,5131,9027,14158,1200,3543,4743,211763,232451,444214
2021-03-10,12879,11968,24847,22928,23604,46532,36964,39713,76677,41544,43740,85284,34379,36520,70899,26247,29215,55462,20116,22523,42639,11620,13921,25541,5153,9075,14228,1204,3552,4756,213034,233831,446865
2021-03-11,12970,12082,25052,23019,23721,46740,37125,39914,77039,41727,43946,85673,34498,36670,71168,26351,29360,55711,20228,22668,42896,11680,13998,25678,5178,9106,14284,1206,3567,4773,213982,235032,449014
2021-03-12,13085,12199,25284,23141,23861,47002,37301,40137,77438,41961,44210,86171,34663,36866,71529,26494,29560,56054,20354,22847,43201,11758,14091,25849,5201,9151,14352,1210,3579,4789,215168,236501,451669
2021-03-13,13167,12261,25428,23232,23956,47188,37499,40349,77848,42194,44442,86636,34814,37025,71839,26628,29743,56371,20508,23017,43525,11821,14167,25988,5213,9188,14401,1215,3582,4797,216291,237730,454021
2021-03-14,13227,12350,25577,23314,24055,47369,37659,40574,78233,42422,44688,87110,34969,37194,72163,26782,29941,56723,20665,23202,43867,11884,14268,26152,5232,9215,14447,1219,3591,4810,217373,239078,456451
2021-03-15,13390,12475,25865,23452,24205,47657,37874,40846,78720,42673,44979,87652,35185,37431,72616,26975,30151,57126,20842,23397,44239,11975,14404,26379,5252,9265,14517,1223,3605,4828,218841,240758,459599
2021-03-16,13520,12609,26129,23579,24355,47934,38051,41067,79118,42928,45248,88176,35358,37595,72953,27138,30347,57485,20984,23588,44572,12051,14511,26562,5266,9308,14574,1228,3620,4848,220103,242248,462351
2021-03-17,13618,12717,26335,23706,24490,48196,38244,41297,79541,43116,45442,88558,35505,37764,73269,27287,30515,57802,21127,23746,44873,12114,14609,26723,5285,9349,14634,1230,3633,4863,221232,243562,464794
2021-03-18,13721,12802,26523,23790,24594,48384,38404,41486,79890,43316,45617,88933,35634,37917,73551,27385,30654,58039,21233,23884,45117,12180,14690,26870,5301,9381,14682,1232,3640,4872,222196,244665,466861
2021-03-19,13835,12897,26732,23923,24725,48648,38575,41695,80270,43523,45840,89363,35766,38073,73839,27503,30813,58316,21345,24042,45387,12249,14760,27009,5317,9409,14726,1237,3648,4885,223273,245902,469175
2021-03-20,13881,12949,26830,24009,24822,48831,38716,41846,80562,43682,46031,89713,35890,38219,74109,27622,30959,58581,21451,24157,45608,12313,14827,27140,5333,9438,14771,1241,3655,4896,224138,246903,471041
2021-03-21,13960,13012,26972,24092,24916,49008,38875,42008,80883,43881,46223,90104,36017,38355,74372,27741,31116,58857,21547,24291,45838,12349,14896,27245,5350,9465,14815,1244,3664,4908,225056,247946,473002
2021-03-22,14064,13127,27191,24228,25036,49264,39062,42257,81319,44110,46461,90571,36192,38537,74729,27914,31312,59226,21679,24454,46133,12420,14980,27400,5376,9515,14891,1248,3686,4934,226293,249365,475658
2021-03-23,14179,13241,27420,24367,25160,49527,39252,42481,81733,44304,46669,90973,36349,38682,75031,28067,31482,59549,21808,24634,46442,12495,15075,27570,5400,9544,14944,1249,3698,4947,227470,250666,478136
2021-03-24,14246,13319,27565,24465,25259,49724,39382,42620,82002,44467,46856,91323,36454,38815,75269,28173,31616,59789,21878,24736,46614,12545,15152,27697,5410,9577,14987,1250,3704,4954,228270,251654,479924
2021-03-25,14334,13414,27748,24579,25387,49966,39550,42826,82376,44668,47049,91717,36620,39008,75628,28295,31762,60057,21983,24866,46849,12605,15227,27832,5436,9610,15046,1254,3708,4962,229324,252857,482181
2021-03-26,14459,13518,27977,24714,25533,50247,39742,43039,82781,44892,47265,92157,36776,39189,75965,28416,31933,60349,22081,25018,47099,12674,15312,27986,5459,9643,15102,1257,3718,4975,230470,254168,484638
2021-03-27,14547,13594,28141,24780,25615,50395,39900,43195,83095,45092,47473,92565,36918,39347,76265,28540,32086,60626,22202,25155,47357,12716,15376,28092,5473,9676,15149,1262,3723,4985,231430,255240,486670
2021-03-28,14612,13642,28254,24841,25701,50542,40022,43352,83374,45258,47667,92925,37066,39501,76567,28652,32238,60890,22297,25292,47589,12759,15417,28176,5492,9700,15192,1264,3728,4992,232263,256238,488501
2021-03-29,14724,13739,28463,24989,25824,50813,40202,43565,83767,45462,47893,93355,37243,39707,76950,28805,32399,61204,22402,25453,47855,12810,15471,28281,5508,9732,15240,1265,3738,5003,233410,257521,490931
2021-03-30,14821,13835,28656,25113,25946,51059,40347,43741,84088,45652,48092,93744,37385,39881,77266,28925,32530,61455,22503,25597,48100,12851,15532,28383,5529,9760,15289,1269,3746,5015,234395,258660,493055
2021-03-31,14902,13913,28815,25212,26035,51247,40506,43923,84429,45831,48289,94120,37510,40039,77549,29008,32656,61664,22564,25678,48242,12878,15577,28455,5546,9781,15327,1271,3756,5027,235228,259647,494875
2021-04-01,14974,13996,28970,25316,26126,51442,40675,44115,84790,46023,48467,94490,37647,40199,77846,29120,32792,61912,22652,25794,48446,12922,15637,28559,5557,9799,15356,1273,3766,5039,236159,260691,496850
2021-04-02,15061,14053,29114,25410,26238,51648,40825,44281,85106,46209,48634,94843,37789,40331,78120,29224,32927,62151,22732,25887,48619,12964,15674,28638,5572,9811,15383,1275,3772,5047,237061,261608,498669
2021-04-03,15117,14116,29233,25502,26353,51855,40975,44446,85421,46387,48832,95219,37933,40484,78417,29337,33065,62402,22838,25979,48817,12997,15731,28728,5590,9846,15436,1278,3776,5054,237954,262628,500582
2021-04-04,15192,14182,29374,25671,26529,52200,41184,44691,85875,46646,49136,95782,38118,40713,78831,29468,33235,62703,22915,26096,49011,13033,15780,28813,5607,9872,15479,1278,3783,5061,239112,264017,503129
2021-04-05,15297,14288,29585,25898,26756,52654,41463,45008,86471,46957,49447,96404,38370,41007,79377,29644,33454,63098,23031,26255,49286,13085,15842,28927,5620,9909,15529,1283,3792,5075,240648,265758,506406
2021-04-06,15402,14419,29821,26085,26960,53045,41793,45289,87082,47275,49793,97068,38613,41272,79885,29816,33664,63480,23162,26451,49613,13158,15941,29099,5643,9945,15588,1286,3808,5094,242233,267542,509775
2021-04-07,15525,14540,30065,26298,27163,53461,42087,45587,87674,47573,50136,97709,38872,41533,80405,29990,33892,63882,23276,26617,49893,13217,16030,29247,5656,9985,15641,1287,3816,5103,243781,269299,513080
2021-04-08,15642,14644,30286,26469,27332,53801,42315,45871,88186,47850,50454,98304,39073,41745,80818,30136,34091,64227,23387,26765,50152,13271,16104,29375,5673,10016,15689,1288,3830,5118,245104,270852,515956
2021-04-09,15734,14730,30464,26586,27466,54052,42456,46081,88537,48030,50644,98674,39235,41914,81149,30248,34234,64482,23465,26866,50331,13312,16155,29467,5681,10039,15720,1291,3837,5128,246038,271966,518004
2021-04-10,15800,14792,30592,26706,27607,54313,42657,46277,88934,48248,50846,99094,39372,42072,81444,30366,34370,64736,23549,26967,50516,13330,16194,29524,5688,10057,15745,1292,3840,5132,247008,273022,520030
2021-04-11,15863,14861,30724,26804,27721,54525,42792,46416,89208,48406,51046,99452,39535,42230,81765,30473,34492,64965,23639,27056,50695,13357,16232,29589,5701,10080,15781,1294,3845,5139,247864,273979,521843
2021-04-12,15970,14956,30926,26965,27875,54840,42975,46632,89607,48635,51305,99940,39721,42465,82186,30617,34704,65321,23746,27186,50932,13394,16290,29684,5716,10108,15824,1296,3857,5153,249035,275378,524413
2021-04-13,16075,15030,31105,27075,27984,55059,43163,46825,89988,48871,51535,100406,39891,42659,82550,30756,34859,65615,23824,27273,51097,13443,16327,29770,5726,10125,15851,1299,3865,5164,250123,276482,526605
2021-04-14,16179,15118,31297,27179,28073,55252,43286,46972,90258,49023,51692,100715,39996,42790,82786,30844,34977,65821,23930,27372,51302,13487,16393,29880,5743,10147,15890,1304,3870,5174,250971,277404,528375
2021-04-15,16289,15218,31507,27310,28234,55544,43505,47205,90710,49260,51930,101190,40216,43021,83237,30999,35184,66183,24029,27489,51518,13521,16444,29965,5758,10174,15932,1306,3878,5184,252193,278777,530970
2021-04-16,16389,15322,31711,27426,28357,55783,43737,47444,91181,49519,52215,101734,40409,43239,83648,31161,35404,66565,24154,27644,51798,13557,16499,30056,5767,10202,15969,1307,3887,5194,253426,280213,533639
2021-04-17,16492,15406,31898,27549,28466,56015,43909,47625,91534,49776,52422,102198,40595,43437,84032,31294,35554,66848,24250,27752,52002,13591,16562,30153,5782,10242,16024,1311,3892,5203,254549,281358,535907
2021-04-18,16547,15478,32025,27627,28537,56164,44062,47784,91846,49950,52627,102577,40769,43589,84358,31419,35691,67110,24350,27854,52204,13624,16608,30232,5804,10265,16069,1314,3899,5213,255466,282332,537798
2021-04-19,16671,15568,32239,27764,28694,56458,44297,48025,92322,50215,52894,103109,40987,43806,84793,31589,35882,67471,24475,27992,52467,13666,16680,30346,5812,10305,16117,1318,3912,5230,256794,283758,540552
2021-04-20,16791,15694,32485,27883,28809,56692,44481,48228,92709,50415,53123,103538,41182,44013,85195,31740,36034,67774,24607,28149,52756,13719,16743,30462,5839,10337,16176,1322,3921,5243,257979,285051,543030
2021-04-21,16899,15778,32677,27985,28899,56884,44652,48388,93040,50594,53309,103903,41336,44179,85515,31858,36182,68040,24708,28268,52976,13765,16786,30551,5852,10381,16233,1324,3926,5250,258973,286096,545069
2021-04-22,17019,15888,32907,28126,29039,57165,44840,48584,93424,50825,53576,104401,41544,44426,85970,32020,36361,68381,24821,28419,53240,13811,16857,30668,5867,10422,16289,1325,3936,5261,260198,287508,547706
2021-04-23,17115,15982,33097,28240,29171,57411,45058,48810,93868,51071,53853,104924,41750,44672,86422,32179,36576,68755,24927,28570,53497,13868,16923,30791,5888,10448,16336,1329,3943,5272,261425,288948,550373
2021-04-24,17175,16031,33206,28286,29210,57496,45112,48882,93994,51146,53934,105080,41819,44763,86582,32223,36626,68849,24956,28606,53562,13897,16963,30860,5894,10476,16370,1331,3958,5289,261839,289449,551288
2021-04-25,17256,16108,33364,28375,29295,57670,45230,49027,94257,51316,54094,105410,41973,44915,86888,32349,36760,69109,25040,28697,53737,13932,16996,30928,5902,10499,16401,1331,3962,5293,262704,290353,553057
2021-04-26,17373,16224,33597,28508,29431,57939,45436,49231,94667,51540,54338,105878,42172,45142,87314,32534,36947,69481,25156,28825,53981,14003,17078,31081,5914,10533,16447,1335,3972,5307,263971,291721,555692
2021-04-27,17476,16311,33787,28634,29556,58190,45645,49473,95118,51752,54566,106318,42338,45348,87686,32686,37110,69796,25257,28952,54209,14050,17157,31207,5934,10568,16502,1339,3980,5319,265111,293021,558132
2021-04-28,17585,16423,34008,28751,29676,58427,45840,49681,95521,51980,54807,106787,42515,45542,88057,32827,37253,70080,25353,29072,54425,14095,17216,31311,5945,10593,16538,1343,3989,5332,266234,294252,560486
2021-04-29,17714,16535,34249,28922,29827,58749,46068,49946,96014,52265,55102,107367,42773,45791,88564,33007,37481,70488,25470,29225,54695,14168,17313,31481,5975,10643,16618,1345,4006,5351,267707,295869,563576
2021-04-30,17828,16631,34459,29031,29937,58968,46186,50122,96308,52428,55295,107723,42900,45952,88852,33120,37617,70737,25552,29344,54896,14225,17381,31606,6000,10686,16686,1348,4023,5371,268618,296988,565606
2021-05-01,17906,16701,34607,29131,30012,59143,46332,50277,96609,52599,55483,108082,43057,46142,89199,33233,37759,70992,25635,29439,55074,14272,17438,31710,6019,10729,16748,1349,4028,5377,269533,298008,567541
2021-05-02,17992,16774,34766,29232,30132,59364,46520,50486,97006,52843,55759,108602,43257,46409,89666,33391,37937,71328,25745,29586,55331,14322,17509,31831,6036,10756,16792,1352,4043,5395,270690,299391,570081
2021-05-03,18162,16926,35088,29385,30302,59687,46866,50830,97696,53206,56205,109411,43584,46792,90376,33640,38275,71915,25939,29857,55796,14421,17636,32057,6058,10816,16874,1355,4064,5419,272616,301703,574319
2021-05-04,18283,17047,35330,29563,30490,60053,47169,51143,98312,53580,56589,110169,43874,47097,90971,33884,38583,72467,26099,30075,56174,14522,17766,32288,6081,10860,16941,1357,4082,5439,274412,303732,578144
2021-05-05,18430,17178,35608,29706,30633,60339,47453,51478,98931,53906,56946,110852,44147,47375,91522,34084,38818,72902,26256,30235,56491,14610,17852,32462,6117,10905,17022,1364,4095,5459,276073,305515,581588
2021-05-06,18539,17311,35850,29908,30833,60741,47734,51852,99586,54241,57327,111568,44458,47667,92125,34308,39080,73388,26398,30405,56803,14689,17944,32633,6147,10955,17102,1368,4115,5483,277790,307489,585279
2021-05-07,18678,17438,36116,30123,31041,61164,48035,52250,100285,54571,57746,112317,44774,48037,92811,34511,39372,73883,26543,30589,57132,14763,18053,32816,6165,10990,17155,1370,4122,5492,279533,309638,589171
2021-05-08,18748,17512,36260,30215,31136,61351,48215,52448,100663,54800,57979,112779,44930,48207,93137,34636,39521,74157,26618,30680,57298,14809,18097,32906,6186,11018,17204,1371,4133,5504,280528,310731,591259
2021-05-09,18835,17600,36435,30315,31246,61561,48374,52634,101008,55002,58202,113204,45096,48408,93504,34756,39667,74423,26698,30776,57474,14864,18165,33029,6205,11040,17245,1379,4135,5514,281524,311873,593397
2021-05-10,18970,17733,36703,30472,31420,61892,48697,52947,101644,55362,58564,113926,45389,48768,94157,34997,39935,74932,26869,30969,57838,14950,18279,33229,6236,11091,17327,1381,4143,5524,283323,313849,597172
2021-05-11,19095,17840,36935,30622,31562,62184,48932,53202,102134,55654,58866,114520,45620,49014,94634,35165,40125,75290,27016,31128,58144,15026,18373,33399,6260,11124,17384,1385,4150,5535,284775,315384,600159
2021-05-12,19222,17948,37170,30747,31691,62438,49155,53475,102630,55939,59137,115076,45858,49267,95125,35351,40311,75662,27140,31286,58426,15078,18448,33526,6280,11166,17446,1390,4161,5551,286160,316890,603050
2021-05-13,19370,18053,37423,30868,31825,62693,49406,53785,103191,56210,59463,115673,46098,49509,95607,35502,40517,76019,27255,31422,58677,15131,18530,33661,6301,11216,17517,1391,4166,5557,287532,318486,606018
2021-05-14,19512,18206,37718,31026,32032,63058,49728,54135,103863,56584,59854,116438,46351,49871,96222,35737,40780,76517,27405,31618,59023,15207,18624,33831,6335,11259,17594,1395,4174,5569,289280,320553,609833
2021-05-15,19622,18316,37938,31145,32191,63336,49939,54415,104354,56843,60168,117011,46580,50149,96729,35914,40962,76876,27516,31757,59273,15253,18677,33930,6355,11293,17648,1396,4188,5584,290563,322116,612679
2021-05-16,19702,18412,38114,31240,32313,63553,50115,54595,104710,57052,60418,117470,46783,50362,97145,36061,41139,77200,27618,31873,59491,15298,18739,34037,6370,11327,17697,1397,4204,5601,291636,323382,615018
2021-05-17,19909,18598,38507,31462,32528,63990,50467,55015,105482,57507,60915,118422,47143,50799,97942,36363,41509,77872,27809,32102,59911,15413,18886,34299,6411,11399,17810,1400,4220,5620,293884,325971,619855
2021-05-18,20086,18774,38860,31678,32755,64433,50869,55395,106264,57958,61374,119332,47577,51232,98809,36662,41823,78485,27992,32324,60316,15508,18994,34502,6446,11449,17895,1404,4229,5633,296180,328349,624529
2021-05-19,20276,18926,39202,31902,32987,64889,51273,55848,107121,58433,61853,120286,47975,51643,99618,36935,42169,79104,28198,32549,60747,15601,19107,34708,6480,11492,17972,1412,4247,5659,298485,330821,629306
2021-05-20,20466,19119,39585,32139,33269,65408,51738,56351,108089,58939,62348,121287,48367,52087,100454,37213,42506,79719,28400,32761,61161,15688,19225,34913,6516,11548,18064,1414,4263,5677,300880,333477,634357
2021-05-21,20601,19238,39839,32324,33458,65782,52095,56784,108879,59355,62843,122198,48710,52504,101214,37471,42802,80273,28575,32974,61549,15781,19306,35087,6550,11617,18167,1415,4275,5690,302877,335801,638678
2021-05-22,20687,19302,39989,32425,33587,66012,52293,57046,109339,59623,63083,122706,48912,52722,101634,37613,42958,80571,28668,33062,61730,15827,19355,35182,6566,11661,18227,1416,4288,5704,304030,337064,641094
2021-05-23,20772,19369,40141,32510,33699,66209,52457,57228,109685,59819,63308,123127,49086,52886,101972,37737,43123,80860,28742,33171,61913,15874,19392,35266,6579,11709,18288,1425,4302,5727,305001,338187,643188
2021-05-24,20881,19461,40342,32655,33877,66532,52738,57491,110229,60131,63667,123798,49361,53213,102574,37977,43437,81414,28885,33358,62243,15963,19492,35455,6603,11755,18358,1428,4313,5741,306622,340064,646686
2021-05-25,20974,19532,40506,32782,34009,66791,53017,57787,110804,60401,63990,124391,49623,53474,103097,38200,43673,81873,29019,33520,62539,16035,19575,35610,6622,11793,18415,1433,4324,5757,308106,341677,649783
2021-05-26,21105,19645,40750,32970,34205,67175,53399,58163,111562,60790,64392,125182,49959,53851,103810,38509,43997,82506,29180,33738,62918,16129,19688,35817,6655,11861,18516,1441,4333,5774,310137,343873,654010
2021-05-27,21206,19754,40960,33093,34366,67459,53686,58507,112193,61136,64749,125885,50214,54104,104318,38740,44289,83029,29317,33909,63226,16219,19776,35995,6683,11899,18582,1442,4349,5791,311736,345702,657438
2021-05-28,21339,19874,41213,33266,34598,67864,54043,58905,112948,61520,65160,126680,50583,54510,105093,39065,44661,83726,29508,34160,63668,16299,19878,36177,6710,11951,18661,1446,4360,5806,313779,348057,661836
2021-05-29,21426,19953,41379,33370,34727,68097,54262,59171,113433,61819,65450,127269,50849,54769,105618,39231,44870,84101,29616,34289,63905,16347,19953,36300,6731,11994,18725,1450,4376,5826,315101,349552,664653
2021-05-30,21487,20016,41503,33464,34820,68284,54460,59405,113865,62049,65692,127741,51053,54972,106025,39355,45036,84391,29703,34385,64088,16382,20013,36395,6748,12020,18768,1454,4385,5839,316155,350744,666899
2021-05-31,21601,20127,41728,33632,34989,68621,54806,59771,114577,62442,66082,128524,51381,55329,106710,39549,45296,84845,29854,34571,64425,16477,20133,36610,6781,12081,18862,1454,4401,5855,317977,352780,670757
2021-06-01,21729,20245,41974,33794,35161,68955,55103,60097,115200,62802,66439,129241,51659,55665,107324,39771,45582,85353,30024,34772,64796,16568,20237,36805,6818,12125,18943,1458,4412,5870,319726,354735,674461
2021-06-02,21881,20364,42245,33967,35345,69312,55419,60466,115885,63152,66865,130017,51975,56005,107980,39982,45843,85825,30173,34978,65151,16665,20352,37017,6854,12174,19028,1465,4430,5895,321533,356822,678355
2021-06-03,22011,20502,42513,34154,35525,69679,55747,60812,116559,63539,67291,130830,52304,56349,108653,40200,46122,86322,30339,35172,65511,16754,20468,37222,6889,12204,19093,1469,4447,5916,323406,358892,682298
2021-06-04,22191,20671,42862,34350,35723,70073,56101,61218,117319,63915,67690,131605,52653,56710,109363,40458,46468,86926,30510,35385,65895,16850,20602,37452,6920,12264,19184,1471,4459,5930,325419,361190,686609
2021-06-05,22296,20765,43061,34456,35840,70296,56298,61481,117779,64151,67966,132117,52864,56940,109804,40620,46648,87268,30597,35487,66084,16904,20688,37592,6940,12296,19236,1476,4473,5949,326602,362584,689186
2021-06-06,22402,20876,43278,34566,35957,70523,56491,61693,118184,64370,68222,132592,53071,57139,110210,40790,46828,87618,30686,35607,66293,16953,20750,37703,6955,12323,19278,1476,4487,5963,327760,363882,691642
2021-06-07,22551,21048,43599,34734,36138,70872,56805,62049,118854,64746,68614,133360,53374,57508,110882,41031,47139,88170,30870,35837,66707,17071,20913,37984,6993,12417,19410,1484,4519,6003,329659,366182,695841
2021-06-08,22730,21210,43940,34888,36318,71206,57109,62413,119522,65137,68981,134118,53668,57827,111495,41287,47449,88736,31018,36012,67030,17157,21061,38218,7019,12472,19491,1488,4536,6024,331501,368279,699780
2021-06-09,22897,21376,44273,35075,36484,71559,57464,62786,120250,65522,69409,134931,53976,58179,112155,41533,47747,89280,31173,36203,67376,17252,21167,38419,7056,12536,19592,1492,4554,6046,333440,370441,703881
2021-06-10,23047,21541,44588,35243,36681,71924,57802,63176,120978,65916,69845,135761,54274,58524,112798,41752,48039,89791,31318,36399,67717,17355,21301,38656,7088,12586,19674,1498,4574,6072,335293,372666,707959
2021-06-11,23190,21685,44875,35387,36858,72245,58137,63568,121705,66269,70295,136564,54600,58925,113525,41987,48312,90299,31481,36583,68064,17446,21438,38884,7121,12661,19782,1505,4592,6097,337123,374917,712040
2021-06-12,23306,21792,45098,35508,36975,72483,58372,63821,122193,66533,70588,137121,54827,59169,113996,42140,48523,90663,31591,36724,68315,17506,21528,39034,7145,12698,19843,1509,4603,6112,338437,376421,714858
2021-06-13,23430,21917,45347,35634,37095,72729,58559,64032,122591,66770,70829,137599,55048,59416,114464,42291,48727,91018,31699,36846,68545,17550,21590,39140,7165,12732,19897,1514,4614,6128,339660,377798,717458
2021-06-14,23615,22074,45689,35822,37288,73110,58863,64444,123307,67156,71261,138417,55376,59805,115181,42537,49036,91573,31855,37080,68935,17666,21725,39391,7196,12790,19986,1531,4635,6166,341617,380138,721755
2021-06-15,23804,22256,46060,36035,37475,73510,59213,64817,124030,67550,71710,139260,55688,60201,115889,42784,49337,92121,32021,37275,69296,17757,21832,39589,7238,12840,20078,1533,4652,6185,343623,382395,726018
2021-06-16,23994,22431,46425,36236,37659,73895,59542,65199,124741,67948,72147,140095,55998,60598,116596,42992,49612,92604,32180,37459,69639,17846,21940,39786,7271,12889,20160,1534,4667,6201,345541,384601,730142
2021-06-17,24171,22606,46777,36433,37877,74310,59919,65627,125546,68370,72669,141039,56326,61014,117340,43199,49915,93114,32346,37654,70000,17963,22071,40034,7300,12940,20240,1536,4683,6219,347563,387056,734619
2021-06-18,24332,22756,47088,36618,38084,74702,60280,66004,126284,68773,73131,141904,56657,61445,118102,43404,50227,93631,32479,37847,70326,18029,22178,40207,7329,12973,20302,1540,4698,6238,349441,389343,738784
2021-06-19,24454,22881,47335,36743,38196,74939,60497,66275,126772,69038,73472,142510,56881,61737,118618,43534,50415,93949,32604,37978,70582,18103,22260,40363,7358,13033,20391,1543,4718,6261,350755,390965,741720
2021-06-20,24575,22984,47559,36842,38275,75117,60625,66453,127078,69218,73723,142941,57050,61935,118985,43663,50564,94227,32684,38082,70766,18162,22320,40482,7372,13063,20435,1544,4727,6271,351735,392126,743861
2021-06-21,24711,23119,47830,36978,38404,75382,60823,66724,127547,69494,73998,143492,57306,62215,119521,43850,50780,94630,32785,38202,70987,18227,22409,40636,7402,13093,20495,1547,4731,6278,353123,393675,746798
2021-06-22,24926,23308,48234,37198,38610,75808,61158,67165,128323,69910,74466,144376,57694,62660,120354,44083,51070,95153,32990,38446,71436,18322,22540,40862,7431,13158,20589,1557,4741,6298,355269,396164,751433
2021-06-23,25178,23514,48692,37443,38846,76289,61477,67598,129075,70333,74979,145312,58078,63179,121257,44285,51381,95666,33177,38663,71840,18418,22681,41099,7471,13229,20700,1563,4766,6329,357423,398836,756259
2021-06-24,25406,23708,49114,37659,39082,76741,61832,68044,129876,70751,75494,146245,58432,63614,122046,44506,51690,96196,33349,38906,72255,18509,22792,41301,7497,13280,20777,1567,4780,6347,359508,401390,760898
2021-06-25,25665,23920,49585,37899,39354,77253,62211,68539,130750,71216,76122,147338,58789,64098,122887,44797,52050,96847,33557,39187,72744,18619,22944,41563,7531,13345,20876,1576,4798,6374,361860,404357,766217
2021-06-26,25788,24035,49823,38019,39497,77516,62423,68784,131207,71485,76436,147921,59015,64375,123390,44955,52214,97169,33690,39364,73054,18693,23051,41744,7555,13384,20939,1581,4814,6395,363204,405954,769158
2021-06-27,25936,24166,50102,38124,39631,77755,62606,68991,131597,71704,76695,148399,59205,64612,123817,45081,52361,97442,33799,39471,73270,18752,23125,41877,7571,13424,20995,1582,4823,6405,364360,407299,771659
2021-06-28,26099,24308,50407,38238,39738,77976,62791,69246,132037,71987,77008,148995,59415,64862,124277,45238,52528,97766,33923,39583,73506,18818,23213,42031,7605,13461,21066,1584,4838,6422,365698,408785,774483
2021-06-29,26279,24522,50801,38429,39949,78378,63117,69654,132771,72381,77461,149842,59711,65243,124954,45463,52772,98235,34097,39754,73851,18921,23313,42234,7631,13523,21154,1586,4863,6449,367615,411054,778669
2021-06-30,26529,24766,51295,38702,40206,78908,63489,70141,133630,72846,78017,150863,60074,65650,125724,45697,53129,98826,34263,39981,74244,19014,23422,42436,7665,13581,21246,1592,4880,6472,369871,413773,783644
2021-07-01,26710,24946,51656,38912,40423,79335,63841,70592,134433,73243,78545,151788,60357,66045,126402,45921,53416,99337,34409,40184,74593,19102,23531,42633,7701,13635,21336,1596,4895,6491,371792,416212,788004
2021-07-02,26991,25179,52170,39205,40720,79925,64230,71083,135313,73695,79173,152868,60676,66543,127219,46156,53766,99922,34581,40418,74999,19207,23663,42870,7736,13689,21425,1600,4912,6512,374077,419146,793223
2021-07-03,27188,25388,52576,39391,40943,80334,64504,71448,135952,74071,79635,153706,60984,66941,127925,46369,53992,100361,34737,40600,75337,19273,23760,43033,7761,13739,21500,1607,4931,6538,375885,421377,797262
2021-07-04,27398,25626,53024,39583,41135,80718,64720,71784,136504,74399,80072,154471,61247,67316,128563,46592,54286,100878,34859,40754,75613,19332,23856,43188,7780,13779,21559,1611,4943,6554,377521,423551,801072
2021-07-05,27765,25955,53720,39893,41470,81363,65184,72391,137575,74998,80813,155811,61695,67953,129648,46902,54702,101604,35084,41021,76105,19470,24006,43476,7825,13840,21665,1617,4964,6581,380433,427115,807548
2021-07-06,28165,26317,54482,40305,41844,82149,65697,73010,138707,75606,81599,157205,62181,68609,130790,47211,55139,102350,35289,41289,76578,19595,24172,43767,7865,13913,21778,1622,4993,6615,383536,430885,814421
2021-07-07,28526,26634,55160,40681,42250,82931,66222,73661,139883,76208,82364,158572,62693,69209,131902,47545,55559,103104,35483,41525,77008,19706,24277,43983,7897,13976,21873,1631,5008,6639,386592,434463,821055
2021-07-08,28866,26990,55856,41104,42718,83822,66872,74444,141316,76871,83194,160065,63247,69999,133246,47930,56085,104015,35702,41874,77576,19836,24454,44290,7952,14029,21981,1635,5027,6662,390015,438814,828829
2021-07-09,29118,27250,56368,41408,43029,84437,67253,74902,142155,77303,83773,161076,63632,70510,134142,48181,56410,104591,35862,42051,77913,19918,24551,44469,7982,14080,22062,1641,5040,6681,392298,441596,833894
2021-07-10,29358,27474,56832,41671,43287,84958,67569,75287,142856,77657,84241,161898,63949,70920,134869,48410,56705,105115,36016,42255,78271,20003,24658,44661,8010,14136,22146,1646,5055,6701,394289,444018,838307
2021-07-11,29638,27716,57354,41879,43481,85360,67833,75623,143456,77986,84707,162693,64264,71375,135639,48642,56995,105637,36174,42426,78600,20076,24755,44831,8026,14162,22188,1654,5066,6720,396172,446306,842478
2021-07-12,30054,28113,58167,42287,43899,86186,68372,76319,144691,78672,85495,164167,64856,72117,136973,48995,57486,106481,36466,42711,79177,20198,24916,45114,8069,14222,22291,1666,5089,6755,399635,450367,850002
2021-07-13,30465,28453,58918,42660,44340,87000,68920,76993,145913,79235,86231,165466,65376,72777,138153,49339,57982,107321,36682,42991,79673,20321,25080,45401,8110,14293,22403,1675,5111,6786,402783,454251,857034
2021-07-14,30872,28831,59703,43171,44833,88004,69552,77713,147265,79821,87053,166874,65918,73513,139431,49688,58479,108167,36933,43267,80200,20433,25216,45649,8143,14350,22493,1679,5126,6805,406210,458381,864591
2021-07-15,31222,29142,60364,43675,45346,89021,70177,78488,148665,80487,87888,168375,66539,74389,140928,50085,58988,109073,37175,43562,80737,20545,25388,45933,8178,14408,22586,1687,5148,6835,409770,462747,872517
2021-07-16,31522,29433,60955,44125,45783,89908,70745,79217,149962,81077,88685,169762,67162,75164,142326,50417,59466,109883,37377,43850,81227,20648,25536,46184,8213,14467,22680,1691,5165,6856,412977,466766,879743
2021-07-17,31751,29669,61420,44415,46106,90521,71088,79661,150749,81479,89237,170716,67520,75614,143134,50667,59760,110427,37527,44016,81543,20740,25636,46376,8232,14500,22732,1697,5179,6876,415116,469378,884494
2021-07-18,31981,29873,61854,44649,46365,91014,71378,80049,151427,81817,89676,171493,67834,76011,143845,50912,60047,110959,37648,44157,81805,20822,25735,46557,8261,14543,22804,1701,5186,6887,417003,471642,888645
2021-07-19,32259,30145,62404,44947,46690,91637,71899,80669,152568,82331,90338,172669,68313,76608,144921,51249,60516,111765,37885,44454,82339,20951,25901,46852,8310,14606,22916,1705,5193,6898,419849,475120,894969
2021-07-20,32553,30407,62960,45224,47001,92225,72315,81224,153539,82808,90930,173738,68740,77144,145884,51544,60880,112424,38092,44703,82795,21056,26052,47108,8347,14670,23017,1713,5216,6929,422392,478227,900619
2021-07-21,32863,30692,63555,45613,47378,92991,72822,81871,154693,83367,91663,175030,69232,77815,147047,51914,61383,113297,38345,45049,83394,21185,26243,47428,8383,14750,23133,1718,5232,6950,425442,482076,907518
2021-07-22,33163,30968,64131,46017,47804,93821,73308,82568,155876,84002,92439,176441,69826,78596,148422,52317,61870,114187,38573,45338,83911,21302,26394,47696,8423,14816,23239,1725,5248,6973,428656,486041,914697
2021-07-23,33407,31181,64588,46302,48135,94437,73676,83067,156743,84472,93064,177536,70272,79119,149391,52636,62252,114888,38750,45563,84313,21391,26530,47921,8451,14865,23316,1730,5267,6997,431087,489043,920130
2021-07-24,33617,31391,65008,46594,48528,95122,74030,83520,157550,84958,93640,178598,70746,79700,150446,52932,62606,115538,38908,45804,84712,21491,26636,48127,8479,14908,23387,1734,5275,7009,433489,492008,925497
2021-07-25,33795,31574,65369,46929,48928,95857,74298,83889,158187,85413,94222,179635,71299,80364,151663,53233,62937,116170,39065,45975,85040,21591,26739,48330,8498,14948,23446,1740,5285,7025,435861,494861,930722
2021-07-26,34055,31848,65903,47334,49472,96806,74760,84547,159307,86083,95097,181180,71956,81187,153143,53634,63452,117086,39313,46315,85628,21721,26947,48668,8545,15025,23570,1749,5306,7055,439150,499196,938346
2021-07-27,34242,32029,66271,47576,49797,97373,75129,84979,160108,86477,95593,182070,72340,81621,153961,53857,63760,117617,39462,46505,85967,21809,27071,48880,8577,15076,23653,1752,5320,7072,441221,501751,942972
2021-07-28,34456,32211,66667,47847,50177,98024,75558,85489,161047,86963,96171,183134,72773,82160,154933,54140,64094,118234,39659,46757,86416,21921,27197,49118,8604,15123,23727,1758,5329,7087,443679,504708,948387
2021-07-29,34669,32396,67065,48151,50475,98626,75936,85995,161931,87441,96735,184176,73172,82691,155863,54394,64407,118801,39858,46974,86832,22009,27327,49336,8633,15157,23790,1763,5348,7111,446026,507505,953531
2021-07-30,34907,32616,67523,48536,50890,99426,76438,86654,163092,88057,97574,185631,73709,83424,157133,54775,64941,119716,40108,47318,87426,22112,27500,49612,8673,15223,23896,1772,5363,7135,449087,511503,960590
2021-07-31,35147,32854,68001,48915,51309,100224,76785,87132,163917,88628,98306,186934,74367,84170,158537,55153,65370,120523,40316,47597,87913,22220,27641,49861,8702,15254,23956,1774,5376,7150,452007,515009,967016
2021-08-01,35404,33146,68550,49249,51708,100957,77009,87484,164493,89047,98877,187924,74881,84840,159721,55420,65711,121131,40465,47797,88262,22302,27760,50062,8729,15313,24042,1781,5385,7166,454287,518021,972308
2021-08-02,35752,33451,69203,49681,52158,101839,77417,88037,165454,89652,99622,189274,75450,85646,161096,55776,66243,122019,40769,48141,88910,22433,27950,50383,8777,15387,24164,1787,5404,7191,457494,522039,979533
2021-08-03,36070,33780,69850,50035,52618,102653,77844,88629,166473,90176,100319,190495,75979,86341,162320,56137,66750,122887,41037,48492,89529,22597,28167,50764,8816,15448,24264,1791,5421,7212,460482,525965,986447
2021-08-04,36398,34070,70468,50348,52959,103307,78262,89131,167393,90658,100893,191551,76338,86876,163214,56402,67127,123529,41256,48777,90033,22697,28328,51025,8845,15506,24351,1794,5436,7230,462998,529103,992101
2021-08-05,36735,34424,71159,50701,53379,104080,78795,89822,168617,91224,101581,192805,76872,87545,164417,56766,67600,124366,41503,49088,90591,22824,28494,51318,8881,15571,24452,1803,5451,7254,466104,532955,999059
2021-08-06,37112,34733,71845,51152,53830,104982,79333,90504,169837,91825,102335,194160,77405,88214,165619,57102,68114,125216,41785,49482,91267,22966,28714,51680,8923,15619,24542,1808,5464,7272,469411,537009,1006420
2021-08-07,37329,34968,72297,51412,54146,105558,79669,90886,170555,92228,102764,194992,77720,88616,166336,57345,68429,125774,41953,49724,91677,23053,28871,51924,8946,15669,24615,1814,5470,7284,471469,539543,1011012
2021-08-08,37624,35237,72861,51692,54449,106141,79909,91196,171105,92535,103173,195708,78063,89057,167120,57563,68711,126274,42126,49932,92058,23133,28960,52093,8963,15716,24679,1819,5480,7299,473427,541911,1015338
2021-08-09,38071,35634,73705,52008,54817,106825,80308,91802,172110,93043,103752,196795,78490,89616,168106,57890,69144,127034,42351,50221,92572,23260,29100,52360,9006,15775,24781,1829,5497,7326,476256,545358,1021614
2021-08-10,38544,36061,74605,52413,55213,107626,80767,92425,173192,93540,104385,197925,78928,90171,169099,58223,69556,127779,42591,50528,93119,23389,29268,52657,9046,15832,24878,1831,5514,7345,479272,548953,1028225
2021-08-11,38971,36485,75456,52856,55696,108552,81258,93078,174336,94081,105076,199157,79387,90826,170213,58546,69990,128536,42813,50809,93622,23513,29420,52933,9088,15897,24985,1842,5536,7378,482355,552813,1035168
2021-08-12,39386,36890,76276,53252,56130,109382,81701,93660,175361,94563,105687,200250,79852,91409,171261,58819,70392,129211,43006,51029,94035,23624,29546,53170,9130,15954,25084,1849,5554,7403,485182,556251,1041433
2021-08-13,39911,37342,77253,53822,56718,110540,82197,94374,176571,95190,106480,201670,80352,92108,172460,59156,70902,130058,43231,51354,94585,23768,29726,53494,9176,16019,25195,1855,5568,7423,488658,560591,1049249
2021-08-14,40226,37650,77876,54174,57060,111234,82474,94771,177245,95572,106960,202532,80705,92582,173287,59389,71232,130621,43377,51555,94932,23869,29841,53710,9205,16063,25268,1859,5579,7438,490850,563293,1054143
2021-08-15,40503,37936,78439,54430,57321,111751,82700,95054,177754,95874,107360,203234,81004,92930,173934,59616,71508,131124,43520,51741,95261,23958,29952,53910,9226,16107,25333,1862,5591,7453,492693,565500,1058193
2021-08-16,40861,38284,79145,54751,57645,112396,82944,95410,178354,96233,107803,204036,81349,93381,174730,59860,71787,131647,43659,51931,95590,24060,30057,54117,9256,16143,25399,1869,5604,7473,494842,568045,1062887
2021-08-17,41409,38750,80159,55269,58161,113430,83400,96041,179441,96864,108521,205385,81821,94045,175866,60230,72257,132487,43893,52233,96126,24188,30225,54413,9288,16220,25508,1874,5628,7502,498236,572081,1070317
2021-08-18,41947,39275,81222,55803,58674,114477,83822,96626,180448,97434,109241,206675,82267,94613,176880,60529,72694,133223,44113,52530,96643,24321,30398,54719,9320,16303,25623,1887,5650,7537,501443,576004,1077447
2021-08-19,42462,39735,82197,56286,59198,115484,84257,97259,181516,98009,109952,207961,82719,95227,177946,60851,73085,133936,44327,52801,97128,24422,30531,54953,9352,16354,25706,1897,5663,7560,504582,579805,1084387
2021-08-20,43076,40308,83384,56882,59818,116700,84731,97857,182588,98516,110674,209190,83175,95882,179057,61158,73525,134683,44546,53099,97645,24545,30715,55260,9386,16419,25805,1907,5681,7588,507922,583978,1091900
2021-08-21,43409,40678,84087,57186,60146,117332,85012,98264,183276,98917,111207,210124,83516,96335,179851,61408,73847,135255,44700,53325,98025,24629,30843,55472,9417,16469,25886,1910,5695,7605,510104,586809,1096913
2021-08-22,43853,41115,84968,57491,60480,117971,85254,98596,183850,99296,111716,211012,83851,96806,180657,61666,74166,135832,44869,53549,98418,24733,30956,55689,9443,16505,25948,1916,5708,7624,512372,589597,1101969
2021-08-23,44667,41892,86559,58074,61071,119145,85708,99230,184938,99914,112478,212392,84372,97520,181892,61993,74615,136608,45122,53897,99019,24873,31147,56020,9483,16574,26057,1920,5724,7644,516126,594148,1110274
2021-08-24,45481,42671,88152,58647,61631,120278,86154,99811,185965,100448,113243,213691,84813,98141,182954,62297,75062,137359,45337,54216,99553,24982,31290,56272,9534,16637,26171,1925,5742,7667,519618,598444,1118062
2021-08-25,46281,43416,89697,59169,62151,121320,86524,100344,186868,100926,114032,214958,85255,98797,184052,62607,75468,138075,45561,54555,100116,25131,31452,56583,9574,16675,26249,1931,5770,7701,522959,602660,1125619
2021-08-26,47098,44190,91288,59740,62728,122468,86948,100986,187934,101467,114800,216267,85712,99427,185139,62889,75901,138790,45789,54868,100657,25266,31640,56906,9619,16745,26364,1936,5788,7724,526464,607073,1133537
2021-08-27,48004,44993,92997,60323,63422,123745,87346,101564,188910,101998,115577,217575,86183,100128,186311,63211,76344,139555,46019,55181,101200,25391,31811,57202,9657,16815,26472,1940,5801,7741,530072,611636,1141708
2021-08-28,48514,45418,93932,60601,63717,124318,87599,101935,189534,102389,116050,218439,86469,100577,187046,63430,76616,140046,46179,55399,101578,25467,31918,57385,9696,16861,26557,1945,5808,7753,532289,614299,1146588
2021-08-29,49059,45910,94969,60839,64007,124846,87788,102200,189988,102710,116462,219172,86760,100962,187722,63624,76878,140502,46326,55578,101904,25540,32024,57564,9728,16905,26633,1947,5816,7763,534321,616742,1151063
2021-08-30,50020,46773,96793,61373,64512,125885,88159,102707,190866,103224,117160,220384,87239,101527,188766,63909,77268,141177,46535,55889,102424,25663,32194,57857,9781,16964,26745,1951,5837,7788,537854,620831,1158685
2021-08-31,51031,47706,98737,62009,65104,127113,88562,103300,191862,103728,117802,221530,87691,102124,189815,64212,77680,141892,46774,56207,102981,25798,32373,58171,9815,17032,26847,1958,5854,7812,541578,625182,1166760
2021-09-01,51962,48564,100526,62598,65646,128244,88964,103790,192754,104226,118467,222693,88084,102660,190744,64482,78025,142507,46988,56464,103452,25904,32536,58440,9854,17102,26956,1960,5872,7832,545022,629126,1174148
2021-09-02,52713,49269,101982,63069,66128,129197,89278,104211,193489,104694,119014,223708,88419,103206,191625,64724,78349,143073,47167,56708,103875,26014,32660,58674,9879,17146,27025,1966,5887,7853,547923,632578,1180501
2021-09-03,53329,49844,103173,63536,66618,130154,89634,104674,194308,105138,119608,224746,88823,103751,192574,64978,78709,143687,47387,56988,104375,26135,32830,58965,9913,17198,27111,1967,5895,7862,550840,636115,1186955
2021-09-04,53735,50210,103945,63761,66845,130606,89812,104929,194741,105430,119986,225416,89106,104088,193194,65163,78950,144113,47519,57164,104683,26219,32942,59161,9936,17243,27179,1970,5906,7876,552651,638263,1190914
2021-09-05,54150,50600,104750,63993,67099,131092,90000,105179,195179,105766,120393,226159,89366,104427,193793,65354,79186,144540,47657,57358,105015,26319,33047,59366,9962,17276,27238,1977,5920,7897,554544,640485,1195029
2021-09-06,54962,51443,106405,64437,67569,132006,90375,105690,196065,106274,121035,227309,89812,104982,194794,65647,79601,145248,47882,57640,105522,26471,33219,59690,9998,17353,27351,1984,5941,7925,557842,644473,1202315
2021-09-07,55640,52206,107846,64902,68091,132993,90703,106109,196812,106700,121588,228288,90174,105475,195649,65873,79935,145808,48067,57889,105956,26556,33369,59925,10032,17410,27442,1991,5965,7956,560638,648037,1208675
2021-09-08,56196,52780,108976,65345,68505,133850,90997,106457,197454,107092,122063,229155,90473,105911,196384,66112,80228,146340,48232,58100,106332,26639,33478,60117,10068,17454,27522,1999,5978,7977,563153,650954,1214107
2021-09-09,56795,53362,110157,65728,68859,134587,91262,106879,198141,107470,122509,229979,90780,106334,197114,66324,80538,146862,48411,58302,106713,26739,33607,60346,10105,17507,27612,2004,5995,7999,565618,653892,1219510
2021-09-10,57391,53925,111316,66206,69396,135602,91730,107639,199369,108063,123365,231428,91348,107197,198545,66802,81217,148019,48730,58823,107553,26876,33815,60691,10166,17555,27721,2009,6010,8019,569321,658942,1228263
2021-09-11,57748,54295,112043,66491,69709,136200,92126,108151,200277,108541,123954,232495,91796,107777,199573,67126,81659,148785,48960,59161,108121,26987,33984,60971,10197,17590,27787,2013,6017,8030,571985,662297,1234282
2021-09-12,58103,54604,112707,66672,69911,136583,92303,108373,200676,108798,124280,233078,92043,108043,200086,67292,81885,149177,49080,59327,108407,27061,34077,61138,10215,17617,27832,2018,6026,8044,573585,664143,1237728
2021-09-13,58785,55255,114040,67074,70351,137425,92634,108877,201511,109252,124884,234136,92462,108566,201028,67573,82310,149883,49322,59596,108918,27208,34258,61466,10252,17690,27942,2027,6043,8070,576589,667830,1244419
2021-09-14,59468,55859,115327,67470,70744,138214,92920,109271,202191,109642,125397,235039,92766,109018,201784,67813,82660,150473,49507,59836,109343,27329,34418,61747,10278,17750,28028,2034,6056,8090,579227,671009,1250236
2021-09-15,59987,56352,116339,67816,71097,138913,93130,109619,202749,109956,125873,235829,93059,109425,202484,67997,82896,150893,49666,60044,109710,27417,34532,61949,10309,17800,28109,2041,6083,8124,581378,673721,1255099
2021-09-16,60492,56806,117298,68194,71479,139673,93393,109959,203352,110285,126385,236670,93394,109881,203275,68218,83184,151402,49813,60252,110065,27508,34661,62169,10345,17851,28196,2053,6101,8154,583695,676559,1260254
2021-09-17,61132,57410,118542,68675,71970,140645,93663,110361,204024,110649,126935,237584,93722,110327,204049,68438,83533,151971,49969,60461,110430,27633,34822,62455,10378,17918,28296,2058,6113,8171,586317,679850,1266167
2021-09-18,61483,57732,119215,68897,72208,141105,93851,110657,204508,110935,127292,238227,93978,110665,204643,68606,83761,152367,50128,60670,110798,27726,34935,62661,10413,17959,28372,2061,6126,8187,588078,682005,1270083
2021-09-19,61855,58089,119944,69081,72396,141477,94009,110888,204897,111171,127622,238793,94210,110940,205150,68743,83954,152697,50251,60808,111059,27785,35029,62814,10429,18003,28432,2065,6134,8199,589599,683863,1273462
2021-09-20,62581,58804,121385,69624,72989,142613,94277,111297,205574,111628,128155,239783,94581,111418,205999,69016,84335,153351,50478,61078,111556,27901,35185,63086,10459,18065,28524,2074,6143,8217,592619,687469,1280088
2021-09-21,63171,59369,122540,69879,73291,143170,94533,111697,206230,112033,128596,240629,94930,111816,206746,69243,84651,153894,50691,61323,112014,28031,35331,63362,10498,18120,28618,2078,6151,8229,595087,690345,1285432
2021-09-22,63922,59983,123905,70443,73839,144282,94841,112144,206985,112452,129223,241675,95280,112312,207592,69468,85038,154506,50906,61601,112507,28172,35484,63656,10526,18183,28709,2087,6169,8256,598097,693976,1292073
2021-09-23,64602,60650,125252,71128,74572,145700,95226,112761,207987,113011,129999,243010,95730,113024,208754,69807,85545,155352,51189,61972,113161,28330,35660,63990,10582,18257,28839,2098,6200,8298,601703,698640,1300343
2021-09-24,65233,61297,126530,71572,75006,146578,95572,113251,208823,113463,130597,244060,96150,113604,209754,70061,85970,156031,51424,62271,113695,28445,35837,64282,10620,18321,28941,2103,6208,8311,604643,702362,1307005
2021-09-25,65648,61663,127311,71805,75250,147055,95800,113601,209401,113840,131054,244894,96493,114010,210503,70302,86245,156547,51610,62500,114110,28540,35955,64495,10648,18367,29015,2105,6225,8330,606791,704870,1311661
2021-09-26,66076,62067,128143,72023,75490,147513,95990,113887,209877,114157,131480,245637,96837,114405,211242,70526,86547,157073,51793,62713,114506,28622,36051,64673,10676,18406,29082,2107,6239,8346,608807,707285,1316092
2021-09-27,66885,62790,129675,72655,76029,148684,96323,114410,210733,114707,132171,246878,97329,115002,212331,70826,86978,157804,52044,63073,115117,28786,36237,65023,10711,18473,29184,2119,6259,8378,612385,711422,1323807
2021-09-28,67702,63479,131181,73338,76781,150119,96625,114907,211532,115187,132854,248041,97767,115630,213397,71136,87374,158510,52279,63370,115649,28919,36379,65298,10739,18536,29275,2124,6275,8399,615816,715585,1331401
2021-09-29,68424,64101,132525,73920,77400,151320,96981,115414,212395,115660,133554,249214,98200,116204,214404,71443,87777,159220,52504,63655,116159,29065,36564,65629,10790,18590,29380,2133,6288,8421,619120,719547,1338667
2021-09-30,68973,64657,133630,74529,78081,152610,97303,115858,213161,116114,134125,250239,98597,116732,215329,71716,88112,159828,52686,63920,116606,29182,36716,65898,10825,18667,29492,2140,6303,8443,622065,723171,1345236
2021-10-01,69638,65182,134820,75265,78846,154111,97677,116387,214064,116609,134876,251485,99058,117376,216434,72060,88553,160613,52924,64232,117156,29313,36885,66198,10873,18740,29613,2143,6325,8468,625560,727402,1352962
2021-10-02,69992,65515,135507,75476,79096,154572,97890,116683,214573,116899,135293,252192,99325,117702,217027,72264,88820,161084,53079,64443,117522,29430,37001,66431,10893,18784,29677,2147,6330,8477,627395,729667,1357062
2021-10-03,70345,65836,136181,75675,79300,154975,98095,116961,215056,117150,135618,252768,99569,118012,217581,72425,89042,161467,53195,64617,117812,29495,37099,66594,10914,18823,29737,2148,6336,8484,629011,731644,1360655
2021-10-04,71066,66491,137557,76382,79960,156342,98473,117520,215993,117571,136301,253872,100034,118626,218660,72721,89503,162224,53439,64966,118405,29638,37283,66921,10967,18880,29847,2153,6355,8508,632444,735885,1368329
2021-10-05,71741,67128,138869,77055,80788,157843,98791,118041,216832,118027,136969,254996,100443,119227,219670,73044,89963,163007,53642,65278,118920,29759,37465,67224,11010,18945,29955,2158,6369,8527,635670,740173,1375843
2021-10-06,72278,67638,139916,77657,81408,159065,99130,118574,217704,118509,137635,256144,100857,119824,220681,73297,90388,163685,53849,65545,119394,29861,37607,67468,11053,18989,30042,2161,6377,8538,638652,743985,1382637
2021-10-07,72724,68065,140789,78024,81831,159855,99437,119041,218478,118940,138238,257178,101231,120411,221642,73556,90744,164300,54031,65793,119824,29990,37743,67733,11085,19041,30126,2162,6391,8553,641180,747298,1388478
2021-10-08,72955,68276,141231,78268,82121,160389,99656,119312,218968,119204,138616,257820,101489,120754,222243,73732,90980,164712,54177,65983,120160,30073,37829,67902,11113,19076,30189,2168,6402,8570,642835,749349,1392184
2021-10-09,73168,68471,141639,78549,82415,160964,99819,119573,219392,119442,138931,258373,101699,121046,222745,73876,91203,165079,54327,66163,120490,30149,37919,68068,11132,19122,30254,2171,6413,8584,644332,751256,1395588
2021-10-10,73385,68660,142045,78707,82613,161320,99952,119784,219736,119619,139175,258794,101895,121291,223186,74019,91386,165405,54429,66294,120723,30202,37992,68194,11154,19149,30303,2172,6419,8591,645534,752763,1398297
2021-10-11,73529,68772,142301,78874,82832,161706,100069,119974,220043,119785,139418,259203,102076,121546,223622,74130,91536,165666,54515,66394,120909,30248,38050,68298,11167,19162,30329,2173,6422,8595,646566,754106,1400672
2021-10-12,73570,68807,142377,78946,82903,161849,100120,120047,220167,119848,139526,259374,102146,121659,223805,74173,91603,165776,54537,66432,120969,30263,38067,68330,11169,19164,30333,2173,6423,8596,646945,754631,1401576
