FECHA,<=10M,<=10F,<=10,11-20M,11-20F,11-20,21-30M,21-30F,21-30,31-40M,31-40F,31-40,41-50M,41-50F,41-50,51-60M,51-60F,51-60,61-70M,61-70F,61-70,71-80M,71-80F,71-80,81-90M,81-90F,81-90,>=91M,>=91F,>=91,TotalM,TotalF,Total
2020-03-15,1,0,1,0,0,0,0,2,2,2,1,3,1,1,2,1,0,1,1,0,1,1,1,2,0,0,0,0,0,0,7,5,12
2020-03-16,2,3,5,1,0,1,1,4,5,3,2,5,1,1,2,4,1,5,3,2,5,1,1,2,0,0,0,0,0,0,16,14,30
2020-03-17,3,7,10,2,1,3,3,5,8,4,4,8,2,4,6,4,3,7,4,4,8,3,3,6,1,0,1,0,0,0,26,31,57
2020-03-18,6,8,14,3,1,4,4,5,9,6,5,11,3,7,10,5,4,9,4,6,10,4,3,7,2,0,2,0,0,0,37,39,76
2020-03-19,9,9,18,3,1,4,7,7,14,9,6,15,5,8,13,5,4,9,5,7,12,5,4,9,2,0,2,1,0,1,51,46,97
2020-03-20,10,10,20,4,1,5,8,7,15,10,9,19,5,9,14,5,5,10,6,8,14,7,6,13,3,0,3,1,0,1,59,55,114
2020-03-21,10,10,20,7,2,9,9,9,18,13,10,23,7,10,17,6,5,11,8,10,18,8,7,15,4,0,4,2,0,2,74,63,137
2020-03-22,13,11,24,7,2,9,13,10,23,13,10,23,7,10,17,9,6,15,8,11,19,10,7,17,7,2,9,2,1,3,89,70,159
2020-03-23,17,12,29,7,4,11,15,12,27,16,11,27,8,11,19,11,7,18,10,12,22,14,10,24,10,5,15,2,3,5,110,87,197
2020-03-24,19,13,32,7,4,11,16,14,30,18,12,30,8,13,21,13,9,22,10,13,23,16,10,26,12,6,18,3,3,6,122,97,219
2020-03-25,20,17,37,7,4,11,18,17,35,20,17,37,9,14,23,14,12,26,13,14,27,17,12,29,14,11,25,5,3,8,137,121,258
2020-03-26,24,20,44,9,5,14,20,19,39,24,20,44,10,18,28,18,14,32,14,18,32,21,15,36,19,11,30,7,4,11,166,144,310
2020-03-27,26,23,49,9,6,15,21,21,42,28,21,49,11,22,33,19,17,36,16,22,38,26,20,46,22,14,36,9,9,18,187,175,362
2020-03-28,28,24,52,9,6,15,23,23,46,30,22,52,12,23,35,23,19,42,19,22,41,30,27,57,25,15,40,9,9,18,208,190,398
2020-03-29,29,24,53,11,7,18,24,26,50,32,24,56,14,26,40,24,19,43,24,25,49,34,29,63,29,16,45,11,10,21,232,206,438
2020-03-30,32,26,58,11,7,18,25,32,57,39,26,65,18,30,48,25,20,45,31,26,57,37,34,71,33,17,50,14,12,26,265,230,495
2020-03-31,40,29,69,12,7,19,32,34,66,47,29,76,23,34,57,28,21,49,37,29,66,41,37,78,35,20,55,18,12,30,313,252,565
2020-04-01,51,39,90,13,9,22,37,38,75,55,31,86,35,39,74,32,28,60,41,32,73,46,41,87,40,25,65,18,13,31,368,295,663
2020-04-02,60,48,108,15,13,28,41,44,85,60,37,97,38,45,83,34,36,70,50,38,88,54,46,100,45,32,77,21,16,37,418,355,773
2020-04-03,76,57,133,19,16,35,45,50,95,67,47,114,45,56,101,37,42,79,58,43,101,61,50,111,50,38,88,22,21,43,480,420,900
2020-04-04,85,70,155,22,20,42,47,57,104,70,57,127,50,58,108,44,42,86,64,46,110,63,55,118,54,40,94,23,24,47,522,469,991
2020-04-05,93,80,173,26,25,51,53,58,111,77,59,136,58,63,121,48,46,94,65,57,122,69,62,131,57,45,102,25,26,51,571,521,1092
2020-04-06,104,89,193,30,27,57,62,61,123,87,64,151,69,66,135,57,49,106,73,65,138,79,67,146,64,49,113,26,29,55,651,566,1217
2020-04-07,114,98,212,34,31,65,67,65,132,95,71,166,74,71,145,65,51,116,77,69,146,87,75,162,70,60,130,28,30,58,711,621,1332
2020-04-08,122,108,230,38,33,71,71,73,144,100,74,174,83,75,158,72,56,128,86,75,161,97,79,176,71,64,135,31,35,66,771,672,1443
2020-04-09,127,112,239,41,36,77,74,80,154,115,83,198,87,81,168,80,64,144,90,79,169,104,89,193,76,72,148,35,40,75,829,736,1565
2020-04-10,145,116,261,45,39,84,76,86,162,119,85,204,97,82,179,83,70,153,96,80,176,105,99,204,81,80,161,36,43,79,883,780,1663
2020-04-11,154,121,275,49,42,91,83,90,173,125,89,214,104,85,189,85,74,159,100,86,186,112,102,214,84,87,171,37,47,84,933,823,1756
2020-04-12,163,128,291,51,42,93,85,94,179,133,92,225,107,92,199,94,77,171,103,90,193,115,110,225,89,91,180,37,49,86,977,865,1842
2020-04-13,172,139,311,59,46,105,96,102,198,137,101,238,112,95,207,99,82,181,112,97,209,120,119,239,95,101,196,41,54,95,1043,936,1979
2020-04-14,187,145,332,62,47,109,104,108,212,146,106,252,117,99,216,110,89,199,116,104,220,130,124,254,101,105,206,45,58,103,1118,985,2103
2020-04-15,196,148,344,65,53,118,110,115,225,151,113,264,125,112,237,115,98,213,125,108,233,139,128,267,107,111,218,50,61,111,1183,1047,2230
2020-04-16,208,151,359,70,57,127,118,119,237,161,127,288,134,125,259,121,108,229,130,118,248,146,132,278,111,116,227,50,65,115,1249,1118,2367
2020-04-17,224,162,386,74,62,136,120,125,245,167,142,309,146,134,280,129,115,244,137,124,261,161,143,304,116,124,240,51,68,119,1325,1199,2524
2020-04-18,235,171,406,80,63,143,131,130,261,184,148,332,155,139,294,136,119,255,139,127,266,167,153,320,122,133,255,54,72,126,1403,1255,2658
2020-04-19,245,180,425,84,63,147,136,133,269,189,152,341,161,144,305,141,128,269,146,134,280,172,161,333,127,140,267,55,73,128,1456,1308,2764
2020-04-20,259,190,449,93,70,163,149,139,288,202,162,364,170,151,321,150,134,284,158,144,302,187,173,360,137,149,286,59,87,146,1564,1399,2963
2020-04-21,272,198,470,98,76,174,161,145,306,211,176,387,174,155,329,157,142,299,166,152,318,199,183,382,144,159,303,61,97,158,1643,1483,3126
2020-04-22,286,208,494,102,83,185,168,153,321,223,179,402,187,162,349,163,150,313,174,156,330,206,196,402,152,171,323,68,103,171,1729,1561,3290
2020-04-23,304,221,525,106,88,194,175,163,338,231,187,418,195,170,365,168,162,330,181,160,341,216,204,420,163,181,344,74,112,186,1813,1648,3461
2020-04-24,321,232,553,111,94,205,185,172,357,243,200,443,202,177,379,175,170,345,189,171,360,227,214,441,173,196,369,77,115,192,1903,1741,3644
2020-04-25,333,240,573,116,95,211,188,177,365,251,207,458,206,182,388,180,177,357,195,175,370,233,218,451,183,213,396,81,119,200,1966,1803,3769
2020-04-26,342,257,599,121,101,222,191,180,371,255,209,464,214,188,402,183,181,364,203,182,385,239,225,464,190,220,410,82,123,205,2020,1866,3886
2020-04-27,354,269,623,128,105,233,197,188,385,260,222,482,218,199,417,194,189,383,210,191,401,258,230,488,201,236,437,85,127,212,2105,1956,4061
2020-04-28,373,276,649,133,110,243,209,200,409,271,234,505,225,210,435,201,198,399,216,198,414,261,242,503,207,250,457,87,131,218,2183,2049,4232
2020-04-29,396,288,684,139,115,254,223,208,431,289,248,537,237,218,455,209,205,414,220,206,426,271,248,519,210,264,474,92,141,233,2286,2141,4427
2020-04-30,414,299,713,148,117,265,231,215,446,297,257,554,248,228,476,218,217,435,229,214,443,279,259,538,218,281,499,100,148,248,2382,2235,4617
2020-05-01,416,312,728,154,123,277,232,222,454,308,266,574,258,234,492,225,220,445,239,220,459,286,268,554,226,292,518,100,150,250,2444,2307,4751
2020-05-02,422,328,750,160,129,289,240,224,464,317,273,590,264,239,503,232,222,454,242,224,466,294,269,563,231,303,534,101,154,255,2503,2365,4868
2020-05-03,430,337,767,164,132,296,246,230,476,324,279,603,269,244,513,240,224,464,250,231,481,299,278,577,237,311,548,104,159,263,2563,2425,4988
2020-05-04,449,357,806,168,134,302,255,240,495,335,288,623,275,249,524,249,228,477,259,242,501,313,293,606,245,328,573,106,163,269,2654,2522,5176
2020-05-05,461,369,830,175,137,312,266,250,516,347,302,649,280,262,542,259,234,493,270,249,519,328,301,629,250,340,590,107,173,280,2743,2617,5360
2020-05-06,475,385,860,180,138,318,276,257,533,362,317,679,299,271,570,265,239,504,280,255,535,346,316,662,257,352,609,111,179,290,2851,2709,5560
2020-05-07,492,396,888,187,143,330,290,264,554,373,329,702,314,282,596,270,245,515,287,262,549,363,322,685,263,365,628,112,186,298,2951,2794,5745
2020-05-08,508,409,917,194,148,342,304,272,576,385,345,730,329,293,622,285,249,534,295,273,568,375,331,706,274,377,651,114,198,312,3063,2895,5958
2020-05-09,527,421,948,198,149,347,311,284,595,389,353,742,338,301,639,290,255,545,301,279,580,387,334,721,279,388,667,119,206,325,3139,2970,6109
2020-05-10,535,429,964,200,152,352,319,294,613,395,359,754,343,308,651,294,261,555,309,285,594,395,347,742,284,400,684,120,211,331,3194,3046,6240
2020-05-11,552,446,998,206,157,363,326,302,628,408,371,779,357,319,676,303,268,571,319,291,610,408,356,764,297,418,715,124,226,350,3300,3154,6454
2020-05-12,571,456,1027,213,167,380,352,322,674,428,379,807,366,334,700,309,272,581,328,299,627,416,366,782,306,432,738,129,238,367,3418,3265,6683
2020-05-13,598,473,1071,221,176,397,371,333,704,444,400,844,380,341,721,320,281,601,337,308,645,425,374,799,314,447,761,130,246,376,3540,3379,6919
2020-05-14,620,497,1117,231,190,421,383,352,735,463,418,881,391,349,740,328,293,621,347,320,667,435,383,818,324,460,784,132,261,393,3654,3523,7177
2020-05-15,640,519,1159,238,197,435,390,363,753,477,432,909,400,365,765,339,299,638,358,329,687,442,389,831,332,480,812,137,270,407,3753,3643,7396
2020-05-16,652,536,1188,245,204,449,395,375,770,486,448,934,407,373,780,346,306,652,366,336,702,451,396,847,338,484,822,142,284,426,3828,3742,7570
2020-05-17,673,549,1222,249,211,460,405,386,791,493,456,949,415,384,799,351,310,661,374,343,717,456,401,857,349,496,845,145,288,433,3910,3824,7734
2020-05-18,694,572,1266,257,223,480,429,406,835,514,475,989,426,404,830,365,320,685,389,357,746,473,414,887,366,509,875,146,299,445,4059,3979,8038
2020-05-19,712,590,1302,272,237,509,456,430,886,546,497,1043,450,420,870,380,333,713,405,369,774,483,433,916,378,531,909,149,308,457,4231,4148,8379
2020-05-20,740,629,1369,286,253,539,482,453,935,587,514,1101,466,435,901,392,345,737,421,385,806,496,444,940,390,547,937,155,313,468,4415,4318,8733
2020-05-21,773,662,1435,305,264,569,510,476,986,613,543,1156,482,456,938,410,357,767,434,391,825,510,451,961,397,563,960,156,317,473,4590,4480,9070
2020-05-22,807,679,1486,318,280,598,540,506,1046,635,568,1203,499,470,969,422,367,789,441,401,842,520,462,982,405,579,984,162,330,492,4749,4642,9391
2020-05-23,827,698,1525,332,296,628,562,524,1086,660,584,1244,507,486,993,431,375,806,453,412,865,528,475,1003,414,585,999,164,332,496,4878,4767,9645
2020-05-24,844,717,1561,339,304,643,576,535,1111,673,597,1270,517,490,1007,438,379,817,464,419,883,539,484,1023,419,597,1016,166,338,504,4975,4860,9835
2020-05-25,871,740,1611,357,325,682,599,562,1161,688,615,1303,535,500,1035,443,387,830,472,427,899,550,490,1040,429,612,1041,168,347,515,5112,5005,10117
2020-05-26,906,770,1676,378,347,725,635,594,1229,734,651,1385,553,527,1080,454,407,861,481,433,914,566,496,1062,438,626,1064,171,357,528,5316,5208,10524
2020-05-27,949,802,1751,390,365,755,656,625,1281,758,669,1427,570,539,1109,472,421,893,491,441,932,573,510,1083,442,640,1082,175,359,534,5476,5371,10847
2020-05-28,975,845,1820,408,377,785,681,657,1338,785,689,1474,594,561,1155,487,442,929,500,453,953,583,519,1102,456,657,1113,179,372,551,5648,5572,11220
2020-05-29,1010,877,1887,430,396,826,717,692,1409,814,728,1542,624,582,1206,502,462,964,515,464,979,599,530,1129,470,674,1144,181,376,557,5862,5781,11643
2020-05-30,1038,900,1938,444,407,851,752,716,1468,845,742,1587,636,601,1237,514,475,989,523,470,993,609,541,1150,477,685,1162,182,383,565,6020,5920,11940
2020-05-31,1064,916,1980,455,419,874,767,726,1493,861,751,1612,650,611,1261,519,485,1004,531,474,1005,620,547,1167,482,695,1177,183,391,574,6132,6015,12147
2020-06-01,1096,945,2041,477,438,915,799,766,1565,888,786,1674,666,633,1299,535,499,1034,555,490,1045,632,556,1188,488,704,1192,188,395,583,6324,6212,12536
2020-06-02,1139,974,2113,497,457,954,831,793,1624,912,812,1724,683,652,1335,547,515,1062,571,502,1073,654,568,1222,495,720,1215,192,407,599,6521,6400,12921
2020-06-03,1176,997,2173,512,485,997,859,819,1678,938,849,1787,699,674,1373,556,527,1083,586,517,1103,672,580,1252,505,736,1241,194,416,610,6697,6600,13297
2020-06-04,1209,1028,2237,531,509,1040,893,847,1740,956,876,1832,719,691,1410,583,542,1125,597,524,1121,692,593,1285,515,754,1269,196,425,621,6891,6789,13680
2020-06-05,1252,1068,2320,547,529,1076,927,875,1802,986,912,1898,747,718,1465,607,563,1170,613,539,1152,709,604,1313,526,774,1300,200,434,634,7114,7016,14130
2020-06-06,1278,1091,2369,563,540,1103,946,892,1838,1014,937,1951,761,735,1496,619,573,1192,624,551,1175,722,612,1334,537,791,1328,201,443,644,7265,7165,14430
2020-06-07,1300,1114,2414,578,552,1130,966,912,1878,1031,951,1982,780,743,1523,629,581,1210,632,555,1187,730,619,1349,548,802,1350,203,451,654,7397,7280,14677
2020-06-08,1330,1148,2478,599,573,1172,1002,939,1941,1071,986,2057,815,765,1580,646,599,1245,647,566,1213,745,634,1379,560,818,1378,207,458,665,7622,7486,15108
2020-06-09,1385,1180,2565,621,596,1217,1021,979,2000,1100,1018,2118,844,787,1631,663,606,1269,659,575,1234,755,648,1403,572,844,1416,210,470,680,7830,7703,15533
2020-06-10,1411,1217,2628,635,615,1250,1062,1001,2063,1131,1057,2188,874,810,1684,686,625,1311,679,588,1267,776,672,1448,577,864,1441,216,485,701,8047,7934,15981
2020-06-11,1450,1256,2706,648,634,1282,1093,1030,2123,1169,1086,2255,891,836,1727,703,648,1351,691,610,1301,792,688,1480,584,890,1474,219,500,719,8240,8178,16418
2020-06-12,1487,1298,2785,657,659,1316,1144,1068,2212,1214,1136,2350,925,868,1793,721,667,1388,719,626,1345,807,702,1509,590,911,1501,223,509,732,8487,8444,16931
2020-06-13,1523,1326,2849,680,679,1359,1180,1105,2285,1249,1164,2413,934,892,1826,740,683,1423,730,632,1362,819,710,1529,598,927,1525,225,515,740,8678,8633,17311
2020-06-14,1543,1354,2897,700,697,1397,1205,1126,2331,1268,1180,2448,953,904,1857,752,700,1452,741,638,1379,822,723,1545,611,948,1559,226,523,749,8821,8793,17614
2020-06-15,1578,1386,2964,726,716,1442,1235,1155,2390,1289,1205,2494,972,921,1893,765,712,1477,753,643,1396,835,733,1568,617,964,1581,228,533,761,8998,8968,17966
2020-06-16,1630,1446,3076,747,736,1483,1296,1203,2499,1333,1241,2574,1010,945,1955,785,728,1513,768,656,1424,851,740,1591,630,987,1617,231,547,778,9281,9229,18510
2020-06-17,1672,1490,3162,770,763,1533,1347,1242,2589,1373,1288,2661,1044,972,2016,809,742,1551,783,670,1453,860,760,1620,648,1003,1651,232,555,787,9538,9485,19023
2020-06-18,1721,1534,3255,790,778,1568,1408,1286,2694,1423,1341,2764,1088,995,2083,842,764,1606,803,689,1492,873,774,1647,663,1027,1690,234,566,800,9845,9754,19599
2020-06-19,1776,1566,3342,803,806,1609,1444,1325,2769,1486,1385,2871,1125,1037,2162,881,786,1667,832,708,1540,892,792,1684,681,1046,1727,241,580,821,10161,10031,20192
2020-06-20,1808,1602,3410,822,826,1648,1478,1351,2829,1522,1415,2937,1148,1067,2215,898,806,1704,847,721,1568,902,801,1703,688,1061,1749,245,585,830,10358,10235,20593
2020-06-21,1841,1622,3463,839,843,1682,1506,1383,2889,1543,1446,2989,1165,1075,2240,912,816,1728,856,731,1587,913,808,1721,694,1070,1764,246,592,838,10515,10386,20901
2020-06-22,1889,1665,3554,867,869,1736,1543,1428,2971,1595,1475,3070,1197,1106,2303,936,845,1781,872,751,1623,931,823,1754,700,1092,1792,248,604,852,10778,10658,21436
2020-06-23,1937,1709,3646,895,900,1795,1593,1471,3064,1653,1517,3170,1232,1149,2381,952,878,1830,891,771,1662,942,836,1778,711,1107,1818,250,610,860,11056,10948,22004
2020-06-24,1980,1755,3735,921,923,1844,1641,1522,3163,1693,1567,3260,1273,1179,2452,973,909,1882,904,787,1691,951,851,1802,726,1121,1847,252,614,866,11314,11228,22542
2020-06-25,2030,1809,3839,956,963,1919,1682,1564,3246,1738,1603,3341,1312,1212,2524,1009,940,1949,915,804,1719,962,864,1826,735,1133,1868,257,619,876,11596,11511,23107
2020-06-26,2074,1847,3921,991,990,1981,1741,1612,3353,1782,1646,3428,1349,1247,2596,1028,972,2000,938,823,1761,974,881,1855,746,1153,1899,258,628,886,11881,11799,23680
2020-06-27,2135,1904,4039,1022,1029,2051,1779,1660,3439,1813,1678,3491,1377,1271,2648,1049,987,2036,953,830,1783,977,894,1871,754,1160,1914,262,634,896,12121,12047,24168
2020-06-28,2177,1926,4103,1036,1047,2083,1796,1700,3496,1842,1710,3552,1397,1295,2692,1071,1001,2072,963,837,1800,985,903,1888,762,1172,1934,268,641,909,12297,12232,24529
2020-06-29,2222,1974,4196,1071,1086,2157,1842,1740,3582,1897,1747,3644,1422,1322,2744,1087,1033,2120,988,848,1836,1000,919,1919,774,1190,1964,271,648,919,12574,12507,25081
2020-06-30,2255,2017,4272,1086,1116,2202,1896,1775,3671,1933,1792,3725,1459,1358,2817,1115,1059,2174,1012,858,1870,1017,929,1946,780,1209,1989,273,659,932,12826,12772,25598
2020-07-01,2300,2054,4354,1103,1144,2247,1953,1821,3774,1973,1829,3802,1490,1390,2880,1137,1088,2225,1030,874,1904,1032,943,1975,789,1230,2019,276,665,941,13083,13038,26121
2020-07-02,2357,2109,4466,1127,1176,2303,2000,1873,3873,2018,1873,3891,1529,1422,2951,1157,1109,2266,1049,887,1936,1044,959,2003,800,1240,2040,279,670,949,13360,13318,26678
2020-07-03,2413,2149,4562,1158,1199,2357,2045,1908,3953,2072,1928,4000,1554,1455,3009,1183,1129,2312,1068,902,1970,1055,974,2029,810,1257,2067,282,674,956,13640,13575,27215
2020-07-04,2450,2185,4635,1180,1222,2402,2080,1950,4030,2102,1959,4061,1583,1477,3060,1206,1145,2351,1081,913,1994,1066,990,2056,815,1268,2083,285,681,966,13848,13790,27638
2020-07-05,2476,2222,4698,1201,1234,2435,2111,1985,4096,2130,1996,4126,1597,1501,3098,1223,1165,2388,1101,928,2029,1081,1005,2086,824,1283,2107,289,689,978,14033,14008,28041
2020-07-06,2508,2257,4765,1222,1255,2477,2155,2029,4184,2184,2029,4213,1635,1539,3174,1258,1193,2451,1126,953,2079,1099,1032,2131,834,1308,2142,292,697,989,14313,14292,28605
2020-07-07,2557,2324,4881,1253,1289,2542,2209,2081,4290,2241,2073,4314,1667,1574,3241,1287,1224,2511,1144,967,2111,1112,1045,2157,844,1331,2175,299,709,1008,14613,14617,29230
2020-07-08,2601,2359,4960,1282,1320,2602,2263,2128,4391,2283,2119,4402,1713,1620,3333,1310,1256,2566,1162,987,2149,1129,1065,2194,854,1347,2201,303,723,1026,14900,14924,29824
2020-07-09,2635,2386,5021,1299,1334,2633,2295,2159,4454,2328,2149,4477,1748,1651,3399,1325,1270,2595,1174,1003,2177,1137,1088,2225,859,1363,2222,310,731,1041,15110,15134,30244
2020-07-10,2666,2413,5079,1322,1358,2680,2329,2193,4522,2359,2186,4545,1771,1676,3447,1341,1289,2630,1194,1022,2216,1154,1100,2254,872,1380,2252,311,741,1052,15319,15358,30677
2020-07-11,2696,2453,5149,1344,1371,2715,2356,2221,4577,2387,2219,4606,1798,1705,3503,1361,1319,2680,1215,1036,2251,1167,1126,2293,878,1403,2281,314,753,1067,15516,15606,31122
2020-07-12,2723,2471,5194,1360,1381,2741,2382,2243,4625,2413,2237,4650,1816,1722,3538,1370,1332,2702,1227,1047,2274,1177,1134,2311,884,1416,2300,318,759,1077,15670,15742,31412
2020-07-13,2762,2519,5281,1390,1406,2796,2428,2292,4720,2459,2281,4740,1861,1768,3629,1399,1373,2772,1260,1073,2333,1199,1171,2370,899,1462,2361,320,783,1103,15977,16128,32105
2020-07-14,2812,2559,5371,1420,1429,2849,2469,2324,4793,2531,2335,4866,1904,1811,3715,1435,1390,2825,1283,1101,2384,1218,1199,2417,905,1481,2386,327,798,1125,16304,16427,32731
2020-07-15,2850,2607,5457,1462,1454,2916,2512,2396,4908,2601,2406,5007,1950,1859,3809,1462,1428,2890,1305,1126,2431,1232,1219,2451,919,1497,2416,334,804,1138,16627,16796,33423
2020-07-16,2899,2637,5536,1487,1491,2978,2566,2456,5022,2666,2453,5119,1991,1913,3904,1492,1468,2960,1325,1145,2470,1250,1239,2489,938,1529,2467,336,821,1157,16950,17152,34102
2020-07-17,2949,2678,5627,1517,1519,3036,2599,2511,5110,2714,2511,5225,2034,1977,4011,1525,1509,3034,1353,1176,2529,1268,1259,2527,955,1548,2503,340,830,1170,17254,17518,34772
2020-07-18,2978,2713,5691,1536,1537,3073,2646,2555,5201,2753,2559,5312,2063,2015,4078,1552,1533,3085,1379,1201,2580,1283,1270,2553,971,1570,2541,342,836,1178,17503,17789,35292
2020-07-19,3013,2753,5766,1554,1562,3116,2680,2585,5265,2787,2598,5385,2094,2045,4139,1577,1558,3135,1397,1215,2612,1297,1279,2576,981,1588,2569,344,843,1187,17724,18026,35750
2020-07-20,3074,2802,5876,1593,1600,3193,2738,2643,5381,2846,2677,5523,2138,2117,4255,1612,1601,3213,1427,1258,2685,1321,1306,2627,1002,1608,2610,347,855,1202,18098,18467,36565
2020-07-21,3123,2841,5964,1621,1627,3248,2799,2691,5490,2912,2741,5653,2186,2163,4349,1650,1643,3293,1452,1288,2740,1347,1332,2679,1016,1634,2650,352,864,1216,18458,18824,37282
2020-07-22,3192,2885,6077,1649,1657,3306,2877,2759,5636,2986,2810,5796,2251,2219,4470,1685,1682,3367,1472,1316,2788,1377,1355,2732,1030,1668,2698,353,875,1228,18872,19226,38098
2020-07-23,3245,2934,6179,1678,1691,3369,2942,2825,5767,3052,2879,5931,2294,2264,4558,1719,1713,3432,1490,1343,2833,1394,1377,2771,1038,1691,2729,360,883,1243,19212,19600,38812
2020-07-24,3288,2983,6271,1710,1719,3429,3014,2887,5901,3108,2949,6057,2343,2317,4660,1756,1744,3500,1523,1360,2883,1410,1399,2809,1050,1716,2766,362,897,1259,19564,19971,39535
2020-07-25,3333,3023,6356,1738,1739,3477,3061,2939,6000,3159,3004,6163,2378,2355,4733,1773,1765,3538,1541,1381,2922,1424,1421,2845,1062,1730,2792,367,900,1267,19836,20257,40093
2020-07-26,3370,3056,6426,1754,1758,3512,3091,2963,6054,3188,3040,6228,2411,2374,4785,1792,1785,3577,1553,1394,2947,1439,1434,2873,1071,1752,2823,372,906,1278,20041,20462,40503
2020-07-27,3410,3098,6508,1791,1786,3577,3144,3015,6159,3253,3099,6352,2462,2431,4893,1826,1835,3661,1580,1430,3010,1457,1455,2912,1089,1773,2862,377,927,1304,20389,20849,41238
2020-07-28,3462,3149,6611,1821,1815,3636,3221,3096,6317,3320,3164,6484,2515,2479,4994,1875,1881,3756,1618,1460,3078,1474,1488,2962,1100,1799,2899,382,947,1329,20788,21278,42066
2020-07-29,3519,3200,6719,1852,1848,3700,3297,3160,6457,3384,3235,6619,2583,2539,5122,1914,1928,3842,1650,1496,3146,1499,1512,3011,1119,1835,2954,390,971,1361,21207,21724,42931
2020-07-30,3577,3247,6824,1892,1897,3789,3389,3230,6619,3460,3305,6765,2647,2594,5241,1962,1973,3935,1677,1526,3203,1517,1532,3049,1127,1855,2982,392,979,1371,21640,22138,43778
2020-07-31,3621,3306,6927,1915,1927,3842,3446,3306,6752,3546,3394,6940,2709,2644,5353,2002,2016,4018,1705,1558,3263,1537,1562,3099,1137,1884,3021,398,995,1393,22016,22592,44608
2020-08-01,3660,3342,7002,1935,1956,3891,3484,3358,6842,3585,3446,7031,2741,2687,5428,2034,2046,4080,1727,1568,3295,1557,1580,3137,1150,1907,3057,399,1008,1407,22272,22898,45170
2020-08-02,3703,3377,7080,1956,1981,3937,3517,3391,6908,3628,3486,7114,2770,2729,5499,2052,2074,4126,1737,1585,3322,1565,1597,3162,1162,1923,3085,401,1015,1416,22491,23158,45649
2020-08-03,3757,3437,7194,1990,2021,4011,3581,3463,7044,3695,3543,7238,2811,2785,5596,2090,2115,4205,1768,1609,3377,1579,1619,3198,1175,1955,3130,406,1029,1435,22852,23576,46428
2020-08-04,3819,3481,7300,2031,2064,4095,3663,3517,7180,3773,3615,7388,2877,2842,5719,2137,2154,4291,1801,1636,3437,1597,1644,3241,1192,1985,3177,411,1043,1454,23301,23981,47282
2020-08-05,3876,3535,7411,2073,2096,4169,3734,3586,7320,3832,3687,7519,2919,2900,5819,2182,2205,4387,1833,1668,3501,1625,1668,3293,1207,2008,3215,414,1053,1467,23695,24406,48101
2020-08-06,3930,3581,7511,2103,2139,4242,3805,3658,7463,3901,3767,7668,2978,2965,5943,2219,2247,4466,1864,1693,3557,1646,1691,3337,1223,2036,3259,419,1066,1485,24088,24843,48931
2020-08-07,3996,3634,7630,2135,2168,4303,3876,3737,7613,3976,3841,7817,3026,3040,6066,2260,2284,4544,1886,1726,3612,1671,1723,3394,1237,2076,3313,424,1086,1510,24487,25315,49802
2020-08-08,4041,3675,7716,2161,2195,4356,3916,3784,7700,4044,3904,7948,3068,3092,6160,2293,2322,4615,1907,1751,3658,1686,1752,3438,1249,2114,3363,425,1112,1537,24790,25701,50491
2020-08-09,4075,3710,7785,2184,2210,4394,3952,3831,7783,4090,3938,8028,3101,3144,6245,2329,2362,4691,1927,1772,3699,1705,1778,3483,1265,2161,3426,429,1130,1559,25057,26036,51093
2020-08-10,4137,3765,7902,2222,2243,4465,4030,3906,7936,4165,4002,8167,3167,3207,6374,2381,2417,4798,1948,1796,3744,1720,1805,3525,1279,2186,3465,433,1144,1577,25482,26471,51953
2020-08-11,4190,3813,8003,2268,2273,4541,4108,3979,8087,4260,4083,8343,3241,3284,6525,2428,2468,4896,1989,1832,3821,1750,1861,3611,1297,2233,3530,440,1168,1608,25971,26994,52965
2020-08-12,4241,3865,8106,2313,2316,4629,4173,4061,8234,4322,4193,8515,3307,3352,6659,2473,2513,4986,2020,1864,3884,1766,1890,3656,1308,2254,3562,444,1185,1629,26367,27493,53860
2020-08-13,4282,3914,8196,2357,2356,4713,4268,4146,8414,4417,4301,8718,3370,3426,6796,2525,2565,5090,2046,1901,3947,1795,1912,3707,1321,2278,3599,449,1200,1649,26830,27999,54829
2020-08-14,4318,3957,8275,2388,2391,4779,4361,4243,8604,4498,4400,8898,3442,3481,6923,2574,2620,5194,2081,1937,4018,1819,1946,3765,1334,2300,3634,452,1213,1665,27267,28488,55755
2020-08-15,4370,3991,8361,2432,2427,4859,4408,4308,8716,4555,4477,9032,3483,3545,7028,2604,2657,5261,2109,1966,4075,1841,1987,3828,1349,2350,3699,456,1234,1690,27607,28942,56549
2020-08-16,4407,4017,8424,2451,2444,4895,4456,4355,8811,4598,4526,9124,3503,3585,7088,2630,2686,5316,2124,1990,4114,1857,2005,3862,1360,2383,3743,460,1254,1714,27846,29245,57091
2020-08-17,4447,4039,8486,2481,2469,4950,4518,4412,8930,4665,4597,9262,3562,3643,7205,2674,2740,5414,2142,2030,4172,1875,2022,3897,1371,2404,3775,460,1266,1726,28195,29622,57817
2020-08-18,4503,4091,8594,2517,2500,5017,4592,4479,9071,4762,4689,9451,3624,3711,7335,2709,2808,5517,2168,2065,4233,1898,2052,3950,1381,2425,3806,460,1282,1742,28614,30102,58716
2020-08-19,4559,4138,8697,2550,2538,5088,4644,4559,9203,4839,4761,9600,3675,3775,7450,2751,2846,5597,2191,2097,4288,1916,2091,4007,1398,2463,3861,466,1302,1768,28989,30570,59559
2020-08-20,4600,4185,8785,2581,2569,5150,4714,4638,9352,4904,4839,9743,3718,3834,7552,2791,2894,5685,2220,2133,4353,1935,2112,4047,1412,2487,3899,469,1315,1784,29344,31006,60350
2020-08-21,4639,4243,8882,2616,2600,5216,4775,4707,9482,4978,4922,9900,3783,3893,7676,2836,2954,5790,2257,2172,4429,1961,2153,4114,1425,2526,3951,473,1326,1799,29743,31496,61239
2020-08-22,4665,4269,8934,2645,2625,5270,4824,4759,9583,5029,4996,10025,3828,3937,7765,2865,2980,5845,2289,2198,4487,1977,2185,4162,1438,2549,3987,478,1346,1824,30038,31844,61882
2020-08-23,4698,4308,9006,2663,2640,5303,4857,4800,9657,5067,5042,10109,3865,3966,7831,2891,3014,5905,2311,2222,4533,1987,2208,4195,1451,2558,4009,483,1350,1833,30273,32108,62381
2020-08-24,4758,4366,9124,2701,2674,5375,4919,4876,9795,5137,5132,10269,3922,4038,7960,2948,3058,6006,2344,2267,4611,2010,2239,4249,1467,2586,4053,488,1370,1858,30694,32606,63300
2020-08-25,4802,4415,9217,2742,2706,5448,4990,4978,9968,5217,5228,10445,3981,4101,8082,2985,3114,6099,2372,2302,4674,2028,2263,4291,1483,2620,4103,494,1388,1882,31094,33115,64209
2020-08-26,4862,4452,9314,2780,2748,5528,5082,5059,10141,5303,5309,10612,4033,4173,8206,3034,3169,6203,2406,2336,4742,2053,2294,4347,1500,2650,4150,497,1404,1901,31550,33594,65144
2020-08-27,4918,4500,9418,2830,2801,5631,5173,5136,10309,5389,5392,10781,4104,4246,8350,3089,3221,6310,2432,2373,4805,2081,2319,4400,1518,2681,4199,502,1424,1926,32036,34093,66129
2020-08-28,4965,4544,9509,2882,2843,5725,5274,5241,10515,5471,5485,10956,4173,4335,8508,3145,3294,6439,2465,2418,4883,2117,2357,4474,1533,2712,4245,505,1434,1939,32530,34663,67193
2020-08-29,5000,4572,9572,2903,2866,5769,5344,5306,10650,5526,5573,11099,4236,4386,8622,3182,3331,6513,2501,2441,4942,2138,2379,4517,1543,2738,4281,509,1450,1959,32882,35042,67924
2020-08-30,5031,4614,9645,2934,2890,5824,5393,5358,10751,5582,5619,11201,4283,4437,8720,3216,3361,6577,2522,2468,4990,2152,2399,4551,1550,2752,4302,512,1457,1969,33175,35355,68530
2020-08-31,5081,4651,9732,2977,2927,5904,5481,5433,10914,5655,5700,11355,4343,4508,8851,3259,3407,6666,2554,2508,5062,2180,2438,4618,1572,2792,4364,514,1470,1984,33616,35834,69450
2020-09-01,5136,4700,9836,3007,2974,5981,5561,5519,11080,5758,5798,11556,4418,4571,8989,3302,3475,6777,2580,2536,5116,2198,2465,4663,1588,2840,4428,521,1486,2007,34069,36364,70433
2020-09-02,5181,4731,9912,3034,3004,6038,5628,5604,11232,5829,5887,11716,4474,4629,9103,3348,3523,6871,2603,2566,5169,2232,2491,4723,1602,2872,4474,524,1514,2038,34455,36821,71276
2020-09-03,5228,4774,10002,3079,3040,6119,5717,5701,11418,5934,5991,11925,4537,4697,9234,3400,3571,6971,2635,2605,5240,2256,2519,4775,1619,2905,4524,527,1524,2051,34932,37327,72259
2020-09-04,5279,4829,10108,3117,3081,6198,5793,5788,11581,6025,6083,12108,4604,4782,9386,3441,3625,7066,2674,2649,5323,2287,2548,4835,1637,2932,4569,531,1539,2070,35388,37856,73244
2020-09-05,5314,4859,10173,3137,3098,6235,5853,5846,11699,6089,6167,12256,4652,4859,9511,3470,3660,7130,2705,2681,5386,2309,2571,4880,1652,2955,4607,533,1547,2080,35714,38243,73957
2020-09-06,5348,4892,10240,3159,3121,6280,5889,5895,11784,6135,6211,12346,4688,4899,9587,3490,3693,7183,2725,2706,5431,2318,2599,4917,1665,2971,4636,534,1556,2090,35951,38543,74494
2020-09-07,5390,4934,10324,3192,3158,6350,5972,5983,11955,6232,6305,12537,4752,4979,9731,3540,3766,7306,2765,2746,5511,2341,2625,4966,1680,3002,4682,540,1571,2111,36404,39069,75473
2020-09-08,5432,4982,10414,3230,3198,6428,6047,6069,12116,6329,6402,12731,4818,5048,9866,3594,3819,7413,2797,2793,5590,2373,2656,5029,1698,3030,4728,545,1592,2137,36863,39589,76452
2020-09-09,5484,5025,10509,3263,3246,6509,6130,6153,12283,6413,6483,12896,4891,5115,10006,3649,3874,7523,2829,2839,5668,2396,2687,5083,1714,3067,4781,546,1612,2158,37315,40101,77416
2020-09-10,5526,5055,10581,3307,3281,6588,6230,6247,12477,6516,6596,13112,4975,5194,10169,3700,3927,7627,2859,2877,5736,2424,2717,5141,1724,3098,4822,548,1630,2178,37809,40622,78431
2020-09-11,5575,5098,10673,3359,3319,6678,6316,6314,12630,6595,6694,13289,5043,5277,10320,3755,4001,7756,2903,2914,5817,2452,2747,5199,1743,3131,4874,551,1639,2190,38292,41134,79426
2020-09-12,5612,5122,10734,3386,3347,6733,6360,6367,12727,6643,6760,13403,5076,5327,10403,3791,4047,7838,2934,2943,5877,2473,2770,5243,1756,3163,4919,553,1653,2206,38584,41499,80083
2020-09-13,5652,5156,10808,3406,3371,6777,6405,6424,12829,6688,6822,13510,5108,5369,10477,3826,4079,7905,2966,2971,5937,2489,2781,5270,1759,3179,4938,558,1662,2220,38857,41814,80671
2020-09-14,5707,5209,10916,3449,3410,6859,6485,6528,13013,6779,6908,13687,5164,5445,10609,3890,4147,8037,3010,3025,6035,2519,2813,5332,1781,3203,4984,559,1671,2230,39343,42359,81702
2020-09-15,5764,5244,11008,3480,3434,6914,6562,6587,13149,6856,7011,13867,5225,5505,10730,3929,4194,8123,3052,3066,6118,2545,2850,5395,1796,3237,5033,560,1683,2243,39769,42811,82580
2020-09-16,5826,5298,11124,3534,3489,7023,6654,6700,13354,6933,7120,14053,5297,5582,10879,3980,4252,8232,3091,3112,6203,2569,2875,5444,1812,3267,5079,563,1694,2257,40259,43389,83648
2020-09-17,5873,5338,11211,3565,3539,7104,6738,6780,13518,7004,7207,14211,5370,5678,11048,4042,4316,8358,3136,3160,6296,2600,2903,5503,1829,3289,5118,566,1702,2268,40723,43912,84635
2020-09-18,5932,5394,11326,3596,3589,7185,6819,6873,13692,7091,7322,14413,5433,5754,11187,4092,4374,8466,3171,3209,6380,2636,2932,5568,1841,3314,5155,570,1716,2286,41181,44477,85658
2020-09-19,5953,5437,11390,3620,3625,7245,6863,6914,13777,7144,7380,14524,5467,5784,11251,4121,4405,8526,3206,3241,6447,2653,2954,5607,1856,3334,5190,574,1724,2298,41457,44798,86255
2020-09-20,5986,5472,11458,3650,3658,7308,6906,6954,13860,7195,7418,14613,5501,5825,11326,4140,4440,8580,3222,3263,6485,2672,2974,5646,1861,3350,5211,577,1731,2308,41710,45085,86795
2020-09-21,6042,5516,11558,3687,3707,7394,6981,7027,14008,7276,7513,14789,5557,5901,11458,4189,4486,8675,3262,3312,6574,2702,3004,5706,1875,3369,5244,578,1743,2321,42149,45578,87727
2020-09-22,6106,5573,11679,3736,3757,7493,7061,7122,14183,7357,7596,14953,5630,5964,11594,4246,4543,8789,3309,3347,6656,2732,3041,5773,1888,3405,5293,581,1757,2338,42646,46105,88751
2020-09-23,6163,5618,11781,3773,3793,7566,7122,7212,14334,7429,7696,15125,5684,6026,11710,4292,4594,8886,3351,3391,6742,2752,3083,5835,1897,3429,5326,584,1766,2350,43047,46608,89655
2020-09-24,6226,5670,11896,3824,3845,7669,7210,7286,14496,7516,7788,15304,5751,6096,11847,4331,4639,8970,3374,3448,6822,2775,3115,5890,1919,3457,5376,591,1788,2379,43517,47132,90649
2020-09-25,6279,5711,11990,3866,3880,7746,7282,7369,14651,7591,7860,15451,5822,6160,11982,4376,4685,9061,3419,3497,6916,2799,3143,5942,1938,3483,5421,591,1799,2390,43963,47587,91550
2020-09-26,6307,5741,12048,3894,3906,7800,7325,7405,14730,7647,7909,15556,5861,6202,12063,4407,4730,9137,3447,3521,6968,2820,3157,5977,1946,3498,5444,595,1807,2402,44249,47876,92125
2020-09-27,6341,5777,12118,3914,3933,7847,7368,7458,14826,7693,7958,15651,5905,6245,12150,4434,4763,9197,3470,3544,7014,2827,3175,6002,1955,3512,5467,597,1813,2410,44504,48178,92682
2020-09-28,6396,5824,12220,3951,3960,7911,7422,7523,14945,7773,8036,15809,5984,6299,12283,4498,4825,9323,3517,3575,7092,2850,3203,6053,1971,3535,5506,601,1829,2430,44963,48609,93572
2020-09-29,6457,5879,12336,3999,4016,8015,7512,7600,15112,7879,8138,16017,6059,6365,12424,4549,4868,9417,3561,3622,7183,2880,3257,6137,1995,3572,5567,602,1853,2455,45493,49170,94663
2020-09-30,6518,5937,12455,4036,4058,8094,7594,7694,15288,7955,8218,16173,6122,6427,12549,4604,4928,9532,3602,3675,7277,2909,3289,6198,2009,3598,5607,605,1862,2467,45954,49686,95640
2020-10-01,6576,6011,12587,4078,4123,8201,7680,7798,15478,8048,8316,16364,6183,6496,12679,4652,4982,9634,3646,3725,7371,2941,3335,6276,2019,3615,5634,608,1873,2481,46431,50274,96705
2020-10-02,6653,6073,12726,4120,4168,8288,7755,7887,15642,8123,8409,16532,6238,6571,12809,4702,5026,9728,3691,3769,7460,2971,3377,6348,2031,3653,5684,613,1887,2500,46897,50820,97717
2020-10-03,6689,6111,12800,4148,4209,8357,7811,7939,15750,8180,8465,16645,6282,6616,12898,4744,5053,9797,3719,3800,7519,2993,3398,6391,2039,3676,5715,617,1892,2509,47222,51159,98381
2020-10-04,6729,6149,12878,4175,4235,8410,7866,7999,15865,8219,8512,16731,6322,6659,12981,4769,5080,9849,3742,3820,7562,3010,3416,6426,2048,3699,5747,618,1895,2513,47498,51464,98962
2020-10-05,6766,6198,12964,4212,4266,8478,7945,8070,16015,8321,8605,16926,6406,6727,13133,4828,5141,9969,3809,3865,7674,3045,3466,6511,2068,3730,5798,621,1902,2523,48021,51970,99991
2020-10-06,6811,6262,13073,4253,4314,8567,8018,8139,16157,8405,8689,17094,6491,6787,13278,4886,5199,10085,3852,3912,7764,3078,3504,6582,2086,3758,5844,627,1911,2538,48507,52475,100982
2020-10-07,6875,6304,13179,4287,4349,8636,8098,8224,16322,8499,8786,17285,6560,6862,13422,4934,5272,10206,3900,3958,7858,3106,3542,6648,2102,3784,5886,630,1918,2548,48991,52999,101990
2020-10-08,6936,6346,13282,4327,4388,8715,8164,8306,16470,8571,8872,17443,6629,6927,13556,4983,5326,10309,3942,3996,7938,3143,3578,6721,2113,3813,5926,634,1937,2571,49442,53489,102931
2020-10-09,6984,6407,13391,4378,4433,8811,8217,8401,16618,8659,8977,17636,6683,7000,13683,5026,5388,10414,3976,4040,8016,3172,3615,6787,2123,3836,5959,638,1953,2591,49856,54050,103906
2020-10-10,7009,6450,13459,4408,4457,8865,8272,8454,16726,8716,9031,17747,6727,7046,13773,5063,5435,10498,4005,4071,8076,3185,3640,6825,2139,3857,5996,644,1963,2607,50168,54404,104572
2020-10-11,7054,6485,13539,4434,4479,8913,8304,8512,16816,8761,9102,17863,6764,7086,13850,5100,5466,10566,4038,4095,8133,3201,3661,6862,2150,3875,6025,645,1969,2614,50451,54730,105181
2020-10-12,7093,6520,13613,4475,4509,8984,8355,8575,16930,8824,9161,17985,6801,7136,13937,5132,5516,10648,4081,4132,8213,3221,3692,6913,2165,3898,6063,645,1978,2623,50792,55117,105909
2020-10-13,7154,6579,13733,4523,4541,9064,8436,8654,17090,8909,9262,18171,6861,7209,14070,5199,5584,10783,4128,4180,8308,3255,3739,6994,2183,3936,6119,649,1991,2640,51297,55675,106972
2020-10-14,7204,6632,13836,4560,4583,9143,8513,8743,17256,8984,9343,18327,6913,7272,14185,5240,5635,10875,4173,4217,8390,3288,3781,7069,2200,3957,6157,649,2005,2654,51724,56168,107892
2020-10-15,7260,6680,13940,4598,4624,9222,8594,8826,17420,9078,9422,18500,6995,7348,14343,5302,5692,10994,4222,4268,8490,3315,3814,7129,2215,3985,6200,655,2015,2670,52234,56674,108908
2020-10-16,7329,6727,14056,4647,4679,9326,8705,8948,17653,9180,9502,18682,7067,7437,14504,5359,5758,11117,4270,4324,8594,3346,3861,7207,2235,4026,6261,657,2042,2699,52795,57304,110099
2020-10-17,7367,6763,14130,4680,4710,9390,8771,9004,17775,9245,9577,18822,7114,7486,14600,5391,5794,11185,4305,4362,8667,3378,3885,7263,2246,4048,6294,660,2049,2709,53157,57678,110835
2020-10-18,7399,6795,14194,4703,4726,9429,8798,9038,17836,9294,9644,18938,7138,7519,14657,5429,5812,11241,4327,4381,8708,3390,3903,7293,2254,4064,6318,661,2054,2715,53393,57936,111329
2020-10-19,7483,6855,14338,4747,4778,9525,8887,9139,18026,9396,9771,19167,7224,7637,14861,5492,5882,11374,4386,4432,8818,3427,3959,7386,2268,4098,6366,662,2063,2725,53972,58614,112586
2020-10-20,7548,6924,14472,4809,4826,9635,8990,9233,18223,9482,9865,19347,7312,7745,15057,5554,5943,11497,4440,4477,8917,3458,4004,7462,2292,4134,6426,662,2078,2740,54547,59229,113776
2020-10-21,7592,6964,14556,4872,4871,9743,9073,9328,18401,9555,9950,19505,7375,7815,15190,5610,5988,11598,4486,4520,9006,3487,4035,7522,2309,4166,6475,664,2082,2746,55023,59719,114742
2020-10-22,7637,7010,14647,4933,4932,9865,9140,9406,18546,9616,10036,19652,7444,7877,15321,5659,6039,11698,4510,4568,9078,3508,4070,7578,2323,4191,6514,667,2090,2757,55437,60219,115656
2020-10-23,7683,7049,14732,4970,4962,9932,9190,9464,18654,9671,10101,19772,7488,7946,15434,5699,6080,11779,4546,4611,9157,3542,4098,7640,2336,4210,6546,671,2105,2776,55796,60626,116422
2020-10-24,7712,7075,14787,4989,4983,9972,9237,9493,18730,9709,10146,19855,7520,7985,15505,5721,6113,11834,4566,4641,9207,3565,4121,7686,2343,4232,6575,673,2115,2788,56035,60904,116939
2020-10-25,7754,7104,14858,5010,5013,10023,9283,9540,18823,9745,10221,19966,7563,8023,15586,5745,6161,11906,4586,4670,9256,3585,4144,7729,2348,4245,6593,675,2117,2792,56294,61238,117532
2020-10-26,7808,7148,14956,5063,5060,10123,9348,9604,18952,9824,10310,20134,7612,8100,15712,5798,6225,12023,4627,4711,9338,3620,4181,7801,2359,4271,6630,676,2126,2802,56735,61736,118471
2020-10-27,7859,7202,15061,5102,5093,10195,9437,9691,19128,9894,10396,20290,7689,8171,15860,5853,6296,12149,4677,4772,9449,3650,4225,7875,2374,4298,6672,679,2132,2811,57214,62276,119490
2020-10-28,7909,7256,15165,5143,5134,10277,9505,9765,19270,9975,10488,20463,7736,8243,15979,5912,6358,12270,4719,4810,9529,3671,4257,7928,2385,4324,6709,682,2143,2825,57637,62778,120415
2020-10-29,7951,7296,15247,5179,5169,10348,9594,9845,19439,10061,10570,20631,7784,8319,16103,5955,6408,12363,4759,4852,9611,3692,4284,7976,2396,4348,6744,683,2150,2833,58054,63241,121295
2020-10-30,7997,7328,15325,5202,5209,10411,9648,9919,19567,10129,10649,20778,7844,8390,16234,5993,6461,12454,4800,4906,9706,3715,4315,8030,2415,4372,6787,687,2164,2851,58430,63713,122143
2020-10-31,8031,7353,15384,5221,5225,10446,9687,9952,19639,10168,10715,20883,7877,8432,16309,6021,6491,12512,4829,4946,9775,3736,4343,8079,2423,4387,6810,689,2173,2862,58682,64017,122699
2020-11-01,8084,7396,15480,5247,5259,10506,9742,10015,19757,10215,10774,20989,7921,8471,16392,6050,6531,12581,4851,4990,9841,3756,4365,8121,2430,4405,6835,692,2177,2869,58988,64383,123371
2020-11-02,8131,7453,15584,5287,5303,10590,9812,10097,19909,10296,10851,21147,7992,8543,16535,6095,6578,12673,4894,5041,9935,3791,4401,8192,2443,4423,6866,693,2187,2880,59434,64877,124311
2020-11-03,8166,7491,15657,5307,5338,10645,9864,10175,20039,10360,10916,21276,8044,8585,16629,6135,6616,12751,4930,5075,10005,3824,4434,8258,2460,4452,6912,694,2199,2893,59784,65281,125065
2020-11-04,8214,7538,15752,5344,5376,10720,9962,10266,20228,10438,11008,21446,8126,8664,16790,6197,6675,12872,4988,5133,10121,3860,4469,8329,2481,4486,6967,700,2212,2912,60310,65827,126137
2020-11-05,8277,7590,15867,5415,5434,10849,10074,10366,20440,10547,11100,21647,8212,8750,16962,6261,6745,13006,5030,5192,10222,3894,4504,8398,2498,4510,7008,704,2222,2926,60912,66413,127325
2020-11-06,8309,7633,15942,5450,5475,10925,10137,10420,20557,10593,11173,21766,8257,8791,17048,6304,6796,13100,5063,5241,10304,3927,4549,8476,2514,4540,7054,707,2229,2936,61261,66847,128108
2020-11-07,8347,7672,16019,5474,5506,10980,10183,10473,20656,10631,11233,21864,8306,8844,17150,6344,6843,13187,5107,5289,10396,3961,4577,8538,2534,4558,7092,714,2235,2949,61601,67230,128831
2020-11-08,8395,7727,16122,5495,5542,11037,10241,10533,20774,10686,11312,21998,8354,8895,17249,6380,6888,13268,5140,5334,10474,3982,4604,8586,2543,4573,7116,716,2240,2956,61932,67648,129580
2020-11-09,8469,7789,16258,5557,5583,11140,10308,10626,20934,10778,11419,22197,8432,8975,17407,6442,6953,13395,5189,5385,10574,4007,4648,8655,2569,4606,7175,720,2250,2970,62471,68234,130705
2020-11-10,8512,7828,16340,5599,5626,11225,10382,10685,21067,10861,11503,22364,8482,9026,17508,6487,6995,13482,5247,5429,10676,4034,4680,8714,2591,4632,7223,725,2262,2987,62920,68666,131586
2020-11-11,8573,7875,16448,5636,5671,11307,10467,10779,21246,10941,11578,22519,8556,9102,17658,6558,7056,13614,5282,5470,10752,4067,4716,8783,2611,4667,7278,730,2279,3009,63421,69193,132614
2020-11-12,8637,7929,16566,5674,5710,11384,10551,10869,21420,11050,11673,22723,8637,9182,17819,6616,7112,13728,5332,5528,10860,4100,4764,8864,2630,4703,7333,733,2290,3023,63960,69760,133720
2020-11-13,8695,7967,16662,5719,5754,11473,10639,10970,21609,11115,11762,22877,8702,9252,17954,6662,7165,13827,5387,5588,10975,4135,4809,8944,2650,4742,7392,738,2303,3041,64442,70312,134754
2020-11-14,8758,8023,16781,5749,5780,11529,10682,11026,21708,11183,11825,23008,8747,9306,18053,6701,7207,13908,5428,5613,11041,4159,4849,9008,2662,4762,7424,742,2306,3048,64811,70697,135508
2020-11-15,8816,8084,16900,5794,5806,11600,10741,11094,21835,11251,11885,23136,8800,9360,18160,6751,7256,14007,5477,5655,11132,4184,4884,9068,2672,4786,7458,742,2317,3059,65228,71127,136355
2020-11-16,8872,8142,17014,5852,5851,11703,10801,11153,21954,11328,11977,23305,8873,9424,18297,6788,7311,14099,5523,5695,11218,4215,4927,9142,2687,4811,7498,745,2330,3075,65684,71621,137305
2020-11-17,8931,8208,17139,5903,5896,11799,10890,11259,22149,11430,12085,23515,8951,9510,18461,6846,7377,14223,5587,5769,11356,4258,4979,9237,2706,4852,7558,750,2345,3095,66252,72280,138532
2020-11-18,8986,8262,17248,5967,5938,11905,10977,11350,22327,11532,12198,23730,9012,9584,18596,6898,7430,14328,5632,5814,11446,4304,5020,9324,2719,4893,7612,752,2350,3102,66779,72839,139618
2020-11-19,9049,8317,17366,6026,5990,12016,11066,11464,22530,11619,12302,23921,9082,9671,18753,6954,7489,14443,5671,5869,11540,4340,5052,9392,2741,4929,7670,755,2357,3112,67303,73440,140743
2020-11-20,9107,8367,17474,6066,6041,12107,11145,11547,22692,11701,12390,24091,9146,9757,18903,7001,7545,14546,5721,5910,11631,4370,5083,9453,2759,4958,7717,759,2370,3129,67775,73968,141743
2020-11-21,9152,8415,17567,6094,6081,12175,11197,11608,22805,11767,12447,24214,9196,9811,19007,7036,7590,14626,5757,5950,11707,4393,5104,9497,2769,4975,7744,762,2380,3142,68123,74361,142484
2020-11-22,9194,8449,17643,6123,6112,12235,11251,11654,22905,11816,12508,24324,9245,9854,19099,7067,7619,14686,5784,5991,11775,4415,5121,9536,2781,4995,7776,764,2389,3153,68440,74692,143132
2020-11-23,9249,8501,17750,6155,6153,12308,11307,11728,23035,11886,12570,24456,9298,9919,19217,7105,7665,14770,5820,6035,11855,4444,5152,9596,2799,5023,7822,768,2401,3169,68831,75147,143978
2020-11-24,9301,8567,17868,6206,6203,12409,11386,11824,23210,11992,12658,24650,9371,9984,19355,7165,7726,14891,5871,6091,11962,4485,5196,9681,2825,5056,7881,769,2409,3178,69371,75714,145085
2020-11-25,9364,8626,17990,6260,6253,12513,11476,11925,23401,12077,12754,24831,9438,10050,19488,7222,7771,14993,5921,6132,12053,4508,5241,9749,2844,5087,7931,775,2419,3194,69885,76258,146143
2020-11-26,9421,8686,18107,6318,6308,12626,11555,12017,23572,12171,12866,25037,9500,10125,19625,7280,7826,15106,5973,6182,12155,4544,5287,9831,2855,5115,7970,784,2429,3213,70401,76841,147242
2020-11-27,9468,8732,18200,6358,6343,12701,11635,12124,23759,12236,12951,25187,9557,10165,19722,7331,7878,15209,6012,6218,12230,4572,5322,9894,2869,5151,8020,788,2432,3220,70826,77316,148142
2020-11-28,9526,8767,18293,6396,6370,12766,11697,12192,23889,12282,13023,25305,9601,10224,19825,7383,7918,15301,6033,6247,12280,4595,5356,9951,2882,5174,8056,789,2439,3228,71184,77710,148894
2020-11-29,9583,8811,18394,6423,6405,12828,11763,12271,24034,12343,13107,25450,9663,10276,19939,7421,7964,15385,6081,6301,12382,4617,5389,10006,2897,5190,8087,790,2444,3234,71581,78158,149739
2020-11-30,9658,8873,18531,6488,6451,12939,11871,12389,24260,12448,13208,25656,9752,10368,20120,7484,8031,15515,6149,6371,12520,4675,5433,10108,2916,5221,8137,793,2453,3246,72234,78798,151032
2020-12-01,9701,8936,18637,6534,6507,13041,11974,12489,24463,12539,13318,25857,9828,10456,20284,7518,8082,15600,6213,6448,12661,4720,5481,10201,2944,5249,8193,797,2458,3255,72768,79424,152192
2020-12-02,9737,8968,18705,6570,6544,13114,12036,12567,24603,12599,13394,25993,9890,10518,20408,7553,8121,15674,6250,6480,12730,4749,5515,10264,2962,5267,8229,799,2466,3265,73145,79840,152985
2020-12-03,9782,9015,18797,6625,6590,13215,12128,12680,24808,12698,13511,26209,9968,10611,20579,7607,8175,15782,6308,6538,12846,4789,5552,10341,2976,5291,8267,801,2473,3274,73682,80436,154118
2020-12-04,9838,9067,18905,6679,6638,13317,12209,12763,24972,12784,13604,26388,10042,10697,20739,7667,8252,15919,6365,6613,12978,4838,5590,10428,2993,5324,8317,807,2483,3290,74222,81031,155253
2020-12-05,9884,9118,19002,6721,6679,13400,12287,12823,25110,12869,13680,26549,10097,10746,20843,7707,8291,15998,6399,6653,13052,4864,5614,10478,3001,5345,8346,812,2490,3302,74641,81439,156080
2020-12-06,9925,9167,19092,6754,6709,13463,12340,12879,25219,12920,13737,26657,10141,10801,20942,7735,8328,16063,6432,6694,13126,4890,5639,10529,3017,5362,8379,813,2495,3308,74967,81811,156778
2020-12-07,9959,9215,19174,6802,6746,13548,12420,12950,25370,12998,13809,26807,10189,10873,21062,7768,8366,16134,6463,6727,13190,4917,5669,10586,3032,5383,8415,815,2503,3318,75363,82241,157604
2020-12-08,10002,9260,19262,6830,6784,13614,12493,13031,25524,13062,13881,26943,10242,10921,21163,7813,8409,16222,6506,6769,13275,4936,5710,10646,3039,5403,8442,819,2509,3328,75742,82677,158419
2020-12-09,10060,9312,19372,6872,6828,13700,12598,13160,25758,13158,13990,27148,10326,11004,21330,7886,8491,16377,6579,6842,13421,4977,5766,10743,3059,5441,8500,821,2526,3347,76336,83360,159696
2020-12-10,10123,9359,19482,6931,6903,13834,12716,13284,26000,13273,14137,27410,10406,11111,21517,7965,8581,16546,6648,6911,13559,5014,5809,10823,3077,5489,8566,826,2536,3362,76979,84120,161099
2020-12-11,10182,9424,19606,6987,6958,13945,12837,13417,26254,13402,14256,27658,10499,11207,21706,8037,8676,16713,6720,7000,13720,5061,5867,10928,3096,5519,8615,828,2544,3372,77649,84868,162517
2020-12-12,10241,9475,19716,7035,7009,14044,12938,13523,26461,13500,14374,27874,10589,11303,21892,8106,8757,16863,6770,7081,13851,5095,5909,11004,3109,5544,8653,830,2553,3383,78213,85528,163741
2020-12-13,10298,9513,19811,7083,7062,14145,13011,13618,26629,13595,14478,28073,10658,11382,22040,8167,8832,16999,6821,7126,13947,5123,5936,11059,3125,5565,8690,836,2557,3393,78717,86069,164786
2020-12-14,10375,9566,19941,7140,7117,14257,13139,13751,26890,13732,14619,28351,10760,11494,22254,8250,8926,17176,6904,7208,14112,5176,5996,11172,3148,5593,8741,846,2570,3416,79470,86840,166310
2020-12-15,10432,9618,20050,7197,7177,14374,13245,13880,27125,13869,14744,28613,10858,11587,22445,8332,9025,17357,6987,7287,14274,5215,6042,11257,3160,5618,8778,849,2581,3430,80144,87559,167703
2020-12-16,10471,9674,20145,7276,7266,14542,13385,14037,27422,14021,14922,28943,10987,11720,22707,8429,9124,17553,7067,7374,14441,5263,6102,11365,3182,5642,8824,853,2591,3444,80934,88452,169386
2020-12-17,10540,9745,20285,7353,7347,14700,13518,14222,27740,14210,15139,29349,11135,11872,23007,8557,9232,17789,7131,7455,14586,5310,6147,11457,3194,5666,8860,855,2599,3454,81803,89424,171227
2020-12-18,10621,9807,20428,7437,7443,14880,13692,14420,28112,14402,15356,29758,11299,12037,23336,8690,9369,18059,7271,7574,14845,5378,6221,11599,3209,5707,8916,859,2606,3465,82858,90540,173398
2020-12-19,10686,9862,20548,7515,7512,15027,13816,14583,28399,14611,15570,30181,11431,12183,23614,8788,9464,18252,7355,7682,15037,5426,6281,11707,3222,5735,8957,862,2612,3474,83712,91484,175196
2020-12-20,10741,9931,20672,7594,7607,15201,13974,14734,28708,14815,15777,30592,11587,12352,23939,8918,9609,18527,7433,7778,15211,5477,6332,11809,3235,5750,8985,866,2619,3485,84640,92489,177129
2020-12-21,10820,10014,20834,7676,7688,15364,14167,14921,29088,15055,16049,31104,11764,12524,24288,9040,9764,18804,7571,7899,15470,5546,6404,11950,3248,5795,9043,871,2626,3497,85758,93684,179442
2020-12-22,10905,10102,21007,7792,7810,15602,14387,15155,29542,15308,16334,31642,11944,12712,24656,9189,9920,19109,7695,8037,15732,5615,6463,12078,3264,5824,9088,875,2632,3507,86974,94989,181963
2020-12-23,11005,10186,21191,7906,7927,15833,14624,15413,30037,15605,16616,32221,12154,12930,25084,9326,10060,19386,7800,8176,15976,5674,6528,12202,3291,5863,9154,882,2646,3528,88267,96345,184612
2020-12-24,11055,10235,21290,7961,7996,15957,14777,15551,30328,15787,16780,32567,12283,13043,25326,9389,10144,19533,7852,8254,16106,5719,6555,12274,3296,5881,9177,883,2650,3533,89002,97089,186091
2020-12-25,11085,10255,21340,7985,8022,16007,14817,15588,30405,15830,16843,32673,12322,13073,25395,9419,10177,19596,7870,8275,16145,5733,6565,12298,3301,5899,9200,888,2654,3542,89250,97351,186601
2020-12-26,11160,10316,21476,8094,8151,16245,14994,15810,30804,16082,17108,33190,12494,13254,25748,9559,10311,19870,7958,8384,16342,5788,6630,12418,3321,5934,9255,889,2665,3554,90339,98563,188902
2020-12-27,11209,10358,21567,8238,8273,16511,15179,16001,31180,16341,17361,33702,12705,13462,26167,9697,10479,20176,8069,8496,16565,5842,6706,12548,3342,5965,9307,892,2676,3568,91514,99777,191291
2020-12-28,11311,10443,21754,8420,8467,16887,15469,16312,31781,16707,17729,34436,12989,13739,26728,9888,10704,20592,8205,8665,16870,5916,6802,12718,3373,6014,9387,894,2696,3590,93172,101571,194743
2020-12-29,11391,10523,21914,8598,8655,17253,15771,16629,32400,17026,18070,35096,13259,14037,27296,10071,10889,20960,8349,8823,17172,5997,6900,12897,3398,6069,9467,901,2712,3613,94761,103307,198068
2020-12-30,11478,10591,22069,8802,8883,17685,16084,16967,33051,17412,18439,35851,13517,14338,27855,10259,11128,21387,8498,8982,17480,6075,6988,13063,3422,6115,9537,904,2725,3629,96451,105156,201607
2020-12-31,11543,10651,22194,8958,9031,17989,16323,17206,33529,17657,18722,36379,13710,14566,28276,10396,11276,21672,8568,9067,17635,6116,7041,13157,3441,6142,9583,904,2733,3637,97616,106435,204051
2021-01-01,11576,10672,22248,8996,9071,18067,16377,17283,33660,17726,18799,36525,13761,14625,28386,10440,11329,21769,8596,9091,17687,6135,7064,13199,3447,6158,9605,905,2737,3642,97959,106829,204788
2021-01-02,11650,10733,22383,9145,9230,18375,16594,17530,34124,18003,19095,37098,13961,14853,28814,10598,11508,22106,8751,9254,18005,6207,7150,13357,3465,6192,9657,910,2746,3656,99284,108291,207575
2021-01-03,11703,10796,22499,9385,9480,18865,16997,18017,35014,18505,19601,38106,14323,15269,29592,10847,11815,22662,8960,9491,18451,6296,7269,13565,3495,6235,9730,913,2756,3669,101424,110729,212153
2021-01-04,11791,10880,22671,9639,9742,19381,17624,18753,36377,19215,20371,39586,14823,15807,30630,11171,12221,23392,9198,9748,18946,6428,7396,13824,3537,6313,9850,918,2769,3687,104344,114000,218344
2021-01-05,11872,10971,22843,9937,10049,19986,18288,19519,37807,19909,21129,41038,15331,16387,31718,11530,12610,24140,9449,10092,19541,6552,7538,14090,3577,6387,9964,926,2781,3707,107371,117463,224834
2021-01-06,11970,11051,23021,10270,10381,20651,18947,20214,39161,20583,21840,42423,15864,16925,32789,11926,13038,24964,9724,10402,20126,6683,7696,14379,3611,6460,10071,930,2801,3731,110508,120808,231316
2021-01-07,12055,11128,23183,10521,10663,21184,19462,20779,40241,21141,22431,43572,16269,17341,33610,12203,13373,25576,9939,10667,20606,6780,7829,14609,3648,6522,10170,934,2815,3749,112952,123548,236500
2021-01-08,12143,11212,23355,10791,10954,21745,19976,21348,41324,21622,23023,44645,16617,17828,34445,12472,13699,26171,10115,10889,21004,6877,7957,14834,3684,6565,10249,940,2825,3765,115237,126300,241537
2021-01-09,12202,11280,23482,11022,11226,22248,20396,21865,42261,22145,23623,45768,16990,18257,35247,12736,14020,26756,10279,11124,21403,6954,8057,15011,3712,6618,10330,940,2837,3777,117376,128907,246283
2021-01-10,12272,11354,23626,11311,11543,22854,20829,22388,43217,22610,24200,46810,17362,18691,36053,12988,14310,27298,10445,11298,21743,7011,8152,15163,3729,6661,10390,944,2853,3797,119501,131450,250951
2021-01-11,12365,11418,23783,11607,11874,23481,21436,23082,44518,23256,24912,48168,17781,19199,36980,13305,14681,27986,10641,11543,22184,7106,8256,15362,3762,6723,10485,949,2877,3826,122208,134565,256773
2021-01-12,12475,11486,23961,11874,12180,24054,21923,23680,45603,23707,25482,49189,18158,19628,37786,13588,15051,28639,10849,11739,22588,7192,8360,15552,3798,6762,10560,954,2888,3842,124518,137256,261774
2021-01-13,12594,11593,24187,12172,12533,24705,22504,24320,46824,24215,26085,50300,18604,20105,38709,13900,15412,29312,11080,12017,23097,7285,8467,15752,3822,6819,10641,960,2894,3854,127136,140245,267381
2021-01-14,12684,11686,24370,12489,12906,25395,23008,24946,47954,24731,26693,51424,18978,20584,39562,14205,15787,29992,11284,12256,23540,7369,8569,15938,3845,6864,10709,964,2903,3867,129557,143194,272751
2021-01-15,12791,11773,24564,12989,13441,26430,23605,25697,49302,25535,27566,53101,19569,21268,40837,14663,16306,30969,11521,12554,24075,7472,8699,16171,3871,6919,10790,968,2913,3881,132984,147136,280120
2021-01-16,12849,11822,24671,13574,14024,27598,24145,26389,50534,26198,28376,54574,20231,21996,42227,15124,16759,31883,11788,12855,24643,7611,8830,16441,3898,6962,10860,970,2923,3893,136388,150936,287324
2021-01-17,12912,11864,24776,14038,14558,28596,24683,27112,51795,26854,29148,56002,20906,22750,43656,15553,17209,32762,11999,13087,25086,7700,8932,16632,3918,6994,10912,972,2929,3901,139535,154583,294118
2021-01-18,13003,11951,24954,14610,15143,29753,25397,27915,53312,27660,30028,57688,21666,23553,45219,16093,17774,33867,12330,13455,25785,7847,9086,16933,3960,7068,11028,976,2954,3930,143542,158927,302469
2021-01-19,13105,12031,25136,15156,15710,30866,26055,28689,54744,28446,30876,59322,22368,24340,46708,16574,18325,34899,12654,13820,26474,7983,9253,17236,3987,7129,11116,983,2967,3950,147311,163140,310451
2021-01-20,13202,12117,25319,15677,16238,31915,26650,29383,56033,29165,31632,60797,23006,25014,48020,17054,18862,35916,12991,14176,27167,8141,9434,17575,4024,7181,11205,989,2983,3972,150899,167020,317919
2021-01-21,13318,12199,25517,16039,16685,32724,27223,29976,57199,29728,32239,61967,23468,25583,49051,17382,19337,36719,13247,14430,27677,8250,9556,17806,4067,7244,11311,996,3008,4004,153718,170257,323975
2021-01-22,13401,12288,25689,16438,17082,33520,27682,30553,58235,30183,32827,63010,23922,26111,50033,17700,19706,37406,13476,14683,28159,8349,9677,18026,4093,7295,11388,1002,3014,4016,156246,173236,329482
2021-01-23,13449,12337,25786,16869,17524,34393,28160,31156,59316,30685,33396,64081,24360,26583,50943,18040,20104,38144,13646,14889,28535,8407,9749,18156,4113,7331,11444,1005,3021,4026,158734,176090,334824
2021-01-24,13510,12389,25899,17404,18046,35450,28686,31780,60466,31210,34029,65239,24920,27194,52114,18431,20528,38959,13860,15106,28966,8485,9855,18340,4142,7371,11513,1007,3027,4034,161655,179325,340980
2021-01-25,13597,12489,26086,18036,18660,36696,29434,32598,62032,31924,34842,66766,25549,27908,53457,18862,21047,39909,14128,15399,29527,8616,10004,18620,4180,7441,11621,1015,3045,4060,165341,183433,348774
2021-01-26,13712,12576,26288,18571,19181,37752,30030,33243,63273,32492,35443,67935,26096,28510,54606,19258,21506,40764,14380,15701,30081,8732,10143,18875,4215,7511,11726,1019,3061,4080,168505,186875,355380
2021-01-27,13825,12669,26494,19017,19632,38649,30535,33867,64402,33032,36089,69121,26569,29080,55649,19624,21933,41557,14606,15942,30548,8822,10255,19077,4252,7569,11821,1021,3082,4103,171303,190118,361421
2021-01-28,13910,12753,26663,19395,20047,39442,30996,34394,65390,33496,36617,70113,26947,29547,56494,19928,22297,42225,14826,16189,31015,8939,10387,19326,4287,7619,11906,1026,3099,4125,173750,192949,366699
2021-01-29,13981,12849,26830,19937,20596,40533,31589,35071,66660,34152,37353,71505,27522,30230,57752,20397,22792,43189,15099,16509,31608,9052,10544,19596,4313,7686,11999,1030,3110,4140,177072,196740,373812
2021-01-30,14046,12897,26943,20673,21385,42058,32131,35730,67861,34851,38184,73035,28276,31112,59388,20933,23362,44295,15386,16869,32255,9172,10700,19872,4343,7738,12081,1032,3119,4151,180843,201096,381939
2021-01-31,14104,12953,27057,21788,22568,44356,32866,36563,69429,35732,39226,74958,29397,32439,61836,21670,24156,45826,15707,17220,32927,9287,10848,20135,4371,7789,12160,1034,3133,4167,185956,206895,392851
2021-02-01,14185,13026,27211,22691,23603,46294,33523,37422,70945,36591,40213,76804,30372,33576,63948,22404,24887,47291,16084,17658,33742,9417,11050,20467,4420,7844,12264,1036,3144,4180,190723,212423,403146
2021-02-02,14270,13106,27376,23446,24453,47899,34137,38134,72271,37397,41160,78557,31315,34650,65965,23044,25588,48632,16494,18085,34579,9619,11287,20906,4470,7917,12387,1040,3155,4195,195232,217535,412767
2021-02-03,14331,13195,27526,24052,25040,49092,34702,38826,73528,38082,41941,80023,32013,35448,67461,23547,26210,49757,16865,18485,35350,9788,11493,21281,4510,7993,12503,1045,3170,4215,198935,221801,420736
2021-02-04,14407,13269,27676,24406,25414,49820,35131,39363,74494,38579,42515,81094,32426,36028,68454,23898,26646,50544,17081,18774,35855,9902,11647,21549,4539,8040,12579,1050,3189,4239,201419,224885,426304
2021-02-05,14488,13340,27828,24733,25754,50487,35536,39851,75387,39006,43038,82044,32823,36471,69294,24198,27016,51214,17300,19037,36337,10011,11779,21790,4557,8092,12649,1051,3200,4251,203703,227578,431281
2021-02-06,14540,13383,27923,25097,26181,51278,35913,40302,76215,39434,43623,83057,33257,36985,70242,24546,27420,51966,17496,19257,36753,10102,11890,21992,4581,8137,12718,1052,3207,4259,206018,230385,436403
2021-02-07,14594,13443,28037,25501,26616,52117,36283,40768,77051,39923,44184,84107,33713,37524,71237,24876,27834,52710,17677,19447,37124,10192,11992,22184,4600,8166,12766,1058,3213,4271,208417,233187,441604
2021-02-08,14690,13518,28208,26025,27246,53271,36848,41428,78276,40628,45053,85681,34432,38372,72804,25287,28364,53651,17938,19768,37706,10318,12134,22452,4631,8237,12868,1062,3233,4295,211859,237353,449212
2021-02-09,14785,13578,28363,26474,27738,54212,37345,42030,79375,41291,45787,87078,35012,39092,74104,25707,28860,54567,18230,20087,38317,10459,12288,22747,4671,8307,12978,1067,3249,4316,215041,241016,456057
2021-02-10,14861,13637,28498,26816,28089,54905,37736,42542,80278,41800,46433,88233,35526,39718,75244,26027,29291,55318,18452,20352,38804,10582,12412,22994,4704,8359,13063,1067,3262,4329,217571,244095,461666
2021-02-11,14933,13698,28631,27097,28451,55548,38089,43044,81133,42328,47018,89346,35983,40301,76284,26293,29706,55999,18671,20599,39270,10686,12533,23219,4735,8415,13150,1071,3273,4344,219886,247038,466924
2021-02-12,15012,13766,28778,27438,28829,56267,38464,43470,81934,42857,47644,90501,36462,40898,77360,26599,30118,56717,18883,20872,39755,10788,12658,23446,4768,8470,13238,1074,3288,4362,222345,250013,472358
2021-02-13,15064,13807,28871,27872,29350,57222,38847,43929,82776,43472,48361,91833,37039,41676,78715,26957,30550,57507,19097,21118,40215,10861,12766,23627,4792,8511,13303,1079,3299,4378,225080,253367,478447
2021-02-14,15112,13845,28957,28339,29863,58202,39160,44369,83529,44064,49121,93185,37734,42469,80203,27330,30995,58325,19331,21371,40702,10962,12894,23856,4810,8538,13348,1082,3311,4393,227924,256776,484700
2021-02-15,15153,13905,29058,28933,30501,59434,39627,44967,84594,44809,50023,94832,38578,43442,82020,27825,31540,59365,19574,21661,41235,11056,13033,24089,4835,8604,13439,1084,3323,4407,231474,260999,492473
2021-02-16,15205,13942,29147,29560,31057,60617,40245,45824,86069,45724,51070,96794,39417,44434,83851,28284,32024,60308,19806,21902,41708,11145,13167,24312,4856,8643,13499,1092,3328,4420,235334,265391,500725
2021-02-17,15277,14028,29305,29964,31525,61489,41006,46755,87761,46467,51935,98402,40035,45102,85137,28679,32504,61183,20126,22254,42380,11274,13336,24610,4882,8712,13594,1098,3346,4444,238808,269497,508305
2021-02-18,15352,14093,29445,30306,31931,62237,41598,47471,89069,47154,52724,99878,40560,45750,86310,29095,32943,62038,20384,22566,42950,11414,13500,24914,4917,8769,13686,1102,3360,4462,241882,273107,514989
2021-02-19,15441,14156,29597,30611,32356,62967,42134,48127,90261,47746,53473,101219,41058,46373,87431,29449,33394,62843,20637,22870,43507,11536,13663,25199,4950,8823,13773,1106,3373,4479,244668,276608,521276
2021-02-20,15506,14207,29713,30893,32721,63614,42592,48683,91275,48249,54151,102400,41516,46953,88469,29781,33842,63623,20828,23156,43984,11620,13772,25392,4973,8862,13835,1110,3377,4487,247068,279724,526792
2021-02-21,15581,14251,29832,31182,33071,64253,43022,49272,92294,48810,54810,103620,41968,47522,89490,30084,34222,64306,21049,23412,44461,11701,13883,25584,4998,8897,13895,1116,3387,4503,249511,282727,532238
2021-02-22,15678,14356,30034,31475,33468,64943,43547,49967,93514,49414,55560,104974,42460,48113,90573,30441,34646,65087,21300,23726,45026,11822,14020,25842,5042,8942,13984,1119,3395,4514,252298,286193,538491
2021-02-23,15781,14442,30223,31734,33763,65497,44005,50525,94530,49928,56199,106127,42870,48623,91493,30767,35053,65820,21557,24026,45583,11940,14170,26110,5075,8998,14073,1126,3411,4537,254783,289210,543993
2021-02-24,15865,14550,30415,31997,34054,66051,44388,50985,95373,50395,56716,107111,43206,49055,92261,31044,35387,66431,21780,24275,46055,12051,14296,26347,5104,9044,14148,1129,3420,4549,256959,291782,548741
2021-02-25,15982,14659,30641,32190,34292,66482,44780,51402,96182,50785,57151,107936,43520,49411,92931,31288,35697,66985,21963,24512,46475,12142,14421,26563,5130,9089,14219,1133,3434,4567,258913,294068,552981
2021-02-26,16076,14762,30838,32376,34533,66909,45132,51855,96987,51241,57612,108853,43843,49826,93669,31551,36026,67577,22166,24799,46965,12245,14547,26792,5157,9138,14295,1135,3453,4588,260922,296551,557473
2021-02-27,16142,14826,30968,32591,34833,67424,45484,52346,97830,51720,58174,109894,44159,50236,94395,31860,36413,68273,22414,25094,47508,12348,14677,27025,5182,9192,14374,1137,3461,4598,263037,299252,562289
2021-02-28,16214,14897,31111,32905,35197,68102,45911,52895,98806,52355,58921,111276,44658,50850,95508,32281,36936,69217,22727,25453,48180,12503,14849,27352,5216,9239,14455,1139,3469,4608,265909,302706,568615
2021-03-01,16363,15014,31377,33121,35452,68573,46266,53320,99586,52802,59385,112187,44981,51236,96217,32509,37243,69752,22934,25696,48630,12589,14989,27578,5241,9292,14533,1145,3487,4632,267951,305114,573065
2021-03-02,16523,15148,31671,33353,35697,69050,46629,53729,100358,53182,59844,113026,45295,51594,96889,32745,37578,70323,23098,25930,49028,12681,15073,27754,5278,9345,14623,1148,3495,4643,269932,307433,577365
2021-03-03,16672,15263,31935,33516,35918,69434,46902,54112,101014,53526,60224,113750,45554,51894,97448,32983,37881,70864,23320,26202,49522,12794,15203,27997,5304,9387,14691,1149,3507,4656,271720,309591,581311
2021-03-04,16797,15380,32177,33684,36122,69806,47179,54435,101614,53848,60585,114433,45793,52180,97973,33173,38163,71336,23504,26477,49981,12902,15346,28248,5330,9432,14762,1154,3527,4681,273364,311647,585011
2021-03-05,16923,15489,32412,33870,36326,70196,47456,54823,102279,54192,60980,115172,46022,52451,98473,33398,38450,71848,23705,26698,50403,13000,15464,28464,5357,9479,14836,1154,3535,4689,275077,313695,588772
2021-03-06,17004,15561,32565,33999,36473,70472,47708,55108,102816,54486,61307,115793,46233,52713,98946,33564,38676,72240,23836,26854,50690,13065,15555,28620,5382,9508,14890,1156,3543,4699,276433,315298,591731
2021-03-07,17088,15639,32727,34136,36633,70769,47960,55436,103396,54811,61671,116482,46404,52997,99401,33750,38954,72704,24023,27068,51091,13137,15647,28784,5404,9548,14952,1160,3547,4707,277873,317140,595013
2021-03-08,17248,15785,33033,34312,36870,71182,48257,55850,104107,55181,62106,117287,46708,53317,100025,34013,39298,73311,24277,27325,51602,13247,15768,29015,5429,9596,15025,1164,3560,4724,279836,319475,599311
2021-03-09,17428,15960,33388,34501,37059,71560,48572,56187,104759,55565,62523,118088,47003,53646,100649,34268,39623,73891,24511,27666,52177,13387,15911,29298,5458,9646,15104,1168,3571,4739,281861,321792,603653
2021-03-10,17631,16136,33767,34701,37273,71974,48854,56510,105364,55948,62940,118888,47245,53953,101198,34497,39924,74421,24730,27911,52641,13495,16050,29545,5490,9699,15189,1171,3582,4753,283762,323978,607740
2021-03-11,17791,16312,34103,34854,37454,72308,49100,56851,105951,56220,63276,119496,47439,54203,101642,34664,40148,74812,24873,28127,53000,13588,16151,29739,5518,9735,15253,1174,3598,4772,285221,325855,611076
2021-03-12,17999,16504,34503,35039,37680,72719,49372,57205,106577,56565,63695,120260,47695,54516,102211,34862,40440,75302,25067,28391,53458,13690,16270,29960,5547,9787,15334,1177,3610,4787,287013,328098,615111
2021-03-13,18129,16617,34746,35171,37844,73015,49657,57535,107192,56905,64065,120970,47925,54772,102697,35052,40718,75770,25272,28625,53897,13768,16364,30132,5564,9829,15393,1181,3613,4794,288624,329982,618606
2021-03-14,18247,16771,35018,35312,38007,73319,49886,57907,107793,57267,64484,121751,48155,55066,103221,35304,41015,76319,25483,28901,54384,13858,16484,30342,5585,9870,15455,1186,3623,4809,290283,332128,622411
2021-03-15,18490,16985,35475,35530,38228,73758,50203,58364,108567,57669,64951,122620,48464,55444,103908,35583,41371,76954,25738,29179,54917,13970,16658,30628,5609,9923,15532,1190,3636,4826,292446,334739,627185
2021-03-16,18716,17206,35922,35719,38464,74183,50477,58728,109205,58052,65376,123428,48727,55728,104455,35828,41677,77505,25948,29454,55402,14068,16788,30856,5632,9981,15613,1196,3653,4849,294363,337055,631418
2021-03-17,18885,17361,36246,35906,38674,74580,50751,59075,109826,58349,65718,124067,48953,55998,104951,36039,41940,77979,26150,29698,55848,14152,16913,31065,5658,10027,15685,1199,3666,4865,296042,339070,635112
2021-03-18,19048,17509,36557,36056,38852,74908,50999,59382,110381,58638,66022,124660,49165,56233,105398,36201,42171,78372,26313,29893,56206,14243,17019,31262,5673,10066,15739,1203,3674,4877,297539,340821,638360
2021-03-19,19220,17683,36903,36270,39063,75333,51254,59731,110985,58934,66375,125309,49384,56495,105879,36377,42415,78792,26476,30107,56583,14326,17109,31435,5695,10099,15794,1208,3683,4891,299144,342760,641904
2021-03-20,19301,17766,37067,36407,39222,75629,51471,59991,111462,59196,66687,125883,49588,56733,106321,36553,42629,79182,26626,30267,56893,14408,17190,31598,5712,10130,15842,1217,3689,4906,300479,344304,644783
2021-03-21,19421,17874,37295,36527,39362,75889,51715,60263,111978,59507,67008,126515,49772,56961,106733,36734,42871,79605,26767,30461,57228,14463,17271,31734,5732,10162,15894,1220,3699,4919,301858,345932,647790
2021-03-22,19610,18072,37682,36748,39551,76299,52009,60640,112649,59867,67406,127273,50033,57254,107287,36977,43191,80168,26952,30692,57644,14558,17394,31952,5759,10226,15985,1224,3723,4947,303737,348149,651886
2021-03-23,19790,18247,38037,36946,39769,76715,52280,60967,113247,60179,67773,127952,50279,57497,107776,37181,43430,80611,27162,30948,58110,14670,17522,32192,5786,10256,16042,1225,3738,4963,305498,350147,655645
2021-03-24,19914,18370,38284,37111,39930,77041,52477,61205,113682,60439,68083,128522,50442,57729,108171,37329,43629,80958,27278,31088,58366,14732,17616,32348,5800,10297,16097,1226,3744,4970,306748,351691,658439
2021-03-25,20058,18515,38573,37287,40147,77434,52705,61536,114241,60746,68410,129156,50688,58030,108718,37512,43848,81360,27424,31274,58698,14817,17713,32530,5827,10335,16162,1230,3747,4977,308294,353555,661849
2021-03-26,20245,18682,38927,37497,40386,77883,52973,61881,114854,61080,68781,129861,50908,58345,109253,37683,44093,81776,27573,31479,59052,14904,17822,32726,5857,10371,16228,1233,3760,4993,309953,355600,665553
2021-03-27,20377,18797,39174,37618,40530,78148,53214,62138,115352,61384,69121,130505,51119,58606,109725,37859,44335,82194,27742,31664,59406,14970,17918,32888,5876,10411,16287,1238,3766,5004,311397,357286,668683
2021-03-28,20482,18884,39366,37734,40693,78427,53410,62395,115805,61666,69474,131140,51346,58848,110194,38025,44579,82604,27880,31842,59722,15023,17977,33000,5895,10440,16335,1241,3774,5015,312702,358906,671608
2021-03-29,20658,19051,39709,37974,40895,78869,53668,62733,116401,61997,69841,131838,51592,59159,110751,38246,44836,83082,28030,32061,60091,15086,18042,33128,5914,10480,16394,1242,3782,5024,314407,360880,675287
2021-03-30,20824,19197,40021,38170,41107,79277,53884,63024,116908,62286,70179,132465,51803,59430,111233,38431,45051,83482,28175,32247,60422,15140,18124,33264,5936,10512,16448,1247,3789,5036,315896,362660,678556
2021-03-31,20963,19323,40286,38326,41249,79575,54134,63318,117452,62579,70528,133107,51989,59699,111688,38569,45250,83819,28257,32365,60622,15175,18176,33351,5957,10538,16495,1248,3800,5048,317197,364246,681443
2021-04-01,21072,19455,40527,38498,41429,79927,54401,63629,118030,62882,70855,133737,52196,59964,112160,38729,45466,84195,28382,32522,60904,15234,18259,33493,5972,10560,16532,1252,3811,5063,318618,365950,684568
2021-04-02,21201,19551,40752,38659,41619,80278,54634,63907,118541,63171,71149,134320,52406,60198,112604,38884,45688,84572,28497,32641,61138,15286,18309,33595,5991,10577,16568,1254,3818,5072,319983,367457,687440
2021-04-03,21303,19656,40959,38808,41814,80622,54889,64176,119065,63458,71477,134935,52613,60484,113097,39052,45891,84943,28626,32777,61403,15334,18383,33717,6011,10617,16628,1259,3824,5083,321353,369099,690452
2021-04-04,21441,19770,41211,39102,42107,81209,55234,64606,119840,63884,71997,135881,52940,60917,113857,39247,46162,85409,28744,32942,61686,15382,18448,33830,6028,10653,16681,1259,3832,5091,323261,371434,694695
2021-04-05,21605,19956,41561,39485,42513,81998,55680,65160,120840,64388,72543,136931,53342,61424,114766,39505,46495,86000,28904,33144,62048,15458,18536,33994,6049,10694,16743,1263,3844,5107,325679,374309,699988
2021-04-06,21792,20159,41951,39796,42843,82639,56173,65641,121814,64917,73128,138045,53726,61850,115576,39770,46826,86596,29086,33409,62495,15556,18659,34215,6075,10739,16814,1266,3859,5125,328157,377113,705270
2021-04-07,21988,20352,42340,40126,43185,83311,56626,66151,122777,65371,73680,139051,54123,62286,116409,40019,47190,87209,29248,33649,62897,15638,18770,34408,6093,10785,16878,1268,3873,5141,330500,379921,710421
2021-04-08,22174,20519,42693,40375,43463,83838,56987,66618,123605,65797,74209,140006,54443,62639,117082,40238,47494,87732,29399,33847,63246,15705,18878,34583,6118,10826,16944,1270,3886,5156,332506,382379,714885
2021-04-09,22320,20663,42983,40563,43699,84262,57227,66952,124179,66089,74518,140607,54684,62908,117592,40392,47704,88096,29507,33980,63487,15757,18948,34705,6126,10857,16983,1273,3893,5166,333938,384122,718060
2021-04-10,22434,20766,43200,40747,43919,84666,57517,67267,124784,66419,74872,141291,54908,63179,118087,40544,47925,88469,29625,34121,63746,15788,18994,34782,6133,10879,17012,1275,3896,5171,335390,385818,721208
2021-04-11,22528,20872,43400,40917,44108,85025,57717,67502,125219,66686,75201,141887,55142,63425,118567,40695,48114,88809,29738,34243,63981,15819,19038,34857,6146,10905,17051,1277,3901,5178,336665,387309,723974
2021-04-12,22695,21031,43726,41161,44330,85491,58001,67856,125857,67013,75587,142600,55422,63791,119213,40900,48408,89308,29883,34415,64298,15864,19119,34983,6163,10944,17107,1282,3912,5194,338384,389393,727777
2021-04-13,22863,21155,44018,41335,44503,85838,58275,68187,126462,67365,75972,143337,55676,64114,119790,41102,48662,89764,29987,34528,64515,15922,19167,35089,6179,10965,17144,1286,3920,5206,339990,391173,731163
2021-04-14,23019,21275,44294,41498,44647,86145,58450,68396,126846,67570,76208,143778,55827,64315,120142,41221,48840,90061,30132,34660,64792,15972,19247,35219,6202,10991,17193,1289,3926,5215,341180,392505,733685
2021-04-15,23194,21438,44632,41697,44899,86596,58754,68763,127517,67909,76623,144532,56143,64702,120845,41456,49136,90592,30280,34817,65097,16015,19318,35333,6219,11029,17248,1291,3937,5228,342958,394662,737620
2021-04-16,23355,21607,44962,41884,45096,86980,59098,69153,128251,68294,77061,145355,56433,65049,121482,41679,49431,91110,30452,35023,65475,16063,19392,35455,6230,11060,17290,1296,3947,5243,344784,396819,741603
2021-04-17,23504,21724,45228,42054,45263,87317,59344,69435,128779,68638,77394,146032,56680,65355,122035,41864,49652,91516,30572,35168,65740,16114,19469,35583,6248,11112,17360,1301,3955,5256,346319,398527,744846
2021-04-18,23593,21852,45445,42188,45397,87585,59566,69687,129253,68911,77727,146638,56923,65610,122533,42034,49843,91877,30695,35312,66007,16160,19528,35688,6273,11141,17414,1304,3963,5267,347647,400060,747707
2021-04-19,23787,22003,45790,42396,45628,88024,59873,70037,129910,69288,78139,147427,57247,65936,123183,42261,50124,92385,30849,35514,66363,16219,19615,35834,6287,11188,17475,1307,3978,5285,349514,402162,751676
2021-04-20,23970,22198,46168,42576,45809,88385,60135,70368,130503,69580,78500,148080,57509,66250,123759,42469,50364,92833,31017,35727,66744,16284,19697,35981,6319,11217,17536,1311,3985,5296,351170,404115,755285
2021-04-21,24126,22331,46457,42712,45951,88663,60360,70612,130972,69818,78798,148616,57722,66506,124228,42629,50584,93213,31141,35883,67024,16338,19758,36096,6333,11260,17593,1313,3992,5305,352492,405675,758167
2021-04-22,24300,22495,46795,42918,46156,89074,60623,70914,131537,70125,79185,149310,58006,66848,124854,42842,50815,93657,31279,36070,67349,16394,19846,36240,6350,11311,17661,1315,4003,5318,354152,407643,761795
2021-04-23,24454,22652,47106,43109,46351,89460,60893,71232,132125,70460,79578,150038,58292,67179,125471,43058,51090,94148,31421,36254,67675,16459,19923,36382,6378,11340,17718,1320,4009,5329,355844,409608,765452
2021-04-24,24537,22725,47262,43179,46414,89593,60967,71336,132303,70555,79691,150246,58386,67288,125674,43119,51168,94287,31459,36305,67764,16491,19966,36457,6387,11367,17754,1325,4025,5350,356405,410285,766690
2021-04-25,24660,22842,47502,43307,46556,89863,61144,71541,132685,70778,79950,150728,58598,67533,126131,43288,51369,94657,31559,36422,67981,16541,20011,36552,6397,11399,17796,1325,4031,5356,357597,411654,769251
2021-04-26,24850,23015,47865,43489,46760,90249,61404,71823,133227,71068,80281,151349,58861,67852,126713,43512,51623,95135,31697,36589,68286,16623,20121,36744,6411,11439,17850,1329,4041,5370,359244,413544,772788
2021-04-27,25011,23157,48168,43664,46944,90608,61665,72151,133816,71341,80606,151947,59084,68115,127199,43712,51839,95551,31823,36745,68568,16683,20211,36894,6427,11479,17906,1333,4049,5382,360743,415296,776039
2021-04-28,25170,23311,48481,43843,47117,90960,61899,72421,134320,71635,80923,152558,59321,68394,127715,43887,52059,95946,31941,36889,68830,16741,20283,37024,6444,11507,17951,1339,4058,5397,362220,416962,779182
2021-04-29,25371,23478,48849,44071,47325,91396,62172,72759,134931,71999,81322,153321,59633,68761,128394,44121,52346,96467,32087,37093,69180,16836,20395,37231,6475,11564,18039,1341,4075,5416,364106,419118,783224
2021-04-30,25530,23612,49142,44209,47449,91658,62317,72971,135288,72209,81576,153785,59789,68982,128771,44275,52537,96812,32192,37242,69434,16901,20473,37374,6500,11610,18110,1343,4092,5435,365265,420544,785809
2021-05-01,25646,23714,49360,44349,47556,91905,62484,73181,135665,72421,81827,154248,59969,69226,129195,44414,52707,97121,32296,37337,69633,16945,20532,37477,6516,11652,18168,1344,4096,5440,366384,421828,788212
2021-05-02,25758,23813,49571,44456,47664,92120,62627,73350,135977,72634,82075,154709,60128,69455,129583,44551,52866,97417,32395,37489,69884,16995,20604,37599,6536,11680,18216,1347,4111,5458,367427,423107,790534
2021-05-03,25975,24023,49998,44625,47841,92466,62944,73660,136604,72965,82478,155443,60431,69788,130219,44778,53200,97978,32571,37755,70326,17089,20719,37808,6555,11738,18293,1351,4126,5477,369284,425328,794612
2021-05-04,26139,24222,50361,44801,48029,92830,63224,73949,137173,73315,82828,156143,60710,70101,130811,44988,53486,98474,32732,37972,70704,17193,20837,38030,6579,11772,18351,1352,4138,5490,371033,427334,798367
2021-05-05,26337,24397,50734,44949,48184,93133,63489,74262,137751,73623,83156,156779,60985,70392,131377,45178,53717,98895,32879,38120,70999,17266,20923,38189,6612,11823,18435,1359,4149,5508,372677,429123,801800
2021-05-06,26496,24585,51081,45153,48397,93550,63742,74552,138294,73917,83499,157416,61277,70696,131973,45407,53983,99390,33012,38294,71306,17331,21019,38350,6639,11869,18508,1362,4168,5530,374336,431062,805398
2021-05-07,26698,24747,51445,45363,48619,93982,64026,74897,138923,74198,83893,158091,61578,71025,132603,45591,54254,99845,33166,38479,71645,17408,21122,38530,6660,11907,18567,1365,4178,5543,376053,433121,809174
2021-05-08,26813,24850,51663,45452,48701,94153,64192,75082,139274,74396,84099,158495,61711,71179,132890,45713,54409,100122,33236,38562,71798,17443,21165,38608,6677,11932,18609,1366,4189,5555,376999,434168,811167
2021-05-09,26959,24968,51927,45541,48816,94357,64328,75256,139584,74571,84306,158877,61882,71367,133249,45812,54550,100362,33323,38653,71976,17494,21231,38725,6703,11954,18657,1370,4191,5561,377983,435292,813275
2021-05-10,27142,25140,52282,45702,49003,94705,64632,75574,140206,74887,84649,159536,62183,71708,133891,46028,54798,100826,33479,38856,72335,17577,21346,38923,6738,12004,18742,1371,4197,5568,379739,437275,817014
2021-05-11,27319,25283,52602,45857,49158,95015,64859,75807,140666,75158,84906,160064,62399,71948,134347,46202,54989,101191,33616,39017,72633,17660,21444,39104,6759,12037,18796,1375,4203,5578,381204,438792,819996
2021-05-12,27496,25434,52930,46001,49293,95294,65067,76070,141137,75415,85187,160602,62623,72203,134826,46371,55202,101573,33740,39178,72918,17724,21524,39248,6782,12074,18856,1378,4212,5590,382597,440377,822974
2021-05-13,27681,25571,53252,46120,49449,95569,65257,76361,141618,75667,85491,161158,62876,72472,135348,46529,55415,101944,33853,39311,73164,17781,21616,39397,6804,12117,18921,1380,4218,5598,383948,442021,825969
2021-05-14,27883,25781,53664,46287,49660,95947,65565,76692,142257,76033,85924,161957,63173,72843,136016,46749,55696,102445,34000,39507,73507,17851,21714,39565,6838,12158,18996,1384,4225,5609,385763,444200,829963
2021-05-15,28020,25914,53934,46425,49807,96232,65756,76935,142691,76273,86224,162497,63401,73123,136524,46907,55855,102762,34096,39640,73736,17899,21769,39668,6858,12196,19054,1385,4235,5620,387020,445698,832718
2021-05-16,28145,26042,54187,46526,49945,96471,65926,77102,143028,76472,86487,162959,63603,73357,136960,47058,56030,103088,34183,39743,73926,17936,21829,39765,6875,12224,19099,1386,4247,5633,388110,447006,835116
2021-05-17,28408,26312,54720,46765,50193,96958,66288,77528,143816,76917,87010,163927,63967,73828,137795,47361,56393,103754,34372,39978,74350,18053,21977,40030,6918,12294,19212,1389,4262,5651,390438,449775,840213
2021-05-18,28659,26560,55219,47016,50452,97468,66690,77969,144659,77375,87518,164893,64393,74278,138671,47631,56698,104329,34535,40207,74742,18160,22086,40246,6961,12343,19304,1393,4273,5666,392813,452384,845197
2021-05-19,28931,26796,55727,47351,50803,98154,67279,78683,145962,78077,88319,166396,64966,74938,139904,48009,57223,105232,34812,40497,75309,18274,22223,40497,6995,12400,19395,1401,4291,5692,396095,456173,852268
2021-05-20,29239,27095,56334,47752,51234,98986,67969,79500,147469,78851,89165,168016,65577,75700,141277,48425,57772,106197,35089,40794,75883,18386,22375,40761,7036,12461,19497,1403,4315,5718,399727,460411,860138
2021-05-21,29447,27288,56735,48052,51569,99621,68492,80203,148695,79460,89956,169416,66093,76357,142450,48776,58229,107005,35314,41075,76389,18501,22493,40994,7079,12551,19630,1406,4335,5741,402620,464056,866676
2021-05-22,29570,27402,56972,48208,51775,99983,68790,80587,149377,79849,90364,170213,66388,76714,143102,49009,58486,107495,35441,41201,76642,18554,22559,41113,7096,12604,19700,1407,4347,5754,404312,466039,870351
2021-05-23,29700,27506,57206,48348,51951,100299,69028,80864,149892,80146,90716,170862,66669,76991,143660,49180,58726,107906,35549,41351,76900,18606,22615,41221,7111,12653,19764,1417,4363,5780,405754,467736,873490
2021-05-24,29847,27639,57486,48582,52235,100817,69438,81301,150739,80587,91234,171821,67063,77511,144574,49534,59185,108719,35743,41608,77351,18724,22741,41465,7135,12712,19847,1420,4375,5795,408073,470541,878614
2021-05-25,29996,27755,57751,48799,52472,101271,69851,81754,151605,80997,91739,172736,67456,77980,145436,49848,59550,109398,35921,41832,77753,18815,22863,41678,7161,12760,19921,1427,4392,5819,410271,473097,883368
2021-05-26,30190,27930,58120,49064,52783,101847,70377,82327,152704,81570,92392,173962,67957,78565,146522,50277,60057,110334,36142,42098,78240,18930,23007,41937,7199,12835,20034,1434,4404,5838,413140,476398,889538
2021-05-27,30335,28100,58435,49232,53013,102245,70771,82808,153579,82024,92918,174942,68350,79001,147351,50593,60482,111075,36310,42316,78626,19035,23122,42157,7231,12879,20110,1435,4422,5857,415316,479061,894377
2021-05-28,30527,28283,58810,49489,53351,102840,71283,83432,154715,82575,93588,176163,68867,79641,148508,51042,61021,112063,36563,42637,79200,19144,23254,42398,7263,12933,20196,1439,4435,5874,418192,482575,900767
2021-05-29,30658,28404,59062,49644,53564,103208,71578,83830,155408,82989,94031,177020,69213,80051,149264,51263,61308,112571,36699,42801,79500,19205,23347,42552,7286,12985,20271,1447,4452,5899,419982,484773,904755
2021-05-30,30758,28497,59255,49788,53731,103519,71867,84187,156054,83313,94409,177722,69500,80404,149904,51458,61579,113037,36818,42931,79749,19253,23420,42673,7304,13013,20317,1450,4461,5911,421509,486632,908141
2021-05-31,30925,28667,59592,50052,54000,104052,72336,84728,157064,83870,95013,178883,69963,80992,150955,51741,61960,113701,37014,43192,80206,19379,23568,42947,7340,13075,20415,1452,4479,5931,424072,489674,913746
2021-06-01,31113,28844,59957,50285,54279,104564,72753,85217,157970,84406,95614,180020,70378,81501,151879,52044,62383,114427,37254,43467,80721,19500,23707,43207,7393,13129,20522,1457,4491,5948,426583,492632,919215
2021-06-02,31343,29026,60369,50527,54570,105097,73188,85768,158956,84900,96268,181168,70847,82029,152876,52325,62754,115079,37444,43746,81190,19620,23867,43487,7432,13200,20632,1463,4515,5978,429089,495743,924832
2021-06-03,31547,29246,60793,50808,54876,105684,73667,86378,160045,85474,96965,182439,71333,82609,153942,52655,63203,115858,37671,44025,81696,19734,24018,43752,7473,13242,20715,1467,4532,5999,431829,499094,930923
2021-06-04,31798,29478,61276,51096,55181,106277,74175,87015,161190,86038,97683,183721,71851,83202,155053,52992,63717,116709,37911,44332,82243,19859,24185,44044,7504,13315,20819,1469,4546,6015,434693,502654,937347
2021-06-05,31966,29626,61592,51275,55366,106641,74459,87383,161842,86365,98110,184475,72161,83560,155721,53203,63978,117181,38019,44489,82508,19928,24288,44216,7528,13352,20880,1474,4562,6036,436378,504714,941092
2021-06-06,32129,29799,61928,51440,55532,106972,74720,87701,162421,86671,98495,185166,72444,83912,156356,53408,64255,117663,38128,44639,82767,19987,24367,44354,7548,13384,20932,1474,4578,6052,437949,506662,944611
2021-06-07,32349,30046,62395,51673,55816,107489,75163,88248,163411,87183,99118,186301,72891,84553,157444,53774,64751,118525,38367,44948,83315,20148,24581,44729,7591,13507,21098,1483,4615,6098,440622,510183,950805
2021-06-08,32630,30295,62925,51899,56083,107982,75555,88784,164339,87723,99717,187440,73288,85075,158363,54104,65191,119295,38566,45189,83755,20265,24759,45024,7623,13579,21202,1490,4639,6129,443143,513311,956454
2021-06-09,32877,30538,63415,52183,56348,108531,76022,89328,165350,88280,100386,188666,73733,85648,159381,54454,65636,120090,38784,45463,84247,20394,24891,45285,7673,13651,21324,1495,4659,6154,445895,516548,962443
2021-06-10,33105,30783,63888,52451,56661,109112,76490,89976,166466,88867,101104,189971,74188,86270,160458,54774,66096,120870,38989,45746,84735,20527,25064,45591,7707,13709,21416,1502,4679,6181,448600,520088,968688
2021-06-11,33333,31005,64338,52685,56957,109642,76990,90637,167627,89428,101887,191315,74681,87019,161700,55103,66551,121654,39218,46036,85254,20652,25242,45894,7750,13793,21543,1509,4703,6212,451349,523830,975179
2021-06-12,33522,31174,64696,52887,57180,110067,77314,91047,168361,89832,102376,192208,75029,87473,162502,55344,66873,122217,39358,46232,85590,20739,25351,46090,7779,13837,21616,1514,4713,6227,453318,526256,979574
2021-06-13,33710,31357,65067,53077,57362,110439,77552,91370,168922,90164,102821,192985,75355,87873,163228,55546,67147,122693,39491,46393,85884,20800,25435,46235,7802,13875,21677,1519,4725,6244,455016,528358,983374
2021-06-14,33991,31600,65591,53376,57666,111042,78028,91985,170013,90753,103514,194267,75835,88537,164372,55908,67614,123522,39717,46726,86443,20943,25603,46546,7842,13940,21782,1537,4748,6285,457930,531933,989863
2021-06-15,34286,31879,66165,53689,57995,111684,78500,92571,171071,91352,104232,195584,76314,89199,165513,56247,68094,124341,39951,46995,86946,21060,25753,46813,7891,14003,21894,1542,4767,6309,460832,535488,996320
2021-06-16,34587,32162,66749,53974,58299,112273,78989,93194,172183,91950,104948,196898,76787,89839,166626,56541,68506,125047,40162,47240,87402,21171,25891,47062,7928,14058,21986,1544,4780,6324,463633,538917,1002550
2021-06-17,34855,32424,67279,54276,58631,112907,79545,93911,173456,92596,105794,198390,77307,90612,167919,56861,69009,125870,40399,47522,87921,21301,26059,47360,7967,14120,22087,1547,4798,6345,466654,542880,1009534
2021-06-18,35107,32659,67766,54582,58946,113528,80066,94599,174665,93224,106679,199903,77850,91372,169222,57176,69503,126679,40603,47791,88394,21387,26207,47594,8004,14160,22164,1550,4813,6363,469549,546729,1016278
2021-06-19,35311,32860,68171,54767,59150,113917,80369,95048,175417,93690,107277,200967,78173,91827,170000,57391,69796,127187,40770,47972,88742,21481,26310,47791,8038,14230,22268,1554,4833,6387,471544,549303,1020847
2021-06-20,35504,33026,68530,54900,59278,114178,80544,95333,175877,93955,107645,201600,78405,92155,170560,57561,70018,127579,40874,48094,88968,21550,26379,47929,8053,14267,22320,1556,4843,6399,472902,551038,1023940
2021-06-21,35739,33241,68980,55112,59503,114615,80794,95715,176509,94346,108125,202471,78793,92612,171405,57812,70319,128131,41023,48262,89285,21648,26485,48133,8084,14300,22384,1560,4849,6409,474911,553411,1028322
2021-06-22,36068,33538,69606,55474,59808,115282,81265,96341,177606,94958,108864,203822,79362,93316,172678,58136,70789,128925,41288,48597,89885,21780,26659,48439,8121,14378,22499,1569,4863,6432,478021,557153,1035174
2021-06-23,36435,33846,70281,55839,60172,116011,81719,97020,178739,95583,109705,205288,79957,94121,174078,58453,71274,129727,41538,48881,90419,21912,26846,48758,8171,14464,22635,1575,4896,6471,481182,561225,1042407
2021-06-24,36760,34157,70917,56177,60551,116728,82196,97728,179924,96200,110522,206722,80479,94831,175310,58769,71733,130502,41798,49219,91017,22024,27002,49026,8200,14524,22724,1579,4914,6493,484182,565181,1049363
2021-06-25,37137,34471,71608,56542,60973,117515,82757,98530,181287,96916,111561,208477,81046,95693,176739,59196,72287,131483,42070,49616,91686,22174,27193,49367,8248,14607,22855,1588,4933,6521,487674,569864,1057538
2021-06-26,37323,34649,71972,56727,61188,117915,83046,98894,181940,97306,112050,209356,81393,96128,177521,59435,72561,131996,42244,49841,92085,22265,27321,49586,8278,14657,22935,1593,4949,6542,489610,572238,1061848
2021-06-27,37535,34838,72373,56876,61381,118257,83276,99194,182470,97606,112419,210025,81680,96496,178176,59597,72788,132385,42371,49985,92356,22340,27406,49746,8301,14700,23001,1595,4960,6555,491177,574167,1065344
2021-06-28,37799,35064,72863,57033,61570,118603,83529,99556,183085,98000,112899,210899,81974,96896,178870,59825,73031,132856,42532,50145,92677,22430,27518,49948,8339,14745,23084,1598,4975,6573,493059,576399,1069458
2021-06-29,38065,35367,73432,57327,61892,119219,83963,100155,184118,98583,113615,212198,82387,97462,179849,60131,73422,133553,42756,50375,93131,22562,27659,50221,8372,14837,23209,1604,5011,6615,495750,579795,1075545
2021-06-30,38406,35711,74117,57701,62292,119993,84453,100844,185297,99234,114452,213686,82876,98117,180993,60464,73932,134396,42979,50671,93650,22680,27797,50477,8408,14903,23311,1609,5031,6640,498810,583750,1082560
2021-07-01,38672,35975,74647,58021,62618,120639,84918,101528,186446,99789,115232,215021,83279,98747,182026,60759,74350,135109,43167,50936,94103,22789,27928,50717,8446,14967,23413,1614,5047,6661,501454,587328,1088782
2021-07-02,39049,36287,75336,58437,63064,121501,85424,102240,187664,100381,116119,216500,83711,99495,183206,61073,74858,135931,43379,51224,94603,22909,28086,50995,8487,15023,23510,1618,5066,6684,504468,591462,1095930
2021-07-03,39274,36539,75813,58661,63334,121995,85731,102661,188392,100802,116667,217469,84053,99980,184033,61314,75138,136452,43545,51418,94963,22989,28190,51179,8513,15075,23588,1625,5081,6706,506507,594083,1100590
2021-07-04,39521,36807,76328,58864,63548,122412,85950,103014,188964,101133,117133,218266,84331,100365,184696,61540,75444,136984,43671,51579,95250,23046,28284,51330,8534,15116,23650,1629,5091,6720,508219,596381,1104600
2021-07-05,39932,37186,77118,59201,63920,123121,86447,103664,190111,101766,117947,219713,84802,101058,185860,61856,75882,137738,43905,51854,95759,23181,28440,51621,8575,15180,23755,1634,5111,6745,511299,600242,1111541
2021-07-06,40380,37583,77963,59664,64364,124028,86978,104338,191316,102395,118784,221179,85303,101762,187065,62164,76345,138509,44126,52126,96252,23303,28609,51912,8612,15256,23868,1638,5143,6781,514563,604310,1118873
2021-07-07,40760,37923,78683,60082,64808,124890,87541,105045,192586,103017,119594,222611,85851,102422,188273,62508,76794,139302,44331,52377,96708,23406,28709,52115,8641,15314,23955,1647,5156,6803,517784,608142,1125926
2021-07-08,41128,38300,79428,60555,65312,125867,88230,105906,194136,103726,120518,224244,86449,103272,189721,62905,77378,140283,44558,52736,97294,23532,28881,52413,8692,15362,24054,1652,5176,6828,521427,612841,1134268
2021-07-09,41388,38577,79965,60888,65661,126549,88607,106408,195015,104181,121142,225323,86838,103829,190667,63153,77707,140860,44720,52923,97643,23610,28964,52574,8720,15406,24126,1656,5188,6844,523761,615805,1139566
2021-07-10,41616,38794,80410,61184,65964,127148,88940,106829,195769,104569,121645,226214,87172,104290,191462,63386,78009,141395,44881,53110,97991,23690,29070,52760,8741,15443,24184,1658,5200,6858,525837,618354,1144191
2021-07-11,41878,39027,80905,61386,66171,127557,89206,107153,196359,104877,122126,227003,87488,104774,192262,63610,78273,141883,45024,53259,98283,23749,29155,52904,8753,15462,24215,1660,5205,6865,527631,620605,1148236
2021-07-12,42042,39187,81229,61654,66460,128114,89603,107698,197301,105361,122727,228088,87903,105333,193236,63840,78643,142483,45198,53424,98622,23811,29233,53044,8771,15483,24254,1662,5212,6874,529845,623400,1153245
2021-07-13,42067,39215,81282,61722,66532,128254,89701,107842,197543,105490,122903,228393,88030,105472,193502,63919,78764,142683,45241,53467,98708,23823,29248,53071,8773,15484,24257,1662,5212,6874,530428,624139,1154567
