FECHA,<=10M,<=10F,<=10,11-20M,11-20F,11-20,21-30M,21-30F,21-30,31-40M,31-40F,31-40,41-50M,41-50F,41-50,51-60M,51-60F,51-60,61-70M,61-70F,61-70,71-80M,71-80F,71-80,81-90M,81-90F,81-90,>=91M,>=91F,>=91,TotalM,TotalF,Total
2020-03-15,0,0,0,0,1,1,1,0,1,1,0,1,0,0,0,0,0,0,0,1,1,0,0,0,0,0,0,0,0,0,2,2,4
2020-03-16,0,0,0,0,2,2,4,1,5,4,0,4,1,0,1,0,1,1,1,1,2,0,0,0,0,0,0,0,0,0,10,5,15
2020-03-17,0,0,0,1,2,3,5,2,7,6,1,7,2,0,2,1,3,4,1,3,4,2,0,2,0,0,0,0,0,0,18,11,29
2020-03-18,0,0,0,1,2,3,7,4,11,8,4,12,3,1,4,2,3,5,1,4,5,2,0,2,0,0,0,0,0,0,24,18,42
2020-03-19,0,0,0,2,2,4,9,4,13,12,4,16,5,2,7,3,3,6,1,5,6,4,1,5,0,0,0,0,0,0,36,21,57
2020-03-20,0,0,0,2,2,4,14,4,18,15,4,19,6,2,8,5,3,8,2,6,8,4,3,7,0,1,1,0,0,0,48,25,73
2020-03-21,2,0,2,3,4,7,17,5,22,15,7,22,8,3,11,8,6,14,5,7,12,6,3,9,0,1,1,0,0,0,64,36,100
2020-03-22,2,0,2,3,5,8,19,6,25,20,7,27,12,3,15,10,10,20,7,7,14,9,4,13,0,1,1,0,0,0,82,43,125
2020-03-23,2,0,2,4,5,9,22,8,30,24,9,33,14,4,18,15,12,27,7,9,16,12,6,18,1,1,2,0,0,0,101,54,155
2020-03-24,2,0,2,5,5,10,24,13,37,33,10,43,16,5,21,17,13,30,8,9,17,13,7,20,2,1,3,0,0,0,120,63,183
2020-03-25,4,0,4,6,6,12,29,17,46,34,12,46,20,5,25,19,13,32,10,9,19,14,7,21,3,3,6,0,1,1,139,73,212
2020-03-26,4,0,4,6,7,13,30,18,48,36,13,49,22,5,27,21,17,38,13,12,25,15,8,23,4,3,7,0,1,1,151,84,235
2020-03-27,4,0,4,6,7,13,31,20,51,40,13,53,23,8,31,22,18,40,15,14,29,15,10,25,4,3,7,0,1,1,160,94,254
2020-03-28,4,0,4,6,7,13,32,21,53,41,16,57,25,9,34,23,20,43,16,15,31,16,11,27,6,3,9,0,1,1,169,103,272
2020-03-29,4,0,4,6,7,13,35,24,59,47,19,66,25,9,34,24,24,48,20,19,39,17,13,30,6,3,9,1,1,2,185,119,304
2020-03-30,4,0,4,6,8,14,40,27,67,48,21,69,28,11,39,27,24,51,23,22,45,21,14,35,6,3,9,1,2,3,204,132,336
2020-03-31,5,0,5,6,9,15,42,31,73,50,21,71,31,12,43,32,24,56,25,23,48,24,18,42,6,5,11,1,3,4,222,146,368
2020-04-01,5,0,5,7,10,17,44,35,79,53,27,80,34,14,48,34,28,62,29,25,54,24,19,43,6,6,12,1,3,4,237,167,404
2020-04-02,5,0,5,7,10,17,45,37,82,56,30,86,36,15,51,36,31,67,32,25,57,31,22,53,6,9,15,2,6,8,256,185,441
2020-04-03,5,0,5,7,10,17,48,39,87,57,31,88,39,16,55,36,35,71,33,28,61,33,22,55,6,10,16,2,7,9,266,198,464
2020-04-04,5,2,7,7,10,17,50,41,91,58,31,89,39,18,57,38,35,73,34,30,64,33,22,55,6,11,17,3,7,10,273,207,480
2020-04-05,6,2,8,7,10,17,50,43,93,60,32,92,39,22,61,38,36,74,35,30,65,35,23,58,7,11,18,3,7,10,280,216,496
2020-04-06,6,2,8,7,10,17,51,46,97,63,35,98,40,23,63,39,40,79,38,32,70,37,25,62,7,12,19,3,7,10,291,232,523
2020-04-07,6,2,8,7,11,18,54,46,100,64,40,104,41,23,64,41,42,83,39,32,71,38,27,65,8,12,20,5,7,12,303,242,545
2020-04-08,8,2,10,8,11,19,55,48,103,65,46,111,42,25,67,43,42,85,40,32,72,40,28,68,8,12,20,5,7,12,314,253,567
2020-04-09,8,2,10,8,12,20,56,48,104,70,46,116,42,26,68,44,42,86,40,33,73,40,28,68,8,12,20,5,7,12,321,256,577
2020-04-10,8,2,10,8,12,20,56,49,105,74,49,123,42,26,68,45,42,87,40,33,73,40,28,68,8,12,20,5,7,12,326,260,586
2020-04-11,8,2,10,8,12,20,56,50,106,75,50,125,42,28,70,46,42,88,40,33,73,40,28,68,10,13,23,5,7,12,330,265,595
2020-04-12,8,2,10,8,12,20,57,50,107,78,54,132,42,28,70,46,44,90,40,33,73,40,29,69,11,14,25,5,7,12,335,273,608
2020-04-13,9,2,11,8,12,20,59,51,110,80,57,137,45,29,74,46,47,93,40,35,75,41,30,71,11,14,25,5,7,12,344,284,628
2020-04-14,9,2,11,8,12,20,62,53,115,84,58,142,46,31,77,48,48,96,43,36,79,43,31,74,11,14,25,5,8,13,359,293,652
2020-04-15,9,2,11,8,13,21,62,53,115,86,60,146,48,32,80,48,49,97,43,36,79,43,31,74,11,15,26,5,8,13,363,299,662
2020-04-16,9,2,11,8,13,21,62,55,117,90,62,152,49,32,81,51,51,102,44,36,80,46,32,78,11,21,32,6,9,15,376,313,689
2020-04-17,9,2,11,8,13,21,64,57,121,92,66,158,50,33,83,52,52,104,45,37,82,46,33,79,13,25,38,6,10,16,385,328,713
2020-04-18,9,3,12,8,13,21,65,58,123,92,66,158,52,35,87,53,53,106,47,38,85,47,34,81,14,30,44,6,13,19,393,343,736
2020-04-19,9,3,12,8,13,21,68,59,127,96,69,165,52,39,91,54,53,107,47,40,87,48,36,84,15,32,47,6,16,22,403,360,763
2020-04-20,9,3,12,8,13,21,68,61,129,98,70,168,54,40,94,57,56,113,48,40,88,48,39,87,18,33,51,7,17,24,415,372,787
2020-04-21,9,7,16,8,13,21,68,66,134,99,74,173,55,44,99,58,58,116,50,41,91,48,42,90,21,35,56,8,22,30,424,402,826
2020-04-22,10,7,17,9,14,23,75,73,148,103,79,182,58,48,106,60,62,122,52,42,94,50,49,99,24,41,65,13,28,41,454,443,897
2020-04-23,16,10,26,10,15,25,83,77,160,106,84,190,61,52,113,61,62,123,55,46,101,52,52,104,32,42,74,13,31,44,489,471,960
2020-04-24,18,10,28,10,18,28,87,83,170,113,89,202,64,54,118,63,68,131,58,47,105,52,52,104,34,45,79,13,31,44,512,497,1009
2020-04-25,21,11,32,12,19,31,87,86,173,116,92,208,67,60,127,65,68,133,59,48,107,52,52,104,35,47,82,13,31,44,527,514,1041
2020-04-26,23,13,36,13,19,32,87,90,177,119,95,214,68,61,129,65,68,133,59,48,107,52,53,105,36,48,84,13,31,44,535,526,1061
2020-04-27,25,15,40,15,21,36,90,99,189,124,103,227,75,67,142,67,70,137,62,48,110,54,54,108,39,50,89,13,32,45,564,559,1123
2020-04-28,25,15,40,17,22,39,91,102,193,132,105,237,76,70,146,71,70,141,64,49,113,57,54,111,40,55,95,13,34,47,586,576,1162
2020-04-29,26,17,43,19,25,44,94,104,198,136,106,242,80,75,155,72,72,144,65,50,115,59,55,114,40,58,98,13,34,47,604,596,1200
2020-04-30,29,17,46,19,30,49,96,105,201,144,111,255,84,78,162,76,73,149,66,50,116,60,55,115,40,58,98,13,34,47,627,611,1238
2020-05-01,33,20,53,23,32,55,101,112,213,146,116,262,86,81,167,80,75,155,67,51,118,60,55,115,40,59,99,14,34,48,650,635,1285
2020-05-02,38,22,60,26,37,63,106,120,226,150,121,271,88,82,170,80,76,156,67,51,118,61,55,116,40,60,100,14,34,48,670,658,1328
2020-05-03,39,23,62,33,38,71,108,127,235,152,129,281,90,83,173,83,76,159,68,53,121,61,55,116,41,61,102,14,34,48,689,679,1368
2020-05-04,41,28,69,37,40,77,114,135,249,161,137,298,93,90,183,86,77,163,70,53,123,61,55,116,42,64,106,14,34,48,719,713,1432
2020-05-05,45,34,79,41,48,89,123,147,270,177,146,323,100,105,205,92,81,173,71,57,128,63,58,121,48,75,123,15,40,55,775,791,1566
2020-05-06,47,40,87,44,53,97,132,155,287,188,159,347,107,110,217,95,81,176,74,58,132,64,60,124,49,76,125,16,41,57,816,833,1649
2020-05-07,53,48,101,50,57,107,143,173,316,201,170,371,115,116,231,101,85,186,75,62,137,64,61,125,52,77,129,16,43,59,870,892,1762
2020-05-08,67,59,126,59,67,126,159,192,351,215,189,404,131,128,259,107,87,194,81,65,146,67,61,128,53,81,134,17,43,60,956,972,1928
2020-05-09,69,63,132,61,73,134,169,201,370,230,206,436,145,133,278,114,93,207,85,67,152,68,63,131,53,81,134,18,43,61,1012,1023,2035
2020-05-10,74,68,142,67,79,146,184,211,395,261,221,482,177,136,313,139,99,238,88,71,159,69,64,133,53,81,134,18,43,61,1130,1073,2203
2020-05-11,83,76,159,71,87,158,196,222,418,280,239,519,186,148,334,143,101,244,92,74,166,70,65,135,54,84,138,18,44,62,1193,1140,2333
2020-05-12,92,94,186,79,98,177,224,255,479,305,259,564,199,164,363,155,109,264,99,77,176,73,71,144,54,85,139,21,46,67,1301,1258,2559
2020-05-13,101,101,202,91,108,199,247,272,519,324,277,601,218,179,397,164,119,283,106,85,191,74,72,146,54,87,141,21,49,70,1400,1349,2749
2020-05-14,121,125,246,109,129,238,274,301,575,342,300,642,236,194,430,178,132,310,111,89,200,75,73,148,54,88,142,21,49,70,1521,1480,3001
2020-05-15,136,144,280,115,144,259,295,323,618,360,323,683,255,210,465,188,143,331,113,92,205,77,76,153,54,89,143,22,50,72,1615,1594,3209
2020-05-16,149,155,304,125,156,281,317,351,668,375,342,717,279,228,507,198,153,351,117,95,212,79,79,158,56,91,147,22,54,76,1717,1704,3421
2020-05-17,165,165,330,142,173,315,345,368,713,405,360,765,293,241,534,212,165,377,119,102,221,81,80,161,60,96,156,22,55,77,1844,1805,3649
2020-05-18,189,189,378,163,191,354,393,416,809,436,405,841,318,261,579,228,188,416,128,108,236,89,85,174,63,102,165,23,57,80,2030,2002,4032
2020-05-19,218,216,434,182,213,395,433,459,892,477,439,916,338,283,621,243,197,440,134,116,250,90,87,177,65,107,172,24,59,83,2204,2176,4380
2020-05-20,239,234,473,196,238,434,478,505,983,506,474,980,365,307,672,267,216,483,143,123,266,92,93,185,67,112,179,24,60,84,2377,2362,4739
2020-05-21,261,258,519,222,256,478,513,550,1063,555,508,1063,392,336,728,287,230,517,155,124,279,98,98,196,69,114,183,24,63,87,2576,2537,5113
2020-05-22,279,268,547,239,277,516,546,597,1143,590,539,1129,425,370,795,304,243,547,166,133,299,98,102,200,70,114,184,25,64,89,2742,2707,5449
2020-05-23,299,299,598,260,303,563,580,631,1211,617,566,1183,459,392,851,320,263,583,172,138,310,100,104,204,72,124,196,25,66,91,2904,2886,5790
2020-05-24,314,312,626,273,315,588,607,665,1272,641,595,1236,491,410,901,336,275,611,176,140,316,101,108,209,75,125,200,26,67,93,3040,3012,6052
2020-05-25,337,331,668,289,333,622,639,695,1334,665,629,1294,517,429,946,349,288,637,182,149,331,106,119,225,76,132,208,27,68,95,3187,3173,6360
2020-05-26,360,350,710,316,361,677,679,742,1421,714,667,1381,546,460,1006,377,313,690,192,155,347,108,125,233,77,138,215,29,75,104,3398,3386,6784
2020-05-27,392,365,757,339,390,729,723,795,1518,764,708,1472,577,494,1071,402,330,732,198,164,362,116,133,249,80,143,223,29,77,106,3620,3599,7219
2020-05-28,425,381,806,363,420,783,772,850,1622,806,743,1549,607,535,1142,422,350,772,210,175,385,121,145,266,93,165,258,33,91,124,3852,3855,7707
2020-05-29,451,422,873,387,452,839,804,896,1700,855,775,1630,628,566,1194,440,367,807,221,185,406,131,156,287,96,176,272,33,97,130,4046,4092,8138
2020-05-30,463,440,903,413,478,891,834,933,1767,884,810,1694,643,581,1224,455,376,831,227,191,418,134,161,295,98,179,277,34,98,132,4185,4247,8432
2020-05-31,471,452,923,422,497,919,867,961,1828,904,838,1742,664,608,1272,471,392,863,232,195,427,141,166,307,105,181,286,36,98,134,4313,4388,8701
2020-06-01,492,469,961,440,526,966,907,1000,1907,945,875,1820,704,642,1346,488,418,906,237,205,442,148,174,322,111,188,299,37,98,135,4509,4595,9104
2020-06-02,527,492,1019,470,551,1021,953,1049,2002,984,921,1905,733,668,1401,505,439,944,259,216,475,159,178,337,113,208,321,41,107,148,4744,4829,9573
2020-06-03,549,517,1066,487,572,1059,992,1104,2096,1035,961,1996,764,698,1462,531,463,994,273,231,504,168,191,359,116,216,332,44,110,154,4959,5063,10022
2020-06-04,572,548,1120,507,597,1104,1035,1166,2201,1073,1008,2081,787,726,1513,558,484,1042,284,236,520,173,197,370,116,221,337,47,118,165,5152,5301,10453
2020-06-05,613,572,1185,542,623,1165,1079,1227,2306,1123,1059,2182,820,757,1577,580,505,1085,298,249,547,179,210,389,121,228,349,47,121,168,5402,5551,10953
2020-06-06,634,593,1227,559,650,1209,1117,1269,2386,1177,1092,2269,847,794,1641,598,522,1120,305,257,562,185,218,403,123,241,364,49,129,178,5594,5765,11359
2020-06-07,650,614,1264,580,666,1246,1152,1311,2463,1209,1119,2328,878,819,1697,613,534,1147,310,266,576,188,225,413,126,257,383,49,134,183,5755,5945,11700
2020-06-08,683,656,1339,609,702,1311,1208,1373,2581,1275,1175,2450,918,864,1782,660,563,1223,328,277,605,202,238,440,137,268,405,50,141,191,6070,6257,12327
2020-06-09,712,681,1393,641,735,1376,1257,1433,2690,1339,1248,2587,972,909,1881,695,603,1298,345,292,637,220,248,468,144,281,425,50,148,198,6375,6578,12953
2020-06-10,732,705,1437,666,763,1429,1314,1497,2811,1400,1314,2714,1029,948,1977,719,632,1351,361,308,669,237,264,501,151,312,463,51,164,215,6660,6907,13567
2020-06-11,766,733,1499,692,805,1497,1404,1587,2991,1470,1365,2835,1079,1000,2079,760,656,1416,378,326,704,250,275,525,157,323,480,51,170,221,7007,7240,14247
2020-06-12,813,774,1587,725,847,1572,1465,1665,3130,1531,1424,2955,1137,1052,2189,796,680,1476,396,348,744,264,286,550,161,327,488,52,175,227,7340,7578,14918
2020-06-13,850,795,1645,747,888,1635,1520,1723,3243,1581,1473,3054,1171,1097,2268,823,704,1527,413,360,773,274,300,574,165,343,508,55,185,240,7599,7868,15467
2020-06-14,871,821,1692,768,904,1672,1551,1769,3320,1625,1510,3135,1197,1121,2318,844,724,1568,425,371,796,279,310,589,169,358,527,55,191,246,7784,8079,15863
2020-06-15,900,839,1739,797,925,1722,1609,1822,3431,1667,1563,3230,1239,1146,2385,861,742,1603,437,380,817,285,318,603,173,366,539,59,193,252,8027,8294,16321
2020-06-16,939,878,1817,827,958,1785,1685,1899,3584,1754,1633,3387,1301,1193,2494,900,783,1683,463,400,863,301,330,631,177,380,557,60,198,258,8407,8652,17059
2020-06-17,979,911,1890,863,998,1861,1776,1991,3767,1850,1719,3569,1367,1269,2636,962,832,1794,490,428,918,332,343,675,184,406,590,61,207,268,8864,9104,17968
2020-06-18,1010,949,1959,912,1042,1954,1877,2083,3960,1947,1812,3759,1452,1344,2796,1018,883,1901,515,444,959,343,356,699,192,421,613,62,213,275,9328,9547,18875
2020-06-19,1044,984,2028,956,1099,2055,1960,2167,4127,2046,1897,3943,1515,1394,2909,1056,926,1982,546,473,1019,369,378,747,209,442,651,63,232,295,9764,9992,19756
2020-06-20,1080,1025,2105,990,1140,2130,2032,2248,4280,2123,1959,4082,1567,1456,3023,1100,960,2060,563,492,1055,385,394,779,216,454,670,68,240,308,10124,10368,20492
2020-06-21,1103,1060,2163,1031,1173,2204,2081,2298,4379,2192,2014,4206,1602,1501,3103,1133,985,2118,582,500,1082,396,405,801,223,469,692,69,251,320,10412,10656,21068
2020-06-22,1161,1101,2262,1070,1226,2296,2186,2386,4572,2304,2096,4400,1685,1562,3247,1216,1038,2254,629,534,1163,418,435,853,243,487,730,72,261,333,10984,11126,22110
2020-06-23,1198,1140,2338,1117,1269,2386,2289,2496,4785,2389,2183,4572,1766,1636,3402,1288,1086,2374,651,558,1209,432,451,883,258,519,777,75,266,341,11463,11604,23067
2020-06-24,1230,1169,2399,1154,1315,2469,2403,2596,4999,2483,2268,4751,1846,1718,3564,1340,1133,2473,679,581,1260,451,459,910,267,536,803,78,279,357,11931,12054,23985
2020-06-25,1275,1212,2487,1200,1362,2562,2497,2703,5200,2592,2357,4949,1902,1784,3686,1391,1176,2567,706,599,1305,461,475,936,276,561,837,80,291,371,12380,12520,24900
2020-06-26,1317,1261,2578,1262,1408,2670,2583,2803,5386,2694,2454,5148,1969,1866,3835,1447,1220,2667,737,621,1358,474,492,966,286,585,871,82,301,383,12851,13011,25862
2020-06-27,1359,1297,2656,1302,1454,2756,2663,2874,5537,2758,2540,5298,2017,1918,3935,1488,1251,2739,766,641,1407,483,503,986,293,601,894,84,306,390,13213,13385,26598
2020-06-28,1389,1316,2705,1337,1477,2814,2743,2949,5692,2818,2590,5408,2083,1962,4045,1523,1289,2812,783,654,1437,490,514,1004,302,616,918,86,312,398,13554,13679,27233
2020-06-29,1415,1345,2760,1385,1527,2912,2842,3039,5881,2930,2667,5597,2163,2041,4204,1578,1339,2917,812,674,1486,506,531,1037,322,643,965,87,323,410,14040,14129,28169
2020-06-30,1445,1380,2825,1439,1564,3003,2932,3126,6058,3013,2761,5774,2239,2108,4347,1635,1383,3018,840,702,1542,530,552,1082,337,666,1003,91,338,429,14501,14580,29081
2020-07-01,1479,1417,2896,1487,1602,3089,3014,3220,6234,3113,2845,5958,2297,2160,4457,1690,1427,3117,875,733,1608,549,566,1115,356,684,1040,93,347,440,14953,15001,29954
2020-07-02,1523,1452,2975,1532,1656,3188,3097,3329,6426,3198,2947,6145,2393,2239,4632,1737,1471,3208,924,757,1681,569,589,1158,364,701,1065,95,354,449,15432,15495,30927
2020-07-03,1569,1496,3065,1587,1708,3295,3201,3423,6624,3312,3034,6346,2469,2314,4783,1805,1520,3325,957,787,1744,589,614,1203,371,728,1099,97,368,465,15957,15992,31949
2020-07-04,1597,1541,3138,1619,1737,3356,3267,3504,6771,3399,3110,6509,2542,2366,4908,1851,1564,3415,991,817,1808,610,649,1259,377,776,1153,99,389,488,16352,16453,32805
2020-07-05,1618,1567,3185,1652,1767,3419,3324,3569,6893,3466,3167,6633,2600,2422,5022,1901,1607,3508,1025,842,1867,631,684,1315,393,808,1201,101,401,502,16711,16834,33545
2020-07-06,1649,1598,3247,1691,1801,3492,3427,3671,7098,3588,3274,6862,2700,2500,5200,1971,1666,3637,1077,880,1957,654,715,1369,405,858,1263,109,418,527,17271,17381,34652
2020-07-07,1687,1638,3325,1723,1842,3565,3542,3768,7310,3711,3372,7083,2785,2585,5370,2037,1715,3752,1110,907,2017,688,741,1429,419,884,1303,112,427,539,17814,17879,35693
2020-07-08,1729,1679,3408,1761,1884,3645,3641,3878,7519,3843,3490,7333,2869,2668,5537,2099,1794,3893,1159,938,2097,716,779,1495,438,923,1361,118,454,572,18373,18487,36860
2020-07-09,1769,1709,3478,1796,1930,3726,3711,3952,7663,3927,3599,7526,2947,2725,5672,2150,1826,3976,1197,983,2180,744,801,1545,455,966,1421,121,464,585,18817,18955,37772
2020-07-10,1805,1745,3550,1837,1965,3802,3782,4043,7825,4014,3687,7701,3021,2789,5810,2210,1886,4096,1242,1016,2258,763,820,1583,475,988,1463,123,476,599,19272,19415,38687
2020-07-11,1830,1777,3607,1864,1998,3862,3849,4119,7968,4099,3776,7875,3097,2851,5948,2269,1933,4202,1282,1038,2320,782,845,1627,482,1013,1495,127,487,614,19681,19837,39518
2020-07-12,1859,1797,3656,1894,2030,3924,3911,4175,8086,4164,3845,8009,3160,2889,6049,2321,1969,4290,1307,1064,2371,801,862,1663,500,1042,1542,129,501,630,20046,20174,40220
2020-07-13,1900,1830,3730,1947,2079,4026,4018,4297,8315,4300,3968,8268,3265,2985,6250,2404,2040,4444,1346,1095,2441,827,896,1723,519,1085,1604,136,524,660,20662,20799,41461
2020-07-14,1934,1864,3798,1987,2120,4107,4137,4406,8543,4429,4081,8510,3349,3075,6424,2471,2104,4575,1392,1133,2525,852,920,1772,531,1121,1652,143,539,682,21225,21363,42588
2020-07-15,1970,1901,3871,2033,2154,4187,4238,4523,8761,4550,4208,8758,3436,3182,6618,2548,2154,4702,1437,1167,2604,885,948,1833,544,1155,1699,148,563,711,21789,21955,43744
2020-07-16,1999,1945,3944,2089,2201,4290,4350,4626,8976,4692,4335,9027,3531,3269,6800,2622,2227,4849,1479,1203,2682,912,979,1891,564,1205,1769,156,596,752,22394,22586,44980
2020-07-17,2045,1973,4018,2120,2252,4372,4452,4769,9221,4808,4446,9254,3611,3355,6966,2694,2292,4986,1522,1235,2757,935,1008,1943,585,1254,1839,161,625,786,22933,23209,46142
2020-07-18,2078,2009,4087,2174,2288,4462,4548,4866,9414,4921,4552,9473,3697,3453,7150,2765,2345,5110,1556,1269,2825,963,1044,2007,595,1284,1879,165,638,803,23462,23748,47210
2020-07-19,2113,2052,4165,2210,2318,4528,4626,4954,9580,5016,4646,9662,3770,3527,7297,2826,2398,5224,1603,1296,2899,980,1072,2052,611,1318,1929,173,653,826,23928,24234,48162
2020-07-20,2137,2098,4235,2252,2373,4625,4773,5077,9850,5163,4786,9949,3890,3629,7519,2893,2481,5374,1667,1344,3011,1006,1110,2116,634,1349,1983,175,665,840,24590,24912,49502
2020-07-21,2186,2133,4319,2294,2418,4712,4895,5224,10119,5313,4944,10257,4014,3754,7768,2990,2569,5559,1725,1374,3099,1034,1138,2172,652,1387,2039,177,688,865,25280,25629,50909
2020-07-22,2218,2162,4380,2337,2470,4807,5044,5354,10398,5456,5073,10529,4125,3843,7968,3082,2635,5717,1779,1419,3198,1077,1171,2248,668,1416,2084,181,707,888,25967,26250,52217
2020-07-23,2252,2203,4455,2373,2516,4889,5178,5499,10677,5578,5186,10764,4221,3936,8157,3170,2693,5863,1819,1454,3273,1103,1195,2298,689,1445,2134,184,716,900,26567,26843,53410
2020-07-24,2303,2243,4546,2418,2560,4978,5317,5630,10947,5725,5317,11042,4321,4044,8365,3262,2758,6020,1858,1496,3354,1119,1216,2335,705,1489,2194,189,733,922,27217,27486,54703
2020-07-25,2330,2268,4598,2457,2589,5046,5400,5716,11116,5830,5418,11248,4419,4114,8533,3307,2810,6117,1893,1525,3418,1136,1241,2377,717,1511,2228,197,748,945,27686,27940,55626
2020-07-26,2355,2295,4650,2479,2626,5105,5471,5796,11267,5900,5504,11404,4477,4179,8656,3346,2852,6198,1928,1546,3474,1162,1264,2426,736,1547,2283,201,760,961,28055,28369,56424
2020-07-27,2385,2322,4707,2522,2667,5189,5599,5906,11505,6044,5638,11682,4563,4281,8844,3434,2931,6365,1966,1587,3553,1185,1289,2474,757,1575,2332,206,775,981,28661,28971,57632
2020-07-28,2417,2346,4763,2575,2710,5285,5724,6036,11760,6192,5771,11963,4657,4380,9037,3517,2981,6498,2003,1631,3634,1216,1316,2532,776,1608,2384,207,794,1001,29284,29573,58857
2020-07-29,2442,2379,4821,2631,2759,5390,5836,6160,11996,6309,5892,12201,4756,4488,9244,3576,3050,6626,2051,1656,3707,1245,1344,2589,800,1644,2444,213,811,1024,29859,30183,60042
2020-07-30,2479,2406,4885,2668,2810,5478,5974,6276,12250,6449,6014,12463,4859,4587,9446,3638,3117,6755,2088,1682,3770,1265,1389,2654,817,1689,2506,217,838,1055,30454,30808,61262
2020-07-31,2510,2442,4952,2727,2860,5587,6086,6398,12484,6554,6132,12686,4971,4672,9643,3705,3190,6895,2141,1702,3843,1292,1423,2715,830,1726,2556,221,864,1085,31037,31409,62446
2020-08-01,2544,2479,5023,2762,2919,5681,6172,6513,12685,6669,6249,12918,5088,4761,9849,3767,3241,7008,2172,1732,3904,1308,1447,2755,843,1755,2598,225,874,1099,31550,31970,63520
2020-08-02,2574,2502,5076,2796,2961,5757,6253,6589,12842,6765,6335,13100,5169,4842,10011,3825,3285,7110,2210,1772,3982,1342,1473,2815,864,1802,2666,228,899,1127,32026,32460,64486
2020-08-03,2618,2547,5165,2861,3009,5870,6399,6742,13141,6932,6486,13418,5311,4974,10285,3911,3380,7291,2270,1824,4094,1375,1513,2888,884,1862,2746,231,934,1165,32792,33271,66063
2020-08-04,2656,2576,5232,2905,3071,5976,6535,6879,13414,7091,6635,13726,5442,5110,10552,4000,3466,7466,2336,1866,4202,1414,1556,2970,908,1932,2840,236,964,1200,33523,34055,67578
2020-08-05,2699,2614,5313,2970,3114,6084,6677,7023,13700,7256,6770,14026,5558,5229,10787,4089,3536,7625,2416,1922,4338,1449,1603,3052,934,2010,2944,241,1008,1249,34289,34829,69118
2020-08-06,2734,2648,5382,3028,3159,6187,6807,7151,13958,7377,6894,14271,5669,5321,10990,4161,3623,7784,2455,1965,4420,1469,1629,3098,949,2046,2995,248,1028,1276,34897,35464,70361
2020-08-07,2764,2676,5440,3065,3206,6271,6929,7271,14200,7485,7014,14499,5775,5413,11188,4233,3697,7930,2495,2015,4510,1501,1657,3158,967,2077,3044,253,1040,1293,35467,36066,71533
2020-08-08,2794,2706,5500,3102,3235,6337,7005,7371,14376,7578,7113,14691,5843,5494,11337,4294,3762,8056,2524,2048,4572,1520,1686,3206,978,2122,3100,256,1062,1318,35894,36599,72493
2020-08-09,2813,2723,5536,3138,3274,6412,7080,7456,14536,7653,7182,14835,5904,5563,11467,4359,3808,8167,2567,2084,4651,1538,1699,3237,990,2143,3133,260,1067,1327,36302,36999,73301
2020-08-10,2844,2758,5602,3180,3316,6496,7196,7583,14779,7801,7330,15131,6011,5675,11686,4453,3881,8334,2603,2132,4735,1563,1726,3289,1005,2184,3189,264,1091,1355,36920,37676,74596
2020-08-11,2866,2781,5647,3211,3355,6566,7292,7701,14993,7937,7444,15381,6138,5765,11903,4532,3951,8483,2647,2165,4812,1592,1757,3349,1019,2233,3252,269,1112,1381,37503,38264,75767
2020-08-12,2896,2818,5714,3260,3390,6650,7399,7809,15208,8056,7566,15622,6236,5871,12107,4618,4027,8645,2691,2210,4901,1615,1779,3394,1027,2255,3282,275,1118,1393,38073,38843,76916
2020-08-13,2919,2842,5761,3309,3433,6742,7507,7922,15429,8161,7684,15845,6322,5969,12291,4683,4082,8765,2745,2236,4981,1635,1804,3439,1038,2274,3312,277,1123,1400,38596,39369,77965
2020-08-14,2947,2861,5808,3347,3480,6827,7612,8046,15658,8284,7791,16075,6407,6052,12459,4749,4135,8884,2788,2276,5064,1658,1822,3480,1054,2303,3357,280,1136,1416,39126,39902,79028
2020-08-15,2964,2881,5845,3388,3517,6905,7701,8149,15850,8392,7889,16281,6472,6131,12603,4807,4189,8996,2826,2318,5144,1688,1861,3549,1072,2364,3436,283,1165,1448,39593,40464,80057
2020-08-16,2983,2903,5886,3422,3535,6957,7785,8209,15994,8457,7957,16414,6540,6186,12726,4848,4227,9075,2855,2342,5197,1711,1879,3590,1083,2381,3464,286,1179,1465,39970,40798,80768
2020-08-17,3007,2919,5926,3470,3578,7048,7872,8327,16199,8568,8078,16646,6623,6262,12885,4920,4276,9196,2895,2371,5266,1738,1893,3631,1091,2403,3494,287,1186,1473,40471,41293,81764
2020-08-18,3030,2954,5984,3524,3616,7140,8000,8444,16444,8734,8201,16935,6740,6358,13098,5010,4370,9380,2937,2414,5351,1763,1923,3686,1105,2452,3557,292,1218,1510,41135,41950,83085
2020-08-19,3064,2986,6050,3568,3659,7227,8151,8575,16726,8886,8330,17216,6854,6481,13335,5092,4459,9551,2990,2456,5446,1785,1955,3740,1120,2487,3607,299,1239,1538,41809,42627,84436
2020-08-20,3095,3011,6106,3628,3701,7329,8265,8703,16968,9028,8452,17480,6963,6557,13520,5163,4522,9685,3049,2495,5544,1810,1983,3793,1139,2522,3661,303,1260,1563,42443,43206,85649
2020-08-21,3119,3035,6154,3678,3754,7432,8393,8828,17221,9172,8585,17757,7054,6663,13717,5243,4597,9840,3095,2528,5623,1832,2007,3839,1155,2542,3697,305,1270,1575,43046,43809,86855
2020-08-22,3147,3059,6206,3722,3788,7510,8497,8935,17432,9266,8702,17968,7141,6736,13877,5297,4658,9955,3137,2561,5698,1859,2031,3890,1165,2560,3725,306,1273,1579,43537,44303,87840
2020-08-23,3173,3084,6257,3764,3838,7602,8582,9029,17611,9349,8782,18131,7213,6814,14027,5357,4712,10069,3174,2602,5776,1880,2047,3927,1185,2585,3770,310,1282,1592,43987,44775,88762
2020-08-24,3210,3114,6324,3817,3882,7699,8728,9165,17893,9505,8921,18426,7342,6944,14286,5446,4801,10247,3231,2659,5890,1909,2074,3983,1199,2599,3798,313,1291,1604,44700,45450,90150
2020-08-25,3251,3141,6392,3874,3927,7801,8853,9324,18177,9671,9096,18767,7458,7071,14529,5548,4898,10446,3295,2707,6002,1951,2112,4063,1219,2639,3858,316,1307,1623,45436,46222,91658
2020-08-26,3289,3174,6463,3936,3991,7927,9003,9473,18476,9840,9241,19081,7625,7204,14829,5658,4976,10634,3352,2758,6110,1987,2157,4144,1238,2681,3919,317,1328,1645,46245,46983,93228
2020-08-27,3322,3217,6539,3997,4053,8050,9154,9647,18801,10017,9402,19419,7748,7342,15090,5754,5061,10815,3406,2812,6218,2017,2179,4196,1253,2728,3981,323,1348,1671,46991,47789,94780
2020-08-28,3345,3237,6582,4054,4116,8170,9297,9797,19094,10162,9544,19706,7857,7444,15301,5858,5153,11011,3461,2868,6329,2050,2209,4259,1266,2757,4023,323,1359,1682,47673,48484,96157
2020-08-29,3371,3256,6627,4087,4153,8240,9396,9897,19293,10266,9672,19938,7949,7538,15487,5926,5219,11145,3506,2914,6420,2068,2237,4305,1281,2777,4058,325,1364,1689,48175,49027,97202
2020-08-30,3385,3269,6654,4121,4196,8317,9473,9975,19448,10348,9758,20106,8021,7622,15643,5993,5273,11266,3548,2946,6494,2093,2255,4348,1291,2804,4095,327,1370,1697,48600,49468,98068
2020-08-31,3411,3290,6701,4166,4247,8413,9616,10115,19731,10502,9923,20425,8160,7728,15888,6080,5354,11434,3604,2990,6594,2123,2306,4429,1308,2863,4171,335,1388,1723,49305,50204,99509
2020-09-01,3432,3312,6744,4222,4299,8521,9731,10247,19978,10666,10055,20721,8301,7854,16155,6158,5422,11580,3660,3043,6703,2149,2339,4488,1326,2905,4231,339,1409,1748,49984,50885,100869
2020-09-02,3455,3328,6783,4266,4338,8604,9829,10360,20189,10789,10179,20968,8403,7948,16351,6225,5488,11713,3706,3083,6789,2169,2366,4535,1344,2924,4268,340,1412,1752,50526,51426,101952
2020-09-03,3467,3352,6819,4310,4368,8678,9949,10475,20424,10920,10306,21226,8511,8048,16559,6303,5551,11854,3756,3122,6878,2196,2399,4595,1360,2945,4305,343,1419,1762,51115,51985,103100
2020-09-04,3492,3372,6864,4349,4425,8774,10094,10584,20678,11040,10434,21474,8611,8164,16775,6377,5626,12003,3799,3157,6956,2215,2429,4644,1367,2961,4328,347,1432,1779,51691,52584,104275
2020-09-05,3504,3390,6894,4385,4453,8838,10179,10691,20870,11145,10537,21682,8716,8264,16980,6435,5684,12119,3831,3195,7026,2246,2456,4702,1377,2990,4367,348,1443,1791,52166,53103,105269
2020-09-06,3521,3407,6928,4421,4485,8906,10243,10755,20998,11207,10602,21809,8780,8322,17102,6483,5733,12216,3867,3226,7093,2268,2482,4750,1387,3004,4391,351,1449,1800,52528,53465,105993
2020-09-07,3543,3426,6969,4460,4526,8986,10367,10883,21250,11334,10722,22056,8880,8437,17317,6576,5813,12389,3922,3271,7193,2311,2520,4831,1411,3042,4453,353,1472,1825,53157,54112,107269
2020-09-08,3565,3447,7012,4504,4576,9080,10490,10999,21489,11476,10864,22340,9008,8559,17567,6660,5895,12555,3969,3313,7282,2345,2548,4893,1428,3080,4508,357,1482,1839,53802,54763,108565
2020-09-09,3591,3473,7064,4548,4626,9174,10629,11129,21758,11620,10999,22619,9113,8660,17773,6732,5964,12696,4033,3356,7389,2378,2579,4957,1437,3101,4538,361,1497,1858,54442,55384,109826
2020-09-10,3627,3494,7121,4586,4677,9263,10722,11240,21962,11739,11109,22848,9224,8762,17986,6820,6028,12848,4090,3391,7481,2409,2618,5027,1448,3149,4597,365,1526,1891,55030,55994,111024
2020-09-11,3658,3519,7177,4626,4731,9357,10821,11367,22188,11862,11216,23078,9345,8870,18215,6896,6112,13008,4123,3423,7546,2444,2650,5094,1460,3169,4629,366,1530,1896,55601,56587,112188
2020-09-12,3674,3531,7205,4654,4769,9423,10895,11446,22341,11940,11304,23244,9414,8957,18371,6948,6168,13116,4158,3460,7618,2458,2669,5127,1471,3196,4667,367,1546,1913,55979,57046,113025
2020-09-13,3690,3549,7239,4685,4795,9480,10957,11531,22488,12018,11376,23394,9477,9030,18507,6990,6204,13194,4196,3499,7695,2487,2689,5176,1477,3216,4693,369,1548,1917,56346,57437,113783
2020-09-14,3708,3566,7274,4726,4829,9555,11062,11643,22705,12135,11496,23631,9563,9111,18674,7059,6286,13345,4237,3536,7773,2519,2714,5233,1484,3239,4723,373,1555,1928,56866,57975,114841
2020-09-15,3737,3579,7316,4762,4869,9631,11147,11742,22889,12231,11596,23827,9643,9211,18854,7147,6353,13500,4290,3575,7865,2537,2740,5277,1499,3263,4762,375,1565,1940,57368,58493,115861
2020-09-16,3761,3596,7357,4809,4907,9716,11243,11843,23086,12332,11707,24039,9752,9289,19041,7218,6421,13639,4322,3607,7929,2556,2778,5334,1508,3290,4798,378,1579,1957,57879,59017,116896
2020-09-17,3777,3615,7392,4840,4946,9786,11346,11937,23283,12410,11811,24221,9832,9371,19203,7270,6474,13744,4371,3632,8003,2576,2799,5375,1522,3299,4821,380,1586,1966,58324,59470,117794
2020-09-18,3809,3646,7455,4879,4991,9870,11437,12054,23491,12508,11920,24428,9902,9448,19350,7324,6518,13842,4411,3660,8071,2593,2832,5425,1534,3317,4851,380,1594,1974,58777,59980,118757
2020-09-19,3820,3662,7482,4910,5023,9933,11495,12112,23607,12585,12009,24594,9973,9492,19465,7366,6561,13927,4451,3688,8139,2605,2851,5456,1538,3332,4870,381,1600,1981,59124,60330,119454
2020-09-20,3833,3677,7510,4935,5042,9977,11546,12165,23711,12633,12077,24710,10012,9534,19546,7390,6586,13976,4479,3723,8202,2622,2876,5498,1544,3341,4885,381,1606,1987,59375,60627,120002
2020-09-21,3852,3690,7542,4979,5074,10053,11633,12249,23882,12728,12143,24871,10100,9592,19692,7433,6635,14068,4519,3757,8276,2648,2908,5556,1555,3358,4913,381,1610,1991,59828,61016,120844
2020-09-22,3874,3702,7576,5016,5113,10129,11737,12337,24074,12827,12246,25073,10165,9673,19838,7494,6686,14180,4556,3798,8354,2668,2929,5597,1572,3388,4960,384,1621,2005,60293,61493,121786
2020-09-23,3895,3723,7618,5050,5157,10207,11832,12427,24259,12915,12333,25248,10237,9766,20003,7554,6740,14294,4590,3834,8424,2692,2955,5647,1580,3401,4981,388,1625,2013,60733,61961,122694
2020-09-24,3916,3741,7657,5088,5199,10287,11930,12525,24455,13006,12444,25450,10303,9833,20136,7625,6791,14416,4641,3870,8511,2715,2971,5686,1598,3424,5022,390,1629,2019,61212,62427,123639
2020-09-25,3936,3766,7702,5121,5232,10353,12026,12608,24634,13083,12550,25633,10392,9916,20308,7692,6860,14552,4684,3905,8589,2749,3006,5755,1607,3439,5046,393,1643,2036,61683,62925,124608
2020-09-26,3949,3779,7728,5152,5260,10412,12083,12667,24750,13142,12610,25752,10459,9969,20428,7730,6911,14641,4707,3934,8641,2768,3027,5795,1617,3454,5071,394,1650,2044,62001,63261,125262
2020-09-27,3969,3794,7763,5176,5294,10470,12159,12715,24874,13214,12674,25888,10523,10015,20538,7770,6953,14723,4731,3948,8679,2790,3040,5830,1623,3465,5088,397,1652,2049,62352,63550,125902
2020-09-28,3990,3812,7802,5215,5329,10544,12239,12819,25058,13314,12770,26084,10597,10087,20684,7827,7012,14839,4782,3987,8769,2809,3072,5881,1641,3485,5126,399,1658,2057,62813,64031,126844
2020-09-29,4025,3828,7853,5246,5350,10596,12347,12920,25267,13412,12857,26269,10681,10161,20842,7884,7072,14956,4822,4035,8857,2837,3107,5944,1649,3506,5155,399,1668,2067,63302,64504,127806
2020-09-30,4044,3851,7895,5274,5385,10659,12455,13032,25487,13506,12952,26458,10758,10240,20998,7943,7135,15078,4870,4064,8934,2864,3121,5985,1662,3527,5189,402,1672,2074,63778,64979,128757
2020-10-01,4065,3869,7934,5303,5421,10724,12549,13134,25683,13592,13043,26635,10824,10304,21128,7999,7199,15198,4902,4106,9008,2876,3145,6021,1671,3544,5215,404,1680,2084,64185,65445,129630
2020-10-02,4089,3886,7975,5342,5454,10796,12642,13221,25863,13667,13134,26801,10886,10384,21270,8057,7271,15328,4938,4148,9086,2896,3169,6065,1687,3563,5250,407,1691,2098,64611,65921,130532
2020-10-03,4111,3897,8008,5364,5486,10850,12702,13267,25969,13729,13179,26908,10931,10443,21374,8098,7323,15421,4964,4160,9124,2907,3177,6084,1692,3575,5267,408,1695,2103,64906,66202,131108
2020-10-04,4119,3904,8023,5387,5506,10893,12750,13321,26071,13778,13234,27012,10970,10477,21447,8129,7354,15483,4981,4184,9165,2922,3184,6106,1698,3584,5282,408,1701,2109,65142,66449,131591
2020-10-05,4130,3920,8050,5416,5534,10950,12829,13423,26252,13872,13311,27183,11035,10534,21569,8181,7409,15590,5028,4221,9249,2944,3206,6150,1705,3599,5304,409,1707,2116,65549,66864,132413
2020-10-06,4157,3938,8095,5444,5576,11020,12925,13525,26450,13972,13402,27374,11117,10603,21720,8244,7471,15715,5065,4251,9316,2961,3225,6186,1717,3615,5332,411,1712,2123,66013,67318,133331
2020-10-07,4172,3949,8121,5473,5612,11085,13024,13618,26642,14040,13488,27528,11200,10678,21878,8301,7525,15826,5092,4272,9364,2974,3246,6220,1727,3637,5364,411,1720,2131,66414,67745,134159
2020-10-08,4192,3964,8156,5502,5651,11153,13111,13706,26817,14126,13569,27695,11252,10755,22007,8350,7580,15930,5120,4302,9422,2990,3274,6264,1739,3671,5410,413,1734,2147,66795,68206,135001
2020-10-09,4211,3983,8194,5529,5686,11215,13177,13804,26981,14220,13666,27886,11316,10824,22140,8405,7637,16042,5146,4337,9483,3007,3299,6306,1755,3703,5458,415,1747,2162,67181,68686,135867
2020-10-10,4222,3989,8211,5550,5719,11269,13230,13863,27093,14278,13731,28009,11378,10875,22253,8446,7691,16137,5173,4363,9536,3024,3315,6339,1759,3714,5473,416,1748,2164,67476,69008,136484
2020-10-11,4236,4006,8242,5568,5744,11312,13268,13907,27175,14318,13789,28107,11420,10906,22326,8477,7725,16202,5186,4384,9570,3038,3329,6367,1767,3731,5498,418,1755,2173,67696,69276,136972
2020-10-12,4260,4023,8283,5592,5776,11368,13334,13954,27288,14386,13849,28235,11472,10953,22425,8515,7770,16285,5213,4408,9621,3056,3343,6399,1771,3748,5519,418,1761,2179,68017,69585,137602
2020-10-13,4277,4042,8319,5628,5810,11438,13422,14036,27458,14493,13936,28429,11542,11020,22562,8569,7811,16380,5252,4432,9684,3066,3362,6428,1778,3771,5549,419,1770,2189,68446,69990,138436
2020-10-14,4292,4058,8350,5665,5846,11511,13506,14120,27626,14569,14008,28577,11616,11087,22703,8631,7874,16505,5276,4459,9735,3087,3381,6468,1786,3779,5565,420,1776,2196,68848,70388,139236
2020-10-15,4308,4078,8386,5717,5895,11612,13601,14198,27799,14657,14090,28747,11681,11153,22834,8672,7919,16591,5301,4486,9787,3108,3400,6508,1793,3798,5591,423,1781,2204,69261,70798,140059
2020-10-16,4327,4091,8418,5748,5939,11687,13673,14301,27974,14735,14171,28906,11751,11215,22966,8718,7958,16676,5331,4520,9851,3126,3421,6547,1803,3822,5625,425,1795,2220,69637,71233,140870
2020-10-17,4340,4109,8449,5779,5963,11742,13729,14353,28082,14801,14245,29046,11794,11251,23045,8751,7991,16742,5351,4543,9894,3135,3430,6565,1811,3829,5640,427,1798,2225,69918,71512,141430
2020-10-18,4351,4117,8468,5798,5986,11784,13769,14394,28163,14845,14275,29120,11819,11279,23098,8775,8018,16793,5366,4559,9925,3149,3443,6592,1812,3839,5651,427,1801,2228,70111,71711,141822
2020-10-19,4370,4132,8502,5824,6015,11839,13831,14452,28283,14898,14334,29232,11887,11326,23213,8818,8055,16873,5398,4581,9979,3168,3464,6632,1816,3853,5669,428,1805,2233,70438,72017,142455
2020-10-20,4378,4143,8521,5841,6039,11880,13905,14531,28436,14970,14395,29365,11936,11380,23316,8870,8092,16962,5422,4606,10028,3182,3473,6655,1828,3871,5699,429,1812,2241,70761,72342,143103
2020-10-21,4393,4154,8547,5866,6067,11933,13959,14587,28546,15025,14447,29472,11988,11420,23408,8900,8131,17031,5448,4628,10076,3195,3487,6682,1831,3878,5709,430,1815,2245,71035,72614,143649
2020-10-22,4407,4164,8571,5893,6091,11984,14015,14654,28669,15075,14492,29567,12031,11456,23487,8925,8158,17083,5469,4642,10111,3205,3500,6705,1837,3885,5722,430,1815,2245,71287,72857,144144
2020-10-23,4420,4174,8594,5918,6111,12029,14064,14726,28790,15123,14551,29674,12084,11502,23586,8963,8188,17151,5500,4665,10165,3213,3512,6725,1847,3893,5740,431,1816,2247,71563,73138,144701
2020-10-24,4428,4186,8614,5938,6128,12066,14105,14771,28876,15160,14599,29759,12118,11532,23650,8998,8212,17210,5516,4679,10195,3225,3524,6749,1851,3899,5750,431,1820,2251,71770,73350,145120
2020-10-25,4437,4197,8634,5950,6143,12093,14140,14809,28949,15188,14633,29821,12150,11560,23710,9018,8235,17253,5533,4685,10218,3230,3533,6763,1854,3903,5757,431,1821,2252,71931,73519,145450
2020-10-26,4450,4202,8652,5962,6179,12141,14190,14855,29045,15255,14689,29944,12188,11598,23786,9053,8270,17323,5556,4704,10260,3238,3542,6780,1864,3912,5776,435,1825,2260,72191,73776,145967
2020-10-27,4457,4213,8670,5990,6208,12198,14251,14916,29167,15312,14744,30056,12241,11645,23886,9092,8307,17399,5575,4730,10305,3247,3557,6804,1874,3927,5801,436,1827,2263,72475,74074,146549
2020-10-28,4473,4226,8699,6019,6229,12248,14303,14969,29272,15361,14788,30149,12281,11678,23959,9120,8337,17457,5600,4748,10348,3254,3567,6821,1881,3932,5813,438,1829,2267,72730,74303,147033
2020-10-29,4485,4232,8717,6034,6245,12279,14349,15012,29361,15408,14832,30240,12320,11708,24028,9140,8359,17499,5614,4763,10377,3272,3573,6845,1886,3944,5830,438,1836,2274,72946,74504,147450
2020-10-30,4492,4237,8729,6042,6252,12294,14383,15049,29432,15457,14860,30317,12348,11744,24092,9155,8379,17534,5626,4778,10404,3282,3584,6866,1889,3948,5837,439,1838,2277,73113,74669,147782
2020-10-31,4494,4241,8735,6051,6267,12318,14404,15076,29480,15487,14890,30377,12367,11765,24132,9170,8396,17566,5637,4788,10425,3286,3590,6876,1893,3952,5845,439,1838,2277,73228,74803,148031
2020-11-01,4504,4251,8755,6062,6280,12342,14446,15107,29553,15521,14918,30439,12395,11793,24188,9188,8416,17604,5653,4797,10450,3292,3596,6888,1895,3956,5851,439,1839,2278,73395,74953,148348
2020-11-02,4513,4261,8774,6072,6306,12378,14481,15154,29635,15566,14958,30524,12433,11826,24259,9220,8442,17662,5668,4807,10475,3295,3605,6900,1899,3963,5862,439,1843,2282,73586,75165,148751
2020-11-03,4523,4267,8790,6093,6317,12410,14535,15190,29725,15599,14993,30592,12469,11855,24324,9244,8464,17708,5680,4828,10508,3299,3614,6913,1900,3972,5872,439,1845,2284,73781,75345,149126
2020-11-04,4532,4272,8804,6101,6333,12434,14582,15237,29819,15641,15036,30677,12494,11888,24382,9269,8494,17763,5699,4840,10539,3304,3627,6931,1903,3978,5881,439,1848,2287,73964,75553,149517
2020-11-05,4547,4282,8829,6132,6354,12486,14635,15301,29936,15698,15076,30774,12529,11926,24455,9298,8518,17816,5720,4858,10578,3316,3639,6955,1906,3994,5900,440,1854,2294,74221,75802,150023
2020-11-06,4559,4289,8848,6154,6372,12526,14663,15343,30006,15743,15120,30863,12564,11954,24518,9324,8539,17863,5740,4878,10618,3328,3651,6979,1910,4001,5911,440,1856,2296,74425,76003,150428
2020-11-07,4567,4296,8863,6162,6381,12543,14691,15380,30071,15781,15164,30945,12597,11983,24580,9338,8559,17897,5755,4895,10650,3336,3660,6996,1914,4004,5918,440,1856,2296,74581,76178,150759
2020-11-08,4576,4302,8878,6167,6396,12563,14710,15423,30133,15810,15187,30997,12623,12000,24623,9356,8581,17937,5769,4903,10672,3342,3662,7004,1917,4009,5926,441,1856,2297,74711,76319,151030
2020-11-09,4589,4307,8896,6187,6416,12603,14750,15476,30226,15850,15227,31077,12669,12038,24707,9396,8627,18023,5786,4922,10708,3360,3667,7027,1918,4016,5934,441,1858,2299,74946,76554,151500
2020-11-10,4599,4317,8916,6204,6433,12637,14803,15530,30333,15915,15266,31181,12700,12067,24767,9419,8647,18066,5807,4941,10748,3376,3691,7067,1923,4024,5947,444,1859,2303,75190,76775,151965
2020-11-11,4609,4324,8933,6221,6454,12675,14856,15577,30433,15961,15318,31279,12740,12101,24841,9455,8668,18123,5824,4958,10782,3387,3706,7093,1925,4031,5956,445,1863,2308,75423,77000,152423
2020-11-12,4620,4332,8952,6243,6473,12716,14908,15623,30531,15999,15355,31354,12776,12137,24913,9479,8691,18170,5838,4970,10808,3391,3713,7104,1929,4034,5963,445,1867,2312,75628,77195,152823
2020-11-13,4629,4336,8965,6264,6489,12753,14950,15668,30618,16038,15386,31424,12817,12170,24987,9503,8712,18215,5859,4990,10849,3404,3718,7122,1932,4043,5975,447,1874,2321,75843,77386,153229
2020-11-14,4636,4342,8978,6281,6506,12787,14983,15704,30687,16076,15416,31492,12844,12191,25035,9533,8732,18265,5876,5001,10877,3413,3725,7138,1936,4048,5984,447,1875,2322,76025,77540,153565
2020-11-15,4640,4349,8989,6290,6525,12815,15007,15730,30737,16097,15441,31538,12870,12208,25078,9551,8746,18297,5885,5011,10896,3420,3733,7153,1938,4057,5995,448,1875,2323,76146,77675,153821
2020-11-16,4646,4359,9005,6308,6544,12852,15036,15772,30808,16133,15472,31605,12896,12236,25132,9571,8770,18341,5897,5023,10920,3432,3745,7177,1946,4061,6007,448,1876,2324,76313,77858,154171
2020-11-17,4654,4365,9019,6330,6564,12894,15088,15817,30905,16173,15516,31689,12934,12270,25204,9598,8801,18399,5915,5039,10954,3441,3754,7195,1951,4074,6025,449,1881,2330,76533,78081,154614
2020-11-18,4659,4372,9031,6348,6587,12935,15135,15872,31007,16222,15551,31773,12973,12300,25273,9621,8834,18455,5927,5055,10982,3454,3766,7220,1955,4085,6040,449,1886,2335,76743,78308,155051
2020-11-19,4663,4376,9039,6362,6604,12966,15182,15905,31087,16253,15580,31833,12992,12327,25319,9648,8856,18504,5942,5069,11011,3460,3773,7233,1957,4089,6046,449,1890,2339,76908,78469,155377
2020-11-20,4668,4381,9049,6382,6628,13010,15223,15932,31155,16282,15602,31884,13013,12340,25353,9660,8871,18531,5958,5083,11041,3466,3778,7244,1963,4093,6056,450,1891,2341,77065,78599,155664
2020-11-21,4675,4392,9067,6395,6644,13039,15252,15969,31221,16316,15631,31947,13031,12377,25408,9673,8887,18560,5972,5097,11069,3472,3785,7257,1966,4096,6062,450,1894,2344,77202,78772,155974
2020-11-22,4679,4395,9074,6406,6652,13058,15273,15993,31266,16335,15652,31987,13051,12393,25444,9684,8895,18579,5986,5102,11088,3478,3794,7272,1967,4097,6064,450,1895,2345,77309,78868,156177
2020-11-23,4684,4399,9083,6413,6659,13072,15293,16023,31316,16367,15676,32043,13070,12404,25474,9693,8914,18607,5994,5107,11101,3488,3800,7288,1969,4099,6068,450,1897,2347,77421,78978,156399
2020-11-24,4691,4403,9094,6423,6675,13098,15336,16071,31407,16410,15716,32126,13100,12423,25523,9713,8929,18642,6014,5120,11134,3495,3807,7302,1972,4101,6073,450,1899,2349,77604,79144,156748
2020-11-25,4706,4409,9115,6441,6693,13134,15387,16121,31508,16464,15764,32228,13136,12459,25595,9742,8951,18693,6031,5134,11165,3501,3821,7322,1977,4107,6084,450,1901,2351,77835,79360,157195
2020-11-26,4709,4423,9132,6455,6717,13172,15428,16163,31591,16517,15793,32310,13161,12483,25644,9759,8981,18740,6041,5148,11189,3505,3826,7331,1982,4112,6094,451,1904,2355,78008,79550,157558
2020-11-27,4716,4428,9144,6474,6730,13204,15476,16202,31678,16558,15818,32376,13191,12511,25702,9782,9000,18782,6055,5163,11218,3515,3832,7347,1985,4115,6100,453,1906,2359,78205,79705,157910
2020-11-28,4722,4435,9157,6491,6745,13236,15506,16243,31749,16589,15844,32433,13214,12535,25749,9793,9017,18810,6064,5178,11242,3519,3835,7354,1986,4118,6104,453,1907,2360,78337,79857,158194
2020-11-29,4729,4435,9164,6503,6760,13263,15536,16277,31813,16625,15868,32493,13238,12553,25791,9811,9031,18842,6069,5190,11259,3522,3839,7361,1991,4123,6114,455,1907,2362,78479,79983,158462
2020-11-30,4737,4440,9177,6518,6775,13293,15579,16312,31891,16655,15897,32552,13269,12573,25842,9826,9054,18880,6076,5202,11278,3532,3850,7382,1994,4131,6125,455,1910,2365,78641,80144,158785
2020-12-01,4747,4445,9192,6532,6786,13318,15615,16344,31959,16687,15943,32630,13303,12598,25901,9842,9067,18909,6087,5211,11298,3538,3855,7393,1997,4134,6131,455,1911,2366,78803,80294,159097
2020-12-02,4749,4449,9198,6542,6800,13342,15642,16371,32013,16714,15969,32683,13321,12622,25943,9850,9078,18928,6099,5219,11318,3544,3867,7411,2000,4139,6139,458,1916,2374,78919,80430,159349
2020-12-03,4755,4454,9209,6556,6814,13370,15675,16391,32066,16752,16003,32755,13351,12637,25988,9864,9094,18958,6112,5232,11344,3551,3878,7429,2003,4144,6147,460,1917,2377,79079,80564,159643
2020-12-04,4765,4460,9225,6572,6834,13406,15699,16429,32128,16791,16043,32834,13382,12666,26048,9886,9114,19000,6125,5245,11370,3559,3883,7442,2009,4147,6156,460,1917,2377,79248,80738,159986
2020-12-05,4771,4466,9237,6584,6850,13434,15724,16461,32185,16818,16070,32888,13401,12693,26094,9904,9132,19036,6139,5256,11395,3564,3895,7459,2015,4151,6166,460,1917,2377,79380,80891,160271
2020-12-06,4778,4470,9248,6592,6857,13449,15748,16483,32231,16842,16090,32932,13421,12715,26136,9922,9146,19068,6149,5265,11414,3569,3900,7469,2020,4152,6172,460,1917,2377,79501,80995,160496
2020-12-07,4782,4475,9257,6598,6871,13469,15768,16508,32276,16863,16112,32975,13449,12733,26182,9935,9164,19099,6161,5275,11436,3575,3905,7480,2022,4154,6176,460,1919,2379,79613,81116,160729
2020-12-08,4790,4478,9268,6613,6885,13498,15794,16537,32331,16900,16146,33046,13489,12753,26242,9957,9182,19139,6181,5281,11462,3585,3915,7500,2025,4158,6183,461,1921,2382,79795,81256,161051
2020-12-09,4796,4488,9284,6640,6903,13543,15841,16577,32418,16943,16182,33125,13527,12791,26318,9986,9208,19194,6197,5299,11496,3592,3928,7520,2026,4163,6189,462,1924,2386,80010,81463,161473
2020-12-10,4802,4497,9299,6658,6930,13588,15876,16631,32507,16998,16221,33219,13567,12837,26404,10009,9230,19239,6213,5314,11527,3600,3941,7541,2029,4168,6197,462,1926,2388,80214,81695,161909
2020-12-11,4814,4506,9320,6670,6943,13613,15929,16682,32611,17032,16264,33296,13604,12862,26466,10026,9262,19288,6224,5331,11555,3604,3952,7556,2034,4174,6208,462,1927,2389,80399,81903,162302
2020-12-12,4822,4510,9332,6688,6958,13646,15982,16731,32713,17069,16293,33362,13629,12887,26516,10039,9279,19318,6237,5344,11581,3616,3958,7574,2036,4174,6210,462,1927,2389,80580,82061,162641
2020-12-13,4824,4515,9339,6705,6975,13680,16022,16764,32786,17099,16332,33431,13652,12910,26562,10054,9299,19353,6255,5356,11611,3624,3963,7587,2041,4177,6218,463,1927,2390,80739,82218,162957
2020-12-14,4829,4519,9348,6727,6993,13720,16084,16825,32909,17166,16380,33546,13692,12953,26645,10084,9325,19409,6272,5381,11653,3636,3974,7610,2045,4187,6232,463,1929,2392,80998,82466,163464
2020-12-15,4833,4524,9357,6754,7014,13768,16151,16884,33035,17226,16435,33661,13743,12986,26729,10106,9356,19462,6293,5388,11681,3646,3981,7627,2053,4190,6243,465,1931,2396,81270,82689,163959
2020-12-16,4843,4534,9377,6773,7048,13821,16242,16946,33188,17271,16477,33748,13773,13015,26788,10133,9387,19520,6306,5404,11710,3661,3990,7651,2063,4195,6258,467,1935,2402,81532,82931,164463
2020-12-17,4853,4539,9392,6805,7085,13890,16354,17038,33392,17340,16542,33882,13814,13070,26884,10157,9423,19580,6322,5428,11750,3675,4003,7678,2067,4201,6268,468,1936,2404,81855,83265,165120
2020-12-18,4857,4550,9407,6846,7109,13955,16446,17122,33568,17411,16614,34025,13868,13120,26988,10192,9459,19651,6343,5452,11795,3691,4017,7708,2070,4214,6284,468,1946,2414,82192,83603,165795
2020-12-19,4867,4556,9423,6874,7138,14012,16513,17177,33690,17469,16669,34138,13912,13162,27074,10221,9489,19710,6362,5469,11831,3703,4028,7731,2075,4221,6296,468,1947,2415,82464,83856,166320
2020-12-20,4872,4565,9437,6902,7153,14055,16576,17227,33803,17504,16713,34217,13957,13218,27175,10254,9505,19759,6388,5488,11876,3712,4035,7747,2078,4225,6303,471,1949,2420,82714,84078,166792
2020-12-21,4882,4574,9456,6935,7188,14123,16670,17335,34005,17592,16796,34388,14023,13274,27297,10309,9548,19857,6430,5513,11943,3730,4052,7782,2082,4233,6315,471,1950,2421,83124,84463,167587
2020-12-22,4891,4587,9478,6970,7228,14198,16760,17431,34191,17710,16869,34579,14080,13338,27418,10363,9601,19964,6455,5540,11995,3743,4067,7810,2087,4242,6329,472,1953,2425,83531,84856,168387
2020-12-23,4901,4599,9500,7005,7273,14278,16897,17551,34448,17817,16963,34780,14152,13412,27564,10438,9657,20095,6476,5572,12048,3770,4089,7859,2091,4254,6345,473,1954,2427,84020,85324,169344
2020-12-24,4902,4601,9503,7032,7301,14333,16960,17610,34570,17888,17011,34899,14186,13462,27648,10467,9681,20148,6495,5582,12077,3782,4096,7878,2093,4260,6353,473,1955,2428,84278,85559,169837
2020-12-25,4905,4608,9513,7049,7319,14368,17003,17648,34651,17926,17037,34963,14228,13493,27721,10489,9703,20192,6515,5594,12109,3788,4103,7891,2093,4261,6354,473,1956,2429,84469,85722,170191
2020-12-26,4917,4618,9535,7086,7361,14447,17122,17756,34878,18032,17128,35160,14302,13580,27882,10564,9763,20327,6557,5637,12194,3802,4119,7921,2097,4268,6365,473,1957,2430,84952,86187,171139
2020-12-27,4933,4624,9557,7114,7404,14518,17230,17852,35082,18119,17198,35317,14362,13636,27998,10614,9798,20412,6579,5668,12247,3818,4134,7952,2098,4274,6372,473,1957,2430,85340,86545,171885
2020-12-28,4951,4643,9594,7165,7478,14643,17378,17996,35374,18235,17329,35564,14487,13733,28220,10710,9869,20579,6622,5705,12327,3852,4166,8018,2108,4291,6399,475,1959,2434,85983,87169,173152
2020-12-29,4960,4663,9623,7229,7555,14784,17569,18178,35747,18393,17468,35861,14589,13830,28419,10778,9951,20729,6669,5758,12427,3886,4200,8086,2119,4299,6418,477,1962,2439,86669,87864,174533
2020-12-30,4985,4682,9667,7307,7639,14946,17751,18332,36083,18546,17612,36158,14698,13945,28643,10861,10033,20894,6714,5823,12537,3918,4232,8150,2128,4312,6440,480,1966,2446,87388,88576,175964
2020-12-31,4993,4691,9684,7354,7688,15042,17898,18459,36357,18627,17692,36319,14760,14017,28777,10905,10072,20977,6741,5845,12586,3942,4246,8188,2132,4316,6448,480,1966,2446,87832,88992,176824
2021-01-01,4998,4694,9692,7374,7707,15081,17930,18500,36430,18669,17734,36403,14783,14050,28833,10925,10093,21018,6760,5868,12628,3951,4256,8207,2133,4319,6452,480,1966,2446,88003,89187,177190
2021-01-02,5005,4705,9710,7429,7762,15191,18036,18617,36653,18773,17826,36599,14871,14136,29007,10998,10165,21163,6803,5907,12710,3970,4278,8248,2138,4322,6460,486,1966,2452,88509,89684,178193
2021-01-03,5022,4719,9741,7476,7813,15289,18169,18770,36939,18874,17919,36793,14949,14215,29164,11057,10228,21285,6841,5939,12780,3991,4302,8293,2144,4328,6472,487,1967,2454,89010,90200,179210
2021-01-04,5039,4730,9769,7553,7885,15438,18396,18988,37384,19050,18073,37123,15064,14314,29378,11152,10335,21487,6893,5988,12881,4017,4334,8351,2157,4350,6507,489,1970,2459,89810,90967,180777
2021-01-05,5061,4754,9815,7637,7974,15611,18645,19241,37886,19215,18222,37437,15179,14417,29596,11252,10410,21662,6955,6041,12996,4036,4371,8407,2164,4368,6532,490,1979,2469,90634,91777,182411
2021-01-06,5077,4767,9844,7715,8065,15780,18886,19468,38354,19397,18368,37765,15300,14519,29819,11331,10492,21823,7009,6100,13109,4066,4401,8467,2170,4381,6551,491,1984,2475,91442,92545,183987
2021-01-07,5097,4782,9879,7784,8145,15929,19083,19676,38759,19541,18504,38045,15407,14632,30039,11413,10578,21991,7054,6146,13200,4087,4436,8523,2178,4390,6568,496,1987,2483,92140,93276,185416
2021-01-08,5112,4800,9912,7854,8218,16072,19275,19873,39148,19678,18625,38303,15520,14749,30269,11499,10656,22155,7108,6200,13308,4111,4459,8570,2185,4404,6589,497,1992,2489,92839,93976,186815
2021-01-09,5120,4809,9929,7906,8280,16186,19425,20041,39466,19793,18726,38519,15617,14839,30456,11555,10727,22282,7155,6240,13395,4125,4483,8608,2190,4416,6606,499,1994,2493,93385,94555,187940
2021-01-10,5129,4815,9944,7955,8319,16274,19534,20178,39712,19863,18805,38668,15677,14903,30580,11609,10774,22383,7181,6272,13453,4137,4504,8641,2197,4421,6618,502,1996,2498,93784,94987,188771
2021-01-11,5136,4825,9961,8028,8388,16416,19723,20366,40089,19975,18927,38902,15766,14984,30750,11687,10853,22540,7220,6317,13537,4170,4523,8693,2203,4431,6634,503,2000,2503,94411,95614,190025
2021-01-12,5146,4835,9981,8091,8472,16563,19925,20550,40475,20114,19052,39166,15852,15081,30933,11750,10932,22682,7265,6357,13622,4203,4552,8755,2215,4445,6660,503,2003,2506,95064,96279,191343
2021-01-13,5161,4853,10014,8166,8577,16743,20112,20749,40861,20250,19186,39436,15951,15179,31130,11827,11001,22828,7314,6410,13724,4231,4569,8800,2224,4453,6677,504,2006,2510,95740,96983,192723
2021-01-14,5181,4864,10045,8235,8656,16891,20271,20945,41216,20377,19282,39659,16030,15257,31287,11901,11080,22981,7356,6445,13801,4254,4599,8853,2235,4460,6695,508,2007,2515,96348,97595,193943
2021-01-15,5195,4875,10070,8330,8725,17055,20457,21101,41558,20502,19389,39891,16127,15336,31463,11981,11164,23145,7405,6481,13886,4274,4623,8897,2243,4474,6717,508,2010,2518,97022,98178,195200
2021-01-16,5203,4886,10089,8399,8803,17202,20577,21237,41814,20604,19481,40085,16197,15417,31614,12029,11216,23245,7441,6509,13950,4295,4639,8934,2249,4484,6733,509,2015,2524,97503,98687,196190
2021-01-17,5209,4894,10103,8458,8861,17319,20692,21361,42053,20686,19561,40247,16262,15477,31739,12081,11262,23343,7484,6534,14018,4315,4644,8959,2255,4490,6745,510,2016,2526,97952,99100,197052
2021-01-18,5222,4907,10129,8542,8942,17484,20912,21546,42458,20818,19680,40498,16353,15558,31911,12161,11342,23503,7537,6580,14117,4343,4676,9019,2264,4507,6771,511,2018,2529,98663,99756,198419
2021-01-19,5237,4914,10151,8624,9037,17661,21063,21721,42784,20956,19779,40735,16436,15654,32090,12215,11401,23616,7578,6621,14199,4369,4699,9068,2275,4525,6800,511,2024,2535,99264,100375,199639
2021-01-20,5244,4921,10165,8717,9112,17829,21234,21881,43115,21073,19877,40950,16524,15753,32277,12284,11467,23751,7613,6675,14288,4390,4724,9114,2287,4543,6830,511,2029,2540,99877,100982,200859
2021-01-21,5254,4930,10184,8801,9180,17981,21366,22030,43396,21191,19979,41170,16622,15849,32471,12351,11549,23900,7654,6713,14367,4416,4752,9168,2297,4564,6861,514,2032,2546,100466,101578,202044
2021-01-22,5274,4940,10214,8870,9243,18113,21500,22187,43687,21285,20077,41362,16689,15930,32619,12416,11617,24033,7695,6738,14433,4434,4772,9206,2309,4574,6883,516,2035,2551,100988,102113,203101
2021-01-23,5281,4953,10234,8948,9315,18263,21602,22294,43896,21365,20140,41505,16738,15990,32728,12471,11677,24148,7721,6772,14493,4455,4802,9257,2313,4585,6898,518,2035,2553,101412,102563,203975
2021-01-24,5290,4968,10258,9018,9376,18394,21736,22374,44110,21449,20218,41667,16785,16048,32833,12510,11716,24226,7753,6797,14550,4475,4815,9290,2317,4590,6907,518,2035,2553,101851,102937,204788
2021-01-25,5302,4981,10283,9136,9497,18633,21887,22524,44411,21569,20308,41877,16882,16145,33027,12574,11771,24345,7806,6835,14641,4499,4844,9343,2325,4605,6930,521,2035,2556,102501,103545,206046
2021-01-26,5316,4996,10312,9244,9620,18864,22021,22664,44685,21661,20395,42056,16961,16234,33195,12645,11838,24483,7850,6869,14719,4520,4867,9387,2335,4626,6961,523,2044,2567,103076,104153,207229
2021-01-27,5323,5012,10335,9363,9713,19076,22127,22791,44918,21753,20473,42226,17028,16312,33340,12702,11883,24585,7892,6903,14795,4536,4884,9420,2343,4638,6981,524,2046,2570,103591,104655,208246
2021-01-28,5335,5022,10357,9447,9820,19267,22277,22910,45187,21854,20549,42403,17109,16392,33501,12764,11937,24701,7935,6941,14876,4548,4904,9452,2347,4651,6998,524,2050,2574,104140,105176,209316
2021-01-29,5355,5037,10392,9536,9920,19456,22384,23030,45414,21940,20645,42585,17186,16477,33663,12822,12011,24833,7961,6976,14937,4566,4928,9494,2353,4667,7020,527,2053,2580,104630,105744,210374
2021-01-30,5363,5043,10406,9658,10014,19672,22479,23131,45610,22006,20719,42725,17247,16549,33796,12860,12064,24924,7991,7007,14998,4579,4945,9524,2355,4675,7030,528,2055,2583,105066,106202,211268
2021-01-31,5366,5056,10422,9767,10115,19882,22567,23236,45803,22054,20784,42838,17320,16622,33942,12906,12111,25017,8017,7037,15054,4597,4958,9555,2358,4680,7038,528,2057,2585,105480,106656,212136
2021-02-01,5377,5070,10447,9873,10244,20117,22700,23360,46060,22148,20868,43016,17414,16708,34122,12969,12179,25148,8062,7081,15143,4629,4994,9623,2365,4692,7057,528,2061,2589,106065,107257,213322
2021-02-02,5385,5085,10470,9954,10339,20293,22815,23492,46307,22244,20966,43210,17484,16786,34270,13036,12239,25275,8106,7112,15218,4644,5009,9653,2373,4712,7085,528,2064,2592,106569,107804,214373
2021-02-03,5400,5100,10500,10036,10401,20437,22936,23603,46539,22338,21060,43398,17556,16863,34419,13103,12314,25417,8146,7153,15299,4664,5033,9697,2384,4726,7110,531,2064,2595,107094,108317,215411
2021-02-04,5407,5109,10516,10097,10465,20562,23030,23704,46734,22412,21142,43554,17632,16925,34557,13165,12380,25545,8188,7180,15368,4682,5055,9737,2393,4743,7136,531,2069,2600,107537,108772,216309
2021-02-05,5416,5119,10535,10154,10515,20669,23112,23805,46917,22501,21225,43726,17693,17001,34694,13207,12436,25643,8220,7203,15423,4700,5075,9775,2398,4752,7150,532,2072,2604,107933,109203,217136
2021-02-06,5425,5125,10550,10188,10553,20741,23190,23877,47067,22560,21287,43847,17743,17063,34806,13241,12477,25718,8243,7231,15474,4715,5094,9809,2405,4757,7162,532,2074,2606,108242,109538,217780
2021-02-07,5430,5131,10561,10218,10584,20802,23240,23932,47172,22616,21347,43963,17783,17095,34878,13277,12515,25792,8270,7260,15530,4735,5104,9839,2409,4767,7176,532,2076,2608,108510,109811,218321
2021-02-08,5441,5147,10588,10282,10635,20917,23329,24022,47351,22693,21428,44121,17875,17182,35057,13333,12578,25911,8319,7297,15616,4756,5139,9895,2414,4782,7196,534,2078,2612,108976,110288,219264
2021-02-09,5450,5152,10602,10329,10665,20994,23403,24096,47499,22770,21500,44270,17937,17239,35176,13373,12622,25995,8351,7325,15676,4768,5156,9924,2420,4791,7211,535,2079,2614,109336,110625,219961
2021-02-10,5468,5160,10628,10366,10708,21074,23477,24183,47660,22849,21587,44436,17999,17299,35298,13415,12665,26080,8384,7348,15732,4785,5172,9957,2425,4800,7225,536,2082,2618,109704,111004,220708
2021-02-11,5474,5170,10644,10396,10744,21140,23555,24265,47820,22912,21644,44556,18055,17353,35408,13450,12728,26178,8426,7385,15811,4806,5192,9998,2430,4802,7232,538,2087,2625,110042,111370,221412
2021-02-12,5484,5180,10664,10438,10785,21223,23616,24334,47950,22989,21714,44703,18119,17404,35523,13491,12766,26257,8452,7411,15863,4825,5209,10034,2441,4815,7256,539,2090,2629,110394,111708,222102
2021-02-13,5494,5183,10677,10470,10811,21281,23674,24391,48065,23048,21767,44815,18169,17454,35623,13528,12800,26328,8470,7429,15899,4844,5230,10074,2444,4823,7267,542,2092,2634,110683,111980,222663
2021-02-14,5500,5188,10688,10495,10840,21335,23707,24439,48146,23088,21825,44913,18220,17500,35720,13560,12833,26393,8495,7456,15951,4857,5247,10104,2449,4829,7278,542,2093,2635,110913,112250,223163
2021-02-15,5503,5194,10697,10526,10872,21398,23758,24499,48257,23143,21889,45032,18272,17555,35827,13594,12868,26462,8520,7475,15995,4864,5254,10118,2455,4835,7290,542,2096,2638,111177,112537,223714
2021-02-16,5513,5207,10720,10549,10908,21457,23809,24560,48369,23204,21940,45144,18319,17601,35920,13620,12897,26517,8542,7506,16048,4878,5273,10151,2463,4842,7305,543,2101,2644,111440,112835,224275
2021-02-17,5529,5215,10744,10583,10940,21523,23896,24668,48564,23290,22017,45307,18384,17667,36051,13674,12954,26628,8590,7537,16127,4898,5288,10186,2470,4855,7325,544,2101,2645,111858,113242,225100
2021-02-18,5536,5229,10765,10621,10969,21590,23998,24779,48777,23370,22111,45481,18438,17741,36179,13714,13008,26722,8627,7559,16186,4920,5302,10222,2474,4861,7335,545,2106,2651,112243,113665,225908
2021-02-19,5542,5236,10778,10665,11009,21674,24075,24866,48941,23478,22195,45673,18502,17800,36302,13749,13055,26804,8657,7582,16239,4937,5315,10252,2476,4868,7344,545,2106,2651,112626,114032,226658
2021-02-20,5549,5241,10790,10693,11033,21726,24142,24936,49078,23547,22248,45795,18543,17858,36401,13785,13097,26882,8687,7602,16289,4951,5331,10282,2480,4876,7356,546,2107,2653,112923,114329,227252
2021-02-21,5559,5245,10804,10718,11066,21784,24206,24996,49202,23609,22312,45921,18591,17901,36492,13812,13134,26946,8710,7632,16342,4961,5342,10303,2483,4880,7363,546,2111,2657,113195,114619,227814
2021-02-22,5570,5255,10825,10758,11098,21856,24292,25076,49368,23692,22377,46069,18644,17942,36586,13865,13169,27034,8729,7658,16387,4976,5358,10334,2487,4887,7374,548,2111,2659,113561,114931,228492
2021-02-23,5583,5268,10851,10787,11137,21924,24392,25154,49546,23765,22464,46229,18700,17988,36688,13909,13211,27120,8771,7683,16454,4988,5372,10360,2496,4895,7391,551,2111,2662,113942,115283,229225
2021-02-24,5598,5276,10874,10824,11176,22000,24476,25229,49705,23832,22518,46350,18751,18049,36800,13943,13261,27204,8797,7708,16505,4999,5390,10389,2499,4900,7399,551,2115,2666,114270,115622,229892
2021-02-25,5613,5291,10904,10864,11224,22088,24577,25336,49913,23904,22600,46504,18806,18125,36931,13998,13307,27305,8832,7729,16561,5015,5411,10426,2504,4908,7412,554,2120,2674,114667,116051,230718
2021-02-26,5621,5301,10922,10905,11255,22160,24639,25409,50048,23974,22648,46622,18844,18186,37030,14045,13357,27402,8859,7758,16617,5033,5436,10469,2509,4922,7431,556,2122,2678,114985,116394,231379
2021-02-27,5631,5304,10935,10925,11280,22205,24699,25474,50173,24034,22698,46732,18885,18244,37129,14083,13387,27470,8892,7779,16671,5039,5452,10491,2516,4927,7443,556,2123,2679,115260,116668,231928
2021-02-28,5639,5306,10945,10949,11299,22248,24738,25526,50264,24093,22749,46842,18920,18286,37206,14113,13408,27521,8909,7799,16708,5045,5460,10505,2518,4933,7451,556,2127,2683,115480,116893,232373
2021-03-01,5659,5326,10985,10989,11338,22327,24805,25602,50407,24195,22826,47021,18981,18351,37332,14164,13453,27617,8940,7825,16765,5061,5481,10542,2521,4947,7468,556,2129,2685,115871,117278,233149
2021-03-02,5675,5338,11013,11029,11371,22400,24873,25681,50554,24269,22899,47168,19031,18394,37425,14203,13500,27703,8971,7847,16818,5076,5494,10570,2525,4957,7482,556,2130,2686,116208,117611,233819
2021-03-03,5690,5348,11038,11073,11412,22485,24968,25761,50729,24346,22978,47324,19091,18446,37537,14243,13544,27787,9019,7873,16892,5090,5515,10605,2532,4969,7501,556,2133,2689,116608,117979,234587
2021-03-04,5707,5361,11068,11106,11458,22564,25053,25832,50885,24416,23033,47449,19156,18509,37665,14296,13587,27883,9056,7904,16960,5100,5528,10628,2534,4977,7511,556,2133,2689,116980,118322,235302
2021-03-05,5730,5369,11099,11167,11517,22684,25141,25921,51062,24491,23124,47615,19236,18569,37805,14352,13643,27995,9080,7934,17014,5118,5548,10666,2536,4988,7524,557,2135,2692,117408,118748,236156
2021-03-06,5735,5377,11112,11207,11569,22776,25193,25976,51169,24550,23175,47725,19289,18634,37923,14377,13684,28061,9113,7963,17076,5135,5553,10688,2541,4993,7534,557,2137,2694,117697,119061,236758
2021-03-07,5741,5391,11132,11242,11606,22848,25241,26028,51269,24607,23227,47834,19333,18678,38011,14419,13718,28137,9139,7992,17131,5141,5568,10709,2548,4996,7544,557,2138,2695,117968,119342,237310
2021-03-08,5759,5402,11161,11286,11638,22924,25325,26109,51434,24715,23308,48023,19415,18752,38167,14460,13779,28239,9186,8020,17206,5157,5587,10744,2558,5009,7567,558,2142,2700,118419,119746,238165
2021-03-09,5773,5422,11195,11338,11713,23051,25413,26183,51596,24797,23404,48201,19486,18829,38315,14526,13826,28352,9223,8052,17275,5178,5603,10781,2568,5019,7587,558,2143,2701,118860,120194,239054
2021-03-10,5793,5436,11229,11383,11773,23156,25477,26277,51754,24891,23473,48364,19538,18897,38435,14573,13889,28462,9253,8084,17337,5194,5630,10824,2571,5026,7597,558,2146,2704,119231,120631,239862
2021-03-11,5810,5458,11268,11432,11848,23280,25555,26388,51943,24978,23544,48522,19611,18961,38572,14623,13937,28560,9288,8113,17401,5212,5645,10857,2578,5038,7616,559,2147,2706,119646,121079,240725
2021-03-12,5829,5469,11298,11509,11917,23426,25636,26454,52090,25061,23621,48682,19685,19045,38730,14677,13996,28673,9317,8145,17462,5242,5670,10912,2584,5054,7638,560,2153,2713,120100,121524,241624
2021-03-13,5840,5478,11318,11562,11975,23537,25710,26521,52231,25127,23688,48815,19758,19112,38870,14714,14043,28757,9337,8172,17509,5255,5679,10934,2587,5057,7644,560,2156,2716,120450,121881,242331
2021-03-14,5850,5486,11336,11592,12034,23626,25771,26584,52355,25190,23748,48938,19802,19168,38970,14761,14091,28852,9369,8200,17569,5269,5693,10962,2592,5062,7654,560,2158,2718,120756,122224,242980
2021-03-15,5864,5510,11374,11641,12082,23723,25851,26650,52501,25291,23822,49113,19883,19227,39110,14843,14145,28988,9409,8239,17648,5302,5713,11015,2596,5073,7669,562,2167,2729,121242,122628,243870
2021-03-16,5879,5521,11400,11711,12141,23852,25942,26744,52686,25364,23899,49263,19982,19302,39284,14902,14199,29101,9433,8270,17703,5314,5724,11038,2604,5093,7697,565,2170,2735,121696,123063,244759
2021-03-17,5896,5537,11433,11782,12201,23983,26046,26843,52889,25458,23987,49445,20046,19376,39422,14941,14236,29177,9476,8304,17780,5334,5740,11074,2606,5099,7705,565,2172,2737,122150,123495,245645
2021-03-18,5916,5552,11468,11841,12258,24099,26140,26950,53090,25537,24079,49616,20111,19449,39560,15003,14287,29290,9506,8344,17850,5348,5776,11124,2611,5108,7719,565,2178,2743,122578,123981,246559
2021-03-19,5938,5571,11509,11902,12331,24233,26227,27065,53292,25633,24174,49807,20191,19536,39727,15048,14342,29390,9542,8384,17926,5375,5795,11170,2614,5122,7736,565,2178,2743,123035,124498,247533
2021-03-20,5945,5588,11533,11939,12378,24317,26301,27133,53434,25716,24242,49958,20264,19587,39851,15093,14384,29477,9573,8402,17975,5387,5812,11199,2616,5127,7743,565,2179,2744,123399,124832,248231
2021-03-21,5959,5603,11562,11981,12425,24406,26354,27194,53548,25795,24316,50111,20331,19646,39977,15125,14432,29557,9609,8437,18046,5408,5835,11243,2619,5133,7752,566,2179,2745,123747,125200,248947
2021-03-22,5983,5624,11607,12040,12495,24535,26484,27310,53794,25919,24448,50367,20427,19746,40173,15209,14507,29716,9650,8473,18123,5427,5854,11281,2625,5146,7771,567,2185,2752,124331,125788,250119
2021-03-23,6005,5636,11641,12106,12585,24691,26609,27448,54057,26058,24574,50632,20533,19848,40381,15296,14579,29875,9706,8534,18240,5450,5882,11332,2630,5161,7791,567,2189,2756,124960,126436,251396
2021-03-24,6029,5652,11681,12193,12668,24861,26736,27599,54335,26183,24690,50873,20653,19954,40607,15381,14664,30045,9759,8578,18337,5477,5908,11385,2639,5167,7806,569,2194,2763,125619,127074,252693
2021-03-25,6050,5674,11724,12284,12764,25048,26916,27771,54687,26328,24842,51170,20773,20075,40848,15467,14772,30239,9814,8635,18449,5509,5938,11447,2652,5181,7833,569,2197,2766,126362,127849,254211
2021-03-26,6085,5701,11786,12392,12861,25253,27097,27979,55076,26474,24988,51462,20922,20213,41135,15554,14871,30425,9868,8691,18559,5538,5970,11508,2663,5198,7861,569,2201,2770,127162,128673,255835
2021-03-27,6108,5724,11832,12469,12932,25401,27249,28135,55384,26589,25120,51709,21035,20343,41378,15639,14945,30584,9925,8745,18670,5562,5998,11560,2672,5211,7883,570,2202,2772,127818,129355,257173
2021-03-28,6131,5741,11872,12539,13022,25561,27378,28230,55608,26720,25250,51970,21154,20438,41592,15726,15019,30745,9969,8788,18757,5590,6024,11614,2679,5218,7897,571,2204,2775,128457,129934,258391
2021-03-29,6172,5773,11945,12655,13134,25789,27581,28447,56028,26885,25441,52326,21299,20577,41876,15873,15122,30995,10053,8839,18892,5631,6058,11689,2683,5228,7911,573,2209,2782,129405,130828,260233
2021-03-30,6196,5804,12000,12773,13249,26022,27818,28709,56527,27095,25633,52728,21483,20736,42219,15993,15249,31242,10128,8893,19021,5661,6105,11766,2693,5249,7942,579,2214,2793,130419,131841,262260
2021-03-31,6232,5839,12071,12905,13375,26280,28110,28980,57090,27320,25835,53155,21678,20900,42578,16108,15375,31483,10194,8953,19147,5691,6137,11828,2705,5268,7973,579,2220,2799,131522,132882,264404
2021-04-01,6257,5861,12118,13062,13552,26614,28399,29241,57640,27523,26036,53559,21818,21062,42880,16248,15492,31740,10274,9036,19310,5720,6166,11886,2717,5273,7990,580,2222,2802,132598,133941,266539
2021-04-02,6282,5894,12176,13197,13723,26920,28578,29438,58016,27711,26203,53914,21969,21215,43184,16359,15591,31950,10343,9092,19435,5750,6205,11955,2720,5282,8002,581,2223,2804,133490,134866,268356
2021-04-03,6302,5918,12220,13317,13836,27153,28760,29620,58380,27908,26391,54299,22127,21378,43505,16477,15704,32181,10410,9163,19573,5784,6241,12025,2730,5295,8025,584,2228,2812,134399,135774,270173
2021-04-04,6332,5940,12272,13436,13956,27392,28964,29828,58792,28094,26554,54648,22309,21530,43839,16597,15814,32411,10478,9224,19702,5815,6274,12089,2733,5305,8038,586,2231,2817,135344,136656,272000
2021-04-05,6378,5987,12365,13613,14143,27756,29298,30164,59462,28382,26878,55260,22523,21771,44294,16788,15994,32782,10588,9323,19911,5865,6325,12190,2746,5327,8073,586,2236,2822,136767,138148,274915
2021-04-06,6423,6026,12449,13767,14311,28078,29645,30469,60114,28676,27170,55846,22743,22000,44743,16950,16150,33100,10678,9407,20085,5904,6369,12273,2763,5339,8102,590,2241,2831,138139,139482,277621
2021-04-07,6464,6078,12542,13955,14505,28460,29987,30795,60782,28955,27409,56364,22963,22211,45174,17104,16304,33408,10758,9488,20246,5943,6401,12344,2777,5354,8131,591,2245,2836,139497,140790,280287
2021-04-08,6501,6128,12629,14126,14667,28793,30280,31106,61386,29199,27661,56860,23153,22419,45572,17260,16447,33707,10828,9558,20386,5985,6436,12421,2791,5368,8159,593,2247,2840,140716,142037,282753
2021-04-09,6551,6165,12716,14269,14798,29067,30513,31373,61886,29438,27883,57321,23318,22590,45908,17358,16583,33941,10883,9622,20505,6017,6468,12485,2799,5373,8172,596,2251,2847,141742,143106,284848
2021-04-10,6577,6179,12756,14347,14874,29221,30634,31549,62183,29536,28006,57542,23397,22686,46083,17411,16657,34068,10922,9666,20588,6033,6480,12513,2805,5383,8188,596,2252,2848,142258,143732,285990
2021-04-11,6579,6186,12765,14388,14925,29313,30686,31600,62286,29580,28067,57647,23442,22736,46178,17439,16692,34131,10937,9681,20618,6039,6490,12529,2805,5387,8192,597,2252,2849,142492,144016,286508
2021-04-12,6581,6186,12767,14391,14926,29317,30692,31605,62297,29591,28081,57672,23448,22745,46193,17445,16694,34139,10938,9683,20621,6040,6493,12533,2805,5388,8193,597,2252,2849,142528,144053,286581
2021-04-13,6581,6186,12767,14391,14926,29317,30692,31605,62297,29591,28081,57672,23448,22745,46193,17445,16694,34139,10938,9683,20621,6040,6493,12533,2805,5388,8193,597,2252,2849,142528,144053,286581
