FECHA,<=10M,<=10F,<=10,11-20M,11-20F,11-20,21-30M,21-30F,21-30,31-40M,31-40F,31-40,41-50M,41-50F,41-50,51-60M,51-60F,51-60,61-70M,61-70F,61-70,71-80M,71-80F,71-80,81-90M,81-90F,81-90,>=91M,>=91F,>=91,TotalM,TotalF,Total
2020-03-15,1,0,1,1,1,2,0,2,2,2,1,3,1,1,2,1,0,1,1,0,1,1,1,2,0,0,0,0,0,0,8,6,14
2020-03-16,2,3,5,2,2,4,1,5,6,3,2,5,1,2,3,4,1,5,3,3,6,1,1,2,0,0,0,0,0,0,17,19,36
2020-03-17,3,7,10,3,3,6,3,6,9,4,4,8,2,5,7,4,3,7,5,5,10,3,3,6,1,0,1,0,0,0,28,36,64
2020-03-18,6,8,14,4,3,7,4,6,10,6,5,11,3,8,11,5,4,9,5,7,12,4,3,7,2,0,2,0,0,0,39,44,83
2020-03-19,9,9,18,4,3,7,7,8,15,9,7,16,5,9,14,5,4,9,6,8,14,5,4,9,2,0,2,1,0,1,53,52,105
2020-03-20,10,10,20,5,3,8,8,8,16,10,10,20,5,10,15,5,5,10,7,9,16,7,6,13,3,0,3,1,0,1,61,61,122
2020-03-21,11,10,21,7,4,11,9,10,19,14,11,25,7,11,18,6,5,11,9,11,20,8,7,15,4,0,4,2,0,2,77,69,146
2020-03-22,14,11,25,7,4,11,13,11,24,14,11,25,7,11,18,9,6,15,9,12,21,10,7,17,7,2,9,2,1,3,92,76,168
2020-03-23,18,12,30,8,6,14,15,13,28,17,12,29,9,14,23,11,7,18,11,14,25,15,10,25,10,5,15,2,3,5,116,96,212
2020-03-24,20,13,33,8,6,14,17,15,32,20,14,34,9,16,25,13,9,22,11,15,26,17,10,27,12,6,18,3,3,6,130,107,237
2020-03-25,21,17,38,8,7,15,19,18,37,22,20,42,10,17,27,14,12,26,14,16,30,19,12,31,14,11,25,5,3,8,146,133,279
2020-03-26,25,20,45,10,9,19,21,20,41,26,23,49,12,21,33,18,14,32,15,20,35,23,15,38,19,11,30,7,4,11,176,157,333
2020-03-27,28,23,51,10,10,20,22,22,44,31,24,55,13,27,40,20,17,37,18,24,42,28,20,48,22,14,36,9,9,18,201,190,391
2020-03-28,30,24,54,10,10,20,25,24,49,33,25,58,14,28,42,24,19,43,22,24,46,32,27,59,25,15,40,9,9,18,224,205,429
2020-03-29,32,24,56,12,11,23,27,27,54,35,27,62,16,31,47,25,19,44,27,27,54,36,29,65,29,16,45,11,10,21,250,221,471
2020-03-30,35,26,61,12,11,23,28,33,61,42,29,71,20,35,55,28,21,49,34,28,62,39,34,73,33,17,50,14,12,26,285,246,531
2020-03-31,44,30,74,13,11,24,35,35,70,51,33,84,25,39,64,32,22,54,40,31,71,45,37,82,35,20,55,18,12,30,338,270,608
2020-04-01,55,40,95,14,13,27,41,39,80,60,35,95,37,45,82,37,30,67,44,34,78,51,41,92,40,25,65,18,13,31,397,315,712
2020-04-02,65,49,114,16,17,33,45,46,91,65,41,106,40,52,92,39,40,79,53,40,93,59,47,106,45,32,77,21,16,37,448,380,828
2020-04-03,85,58,143,20,21,41,52,54,106,72,52,124,49,63,112,42,47,89,61,45,106,66,51,117,50,38,88,22,21,43,519,450,969
2020-04-04,95,71,166,23,25,48,55,61,116,77,63,140,56,67,123,49,47,96,67,48,115,68,56,124,54,40,94,23,24,47,567,502,1069
2020-04-05,104,81,185,27,30,57,62,62,124,84,65,149,64,72,136,53,53,106,69,59,128,74,64,138,57,44,101,25,26,51,619,556,1175
2020-04-06,115,90,205,31,32,63,71,67,138,97,70,167,75,76,151,63,57,120,76,67,143,84,69,153,64,48,112,26,29,55,702,605,1307
2020-04-07,126,99,225,34,37,71,77,71,148,105,78,183,80,82,162,73,59,132,79,71,150,92,77,169,70,59,129,28,30,58,764,663,1427
2020-04-08,136,109,245,38,39,77,81,79,160,111,81,192,88,86,174,82,65,147,88,78,166,103,81,184,71,63,134,31,35,66,829,716,1545
2020-04-09,141,114,255,41,42,83,85,86,171,127,91,218,92,94,186,90,72,162,94,83,177,110,91,201,76,71,147,35,40,75,891,784,1675
2020-04-10,160,118,278,45,45,90,88,92,180,131,95,226,102,95,197,94,78,172,100,84,184,111,101,212,81,80,161,36,43,79,948,831,1779
2020-04-11,170,125,295,50,48,98,95,98,193,140,99,239,109,99,208,97,83,180,104,89,193,118,104,222,84,88,172,37,46,83,1004,879,1883
2020-04-12,180,133,313,52,48,100,98,103,201,149,102,251,112,106,218,106,87,193,107,93,200,122,113,235,88,92,180,37,48,85,1051,925,1976
2020-04-13,189,145,334,60,52,112,111,113,224,156,112,268,118,112,230,111,93,204,116,101,217,127,122,249,95,102,197,40,53,93,1123,1005,2128
2020-04-14,205,151,356,63,53,116,121,120,241,165,117,282,124,119,243,123,102,225,121,107,228,137,127,264,102,106,208,43,57,100,1204,1059,2263
2020-04-15,214,156,370,67,60,127,127,128,255,171,125,296,132,133,265,128,113,241,130,112,242,147,132,279,108,112,220,48,60,108,1272,1131,2403
2020-04-16,228,159,387,73,64,137,136,133,269,182,140,322,142,149,291,135,123,258,135,122,257,154,136,290,112,117,229,48,64,112,1345,1207,2552
2020-04-17,245,170,415,78,70,148,139,139,278,188,158,346,156,158,314,145,134,279,142,128,270,170,147,317,117,125,242,49,67,116,1429,1296,2725
2020-04-18,258,180,438,84,71,155,150,145,295,205,167,372,165,163,328,152,138,290,144,131,275,176,157,333,123,134,257,52,71,123,1509,1357,2866
2020-04-19,269,190,459,88,73,161,155,148,303,213,171,384,171,169,340,157,147,304,151,138,289,181,165,346,128,141,269,53,72,125,1566,1414,2980
2020-04-20,284,201,485,99,80,179,170,154,324,226,182,408,184,178,362,166,154,320,163,148,311,196,177,373,138,151,289,57,85,142,1683,1510,3193
2020-04-21,298,210,508,104,87,191,182,161,343,235,199,434,189,183,372,173,163,336,172,156,328,210,188,398,145,161,306,59,95,154,1767,1603,3370
2020-04-22,313,221,534,108,94,202,189,171,360,247,203,450,202,191,393,180,173,353,182,161,343,216,201,417,154,173,327,66,101,167,1857,1689,3546
2020-04-23,331,235,566,112,99,211,197,181,378,257,212,469,211,201,412,186,185,371,190,166,356,226,208,434,165,184,349,72,110,182,1947,1781,3728
2020-04-24,350,247,597,118,105,223,207,191,398,270,227,497,219,208,427,194,194,388,198,176,374,237,219,456,175,198,373,75,113,188,2043,1878,3921
2020-04-25,363,257,620,122,106,228,211,198,409,279,234,513,224,214,438,199,201,400,204,180,384,243,224,467,185,214,399,79,117,196,2109,1945,4054
2020-04-26,373,274,647,127,114,241,217,201,418,283,236,519,232,220,452,202,205,407,212,187,399,251,231,482,192,221,413,80,120,200,2169,2009,4178
2020-04-27,387,287,674,133,118,251,223,210,433,288,253,541,236,232,468,213,215,428,220,195,415,269,236,505,203,237,440,83,124,207,2255,2107,4362
2020-04-28,408,296,704,138,123,261,238,223,461,300,265,565,244,244,488,220,224,444,226,203,429,272,248,520,209,251,460,85,128,213,2340,2205,4545
2020-04-29,433,308,741,143,129,272,254,232,486,317,283,600,257,253,510,228,233,461,231,211,442,284,254,538,212,265,477,90,138,228,2449,2306,4755
2020-04-30,453,319,772,152,131,283,263,241,504,327,293,620,268,263,531,240,247,487,241,220,461,292,265,557,221,282,503,97,145,242,2554,2406,4960
2020-05-01,456,334,790,158,137,295,264,248,512,340,305,645,279,271,550,247,253,500,251,226,477,299,274,573,230,293,523,97,147,244,2621,2488,5109
2020-05-02,463,350,813,164,143,307,273,251,524,348,312,660,285,276,561,255,255,510,254,231,485,307,275,582,236,304,540,98,151,249,2683,2548,5231
2020-05-03,471,361,832,168,146,314,279,257,536,355,318,673,291,283,574,263,257,520,262,237,499,312,284,596,242,312,554,101,156,257,2744,2611,5355
2020-05-04,492,381,873,173,148,321,290,267,557,369,329,698,299,288,587,272,262,534,271,248,519,327,302,629,250,328,578,103,160,263,2846,2713,5559
2020-05-05,507,394,901,180,151,331,303,279,582,382,343,725,305,302,607,284,269,553,283,256,539,342,311,653,255,342,597,104,169,273,2945,2816,5761
2020-05-06,521,411,932,185,153,338,316,286,602,398,360,758,326,311,637,291,275,566,294,265,559,360,325,685,262,354,616,108,175,283,3061,2915,5976
2020-05-07,538,423,961,192,159,351,331,295,626,410,375,785,343,323,666,296,282,578,301,273,574,377,332,709,269,366,635,109,182,291,3166,3010,6176
2020-05-08,555,436,991,199,165,364,346,302,648,423,394,817,358,337,695,311,287,598,312,284,596,389,342,731,280,378,658,112,194,306,3285,3119,6404
2020-05-09,574,448,1022,203,166,369,353,314,667,427,404,831,367,346,713,317,293,610,320,290,610,401,345,746,285,390,675,117,202,319,3364,3198,6562
2020-05-10,583,457,1040,205,169,374,362,324,686,434,410,844,373,356,729,321,299,620,329,296,625,409,358,767,290,402,692,118,207,325,3424,3278,6702
2020-05-11,602,476,1078,210,174,384,371,335,706,449,423,872,388,369,757,331,305,636,339,304,643,422,366,788,303,420,723,122,223,345,3537,3395,6932
2020-05-12,622,487,1109,218,184,402,399,357,756,472,436,908,397,385,782,337,310,647,348,314,662,431,376,807,312,434,746,127,235,362,3663,3518,7181
2020-05-13,649,505,1154,227,194,421,420,371,791,488,457,945,413,392,805,348,319,667,357,324,681,440,385,825,320,449,769,128,243,371,3790,3639,7429
2020-05-14,671,533,1204,237,212,449,434,392,826,509,478,987,426,400,826,358,333,691,368,336,704,450,394,844,331,464,795,130,257,387,3914,3799,7713
2020-05-15,691,556,1247,245,218,463,441,406,847,524,497,1021,435,416,851,370,340,710,379,344,723,457,400,857,339,484,823,135,266,401,4016,3927,7943
2020-05-16,705,574,1279,252,227,479,446,418,864,535,517,1052,442,427,869,377,347,724,387,351,738,466,407,873,345,490,835,140,279,419,4095,4037,8132
2020-05-17,727,587,1314,256,235,491,458,430,888,542,530,1072,451,439,890,381,350,731,395,358,753,473,412,885,356,503,859,143,282,425,4182,4126,8308
2020-05-18,748,612,1360,265,251,516,483,450,933,564,554,1118,464,460,924,398,360,758,410,372,782,490,425,915,373,516,889,144,293,437,4339,4293,8632
2020-05-19,768,632,1400,282,265,547,513,478,991,600,582,1182,491,476,967,419,374,793,427,384,811,501,445,946,386,538,924,148,302,450,4535,4476,9011
2020-05-20,798,674,1472,297,280,577,540,502,1042,643,604,1247,508,493,1001,432,386,818,447,401,848,513,456,969,398,554,952,154,307,461,4730,4657,9387
2020-05-21,835,708,1543,315,294,609,572,529,1101,668,638,1306,526,515,1041,451,398,849,461,407,868,527,464,991,405,570,975,155,311,466,4915,4834,9749
2020-05-22,871,726,1597,329,312,641,604,559,1163,691,666,1357,548,533,1081,465,408,873,468,417,885,537,475,1012,413,587,1000,161,323,484,5087,5006,10093
2020-05-23,891,746,1637,345,329,674,628,583,1211,720,681,1401,556,551,1107,474,417,891,480,427,907,545,488,1033,422,593,1015,163,325,488,5224,5140,10364
2020-05-24,908,766,1674,356,337,693,643,596,1239,734,697,1431,568,556,1124,481,421,902,491,436,927,557,497,1054,427,606,1033,165,331,496,5330,5243,10573
2020-05-25,936,793,1729,376,362,738,665,625,1290,751,717,1468,589,568,1157,486,429,915,501,445,946,567,502,1069,437,621,1058,167,340,507,5475,5402,10877
2020-05-26,974,829,1803,402,385,787,705,664,1369,799,756,1555,609,600,1209,499,452,951,513,452,965,582,508,1090,447,635,1082,170,350,520,5700,5631,11331
2020-05-27,1021,868,1889,414,402,816,728,699,1427,826,781,1607,627,615,1242,519,470,989,523,460,983,589,522,1111,451,650,1101,174,352,526,5872,5819,11691
2020-05-28,1050,911,1961,433,415,848,758,737,1495,856,805,1661,653,642,1295,535,490,1025,532,475,1007,599,530,1129,465,667,1132,178,365,543,6059,6037,12096
2020-05-29,1090,943,2033,455,435,890,802,775,1577,886,848,1734,685,665,1350,550,511,1061,548,489,1037,616,545,1161,480,683,1163,179,369,548,6291,6263,12554
2020-05-30,1122,968,2090,471,446,917,839,801,1640,919,866,1785,700,686,1386,565,526,1091,557,495,1052,627,556,1183,487,694,1181,180,376,556,6467,6414,12881
2020-05-31,1150,984,2134,484,459,943,854,813,1667,938,876,1814,714,696,1410,570,536,1106,565,499,1064,638,562,1200,493,704,1197,180,384,564,6586,6513,13099
2020-06-01,1185,1015,2200,509,478,987,888,856,1744,966,914,1880,732,723,1455,586,552,1138,589,516,1105,650,571,1221,501,715,1216,183,387,570,6789,6727,13516
2020-06-02,1229,1046,2275,530,499,1029,926,886,1812,994,943,1937,750,744,1494,600,567,1167,603,527,1130,676,583,1259,509,732,1241,187,400,587,7004,6927,13931
2020-06-03,1268,1069,2337,545,529,1074,957,914,1871,1023,983,2006,768,771,1539,610,579,1189,620,542,1162,694,595,1289,520,748,1268,189,409,598,7194,7139,14333
2020-06-04,1304,1104,2408,563,556,1119,994,946,1940,1043,1013,2056,787,790,1577,638,597,1235,630,550,1180,715,608,1323,530,767,1297,191,418,609,7395,7349,14744
2020-06-05,1349,1144,2493,579,576,1155,1029,975,2004,1076,1055,2131,817,817,1634,664,622,1286,648,565,1213,732,622,1354,543,787,1330,194,427,621,7631,7590,15221
2020-06-06,1378,1169,2547,596,588,1184,1049,996,2045,1107,1082,2189,831,834,1665,678,633,1311,659,578,1237,745,630,1375,555,804,1359,195,436,631,7793,7750,15543
2020-06-07,1403,1193,2596,612,599,1211,1069,1018,2087,1126,1102,2228,851,844,1695,690,641,1331,668,582,1250,753,637,1390,567,815,1382,197,444,641,7936,7875,15811
2020-06-08,1437,1228,2665,636,623,1259,1114,1045,2159,1169,1145,2314,886,868,1754,707,660,1367,684,597,1281,769,652,1421,579,831,1410,201,451,652,8182,8100,16282
2020-06-09,1493,1264,2757,660,647,1307,1137,1091,2228,1203,1178,2381,915,892,1807,727,668,1395,696,607,1303,780,667,1447,592,858,1450,204,462,666,8407,8334,16741
2020-06-10,1520,1305,2825,674,665,1339,1181,1115,2296,1241,1218,2459,950,915,1865,754,688,1442,718,621,1339,801,692,1493,597,878,1475,210,477,687,8646,8574,17220
2020-06-11,1560,1347,2907,689,684,1373,1216,1152,2368,1282,1256,2538,969,943,1912,772,715,1487,730,643,1373,817,711,1528,605,906,1511,213,492,705,8853,8849,17702
2020-06-12,1606,1393,2999,702,710,1412,1271,1193,2464,1329,1313,2642,1008,983,1991,793,740,1533,758,660,1418,835,725,1560,611,928,1539,218,501,719,9131,9146,18277
2020-06-13,1642,1422,3064,726,730,1456,1309,1232,2541,1365,1350,2715,1020,1013,2033,813,760,1573,771,667,1438,847,733,1580,620,946,1566,220,507,727,9333,9360,18693
2020-06-14,1663,1454,3117,746,750,1496,1335,1254,2589,1385,1368,2753,1039,1025,2064,827,778,1605,782,673,1455,850,748,1598,634,965,1599,220,515,735,9481,9530,19011
2020-06-15,1702,1488,3190,775,772,1547,1367,1288,2655,1410,1397,2807,1058,1046,2104,842,790,1632,797,678,1475,862,759,1621,641,980,1621,222,525,747,9676,9723,19399
2020-06-16,1756,1550,3306,798,795,1593,1431,1340,2771,1460,1437,2897,1100,1074,2174,865,810,1675,811,691,1502,878,766,1644,654,1005,1659,225,538,763,9978,10006,19984
2020-06-17,1799,1598,3397,822,825,1647,1489,1384,2873,1505,1489,2994,1139,1105,2244,889,826,1715,827,706,1533,887,785,1672,673,1022,1695,227,546,773,10257,10286,20543
2020-06-18,1852,1644,3496,844,842,1686,1556,1438,2994,1561,1547,3108,1189,1132,2321,925,853,1778,847,726,1573,903,799,1702,687,1047,1734,229,557,786,10593,10585,21178
2020-06-19,1912,1680,3592,861,872,1733,1597,1484,3081,1630,1598,3228,1229,1177,2406,967,883,1850,877,745,1622,922,818,1740,705,1067,1772,236,570,806,10936,10894,21830
2020-06-20,1945,1719,3664,882,893,1775,1632,1513,3145,1668,1630,3298,1255,1211,2466,984,908,1892,895,760,1655,934,826,1760,712,1083,1795,240,574,814,11147,11117,22264
2020-06-21,1979,1741,3720,902,911,1813,1659,1546,3205,1692,1665,3357,1275,1223,2498,999,918,1917,905,770,1675,945,833,1778,718,1092,1810,241,581,822,11315,11280,22595
2020-06-22,2028,1786,3814,932,941,1873,1699,1597,3296,1745,1705,3450,1312,1262,2574,1028,951,1979,923,792,1715,965,849,1814,724,1115,1839,243,593,836,11599,11591,23190
2020-06-23,2081,1835,3916,963,973,1936,1757,1644,3401,1808,1751,3559,1352,1309,2661,1048,986,2034,943,812,1755,977,863,1840,736,1132,1868,246,599,845,11911,11904,23815
2020-06-24,2127,1884,4011,992,998,1990,1808,1696,3504,1857,1806,3663,1398,1349,2747,1070,1023,2093,957,830,1787,988,877,1865,751,1146,1897,248,603,851,12196,12212,24408
2020-06-25,2179,1940,4119,1030,1041,2071,1856,1742,3598,1904,1845,3749,1440,1386,2826,1111,1057,2168,969,847,1816,999,891,1890,761,1158,1919,252,608,860,12501,12515,25016
2020-06-26,2229,1985,4214,1065,1069,2134,1923,1801,3724,1955,1896,3851,1483,1424,2907,1131,1092,2223,993,868,1861,1011,907,1918,772,1179,1951,253,617,870,12815,12838,25653
2020-06-27,2294,2045,4339,1097,1110,2207,1963,1855,3818,1989,1933,3922,1515,1450,2965,1152,1108,2260,1012,877,1889,1014,920,1934,780,1186,1966,257,623,880,13073,13107,26180
2020-06-28,2337,2069,4406,1113,1131,2244,1982,1901,3883,2017,1973,3990,1538,1474,3012,1175,1124,2299,1022,884,1906,1023,930,1953,789,1199,1988,263,629,892,13259,13314,26573
2020-06-29,2384,2120,4504,1148,1176,2324,2032,1948,3980,2076,2019,4095,1568,1506,3074,1194,1157,2351,1048,895,1943,1038,948,1986,801,1218,2019,266,636,902,13555,13623,27178
2020-06-30,2419,2167,4586,1166,1208,2374,2097,1991,4088,2113,2070,4183,1609,1543,3152,1225,1189,2414,1072,906,1978,1056,959,2015,807,1237,2044,268,646,914,13832,13916,27748
2020-07-01,2466,2205,4671,1185,1244,2429,2159,2045,4204,2155,2115,4270,1645,1580,3225,1248,1219,2467,1092,924,2016,1072,974,2046,816,1258,2074,271,653,924,14109,14217,28326
2020-07-02,2530,2265,4795,1216,1277,2493,2210,2106,4316,2205,2164,4369,1691,1618,3309,1273,1242,2515,1117,941,2058,1088,993,2081,827,1271,2098,274,660,934,14431,14537,28968
2020-07-03,2592,2309,4901,1253,1302,2555,2260,2151,4411,2267,2227,4494,1720,1655,3375,1303,1266,2569,1138,956,2094,1100,1008,2108,839,1288,2127,277,664,941,14749,14826,29575
2020-07-04,2631,2348,4979,1275,1326,2601,2296,2200,4496,2300,2258,4558,1750,1680,3430,1329,1281,2610,1151,968,2119,1111,1024,2135,845,1299,2144,280,671,951,14968,15055,30023
2020-07-05,2661,2385,5046,1297,1341,2638,2331,2237,4568,2331,2305,4636,1767,1709,3476,1346,1302,2648,1173,988,2161,1128,1039,2167,855,1317,2172,284,678,962,15173,15301,30474
2020-07-06,2695,2423,5118,1320,1362,2682,2384,2292,4676,2392,2345,4737,1807,1756,3563,1383,1332,2715,1201,1017,2218,1148,1069,2217,865,1348,2213,287,692,979,15482,15636,31118
2020-07-07,2748,2491,5239,1352,1398,2750,2444,2352,4796,2459,2399,4858,1844,1794,3638,1417,1367,2784,1218,1034,2252,1162,1082,2244,874,1371,2245,294,704,998,15812,15992,31804
2020-07-08,2797,2528,5325,1382,1431,2813,2500,2407,4907,2508,2455,4963,1895,1843,3738,1442,1404,2846,1238,1054,2292,1179,1102,2281,884,1387,2271,298,718,1016,16123,16329,32452
2020-07-09,2835,2556,5391,1403,1447,2850,2537,2443,4980,2560,2493,5053,1932,1879,3811,1460,1421,2881,1250,1072,2322,1188,1124,2312,891,1404,2295,304,726,1030,16360,16565,32925
2020-07-10,2869,2584,5453,1427,1473,2900,2576,2485,5061,2596,2535,5131,1964,1906,3870,1480,1445,2925,1271,1091,2362,1206,1137,2343,903,1421,2324,305,737,1042,16597,16814,33411
2020-07-11,2900,2628,5528,1450,1488,2938,2606,2518,5124,2628,2573,5201,1996,1942,3938,1501,1476,2977,1291,1109,2400,1220,1166,2386,910,1445,2355,308,752,1060,16810,17097,33907
2020-07-12,2929,2649,5578,1466,1501,2967,2636,2541,5177,2658,2596,5254,2016,1961,3977,1512,1492,3004,1303,1123,2426,1231,1176,2407,916,1459,2375,312,758,1070,16979,17256,34235
2020-07-13,2972,2701,5673,1497,1527,3024,2690,2594,5284,2710,2648,5358,2067,2013,4080,1548,1535,3083,1339,1151,2490,1255,1215,2470,930,1506,2436,314,783,1097,17322,17673,34995
2020-07-14,3026,2743,5769,1526,1556,3082,2737,2636,5373,2786,2709,5495,2117,2060,4177,1586,1552,3138,1368,1179,2547,1274,1244,2518,936,1524,2460,321,798,1119,17677,18001,35678
2020-07-15,3074,2793,5867,1572,1587,3159,2787,2718,5505,2862,2796,5658,2168,2114,4282,1613,1591,3204,1393,1206,2599,1289,1266,2555,950,1540,2490,328,805,1133,18036,18416,36452
2020-07-16,3127,2830,5957,1602,1630,3232,2847,2785,5632,2933,2852,5785,2213,2179,4392,1646,1639,3285,1415,1225,2640,1307,1287,2594,969,1573,2542,330,822,1152,18389,18822,37211
2020-07-17,3178,2879,6057,1636,1662,3298,2883,2847,5730,2985,2920,5905,2259,2247,4506,1683,1680,3363,1444,1259,2703,1326,1306,2632,986,1593,2579,334,830,1164,18714,19223,37937
2020-07-18,3212,2915,6127,1660,1684,3344,2934,2898,5832,3031,2979,6010,2293,2288,4581,1712,1705,3417,1470,1287,2757,1341,1318,2659,1002,1616,2618,336,836,1172,18991,19526,38517
2020-07-19,3248,2958,6206,1680,1709,3389,2968,2931,5899,3068,3025,6093,2326,2323,4649,1738,1735,3473,1492,1304,2796,1355,1328,2683,1012,1634,2646,338,843,1181,19225,19790,39015
2020-07-20,3317,3012,6329,1724,1750,3474,3035,2994,6029,3132,3115,6247,2380,2399,4779,1775,1790,3565,1524,1351,2875,1381,1355,2736,1035,1655,2690,341,855,1196,19644,20276,39920
2020-07-21,3368,3056,6424,1756,1783,3539,3104,3053,6157,3206,3191,6397,2430,2449,4879,1817,1838,3655,1552,1385,2937,1407,1381,2788,1049,1685,2734,346,864,1210,20035,20685,40720
2020-07-22,3442,3107,6549,1790,1816,3606,3189,3134,6323,3290,3267,6557,2501,2514,5015,1854,1884,3738,1573,1414,2987,1438,1405,2843,1064,1723,2787,347,874,1221,20488,21138,41626
2020-07-23,3505,3159,6664,1820,1858,3678,3263,3213,6476,3368,3352,6720,2546,2565,5111,1891,1922,3813,1594,1442,3036,1458,1427,2885,1071,1746,2817,354,882,1236,20870,21566,42436
2020-07-24,3549,3214,6763,1858,1888,3746,3338,3283,6621,3432,3433,6865,2605,2620,5225,1931,1962,3893,1631,1461,3092,1475,1450,2925,1084,1773,2857,356,894,1250,21259,21978,43237
2020-07-25,3598,3255,6853,1892,1909,3801,3391,3343,6734,3494,3494,6988,2646,2668,5314,1950,1988,3938,1648,1486,3134,1490,1473,2963,1096,1788,2884,361,897,1258,21566,22301,43867
2020-07-26,3639,3290,6929,1908,1931,3839,3425,3371,6796,3525,3536,7061,2683,2692,5375,1971,2013,3984,1662,1499,3161,1506,1486,2992,1105,1812,2917,366,904,1270,21790,22534,44324
2020-07-27,3680,3334,7014,1947,1963,3910,3486,3432,6918,3596,3615,7211,2742,2761,5503,2009,2069,4078,1690,1537,3227,1524,1511,3035,1124,1834,2958,371,928,1299,22169,22984,45153
2020-07-28,3736,3388,7124,1979,1995,3974,3569,3520,7089,3670,3689,7359,2800,2819,5619,2059,2122,4181,1730,1571,3301,1543,1547,3090,1135,1862,2997,377,948,1325,22598,23461,46059
2020-07-29,3799,3442,7241,2009,2031,4040,3654,3594,7248,3743,3771,7514,2881,2885,5766,2101,2172,4273,1764,1612,3376,1570,1570,3140,1157,1901,3058,385,973,1358,23063,23951,47014
2020-07-30,3867,3492,7359,2053,2084,4137,3757,3673,7430,3827,3847,7674,2949,2945,5894,2151,2222,4373,1795,1645,3440,1588,1591,3179,1168,1922,3090,387,981,1368,23542,24402,47944
2020-07-31,3916,3553,7469,2081,2116,4197,3826,3755,7581,3923,3948,7871,3014,3006,6020,2195,2275,4470,1823,1680,3503,1608,1621,3229,1179,1956,3135,393,999,1392,23958,24909,48867
2020-08-01,3957,3591,7548,2102,2150,4252,3871,3816,7687,3970,4012,7982,3047,3053,6100,2228,2312,4540,1847,1693,3540,1628,1639,3267,1192,1982,3174,393,1015,1408,24235,25263,49498
2020-08-02,4005,3627,7632,2127,2179,4306,3909,3857,7766,4019,4062,8081,3079,3101,6180,2246,2345,4591,1859,1709,3568,1636,1657,3293,1204,1999,3203,395,1022,1417,24479,25558,50037
2020-08-03,4061,3692,7753,2162,2222,4384,3976,3934,7910,4095,4130,8225,3131,3172,6303,2287,2393,4680,1895,1737,3632,1651,1681,3332,1220,2038,3258,400,1037,1437,24878,26036,50914
2020-08-04,4131,3743,7874,2207,2268,4475,4068,3997,8065,4184,4209,8393,3200,3237,6437,2337,2437,4774,1932,1767,3699,1672,1711,3383,1239,2079,3318,405,1055,1460,25375,26503,51878
2020-08-05,4191,3803,7994,2253,2302,4555,4152,4072,8224,4256,4289,8545,3250,3303,6553,2393,2491,4884,1965,1801,3766,1700,1738,3438,1256,2104,3360,409,1065,1474,25825,26968,52793
2020-08-06,4250,3854,8104,2286,2347,4633,4232,4155,8387,4337,4383,8720,3312,3375,6687,2433,2544,4977,1998,1830,3828,1721,1764,3485,1272,2134,3406,414,1078,1492,26255,27464,53719
2020-08-07,4319,3914,8233,2324,2378,4702,4309,4245,8554,4421,4474,8895,3370,3462,6832,2478,2588,5066,2021,1866,3887,1750,1799,3549,1285,2177,3462,419,1096,1515,26696,27999,54695
2020-08-08,4367,3957,8324,2354,2409,4763,4352,4302,8654,4497,4545,9042,3417,3523,6940,2517,2632,5149,2043,1893,3936,1766,1831,3597,1297,2214,3511,420,1122,1542,27030,28428,55458
2020-08-09,4401,3992,8393,2377,2430,4807,4393,4352,8745,4548,4590,9138,3452,3581,7033,2558,2674,5232,2065,1918,3983,1786,1860,3646,1313,2262,3575,425,1141,1566,27318,28800,56118
2020-08-10,4466,4051,8517,2423,2467,4890,4484,4440,8924,4638,4672,9310,3524,3655,7179,2615,2744,5359,2093,1950,4043,1802,1889,3691,1329,2294,3623,430,1159,1589,27804,29321,57125
2020-08-11,4523,4102,8625,2471,2502,4973,4572,4526,9098,4749,4763,9512,3603,3745,7348,2669,2805,5474,2138,1994,4132,1834,1947,3781,1348,2342,3690,438,1183,1621,28345,29909,58254
2020-08-12,4576,4162,8738,2516,2550,5066,4657,4620,9277,4817,4883,9700,3680,3824,7504,2726,2856,5582,2170,2029,4199,1851,1979,3830,1359,2363,3722,442,1200,1642,28794,30466,59260
2020-08-13,4622,4218,8840,2567,2594,5161,4762,4723,9485,4922,5010,9932,3757,3910,7667,2782,2920,5702,2201,2067,4268,1882,2009,3891,1373,2388,3761,447,1215,1662,29315,31054,60369
2020-08-14,4667,4264,8931,2601,2635,5236,4861,4833,9694,5015,5123,10138,3843,3981,7824,2834,2986,5820,2240,2104,4344,1907,2043,3950,1387,2411,3798,450,1228,1678,29805,31608,61413
2020-08-15,4726,4303,9029,2647,2673,5320,4912,4905,9817,5081,5212,10293,3892,4054,7946,2867,3033,5900,2271,2137,4408,1930,2086,4016,1403,2467,3870,454,1253,1707,30183,32123,62306
2020-08-16,4766,4331,9097,2669,2695,5364,4969,4963,9932,5129,5265,10394,3916,4101,8017,2899,3069,5968,2287,2163,4450,1947,2106,4053,1417,2502,3919,456,1274,1730,30455,32469,62924
2020-08-17,4811,4354,9165,2703,2723,5426,5038,5028,10066,5204,5344,10548,3984,4173,8157,2947,3128,6075,2310,2204,4514,1967,2124,4091,1429,2526,3955,456,1287,1743,30849,32891,63740
2020-08-18,4873,4406,9279,2743,2762,5505,5127,5109,10236,5311,5439,10750,4053,4253,8306,2983,3200,6183,2344,2243,4587,1993,2155,4148,1440,2547,3987,456,1303,1759,31323,33417,64740
2020-08-19,4932,4457,9389,2784,2807,5591,5188,5206,10394,5391,5530,10921,4113,4328,8441,3031,3247,6278,2370,2277,4647,2013,2199,4212,1457,2589,4046,462,1324,1786,31741,33964,65705
2020-08-20,4982,4505,9487,2819,2843,5662,5270,5298,10568,5467,5621,11088,4164,4390,8554,3071,3298,6369,2401,2316,4717,2033,2221,4254,1474,2615,4089,465,1335,1800,32146,34442,66588
2020-08-21,5026,4563,9589,2863,2875,5738,5334,5382,10716,5552,5711,11263,4242,4462,8704,3121,3360,6481,2440,2361,4801,2061,2266,4327,1488,2660,4148,470,1349,1819,32597,34989,67586
2020-08-22,5056,4593,9649,2893,2903,5796,5389,5445,10834,5605,5795,11400,4297,4511,8808,3153,3390,6543,2471,2393,4864,2078,2302,4380,1501,2684,4185,475,1369,1844,32918,35385,68303
2020-08-23,5092,4634,9726,2911,2922,5833,5425,5496,10921,5648,5845,11493,4340,4546,8886,3182,3429,6611,2493,2419,4912,2088,2326,4414,1515,2694,4209,480,1372,1852,33174,35683,68857
2020-08-24,5158,4702,9860,2951,2963,5914,5495,5577,11072,5733,5946,11679,4405,4626,9031,3239,3482,6721,2526,2469,4995,2113,2358,4471,1532,2724,4256,485,1391,1876,33637,36238,69875
2020-08-25,5207,4755,9962,2992,3005,5997,5583,5694,11277,5821,6053,11874,4475,4699,9174,3279,3542,6821,2559,2507,5066,2134,2382,4516,1551,2760,4311,491,1409,1900,34092,36806,70898
2020-08-26,5268,4795,10063,3036,3050,6086,5692,5790,11482,5915,6155,12070,4532,4788,9320,3331,3606,6937,2595,2547,5142,2163,2414,4577,1570,2795,4365,494,1424,1918,34596,37364,71960
2020-08-27,5331,4850,10181,3093,3111,6204,5795,5876,11671,6009,6262,12271,4611,4871,9482,3389,3668,7057,2625,2590,5215,2193,2440,4633,1592,2835,4427,498,1448,1946,35136,37951,73087
2020-08-28,5380,4899,10279,3148,3158,6306,5903,5993,11896,6098,6369,12467,4687,4975,9662,3449,3751,7200,2658,2638,5296,2231,2480,4711,1607,2866,4473,501,1458,1959,35662,38587,74249
2020-08-29,5422,4931,10353,3174,3185,6359,5978,6073,12051,6171,6463,12634,4757,5041,9798,3490,3793,7283,2694,2667,5361,2253,2502,4755,1617,2894,4511,505,1475,1980,36061,39024,75085
2020-08-30,5455,4981,10436,3210,3213,6423,6033,6136,12169,6234,6515,12749,4810,5101,9911,3531,3829,7360,2716,2695,5411,2270,2525,4795,1624,2908,4532,508,1483,1991,36391,39386,75777
2020-08-31,5512,5022,10534,3256,3255,6511,6127,6219,12346,6317,6609,12926,4875,5180,10055,3579,3886,7465,2751,2740,5491,2303,2569,4872,1644,2949,4593,510,1496,2006,36874,39925,76799
2020-09-01,5569,5076,10645,3295,3307,6602,6221,6310,12531,6431,6725,13156,4962,5253,10215,3624,3961,7585,2778,2772,5550,2323,2597,4920,1660,2997,4657,517,1513,2030,37380,40511,77891
2020-09-02,5620,5114,10734,3322,3340,6662,6298,6404,12702,6515,6833,13348,5022,5326,10348,3676,4021,7697,2805,2806,5611,2356,2628,4984,1673,3031,4704,520,1540,2060,37807,41043,78850
2020-09-03,5675,5163,10838,3374,3384,6758,6395,6514,12909,6633,6954,13587,5098,5404,10502,3735,4074,7809,2840,2846,5686,2385,2659,5044,1692,3069,4761,524,1553,2077,38351,41620,79971
2020-09-04,5730,5225,10955,3417,3430,6847,6482,6618,13100,6734,7064,13798,5172,5497,10669,3781,4141,7922,2884,2898,5782,2416,2691,5107,1711,3100,4811,528,1568,2096,38855,42232,81087
2020-09-05,5768,5258,11026,3438,3452,6890,6557,6688,13245,6802,7159,13961,5231,5583,10814,3814,4182,7996,2917,2932,5849,2438,2715,5153,1727,3125,4852,530,1576,2106,39222,42670,81892
2020-09-06,5806,5292,11098,3461,3478,6939,6599,6746,13345,6850,7207,14057,5270,5630,10900,3838,4223,8061,2938,2957,5895,2448,2745,5193,1740,3143,4883,531,1584,2115,39481,43005,82486
2020-09-07,5856,5338,11194,3500,3523,7023,6693,6847,13540,6960,7317,14277,5337,5723,11060,3891,4305,8196,2983,2999,5982,2475,2772,5247,1756,3178,4934,536,1599,2135,39987,43601,83588
2020-09-08,5902,5391,11293,3541,3568,7109,6773,6948,13721,7066,7428,14494,5415,5805,11220,3948,4372,8320,3018,3049,6067,2508,2805,5313,1774,3207,4981,541,1619,2160,40486,44192,84678
2020-09-09,5954,5441,11395,3583,3627,7210,6870,7042,13912,7166,7528,14694,5497,5887,11384,4010,4432,8442,3055,3103,6158,2532,2837,5369,1791,3244,5035,542,1638,2180,41000,44779,85779
2020-09-10,6000,5474,11474,3634,3668,7302,6980,7150,14130,7281,7658,14939,5589,5984,11573,4069,4491,8560,3088,3147,6235,2562,2873,5435,1801,3275,5076,544,1655,2199,41548,45375,86923
2020-09-11,6051,5519,11570,3692,3712,7404,7077,7234,14311,7380,7772,15152,5665,6076,11741,4125,4575,8700,3139,3190,6329,2590,2905,5495,1823,3310,5133,546,1663,2209,42088,45956,88044
2020-09-12,6093,5547,11640,3721,3742,7463,7125,7293,14418,7432,7851,15283,5701,6139,11840,4162,4627,8789,3174,3223,6397,2614,2933,5547,1836,3344,5180,548,1678,2226,42406,46377,88783
2020-09-13,6138,5585,11723,3745,3767,7512,7176,7360,14536,7483,7924,15407,5736,6186,11922,4200,4661,8861,3211,3254,6465,2631,2943,5574,1839,3361,5200,553,1686,2239,42712,46727,89439
2020-09-14,6201,5642,11843,3790,3814,7604,7274,7475,14749,7579,8025,15604,5798,6272,12070,4265,4733,8998,3261,3315,6576,2663,2976,5639,1860,3385,5245,554,1695,2249,43245,47332,90577
2020-09-15,6266,5679,11945,3822,3843,7665,7362,7549,14911,7667,8147,15814,5866,6339,12205,4305,4795,9100,3308,3362,6670,2695,3019,5714,1876,3434,5310,557,1717,2274,43724,47884,91608
2020-09-16,6335,5743,12078,3884,3904,7788,7463,7671,15134,7760,8272,16032,5944,6433,12377,4359,4861,9220,3351,3414,6765,2721,3044,5765,1894,3464,5358,560,1730,2290,44271,48536,92807
2020-09-17,6386,5788,12174,3917,3959,7876,7559,7763,15322,7847,8371,16218,6032,6537,12569,4424,4928,9352,3400,3463,6863,2756,3073,5829,1912,3487,5399,563,1740,2303,44796,49109,93905
2020-09-18,6452,5846,12298,3953,4012,7965,7650,7868,15518,7944,8499,16443,6102,6625,12727,4480,4997,9477,3437,3515,6952,2797,3111,5908,1928,3518,5446,568,1761,2329,45311,49752,95063
2020-09-19,6477,5892,12369,3981,4050,8031,7700,7924,15624,8008,8566,16574,6142,6661,12803,4511,5034,9545,3473,3547,7020,2815,3134,5949,1943,3538,5481,572,1769,2341,45622,50115,95737
2020-09-20,6513,5932,12445,4013,4086,8099,7748,7969,15717,8065,8612,16677,6179,6707,12886,4532,5071,9603,3492,3574,7066,2835,3155,5990,1949,3556,5505,575,1776,2351,45901,50438,96339
2020-09-21,6574,5980,12554,4051,4144,8195,7836,8053,15889,8158,8714,16872,6245,6791,13036,4583,5122,9705,3539,3626,7165,2868,3187,6055,1963,3576,5539,576,1787,2363,46393,50980,97373
2020-09-22,6642,6039,12681,4106,4200,8306,7930,8166,16096,8250,8815,17065,6325,6863,13188,4643,5193,9836,3592,3664,7256,2900,3223,6123,1978,3612,5590,579,1802,2381,46945,51577,98522
2020-09-23,6702,6093,12795,4148,4239,8387,8003,8273,16276,8328,8919,17247,6387,6936,13323,4693,5252,9945,3637,3711,7348,2921,3268,6189,1988,3636,5624,582,1811,2393,47389,52138,99527
2020-09-24,6773,6148,12921,4204,4294,8498,8107,8359,16466,8421,9027,17448,6461,7018,13479,4738,5302,10040,3665,3774,7439,2945,3299,6244,2011,3671,5682,589,1835,2424,47914,52727,100641
2020-09-25,6834,6193,13027,4251,4336,8587,8188,8458,16646,8504,9117,17621,6540,7092,13632,4787,5354,10141,3716,3825,7541,2973,3329,6302,2029,3698,5727,589,1846,2435,48411,53248,101659
2020-09-26,6865,6224,13089,4284,4364,8648,8234,8504,16738,8574,9178,17752,6583,7137,13720,4822,5401,10223,3748,3852,7600,2994,3343,6337,2038,3713,5751,592,1854,2446,48734,53570,102304
2020-09-27,6902,6263,13165,4307,4398,8705,8280,8567,16847,8624,9236,17860,6631,7187,13818,4852,5433,10285,3772,3880,7652,3002,3361,6363,2047,3727,5774,594,1862,2456,49011,53914,102925
2020-09-28,6960,6318,13278,4347,4430,8777,8343,8645,16988,8711,9321,18032,6717,7251,13968,4921,5505,10426,3821,3911,7732,3030,3390,6420,2064,3751,5815,598,1877,2475,49512,54399,103911
2020-09-29,7028,6378,13406,4402,4488,8890,8443,8737,17180,8821,9439,18260,6800,7329,14129,4977,5554,10531,3867,3964,7831,3062,3446,6508,2089,3792,5881,599,1899,2498,50088,55026,105114
2020-09-30,7094,6439,13533,4445,4533,8978,8534,8852,17386,8909,9535,18444,6868,7401,14269,5036,5624,10660,3913,4022,7935,3091,3478,6569,2103,3821,5924,602,1907,2509,50595,55612,106207
2020-10-01,7158,6522,13680,4495,4600,9095,8634,8971,17605,9016,9651,18667,6937,7478,14415,5085,5686,10771,3958,4073,8031,3123,3525,6648,2114,3842,5956,605,1918,2523,51125,56266,107391
2020-10-02,7243,6585,13828,4547,4653,9200,8713,9066,17779,9103,9759,18862,7004,7557,14561,5140,5737,10877,4006,4121,8127,3155,3571,6726,2125,3880,6005,610,1932,2542,51646,56861,108507
2020-10-03,7282,6624,13906,4578,4700,9278,8778,9130,17908,9165,9826,18991,7053,7610,14663,5186,5770,10956,4035,4156,8191,3180,3592,6772,2134,3906,6040,614,1938,2552,52005,57252,109257
2020-10-04,7327,6665,13992,4607,4727,9334,8838,9199,18037,9216,9880,19096,7100,7658,14758,5214,5804,11018,4059,4177,8236,3198,3612,6810,2145,3931,6076,616,1942,2558,52320,57595,109915
2020-10-05,7370,6716,14086,4654,4763,9417,8928,9282,18210,9334,9990,19324,7190,7736,14926,5277,5866,11143,4131,4226,8357,3233,3666,6899,2165,3962,6127,619,1949,2568,52901,58156,111057
2020-10-06,7429,6784,14213,4701,4810,9511,9008,9363,18371,9429,10088,19517,7283,7804,15087,5343,5928,11271,4177,4277,8454,3267,3711,6978,2185,3993,6178,625,1958,2583,53447,58716,112163
2020-10-07,7501,6835,14336,4736,4850,9586,9100,9462,18562,9542,10199,19741,7368,7892,15260,5395,6012,11407,4227,4327,8554,3295,3752,7047,2201,4019,6220,628,1965,2593,53993,59313,113306
2020-10-08,7567,6883,14450,4778,4892,9670,9178,9560,18738,9627,10302,19929,7446,7967,15413,5452,6070,11522,4271,4374,8645,3333,3793,7126,2212,4049,6261,632,1984,2616,54496,59874,114370
2020-10-09,7619,6953,14572,4832,4946,9778,9243,9667,18910,9721,10425,20146,7510,8059,15569,5497,6137,11634,4314,4422,8736,3360,3832,7192,2223,4071,6294,636,2001,2637,54955,60513,115468
2020-10-10,7647,7000,14647,4868,4971,9839,9310,9730,19040,9783,10488,20271,7567,8116,15683,5538,6186,11724,4343,4456,8799,3374,3859,7233,2239,4094,6333,642,2010,2652,55311,60910,116221
2020-10-11,7693,7041,14734,4898,4999,9897,9343,9790,19133,9829,10569,20398,7614,8160,15774,5578,6224,11802,4378,4482,8860,3390,3883,7273,2250,4113,6363,643,2016,2659,55616,61277,116893
2020-10-12,7739,7082,14821,4938,5032,9970,9399,9860,19259,9892,10638,20530,7657,8215,15872,5615,6279,11894,4423,4523,8946,3411,3914,7325,2264,4136,6400,644,2026,2670,55982,61705,117687
2020-10-13,7805,7150,14955,4987,5066,10053,9490,9959,19449,9982,10746,20728,7728,8298,16026,5683,6350,12033,4478,4576,9054,3447,3965,7412,2283,4174,6457,649,2039,2688,56532,62323,118855
2020-10-14,7858,7210,15068,5029,5115,10144,9574,10057,19631,10070,10834,20904,7790,8371,16161,5730,6414,12144,4530,4618,9148,3481,4012,7493,2301,4203,6504,650,2052,2702,57013,62886,119899
2020-10-15,7918,7264,15182,5074,5155,10229,9665,10154,19819,10177,10925,21102,7878,8467,16345,5796,6473,12269,4584,4678,9262,3508,4043,7551,2316,4233,6549,656,2062,2718,57572,63454,121026
2020-10-16,7996,7318,15314,5128,5214,10342,9788,10283,20071,10286,11026,21312,7968,8571,16539,5863,6549,12412,4633,4736,9369,3541,4093,7634,2337,4276,6613,658,2088,2746,58198,64154,122352
2020-10-17,8038,7359,15397,5166,5249,10415,9859,10345,20204,10361,11111,21472,8023,8633,16656,5899,6591,12490,4671,4776,9447,3574,4117,7691,2348,4301,6649,661,2095,2756,58600,64577,123177
2020-10-18,8075,7392,15467,5193,5270,10463,9888,10390,20278,10416,11185,21601,8049,8668,16717,5942,6613,12555,4692,4797,9489,3589,4137,7726,2356,4317,6673,662,2099,2761,58862,64868,123730
2020-10-19,8168,7463,15631,5245,5329,10574,9988,10505,20493,10529,11323,21852,8145,8795,16940,6009,6690,12699,4757,4857,9614,3628,4197,7825,2373,4351,6724,663,2109,2772,59505,65619,125124
2020-10-20,8239,7535,15774,5312,5381,10693,10104,10622,20726,10633,11431,22064,8243,8916,17159,6075,6760,12835,4818,4909,9727,3660,4246,7906,2396,4388,6784,663,2124,2787,60143,66312,126455
2020-10-21,8290,7587,15877,5383,5430,10813,10197,10739,20936,10719,11531,22250,8315,8997,17312,6137,6815,12952,4868,4957,9825,3691,4279,7970,2415,4419,6834,665,2129,2794,60680,66883,127563
2020-10-22,8343,7636,15979,5445,5493,10938,10269,10834,21103,10794,11629,22423,8391,9067,17458,6189,6876,13065,4899,5012,9911,3713,4315,8028,2431,4445,6876,667,2137,2804,61141,67444,128585
2020-10-23,8396,7678,16074,5485,5527,11012,10329,10905,21234,10851,11699,22550,8449,9142,17591,6235,6919,13154,4936,5063,9999,3748,4347,8095,2444,4471,6915,671,2155,2826,61544,67906,129450
2020-10-24,8430,7708,16138,5506,5548,11054,10378,10937,21315,10899,11750,22649,8490,9189,17679,6260,6957,13217,4959,5094,10053,3772,4374,8146,2450,4496,6946,673,2165,2838,61817,68218,130035
2020-10-25,8476,7740,16216,5533,5579,11112,10426,10991,21417,10947,11832,22779,8535,9231,17766,6291,7007,13298,4981,5126,10107,3793,4396,8189,2457,4509,6966,674,2167,2841,62113,68578,130691
2020-10-26,8538,7790,16328,5592,5629,11221,10501,11071,21572,11041,11932,22973,8589,9313,17902,6353,7084,13437,5034,5185,10219,3832,4448,8280,2469,4542,7011,676,2177,2853,62625,69171,131796
2020-10-27,8593,7847,16440,5642,5667,11309,10602,11174,21776,11128,12039,23167,8672,9397,18069,6417,7164,13581,5088,5258,10346,3865,4499,8364,2484,4572,7056,679,2183,2862,63170,69800,132970
2020-10-28,8645,7903,16548,5683,5716,11399,10684,11257,21941,11213,12150,23363,8722,9480,18202,6483,7237,13720,5133,5300,10433,3887,4533,8420,2495,4599,7094,682,2196,2878,63627,70371,133998
2020-10-29,8692,7946,16638,5724,5763,11487,10780,11348,22128,11303,12244,23547,8779,9562,18341,6534,7297,13831,5176,5347,10523,3911,4566,8477,2507,4625,7132,683,2203,2886,64089,70901,134990
2020-10-30,8741,7980,16721,5752,5808,11560,10834,11431,22265,11375,12332,23707,8844,9639,18483,6577,7357,13934,5221,5407,10628,3934,4599,8533,2528,4652,7180,685,2218,2903,64491,71423,135914
2020-10-31,8781,8006,16787,5772,5828,11600,10882,11475,22357,11418,12408,23826,8886,9687,18573,6607,7394,14001,5251,5446,10697,3956,4629,8585,2536,4668,7204,687,2226,2913,64776,71767,136543
2020-11-01,8838,8054,16892,5805,5867,11672,10949,11548,22497,11468,12477,23945,8939,9737,18676,6645,7438,14083,5275,5502,10777,3979,4656,8635,2545,4694,7239,690,2232,2922,65133,72205,137338
2020-11-02,8889,8115,17004,5853,5918,11771,11030,11646,22676,11565,12563,24128,9012,9819,18831,6693,7495,14188,5322,5556,10878,4017,4693,8710,2560,4713,7273,690,2243,2933,65631,72761,138392
2020-11-03,8927,8159,17086,5880,5958,11838,11087,11740,22827,11646,12644,24290,9070,9866,18936,6739,7542,14281,5360,5594,10954,4053,4727,8780,2576,4744,7320,691,2253,2944,66029,73227,139256
2020-11-04,8976,8209,17185,5924,6005,11929,11200,11840,23040,11733,12748,24481,9162,9966,19128,6804,7608,14412,5421,5651,11072,4095,4763,8858,2596,4780,7376,698,2266,2964,66609,73836,140445
2020-11-05,9043,8268,17311,6000,6066,12066,11323,11955,23278,11859,12866,24725,9259,10066,19325,6874,7687,14561,5467,5718,11185,4129,4797,8926,2614,4804,7418,702,2276,2978,67270,74503,141773
2020-11-06,9085,8313,17398,6037,6109,12146,11391,12019,23410,11909,12947,24856,9316,10117,19433,6923,7745,14668,5508,5769,11277,4161,4844,9005,2632,4836,7468,705,2283,2988,67667,74982,142649
2020-11-07,9125,8356,17481,6066,6142,12208,11442,12085,23527,11957,13016,24973,9370,10178,19548,6969,7800,14769,5555,5822,11377,4195,4875,9070,2652,4855,7507,711,2290,3001,68042,75419,143461
2020-11-08,9176,8417,17593,6093,6183,12276,11511,12158,23669,12023,13110,25133,9422,10241,19663,7008,7849,14857,5589,5873,11462,4218,4905,9123,2660,4871,7531,713,2295,3008,68413,75902,144315
2020-11-09,9257,8486,17743,6157,6228,12385,11589,12266,23855,12135,13234,25369,9507,10332,19839,7081,7924,15005,5646,5934,11580,4247,4950,9197,2686,4907,7593,717,2304,3021,69022,76565,145587
2020-11-10,9308,8529,17837,6200,6275,12475,11671,12340,24011,12228,13331,25559,9563,10393,19956,7132,7975,15107,5707,5980,11687,4278,4984,9262,2709,4939,7648,722,2313,3035,69518,77059,146577
2020-11-11,9375,8579,17954,6242,6329,12571,11769,12449,24218,12320,13428,25748,9651,10480,20131,7208,8049,15257,5751,6024,11775,4311,5025,9336,2729,4975,7704,727,2331,3058,70083,77669,147752
2020-11-12,9443,8642,18085,6283,6374,12657,11867,12555,24422,12450,13536,25986,9744,10576,20320,7279,8112,15391,5804,6090,11894,4347,5077,9424,2748,5012,7760,730,2343,3073,70695,78317,149012
2020-11-13,9503,8686,18189,6334,6419,12753,11968,12668,24636,12525,13636,26161,9819,10661,20480,7335,8173,15508,5865,6155,12020,4390,5123,9513,2768,5054,7822,734,2355,3089,71241,78930,150171
2020-11-14,9568,8747,18315,6367,6449,12816,12019,12733,24752,12599,13711,26310,9869,10721,20590,7384,8217,15601,5913,6185,12098,4418,5163,9581,2780,5075,7855,738,2360,3098,71655,79361,151016
2020-11-15,9634,8812,18446,6420,6481,12901,12084,12816,24900,12680,13786,26466,9936,10780,20716,7439,8270,15709,5964,6231,12195,4445,5201,9646,2792,5100,7892,738,2371,3109,72132,79848,151980
2020-11-16,9697,8874,18571,6487,6532,13019,12156,12889,25045,12764,13898,26662,10011,10851,20862,7484,8334,15818,6012,6276,12288,4486,5246,9732,2809,5127,7936,741,2384,3125,72647,80411,153058
2020-11-17,9767,8945,18712,6546,6585,13131,12258,13011,25269,12881,14021,26902,10095,10957,21052,7543,8415,15958,6079,6355,12434,4535,5301,9836,2828,5168,7996,747,2399,3146,73279,81157,154436
2020-11-18,9826,9005,18831,6622,6633,13255,12359,13125,25484,12994,14155,27149,10159,11042,21201,7597,8483,16080,6132,6407,12539,4582,5345,9927,2842,5213,8055,749,2407,3156,73862,81815,155677
2020-11-19,9897,9063,18960,6686,6690,13376,12466,13255,25721,13087,14278,27365,10237,11149,21386,7664,8553,16217,6176,6463,12639,4621,5383,10004,2864,5249,8113,752,2414,3166,74450,82497,156947
2020-11-20,9962,9119,19081,6729,6745,13474,12562,13361,25923,13182,14382,27564,10314,11249,21563,7716,8624,16340,6229,6509,12738,4656,5421,10077,2885,5283,8168,756,2429,3185,74991,83122,158113
2020-11-21,10016,9171,19187,6760,6787,13547,12627,13433,26060,13259,14455,27714,10370,11311,21681,7762,8675,16437,6271,6551,12822,4681,5443,10124,2896,5303,8199,759,2440,3199,75401,83569,158970
2020-11-22,10065,9208,19273,6791,6819,13610,12691,13486,26177,13314,14530,27844,10423,11363,21786,7796,8717,16513,6302,6592,12894,4704,5463,10167,2909,5327,8236,762,2450,3212,75757,83955,159712
2020-11-23,10122,9262,19384,6831,6864,13695,12761,13570,26331,13398,14605,28003,10485,11441,21926,7843,8770,16613,6339,6641,12980,4737,5494,10231,2928,5358,8286,767,2462,3229,76211,84467,160678
2020-11-24,10180,9334,19514,6887,6920,13807,12854,13683,26537,13510,14701,28211,10570,11526,22096,7913,8845,16758,6397,6709,13106,4784,5540,10324,2953,5392,8345,768,2473,3241,76816,85123,161939
2020-11-25,10247,9396,19643,6947,6978,13925,12969,13809,26778,13616,14821,28437,10652,11611,22263,7974,8905,16879,6464,6771,13235,4817,5599,10416,2973,5436,8409,774,2484,3258,77433,85810,163243
2020-11-26,10317,9462,19779,7012,7049,14061,13066,13932,26998,13729,14959,28688,10731,11703,22434,8035,8970,17005,6520,6827,13347,4858,5654,10512,2986,5467,8453,783,2496,3279,78037,86519,164556
2020-11-27,10373,9518,19891,7063,7088,14151,13161,14063,27224,13815,15055,28870,10796,11749,22545,8098,9031,17129,6569,6868,13437,4890,5690,10580,3001,5504,8505,786,2500,3286,78552,87066,165618
2020-11-28,10440,9560,20000,7107,7120,14227,13240,14150,27390,13874,15153,29027,10857,11819,22676,8152,9080,17232,6598,6898,13496,4918,5723,10641,3017,5534,8551,788,2506,3294,78991,87543,166534
2020-11-29,10499,9608,20107,7140,7164,14304,13324,14248,27572,13946,15254,29200,10936,11880,22816,8195,9139,17334,6652,6959,13611,4946,5759,10705,3032,5551,8583,789,2512,3301,79459,88074,167533
2020-11-30,10584,9676,20260,7218,7223,14441,13449,14389,27838,14079,15374,29453,11052,11995,23047,8268,9216,17484,6727,7043,13770,5007,5806,10813,3053,5585,8638,792,2522,3314,80229,88829,169058
2020-12-01,10638,9746,20384,7276,7296,14572,13587,14529,28116,14204,15512,29716,11146,12107,23253,8317,9285,17602,6800,7134,13934,5060,5859,10919,3081,5618,8699,797,2527,3324,80906,89613,170519
2020-12-02,10680,9785,20465,7332,7363,14695,13673,14640,28313,14293,15637,29930,11225,12200,23425,8373,9344,17717,6847,7171,14018,5097,5902,10999,3104,5639,8743,798,2536,3334,81422,90217,171639
2020-12-03,10732,9841,20573,7416,7441,14857,13814,14853,28667,14464,15825,30289,11362,12342,23704,8461,9434,17895,6927,7258,14185,5148,5946,11094,3124,5667,8791,800,2543,3343,82248,91150,173398
2020-12-04,10798,9909,20707,7501,7529,15030,13962,15021,28983,14625,16013,30638,11484,12498,23982,8567,9549,18116,7006,7361,14367,5212,5997,11209,3145,5709,8854,806,2552,3358,83106,92138,175244
2020-12-05,10858,9966,20824,7574,7594,15168,14089,15139,29228,14783,16147,30930,11577,12591,24168,8629,9622,18251,7059,7421,14480,5244,6030,11274,3155,5736,8891,811,2561,3372,83779,92807,176586
2020-12-06,10906,10022,20928,7628,7643,15271,14173,15229,29402,14877,16248,31125,11644,12683,24327,8674,9680,18354,7105,7472,14577,5282,6067,11349,3173,5756,8929,812,2566,3378,84274,93366,177640
2020-12-07,10943,10076,21019,7702,7707,15409,14296,15372,29668,14992,16375,31367,11728,12797,24525,8734,9753,18487,7150,7529,14679,5318,6108,11426,3191,5781,8972,816,2572,3388,84870,94070,178940
2020-12-08,10995,10138,21133,7760,7775,15535,14412,15507,29919,15118,16519,31637,11821,12878,24699,8809,9840,18649,7219,7585,14804,5346,6158,11504,3201,5805,9006,820,2581,3401,85501,94786,180287
2020-12-09,11067,10205,21272,7837,7879,15716,14639,15755,30394,15333,16778,32111,11994,13053,25047,8955,10006,18961,7345,7693,15038,5401,6234,11635,3226,5850,9076,824,2599,3423,86621,96052,182673
2020-12-10,11147,10262,21409,7952,8032,15984,14885,16051,30936,15597,17085,32682,12177,13274,25451,9120,10196,19316,7476,7816,15292,5458,6293,11751,3247,5904,9151,831,2611,3442,87890,97524,185414
2020-12-11,11216,10336,21552,8063,8165,16228,15134,16360,31494,15887,17405,33292,12381,13501,25882,9292,10382,19674,7617,7967,15584,5533,6378,11911,3271,5943,9214,833,2618,3451,89227,99055,188282
2020-12-12,11280,10400,21680,8169,8266,16435,15342,16623,31965,16108,17671,33779,12578,13707,26285,9435,10544,19979,7723,8118,15841,5591,6442,12033,3288,5971,9259,835,2628,3463,90349,100370,190719
2020-12-13,11350,10446,21796,8259,8365,16624,15501,16823,32324,16321,17928,34249,12747,13893,26640,9582,10701,20283,7824,8214,16038,5636,6486,12122,3306,5994,9300,842,2633,3475,91368,101483,192851
2020-12-14,11438,10514,21952,8374,8491,16865,15736,17107,32843,16604,18227,34831,12938,14112,27050,9754,10885,20639,7962,8372,16334,5716,6572,12288,3333,6032,9365,852,2646,3498,92707,102958,195665
2020-12-15,11509,10587,22096,8470,8601,17071,15944,17380,33324,16868,18495,35363,13130,14304,27434,9910,11093,21003,8105,8508,16613,5785,6637,12422,3349,6061,9410,856,2658,3514,93926,104324,198250
2020-12-16,11560,10651,22211,8595,8757,17352,16196,17700,33896,17205,18864,36069,13395,14568,27963,10113,11312,21425,8279,8679,16958,5870,6723,12593,3380,6088,9468,860,2670,3530,95453,106012,201465
2020-12-17,11652,10732,22384,8732,8895,17627,16476,18071,34547,17561,19251,36812,13665,14854,28519,10308,11527,21835,8383,8818,17201,5941,6784,12725,3396,6115,9511,862,2679,3541,96976,107726,204702
2020-12-18,11751,10812,22563,8885,9097,17982,16797,18476,35273,17929,19666,37595,13945,15150,29095,10541,11777,22318,8618,9044,17662,6053,6884,12937,3418,6174,9592,865,2691,3556,98802,109771,208573
2020-12-19,11826,10882,22708,9015,9239,18254,17030,18796,35826,18312,20058,38370,14195,15410,29605,10727,11992,22719,8779,9235,18014,6123,6970,13093,3436,6205,9641,868,2699,3567,100311,111486,211797
2020-12-20,11891,10961,22852,9159,9388,18547,17295,19106,36401,18692,20444,39136,14462,15703,30165,10953,12238,23191,8942,9393,18335,6194,7036,13230,3451,6224,9675,872,2707,3579,101911,113200,215111
2020-12-21,11987,11060,23047,9308,9549,18857,17658,19489,37147,19116,20915,40031,14794,16031,30825,11199,12501,23700,9148,9606,18754,6289,7136,13425,3472,6279,9751,877,2718,3595,103848,115284,219132
2020-12-22,12090,11159,23249,9507,9760,19267,18043,19978,38021,19607,21488,41095,15163,16411,31574,11452,12779,24231,9369,9843,19212,6391,7230,13621,3496,6316,9812,883,2724,3607,106001,117688,223689
2020-12-23,12213,11260,23473,9737,9971,19708,18466,20453,38919,20082,21987,42069,15505,16818,32323,11691,13029,24720,9541,10057,19598,6463,7314,13777,3528,6362,9890,891,2740,3631,108117,119991,228108
2020-12-24,12268,11318,23586,9838,10111,19949,18713,20696,39409,20390,22264,42654,15709,17018,32727,11807,13173,24980,9640,10178,19818,6526,7364,13890,3534,6387,9921,894,2745,3639,109319,121254,230573
2020-12-25,12307,11343,23650,9876,10155,20031,18787,20760,39547,20456,22346,42802,15763,17061,32824,11856,13228,25084,9665,10206,19871,6545,7378,13923,3540,6406,9946,898,2748,3646,109693,121631,231324
2020-12-26,12400,11415,23815,10070,10392,20462,19091,21138,40229,20883,22754,43637,16045,17409,33454,12092,13467,25559,9810,10374,20184,6619,7457,14076,3560,6441,10001,899,2761,3660,111469,123608,235077
2020-12-27,12455,11467,23922,10335,10643,20978,19432,21482,40914,21331,23225,44556,16410,17792,34202,12339,13739,26078,9983,10555,20538,6692,7550,14242,3584,6478,10062,902,2772,3674,113463,125703,239166
2020-12-28,12584,11570,24154,10645,10987,21632,19905,22063,41968,21963,23922,45885,16908,18302,35210,12652,14122,26774,10191,10825,21016,6797,7673,14470,3618,6528,10146,905,2792,3697,116168,128784,244952
2020-12-29,12680,11664,24344,10926,11289,22215,20381,22609,42990,22471,24476,46947,17342,18760,36102,12918,14425,27343,10401,11069,21470,6900,7787,14687,3649,6593,10242,914,2808,3722,118582,131480,250062
2020-12-30,12780,11752,24532,11252,11655,22907,20875,23121,43996,23060,25064,48124,17780,19267,37047,13221,14802,28023,10618,11304,21922,7001,7895,14896,3678,6645,10323,917,2820,3737,121182,134325,255507
2020-12-31,12853,11823,24676,11486,11890,23376,21215,23474,44689,23409,25482,48891,18072,19619,37691,13423,15012,28435,10715,11424,22139,7055,7966,15021,3694,6674,10368,918,2828,3746,122840,136192,259032
2021-01-01,12884,11844,24728,11536,11942,23478,21289,23571,44860,23490,25581,49071,18130,19696,37826,13478,15072,28550,10741,11459,22200,7075,7989,15064,3700,6690,10390,919,2832,3751,123242,136676,259918
2021-01-02,12962,11908,24870,11728,12174,23902,21595,23938,45533,23876,26013,49889,18424,20038,38462,13692,15316,29008,10933,11665,22598,7155,8086,15241,3717,6728,10445,925,2840,3765,125007,138706,263713
2021-01-03,13018,11977,24995,12029,12460,24489,22084,24522,46606,24505,26688,51193,18888,20578,39466,13993,15691,29684,11159,11921,23080,7244,8209,15453,3748,6769,10517,928,2850,3778,127596,141665,269261
2021-01-04,13109,12063,25172,12308,12736,25044,22716,25280,47996,25206,27447,52653,19369,21135,40504,14305,16087,30392,11405,12168,23573,7371,8336,15707,3783,6847,10630,932,2866,3798,130504,144965,275469
2021-01-05,13198,12153,25351,12627,13056,25683,23379,26061,49440,25914,28238,54152,19881,21704,41585,14642,16477,31119,11651,12507,24158,7498,8486,15984,3819,6916,10735,939,2878,3817,133548,148476,282024
2021-01-06,13291,12236,25527,12973,13403,26376,24056,26774,50830,26579,28959,55538,20426,22265,42691,15019,16916,31935,11916,12807,24723,7621,8645,16266,3852,6984,10836,943,2898,3841,136676,151887,288563
2021-01-07,13382,12316,25698,13234,13690,26924,24552,27359,51911,27117,29557,56674,20819,22673,43492,15282,17255,32537,12125,13069,25194,7714,8782,16496,3882,7038,10920,947,2910,3857,139054,154649,293703
2021-01-08,13477,12409,25886,13518,13988,27506,25067,27907,52974,27572,30119,57691,21175,23160,44335,15549,17568,33117,12296,13291,25587,7814,8911,16725,3916,7080,10996,953,2919,3872,141337,157352,298689
2021-01-09,13539,12482,26021,13770,14270,28040,25520,28443,53963,28081,30710,58791,21544,23595,45139,15805,17869,33674,12453,13522,25975,7884,9000,16884,3941,7127,11068,953,2932,3885,143490,159950,303440
2021-01-10,13622,12555,26177,14067,14585,28652,25961,28977,54938,28579,31281,59860,21924,24029,45953,16043,18151,34194,12615,13690,26305,7935,9097,17032,3958,7170,11128,957,2946,3903,145661,162481,308142
2021-01-11,13722,12627,26349,14375,14937,29312,26559,29667,56226,29201,31980,61181,22330,24520,46850,16345,18516,34861,12800,13927,26727,8029,9200,17229,3986,7226,11212,960,2968,3928,148307,165568,313875
2021-01-12,13835,12696,26531,14650,15260,29910,27056,30243,57299,29644,32576,62220,22682,24950,47632,16623,18874,35497,13005,14117,27122,8102,9302,17404,4019,7263,11282,964,2977,3941,150580,168258,318838
2021-01-13,13963,12809,26772,14955,15620,30575,27632,30891,58523,30170,33172,63342,23122,25408,48530,16917,19241,36158,13217,14384,27601,8194,9415,17609,4040,7316,11356,970,2981,3951,153180,171237,324417
2021-01-14,14059,12912,26971,15274,15999,31273,28143,31506,59649,30676,33757,64433,23501,25880,49381,17212,19594,36806,13410,14613,28023,8276,9514,17790,4062,7359,11421,974,2990,3964,155587,174124,329711
2021-01-15,14176,13000,27176,15778,16542,32320,28728,32263,60991,31434,34614,66048,24056,26560,50616,17639,20095,37734,13646,14891,28537,8368,9646,18014,4085,7413,11498,978,3000,3978,158888,178024,336912
2021-01-16,14239,13053,27292,16389,17148,33537,29253,32931,62184,32107,35430,67537,24700,27284,51984,18096,20540,38636,13906,15189,29095,8494,9770,18264,4115,7457,11572,979,3010,3989,162278,181812,344090
2021-01-17,14305,13100,27405,16876,17709,34585,29787,33638,63425,32740,36142,68882,25361,28037,53398,18521,20966,39487,14107,15406,29513,8585,9870,18455,4132,7486,11618,981,3013,3994,165395,185367,350762
2021-01-18,14400,13186,27586,17474,18306,35780,30488,34428,64916,33527,36990,70517,26109,28849,54958,19031,21524,40555,14413,15768,30181,8729,10019,18748,4174,7569,11743,987,3038,4025,169332,189677,359009
2021-01-19,14505,13275,27780,18031,18884,36915,31124,35172,66296,34269,37834,72103,26796,29627,56423,19516,22054,41570,14716,16121,30837,8856,10184,19040,4199,7630,11829,994,3052,4046,173006,193833,366839
2021-01-20,14602,13364,27966,18549,19429,37978,31707,35827,67534,34950,38556,73506,27417,30284,57701,19980,22566,42546,15038,16468,31506,9020,10353,19373,4232,7684,11916,1000,3067,4067,176495,197598,374093
2021-01-21,14724,13450,28174,18914,19885,38799,32267,36415,68682,35471,39180,74651,27858,30843,58701,20301,23029,43330,15281,16722,32003,9127,10466,19593,4268,7739,12007,1008,3088,4096,179219,200817,380036
2021-01-22,14808,13536,28344,19329,20305,39634,32721,36979,69700,35897,39741,75638,28286,31365,59651,20613,23389,44002,15489,16961,32450,9223,10582,19805,4291,7787,12078,1015,3093,4108,181672,203738,385410
2021-01-23,14863,13581,28444,19767,20757,40524,33185,37548,70733,36376,40291,76667,28716,31818,60534,20935,23752,44687,15643,17154,32797,9280,10658,19938,4311,7825,12136,1017,3099,4116,184093,206483,390576
2021-01-24,14928,13637,28565,20273,21298,41571,33726,38128,71854,36880,40884,77764,29269,32411,61680,21298,24141,45439,15837,17361,33198,9356,10759,20115,4340,7863,12203,1019,3105,4124,186926,209587,396513
2021-01-25,15022,13741,28763,20901,21897,42798,34446,38906,73352,37555,41651,79206,29895,33094,62989,21695,24628,46323,16095,17627,33722,9482,10892,20374,4373,7929,12302,1024,3121,4145,190488,213486,403974
2021-01-26,15142,13826,28968,21424,22414,43838,35005,39523,74528,38114,42264,80378,30425,33669,64094,22079,25075,47154,16328,17934,34262,9603,11026,20629,4410,7994,12404,1030,3139,4169,193560,216864,410424
2021-01-27,15257,13924,29181,21890,22880,44770,35521,40131,75652,38656,42876,81532,30889,34242,65131,22438,25483,47921,16548,18168,34716,9693,11137,20830,4445,8052,12497,1032,3160,4192,196369,220053,416422
2021-01-28,15348,14012,29360,22285,23304,45589,35954,40626,76580,39104,43395,82499,31263,34716,65979,22725,25815,48540,16754,18410,35164,9806,11255,21061,4478,8099,12577,1037,3175,4212,198754,222807,421561
2021-01-29,15415,14108,29523,22827,23839,46666,36535,41269,77804,39728,44133,83861,31838,35393,67231,23154,26285,49439,17020,18714,35734,9913,11407,21320,4505,8164,12669,1039,3184,4223,201974,226496,428470
2021-01-30,15484,14157,29641,23547,24608,48155,37055,41913,78968,40388,44934,85322,32565,36277,68842,23664,26839,50503,17279,19055,36334,10021,11566,21587,4534,8214,12748,1041,3193,4234,205578,230756,436334
2021-01-31,15545,14218,29763,24652,25781,50433,37750,42698,80448,41217,45961,87178,33667,37553,71220,24356,27600,51956,17598,19393,36991,10142,11715,21857,4561,8265,12826,1043,3206,4249,210531,236390,446921
2021-02-01,15637,14301,29938,25578,26794,52372,38383,43521,81904,42071,46938,89009,34641,38683,73324,25034,28297,53331,17939,19817,37756,10267,11909,22176,4604,8316,12920,1044,3216,4260,215198,241792,456990
2021-02-02,15726,14386,30112,26338,27658,53996,38974,44215,83189,42863,47846,90709,35524,39745,75269,25661,28965,54626,18338,20218,38556,10461,12142,22603,4647,8382,13029,1047,3228,4275,219579,246785,466364
2021-02-03,15791,14479,30270,26967,28248,55215,39498,44854,84352,43537,48612,92149,36189,40514,76703,26139,29548,55687,18678,20582,39260,10625,12347,22972,4684,8449,13133,1052,3242,4294,223160,250875,474035
2021-02-04,15867,14552,30419,27322,28614,55936,39914,45395,85309,44003,49165,93168,36588,41092,77680,26482,29962,56444,18881,20860,39741,10733,12498,23231,4710,8496,13206,1057,3261,4318,225557,253895,479452
2021-02-05,15951,14628,30579,27648,28947,56595,40304,45886,86190,44402,49670,94072,36985,41532,78517,26767,30318,57085,19095,21122,40217,10836,12641,23477,4731,8556,13287,1058,3273,4331,227777,256573,484350
2021-02-06,16002,14677,30679,27997,29361,57358,40675,46338,87013,44846,50233,95079,37392,42061,79453,27109,30694,57803,19277,21337,40614,10917,12749,23666,4752,8598,13350,1059,3281,4340,230026,259329,489355
2021-02-07,16061,14742,30803,28404,29794,58198,41017,46774,87791,45309,50790,96099,37823,42583,80406,27420,31093,58513,19448,21526,40974,11006,12852,23858,4771,8627,13398,1065,3285,4350,232324,262066,494390
2021-02-08,16153,14823,30976,28917,30427,59344,41580,47406,88986,46002,51616,97618,38504,43403,81907,27809,31606,59415,19691,21819,41510,11123,12994,24117,4800,8699,13499,1069,3305,4374,235648,266098,501746
2021-02-09,16244,14885,31129,29372,30917,60289,42060,48004,90064,46631,52316,98947,39056,44118,83174,28208,32089,60297,19963,22129,42092,11257,13150,24407,4837,8762,13599,1075,3321,4396,238703,269691,508394
2021-02-10,16320,14946,31266,29714,31270,60984,42445,48503,90948,47153,52969,100122,39553,44705,84258,28526,32480,61006,20175,22391,42566,11377,13280,24657,4872,8814,13686,1075,3335,4410,241210,272693,513903
2021-02-11,16396,15008,31404,29995,31626,61621,42795,48988,91783,47627,53538,101165,39982,45270,85252,28777,32854,61631,20391,22628,43019,11483,13404,24887,4901,8867,13768,1079,3345,4424,243426,275528,518954
2021-02-12,16474,15078,31552,30338,32016,62354,43167,49406,92573,48120,54140,102260,40439,45879,86318,29069,33245,62314,20586,22885,43471,11588,13533,25121,4934,8922,13856,1081,3362,4443,245796,278466,524262
2021-02-13,16530,15118,31648,30800,32532,63332,43541,49837,93378,48690,54838,103528,41014,46624,87638,29411,33675,63086,20788,23112,43900,11665,13644,25309,4956,8958,13914,1086,3373,4459,248481,281711,530192
2021-02-14,16572,15153,31725,31258,33041,64299,43846,50276,94122,49273,55565,104838,41691,47409,89100,29744,34078,63822,21012,23366,44378,11767,13771,25538,4972,8983,13955,1087,3383,4470,251222,285025,536247
2021-02-15,16613,15211,31824,31849,33658,65507,44286,50858,95144,49990,56461,106451,42500,48335,90835,30201,34608,64809,21236,23633,44869,11861,13901,25762,4995,9041,14036,1089,3394,4483,254620,289100,543720
2021-02-16,16674,15254,31928,32459,34247,66706,44888,51687,96575,50862,57444,108306,43302,49325,92627,30631,35064,65695,21457,23865,45322,11955,14033,25988,5010,9080,14090,1097,3400,4497,258335,293399,551734
2021-02-17,16753,15349,32102,32873,34711,67584,45622,52542,98164,51593,58274,109867,43869,49963,93832,31018,35532,66550,21769,24197,45966,12080,14199,26279,5035,9145,14180,1104,3416,4520,261716,297328,559044
2021-02-18,16824,15417,32241,33216,35115,68331,46216,53244,99460,52240,59007,111247,44398,50595,94993,31395,35957,67352,22027,24488,46515,12215,14364,26579,5069,9196,14265,1108,3428,4536,264708,300811,565519
2021-02-19,16916,15483,32399,33537,35543,69080,46725,53857,100582,52852,59743,112595,44896,51197,96093,31758,36382,68140,22248,24772,47020,12329,14525,26854,5098,9246,14344,1112,3440,4552,267471,304188,571659
2021-02-20,16982,15535,32517,33819,35910,69729,47174,54388,101562,53325,60399,113724,45343,51749,97092,32084,36793,68877,22435,25049,47484,12415,14634,27049,5125,9285,14410,1117,3445,4562,269819,307187,577006
2021-02-21,17063,15586,32649,34089,36259,70348,47583,54942,102525,53862,61071,114933,45790,52314,98104,32359,37155,69514,22642,25293,47935,12490,14740,27230,5151,9317,14468,1122,3455,4577,272151,310132,582283
2021-02-22,17162,15698,32860,34380,36654,71034,48087,55624,103711,54447,61816,116263,46254,52902,99156,32703,37591,70294,22890,25594,48484,12607,14861,27468,5194,9357,14551,1125,3463,4588,274849,313560,588409
2021-02-23,17272,15786,33058,34633,36954,71587,48538,56169,104707,54952,62419,117371,46651,53405,100056,33008,37988,70996,23130,25874,49004,12721,15007,27728,5228,9413,14641,1132,3478,4610,277265,316493,593758
2021-02-24,17355,15891,33246,34898,37262,72160,48888,56599,105487,55389,62925,118314,46967,53822,100789,33267,38312,71579,23347,26103,49450,12825,15135,27960,5256,9457,14713,1135,3488,4623,279327,318994,598321
2021-02-25,17482,16009,33491,35107,37495,72602,49249,57014,106263,55776,63342,119118,47258,54165,101423,33489,38605,72094,23520,26336,49856,12910,15258,28168,5280,9503,14783,1140,3502,4642,281211,321229,602440
2021-02-26,17580,16108,33688,35295,37736,73031,49608,57471,107079,56210,63808,120018,47574,54555,102129,33736,38922,72658,23710,26620,50330,13006,15383,28389,5301,9540,14841,1142,3521,4663,283162,323664,606826
2021-02-27,17648,16176,33824,35511,38038,73549,49967,57943,107910,56686,64339,121025,47893,54950,102843,34046,39297,73343,23947,26905,50852,13103,15511,28614,5329,9596,14925,1144,3530,4674,285274,326285,611559
2021-02-28,17728,16249,33977,35828,38396,74224,50363,58491,108854,57300,65049,122349,48364,55542,103906,34438,39792,74230,24238,27257,51495,13247,15681,28928,5356,9646,15002,1146,3538,4684,288008,329641,617649
2021-03-01,17877,16377,34254,36048,38656,74704,50737,58924,109661,57710,65508,123218,48681,55922,104603,34668,40072,74740,24425,27498,51923,13334,15817,29151,5378,9691,15069,1151,3551,4702,290009,332016,622025
2021-03-02,18033,16518,34551,36280,38922,75202,51095,59326,110421,58072,65952,124024,48990,56263,105253,34878,40386,75264,24582,27706,52288,13428,15903,29331,5415,9748,15163,1154,3560,4714,291927,334284,626211
2021-03-03,18186,16635,34821,36443,39155,75598,51367,59705,111072,58405,66337,124742,49239,56567,105806,35103,40680,75783,24795,27953,52748,13515,16028,29543,5436,9783,15219,1155,3571,4726,293644,336414,630058
2021-03-04,18325,16768,35093,36616,39368,75984,51626,60009,111635,58706,66669,125375,49473,56866,106339,35272,40936,76208,24975,28216,53191,13616,16170,29786,5466,9819,15285,1161,3588,4749,295236,338409,633645
2021-03-05,18454,16892,35346,36797,39562,76359,51908,60384,112292,59043,67059,126102,49700,57133,106833,35490,41214,76704,25159,28432,53591,13710,16286,29996,5490,9855,15345,1161,3594,4755,296912,340411,637323
2021-03-06,18547,16976,35523,36922,39705,76627,52160,60690,112850,59343,67384,126727,49908,57377,107285,35647,41425,77072,25283,28578,53861,13775,16373,30148,5511,9885,15396,1163,3601,4764,298259,341994,640253
2021-03-07,18638,17062,35700,37063,39866,76929,52399,61004,113403,59659,67726,127385,50094,57638,107732,35831,41684,77515,25454,28780,54234,13847,16465,30312,5530,9923,15453,1167,3605,4772,299682,343753,643435
2021-03-08,18814,17212,36026,37243,40102,77345,52691,61404,114095,60016,68119,128135,50393,57967,108360,36084,42007,78091,25693,29037,54730,13956,16584,30540,5557,9973,15530,1170,3617,4787,301617,346022,647639
2021-03-09,19007,17391,36398,37426,40293,77719,52993,61749,114742,60386,68521,128907,50677,58278,108955,36326,42319,78645,25913,29359,55272,14089,16722,30811,5586,10016,15602,1174,3625,4799,303577,348273,651850
2021-03-10,19216,17573,36789,37624,40514,78138,53273,62062,115335,60756,68928,129684,50915,58556,109471,36554,42605,79159,26125,29597,55722,14186,16848,31034,5615,10063,15678,1178,3635,4813,305442,350381,655823
2021-03-11,19392,17755,37147,37770,40702,78472,53509,62386,115895,61019,69264,130283,51106,58825,109931,36697,42813,79510,26268,29804,56072,14273,16947,31220,5642,10101,15743,1180,3648,4828,306856,352245,659101
2021-03-12,19603,17950,37553,37946,40937,78883,53788,62734,116522,61336,69682,131018,51363,59133,110496,36894,43088,79982,26449,30072,56521,14373,17059,31432,5666,10149,15815,1183,3662,4845,308601,354466,663067
2021-03-13,19741,18072,37813,38077,41108,79185,54070,63055,117125,61669,70037,131706,51585,59389,110974,37079,43364,80443,26640,30307,56947,14447,17149,31596,5684,10189,15873,1187,3666,4853,310179,356336,666515
2021-03-14,19868,18236,38104,38231,41261,79492,54296,63421,117717,62026,70435,132461,51813,59682,111495,37318,43659,80977,26830,30553,57383,14531,17268,31799,5703,10222,15925,1192,3677,4869,311808,358414,670222
2021-03-15,20120,18471,38591,38445,41499,79944,54606,63858,118464,62404,70889,133293,52110,60058,112168,37592,44005,81597,27074,30831,57905,14635,17430,32065,5728,10273,16001,1196,3690,4886,313910,361004,674914
2021-03-16,20350,18704,39054,38646,41745,80391,54883,64213,119096,62777,71306,134083,52374,60337,112711,37823,44307,82130,27287,31087,58374,14735,17549,32284,5753,10332,16085,1202,3709,4911,315830,363289,679119
2021-03-17,20538,18871,39409,38829,41961,80790,55153,64564,119717,63079,71637,134716,52588,60604,113192,38023,44576,82599,27479,31316,58795,14818,17675,32493,5777,10376,16153,1205,3722,4927,317489,365302,682791
2021-03-18,20705,19029,39734,38980,42141,81121,55400,64866,120266,63362,71947,135309,52792,60842,113634,38176,44798,82974,27632,31498,59130,14904,17778,32682,5793,10413,16206,1208,3729,4937,318952,367041,685993
2021-03-19,20880,19218,40098,39185,42353,81538,55657,65204,120861,63673,72294,135967,53006,61106,114112,38352,45027,83379,27785,31698,59483,14977,17870,32847,5813,10448,16261,1214,3739,4953,320542,368957,689499
2021-03-20,20967,19306,40273,39321,42511,81832,55875,65465,121340,63948,72586,136534,53196,61330,114526,38529,45247,83776,27933,31849,59782,15048,17950,32998,5829,10476,16305,1222,3746,4968,321868,370466,692334
2021-03-21,21091,19420,40511,39453,42654,82107,56104,65732,121836,64252,72897,137149,53377,61555,114932,38704,45472,84176,28070,32036,60106,15100,18032,33132,5849,10507,16356,1224,3756,4980,323224,372061,695285
2021-03-22,21294,19621,40915,39672,42850,82522,56394,66112,122506,64585,73269,137854,53628,61840,115468,38938,45780,84718,28247,32266,60513,15202,18149,33351,5875,10563,16438,1228,3778,5006,325063,374228,699291
2021-03-23,21487,19798,41285,39869,43070,82939,56651,66438,123089,64893,73656,138549,53861,62088,115949,39147,46021,85168,28438,32520,60958,15308,18281,33589,5902,10596,16498,1231,3794,5025,326787,376262,703049
2021-03-24,21618,19930,41548,40035,43226,83261,56854,66678,123532,65148,73926,139074,54033,62314,116347,39285,46218,85503,28539,32654,61193,15368,18369,33737,5914,10632,16546,1232,3800,5032,328026,377747,705773
2021-03-25,21766,20071,41837,40207,43454,83661,57083,67004,124087,65465,74262,139727,54287,62617,116904,39462,46435,85897,28667,32841,61508,15437,18455,33892,5944,10672,16616,1236,3804,5040,329554,379615,709169
2021-03-26,21956,20247,42203,40416,43702,84118,57351,67347,124698,65792,74612,140404,54513,62926,117439,39640,46686,86326,28813,33042,61855,15531,18565,34096,5968,10708,16676,1239,3817,5056,331219,381652,712871
2021-03-27,22096,20378,42474,40542,43853,84395,57592,67600,125192,66089,74938,141027,54713,63190,117903,39805,46932,86737,28969,33213,62182,15595,18653,34248,5987,10746,16733,1244,3824,5068,332632,383327,715959
2021-03-28,22204,20477,42681,40655,44017,84672,57780,67850,125630,66345,75269,141614,54926,63435,118361,39968,47158,87126,29098,33387,62485,15645,18714,34359,6007,10775,16782,1246,3831,5077,333874,384913,718787
2021-03-29,22385,20659,43044,40909,44241,85150,58058,68198,126256,66675,75638,142313,55176,63768,118944,40183,47411,87594,29249,33603,62852,15704,18780,34484,6024,10815,16839,1247,3839,5086,335610,386952,722562
2021-03-30,22554,20821,43375,41106,44468,85574,58292,68515,126807,66960,75989,142949,55391,64051,119442,40363,47617,87980,29405,33781,63186,15756,18853,34609,6047,10850,16897,1252,3845,5097,337126,388790,725916
2021-03-31,22701,20947,43648,41274,44627,85901,58543,68837,127380,67240,76330,143570,55592,64331,119923,40497,47814,88311,29497,33900,63397,15789,18903,34692,6068,10876,16944,1253,3855,5108,338454,390420,728874
2021-04-01,22817,21089,43906,41460,44823,86283,58820,69154,127974,67541,76669,144210,55804,64607,120411,40673,48039,88712,29616,34047,63663,15842,18984,34826,6082,10900,16982,1255,3866,5121,339910,392178,732088
2021-04-02,22956,21187,44143,41634,45027,86661,59076,69453,128529,67828,76986,144814,56028,64875,120903,40842,48262,89104,29722,34162,63884,15894,19033,34927,6100,10924,17024,1257,3876,5133,341337,393785,735122
2021-04-03,23063,21292,44355,41803,45241,87044,59337,69732,129069,68144,77349,145493,56253,65172,121425,41012,48483,89495,29863,34299,64162,15937,19104,35041,6120,10967,17087,1261,3884,5145,342793,395523,738316
2021-04-04,23204,21408,44612,42101,45577,87678,59699,70184,129883,68594,77956,146550,56605,65637,122242,41211,48752,89963,29980,34465,64445,15985,19168,35153,6138,11001,17139,1262,3892,5154,344779,398040,742819
2021-04-05,23387,21595,44982,42506,46024,88530,60179,70767,130946,69146,78552,147698,57045,66209,123254,41489,49111,90600,30149,34684,64833,16063,19254,35317,6158,11050,17208,1266,3901,5167,347388,401147,748535
2021-04-06,23594,21813,45407,42855,46395,89250,60720,71320,132040,69694,79196,148890,57477,66680,124157,41774,49458,91232,30355,34978,65333,16165,19379,35544,6181,11099,17280,1269,3915,5184,350084,404233,754317
2021-04-07,23805,22021,45826,43225,46771,89996,61221,71883,133104,70209,79830,150039,57951,67187,125138,42055,49874,91929,30537,35235,65772,16246,19495,35741,6198,11147,17345,1270,3929,5199,352717,407372,760089
2021-04-08,24006,22186,46192,43504,47088,90592,61628,72456,134084,70703,80421,151124,58323,67625,125948,42299,50239,92538,30707,35443,66150,16312,19605,35917,6222,11189,17411,1272,3940,5212,354976,410192,765168
2021-04-09,24160,22335,46495,43722,47342,91064,61893,72866,134759,71014,80821,151835,58592,67959,126551,42476,50498,92974,30828,35583,66411,16364,19677,36041,6230,11218,17448,1275,3948,5223,356554,412247,768801
2021-04-10,24283,22452,46735,43927,47587,91514,62223,73273,135496,71403,81242,152645,58851,68283,127134,42659,50755,93414,30944,35736,66680,16395,19730,36125,6237,11235,17472,1278,3952,5230,358200,414245,772445
2021-04-11,24388,22564,46952,44116,47809,91925,62476,73574,136050,71719,81642,153361,59119,68613,127732,42838,50988,93826,31065,35862,66927,16430,19776,36206,6252,11266,17518,1280,3957,5237,359683,416051,775734
2021-04-12,24578,22743,47321,44386,48065,92451,62822,73987,136809,72113,82110,154223,59455,69058,128513,43071,51309,94380,31207,36050,67257,16484,19864,36348,6272,11301,17573,1284,3968,5252,361672,418455,780127
2021-04-13,24764,22877,47641,44589,48279,92868,63154,74427,137581,72525,82610,155135,59785,69462,129247,43317,51616,94933,31319,36176,67495,16547,19920,36467,6288,11325,17613,1288,3978,5266,363576,420670,784246
2021-04-14,24935,23021,47956,44777,48454,93231,63367,74680,138047,72774,82924,155698,59961,69720,129681,43468,51822,95290,31476,36326,67802,16602,20023,36625,6312,11367,17679,1293,3986,5279,364965,422323,787288
2021-04-15,25126,23198,48324,45019,48752,93771,63759,75207,138966,73212,83482,156694,60356,70247,130603,43744,52203,95947,31648,36514,68162,16650,20108,36758,6334,11409,17743,1295,3996,5291,367143,425116,792259
2021-04-16,25313,23387,48700,45270,49010,94280,64185,75792,139977,73704,84091,157795,60764,70732,131496,44047,52601,96648,31864,36761,68625,16713,20200,36913,6347,11450,17797,1301,4011,5312,369508,428035,797543
2021-04-17,25475,23526,49001,45500,49242,94742,64535,76229,140764,74170,84596,158766,61097,71179,132276,44286,52895,97181,32004,36946,68950,16772,20288,37060,6368,11507,17875,1305,4018,5323,371512,430426,801938
2021-04-18,25596,23668,49264,45705,49473,95178,64899,76693,141592,74634,85197,159831,61491,71649,133140,44554,53236,97790,32184,37163,69347,16837,20360,37197,6398,11548,17946,1307,4030,5337,373605,433017,806622
2021-04-19,25842,23861,49703,46048,49841,95889,65464,77369,142833,75309,86048,161357,62018,72326,134344,44946,53752,98698,32436,37464,69900,16929,20479,37408,6422,11619,18041,1310,4061,5371,376724,436820,813544
2021-04-20,26071,24104,50175,46339,50149,96488,65951,78037,143988,75884,86771,162655,62508,72995,135503,45295,54219,99514,32689,37785,70474,17020,20586,37606,6463,11654,18117,1314,4070,5384,379534,440370,819904
2021-04-21,26266,24274,50540,46561,50391,96952,66352,78545,144897,76321,87383,163704,62907,73540,136447,45575,54620,100195,32886,38033,70919,17099,20671,37770,6481,11709,18190,1315,4078,5393,381763,443244,825007
2021-04-22,26489,24489,50978,46886,50776,97662,66823,79148,145971,76930,88166,165096,63436,74192,137628,45920,55091,101011,33100,38319,71419,17188,20786,37974,6511,11769,18280,1317,4092,5409,384600,446828,831428
2021-04-23,26677,24678,51355,47226,51147,98373,67365,79833,147198,77598,89062,166660,63981,74908,138889,46289,55616,101905,33325,38609,71934,17290,20908,38198,6555,11820,18375,1321,4106,5427,387627,450687,838314
2021-04-24,26781,24761,51542,47344,51239,98583,67499,80029,147528,77776,89280,167056,64129,75109,139238,46380,55749,102129,33386,38693,72079,17340,20971,38311,6573,11868,18441,1327,4131,5458,388535,451830,840365
2021-04-25,26932,24902,51834,47579,51469,99048,67869,80512,148381,78264,89909,168173,64535,75631,140166,46692,56145,102837,33581,38906,72487,17417,21034,38451,6588,11908,18496,1328,4138,5466,390785,454554,845339
2021-04-26,27169,25118,52287,47873,51814,99687,68340,81124,149464,78857,90656,169513,65063,76252,141315,47071,56634,103705,33804,39169,72973,17520,21169,38689,6607,11953,18560,1332,4150,5482,393636,458039,851675
2021-04-27,27378,25297,52675,48184,52161,100345,68805,81786,150591,79415,91401,170816,65527,76866,142393,47426,57101,104527,34033,39410,73443,17607,21308,38915,6634,12008,18642,1337,4162,5499,396346,461500,857846
2021-04-28,27583,25494,53077,48481,52477,100958,69219,82359,151578,79972,92119,172091,65973,77451,143424,47748,57508,105256,34226,39629,73855,17682,21414,39096,6660,12056,18716,1344,4178,5522,398888,464685,863573
2021-04-29,27840,25710,53550,48883,52858,101741,69757,83137,152894,80666,93003,173669,66553,78266,144819,48189,58110,106299,34475,39957,74432,17818,21576,39394,6704,12125,18829,1348,4200,5548,402233,468942,871175
2021-04-30,28030,25882,53912,49117,53080,102197,70055,83593,153648,81067,93569,174636,66871,78738,145609,48447,58481,106928,34641,40161,74802,17918,21695,39613,6741,12189,18930,1351,4222,5573,404238,471610,875848
2021-05-01,28181,26008,54189,49361,53290,102651,70423,84064,154487,81546,94171,175717,67255,79302,146557,48741,58834,107575,34813,40313,75126,17995,21792,39787,6766,12248,19014,1353,4228,5581,406434,474250,880684
2021-05-02,28335,26130,54465,49574,53518,103092,70754,84510,155264,82027,94793,176820,67627,79839,147466,49025,59192,108217,35004,40551,75555,18082,21901,39983,6791,12293,19084,1356,4247,5603,408575,476974,885549
2021-05-03,28622,26387,55009,49875,53855,103730,71327,85234,156561,82742,95665,178407,68200,80562,148762,49452,59827,109279,35303,40966,76269,18236,22063,40299,6827,12383,19210,1361,4274,5635,411945,481216,893161
2021-05-04,28837,26620,55457,50182,54172,104354,71852,85878,157730,83410,96483,179893,68772,81258,150030,49871,60406,110277,35557,41287,76844,18391,22241,40632,6865,12467,19332,1365,4306,5671,415102,485118,900220
2021-05-05,29074,26843,55917,50448,54473,104921,72372,86551,158923,84017,97189,181206,69279,81880,151159,50229,60884,111113,35784,41547,77331,18519,22372,40891,6908,12538,19446,1372,4321,5693,418002,488598,906600
2021-05-06,29281,27074,56355,50809,54853,105662,72889,87271,160160,84635,98044,182679,69848,82555,152403,50650,61433,112083,36024,41834,77858,18643,22513,41156,6942,12603,19545,1377,4342,5719,421098,492522,913620
2021-05-07,29528,27277,56805,51168,55247,106415,73454,88128,161582,85288,99002,184290,70450,83429,153879,51008,62039,113047,36264,42138,78402,18751,22657,41408,6968,12652,19620,1380,4356,5736,424259,496925,921184
2021-05-08,29671,27407,57078,51337,55436,106773,73786,88571,162357,85713,99512,185225,70756,83807,154563,51235,62339,113574,36390,42277,78667,18813,22731,41544,6994,12697,19691,1382,4374,5756,426077,499151,925228
2021-05-09,29843,27562,57405,51524,55649,107173,74078,88952,163030,86139,100018,186157,71091,84240,155331,51460,62649,114109,36544,42436,78980,18888,22830,41718,7027,12742,19769,1390,4392,5782,427984,501470,929454
2021-05-10,30078,27791,57869,51809,55968,107777,74653,89617,164270,86811,100796,187607,71644,84947,156591,51843,63154,114997,36787,42736,79523,19009,22981,41990,7069,12801,19870,1392,4402,5794,431095,505193,936288
2021-05-11,30298,27987,58285,52065,56253,108318,75053,90144,165197,87340,101405,188745,72098,85473,157571,52149,63558,115707,37009,43005,80014,19120,23109,42229,7100,12844,19944,1394,4413,5807,433626,508191,941817
2021-05-12,30520,28185,58705,52308,56510,108818,75472,90667,166139,87843,102003,189846,72545,86020,158565,52488,63969,116457,37202,43245,80447,19214,23209,42423,7131,12890,20021,1398,4427,5825,436121,511125,947246
2021-05-13,30745,28370,59115,52526,56786,109312,75895,91281,167176,88353,102697,191050,72990,86603,159593,52782,64392,117174,37392,43456,80848,19313,23332,42645,7166,12958,20124,1401,4437,5838,438563,514312,952875
2021-05-14,31002,28629,59631,52833,57179,110012,76494,92083,168577,89082,103637,192719,73564,87423,160987,53202,64930,118132,37626,43755,81381,19439,23469,42908,7218,13015,20233,1406,4446,5852,441866,518566,960432
2021-05-15,31176,28790,59966,53061,57448,110509,76870,92611,169481,89584,104309,193893,74010,87984,161994,53511,65300,118811,37798,43971,81769,19514,23559,43073,7248,13065,20313,1409,4464,5873,444181,521501,965682
2021-05-16,31333,28948,60281,53243,57713,110956,77177,93039,170216,89994,104904,194898,74398,88510,162908,53810,65676,119486,37963,44158,82121,19587,23643,43230,7267,13115,20382,1411,4481,5892,446183,524187,970370
2021-05-17,31673,29269,60942,53614,58118,111732,77824,93837,171661,90894,105932,196826,75115,89410,164525,54330,66342,120672,38281,44532,82813,19754,23840,43594,7324,13204,20528,1415,4496,5911,450224,528980,979204
2021-05-18,31971,29578,61549,53973,58553,112526,78519,94660,173179,91728,106920,198648,75887,90337,166224,54833,66941,121774,38551,44846,83397,19913,23986,43899,7373,13262,20635,1421,4509,5930,454169,533592,987761
2021-05-19,32302,29868,62170,54371,58978,113349,79230,95586,174816,92646,107979,200625,76614,91221,167835,55308,67632,122940,38877,45187,84064,20039,24144,44183,7419,13321,20740,1428,4528,5956,458234,538444,996678
2021-05-20,32636,30198,62834,54823,59475,114298,80059,96674,176733,93612,109103,202715,77390,92246,169636,55825,68326,124151,39200,45527,84727,20169,24323,44492,7466,13402,20868,1430,4557,5987,462610,543831,1006441
2021-05-21,32872,30416,63288,55185,59887,115072,80732,97574,178306,94368,110126,204494,78062,93107,171169,56257,68919,125176,39461,45852,85313,20309,24467,44776,7513,13501,21014,1435,4586,6021,466194,548435,1014629
2021-05-22,33012,30544,63556,55364,60128,115492,81091,98073,179164,94830,110662,205492,78419,93556,171975,56545,69243,125788,39612,45994,85606,20370,24542,44912,7538,13569,21107,1437,4609,6046,468218,550920,1019138
2021-05-23,33162,30669,63831,55532,60326,115858,81377,98417,179794,95195,111087,206282,78742,93901,172643,56756,69529,126285,39738,46159,85897,20428,24607,45035,7553,13619,21172,1445,4629,6074,469928,552943,1022871
2021-05-24,33322,30817,64139,55813,60640,116453,81853,98957,180810,95722,111753,207475,79220,94558,173778,57164,70087,127251,39957,46464,86421,20554,24753,45307,7584,13677,21261,1449,4639,6088,472638,556345,1028983
2021-05-25,33482,30948,64430,56065,60926,116991,82323,99497,181820,96239,112395,208634,79694,95136,174830,57522,70524,128046,40172,46725,86897,20656,24889,45545,7611,13730,21341,1459,4657,6116,475223,559427,1034650
2021-05-26,33690,31134,64824,56369,61279,117648,82925,100184,183109,96916,113178,210094,80272,95848,176120,58022,71153,129175,40435,47037,87472,20789,25046,45835,7656,13809,21465,1465,4672,6137,478539,563340,1041879
2021-05-27,33849,31318,65167,56566,61544,118110,83367,100767,184134,97430,113793,211223,80722,96388,177110,58383,71650,130033,40625,47291,87916,20904,25170,46074,7693,13860,21553,1466,4691,6157,481005,566472,1047477
2021-05-28,34056,31524,65580,56879,61919,118798,83935,101500,185435,98093,114594,212687,81338,97181,178519,58882,72300,131182,40907,47640,88547,21023,25321,46344,7725,13915,21640,1469,4707,6176,484307,570601,1054908
2021-05-29,34197,31651,65848,57054,62149,119203,84262,101936,186198,98558,115105,213663,81733,97671,179404,59135,72626,131761,41058,47813,88871,21085,25418,46503,7749,13974,21723,1474,4725,6199,486305,573068,1059373
2021-05-30,34298,31748,66046,57234,62348,119582,84585,102348,186933,98939,115551,214490,82070,98069,180139,59352,72926,132278,41177,47952,89129,21139,25493,46632,7768,14005,21773,1475,4733,6208,488037,575173,1063210
2021-05-31,34441,31899,66340,57509,62612,120121,85018,102902,187920,99487,116165,215652,82523,98699,181222,59657,73304,132961,41364,48189,89553,21249,25623,46872,7809,14055,21864,1478,4749,6227,490535,578197,1068732
2021-06-01,34515,31971,66486,57653,62797,120450,85253,103282,188535,99882,116619,216501,82826,99074,181900,59854,73595,133449,41520,48360,89880,21307,25711,47018,7831,14076,21907,1481,4757,6238,492122,580242,1072364
2021-06-02,34516,31972,66488,57659,62798,120457,85260,103295,188555,99893,116636,216529,82833,99085,181918,59858,73603,133461,41522,48361,89883,21308,25712,47020,7831,14077,21908,1481,4757,6238,492161,580296,1072457
