FECHA,<=10M,<=10F,<=10,11-20M,11-20F,11-20,21-30M,21-30F,21-30,31-40M,31-40F,31-40,41-50M,41-50F,41-50,51-60M,51-60F,51-60,61-70M,61-70F,61-70,71-80M,71-80F,71-80,81-90M,81-90F,81-90,>=91M,>=91F,>=91,TotalM,TotalF,Total
2020-03-15,1,0,1,1,1,2,0,2,2,2,1,3,1,1,2,1,0,1,1,0,1,1,1,2,0,0,0,0,0,0,8,6,14
2020-03-16,2,3,5,2,2,4,1,5,6,3,2,5,1,2,3,4,1,5,3,3,6,1,1,2,0,0,0,0,0,0,17,19,36
2020-03-17,3,7,10,3,3,6,3,6,9,4,4,8,2,5,7,4,3,7,5,5,10,3,3,6,1,0,1,0,0,0,28,36,64
2020-03-18,6,8,14,4,3,7,4,6,10,6,5,11,3,8,11,5,4,9,5,7,12,4,3,7,2,0,2,0,0,0,39,44,83
2020-03-19,9,9,18,4,3,7,7,8,15,9,6,15,5,9,14,5,4,9,6,8,14,5,4,9,2,0,2,1,0,1,53,51,104
2020-03-20,10,10,20,5,3,8,8,8,16,10,9,19,5,10,15,5,5,10,7,9,16,7,6,13,3,0,3,1,0,1,61,60,121
2020-03-21,11,10,21,7,4,11,9,10,19,14,10,24,7,11,18,6,5,11,9,11,20,8,7,15,4,0,4,2,0,2,77,68,145
2020-03-22,14,11,25,7,4,11,13,11,24,14,10,24,7,11,18,9,6,15,9,12,21,10,7,17,7,2,9,2,1,3,92,75,167
2020-03-23,18,12,30,8,6,14,15,13,28,17,11,28,9,13,22,11,8,19,11,14,25,15,10,25,10,5,15,2,3,5,116,95,211
2020-03-24,20,13,33,8,6,14,17,15,32,20,13,33,9,15,24,13,10,23,11,15,26,17,10,27,12,6,18,3,3,6,130,106,236
2020-03-25,21,17,38,8,6,14,19,18,37,22,19,41,10,16,26,14,13,27,14,16,30,18,12,30,14,11,25,5,3,8,145,131,276
2020-03-26,25,20,45,10,8,18,21,20,41,26,22,48,12,20,32,18,15,33,15,20,35,22,15,37,19,11,30,7,4,11,175,155,330
2020-03-27,28,23,51,10,9,19,22,22,44,31,23,54,13,25,38,20,18,38,18,24,42,27,20,47,22,14,36,9,9,18,200,187,387
2020-03-28,30,24,54,10,9,19,25,24,49,33,24,57,14,26,40,24,20,44,22,24,46,31,27,58,25,15,40,9,9,18,223,202,425
2020-03-29,32,24,56,12,10,22,27,27,54,35,26,61,16,29,45,25,20,45,27,27,54,35,29,64,29,16,45,11,10,21,249,218,467
2020-03-30,35,26,61,12,10,22,28,33,61,42,28,70,20,33,53,28,22,50,34,28,62,38,34,72,33,17,50,14,12,26,284,243,527
2020-03-31,44,30,74,13,10,23,35,35,70,51,32,83,25,37,62,32,23,55,40,31,71,42,37,79,35,20,55,18,12,30,335,267,602
2020-04-01,55,40,95,14,12,26,41,39,80,60,34,94,37,43,80,36,31,67,44,34,78,48,41,89,40,25,65,18,13,31,393,312,705
2020-04-02,65,49,114,16,16,32,45,46,91,65,40,105,40,49,89,38,39,77,53,40,93,56,47,103,45,32,77,21,16,37,444,374,818
2020-04-03,85,58,143,20,20,40,51,54,105,72,51,123,49,60,109,41,46,87,61,45,106,63,51,114,50,38,88,22,21,43,514,444,958
2020-04-04,95,71,166,23,24,47,54,61,115,77,61,138,56,64,120,47,46,93,67,48,115,65,56,121,54,40,94,23,24,47,561,495,1056
2020-04-05,104,81,185,27,29,56,60,62,122,84,63,147,64,69,133,51,51,102,69,59,128,71,64,135,57,44,101,25,26,51,612,548,1160
2020-04-06,115,90,205,31,31,62,69,67,136,95,68,163,75,73,148,61,54,115,76,67,143,81,69,150,64,48,112,26,29,55,693,596,1289
2020-04-07,125,99,224,35,36,71,75,71,146,103,76,179,80,79,159,71,56,127,79,71,150,89,77,166,70,59,129,28,30,58,755,654,1409
2020-04-08,133,109,242,39,38,77,79,79,158,108,79,187,89,83,172,78,62,140,88,78,166,100,81,181,71,63,134,31,35,66,816,707,1523
2020-04-09,138,114,252,42,41,83,82,86,168,124,88,212,93,91,184,86,69,155,94,83,177,106,91,197,76,71,147,35,40,75,876,774,1650
2020-04-10,157,118,275,46,44,90,84,92,176,128,92,220,103,92,195,90,75,165,100,84,184,107,101,208,81,80,161,36,43,79,932,821,1753
2020-04-11,167,125,292,50,47,97,92,97,189,137,96,233,110,95,205,92,79,171,104,90,194,114,104,218,84,88,172,37,46,83,987,867,1854
2020-04-12,177,132,309,52,47,99,94,101,195,146,99,245,113,102,215,101,83,184,107,94,201,117,113,230,89,92,181,37,48,85,1033,911,1944
2020-04-13,186,143,329,60,51,111,107,109,216,153,109,262,119,107,226,106,88,194,116,102,218,122,122,244,95,102,197,41,53,94,1105,986,2091
2020-04-14,201,149,350,63,52,115,115,115,230,162,114,276,125,114,239,117,97,214,121,108,229,132,127,259,102,106,208,44,57,101,1182,1039,2221
2020-04-15,210,153,363,67,58,125,121,122,243,168,121,289,133,127,260,122,108,230,130,113,243,142,131,273,108,112,220,49,60,109,1250,1105,2355
2020-04-16,224,156,380,73,62,135,130,127,257,179,135,314,143,142,285,129,118,247,135,123,258,149,135,284,112,117,229,49,64,113,1323,1179,2502
2020-04-17,240,167,407,78,67,145,133,133,266,185,150,335,156,151,307,139,126,265,142,129,271,165,146,311,117,125,242,50,67,117,1405,1261,2666
2020-04-18,253,177,430,84,68,152,144,139,283,202,158,360,165,155,320,146,130,276,144,132,276,171,156,327,123,134,257,53,71,124,1485,1320,2805
2020-04-19,264,187,451,88,69,157,149,142,291,208,162,370,171,161,332,151,139,290,151,139,290,176,164,340,128,141,269,54,72,126,1540,1376,2916
2020-04-20,279,198,477,99,76,175,164,148,312,221,173,394,183,170,353,160,146,306,163,149,312,191,176,367,138,151,289,58,85,143,1656,1472,3128
2020-04-21,293,207,500,104,84,188,176,154,330,230,190,420,188,175,363,167,155,322,172,157,329,205,187,392,145,161,306,60,95,155,1740,1565,3305
2020-04-22,307,218,525,108,91,199,183,164,347,242,194,436,201,183,384,174,163,337,182,162,344,211,200,411,154,173,327,67,101,168,1829,1649,3478
2020-04-23,325,232,557,112,96,208,191,174,365,252,203,455,210,193,403,180,175,355,190,167,357,221,207,428,165,184,349,73,110,183,1919,1741,3660
2020-04-24,344,244,588,118,102,220,201,184,385,265,217,482,218,200,418,188,184,372,198,177,375,232,218,450,175,198,373,76,113,189,2015,1837,3852
2020-04-25,357,254,611,122,103,225,204,191,395,274,224,498,223,206,429,193,191,384,204,181,385,238,223,461,185,214,399,80,117,197,2080,1904,3984
2020-04-26,367,271,638,127,110,237,210,194,404,278,226,504,231,212,443,196,195,391,212,188,400,244,230,474,192,221,413,81,120,201,2138,1967,4105
2020-04-27,381,284,665,133,114,247,216,203,419,283,243,526,235,224,459,207,204,411,220,196,416,262,235,497,203,237,440,84,124,208,2224,2064,4288
2020-04-28,402,293,695,138,119,257,231,216,447,295,255,550,243,236,479,214,213,427,226,204,430,265,247,512,209,251,460,86,128,214,2309,2162,4471
2020-04-29,426,305,731,144,125,269,247,225,472,312,272,584,255,245,500,222,222,444,231,212,443,276,253,529,212,265,477,91,138,229,2416,2262,4678
2020-04-30,446,316,762,152,127,279,256,233,489,321,281,602,266,255,521,234,235,469,241,221,462,284,264,548,220,282,502,99,145,244,2519,2359,4878
2020-05-01,449,329,778,158,133,291,257,240,497,334,293,627,277,262,539,241,239,480,251,227,478,291,273,564,229,293,522,99,147,246,2586,2436,5022
2020-05-02,456,345,801,164,139,303,266,243,509,342,299,641,283,267,550,248,241,489,254,231,485,299,274,573,234,304,538,100,151,251,2646,2494,5140
2020-05-03,464,355,819,168,142,310,272,249,521,349,305,654,288,274,562,256,243,499,262,237,499,304,283,587,240,312,552,103,156,259,2706,2556,5262
2020-05-04,484,375,859,173,144,317,283,259,542,362,316,678,295,279,574,265,247,512,271,248,519,319,300,619,247,328,575,105,160,265,2804,2656,5460
2020-05-05,499,388,887,180,147,327,296,270,566,375,330,705,301,293,594,276,254,530,283,255,538,334,309,643,252,341,593,106,170,276,2902,2757,5659
2020-05-06,513,404,917,185,149,334,309,277,586,391,346,737,321,302,623,283,260,543,294,264,558,352,323,675,259,353,612,110,176,286,3017,2854,5871
2020-05-07,530,416,946,192,155,347,324,286,610,402,361,763,338,314,652,288,267,555,301,272,573,369,330,699,266,365,631,111,183,294,3121,2949,6070
2020-05-08,547,429,976,199,161,360,339,293,632,415,378,793,353,327,680,303,271,574,312,283,595,381,340,721,277,377,654,114,195,309,3240,3054,6294
2020-05-09,566,441,1007,203,162,365,346,305,651,419,386,805,362,336,698,308,277,585,320,289,609,393,343,736,282,389,671,119,203,322,3318,3131,6449
2020-05-10,575,450,1025,205,165,370,355,315,670,426,392,818,367,345,712,312,283,595,329,295,624,401,356,757,287,401,688,120,208,328,3377,3210,6587
2020-05-11,593,469,1062,210,170,380,364,326,690,441,405,846,381,358,739,321,289,610,339,303,642,414,364,778,300,419,719,124,223,347,3487,3326,6813
2020-05-12,613,480,1093,218,180,398,390,348,738,463,416,879,389,375,764,327,294,621,348,313,661,422,374,796,309,433,742,129,235,364,3608,3448,7056
2020-05-13,640,497,1137,227,190,417,410,362,772,479,437,916,404,382,786,338,303,641,357,323,680,431,382,813,317,449,766,130,243,373,3733,3568,7301
2020-05-14,662,524,1186,237,208,445,424,382,806,499,457,956,417,390,807,347,317,664,367,335,702,441,391,832,328,464,792,132,257,389,3854,3725,7579
2020-05-15,682,547,1229,245,214,459,431,395,826,514,476,990,426,405,831,359,324,683,378,343,721,448,397,845,336,484,820,137,266,403,3956,3851,7807
2020-05-16,696,564,1260,252,223,475,436,407,843,524,496,1020,433,416,849,366,331,697,386,350,736,457,404,861,342,489,831,142,279,421,4034,3959,7993
2020-05-17,717,577,1294,256,231,487,447,418,865,531,507,1038,442,428,870,370,334,704,394,357,751,463,409,872,353,502,855,145,282,427,4118,4045,8163
2020-05-18,738,602,1340,265,245,510,472,439,911,553,529,1082,454,448,902,385,344,729,409,371,780,480,422,902,370,515,885,146,293,439,4272,4208,8480
2020-05-19,757,622,1379,282,258,540,502,465,967,588,555,1143,480,464,944,405,358,763,426,382,808,490,441,931,382,537,919,149,302,451,4461,4384,8845
2020-05-20,787,664,1451,296,274,570,530,489,1019,631,574,1205,497,481,978,417,370,787,443,399,842,502,452,954,394,553,947,155,307,462,4652,4563,9215
2020-05-21,823,698,1521,315,288,603,561,516,1077,656,608,1264,515,503,1018,435,382,817,457,405,862,516,459,975,401,569,970,156,311,467,4835,4739,9574
2020-05-22,859,716,1575,328,305,633,593,547,1140,679,634,1313,537,521,1058,448,392,840,464,415,879,526,470,996,409,586,995,162,323,485,5005,4909,9914
2020-05-23,879,735,1614,344,322,666,617,570,1187,707,650,1357,545,539,1084,457,401,858,476,425,901,534,483,1017,418,592,1010,164,325,489,5141,5042,10183
2020-05-24,896,755,1651,355,330,685,632,582,1214,721,665,1386,557,544,1101,464,405,869,487,434,921,546,492,1038,423,604,1027,166,331,497,5247,5142,10389
2020-05-25,923,781,1704,375,353,728,654,611,1265,737,685,1422,578,556,1134,469,413,882,497,442,939,556,498,1054,433,619,1052,168,340,508,5390,5298,10688
2020-05-26,961,816,1777,400,376,776,693,649,1342,783,723,1506,598,586,1184,482,434,916,509,449,958,571,504,1075,443,632,1075,171,350,521,5611,5519,11130
2020-05-27,1007,854,1861,412,394,806,716,683,1399,810,747,1557,615,602,1217,501,450,951,519,457,976,578,518,1096,447,647,1094,175,352,527,5780,5704,11484
2020-05-28,1036,897,1933,431,407,838,745,718,1463,839,769,1608,641,626,1267,517,470,987,528,472,1000,588,526,1114,461,664,1125,179,365,544,5965,5914,11879
2020-05-29,1074,929,2003,453,427,880,788,756,1544,869,811,1680,672,647,1319,532,491,1023,543,484,1027,604,541,1145,476,680,1156,180,369,549,6191,6135,12326
2020-05-30,1104,954,2058,468,438,906,825,781,1606,901,829,1730,686,667,1353,545,506,1051,552,490,1042,615,552,1167,483,691,1174,181,376,557,6360,6284,12644
2020-05-31,1132,970,2102,480,451,931,841,792,1633,919,839,1758,701,677,1378,550,516,1066,560,494,1054,626,558,1184,489,701,1190,181,384,565,6479,6382,12861
2020-06-01,1166,1000,2166,505,469,974,873,836,1709,948,877,1825,719,704,1423,566,531,1097,584,511,1095,638,567,1205,497,711,1208,184,388,572,6680,6594,13274
2020-06-02,1210,1030,2240,525,489,1014,911,865,1776,974,906,1880,737,725,1462,581,546,1127,598,522,1120,661,579,1240,504,728,1232,188,401,589,6889,6791,13680
2020-06-03,1249,1053,2302,540,519,1059,941,892,1833,1002,946,1948,755,751,1506,591,558,1149,615,537,1152,679,591,1270,514,744,1258,190,410,600,7076,7001,14077
2020-06-04,1285,1088,2373,558,546,1104,977,924,1901,1021,975,1996,775,769,1544,618,576,1194,626,544,1170,700,604,1304,524,763,1287,192,419,611,7276,7208,14484
2020-06-05,1329,1128,2457,574,566,1140,1012,953,1965,1053,1013,2066,803,796,1599,643,600,1243,643,559,1202,716,618,1334,536,783,1319,196,428,624,7505,7444,14949
2020-06-06,1357,1152,2509,591,578,1169,1032,973,2005,1083,1040,2123,816,813,1629,656,611,1267,654,571,1225,729,626,1355,548,800,1348,197,437,634,7663,7601,15264
2020-06-07,1381,1176,2557,607,589,1196,1052,994,2046,1102,1059,2161,836,823,1659,668,619,1287,663,575,1238,737,633,1370,559,811,1370,199,445,644,7804,7724,15528
2020-06-08,1414,1211,2625,630,612,1242,1094,1021,2115,1143,1100,2243,871,847,1718,685,638,1323,679,589,1268,753,648,1401,571,827,1398,203,452,655,8043,7945,15988
2020-06-09,1470,1247,2717,654,635,1289,1116,1066,2182,1173,1131,2304,899,871,1770,702,645,1347,691,599,1290,763,662,1425,584,854,1438,206,463,669,8258,8173,16431
2020-06-10,1496,1288,2784,668,653,1321,1160,1090,2250,1209,1172,2381,933,894,1827,728,665,1393,713,613,1326,784,687,1471,589,874,1463,212,478,690,8492,8414,16906
2020-06-11,1536,1330,2866,683,672,1355,1195,1123,2318,1249,1207,2456,952,922,1874,746,690,1436,725,635,1360,800,706,1506,596,902,1498,215,493,708,8697,8680,17377
2020-06-12,1581,1375,2956,693,698,1391,1250,1163,2413,1295,1262,2557,989,962,1951,766,713,1479,753,651,1404,817,720,1537,602,923,1525,219,502,721,8965,8969,17934
2020-06-13,1617,1404,3021,717,718,1435,1288,1202,2490,1331,1297,2628,1001,992,1993,786,731,1517,764,658,1422,829,728,1557,611,941,1552,221,508,729,9165,9179,18344
2020-06-14,1638,1436,3074,737,735,1472,1314,1224,2538,1351,1314,2665,1020,1004,2024,800,749,1549,775,664,1439,832,742,1574,625,961,1586,221,516,737,9313,9345,18658
2020-06-15,1677,1468,3145,764,756,1520,1346,1256,2602,1376,1342,2718,1039,1025,2064,815,761,1576,789,669,1458,844,752,1596,631,977,1608,223,526,749,9504,9532,19036
2020-06-16,1731,1529,3260,787,779,1566,1409,1306,2715,1425,1381,2806,1078,1051,2129,837,781,1618,804,682,1486,860,759,1619,644,1001,1645,226,539,765,9801,9808,19609
2020-06-17,1774,1576,3350,811,808,1619,1466,1348,2814,1470,1433,2903,1117,1081,2198,861,796,1657,820,697,1517,869,778,1647,662,1018,1680,227,547,774,10077,10082,20159
2020-06-18,1826,1621,3447,833,825,1658,1530,1398,2928,1525,1491,3016,1165,1108,2273,896,821,1717,840,717,1557,883,792,1675,676,1043,1719,229,558,787,10403,10374,20777
2020-06-19,1885,1656,3541,849,855,1704,1570,1441,3011,1593,1540,3133,1204,1153,2357,937,849,1786,869,736,1605,902,811,1713,694,1062,1756,236,572,808,10739,10675,21414
2020-06-20,1918,1693,3611,869,876,1745,1603,1468,3071,1631,1571,3202,1230,1186,2416,954,872,1826,886,751,1637,914,819,1733,701,1078,1779,240,576,816,10946,10890,21836
2020-06-21,1952,1715,3667,888,893,1781,1631,1500,3131,1655,1605,3260,1248,1197,2445,969,882,1851,896,761,1657,925,826,1751,707,1087,1794,241,583,824,11112,11049,22161
2020-06-22,2001,1760,3761,918,923,1841,1671,1547,3218,1707,1640,3347,1284,1235,2519,997,913,1910,914,783,1697,944,841,1785,713,1110,1823,243,595,838,11392,11347,22739
2020-06-23,2052,1808,3860,949,954,1903,1724,1592,3316,1767,1686,3453,1322,1280,2602,1015,946,1961,933,802,1735,956,855,1811,725,1127,1852,246,601,847,11689,11651,23340
2020-06-24,2098,1857,3955,978,978,1956,1774,1644,3418,1813,1740,3553,1366,1319,2685,1037,980,2017,947,820,1767,968,869,1837,740,1141,1881,248,605,853,11969,11953,23922
2020-06-25,2150,1913,4063,1016,1021,2037,1820,1688,3508,1860,1779,3639,1407,1354,2761,1077,1013,2090,958,837,1795,979,883,1862,750,1153,1903,252,610,862,12269,12251,24520
2020-06-26,2198,1958,4156,1050,1049,2099,1884,1742,3626,1910,1829,3739,1450,1391,2841,1097,1048,2145,982,858,1840,991,899,1890,761,1174,1935,253,619,872,12576,12567,25143
2020-06-27,2263,2018,4281,1081,1088,2169,1923,1795,3718,1944,1865,3809,1481,1414,2895,1118,1064,2182,1001,866,1867,994,912,1906,769,1181,1950,257,625,882,12831,12828,25659
2020-06-28,2306,2041,4347,1097,1107,2204,1941,1841,3782,1972,1903,3875,1502,1438,2940,1141,1080,2221,1011,873,1884,1002,922,1924,778,1193,1971,263,631,894,13013,13029,26042
2020-06-29,2353,2092,4445,1132,1149,2281,1989,1888,3877,2030,1946,3976,1531,1469,3000,1160,1114,2274,1037,884,1921,1017,939,1956,790,1212,2002,266,638,904,13305,13331,26636
2020-06-30,2385,2137,4522,1150,1181,2331,2050,1927,3977,2065,1994,4059,1571,1505,3076,1190,1145,2335,1061,895,1956,1035,950,1985,796,1231,2027,268,648,916,13571,13613,27184
2020-07-01,2431,2174,4605,1169,1216,2385,2111,1976,4087,2107,2035,4142,1606,1542,3148,1212,1175,2387,1081,911,1992,1051,966,2017,805,1252,2057,271,654,925,13844,13901,27745
2020-07-02,2493,2233,4726,1197,1249,2446,2160,2036,4196,2155,2082,4237,1650,1579,3229,1235,1197,2432,1105,926,2031,1067,984,2051,816,1265,2081,274,661,935,14152,14212,28364
2020-07-03,2550,2276,4826,1229,1273,2502,2209,2078,4287,2216,2141,4357,1676,1616,3292,1263,1219,2482,1125,941,2066,1079,999,2078,827,1282,2109,277,665,942,14451,14490,28941
2020-07-04,2589,2315,4904,1251,1297,2548,2244,2126,4370,2249,2172,4421,1706,1640,3346,1288,1234,2522,1138,953,2091,1090,1015,2105,832,1293,2125,280,672,952,14667,14717,29384
2020-07-05,2617,2352,4969,1273,1312,2585,2279,2163,4442,2278,2216,4494,1722,1668,3390,1305,1254,2559,1160,972,2132,1106,1030,2136,842,1309,2151,284,679,963,14866,14955,29821
2020-07-06,2651,2389,5040,1296,1333,2629,2330,2214,4544,2337,2254,4591,1762,1711,3473,1342,1283,2625,1186,1000,2186,1125,1056,2181,852,1334,2186,287,688,975,15168,15262,30430
2020-07-07,2704,2457,5161,1328,1369,2697,2387,2271,4658,2399,2304,4703,1798,1749,3547,1373,1316,2689,1203,1015,2218,1138,1069,2207,862,1357,2219,294,700,994,15486,15607,31093
2020-07-08,2753,2494,5247,1359,1402,2761,2442,2323,4765,2446,2356,4802,1848,1797,3645,1397,1350,2747,1223,1035,2258,1155,1089,2244,872,1373,2245,298,714,1012,15793,15933,31726
2020-07-09,2790,2521,5311,1377,1417,2794,2478,2356,4834,2498,2391,4889,1884,1831,3715,1415,1365,2780,1235,1052,2287,1163,1112,2275,879,1390,2269,304,722,1026,16023,16157,32180
2020-07-10,2823,2549,5372,1401,1443,2844,2516,2396,4912,2533,2433,4966,1913,1857,3770,1436,1388,2824,1256,1071,2327,1181,1124,2305,891,1407,2298,305,732,1037,16255,16400,32655
2020-07-11,2854,2592,5446,1424,1458,2882,2544,2428,4972,2563,2469,5032,1945,1892,3837,1457,1419,2876,1276,1087,2363,1195,1152,2347,898,1432,2330,308,747,1055,16464,16676,33140
2020-07-12,2884,2611,5495,1440,1471,2911,2572,2450,5022,2594,2492,5086,1965,1910,3875,1467,1434,2901,1288,1100,2388,1206,1162,2368,904,1446,2350,312,753,1065,16632,16829,33461
2020-07-13,2926,2662,5588,1471,1497,2968,2625,2501,5126,2644,2542,5186,2013,1960,3973,1503,1476,2979,1323,1127,2450,1230,1201,2431,918,1491,2409,314,778,1092,16967,17235,34202
2020-07-14,2980,2703,5683,1500,1526,3026,2670,2538,5208,2719,2600,5319,2062,2005,4067,1541,1493,3034,1348,1155,2503,1249,1230,2479,924,1509,2433,321,793,1114,17314,17552,34866
2020-07-15,3027,2752,5779,1543,1557,3100,2719,2618,5337,2793,2687,5480,2108,2058,4166,1568,1532,3100,1373,1182,2555,1264,1252,2516,938,1525,2463,328,800,1128,17661,17963,35624
2020-07-16,3080,2787,5867,1570,1600,3170,2777,2683,5460,2862,2742,5604,2152,2121,4273,1600,1578,3178,1395,1201,2596,1282,1273,2555,957,1558,2515,330,817,1147,18005,18360,36365
2020-07-17,3131,2835,5966,1603,1632,3235,2813,2743,5556,2912,2807,5719,2198,2188,4386,1636,1618,3254,1424,1233,2657,1302,1292,2594,974,1578,2552,334,825,1159,18327,18751,37078
2020-07-18,3165,2871,6036,1627,1652,3279,2864,2793,5657,2957,2864,5821,2230,2228,4458,1665,1642,3307,1450,1260,2710,1317,1304,2621,990,1600,2590,336,831,1167,18601,19045,37646
2020-07-19,3201,2913,6114,1647,1677,3324,2898,2827,5725,2991,2908,5899,2263,2262,4525,1690,1671,3361,1472,1276,2748,1331,1314,2645,1000,1618,2618,338,838,1176,18831,19304,38135
2020-07-20,3267,2967,6234,1691,1717,3408,2964,2889,5853,3053,2996,6049,2313,2337,4650,1725,1718,3443,1503,1320,2823,1357,1340,2697,1022,1639,2661,341,850,1191,19236,19773,39009
2020-07-21,3317,3009,6326,1723,1748,3471,3032,2945,5977,3124,3068,6192,2362,2386,4748,1765,1764,3529,1530,1353,2883,1383,1365,2748,1036,1668,2704,346,859,1205,19618,20165,39783
2020-07-22,3389,3060,6449,1757,1780,3537,3115,3024,6139,3205,3139,6344,2431,2451,4882,1801,1810,3611,1551,1382,2933,1414,1388,2802,1051,1706,2757,347,869,1216,20061,20609,40670
2020-07-23,3449,3111,6560,1786,1818,3604,3187,3100,6287,3281,3221,6502,2475,2499,4974,1838,1846,3684,1571,1410,2981,1433,1410,2843,1058,1729,2787,354,877,1231,20432,21021,41453
2020-07-24,3493,3163,6656,1821,1847,3668,3263,3168,6431,3345,3299,6644,2534,2554,5088,1876,1881,3757,1606,1429,3035,1451,1433,2884,1071,1755,2826,356,890,1246,20816,21419,42235
2020-07-25,3540,3203,6743,1853,1868,3721,3312,3222,6534,3406,3356,6762,2573,2597,5170,1895,1905,3800,1623,1454,3077,1466,1456,2922,1083,1769,2852,361,893,1254,21112,21723,42835
2020-07-26,3580,3238,6818,1869,1890,3759,3344,3249,6593,3437,3397,6834,2608,2619,5227,1915,1929,3844,1636,1467,3103,1482,1469,2951,1092,1793,2885,366,900,1266,21329,21951,43280
2020-07-27,3621,3282,6903,1908,1921,3829,3403,3308,6711,3506,3469,6975,2665,2685,5350,1951,1982,3933,1664,1505,3169,1500,1491,2991,1110,1815,2925,371,924,1295,21699,22382,44081
2020-07-28,3674,3336,7010,1940,1953,3893,3485,3396,6881,3576,3542,7118,2722,2741,5463,2001,2034,4035,1704,1539,3243,1519,1527,3046,1121,1842,2963,376,945,1321,22118,22855,44973
2020-07-29,3735,3389,7124,1971,1989,3960,3565,3466,7031,3648,3620,7268,2800,2807,5607,2043,2083,4126,1738,1579,3317,1544,1549,3093,1142,1879,3021,384,970,1354,22570,23331,45901
2020-07-30,3802,3438,7240,2013,2042,4055,3665,3541,7206,3730,3692,7422,2866,2865,5731,2092,2129,4221,1769,1612,3381,1562,1570,3132,1153,1898,3051,386,978,1364,23038,23765,46803
2020-07-31,3851,3499,7350,2040,2073,4113,3728,3621,7349,3824,3791,7615,2930,2923,5853,2133,2177,4310,1797,1646,3443,1582,1599,3181,1164,1929,3093,392,995,1387,23441,24253,47694
2020-08-01,3892,3537,7429,2061,2107,4168,3769,3678,7447,3868,3851,7719,2964,2970,5934,2166,2211,4377,1821,1657,3478,1602,1617,3219,1177,1955,3132,392,1008,1400,23712,24591,48303
2020-08-02,3938,3573,7511,2084,2134,4218,3807,3714,7521,3916,3898,7814,2995,3017,6012,2184,2243,4427,1832,1673,3505,1610,1634,3244,1189,1971,3160,394,1015,1409,23949,24872,48821
2020-08-03,3994,3635,7629,2119,2176,4295,3874,3789,7663,3990,3964,7954,3045,3085,6130,2224,2288,4512,1864,1701,3565,1624,1657,3281,1205,2002,3207,398,1029,1427,24337,25326,49663
2020-08-04,4064,3685,7749,2163,2221,4384,3962,3848,7810,4079,4041,8120,3113,3150,6263,2273,2329,4602,1901,1731,3632,1644,1683,3327,1223,2035,3258,403,1044,1447,24825,25767,50592
2020-08-05,4124,3744,7868,2207,2254,4461,4044,3921,7965,4151,4119,8270,3163,3215,6378,2325,2381,4706,1934,1765,3699,1671,1709,3380,1239,2058,3297,407,1055,1462,25265,26221,51486
2020-08-06,4182,3792,7974,2239,2299,4538,4123,4000,8123,4227,4211,8438,3224,3285,6509,2365,2432,4797,1967,1791,3758,1692,1735,3427,1255,2087,3342,412,1068,1480,25686,26700,52386
2020-08-07,4251,3851,8102,2276,2331,4607,4199,4089,8288,4306,4295,8601,3282,3370,6652,2409,2473,4882,1990,1826,3816,1720,1770,3490,1268,2129,3397,417,1087,1504,26118,27221,53339
2020-08-08,4299,3894,8193,2305,2361,4666,4241,4140,8381,4376,4366,8742,3328,3428,6756,2447,2516,4963,2012,1852,3864,1737,1802,3539,1280,2166,3446,418,1113,1531,26443,27638,54081
2020-08-09,4333,3929,8262,2328,2381,4709,4281,4190,8471,4427,4408,8835,3362,3484,6846,2487,2557,5044,2033,1876,3909,1757,1829,3586,1296,2214,3510,423,1131,1554,26727,27999,54726
2020-08-10,4395,3988,8383,2370,2416,4786,4368,4274,8642,4514,4485,8999,3433,3553,6986,2542,2624,5166,2061,1904,3965,1772,1859,3631,1312,2242,3554,428,1146,1574,27195,28491,55686
2020-08-11,4451,4038,8489,2418,2451,4869,4453,4355,8808,4622,4574,9196,3511,3638,7149,2596,2682,5278,2103,1946,4049,1804,1917,3721,1330,2290,3620,436,1170,1606,27724,29061,56785
2020-08-12,4504,4093,8597,2463,2498,4961,4533,4448,8981,4688,4696,9384,3587,3712,7299,2648,2731,5379,2135,1978,4113,1821,1948,3769,1341,2311,3652,440,1187,1627,28160,29602,57762
2020-08-13,4548,4145,8693,2512,2542,5054,4636,4545,9181,4792,4815,9607,3661,3796,7457,2702,2793,5495,2163,2015,4178,1852,1975,3827,1355,2336,3691,445,1202,1647,28666,30164,58830
2020-08-14,4590,4191,8781,2546,2581,5127,4734,4653,9387,4881,4924,9805,3744,3865,7609,2753,2856,5609,2201,2051,4252,1877,2009,3886,1369,2359,3728,448,1215,1663,29143,30704,59847
2020-08-15,4647,4229,8876,2591,2619,5210,4784,4725,9509,4943,5009,9952,3790,3935,7725,2785,2897,5682,2231,2084,4315,1900,2052,3952,1385,2415,3800,452,1239,1691,29508,31204,60712
2020-08-16,4687,4257,8944,2612,2640,5252,4838,4778,9616,4990,5061,10051,3812,3981,7793,2815,2929,5744,2247,2110,4357,1917,2071,3988,1398,2449,3847,455,1260,1715,29771,31536,61307
2020-08-17,4731,4280,9011,2645,2668,5313,4902,4843,9745,5062,5136,10198,3875,4051,7926,2862,2986,5848,2269,2149,4418,1937,2089,4026,1410,2473,3883,455,1273,1728,30148,31948,62096
2020-08-18,4790,4332,9122,2685,2705,5390,4986,4919,9905,5166,5232,10398,3944,4129,8073,2897,3057,5954,2302,2186,4488,1960,2119,4079,1420,2494,3914,455,1289,1744,30605,32462,63067
2020-08-19,4849,4383,9232,2725,2749,5474,5045,5013,10058,5245,5315,10560,4001,4202,8203,2945,3103,6048,2328,2218,4546,1979,2162,4141,1437,2534,3971,461,1310,1771,31015,32989,64004
2020-08-20,4898,4431,9329,2758,2784,5542,5124,5102,10226,5317,5403,10720,4051,4263,8314,2985,3154,6139,2359,2256,4615,1999,2184,4183,1454,2559,4013,464,1322,1786,31409,33458,64867
2020-08-21,4942,4489,9431,2799,2816,5615,5189,5182,10371,5401,5492,10893,4124,4331,8455,3033,3215,6248,2397,2300,4697,2027,2225,4252,1467,2600,4067,469,1333,1802,31848,33983,65831
2020-08-22,4973,4518,9491,2829,2843,5672,5242,5241,10483,5454,5573,11027,4178,4380,8558,3065,3244,6309,2428,2330,4758,2044,2262,4306,1480,2624,4104,474,1353,1827,32167,34368,66535
2020-08-23,5009,4557,9566,2847,2861,5708,5278,5291,10569,5495,5621,11116,4220,4414,8634,3094,3283,6377,2450,2355,4805,2054,2286,4340,1493,2633,4126,479,1357,1836,32419,34658,67077
2020-08-24,5073,4625,9698,2886,2900,5786,5346,5372,10718,5574,5716,11290,4281,4491,8772,3152,3333,6485,2483,2404,4887,2079,2318,4397,1509,2662,4171,484,1376,1860,32867,35197,68064
2020-08-25,5121,4678,9799,2928,2939,5867,5430,5489,10919,5663,5817,11480,4349,4563,8912,3191,3392,6583,2515,2442,4957,2099,2342,4441,1528,2696,4224,490,1394,1884,33314,35752,69066
2020-08-26,5182,4717,9899,2971,2983,5954,5536,5579,11115,5754,5912,11666,4404,4651,9055,3242,3451,6693,2550,2481,5031,2127,2374,4501,1547,2731,4278,493,1409,1902,33806,36288,70094
2020-08-27,5242,4769,10011,3027,3044,6071,5636,5664,11300,5845,6016,11861,4482,4732,9214,3299,3512,6811,2579,2523,5102,2157,2400,4557,1569,2770,4339,497,1433,1930,34333,36863,71196
2020-08-28,5291,4818,10109,3080,3088,6168,5742,5779,11521,5933,6121,12054,4557,4832,9389,3359,3592,6951,2612,2570,5182,2194,2440,4634,1584,2801,4385,500,1443,1943,34852,37484,72336
2020-08-29,5332,4848,10180,3103,3115,6218,5815,5856,11671,6003,6213,12216,4623,4896,9519,3399,3633,7032,2648,2597,5245,2216,2462,4678,1594,2829,4423,504,1459,1963,35237,37908,73145
2020-08-30,5364,4896,10260,3138,3143,6281,5870,5915,11785,6065,6264,12329,4672,4955,9627,3437,3667,7104,2670,2624,5294,2231,2484,4715,1601,2842,4443,507,1466,1973,35555,38256,73811
2020-08-31,5421,4936,10357,3183,3184,6367,5962,5997,11959,6145,6357,12502,4737,5032,9769,3486,3721,7207,2705,2668,5373,2262,2526,4788,1621,2881,4502,509,1479,1988,36031,38781,74812
2020-09-01,5478,4989,10467,3219,3236,6455,6053,6087,12140,6252,6472,12724,4821,5102,9923,3531,3794,7325,2732,2698,5430,2281,2554,4835,1637,2929,4566,516,1495,2011,36520,39356,75876
2020-09-02,5525,5026,10551,3246,3269,6515,6126,6179,12305,6333,6573,12906,4881,5172,10053,3582,3850,7432,2756,2732,5488,2315,2585,4900,1651,2963,4614,519,1522,2041,36934,39871,76805
2020-09-03,5579,5074,10653,3297,3310,6607,6220,6287,12507,6448,6687,13135,4953,5249,10202,3640,3902,7542,2791,2772,5563,2344,2616,4960,1670,3001,4671,523,1535,2058,37465,40433,77898
2020-09-04,5632,5135,10767,3338,3354,6692,6304,6383,12687,6545,6792,13337,5026,5342,10368,3683,3965,7648,2835,2823,5658,2374,2648,5022,1688,3030,4718,527,1550,2077,37952,41022,78974
2020-09-05,5669,5165,10834,3359,3376,6735,6377,6452,12829,6612,6882,13494,5083,5428,10511,3714,4006,7720,2869,2857,5726,2396,2672,5068,1704,3055,4759,529,1558,2087,38312,41451,79763
2020-09-06,5707,5199,10906,3382,3400,6782,6418,6508,12926,6659,6928,13587,5122,5474,10596,3736,4045,7781,2889,2882,5771,2406,2701,5107,1717,3072,4789,530,1567,2097,38566,41776,80342
2020-09-07,5756,5244,11000,3421,3442,6863,6509,6604,13113,6764,7033,13797,5187,5566,10753,3787,4124,7911,2933,2924,5857,2432,2727,5159,1733,3105,4838,535,1582,2117,39057,42351,81408
2020-09-08,5802,5294,11096,3462,3485,6947,6586,6702,13288,6867,7140,14007,5262,5647,10909,3844,4185,8029,2967,2973,5940,2465,2760,5225,1751,3133,4884,540,1603,2143,39546,42922,82468
2020-09-09,5855,5342,11197,3502,3542,7044,6681,6794,13475,6957,7236,14193,5340,5726,11066,3905,4246,8151,3002,3024,6026,2489,2791,5280,1768,3171,4939,541,1622,2163,40040,43494,83534
2020-09-10,5899,5374,11273,3552,3582,7134,6792,6898,13690,7069,7363,14432,5429,5820,11249,3964,4300,8264,3034,3067,6101,2519,2827,5346,1778,3202,4980,543,1639,2182,40579,44072,84651
2020-09-11,5950,5419,11369,3607,3623,7230,6887,6975,13862,7164,7472,14636,5505,5908,11413,4020,4382,8402,3083,3109,6192,2548,2859,5407,1798,3235,5033,546,1647,2193,41108,44629,85737
2020-09-12,5990,5446,11436,3635,3652,7287,6935,7033,13968,7214,7546,14760,5541,5966,11507,4057,4432,8489,3118,3142,6260,2572,2887,5459,1811,3268,5079,548,1661,2209,41421,45033,86454
2020-09-13,6031,5483,11514,3658,3677,7335,6986,7098,14084,7263,7617,14880,5574,6011,11585,4095,4466,8561,3155,3172,6327,2589,2897,5486,1814,3285,5099,553,1669,2222,41718,45375,87093
2020-09-14,6092,5539,11631,3703,3722,7425,7080,7213,14293,7358,7716,15074,5632,6091,11723,4162,4536,8698,3202,3233,6435,2620,2930,5550,1835,3309,5144,554,1678,2232,42238,45967,88205
2020-09-15,6157,5575,11732,3736,3749,7485,7165,7284,14449,7443,7833,15276,5699,6156,11855,4202,4591,8793,3247,3279,6526,2651,2969,5620,1850,3342,5192,555,1690,2245,42705,46468,89173
2020-09-16,6224,5637,11861,3797,3806,7603,7262,7404,14666,7532,7955,15487,5776,6246,12022,4254,4653,8907,3289,3330,6619,2676,2994,5670,1867,3372,5239,558,1703,2261,43235,47100,90335
2020-09-17,6274,5680,11954,3829,3860,7689,7354,7492,14846,7616,8053,15669,5860,6350,12210,4317,4720,9037,3337,3379,6716,2711,3023,5734,1885,3395,5280,561,1713,2274,43744,47665,91409
2020-09-18,6339,5737,12076,3863,3912,7775,7443,7595,15038,7708,8178,15886,5928,6434,12362,4371,4786,9157,3371,3430,6801,2747,3055,5802,1897,3420,5317,565,1727,2292,44232,48274,92506
2020-09-19,6364,5782,12146,3889,3951,7840,7492,7645,15137,7770,8242,16012,5964,6467,12431,4401,4823,9224,3407,3462,6869,2765,3078,5843,1912,3440,5352,569,1735,2304,44533,48625,93158
2020-09-20,6400,5821,12221,3921,3987,7908,7539,7689,15228,7825,8285,16110,5999,6514,12513,4420,4860,9280,3425,3487,6912,2785,3098,5883,1918,3457,5375,572,1742,2314,44804,48940,93744
2020-09-21,6461,5868,12329,3959,4039,7998,7620,7770,15390,7917,8388,16305,6062,6594,12656,4469,4910,9379,3469,3538,7007,2817,3130,5947,1932,3477,5409,573,1753,2326,45279,49467,94746
2020-09-22,6528,5927,12455,4012,4095,8107,7710,7878,15588,8007,8486,16493,6141,6666,12807,4529,4978,9507,3520,3575,7095,2849,3166,6015,1947,3513,5460,576,1768,2344,45819,50052,95871
2020-09-23,6588,5979,12567,4053,4134,8187,7778,7981,15759,8084,8588,16672,6199,6735,12934,4579,5034,9613,3565,3622,7187,2870,3210,6080,1956,3537,5493,579,1777,2356,46251,50597,96848
2020-09-24,6657,6033,12690,4107,4189,8296,7880,8064,15944,8176,8692,16868,6271,6813,13084,4622,5083,9705,3592,3684,7276,2895,3240,6135,1979,3572,5551,586,1799,2385,46765,51169,97934
2020-09-25,6717,6077,12794,4153,4229,8382,7959,8157,16116,8258,8776,17034,6348,6889,13237,4670,5134,9804,3642,3735,7377,2922,3270,6192,1997,3599,5596,586,1810,2396,47252,51676,98928
2020-09-26,6746,6108,12854,4186,4256,8442,8005,8201,16206,8326,8831,17157,6389,6934,13323,4702,5182,9884,3674,3762,7436,2943,3284,6227,2006,3614,5620,589,1818,2407,47566,51990,99556
2020-09-27,6782,6147,12929,4208,4287,8495,8049,8260,16309,8374,8888,17262,6436,6982,13418,4732,5214,9946,3698,3788,7486,2950,3302,6252,2015,3628,5643,591,1824,2415,47835,52320,100155
2020-09-28,6840,6200,13040,4248,4318,8566,8110,8332,16442,8459,8974,17433,6520,7043,13563,4801,5283,10084,3748,3819,7567,2978,3331,6309,2031,3652,5683,595,1839,2434,48330,52791,101121
2020-09-29,6906,6257,13163,4301,4376,8677,8209,8417,16626,8569,9089,17658,6601,7119,13720,4856,5328,10184,3792,3870,7662,3009,3387,6396,2055,3693,5748,596,1861,2457,48894,53397,102291
2020-09-30,6970,6318,13288,4341,4422,8763,8300,8524,16824,8655,9182,17837,6667,7189,13856,4915,5395,10310,3835,3926,7761,3038,3419,6457,2069,3721,5790,599,1869,2468,49389,53965,103354
2020-10-01,7032,6398,13430,4385,4488,8873,8401,8641,17042,8755,9293,18048,6737,7263,14000,4963,5455,10418,3878,3977,7855,3070,3465,6535,2080,3740,5820,602,1881,2483,49903,54601,104504
2020-10-02,7115,6461,13576,4435,4538,8973,8479,8735,17214,8841,9393,18234,6803,7343,14146,5016,5504,10520,3924,4024,7948,3102,3510,6612,2091,3779,5870,607,1895,2502,50413,55182,105595
2020-10-03,7153,6500,13653,4465,4583,9048,8543,8793,17336,8901,9459,18360,6849,7397,14246,5062,5536,10598,3953,4058,8011,3126,3531,6657,2100,3804,5904,611,1900,2511,50763,55561,106324
2020-10-04,7197,6541,13738,4493,4610,9103,8603,8860,17463,8949,9510,18459,6893,7444,14337,5089,5567,10656,3977,4079,8056,3144,3550,6694,2111,3828,5939,612,1903,2515,51068,55892,106960
2020-10-05,7239,6592,13831,4539,4644,9183,8690,8939,17629,9064,9620,18684,6982,7521,14503,5152,5627,10779,4046,4128,8174,3179,3603,6782,2131,3859,5990,615,1910,2525,51637,56443,108080
2020-10-06,7294,6660,13954,4585,4691,9276,8768,9019,17787,9151,9715,18866,7072,7587,14659,5217,5688,10905,4090,4179,8269,3212,3644,6856,2150,3888,6038,621,1920,2541,52160,56991,109151
2020-10-07,7365,6707,14072,4618,4729,9347,8859,9110,17969,9259,9820,19079,7150,7671,14821,5269,5769,11038,4139,4227,8366,3240,3684,6924,2166,3913,6079,624,1927,2551,52689,57557,110246
2020-10-08,7430,6754,14184,4660,4771,9431,8932,9204,18136,9342,9920,19262,7225,7741,14966,5319,5827,11146,4184,4272,8456,3277,3720,6997,2177,3943,6120,628,1946,2574,53174,58098,111272
2020-10-09,7481,6822,14303,4714,4824,9538,8992,9308,18300,9433,10036,19469,7289,7827,15116,5363,5895,11258,4225,4320,8545,3305,3757,7062,2188,3966,6154,632,1962,2594,53622,58717,112339
2020-10-10,7508,6868,14376,4748,4849,9597,9058,9368,18426,9494,10094,19588,7344,7883,15227,5403,5943,11346,4253,4354,8607,3318,3784,7102,2204,3989,6193,638,1971,2609,53968,59103,113071
2020-10-11,7554,6906,14460,4777,4874,9651,9091,9428,18519,9540,10173,19713,7388,7925,15313,5443,5979,11422,4287,4379,8666,3334,3809,7143,2215,4008,6223,639,1977,2616,54268,59458,113726
2020-10-12,7599,6942,14541,4818,4907,9725,9147,9496,18643,9603,10240,19843,7429,7978,15407,5480,6032,11512,4332,4420,8752,3355,3840,7195,2229,4031,6260,640,1987,2627,54632,59873,114505
2020-10-13,7664,7008,14672,4866,4941,9807,9236,9591,18827,9689,10346,20035,7499,8061,15560,5547,6100,11647,4384,4472,8856,3390,3891,7281,2249,4069,6318,644,2000,2644,55168,60479,115647
2020-10-14,7717,7066,14783,4908,4988,9896,9319,9687,19006,9775,10431,20206,7559,8131,15690,5594,6158,11752,4436,4513,8949,3424,3938,7362,2266,4097,6363,645,2014,2659,55643,61023,116666
2020-10-15,7777,7120,14897,4953,5028,9981,9407,9780,19187,9881,10517,20398,7646,8222,15868,5659,6218,11877,4489,4572,9061,3450,3969,7419,2281,4126,6407,651,2024,2675,56194,61576,117770
2020-10-16,7854,7174,15028,5007,5087,10094,9528,9908,19436,9989,10616,20605,7730,8320,16050,5722,6292,12014,4539,4630,9169,3483,4019,7502,2302,4170,6472,653,2050,2703,56807,62266,119073
2020-10-17,7895,7215,15110,5044,5122,10166,9598,9970,19568,10063,10699,20762,7785,8378,16163,5758,6332,12090,4575,4668,9243,3516,4043,7559,2313,4195,6508,656,2057,2713,57203,62679,119882
2020-10-18,7932,7248,15180,5070,5142,10212,9628,10011,19639,10115,10772,20887,7812,8412,16224,5801,6352,12153,4596,4688,9284,3530,4063,7593,2321,4211,6532,657,2061,2718,57462,62960,120422
2020-10-19,8024,7318,15342,5122,5199,10321,9725,10124,19849,10225,10908,21133,7904,8537,16441,5867,6427,12294,4660,4748,9408,3569,4120,7689,2336,4245,6581,658,2071,2729,58090,63697,121787
2020-10-20,8094,7388,15482,5187,5250,10437,9838,10235,20073,10322,11013,21335,7998,8653,16651,5931,6493,12424,4719,4799,9518,3600,4169,7769,2359,4281,6640,658,2086,2744,58706,64367,123073
2020-10-21,8142,7440,15582,5253,5297,10550,9929,10350,20279,10407,11109,21516,8067,8733,16800,5992,6547,12539,4767,4846,9613,3631,4202,7833,2378,4312,6690,660,2091,2751,59226,64927,124153
2020-10-22,8192,7488,15680,5317,5358,10675,10000,10442,20442,10480,11205,21685,8144,8798,16942,6043,6606,12649,4797,4900,9697,3652,4238,7890,2393,4338,6731,663,2099,2762,59681,65472,125153
2020-10-23,8243,7529,15772,5356,5390,10746,10058,10511,20569,10536,11273,21809,8197,8874,17071,6087,6649,12736,4834,4949,9783,3686,4270,7956,2406,4364,6770,667,2117,2784,60070,65926,125996
2020-10-24,8274,7558,15832,5377,5411,10788,10107,10542,20649,10581,11322,21903,8234,8920,17154,6109,6684,12793,4857,4979,9836,3709,4296,8005,2413,4389,6802,669,2127,2796,60330,66228,126558
2020-10-25,8318,7590,15908,5403,5442,10845,10154,10594,20748,10626,11403,22029,8277,8961,17238,6139,6735,12874,4878,5012,9890,3730,4319,8049,2420,4402,6822,670,2129,2799,60615,66587,127202
2020-10-26,8378,7640,16018,5461,5491,10952,10225,10670,20895,10716,11501,22217,8328,9042,17370,6201,6808,13009,4926,5064,9990,3766,4366,8132,2431,4428,6859,671,2138,2809,61103,67148,128251
2020-10-27,8433,7696,16129,5505,5528,11033,10322,10760,21082,10799,11599,22398,8406,9121,17527,6261,6886,13147,4981,5133,10114,3797,4414,8211,2446,4456,6902,674,2144,2818,61624,67737,129361
2020-10-28,8485,7752,16237,5545,5574,11119,10399,10844,21243,10883,11704,22587,8456,9199,17655,6325,6958,13283,5025,5173,10198,3819,4448,8267,2457,4482,6939,677,2156,2833,62071,68290,130361
2020-10-29,8531,7794,16325,5583,5620,11203,10494,10930,21424,10971,11796,22767,8509,9280,17789,6374,7018,13392,5069,5219,10288,3842,4479,8321,2469,4508,6977,678,2163,2841,62520,68807,131327
2020-10-30,8580,7827,16407,5610,5665,11275,10547,11010,21557,11043,11883,22926,8574,9354,17928,6415,7078,13493,5114,5278,10392,3864,4511,8375,2490,4534,7024,681,2177,2858,62918,69317,132235
2020-10-31,8619,7853,16472,5629,5683,11312,10591,11048,21639,11083,11957,23040,8614,9399,18013,6444,7110,13554,5144,5318,10462,3886,4540,8426,2498,4550,7048,683,2185,2868,63191,69643,132834
2020-11-01,8676,7901,16577,5660,5722,11382,10655,11119,21774,11132,12023,23155,8664,9449,18113,6480,7153,13633,5166,5373,10539,3909,4567,8476,2507,4576,7083,686,2191,2877,63535,70074,133609
2020-11-02,8726,7961,16687,5705,5770,11475,10734,11212,21946,11224,12108,23332,8736,9530,18266,6528,7207,13735,5212,5427,10639,3943,4604,8547,2522,4595,7117,686,2201,2887,64016,70615,134631
2020-11-03,8764,8005,16769,5731,5808,11539,10790,11304,22094,11302,12186,23488,8792,9575,18367,6571,7251,13822,5250,5463,10713,3978,4639,8617,2538,4625,7163,687,2211,2898,64403,71067,135470
2020-11-04,8813,8054,16867,5773,5852,11625,10899,11401,22300,11389,12286,23675,8880,9667,18547,6635,7313,13948,5309,5518,10827,4019,4674,8693,2560,4660,7220,693,2224,2917,64970,71649,136619
2020-11-05,8880,8112,16992,5848,5912,11760,11018,11511,22529,11510,12401,23911,8972,9765,18737,6703,7391,14094,5355,5582,10937,4053,4709,8762,2578,4684,7262,697,2234,2931,65614,72301,137915
2020-11-06,8922,8157,17079,5884,5954,11838,11083,11571,22654,11558,12481,24039,9024,9815,18839,6751,7448,14199,5395,5633,11028,4085,4756,8841,2596,4716,7312,700,2241,2941,65998,72772,138770
2020-11-07,8961,8198,17159,5912,5986,11898,11132,11636,22768,11604,12545,24149,9074,9874,18948,6795,7499,14294,5442,5685,11127,4118,4785,8903,2616,4734,7350,706,2247,2953,66360,73189,139549
2020-11-08,9012,8257,17269,5938,6027,11965,11200,11706,22906,11668,12632,24300,9126,9932,19058,6834,7547,14381,5476,5735,11211,4141,4814,8955,2624,4750,7374,708,2252,2960,66727,73652,140379
2020-11-09,9091,8326,17417,6002,6070,12072,11273,11809,23082,11770,12753,24523,9207,10021,19228,6903,7620,14523,5530,5794,11324,4168,4859,9027,2650,4785,7435,712,2262,2974,67306,74299,141605
2020-11-10,9138,8369,17507,6044,6117,12161,11352,11879,23231,11859,12844,24703,9259,10078,19337,6952,7669,14621,5589,5838,11427,4199,4895,9094,2673,4815,7488,717,2271,2988,67782,74775,142557
2020-11-11,9203,8418,17621,6085,6164,12249,11447,11984,23431,11948,12937,24885,9345,10160,19505,7027,7739,14766,5630,5881,11511,4233,4933,9166,2693,4850,7543,722,2289,3011,68333,75355,143688
2020-11-12,9271,8477,17748,6124,6204,12328,11540,12085,23625,12069,13043,25112,9435,10248,19683,7094,7801,14895,5682,5947,11629,4269,4984,9253,2712,4887,7599,725,2300,3025,68921,75976,144897
2020-11-13,9332,8520,17852,6173,6247,12420,11640,12194,23834,12140,13140,25280,9508,10327,19835,7145,7859,15004,5740,6011,11751,4311,5029,9340,2732,4928,7660,729,2313,3042,69450,76568,146018
2020-11-14,9397,8579,17976,6204,6277,12481,11692,12256,23948,12213,13211,25424,9557,10387,19944,7191,7903,15094,5786,6041,11827,4340,5069,9409,2744,4948,7692,733,2316,3049,69857,76987,146844
2020-11-15,9462,8643,18105,6256,6306,12562,11754,12336,24090,12292,13283,25575,9622,10446,20068,7243,7954,15197,5837,6086,11923,4367,5107,9474,2755,4972,7727,733,2327,3060,70321,77460,147781
2020-11-16,9524,8704,18228,6321,6356,12677,11820,12404,24224,12375,13392,25767,9698,10514,20212,7287,8017,15304,5883,6131,12014,4404,5152,9556,2773,4997,7770,736,2340,3076,70821,78007,148828
2020-11-17,9589,8772,18361,6377,6408,12785,11918,12522,24440,12486,13512,25998,9779,10614,20393,7345,8093,15438,5949,6208,12157,4452,5207,9659,2792,5037,7829,742,2355,3097,71429,78728,150157
2020-11-18,9648,8830,18478,6450,6456,12906,12016,12628,24644,12597,13642,26239,9842,10697,20539,7399,8159,15558,5999,6258,12257,4500,5250,9750,2806,5079,7885,744,2362,3106,72001,79361,151362
2020-11-19,9717,8888,18605,6514,6510,13024,12114,12755,24869,12690,13759,26449,9918,10796,20714,7462,8226,15688,6041,6315,12356,4539,5287,9826,2828,5114,7942,747,2369,3116,72570,80019,152589
2020-11-20,9781,8943,18724,6557,6562,13119,12210,12855,25065,12777,13857,26634,9992,10892,20884,7513,8288,15801,6093,6357,12450,4572,5322,9894,2846,5145,7991,751,2381,3132,73092,80602,153694
2020-11-21,9833,8994,18827,6587,6604,13191,12272,12924,25196,12851,13922,26773,10047,10951,20998,7554,8338,15892,6132,6398,12530,4596,5344,9940,2856,5164,8020,754,2391,3145,73482,81030,154512
2020-11-22,9879,9030,18909,6617,6636,13253,12334,12974,25308,12902,13994,26896,10099,11001,21100,7588,8375,15963,6162,6440,12602,4619,5363,9982,2869,5187,8056,756,2400,3156,73825,81400,155225
2020-11-23,9936,9084,19020,6657,6681,13338,12398,13057,25455,12985,14064,27049,10159,11075,21234,7634,8425,16059,6198,6487,12685,4650,5394,10044,2889,5217,8106,761,2412,3173,74267,81896,156163
2020-11-24,9992,9154,19146,6710,6733,13443,12484,13164,25648,13092,14160,27252,10240,11151,21391,7701,8495,16196,6254,6552,12806,4694,5439,10133,2914,5251,8165,762,2422,3184,74843,82521,157364
2020-11-25,10057,9213,19270,6767,6790,13557,12586,13282,25868,13194,14267,27461,10319,11231,21550,7762,8551,16313,6315,6612,12927,4725,5497,10222,2934,5292,8226,768,2432,3200,75427,83167,158594
2020-11-26,10124,9278,19402,6831,6855,13686,12674,13394,26068,13300,14398,27698,10392,11318,21710,7820,8615,16435,6369,6664,13033,4764,5550,10314,2947,5321,8268,777,2443,3220,75998,83836,159834
2020-11-27,10178,9332,19510,6879,6893,13772,12765,13517,26282,13379,14488,27867,10455,11364,21819,7879,8673,16552,6415,6704,13119,4793,5585,10378,2962,5358,8320,780,2447,3227,76485,84361,160846
2020-11-28,10243,9372,19615,6920,6924,13844,12835,13594,26429,13433,14579,28012,10508,11433,21941,7932,8721,16653,6442,6734,13176,4820,5618,10438,2977,5387,8364,782,2453,3235,76892,84815,161707
2020-11-29,10302,9419,19721,6952,6963,13915,12910,13678,26588,13501,14673,28174,10581,11491,22072,7975,8774,16749,6493,6792,13285,4845,5654,10499,2992,5404,8396,783,2458,3241,77334,85306,162640
2020-11-30,10384,9483,19867,7026,7016,14042,13031,13809,26840,13624,14787,28411,10688,11604,22292,8043,8845,16888,6568,6872,13440,4905,5700,10605,3011,5437,8448,786,2468,3254,78066,86021,164087
2020-12-01,10433,9551,19984,7080,7078,14158,13159,13933,27092,13733,14913,28646,10775,11705,22480,8083,8905,16988,6636,6954,13590,4955,5751,10706,3039,5467,8506,790,2473,3263,78683,86730,165413
2020-12-02,10474,9588,20062,7129,7123,14252,13229,14024,27253,13804,15009,28813,10846,11776,22622,8125,8955,17080,6679,6988,13667,4985,5789,10774,3060,5487,8547,791,2482,3273,79122,87221,166343
2020-12-03,10520,9637,20157,7194,7176,14370,13335,14159,27494,13919,15144,29063,10936,11870,22806,8187,9018,17205,6738,7052,13790,5030,5825,10855,3074,5512,8586,793,2489,3282,79726,87882,167608
2020-12-04,10581,9697,20278,7260,7230,14490,13431,14254,27685,14019,15255,29274,11019,11973,22992,8257,9100,17357,6798,7138,13936,5082,5865,10947,3093,5550,8643,799,2498,3297,80339,88560,168899
2020-12-05,10631,9752,20383,7312,7274,14586,13517,14325,27842,14119,15349,29468,11086,12038,23124,8306,9149,17455,6840,7181,14021,5109,5892,11001,3103,5574,8677,804,2507,3311,80827,89041,169868
2020-12-06,10676,9805,20481,7353,7310,14663,13573,14391,27964,14180,15421,29601,11134,12105,23239,8340,9190,17530,6879,7225,14104,5138,5919,11057,3120,5593,8713,805,2512,3317,81198,89471,170669
2020-12-07,10714,9856,20570,7406,7350,14756,13660,14481,28141,14270,15505,29775,11187,12187,23374,8380,9237,17617,6913,7265,14178,5166,5951,11117,3135,5614,8749,809,2520,3329,81640,89966,171606
2020-12-08,10761,9910,20671,7437,7395,14832,13740,14569,28309,14345,15596,29941,11247,12245,23492,8435,9294,17729,6964,7311,14275,5188,5998,11186,3143,5635,8778,813,2527,3340,82073,90480,172553
2020-12-09,10829,9967,20796,7487,7461,14948,13888,14727,28615,14472,15749,30221,11363,12364,23727,8520,9402,17922,7054,7391,14445,5234,6065,11299,3166,5676,8842,816,2546,3362,82829,91348,174177
2020-12-10,10904,10017,20921,7581,7581,15162,14074,14937,29011,14677,15982,30659,11504,12533,24037,8647,9534,18181,7156,7491,14647,5288,6118,11406,3190,5730,8920,822,2558,3380,83843,92481,176324
2020-12-11,10974,10088,21062,7684,7697,15381,14302,15223,29525,14934,16274,31208,11687,12743,24430,8796,9697,18493,7283,7633,14916,5353,6198,11551,3215,5769,8984,824,2565,3389,85052,93887,178939
2020-12-12,11037,10150,21187,7790,7799,15589,14507,15482,29989,15160,16542,31702,11887,12953,24840,8939,9855,18794,7391,7784,15175,5409,6262,11671,3231,5798,9029,826,2576,3402,86177,95201,181378
2020-12-13,11106,10194,21300,7877,7896,15773,14669,15689,30358,15371,16797,32168,12053,13141,25194,9087,10012,19099,7491,7880,15371,5456,6306,11762,3249,5821,9070,834,2581,3415,87193,96317,183510
2020-12-14,11192,10263,21455,7990,8020,16010,14907,15965,30872,15649,17092,32741,12249,13365,25614,9262,10193,19455,7629,8039,15668,5534,6392,11926,3277,5859,9136,844,2594,3438,88533,97782,186315
2020-12-15,11264,10335,21599,8085,8133,16218,15116,16239,31355,15904,17358,33262,12440,13550,25990,9419,10395,19814,7771,8178,15949,5601,6457,12058,3292,5888,9180,848,2605,3453,89740,99138,188878
2020-12-16,11316,10399,21715,8214,8290,16504,15366,16568,31934,16245,17727,33972,12703,13817,26520,9630,10614,20244,7943,8353,16296,5687,6543,12230,3322,5915,9237,852,2617,3469,91278,100843,192121
2020-12-17,11403,10478,21881,8350,8430,16780,15641,16943,32584,16604,18126,34730,12974,14101,27075,9826,10829,20655,8051,8491,16542,5756,6601,12357,3335,5942,9277,854,2626,3480,92794,102567,195361
2020-12-18,11500,10554,22054,8509,8630,17139,15958,17347,33305,16970,18541,35511,13256,14400,27656,10054,11090,21144,8294,8715,17009,5866,6703,12569,3358,6000,9358,857,2636,3493,94622,104616,199238
2020-12-19,11574,10622,22196,8638,8771,17409,16189,17670,33859,17349,18939,36288,13497,14660,28157,10245,11302,21547,8457,8908,17365,5936,6792,12728,3377,6036,9413,860,2648,3508,96122,106348,202470
2020-12-20,11637,10700,22337,8782,8920,17702,16451,17978,34429,17730,19331,37061,13761,14948,28709,10475,11552,22027,8625,9071,17696,6010,6859,12869,3391,6055,9446,864,2656,3520,97726,108070,205796
2020-12-21,11732,10796,22528,8936,9080,18016,16817,18361,35178,18147,19805,37952,14095,15267,29362,10719,11818,22537,8830,9281,18111,6103,6962,13065,3413,6107,9520,869,2664,3533,99661,110141,209802
2020-12-22,11832,10894,22726,9135,9290,18425,17203,18852,36055,18633,20354,38987,14468,15645,30113,10977,12095,23072,9059,9512,18571,6205,7056,13261,3438,6143,9581,874,2669,3543,101824,112510,214334
2020-12-23,11951,10995,22946,9373,9503,18876,17631,19331,36962,19114,20858,39972,14807,16037,30844,11215,12350,23565,9234,9724,18958,6277,7144,13421,3472,6189,9661,882,2685,3567,103956,114816,218772
2020-12-24,12006,11054,23060,9475,9637,19112,17880,19574,37454,19422,21137,40559,15009,16234,31243,11330,12491,23821,9330,9845,19175,6339,7196,13535,3478,6213,9691,885,2690,3575,105154,116071,221225
2020-12-25,12043,11079,23122,9515,9677,19192,17954,19636,37590,19488,21220,40708,15065,16279,31344,11375,12543,23918,9356,9874,19230,6358,7210,13568,3483,6233,9716,890,2694,3584,105527,116445,221972
2020-12-26,12135,11151,23286,9706,9917,19623,18257,20019,38276,19931,21631,41562,15359,16623,31982,11610,12784,24394,9499,10046,19545,6434,7291,13725,3504,6267,9771,891,2707,3598,107326,118436,225762
2020-12-27,12188,11201,23389,9972,10169,20141,18599,20371,38970,20390,22105,42495,15728,17013,32741,11857,13059,24916,9676,10226,19902,6510,7382,13892,3528,6304,9832,894,2718,3612,109342,120548,229890
2020-12-28,12316,11305,23621,10282,10509,20791,19074,20954,40028,21025,22803,43828,16229,17536,33765,12169,13438,25607,9879,10490,20369,6613,7503,14116,3562,6356,9918,897,2738,3635,112046,123632,235678
2020-12-29,12408,11397,23805,10555,10814,21369,19547,21498,41045,21533,23355,44888,16658,17998,34656,12442,13741,26183,10090,10724,20814,6713,7617,14330,3593,6422,10015,905,2754,3659,114444,126320,240764
2020-12-30,12505,11483,23988,10885,11191,22076,20044,22025,42069,22129,23939,46068,17093,18518,35611,12748,14126,26874,10307,10958,21265,6817,7727,14544,3621,6474,10095,908,2766,3674,117057,129207,246264
2020-12-31,12579,11557,24136,11122,11426,22548,20388,22377,42765,22484,24365,46849,17392,18875,36267,12954,14335,27289,10406,11077,21483,6870,7796,14666,3637,6505,10142,909,2774,3683,118741,131087,249828
2021-01-01,12610,11578,24188,11169,11478,22647,20462,22473,42935,22564,24472,47036,17453,18949,36402,13010,14394,27404,10434,11110,21544,6891,7819,14710,3643,6521,10164,910,2778,3688,119146,131572,250718
2021-01-02,12689,11646,24335,11371,11717,23088,20770,22832,43602,22955,24903,47858,17743,19288,37031,13220,14639,27859,10629,11316,21945,6970,7916,14886,3660,6559,10219,916,2786,3702,120923,133602,254525
2021-01-03,12745,11715,24460,11673,12005,23678,21262,23422,44684,23585,25579,49164,18208,19824,38032,13512,15020,28532,10859,11575,22434,7061,8036,15097,3690,6600,10290,919,2796,3715,123514,136572,260086
2021-01-04,12835,11801,24636,11954,12277,24231,21894,24184,46078,24301,26344,50645,18703,20387,39090,13822,15417,29239,11102,11829,22931,7190,8165,15355,3727,6679,10406,923,2809,3732,126451,139892,266343
2021-01-05,12922,11892,24814,12272,12599,24871,22558,24970,47528,25014,27136,52150,19221,20966,40187,14163,15807,29970,11356,12173,23529,7318,8314,15632,3764,6748,10512,930,2820,3750,129518,143425,272943
2021-01-06,13015,11975,24990,12627,12940,25567,23241,25680,48921,25685,27848,53533,19762,21527,41289,14548,16242,30790,11625,12480,24105,7440,8473,15913,3798,6816,10614,934,2840,3774,132675,146821,279496
2021-01-07,13106,12054,25160,12890,13228,26118,23738,26258,49996,26224,28446,54670,20166,21934,42100,14807,16577,31384,11836,12739,24575,7533,8612,16145,3830,6871,10701,938,2852,3790,135068,149571,284639
2021-01-08,13198,12141,25339,13173,13527,26700,24260,26819,51079,26693,29018,55711,20523,22428,42951,15072,16893,31965,12005,12961,24966,7629,8742,16371,3864,6913,10777,944,2861,3805,137361,152303,289664
2021-01-09,13262,12215,25477,13421,13812,27233,24708,27349,52057,27210,29610,56820,20897,22860,43757,15328,17198,32526,12167,13195,25362,7699,8835,16534,3889,6964,10853,944,2874,3818,139525,154912,294437
2021-01-10,13343,12290,25633,13713,14139,27852,25148,27878,53026,27711,30189,57900,21269,23297,44566,15574,17488,33062,12331,13362,25693,7751,8933,16684,3906,7005,10911,948,2888,3836,141694,157469,299163
2021-01-11,13441,12362,25803,14022,14485,28507,25754,28582,54336,28346,30916,59262,21685,23788,45473,15870,17860,33730,12516,13600,26116,7843,9037,16880,3934,7063,10997,952,2911,3863,144363,160604,304967
2021-01-12,13555,12430,25985,14303,14798,29101,26238,29162,55400,28780,31508,60288,22039,24220,46259,16155,18229,34384,12721,13791,26512,7917,9137,17054,3968,7099,11067,956,2921,3877,146632,163295,309927
2021-01-13,13681,12544,26225,14609,15160,29769,26806,29811,56617,29298,32111,61409,22478,24673,47151,16448,18595,35043,12942,14058,27000,8008,9250,17258,3989,7151,11140,962,2925,3887,149221,166278,315499
2021-01-14,13777,12647,26424,14927,15544,30471,27310,30439,57749,29804,32704,62508,22853,25138,47991,16745,18958,35703,13131,14290,27421,8089,9350,17439,4011,7194,11205,966,2933,3899,151613,169197,320810
2021-01-15,13897,12737,26634,15428,16088,31516,27904,31201,59105,30578,33562,64140,23406,25827,49233,17182,19467,36649,13365,14573,27938,8185,9481,17666,4035,7249,11284,970,2943,3913,154950,173128,328078
2021-01-16,13961,12787,26748,16033,16691,32724,28433,31874,60307,31258,34394,65652,24059,26555,50614,17631,19921,37552,13623,14871,28494,8314,9605,17919,4064,7293,11357,972,2952,3924,158348,176943,335291
2021-01-17,14030,12834,26864,16517,17245,33762,28966,32592,61558,31911,35117,67028,24729,27311,52040,18050,20348,38398,13826,15088,28914,8401,9706,18107,4082,7321,11403,974,2955,3929,161486,180517,342003
2021-01-18,14126,12922,27048,17112,17842,34954,29671,33388,63059,32707,35978,68685,25471,28115,53586,18558,20909,39467,14136,15456,29592,8546,9856,18402,4123,7403,11526,980,2979,3959,165430,184848,350278
2021-01-19,14229,13009,27238,17666,18410,36076,30304,34134,64438,33459,36816,70275,26171,28904,55075,19036,21447,40483,14448,15809,30257,8674,10021,18695,4149,7465,11614,987,2993,3980,169123,189008,358131
2021-01-20,14328,13096,27424,18190,18953,37143,30891,34801,65692,34146,37547,71693,26800,29570,56370,19507,21961,41468,14776,16161,30937,8841,10190,19031,4182,7518,11700,993,3008,4001,172654,192805,365459
2021-01-21,14447,13182,27629,18551,19407,37958,31448,35394,66842,34669,38176,72845,27244,30127,57371,19828,22421,42249,15020,16414,31434,8949,10302,19251,4219,7572,11791,1001,3029,4030,175376,196024,371400
2021-01-22,14532,13269,27801,18955,19816,38771,31900,35967,67867,35094,38746,73840,27681,30656,58337,20140,22777,42917,15230,16657,31887,9046,10418,19464,4242,7619,11861,1007,3034,4041,177827,198959,376786
2021-01-23,14584,13315,27899,19393,20273,39666,32365,36546,68911,35578,39303,74881,28114,31107,59221,20471,23152,43623,15383,16849,32232,9101,10491,19592,4262,7657,11919,1009,3040,4049,180260,201733,381993
2021-01-24,14649,13371,28020,19902,20814,40716,32913,37135,70048,36090,39908,75998,28667,31706,60373,20840,23542,44382,15573,17057,32630,9177,10591,19768,4291,7695,11986,1011,3046,4057,183113,204865,387978
2021-01-25,14743,13476,28219,20536,21421,41957,33632,37923,71555,36768,40684,77452,29293,32392,61685,21241,24036,45277,15833,17330,33163,9300,10726,20026,4327,7760,12087,1017,3062,4079,186690,208810,395500
2021-01-26,14863,13563,28426,21052,21943,42995,34193,38550,72743,37339,41287,78626,29825,32973,62798,21623,24476,46099,16062,17634,33696,9416,10856,20272,4362,7824,12186,1021,3078,4099,189756,212184,401940
2021-01-27,14977,13660,28637,21516,22412,43928,34713,39168,73881,37878,41907,79785,30298,33543,63841,21977,24885,46862,16278,17862,34140,9507,10966,20473,4398,7881,12279,1023,3099,4122,192565,215383,407948
2021-01-28,15069,13747,28816,21901,22829,44730,35148,39676,74824,38332,42432,80764,30675,34011,64686,22259,25224,47483,16478,18106,34584,9618,11085,20703,4431,7930,12361,1028,3115,4143,194939,218155,413094
2021-01-29,15137,13845,28982,22438,23373,45811,35733,40320,76053,38967,43178,82145,31242,34693,65935,22691,25692,48383,16749,18408,35157,9725,11237,20962,4456,7994,12450,1031,3124,4155,198169,221864,420033
2021-01-30,15203,13894,29097,23167,24147,47314,36253,40970,77223,39643,43983,83626,31975,35574,67549,23209,26251,49460,17013,18753,35766,9834,11394,21228,4484,8044,12528,1033,3133,4166,201814,226143,427957
2021-01-31,15264,13955,29219,24283,25330,49613,36961,41779,78740,40481,45025,85506,33064,36857,69921,23900,27019,50919,17330,19091,36421,9952,11542,21494,4511,8098,12609,1035,3146,4181,206781,231842,438623
2021-02-01,15354,14037,29391,25213,26351,51564,37594,42604,80198,41333,46003,87336,34032,37992,72024,24592,27719,52311,17681,19520,37201,10078,11739,21817,4554,8150,12704,1037,3158,4195,211468,237273,448741
2021-02-02,15441,14122,29563,25970,27209,53179,38189,43298,81487,42119,46916,89035,34927,39053,73980,25213,28398,53611,18086,19926,38012,10274,11970,22244,4599,8221,12820,1040,3170,4210,215858,242283,458141
2021-02-03,15507,14216,29723,26592,27799,54391,38719,43942,82661,42790,47684,90474,35587,39821,75408,25689,28980,54669,18431,20292,38723,10434,12172,22606,4637,8289,12926,1045,3184,4229,219431,246379,465810
2021-02-04,15583,14290,29873,26949,28169,55118,39135,44476,83611,43274,48242,91516,35988,40405,76393,26031,29405,55436,18640,20568,39208,10546,12319,22865,4665,8334,12999,1050,3203,4253,221861,249411,471272
2021-02-05,15667,14365,30032,27280,28504,55784,39525,44964,84489,43672,48756,92428,36384,40850,77234,26315,29756,56071,18853,20830,39683,10650,12458,23108,4686,8395,13081,1051,3215,4266,224083,252093,476176
2021-02-06,15720,14413,30133,27632,28920,56552,39887,45407,85294,44113,49323,93436,36797,41361,78158,26654,30138,56792,19034,21043,40077,10732,12569,23301,4708,8438,13146,1052,3223,4275,226329,254835,481164
2021-02-07,15779,14476,30255,28040,29349,57389,40226,45852,86078,44574,49903,94477,37230,41890,79120,26969,30543,57512,19203,21228,40431,10819,12671,23490,4728,8467,13195,1058,3227,4285,228626,257606,486232
2021-02-08,15873,14554,30427,28559,29979,58538,40798,46493,87291,45263,50743,96006,37915,42711,80626,27348,31064,58412,19441,21529,40970,10937,12813,23750,4758,8539,13297,1062,3247,4309,231954,261672,493626
2021-02-09,15967,14619,30586,29016,30465,59481,41277,47096,88373,45904,51439,97343,38475,43424,81899,27741,31549,59290,19725,21841,41566,11071,12966,24037,4796,8604,13400,1068,3264,4332,235040,265267,500307
2021-02-10,16047,14678,30725,29357,30807,60164,41655,47599,89254,46410,52085,98495,38975,44025,83000,28051,31948,59999,19947,22101,42048,11192,13091,24283,4830,8655,13485,1068,3276,4344,237532,268265,505797
2021-02-11,16124,14739,30863,29634,31163,60797,42008,48083,90091,46900,52655,99555,39406,44598,84004,28301,32321,60622,20156,22340,42496,11292,13214,24506,4859,8708,13567,1072,3286,4358,239752,271107,510859
2021-02-12,16206,14808,31014,29984,31552,61536,42374,48495,90869,47401,53269,100670,39870,45212,85082,28594,32715,61309,20351,22597,42948,11394,13340,24734,4892,8762,13654,1074,3301,4375,242140,274051,516191
2021-02-13,16261,14848,31109,30439,32067,62506,42747,48932,91679,47982,53964,101946,40444,45972,86416,28940,33137,62077,20551,22828,43379,11469,13451,24920,4915,8799,13714,1079,3312,4391,244827,277310,522137
2021-02-14,16303,14885,31188,30900,32577,63477,43060,49377,92437,48568,54684,103252,41128,46763,87891,29270,33550,62820,20779,23083,43862,11567,13577,25144,4934,8825,13759,1080,3322,4402,247589,280643,528232
2021-02-15,16344,14945,31289,31497,33188,64685,43514,49973,93487,49274,55581,104855,41929,47699,89628,29726,34074,63800,21007,23358,44365,11658,13707,25365,4958,8887,13845,1082,3335,4417,250989,284747,535736
2021-02-16,16401,14988,31389,32112,33772,65884,44116,50801,94917,50137,56583,106720,42741,48680,91421,30157,34544,64701,21234,23594,44828,11747,13840,25587,4974,8926,13900,1090,3340,4430,254709,289068,543777
2021-02-17,16477,15082,31559,32519,34233,66752,44865,51680,96545,50871,57418,108289,43320,49334,92654,30549,35016,65565,21544,23929,45473,11874,14004,25878,5001,8990,13991,1097,3356,4453,258117,293042,551159
2021-02-18,16548,15146,31694,32867,34626,67493,45463,52392,97855,51525,58170,109695,43841,49962,93803,30937,35434,66371,21799,24223,46022,12008,14168,26176,5034,9041,14075,1101,3368,4469,261123,296530,557653
2021-02-19,16636,15213,31849,33177,35059,68236,45984,53013,98997,52132,58918,111050,44342,50564,94906,31303,35860,67163,22025,24511,46536,12121,14327,26448,5064,9091,14155,1105,3382,4487,263889,299938,563827
2021-02-20,16703,15267,31970,33458,35422,68880,46432,53554,99986,52606,59584,112190,44786,51118,95904,31621,36273,67894,22211,24790,47001,12207,14434,26641,5088,9131,14219,1110,3387,4497,266222,302960,569182
2021-02-21,16781,15317,32098,33735,35768,69503,46852,54125,100977,53138,60253,113391,45234,51686,96920,31894,36632,68526,22417,25037,47454,12283,14541,26824,5115,9161,14276,1115,3397,4512,268564,305917,574481
2021-02-22,16879,15428,32307,34023,36155,70178,47354,54814,102168,53726,61000,114726,45698,52273,97971,32246,37059,69305,22662,25340,48002,12399,14665,27064,5159,9201,14360,1118,3404,4522,271264,309339,580603
2021-02-23,16988,15513,32501,34277,36450,70727,47798,55355,103153,54221,61608,115829,46093,52776,98869,32556,37457,70013,22899,25620,48519,12512,14810,27322,5191,9255,14446,1125,3419,4544,273660,312263,585923
2021-02-24,17070,15620,32690,34542,36754,71296,48155,55785,103940,54657,62110,116767,46412,53200,99612,32817,37774,70591,23116,25849,48965,12618,14936,27554,5219,9297,14516,1127,3430,4557,275733,314755,590488
2021-02-25,17192,15736,32928,34751,36988,71739,48518,56191,104709,55034,62531,117565,46718,53546,100264,33040,38079,71119,23291,26080,49371,12704,15061,27765,5244,9343,14587,1132,3444,4576,277624,316999,594623
2021-02-26,17291,15835,33126,34935,37229,72164,48879,56642,105521,55463,62989,118452,47032,53952,100984,33286,38391,71677,23484,26363,49847,12798,15183,27981,5267,9383,14650,1134,3463,4597,279569,319430,598999
2021-02-27,17358,15902,33260,35157,37527,72684,49236,57118,106354,55939,63527,119466,47362,54358,101720,33597,38770,72367,23726,26646,50372,12898,15316,28214,5294,9439,14733,1136,3472,4608,281703,322075,603778
2021-02-28,17437,15974,33411,35480,37889,73369,49639,57666,107305,56550,64253,120803,47831,54951,102782,33996,39257,73253,24025,26994,51019,13043,15485,28528,5321,9489,14810,1138,3480,4618,284460,325438,609898
2021-03-01,17585,16103,33688,35701,38150,73851,50022,58102,108124,56970,64699,121669,48148,55330,103478,34225,39545,73770,24218,27241,51459,13133,15618,28751,5345,9538,14883,1143,3496,4639,286490,327822,614312
2021-03-02,17744,16245,33989,35929,38411,74340,50384,58500,108884,57337,65143,122480,48456,55677,104133,34437,39869,74306,24374,27454,51828,13227,15704,28931,5382,9592,14974,1146,3504,4650,288416,330099,618515
2021-03-03,17898,16363,34261,36093,38640,74733,50654,58890,109544,57676,65533,123209,48708,55976,104684,34658,40160,74818,24588,27707,52295,13314,15825,29139,5403,9628,15031,1147,3514,4661,290139,332236,622375
2021-03-04,18032,16493,34525,36265,38850,75115,50921,59204,110125,57985,65860,123845,48947,56277,105224,34830,40423,75253,24768,27969,52737,13417,15968,29385,5432,9664,15096,1153,3531,4684,291750,334239,625989
2021-03-05,18163,16617,34780,36446,39049,75495,51195,59578,110773,58324,66257,124581,49181,56543,105724,35048,40701,75749,24955,28180,53135,13514,16083,29597,5456,9701,15157,1153,3537,4690,293435,336246,629681
2021-03-06,18252,16699,34951,36570,39194,75764,51451,59888,111339,58623,66582,125205,49387,56790,106177,35203,40908,76111,25080,28322,53402,13576,16174,29750,5480,9731,15211,1155,3544,4699,294777,337832,632609
2021-03-07,18341,16785,35126,36710,39353,76063,51689,60206,111895,58929,66937,125866,49569,57048,106617,35385,41165,76550,25258,28522,53780,13649,16267,29916,5499,9768,15267,1159,3548,4707,296188,339599,635787
2021-03-08,18512,16936,35448,36890,39591,76481,51984,60607,112591,59286,67341,126627,49859,57370,107229,35645,41493,77138,25502,28782,54284,13753,16384,30137,5526,9819,15345,1162,3561,4723,298119,341884,640003
2021-03-09,18701,17112,35813,37072,39775,76847,52293,60950,113243,59649,67751,127400,50150,57681,107831,35895,41807,77702,25721,29113,54834,13889,16523,30412,5553,9864,15417,1166,3570,4736,300089,344146,644235
2021-03-10,18912,17299,36211,37266,39994,77260,52566,61272,113838,60020,68162,128182,50391,57968,108359,36117,42093,78210,25935,29344,55279,13984,16653,30637,5582,9911,15493,1169,3580,4749,301942,346276,648218
2021-03-11,19083,17485,36568,37414,40179,77593,52799,61599,114398,60283,68491,128774,50590,58228,108818,36265,42308,78573,26080,29551,55631,14072,16749,30821,5610,9947,15557,1172,3594,4766,303368,348131,651499
2021-03-12,19296,17684,36980,37595,40410,78005,53080,61943,115023,60600,68906,129506,50847,58542,109389,36456,42589,79045,26264,29816,56080,14172,16860,31032,5636,9998,15634,1175,3607,4782,305121,350355,655476
2021-03-13,19434,17803,37237,37725,40580,78305,53364,62266,115630,60939,69263,130202,51071,58800,109871,36634,42863,79497,26459,30049,56508,14247,16947,31194,5653,10038,15691,1179,3611,4790,306705,352220,658925
2021-03-14,19562,17967,37529,37873,40731,78604,53588,62634,116222,61302,69666,130968,51298,59089,110387,36876,43150,80026,26653,30298,56951,14331,17064,31395,5672,10071,15743,1184,3622,4806,308339,354292,662631
2021-03-15,19815,18201,38016,38084,40967,79051,53898,63067,116965,61687,70127,131814,51595,59470,111065,37157,43496,80653,26899,30574,57473,14434,17228,31662,5697,10125,15822,1188,3635,4823,310454,356890,667344
2021-03-16,20041,18432,38473,38284,41212,79496,54173,63422,117595,62056,70553,132609,51854,59749,111603,37390,43794,81184,27105,30837,57942,14532,17349,31881,5721,10185,15906,1194,3654,4848,312350,359187,671537
2021-03-17,20227,18596,38823,38467,41427,79894,54443,63770,118213,62356,70890,133246,52072,60013,112085,37591,44057,81648,27297,31069,58366,14615,17474,32089,5745,10229,15974,1197,3667,4864,314010,361192,675202
2021-03-18,20391,18752,39143,38616,41609,80225,54689,64061,118750,62637,71196,133833,52274,60252,112526,37742,44274,82016,27451,31255,58706,14702,17578,32280,5761,10266,16027,1200,3674,4874,315463,362917,678380
2021-03-19,20566,18938,39504,38828,41823,80651,54947,64401,119348,62948,71544,134492,52487,60518,113005,37919,44509,82428,27606,31454,59060,14780,17670,32450,5781,10301,16082,1206,3684,4890,317068,364842,681910
2021-03-20,20648,19025,39673,38964,41977,80941,55164,64660,119824,63219,71832,135051,52679,60741,113420,38093,44724,82817,27752,31607,59359,14855,17752,32607,5797,10329,16126,1214,3691,4905,318385,366338,684723
2021-03-21,20770,19139,39909,39093,42121,81214,55394,64928,120322,63526,72146,135672,52861,60961,113822,38266,44955,83221,27892,31794,59686,14907,17833,32740,5817,10359,16176,1216,3701,4917,319742,367937,687679
2021-03-22,20969,19340,40309,39315,42319,81634,55678,65306,120984,63864,72521,136385,53115,61246,114361,38504,45259,83763,28068,32024,60092,15008,17950,32958,5844,10417,16261,1219,3723,4942,321584,370105,691689
2021-03-23,21159,19519,40678,39511,42538,82049,55938,65640,121578,64176,72905,137081,53351,61495,114846,38708,45499,84207,28260,32275,60535,15111,18080,33191,5870,10451,16321,1221,3739,4960,323305,372141,695446
2021-03-24,21286,19647,40933,39679,42697,82376,56138,65879,122017,64432,73182,137614,53517,61718,115235,38849,45693,84542,28364,32408,60772,15174,18169,33343,5881,10487,16368,1222,3745,4967,324542,373625,698167
2021-03-25,21433,19790,41223,39854,42918,82772,56371,66212,122583,64744,73516,138260,53761,62021,115782,39029,45902,84931,28494,32592,61086,15249,18258,33507,5909,10525,16434,1225,3747,4972,326069,375481,701550
2021-03-26,21624,19963,41587,40065,43163,83228,56632,66552,123184,65076,73868,138944,53982,62333,116315,39199,46153,85352,28641,32788,61429,15341,18366,33707,5934,10561,16495,1228,3760,4988,327722,377507,705229
2021-03-27,21764,20090,41854,40186,43311,83497,56868,66808,123676,65378,74191,139569,54181,62595,116776,39362,46402,85764,28799,32959,61758,15404,18450,33854,5953,10602,16555,1233,3767,5000,329128,379175,708303
2021-03-28,21875,20188,42063,40300,43474,83774,57060,67056,124116,65638,74520,140158,54395,62837,117232,39525,46627,86152,28929,33132,62061,15454,18510,33964,5973,10633,16606,1235,3774,5009,330384,380751,711135
2021-03-29,22057,20362,42419,40546,43696,84242,57330,67389,124719,65954,74873,140827,54640,63162,117802,39731,46874,86605,29081,33344,62425,15516,18576,34092,5992,10673,16665,1236,3782,5018,332083,382731,714814
2021-03-30,22222,20524,42746,40740,43915,84655,57554,67684,125238,66237,75207,141444,54846,63436,118282,39912,47082,86994,29226,33523,62749,15567,18649,34216,6014,10707,16721,1241,3788,5029,333559,384515,718074
2021-03-31,22367,20650,43017,40901,44068,84969,57789,67990,125779,66516,75536,142052,55031,63699,118730,40042,47271,87313,29317,33645,62962,15599,18698,34297,6035,10733,16768,1242,3798,5040,334839,386088,720927
2021-04-01,22483,20791,43274,41085,44256,85341,58067,68292,126359,66816,75863,142679,55242,63958,119200,40209,47487,87696,29437,33790,63227,15652,18778,34430,6049,10756,16805,1243,3809,5052,336283,387780,724063
2021-04-02,22622,20884,43506,41250,44455,85705,58302,68567,126869,67096,76158,143254,55449,64205,119654,40366,47695,88061,29540,33899,63439,15702,18824,34526,6067,10772,16839,1245,3817,5062,337639,389276,726915
2021-04-03,22728,20989,43717,41411,44662,86073,58554,68838,127392,67388,76491,143879,55661,64483,120144,40526,47899,88425,29677,34035,63712,15743,18891,34634,6087,10814,16901,1249,3824,5073,339024,390926,729950
2021-04-04,22872,21102,43974,41698,44969,86667,58887,69254,128141,67800,77041,144841,55983,64907,120890,40713,48153,88866,29789,34198,63987,15791,18956,34747,6105,10848,16953,1250,3832,5082,340888,393260,734148
2021-04-05,23049,21285,44334,42089,45389,87478,59343,69801,129144,68308,77585,145893,56387,65419,121806,40966,48470,89436,29939,34407,64346,15867,19037,34904,6125,10896,17021,1254,3841,5095,343327,396130,739457
2021-04-06,23254,21498,44752,42408,45724,88132,59853,70300,130153,68829,78186,147015,56777,65857,122634,41232,48793,90025,30127,34687,64814,15969,19157,35126,6148,10944,17092,1257,3856,5113,345854,399002,744856
2021-04-07,23462,21704,45166,42758,46075,88833,60315,70826,131141,69300,78770,148070,57199,66327,123526,41484,49180,90664,30299,34930,65229,16045,19264,35309,6163,10991,17154,1258,3870,5128,348283,401937,750220
2021-04-08,23667,21870,45537,43024,46367,89391,60684,71336,132020,69751,79321,149072,57539,66728,124267,41717,49517,91234,30461,35129,65590,16108,19371,35479,6185,11032,17217,1260,3882,5142,350396,404553,754949
2021-04-09,23821,22018,45839,43223,46610,89833,60933,71703,132636,70042,79675,149717,57791,67027,124818,41882,49752,91634,30576,35262,65838,16161,19440,35601,6193,11060,17253,1263,3890,5153,351885,406437,758322
2021-04-10,23941,22131,46072,43423,46839,90262,61243,72071,133314,70412,80065,150477,58030,67328,125358,42047,49985,92032,30691,35407,66098,16191,19491,35682,6199,11077,17276,1266,3894,5160,353443,408288,761731
2021-04-11,24040,22241,46281,43595,47037,90632,61473,72346,133819,70704,80423,151127,58277,67636,125913,42215,50190,92405,30805,35527,66332,16223,19534,35757,6213,11105,17318,1268,3898,5166,354813,409937,764750
2021-04-12,24226,22412,46638,43855,47282,91137,61793,72728,134521,71064,80850,151914,58588,68044,126632,42436,50496,92932,30946,35707,66653,16275,19613,35888,6232,11141,17373,1271,3909,5180,356686,412182,768868
2021-04-13,24405,22543,46948,44045,47472,91517,62095,73108,135203,71437,81304,152741,58884,68403,127287,42660,50774,93434,31055,35824,66879,16332,19663,35995,6246,11159,17405,1275,3918,5193,358434,414168,772602
2021-04-14,24573,22681,47254,44222,47635,91857,62297,73340,135637,71661,81574,153235,59045,68636,127681,42802,50966,93768,31204,35960,67164,16383,19750,36133,6270,11187,17457,1280,3924,5204,359737,415653,775390
2021-04-15,24760,22855,47615,44444,47901,92345,62641,73771,136412,72055,82066,154121,59398,69094,128492,43052,51309,94361,31356,36130,67486,16431,19826,36257,6291,11220,17511,1282,3934,5216,361710,418106,779816
2021-04-16,24939,23035,47974,44660,48124,92784,63012,74238,137250,72494,82583,155077,59751,69519,129270,43311,51657,94968,31541,36349,67890,16484,19900,36384,6302,11253,17555,1289,3946,5235,363783,420604,784387
2021-04-17,25096,23162,48258,44853,48305,93158,63299,74562,137861,72883,82976,155859,60035,69882,129917,43504,51896,95400,31668,36502,68170,16536,19981,36517,6323,11305,17628,1293,3953,5246,365490,422524,788014
2021-04-18,25197,23295,48492,44992,48467,93459,63557,74854,138411,73194,83365,156559,60315,70192,130507,43697,52134,95831,31803,36657,68460,16582,20041,36623,6348,11337,17685,1295,3962,5257,366980,424304,791284
2021-04-19,25411,23463,48874,45221,48735,93956,63922,75279,139201,73648,83843,157491,60674,70602,131276,43956,52454,96410,31965,36870,68835,16649,20131,36780,6365,11389,17754,1299,3979,5278,369110,426745,795855
2021-04-20,25605,23685,49290,45422,48946,94368,64226,75681,139907,74004,84299,158303,60991,71008,131999,44195,52739,96934,32154,37104,69258,16723,20216,36939,6399,11423,17822,1303,3988,5291,371022,429089,800111
2021-04-21,25775,23838,49613,45586,49110,94696,64489,76000,140489,74284,84674,158958,61247,71345,132592,44380,53011,97391,32289,37271,69560,16783,20285,37068,6417,11473,17890,1304,3996,5300,372554,431003,803557
2021-04-22,25978,24019,49997,45818,49362,95180,64810,76379,141189,74688,85197,159885,61601,71788,133389,44640,53322,97962,32440,37485,69925,16852,20382,37234,6438,11525,17963,1305,4007,5312,374570,433466,808036
2021-04-23,26143,24185,50328,46057,49618,95675,65170,76809,141979,75122,85773,160895,61970,72257,134227,44886,53683,98569,32602,37704,70306,16926,20475,37401,6472,11563,18035,1309,4018,5327,376657,436085,812742
2021-04-24,26238,24264,50502,46140,49687,95827,65270,76951,142221,75254,85928,161182,62089,72407,134496,44957,53777,98734,32648,37774,70422,16967,20531,37498,6486,11602,18088,1314,4041,5355,377363,436962,814325
2021-04-25,26377,24397,50774,46299,49865,96164,65518,77235,142753,75568,86300,161868,62356,72724,135080,45164,54027,99191,32776,37914,70690,17029,20582,37611,6496,11635,18131,1314,4048,5362,378897,438727,817624
2021-04-26,26602,24612,51214,46586,50202,96788,65971,77818,143789,76132,86996,163128,62852,73303,136155,45529,54492,100021,32996,38168,71164,17134,20712,37846,6514,11680,18194,1318,4060,5378,381634,442043,823677
2021-04-27,26803,24791,51594,46883,50545,97428,66421,78440,144861,76676,87707,164383,63295,73877,137172,45870,54939,100809,33216,38411,71627,17220,20850,38070,6540,11738,18278,1324,4075,5399,384248,445373,829621
2021-04-28,27010,24980,51990,47171,50860,98031,66822,78997,145819,77215,88394,165609,63717,74437,138154,46177,55317,101494,33406,38629,72035,17296,20957,38253,6565,11786,18351,1333,4090,5423,386712,448447,835159
2021-04-29,27259,25193,52452,47562,51233,98795,67352,79716,147068,77872,89223,167095,64276,75204,139480,46596,55870,102466,33655,38945,72600,17431,21114,38545,6606,11853,18459,1336,4113,5449,389945,452464,842409
2021-04-30,27448,25362,52810,47790,51452,99242,67632,80157,147789,78255,89744,167999,64575,75641,140216,46840,56215,103055,33815,39145,72960,17528,21225,38753,6642,11913,18555,1339,4135,5474,391864,454989,846853
2021-05-01,27597,25486,53083,48029,51657,99686,67973,80591,148564,78687,90304,168991,64924,76170,141094,47113,56551,103664,33981,39292,73273,17603,21318,38921,6666,11972,18638,1341,4141,5482,393914,457482,851396
2021-05-02,27743,25605,53348,48235,51885,100120,68281,81007,149288,79143,90880,170023,65270,76669,141939,47380,56878,104258,34170,39519,73689,17691,21425,39116,6691,12016,18707,1344,4160,5504,395948,460044,855992
2021-05-03,28027,25855,53882,48523,52215,100738,68815,81681,150496,79798,91701,171499,65812,77338,143150,47784,57485,105269,34453,39922,74375,17837,21582,39419,6723,12096,18819,1349,4186,5535,399121,464061,863182
2021-05-04,28235,26085,54320,48820,52530,101350,69311,82280,151591,80425,92445,172870,66348,77978,144326,48177,58016,106193,34695,40245,74940,17989,21758,39747,6761,12167,18928,1353,4215,5568,402114,467719,869833
2021-05-05,28463,26302,54765,49080,52827,101907,69787,82908,152695,80987,93114,174101,66835,78555,145390,48509,58466,106975,34912,40493,75405,18108,21883,39991,6804,12237,19041,1360,4231,5591,404845,471016,875861
2021-05-06,28662,26533,55195,49425,53189,102614,70265,83586,153851,81568,93916,175484,67362,79175,146537,48903,58969,107872,35136,40762,75898,18228,22017,40245,6837,12300,19137,1365,4250,5615,407751,474697,882448
2021-05-07,28903,26733,55636,49768,53565,103333,70791,84370,155161,82180,94798,176978,67938,79956,147894,49242,59536,108778,35366,41060,76426,18333,22159,40492,6862,12352,19214,1368,4264,5632,410751,478793,889544
2021-05-08,29040,26864,55904,49935,53745,103680,71106,84781,155887,82583,95276,177859,68217,80298,148515,49456,59822,109278,35483,41198,76681,18392,22226,40618,6888,12395,19283,1370,4282,5652,412470,480887,893357
2021-05-09,29214,27016,56230,50116,53955,104071,71376,85141,156517,82988,95745,178733,68534,80714,149248,49671,60117,109788,35631,41354,76985,18466,22323,40789,6919,12441,19360,1377,4300,5677,414292,483106,897398
2021-05-10,29448,27241,56689,50388,54269,104657,71931,85772,157703,83628,96480,180108,69058,81387,150445,50030,60594,110624,35872,41645,77517,18580,22471,41051,6961,12497,19458,1378,4309,5687,417274,486665,903939
2021-05-11,29662,27427,57089,50634,54549,105183,72318,86273,158591,84137,97069,181206,69498,81878,151376,50318,60967,111285,36091,41905,77996,18686,22597,41283,6992,12537,19529,1381,4320,5701,419717,489522,909239
2021-05-12,29883,27621,57504,50858,54800,105658,72704,86774,159478,84611,97632,182243,69917,82403,152320,50639,61354,111993,36275,42131,78406,18779,22694,41473,7021,12585,19606,1385,4333,5718,422072,492327,914399
2021-05-13,30101,27801,57902,51064,55062,106126,73100,87359,160459,85085,98277,183362,70335,82939,153274,50908,61742,112650,36448,42334,78782,18867,22809,41676,7054,12650,19704,1388,4344,5732,424350,495317,919667
2021-05-14,30345,28053,58398,51351,55442,106793,73678,88097,161775,85777,99150,184927,70878,83707,154585,51296,62247,113543,36676,42615,79291,18986,22945,41931,7105,12703,19808,1392,4355,5747,427484,499314,926798
2021-05-15,30514,28211,58725,51573,55694,107267,74028,88602,162630,86247,99782,186029,71295,84233,155528,51592,62593,114185,36843,42824,79667,19059,23029,42088,7132,12751,19883,1395,4372,5767,429678,502091,931769
2021-05-16,30668,28366,59034,51748,55945,107693,74323,89013,163336,86641,100337,186978,71661,84727,156388,51875,62953,114828,37003,43006,80009,19126,23111,42237,7151,12797,19948,1396,4389,5785,431592,504644,936236
2021-05-17,31000,28679,59679,52110,56343,108453,74944,89773,164717,87494,101317,188811,72345,85589,157934,52375,63595,115970,37306,43361,80667,19286,23300,42586,7205,12886,20091,1400,4404,5804,435465,509247,944712
2021-05-18,31296,28982,60278,52456,56767,109223,75597,90554,166151,88295,102256,190551,73088,86458,159546,52857,64169,117026,37568,43660,81228,19437,23448,42885,7254,12941,20195,1406,4418,5824,439254,513653,952907
2021-05-19,31615,29260,60875,52845,57177,110022,76279,91441,167720,89173,103280,192453,73799,87294,161093,53314,64832,118146,37891,43990,81881,19565,23604,43169,7299,13000,20299,1413,4436,5849,443193,518314,961507
2021-05-20,31949,29586,61535,53289,57661,110950,77090,92490,169580,90111,104355,194466,74536,88271,162807,53818,65500,119318,38207,44323,82530,19696,23781,43477,7346,13073,20419,1415,4464,5879,447457,523504,970961
2021-05-21,32182,29801,61983,53643,58059,111702,77743,93344,171087,90836,105314,196150,75178,89083,164261,54231,66075,120306,38455,44638,83093,19834,23922,43756,7392,13169,20561,1419,4492,5911,450913,527897,978810
2021-05-22,32321,29931,62252,53814,58295,112109,78093,93834,171927,91278,105843,197121,75531,89522,165053,54511,66394,120905,38605,44779,83384,19890,23997,43887,7418,13239,20657,1421,4513,5934,452882,530347,983229
2021-05-23,32470,30055,62525,53978,58491,112469,78380,94181,172561,91639,106265,197904,75861,89871,165732,54723,66679,121402,38733,44944,83677,19946,24061,44007,7433,13290,20723,1430,4531,5961,454593,532368,986961
2021-05-24,32634,30202,62836,54255,58805,113060,78858,94719,173577,92165,106930,199095,76337,90523,166860,55137,67234,122371,38951,45248,84199,20076,24210,44286,7463,13350,20813,1434,4543,5977,457310,535764,993074
2021-05-25,32797,30332,63129,54503,59087,113590,79332,95266,174598,92683,107576,200259,76807,91103,167910,55498,67668,123166,39166,45507,84673,20177,24344,44521,7490,13402,20892,1442,4560,6002,459895,538845,998740
2021-05-26,33011,30518,63529,54803,59435,114238,79938,95966,175904,93362,108377,201739,77384,91830,169214,55998,68293,124291,39432,45820,85252,20310,24506,44816,7535,13484,21019,1449,4576,6025,463222,542805,1006027
2021-05-27,33170,30701,63871,54996,59696,114692,80389,96544,176933,93880,109003,202883,77837,92373,170210,56361,68793,125154,39623,46071,85694,20429,24629,45058,7571,13537,21108,1450,4597,6047,465706,545944,1011650
2021-05-28,33378,30911,64289,55303,60069,115372,80972,97288,178260,94539,109820,204359,78457,93179,171636,56878,69442,126320,39906,46423,86329,20552,24781,45333,7607,13596,21203,1454,4612,6066,469046,550121,1019167
2021-05-29,33518,31040,64558,55480,60303,115783,81308,97740,179048,95018,110361,205379,78848,93684,172532,57136,69783,126919,40059,46603,86662,20618,24881,45499,7631,13652,21283,1459,4629,6088,471075,552676,1023751
2021-05-30,33623,31141,64764,55659,60493,116152,81635,98149,179784,95402,110822,206224,79181,94098,173279,57358,70100,127458,40185,46745,86930,20674,24964,45638,7651,13682,21333,1462,4638,6100,472830,554832,1027662
2021-05-31,33803,31324,65127,55966,60795,116761,82148,98777,180925,96038,111534,207572,79700,94802,174502,57683,70530,128213,40412,47023,87435,20815,25129,45944,7702,13749,21451,1465,4656,6121,475732,558319,1034051
2021-06-01,34008,31515,65523,56226,61106,117332,82596,99361,181957,96656,112219,208875,80171,95393,175564,58021,71010,129031,40672,47324,87996,20941,25272,46213,7755,13805,21560,1473,4668,6141,478519,561673,1040192
2021-06-02,34249,31706,65955,56504,61439,117943,83070,99978,183048,97216,112959,210175,80692,96019,176711,58335,71428,129763,40893,47630,88523,21074,25440,46514,7799,13879,21678,1481,4690,6171,481313,565168,1046481
2021-06-03,34473,31937,66410,56817,61779,118596,83611,100677,184288,97858,113787,211645,81221,96720,177941,58720,71934,130654,41131,47951,89082,21201,25597,46798,7843,13926,21769,1487,4710,6197,484362,569018,1053380
2021-06-04,34738,32180,66918,57141,62112,119253,84187,101390,185577,98497,114615,213112,81781,97406,179187,59096,72492,131588,41399,48279,89678,21334,25767,47101,7878,14000,21878,1489,4727,6216,487540,572968,1060508
2021-06-05,34911,32333,67244,57342,62319,119661,84503,101803,186306,98865,115097,213962,82130,97813,179943,59329,72788,132117,41515,48446,89961,21412,25870,47282,7905,14039,21944,1495,4744,6239,489407,575252,1064659
2021-06-06,35089,32523,67612,57524,62508,120032,84790,102154,186944,99210,115512,214722,82441,98223,180664,59553,73088,132641,41632,48605,90237,21473,25960,47433,7930,14074,22004,1496,4763,6259,491138,577410,1068548
2021-06-07,35327,32778,68105,57802,62808,120610,85304,102756,188060,99774,116193,215967,82936,98927,181863,59954,73641,133595,41884,48938,90822,21649,26177,47826,7970,14198,22168,1504,4796,6300,494104,581212,1075316
2021-06-08,35603,33040,68643,58034,63090,121124,85722,103353,189075,100356,116850,217206,83375,99515,182890,60309,74116,134425,42084,49188,91272,21766,26362,48128,7999,14265,22264,1511,4817,6328,496759,584596,1081355
2021-06-09,35821,33227,69048,58309,63360,121669,86166,103893,190059,100897,117526,218423,83820,100088,183908,60660,74560,135220,42281,49447,91728,21872,26485,48357,8039,14322,22361,1515,4834,6349,499380,587742,1087122
2021-06-10,35883,33288,69171,58431,63526,121957,86419,104315,190734,101226,118030,219256,84076,100493,184569,60834,74833,135667,42396,49585,91981,21917,26538,48455,8049,14343,22392,1515,4842,6357,500746,589793,1090539
2021-06-11,35888,33291,69179,58432,63529,121961,86422,104321,190743,101233,118036,219269,84080,100499,184579,60837,74837,135674,42397,49587,91984,21918,26539,48457,8049,14346,22395,1515,4842,6357,500771,589827,1090598
