FECHA,<=10M,<=10F,<=10,11-20M,11-20F,11-20,21-30M,21-30F,21-30,31-40M,31-40F,31-40,41-50M,41-50F,41-50,51-60M,51-60F,51-60,61-70M,61-70F,61-70,71-80M,71-80F,71-80,81-90M,81-90F,81-90,>=91M,>=91F,>=91,TotalM,TotalF,Total,DelayCount,CumDelay,DelayAvg
2020-03-15,1,0,1,1,2,3,0,2,2,2,1,3,1,1,2,1,0,1,1,1,2,1,0,1,0,0,0,0,0,0,8,7,15,15,44,2.933333333333333
2020-03-16,1,3,4,1,1,2,1,3,4,1,1,2,0,2,2,3,1,4,2,3,5,0,0,0,0,0,0,0,0,0,9,14,23,23,78,3.391304347826087
2020-03-17,1,4,5,1,2,3,2,1,3,1,3,4,2,4,6,0,2,2,2,2,4,2,3,5,1,0,1,0,0,0,12,21,33,33,405,12.272727272727273
2020-03-18,3,1,4,1,0,1,1,0,1,2,1,3,1,3,4,1,1,2,1,2,3,1,0,1,1,0,1,0,0,0,12,8,20,20,36,1.8
2020-03-19,3,1,4,0,0,0,3,2,5,3,3,6,2,1,3,0,0,0,1,1,2,1,1,2,0,0,0,1,0,1,14,9,23,23,56,2.4347826086956523
2020-03-20,1,1,2,1,0,1,2,0,2,1,3,4,0,2,2,0,1,1,1,1,2,2,2,4,1,0,1,0,0,0,9,10,19,19,34,1.7894736842105263
2020-03-21,1,0,1,2,1,3,2,4,6,4,2,6,2,1,3,1,0,1,2,2,4,1,1,2,1,0,1,1,0,1,17,11,28,28,75,2.6785714285714284
2020-03-22,3,1,4,0,0,0,4,2,6,0,0,0,1,0,1,2,1,3,0,2,2,2,1,3,3,2,5,0,1,1,15,10,25,25,55,2.2
2020-03-23,4,1,5,1,2,3,2,2,4,4,2,6,2,3,5,2,3,5,2,2,4,5,3,8,3,3,6,0,2,2,25,23,48,48,86,1.7916666666666667
2020-03-24,2,1,3,0,0,0,2,3,5,3,2,5,0,3,3,2,2,4,0,0,0,2,0,2,2,1,3,1,0,1,14,12,26,26,38,1.4615384615384615
2020-03-25,1,4,5,0,2,2,2,2,4,2,7,9,1,1,2,1,3,4,3,1,4,2,2,4,2,5,7,2,0,2,16,27,43,43,101,2.3488372093023258
2020-03-26,4,3,7,2,2,4,2,2,4,4,4,8,3,4,7,4,2,6,1,4,5,4,3,7,6,0,6,1,1,2,31,25,56,56,190,3.392857142857143
2020-03-27,3,3,6,0,2,2,1,2,3,6,1,7,2,6,8,2,3,5,4,5,9,6,6,12,3,3,6,2,5,7,29,36,65,65,144,2.2153846153846155
2020-03-28,2,1,3,0,0,0,3,2,5,4,3,7,1,1,2,4,2,6,4,0,4,4,7,11,3,1,4,0,0,0,25,17,42,42,132,3.142857142857143
2020-03-29,2,0,2,2,1,3,2,3,5,3,3,6,3,3,6,1,0,1,5,4,9,4,2,6,4,1,5,2,1,3,28,18,46,46,106,2.3043478260869565
2020-03-30,3,2,5,0,0,0,1,7,8,8,2,10,5,4,9,3,2,5,7,2,9,3,6,9,4,1,5,3,2,5,37,28,65,65,128,1.9692307692307693
2020-03-31,9,4,13,1,1,2,7,3,10,12,5,17,7,4,11,5,1,6,6,3,9,7,3,10,1,3,4,4,0,4,59,27,86,86,176,2.046511627906977
2020-04-01,11,10,21,1,2,3,8,4,12,11,2,13,14,7,21,5,10,15,4,3,7,7,4,11,6,5,11,0,1,1,67,48,115,115,237,2.0608695652173914
2020-04-02,10,9,19,2,4,6,5,7,12,8,6,14,3,8,11,3,15,18,9,6,15,8,6,14,5,7,12,3,3,6,56,71,127,127,218,1.7165354330708662
2020-04-03,21,9,30,5,4,9,7,7,14,8,11,19,11,12,23,5,8,13,8,5,13,7,5,12,6,6,12,1,5,6,79,72,151,151,315,2.0860927152317883
2020-04-04,11,14,25,3,4,7,4,7,11,7,13,20,9,6,15,7,1,8,6,3,9,2,5,7,4,2,6,1,3,4,54,58,112,112,217,1.9375
2020-04-05,9,10,19,5,5,10,8,2,10,7,6,13,10,7,17,4,8,12,2,11,13,6,8,14,3,4,7,2,2,4,56,63,119,119,207,1.7394957983193278
2020-04-06,12,10,22,4,4,8,10,6,16,12,7,19,13,4,17,11,6,17,8,9,17,9,5,14,7,4,11,1,3,4,87,58,145,145,212,1.4620689655172414
2020-04-07,12,11,23,5,4,9,6,5,11,8,8,16,7,7,14,10,3,13,4,4,8,9,9,18,6,10,16,2,1,3,69,62,131,131,146,1.1145038167938932
2020-04-08,11,10,21,4,3,7,5,9,14,7,3,10,9,6,15,9,8,17,9,9,18,11,5,16,1,4,5,3,4,7,69,61,130,130,166,1.2769230769230768
2020-04-09,5,6,11,3,4,7,5,8,13,15,10,25,5,11,16,8,8,16,7,4,11,7,10,17,5,8,13,4,5,9,64,74,138,138,200,1.4492753623188406
2020-04-10,20,6,26,6,4,10,2,6,8,5,5,10,11,2,13,4,7,11,8,1,9,1,10,11,5,9,14,1,4,5,63,54,117,117,155,1.3247863247863247
2020-04-11,10,7,17,5,5,10,7,6,13,10,4,14,7,4,11,4,6,10,4,5,9,7,3,10,4,8,12,1,3,4,59,51,110,110,138,1.2545454545454546
2020-04-12,10,8,18,3,0,3,5,5,10,9,7,16,4,7,11,11,4,15,3,5,8,4,9,13,4,4,8,0,2,2,53,51,104,104,162,1.5576923076923077
2020-04-13,9,12,21,9,4,13,11,11,22,8,13,21,9,10,19,6,7,13,11,8,19,6,9,15,9,10,19,3,5,8,81,89,170,170,208,1.223529411764706
2020-04-14,18,6,24,4,1,5,12,7,19,10,6,16,8,10,18,12,10,22,7,6,13,9,5,14,7,5,12,3,4,7,90,60,150,150,150,1.0
2020-04-15,9,7,16,4,7,11,6,7,13,7,9,16,8,15,23,6,13,19,10,6,16,10,5,15,7,6,13,5,3,8,72,78,150,150,212,1.4133333333333333
2020-04-16,15,4,19,6,5,11,9,7,16,13,17,30,12,16,28,9,13,22,4,9,13,7,4,11,4,5,9,0,4,4,79,84,163,163,174,1.0674846625766872
2020-04-17,17,12,29,6,7,13,5,6,11,9,23,32,14,11,25,10,11,21,7,8,15,16,10,26,5,8,13,1,3,4,90,99,189,189,257,1.3597883597883598
2020-04-18,13,11,24,6,2,8,11,8,19,20,10,30,12,6,18,7,4,11,2,4,6,7,10,17,5,10,15,3,4,7,86,69,155,155,237,1.5290322580645161
2020-04-19,11,11,22,4,2,6,5,4,9,8,5,13,7,7,14,5,9,14,10,8,18,5,8,13,5,7,12,1,1,2,61,62,123,123,155,1.2601626016260163
2020-04-20,16,11,27,12,9,21,17,10,27,13,11,24,14,11,25,13,11,24,13,10,23,15,12,27,10,10,20,5,14,19,128,109,237,237,274,1.1561181434599157
2020-04-21,14,9,23,7,8,15,15,8,23,9,20,29,5,8,13,8,10,18,9,7,16,15,12,27,7,10,17,2,10,12,91,102,193,193,223,1.1554404145077721
2020-04-22,15,11,26,4,7,11,8,11,19,14,5,19,14,10,24,8,13,21,12,5,17,5,13,18,9,12,21,7,6,13,96,93,189,189,277,1.4656084656084656
2020-04-23,18,16,34,5,4,9,9,15,24,12,10,22,10,13,23,5,16,21,9,7,16,11,8,19,11,11,22,6,9,15,96,109,205,205,201,0.9804878048780488
2020-04-24,19,12,31,7,6,13,13,14,27,17,18,35,9,12,21,10,12,22,7,11,18,11,12,23,10,14,24,3,3,6,106,114,220,220,237,1.0772727272727274
2020-04-25,14,10,24,4,1,5,6,11,17,14,10,24,5,10,15,5,8,13,6,5,11,6,7,13,11,17,28,4,4,8,75,83,158,158,149,0.9430379746835443
2020-04-26,12,17,29,6,8,14,7,3,10,6,4,10,8,8,16,4,6,10,9,8,17,7,6,13,7,7,14,1,3,4,67,70,137,137,115,0.8394160583941606
2020-04-27,14,15,29,6,4,10,9,11,20,6,17,23,5,17,22,12,12,24,8,8,16,19,6,25,11,16,27,3,4,7,93,110,203,203,167,0.8226600985221675
2020-04-28,21,10,31,7,5,12,16,14,30,14,15,29,10,16,26,8,13,21,7,8,15,3,12,15,6,15,21,2,4,6,94,112,206,206,157,0.7621359223300971
2020-04-29,26,12,38,6,6,12,17,10,27,19,22,41,14,13,27,9,13,22,6,7,13,12,7,19,4,14,18,4,10,14,117,114,231,231,184,0.7965367965367965
2020-04-30,21,11,32,9,2,11,10,10,20,14,12,26,13,10,23,14,14,28,10,9,19,8,12,20,12,18,30,7,8,15,118,106,224,224,180,0.8035714285714286
2020-05-01,3,15,18,6,6,12,1,7,8,14,14,28,12,8,20,10,6,16,10,6,16,7,10,17,9,11,20,0,2,2,72,85,157,157,136,0.8662420382165605
2020-05-02,7,17,24,6,7,13,10,5,15,11,8,19,6,7,13,8,3,11,4,6,10,8,2,10,6,12,18,1,4,5,67,71,138,138,134,0.9710144927536232
2020-05-03,8,13,21,5,4,9,7,7,14,10,8,18,8,7,15,8,2,10,8,6,14,6,10,16,7,8,15,3,5,8,70,70,140,140,115,0.8214285714285714
2020-05-04,22,21,43,5,4,9,13,12,25,15,14,29,10,9,19,10,5,15,9,12,21,15,18,33,8,16,24,2,5,7,109,116,225,225,166,0.7377777777777778
2020-05-05,17,13,30,9,3,12,14,13,27,13,14,27,8,19,27,12,9,21,12,8,20,15,11,26,7,15,22,1,9,10,108,114,222,222,138,0.6216216216216216
2020-05-06,14,18,32,6,3,9,15,7,22,17,19,36,21,11,32,9,7,16,12,13,25,19,15,34,7,15,22,4,6,10,124,114,238,238,161,0.6764705882352942
2020-05-07,17,12,29,10,6,16,15,11,26,13,16,29,20,13,33,6,9,15,9,9,18,18,8,26,9,14,23,1,7,8,118,105,223,223,163,0.7309417040358744
2020-05-08,19,13,32,8,6,14,15,8,23,15,18,33,19,18,37,18,7,25,10,11,21,13,10,23,10,12,22,3,12,15,130,115,245,245,268,1.0938775510204082
2020-05-09,21,12,33,4,2,6,7,15,22,8,13,21,10,13,23,7,6,13,7,7,14,13,3,16,5,12,17,5,9,14,87,92,179,179,159,0.888268156424581
2020-05-10,9,9,18,2,4,6,10,11,21,7,10,17,7,12,19,3,6,9,11,8,19,7,13,20,6,13,19,1,5,6,63,91,154,153,128,0.8366013071895425
2020-05-11,20,19,39,7,5,12,12,17,29,15,16,31,17,17,34,10,10,20,10,8,18,13,10,23,12,17,29,4,18,22,120,137,257,257,185,0.7198443579766537
2020-05-12,22,11,33,9,10,19,31,26,57,27,15,42,10,17,27,6,5,11,11,9,20,9,10,19,10,14,24,5,13,18,140,130,270,270,188,0.6962962962962963
2020-05-13,28,19,47,9,10,19,24,18,42,20,23,43,19,8,27,12,10,22,10,11,21,10,10,20,8,17,25,1,8,9,141,134,275,275,255,0.9272727272727272
2020-05-14,23,30,53,12,19,31,14,27,41,26,27,53,14,11,25,11,18,29,13,13,26,10,11,21,12,15,27,2,14,16,137,185,322,322,276,0.8571428571428571
2020-05-15,20,24,44,9,6,15,7,18,25,22,22,44,12,23,35,16,7,23,11,8,19,8,6,14,9,21,30,5,10,15,119,145,264,263,227,0.8631178707224335
2020-05-16,15,18,33,8,9,17,7,15,22,12,24,36,11,13,24,7,8,15,7,6,13,9,7,16,6,7,13,4,13,17,86,120,206,206,253,1.2281553398058251
2020-05-17,23,13,36,4,9,13,13,14,27,11,14,25,10,13,23,5,4,9,8,7,15,7,5,12,11,13,24,3,3,6,95,95,190,190,140,0.7368421052631579
2020-05-18,22,27,49,11,16,27,32,27,59,24,31,55,17,23,40,21,13,34,15,16,31,17,13,30,17,13,30,1,11,12,177,190,367,367,262,0.7138964577656676
2020-05-19,23,21,44,16,17,33,31,29,60,40,30,70,29,22,51,23,16,39,18,14,32,15,23,38,12,22,34,5,10,15,212,204,416,416,277,0.6658653846153846
2020-05-20,34,44,78,17,17,34,31,29,60,49,32,81,28,21,49,18,14,32,23,18,41,13,11,24,12,16,28,6,5,11,231,207,438,438,270,0.6164383561643836
2020-05-21,39,36,75,20,16,36,40,38,78,32,42,74,25,27,52,19,15,34,16,6,22,15,10,25,10,17,27,1,4,5,217,211,428,428,222,0.5186915887850467
2020-05-22,39,18,57,17,20,37,38,36,74,32,31,63,27,22,49,15,13,28,10,10,20,10,11,21,8,17,25,6,12,18,202,190,392,392,186,0.4744897959183674
2020-05-23,22,21,43,18,18,36,29,27,56,34,21,55,16,19,35,10,11,21,14,9,23,8,14,22,9,6,15,2,2,4,162,148,310,310,179,0.5774193548387097
2020-05-24,17,22,39,11,9,20,19,13,32,16,19,35,13,5,18,10,5,15,12,10,22,11,9,20,6,14,20,2,6,8,117,112,229,229,152,0.6637554585152838
2020-05-25,32,27,59,21,30,51,26,37,63,20,26,46,22,13,35,5,9,14,10,9,19,10,7,17,10,14,24,2,9,11,158,181,339,339,189,0.5575221238938053
2020-05-26,45,38,83,27,23,50,52,53,105,52,49,101,24,38,62,16,26,42,14,8,22,15,6,21,10,14,24,4,11,15,259,266,525,525,357,0.68
2020-05-27,48,44,92,12,18,30,27,39,66,33,33,66,26,17,43,21,19,40,11,9,20,8,16,24,4,15,19,4,2,6,194,212,406,406,281,0.6921182266009852
2020-05-28,30,44,74,21,15,36,39,47,86,32,36,68,30,31,61,16,22,38,9,15,24,11,8,19,14,19,33,4,12,16,206,249,455,455,333,0.7318681318681318
2020-05-29,45,36,81,23,20,43,45,44,89,35,53,88,34,31,65,17,21,38,17,15,32,18,15,33,14,16,30,1,4,5,249,255,504,504,372,0.7380952380952381
2020-05-30,34,27,61,17,14,31,42,29,71,37,20,57,20,23,43,16,16,32,10,10,20,12,11,23,8,13,21,1,7,8,197,170,367,365,163,0.4465753424657534
2020-05-31,28,17,45,16,13,29,15,16,31,25,14,39,17,14,31,7,12,19,8,7,15,11,5,16,7,10,17,0,8,8,134,116,250,250,127,0.508
2020-06-01,40,33,73,25,21,46,35,53,88,31,43,74,22,31,53,20,18,38,25,17,42,12,9,21,9,11,20,4,3,7,223,239,462,462,294,0.6363636363636364
2020-06-02,45,37,82,21,24,45,43,35,78,29,29,58,21,24,45,15,20,35,13,11,24,26,14,40,9,19,28,4,13,17,226,226,452,452,274,0.6061946902654868
2020-06-03,40,25,65,17,36,53,38,32,70,33,42,75,28,31,59,13,14,27,19,15,34,18,12,30,11,16,27,2,9,11,219,232,451,451,246,0.5454545454545454
2020-06-04,40,36,76,21,28,49,40,36,76,20,37,57,24,23,47,30,20,50,12,10,22,22,13,35,11,20,31,2,9,11,222,232,454,451,264,0.5853658536585366
2020-06-05,46,42,88,16,23,39,41,38,79,37,44,81,36,34,70,28,29,57,19,15,34,18,15,33,13,23,36,3,10,13,257,273,530,530,425,0.8018867924528302
2020-06-06,36,26,62,17,13,30,22,26,48,32,34,66,18,20,38,14,13,27,12,15,27,13,8,21,12,19,31,1,10,11,177,184,361,356,253,0.7106741573033708
2020-06-07,25,24,49,18,14,32,25,25,50,22,28,50,21,9,30,13,12,25,9,5,14,9,7,16,11,11,22,2,8,10,155,143,298,294,171,0.5816326530612245
2020-06-08,35,38,73,24,25,49,48,38,86,48,49,97,39,30,69,20,27,47,19,17,36,20,15,35,12,19,31,3,9,12,268,267,535,533,341,0.6397748592870544
2020-06-09,58,38,96,26,26,52,24,47,71,42,39,81,38,30,68,25,14,39,12,12,24,14,21,35,12,29,41,4,11,15,255,267,522,518,396,0.7644787644787645
2020-06-10,28,44,72,16,21,37,51,31,82,44,49,93,40,30,70,27,26,53,24,19,43,22,28,50,6,20,26,6,15,21,264,283,547,547,361,0.659963436928702
2020-06-11,42,46,88,18,25,43,40,42,82,51,44,95,26,37,63,20,36,56,13,25,38,17,19,36,8,29,37,4,15,19,239,318,557,557,362,0.6499102333931778
2020-06-12,50,50,100,17,31,48,63,51,114,52,69,121,45,55,100,28,28,56,32,23,55,18,17,35,7,22,29,6,10,16,318,356,674,674,438,0.6498516320474778
2020-06-13,36,29,65,25,21,46,41,49,90,40,41,81,17,39,56,25,21,46,14,10,24,13,9,22,9,18,27,2,7,9,222,244,466,466,345,0.740343347639485
2020-06-14,23,35,58,21,25,46,32,23,55,21,26,47,22,17,39,17,24,41,11,6,17,5,16,21,14,19,33,0,8,8,166,199,365,365,243,0.6657534246575343
2020-06-15,40,37,77,30,26,56,39,37,76,32,35,67,20,25,45,14,17,31,16,6,22,12,12,24,7,14,21,2,10,12,212,219,431,431,261,0.605568445475638
2020-06-16,56,63,119,26,28,54,72,58,130,57,48,105,47,32,79,25,26,51,16,15,31,16,7,23,14,26,40,3,14,17,332,317,649,649,421,0.6486902927580893
2020-06-17,45,51,96,27,32,59,62,53,115,52,62,114,44,37,81,32,18,50,20,17,37,10,20,30,19,16,35,2,9,11,313,315,628,628,476,0.7579617834394905
2020-06-18,57,49,106,26,21,47,73,67,140,63,70,133,60,31,91,42,30,72,20,24,44,19,15,34,14,25,39,3,11,14,377,343,720,720,614,0.8527777777777777
2020-06-19,61,39,100,17,34,51,56,62,118,80,69,149,45,52,97,48,36,84,30,20,50,22,20,42,18,22,40,7,13,20,384,367,751,751,752,1.0013315579227697
2020-06-20,34,40,74,21,25,46,43,35,78,46,41,87,29,42,71,18,28,46,21,17,38,12,10,22,8,17,25,5,5,10,237,260,497,497,283,0.5694164989939637
2020-06-21,36,27,63,20,19,39,32,43,75,26,44,70,24,15,39,18,11,29,11,11,22,11,6,17,7,9,16,1,7,8,186,192,378,378,166,0.43915343915343913
2020-06-22,57,46,103,30,37,67,55,64,119,64,51,115,48,50,98,30,44,74,21,24,45,20,17,37,8,26,34,2,13,15,335,372,707,707,431,0.6096181046676096
2020-06-23,55,54,109,34,35,69,61,59,120,75,59,134,49,56,105,29,45,74,25,23,48,14,15,29,14,18,32,3,6,9,359,370,729,729,404,0.5541838134430727
2020-06-24,51,54,105,30,30,60,65,65,130,53,71,124,51,50,101,32,45,77,18,23,41,12,16,28,15,18,33,2,4,6,329,376,705,705,341,0.4836879432624113
2020-06-25,56,63,119,39,45,84,59,64,123,58,53,111,50,42,92,42,40,82,15,17,32,13,20,33,11,14,25,4,6,10,347,364,711,711,485,0.6821378340365682
2020-06-26,55,49,104,37,30,67,73,73,146,57,64,121,49,46,95,24,41,65,27,25,52,13,16,29,12,23,35,2,9,11,349,376,725,725,367,0.5062068965517241
2020-06-27,67,66,133,38,47,85,43,64,107,42,51,93,36,36,72,24,21,45,22,10,32,5,15,20,7,7,14,4,6,10,288,323,611,611,317,0.5188216039279869
2020-06-28,46,26,72,16,22,38,26,54,80,34,45,79,26,27,53,26,19,45,12,8,20,9,11,20,9,14,23,6,6,12,210,232,442,442,222,0.502262443438914
2020-06-29,52,54,106,39,49,88,60,51,111,66,57,123,37,41,78,24,40,64,26,13,39,15,19,34,14,20,34,2,9,11,335,353,688,688,392,0.5697674418604651
2020-06-30,35,50,85,21,34,55,73,56,129,43,63,106,50,41,91,36,36,72,28,13,41,19,12,31,6,19,25,2,10,12,313,334,647,646,328,0.5077399380804953
2020-07-01,50,43,93,21,39,60,74,61,135,56,57,113,40,46,86,33,38,71,22,22,44,15,18,33,9,22,31,3,7,10,323,353,676,675,369,0.5466666666666666
2020-07-02,67,61,128,33,38,71,64,74,138,57,65,122,52,49,101,33,27,60,26,21,47,16,21,37,13,14,27,5,7,12,366,377,743,743,295,0.39703903095558546
2020-07-03,64,45,109,37,28,65,56,57,113,71,84,155,39,46,85,34,35,69,25,16,41,16,18,34,14,17,31,3,4,7,359,350,709,709,349,0.4922425952045134
2020-07-04,42,41,83,26,27,53,51,60,111,40,47,87,34,34,68,28,22,50,13,13,26,13,20,33,7,11,18,3,7,10,257,282,539,539,208,0.38589981447124305
2020-07-05,31,39,70,27,19,46,39,45,84,40,58,98,20,36,56,21,25,46,24,23,47,18,15,33,11,21,32,4,8,12,235,289,524,524,244,0.46564885496183206
2020-07-06,41,37,78,25,22,47,63,67,130,69,54,123,51,66,117,40,39,79,27,30,57,23,32,55,11,33,44,3,14,17,353,394,747,747,274,0.3668005354752343
2020-07-07,63,72,135,39,43,82,73,74,147,80,73,153,44,51,95,39,42,81,23,19,42,15,14,29,10,25,35,7,12,19,393,425,818,818,319,0.3899755501222494
2020-07-08,55,41,96,35,34,69,73,70,143,66,73,139,60,70,130,34,48,82,21,21,42,19,24,43,12,25,37,4,17,21,379,423,802,802,353,0.4401496259351621
2020-07-09,40,33,73,22,21,43,46,45,91,65,47,112,47,44,91,21,21,42,13,19,32,13,26,39,10,23,33,6,10,16,283,289,572,572,214,0.3741258741258741
2020-07-10,41,31,72,28,30,58,52,59,111,45,62,107,37,36,73,26,34,60,23,21,44,19,14,33,11,19,30,1,12,13,283,318,601,601,221,0.36772046589018303
2020-07-11,36,46,82,25,19,44,35,51,86,46,48,94,40,46,86,28,32,60,22,22,44,15,31,46,9,24,33,3,16,19,259,335,594,594,305,0.5134680134680135
2020-07-12,31,21,52,16,18,34,36,34,70,41,39,80,30,28,58,12,21,33,15,16,31,11,13,24,7,16,23,4,7,11,203,213,416,416,154,0.3701923076923077
2020-07-13,49,56,105,32,37,69,64,70,134,68,65,133,62,72,134,40,62,102,44,33,77,26,42,68,15,53,68,3,25,28,403,515,918,918,508,0.5533769063180828
2020-07-14,56,43,99,35,30,65,57,60,117,99,89,188,77,56,133,50,33,83,41,32,73,29,31,60,20,21,41,6,16,22,470,411,881,881,373,0.42338251986379116
2020-07-15,57,58,115,59,46,105,81,120,201,107,139,246,85,88,173,44,70,114,34,31,65,22,29,51,18,23,41,7,12,19,514,616,1130,1130,475,0.42035398230088494
2020-07-16,61,41,102,41,62,103,87,106,193,101,96,197,77,106,183,43,71,114,31,31,62,19,35,54,21,40,61,3,26,29,484,614,1098,1098,631,0.5746812386156649
2020-07-17,65,62,127,41,45,86,79,106,185,91,112,203,71,116,187,57,70,127,40,46,86,19,25,44,21,21,42,4,9,13,488,612,1100,1100,514,0.4672727272727273
2020-07-18,43,49,92,36,35,71,79,85,164,84,106,190,48,74,122,43,43,86,32,35,67,23,14,37,16,24,40,2,7,9,406,472,878,878,485,0.5523917995444191
2020-07-19,43,47,90,28,32,60,47,62,109,57,77,134,41,53,94,37,44,81,30,20,50,18,12,30,10,22,32,3,7,10,314,376,690,690,290,0.42028985507246375
2020-07-20,84,61,145,58,64,122,93,105,198,90,142,232,85,110,195,51,75,126,41,55,96,29,31,60,23,23,46,3,14,17,557,680,1237,1237,518,0.41875505254648343
2020-07-21,56,53,109,48,43,91,100,95,195,121,121,242,82,85,167,61,72,133,37,42,79,32,29,61,15,33,48,5,11,16,557,584,1141,1140,507,0.44473684210526315
2020-07-22,85,57,142,50,56,106,125,128,253,118,132,250,93,95,188,62,70,132,27,38,65,33,30,63,18,44,62,2,11,13,613,661,1274,1274,583,0.4576138147566719
2020-07-23,71,62,133,41,58,99,109,126,235,111,151,262,70,96,166,56,68,124,31,35,66,21,26,47,9,25,34,7,11,18,526,658,1184,1184,581,0.4907094594594595
2020-07-24,55,61,116,47,42,89,105,114,219,105,130,235,87,93,180,60,66,126,48,26,74,24,29,53,13,34,47,2,14,16,546,609,1155,1155,620,0.5367965367965368
2020-07-25,57,44,101,37,30,67,69,89,158,89,102,191,66,69,135,40,49,89,24,37,61,20,30,50,13,23,36,6,6,12,421,479,900,900,513,0.57
2020-07-26,48,43,91,22,28,50,54,56,110,50,65,115,50,52,102,32,43,75,18,18,36,17,15,32,9,25,34,6,8,14,306,353,659,659,334,0.5068285280728376
2020-07-27,47,49,96,45,45,90,80,112,192,112,120,232,80,101,181,69,97,166,37,51,88,22,32,54,21,25,46,5,24,29,518,656,1174,1174,541,0.4608177172061329
2020-07-28,66,63,129,46,44,90,122,152,274,118,132,250,93,106,199,81,85,166,51,48,99,27,41,68,16,38,54,7,21,28,627,730,1357,1357,528,0.38909358879882094
2020-07-29,70,65,135,44,49,93,126,133,259,110,136,246,109,114,223,62,67,129,41,51,92,31,26,57,22,47,69,11,30,41,626,718,1344,1344,559,0.41592261904761907
2020-07-30,75,56,131,56,68,124,152,135,287,128,125,253,115,90,205,65,73,138,43,44,87,23,25,48,14,26,40,3,9,12,674,651,1325,1325,598,0.45132075471698113
2020-07-31,59,69,128,39,42,81,109,145,254,136,156,292,95,96,191,59,75,134,44,51,95,25,31,56,13,41,54,7,27,34,586,733,1319,1319,681,0.5163002274450341
2020-08-01,46,39,85,30,43,73,80,105,185,85,113,198,65,83,148,55,66,121,28,19,47,25,24,49,15,32,47,1,21,22,430,545,975,975,521,0.5343589743589744
2020-08-02,51,41,92,39,34,73,67,69,136,75,76,151,53,79,132,31,48,79,18,32,50,18,26,44,17,33,50,4,13,17,373,451,824,824,365,0.4429611650485437
2020-08-03,63,74,137,46,58,104,104,120,224,108,133,241,95,123,218,57,69,126,46,39,85,17,35,52,22,50,72,5,28,33,563,729,1292,1292,702,0.5433436532507739
2020-08-04,76,61,137,64,67,131,135,130,265,122,141,263,92,130,222,68,79,147,49,48,97,26,40,66,24,53,77,6,25,31,662,774,1436,1436,650,0.45264623955431754
2020-08-05,70,72,142,64,48,112,123,149,272,125,137,262,89,119,208,87,96,183,42,48,90,29,35,64,21,33,54,5,13,18,655,750,1405,1404,899,0.6403133903133903
2020-08-06,73,61,134,50,62,112,119,138,257,131,157,288,106,116,222,70,82,152,45,43,88,30,36,66,22,47,69,7,20,27,653,762,1415,1414,920,0.6506364922206507
2020-08-07,85,70,155,52,49,101,113,148,261,134,167,301,93,136,229,67,88,155,37,54,91,33,46,79,15,49,64,5,17,22,634,824,1458,1458,763,0.5233196159122085
2020-08-08,52,48,100,37,44,81,68,85,153,111,130,241,71,97,168,53,63,116,43,37,80,27,32,59,15,43,58,1,25,26,478,604,1082,1082,360,0.33271719038817005
2020-08-09,40,38,78,32,31,63,73,94,167,80,83,163,60,98,158,47,57,104,30,28,58,30,35,65,21,61,82,5,26,31,418,551,969,969,346,0.3570691434468524
2020-08-10,86,74,160,68,72,140,144,149,293,134,156,290,113,138,251,80,104,184,46,45,91,20,35,55,20,39,59,8,22,30,719,834,1553,1553,602,0.38763683193818416
2020-08-11,70,64,134,67,55,122,147,151,298,167,153,320,123,145,268,82,83,165,56,62,118,45,69,114,20,69,89,10,39,49,787,890,1677,1677,705,0.4203935599284436
2020-08-12,65,71,136,67,74,141,128,160,288,135,207,342,120,137,257,82,97,179,48,45,93,18,33,51,12,24,36,6,19,25,681,867,1548,1548,603,0.38953488372093026
2020-08-13,58,62,120,68,64,132,170,188,358,165,228,393,121,155,276,81,109,190,41,54,95,36,35,71,15,30,45,5,16,21,760,941,1701,1701,672,0.3950617283950617
2020-08-14,51,59,110,49,61,110,174,205,379,144,196,340,136,150,286,83,101,184,51,53,104,32,39,71,18,33,51,2,16,18,740,913,1653,1653,671,0.4059286146400484
2020-08-15,68,45,113,58,51,109,73,130,203,109,161,270,87,117,204,52,75,127,41,46,87,27,48,75,16,63,79,4,27,31,535,763,1298,1298,546,0.4206471494607088
2020-08-16,42,34,76,27,32,59,92,97,189,81,100,181,47,76,123,41,55,96,15,33,48,19,24,43,16,38,54,2,26,28,382,515,897,896,378,0.421875
2020-08-17,51,31,82,41,45,86,104,120,224,122,132,254,100,109,209,71,91,162,30,54,84,24,23,47,12,41,53,0,19,19,555,665,1220,1220,508,0.4163934426229508
2020-08-18,72,61,133,64,59,123,134,143,277,150,174,324,125,130,255,69,119,188,47,57,104,30,45,75,16,40,56,1,25,26,708,853,1561,1561,554,0.35490070467648943
2020-08-19,66,56,122,67,70,137,117,166,283,126,150,276,103,128,231,75,82,157,36,44,80,28,51,79,18,50,68,6,28,34,642,825,1467,1467,474,0.3231083844580777
2020-08-20,54,56,110,52,51,103,132,154,286,107,168,275,90,97,187,75,73,148,39,60,99,28,37,65,26,39,65,3,23,26,606,758,1364,1364,568,0.41642228739002934
2020-08-21,55,63,118,58,57,115,116,147,263,131,173,304,121,122,243,70,97,167,46,59,105,36,53,89,20,52,72,6,17,23,659,840,1499,1499,642,0.428285523682455
2020-08-22,41,37,78,46,41,87,87,104,191,81,136,217,85,91,176,55,49,104,38,49,87,20,41,61,16,29,45,6,22,28,475,599,1074,1074,502,0.46741154562383613
2020-08-23,45,48,93,38,30,68,64,95,159,67,98,165,67,76,143,41,63,104,32,33,65,19,27,46,15,21,36,5,6,11,393,497,890,890,293,0.3292134831460674
2020-08-24,78,83,161,62,67,129,116,150,266,160,173,333,104,131,235,77,91,168,50,65,115,30,45,75,20,35,55,6,19,25,703,859,1562,1562,662,0.4238156209987196
2020-08-25,66,69,135,52,64,116,125,183,308,147,187,334,123,137,260,62,96,158,50,57,107,34,26,60,21,40,61,6,18,24,686,877,1563,1563,648,0.4145873320537428
2020-08-26,68,49,117,58,77,135,158,165,323,146,172,318,84,138,222,75,91,166,49,63,112,38,49,87,22,48,70,4,22,26,702,874,1576,1576,609,0.3864213197969543
2020-08-27,73,64,137,77,87,164,155,161,316,129,169,298,113,145,258,75,93,168,38,56,94,35,34,69,24,47,71,3,28,31,722,884,1606,1606,618,0.3848069738480697
2020-08-28,58,57,115,71,67,138,189,205,394,141,179,320,121,194,315,78,120,198,53,63,116,45,47,92,22,47,69,5,20,25,783,999,1782,1782,832,0.4668911335578002
2020-08-29,44,34,78,41,61,102,116,143,259,110,167,277,115,112,227,59,83,142,47,37,84,34,37,71,14,49,63,5,29,34,585,752,1337,1337,695,0.5198204936424832
2020-08-30,34,58,92,47,50,97,82,108,190,93,88,181,72,91,163,53,54,107,33,34,67,18,27,45,8,19,27,4,9,13,444,538,982,982,345,0.3513238289205703
2020-08-31,64,46,110,64,59,123,136,140,276,146,160,306,99,137,236,75,92,167,44,59,103,40,46,86,23,43,66,2,12,14,693,794,1487,1487,812,0.5460659045057162
2020-09-01,65,66,131,50,80,130,157,167,324,165,191,356,121,128,249,81,111,192,40,44,84,25,33,58,17,49,66,7,22,29,728,891,1619,1618,684,0.4227441285537701
2020-09-02,57,43,100,40,54,94,117,155,272,131,174,305,101,111,212,77,89,166,39,55,94,41,38,79,17,43,60,6,33,39,626,795,1421,1421,747,0.525686136523575
2020-09-03,73,59,132,68,66,134,140,189,329,182,194,376,128,133,261,82,102,184,45,61,106,35,46,81,22,46,68,4,17,21,779,913,1692,1692,653,0.3859338061465721
2020-09-04,66,68,134,59,65,124,142,180,322,162,207,369,125,167,292,80,110,190,65,65,130,39,44,83,24,38,62,5,18,23,767,962,1729,1729,752,0.4349334875650665
2020-09-05,44,42,86,34,42,76,124,133,257,107,141,248,80,136,216,59,80,139,49,55,104,27,28,55,18,25,43,4,9,13,546,691,1237,1237,708,0.5723524656426839
2020-09-06,39,40,79,40,47,87,72,114,186,73,99,172,57,78,135,43,67,110,28,32,60,12,40,52,14,23,37,1,8,9,379,548,927,927,390,0.42071197411003236
2020-09-07,63,57,120,70,69,139,144,169,313,159,194,353,138,153,291,78,120,198,67,61,128,39,40,79,19,47,66,6,18,24,783,928,1711,1711,761,0.44476914085330216
2020-09-08,55,63,118,59,70,129,127,171,298,174,186,360,127,140,267,91,102,193,54,79,133,42,49,91,25,37,62,7,22,29,761,919,1680,1680,764,0.45476190476190476
2020-09-09,62,63,125,69,76,145,157,177,334,161,188,349,122,141,263,94,105,199,58,68,126,31,38,69,18,44,62,1,20,21,773,920,1693,1693,858,0.5067926757235677
2020-09-10,56,39,95,72,60,132,185,189,374,173,229,402,139,165,304,101,98,199,54,70,124,42,56,98,13,57,70,5,32,37,840,995,1835,1835,920,0.5013623978201635
2020-09-11,58,53,111,81,78,159,149,151,300,147,212,359,118,150,268,80,115,195,61,59,120,44,38,82,22,37,59,2,10,12,762,903,1665,1665,901,0.5411411411411411
2020-09-12,51,33,84,46,40,86,80,113,193,103,117,220,63,98,161,51,81,132,51,45,96,28,33,61,13,43,56,3,16,19,489,619,1108,1108,552,0.4981949458483754
2020-09-13,55,41,96,40,40,80,78,111,189,82,123,205,57,85,142,55,63,118,52,40,92,23,15,38,3,19,22,5,9,14,450,546,996,996,396,0.39759036144578314
2020-09-14,69,60,129,57,69,126,151,182,333,150,183,333,112,142,254,92,114,206,70,78,148,39,38,77,28,31,59,0,19,19,768,916,1684,1684,725,0.4305225653206651
2020-09-15,73,40,113,54,60,114,134,132,266,143,189,332,108,132,240,64,88,152,63,73,136,41,53,94,18,61,79,4,26,30,702,854,1556,1556,800,0.5141388174807198
2020-09-16,78,70,148,82,87,169,166,202,368,151,197,348,118,146,264,81,100,181,62,69,131,33,38,71,19,47,66,4,15,19,794,971,1765,1765,642,0.36373937677053825
2020-09-17,65,60,125,50,85,135,153,158,311,137,172,309,135,170,305,82,115,197,69,68,137,41,45,86,23,39,62,4,17,21,759,929,1688,1688,771,0.45675355450236965
2020-09-18,76,67,143,52,95,147,159,170,329,170,201,371,121,143,264,90,105,195,52,71,123,47,47,94,16,35,51,5,20,25,788,954,1742,1742,717,0.4115958668197474
2020-09-19,35,49,84,51,54,105,97,100,197,101,122,223,67,77,144,54,54,108,49,42,91,27,27,54,19,24,43,4,11,15,504,560,1064,1064,475,0.44642857142857145
2020-09-20,39,47,86,52,52,104,75,79,154,89,86,175,56,81,137,41,68,109,25,38,63,22,26,48,6,24,30,3,11,14,408,512,920,920,282,0.3065217391304348
2020-09-21,72,55,127,66,81,147,127,131,258,156,177,333,102,132,234,77,77,154,56,78,134,38,39,77,15,20,35,2,11,13,711,801,1512,1512,661,0.43716931216931215
2020-09-22,76,70,146,84,87,171,136,196,332,158,171,329,123,126,249,97,110,207,75,60,135,50,44,94,19,44,63,5,19,24,823,927,1750,1750,622,0.3554285714285714
2020-09-23,72,66,138,59,68,127,117,179,296,125,171,296,117,116,233,73,96,169,60,61,121,31,49,80,16,31,47,3,12,15,673,849,1522,1522,604,0.3968462549277267
2020-09-24,78,60,138,74,79,153,151,156,307,146,173,319,107,130,237,70,79,149,51,92,143,38,56,94,29,48,77,13,31,44,757,904,1661,1661,641,0.38591210114388924
2020-09-25,69,56,125,63,69,132,124,161,285,143,147,290,116,132,248,76,102,178,74,64,138,34,37,71,20,31,51,1,13,14,720,812,1532,1532,684,0.4464751958224543
2020-09-26,37,37,74,55,43,98,77,81,158,99,98,197,78,76,154,54,71,125,36,33,69,25,18,43,13,18,31,3,7,10,477,482,959,959,371,0.38686131386861317
2020-09-27,45,45,90,34,54,88,74,100,174,85,102,187,83,82,165,45,52,97,30,35,65,13,24,37,11,18,29,2,13,15,422,525,947,947,332,0.3505807814149947
2020-09-28,72,69,141,65,44,109,112,130,242,158,128,286,131,101,232,101,100,201,63,44,107,37,40,77,18,34,52,4,18,22,761,708,1469,1469,692,0.471068754254595
2020-09-29,84,71,155,81,88,169,163,158,321,164,178,342,129,128,257,83,75,158,66,70,136,38,61,99,27,50,77,2,22,24,837,901,1738,1738,546,0.3141542002301496
2020-09-30,72,70,142,63,78,141,147,202,349,126,169,295,111,106,217,97,95,192,65,72,137,37,46,83,18,46,64,3,13,16,739,897,1636,1636,603,0.36858190709046457
2020-10-01,76,91,167,76,94,170,155,194,349,159,182,341,110,130,240,85,94,179,62,68,130,38,59,97,17,30,47,3,10,13,781,952,1733,1733,816,0.4708597807270629
2020-10-02,97,66,163,69,81,150,119,169,288,139,168,307,109,134,243,83,98,181,63,67,130,43,58,101,13,40,53,6,18,24,741,899,1640,1640,818,0.49878048780487805
2020-10-03,42,43,85,46,70,116,96,100,196,103,108,211,80,101,181,64,53,117,43,44,87,26,27,53,14,29,43,4,7,11,518,582,1100,1100,583,0.53
2020-10-04,50,49,99,42,44,86,81,113,194,72,77,149,62,76,138,43,59,102,36,32,68,20,23,43,18,27,45,2,6,8,426,506,932,932,395,0.4238197424892704
2020-10-05,51,54,105,60,59,119,143,145,288,171,165,336,133,140,273,81,105,186,89,67,156,43,66,109,24,32,56,3,8,11,798,841,1639,1639,777,0.4740695546064674
2020-10-06,70,78,148,75,77,152,143,157,300,160,181,341,136,123,259,91,99,190,56,70,126,39,63,102,26,40,66,8,12,20,804,900,1704,1704,589,0.3456572769953052
2020-10-07,84,57,141,57,65,122,160,192,352,161,185,346,126,126,252,92,117,209,74,71,145,40,46,86,20,34,54,6,10,16,820,903,1723,1723,643,0.3731863029599536
2020-10-08,78,59,137,61,73,134,130,170,300,134,165,299,132,133,265,86,92,178,62,71,133,41,47,88,12,42,54,4,19,23,740,871,1611,1611,658,0.4084419615145872
2020-10-09,61,81,142,80,81,161,126,185,311,157,189,346,111,149,260,90,111,201,57,71,128,37,46,83,12,31,43,5,23,28,736,967,1703,1703,820,0.48150322959483266
2020-10-10,36,51,87,52,55,107,113,117,230,99,109,208,88,99,187,60,82,142,39,48,87,22,33,55,16,26,42,6,10,16,531,630,1161,1161,636,0.5478036175710594
2020-10-11,50,52,102,36,54,90,61,94,155,91,122,213,70,68,138,55,58,113,48,39,87,22,32,54,15,22,37,1,6,7,449,547,996,996,554,0.5562248995983936
2020-10-12,50,43,93,57,55,112,92,108,200,102,109,211,89,112,201,73,87,160,58,59,117,29,39,68,21,33,54,2,17,19,573,662,1235,1235,540,0.43724696356275305
2020-10-13,75,74,149,67,55,122,146,174,320,139,189,328,106,146,252,97,105,202,82,74,156,44,65,109,29,52,81,9,20,29,794,954,1748,1748,728,0.41647597254004576
2020-10-14,64,69,133,59,80,139,141,163,304,141,166,307,108,119,227,72,102,174,69,63,132,45,59,104,21,33,54,1,13,14,721,867,1588,1588,754,0.4748110831234257
2020-10-15,70,62,132,71,82,153,151,167,318,165,188,353,148,161,309,106,97,203,75,86,161,41,45,86,20,39,59,7,12,19,854,939,1793,1793,690,0.384829894032348
2020-10-16,88,62,150,91,99,190,183,223,406,167,167,334,153,163,316,104,114,218,69,71,140,46,65,111,27,49,76,3,30,33,931,1043,1974,1974,815,0.41286727456940225
2020-10-17,48,52,100,58,59,117,106,117,223,107,147,254,91,106,197,60,69,129,53,62,115,48,29,77,14,27,41,3,9,12,588,677,1265,1265,568,0.4490118577075099
2020-10-18,40,37,77,42,41,83,49,78,127,80,100,180,49,62,111,55,39,94,27,26,53,21,30,51,8,22,30,2,6,8,373,441,814,814,486,0.597051597051597
2020-10-19,106,83,189,85,95,180,153,197,350,188,222,410,151,197,348,118,131,249,89,83,172,54,69,123,24,47,71,3,14,17,971,1138,2109,2109,1113,0.5277382645803699
2020-10-20,85,83,168,92,79,171,172,205,377,167,203,370,159,181,340,100,116,216,81,74,155,38,55,93,35,44,79,0,15,15,929,1055,1984,1984,1433,0.7222782258064516
2020-10-21,63,64,127,106,90,196,136,184,320,147,158,305,111,134,245,97,86,183,76,70,146,36,41,77,21,37,58,3,10,13,796,874,1670,1670,1028,0.615568862275449
2020-10-22,61,56,117,90,101,191,120,147,267,125,150,275,126,138,264,85,103,188,46,77,123,34,45,79,23,41,64,4,17,21,714,875,1589,1589,1090,0.6859660163624921
2020-10-23,63,48,111,57,57,114,107,122,229,95,104,199,91,134,225,67,69,136,58,76,134,46,43,89,16,28,44,6,18,24,606,699,1305,1305,1017,0.7793103448275862
2020-10-24,35,36,71,29,40,69,77,60,137,74,93,167,64,78,142,44,63,107,28,39,67,26,27,53,8,27,35,1,9,10,386,472,858,858,760,0.8857808857808858
2020-10-25,51,39,90,37,46,83,72,100,172,75,121,196,63,71,134,60,73,133,32,45,77,27,27,54,10,19,29,1,7,8,428,548,976,976,892,0.9139344262295082
2020-10-26,74,64,138,85,76,161,132,139,271,132,158,290,86,124,210,93,123,216,77,70,147,51,63,114,18,38,56,1,13,14,749,868,1617,1617,1351,0.8354978354978355
2020-10-27,58,64,122,70,69,139,143,177,320,137,161,298,121,118,239,88,121,209,80,103,183,43,61,104,15,37,52,3,7,10,758,918,1676,1676,1477,0.8812649164677804
2020-10-28,65,62,127,51,73,124,124,161,285,152,191,343,88,126,214,90,100,190,67,64,131,33,38,71,11,34,45,2,15,17,683,864,1547,1547,1223,0.7905623787976729
2020-10-29,56,47,103,61,79,140,150,152,302,158,151,309,97,145,242,80,88,168,54,63,117,33,40,73,12,27,39,1,7,8,702,799,1501,1501,1459,0.972018654230513
2020-10-30,57,39,96,49,69,118,93,141,234,127,147,274,88,119,207,63,95,158,61,79,140,27,38,65,22,30,52,4,14,18,591,771,1362,1362,1060,0.7782672540381792
2020-10-31,43,31,74,30,39,69,80,81,161,77,114,191,68,65,133,47,60,107,42,46,88,27,33,60,9,22,31,3,8,11,426,499,925,925,778,0.841081081081081
2020-11-01,60,49,109,53,64,117,84,107,191,82,108,190,82,89,171,66,69,135,36,67,103,32,26,58,9,28,37,4,7,11,508,614,1122,1122,944,0.8413547237076648
2020-11-02,56,65,121,63,78,141,124,153,277,145,144,289,109,112,221,76,79,155,72,75,147,43,45,88,20,23,43,1,8,9,709,782,1491,1491,1206,0.8088531187122736
2020-11-03,46,47,93,42,61,103,104,132,236,111,125,236,83,75,158,62,63,125,49,53,102,44,42,86,19,37,56,2,13,15,562,648,1210,1210,881,0.728099173553719
2020-11-04,56,53,109,63,76,139,170,153,323,127,167,294,135,134,269,78,96,174,72,71,143,44,44,88,15,30,45,6,7,13,766,831,1597,1597,931,0.582968065122104
2020-11-05,81,71,152,87,96,183,177,170,347,178,199,377,156,140,296,109,117,226,65,87,152,38,43,81,18,27,45,3,11,14,912,961,1873,1873,1198,0.6396155899626268
2020-11-06,50,52,102,50,58,108,98,115,213,87,113,200,70,75,145,66,80,146,48,47,95,37,54,91,16,32,48,3,7,10,525,633,1158,1158,937,0.809153713298791
2020-11-07,44,45,89,41,48,89,66,92,158,66,105,171,68,87,155,57,81,138,56,61,117,31,35,66,19,19,38,4,4,8,452,577,1029,1029,765,0.7434402332361516
2020-11-08,55,65,120,45,64,109,90,95,185,92,121,213,78,96,174,61,60,121,51,66,117,24,29,53,7,21,28,5,4,9,508,621,1129,1129,930,0.8237378210806023
2020-11-09,81,75,156,77,68,145,114,147,261,139,174,313,124,130,254,103,102,205,69,80,149,30,46,76,23,40,63,4,9,13,764,871,1635,1635,1263,0.7724770642201835
2020-11-10,51,49,100,52,73,125,103,105,208,142,138,280,96,98,194,74,81,155,67,54,121,38,37,75,18,34,52,4,8,12,645,677,1322,1322,870,0.6580937972768532
2020-11-11,76,57,133,56,76,132,138,153,291,142,141,283,126,119,245,94,103,197,56,59,115,41,40,81,21,31,52,5,13,18,755,792,1547,1547,1038,0.6709760827407886
2020-11-12,64,62,126,60,78,138,136,172,308,182,164,346,119,129,248,99,94,193,68,87,155,46,55,101,22,30,52,1,13,14,797,884,1681,1681,1054,0.627007733491969
2020-11-13,62,42,104,68,70,138,130,158,288,129,134,263,105,116,221,87,88,175,83,73,156,52,49,101,21,32,53,4,10,14,741,772,1513,1513,977,0.6457369464639788
2020-11-14,67,60,127,48,36,84,72,104,176,91,111,202,62,89,151,62,68,130,54,46,100,29,45,74,13,22,35,4,4,8,502,585,1087,1087,782,0.7194112235510579
2020-11-15,65,69,134,63,43,106,82,114,196,110,108,218,86,91,177,61,72,133,56,65,121,38,42,80,11,26,37,0,13,13,572,643,1215,1215,917,0.7547325102880659
2020-11-16,69,66,135,92,65,157,102,114,216,112,145,257,113,103,216,64,78,142,60,61,121,44,50,94,22,29,51,4,16,20,682,727,1409,1409,886,0.6288147622427254
2020-11-17,77,79,156,81,70,151,144,152,296,172,173,345,132,145,277,91,106,197,83,102,185,37,59,96,12,36,48,2,13,15,831,935,1766,1766,1236,0.6998867497168743
2020-11-18,70,63,133,101,93,194,154,164,318,162,190,352,112,126,238,75,89,164,65,68,133,51,50,101,15,51,66,2,7,9,807,901,1708,1708,1172,0.6861826697892272
2020-11-19,73,63,136,86,78,164,154,181,335,124,172,296,107,131,238,91,114,205,60,73,133,49,46,95,22,31,53,3,8,11,769,897,1666,1666,1177,0.7064825930372148
2020-11-20,72,58,130,61,75,136,131,158,289,121,155,276,106,133,239,79,95,174,56,56,112,36,41,77,25,34,59,5,10,15,692,815,1507,1507,1065,0.7067020570670206
2020-11-21,62,52,114,40,59,99,96,106,202,116,108,224,82,84,166,66,68,134,49,55,104,30,21,51,10,19,29,3,9,12,554,581,1135,1135,958,0.8440528634361234
2020-11-22,50,41,91,43,46,89,89,77,166,72,98,170,71,69,140,48,53,101,41,49,90,27,21,48,12,22,34,2,8,10,455,484,939,939,744,0.792332268370607
2020-11-23,62,57,119,52,62,114,102,108,210,122,88,210,92,90,182,51,67,118,46,58,104,33,39,72,17,28,45,4,9,13,581,606,1187,1187,956,0.8053917438921652
2020-11-24,67,77,144,81,77,158,120,140,260,153,146,299,116,125,241,93,97,190,60,85,145,50,53,103,24,29,53,2,8,10,766,837,1603,1603,1192,0.743605739238927
2020-11-25,77,65,142,79,83,162,145,151,296,147,148,295,127,116,243,76,69,145,71,67,138,27,63,90,22,33,55,4,8,12,775,803,1578,1578,1087,0.6888466413181242
2020-11-26,78,68,146,82,83,165,134,166,300,140,169,309,107,111,218,84,88,172,68,66,134,32,53,85,17,28,45,9,10,19,751,842,1593,1593,1137,0.7137476459510358
2020-11-27,54,52,106,61,52,113,115,149,264,100,124,224,86,61,147,76,68,144,50,58,108,29,37,66,16,35,51,3,4,7,590,640,1230,1230,861,0.7
2020-11-28,68,44,112,51,38,89,99,107,206,79,110,189,65,85,150,68,69,137,34,35,69,28,39,67,15,27,42,3,5,8,510,559,1069,1069,736,0.6884939195509823
2020-11-29,59,50,109,46,53,99,104,117,221,86,125,211,92,99,191,59,67,126,55,67,122,33,36,69,14,15,29,1,4,5,549,633,1182,1182,908,0.7681895093062606
2020-11-30,87,80,167,93,80,173,167,181,348,173,165,338,147,141,288,81,91,172,88,99,187,59,52,111,20,39,59,4,10,14,919,938,1857,1856,1276,0.6875
2020-12-01,62,70,132,78,81,159,146,164,310,135,158,293,115,137,252,55,74,129,74,96,170,53,50,103,19,32,51,3,3,6,740,865,1605,1605,1069,0.6660436137071651
2020-12-02,44,41,85,56,64,120,94,116,210,102,137,239,83,89,172,55,58,113,50,38,88,37,41,78,19,16,35,2,8,10,542,608,1150,1150,451,0.39217391304347826
2020-12-03,53,53,106,82,80,162,131,184,315,150,167,317,109,134,243,79,83,162,75,74,149,46,46,92,13,29,42,1,5,6,739,855,1594,1594,359,0.22521957340025095
2020-12-04,64,67,131,77,79,156,120,131,251,137,155,292,111,129,240,86,92,178,69,89,158,59,47,106,19,40,59,5,9,14,747,838,1585,1584,561,0.3541666666666667
2020-12-05,57,57,114,68,53,121,113,106,219,131,108,239,87,81,168,51,57,108,43,54,97,27,34,61,9,22,31,5,7,12,591,579,1170,1170,591,0.5051282051282051
2020-12-06,46,45,91,50,46,96,79,79,158,70,94,164,61,79,140,38,51,89,44,42,86,24,33,57,16,14,30,1,3,4,429,486,915,915,342,0.3737704918032787
2020-12-07,37,52,89,59,50,109,108,113,221,103,97,200,70,101,171,55,58,113,38,49,87,31,41,72,15,21,36,4,5,9,520,587,1107,1107,318,0.2872628726287263
2020-12-08,52,56,108,57,59,116,103,119,222,113,111,224,77,75,152,70,75,145,60,57,117,32,45,77,9,18,27,4,6,10,577,621,1198,1198,375,0.31302170283806346
2020-12-09,64,60,124,71,93,164,183,203,386,185,196,381,150,133,283,126,131,257,110,100,210,48,66,114,20,33,53,2,14,16,959,1029,1988,1988,656,0.3299798792756539
2020-12-10,79,58,137,104,124,228,195,240,435,205,247,452,154,184,338,127,161,288,101,103,204,47,46,93,18,45,63,5,7,12,1035,1215,2250,2250,520,0.2311111111111111
2020-12-11,67,71,138,106,113,219,194,252,446,232,241,473,168,198,366,143,158,301,108,124,232,61,74,135,17,29,46,1,8,9,1097,1268,2365,2365,465,0.19661733615221988
2020-12-12,63,61,124,86,84,170,161,201,362,187,205,392,166,165,331,132,130,262,80,123,203,44,55,99,11,22,33,3,7,10,933,1053,1986,1986,502,0.2527693856998993
2020-12-13,65,44,109,79,80,159,113,156,269,168,191,359,136,156,292,123,117,240,77,76,153,38,36,74,11,20,31,5,4,9,815,880,1695,1695,340,0.20058997050147492
2020-12-14,86,68,154,108,115,223,189,227,416,236,228,464,165,194,359,150,169,319,121,126,247,68,73,141,21,34,55,9,11,20,1153,1245,2398,2398,614,0.25604670558799
2020-12-15,59,70,129,90,90,180,187,214,401,203,216,419,167,159,326,130,177,307,111,106,217,58,61,119,12,24,36,2,10,12,1019,1127,2146,2145,506,0.2358974358974359
2020-12-16,51,64,115,112,141,253,206,251,457,271,299,570,218,216,434,172,177,349,120,139,259,70,73,143,26,24,50,4,10,14,1250,1394,2644,2644,598,0.22617246596066565
2020-12-17,86,83,169,119,117,236,238,290,528,274,320,594,237,218,455,168,169,337,81,113,194,63,55,118,13,26,39,1,9,10,1280,1400,2680,2680,607,0.22649253731343283
2020-12-18,84,78,162,147,169,316,243,329,572,307,334,641,238,260,498,193,219,412,190,179,369,93,89,182,19,44,63,1,5,6,1515,1706,3221,3221,814,0.25271654765600743
2020-12-19,67,64,131,113,125,238,208,262,470,317,322,639,221,227,448,164,179,343,133,156,289,64,71,135,16,25,41,3,4,7,1306,1435,2741,2741,774,0.2823786939073331
2020-12-20,66,80,146,123,130,253,212,243,455,318,321,639,233,248,481,181,203,384,120,131,251,66,60,126,12,17,29,3,9,12,1334,1442,2776,2776,392,0.14121037463976946
2020-12-21,85,98,183,135,142,277,306,311,617,365,408,773,281,283,564,189,214,403,187,168,355,84,82,166,18,47,65,3,6,9,1653,1759,3412,3412,674,0.19753810082063306
2020-12-22,97,100,197,176,193,369,326,384,710,411,444,855,321,311,632,212,223,435,176,200,376,80,81,161,18,33,51,4,4,8,1821,1973,3794,3794,763,0.2011070110701107
2020-12-23,113,99,212,196,180,376,348,373,721,401,435,836,295,338,633,211,198,409,142,186,328,60,76,136,26,34,60,6,10,16,1798,1929,3727,3727,780,0.20928360611752078
2020-12-24,49,54,103,82,112,194,190,208,398,257,245,502,178,158,336,97,121,218,76,97,173,57,43,100,5,20,25,1,4,5,992,1062,2054,2054,548,0.2667964946445959
2020-12-25,36,25,61,35,35,70,62,59,121,63,79,142,50,39,89,42,45,87,20,25,45,14,10,24,6,15,21,4,4,8,332,336,668,668,404,0.6047904191616766
2020-12-26,80,63,143,176,214,390,254,288,542,358,354,712,230,294,524,198,196,394,109,139,248,64,69,133,22,31,53,1,12,13,1492,1660,3152,3152,709,0.22493654822335024
2020-12-27,51,49,100,225,228,453,258,269,527,380,379,759,316,339,655,225,236,461,163,146,309,63,82,145,18,32,50,2,10,12,1701,1770,3471,3471,426,0.12273120138288678
2020-12-28,127,94,221,271,288,559,368,458,826,533,581,1114,445,434,879,261,311,572,175,230,405,82,104,186,30,41,71,2,11,13,2294,2552,4846,4846,780,0.16095749071399093
2020-12-29,90,87,177,253,261,514,381,425,806,434,461,895,375,395,770,233,253,486,173,212,385,92,100,192,26,54,80,5,10,15,2062,2258,4320,4320,715,0.16550925925925927
2020-12-30,94,82,176,293,310,603,411,425,836,507,491,998,371,425,796,252,315,567,176,198,374,88,94,182,33,49,82,4,8,12,2229,2397,4626,4626,1032,0.2230869001297017
2020-12-31,67,64,131,207,202,409,276,276,552,314,332,646,252,310,562,161,173,334,84,96,180,44,61,105,12,25,37,0,7,7,1417,1546,2963,2963,622,0.20992237597030036
2021-01-01,28,21,49,48,50,98,53,78,131,76,84,160,54,68,122,49,51,100,26,32,58,15,22,37,5,15,20,1,4,5,355,425,780,780,337,0.43205128205128207
2021-01-02,73,59,132,187,202,389,268,306,574,309,362,671,272,284,556,192,204,396,167,168,335,79,90,169,15,36,51,4,7,11,1566,1718,3284,3284,625,0.19031668696711326
2021-01-03,54,66,120,257,260,517,401,416,817,515,545,1060,408,464,872,261,317,578,193,221,414,77,113,190,27,34,61,3,7,10,2196,2443,4639,4639,509,0.10972192282819573
2021-01-04,86,85,171,247,233,480,524,591,1115,578,612,1190,399,447,846,272,321,593,217,221,438,107,112,219,28,61,89,4,10,14,2462,2693,5155,5155,743,0.14413191076624637
2021-01-05,90,91,181,289,293,582,547,653,1200,586,641,1227,454,492,946,290,313,603,220,297,517,113,129,242,31,60,91,6,10,16,2626,2979,5605,5604,790,0.1409707351891506
2021-01-06,92,81,173,317,291,608,533,540,1073,581,550,1131,469,489,958,319,354,673,226,253,479,112,131,243,29,58,87,4,14,18,2682,2761,5443,5442,817,0.15012862918044836
2021-01-07,87,79,166,234,240,474,408,480,888,487,463,950,340,363,703,230,279,509,176,220,396,81,119,200,27,50,77,2,11,13,2072,2304,4376,4376,762,0.17413162705667276
2021-01-08,87,87,174,269,256,525,433,453,886,406,480,886,310,422,732,238,280,518,138,187,325,84,110,194,29,36,65,5,4,9,1999,2315,4314,4313,950,0.22026431718061673
2021-01-09,67,68,135,229,236,465,376,446,822,430,497,927,338,385,723,224,253,477,137,210,347,62,82,144,22,41,63,0,9,9,1885,2227,4112,4110,720,0.17518248175182483
2021-01-10,69,68,137,273,254,527,366,398,764,405,465,870,347,384,731,211,260,471,131,151,282,45,81,126,12,33,45,2,10,12,1861,2104,3965,3965,486,0.12257250945775536
2021-01-11,94,69,163,279,316,595,505,534,1039,506,552,1058,385,413,798,244,315,559,165,212,377,88,92,180,19,30,49,1,8,9,2286,2541,4827,4827,748,0.15496167391754714
2021-01-12,97,72,169,241,285,526,390,500,890,376,449,825,300,375,675,236,290,526,181,151,332,67,90,157,32,37,69,3,9,12,1923,2258,4181,4181,624,0.14924659172446783
2021-01-13,123,103,226,285,316,601,474,523,997,446,493,939,380,394,774,250,338,588,189,217,406,83,101,184,19,48,67,4,4,8,2253,2537,4790,4790,683,0.14258872651356994
2021-01-14,87,100,187,290,322,612,428,473,901,420,508,928,324,400,724,263,309,572,162,201,363,71,89,160,20,39,59,3,9,12,2068,2450,4518,4517,751,0.16626079256143458
2021-01-15,122,89,211,463,465,928,527,599,1126,654,708,1362,507,613,1120,375,413,788,203,228,431,84,122,206,20,48,68,2,8,10,2957,3293,6250,6250,843,0.13488
2021-01-16,66,50,116,554,529,1083,439,538,977,610,659,1269,565,651,1216,375,394,769,210,261,471,103,113,216,27,43,70,1,9,10,2950,3247,6197,6197,617,0.0995643053090205
2021-01-17,62,44,106,443,473,916,452,542,994,536,590,1126,584,675,1259,362,362,724,162,182,344,84,90,174,18,29,47,2,3,5,2705,2990,5695,5695,470,0.08252853380158033
2021-01-18,88,86,174,510,519,1029,574,634,1208,671,715,1386,643,670,1313,435,468,903,260,303,563,122,135,257,36,58,94,2,4,6,3341,3592,6933,6933,634,0.09144670416846964
2021-01-19,103,83,186,498,526,1024,533,589,1122,643,708,1351,622,672,1294,418,467,885,257,310,567,109,152,261,23,50,73,5,14,19,3211,3571,6782,6782,535,0.078885284576821
2021-01-20,98,88,186,458,465,923,493,549,1042,563,594,1157,533,579,1112,398,432,830,279,298,577,133,153,286,27,44,71,4,13,17,2986,3215,6201,6201,488,0.07869698435736172
2021-01-21,114,80,194,334,403,737,503,482,985,475,534,1009,403,496,899,295,381,676,202,235,437,89,107,196,29,54,83,5,21,26,2449,2793,5242,5242,639,0.12190003815337658
2021-01-22,80,82,162,380,365,745,381,469,850,375,486,861,377,457,834,279,298,577,177,211,388,100,110,210,21,44,65,3,3,6,2173,2525,4698,4698,585,0.12452107279693486
2021-01-23,47,44,91,385,396,781,394,470,864,408,489,897,406,398,804,294,327,621,126,173,299,55,69,124,19,32,51,2,3,5,2136,2401,4537,4537,413,0.09102931452501653
2021-01-24,61,50,111,455,481,936,422,457,879,426,488,914,516,506,1022,320,337,657,180,196,376,62,86,148,23,35,58,2,5,7,2467,2641,5108,5108,338,0.06617071260767424
2021-01-25,87,97,184,550,536,1086,589,614,1203,597,625,1222,533,613,1146,373,413,786,224,241,465,117,129,246,37,62,99,7,18,25,3114,3348,6462,6462,494,0.07644692045806252
2021-01-26,120,79,199,469,460,929,457,529,986,476,506,982,475,491,966,317,389,706,191,260,451,110,125,235,34,62,96,4,11,15,2653,2912,5565,5565,546,0.09811320754716982
2021-01-27,114,100,214,430,420,850,443,488,931,479,547,1026,404,491,895,314,347,661,198,208,406,79,91,170,37,58,95,1,17,18,2499,2767,5266,5266,472,0.08963159893657426
2021-01-28,89,88,177,360,365,725,345,409,754,388,430,818,365,411,776,268,312,580,188,224,412,101,109,210,30,47,77,5,14,19,2139,2409,4548,4548,569,0.12510993843447668
2021-01-29,65,93,158,503,483,986,485,526,1011,546,606,1152,515,588,1103,380,399,779,224,269,493,95,137,232,24,55,79,2,7,9,2839,3163,6002,6001,718,0.11964672554574238
2021-01-30,59,44,103,670,691,1361,446,538,984,581,694,1275,673,796,1469,463,452,915,207,291,498,103,138,241,23,43,66,2,9,11,3227,3696,6923,6923,479,0.06918965766286292
2021-01-31,59,56,115,952,1022,1974,559,641,1200,719,904,1623,1006,1091,2097,580,645,1225,278,293,571,110,138,248,25,47,72,2,10,12,4290,4847,9137,9137,304,0.03327131443581044
2021-02-01,80,75,155,839,870,1709,553,683,1236,744,837,1581,875,994,1869,579,577,1156,311,370,681,115,186,301,37,48,85,1,11,12,4134,4651,8785,8785,529,0.060216277746158224
2021-02-02,88,85,173,668,745,1413,511,574,1085,679,797,1476,786,879,1665,560,582,1142,358,357,715,184,220,404,40,59,99,3,10,13,3877,4308,8185,8185,443,0.05412339645693341
2021-02-03,57,81,138,565,515,1080,428,546,974,580,652,1232,586,683,1269,405,480,885,293,325,618,135,176,311,35,64,99,4,11,15,3088,3533,6621,6621,446,0.06736142576650053
2021-02-04,71,79,150,315,335,650,330,452,782,414,480,894,328,504,832,315,372,687,175,241,416,94,141,235,27,41,68,3,16,19,2072,2661,4733,4733,406,0.08578068878090006
2021-02-05,82,78,160,299,300,599,332,403,735,362,439,801,332,385,717,260,302,562,176,210,386,101,129,230,19,50,69,1,8,9,1964,2304,4268,4268,607,0.14222118088097468
2021-02-06,51,45,96,337,369,706,319,388,707,384,501,885,362,461,823,314,321,635,157,185,342,74,95,169,20,36,56,0,8,8,2018,2409,4427,4427,459,0.10368195166026654
2021-02-07,57,60,117,363,381,744,311,342,653,401,456,857,374,460,834,284,327,611,158,161,319,83,94,177,17,28,45,6,4,10,2054,2313,4367,4367,266,0.060911380810625144
2021-02-08,84,77,161,493,564,1057,471,533,1004,576,718,1294,601,707,1308,340,402,742,229,263,492,105,128,233,29,66,95,3,19,22,2931,3477,6408,6408,572,0.08926342072409488
2021-02-09,86,62,148,419,429,848,420,491,911,552,598,1150,500,612,1112,372,411,783,242,271,513,118,146,264,34,52,86,5,14,19,2748,3086,5834,5834,410,0.07027768255056564
2021-02-10,76,59,135,315,311,626,356,432,788,469,540,1009,436,476,912,266,340,606,201,240,441,105,115,220,28,47,75,0,12,12,2252,2572,4824,4824,366,0.07587064676616916
2021-02-11,69,61,130,282,308,590,320,426,746,407,503,910,395,477,872,223,336,559,182,208,390,97,114,211,27,45,72,4,6,10,2006,2484,4490,4490,340,0.0757238307349666
2021-02-12,71,65,136,313,343,656,326,355,681,445,502,947,404,521,925,279,333,612,178,227,405,100,119,219,29,47,76,1,10,11,2146,2522,4668,4668,502,0.1075407026563839
2021-02-13,57,40,97,430,449,879,330,385,715,527,622,1149,537,669,1206,309,377,686,193,197,390,71,105,176,22,28,50,5,12,17,2481,2884,5365,5365,448,0.08350419384902144
2021-02-14,44,36,80,425,453,878,273,373,646,504,631,1135,596,693,1289,312,369,681,193,216,409,90,110,200,15,28,43,1,11,12,2453,2920,5373,5372,283,0.05268056589724497
2021-02-15,38,58,96,548,569,1117,403,486,889,646,814,1460,725,828,1553,409,460,869,199,240,439,96,116,212,22,52,74,2,13,15,3088,3636,6724,6724,358,0.05324211778703153
2021-02-16,57,41,98,548,527,1075,514,685,1199,745,846,1591,733,881,1614,381,413,794,196,217,413,88,131,219,15,38,53,8,5,13,3285,3784,7069,7069,343,0.048521714528221814
2021-02-17,73,90,163,403,419,822,607,734,1341,632,714,1346,516,567,1083,350,399,749,287,309,596,118,140,258,19,54,73,6,10,16,3011,3436,6447,6447,405,0.06281991624011168
2021-02-18,74,69,143,335,384,719,525,599,1124,567,660,1227,469,571,1040,330,363,693,233,279,512,116,153,269,33,50,83,3,7,10,2685,3135,5820,5820,457,0.07852233676975945
2021-02-19,84,56,140,298,382,680,440,514,954,522,623,1145,433,544,977,338,399,737,217,260,477,117,154,271,28,41,69,2,7,9,2479,2980,5459,5459,528,0.09672101117420773
2021-02-20,67,50,117,276,330,606,417,464,881,421,566,987,396,504,900,289,370,659,156,248,404,83,111,194,24,34,58,4,3,7,2133,2680,4813,4813,421,0.0874714315395803
2021-02-21,76,49,125,259,326,585,355,495,850,502,606,1108,410,494,904,260,341,601,187,230,417,73,103,176,21,31,52,2,11,13,2145,2686,4831,4831,350,0.0724487683709377
2021-02-22,96,105,201,288,378,666,452,593,1045,529,663,1192,417,548,965,311,389,700,228,273,501,107,119,226,43,40,83,3,8,11,2474,3116,5590,5590,442,0.07906976744186046
2021-02-23,101,84,185,251,288,539,394,529,923,469,551,1020,391,473,864,289,355,644,233,264,497,110,134,244,35,52,87,7,13,20,2280,2743,5023,5023,391,0.07784192713517818
2021-02-24,86,105,191,251,299,550,331,408,739,399,467,866,319,393,712,256,307,563,200,224,424,99,124,223,29,49,78,3,10,13,1973,2386,4359,4359,382,0.0876347786189493
2021-02-25,126,109,235,191,225,416,347,398,745,375,388,763,290,343,633,209,276,485,166,219,385,92,117,209,23,40,63,5,14,19,1824,2129,3953,3952,388,0.09817813765182186
2021-02-26,105,91,196,180,241,421,363,460,823,409,447,856,317,414,731,233,311,544,181,270,451,91,123,214,23,44,67,2,15,17,1904,2416,4320,4320,378,0.0875
2021-02-27,72,66,138,223,296,519,361,450,811,495,494,989,308,392,700,304,356,660,217,267,484,94,113,207,29,52,81,1,10,11,2104,2496,4600,4600,436,0.09478260869565218
2021-02-28,80,72,152,300,350,650,400,531,931,585,677,1262,473,547,1020,385,497,882,278,341,619,146,156,302,26,50,76,2,7,9,2675,3228,5903,5903,359,0.060816533965780115
2021-03-01,144,133,277,230,251,481,355,450,805,416,455,871,325,384,709,230,283,513,189,232,421,82,137,219,23,48,71,4,13,17,1998,2386,4384,4384,452,0.1031021897810219
2021-03-02,148,135,283,239,284,523,355,397,752,382,465,847,331,348,679,230,336,566,164,207,371,92,85,177,34,51,85,4,8,12,1979,2316,4295,4295,380,0.08847497089639116
2021-03-03,150,120,270,185,223,408,264,375,639,342,414,756,271,342,613,242,301,543,211,243,454,97,133,230,22,39,61,0,12,12,1784,2202,3986,3986,510,0.12794781736076266
2021-03-04,136,130,266,177,221,398,279,349,628,305,377,682,265,326,591,176,279,455,187,266,453,92,150,242,33,55,88,6,20,26,1656,2173,3829,3829,510,0.13319404544267432
2021-03-05,132,133,265,199,224,423,301,435,736,381,441,822,266,340,606,235,314,549,185,210,395,95,125,220,28,44,72,0,10,10,1822,2276,4098,4098,528,0.12884333821376281
2021-03-06,93,91,184,131,163,294,266,343,609,322,382,704,232,297,529,181,233,414,129,159,288,68,96,164,23,30,53,3,8,11,1448,1802,3250,3250,518,0.15938461538461537
2021-03-07,104,93,197,171,212,383,333,439,772,399,471,870,266,347,613,236,341,577,219,253,472,88,109,197,26,41,67,4,4,8,1846,2310,4156,4155,412,0.09915764139590855
2021-03-08,187,162,349,260,380,640,457,630,1087,578,655,1233,446,530,976,385,497,882,321,344,665,144,163,307,27,55,82,5,15,20,2810,3431,6241,6238,538,0.08624559153574864
2021-03-09,220,202,422,259,310,569,469,564,1033,597,662,1259,427,509,936,358,470,828,316,426,742,174,168,342,35,57,92,6,12,18,2861,3380,6241,6241,555,0.08892805640121776
2021-03-10,234,202,436,291,324,615,437,527,964,574,660,1234,373,523,896,371,471,842,302,326,628,126,154,280,35,57,92,4,11,15,2747,3255,6002,6002,779,0.12979006997667444
2021-03-11,185,199,384,220,282,502,370,544,914,419,588,1007,319,453,772,258,339,597,204,282,486,112,122,234,32,47,79,4,14,18,2123,2870,4993,4993,852,0.17063889445223313
2021-03-12,236,229,465,260,380,640,446,644,1090,562,719,1281,414,530,944,298,466,764,278,343,621,150,153,303,35,61,96,4,16,20,2683,3541,6224,6223,913,0.1467138036316889
2021-03-13,154,136,290,198,271,469,435,563,998,530,591,1121,337,447,784,314,433,747,286,305,591,111,134,245,24,45,69,5,4,9,2394,2929,5323,5323,754,0.1416494458012399
2021-03-14,148,180,328,222,252,474,395,621,1016,563,654,1217,358,528,886,385,484,869,260,339,599,111,145,256,22,54,76,5,11,16,2469,3268,5737,5737,585,0.10196967055952588
2021-03-15,302,258,560,332,370,702,558,798,1356,678,786,1464,501,689,1190,425,586,1011,363,419,782,143,204,347,38,64,102,6,13,19,3346,4187,7533,7533,876,0.11628833134209478
2021-03-16,271,267,538,338,410,748,492,675,1167,717,797,1514,498,582,1080,416,534,950,328,396,724,155,170,325,38,74,112,9,21,30,3262,3926,7188,7188,763,0.10614913745130773
2021-03-17,235,201,436,322,403,725,540,724,1264,599,738,1337,430,586,1016,367,512,879,320,383,703,128,168,296,37,51,88,3,14,17,2981,3780,6761,6760,809,0.11967455621301776
2021-03-18,195,186,381,246,330,576,466,618,1084,551,644,1195,381,498,879,281,391,672,257,290,547,120,151,271,19,50,69,6,12,18,2522,3170,5692,5692,777,0.1365073787772312
2021-03-19,209,215,424,338,382,720,485,732,1217,590,782,1372,432,599,1031,333,494,827,252,300,552,113,137,250,29,43,72,7,11,18,2788,3695,6483,6483,1068,0.16473854696899584
2021-03-20,109,101,210,232,283,515,404,554,958,517,627,1144,370,451,821,306,412,718,255,256,511,105,112,217,22,33,55,10,8,18,2330,2837,5167,5162,748,0.14490507555211157
2021-03-21,145,136,281,200,261,461,438,593,1031,591,664,1255,369,492,861,334,444,778,240,293,533,76,112,188,28,35,63,2,10,12,2423,3040,5463,5463,629,0.11513820245286473
2021-03-22,240,249,489,347,356,703,567,787,1354,728,861,1589,500,644,1144,416,581,997,291,366,657,143,165,308,37,87,124,5,37,42,3274,4133,7407,7407,932,0.12582692048062644
2021-03-23,225,211,436,333,391,724,515,712,1227,610,793,1403,469,555,1024,396,486,882,321,413,734,160,172,332,34,50,84,3,21,24,3066,3804,6870,6870,918,0.13362445414847163
2021-03-24,156,149,305,315,315,630,441,556,997,516,634,1150,373,477,850,279,392,671,200,212,412,94,125,219,21,67,88,2,24,26,2397,2951,5348,5348,820,0.15332834704562454
2021-03-25,178,165,343,337,429,766,475,718,1193,616,786,1402,492,636,1128,366,475,841,236,299,535,117,132,249,42,62,104,6,16,22,2865,3718,6583,6583,815,0.12380373689807078
2021-03-26,225,214,439,355,472,827,540,830,1370,660,829,1489,489,712,1201,354,532,886,262,333,595,140,154,294,35,56,91,3,18,21,3063,4150,7213,7213,953,0.13212255649521698
2021-03-27,157,151,308,235,324,559,469,605,1074,591,732,1323,407,581,988,332,479,811,271,293,564,115,134,249,27,49,76,7,7,14,2611,3355,5966,5966,883,0.1480053637277908
2021-03-28,126,122,248,234,309,543,409,620,1029,587,767,1354,435,544,979,336,499,835,242,270,512,84,76,160,24,39,63,4,11,15,2481,3257,5738,5738,757,0.13192750087138375
2021-03-29,222,219,441,387,396,783,545,786,1331,678,827,1505,491,686,1177,395,507,902,260,348,608,101,103,204,21,44,65,3,11,14,3103,3927,7030,7030,940,0.1337126600284495
2021-03-30,209,191,400,343,383,726,487,725,1212,605,824,1429,441,618,1059,343,463,806,241,273,514,91,99,190,30,46,76,5,13,18,2795,3635,6430,6428,958,0.14903546981953952
2021-03-31,178,151,329,322,336,658,564,779,1343,632,870,1502,450,675,1125,304,455,759,159,178,337,55,70,125,26,34,60,2,11,13,2692,3559,6251,6251,1047,0.16749320108782595
2021-04-01,138,164,302,361,407,768,569,711,1280,649,781,1430,418,624,1042,339,448,787,210,250,460,73,108,181,20,28,48,4,11,15,2781,3532,6313,6313,1241,0.1965784888325677
2021-04-02,162,121,283,299,385,684,513,663,1176,577,708,1285,433,586,1019,318,449,767,204,208,412,74,80,154,20,34,54,3,14,17,2603,3248,5851,5851,1052,0.17979832507263716
2021-04-03,130,122,252,322,421,743,548,659,1207,634,741,1375,465,682,1147,358,442,800,221,257,478,91,103,194,27,49,76,5,10,15,2801,3486,6287,6287,1147,0.18243995546365516
2021-04-04,172,137,309,667,768,1435,863,1212,2075,1113,1437,2550,906,1137,2043,564,692,1256,275,290,565,79,92,171,26,40,66,2,10,12,4667,5815,10482,10482,1018,0.09711887044457165
2021-04-05,216,230,446,789,925,1714,1086,1501,2587,1255,1560,2815,1100,1416,2516,656,810,1466,337,399,736,124,132,256,30,60,90,4,12,16,5597,7045,12642,12642,1204,0.09523809523809523
2021-04-06,242,248,490,653,739,1392,1099,1319,2418,1215,1504,2719,974,1168,2142,669,832,1501,452,534,986,175,182,357,37,70,107,3,16,19,5519,6612,12131,12130,1438,0.11854905193734543
2021-04-07,253,247,500,670,717,1387,1052,1291,2343,1112,1354,2466,951,1187,2138,619,872,1491,360,443,803,136,168,304,30,61,91,0,15,15,5183,6355,11538,11534,1387,0.12025316455696203
2021-04-08,226,189,415,515,600,1115,886,1253,2139,1048,1291,2339,790,995,1785,558,817,1375,347,360,707,113,147,260,35,56,91,2,12,14,4520,5720,10240,10240,1454,0.1419921875
2021-04-09,171,170,341,349,402,751,550,793,1343,554,770,1324,472,632,1104,302,471,773,193,231,424,76,100,176,13,44,57,1,9,10,2681,3622,6303,6302,1371,0.2175499841320216
2021-04-10,146,132,278,338,460,798,574,786,1360,717,826,1543,516,705,1221,347,503,850,210,235,445,45,75,120,15,28,43,3,5,8,2911,3755,6666,6665,983,0.14748687171792949
2021-04-11,130,138,268,297,386,683,500,652,1152,636,819,1455,540,697,1237,356,511,867,212,201,413,58,62,120,21,32,53,3,6,9,2753,3504,6257,6257,836,0.13361035640083108
2021-04-12,222,210,432,379,399,778,589,775,1364,655,884,1539,555,782,1337,426,576,1002,213,272,485,79,119,198,27,53,80,4,11,15,3149,4081,7230,7227,1160,0.16050920160509202
2021-04-13,198,155,353,330,358,688,592,780,1372,698,912,1610,561,770,1331,423,555,978,168,199,367,77,80,157,23,35,58,4,12,16,3074,3856,6930,6930,1071,0.15454545454545454
2021-04-14,191,160,351,239,249,488,328,419,747,371,467,838,272,411,683,226,328,554,229,232,461,78,132,210,28,61,89,10,23,33,1972,2482,4454,4453,1184,0.26588816528183246
2021-04-15,203,200,403,355,459,814,618,884,1502,719,941,1660,612,945,1557,449,643,1092,237,281,518,64,111,175,27,53,80,2,18,20,3286,4535,7821,7817,1149,0.14698733529487015
2021-04-16,199,201,400,353,398,751,653,889,1542,770,943,1713,616,789,1405,429,580,1009,285,320,605,77,114,191,19,36,55,7,15,22,3408,4285,7693,7691,1160,0.150825640358861
2021-04-17,176,146,322,310,322,632,495,629,1124,655,747,1402,508,649,1157,360,425,785,185,236,421,68,109,177,23,54,77,4,9,13,2784,3326,6110,6110,976,0.15973813420621932
2021-04-18,121,148,269,229,278,507,451,583,1034,565,715,1280,507,580,1087,355,434,789,211,230,441,69,82,151,34,39,73,3,9,12,2545,3098,5643,5642,592,0.10492733073378235
2021-04-19,241,187,428,346,378,724,604,734,1338,709,880,1589,576,753,1329,406,548,954,256,304,560,92,116,208,26,74,100,3,37,40,3259,4011,7270,7270,890,0.12242090784044017
2021-04-20,224,245,469,299,324,623,521,695,1216,601,756,1357,507,714,1221,364,498,862,241,319,560,96,94,190,34,40,74,4,8,12,2891,3693,6584,6582,910,0.13825584928593132
2021-04-21,172,167,339,217,246,463,427,511,938,465,639,1104,420,549,969,278,424,702,196,235,431,81,83,164,24,50,74,2,8,10,2282,2912,5194,5194,837,0.16114747785906816
2021-04-22,199,196,395,300,355,655,469,611,1080,587,745,1332,535,670,1205,324,465,789,206,269,475,84,106,190,29,57,86,2,13,15,2735,3487,6222,6220,839,0.13488745980707395
2021-04-23,186,187,373,331,357,688,539,674,1213,639,839,1478,573,718,1291,369,497,866,230,266,496,101,112,213,41,52,93,5,18,23,3014,3720,6734,6731,922,0.13697816074877434
2021-04-24,95,76,171,113,88,201,138,190,328,164,217,381,146,188,334,91,131,222,62,79,141,42,57,99,15,41,56,6,22,28,872,1089,1961,1961,545,0.2779194288628251
2021-04-25,160,145,305,237,253,490,365,481,846,476,629,1105,445,529,974,321,405,726,192,202,394,74,62,136,15,38,53,1,7,8,2286,2751,5037,5036,458,0.090945194598888
2021-04-26,217,201,418,283,338,621,480,592,1072,586,718,1304,521,589,1110,386,474,860,212,238,450,93,124,217,16,36,52,3,10,13,2797,3320,6117,6116,558,0.09123610202746893
2021-04-27,199,161,360,296,342,638,449,605,1054,535,711,1246,453,573,1026,344,421,765,200,209,409,77,118,195,23,49,72,6,11,17,2582,3200,5782,5780,385,0.06660899653979238
2021-04-28,159,151,310,242,262,504,362,483,845,467,603,1070,394,527,921,275,343,618,171,172,343,63,82,145,22,42,64,4,21,25,2159,2686,4845,4845,265,0.054695562435500514
2021-04-29,39,29,68,84,105,189,153,219,372,190,244,434,152,234,386,117,156,273,48,60,108,21,21,42,11,14,25,2,7,9,817,1089,1906,1905,55,0.028871391076115485
2021-04-30,2,1,3,4,3,7,6,6,12,10,6,16,5,3,8,0,0,0,1,3,4,0,1,1,1,0,1,0,0,0,29,23,52,52,0,0.0
