FECHA,<=10M,<=10F,<=10,11-20M,11-20F,11-20,21-30M,21-30F,21-30,31-40M,31-40F,31-40,41-50M,41-50F,41-50,51-60M,51-60F,51-60,61-70M,61-70F,61-70,71-80M,71-80F,71-80,81-90M,81-90F,81-90,>=91M,>=91F,>=91,TotalM,TotalF,Total
2020-03-15,0,0,0,0,1,1,1,0,1,1,0,1,0,0,0,0,0,0,0,1,1,0,0,0,0,0,0,0,0,0,2,2,4
2020-03-16,0,0,0,0,2,2,4,1,5,4,0,4,1,0,1,0,1,1,1,1,2,0,0,0,0,0,0,0,0,0,10,5,15
2020-03-17,0,0,0,1,2,3,5,2,7,6,1,7,2,0,2,1,3,4,1,3,4,2,0,2,0,0,0,0,0,0,18,11,29
2020-03-18,0,0,0,1,2,3,7,4,11,8,4,12,3,1,4,2,3,5,1,4,5,2,0,2,0,0,0,0,0,0,24,18,42
2020-03-19,0,0,0,2,2,4,9,4,13,12,4,16,5,2,7,3,3,6,1,5,6,4,1,5,0,0,0,0,0,0,36,21,57
2020-03-20,0,0,0,2,2,4,14,4,18,14,4,18,7,2,9,5,3,8,2,6,8,4,3,7,0,1,1,0,0,0,48,25,73
2020-03-21,2,0,2,3,4,7,17,5,22,14,7,21,9,3,12,8,6,14,5,7,12,6,3,9,0,1,1,0,0,0,64,36,100
2020-03-22,2,0,2,3,5,8,19,6,25,19,7,26,13,3,16,10,10,20,7,7,14,9,4,13,0,1,1,0,0,0,82,43,125
2020-03-23,2,0,2,4,5,9,21,8,29,24,9,33,15,4,19,15,12,27,7,9,16,12,6,18,1,1,2,0,0,0,101,54,155
2020-03-24,2,0,2,4,5,9,24,13,37,33,10,43,17,5,22,17,13,30,8,9,17,13,7,20,2,1,3,0,0,0,120,63,183
2020-03-25,4,0,4,5,6,11,29,17,46,34,12,46,21,5,26,19,13,32,10,9,19,14,7,21,3,3,6,0,1,1,139,73,212
2020-03-26,4,0,4,5,7,12,30,18,48,36,13,49,23,5,28,21,17,38,13,12,25,15,8,23,4,3,7,0,1,1,151,84,235
2020-03-27,4,0,4,5,7,12,31,20,51,40,13,53,24,8,32,22,18,40,15,14,29,15,10,25,4,3,7,0,1,1,160,94,254
2020-03-28,4,0,4,5,7,12,32,21,53,41,16,57,26,9,35,23,20,43,16,15,31,16,11,27,6,3,9,0,1,1,169,103,272
2020-03-29,4,0,4,5,7,12,35,24,59,47,19,66,26,9,35,24,24,48,19,19,38,18,13,31,6,3,9,1,1,2,185,119,304
2020-03-30,4,0,4,5,8,13,40,27,67,48,21,69,29,11,40,27,24,51,22,22,44,22,14,36,6,3,9,1,2,3,204,132,336
2020-03-31,5,0,5,5,9,14,42,30,72,50,21,71,32,12,44,32,24,56,24,23,47,25,18,43,6,5,11,1,3,4,222,145,367
2020-04-01,5,0,5,6,10,16,44,34,78,53,27,80,35,14,49,34,28,62,28,25,53,25,19,44,6,6,12,1,3,4,237,166,403
2020-04-02,5,0,5,6,10,16,45,36,81,56,30,86,37,15,52,36,31,67,31,25,56,32,22,54,6,9,15,2,6,8,256,184,440
2020-04-03,5,0,5,6,10,16,48,38,86,57,31,88,40,16,56,36,35,71,32,28,60,34,22,56,6,10,16,2,7,9,266,197,463
2020-04-04,5,2,7,6,10,16,50,40,90,58,31,89,40,18,58,38,35,73,33,30,63,34,22,56,6,11,17,3,7,10,273,206,479
2020-04-05,6,2,8,6,10,16,50,42,92,60,32,92,40,22,62,38,36,74,34,30,64,36,23,59,7,11,18,3,7,10,280,215,495
2020-04-06,6,2,8,6,10,16,51,44,95,63,35,98,41,23,64,39,40,79,37,32,69,38,25,63,7,12,19,3,7,10,291,230,521
2020-04-07,6,2,8,6,11,17,54,44,98,64,40,104,42,23,65,41,42,83,38,32,70,39,27,66,8,12,20,5,7,12,303,240,543
2020-04-08,8,2,10,7,11,18,55,46,101,65,46,111,43,25,68,43,42,85,39,32,71,41,28,69,8,12,20,5,7,12,314,251,565
2020-04-09,8,2,10,7,12,19,56,46,102,70,46,116,43,26,69,44,42,86,39,33,72,41,28,69,8,12,20,5,7,12,321,254,575
2020-04-10,8,2,10,7,12,19,56,47,103,74,49,123,43,26,69,45,42,87,39,33,72,41,28,69,8,12,20,5,7,12,326,258,584
2020-04-11,8,2,10,7,12,19,56,48,104,75,50,125,43,28,71,46,42,88,39,33,72,41,28,69,10,13,23,5,7,12,330,263,593
2020-04-12,8,2,10,7,12,19,57,48,105,78,54,132,43,28,71,46,44,90,39,33,72,41,29,70,11,14,25,5,7,12,335,271,606
2020-04-13,9,2,11,7,12,19,59,49,108,80,57,137,46,29,75,46,47,93,39,35,74,42,30,72,11,14,25,5,7,12,344,282,626
2020-04-14,9,2,11,7,12,19,62,51,113,84,58,142,47,31,78,48,48,96,42,36,78,44,31,75,11,14,25,5,8,13,359,291,650
2020-04-15,9,2,11,7,13,20,62,51,113,86,60,146,49,32,81,48,49,97,42,36,78,44,31,75,11,15,26,5,8,13,363,297,660
2020-04-16,9,2,11,7,13,20,62,53,115,90,62,152,50,32,82,51,51,102,43,36,79,47,32,79,11,21,32,6,9,15,376,311,687
2020-04-17,9,2,11,7,13,20,64,55,119,92,66,158,51,33,84,52,52,104,44,37,81,47,33,80,13,25,38,6,10,16,385,326,711
2020-04-18,9,3,12,7,13,20,65,56,121,92,67,159,53,35,88,53,53,106,46,38,84,48,34,82,14,30,44,6,13,19,393,342,735
2020-04-19,9,3,12,7,13,20,68,57,125,96,70,166,53,39,92,54,53,107,46,40,86,49,36,85,15,32,47,6,16,22,403,359,762
2020-04-20,9,3,12,7,13,20,68,58,126,98,71,169,55,40,95,57,56,113,47,40,87,49,39,88,18,33,51,7,17,24,415,370,785
2020-04-21,9,7,16,7,13,20,68,62,130,99,76,175,56,44,100,58,58,116,49,41,90,49,42,91,21,35,56,8,22,30,424,400,824
2020-04-22,10,7,17,8,14,22,76,69,145,103,81,184,59,47,106,60,63,123,51,42,93,51,49,100,24,41,65,13,28,41,455,441,896
2020-04-23,16,10,26,9,15,24,84,73,157,106,86,192,62,51,113,61,63,124,54,46,100,53,52,105,32,42,74,13,31,44,490,469,959
2020-04-24,18,10,28,9,18,27,89,79,168,113,91,204,65,53,118,63,69,132,57,47,104,53,52,105,34,45,79,13,31,44,514,495,1009
2020-04-25,21,11,32,11,19,30,89,82,171,116,94,210,68,59,127,65,69,134,58,48,106,53,52,105,35,47,82,13,31,44,529,512,1041
2020-04-26,23,13,36,12,19,31,89,86,175,119,97,216,69,60,129,65,69,134,58,48,106,53,53,106,36,48,84,13,31,44,537,524,1061
2020-04-27,25,15,40,14,21,35,92,94,186,124,106,230,76,65,141,67,72,139,61,48,109,55,54,109,40,50,90,13,32,45,567,557,1124
2020-04-28,25,15,40,16,22,38,93,97,190,132,108,240,77,68,145,71,72,143,63,49,112,58,54,112,41,55,96,13,34,47,589,574,1163
2020-04-29,26,17,43,18,25,43,96,99,195,136,109,245,81,73,154,72,74,146,64,50,114,60,55,115,41,58,99,13,34,47,607,594,1201
2020-04-30,29,17,46,18,30,48,98,100,198,144,114,258,85,76,161,76,75,151,65,50,115,61,55,116,41,59,100,13,34,47,630,610,1240
2020-05-01,33,20,53,22,31,53,103,108,211,146,119,265,87,79,166,80,77,157,66,51,117,61,55,116,41,60,101,14,34,48,653,634,1287
2020-05-02,38,22,60,25,36,61,108,116,224,150,124,274,89,80,169,80,78,158,66,51,117,62,55,117,41,61,102,14,34,48,673,657,1330
2020-05-03,39,23,62,32,37,69,110,123,233,152,132,284,91,81,172,83,78,161,67,53,120,62,55,117,42,62,104,14,34,48,692,678,1370
2020-05-04,41,27,68,36,40,76,116,130,246,161,141,302,94,88,182,86,79,165,69,53,122,62,55,117,43,65,108,14,34,48,722,712,1434
2020-05-05,45,33,78,40,48,88,124,142,266,178,150,328,101,103,204,92,83,175,70,57,127,64,58,122,49,76,125,15,40,55,778,790,1568
2020-05-06,47,39,86,43,53,96,133,150,283,188,163,351,109,108,217,95,83,178,73,58,131,65,60,125,50,77,127,16,41,57,819,832,1651
2020-05-07,53,47,100,49,57,106,144,168,312,201,174,375,117,114,231,101,87,188,74,62,136,65,61,126,53,78,131,16,43,59,873,891,1764
2020-05-08,66,57,123,58,68,126,159,187,346,216,192,408,133,126,259,107,89,196,80,65,145,68,61,129,54,82,136,17,43,60,958,970,1928
2020-05-09,68,61,129,60,74,134,169,196,365,231,209,440,147,131,278,114,95,209,84,67,151,69,63,132,54,82,136,18,43,61,1014,1021,2035
2020-05-10,73,66,139,66,80,146,183,206,389,260,224,484,180,134,314,139,101,240,87,70,157,69,65,134,55,82,137,18,43,61,1130,1071,2201
2020-05-11,82,74,156,70,88,158,195,216,411,278,242,520,190,145,335,143,103,246,91,73,164,70,66,136,56,85,141,18,44,62,1193,1136,2329
2020-05-12,90,92,182,78,98,176,224,249,473,303,263,566,203,160,363,155,111,266,98,76,174,73,72,145,56,86,142,21,46,67,1301,1253,2554
2020-05-13,99,99,198,89,108,197,248,266,514,321,281,602,221,175,396,165,121,286,105,83,188,74,74,148,56,88,144,21,49,70,1399,1344,2743
2020-05-14,119,123,242,107,129,236,275,295,570,338,303,641,238,190,428,180,134,314,110,87,197,75,75,150,56,89,145,21,49,70,1519,1474,2993
2020-05-15,134,142,276,113,144,257,295,316,611,357,327,684,257,206,463,190,145,335,112,90,202,77,78,155,56,90,146,22,50,72,1613,1588,3201
2020-05-16,147,153,300,123,156,279,317,344,661,372,346,718,280,224,504,200,155,355,116,93,209,79,81,160,58,92,150,22,54,76,1714,1698,3412
2020-05-17,163,163,326,140,173,313,345,360,705,402,364,766,293,236,529,214,166,380,118,101,219,81,82,163,62,97,159,22,55,77,1840,1797,3637
2020-05-18,187,187,374,159,190,349,393,409,802,433,409,842,317,255,572,231,189,420,127,107,234,89,87,176,65,103,168,23,57,80,2024,1993,4017
2020-05-19,216,214,430,178,212,390,432,452,884,475,443,918,337,277,614,245,198,443,133,115,248,90,89,179,67,108,175,24,59,83,2197,2167,4364
2020-05-20,237,231,468,192,238,430,475,497,972,504,478,982,365,301,666,268,216,484,143,123,266,92,95,187,69,113,182,24,60,84,2369,2352,4721
2020-05-21,258,254,512,219,254,473,510,543,1053,553,514,1067,391,330,721,289,230,519,155,124,279,98,100,198,71,115,186,24,63,87,2568,2527,5095
2020-05-22,276,264,540,235,274,509,544,591,1135,588,544,1132,424,364,788,306,243,549,166,133,299,98,104,202,72,115,187,25,64,89,2734,2696,5430
2020-05-23,295,295,590,256,299,555,579,624,1203,615,572,1187,458,386,844,322,263,585,172,138,310,100,106,206,74,125,199,25,66,91,2896,2874,5770
2020-05-24,310,308,618,268,311,579,607,656,1263,639,600,1239,490,405,895,337,275,612,177,140,317,101,110,211,77,126,203,26,67,93,3032,2998,6030
2020-05-25,333,327,660,284,328,612,639,687,1326,663,632,1295,516,424,940,350,289,639,183,149,332,106,120,226,78,133,211,27,68,95,3179,3157,6336
2020-05-26,356,346,702,310,356,666,679,734,1413,711,670,1381,546,453,999,377,316,693,193,155,348,108,126,234,79,139,218,29,75,104,3388,3370,6758
2020-05-27,388,361,749,333,384,717,722,787,1509,758,713,1471,577,485,1062,404,334,738,199,164,363,116,134,250,82,143,225,29,78,107,3608,3583,7191
2020-05-28,421,377,798,357,413,770,771,842,1613,800,748,1548,607,525,1132,424,354,778,211,175,386,121,146,267,95,165,260,33,92,125,3840,3837,7677
2020-05-29,447,417,864,381,446,827,802,888,1690,850,780,1630,627,556,1183,443,370,813,222,185,407,131,157,288,98,175,273,33,99,132,4034,4073,8107
2020-05-30,459,435,894,407,472,879,832,924,1756,878,815,1693,643,571,1214,458,379,837,228,191,419,134,162,296,100,178,278,34,100,134,4173,4227,8400
2020-05-31,465,447,912,418,491,909,865,951,1816,898,842,1740,664,599,1263,473,395,868,234,195,429,141,167,308,107,180,287,36,100,136,4301,4367,8668
2020-06-01,486,464,950,436,520,956,904,990,1894,940,879,1819,704,632,1336,490,421,911,239,206,445,148,175,323,113,187,300,37,100,137,4497,4574,9071
2020-06-02,521,487,1008,466,545,1011,950,1037,1987,978,927,1905,733,658,1391,508,441,949,260,217,477,160,179,339,115,205,320,41,110,151,4732,4806,9538
2020-06-03,543,512,1055,483,566,1049,989,1092,2081,1027,965,1992,766,687,1453,532,466,998,276,232,508,169,192,361,118,213,331,44,113,157,4947,5038,9985
2020-06-04,566,543,1109,503,591,1094,1031,1153,2184,1064,1010,2074,790,716,1506,558,488,1046,288,237,525,174,198,372,118,218,336,47,121,168,5139,5275,10414
2020-06-05,607,567,1174,538,616,1154,1075,1214,2289,1114,1060,2174,822,748,1570,580,508,1088,302,251,553,180,211,391,123,225,348,47,124,171,5388,5524,10912
2020-06-06,628,588,1216,555,642,1197,1113,1257,2370,1168,1092,2260,849,785,1634,598,525,1123,309,259,568,186,219,405,125,238,363,49,132,181,5580,5737,11317
2020-06-07,644,609,1253,575,657,1232,1149,1300,2449,1200,1119,2319,880,809,1689,613,538,1151,314,268,582,189,226,415,128,253,381,49,138,187,5741,5917,11658
2020-06-08,677,651,1328,603,692,1295,1206,1363,2569,1265,1175,2440,920,854,1774,658,567,1225,333,279,612,203,239,442,139,264,403,50,145,195,6054,6229,12283
2020-06-09,706,676,1382,635,725,1360,1252,1422,2674,1329,1249,2578,974,899,1873,693,606,1299,350,293,643,221,250,471,146,277,423,50,152,202,6356,6549,12905
2020-06-10,726,699,1425,658,754,1412,1311,1486,2797,1387,1314,2701,1032,939,1971,718,635,1353,366,309,675,238,266,504,153,307,460,51,168,219,6640,6877,13517
2020-06-11,760,727,1487,684,795,1479,1399,1573,2972,1457,1367,2824,1082,992,2074,759,659,1418,383,327,710,251,277,528,159,318,477,51,174,225,6985,7209,14194
2020-06-12,804,768,1572,719,835,1554,1457,1649,3106,1518,1426,2944,1140,1044,2184,796,683,1479,401,349,750,265,288,553,163,322,485,52,179,231,7315,7543,14858
2020-06-13,841,789,1630,740,876,1616,1513,1706,3219,1568,1476,3044,1174,1089,2263,822,707,1529,419,361,780,275,301,576,167,338,505,55,190,245,7574,7833,15407
2020-06-14,862,815,1677,761,892,1653,1544,1751,3295,1612,1512,3124,1199,1113,2312,843,726,1569,431,373,804,280,311,591,171,353,524,55,196,251,7758,8042,15800
2020-06-15,891,833,1724,789,913,1702,1601,1802,3403,1655,1560,3215,1240,1139,2379,860,744,1604,443,382,825,286,318,604,175,362,537,59,198,257,7999,8251,16250
2020-06-16,930,872,1802,818,946,1764,1675,1879,3554,1741,1630,3371,1304,1185,2489,898,783,1681,468,402,870,303,330,633,179,377,556,60,203,263,8376,8607,16983
2020-06-17,970,904,1874,853,986,1839,1764,1970,3734,1837,1716,3553,1371,1259,2630,959,833,1792,496,430,926,334,343,677,186,403,589,61,212,273,8831,9056,17887
2020-06-18,1001,942,1943,902,1027,1929,1859,2060,3919,1936,1808,3744,1455,1335,2790,1014,886,1900,521,446,967,345,356,701,194,418,612,62,218,280,9289,9496,18785
2020-06-19,1034,977,2011,945,1082,2027,1943,2142,4085,2032,1896,3928,1519,1384,2903,1052,929,1981,552,474,1026,370,379,749,210,439,649,63,236,299,9720,9938,19658
2020-06-20,1070,1018,2088,978,1123,2101,2013,2223,4236,2111,1956,4067,1572,1446,3018,1094,964,2058,568,492,1060,386,396,782,217,451,668,68,244,312,10077,10313,20390
2020-06-21,1093,1053,2146,1018,1155,2173,2062,2274,4336,2179,2011,4190,1608,1490,3098,1125,989,2114,587,500,1087,397,406,803,224,468,692,69,255,324,10362,10601,20963
2020-06-22,1150,1094,2244,1058,1207,2265,2166,2361,4527,2290,2094,4384,1691,1550,3241,1207,1041,2248,634,533,1167,419,436,855,243,486,729,73,265,338,10931,11067,21998
2020-06-23,1187,1133,2320,1104,1249,2353,2267,2471,4738,2375,2181,4556,1773,1623,3396,1276,1089,2365,655,557,1212,433,451,884,258,518,776,76,270,346,11404,11542,22946
2020-06-24,1218,1162,2380,1142,1295,2437,2380,2568,4948,2469,2266,4735,1853,1704,3557,1330,1136,2466,684,578,1262,451,461,912,267,535,802,79,283,362,11873,11988,23861
2020-06-25,1261,1204,2465,1190,1343,2533,2474,2673,5147,2577,2354,4931,1907,1770,3677,1385,1179,2564,710,596,1306,461,475,936,276,562,838,81,295,376,12322,12451,24773
2020-06-26,1303,1253,2556,1252,1389,2641,2560,2767,5327,2675,2449,5124,1973,1852,3825,1440,1223,2663,742,617,1359,474,492,966,286,585,871,83,305,388,12788,12932,25720
2020-06-27,1345,1289,2634,1291,1433,2724,2641,2838,5479,2738,2533,5271,2021,1904,3925,1479,1254,2733,773,638,1411,482,503,985,294,601,895,85,310,395,13149,13303,26452
2020-06-28,1375,1308,2683,1325,1456,2781,2721,2913,5634,2797,2582,5379,2087,1948,4035,1514,1293,2807,789,651,1440,489,514,1003,303,615,918,87,317,404,13487,13597,27084
2020-06-29,1400,1337,2737,1374,1506,2880,2818,2999,5817,2908,2658,5566,2166,2031,4197,1568,1343,2911,818,671,1489,505,531,1036,323,642,965,88,327,415,13968,14045,28013
2020-06-30,1430,1372,2802,1428,1543,2971,2907,3085,5992,2990,2749,5739,2240,2099,4339,1626,1387,3013,846,699,1545,527,552,1079,340,665,1005,92,342,434,14426,14493,28919
2020-07-01,1462,1408,2870,1476,1582,3058,2990,3177,6167,3086,2833,5919,2299,2150,4449,1681,1432,3113,881,730,1611,546,566,1112,358,683,1041,94,351,445,14873,14912,29785
2020-07-02,1506,1442,2948,1521,1637,3158,3072,3278,6350,3169,2933,6102,2396,2228,4624,1725,1478,3203,932,753,1685,566,590,1156,366,700,1066,96,358,454,15349,15397,30746
2020-07-03,1552,1485,3037,1575,1688,3263,3171,3373,6544,3283,3017,6300,2471,2305,4776,1792,1527,3319,965,781,1746,586,616,1202,373,724,1097,98,374,472,15866,15890,31756
2020-07-04,1580,1530,3110,1606,1717,3323,3236,3449,6685,3370,3093,6463,2544,2358,4902,1836,1571,3407,1001,810,1811,607,650,1257,379,772,1151,100,396,496,16259,16346,32605
2020-07-05,1601,1556,3157,1639,1747,3386,3293,3513,6806,3437,3148,6585,2602,2416,5018,1884,1612,3496,1036,835,1871,628,684,1312,395,805,1200,102,408,510,16617,16724,33341
2020-07-06,1632,1586,3218,1679,1782,3461,3392,3613,7005,3559,3252,6811,2699,2495,5194,1955,1669,3624,1086,872,1958,651,716,1367,407,854,1261,109,425,534,17169,17264,34433
2020-07-07,1669,1626,3295,1711,1823,3534,3503,3709,7212,3680,3347,7027,2785,2579,5364,2018,1718,3736,1120,899,2019,685,742,1427,421,881,1302,112,435,547,17704,17759,35463
2020-07-08,1711,1667,3378,1747,1863,3610,3602,3821,7423,3809,3463,7272,2867,2663,5530,2080,1798,3878,1169,930,2099,713,780,1493,440,918,1358,118,461,579,18256,18364,36620
2020-07-09,1750,1696,3446,1783,1908,3691,3672,3895,7567,3891,3571,7462,2947,2719,5666,2125,1829,3954,1209,976,2185,742,802,1544,457,961,1418,121,470,591,18697,18827,37524
2020-07-10,1786,1732,3518,1822,1942,3764,3744,3984,7728,3978,3660,7638,3021,2783,5804,2183,1888,4071,1254,1009,2263,760,820,1580,475,984,1459,123,482,605,19146,19284,38430
2020-07-11,1811,1764,3575,1850,1976,3826,3808,4058,7866,4062,3749,7811,3098,2844,5942,2241,1934,4175,1294,1030,2324,780,846,1626,482,1008,1490,127,493,620,19553,19702,39255
2020-07-12,1838,1784,3622,1879,2008,3887,3868,4111,7979,4129,3817,7946,3160,2882,6042,2291,1970,4261,1317,1056,2373,800,863,1663,500,1036,1536,129,508,637,19911,20035,39946
2020-07-13,1879,1817,3696,1931,2056,3987,3971,4232,8203,4269,3936,8205,3264,2981,6245,2375,2040,4415,1356,1088,2444,826,896,1722,519,1078,1597,136,532,668,20526,20656,41182
2020-07-14,1913,1851,3764,1970,2096,4066,4090,4340,8430,4396,4051,8447,3347,3069,6416,2441,2104,4545,1402,1126,2528,853,920,1773,531,1114,1645,143,547,690,21086,21218,42304
2020-07-15,1947,1888,3835,2016,2129,4145,4191,4454,8645,4514,4181,8695,3434,3173,6607,2518,2152,4670,1447,1160,2607,885,949,1834,544,1146,1690,148,573,721,21644,21805,43449
2020-07-16,1976,1931,3907,2070,2177,4247,4300,4554,8854,4656,4309,8965,3530,3260,6790,2590,2224,4814,1491,1194,2685,911,981,1892,565,1193,1758,156,606,762,22245,22429,44674
2020-07-17,2022,1958,3980,2101,2228,4329,4400,4693,9093,4774,4420,9194,3608,3347,6955,2660,2289,4949,1536,1227,2763,934,1009,1943,586,1243,1829,161,635,796,22782,23049,45831
2020-07-18,2054,1994,4048,2154,2264,4418,4495,4784,9279,4887,4528,9415,3694,3446,7140,2731,2342,5073,1569,1261,2830,962,1045,2007,595,1272,1867,166,648,814,23307,23584,46891
2020-07-19,2089,2037,4126,2190,2294,4484,4573,4869,9442,4981,4622,9603,3768,3518,7286,2791,2395,5186,1616,1288,2904,980,1073,2053,611,1306,1917,174,663,837,23773,24065,47838
2020-07-20,2113,2082,4195,2232,2349,4581,4717,4988,9705,5129,4761,9890,3887,3617,7504,2857,2479,5336,1681,1336,3017,1006,1110,2116,636,1339,1975,176,675,851,24434,24736,49170
2020-07-21,2161,2117,4278,2274,2393,4667,4836,5131,9967,5278,4919,10197,4010,3739,7749,2955,2570,5525,1741,1365,3106,1032,1137,2169,655,1378,2033,178,698,876,25120,25447,50567
2020-07-22,2193,2145,4338,2316,2446,4762,4982,5257,10239,5420,5046,10466,4123,3829,7952,3048,2635,5683,1794,1410,3204,1076,1170,2246,671,1408,2079,182,717,899,25805,26063,51868
2020-07-23,2226,2186,4412,2352,2490,4842,5114,5399,10513,5540,5160,10700,4222,3921,8143,3136,2694,5830,1832,1444,3276,1103,1194,2297,692,1436,2128,185,727,912,26402,26651,53053
2020-07-24,2275,2225,4500,2396,2534,4930,5251,5524,10775,5682,5291,10973,4322,4027,8349,3229,2759,5988,1871,1487,3358,1119,1215,2334,708,1480,2188,190,744,934,27043,27286,54329
2020-07-25,2300,2250,4550,2437,2561,4998,5333,5612,10945,5787,5392,11179,4419,4093,8512,3271,2809,6080,1906,1516,3422,1137,1240,2377,720,1502,2222,198,759,957,27508,27734,55242
2020-07-26,2322,2276,4598,2460,2598,5058,5402,5693,11095,5858,5477,11335,4476,4158,8634,3310,2851,6161,1941,1536,3477,1163,1263,2426,738,1539,2277,203,771,974,27873,28162,56035
2020-07-27,2351,2303,4654,2503,2639,5142,5527,5795,11322,6005,5616,11621,4562,4259,8821,3397,2931,6328,1979,1576,3555,1187,1289,2476,759,1566,2325,208,787,995,28478,28761,57239
2020-07-28,2383,2327,4710,2555,2682,5237,5649,5917,11566,6154,5752,11906,4657,4357,9014,3480,2981,6461,2015,1619,3634,1218,1317,2535,778,1599,2377,210,806,1016,29099,29357,58456
2020-07-29,2408,2360,4768,2609,2730,5339,5760,6039,11799,6269,5871,12140,4757,4463,9220,3538,3050,6588,2064,1643,3707,1247,1344,2591,801,1635,2436,216,823,1039,29669,29958,59627
2020-07-30,2445,2387,4832,2645,2780,5425,5895,6156,12051,6407,5993,12400,4858,4561,9419,3600,3115,6715,2101,1668,3769,1267,1389,2656,818,1680,2498,221,850,1071,30257,30579,60836
2020-07-31,2475,2423,4898,2703,2829,5532,6006,6275,12281,6512,6111,12623,4964,4646,9610,3667,3187,6854,2154,1689,3843,1294,1423,2717,831,1717,2548,224,876,1100,30830,31176,62006
2020-08-01,2509,2460,4969,2738,2887,5625,6090,6388,12478,6623,6226,12849,5084,4735,9819,3729,3237,6966,2186,1718,3904,1309,1447,2756,845,1746,2591,228,887,1115,31341,31731,63072
2020-08-02,2537,2483,5020,2772,2927,5699,6170,6463,12633,6719,6311,13030,5164,4815,9979,3785,3280,7065,2226,1759,3985,1343,1473,2816,866,1792,2658,231,911,1142,31813,32214,64027
2020-08-03,2580,2528,5108,2839,2976,5815,6315,6616,12931,6883,6458,13341,5306,4945,10251,3870,3377,7247,2287,1810,4097,1377,1513,2890,885,1853,2738,234,944,1178,32576,33020,65596
2020-08-04,2616,2557,5173,2884,3037,5921,6450,6747,13197,7043,6607,13650,5433,5080,10513,3960,3464,7424,2353,1852,4205,1416,1555,2971,909,1923,2832,239,974,1213,33303,33796,67099
2020-08-05,2659,2595,5254,2949,3078,6027,6589,6889,13478,7202,6741,13943,5548,5199,10747,4047,3533,7580,2434,1908,4342,1453,1600,3053,934,1999,2933,244,1020,1264,34059,34562,68621
2020-08-06,2692,2628,5320,3006,3122,6128,6720,7015,13735,7322,6864,14186,5659,5289,10948,4119,3619,7738,2472,1952,4424,1473,1626,3099,949,2034,2983,251,1040,1291,34663,35189,69852
2020-08-07,2722,2656,5378,3042,3169,6211,6838,7135,13973,7432,6983,14415,5761,5377,11138,4193,3694,7887,2512,2002,4514,1505,1653,3158,967,2063,3030,256,1053,1309,35228,35785,71013
2020-08-08,2751,2686,5437,3078,3197,6275,6917,7229,14146,7523,7081,14604,5827,5456,11283,4253,3759,8012,2541,2036,4577,1524,1682,3206,977,2107,3084,259,1076,1335,35650,36309,71959
2020-08-09,2770,2703,5473,3114,3235,6349,6987,7313,14300,7596,7150,14746,5889,5524,11413,4318,3805,8123,2584,2072,4656,1541,1694,3235,990,2128,3118,263,1081,1344,36052,36705,72757
2020-08-10,2801,2738,5539,3152,3277,6429,7102,7436,14538,7741,7298,15039,5996,5631,11627,4411,3879,8290,2619,2120,4739,1567,1721,3288,1005,2168,3173,267,1105,1372,36661,37373,74034
2020-08-11,2822,2761,5583,3182,3313,6495,7195,7549,14744,7875,7415,15290,6124,5720,11844,4491,3950,8441,2663,2153,4816,1594,1751,3345,1021,2216,3237,272,1126,1398,37239,37954,75193
2020-08-12,2852,2797,5649,3230,3348,6578,7301,7651,14952,7992,7538,15530,6222,5825,12047,4577,4024,8601,2707,2199,4906,1617,1772,3389,1029,2239,3268,278,1132,1410,37805,38525,76330
2020-08-13,2875,2820,5695,3278,3392,6670,7407,7759,15166,8097,7659,15756,6307,5921,12228,4642,4079,8721,2760,2224,4984,1637,1797,3434,1040,2258,3298,280,1137,1417,38323,39046,77369
2020-08-14,2903,2839,5742,3315,3439,6754,7508,7880,15388,8219,7764,15983,6392,6001,12393,4707,4131,8838,2803,2263,5066,1660,1815,3475,1055,2287,3342,283,1150,1433,38845,39569,78414
2020-08-15,2920,2859,5779,3354,3475,6829,7595,7981,15576,8326,7858,16184,6455,6081,12536,4765,4186,8951,2840,2305,5145,1688,1854,3542,1075,2348,3423,286,1179,1465,39304,40126,79430
2020-08-16,2939,2881,5820,3386,3493,6879,7678,8038,15716,8392,7927,16319,6523,6136,12659,4806,4223,9029,2870,2328,5198,1711,1872,3583,1086,2366,3452,289,1193,1482,39680,40457,80137
2020-08-17,2962,2897,5859,3435,3534,6969,7765,8150,15915,8500,8047,16547,6598,6210,12808,4883,4272,9155,2910,2357,5267,1738,1886,3624,1094,2386,3480,290,1202,1492,40175,40941,81116
2020-08-18,2985,2930,5915,3488,3572,7060,7892,8264,16156,8662,8170,16832,6713,6306,13019,4974,4364,9338,2952,2400,5352,1763,1916,3679,1108,2436,3544,294,1234,1528,40831,41592,82423
2020-08-19,3017,2962,5979,3532,3613,7145,8040,8390,16430,8809,8296,17105,6825,6428,13253,5057,4451,9508,3004,2442,5446,1784,1948,3732,1124,2470,3594,301,1256,1557,41493,42256,83749
2020-08-20,3048,2987,6035,3592,3654,7246,8152,8516,16668,8949,8415,17364,6930,6500,13430,5125,4514,9639,3062,2481,5543,1808,1976,3784,1144,2505,3649,305,1276,1581,42115,42824,84939
2020-08-21,3071,3011,6082,3639,3707,7346,8278,8636,16914,9093,8547,17640,7019,6606,13625,5203,4588,9791,3109,2515,5624,1832,2000,3832,1160,2524,3684,307,1287,1594,42711,43421,86132
2020-08-22,3099,3035,6134,3680,3740,7420,8382,8742,17124,9186,8661,17847,7106,6676,13782,5258,4649,9907,3151,2548,5699,1859,2024,3883,1170,2542,3712,308,1290,1598,43199,43907,87106
2020-08-23,3125,3060,6185,3722,3788,7510,8464,8834,17298,9268,8737,18005,7178,6752,13930,5318,4703,10021,3187,2589,5776,1880,2040,3920,1190,2565,3755,312,1301,1613,43644,44369,88013
2020-08-24,3162,3090,6252,3775,3831,7606,8607,8966,17573,9422,8877,18299,7305,6880,14185,5407,4792,10199,3243,2644,5887,1909,2068,3977,1204,2580,3784,315,1310,1625,44349,45038,89387
2020-08-25,3203,3116,6319,3829,3875,7704,8731,9122,17853,9586,9049,18635,7419,7010,14429,5509,4888,10397,3307,2691,5998,1950,2105,4055,1225,2620,3845,318,1326,1644,45077,45802,90879
2020-08-26,3241,3148,6389,3890,3937,7827,8878,9268,18146,9752,9185,18937,7584,7142,14726,5622,4965,10587,3363,2743,6106,1986,2151,4137,1242,2662,3904,321,1347,1668,45879,46548,92427
2020-08-27,3274,3191,6465,3949,3998,7947,9027,9438,18465,9927,9342,19269,7707,7283,14990,5717,5050,10767,3418,2795,6213,2016,2174,4190,1257,2709,3966,326,1366,1692,46618,47346,93964
2020-08-28,3297,3211,6508,4005,4058,8063,9166,9586,18752,10069,9483,19552,7816,7382,15198,5821,5142,10963,3474,2849,6323,2049,2206,4255,1270,2737,4007,326,1377,1703,47293,48031,95324
2020-08-29,3322,3229,6551,4037,4095,8132,9266,9684,18950,10169,9609,19778,7908,7473,15381,5887,5209,11096,3519,2895,6414,2067,2235,4302,1285,2757,4042,328,1383,1711,47788,48569,96357
2020-08-30,3336,3242,6578,4071,4137,8208,9343,9759,19102,10251,9693,19944,7977,7555,15532,5955,5261,11216,3561,2929,6490,2091,2253,4344,1296,2784,4080,330,1389,1719,48211,49002,97213
2020-08-31,3362,3263,6625,4116,4188,8304,9480,9896,19376,10403,9857,20260,8117,7660,15777,6040,5342,11382,3618,2972,6590,2121,2304,4425,1313,2843,4156,337,1407,1744,48907,49732,98639
2020-09-01,3383,3285,6668,4170,4237,8407,9594,10027,19621,10562,9988,20550,8258,7786,16044,6120,5408,11528,3673,3026,6699,2147,2337,4484,1332,2885,4217,341,1429,1770,49580,50408,99988
2020-09-02,3406,3301,6707,4214,4276,8490,9690,10139,19829,10685,10110,20795,8359,7879,16238,6187,5474,11661,3719,3067,6786,2167,2363,4530,1350,2905,4255,342,1432,1774,50119,50946,101065
2020-09-03,3418,3325,6743,4258,4306,8564,9810,10253,20063,10814,10231,21045,8467,7979,16446,6264,5538,11802,3769,3106,6875,2194,2395,4589,1366,2927,4293,345,1439,1784,50705,51499,102204
2020-09-04,3443,3345,6788,4297,4363,8660,9951,10354,20305,10934,10359,21293,8565,8093,16658,6337,5613,11950,3812,3140,6952,2213,2426,4639,1372,2943,4315,349,1451,1800,51273,52087,103360
2020-09-05,3454,3363,6817,4331,4391,8722,10036,10454,20490,11035,10463,21498,8670,8194,16864,6395,5669,12064,3845,3180,7025,2244,2453,4697,1382,2972,4354,350,1461,1811,51742,52600,104342
2020-09-06,3471,3379,6850,4368,4423,8791,10099,10518,20617,11097,10528,21625,8734,8250,16984,6442,5718,12160,3881,3211,7092,2266,2478,4744,1392,2987,4379,353,1467,1820,52103,52959,105062
2020-09-07,3493,3398,6891,4406,4463,8869,10220,10646,20866,11223,10643,21866,8832,8367,17199,6534,5795,12329,3938,3258,7196,2309,2515,4824,1416,3024,4440,355,1490,1845,52726,53599,106325
2020-09-08,3515,3419,6934,4450,4511,8961,10342,10758,21100,11359,10784,22143,8959,8487,17446,6618,5878,12496,3984,3299,7283,2343,2543,4886,1432,3061,4493,360,1501,1861,53362,54241,107603
2020-09-09,3541,3445,6986,4493,4560,9053,10478,10886,21364,11504,10913,22417,9062,8586,17648,6690,5950,12640,4044,3341,7385,2376,2574,4950,1441,3082,4523,364,1516,1880,53993,54853,108846
2020-09-10,3577,3464,7041,4531,4611,9142,10570,10997,21567,11621,11020,22641,9169,8685,17854,6780,6014,12794,4100,3375,7475,2408,2614,5022,1452,3130,4582,368,1545,1913,54576,55455,110031
2020-09-11,3608,3489,7097,4571,4665,9236,10665,11122,21787,11739,11126,22865,9293,8792,18085,6857,6098,12955,4133,3407,7540,2442,2645,5087,1464,3149,4613,369,1549,1918,55141,56042,111183
2020-09-12,3624,3501,7125,4599,4701,9300,10738,11199,21937,11816,11215,23031,9364,8877,18241,6909,6156,13065,4168,3443,7611,2456,2664,5120,1475,3176,4651,370,1565,1935,55519,56497,112016
2020-09-13,3640,3519,7159,4630,4727,9357,10797,11283,22080,11892,11286,23178,9428,8949,18377,6952,6191,13143,4206,3482,7688,2485,2684,5169,1481,3197,4678,372,1567,1939,55883,56885,112768
2020-09-14,3658,3536,7194,4669,4759,9428,10899,11394,22293,12008,11404,23412,9512,9027,18539,7021,6272,13293,4247,3519,7766,2517,2709,5226,1488,3220,4708,376,1574,1950,56395,57414,113809
2020-09-15,3687,3549,7236,4703,4798,9501,10982,11490,22472,12103,11501,23604,9591,9126,18717,7105,6339,13444,4301,3556,7857,2535,2736,5271,1503,3244,4747,378,1584,1962,56888,57923,114811
2020-09-16,3710,3567,7277,4749,4833,9582,11076,11593,22669,12204,11606,23810,9700,9207,18907,7175,6406,13581,4332,3588,7920,2555,2773,5328,1512,3271,4783,381,1599,1980,57394,58443,115837
2020-09-17,3726,3584,7310,4780,4872,9652,11176,11685,22861,12283,11708,23991,9778,9288,19066,7226,6457,13683,4381,3613,7994,2577,2794,5371,1526,3280,4806,383,1606,1989,57836,58887,116723
2020-09-18,3758,3615,7373,4818,4917,9735,11266,11800,23066,12381,11818,24199,9849,9365,19214,7280,6500,13780,4421,3642,8063,2594,2827,5421,1538,3298,4836,383,1614,1997,58288,59396,117684
2020-09-19,3769,3630,7399,4848,4950,9798,11323,11858,23181,12458,11907,24365,9918,9409,19327,7323,6542,13865,4460,3672,8132,2606,2845,5451,1542,3313,4855,383,1620,2003,58630,59746,118376
2020-09-20,3782,3645,7427,4872,4968,9840,11374,11911,23285,12506,11974,24480,9956,9449,19405,7348,6568,13916,4487,3708,8195,2623,2870,5493,1548,3322,4870,383,1626,2009,58879,60041,118920
2020-09-21,3801,3658,7459,4915,5000,9915,11459,11992,23451,12599,12039,24638,10045,9505,19550,7391,6617,14008,4527,3741,8268,2649,2903,5552,1559,3339,4898,383,1630,2013,59328,60424,119752
2020-09-22,3823,3670,7493,4951,5038,9989,11559,12080,23639,12698,12141,24839,10110,9586,19696,7451,6668,14119,4563,3780,8343,2671,2925,5596,1576,3369,4945,386,1641,2027,59788,60898,120686
2020-09-23,3844,3691,7535,4984,5080,10064,11652,12170,23822,12786,12227,25013,10181,9679,19860,7511,6723,14234,4597,3816,8413,2695,2952,5647,1584,3381,4965,390,1646,2036,60224,61365,121589
2020-09-24,3865,3709,7574,5022,5121,10143,11747,12266,24013,12880,12334,25214,10245,9747,19992,7580,6773,14353,4648,3852,8500,2719,2968,5687,1602,3403,5005,392,1651,2043,60700,61824,122524
2020-09-25,3885,3734,7619,5055,5151,10206,11843,12350,24193,12957,12438,25395,10334,9831,20165,7647,6841,14488,4690,3887,8577,2751,3003,5754,1612,3417,5029,395,1665,2060,61169,62317,123486
2020-09-26,3898,3747,7645,5085,5179,10264,11898,12410,24308,13014,12497,25511,10402,9882,20284,7685,6892,14577,4713,3916,8629,2770,3023,5793,1622,3432,5054,396,1672,2068,61483,62650,124133
2020-09-27,3918,3762,7680,5109,5211,10320,11972,12460,24432,13086,12562,25648,10466,9928,20394,7723,6934,14657,4738,3930,8668,2792,3035,5827,1628,3443,5071,399,1675,2074,61831,62940,124771
2020-09-28,3939,3779,7718,5147,5245,10392,12051,12558,24609,13183,12660,25843,10539,9999,20538,7779,6994,14773,4789,3969,8758,2812,3067,5879,1646,3463,5109,401,1681,2082,62286,63415,125701
2020-09-29,3973,3794,7767,5179,5266,10445,12155,12658,24813,13283,12748,26031,10623,10072,20695,7836,7052,14888,4829,4018,8847,2840,3103,5943,1655,3484,5139,401,1691,2092,62774,63886,126660
2020-09-30,3992,3817,7809,5206,5301,10507,12263,12768,25031,13377,12840,26217,10699,10152,20851,7893,7114,15007,4877,4048,8925,2867,3116,5983,1668,3505,5173,404,1695,2099,63246,64356,127602
2020-10-01,4012,3835,7847,5236,5337,10573,12355,12864,25219,13464,12930,26394,10763,10214,20977,7949,7177,15126,4909,4090,8999,2879,3140,6019,1677,3522,5199,406,1703,2109,63650,64812,128462
2020-10-02,4036,3852,7888,5275,5369,10644,12444,12948,25392,13539,13020,26559,10825,10295,21120,8006,7249,15255,4945,4131,9076,2897,3164,6061,1694,3541,5235,409,1714,2123,64070,65283,129353
2020-10-03,4058,3863,7921,5295,5400,10695,12503,12995,25498,13603,13063,26666,10866,10355,21221,8050,7301,15351,4970,4144,9114,2908,3171,6079,1699,3554,5253,410,1718,2128,64362,65564,129926
2020-10-04,4066,3870,7936,5317,5420,10737,12552,13047,25599,13651,13119,26770,10905,10388,21293,8081,7333,15414,4987,4168,9155,2922,3178,6100,1704,3563,5267,410,1724,2134,64595,65810,130405
2020-10-05,4077,3886,7963,5345,5447,10792,12629,13148,25777,13746,13197,26943,10970,10445,21415,8133,7388,15521,5033,4204,9237,2944,3200,6144,1711,3578,5289,411,1730,2141,64999,66223,131222
2020-10-06,4104,3904,8008,5373,5488,10861,12723,13248,25971,13846,13289,27135,11053,10514,21567,8195,7449,15644,5069,4234,9303,2958,3219,6177,1725,3594,5319,413,1735,2148,65459,66674,132133
2020-10-07,4119,3915,8034,5401,5524,10925,12821,13339,26160,13913,13374,27287,11133,10588,21721,8252,7503,15755,5095,4255,9350,2971,3240,6211,1735,3615,5350,413,1743,2156,65853,67096,132949
2020-10-08,4139,3930,8069,5429,5562,10991,12905,13428,26333,13998,13454,27452,11185,10666,21851,8301,7557,15858,5122,4286,9408,2988,3266,6254,1747,3649,5396,415,1757,2172,66229,67555,133784
2020-10-09,4158,3949,8107,5455,5595,11050,12969,13522,26491,14090,13551,27641,11246,10735,21981,8358,7613,15971,5148,4321,9469,3005,3291,6296,1762,3681,5443,418,1770,2188,66609,68028,134637
2020-10-10,4169,3955,8124,5476,5628,11104,13022,13578,26600,14150,13617,27767,11308,10786,22094,8398,7666,16064,5176,4348,9524,3021,3307,6328,1766,3692,5458,419,1771,2190,66905,68348,135253
2020-10-11,4183,3972,8155,5491,5650,11141,13060,13622,26682,14189,13672,27861,11349,10818,22167,8428,7699,16127,5189,4369,9558,3035,3321,6356,1774,3709,5483,421,1778,2199,67119,68610,135729
2020-10-12,4207,3989,8196,5515,5682,11197,13126,13667,26793,14256,13730,27986,11401,10866,22267,8465,7742,16207,5217,4394,9611,3053,3334,6387,1778,3726,5504,421,1784,2205,67439,68914,136353
2020-10-13,4223,4008,8231,5551,5714,11265,13213,13749,26962,14363,13815,28178,11473,10932,22405,8518,7783,16301,5256,4419,9675,3063,3353,6416,1785,3750,5535,422,1793,2215,67867,69316,137183
2020-10-14,4238,4024,8262,5587,5750,11337,13296,13832,27128,14436,13888,28324,11547,10998,22545,8579,7846,16425,5281,4447,9728,3084,3372,6456,1792,3758,5550,423,1799,2222,68263,69714,137977
2020-10-15,4254,4044,8298,5638,5798,11436,13389,13906,27295,14524,13967,28491,11611,11065,22676,8622,7890,16512,5306,4474,9780,3105,3392,6497,1799,3777,5576,426,1804,2230,68674,70117,138791
2020-10-16,4273,4057,8330,5668,5841,11509,13461,14010,27471,14602,14047,28649,11681,11126,22807,8669,7929,16598,5335,4507,9842,3124,3412,6536,1809,3802,5611,428,1819,2247,69050,70550,139600
2020-10-17,4286,4073,8359,5697,5866,11563,13518,14063,27581,14668,14121,28789,11722,11160,22882,8702,7964,16666,5356,4530,9886,3133,3420,6553,1817,3810,5627,430,1822,2252,69329,70829,140158
2020-10-18,4297,4081,8378,5716,5889,11605,13558,14104,27662,14711,14151,28862,11747,11186,22933,8726,7990,16716,5371,4546,9917,3147,3433,6580,1818,3819,5637,430,1826,2256,69521,71025,140546
2020-10-19,4316,4095,8411,5740,5919,11659,13622,14161,27783,14760,14208,28968,11814,11233,23047,8769,8028,16797,5402,4566,9968,3166,3455,6621,1822,3832,5654,431,1830,2261,69842,71327,141169
2020-10-20,4324,4106,8430,5757,5943,11700,13695,14240,27935,14831,14263,29094,11864,11290,23154,8821,8063,16884,5427,4593,10020,3179,3463,6642,1834,3849,5683,432,1837,2269,70164,71647,141811
2020-10-21,4338,4117,8455,5781,5970,11751,13748,14296,28044,14886,14313,29199,11916,11331,23247,8851,8102,16953,5453,4614,10067,3192,3477,6669,1837,3856,5693,433,1840,2273,70435,71916,142351
2020-10-22,4351,4127,8478,5809,5994,11803,13803,14362,28165,14936,14357,29293,11958,11367,23325,8877,8128,17005,5474,4628,10102,3202,3491,6693,1842,3863,5705,434,1840,2274,70686,72157,142843
2020-10-23,4363,4137,8500,5835,6013,11848,13852,14434,28286,14981,14413,29394,12011,11414,23425,8914,8157,17071,5505,4653,10158,3211,3503,6714,1852,3871,5723,435,1841,2276,70959,72436,143395
2020-10-24,4371,4149,8520,5854,6030,11884,13893,14479,28372,15016,14461,29477,12043,11445,23488,8949,8181,17130,5521,4667,10188,3223,3515,6738,1856,3877,5733,435,1845,2280,71161,72649,143810
2020-10-25,4380,4159,8539,5866,6046,11912,13927,14516,28443,15043,14495,29538,12076,11473,23549,8969,8204,17173,5538,4673,10211,3228,3524,6752,1859,3881,5740,435,1846,2281,71321,72817,144138
2020-10-26,4393,4164,8557,5878,6081,11959,13977,14563,28540,15108,14550,29658,12116,11511,23627,9003,8238,17241,5561,4693,10254,3236,3533,6769,1869,3891,5760,438,1850,2288,71579,73074,144653
2020-10-27,4400,4175,8575,5906,6109,12015,14038,14624,28662,15163,14604,29767,12170,11560,23730,9044,8276,17320,5580,4718,10298,3245,3548,6793,1879,3906,5785,439,1852,2291,71864,73372,145236
2020-10-28,4416,4188,8604,5935,6128,12063,14090,14677,28767,15211,14649,29860,12210,11592,23802,9072,8307,17379,5605,4736,10341,3252,3558,6810,1886,3911,5797,441,1854,2295,72118,73600,145718
2020-10-29,4427,4194,8621,5951,6144,12095,14135,14719,28854,15255,14695,29950,12250,11622,23872,9092,8329,17421,5618,4751,10369,3269,3564,6833,1890,3923,5813,442,1861,2303,72329,73802,146131
2020-10-30,4433,4199,8632,5959,6151,12110,14169,14756,28925,15304,14722,30026,12278,11658,23936,9107,8348,17455,5630,4767,10397,3279,3575,6854,1893,3927,5820,443,1863,2306,72495,73966,146461
2020-10-31,4435,4203,8638,5968,6165,12133,14189,14783,28972,15333,14751,30084,12298,11681,23979,9122,8365,17487,5641,4777,10418,3283,3581,6864,1897,3931,5828,443,1863,2306,72609,74100,146709
2020-11-01,4444,4213,8657,5979,6178,12157,14231,14813,29044,15366,14780,30146,12326,11708,24034,9141,8386,17527,5657,4786,10443,3289,3587,6876,1899,3935,5834,443,1864,2307,72775,74250,147025
2020-11-02,4453,4222,8675,5989,6205,12194,14266,14859,29125,15413,14817,30230,12361,11743,24104,9173,8412,17585,5672,4796,10468,3291,3596,6887,1904,3942,5846,443,1868,2311,72965,74460,147425
2020-11-03,4463,4228,8691,6009,6216,12225,14320,14894,29214,15446,14852,30298,12395,11772,24167,9198,8433,17631,5684,4818,10502,3294,3605,6899,1906,3951,5857,443,1870,2313,73158,74639,147797
2020-11-04,4472,4233,8705,6017,6232,12249,14365,14940,29305,15489,14893,30382,12420,11807,24227,9221,8463,17684,5702,4831,10533,3300,3617,6917,1909,3958,5867,443,1873,2316,73338,74847,148185
2020-11-05,4487,4243,8730,6046,6252,12298,14418,15004,29422,15546,14930,30476,12456,11847,24303,9250,8487,17737,5723,4848,10571,3312,3631,6943,1912,3974,5886,444,1878,2322,73594,75094,148688
2020-11-06,4500,4251,8751,6068,6270,12338,14444,15046,29490,15588,14975,30563,12492,11877,24369,9277,8509,17786,5743,4868,10611,3324,3642,6966,1916,3981,5897,444,1880,2324,73796,75299,149095
2020-11-07,4508,4256,8764,6075,6281,12356,14471,15082,29553,15627,15018,30645,12525,11907,24432,9291,8530,17821,5758,4886,10644,3332,3651,6983,1920,3984,5904,444,1880,2324,73951,75475,149426
2020-11-08,4517,4262,8779,6080,6295,12375,14490,15127,29617,15656,15041,30697,12549,11925,24474,9311,8551,17862,5772,4894,10666,3338,3653,6991,1923,3990,5913,445,1880,2325,74081,75618,149699
2020-11-09,4530,4267,8797,6100,6315,12415,14529,15180,29709,15696,15082,30778,12598,11962,24560,9349,8596,17945,5791,4915,10706,3356,3658,7014,1924,3997,5921,445,1882,2327,74318,75854,150172
2020-11-10,4541,4277,8818,6117,6329,12446,14581,15234,29815,15761,15121,30882,12629,11990,24619,9373,8615,17988,5812,4934,10746,3373,3681,7054,1929,4004,5933,448,1883,2331,74564,76068,150632
2020-11-11,4551,4284,8835,6133,6351,12484,14633,15283,29916,15810,15169,30979,12671,12022,24693,9408,8637,18045,5830,4952,10782,3384,3697,7081,1931,4011,5942,450,1887,2337,74801,76293,151094
2020-11-12,4562,4292,8854,6153,6368,12521,14687,15330,30017,15850,15207,31057,12708,12058,24766,9432,8660,18092,5843,4963,10806,3388,3705,7093,1935,4015,5950,450,1891,2341,75008,76489,151497
2020-11-13,4571,4297,8868,6174,6385,12559,14727,15375,30102,15888,15238,31126,12752,12090,24842,9456,8683,18139,5864,4984,10848,3401,3710,7111,1938,4024,5962,452,1898,2350,75223,76684,151907
2020-11-14,4577,4303,8880,6191,6402,12593,14760,15410,30170,15925,15267,31192,12778,12111,24889,9487,8704,18191,5883,4996,10879,3410,3718,7128,1941,4029,5970,453,1899,2352,75405,76839,152244
2020-11-15,4581,4310,8891,6200,6421,12621,14784,15435,30219,15946,15293,31239,12805,12127,24932,9505,8717,18222,5892,5006,10898,3417,3726,7143,1943,4038,5981,454,1899,2353,75527,76972,152499
2020-11-16,4587,4319,8906,6217,6439,12656,14814,15478,30292,15983,15326,31309,12832,12158,24990,9525,8741,18266,5904,5019,10923,3429,3738,7167,1951,4042,5993,454,1901,2355,75696,77161,152857
2020-11-17,4595,4325,8920,6239,6459,12698,14865,15524,30389,16023,15371,31394,12870,12194,25064,9551,8771,18322,5922,5035,10957,3437,3748,7185,1957,4055,6012,455,1906,2361,75914,77388,153302
2020-11-18,4600,4332,8932,6257,6480,12737,14912,15581,30493,16074,15406,31480,12910,12223,25133,9574,8804,18378,5934,5051,10985,3449,3760,7209,1961,4066,6027,455,1911,2366,76126,77614,153740
2020-11-19,4604,4336,8940,6270,6498,12768,14960,15612,30572,16105,15440,31545,12929,12250,25179,9599,8826,18425,5950,5065,11015,3455,3767,7222,1963,4070,6033,455,1915,2370,76290,77779,154069
2020-11-20,4609,4341,8950,6289,6521,12810,15003,15640,30643,16134,15462,31596,12949,12263,25212,9612,8841,18453,5966,5079,11045,3462,3772,7234,1969,4074,6043,456,1916,2372,76449,77909,154358
2020-11-21,4616,4351,8967,6302,6538,12840,15031,15676,30707,16170,15492,31662,12967,12300,25267,9626,8856,18482,5980,5094,11074,3468,3779,7247,1972,4077,6049,456,1919,2375,76588,78082,154670
2020-11-22,4620,4354,8974,6313,6546,12859,15052,15698,30750,16188,15513,31701,12987,12316,25303,9637,8864,18501,5995,5099,11094,3474,3788,7262,1973,4078,6051,456,1920,2376,76695,78176,154871
2020-11-23,4625,4358,8983,6320,6553,12873,15072,15728,30800,16219,15537,31756,13006,12326,25332,9646,8884,18530,6003,5104,11107,3484,3794,7278,1975,4080,6055,456,1922,2378,76806,78286,155092
2020-11-24,4632,4362,8994,6329,6569,12898,15115,15776,30891,16264,15577,31841,13036,12346,25382,9666,8901,18567,6023,5117,11140,3491,3801,7292,1978,4082,6060,456,1924,2380,76990,78455,155445
2020-11-25,4647,4368,9015,6347,6584,12931,15166,15829,30995,16320,15623,31943,13072,12383,25455,9695,8923,18618,6040,5131,11171,3497,3814,7311,1983,4089,6072,456,1926,2382,77223,78670,155893
2020-11-26,4650,4382,9032,6360,6608,12968,15208,15872,31080,16374,15652,32026,13098,12409,25507,9712,8951,18663,6050,5147,11197,3501,3819,7320,1988,4094,6082,457,1929,2386,77398,78863,156261
2020-11-27,4657,4387,9044,6379,6621,13000,15256,15911,31167,16415,15677,32092,13129,12437,25566,9737,8970,18707,6064,5161,11225,3511,3825,7336,1991,4097,6088,459,1931,2390,77598,79017,156615
2020-11-28,4663,4394,9057,6395,6635,13030,15286,15952,31238,16448,15706,32154,13151,12460,25611,9750,8987,18737,6073,5176,11249,3515,3828,7343,1992,4100,6092,459,1933,2392,77732,79171,156903
2020-11-29,4670,4395,9065,6407,6650,13057,15317,15986,31303,16486,15732,32218,13174,12481,25655,9769,9001,18770,6078,5188,11266,3518,3832,7350,1996,4105,6101,461,1933,2394,77876,79303,157179
2020-11-30,4678,4400,9078,6422,6665,13087,15359,16020,31379,16518,15762,32280,13204,12502,25706,9785,9025,18810,6085,5200,11285,3528,3843,7371,1999,4113,6112,461,1936,2397,78039,79466,157505
2020-12-01,4688,4405,9093,6435,6676,13111,15394,16051,31445,16551,15809,32360,13236,12526,25762,9801,9039,18840,6097,5209,11306,3534,3848,7382,2002,4116,6118,461,1937,2398,78199,79616,157815
2020-12-02,4690,4409,9099,6445,6690,13135,15422,16079,31501,16578,15834,32412,13252,12549,25801,9810,9052,18862,6109,5217,11326,3540,3860,7400,2005,4121,6126,464,1942,2406,78315,79753,158068
2020-12-03,4696,4413,9109,6460,6703,13163,15455,16100,31555,16615,15867,32482,13282,12564,25846,9824,9068,18892,6122,5230,11352,3547,3872,7419,2008,4126,6134,466,1943,2409,78475,79886,158361
2020-12-04,4706,4419,9125,6476,6722,13198,15480,16136,31616,16654,15909,32563,13313,12593,25906,9845,9089,18934,6135,5243,11378,3555,3877,7432,2014,4129,6143,466,1943,2409,78644,80060,158704
2020-12-05,4712,4425,9137,6487,6739,13226,15506,16168,31674,16681,15936,32617,13332,12620,25952,9863,9107,18970,6148,5254,11402,3561,3888,7449,2020,4134,6154,466,1943,2409,78776,80214,158990
2020-12-06,4719,4429,9148,6495,6746,13241,15530,16189,31719,16705,15956,32661,13351,12642,25993,9882,9121,19003,6158,5263,11421,3566,3894,7460,2025,4135,6160,466,1943,2409,78897,80318,159215
2020-12-07,4723,4434,9157,6501,6760,13261,15551,16214,31765,16726,15979,32705,13379,12661,26040,9895,9139,19034,6171,5273,11444,3572,3899,7471,2027,4137,6164,466,1945,2411,79011,80441,159452
2020-12-08,4731,4437,9168,6516,6773,13289,15578,16245,31823,16764,16013,32777,13419,12683,26102,9918,9156,19074,6191,5279,11470,3583,3908,7491,2030,4142,6172,467,1947,2414,79197,80583,159780
2020-12-09,4737,4447,9184,6544,6791,13335,15624,16287,31911,16807,16049,32856,13457,12721,26178,9947,9183,19130,6207,5297,11504,3590,3921,7511,2031,4146,6177,468,1951,2419,79412,80793,160205
2020-12-10,4743,4456,9199,6561,6818,13379,15660,16340,32000,16862,16088,32950,13497,12763,26260,9970,9207,19177,6224,5312,11536,3600,3934,7534,2034,4152,6186,468,1953,2421,79619,81023,160642
2020-12-11,4755,4465,9220,6573,6831,13404,15712,16393,32105,16895,16129,33024,13535,12790,26325,9987,9239,19226,6235,5329,11564,3604,3946,7550,2039,4159,6198,468,1954,2422,79803,81235,161038
2020-12-12,4763,4469,9232,6591,6845,13436,15767,16446,32213,16931,16158,33089,13561,12816,26377,10000,9255,19255,6248,5342,11590,3616,3952,7568,2041,4159,6200,468,1954,2422,79986,81396,161382
2020-12-13,4765,4474,9239,6608,6861,13469,15808,16478,32286,16962,16198,33160,13584,12841,26425,10016,9275,19291,6266,5354,11620,3625,3957,7582,2047,4162,6209,470,1954,2424,80151,81554,161705
2020-12-14,4770,4478,9248,6628,6879,13507,15873,16539,32412,17031,16246,33277,13624,12882,26506,10047,9300,19347,6283,5379,11662,3638,3968,7606,2051,4171,6222,470,1956,2426,80415,81798,162213
2020-12-15,4774,4481,9255,6654,6903,13557,15940,16598,32538,17090,16300,33390,13676,12917,26593,10070,9332,19402,6304,5386,11690,3648,3975,7623,2059,4175,6234,472,1958,2430,80687,82025,162712
2020-12-16,4784,4490,9274,6674,6936,13610,16030,16664,32694,17138,16342,33480,13706,12947,26653,10096,9362,19458,6319,5403,11722,3663,3984,7647,2069,4180,6249,474,1962,2436,80953,82270,163223
2020-12-17,4794,4495,9289,6705,6973,13678,16145,16758,32903,17207,16409,33616,13746,13003,26749,10121,9397,19518,6334,5427,11761,3677,3997,7674,2073,4187,6260,475,1963,2438,81277,82609,163886
2020-12-18,4798,4505,9303,6746,6996,13742,16236,16845,33081,17277,16482,33759,13801,13051,26852,10157,9435,19592,6356,5451,11807,3693,4011,7704,2076,4201,6277,475,1973,2448,81615,82950,164565
2020-12-19,4808,4511,9319,6775,7024,13799,16304,16900,33204,17337,16538,33875,13844,13094,26938,10187,9465,19652,6375,5468,11843,3705,4022,7727,2081,4208,6289,475,1974,2449,81891,83204,165095
2020-12-20,4812,4520,9332,6804,7039,13843,16368,16950,33318,17372,16585,33957,13889,13149,27038,10219,9482,19701,6402,5487,11889,3714,4029,7743,2084,4212,6296,478,1976,2454,82142,83429,165571
2020-12-21,4822,4529,9351,6835,7073,13908,16464,17059,33523,17463,16671,34134,13954,13206,27160,10275,9525,19800,6444,5511,11955,3733,4046,7779,2088,4221,6309,478,1978,2456,82556,83819,166375
2020-12-22,4831,4542,9373,6869,7113,13982,16557,17157,33714,17581,16744,34325,14010,13270,27280,10331,9579,19910,6469,5537,12006,3746,4062,7808,2093,4230,6323,479,1981,2460,82966,84215,167181
2020-12-23,4841,4553,9394,6903,7159,14062,16695,17277,33972,17688,16839,34527,14082,13345,27427,10407,9639,20046,6490,5569,12059,3773,4084,7857,2097,4242,6339,480,1982,2462,83456,84689,168145
2020-12-24,4843,4555,9398,6929,7187,14116,16758,17335,34093,17760,16887,34647,14115,13394,27509,10438,9664,20102,6509,5579,12088,3785,4091,7876,2099,4248,6347,480,1983,2463,83716,84923,168639
2020-12-25,4846,4562,9408,6946,7204,14150,16801,17375,34176,17800,16913,34713,14158,13425,27583,10460,9685,20145,6529,5592,12121,3790,4098,7888,2100,4249,6349,480,1984,2464,83910,85087,168997
2020-12-26,4858,4572,9430,6982,7246,14228,16918,17481,34399,17904,17008,34912,14235,13512,27747,10535,9744,20279,6572,5635,12207,3804,4114,7918,2104,4256,6360,480,1985,2465,84392,85553,169945
2020-12-27,4873,4578,9451,7011,7290,14301,17022,17579,34601,17999,17079,35078,14294,13566,27860,10586,9782,20368,6595,5665,12260,3820,4130,7950,2105,4262,6367,480,1985,2465,84785,85916,170701
2020-12-28,4891,4596,9487,7062,7362,14424,17172,17721,34893,18114,17210,35324,14416,13665,28081,10685,9853,20538,6638,5702,12340,3854,4162,8016,2115,4279,6394,482,1987,2469,85429,86537,171966
2020-12-29,4900,4615,9515,7125,7437,14562,17365,17909,35274,18275,17348,35623,14517,13761,28278,10755,9938,20693,6685,5754,12439,3888,4197,8085,2126,4287,6413,485,1990,2475,86121,87236,173357
2020-12-30,4926,4634,9560,7201,7520,14721,17551,18065,35616,18429,17490,35919,14628,13878,28506,10839,10021,20860,6731,5820,12551,3921,4230,8151,2135,4300,6435,488,1994,2482,86849,87952,174801
2020-12-31,4935,4643,9578,7246,7569,14815,17699,18189,35888,18510,17570,36080,14690,13950,28640,10883,10060,20943,6757,5843,12600,3945,4244,8189,2140,4304,6444,488,1994,2482,87293,88366,175659
2021-01-01,4940,4646,9586,7266,7588,14854,17731,18227,35958,18552,17614,36166,14713,13984,28697,10901,10080,20981,6776,5867,12643,3955,4255,8210,2141,4307,6448,488,1994,2482,87463,88562,176025
2021-01-02,4948,4658,9606,7320,7644,14964,17837,18347,36184,18658,17707,36365,14799,14072,28871,10975,10151,21126,6818,5906,12724,3974,4277,8251,2146,4310,6456,494,1994,2488,87969,89066,177035
2021-01-03,4965,4672,9637,7365,7695,15060,17971,18500,36471,18759,17806,36565,14878,14151,29029,11035,10215,21250,6857,5938,12795,3995,4301,8296,2153,4316,6469,495,1995,2490,88473,89589,178062
2021-01-04,4982,4683,9665,7440,7764,15204,18200,18718,36918,18938,17967,36905,14994,14249,29243,11128,10324,21452,6910,5987,12897,4022,4334,8356,2166,4339,6505,497,1998,2495,89277,90363,179640
2021-01-05,5003,4707,9710,7523,7849,15372,18453,18977,37430,19108,18119,37227,15112,14352,29464,11228,10398,21626,6973,6043,13016,4041,4370,8411,2173,4357,6530,498,2008,2506,90112,91180,181292
2021-01-06,5020,4720,9740,7601,7935,15536,18697,19210,37907,19292,18266,37558,15234,14455,29689,11308,10483,21791,7027,6102,13129,4071,4399,8470,2181,4371,6552,499,2013,2512,90930,91954,182884
2021-01-07,5041,4735,9776,7667,8013,15680,18892,19426,38318,19441,18406,37847,15342,14569,29911,11389,10569,21958,7072,6146,13218,4092,4435,8527,2189,4380,6569,504,2016,2520,91629,92695,184324
2021-01-08,5056,4752,9808,7735,8086,15821,19085,19621,38706,19578,18528,38106,15457,14687,30144,11476,10649,22125,7126,6200,13326,4115,4458,8573,2196,4395,6591,505,2021,2526,92329,93397,185726
2021-01-09,5064,4761,9825,7785,8147,15932,19233,19790,39023,19694,18628,38322,15555,14779,30334,11533,10720,22253,7173,6241,13414,4129,4482,8611,2202,4406,6608,507,2024,2531,92875,93978,186853
2021-01-10,5073,4767,9840,7833,8187,16020,19345,19926,39271,19763,18709,38472,15616,14845,30461,11587,10767,22354,7199,6273,13472,4141,4503,8644,2209,4411,6620,510,2026,2536,93276,94414,187690
2021-01-11,5080,4777,9857,7905,8256,16161,19534,20112,39646,19879,18834,38713,15706,14924,30630,11665,10845,22510,7238,6317,13555,4174,4523,8697,2215,4421,6636,511,2030,2541,93907,95039,188946
2021-01-12,5091,4786,9877,7966,8342,16308,19741,20299,40040,20020,18959,38979,15793,15024,30817,11729,10925,22654,7282,6358,13640,4208,4551,8759,2227,4437,6664,511,2033,2544,94568,95714,190282
2021-01-13,5107,4803,9910,8038,8447,16485,19928,20501,40429,20163,19096,39259,15891,15123,31014,11806,10995,22801,7330,6412,13742,4235,4568,8803,2238,4445,6683,512,2038,2550,95248,96428,191676
2021-01-14,5126,4814,9940,8108,8524,16632,20088,20695,40783,20293,19199,39492,15971,15201,31172,11881,11075,22956,7374,6447,13821,4259,4598,8857,2250,4452,6702,516,2039,2555,95866,97044,192910
2021-01-15,5140,4825,9965,8202,8590,16792,20274,20852,41126,20421,19310,39731,16069,15278,31347,11960,11162,23122,7424,6483,13907,4279,4620,8899,2258,4467,6725,516,2042,2558,96543,97629,194172
2021-01-16,5148,4836,9984,8272,8669,16941,20393,20989,41382,20526,19406,39932,16143,15360,31503,12008,11214,23222,7459,6513,13972,4300,4636,8936,2264,4477,6741,517,2047,2564,97030,98147,195177
2021-01-17,5154,4844,9998,8331,8725,17056,20509,21121,41630,20609,19486,40095,16208,15419,31627,12060,11263,23323,7502,6538,14040,4319,4641,8960,2270,4483,6753,518,2048,2566,97480,98568,196048
2021-01-18,5167,4857,10024,8413,8803,17216,20731,21304,42035,20742,19607,40349,16301,15500,31801,12141,11344,23485,7557,6585,14142,4346,4674,9020,2280,4500,6780,519,2050,2569,98197,99224,197421
2021-01-19,5182,4864,10046,8494,8897,17391,20883,21478,42361,20880,19705,40585,16387,15599,31986,12195,11405,23600,7600,6625,14225,4373,4697,9070,2291,4517,6808,519,2056,2575,98804,99843,198647
2021-01-20,5189,4871,10060,8583,8968,17551,21057,21642,42699,20999,19802,40801,16475,15702,32177,12268,11473,23741,7635,6677,14312,4394,4723,9117,2303,4536,6839,519,2061,2580,99422,100455,199877
2021-01-21,5199,4880,10079,8665,9036,17701,21187,21790,42977,21118,19910,41028,16572,15799,32371,12339,11556,23895,7677,6716,14393,4420,4751,9171,2313,4557,6870,522,2065,2587,100012,101060,201072
2021-01-22,5219,4890,10109,8735,9099,17834,21323,21947,43270,21213,20011,41224,16641,15878,32519,12403,11624,24027,7719,6743,14462,4438,4771,9209,2325,4567,6892,524,2068,2592,100540,101598,202138
2021-01-23,5226,4903,10129,8813,9171,17984,21428,22057,43485,21293,20072,41365,16689,15936,32625,12460,11685,24145,7747,6778,14525,4459,4800,9259,2329,4578,6907,526,2068,2594,100970,102048,203018
2021-01-24,5235,4918,10153,8884,9229,18113,21561,22138,43699,21377,20154,41531,16738,15992,32730,12499,11727,24226,7779,6802,14581,4480,4812,9292,2333,4584,6917,526,2068,2594,101412,102424,203836
2021-01-25,5247,4931,10178,8998,9346,18344,21718,22291,44009,21496,20242,41738,16837,16087,32924,12564,11785,24349,7833,6841,14674,4504,4842,9346,2340,4598,6938,529,2069,2598,102066,103032,205098
2021-01-26,5261,4946,10207,9104,9467,18571,21852,22432,44284,21593,20331,41924,16917,16175,33092,12636,11851,24487,7877,6875,14752,4527,4866,9393,2350,4619,6969,531,2077,2608,102648,103639,206287
2021-01-27,5268,4962,10230,9223,9560,18783,21961,22559,44520,21683,20409,42092,16987,16253,33240,12693,11897,24590,7919,6909,14828,4544,4884,9428,2358,4631,6989,532,2079,2611,103168,104143,207311
2021-01-28,5280,4972,10252,9304,9664,18968,22110,22681,44791,21788,20487,42275,17068,16336,33404,12754,11954,24708,7962,6947,14909,4557,4904,9461,2362,4644,7006,532,2083,2615,103717,104672,208389
2021-01-29,5300,4987,10287,9394,9763,19157,22217,22802,45019,21875,20582,42457,17146,16421,33567,12811,12027,24838,7989,6982,14971,4575,4929,9504,2368,4660,7028,535,2086,2621,104210,105239,209449
2021-01-30,5308,4993,10301,9518,9856,19374,22312,22906,45218,21941,20657,42598,17208,16491,33699,12850,12078,24928,8018,7015,15033,4588,4946,9534,2370,4668,7038,536,2088,2624,104649,105698,210347
2021-01-31,5311,5006,10317,9626,9956,19582,22400,23011,45411,21994,20725,42719,17283,16565,33848,12895,12125,25020,8045,7046,15091,4605,4959,9564,2373,4673,7046,536,2090,2626,105068,106156,211224
2021-02-01,5322,5020,10342,9732,10083,19815,22532,23138,45670,22086,20807,42893,17382,16652,34034,12959,12195,25154,8090,7092,15182,4636,4993,9629,2381,4686,7067,536,2094,2630,105656,106760,212416
2021-02-02,5330,5035,10365,9812,10176,19988,22649,23268,45917,22182,20906,43088,17455,16730,34185,13025,12255,25280,8136,7124,15260,4651,5008,9659,2389,4706,7095,536,2097,2633,106165,107305,213470
2021-02-03,5345,5049,10394,9893,10237,20130,22772,23381,46153,22273,21002,43275,17528,16807,34335,13092,12331,25423,8176,7170,15346,4673,5031,9704,2400,4720,7120,539,2097,2636,106691,107825,214516
2021-02-04,5352,5058,10410,9952,10300,20252,22871,23483,46354,22347,21089,43436,17603,16869,34472,13153,12399,25552,8220,7198,15418,4691,5053,9744,2410,4737,7147,539,2102,2641,107138,108288,215426
2021-02-05,5361,5068,10429,10006,10350,20356,22957,23582,46539,22436,21174,43610,17665,16946,34611,13197,12455,25652,8254,7222,15476,4709,5073,9782,2415,4746,7161,540,2105,2645,107540,108721,216261
2021-02-06,5370,5074,10444,10040,10388,20428,23036,23652,46688,22496,21238,43734,17715,17009,34724,13233,12496,25729,8277,7251,15528,4725,5091,9816,2422,4752,7174,540,2107,2647,107854,109058,216912
2021-02-07,5375,5079,10454,10072,10420,20492,23086,23707,46793,22553,21298,43851,17755,17041,34796,13271,12533,25804,8305,7282,15587,4745,5102,9847,2426,4762,7188,540,2109,2649,108128,109333,217461
2021-02-08,5386,5095,10481,10134,10471,20605,23172,23797,46969,22635,21381,44016,17846,17127,34973,13325,12596,25921,8358,7319,15677,4767,5136,9903,2431,4777,7208,542,2111,2653,108596,109810,218406
2021-02-09,5395,5100,10495,10179,10501,20680,23250,23870,47120,22714,21456,44170,17907,17183,35090,13366,12643,26009,8393,7346,15739,4778,5153,9931,2437,4786,7223,543,2112,2655,108962,110150,219112
2021-02-10,5413,5108,10521,10218,10543,20761,23322,23958,47280,22794,21544,44338,17971,17246,35217,13409,12685,26094,8426,7370,15796,4795,5170,9965,2442,4795,7237,544,2115,2659,109334,110534,219868
2021-02-11,5419,5118,10537,10248,10580,20828,23399,24042,47441,22858,21606,44464,18028,17300,35328,13447,12748,26195,8470,7407,15877,4816,5190,10006,2447,4797,7244,546,2120,2666,109678,110908,220586
2021-02-12,5429,5128,10557,10289,10622,20911,23462,24115,47577,22936,21676,44612,18091,17352,35443,13491,12786,26277,8497,7433,15930,4835,5207,10042,2458,4812,7270,547,2123,2670,110035,111254,221289
2021-02-13,5439,5131,10570,10321,10650,20971,23519,24172,47691,22994,21731,44725,18143,17401,35544,13530,12820,26350,8515,7453,15968,4854,5228,10082,2460,4820,7280,551,2125,2676,110326,111531,221857
2021-02-14,5445,5137,10582,10345,10678,21023,23552,24222,47774,23033,21790,44823,18196,17447,35643,13560,12852,26412,8540,7479,16019,4867,5244,10111,2465,4826,7291,551,2126,2677,110554,111801,222355
2021-02-15,5448,5143,10591,10375,10710,21085,23605,24284,47889,23089,21854,44943,18251,17502,35753,13594,12887,26481,8565,7498,16063,4874,5252,10126,2471,4832,7303,551,2130,2681,110823,112092,222915
2021-02-16,5457,5155,10612,10399,10747,21146,23655,24345,48000,23150,21908,45058,18298,17546,35844,13620,12921,26541,8588,7529,16117,4888,5272,10160,2479,4839,7318,552,2135,2687,111086,112397,223483
2021-02-17,5472,5163,10635,10434,10778,21212,23744,24450,48194,23241,21989,45230,18364,17612,35976,13677,12980,26657,8637,7559,16196,4908,5286,10194,2486,4850,7336,553,2137,2690,111516,112804,224320
2021-02-18,5479,5177,10656,10471,10807,21278,23845,24562,48407,23323,22082,45405,18419,17687,36106,13716,13035,26751,8676,7582,16258,4931,5300,10231,2490,4856,7346,554,2142,2696,111904,113230,225134
2021-02-19,5484,5183,10667,10515,10845,21360,23927,24650,48577,23434,22166,45600,18485,17748,36233,13752,13083,26835,8707,7606,16313,4948,5313,10261,2492,4862,7354,554,2142,2696,112298,113598,225896
2021-02-20,5491,5188,10679,10543,10868,21411,23993,24721,48714,23505,22220,45725,18529,17805,36334,13788,13124,26912,8737,7626,16363,4962,5330,10292,2496,4870,7366,555,2143,2698,112599,113895,226494
2021-02-21,5501,5192,10693,10566,10902,21468,24059,24780,48839,23565,22285,45850,18576,17847,36423,13816,13160,26976,8759,7658,16417,4972,5341,10313,2499,4874,7373,555,2147,2702,112868,114186,227054
2021-02-22,5512,5202,10714,10604,10935,21539,24143,24857,49000,23649,22351,46000,18630,17889,36519,13869,13195,27064,8776,7685,16461,4989,5357,10346,2503,4881,7384,557,2147,2704,113232,114499,227731
2021-02-23,5525,5215,10740,10634,10973,21607,24240,24937,49177,23724,22436,46160,18687,17934,36621,13912,13238,27150,8818,7710,16528,5002,5370,10372,2512,4889,7401,560,2147,2707,113614,114849,228463
2021-02-24,5540,5223,10763,10672,11009,21681,24325,25012,49337,23790,22491,46281,18738,17993,36731,13945,13288,27233,8845,7735,16580,5014,5389,10403,2515,4894,7409,560,2151,2711,113944,115185,229129
2021-02-25,5555,5238,10793,10709,11057,21766,24425,25116,49541,23863,22573,46436,18794,18067,36861,14000,13335,27335,8881,7756,16637,5030,5410,10440,2520,4902,7422,563,2156,2719,114340,115610,229950
2021-02-26,5563,5248,10811,10749,11089,21838,24488,25192,49680,23933,22622,46555,18833,18128,36961,14046,13385,27431,8907,7785,16692,5047,5435,10482,2525,4915,7440,565,2158,2723,114656,115957,230613
2021-02-27,5573,5251,10824,10769,11113,21882,24548,25256,49804,23991,22672,46663,18873,18186,37059,14086,13415,27501,8940,7805,16745,5052,5451,10503,2532,4920,7452,565,2159,2724,114929,116228,231157
2021-02-28,5581,5253,10834,10792,11132,21924,24588,25308,49896,24049,22722,46771,18911,18229,37140,14115,13435,27550,8958,7825,16783,5057,5459,10516,2534,4926,7460,565,2163,2728,115150,116452,231602
2021-03-01,5600,5273,10873,10833,11167,22000,24653,25386,50039,24152,22793,46945,18971,18295,37266,14167,13481,27648,8989,7851,16840,5072,5479,10551,2537,4941,7478,565,2165,2730,115539,116831,232370
2021-03-02,5615,5284,10899,10870,11200,22070,24723,25459,50182,24227,22868,47095,19021,18339,37360,14203,13528,27731,9020,7873,16893,5087,5493,10580,2541,4951,7492,565,2167,2732,115872,117162,233034
2021-03-03,5630,5294,10924,10914,11241,22155,24818,25534,50352,24300,22947,47247,19083,18394,37477,14242,13570,27812,9068,7900,16968,5100,5513,10613,2548,4963,7511,565,2170,2735,116268,117526,233794
2021-03-04,5647,5307,10954,10947,11286,22233,24900,25606,50506,24372,23003,47375,19147,18456,37603,14293,13613,27906,9107,7931,17038,5110,5526,10636,2550,4971,7521,565,2170,2735,116638,117869,234507
2021-03-05,5668,5315,10983,11008,11343,22351,24987,25698,50685,24440,23092,47532,19229,18514,37743,14349,13669,28018,9132,7961,17093,5125,5547,10672,2552,4981,7533,566,2173,2739,117056,118293,235349
2021-03-06,5673,5323,10996,11048,11396,22444,25038,25751,50789,24499,23142,47641,19280,18581,37861,14375,13708,28083,9165,7991,17156,5143,5551,10694,2557,4986,7543,566,2175,2741,117344,118604,235948
2021-03-07,5679,5337,11016,11081,11432,22513,25085,25802,50887,24558,23195,47753,19324,18625,37949,14418,13743,28161,9189,8020,17209,5149,5565,10714,2564,4989,7553,566,2176,2742,117613,118884,236497
2021-03-08,5698,5348,11046,11125,11459,22584,25171,25887,51058,24666,23274,47940,19406,18702,38108,14460,13803,28263,9236,8050,17286,5164,5585,10749,2575,5001,7576,567,2180,2747,118068,119289,237357
2021-03-09,5711,5368,11079,11176,11534,22710,25255,25960,51215,24746,23367,48113,19479,18782,38261,14526,13850,28376,9272,8080,17352,5185,5601,10786,2585,5011,7596,567,2181,2748,118502,119734,238236
2021-03-10,5731,5381,11112,11220,11594,22814,25318,26052,51370,24842,23433,48275,19529,18850,38379,14573,13912,28485,9303,8113,17416,5202,5627,10829,2588,5018,7606,567,2184,2751,118873,120164,239037
2021-03-11,5747,5403,11150,11270,11666,22936,25393,26159,51552,24930,23504,48434,19603,18912,38515,14623,13961,28584,9338,8142,17480,5218,5642,10860,2594,5030,7624,568,2185,2753,119284,120604,239888
2021-03-12,5766,5413,11179,11344,11735,23079,25475,26224,51699,25011,23581,48592,19678,18998,38676,14677,14020,28697,9364,8173,17537,5249,5666,10915,2600,5046,7646,569,2191,2760,119733,121047,240780
2021-03-13,5777,5422,11199,11397,11792,23189,25549,26290,51839,25074,23649,48723,19749,19064,38813,14717,14067,28784,9384,8201,17585,5263,5675,10938,2603,5049,7652,569,2194,2763,120082,121403,241485
2021-03-14,5787,5429,11216,11426,11846,23272,25610,26352,51962,25138,23706,48844,19794,19120,38914,14763,14114,28877,9416,8228,17644,5276,5688,10964,2608,5054,7662,569,2196,2765,120387,121733,242120
2021-03-15,5800,5452,11252,11475,11893,23368,25689,26417,52106,25237,23778,49015,19877,19181,39058,14845,14167,29012,9456,8267,17723,5306,5707,11013,2613,5064,7677,571,2205,2776,120869,122131,243000
2021-03-16,5814,5464,11278,11543,11950,23493,25779,26512,52291,25309,23857,49166,19975,19256,39231,14901,14220,29121,9482,8298,17780,5317,5717,11034,2621,5083,7704,574,2207,2781,121315,122564,243879
2021-03-17,5831,5481,11312,11613,12008,23621,25879,26605,52484,25402,23946,49348,20038,19327,39365,14941,14259,29200,9525,8332,17857,5338,5735,11073,2623,5089,7712,574,2209,2783,121764,122991,244755
2021-03-18,5851,5496,11347,11672,12064,23736,25969,26707,52676,25482,24040,49522,20103,19401,39504,15003,14309,29312,9555,8373,17928,5352,5770,11122,2628,5098,7726,574,2215,2789,122189,123473,245662
2021-03-19,5873,5517,11390,11733,12134,23867,26056,26819,52875,25580,24135,49715,20183,19487,39670,15048,14363,29411,9592,8413,18005,5378,5789,11167,2631,5112,7743,574,2215,2789,122648,123984,246632
2021-03-20,5880,5534,11414,11770,12181,23951,26127,26885,53012,25662,24201,49863,20255,19539,39794,15094,14405,29499,9625,8432,18057,5389,5805,11194,2633,5118,7751,574,2216,2790,123009,124316,247325
2021-03-21,5894,5550,11444,11811,12228,24039,26179,26944,53123,25742,24278,50020,20322,19599,39921,15127,14452,29579,9662,8465,18127,5410,5830,11240,2637,5126,7763,575,2216,2791,123359,124688,248047
2021-03-22,5917,5570,11487,11872,12296,24168,26306,27061,53367,25866,24411,50277,20418,19695,40113,15210,14524,29734,9702,8504,18206,5430,5850,11280,2643,5138,7781,576,2222,2798,123940,125271,249211
2021-03-23,5939,5583,11522,11938,12387,24325,26429,27199,53628,26003,24536,50539,20524,19798,40322,15298,14593,29891,9758,8565,18323,5454,5879,11333,2648,5153,7801,576,2226,2802,124567,125919,250486
2021-03-24,5962,5599,11561,12023,12470,24493,26555,27348,53903,26128,24650,50778,20646,19902,40548,15385,14678,30063,9810,8609,18419,5482,5906,11388,2657,5158,7815,578,2231,2809,125226,126551,251777
2021-03-25,5983,5623,11606,12116,12560,24676,26734,27525,54259,26273,24805,51078,20766,20026,40792,15470,14783,30253,9863,8667,18530,5513,5933,11446,2671,5173,7844,578,2234,2812,125967,127329,253296
2021-03-26,6018,5649,11667,12224,12654,24878,26913,27734,54647,26416,24953,51369,20920,20165,41085,15560,14884,30444,9915,8725,18640,5544,5965,11509,2681,5190,7871,578,2238,2816,126769,128157,254926
2021-03-27,6041,5670,11711,12303,12728,25031,27061,27887,54948,26535,25088,51623,21032,20296,41328,15644,14961,30605,9973,8778,18751,5569,5994,11563,2691,5203,7894,579,2239,2818,127428,128844,256272
2021-03-28,6063,5687,11750,12374,12816,25190,27193,27990,55183,26670,25217,51887,21156,20395,41551,15731,15039,30770,10021,8824,18845,5601,6021,11622,2698,5210,7908,580,2241,2821,128087,129440,257527
2021-03-29,6106,5719,11825,12490,12926,25416,27406,28208,55614,26835,25417,52252,21306,20538,41844,15877,15147,31024,10111,8877,18988,5642,6057,11699,2702,5221,7923,582,2246,2828,129057,130356,259413
2021-03-30,6129,5751,11880,12609,13041,25650,27651,28472,56123,27048,25607,52655,21491,20699,42190,15997,15275,31272,10183,8934,19117,5673,6103,11776,2711,5244,7955,588,2250,2838,130080,131376,261456
2021-03-31,6164,5785,11949,12740,13169,25909,27944,28748,56692,27267,25814,53081,21690,20863,42553,16114,15404,31518,10253,8996,19249,5703,6136,11839,2724,5262,7986,588,2256,2844,131187,132433,263620
2021-04-01,6187,5807,11994,12899,13351,26250,28242,29018,57260,27483,26032,53515,21836,21035,42871,16262,15524,31786,10333,9080,19413,5733,6165,11898,2736,5267,8003,591,2258,2849,132302,133537,265839
2021-04-02,6213,5839,12052,13032,13525,26557,28432,29220,57652,27677,26207,53884,21994,21187,43181,16377,15627,32004,10404,9137,19541,5768,6204,11972,2742,5278,8020,593,2259,2852,133232,134483,267715
2021-04-03,6236,5864,12100,13153,13640,26793,28622,29415,58037,27890,26412,54302,22169,21366,43535,16506,15751,32257,10476,9215,19691,5806,6242,12048,2754,5291,8045,596,2265,2861,134208,135461,269669
2021-04-04,6268,5886,12154,13280,13771,27051,28841,29631,58472,28097,26592,54689,22356,21530,43886,16633,15865,32498,10549,9285,19834,5839,6280,12119,2758,5303,8061,598,2268,2866,135219,136411,271630
2021-04-05,6313,5938,12251,13481,13972,27453,29194,29995,59189,28402,26940,55342,22600,21794,44394,16835,16067,32902,10671,9389,20060,5889,6341,12230,2772,5326,8098,598,2275,2873,136755,138037,274792
2021-04-06,6362,5979,12341,13647,14171,27818,29578,30334,59912,28740,27260,56000,22848,22064,44912,17028,16254,33282,10777,9480,20257,5934,6390,12324,2793,5339,8132,602,2281,2883,138309,139552,277861
2021-04-07,6406,6040,12446,13865,14396,28261,29977,30740,60717,29100,27540,56640,23110,22333,45443,17214,16430,33644,10880,9585,20465,5982,6431,12413,2811,5358,8169,604,2285,2889,139949,141138,281087
2021-04-08,6453,6098,12551,14065,14587,28652,30341,31121,61462,29409,27856,57265,23353,22603,45956,17417,16608,34025,10967,9680,20647,6033,6478,12511,2829,5380,8209,606,2288,2894,141473,142699,284172
2021-04-09,6519,6155,12674,14246,14763,29009,30651,31478,62129,29721,28158,57879,23590,22846,46436,17547,16776,34323,11047,9771,20818,6071,6515,12586,2845,5396,8241,610,2294,2904,142847,144152,286999
2021-04-10,6565,6191,12756,14407,14923,29330,30883,31787,62670,29941,28408,58349,23796,23044,46840,17681,16924,34605,11144,9855,20999,6109,6545,12654,2859,5416,8275,612,2298,2910,143997,145391,289388
2021-04-11,6596,6225,12821,14529,15090,29619,31069,31965,63034,30164,28642,58806,23985,23241,47226,17816,17054,34870,11238,9940,21178,6158,6595,12753,2866,5430,8296,614,2305,2919,145035,146487,291522
2021-04-12,6671,6276,12947,14709,15289,29998,31387,32267,63654,30504,28916,59420,24219,23508,47727,18016,17246,35262,11388,10066,21454,6226,6656,12882,2880,5452,8332,617,2310,2927,146617,147986,294603
2021-04-13,6726,6321,13047,14876,15453,30329,31690,32587,64277,30802,29207,60009,24478,23763,48241,18210,17434,35644,11515,10170,21685,6284,6716,13000,2899,5476,8375,622,2317,2939,148102,149444,297546
2021-04-14,6768,6394,13162,15073,15633,30706,32018,32947,64965,31115,29498,60613,24757,24051,48808,18431,17623,36054,11638,10308,21946,6356,6771,13127,2908,5498,8406,625,2327,2952,149689,151050,300739
2021-04-15,6828,6442,13270,15221,15777,30998,32279,33224,65503,31376,29770,61146,25006,24278,49284,18638,17792,36430,11760,10421,22181,6418,6830,13248,2921,5519,8440,628,2332,2960,151075,152385,303460
2021-04-16,6881,6493,13374,15385,15931,31316,32538,33546,66084,31684,30085,61769,25309,24550,49859,18850,17963,36813,11907,10549,22456,6473,6893,13366,2941,5541,8482,629,2339,2968,152597,153890,306487
2021-04-17,6920,6527,13447,15512,16070,31582,32764,33838,66602,31930,30350,62280,25532,24751,50283,19020,18118,37138,12022,10664,22686,6540,6960,13500,2951,5566,8517,632,2347,2979,153823,155191,309014
2021-04-18,6960,6573,13533,15621,16183,31804,32950,34039,66989,32166,30571,62737,25752,24950,50702,19206,18248,37454,12113,10763,22876,6597,6998,13595,2964,5585,8549,633,2352,2985,154962,156262,311224
2021-04-19,7020,6629,13649,15765,16333,32098,33274,34372,67646,32532,30905,63437,26048,25276,51324,19419,18450,37869,12270,10896,23166,6664,7057,13721,2980,5609,8589,633,2357,2990,156605,157884,314489
2021-04-20,7097,6694,13791,15917,16489,32406,33554,34679,68233,32873,31251,64124,26337,25554,51891,19638,18634,38272,12417,11027,23444,6722,7115,13837,2999,5645,8644,637,2360,2997,158191,159448,317639
2021-04-21,7151,6741,13892,16077,16651,32728,33831,35007,68838,33198,31559,64757,26641,25830,52471,19826,18824,38650,12551,11152,23703,6789,7183,13972,3024,5678,8702,640,2368,3008,159728,160993,320721
2021-04-22,7222,6803,14025,16223,16823,33046,34060,35259,69319,33489,31840,65329,26890,26065,52955,19998,19004,39002,12658,11275,23933,6848,7238,14086,3040,5702,8742,645,2377,3022,161073,162386,323459
2021-04-23,7291,6859,14150,16378,16985,33363,34334,35520,69854,33807,32147,65954,27139,26351,53490,20180,19184,39364,12767,11374,24141,6888,7304,14192,3059,5729,8788,647,2385,3032,162490,163838,326328
2021-04-24,7330,6892,14222,16469,17087,33556,34516,35711,70227,34005,32357,66362,27353,26557,53910,20347,19308,39655,12858,11452,24310,6923,7343,14266,3070,5758,8828,647,2393,3040,163518,164858,328376
2021-04-25,7378,6930,14308,16549,17180,33729,34675,35881,70556,34201,32552,66753,27532,26749,54281,20508,19439,39947,12940,11533,24473,6958,7386,14344,3080,5773,8853,648,2394,3042,164469,165817,330286
2021-04-26,7446,6979,14425,16656,17316,33972,34899,36136,71035,34503,32817,67320,27786,27007,54793,20692,19603,40295,13066,11640,24706,7002,7455,14457,3094,5799,8893,651,2399,3050,165795,167151,332946
2021-04-27,7510,7048,14558,16788,17454,34242,35117,36393,71510,34789,33111,67900,28000,27270,55270,20852,19764,40616,13175,11743,24918,7066,7521,14587,3118,5824,8942,656,2402,3058,167071,168530,335601
2021-04-28,7593,7102,14695,16936,17586,34522,35328,36609,71937,35061,33361,68422,28219,27513,55732,21021,19939,40960,13290,11845,25135,7126,7567,14693,3130,5846,8976,659,2408,3067,168363,169776,338139
2021-04-29,7645,7156,14801,17081,17733,34814,35568,36855,72423,35285,33646,68931,28444,27739,56183,21178,20105,41283,13397,11945,25342,7174,7624,14798,3148,5865,9013,661,2410,3071,169581,171078,340659
2021-04-30,7721,7220,14941,17212,17867,35079,35779,37114,72893,35510,33918,69428,28685,27964,56649,21345,20273,41618,13500,12082,25582,7230,7680,14910,3164,5882,9046,665,2418,3083,170811,172418,343229
2021-05-01,7767,7251,15018,17294,17950,35244,35926,37268,73194,35674,34094,69768,28832,28134,56966,21464,20380,41844,13594,12163,25757,7262,7720,14982,3170,5900,9070,665,2423,3088,171648,173283,344931
2021-05-02,7799,7286,15085,17378,18033,35411,36044,37416,73460,35832,34280,70112,28991,28295,57286,21586,20508,42094,13686,12238,25924,7293,7763,15056,3176,5918,9094,666,2428,3094,172451,174165,346616
2021-05-03,7873,7349,15222,17501,18174,35675,36274,37679,73953,36135,34572,70707,29244,28549,57793,21763,20707,42470,13818,12348,26166,7340,7820,15160,3201,5948,9149,672,2439,3111,173821,175585,349406
2021-05-04,7925,7420,15345,17627,18299,35926,36510,37891,74401,36387,34815,71202,29465,28757,58222,21943,20852,42795,13935,12436,26371,7380,7873,15253,3220,5970,9190,674,2449,3123,175066,176762,351828
2021-05-05,7980,7480,15460,17748,18412,36160,36724,38098,74822,36629,35048,71677,29661,28965,58626,22089,21016,43105,14015,12527,26542,7412,7913,15325,3233,5990,9223,676,2456,3132,176167,177905,354072
2021-05-06,8035,7534,15569,17836,18518,36354,36891,38309,75200,36829,35245,72074,29825,29141,58966,22230,21133,43363,14104,12614,26718,7450,7954,15404,3240,6010,9250,677,2465,3142,177117,178923,356040
2021-05-07,8087,7597,15684,17964,18633,36597,37066,38517,75583,37033,35457,72490,29988,29311,59299,22359,21279,43638,14204,12711,26915,7487,7996,15483,3255,6030,9285,679,2472,3151,178122,180003,358125
2021-05-08,8124,7621,15745,18042,18720,36762,37218,38660,75878,37199,35615,72814,30130,29481,59611,22477,21386,43863,14272,12772,27044,7516,8026,15542,3267,6053,9320,685,2477,3162,178930,180811,359741
2021-05-09,8163,7658,15821,18102,18794,36896,37334,38779,76113,37334,35779,73113,30270,29626,59896,22563,21465,44028,14342,12835,27177,7543,8056,15599,3274,6068,9342,689,2486,3175,179614,181546,361160
2021-05-10,8219,7726,15945,18250,18931,37181,37552,39029,76581,37608,36037,73645,30516,29867,60383,22744,21658,44402,14446,12951,27397,7600,8106,15706,3290,6104,9394,693,2492,3185,180918,182901,363819
2021-05-11,8288,7789,16077,18380,19032,37412,37754,39273,77027,37870,36291,74161,30736,30105,60841,22899,21810,44709,14542,13038,27580,7643,8153,15796,3300,6130,9430,702,2503,3205,182114,184124,366238
2021-05-12,8348,7856,16204,18486,19143,37629,37978,39495,77473,38113,36530,74643,30957,30313,61270,23073,21978,45051,14631,13127,27758,7687,8198,15885,3310,6156,9466,707,2512,3219,183290,185308,368598
2021-05-13,8413,7884,16297,18592,19253,37845,38150,39676,77826,38304,36728,75032,31133,30490,61623,23201,22131,45332,14692,13200,27892,7723,8243,15966,3322,6174,9496,710,2519,3229,184240,186298,370538
2021-05-14,8477,7946,16423,18707,19385,38092,38357,39922,78279,38543,36993,75536,31367,30705,62072,23353,22288,45641,14771,13297,28068,7764,8284,16048,3335,6189,9524,711,2526,3237,185385,187535,372920
2021-05-15,8535,7983,16518,18797,19496,38293,38492,40061,78553,38698,37145,75843,31520,30848,62368,23451,22395,45846,14835,13345,28180,7783,8318,16101,3341,6206,9547,711,2531,3242,186163,188328,374491
2021-05-16,8545,7999,16544,18839,19551,38390,38565,40157,78722,38794,37236,76030,31618,30946,62564,23506,22445,45951,14872,13365,28237,7801,8328,16129,3346,6211,9557,712,2534,3246,186598,188772,375370
2021-05-17,8547,8006,16553,18861,19568,38429,38612,40187,78799,38837,37278,76115,31656,30981,62637,23533,22474,46007,14882,13374,28256,7807,8331,16138,3346,6212,9558,712,2534,3246,186793,188945,375738
2021-05-18,8547,8006,16553,18861,19568,38429,38612,40187,78799,38837,37278,76115,31656,30981,62637,23533,22474,46007,14882,13374,28256,7807,8331,16138,3346,6212,9558,712,2534,3246,186793,188945,375738
