FECHA,<=10M,<=10F,<=10,11-20M,11-20F,11-20,21-30M,21-30F,21-30,31-40M,31-40F,31-40,41-50M,41-50F,41-50,51-60M,51-60F,51-60,61-70M,61-70F,61-70,71-80M,71-80F,71-80,81-90M,81-90F,81-90,>=91M,>=91F,>=91,TotalM,TotalF,Total,DelayCount,CumDelay,DelayAvg
2020-03-15,1,0,1,0,0,0,0,2,2,2,1,3,1,1,2,1,0,1,1,0,1,1,1,2,0,0,0,0,0,0,7,5,12,12,41,3.4166666666666665
2020-03-16,1,3,4,1,1,2,1,3,4,1,1,2,0,0,0,3,1,4,2,2,4,0,0,0,0,0,0,0,0,0,9,11,20,20,66,3.3
2020-03-17,1,4,5,1,1,2,2,1,3,1,2,3,1,3,4,0,2,2,1,2,3,2,2,4,1,0,1,0,0,0,10,17,27,27,389,14.407407407407407
2020-03-18,3,1,4,1,0,1,1,0,1,2,1,3,1,3,4,1,1,2,0,2,2,1,0,1,1,0,1,0,0,0,11,8,19,19,36,1.894736842105263
2020-03-19,3,1,4,0,0,0,3,2,5,3,1,4,2,1,3,0,0,0,1,1,2,1,1,2,0,0,0,1,0,1,14,7,21,21,56,2.6666666666666665
2020-03-20,1,1,2,1,0,1,1,0,1,1,3,4,0,1,1,0,1,1,1,1,2,2,2,4,1,0,1,0,0,0,8,9,17,17,30,1.7647058823529411
2020-03-21,0,0,0,3,1,4,1,2,3,3,1,4,2,1,3,1,0,1,2,2,4,1,1,2,1,0,1,1,0,1,15,8,23,23,66,2.869565217391304
2020-03-22,3,1,4,0,0,0,4,1,5,0,0,0,0,0,0,3,1,4,0,1,1,2,0,2,3,2,5,0,1,1,15,7,22,22,51,2.3181818181818183
2020-03-23,4,1,5,0,2,2,2,2,4,3,1,4,1,1,2,2,1,3,2,1,3,4,3,7,3,3,6,0,2,2,21,17,38,38,68,1.7894736842105263
2020-03-24,2,1,3,0,0,0,2,2,4,2,1,3,0,2,2,2,2,4,0,1,1,2,0,2,2,1,3,1,0,1,13,10,23,23,35,1.5217391304347827
2020-03-25,1,4,5,0,0,0,2,3,5,2,6,8,1,1,2,1,3,4,3,1,4,1,2,3,2,5,7,2,0,2,15,25,40,40,96,2.4
2020-03-26,4,3,7,2,2,4,2,2,4,4,3,7,1,4,5,4,2,6,1,4,5,4,3,7,5,0,5,2,1,3,29,24,53,53,182,3.4339622641509435
2020-03-27,3,3,6,0,1,1,1,2,3,5,1,6,1,4,5,1,3,4,2,4,6,5,5,10,3,3,6,2,5,7,23,31,54,54,117,2.1666666666666665
2020-03-28,2,1,3,0,0,0,2,2,4,2,1,3,1,1,2,4,2,6,4,0,4,4,7,11,3,1,4,0,0,0,22,15,37,37,123,3.324324324324324
2020-03-29,2,0,2,2,1,3,2,3,5,2,2,4,2,3,5,1,0,1,5,3,8,4,2,6,4,1,5,2,1,3,26,16,42,42,97,2.3095238095238093
2020-03-30,3,2,5,0,0,0,1,6,7,7,2,9,4,4,8,1,1,2,7,1,8,3,5,8,4,1,5,3,2,5,33,24,57,57,109,1.912280701754386
2020-03-31,8,3,11,1,0,1,7,2,9,8,3,11,5,4,9,3,1,4,6,3,9,4,3,7,2,3,5,4,0,4,48,22,70,70,146,2.085714285714286
2020-04-01,11,10,21,1,2,3,5,4,9,9,2,11,12,5,17,4,7,11,4,3,7,5,4,9,5,5,10,0,1,1,56,43,99,99,214,2.1616161616161618
2020-04-02,10,9,19,2,4,6,4,6,10,5,6,11,3,6,9,2,8,10,9,6,15,8,5,13,5,7,12,3,3,6,51,60,111,111,197,1.7747747747747749
2020-04-03,17,9,26,4,4,8,5,7,12,7,11,18,8,11,19,3,6,9,8,5,13,7,4,11,5,6,11,1,5,6,65,68,133,133,261,1.962406015037594
2020-04-04,9,13,22,3,4,7,2,7,9,3,10,13,6,3,9,6,0,6,6,3,9,2,5,7,4,2,6,1,3,4,42,50,92,92,173,1.8804347826086956
2020-04-05,9,10,19,4,5,9,6,1,7,7,2,9,8,5,13,4,4,8,1,11,12,6,8,14,3,4,7,2,2,4,50,52,102,102,178,1.7450980392156863
2020-04-06,11,9,20,4,2,6,9,4,13,11,5,16,11,3,14,9,3,12,8,8,16,10,5,15,7,4,11,1,3,4,81,46,127,127,188,1.4803149606299213
2020-04-07,10,9,19,4,4,8,5,4,9,8,7,15,5,6,11,9,2,11,3,4,7,8,8,16,6,11,17,2,1,3,60,56,116,116,131,1.1293103448275863
2020-04-08,8,10,18,4,2,6,4,8,12,5,3,8,9,4,13,7,5,12,9,6,15,11,4,15,1,4,5,3,5,8,61,51,112,112,139,1.2410714285714286
2020-04-09,5,4,9,3,3,6,3,7,10,16,9,25,4,7,11,8,8,16,6,4,10,6,10,16,5,8,13,4,5,9,60,65,125,125,191,1.528
2020-04-10,18,4,22,4,3,7,2,6,8,4,3,7,10,1,11,4,6,10,6,1,7,1,10,11,5,8,13,1,3,4,55,45,100,100,134,1.34
2020-04-11,9,5,14,4,3,7,8,4,12,6,4,10,7,3,10,2,4,6,4,6,10,7,3,10,3,7,10,1,4,5,51,43,94,94,121,1.2872340425531914
2020-04-12,10,7,17,2,0,2,2,4,6,8,3,11,3,7,10,9,3,12,3,4,7,3,8,11,5,4,9,0,2,2,45,42,87,87,141,1.6206896551724137
2020-04-13,9,11,20,8,4,12,12,8,20,5,10,15,5,4,9,5,5,10,9,7,16,5,9,14,6,10,16,4,5,9,68,73,141,141,177,1.2553191489361701
2020-04-14,15,6,21,3,1,4,8,6,14,9,5,14,5,4,9,11,7,18,4,7,11,10,5,15,6,4,10,4,4,8,75,49,124,124,126,1.0161290322580645
2020-04-15,9,4,13,3,6,9,6,7,13,5,7,12,8,13,21,5,10,15,9,5,14,9,3,12,6,6,12,5,3,8,65,64,129,129,182,1.4108527131782946
2020-04-16,12,3,15,6,4,10,7,4,11,12,14,26,10,13,23,6,10,16,5,10,15,7,4,11,4,5,9,0,4,4,69,71,140,140,160,1.1428571428571428
2020-04-17,16,11,27,5,5,10,2,6,8,6,15,21,12,9,21,10,7,17,7,6,13,15,11,26,5,8,13,1,3,4,79,81,160,160,230,1.4375
2020-04-18,11,9,20,6,1,7,11,6,17,17,7,24,9,5,14,7,4,11,2,3,5,6,10,16,6,9,15,3,4,7,78,58,136,136,216,1.588235294117647
2020-04-19,10,10,20,4,0,4,5,3,8,6,4,10,6,5,11,5,9,14,7,7,14,5,8,13,5,7,12,1,1,2,54,54,108,108,132,1.2222222222222223
2020-04-20,14,11,25,10,7,17,15,6,21,13,11,24,10,8,18,9,6,15,12,10,22,15,12,27,10,9,19,4,14,18,112,94,206,206,242,1.174757281553398
2020-04-21,13,8,21,5,6,11,12,6,18,9,14,23,4,4,8,7,8,15,8,8,16,14,10,24,7,10,17,2,10,12,81,84,165,165,197,1.1939393939393939
2020-04-22,14,10,24,4,7,11,7,8,15,12,3,15,13,8,21,7,8,15,8,5,13,7,13,20,8,12,20,7,6,13,87,80,167,167,255,1.526946107784431
2020-04-23,18,13,31,4,5,9,8,10,18,9,9,18,8,8,16,5,12,17,8,4,12,10,8,18,11,11,22,6,8,14,87,88,175,175,174,0.9942857142857143
2020-04-24,17,11,28,5,6,11,10,9,19,12,13,25,7,7,14,8,8,16,7,11,18,11,10,21,10,15,25,3,3,6,90,93,183,183,196,1.0710382513661203
2020-04-25,13,9,22,4,1,5,3,5,8,8,7,15,4,5,9,5,7,12,6,4,10,6,4,10,10,17,27,4,4,8,63,63,126,126,116,0.9206349206349206
2020-04-26,9,17,26,5,6,11,4,3,7,5,2,7,8,6,14,3,4,7,8,7,15,6,7,13,7,7,14,1,4,5,56,63,119,119,105,0.8823529411764706
2020-04-27,12,12,24,7,4,11,6,8,14,5,13,18,4,12,16,11,8,19,7,9,16,19,5,24,11,16,27,3,4,7,85,91,176,176,147,0.8352272727272727
2020-04-28,19,8,27,5,5,10,13,12,25,12,12,24,7,12,19,7,9,16,6,7,13,3,12,15,6,14,20,2,4,6,80,95,175,175,138,0.7885714285714286
2020-04-29,24,12,36,6,5,11,15,8,23,18,15,33,12,8,20,8,7,15,5,8,13,10,6,16,3,14,17,5,10,15,106,93,199,199,156,0.7839195979899497
2020-04-30,18,11,29,9,2,11,8,7,15,8,9,17,11,10,21,10,13,23,9,8,17,8,11,19,8,17,25,8,7,15,97,95,192,192,156,0.8125
2020-05-01,3,13,16,6,6,12,1,7,8,12,11,23,11,6,17,7,3,10,10,6,16,7,9,16,8,11,19,0,2,2,65,74,139,139,121,0.8705035971223022
2020-05-02,6,16,22,6,6,12,9,2,11,8,7,15,6,5,11,7,2,9,3,4,7,8,1,9,5,11,16,1,4,5,59,58,117,117,117,1.0
2020-05-03,8,10,18,4,3,7,6,6,12,7,6,13,5,5,10,8,3,11,8,6,14,5,9,14,6,8,14,3,5,8,60,61,121,121,101,0.8347107438016529
2020-05-04,19,20,39,4,2,6,10,10,20,11,10,21,6,5,11,9,4,13,9,11,20,15,16,31,7,17,24,2,4,6,92,99,191,191,149,0.7801047120418848
2020-05-05,12,13,25,7,3,10,11,10,21,13,14,27,6,13,19,10,6,16,11,7,18,15,8,23,5,12,17,1,10,11,91,96,187,187,123,0.6577540106951871
2020-05-06,14,16,30,5,1,6,13,7,20,15,16,31,20,9,29,6,6,12,10,6,16,18,15,33,7,12,19,4,6,10,112,94,206,206,143,0.6941747572815534
2020-05-07,17,11,28,7,6,13,15,7,22,11,14,25,17,12,29,5,7,12,7,7,14,17,7,24,6,12,18,1,7,8,103,90,193,193,123,0.6373056994818653
2020-05-08,17,13,30,7,5,12,15,8,23,12,16,28,15,11,26,15,4,19,9,11,20,11,9,20,11,12,23,2,12,14,114,101,215,215,237,1.1023255813953488
2020-05-09,19,12,31,4,1,5,7,12,19,4,8,12,9,8,17,5,6,11,7,6,13,12,3,15,5,11,16,5,8,13,77,75,152,152,141,0.9276315789473685
2020-05-10,9,8,17,2,3,5,8,10,18,6,6,12,5,7,12,4,6,10,9,6,15,8,13,21,5,12,17,1,5,6,57,76,133,132,114,0.8636363636363636
2020-05-11,18,18,36,5,5,10,9,11,20,13,12,25,14,11,25,9,7,16,10,6,16,13,9,22,13,18,31,4,15,19,108,112,220,220,154,0.7
2020-05-12,19,10,29,7,10,17,26,21,47,20,9,29,9,15,24,6,4,10,9,8,17,8,10,18,9,14,23,5,12,17,118,113,231,231,163,0.7056277056277056
2020-05-13,27,17,44,8,10,18,19,13,32,16,20,36,14,7,21,11,9,20,9,9,18,9,8,17,8,15,23,1,8,9,122,116,238,238,219,0.9201680672268907
2020-05-14,22,25,47,10,15,25,13,19,32,20,19,39,11,8,19,8,13,21,10,12,22,10,9,19,10,14,24,2,14,16,116,148,264,264,241,0.9128787878787878
2020-05-15,20,23,43,7,7,14,7,12,19,14,15,29,9,15,24,12,6,18,11,9,20,7,6,13,8,20,28,5,9,14,100,122,222,221,195,0.8823529411764706
2020-05-16,13,17,30,7,7,14,5,12,17,10,19,29,7,8,15,7,7,14,8,7,15,9,7,16,6,5,11,5,13,18,77,102,179,179,226,1.2625698324022345
2020-05-17,21,13,34,4,7,11,10,11,21,7,9,16,8,11,19,5,4,9,8,7,15,5,5,10,11,12,23,3,4,7,82,83,165,165,123,0.7454545454545455
2020-05-18,21,23,44,9,12,21,23,20,43,21,20,41,12,20,32,14,10,24,15,14,29,17,13,30,17,13,30,1,11,12,150,156,306,306,226,0.738562091503268
2020-05-19,19,19,38,16,14,30,28,26,54,33,24,57,25,16,41,17,13,30,16,12,28,10,19,29,12,22,34,3,9,12,179,174,353,353,248,0.7025495750708215
2020-05-20,29,39,68,14,16,30,27,23,50,41,17,58,17,16,33,12,12,24,16,16,32,13,11,24,12,16,28,6,5,11,187,171,358,358,231,0.6452513966480447
2020-05-21,34,34,68,19,11,30,28,23,51,26,31,57,16,21,37,18,12,30,14,6,20,14,7,21,7,16,23,1,4,5,177,165,342,342,180,0.5263157894736842
2020-05-22,34,18,52,13,16,29,32,30,62,22,25,47,19,14,33,12,10,22,7,10,17,10,11,21,8,17,25,6,12,18,163,163,326,326,155,0.4754601226993865
2020-05-23,20,19,39,14,16,30,24,19,43,26,16,42,8,17,25,9,8,17,12,11,23,8,13,21,9,6,15,2,2,4,132,127,259,259,157,0.6061776061776062
2020-05-24,17,20,37,10,8,18,14,11,25,13,13,26,10,4,14,7,4,11,11,7,18,11,9,20,5,12,17,2,6,8,100,94,194,194,138,0.711340206185567
2020-05-25,27,23,50,19,22,41,23,27,50,15,20,35,18,11,29,5,8,13,8,8,16,11,6,17,10,15,25,2,9,11,138,149,287,287,159,0.554006968641115
2020-05-26,36,34,70,21,22,43,37,33,70,46,35,81,19,27,46,11,21,32,9,6,15,16,6,22,9,14,23,3,10,13,207,208,415,415,301,0.7253012048192771
2020-05-27,43,33,76,12,18,30,22,31,53,24,19,43,17,13,30,18,14,32,10,8,18,7,14,21,4,14,18,4,2,6,161,166,327,327,244,0.746177370030581
2020-05-28,28,43,71,18,12,30,27,33,60,28,21,49,24,21,45,16,21,37,9,13,22,10,9,19,14,17,31,4,13,17,178,203,381,381,284,0.7454068241469817
2020-05-29,36,32,68,22,20,42,37,36,73,29,41,70,31,21,52,15,21,36,15,11,26,16,12,28,15,17,32,1,4,5,217,215,432,432,322,0.7453703703703703
2020-05-30,29,23,52,14,11,25,36,25,61,32,15,47,13,19,32,12,13,25,8,6,14,10,11,21,7,11,18,1,7,8,162,141,303,302,136,0.4503311258278146
2020-05-31,28,16,44,11,12,23,16,10,26,18,10,28,14,10,24,5,10,15,8,4,12,11,6,17,6,10,16,0,8,8,117,96,213,213,108,0.5070422535211268
2020-06-01,32,29,61,22,19,41,34,41,75,28,36,64,18,23,41,16,14,30,24,16,40,12,9,21,6,9,15,5,4,9,197,200,397,397,263,0.6624685138539043
2020-06-02,43,29,72,20,19,39,34,27,61,25,27,52,17,21,38,14,15,29,15,12,27,22,12,34,7,16,23,4,13,17,201,191,392,392,236,0.6020408163265306
2020-06-03,39,23,62,15,28,43,30,26,56,28,37,65,18,24,42,10,12,22,15,15,30,18,12,30,10,16,26,2,9,11,185,202,387,387,211,0.5452196382428941
2020-06-04,35,32,67,18,26,44,35,28,63,18,28,46,20,17,37,27,15,42,11,7,18,20,13,33,10,18,28,2,9,11,196,193,389,386,240,0.6217616580310881
2020-06-05,44,40,84,16,20,36,34,28,62,32,36,68,28,29,57,24,23,47,17,15,32,16,11,27,11,20,31,4,9,13,226,231,457,457,391,0.8555798687089715
2020-06-06,27,23,50,17,12,29,19,18,37,28,26,54,14,18,32,12,10,22,11,12,23,13,8,21,12,17,29,1,9,10,154,153,307,302,231,0.7649006622516556
2020-06-07,23,23,46,15,12,27,20,20,40,17,14,31,19,8,27,11,8,19,9,4,13,8,7,15,11,11,22,2,8,10,135,115,250,247,139,0.562753036437247
2020-06-08,30,34,64,22,21,43,38,27,65,40,36,76,35,24,59,17,18,35,15,11,26,15,15,30,12,16,28,4,7,11,228,209,437,436,283,0.6490825688073395
2020-06-09,55,34,89,24,23,47,21,40,61,29,32,61,29,22,51,17,7,24,12,9,21,10,14,24,12,26,38,3,12,15,212,219,431,429,353,0.8228438228438228
2020-06-10,26,39,65,14,19,33,41,22,63,33,39,72,31,23,54,23,20,43,20,13,33,21,24,45,5,20,25,6,15,21,220,234,454,454,306,0.6740088105726872
2020-06-11,40,41,81,13,19,32,32,31,63,38,31,69,17,27,44,18,24,42,12,22,34,16,16,32,7,26,33,3,15,18,196,252,448,448,303,0.6763392857142857
2020-06-12,39,43,82,9,25,34,52,39,91,47,51,98,34,33,67,18,19,37,28,16,44,17,14,31,6,21,27,4,9,13,254,270,524,524,342,0.6526717557251909
2020-06-13,36,29,65,23,20,43,36,37,73,36,29,65,10,27,37,20,16,36,11,6,17,12,8,20,8,16,24,2,6,8,194,194,388,388,278,0.7164948453608248
2020-06-14,20,30,50,20,17,37,26,22,48,19,17,36,19,12,31,12,17,29,11,6,17,3,13,16,14,21,35,0,8,8,144,163,307,307,206,0.6710097719869706
2020-06-15,37,32,69,26,19,45,31,30,61,24,27,51,18,18,36,14,12,26,13,5,18,13,10,23,6,16,22,2,10,12,184,179,363,363,212,0.5840220385674931
2020-06-16,52,60,112,22,20,42,62,50,112,46,36,82,37,24,61,23,17,40,14,13,27,16,7,23,13,24,37,3,13,16,288,264,552,552,339,0.6141304347826086
2020-06-17,42,44,86,23,28,51,54,39,93,42,48,90,35,27,62,24,14,38,15,14,29,9,20,29,18,17,35,1,8,9,263,259,522,522,417,0.7988505747126436
2020-06-18,50,44,94,20,16,36,62,46,108,50,57,107,44,23,67,34,22,56,19,19,38,13,14,27,15,24,39,2,11,13,309,276,585,585,498,0.8512820512820513
2020-06-19,55,32,87,13,29,42,40,40,80,64,47,111,37,43,80,40,24,64,29,19,48,19,19,38,18,19,37,7,14,21,322,286,608,608,643,1.0575657894736843
2020-06-20,32,37,69,19,20,39,34,26,60,36,31,67,23,30,53,17,20,37,15,13,28,11,9,20,6,16,22,4,4,8,197,206,403,403,229,0.5682382133995038
2020-06-21,34,21,55,18,17,35,28,32,60,24,32,56,17,8,25,14,10,24,10,10,20,11,7,18,6,9,15,1,7,8,163,153,316,316,140,0.4430379746835443
2020-06-22,48,45,93,29,27,56,38,47,85,51,30,81,32,34,66,24,30,54,16,20,36,18,15,33,6,22,28,2,12,14,264,282,546,546,363,0.6648351648351648
2020-06-23,48,46,94,28,31,59,50,43,93,58,43,101,36,45,81,17,33,50,19,20,39,11,13,24,11,15,26,2,6,8,280,295,575,575,332,0.577391304347826
2020-06-24,43,47,90,26,23,49,48,52,100,42,52,94,42,31,73,21,33,54,14,16,30,10,15,25,14,14,28,2,4,6,262,287,549,549,261,0.47540983606557374
2020-06-25,50,54,104,35,40,75,41,43,84,45,36,81,39,33,72,36,33,69,11,17,28,11,13,24,10,12,22,4,5,9,282,286,568,568,377,0.6637323943661971
2020-06-26,47,38,85,34,27,61,62,48,110,46,43,89,38,37,75,19,34,53,23,19,42,12,17,29,11,20,31,1,9,10,293,292,585,585,306,0.5230769230769231
2020-06-27,63,58,121,31,39,70,38,49,87,33,33,66,28,24,52,21,15,36,15,7,22,3,13,16,8,7,15,4,6,10,244,251,495,495,262,0.5292929292929293
2020-06-28,42,23,65,15,18,33,18,43,61,28,33,61,20,25,45,22,14,36,10,7,17,8,10,18,8,11,19,6,7,13,177,191,368,368,187,0.5081521739130435
2020-06-29,46,50,96,35,41,76,47,41,88,56,41,97,27,28,55,17,32,49,25,11,36,15,16,31,12,18,30,3,7,10,283,285,568,568,326,0.573943661971831
2020-06-30,33,43,76,16,30,46,54,36,90,36,46,82,36,35,71,28,27,55,24,10,34,17,10,27,6,19,25,2,11,13,252,267,519,518,269,0.5193050193050193
2020-07-01,45,37,82,17,29,46,58,48,106,40,38,78,33,33,66,23,29,52,18,16,34,15,14,29,9,21,30,3,6,9,261,271,532,531,324,0.6101694915254238
2020-07-02,59,55,114,25,32,57,48,56,104,46,44,90,41,32,73,21,21,42,19,13,32,12,16,28,11,10,21,3,5,8,285,284,569,569,227,0.3989455184534271
2020-07-03,56,40,96,31,23,54,45,38,83,56,56,112,24,33,57,28,20,48,19,15,34,11,15,26,10,17,27,3,4,7,283,261,544,544,283,0.5202205882352942
2020-07-04,37,38,75,22,23,45,35,44,79,30,30,60,30,23,53,23,16,39,13,12,25,11,16,27,5,11,16,3,7,10,209,220,429,429,185,0.43123543123543123
2020-07-05,26,37,63,21,14,35,33,36,69,28,37,65,15,27,42,17,20,37,21,16,37,15,15,30,9,16,25,4,7,11,189,225,414,414,198,0.4782608695652174
2020-07-06,32,37,69,21,21,42,47,45,92,55,35,90,40,39,79,35,29,64,25,25,50,18,27,45,10,25,35,3,8,11,286,291,577,577,197,0.341421143847487
2020-07-07,50,67,117,31,34,65,56,53,109,60,48,108,34,34,68,30,33,63,17,14,31,13,13,26,10,23,33,7,12,19,308,331,639,639,247,0.3865414710485133
2020-07-08,46,35,81,30,31,61,55,47,102,44,47,91,47,46,93,24,32,56,18,20,38,17,20,37,10,16,26,4,14,18,295,308,603,603,284,0.4709784411276949
2020-07-09,34,27,61,17,14,31,33,31,64,46,31,77,34,31,65,15,14,29,12,16,28,8,23,31,6,17,23,7,8,15,212,212,424,424,163,0.38443396226415094
2020-07-10,32,27,59,23,24,47,36,34,70,31,39,70,24,25,49,16,22,38,20,19,39,17,12,29,13,17,30,1,10,11,213,229,442,442,170,0.38461538461538464
2020-07-11,30,42,72,23,13,36,27,29,56,28,33,61,28,31,59,21,30,51,21,14,35,14,28,42,7,25,32,3,14,17,202,259,461,461,245,0.5314533622559653
2020-07-12,28,18,46,16,10,26,27,23,50,26,20,46,19,17,36,10,13,23,11,12,23,10,9,19,6,13,19,4,6,10,157,141,298,298,113,0.37919463087248323
2020-07-13,39,50,89,30,24,54,48,49,97,48,48,96,46,45,91,30,41,71,35,26,61,23,39,62,14,45,59,2,24,26,315,391,706,706,410,0.5807365439093485
2020-07-14,51,40,91,29,24,53,42,35,77,72,55,127,46,43,89,37,17,54,23,28,51,19,29,48,6,18,24,7,15,22,332,304,636,636,284,0.44654088050314467
2020-07-15,41,48,89,42,28,70,45,74,119,71,74,145,46,48,94,27,39,66,23,25,48,14,20,34,14,16,30,7,7,14,330,379,709,709,293,0.4132581100141044
2020-07-16,50,31,81,26,39,65,55,60,115,65,48,113,41,58,99,31,40,71,20,19,39,18,20,38,19,33,52,2,17,19,327,365,692,692,386,0.5578034682080925
2020-07-17,50,42,92,31,29,60,35,59,94,49,59,108,43,64,107,33,41,74,28,32,60,18,19,37,17,19,36,4,9,13,308,373,681,681,335,0.4919236417033774
2020-07-18,29,35,64,19,19,38,48,47,95,41,51,92,29,38,67,28,24,52,26,26,52,15,11,26,16,22,38,2,6,8,253,279,532,532,298,0.5601503759398496
2020-07-19,36,40,76,18,25,43,34,31,65,34,40,74,31,32,63,25,25,50,18,14,32,14,10,24,10,18,28,2,7,9,222,242,464,464,177,0.38146551724137934
2020-07-20,62,50,112,42,39,81,61,58,119,61,84,145,45,73,118,35,44,79,30,43,73,25,26,51,21,20,41,3,13,16,385,450,835,835,347,0.4155688622754491
2020-07-21,49,39,88,30,29,59,63,50,113,69,65,134,48,48,96,38,42,80,26,30,56,26,26,52,14,28,42,5,9,14,368,366,734,734,299,0.40735694822888285
2020-07-22,70,46,116,30,30,60,78,72,150,75,69,144,65,56,121,35,41,76,21,27,48,30,23,53,14,35,49,1,11,12,419,410,829,829,352,0.42460796139927626
2020-07-23,54,49,103,29,34,63,68,68,136,69,76,145,42,46,88,35,32,67,18,28,46,18,22,40,7,23,30,7,8,15,347,386,733,733,396,0.5402455661664393
2020-07-24,43,50,93,34,28,62,73,66,139,59,70,129,53,54,107,38,33,71,34,17,51,16,22,38,12,25,37,2,14,16,364,379,743,743,376,0.506056527590848
2020-07-25,45,40,85,29,20,49,50,53,103,53,55,108,37,38,75,18,23,41,18,24,42,14,23,37,12,13,25,5,3,8,281,292,573,573,308,0.537521815008726
2020-07-26,38,34,72,16,21,37,31,25,56,29,36,65,33,19,52,19,20,39,12,13,25,15,13,28,9,22,31,5,6,11,207,209,416,416,207,0.49759615384615385
2020-07-27,41,43,84,36,28,64,54,56,110,65,63,128,55,58,113,34,49,83,27,36,63,18,21,39,18,21,39,5,21,26,353,396,749,749,344,0.45927903871829107
2020-07-28,52,51,103,31,30,61,77,84,161,67,66,133,53,51,104,50,48,98,38,32,70,19,33,52,11,26,37,5,20,25,403,441,844,844,340,0.4028436018957346
2020-07-29,57,52,109,31,34,65,77,66,143,66,71,137,69,62,131,41,46,87,34,38,72,25,23,48,19,36,55,8,24,32,427,452,879,879,356,0.4050056882821388
2020-07-30,60,47,107,41,51,92,95,71,166,80,72,152,64,54,118,48,46,94,28,31,59,18,21,39,9,19,28,2,8,10,445,420,865,865,391,0.45202312138728323
2020-07-31,46,60,106,25,31,56,58,76,134,88,90,178,63,53,116,40,45,85,28,32,60,20,30,50,11,30,41,6,16,22,385,463,848,848,426,0.5023584905660378
2020-08-01,39,38,77,21,31,52,39,55,94,41,54,95,33,45,78,32,30,62,24,10,34,20,18,38,13,23,36,1,13,14,263,317,580,580,304,0.5241379310344828
2020-08-02,43,35,78,22,25,47,34,34,68,45,42,87,29,45,74,18,28,46,11,17,28,8,17,25,12,16,28,2,7,9,224,266,490,490,221,0.45102040816326533
2020-08-03,55,60,115,34,40,74,65,74,139,69,58,127,44,58,102,38,44,82,31,24,55,14,22,36,14,32,46,4,14,18,368,426,794,794,405,0.5100755667506297
2020-08-04,65,48,113,42,44,86,83,56,139,81,72,153,66,59,125,48,39,87,34,28,62,18,25,43,18,33,51,5,15,20,460,419,879,879,380,0.4323094425483504
2020-08-05,57,55,112,43,32,75,73,69,142,61,73,134,45,59,104,46,52,98,31,33,64,28,25,53,15,23,38,3,10,13,402,431,833,833,551,0.6614645858343338
2020-08-06,56,47,103,31,44,75,73,74,147,71,84,155,60,65,125,37,44,81,31,26,57,21,24,45,16,29,45,5,13,18,401,450,851,850,488,0.5741176470588235
2020-08-07,68,56,124,34,30,64,72,84,156,77,76,153,49,77,126,43,38,81,22,33,55,26,32,58,14,42,56,5,19,24,410,487,897,897,426,0.47491638795986624
2020-08-08,45,42,87,27,27,54,39,48,87,68,64,132,43,53,96,34,38,72,21,25,46,15,30,45,12,38,50,1,26,27,305,391,696,696,227,0.3261494252873563
2020-08-09,34,35,69,23,18,41,36,47,83,48,35,83,34,53,87,38,40,78,21,22,43,19,26,45,16,47,63,4,18,22,273,341,614,614,212,0.34527687296416937
2020-08-10,62,55,117,38,35,73,81,76,157,76,67,143,67,66,133,52,58,110,22,24,46,16,28,44,14,25,39,4,14,18,432,448,880,880,330,0.375
2020-08-11,54,49,103,45,31,76,79,74,153,97,84,181,77,79,156,49,54,103,41,38,79,31,56,87,18,47,65,7,24,31,498,536,1034,1034,408,0.3945841392649903
2020-08-12,51,53,104,45,45,90,69,89,158,65,116,181,70,71,141,47,46,93,32,32,64,15,29,44,11,21,32,4,17,21,409,519,928,928,337,0.36314655172413796
2020-08-13,42,49,91,46,42,88,98,88,186,96,112,208,65,75,140,52,56,108,27,38,65,29,22,51,13,24,37,5,15,20,473,521,994,994,374,0.3762575452716298
2020-08-14,38,44,82,31,36,67,94,98,192,85,102,187,74,58,132,50,57,107,35,36,71,24,34,58,13,22,35,3,13,16,447,500,947,947,382,0.4033790918690602
2020-08-15,54,35,89,43,38,81,48,67,115,58,77,135,42,66,108,31,38,69,28,31,59,22,41,63,15,50,65,4,21,25,345,464,809,809,310,0.3831891223733004
2020-08-16,37,28,65,20,20,40,50,49,99,44,53,97,20,42,62,27,30,57,14,25,39,16,18,34,11,33,44,4,20,24,243,318,561,560,229,0.4089285714285714
2020-08-17,40,22,62,30,25,55,64,58,122,67,71,138,59,62,121,45,54,99,18,41,59,20,17,37,12,23,35,0,13,13,355,386,741,741,297,0.4008097165991903
2020-08-18,56,52,108,37,34,71,77,70,147,99,93,192,63,70,133,35,69,104,28,36,64,22,29,51,10,21,31,0,16,16,427,490,917,917,331,0.36095965103598693
2020-08-19,56,48,104,35,39,74,54,85,139,77,74,151,52,66,118,43,41,84,24,32,56,18,40,58,17,38,55,6,20,26,382,483,865,865,278,0.3213872832369942
2020-08-20,42,47,89,31,32,63,72,81,153,65,82,147,45,59,104,41,48,89,29,37,66,19,22,41,17,25,42,3,12,15,364,445,809,809,328,0.4054388133498146
2020-08-21,41,58,99,37,31,68,63,73,136,77,82,159,67,62,129,45,60,105,37,39,76,26,43,69,13,39,52,5,11,16,411,498,909,909,398,0.43784378437843785
2020-08-22,28,27,55,29,26,55,50,52,102,52,74,126,47,45,92,29,27,56,32,26,58,17,33,50,13,23,36,5,20,25,302,353,655,655,304,0.46412213740458014
2020-08-23,35,39,74,18,17,35,34,43,77,39,47,86,38,29,67,28,37,65,22,25,47,10,23,33,13,9,22,5,4,9,242,273,515,515,164,0.31844660194174756
2020-08-24,60,60,120,38,37,75,64,78,142,71,92,163,57,73,130,57,44,101,33,47,80,23,31,54,17,29,46,5,19,24,425,510,935,935,377,0.4032085561497326
2020-08-25,45,50,95,41,32,73,73,105,178,83,96,179,62,65,127,37,58,95,29,37,66,18,24,42,16,34,50,6,18,24,410,519,929,929,370,0.3982777179763186
2020-08-26,61,38,99,40,42,82,98,84,182,90,86,176,53,76,129,50,55,105,34,35,69,25,31,56,17,31,48,3,15,18,471,493,964,964,374,0.3879668049792531
2020-08-27,58,49,107,51,55,106,93,78,171,88,91,179,72,77,149,55,54,109,26,38,64,29,25,54,19,31,50,4,20,24,495,518,1013,1013,380,0.3751233958538993
2020-08-28,48,48,96,52,42,94,104,109,213,83,98,181,69,93,162,57,73,130,33,46,79,36,40,76,15,31,46,3,10,13,500,590,1090,1090,477,0.43761467889908257
2020-08-29,37,28,65,21,24,45,72,69,141,61,90,151,63,52,115,39,37,76,36,24,60,21,22,43,10,26,36,4,16,20,364,388,752,752,403,0.535904255319149
2020-08-30,32,44,76,31,25,56,53,51,104,60,49,109,47,52,99,34,31,65,22,27,49,15,20,35,7,14,21,3,7,10,304,320,624,624,200,0.32051282051282054
2020-08-31,54,39,93,45,38,83,88,78,166,75,86,161,61,74,135,44,46,90,33,43,76,29,39,68,22,40,62,2,13,15,453,496,949,949,533,0.5616438356164384
2020-09-01,55,49,104,32,49,81,84,87,171,103,101,204,77,65,142,43,68,111,27,28,55,18,27,45,17,48,65,7,16,23,463,538,1001,1000,412,0.412
2020-09-02,45,36,81,28,30,58,68,85,153,74,91,165,56,60,116,48,50,98,24,30,54,34,27,61,14,32,46,3,27,30,394,468,862,862,455,0.5278422273781903
2020-09-03,50,46,96,48,36,84,90,102,192,109,108,217,70,72,142,54,49,103,34,39,73,27,30,57,19,38,57,4,12,16,505,532,1037,1037,414,0.39922854387656703
2020-09-04,51,59,110,40,42,82,78,90,168,94,96,190,70,86,156,43,56,99,40,47,87,31,29,60,18,27,45,4,15,19,469,547,1016,1016,454,0.4468503937007874
2020-09-05,35,30,65,20,19,39,64,60,124,67,86,153,50,79,129,30,38,68,31,32,63,22,24,46,15,24,39,2,8,10,336,400,736,736,419,0.5692934782608695
2020-09-06,35,33,68,22,23,45,38,52,90,46,44,90,37,41,78,21,35,56,20,24,44,9,28,37,13,16,29,1,9,10,242,305,547,547,231,0.42230347349177333
2020-09-07,43,44,87,33,40,73,85,91,176,101,98,199,63,83,146,50,75,125,42,41,83,22,26,48,16,31,47,5,15,20,460,544,1004,1004,426,0.4243027888446215
2020-09-08,42,50,92,39,42,81,77,90,167,100,100,200,69,72,141,55,56,111,33,47,80,32,31,63,18,28,46,5,21,26,470,537,1007,1007,444,0.44091360476663355
2020-09-09,52,45,97,34,51,85,85,86,171,85,84,169,73,70,143,57,59,116,32,49,81,23,31,54,17,37,54,1,20,21,459,532,991,991,507,0.5116044399596368
2020-09-10,43,30,73,47,36,83,103,96,199,105,120,225,87,84,171,54,55,109,30,39,69,28,30,58,10,31,41,2,18,20,509,539,1048,1048,540,0.5152671755725191
2020-09-11,50,44,94,54,38,92,89,71,160,82,100,182,70,83,153,56,78,134,47,38,85,28,31,59,19,34,53,3,8,11,498,525,1023,1023,531,0.5190615835777126
2020-09-12,38,25,63,27,29,56,46,54,100,49,68,117,34,55,89,36,48,84,31,30,61,21,24,45,13,32,45,2,14,16,297,379,676,676,351,0.5192307692307693
2020-09-13,40,35,75,21,25,46,45,59,104,47,65,112,32,42,74,37,32,69,34,28,62,17,11,28,3,16,19,5,9,14,281,322,603,603,240,0.39800995024875624
2020-09-14,57,54,111,43,40,83,83,110,193,93,91,184,56,76,132,65,69,134,44,55,99,30,33,63,22,24,46,1,9,10,494,561,1055,1055,447,0.42369668246445497
2020-09-15,58,35,93,32,25,57,79,63,142,79,105,184,60,60,120,40,49,89,43,42,85,27,38,65,14,34,48,1,12,13,433,463,896,896,461,0.5145089285714286
2020-09-16,62,55,117,54,55,109,95,115,210,80,114,194,74,80,154,52,62,114,39,46,85,25,25,50,16,30,46,3,11,14,500,593,1093,1093,400,0.36596523330283626
2020-09-17,48,41,89,31,50,81,87,80,167,75,89,164,76,98,174,62,64,126,46,49,95,31,28,59,18,22,40,3,8,11,477,529,1006,1006,491,0.48807157057654077
2020-09-18,59,56,115,33,51,84,82,97,179,89,119,208,62,81,143,50,61,111,35,49,84,36,29,65,12,25,37,4,14,18,462,582,1044,1044,446,0.4272030651340996
2020-09-19,23,44,67,25,36,61,46,44,90,56,62,118,35,32,67,30,33,63,35,33,68,18,21,39,15,20,35,4,8,12,287,333,620,620,291,0.4693548387096774
2020-09-20,34,36,70,31,35,66,44,40,84,52,39,91,34,41,75,19,35,54,16,22,38,19,20,39,6,16,22,3,7,10,258,291,549,549,153,0.2786885245901639
2020-09-21,58,45,103,38,50,88,77,75,152,84,95,179,61,76,137,48,48,96,40,49,89,32,31,63,14,20,34,1,11,12,453,500,953,953,423,0.4438614900314795
2020-09-22,65,57,122,50,51,101,82,97,179,84,88,172,76,68,144,57,61,118,49,37,86,31,37,68,13,36,49,3,14,17,510,546,1056,1056,376,0.3560606060606061
2020-09-23,58,49,107,38,38,76,62,91,153,73,101,174,54,64,118,48,54,102,43,45,88,21,43,64,9,24,33,3,9,12,409,518,927,927,347,0.3743257820927724
2020-09-24,64,53,117,54,53,107,90,78,168,88,94,182,70,73,143,39,46,85,24,58,82,23,31,54,23,28,51,7,22,29,482,536,1018,1018,383,0.3762278978388998
2020-09-25,56,42,98,43,37,80,72,87,159,78,76,154,71,72,143,45,46,91,46,49,95,25,29,54,19,27,46,0,10,10,455,475,930,930,433,0.46559139784946235
2020-09-26,29,30,59,29,27,56,43,39,82,58,49,107,40,42,82,30,46,76,30,24,54,21,14,35,8,15,23,4,8,12,292,294,586,586,246,0.4197952218430034
2020-09-27,34,37,71,20,28,48,43,54,97,47,53,100,46,43,89,28,33,61,24,24,48,7,18,25,9,14,23,2,6,8,260,310,570,570,181,0.3175438596491228
2020-09-28,56,49,105,38,29,67,56,64,120,79,81,160,80,55,135,65,63,128,48,31,79,24,29,53,17,23,40,4,16,20,467,440,907,907,383,0.422271223814774
2020-09-29,62,55,117,52,57,109,93,80,173,107,105,212,76,70,146,51,45,96,44,49,93,31,54,85,24,37,61,1,24,25,541,576,1117,1117,332,0.297224709042077
2020-09-30,61,59,120,38,43,81,83,98,181,81,84,165,63,66,129,59,63,122,42,52,94,29,33,62,15,26,41,3,9,12,474,533,1007,1007,403,0.4001986097318769
2020-10-01,58,77,135,43,65,108,90,107,197,98,102,200,66,69,135,47,56,103,44,50,94,32,46,78,10,17,27,3,11,14,491,600,1091,1091,462,0.4234647112740605
2020-10-02,81,62,143,45,49,94,79,89,168,79,96,175,56,77,133,52,45,97,45,45,90,31,43,74,12,38,50,5,14,19,485,558,1043,1043,543,0.5206136145733461
2020-10-03,37,38,75,28,43,71,59,53,112,57,57,114,45,48,93,43,28,71,29,33,62,23,22,45,9,25,34,4,5,9,334,352,686,686,312,0.45481049562682213
2020-10-04,41,38,79,28,27,55,58,60,118,43,50,93,41,44,85,27,28,55,23,20,43,17,18,35,10,24,34,1,3,4,289,312,601,601,259,0.43094841930116473
2020-10-05,37,50,87,39,32,71,79,76,155,106,97,203,85,69,154,58,61,119,68,46,114,35,49,84,20,31,51,3,7,10,530,518,1048,1048,467,0.44561068702290074
2020-10-06,48,66,114,44,48,92,74,74,148,87,88,175,85,62,147,59,59,118,43,47,90,33,38,71,19,29,48,6,9,15,498,520,1018,1018,362,0.3555992141453831
2020-10-07,65,42,107,34,37,71,84,86,170,99,99,198,72,79,151,49,76,125,48,46,94,28,39,67,16,26,42,3,7,10,498,537,1035,1035,356,0.34396135265700484
2020-10-08,62,44,106,41,38,79,70,87,157,73,94,167,72,66,138,50,55,105,43,40,83,38,36,74,11,29,40,4,19,23,464,508,972,972,399,0.4104938271604938
2020-10-09,50,63,113,53,46,99,55,95,150,89,106,195,57,75,132,42,66,108,35,45,80,28,37,65,10,23,33,4,16,20,423,572,995,995,496,0.4984924623115578
2020-10-10,26,43,69,31,24,55,55,54,109,59,56,115,47,51,98,37,47,84,29,32,61,13,26,39,16,21,37,6,10,16,319,364,683,683,386,0.5651537335285505
2020-10-11,45,36,81,26,23,49,32,57,89,46,73,119,38,40,78,38,32,70,34,24,58,16,22,38,11,18,29,1,6,7,287,331,618,618,346,0.5598705501618123
2020-10-12,39,35,74,42,30,72,51,63,114,64,63,127,38,51,89,32,51,83,43,37,80,20,32,52,15,23,38,0,9,9,344,394,738,738,324,0.43902439024390244
2020-10-13,63,63,126,47,34,81,83,83,166,84,103,187,66,75,141,65,68,133,47,48,95,34,47,81,19,38,57,4,13,17,512,572,1084,1084,495,0.4566420664206642
2020-10-14,50,53,103,39,45,84,81,94,175,78,81,159,53,65,118,43,52,95,50,38,88,32,42,74,17,22,39,0,14,14,443,506,949,949,438,0.46153846153846156
2020-10-15,56,49,105,38,41,79,84,87,171,96,81,177,83,80,163,62,57,119,52,52,104,26,33,59,15,29,44,6,10,16,518,519,1037,1037,401,0.3866923818707811
2020-10-16,71,49,120,51,54,105,115,122,237,104,87,191,75,92,167,59,69,128,48,57,105,31,48,79,20,42,62,2,27,29,576,647,1223,1223,502,0.410466067048242
2020-10-17,38,37,75,35,34,69,66,59,125,69,76,145,50,52,102,35,38,73,36,37,73,33,24,57,11,22,33,3,7,10,376,386,762,762,333,0.43700787401574803
2020-10-18,36,33,69,24,17,41,28,35,63,50,70,120,27,34,61,41,19,60,21,19,40,13,19,32,8,16,24,1,5,6,249,267,516,516,319,0.6182170542635659
2020-10-19,86,61,147,45,54,99,92,104,196,104,132,236,88,120,208,65,73,138,61,53,114,37,56,93,15,34,49,1,9,10,594,696,1290,1290,676,0.524031007751938
2020-10-20,67,69,136,62,49,111,105,100,205,88,97,185,89,110,199,64,64,128,54,47,101,31,45,76,24,36,60,0,15,15,584,632,1216,1216,876,0.7203947368421053
2020-10-21,45,44,89,63,45,108,84,100,184,74,87,161,65,74,139,56,47,103,47,44,91,29,32,61,18,31,49,2,4,6,483,508,991,991,595,0.6004036326942482
2020-10-22,46,47,93,64,61,125,69,83,152,62,87,149,73,61,134,50,52,102,25,50,75,21,36,57,15,25,40,3,8,11,428,510,938,938,648,0.6908315565031983
2020-10-23,47,41,88,38,30,68,52,65,117,55,66,121,45,71,116,42,41,83,37,43,80,34,29,63,13,19,32,4,15,19,367,420,787,787,638,0.8106734434561627
2020-10-24,30,26,56,20,21,41,47,29,76,41,46,87,31,39,70,22,33,55,21,30,51,22,24,46,7,22,29,2,10,12,243,280,523,523,488,0.9330783938814532
2020-10-25,43,29,72,21,30,51,47,49,96,39,75,114,43,38,81,25,48,73,20,30,50,20,23,43,5,13,18,2,2,4,265,337,602,602,555,0.9219269102990033
2020-10-26,56,48,104,54,49,103,67,68,135,83,94,177,49,79,128,54,67,121,42,43,85,37,38,75,11,26,37,1,9,10,454,521,975,975,821,0.8420512820512821
2020-10-27,53,55,108,43,34,77,91,88,179,72,87,159,77,75,152,56,71,127,52,63,115,30,44,74,15,27,42,3,6,9,492,550,1042,1042,904,0.8675623800383877
2020-10-28,51,56,107,41,43,84,69,77,146,82,96,178,48,75,123,59,62,121,43,38,81,22,32,54,11,26,37,3,11,14,429,516,945,945,786,0.8317460317460318
2020-10-29,44,42,86,36,38,74,91,81,172,86,87,173,51,76,127,46,51,97,41,42,83,21,27,48,11,24,35,1,7,8,428,475,903,903,860,0.9523809523809523
2020-10-30,46,32,78,25,41,66,54,76,130,69,82,151,62,72,134,40,55,95,43,57,100,22,31,53,19,25,44,4,14,18,384,485,869,869,679,0.7813578826237054
2020-10-31,37,25,62,20,17,37,42,34,76,42,69,111,34,45,79,28,30,58,29,40,69,21,29,50,8,15,23,2,9,11,263,313,576,576,484,0.8402777777777778
2020-11-01,55,43,98,27,34,61,55,66,121,49,62,111,45,41,86,31,41,72,22,46,68,21,23,44,8,17,25,3,4,7,316,377,693,693,569,0.8210678210678211
2020-11-02,48,58,106,42,46,88,76,83,159,83,78,161,73,76,149,45,49,94,44,51,95,35,37,72,14,18,32,1,10,11,461,506,967,967,788,0.8148914167528438
2020-11-03,35,40,75,24,36,60,54,82,136,72,69,141,58,46,104,41,40,81,36,34,70,35,34,69,16,30,46,1,11,12,372,422,794,794,611,0.7695214105793451
2020-11-04,49,47,96,38,42,80,100,92,192,80,94,174,86,83,169,62,59,121,58,58,116,37,35,72,22,35,57,6,13,19,538,558,1096,1096,648,0.5912408759124088
2020-11-05,64,53,117,71,60,131,115,104,219,114,97,211,90,90,180,66,72,138,42,60,102,34,35,69,17,24,41,4,10,14,617,605,1222,1222,792,0.6481178396072013
2020-11-06,33,43,76,35,42,77,65,57,122,47,76,123,47,42,89,44,52,96,35,49,84,34,45,79,16,30,46,3,7,10,359,443,802,802,632,0.7880299251870324
2020-11-07,38,39,77,25,31,56,48,54,102,41,64,105,49,53,102,41,47,88,47,48,95,34,28,62,21,18,39,6,6,12,350,388,738,738,583,0.7899728997289973
2020-11-08,49,55,104,23,38,61,60,63,123,58,81,139,49,51,100,36,45,81,33,47,80,23,28,51,8,15,23,2,5,7,341,428,769,769,631,0.8205461638491548
2020-11-09,77,63,140,64,42,106,68,98,166,95,109,204,79,84,163,63,66,129,48,53,101,25,46,71,26,32,58,4,10,14,549,603,1152,1152,900,0.78125
2020-11-10,43,42,85,42,45,87,76,60,136,85,86,171,52,52,104,45,46,91,58,44,102,28,32,60,22,27,49,5,11,16,456,445,901,901,593,0.658157602663707
2020-11-11,63,50,113,39,44,83,87,97,184,82,87,169,77,77,154,75,62,137,38,41,79,33,37,70,20,36,56,5,17,22,519,548,1067,1067,710,0.6654170571696345
2020-11-12,65,56,121,38,38,76,86,90,176,112,100,212,81,81,162,60,60,120,51,60,111,33,50,83,19,36,55,3,11,14,548,582,1130,1130,714,0.631858407079646
2020-11-13,58,39,97,47,44,91,94,104,198,67,93,160,66,72,138,49,56,105,57,61,118,37,45,82,20,39,59,5,13,18,500,566,1066,1066,674,0.6322701688555347
2020-11-14,65,58,123,31,30,61,46,59,105,69,65,134,48,56,104,42,42,84,43,25,68,25,40,65,12,20,32,4,3,7,385,398,783,783,580,0.7407407407407407
2020-11-15,60,61,121,47,26,73,58,72,130,71,63,134,56,55,111,51,49,100,49,43,92,26,35,61,10,24,34,0,11,11,428,439,867,867,666,0.7681660899653979
2020-11-16,57,59,116,60,46,106,63,62,125,81,94,175,74,65,139,38,56,94,46,42,88,32,44,76,17,25,42,3,14,17,471,507,978,978,604,0.6175869120654397
2020-11-17,59,66,125,53,47,100,92,109,201,105,110,215,78,88,166,58,70,128,66,74,140,45,54,99,18,41,59,5,15,20,579,674,1253,1253,886,0.7071029529130087
2020-11-18,56,54,110,67,44,111,90,95,185,105,118,223,61,77,138,53,59,112,45,44,89,46,42,88,13,42,55,2,5,7,538,580,1118,1118,772,0.6905187835420393
2020-11-19,64,55,119,60,52,112,92,120,212,88,107,195,70,89,159,60,59,119,40,55,95,38,33,71,22,36,58,3,7,10,537,613,1150,1150,803,0.6982608695652174
2020-11-20,58,50,108,40,52,92,82,89,171,86,92,178,67,87,154,47,58,105,50,41,91,30,32,62,19,30,49,4,12,16,483,543,1026,1026,734,0.7153996101364523
2020-11-21,48,50,98,28,42,70,56,61,117,68,59,127,52,57,109,38,47,85,36,40,76,23,21,44,10,19,29,3,9,12,362,405,767,767,643,0.8383311603650587
2020-11-22,44,34,78,29,31,60,55,48,103,49,62,111,49,44,93,31,31,62,29,41,70,22,17,39,12,21,33,2,10,12,322,339,661,661,510,0.7715582450832073
2020-11-23,57,53,110,36,44,80,56,78,134,74,65,139,55,68,123,38,49,87,36,44,80,29,31,60,19,28,47,5,12,17,405,472,877,877,721,0.82212086659065
2020-11-24,53,66,119,52,50,102,80,100,180,106,90,196,76,68,144,60,64,124,53,60,113,42,44,86,26,33,59,1,8,9,549,583,1132,1132,885,0.7818021201413428
2020-11-25,63,59,122,55,51,106,92,107,199,89,100,189,68,70,138,57,47,104,52,45,97,23,45,68,19,33,52,6,10,16,524,567,1091,1091,740,0.6782768102658112
2020-11-26,59,60,119,59,56,115,82,95,177,97,118,215,65,77,142,57,56,113,54,51,105,36,46,82,11,28,39,9,10,19,529,597,1126,1126,805,0.7149200710479574
2020-11-27,49,49,98,41,37,78,80,109,189,69,87,156,58,40,98,52,53,105,40,37,77,28,35,63,14,36,50,4,4,8,435,487,922,922,676,0.7331887201735358
2020-11-28,63,36,99,39,27,66,62,68,130,47,75,122,47,63,110,52,42,94,23,28,51,23,34,57,15,24,39,1,7,8,372,404,776,776,538,0.6932989690721649
2020-11-29,57,45,102,29,36,65,68,81,149,62,85,147,68,53,121,40,46,86,48,54,102,22,34,56,15,16,31,1,5,6,410,455,865,865,649,0.7502890173410405
2020-11-30,77,62,139,68,48,116,111,121,232,108,104,212,91,94,185,65,68,133,71,74,145,59,44,103,19,32,51,3,9,12,672,656,1328,1327,928,0.6993217784476262
2020-12-01,46,65,111,47,56,103,110,102,212,92,112,204,77,93,170,34,53,87,66,77,143,47,49,96,27,28,55,4,5,9,550,640,1190,1190,771,0.6478991596638656
2020-12-02,38,34,72,37,39,76,64,79,143,62,78,140,62,64,126,35,40,75,37,31,68,30,35,65,18,18,36,2,8,10,385,426,811,811,318,0.3921085080147966
2020-12-03,46,47,93,57,48,105,93,118,211,104,122,226,80,93,173,55,58,113,58,59,117,41,37,78,14,25,39,2,7,9,550,614,1164,1164,279,0.23969072164948454
2020-12-04,56,55,111,56,48,104,85,88,173,88,97,185,77,90,167,64,79,143,58,78,136,50,39,89,17,32,49,6,10,16,557,616,1173,1172,391,0.33361774744027306
2020-12-05,49,52,101,43,41,84,79,63,142,86,79,165,58,52,110,41,39,80,35,40,75,27,26,53,8,21,29,5,7,12,431,420,851,851,414,0.4864864864864865
2020-12-06,41,50,91,35,31,66,53,57,110,53,59,112,47,57,104,28,38,66,33,41,74,26,25,51,16,17,33,1,5,6,333,380,713,713,276,0.3870967741935484
2020-12-07,34,49,83,49,39,88,83,74,157,79,73,152,50,73,123,33,39,72,31,34,65,27,29,56,15,21,36,2,8,10,403,439,842,842,203,0.24109263657957244
2020-12-08,44,47,91,28,40,68,76,82,158,67,75,142,53,48,101,45,46,91,47,45,92,19,40,59,7,20,27,4,6,10,390,449,839,839,268,0.31942789034564956
2020-12-09,61,53,114,43,52,95,110,132,242,97,111,208,87,85,172,74,83,157,74,74,148,41,58,99,20,38,58,2,17,19,609,703,1312,1312,479,0.36509146341463417
2020-12-10,65,48,113,61,79,140,122,132,254,118,150,268,84,108,192,80,92,172,71,72,143,37,42,79,20,48,68,5,10,15,663,781,1444,1444,326,0.2257617728531856
2020-12-11,62,65,127,62,58,120,125,136,261,129,128,257,99,100,199,75,98,173,73,89,162,48,60,108,19,30,49,2,8,10,694,772,1466,1466,314,0.21418826739427013
2020-12-12,60,52,112,49,51,100,105,108,213,97,120,217,90,99,189,70,82,152,54,81,135,33,42,75,13,25,38,2,9,11,573,669,1242,1242,375,0.30193236714975846
2020-12-13,58,39,97,48,53,101,77,98,175,100,108,208,71,80,151,64,81,145,52,47,99,28,29,57,16,20,36,6,4,10,520,559,1079,1079,253,0.2344763670064875
2020-12-14,78,56,134,60,58,118,129,140,269,143,149,292,104,116,220,84,98,182,85,83,168,54,60,114,23,30,53,10,13,23,770,803,1573,1573,460,0.29243483788938335
2020-12-15,58,56,114,58,62,120,109,136,245,137,136,273,103,95,198,84,104,188,83,81,164,40,46,86,12,25,37,3,11,14,687,752,1439,1439,378,0.26268241834607364
2020-12-16,41,58,99,82,90,172,143,160,303,157,182,339,136,140,276,99,104,203,81,90,171,49,61,110,22,24,46,4,10,14,814,919,1733,1733,434,0.2504327755337565
2020-12-17,73,72,145,81,83,164,133,200,333,193,224,417,154,154,308,128,109,237,65,86,151,48,45,93,12,24,36,2,8,10,889,1005,1894,1894,447,0.23600844772967264
2020-12-18,86,64,150,86,99,185,183,205,388,198,232,430,170,172,342,138,138,276,142,121,263,69,75,144,15,41,56,4,7,11,1091,1154,2245,2245,627,0.27928730512249444
2020-12-19,65,57,122,82,72,154,125,169,294,214,227,441,136,149,285,103,100,203,86,111,197,48,60,108,13,28,41,3,6,9,875,979,1854,1854,515,0.2777777777777778
2020-12-20,55,70,125,83,96,179,166,156,322,211,220,431,160,170,330,132,149,281,80,98,178,52,52,104,13,15,28,4,7,11,956,1033,1989,1989,275,0.13826043237807945
2020-12-21,83,84,167,84,85,169,200,195,395,243,276,519,187,180,367,127,154,281,139,126,265,69,74,143,13,45,58,5,7,12,1150,1226,2376,2376,471,0.19823232323232323
2020-12-22,86,91,177,124,124,248,233,252,485,261,302,563,196,195,391,151,165,316,127,143,270,68,62,130,17,30,47,4,6,10,1267,1370,2637,2637,548,0.20781190747061054
2020-12-23,105,90,195,121,122,243,245,264,509,307,296,603,211,227,438,143,140,283,108,142,250,58,65,123,27,40,67,7,14,21,1332,1400,2732,2732,564,0.20644216691068815
2020-12-24,51,49,100,58,72,130,158,143,301,190,173,363,128,119,247,64,84,148,52,80,132,47,28,75,5,18,23,1,4,5,754,770,1524,1524,352,0.23097112860892388
2020-12-25,31,20,51,25,27,52,43,39,82,44,63,107,43,31,74,32,34,66,19,22,41,14,10,24,5,18,23,5,4,9,261,268,529,529,289,0.5463137996219282
2020-12-26,77,62,139,112,139,251,187,232,419,262,270,532,178,189,367,145,138,283,94,112,206,56,65,121,20,35,55,1,11,12,1132,1253,2385,2385,540,0.22641509433962265
2020-12-27,49,43,92,150,128,278,196,201,397,268,266,534,217,219,436,143,173,316,117,115,232,55,76,131,20,32,52,3,11,14,1218,1264,2482,2482,314,0.12651087832393232
2020-12-28,105,89,194,189,209,398,304,326,630,382,386,768,298,288,586,194,230,424,137,173,310,74,98,172,32,49,81,2,20,22,1717,1868,3585,3585,607,0.16931659693165968
2020-12-29,83,80,163,184,198,382,313,331,644,331,352,683,278,310,588,189,191,380,147,163,310,82,98,180,25,56,81,7,16,23,1639,1795,3434,3434,629,0.18316831683168316
2020-12-30,91,72,163,215,239,454,333,353,686,397,384,781,266,318,584,196,249,445,152,165,317,82,91,173,24,46,70,3,13,16,1759,1930,3689,3688,1033,0.28009761388286336
2020-12-31,66,63,129,163,155,318,245,261,506,252,295,547,200,239,439,144,152,296,72,87,159,41,54,95,19,26,45,0,8,8,1202,1340,2542,2542,679,0.26711250983477575
2021-01-01,33,21,54,42,42,84,57,82,139,72,80,152,51,62,113,45,56,101,28,24,52,19,23,42,7,16,23,1,4,5,355,410,765,765,375,0.49019607843137253
2021-01-02,76,62,138,156,174,330,231,256,487,290,310,600,208,233,441,161,185,346,158,167,325,73,88,161,18,34,52,5,9,14,1376,1518,2894,2894,691,0.23876986869384934
2021-01-03,53,65,118,255,263,518,423,510,933,531,537,1068,382,434,816,257,323,580,215,245,460,92,119,211,30,43,73,3,11,14,2241,2550,4791,4791,634,0.13233145481110414
2021-01-04,90,87,177,276,274,550,660,783,1443,739,808,1547,529,568,1097,338,428,766,243,264,507,133,127,260,41,78,119,6,13,19,3055,3430,6485,6485,861,0.13276792598303777
2021-01-05,85,93,178,313,323,636,697,800,1497,724,813,1537,524,591,1115,372,400,772,261,347,608,126,144,270,40,76,116,8,11,19,3150,3598,6748,6747,818,0.12123906921594783
2021-01-06,99,83,182,355,353,708,693,734,1427,697,739,1436,566,566,1132,407,447,854,287,320,607,131,160,291,35,73,108,4,20,24,3274,3495,6769,6768,885,0.13076241134751773
2021-01-07,87,79,166,260,294,554,536,609,1145,573,634,1207,422,437,859,290,348,638,223,275,498,100,135,235,37,62,99,4,14,18,2532,2887,5419,5419,901,0.16626683890016608
2021-01-08,92,89,181,285,308,593,534,602,1136,494,621,1115,368,508,876,279,339,618,178,224,402,100,128,228,36,43,79,6,10,16,2372,2872,5244,5243,1048,0.19988556170131605
2021-01-09,60,68,128,243,286,529,438,539,977,542,632,1174,390,454,844,275,329,604,165,240,405,82,99,181,28,53,81,0,12,12,2223,2712,4935,4933,795,0.16115953780660855
2021-01-10,72,76,148,298,338,636,446,549,995,498,605,1103,389,456,845,261,309,570,168,175,343,59,100,159,17,43,60,4,19,23,2212,2670,4882,4882,549,0.11245391233101187
2021-01-11,94,68,162,315,350,665,629,729,1358,675,748,1423,432,530,962,325,379,704,203,249,452,96,107,203,33,62,95,5,24,29,2807,3246,6053,6053,815,0.13464397819263174
2021-01-12,113,67,180,278,318,596,506,622,1128,465,601,1066,394,449,843,295,384,679,213,200,413,87,105,192,36,41,77,5,10,15,2392,2797,5189,5188,698,0.13454124903623746
2021-01-13,126,109,235,308,367,675,603,679,1282,534,636,1170,461,503,964,321,381,702,242,277,519,95,111,206,24,58,82,6,6,12,2720,3127,5847,5847,791,0.13528305113733538
2021-01-14,96,100,196,331,393,724,518,662,1180,545,630,1175,395,499,894,318,392,710,213,243,456,85,106,191,23,45,68,4,10,14,2528,3080,5608,5607,867,0.15462814339218833
2021-01-15,111,88,199,524,569,1093,614,794,1408,836,914,1750,619,725,1344,471,539,1010,247,305,552,103,135,238,26,55,81,4,10,14,3555,4134,7689,7689,905,0.11770061126284302
2021-01-16,61,50,111,611,617,1228,559,730,1289,706,857,1563,692,773,1465,476,479,955,273,313,586,142,131,273,27,43,70,2,10,12,3549,4003,7552,7552,688,0.09110169491525423
2021-01-17,66,42,108,491,563,1054,561,762,1323,694,802,1496,703,789,1492,444,462,906,220,237,457,92,104,196,20,32,52,2,6,8,3293,3799,7092,7092,531,0.07487309644670051
2021-01-18,94,91,185,605,604,1209,739,847,1586,840,930,1770,790,843,1633,556,596,1152,345,385,730,149,154,303,43,77,120,5,24,29,4166,4551,8717,8716,743,0.08524552547039926
2021-01-19,103,84,187,570,586,1156,688,814,1502,825,893,1718,737,822,1559,501,580,1081,333,372,705,139,171,310,27,62,89,7,13,20,3930,4397,8327,8327,602,0.07229494415755974
2021-01-20,101,89,190,537,553,1090,623,727,1350,747,789,1536,669,708,1377,500,553,1053,348,370,718,165,182,347,36,53,89,6,16,22,3732,4040,7772,7772,574,0.07385486361296964
2021-01-21,120,87,207,381,467,848,596,623,1219,572,635,1207,477,587,1064,339,495,834,266,261,527,109,122,231,43,64,107,8,24,32,2911,3365,6276,6276,730,0.11631612492033142
2021-01-22,85,89,174,427,415,842,484,607,1091,475,617,1092,463,551,1014,334,380,714,233,258,491,102,124,226,26,51,77,6,6,12,2635,3098,5733,5733,689,0.12018140589569161
2021-01-23,51,50,101,449,465,914,500,637,1137,526,597,1123,459,498,957,354,413,767,175,206,381,57,73,130,21,38,59,3,6,9,2595,2983,5578,5578,639,0.11455718895661528
2021-01-24,63,55,118,559,548,1107,556,656,1212,552,668,1220,587,636,1223,405,434,839,217,225,442,81,106,187,29,41,70,2,6,8,3051,3375,6426,6426,420,0.06535947712418301
2021-01-25,90,102,192,663,641,1304,778,865,1643,752,847,1599,662,749,1411,453,540,993,273,302,575,134,148,282,39,71,110,8,17,25,3852,4282,8134,8134,538,0.06614211949840176
2021-01-26,118,89,207,553,550,1103,620,674,1294,598,638,1236,572,628,1200,411,479,890,256,308,564,122,140,262,37,71,108,4,16,20,3291,3593,6884,6884,626,0.09093550261475886
2021-01-27,116,95,211,465,475,940,539,657,1196,563,674,1237,494,599,1093,378,440,818,230,246,476,93,114,207,37,58,95,2,21,23,2917,3379,6296,6296,514,0.08163913595933926
2021-01-28,90,86,176,397,432,829,472,547,1019,483,558,1041,398,491,889,315,376,691,224,253,477,119,134,253,35,51,86,5,17,22,2538,2945,5483,5483,632,0.11526536567572497
2021-01-29,71,99,170,569,569,1138,621,705,1326,687,781,1468,609,716,1325,484,519,1003,281,324,605,115,158,273,25,67,92,4,11,15,3466,3949,7415,7414,849,0.11451308335581332
2021-01-30,66,49,115,766,827,1593,561,690,1251,735,871,1606,793,923,1716,562,597,1159,293,366,659,121,159,280,31,51,82,2,10,12,3930,4543,8473,8473,572,0.06750855659152602
2021-01-31,59,60,119,1164,1236,2400,785,870,1655,914,1087,2001,1174,1390,2564,758,821,1579,331,365,696,117,149,266,28,51,79,2,15,17,5332,6044,11376,11376,331,0.02909634317862166
2021-02-01,86,77,163,964,1085,2049,676,891,1567,898,1064,1962,1017,1192,2209,756,758,1514,383,453,836,132,204,336,47,54,101,2,11,13,4961,5789,10750,10750,617,0.0573953488372093
2021-02-02,91,83,174,791,902,1693,639,760,1399,851,1002,1853,969,1130,2099,661,723,1384,420,434,854,212,241,453,49,73,122,4,11,15,4687,5359,10046,10046,519,0.051662353175393194
2021-02-03,65,91,156,641,621,1262,594,718,1312,715,830,1545,726,839,1565,523,646,1169,382,406,788,172,209,381,41,75,116,5,15,20,3864,4450,8314,8314,567,0.06819821987009862
2021-02-04,76,76,152,373,394,767,446,562,1008,519,597,1116,439,614,1053,368,454,822,227,294,521,116,155,271,29,47,76,5,19,24,2598,3212,5810,5810,532,0.09156626506024096
2021-02-05,83,76,159,346,348,694,419,520,939,443,557,1000,413,468,881,310,377,687,222,266,488,111,133,244,18,53,71,1,10,11,2366,2808,5174,5174,727,0.1405102435253189
2021-02-06,54,47,101,372,434,806,385,480,865,448,617,1065,446,533,979,362,425,787,202,223,425,91,117,208,24,45,69,1,7,8,2385,2928,5313,5313,503,0.09467344249952946
2021-02-07,56,61,117,417,454,871,384,489,873,512,601,1113,466,587,1053,346,425,771,183,197,380,91,106,197,19,30,49,6,5,11,2480,2955,5435,5435,311,0.05722171113155474
2021-02-08,100,80,180,546,667,1213,594,702,1296,741,916,1657,748,905,1653,421,557,978,271,329,600,128,143,271,31,71,102,4,20,24,3584,4390,7974,7974,666,0.0835214446952596
2021-02-09,95,61,156,470,512,982,514,635,1149,685,773,1458,606,754,1360,434,521,955,299,329,628,144,161,305,39,68,107,5,16,21,3291,3830,7121,7121,495,0.06951270888920096
2021-02-10,81,63,144,355,363,718,403,543,946,540,681,1221,537,663,1200,336,447,783,233,275,508,127,128,255,33,52,85,0,13,13,2645,3228,5873,5873,427,0.07270560190703218
2021-02-11,74,62,136,292,376,668,363,523,886,553,622,1175,487,621,1108,271,433,704,231,256,487,105,121,226,31,56,87,4,11,15,2411,3081,5492,5492,398,0.07246904588492352
2021-02-12,82,69,151,353,403,756,396,448,844,549,660,1209,499,634,1133,321,434,755,216,276,492,104,129,233,33,56,89,3,15,18,2556,3124,5680,5680,643,0.11320422535211268
2021-02-13,54,43,97,452,540,992,399,480,879,635,759,1394,601,822,1423,374,454,828,217,252,469,73,108,181,24,41,65,5,11,16,2834,3510,6344,6344,496,0.07818411097099622
2021-02-14,48,38,86,489,534,1023,329,467,796,609,804,1413,732,834,1566,384,465,849,238,259,497,101,129,230,18,27,45,3,12,15,2951,3569,6520,6519,323,0.04954747660684154
2021-02-15,41,61,102,608,663,1271,492,627,1119,771,953,1724,876,1015,1891,519,571,1090,247,293,540,98,141,239,25,66,91,2,12,14,3679,4402,8081,8081,418,0.05172627150105185
2021-02-16,54,41,95,643,589,1232,652,904,1556,968,1108,2076,878,1047,1925,475,505,980,241,246,487,90,138,228,21,39,60,8,5,13,4030,4622,8652,8652,534,0.06171983356449376
2021-02-17,75,91,166,424,493,917,804,980,1784,774,918,1692,644,704,1348,407,499,906,328,361,689,136,169,305,27,70,97,6,20,26,3625,4305,7930,7930,470,0.05926860025220681
2021-02-18,76,68,144,354,424,778,617,758,1375,717,818,1535,548,678,1226,426,463,889,268,317,585,144,166,310,35,57,92,4,14,18,3189,3763,6952,6952,530,0.07623705408515535
2021-02-19,90,65,155,324,445,769,559,687,1246,618,790,1408,523,656,1179,372,475,847,258,315,573,124,164,288,33,55,88,4,13,17,2905,3665,6570,6570,581,0.08843226788432268
2021-02-20,66,52,118,294,378,672,475,588,1063,521,721,1242,474,605,1079,342,461,803,200,289,489,86,110,196,23,39,62,4,5,9,2485,3248,5733,5733,483,0.08424908424908426
2021-02-21,78,47,125,300,366,666,451,610,1061,579,696,1275,471,599,1070,316,396,712,230,265,495,85,113,198,25,35,60,6,11,17,2541,3138,5679,5679,367,0.06462405353055116
2021-02-22,101,107,208,306,408,714,544,726,1270,634,788,1422,506,621,1127,370,446,816,261,318,579,123,136,259,45,45,90,3,8,11,2893,3603,6496,6496,499,0.07681650246305419
2021-02-23,109,89,198,273,307,580,480,591,1071,537,670,1207,424,535,959,343,426,769,260,304,564,118,152,270,34,57,91,7,16,23,2585,3147,5732,5732,467,0.08147243545010467
2021-02-24,85,109,194,276,305,581,396,484,880,487,539,1026,338,453,791,283,348,631,228,253,481,112,129,241,29,45,74,3,10,13,2237,2675,4912,4912,415,0.08448697068403908
2021-02-25,119,112,231,201,245,446,406,432,838,405,452,857,326,373,699,251,320,571,186,240,426,92,126,218,26,46,72,4,14,18,2016,2360,4376,4375,393,0.08982857142857142
2021-02-26,98,103,201,192,249,441,372,482,854,463,488,951,330,430,760,268,336,604,208,291,499,103,127,230,28,50,78,2,19,21,2064,2575,4639,4639,421,0.09075231730976503
2021-02-27,68,67,135,219,311,530,365,511,876,503,577,1080,326,428,754,322,400,722,256,304,560,105,132,237,25,54,79,2,8,10,2191,2792,4983,4983,444,0.08910295003010235
2021-02-28,74,73,147,327,376,703,445,571,1016,659,787,1446,516,638,1154,430,535,965,324,369,693,156,172,328,35,48,83,2,8,10,2968,3577,6545,6545,373,0.056990068754774637
2021-03-01,154,120,274,229,267,496,377,442,819,466,485,951,332,403,735,237,320,557,218,251,469,87,141,228,25,53,78,6,18,24,2131,2500,4631,4631,552,0.11919671777153962
2021-03-02,161,139,300,237,257,494,378,426,804,393,473,866,329,371,700,241,344,585,165,240,405,92,86,178,38,54,92,3,7,10,2037,2397,4434,4434,386,0.08705457825890843
2021-03-03,152,117,269,166,230,396,282,408,690,361,399,760,267,310,577,240,315,555,232,278,510,112,131,243,27,41,68,1,12,13,1840,2241,4081,4081,497,0.12178387650085763
2021-03-04,132,127,259,170,213,383,289,335,624,330,375,705,247,300,547,199,294,493,188,281,469,109,142,251,27,47,74,6,20,26,1697,2134,3831,3831,488,0.12738188462542416
2021-03-05,129,117,246,196,208,404,287,404,691,359,411,770,239,284,523,234,297,531,207,226,433,100,120,220,26,46,72,0,8,8,1777,2121,3898,3897,480,0.12317167051578137
2021-03-06,87,77,164,131,156,287,260,310,570,311,345,656,218,269,487,170,232,402,136,158,294,67,93,160,24,30,54,2,8,10,1406,1678,3084,3084,381,0.12354085603112841
2021-03-07,85,83,168,144,169,313,260,339,599,340,382,722,180,292,472,191,291,482,192,220,412,76,94,170,22,40,62,4,4,8,1494,1914,3408,3407,315,0.09245670678015849
2021-03-08,161,150,311,180,247,427,311,431,742,383,453,836,310,332,642,277,356,633,260,265,525,112,124,236,26,50,76,4,13,17,2024,2421,4445,4442,410,0.09230076542098153
2021-03-09,185,181,366,192,194,386,325,357,682,396,429,825,303,338,641,261,340,601,240,348,588,140,146,286,29,50,79,4,11,15,2075,2394,4469,4469,422,0.0944282837323786
2021-03-10,208,184,392,208,229,437,292,339,631,393,434,827,250,320,570,233,313,546,230,251,481,108,145,253,32,51,83,3,11,14,1957,2277,4234,4234,609,0.14383561643835616
2021-03-11,166,184,350,155,185,340,253,353,606,278,347,625,202,263,465,173,228,401,144,224,368,95,102,197,28,36,64,3,16,19,1497,1938,3435,3435,609,0.17729257641921398
2021-03-12,220,204,424,190,236,426,282,373,655,355,438,793,263,322,585,202,296,498,196,274,470,102,121,223,30,54,84,3,12,15,1843,2330,4173,4172,661,0.1584372003835091
2021-03-13,133,122,255,133,171,304,296,341,637,347,382,729,235,269,504,194,291,485,206,244,450,80,97,177,17,42,59,4,3,7,1645,1962,3607,3607,655,0.1815913501524813
2021-03-14,123,162,285,150,170,320,237,385,622,379,430,809,235,303,538,258,309,567,216,275,491,91,121,212,21,40,61,5,10,15,1715,2205,3920,3920,431,0.10994897959183673
2021-03-15,252,228,480,220,230,450,328,472,800,415,482,897,319,397,716,284,366,650,262,286,548,114,177,291,24,54,78,4,13,17,2222,2705,4927,4927,615,0.12482240714430688
2021-03-16,232,228,460,200,245,445,284,380,664,398,449,847,275,295,570,246,318,564,215,285,500,100,132,232,24,59,83,6,17,23,1980,2408,4388,4388,515,0.11736554238833181
2021-03-17,181,161,342,190,217,407,283,366,649,311,353,664,238,277,515,220,272,492,209,250,459,85,126,211,27,46,73,3,13,16,1747,2081,3828,3827,508,0.13274105043114712
2021-03-18,169,153,322,152,185,337,254,315,569,303,323,626,218,249,467,161,236,397,164,196,360,91,106,197,16,39,55,3,8,11,1531,1810,3341,3341,489,0.14636336426219695
2021-03-19,177,185,362,216,212,428,267,362,629,299,375,674,223,276,499,184,250,434,168,216,384,83,93,176,22,34,56,5,9,14,1644,2012,3656,3656,712,0.19474835886214442
2021-03-20,83,86,169,140,161,301,223,268,491,277,324,601,207,245,452,179,220,399,149,165,314,83,82,165,17,31,48,9,7,16,1367,1589,2956,2954,468,0.15842924847664183
2021-03-21,125,114,239,123,144,267,254,285,539,322,335,657,192,234,426,184,253,437,146,203,349,58,81,139,20,31,51,3,10,13,1427,1690,3117,3117,389,0.12479948668591595
2021-03-22,197,205,402,225,195,420,307,394,701,374,410,784,272,313,585,253,329,582,190,241,431,100,128,228,28,62,90,3,24,27,1949,2301,4250,4250,647,0.15223529411764705
2021-03-23,190,181,371,200,228,428,278,345,623,322,389,711,253,257,510,215,249,464,214,263,477,114,133,247,27,31,58,1,15,16,1814,2091,3905,3905,618,0.15825864276568502
2021-03-24,131,127,258,170,166,336,207,249,456,269,315,584,171,243,414,151,206,357,115,140,255,63,96,159,14,40,54,1,6,7,1292,1588,2880,2880,528,0.18333333333333332
2021-03-25,149,149,298,188,229,417,238,339,577,325,342,667,255,316,571,189,223,412,150,190,340,86,98,184,27,39,66,3,3,6,1610,1928,3538,3538,525,0.1483889202939514
2021-03-26,190,174,364,214,251,465,281,360,641,345,384,729,229,331,560,176,256,432,154,208,362,90,109,199,31,37,68,3,13,16,1713,2123,3836,3836,631,0.16449426485922836
2021-03-27,138,122,260,127,150,277,248,269,517,318,357,675,218,269,487,181,253,434,168,190,358,70,97,167,20,41,61,5,6,11,1493,1754,3247,3247,599,0.18447797967354482
2021-03-28,111,95,206,117,168,285,200,273,473,298,371,669,230,246,476,173,251,424,141,178,319,54,60,114,20,29,49,3,8,11,1347,1679,3026,3026,500,0.16523463317911435
2021-03-29,179,172,351,246,210,456,266,352,618,342,382,724,257,326,583,222,266,488,155,219,374,64,65,129,19,41,60,1,8,9,1751,2041,3792,3792,644,0.169831223628692
2021-03-30,171,155,326,200,219,419,226,314,540,299,348,647,221,279,500,193,226,419,149,190,339,54,80,134,22,33,55,5,7,12,1540,1851,3391,3390,642,0.18938053097345134
2021-03-31,147,128,275,165,150,315,255,310,565,300,358,658,198,281,479,141,209,350,87,126,213,36,52,88,21,26,47,1,11,12,1351,1651,3002,3002,704,0.23451032644903397
2021-04-01,112,139,251,180,192,372,281,323,604,313,342,655,211,274,485,170,227,397,128,161,289,60,85,145,15,22,37,4,11,15,1474,1776,3250,3250,902,0.2775384615384615
2021-04-02,137,101,238,163,198,361,247,287,534,302,305,607,217,244,461,160,233,393,116,121,237,52,50,102,19,17,36,2,8,10,1415,1564,2979,2979,657,0.22054380664652568
2021-04-03,106,105,211,159,201,360,268,275,543,303,344,647,212,302,514,172,211,383,136,139,275,47,73,120,21,40,61,5,7,12,1429,1697,3126,3126,742,0.23736404350607807
2021-04-04,143,118,261,303,313,616,363,449,812,437,544,981,336,448,784,207,281,488,123,171,294,49,65,114,17,36,53,1,8,9,1979,2433,4412,4412,684,0.15503173164097914
2021-04-05,168,187,355,396,424,820,475,572,1047,524,578,1102,418,524,942,265,342,607,161,205,366,76,90,166,22,44,66,4,12,16,2509,2978,5487,5487,825,0.15035538545653362
2021-04-06,196,211,407,316,342,658,514,496,1010,536,611,1147,401,444,845,277,337,614,189,272,461,99,123,222,26,46,72,3,15,18,2557,2897,5454,5454,1022,0.18738540520718738
2021-04-07,203,194,397,340,354,694,466,537,1003,469,580,1049,414,459,873,260,383,643,171,250,421,84,115,199,19,48,67,2,14,16,2428,2934,5362,5359,874,0.1630901287553648
2021-04-08,193,167,360,259,286,545,372,491,863,446,556,1002,331,379,710,225,320,545,156,202,358,67,110,177,24,42,66,2,13,15,2075,2566,4641,4641,896,0.19306184012066366
2021-04-09,151,146,297,198,243,441,254,347,601,301,327,628,246,283,529,160,219,379,114,132,246,52,72,124,8,31,39,3,7,10,1487,1807,3294,3293,901,0.27361068934102645
2021-04-10,120,109,229,189,230,419,309,335,644,347,367,714,230,286,516,157,224,381,115,146,261,32,49,81,7,21,28,2,3,5,1508,1770,3278,3277,666,0.20323466585291425
2021-04-11,97,110,207,175,197,372,210,253,463,282,343,625,245,263,508,156,199,355,113,123,236,33,44,77,13,26,39,2,5,7,1326,1563,2889,2889,609,0.21079958463136034
2021-04-12,171,167,338,251,224,475,299,363,662,339,395,734,299,379,678,215,305,520,148,177,325,49,82,131,17,39,56,5,11,16,1793,2142,3935,3933,709,0.18026951436562422
2021-04-13,176,127,303,186,182,368,289,355,644,364,407,771,270,340,610,210,263,473,105,117,222,59,50,109,17,21,38,4,9,13,1680,1871,3551,3551,682,0.1920585750492819
2021-04-14,160,127,287,171,152,323,182,214,396,214,246,460,157,209,366,121,186,307,146,132,278,50,85,135,23,27,50,4,6,10,1228,1384,2612,2611,774,0.29643814630409804
2021-04-15,181,171,352,208,259,467,322,383,705,359,433,792,322,409,731,243,313,556,152,160,312,45,76,121,18,40,58,2,11,13,1852,2255,4107,4104,746,0.1817738791423002
2021-04-16,168,172,340,198,210,408,359,408,767,395,456,851,302,372,674,235,307,542,175,216,391,52,74,126,12,32,44,5,10,15,1901,2257,4158,4157,736,0.17705075775799856
2021-04-17,154,123,277,179,172,351,260,295,555,351,350,701,258,318,576,188,231,419,121,149,270,52,79,131,18,52,70,5,8,13,1586,1777,3363,3363,672,0.19982158786797502
2021-04-18,97,133,230,137,140,277,234,269,503,287,352,639,248,269,517,179,199,378,127,149,276,47,59,106,26,31,57,2,8,10,1384,1609,2993,2992,463,0.15474598930481284
2021-04-19,207,158,365,215,236,451,324,367,691,387,424,811,340,346,686,235,292,527,157,206,363,60,89,149,16,49,65,4,16,20,1945,2183,4128,4128,627,0.15188953488372092
2021-04-20,187,207,394,188,189,377,280,348,628,305,389,694,270,330,600,217,249,466,172,221,393,67,84,151,34,29,63,4,7,11,1724,2053,3777,3776,624,0.1652542372881356
2021-04-21,164,139,303,141,147,288,230,261,491,248,312,560,220,274,494,164,226,390,123,160,283,56,65,121,16,45,61,1,7,8,1363,1636,2999,2999,566,0.1887295765255085
2021-04-22,179,169,348,213,213,426,270,317,587,324,405,729,299,353,652,217,242,459,145,193,338,59,89,148,17,51,68,2,11,13,1725,2043,3768,3766,612,0.16250663834306958
2021-04-23,159,162,321,199,201,400,283,331,614,343,408,751,298,349,647,224,282,506,145,188,333,69,81,150,30,36,66,5,9,14,1755,2047,3802,3800,605,0.15921052631578947
2021-04-24,87,74,161,73,65,138,76,116,192,101,119,220,98,113,211,60,80,140,38,55,93,32,43,75,9,27,36,5,17,22,579,709,1288,1288,407,0.3159937888198758
2021-04-25,128,118,246,132,145,277,190,211,401,235,278,513,219,255,474,175,206,381,108,120,228,52,46,98,10,33,43,0,6,6,1249,1418,2667,2666,334,0.12528132033008252
2021-04-26,197,179,376,185,211,396,272,298,570,309,345,654,275,330,605,233,265,498,142,169,311,83,111,194,15,40,55,4,10,14,1715,1958,3673,3672,456,0.12418300653594772
2021-04-27,167,149,316,179,192,371,272,335,607,290,345,635,232,274,506,203,220,423,130,159,289,62,92,154,16,40,56,4,8,12,1555,1814,3369,3367,392,0.11642411642411643
2021-04-28,161,157,318,187,176,363,240,278,518,306,332,638,247,287,534,179,226,405,121,151,272,59,73,132,17,30,47,6,8,14,1523,1718,3241,3241,406,0.12526997840172785
2021-04-29,205,170,375,243,214,457,284,359,643,377,424,801,325,391,716,244,294,538,153,210,363,99,114,213,32,57,89,3,17,20,1965,2250,4215,4214,463,0.1098718557190318
2021-04-30,165,141,306,140,130,270,148,220,368,223,264,487,165,230,395,164,198,362,105,153,258,68,84,152,25,47,72,2,17,19,1205,1484,2689,2688,510,0.18973214285714285
2021-05-01,120,105,225,145,111,256,179,223,402,224,275,499,193,259,452,141,182,323,108,98,206,46,60,106,16,42,58,1,4,5,1173,1359,2532,2531,436,0.17226392730146187
2021-05-02,115,101,216,116,117,233,148,181,329,228,260,488,172,247,419,142,167,309,105,159,264,58,73,131,19,28,47,3,15,18,1106,1348,2454,2454,293,0.11939690301548492
2021-05-03,231,218,449,176,189,365,332,332,664,354,437,791,322,359,681,233,355,588,182,273,455,100,118,218,20,59,79,4,16,20,1954,2356,4310,4310,569,0.1320185614849188
2021-05-04,169,207,376,188,197,385,296,316,612,371,382,753,310,347,657,222,305,527,169,227,396,105,121,226,24,34,58,1,13,14,1855,2149,4004,4003,369,0.0921808643517362
2021-05-05,203,180,383,159,167,326,284,338,622,332,360,692,290,309,599,198,249,447,150,155,305,77,91,168,34,52,86,7,11,18,1734,1912,3646,3644,347,0.09522502744237102
2021-05-06,165,197,362,210,223,433,273,314,587,322,373,695,311,330,641,240,291,531,138,181,319,70,97,167,28,48,76,3,19,22,1760,2073,3833,3831,397,0.10362829548420778
2021-05-07,208,173,381,217,231,448,305,376,681,316,438,754,323,360,683,192,290,482,161,190,351,81,105,186,22,39,61,3,10,13,1828,2212,4040,4040,486,0.12029702970297029
2021-05-08,118,108,226,96,90,186,179,209,388,207,225,432,141,175,316,135,165,300,75,84,159,38,43,81,17,27,44,1,11,12,1007,1137,2144,2144,329,0.15345149253731344
2021-05-09,150,123,273,98,123,221,145,186,331,190,223,413,181,202,383,113,155,268,97,95,192,55,71,126,26,32,58,4,3,7,1059,1213,2272,2272,261,0.11487676056338028
2021-05-10,191,179,370,167,190,357,323,335,658,343,371,714,312,358,670,219,266,485,169,209,378,87,120,207,35,49,84,1,7,8,1847,2084,3931,3930,425,0.10814249363867684
2021-05-11,188,150,338,160,164,324,238,247,485,279,278,557,233,262,495,181,203,384,145,166,311,84,101,185,21,33,54,4,7,11,1533,1611,3144,3144,345,0.10973282442748092
2021-05-12,185,156,341,151,141,292,230,280,510,269,302,571,245,274,519,185,224,409,126,163,289,67,82,149,23,37,60,3,10,13,1484,1669,3153,3153,486,0.15413891531874405
2021-05-13,188,143,331,125,165,290,207,306,513,262,324,586,261,283,544,162,227,389,118,138,256,56,96,152,22,43,65,2,8,10,1403,1733,3136,3135,515,0.16427432216905902
2021-05-14,209,218,427,173,221,394,327,360,687,384,465,849,319,399,718,233,300,533,158,199,357,73,101,174,34,41,75,4,9,13,1914,2313,4227,4227,541,0.12798675183345162
2021-05-15,142,139,281,147,153,300,200,258,458,259,322,581,235,302,537,163,174,337,105,135,240,50,56,106,21,38,59,3,11,14,1325,1588,2913,2913,456,0.15653964984552007
2021-05-16,128,132,260,108,144,252,182,193,375,205,267,472,204,239,443,161,186,347,91,112,203,43,64,107,17,28,45,1,12,13,1140,1377,2517,2517,334,0.13269765593961064
2021-05-17,272,275,547,244,258,502,389,447,836,467,559,1026,391,485,876,309,376,685,191,242,433,122,152,274,45,72,117,3,15,18,2433,2881,5314,5312,627,0.11803463855421686
2021-05-18,258,256,514,260,273,533,428,455,883,485,542,1027,457,481,938,283,331,614,164,232,396,109,113,222,46,50,96,4,11,15,2494,2744,5238,5238,737,0.14070255822833141
2021-05-19,287,249,536,362,379,741,629,764,1393,758,869,1627,608,726,1334,409,579,988,283,306,589,120,140,260,38,58,96,7,18,25,3501,4088,7589,7589,593,0.07813941230728687
2021-05-20,315,312,627,418,449,867,727,891,1618,825,903,1728,633,806,1439,439,577,1016,281,306,587,112,161,273,40,62,102,2,19,21,3792,4486,8278,8277,623,0.07526881720430108
2021-05-21,220,203,423,309,352,661,569,741,1310,641,832,1473,546,705,1251,376,490,866,234,289,523,122,116,238,43,89,132,3,23,26,3063,3840,6903,6903,897,0.12994350282485875
2021-05-22,131,120,251,164,217,381,314,415,729,413,445,858,307,395,702,247,278,525,135,130,265,52,70,122,22,69,91,2,21,23,1787,2160,3947,3947,708,0.1793767418292374
2021-05-23,136,110,246,149,179,328,259,294,553,306,365,671,295,288,583,178,249,427,113,153,266,54,58,112,15,49,64,10,18,28,1515,1763,3278,3278,482,0.14704087858450274
2021-05-24,153,139,292,247,291,538,435,470,905,461,561,1022,423,556,979,371,490,861,197,273,470,121,130,251,26,58,84,3,11,14,2437,2979,5416,5416,488,0.09010339734121123
2021-05-25,156,118,274,227,250,477,430,494,924,448,530,978,414,498,912,333,384,717,194,236,430,99,125,224,26,48,74,6,17,23,2333,2700,5033,5032,415,0.08247217806041335
2021-05-26,201,178,379,279,319,598,545,607,1152,596,687,1283,527,629,1156,454,540,994,235,278,513,121,147,268,41,79,120,7,15,22,3006,3479,6485,6485,549,0.08465690053970702
2021-05-27,151,173,324,176,238,414,413,514,927,470,564,1034,412,466,878,331,446,777,176,226,402,108,118,226,33,49,82,1,20,21,2271,2814,5085,5084,573,0.11270653029110936
2021-05-28,196,193,389,273,349,622,525,671,1196,599,719,1318,559,695,1254,466,575,1041,260,330,590,113,137,250,31,56,87,4,14,18,3026,3739,6765,6764,605,0.0894441159077469
2021-05-29,134,119,253,163,216,379,318,423,741,441,482,923,361,450,811,227,303,530,144,169,313,64,98,162,24,52,76,5,17,22,1881,2329,4210,4210,503,0.11947743467933492
2021-05-30,103,96,199,151,176,327,299,378,677,347,405,752,301,365,666,208,286,494,120,137,257,49,73,122,18,28,46,3,9,12,1599,1953,3552,3552,349,0.0982545045045045
2021-05-31,169,177,346,268,279,547,494,583,1077,582,645,1227,473,629,1102,300,398,698,207,269,476,129,152,281,40,60,100,1,18,19,2663,3210,5873,5872,527,0.08974795640326975
2021-06-01,195,175,370,246,293,539,432,528,960,564,634,1198,445,545,990,311,454,765,250,290,540,124,142,266,52,52,104,5,13,18,2624,3126,5750,5750,444,0.07721739130434782
2021-06-02,237,189,426,260,311,571,456,584,1040,530,707,1237,495,587,1082,302,398,700,210,293,503,127,164,291,42,71,113,6,24,30,2665,3328,5993,5991,606,0.10115172759138708
2021-06-03,211,230,441,304,318,622,511,665,1176,619,763,1382,505,641,1146,369,486,855,236,294,530,119,158,277,42,45,87,5,20,25,2921,3620,6541,6540,566,0.08654434250764526
2021-06-04,256,237,493,309,323,632,547,690,1237,606,787,1393,546,642,1188,355,540,895,262,317,579,127,169,296,34,73,107,2,16,18,3044,3794,6838,6838,598,0.08745247148288973
2021-06-05,170,153,323,187,194,381,302,393,695,353,466,819,333,389,722,225,274,499,115,169,284,74,106,180,25,38,63,6,16,22,1790,2198,3988,3988,543,0.13615847542627885
2021-06-06,173,184,357,173,175,348,276,332,608,325,402,727,314,384,698,216,294,510,115,160,275,60,81,141,22,39,61,1,20,21,1675,2071,3746,3746,345,0.09209823812066203
2021-06-07,232,251,483,261,299,560,469,569,1038,541,657,1198,468,679,1147,381,529,910,246,325,571,166,216,382,43,119,162,9,35,44,2816,3679,6495,6495,592,0.09114703618167821
2021-06-08,287,262,549,233,287,520,405,569,974,567,635,1202,428,557,985,349,459,808,207,253,460,122,188,310,33,73,106,7,25,32,2638,3308,5946,5946,488,0.08207198116380761
2021-06-09,260,254,514,299,273,572,487,575,1062,581,711,1292,458,606,1064,366,472,838,219,283,502,132,145,277,52,71,123,5,20,25,2859,3410,6269,6266,548,0.08745611235237791
2021-06-10,241,249,490,277,325,602,485,678,1163,599,772,1371,466,663,1129,328,481,809,221,291,512,132,177,309,34,58,92,7,21,28,2790,3715,6505,6501,515,0.07921858175665282
2021-06-11,237,230,467,248,309,557,529,677,1206,580,825,1405,521,789,1310,340,471,811,234,300,534,129,183,312,46,89,135,7,24,31,2871,3897,6768,6768,645,0.09530141843971632
2021-06-12,194,181,375,214,233,447,337,430,767,432,509,941,363,485,848,245,339,584,146,205,351,89,117,206,30,45,75,5,10,15,2055,2554,4609,4609,444,0.0963332610110653
2021-06-13,196,196,392,198,194,392,253,354,607,340,482,822,331,430,761,214,287,501,138,173,311,65,87,152,23,39,62,5,13,18,1763,2255,4018,4018,388,0.09656545545047288
2021-06-14,289,248,537,312,320,632,507,660,1167,632,762,1394,521,707,1228,384,494,878,241,350,591,145,168,313,41,69,110,19,24,43,3091,3802,6893,6891,549,0.07966913365259033
2021-06-15,306,288,594,328,348,676,496,628,1124,647,763,1410,522,708,1230,363,515,878,246,290,536,122,156,278,51,69,120,6,20,26,3087,3785,6872,6872,525,0.07639697322467986
2021-06-16,307,295,602,300,309,609,515,659,1174,625,770,1395,501,687,1188,320,444,764,222,257,479,116,144,260,38,61,99,3,16,19,2947,3642,6589,6589,430,0.06526028228866293
2021-06-17,284,279,563,313,340,653,586,759,1345,688,895,1583,548,828,1376,341,531,872,249,296,545,141,172,313,39,67,106,3,23,26,3192,4190,7382,7382,559,0.07572473584394473
2021-06-18,258,241,499,311,327,638,550,726,1276,660,950,1610,572,803,1375,325,527,852,211,277,488,91,156,247,35,45,80,3,12,15,3016,4064,7080,7079,552,0.07797711541178133
2021-06-19,211,206,417,193,213,406,320,474,794,492,638,1130,338,484,822,226,306,532,172,189,361,95,108,203,35,72,107,4,20,24,2086,2710,4796,4796,580,0.12093411175979983
2021-06-20,194,166,360,139,131,270,184,296,480,277,386,663,242,336,578,179,228,407,111,125,236,73,72,145,14,39,53,2,10,12,1415,1789,3204,3204,343,0.10705368289637952
2021-06-21,239,216,455,213,229,442,259,399,658,412,499,911,399,471,870,260,307,567,152,173,325,99,106,205,34,33,67,4,6,10,2071,2439,4510,4508,410,0.09094942324755989
2021-06-22,328,301,629,371,314,685,474,647,1121,623,758,1381,592,735,1327,340,486,826,271,342,613,134,177,311,39,79,118,8,15,23,3180,3854,7034,7033,559,0.07948243992606285
2021-06-23,368,310,678,367,370,737,461,690,1151,629,848,1477,604,815,1419,320,488,808,250,287,537,129,185,314,48,87,135,6,32,38,3182,4112,7294,7293,517,0.07088989441930618
2021-06-24,322,314,636,334,384,718,474,696,1170,615,803,1418,515,712,1227,314,453,767,257,336,593,110,155,265,26,61,87,4,15,19,2971,3929,6900,6897,569,0.08249963752356097
2021-06-25,379,313,692,362,427,789,552,786,1338,694,1014,1708,560,846,1406,419,544,963,269,392,661,150,192,342,48,79,127,9,19,28,3442,4612,8054,8054,712,0.08840327787434815
2021-06-26,181,177,358,185,213,398,276,360,636,377,475,852,340,426,766,236,267,503,172,219,391,89,123,212,29,48,77,5,16,21,1890,2324,4214,4214,433,0.10275272899857618
2021-06-27,214,187,401,146,196,342,228,293,521,299,371,670,287,361,648,156,218,374,127,146,273,74,84,158,23,41,64,2,11,13,1556,1908,3464,3464,423,0.12211316397228637
2021-06-28,245,217,462,138,176,314,233,333,566,359,460,819,275,376,651,212,227,439,145,139,284,77,98,175,36,42,78,3,15,18,1723,2083,3806,3805,539,0.1416557161629435
2021-06-29,238,272,510,269,298,567,402,559,961,541,664,1205,397,533,930,300,373,673,209,218,427,123,131,254,33,81,114,5,29,34,2517,3158,5675,5675,551,0.09709251101321587
2021-06-30,280,281,561,315,340,655,439,631,1070,549,743,1292,449,590,1039,311,474,785,213,278,491,100,122,222,31,53,84,3,14,17,2690,3526,6216,6216,458,0.07368082368082368
2021-07-01,216,221,437,279,291,570,419,616,1035,491,686,1177,357,576,933,249,366,615,152,215,367,85,94,179,28,47,75,3,12,15,2279,3124,5403,5401,423,0.07831882984632475
2021-07-02,112,81,193,199,225,424,294,440,734,325,514,839,258,458,716,173,298,471,116,150,266,54,62,116,10,14,24,2,5,7,1543,2247,3790,3788,53,0.01399155227032735
2021-07-03,1,2,3,4,3,7,6,6,12,8,10,18,3,5,8,6,8,14,1,5,6,0,3,3,0,0,0,0,0,0,29,42,71,71,0,0.0
