FECHA,<=10M,<=10F,<=10,11-20M,11-20F,11-20,21-30M,21-30F,21-30,31-40M,31-40F,31-40,41-50M,41-50F,41-50,51-60M,51-60F,51-60,61-70M,61-70F,61-70,71-80M,71-80F,71-80,81-90M,81-90F,81-90,>=91M,>=91F,>=91,TotalM,TotalF,Total
2020-03-15,1,0,1,0,0,0,0,2,2,2,1,3,1,1,2,1,0,1,1,0,1,1,1,2,0,0,0,0,0,0,7,5,12
2020-03-16,2,2,4,1,1,2,1,3,4,3,2,5,1,1,2,3,0,3,3,1,4,1,1,2,0,0,0,0,0,0,15,11,26
2020-03-17,3,6,9,1,2,3,2,4,6,4,2,6,1,3,4,4,1,5,4,2,6,3,3,6,1,0,1,0,0,0,23,23,46
2020-03-18,5,7,12,1,2,3,2,4,6,6,3,9,1,5,6,5,2,7,4,4,8,4,3,7,2,0,2,0,0,0,30,30,60
2020-03-19,6,7,13,1,2,3,5,6,11,8,5,13,2,6,8,5,2,7,5,5,10,5,4,9,2,0,2,1,0,1,40,37,77
2020-03-20,7,8,15,2,2,4,5,6,11,9,7,16,2,7,9,5,3,8,5,6,11,7,6,13,3,0,3,1,0,1,46,45,91
2020-03-21,7,8,15,4,2,6,5,8,13,11,8,19,3,8,11,5,3,8,7,8,15,8,7,15,3,0,3,2,0,2,55,52,107
2020-03-22,8,8,16,4,2,6,8,9,17,11,8,19,3,8,11,7,4,11,7,9,16,10,7,17,6,2,8,2,0,2,66,57,123
2020-03-23,10,8,18,4,4,8,9,10,19,13,9,22,3,9,12,9,4,13,9,9,18,14,10,24,9,5,14,2,2,4,82,70,152
2020-03-24,11,8,19,4,4,8,10,11,21,14,10,24,3,10,13,11,5,16,9,10,19,16,10,26,11,6,17,3,2,5,92,76,168
2020-03-25,12,11,23,4,4,8,12,14,26,15,14,29,4,10,14,12,7,19,11,11,22,18,12,30,13,10,23,5,3,8,106,96,202
2020-03-26,16,14,30,6,4,10,13,16,29,19,16,35,5,14,19,15,9,24,12,14,26,21,13,34,17,10,27,8,4,12,132,114,246
2020-03-27,18,16,34,6,5,11,14,18,32,22,16,38,6,18,24,16,12,28,13,19,32,25,19,44,20,12,32,10,10,20,150,145,295
2020-03-28,20,16,36,6,5,11,15,20,35,24,17,41,7,19,26,19,13,32,16,19,35,29,25,54,22,13,35,11,10,21,169,157,326
2020-03-29,21,16,37,7,6,13,16,22,38,26,17,43,9,21,30,19,13,32,22,22,44,33,26,59,26,15,41,13,11,24,192,169,361
2020-03-30,24,17,41,7,6,13,17,27,44,27,19,46,14,23,37,20,14,34,27,23,50,36,31,67,31,16,47,16,13,29,219,189,408
2020-03-31,31,19,50,8,6,14,20,28,48,30,21,51,19,24,43,22,15,37,31,24,55,42,34,76,33,19,52,20,13,33,256,203,459
2020-04-01,38,27,65,8,8,16,25,31,56,33,23,56,29,28,57,25,18,43,35,27,62,48,36,84,38,25,63,20,14,34,299,237,536
2020-04-02,42,34,76,13,12,25,27,35,62,36,27,63,32,31,63,26,25,51,43,30,73,55,42,97,43,31,74,22,18,40,339,285,624
2020-04-03,56,41,97,16,15,31,31,40,71,42,34,76,36,40,76,28,29,57,51,34,85,60,45,105,48,38,86,23,23,46,391,339,730
2020-04-04,63,51,114,18,17,35,33,46,79,44,44,88,40,42,82,33,29,62,56,36,92,62,49,111,52,40,92,24,26,50,425,380,805
2020-04-05,68,57,125,22,19,41,38,47,85,49,45,94,48,43,91,37,31,68,57,46,103,68,57,125,55,44,99,26,29,55,468,418,886
2020-04-06,78,64,142,25,21,46,44,50,94,59,47,106,57,47,104,44,33,77,61,53,114,79,61,140,62,48,110,27,31,58,536,455,991
2020-04-07,85,73,158,26,23,49,49,53,102,64,53,117,61,51,112,51,35,86,65,56,121,85,69,154,68,59,127,29,32,61,583,504,1087
2020-04-08,92,78,170,28,24,52,51,58,109,69,55,124,68,55,123,56,38,94,71,61,132,94,73,167,70,62,132,32,38,70,631,542,1173
2020-04-09,93,80,173,30,26,56,53,65,118,80,64,144,71,60,131,63,43,106,75,63,138,101,82,183,74,71,145,36,43,79,676,597,1273
2020-04-10,106,82,188,33,29,62,55,70,125,84,65,149,79,61,140,66,48,114,80,65,145,102,91,193,79,79,158,37,47,84,721,637,1358
2020-04-11,111,86,197,35,31,66,63,74,137,89,68,157,83,62,145,67,51,118,83,71,154,109,93,202,83,86,169,38,52,90,761,674,1435
2020-04-12,118,91,209,37,31,68,63,76,139,94,70,164,86,67,153,75,52,127,85,74,159,112,101,213,86,90,176,39,54,93,795,706,1501
2020-04-13,123,98,221,41,34,75,71,82,153,98,78,176,90,70,160,79,57,136,92,78,170,117,108,225,94,98,192,43,60,103,848,763,1611
2020-04-14,135,102,237,43,35,78,78,88,166,106,80,186,94,75,169,88,62,150,96,86,182,125,113,238,101,102,203,47,64,111,913,807,1720
2020-04-15,143,105,248,47,40,87,79,94,173,112,87,199,100,87,187,92,69,161,102,88,190,135,115,250,109,110,219,52,67,119,971,862,1833
2020-04-16,150,107,257,51,45,96,86,98,184,121,99,220,110,96,206,99,76,175,106,98,204,141,119,260,114,115,229,52,71,123,1030,924,1954
2020-04-17,157,113,270,52,48,100,87,105,192,127,111,238,120,103,223,106,83,189,113,103,216,153,125,278,119,123,242,53,74,127,1087,988,2075
2020-04-18,164,120,284,55,49,104,96,107,203,141,117,258,127,108,235,112,86,198,115,105,220,157,135,292,125,131,256,56,78,134,1148,1036,2184
2020-04-19,169,126,295,59,50,109,100,109,209,145,121,266,130,112,242,117,94,211,119,111,230,163,143,306,128,138,266,58,79,137,1188,1083,2271
2020-04-20,179,131,310,67,58,125,112,113,225,157,129,286,136,118,254,125,97,222,130,119,249,177,154,331,137,146,283,63,94,157,1283,1159,2442
2020-04-21,188,139,327,72,61,133,124,116,240,164,138,302,138,122,260,129,104,233,136,125,261,188,166,354,145,156,301,65,104,169,1349,1231,2580
2020-04-22,196,145,341,76,66,142,130,123,253,174,141,315,150,128,278,132,110,242,144,128,272,196,180,376,153,167,320,72,111,183,1423,1299,2722
2020-04-23,209,155,364,81,70,151,135,133,268,183,149,332,158,134,292,135,119,254,151,132,283,205,188,393,164,176,340,79,121,200,1500,1377,2877
2020-04-24,220,164,384,86,74,160,143,140,283,195,160,355,163,140,303,142,127,269,159,141,300,215,198,413,174,192,366,82,124,206,1579,1460,3039
2020-04-25,228,168,396,90,75,165,145,145,290,202,168,370,167,143,310,147,131,278,165,146,311,222,201,423,183,208,391,87,129,216,1636,1514,3150
2020-04-26,233,183,416,95,80,175,147,149,296,205,170,375,175,148,323,149,134,283,171,153,324,227,208,435,190,215,405,88,132,220,1680,1572,3252
2020-04-27,244,192,436,99,84,183,152,154,306,208,179,387,179,157,336,158,140,298,179,160,339,246,214,460,201,228,429,91,138,229,1757,1646,3403
2020-04-28,256,199,455,103,89,192,163,163,326,218,188,406,186,166,352,164,148,312,184,167,351,249,226,475,207,242,449,93,142,235,1823,1730,3553
2020-04-29,269,207,476,109,92,201,174,169,343,235,199,434,196,173,369,172,154,326,188,175,363,258,232,490,210,256,466,98,152,250,1909,1809,3718
2020-04-30,283,215,498,118,94,212,182,172,354,240,204,444,207,180,387,179,165,344,198,184,382,265,241,506,218,272,490,106,160,266,1996,1887,3883
2020-05-01,284,225,509,124,99,223,183,177,360,249,215,464,216,186,402,185,168,353,209,189,398,272,249,521,226,283,509,106,163,269,2054,1954,4008
2020-05-02,289,239,528,129,105,234,189,179,368,259,220,479,221,191,412,193,170,363,212,191,403,279,251,530,232,295,527,107,166,273,2110,2007,4117
2020-05-03,295,243,538,131,107,238,195,184,379,267,225,492,225,196,421,201,172,373,220,198,418,282,259,541,240,303,543,110,171,281,2166,2058,4224
2020-05-04,309,259,568,136,109,245,202,194,396,276,231,507,230,202,432,210,175,385,227,210,437,297,272,569,248,321,569,112,175,287,2247,2148,4395
2020-05-05,316,265,581,143,110,253,210,202,412,287,241,528,236,212,448,219,180,399,237,216,453,311,278,589,254,334,588,113,184,297,2326,2222,4548
2020-05-06,326,274,600,146,110,256,220,208,428,301,251,552,252,219,471,223,185,408,246,221,467,329,290,619,260,345,605,117,190,307,2420,2293,4713
2020-05-07,340,281,621,151,116,267,232,212,444,313,260,573,265,227,492,228,191,419,253,226,479,344,296,640,266,357,623,118,198,316,2510,2364,4874
2020-05-08,352,292,644,157,120,277,244,220,464,322,272,594,281,237,518,241,196,437,258,235,493,357,304,661,277,370,647,120,210,330,2609,2456,5065
2020-05-09,367,301,668,160,120,280,248,231,479,327,278,605,288,244,532,245,200,445,265,242,507,368,306,674,282,380,662,125,218,343,2675,2520,5195
2020-05-10,374,308,682,161,121,282,255,238,493,332,285,617,290,247,537,249,206,455,272,246,518,377,317,694,287,390,677,126,225,351,2723,2583,5306
2020-05-11,386,322,708,167,125,292,261,243,504,343,296,639,299,259,558,257,211,468,283,251,534,388,327,715,298,406,704,130,238,368,2812,2678,5490
2020-05-12,400,330,730,173,133,306,282,258,540,364,301,665,307,269,576,263,215,478,292,257,549,393,339,732,308,419,727,135,250,385,2917,2771,5688
2020-05-13,420,339,759,182,142,324,299,266,565,377,318,695,321,275,596,271,223,494,298,264,562,402,345,747,316,433,749,136,259,395,3022,2864,5886
2020-05-14,438,359,797,191,148,339,311,283,594,395,332,727,331,283,614,276,232,508,307,275,582,411,354,765,325,445,770,138,274,412,3123,2985,6108
2020-05-15,455,375,830,199,153,352,317,292,609,406,342,748,341,298,639,286,238,524,317,284,601,418,360,778,335,465,800,143,284,427,3217,3091,6308
2020-05-16,461,389,850,206,157,363,321,300,621,415,355,770,347,304,651,292,246,538,321,289,610,428,365,793,341,469,810,148,297,445,3280,3171,6451
2020-05-17,472,401,873,209,162,371,330,305,635,421,362,783,355,315,670,295,248,543,327,296,623,434,369,803,351,478,829,152,304,456,3346,3240,6586
2020-05-18,488,418,906,216,171,387,350,323,673,440,376,816,365,328,693,307,256,563,337,308,645,451,383,834,367,491,858,154,315,469,3475,3369,6844
2020-05-19,504,432,936,227,182,409,375,342,717,470,396,866,388,337,725,319,269,588,350,319,669,460,401,861,378,510,888,157,324,481,3628,3512,7140
2020-05-20,527,462,989,235,194,429,396,359,755,504,411,915,404,351,755,328,280,608,366,330,696,471,412,883,390,526,916,163,330,493,3784,3655,7439
2020-05-21,549,489,1038,251,200,451,422,378,800,531,428,959,414,367,781,345,290,635,376,337,713,487,421,908,397,542,939,164,334,498,3936,3786,7722
2020-05-22,570,504,1074,262,211,473,446,401,847,549,452,1001,430,378,808,356,296,652,381,346,727,497,429,926,403,554,957,170,348,518,4064,3919,7983
2020-05-23,580,517,1097,273,224,497,469,414,883,573,468,1041,438,386,824,363,303,666,392,357,749,506,441,947,411,559,970,173,350,523,4178,4019,8197
2020-05-24,592,530,1122,281,232,513,479,422,901,586,477,1063,448,388,836,368,307,675,402,361,763,516,448,964,416,569,985,175,356,531,4263,4090,8353
2020-05-25,615,549,1164,297,245,542,496,443,939,598,489,1087,462,398,860,373,314,687,406,366,772,529,450,979,425,584,1009,177,364,541,4378,4202,8580
2020-05-26,640,573,1213,315,260,575,528,473,1001,638,508,1146,480,418,898,381,327,708,414,371,785,542,454,996,435,600,1035,180,374,554,4553,4358,8911
2020-05-27,672,598,1270,329,272,601,547,494,1041,660,522,1182,495,428,923,398,339,737,422,378,800,546,465,1011,440,617,1057,184,376,560,4693,4489,9182
2020-05-28,695,630,1325,343,279,622,571,520,1091,679,541,1220,512,442,954,410,353,763,431,390,821,557,471,1028,453,633,1086,189,391,580,4840,4650,9490
2020-05-29,725,655,1380,365,295,660,605,546,1151,705,573,1278,536,458,994,424,367,791,443,399,842,572,480,1052,467,649,1116,191,395,586,5033,4817,9850
2020-05-30,747,673,1420,377,304,681,636,568,1204,737,584,1321,547,470,1017,435,378,813,449,404,853,582,490,1072,475,660,1135,192,402,594,5177,4933,10110
2020-05-31,766,686,1452,386,312,698,651,577,1228,748,594,1342,558,474,1032,439,385,824,456,408,864,592,495,1087,480,668,1148,193,410,603,5269,5009,10278
2020-06-01,792,706,1498,399,327,726,674,609,1283,773,623,1396,572,491,1063,454,395,849,475,419,894,605,503,1108,485,678,1163,198,414,612,5427,5165,10592
2020-06-02,826,727,1553,417,345,762,702,632,1334,792,647,1439,589,507,1096,462,406,868,490,427,917,626,514,1140,490,691,1181,203,426,629,5597,5322,10919
2020-06-03,850,742,1592,430,369,799,725,658,1383,815,675,1490,600,526,1126,469,415,884,502,438,940,641,525,1166,502,707,1209,205,436,641,5739,5491,11230
2020-06-04,874,762,1636,445,387,832,752,682,1434,831,695,1526,613,538,1151,490,428,918,512,443,955,660,536,1196,512,722,1234,208,446,654,5897,5639,11536
2020-06-05,906,793,1699,456,402,858,785,703,1488,856,729,1585,639,558,1197,510,446,956,524,456,980,673,547,1220,523,742,1265,211,455,666,6083,5831,11914
2020-06-06,925,812,1737,467,412,879,803,718,1521,882,752,1634,650,568,1218,524,453,977,533,465,998,684,556,1240,532,758,1290,214,464,678,6214,5958,12172
2020-06-07,936,830,1766,479,423,902,820,728,1548,898,764,1662,663,575,1238,534,460,994,540,468,1008,692,562,1254,543,770,1313,216,472,688,6321,6052,12373
2020-06-08,958,854,1812,494,439,933,848,753,1601,931,789,1720,696,592,1288,553,476,1029,552,477,1029,708,576,1284,553,787,1340,220,479,699,6513,6222,12735
2020-06-09,998,878,1876,511,459,970,866,781,1647,955,817,1772,725,610,1335,567,483,1050,565,483,1048,716,590,1306,565,813,1378,223,490,713,6691,6404,13095
2020-06-10,1014,898,1912,521,474,995,901,798,1699,979,850,1829,749,628,1377,586,500,1086,579,495,1074,736,612,1348,571,832,1403,229,505,734,6865,6592,13457
2020-06-11,1040,928,1968,533,489,1022,926,824,1750,1008,877,1885,761,646,1407,601,520,1121,590,513,1103,752,626,1378,577,855,1432,232,520,752,7020,6798,13818
2020-06-12,1070,964,2034,541,508,1049,971,852,1823,1048,917,1965,790,673,1463,616,535,1151,609,527,1136,767,639,1406,583,876,1459,236,529,765,7231,7020,14251
2020-06-13,1094,989,2083,558,525,1083,1001,882,1883,1077,935,2012,798,689,1487,631,546,1177,619,532,1151,780,647,1427,589,891,1480,238,536,774,7385,7172,14557
2020-06-14,1111,1012,2123,575,537,1112,1020,901,1921,1096,944,2040,811,700,1511,640,560,1200,628,536,1164,783,659,1442,602,910,1512,239,544,783,7505,7303,14808
2020-06-15,1132,1038,2170,596,552,1148,1046,928,1974,1115,962,2077,828,712,1540,653,570,1223,639,539,1178,793,666,1459,609,925,1534,240,554,794,7651,7446,15097
2020-06-16,1175,1085,2260,612,570,1182,1098,965,2063,1161,990,2151,858,734,1592,673,584,1257,654,551,1205,806,672,1478,621,947,1568,243,568,811,7901,7666,15567
2020-06-17,1204,1114,2318,629,590,1219,1145,995,2140,1193,1030,2223,892,753,1645,697,598,1295,669,562,1231,814,691,1505,637,961,1598,245,577,822,8125,7871,15996
2020-06-18,1242,1148,2390,641,602,1243,1191,1026,2217,1241,1075,2316,926,769,1695,723,617,1340,689,580,1269,825,708,1533,653,981,1634,247,589,836,8378,8095,16473
2020-06-19,1288,1171,2459,654,624,1278,1221,1054,2275,1296,1102,2398,962,799,1761,755,635,1390,713,595,1308,845,720,1565,669,1000,1669,254,602,856,8657,8302,16959
2020-06-20,1315,1196,2511,666,640,1306,1254,1077,2331,1329,1125,2454,983,823,1806,770,652,1422,728,608,1336,856,728,1584,676,1014,1690,258,608,866,8835,8471,17306
2020-06-21,1339,1210,2549,679,652,1331,1278,1101,2379,1348,1148,2496,999,831,1830,783,659,1442,735,617,1352,864,734,1598,681,1024,1705,259,615,874,8965,8591,17556
2020-06-22,1377,1243,2620,703,673,1376,1309,1138,2447,1387,1170,2557,1027,855,1882,802,686,1488,753,633,1386,881,749,1630,688,1045,1733,261,627,888,9188,8819,18007
2020-06-23,1417,1278,2695,726,697,1423,1350,1169,2519,1440,1209,2649,1058,884,1942,818,714,1532,769,652,1421,892,760,1652,699,1059,1758,264,633,897,9433,9055,18488
2020-06-24,1447,1309,2756,752,714,1466,1391,1211,2602,1475,1247,2722,1087,908,1995,837,737,1574,780,667,1447,902,772,1674,712,1073,1785,266,638,904,9649,9276,18925
2020-06-25,1482,1352,2834,780,746,1526,1427,1244,2671,1513,1276,2789,1125,939,2064,872,762,1634,789,678,1467,910,784,1694,720,1085,1805,271,644,915,9889,9510,19399
2020-06-26,1517,1375,2892,808,768,1576,1476,1275,2751,1551,1312,2863,1156,966,2122,888,782,1670,807,692,1499,922,799,1721,730,1103,1833,273,653,926,10128,9725,19853
2020-06-27,1559,1418,2977,835,800,1635,1509,1310,2819,1582,1341,2923,1181,983,2164,905,791,1696,823,697,1520,925,812,1737,735,1110,1845,277,659,936,10331,9921,20252
2020-06-28,1594,1436,3030,848,813,1661,1522,1338,2860,1610,1366,2976,1198,999,2197,921,804,1725,833,703,1536,933,820,1753,743,1120,1863,283,666,949,10485,10065,20550
2020-06-29,1629,1478,3107,876,841,1717,1558,1372,2930,1652,1395,3047,1221,1022,2243,935,831,1766,855,713,1568,945,835,1780,754,1133,1887,288,675,963,10713,10295,21008
2020-06-30,1653,1512,3165,885,860,1745,1603,1407,3010,1685,1433,3118,1250,1049,2299,960,851,1811,875,722,1597,963,845,1808,762,1150,1912,290,686,976,10926,10515,21441
2020-07-01,1685,1539,3224,897,883,1780,1656,1445,3101,1723,1462,3185,1273,1077,2350,981,879,1860,891,732,1623,974,857,1831,770,1169,1939,292,692,984,11142,10735,21877
2020-07-02,1726,1578,3304,916,906,1822,1694,1487,3181,1769,1502,3271,1306,1102,2408,998,899,1897,910,740,1650,982,869,1851,782,1181,1963,296,697,993,11379,10961,22340
2020-07-03,1767,1608,3375,944,921,1865,1731,1516,3247,1812,1549,3361,1331,1132,2463,1018,919,1937,927,753,1680,991,885,1876,791,1198,1989,300,701,1001,11612,11182,22794
2020-07-04,1792,1640,3432,960,938,1898,1762,1551,3313,1841,1572,3413,1357,1149,2506,1037,932,1969,937,761,1698,1000,897,1897,797,1207,2004,303,707,1010,11786,11354,23140
2020-07-05,1812,1666,3478,978,949,1927,1788,1580,3368,1869,1601,3470,1367,1170,2537,1054,948,2002,954,775,1729,1015,910,1925,805,1220,2025,306,716,1022,11948,11535,23483
2020-07-06,1833,1696,3529,995,964,1959,1828,1617,3445,1918,1625,3543,1399,1196,2595,1080,972,2052,976,797,1773,1033,935,1968,815,1241,2056,309,725,1034,12186,11768,23954
2020-07-07,1868,1746,3614,1011,988,1999,1882,1659,3541,1961,1660,3621,1424,1229,2653,1108,990,2098,993,814,1807,1045,947,1992,825,1261,2086,316,737,1053,12433,12031,24464
2020-07-08,1902,1769,3671,1040,1013,2053,1933,1696,3629,1995,1699,3694,1463,1266,2729,1128,1018,2146,1009,831,1840,1061,968,2029,837,1276,2113,320,751,1071,12688,12287,24975
2020-07-09,1928,1787,3715,1054,1025,2079,1961,1723,3684,2029,1724,3753,1491,1291,2782,1141,1030,2171,1016,847,1863,1070,990,2060,841,1291,2132,326,758,1084,12857,12466,25323
2020-07-10,1951,1805,3756,1074,1045,2119,1987,1748,3735,2060,1750,3810,1511,1312,2823,1155,1043,2198,1033,862,1895,1086,1002,2088,853,1305,2158,328,769,1097,13038,12641,25679
2020-07-11,1973,1834,3807,1091,1055,2146,2007,1772,3779,2081,1778,3859,1530,1337,2867,1172,1062,2234,1052,872,1924,1098,1021,2119,857,1321,2178,330,779,1109,13191,12831,26022
2020-07-12,1992,1850,3842,1107,1062,2169,2025,1790,3815,2103,1789,3892,1545,1348,2893,1180,1071,2251,1062,882,1944,1108,1026,2134,863,1333,2196,334,785,1119,13319,12936,26255
2020-07-13,2019,1885,3904,1128,1084,2212,2067,1823,3890,2139,1828,3967,1581,1380,2961,1206,1104,2310,1093,906,1999,1126,1059,2185,876,1379,2255,336,810,1146,13571,13258,26829
2020-07-14,2050,1915,3965,1155,1099,2254,2101,1848,3949,2198,1864,4062,1615,1410,3025,1234,1119,2353,1115,930,2045,1143,1086,2229,882,1396,2278,343,824,1167,13836,13491,27327
2020-07-15,2078,1945,4023,1186,1121,2307,2136,1902,4038,2254,1913,4167,1651,1452,3103,1259,1149,2408,1137,953,2090,1153,1102,2255,896,1412,2308,351,829,1180,14101,13778,27879
2020-07-16,2118,1965,4083,1204,1153,2357,2180,1953,4133,2304,1947,4251,1687,1492,3179,1285,1181,2466,1153,968,2121,1169,1120,2289,914,1441,2355,353,847,1200,14367,14067,28434
2020-07-17,2152,1995,4147,1228,1170,2398,2209,1994,4203,2343,1995,4338,1722,1536,3258,1315,1217,2532,1177,995,2172,1187,1136,2323,930,1462,2392,357,857,1214,14620,14357,28977
2020-07-18,2177,2018,4195,1243,1183,2426,2248,2026,4274,2375,2035,4410,1749,1564,3313,1340,1240,2580,1201,1013,2214,1196,1146,2342,945,1483,2428,359,862,1221,14833,14570,29403
2020-07-19,2205,2046,4251,1254,1199,2453,2273,2050,4323,2398,2062,4460,1773,1586,3359,1362,1263,2625,1215,1023,2238,1209,1154,2363,956,1499,2455,361,868,1229,15006,14750,29756
2020-07-20,2246,2084,4330,1291,1227,2518,2326,2095,4421,2451,2122,4573,1815,1642,3457,1394,1304,2698,1242,1058,2300,1228,1175,2403,976,1521,2497,364,879,1243,15333,15107,30440
2020-07-21,2283,2115,4398,1316,1249,2565,2370,2134,4504,2511,2165,4676,1855,1680,3535,1426,1335,2761,1268,1083,2351,1247,1199,2446,990,1545,2535,369,890,1259,15635,15395,31030
2020-07-22,2338,2148,4486,1338,1272,2610,2433,2183,4616,2565,2221,4786,1905,1720,3625,1453,1362,2815,1284,1107,2391,1269,1218,2487,1005,1576,2581,370,900,1270,15960,15707,31667
2020-07-23,2381,2186,4567,1363,1291,2654,2486,2234,4720,2616,2272,4888,1939,1752,3691,1483,1385,2868,1302,1129,2431,1286,1239,2525,1013,1597,2610,376,909,1285,16245,15994,32239
2020-07-24,2409,2219,4628,1382,1312,2694,2540,2282,4822,2667,2335,5002,1976,1786,3762,1515,1406,2921,1332,1143,2475,1297,1258,2555,1024,1623,2647,379,923,1302,16521,16287,32808
2020-07-25,2437,2247,4684,1407,1325,2732,2577,2324,4901,2706,2375,5081,2007,1815,3822,1528,1416,2944,1346,1159,2505,1309,1270,2579,1033,1640,2673,384,927,1311,16734,16498,33232
2020-07-26,2462,2272,4734,1421,1339,2760,2600,2343,4943,2730,2401,5131,2037,1827,3864,1546,1431,2977,1357,1167,2524,1323,1279,2602,1040,1656,2696,389,933,1322,16905,16648,33553
2020-07-27,2489,2306,4795,1447,1363,2810,2649,2381,5030,2780,2444,5224,2083,1873,3956,1576,1470,3046,1382,1191,2573,1341,1300,2641,1057,1676,2733,394,952,1346,17198,16956,34154
2020-07-28,2524,2336,4860,1469,1384,2853,2711,2448,5159,2838,2487,5325,2121,1915,4036,1613,1508,3121,1412,1220,2632,1356,1327,2683,1067,1698,2765,399,971,1370,17510,17294,34804
2020-07-29,2558,2372,4930,1492,1412,2904,2773,2498,5271,2891,2539,5430,2172,1960,4132,1647,1551,3198,1436,1249,2685,1379,1348,2727,1084,1726,2810,404,995,1399,17836,17650,35486
2020-07-30,2600,2407,5007,1525,1446,2971,2856,2563,5419,2956,2594,5550,2226,1999,4225,1688,1591,3279,1459,1279,2738,1394,1366,2760,1092,1745,2837,405,1001,1406,18201,17991,36192
2020-07-31,2632,2449,5081,1544,1472,3016,2906,2628,5534,3029,2653,5682,2274,2038,4312,1727,1621,3348,1481,1311,2792,1415,1391,2806,1101,1773,2874,411,1019,1430,18520,18355,36875
2020-08-01,2658,2468,5126,1556,1494,3050,2935,2667,5602,3062,2692,5754,2300,2076,4376,1756,1646,3402,1502,1320,2822,1434,1407,2841,1112,1795,2907,412,1030,1442,18727,18595,37322
2020-08-02,2688,2493,5181,1571,1512,3083,2965,2686,5651,3094,2726,5820,2322,2109,4431,1775,1671,3446,1513,1339,2852,1440,1425,2865,1124,1808,2932,414,1037,1451,18906,18806,37712
2020-08-03,2727,2539,5266,1598,1540,3138,3013,2738,5751,3149,2770,5919,2358,2149,4507,1803,1702,3505,1542,1361,2903,1451,1445,2896,1138,1839,2977,418,1051,1469,19197,19134,38331
2020-08-04,2770,2571,5341,1630,1572,3202,3080,2778,5858,3212,2823,6035,2413,2189,4602,1841,1735,3576,1569,1381,2950,1468,1465,2933,1155,1869,3024,423,1067,1490,19561,19450,39011
2020-08-05,2811,2608,5419,1665,1596,3261,3137,2817,5954,3255,2878,6133,2450,2227,4677,1877,1778,3655,1598,1408,3006,1489,1485,2974,1172,1889,3061,426,1075,1501,19880,19761,39641
2020-08-06,2851,2635,5486,1685,1632,3317,3194,2872,6066,3305,2940,6245,2504,2278,4782,1910,1818,3728,1624,1427,3051,1507,1504,3011,1188,1914,3102,431,1087,1518,20199,20107,40306
2020-08-07,2902,2670,5572,1712,1657,3369,3250,2923,6173,3367,2987,6354,2544,2334,4878,1949,1843,3792,1644,1451,3095,1526,1532,3058,1202,1950,3152,436,1110,1546,20532,20457,40989
2020-08-08,2933,2698,5631,1732,1676,3408,3281,2961,6242,3422,3037,6459,2575,2373,4948,1981,1873,3854,1664,1470,3134,1539,1557,3096,1213,1971,3184,437,1130,1567,20777,20746,41523
2020-08-09,2958,2725,5683,1745,1688,3433,3310,2993,6303,3459,3068,6527,2598,2412,5010,2007,1903,3910,1684,1486,3170,1552,1579,3131,1229,2014,3243,441,1148,1589,20983,21016,41999
2020-08-10,3001,2759,5760,1773,1715,3488,3376,3047,6423,3525,3111,6636,2649,2464,5113,2042,1937,3979,1702,1502,3204,1567,1605,3172,1244,2034,3278,445,1159,1604,21324,21333,42657
2020-08-11,3038,2795,5833,1812,1737,3549,3438,3102,6540,3603,3171,6774,2704,2516,5220,2081,1976,4057,1731,1523,3254,1588,1636,3224,1259,2062,3321,451,1171,1622,21705,21689,43394
2020-08-12,3070,2832,5902,1848,1762,3610,3490,3169,6659,3649,3251,6900,2759,2570,5329,2116,2015,4131,1759,1548,3307,1602,1660,3262,1271,2083,3354,456,1187,1643,22020,22077,44097
2020-08-13,3093,2866,5959,1884,1787,3671,3566,3239,6805,3731,3334,7065,2810,2622,5432,2164,2058,4222,1780,1577,3357,1628,1678,3306,1282,2108,3390,460,1202,1662,22398,22471,44869
2020-08-14,3119,2892,6011,1903,1807,3710,3648,3312,6960,3793,3398,7191,2874,2663,5537,2206,2102,4308,1811,1604,3415,1650,1709,3359,1295,2129,3424,463,1214,1677,22762,22830,45592
2020-08-15,3158,2916,6074,1934,1827,3761,3688,3360,7048,3844,3453,7297,2900,2712,5612,2235,2129,4364,1837,1623,3460,1665,1739,3404,1304,2172,3476,467,1230,1697,23032,23161,46193
2020-08-16,3190,2934,6124,1948,1836,3784,3733,3399,7132,3879,3488,7367,2920,2743,5663,2256,2150,4406,1848,1645,3493,1681,1753,3434,1313,2203,3516,471,1252,1723,23239,23403,46642
2020-08-17,3215,2951,6166,1971,1856,3827,3783,3442,7225,3925,3543,7468,2961,2782,5743,2289,2193,4482,1864,1681,3545,1695,1767,3462,1323,2223,3546,471,1266,1737,23497,23704,47201
2020-08-18,3258,2988,6246,2000,1869,3869,3839,3496,7335,4002,3607,7609,3006,2824,5830,2318,2245,4563,1885,1715,3600,1718,1795,3513,1332,2241,3573,471,1283,1754,23829,24063,47892
2020-08-19,3304,3024,6328,2024,1897,3921,3886,3561,7447,4066,3670,7736,3044,2871,5915,2357,2277,4634,1904,1744,3648,1736,1823,3559,1345,2277,3622,475,1300,1775,24141,24444,48585
2020-08-20,3329,3050,6379,2048,1917,3965,3947,3618,7565,4115,3725,7840,3073,2919,5992,2392,2309,4701,1928,1776,3704,1748,1843,3591,1360,2299,3659,478,1313,1791,24418,24769,49187
2020-08-21,3356,3092,6448,2079,1941,4020,3994,3667,7661,4178,3790,7968,3123,2970,6093,2430,2357,4787,1960,1807,3767,1770,1877,3647,1374,2334,3708,483,1323,1806,24747,25158,49905
2020-08-22,3370,3109,6479,2106,1961,4067,4031,3702,7733,4216,3843,8059,3162,3002,6164,2451,2379,4830,1983,1828,3811,1784,1898,3682,1383,2348,3731,486,1337,1823,24972,25407,50379
2020-08-23,3393,3138,6531,2119,1975,4094,4059,3727,7786,4251,3880,8131,3189,3024,6213,2475,2407,4882,2001,1848,3849,1793,1920,3713,1394,2355,3749,491,1341,1832,25165,25615,50780
2020-08-24,3436,3182,6618,2144,2001,4145,4110,3789,7899,4311,3934,8245,3231,3077,6308,2521,2442,4963,2023,1882,3905,1813,1945,3758,1410,2376,3786,497,1360,1857,25496,25988,51484
2020-08-25,3465,3212,6677,2174,2022,4196,4165,3859,8024,4373,4011,8384,3273,3118,6391,2553,2482,5035,2043,1910,3953,1825,1963,3788,1427,2405,3832,503,1377,1880,25801,26359,52160
2020-08-26,3509,3232,6741,2201,2052,4253,4236,3923,8159,4437,4068,8505,3315,3174,6489,2592,2520,5112,2072,1933,4005,1847,1990,3837,1444,2433,3877,506,1392,1898,26159,26717,52876
2020-08-27,3545,3260,6805,2239,2085,4324,4311,3989,8300,4507,4135,8642,3373,3228,6601,2635,2560,5195,2092,1964,4056,1871,2015,3886,1462,2463,3925,511,1415,1926,26546,27114,53660
2020-08-28,3581,3295,6876,2284,2107,4391,4390,4073,8463,4571,4205,8776,3433,3291,6724,2681,2619,5300,2118,2001,4119,1897,2041,3938,1473,2483,3956,517,1425,1942,26945,27540,54485
2020-08-29,3611,3312,6923,2297,2120,4417,4449,4123,8572,4616,4274,8890,3479,3333,6812,2711,2647,5358,2148,2020,4168,1915,2059,3974,1481,2507,3988,520,1441,1961,27227,27836,55063
2020-08-30,3635,3340,6975,2317,2138,4455,4493,4155,8648,4661,4311,8972,3518,3372,6890,2740,2672,5412,2162,2040,4202,1926,2076,4002,1489,2518,4007,523,1446,1969,27464,28068,55532
2020-08-31,3673,3366,7039,2346,2164,4510,4557,4210,8767,4717,4372,9089,3571,3425,6996,2769,2709,5478,2189,2079,4268,1953,2102,4055,1509,2557,4066,525,1461,1986,27809,28445,56254
2020-09-01,3713,3400,7113,2368,2205,4573,4621,4274,8895,4805,4444,9249,3634,3464,7098,2806,2765,5571,2208,2105,4313,1968,2126,4094,1524,2600,4124,532,1476,2008,28179,28859,57038
2020-09-02,3745,3423,7168,2392,2225,4617,4667,4337,9004,4854,4516,9370,3681,3503,7184,2846,2799,5645,2226,2129,4355,1995,2150,4145,1541,2626,4167,535,1506,2041,28482,29214,57696
2020-09-03,3777,3453,7230,2425,2249,4674,4742,4410,9152,4943,4595,9538,3738,3556,7294,2889,2833,5722,2250,2162,4412,2013,2175,4188,1553,2654,4207,539,1515,2054,28869,29602,58471
2020-09-04,3812,3489,7301,2453,2276,4729,4800,4473,9273,5011,4666,9677,3798,3623,7421,2920,2874,5794,2282,2204,4486,2039,2199,4238,1567,2681,4248,542,1531,2073,29224,30016,59240
2020-09-05,3836,3512,7348,2469,2290,4759,4850,4518,9368,5063,4730,9793,3838,3673,7511,2946,2908,5854,2310,2232,4542,2056,2217,4273,1583,2700,4283,544,1538,2082,29495,30318,59813
2020-09-06,3859,3534,7393,2483,2307,4790,4874,4557,9431,5100,4762,9862,3868,3702,7570,2963,2935,5898,2326,2254,4580,2066,2239,4305,1596,2716,4312,545,1547,2092,29680,30553,60233
2020-09-07,3887,3566,7453,2505,2334,4839,4944,4632,9576,5174,4827,10001,3916,3762,7678,2999,2989,5988,2366,2285,4651,2081,2264,4345,1610,2746,4356,552,1561,2113,30034,30966,61000
2020-09-08,3920,3595,7515,2533,2361,4894,5004,4692,9696,5251,4897,10148,3968,3813,7781,3048,3039,6087,2396,2320,4716,2110,2291,4401,1627,2773,4400,559,1582,2141,30416,31363,61779
2020-09-09,3956,3622,7578,2553,2389,4942,5070,4755,9825,5315,4952,10267,4022,3861,7883,3087,3082,6169,2428,2358,4786,2130,2321,4451,1642,2810,4452,560,1601,2161,30763,31751,62514
2020-09-10,3983,3640,7623,2587,2414,5001,5151,4827,9978,5390,5036,10426,4092,3915,8007,3124,3125,6249,2455,2387,4842,2153,2345,4498,1653,2845,4498,561,1617,2178,31149,32151,63300
2020-09-11,4012,3671,7683,2624,2437,5061,5214,4879,10093,5451,5115,10566,4144,3974,8118,3168,3186,6354,2490,2415,4905,2177,2373,4550,1672,2870,4542,564,1627,2191,31516,32547,64063
2020-09-12,4037,3692,7729,2644,2459,5103,5251,4916,10167,5484,5165,10649,4171,4010,8181,3197,3225,6422,2516,2440,4956,2197,2396,4593,1684,2901,4585,566,1641,2207,31747,32845,64592
2020-09-13,4067,3717,7784,2656,2470,5126,5289,4960,10249,5520,5219,10739,4195,4034,8229,3224,3249,6473,2543,2465,5008,2209,2407,4616,1689,2915,4604,571,1650,2221,31963,33086,65049
2020-09-14,4101,3750,7851,2682,2496,5178,5353,5042,10395,5582,5288,10870,4240,4089,8329,3277,3299,6576,2583,2503,5086,2237,2435,4672,1707,2933,4640,573,1660,2233,32335,33495,65830
2020-09-15,4138,3777,7915,2703,2514,5217,5414,5083,10497,5647,5371,11018,4285,4132,8417,3308,3341,6649,2613,2538,5151,2259,2467,4726,1722,2963,4685,574,1672,2246,32663,33858,66521
2020-09-16,4178,3814,7992,2746,2551,5297,5485,5163,10648,5713,5452,11165,4340,4185,8525,3347,3386,6733,2644,2573,5217,2285,2486,4771,1738,2993,4731,577,1683,2260,33053,34286,67339
2020-09-17,4211,3842,8053,2773,2592,5365,5542,5222,10764,5773,5510,11283,4394,4253,8647,3399,3440,6839,2684,2609,5293,2312,2513,4825,1753,3011,4764,580,1687,2267,33421,34679,68100
2020-09-18,4250,3885,8135,2795,2624,5419,5599,5289,10888,5856,5596,11452,4440,4309,8749,3436,3484,6920,2710,2653,5363,2343,2540,4883,1767,3035,4802,583,1699,2282,33779,35114,68893
2020-09-19,4264,3920,8184,2805,2650,5455,5631,5320,10951,5894,5644,11538,4468,4334,8802,3459,3505,6964,2739,2676,5415,2362,2561,4923,1781,3053,4834,586,1707,2293,33989,35370,69359
2020-09-20,4287,3948,8235,2831,2673,5504,5662,5355,11017,5932,5677,11609,4494,4360,8854,3476,3533,7009,2751,2695,5446,2382,2578,4960,1785,3071,4856,589,1715,2304,34189,35605,69794
2020-09-21,4319,3983,8302,2857,2708,5565,5719,5407,11126,5992,5748,11740,4541,4412,8953,3512,3561,7073,2779,2728,5507,2407,2605,5012,1796,3087,4883,590,1725,2315,34512,35964,70476
2020-09-22,4362,4020,8382,2894,2748,5642,5779,5478,11257,6054,5814,11868,4599,4449,9048,3557,3610,7167,2815,2755,5570,2435,2635,5070,1807,3120,4927,593,1738,2331,34895,36367,71262
2020-09-23,4403,4054,8457,2915,2770,5685,5824,5547,11371,6110,5883,11993,4644,4497,9141,3591,3652,7243,2846,2788,5634,2455,2668,5123,1818,3144,4962,595,1751,2346,35201,36754,71955
2020-09-24,4447,4095,8542,2950,2803,5753,5892,5607,11499,6190,5956,12146,4695,4545,9240,3627,3687,7314,2859,2840,5699,2474,2697,5171,1841,3169,5010,602,1773,2375,35577,37172,72749
2020-09-25,4481,4120,8601,2978,2824,5802,5950,5669,11619,6249,6014,12263,4749,4594,9343,3663,3727,7390,2889,2878,5767,2499,2722,5221,1860,3193,5053,602,1783,2385,35920,37524,73444
2020-09-26,4504,4140,8644,3003,2840,5843,5991,5706,11697,6293,6052,12345,4783,4630,9413,3688,3763,7451,2911,2901,5812,2516,2738,5254,1870,3211,5081,608,1792,2400,36167,37773,73940
2020-09-27,4526,4165,8691,3019,2864,5883,6032,5753,11785,6323,6088,12411,4818,4658,9476,3716,3786,7502,2932,2920,5852,2523,2755,5278,1878,3224,5102,611,1799,2410,36378,38012,74390
2020-09-28,4558,4191,8749,3048,2890,5938,6086,5802,11888,6385,6150,12535,4880,4698,9578,3767,3837,7604,2979,2946,5925,2544,2782,5326,1894,3250,5144,615,1819,2434,36756,38365,75121
2020-09-29,4603,4224,8827,3080,2931,6011,6165,5857,12022,6470,6231,12701,4941,4749,9690,3805,3878,7683,3019,2990,6009,2575,2829,5404,1916,3289,5205,618,1843,2461,37192,38821,76013
2020-09-30,4642,4256,8898,3109,2963,6072,6234,5927,12161,6534,6294,12828,4989,4793,9782,3849,3929,7778,3057,3034,6091,2604,2858,5462,1925,3313,5238,623,1852,2475,37566,39219,76785
2020-10-01,4684,4298,8982,3136,3017,6153,6302,6007,12309,6613,6372,12985,5029,4855,9884,3892,3968,7860,3098,3071,6169,2631,2904,5535,1939,3333,5272,626,1862,2488,37950,39687,77637
2020-10-02,4735,4347,9082,3167,3048,6215,6365,6087,12452,6671,6447,13118,5073,4916,9989,3941,4005,7946,3139,3112,6251,2660,2942,5602,1952,3367,5319,630,1879,2509,38333,40150,78483
2020-10-03,4756,4373,9129,3189,3076,6265,6411,6134,12545,6716,6494,13210,5109,4950,10059,3977,4033,8010,3156,3136,6292,2679,2961,5640,1959,3387,5346,633,1886,2519,38585,40430,79015
2020-10-04,4784,4401,9185,3210,3100,6310,6453,6175,12628,6748,6525,13273,5146,4986,10132,4001,4054,8055,3176,3156,6332,2691,2976,5667,1969,3413,5382,636,1889,2525,38814,40675,79489
2020-10-05,4808,4438,9246,3235,3125,6360,6507,6232,12739,6830,6598,13428,5222,5034,10256,4051,4101,8152,3229,3190,6419,2721,3022,5743,1988,3440,5428,639,1896,2535,39230,41076,80306
2020-10-06,4840,4484,9324,3269,3154,6423,6571,6288,12859,6904,6658,13562,5296,5079,10375,4100,4146,8246,3263,3227,6490,2752,3056,5808,2006,3467,5473,645,1907,2552,39646,41466,81112
2020-10-07,4883,4515,9398,3291,3180,6471,6636,6356,12992,6986,6737,13723,5350,5139,10489,4139,4202,8341,3299,3271,6570,2782,3087,5869,2024,3496,5520,653,1914,2567,40043,41897,81940
2020-10-08,4925,4549,9474,3327,3206,6533,6699,6426,13125,7049,6807,13856,5402,5199,10601,4183,4255,8438,3332,3304,6636,2806,3122,5928,2040,3517,5557,658,1931,2589,40421,42316,82737
2020-10-09,4956,4590,9546,3377,3251,6628,6750,6507,13257,7129,6901,14030,5459,5261,10720,4228,4313,8541,3370,3348,6718,2830,3159,5989,2051,3543,5594,662,1946,2608,40812,42819,83631
2020-10-10,4980,4619,9599,3408,3275,6683,6809,6559,13368,7186,6960,14146,5499,5307,10806,4261,4361,8622,3405,3378,6783,2844,3185,6029,2068,3564,5632,671,1961,2632,41131,43169,84300
2020-10-11,5007,4645,9652,3428,3292,6720,6851,6618,13469,7239,7022,14261,5549,5345,10894,4292,4387,8679,3439,3414,6853,2864,3211,6075,2084,3587,5671,672,1971,2643,41425,43492,84917
2020-10-12,5029,4675,9704,3467,3322,6789,6924,6700,13624,7310,7098,14408,5603,5411,11014,4341,4458,8799,3492,3454,6946,2902,3255,6157,2107,3627,5734,674,1987,2661,41849,43987,85836
2020-10-13,5079,4719,9798,3522,3358,6880,7031,6806,13837,7411,7218,14629,5671,5495,11166,4417,4543,8960,3547,3506,7053,2940,3304,6244,2135,3676,5811,683,2011,2694,42436,44636,87072
2020-10-14,5126,4760,9886,3559,3409,6968,7122,6917,14039,7509,7334,14843,5736,5581,11317,4475,4608,9083,3597,3556,7153,2990,3357,6347,2157,3709,5866,683,2032,2715,42954,45263,88217
2020-10-15,5171,4800,9971,3609,3461,7070,7224,7026,14250,7635,7464,15099,5828,5686,11514,4551,4688,9239,3662,3621,7283,3021,3410,6431,2175,3746,5921,692,2048,2740,43568,45950,89518
2020-10-16,5229,4838,10067,3656,3519,7175,7358,7173,14531,7766,7571,15337,5933,5788,11721,4625,4774,9399,3715,3684,7399,3061,3466,6527,2200,3793,5993,695,2082,2777,44238,46688,90926
2020-10-17,5251,4864,10115,3685,3555,7240,7445,7239,14684,7855,7665,15520,6007,5868,11875,4665,4821,9486,3754,3736,7490,3101,3506,6607,2213,3826,6039,699,2096,2795,44675,47176,91851
2020-10-18,5274,4891,10165,3709,3580,7289,7481,7286,14767,7907,7736,15643,6040,5915,11955,4705,4857,9562,3782,3762,7544,3122,3539,6661,2223,3863,6086,700,2110,2810,44943,47539,92482
2020-10-19,5342,4938,10280,3756,3633,7389,7594,7428,15022,8029,7879,15908,6166,6044,12210,4791,4943,9734,3863,3833,7696,3173,3602,6775,2247,3905,6152,703,2126,2829,45664,48331,93995
2020-10-20,5397,4996,10393,3811,3687,7498,7730,7557,15287,8144,8007,16151,6263,6162,12425,4875,5030,9905,3930,3892,7822,3209,3654,6863,2281,3950,6231,704,2151,2855,46344,49086,95430
2020-10-21,5435,5028,10463,3879,3733,7612,7819,7679,15498,8242,8107,16349,6345,6246,12591,4946,5088,10034,3985,3939,7924,3242,3694,6936,2302,3987,6289,707,2166,2873,46902,49667,96569
2020-10-22,5475,5060,10535,3939,3798,7737,7905,7776,15681,8323,8202,16525,6422,6343,12765,5004,5161,10165,4023,3989,8012,3272,3732,7004,2324,4023,6347,714,2185,2899,47401,50269,97670
2020-10-23,5507,5092,10599,3982,3830,7812,7978,7863,15841,8395,8292,16687,6480,6422,12902,5053,5212,10265,4067,4042,8109,3312,3771,7083,2349,4043,6392,718,2209,2927,47841,50776,98617
2020-10-24,5526,5115,10641,4001,3860,7861,8039,7904,15943,8442,8350,16792,6526,6464,12990,5089,5243,10332,4088,4071,8159,3339,3797,7136,2358,4066,6424,723,2222,2945,48131,51092,99223
2020-10-25,5561,5144,10705,4019,3888,7907,8100,7966,16066,8498,8434,16932,6572,6510,13082,5129,5296,10425,4118,4104,8222,3362,3827,7189,2366,4085,6451,727,2225,2952,48452,51479,99931
2020-10-26,5602,5178,10780,4079,3927,8006,8185,8064,16249,8598,8539,17137,6642,6603,13245,5189,5374,10563,4161,4158,8319,3400,3873,7273,2383,4128,6511,732,2245,2977,48971,52089,101060
2020-10-27,5642,5215,10857,4121,3963,8084,8292,8172,16464,8697,8626,17323,6735,6682,13417,5256,5461,10717,4223,4237,8460,3441,3925,7366,2400,4157,6557,735,2253,2988,49542,52691,102233
2020-10-28,5683,5252,10935,4158,3994,8152,8364,8280,16644,8792,8725,17517,6791,6762,13553,5318,5531,10849,4280,4280,8560,3472,3963,7435,2412,4190,6602,739,2267,3006,50009,53244,103253
2020-10-29,5718,5284,11002,4192,4032,8224,8477,8370,16847,8908,8830,17738,6859,6844,13703,5366,5589,10955,4331,4334,8665,3499,3995,7494,2429,4219,6648,741,2275,3016,50520,53772,104292
2020-10-30,5754,5309,11063,4222,4071,8293,8554,8489,17043,8997,8924,17921,6930,6917,13847,5410,5645,11055,4375,4389,8764,3524,4026,7550,2448,4250,6698,747,2292,3039,50961,54312,105273
2020-10-31,5781,5331,11112,4243,4093,8336,8599,8542,17141,9044,8990,18034,6970,6971,13941,5447,5676,11123,4405,4429,8834,3545,4050,7595,2456,4265,6721,750,2296,3046,51240,54643,105883
2020-11-01,5819,5360,11179,4272,4135,8407,8657,8611,17268,9105,9063,18168,7031,7021,14052,5490,5730,11220,4437,4474,8911,3572,4077,7649,2465,4285,6750,753,2302,3055,51601,55058,106659
2020-11-02,5857,5403,11260,4315,4183,8498,8746,8711,17457,9208,9158,18366,7099,7105,14204,5556,5788,11344,4495,4532,9027,3606,4112,7718,2482,4309,6791,755,2316,3071,52119,55617,107736
2020-11-03,5889,5431,11320,4341,4208,8549,8820,8800,17620,9291,9232,18523,7154,7147,14301,5603,5840,11443,4536,4572,9108,3641,4141,7782,2501,4343,6844,757,2329,3086,52533,56043,108576
2020-11-04,5926,5472,11398,4382,4251,8633,8928,8913,17841,9382,9337,18719,7252,7245,14497,5669,5914,11583,4601,4628,9229,3683,4179,7862,2523,4384,6907,768,2344,3112,53114,56667,109781
2020-11-05,5970,5513,11483,4441,4302,8743,9058,9027,18085,9504,9453,18957,7354,7337,14691,5748,6007,11755,4643,4685,9328,3718,4217,7935,2542,4413,6955,770,2359,3129,53748,57313,111061
2020-11-06,5997,5546,11543,4467,4343,8810,9129,9102,18231,9566,9528,19094,7397,7382,14779,5798,6060,11858,4679,4731,9410,3748,4257,8005,2557,4443,7000,774,2367,3141,54112,57759,111871
2020-11-07,6027,5575,11602,4494,4372,8866,9181,9176,18357,9619,9602,19221,7443,7438,14881,5841,6110,11951,4721,4773,9494,3774,4287,8061,2578,4463,7041,781,2372,3153,54459,58168,112627
2020-11-08,6064,5618,11682,4528,4410,8938,9246,9238,18484,9679,9680,19359,7495,7498,14993,5875,6153,12028,4761,4814,9575,3801,4318,8119,2589,4479,7068,785,2376,3161,54823,58584,113407
2020-11-09,6115,5668,11783,4594,4450,9044,9331,9344,18675,9781,9806,19587,7570,7584,15154,5951,6225,12176,4818,4876,9694,3826,4357,8183,2613,4517,7130,789,2386,3175,55388,59213,114601
2020-11-10,6151,5696,11847,4632,4483,9115,9413,9417,18830,9875,9899,19774,7629,7644,15273,6000,6279,12279,4882,4919,9801,3858,4392,8250,2636,4545,7181,793,2397,3190,55869,59671,115540
2020-11-11,6195,5730,11925,4664,4523,9187,9501,9512,19013,9965,9991,19956,7703,7717,15420,6055,6347,12402,4926,4961,9887,3893,4426,8319,2656,4584,7240,797,2415,3212,56355,60206,116561
2020-11-12,6245,5762,12007,4706,4561,9267,9580,9619,19199,10071,10095,20166,7785,7796,15581,6124,6399,12523,4966,5033,9999,3930,4470,8400,2677,4620,7297,800,2426,3226,56884,60781,117665
2020-11-13,6291,5791,12082,4755,4597,9352,9666,9729,19395,10146,10185,20331,7858,7869,15727,6181,6459,12640,5021,5094,10115,3967,4508,8475,2698,4654,7352,804,2440,3244,57387,61326,118713
2020-11-14,6339,5828,12167,4783,4626,9409,9723,9795,19518,10216,10262,20478,7902,7931,15833,6218,6503,12721,5069,5120,10189,3993,4544,8537,2706,4677,7383,808,2444,3252,57757,61730,119487
2020-11-15,6378,5864,12242,4817,4648,9465,9788,9880,19668,10298,10324,20622,7963,7992,15955,6265,6560,12825,5112,5164,10276,4019,4574,8593,2715,4701,7416,808,2458,3266,58163,62165,120328
2020-11-16,6418,5911,12329,4862,4685,9547,9862,9960,19822,10376,10412,20788,8042,8062,16104,6300,6616,12916,5155,5216,10371,4052,4612,8664,2730,4730,7460,813,2479,3292,58610,62683,121293
2020-11-17,6458,5957,12415,4908,4724,9632,9963,10064,20027,10493,10527,21020,8125,8148,16273,6356,6676,13032,5220,5291,10511,4096,4663,8759,2738,4767,7505,814,2488,3302,59171,63305,122476
2020-11-18,6500,5998,12498,4965,4769,9734,10065,10164,20229,10620,10634,21254,8202,8220,16422,6414,6740,13154,5267,5336,10603,4138,4708,8846,2753,4809,7562,818,2497,3315,59742,63875,123617
2020-11-19,6540,6030,12570,5028,4817,9845,10163,10273,20436,10719,10753,21472,8265,8299,16564,6480,6813,13293,5323,5398,10721,4177,4743,8920,2771,4844,7615,821,2508,3329,60287,64478,124765
2020-11-20,6583,6067,12650,5067,4860,9927,10252,10370,20622,10815,10851,21666,8323,8365,16688,6536,6872,13408,5376,5447,10823,4206,4772,8978,2790,4872,7662,826,2518,3344,60774,64994,125768
2020-11-21,6620,6096,12716,5096,4891,9987,10310,10434,20744,10875,10912,21787,8372,8418,16790,6574,6916,13490,5412,5482,10894,4229,4792,9021,2799,4884,7683,829,2527,3356,61116,65352,126468
2020-11-22,6648,6123,12771,5123,4917,10040,10369,10490,20859,10923,10976,21899,8425,8467,16892,6600,6943,13543,5437,5527,10964,4250,4808,9058,2808,4905,7713,830,2535,3365,61413,65691,127104
2020-11-23,6696,6160,12856,5154,4949,10103,10439,10560,20999,10997,11049,22046,8488,8520,17008,6643,6988,13631,5477,5569,11046,4271,4837,9108,2827,4933,7760,836,2547,3383,61828,66112,127940
2020-11-24,6737,6206,12943,5201,4992,10193,10529,10648,21177,11107,11139,22246,8567,8587,17154,6700,7049,13749,5530,5618,11148,4302,4879,9181,2852,4968,7820,839,2552,3391,62364,66638,129002
2020-11-25,6789,6255,13044,5254,5036,10290,10629,10737,21366,11210,11245,22455,8639,8653,17292,6753,7098,13851,5579,5666,11245,4328,4914,9242,2870,4994,7864,844,2561,3405,62895,67159,130054
2020-11-26,6829,6296,13125,5302,5088,10390,10730,10846,21576,11311,11360,22671,8699,8738,17437,6820,7160,13980,5639,5714,11353,4361,4959,9320,2887,5023,7910,852,2573,3425,63430,67757,131187
2020-11-27,6848,6331,13179,5332,5113,10445,10815,10945,21760,11382,11440,22822,8755,8783,17538,6875,7210,14085,5674,5755,11429,4389,4994,9383,2899,5056,7955,858,2578,3436,63827,68205,132032
2020-11-28,6894,6355,13249,5363,5144,10507,10889,11013,21902,11431,11515,22946,8800,8837,17637,6929,7259,14188,5697,5788,11485,4410,5024,9434,2911,5084,7995,860,2582,3442,64184,68601,132785
2020-11-29,6929,6393,13322,5385,5181,10566,10966,11096,22062,11499,11602,23101,8867,8886,17753,6974,7306,14280,5738,5829,11567,4430,5051,9481,2926,5097,8023,862,2589,3451,64576,69030,133606
2020-11-30,6978,6434,13412,5443,5222,10665,11096,11235,22331,11612,11716,23328,8964,8971,17935,7028,7378,14406,5800,5894,11694,4469,5102,9571,2945,5130,8075,869,2597,3466,65204,69679,134883
2020-12-01,7012,6477,13489,5480,5276,10756,11211,11335,22546,11702,11830,23532,9041,9057,18098,7067,7430,14497,5851,5962,11813,4506,5148,9654,2964,5159,8123,871,2601,3472,65705,70275,135980
2020-12-02,7035,6496,13531,5509,5306,10815,11278,11405,22683,11763,11915,23678,9101,9126,18227,7105,7471,14576,5879,5993,11872,4537,5178,9715,2977,5178,8155,877,2611,3488,66061,70679,136740
2020-12-03,7069,6540,13609,5554,5344,10898,11364,11527,22891,11871,12037,23908,9182,9207,18389,7160,7525,14685,5934,6057,11991,4572,5209,9781,2991,5198,8189,880,2622,3502,66577,71266,137843
2020-12-04,7104,6579,13683,5594,5393,10987,11454,11610,23064,11964,12128,24092,9259,9289,18548,7225,7596,14821,5989,6117,12106,4611,5247,9858,3009,5227,8236,887,2631,3518,67096,71817,138913
2020-12-05,7134,6609,13743,5629,5426,11055,11533,11682,23215,12049,12196,24245,9308,9337,18645,7260,7635,14895,6018,6144,12162,4630,5269,9899,3020,5249,8269,892,2639,3531,67473,72186,139659
2020-12-06,7159,6634,13793,5661,5449,11110,11589,11737,23326,12106,12242,24348,9345,9391,18736,7285,7670,14955,6049,6173,12222,4656,5297,9953,3036,5265,8301,893,2642,3535,67779,72500,140279
2020-12-07,7179,6671,13850,5699,5477,11176,11671,11825,23496,12179,12319,24498,9399,9453,18852,7323,7717,15040,6078,6205,12283,4680,5334,10014,3047,5284,8331,897,2647,3544,68152,72932,141084
2020-12-08,7213,6710,13923,5724,5507,11231,11745,11902,23647,12255,12396,24651,9447,9498,18945,7376,7766,15142,6115,6244,12359,4700,5369,10069,3053,5303,8356,902,2651,3553,68530,73346,141876
2020-12-09,7252,6742,13994,5759,5551,11310,11866,12037,23903,12392,12524,24916,9552,9585,19137,7471,7854,15325,6197,6324,12521,4744,5430,10174,3069,5337,8406,905,2668,3573,69207,74052,143259
2020-12-10,7296,6784,14080,5828,5626,11454,12008,12182,24190,12537,12697,25234,9651,9690,19341,7586,7965,15551,6283,6403,12686,4784,5466,10250,3086,5380,8466,911,2678,3589,69970,74871,144841
2020-12-11,7330,6826,14156,5874,5677,11551,12159,12339,24498,12693,12868,25561,9765,9809,19574,7696,8077,15773,6375,6511,12886,4836,5514,10350,3105,5409,8514,912,2686,3598,70745,75716,146461
2020-12-12,7366,6863,14229,5929,5717,11646,12279,12459,24738,12814,13010,25824,9878,9923,19801,7793,8156,15949,6436,6610,13046,4874,5571,10445,3116,5432,8548,914,2694,3608,71399,76435,147834
2020-12-13,7401,6893,14294,5972,5769,11741,12367,12568,24935,12927,13134,26061,9967,10012,19979,7891,8238,16129,6506,6665,13171,4912,5602,10514,3127,5454,8581,920,2698,3618,71990,77033,149023
2020-12-14,7455,6935,14390,6022,5821,11843,12509,12715,25224,13076,13285,26361,10078,10139,20217,7997,8344,16341,6593,6769,13362,4966,5661,10627,3147,5486,8633,929,2710,3639,72772,77865,150637
2020-12-15,7492,6973,14465,6082,5878,11960,12625,12857,25482,13218,13441,26659,10184,10235,20419,8100,8458,16558,6693,6867,13560,5015,5705,10720,3160,5504,8664,930,2723,3653,73499,78641,152140
2020-12-16,7517,7009,14526,6146,5957,12103,12777,13042,25819,13414,13643,27057,10310,10388,20698,8228,8576,16804,6820,6978,13798,5078,5766,10844,3180,5525,8705,934,2735,3669,74404,79619,154023
2020-12-17,7564,7058,14622,6217,6022,12239,12926,13221,26147,13624,13866,27490,10469,10543,21012,8354,8699,17053,6884,7073,13957,5126,5805,10931,3190,5549,8739,937,2743,3680,75291,80579,155870
2020-12-18,7624,7102,14726,6300,6121,12421,13107,13416,26523,13834,14089,27923,10637,10710,21347,8495,8855,17350,7040,7220,14260,5217,5881,11098,3206,5597,8803,941,2751,3692,76401,81742,158143
2020-12-19,7668,7138,14806,6363,6191,12554,13245,13584,26829,14054,14306,28360,10778,10848,21626,8610,8973,17583,7140,7348,14488,5265,5947,11212,3221,5622,8843,944,2756,3700,77288,82713,160001
2020-12-20,7705,7190,14895,6438,6269,12707,13393,13741,27134,14275,14518,28793,10938,11013,21951,8748,9123,17871,7258,7473,14731,5317,5999,11316,3233,5638,8871,947,2763,3710,78252,83727,161979
2020-12-21,7765,7248,15013,6530,6335,12865,13597,13931,27528,14524,14780,29304,11128,11182,22310,8897,9276,18173,7388,7620,15008,5383,6076,11459,3246,5677,8923,952,2771,3723,79410,84896,164306
2020-12-22,7821,7309,15130,6629,6423,13052,13824,14155,27979,14784,15065,29849,11338,11379,22717,9056,9426,18482,7551,7784,15335,5455,6135,11590,3265,5708,8973,956,2776,3732,80679,86160,166839
2020-12-23,7883,7365,15248,6732,6510,13242,14059,14390,28449,15064,15328,30392,11525,11595,23120,9219,9574,18793,7672,7924,15596,5517,6197,11714,3290,5746,9036,962,2790,3752,81923,87419,169342
2020-12-24,7916,7403,15319,6782,6568,13350,14191,14522,28713,15243,15485,30728,11646,11699,23345,9294,9660,18954,7739,8006,15745,5560,6232,11792,3295,5768,9063,965,2795,3760,82631,88138,170769
2020-12-25,7930,7420,15350,6801,6587,13388,14232,14550,28782,15286,15536,30822,11676,11726,23402,9315,9688,19003,7753,8025,15778,5574,6239,11813,3302,5781,9083,968,2799,3767,82837,88351,171188
2020-12-26,7979,7461,15440,6902,6699,13601,14397,14756,29153,15553,15771,31324,11842,11919,23761,9450,9830,19280,7835,8131,15966,5617,6294,11911,3320,5813,9133,969,2811,3780,83864,89485,173349
2020-12-27,8013,7491,15504,7028,6802,13830,14582,14908,29490,15809,15991,31800,12062,12111,24173,9598,9985,19583,7968,8262,16230,5671,6363,12034,3345,5849,9194,972,2822,3794,85048,90584,175632
2020-12-28,8075,7544,15619,7171,6947,14118,14860,15194,30054,16200,16362,32562,12321,12389,24710,9794,10202,19996,8104,8430,16534,5736,6445,12181,3371,5895,9266,975,2838,3813,86607,92246,178853
2020-12-29,8127,7596,15723,7298,7089,14387,15130,15472,30602,16503,16627,33130,12559,12630,25189,9966,10366,20332,8238,8584,16822,5808,6530,12338,3393,5947,9340,983,2853,3836,88005,93694,181699
2020-12-30,8178,7635,15813,7435,7243,14678,15421,15714,31135,16855,16946,33801,12790,12867,25657,10146,10581,20727,8375,8730,17105,5879,6606,12485,3418,5990,9408,987,2866,3853,89484,95178,184662
2020-12-31,8214,7673,15887,7533,7338,14871,15636,15902,31538,17053,17192,34245,12954,13051,26005,10262,10690,20952,8439,8810,17249,5915,6659,12574,3431,6018,9449,987,2873,3860,90424,96206,186630
2021-01-01,8232,7684,15916,7555,7364,14919,15667,15943,31610,17096,17242,34338,12995,13083,26078,10293,10726,21019,8457,8830,17287,5933,6675,12608,3436,6035,9471,988,2877,3865,90652,96459,187111
2021-01-02,8282,7719,16001,7641,7473,15114,15852,16133,31985,17324,17476,34800,13161,13257,26418,10410,10891,21301,8598,8955,17553,5998,6739,12737,3450,6071,9521,991,2885,3876,91707,97599,189306
2021-01-03,8315,7756,16071,7792,7612,15404,16126,16417,32543,17664,17827,35491,13401,13545,26946,10595,11114,21709,8761,9128,17889,6072,6835,12907,3470,6105,9575,994,2891,3885,93190,99230,192420
2021-01-04,8363,7805,16168,7914,7717,15631,16473,16791,33264,18035,18233,36268,13680,13830,27510,10784,11345,22129,8907,9287,18194,6167,6925,13092,3504,6160,9664,998,2903,3901,94825,100996,195821
2021-01-05,8402,7857,16259,8067,7853,15920,16839,17187,34026,18432,18649,37081,13971,14130,28101,10983,11571,22554,9072,9522,18594,6257,7028,13285,3530,6213,9743,1003,2914,3917,96556,102924,199480
2021-01-06,8451,7896,16347,8234,8012,16246,17210,17529,34739,18819,19031,37850,14285,14436,28721,11215,11813,23028,9241,9725,18966,6358,7135,13493,3559,6269,9828,1007,2934,3941,98379,104780,203159
2021-01-07,8497,7941,16438,8344,8144,16488,17492,17813,35305,19144,19343,38487,14527,14667,29194,11374,12002,23376,9379,9879,19258,6426,7237,13663,3584,6317,9901,1009,2943,3952,99776,106286,206062
2021-01-08,8550,7984,16534,8467,8296,16763,17802,18102,35904,19419,19654,39073,14727,14928,29655,11530,12188,23718,9486,10021,19507,6493,7339,13832,3611,6354,9965,1016,2952,3968,101101,107818,208919
2021-01-09,8582,8023,16605,8576,8422,16998,18017,18360,36377,19734,19982,39716,14926,15158,30084,11694,12362,24056,9590,10174,19764,6542,7408,13950,3631,6393,10024,1016,2964,3980,102308,109246,211554
2021-01-10,8626,8068,16694,8701,8565,17266,18260,18608,36868,20002,20312,40314,15143,15386,30529,11836,12533,24369,9707,10269,19976,6584,7479,14063,3643,6425,10068,1017,2974,3991,103519,110619,214138
2021-01-11,8682,8109,16791,8859,8723,17582,18598,18960,37558,20337,20700,41037,15399,15652,31051,12021,12731,24752,9834,10441,20275,6656,7551,14207,3664,6466,10130,1018,2981,3999,105068,112314,217382
2021-01-12,8747,8147,16894,8990,8860,17850,18876,19282,38158,20615,20994,41609,15611,15882,31493,12174,12932,25106,9961,10563,20524,6707,7614,14321,3692,6495,10187,1021,2990,4011,106394,113759,220153
2021-01-13,8820,8213,17033,9143,9029,18172,19218,19605,38823,20916,21305,42221,15862,16125,31987,12351,13148,25499,10099,10733,20832,6778,7689,14467,3712,6542,10254,1027,2994,4021,107926,115383,223309
2021-01-14,8874,8266,17140,9298,9183,18481,19511,19925,39436,21217,21636,42853,16074,16379,32453,12535,13379,25914,10225,10890,21115,6841,7761,14602,3731,6579,10310,1030,3000,4030,109336,116998,226334
2021-01-15,8930,8319,17249,9554,9416,18970,19877,20315,40192,21652,22085,43737,16417,16703,33120,12812,13662,26474,10382,11075,21457,6908,7857,14765,3755,6624,10379,1033,3009,4042,111320,119065,230385
2021-01-16,8965,8348,17313,9813,9670,19483,20194,20668,40862,22047,22500,44547,16777,17071,33848,13091,13918,27009,10553,11265,21818,7009,7961,14970,3778,6661,10439,1035,3020,4055,113262,121082,234344
2021-01-17,9003,8370,17373,10034,9889,19923,20495,21043,41538,22396,22856,45252,17129,17468,34597,13329,14166,27495,10677,11419,22096,7074,8029,15103,3798,6688,10486,1037,3022,4059,114972,122950,237922
2021-01-18,9058,8425,17483,10317,10178,20495,20903,21467,42370,22845,23300,46145,17542,17864,35406,13648,14474,28122,10890,11655,22545,7170,8148,15318,3828,6735,10563,1040,3031,4071,117241,125277,242518
2021-01-19,9116,8470,17586,10582,10411,20993,21305,21854,43159,23278,23730,47008,17938,18271,36209,13919,14786,28705,11088,11885,22973,7269,8268,15537,3848,6785,10633,1047,3047,4094,119390,127507,246897
2021-01-20,9172,8521,17693,10844,10669,21513,21666,22244,43910,23660,24098,47758,18302,18637,36939,14217,15091,29308,11311,12126,23437,7379,8396,15775,3871,6829,10700,1055,3061,4116,121477,129672,251149
2021-01-21,9232,8573,17805,11020,10891,21911,21982,22564,44546,23947,24426,48373,18558,18940,37498,14413,15380,29793,11483,12287,23770,7455,8483,15938,3909,6869,10778,1062,3073,4135,123061,131486,254547
2021-01-22,9280,8623,17903,11232,11077,22309,22243,22858,45101,24208,24711,48919,18815,19229,38044,14609,15600,30209,11630,12451,24081,7527,8575,16102,3926,6911,10837,1065,3076,4141,124535,133111,257646
2021-01-23,9315,8653,17968,11440,11261,22701,22527,23154,45681,24478,25017,49495,19058,19444,38502,14813,15815,30628,11733,12574,24307,7573,8634,16207,3939,6939,10878,1067,3083,4150,125943,134574,260517
2021-01-24,9345,8686,18031,11677,11475,23152,22839,23468,46307,24767,25314,50081,19347,19743,39090,15038,16042,31080,11873,12721,24594,7626,8708,16334,3960,6971,10931,1069,3089,4158,127541,136217,263758
2021-01-25,9400,8755,18155,11972,11734,23706,23246,23884,47130,25129,25708,50837,19689,20112,39801,15286,16317,31603,12067,12924,24991,7717,8813,16530,3988,7027,11015,1075,3100,4175,129569,138374,267943
2021-01-26,9468,8812,18280,12251,11970,24221,23592,24207,47799,25447,26013,51460,19976,20422,40398,15509,16577,32086,12226,13108,25334,7796,8906,16702,4017,7084,11101,1079,3115,4194,131361,140214,271575
2021-01-27,9533,8867,18400,12467,12197,24664,23917,24530,48447,25763,26341,52104,20247,20735,40982,15715,16830,32545,12376,13255,25631,7861,8985,16846,4047,7126,11173,1081,3133,4214,133007,141999,275006
2021-01-28,9591,8922,18513,12661,12370,25031,24180,24809,48989,26041,26621,52662,20463,20964,41427,15891,17046,32937,12510,13409,25919,7936,9075,17011,4075,7171,11246,1086,3147,4233,134434,143534,277968
2021-01-29,9638,8982,18620,12928,12612,25540,24530,25139,49669,26403,27016,53419,20780,21315,42095,16144,17316,33460,12700,13642,26342,8017,9190,17207,4098,7228,11326,1090,3156,4246,136328,145596,281924
2021-01-30,9672,9004,18676,13277,12944,26221,24842,25475,50317,26775,27430,54205,21187,21753,42940,16453,17647,34100,12873,13873,26746,8102,9302,17404,4118,7273,11391,1093,3164,4257,138392,147865,286257
2021-01-31,9701,9030,18731,13767,13429,27196,25250,25881,51131,27253,27928,55181,21779,22384,44163,16860,18078,34938,13080,14108,27188,8190,9413,17603,4142,7314,11456,1095,3175,4270,141117,150740,291857
2021-02-01,9748,9079,18827,14164,13903,28067,25623,26317,51940,27698,28424,56122,22301,22893,45194,17278,18488,35766,13323,14400,27723,8268,9558,17826,4179,7361,11540,1097,3185,4282,143679,153608,297287
2021-02-02,9792,9121,18913,14496,14268,28764,25981,26674,52655,28097,28884,56981,22809,23435,46244,17651,18880,36531,13582,14687,28269,8413,9722,18135,4214,7410,11624,1102,3197,4299,146137,156278,302415
2021-02-03,9840,9171,19011,14784,14526,29310,26309,27041,53350,28468,29274,57742,23212,23856,47068,17948,19200,37148,13811,14942,28753,8526,9872,18398,4248,7468,11716,1106,3208,4314,148252,158558,306810
2021-02-04,9896,9216,19112,14953,14683,29636,26561,27328,53889,28744,29574,58318,23446,24168,47614,18156,19442,37598,13946,15144,29090,8600,9983,18583,4270,7510,11780,1109,3224,4333,149681,160272,309953
2021-02-05,9947,9262,19209,15129,14849,29978,26810,27585,54395,29002,29849,58851,23684,24403,48087,18331,19649,37980,14089,15326,29415,8673,10070,18743,4286,7557,11843,1111,3232,4343,151062,161782,312844
2021-02-06,9975,9291,19266,15316,15035,30351,27032,27822,54854,29248,30160,59408,23917,24670,48587,18535,19883,38418,14212,15476,29688,8724,10156,18880,4304,7588,11892,1111,3240,4351,152374,163321,315695
2021-02-07,10007,9329,19336,15505,15227,30732,27240,28057,55297,29518,30455,59973,24159,24933,49092,18729,20115,38844,14326,15596,29922,8787,10221,19008,4320,7612,11932,1118,3245,4363,153709,164790,318499
2021-02-08,10059,9373,19432,15756,15526,31282,27559,28405,55964,29887,30866,60753,24563,25359,49922,18985,20412,39397,14484,15801,30285,8865,10329,19194,4347,7669,12016,1122,3261,4383,155627,167001,322628
2021-02-09,10106,9405,19511,15977,15757,31734,27845,28706,56551,30273,31227,61500,24891,25720,50611,19255,20689,39944,14687,16009,30696,8956,10439,19395,4379,7731,12110,1127,3275,4402,157496,168958,326454
2021-02-10,10154,9439,19593,16142,15920,32062,28093,28987,57080,30559,31573,62132,25197,26015,51212,19432,20928,40360,14839,16183,31022,9042,10531,19573,4408,7769,12177,1127,3285,4412,158993,170630,329623
2021-02-11,10206,9480,19686,16285,16101,32386,28303,29250,57553,30864,31872,62736,25449,26302,51751,19608,21152,40760,14987,16342,31329,9115,10609,19724,4433,7818,12251,1131,3295,4426,160381,172221,332602
2021-02-12,10255,9516,19771,16468,16288,32756,28519,29471,57990,31170,32197,63367,25727,26618,52345,19785,21368,41153,15129,16531,31660,9191,10701,19892,4460,7862,12322,1133,3309,4442,161837,173861,335698
2021-02-13,10283,9541,19824,16689,16528,33217,28744,29724,58468,31511,32541,64052,26042,26997,53039,19990,21607,41597,15271,16692,31963,9244,10784,20028,4480,7897,12377,1135,3320,4455,163389,175631,339020
2021-02-14,10307,9561,19868,16891,16757,33648,28925,29970,58895,31841,32927,64768,26417,27405,53822,20192,21853,42045,15433,16855,32288,9307,10891,20198,4495,7920,12415,1137,3332,4469,164945,177471,342416
2021-02-15,10333,9599,19932,17178,17050,34228,29201,30269,59470,32241,33372,65613,26891,27886,54777,20490,22152,42642,15589,17046,32635,9378,10999,20377,4511,7966,12477,1139,3344,4483,166951,179683,346634
2021-02-16,10361,9623,19984,17470,17310,34780,29555,30666,60221,32713,33905,66618,27323,28381,55704,20777,22401,43178,15736,17189,32925,9445,11084,20529,4524,8002,12526,1147,3351,4498,169051,181912,350963
2021-02-17,10399,9670,20069,17670,17522,35192,29997,31112,61109,33137,34334,67471,27652,28737,56389,21009,22676,43685,15945,17407,33352,9537,11198,20735,4545,8054,12599,1152,3365,4517,171043,184075,355118
2021-02-18,10434,9713,20147,17836,17713,35549,30350,31493,61843,33522,34742,68264,27954,29074,57028,21264,22933,44197,16118,17613,33731,9627,11316,20943,4573,8101,12674,1154,3371,4525,172832,186069,358901
2021-02-19,10483,9751,20234,17989,17905,35894,30678,31828,62506,33849,35124,68973,28238,29393,57631,21490,23196,44686,16284,17814,34098,9715,11434,21149,4596,8145,12741,1157,3380,4537,174479,187970,362449
2021-02-20,10524,9777,20301,18127,18079,36206,30955,32120,63075,34145,35466,69611,28512,29699,58211,21686,23450,45136,16406,18016,34422,9777,11511,21288,4619,8184,12803,1161,3383,4544,175912,189685,365597
2021-02-21,10564,9805,20369,18277,18250,36527,31186,32421,63607,34460,35801,70261,28766,29984,58750,21838,23660,45498,16547,18187,34734,9835,11585,21420,4640,8217,12857,1165,3392,4557,177278,191302,368580
2021-02-22,10618,9872,20490,18420,18443,36863,31480,32762,64242,34788,36199,70987,29052,30297,59349,22059,23903,45962,16701,18397,35098,9912,11685,21597,4679,8254,12933,1168,3397,4565,178877,193209,372086
2021-02-23,10685,9923,20608,18561,18589,37150,31737,33045,64782,35087,36534,71621,29299,30581,59880,22268,24131,46399,16859,18593,35452,10000,11802,21802,4709,8294,13003,1175,3413,4588,180380,194905,375285
2021-02-24,10726,9989,20715,18709,18756,37465,31941,33288,65229,35355,36818,72173,29484,30822,60306,22435,24321,46756,17029,18754,35783,10081,11900,21981,4731,8336,13067,1178,3423,4601,181669,196407,378076
2021-02-25,10803,10061,20864,18816,18879,37695,32164,33527,65691,35573,37057,72630,29691,31017,60708,22582,24499,47081,17150,18917,36067,10146,11994,22140,4751,8372,13123,1182,3439,4621,182858,197762,380620
2021-02-26,10861,10117,20978,18928,19002,37930,32386,33805,66191,35850,37307,73157,29898,31250,61148,22746,24696,47442,17279,19111,36390,10208,12085,22293,4771,8408,13179,1184,3456,4640,184111,199237,383348
2021-02-27,10894,10148,21042,19050,19155,38205,32588,34049,66637,36129,37614,73743,30094,31465,61559,22935,24926,47861,17443,19305,36748,10275,12177,22452,4791,8455,13246,1185,3463,4648,185384,200757,386141
2021-02-28,10928,10183,21111,19215,19331,38546,32852,34363,67215,36473,38006,74479,30380,31769,62149,23199,25253,48452,17654,19535,37189,10387,12300,22687,4813,8496,13309,1188,3472,4660,187089,202708,389797
2021-03-01,11011,10253,21264,19318,19471,38789,33090,34598,67688,36756,38268,75024,30600,31971,62571,23326,25423,48749,17791,19697,37488,10455,12412,22867,4836,8540,13376,1193,3486,4679,188376,204119,392495
2021-03-02,11104,10330,21434,19454,19593,39047,33305,34832,68137,36979,38524,75503,30793,32161,62954,23480,25622,49102,17899,19845,37744,10528,12480,23008,4869,8578,13447,1196,3493,4689,189607,205458,395065
2021-03-03,11193,10394,21587,19563,19695,39258,33462,35040,68502,37197,38729,75926,30948,32333,63281,23629,25800,49429,18054,20023,38077,10608,12584,23192,4883,8608,13491,1196,3508,4704,190733,206714,397447
2021-03-04,11267,10465,21732,19663,19817,39480,33631,35217,68848,37400,38914,76314,31092,32491,63583,23734,25965,49699,18172,20203,38375,10675,12688,23363,4905,8645,13550,1202,3521,4723,191741,207926,399667
2021-03-05,11331,10527,21858,19756,19923,39679,33800,35443,69243,37624,39139,76763,31238,32639,63877,23860,26135,49995,18300,20345,38645,10746,12778,23524,4923,8679,13602,1202,3527,4729,192780,209135,401915
2021-03-06,11376,10571,21947,19833,20004,39837,33967,35608,69575,37810,39328,77138,31373,32789,64162,23955,26273,50228,18396,20447,38843,10791,12843,23634,4944,8706,13650,1204,3533,4737,193649,210102,403751
2021-03-07,11417,10610,22027,19916,20086,40002,34116,35796,69912,37998,39524,77522,31479,32951,64430,24075,26425,50500,18516,20600,39116,10838,12913,23751,4965,8740,13705,1208,3537,4745,194528,211182,405710
2021-03-08,11499,10690,22189,20026,20216,40242,34294,36021,70315,38224,39772,77996,31659,33135,64794,24256,26621,50877,18684,20782,39466,10917,13004,23921,4986,8787,13773,1211,3548,4759,195756,212576,408332
2021-03-09,11599,10801,22400,20135,20326,40461,34473,36202,70675,38452,40005,78457,31859,33316,65175,24419,26805,51224,18824,21003,39827,11011,13105,24116,5009,8821,13830,1215,3555,4770,196996,213939,410935
2021-03-10,11706,10898,22604,20251,20424,40675,34659,36390,71049,38686,40237,78923,32011,33477,65488,24562,26987,51549,18960,21151,40111,11085,13212,24297,5030,8869,13899,1219,3564,4783,198169,215209,413378
2021-03-11,11791,10994,22785,20331,20531,40862,34806,36577,71383,38865,40422,79287,32122,33617,65739,24664,27117,51781,19062,21287,40349,11142,13283,24425,5055,8900,13955,1220,3579,4799,199058,216307,415365
2021-03-12,11893,11096,22989,20443,20657,41100,34970,36777,71747,39082,40661,79743,32277,33798,66075,24793,27301,52094,19187,21449,40636,11218,13376,24594,5078,8943,14021,1224,3591,4815,200165,217649,417814
2021-03-13,11969,11146,23115,20519,20746,41265,35157,36969,72126,39308,40883,80191,32425,33945,66370,24914,27468,52382,19337,21601,40938,11275,13447,24722,5088,8981,14069,1229,3594,4823,201221,218780,420001
2021-03-14,12026,11224,23250,20586,20831,41417,35315,37170,72485,39515,41120,80635,32567,34100,66667,25055,27650,52705,19485,21774,41259,11332,13541,24873,5108,9008,14116,1233,3603,4836,202222,220021,422243
2021-03-15,12172,11338,23510,20707,20963,41670,35510,37413,72923,39746,41384,81130,32768,34321,67089,25235,27846,53081,19655,21958,41613,11418,13665,25083,5126,9054,14180,1237,3618,4855,203574,221560,425134
2021-03-16,12289,11461,23750,20814,21091,41905,35674,37614,73288,39983,41629,81612,32930,34468,67398,25388,28029,53417,19784,22133,41917,11491,13768,25259,5140,9098,14238,1242,3633,4875,204735,222924,427659
2021-03-17,12376,11560,23936,20924,21199,42123,35853,37831,73684,40157,41806,81963,33065,34627,67692,25530,28189,53719,19916,22282,42198,11551,13858,25409,5158,9137,14295,1244,3646,4890,205774,224135,429909
2021-03-18,12469,11636,24105,20999,21290,42289,36002,38003,74005,40343,41965,82308,33185,34764,67949,25623,28316,53939,20017,22410,42427,11614,13936,25550,5175,9165,14340,1246,3654,4900,206673,225139,431812
2021-03-19,12571,11721,24292,21117,21406,42523,36156,38204,74360,40538,42170,82708,33306,34907,68213,25736,28466,54202,20121,22558,42679,11676,14004,25680,5190,9191,14381,1251,3662,4913,207662,226289,433951
2021-03-20,12612,11766,24378,21191,21491,42682,36290,38342,74632,40687,42347,83034,33417,35043,68460,25847,28604,54451,20217,22659,42876,11735,14066,25801,5207,9217,14424,1254,3669,4923,208457,227204,435661
2021-03-21,12675,11823,24498,21266,21575,42841,36440,38490,74930,40871,42525,83396,33535,35165,68700,25963,28752,54715,20308,22784,43092,11768,14130,25898,5224,9244,14468,1257,3678,4935,209307,228166,437473
2021-03-22,12767,11923,24690,21383,21674,43057,36609,38710,75319,41075,42743,83818,33702,35325,69027,26129,28930,55059,20430,22935,43365,11836,14209,26045,5247,9292,14539,1261,3700,4961,210439,229441,439880
2021-03-23,12868,12027,24895,21514,21789,43303,36793,38922,75715,41258,42933,84191,33850,35455,69305,26277,29092,55369,20553,23099,43652,11907,14303,26210,5271,9320,14591,1262,3711,4973,211553,230651,442204
2021-03-24,12927,12093,25020,21605,21872,43477,36911,39050,75961,41405,43109,84514,33948,35581,69529,26375,29213,55588,20617,23197,43814,11953,14375,26328,5282,9353,14635,1263,3717,4980,212286,231560,443846
2021-03-25,13004,12177,25181,21710,21981,43691,37064,39235,76299,41589,43293,84882,34103,35756,69859,26489,29357,55846,20716,23321,44037,12008,14444,26452,5308,9383,14691,1266,3721,4987,213257,232668,445925
2021-03-26,13110,12271,25381,21835,22114,43949,37244,39430,76674,41803,43489,85292,34250,35927,70177,26600,29518,56118,20807,23459,44266,12073,14523,26596,5330,9417,14747,1268,3731,4999,214320,233879,448199
2021-03-27,13191,12338,25529,21894,22188,44082,37392,39572,76964,41998,43675,85673,34381,36074,70455,26713,29659,56372,20921,23591,44512,12115,14586,26701,5343,9449,14792,1273,3736,5009,215221,234868,450089
2021-03-28,13251,12379,25630,21950,22265,44215,37508,39712,77220,42148,43858,86006,34520,36212,70732,26818,29799,56617,21011,23723,44734,12157,14627,26784,5362,9471,14833,1275,3741,5016,216000,235787,451787
2021-03-29,13345,12463,25808,22081,22372,44453,37676,39905,77581,42340,44067,86407,34689,36392,71081,26957,29948,56905,21115,23875,44990,12208,14679,26887,5379,9502,14881,1276,3752,5028,217066,236955,454021
2021-03-30,13427,12543,25970,22189,22485,44674,37813,40055,77868,42519,44251,86770,34824,36553,71377,27069,30073,57142,21211,24008,45219,12247,14737,26984,5399,9531,14930,1281,3760,5041,217979,237996,455975
2021-03-31,13502,12613,26115,22275,22556,44831,37960,40224,78184,42685,44429,87114,34935,36693,71628,27144,30188,57332,21265,24084,45349,12274,14781,27055,5415,9553,14968,1283,3769,5052,218738,238890,457628
2021-04-01,13567,12676,26243,22363,22641,45004,38120,40399,78519,42862,44599,87461,35059,36833,71892,27244,30320,57564,21350,24189,45539,12314,14836,27150,5427,9569,14996,1285,3779,5064,219591,239841,459432
2021-04-02,13645,12727,26372,22448,22741,45189,38257,40544,78801,43039,44753,87792,35193,36952,72145,27338,30445,57783,21422,24273,45695,12356,14872,27228,5440,9580,15020,1288,3785,5073,220426,240672,461098
2021-04-03,13694,12786,26480,22528,22843,45371,38394,40687,79081,43203,44934,88137,35327,37091,72418,27441,30576,58017,21525,24364,45889,12388,14925,27313,5457,9615,15072,1291,3789,5080,221248,241610,462858
2021-04-04,13763,12842,26605,22679,22992,45671,38583,40902,79485,43443,45205,88648,35501,37300,72801,27558,30735,58293,21601,24473,46074,12420,14973,27393,5473,9640,15113,1292,3796,5088,222313,242858,465171
2021-04-05,13855,12934,26789,22871,23194,46065,38841,41194,80035,43735,45482,89217,35735,37567,73302,27727,30939,58666,21709,24623,46332,12471,15033,27504,5485,9676,15161,1297,3805,5102,223726,244447,468173
2021-04-06,13947,13051,26998,23037,23365,46402,39146,41451,80597,44021,45805,89826,35968,37800,73768,27882,31130,59012,21828,24806,46634,12540,15128,27668,5508,9712,15220,1300,3818,5118,225177,246066,471243
2021-04-07,14053,13151,27204,23224,23544,46768,39423,41728,81151,44300,46122,90422,36212,38037,74249,28045,31338,59383,21930,24972,46902,12600,15212,27812,5520,9754,15274,1301,3826,5127,226608,247684,474292
2021-04-08,14150,13240,27390,23371,23693,47064,39635,41996,81631,44565,46412,90977,36396,38229,74625,28179,31517,59696,22038,25110,47148,12653,15282,27935,5537,9784,15321,1302,3839,5141,227826,249102,476928
2021-04-09,14237,13315,27552,23475,23809,47284,39771,42191,81962,44735,46589,91324,36550,38382,74932,28283,31646,59929,22111,25205,47316,12691,15332,28023,5546,9807,15353,1305,3847,5152,228704,250123,478827
2021-04-10,14291,13371,27662,23583,23941,47524,39957,42370,82327,44936,46772,91708,36677,38530,75207,28395,31774,60169,22192,25296,47488,12708,15370,28078,5553,9822,15375,1306,3850,5156,229598,251096,480694
2021-04-11,14346,13429,27775,23664,24042,47706,40088,42502,82590,45090,46959,92049,36824,38678,75502,28497,31886,60383,22275,25382,47657,12734,15406,28140,5564,9845,15409,1308,3855,5163,230390,251984,482374
2021-04-12,14437,13514,27951,23805,24175,47980,40252,42699,82951,45303,47202,92505,36990,38888,75878,28634,32088,60722,22378,25500,47878,12766,15465,28231,5577,9873,15450,1309,3867,5176,231451,253271,484722
2021-04-13,14537,13580,28117,23901,24271,48172,40426,42864,83290,45521,47415,92936,37150,39058,76208,28765,32225,60990,22452,25586,48038,12811,15499,28310,5585,9890,15475,1312,3875,5187,232460,254263,486723
2021-04-14,14625,13658,28283,23990,24350,48340,40547,43002,83549,45661,47554,93215,37248,39181,76429,28843,32330,61173,22558,25681,48239,12851,15561,28412,5600,9911,15511,1317,3880,5197,233240,255108,488348
2021-04-15,14727,13746,28473,24107,24484,48591,40758,43219,83977,45884,47765,93649,37461,39387,76848,28985,32519,61504,22649,25789,48438,12883,15611,28494,5615,9937,15552,1319,3888,5207,234388,256345,490733
2021-04-16,14820,13837,28657,24204,24593,48797,40979,43428,84407,46125,48026,94151,37643,39586,77229,29139,32719,61858,22769,25938,48707,12915,15663,28578,5624,9963,15587,1320,3897,5217,235538,257650,493188
2021-04-17,14911,13910,28821,24308,24689,48997,41149,43583,84732,46358,48216,94574,37817,39765,77582,29261,32863,62124,22866,26040,48906,12949,15725,28674,5639,9997,15636,1323,3901,5224,236581,258689,495270
2021-04-18,14963,13975,28938,24377,24751,49128,41287,43727,85014,46517,48406,94923,37979,39907,77886,29376,32985,62361,22962,26131,49093,12981,15769,28750,5661,10017,15678,1326,3908,5234,237429,259576,497005
2021-04-19,15065,14053,29118,24495,24878,49373,41517,43948,85465,46758,48657,95415,38189,40099,78288,29534,33165,62699,23085,26259,49344,13022,15836,28858,5669,10054,15723,1330,3921,5251,238664,260870,499534
2021-04-20,15168,14161,29329,24604,24982,49586,41690,44134,85824,46941,48860,95801,38369,40288,78657,29675,33305,62980,23209,26406,49615,13071,15891,28962,5693,10087,15780,1334,3930,5264,239754,262044,501798
2021-04-21,15268,14234,29502,24697,25062,49759,41854,44285,86139,47113,49032,96145,38509,40437,78946,29787,33436,63223,23306,26517,49823,13113,15931,29044,5706,10130,15836,1336,3936,5272,240689,263000,503689
2021-04-22,15378,14330,29708,24824,25177,50001,42030,44464,86494,47325,49271,96596,38701,40667,79368,29933,33596,63529,23411,26655,50066,13158,16002,29160,5721,10171,15892,1337,3945,5282,241818,264278,506096
2021-04-23,15471,14416,29887,24916,25288,50204,42235,44668,86903,47558,49510,97068,38892,40889,79781,30082,33797,63879,23513,26798,50311,13210,16069,29279,5738,10196,15934,1341,3951,5292,242956,265582,508538
2021-04-24,15522,14457,29979,24960,25324,50284,42283,44731,87014,47631,49583,97214,38959,40975,79934,30122,33843,63965,23540,26831,50371,13236,16109,29345,5744,10218,15962,1343,3968,5311,243340,266039,509379
2021-04-25,15591,14525,30116,25040,25397,50437,42390,44862,87252,47790,49731,97521,39103,41111,80214,30240,33969,64209,23617,26911,50528,13267,16142,29409,5754,10241,15995,1343,3971,5314,244135,266860,510995
2021-04-26,15692,14630,30322,25155,25516,50671,42579,45041,87620,48003,49955,97958,39286,41316,80602,30414,34143,64557,23725,27030,50755,13332,16216,29548,5767,10274,16041,1346,3981,5327,245299,268102,513401
2021-04-27,15779,14708,30487,25260,25621,50881,42781,45266,88047,48195,50155,98350,39443,41511,80954,30547,34289,64836,23824,27145,50969,13379,16293,29672,5787,10307,16094,1350,3989,5339,246345,269284,515629
2021-04-28,15876,14810,30686,25366,25726,51092,42963,45453,88416,48407,50372,98779,39613,41686,81299,30679,34417,65096,23917,27259,51176,13422,16348,29770,5797,10331,16128,1355,3998,5353,247395,270400,517795
2021-04-29,15992,14913,30905,25516,25869,51385,43175,45697,88872,48672,50638,99310,39850,41910,81760,30841,34629,65470,24027,27403,51430,13488,16442,29930,5827,10379,16206,1357,4014,5371,248745,271894,520639
2021-04-30,16097,15000,31097,25611,25970,51581,43286,45854,89140,48817,50807,99624,39967,42059,82026,30947,34749,65696,24100,27518,51618,13544,16505,30049,5849,10418,16267,1360,4031,5391,249578,272911,522489
2021-05-01,16170,15063,31233,25700,26032,51732,43418,45994,89412,48979,50980,99959,40108,42231,82339,31051,34880,65931,24176,27609,51785,13590,16558,30148,5866,10460,16326,1361,4037,5398,250419,273844,524263
2021-05-02,16242,15126,31368,25792,26133,51925,43591,46186,89777,49209,51226,100435,40287,42473,82760,31194,35047,66241,24281,27747,52028,13635,16623,30258,5883,10486,16369,1364,4052,5416,251478,275099,526577
2021-05-03,16387,15255,31642,25927,26281,52208,43916,46494,90410,49554,51629,101183,40595,42817,83412,31425,35362,66787,24454,27996,52450,13729,16741,30470,5905,10543,16448,1366,4074,5440,253258,277192,530450
2021-05-04,16502,15360,31862,26076,26446,52522,44198,46770,90968,49898,51977,101875,40863,43089,83952,31645,35642,67287,24602,28205,52807,13826,16865,30691,5929,10588,16517,1367,4091,5458,254906,279033,533939
2021-05-05,16632,15471,32103,26205,26566,52771,44459,47066,91525,50201,52303,102504,41119,43337,84456,31827,35860,67687,24740,28349,53089,13908,16952,30860,5964,10630,16594,1374,4105,5479,256429,280639,537068
2021-05-06,16730,15587,32317,26382,26741,53123,44719,47406,92125,50510,52631,103141,41405,43614,85019,32034,36098,68132,24872,28500,53372,13981,17038,31019,5994,10676,16670,1378,4125,5503,258005,282416,540421
2021-05-07,16853,15703,32556,26571,26914,53485,45004,47766,92770,50818,53009,103827,41694,43946,85640,32223,36362,68585,25014,28671,53685,14049,17140,31189,6014,10707,16721,1380,4131,5511,259620,284349,543969
2021-05-08,16910,15772,32682,26654,26995,53649,45171,47945,93116,51030,53224,104254,41839,44100,85939,32329,36492,68821,25083,28751,53834,14093,17179,31272,6034,10735,16769,1381,4142,5523,260524,285335,545859
2021-05-09,16990,15848,32838,26732,27088,53820,45315,48108,93423,51208,53423,104631,42000,44278,86278,32434,36624,69058,25157,28838,53995,14144,17243,31387,6052,10758,16810,1390,4144,5534,261422,286352,547774
2021-05-10,17112,15964,33076,26872,27237,54109,45616,48388,94004,51536,53744,105280,42272,44602,86874,32656,36854,69510,25319,29017,54336,14228,17349,31577,6081,10808,16889,1392,4153,5545,263084,288116,551200
2021-05-11,17223,16059,33282,27003,27366,54369,45830,48614,94444,51806,54013,105819,42483,44810,87293,32807,37026,69833,25460,29166,54626,14296,17443,31739,6105,10840,16945,1397,4161,5558,264410,289498,553908
2021-05-12,17331,16155,33486,27120,27481,54601,46026,48862,94888,52064,54246,106310,42704,45039,87743,32981,37198,70179,25578,29313,54891,14344,17516,31860,6123,10880,17003,1402,4172,5574,265673,290862,556535
2021-05-13,17469,16245,33714,27222,27590,54812,46264,49134,95398,52303,54532,106835,42929,45251,88180,33117,37387,70504,25688,29443,55131,14393,17592,31985,6144,10929,17073,1403,4176,5579,266932,292279,559211
2021-05-14,17596,16380,33976,27354,27770,55124,46558,49455,96013,52649,54886,107535,43163,45576,88739,33326,37625,70951,25826,29630,55456,14460,17685,32145,6176,10970,17146,1408,4184,5592,268516,294161,562677
2021-05-15,17689,16481,34170,27454,27904,55358,46752,49697,96449,52889,55172,108061,43362,45824,89186,33484,37789,71273,25928,29760,55688,14501,17732,32233,6195,11003,17198,1409,4198,5607,269663,295560,565223
2021-05-16,17762,16563,34325,27534,28005,55539,46911,49847,96758,53082,55393,108475,43545,46018,89563,33620,37947,71567,26023,29862,55885,14544,17784,32328,6210,11036,17246,1410,4213,5623,270641,296668,567309
2021-05-17,17942,16728,34670,27731,28199,55930,47233,50225,97458,53505,55846,109351,43875,46409,90284,33902,38281,72183,26203,30074,56277,14651,17924,32575,6249,11106,17355,1413,4228,5641,272704,299020,571724
2021-05-18,18099,16890,34989,27916,28396,56312,47597,50577,98174,53918,56263,110181,44265,46787,91052,34176,38558,72734,26377,30272,56649,14741,18025,32766,6281,11154,17435,1417,4237,5654,274787,301159,575946
2021-05-19,18274,17022,35296,28120,28596,56716,47970,50976,98946,54357,56708,111065,44639,47155,91794,34429,38872,73301,26564,30483,57047,14832,18125,32957,6313,11200,17513,1424,4254,5678,276922,303391,580313
2021-05-20,18442,17187,35629,28313,28824,57137,48397,51420,99817,54824,57148,111972,44996,47539,92535,34684,39175,73859,26749,30674,57423,14916,18232,33148,6346,11252,17598,1427,4270,5697,279094,305721,584815
2021-05-21,18563,17293,35856,28472,28990,57462,48718,51800,100518,55211,57590,112801,45317,47896,93213,34920,39439,74359,26903,30880,57783,14999,18306,33305,6376,11314,17690,1428,4281,5709,280907,307789,588696
2021-05-22,18636,17351,35987,28561,29101,57662,48888,52037,100925,55464,57810,113274,45496,48083,93579,35045,39580,74625,26987,30964,57951,15043,18353,33396,6391,11352,17743,1429,4294,5723,281940,308925,590865
2021-05-23,18705,17412,36117,28630,29199,57829,49035,52193,101228,55639,58004,113643,45651,48231,93882,35160,39733,74893,27055,31066,58121,15087,18388,33475,6403,11399,17802,1438,4308,5746,282803,309933,592736
2021-05-24,18808,17489,36297,28755,29351,58106,49297,52428,101725,55932,58327,114259,45896,48526,94422,35380,40003,75383,27184,31239,58423,15168,18479,33647,6426,11442,17868,1441,4319,5760,284287,311603,595890
2021-05-25,18887,17553,36440,28858,29461,58319,49553,52694,102247,56184,58614,114798,46140,48762,94902,35586,40216,75802,27305,31383,58688,15233,18550,33783,6445,11478,17923,1446,4329,5775,285637,313040,598677
2021-05-26,19004,17654,36658,29021,29629,58650,49896,53032,102928,56535,58969,115504,46453,49095,95548,35870,40516,76386,27456,31581,59037,15323,18653,33976,6473,11545,18018,1453,4336,5789,287484,315010,602494
2021-05-27,19099,17755,36854,29137,29758,58895,50160,53337,103497,56862,59297,116159,46692,49322,96014,36080,40778,76858,27584,31740,59324,15409,18738,34147,6498,11582,18080,1454,4351,5805,288975,316658,605633
2021-05-28,19215,17856,37071,29294,29961,59255,50490,53692,104182,57218,59672,116890,47022,49686,96708,36389,41116,77505,27757,31971,59728,15485,18837,34322,6525,11630,18155,1458,4363,5821,290853,318784,609637
2021-05-29,19290,17929,37219,29384,30072,59456,50694,53929,104623,57490,59933,117423,47260,49918,97178,36537,41306,77843,27860,32093,59953,15533,18907,34440,6544,11673,18217,1463,4376,5839,292055,320136,612191
2021-05-30,19337,17981,37318,29462,30153,59615,50879,54132,105011,57697,60149,117846,47453,50087,97540,36651,41460,78111,27934,32182,60116,15566,18962,34528,6559,11701,18260,1466,4385,5851,293004,321192,614196
2021-05-31,19436,18077,37513,29611,30309,59920,51205,54459,105664,58066,60511,118577,47755,50413,98168,36833,41698,78531,28070,32355,60425,15655,19073,34728,6589,11764,18353,1466,4401,5867,294686,323060,617746
2021-06-01,19554,18182,37736,29755,30451,60206,51481,54755,106236,58397,60834,119231,48012,50696,98708,37042,41950,78992,28233,32541,60774,15745,19171,34916,6624,11806,18430,1471,4412,5883,296314,324798,621112
2021-06-02,19690,18294,37984,29897,30607,60504,51774,55097,106871,58715,61208,119923,48307,50995,99302,37230,42182,79412,28371,32730,61101,15836,19280,35116,6657,11857,18514,1478,4430,5908,297955,326680,624635
2021-06-03,19801,18416,38217,30067,30764,60831,52078,55402,107480,59063,61580,120643,48603,51301,99904,37430,42425,79855,28525,32913,61438,15915,19385,35300,6687,11887,18574,1482,4447,5929,299651,328520,628171
2021-06-04,19961,18562,38523,30234,30931,61165,52407,55762,108169,59401,61926,121327,48916,51627,100543,37665,42749,80414,28681,33106,61787,16010,19508,35518,6714,11946,18660,1484,4456,5940,301473,330573,632046
2021-06-05,20050,18648,38698,30324,31031,61355,52590,55998,108588,59617,62168,121785,49108,51825,100933,37816,42910,80726,28760,33202,61962,16060,19587,35647,6730,11976,18706,1489,4470,5959,302544,331815,634359
2021-06-06,20140,18743,38883,30421,31134,61555,52768,56191,108959,59820,62401,122221,49286,51999,101285,37971,43073,81044,28844,33316,62160,16105,19644,35749,6744,12003,18747,1489,4484,5973,303588,332988,636576
2021-06-07,20268,18906,39174,30569,31298,61867,53061,56508,109569,60174,62755,122929,49561,52329,101890,38197,43345,81542,29011,33525,62536,16216,19797,36013,6780,12090,18870,1496,4518,6014,305333,335071,640404
2021-06-08,20422,19050,39472,30708,31453,62161,53337,56839,110176,60540,63078,123618,49828,52612,102440,38429,43622,82051,29144,33680,62824,16294,19938,36232,6806,12144,18950,1500,4534,6034,307008,336950,643958
2021-06-09,20568,19194,39762,30872,31590,62462,53673,57173,110846,60892,63458,124350,50111,52927,103038,38658,43900,82558,29288,33857,63145,16381,20038,36419,6844,12206,19050,1504,4552,6056,308791,338895,647686
2021-06-10,20697,19334,40031,31011,31753,62764,53991,57520,111511,61247,63851,125098,50377,53222,103599,38853,44159,83012,29414,34037,63451,16475,20165,36640,6874,12256,19130,1509,4570,6079,310448,340867,651315
2021-06-11,20822,19459,40281,31126,31909,63035,54303,57868,112171,61568,64249,125817,50670,53557,104227,39073,44407,83480,29559,34201,63760,16560,20295,36855,6907,12326,19233,1515,4587,6102,312103,342858,654961
2021-06-12,20923,19555,40478,31230,32010,63240,54512,58089,112601,61812,64515,126327,50874,53772,104646,39215,44595,83810,29659,34330,63989,16612,20380,36992,6932,12361,19293,1519,4598,6117,313288,344205,657493
2021-06-13,21033,19664,40697,31333,32118,63451,54683,58264,112947,62011,64718,126729,51069,53986,105055,39357,44774,84131,29756,34433,64189,16651,20437,37088,6951,12396,19347,1523,4608,6131,314367,345398,659765
2021-06-14,21195,19799,40994,31490,32289,63779,54956,58616,113572,62354,65100,127454,51370,54313,105683,39575,45055,84630,29896,34646,64542,16759,20557,37316,6978,12448,19426,1540,4628,6168,316113,347451,663564
2021-06-15,21357,19963,41320,31668,32447,64115,55269,58950,114219,62695,65482,128177,51652,54661,106313,39796,45312,85108,30057,34822,64879,16848,20659,37507,7016,12494,19510,1543,4644,6187,317901,349434,667335
2021-06-16,21523,20121,41644,31838,32605,64443,55571,59285,114856,63044,65852,128896,51932,55000,106932,39980,45550,85530,30199,34989,65188,16927,20758,37685,7049,12542,19591,1544,4660,6204,319607,351362,670969
2021-06-17,21679,20265,41944,32007,32789,64796,55892,59657,115549,63408,66284,129692,52216,55346,107562,40156,45801,85957,30341,35168,65509,17034,20879,37913,7074,12591,19665,1546,4671,6217,321353,353451,674804
2021-06-18,21813,20389,42202,32154,32953,65107,56212,59955,116167,63752,66669,130421,52503,55718,108221,40327,46056,86383,30457,35338,65795,17094,20975,38069,7103,12622,19725,1550,4686,6236,322965,355361,678326
2021-06-19,21918,20498,42416,32260,33042,65302,56403,60175,116578,63982,66955,130937,52698,55959,108657,40443,46203,86646,30571,35455,66026,17160,21048,38208,7128,12682,19810,1553,4703,6256,324116,356720,680836
2021-06-20,22026,20579,42605,32344,33108,65452,56509,60316,116825,64134,67161,131295,52838,56132,108970,40549,46330,86879,30643,35546,66189,17211,21099,38310,7142,12711,19853,1554,4712,6266,324950,357694,682644
2021-06-21,22142,20697,42839,32458,33208,65666,56681,60540,117221,64379,67395,131774,53059,56369,109428,40710,46523,87233,30731,35653,66384,17270,21182,38452,7172,12740,19912,1557,4716,6273,326159,359023,685182
2021-06-22,22326,20862,43188,32634,33380,66014,56968,60914,117882,64729,67774,132503,53389,56725,110114,40911,46778,87689,30912,35864,66776,17362,21306,38668,7201,12796,19997,1567,4726,6293,327999,361125,689124
2021-06-23,22534,21033,43567,32836,33558,66394,57242,61264,118506,65096,68206,133302,53716,57131,110847,41087,47026,88113,31079,36050,67129,17445,21426,38871,7235,12854,20089,1573,4748,6321,329843,363296,693139
2021-06-24,22737,21200,43937,33004,33752,66756,57545,61634,119179,65429,68626,134055,54030,57470,111500,41272,47282,88554,31235,36254,67489,17526,21526,39052,7257,12905,20162,1576,4761,6337,331611,365410,697021
2021-06-25,22950,21379,44329,33198,33977,67175,57867,62039,119906,65838,69132,134970,54315,57838,112153,41524,47581,89105,31414,36499,67913,17619,21663,39282,7289,12964,20253,1585,4780,6365,333599,367852,701451
2021-06-26,23059,21471,44530,33292,34095,67387,58043,62227,120270,66061,69390,135451,54494,58065,112559,41661,47706,89367,31529,36656,68185,17687,21767,39454,7310,13002,20312,1590,4796,6386,334726,369175,703901
2021-06-27,23182,21570,44752,33373,34198,67571,58192,62411,120603,66248,69600,135848,54653,58249,112902,41763,47824,89587,31623,36744,68367,17738,21835,39573,7322,13039,20361,1590,4805,6395,335684,370275,705959
2021-06-28,23321,21690,45011,33465,34285,67750,58350,62621,120971,66485,69852,136337,54830,58460,113290,41901,47958,89859,31728,36842,68570,17796,21915,39711,7354,13074,20428,1592,4819,6411,336822,371516,708338
2021-06-29,23472,21880,45352,33627,34459,68086,58620,62956,121576,66809,70202,137011,55067,58756,113823,42091,48160,90251,31871,36989,68860,17887,22004,39891,7377,13130,20507,1594,4846,6440,338415,373382,711797
2021-06-30,23663,22070,45733,33827,34633,68460,58915,63323,122238,67185,70610,137795,55366,59057,114423,42263,48439,90702,31994,37172,69166,17963,22099,40062,7408,13177,20585,1599,4863,6462,340183,375443,715626
2021-07-01,23804,22217,46021,33991,34807,68798,59210,63648,122858,67492,71014,138506,55593,59357,114950,42444,48680,91124,32116,37341,69457,18044,22196,40240,7439,13229,20668,1603,4877,6480,341736,377366,719102
2021-07-02,23998,22378,46376,34204,35007,69211,59513,64016,123529,67838,71458,139296,55820,59712,115532,42631,48946,91577,32255,37546,69801,18130,22301,40431,7462,13277,20739,1607,4890,6497,343458,379531,722989
2021-07-03,24118,22504,46622,34322,35158,69480,59704,64259,123963,68099,71752,139851,56017,59969,115986,42766,49104,91870,32374,37673,70047,18180,22379,40559,7481,13315,20796,1614,4905,6519,344675,381018,725693
2021-07-04,24241,22661,46902,34435,35259,69694,59845,64473,124318,68295,71987,140282,56173,60158,116331,42898,49281,92179,32462,37785,70247,18218,22453,40671,7494,13349,20843,1618,4916,6534,345679,382322,728001
2021-07-05,24483,22872,47355,34626,35454,70080,60169,64852,125021,68675,72437,141112,56453,60538,116991,43094,49551,92645,32622,37957,70579,18316,22567,40883,7531,13401,20932,1623,4933,6556,347592,384562,732154
2021-07-06,24731,23108,47839,34879,35663,70542,60536,65258,125794,69076,72916,141992,56771,60924,117695,43292,49819,93111,32763,38154,70917,18405,22686,41091,7561,13457,21018,1626,4960,6586,349640,386945,736585
2021-07-07,24953,23322,48275,35097,35897,70994,60905,65673,126578,69470,73387,142857,57101,61269,118370,43526,50071,93597,32892,38311,71203,18483,22772,41255,7585,13514,21099,1635,4972,6607,351647,389188,740835
2021-07-08,25169,23536,48705,35343,36172,71515,61334,66127,127461,69898,73887,143785,57426,61713,119139,43771,50388,94159,33044,38549,71593,18579,22902,41481,7626,13558,21184,1640,4989,6629,353830,391821,745651
2021-07-09,25325,23694,49019,35520,36340,71860,61599,66416,128015,70188,74230,144418,57672,62012,119684,43940,50578,94518,33164,38667,71831,18632,22975,41607,7655,13604,21259,1645,5000,6645,355340,393516,748856
2021-07-10,25456,23841,49297,35689,36498,72187,61821,66665,128486,70440,74536,144976,57865,62268,120133,44101,50772,94873,33268,38807,72075,18696,23060,41756,7677,13647,21324,1650,5011,6661,356663,395105,751768
2021-07-11,25639,24007,49646,35817,36619,72436,62007,66874,128881,70666,74827,145493,58072,62539,120611,44251,50940,95191,33377,38924,72301,18752,23137,41889,7690,13669,21359,1657,5022,6679,357928,396558,754486
2021-07-12,25889,24262,50151,36063,36865,72928,62394,67338,129732,71122,75306,146428,58459,62983,121442,44483,51269,95752,33570,39122,72692,18851,23258,42109,7721,13719,21440,1667,5041,6708,360219,399163,759382
2021-07-13,26158,24469,50627,36308,37136,73444,62797,67768,130565,71501,75755,147256,58796,63384,122180,44722,51574,96296,33727,39316,73043,18944,23385,42329,7749,13780,21529,1677,5059,6736,362379,401626,764005
2021-07-14,26409,24716,51125,36617,37410,74027,63257,68261,131518,71895,76267,148162,59168,63819,122987,44971,51894,96865,33911,39525,73436,19022,23480,42502,7776,13835,21611,1682,5074,6756,364708,404281,768989
2021-07-15,26645,24932,51577,36960,37730,74690,63730,68755,132485,72365,76785,149150,59585,64335,123920,45251,52220,97471,34083,39744,73827,19105,23608,42713,7806,13889,21695,1690,5094,6784,367220,407092,774312
2021-07-16,26847,25124,51971,37216,38008,75224,64128,69210,133338,72781,77268,150049,60004,64800,124804,45505,52510,98015,34228,39945,74173,19171,23720,42891,7833,13941,21774,1695,5109,6804,369408,409635,779043
2021-07-17,26982,25288,52270,37406,38195,75601,64379,69505,133884,73072,77621,150693,60249,65110,125359,45682,52727,98409,34343,40070,74413,19245,23801,43046,7846,13965,21811,1699,5119,6818,370903,411401,782304
2021-07-18,27119,25403,52522,37548,38350,75898,64595,69787,134382,73306,77903,151209,60465,65356,125821,45855,52923,98778,34432,40184,74616,19311,23880,43191,7873,14005,21878,1701,5125,6826,372205,412916,785121
2021-07-19,27326,25589,52915,37740,38551,76291,64982,70205,135187,73669,78331,152000,60797,65766,126563,46095,53261,99356,34620,40405,75025,19409,24012,43421,7913,14058,21971,1706,5133,6839,374257,415311,789568
2021-07-20,27531,25772,53303,37924,38742,76666,65302,70607,135909,74017,78736,152753,61098,66128,127226,46309,53512,99821,34783,40595,75378,19499,24126,43625,7945,14116,22061,1710,5155,6865,376118,417489,793607
2021-07-21,27749,25971,53720,38179,38990,77169,65700,71069,136769,74407,79226,153633,61454,66611,128065,46598,53868,100466,34984,40866,75850,19602,24281,43883,7980,14183,22163,1714,5171,6885,378367,420236,798603
2021-07-22,27951,26154,54105,38463,39253,77716,66087,71565,137652,74865,79755,154620,61894,67144,129038,46883,54217,101100,35149,41089,76238,19699,24404,44103,8013,14240,22253,1718,5180,6898,380722,423001,803723
2021-07-23,28125,26293,54418,38651,39471,78122,66398,71933,138331,75239,80207,155446,62211,67531,129742,47123,54467,101590,35273,41259,76532,19763,24515,44278,8035,14285,22320,1724,5197,6921,382542,425158,807700
2021-07-24,28275,26448,54723,38854,39722,78576,66688,72274,138962,75622,80662,156284,62569,67909,130478,47339,54736,102075,35399,41455,76854,19849,24601,44450,8063,14323,22386,1727,5205,6932,384385,427335,811720
2021-07-25,28404,26576,54980,39066,39953,79019,66904,72562,139466,75979,81090,157069,62999,68388,131387,47583,54985,102568,35527,41589,77116,19939,24690,44629,8077,14357,22434,1733,5215,6948,386211,429405,815616
2021-07-26,28580,26780,55360,39383,40341,79724,67276,73097,140373,76480,81706,158186,63500,68989,132489,47911,55376,103287,35721,41860,77581,20045,24860,44905,8117,14430,22547,1741,5235,6976,388754,432674,821428
2021-07-27,28714,26915,55629,39567,40573,80140,67573,73451,141024,76788,82076,158864,63798,69307,133105,48094,55604,103698,35851,42013,77864,20122,24970,45092,8149,14475,22624,1745,5246,6991,390401,434630,825031
2021-07-28,28865,27053,55918,39761,40831,80592,67925,73853,141778,77177,82502,159679,64115,69676,133791,48332,55875,104207,36025,42205,78230,20210,25075,45285,8174,14518,22692,1751,5251,7002,392335,436839,829174
2021-07-29,29029,27193,56222,39985,41057,81042,68242,74260,142502,77582,82988,160570,64449,70085,134534,48548,56133,104681,36196,42381,78577,20285,25181,45466,8199,14552,22751,1756,5269,7025,394271,439099,833370
2021-07-30,29205,27357,56562,40261,41354,81615,68665,74787,143452,78079,83627,161706,64874,70664,135538,48868,56550,105418,36411,42648,79059,20373,25331,45704,8234,14616,22850,1765,5282,7047,396735,442216,838951
2021-07-31,29388,27543,56931,40516,41661,82177,68956,75170,144126,78536,84196,162732,65379,71258,136637,49177,56880,106057,36571,42876,79447,20465,25449,45914,8261,14644,22905,1767,5298,7065,399016,444975,843991
2021-08-01,29588,27753,57341,40764,41982,82746,69152,75470,144622,78896,84649,163545,65827,71811,137638,49399,57154,106553,36699,43041,79740,20534,25561,46095,8284,14694,22978,1774,5308,7082,400917,447423,848340
2021-08-02,29866,27975,57841,41083,42314,83397,69522,75959,145481,79414,85254,164668,66321,72435,138756,49711,57590,107301,36957,43342,80299,20651,25732,46383,8333,14764,23097,1779,5328,7107,403637,450693,854330
2021-08-03,30143,28237,58380,41380,42689,84069,69893,76470,146363,79870,85833,165703,66787,73035,139822,50033,58022,108055,37178,43666,80844,20801,25914,46715,8370,14831,23201,1784,5346,7130,406239,454043,860282
2021-08-04,30413,28471,58884,41626,42949,84575,70278,76906,147184,80302,86342,166644,67112,73471,140583,50259,58354,108613,37379,43903,81282,20884,26057,46941,8397,14885,23282,1786,5365,7151,408436,456703,865139
2021-08-05,30698,28779,59477,41924,43307,85231,70770,77519,148289,80817,86945,167762,67583,74053,141636,50597,58776,109373,37595,44174,81769,20993,26204,47197,8433,14951,23384,1794,5380,7174,411204,460088,871292
2021-08-06,31026,29047,60073,42320,43674,85994,71290,78162,149452,81389,87667,169056,68070,74661,142731,50918,59257,110175,37860,44541,82401,21121,26414,47535,8473,15002,23475,1797,5396,7193,414264,463821,878085
2021-08-07,31225,29273,60498,42554,43949,86503,71595,78514,150109,81775,88089,169864,68376,75042,143418,51140,59536,110676,38013,44742,82755,21204,26560,47764,8498,15050,23548,1803,5401,7204,416183,466156,882339
2021-08-08,31520,29546,61066,42820,44227,87047,71845,78836,150681,82089,88476,170565,68720,75471,144191,51341,59814,111155,38186,44951,83137,21291,26646,47937,8519,15099,23618,1809,5412,7221,418140,468478,886618
2021-08-09,31965,29957,61922,43165,44615,87780,72305,79489,151794,82673,89134,171807,69206,76120,145326,51718,60280,111998,38438,45268,83706,21429,26796,48225,8564,15164,23728,1821,5430,7251,421284,472253,893537
2021-08-10,32471,30427,62898,43613,45066,88679,72819,80199,153018,83217,89860,173077,69697,76783,146480,52104,60759,112863,38701,45608,84309,21577,26981,48558,8610,15232,23842,1823,5450,7273,424632,476365,900997
2021-08-11,32900,30855,63755,44081,45571,89652,73361,80929,154290,83839,90609,174448,70230,77506,147736,52461,61246,113707,38948,45919,84867,21704,27137,48841,8662,15304,23966,1832,5474,7306,428018,480550,908568
2021-08-12,33322,31272,64594,44543,46060,90603,73858,81601,155459,84386,91304,175690,70755,78191,148946,52785,61712,114497,39164,46189,85353,21833,27279,49112,8710,15362,24072,1841,5494,7335,431197,484464,915661
2021-08-13,33872,31735,65607,45154,46702,91856,74449,82455,156904,85137,92265,177402,71374,79032,150406,53173,62303,115476,39427,46540,85967,21980,27474,49454,8768,15430,24198,1846,5510,7356,435180,489446,924626
2021-08-14,34210,32074,66284,45524,47075,92599,74761,82921,157682,85569,92821,178390,71786,79586,151372,53443,62672,116115,39600,46773,86373,22092,27593,49685,8799,15480,24279,1850,5523,7373,437634,492518,930152
2021-08-15,34505,32359,66864,45792,47356,93148,75016,83224,158240,85914,93261,179175,72107,79986,152093,53688,62996,116684,39752,46972,86724,22188,27711,49899,8822,15531,24353,1853,5537,7390,439637,494933,934570
2021-08-16,34890,32713,67603,46126,47724,93850,75290,83632,158922,86298,93789,180087,72511,80505,153016,53952,63315,117267,39900,47177,87077,22300,27831,50131,8850,15573,24423,1860,5550,7410,441977,497809,939786
2021-08-17,35477,33193,68670,46663,48282,94945,75814,84383,160197,87008,94635,181643,73014,81311,154325,54368,63877,118245,40161,47506,87667,22448,28000,50448,8888,15658,24546,1868,5574,7442,445709,502419,948128
2021-08-18,36040,33715,69755,47244,48849,96093,76273,85041,161314,87633,95455,183088,73508,81989,155497,54705,64375,119080,40393,47819,88212,22591,28184,50775,8924,15738,24662,1883,5598,7481,449194,506763,955957
2021-08-19,36559,34187,70746,47755,49409,97164,76742,85723,162465,88278,96266,184544,74012,82678,156690,55068,64829,119897,40614,48116,88730,22704,28325,51029,8957,15792,24749,1893,5612,7505,452582,510937,963519
2021-08-20,37196,34760,71956,48395,50065,98460,77287,86437,163724,88877,97139,186016,74551,83450,158001,55421,65366,120787,40859,48464,89323,22848,28517,51365,8993,15864,24857,1903,5631,7534,456330,515693,972023
2021-08-21,37533,35139,72672,48739,50426,99165,77604,86917,164521,89344,97759,187103,74944,83974,158918,55697,65724,121421,41045,48717,89762,22953,28662,51615,9022,15913,24935,1906,5647,7553,458787,518878,977665
2021-08-22,38014,35600,73614,49056,50779,99835,77883,87291,165174,89777,98349,188126,75342,84511,159853,55995,66079,122074,41227,48952,90179,23068,28790,51858,9052,15954,25006,1912,5662,7574,461326,521967,983293
2021-08-23,38836,36403,75239,49649,51436,101085,78411,88022,166433,90474,99232,189706,75938,85358,161296,56376,66614,122990,41507,49347,90854,23227,29000,52227,9100,16028,25128,1916,5679,7595,465434,527119,992553
2021-08-24,39679,37198,76877,50250,52029,102279,78917,88712,167629,91076,100126,191202,76470,86066,162536,56714,67137,123851,41744,49715,91459,23349,29170,52519,9158,16093,25251,1921,5695,7616,469278,531941,1001219
2021-08-25,40487,37986,78473,50815,52602,103417,79339,89341,168680,91629,100978,192607,76998,86825,163823,57060,67610,124670,42002,50077,92079,23501,29346,52847,9208,16135,25343,1929,5725,7654,472968,536625,1009593
2021-08-26,41326,38774,80100,51430,53218,104648,79823,90057,169880,92265,101841,194106,77526,87577,165103,57387,68134,125521,42253,50407,92660,23638,29547,53185,9251,16207,25458,1935,5743,7678,476834,541505,1018339
2021-08-27,42251,39578,81829,52017,53936,105953,80280,90756,171036,92899,102785,195684,78066,88409,166475,57757,68661,126418,42515,50752,93267,23769,29730,53499,9291,16281,25572,1939,5758,7697,480784,546646,1027430
2021-08-28,42762,40015,82777,52339,54252,106591,80579,91199,171778,93335,103343,196678,78411,88951,167362,58012,68980,126992,42690,50983,93673,23847,29845,53692,9336,16324,25660,1943,5765,7708,483254,549657,1032911
2021-08-29,43319,40551,83870,52603,54583,107186,80795,91539,172334,93722,103832,197554,78764,89408,168172,58240,69297,127537,42855,51174,94029,23928,29956,53884,9374,16374,25748,1945,5773,7718,485545,552487,1038032
2021-08-30,44288,41415,85703,53155,55136,108291,81212,92123,173335,94313,104633,198946,79297,90060,169357,58557,69744,128301,43090,51510,94600,24051,30137,54188,9428,16443,25871,1950,5793,7743,489341,556994,1046335
2021-08-31,45337,42352,87689,53878,55768,109646,81656,92800,174456,94918,105440,200358,79836,90841,170677,58920,70229,129149,43364,51879,95243,24197,30354,54551,9471,16512,25983,1960,5811,7771,493537,561986,1055523
2021-09-01,46300,43217,89517,54515,56362,110877,82089,93389,175478,95480,106247,201727,80321,91483,171804,59228,70659,129887,43605,52156,95761,24312,30534,54846,9513,16595,26108,1964,5828,7792,497327,566470,1063797
2021-09-02,47081,43935,91016,55002,56884,111886,82445,93880,176325,96011,106877,202888,80700,92112,172812,59505,71037,130542,43804,52409,96213,24430,30667,55097,9545,16641,26186,1970,5845,7815,500493,570287,1070780
2021-09-03,47693,44517,92210,55503,57410,112913,82839,94386,177225,96510,107543,204053,81159,92743,173902,59793,71460,131253,44035,52715,96750,24554,30845,55399,9581,16696,26277,1971,5855,7826,503638,574170,1077808
2021-09-04,48093,44884,92977,55733,57652,113385,83038,94674,177712,96843,107981,204824,81464,93130,174594,59998,71710,131708,44181,52896,97077,24642,30958,55600,9608,16744,26352,1974,5867,7841,505574,576496,1082070
2021-09-05,48528,45289,93817,55970,57913,113883,83260,94940,178200,97201,108471,205672,81762,93525,175287,60205,71981,132186,44339,53102,97441,24755,31076,55831,9632,16781,26413,1982,5881,7863,507634,578959,1086593
2021-09-06,49363,46111,95474,56448,58392,114840,83668,95506,179174,97749,109165,206914,82263,94159,176422,60535,72432,132967,44590,53412,98002,24922,31245,56167,9670,16860,26530,1989,5907,7896,511197,583189,1094386
2021-09-07,50072,46887,96959,56910,58907,115817,84021,95993,180014,98198,109771,207969,82647,94704,177351,60788,72789,133577,44783,53672,98455,25019,31409,56428,9704,16926,26630,1996,5934,7930,514138,586992,1101130
2021-09-08,50621,47473,98094,57353,59321,116674,84338,96365,180703,98607,110286,208893,82978,95178,178156,61056,73124,134180,44948,53885,98833,25110,31522,56632,9741,16973,26714,2003,5947,7950,516755,590074,1106829
2021-09-09,51227,48037,99264,57733,59694,117427,84626,96826,181452,99002,110769,209771,83310,95650,178960,61278,73456,134734,45141,54086,99227,25212,31654,56866,9782,17031,26813,2008,5963,7971,519319,593166,1112485
2021-09-10,51824,48580,100404,58203,60213,118416,85122,97591,182713,99654,111642,211296,83910,96535,180445,61765,74108,135873,45459,54578,100037,25350,31864,57214,9845,17088,26933,2016,5977,7993,523148,598176,1121324
2021-09-11,52169,48929,101098,58485,60529,119014,85520,98129,183649,100154,112283,212437,84382,97111,181493,62103,74557,136660,45699,54915,100614,25464,32030,57494,9880,17124,27004,2021,5984,8005,525877,601591,1127468
2021-09-12,52497,49228,101725,58666,60746,119412,85700,98369,184069,100417,112624,213041,84644,97405,182049,62275,74780,137055,45832,55091,100923,25537,32121,57658,9894,17154,27048,2027,5994,8021,527489,603512,1131001
2021-09-13,53146,49865,103011,59057,61202,120259,86048,98867,184915,100901,113265,214166,85100,97970,183070,62556,75226,137782,46081,55371,101452,25679,32303,57982,9928,17228,27156,2036,6013,8049,530532,607310,1137842
2021-09-14,53796,50454,104250,59448,61617,121065,86365,99289,185654,101306,113825,215131,85444,98461,183905,62794,75586,138380,46265,55633,101898,25808,32469,58277,9958,17287,27245,2042,6027,8069,533226,610648,1143874
2021-09-15,54301,50920,105221,59790,61958,121748,86589,99646,186235,101625,114323,215948,85749,98896,184645,62985,75843,138828,46417,55845,102262,25895,32584,58479,9994,17344,27338,2050,6053,8103,535395,613412,1148807
2021-09-16,54787,51352,106139,60144,62315,122459,86844,100020,186864,101966,114856,216822,86074,99373,185447,63198,76127,139325,46564,56084,102648,25994,32728,58722,10031,17397,27428,2061,6070,8131,537663,616322,1153985
2021-09-17,55402,51925,107327,60572,62774,123346,87130,100454,187584,102346,115378,217724,86422,99846,186268,63406,76476,139882,46724,56302,103026,26123,32886,59009,10061,17467,27528,2066,6081,8147,540252,619589,1159841
2021-09-18,55735,52231,107966,60774,62985,123759,87328,100728,188056,102622,115735,218357,86665,100162,186827,63567,76699,140266,46876,56512,103388,26205,33003,59208,10094,17507,27601,2070,6092,8162,541936,621654,1163590
2021-09-19,56101,52577,108678,60948,63165,124113,87496,100959,188455,102884,116073,218957,86909,100433,187342,63719,76895,140614,47002,56654,103656,26271,33098,59369,10111,17553,27664,2076,6101,8177,543517,623508,1167025
2021-09-20,56769,53240,110009,61461,63708,125169,87757,101360,189117,103309,116574,219883,87280,100892,188172,63971,77241,141212,47227,56922,104149,26384,33249,59633,10145,17611,27756,2085,6112,8197,546388,626909,1173297
2021-09-21,57319,53769,111088,61702,63988,125690,87993,101738,189731,103672,117005,220677,87592,101264,188856,64160,77523,141683,47407,57157,104564,26512,33385,59897,10185,17667,27852,2088,6121,8209,548630,629617,1178247
2021-09-22,57934,54281,112215,62167,64446,126613,88234,102112,190346,104025,117526,221551,87892,101683,189575,64344,77841,142185,47577,57394,104971,26619,33514,60133,10209,17728,27937,2095,6140,8235,551096,632665,1183761
2021-09-23,58457,54774,113231,62642,64946,127588,88471,102491,190962,104388,118027,222415,88189,102128,190317,64537,78144,142681,47766,57663,105429,26730,33654,60384,10243,17785,28028,2105,6166,8271,553528,635778,1189306
2021-09-24,58910,55243,114153,62965,65249,128214,88709,102799,191508,104681,118400,223081,88437,102498,190935,64699,78403,143102,47931,57875,105806,26813,33797,60610,10275,17839,28114,2109,6173,8282,555529,638276,1193805
2021-09-25,59186,55479,114665,63106,65402,128508,88853,103008,191861,104899,118671,223570,88629,102735,191364,64847,78556,143403,48052,58022,106074,26883,33887,60770,10297,17878,28175,2111,6189,8300,556863,639827,1196690
2021-09-26,59501,55755,115256,63253,65570,128823,88975,103200,192175,105107,118938,224045,88862,102994,191856,64971,78752,143723,48178,58162,106340,26945,33963,60908,10317,17909,28226,2113,6199,8312,558222,641442,1199664
2021-09-27,60085,56275,116360,63699,65945,129644,89215,103556,192771,105485,119379,224864,89203,103362,192565,65176,79062,144238,48361,58417,106778,27076,34115,61191,10347,17967,28314,2123,6217,8340,560770,644295,1205065
2021-09-28,60644,56750,117394,64212,66497,130709,89424,103893,193317,105821,119805,225626,89492,103737,193229,65376,79308,144684,48525,58624,107149,27168,34217,61385,10369,18021,28390,2128,6229,8357,563159,647081,1210240
2021-09-29,61142,57180,118322,64602,66921,131523,89675,104243,193918,106143,120264,226407,89788,104090,193878,65570,79557,145127,48685,58848,107533,27272,34370,61642,10415,18071,28486,2138,6239,8377,565430,649783,1215213
2021-09-30,61533,57558,119091,65070,67434,132504,89893,104556,194449,106452,120624,227076,90025,104416,194441,65753,79791,145544,48826,59054,107880,27348,34492,61840,10444,18135,28579,2144,6252,8396,567488,652312,1219800
2021-10-01,62023,57945,119968,65598,67973,133571,90137,104875,195012,106776,121101,227877,90331,104792,195123,65970,80048,146018,48992,59280,108272,27457,34640,62097,10482,18208,28690,2147,6272,8419,569913,655134,1225047
2021-10-02,62296,58204,120500,65761,68148,133909,90301,105103,195404,106993,121406,228399,90514,105001,195515,66106,80226,146332,49110,59448,108558,27543,34731,62274,10501,18251,28752,2149,6280,8429,571274,656798,1228072
2021-10-03,62553,58424,120977,65908,68290,134198,90459,105323,195782,107182,121635,228817,90692,105239,195931,66226,80386,146612,49202,59590,108792,27602,34816,62418,10521,18286,28807,2150,6286,8436,572495,658275,1230770
2021-10-04,63064,58901,121965,66445,68782,135227,90731,105703,196434,107490,122119,229609,91018,105632,196650,66446,80719,147165,49378,59858,109236,27717,34978,62695,10559,18329,28888,2153,6300,8453,575001,661321,1236322
2021-10-05,63572,59354,122926,66962,69394,136356,90988,106080,197068,107856,122600,230456,91317,106023,197340,66670,81040,147710,49532,60105,109637,27812,35124,62936,10596,18378,28974,2164,6314,8478,577469,664412,1241881
2021-10-06,63991,59723,123714,67412,69884,137296,91259,106471,197730,108215,123074,231289,91630,106421,198051,66863,81351,148214,49701,60321,110022,27913,35254,63167,10634,18428,29062,2170,6325,8495,579788,667252,1247040
2021-10-07,64338,60068,124406,67696,70192,137888,91532,106839,198371,108574,123561,232135,91947,106864,198811,67076,81647,148723,49872,60557,110429,28048,35385,63433,10664,18483,29147,2173,6341,8514,581920,669937,1251857
2021-10-08,64519,60243,124762,67876,70401,138277,91746,107079,198825,108826,123889,232715,92217,107140,199357,67249,81893,149142,50043,60752,110795,28128,35468,63596,10688,18519,29207,2181,6357,8538,583473,671741,1255214
2021-10-09,64677,60408,125085,68106,70638,138744,91917,107308,199225,109059,124185,233244,92430,107404,199834,67419,82106,149525,50190,60939,111129,28217,35583,63800,10710,18566,29276,2187,6367,8554,584912,673504,1258416
2021-10-10,64885,60610,125495,68247,70799,139046,92065,107534,199599,109284,124441,233725,92649,107644,200293,67581,82294,149875,50332,61105,111437,28284,35683,63967,10736,18605,29341,2189,6373,8562,586252,675088,1261340
2021-10-11,65121,60838,125959,68469,71039,139508,92290,107778,200068,109583,124753,234336,92922,107979,200901,67777,82559,150336,50491,61305,111796,28378,35800,64178,10760,18642,29402,2194,6385,8579,587985,677078,1265063
2021-10-12,65539,61246,126785,68942,71572,140514,92624,108282,200906,110017,125263,235280,93293,108479,201772,68031,82907,150938,50706,61601,112307,28504,35950,64454,10795,18707,29502,2204,6405,8609,590655,680412,1271067
2021-10-13,65976,61640,127616,69447,72090,141537,92984,108769,201753,110487,125779,236266,93673,108943,202616,68309,83239,151548,50904,61861,112765,28632,36107,64739,10830,18757,29587,2208,6416,8624,593450,683601,1277051
2021-10-14,66376,62037,128413,70042,72706,142748,93346,109240,202586,110903,126294,237197,94050,109441,203491,68581,83599,152180,51122,62144,113266,28766,36262,65028,10870,18820,29690,2216,6434,8650,596272,686977,1283249
2021-10-15,66706,62325,129031,70449,73142,143591,93658,109685,203343,111305,126766,238071,94372,109860,204232,68828,83879,152707,51312,62417,113729,28876,36436,65312,10897,18867,29764,2218,6445,8663,598621,689822,1288443
2021-10-16,66900,62502,129402,70726,73472,144198,93885,109946,203831,111606,127090,238696,94647,110186,204833,69026,84137,153163,51477,62640,114117,28989,36594,65583,10934,18915,29849,2222,6459,8681,600412,691941,1292353
2021-10-17,67079,62647,129726,70960,73710,144670,94045,110161,204206,111841,127345,239186,94885,110456,205341,69179,84331,153510,51596,62787,114383,29069,36695,65764,10956,18950,29906,2223,6461,8684,601833,693543,1295376
2021-10-18,67520,63071,130591,71360,74125,145485,94369,110610,204979,112246,127813,240059,95209,110881,206090,69449,84675,154124,51814,63083,114897,29201,36863,66064,11003,19020,30023,2229,6471,8700,604400,696612,1301012
2021-10-19,68006,63540,131546,71752,74549,146301,94666,111007,205673,112595,128272,240867,95482,111323,206805,69667,84975,154642,52004,63308,115312,29319,37015,66334,11040,19081,30121,2235,6489,8724,606766,699559,1306325
2021-10-20,68506,64001,132507,72221,75094,147315,95028,111503,206531,112987,128859,241846,95866,111822,207688,69929,85329,155258,52180,63581,115761,29441,37178,66619,11081,19132,30213,2240,6501,8741,609479,703000,1312479
2021-10-21,69048,64501,133549,72675,75640,148315,95358,111959,207317,113416,129518,242934,96211,112321,208532,70176,85744,155920,52382,63887,116269,29562,37349,66911,11117,19198,30315,2243,6524,8767,612188,706641,1318829
2021-10-22,69561,65024,134585,73257,76305,149562,95695,112482,208177,113853,130151,244004,96599,112929,209528,70462,86147,156609,52592,64206,116798,29703,37516,67219,11159,19265,30424,2252,6539,8791,615133,710564,1325697
2021-10-23,69882,65312,135194,73588,76631,150219,95886,112767,208653,114149,130532,244681,96875,113311,210186,70661,86436,157097,52758,64418,117176,29797,37636,67433,11185,19314,30499,2258,6554,8812,617039,712911,1329950
2021-10-24,70220,65628,135848,73841,76875,150716,96044,113067,209111,114431,130940,245371,97137,113675,210812,70866,86720,157586,52899,64589,117488,29874,37733,67607,11210,19340,30550,2262,6561,8823,618784,715128,1333912
2021-10-25,70876,66273,137149,74310,77365,151675,96431,113638,210069,114929,131565,246494,97612,114292,211904,71181,87173,158354,53166,64970,118136,30015,37927,67942,11249,19392,30641,2264,6573,8837,622033,719168,1341201
2021-10-26,71463,66853,138316,74879,77884,152763,96820,114156,210976,115383,132164,247547,97999,114835,212834,71493,87592,159085,53425,65301,118726,30145,38088,68233,11283,19461,30744,2268,6586,8854,625158,722920,1348078
2021-10-27,72019,67393,139412,75438,78389,153827,97171,114595,211766,115781,132704,248485,98370,115335,213705,71741,87959,159700,53628,65595,119223,30281,38236,68517,11325,19526,30851,2272,6600,8872,628026,726332,1354358
2021-10-28,72582,67914,140496,75979,78941,154920,97484,115054,212538,116215,133244,249459,98740,115856,214596,71984,88307,160291,53841,65837,119678,30388,38383,68771,11366,19581,30947,2278,6617,8895,630857,729734,1360591
2021-10-29,73091,68422,141513,76468,79428,155896,97808,115541,213349,116667,133818,250485,99187,116393,215580,72253,88713,160966,54067,66129,120196,30521,38565,69086,11406,19647,31053,2282,6632,8914,633750,733288,1367038
2021-10-30,73374,68671,142045,76791,79749,156540,98003,115798,213801,116958,134208,251166,99488,116784,216272,72472,88981,161453,54229,66311,120540,30626,38681,69307,11438,19690,31128,2287,6641,8928,635666,735514,1371180
2021-10-31,73622,68921,142543,77056,80044,157100,98180,116016,214196,117190,134524,251714,99724,117095,216819,72659,89219,161878,54366,66470,120836,30694,38789,69483,11467,19723,31190,2292,6656,8948,637250,737457,1374707
2021-11-01,74076,69384,143460,77475,80496,157971,98471,116472,214943,117625,135099,252724,100205,117659,217864,73018,89660,162678,54628,66818,121446,30862,38987,69849,11508,19792,31300,2303,6674,8977,640171,741041,1381212
2021-11-02,74577,69837,144414,77897,80929,158826,98755,116898,215653,117987,135582,253569,100535,118142,218677,73262,90023,163285,54833,67103,121936,30987,39129,70116,11552,19856,31408,2309,6687,8996,642694,744186,1386880
2021-11-03,75090,70224,145314,78357,81493,159850,99072,117361,216433,118412,136131,254543,100952,118685,219637,73566,90434,164000,55051,67378,122429,31120,39297,70417,11592,19903,31495,2311,6698,9009,645523,747604,1393127
2021-11-04,75483,70587,146070,78783,81937,160720,99362,117802,217164,118801,136670,255471,101301,119201,220502,73862,90827,164689,55263,67654,122917,31233,39456,70689,11629,19980,31609,2317,6719,9036,648034,750833,1398867
2021-11-05,75871,70960,146831,79188,82409,161597,99697,118252,217949,119190,137213,256403,101668,119730,221398,74171,91188,165359,55490,67934,123424,31345,39596,70941,11667,20032,31699,2322,6733,9055,650609,754047,1404656
2021-11-06,76128,71180,147308,79460,82708,162168,99867,118523,218390,119459,137542,257001,101898,120023,221921,74347,91443,165790,55635,68086,123721,31427,39697,71124,11692,20070,31762,2322,6743,9065,652235,756015,1408250
2021-11-07,76366,71433,147799,79707,83016,162723,100026,118777,218803,119671,137823,257494,102129,120324,222453,74523,91690,166213,55764,68261,124025,31495,39791,71286,11719,20090,31809,2327,6746,9073,653727,757951,1411678
2021-11-08,76909,71919,148828,80096,83412,163508,100356,119231,219587,120107,138366,258473,102529,120913,223442,74802,92101,166903,55999,68538,124537,31625,39960,71585,11763,20163,31926,2332,6759,9091,656518,761362,1417880
2021-11-09,77394,72341,149735,80479,83836,164315,100633,119681,220314,120501,138862,259363,102901,121402,224303,75046,92453,167499,56179,68746,124925,31729,40078,71807,11796,20224,32020,2339,6767,9106,658997,764390,1423387
2021-11-10,77851,72748,150599,80858,84265,165123,100977,120162,221139,120889,139433,260322,103296,121907,225203,75334,92831,168165,56356,68997,125353,31822,40219,72041,11823,20288,32111,2343,6781,9124,661549,767631,1429180
2021-11-11,78345,73197,151542,81226,84727,165953,101310,120604,221914,121341,140052,261393,103654,122445,226099,75577,93197,168774,56545,69217,125762,31925,40347,72272,11855,20352,32207,2345,6792,9137,664123,770930,1435053
2021-11-12,78726,73592,152318,81696,85217,166913,101657,121059,222716,121793,140726,262519,104072,123043,227115,75898,93650,169548,56810,69596,126406,32061,40524,72585,11898,20404,32302,2347,6808,9155,666958,774619,1441577
2021-11-13,78977,73838,152815,82088,85588,167676,101873,121366,223239,122127,141108,263235,104350,123410,227760,76090,93937,170027,56977,69803,126780,32175,40686,72861,11923,20441,32364,2349,6824,9173,668929,777001,1445930
2021-11-14,79170,74040,153210,82247,85734,167981,101985,121536,223521,122327,141352,263679,104534,123631,228165,76201,94096,170297,57063,69944,127007,32251,40773,73024,11938,20461,32399,2354,6837,9191,670070,778404,1448474
2021-11-15,79606,74469,154075,82629,86131,168760,102254,121936,224190,122733,141868,264601,104882,124167,229049,76448,94482,170930,57298,70244,127542,32385,40953,73338,11983,20517,32500,2357,6850,9207,672575,781617,1454192
2021-11-16,80035,74883,154918,83029,86517,169546,102522,122365,224887,123088,142406,265494,105241,124630,229871,76717,94869,171586,57502,70511,128013,32493,41095,73588,12016,20558,32574,2362,6860,9222,675005,784694,1459699
2021-11-17,80468,75282,155750,83377,86847,170224,102826,122811,225637,123474,143037,266511,105597,125157,230754,76999,95264,172263,57703,70794,128497,32620,41253,73873,12050,20599,32649,2368,6867,9235,677482,787911,1465393
2021-11-18,80909,75656,156565,83809,87304,171113,103130,123261,226391,123895,143616,267511,105958,125682,231640,77255,95663,172918,57925,71040,128965,32722,41373,74095,12084,20660,32744,2375,6884,9259,680062,791139,1471201
2021-11-19,81223,75960,157183,84214,87763,171977,103426,123658,227084,124221,144158,268379,106307,126142,232449,77502,96037,173539,58123,71246,129369,32815,41524,74339,12109,20697,32806,2378,6890,9268,682318,794075,1476393
2021-11-20,81406,76120,157526,84492,88129,172621,103582,123885,227467,124450,144429,268879,106506,126418,232924,77659,96223,173882,58262,71376,129638,32883,41595,74478,12127,20723,32850,2380,6895,9275,683747,795793,1479540
2021-11-21,81487,76183,157670,84638,88297,172935,103646,123976,227622,124550,144571,269121,106606,126562,233168,77726,96321,174047,58309,71445,129754,32893,41623,74516,12135,20729,32864,2380,6897,9277,684370,796604,1480974
2021-11-22,81495,76197,157692,84646,88305,172951,103650,123978,227628,124559,144573,269132,106609,126566,233175,77727,96328,174055,58311,71448,129759,32893,41624,74517,12135,20730,32865,2380,6897,9277,684405,796646,1481051
