FECHA,<=10M,<=10F,<=10,11-20M,11-20F,11-20,21-30M,21-30F,21-30,31-40M,31-40F,31-40,41-50M,41-50F,41-50,51-60M,51-60F,51-60,61-70M,61-70F,61-70,71-80M,71-80F,71-80,81-90M,81-90F,81-90,>=91M,>=91F,>=91,TotalM,TotalF,Total
2020-03-15,0,0,0,0,1,1,1,0,1,1,0,1,0,0,0,0,0,0,0,1,1,0,0,0,0,0,0,0,0,0,2,2,4
2020-03-16,0,0,0,0,1,1,3,2,5,4,0,4,1,0,1,0,1,1,1,1,2,0,0,0,0,0,0,0,0,0,9,5,14
2020-03-17,0,0,0,1,1,2,4,3,7,6,1,7,1,0,1,2,3,5,2,2,4,2,0,2,0,0,0,0,0,0,18,10,28
2020-03-18,0,0,0,1,1,2,6,5,11,8,3,11,2,2,4,2,3,5,2,3,5,2,0,2,0,0,0,0,0,0,23,17,40
2020-03-19,0,0,0,2,1,3,7,5,12,12,3,15,4,2,6,3,3,6,2,4,6,4,1,5,0,0,0,0,0,0,34,19,53
2020-03-20,0,0,0,2,1,3,12,5,17,14,3,17,6,2,8,5,3,8,3,5,8,4,3,7,0,1,1,0,0,0,46,23,69
2020-03-21,1,0,1,4,3,7,14,5,19,15,7,22,8,3,11,8,6,14,6,6,12,6,3,9,0,1,1,0,0,0,62,34,96
2020-03-22,1,0,1,4,3,7,16,7,23,19,7,26,12,3,15,10,10,20,8,6,14,9,4,13,0,1,1,0,0,0,79,41,120
2020-03-23,1,0,1,5,3,8,18,9,27,24,8,32,14,5,19,14,12,26,9,8,17,12,6,18,1,1,2,0,0,0,98,52,150
2020-03-24,1,0,1,5,3,8,21,12,33,32,9,41,17,6,23,16,13,29,10,8,18,13,7,20,2,1,3,0,0,0,117,59,176
2020-03-25,3,0,3,6,3,9,25,17,42,34,11,45,21,6,27,18,13,31,12,8,20,14,7,21,3,3,6,0,1,1,136,69,205
2020-03-26,3,0,3,6,4,10,26,18,44,36,12,48,23,6,29,20,17,37,14,11,25,16,8,24,4,3,7,0,1,1,148,80,228
2020-03-27,3,0,3,6,4,10,27,20,47,40,12,52,24,8,32,21,18,39,16,13,29,17,9,26,4,3,7,0,1,1,158,88,246
2020-03-28,3,0,3,6,4,10,28,21,49,41,15,56,25,9,34,22,19,41,17,14,31,18,11,29,6,3,9,0,1,1,166,97,263
2020-03-29,3,0,3,6,4,10,31,24,55,47,18,65,25,9,34,23,23,46,19,18,37,21,13,34,6,3,9,1,1,2,182,113,295
2020-03-30,3,0,3,6,5,11,36,26,62,48,20,68,28,11,39,26,23,49,22,21,43,25,14,39,6,3,9,1,2,3,201,125,326
2020-03-31,4,0,4,6,6,12,38,28,66,50,21,71,31,12,43,30,23,53,24,22,46,29,18,47,6,4,10,1,4,5,219,138,357
2020-04-01,4,0,4,7,7,14,39,31,70,53,26,79,33,14,47,32,27,59,28,24,52,29,19,48,6,5,11,1,4,5,232,157,389
2020-04-02,4,0,4,7,7,14,40,31,71,55,31,86,35,15,50,34,30,64,30,24,54,37,21,58,7,8,15,2,7,9,251,174,425
2020-04-03,4,0,4,7,7,14,43,33,76,56,32,88,37,16,53,35,34,69,31,27,58,39,21,60,7,9,16,2,8,10,261,187,448
2020-04-04,4,2,6,7,7,14,45,35,80,57,32,89,37,17,54,37,35,72,32,29,61,39,21,60,7,10,17,3,8,11,268,196,464
2020-04-05,5,2,7,7,7,14,45,36,81,59,34,93,37,21,58,37,36,73,33,29,62,41,22,63,8,10,18,3,8,11,275,205,480
2020-04-06,5,2,7,7,7,14,46,38,84,62,37,99,37,21,58,39,41,80,36,31,67,43,24,67,8,11,19,3,8,11,286,220,506
2020-04-07,5,2,7,7,8,15,48,38,86,63,42,105,38,21,59,41,42,83,37,31,68,44,26,70,9,11,20,5,8,13,297,229,526
2020-04-08,7,2,9,8,8,16,49,39,88,64,48,112,39,24,63,43,42,85,38,31,69,46,26,72,9,12,21,5,8,13,308,240,548
2020-04-09,7,2,9,8,9,17,50,39,89,69,48,117,39,25,64,44,42,86,38,32,70,46,26,72,9,12,21,5,8,13,315,243,558
2020-04-10,7,2,9,8,9,17,50,40,90,73,51,124,39,25,64,45,42,87,38,32,70,46,26,72,9,12,21,5,8,13,320,247,567
2020-04-11,7,2,9,8,9,17,50,40,90,74,53,127,40,26,66,46,42,88,38,32,70,46,26,72,11,13,24,5,8,13,325,251,576
2020-04-12,7,2,9,8,9,17,51,40,91,77,56,133,40,26,66,46,44,90,38,32,70,46,27,73,12,14,26,5,8,13,330,258,588
2020-04-13,8,2,10,8,9,17,53,41,94,79,59,138,43,27,70,46,47,93,38,33,71,47,29,76,12,14,26,5,8,13,339,269,608
2020-04-14,8,2,10,8,9,17,56,43,99,82,60,142,44,29,73,48,48,96,41,34,75,49,29,78,12,15,27,5,9,14,353,278,631
2020-04-15,8,2,10,8,9,17,56,44,100,84,62,146,46,30,76,48,49,97,41,34,75,49,29,78,12,16,28,5,9,14,357,284,641
2020-04-16,8,2,10,8,9,17,56,46,102,88,64,152,47,30,77,50,52,102,42,34,76,52,30,82,12,21,33,6,11,17,369,299,668
2020-04-17,8,2,10,8,9,17,58,48,106,90,68,158,47,31,78,51,53,104,43,35,78,52,31,83,14,24,38,6,13,19,377,314,691
2020-04-18,8,3,11,8,9,17,59,49,108,90,69,159,49,33,82,52,54,106,45,36,81,53,32,85,15,29,44,6,16,22,385,330,715
2020-04-19,8,3,11,8,9,17,61,49,110,94,73,167,49,37,86,53,54,107,45,37,82,54,35,89,15,31,46,7,19,26,394,347,741
2020-04-20,8,3,11,8,9,17,61,50,111,96,74,170,51,38,89,55,57,112,46,37,83,54,38,92,18,32,50,8,20,28,405,358,763
2020-04-21,8,7,15,8,9,17,61,53,114,97,79,176,52,43,95,56,59,115,48,38,86,54,41,95,21,35,56,9,25,34,414,389,803
2020-04-22,9,7,16,9,10,19,68,60,128,102,82,184,55,46,101,57,63,120,51,41,92,56,48,104,24,40,64,14,31,45,445,428,873
2020-04-23,15,10,25,10,11,21,75,63,138,104,88,192,59,50,109,58,63,121,54,45,99,58,51,109,32,41,73,14,34,48,479,456,935
2020-04-24,16,10,26,11,13,24,79,69,148,112,92,204,62,53,115,60,69,129,57,46,103,58,51,109,34,44,78,14,34,48,503,481,984
2020-04-25,18,11,29,14,13,27,79,73,152,115,94,209,63,60,123,63,69,132,58,47,105,58,51,109,35,46,81,14,34,48,517,498,1015
2020-04-26,19,13,32,16,13,29,79,76,155,117,95,212,65,62,127,63,69,132,58,47,105,58,52,110,36,47,83,14,34,48,525,508,1033
2020-04-27,21,15,36,17,14,31,82,82,164,122,107,229,72,67,139,65,72,137,61,47,108,60,54,114,38,49,87,15,35,50,553,542,1095
2020-04-28,21,15,36,19,15,34,83,85,168,130,108,238,73,70,143,69,72,141,63,48,111,63,54,117,39,54,93,15,37,52,575,558,1133
2020-04-29,22,17,39,21,18,39,86,87,173,134,109,243,77,75,152,70,73,143,64,50,114,65,55,120,39,57,96,15,37,52,593,578,1171
2020-04-30,25,17,42,21,22,43,88,88,176,142,114,256,81,76,157,74,75,149,65,50,115,66,55,121,39,58,97,15,37,52,616,592,1208
2020-05-01,28,20,48,25,22,47,94,95,189,143,118,261,85,80,165,77,77,154,67,51,118,66,55,121,39,59,98,16,37,53,640,614,1254
2020-05-02,32,22,54,27,26,53,99,101,200,147,125,272,87,80,167,77,78,155,67,51,118,67,55,122,39,60,99,16,37,53,658,635,1293
2020-05-03,33,23,56,32,27,59,102,107,209,150,133,283,89,81,170,80,78,158,68,53,121,67,55,122,40,61,101,16,37,53,677,655,1332
2020-05-04,35,26,61,36,31,67,107,113,220,157,142,299,93,84,177,82,80,162,71,53,124,67,55,122,41,63,104,16,38,54,705,685,1390
2020-05-05,39,32,71,40,36,76,113,124,237,174,151,325,101,99,200,88,85,173,72,57,129,68,58,126,47,73,120,17,46,63,759,761,1520
2020-05-06,41,37,78,44,42,86,121,131,252,181,163,344,110,105,215,91,85,176,74,58,132,70,60,130,47,73,120,19,48,67,798,802,1600
2020-05-07,47,43,90,49,47,96,131,146,277,193,172,365,118,112,230,97,88,185,75,63,138,70,61,131,50,74,124,19,50,69,849,856,1705
2020-05-08,58,51,109,57,58,115,147,164,311,209,190,399,133,124,257,102,90,192,81,66,147,74,61,135,51,78,129,20,50,70,932,932,1864
2020-05-09,60,55,115,59,63,122,156,172,328,223,206,429,145,128,273,111,96,207,85,69,154,75,63,138,51,78,129,21,50,71,986,980,1966
2020-05-10,65,60,125,63,69,132,171,180,351,249,220,469,175,131,306,134,102,236,89,72,161,75,65,140,52,78,130,21,50,71,1094,1027,2121
2020-05-11,71,68,139,67,75,142,182,190,372,268,238,506,185,140,325,137,105,242,93,74,167,76,67,143,53,81,134,21,51,72,1153,1089,2242
2020-05-12,79,85,164,73,86,159,207,221,428,295,259,554,199,153,352,146,114,260,100,77,177,80,73,153,53,82,135,24,53,77,1256,1203,2459
2020-05-13,87,91,178,84,95,179,229,236,465,311,276,587,218,167,385,156,123,279,108,83,191,80,74,154,53,86,139,24,56,80,1350,1287,2637
2020-05-14,105,111,216,104,117,221,253,265,518,326,298,624,230,179,409,173,137,310,113,87,200,81,75,156,53,87,140,24,56,80,1462,1412,2874
2020-05-15,118,129,247,113,130,243,271,284,555,346,318,664,249,195,444,184,146,330,115,90,205,83,77,160,53,89,142,25,57,82,1557,1515,3072
2020-05-16,131,140,271,120,140,260,291,311,602,359,336,695,272,211,483,192,154,346,118,92,210,85,79,164,55,92,147,25,61,86,1648,1616,3264
2020-05-17,147,149,296,133,152,285,319,325,644,387,355,742,284,222,506,206,163,369,120,101,221,87,80,167,58,97,155,25,62,87,1766,1706,3472
2020-05-18,168,170,338,150,171,321,361,364,725,420,392,812,304,245,549,225,186,411,129,106,235,96,86,182,61,102,163,26,65,91,1940,1887,3827
2020-05-19,195,196,391,170,190,360,397,402,799,461,421,882,326,270,596,240,194,434,135,114,249,97,89,186,63,107,170,27,67,94,2111,2050,4161
2020-05-20,213,212,425,183,211,394,433,441,874,488,454,942,352,292,644,263,210,473,146,121,267,99,95,194,64,112,176,28,68,96,2269,2216,4485
2020-05-21,231,228,459,208,231,439,464,486,950,538,486,1024,376,319,695,285,222,507,158,123,281,104,100,204,66,115,181,28,71,99,2458,2381,4839
2020-05-22,248,237,485,222,249,471,494,529,1023,575,512,1087,405,353,758,303,233,536,169,131,300,104,104,208,67,116,183,29,72,101,2616,2536,5152
2020-05-23,267,262,529,240,274,514,528,558,1086,602,538,1140,437,371,808,316,255,571,177,136,313,106,107,213,69,126,195,29,74,103,2771,2701,5472
2020-05-24,282,274,556,249,283,532,553,586,1139,624,566,1190,465,391,856,333,265,598,184,139,323,108,109,217,72,127,199,30,75,105,2900,2815,5715
2020-05-25,304,292,596,263,298,561,575,615,1190,648,594,1242,489,412,901,347,279,626,189,148,337,112,118,230,74,135,209,31,76,107,3032,2967,5999
2020-05-26,327,309,636,285,324,609,611,656,1267,690,632,1322,518,439,957,372,309,681,200,154,354,114,123,237,75,142,217,33,83,116,3225,3171,6396
2020-05-27,358,321,679,306,349,655,648,703,1351,736,666,1402,549,471,1020,398,326,724,205,163,368,123,132,255,78,146,224,33,86,119,3434,3363,6797
2020-05-28,387,335,722,331,379,710,695,749,1444,772,697,1469,578,507,1085,420,344,764,217,174,391,128,143,271,91,167,258,37,103,140,3656,3598,7254
2020-05-29,411,368,779,353,412,765,720,787,1507,820,722,1542,595,536,1131,438,359,797,226,185,411,140,151,291,94,180,274,37,110,147,3834,3810,7644
2020-05-30,422,385,807,375,434,809,747,822,1569,850,754,1604,611,551,1162,453,368,821,232,191,423,143,156,299,96,183,279,38,111,149,3967,3955,7922
2020-05-31,427,396,823,385,452,837,779,845,1624,867,778,1645,629,578,1207,468,384,852,239,195,434,151,160,311,102,185,287,41,111,152,4088,4084,8172
2020-06-01,448,413,861,400,478,878,807,878,1685,912,809,1721,665,606,1271,488,409,897,245,204,449,157,170,327,108,192,300,43,111,154,4273,4270,8543
2020-06-02,476,437,913,431,498,929,846,920,1766,948,852,1800,695,635,1330,505,429,934,266,215,481,169,174,343,111,210,321,47,121,168,4494,4491,8985
2020-06-03,497,459,956,445,520,965,877,962,1839,999,888,1887,727,659,1386,529,450,979,282,231,513,177,189,366,115,218,333,50,124,174,4698,4700,9398
2020-06-04,519,486,1005,464,548,1012,916,1013,1929,1032,929,1961,748,683,1431,552,470,1022,298,236,534,182,195,377,115,224,339,53,132,185,4879,4916,9795
2020-06-05,556,509,1065,494,569,1063,960,1060,2020,1077,975,2052,778,707,1485,576,490,1066,314,249,563,188,208,396,120,230,350,53,136,189,5116,5133,10249
2020-06-06,577,530,1107,509,588,1097,994,1101,2095,1130,1006,2136,804,741,1545,592,506,1098,321,257,578,193,217,410,123,243,366,54,144,198,5297,5333,10630
2020-06-07,592,551,1143,530,602,1132,1025,1142,2167,1161,1028,2189,830,763,1593,606,518,1124,327,265,592,196,223,419,126,256,382,54,152,206,5447,5500,10947
2020-06-08,621,588,1209,553,635,1188,1082,1191,2273,1223,1083,2306,868,806,1674,649,547,1196,347,276,623,209,233,442,138,270,408,55,160,215,5745,5789,11534
2020-06-09,645,612,1257,585,664,1249,1122,1243,2365,1282,1146,2428,915,850,1765,692,586,1278,364,290,654,227,243,470,146,283,429,55,168,223,6033,6085,12118
2020-06-10,665,632,1297,606,692,1298,1174,1295,2469,1331,1205,2536,969,885,1854,724,615,1339,380,307,687,244,260,504,154,312,466,56,186,242,6303,6389,12692
2020-06-11,693,657,1350,634,726,1360,1252,1364,2616,1393,1250,2643,1014,934,1948,770,637,1407,395,323,718,258,273,531,159,324,483,56,192,248,6624,6680,13304
2020-06-12,734,694,1428,670,764,1434,1305,1430,2735,1452,1300,2752,1063,983,2046,804,661,1465,416,346,762,272,282,554,163,328,491,57,196,253,6936,6984,13920
2020-06-13,765,714,1479,693,800,1493,1352,1475,2827,1493,1350,2843,1096,1026,2122,832,686,1518,433,355,788,282,294,576,168,344,512,60,208,268,7174,7252,14426
2020-06-14,784,738,1522,714,813,1527,1378,1511,2889,1534,1385,2919,1118,1050,2168,852,701,1553,444,369,813,287,304,591,172,357,529,61,216,277,7344,7444,14788
2020-06-15,811,755,1566,738,829,1567,1428,1554,2982,1578,1430,3008,1157,1074,2231,867,720,1587,457,377,834,292,311,603,177,367,544,64,218,282,7569,7635,15204
2020-06-16,849,791,1640,761,862,1623,1490,1608,3098,1655,1497,3152,1218,1111,2329,904,758,1662,485,396,881,310,323,633,181,383,564,65,223,288,7918,7952,15870
2020-06-17,886,818,1704,790,897,1687,1576,1681,3257,1741,1578,3319,1278,1179,2457,960,807,1767,520,423,943,337,337,674,190,409,599,66,234,300,8344,8363,16707
2020-06-18,912,853,1765,834,932,1766,1660,1758,3418,1834,1656,3490,1353,1251,2604,1020,856,1876,546,441,987,350,350,700,198,424,622,67,241,308,8774,8762,17536
2020-06-19,942,886,1828,875,979,1854,1726,1831,3557,1920,1732,3652,1414,1293,2707,1058,898,1956,576,469,1045,379,372,751,215,443,658,68,260,328,9173,9163,18336
2020-06-20,972,924,1896,908,1016,1924,1786,1887,3673,1990,1792,3782,1466,1356,2822,1095,931,2026,593,487,1080,394,390,784,224,455,679,73,270,343,9501,9508,19009
2020-06-21,995,956,1951,944,1042,1986,1827,1930,3757,2057,1836,3893,1500,1396,2896,1125,956,2081,614,496,1110,404,402,806,233,471,704,73,282,355,9772,9767,19539
2020-06-22,1046,992,2038,981,1088,2069,1913,2002,3915,2160,1914,4074,1576,1451,3027,1203,998,2201,663,530,1193,426,432,858,251,491,742,78,292,370,10297,10190,20487
2020-06-23,1080,1025,2105,1019,1124,2143,2009,2076,4085,2230,2000,4230,1652,1516,3168,1269,1045,2314,687,553,1240,439,444,883,266,523,789,81,301,382,10732,10607,21339
2020-06-24,1110,1050,2160,1050,1161,2211,2111,2158,4269,2314,2071,4385,1725,1583,3308,1326,1096,2422,713,573,1286,454,455,909,277,540,817,84,314,398,11164,11001,22165
2020-06-25,1150,1088,2238,1091,1201,2292,2194,2252,4446,2408,2151,4559,1777,1645,3422,1379,1135,2514,740,591,1331,467,471,938,286,566,852,86,327,413,11578,11427,23005
2020-06-26,1188,1134,2322,1146,1234,2380,2264,2336,4600,2509,2234,4743,1834,1710,3544,1435,1182,2617,773,611,1384,480,487,967,296,586,882,88,341,429,12013,11855,23868
2020-06-27,1225,1169,2394,1181,1270,2451,2334,2390,4724,2567,2310,4877,1877,1757,3634,1473,1214,2687,804,631,1435,488,497,985,303,602,905,90,347,437,12342,12187,24529
2020-06-28,1251,1186,2437,1213,1291,2504,2393,2455,4848,2623,2357,4980,1941,1795,3736,1508,1248,2756,819,643,1462,495,508,1003,311,615,926,93,355,448,12647,12453,25100
2020-06-29,1275,1212,2487,1255,1337,2592,2476,2523,4999,2722,2421,5143,2013,1871,3884,1556,1295,2851,852,663,1515,510,524,1034,329,640,969,96,368,464,13084,12854,25938
2020-06-30,1305,1242,2547,1303,1368,2671,2550,2599,5149,2798,2497,5295,2080,1936,4016,1611,1341,2952,881,690,1571,529,542,1071,347,665,1012,101,383,484,13505,13263,26768
2020-07-01,1331,1275,2606,1347,1406,2753,2624,2665,5289,2881,2575,5456,2141,1987,4128,1667,1383,3050,917,719,1636,545,557,1102,366,683,1049,104,392,496,13923,13642,27565
2020-07-02,1371,1304,2675,1384,1457,2841,2699,2752,5451,2956,2661,5617,2228,2055,4283,1715,1426,3141,965,743,1708,567,578,1145,372,700,1072,106,401,507,14363,14077,28440
2020-07-03,1412,1346,2758,1435,1499,2934,2786,2825,5611,3058,2729,5787,2294,2128,4422,1780,1478,3258,999,768,1767,585,606,1191,380,724,1104,109,417,526,14838,14520,29358
2020-07-04,1439,1389,2828,1464,1525,2989,2842,2895,5737,3131,2798,5929,2359,2172,4531,1823,1518,3341,1032,795,1827,610,639,1249,386,771,1157,111,442,553,15197,14944,30141
2020-07-05,1460,1412,2872,1493,1551,3044,2885,2947,5832,3189,2843,6032,2416,2221,4637,1866,1559,3425,1061,821,1882,636,671,1307,400,802,1202,115,455,570,15521,15282,30803
2020-07-06,1485,1440,2925,1532,1584,3116,2971,3028,5999,3299,2931,6230,2502,2298,4800,1939,1614,3553,1115,858,1973,657,704,1361,414,850,1264,121,473,594,16035,15780,31815
2020-07-07,1519,1479,2998,1556,1617,3173,3072,3106,6178,3402,3015,6417,2582,2366,4948,1997,1664,3661,1146,883,2029,694,731,1425,428,875,1303,125,485,610,16521,16221,32742
2020-07-08,1559,1517,3076,1588,1656,3244,3151,3192,6343,3506,3113,6619,2660,2448,5108,2055,1730,3785,1196,918,2114,719,763,1482,451,917,1368,131,512,643,17016,16766,33782
2020-07-09,1594,1545,3139,1624,1695,3319,3210,3253,6463,3581,3201,6782,2735,2502,5237,2096,1756,3852,1241,965,2206,748,787,1535,464,956,1420,136,523,659,17429,17183,34612
2020-07-10,1628,1578,3206,1657,1722,3379,3278,3329,6607,3654,3281,6935,2804,2560,5364,2154,1812,3966,1286,1000,2286,767,803,1570,481,981,1462,140,536,676,17849,17602,35451
2020-07-11,1650,1607,3257,1684,1753,3437,3331,3394,6725,3734,3363,7097,2875,2615,5490,2206,1853,4059,1325,1024,2349,789,824,1613,486,1007,1493,145,548,693,18225,17988,36213
2020-07-12,1675,1627,3302,1704,1777,3481,3380,3441,6821,3798,3422,7220,2930,2652,5582,2255,1885,4140,1349,1051,2400,807,838,1645,504,1035,1539,149,564,713,18551,18292,36843
2020-07-13,1711,1659,3370,1753,1819,3572,3463,3541,7004,3915,3526,7441,3026,2750,5776,2337,1946,4283,1388,1086,2474,834,868,1702,525,1078,1603,156,589,745,19108,18862,37970
2020-07-14,1741,1692,3433,1787,1853,3640,3558,3628,7186,4036,3629,7665,3099,2823,5922,2402,2008,4410,1437,1124,2561,861,890,1751,539,1111,1650,164,608,772,19624,19366,38990
2020-07-15,1772,1724,3496,1826,1886,3712,3643,3715,7358,4142,3751,7893,3184,2917,6101,2471,2053,4524,1481,1159,2640,894,918,1812,553,1143,1696,169,635,804,20135,19901,40036
2020-07-16,1801,1764,3565,1871,1928,3799,3737,3796,7533,4269,3857,8126,3274,2997,6271,2544,2120,4664,1525,1197,2722,918,950,1868,573,1186,1759,180,673,853,20692,20468,41160
2020-07-17,1842,1789,3631,1900,1967,3867,3814,3922,7736,4381,3951,8332,3349,3078,6427,2610,2183,4793,1573,1229,2802,942,976,1918,594,1231,1825,187,706,893,21192,21032,42224
2020-07-18,1870,1825,3695,1941,1988,3929,3889,3997,7886,4483,4048,8531,3426,3163,6589,2674,2240,4914,1612,1262,2874,968,1008,1976,604,1263,1867,192,721,913,21659,21515,43174
2020-07-19,1900,1863,3763,1975,2017,3992,3959,4067,8026,4566,4132,8698,3500,3227,6727,2733,2289,5022,1651,1289,2940,993,1035,2028,621,1295,1916,201,739,940,22099,21953,44052
2020-07-20,1925,1905,3830,2009,2057,4066,4081,4172,8253,4706,4252,8958,3605,3313,6918,2800,2363,5163,1710,1344,3054,1019,1072,2091,644,1330,1974,204,751,955,22703,22559,45262
2020-07-21,1970,1935,3905,2050,2092,4142,4174,4295,8469,4841,4394,9235,3712,3425,7137,2894,2457,5351,1769,1374,3143,1044,1100,2144,664,1366,2030,208,776,984,23326,23214,46540
2020-07-22,2002,1960,3962,2084,2135,4219,4296,4398,8694,4971,4513,9484,3807,3505,7312,2984,2515,5499,1821,1416,3237,1085,1134,2219,682,1395,2077,211,797,1008,23943,23768,47711
2020-07-23,2034,1998,4032,2111,2171,4282,4406,4513,8919,5080,4608,9688,3899,3591,7490,3061,2576,5637,1859,1450,3309,1113,1159,2272,705,1423,2128,214,808,1022,24482,24297,48779
2020-07-24,2075,2033,4108,2152,2203,4355,4519,4615,9134,5212,4716,9928,3987,3684,7671,3150,2635,5785,1896,1494,3390,1134,1177,2311,720,1467,2187,220,829,1049,25065,24853,49918
2020-07-25,2100,2057,4157,2182,2224,4406,4587,4685,9272,5311,4798,10109,4075,3744,7819,3191,2685,5876,1933,1523,3456,1151,1200,2351,732,1491,2223,229,844,1073,25491,25251,50742
2020-07-26,2121,2082,4203,2204,2251,4455,4643,4751,9394,5370,4875,10245,4132,3801,7933,3227,2722,5949,1965,1540,3505,1178,1224,2402,753,1525,2278,234,858,1092,25827,25629,51456
2020-07-27,2148,2104,4252,2235,2288,4523,4752,4834,9586,5502,4998,10500,4211,3893,8104,3306,2797,6103,2007,1580,3587,1203,1251,2454,775,1550,2325,239,878,1117,26378,26173,52551
2020-07-28,2180,2127,4307,2280,2323,4603,4853,4926,9779,5638,5129,10767,4299,3985,8284,3389,2845,6234,2040,1623,3663,1234,1276,2510,796,1581,2377,242,900,1142,26951,26715,53666
2020-07-29,2201,2159,4360,2328,2363,4691,4950,5018,9968,5739,5234,10973,4393,4075,8468,3446,2919,6365,2090,1646,3736,1262,1304,2566,818,1616,2434,249,918,1167,27476,27252,54728
2020-07-30,2237,2184,4421,2357,2404,4761,5057,5116,10173,5866,5335,11201,4485,4168,8653,3497,2978,6475,2135,1670,3805,1280,1349,2629,835,1660,2495,255,948,1203,28004,27812,55816
2020-07-31,2264,2217,4481,2412,2446,4858,5142,5212,10354,5960,5438,11398,4582,4252,8834,3558,3044,6602,2192,1687,3879,1304,1380,2684,850,1699,2549,259,975,1234,28523,28350,56873
2020-08-01,2296,2251,4547,2441,2491,4932,5216,5301,10517,6062,5539,11601,4695,4340,9035,3616,3089,6705,2224,1716,3940,1321,1401,2722,863,1729,2592,264,988,1252,28998,28845,57843
2020-08-02,2323,2273,4596,2468,2527,4995,5278,5363,10641,6150,5612,11762,4770,4408,9178,3670,3132,6802,2264,1754,4018,1354,1428,2782,886,1770,2656,267,1015,1282,29430,29282,58712
2020-08-03,2363,2314,4677,2529,2569,5098,5403,5492,10895,6294,5736,12030,4903,4527,9430,3752,3220,6972,2326,1810,4136,1386,1466,2852,906,1830,2736,270,1051,1321,30132,30015,60147
2020-08-04,2395,2342,4737,2574,2620,5194,5515,5595,11110,6435,5870,12305,5027,4652,9679,3837,3305,7142,2388,1850,4238,1426,1511,2937,928,1896,2824,278,1088,1366,30803,30729,61532
2020-08-05,2436,2379,4815,2628,2657,5285,5632,5706,11338,6576,5990,12566,5134,4761,9895,3921,3371,7292,2469,1908,4377,1462,1555,3017,953,1972,2925,286,1138,1424,31497,31437,62934
2020-08-06,2467,2410,4877,2672,2696,5368,5742,5802,11544,6683,6107,12790,5242,4848,10090,3990,3444,7434,2509,1953,4462,1482,1581,3063,967,2008,2975,294,1159,1453,32048,32008,64056
2020-08-07,2496,2438,4934,2702,2735,5437,5840,5901,11741,6788,6214,13002,5341,4928,10269,4055,3515,7570,2548,2003,4551,1512,1605,3117,986,2038,3024,301,1174,1475,32569,32551,65120
2020-08-08,2524,2467,4991,2733,2759,5492,5908,5972,11880,6868,6301,13169,5401,5003,10404,4111,3574,7685,2579,2031,4610,1531,1639,3170,997,2081,3078,305,1198,1503,32957,33025,65982
2020-08-09,2543,2480,5023,2765,2789,5554,5968,6045,12013,6937,6363,13300,5458,5066,10524,4170,3617,7787,2624,2070,4694,1549,1650,3199,1010,2104,3114,309,1202,1511,33333,33386,66719
2020-08-10,2569,2512,5081,2802,2827,5629,6062,6147,12209,7065,6494,13559,5558,5169,10727,4258,3689,7947,2660,2114,4774,1575,1676,3251,1026,2142,3168,313,1227,1540,33888,33997,67885
2020-08-11,2588,2534,5122,2830,2860,5690,6133,6230,12363,7191,6601,13792,5677,5245,10922,4332,3762,8094,2709,2146,4855,1601,1706,3307,1040,2186,3226,318,1251,1569,34419,34521,68940
2020-08-12,2613,2570,5183,2868,2889,5757,6221,6312,12533,7298,6708,14006,5771,5333,11104,4413,3836,8249,2752,2188,4940,1621,1732,3353,1051,2207,3258,324,1257,1581,34932,35032,69964
2020-08-13,2634,2591,5225,2908,2929,5837,6316,6398,12714,7399,6813,14212,5847,5426,11273,4474,3890,8364,2811,2213,5024,1637,1758,3395,1064,2225,3289,326,1264,1590,35416,35507,70923
2020-08-14,2657,2608,5265,2942,2968,5910,6403,6491,12894,7510,6915,14425,5927,5499,11426,4534,3939,8473,2854,2251,5105,1661,1778,3439,1079,2254,3333,329,1279,1608,35896,35982,71878
2020-08-15,2672,2628,5300,2979,2992,5971,6464,6576,13040,7608,6997,14605,5987,5570,11557,4587,3998,8585,2889,2286,5175,1688,1817,3505,1101,2318,3419,333,1309,1642,36308,36491,72799
2020-08-16,2689,2646,5335,3006,3009,6015,6534,6620,13154,7668,7051,14719,6051,5620,11671,4629,4029,8658,2918,2311,5229,1712,1835,3547,1112,2335,3447,336,1324,1660,36655,36780,73435
2020-08-17,2710,2659,5369,3052,3041,6093,6603,6704,13307,7765,7162,14927,6125,5686,11811,4693,4077,8770,2960,2341,5301,1743,1848,3591,1120,2355,3475,338,1333,1671,37109,37206,74315
2020-08-18,2730,2693,5423,3099,3075,6174,6712,6786,13498,7903,7275,15178,6229,5777,12006,4780,4160,8940,3000,2386,5386,1769,1878,3647,1134,2404,3538,343,1368,1711,37699,37802,75501
2020-08-19,2761,2720,5481,3133,3110,6243,6830,6893,13723,8049,7389,15438,6339,5881,12220,4852,4244,9096,3054,2427,5481,1791,1909,3700,1152,2439,3591,350,1389,1739,38311,38401,76712
2020-08-20,2790,2742,5532,3184,3146,6330,6917,6983,13900,8179,7495,15674,6436,5947,12383,4918,4306,9224,3110,2464,5574,1817,1937,3754,1173,2472,3645,354,1410,1764,38878,38902,77780
2020-08-21,2813,2764,5577,3223,3187,6410,7022,7077,14099,8304,7600,15904,6522,6051,12573,4993,4377,9370,3156,2496,5652,1838,1962,3800,1192,2492,3684,356,1422,1778,39419,39428,78847
2020-08-22,2837,2787,5624,3257,3212,6469,7106,7162,14268,8395,7702,16097,6600,6115,12715,5049,4435,9484,3193,2529,5722,1866,1986,3852,1202,2510,3712,357,1426,1783,39862,39864,79726
2020-08-23,2863,2811,5674,3292,3248,6540,7179,7242,14421,8470,7768,16238,6663,6188,12851,5109,4490,9599,3232,2570,5802,1886,2004,3890,1221,2533,3754,362,1437,1799,40277,40291,80568
2020-08-24,2897,2839,5736,3337,3285,6622,7299,7350,14649,8613,7891,16504,6780,6300,13080,5191,4577,9768,3292,2626,5918,1913,2030,3943,1236,2551,3787,365,1445,1810,40923,40894,81817
2020-08-25,2933,2861,5794,3384,3322,6706,7409,7465,14874,8756,8046,16802,6882,6421,13303,5288,4665,9953,3355,2675,6030,1952,2066,4018,1260,2588,3848,370,1465,1835,41589,41574,83163
2020-08-26,2967,2891,5858,3430,3372,6802,7536,7580,15116,8913,8169,17082,7027,6526,13553,5394,4742,10136,3409,2722,6131,1992,2114,4106,1277,2623,3900,373,1492,1865,42318,42231,84549
2020-08-27,2996,2931,5927,3482,3424,6906,7655,7724,15379,9074,8309,17383,7149,6657,13806,5478,4830,10308,3467,2772,6239,2018,2136,4154,1294,2673,3967,379,1511,1890,42992,42967,85959
2020-08-28,3018,2951,5969,3522,3471,6993,7766,7842,15608,9198,8429,17627,7248,6756,14004,5575,4914,10489,3523,2828,6351,2051,2169,4220,1307,2700,4007,381,1523,1904,43589,43583,87172
2020-08-29,3041,2968,6009,3550,3500,7050,7847,7923,15770,9292,8540,17832,7327,6842,14169,5643,4979,10622,3562,2872,6434,2073,2198,4271,1321,2723,4044,384,1529,1913,44040,44074,88114
2020-08-30,3055,2979,6034,3579,3533,7112,7914,7982,15896,9365,8618,17983,7392,6916,14308,5710,5031,10741,3607,2904,6511,2097,2217,4314,1331,2750,4081,386,1537,1923,44436,44467,88903
2020-08-31,3079,2997,6076,3615,3575,7190,8029,8105,16134,9499,8758,18257,7521,7029,14550,5793,5104,10897,3664,2949,6613,2130,2264,4394,1348,2805,4153,392,1559,1951,45070,45145,90215
2020-09-01,3097,3017,6114,3661,3616,7277,8121,8216,16337,9638,8876,18514,7658,7144,14802,5874,5173,11047,3721,2999,6720,2157,2298,4455,1367,2844,4211,396,1585,1981,45690,45768,91458
2020-09-02,3117,3028,6145,3698,3650,7348,8198,8308,16506,9751,8981,18732,7755,7234,14989,5936,5232,11168,3767,3041,6808,2178,2324,4502,1384,2864,4248,397,1588,1985,46181,46250,92431
2020-09-03,3129,3050,6179,3735,3677,7412,8307,8390,16697,9858,9090,18948,7857,7321,15178,6017,5285,11302,3819,3085,6904,2207,2354,4561,1400,2886,4286,401,1597,1998,46730,46735,93465
2020-09-04,3152,3069,6221,3766,3726,7492,8425,8475,16900,9962,9195,19157,7936,7421,15357,6089,5361,11450,3861,3121,6982,2229,2383,4612,1407,2903,4310,405,1610,2015,47232,47264,94496
2020-09-05,3162,3084,6246,3797,3753,7550,8501,8554,17055,10053,9280,19333,8024,7520,15544,6151,5411,11562,3894,3159,7053,2256,2414,4670,1419,2931,4350,407,1621,2028,47664,47727,95391
2020-09-06,3177,3096,6273,3825,3783,7608,8560,8605,17165,10105,9339,19444,8081,7573,15654,6197,5457,11654,3931,3184,7115,2279,2441,4720,1430,2945,4375,411,1627,2038,47996,48050,96046
2020-09-07,3198,3113,6311,3857,3815,7672,8658,8704,17362,10222,9445,19667,8166,7666,15832,6289,5535,11824,3990,3228,7218,2323,2476,4799,1453,2983,4436,414,1651,2065,48570,48616,97186
2020-09-08,3221,3132,6353,3891,3859,7750,8761,8791,17552,10350,9560,19910,8284,7773,16057,6374,5607,11981,4038,3275,7313,2357,2502,4859,1469,3020,4489,419,1664,2083,49164,49183,98347
2020-09-09,3243,3158,6401,3931,3897,7828,8878,8889,17767,10476,9685,20161,8386,7853,16239,6440,5681,12121,4103,3321,7424,2392,2532,4924,1479,3037,4516,425,1683,2108,49753,49736,99489
2020-09-10,3273,3175,6448,3967,3937,7904,8959,8980,17939,10580,9781,20361,8482,7951,16433,6523,5744,12267,4158,3353,7511,2425,2571,4996,1494,3083,4577,430,1715,2145,50291,50290,100581
2020-09-11,3303,3197,6500,3996,3978,7974,9029,9090,18119,10695,9876,20571,8593,8052,16645,6595,5820,12415,4190,3383,7573,2458,2604,5062,1508,3101,4609,431,1720,2151,50798,50821,101619
2020-09-12,3318,3209,6527,4021,4006,8027,9078,9150,18228,10763,9950,20713,8664,8137,16801,6644,5878,12522,4225,3418,7643,2474,2626,5100,1517,3126,4643,433,1739,2172,51137,51239,102376
2020-09-13,3332,3226,6558,4049,4030,8079,9128,9214,18342,10830,10017,20847,8724,8200,16924,6688,5914,12602,4263,3453,7716,2501,2648,5149,1525,3148,4673,435,1742,2177,51475,51592,103067
2020-09-14,3349,3242,6591,4080,4058,8138,9211,9290,18501,10945,10134,21079,8804,8271,17075,6753,5982,12735,4302,3493,7795,2533,2674,5207,1535,3171,4706,439,1751,2190,51951,52066,104017
2020-09-15,3375,3254,6629,4113,4089,8202,9276,9361,18637,11032,10218,21250,8877,8357,17234,6837,6041,12878,4351,3531,7882,2554,2703,5257,1551,3187,4738,441,1760,2201,52407,52501,104908
2020-09-16,3398,3271,6669,4148,4119,8267,9357,9431,18788,11109,10313,21422,8981,8433,17414,6904,6104,13008,4380,3564,7944,2573,2740,5313,1561,3212,4773,444,1779,2223,52855,52966,105821
2020-09-17,3412,3287,6699,4171,4150,8321,9440,9510,18950,11183,10402,21585,9048,8507,17555,6955,6150,13105,4429,3593,8022,2593,2757,5350,1573,3225,4798,447,1786,2233,53251,53367,106618
2020-09-18,3444,3315,6759,4206,4191,8397,9512,9599,19111,11276,10494,21770,9112,8578,17690,7009,6195,13204,4468,3621,8089,2610,2789,5399,1587,3242,4829,447,1796,2243,53671,53820,107491
2020-09-19,3455,3329,6784,4228,4216,8444,9563,9651,19214,11347,10565,21912,9176,8619,17795,7054,6236,13290,4506,3652,8158,2622,2809,5431,1591,3257,4848,448,1802,2250,53990,54136,108126
2020-09-20,3464,3343,6807,4252,4230,8482,9606,9692,19298,11393,10622,22015,9211,8653,17864,7080,6262,13342,4530,3683,8213,2637,2835,5472,1598,3265,4863,448,1808,2256,54219,54393,108612
2020-09-21,3482,3356,6838,4286,4255,8541,9681,9754,19435,11479,10683,22162,9293,8702,17995,7120,6308,13428,4570,3713,8283,2661,2862,5523,1611,3284,4895,448,1813,2261,54631,54730,109361
2020-09-22,3503,3368,6871,4315,4285,8600,9768,9821,19589,11567,10770,22337,9354,8775,18129,7181,6352,13533,4608,3753,8361,2681,2880,5561,1629,3314,4943,451,1827,2278,55057,55145,110202
2020-09-23,3524,3388,6912,4342,4315,8657,9839,9886,19725,11649,10845,22494,9420,8852,18272,7239,6406,13645,4642,3787,8429,2708,2902,5610,1637,3328,4965,455,1832,2287,55455,55541,110996
2020-09-24,3541,3405,6946,4378,4348,8726,9920,9966,19886,11737,10942,22679,9479,8917,18396,7302,6458,13760,4694,3823,8517,2731,2915,5646,1655,3351,5006,458,1837,2295,55895,55962,111857
2020-09-25,3559,3429,6988,4409,4372,8781,9996,10033,20029,11812,11036,22848,9557,8992,18549,7362,6521,13883,4731,3857,8588,2764,2945,5709,1667,3366,5033,461,1853,2314,56318,56404,112722
2020-09-26,3571,3439,7010,4433,4397,8830,10041,10075,20116,11864,11093,22957,9621,9041,18662,7395,6565,13960,4755,3888,8643,2783,2965,5748,1677,3378,5055,462,1862,2324,56602,56703,113305
2020-09-27,3586,3453,7039,4455,4425,8880,10104,10116,20220,11932,11152,23084,9677,9085,18762,7431,6604,14035,4778,3902,8680,2808,2979,5787,1683,3389,5072,465,1865,2330,56919,56970,113889
2020-09-28,3606,3468,7074,4488,4454,8942,10176,10193,20369,12021,11243,23264,9750,9155,18905,7489,6654,14143,4825,3943,8768,2827,3006,5833,1701,3410,5111,469,1871,2340,57352,57397,114749
2020-09-29,3634,3482,7116,4517,4475,8992,10258,10268,20526,12116,11325,23441,9823,9227,19050,7542,6713,14255,4863,3987,8850,2857,3040,5897,1710,3434,5144,470,1881,2351,57790,57832,115622
2020-09-30,3652,3504,7156,4539,4505,9044,10337,10352,20689,12205,11404,23609,9896,9305,19201,7596,6772,14368,4911,4018,8929,2886,3053,5939,1723,3454,5177,474,1886,2360,58219,58253,116472
2020-10-01,3672,3517,7189,4560,4542,9102,10419,10435,20854,12284,11484,23768,9955,9362,19317,7650,6829,14479,4939,4061,9000,2896,3081,5977,1733,3472,5205,477,1894,2371,58585,58677,117262
2020-10-02,3695,3531,7226,4594,4567,9161,10494,10502,20996,12352,11565,23917,10013,9437,19450,7699,6896,14595,4974,4097,9071,2915,3106,6021,1748,3492,5240,482,1905,2387,58966,59098,118064
2020-10-03,3715,3541,7256,4615,4595,9210,10544,10546,21090,12402,11607,24009,10054,9482,19536,7744,6943,14687,4998,4115,9113,2926,3113,6039,1753,3503,5256,483,1910,2393,59234,59355,118589
2020-10-04,3722,3548,7270,4634,4610,9244,10590,10596,21186,12444,11649,24093,10092,9520,19612,7774,6969,14743,5016,4139,9155,2941,3121,6062,1758,3512,5270,483,1917,2400,59454,59581,119035
2020-10-05,3733,3563,7296,4659,4628,9287,10653,10676,21329,12531,11718,24249,10153,9573,19726,7824,7023,14847,5065,4173,9238,2963,3144,6107,1766,3527,5293,484,1925,2409,59831,59950,119781
2020-10-06,3759,3580,7339,4684,4659,9343,10723,10764,21487,12625,11800,24425,10231,9634,19865,7883,7085,14968,5101,4204,9305,2978,3160,6138,1780,3545,5325,486,1931,2417,60250,60362,120612
2020-10-07,3772,3591,7363,4704,4689,9393,10807,10833,21640,12688,11877,24565,10306,9693,19999,7938,7141,15079,5129,4226,9355,2990,3178,6168,1792,3570,5362,486,1939,2425,60612,60737,121349
2020-10-08,3790,3603,7393,4728,4724,9452,10875,10900,21775,12763,11949,24712,10352,9765,20117,7986,7190,15176,5154,4255,9409,3006,3203,6209,1806,3604,5410,488,1955,2443,60948,61148,122096
2020-10-09,3809,3617,7426,4750,4750,9500,10928,10988,21916,12848,12033,24881,10405,9829,20234,8043,7241,15284,5179,4292,9471,3022,3225,6247,1822,3635,5457,492,1970,2462,61298,61580,122878
2020-10-10,3819,3623,7442,4766,4774,9540,10976,11031,22007,12903,12098,25001,10459,9873,20332,8080,7292,15372,5206,4319,9525,3036,3241,6277,1829,3647,5476,493,1972,2465,61567,61870,123437
2020-10-11,3832,3638,7470,4780,4793,9573,11008,11073,22081,12936,12149,25085,10501,9906,20407,8111,7317,15428,5219,4344,9563,3054,3253,6307,1836,3665,5501,495,1979,2474,61772,62117,123889
2020-10-12,3853,3652,7505,4803,4820,9623,11056,11111,22167,12999,12200,25199,10552,9951,20503,8145,7361,15506,5252,4368,9620,3073,3268,6341,1840,3682,5522,495,1985,2480,62068,62398,124466
2020-10-13,3867,3669,7536,4839,4847,9686,11121,11182,22303,13089,12281,25370,10625,10010,20635,8203,7405,15608,5289,4390,9679,3085,3286,6371,1850,3704,5554,497,1997,2494,62465,62771,125236
2020-10-14,3881,3684,7565,4870,4875,9745,11190,11251,22441,13159,12344,25503,10700,10072,20772,8262,7463,15725,5311,4420,9731,3105,3306,6411,1859,3714,5573,498,2003,2501,62835,63132,125967
2020-10-15,3897,3704,7601,4917,4913,9830,11267,11315,22582,13240,12418,25658,10760,10137,20897,8301,7505,15806,5339,4441,9780,3125,3330,6455,1866,3734,5600,501,2007,2508,63213,63504,126717
2020-10-16,3915,3714,7629,4943,4948,9891,11316,11398,22714,13312,12488,25800,10829,10197,21026,8344,7545,15889,5369,4470,9839,3142,3351,6493,1879,3760,5639,502,2025,2527,63551,63896,127447
2020-10-17,3928,3727,7655,4963,4970,9933,11370,11437,22807,13370,12550,25920,10872,10234,21106,8377,7575,15952,5391,4495,9886,3151,3359,6510,1886,3769,5655,505,2028,2533,63813,64144,127957
2020-10-18,3938,3735,7673,4980,4989,9969,11404,11474,22878,13409,12582,25991,10895,10260,21155,8399,7600,15999,5407,4513,9920,3165,3373,6538,1888,3776,5664,505,2034,2539,63990,64336,128326
2020-10-19,3953,3748,7701,5002,5016,10018,11456,11522,22978,13459,12635,26094,10964,10303,21267,8439,7638,16077,5434,4535,9969,3189,3395,6584,1892,3789,5681,506,2038,2544,64294,64619,128913
2020-10-20,3960,3757,7717,5016,5038,10054,11518,11588,23106,13516,12684,26200,11019,10355,21374,8485,7673,16158,5459,4562,10021,3202,3406,6608,1904,3807,5711,507,2044,2551,64586,64914,129500
2020-10-21,3974,3768,7742,5038,5061,10099,11565,11638,23203,13560,12731,26291,11070,10390,21460,8513,7710,16223,5488,4581,10069,3215,3423,6638,1907,3814,5721,508,2047,2555,64838,65163,130001
2020-10-22,3986,3778,7764,5062,5080,10142,11614,11689,23303,13609,12773,26382,11113,10421,21534,8540,7733,16273,5508,4597,10105,3226,3437,6663,1912,3821,5733,509,2047,2556,65079,65376,130455
2020-10-23,3997,3787,7784,5084,5095,10179,11653,11750,23403,13653,12825,26478,11165,10467,21632,8576,7760,16336,5533,4623,10156,3234,3448,6682,1923,3828,5751,510,2048,2558,65328,65631,130959
2020-10-24,4005,3799,7804,5100,5110,10210,11690,11785,23475,13689,12869,26558,11196,10496,21692,8614,7779,16393,5550,4636,10186,3246,3458,6704,1928,3833,5761,510,2053,2563,65528,65818,131346
2020-10-25,4013,3808,7821,5113,5125,10238,11720,11816,23536,13715,12897,26612,11228,10526,21754,8633,7802,16435,5567,4643,10210,3251,3465,6716,1931,3838,5769,510,2054,2564,65681,65974,131655
2020-10-26,4023,3813,7836,5126,5152,10278,11762,11853,23615,13770,12945,26715,11265,10561,21826,8664,7833,16497,5588,4664,10252,3260,3473,6733,1941,3850,5791,515,2058,2573,65914,66202,132116
2020-10-27,4030,3822,7852,5151,5176,10327,11806,11908,23714,13830,12988,26818,11316,10609,21925,8704,7871,16575,5607,4690,10297,3269,3487,6756,1951,3865,5816,517,2062,2579,66181,66478,132659
2020-10-28,4045,3834,7879,5177,5198,10375,11844,11949,23793,13877,13033,26910,11357,10638,21995,8733,7899,16632,5631,4707,10338,3278,3498,6776,1956,3868,5824,520,2065,2585,66418,66689,133107
2020-10-29,4054,3840,7894,5189,5211,10400,11882,11980,23862,13917,13076,26993,11391,10666,22057,8757,7922,16679,5645,4721,10366,3295,3505,6800,1960,3879,5839,521,2072,2593,66611,66872,133483
2020-10-30,4059,3845,7904,5196,5217,10413,11910,12010,23920,13961,13102,27063,11419,10696,22115,8771,7945,16716,5656,4737,10393,3308,3516,6824,1963,3883,5846,522,2074,2596,66765,67025,133790
2020-10-31,4061,3849,7910,5202,5229,10431,11930,12034,23964,13983,13129,27112,11438,10716,22154,8786,7960,16746,5668,4747,10415,3312,3523,6835,1967,3887,5854,522,2074,2596,66869,67148,134017
2020-11-01,4069,3857,7926,5211,5245,10456,11967,12058,24025,14012,13155,27167,11469,10738,22207,8803,7978,16781,5682,4755,10437,3320,3529,6849,1969,3891,5860,522,2075,2597,67024,67281,134305
2020-11-02,4077,3864,7941,5221,5266,10487,12000,12099,24099,14055,13189,27244,11507,10774,22281,8835,8004,16839,5698,4763,10461,3322,3538,6860,1974,3898,5872,522,2078,2600,67211,67473,134684
2020-11-03,4086,3870,7956,5238,5276,10514,12044,12124,24168,14082,13223,27305,11543,10797,22340,8859,8024,16883,5710,4785,10495,3326,3548,6874,1976,3908,5884,522,2080,2602,67386,67635,135021
2020-11-04,4094,3875,7969,5244,5291,10535,12084,12162,24246,14118,13260,27378,11568,10830,22398,8881,8050,16931,5729,4798,10527,3333,3561,6894,1979,3917,5896,522,2083,2605,67552,67827,135379
2020-11-05,4108,3885,7993,5268,5307,10575,12132,12213,24345,14166,13297,27463,11603,10866,22469,8909,8074,16983,5751,4814,10565,3346,3575,6921,1982,3934,5916,523,2089,2612,67788,68054,135842
2020-11-06,4121,3892,8013,5287,5322,10609,12153,12244,24397,14202,13338,27540,11638,10894,22532,8931,8092,17023,5772,4833,10605,3358,3585,6943,1986,3944,5930,525,2090,2615,67973,68234,136207
2020-11-07,4127,3897,8024,5294,5332,10626,12172,12272,24444,14241,13376,27617,11669,10919,22588,8945,8111,17056,5787,4850,10637,3366,3593,6959,1990,3949,5939,525,2090,2615,68116,68389,136505
2020-11-08,4133,3902,8035,5302,5344,10646,12189,12308,24497,14264,13399,27663,11696,10935,22631,8962,8129,17091,5802,4861,10663,3370,3595,6965,1994,3955,5949,526,2090,2616,68238,68518,136756
2020-11-09,4144,3907,8051,5319,5356,10675,12218,12353,24571,14300,13441,27741,11741,10965,22706,8999,8172,17171,5823,4883,10706,3386,3602,6988,1997,3962,5959,526,2093,2619,68453,68734,137187
2020-11-10,4154,3917,8071,5334,5369,10703,12254,12396,24650,14361,13475,27836,11774,10993,22767,9020,8190,17210,5845,4900,10745,3401,3623,7024,2003,3974,5977,528,2095,2623,68674,68932,137606
2020-11-11,4164,3924,8088,5348,5385,10733,12295,12437,24732,14402,13518,27920,11808,11025,22833,9058,8210,17268,5863,4918,10781,3411,3637,7048,2007,3982,5989,529,2099,2628,68885,69135,138020
2020-11-12,4175,3931,8106,5360,5400,10760,12342,12476,24818,14442,13550,27992,11841,11059,22900,9082,8232,17314,5876,4930,10806,3416,3644,7060,2010,3984,5994,530,2104,2634,69074,69310,138384
2020-11-13,4182,3936,8118,5379,5415,10794,12378,12513,24891,14475,13580,28055,11882,11089,22971,9107,8254,17361,5894,4949,10843,3431,3650,7081,2013,3993,6006,532,2111,2643,69273,69490,138763
2020-11-14,4188,3942,8130,5392,5429,10821,12404,12550,24954,14503,13607,28110,11908,11108,23016,9136,8274,17410,5913,4960,10873,3438,3659,7097,2018,3998,6016,533,2112,2645,69433,69639,139072
2020-11-15,4191,3949,8140,5401,5443,10844,12425,12574,24999,14524,13632,28156,11930,11121,23051,9156,8287,17443,5922,4970,10892,3445,3667,7112,2019,4008,6027,534,2112,2646,69547,69763,139310
2020-11-16,4197,3958,8155,5414,5460,10874,12449,12610,25059,14557,13658,28215,11953,11148,23101,9174,8308,17482,5932,4985,10917,3457,3677,7134,2026,4014,6040,536,2114,2650,69695,69932,139627
2020-11-17,4205,3964,8169,5432,5476,10908,12487,12644,25131,14592,13705,28297,11986,11176,23162,9200,8336,17536,5951,5000,10951,3466,3685,7151,2031,4027,6058,538,2120,2658,69888,70133,140021
2020-11-18,4208,3971,8179,5448,5494,10942,12526,12687,25213,14635,13740,28375,12026,11205,23231,9222,8366,17588,5964,5016,10980,3478,3699,7177,2035,4039,6074,538,2125,2663,70080,70342,140422
2020-11-19,4212,3975,8187,5459,5509,10968,12558,12714,25272,14666,13772,28438,12046,11226,23272,9246,8389,17635,5980,5027,11007,3485,3709,7194,2037,4043,6080,538,2130,2668,70227,70494,140721
2020-11-20,4217,3980,8197,5475,5527,11002,12594,12742,25336,14693,13793,28486,12065,11239,23304,9259,8402,17661,5994,5040,11034,3491,3713,7204,2042,4046,6088,540,2132,2672,70370,70614,140984
2020-11-21,4223,3990,8213,5488,5541,11029,12619,12769,25388,14727,13821,28548,12081,11270,23351,9272,8420,17692,6006,5055,11061,3498,3720,7218,2045,4049,6094,540,2135,2675,70499,70770,141269
2020-11-22,4227,3993,8220,5497,5546,11043,12637,12789,25426,14741,13842,28583,12099,11283,23382,9283,8428,17711,6022,5061,11083,3504,3728,7232,2047,4050,6097,540,2136,2676,70597,70856,141453
2020-11-23,4232,3996,8228,5502,5554,11056,12655,12812,25467,14769,13865,28634,12121,11293,23414,9289,8443,17732,6031,5067,11098,3512,3734,7246,2050,4052,6102,540,2138,2678,70701,70954,141655
2020-11-24,4239,4000,8239,5509,5567,11076,12689,12853,25542,14812,13901,28713,12152,11313,23465,9311,8455,17766,6050,5079,11129,3519,3742,7261,2054,4054,6108,540,2140,2680,70875,71104,141979
2020-11-25,4254,4006,8260,5522,5576,11098,12731,12899,25630,14862,13945,28807,12184,11351,23535,9336,8475,17811,6069,5091,11160,3527,3755,7282,2058,4060,6118,541,2142,2683,71084,71300,142384
2020-11-26,4257,4018,8275,5532,5596,11128,12766,12929,25695,14911,13973,28884,12210,11374,23584,9350,8506,17856,6079,5105,11184,3531,3759,7290,2063,4064,6127,542,2147,2689,71241,71471,142712
2020-11-27,4264,4022,8286,5548,5605,11153,12808,12960,25768,14946,13995,28941,12241,11396,23637,9374,8526,17900,6093,5119,11212,3541,3764,7305,2066,4068,6134,544,2149,2693,71425,71604,143029
2020-11-28,4270,4028,8298,5563,5619,11182,12835,12994,25829,14974,14019,28993,12263,11420,23683,9385,8542,17927,6101,5134,11235,3545,3767,7312,2067,4071,6138,544,2150,2694,71547,71744,143291
2020-11-29,4277,4028,8305,5575,5631,11206,12857,13022,25879,15011,14043,29054,12285,11435,23720,9402,8556,17958,6107,5146,11253,3548,3772,7320,2071,4076,6147,547,2150,2697,71680,71859,143539
2020-11-30,4284,4033,8317,5586,5642,11228,12890,13049,25939,15043,14073,29116,12311,11452,23763,9419,8579,17998,6113,5159,11272,3558,3784,7342,2074,4085,6159,547,2153,2700,71825,72009,143834
2020-12-01,4293,4038,8331,5594,5652,11246,12923,13071,25994,15075,14121,29196,12341,11473,23814,9436,8593,18029,6127,5167,11294,3564,3790,7354,2077,4088,6165,547,2153,2700,71977,72146,144123
2020-12-02,4295,4042,8337,5601,5664,11265,12951,13093,26044,15102,14142,29244,12354,11495,23849,9445,8605,18050,6139,5175,11314,3571,3802,7373,2080,4094,6174,550,2158,2708,72088,72270,144358
2020-12-03,4299,4046,8345,5614,5675,11289,12979,13115,26094,15133,14168,29301,12379,11512,23891,9463,8619,18082,6151,5187,11338,3579,3814,7393,2083,4098,6181,552,2160,2712,72232,72394,144626
2020-12-04,4308,4050,8358,5628,5689,11317,13003,13143,26146,15165,14203,29368,12411,11539,23950,9485,8638,18123,6165,5199,11364,3586,3821,7407,2088,4101,6189,553,2160,2713,72392,72543,144935
2020-12-05,4314,4055,8369,5638,5701,11339,13021,13168,26189,15188,14230,29418,12429,11567,23996,9502,8655,18157,6179,5212,11391,3592,3830,7422,2094,4107,6201,553,2161,2714,72510,72686,145196
2020-12-06,4321,4058,8379,5644,5708,11352,13040,13186,26226,15210,14250,29460,12446,11588,24034,9522,8670,18192,6187,5221,11408,3598,3834,7432,2099,4109,6208,553,2161,2714,72620,72785,145405
2020-12-07,4325,4062,8387,5651,5719,11370,13054,13206,26260,15227,14272,29499,12475,11606,24081,9535,8685,18220,6199,5233,11432,3604,3839,7443,2101,4111,6212,553,2163,2716,72724,72896,145620
2020-12-08,4332,4064,8396,5662,5732,11394,13080,13233,26313,15258,14299,29557,12512,11629,24141,9556,8699,18255,6215,5240,11455,3619,3847,7466,2105,4115,6220,554,2165,2719,72893,73023,145916
2020-12-09,4338,4071,8409,5686,5749,11435,13121,13268,26389,15300,14330,29630,12545,11665,24210,9582,8725,18307,6230,5258,11488,3626,3861,7487,2107,4120,6227,554,2169,2723,73089,73216,146305
2020-12-10,4342,4078,8420,5697,5772,11469,13150,13309,26459,15348,14367,29715,12582,11706,24288,9604,8748,18352,6247,5273,11520,3636,3873,7509,2110,4127,6237,554,2171,2725,73270,73424,146694
2020-12-11,4354,4084,8438,5706,5784,11490,13191,13337,26528,15379,14402,29781,12619,11732,24351,9622,8775,18397,6258,5292,11550,3640,3885,7525,2114,4134,6248,554,2172,2726,73437,73597,147034
2020-12-12,4362,4088,8450,5718,5795,11513,13238,13378,26616,15414,14432,29846,12644,11757,24401,9636,8790,18426,6270,5304,11574,3652,3891,7543,2116,4134,6250,554,2172,2726,73604,73741,147345
2020-12-13,4364,4093,8457,5734,5809,11543,13270,13405,26675,15442,14469,29911,12667,11782,24449,9651,8809,18460,6287,5315,11602,3662,3898,7560,2122,4137,6259,556,2172,2728,73755,73889,147644
2020-12-14,4368,4096,8464,5750,5820,11570,13324,13456,26780,15501,14517,30018,12705,11819,24524,9681,8835,18516,6304,5336,11640,3670,3910,7580,2127,4148,6275,557,2174,2731,73987,74111,148098
2020-12-15,4371,4099,8470,5773,5839,11612,13378,13507,26885,15554,14568,30122,12751,11852,24603,9702,8862,18564,6325,5343,11668,3681,3917,7598,2134,4153,6287,559,2177,2736,74228,74317,148545
2020-12-16,4378,4107,8485,5793,5865,11658,13445,13560,27005,15600,14610,30210,12776,11879,24655,9731,8890,18621,6340,5361,11701,3696,3926,7622,2143,4158,6301,562,2180,2742,74464,74536,149000
2020-12-17,4388,4111,8499,5817,5894,11711,13536,13642,27178,15667,14665,30332,12814,11930,24744,9756,8927,18683,6351,5385,11736,3712,3940,7652,2147,4164,6311,563,2182,2745,74751,74840,149591
2020-12-18,4392,4119,8511,5848,5913,11761,13613,13709,27322,15729,14726,30455,12863,11970,24833,9788,8966,18754,6378,5408,11786,3728,3953,7681,2151,4178,6329,563,2192,2755,75053,75134,150187
2020-12-19,4402,4124,8526,5876,5942,11818,13671,13755,27426,15781,14771,30552,12910,12014,24924,9817,8996,18813,6396,5426,11822,3741,3962,7703,2156,4186,6342,563,2193,2756,75313,75369,150682
2020-12-20,4405,4132,8537,5897,5954,11851,13728,13799,27527,15817,14810,30627,12951,12061,25012,9846,9017,18863,6422,5443,11865,3751,3969,7720,2159,4190,6349,566,2195,2761,75542,75570,151112
2020-12-21,4415,4141,8556,5925,5982,11907,13809,13886,27695,15895,14888,30783,13007,12119,25126,9896,9055,18951,6466,5465,11931,3772,3987,7759,2163,4197,6360,567,2197,2764,75915,75917,151832
2020-12-22,4423,4154,8577,5948,6008,11956,13885,13965,27850,15994,14962,30956,13065,12175,25240,9953,9106,19059,6487,5490,11977,3790,4002,7792,2167,4207,6374,568,2200,2768,76280,76269,152549
2020-12-23,4433,4164,8597,5976,6038,12014,13995,14064,28059,16098,15047,31145,13126,12244,25370,10022,9161,19183,6512,5521,12033,3817,4026,7843,2171,4218,6389,569,2203,2772,76719,76686,153405
2020-12-24,4435,4166,8601,5988,6059,12047,14055,14116,28171,16161,15087,31248,13156,12287,25443,10053,9184,19237,6530,5533,12063,3830,4033,7863,2173,4224,6397,569,2204,2773,76950,76893,153843
2020-12-25,4438,4173,8611,6002,6072,12074,14088,14146,28234,16194,15117,31311,13200,12310,25510,10075,9204,19279,6550,5547,12097,3835,4040,7875,2174,4225,6399,569,2205,2774,77125,77039,154164
2020-12-26,4448,4181,8629,6024,6104,12128,14191,14228,28419,16292,15209,31501,13268,12387,25655,10150,9259,19409,6590,5591,12181,3852,4058,7910,2177,4231,6408,570,2207,2777,77562,77455,155017
2020-12-27,4461,4185,8646,6046,6140,12186,14272,14306,28578,16380,15274,31654,13322,12428,25750,10200,9300,19500,6615,5617,12232,3869,4076,7945,2179,4237,6416,570,2207,2777,77914,77770,155684
2020-12-28,4478,4201,8679,6085,6198,12283,14400,14421,28821,16491,15388,31879,13431,12524,25955,10290,9362,19652,6660,5655,12315,3901,4108,8009,2191,4254,6445,572,2209,2781,78499,78320,156819
2020-12-29,4486,4219,8705,6131,6250,12381,14556,14580,29136,16641,15513,32154,13528,12615,26143,10352,9448,19800,6707,5708,12415,3935,4143,8078,2202,4263,6465,576,2212,2788,79114,78951,158065
2020-12-30,4511,4238,8749,6186,6314,12500,14712,14718,29430,16780,15638,32418,13631,12722,26353,10428,9526,19954,6757,5771,12528,3969,4173,8142,2211,4279,6490,579,2216,2795,79764,79595,159359
2020-12-31,4518,4244,8762,6222,6356,12578,14840,14825,29665,16854,15709,32563,13690,12794,26484,10471,9566,20037,6784,5798,12582,3988,4186,8174,2220,4284,6504,579,2216,2795,80166,79978,160144
2021-01-01,4523,4246,8769,6236,6368,12604,14871,14867,29738,16891,15746,32637,13711,12829,26540,10491,9584,20075,6803,5825,12628,3997,4197,8194,2223,4287,6510,579,2216,2795,80325,80165,160490
2021-01-02,4530,4255,8785,6279,6413,12692,14956,14966,29922,16992,15828,32820,13788,12913,26701,10563,9647,20210,6846,5867,12713,4017,4217,8234,2228,4291,6519,585,2216,2801,80784,80613,161397
2021-01-03,4545,4268,8813,6313,6450,12763,15056,15083,30139,17090,15908,32998,13868,12986,26854,10620,9717,20337,6886,5900,12786,4037,4241,8278,2236,4299,6535,585,2217,2802,81236,81069,162305
2021-01-04,4562,4282,8844,6378,6513,12891,15251,15273,30524,17262,16071,33333,13988,13085,27073,10708,9828,20536,6944,5958,12902,4068,4274,8342,2250,4320,6570,589,2223,2812,82000,81827,163827
2021-01-05,4582,4301,8883,6440,6576,13016,15452,15475,30927,17415,16217,33632,14101,13182,27283,10809,9899,20708,6999,6015,13014,4092,4305,8397,2256,4340,6596,591,2232,2823,82737,82542,165279
2021-01-06,4595,4313,8908,6499,6637,13136,15651,15676,31327,17584,16351,33935,14211,13271,27482,10893,9974,20867,7050,6072,13122,4126,4335,8461,2265,4354,6619,592,2236,2828,83466,83219,166685
2021-01-07,4614,4324,8938,6552,6694,13246,15813,15854,31667,17718,16476,34194,14314,13374,27688,10973,10058,21031,7091,6118,13209,4153,4371,8524,2274,4361,6635,597,2241,2838,84099,83871,167970
2021-01-08,4629,4339,8968,6609,6757,13366,15975,16002,31977,17843,16586,34429,14415,13477,27892,11060,10135,21195,7143,6172,13315,4178,4400,8578,2280,4376,6656,598,2247,2845,84730,84491,169221
2021-01-09,4635,4347,8982,6649,6796,13445,16091,16149,32240,17965,16669,34634,14505,13565,28070,11117,10204,21321,7189,6210,13399,4193,4427,8620,2286,4386,6672,599,2251,2850,85229,85004,170233
2021-01-10,4643,4351,8994,6685,6826,13511,16179,16261,32440,18029,16742,34771,14561,13625,28186,11168,10251,21419,7218,6241,13459,4207,4447,8654,2292,4392,6684,603,2253,2856,85585,85389,170974
2021-01-11,4649,4362,9011,6740,6873,13613,16339,16415,32754,18126,16859,34985,14646,13692,28338,11239,10320,21559,7261,6279,13540,4239,4475,8714,2300,4402,6702,604,2257,2861,86143,85934,172077
2021-01-12,4660,4369,9029,6789,6932,13721,16515,16570,33085,18252,16981,35233,14729,13780,28509,11301,10393,21694,7305,6321,13626,4271,4502,8773,2313,4417,6730,604,2262,2866,86739,86527,173266
2021-01-13,4675,4383,9058,6844,7008,13852,16664,16745,33409,18385,17112,35497,14824,13869,28693,11368,10465,21833,7352,6366,13718,4299,4521,8820,2327,4428,6755,605,2268,2873,87343,87165,174508
2021-01-14,4691,4392,9083,6901,7069,13970,16801,16903,33704,18514,17204,35718,14901,13944,28845,11432,10537,21969,7398,6405,13803,4326,4551,8877,2340,4435,6775,609,2269,2878,87913,87709,175622
2021-01-15,4705,4403,9108,6968,7117,14085,16969,17043,34012,18628,17294,35922,14998,14009,29007,11505,10623,22128,7445,6440,13885,4346,4574,8920,2350,4452,6802,609,2272,2881,88523,88227,176750
2021-01-16,4711,4413,9124,7019,7177,14196,17071,17161,34232,18729,17378,36107,15062,14087,29149,11552,10676,22228,7478,6470,13948,4367,4592,8959,2357,4461,6818,610,2278,2888,88956,88693,177649
2021-01-17,4716,4421,9137,7066,7212,14278,17162,17281,34443,18807,17451,36258,15125,14141,29266,11603,10725,22328,7522,6493,14015,4387,4599,8986,2362,4467,6829,612,2279,2891,89362,89069,178431
2021-01-18,4729,4434,9163,7128,7265,14393,17346,17431,34777,18930,17563,36493,15220,14220,29440,11683,10798,22481,7575,6537,14112,4415,4630,9045,2373,4483,6856,613,2283,2896,90012,89644,179656
2021-01-19,4742,4441,9183,7188,7341,14529,17480,17582,35062,19056,17657,36713,15298,14303,29601,11736,10858,22594,7621,6576,14197,4440,4655,9095,2387,4501,6888,613,2289,2902,90561,90203,180764
2021-01-20,4748,4447,9195,7260,7393,14653,17639,17722,35361,19167,17749,36916,15385,14390,29775,11805,10924,22729,7654,6626,14280,4462,4681,9143,2400,4521,6921,613,2295,2908,91133,90748,181881
2021-01-21,4757,4455,9212,7325,7446,14771,17752,17836,35588,19275,17849,37124,15476,14465,29941,11874,11002,22876,7698,6667,14365,4489,4707,9196,2409,4542,6951,617,2301,2918,91672,91270,182942
2021-01-22,4775,4465,9240,7380,7499,14879,17874,17975,35849,19367,17947,37314,15539,14533,30072,11941,11065,23006,7741,6693,14434,4509,4728,9237,2422,4552,6974,620,2304,2924,92168,91761,183929
2021-01-23,4781,4476,9257,7437,7555,14992,17972,18072,36044,19441,18004,37445,15591,14586,30177,11990,11127,23117,7770,6726,14496,4531,4758,9289,2425,4564,6989,623,2304,2927,92561,92172,184733
2021-01-24,4789,4488,9277,7490,7602,15092,18081,18141,36222,19522,18082,37604,15633,14643,30276,12024,11167,23191,7805,6748,14553,4552,4770,9322,2429,4570,6999,623,2304,2927,92948,92515,185463
2021-01-25,4799,4500,9299,7580,7689,15269,18229,18267,36496,19637,18166,37803,15716,14732,30448,12092,11223,23315,7857,6787,14644,4575,4803,9378,2437,4584,7021,626,2306,2932,93548,93057,186605
2021-01-26,4812,4514,9326,7662,7779,15441,18345,18398,36743,19730,18249,37979,15793,14809,30602,12162,11283,23445,7902,6822,14724,4600,4826,9426,2447,4606,7053,628,2315,2943,94081,93601,187682
2021-01-27,4819,4525,9344,7755,7857,15612,18449,18505,36954,19811,18323,38134,15858,14878,30736,12212,11327,23539,7945,6854,14799,4619,4845,9464,2455,4619,7074,629,2319,2948,94552,94052,188604
2021-01-28,4831,4535,9366,7817,7938,15755,18587,18608,37195,19901,18392,38293,15930,14949,30879,12272,11382,23654,7988,6888,14876,4633,4867,9500,2459,4633,7092,629,2323,2952,95047,94515,189562
2021-01-29,4849,4549,9398,7890,8020,15910,18681,18716,37397,19990,18481,38471,15995,15024,31019,12326,11458,23784,8015,6923,14938,4653,4890,9543,2465,4650,7115,633,2325,2958,95497,95036,190533
2021-01-30,4856,4553,9409,7979,8099,16078,18768,18799,37567,20049,18553,38602,16053,15086,31139,12364,11504,23868,8043,6957,15000,4666,4909,9575,2468,4658,7126,634,2328,2962,95880,95446,191326
2021-01-31,4859,4566,9425,8074,8179,16253,18846,18889,37735,20094,18620,38714,16119,15157,31276,12405,11550,23955,8071,6991,15062,4683,4921,9604,2471,4664,7135,634,2330,2964,96256,95867,192123
2021-02-01,4870,4579,9449,8158,8280,16438,18955,18990,37945,20179,18702,38881,16211,15232,31443,12470,11618,24088,8111,7036,15147,4715,4954,9669,2479,4679,7158,634,2334,2968,96782,96404,193186
2021-02-02,4877,4593,9470,8225,8357,16582,19054,19099,38153,20264,18790,39054,16280,15295,31575,12533,11680,24213,8153,7070,15223,4734,4968,9702,2486,4698,7184,634,2337,2971,97240,96887,194127
2021-02-03,4891,4606,9497,8295,8406,16701,19156,19194,38350,20355,18874,39229,16345,15365,31710,12598,11753,24351,8195,7116,15311,4756,4987,9743,2498,4715,7213,637,2337,2974,97726,97353,195079
2021-02-04,4896,4615,9511,8344,8455,16799,19235,19281,38516,20421,18949,39370,16420,15425,31845,12656,11815,24471,8237,7143,15380,4774,5012,9786,2509,4732,7241,637,2344,2981,98129,97771,195900
2021-02-05,4904,4623,9527,8394,8496,16890,19304,19360,38664,20500,19033,39533,16481,15497,31978,12702,11864,24566,8269,7166,15435,4793,5031,9824,2514,4742,7256,638,2348,2986,98499,98160,196659
2021-02-06,4911,4628,9539,8424,8525,16949,19371,19412,38783,20553,19090,39643,16533,15550,32083,12739,11904,24643,8293,7196,15489,4809,5047,9856,2520,4749,7269,638,2350,2988,98791,98451,197242
2021-02-07,4915,4632,9547,8450,8550,17000,19414,19456,38870,20604,19140,39744,16569,15580,32149,12776,11940,24716,8320,7229,15549,4829,5060,9889,2524,4758,7282,638,2353,2991,99039,98698,197737
2021-02-08,4926,4646,9572,8503,8594,17097,19480,19528,39008,20682,19227,39909,16656,15656,32312,12824,11998,24822,8367,7265,15632,4853,5093,9946,2531,4773,7304,640,2357,2997,99462,99137,198599
2021-02-09,4934,4650,9584,8545,8617,17162,19548,19580,39128,20741,19300,40041,16718,15710,32428,12869,12035,24904,8396,7300,15696,4867,5108,9975,2539,4782,7321,641,2359,3000,99798,99441,199239
2021-02-10,4948,4657,9605,8578,8652,17230,19610,19647,39257,20814,19372,40186,16776,15773,32549,12911,12073,24984,8426,7323,15749,4885,5126,10011,2543,4790,7333,642,2363,3005,100133,99776,199909
2021-02-11,4952,4665,9617,8606,8682,17288,19673,19720,39393,20873,19423,40296,16826,15823,32649,12946,12137,25083,8473,7357,15830,4907,5145,10052,2547,4792,7339,645,2368,3013,100448,100112,200560
2021-02-12,4960,4675,9635,8643,8716,17359,19729,19775,39504,20940,19491,40431,16885,15872,32757,12987,12172,25159,8503,7384,15887,4925,5163,10088,2559,4806,7365,647,2372,3019,100778,100426,201204
2021-02-13,4970,4678,9648,8669,8737,17406,19780,19824,39604,20994,19540,40534,16933,15922,32855,13023,12202,25225,8524,7403,15927,4944,5183,10127,2561,4815,7376,650,2374,3024,101048,100678,201726
2021-02-14,4975,4683,9658,8690,8761,17451,19810,19868,39678,21028,19591,40619,16978,15963,32941,13053,12231,25284,8548,7430,15978,4956,5199,10155,2566,4821,7387,650,2375,3025,101254,100922,202176
2021-02-15,4978,4689,9667,8713,8788,17501,19850,19915,39765,21076,19656,40732,17032,16016,33048,13080,12259,25339,8573,7450,16023,4964,5209,10173,2571,4826,7397,650,2380,3030,101487,101188,202675
2021-02-16,4987,4701,9688,8734,8819,17553,19887,19962,39849,21130,19699,40829,17078,16059,33137,13106,12292,25398,8593,7478,16071,4979,5234,10213,2578,4834,7412,651,2385,3036,101723,101463,203186
2021-02-17,5001,4709,9710,8761,8845,17606,19961,20036,39997,21205,19780,40985,17143,16123,33266,13154,12344,25498,8645,7508,16153,4998,5248,10246,2585,4848,7433,652,2387,3039,102105,101828,203933
2021-02-18,5007,4722,9729,8792,8867,17659,20043,20124,40167,21281,19864,41145,17196,16192,33388,13189,12398,25587,8680,7534,16214,5022,5262,10284,2589,4855,7444,653,2392,3045,102452,102210,204662
2021-02-19,5011,4726,9737,8829,8898,17727,20113,20191,40304,21386,19946,41332,17258,16247,33505,13221,12446,25667,8713,7556,16269,5041,5276,10317,2591,4863,7454,653,2392,3045,102816,102541,205357
2021-02-20,5018,4730,9748,8851,8916,17767,20168,20245,40413,21447,20001,41448,17298,16297,33595,13256,12486,25742,8745,7576,16321,5056,5292,10348,2595,4872,7467,654,2394,3048,103088,102809,205897
2021-02-21,5027,4734,9761,8868,8940,17808,20221,20302,40523,21503,20058,41561,17344,16336,33680,13284,12520,25804,8765,7607,16372,5068,5306,10374,2598,4876,7474,654,2398,3052,103332,103077,206409
2021-02-22,5036,4743,9779,8899,8965,17864,20288,20371,40659,21574,20115,41689,17400,16380,33780,13332,12550,25882,8783,7638,16421,5084,5321,10405,2602,4882,7484,656,2399,3055,103654,103364,207018
2021-02-23,5048,4754,9802,8925,8999,17924,20369,20431,40800,21642,20188,41830,17454,16425,33879,13366,12587,25953,8822,7661,16483,5100,5334,10434,2611,4890,7501,659,2399,3058,103996,103668,207664
2021-02-24,5061,4759,9820,8952,9027,17979,20445,20496,40941,21704,20238,41942,17505,16479,33984,13402,12634,26036,8850,7687,16537,5112,5355,10467,2612,4895,7507,661,2403,3064,104304,103973,208277
2021-02-25,5075,4771,9846,8984,9058,18042,20522,20589,41111,21771,20317,42088,17554,16545,34099,13451,12679,26130,8885,7708,16593,5128,5374,10502,2617,4900,7517,664,2410,3074,104651,104351,209002
2021-02-26,5083,4781,9864,9017,9082,18099,20577,20653,41230,21836,20367,42203,17588,16596,34184,13495,12728,26223,8908,7736,16644,5147,5397,10544,2623,4912,7535,666,2414,3080,104940,104666,209606
2021-02-27,5091,4784,9875,9036,9103,18139,20628,20708,41336,21884,20418,42302,17627,16647,34274,13535,12757,26292,8941,7755,16696,5153,5416,10569,2629,4917,7546,666,2415,3081,105190,104920,210110
2021-02-28,5097,4785,9882,9056,9120,18176,20658,20745,41403,21935,20469,42404,17660,16690,34350,13565,12773,26338,8958,7773,16731,5158,5425,10583,2631,4924,7555,666,2419,3085,105384,105123,210507
2021-03-01,5113,4803,9916,9093,9151,18244,20713,20804,41517,22027,20539,42566,17722,16747,34469,13611,12821,26432,8989,7796,16785,5173,5445,10618,2635,4938,7573,666,2422,3088,105742,105466,211208
2021-03-02,5126,4813,9939,9126,9181,18307,20775,20854,41629,22093,20616,42709,17771,16790,34561,13645,12862,26507,9020,7819,16839,5187,5458,10645,2640,4950,7590,666,2424,3090,106049,105767,211816
2021-03-03,5140,4822,9962,9164,9216,18380,20849,20920,41769,22158,20691,42849,17831,16836,34667,13681,12904,26585,9068,7848,16916,5203,5477,10680,2647,4962,7609,666,2428,3094,106407,106104,212511
2021-03-04,5156,4833,9989,9193,9254,18447,20912,20976,41888,22228,20745,42973,17890,16889,34779,13730,12942,26672,9104,7878,16982,5214,5490,10704,2648,4969,7617,667,2429,3096,106742,106405,213147
2021-03-05,5178,4840,10018,9237,9300,18537,20992,21054,42046,22296,20827,43123,17962,16939,34901,13786,12992,26778,9129,7913,17042,5230,5508,10738,2650,4981,7631,669,2432,3101,107129,106786,213915
2021-03-06,5183,4847,10030,9273,9340,18613,21029,21098,42127,22348,20874,43222,18010,17002,35012,13815,13028,26843,9161,7943,17104,5248,5513,10761,2656,4985,7641,669,2435,3104,107392,107065,214457
2021-03-07,5189,4860,10049,9301,9372,18673,21072,21142,42214,22398,20919,43317,18049,17046,35095,13854,13059,26913,9190,7969,17159,5255,5529,10784,2663,4988,7651,669,2436,3105,107640,107320,214960
2021-03-08,5206,4871,10077,9343,9393,18736,21137,21206,42343,22494,20986,43480,18125,17119,35244,13901,13114,27015,9231,7998,17229,5271,5547,10818,2675,5000,7675,670,2439,3109,108053,107673,215726
2021-03-09,5217,4890,10107,9379,9457,18836,21212,21273,42485,22571,21068,43639,18187,17196,35383,13964,13160,27124,9271,8029,17300,5292,5560,10852,2685,5010,7695,670,2441,3111,108448,108084,216532
2021-03-10,5236,4902,10138,9416,9504,18920,21268,21350,42618,22651,21132,43783,18236,17257,35493,14011,13220,27231,9300,8063,17363,5308,5588,10896,2687,5018,7705,670,2444,3114,108783,108478,217261
2021-03-11,5253,4922,10175,9453,9564,19017,21328,21436,42764,22736,21209,43945,18309,17317,35626,14062,13267,27329,9338,8088,17426,5322,5605,10927,2694,5031,7725,672,2446,3118,109167,108885,218052
2021-03-12,5272,4930,10202,9519,9629,19148,21391,21493,42884,22810,21277,44087,18385,17395,35780,14113,13327,27440,9365,8116,17481,5352,5631,10983,2699,5045,7744,674,2453,3127,109580,109296,218876
2021-03-13,5282,4938,10220,9560,9674,19234,21457,21549,43006,22862,21341,44203,18453,17447,35900,14157,13380,27537,9384,8136,17520,5368,5644,11012,2703,5048,7751,674,2456,3130,109900,109613,219513
2021-03-14,5291,4945,10236,9586,9718,19304,21509,21594,43103,22914,21388,44302,18494,17502,35996,14200,13426,27626,9415,8162,17577,5386,5660,11046,2709,5053,7762,674,2458,3132,110178,109906,220084
2021-03-15,5302,4965,10267,9630,9759,19389,21572,21647,43219,23005,21458,44463,18575,17555,36130,14276,13472,27748,9457,8200,17657,5414,5683,11097,2715,5061,7776,676,2468,3144,110622,110268,220890
2021-03-16,5316,4976,10292,9691,9804,19495,21644,21733,43377,23072,21525,44597,18670,17626,36296,14333,13523,27856,9482,8229,17711,5423,5695,11118,2726,5079,7805,679,2472,3151,111036,110662,221698
2021-03-17,5332,4991,10323,9756,9853,19609,21724,21814,43538,23162,21604,44766,18726,17695,36421,14372,13557,27929,9522,8263,17785,5447,5713,11160,2728,5083,7811,679,2474,3153,111448,111047,222495
2021-03-18,5348,5004,10352,9806,9906,19712,21801,21892,43693,23237,21690,44927,18787,17755,36542,14429,13609,28038,9551,8305,17856,5460,5746,11206,2735,5094,7829,679,2480,3159,111833,111481,223314
2021-03-19,5366,5023,10389,9858,9962,19820,21876,21982,43858,23331,21779,45110,18862,17838,36700,14478,13665,28143,9584,8341,17925,5487,5765,11252,2739,5107,7846,679,2481,3160,112260,111943,224203
2021-03-20,5372,5036,10408,9888,10000,19888,21936,22041,43977,23400,21839,45239,18938,17881,36819,14522,13706,28228,9615,8353,17968,5498,5781,11279,2743,5113,7856,679,2483,3162,112591,112233,224824
2021-03-21,5383,5050,10433,9925,10034,19959,21984,22097,44081,23477,21902,45379,19002,17942,36944,14556,13748,28304,9649,8386,18035,5519,5807,11326,2746,5122,7868,680,2483,3163,112921,112571,225492
2021-03-22,5400,5068,10468,9984,10091,20075,22087,22194,44281,23586,22014,45600,19091,18037,37128,14637,13823,28460,9686,8420,18106,5540,5825,11365,2754,5135,7889,681,2491,3172,113446,113098,226544
2021-03-23,5419,5081,10500,10036,10168,20204,22195,22310,44505,23708,22128,45836,19200,18137,37337,14717,13885,28602,9738,8478,18216,5566,5854,11420,2760,5151,7911,682,2496,3178,114021,113688,227709
2021-03-24,5436,5092,10528,10120,10240,20360,22300,22434,44734,23823,22232,46055,19311,18231,37542,14800,13963,28763,9792,8521,18313,5594,5879,11473,2769,5156,7925,685,2501,3186,114630,114249,228879
2021-03-25,5453,5111,10564,10191,10310,20501,22455,22577,45032,23954,22362,46316,19425,18344,37769,14877,14062,28939,9841,8578,18419,5626,5909,11535,2783,5171,7954,686,2504,3190,115291,114928,230219
2021-03-26,5483,5135,10618,10291,10381,20672,22598,22750,45348,24085,22489,46574,19561,18478,38039,14966,14152,29118,9891,8634,18525,5659,5946,11605,2793,5187,7980,686,2508,3194,116013,115660,231673
2021-03-27,5501,5153,10654,10359,10443,20802,22730,22878,45608,24195,22616,46811,19668,18598,38266,15051,14221,29272,9947,8692,18639,5686,5973,11659,2805,5200,8005,687,2511,3198,116629,116285,232914
2021-03-28,5521,5166,10687,10421,10511,20932,22837,22977,45814,24319,22732,47051,19785,18692,38477,15139,14296,29435,9995,8741,18736,5715,5998,11713,2813,5209,8022,688,2513,3201,117233,116835,234068
2021-03-29,5557,5195,10752,10520,10607,21127,23013,23153,46166,24467,22900,47367,19930,18835,38765,15272,14397,29669,10097,8792,18889,5757,6035,11792,2820,5222,8042,691,2518,3209,118124,117654,235778
2021-03-30,5578,5224,10802,10627,10699,21326,23217,23371,46588,24677,23070,47747,20097,18995,39092,15394,14518,29912,10172,8853,19025,5792,6079,11871,2832,5241,8073,698,2523,3221,119084,118573,237657
2021-03-31,5609,5251,10860,10737,10794,21531,23454,23596,47050,24893,23252,48145,20281,19152,39433,15501,14639,30140,10244,8922,19166,5822,6111,11933,2845,5259,8104,699,2530,3229,120085,119506,239591
2021-04-01,5629,5269,10898,10852,10919,21771,23714,23818,47532,25092,23450,48542,20412,19307,39719,15632,14747,30379,10332,9005,19337,5854,6146,12000,2856,5266,8122,702,2532,3234,121075,120459,241534
2021-04-02,5652,5299,10951,10959,11042,22001,23872,23982,47854,25271,23605,48876,20558,19440,39998,15730,14849,30579,10406,9067,19473,5890,6184,12074,2863,5277,8140,704,2533,3237,121905,121278,243183
2021-04-03,5673,5323,10996,11055,11132,22187,24027,24141,48168,25460,23792,49252,20725,19612,40337,15852,14962,30814,10481,9144,19625,5928,6221,12149,2877,5294,8171,707,2539,3246,122785,122160,244945
2021-04-04,5700,5344,11044,11161,11229,22390,24199,24327,48526,25639,23948,49587,20906,19757,40663,15967,15079,31046,10563,9212,19775,5956,6260,12216,2883,5306,8189,709,2542,3251,123683,123004,246687
2021-04-05,5739,5389,11128,11330,11387,22717,24493,24633,49126,25920,24259,50179,21127,19998,41125,16161,15278,31439,10683,9311,19994,6009,6320,12329,2897,5332,8229,709,2548,3257,125068,124455,249523
2021-04-06,5780,5424,11204,11470,11549,23019,24819,24916,49735,26198,24549,50747,21361,20242,41603,16346,15453,31799,10784,9405,20189,6055,6369,12424,2919,5348,8267,714,2554,3268,126446,125809,252255
2021-04-07,5821,5479,11300,11648,11722,23370,25159,25266,50425,26537,24796,51333,21614,20483,42097,16535,15617,32152,10883,9513,20396,6101,6413,12514,2938,5366,8304,717,2561,3278,127953,127216,255169
2021-04-08,5868,5530,11398,11812,11868,23680,25466,25575,51041,26806,25090,51896,21837,20723,42560,16735,15793,32528,10973,9599,20572,6154,6462,12616,2955,5389,8344,719,2564,3283,129325,128593,257918
2021-04-09,5925,5580,11505,11970,12006,23976,25728,25875,51603,27092,25372,52464,22078,20952,43030,16869,15955,32824,11051,9691,20742,6192,6504,12696,2974,5407,8381,723,2571,3294,130602,129913,260515
2021-04-10,5966,5611,11577,12105,12131,24236,25931,26135,52066,27303,25607,52910,22276,21139,43415,17000,16088,33088,11148,9776,20924,6237,6538,12775,2987,5427,8414,725,2577,3302,131678,131029,262707
2021-04-11,5995,5641,11636,12225,12285,24510,26086,26281,52367,27517,25823,53340,22456,21326,43782,17128,16216,33344,11243,9862,21105,6286,6591,12877,2998,5441,8439,727,2585,3312,132661,132051,264712
2021-04-12,6059,5685,11744,12401,12452,24853,26366,26530,52896,27840,26073,53913,22690,21578,44268,17317,16396,33713,11386,9986,21372,6361,6660,13021,3015,5466,8481,729,2590,3319,134164,133416,267580
2021-04-13,6105,5725,11830,12549,12586,25135,26604,26803,53407,28120,26323,54443,22940,21804,44744,17499,16577,34076,11511,10098,21609,6418,6724,13142,3035,5492,8527,734,2598,3332,135515,134730,270245
2021-04-14,6143,5787,11930,12705,12744,25449,26855,27104,53959,28392,26571,54963,23191,22061,45252,17714,16762,34476,11639,10241,21880,6490,6787,13277,3044,5514,8558,737,2608,3345,136910,136179,273089
2021-04-15,6190,5833,12023,12841,12854,25695,27090,27344,54434,28638,26824,55462,23419,22260,45679,17921,16922,34843,11752,10359,22111,6553,6844,13397,3057,5539,8596,740,2614,3354,138201,137393,275594
2021-04-16,6236,5875,12111,12991,12980,25971,27288,27588,54876,28922,27118,56040,23706,22514,46220,18116,17083,35199,11898,10482,22380,6617,6912,13529,3076,5561,8637,743,2622,3365,139593,138735,278328
2021-04-17,6273,5904,12177,13093,13102,26195,27484,27851,55335,29134,27359,56493,23936,22694,46630,18276,17235,35511,12014,10594,22608,6686,6985,13671,3086,5583,8669,746,2634,3380,140728,139941,280669
2021-04-18,6307,5945,12252,13186,13201,26387,27641,28021,55662,29346,27573,56919,24135,22878,47013,18450,17365,35815,12115,10688,22803,6738,7027,13765,3101,5602,8703,748,2641,3389,141767,140941,282708
2021-04-19,6352,5996,12348,13319,13327,26646,27914,28294,56208,29684,27863,57547,24407,23197,47604,18657,17561,36218,12271,10826,23097,6814,7088,13902,3119,5626,8745,749,2647,3396,143286,142425,285711
2021-04-20,6422,6054,12476,13452,13458,26910,28157,28552,56709,29982,28178,58160,24696,23470,48166,18875,17736,36611,12426,10954,23380,6873,7157,14030,3139,5662,8801,754,2651,3405,144776,143872,288648
2021-04-21,6467,6097,12564,13587,13599,27186,28395,28829,57224,30273,28462,58735,24981,23722,48703,19071,17919,36990,12563,11086,23649,6941,7226,14167,3169,5691,8860,756,2663,3419,146203,145294,291497
2021-04-22,6523,6150,12673,13721,13757,27478,28585,29020,57605,30544,28719,59263,25218,23949,49167,19239,18085,37324,12675,11200,23875,7000,7289,14289,3188,5716,8904,760,2674,3434,147453,146559,294012
2021-04-23,6583,6200,12783,13853,13898,27751,28817,29233,58050,30829,28984,59813,25455,24223,49678,19410,18265,37675,12790,11298,24088,7043,7359,14402,3203,5740,8943,764,2686,3450,148747,147886,296633
2021-04-24,6614,6233,12847,13943,13983,27926,28957,29395,58352,30997,29169,60166,25660,24421,50081,19571,18391,37962,12886,11370,24256,7076,7402,14478,3215,5767,8982,765,2697,3462,149684,148828,298512
2021-04-25,6656,6259,12915,14022,14065,28087,29084,29544,58628,31174,29350,60524,25836,24599,50435,19730,18514,38244,12967,11454,24421,7115,7442,14557,3226,5785,9011,766,2698,3464,150576,149710,300286
2021-04-26,6719,6296,13015,14115,14182,28297,29272,29765,59037,31449,29595,61044,26066,24843,50909,19914,18669,38583,13077,11562,24639,7165,7512,14677,3239,5809,9048,770,2705,3475,151786,150938,302724
2021-04-27,6771,6355,13126,14234,14307,28541,29457,29972,59429,31690,29857,61547,26272,25079,51351,20065,18835,38900,13189,11657,24846,7233,7580,14813,3264,5834,9098,775,2708,3483,152950,152184,305134
2021-04-28,6848,6395,13243,14371,14429,28800,29646,30148,59794,31929,30090,62019,26484,25307,51791,20230,19012,39242,13313,11762,25075,7291,7627,14918,3279,5857,9136,779,2717,3496,154170,153344,307514
2021-04-29,6894,6442,13336,14491,14559,29050,29856,30366,60222,32132,30334,62466,26697,25509,52206,20380,19162,39542,13419,11870,25289,7343,7684,15027,3297,5875,9172,781,2722,3503,155290,154523,309813
2021-04-30,6963,6500,13463,14604,14675,29279,30041,30582,60623,32347,30586,62933,26913,25720,52633,20540,19319,39859,13528,12003,25531,7399,7748,15147,3314,5893,9207,787,2730,3517,156436,155756,312192
2021-05-01,7005,6530,13535,14681,14745,29426,30165,30706,60871,32503,30758,63261,27057,25874,52931,20650,19425,40075,13625,12084,25709,7433,7789,15222,3321,5915,9236,787,2736,3523,157227,156562,313789
2021-05-02,7033,6560,13593,14754,14817,29571,30269,30830,61099,32642,30917,63559,27219,26027,53246,20761,19550,40311,13711,12163,25874,7469,7833,15302,3333,5933,9266,788,2740,3528,157979,157370,315349
2021-05-03,7102,6614,13716,14866,14947,29813,30468,31035,61503,32916,31182,64098,27464,26268,53732,20945,19747,40692,13848,12281,26129,7516,7892,15408,3357,5964,9321,794,2752,3546,159276,158682,317958
2021-05-04,7151,6678,13829,14977,15065,30042,30683,31217,61900,33160,31418,64578,27675,26465,54140,21117,19896,41013,13967,12371,26338,7560,7940,15500,3377,5984,9361,797,2765,3562,160464,159799,320263
2021-05-05,7201,6733,13934,15082,15156,30238,30866,31394,62260,33365,31628,64993,27850,26666,54516,21254,20065,41319,14061,12460,26521,7589,7991,15580,3392,6008,9400,802,2773,3575,161462,160874,322336
2021-05-06,7246,6780,14026,15161,15247,30408,31020,31584,62604,33551,31809,65360,28011,26835,54846,21390,20187,41577,14151,12544,26695,7630,8032,15662,3401,6030,9431,802,2784,3586,162363,161832,324195
2021-05-07,7288,6834,14122,15285,15354,30639,31176,31768,62944,33740,31996,65736,28177,27004,55181,21523,20327,41850,14246,12648,26894,7674,8074,15748,3420,6050,9470,805,2792,3597,163334,162847,326181
2021-05-08,7322,6855,14177,15357,15430,30787,31309,31891,63200,33890,32142,66032,28313,27175,55488,21639,20433,42072,14318,12715,27033,7712,8106,15818,3430,6069,9499,813,2805,3618,164103,163621,327724
2021-05-09,7355,6891,14246,15424,15497,30921,31417,31985,63402,34019,32285,66304,28449,27313,55762,21725,20517,42242,14392,12787,27179,7743,8137,15880,3441,6085,9526,817,2815,3632,164782,164312,329094
2021-05-10,7405,6949,14354,15561,15621,31182,31614,32219,63833,34265,32538,66803,28680,27543,56223,21915,20714,42629,14512,12915,27427,7807,8192,15999,3463,6126,9589,821,2825,3646,166043,165642,331685
2021-05-11,7463,7003,14466,15673,15718,31391,31796,32439,64235,34509,32769,67278,28900,27770,56670,22077,20875,42952,14612,13012,27624,7854,8236,16090,3474,6155,9629,830,2838,3668,167188,166815,334003
2021-05-12,7520,7063,14583,15767,15822,31589,31994,32641,64635,34752,33013,67765,29125,27979,57104,22237,21042,43279,14720,13097,27817,7900,8284,16184,3490,6188,9678,837,2848,3685,168342,167977,336319
2021-05-13,7584,7092,14676,15865,15920,31785,32162,32811,64973,34957,33210,68167,29316,28166,57482,22389,21204,43593,14793,13175,27968,7943,8331,16274,3504,6209,9713,842,2858,3700,169355,168976,338331
2021-05-14,7655,7149,14804,15985,16062,32047,32357,33040,65397,35206,33504,68710,29566,28391,57957,22573,21376,43949,14880,13291,28171,8002,8395,16397,3523,6231,9754,844,2866,3710,170591,170305,340896
2021-05-15,7717,7190,14907,16085,16179,32264,32507,33194,65701,35386,33673,69059,29759,28577,58336,22714,21518,44232,14966,13358,28324,8034,8440,16474,3537,6253,9790,845,2874,3719,171550,171256,342806
2021-05-16,7750,7232,14982,16158,16254,32412,32632,33347,65979,35569,33854,69423,29954,28759,58713,22847,21624,44471,15046,13430,28476,8072,8483,16555,3548,6265,9813,848,2886,3734,172424,172134,344558
2021-05-17,7836,7291,15127,16316,16414,32730,32890,33613,66503,35882,34148,70030,30247,29084,59331,23062,21865,44927,15181,13541,28722,8134,8558,16692,3582,6305,9887,855,2900,3755,173985,173719,347704
2021-05-18,7918,7359,15277,16471,16540,33011,33140,33886,67026,36199,34438,70637,30494,29342,59836,23256,22078,45334,15300,13659,28959,8198,8611,16809,3602,6337,9939,858,2921,3779,175436,175171,350607
2021-05-19,7991,7430,15421,16627,16691,33318,33401,34170,67571,36501,34732,71233,30788,29606,60394,23444,22259,45703,15423,13756,29179,8248,8679,16927,3622,6370,9992,860,2928,3788,176905,176621,353526
2021-05-20,8057,7485,15542,16761,16832,33593,33653,34457,68110,36777,35006,71783,31021,29855,60876,23612,22414,46026,15518,13859,29377,8310,8737,17047,3640,6417,10057,862,2935,3797,178211,177997,356208
2021-05-21,8120,7555,15675,16894,16958,33852,33871,34700,68571,37017,35273,72290,31261,30088,61349,23805,22599,46404,15609,13951,29560,8350,8784,17134,3662,6451,10113,866,2942,3808,179455,179301,358756
2021-05-22,8168,7585,15753,16967,17052,34019,34013,34850,68863,37230,35460,72690,31423,30254,61677,23946,22742,46688,15692,14024,29716,8379,8823,17202,3676,6486,10162,870,2959,3829,180364,180235,360599
2021-05-23,8194,7618,15812,17049,17158,34207,34175,34981,69156,37410,35635,73045,31607,30407,62014,24097,22866,46963,15775,14073,29848,8413,8859,17272,3696,6507,10203,872,2966,3838,181288,181070,362358
2021-05-24,8249,7646,15895,17155,17281,34436,34382,35188,69570,37677,35880,73557,31880,30661,62541,24282,23040,47322,15883,14156,30039,8450,8902,17352,3718,6535,10253,874,2975,3849,182550,182264,364814
2021-05-25,8295,7687,15982,17265,17375,34640,34572,35393,69965,37937,36119,74056,32134,30890,63024,24443,23207,47650,15969,14223,30192,8486,8947,17433,3736,6569,10305,874,2982,3856,183711,183392,367103
2021-05-26,8354,7753,16107,17406,17505,34911,34814,35659,70473,38242,36392,74634,32408,31166,63574,24655,23391,48046,16084,14337,30421,8542,9010,17552,3759,6610,10369,878,2999,3877,185142,184822,369964
2021-05-27,8422,7813,16235,17521,17633,35154,35040,35887,70927,38514,36658,75172,32651,31423,64074,24851,23571,48422,16189,14430,30619,8591,9058,17649,3780,6645,10425,882,3016,3898,186441,186134,372575
2021-05-28,8481,7864,16345,17670,17753,35423,35246,36109,71355,38741,36928,75669,32893,31644,64537,25031,23738,48769,16277,14534,30811,8629,9099,17728,3796,6685,10481,890,3027,3917,187654,187381,375035
2021-05-29,8534,7914,16448,17762,17852,35614,35380,36271,71651,38920,37109,76029,33054,31816,64870,25141,23879,49020,16356,14610,30966,8667,9143,17810,3815,6701,10516,891,3037,3928,188520,188332,376852
2021-05-30,8564,7941,16505,17836,17922,35758,35501,36407,71908,39059,37251,76310,33202,31971,65173,25220,23979,49199,16406,14658,31064,8691,9173,17864,3827,6722,10549,891,3039,3930,189197,189063,378260
2021-05-31,8619,7999,16618,17952,18044,35996,35690,36598,72288,39281,37490,76771,33386,32215,65601,25376,24140,49516,16489,14749,31238,8741,9225,17966,3848,6747,10595,892,3051,3943,190274,190258,380532
2021-06-01,8664,8050,16714,18047,18140,36187,35867,36780,72647,39480,37681,77161,33563,32419,65982,25525,24261,49786,16565,14822,31387,8776,9278,18054,3861,6774,10635,899,3062,3961,191247,191267,382514
2021-06-02,8704,8092,16796,18142,18217,36359,35996,36927,72923,39648,37851,77499,33707,32573,66280,25633,24368,50001,16635,14893,31528,8815,9321,18136,3877,6802,10679,905,3072,3977,192062,192116,384178
2021-06-03,8754,8136,16890,18239,18314,36553,36153,37089,73242,39811,38025,77836,33860,32720,66580,25734,24500,50234,16694,14950,31644,8853,9360,18213,3888,6828,10716,908,3084,3992,192894,193006,385900
2021-06-04,8808,8191,16999,18326,18424,36750,36292,37247,73539,40002,38193,78195,34006,32861,66867,25840,24634,50474,16748,15017,31765,8887,9398,18285,3898,6852,10750,910,3093,4003,193717,193910,387627
2021-06-05,8844,8230,17074,18388,18487,36875,36397,37343,73740,40142,38315,78457,34133,32991,67124,25935,24717,50652,16804,15062,31866,8908,9431,18339,3912,6886,10798,917,3109,4026,194380,194571,388951
2021-06-06,8884,8262,17146,18449,18536,36985,36487,37448,73935,40257,38428,78685,34265,33106,67371,26008,24795,50803,16843,15103,31946,8934,9457,18391,3921,6908,10829,921,3115,4036,194969,195158,390127
2021-06-07,8926,8304,17230,18548,18622,37170,36655,37602,74257,40430,38620,79050,34433,33292,67725,26142,24929,51071,16915,15154,32069,8972,9506,18478,3951,6930,10881,924,3126,4050,195896,196085,391981
2021-06-08,8969,8354,17323,18659,18700,37359,36803,37726,74529,40551,38785,79336,34585,33450,68035,26263,25034,51297,16966,15216,32182,9003,9541,18544,3967,6953,10920,926,3135,4061,196692,196894,393586
2021-06-09,9014,8387,17401,18741,18792,37533,36936,37858,74794,40702,38932,79634,34740,33583,68323,26379,25141,51520,17022,15261,32283,9040,9564,18604,3992,6970,10962,927,3141,4068,197493,197629,395122
2021-06-10,9058,8437,17495,18831,18900,37731,37097,38011,75108,40868,39094,79962,34909,33741,68650,26494,25246,51740,17079,15320,32399,9072,9600,18672,4005,6989,10994,932,3150,4082,198345,198488,396833
2021-06-11,9106,8474,17580,18919,18977,37896,37250,38137,75387,41019,39247,80266,35030,33897,68927,26595,25351,51946,17137,15381,32518,9102,9634,18736,4018,7019,11037,937,3159,4096,199113,199276,398389
2021-06-12,9142,8506,17648,18972,19036,38008,37329,38226,75555,41113,39350,80463,35131,33997,69128,26662,25409,52071,17165,15420,32585,9126,9654,18780,4025,7029,11054,939,3168,4107,199604,199795,399399
2021-06-13,9182,8544,17726,19017,19102,38119,37419,38319,75738,41206,39460,80666,35238,34086,69324,26734,25471,52205,17202,15458,32660,9147,9679,18826,4037,7051,11088,940,3176,4116,200122,200346,400468
2021-06-14,9230,8596,17826,19103,19197,38300,37566,38458,76024,41390,39663,81053,35413,34220,69633,26832,25550,52382,17260,15528,32788,9176,9722,18898,4049,7081,11130,943,3183,4126,200962,201198,402160
2021-06-15,9274,8627,17901,19195,19268,38463,37686,38585,76271,41529,39786,81315,35541,34366,69907,26922,25636,52558,17319,15575,32894,9207,9763,18970,4062,7107,11169,947,3201,4148,201682,201914,403596
2021-06-16,9314,8667,17981,19255,19343,38598,37805,38698,76503,41658,39929,81587,35671,34483,70154,26995,25708,52703,17365,15621,32986,9236,9781,19017,4069,7116,11185,951,3206,4157,202319,202552,404871
2021-06-17,9346,8697,18043,19336,19415,38751,37909,38799,76708,41796,40066,81862,35791,34631,70422,27077,25780,52857,17421,15681,33102,9272,9820,19092,4084,7141,11225,953,3214,4167,202985,203244,406229
2021-06-18,9382,8738,18120,19401,19483,38884,38006,38906,76912,41926,40179,82105,35889,34737,70626,27152,25855,53007,17460,15724,33184,9300,9854,19154,4087,7158,11245,956,3218,4174,203559,203852,407411
2021-06-19,9417,8770,18187,19447,19535,38982,38063,38972,77035,42014,40268,82282,35961,34824,70785,27210,25907,53117,17489,15757,33246,9322,9881,19203,4095,7169,11264,957,3219,4176,203975,204302,408277
2021-06-20,9436,8786,18222,19495,19581,39076,38119,39042,77161,42101,40342,82443,36036,34897,70933,27267,25951,53218,17508,15780,33288,9332,9893,19225,4101,7177,11278,960,3221,4181,204355,204670,409025
2021-06-21,9469,8819,18288,19555,19633,39188,38203,39119,77322,42196,40479,82675,36133,34986,71119,27319,26019,53338,17543,15812,33355,9353,9911,19264,4106,7188,11294,961,3226,4187,204838,205192,410030
2021-06-22,9518,8873,18391,19646,19720,39366,38315,39259,77574,42360,40653,83013,36284,35140,71424,27405,26100,53505,17602,15867,33469,9383,9941,19324,4117,7201,11318,961,3230,4191,205591,205984,411575
2021-06-23,9566,8913,18479,19721,19801,39522,38439,39371,77810,42482,40785,83267,36422,35253,71675,27485,26168,53653,17656,15903,33559,9409,9965,19374,4125,7209,11334,961,3233,4194,206266,206601,412867
2021-06-24,9612,8948,18560,19791,19878,39669,38553,39505,78058,42641,40943,83584,36545,35388,71933,27572,26258,53830,17700,15948,33648,9434,10005,19439,4135,7224,11359,966,3237,4203,206949,207334,414283
2021-06-25,9659,8997,18656,19890,19960,39850,38662,39663,78325,42794,41095,83889,36663,35519,72182,27657,26338,53995,17752,16013,33765,9457,10043,19500,4142,7244,11386,968,3242,4210,207644,208114,415758
2021-06-26,9688,9030,18718,19954,20016,39970,38740,39752,78492,42900,41180,84080,36753,35606,72359,27715,26411,54126,17787,16038,33825,9476,10062,19538,4148,7257,11405,969,3249,4218,208130,208601,416731
2021-06-27,9714,9058,18772,19999,20066,40065,38808,39823,78631,42982,41265,84247,36838,35687,72525,27752,26451,54203,17818,16067,33885,9487,10079,19566,4150,7264,11414,970,3253,4223,208518,209013,417531
2021-06-28,9757,9107,18864,20062,20138,40200,38913,39918,78831,43101,41400,84501,36957,35802,72759,27805,26514,54319,17870,16102,33972,9509,10100,19609,4157,7277,11434,970,3259,4229,209101,209617,418718
2021-06-29,9788,9150,18938,20132,20198,40330,38998,40011,79009,43227,41512,84739,37051,35916,72967,27862,26571,54433,17904,16146,34050,9532,10128,19660,4165,7291,11456,972,3265,4237,209631,210188,419819
2021-06-30,9821,9190,19011,20220,20267,40487,39089,40113,79202,43346,41624,84970,37135,36025,73160,27924,26627,54551,17934,16183,34117,9554,10161,19715,4173,7303,11476,974,3267,4241,210170,210760,420930
2021-07-01,9851,9214,19065,20294,20332,40626,39192,40230,79422,43451,41734,85185,37227,36115,73342,27990,26704,54694,17973,16225,34198,9575,10181,19756,4179,7313,11492,974,3270,4244,210706,211318,422024
2021-07-02,9892,9250,19142,20368,20401,40769,39269,40318,79587,43560,41854,85414,37338,36204,73542,28052,26762,54814,18003,16261,34264,9594,10208,19802,4184,7321,11505,974,3274,4248,211234,211853,423087
2021-07-03,9922,9273,19195,20413,20446,40859,39331,40398,79729,43633,41932,85565,37420,36265,73685,28093,26810,54903,18034,16292,34326,9604,10222,19826,4189,7327,11516,974,3277,4251,211613,212242,423855
2021-07-04,9946,9285,19231,20437,20490,40927,39409,40443,79852,43707,41987,85694,37481,36321,73802,28134,26854,54988,18056,16313,34369,9622,10235,19857,4194,7332,11526,974,3281,4255,211960,212541,424501
2021-07-05,9989,9313,19302,20501,20558,41059,39506,40535,80041,43847,42098,85945,37590,36424,74014,28191,26917,55108,18099,16353,34452,9649,10262,19911,4202,7341,11543,977,3283,4260,212551,213084,425635
2021-07-06,10026,9349,19375,20568,20605,41173,39598,40632,80230,43963,42197,86160,37688,36528,74216,28246,26953,55199,18134,16388,34522,9675,10284,19959,4210,7351,11561,981,3284,4265,213089,213571,426660
2021-07-07,10064,9381,19445,20626,20666,41292,39699,40718,80417,44070,42294,86364,37770,36608,74378,28295,26999,55294,18157,16409,34566,9693,10309,20002,4224,7356,11580,982,3284,4266,213580,214024,427604
2021-07-08,10100,9412,19512,20700,20731,41431,39811,40829,80640,44185,42430,86615,37873,36690,74563,28341,27077,55418,18193,16438,34631,9709,10327,20036,4227,7363,11590,984,3287,4271,214123,214584,428707
2021-07-09,10128,9429,19557,20761,20780,41541,39885,40906,80791,44260,42504,86764,37940,36765,74705,28373,27121,55494,18214,16461,34675,9723,10341,20064,4229,7367,11596,985,3288,4273,214498,214962,429460
2021-07-10,10155,9448,19603,20801,20824,41625,39956,40990,80946,44323,42580,86903,38019,36841,74860,28421,27174,55595,18237,16492,34729,9747,10367,20114,4232,7377,11609,987,3290,4277,214878,215383,430261
2021-07-11,10170,9472,19642,20849,20864,41713,40006,41062,81068,44403,42656,87059,38082,36905,74987,28456,27205,55661,18259,16514,34773,9758,10380,20138,4235,7381,11616,987,3290,4277,215205,215729,430934
2021-07-12,10205,9505,19710,20908,20918,41826,40107,41165,81272,44514,42766,87280,38173,37000,75173,28520,27270,55790,18299,16545,34844,9790,10406,20196,4240,7390,11630,987,3292,4279,215743,216257,432000
2021-07-13,10235,9543,19778,20972,20970,41942,40199,41261,81460,44586,42854,87440,38247,37086,75333,28569,27307,55876,18332,16570,34902,9808,10425,20233,4247,7402,11649,989,3299,4288,216184,216717,432901
2021-07-14,10267,9565,19832,21031,21025,42056,40298,41361,81659,44671,42955,87626,38312,37166,75478,28620,27361,55981,18361,16600,34961,9830,10441,20271,4248,7411,11659,989,3304,4293,216627,217189,433816
2021-07-15,10291,9585,19876,21096,21090,42186,40400,41466,81866,44769,43046,87815,38390,37245,75635,28665,27406,56071,18389,16633,35022,9843,10461,20304,4252,7414,11666,990,3306,4296,217085,217652,434737
2021-07-16,10327,9605,19932,21150,21144,42294,40488,41557,82045,44860,43149,88009,38454,37319,75773,28695,27457,56152,18420,16669,35089,9865,10488,20353,4254,7428,11682,991,3307,4298,217504,218123,435627
2021-07-17,10358,9621,19979,21196,21189,42385,40566,41614,82180,44925,43217,88142,38499,37386,75885,28734,27492,56226,18438,16687,35125,9877,10505,20382,4260,7429,11689,992,3308,4300,217845,218448,436293
2021-07-18,10368,9634,20002,21231,21224,42455,40619,41664,82283,44969,43274,88243,38543,37428,75971,28751,27518,56269,18454,16700,35154,9886,10515,20401,4269,7435,11704,992,3308,4300,218082,218700,436782
2021-07-19,10383,9659,20042,21284,21270,42554,40701,41748,82449,45055,43354,88409,38620,37502,76122,28796,27564,56360,18477,16725,35202,9896,10534,20430,4273,7441,11714,994,3311,4305,218479,219108,437587
2021-07-20,10404,9688,20092,21327,21306,42633,40762,41829,82591,45122,43433,88555,38687,37559,76246,28834,27601,56435,18498,16743,35241,9910,10544,20454,4277,7447,11724,994,3312,4306,218815,219462,438277
2021-07-21,10431,9704,20135,21370,21367,42737,40839,41906,82745,45191,43499,88690,38729,37637,76366,28880,27647,56527,18521,16765,35286,9919,10559,20478,4280,7450,11730,996,3312,4308,219156,219846,439002
2021-07-22,10446,9721,20167,21423,21417,42840,40920,41972,82892,45268,43585,88853,38791,37690,76481,28914,27694,56608,18567,16785,35352,9937,10568,20505,4283,7457,11740,998,3312,4310,219547,220201,439748
2021-07-23,10462,9739,20201,21477,21474,42951,41009,42059,83068,45343,43657,89000,38852,37756,76608,28953,27726,56679,18595,16815,35410,9947,10587,20534,4285,7465,11750,999,3313,4312,219922,220591,440513
2021-07-24,10475,9748,20223,21518,21516,43034,41070,42106,83176,45399,43716,89115,38899,37812,76711,28977,27758,56735,18620,16832,35452,9958,10594,20552,4287,7468,11755,999,3314,4313,220202,220864,441066
2021-07-25,10484,9759,20243,21551,21554,43105,41118,42164,83282,45457,43764,89221,38941,37853,76794,29001,27784,56785,18640,16840,35480,9970,10605,20575,4289,7474,11763,999,3317,4316,220450,221114,441564
2021-07-26,10505,9776,20281,21606,21605,43211,41216,42272,83488,45544,43839,89383,39001,37925,76926,29042,27830,56872,18668,16867,35535,9990,10625,20615,4294,7484,11778,999,3318,4317,220865,221541,442406
2021-07-27,10524,9787,20311,21647,21656,43303,41290,42361,83651,45629,43915,89544,39058,37978,77036,29080,27869,56949,18691,16883,35574,10000,10638,20638,4294,7488,11782,1000,3319,4319,221213,221894,443107
2021-07-28,10537,9804,20341,21692,21702,43394,41344,42433,83777,45688,43980,89668,39103,38031,77134,29106,27899,57005,18706,16905,35611,10009,10649,20658,4296,7490,11786,1000,3321,4321,221481,222214,443695
2021-07-29,10564,9816,20380,21738,21739,43477,41421,42497,83918,45745,44047,89792,39142,38080,77222,29134,27936,57070,18727,16927,35654,10016,10658,20674,4300,7498,11798,1002,3323,4325,221789,222521,444310
2021-07-30,10590,9833,20423,21788,21798,43586,41485,42566,84051,45796,44119,89915,39200,38140,77340,29176,27970,57146,18753,16958,35711,10025,10673,20698,4303,7510,11813,1004,3325,4329,222120,222892,445012
2021-07-31,10604,9856,20460,21819,21838,43657,41531,42618,84149,45834,44178,90012,39242,38179,77421,29214,28006,57220,18766,16971,35737,10041,10681,20722,4304,7513,11817,1004,3326,4330,222359,223166,445525
2021-08-01,10620,9869,20489,21850,21875,43725,41570,42656,84226,45883,44226,90109,39288,38231,77519,29243,28044,57287,18788,16985,35773,10049,10692,20741,4308,7518,11826,1005,3326,4331,222604,223422,446026
2021-08-02,10646,9894,20540,21925,21955,43880,41644,42740,84384,45945,44288,90233,39351,38306,77657,29301,28092,57393,18814,17012,35826,10060,10715,20775,4310,7524,11834,1006,3329,4335,223002,223855,446857
2021-08-03,10663,9909,20572,21985,22030,44015,41727,42799,84526,46011,44352,90363,39418,38364,77782,29339,28128,57467,18838,17035,35873,10075,10734,20809,4315,7528,11843,1006,3331,4337,223377,224210,447587
2021-08-04,10689,9920,20609,22029,22071,44100,41810,42868,84678,46066,44425,90491,39457,38417,77874,29378,28168,57546,18852,17055,35907,10093,10745,20838,4321,7530,11851,1008,3332,4340,223703,224531,448234
2021-08-05,10708,9934,20642,22087,22149,44236,41879,42944,84823,46135,44491,90626,39509,38470,77979,29424,28208,57632,18874,17075,35949,10102,10763,20865,4325,7537,11862,1011,3337,4348,224054,224908,448962
2021-08-06,10721,9961,20682,22143,22224,44367,41939,43028,84967,46205,44547,90752,39568,38535,78103,29466,28255,57721,18901,17098,35999,10120,10778,20898,4328,7542,11870,1011,3337,4348,224402,225305,449707
2021-08-07,10736,9976,20712,22176,22256,44432,41977,43083,85060,46244,44591,90835,39605,38577,78182,29495,28276,57771,18911,17118,36029,10126,10787,20913,4328,7545,11873,1012,3337,4349,224610,225546,450156
2021-08-08,10746,9999,20745,22204,22291,44495,42014,43122,85136,46285,44631,90916,39641,38615,78256,29517,28303,57820,18923,17133,36056,10130,10796,20926,4328,7546,11874,1012,3337,4349,224800,225773,450573
2021-08-09,10759,10026,20785,22251,22339,44590,42069,43178,85247,46339,44675,91014,39678,38653,78331,29559,28334,57893,18943,17150,36093,10138,10811,20949,4332,7549,11881,1012,3337,4349,225080,226052,451132
2021-08-10,10789,10046,20835,22294,22400,44694,42121,43226,85347,46384,44732,91116,39709,38695,78404,29593,28364,57957,18965,17178,36143,10148,10820,20968,4335,7551,11886,1012,3338,4350,225350,226350,451700
2021-08-11,10809,10066,20875,22339,22453,44792,42179,43286,85465,46425,44776,91201,39746,38737,78483,29615,28415,58030,18983,17196,36179,10159,10831,20990,4336,7557,11893,1012,3339,4351,225603,226656,452259
2021-08-12,10830,10086,20916,22389,22512,44901,42226,43330,85556,46472,44828,91300,39787,38766,78553,29637,28437,58074,18995,17217,36212,10167,10848,21015,4338,7565,11903,1012,3339,4351,225853,226928,452781
2021-08-13,10849,10114,20963,22439,22563,45002,42268,43361,85629,46515,44872,91387,39824,38805,78629,29659,28465,58124,19008,17230,36238,10171,10857,21028,4340,7573,11913,1013,3343,4356,226086,227183,453269
2021-08-14,10863,10126,20989,22471,22591,45062,42294,43395,85689,46556,44921,91477,39840,38829,78669,29681,28486,58167,19024,17237,36261,10181,10864,21045,4341,7575,11916,1013,3343,4356,226264,227367,453631
2021-08-15,10876,10135,21011,22491,22623,45114,42309,43427,85736,46586,44948,91534,39864,38850,78714,29707,28505,58212,19036,17242,36278,10191,10867,21058,4341,7576,11917,1014,3343,4357,226415,227516,453931
2021-08-16,10895,10144,21039,22524,22653,45177,42339,43465,85804,46613,44985,91598,39897,38881,78778,29725,28519,58244,19041,17254,36295,10193,10874,21067,4344,7579,11923,1014,3343,4357,226585,227697,454282
2021-08-17,10914,10159,21073,22587,22701,45288,42389,43512,85901,46655,45024,91679,39952,38926,78878,29742,28537,58279,19056,17270,36326,10201,10885,21086,4348,7585,11933,1014,3344,4358,226858,227943,454801
2021-08-18,10939,10180,21119,22644,22738,45382,42439,43550,85989,46700,45075,91775,39980,38967,78947,29772,28562,58334,19075,17289,36364,10207,10894,21101,4349,7589,11938,1014,3344,4358,227119,228188,455307
2021-08-19,10960,10193,21153,22699,22782,45481,42481,43584,86065,46738,45114,91852,40009,39006,79015,29786,28585,58371,19093,17301,36394,10212,10898,21110,4350,7593,11943,1014,3344,4358,227342,228400,455742
2021-08-20,10986,10213,21199,22741,22836,45577,42516,43619,86135,46773,45160,91933,40038,39056,79094,29810,28607,58417,19110,17322,36432,10223,10909,21132,4353,7603,11956,1015,3345,4360,227565,228670,456235
2021-08-21,10993,10222,21215,22772,22863,45635,42538,43650,86188,46796,45188,91984,40062,39091,79153,29826,28626,58452,19114,17326,36440,10227,10916,21143,4354,7605,11959,1015,3346,4361,227697,228833,456530
2021-08-22,11009,10240,21249,22792,22885,45677,42562,43668,86230,46816,45210,92026,40084,39117,79201,29838,28642,58480,19121,17331,36452,10233,10921,21154,4355,7608,11963,1015,3349,4364,227825,228971,456796
2021-08-23,11024,10256,21280,22825,22914,45739,42591,43697,86288,46856,45242,92098,40110,39149,79259,29855,28655,58510,19131,17345,36476,10243,10923,21166,4356,7610,11966,1017,3349,4366,228008,229140,457148
2021-08-24,11038,10273,21311,22864,22945,45809,42614,43728,86342,46886,45283,92169,40135,39174,79309,29871,28675,58546,19139,17352,36491,10252,10930,21182,4360,7613,11973,1017,3351,4368,228176,229324,457500
2021-08-25,11051,10288,21339,22902,22969,45871,42649,43752,86401,46908,45311,92219,40158,39217,79375,29887,28698,58585,19146,17359,36505,10255,10938,21193,4361,7617,11978,1018,3351,4369,228335,229500,457835
2021-08-26,11067,10309,21376,22939,22997,45936,42676,43794,86470,46933,45343,92276,40185,39238,79423,29900,28711,58611,19162,17361,36523,10261,10941,21202,4363,7622,11985,1019,3352,4371,228505,229668,458173
2021-08-27,11080,10324,21404,22980,23034,46014,42711,43822,86533,46954,45365,92319,40206,39267,79473,29915,28725,58640,19169,17368,36537,10262,10948,21210,4363,7632,11995,1020,3354,4374,228660,229839,458499
2021-08-28,11091,10333,21424,23000,23056,46056,42732,43850,86582,46968,45383,92351,40224,39285,79509,29932,28739,58671,19179,17373,36552,10268,10948,21216,4364,7632,11996,1020,3354,4374,228778,229953,458731
2021-08-29,11098,10348,21446,23031,23083,46114,42753,43870,86623,46993,45402,92395,40240,39302,79542,29941,28750,58691,19180,17379,36559,10269,10953,21222,4364,7632,11996,1020,3354,4374,228889,230073,458962
2021-08-30,11110,10363,21473,23061,23126,46187,42782,43900,86682,47018,45425,92443,40259,39338,79597,29952,28763,58715,19185,17390,36575,10274,10956,21230,4364,7634,11998,1021,3357,4378,229026,230252,459278
2021-08-31,11121,10372,21493,23100,23153,46253,42800,43930,86730,47053,45442,92495,40284,39369,79653,29962,28781,58743,19198,17397,36595,10278,10965,21243,4368,7636,12004,1021,3359,4380,229185,230404,459589
2021-09-01,11134,10389,21523,23138,23180,46318,42822,43958,86780,47076,45469,92545,40303,39400,79703,29973,28798,58771,19199,17408,36607,10284,10970,21254,4368,7639,12007,1021,3361,4382,229318,230572,459890
2021-09-02,11143,10403,21546,23162,23217,46379,42845,43984,86829,47099,45491,92590,40325,39424,79749,29987,28811,58798,19204,17413,36617,10286,10975,21261,4368,7643,12011,1022,3361,4383,229441,230722,460163
2021-09-03,11157,10422,21579,23197,23247,46444,42867,44001,86868,47113,45518,92631,40344,39455,79799,30002,28828,58830,19216,17422,36638,10294,10983,21277,4369,7646,12015,1022,3364,4386,229581,230886,460467
2021-09-04,11163,10431,21594,23210,23259,46469,42875,44014,86889,47127,45529,92656,40349,39470,79819,30004,28839,58843,19220,17424,36644,10296,10987,21283,4370,7651,12021,1022,3364,4386,229636,230968,460604
2021-09-05,11178,10446,21624,23230,23270,46500,42882,44023,86905,47143,45542,92685,40368,39481,79849,30010,28846,58856,19224,17426,36650,10297,10990,21287,4372,7652,12024,1022,3364,4386,229726,231040,460766
2021-09-06,11195,10458,21653,23255,23288,46543,42900,44043,86943,47168,45565,92733,40394,39499,79893,30019,28861,58880,19231,17432,36663,10302,10992,21294,4372,7653,12025,1022,3364,4386,229858,231155,461013
2021-09-07,11206,10471,21677,23273,23308,46581,42912,44059,86971,47189,45589,92778,40410,39511,79921,30027,28869,58896,19240,17436,36676,10303,10995,21298,4374,7655,12029,1022,3364,4386,229956,231257,461213
2021-09-08,11223,10485,21708,23293,23328,46621,42922,44076,86998,47205,45606,92811,40427,39528,79955,30036,28872,58908,19245,17438,36683,10306,11000,21306,4374,7656,12030,1022,3365,4387,230053,231354,461407
2021-09-09,11235,10495,21730,23310,23344,46654,42935,44090,87025,47222,45626,92848,40442,39543,79985,30050,28885,58935,19249,17440,36689,10308,11005,21313,4375,7657,12032,1022,3365,4387,230148,231450,461598
2021-09-10,11255,10510,21765,23327,23365,46692,42947,44102,87049,47252,45651,92903,40466,39562,80028,30061,28898,58959,19254,17444,36698,10310,11007,21317,4376,7658,12034,1022,3365,4387,230270,231562,461832
2021-09-11,11263,10517,21780,23341,23375,46716,42959,44110,87069,47264,45668,92932,40480,39579,80059,30068,28905,58973,19260,17447,36707,10310,11008,21318,4376,7658,12034,1022,3365,4387,230343,231632,461975
2021-09-12,11271,10530,21801,23353,23393,46746,42967,44122,87089,47275,45679,92954,40489,39590,80079,30070,28914,58984,19264,17449,36713,10310,11009,21319,4379,7659,12038,1022,3365,4387,230400,231710,462110
2021-09-13,11293,10545,21838,23378,23410,46788,42981,44136,87117,47291,45696,92987,40503,39609,80112,30078,28924,59002,19268,17458,36726,10313,11012,21325,4380,7663,12043,1022,3366,4388,230507,231819,462326
2021-09-14,11308,10558,21866,23392,23431,46823,42991,44146,87137,47302,45710,93012,40518,39625,80143,30086,28936,59022,19271,17460,36731,10319,11019,21338,4380,7663,12043,1022,3366,4388,230589,231914,462503
2021-09-15,11318,10575,21893,23410,23452,46862,43002,44150,87152,47319,45723,93042,40532,39646,80178,30091,28945,59036,19275,17465,36740,10323,11026,21349,4380,7663,12043,1022,3366,4388,230672,232011,462683
2021-09-16,11333,10590,21923,23432,23473,46905,43014,44158,87172,47332,45735,93067,40541,39662,80203,30097,28952,59049,19280,17469,36749,10326,11030,21356,4382,7663,12045,1022,3366,4388,230759,232098,462857
2021-09-17,11345,10604,21949,23442,23486,46928,43027,44169,87196,47346,45754,93100,40557,39677,80234,30107,28965,59072,19283,17476,36759,10329,11034,21363,4384,7663,12047,1022,3366,4388,230842,232194,463036
2021-09-18,11357,10610,21967,23450,23495,46945,43032,44174,87206,47353,45765,93118,40564,39688,80252,30113,28968,59081,19286,17477,36763,10330,11036,21366,4385,7663,12048,1022,3367,4389,230892,232243,463135
2021-09-19,11371,10616,21987,23455,23503,46958,43036,44182,87218,47360,45770,93130,40572,39699,80271,30116,28973,59089,19288,17479,36767,10333,11037,21370,4385,7664,12049,1022,3367,4389,230938,232290,463228
2021-09-20,11379,10624,22003,23474,23510,46984,43043,44189,87232,47366,45782,93148,40582,39710,80292,30122,28980,59102,19295,17484,36779,10333,11037,21370,4386,7665,12051,1022,3367,4389,231002,232348,463350
2021-09-21,11387,10633,22020,23490,23520,47010,43050,44197,87247,47383,45796,93179,40595,39720,80315,30128,28986,59114,19299,17486,36785,10337,11039,21376,4386,7667,12053,1022,3367,4389,231077,232411,463488
2021-09-22,11398,10639,22037,23502,23530,47032,43060,44202,87262,47396,45808,93204,40606,39735,80341,30130,28993,59123,19303,17486,36789,10339,11042,21381,4386,7668,12054,1022,3367,4389,231142,232470,463612
2021-09-23,11404,10643,22047,23513,23540,47053,43069,44213,87282,47408,45829,93237,40614,39743,80357,30141,28999,59140,19310,17493,36803,10339,11047,21386,4387,7671,12058,1022,3367,4389,231207,232545,463752
2021-09-24,11415,10651,22066,23526,23550,47076,43076,44222,87298,47424,45846,93270,40628,39755,80383,30150,29010,59160,19314,17496,36810,10340,11052,21392,4389,7672,12061,1023,3367,4390,231285,232621,463906
2021-09-25,11422,10658,22080,23537,23562,47099,43081,44229,87310,47430,45851,93281,40632,39769,80401,30153,29016,59169,19315,17499,36814,10343,11054,21397,4390,7672,12062,1023,3367,4390,231326,232677,464003
2021-09-26,11431,10662,22093,23545,23569,47114,43084,44236,87320,47434,45857,93291,40638,39780,80418,30156,29020,59176,19316,17499,36815,10343,11056,21399,4390,7672,12062,1023,3368,4391,231360,232719,464079
2021-09-27,11436,10665,22101,23556,23589,47145,43092,44248,87340,47452,45871,93323,40645,39787,80432,30161,29024,59185,19318,17506,36824,10343,11056,21399,4390,7673,12063,1023,3368,4391,231416,232787,464203
2021-09-28,11447,10671,22118,23569,23598,47167,43096,44258,87354,47461,45885,93346,40651,39797,80448,30166,29027,59193,19322,17508,36830,10344,11056,21400,4390,7675,12065,1023,3368,4391,231469,232843,464312
2021-09-29,11447,10675,22122,23578,23614,47192,43105,44265,87370,47471,45897,93368,40659,39810,80469,30171,29032,59203,19324,17510,36834,10346,11057,21403,4391,7676,12067,1023,3368,4391,231515,232904,464419
2021-09-30,11449,10678,22127,23590,23621,47211,43113,44274,87387,47478,45909,93387,40667,39815,80482,30175,29033,59208,19326,17512,36838,10348,11058,21406,4391,7677,12068,1023,3368,4391,231560,232945,464505
2021-10-01,11456,10684,22140,23601,23633,47234,43122,44282,87404,47487,45921,93408,40676,39830,80506,30180,29041,59221,19329,17519,36848,10350,11062,21412,4391,7678,12069,1023,3368,4391,231615,233018,464633
2021-10-02,11463,10687,22150,23606,23638,47244,43125,44292,87417,47493,45931,93424,40681,39840,80521,30184,29043,59227,19330,17520,36850,10350,11065,21415,4391,7679,12070,1023,3368,4391,231646,233063,464709
2021-10-03,11464,10688,22152,23607,23645,47252,43133,44296,87429,47503,45942,93445,40684,39847,80531,30187,29045,59232,19331,17521,36852,10350,11065,21415,4391,7679,12070,1023,3368,4391,231673,233096,464769
2021-10-04,11469,10692,22161,23617,23653,47270,43139,44306,87445,47511,45955,93466,40697,39856,80553,30190,29051,59241,19334,17522,36856,10351,11067,21418,4391,7681,12072,1023,3368,4391,231722,233151,464873
2021-10-05,11473,10694,22167,23634,23668,47302,43146,44315,87461,47524,45967,93491,40703,39872,80575,30201,29057,59258,19339,17526,36865,10352,11069,21421,4391,7681,12072,1023,3368,4391,231786,233217,465003
2021-10-06,11478,10700,22178,23651,23694,47345,43153,44321,87474,47536,45984,93520,40716,39881,80597,30206,29063,59269,19343,17531,36874,10356,11073,21429,4391,7684,12075,1023,3368,4391,231853,233299,465152
2021-10-07,11485,10705,22190,23659,23701,47360,43165,44326,87491,47547,45993,93540,40722,39894,80616,30210,29073,59283,19348,17534,36882,10358,11075,21433,4391,7684,12075,1023,3368,4391,231908,233353,465261
2021-10-08,11490,10710,22200,23668,23709,47377,43175,44335,87510,47559,45995,93554,40725,39899,80624,30212,29074,59286,19348,17536,36884,10359,11076,21435,4392,7684,12076,1023,3368,4391,231951,233386,465337
2021-10-09,11492,10710,22202,23670,23713,47383,43179,44339,87518,47564,46001,93565,40732,39910,80642,30215,29079,59294,19351,17539,36890,10360,11077,21437,4392,7686,12078,1025,3368,4393,231980,233422,465402
2021-10-10,11505,10712,22217,23679,23719,47398,43183,44343,87526,47570,46013,93583,40740,39917,80657,30220,29086,59306,19354,17540,36894,10362,11080,21442,4392,7686,12078,1025,3369,4394,232030,233465,465495
2021-10-11,11510,10715,22225,23689,23732,47421,43193,44355,87548,47577,46019,93596,40744,39930,80674,30231,29089,59320,19357,17542,36899,10362,11080,21442,4392,7688,12080,1026,3369,4395,232081,233519,465600
2021-10-12,11520,10726,22246,23704,23749,47453,43204,44370,87574,47590,46045,93635,40761,39949,80710,30242,29096,59338,19361,17546,36907,10370,11082,21452,4394,7688,12082,1026,3369,4395,232172,233620,465792
2021-10-13,11525,10737,22262,23720,23766,47486,43220,44383,87603,47603,46064,93667,40778,39958,80736,30245,29103,59348,19366,17549,36915,10371,11085,21456,4394,7688,12082,1026,3369,4395,232248,233702,465950
2021-10-14,11532,10742,22274,23735,23780,47515,43238,44400,87638,47619,46087,93706,40793,39974,80767,30258,29110,59368,19376,17560,36936,10373,11095,21468,4394,7689,12083,1026,3369,4395,232344,233806,466150
2021-10-15,11537,10744,22281,23747,23789,47536,43245,44416,87661,47635,46111,93746,40805,39991,80796,30268,29116,59384,19377,17566,36943,10377,11097,21474,4394,7690,12084,1026,3369,4395,232411,233889,466300
2021-10-16,11542,10749,22291,23755,23799,47554,43258,44430,87688,47644,46127,93771,40813,40002,80815,30272,29121,59393,19378,17569,36947,10379,11097,21476,4396,7690,12086,1026,3369,4395,232463,233953,466416
2021-10-17,11547,10752,22299,23760,23805,47565,43265,44434,87699,47651,46135,93786,40824,40007,80831,30276,29123,59399,19380,17571,36951,10381,11097,21478,4397,7691,12088,1026,3369,4395,232507,233984,466491
2021-10-18,11556,10759,22315,23783,23818,47601,43272,44441,87713,47662,46150,93812,40833,40018,80851,30281,29130,59411,19383,17579,36962,10383,11097,21480,4398,7691,12089,1026,3369,4395,232577,234052,466629
2021-10-19,11563,10768,22331,23799,23841,47640,43288,44450,87738,47669,46160,93829,40842,40029,80871,30287,29138,59425,19388,17590,36978,10385,11100,21485,4399,7694,12093,1027,3369,4396,232647,234139,466786
2021-10-20,11570,10777,22347,23823,23875,47698,43306,44473,87779,47684,46187,93871,40852,40041,80893,30294,29147,59441,19392,17599,36991,10385,11103,21488,4399,7696,12095,1027,3369,4396,232732,234267,466999
2021-10-21,11576,10789,22365,23860,23916,47776,43318,44490,87808,47702,46214,93916,40870,40061,80931,30305,29159,59464,19397,17605,37002,10388,11108,21496,4401,7696,12097,1027,3369,4396,232844,234407,467251
2021-10-22,11589,10802,22391,23892,23947,47839,43327,44508,87835,47712,46230,93942,40882,40088,80970,30317,29168,59485,19403,17612,37015,10396,11112,21508,4401,7700,12101,1028,3370,4398,232947,234537,467484
2021-10-23,11601,10807,22408,23909,23961,47870,43340,44521,87861,47726,46241,93967,40891,40106,80997,30323,29173,59496,19403,17612,37015,10396,11112,21508,4401,7704,12105,1028,3370,4398,233018,234607,467625
2021-10-24,11610,10819,22429,23922,23968,47890,43349,44527,87876,47740,46245,93985,40902,40122,81024,30327,29178,59505,19406,17616,37022,10397,11116,21513,4401,7704,12105,1028,3370,4398,233082,234665,467747
2021-10-25,11621,10835,22456,23938,23992,47930,43361,44546,87907,47752,46257,94009,40913,40142,81055,30336,29188,59524,19410,17620,37030,10399,11121,21520,4403,7706,12109,1028,3372,4400,233161,234779,467940
2021-10-26,11641,10844,22485,23953,24009,47962,43375,44556,87931,47770,46274,94044,40925,40165,81090,30349,29196,59545,19416,17623,37039,10402,11123,21525,4404,7706,12110,1028,3372,4400,233263,234868,468131
2021-10-27,11649,10852,22501,23975,24030,48005,43398,44571,87969,47779,46297,94076,40944,40180,81124,30358,29204,59562,19418,17635,37053,10405,11129,21534,4404,7706,12110,1030,3372,4402,233360,234976,468336
2021-10-28,11670,10861,22531,23994,24044,48038,43416,44589,88005,47790,46309,94099,40953,40196,81149,30366,29216,59582,19424,17642,37066,10407,11131,21538,4405,7708,12113,1030,3375,4405,233455,235071,468526
2021-10-29,11682,10884,22566,24019,24063,48082,43430,44606,88036,47807,46325,94132,40963,40207,81170,30376,29223,59599,19426,17647,37073,10410,11133,21543,4405,7709,12114,1030,3375,4405,233548,235172,468720
2021-10-30,11691,10896,22587,24035,24073,48108,43439,44617,88056,47819,46337,94156,40974,40223,81197,30387,29232,59619,19429,17649,37078,10410,11136,21546,4406,7711,12117,1030,3375,4405,233620,235249,468869
2021-10-31,11697,10904,22601,24044,24084,48128,43450,44628,88078,47828,46346,94174,40988,40240,81228,30395,29239,59634,19431,17653,37084,10410,11136,21546,4406,7713,12119,1030,3376,4406,233679,235319,468998
2021-11-01,11707,10919,22626,24058,24100,48158,43459,44645,88104,47847,46364,94211,41000,40258,81258,30401,29243,59644,19435,17658,37093,10410,11141,21551,4407,7717,12124,1030,3376,4406,233754,235421,469175
2021-11-02,11726,10931,22657,24067,24116,48183,43472,44660,88132,47857,46376,94233,41010,40270,81280,30407,29251,59658,19439,17661,37100,10413,11146,21559,4408,7718,12126,1030,3376,4406,233829,235505,469334
2021-11-03,11738,10951,22689,24081,24128,48209,43487,44683,88170,47874,46407,94281,41029,40285,81314,30415,29259,59674,19441,17662,37103,10414,11149,21563,4408,7718,12126,1030,3377,4407,233917,235619,469536
2021-11-04,11754,10959,22713,24093,24145,48238,43514,44705,88219,47902,46428,94330,41045,40305,81350,30424,29267,59691,19446,17665,37111,10419,11155,21574,4408,7719,12127,1031,3377,4408,234036,235725,469761
2021-11-05,11766,10973,22739,24107,24166,48273,43527,44720,88247,47921,46442,94363,41056,40329,81385,30432,29269,59701,19449,17669,37118,10423,11158,21581,4408,7719,12127,1031,3377,4408,234120,235822,469942
2021-11-06,11782,10994,22776,24115,24176,48291,43544,44736,88280,47935,46463,94398,41072,40347,81419,30442,29280,59722,19454,17673,37127,10426,11159,21585,4411,7719,12130,1031,3377,4408,234212,235924,470136
2021-11-07,11789,11003,22792,24119,24186,48305,43555,44741,88296,47949,46479,94428,41087,40362,81449,30451,29287,59738,19456,17673,37129,10426,11160,21586,4412,7720,12132,1031,3377,4408,234275,235988,470263
2021-11-08,11803,11015,22818,24131,24201,48332,43570,44756,88326,47973,46499,94472,41105,40388,81493,30459,29297,59756,19462,17677,37139,10430,11165,21595,4413,7724,12137,1031,3378,4409,234377,236100,470477
2021-11-09,11823,11031,22854,24148,24215,48363,43581,44788,88369,47988,46525,94513,41120,40405,81525,30468,29311,59779,19469,17683,37152,10433,11169,21602,4414,7724,12138,1032,3378,4410,234476,236229,470705
2021-11-10,11849,11053,22902,24161,24225,48386,43606,44822,88428,48004,46552,94556,41142,40429,81571,30481,29323,59804,19473,17689,37162,10437,11171,21608,4415,7725,12140,1033,3379,4412,234601,236368,470969
2021-11-11,11864,11066,22930,24177,24238,48415,43627,44848,88475,48034,46577,94611,41162,40451,81613,30490,29329,59819,19475,17694,37169,10441,11178,21619,4416,7725,12141,1033,3379,4412,234719,236485,471204
2021-11-12,11882,11081,22963,24187,24256,48443,43645,44881,88526,48051,46599,94650,41190,40472,81662,30502,29342,59844,19483,17702,37185,10444,11184,21628,4416,7727,12143,1033,3381,4414,234833,236625,471458
2021-11-13,11895,11096,22991,24200,24268,48468,43658,44904,88562,48067,46617,94684,41209,40490,81699,30514,29349,59863,19484,17707,37191,10447,11186,21633,4416,7730,12146,1033,3381,4414,234923,236728,471651
2021-11-14,11907,11106,23013,24209,24276,48485,43668,44926,88594,48089,46632,94721,41225,40504,81729,30517,29356,59873,19488,17710,37198,10449,11187,21636,4417,7730,12147,1033,3381,4414,235002,236808,471810
2021-11-15,11920,11127,23047,24215,24291,48506,43690,44946,88636,48103,46663,94766,41244,40531,81775,30526,29370,59896,19495,17721,37216,10450,11189,21639,4418,7731,12149,1034,3381,4415,235095,236950,472045
2021-11-16,11938,11138,23076,24223,24300,48523,43708,44968,88676,48131,46688,94819,41259,40553,81812,30535,29382,59917,19502,17727,37229,10451,11192,21643,4421,7733,12154,1034,3384,4418,235202,237065,472267
2021-11-17,11952,11147,23099,24233,24312,48545,43734,44989,88723,48156,46717,94873,41281,40575,81856,30545,29391,59936,19511,17736,37247,10453,11194,21647,4422,7735,12157,1034,3384,4418,235321,237180,472501
2021-11-18,11963,11161,23124,24247,24321,48568,43756,45009,88765,48190,46743,94933,41301,40599,81900,30555,29397,59952,19521,17743,37264,10455,11196,21651,4423,7737,12160,1034,3384,4418,235445,237290,472735
2021-11-19,11977,11176,23153,24262,24333,48595,43781,45029,88810,48210,46766,94976,41315,40618,81933,30563,29404,59967,19527,17752,37279,10456,11206,21662,4423,7738,12161,1034,3385,4419,235548,237407,472955
2021-11-20,11984,11184,23168,24272,24343,48615,43799,45046,88845,48230,46800,95030,41338,40636,81974,30571,29410,59981,19533,17755,37288,10458,11208,21666,4424,7738,12162,1034,3386,4420,235643,237506,473149
2021-11-21,11993,11200,23193,24284,24356,48640,43815,45062,88877,48247,46818,95065,41357,40647,82004,30578,29421,59999,19540,17770,37310,10462,11210,21672,4424,7740,12164,1034,3386,4420,235734,237610,473344
2021-11-22,12004,11210,23214,24301,24368,48669,43824,45081,88905,48264,46851,95115,41371,40662,82033,30589,29435,60024,19547,17773,37320,10462,11213,21675,4425,7741,12166,1034,3387,4421,235821,237721,473542
2021-11-23,12019,11217,23236,24317,24392,48709,43856,45123,88979,48299,46882,95181,41396,40691,82087,30595,29458,60053,19558,17781,37339,10466,11219,21685,4425,7742,12167,1034,3387,4421,235965,237892,473857
2021-11-24,12039,11228,23267,24335,24408,48743,43891,45160,89051,48322,46917,95239,41427,40716,82143,30608,29467,60075,19570,17792,37362,10469,11223,21692,4426,7744,12170,1035,3388,4423,236122,238043,474165
2021-11-25,12050,11239,23289,24345,24420,48765,43917,45202,89119,48353,46969,95322,41452,40735,82187,30620,29475,60095,19574,17801,37375,10470,11230,21700,4429,7745,12174,1035,3388,4423,236245,238204,474449
2021-11-26,12064,11247,23311,24358,24436,48794,43958,45233,89191,48388,47014,95402,41467,40766,82233,30625,29486,60111,19583,17810,37393,10472,11235,21707,4430,7747,12177,1035,3388,4423,236380,238362,474742
2021-11-27,12072,11257,23329,24370,24447,48817,43989,45269,89258,48426,47039,95465,41483,40785,82268,30634,29492,60126,19589,17814,37403,10476,11239,21715,4430,7748,12178,1035,3389,4424,236504,238479,474983
2021-11-28,12083,11263,23346,24386,24462,48848,44010,45292,89302,48456,47059,95515,41502,40806,82308,30643,29500,60143,19593,17820,37413,10478,11244,21722,4430,7748,12178,1035,3389,4424,236616,238583,475199
2021-11-29,12091,11277,23368,24401,24489,48890,44044,45336,89380,48499,47107,95606,41529,40842,82371,30653,29516,60169,19609,17838,37447,10485,11252,21737,4430,7749,12179,1036,3389,4425,236777,238795,475572
2021-11-30,12104,11291,23395,24423,24516,48939,44071,45367,89438,48548,47155,95703,41564,40878,82442,30671,29531,60202,19623,17857,37480,10486,11254,21740,4434,7752,12186,1037,3391,4428,236961,238992,475953
2021-12-01,12116,11301,23417,24447,24536,48983,44116,45422,89538,48602,47211,95813,41595,40928,82523,30687,29553,60240,19629,17868,37497,10492,11261,21753,4434,7756,12190,1037,3393,4430,237155,239229,476384
2021-12-02,12128,11314,23442,24464,24560,49024,44157,45481,89638,48659,47263,95922,41632,40972,82604,30710,29568,60278,19642,17877,37519,10497,11269,21766,4436,7764,12200,1037,3398,4435,237362,239466,476828
2021-12-03,12140,11330,23470,24485,24582,49067,44200,45532,89732,48695,47307,96002,41654,41010,82664,30717,29588,60305,19653,17891,37544,10500,11274,21774,4438,7766,12204,1037,3399,4436,237519,239679,477198
2021-12-04,12148,11339,23487,24503,24606,49109,44235,45569,89804,48737,47346,96083,41682,41051,82733,30732,29606,60338,19658,17899,37557,10509,11282,21791,4439,7769,12208,1037,3400,4437,237680,239867,477547
2021-12-05,12156,11346,23502,24523,24620,49143,44267,45599,89866,48771,47388,96159,41707,41081,82788,30744,29623,60367,19666,17906,37572,10511,11287,21798,4440,7771,12211,1038,3400,4438,237823,240021,477844
2021-12-06,12172,11373,23545,24546,24659,49205,44322,45673,89995,48829,47441,96270,41753,41128,82881,30765,29640,60405,19678,17919,37597,10522,11294,21816,4442,7773,12215,1040,3401,4441,238069,240301,478370
2021-12-07,12185,11389,23574,24580,24700,49280,44378,45774,90152,48882,47507,96389,41797,41168,82965,30780,29663,60443,19687,17925,37612,10524,11300,21824,4447,7777,12224,1040,3401,4441,238300,240604,478904
2021-12-08,12193,11402,23595,24608,24726,49334,44436,45848,90284,48935,47554,96489,41827,41199,83026,30790,29683,60473,19696,17933,37629,10530,11307,21837,4448,7779,12227,1042,3402,4444,238505,240833,479338
2021-12-09,12216,11421,23637,24654,24768,49422,44511,45948,90459,49015,47642,96657,41874,41252,83126,30813,29703,60516,19710,17954,37664,10541,11320,21861,4454,7783,12237,1042,3404,4446,238830,241195,480025
2021-12-10,12234,11440,23674,24691,24801,49492,44591,46038,90629,49090,47717,96807,41927,41309,83236,30835,29723,60558,19719,17967,37686,10544,11325,21869,4457,7787,12244,1043,3407,4450,239131,241514,480645
2021-12-11,12246,11456,23702,24713,24832,49545,44665,46140,90805,49139,47778,96917,41972,41358,83330,30862,29743,60605,19732,17974,37706,10550,11330,21880,4459,7789,12248,1043,3408,4451,239381,241808,481189
2021-12-12,12263,11476,23739,24734,24854,49588,44731,46195,90926,49209,47837,97046,42015,41408,83423,30884,29762,60646,19741,17980,37721,10553,11337,21890,4460,7790,12250,1043,3408,4451,239633,242047,481680
2021-12-13,12279,11497,23776,24778,24900,49678,44860,46334,91194,49298,47926,97224,42070,41468,83538,30912,29786,60698,19757,18008,37765,10562,11348,21910,4467,7794,12261,1043,3408,4451,240026,242469,482495
2021-12-14,12294,11515,23809,24824,24960,49784,45021,46477,91498,49415,48038,97453,42125,41524,83649,30933,29820,60753,19773,18033,37806,10574,11355,21929,4469,7801,12270,1043,3411,4454,240471,242934,483405
2021-12-15,12312,11524,23836,24885,25015,49900,45170,46650,91820,49519,48139,97658,42212,41592,83804,30954,29861,60815,19787,18048,37835,10579,11357,21936,4472,7804,12276,1043,3414,4457,240933,243404,484337
2021-12-16,12337,11550,23887,24949,25090,50039,45368,46821,92189,49675,48246,97921,42299,41662,83961,30991,29902,60893,19802,18071,37873,10589,11364,21953,4476,7807,12283,1043,3416,4459,241529,243929,485458
2021-12-17,12363,11573,23936,25015,25162,50177,45537,46983,92520,49803,48367,98170,42372,41747,84119,31030,29948,60978,19820,18098,37918,10596,11374,21970,4478,7812,12290,1043,3416,4459,242057,244480,486537
2021-12-18,12382,11587,23969,25065,25216,50281,45671,47117,92788,49935,48478,98413,42445,41825,84270,31066,29989,61055,19836,18120,37956,10606,11384,21990,4483,7817,12300,1045,3419,4464,242534,244952,487486
2021-12-19,12408,11597,24005,25109,25272,50381,45806,47292,93098,50055,48596,98651,42518,41908,84426,31100,30034,61134,19855,18139,37994,10614,11393,22007,4485,7821,12306,1046,3419,4465,242996,245471,488467
2021-12-20,12448,11636,24084,25200,25381,50581,46034,47614,93648,50269,48793,99062,42633,42041,84674,31159,30099,61258,19886,18166,38052,10633,11410,22043,4494,7827,12321,1046,3422,4468,243802,246389,490191
2021-12-21,12470,11664,24134,25321,25538,50859,46401,48060,94461,50530,49085,99615,42773,42203,84976,31229,30182,61411,19923,18201,38124,10657,11433,22090,4498,7835,12333,1047,3425,4472,244849,247626,492475
2021-12-22,12511,11716,24227,25527,25749,51276,46938,48732,95670,50887,49493,100380,42975,42406,85381,31322,30278,61600,19956,18246,38202,10683,11453,22136,4503,7842,12345,1049,3430,4479,246351,249345,495696
2021-12-23,12559,11767,24326,25763,25987,51750,47514,49326,96840,51238,49824,101062,43164,42597,85761,31428,30393,61821,19993,18303,38296,10708,11487,22195,4507,7853,12360,1049,3437,4486,247923,250974,498897
2021-12-24,12594,11802,24396,25935,26200,52135,47872,49681,97553,51474,50063,101537,43306,42765,86071,31506,30467,61973,20036,18340,38376,10728,11497,22225,4514,7862,12376,1050,3438,4488,249015,252115,501130
2021-12-25,12616,11823,24439,26095,26396,52491,48071,49904,97975,51645,50229,101874,43410,42882,86292,31581,30526,62107,20074,18376,38450,10743,11513,22256,4517,7867,12384,1051,3440,4491,249803,252956,502759
2021-12-26,12672,11886,24558,26431,26829,53260,48584,50469,99053,52059,50619,102678,43680,43205,86885,31760,30703,62463,20159,18463,38622,10776,11533,22309,4522,7878,12400,1053,3441,4494,251696,255026,506722
2021-12-27,12790,11997,24787,26962,27491,54453,49477,51429,100906,52713,51288,104001,44106,43670,87776,31998,31049,63047,20287,18585,38872,10848,11594,22442,4541,7895,12436,1055,3443,4498,254777,258441,513218
2021-12-28,12917,12109,25026,27617,28317,55934,50634,52775,103409,53506,52144,105650,44608,44246,88854,32287,31442,63729,20445,18769,39214,10926,11677,22603,4557,7924,12481,1057,3449,4506,258554,262852,521406
2021-12-29,13064,12237,25301,28368,29223,57591,52004,54229,106233,54357,53044,107401,45153,44869,90022,32631,31872,64503,20619,18992,39611,11020,11791,22811,4586,7962,12548,1061,3455,4516,262863,267674,530537
2021-12-30,13227,12394,25621,29096,30081,59177,53277,55629,108906,55204,54030,109234,45737,45547,91284,32988,32328,65316,20800,19222,40022,11090,11911,23001,4605,8001,12606,1067,3460,4527,267091,272603,539694
2021-12-31,13330,12493,25823,29478,30507,59985,53913,56345,110258,55709,54598,110307,46125,46007,92132,33230,32641,65871,20928,19363,40291,11160,11986,23146,4632,8023,12655,1068,3462,4530,269573,275425,544998
2022-01-01,13409,12557,25966,29696,30761,60457,54333,56814,111147,56105,55011,111116,46415,46352,92767,33421,32831,66252,21030,19465,40495,11217,12041,23258,4650,8036,12686,1068,3464,4532,271344,277332,548676
2022-01-02,13584,12717,26301,30113,31315,61428,55285,57908,113193,56945,55898,112843,47066,47142,94208,33843,33331,67174,21280,19728,41008,11319,12183,23502,4677,8072,12749,1069,3466,4535,275181,281760,556941
2022-01-03,13887,12994,26881,30867,32208,63075,57141,60196,117337,58486,57550,116036,48046,48371,96417,34536,34103,68639,21637,20179,41816,11501,12353,23854,4729,8128,12857,1079,3476,4555,281909,289558,571467
2022-01-04,14189,13280,27469,31693,33224,64917,59335,62713,122048,60096,59328,119424,49088,49661,98749,35157,34926,70083,22031,20606,42637,11675,12555,24230,4784,8194,12978,1091,3507,4598,289139,297994,587133
2022-01-05,14496,13587,28083,32529,34288,66817,61491,65285,126776,61768,61155,122923,50087,50960,101047,35769,35778,71547,22426,21051,43477,11815,12774,24589,4829,8271,13100,1101,3530,4631,296311,306679,602990
2022-01-06,14841,13908,28749,33316,35273,68589,63536,67591,131127,63389,62941,126330,51144,52265,103409,36457,36646,73103,22808,21528,44336,11992,12991,24983,4881,8355,13236,1113,3547,4660,303477,315045,618522
2022-01-07,15224,14254,29478,33962,36077,70039,65211,69589,134800,64835,64609,129444,52147,53539,105686,37055,37387,74442,23182,21975,45157,12162,13192,25354,4924,8416,13340,1123,3565,4688,309825,322603,632428
2022-01-08,15436,14484,29920,34388,36596,70984,66311,70923,137234,65868,65816,131684,52900,54399,107299,37570,37993,75563,23475,22307,45782,12320,13338,25658,4965,8472,13437,1130,3575,4705,314363,327903,642266
2022-01-09,15691,14727,30418,34822,37113,71935,67291,72101,139392,66970,66950,133920,53646,55355,109001,38116,38587,76703,23794,22669,46463,12461,13489,25950,5010,8517,13527,1133,3582,4715,318934,333090,652024
2022-01-10,16131,15129,31260,35500,37930,73430,69012,74058,143070,68727,68887,137614,54833,56809,111642,38959,39542,78501,24326,23238,47564,12685,13763,26448,5070,8589,13659,1151,3604,4755,326394,341549,667943
2022-01-11,16474,15445,31919,36145,38698,74843,70466,75822,146288,70309,70595,140904,55957,58110,114067,39722,40431,80153,24775,23738,48513,12895,14002,26897,5142,8657,13799,1162,3626,4788,333047,349124,682171
2022-01-12,16837,15788,32625,36818,39495,76313,72045,77642,149687,71971,72454,144425,57108,59533,116641,40468,41401,81869,25255,24265,49520,13129,14263,27392,5194,8729,13923,1175,3645,4820,340000,357215,697215
2022-01-13,17100,16039,33139,37313,40062,77375,73201,78928,152129,73228,73896,147124,58038,60658,118696,41056,42157,83213,25658,24724,50382,13331,14483,27814,5257,8798,14055,1187,3675,4862,345369,363420,708789
2022-01-14,17431,16318,33749,37931,40776,78707,74524,80480,155004,74742,75590,150332,59214,62024,121238,41844,43100,84944,26205,25333,51538,13561,14758,28319,5337,8895,14232,1193,3705,4898,351982,370979,722961
2022-01-15,17718,16530,34248,38397,41273,79670,75424,81471,156895,75771,76745,152516,60043,62972,123015,42412,43750,86162,26604,25759,52363,13739,14939,28678,5379,8974,14353,1199,3722,4921,356686,376135,732821
2022-01-16,17968,16764,34732,38842,41792,80634,76264,82511,158775,76761,78023,154784,60959,64037,124996,43006,44429,87435,27004,26211,53215,13938,15149,29087,5417,9024,14441,1209,3741,4950,361368,381681,743049
2022-01-17,18327,17082,35409,39469,42483,81952,77494,83982,161476,78273,79685,157958,62130,65469,127599,43818,45370,89188,27522,26862,54384,14197,15469,29666,5513,9112,14625,1221,3767,4988,367964,389281,757245
2022-01-18,18586,17340,35926,39975,43076,83051,78622,85376,163998,79629,81197,160826,63234,66757,129991,44546,46236,90782,28045,27437,55482,14461,15729,30190,5571,9190,14761,1231,3789,5020,373900,396127,770027
2022-01-19,18732,17471,36203,40253,43441,83694,79325,86251,165576,80503,82242,162745,63939,67627,131566,45024,46764,91788,28343,27788,56131,14592,15885,30477,5609,9223,14832,1239,3798,5037,377559,400490,778049
2022-01-20,18749,17478,36227,40275,43465,83740,79364,86310,165674,80571,82321,162892,63992,67689,131681,45060,46801,91861,28373,27808,56181,14600,15896,30496,5613,9226,14839,1245,3799,5044,377842,400793,778635
2022-01-21,18749,17478,36227,40275,43465,83740,79364,86310,165674,80571,82321,162892,63992,67689,131681,45060,46801,91861,28373,27808,56181,14600,15896,30496,5613,9226,14839,1245,3799,5044,377842,400793,778635
2022-01-22,18749,17478,36227,40275,43465,83740,79364,86310,165674,80571,82321,162892,63992,67689,131681,45060,46801,91861,28373,27808,56181,14600,15896,30496,5613,9226,14839,1245,3799,5044,377842,400793,778635
