FECHA,<=10M,<=10F,<=10,11-20M,11-20F,11-20,21-30M,21-30F,21-30,31-40M,31-40F,31-40,41-50M,41-50F,41-50,51-60M,51-60F,51-60,61-70M,61-70F,61-70,71-80M,71-80F,71-80,81-90M,81-90F,81-90,>=91M,>=91F,>=91,TotalM,TotalF,Total,DelayCount,CumDelay,DelayAvg
2020-03-15,1,0,1,0,0,0,0,2,2,2,1,3,1,1,2,1,0,1,1,0,1,1,1,2,0,0,0,0,0,0,7,5,12,12,41,3.4166666666666665
2020-03-16,1,3,4,1,0,1,1,2,3,1,1,2,0,0,0,2,0,2,2,2,4,0,0,0,0,0,0,0,0,0,8,8,16,16,58,3.625
2020-03-17,1,4,5,0,1,1,2,1,3,0,0,0,1,3,4,0,2,2,1,1,2,2,2,4,1,0,1,0,0,0,8,14,22,22,360,16.363636363636363
2020-03-18,3,1,4,1,0,1,1,0,1,2,1,3,0,2,2,1,1,2,1,2,3,1,0,1,1,0,1,0,0,0,11,7,18,18,34,1.8888888888888888
2020-03-19,1,0,1,0,0,0,3,2,5,2,2,4,2,1,3,0,0,0,1,1,2,1,1,2,0,0,0,1,0,1,11,7,18,18,39,2.1666666666666665
2020-03-20,1,1,2,1,0,1,0,0,0,1,2,3,0,1,1,0,1,1,0,1,1,2,2,4,1,0,1,0,0,0,6,8,14,14,28,2.0
2020-03-21,0,0,0,2,1,3,1,2,3,3,1,4,2,1,3,0,0,0,2,2,4,1,1,2,0,0,0,1,0,1,12,8,20,20,60,3.0
2020-03-22,2,0,2,0,0,0,3,1,4,0,0,0,0,0,0,2,1,3,0,1,1,2,0,2,3,2,5,0,0,0,12,5,17,17,41,2.411764705882353
2020-03-23,3,1,4,0,2,2,1,2,3,2,1,3,0,1,1,2,0,2,2,0,2,4,3,7,3,3,6,0,2,2,17,15,32,32,63,1.96875
2020-03-24,1,0,1,0,0,0,1,1,2,1,1,2,0,2,2,2,2,4,0,1,1,2,0,2,2,1,3,1,0,1,10,8,18,18,29,1.6111111111111112
2020-03-25,1,3,4,0,0,0,2,3,5,2,4,6,1,0,1,1,2,3,3,1,4,2,2,4,2,4,6,2,1,3,16,20,36,36,52,1.4444444444444444
2020-03-26,4,3,7,2,1,3,2,2,4,4,3,7,1,4,5,3,2,5,1,3,4,3,2,5,5,0,5,2,1,3,27,21,48,48,171,3.5625
2020-03-27,2,3,5,0,1,1,1,2,3,3,0,3,1,4,5,1,3,4,2,5,7,4,6,10,3,2,5,2,6,8,19,32,51,51,115,2.2549019607843137
2020-03-28,2,0,2,0,0,0,1,2,3,2,1,3,1,1,2,3,1,4,3,0,3,4,6,10,2,1,3,1,0,1,19,12,31,31,107,3.4516129032258065
2020-03-29,1,0,1,1,1,2,1,2,3,2,1,3,2,3,5,0,0,0,6,3,9,4,1,5,4,2,6,2,1,3,23,14,37,37,84,2.27027027027027
2020-03-30,3,1,4,0,0,0,1,6,7,4,2,6,5,2,7,1,1,2,5,1,6,3,5,8,5,1,6,3,2,5,30,21,51,51,99,1.9411764705882353
2020-03-31,8,2,10,1,0,1,5,1,6,6,2,8,5,2,7,2,1,3,6,2,8,4,3,7,2,3,5,4,0,4,43,16,59,59,114,1.9322033898305084
2020-04-01,9,9,18,0,2,2,5,3,8,6,2,8,10,4,14,3,4,7,4,3,7,6,3,9,5,5,10,0,1,1,48,36,84,84,199,2.369047619047619
2020-04-02,6,8,14,4,4,8,2,5,7,3,4,7,3,3,6,1,8,9,8,4,12,8,7,15,5,6,11,3,4,7,43,53,96,96,173,1.8020833333333333
2020-04-03,14,8,22,4,3,7,5,6,11,6,7,13,5,9,14,2,4,6,8,4,12,6,3,9,6,7,13,1,5,6,57,56,113,113,206,1.823008849557522
2020-04-04,7,11,18,2,3,5,2,7,9,2,10,12,5,2,7,6,0,6,6,2,8,2,5,7,4,2,6,1,3,4,37,45,82,82,135,1.646341463414634
2020-04-05,5,8,13,4,2,6,5,1,6,6,2,8,8,2,10,4,2,6,1,10,11,6,8,14,3,4,7,2,3,5,44,42,86,86,144,1.6744186046511629
2020-04-06,10,8,18,3,2,5,6,3,9,10,3,13,9,4,13,9,2,11,6,7,13,11,5,16,7,4,11,1,2,3,72,40,112,112,171,1.5267857142857142
2020-04-07,9,10,19,3,3,6,5,3,8,5,7,12,4,4,8,7,2,9,4,4,8,6,8,14,6,11,17,2,1,3,51,53,104,104,124,1.1923076923076923
2020-04-08,7,7,14,4,2,6,2,5,7,5,3,8,7,3,10,5,3,8,7,6,13,9,4,13,2,3,5,3,6,9,51,42,93,93,110,1.1827956989247312
2020-04-09,3,2,5,3,2,5,3,7,10,12,9,21,2,5,7,8,7,15,4,2,6,7,10,17,5,8,13,4,5,9,51,57,108,108,143,1.3240740740740742
2020-04-10,14,2,16,4,3,7,2,6,8,4,2,6,9,1,10,3,6,9,6,1,7,1,9,10,5,8,13,1,4,5,49,42,91,91,118,1.2967032967032968
2020-04-11,6,5,11,4,2,6,7,4,11,6,4,10,6,3,9,2,4,6,4,6,10,6,3,9,4,7,11,1,4,5,46,42,88,88,114,1.2954545454545454
2020-04-12,9,5,14,2,0,2,1,4,5,7,2,9,3,5,8,9,3,12,3,4,7,3,8,11,4,4,8,1,2,3,42,37,79,79,126,1.5949367088607596
2020-04-13,7,9,16,6,4,10,11,6,17,4,8,12,6,5,11,5,6,11,7,6,13,5,8,13,8,8,16,4,6,10,63,66,129,129,152,1.178294573643411
2020-04-14,13,6,19,3,1,4,6,6,12,8,3,11,4,4,8,10,6,16,4,7,11,9,5,14,6,4,10,4,4,8,67,46,113,113,115,1.0176991150442478
2020-04-15,9,3,12,4,5,9,3,7,10,6,6,12,7,13,20,4,7,11,9,2,11,9,3,12,7,7,14,5,3,8,63,56,119,119,166,1.3949579831932772
2020-04-16,9,3,12,4,5,9,7,4,11,10,13,23,10,10,20,7,8,15,4,10,14,7,4,11,4,5,9,0,4,4,62,66,128,128,127,0.9921875
2020-04-17,14,10,24,2,4,6,1,7,8,6,13,19,12,8,20,7,8,15,7,5,12,13,8,21,6,8,14,1,3,4,69,74,143,143,202,1.4125874125874125
2020-04-18,8,7,15,5,1,6,10,2,12,15,6,21,7,5,12,7,4,11,2,2,4,4,10,14,6,8,14,3,4,7,67,49,116,116,174,1.5
2020-04-19,8,7,15,4,1,5,4,2,6,4,4,8,4,5,9,5,8,13,6,6,12,5,8,13,3,7,10,2,1,3,45,49,94,94,116,1.2340425531914894
2020-04-20,12,7,19,8,8,16,12,5,17,12,10,22,9,6,15,9,3,12,11,8,19,15,11,26,10,8,18,4,15,19,102,81,183,183,206,1.1256830601092895
2020-04-21,11,8,19,5,5,10,12,3,15,8,11,19,2,4,6,5,7,12,6,7,13,11,11,22,8,10,18,2,10,12,70,76,146,146,175,1.1986301369863013
2020-04-22,10,7,17,5,6,11,6,7,13,11,3,14,11,6,17,4,7,11,9,3,12,7,14,21,8,12,20,7,6,13,78,71,149,149,231,1.5503355704697988
2020-04-23,15,10,25,5,4,9,6,11,17,10,8,18,8,8,16,3,11,14,7,4,11,9,8,17,11,10,21,7,9,16,81,83,164,164,159,0.9695121951219512
2020-04-24,16,10,26,5,4,9,8,7,15,12,12,24,5,6,11,7,8,15,8,11,19,10,11,21,10,15,25,3,3,6,84,87,171,171,186,1.087719298245614
2020-04-25,9,4,13,4,1,5,3,5,8,8,9,17,4,4,8,5,6,11,6,4,10,7,3,10,9,16,25,5,5,10,60,57,117,117,106,0.905982905982906
2020-04-26,6,15,21,6,6,12,3,4,7,4,2,6,8,5,13,2,3,5,7,7,14,5,7,12,7,7,14,1,3,4,49,59,108,108,94,0.8703703703703703
2020-04-27,12,10,22,6,3,9,6,7,13,5,9,14,3,10,13,10,7,17,7,8,15,20,6,26,11,14,25,3,5,8,83,79,162,162,133,0.8209876543209876
2020-04-28,14,7,21,4,5,9,11,9,20,11,10,21,7,9,16,6,9,15,6,7,13,3,12,15,6,14,20,2,4,6,70,86,156,156,122,0.782051282051282
2020-04-29,17,8,25,6,4,10,12,6,18,18,12,30,11,7,18,8,6,14,4,8,12,9,6,15,3,14,17,5,10,15,93,81,174,174,141,0.8103448275862069
2020-04-30,17,10,27,8,1,9,10,5,15,6,7,13,11,9,20,7,12,19,10,8,18,7,10,17,8,17,25,8,7,15,92,86,178,178,142,0.797752808988764
2020-05-01,1,12,13,6,5,11,1,6,7,9,10,19,10,6,16,7,3,10,11,5,16,7,8,15,8,12,20,0,2,2,60,69,129,129,110,0.8527131782945736
2020-05-02,6,15,21,5,7,12,6,2,8,10,5,15,7,5,12,7,2,9,3,4,7,8,1,9,6,12,18,1,3,4,59,56,115,115,114,0.991304347826087
2020-05-03,7,7,14,4,2,6,5,5,10,8,6,14,5,5,10,8,2,10,8,7,15,5,9,14,6,8,14,3,5,8,59,56,115,115,96,0.8347826086956521
2020-05-04,17,18,35,5,2,7,8,10,18,9,6,15,5,6,11,9,3,12,8,12,20,14,13,27,8,18,26,2,4,6,85,92,177,177,137,0.7740112994350282
2020-05-05,9,7,16,7,1,8,10,8,18,11,12,23,6,11,17,9,5,14,10,7,17,15,7,22,6,12,18,1,10,11,84,80,164,164,106,0.6463414634146342
2020-05-06,12,11,23,3,0,3,11,6,17,16,14,30,15,9,24,5,5,10,9,6,15,19,13,32,6,12,18,4,6,10,100,82,182,182,122,0.6703296703296703
2020-05-07,15,10,25,7,6,13,13,5,18,12,9,21,13,9,22,5,6,11,7,6,13,16,6,22,6,12,18,1,8,9,95,77,172,172,109,0.6337209302325582
2020-05-08,15,13,28,7,4,11,14,8,22,9,14,23,16,10,26,13,4,17,6,11,17,13,9,22,11,12,23,2,12,14,106,97,203,203,212,1.0443349753694582
2020-05-09,16,11,27,4,0,4,4,12,16,5,8,13,8,6,14,4,5,9,7,7,14,11,2,13,5,10,15,5,8,13,69,69,138,138,120,0.8695652173913043
2020-05-10,7,8,15,1,1,2,7,10,17,5,6,11,4,5,9,3,5,8,8,6,14,8,11,19,5,12,17,1,6,7,49,70,119,118,102,0.864406779661017
2020-05-11,13,15,28,6,4,10,6,7,13,12,12,24,10,12,22,8,5,13,11,6,17,13,9,22,12,17,29,4,14,18,95,101,196,196,141,0.7193877551020408
2020-05-12,15,9,24,6,8,14,24,18,42,19,6,25,9,11,20,6,5,11,9,7,16,7,11,18,9,14,23,5,11,16,109,100,209,209,147,0.7033492822966507
2020-05-13,21,13,34,10,7,17,17,9,26,13,21,34,15,7,22,8,8,16,7,8,15,9,7,16,8,14,22,1,10,11,109,104,213,213,178,0.8356807511737089
2020-05-14,18,21,39,9,8,17,12,17,29,19,17,36,11,7,18,5,10,15,10,11,21,9,9,18,9,13,22,2,15,17,104,128,232,232,211,0.9094827586206896
2020-05-15,17,18,35,8,5,13,6,10,16,12,12,24,9,14,23,11,7,18,10,9,19,6,6,12,10,20,30,5,10,15,94,111,205,204,184,0.9019607843137255
2020-05-16,10,14,24,7,6,13,5,10,15,9,14,23,6,8,14,6,7,13,6,5,11,10,5,15,6,4,10,5,14,19,70,87,157,157,205,1.305732484076433
2020-05-17,15,13,28,3,6,9,9,7,16,7,7,14,8,11,19,4,2,6,7,7,14,6,5,11,10,12,22,4,4,8,73,74,147,147,111,0.7551020408163265
2020-05-18,20,19,39,8,10,18,21,20,41,21,16,37,10,15,25,14,10,24,11,13,24,17,14,31,16,13,29,2,11,13,140,141,281,281,218,0.7758007117437722
2020-05-19,16,16,32,13,12,25,25,20,45,31,24,55,25,13,38,15,14,29,13,13,26,11,18,29,10,21,31,3,9,12,162,160,322,322,218,0.6770186335403726
2020-05-20,24,33,57,9,15,24,26,19,45,36,17,53,15,14,29,9,12,21,19,14,33,10,11,21,12,15,27,6,6,12,166,156,322,322,209,0.6490683229813664
2020-05-21,27,29,56,18,6,24,30,20,50,27,20,47,15,18,33,17,11,28,10,6,16,16,9,25,8,16,24,1,4,5,169,139,308,308,162,0.525974025974026
2020-05-22,29,15,44,12,13,25,26,26,52,18,23,41,17,13,30,12,8,20,6,9,15,10,10,20,6,14,20,6,13,19,142,144,286,286,141,0.493006993006993
2020-05-23,15,14,29,11,13,24,24,16,40,24,16,40,10,13,23,7,7,14,12,10,22,9,12,21,9,5,14,2,2,4,123,108,231,231,140,0.6060606060606061
2020-05-24,15,18,33,7,7,14,10,9,19,14,10,24,9,4,13,5,4,9,10,5,15,10,8,18,5,11,16,2,6,8,87,82,169,169,122,0.7218934911242604
2020-05-25,24,21,45,17,17,34,21,23,44,11,13,24,15,10,25,6,7,13,5,6,11,12,4,16,9,15,24,2,8,10,122,124,246,246,133,0.540650406504065
2020-05-26,28,25,53,19,19,38,32,31,63,44,28,72,16,23,39,8,14,22,8,5,13,14,5,19,10,15,25,3,10,13,182,175,357,357,259,0.7254901960784313
2020-05-27,36,28,64,14,14,28,19,24,43,22,15,37,17,10,27,18,12,30,9,8,17,6,12,18,4,15,19,4,2,6,149,140,289,289,219,0.7577854671280276
2020-05-28,25,36,61,17,11,28,24,28,52,19,20,39,24,18,42,11,17,28,10,12,22,10,6,16,14,17,31,4,14,18,158,179,337,337,241,0.7151335311572701
2020-05-29,33,25,58,22,16,38,36,29,65,28,35,63,25,20,45,15,15,30,13,11,24,15,11,26,14,16,30,2,4,6,203,182,385,385,291,0.7558441558441559
2020-05-30,25,20,45,14,9,23,33,23,56,35,14,49,12,16,28,10,13,23,6,6,12,10,10,20,8,11,19,1,7,8,154,129,283,282,128,0.45390070921985815
2020-05-31,21,13,34,10,9,19,15,10,25,11,9,20,12,5,17,5,8,13,7,4,11,12,5,17,5,10,15,1,8,9,99,81,180,180,96,0.5333333333333333
2020-06-01,29,23,52,16,15,31,26,35,61,26,29,55,16,17,33,14,12,26,21,13,34,12,8,20,5,10,15,5,4,9,170,166,336,336,228,0.6785714285714286
2020-06-02,36,23,59,20,19,39,30,25,55,20,25,45,17,18,35,10,12,22,16,8,24,21,11,32,6,14,20,4,11,15,180,166,346,346,207,0.5982658959537572
2020-06-03,32,17,49,14,24,38,24,26,50,24,34,58,13,21,34,8,10,18,14,13,27,17,11,28,10,16,26,2,9,11,158,181,339,339,189,0.5575221238938053
2020-06-04,25,23,48,18,19,37,30,25,55,17,22,39,17,14,31,21,13,34,10,6,16,19,12,31,10,16,26,3,9,12,170,159,329,328,207,0.6310975609756098
2020-06-05,35,35,70,13,17,30,33,22,55,26,36,62,26,24,50,19,21,40,12,14,26,15,11,26,12,20,32,3,9,12,194,209,403,403,348,0.8635235732009926
2020-06-06,23,20,43,14,11,25,19,16,35,27,25,52,12,13,25,13,7,20,10,10,20,10,9,19,10,17,27,2,9,11,140,137,277,272,188,0.6911764705882353
2020-06-07,14,22,36,12,11,23,17,11,28,16,14,30,15,8,23,10,7,17,7,4,11,8,6,14,11,12,23,2,8,10,112,103,215,212,121,0.5707547169811321
2020-06-08,24,28,52,19,20,39,33,25,58,35,28,63,34,18,52,19,17,36,12,11,23,16,16,32,10,17,27,4,7,11,206,187,393,392,245,0.625
2020-06-09,47,29,76,21,22,43,17,33,50,25,28,53,28,19,47,16,7,23,12,7,19,8,15,23,12,26,38,3,11,14,189,197,386,385,328,0.8519480519480519
2020-06-10,21,24,45,14,16,30,36,19,55,27,35,62,28,19,47,21,19,40,18,11,29,20,24,44,6,20,26,6,14,20,197,201,398,398,274,0.6884422110552764
2020-06-11,30,32,62,13,17,30,28,27,55,32,26,58,14,23,37,15,22,37,11,21,32,16,14,30,7,24,31,3,14,17,169,220,389,389,279,0.7172236503856041
2020-06-12,31,40,71,9,23,32,47,30,77,41,44,85,29,30,59,16,16,32,22,16,38,16,14,30,6,20,26,4,9,13,221,242,463,463,306,0.6609071274298056
2020-06-13,33,25,58,21,21,42,32,30,62,32,22,54,7,19,26,15,12,27,10,5,15,13,8,21,6,15,21,2,7,9,171,164,335,335,229,0.6835820895522388
2020-06-14,17,23,40,19,16,35,21,20,41,19,14,33,16,11,27,10,16,26,10,4,14,3,12,15,13,21,34,1,8,9,129,145,274,274,189,0.6897810218978102
2020-06-15,25,30,55,24,16,40,26,28,54,20,19,39,19,12,31,12,10,22,12,3,15,12,9,21,7,16,23,2,10,12,159,153,312,312,191,0.6121794871794872
2020-06-16,47,50,97,18,19,37,56,40,96,48,28,76,33,24,57,20,17,37,15,13,28,15,6,21,12,22,34,3,14,17,267,233,500,500,300,0.6
2020-06-17,38,36,74,17,25,42,48,32,80,35,43,78,32,19,51,26,16,42,15,12,27,9,19,28,16,15,31,2,9,11,238,226,464,464,377,0.8125
2020-06-18,42,39,81,15,13,28,50,35,85,49,48,97,40,20,60,29,21,50,20,17,37,11,17,28,16,23,39,2,11,13,274,244,518,518,447,0.862934362934363
2020-06-19,50,26,76,13,24,37,31,33,64,57,36,93,36,34,70,34,19,53,27,17,44,20,18,38,17,18,35,7,13,20,292,238,530,530,551,1.039622641509434
2020-06-20,30,29,59,15,19,34,33,22,55,35,26,61,23,26,49,16,19,35,16,14,30,10,9,19,7,15,22,4,5,9,189,184,373,373,217,0.5817694369973191
2020-06-21,30,18,48,16,17,33,25,26,51,20,25,45,16,7,23,13,9,22,8,10,18,9,5,14,6,10,16,1,7,8,144,134,278,278,120,0.4316546762589928
2020-06-22,44,35,79,26,25,51,34,39,73,47,24,71,28,28,56,23,26,49,17,18,35,18,15,33,6,22,28,2,12,14,245,244,489,489,329,0.6728016359918201
2020-06-23,43,39,82,25,31,56,48,36,84,55,43,98,31,31,62,16,32,48,17,19,36,11,12,23,12,15,27,2,6,8,260,264,524,524,308,0.5877862595419847
2020-06-24,36,35,71,25,20,45,43,43,86,36,47,83,31,27,58,22,24,46,11,17,28,10,13,23,14,14,28,2,5,7,230,245,475,475,217,0.4568421052631579
2020-06-25,43,52,95,31,37,68,39,37,76,38,30,68,39,34,73,36,30,66,9,14,23,10,14,24,9,11,20,5,6,11,259,265,524,524,343,0.6545801526717557
2020-06-26,39,28,67,31,22,53,52,40,92,39,41,80,32,30,62,16,22,38,21,17,38,11,15,26,11,19,30,1,9,10,253,243,496,496,243,0.4899193548387097
2020-06-27,47,50,97,27,34,61,36,39,75,31,34,65,27,20,47,20,10,30,16,6,22,3,14,17,7,7,14,4,6,10,218,220,438,438,234,0.5342465753424658
2020-06-28,38,19,57,14,16,30,14,34,48,30,26,56,17,18,35,18,13,31,10,6,16,8,8,16,8,11,19,6,7,13,163,158,321,321,163,0.5077881619937694
2020-06-29,39,44,83,29,36,65,42,38,80,47,32,79,24,24,48,15,31,46,24,10,34,13,16,29,13,16,29,3,7,10,249,254,503,503,284,0.5646123260437376
2020-06-30,29,35,64,11,25,36,47,34,81,33,38,71,32,31,63,27,23,50,20,9,29,18,10,28,7,18,25,2,11,13,226,234,460,459,242,0.5272331154684096
2020-07-01,39,30,69,17,26,43,52,42,94,41,30,71,27,28,55,25,28,53,17,13,30,14,12,26,9,20,29,3,6,9,244,235,479,478,256,0.5355648535564853
2020-07-02,48,49,97,21,28,49,45,47,92,48,43,91,38,28,66,18,23,41,18,10,28,8,13,21,14,12,26,3,5,8,261,258,519,519,203,0.3911368015414258
2020-07-03,48,33,81,28,18,46,40,33,73,47,51,98,25,32,57,21,20,41,19,13,32,10,16,26,9,17,26,4,4,8,251,237,488,488,254,0.5204918032786885
2020-07-04,28,34,62,19,20,39,35,36,71,27,28,55,27,17,44,20,13,33,9,8,17,10,14,24,5,11,16,3,6,9,183,187,370,370,161,0.43513513513513513
2020-07-05,22,32,54,20,12,32,27,33,60,28,31,59,10,23,33,17,16,33,17,14,31,15,14,29,9,14,23,3,8,11,168,197,365,365,174,0.4767123287671233
2020-07-06,28,32,60,20,16,36,42,41,83,55,29,84,33,29,62,30,23,53,21,22,43,18,28,46,10,23,33,3,9,12,260,252,512,512,161,0.314453125
2020-07-07,40,58,98,22,24,46,53,46,99,50,37,87,26,32,58,29,19,48,20,17,37,12,12,24,10,21,31,7,12,19,269,278,547,547,208,0.3802559414990859
2020-07-08,41,28,69,27,29,56,53,39,92,38,40,78,44,39,83,21,32,53,18,18,36,16,21,37,12,15,27,4,14,18,274,275,549,549,252,0.45901639344262296
2020-07-09,29,20,49,15,13,28,28,28,56,37,25,62,30,26,56,13,13,26,10,16,26,9,23,32,4,15,19,7,7,14,182,186,368,368,148,0.40217391304347827
2020-07-10,27,21,48,21,22,43,29,29,58,30,29,59,23,21,44,14,15,29,20,16,36,16,12,28,13,17,30,1,10,11,194,192,386,386,143,0.3704663212435233
2020-07-11,25,35,60,19,11,30,19,26,45,25,32,57,22,26,48,15,21,36,19,13,32,14,18,32,3,18,21,2,10,12,163,210,373,373,165,0.44235924932975873
2020-07-12,22,17,39,16,9,25,20,20,40,25,15,40,15,12,27,9,10,19,10,10,20,10,6,16,6,11,17,4,6,10,137,116,253,253,94,0.3715415019762846
2020-07-13,30,40,70,26,22,48,42,40,82,40,42,82,39,35,74,27,34,61,32,25,57,20,34,54,12,46,58,2,25,27,270,343,613,613,356,0.5807504078303426
2020-07-14,35,33,68,27,20,47,35,28,63,63,40,103,38,34,72,32,18,50,22,25,47,19,28,47,6,17,23,7,14,21,284,257,541,541,241,0.4454713493530499
2020-07-15,30,39,69,35,23,58,39,63,102,62,53,115,40,42,82,26,31,57,22,24,46,12,19,31,14,15,29,7,5,12,287,314,601,601,246,0.40931780366056575
2020-07-16,45,26,71,21,34,55,45,58,103,58,39,97,36,44,80,28,32,60,18,16,34,16,19,35,18,30,48,2,17,19,287,315,602,602,341,0.5664451827242525
2020-07-17,42,39,81,25,23,48,31,42,73,41,52,93,38,52,90,30,37,67,25,27,52,18,17,35,16,20,36,4,10,14,270,319,589,589,281,0.4770797962648557
2020-07-18,26,26,52,20,15,35,40,35,75,35,41,76,28,33,61,26,24,50,27,20,47,10,11,21,15,21,36,2,6,8,229,232,461,461,266,0.5770065075921909
2020-07-19,29,34,63,14,20,34,25,26,51,26,33,59,25,25,50,24,23,47,14,12,26,14,9,23,11,17,28,2,6,8,184,205,389,389,148,0.38046272493573263
2020-07-20,51,44,95,37,31,68,54,51,105,53,64,117,45,65,110,35,42,77,29,37,66,20,25,45,21,21,42,3,11,14,348,391,739,739,284,0.38430311231393777
2020-07-21,41,34,75,26,23,49,51,45,96,62,51,113,43,42,85,35,35,70,26,29,55,22,25,47,13,26,39,5,10,15,324,320,644,644,249,0.38664596273291924
2020-07-22,58,36,94,23,25,48,70,55,125,59,57,116,52,43,95,31,32,63,17,23,40,25,21,46,13,32,45,1,10,11,349,334,683,683,273,0.39970717423133234
2020-07-23,49,41,90,25,30,55,57,54,111,56,63,119,37,36,73,31,27,58,18,25,43,17,21,38,8,21,29,7,9,16,305,327,632,632,349,0.5522151898734177
2020-07-24,36,40,76,23,22,45,62,51,113,54,68,122,44,39,83,31,23,54,31,14,45,13,23,36,11,25,36,2,14,16,307,319,626,626,306,0.48881789137380194
2020-07-25,35,32,67,27,16,43,38,44,82,46,46,92,30,32,62,13,13,26,15,18,33,13,15,28,12,16,28,5,4,9,234,236,470,470,256,0.5446808510638298
2020-07-26,30,29,59,15,15,30,23,21,44,25,29,54,32,14,46,18,19,37,12,11,23,14,12,26,8,16,24,5,6,11,182,172,354,354,178,0.5028248587570622
2020-07-27,32,39,71,30,25,55,51,44,95,55,45,100,46,49,95,30,41,71,26,27,53,18,21,39,17,20,37,5,19,24,310,330,640,640,281,0.4390625
2020-07-28,41,37,78,24,23,47,68,74,142,58,46,104,43,45,88,40,44,84,33,30,63,14,28,42,10,26,36,5,20,25,336,373,709,709,285,0.4019746121297602
2020-07-29,41,39,80,26,32,58,63,53,116,58,54,112,60,50,110,33,46,79,27,33,60,23,24,47,18,29,47,5,24,29,354,384,738,738,303,0.4105691056910569
2020-07-30,48,40,88,35,37,72,84,66,150,68,64,132,59,46,105,46,42,88,24,28,52,16,18,34,8,19,27,1,6,7,389,366,755,755,331,0.4384105960264901
2020-07-31,39,46,85,19,29,48,55,70,125,76,68,144,53,39,92,39,38,77,23,34,57,21,26,47,11,28,39,6,18,24,342,396,738,738,344,0.46612466124661245
2020-08-01,30,30,60,16,26,42,29,42,71,35,44,79,29,42,71,30,27,57,20,9,29,20,16,36,12,22,34,1,11,12,222,269,491,491,246,0.5010183299389002
2020-08-02,36,27,63,18,18,36,30,23,53,34,35,69,23,37,60,20,25,45,12,18,30,7,17,24,12,15,27,2,7,9,194,222,416,416,183,0.43990384615384615
2020-08-03,48,51,99,30,31,61,54,56,110,60,47,107,40,52,92,30,33,63,31,24,55,11,21,32,14,33,47,4,14,18,322,362,684,684,335,0.489766081871345
2020-08-04,50,37,87,35,38,73,71,47,118,70,57,127,59,42,101,40,35,75,26,22,48,17,25,42,17,31,48,5,15,20,390,349,739,739,344,0.4654939106901218
2020-08-05,45,44,89,37,27,64,58,45,103,52,61,113,38,42,80,40,45,85,30,30,60,22,21,43,16,20,36,3,8,11,341,343,684,684,477,0.6973684210526315
2020-08-06,44,36,80,25,37,62,59,62,121,59,65,124,55,57,112,34,43,77,27,23,50,19,21,40,16,24,40,5,13,18,343,381,724,723,396,0.5477178423236515
2020-08-07,53,44,97,29,27,56,60,61,121,65,53,118,43,61,104,40,28,68,19,27,46,20,30,50,13,37,50,5,23,28,347,391,738,738,331,0.44850948509485095
2020-08-08,37,33,70,21,21,42,39,37,76,63,57,120,36,40,76,31,32,63,20,20,40,13,24,37,11,21,32,1,20,21,272,305,577,577,181,0.31369150779896016
2020-08-09,31,32,63,17,13,30,31,38,69,41,35,76,29,40,69,30,34,64,19,19,38,16,22,38,15,46,61,4,17,21,233,296,529,529,182,0.3440453686200378
2020-08-10,53,43,96,33,30,63,73,58,131,72,51,123,55,56,111,37,39,76,21,18,39,17,26,43,12,20,32,4,11,15,377,352,729,729,279,0.38271604938271603
2020-08-11,45,39,84,39,25,64,70,63,133,79,69,148,63,62,125,45,42,87,32,27,59,25,32,57,15,27,42,7,12,19,420,398,818,818,354,0.43276283618581907
2020-08-12,40,45,85,39,31,70,56,78,134,52,90,142,58,60,118,37,42,79,29,27,56,16,27,43,11,20,31,5,16,21,343,436,779,779,285,0.36585365853658536
2020-08-13,29,43,72,41,28,69,77,75,152,88,96,184,54,55,109,51,45,96,21,34,55,28,18,46,11,26,37,4,15,19,404,435,839,839,294,0.3504171632896305
2020-08-14,28,31,59,23,27,50,84,82,166,67,77,144,68,49,117,45,45,90,32,31,63,23,31,54,13,21,34,3,12,15,386,406,792,792,325,0.41035353535353536
2020-08-15,47,25,72,38,28,66,48,55,103,54,63,117,32,54,86,31,30,61,24,24,48,15,32,47,9,46,55,4,17,21,302,374,676,676,251,0.371301775147929
2020-08-16,34,22,56,15,11,26,47,40,87,40,41,81,22,33,55,22,23,45,13,23,36,16,16,32,9,32,41,4,22,26,222,263,485,484,198,0.4090909090909091
2020-08-17,31,18,49,25,21,46,51,50,101,56,56,112,42,47,89,34,47,81,16,37,53,17,15,32,9,20,29,0,13,13,281,324,605,605,249,0.4115702479338843
2020-08-18,49,45,94,33,18,51,59,57,116,81,75,156,49,46,95,32,66,98,21,32,53,23,28,51,9,19,28,0,17,17,356,403,759,759,245,0.3227931488801054
2020-08-19,51,39,90,26,30,56,53,71,124,68,67,135,44,51,95,39,35,74,19,30,49,18,32,50,13,38,51,4,16,20,335,409,744,744,240,0.3225806451612903
2020-08-20,29,33,62,25,25,50,62,67,129,53,70,123,33,49,82,37,34,71,27,31,58,15,21,36,16,22,38,3,13,16,300,365,665,665,266,0.4
2020-08-21,30,49,79,35,28,63,51,62,113,65,75,140,55,52,107,43,50,93,34,35,69,24,37,61,15,35,50,5,9,14,357,432,789,789,348,0.44106463878326996
2020-08-22,21,20,41,28,20,48,43,38,81,40,61,101,40,34,74,26,22,48,27,24,51,16,23,39,10,14,24,3,15,18,254,271,525,525,246,0.4685714285714286
2020-08-23,27,33,60,16,17,33,29,28,57,35,40,75,29,25,54,24,31,55,18,20,38,10,22,32,12,7,19,5,4,9,205,227,432,432,132,0.3055555555555556
2020-08-24,53,49,102,25,28,53,54,70,124,66,64,130,52,64,116,52,37,89,27,35,62,20,26,46,16,22,38,5,18,23,370,413,783,783,323,0.4125159642401022
2020-08-25,32,40,72,34,25,59,60,81,141,73,83,156,47,48,95,36,47,83,22,31,53,16,19,35,15,31,46,6,15,21,341,420,761,761,302,0.3968462549277267
2020-08-26,49,25,74,29,35,64,74,70,144,68,63,131,47,59,106,40,45,85,31,27,58,22,28,50,17,29,46,3,15,18,380,396,776,776,297,0.38273195876288657
2020-08-27,47,35,82,40,37,77,81,68,149,75,70,145,60,64,124,48,40,88,21,32,53,27,26,53,17,32,49,5,21,26,421,425,846,846,299,0.3534278959810875
2020-08-28,42,39,81,46,30,76,89,85,174,70,79,149,62,66,128,51,65,116,26,39,65,31,29,60,12,22,34,4,9,13,433,463,896,896,381,0.4252232142857143
2020-08-29,31,19,50,17,19,36,62,54,116,50,76,126,51,45,96,32,33,65,31,22,53,18,19,37,10,24,34,3,16,19,305,327,632,632,337,0.5332278481012658
2020-08-30,24,34,58,26,20,46,47,43,90,51,36,87,42,42,84,30,30,60,17,22,39,13,18,31,7,14,21,3,5,8,260,264,524,524,159,0.30343511450381677
2020-08-31,43,30,73,35,29,64,72,65,137,61,70,131,56,61,117,33,39,72,29,39,68,28,30,58,20,41,61,2,14,16,379,418,797,797,442,0.5545796737766625
2020-09-01,43,42,85,28,46,74,70,73,143,93,81,174,69,46,115,35,61,96,23,27,50,17,28,45,15,43,58,7,15,22,400,462,862,861,342,0.397212543554007
2020-09-02,38,27,65,25,23,48,50,70,120,59,82,141,52,44,96,39,41,80,20,25,45,27,25,52,17,31,48,4,28,32,331,396,727,727,380,0.5226960110041265
2020-09-03,39,32,71,38,30,68,77,81,158,97,86,183,60,55,115,43,39,82,26,34,60,20,26,46,13,28,41,4,9,13,417,420,837,837,364,0.4348864994026284
2020-09-04,39,43,82,32,35,67,66,69,135,73,78,151,60,75,135,35,47,82,35,41,76,29,26,55,14,27,41,4,16,20,387,457,844,844,364,0.4312796208530806
2020-09-05,31,26,57,19,14,33,53,51,104,59,77,136,42,60,102,26,36,62,30,29,59,19,18,37,15,21,36,2,7,9,296,339,635,635,372,0.5858267716535434
2020-09-06,27,27,54,16,17,33,24,41,65,38,39,77,31,34,65,18,30,48,18,25,43,10,23,33,13,17,30,1,9,10,196,262,458,458,191,0.4170305676855895
2020-09-07,32,35,67,32,33,65,74,84,158,80,76,156,55,68,123,40,64,104,41,34,75,16,25,41,14,33,47,7,14,21,391,466,857,857,366,0.42707117852975496
2020-09-08,36,34,70,32,31,63,68,71,139,83,84,167,56,57,113,50,56,106,32,44,76,30,29,59,18,25,43,6,22,28,411,453,864,864,399,0.4618055555555556
2020-09-09,45,32,77,26,39,65,72,64,136,71,71,142,60,56,116,48,48,96,34,44,78,24,30,54,15,37,52,1,19,20,396,440,836,836,429,0.5131578947368421
2020-09-10,35,22,57,39,28,67,83,76,159,87,94,181,74,63,137,42,49,91,27,29,56,24,26,50,12,35,47,2,16,18,425,438,863,863,426,0.4936268829663963
2020-09-11,39,35,74,47,28,75,69,60,129,70,85,155,57,68,125,46,64,110,39,33,72,27,29,56,18,28,46,3,10,13,415,440,855,855,437,0.5111111111111111
2020-09-12,27,23,50,22,24,46,40,43,83,41,60,101,30,40,70,32,39,71,28,30,58,23,23,46,12,32,44,2,13,15,257,327,584,584,301,0.5154109589041096
2020-09-13,32,25,57,17,14,31,40,48,88,43,56,99,24,31,55,30,28,58,30,29,59,14,11,25,3,14,17,5,9,14,238,265,503,503,198,0.39363817097415504
2020-09-14,37,41,78,34,33,67,67,88,155,73,73,146,50,62,112,56,56,112,43,45,88,27,30,57,19,19,38,1,10,11,407,457,864,864,379,0.4386574074074074
2020-09-15,45,30,75,24,17,41,66,47,113,67,94,161,48,51,99,34,47,81,38,42,80,24,36,60,15,35,50,1,13,14,362,412,774,774,397,0.5129198966408268
2020-09-16,53,41,94,47,47,94,79,91,170,65,87,152,61,62,123,42,50,92,34,37,71,23,21,44,16,31,47,3,11,14,423,478,901,901,318,0.35294117647058826
2020-09-17,39,34,73,31,46,77,62,65,127,63,71,134,60,74,134,54,61,115,39,41,80,29,28,57,15,19,34,3,4,7,395,443,838,838,397,0.4737470167064439
2020-09-18,43,48,91,26,42,68,65,78,143,90,100,190,49,60,109,40,48,88,30,48,78,34,28,62,13,24,37,3,13,16,393,489,882,882,377,0.427437641723356
2020-09-19,17,36,53,18,30,48,33,34,67,39,50,89,29,30,59,23,22,45,34,27,61,19,22,41,15,20,35,3,7,10,230,278,508,508,234,0.46062992125984253
2020-09-20,29,31,60,28,29,57,34,37,71,42,34,76,30,33,63,20,27,47,14,22,36,21,17,38,4,18,22,3,8,11,225,256,481,481,129,0.2681912681912682
2020-09-21,37,39,76,30,38,68,66,55,121,63,81,144,49,59,108,40,38,78,36,40,76,27,28,55,11,16,27,1,10,11,360,404,764,764,326,0.42670157068062825
2020-09-22,51,47,98,40,46,86,66,81,147,66,72,138,59,43,102,50,49,99,39,29,68,28,32,60,13,34,47,3,13,16,415,446,861,861,302,0.3507549361207898
2020-09-23,48,36,84,25,31,56,48,79,127,63,75,138,46,56,102,40,44,84,36,38,74,20,38,58,11,25,36,2,12,14,339,434,773,773,266,0.34411384217335056
2020-09-24,49,44,93,41,40,81,77,64,141,83,79,162,58,57,115,37,41,78,17,56,73,18,29,47,23,27,50,7,21,28,410,458,868,868,328,0.3778801843317972
2020-09-25,42,31,73,32,28,60,63,67,130,65,63,128,61,53,114,40,44,84,35,43,78,21,28,49,19,25,44,0,12,12,378,394,772,772,372,0.48186528497409326
2020-09-26,25,22,47,28,24,52,41,39,80,50,40,90,39,40,79,26,42,68,26,22,48,20,16,36,10,19,29,6,9,15,271,273,544,544,213,0.3915441176470588
2020-09-27,29,31,60,17,26,43,44,51,95,36,41,77,42,33,75,29,31,60,24,20,44,6,18,24,9,14,23,2,6,8,238,271,509,509,163,0.32023575638506874
2020-09-28,42,30,72,33,33,66,58,56,114,71,71,142,71,45,116,58,62,120,49,28,77,22,30,52,17,27,44,4,20,24,425,402,827,827,351,0.4244256348246675
2020-09-29,54,42,96,42,48,90,79,61,140,90,87,177,65,54,119,42,45,87,43,48,91,32,50,82,23,38,61,2,24,26,472,497,969,969,273,0.28173374613003094
2020-09-30,46,41,87,34,40,74,71,80,151,72,68,140,54,52,106,46,54,100,38,50,88,32,30,62,10,24,34,5,9,14,408,448,856,856,338,0.39485981308411217
2020-10-01,45,56,101,31,58,89,77,90,167,84,85,169,50,67,117,45,43,88,42,44,86,29,51,80,14,20,34,4,11,15,421,525,946,946,383,0.4048625792811839
2020-10-02,63,57,120,36,40,76,65,83,148,65,87,152,49,66,115,51,42,93,44,43,87,31,40,71,14,36,50,4,16,20,422,510,932,932,468,0.5021459227467812
2020-10-03,29,28,57,25,35,60,51,48,99,49,50,99,40,39,79,36,30,66,19,30,49,21,18,39,7,19,26,3,7,10,280,304,584,584,249,0.4263698630136986
2020-10-04,33,34,67,24,24,48,43,46,89,35,37,72,38,37,75,29,27,56,20,21,41,15,16,31,9,25,34,3,3,6,249,270,519,519,239,0.4605009633911368
2020-10-05,27,42,69,31,30,61,61,62,123,91,78,169,82,57,139,50,53,103,60,38,98,32,47,79,21,30,51,3,7,10,458,444,902,902,424,0.4700665188470067
2020-10-06,36,53,89,42,40,82,66,60,126,81,70,151,85,52,137,51,46,97,37,42,79,31,37,68,18,28,46,6,11,17,453,439,892,892,329,0.3688340807174888
2020-10-07,50,37,87,28,32,60,74,77,151,85,93,178,59,68,127,40,66,106,44,47,91,32,35,67,18,30,48,8,6,14,438,491,929,929,308,0.33153928955866524
2020-10-08,49,38,87,40,31,71,71,76,147,72,83,155,62,63,125,44,55,99,39,40,79,29,38,67,15,28,43,5,24,29,426,476,902,902,420,0.4656319290465632
2020-10-09,37,50,87,53,49,102,59,95,154,91,107,198,56,73,129,52,65,117,38,46,84,27,42,69,12,27,39,4,14,18,429,568,997,997,599,0.600802407221665
2020-10-10,25,37,62,34,28,62,62,62,124,62,65,127,48,56,104,40,51,91,37,32,69,17,30,47,17,22,39,9,13,22,351,396,747,747,452,0.6050870147255689
2020-10-11,36,29,65,21,22,43,46,65,111,58,70,128,52,46,98,37,30,67,37,38,75,19,31,50,16,25,41,2,9,11,324,365,689,689,428,0.6211901306240929
2020-10-12,33,36,69,47,38,85,79,88,167,80,85,165,64,75,139,51,77,128,58,44,102,41,47,88,23,47,70,2,20,22,478,557,1035,1035,425,0.4106280193236715
2020-10-13,65,57,122,59,49,108,121,120,241,113,138,251,77,93,170,86,96,182,62,58,120,40,57,97,29,52,81,8,24,32,660,744,1404,1404,568,0.4045584045584046
2020-10-14,55,51,106,42,58,100,101,126,227,109,130,239,72,94,166,65,79,144,55,52,107,52,57,109,22,34,56,0,20,20,573,701,1274,1274,574,0.45054945054945056
2020-10-15,53,47,100,56,59,115,118,126,244,137,136,273,109,118,227,81,92,173,67,75,142,37,56,93,19,40,59,8,15,23,685,764,1449,1449,548,0.378191856452726
2020-10-16,73,49,122,54,71,125,145,168,313,142,120,262,117,119,236,85,98,183,60,68,128,44,59,103,27,50,77,3,35,38,750,837,1587,1587,655,0.4127284183994959
2020-10-17,31,34,65,33,44,77,99,89,188,91,112,203,79,87,166,44,55,99,42,55,97,42,42,84,14,33,47,4,15,19,479,566,1045,1045,478,0.4574162679425837
2020-10-18,29,31,60,27,29,56,39,55,94,63,79,142,34,54,88,43,40,83,31,27,58,24,39,63,12,40,52,1,12,13,303,406,709,709,385,0.5430183356840621
2020-10-19,80,59,139,58,68,126,130,158,288,142,168,310,138,148,286,93,96,189,84,78,162,52,66,118,26,50,76,3,16,19,806,907,1713,1713,875,0.5107997664915354
2020-10-20,62,68,130,66,65,131,150,139,289,133,148,281,112,140,252,90,97,187,73,68,141,41,53,94,35,48,83,1,23,24,763,849,1612,1612,1112,0.6898263027295285
2020-10-21,48,37,85,80,57,137,106,147,253,108,109,217,93,100,193,76,65,141,63,56,119,35,48,83,21,48,69,3,20,23,633,687,1320,1320,801,0.6068181818181818
2020-10-22,47,39,86,68,76,144,95,114,209,91,113,204,91,105,196,65,81,146,47,60,107,30,41,71,27,42,69,5,22,27,566,693,1259,1259,886,0.7037331215250199
2020-10-23,41,37,78,50,42,92,79,97,176,81,100,181,65,93,158,62,56,118,45,62,107,43,40,83,25,19,44,5,25,30,496,571,1067,1067,846,0.7928772258669166
2020-10-24,25,27,52,24,41,65,64,49,113,50,62,112,49,52,101,39,41,80,25,34,59,27,30,57,9,23,32,5,13,18,317,372,689,689,616,0.8940493468795355
2020-10-25,42,31,73,22,30,52,64,71,135,63,95,158,53,54,107,49,57,106,34,35,69,26,34,60,8,19,27,4,3,7,365,429,794,794,728,0.9168765743073047
2020-10-26,50,45,95,66,52,118,94,113,207,109,128,237,73,105,178,71,88,159,47,59,106,42,55,97,18,47,65,4,20,24,574,712,1286,1286,1108,0.8615863141524106
2020-10-27,43,50,93,48,47,95,119,124,243,102,105,207,107,90,197,73,99,172,70,84,154,46,55,101,17,28,45,3,10,13,628,692,1320,1320,1136,0.8606060606060606
2020-10-28,50,53,103,45,44,89,87,127,214,109,114,223,62,83,145,73,85,158,59,55,114,33,36,69,12,34,46,4,14,18,534,645,1179,1179,950,0.8057675996607294
2020-10-29,38,35,73,40,51,91,128,106,234,126,127,253,80,100,180,55,69,124,56,60,116,29,35,64,18,28,46,2,8,10,572,619,1191,1191,1143,0.9596977329974811
2020-10-30,43,29,72,37,51,88,85,128,213,103,113,216,81,82,163,49,66,115,48,60,108,24,34,58,19,30,49,5,17,22,494,610,1104,1104,872,0.7898550724637681
2020-10-31,33,23,56,22,30,52,57,61,118,58,81,139,45,57,102,36,39,75,34,42,76,22,24,46,9,15,24,3,4,7,319,376,695,695,592,0.8517985611510791
2020-11-01,47,37,84,33,51,84,66,79,145,70,89,159,69,59,128,42,61,103,36,53,89,28,28,56,10,22,32,3,6,9,404,485,889,889,744,0.8368953880764904
2020-11-02,44,49,93,46,56,102,100,121,221,114,103,217,77,96,173,71,70,141,65,64,129,38,39,77,18,29,47,3,13,16,576,640,1216,1216,989,0.8133223684210527
2020-11-03,37,32,69,31,33,64,81,98,179,85,81,166,65,48,113,55,57,112,46,44,90,38,34,72,20,36,56,2,12,14,460,475,935,935,687,0.73475935828877
2020-11-04,41,46,87,42,52,94,126,127,253,106,118,224,110,113,223,72,83,155,70,61,131,45,42,87,22,44,66,11,14,25,645,700,1345,1345,781,0.5806691449814126
2020-11-05,52,45,97,76,69,145,141,130,271,138,130,268,110,107,217,90,103,193,51,66,117,41,43,84,19,29,48,3,14,17,721,736,1457,1457,977,0.6705559368565546
2020-11-06,36,41,77,29,46,75,75,84,159,65,89,154,49,60,109,55,60,115,39,49,88,31,44,75,14,31,45,4,9,13,397,513,910,910,749,0.823076923076923
2020-11-07,35,36,71,34,42,76,57,77,134,56,90,146,58,61,119,45,64,109,46,50,96,29,32,61,23,21,44,7,5,12,390,478,868,868,657,0.7569124423963134
2020-11-08,48,50,98,41,42,83,72,71,143,70,91,161,58,70,128,41,50,91,46,48,94,31,32,63,10,20,30,4,5,9,421,479,900,900,740,0.8222222222222222
2020-11-09,62,60,122,71,47,118,92,122,214,113,144,257,88,101,189,85,79,164,61,68,129,25,43,68,28,40,68,3,10,13,628,714,1342,1342,1048,0.7809239940387481
2020-11-10,42,37,79,45,45,90,89,87,176,105,109,214,69,70,139,59,63,122,65,48,113,36,35,71,25,29,54,4,11,15,539,534,1073,1073,710,0.6616961789375583
2020-11-11,49,40,89,43,48,91,99,111,210,101,104,205,89,82,171,67,81,148,46,43,89,38,35,73,20,39,59,4,18,22,556,601,1157,1157,809,0.6992221261884183
2020-11-12,56,39,95,49,47,96,87,125,212,125,122,247,98,97,195,76,59,135,52,74,126,42,47,89,21,38,59,3,12,15,609,660,1269,1269,808,0.6367218282111899
2020-11-13,52,36,88,52,45,97,98,126,224,90,107,197,82,83,165,65,65,130,67,67,134,38,43,81,21,34,55,4,15,19,569,621,1190,1190,784,0.6588235294117647
2020-11-14,60,43,103,33,31,64,62,78,140,79,91,170,47,68,115,46,51,97,52,29,81,26,39,65,9,22,31,4,4,8,418,456,874,874,638,0.7299771167048055
2020-11-15,45,51,96,46,29,75,70,92,162,86,74,160,69,70,139,50,61,111,46,51,97,28,33,61,8,25,33,0,14,14,448,500,948,948,707,0.7457805907172996
2020-11-16,49,58,107,55,39,94,80,98,178,87,98,185,88,76,164,41,68,109,48,60,108,38,41,79,17,31,48,5,21,26,508,590,1098,1098,688,0.6265938069216758
2020-11-17,52,57,109,61,56,117,114,113,227,130,132,262,94,102,196,64,69,133,69,80,149,47,55,102,9,37,46,2,9,11,642,710,1352,1352,936,0.6923076923076923
2020-11-18,49,53,102,67,52,119,116,120,236,143,130,273,87,83,170,65,66,131,53,50,103,48,49,97,16,43,59,2,10,12,646,656,1302,1302,913,0.7012288786482335
2020-11-19,53,40,93,67,66,133,113,140,253,108,144,252,77,91,168,70,80,150,63,66,129,40,40,80,21,37,58,3,10,13,615,714,1329,1329,956,0.7193378480060195
2020-11-20,52,44,96,46,46,92,97,110,207,105,112,217,67,88,155,65,65,130,56,53,109,28,34,62,20,28,48,4,13,17,540,593,1133,1133,820,0.7237422771403353
2020-11-21,41,36,77,32,41,73,62,74,136,76,72,148,58,65,123,42,49,91,38,39,77,24,21,45,11,14,25,3,13,16,387,424,811,811,676,0.8335388409371147
2020-11-22,34,32,66,33,33,66,60,62,122,52,72,124,58,56,114,31,31,62,33,46,79,26,17,43,10,22,32,1,8,9,338,379,717,717,557,0.7768479776847977
2020-11-23,52,50,102,40,42,82,77,78,155,87,85,172,71,67,138,47,47,94,43,47,90,23,34,57,18,29,47,6,12,18,464,491,955,955,765,0.8010471204188482
2020-11-24,48,55,103,58,53,111,96,103,199,126,103,229,94,82,176,68,70,138,62,57,119,34,47,81,26,34,60,2,6,8,614,610,1224,1224,939,0.7671568627450981
2020-11-25,62,55,117,65,51,116,113,108,221,119,120,239,83,77,160,59,57,116,61,54,115,24,42,66,20,31,51,5,9,14,611,604,1215,1215,835,0.6872427983539094
2020-11-26,46,55,101,65,64,129,111,117,228,115,135,250,69,100,169,69,72,141,67,57,124,37,46,83,15,34,49,9,12,21,603,692,1295,1295,933,0.7204633204633205
2020-11-27,27,41,68,41,34,75,95,114,209,81,103,184,63,46,109,56,61,117,43,43,86,31,37,68,14,35,49,5,5,10,456,519,975,975,699,0.7169230769230769
2020-11-28,52,29,81,38,38,76,82,74,156,56,81,137,53,65,118,61,55,116,28,35,63,27,36,63,10,30,40,2,3,5,409,446,855,855,588,0.6877192982456141
2020-11-29,41,40,81,29,48,77,88,84,172,78,95,173,75,59,134,46,54,100,47,48,95,25,29,54,16,15,31,1,6,7,446,478,924,924,709,0.7673160173160173
2020-11-30,62,57,119,64,49,113,138,157,295,125,129,254,105,102,207,62,76,138,65,80,145,44,53,97,20,33,53,7,8,15,692,744,1436,1435,1006,0.7010452961672474
2020-12-01,47,52,99,44,59,103,125,126,251,103,126,229,89,100,189,40,65,105,61,78,139,41,46,87,20,30,50,2,3,5,572,685,1257,1257,813,0.6467780429594272
2020-12-02,28,24,52,37,40,77,77,85,162,66,94,160,63,81,144,45,48,93,36,36,72,31,34,65,14,18,32,5,10,15,402,470,872,872,338,0.3876146788990826
2020-12-03,41,48,89,49,53,102,96,140,236,116,134,250,94,92,186,66,62,128,63,70,133,40,34,74,14,25,39,2,9,11,581,667,1248,1248,286,0.22916666666666666
2020-12-04,44,49,93,53,57,110,100,99,199,107,111,218,86,94,180,70,83,153,57,74,131,42,42,84,17,33,50,7,9,16,583,651,1234,1234,411,0.33306320907617504
2020-12-05,37,37,74,42,38,80,91,82,173,99,72,171,57,57,114,39,44,83,34,36,70,20,22,42,11,21,32,5,8,13,435,417,852,852,421,0.49413145539906106
2020-12-06,35,35,70,37,28,65,63,60,123,64,54,118,44,62,106,34,42,76,34,33,67,26,29,55,16,16,32,1,3,4,354,362,716,716,285,0.39804469273743015
2020-12-07,27,41,68,47,34,81,94,100,194,75,83,158,61,70,131,41,48,89,31,36,67,28,38,66,13,20,33,4,6,10,421,476,897,897,252,0.2809364548494983
2020-12-08,35,44,79,30,36,66,84,94,178,85,83,168,57,56,113,55,55,110,43,41,84,21,40,61,7,19,26,4,4,8,421,472,893,893,274,0.3068309070548712
2020-12-09,46,44,90,47,56,103,139,151,290,147,154,301,119,99,218,104,108,212,91,84,175,45,66,111,19,34,53,3,17,20,760,813,1573,1573,502,0.31913541004450097
2020-12-10,52,45,97,83,90,173,162,180,342,168,197,365,119,128,247,121,122,243,98,91,189,41,37,78,18,44,62,6,10,16,868,944,1812,1812,372,0.2052980132450331
2020-12-11,43,48,91,62,67,129,170,195,365,182,190,372,130,136,266,118,133,251,107,123,230,54,63,117,20,28,48,2,8,10,888,991,1879,1879,350,0.18626929217668972
2020-12-12,45,41,86,67,56,123,131,145,276,135,164,299,135,124,259,108,101,209,73,109,182,43,60,103,11,24,35,2,10,12,750,834,1584,1584,383,0.24179292929292928
2020-12-13,42,32,74,53,67,120,103,129,232,126,147,273,105,111,216,110,103,213,77,65,142,40,32,72,10,24,34,6,5,11,672,715,1387,1387,229,0.1651045421773612
2020-12-14,66,46,112,62,61,123,166,169,335,173,174,347,125,137,262,119,129,248,100,112,212,58,69,127,21,31,52,9,12,21,899,940,1839,1839,460,0.2501359434475258
2020-12-15,46,44,90,68,74,142,134,168,302,166,166,332,121,115,236,119,133,252,108,111,219,54,50,104,13,18,31,1,13,14,830,892,1722,1721,384,0.2231260894828588
2020-12-16,33,43,76,75,100,175,172,208,380,214,236,450,154,172,326,148,139,287,134,128,262,72,73,145,21,21,42,4,12,16,1027,1132,2159,2159,437,0.20240852246410376
2020-12-17,54,59,113,87,78,165,169,222,391,236,264,500,176,173,349,139,138,277,69,106,175,54,49,103,12,23,35,2,7,9,998,1119,2117,2117,464,0.2191780821917808
2020-12-18,71,52,123,106,123,229,206,233,439,244,263,507,181,198,379,153,169,322,176,166,342,95,85,180,16,49,65,4,8,12,1252,1346,2598,2598,628,0.24172440338722093
2020-12-19,53,41,94,82,90,172,149,194,343,256,253,509,156,168,324,133,136,269,122,150,272,55,70,125,17,26,43,2,5,7,1025,1133,2158,2158,546,0.25301204819277107
2020-12-20,45,58,103,90,96,186,174,176,350,238,252,490,180,196,376,161,172,333,128,132,260,64,57,121,13,17,30,3,8,11,1096,1164,2260,2260,313,0.13849557522123893
2020-12-21,67,70,137,108,83,191,238,228,466,279,300,579,220,205,425,167,177,344,150,163,313,73,85,158,14,44,58,5,6,11,1321,1361,2682,2682,495,0.18456375838926176
2020-12-22,70,72,142,116,116,232,251,270,521,309,352,661,240,222,462,185,174,359,176,179,355,79,64,143,20,33,53,4,5,9,1450,1487,2937,2937,516,0.17568947906026558
2020-12-23,72,73,145,141,103,244,271,293,564,318,308,626,217,252,469,179,164,343,137,154,291,68,67,135,29,38,67,7,15,22,1439,1467,2906,2906,566,0.194769442532691
2020-12-24,39,46,85,58,77,135,156,152,308,193,173,366,138,123,261,82,95,177,69,93,162,43,41,84,5,23,28,3,5,8,786,828,1614,1614,444,0.275092936802974
2020-12-25,22,19,41,24,29,53,46,30,76,47,64,111,31,29,60,26,33,59,15,25,40,14,10,24,7,16,23,3,4,7,235,259,494,494,302,0.611336032388664
2020-12-26,57,44,101,121,140,261,188,240,428,306,278,584,185,221,406,159,158,317,92,126,218,53,65,118,19,30,49,1,13,14,1181,1315,2496,2496,511,0.2047275641025641
2020-12-27,38,35,73,151,139,290,208,180,388,295,267,562,245,230,475,170,194,364,150,144,294,61,81,142,24,35,59,3,11,14,1345,1316,2661,2661,290,0.1089815858699737
2020-12-28,79,66,145,176,191,367,329,337,666,435,424,859,301,317,618,221,251,472,157,186,343,70,91,161,27,46,73,3,16,19,1798,1925,3723,3723,563,0.15122213268869192
2020-12-29,67,61,128,162,176,338,308,326,634,329,310,639,284,283,567,186,183,369,148,173,321,80,95,175,24,54,78,9,15,24,1597,1676,3273,3273,520,0.15887564925145126
2020-12-30,64,55,119,189,198,387,318,303,621,407,365,772,263,291,554,207,257,464,154,161,315,82,86,168,26,45,71,3,12,15,1713,1773,3486,3485,734,0.21061692969870874
2020-12-31,47,47,94,137,118,255,236,231,467,233,279,512,191,222,413,144,139,283,67,87,154,41,57,98,13,29,42,1,7,8,1110,1216,2326,2326,455,0.19561478933791918
2021-01-01,20,15,35,28,29,57,42,52,94,49,62,111,45,40,85,38,39,77,21,23,44,17,17,34,5,16,21,1,4,5,266,297,563,563,243,0.43161634103019536
2021-01-02,59,47,106,119,136,255,209,228,437,256,268,524,186,207,393,133,186,319,154,147,301,67,71,138,15,38,53,3,8,11,1201,1336,2537,2537,473,0.1864406779661017
2021-01-03,40,44,84,189,185,374,308,346,654,417,396,813,270,329,599,200,252,452,183,190,373,79,105,184,23,38,61,3,6,9,1712,1891,3603,3603,391,0.10852067721343325
2021-01-04,63,58,121,155,144,299,397,438,835,429,471,900,327,350,677,210,261,471,178,181,359,93,100,193,34,62,96,4,12,16,1890,2077,3967,3967,563,0.1419208469876481
2021-01-05,50,63,113,195,194,389,405,468,873,461,484,945,341,349,690,227,271,498,187,272,459,101,109,210,27,59,86,5,12,17,1999,2281,4280,4279,583,0.13624678663239073
2021-01-06,60,57,117,208,195,403,418,406,824,439,429,868,350,350,700,258,277,535,192,224,416,103,124,227,31,58,89,4,20,24,2063,2140,4203,4202,605,0.14397905759162305
2021-01-07,56,54,110,152,175,327,314,337,651,369,359,728,272,259,531,183,226,409,160,176,336,81,115,196,27,51,78,2,10,12,1616,1762,3378,3378,592,0.17525162818235643
2021-01-08,66,54,120,162,192,354,348,338,686,311,368,679,221,306,527,184,212,396,120,160,280,72,106,178,28,37,65,7,9,16,1519,1782,3301,3300,677,0.20515151515151514
2021-01-09,39,51,90,141,177,318,264,313,577,353,376,729,241,269,510,182,209,391,123,173,296,53,74,127,22,40,62,0,12,12,1418,1694,3112,3110,499,0.16045016077170418
2021-01-10,52,52,104,161,175,336,275,298,573,305,370,675,232,266,498,172,202,374,131,120,251,43,75,118,12,32,44,1,13,14,1384,1603,2987,2987,344,0.11516571811181787
2021-01-11,66,46,112,183,198,381,388,418,806,387,447,834,287,314,601,211,230,441,141,183,324,80,76,156,22,40,62,1,8,9,1766,1960,3726,3726,540,0.14492753623188406
2021-01-12,77,50,127,164,175,339,317,379,696,300,347,647,240,274,514,173,226,399,144,138,282,53,74,127,30,31,61,3,10,13,1501,1704,3205,3204,469,0.14637952559300874
2021-01-13,81,75,156,191,217,408,377,392,769,345,370,715,280,289,569,203,244,447,164,193,357,73,77,150,18,48,66,6,4,10,1738,1909,3647,3647,486,0.13326021387441733
2021-01-14,63,67,130,199,195,394,332,368,700,329,388,717,245,291,536,203,256,459,146,171,317,63,77,140,21,38,59,3,6,9,1604,1857,3461,3461,606,0.1750939034960994
2021-01-15,75,60,135,306,311,617,411,458,869,491,524,1015,374,411,785,310,323,633,172,207,379,77,102,179,25,45,70,4,9,13,2245,2450,4695,4695,639,0.13610223642172525
2021-01-16,43,32,75,347,336,683,350,413,763,450,490,940,406,442,848,303,279,582,199,220,419,111,107,218,24,41,65,1,9,10,2234,2369,4603,4603,442,0.09602433195741908
2021-01-17,45,26,71,282,315,597,339,423,762,399,432,831,410,459,869,269,288,557,140,166,306,69,80,149,18,27,45,2,2,4,1973,2218,4191,4191,359,0.08565974707706991
2021-01-18,68,64,132,364,376,740,455,484,939,509,527,1036,460,483,943,350,378,728,240,263,503,107,124,231,32,48,80,2,9,11,2587,2756,5343,5343,497,0.09301890323788134
2021-01-19,68,60,128,335,320,655,440,449,889,503,506,1009,443,471,914,304,362,666,228,262,490,106,133,239,20,52,72,7,16,23,2454,2631,5085,5085,376,0.07394296951819075
2021-01-20,68,63,131,336,322,658,406,447,853,447,433,880,422,425,847,321,354,675,246,261,507,123,133,256,28,47,75,7,13,20,2404,2498,4902,4902,392,0.0799673602611179
2021-01-21,87,60,147,223,268,491,354,366,720,335,387,722,295,362,657,226,310,536,182,190,372,80,90,170,37,46,83,7,13,20,1826,2092,3918,3918,522,0.1332312404287902
2021-01-22,60,64,124,264,242,506,291,353,644,295,338,633,302,336,638,214,246,460,163,190,353,79,95,174,20,43,63,3,3,6,1691,1910,3601,3601,423,0.1174673701749514
2021-01-23,41,34,75,276,234,510,314,349,663,314,348,662,264,254,518,224,246,470,115,140,255,47,60,107,16,30,46,3,7,10,1614,1702,3316,3316,472,0.14234016887816647
2021-01-24,42,39,81,305,292,597,341,359,700,342,348,690,340,362,702,258,262,520,145,162,307,57,80,137,20,32,52,2,6,8,1852,1942,3794,3794,253,0.06668423827095414
2021-01-25,63,82,145,384,345,729,443,479,922,420,469,889,400,432,832,275,317,592,211,217,428,99,115,214,30,60,90,6,11,17,2331,2527,4858,4858,391,0.08048579662412515
2021-01-26,86,64,150,336,290,626,376,385,761,356,356,712,336,357,693,247,305,552,183,210,393,90,106,196,27,57,84,5,14,19,2042,2144,4186,4186,436,0.10415671285236502
2021-01-27,76,69,145,280,298,578,351,379,730,350,383,733,297,359,656,231,284,515,166,170,336,71,84,155,32,48,80,2,15,17,1856,2089,3945,3945,376,0.09531051964512041
2021-01-28,70,66,136,233,224,457,306,319,625,311,313,624,241,263,504,199,245,444,150,179,329,89,99,188,30,45,75,5,14,19,1634,1767,3401,3401,418,0.12290502793296089
2021-01-29,54,73,127,345,327,672,393,400,793,405,445,850,360,416,776,291,307,598,211,243,454,87,128,215,24,57,81,4,9,13,2174,2405,4579,4578,605,0.13215377894276978
2021-01-30,44,27,71,443,450,893,351,396,747,415,484,899,463,507,970,351,375,726,191,253,444,92,119,211,23,45,68,2,8,10,2375,2664,5039,5039,367,0.07283191109347092
2021-01-31,36,33,69,656,650,1306,464,481,945,552,591,1143,676,740,1416,456,498,954,232,260,492,94,123,217,24,44,68,2,12,14,3192,3432,6624,6624,214,0.03230676328502415
2021-02-01,57,58,115,518,601,1119,411,523,934,516,581,1097,604,632,1236,476,464,940,259,320,579,92,161,253,40,51,91,3,9,12,2976,3400,6376,6376,400,0.06273525721455459
2021-02-02,50,57,107,445,490,935,389,428,817,480,539,1019,581,640,1221,426,472,898,286,313,599,153,184,337,38,54,92,4,13,17,2852,3190,6042,6042,324,0.05362462760675273
2021-02-03,50,64,114,380,340,720,377,417,794,422,452,874,456,500,956,336,372,708,256,290,546,118,163,281,34,60,94,5,10,15,2434,2668,5102,5102,362,0.07095256762054096
2021-02-04,62,54,116,220,208,428,284,338,622,317,347,664,267,361,628,233,275,508,149,222,371,83,122,205,27,41,68,3,17,20,1645,1985,3630,3630,355,0.09779614325068871
2021-02-05,58,59,117,212,211,423,277,299,576,290,318,608,275,272,547,196,233,429,157,207,364,86,98,184,14,47,61,2,8,10,1567,1752,3319,3319,516,0.1554685146128352
2021-02-06,34,35,69,232,242,474,243,279,522,284,348,632,263,309,572,239,260,499,138,176,314,66,92,158,17,33,50,0,7,7,1516,1781,3297,3297,335,0.10160752198968759
2021-02-07,41,43,84,245,257,502,232,280,512,308,338,646,281,312,593,223,266,489,128,135,263,67,71,138,18,26,44,6,5,11,1549,1733,3282,3282,204,0.062157221206581355
2021-02-08,66,57,123,327,384,711,364,396,760,417,488,905,458,505,963,279,336,615,176,223,399,93,113,206,26,61,87,4,16,20,2210,2579,4789,4789,426,0.08895385257882647
2021-02-09,60,42,102,287,308,595,330,358,688,437,426,863,373,431,804,297,316,613,219,229,448,102,127,229,33,63,96,5,14,19,2143,2314,4457,4457,330,0.07404083464213597
2021-02-10,56,40,96,208,212,420,272,326,598,332,388,720,342,342,684,213,288,501,156,191,347,94,100,194,30,39,69,0,9,9,1703,1935,3638,3638,283,0.07778999450247388
2021-02-11,60,47,107,183,220,403,234,300,534,344,350,694,288,334,622,196,249,445,160,176,336,83,90,173,25,48,73,4,10,14,1577,1824,3401,3401,258,0.07586004116436343
2021-02-12,56,46,102,226,235,461,238,263,501,344,362,706,324,364,688,204,262,466,149,209,358,86,97,183,30,49,79,2,14,16,1659,1901,3560,3560,442,0.12415730337078652
2021-02-13,35,28,63,271,318,589,257,278,535,391,417,808,362,450,812,236,276,512,157,175,332,59,94,153,22,36,58,3,11,14,1793,2083,3876,3876,353,0.09107327141382869
2021-02-14,30,23,53,286,306,592,205,288,493,385,446,831,426,477,903,231,284,515,177,177,354,78,114,192,16,23,39,2,11,13,1836,2149,3985,3984,227,0.056977911646586346
2021-02-15,28,46,74,365,403,768,308,359,667,453,519,972,535,569,1104,339,355,694,168,202,370,76,109,185,17,52,69,2,12,14,2291,2626,4917,4917,287,0.058368924140736224
2021-02-16,32,25,57,374,351,725,389,485,874,555,626,1181,505,586,1091,317,295,612,161,165,326,72,106,178,14,34,48,8,6,14,2427,2679,5106,5106,387,0.07579318448883667
2021-02-17,46,57,103,250,276,526,488,524,1012,474,493,967,379,401,780,263,318,581,230,250,480,100,131,231,22,53,75,5,13,18,2257,2516,4773,4773,313,0.06557720511208884
2021-02-18,45,53,98,217,250,467,393,439,832,447,485,932,342,398,740,282,294,576,199,230,429,100,129,229,28,46,74,2,6,8,2055,2330,4385,4385,393,0.08962371721778792
2021-02-19,58,46,104,190,267,457,361,388,749,384,437,821,339,365,704,245,298,543,182,221,403,97,130,227,24,46,70,3,8,11,1883,2206,4089,4089,420,0.10271460014673514
2021-02-20,47,34,81,170,226,396,312,333,645,336,416,752,305,356,661,226,282,508,136,231,367,66,84,150,22,38,60,4,4,8,1624,2004,3628,3628,332,0.09151047409040794
2021-02-21,49,30,79,183,215,398,261,358,619,343,394,737,291,328,619,173,243,416,157,194,351,67,83,150,23,30,53,5,9,14,1552,1884,3436,3436,245,0.07130384167636787
2021-02-22,68,76,144,176,250,426,342,383,725,374,459,833,322,374,696,247,294,541,180,227,407,86,106,192,40,37,77,3,5,8,1838,2211,4049,4049,347,0.08570017288219313
2021-02-23,79,57,136,175,189,364,296,337,633,338,371,709,275,330,605,228,270,498,177,218,395,95,124,219,30,41,71,7,16,23,1700,1953,3653,3653,323,0.08842047632083219
2021-02-24,58,77,135,172,196,368,229,291,520,300,333,633,208,269,477,184,220,404,184,174,358,87,107,194,22,42,64,2,10,12,1446,1719,3165,3165,281,0.08878357030015797
2021-02-25,89,81,170,130,158,288,252,274,526,257,279,536,231,221,452,167,215,382,134,174,308,70,102,172,21,40,61,4,15,19,1355,1559,2914,2914,279,0.09574468085106383
2021-02-26,71,73,144,130,146,276,247,304,551,310,298,608,222,264,486,188,217,405,135,211,346,70,100,170,20,38,58,2,17,19,1395,1668,3063,3063,292,0.09533137446947437
2021-02-27,45,36,81,147,189,336,232,295,527,317,366,683,215,246,461,211,267,478,175,211,386,74,102,176,21,48,69,1,7,8,1438,1767,3205,3205,325,0.10140405616224649
2021-02-28,47,52,99,197,227,424,285,354,639,409,481,890,320,353,673,283,376,659,234,265,499,124,129,253,24,44,68,2,8,10,1925,2289,4214,4214,273,0.06478405315614617
2021-03-01,100,89,189,129,174,303,272,270,542,311,298,609,232,236,468,151,199,350,146,181,327,74,120,194,23,46,69,5,13,18,1443,1626,3069,3069,411,0.13391984359726294
2021-03-02,122,95,217,158,158,316,247,262,509,254,296,550,221,214,435,172,232,404,118,164,282,80,76,156,34,41,75,3,7,10,1409,1545,2954,2954,270,0.09140148950575491
2021-03-03,104,80,184,119,136,255,181,241,422,236,246,482,181,195,376,167,205,372,167,194,361,86,109,195,16,33,49,0,13,13,1257,1452,2709,2709,324,0.11960132890365449
2021-03-04,94,84,178,122,154,276,192,198,390,233,217,450,165,188,353,123,191,314,132,199,331,70,112,182,22,38,60,6,15,21,1159,1396,2555,2555,342,0.13385518590998044
2021-03-05,81,76,157,123,132,255,184,255,439,250,251,501,155,163,318,142,194,336,139,166,305,81,98,179,18,33,51,0,6,6,1173,1374,2547,2547,348,0.13663133097762073
2021-03-06,54,51,105,92,103,195,185,201,386,208,217,425,142,168,310,109,153,262,99,113,212,54,76,130,21,28,49,2,6,8,966,1116,2082,2082,253,0.12151777137367915
2021-03-07,55,53,108,94,102,196,168,222,390,213,234,447,116,188,304,133,177,310,130,164,294,51,75,126,20,38,58,4,4,8,984,1257,2241,2240,201,0.08973214285714286
2021-03-08,106,97,203,127,161,288,195,265,460,250,286,536,202,211,413,200,230,430,185,195,380,85,95,180,22,46,68,3,11,14,1375,1597,2972,2970,282,0.09494949494949495
2021-03-09,126,128,254,134,128,262,206,227,433,265,271,536,211,204,415,185,216,401,158,245,403,104,113,217,26,40,66,4,7,11,1419,1579,2998,2998,299,0.09973315543695797
2021-03-10,136,122,258,144,146,290,212,207,419,262,266,528,174,193,367,153,197,350,154,167,321,84,116,200,24,48,72,4,9,13,1347,1471,2818,2818,435,0.15436479772888573
2021-03-11,109,123,232,98,125,223,166,217,383,191,220,411,126,159,285,108,153,261,115,155,270,65,83,148,26,32,58,2,15,17,1006,1282,2288,2288,434,0.1896853146853147
2021-03-12,124,124,248,127,155,282,181,235,416,246,277,523,170,209,379,147,213,360,137,190,327,80,94,174,24,46,70,4,12,16,1240,1555,2795,2794,474,0.16964924838940587
2021-03-13,92,75,167,100,112,212,204,220,424,243,249,492,156,168,324,138,196,334,157,177,334,66,79,145,13,38,51,5,3,8,1174,1317,2491,2491,492,0.19751103974307507
2021-03-14,63,100,163,94,110,204,168,239,407,245,266,511,157,180,337,166,206,372,162,193,355,70,102,172,19,29,48,4,8,12,1148,1433,2581,2581,275,0.10654784967067028
2021-03-15,182,142,324,153,159,312,227,292,519,267,310,577,228,247,475,200,228,428,185,206,391,95,138,233,20,51,71,4,14,18,1561,1787,3348,3348,419,0.12514934289127838
2021-03-16,151,153,304,140,165,305,185,228,413,262,285,547,180,180,360,173,208,381,154,195,349,77,109,186,15,44,59,5,15,20,1342,1582,2924,2924,338,0.11559507523939809
2021-03-17,112,113,225,132,146,278,200,240,440,197,208,405,154,183,337,156,177,333,146,176,322,64,99,163,19,42,61,2,13,15,1182,1397,2579,2578,334,0.1295577967416602
2021-03-18,114,98,212,99,119,218,172,196,368,205,188,393,138,164,302,103,149,252,114,144,258,70,85,155,15,34,49,2,6,8,1032,1183,2215,2215,339,0.1530474040632054
2021-03-19,120,111,231,143,137,280,181,219,400,219,231,450,135,170,305,131,165,296,119,168,287,70,73,143,17,29,46,5,9,14,1140,1312,2452,2452,487,0.19861337683523655
2021-03-20,53,62,115,94,106,200,151,163,314,172,202,374,130,161,291,124,151,275,109,121,230,68,70,138,15,28,43,4,8,12,920,1072,1992,1990,339,0.17035175879396985
2021-03-21,85,67,152,89,103,192,166,172,338,204,202,406,135,146,281,125,167,292,98,146,244,42,68,110,17,28,45,3,9,12,964,1108,2072,2072,256,0.12355212355212356
2021-03-22,114,132,246,145,131,276,202,267,469,232,248,480,184,190,374,180,211,391,139,170,309,72,93,165,26,51,77,4,22,26,1298,1515,2813,2813,462,0.16423746889441876
2021-03-23,132,121,253,151,136,287,193,232,425,203,227,430,167,156,323,159,185,344,138,187,325,77,100,177,25,30,55,1,12,13,1246,1386,2632,2632,407,0.15463525835866263
2021-03-24,85,84,169,113,107,220,138,157,295,175,196,371,111,144,255,110,140,250,74,107,181,52,77,129,10,33,43,1,6,7,869,1051,1920,1920,359,0.18697916666666667
2021-03-25,95,103,198,121,137,258,175,224,399,217,213,430,178,204,382,127,152,279,108,139,247,60,75,135,27,32,59,4,4,8,1112,1283,2395,2395,363,0.15156576200417538
2021-03-26,136,119,255,145,163,308,199,226,425,234,236,470,162,200,362,120,180,300,104,158,262,73,88,161,22,33,55,3,10,13,1198,1413,2611,2611,464,0.17770968977403293
2021-03-27,99,81,180,73,88,161,170,167,337,212,221,433,151,175,326,130,163,293,127,138,265,45,65,110,15,35,50,5,5,10,1027,1138,2165,2165,448,0.2069284064665127
2021-03-28,76,52,128,70,95,165,130,166,296,182,214,396,156,156,312,115,161,276,101,139,240,44,42,86,19,25,44,2,6,8,895,1056,1951,1951,337,0.1727319323423885
2021-03-29,124,115,239,162,139,301,185,222,407,216,242,458,180,224,404,159,169,328,106,169,275,51,55,106,16,34,50,1,9,10,1200,1378,2578,2578,454,0.1761055081458495
2021-03-30,112,106,218,133,133,266,152,182,334,202,212,414,154,180,334,126,143,269,106,145,251,44,67,111,21,28,49,4,7,11,1054,1203,2257,2256,424,0.1879432624113475
2021-03-31,96,84,180,108,97,205,167,191,358,198,209,407,130,168,298,88,132,220,63,84,147,29,45,74,18,22,40,2,10,12,899,1042,1941,1941,478,0.24626481195260175
2021-04-01,81,96,177,114,99,213,188,205,393,204,195,399,148,170,318,118,141,259,91,122,213,45,61,106,11,21,32,2,10,12,1002,1120,2122,2122,625,0.2945334590009425
2021-04-02,102,66,168,101,124,225,162,175,337,191,182,373,148,144,292,109,147,256,83,94,177,43,40,83,15,13,28,2,6,8,956,991,1947,1947,444,0.2280431432973806
2021-04-03,63,74,137,98,125,223,161,174,335,186,218,404,146,162,308,116,146,262,109,98,207,33,58,91,19,35,54,4,4,8,935,1094,2029,2029,541,0.2666338097585017
2021-04-04,88,71,159,178,190,368,224,270,494,282,332,614,204,261,465,129,177,306,84,122,206,39,49,88,17,27,44,0,7,7,1245,1506,2751,2751,478,0.1737549981824791
2021-04-05,114,124,238,249,253,502,301,344,645,323,332,655,269,325,594,182,235,417,119,164,283,51,64,115,15,37,52,5,9,14,1628,1887,3515,3515,558,0.15874822190611665
2021-04-06,119,146,265,200,222,422,348,310,658,343,369,712,255,279,534,182,218,400,134,204,338,77,102,179,21,36,57,3,16,19,1682,1902,3584,3584,697,0.19447544642857142
2021-04-07,133,131,264,234,220,454,301,316,617,313,373,686,273,277,550,178,243,421,114,176,290,62,89,151,15,40,55,1,8,9,1624,1873,3497,3494,583,0.1668574699484831
2021-04-08,127,113,240,189,191,380,241,302,543,289,341,630,208,227,435,154,207,361,115,155,270,55,78,133,18,32,50,2,15,17,1398,1661,3059,3059,695,0.22719843085975808
2021-04-09,107,102,209,129,158,287,152,225,377,200,208,408,170,173,343,117,153,270,82,108,190,42,54,96,8,24,32,3,6,9,1010,1211,2221,2220,636,0.2864864864864865
2021-04-10,76,73,149,125,155,280,203,205,408,234,217,451,145,172,317,125,140,265,85,105,190,20,41,61,7,17,24,1,3,4,1021,1128,2149,2148,427,0.19878957169459963
2021-04-11,68,77,145,105,127,232,144,150,294,165,210,375,171,167,338,111,130,241,93,96,189,29,39,68,13,23,36,2,4,6,901,1023,1924,1924,429,0.22297297297297297
2021-04-12,119,104,223,177,165,342,191,229,420,240,273,513,199,248,447,149,225,374,110,134,244,36,59,95,16,28,44,3,12,15,1240,1477,2717,2715,496,0.18268876611418047
2021-04-13,116,81,197,122,123,245,196,208,404,247,253,500,176,217,393,145,164,309,81,92,173,48,38,86,11,17,28,3,8,11,1145,1201,2346,2346,455,0.1939471440750213
2021-04-14,114,96,210,114,97,211,131,156,287,153,165,318,110,140,250,94,123,217,110,99,209,43,68,111,17,23,40,5,5,10,891,972,1863,1862,565,0.30343716433942
2021-04-15,124,109,233,141,178,319,233,247,480,248,262,510,232,251,483,163,217,380,103,120,223,35,54,89,15,30,45,2,8,10,1296,1476,2772,2771,540,0.19487549621075423
2021-04-16,101,119,220,128,129,257,248,258,506,279,312,591,202,230,432,166,231,397,131,160,291,41,58,99,8,28,36,3,9,12,1307,1534,2841,2840,484,0.1704225352112676
2021-04-17,111,94,205,134,112,246,184,194,378,267,231,498,194,218,412,136,158,294,98,114,212,36,67,103,15,41,56,4,5,9,1179,1234,2413,2413,504,0.2088686282635723
2021-04-18,62,81,143,82,80,162,160,167,327,183,218,401,188,164,352,125,145,270,105,105,210,36,48,84,22,22,44,3,7,10,966,1037,2003,2002,331,0.16533466533466534
2021-04-19,141,104,245,146,170,316,246,256,502,279,291,570,235,230,465,180,207,387,127,146,273,44,73,117,8,41,49,4,14,18,1410,1532,2942,2942,454,0.15431679129843645
2021-04-20,137,138,275,126,130,256,196,223,419,212,250,462,206,224,430,155,160,315,138,165,303,54,68,122,27,31,58,4,8,12,1255,1397,2652,2652,485,0.18288084464555052
2021-04-21,115,99,214,106,95,201,178,172,350,188,196,384,170,177,347,122,149,271,105,122,227,46,48,94,13,42,55,2,6,8,1045,1106,2151,2151,446,0.20734542073454207
2021-04-22,134,118,252,156,154,310,195,214,409,239,281,520,218,262,480,172,187,359,113,156,269,50,73,123,15,46,61,1,8,9,1293,1499,2792,2791,455,0.16302400573271228
2021-04-23,106,103,209,133,153,286,222,240,462,254,299,553,212,263,475,169,229,398,112,153,265,59,70,129,19,28,47,4,6,10,1290,1544,2834,2833,386,0.13625132368513942
2021-04-24,67,52,119,51,41,92,56,77,133,81,82,163,73,94,167,50,55,105,31,42,73,30,41,71,7,28,35,2,14,16,448,526,974,974,314,0.32238193018480493
2021-04-25,90,90,180,97,94,191,123,155,278,184,173,357,160,163,323,136,143,279,86,98,184,37,34,71,7,22,29,0,5,5,920,977,1897,1896,255,0.13449367088607594
2021-04-26,134,124,258,136,145,281,214,210,424,232,258,490,215,244,459,193,193,386,118,131,249,74,88,162,14,35,49,4,10,14,1334,1438,2772,2771,337,0.12161674485745218
2021-04-27,116,107,223,137,139,276,216,257,473,224,241,465,170,221,391,161,172,333,102,133,235,50,80,130,20,34,54,4,8,12,1200,1392,2592,2590,292,0.11274131274131274
2021-04-28,119,123,242,125,135,260,202,217,419,239,257,496,189,207,396,148,152,300,98,121,219,50,58,108,11,26,37,4,9,13,1185,1305,2490,2490,339,0.13614457831325302
2021-04-29,146,121,267,184,158,342,238,282,520,298,313,611,271,280,551,194,240,434,123,164,287,75,101,176,29,48,77,2,17,19,1560,1724,3284,3283,404,0.12305817849527871
2021-04-30,125,105,230,118,116,234,128,192,320,172,204,376,127,177,304,122,153,275,87,123,210,59,70,129,25,45,70,3,17,20,966,1202,2168,2168,494,0.22785977859778597
2021-05-01,86,78,164,107,82,189,152,163,315,186,201,387,160,210,370,121,148,269,89,96,185,46,60,106,20,46,66,1,6,7,968,1090,2058,2057,402,0.19543023821098687
2021-05-02,93,81,174,114,130,244,197,219,416,262,303,565,214,289,503,166,193,359,118,156,274,55,77,132,19,29,48,3,15,18,1241,1492,2733,2733,317,0.11598975484815222
2021-05-03,184,166,350,173,185,358,362,369,731,395,478,873,344,409,753,266,366,632,214,291,505,104,131,235,22,61,83,4,20,24,2068,2476,4544,4544,551,0.1212588028169014
2021-05-04,136,140,276,199,203,402,316,340,656,391,416,807,312,342,654,261,330,591,170,231,401,107,135,242,24,44,68,2,18,20,1918,2199,4117,4117,368,0.0893854748603352
2021-05-05,161,144,305,153,163,316,299,357,656,351,377,728,294,312,606,207,252,459,164,170,334,89,90,179,37,46,83,8,13,21,1763,1924,3687,3685,364,0.09877883310719132
2021-05-06,126,148,274,220,220,440,296,392,688,355,419,774,327,313,640,242,281,523,147,184,331,82,96,178,31,52,83,4,20,24,1830,2125,3955,3955,479,0.12111251580278129
2021-05-07,151,138,289,230,233,463,324,422,746,354,464,818,338,411,749,214,319,533,150,188,338,76,112,188,20,38,58,2,7,9,1859,2332,4191,4191,479,0.11429253161536626
2021-05-08,85,86,171,96,106,202,188,216,404,239,253,492,166,184,350,136,165,301,76,97,173,48,46,94,21,28,49,1,11,12,1056,1192,2248,2248,344,0.15302491103202848
2021-05-09,109,95,204,108,129,237,171,198,369,215,243,458,184,212,396,127,154,281,85,102,187,57,73,130,22,23,45,7,2,9,1085,1231,2316,2316,265,0.11442141623488773
2021-05-10,150,148,298,173,184,357,352,347,699,379,396,775,312,393,705,260,280,540,177,203,380,89,121,210,36,53,89,1,7,8,1929,2132,4061,4060,477,0.11748768472906404
2021-05-11,139,120,259,158,157,315,251,269,520,313,325,638,249,267,516,173,207,380,152,168,320,80,98,178,25,34,59,4,7,11,1544,1652,3196,3196,405,0.12672090112640802
2021-05-12,146,118,264,139,145,284,234,302,536,299,300,599,258,267,525,200,199,399,132,166,298,57,76,133,22,41,63,5,11,16,1492,1625,3117,3117,501,0.16073147256977863
2021-05-13,160,113,273,136,154,290,256,336,592,281,360,641,259,273,532,162,227,389,122,143,265,57,87,144,20,51,71,1,5,6,1454,1749,3203,3202,510,0.15927545284197375
2021-05-14,159,171,330,174,233,407,345,378,723,410,443,853,284,388,672,247,281,528,160,204,364,80,100,180,36,44,80,4,7,11,1899,2249,4148,4148,529,0.12753134040501446
2021-05-15,124,121,245,132,169,301,225,301,526,272,345,617,250,300,550,189,208,397,116,150,266,49,58,107,20,34,54,1,13,14,1378,1699,3077,3077,441,0.1433214169645759
2021-05-16,91,105,196,111,138,249,185,201,386,229,274,503,214,240,454,163,183,346,108,125,233,46,65,111,16,37,53,1,16,17,1164,1384,2548,2548,329,0.12912087912087913
2021-05-17,231,205,436,251,230,481,375,454,829,490,553,1043,374,470,844,319,394,713,205,248,453,119,157,276,43,72,115,4,16,20,2411,2799,5210,5209,595,0.11422537915146862
2021-05-18,198,198,396,234,255,489,436,428,864,480,508,988,460,473,933,319,334,653,196,234,430,101,116,217,36,50,86,4,9,13,2464,2605,5069,5069,548,0.10810810810810811
2021-05-19,202,166,368,248,256,504,431,498,929,516,535,1051,439,454,893,298,386,684,220,231,451,95,116,211,34,46,80,8,20,28,2491,2708,5199,5199,437,0.08405462588959416
2021-05-20,216,213,429,272,312,584,494,550,1044,554,559,1113,437,496,933,294,374,668,214,219,433,91,129,220,37,55,92,2,16,18,2611,2923,5534,5533,452,0.08169166817278149
2021-05-21,151,136,287,206,214,420,391,481,872,468,556,1024,390,454,844,275,324,599,182,227,409,98,84,182,36,72,108,1,12,13,2198,2560,4758,4758,699,0.14691046658259774
2021-05-22,91,73,164,111,149,260,220,284,504,298,281,579,218,243,461,165,176,341,100,101,201,49,54,103,18,49,67,1,12,13,1271,1422,2693,2693,549,0.20386186409209062
2021-05-23,94,76,170,96,129,225,179,201,380,216,254,470,191,182,373,134,180,314,84,115,199,49,44,93,13,49,62,9,15,24,1065,1245,2310,2310,345,0.14935064935064934
2021-05-24,121,103,224,165,196,361,312,303,615,343,394,737,313,364,677,260,345,605,152,195,347,94,108,202,24,52,76,3,11,14,1787,2071,3858,3858,380,0.09849663037843442
2021-05-25,107,77,184,142,159,301,304,329,633,306,352,658,292,310,602,237,260,497,141,183,324,77,92,169,22,43,65,6,17,23,1634,1822,3456,3455,316,0.0914616497829233
2021-05-26,148,128,276,207,217,424,413,427,840,439,466,905,363,417,780,327,353,680,168,225,393,101,120,221,36,70,106,8,10,18,2210,2433,4643,4643,418,0.09002799913848805
2021-05-27,108,126,234,129,181,310,327,388,715,377,399,776,300,293,593,258,331,589,151,189,340,94,90,184,30,40,70,1,16,17,1775,2053,3828,3827,448,0.11706297360857068
2021-05-28,151,137,288,194,250,444,393,462,855,442,472,914,416,470,886,353,413,766,205,269,474,94,115,209,27,51,78,4,11,15,2279,2650,4929,4929,440,0.08926759991884764
2021-05-29,102,93,195,119,145,264,239,310,549,336,340,676,290,310,600,184,236,420,119,141,260,52,78,130,20,46,66,4,17,21,1465,1716,3181,3181,372,0.1169443571204024
2021-05-30,78,75,153,113,115,228,227,270,497,257,283,540,235,236,471,153,197,350,100,105,205,40,69,109,18,26,44,4,9,13,1225,1385,2610,2610,265,0.10153256704980843
2021-05-31,132,126,258,187,194,381,385,420,805,447,453,900,364,428,792,228,297,525,175,208,383,108,136,244,45,61,106,3,17,20,2074,2340,4414,4413,409,0.09268071606616814
2021-06-01,149,136,285,184,208,392,330,383,713,418,416,834,318,393,711,240,332,572,199,233,432,102,111,213,43,49,92,4,12,16,1987,2273,4260,4260,366,0.08591549295774648
2021-06-02,179,138,317,202,203,405,353,430,783,400,500,900,359,405,764,239,307,546,175,225,400,110,126,236,37,51,88,8,17,25,2062,2402,4464,4462,493,0.11048857014791573
2021-06-03,154,163,317,216,218,434,368,410,778,436,509,945,373,411,784,254,330,584,192,223,415,94,130,224,38,38,76,4,18,22,2129,2450,4579,4577,416,0.09088922875245795
2021-06-04,205,192,397,229,244,473,413,491,904,440,510,950,418,444,862,297,416,713,192,249,441,107,144,251,33,63,96,2,13,15,2336,2766,5102,5102,480,0.09408075264602117
2021-06-05,129,115,244,125,145,270,239,322,561,291,347,638,252,287,539,191,228,419,106,130,236,63,95,158,22,35,57,6,20,26,1424,1724,3148,3148,496,0.15756035578144853
2021-06-06,138,146,284,137,155,292,247,287,534,279,335,614,270,290,560,215,254,469,110,135,245,57,80,137,21,33,54,1,15,16,1475,1730,3205,3205,328,0.10234009360374414
2021-06-07,202,214,416,236,251,487,430,500,930,520,559,1079,420,565,985,335,465,800,236,296,532,161,204,365,45,121,166,9,37,46,2594,3212,5806,5806,557,0.09593523940750948
2021-06-08,230,220,450,208,237,445,400,515,915,522,530,1052,417,480,897,325,408,733,198,232,430,118,186,304,32,68,100,6,25,31,2456,2901,5357,5357,437,0.08157550868023147
2021-06-09,215,217,432,269,237,506,443,518,961,540,607,1147,432,507,939,343,418,761,212,245,457,124,143,267,42,71,113,5,21,26,2625,2984,5609,5606,488,0.08704958972529432
2021-06-10,203,215,418,236,273,509,447,570,1017,546,662,1208,441,539,980,297,426,723,215,267,482,127,161,288,36,61,97,7,20,27,2555,3194,5749,5744,485,0.08443593314763231
2021-06-11,190,192,382,211,248,459,467,556,1023,478,679,1157,463,624,1087,314,396,710,223,261,484,116,169,285,36,85,121,8,19,27,2506,3229,5735,5735,695,0.12118570183086312
2021-06-12,155,146,301,184,189,373,291,360,651,379,425,804,335,398,733,232,316,548,143,192,335,83,114,197,31,45,76,5,10,15,1838,2195,4033,4033,387,0.09595834366476569
2021-06-13,160,175,335,178,156,334,244,301,545,325,380,705,315,372,687,225,289,514,127,171,298,65,83,148,22,40,62,6,13,19,1667,1980,3647,3647,331,0.09075952837948999
2021-06-14,223,193,416,245,266,511,419,541,960,518,584,1102,441,552,993,324,414,738,213,305,518,131,153,284,39,62,101,18,24,42,2571,3094,5665,5663,492,0.08687974571781741
2021-06-15,246,237,483,270,269,539,430,502,932,531,606,1137,425,556,981,322,418,740,211,260,471,118,141,259,48,58,106,6,20,26,2607,3067,5674,5674,431,0.0759605216778287
2021-06-16,242,227,469,260,256,516,420,517,937,514,598,1112,422,548,970,269,362,631,201,235,436,106,130,236,37,56,93,2,16,18,2473,2945,5418,5418,387,0.07142857142857142
2021-06-17,235,223,458,249,280,529,478,570,1048,542,700,1242,452,617,1069,275,423,698,203,254,457,136,159,295,31,58,89,2,18,20,2603,3302,5905,5905,463,0.07840812870448773
2021-06-18,218,191,409,255,259,514,445,533,978,526,655,1181,447,594,1041,271,434,705,189,255,444,83,136,219,35,38,73,3,12,15,2472,3107,5579,5579,492,0.08818784728445958
2021-06-19,172,161,333,161,161,322,270,364,634,406,470,876,309,384,693,192,253,445,154,164,318,90,99,189,33,67,100,4,21,25,1791,2144,3935,3935,544,0.13824650571791613
2021-06-20,161,133,294,128,116,244,161,244,405,240,324,564,221,268,489,170,210,380,100,124,224,71,74,145,16,39,55,1,10,11,1269,1542,2811,2811,310,0.11028103877623621
2021-06-21,188,170,358,173,186,359,236,328,564,348,376,724,356,377,733,235,285,520,132,157,289,85,105,190,33,35,68,4,4,8,1790,2023,3813,3811,430,0.11283127787982157
2021-06-22,267,232,499,262,250,512,399,526,925,498,599,1097,474,537,1011,280,373,653,239,288,527,117,163,280,33,78,111,11,16,27,2580,3062,5642,5642,474,0.08401276143211626
2021-06-23,307,250,557,297,306,603,373,539,912,518,666,1184,475,676,1151,252,384,636,216,255,471,110,161,271,38,76,114,6,30,36,2592,3343,5935,5934,486,0.08190091001011122
2021-06-24,268,239,507,262,298,560,405,544,949,485,637,1122,414,527,941,271,355,626,204,290,494,97,124,221,26,54,80,4,16,20,2436,3084,5520,5519,583,0.10563507881862656
2021-06-25,299,270,569,287,348,635,439,601,1040,573,756,1329,427,603,1030,330,441,771,229,324,553,121,170,291,40,73,113,9,19,28,2754,3605,6359,6358,911,0.14328405158854987
2021-06-26,147,138,285,155,176,331,225,274,499,303,372,675,257,327,584,170,190,360,151,189,340,84,113,197,24,48,72,5,16,21,1521,1843,3364,3364,369,0.10969084423305589
2021-06-27,187,146,333,131,171,302,208,274,482,270,324,594,242,309,551,160,187,347,131,140,271,73,85,158,21,44,65,2,10,12,1425,1690,3115,3115,372,0.11942215088282504
2021-06-28,196,178,374,138,149,287,211,278,489,327,370,697,244,298,542,173,204,377,133,136,269,73,108,181,37,38,75,3,15,18,1535,1774,3309,3308,451,0.13633615477629987
2021-06-29,205,242,447,222,233,455,349,450,799,421,506,927,327,407,734,226,273,499,187,199,386,112,118,230,29,80,109,6,36,42,2084,2544,4628,4628,490,0.10587726879861711
2021-06-30,268,269,537,277,283,560,385,500,885,476,590,1066,374,418,792,242,375,617,183,233,416,92,109,201,35,60,95,4,14,18,2336,2851,5187,5187,445,0.08579140158087527
2021-07-01,212,215,427,250,250,500,349,492,841,436,559,995,298,452,750,231,323,554,159,217,376,97,117,214,35,55,90,3,13,16,2070,2693,4763,4761,520,0.10922075194286915
2021-07-02,284,226,510,298,301,599,352,476,828,424,626,1050,303,503,806,230,343,573,166,236,402,105,134,239,34,52,86,5,14,19,2201,2911,5112,5111,552,0.10800234787712776
2021-07-03,180,185,365,155,204,359,231,300,531,308,381,689,240,317,557,168,200,368,141,149,290,63,99,162,21,46,67,7,15,22,1514,1896,3410,3410,480,0.14076246334310852
2021-07-04,171,204,375,154,161,315,165,270,435,257,340,597,208,268,476,161,213,374,107,132,239,52,84,136,18,40,58,4,12,16,1297,1724,3021,3021,414,0.13704071499503476
2021-07-05,328,301,629,266,301,567,385,489,874,482,620,1102,347,500,847,250,322,572,179,214,393,116,123,239,41,53,94,5,18,23,2399,2941,5340,5340,538,0.10074906367041199
2021-07-06,344,320,664,355,336,691,440,507,947,485,634,1119,375,488,863,249,336,585,170,230,400,105,144,249,31,65,96,4,27,31,2558,3087,5645,5645,538,0.09530558015943312
2021-07-07,307,274,581,315,344,659,449,524,973,475,572,1047,416,463,879,271,318,589,159,205,364,89,97,186,28,56,84,8,16,24,2517,2869,5386,5386,489,0.09079093947270701
2021-07-08,316,304,620,360,398,758,525,593,1118,537,654,1191,419,602,1021,304,412,716,176,287,463,107,154,261,51,50,101,4,19,23,2799,3473,6272,6272,715,0.11399872448979592
2021-07-09,215,228,443,249,254,503,316,387,703,365,450,815,286,409,695,203,243,446,131,150,281,68,88,156,32,47,79,5,12,17,1870,2268,4138,4138,541,0.1307394876752054
2021-07-10,188,203,391,240,227,467,249,325,574,289,390,679,230,340,570,200,240,440,124,173,297,73,98,171,25,45,70,5,14,19,1623,2055,3678,3678,442,0.12017400761283306
2021-07-11,248,218,466,165,170,335,232,271,503,260,370,630,253,343,596,195,244,439,137,151,288,63,90,153,15,25,40,6,10,16,1574,1892,3466,3466,438,0.12637045585689555
2021-07-12,345,341,686,348,340,688,474,580,1054,548,610,1158,491,579,1070,274,412,686,238,222,460,108,142,250,38,53,91,10,20,30,2874,3299,6173,6173,591,0.09573951077271992
2021-07-13,365,295,660,327,383,710,463,537,1000,453,559,1012,414,524,938,283,388,671,182,247,429,112,137,249,33,60,93,9,22,31,2641,3152,5793,5792,683,0.11792127071823204
2021-07-14,345,326,671,439,414,853,517,581,1098,463,651,1114,448,532,980,269,386,655,213,218,431,102,117,219,29,49,78,4,13,17,2829,3287,6116,6113,586,0.09586127924096188
2021-07-15,309,270,579,436,438,874,517,595,1112,542,636,1178,491,676,1167,327,400,727,193,256,449,91,148,239,32,56,88,7,18,25,2945,3493,6438,6437,689,0.1070374398011496
2021-07-16,262,253,515,373,364,737,463,566,1029,466,603,1069,456,568,1024,267,352,619,165,241,406,76,128,204,32,58,90,3,18,21,2563,3151,5714,5714,565,0.09887994399719986
2021-07-17,188,203,391,245,273,518,268,355,623,304,400,704,268,339,607,197,225,422,130,136,266,71,84,155,16,25,41,5,11,16,1692,2051,3743,3741,559,0.14942528735632185
2021-07-18,190,152,342,186,218,404,241,310,551,260,337,597,262,311,573,197,224,421,107,127,234,70,77,147,27,43,70,3,7,10,1543,1806,3349,3348,366,0.10931899641577061
2021-07-19,237,232,469,235,274,509,418,481,899,404,508,912,382,452,834,274,373,647,197,247,444,103,145,248,44,53,97,4,6,10,2298,2771,5069,5069,555,0.10948905109489052
2021-07-20,252,237,489,235,263,498,353,449,802,371,449,820,318,412,730,243,284,527,166,210,376,90,128,218,32,51,83,7,14,21,2067,2497,4564,4564,476,0.10429447852760736
2021-07-21,282,266,548,313,324,637,414,524,938,441,548,989,400,532,932,304,396,700,217,293,510,111,165,276,29,70,99,4,11,15,2515,3129,5644,5644,569,0.10081502480510277
2021-07-22,252,229,481,361,355,716,406,539,945,522,600,1122,464,606,1070,313,384,697,181,252,433,103,129,232,35,62,97,6,11,17,2643,3167,5810,5810,575,0.09896729776247848
2021-07-23,218,181,399,248,285,533,309,395,704,371,479,850,360,398,758,256,299,555,133,185,318,72,124,196,24,47,71,6,16,22,1997,2409,4406,4404,581,0.13192552225249773
2021-07-24,169,175,344,250,325,575,286,349,635,395,468,863,385,454,839,246,285,531,143,215,358,79,92,171,25,36,61,3,12,15,1981,2411,4392,4391,463,0.10544295149168754
2021-07-25,150,167,317,265,305,570,228,286,514,365,439,804,436,509,945,246,260,506,131,148,279,88,85,173,17,32,49,6,8,14,1932,2239,4171,4170,352,0.08441247002398082
2021-07-26,228,250,478,365,455,820,384,540,924,526,673,1199,517,617,1134,347,402,749,197,288,485,113,184,297,36,66,102,7,19,26,2720,3494,6214,6214,505,0.08126810428065658
2021-07-27,158,167,325,218,269,487,296,370,666,316,401,717,311,343,654,180,247,427,126,168,294,77,110,187,33,49,82,3,12,15,1718,2136,3854,3853,441,0.11445626784323903
2021-07-28,195,155,350,234,314,548,364,413,777,397,457,854,336,399,735,231,277,508,177,211,388,89,104,193,27,41,68,6,9,15,2056,2380,4436,4436,442,0.09963931469792606
2021-07-29,178,165,343,267,260,527,318,423,741,379,476,855,330,417,747,203,242,445,163,193,356,78,108,186,26,33,59,5,17,22,1947,2334,4281,4277,436,0.10194061257891045
2021-07-30,206,208,414,335,348,683,437,531,968,503,692,1195,450,569,1019,317,411,728,216,285,501,91,149,240,34,59,93,6,12,18,2595,3264,5859,5857,611,0.1043196175516476
2021-07-31,220,204,424,312,372,684,309,389,698,472,615,1087,553,613,1166,306,324,630,176,243,419,101,126,227,27,28,55,2,14,16,2478,2928,5406,5406,404,0.07473177950425453
2021-08-01,221,238,459,292,338,630,207,305,512,362,484,846,456,558,1014,227,287,514,132,168,300,74,99,173,21,54,75,5,9,14,1997,2540,4537,4536,389,0.0857583774250441
2021-08-02,320,280,600,384,405,789,339,470,809,494,595,1089,512,669,1181,304,434,738,263,300,563,113,171,284,40,70,110,4,18,22,2773,3412,6185,6184,590,0.09540750323415265
2021-08-03,291,297,588,307,399,706,349,501,850,431,576,1007,442,558,1000,313,435,748,236,303,539,151,198,349,36,58,94,5,15,20,2561,3340,5901,5900,610,0.10338983050847457
2021-08-04,300,269,569,285,303,588,363,424,787,411,492,903,317,436,753,245,333,578,185,263,448,84,150,234,25,51,76,2,14,16,2217,2735,4952,4951,555,0.11209856594627347
2021-08-05,306,318,624,321,384,705,460,583,1043,483,584,1067,450,530,980,303,418,721,227,264,491,109,143,252,33,61,94,9,13,22,2701,3298,5999,5995,556,0.09274395329441201
2021-08-06,346,311,657,426,395,821,470,605,1075,518,637,1155,460,571,1031,290,424,714,254,353,607,111,207,318,39,48,87,3,12,15,2917,3563,6480,6480,596,0.09197530864197531
2021-08-07,202,224,426,240,290,530,296,327,623,336,352,688,288,356,644,207,254,461,145,205,350,76,138,214,20,47,67,6,5,11,1816,2198,4014,4011,487,0.12141610570929942
2021-08-08,280,260,540,259,272,531,214,287,501,279,349,628,297,380,677,189,238,427,155,186,341,70,85,155,15,42,57,4,8,12,1762,2107,3869,3869,474,0.12251227707417937
2021-08-09,408,376,784,293,354,647,365,538,903,467,514,981,377,465,842,300,391,691,198,250,448,109,136,245,46,56,102,9,15,24,2572,3095,5667,5666,585,0.10324744087539711
2021-08-10,451,402,853,393,370,763,396,568,964,427,551,978,385,491,876,287,356,643,214,276,490,109,158,267,36,54,90,1,13,14,2699,3239,5938,5934,765,0.12891809908998988
2021-08-11,409,410,819,450,472,922,461,605,1066,518,629,1147,445,600,1045,285,399,684,222,254,476,116,141,257,46,68,114,11,22,33,2963,3600,6563,6562,639,0.09737884791222189
2021-08-12,408,391,799,404,407,811,404,530,934,436,549,985,417,538,955,257,366,623,172,201,373,97,113,210,39,48,87,6,15,21,2640,3158,5798,5798,653,0.11262504311831666
2021-08-13,507,448,955,579,577,1156,480,693,1173,602,760,1362,462,654,1116,325,482,807,214,297,511,122,157,279,48,62,110,6,13,19,3345,4143,7488,7487,695,0.09282756778415921
2021-08-14,304,313,617,350,352,702,282,375,657,350,470,820,336,479,815,219,302,521,154,200,354,94,109,203,25,42,67,3,8,11,2117,2650,4767,4767,681,0.14285714285714285
2021-08-15,289,285,574,264,289,553,233,288,521,301,406,707,297,364,661,230,274,504,137,187,324,92,102,194,19,49,68,2,12,14,1864,2256,4120,4120,493,0.11966019417475728
2021-08-16,385,366,751,336,338,674,255,368,623,347,470,817,358,451,809,253,277,530,133,196,329,106,114,220,25,41,66,7,12,19,2205,2633,4838,4838,588,0.121537825547747
2021-08-17,576,488,1064,568,568,1136,483,659,1142,654,768,1422,483,680,1163,389,484,873,247,313,560,138,163,301,37,79,116,6,22,28,3581,4224,7805,7804,906,0.11609431060994362
2021-08-18,600,584,1184,644,625,1269,477,718,1195,663,849,1512,543,708,1251,352,526,878,248,331,579,142,190,332,37,85,122,14,25,39,3720,4641,8361,8360,865,0.1034688995215311
2021-08-19,606,547,1153,637,672,1309,553,835,1388,739,909,1648,581,798,1379,428,558,986,254,337,591,125,163,288,40,57,97,8,14,22,3971,4890,8861,8861,944,0.10653425121318136
2021-08-20,703,650,1353,741,787,1528,590,813,1403,672,956,1628,617,908,1525,379,603,982,269,375,644,150,216,366,37,76,113,9,18,27,4167,5402,9569,9564,911,0.0952530322040987
2021-08-21,383,410,793,391,410,801,357,541,898,509,705,1214,438,601,1039,304,406,710,191,256,447,105,151,256,31,52,83,4,16,20,2713,3548,6261,6260,831,0.1327476038338658
2021-08-22,543,513,1056,380,397,777,285,414,699,482,653,1135,424,625,1049,315,390,705,191,252,443,112,117,229,29,41,70,6,15,21,2767,3417,6184,6184,851,0.13761319534282018
2021-08-23,941,910,1851,669,732,1401,586,792,1378,755,1021,1776,654,951,1605,421,566,987,301,413,714,168,225,393,44,67,111,4,20,24,4543,5697,10240,10235,1104,0.10786516853932585
2021-08-24,949,894,1843,725,705,1430,555,768,1323,701,1040,1741,614,857,1471,400,581,981,274,411,685,144,180,324,62,65,127,5,21,26,4429,5522,9951,9951,1062,0.10672294241784745
2021-08-25,933,881,1814,684,663,1347,495,716,1211,663,1040,1703,613,887,1500,411,560,971,289,419,708,175,186,361,52,41,93,6,32,38,4321,5425,9746,9744,1041,0.10683497536945813
2021-08-26,982,911,1893,727,760,1487,567,840,1407,736,1046,1782,629,914,1543,394,592,986,302,387,689,159,231,390,50,79,129,5,21,26,4551,5781,10332,10332,981,0.09494773519163763
2021-08-27,1089,943,2032,732,889,1621,571,866,1437,766,1164,1930,701,1053,1754,457,621,1078,307,405,712,150,198,348,43,78,121,5,17,22,4821,6234,11055,11055,976,0.08828584350972411
2021-08-28,617,523,1140,403,411,814,375,580,955,545,725,1270,452,672,1124,333,422,755,222,285,507,100,140,240,46,52,98,6,8,14,3099,3818,6917,6917,815,0.11782564695677317
2021-08-29,676,636,1312,342,415,757,286,478,764,486,643,1129,455,607,1062,317,411,728,212,248,460,110,142,252,45,54,99,2,8,10,2931,3642,6573,6572,894,0.1360316494217894
2021-08-30,1146,1026,2172,661,651,1312,505,728,1233,709,1015,1724,647,855,1502,415,566,981,285,419,704,157,217,374,62,75,137,4,22,26,4591,5574,10165,10165,1000,0.09837678307919331
2021-08-31,1234,1133,2367,835,761,1596,550,836,1386,738,970,1708,653,925,1578,443,592,1035,311,414,725,183,232,415,48,74,122,9,19,28,5004,5956,10960,10958,883,0.08058039788282534
2021-09-01,1112,1040,2152,743,723,1466,522,749,1271,688,1021,1709,597,830,1427,396,527,923,273,329,602,134,197,331,50,88,138,5,18,23,4520,5522,10042,10042,776,0.07727544313881697
2021-09-02,906,847,1753,611,644,1255,444,613,1057,660,795,1455,475,804,1279,334,462,796,247,309,556,139,152,291,36,48,84,6,15,21,3858,4689,8547,8546,686,0.08027147203369997
2021-09-03,730,660,1390,655,718,1373,481,645,1126,628,886,1514,586,824,1410,354,541,895,287,353,640,147,198,345,44,56,100,4,12,16,3916,4893,8809,8809,813,0.09229197411737995
2021-09-04,483,423,906,290,316,606,245,354,599,414,536,950,367,475,842,251,329,580,189,227,416,106,131,237,26,53,79,3,13,16,2374,2857,5231,5231,727,0.13897916268399924
2021-09-05,505,463,968,304,322,626,258,362,620,433,600,1033,385,506,891,259,336,595,180,229,409,134,130,264,30,38,68,7,15,22,2495,3001,5496,5495,598,0.10882620564149227
2021-09-06,944,947,1891,569,609,1178,499,701,1200,660,904,1564,625,812,1437,405,571,976,291,354,645,190,181,371,43,79,122,7,24,31,4233,5182,9415,9413,960,0.10198661425687879
2021-09-07,854,892,1746,574,655,1229,415,579,994,550,746,1296,491,689,1180,340,452,792,238,308,546,123,185,308,38,67,105,9,26,35,3632,4599,8231,8230,795,0.09659781287970838
2021-09-08,662,715,1377,575,539,1114,374,485,859,525,680,1205,439,616,1055,324,394,718,198,255,453,114,132,246,39,48,87,7,14,21,3257,3878,7135,7134,824,0.11550322399775721
2021-09-09,701,656,1357,474,468,942,344,574,918,496,626,1122,414,617,1031,294,430,724,224,257,481,123,156,279,40,59,99,2,16,18,3112,3859,6971,6967,738,0.10592794603129037
2021-09-10,721,675,1396,612,740,1352,643,1018,1661,839,1223,2062,801,1238,2039,630,890,1520,391,628,1019,169,253,422,67,58,125,7,13,20,4880,6736,11616,11614,866,0.07456517995522645
2021-09-11,431,420,851,375,411,786,521,681,1202,652,841,1493,605,779,1384,449,580,1029,309,404,713,134,189,323,40,40,80,6,7,13,3522,4352,7874,7872,1139,0.1446900406504065
2021-09-12,420,361,781,228,292,520,224,307,531,334,432,766,324,391,715,216,292,508,153,206,359,89,114,203,25,28,53,5,10,15,2018,2433,4451,4451,596,0.13390249382161312
2021-09-13,799,751,1550,538,574,1112,426,642,1068,603,824,1427,590,719,1309,337,563,900,284,323,607,162,201,363,43,76,119,8,21,29,3790,4694,8484,8484,810,0.09547383309759547
2021-09-14,750,681,1431,443,502,945,363,477,840,461,657,1118,409,592,1001,290,434,724,209,287,496,135,156,291,21,62,83,7,13,20,3088,3861,6949,6946,824,0.11862942700835014
2021-09-15,440,427,867,265,286,551,169,277,446,255,370,625,230,319,549,135,190,325,120,157,277,68,86,154,28,45,73,7,22,29,1717,2179,3896,3891,585,0.15034695451040864
2021-09-16,269,248,517,208,222,430,156,250,406,220,372,592,236,345,581,134,196,330,78,119,197,47,64,111,19,29,48,5,9,14,1372,1854,3226,3225,222,0.06883720930232558
