FECHA,<=10M,<=10F,<=10,11-20M,11-20F,11-20,21-30M,21-30F,21-30,31-40M,31-40F,31-40,41-50M,41-50F,41-50,51-60M,51-60F,51-60,61-70M,61-70F,61-70,71-80M,71-80F,71-80,81-90M,81-90F,81-90,>=91M,>=91F,>=91,TotalM,TotalF,Total
2020-03-15,1,0,1,0,0,0,0,2,2,2,1,3,1,1,2,1,0,1,1,0,1,1,1,2,0,0,0,0,0,0,7,5,12
2020-03-16,2,2,4,1,1,2,1,3,4,3,2,5,1,1,2,3,0,3,3,1,4,1,1,2,0,0,0,0,0,0,15,11,26
2020-03-17,3,6,9,1,2,3,2,4,6,4,2,6,1,3,4,4,1,5,4,2,6,3,3,6,1,0,1,0,0,0,23,23,46
2020-03-18,5,7,12,1,2,3,2,4,6,6,3,9,1,5,6,5,2,7,4,4,8,4,3,7,2,0,2,0,0,0,30,30,60
2020-03-19,6,7,13,1,2,3,5,6,11,8,5,13,2,6,8,5,2,7,5,5,10,5,4,9,2,0,2,1,0,1,40,37,77
2020-03-20,7,8,15,2,2,4,5,6,11,9,7,16,2,7,9,5,3,8,5,6,11,7,6,13,3,0,3,1,0,1,46,45,91
2020-03-21,7,8,15,4,2,6,5,8,13,11,8,19,3,8,11,5,3,8,7,8,15,8,7,15,3,0,3,2,0,2,55,52,107
2020-03-22,8,8,16,4,2,6,8,9,17,11,8,19,3,8,11,7,4,11,7,9,16,10,7,17,6,2,8,2,0,2,66,57,123
2020-03-23,10,8,18,4,4,8,9,10,19,13,9,22,3,9,12,9,4,13,9,9,18,14,10,24,9,5,14,2,2,4,82,70,152
2020-03-24,11,8,19,4,4,8,10,11,21,14,10,24,3,10,13,11,5,16,9,10,19,16,10,26,11,6,17,3,2,5,92,76,168
2020-03-25,12,10,22,4,4,8,12,14,26,15,14,29,4,10,14,12,7,19,11,11,22,18,12,30,13,10,23,5,3,8,106,95,201
2020-03-26,16,13,29,6,4,10,13,16,29,19,16,35,5,14,19,15,9,24,12,14,26,21,13,34,17,10,27,8,4,12,132,113,245
2020-03-27,18,15,33,6,5,11,14,18,32,22,16,38,6,18,24,16,12,28,13,19,32,25,19,44,20,12,32,10,10,20,150,144,294
2020-03-28,20,15,35,6,5,11,15,20,35,24,17,41,7,19,26,19,13,32,16,19,35,29,25,54,22,13,35,11,10,21,169,156,325
2020-03-29,21,15,36,7,6,13,16,22,38,26,17,43,9,21,30,19,13,32,22,22,44,33,26,59,26,15,41,13,11,24,192,168,360
2020-03-30,24,16,40,7,6,13,17,27,44,27,19,46,14,23,37,20,14,34,27,23,50,36,31,67,31,16,47,16,13,29,219,188,407
2020-03-31,31,18,49,8,6,14,20,28,48,30,21,51,18,24,42,22,15,37,31,24,55,42,34,76,33,19,52,20,13,33,255,202,457
2020-04-01,38,26,64,8,8,16,24,31,55,33,23,56,28,28,56,25,18,43,35,27,62,48,36,84,38,25,63,20,14,34,297,236,533
2020-04-02,42,33,75,13,12,25,26,35,61,36,27,63,31,31,62,26,24,50,42,31,73,54,42,96,43,31,74,22,18,40,335,284,619
2020-04-03,56,40,96,16,15,31,30,40,70,42,34,76,35,40,75,28,28,56,50,35,85,59,45,104,48,38,86,23,23,46,387,338,725
2020-04-04,63,48,111,18,16,34,32,46,78,44,44,88,39,42,81,33,28,61,55,37,92,61,49,110,52,40,92,24,26,50,421,376,797
2020-04-05,68,54,122,22,18,40,37,47,84,49,45,94,47,43,90,37,30,67,56,47,103,66,57,123,56,44,100,26,29,55,464,414,878
2020-04-06,78,61,139,25,20,45,43,50,93,59,47,106,56,47,103,44,32,76,60,54,114,77,61,138,63,48,111,27,31,58,532,451,983
2020-04-07,85,70,155,26,22,48,48,53,101,64,53,117,60,51,111,51,34,85,64,57,121,83,69,152,69,59,128,29,32,61,579,500,1079
2020-04-08,92,75,167,28,23,51,50,58,108,69,55,124,67,55,122,56,37,93,70,62,132,92,73,165,71,62,133,32,38,70,627,538,1165
2020-04-09,93,77,170,30,25,55,52,65,117,80,64,144,70,60,130,63,42,105,74,64,138,99,82,181,74,71,145,36,43,79,671,593,1264
2020-04-10,106,79,185,33,28,61,54,70,124,84,65,149,78,61,139,65,47,112,79,66,145,100,91,191,78,79,157,38,47,85,715,633,1348
2020-04-11,111,83,194,35,30,65,62,74,136,89,68,157,82,62,144,66,50,116,82,72,154,107,93,200,82,86,168,39,52,91,755,670,1425
2020-04-12,118,88,206,37,30,67,62,76,138,94,70,164,85,67,152,73,51,124,84,75,159,110,101,211,85,90,175,40,54,94,788,702,1490
2020-04-13,123,95,218,41,33,74,70,82,152,98,77,175,89,70,159,77,56,133,91,79,170,115,108,223,92,98,190,45,60,105,841,758,1599
2020-04-14,135,99,234,43,34,77,77,88,165,105,79,184,93,75,168,86,61,147,95,86,181,123,113,236,99,102,201,49,64,113,905,801,1706
2020-04-15,142,102,244,48,39,87,78,94,172,111,86,197,99,86,185,90,69,159,101,88,189,133,115,248,107,110,217,54,67,121,963,856,1819
2020-04-16,149,104,253,52,44,96,85,98,183,120,97,217,109,95,204,97,76,173,105,98,203,139,119,258,112,115,227,54,71,125,1022,917,1939
2020-04-17,156,110,266,53,47,100,86,105,191,126,109,235,118,102,220,104,83,187,112,103,215,151,125,276,117,123,240,55,74,129,1078,981,2059
2020-04-18,163,117,280,56,48,104,95,107,202,140,115,255,125,107,232,110,86,196,114,105,219,155,135,290,123,131,254,58,78,136,1139,1029,2168
2020-04-19,168,123,291,60,49,109,99,109,208,144,118,262,128,112,240,115,94,209,118,111,229,161,143,304,126,138,264,60,79,139,1179,1076,2255
2020-04-20,178,128,306,68,57,125,111,113,224,156,126,282,134,118,252,123,97,220,129,119,248,175,154,329,135,146,281,65,94,159,1274,1152,2426
2020-04-21,187,136,323,73,60,133,123,116,239,163,135,298,136,122,258,127,104,231,134,125,259,186,166,352,143,156,299,67,104,171,1339,1224,2563
2020-04-22,195,142,337,77,65,142,129,123,252,173,138,311,148,128,276,130,110,240,142,128,270,194,180,374,151,167,318,74,111,185,1413,1292,2705
2020-04-23,207,152,359,82,69,151,134,133,267,182,146,328,156,133,289,133,119,252,149,132,281,203,188,391,162,176,338,81,121,202,1489,1369,2858
2020-04-24,217,161,378,87,73,160,142,140,282,194,157,351,161,139,300,140,127,267,157,141,298,213,198,411,172,192,364,84,124,208,1567,1452,3019
2020-04-25,225,164,389,91,74,165,144,145,289,201,165,366,165,142,307,145,131,276,163,146,309,220,201,421,181,208,389,89,129,218,1624,1505,3129
2020-04-26,230,179,409,96,79,175,146,149,295,204,167,371,173,147,320,147,134,281,169,152,321,225,208,433,188,215,403,90,132,222,1668,1562,3230
2020-04-27,241,188,429,100,83,183,151,154,305,207,176,383,177,155,332,156,141,297,177,159,336,244,214,458,199,228,427,93,138,231,1745,1636,3381
2020-04-28,253,195,448,104,88,192,162,163,325,217,185,402,184,164,348,162,149,311,182,166,348,247,226,473,205,242,447,95,142,237,1811,1720,3531
2020-04-29,265,203,468,110,91,201,173,169,342,234,195,429,194,170,364,170,155,325,186,174,360,256,231,487,208,257,465,100,152,252,1896,1797,3693
2020-04-30,278,211,489,119,93,212,181,172,353,239,200,439,205,177,382,177,165,342,196,184,380,263,240,503,216,273,489,108,160,268,1982,1875,3857
2020-05-01,279,221,500,125,98,223,182,177,359,248,211,459,214,183,397,183,168,351,207,189,396,270,248,518,224,284,508,108,163,271,2040,1942,3982
2020-05-02,284,235,519,130,104,234,188,179,367,258,216,474,219,188,407,191,170,361,210,191,401,277,250,527,230,296,526,109,166,275,2096,1995,4091
2020-05-03,290,239,529,132,106,238,194,184,378,266,221,487,223,193,416,198,172,370,218,198,416,280,258,538,238,304,542,112,171,283,2151,2046,4197
2020-05-04,304,255,559,137,108,245,201,194,395,275,227,502,228,199,427,207,175,382,225,210,435,295,271,566,245,322,567,115,175,290,2232,2136,4368
2020-05-05,311,261,572,144,109,253,209,202,411,286,237,523,234,209,443,216,180,396,235,216,451,309,277,586,251,335,586,116,184,300,2311,2210,4521
2020-05-06,321,270,591,147,109,256,219,208,427,300,247,547,250,216,466,220,185,405,244,221,465,327,289,616,257,346,603,120,190,310,2405,2281,4686
2020-05-07,335,277,612,152,115,267,231,211,442,312,256,568,263,224,487,225,191,416,251,226,477,342,295,637,263,358,621,121,198,319,2495,2351,4846
2020-05-08,347,288,635,158,119,277,242,218,460,321,268,589,279,234,513,238,196,434,256,235,491,355,303,658,274,371,645,123,210,333,2593,2442,5035
2020-05-09,362,297,659,161,119,280,246,229,475,326,274,600,286,241,527,242,199,441,263,242,505,366,305,671,279,381,660,128,218,346,2659,2505,5164
2020-05-10,369,304,673,162,120,282,253,236,489,331,281,612,288,244,532,246,205,451,270,246,516,375,316,691,284,391,675,129,225,354,2707,2568,5275
2020-05-11,381,317,698,168,124,292,259,241,500,342,292,634,296,256,552,254,210,464,281,251,532,386,326,712,295,407,702,133,238,371,2795,2662,5457
2020-05-12,394,325,719,174,132,306,279,256,535,363,297,660,304,266,570,260,214,474,290,257,547,391,338,729,305,420,725,138,250,388,2898,2755,5653
2020-05-13,414,334,748,183,141,324,296,264,560,375,314,689,319,271,590,268,223,491,296,264,560,400,344,744,312,434,746,140,259,399,3003,2848,5851
2020-05-14,432,354,786,192,146,338,307,281,588,393,328,721,329,279,608,273,232,505,305,275,580,409,353,762,321,446,767,142,274,416,3103,2968,6071
2020-05-15,449,369,818,200,151,351,313,290,603,404,338,742,339,294,633,283,238,521,315,284,599,416,359,775,331,466,797,147,284,431,3197,3073,6270
2020-05-16,455,383,838,207,155,362,317,298,615,412,351,763,345,300,645,289,246,535,319,289,608,426,364,790,337,470,807,152,297,449,3259,3153,6412
2020-05-17,466,395,861,210,160,370,326,303,629,418,358,776,353,311,664,292,248,540,325,296,621,432,368,800,347,479,826,156,304,460,3325,3222,6547
2020-05-18,482,412,894,217,169,386,346,321,667,437,372,809,363,324,687,304,256,560,335,308,643,449,382,831,363,492,855,158,315,473,3454,3351,6805
2020-05-19,498,426,924,228,179,407,371,341,712,467,391,858,386,333,719,316,269,585,348,318,666,458,400,858,374,511,885,161,324,485,3607,3492,7099
2020-05-20,521,456,977,235,191,426,392,358,750,501,406,907,402,347,749,324,280,604,364,329,693,469,411,880,386,527,913,167,330,497,3761,3635,7396
2020-05-21,543,483,1026,251,196,447,418,378,796,528,423,951,412,363,775,341,290,631,374,336,710,485,420,905,393,543,936,168,334,502,3913,3766,7679
2020-05-22,563,498,1061,262,207,469,442,401,843,546,446,992,427,374,801,352,296,648,379,345,724,494,428,922,400,555,955,174,348,522,4039,3898,7937
2020-05-23,573,511,1084,273,220,493,465,413,878,569,462,1031,435,382,817,359,303,662,390,356,746,503,439,942,408,560,968,177,350,527,4152,3996,8148
2020-05-24,585,523,1108,281,229,510,475,421,896,582,471,1053,445,384,829,364,307,671,400,360,760,513,446,959,413,570,983,179,356,535,4237,4067,8304
2020-05-25,608,542,1150,297,242,539,492,442,934,594,483,1077,459,394,853,369,314,683,404,365,769,526,448,974,421,585,1006,181,364,545,4351,4179,8530
2020-05-26,633,565,1198,315,258,573,524,471,995,634,502,1136,477,414,891,377,327,704,412,370,782,539,452,991,431,601,1032,184,374,558,4526,4334,8860
2020-05-27,665,589,1254,329,270,599,543,492,1035,656,516,1172,492,424,916,394,339,733,420,377,797,543,463,1006,436,618,1054,188,376,564,4666,4464,9130
2020-05-28,688,621,1309,343,277,620,567,518,1085,675,535,1210,509,438,947,406,353,759,429,389,818,554,469,1023,449,633,1082,193,391,584,4813,4624,9437
2020-05-29,718,645,1363,365,294,659,601,544,1145,701,567,1268,533,454,987,420,367,787,441,398,839,569,478,1047,463,649,1112,195,395,590,5006,4791,9797
2020-05-30,740,663,1403,377,303,680,631,566,1197,734,577,1311,544,466,1010,431,378,809,447,403,850,579,488,1067,471,660,1131,196,402,598,5150,4906,10056
2020-05-31,759,676,1435,386,311,697,646,575,1221,745,587,1332,555,470,1025,435,385,820,454,407,861,589,493,1082,476,668,1144,197,410,607,5242,4982,10224
2020-06-01,785,695,1480,399,325,724,669,607,1276,770,616,1386,569,487,1056,450,395,845,473,418,891,602,501,1103,481,678,1159,202,414,616,5400,5136,10536
2020-06-02,818,716,1534,417,343,760,696,630,1326,789,640,1429,586,502,1088,458,406,864,488,426,914,623,512,1135,486,691,1177,207,426,633,5568,5292,10860
2020-06-03,842,730,1572,430,367,797,719,655,1374,812,667,1479,597,521,1118,465,415,880,500,437,937,638,523,1161,498,707,1205,209,436,645,5710,5458,11168
2020-06-04,866,750,1616,445,385,830,746,679,1425,828,686,1514,610,533,1143,486,427,913,510,442,952,657,534,1191,508,721,1229,212,446,658,5868,5603,11471
2020-06-05,898,781,1679,456,400,856,779,699,1478,853,720,1573,636,553,1189,505,445,950,522,455,977,670,545,1215,519,741,1260,215,455,670,6053,5794,11847
2020-06-06,917,800,1717,467,409,876,796,714,1510,879,743,1622,647,563,1210,519,452,971,531,464,995,681,554,1235,528,757,1285,218,464,682,6183,5920,12103
2020-06-07,928,818,1746,479,419,898,813,724,1537,895,755,1650,660,570,1230,529,458,987,538,468,1006,689,560,1249,538,769,1307,221,472,693,6290,6013,12303
2020-06-08,949,842,1791,494,435,929,841,749,1590,927,780,1707,692,586,1278,547,474,1021,551,477,1028,705,574,1279,548,786,1334,225,479,704,6479,6182,12661
2020-06-09,989,865,1854,511,456,967,859,776,1635,951,807,1758,721,604,1325,561,481,1042,564,482,1046,713,588,1301,560,812,1372,228,490,718,6657,6361,13018
2020-06-10,1005,885,1890,521,471,992,894,793,1687,975,840,1815,744,622,1366,580,498,1078,578,494,1072,732,610,1342,566,831,1397,234,505,739,6829,6549,13378
2020-06-11,1031,915,1946,533,486,1019,918,819,1737,1004,867,1871,755,638,1393,594,517,1111,589,511,1100,748,625,1373,572,854,1426,237,520,757,6981,6752,13733
2020-06-12,1061,951,2012,541,504,1045,963,845,1808,1044,906,1950,783,665,1448,609,532,1141,608,525,1133,763,638,1401,578,875,1453,241,529,770,7191,6970,14161
2020-06-13,1085,976,2061,558,521,1079,992,874,1866,1073,925,1998,791,681,1472,624,543,1167,617,530,1147,777,646,1423,584,890,1474,243,536,779,7344,7122,14466
2020-06-14,1102,999,2101,575,533,1108,1011,892,1903,1092,935,2027,804,692,1496,633,557,1190,626,534,1160,780,658,1438,597,909,1506,244,544,788,7464,7253,14717
2020-06-15,1123,1025,2148,596,548,1144,1037,918,1955,1111,953,2064,821,704,1525,646,566,1212,637,538,1175,790,665,1455,604,924,1528,245,554,799,7610,7395,15005
2020-06-16,1166,1072,2238,612,566,1178,1089,953,2042,1157,980,2137,851,727,1578,666,580,1246,652,550,1202,803,671,1474,616,946,1562,248,568,816,7860,7613,15473
2020-06-17,1195,1101,2296,629,586,1215,1136,983,2119,1189,1018,2207,885,747,1632,690,594,1284,667,561,1228,811,690,1501,632,960,1592,250,577,827,8084,7817,15901
2020-06-18,1233,1135,2368,641,597,1238,1182,1015,2197,1237,1062,2299,919,763,1682,716,613,1329,687,579,1266,822,707,1529,648,980,1628,252,589,841,8337,8040,16377
2020-06-19,1279,1158,2437,654,619,1273,1212,1042,2254,1291,1089,2380,955,793,1748,748,631,1379,710,593,1303,842,719,1561,664,999,1663,259,602,861,8614,8245,16859
2020-06-20,1306,1183,2489,665,635,1300,1246,1065,2311,1324,1112,2436,976,817,1793,763,648,1411,725,606,1331,853,727,1580,671,1013,1684,263,608,871,8792,8414,17206
2020-06-21,1329,1197,2526,678,647,1325,1270,1089,2359,1343,1135,2478,992,825,1817,776,655,1431,732,615,1347,861,733,1594,676,1023,1699,264,615,879,8921,8534,17455
2020-06-22,1366,1229,2595,702,668,1370,1300,1124,2424,1382,1158,2540,1020,848,1868,795,682,1477,750,631,1381,878,748,1626,683,1044,1727,266,627,893,9142,8759,17901
2020-06-23,1406,1264,2670,724,692,1416,1341,1155,2496,1435,1197,2632,1051,877,1928,811,710,1521,766,650,1416,889,759,1648,694,1058,1752,269,633,902,9386,8995,18381
2020-06-24,1436,1294,2730,749,709,1458,1382,1197,2579,1470,1235,2705,1080,901,1981,830,732,1562,777,665,1442,899,771,1670,707,1072,1779,271,638,909,9601,9214,18815
2020-06-25,1471,1336,2807,776,741,1517,1416,1230,2646,1507,1264,2771,1118,932,2050,865,757,1622,786,676,1462,907,783,1690,715,1084,1799,276,644,920,9837,9447,19284
2020-06-26,1506,1359,2865,804,763,1567,1465,1261,2726,1545,1299,2844,1149,959,2108,881,777,1658,804,690,1494,919,798,1717,725,1102,1827,278,653,931,10076,9661,19737
2020-06-27,1548,1401,2949,830,795,1625,1498,1296,2794,1576,1328,2904,1174,976,2150,898,786,1684,820,695,1515,922,811,1733,730,1109,1839,282,659,941,10278,9856,20134
2020-06-28,1583,1419,3002,842,808,1650,1511,1323,2834,1604,1353,2957,1191,992,2183,913,799,1712,830,701,1531,930,819,1749,738,1119,1857,288,666,954,10430,9999,20429
2020-06-29,1618,1460,3078,870,836,1706,1546,1357,2903,1646,1382,3028,1214,1014,2228,927,827,1754,852,711,1563,942,834,1776,749,1132,1881,293,675,968,10657,10228,20885
2020-06-30,1641,1494,3135,880,855,1735,1591,1391,2982,1678,1420,3098,1242,1041,2283,951,846,1797,872,719,1591,960,844,1804,757,1149,1906,295,686,981,10867,10445,21312
2020-07-01,1671,1521,3192,892,878,1770,1644,1429,3073,1716,1449,3165,1265,1068,2333,972,873,1845,888,728,1616,971,855,1826,765,1168,1933,297,692,989,11081,10661,21742
2020-07-02,1712,1559,3271,911,901,1812,1681,1471,3152,1762,1489,3251,1298,1093,2391,989,893,1882,905,736,1641,979,867,1846,777,1180,1957,301,697,998,11315,10886,22201
2020-07-03,1753,1589,3342,939,916,1855,1718,1499,3217,1805,1534,3339,1323,1123,2446,1009,913,1922,922,749,1671,988,882,1870,786,1197,1983,305,701,1006,11548,11103,22651
2020-07-04,1778,1621,3399,955,933,1888,1749,1534,3283,1834,1557,3391,1349,1140,2489,1027,926,1953,932,757,1689,996,894,1890,791,1206,1997,308,707,1015,11719,11275,22994
2020-07-05,1798,1646,3444,973,944,1917,1775,1563,3338,1862,1586,3448,1359,1161,2520,1044,942,1986,949,771,1720,1011,906,1917,799,1219,2018,311,716,1027,11881,11454,23335
2020-07-06,1819,1674,3493,990,959,1949,1814,1600,3414,1909,1609,3518,1392,1186,2578,1070,965,2035,971,793,1764,1029,931,1960,809,1240,2049,314,725,1039,12117,11682,23799
2020-07-07,1853,1724,3577,1006,982,1988,1868,1641,3509,1951,1643,3594,1418,1218,2636,1098,983,2081,988,810,1798,1041,943,1984,819,1260,2079,321,737,1058,12363,11941,24304
2020-07-08,1887,1747,3634,1035,1007,2042,1919,1678,3597,1985,1680,3665,1457,1254,2711,1118,1011,2129,1004,827,1831,1057,964,2021,831,1275,2106,325,751,1076,12618,12194,24812
2020-07-09,1912,1765,3677,1049,1018,2067,1946,1705,3651,2018,1705,3723,1485,1278,2763,1131,1023,2154,1011,843,1854,1066,986,2052,835,1290,2125,331,758,1089,12784,12371,25155
2020-07-10,1934,1783,3717,1069,1038,2107,1972,1729,3701,2049,1731,3780,1505,1299,2804,1145,1036,2181,1028,858,1886,1082,998,2080,847,1304,2151,333,769,1102,12964,12545,25509
2020-07-11,1956,1812,3768,1086,1048,2134,1992,1753,3745,2070,1759,3829,1524,1324,2848,1162,1055,2217,1047,868,1915,1094,1017,2111,851,1320,2171,335,779,1114,13117,12735,25852
2020-07-12,1975,1828,3803,1102,1055,2157,2010,1770,3780,2092,1770,3862,1539,1334,2873,1169,1065,2234,1057,878,1935,1104,1022,2126,857,1331,2188,339,786,1125,13244,12839,26083
2020-07-13,2001,1863,3864,1123,1077,2200,2052,1803,3855,2128,1809,3937,1574,1366,2940,1195,1098,2293,1088,902,1990,1122,1055,2177,870,1377,2247,341,811,1152,13494,13161,26655
2020-07-14,2031,1893,3924,1150,1092,2242,2086,1827,3913,2187,1845,4032,1608,1395,3003,1223,1113,2336,1110,926,2036,1139,1081,2220,876,1395,2271,348,825,1173,13758,13392,27150
2020-07-15,2059,1923,3982,1181,1114,2295,2121,1880,4001,2242,1893,4135,1645,1437,3082,1248,1143,2391,1132,949,2081,1149,1097,2246,890,1411,2301,356,830,1186,14023,13677,27700
2020-07-16,2098,1943,4041,1200,1146,2346,2164,1931,4095,2293,1927,4220,1681,1474,3155,1274,1176,2450,1148,963,2111,1164,1115,2279,909,1440,2349,358,848,1206,14289,13963,28252
2020-07-17,2132,1973,4105,1224,1163,2387,2193,1970,4163,2332,1976,4308,1716,1517,3233,1303,1212,2515,1172,990,2162,1182,1131,2313,925,1461,2386,362,858,1220,14541,14251,28792
2020-07-18,2157,1996,4153,1239,1176,2415,2231,2002,4233,2364,2016,4380,1743,1545,3288,1328,1234,2562,1196,1008,2204,1191,1141,2332,939,1482,2421,364,863,1227,14752,14463,29215
2020-07-19,2185,2023,4208,1250,1192,2442,2256,2026,4282,2387,2043,4430,1765,1567,3332,1350,1257,2607,1210,1018,2228,1204,1149,2353,950,1498,2448,366,869,1235,14923,14642,29565
2020-07-20,2226,2061,4287,1286,1220,2506,2310,2071,4381,2440,2102,4542,1807,1623,3430,1382,1296,2678,1237,1052,2289,1223,1170,2393,970,1520,2490,369,880,1249,15250,14995,30245
2020-07-21,2263,2092,4355,1311,1242,2553,2354,2110,4464,2500,2144,4644,1847,1661,3508,1414,1326,2740,1263,1077,2340,1242,1194,2436,984,1544,2528,374,891,1265,15552,15281,30833
2020-07-22,2318,2125,4443,1333,1265,2598,2415,2158,4573,2554,2200,4754,1897,1701,3598,1441,1353,2794,1279,1101,2380,1264,1213,2477,999,1575,2574,375,901,1276,15875,15592,31467
2020-07-23,2361,2162,4523,1358,1284,2642,2467,2208,4675,2605,2251,4856,1931,1731,3662,1471,1377,2848,1297,1123,2420,1281,1234,2515,1007,1594,2601,381,912,1293,16159,15876,32035
2020-07-24,2389,2195,4584,1377,1305,2682,2521,2256,4777,2654,2314,4968,1968,1763,3731,1503,1398,2901,1327,1137,2464,1292,1253,2545,1018,1620,2638,384,926,1310,16433,16167,32600
2020-07-25,2417,2223,4640,1402,1318,2720,2558,2296,4854,2693,2355,5048,1999,1791,3790,1516,1407,2923,1341,1152,2493,1304,1265,2569,1027,1638,2665,389,930,1319,16646,16375,33021
2020-07-26,2442,2248,4690,1416,1332,2748,2581,2315,4896,2717,2380,5097,2029,1803,3832,1534,1422,2956,1352,1160,2512,1318,1274,2592,1034,1654,2688,394,936,1330,16817,16524,33341
2020-07-27,2469,2282,4751,1442,1355,2797,2630,2353,4983,2766,2423,5189,2076,1849,3925,1563,1461,3024,1378,1184,2562,1335,1295,2630,1051,1674,2725,399,955,1354,17109,16831,33940
2020-07-28,2504,2312,4816,1464,1376,2840,2692,2419,5111,2822,2466,5288,2115,1891,4006,1600,1499,3099,1408,1213,2621,1350,1322,2672,1061,1696,2757,404,974,1378,17420,17168,34588
2020-07-29,2538,2348,4886,1487,1404,2891,2754,2469,5223,2875,2518,5393,2165,1936,4101,1634,1542,3176,1429,1242,2671,1373,1343,2716,1078,1724,2802,409,998,1407,17742,17524,35266
2020-07-30,2580,2383,4963,1520,1437,2957,2837,2534,5371,2940,2572,5512,2218,1973,4191,1674,1581,3255,1452,1273,2725,1387,1361,2748,1086,1743,2829,410,1004,1414,18104,17861,35965
2020-07-31,2612,2425,5037,1539,1463,3002,2886,2597,5483,3012,2631,5643,2266,2012,4278,1712,1611,3323,1474,1305,2779,1408,1386,2794,1095,1771,2866,416,1022,1438,18420,18223,36643
2020-08-01,2638,2444,5082,1551,1484,3035,2915,2635,5550,3045,2669,5714,2292,2049,4341,1740,1636,3376,1495,1314,2809,1427,1402,2829,1106,1793,2899,417,1033,1450,18626,18459,37085
2020-08-02,2668,2469,5137,1566,1502,3068,2945,2654,5599,3077,2703,5780,2314,2082,4396,1759,1660,3419,1506,1333,2839,1433,1420,2853,1118,1806,2924,419,1040,1459,18805,18669,37474
2020-08-03,2707,2515,5222,1592,1530,3122,2992,2706,5698,3132,2745,5877,2349,2122,4471,1787,1690,3477,1535,1355,2890,1444,1440,2884,1131,1837,2968,423,1054,1477,19092,18994,38086
2020-08-04,2749,2547,5296,1624,1562,3186,3059,2746,5805,3194,2798,5992,2404,2162,4566,1825,1722,3547,1562,1374,2936,1461,1459,2920,1148,1868,3016,428,1070,1498,19454,19308,38762
2020-08-05,2790,2584,5374,1659,1586,3245,3116,2785,5901,3237,2853,6090,2441,2200,4641,1861,1765,3626,1591,1400,2991,1482,1479,2961,1165,1888,3053,431,1078,1509,19773,19618,39391
2020-08-06,2830,2610,5440,1679,1622,3301,3173,2839,6012,3287,2914,6201,2494,2250,4744,1894,1804,3698,1617,1419,3036,1500,1498,2998,1181,1913,3094,436,1090,1526,20091,19959,40050
2020-08-07,2880,2645,5525,1707,1647,3354,3229,2890,6119,3347,2960,6307,2535,2306,4841,1933,1827,3760,1637,1443,3080,1519,1526,3045,1195,1948,3143,441,1114,1555,20423,20306,40729
2020-08-08,2911,2673,5584,1727,1666,3393,3259,2928,6187,3402,3010,6412,2565,2344,4909,1965,1856,3821,1657,1462,3119,1532,1551,3083,1206,1969,3175,442,1134,1576,20666,20593,41259
2020-08-09,2936,2700,5636,1740,1678,3418,3288,2960,6248,3439,3041,6480,2588,2383,4971,1991,1886,3877,1677,1478,3155,1545,1573,3118,1222,2012,3234,446,1152,1598,20872,20863,41735
2020-08-10,2978,2733,5711,1767,1706,3473,3355,3014,6369,3505,3083,6588,2638,2435,5073,2026,1920,3946,1695,1493,3188,1560,1599,3159,1237,2032,3269,450,1163,1613,21211,21178,42389
2020-08-11,3015,2768,5783,1805,1728,3533,3418,3069,6487,3583,3143,6726,2693,2487,5180,2065,1959,4024,1724,1514,3238,1581,1630,3211,1252,2060,3312,456,1175,1631,21592,21533,43125
2020-08-12,3047,2805,5852,1841,1753,3594,3470,3135,6605,3628,3223,6851,2749,2541,5290,2100,1998,4098,1751,1539,3290,1595,1654,3249,1264,2081,3345,461,1191,1652,21906,21920,43826
2020-08-13,3070,2839,5909,1877,1778,3655,3546,3204,6750,3709,3305,7014,2799,2593,5392,2148,2040,4188,1772,1568,3340,1621,1671,3292,1275,2106,3381,465,1206,1671,22282,22310,44592
2020-08-14,3096,2865,5961,1896,1797,3693,3628,3277,6905,3770,3368,7138,2863,2633,5496,2189,2085,4274,1803,1595,3398,1643,1702,3345,1288,2127,3415,468,1218,1686,22644,22667,45311
2020-08-15,3135,2889,6024,1927,1815,3742,3667,3325,6992,3821,3423,7244,2889,2680,5569,2218,2112,4330,1829,1614,3443,1658,1731,3389,1297,2170,3467,472,1234,1706,22913,22993,45906
2020-08-16,3167,2906,6073,1941,1824,3765,3712,3364,7076,3856,3458,7314,2908,2711,5619,2239,2133,4372,1840,1636,3476,1674,1744,3418,1306,2201,3507,476,1256,1732,23119,23233,46352
2020-08-17,3191,2922,6113,1964,1845,3809,3762,3406,7168,3902,3513,7415,2949,2750,5699,2272,2176,4448,1856,1672,3528,1688,1758,3446,1316,2221,3537,476,1270,1746,23376,23533,46909
2020-08-18,3232,2958,6190,1993,1858,3851,3818,3460,7278,3977,3577,7554,2994,2791,5785,2301,2227,4528,1877,1705,3582,1711,1786,3497,1325,2239,3564,476,1287,1763,23704,23888,47592
2020-08-19,3276,2994,6270,2017,1886,3903,3865,3524,7389,4041,3640,7681,3032,2838,5870,2340,2258,4598,1896,1733,3629,1729,1813,3542,1338,2275,3613,480,1304,1784,24014,24265,48279
2020-08-20,3301,3020,6321,2041,1906,3947,3926,3581,7507,4089,3695,7784,3060,2886,5946,2375,2290,4665,1920,1765,3685,1741,1833,3574,1353,2297,3650,483,1317,1800,24289,24590,48879
2020-08-21,3328,3061,6389,2072,1930,4002,3973,3629,7602,4152,3760,7912,3110,2936,6046,2413,2338,4751,1952,1795,3747,1763,1868,3631,1367,2332,3699,488,1327,1815,24618,24976,49594
2020-08-22,3342,3078,6420,2098,1949,4047,4009,3663,7672,4190,3813,8003,3148,2968,6116,2434,2360,4794,1973,1816,3789,1777,1888,3665,1376,2346,3722,491,1341,1832,24838,25222,50060
2020-08-23,3365,3107,6472,2111,1963,4074,4037,3687,7724,4225,3850,8075,3175,2989,6164,2458,2388,4846,1991,1836,3827,1786,1910,3696,1387,2353,3740,496,1345,1841,25031,25428,50459
2020-08-24,3408,3151,6559,2136,1987,4123,4087,3747,7834,4286,3904,8190,3217,3041,6258,2504,2422,4926,2013,1870,3883,1806,1935,3741,1403,2374,3777,502,1364,1866,25362,25795,51157
2020-08-25,3436,3181,6617,2166,2008,4174,4142,3816,7958,4348,3980,8328,3258,3083,6341,2535,2461,4996,2034,1899,3933,1818,1953,3771,1420,2403,3823,508,1381,1889,25665,26165,51830
2020-08-26,3480,3201,6681,2192,2037,4229,4213,3880,8093,4409,4038,8447,3303,3137,6440,2573,2500,5073,2064,1922,3986,1840,1979,3819,1437,2432,3869,511,1396,1907,26022,26522,52544
2020-08-27,3516,3229,6745,2230,2069,4299,4286,3946,8232,4479,4103,8582,3361,3191,6552,2616,2540,5156,2084,1953,4037,1864,2004,3868,1454,2461,3915,516,1420,1936,26406,26916,53322
2020-08-28,3551,3264,6815,2275,2091,4366,4365,4029,8394,4543,4174,8717,3421,3254,6675,2661,2598,5259,2109,1990,4099,1890,2030,3920,1465,2481,3946,522,1430,1952,26802,27341,54143
2020-08-29,3581,3281,6862,2287,2104,4391,4424,4079,8503,4588,4242,8830,3466,3295,6761,2691,2626,5317,2138,2009,4147,1908,2048,3956,1473,2505,3978,525,1446,1971,27081,27635,54716
2020-08-30,3605,3309,6914,2307,2121,4428,4467,4111,8578,4634,4277,8911,3505,3334,6839,2720,2649,5369,2152,2028,4180,1919,2065,3984,1481,2516,3997,528,1451,1979,27318,27861,55179
2020-08-31,3642,3335,6977,2337,2147,4484,4530,4164,8694,4688,4340,9028,3558,3386,6944,2749,2686,5435,2179,2066,4245,1946,2091,4037,1501,2555,4056,530,1466,1996,27660,28236,55896
2020-09-01,3682,3369,7051,2359,2188,4547,4594,4228,8822,4775,4411,9186,3620,3424,7044,2786,2742,5528,2198,2092,4290,1961,2115,4076,1516,2598,4114,537,1481,2018,28028,28648,56676
2020-09-02,3714,3392,7106,2382,2207,4589,4640,4291,8931,4824,4482,9306,3667,3462,7129,2826,2776,5602,2215,2116,4331,1988,2139,4127,1533,2624,4157,540,1511,2051,28329,29000,57329
2020-09-03,3746,3422,7168,2415,2231,4646,4715,4363,9078,4913,4561,9474,3723,3515,7238,2870,2810,5680,2239,2149,4388,2006,2164,4170,1545,2652,4197,544,1520,2064,28716,29387,58103
2020-09-04,3781,3458,7239,2442,2258,4700,4772,4425,9197,4981,4629,9610,3783,3582,7365,2901,2850,5751,2271,2191,4462,2032,2188,4220,1559,2679,4238,547,1536,2083,29069,29796,58865
2020-09-05,3804,3481,7285,2458,2272,4730,4822,4470,9292,5032,4692,9724,3822,3632,7454,2926,2882,5808,2299,2219,4518,2049,2205,4254,1575,2698,4273,549,1543,2092,29336,30094,59430
2020-09-06,3824,3503,7327,2472,2289,4761,4846,4508,9354,5069,4724,9793,3852,3660,7512,2943,2908,5851,2315,2241,4556,2059,2227,4286,1587,2714,4301,551,1552,2103,29518,30326,59844
2020-09-07,3852,3535,7387,2494,2316,4810,4916,4583,9499,5143,4789,9932,3900,3719,7619,2978,2963,5941,2356,2271,4627,2074,2252,4326,1601,2744,4345,558,1566,2124,29872,30738,60610
2020-09-08,3885,3563,7448,2522,2343,4865,4976,4642,9618,5219,4859,10078,3952,3768,7720,3026,3014,6040,2387,2305,4692,2102,2279,4381,1619,2771,4390,565,1587,2152,30253,31131,61384
2020-09-09,3921,3590,7511,2542,2370,4912,5041,4704,9745,5282,4913,10195,4006,3813,7819,3065,3057,6122,2419,2343,4762,2122,2309,4431,1634,2808,4442,566,1606,2172,30598,31513,62111
2020-09-10,3947,3608,7555,2576,2395,4971,5121,4776,9897,5355,4996,10351,4076,3868,7944,3102,3100,6202,2446,2372,4818,2145,2332,4477,1645,2842,4487,567,1623,2190,30980,31912,62892
2020-09-11,3976,3639,7615,2613,2418,5031,5183,4828,10011,5416,5073,10489,4128,3926,8054,3146,3159,6305,2480,2401,4881,2170,2360,4530,1664,2867,4531,570,1633,2203,31346,32304,63650
2020-09-12,4001,3659,7660,2633,2440,5073,5220,4865,10085,5449,5123,10572,4155,3962,8117,3175,3197,6372,2505,2426,4931,2190,2383,4573,1677,2898,4575,572,1647,2219,31577,32600,64177
2020-09-13,4031,3683,7714,2645,2451,5096,5257,4909,10166,5486,5177,10663,4179,3986,8165,3202,3220,6422,2532,2451,4983,2202,2394,4596,1682,2912,4594,577,1656,2233,31793,32839,64632
2020-09-14,4064,3715,7779,2670,2477,5147,5321,4991,10312,5548,5246,10794,4224,4040,8264,3255,3269,6524,2572,2487,5059,2229,2422,4651,1700,2929,4629,579,1666,2245,32162,33242,65404
2020-09-15,4101,3742,7843,2691,2495,5186,5382,5032,10414,5611,5327,10938,4270,4083,8353,3285,3310,6595,2602,2522,5124,2251,2454,4705,1715,2959,4674,580,1678,2258,32488,33602,66090
2020-09-16,4141,3779,7920,2734,2530,5264,5453,5113,10566,5676,5407,11083,4325,4136,8461,3324,3355,6679,2633,2556,5189,2277,2473,4750,1730,2989,4719,583,1689,2272,32876,34027,66903
2020-09-17,4173,3805,7978,2761,2571,5332,5509,5171,10680,5735,5466,11201,4379,4203,8582,3375,3410,6785,2673,2592,5265,2304,2500,4804,1745,3007,4752,586,1693,2279,33240,34418,67658
2020-09-18,4212,3848,8060,2783,2603,5386,5566,5236,10802,5816,5549,11365,4425,4259,8684,3412,3454,6866,2699,2636,5335,2335,2527,4862,1759,3031,4790,589,1705,2294,33596,34848,68444
2020-09-19,4226,3883,8109,2793,2629,5422,5598,5267,10865,5853,5596,11449,4452,4283,8735,3435,3475,6910,2728,2659,5387,2354,2548,4902,1773,3049,4822,592,1713,2305,33804,35102,68906
2020-09-20,4249,3911,8160,2819,2652,5471,5629,5302,10931,5891,5629,11520,4478,4309,8787,3452,3502,6954,2740,2678,5418,2374,2565,4939,1777,3067,4844,595,1721,2316,34004,35336,69340
2020-09-21,4281,3945,8226,2845,2687,5532,5686,5352,11038,5950,5700,11650,4525,4361,8886,3488,3530,7018,2767,2711,5478,2399,2592,4991,1788,3083,4871,596,1731,2327,34325,35692,70017
2020-09-22,4323,3981,8304,2882,2727,5609,5746,5423,11169,6012,5765,11777,4582,4398,8980,3533,3579,7112,2802,2738,5540,2427,2622,5049,1799,3116,4915,599,1744,2343,34705,36093,70798
2020-09-23,4364,4015,8379,2903,2749,5652,5790,5492,11282,6067,5833,11900,4627,4446,9073,3566,3621,7187,2834,2771,5605,2447,2654,5101,1810,3141,4951,601,1756,2357,35009,36478,71487
2020-09-24,4408,4055,8463,2938,2782,5720,5858,5551,11409,6147,5905,12052,4677,4495,9172,3602,3656,7258,2847,2822,5669,2466,2683,5149,1833,3166,4999,608,1778,2386,35384,36893,72277
2020-09-25,4442,4080,8522,2966,2802,5768,5915,5613,11528,6207,5962,12169,4731,4544,9275,3638,3694,7332,2877,2860,5737,2491,2707,5198,1852,3190,5042,608,1788,2396,35727,37240,72967
2020-09-26,4465,4099,8564,2991,2818,5809,5955,5649,11604,6252,6000,12252,4765,4580,9345,3663,3730,7393,2899,2883,5782,2508,2723,5231,1862,3208,5070,614,1797,2411,35974,37487,73461
2020-09-27,4487,4124,8611,3007,2842,5849,5996,5695,11691,6282,6035,12317,4800,4607,9407,3690,3753,7443,2920,2902,5822,2515,2740,5255,1870,3221,5091,617,1804,2421,36184,37723,73907
2020-09-28,4518,4150,8668,3035,2867,5902,6049,5744,11793,6343,6097,12440,4862,4647,9509,3741,3804,7545,2966,2928,5894,2535,2767,5302,1887,3247,5134,621,1824,2445,36557,38075,74632
2020-09-29,4562,4183,8745,3067,2907,5974,6128,5799,11927,6426,6177,12603,4922,4699,9621,3779,3845,7624,3005,2971,5976,2566,2814,5380,1909,3285,5194,624,1848,2472,36988,38528,75516
2020-09-30,4601,4214,8815,3096,2939,6035,6196,5869,12065,6489,6238,12727,4971,4741,9712,3823,3895,7718,3043,3015,6058,2594,2843,5437,1918,3309,5227,629,1857,2486,37360,38920,76280
2020-10-01,4642,4256,8898,3123,2993,6116,6264,5948,12212,6568,6317,12885,5011,4801,9812,3866,3935,7801,3084,3051,6135,2621,2890,5511,1932,3328,5260,632,1868,2500,37743,39387,77130
2020-10-02,4693,4305,8998,3153,3024,6177,6327,6028,12355,6626,6390,13016,5055,4860,9915,3914,3972,7886,3125,3092,6217,2649,2928,5577,1945,3362,5307,636,1885,2521,38123,39846,77969
2020-10-03,4714,4330,9044,3175,3051,6226,6373,6074,12447,6670,6437,13107,5091,4894,9985,3950,4000,7950,3142,3116,6258,2668,2947,5615,1952,3382,5334,639,1892,2531,38374,40123,78497
2020-10-04,4742,4358,9100,3196,3075,6271,6414,6114,12528,6702,6466,13168,5128,4930,10058,3973,4021,7994,3162,3136,6298,2680,2962,5642,1962,3408,5370,642,1895,2537,38601,40365,78966
2020-10-05,4765,4394,9159,3221,3100,6321,6468,6171,12639,6783,6537,13320,5202,4979,10181,4023,4068,8091,3215,3170,6385,2710,3008,5718,1981,3435,5416,645,1902,2547,39013,40764,79777
2020-10-06,4797,4440,9237,3255,3128,6383,6532,6226,12758,6856,6597,13453,5276,5024,10300,4072,4112,8184,3248,3207,6455,2741,3042,5783,1999,3462,5461,651,1913,2564,39427,41151,80578
2020-10-07,4839,4468,9307,3277,3152,6429,6597,6295,12892,6937,6674,13611,5329,5084,10413,4111,4168,8279,3284,3251,6535,2771,3073,5844,2017,3491,5508,659,1920,2579,39821,41576,81397
2020-10-08,4881,4501,9382,3311,3178,6489,6660,6364,13024,7000,6740,13740,5380,5144,10524,4153,4221,8374,3317,3284,6601,2794,3108,5902,2033,3512,5545,664,1937,2601,40193,41989,82182
2020-10-09,4911,4542,9453,3361,3223,6584,6710,6445,13155,7080,6833,13913,5436,5206,10642,4196,4278,8474,3356,3328,6684,2816,3145,5961,2045,3538,5583,668,1952,2620,40579,42490,83069
2020-10-10,4935,4570,9505,3392,3246,6638,6769,6496,13265,7135,6892,14027,5475,5251,10726,4229,4324,8553,3391,3359,6750,2830,3170,6000,2062,3558,5620,677,1966,2643,40895,42832,83727
2020-10-11,4962,4596,9558,3412,3263,6675,6811,6555,13366,7188,6953,14141,5524,5290,10814,4260,4350,8610,3425,3395,6820,2850,3196,6046,2078,3581,5659,678,1976,2654,41188,43155,84343
2020-10-12,4984,4625,9609,3451,3292,6743,6883,6637,13520,7256,7029,14285,5577,5354,10931,4309,4420,8729,3477,3435,6912,2888,3240,6128,2101,3620,5721,680,1992,2672,41606,43644,85250
2020-10-13,5033,4669,9702,3505,3327,6832,6989,6741,13730,7355,7149,14504,5645,5437,11082,4385,4503,8888,3531,3487,7018,2927,3289,6216,2129,3668,5797,689,2016,2705,42188,44286,86474
2020-10-14,5080,4710,9790,3540,3377,6917,7080,6851,13931,7453,7262,14715,5709,5522,11231,4443,4568,9011,3581,3537,7118,2976,3342,6318,2151,3701,5852,689,2037,2726,42702,44907,87609
2020-10-15,5124,4749,9873,3588,3428,7016,7181,6961,14142,7578,7389,14967,5800,5627,11427,4519,4648,9167,3645,3600,7245,3008,3396,6404,2169,3736,5905,698,2053,2751,43310,45587,88897
2020-10-16,5182,4787,9969,3634,3486,7120,7313,7105,14418,7708,7495,15203,5905,5725,11630,4593,4734,9327,3698,3663,7361,3046,3452,6498,2194,3783,5977,701,2086,2787,43974,46316,90290
2020-10-17,5204,4813,10017,3663,3522,7185,7399,7171,14570,7796,7587,15383,5979,5805,11784,4632,4781,9413,3736,3715,7451,3086,3492,6578,2206,3816,6022,705,2100,2805,44406,46802,91208
2020-10-18,5227,4840,10067,3686,3547,7233,7435,7218,14653,7847,7657,15504,6012,5852,11864,4672,4816,9488,3765,3741,7506,3106,3524,6630,2216,3854,6070,706,2114,2820,44672,47163,91835
2020-10-19,5295,4887,10182,3732,3600,7332,7549,7359,14908,7968,7800,15768,6137,5979,12116,4756,4901,9657,3846,3812,7658,3157,3586,6743,2240,3896,6136,709,2130,2839,45389,47950,93339
2020-10-20,5347,4944,10291,3787,3654,7441,7683,7487,15170,8079,7926,16005,6234,6095,12329,4839,4989,9828,3912,3870,7782,3193,3638,6831,2274,3941,6215,710,2155,2865,46058,48699,94757
2020-10-21,5385,4976,10361,3855,3698,7553,7772,7606,15378,8177,8026,16203,6315,6178,12493,4908,5046,9954,3966,3914,7880,3225,3678,6903,2294,3978,6272,713,2170,2883,46610,49270,95880
2020-10-22,5422,5007,10429,3914,3761,7675,7858,7703,15561,8258,8119,16377,6392,6274,12666,4966,5119,10085,4004,3964,7968,3254,3714,6968,2316,4014,6330,720,2189,2909,47104,49864,96968
2020-10-23,5454,5039,10493,3956,3791,7747,7931,7790,15721,8329,8208,16537,6449,6351,12800,5015,5168,10183,4047,4015,8062,3293,3753,7046,2341,4033,6374,724,2213,2937,47539,50361,97900
2020-10-24,5473,5062,10535,3975,3821,7796,7992,7829,15821,8376,8266,16642,6495,6392,12887,5050,5199,10249,4068,4044,8112,3319,3779,7098,2350,4056,6406,729,2226,2955,47827,50674,98501
2020-10-25,5508,5089,10597,3993,3848,7841,8052,7891,15943,8430,8350,16780,6542,6437,12979,5090,5250,10340,4098,4076,8174,3342,3809,7151,2358,4075,6433,733,2229,2962,48146,51054,99200
2020-10-26,5549,5123,10672,4052,3886,7938,8135,7988,16123,8530,8453,16983,6611,6529,13140,5149,5326,10475,4141,4129,8270,3380,3855,7235,2374,4118,6492,738,2249,2987,48659,51656,100315
2020-10-27,5589,5160,10749,4093,3921,8014,8238,8095,16333,8629,8540,17169,6703,6607,13310,5216,5412,10628,4201,4208,8409,3421,3907,7328,2391,4147,6538,741,2257,2998,49222,52254,101476
2020-10-28,5630,5197,10827,4130,3952,8082,8309,8202,16511,8724,8638,17362,6759,6688,13447,5278,5482,10760,4256,4251,8507,3453,3945,7398,2403,4180,6583,745,2271,3016,49687,52806,102493
2020-10-29,5665,5229,10894,4164,3990,8154,8422,8292,16714,8838,8743,17581,6828,6769,13597,5325,5540,10865,4308,4305,8613,3480,3976,7456,2419,4209,6628,748,2279,3027,50197,53332,103529
2020-10-30,5701,5254,10955,4193,4029,8222,8500,8408,16908,8927,8836,17763,6898,6840,13738,5369,5596,10965,4351,4359,8710,3505,4007,7512,2438,4240,6678,754,2296,3050,50636,53865,104501
2020-10-31,5727,5276,11003,4214,4050,8264,8544,8460,17004,8974,8903,17877,6938,6894,13832,5406,5627,11033,4380,4399,8779,3526,4031,7557,2446,4255,6701,757,2300,3057,50912,54195,105107
2020-11-01,5764,5304,11068,4243,4091,8334,8602,8528,17130,9033,8976,18009,6999,6943,13942,5448,5681,11129,4412,4443,8855,3553,4058,7611,2455,4275,6730,760,2306,3066,51269,54605,105874
2020-11-02,5801,5346,11147,4284,4138,8422,8690,8625,17315,9136,9070,18206,7067,7025,14092,5514,5739,11253,4469,4501,8970,3587,4093,7680,2472,4299,6771,762,2319,3081,51782,55155,106937
2020-11-03,5833,5374,11207,4308,4163,8471,8764,8712,17476,9218,9145,18363,7122,7067,14189,5561,5791,11352,4509,4540,9049,3621,4121,7742,2490,4334,6824,765,2332,3097,52191,55579,107770
2020-11-04,5870,5415,11285,4348,4206,8554,8871,8823,17694,9308,9248,18556,7219,7166,14385,5627,5863,11490,4574,4596,9170,3661,4158,7819,2512,4375,6887,776,2347,3123,52766,56197,108963
2020-11-05,5913,5456,11369,4406,4257,8663,8999,8936,17935,9429,9364,18793,7318,7257,14575,5705,5955,11660,4616,4649,9265,3696,4197,7893,2531,4403,6934,778,2362,3140,53391,56836,110227
2020-11-06,5940,5488,11428,4432,4297,8729,9067,9011,18078,9493,9440,18933,7360,7302,14662,5754,6007,11761,4653,4695,9348,3726,4237,7963,2546,4432,6978,782,2371,3153,53753,57280,111033
2020-11-07,5970,5517,11487,4459,4326,8785,9119,9083,18202,9545,9513,19058,7405,7355,14760,5797,6058,11855,4695,4737,9432,3752,4267,8019,2567,4452,7019,789,2376,3165,54098,57684,111782
2020-11-08,6007,5560,11567,4493,4363,8856,9183,9145,18328,9604,9591,19195,7457,7415,14872,5829,6101,11930,4736,4777,9513,3779,4298,8077,2578,4468,7046,793,2380,3173,54459,58098,112557
2020-11-09,6058,5610,11668,4558,4403,8961,9267,9249,18516,9703,9715,19418,7532,7497,15029,5905,6173,12078,4791,4839,9630,3804,4336,8140,2602,4507,7109,797,2390,3187,55017,58719,113736
2020-11-10,6094,5638,11732,4594,4436,9030,9348,9322,18670,9796,9808,19604,7591,7555,15146,5954,6227,12181,4855,4882,9737,3835,4371,8206,2625,4535,7160,801,2401,3202,55493,59175,114668
2020-11-11,6137,5672,11809,4625,4476,9101,9436,9415,18851,9885,9900,19785,7665,7628,15293,6008,6295,12303,4899,4924,9823,3870,4405,8275,2645,4573,7218,805,2419,3224,55975,59707,115682
2020-11-12,6187,5703,11890,4667,4515,9182,9515,9521,19036,9991,10004,19995,7746,7706,15452,6076,6348,12424,4939,4994,9933,3907,4450,8357,2666,4609,7275,808,2430,3238,56502,60280,116782
2020-11-13,6231,5732,11963,4715,4550,9265,9601,9630,19231,10065,10093,20158,7819,7779,15598,6133,6408,12541,4993,5055,10048,3944,4488,8432,2687,4643,7330,812,2444,3256,57000,60822,117822
2020-11-14,6279,5768,12047,4743,4578,9321,9657,9696,19353,10135,10170,20305,7863,7839,15702,6170,6451,12621,5041,5080,10121,3970,4524,8494,2695,4666,7361,816,2448,3264,57369,61220,118589
2020-11-15,6318,5804,12122,4775,4600,9375,9723,9778,19501,10217,10231,20448,7924,7900,15824,6217,6508,12725,5084,5123,10207,3995,4554,8549,2704,4690,7394,817,2462,3279,57774,61650,119424
2020-11-16,6358,5850,12208,4820,4636,9456,9797,9857,19654,10295,10316,20611,8003,7969,15972,6252,6564,12816,5127,5174,10301,4028,4592,8620,2719,4718,7437,822,2484,3306,58221,62160,120381
2020-11-17,6397,5896,12293,4865,4675,9540,9897,9960,19857,10410,10430,20840,8086,8054,16140,6308,6623,12931,5192,5247,10439,4072,4644,8716,2727,4755,7482,823,2493,3316,58777,62777,121554
2020-11-18,6438,5937,12375,4920,4720,9640,9996,10057,20053,10537,10539,21076,8163,8125,16288,6366,6684,13050,5239,5291,10530,4114,4689,8803,2742,4797,7539,827,2502,3329,59342,63341,122683
2020-11-19,6478,5969,12447,4981,4767,9748,10092,10164,20256,10635,10658,21293,8225,8203,16428,6430,6756,13186,5295,5351,10646,4151,4723,8874,2760,4833,7593,830,2513,3343,59877,63937,123814
2020-11-20,6518,6006,12524,5020,4810,9830,10180,10260,20440,10730,10756,21486,8283,8267,16550,6485,6815,13300,5347,5400,10747,4180,4752,8932,2779,4861,7640,835,2523,3358,60357,64450,124807
2020-11-21,6553,6035,12588,5050,4840,9890,10236,10323,20559,10790,10817,21607,8332,8319,16651,6523,6858,13381,5383,5434,10817,4203,4772,8975,2788,4873,7661,838,2532,3370,60696,64803,125499
2020-11-22,6581,6062,12643,5077,4865,9942,10295,10380,20675,10837,10881,21718,8385,8366,16751,6549,6885,13434,5408,5478,10886,4224,4787,9011,2797,4894,7691,839,2540,3379,60992,65138,126130
2020-11-23,6628,6098,12726,5107,4897,10004,10364,10450,20814,10911,10954,21865,8448,8416,16864,6592,6930,13522,5448,5520,10968,4245,4816,9061,2815,4922,7737,845,2552,3397,61403,65555,126958
2020-11-24,6669,6144,12813,5154,4939,10093,10454,10539,20993,11019,11044,22063,8526,8483,17009,6647,6990,13637,5502,5568,11070,4276,4858,9134,2840,4956,7796,848,2558,3406,61935,66079,128014
2020-11-25,6721,6192,12913,5205,4982,10187,10553,10626,21179,11123,11148,22271,8597,8549,17146,6700,7039,13739,5551,5616,11167,4300,4890,9190,2858,4981,7839,853,2567,3420,62461,66590,129051
2020-11-26,6761,6232,12993,5253,5032,10285,10653,10733,21386,11222,11259,22481,8656,8634,17290,6767,7101,13868,5611,5664,11275,4333,4935,9268,2875,5010,7885,861,2578,3439,62992,67178,130170
2020-11-27,6780,6267,13047,5281,5057,10338,10738,10830,21568,11293,11338,22631,8713,8679,17392,6822,7150,13972,5645,5704,11349,4361,4968,9329,2887,5043,7930,867,2583,3450,63387,67619,131006
2020-11-28,6826,6291,13117,5311,5087,10398,10811,10898,21709,11342,11412,22754,8758,8733,17491,6876,7198,14074,5668,5737,11405,4382,4997,9379,2899,5071,7970,869,2587,3456,63742,68011,131753
2020-11-29,6860,6328,13188,5333,5124,10457,10888,10981,21869,11409,11493,22902,8824,8782,17606,6921,7244,14165,5709,5778,11487,4402,5024,9426,2914,5083,7997,871,2594,3465,64131,68431,132562
2020-11-30,6909,6369,13278,5389,5165,10554,11016,11119,22135,11520,11604,23124,8921,8866,17787,6975,7317,14292,5771,5841,11612,4441,5075,9516,2933,5117,8050,878,2602,3480,64753,69075,133828
2020-12-01,6943,6412,13355,5423,5218,10641,11129,11218,22347,11609,11717,23326,8997,8951,17948,7014,7368,14382,5822,5909,11731,4477,5121,9598,2952,5146,8098,880,2606,3486,65246,69666,134912
2020-12-02,6965,6431,13396,5451,5247,10698,11193,11288,22481,11671,11801,23472,9056,9019,18075,7051,7410,14461,5848,5939,11787,4508,5151,9659,2965,5165,8130,886,2616,3502,65594,70067,135661
2020-12-03,6999,6475,13474,5495,5284,10779,11278,11407,22685,11776,11924,23700,9137,9098,18235,7106,7464,14570,5903,6004,11907,4543,5182,9725,2979,5185,8164,889,2627,3516,66105,70650,136755
2020-12-04,7034,6514,13548,5534,5333,10867,11368,11490,22858,11867,12015,23882,9213,9178,18391,7170,7534,14704,5956,6062,12018,4581,5221,9802,2997,5214,8211,896,2636,3532,66616,71197,137813
2020-12-05,7064,6544,13608,5568,5366,10934,11446,11561,23007,11950,12084,24034,9261,9226,18487,7205,7573,14778,5984,6089,12073,4600,5243,9843,3008,5235,8243,901,2644,3545,66987,71565,138552
2020-12-06,7089,6569,13658,5600,5388,10988,11501,11615,23116,12007,12130,24137,9298,9280,18578,7230,7608,14838,6013,6118,12131,4626,5271,9897,3024,5251,8275,902,2647,3549,67290,71877,139167
2020-12-07,7108,6606,13714,5637,5416,11053,11581,11701,23282,12080,12206,24286,9352,9339,18691,7268,7655,14923,6042,6149,12191,4650,5308,9958,3035,5270,8305,906,2652,3558,67659,72302,139961
2020-12-08,7141,6645,13786,5661,5446,11107,11654,11778,23432,12155,12283,24438,9400,9382,18782,7320,7704,15024,6078,6187,12265,4670,5343,10013,3041,5289,8330,911,2656,3567,68031,72713,140744
2020-12-09,7180,6677,13857,5695,5489,11184,11775,11913,23688,12288,12409,24697,9504,9467,18971,7414,7792,15206,6159,6267,12426,4715,5403,10118,3057,5323,8380,914,2673,3587,68701,73413,142114
2020-12-10,7224,6719,13943,5764,5563,11327,11915,12056,23971,12433,12579,25012,9599,9570,19169,7528,7902,15430,6243,6346,12589,4755,5437,10192,3074,5366,8440,920,2683,3603,69455,74221,143676
2020-12-11,7257,6761,14018,5809,5613,11422,12066,12212,24278,12588,12748,25336,9711,9686,19397,7638,8010,15648,6335,6454,12789,4807,5485,10292,3093,5395,8488,921,2691,3612,70225,75055,145280
2020-12-12,7292,6796,14088,5864,5653,11517,12182,12329,24511,12708,12889,25597,9821,9796,19617,7734,8089,15823,6395,6552,12947,4845,5542,10387,3104,5418,8522,923,2699,3622,70868,75763,146631
2020-12-13,7326,6826,14152,5903,5703,11606,12271,12438,24709,12818,13010,25828,9909,9886,19795,7830,8169,15999,6463,6606,13069,4883,5573,10456,3115,5440,8555,929,2703,3632,71447,76354,147801
2020-12-14,7380,6868,14248,5951,5754,11705,12410,12584,24994,12968,13158,26126,10020,10010,20030,7935,8274,16209,6551,6710,13261,4937,5632,10569,3135,5472,8607,938,2715,3653,72225,77177,149402
2020-12-15,7416,6906,14322,6011,5811,11822,12526,12724,25250,13109,13314,26423,10125,10107,20232,8036,8386,16422,6650,6807,13457,4985,5675,10660,3149,5490,8639,939,2728,3667,72946,77948,150894
2020-12-16,7440,6942,14382,6074,5889,11963,12673,12905,25578,13305,13516,26821,10249,10259,20508,8163,8503,16666,6776,6915,13691,5045,5738,10783,3169,5511,8680,943,2739,3682,73837,78917,152754
2020-12-17,7485,6991,14476,6147,5954,12101,12821,13083,25904,13513,13732,27245,10406,10411,20817,8285,8624,16909,6838,7009,13847,5092,5776,10868,3179,5535,8714,946,2747,3693,74712,79862,154574
2020-12-18,7544,7033,14577,6230,6051,12281,12997,13274,26271,13717,13955,27672,10571,10573,21144,8423,8780,17203,6991,7155,14146,5183,5851,11034,3195,5583,8778,950,2754,3704,75801,81009,156810
2020-12-19,7588,7068,14656,6293,6118,12411,13133,13437,26570,13937,14166,28103,10708,10710,21418,8536,8898,17434,7092,7282,14374,5230,5916,11146,3210,5609,8819,953,2759,3712,76680,81963,158643
2020-12-20,7624,7120,14744,6368,6193,12561,13280,13591,26871,14157,14375,28532,10867,10875,21742,8674,9044,17718,7209,7405,14614,5281,5967,11248,3222,5625,8847,956,2766,3722,77638,82961,160599
2020-12-21,7682,7176,14858,6459,6259,12718,13480,13775,27255,14404,14635,29039,11053,11045,22098,8820,9195,18015,7339,7552,14891,5347,6044,11391,3235,5664,8899,961,2774,3735,78780,84119,162899
2020-12-22,7735,7235,14970,6556,6347,12903,13698,13996,27694,14660,14919,29579,11260,11239,22499,8979,9345,18324,7502,7715,15217,5419,6102,11521,3254,5695,8949,965,2779,3744,80028,85372,165400
2020-12-23,7797,7291,15088,6658,6433,13091,13931,14227,28158,14939,15176,30115,11445,11452,22897,9141,9493,18634,7622,7854,15476,5480,6165,11645,3279,5733,9012,971,2793,3764,81263,86617,167880
2020-12-24,7830,7329,15159,6707,6490,13197,14063,14356,28419,15117,15334,30451,11564,11555,23119,9217,9579,18796,7688,7934,15622,5524,6200,11724,3284,5755,9039,974,2797,3771,81968,87329,169297
2020-12-25,7844,7345,15189,6725,6508,13233,14102,14383,28485,15160,15383,30543,11594,11581,23175,9237,9608,18845,7702,7953,15655,5538,6207,11745,3291,5768,9059,977,2801,3778,82170,87537,169707
2020-12-26,7893,7386,15279,6826,6617,13443,14265,14587,28852,15427,15616,31043,11758,11770,23528,9372,9749,19121,7784,8058,15842,5581,6262,11843,3309,5800,9109,978,2813,3791,83193,88658,171851
2020-12-27,7927,7415,15342,6949,6717,13666,14448,14737,29185,15682,15833,31515,11975,11957,23932,9518,9904,19422,7915,8189,16104,5636,6331,11967,3334,5836,9170,981,2824,3805,84365,89743,174108
2020-12-28,7988,7467,15455,7085,6862,13947,14721,15016,29737,16068,16197,32265,12232,12227,24459,9714,10122,19836,8051,8357,16408,5701,6413,12114,3360,5882,9242,984,2840,3824,85904,91383,177287
2020-12-29,8038,7518,15556,7212,7000,14212,14987,15294,30281,16365,16459,32824,12466,12467,24933,9883,10282,20165,8185,8511,16696,5772,6496,12268,3382,5934,9316,992,2855,3847,87282,92816,180098
2020-12-30,8089,7557,15646,7348,7152,14500,15275,15533,30808,16713,16775,33488,12693,12696,25389,10061,10497,20558,8321,8657,16978,5842,6572,12414,3407,5977,9384,996,2867,3863,88745,94283,183028
2020-12-31,8124,7593,15717,7443,7246,14689,15488,15721,31209,16908,17012,33920,12856,12878,25734,10176,10604,20780,8385,8737,17122,5877,6625,12502,3420,6005,9425,996,2874,3870,89673,95295,184968
2021-01-01,8142,7604,15746,7465,7272,14737,15519,15761,31280,16951,17062,34013,12897,12909,25806,10204,10639,20843,8403,8758,17161,5895,6641,12536,3425,6022,9447,997,2878,3875,89898,95546,185444
2021-01-02,8192,7639,15831,7549,7380,14929,15705,15949,31654,17176,17291,34467,13062,13079,26141,10320,10801,21121,8544,8883,17427,5960,6703,12663,3439,6058,9497,1000,2886,3886,90947,96669,187616
2021-01-03,8225,7674,15899,7697,7517,15214,15978,16229,32207,17510,17633,35143,13298,13364,26662,10504,11020,21524,8705,9055,17760,6034,6799,12833,3459,6092,9551,1003,2892,3895,92413,98275,190688
2021-01-04,8273,7723,15996,7818,7620,15438,16325,16595,32920,17878,18037,35915,13575,13650,27225,10691,11247,21938,8850,9213,18063,6129,6887,13016,3492,6146,9638,1007,2904,3911,94038,100022,194060
2021-01-05,8312,7773,16085,7964,7753,15717,16689,16986,33675,18269,18447,36716,13861,13944,27805,10884,11475,22359,9016,9446,18462,6219,6990,13209,3518,6199,9717,1012,2915,3927,95744,101928,197672
2021-01-06,8360,7812,16172,8131,7910,16041,17057,17322,34379,18646,18822,37468,14172,14247,28419,11115,11715,22830,9185,9645,18830,6319,7097,13416,3547,6255,9802,1016,2934,3950,97548,103759,201307
2021-01-07,8404,7856,16260,8240,8041,16281,17337,17602,34939,18967,19130,38097,14414,14474,28888,11274,11904,23178,9322,9796,19118,6386,7197,13583,3572,6303,9875,1018,2943,3961,98934,105246,204180
2021-01-08,8457,7899,16356,8362,8193,16555,17645,17884,35529,19242,19440,38682,14611,14730,29341,11430,12088,23518,9427,9937,19364,6453,7299,13752,3599,6340,9939,1025,2952,3977,100251,106762,207013
2021-01-09,8489,7937,16426,8469,8317,16786,17856,18139,35995,19555,19760,39315,14806,14957,29763,11594,12261,23855,9530,10090,19620,6502,7368,13870,3619,6379,9998,1025,2964,3989,101445,108172,209617
2021-01-10,8533,7982,16515,8592,8456,17048,18094,18382,36476,19822,20086,39908,15018,15180,30198,11735,12430,24165,9645,10184,19829,6545,7439,13984,3631,6411,10042,1026,2974,4000,102641,109524,212165
2021-01-11,8589,8023,16612,8747,8613,17360,18428,18727,37155,20154,20469,40623,15272,15443,30715,11920,12625,24545,9772,10353,20125,6617,7512,14129,3652,6451,10103,1027,2981,4008,104178,111197,215375
2021-01-12,8653,8061,16714,8874,8739,17613,18702,19042,37744,20431,20757,41188,15480,15670,31150,12073,12822,24895,9898,10472,20370,6668,7574,14242,3679,6480,10159,1030,2990,4020,105488,112607,218095
2021-01-13,8725,8124,16849,9025,8905,17930,19042,19362,38404,20730,21063,41793,15728,15910,31638,12249,13035,25284,10034,10640,20674,6737,7648,14385,3699,6527,10226,1036,2994,4030,107005,114208,221213
2021-01-14,8779,8176,16955,9178,9055,18233,19332,19680,39012,21027,21390,42417,15940,16158,32098,12431,13263,25694,10160,10796,20956,6800,7720,14520,3718,6563,10281,1039,3000,4039,108404,115801,224205
2021-01-15,8835,8229,17064,9429,9285,18714,19692,20063,39755,21459,21835,43294,16277,16479,32756,12704,13545,26249,10316,10979,21295,6869,7816,14685,3742,6607,10349,1042,3010,4052,110365,117848,228213
2021-01-16,8869,8258,17127,9683,9535,19218,20005,20408,40413,21854,22246,44100,16635,16845,33480,12982,13799,26781,10485,11167,21652,6970,7919,14889,3765,6643,10408,1044,3022,4066,112292,119842,232134
2021-01-17,8907,8279,17186,9901,9750,19651,20303,20778,41081,22198,22598,44796,16982,17236,34218,13219,14043,27262,10606,11322,21928,7036,7988,15024,3785,6669,10454,1046,3024,4070,113983,121687,235670
2021-01-18,8960,8333,17293,10180,10033,20213,20707,21194,41901,22641,23037,45678,17387,17623,35010,13536,14344,27880,10816,11558,22374,7132,8107,15239,3814,6716,10530,1049,3033,4082,116222,123978,240200
2021-01-19,9018,8378,17396,10441,10264,20705,21103,21580,42683,23069,23462,46531,17779,18025,35804,13804,14653,28457,11014,11788,22802,7232,8227,15459,3834,6765,10599,1056,3049,4105,118350,126191,244541
2021-01-20,9074,8429,17503,10700,10519,21219,21463,21968,43431,23446,23828,47274,18138,18388,36526,14097,14959,29056,11238,12025,23263,7342,8355,15697,3858,6810,10668,1064,3063,4127,120420,128344,248764
2021-01-21,9133,8481,17614,10873,10733,21606,21778,22287,44065,23728,24153,47881,18393,18686,37079,14292,15239,29531,11408,12185,23593,7417,8442,15859,3895,6848,10743,1072,3075,4147,121989,130129,252118
2021-01-22,9180,8531,17711,11083,10915,21998,22036,22581,44617,23987,24433,48420,18650,18970,37620,14486,15455,29941,11553,12346,23899,7487,8532,16019,3912,6890,10802,1075,3078,4153,123449,131731,255180
2021-01-23,9215,8561,17776,11282,11096,22378,22318,22871,45189,24251,24732,48983,18891,19180,38071,14687,15669,30356,11653,12468,24121,7533,8590,16123,3926,6918,10844,1077,3085,4162,124833,133170,258003
2021-01-24,9244,8594,17838,11514,11304,22818,22629,23180,45809,24535,25025,49560,19180,19472,38652,14909,15890,30799,11791,12615,24406,7587,8662,16249,3947,6950,10897,1079,3091,4170,126415,134783,261198
2021-01-25,9299,8662,17961,11803,11556,23359,23034,23587,46621,24888,25412,50300,19516,19830,39346,15154,16163,31317,11982,12815,24797,7677,8766,16443,3975,7006,10981,1085,3102,4187,128413,136899,265312
2021-01-26,9366,8718,18084,12079,11788,23867,23376,23908,47284,25206,25713,50919,19801,20137,39938,15373,16420,31793,12139,12998,25137,7756,8858,16614,4002,7062,11064,1089,3118,4207,130187,138720,268907
2021-01-27,9431,8773,18204,12291,12014,24305,23700,24222,47922,25517,26038,51555,20071,20447,40518,15577,16668,32245,12288,13143,25431,7818,8937,16755,4033,7104,11137,1091,3136,4227,131817,140482,272299
2021-01-28,9488,8828,18316,12480,12184,24664,23963,24497,48460,25794,26316,52110,20287,20671,40958,15750,16883,32633,12421,13296,25717,7891,9027,16918,4061,7148,11209,1096,3150,4246,133231,142000,275231
2021-01-29,9533,8886,18419,12743,12424,25167,24308,24823,49131,26152,26708,52860,20598,21019,41617,15998,17149,33147,12606,13527,26133,7970,9142,17112,4085,7205,11290,1100,3159,4259,135093,144042,279135
2021-01-30,9567,8908,18475,13086,12744,25830,24611,25157,49768,26522,27117,53639,20996,21450,42446,16303,17478,33781,12779,13757,26536,8055,9253,17308,4105,7250,11355,1103,3167,4270,137127,146281,283408
2021-01-31,9596,8934,18530,13568,13220,26788,25015,25555,50570,26992,27604,54596,21581,22061,43642,16709,17906,34615,12985,13989,26974,8143,9364,17507,4129,7291,11420,1105,3178,4283,139823,149102,288925
2021-02-01,9643,8982,18625,13957,13683,27640,25384,25987,51371,27432,28091,55523,22093,22562,44655,17123,18311,35434,13227,14278,27505,8221,9508,17729,4166,7338,11504,1107,3188,4295,142353,151928,294281
2021-02-02,9687,9023,18710,14278,14038,28316,25737,26338,52075,27828,28545,56373,22595,23098,45693,17491,18696,36187,13484,14561,28045,8367,9671,18038,4201,7387,11588,1112,3200,4312,144780,154557,299337
2021-02-03,9732,9072,18804,14563,14290,28853,26058,26701,52759,28194,28931,57125,22993,23509,46502,17786,19016,36802,13709,14812,28521,8481,9820,18301,4235,7444,11679,1116,3211,4327,146867,156806,303673
2021-02-04,9788,9117,18905,14728,14446,29174,26306,26985,53291,28467,29228,57695,23224,23816,47040,17995,19258,37253,13842,15013,28855,8553,9931,18484,4257,7486,11743,1119,3227,4346,148279,158507,306786
2021-02-05,9838,9162,19000,14901,14608,29509,26554,27240,53794,28723,29499,58222,23455,24045,47500,18169,19462,37631,13983,15193,29176,8627,10016,18643,4273,7533,11806,1121,3235,4356,149644,159993,309637
2021-02-06,9865,9191,19056,15086,14792,29878,26774,27476,54250,28965,29808,58773,23683,24308,47991,18373,19689,38062,14104,15341,29445,8678,10102,18780,4290,7564,11854,1121,3243,4364,150939,161514,312453
2021-02-07,9897,9229,19126,15273,14975,30248,26979,27708,54687,29228,30097,59325,23921,24570,48491,18566,19919,38485,14217,15459,29676,8741,10167,18908,4306,7588,11894,1128,3248,4376,152256,162960,315216
2021-02-08,9948,9272,19220,15522,15269,30791,27297,28053,55350,29594,30504,60098,24321,24992,49313,18820,20212,39032,14375,15662,30037,8819,10275,19094,4333,7645,11978,1132,3264,4396,154161,165148,319309
2021-02-09,9995,9304,19299,15738,15495,31233,27576,28352,55928,29976,30864,60840,24645,25349,49994,19092,20486,39578,14576,15868,30444,8905,10384,19289,4364,7707,12071,1137,3278,4415,156004,167087,323091
2021-02-10,10043,9335,19378,15902,15657,31559,27822,28629,56451,30258,31207,61465,24946,25638,50584,19265,20721,39986,14727,16040,30767,8990,10477,19467,4393,7744,12137,1137,3288,4425,157483,168736,326219
2021-02-11,10095,9375,19470,16043,15831,31874,28032,28891,56923,30560,31502,62062,25197,25923,51120,19441,20944,40385,14873,16196,31069,9063,10556,19619,4418,7792,12210,1141,3298,4439,158863,170308,329171
2021-02-12,10144,9411,19555,16221,16017,32238,28247,29111,57358,30864,31817,62681,25471,26235,51706,19615,21157,40772,15012,16384,31396,9139,10647,19786,4445,7836,12281,1143,3312,4455,160301,171927,332228
2021-02-13,10172,9434,19606,16438,16255,32693,28470,29359,57829,31204,32160,63364,25781,26611,52392,19818,21393,41211,15153,16545,31698,9192,10729,19921,4464,7871,12335,1145,3323,4468,161837,173680,335517
2021-02-14,10196,9454,19650,16636,16478,33114,28649,29606,58255,31533,32540,64073,26153,27011,53164,20019,21635,41654,15313,16705,32018,9255,10837,20092,4479,7893,12372,1147,3336,4483,163380,175495,338875
2021-02-15,10221,9490,19711,16917,16769,33686,28919,29895,58814,31929,32980,64909,26616,27482,54098,20312,21926,42238,15470,16895,32365,9324,10944,20268,4495,7939,12434,1149,3348,4497,165352,177668,343020
2021-02-16,10249,9513,19762,17205,17023,34228,29270,30288,59558,32386,33503,65889,27044,27969,55013,20597,22173,42770,15614,17038,32652,9391,11029,20420,4508,7975,12483,1156,3354,4510,167420,179865,347285
2021-02-17,10283,9559,19842,17401,17231,34632,29706,30727,60433,32806,33929,66735,27373,28317,55690,20828,22445,43273,15822,17255,33077,9484,11143,20627,4529,8026,12555,1161,3368,4529,169393,182000,351393
2021-02-18,10317,9601,19918,17566,17418,34984,30054,31101,61155,33182,34336,67518,27669,28647,56316,21079,22699,43778,15986,17461,33447,9570,11256,20826,4557,8071,12628,1164,3374,4538,171144,183964,355108
2021-02-19,10366,9638,20004,17717,17604,35321,30378,31430,61808,33505,34712,68217,27952,28962,56914,21301,22960,44261,16151,17662,33813,9658,11373,21031,4579,8115,12694,1168,3383,4551,172775,185839,358614
2021-02-20,10406,9664,20070,17852,17774,35626,30652,31718,62370,33799,35050,68849,28222,29265,57487,21495,23211,44706,16271,17862,34133,9719,11451,21170,4602,8153,12755,1172,3386,4558,174190,187534,361724
2021-02-21,10446,9691,20137,17998,17941,35939,30882,32012,62894,34108,35383,69491,28473,29547,58020,21645,23418,45063,16411,18031,34442,9776,11524,21300,4623,8185,12808,1176,3395,4571,175538,189127,364665
2021-02-22,10499,9758,20257,18139,18129,36268,31174,32350,63524,34431,35776,70207,28759,29857,58616,21863,23658,45521,16562,18238,34800,9851,11624,21475,4663,8222,12885,1179,3400,4579,177120,191012,368132
2021-02-23,10566,9808,20374,18278,18275,36553,31430,32627,64057,34725,36108,70833,29002,30138,59140,22069,23881,45950,16721,18431,35152,9939,11742,21681,4693,8262,12955,1186,3416,4602,178609,192688,371297
2021-02-24,10607,9874,20481,18425,18441,36866,31631,32867,64498,34992,36387,71379,29181,30380,59561,22237,24071,46308,16890,18591,35481,10019,11838,21857,4715,8305,13020,1189,3426,4615,179886,194180,374066
2021-02-25,10683,9943,20626,18532,18561,37093,31853,33104,64957,35210,36623,71833,29387,30572,59959,22382,24246,46628,17008,18750,35758,10083,11931,22014,4734,8341,13075,1193,3442,4635,181065,195513,376578
2021-02-26,10741,9999,20740,18644,18682,37326,32074,33379,65453,35483,36870,72353,29593,30807,60400,22544,24439,46983,17136,18941,36077,10143,12022,22165,4754,8377,13131,1195,3459,4654,182307,196975,379282
2021-02-27,10773,10030,20803,18762,18834,37596,32272,33619,65891,35758,37175,72933,29786,31017,60803,22729,24665,47394,17301,19134,36435,10210,12113,22323,4774,8425,13199,1196,3466,4662,183561,198478,382039
2021-02-28,10806,10064,20870,18923,19009,37932,32531,33925,66456,36097,37566,73663,30068,31314,61382,22991,24988,47979,17512,19364,36876,10321,12236,22557,4795,8466,13261,1199,3475,4674,185243,200407,385650
2021-03-01,10888,10134,21022,19024,19146,38170,32766,34158,66924,36379,37823,74202,30284,31514,61798,23116,25157,48273,17649,19523,37172,10389,12348,22737,4818,8509,13327,1204,3489,4693,186517,201801,388318
2021-03-02,10978,10211,21189,19159,19266,38425,32981,34387,67368,36600,38078,74678,30474,31702,62176,23268,25355,48623,17758,19668,37426,10462,12415,22877,4851,8547,13398,1207,3496,4703,187738,203125,390863
2021-03-03,11066,10275,21341,19266,19364,38630,33135,34592,67727,36813,38274,75087,30629,31873,62502,23415,25531,48946,17911,19844,37755,10541,12520,23061,4865,8577,13442,1207,3511,4718,188848,204361,393209
2021-03-04,11138,10346,21484,19363,19483,38846,33303,34766,68069,37014,38458,75472,30770,32029,62799,23520,25695,49215,18029,20020,38049,10607,12625,23232,4887,8614,13501,1213,3524,4737,189844,205560,395404
2021-03-05,11200,10408,21608,19456,19587,39043,33470,34988,68458,37236,38681,75917,30916,32172,63088,23645,25863,49508,18156,20161,38317,10677,12713,23390,4905,8648,13553,1213,3530,4743,190874,206751,397625
2021-03-06,11242,10452,21694,19531,19668,39199,33636,35151,68787,37421,38869,76290,31049,32320,63369,23740,26000,49740,18250,20260,38510,10723,12778,23501,4926,8675,13601,1215,3536,4751,191733,207709,399442
2021-03-07,11283,10491,21774,19613,19749,39362,33785,35338,69123,37608,39064,76672,31152,32481,63633,23860,26150,50010,18369,20412,38781,10770,12849,23619,4947,8709,13656,1219,3540,4759,192606,208783,401389
2021-03-08,11362,10569,21931,19721,19876,39597,33960,35562,69522,37832,39310,77142,31330,32661,63991,24038,26345,50383,18540,20593,39133,10848,12940,23788,4969,8755,13724,1222,3551,4773,193822,210162,403984
2021-03-09,11460,10676,22136,19827,19983,39810,34138,35738,69876,38055,39543,77598,31530,32842,64372,24200,26525,50725,18679,20809,39488,10940,13042,23982,4992,8789,13781,1226,3558,4784,195047,211505,406552
2021-03-10,11567,10771,22338,19941,20080,40021,34323,35922,70245,38286,39773,78059,31680,33003,64683,24340,26704,51044,18813,20954,39767,11014,13148,24162,5012,8837,13849,1230,3567,4797,196206,212759,408965
2021-03-11,11652,10867,22519,20021,20184,40205,34470,36110,70580,38464,39955,78419,31790,33144,64934,24441,26831,51272,18915,21087,40002,11071,13220,24291,5037,8868,13905,1231,3582,4813,197092,213848,410940
2021-03-12,11753,10969,22722,20131,20309,40440,34630,36309,70939,38679,40189,78868,31943,33322,65265,24569,27013,51582,19038,21245,40283,11146,13311,24457,5060,8911,13971,1235,3594,4829,198184,215172,413356
2021-03-13,11828,11017,22845,20206,20397,40603,34814,36493,71307,38900,40409,79309,32088,33467,65555,24689,27178,51867,19187,21396,40583,11199,13381,24580,5070,8949,14019,1240,3597,4837,199221,216284,415505
2021-03-14,11884,11093,22977,20273,20480,40753,34969,36692,71661,39107,40645,79752,32228,33618,65846,24828,27356,52184,19335,21569,40904,11254,13475,24729,5090,8976,14066,1244,3606,4850,200212,217510,417722
2021-03-15,12029,11206,23235,20394,20609,41003,35161,36929,72090,39338,40904,80242,32426,33835,66261,25005,27549,52554,19506,21752,41258,11338,13600,24938,5108,9022,14130,1248,3621,4869,201553,219027,420580
2021-03-16,12143,11327,23470,20501,20737,41238,35325,37128,72453,39571,41145,80716,32588,33981,66569,25155,27732,52887,19632,21924,41556,11411,13703,25114,5122,9065,14187,1253,3636,4889,202701,220378,423079
2021-03-17,12230,11425,23655,20610,20841,41451,35503,37345,72848,39743,41319,81062,32720,34137,66857,25294,27889,53183,19763,22072,41835,11470,13793,25263,5140,9104,14244,1255,3649,4904,203728,221574,425302
2021-03-18,12322,11501,23823,20684,20931,41615,35649,37516,73165,39928,41478,81406,32840,34273,67113,25387,28016,53403,19862,22199,42061,11532,13871,25403,5157,9132,14289,1257,3657,4914,204618,222574,427192
2021-03-19,12421,11584,24005,20800,21045,41845,35802,37714,73516,40121,41680,81801,32960,34416,67376,25500,28163,53663,19966,22348,42314,11594,13939,25533,5171,9158,14329,1262,3665,4927,205597,223712,429309
2021-03-20,12461,11629,24090,20874,21128,42002,35935,37852,73787,40269,41856,82125,33069,34551,67620,25610,28300,53910,20061,22449,42510,11651,14000,25651,5188,9184,14372,1265,3672,4937,206383,224621,431004
2021-03-21,12524,11686,24210,20947,21208,42155,36083,38000,74083,40454,42032,82486,33185,34671,67856,25724,28444,54168,20152,22573,42725,11684,14064,25748,5205,9211,14416,1268,3681,4949,207226,225570,432796
2021-03-22,12615,11784,24399,21063,21308,42371,36248,38219,74467,40657,42247,82904,33352,34828,68180,25887,28621,54508,20272,22725,42997,11752,14143,25895,5228,9259,14487,1272,3703,4975,208346,226837,435183
2021-03-23,12715,11883,24598,21192,21423,42615,36428,38428,74856,40834,42435,83269,33500,34956,68456,26036,28783,54819,20395,22888,43283,11823,14233,26056,5252,9287,14539,1273,3714,4987,209448,228030,437478
2021-03-24,12772,11949,24721,21284,21505,42789,36544,38555,75099,40976,42609,83585,33599,35079,68678,26132,28903,55035,20459,22986,43445,11868,14306,26174,5264,9320,14584,1274,3720,4994,210172,228932,439104
2021-03-25,12847,12029,24876,21386,21612,42998,36697,38739,75436,41157,42790,83947,33753,35252,69005,26243,29048,55291,20560,23109,43669,11921,14372,26293,5291,9349,14640,1277,3724,5001,211132,230024,441156
2021-03-26,12951,12123,25074,21509,21742,43251,36874,38930,75804,41366,42983,84349,33901,35419,69320,26353,29209,55562,20650,23247,43897,11986,14450,26436,5313,9383,14696,1279,3734,5013,212182,231220,443402
2021-03-27,13032,12190,25222,21567,21813,43380,37022,39070,76092,41560,43166,84726,34031,35564,69595,26465,29348,55813,20765,23377,44142,12027,14512,26539,5327,9415,14742,1284,3739,5023,213080,232194,445274
2021-03-28,13092,12230,25322,21623,21890,43513,37136,39203,76339,41710,43345,85055,34168,35700,69868,26569,29485,56054,20852,23507,44359,12069,14554,26623,5346,9437,14783,1286,3744,5030,213851,233095,446946
2021-03-29,13186,12313,25499,21752,21996,43748,37301,39394,76695,41901,43553,85454,34335,35881,70216,26709,29632,56341,20956,23658,44614,12120,14607,26727,5363,9467,14830,1287,3755,5042,214910,234256,449166
2021-03-30,13267,12393,25660,21859,22107,43966,37436,39542,76978,42079,43733,85812,34468,36039,70507,26821,29756,56577,21052,23788,44840,12159,14664,26823,5382,9496,14878,1292,3763,5055,215815,235281,451096
2021-03-31,13340,12461,25801,21943,22177,44120,37579,39708,77287,42242,43908,86150,34579,36176,70755,26896,29869,56765,21106,23863,44969,12185,14706,26891,5398,9519,14917,1294,3772,5066,216562,236159,452721
2021-04-01,13401,12524,25925,22033,22260,44293,37736,39882,77618,42418,44075,86493,34701,36314,71015,26994,29999,56993,21190,23969,45159,12224,14761,26985,5411,9535,14946,1296,3782,5078,217404,237101,454505
2021-04-02,13479,12575,26054,22118,22355,44473,37871,40028,77899,42594,44228,86822,34831,36431,71262,27089,30121,57210,21262,24053,45315,12266,14796,27062,5424,9547,14971,1299,3787,5086,218233,237921,456154
2021-04-03,13527,12633,26160,22197,22455,44652,38006,40170,78176,42757,44409,87166,34963,36569,71532,27194,30251,57445,21365,24144,45509,12298,14848,27146,5441,9582,15023,1302,3791,5093,219050,238852,457902
2021-04-04,13594,12688,26282,22347,22600,44947,38192,40386,78578,42994,44677,87671,35136,36777,71913,27310,30409,57719,21441,24250,45691,12330,14896,27226,5457,9607,15064,1303,3798,5101,220104,240088,460192
2021-04-05,13682,12779,26461,22536,22799,45335,38446,40674,79120,43285,44952,88237,35367,37044,72411,27478,30611,58089,21549,24399,45948,12380,14956,27336,5469,9643,15112,1308,3807,5115,221500,241664,463164
2021-04-06,13771,12893,26664,22699,22968,45667,38747,40926,79673,43568,45273,88841,35597,37274,72871,27633,30802,58435,21666,24578,46244,12450,15051,27501,5492,9679,15171,1311,3820,5131,222934,243264,466198
2021-04-07,13877,12988,26865,22883,23142,46025,39023,41201,80224,43844,45590,89434,35838,37508,73346,27794,31009,58803,21766,24744,46510,12510,15135,27645,5504,9720,15224,1312,3828,5140,224351,244865,469216
2021-04-08,13972,13075,27047,23030,23286,46316,39231,41464,80695,44105,45879,89984,36021,37700,73721,27927,31182,59109,21874,24880,46754,12563,15205,27768,5521,9750,15271,1313,3841,5154,225557,246262,471819
2021-04-09,14058,13148,27206,23133,23400,46533,39367,41655,81022,44273,46054,90327,36176,37850,74026,28031,31309,59340,21946,24975,46921,12601,15254,27855,5530,9773,15303,1316,3849,5165,226431,247267,473698
2021-04-10,14108,13202,27310,23241,23527,46768,39553,41830,81383,44472,46234,90706,36302,37995,74297,28143,31437,59580,22026,25063,47089,12618,15292,27910,5537,9788,15325,1317,3852,5169,227317,248220,475537
2021-04-11,14162,13257,27419,23318,23628,46946,39685,41962,81647,44625,46418,91043,36447,38141,74588,28245,31548,59793,22107,25146,47253,12643,15329,27972,5548,9811,15359,1319,3857,5176,228099,249097,477196
2021-04-12,14250,13341,27591,23457,23759,47216,39848,42159,82007,44837,46658,91495,36614,38346,74960,28379,31749,60128,22209,25264,47473,12675,15386,28061,5561,9839,15400,1320,3869,5189,229150,250370,479520
2021-04-13,14348,13406,27754,23551,23853,47404,40024,42320,82344,45053,46869,91922,36770,38515,75285,28508,31884,60392,22283,25349,47632,12719,15419,28138,5569,9855,15424,1323,3877,5200,230148,251347,481495
2021-04-14,14435,13482,27917,23639,23931,47570,40145,42458,82603,45192,47004,92196,36865,38637,75502,28587,31987,60574,22389,25444,47833,12759,15481,28240,5584,9876,15460,1328,3882,5210,230923,252182,483105
2021-04-15,14536,13565,28101,23754,24065,47819,40353,42674,83027,45415,47211,92626,37077,38842,75919,28727,32176,60903,22478,25551,48029,12791,15531,28322,5599,9902,15501,1330,3890,5220,232060,253407,485467
2021-04-16,14628,13653,28281,23848,24170,48018,40571,42882,83453,45656,47464,93120,37258,39038,76296,28879,32373,61252,22599,25699,48298,12823,15583,28406,5608,9928,15536,1331,3899,5230,233201,254689,487890
2021-04-17,14716,13726,28442,23951,24265,48216,40741,43036,83777,45884,47652,93536,37428,39213,76641,28999,32515,61514,22695,25799,48494,12858,15645,28503,5623,9960,15583,1334,3904,5238,234229,255715,489944
2021-04-18,14768,13789,28557,24020,24325,48345,40877,43178,84055,46041,47838,93879,37586,39353,76939,29114,32636,61750,22791,25890,48681,12890,15689,28579,5645,9980,15625,1337,3911,5248,235069,256589,491658
2021-04-19,14869,13867,28736,24136,24448,48584,41105,43394,84499,46279,48086,94365,37791,39542,77333,29272,32813,62085,22912,26017,48929,12930,15756,28686,5653,10017,15670,1341,3924,5265,236288,257864,494152
2021-04-20,14970,13975,28945,24246,24550,48796,41277,43579,84856,46462,48287,94749,37966,39730,77696,29413,32953,62366,23036,26164,49200,12979,15810,28789,5677,10050,15727,1345,3933,5278,237371,259031,496402
2021-04-21,15068,14048,29116,24338,24629,48967,41440,43727,85167,46635,48459,95094,38103,39878,77981,29525,33082,62607,23133,26275,49408,13021,15849,28870,5690,10093,15783,1347,3939,5286,238300,259979,498279
2021-04-22,15177,14140,29317,24466,24741,49207,41612,43905,85517,46846,48690,95536,38292,40104,78396,29669,33240,62909,23236,26412,49648,13066,15921,28987,5705,10134,15839,1348,3948,5296,239417,261235,500652
2021-04-23,15270,14225,29495,24556,24851,49407,41816,44107,85923,47077,48928,96005,38483,40325,78808,29817,33437,63254,23338,26555,49893,13117,15988,29105,5721,10158,15879,1352,3954,5306,240547,262528,503075
2021-04-24,15320,14266,29586,24600,24887,49487,41863,44170,86033,47150,49000,96150,38549,40411,78960,29857,33482,63339,23365,26587,49952,13142,16028,29170,5727,10180,15907,1354,3970,5324,240927,262981,503908
2021-04-25,15389,14334,29723,24678,24959,49637,41969,44299,86268,47308,49147,96455,38693,40542,79235,29975,33606,63581,23442,26667,50109,13173,16061,29234,5737,10203,15940,1354,3973,5327,241718,263791,505509
2021-04-26,15486,14438,29924,24792,25076,49868,42156,44477,86633,47520,49369,96889,38874,40742,79616,30147,33775,63922,23549,26785,50334,13238,16135,29373,5750,10236,15986,1357,3983,5340,242869,265016,507885
2021-04-27,15572,14511,30083,24894,25181,50075,42358,44698,87056,47711,49569,97280,39028,40937,79965,30280,33920,64200,23647,26900,50547,13285,16211,29496,5770,10269,16039,1361,3991,5352,243906,266187,510093
2021-04-28,15668,14612,30280,25001,25286,50287,42540,44881,87421,47916,49781,97697,39196,41107,80303,30409,34045,64454,23738,27010,50748,13328,16266,29594,5780,10293,16073,1366,4000,5366,244942,267281,512223
2021-04-29,15782,14714,30496,25151,25427,50578,42747,45123,87870,48182,50045,98227,39429,41331,80760,30571,34252,64823,23847,27152,50999,13394,16359,29753,5809,10342,16151,1368,4016,5384,246280,268761,515041
2021-04-30,15886,14801,30687,25246,25528,50774,42858,45280,88138,48326,50213,98539,39543,41478,81021,30673,34370,65043,23920,27266,51186,13449,16421,29870,5831,10382,16213,1371,4033,5404,247103,269772,516875
2021-05-01,15957,14864,30821,25333,25590,50923,42989,45416,88405,48488,50384,98872,39682,41647,81329,30776,34500,65276,23994,27355,51349,13495,16474,29969,5848,10423,16271,1372,4039,5411,247934,270692,518626
2021-05-02,16027,14926,30953,25424,25687,51111,43159,45607,88766,48718,50629,99347,39856,41884,81740,30918,34664,65582,24097,27491,51588,13540,16539,30079,5865,10449,16314,1375,4054,5429,248979,271930,520909
2021-05-03,16170,15052,31222,25556,25832,51388,43479,45911,89390,49061,51026,100087,40163,42224,82387,31145,34974,66119,24271,27740,52011,13634,16656,30290,5887,10506,16393,1377,4076,5453,250743,273997,524740
2021-05-04,16283,15154,31437,25704,25993,51697,43760,46183,89943,49405,51366,100771,40428,42488,82916,31364,35251,66615,24417,27947,52364,13729,16781,30510,5912,10551,16463,1378,4093,5471,252380,275807,528187
2021-05-05,16409,15262,31671,25832,26113,51945,44018,46473,90491,49703,51687,101390,40678,42729,83407,31543,35465,67008,24550,28085,52635,13809,16866,30675,5947,10592,16539,1385,4107,5492,253874,277379,531253
2021-05-06,16507,15377,31884,26008,26285,52293,44277,46809,91086,50010,52011,102021,40962,42999,83961,31750,35699,67449,24679,28234,52913,13882,16951,30833,5977,10638,16615,1389,4128,5517,255441,279131,534572
2021-05-07,16628,15492,32120,26193,26456,52649,44557,47165,91722,50313,52377,102690,41248,43329,84577,31937,35958,67895,24820,28401,53221,13951,17052,31003,5996,10669,16665,1392,4134,5526,257035,281033,538068
2021-05-08,16683,15560,32243,26273,26532,52805,44722,47344,92066,50523,52586,103109,41390,43481,84871,32042,36086,68128,24888,28479,53367,13995,17089,31084,6015,10697,16712,1393,4145,5538,257924,281999,539923
2021-05-09,16762,15634,32396,26349,26623,52972,44864,47507,92371,50699,52784,103483,41549,43655,85204,32147,36216,68363,24961,28565,53526,14046,17152,31198,6033,10720,16753,1402,4147,5549,258812,283003,541815
2021-05-10,16884,15746,32630,26484,26766,53250,45162,47782,92944,51023,53100,104123,41814,43972,85786,32365,36439,68804,25121,28741,53862,14128,17260,31388,6062,10769,16831,1404,4156,5560,260447,284731,545178
2021-05-11,16995,15840,32835,26615,26894,53509,45371,48003,93374,51288,53362,104650,42020,44176,86196,32517,36611,69128,25260,28889,54149,14196,17351,31547,6086,10802,16888,1409,4164,5573,261757,286092,547849
2021-05-12,17103,15932,33035,26732,27005,53737,45562,48249,93811,51544,53594,105138,42238,44405,86643,32691,36781,69472,25378,29034,54412,14244,17424,31668,6104,10842,16946,1414,4175,5589,263010,287441,550451
2021-05-13,17240,16018,33258,26833,27112,53945,45797,48521,94318,51778,53876,105654,42458,44613,87071,32826,36967,69793,25487,29162,54649,14294,17500,31794,6125,10890,17015,1415,4180,5595,264253,288839,553092
2021-05-14,17364,16149,33513,26962,27290,54252,46090,48837,94927,52120,54224,106344,42691,44937,87628,33032,37205,70237,25622,29346,54968,14361,17589,31950,6157,10932,17089,1420,4188,5608,265819,290697,556516
2021-05-15,17454,16249,33703,27061,27422,54483,46282,49077,95359,52353,54508,106861,42887,45181,88068,33190,37367,70557,25723,29473,55196,14401,17636,32037,6176,10965,17141,1421,4202,5623,266948,292080,559028
2021-05-16,17527,16329,33856,27139,27520,54659,46436,49226,95662,52545,54724,107269,43066,45374,88440,33327,37523,70850,25817,29575,55392,14444,17685,32129,6191,10999,17190,1422,4217,5639,267914,293172,561086
2021-05-17,17707,16492,34199,27334,27713,55047,46753,49600,96353,52966,55168,108134,43394,45762,89156,33607,37852,71459,25994,29786,55780,14550,17823,32373,6230,11068,17298,1425,4232,5657,269960,295496,565456
2021-05-18,17863,16651,34514,27517,27905,55422,47116,49950,97066,53375,55580,108955,43779,46137,89916,33878,38124,72002,26166,29981,56147,14640,17924,32564,6262,11115,17377,1429,4241,5670,272025,297608,569633
2021-05-19,18034,16782,34816,27720,28102,55822,47488,50344,97832,53811,56020,109831,44149,46498,90647,34131,38433,72564,26349,30192,56541,14730,18022,32752,6294,11162,17456,1436,4258,5694,274142,299813,573955
2021-05-20,18199,16942,35141,27910,28331,56241,47912,50780,98692,54275,56456,110731,44501,46874,91375,34382,38735,73117,26532,30380,56912,14813,18129,32942,6328,11214,17542,1439,4274,5713,276291,302115,578406
2021-05-21,18317,17046,35363,28065,28496,56561,48228,51156,99384,54653,56893,111546,44821,47227,92048,34615,38997,73612,26685,30582,57267,14895,18203,33098,6359,11275,17634,1440,4285,5725,278078,304160,582238
2021-05-22,18390,17101,35491,28153,28605,56758,48395,51388,99783,54900,57112,112012,44997,47414,92411,34739,39135,73874,26767,30667,57434,14939,18249,33188,6374,11312,17686,1441,4298,5739,279095,305281,584376
2021-05-23,18458,17160,35618,28219,28702,56921,48541,51543,100084,55075,57301,112376,45150,47560,92710,34851,39283,74134,26836,30767,57603,14983,18285,33268,6386,11359,17745,1450,4312,5762,279949,306272,586221
2021-05-24,18560,17235,35795,28339,28854,57193,48798,51776,100574,55366,57616,112982,45390,47849,93239,35068,39547,74615,26965,30939,57904,15064,18375,33439,6409,11402,17811,1453,4323,5776,281412,307916,589328
2021-05-25,18638,17297,35935,28439,28963,57402,49049,52039,101088,55615,57899,113514,45627,48080,93707,35271,39756,75027,27085,31079,58164,15128,18447,33575,6428,11438,17866,1458,4332,5790,282738,309330,592068
2021-05-26,18753,17395,36148,28599,29129,57728,49388,52370,101758,55962,58247,114209,45938,48407,94345,35553,40055,75608,27235,31276,58511,15215,18548,33763,6457,11505,17962,1465,4339,5804,284565,311271,595836
2021-05-27,18848,17492,36340,28713,29256,57969,49648,52668,102316,56284,58567,114851,46170,48630,94800,35764,40314,76078,27362,31431,58793,15301,18635,33936,6481,11542,18023,1466,4354,5820,286037,312889,598926
2021-05-28,18962,17592,36554,28869,29454,58323,49978,53017,102995,56637,58940,115577,46494,48991,95485,36068,40646,76714,27534,31659,59193,15378,18734,34112,6508,11590,18098,1470,4366,5836,287898,314989,602887
2021-05-29,19035,17663,36698,28958,29562,58520,50182,53250,103432,56903,59197,116100,46728,49220,95948,36214,40832,77046,27633,31780,59413,15426,18803,34229,6527,11633,18160,1475,4379,5854,289081,316319,605400
2021-05-30,19080,17713,36793,29033,29640,58673,50365,53452,103817,57107,59408,116515,46918,49388,96306,36324,40980,77304,27707,31866,59573,15458,18858,34316,6542,11661,18203,1478,4388,5866,290012,317354,607366
2021-05-31,19178,17809,36987,29181,29792,58973,50685,53775,104460,57473,59763,117236,47218,49707,96925,36505,41215,77720,27841,32038,59879,15545,18969,34514,6572,11722,18294,1478,4404,5882,291676,319194,610870
2021-06-01,19293,17911,37204,29323,29933,59256,50959,54062,105021,57800,60080,117880,47471,49983,97454,36710,41466,78176,28003,32218,60221,15633,19067,34700,6608,11763,18371,1483,4415,5898,293283,320898,614181
2021-06-02,19426,18019,37445,29464,30087,59551,51247,54401,105648,58114,60450,118564,47763,50276,98039,36897,41694,78591,28135,32407,60542,15723,19173,34896,6640,11815,18455,1490,4433,5923,294899,322755,617654
2021-06-03,19537,18141,37678,29631,30240,59871,51551,54701,106252,58459,60815,119274,48059,50576,98635,37095,41931,79026,28288,32590,60878,15802,19278,35080,6670,11845,18515,1494,4450,5944,296586,324567,621153
2021-06-04,19697,18286,37983,29796,30404,60200,51874,55058,106932,58797,61154,119951,48369,50897,99266,37327,42252,79579,28441,32778,61219,15896,19399,35295,6697,11904,18601,1496,4459,5955,298390,326591,624981
2021-06-05,19782,18371,38153,29884,30499,60383,52055,55292,107347,59011,61391,120402,48559,51094,99653,37476,42412,79888,28520,32871,61391,15946,19479,35425,6713,11931,18644,1501,4473,5974,299447,327813,627260
2021-06-06,19868,18464,38332,29979,30600,60579,52230,55479,107709,59214,61622,120836,48733,51265,99998,37629,42572,80201,28602,32983,61585,15991,19538,35529,6727,11958,18685,1501,4487,5988,300474,328968,629442
2021-06-07,19996,18623,38619,30121,30763,60884,52520,55791,108311,59562,61973,121535,49006,51590,100596,37855,42838,80693,28768,33192,61960,16100,19692,35792,6764,12045,18809,1508,4521,6029,302200,331028,633228
2021-06-08,20147,18765,38912,30259,30917,61176,52795,56116,108911,59921,62290,122211,49271,51868,101139,38087,43108,81195,28898,33343,62241,16178,19831,36009,6790,12098,18888,1512,4538,6050,303858,332874,636732
2021-06-09,20289,18909,39198,30417,31052,61469,53127,56444,109571,60269,62664,122933,49550,52174,101724,38314,43384,81698,29041,33517,62558,16263,19929,36192,6828,12160,18988,1516,4556,6072,305614,334789,640403
2021-06-10,20416,19048,39464,30553,31215,61768,53440,56783,110223,60616,63046,123662,49814,52466,102280,38506,43641,82147,29163,33694,62857,16355,20054,36409,6858,12211,19069,1521,4574,6095,307242,336732,643974
2021-06-11,20541,19171,39712,30665,31368,62033,53748,57127,110875,60935,63440,124375,50105,52792,102897,38721,43884,82605,29305,33856,63161,16441,20184,36625,6891,12281,19172,1527,4591,6118,308879,338694,647573
2021-06-12,20639,19266,39905,30767,31469,62236,53957,57344,111301,61176,63702,124878,50304,53002,103306,38862,44067,82929,29403,33984,63387,16492,20267,36759,6916,12316,19232,1531,4602,6133,310047,340019,650066
2021-06-13,20744,19375,40119,30868,31574,62442,54127,57515,111642,61370,63901,125271,50496,53210,103706,39002,44243,83245,29499,34087,63586,16531,20324,36855,6935,12351,19286,1535,4612,6147,311107,341192,652299
2021-06-14,20902,19508,40410,31023,31743,62766,54399,57864,112263,61709,64275,125984,50794,53533,104327,39217,44522,83739,29639,34297,63936,16638,20441,37079,6963,12403,19366,1552,4632,6184,312836,343218,656054
2021-06-15,21060,19667,40727,31195,31900,63095,54712,58190,112902,62049,64654,126703,51075,53874,104949,39437,44774,84211,29796,34473,64269,16725,20542,37267,7001,12449,19450,1555,4648,6203,314605,345171,659776
2021-06-16,21222,19824,41046,31363,32055,63418,55010,58519,113529,62395,65019,127414,51354,54203,105557,39618,45006,84624,29935,34638,64573,16803,20641,37444,7034,12497,19531,1556,4664,6220,316290,347066,663356
2021-06-17,21376,19968,41344,31531,32238,63769,55327,58885,114212,62755,65440,128195,51638,54545,106183,39793,45256,85049,30073,34812,64885,16911,20762,37673,7058,12545,19603,1558,4675,6233,318020,349126,667146
2021-06-18,21506,20085,41591,31677,32401,64078,55643,59175,114818,63092,65819,128911,51923,54909,106832,39962,45507,85469,30186,34978,65164,16971,20857,37828,7087,12576,19663,1562,4690,6252,319609,350997,670606
2021-06-19,21609,20193,41802,31778,32489,64267,55831,59392,115223,63315,66099,129414,52114,55146,107260,40075,45652,85727,30299,35093,65392,17037,20929,37966,7112,12635,19747,1565,4707,6272,320735,352335,673070
2021-06-20,21714,20272,41986,31860,32552,64412,55937,59532,115469,63465,66300,129765,52253,55317,107570,40175,45775,85950,30371,35182,65553,17086,20980,38066,7126,12664,19790,1566,4716,6282,321553,353290,674843
2021-06-21,21828,20386,42214,31975,32648,64623,56104,59753,115857,63706,66531,130237,52472,55549,108021,40335,45964,86299,30457,35288,65745,17145,21064,38209,7156,12692,19848,1569,4720,6289,322747,354595,677342
2021-06-22,22009,20547,42556,32144,32819,64963,56389,60120,116509,64051,66902,130953,52797,55902,108699,40535,46219,86754,30634,35496,66130,17236,21188,38424,7184,12747,19931,1579,4731,6310,324558,356671,681229
2021-06-23,22211,20714,42925,32342,32993,65335,56659,60462,117121,64414,67324,131738,53117,56302,109419,40708,46462,87170,30799,35679,66478,17316,21307,38623,7219,12805,20024,1585,4753,6338,326370,358801,685171
2021-06-24,22413,20880,43293,32507,33185,65692,56961,60823,117784,64746,67734,132480,53423,56633,110056,40892,46715,87607,30952,35882,66834,17395,21408,38803,7241,12856,20097,1588,4766,6354,328118,360882,689000
2021-06-25,22623,21056,43679,32696,33406,66102,57276,61222,118498,65148,68235,133383,53704,56994,110698,41140,47010,88150,31129,36124,67253,17486,21543,39029,7274,12915,20189,1597,4785,6382,330073,363290,693363
2021-06-26,22728,21147,43875,32787,33524,66311,57450,61406,118856,65364,68489,133853,53877,57216,111093,41274,47128,88402,31241,36275,67516,17555,21648,39203,7295,12951,20246,1602,4801,6403,331173,364585,695758
2021-06-27,22848,21245,44093,32868,33624,66492,57596,61588,119184,65547,68696,134243,54032,57393,111425,41376,47246,88622,31335,36363,67698,17606,21716,39322,7307,12988,20295,1602,4810,6412,332117,365669,697786
2021-06-28,22986,21363,44349,32958,33710,66668,57751,61795,119546,65778,68944,134722,54204,57600,111804,41514,47381,88895,31437,36461,67898,17666,21795,39461,7339,13022,20361,1604,4825,6429,333237,366896,700133
2021-06-29,23134,21551,44685,33113,33883,66996,58018,62126,120144,66095,69290,135385,54438,57887,112325,41701,47577,89278,31579,36607,68186,17754,21883,39637,7362,13078,20440,1606,4852,6458,334800,368734,703534
2021-06-30,23323,21735,45058,33306,34053,67359,58310,62491,120801,66467,69690,136157,54735,58184,112919,41873,47852,89725,31700,36791,68491,17830,21975,39805,7393,13125,20518,1611,4869,6480,336548,370765,707313
2021-07-01,23461,21877,45338,33467,34226,67693,58597,62808,121405,66765,70090,136855,54957,58476,113433,42045,48087,90132,31819,36958,68777,17910,22068,39978,7423,13178,20601,1615,4883,6498,338059,372651,710710
2021-07-02,23653,22037,45690,33678,34417,68095,58893,63171,122064,67106,70525,137631,55178,58826,114004,42232,48348,90580,31956,37158,69114,17995,22172,40167,7446,13226,20672,1619,4896,6515,339756,374776,714532
2021-07-03,23769,22161,45930,33794,34564,68358,59082,63414,122496,67360,70816,138176,55373,59077,114450,42365,48501,90866,32074,37284,69358,18044,22250,40294,7465,13264,20729,1626,4911,6537,340952,376242,717194
2021-07-04,23886,22314,46200,33903,34663,68566,59221,63625,122846,67550,71045,138595,55526,59258,114784,42495,48676,91171,32160,37396,69556,18083,22324,40407,7478,13298,20776,1630,4922,6552,341932,377521,719453
2021-07-05,24125,22521,46646,34092,34852,68944,59544,63996,123540,67923,71487,139410,55803,59631,115434,42686,48944,91630,32319,37567,69886,18181,22438,40619,7514,13350,20864,1635,4939,6574,343822,379725,723547
2021-07-06,24366,22753,47119,34345,35055,69400,59905,64394,124299,68321,71957,140278,56116,60013,116129,42882,49207,92089,32460,37760,70220,18270,22557,40827,7543,13405,20948,1638,4967,6605,345846,382068,727914
2021-07-07,24581,22963,47544,34562,35285,69847,60264,64803,125067,68708,72422,141130,56439,60351,116790,43110,49450,92560,32586,37916,70502,18347,22643,40990,7567,13461,21028,1648,4980,6628,347812,384274,732086
2021-07-08,24790,23175,47965,34803,35555,70358,60682,65244,125926,69133,72915,142048,56756,60789,117545,43355,49758,93113,32738,38151,70889,18437,22772,41209,7608,13505,21113,1653,4996,6649,349955,386860,736815
2021-07-09,24944,23330,48274,34977,35721,70698,60940,65530,126470,69417,73248,142665,57000,61087,118087,43522,49946,93468,32856,38266,71122,18490,22844,41334,7637,13550,21187,1658,5007,6665,351441,388529,739970
2021-07-10,25073,23473,48546,35142,35879,71021,61156,65770,126926,69664,73546,143210,57189,61339,118528,43681,50137,93818,32957,38405,71362,18554,22926,41480,7659,13594,21253,1663,5018,6681,352738,390087,742825
2021-07-11,25253,23636,48889,35268,35994,71262,61340,65976,127316,69888,73833,143721,57386,61608,118994,43831,50303,94134,33066,38521,71587,18609,23002,41611,7673,13616,21289,1670,5029,6699,353984,391518,745502
2021-07-12,25502,23883,49385,35507,36237,71744,61722,66438,128160,70338,74303,144641,57767,62043,119810,44059,50627,94686,33257,38716,71973,18709,23119,41828,7704,13666,21370,1680,5048,6728,356245,394080,750325
2021-07-13,25766,24087,49853,35749,36501,72250,62124,66861,128985,70712,74742,145454,58097,62438,120535,44296,50927,95223,33414,38907,72321,18800,23244,42044,7732,13727,21459,1690,5066,6756,358380,396500,754880
2021-07-14,26015,24332,50347,36053,36771,72824,62576,67337,129913,71100,75245,146345,58460,62865,121325,44542,51246,95788,33595,39112,72707,18878,23339,42217,7759,13782,21541,1695,5081,6776,360673,399110,759783
2021-07-15,26246,24543,50789,36386,37084,73470,63044,67823,130867,71558,75755,147313,58873,63369,122242,44818,51568,96386,33764,39324,73088,18960,23464,42424,7788,13836,21624,1703,5101,6804,363140,401867,765007
2021-07-16,26445,24734,51179,36635,37356,73991,63440,68269,131709,71970,76230,148200,59286,63828,123114,45065,51851,96916,33906,39524,73430,19025,23575,42600,7815,13888,21703,1708,5116,6824,365295,404371,769666
2021-07-17,26576,24897,51473,36821,37537,74358,63685,68556,132241,72253,76579,148832,59531,64131,123662,45240,52066,97306,34020,39649,73669,19098,23655,42753,7827,13912,21739,1712,5126,6838,366763,406108,772871
2021-07-18,26712,25010,51722,36955,37690,74645,63899,68830,132729,72482,76858,149340,59744,64369,124113,45408,52258,97666,34108,39762,73870,19164,23733,42897,7854,13951,21805,1714,5132,6846,368040,407593,775633
2021-07-19,26908,25193,52101,37143,37882,75025,64281,69242,133523,72834,77274,150108,60073,64770,124843,45642,52591,98233,34296,39981,74277,19262,23864,43126,7893,14004,21897,1720,5140,6860,370052,409941,779993
2021-07-20,27108,25375,52483,37325,38068,75393,64599,69639,134238,73175,77673,150848,60370,65128,125498,45851,52834,98685,34458,40169,74627,19351,23978,43329,7924,14062,21986,1724,5162,6886,371885,412088,783973
2021-07-21,27323,25568,52891,37577,38312,75889,64995,70095,135090,73558,78158,151716,60719,65609,126328,46134,53185,99319,34655,40438,75093,19452,24129,43581,7959,14128,22087,1728,5178,6906,374100,414800,788900
2021-07-22,27523,25749,53272,37855,38564,76419,65379,70583,135962,74008,78674,152682,61148,66129,127277,46418,53528,99946,34815,40657,75472,19550,24250,43800,7992,14185,22177,1732,5187,6919,376420,417506,793926
2021-07-23,27696,25884,53580,38039,38776,76815,65683,70947,136630,74374,79122,153496,61457,66507,127964,46652,53771,100423,34936,40825,75761,19614,24361,43975,8014,14229,22243,1738,5203,6941,378203,419625,797828
2021-07-24,27841,26036,53877,38236,39016,77252,65970,71285,137255,74752,79565,154317,61811,66883,128694,46863,54032,100895,35060,41020,76080,19698,24445,44143,8042,14266,22308,1741,5211,6952,380014,421759,801773
2021-07-25,27969,26162,54131,38439,39243,77682,66184,71566,137750,75100,79981,155081,62228,67347,129575,47100,54277,101377,35189,41153,76342,19786,24531,44317,8056,14300,22356,1747,5220,6967,381798,423780,805578
2021-07-26,28140,26361,54501,38745,39618,78363,66551,72090,138641,75594,80582,156176,62712,67935,130647,47417,54659,102076,35383,41421,76804,19892,24701,44593,8095,14373,22468,1755,5240,6995,384284,426980,811264
2021-07-27,28272,26493,54765,38926,39848,78774,66844,72438,139282,75896,80944,156840,63006,68250,131256,47600,54884,102484,35511,41569,77080,19968,24812,44780,8127,14417,22544,1759,5251,7010,385909,428906,814815
2021-07-28,28420,26630,55050,39116,40097,79213,67191,72835,140026,76278,81363,157641,63316,68611,131927,47836,55154,102990,35683,41754,77437,20052,24918,44970,8152,14458,22610,1765,5256,7021,387809,431076,818885
2021-07-29,28583,26768,55351,39333,40319,79652,67502,73235,140737,76677,81838,158515,63646,69009,132655,48048,55406,103454,35850,41928,77778,20128,25022,45150,8177,14492,22669,1770,5274,7044,389714,433291,823005
2021-07-30,28756,26925,55681,39608,40607,80215,67920,73752,141672,77163,82465,159628,64059,69575,133634,48364,55818,104182,36059,42192,78251,20215,25170,45385,8212,14555,22767,1779,5287,7066,392135,436346,828481
2021-07-31,28934,27105,56039,39858,40904,80762,68207,74130,142337,77608,83026,160634,64555,70151,134706,48665,56142,104807,36216,42422,78638,20305,25285,45590,8239,14583,22822,1781,5303,7084,394368,439051,833419
2021-08-01,29126,27311,56437,40098,41210,81308,68398,74425,142823,77963,83470,161433,64994,70695,135689,48880,56410,105290,36342,42588,78930,20374,25392,45766,8262,14633,22895,1788,5313,7101,396225,441447,837672
2021-08-02,29400,27529,56929,40409,41528,81937,68762,74905,143667,78476,84059,162535,65475,71309,136784,49189,56840,106029,36596,42884,79480,20491,25557,46048,8311,14703,23014,1793,5333,7126,398902,444647,843549
2021-08-03,29674,27785,57459,40703,41895,82598,69124,75408,144532,78926,84624,163550,65934,71900,137834,49503,57268,106771,36814,43201,80015,20639,25738,46377,8347,14770,23117,1798,5351,7149,401462,447940,849402
2021-08-04,29937,28012,57949,40946,42153,83099,69500,75838,145338,79353,85123,164476,66254,72330,138584,49726,57589,107315,37011,43434,80445,20722,25880,46602,8374,14824,23198,1800,5370,7170,403623,450553,854176
2021-08-05,30214,28313,58527,41235,42503,83738,69986,76434,146420,79866,85716,165582,66717,72898,139615,50053,58003,108056,37222,43700,80922,20830,26025,46855,8409,14890,23299,1808,5385,7193,406340,453867,860207
2021-08-06,30536,28575,59111,41624,42862,84486,70496,77055,147551,80425,86422,166847,67198,73486,140684,50367,58477,108844,37487,44060,81547,20957,26235,47192,8448,14941,23389,1811,5401,7212,409349,457514,866863
2021-08-07,30730,28794,59524,41850,43137,84987,70796,77402,148198,80802,86838,167640,67503,73859,141362,50586,58751,109337,37638,44256,81894,21040,26381,47421,8472,14989,23461,1817,5406,7223,411234,459813,871047
2021-08-08,31019,29058,60077,42111,43409,85520,71041,77715,148756,81110,87216,168326,67836,74279,142115,50784,59022,109806,37807,44462,82269,21127,26467,47594,8492,15037,23529,1823,5418,7241,413150,462083,875233
2021-08-09,31456,29454,60910,42450,43782,86232,71490,78355,149845,81683,87858,169541,68302,74915,143217,51151,59476,110627,38053,44772,82825,21264,26617,47881,8535,15100,23635,1835,5436,7271,416219,465765,881984
2021-08-10,31950,29907,61857,42884,44222,87106,71993,79053,151046,82215,88569,170784,68782,75561,144343,51534,59945,111479,38309,45103,83412,21411,26799,48210,8579,15168,23747,1838,5456,7294,419495,469783,889278
2021-08-11,32371,30322,62693,43345,44718,88063,72529,79771,152300,82824,89302,172126,69307,76271,145578,51887,60421,112308,38551,45409,83960,21538,26954,48492,8631,15241,23872,1847,5480,7327,422830,473889,896719
2021-08-12,32786,30727,63513,43793,45197,88990,73023,80427,153450,83355,89980,173335,69819,76938,146757,52206,60872,113078,38760,45672,84432,21664,27092,48756,8679,15298,23977,1856,5500,7356,425941,477703,903644
2021-08-13,33330,31180,64510,44393,45814,90207,73600,81265,154865,84094,90917,175011,70421,77756,148177,52588,61453,114041,39021,46017,85038,21808,27287,49095,8737,15365,24102,1861,5516,7377,429853,482570,912423
2021-08-14,33664,31507,65171,44754,46174,90928,73902,81724,155626,84523,91456,175979,70820,78298,149118,52847,61815,114662,39193,46248,85441,21921,27405,49326,8767,15415,24182,1865,5529,7394,432256,485571,917827
2021-08-15,33947,31783,65730,45016,46446,91462,74154,82016,156170,84859,91886,176745,71135,78688,149823,53090,62128,115218,39339,46446,85785,22017,27520,49537,8790,15466,24256,1868,5543,7411,434215,487922,922137
2021-08-16,34316,32127,66443,45335,46803,92138,74426,82414,156840,85233,92391,177624,71526,79193,150719,53351,62441,115792,39485,46644,86129,22127,27638,49765,8818,15507,24325,1875,5556,7431,436492,490714,927206
2021-08-17,34886,32597,67483,45859,47345,93204,74938,83148,158086,85927,93220,179147,72016,79982,151998,53761,62993,116754,39739,46968,86707,22272,27805,50077,8856,15592,24448,1883,5580,7463,440137,495230,935367
2021-08-18,35435,33108,68543,46427,47895,94322,75386,83793,159179,86541,94022,180563,72497,80640,153137,54095,63479,117574,39961,47273,87234,22414,27989,50403,8892,15672,24564,1898,5603,7501,443546,499474,943020
2021-08-19,35944,33574,69518,46924,48438,95362,75847,84461,160308,87175,94808,181983,72990,81310,154300,54444,63922,118366,40177,47565,87742,22527,28125,50652,8925,15728,24653,1908,5617,7525,446861,503548,950409
2021-08-20,36568,34131,70699,47543,49072,96615,76379,85159,161538,87760,95657,183417,73524,82059,155583,54791,64452,119243,40415,47905,88320,22671,28315,50986,8960,15799,24759,1918,5636,7554,450529,508185,958714
2021-08-21,36896,34497,71393,47877,49423,97300,76692,85630,162322,88221,96270,184491,73907,82567,156474,55060,64805,119865,40599,48152,88751,22776,28457,51233,8989,15847,24836,1921,5652,7573,452938,511300,964238
2021-08-22,37371,34944,72315,48183,49772,97955,76965,85995,162960,88638,96840,185478,74298,83093,157391,55347,65151,120498,40776,48381,89157,22890,28583,51473,9019,15888,24907,1927,5667,7594,455414,514314,969728
2021-08-23,38178,35726,73904,48761,50416,99177,77485,86708,164193,89318,97701,187019,74885,83915,158800,55722,65684,121406,41049,48771,89820,23045,28789,51834,9066,15961,25027,1931,5684,7615,459440,519355,978795
2021-08-24,39003,36507,75510,49350,50992,100342,77983,87386,165369,89908,98570,188478,75406,84602,160008,56052,66199,122251,41285,49134,90419,23166,28958,52124,9122,16025,25147,1936,5700,7636,463211,524073,987284
2021-08-25,39796,37278,77074,49910,51548,101458,78398,88007,166405,90452,99402,189854,75912,85343,161255,56392,66661,123053,41541,49491,91032,23317,29133,52450,9171,16066,25237,1944,5729,7673,466833,528658,995491
2021-08-26,40616,38050,78666,50506,52148,102654,78872,88705,167577,91082,100251,191333,76428,86079,162507,56712,67172,123884,41790,49812,91602,23453,29332,52785,9214,16136,25350,1950,5747,7697,470623,533432,1004055
2021-08-27,41518,38833,80351,51076,52844,103920,79324,89385,168709,91704,101173,192877,76952,86887,163839,57075,67688,124763,42050,50152,92202,23581,29512,53093,9253,16210,25463,1954,5762,7716,474487,538446,1012933
2021-08-28,42018,39259,81277,51393,53145,104538,79620,89813,169433,92129,101723,193852,77290,87416,164706,57323,67998,125321,42225,50381,92606,23658,29625,53283,9297,16253,25550,1958,5769,7727,476911,541382,1018293
2021-08-29,42564,39764,82328,51650,53463,105113,79828,90141,169969,92507,102200,194707,77637,87861,165498,57549,68310,125859,42389,50570,92959,23737,29733,53470,9335,16303,25638,1960,5777,7737,479156,544122,1023278
2021-08-30,43509,40608,84117,52196,54003,106199,80238,90711,170949,93086,102983,196069,78157,88504,166661,57862,68750,126612,42623,50900,93523,23860,29914,53774,9389,16372,25761,1965,5797,7762,482885,548542,1031427
2021-08-31,44539,41529,86068,52906,54617,107523,80678,91377,172055,93675,103764,197439,78692,89266,167958,58221,69229,127450,42894,51263,94157,24001,30127,54128,9432,16440,25872,1975,5815,7790,487013,553427,1040440
2021-09-01,45484,42374,87858,53532,55207,108739,81106,91948,173054,94228,104551,198779,79166,89899,169065,58521,69641,128162,43133,51532,94665,24113,30306,54419,9473,16521,25994,1979,5832,7811,490735,557811,1048546
2021-09-02,46246,43077,89323,54016,55714,109730,81462,92435,173897,94744,105170,199914,79540,90507,170047,58790,70010,128800,43329,51783,95112,24230,30435,54665,9505,16568,26073,1985,5849,7834,493847,561548,1055395
2021-09-03,46847,43646,90493,54505,56230,110735,81850,92932,174782,95238,105817,201055,79994,91121,171115,59074,70424,129498,43555,52085,95640,24354,30611,54965,9540,16623,26163,1986,5859,7845,496943,565348,1062291
2021-09-04,47239,44007,91246,54728,56463,111191,82046,93213,175259,95566,106247,201813,80292,91497,171789,59274,70670,129944,43701,52265,95966,24440,30723,55163,9567,16670,26237,1989,5870,7859,498842,567625,1066467
2021-09-05,47662,44398,92060,54956,56716,111672,82265,93474,175739,95913,106722,202635,80587,91875,172462,59476,70934,130410,43857,52470,96327,24552,30841,55393,9590,16707,26297,1996,5884,7880,500854,570021,1070875
2021-09-06,48468,45202,93670,55426,57186,112612,82666,94030,176696,96450,107405,203855,81081,92494,173575,59800,71377,131177,44104,52776,96880,24716,31010,55726,9628,16785,26413,2003,5910,7913,504342,574175,1078517
2021-09-07,49160,45955,95115,55874,57684,113558,83010,94508,177518,96893,108004,204897,81460,93025,174485,60050,71732,131782,44296,53030,97326,24809,31172,55981,9662,16850,26512,2010,5937,7947,507224,577897,1085121
2021-09-08,49698,46525,96223,56303,58085,114388,83323,94876,178199,97298,108508,205806,81783,93490,175273,60316,72060,132376,44458,53235,97693,24900,31286,56186,9697,16897,26594,2018,5950,7968,509794,580912,1090706
2021-09-09,50299,47075,97374,56680,58450,115130,83603,95323,178926,97688,108988,206676,82107,93947,176054,60534,72387,132921,44648,53433,98081,25000,31414,56414,9738,16955,26693,2023,5966,7989,512320,583938,1096258
2021-09-10,50882,47599,98481,57134,58948,116082,84088,96074,180162,98330,109841,208171,82696,94822,177518,61009,73031,134040,44961,53912,98873,25135,31624,56759,9802,17011,26813,2031,5981,8012,516068,588843,1104911
2021-09-11,51223,47941,99164,57409,59255,116664,84480,96601,181081,98820,110463,209283,83161,95390,178551,61342,73466,134808,45201,54247,99448,25246,31790,57036,9837,17046,26883,2036,5988,8024,518755,592187,1110942
2021-09-12,51543,48237,99780,57584,59464,117048,84654,96833,181487,99082,110785,209867,83419,95671,179090,61513,73683,135196,45331,54424,99755,25319,31879,57198,9851,17075,26926,2042,5998,8040,520338,594049,1114387
2021-09-13,52175,48858,101033,57969,59909,117878,84993,97325,182318,99556,111413,210969,83865,96224,180089,61792,74123,135915,45577,54700,100277,25461,32062,57523,9885,17149,27034,2051,6017,8068,523324,597780,1121104
2021-09-14,52813,49431,102244,58355,60314,118669,85307,97736,183043,99950,111965,211915,84200,96703,180903,62026,74477,136503,45759,54959,100718,25589,32227,57816,9915,17206,27121,2057,6031,8088,525971,601049,1127020
2021-09-15,53307,49887,103194,58695,60645,119340,85524,98088,183612,100267,112453,212720,84494,97121,181615,62213,74728,136941,45908,55168,101076,25676,32340,58016,9951,17263,27214,2065,6057,8122,528100,603750,1131850
2021-09-16,53781,50316,104097,59042,60986,120028,85777,98454,184231,100601,112976,213577,84813,97586,182399,62425,75009,137434,46053,55404,101457,25774,32484,58258,9986,17315,27301,2076,6073,8149,530328,606603,1136931
2021-09-17,54388,50873,105261,59467,61432,120899,86057,98875,184932,100971,113488,214459,85152,98048,183200,62630,75351,137981,46212,55621,101833,25900,32641,58541,10017,17385,27402,2081,6083,8164,532875,609797,1142672
2021-09-18,54716,51173,105889,59657,61638,121295,86251,99142,185393,101241,113840,215081,85392,98357,183749,62791,75569,138360,46362,55826,102188,25981,32758,58739,10050,17424,27474,2085,6094,8179,534526,611821,1146347
2021-09-19,55078,51515,106593,59824,61816,121640,86416,99366,185782,101495,114165,215660,85632,98625,184257,62941,75765,138706,46485,55965,102450,26045,32851,58896,10067,17470,27537,2091,6103,8194,536074,613641,1149715
2021-09-20,55730,52169,107899,60328,62354,122682,86675,99758,186433,101908,114661,216569,85996,99074,185070,63192,76105,139297,46705,56229,102934,26154,33000,59154,10100,17528,27628,2100,6113,8213,538888,616991,1155879
2021-09-21,56271,52690,108961,60564,62630,123194,86907,100125,187032,102265,115083,217348,86304,99439,185743,63377,76385,139762,46882,56459,103341,26280,33137,59417,10140,17584,27724,2103,6122,8225,541093,619654,1160747
2021-09-22,56873,53195,110068,61016,63084,124100,87147,100490,187637,102612,115599,218211,86597,99850,186447,63560,76701,140261,47050,56694,103744,26388,33265,59653,10164,17645,27809,2110,6141,8251,543517,622664,1166181
2021-09-23,57381,53676,111057,61481,63574,125055,87381,100858,188239,102967,116087,219054,86885,100285,187170,63752,76999,140751,47237,56956,104193,26497,33405,59902,10198,17703,27901,2120,6167,8287,545899,625710,1171609
2021-09-24,57827,54134,111961,61801,63870,125671,87617,101164,188781,103257,116450,219707,87129,100648,187777,63912,77251,141163,47398,57164,104562,26578,33547,60125,10229,17756,27985,2124,6174,8298,547872,628158,1176030
2021-09-25,58096,54358,112454,61939,64019,125958,87758,101367,189125,103470,116717,220187,87319,100878,188197,64059,77403,141462,47514,57309,104823,26648,33636,60284,10251,17793,28044,2126,6190,8316,549180,629670,1178850
2021-09-26,58407,54626,113033,62086,64186,126272,87878,101552,189430,103677,116981,220658,87553,101136,188689,64180,77593,141773,47638,57448,105086,26708,33710,60418,10270,17824,28094,2128,6199,8327,550525,631255,1181780
2021-09-27,58972,55133,114105,62527,64551,127078,88114,101901,190015,104048,117417,221465,87892,101497,189389,64379,77894,142273,47816,57698,105514,26839,33860,60699,10299,17882,28181,2138,6217,8355,553024,634050,1187074
2021-09-28,59520,55601,115121,63034,65092,128126,88321,102234,190555,104381,117833,222214,88180,101871,190051,64570,78134,142704,47975,57906,105881,26934,33960,60894,10321,17938,28259,2143,6229,8372,555379,636798,1192177
2021-09-29,60011,56018,116029,63419,65512,128931,88564,102580,191144,104700,118281,222981,88472,102220,190692,64763,78380,143143,48130,58126,106256,27038,34111,61149,10365,17987,28352,2153,6240,8393,557615,639455,1197070
2021-09-30,60392,56389,116781,63876,66021,129897,88771,102880,191651,105005,118634,223639,88703,102535,191238,64944,78607,143551,48267,58330,106597,27113,34233,61346,10393,18049,28442,2159,6253,8412,559623,641931,1201554
2021-10-01,60873,56769,117642,64395,66555,130950,89012,103198,192210,105318,119098,224416,89002,102903,191905,65158,78858,144016,48429,58548,106977,27221,34378,61599,10430,18120,28550,2162,6272,8434,562000,644699,1206699
2021-10-02,61132,57023,118155,64556,66726,131282,89174,103419,192593,105530,119390,224920,89181,103107,192288,65292,79034,144326,48547,58710,107257,27305,34469,61774,10449,18162,28611,2164,6280,8444,563330,646320,1209650
2021-10-03,61379,57235,118614,64701,66863,131564,89325,103629,192954,105716,119610,225326,89356,103335,192691,65408,79187,144595,48636,58851,107487,27361,34551,61912,10468,18197,28665,2165,6286,8451,564515,647744,1212259
2021-10-04,61883,57703,119586,65225,67342,132567,89589,103998,193587,106017,120081,226098,89675,103717,193392,65618,79508,145126,48813,59111,107924,27475,34716,62191,10506,18240,28746,2168,6300,8468,566969,650716,1217685
2021-10-05,62385,58149,120534,65734,67947,133681,89837,104358,194195,106372,120553,226925,89969,104097,194066,65833,79817,145650,48959,59354,108313,27569,34858,62427,10543,18289,28832,2179,6314,8493,569380,653736,1223116
2021-10-06,62802,58506,121308,66168,68424,134592,90104,104735,194839,106716,121011,227727,90271,104485,194756,66021,80122,146143,49126,59563,108689,27665,34990,62655,10581,18336,28917,2185,6325,8510,571639,656497,1228136
2021-10-07,63141,58845,121986,66438,68723,135161,90361,105088,195449,107061,121485,228546,90586,104910,195496,66230,80405,146635,49289,59800,109089,27796,35118,62914,10611,18390,29001,2188,6341,8529,573701,659105,1232806
2021-10-08,63319,59015,122334,66608,68928,135536,90573,105321,195894,107307,121804,229111,90844,105175,196019,66397,80640,147037,49454,59989,109443,27868,35197,63065,10634,18426,29060,2196,6357,8553,575200,660852,1236052
2021-10-09,63474,59172,122646,66834,69153,135987,90734,105539,196273,107537,122090,229627,91045,105427,196472,66562,80850,147412,49595,60169,109764,27954,35309,63263,10656,18472,29128,2202,6366,8568,576593,662547,1239140
2021-10-10,63678,59373,123051,66968,69308,136276,90876,105756,196632,107757,122339,230096,91255,105665,196920,66717,81032,147749,49735,60331,110066,28021,35406,63427,10681,18511,29192,2204,6372,8576,577892,664093,1241985
2021-10-11,63909,59591,123500,67181,69541,136722,91095,105997,197092,108042,122644,230686,91519,105988,197507,66907,81286,148193,49890,60526,110416,28113,35521,63634,10705,18548,29253,2209,6384,8593,579570,666026,1245596
2021-10-12,64313,59987,124300,67646,70059,137705,91418,106492,197910,108457,123131,231588,91875,106464,198339,67148,81620,148768,50095,60813,110908,28237,35669,63906,10740,18609,29349,2218,6404,8622,582147,669248,1251395
2021-10-13,64743,60375,125118,68135,70565,138700,91769,106960,198729,108910,123632,232542,92245,106915,199160,67406,81938,149344,50283,61070,111353,28361,35823,64184,10775,18656,29431,2222,6415,8637,584849,672349,1257198
2021-10-14,65133,60766,125899,68714,71154,139868,92112,107413,199525,109301,124133,233434,92603,107381,199984,67665,82283,149948,50495,61344,111839,28488,35979,64467,10814,18720,29534,2230,6433,8663,587555,675606,1263161
2021-10-15,65453,61045,126498,69105,71571,140676,92411,107832,200243,109683,124576,234259,92907,107787,200694,67905,82549,150454,50679,61614,112293,28594,36151,64745,10839,18767,29606,2232,6443,8675,589808,678335,1268143
2021-10-16,65646,61222,126868,69372,71883,141255,92639,108088,200727,109981,124902,234883,93172,108110,201282,68098,82800,150898,50842,61839,112681,28711,36311,65022,10876,18817,29693,2236,6457,8693,591573,680429,1272002
2021-10-17,65829,61367,127196,69602,72121,141723,92797,108307,201104,110217,125162,235379,93410,108383,201793,68254,83001,151255,50960,61988,112948,28795,36415,65210,10898,18849,29747,2237,6460,8697,592999,682053,1275052
2021-10-18,66274,61788,128062,69996,72532,142528,93125,108755,201880,110630,125625,236255,93750,108824,202574,68526,83354,151880,51186,62294,113480,28929,36590,65519,10945,18919,29864,2243,6470,8713,595604,685151,1280755
2021-10-19,66761,62259,129020,70388,72958,143346,93412,109148,202560,110977,126071,237048,94018,109263,203281,68742,83648,152390,51373,62515,113888,29047,36739,65786,10981,18980,29961,2249,6489,8738,597948,688070,1286018
2021-10-20,67249,62711,129960,70844,73491,144335,93772,109632,203404,111370,126638,238008,94389,109746,204135,68996,83992,152988,51542,62784,114326,29168,36900,66068,11020,19030,30050,2254,6500,8754,600604,691424,1292028
2021-10-21,67781,63205,130986,71285,74025,145310,94096,110072,204168,111787,127281,239068,94731,110234,204965,69235,84401,153636,51739,63081,114820,29285,37070,66355,11054,19092,30146,2257,6523,8780,603250,694984,1298234
2021-10-22,68276,63715,131991,71841,74673,146514,94411,110574,204985,112209,127892,240101,95100,110822,205922,69508,84785,154293,51938,63382,115320,29419,37228,66647,11096,19158,30254,2266,6538,8804,606064,698767,1304831
2021-10-23,68578,63991,132569,72158,74981,147139,94594,110850,205444,112485,128253,240738,95361,111178,206539,69693,85061,154754,52097,63581,115678,29508,37334,66842,11118,19204,30322,2272,6554,8826,607864,700987,1308851
2021-10-24,68903,64291,133194,72414,75221,147635,94746,111127,205873,112757,128629,241386,95605,111520,207125,69894,85325,155219,52224,63744,115968,29578,37428,67006,11142,19230,30372,2274,6561,8835,609537,703076,1312613
2021-10-25,69529,64924,134453,72855,75706,148561,95119,111675,206794,113230,129237,242467,96069,112109,208178,70194,85764,155958,52475,64106,116581,29713,37621,67334,11180,19281,30461,2276,6572,8848,612640,706995,1319635
2021-10-26,70098,65488,135586,73420,76228,149648,95501,112181,207682,113659,129809,243468,96444,112635,209079,70485,86169,156654,52727,64427,117154,29836,37780,67616,11212,19348,30560,2280,6584,8864,615662,710649,1326311
2021-10-27,70637,66001,136638,73965,76725,150690,95844,112600,208444,114048,130335,244383,96797,113123,209920,70720,86530,157250,52928,64709,117637,29972,37928,67900,11252,19412,30664,2283,6599,8882,618446,713962,1332408
2021-10-28,71182,66498,137680,74475,77252,151727,96155,113063,209218,114481,130864,245345,97157,113632,210789,70963,86863,157826,53134,64949,118083,30079,38076,68155,11292,19468,30760,2289,6616,8905,621207,717281,1338488
2021-10-29,71687,66989,138676,74970,77737,152707,96476,113551,210027,114932,131424,246356,97604,114159,211763,71232,87266,158498,53355,65240,118595,30210,38262,68472,11333,19534,30867,2294,6631,8925,624093,720793,1344886
2021-10-30,71962,67236,139198,75273,78045,153318,96675,113811,210486,115223,131810,247033,97900,114545,212445,71449,87532,158981,53517,65424,118941,30316,38375,68691,11365,19578,30943,2298,6641,8939,625978,722997,1348975
2021-10-31,72210,67481,139691,75535,78343,153878,96848,114028,210876,115454,132124,247578,98133,114856,212989,71636,87771,159407,53648,65582,119230,30384,38482,68866,11393,19611,31004,2303,6655,8958,627544,724933,1352477
2021-11-01,72667,67947,140614,75950,78789,154739,97141,114479,211620,115888,132689,248577,98610,115411,214021,71996,88216,160212,53913,65936,119849,30552,38681,69233,11435,19680,31115,2314,6672,8986,630466,728500,1358966
2021-11-02,73169,68393,141562,76383,79225,155608,97423,114904,212327,116248,133175,249423,98938,115895,214833,72236,88576,160812,54120,66222,120342,30677,38826,69503,11479,19742,31221,2320,6686,9006,632993,731644,1364637
2021-11-03,73678,68780,142458,76849,79790,156639,97743,115364,213107,116669,133721,250390,99351,116440,215791,72542,88980,161522,54334,66493,120827,30814,38996,69810,11521,19791,31312,2322,6698,9020,635823,735053,1370876
2021-11-04,74074,69137,143211,77279,80233,157512,98035,115813,213848,117060,134259,251319,99698,116958,216656,72843,89373,162216,54549,66767,121316,30927,39154,70081,11561,19871,31432,2328,6719,9047,638354,738284,1376638
2021-11-05,74473,69512,143985,77696,80707,158403,98374,116269,214643,117455,134806,252261,100064,117495,217559,73155,89736,162891,54776,67043,121819,31039,39298,70337,11599,19925,31524,2333,6733,9066,640964,741524,1382488
2021-11-06,74731,69732,144463,77970,80996,158966,98548,116541,215089,117734,135143,252877,100296,117791,218087,73335,89991,163326,54925,67199,122124,31122,39400,70522,11625,19969,31594,2333,6743,9076,642619,743505,1386124
2021-11-07,74963,69983,144946,78220,81307,159527,98709,116794,215503,117947,135428,253375,100529,118092,218621,73517,90236,163753,55054,67372,122426,31191,39494,70685,11652,19989,31641,2338,6746,9084,644120,745441,1389561
2021-11-08,75509,70474,145983,78617,81705,160322,99045,117251,216296,118385,135976,254361,100930,118686,219616,73798,90651,164449,55292,67652,122944,31324,39665,70989,11696,20060,31756,2343,6760,9103,646939,748880,1395819
2021-11-09,75996,70903,146899,79009,82130,161139,99326,117710,217036,118793,136482,255275,101310,119184,220494,74047,91010,165057,55479,67859,123338,31431,39786,71217,11732,20123,31855,2350,6768,9118,649473,751955,1401428
2021-11-10,76465,71319,147784,79387,82565,161952,99681,118204,217885,119185,137065,256250,101713,119703,221416,74339,91395,165734,55657,68118,123775,31527,39930,71457,11759,20188,31947,2354,6782,9136,652067,755269,1407336
2021-11-11,76973,71787,148760,79760,83039,162799,100024,118650,218674,119651,137692,257343,102080,120256,222336,74590,91770,166360,55851,68344,124195,31632,40061,71693,11792,20252,32044,2357,6793,9150,654710,758644,1413354
2021-11-12,77368,72187,149555,80239,83536,163775,100380,119116,219496,120119,138378,258497,102513,120870,223383,74925,92241,167166,56125,68730,124855,31771,40238,72009,11837,20309,32146,2358,6808,9166,657635,762413,1420048
2021-11-13,77628,72442,150070,80628,83918,164546,100602,119431,220033,120460,138772,259232,102799,121256,224055,75120,92535,167655,56296,68947,125243,31888,40405,72293,11865,20348,32213,2361,6824,9185,659647,764878,1424525
2021-11-14,77831,72658,150489,80794,84065,164859,100716,119611,220327,120664,139019,259683,102985,121483,224468,75233,92699,167932,56382,69091,125473,31966,40494,72460,11879,20372,32251,2366,6838,9204,660816,766330,1427146
2021-11-15,78281,73102,151383,81170,84459,165629,100996,120021,221017,121085,139544,260629,103330,122034,225364,75493,93094,168587,56628,69406,126034,32101,40687,72788,11924,20434,32358,2370,6853,9223,663378,769634,1433012
2021-11-16,78732,73543,152275,81572,84838,166410,101270,120461,221731,121441,140088,261529,103697,122506,226203,75773,93489,169262,56841,69680,126521,32211,40830,73041,11961,20478,32439,2375,6864,9239,665873,772777,1438650
2021-11-17,79183,73963,153146,81911,85166,167077,101587,120934,222521,121839,140742,262581,104077,123063,227140,76084,93907,169991,57062,69982,127044,32351,40996,73347,11996,20524,32520,2382,6874,9256,668472,776151,1444623
2021-11-18,79651,74351,154002,82357,85633,167990,101903,121403,223306,122268,141344,263612,104456,123608,228064,76351,94322,170673,57293,70244,127537,32457,41128,73585,12036,20590,32626,2389,6895,9284,671161,779518,1450679
2021-11-19,80005,74702,154707,82804,86133,168937,102209,121835,224044,122621,141933,264554,104844,124093,228937,76616,94721,171337,57500,70471,127971,32564,41297,73861,12067,20638,32705,2392,6905,9297,673622,782728,1456350
2021-11-20,80247,74926,155173,83118,86518,169636,102381,122092,224473,122875,142260,265135,105075,124415,229490,76797,94955,171752,57663,70639,128302,32651,41392,74043,12092,20676,32768,2396,6912,9308,675295,784785,1460080
2021-11-21,80419,75104,155523,83359,86771,170130,102500,122241,224741,123057,142500,265557,105264,124655,229919,76934,95119,172053,57778,70817,128595,32699,41491,74190,12114,20703,32817,2399,6916,9315,676523,786317,1462840
2021-11-22,80622,75330,155952,83588,87012,170600,102624,122422,225046,123294,142782,266076,105471,124944,230415,77096,95321,172417,57882,70970,128852,32770,41574,74344,12137,20737,32874,2401,6926,9327,677885,788018,1465903
2021-11-23,80958,75641,156599,83862,87318,171180,102822,122738,225560,123576,143156,266732,105719,125273,230992,77257,95603,172860,58028,71146,129174,32855,41681,74536,12171,20770,32941,2405,6939,9344,679653,790265,1469918
2021-11-24,81324,76004,157328,84126,87646,171772,103069,123114,226183,123910,143566,267476,105988,125688,231676,77445,95928,173373,58175,71354,129529,32953,41789,74742,12197,20817,33014,2408,6947,9355,681595,792853,1474448
2021-11-25,81657,76364,158021,84456,87977,172433,103363,123465,226828,124304,144058,268362,106341,126101,232442,77699,96241,173940,58357,71571,129928,33043,41907,74950,12232,20862,33094,2409,6955,9364,683861,795501,1479362
2021-11-26,81960,76672,158632,84963,88512,173475,103684,123832,227516,124658,144570,269228,106700,126579,233279,77944,96566,174510,58543,71801,130344,33126,42043,75169,12256,20902,33158,2409,6964,9373,686243,798441,1484684
2021-11-27,82132,76860,158992,85287,88846,174133,103906,124092,227998,124943,144911,269854,106984,126908,233892,78131,96794,174925,58681,71959,130640,33200,42128,75328,12281,20934,33215,2410,6979,9389,687955,800411,1488366
2021-11-28,82218,76942,159160,85407,89009,174416,103991,124230,228221,125070,145083,270153,107110,127095,234205,78222,96912,175134,58738,72021,130759,33225,42152,75377,12284,20947,33231,2411,6980,9391,688676,801371,1490047
2021-11-29,82226,76950,159176,85423,89027,174450,103997,124238,228235,125082,145092,270174,107119,127110,234229,78229,96918,175147,58740,72025,130765,33229,42155,75384,12286,20948,33234,2411,6980,9391,688742,801443,1490185
