FECHA,TotalM,TotalF,Total,<=30M,<=30F,<=30,31-40M,31-40F,31-40,41-50M,41-50F,41-50,51-60M,51-60F,51-60,61-70M,61-70F,61-70,71-80M,71-80F,71-80,81-90M,81-90F,81-90,>=91M,>=91F,>=91
2020-12-29,299,476,775,44,76,120,104,144,248,93,154,247,57,99,156,1,3,4,0,0,0,0,0,0,0,0,0
2020-12-30,638,1041,1679,95,188,283,226,317,543,189,329,518,125,201,326,3,5,8,0,1,1,0,0,0,0,0,0
2020-12-31,684,1092,1776,102,191,293,240,334,574,205,350,555,134,210,344,3,6,9,0,1,1,0,0,0,0,0,0
2021-01-01,684,1092,1776,102,191,293,240,334,574,205,350,555,134,210,344,3,6,9,0,1,1,0,0,0,0,0,0
2021-01-02,837,1369,2206,116,224,340,298,443,741,255,428,683,164,264,428,4,9,13,0,1,1,0,0,0,0,0,0
2021-01-03,892,1483,2375,125,241,366,323,491,814,267,458,725,173,283,456,4,9,13,0,1,1,0,0,0,0,0,0
2021-01-04,1248,2067,3315,186,342,528,439,694,1133,370,633,1003,248,388,636,5,9,14,0,1,1,0,0,0,0,0,0
2021-01-05,1763,2883,4646,260,481,741,656,965,1621,496,880,1376,345,543,888,6,12,18,0,2,2,0,0,0,0,0,0
2021-01-06,2328,3756,6084,359,644,1003,866,1226,2092,654,1136,1790,441,734,1175,8,14,22,0,2,2,0,0,0,0,0,0
2021-01-07,2902,4770,7672,449,813,1262,1067,1574,2641,815,1438,2253,563,929,1492,8,14,22,0,2,2,0,0,0,0,0,0
2021-01-08,3572,5957,9529,570,1043,1613,1294,1979,3273,1007,1779,2786,688,1136,1824,13,18,31,0,2,2,0,0,0,0,0,0
2021-01-09,3741,6232,9973,584,1083,1667,1366,2081,3447,1059,1868,2927,719,1180,1899,13,18,31,0,2,2,0,0,0,0,0,0
2021-01-10,3950,6594,10544,617,1131,1748,1455,2233,3688,1113,1970,3083,750,1239,1989,15,19,34,0,2,2,0,0,0,0,0,0
2021-01-11,4614,7795,12409,730,1389,2119,1723,2637,4360,1290,2297,3587,854,1448,2302,17,22,39,0,2,2,0,0,0,0,0,0
2021-01-12,5209,8893,14102,827,1581,2408,1959,3025,4984,1441,2590,4031,964,1671,2635,18,24,42,0,2,2,0,0,0,0,0,0
2021-01-13,5675,9786,15461,906,1760,2666,2123,3349,5472,1570,2825,4395,1057,1825,2882,19,25,44,0,2,2,0,0,0,0,0,0
2021-01-14,6479,11210,17689,1076,2042,3118,2415,3837,6252,1789,3222,5011,1180,2081,3261,19,26,45,0,2,2,0,0,0,0,0,0
2021-01-15,7675,13440,21115,1291,2495,3786,2882,4611,7493,2097,3836,5933,1386,2466,3852,19,30,49,0,2,2,0,0,0,0,0,0
2021-01-16,8152,14301,22453,1387,2649,4036,3060,4940,8000,2218,4081,6299,1468,2599,4067,19,30,49,0,2,2,0,0,0,0,0,0
2021-01-17,8438,14848,23286,1453,2742,4195,3174,5155,8329,2290,4236,6526,1502,2683,4185,19,30,49,0,2,2,0,0,0,0,0,0
2021-01-18,8626,15167,23793,1481,2796,4277,3234,5259,8493,2347,4342,6689,1545,2738,4283,19,30,49,0,2,2,0,0,0,0,0,0
2021-01-19,8912,15639,24551,1517,2863,4380,3316,5430,8746,2442,4488,6930,1616,2825,4441,21,31,52,0,2,2,0,0,0,0,0,0
2021-01-20,9203,16145,25348,1548,2958,4506,3424,5580,9004,2530,4646,7176,1680,2924,4604,21,34,55,0,3,3,0,0,0,0,0,0
2021-01-21,9331,16330,25661,1571,2987,4558,3468,5632,9100,2564,4708,7272,1702,2965,4667,26,35,61,0,3,3,0,0,0,0,0,0
2021-01-22,9364,16379,25743,1577,2997,4574,3481,5646,9127,2576,4725,7301,1704,2972,4676,26,36,62,0,3,3,0,0,0,0,0,0
2021-01-23,9483,16583,26066,1587,3019,4606,3526,5727,9253,2615,4783,7398,1728,3012,4740,27,38,65,0,4,4,0,0,0,0,0,0
2021-01-24,9527,16671,26198,1592,3029,4621,3546,5764,9310,2626,4808,7434,1736,3028,4764,27,38,65,0,4,4,0,0,0,0,0,0
2021-01-25,9806,17129,26935,1638,3106,4744,3630,5912,9542,2706,4949,7655,1803,3117,4920,29,40,69,0,5,5,0,0,0,0,0,0
2021-01-26,10171,17772,27943,1678,3211,4889,3775,6097,9872,2810,5161,7971,1876,3253,5129,32,44,76,0,5,5,0,0,0,0,1,1
2021-01-27,10615,18435,29050,1752,3327,5079,3944,6295,10239,2927,5353,8280,1958,3409,5367,34,45,79,0,5,5,0,0,0,0,1,1
2021-01-28,11073,19244,30317,1827,3472,5299,4096,6568,10664,3055,5580,8635,2061,3573,5634,34,45,79,0,5,5,0,0,0,0,1,1
2021-01-29,11709,20309,32018,1929,3660,5589,4339,6944,11283,3237,5887,9124,2165,3763,5928,39,49,88,0,5,5,0,0,0,0,1,1
2021-01-30,11862,20571,32433,1948,3699,5647,4399,7048,11447,3282,5966,9248,2194,3803,5997,39,49,88,0,5,5,0,0,0,0,1,1
2021-01-31,11980,20796,32776,1971,3732,5703,4441,7141,11582,3314,6026,9340,2214,3842,6056,40,49,89,0,5,5,0,0,0,0,1,1
2021-02-01,12527,21739,34266,2062,3907,5969,4666,7473,12139,3464,6280,9744,2294,4019,6313,41,54,95,0,5,5,0,0,0,0,1,1
2021-02-02,13706,23741,37447,2175,4151,6326,4954,7937,12891,3669,6717,10386,2519,4481,7000,346,419,765,37,34,71,5,1,6,1,1,2
2021-02-03,14972,26052,41024,2313,4477,6790,5278,8553,13831,3922,7263,11185,2765,4956,7721,612,738,1350,73,61,134,8,3,11,1,1,2
2021-02-04,16213,28375,44588,2473,4800,7273,5637,9216,14853,4213,7829,12042,2986,5439,8425,778,988,1766,112,96,208,12,6,18,2,1,3
2021-02-05,18121,32088,50209,2753,5378,8131,6257,10387,16644,4618,8739,13357,3343,6172,9515,968,1265,2233,163,138,301,17,8,25,2,1,3
2021-02-06,18564,32893,51457,2834,5496,8330,6393,10662,17055,4735,8969,13704,3429,6327,9756,990,1291,2281,164,139,303,17,8,25,2,1,3
2021-02-07,18918,33545,52463,2888,5586,8474,6506,10899,17405,4846,9161,14007,3487,6438,9925,1006,1312,2318,166,140,306,17,8,25,2,1,3
2021-02-08,19785,35138,54923,3016,5865,8881,6784,11401,18185,5056,9588,14644,3637,6709,10346,1095,1415,2510,177,151,328,18,8,26,2,1,3
2021-02-09,20775,37063,57838,3157,6207,9364,7086,11969,19055,5283,10048,15331,3818,7112,10930,1215,1560,2775,191,158,349,23,8,31,2,1,3
2021-02-10,21310,38086,59396,3238,6370,9608,7216,12292,19508,5428,10310,15738,3926,7317,11243,1274,1623,2897,200,165,365,26,8,34,2,1,3
2021-02-11,21760,39142,60902,3309,6549,9858,7360,12636,19996,5525,10576,16101,3996,7515,11511,1330,1684,3014,211,173,384,27,8,35,2,1,3
2021-02-12,22260,40077,62337,3382,6701,10083,7525,12963,20488,5636,10851,16487,4085,7649,11734,1376,1724,3100,224,180,404,30,8,38,2,1,3
2021-02-13,22280,40114,62394,3382,6707,10089,7533,12978,20511,5641,10859,16500,4092,7657,11749,1376,1724,3100,224,180,404,30,8,38,2,1,3
2021-02-14,22286,40138,62424,3384,6714,10098,7535,12985,20520,5641,10869,16510,4094,7657,11751,1376,1724,3100,224,180,404,30,8,38,2,1,3
2021-02-15,22286,40138,62424,3384,6714,10098,7535,12985,20520,5641,10869,16510,4094,7657,11751,1376,1724,3100,224,180,404,30,8,38,2,1,3
2021-02-16,22297,40173,62470,3385,6715,10100,7543,13003,20546,5643,10882,16525,4094,7660,11754,1376,1724,3100,224,180,404,30,8,38,2,1,3
2021-02-17,23094,41672,64766,3512,6943,10455,7790,13452,21242,5814,11311,17125,4238,7945,12183,1472,1827,3299,236,184,420,30,9,39,2,1,3
2021-02-18,24936,45543,70479,3728,7483,11211,8312,14498,22810,6193,12333,18526,4599,8725,13324,1739,2211,3950,314,277,591,49,15,64,2,1,3
2021-02-19,26591,49352,75943,3923,8016,11939,8758,15610,24368,6615,13314,19929,4905,9457,14362,1945,2548,4493,379,381,760,61,25,86,5,1,6
2021-02-20,27042,50137,77179,3968,8099,12067,8893,15881,24774,6727,13507,20234,4993,9607,14600,1998,2630,4628,396,386,782,62,26,88,5,1,6
2021-02-21,27370,50642,78012,4003,8164,12167,8986,16069,25055,6807,13638,20445,5071,9693,14764,2031,2660,4691,403,391,794,64,26,90,5,1,6
2021-02-22,30686,56766,87452,4198,8609,12807,9337,16931,26268,7073,14337,21410,5321,10237,15558,2301,2962,5263,775,902,1677,1518,2385,3903,163,403,566
2021-02-23,34711,64140,98851,4451,9136,13587,9783,18025,27808,7498,15337,22835,5684,11038,16722,2814,3578,6392,1148,1404,2552,2991,4795,7786,342,827,1169
2021-02-24,38762,71759,110521,4709,9597,14306,10333,19078,29411,7943,16302,24245,6012,11787,17799,3201,4080,7281,1538,2013,3551,4518,7554,12072,508,1348,1856
2021-02-25,42798,79280,122078,4942,10129,15071,10857,20165,31022,8432,17192,25624,6383,12575,18958,3544,4573,8117,1876,2577,4453,6055,10215,16270,709,1854,2563
2021-02-26,46731,87171,133902,5191,10686,15877,11398,21275,32673,8809,18138,26947,6779,13419,20198,3911,5076,8987,2236,3124,5360,7507,13028,20535,900,2425,3325
2021-02-27,47256,88211,135467,5231,10761,15992,11498,21402,32900,8896,18259,27155,6840,13526,20366,3962,5177,9139,2299,3243,5542,7615,13315,20930,915,2528,3443
2021-02-28,47398,88529,135927,5245,10778,16023,11525,21460,32985,8912,18288,27200,6851,13540,20391,3996,5210,9206,2314,3280,5594,7637,13396,21033,918,2577,3495
2021-03-01,50485,94627,145112,5349,11001,16350,11783,21974,33757,9131,18673,27804,7013,13918,20931,4192,5458,9650,2675,3843,6518,9221,16607,25828,1121,3153,4274
2021-03-02,53440,100325,153765,5459,11277,16736,11998,22457,34455,9295,19080,28375,7165,14250,21415,4365,5758,10123,3032,4380,7412,10798,19474,30272,1328,3649,4977
2021-03-03,56262,106003,162265,5588,11529,17117,12238,23036,35274,9505,19550,29055,7310,14609,21919,4495,5976,10471,3333,4907,8240,12252,22222,34474,1541,4174,5715
2021-03-04,57506,108898,166404,5703,11841,17544,12461,23576,36037,9675,19947,29622,7433,14922,22355,4612,6202,10814,3455,5130,8585,12594,22945,35539,1573,4335,5908
2021-03-05,58579,111396,169975,5794,12068,17862,12696,24129,36825,9861,20474,30335,7587,15297,22884,4724,6399,11123,3530,5273,8803,12780,23335,36115,1607,4421,6028
2021-03-06,59241,113729,172970,5833,12304,18137,12868,24650,37518,9994,20980,30974,7688,15723,23411,4752,6454,11206,3598,5416,9014,12874,23657,36531,1634,4545,6179
2021-03-07,59877,115760,175637,5868,12495,18363,13011,25138,38149,10140,21434,31574,7809,16084,23893,4784,6497,11281,3665,5543,9208,12946,23893,36839,1654,4676,6330
2021-03-08,61305,119042,180347,5958,12739,18697,13186,25575,38761,10269,21809,32078,7941,16425,24366,4913,6763,11676,3841,5845,9686,13472,24906,38378,1725,4980,6705
2021-03-09,65005,125802,190807,6111,13041,19152,13512,26253,39765,10534,22329,32863,8187,16910,25097,5178,7107,12285,4248,6513,10761,15287,28006,43293,1948,5643,7591
2021-03-10,69022,134457,203479,6320,13553,19873,13895,27371,41266,10862,23424,34286,8531,17897,26428,5400,7438,12838,4651,7149,11800,17168,31311,48479,2195,6314,8509
2021-03-11,74169,146690,220859,6727,14460,21187,14627,29387,44014,11422,25590,37012,9051,19512,28563,5759,7967,13726,5092,7870,12962,19086,34951,54037,2405,6953,9358
2021-03-12,77939,156945,234884,7153,15501,22654,15452,31905,47357,12091,28098,40189,9624,21368,30992,6041,8416,14457,5318,8198,13516,19748,36235,55983,2512,7224,9736
2021-03-13,79438,162055,241493,7348,16278,23626,15868,33404,49272,12468,29501,41969,9922,22328,32250,6130,8544,14674,5350,8279,13629,19820,36418,56238,2532,7303,9835
2021-03-14,80480,166001,246481,7445,16791,24236,16173,34505,50678,12760,30721,43481,10163,23262,33425,6210,8677,14887,5374,8319,13693,19823,36423,56246,2532,7303,9835
2021-03-15,83419,174921,258340,7701,17808,25509,16809,36708,53517,13308,32874,46182,10663,24941,35604,6487,9189,15676,5586,8646,14232,20266,37324,57590,2599,7431,10030
2021-03-16,87349,184347,271696,7968,18648,26616,17418,38484,55902,13872,34588,48460,11121,26363,37484,6819,9786,16605,5966,9215,15181,21473,39519,60992,2712,7744,10456
2021-03-17,91488,193514,285002,8256,19321,27577,18029,40176,58205,14448,36195,50643,11564,27575,39139,7208,10484,17692,6387,9886,16273,22742,41805,64547,2854,8072,10926
2021-03-18,95825,203351,299176,8589,20216,28805,18762,42087,60849,15120,37952,53072,12142,29006,41148,7529,11075,18604,6824,10583,17407,23865,43973,67838,2994,8459,11453
2021-03-19,99958,213153,313111,8941,21203,30144,19534,44135,63669,15891,39803,55694,12762,30482,43244,7779,11445,19224,7126,11087,18213,24779,46012,70791,3146,8986,12132
2021-03-20,102111,218022,320133,9010,21422,30432,19738,44611,64349,16079,40261,56340,12959,30949,43908,8233,12514,20747,7506,11701,19207,25343,47275,72618,3243,9289,12532
2021-03-21,103768,221443,325211,9034,21483,30517,19808,44740,64548,16122,40342,56464,13053,31141,44194,8863,13920,22783,7924,12379,20303,25668,47973,73641,3296,9465,12761
2021-03-22,105797,225827,331624,9193,21768,30961,20107,45410,65517,16356,40903,57259,13270,31770,45040,9428,15344,24772,8394,13054,21448,25740,48090,73830,3309,9488,12797
2021-03-23,108759,232653,341412,9308,22032,31340,20359,45973,66332,16563,41420,57983,13467,32222,45689,9829,16204,26033,8839,13782,22621,26885,50771,77656,3509,10249,13758
2021-03-24,110594,236726,347320,9313,22049,31362,20370,45999,66369,16573,41445,58018,13504,32284,45788,10066,16766,26832,9178,14429,23607,27927,53009,80936,3663,10745,14408
2021-03-25,112620,240872,353492,9436,22321,31757,20614,46532,67146,16799,41863,58662,13654,32581,46235,10155,16907,27062,9479,14877,24356,28701,54645,83346,3782,11146,14928
2021-03-26,113663,243397,357060,9471,22410,31881,20711,46710,67421,16868,42018,58886,13721,32696,46417,10268,17278,27546,9655,15266,24921,29108,55557,84665,3861,11462,15323
2021-03-27,114389,245241,359630,9473,22416,31889,20716,46725,67441,16870,42029,58899,13725,32716,46441,10284,17317,27601,9803,15590,25393,29588,56633,86221,3930,11815,15745
2021-03-28,115095,247042,362137,9475,22420,31895,20719,46732,67451,16871,42039,58910,13733,32726,46459,10316,17352,27668,9944,15837,25781,30017,57742,87759,4020,12194,16214
2021-03-29,117333,252724,370057,9674,22939,32613,21129,47810,68939,17208,42920,60128,14003,33449,47452,10461,17629,28090,10169,16215,26384,30557,59108,89665,4132,12654,16786
2021-03-30,120427,259833,380260,9786,23221,33007,21372,48452,69824,17425,43444,60869,15050,35803,50853,11221,18847,30068,10531,16898,27429,30851,60135,90986,4191,13033,17224
2021-03-31,124522,268222,392744,10009,23741,33750,21859,49670,71529,17849,44511,62360,15283,36291,51574,11378,19058,30436,12554,20031,32585,31301,61417,92718,4289,13503,17792
2021-04-01,128988,275698,404686,10033,23766,33799,21883,49749,71632,18383,45541,63924,15659,37040,52699,11445,19253,30698,15585,24311,39896,31644,62271,93915,4356,13767,18123
2021-04-02,133348,282766,416114,10034,23769,33803,21885,49754,71639,19290,47268,66558,15666,37053,52719,11460,19279,30739,18708,28847,47555,31909,62865,94774,4396,13931,18327
2021-04-03,137054,288765,425819,10035,23777,33812,21888,49758,71646,19297,47275,66572,15674,37060,52734,11469,19289,30758,22247,34413,56660,32014,63155,95169,4430,14038,18468
2021-04-04,138039,290310,428349,10035,23777,33812,21888,49758,71646,19297,47276,66573,15676,37063,52739,11485,19308,30793,23204,35910,59114,32019,63172,95191,4435,14046,18481
2021-04-05,143811,299563,443374,10119,23895,34014,21953,49940,71893,19360,47455,66815,15747,37237,52984,11605,19480,31085,28427,43996,72423,32133,63424,95557,4467,14136,18603
2021-04-06,150554,310409,460963,10215,24041,34256,22072,50153,72225,19423,47592,67015,15802,37348,53150,11711,19653,31364,34469,53420,87889,32353,63914,96267,4509,14288,18797
2021-04-07,157988,322117,480105,10301,24154,34455,22190,50409,72599,19491,47757,67248,15878,37480,53358,12354,20449,32803,40516,62770,103286,32688,64634,97322,4570,14464,19034
2021-04-08,166312,333961,500273,10456,24310,34766,22379,50670,73049,19589,47908,67497,15958,37642,53600,13870,22651,36521,46628,71389,118017,32841,64851,97692,4591,14540,19131
2021-04-09,173580,345083,518663,10583,24551,35134,22596,51050,73646,19705,48156,67861,16044,37823,53867,15203,24481,39684,51841,79167,131008,32986,65178,98164,4622,14677,19299
2021-04-10,176600,349703,526303,10621,24651,35272,22649,51185,73834,19772,48273,68045,16088,37937,54025,15853,25466,41319,53952,82254,136206,33036,65231,98267,4629,14706,19335
2021-04-11,179489,354293,533782,10669,24758,35427,22744,51366,74110,19824,48435,68259,16151,38103,54254,16451,26373,42824,55952,85229,141181,33065,65293,98358,4633,14736,19369
2021-04-12,187429,366492,553921,10799,25001,35800,22925,51710,74635,19939,48658,68597,16257,38295,54552,18033,28631,46664,61672,93900,155572,33147,65482,98629,4657,14815,19472
2021-04-13,194982,378060,573042,11003,25186,36189,23151,52042,75193,20154,48884,69038,16452,38659,55111,19968,31987,51955,66315,100678,166993,33263,65724,98987,4676,14900,19576
2021-04-14,201423,387635,589058,11232,25261,36493,23330,52205,75535,20306,49066,69372,16508,38726,55234,20728,32971,53699,70082,106482,176564,34423,67642,102065,4814,15282,20096
2021-04-15,204588,393147,597735,11361,25306,36667,23425,52241,75666,20383,49084,69467,16545,38763,55308,21986,35709,57695,71556,108888,180444,34500,67828,102328,4832,15328,20160
2021-04-16,207910,398005,605915,11446,25327,36773,23463,52254,75717,20414,49095,69509,16553,38774,55327,22539,36426,58965,73836,112182,186018,34778,68480,103258,4881,15467,20348
