FECHA,TotalA,TotalB,Total,<=30A,<=30B,<=30,31-40A,31-40B,31-40,41-50A,41-50B,41-50,51-60A,51-60B,51-60,61-70A,61-70B,61-70,71-80A,71-80B,71-80,81-90A,81-90B,81-90,>=91A,>=91B,>=91
2020-12-29,672,0,672,107,0,107,218,0,218,212,0,212,132,0,132,3,0,3,0,0,0,0,0,0,0,0,0
2020-12-30,1457,0,1457,251,0,251,469,0,469,451,0,451,280,0,280,6,0,6,0,0,0,0,0,0,0,0,0
2020-12-31,1538,0,1538,261,0,261,497,0,497,479,0,479,294,0,294,7,0,7,0,0,0,0,0,0,0,0,0
2021-01-01,1538,0,1538,261,0,261,497,0,497,479,0,479,294,0,294,7,0,7,0,0,0,0,0,0,0,0,0
2021-01-02,1924,0,1924,303,0,303,649,0,649,593,0,593,370,0,370,9,0,9,0,0,0,0,0,0,0,0,0
2021-01-03,2072,0,2072,325,0,325,712,0,712,632,0,632,394,0,394,9,0,9,0,0,0,0,0,0,0,0,0
2021-01-04,2917,0,2917,473,0,473,1002,0,1002,878,0,878,554,0,554,10,0,10,0,0,0,0,0,0,0,0,0
2021-01-05,4118,0,4118,670,0,670,1440,0,1440,1216,0,1216,777,0,777,14,0,14,1,0,1,0,0,0,0,0,0
2021-01-06,5410,0,5410,906,0,906,1870,0,1870,1585,0,1585,1032,0,1032,16,0,16,1,0,1,0,0,0,0,0,0
2021-01-07,6834,0,6834,1148,0,1148,2359,0,2359,1996,0,1996,1314,0,1314,16,0,16,1,0,1,0,0,0,0,0,0
2021-01-08,8677,0,8677,1499,0,1499,2987,0,2987,2525,0,2525,1641,0,1641,24,0,24,1,0,1,0,0,0,0,0,0
2021-01-09,9117,0,9117,1553,0,1553,3160,0,3160,2663,0,2663,1716,0,1716,24,0,24,1,0,1,0,0,0,0,0,0
2021-01-10,9684,0,9684,1634,0,1634,3400,0,3400,2818,0,2818,1805,0,1805,26,0,26,1,0,1,0,0,0,0,0,0
2021-01-11,11533,0,11533,2003,0,2003,4067,0,4067,3315,0,3315,2116,0,2116,31,0,31,1,0,1,0,0,0,0,0,0
2021-01-12,13212,0,13212,2288,0,2288,4691,0,4691,3754,0,3754,2445,0,2445,33,0,33,1,0,1,0,0,0,0,0,0
2021-01-13,14567,0,14567,2546,0,2546,5178,0,5178,4116,0,4116,2692,0,2692,34,0,34,1,0,1,0,0,0,0,0,0
2021-01-14,16781,0,16781,2995,0,2995,5957,0,5957,4726,0,4726,3067,0,3067,35,0,35,1,0,1,0,0,0,0,0,0
2021-01-15,20193,0,20193,3660,0,3660,7193,0,7193,5645,0,5645,3656,0,3656,38,0,38,1,0,1,0,0,0,0,0,0
2021-01-16,21521,0,21521,3909,0,3909,7696,0,7696,6007,0,6007,3870,0,3870,38,0,38,1,0,1,0,0,0,0,0,0
2021-01-17,22351,0,22351,4068,0,4068,8024,0,8024,6232,0,6232,3988,0,3988,38,0,38,1,0,1,0,0,0,0,0,0
2021-01-18,22855,0,22855,4150,0,4150,8189,0,8189,6391,0,6391,4086,0,4086,38,0,38,1,0,1,0,0,0,0,0,0
2021-01-19,23252,356,23608,4213,40,4253,8328,111,8439,6504,126,6630,4168,76,4244,38,3,41,1,0,1,0,0,0,0,0,0
2021-01-20,23485,919,24404,4252,128,4380,8400,298,8698,6578,297,6875,4214,192,4406,40,4,44,1,0,1,0,0,0,0,0,0
2021-01-21,23608,1115,24723,4272,161,4433,8430,365,8795,6617,357,6974,4242,227,4469,45,5,50,2,0,2,0,0,0,0,0,0
2021-01-22,23627,1184,24811,4277,173,4450,8433,391,8824,6622,381,7003,4246,233,4479,46,6,52,3,0,3,0,0,0,0,0,0
2021-01-23,23665,1465,25130,4281,200,4481,8449,500,8949,6635,467,7102,4251,291,4542,46,7,53,3,0,3,0,0,0,0,0,0
2021-01-24,23685,1577,25262,4285,210,4495,8456,550,9006,6639,500,7139,4256,310,4566,46,7,53,3,0,3,0,0,0,0,0,0
2021-01-25,23768,2235,26003,4302,315,4617,8476,761,9237,6666,697,7363,4274,452,4726,47,10,57,3,0,3,0,0,0,0,0,0
2021-01-26,23903,3138,27041,4314,451,4765,8521,1050,9571,6709,981,7690,4306,640,4946,50,16,66,3,0,3,0,0,0,0,0,0
2021-01-27,24017,4134,28151,4334,622,4956,8555,1381,9936,6742,1259,8001,4328,855,5183,55,17,72,3,0,3,0,0,0,0,0,0
2021-01-28,24131,5290,29421,4346,831,5177,8601,1761,10362,6773,1583,8356,4351,1098,5449,57,17,74,3,0,3,0,0,0,0,0,0
2021-01-29,24188,6927,31115,4348,1119,5467,8621,2358,10979,6791,2054,8845,4368,1371,5739,57,25,82,3,0,3,0,0,0,0,0,0
2021-01-30,24194,7333,31527,4349,1176,5525,8623,2519,11142,6794,2173,8967,4368,1440,5808,57,25,82,3,0,3,0,0,0,0,0,0
2021-01-31,24195,7675,31870,4349,1232,5581,8623,2654,11277,6794,2265,9059,4369,1498,5867,57,26,83,3,0,3,0,0,0,0,0,0
2021-02-01,24196,9164,33360,4349,1498,5847,8623,3210,11833,6794,2670,9464,4370,1755,6125,57,31,88,3,0,3,0,0,0,0,0,0
2021-02-02,25923,10624,36547,4446,1758,6204,8876,3712,12588,7054,3054,10108,4745,2068,6813,725,32,757,69,0,69,7,0,7,1,0,1
2021-02-03,28278,11849,40127,4676,1993,6669,9397,4132,13529,7537,3370,10907,5214,2320,7534,1308,34,1342,133,0,133,12,0,12,1,0,1
2021-02-04,30044,13649,43693,4821,2331,7152,9774,4778,14552,7891,3874,11765,5605,2632,8237,1725,34,1759,207,0,207,19,0,19,2,0,2
2021-02-05,32857,16458,49315,5143,2867,8010,10520,5822,16342,8476,4603,13079,6202,3128,9330,2188,38,2226,300,0,300,26,0,26,2,0,2
2021-02-06,33157,17407,50564,5168,3041,8209,10599,6156,16755,8551,4874,13425,6273,3298,9571,2236,38,2274,302,0,302,26,0,26,2,0,2
2021-02-07,33531,18038,51569,5216,3137,8353,10723,6382,17105,8653,5074,13727,6333,3407,9740,2273,38,2311,305,0,305,26,0,26,2,0,2
2021-02-08,34707,19323,54030,5357,3404,8761,11041,6843,17884,8937,5429,14366,6552,3609,10161,2465,38,2503,326,0,326,27,0,27,2,0,2
2021-02-09,36688,20265,56953,5669,3575,9244,11594,7165,18759,9355,5700,15055,6958,3787,10745,2731,38,2769,347,0,347,32,0,32,2,0,2
2021-02-10,37707,20815,58522,5818,3674,9492,11859,7360,19219,9608,5855,15463,7170,3888,11058,2852,38,2890,363,0,363,35,0,35,2,0,2
2021-02-11,38821,21221,60042,5989,3755,9744,12198,7513,19711,9866,5963,15829,7381,3946,11327,2966,44,3010,383,0,383,36,0,36,2,0,2
2021-02-12,39731,21781,61512,6121,3855,9976,12499,7713,20212,10089,6136,16225,7524,4032,11556,3053,45,3098,404,0,404,39,0,39,2,0,2
2021-02-13,39762,21822,61584,6125,3861,9986,12508,7732,20240,10097,6143,16240,7532,4041,11573,3054,45,3099,405,0,405,39,0,39,2,0,2
2021-02-14,39763,21852,61615,6125,3870,9995,12508,7742,20250,10098,6152,16250,7532,4043,11575,3054,45,3099,405,0,405,39,0,39,2,0,2
2021-02-15,39763,21852,61615,6125,3870,9995,12508,7742,20250,10098,6152,16250,7532,4043,11575,3054,45,3099,405,0,405,39,0,39,2,0,2
2021-02-16,39769,21893,61662,6125,3872,9997,12513,7763,20276,10099,6166,16265,7532,4046,11578,3054,45,3099,405,1,406,39,0,39,2,0,2
2021-02-17,41768,22202,63970,6427,3926,10353,13093,7881,20974,10607,6260,16867,7923,4087,12010,3256,47,3303,421,1,422,39,0,39,2,0,2
2021-02-18,47216,22497,69713,7134,3979,11113,14561,7989,22550,11916,6355,18271,9034,4123,13157,3911,50,3961,594,1,595,64,0,64,2,0,2
2021-02-19,52508,22700,75208,7825,4018,11843,16055,8061,24116,13275,6410,19685,10043,4159,14202,4456,51,4507,763,1,764,86,0,86,5,0,5
2021-02-20,53736,22715,76451,7950,4022,11972,16458,8069,24527,13577,6413,19990,10281,4159,14440,4591,51,4642,787,1,788,87,0,87,5,0,5
2021-02-21,54567,22716,77283,8050,4022,12072,16737,8070,24807,13788,6413,20201,10446,4159,14605,4654,51,4705,798,1,799,89,0,89,5,0,5
2021-02-22,64092,22855,86947,8667,4046,12713,17903,8121,26024,14717,6454,21171,11223,4182,15405,5280,51,5331,1725,1,1726,3979,0,3979,598,0,598
2021-02-23,73806,24496,98302,9333,4159,13492,19198,8367,27565,15864,6736,22600,12059,4509,16568,5768,653,6421,2510,66,2576,7864,5,7869,1210,1,1211
2021-02-24,83646,26315,109961,9908,4304,14212,20406,8764,29170,16907,7106,24013,12777,4871,17648,6179,1133,7312,3466,126,3592,12126,10,12136,1877,1,1878
2021-02-25,93391,28148,121539,10496,4483,14979,21641,9145,30786,17901,7501,25402,13551,5256,18807,6596,1553,8149,4308,191,4499,16309,17,16326,2589,2,2591
2021-02-26,102642,30669,133311,11041,4749,15790,22702,9746,32448,18723,8014,26737,14237,5823,20060,6982,2026,9008,5102,285,5387,20513,24,20537,3342,2,3344
2021-02-27,104151,30785,134936,11140,4764,15904,22895,9779,32674,18907,8040,26947,14377,5850,20227,7125,2041,9166,5293,285,5578,20926,24,20950,3488,2,3490
2021-02-28,104515,30930,135445,11155,4781,15936,22923,9840,32763,18925,8074,26999,14390,5867,20257,7178,2056,9234,5345,286,5631,21044,24,21068,3555,2,3557
2021-03-01,112555,32049,144604,11370,4910,16280,23408,10147,33555,19287,8334,27621,14722,6083,20805,7435,2242,9677,6241,307,6548,25805,24,25829,4287,2,4289
2021-03-02,120244,33281,153525,11631,5076,16707,23852,10438,34290,19625,8598,28223,14955,6352,21307,7718,2459,10177,7163,327,7490,30294,29,30323,5006,2,5008
2021-03-03,127308,34911,162219,11802,5296,17098,24214,10922,35136,19939,9000,28939,15170,6684,21854,7917,2633,10550,7971,341,8312,34533,33,34566,5762,2,5764
2021-03-04,130271,36100,166371,12048,5493,17541,24643,11282,35925,20301,9248,29549,15419,6905,22324,8129,2768,10897,8265,369,8634,35536,33,35569,5930,2,5932
2021-03-05,132826,37265,170091,12229,5653,17882,25122,11628,36750,20751,9542,30293,15773,7117,22890,8337,2897,11234,8461,391,8852,36110,35,36145,6043,2,6045
2021-03-06,135688,37384,173072,12493,5668,18161,25782,11668,37450,21364,9573,30937,16277,7143,23420,8415,2903,11318,8671,392,9063,36500,35,36535,6186,2,6188
2021-03-07,138390,37396,175786,12718,5669,18387,26410,11676,38086,21965,9575,31540,16760,7143,23903,8493,2904,11397,8871,392,9263,36826,35,36861,6347,2,6349
2021-03-08,142816,37751,180567,13016,5716,18732,26940,11775,38715,22401,9663,32064,17175,7216,24391,8854,2945,11799,9352,397,9749,38359,37,38396,6719,2,6721
2021-03-09,153238,37940,191178,13449,5747,19196,27879,11856,39735,23165,9703,32868,17905,7240,25145,9468,2957,12425,10440,398,10838,43319,37,43356,7613,2,7615
2021-03-10,165454,38492,203946,14107,5819,19926,29245,12002,41247,24484,9832,34316,19109,7378,26487,9965,3018,12983,11484,404,11888,48525,37,48562,8535,2,8537
2021-03-11,179346,42113,221459,15013,6238,21251,31128,12898,44026,26429,10638,37067,20501,8136,28637,10306,3581,13887,12511,559,13070,54073,61,54134,9385,2,9387
2021-03-12,188854,46728,235582,15886,6849,22735,33262,14127,47389,28476,11801,40277,22031,9047,31078,10528,4106,14634,12913,716,13629,55996,79,56075,9762,3,9765
2021-03-13,194629,47551,242180,16788,6926,23714,34946,14365,49311,30043,12014,42057,23116,9223,32339,10643,4210,14853,13009,729,13738,56237,81,56318,9847,3,9850
2021-03-14,198899,48280,247179,17327,6997,24324,36113,14607,50720,31358,12215,43573,24148,9369,33517,10797,4269,15066,13065,738,13803,56244,82,56326,9847,3,9850
2021-03-15,206524,52609,259133,18021,7592,25613,37743,15838,53581,33022,13272,46294,25530,10182,35712,11153,4719,15872,13449,893,14342,57565,108,57673,10041,5,10046
2021-03-16,216178,56339,272517,18617,8108,26725,39048,16926,55974,34410,14169,48579,26714,10886,37600,11669,5136,16805,14302,988,15290,60956,119,61075,10462,7,10469
2021-03-17,225477,60471,285948,19041,8660,27701,40186,18116,58302,35554,15222,50776,27666,11606,39272,12346,5557,17903,15234,1155,16389,64513,146,64659,10937,9,10946
2021-03-18,236404,63800,300204,19836,9107,28943,41932,19051,60983,37181,16054,53235,29043,12250,41293,12889,5930,18819,16289,1233,17522,67776,165,67941,11458,10,11468
2021-03-19,247083,67212,314295,20711,9589,30300,43813,20023,63836,38991,16893,55884,30474,12952,43426,13188,6271,19459,17036,1299,18335,70727,175,70902,12143,10,12153
2021-03-20,253644,67779,321423,20942,9650,30592,44336,20183,64519,39490,17050,56540,31018,13076,44094,14670,6323,20993,18032,1311,19343,72606,176,72782,12550,10,12560
2021-03-21,258306,68257,326563,20962,9717,30679,44387,20337,64724,39520,17144,56664,31233,13151,44384,16669,6382,23051,19114,1334,20448,73640,182,73822,12781,10,12791
2021-03-22,262117,71024,333141,21062,10082,31144,44540,21190,65730,39713,17773,57486,31593,13668,45261,18398,6675,25073,20167,1434,21601,73825,192,74017,12819,10,12829
2021-03-23,269679,73454,343133,21146,10391,31537,44684,21893,66577,39879,18360,58239,31853,14075,45928,19408,6944,26352,21239,1560,22799,77669,221,77890,13801,10,13811
2021-03-24,275373,73750,349123,21154,10406,31560,44697,21920,66617,39889,18387,58276,31937,14091,46028,20063,7093,27156,22186,1614,23800,80987,229,81216,14460,10,14470
2021-03-25,280309,75227,355536,21339,10652,31991,45054,22386,67440,40233,18730,58963,32204,14307,46511,20199,7207,27406,22887,1680,24567,83409,251,83660,14984,14,14998
2021-03-26,282635,76650,359285,21349,10776,32125,45088,22660,67748,40259,18955,59214,32238,14502,46740,20306,7608,27914,23273,1870,25143,84737,265,85002,15385,14,15399
2021-03-27,285181,76704,361885,21354,10779,32133,45094,22674,67768,40262,18968,59230,32252,14515,46767,20357,7614,27971,23747,1875,25622,86305,265,86570,15810,14,15824
2021-03-28,287748,76730,364478,21360,10779,32139,45101,22677,67778,40268,18973,59241,32268,14520,46788,20418,7622,28040,24143,1879,26022,87881,266,88147,16309,14,16323
2021-03-29,294879,77750,372629,21947,10920,32867,46332,22964,69296,41317,19174,60491,33092,14717,47809,20688,7790,28478,24757,1901,26658,89836,270,90106,16910,14,16924
2021-03-30,304032,78998,383030,22210,11076,33286,46935,23265,70200,41836,19422,61258,36296,14946,51242,22480,8015,30495,25741,1981,27722,91174,279,91453,17360,14,17374
2021-03-31,315769,79948,395717,22819,11227,34046,48384,23552,71936,43205,19569,62774,36872,15107,51979,22709,8168,30877,30911,2029,32940,92930,282,93212,17939,14,17953
2021-04-01,327728,80102,407830,22858,11241,34099,48452,23594,72046,44751,19599,64350,37988,15132,53120,22943,8203,31146,38322,2037,40359,94142,282,94424,18272,14,18286
2021-04-02,339358,80103,419461,22862,11241,34103,48460,23594,72054,47397,19599,66996,38009,15133,53142,22984,8203,31187,46138,2037,48175,95027,282,95309,18481,14,18495
2021-04-03,349192,80103,429295,22871,11241,34112,48467,23594,72061,47413,19599,67012,38024,15133,53157,23004,8203,31207,55358,2037,57395,95426,282,95708,18629,14,18643
2021-04-04,352006,80142,432148,22871,11241,34112,48469,23594,72063,47420,19600,67020,38028,15138,53166,23013,8228,31241,58112,2045,60157,95448,282,95730,18645,14,18659
2021-04-05,367189,80842,448031,23010,11319,34329,48579,23760,72339,47570,19738,67308,38169,15274,53443,23204,8366,31570,72049,2084,74133,95836,287,96123,18772,14,18786
2021-04-06,384573,81329,465902,23174,11408,34582,48788,23906,72694,47701,19829,67530,38271,15358,53629,23440,8426,31866,87690,2101,89791,96540,287,96827,18969,14,18983
2021-04-07,403452,81933,485385,23332,11463,34795,49065,24022,73087,47863,19914,67777,38387,15463,53850,24701,8629,33330,103283,2140,105423,97612,288,97900,19209,14,19223
2021-04-08,423788,82181,505969,23609,11514,35123,49482,24085,73567,48091,19946,68037,38587,15515,54102,28430,8659,37089,118303,2150,120453,97977,296,98273,19309,16,19325
2021-04-09,441677,82928,524605,23867,11633,35500,49867,24313,74180,48320,20097,68417,38760,15618,54378,31522,8766,40288,131409,2184,133593,98453,301,98754,19479,16,19495
2021-04-10,448215,84258,532473,23884,11773,35657,49893,24502,74395,48333,20282,68615,38780,15774,54554,32750,9201,41951,136520,2388,138908,98542,320,98862,19513,18,19531
2021-04-11,454419,85588,540007,23886,11927,35813,49899,24775,74674,48336,20495,68831,38788,15997,54785,33903,9557,43460,141439,2486,143925,98621,332,98953,19547,19,19566
2021-04-12,474241,86410,560651,24182,12005,36187,50315,24892,75207,48580,20595,69175,38986,16103,55089,37525,9853,47378,156112,2591,158703,98890,352,99242,19651,19,19670
2021-04-13,489499,90614,580113,24465,12116,36581,50697,25080,75777,48906,20721,69627,39212,16442,55654,40641,12122,52763,166576,3721,170297,99235,392,99627,19767,20,19787
2021-04-14,501222,95298,596520,24762,12128,36890,51033,25092,76125,49230,20739,69969,39339,16449,55788,42454,12150,54604,174763,5304,180067,99741,3009,102750,19900,427,20327
2021-04-15,505990,99525,605515,24942,12130,37072,51170,25096,76266,49331,20741,70072,39424,16452,55876,43210,15506,58716,177959,6125,184084,99986,3042,103028,19968,433,20401
2021-04-16,515135,99928,615063,25070,12135,37205,51238,25103,76341,49391,20747,70138,39450,16460,55910,44665,15521,60186,184082,6437,190519,101018,3089,104107,20221,436,20657
2021-04-17,515940,99929,615869,25100,12135,37235,51280,25103,76383,49460,20748,70208,39518,16460,55978,44748,15521,60269,184494,6437,190931,101093,3089,104182,20247,436,20683
2021-04-18,516248,99931,616179,25122,12135,37257,51318,25103,76421,49522,20749,70271,39590,16460,56050,44774,15521,60295,184525,6438,190963,101131,3089,104220,20266,436,20702
2021-04-19,526609,99981,626590,25304,12142,37446,51388,25111,76499,49582,20755,70337,39606,16471,56077,45936,15528,61464,191721,6445,198166,102504,3092,105596,20568,437,21005
2021-04-20,537547,105803,643350,25522,12150,37672,51517,25132,76649,49723,20767,70490,40164,17426,57590,51159,18256,69415,195059,7158,202217,103563,3955,107518,20840,959,21799
2021-04-21,558000,105856,663856,25634,12168,37802,51600,25143,76743,49803,20779,70582,40458,17432,57890,69848,18260,88108,196012,7159,203171,103737,3955,107692,20908,960,21868
2021-04-22,582000,105861,687861,25728,12168,37896,51684,25144,76828,49886,20780,70666,40566,17434,58000,92284,18260,110544,196973,7160,204133,103930,3955,107885,20949,960,21909
2021-04-23,605390,105882,711272,25800,12169,37969,51784,25146,76930,50007,20786,70793,40703,17443,58146,114368,18263,132631,197581,7160,204741,104122,3955,108077,21025,960,21985
2021-04-24,611823,105882,717705,25814,12169,37983,51797,25146,76943,50038,20786,70824,40743,17443,58186,120178,18263,138441,197984,7160,205144,104214,3955,108169,21055,960,22015
2021-04-25,612028,105882,717910,25818,12169,37987,51804,25146,76950,50055,20786,70841,40759,17443,58202,120314,18263,138577,197995,7160,205155,104222,3955,108177,21061,960,22021
2021-04-26,615905,105894,721799,25835,12171,38006,51829,25147,76976,50070,20790,70860,40778,17445,58223,123643,18265,141908,198345,7160,205505,104312,3956,108268,21093,960,22053
2021-04-27,620095,105945,726040,25979,12175,38154,51951,25166,77117,50171,20799,70970,40864,17450,58314,126204,18274,144478,199293,7164,206457,104497,3957,108454,21136,960,22096
2021-04-28,626303,122853,749156,26155,14559,40714,52175,30805,82980,50318,25793,76111,40964,21323,62287,131074,18286,149360,199815,7168,206983,104625,3959,108584,21177,960,22137
2021-04-29,633322,135540,768862,26351,16140,42491,52383,34873,87256,50441,29699,80140,41076,24437,65513,136485,18291,154776,200477,7178,207655,104848,3960,108808,21261,962,22223
2021-04-30,636620,135560,772180,26546,16141,42687,52656,34874,87530,50579,29704,80283,41179,24441,65620,138426,18296,156722,200956,7181,208137,104965,3960,108925,21313,963,22276
2021-05-01,637873,135917,773790,26546,16184,42730,52658,35033,87691,50580,29785,80365,41185,24500,65685,139316,18310,157626,201204,7182,208386,105040,3960,109000,21344,963,22307
2021-05-02,640122,147815,787937,26606,17374,43980,52760,37917,90677,50635,32617,83252,41279,26672,67951,140833,18336,159169,201489,9929,211418,105135,4001,109136,21385,969,22354
2021-05-03,654471,153222,807693,26754,17387,44141,53013,37932,90945,50759,32634,83393,43252,26683,69935,152202,18359,170561,201837,15048,216885,105227,4175,109402,21427,1004,22431
2021-05-04,679922,153622,833544,26966,17391,44357,53279,37938,91217,50895,32642,83537,47698,26684,74382,172182,18394,190576,202096,15371,217467,105326,4197,109523,21480,1005,22485
2021-05-05,688491,171032,859523,27260,17407,44667,53650,37969,91619,51243,32661,83904,48900,26723,75623,178159,20162,198321,202290,30012,232302,105458,4957,110415,21531,1141,22672
2021-05-06,694533,173975,868508,27468,17409,44877,53917,37973,91890,51492,32667,84159,49742,26730,76472,182189,20520,202709,202595,32482,235077,105562,5034,110596,21568,1160,22728
2021-05-07,697557,192018,889575,27641,17660,45301,54175,38460,92635,51632,33108,84740,50160,27077,77237,183971,22935,206906,202760,46214,248974,105607,5335,110942,21611,1229,22840
2021-05-08,700253,207017,907270,27641,19456,47097,54176,42430,96606,51634,38216,89850,50525,30916,81441,186278,22995,209273,202770,46365,249135,105617,5379,110996,21612,1260,22872
2021-05-09,700379,207252,907631,27641,19456,47097,54176,42430,96606,51634,38217,89851,50549,30926,81475,186380,23042,209422,202770,46400,249170,105617,5466,111083,21612,1315,22927
2021-05-10,702728,208246,910974,27708,19457,47165,54259,42431,96690,51701,38221,89922,50946,30929,81875,188075,23083,211158,202798,47032,249830,105626,5692,111318,21615,1401,23016
2021-05-11,709457,208744,918201,27757,19465,47222,54336,42446,96782,51774,38236,90010,52303,30946,83249,193113,23131,216244,202898,47250,250148,105650,5808,111458,21626,1462,23088
2021-05-12,716451,209735,926186,27802,19488,47290,54408,42482,96890,51842,38274,90116,53745,30983,84728,198308,23219,221527,203034,47660,250694,105679,6069,111748,21633,1560,23193
2021-05-13,719178,215309,934487,27845,19609,47454,54497,42723,97220,51905,38451,90356,54082,31141,85223,200262,23864,224126,203195,51513,254708,105738,6348,112086,21654,1660,23314
2021-05-14,721861,217025,938886,27980,19628,47608,54751,42750,97501,52059,38509,90568,54423,31206,85629,201761,24425,226186,203395,52257,255652,105818,6503,112321,21674,1747,23421
2021-05-15,733049,217425,950474,28032,19639,47671,54848,42758,97606,52125,38523,90648,56812,31219,88031,210129,24510,234639,203532,52390,255922,105883,6590,112473,21688,1796,23484
2021-05-16,736040,217615,953655,28273,19648,47921,55755,42760,98515,53080,38531,91611,57377,31232,88609,210394,24529,234923,203578,52411,255989,105893,6667,112560,21690,1837,23527
2021-05-17,743583,218689,962272,28358,19705,48063,56257,42852,99109,53357,38651,92008,58865,31365,90230,215281,24662,239943,203783,52820,256603,105969,6744,112713,21713,1890,23603
2021-05-18,751699,219057,970756,28431,19714,48145,56383,42865,99248,53482,38671,92153,60560,31378,91938,221123,24752,245875,203956,52946,256902,106029,6808,112837,21735,1923,23658
2021-05-19,757405,220147,977552,28441,19846,48287,56403,43171,99574,53500,38815,92315,61736,31473,93209,225253,24882,250135,204188,53171,257359,106114,6850,112964,21770,1939,23709
2021-05-20,779151,220932,1000083,28515,19989,48504,56531,43432,99963,53606,38977,92583,67879,31571,99450,238298,24932,263230,205756,53205,258961,106681,6869,113550,21885,1957,23842
2021-05-21,781457,225168,1006625,28593,20276,48869,56729,43970,100699,53678,39412,93090,67996,31898,99894,239303,25209,264512,206400,55474,261874,106828,6955,113783,21930,1974,23904
2021-05-22,784891,225385,1010276,28705,20292,48997,56809,43994,100803,53744,39432,93176,68444,31919,100363,241487,25226,266713,206825,55586,262411,106924,6960,113884,21953,1976,23929
2021-05-23,789624,225387,1015011,28775,20292,49067,56903,43994,100897,53809,39432,93241,70540,31919,102459,243554,25227,268781,207059,55586,262645,107008,6960,113968,21976,1977,23953
2021-05-24,791391,225885,1017276,28808,20378,49186,56945,44151,101096,53844,39536,93380,70944,31978,102922,244679,25254,269933,207161,55639,262800,107029,6969,113998,21981,1980,23961
2021-05-25,792970,237406,1030376,28832,20386,49218,56956,44162,101118,53856,39543,93399,71288,31985,103273,245695,25258,270953,207282,56833,264115,107070,15886,122956,21991,3353,25344
2021-05-26,795501,240550,1036051,28885,20416,49301,57024,44217,101241,53909,39596,93505,73262,32045,105307,245945,25542,271487,207336,57261,264597,107123,17765,124888,22017,3708,25725
2021-05-27,801208,259185,1060393,29000,20479,49479,57129,44372,101501,54012,39750,93762,78324,32119,110443,246167,25812,271979,207386,59094,266480,107152,31671,138823,22038,5888,27926
2021-05-28,814847,270925,1085772,29149,20593,49742,57315,44604,101919,54429,39895,94324,90818,32194,123012,246438,26011,272449,207449,60366,267815,107192,40010,147202,22057,7252,29309
2021-05-29,831188,271889,1103077,29156,20598,49754,57334,44607,101941,55527,39900,95427,105499,32198,137697,246854,26013,272867,207542,60479,268021,107211,40740,147951,22065,7354,29419
2021-05-30,846970,271978,1118948,29171,20599,49770,57346,44609,101955,58844,39900,98744,117717,32198,149915,247015,26014,273029,207583,60489,268072,107226,40801,148027,22068,7368,29436
2021-05-31,868414,277440,1145854,29272,20771,50043,57493,44910,102403,71014,40137,111151,126263,32573,158836,247326,27186,274512,207672,60954,268626,107277,43086,150363,22097,7823,29920
2021-06-01,889099,280463,1169562,29673,20818,50491,58424,44992,103416,85385,40199,125584,130923,32616,163539,247542,27258,274800,207732,61334,269066,107307,45087,152394,22113,8159,30272
2021-06-02,908990,282470,1191460,30924,20831,51755,62700,45019,107719,94658,40224,134882,135521,32641,168162,247873,27316,275189,207833,61576,269409,107345,46334,153679,22136,8529,30665
2021-06-03,939622,283974,1223596,38955,20853,59808,75865,45050,120915,102276,40274,142550,136912,32673,169585,248164,27384,275548,207915,61774,269689,107380,47210,154590,22155,8756,30911
2021-06-04,967759,285336,1253095,45461,20899,66360,85334,45095,130429,109366,40350,149716,139279,32714,171993,250191,27578,277769,208392,62129,270521,107535,47679,155214,22201,8892,31093
2021-06-05,987792,286459,1274251,50487,20915,71402,94022,45117,139139,112908,40375,153283,140620,32750,173370,251265,27894,279159,208615,62336,270951,107637,48046,155683,22238,9026,31264
2021-06-06,1005340,287105,1292445,57555,20916,78471,101911,45117,147028,114559,40377,154936,141413,32756,174169,251367,27949,279316,208646,62492,271138,107647,48311,155958,22242,9187,31429
2021-06-07,1032177,288061,1320238,63943,20965,84908,107840,45238,153078,120900,40468,161368,148581,32812,181393,252099,27999,280098,208830,62651,271481,107722,48586,156308,22262,9342,31604
2021-06-08,1059961,289944,1349905,66427,20976,87403,111220,45255,156475,124415,40479,164894,166583,32829,199412,252351,28091,280442,208933,63068,272001,107760,49590,157350,22272,9656,31928
2021-06-09,1085309,290328,1375637,67099,20977,88076,112539,45257,157796,125677,40482,166159,188385,32835,221220,252549,28116,280665,208991,63152,272143,107785,49742,157527,22284,9767,32051
2021-06-10,1114120,290739,1404859,68722,20980,89702,114800,45259,160059,129598,40486,170084,208567,32847,241414,253158,28171,281329,209141,63243,272384,107833,49896,157729,22301,9857,32158
2021-06-11,1119560,310882,1430442,69117,21020,90137,115504,45331,160835,130951,40541,171492,211369,32922,244291,253279,28427,281706,209176,65592,274768,107853,65072,172925,22311,11977,34288
2021-06-12,1131053,313572,1444625,70145,21024,91169,116905,45336,162241,133847,40552,174399,217447,32958,250405,253332,28505,281837,209199,66007,275206,107863,66814,174677,22315,12376,34691
2021-06-13,1139441,313691,1453132,70602,21024,91626,117513,45340,162853,135715,40555,176270,222806,32958,255764,253405,28509,281914,209215,66022,275237,107868,66894,174762,22317,12389,34706
2021-06-14,1151427,314484,1465911,72195,21034,93229,119602,45351,164953,138401,40569,178970,228275,32968,261243,253499,28530,282029,209247,66125,275372,107882,67414,175296,22326,12493,34819
2021-06-15,1177638,315890,1493528,72454,21073,93527,120026,45417,165443,139243,40615,179858,252378,33017,285395,253881,28587,282468,209356,66467,275823,107944,68094,176038,22356,12620,34976
2021-06-16,1185761,325621,1511382,73142,21437,94579,121329,46004,167333,141793,41967,183760,255730,33960,289690,254006,28839,282845,209410,71066,280476,107976,69359,177335,22375,12989,35364
2021-06-17,1201995,335229,1537224,73574,21487,95061,122117,46094,168211,147663,42307,189970,264075,34105,298180,254551,29505,284056,209566,77723,287289,108050,70633,178683,22399,13375,35774
2021-06-18,1229194,337676,1566870,75039,21510,96549,124253,46141,170394,164029,42388,206417,270518,34163,304681,255114,29888,285002,209699,78875,288574,108112,71168,179280,22430,13543,35973
2021-06-19,1250279,338785,1589064,75543,21520,97063,124635,46155,170790,180746,42409,223155,273394,34186,307580,255566,29971,285537,209803,79089,288892,108151,71663,179814,22441,13792,36233
2021-06-20,1250287,338787,1589074,75545,21520,97065,124637,46155,170792,180749,42409,223158,273394,34187,307581,255566,29972,285538,209804,79089,288893,108151,71663,179814,22441,13792,36233
2021-06-21,1261891,339326,1601217,75577,21535,97112,124699,46190,170889,190734,42492,233226,274567,34289,308856,255818,30064,285882,209880,79173,289053,108170,71753,179923,22446,13830,36276
2021-06-22,1271020,340492,1611512,75834,21689,97523,124948,46438,171386,195135,42658,237793,277580,34512,312092,256631,30182,286813,210135,79276,289411,108271,71849,180120,22486,13888,36374
2021-06-23,1289044,341686,1630730,76064,21838,97902,125273,46664,171937,210403,42839,253242,279376,34747,314123,256899,30278,287177,210219,79377,289596,108306,71999,180305,22504,13944,36448
2021-06-24,1322684,342930,1665614,76530,21987,98517,129850,46905,176755,236372,42982,279354,281455,34935,316390,257299,30425,287724,210328,79610,289938,108340,72104,180444,22510,13982,36492
2021-06-25,1340163,357140,1697303,78087,22019,100106,133582,46937,180519,246067,43062,289129,283152,35321,318473,257884,40628,298512,210486,82270,292756,108385,72756,181141,22520,14147,36667
2021-06-26,1343073,375561,1718634,78119,22067,100186,133609,47002,180611,247679,43133,290812,284067,35670,319737,258116,55969,314085,210555,84210,294765,108402,73240,181642,22526,14270,36796
2021-06-27,1354591,381208,1735799,78132,22226,100358,133642,47189,180831,254492,43444,297936,288368,36969,325337,258376,57988,316364,210626,85515,296141,108426,73544,181970,22529,14333,36862
2021-06-28,1388874,383958,1772832,80351,22375,102726,136405,47454,183859,281044,43637,324681,290636,37243,327879,258724,59353,318077,210711,85834,296545,108467,73652,182119,22536,14410,36946
2021-06-29,1422414,387359,1809773,80742,22540,103282,137441,47699,185140,311540,43836,355376,291806,37617,329423,259043,60794,319837,210810,86400,297210,108488,73974,182462,22544,14499,37043
2021-06-30,1458527,390144,1848671,81081,22563,103644,147480,47727,195207,335458,43858,379316,293109,37650,330759,259384,63145,322529,210912,86593,297505,108532,74060,182592,22571,14548,37119
2021-07-01,1481070,393769,1874839,81381,22598,103979,157015,47769,204784,346174,43931,390105,294502,38273,332775,259771,64664,324435,211032,87405,298437,108597,74462,183059,22598,14667,37265
2021-07-02,1492744,410258,1903002,83040,22717,105757,162930,47973,210903,349252,44117,393369,295143,38508,333651,259997,66648,326645,211121,89169,300290,108648,84384,193032,22613,16742,39355
2021-07-03,1510611,415651,1926262,83080,22743,105823,174243,48041,222284,354473,44181,398654,296088,38638,334726,260246,67351,327597,211194,90063,301257,108669,87269,195938,22618,17365,39983
2021-07-04,1530884,416150,1947034,84439,22743,107182,191886,48048,239934,355347,44183,399530,296333,38650,334983,260348,67468,327816,211227,90167,301394,108684,87435,196119,22620,17456,40076
2021-07-05,1538741,418856,1957597,85074,22781,107855,198372,48102,246474,355807,44257,400064,296505,38746,335251,260399,68198,328597,211257,90783,302040,108698,88307,197005,22629,17682,40311
2021-07-06,1562184,420599,1982783,86128,22817,108945,219780,48168,267948,356305,44359,400664,296803,38881,335684,260515,68476,328991,211308,91053,302361,108709,88974,197683,22636,17871,40507
2021-07-07,1572221,422510,1994731,86405,22854,109259,227240,48232,275472,357827,44439,402266,297353,38983,336336,260662,68695,329357,211358,91463,302821,108732,89780,198512,22644,18064,40708
2021-07-08,1606636,423241,2029877,87283,22879,110162,254546,48288,302834,362110,44515,406625,298680,39106,337786,261078,68921,329999,211489,91529,303018,108783,89907,198690,22667,18096,40763
2021-07-09,1631410,424358,2055768,88668,22896,111564,271446,48316,319762,366488,44553,411041,300282,39181,339463,261426,69258,330684,211608,92070,303678,108819,89970,198789,22673,18114,40787
2021-07-10,1651400,426628,2078028,91840,22946,114786,287140,48415,335555,367206,44649,411855,300536,39338,339874,261531,70166,331697,211637,92719,304356,108835,90223,199058,22675,18172,40847
2021-07-11,1653633,430207,2083840,92208,23199,115407,288906,49005,337911,367261,45137,412398,300562,39585,340147,261540,70221,331761,211641,93033,304674,108839,91586,200425,22676,18441,41117
2021-07-12,1686950,430851,2117801,98190,23213,121403,314610,49031,363641,368198,45174,413372,301036,39615,340651,261687,70352,332039,211686,93175,304861,108858,91795,200653,22685,18496,41181
2021-07-13,1705830,431059,2136889,101593,23227,124820,327936,49049,376985,369552,45201,414753,301558,39638,341196,261872,70368,332240,211751,93215,304966,108876,91836,200712,22692,18525,41217
2021-07-14,1712368,431305,2143673,102911,23261,126172,332071,49098,381169,370193,45234,415427,301850,39672,341522,261976,70383,332359,211778,93251,305029,108891,91862,200753,22698,18544,41242
2021-07-15,1715631,461655,2177286,103614,23687,127301,333828,50986,384814,370648,58708,429356,302079,42999,345078,262052,72162,334214,211811,99561,311372,108898,94432,203330,22701,19120,41821
2021-07-16,1718361,492473,2210834,104247,23815,128062,335323,53490,388813,370982,73693,444675,302254,43997,346251,262106,72457,334563,211834,109665,321499,108911,95887,204798,22704,19469,42173
2021-07-17,1734237,502208,2236445,107300,23908,131208,344950,54382,399332,372973,80423,453396,303106,44771,347877,262365,72707,335072,211892,110404,322296,108941,96091,205032,22710,19522,42232
2021-07-18,1748487,511117,2259604,114058,23932,137990,350321,54542,404863,374348,86279,460627,303617,47152,350769,262533,72940,335473,211937,110561,322498,108960,96168,205128,22713,19543,42256
2021-07-19,1755975,538181,2294156,118577,25395,143972,352147,56731,408878,374982,106492,481474,303948,49018,352966,262645,73252,335897,211972,110869,322841,108985,96721,205706,22719,19703,42422
2021-07-20,1778339,553938,2332277,134112,25772,159884,356763,57529,414292,376276,119272,495548,304548,49908,354456,262869,73456,336325,212036,111256,323292,109010,96971,205981,22725,19774,42499
2021-07-21,1815019,554712,2369731,162068,25822,187890,363326,57596,420922,377478,119475,496953,305157,49953,355110,263111,73518,336629,212126,111517,323643,109025,97029,206054,22728,19802,42530
2021-07-22,1851191,555019,2406210,186702,25831,212533,370984,57623,428607,379779,119507,499286,306246,49976,356222,263449,73573,337022,212231,111574,323805,109064,97096,206160,22736,19839,42575
2021-07-23,1870472,568821,2439293,199489,26132,225621,374838,59468,434306,381205,129780,510985,307052,50904,357956,263736,73785,337521,212312,111703,324015,109098,97178,206276,22742,19871,42613
2021-07-24,1871779,596380,2468159,200618,26715,227333,374921,60329,435250,381233,140878,522111,307082,64883,371965,263753,74341,338094,212319,111908,324227,109105,97405,206510,22748,19921,42669
2021-07-25,1897101,596503,2493604,216616,26716,243332,380607,60337,440944,383153,140891,524044,308312,64896,373208,264143,74351,338494,212379,111939,324318,109132,97433,206565,22759,19940,42699
2021-07-26,1906017,626999,2533016,223983,31894,255877,381358,69709,451067,383561,150470,534031,308577,69785,378362,264234,75136,339370,212399,112376,324775,109143,97631,206774,22762,19998,42760
2021-07-27,1920212,646843,2567055,235748,35486,271234,382639,75247,457886,384197,156239,540436,308895,72184,381079,264361,76703,341064,212449,112959,325408,109158,97944,207102,22765,20081,42846
2021-07-28,1957878,647420,2605298,268140,35526,303666,385304,75347,460651,385686,156504,542190,309641,72218,381859,264612,76752,341364,212525,113000,325525,109190,97977,207167,22780,20096,42876
2021-07-29,1993689,648837,2642526,297445,35654,333099,388896,75643,464539,387334,157153,544487,310483,72388,382871,264875,76834,341709,212614,113052,325666,109230,98005,207235,22812,20108,42920
2021-07-30,2007954,667529,2675483,307218,37010,344228,391321,85164,476485,388543,162767,551310,311051,74027,385078,265053,77170,342223,212671,113196,325867,109269,98057,207326,22828,20138,42966
2021-07-31,2008462,692724,2701186,307540,40030,347570,391408,99390,490798,388588,169018,557606,311072,75129,386201,265072,77536,342608,212680,113314,325994,109273,98134,207407,22829,20173,43002
2021-08-01,2008514,706802,2715316,307554,43338,350892,391419,105699,497118,388595,171820,560415,311077,76150,387227,265074,77952,343026,212685,113451,326136,109278,98194,207472,22832,20198,43030
2021-08-02,2012592,739415,2752007,309776,47415,357191,392271,125854,518125,389151,178549,567700,311362,77302,388664,265171,78259,343430,212729,113568,326297,109295,98249,207544,22837,20219,43056
2021-08-03,2024155,759638,2783793,320006,52556,372562,392826,130960,523786,389554,182915,572469,311553,82287,393840,265265,78728,343993,212771,113670,326441,109326,98289,207615,22854,20233,43087
2021-08-04,2027223,784762,2811985,321476,55620,377096,393558,135826,529384,390006,186086,576092,311784,95819,407603,265359,79056,344415,212830,113775,326605,109346,98336,207682,22864,20244,43108
2021-08-05,2035846,794240,2830086,327412,56871,384283,394881,141498,536379,390742,187901,578643,312185,96336,408521,265501,79192,344693,212887,113831,326718,109365,98357,207722,22873,20254,43127
2021-08-06,2037852,802053,2839905,328533,57203,385736,395250,142776,538026,391021,188338,579359,312328,96647,408975,265554,81724,347278,212924,116654,329578,109369,98437,207806,22873,20274,43147
2021-08-07,2040091,824489,2864580,330502,57224,387726,395347,142804,538151,391102,188365,579467,312366,96727,409093,265570,84887,350457,212941,135465,348406,109380,98692,208072,22883,20325,43208
2021-08-08,2040123,846513,2886636,330512,57238,387750,395348,142831,538179,391104,188388,579492,312369,96813,409182,265580,97422,363002,212944,144431,357375,109381,99011,208392,22885,20379,43264
2021-08-09,2040480,880107,2920587,330642,57402,388044,395431,143175,538606,391156,188743,579899,312398,99358,411756,265605,122598,388203,212963,149092,362055,109392,99311,208703,22893,20428,43321
2021-08-10,2040893,913085,2953978,330835,57980,388815,395504,144122,539626,391224,190692,581916,312437,102472,414909,265621,139687,405308,212975,157967,370942,109402,99664,209066,22895,20501,43396
2021-08-11,2043323,942321,2985644,333077,58179,391256,395568,144793,540361,391265,191382,582647,312464,107501,419965,265652,157594,423246,212991,162288,375279,109411,100012,209423,22895,20572,43467
2021-08-12,2043797,964447,3008244,333250,58819,392069,395672,145231,540903,391352,191799,583151,312517,111530,424047,265676,165620,431296,213006,170374,383380,109420,100418,209838,22904,20656,43560
2021-08-13,2043978,995572,3039550,333315,59000,392315,395719,145553,541272,391381,192110,583491,312533,112339,424872,265682,178210,443892,213012,186045,399057,109430,101432,210862,22906,20883,43789
2021-08-14,2043998,1016690,3060688,333318,59216,392534,395719,145918,541637,391383,192578,583961,312534,116115,428649,265687,191929,457616,213014,188220,401234,109434,101755,211189,22909,20959,43868
2021-08-15,2044024,1040924,3084948,333323,60232,393555,395724,147673,543397,391388,195406,586794,312540,129874,442414,265690,195258,460948,213015,189413,402428,109435,102023,211458,22909,21045,43954
2021-08-16,2057672,1048569,3106241,336099,60457,396556,397819,147967,545786,395547,196688,592235,315479,131200,446679,266763,196701,463464,213392,192111,405503,109622,102319,211941,22951,21126,44077
2021-08-17,2086794,1049632,3136426,350265,60488,410753,409464,148032,557496,397934,196892,594826,315981,131906,447887,267041,196739,463780,213477,192124,405601,109670,102325,211995,22962,21126,44088
2021-08-18,2100369,1059873,3160242,359151,61054,420205,411548,149114,560662,399259,198138,597397,316751,134768,451519,267360,199835,467195,213600,193301,406901,109729,102494,212223,22971,21169,44140
2021-08-19,2105442,1067034,3172476,363136,61781,424917,412011,150259,562270,399602,198852,598454,316958,137403,454361,267410,201025,468435,213617,193921,407538,109736,102599,212335,22972,21194,44166
2021-08-20,2111579,1086509,3198088,367751,62228,429979,412690,152252,564942,400033,200634,600667,317233,152036,469269,267497,201390,468887,213646,194111,407757,109754,102652,212406,22975,21206,44181
2021-08-21,2112125,1107490,3219615,368025,65658,433683,412795,157750,570545,400109,205691,605800,317275,157928,475203,267525,202159,469684,213659,194340,407999,109759,102734,212493,22978,21230,44208
2021-08-22,2112184,1128553,3240737,368047,69117,437164,412802,168477,581279,400117,209527,609644,317282,159997,477279,267535,202913,470448,213664,194511,408175,109759,102777,212536,22978,21234,44212
2021-08-23,2125669,1148097,3273766,379440,72014,451454,413745,181548,595293,400735,211567,612302,317624,161049,478673,267662,203243,470905,213706,194615,408321,109773,102814,212587,22984,21247,44231
2021-08-24,2127409,1172031,3299440,380273,89418,469691,414166,184846,599012,401017,213036,614053,317754,162222,479976,267716,203632,471348,213716,194751,408467,109780,102860,212640,22987,21266,44253
2021-08-25,2129419,1201571,3330990,381435,93024,474459,414535,187189,601724,401286,225936,627222,317886,171720,489606,267761,204460,472221,213735,194986,408721,109790,102960,212750,22991,21296,44287
2021-08-26,2130699,1233139,3363838,381988,96863,478851,414839,189122,603961,401498,227140,628638,318006,179023,497029,267794,218031,485825,213764,198022,411786,109811,103506,213317,22999,21432,44431
2021-08-27,2131624,1268760,3400384,382408,118195,500603,415042,195071,610113,401629,229049,630678,318088,183897,501985,267828,219206,487034,213793,198301,412094,109825,103590,213415,23011,21451,44462
2021-08-28,2131675,1293134,3424809,382422,136861,519283,415053,198160,613213,401635,230541,632176,318098,184666,502764,267830,219401,487231,213796,198424,412220,109828,103624,213452,23013,21457,44470
2021-08-29,2131741,1317401,3449142,382449,139074,521523,415066,199411,614477,401653,234662,636315,318102,200139,518241,267833,220135,487968,213797,198776,412573,109828,103729,213557,23013,21475,44488
2021-08-30,2149547,1332431,3481978,389853,139392,529245,419085,200073,619158,405125,237353,642478,320042,206070,526112,268432,223316,491748,214048,200578,414626,109928,104091,214019,23034,21558,44592
2021-08-31,2160893,1354179,3515072,395258,157866,553124,421654,201389,623043,407232,238497,645729,320848,206629,527477,268723,223461,492184,214160,200646,414806,109969,104123,214092,23049,21568,44617
2021-09-01,2162777,1385489,3548266,395950,186017,581967,422001,202306,624307,407635,238991,646626,321095,207125,528220,268823,224335,493158,214219,200964,415183,110000,104176,214176,23054,21575,44629
2021-09-02,2164677,1418635,3583312,397571,203845,601416,422136,206084,628220,407709,245430,653139,321131,210929,532060,268843,225176,494019,214228,201324,415552,110005,104260,214265,23054,21587,44641
2021-09-03,2165888,1449359,3615247,398184,215461,613645,422405,209198,631603,407871,255365,663236,321236,214595,535831,268879,227019,495898,214244,201754,415998,110012,104356,214368,23057,21611,44668
2021-09-04,2166779,1472684,3639463,398545,221703,620248,422621,215605,638226,408031,264705,672736,321314,215577,536891,268927,227250,496177,214265,201841,416106,110017,104389,214406,23059,21614,44673
2021-09-05,2167674,1496188,3663862,398921,223926,622847,422855,220099,642954,408193,279718,687911,321386,217000,538386,268964,227510,496474,214272,201910,416182,110023,104405,214428,23060,21620,44680
2021-09-06,2168897,1527265,3696162,399492,226444,625936,423176,221194,644370,408373,301190,709563,321480,221781,543261,269006,228393,497399,214284,202138,416422,110024,104486,214510,23062,21639,44701
2021-09-07,2169979,1564590,3734569,399984,228290,628274,423492,225083,648575,408539,316793,725332,321551,229201,550752,269025,234788,503813,214293,203823,418116,110031,104882,214913,23064,21730,44794
2021-09-08,2176829,1578817,3755646,403852,229125,632977,425003,228775,653778,409349,322157,731506,321950,231864,553814,269173,235928,505101,214358,204203,418561,110072,104999,215071,23072,21766,44838
2021-09-09,2179596,1606260,3785856,405227,232821,638048,425729,245687,671416,409722,326344,736066,322129,233912,556041,269243,236335,505578,214384,204319,418703,110087,105064,215151,23075,21778,44853
2021-09-10,2181738,1614601,3796339,406318,236182,642500,426277,246882,673159,410008,326871,736879,322277,236267,558544,269290,237022,506312,214403,204480,418883,110090,105113,215203,23075,21784,44859
2021-09-11,2182553,1620442,3802995,407124,236743,643867,426282,249933,676215,410010,327424,737434,322277,237712,559989,269292,237173,506465,214403,204540,418943,110090,105130,215220,23075,21787,44862
2021-09-12,2182587,1622248,3804835,407144,237221,644365,426287,250607,676894,410013,327823,737836,322280,237912,560192,269293,237210,506503,214405,204555,418960,110090,105132,215222,23075,21788,44863
2021-09-13,2196336,1623165,3819501,415900,237345,653245,430842,251002,681844,410256,328010,738266,322384,238046,560430,269338,237241,506579,214420,204581,419001,110112,105144,215256,23084,21796,44880
2021-09-14,2198150,1635415,3833565,416684,237645,654329,431228,251497,682725,410536,328569,739105,322568,246637,569205,269419,239158,508577,214479,204894,419373,110141,105205,215346,23095,21810,44905
2021-09-15,2198916,1672183,3871099,417030,240018,657048,431438,255240,686678,410654,335710,746364,322617,264143,586760,269434,244282,513716,214493,205523,420016,110150,105405,215555,23100,21862,44962
2021-09-16,2199702,1707026,3906728,417410,245428,662838,431645,274747,706392,410768,340588,751356,322664,267131,589795,269450,245822,515272,214504,205892,420396,110156,105530,215686,23105,21888,44993
2021-09-17,2207072,1727889,3934961,421938,257912,679850,433050,279407,712457,411543,342450,753993,323052,268413,591465,269623,246181,515804,214565,206036,420601,110188,105586,215774,23113,21904,45017
2021-09-18,2207469,1752893,3960362,422282,275154,697436,433065,283716,716781,411559,344484,756043,323062,269455,592517,269630,246442,516072,214568,206111,420679,110190,105620,215810,23113,21911,45024
2021-09-19,2215538,1763340,3978878,425257,282567,707824,435566,285486,721052,412969,345253,758222,323794,269796,593590,269865,246526,516391,214704,206164,420868,110258,105632,215890,23125,21916,45041
2021-09-20,2223152,1769861,3993013,430675,283916,714591,436864,288264,725128,413513,346477,759990,323997,270475,594472,269939,246831,516770,214767,206303,421070,110269,105671,215940,23128,21924,45052
2021-09-21,2240352,1776572,4016924,446012,287906,733918,437792,289770,727562,414043,347043,761086,324259,270852,595111,270032,247013,517045,214799,206363,421162,110283,105691,215974,23132,21934,45066
2021-09-22,2246735,1786676,4033411,450594,293760,744354,438731,292471,731202,414522,347742,762264,324482,271285,595767,270116,247230,517346,214847,206503,421350,110303,105733,216036,23140,21952,45092
2021-09-23,2249228,1795973,4045201,452019,300366,752385,439389,293856,733245,414768,348410,763178,324579,271691,596270,270150,247350,517500,214871,206576,421447,110309,105767,216076,23143,21957,45100
2021-09-24,2255276,1801611,4056887,454595,303808,758403,441069,294634,735703,416116,348982,765098,324834,272305,597139,270247,247499,517746,214927,206629,421556,110334,105790,216124,23154,21964,45118
2021-09-25,2257356,1806278,4063634,455278,305186,760464,442004,295865,737869,416395,349887,766282,324955,273219,598174,270297,247681,517978,214933,206668,421601,110338,105805,216143,23156,21967,45123
2021-09-26,2258579,1828578,4087157,455475,306434,761909,442162,298992,741154,416681,359117,775798,325311,281210,606521,270469,248197,518666,214973,206788,421761,110352,105861,216213,23156,21979,45135
2021-09-27,2260723,1849401,4110124,456583,309446,766029,442599,308749,751348,416945,364687,781632,325464,283209,608673,270576,248525,519101,215015,206879,421894,110378,105913,216291,23163,21993,45156
2021-09-28,2264634,1873586,4138220,457678,310326,768004,443440,325897,769337,417966,366339,784305,326056,284363,610419,270831,249597,520428,215089,208529,423618,110404,106434,216838,23170,22101,45271
2021-09-29,2268991,1886611,4155602,460974,312366,773340,443962,333605,777567,418309,367750,786059,326178,285348,611526,270866,250012,520878,215104,208852,423956,110421,106556,216977,23177,22122,45299
2021-09-30,2279602,1894470,4174072,469762,314706,784468,444942,335120,780062,418887,369202,788089,326351,286985,613336,270913,250668,521581,215133,209040,424173,110436,106617,217053,23178,22132,45310
2021-10-01,2282175,1903178,4185353,471977,318433,790410,445113,337439,782552,419008,370646,789654,326397,287852,614249,270927,250900,521827,215136,209122,424258,110439,106648,217087,23178,22138,45316
2021-10-02,2284876,1906134,4191010,473616,319197,792813,445715,338398,784113,419264,371349,790613,326517,288187,614704,270983,251011,521994,215152,209175,424327,110447,106675,217122,23182,22142,45324
2021-10-03,2290842,1906141,4196983,476447,319199,795646,447469,338401,785870,420027,371349,791376,326852,288188,615040,271169,251012,522181,215216,209175,424391,110475,106675,217150,23187,22142,45329
2021-10-04,2297764,1910435,4208199,479444,321035,800479,449715,339586,789301,421007,371815,792822,327255,288653,615908,271347,251251,522598,215288,209252,424540,110506,106698,217204,23202,22145,45347
2021-10-05,2300714,1914265,4214979,481240,322049,803289,450370,340705,791075,421296,372675,793971,327394,289244,616638,271396,251419,522815,215299,209298,424597,110515,106721,217236,23204,22154,45358
2021-10-06,2313767,1915742,4229509,492323,322355,814678,451362,341072,792434,421862,373022,794884,327654,289526,617180,271492,251523,523015,215334,209335,424669,110526,106749,217275,23214,22160,45374
2021-10-07,2316987,1918613,4235600,494034,323123,817157,452077,341996,794073,422289,373445,795734,327870,290019,617889,271583,251720,523303,215370,209383,424753,110540,106763,217303,23224,22164,45388
2021-10-08,2317867,1938844,4256711,494450,324283,818733,452260,353446,805706,422404,375844,798248,327959,292789,620748,271627,254001,525628,215391,209501,424892,110549,106812,217361,23227,22168,45395
2021-10-09,2317873,1958302,4276175,494451,325645,820096,452263,361887,814150,422405,378314,800719,327960,297408,625368,271627,256380,528007,215391,209635,425026,110549,106858,217407,23227,22175,45402
2021-10-10,2317883,1972447,4290330,494456,326700,821156,452268,368772,821040,422405,379987,802392,327960,300099,628059,271627,258094,529721,215391,209721,425112,110549,106892,217441,23227,22182,45409
2021-10-11,2319381,1980089,4299470,495649,330492,826141,452422,370728,823150,422480,381009,803489,328002,300641,628643,271649,258278,529927,215396,209818,425214,110555,106938,217493,23228,22185,45413
2021-10-12,2323660,1996973,4320633,498711,340313,839024,452933,372922,825855,422873,383238,806111,328197,302338,630535,271724,259058,530782,215428,209942,425370,110566,106969,217535,23228,22193,45421
2021-10-13,2353341,2001327,4354668,527982,342037,870019,453104,373662,826766,423002,384012,807014,328255,303069,631324,271746,259359,531105,215438,209988,425426,110573,107000,217573,23241,22200,45441
2021-10-14,2367592,2013239,4380831,541310,347893,889203,453492,376704,830196,423275,385512,808787,328403,304060,632463,271807,259722,531529,215472,210090,425562,110588,107047,217635,23245,22211,45456
2021-10-15,2370637,2035647,4406284,543677,359744,903421,453816,382606,836422,423446,388041,811487,328520,305394,633914,271848,260279,532127,215490,210255,425745,110592,107103,217695,23248,22225,45473
2021-10-16,2377286,2046701,4423987,549506,366568,916074,454216,384827,839043,423653,389202,812855,328640,305931,634571,271907,260489,532396,215506,210333,425839,110605,107120,217725,23253,22231,45484
2021-10-17,2380330,2050327,4430657,552194,368207,920401,454410,385584,839994,423731,389751,813482,328687,306345,635032,271930,260671,532601,215516,210392,425908,110609,107141,217750,23253,22236,45489
2021-10-18,2396947,2057696,4454643,568403,371219,939622,454614,387233,841847,423829,391188,815017,328742,307237,635979,271949,260980,532929,215525,210444,425969,110623,107155,217778,23262,22240,45502
2021-10-19,2403182,2069531,4472713,573986,376973,950959,454961,389780,844741,423981,393047,817028,328829,308239,637068,271986,261553,533539,215542,210517,426059,110630,107177,217807,23267,22245,45512
2021-10-20,2413724,2076515,4490239,584111,380785,964896,455169,391131,846300,424092,394062,818154,328888,308752,637640,272009,261757,533766,215550,210577,426127,110637,107198,217835,23268,22253,45521
2021-10-21,2427324,2084927,4512251,597148,385347,982495,455434,392808,848242,424233,395039,819272,328954,309414,638368,272060,262129,534189,215569,210659,426228,110652,107258,217910,23274,22273,45547
2021-10-22,2443875,2096740,4540615,612754,391965,1004719,455841,395152,850993,424495,396258,820753,329102,310504,639606,272134,262509,534643,215600,210767,426367,110673,107305,217978,23276,22280,45556
2021-10-23,2457154,2100929,4558083,625581,394110,1019691,456054,396289,852343,424622,396672,821294,329166,310780,639946,272156,262658,534814,215615,210810,426425,110679,107326,218005,23281,22284,45565
2021-10-24,2473422,2102930,4576352,641623,395363,1036986,456146,396585,852731,424699,396863,821562,329203,310902,640105,272164,262757,534921,215621,210839,426460,110682,107335,218017,23284,22286,45570
2021-10-25,2487830,2108742,4596572,655151,397737,1052888,456443,398016,854459,425059,397790,822849,329332,311487,640819,272221,263040,535261,215646,210978,426624,110691,107395,218086,23287,22299,45586
2021-10-26,2506770,2112929,4619699,673491,399719,1073210,456750,399153,855903,425218,398296,823514,329409,311810,641219,272254,263172,535426,215659,211035,426694,110701,107427,218128,23288,22317,45605
2021-10-27,2523166,2121537,4644703,689231,406423,1095654,457101,399936,857037,425376,398868,824244,329480,312148,641628,272295,263313,535608,215680,211092,426772,110712,107440,218152,23291,22317,45608
2021-10-28,2543741,2126526,4670267,709228,408985,1118213,457430,400882,858312,425512,399550,825062,329544,312608,642152,272318,263522,535840,215693,211171,426864,110719,107476,218195,23297,22332,45629
2021-10-29,2565414,2129692,4695106,730450,410803,1141253,457681,401537,859218,425621,399890,825511,329602,312790,642392,272337,263624,535961,215699,211208,426907,110725,107500,218225,23299,22340,45639
2021-10-30,2580603,2131545,4712148,745287,411829,1157116,457860,401978,859838,425719,400089,825808,329648,312897,642545,272352,263682,536034,215709,211223,426932,110728,107506,218234,23300,22341,45641
2021-10-31,2594213,2133816,4728029,758488,413203,1171691,458067,402443,860510,425824,400309,826133,329714,313017,642731,272362,263741,536103,215724,211246,426970,110731,107515,218246,23303,22342,45645
2021-11-01,2601354,2141690,4743044,765294,415334,1180628,458239,406246,864485,425933,401342,827275,329748,313556,643304,272373,264003,536376,215731,211326,427057,110732,107533,218265,23304,22350,45654
2021-11-02,2603753,2146894,4750647,767159,418068,1185227,458495,407624,866119,426071,401913,827984,329820,313876,643696,272407,264132,536539,215748,211366,427114,110738,107555,218293,23315,22360,45675
2021-11-03,2606612,2163480,4770092,769546,433902,1203448,458641,407997,866638,426235,402084,828319,329945,313966,643911,272428,264200,536628,215757,211394,427151,110743,107572,218315,23317,22365,45682
2021-11-04,2611117,2178364,4789481,773694,447949,1221643,458778,408373,867151,426355,402273,828628,329993,314087,644080,272447,264278,536725,215779,211437,427216,110752,107591,218343,23319,22376,45695
2021-11-05,2614273,2182590,4796863,776396,451584,1227980,458941,408636,867577,426491,402398,828889,330090,314183,644273,272472,264341,536813,215796,211461,427257,110765,107604,218369,23322,22383,45705
2021-11-06,2616807,2186594,4803401,778567,455081,1233648,459076,408858,867934,426567,402530,829097,330188,314274,644462,272497,264383,536880,215813,211473,427286,110773,107612,218385,23326,22383,45709
2021-11-07,2619120,2190611,4809731,780740,458290,1239030,459137,409219,868356,426604,402731,829335,330211,314386,644597,272509,264453,536962,215819,211507,427326,110774,107635,218409,23326,22390,45716
2021-11-08,2623382,2204280,4827662,784272,470972,1255244,459473,409606,869079,426801,402974,829775,330314,314591,644905,272560,264549,537109,215853,211546,427399,110777,107647,218424,23332,22395,45727
2021-11-09,2627149,2208719,4835868,787571,474699,1262270,459695,409917,869612,426930,403165,830095,330383,314720,645103,272585,264597,537182,215871,211562,427433,110779,107659,218438,23335,22400,45735
2021-11-10,2632272,2214984,4847256,792439,480152,1272591,459819,410276,870095,426995,403342,830337,330421,314825,645246,272598,264686,537284,215880,211612,427492,110783,107679,218462,23337,22412,45749
2021-11-11,2635802,2221065,4856867,795515,485318,1280833,459999,410646,870645,427114,403557,830671,330508,314964,645472,272629,264766,537395,215902,211671,427573,110793,107724,218517,23342,22419,45761
2021-11-12,2640222,2231771,4871993,799517,495021,1294538,460185,410957,871142,427223,403890,831113,330565,315129,645694,272658,264886,537544,215923,211719,427642,110803,107742,218545,23348,22427,45775
2021-11-13,2641758,2232452,4874210,801047,495685,1296732,460187,410962,871149,427224,403893,831117,330566,315132,645698,272659,264890,537549,215923,211720,427643,110803,107743,218546,23349,22427,45776
2021-11-14,2642297,2234647,4876944,801578,497863,1299441,460192,410970,871162,427226,403899,831125,330567,315134,645701,272659,264891,537550,215923,211720,427643,110803,107743,218546,23349,22427,45776
2021-11-15,2644415,2245977,4890392,803222,508211,1311433,460434,411249,871683,427358,404245,831603,330619,315412,646031,272681,264943,537624,215940,211736,427676,110811,107753,218564,23350,22428,45778
2021-11-16,2646343,2263743,4910086,804768,521865,1326633,460628,412936,873564,427444,405758,833202,330665,315971,646636,272710,265198,537908,215956,211797,427753,110818,107784,218602,23354,22434,45788
2021-11-17,2649792,2283870,4933662,807849,541173,1349022,460791,413362,874153,427532,405942,833474,330719,316101,646820,272738,265242,537980,215974,211813,427787,110824,107798,218622,23365,22439,45804
2021-11-18,2654368,2302074,4956442,812078,558713,1370791,460937,413642,874579,427615,406145,833760,330780,316209,646989,272771,265280,538051,215985,211829,427814,110831,107809,218640,23371,22447,45818
2021-11-19,2658779,2319562,4978341,815954,574912,1390866,461165,414215,875380,427727,406490,834217,330902,316415,647317,272815,265375,538190,215998,211881,427879,110842,107825,218667,23376,22449,45825
2021-11-20,2660371,2325457,4985828,817222,580395,1397617,461269,414369,875638,427833,406591,834424,330972,316492,647464,272839,265419,538258,216010,211903,427913,110848,107837,218685,23378,22451,45829
2021-11-21,2662348,2331152,4993500,818923,585320,1404243,461369,414628,875997,427910,406803,834713,331028,316679,647707,272861,265500,538361,216025,211921,427946,110852,107847,218699,23380,22454,45834
2021-11-22,2663527,2339511,5003038,819906,592840,1412746,461433,414998,876431,427953,407021,834974,331074,316836,647910,272880,265555,538435,216040,211945,427985,110859,107856,218715,23382,22460,45842
2021-11-23,2670870,2347135,5018005,826766,599244,1426010,461644,415562,877206,428068,407347,835415,331180,317039,648219,272906,265636,538542,216052,211974,428026,110867,107871,218738,23387,22462,45849
2021-11-24,2675362,2359301,5034663,830835,610110,1440945,461790,416221,878011,428223,407651,835874,331245,317255,648500,272929,265713,538642,216068,212001,428069,110880,107885,218765,23392,22465,45857
2021-11-25,2676766,2362847,5039613,831940,612700,1444640,461859,416768,878627,428354,407848,836202,331288,317350,648638,272956,265774,538730,216083,212025,428108,110890,107912,218802,23396,22470,45866
2021-11-26,2679852,2372024,5051876,834393,620475,1454868,462089,417404,879493,428555,408217,836772,331401,317571,648972,273004,265876,538880,216107,212073,428180,110899,107934,218833,23404,22474,45878
2021-11-27,2681962,2379992,5061954,836228,627638,1463866,462203,417685,879888,428634,408420,837054,331454,317751,649205,273016,265961,538977,216114,212108,428222,110905,107948,218853,23408,22481,45889
2021-11-28,2684345,2386938,5071283,838365,633910,1472275,462293,418046,880339,428710,408579,837289,331495,317836,649331,273038,266002,539040,216126,212126,428252,110909,107957,218866,23409,22482,45891
2021-11-29,2687013,2393592,5080605,840471,639560,1480031,462556,418569,881125,428879,408843,837722,331572,317964,649536,273065,266064,539129,216140,212145,428285,110915,107962,218877,23415,22485,45900
2021-11-30,2690364,2401621,5091985,843134,646188,1489322,462868,419374,882242,429034,409142,838176,331677,318117,649794,273135,266156,539291,216171,212178,428349,110924,107975,218899,23421,22491,45912
2021-12-01,2694009,2411414,5105423,846032,654863,1500895,463173,419893,883066,429197,409424,838621,331820,318297,650117,273213,266242,539455,216206,212215,428421,110944,107983,218927,23424,22497,45921
2021-12-02,2697770,2422149,5119919,848721,664279,1513000,463532,420519,884051,429644,409747,839391,331967,318510,650477,273268,266328,539596,216247,212263,428510,110961,107998,218959,23430,22505,45935
2021-12-03,2698816,2425756,5124572,849374,667105,1516479,463759,420873,884632,429725,409929,839654,332004,318633,650637,273292,266406,539698,216263,212296,428559,110967,108007,218974,23432,22507,45939
2021-12-04,2699853,2429787,5129640,850120,670737,1520857,463854,421046,884900,429800,410041,839841,332053,318697,650750,273323,266443,539766,216290,212305,428595,110977,108010,218987,23436,22508,45944
2021-12-05,2701201,2432403,5133604,851161,672954,1524115,463999,421232,885231,429873,410131,840004,332101,318762,650863,273343,266485,539828,216298,212318,428616,110985,108013,218998,23441,22508,45949
2021-12-06,2704528,2439439,5143967,853934,678956,1532890,464200,421752,885952,430084,410384,840468,332176,318922,651098,273382,266544,539926,216317,212346,428663,110992,108024,219016,23443,22511,45954
2021-12-07,2707582,2444353,5151935,856313,682725,1539038,464524,422297,886821,430270,410680,840950,332257,319079,651336,273429,266638,540067,216345,212385,428730,110998,108035,219033,23446,22514,45960
2021-12-08,2709415,2448533,5157948,857765,686170,1543935,464666,422599,887265,430369,410853,841222,332335,319228,651563,273461,266711,540172,216360,212415,428775,111007,108041,219048,23452,22516,45968
2021-12-09,2712068,2456446,5168514,859909,693476,1553385,464878,422843,887721,430497,411019,841516,332420,319324,651744,273506,266770,540276,216387,212444,428831,111018,108052,219070,23453,22518,45971
2021-12-10,2714059,2461031,5175090,861529,697454,1558983,465054,423100,888154,430574,411162,841736,332468,319430,651898,273541,266829,540370,216400,212467,428867,111030,108065,219095,23463,22524,45987
