FECHA,TotalM,TotalF,Total,<=30M,<=30F,<=30,31-40M,31-40F,31-40,41-50M,41-50F,41-50,51-60M,51-60F,51-60,61-70M,61-70F,61-70,71-80M,71-80F,71-80,81-90M,81-90F,81-90,>=91M,>=91F,>=91
2020-12-29,273,434,707,40,70,110,97,135,232,82,141,223,53,86,139,1,2,3,0,0,0,0,0,0,0,0,0
2020-12-30,581,939,1520,85,170,255,210,286,496,172,297,469,111,183,294,3,3,6,0,0,0,0,0,0,0,0,0
2020-12-31,621,988,1609,92,173,265,223,302,525,185,317,502,118,192,310,3,4,7,0,0,0,0,0,0,0,0,0
2021-01-01,621,988,1609,92,173,265,223,302,525,185,317,502,118,192,310,3,4,7,0,0,0,0,0,0,0,0,0
2021-01-02,763,1248,2011,106,204,310,278,404,682,233,390,623,142,245,387,4,5,9,0,0,0,0,0,0,0,0,0
2021-01-03,814,1352,2166,114,219,333,301,447,748,245,419,664,150,262,412,4,5,9,0,0,0,0,0,0,0,0,0
2021-01-04,1148,1897,3045,173,315,488,409,640,1049,341,581,922,220,356,576,5,5,10,0,0,0,0,0,0,0,0,0
2021-01-05,1634,2657,4291,244,447,691,613,892,1505,463,809,1272,308,500,808,6,8,14,0,1,1,0,0,0,0,0,0
2021-01-06,2166,3466,5632,337,597,934,812,1139,1951,613,1045,1658,396,675,1071,8,9,17,0,1,1,0,0,0,0,0,0
2021-01-07,2708,4401,7109,423,758,1181,997,1466,2463,769,1318,2087,511,849,1360,8,9,17,0,1,1,0,0,0,0,0,0
2021-01-08,3374,5581,8955,544,988,1532,1223,1870,3093,960,1656,2616,634,1054,1688,13,12,25,0,1,1,0,0,0,0,0,0
2021-01-09,3542,5853,9395,558,1028,1586,1294,1972,3266,1012,1742,2754,665,1098,1763,13,12,25,0,1,1,0,0,0,0,0,0
2021-01-10,3750,6214,9964,591,1076,1667,1383,2124,3507,1065,1844,2909,696,1157,1853,15,12,27,0,1,1,0,0,0,0,0,0
2021-01-11,4407,7410,11817,702,1334,2036,1648,2527,4175,1239,2167,3406,801,1366,2167,17,15,32,0,1,1,0,0,0,0,0,0
2021-01-12,4999,8500,13499,798,1524,2322,1883,2916,4799,1389,2457,3846,911,1586,2497,18,16,34,0,1,1,0,0,0,0,0,0
2021-01-13,5464,9392,14856,877,1704,2581,2047,3240,5287,1517,2691,4208,1004,1740,2744,19,16,35,0,1,1,0,0,0,0,0,0
2021-01-14,6264,10811,17075,1046,1985,3031,2339,3727,6066,1734,3086,4820,1126,1995,3121,19,17,36,0,1,1,0,0,0,0,0,0
2021-01-15,7459,13032,20491,1261,2437,3698,2806,4498,7304,2041,3697,5738,1332,2379,3711,19,20,39,0,1,1,0,0,0,0,0,0
2021-01-16,7935,13886,21821,1357,2590,3947,2984,4824,7808,2161,3939,6100,1414,2512,3926,19,20,39,0,1,1,0,0,0,0,0,0
2021-01-17,8220,14432,22652,1423,2683,4106,3097,5039,8136,2233,4093,6326,1448,2596,4044,19,20,39,0,1,1,0,0,0,0,0,0
2021-01-18,8407,14749,23156,1451,2737,4188,3157,5143,8300,2289,4197,6486,1491,2651,4142,19,20,39,0,1,1,0,0,0,0,0,0
2021-01-19,8693,15220,23913,1487,2804,4291,3239,5314,8553,2384,4342,6726,1562,2738,4300,21,21,42,0,1,1,0,0,0,0,0,0
2021-01-20,8984,15725,24709,1518,2900,4418,3348,5465,8813,2471,4500,6971,1626,2836,4462,21,23,44,0,1,1,0,0,0,0,0,0
2021-01-21,9111,15913,25024,1541,2930,4471,3392,5517,8909,2504,4563,7067,1648,2877,4525,26,24,50,0,2,2,0,0,0,0,0,0
2021-01-22,9146,15962,25108,1547,2940,4487,3405,5531,8936,2516,4580,7096,1650,2884,4534,27,25,52,1,2,3,0,0,0,0,0,0
2021-01-23,9264,16166,25430,1557,2962,4519,3450,5613,9063,2555,4640,7195,1673,2924,4597,28,25,53,1,2,3,0,0,0,0,0,0
2021-01-24,9308,16254,25562,1562,2971,4533,3470,5650,9120,2566,4666,7232,1681,2940,4621,28,25,53,1,2,3,0,0,0,0,0,0
2021-01-25,9589,16713,26302,1607,3048,4655,3554,5798,9352,2646,4809,7455,1751,3030,4781,30,26,56,1,2,3,0,0,0,0,0,0
2021-01-26,9963,17362,27325,1648,3153,4801,3701,5983,9684,2751,5025,7776,1827,3169,4996,35,30,65,1,2,3,0,0,0,0,0,0
2021-01-27,10409,18026,28435,1722,3269,4991,3870,6180,10050,2868,5219,8087,1909,3324,5233,39,32,71,1,2,3,0,0,0,0,0,0
2021-01-28,10870,18835,29705,1797,3414,5211,4023,6453,10476,2997,5445,8442,2012,3488,5500,40,33,73,1,2,3,0,0,0,0,0,0
2021-01-29,11503,19897,31400,1899,3602,5501,4265,6828,11093,3179,5752,8931,2115,3676,5791,44,37,81,1,2,3,0,0,0,0,0,0
2021-01-30,11655,20157,31812,1918,3640,5558,4324,6932,11256,3224,5830,9054,2144,3716,5860,44,37,81,1,2,3,0,0,0,0,0,0
2021-01-31,11773,20382,32155,1941,3673,5614,4366,7025,11391,3256,5890,9146,2164,3755,5919,45,37,82,1,2,3,0,0,0,0,0,0
2021-02-01,12319,21325,33644,2032,3848,5880,4590,7357,11947,3406,6145,9551,2244,3932,6176,46,41,87,1,2,3,0,0,0,0,0,0
2021-02-02,13502,23329,36831,2145,4092,6237,4879,7822,12701,3612,6584,10196,2470,4394,6864,352,404,756,38,31,69,5,2,7,1,0,1
2021-02-03,14769,25640,40409,2283,4419,6702,5203,8439,13642,3865,7130,10995,2716,4868,7584,619,722,1341,74,58,132,8,4,12,1,0,1
2021-02-04,16011,27964,43975,2442,4743,7185,5562,9103,14665,4157,7696,11853,2937,5350,8287,786,972,1758,113,93,206,12,7,19,2,0,2
2021-02-05,17920,31676,49596,2722,5321,8043,6182,10273,16455,4562,8605,13167,3294,6085,9379,977,1248,2225,164,135,299,17,9,26,2,0,2
2021-02-06,18362,32482,50844,2803,5439,8242,6318,10549,16867,4678,8835,13513,3380,6240,9620,999,1274,2273,165,136,301,17,9,26,2,0,2
2021-02-07,18715,33134,51849,2857,5529,8386,6431,10786,17217,4788,9027,13815,3438,6351,9789,1015,1295,2310,167,137,304,17,9,26,2,0,2
2021-02-08,19582,34727,54309,2985,5809,8794,6709,11287,17996,4998,9455,14453,3588,6622,10210,1104,1398,2502,178,147,325,18,9,27,2,0,2
2021-02-09,20573,36654,57227,3126,6151,9277,7012,11855,18867,5225,9918,15143,3769,7025,10794,1224,1543,2767,192,153,345,23,9,32,2,0,2
2021-02-10,21114,37680,58794,3209,6316,9525,7146,12180,19326,5370,10180,15550,3877,7230,11107,1283,1605,2888,201,160,361,26,9,35,2,0,2
2021-02-11,21569,38743,60312,3280,6497,9777,7291,12526,19817,5467,10448,15915,3949,7428,11377,1340,1667,3007,213,168,381,27,9,36,2,0,2
2021-02-12,22077,39695,61772,3353,6652,10005,7458,12859,20317,5582,10725,16307,4039,7566,11605,1387,1708,3095,226,176,402,30,9,39,2,0,2
2021-02-13,22105,39739,61844,3355,6660,10015,7469,12876,20345,5588,10734,16322,4047,7575,11622,1387,1709,3096,227,176,403,30,9,39,2,0,2
2021-02-14,22111,39764,61875,3357,6667,10024,7471,12884,20355,5588,10744,16332,4049,7575,11624,1387,1709,3096,227,176,403,30,9,39,2,0,2
2021-02-15,22111,39764,61875,3357,6667,10024,7471,12884,20355,5588,10744,16332,4049,7575,11624,1387,1709,3096,227,176,403,30,9,39,2,0,2
2021-02-16,22122,39800,61922,3358,6668,10026,7479,12902,20381,5590,10757,16347,4049,7578,11627,1387,1709,3096,227,177,404,30,9,39,2,0,2
2021-02-17,22921,41305,64226,3485,6896,10381,7725,13352,21077,5760,11190,16950,4195,7864,12059,1485,1813,3298,239,181,420,30,9,39,2,0,2
2021-02-18,24770,45191,69961,3702,7437,11139,8249,14400,22649,6139,12216,18355,4559,8646,13205,1752,2202,3954,318,275,593,49,15,64,2,0,2
2021-02-19,26442,49009,75451,3898,7971,11869,8697,15515,24212,6567,13200,19767,4868,9382,14250,1963,2537,4500,383,379,762,61,25,86,5,0,5
2021-02-20,26896,49795,76691,3943,8054,11997,8833,15788,24621,6679,13393,20072,4956,9532,14488,2016,2619,4635,402,384,786,62,25,87,5,0,5
2021-02-21,27225,50299,77524,3978,8119,12097,8926,15975,24901,6759,13524,20283,5035,9618,14653,2049,2649,4698,409,389,798,64,25,89,5,0,5
2021-02-22,30650,56545,87195,4173,8564,12737,9279,16839,26118,7028,14223,21251,5290,10163,15453,2361,2963,5324,805,924,1729,1542,2443,3985,172,426,598
2021-02-23,34631,63946,98577,4424,9092,13516,9725,17936,27661,7455,15225,22680,5653,10963,16616,2839,3575,6414,1164,1424,2588,3020,4869,7889,351,862,1213
2021-02-24,38691,71562,110253,4681,9555,14236,10277,18989,29266,7902,16191,24093,5980,11715,17695,3224,4078,7302,1563,2038,3601,4549,7629,12178,515,1367,1882
2021-02-25,42740,79113,121853,4915,10088,15003,10801,20077,30878,8395,17084,25479,6352,12503,18855,3568,4571,8139,1901,2609,4510,6089,10304,16393,719,1877,2596
2021-02-26,46664,87013,133677,5165,10649,15814,11347,21194,32541,8774,18041,26815,6748,13357,20105,3922,5075,8997,2261,3145,5406,7538,13110,20648,909,2442,3351
2021-02-27,47189,88108,135297,5205,10723,15928,11446,21321,32767,8862,18163,27025,6808,13464,20272,3978,5177,9155,2325,3271,5596,7641,13416,21057,924,2573,3497
2021-02-28,47343,88462,135805,5220,10740,15960,11476,21380,32856,8879,18197,27076,6821,13481,20302,4012,5210,9222,2340,3309,5649,7666,13510,21176,929,2635,3564
2021-03-01,50429,94533,144962,5331,10971,16302,11738,21904,33642,9101,18595,27696,6986,13864,20850,4205,5459,9664,2697,3870,6567,9242,16702,25944,1129,3168,4297
2021-03-02,53467,100400,153867,5457,11269,16726,11969,22408,34377,9275,19021,28296,7142,14210,21352,4391,5771,10162,3067,4440,7507,10826,19606,30432,1340,3675,5015
2021-03-03,56348,106201,162549,5590,11527,17117,12219,23003,35222,9496,19516,29012,7301,14596,21897,4529,6006,10535,3371,4957,8328,12288,22382,34670,1554,4214,5768
2021-03-04,57625,109066,166691,5713,11847,17560,12451,23558,36009,9683,19936,29619,7440,14928,22368,4648,6233,10881,3489,5160,8649,12616,23054,35670,1585,4350,5935
2021-03-05,58739,111662,170401,5807,12093,17900,12699,24135,36834,9879,20483,30362,7605,15329,22934,4767,6450,11217,3563,5304,8867,12802,23438,36240,1617,4430,6047
2021-03-06,59395,113986,173381,5847,12331,18178,12874,24660,37534,10014,20993,31007,7707,15757,23464,4795,6506,11301,3629,5449,9078,12889,23740,36629,1640,4550,6190
2021-03-07,60042,116051,176093,5882,12522,18404,13019,25150,38169,10161,21449,31610,7829,16118,23947,4830,6550,11380,3697,5581,9278,12964,23990,36954,1660,4691,6351
2021-03-08,61495,119373,180868,5973,12776,18749,13202,25593,38795,10296,21838,32134,7966,16466,24432,4961,6821,11782,3876,5889,9765,13489,25000,38489,1732,4990,6722
2021-03-09,65259,126218,191477,6131,13082,19213,13536,26279,39815,10568,22369,32937,8218,16968,25186,5232,7176,12408,4295,6559,10854,15321,28127,43448,1958,5658,7616
2021-03-10,69300,134934,204234,6343,13600,19943,13923,27402,41325,10905,23479,34384,8566,17963,26529,5456,7510,12966,4698,7204,11902,17203,31448,48651,2206,6328,8534
2021-03-11,74487,147256,221743,6753,14514,21267,14667,29436,44103,11470,25664,37134,9091,19588,28679,5823,8047,13870,5142,7942,13084,19125,35097,54222,2416,6968,9384
2021-03-12,78292,157561,235853,7185,15562,22747,15497,31965,47462,12152,28192,40344,9668,21449,31117,6112,8505,14617,5372,8271,13643,19784,36378,56162,2522,7239,9761
2021-03-13,79785,162662,242447,7379,16346,23725,15915,33467,49382,12530,29594,42124,9966,22412,32378,6202,8634,14836,5402,8350,13752,19852,36552,56404,2539,7307,9846
2021-03-14,80829,166617,247446,7476,16859,24335,16220,34571,50791,12822,30818,43640,10208,23348,33556,6282,8767,15049,5427,8390,13817,19855,36557,56412,2539,7307,9846
2021-03-15,83803,175587,259390,7737,17885,25622,16866,36784,53650,13376,32984,46360,10711,25039,35750,6566,9289,15855,5639,8716,14355,20301,37456,57757,2607,7434,10041
2021-03-16,87731,185036,272767,8004,18729,26733,17478,38565,56043,13940,34704,48644,11171,26465,37636,6900,9888,16788,6016,9287,15303,21505,39652,61157,2717,7746,10463
2021-03-17,91910,194281,286191,8298,19408,27706,18099,40269,58368,14519,36323,50842,11619,27690,39309,7292,10594,17886,6440,9962,16402,22782,41957,64739,2861,8078,10939
2021-03-18,96288,204141,300429,8636,20312,28948,18844,42198,61042,15202,38094,53296,12201,29129,41330,7615,11186,18801,6880,10655,17535,23909,44108,68017,3001,8459,11460
2021-03-19,100458,214045,314503,8994,21310,30304,19627,44264,63891,15978,39966,55944,12833,30626,43459,7869,11570,19439,7182,11165,18347,24822,46155,70977,3153,8989,12142
2021-03-20,102644,218984,321628,9064,21531,30595,19834,44739,64573,16169,40430,56599,13030,31097,44127,8327,12646,20973,7567,11788,19355,25402,47455,72857,3251,9298,12549
2021-03-21,104318,222449,326767,9088,21594,30682,19905,44873,64778,16212,40511,56723,13125,31292,44417,8964,14066,23030,7986,12474,20460,25733,48164,73897,3305,9475,12780
2021-03-22,106405,226929,333334,9254,21892,31146,20216,45562,65778,16455,41087,57542,13358,31936,45294,9540,15511,25051,8454,13159,21613,25810,48282,74092,3318,9500,12818
2021-03-23,109430,233881,343311,9374,22164,31538,20478,46139,66617,16672,41621,58293,13564,32396,45960,9948,16381,26329,8909,13902,22811,26966,51000,77966,3519,10278,13797
2021-03-24,111290,238010,349300,9380,22181,31561,20490,46167,66657,16682,41648,58330,13602,32458,46060,10186,16947,27133,9252,14559,23811,28022,53270,81292,3676,10780,14456
2021-03-25,113394,242299,355693,9511,22479,31990,20748,46727,67475,16927,42086,59013,13763,32777,46540,10279,17102,27381,9558,15019,24577,28811,54922,83733,3797,11187,14984
2021-03-26,114502,244927,359429,9548,22574,32122,20857,46925,67782,17003,42258,59261,13850,32916,46766,10400,17486,27886,9740,15413,25153,29225,55849,85074,3879,11506,15385
2021-03-27,115238,246789,362027,9550,22580,32130,20862,46940,67802,17006,42271,59277,13855,32938,46793,10417,17526,27943,9889,15743,25632,29711,56929,86640,3948,11862,15810
2021-03-28,115947,248672,364619,9552,22584,32136,20865,46947,67812,17007,42282,59289,13863,32950,46813,10447,17565,28012,10030,16002,26032,30144,58072,88216,4039,12270,16309
2021-03-29,118248,254507,372755,9752,23110,32862,21286,48042,69328,17354,43181,60535,14143,33689,47832,10598,17850,28448,10268,16398,26666,30697,59477,90174,4150,12760,16910
2021-03-30,121402,261733,383135,9874,23405,33279,21531,48698,70229,17583,43716,61299,15197,36064,51261,11365,19093,30458,10637,17092,27729,31002,60519,91521,4213,13146,17359
2021-03-31,125564,270245,395809,10104,23934,34038,22025,49940,71965,18016,44796,62812,15434,36561,51995,11526,19312,30838,12681,20264,32945,31464,61815,93279,4314,13623,17937
2021-04-01,130092,277825,407917,10128,23963,34091,22051,50024,72075,18557,45830,64387,15821,37315,53136,11594,19513,31107,15747,24614,40361,31814,62677,94491,4380,13889,18269
2021-04-02,134506,285039,419545,10129,23966,34095,22053,50032,72085,19468,47563,67031,15828,37329,53157,11609,19539,31148,18914,29261,48175,32087,63289,95376,4418,14060,18478
2021-04-03,138256,291121,429377,10130,23974,34104,22057,50036,72093,19476,47570,67046,15836,37336,53172,11618,19550,31168,22492,34900,57392,32195,63581,95776,4452,14174,18626
2021-04-04,139362,292869,432231,10130,23974,34104,22058,50037,72095,19478,47577,67055,15840,37340,53180,11636,19567,31203,23563,36591,60154,32200,63598,95798,4457,14185,18642
2021-04-05,145435,302664,448099,10218,24104,34322,22133,50235,72368,19555,47786,67341,15919,37535,53454,11769,19759,31528,29023,45103,74126,32329,63862,96191,4489,14280,18769
2021-04-06,152273,313679,465952,10321,24252,34573,22258,50464,72722,19625,47936,67561,15981,37657,53638,11881,19941,31822,35128,54647,89775,32546,64349,96895,4533,14433,18966
2021-04-07,159834,325594,485428,10412,24372,34784,22382,50730,73112,19699,48109,67808,16060,37799,53859,12534,20752,33286,41260,64145,105405,32891,65077,97968,4596,14610,19206
2021-04-08,168320,337684,506004,10575,24537,35112,22592,50998,73590,19802,48266,68068,16145,37967,54112,14060,22982,37042,47482,72949,120431,33044,65297,98341,4620,14688,19308
2021-04-09,175671,348965,524636,10703,24786,35489,22816,51386,74202,19925,48524,68449,16235,38152,54387,15402,24838,40240,52748,80821,133569,33191,65631,98822,4651,14827,19478
2021-04-10,178775,353726,532501,10751,24894,35645,22880,51537,74417,20002,48645,68647,16289,38274,54563,16058,25845,41903,54892,83990,138882,33245,65685,98930,4658,14856,19514
2021-04-11,181686,358347,540033,10799,25002,35801,22977,51719,74696,20055,48808,68863,16354,38440,54794,16657,26755,43412,56908,86989,143897,33274,65747,99021,4662,14887,19549
2021-04-12,189801,370870,560671,10930,25245,36175,23158,52071,75229,20171,49035,69206,16463,38635,55098,18269,29061,47330,62761,95910,158671,33363,65946,99309,4686,14967,19653
2021-04-13,197474,382653,580127,11135,25432,36567,23389,52409,75798,20389,49270,69659,16655,39007,55662,20236,32479,52715,67478,102785,170263,33486,66208,99694,4706,15063,19769
2021-04-14,204072,392459,596531,11368,25508,36876,23571,52575,76146,20545,49455,70000,16720,39075,55795,21050,33505,54555,71316,108718,180034,34655,68161,102816,4847,15462,20309
2021-04-15,207354,398168,605522,11504,25554,37058,23672,52614,76286,20624,49478,70102,16762,39121,55883,22344,36322,58666,72844,111206,184050,34738,68356,103094,4866,15517,20383
2021-04-16,211156,403910,615066,11604,25587,37191,23720,52641,76361,20666,49502,70168,16778,39138,55916,22974,37161,60135,75428,115057,190485,35058,69114,104172,4928,15710,20638
2021-04-17,211473,404398,615871,11620,25601,37221,23745,52658,76403,20703,49535,70238,16815,39169,55984,23017,37201,60218,75567,115329,190896,35076,69171,104247,4930,15734,20664
2021-04-18,211620,404559,616179,11636,25607,37243,23767,52674,76441,20732,49568,70300,16858,39198,56056,23026,37218,60244,75582,115346,190928,35085,69200,104285,4934,15748,20682
2021-04-19,215665,410919,626584,11795,25637,37432,23832,52686,76518,20781,49585,70366,16874,39210,56084,23517,37896,61413,78386,119740,198126,35481,70179,105660,4999,15986,20985
2021-04-20,221832,421507,643339,11958,25700,37658,23913,52755,76668,20848,49669,70517,17326,40271,57597,26535,42828,69363,79990,122186,202176,36065,71517,107582,5197,16581,21778
2021-04-21,230243,433599,663842,12042,25746,37788,23962,52800,76762,20895,49714,70609,17411,40486,57897,34291,53762,88053,80320,122810,203130,36112,71644,107756,5210,16637,21847
2021-04-22,240312,447521,687833,12089,25792,37881,24001,52846,76847,20927,49766,70693,17453,40550,58003,43752,66732,110484,80690,123398,204088,36181,71768,107949,5219,16669,21888
2021-04-23,250515,460729,711244,12116,25839,37955,24048,52901,76949,20978,49841,70819,17523,40626,58149,53484,79087,132571,80908,123788,204696,36231,71910,108141,5227,16737,21964
2021-04-24,253429,464246,717675,12121,25848,37969,24053,52909,76962,20993,49857,70850,17541,40648,58189,56101,82278,138379,81123,123976,205099,36260,71973,108233,5237,16757,21994
2021-04-25,253510,464370,717880,12123,25850,37973,24057,52912,76969,20998,49869,70867,17550,40655,58205,56158,82357,138515,81125,123985,205110,36260,71981,108241,5239,16761,22000
2021-04-26,255015,466751,721766,12137,25855,37992,24069,52926,76995,21007,49879,70886,17555,40671,58226,57474,84369,141843,81253,124207,205460,36275,72057,108332,5245,16787,22032
2021-04-27,256398,469604,726002,12213,25926,38139,24118,53018,77136,21050,49946,70996,17588,40729,58317,58375,86037,144412,81483,124926,206409,36320,72198,108518,5251,16824,22075
2021-04-28,263463,485640,749103,12936,27759,40695,25667,57329,82996,22338,53796,76134,18604,43685,62289,60621,88671,149292,81686,125247,206933,36354,72294,108648,5257,16859,22116
2021-04-29,270003,498800,768803,13390,29082,42472,26744,60527,87271,23372,56791,80163,19467,46046,65513,63358,91347,154705,81983,125622,207605,36412,72460,108872,5277,16925,22202
2021-04-30,271333,500785,772118,13461,29207,42668,26841,60704,87545,23421,56885,80306,19499,46119,65618,64191,92459,156650,82184,125903,208087,36448,72541,108989,5288,16967,22255
2021-05-01,271866,501852,773718,13472,29237,42709,26898,60805,87703,23443,56942,80385,19522,46159,65681,64502,93052,157554,82275,126061,208336,36464,72600,109064,5290,16996,22286
2021-05-02,276164,511694,787858,13780,30178,43958,27710,62977,90687,24255,59017,83272,20162,47784,67946,64995,94101,159096,83465,127901,211366,36501,72699,109200,5296,17037,22333
2021-05-03,284368,523233,807601,13836,30283,44119,27813,63142,90955,24307,59106,83413,20985,48945,69930,69889,100597,170486,85643,131181,216824,36583,72882,109465,5312,17097,22409
2021-05-04,295931,537524,833455,13928,30406,44334,27908,63319,91227,24352,59205,83557,22964,51415,74379,78918,111585,190503,85910,131496,217406,36626,72960,109586,5325,17138,22463
2021-05-05,306573,552846,859419,14050,30594,44644,28119,63509,91628,24582,59342,83924,23538,52085,75623,82031,116213,198244,91998,140231,232229,36893,73584,110477,5362,17288,22650
2021-05-06,310191,558205,868396,14160,30694,44854,28274,63625,91899,24781,59398,84179,23961,52511,76472,83687,118944,202631,92985,142013,234998,36961,73697,110658,5382,17323,22705
2021-05-07,318152,571297,889449,14296,30982,45278,28501,64142,92643,24977,59781,84758,24219,53018,77237,85071,121758,206829,98607,150278,248885,37075,73927,111002,5406,17411,22817
2021-05-08,320543,586594,907137,14478,32593,47071,28971,67644,96615,25482,64384,89866,24784,56655,81439,85648,123548,209196,98675,150370,249045,37089,73967,111056,5416,17433,22849
2021-05-09,320681,586817,907498,14478,32593,47071,28971,67644,96615,25483,64384,89867,24806,56667,81473,85719,123626,209345,98689,150391,249080,37111,74032,111143,5424,17480,22904
2021-05-10,321508,589331,910839,14504,32635,47139,29002,67697,96699,25510,64428,89938,24954,56918,81872,86036,125045,211081,98887,150853,249740,37175,74202,111377,5440,17553,22993
2021-05-11,324799,593259,918058,14525,32671,47196,29033,67757,96790,25542,64483,90025,25583,57661,83244,88432,127732,216164,99018,151039,250057,37212,74305,111517,5454,17611,23065
2021-05-12,328366,597674,926040,14560,32704,47264,29079,67819,96898,25584,64544,90128,26266,58457,84723,90921,130528,221449,99188,151413,250601,37298,74509,111807,5470,17700,23170
2021-05-13,331256,603060,934316,14615,32810,47425,29173,68051,97224,25662,64703,90365,26445,58768,85213,91807,132237,224044,100682,153930,254612,37384,74759,112143,5488,17802,23290
2021-05-14,332592,606115,938707,14670,32906,47576,29265,68240,97505,25736,64840,90576,26614,59004,85618,92395,133708,226103,100968,154586,255554,37438,74940,112378,5506,17891,23397
2021-05-15,339006,611284,950290,14690,32947,47637,29303,68307,97610,25766,64889,90655,27811,60209,88020,97389,137166,234555,101064,154760,255824,37468,75061,112529,5515,17945,23460
2021-05-16,339879,613590,953469,14748,33139,47887,29511,69008,98519,26019,65599,91618,27988,60610,88598,97518,137320,234838,101089,154802,255891,37481,75135,112616,5525,17977,23502
2021-05-17,344151,617922,962073,14799,33228,48027,29683,69427,99110,26124,65889,92013,28826,61390,90216,100338,139520,239858,101318,155184,256502,37522,75247,112769,5541,18037,23578
2021-05-18,348712,621832,970544,14828,33281,48109,29745,69503,99248,26186,65969,92155,29688,62236,91924,103747,142035,245782,101418,155382,256800,37550,75343,112893,5550,18083,23633
2021-05-19,352163,625169,977332,14869,33382,48251,29855,69718,99573,26231,66086,92317,30320,62874,93194,106191,143850,250041,101552,155700,257252,37585,75435,113020,5560,18124,23684
2021-05-20,362736,637123,999859,14940,33526,48466,30005,69957,99962,26319,66266,92585,33245,66189,99434,112782,150353,263135,102129,156725,258854,37731,75875,113606,5585,18232,23817
2021-05-21,364883,641510,1006393,15045,33785,48830,30192,70504,100696,26426,66663,93089,33342,66536,99878,113231,151186,264417,103248,158517,261765,37806,76033,113839,5593,18286,23879
2021-05-22,366407,643636,1010043,15097,33860,48957,30234,70566,100800,26449,66726,93175,33550,66797,100347,114199,152419,266618,103443,158859,262302,37837,76103,113940,5598,18306,23904
2021-05-23,368780,645997,1014777,15121,33906,49027,30260,70633,100893,26474,66767,93241,34557,67886,102443,115384,153302,268686,103523,159012,262535,37856,76168,114024,5605,18323,23928
2021-05-24,369471,647566,1017037,15158,33988,49146,30326,70766,101092,26511,66868,93379,34781,68125,102906,115655,154179,269834,103574,159116,262690,37861,76193,114054,5605,18331,23936
2021-05-25,374074,656046,1030120,15168,34010,49178,30332,70782,101114,26513,66884,93397,34959,68297,103256,115933,154921,270854,104053,159952,264005,41105,81894,122999,6011,19306,25317
2021-05-26,376343,659443,1035786,15202,34059,49261,30374,70863,101237,26548,66955,93503,36031,69260,105291,116132,155255,271387,104220,160265,264485,41722,83204,124926,6114,19582,25696
2021-05-27,385657,674399,1060056,15263,34176,49439,30470,71026,101496,26641,67117,93758,38712,71711,110423,116411,155463,271874,104907,161454,266361,46545,92270,138815,6708,21182,27890
2021-05-28,396167,689226,1085393,15370,34332,49702,30644,71270,101914,26933,67388,94321,44505,78488,122993,116641,155702,272343,105426,162270,267696,49564,97599,147163,7084,22177,29261
2021-05-29,405129,697550,1102679,15374,34340,49714,30654,71282,101936,27563,67861,95424,52263,85410,137673,116830,155931,272761,105501,162398,267899,49826,98077,147903,7118,22251,29369
2021-05-30,413442,705100,1118542,15380,34348,49728,30660,71289,101949,29339,69402,98741,58644,91245,149889,116914,156009,272923,105524,162426,267950,49857,98120,147977,7124,22261,29385
2021-05-31,424982,720440,1145422,15475,34526,50001,30824,71572,102396,35689,75457,111146,62044,96764,158808,117527,156879,274406,105711,162791,268502,50488,99810,150298,7224,22641,29865
2021-06-01,436088,733023,1169111,15666,34781,50447,31422,71986,103408,42747,82831,125578,64229,99280,163509,117643,157051,274694,105872,163068,268940,51220,101104,152324,7289,22922,30211
2021-06-02,445130,745847,1190977,16281,35430,51711,33125,74585,107710,46757,88118,134875,66254,101875,168129,117805,157269,275074,105998,163282,269280,51552,102047,153599,7358,23241,30599
2021-06-03,457778,765301,1223079,19300,40463,59763,38355,82548,120903,50019,92519,142538,66830,102718,169548,117952,157470,275422,106088,163471,269559,51826,102678,154504,7408,23434,30842
2021-06-04,471004,781564,1252568,22264,44048,66312,43124,87291,130415,52971,96733,149704,67845,104110,171955,119005,158634,277639,106391,164001,270392,51960,103167,155127,7444,23580,31024
2021-06-05,481892,791793,1273685,24929,46421,71350,47902,91216,139118,54807,98456,153263,68520,104801,173321,119653,159367,279020,106538,164284,270822,52067,103529,155596,7476,23719,31195
2021-06-06,490293,801581,1291874,27970,50449,78419,51696,95310,147006,55728,99187,154915,68943,105176,174119,119729,159447,279176,106595,164414,271009,52134,103736,155870,7498,23862,31360
2021-06-07,503916,815724,1319640,31052,53803,84855,54998,98058,153056,59018,102324,161342,72274,109065,181339,120108,159846,279954,106716,164633,271349,52219,103995,156214,7531,24000,31531
2021-06-08,516553,832745,1349298,32059,55288,87347,56355,100098,156453,60493,104376,164869,80353,119002,199355,120255,160043,280298,106908,164960,271868,52542,104712,157254,7588,24266,31854
2021-06-09,529140,845879,1375019,32395,55625,88020,57005,100769,157774,61198,104934,166132,91055,130101,221156,120349,160172,280521,106962,165047,272009,52574,104856,157430,7602,24375,31977
2021-06-10,543407,860817,1404224,33158,56485,89643,58058,101978,160036,63114,106937,170051,101154,140190,241344,120640,160545,281185,107048,165202,272250,52614,105017,157631,7621,24463,32084
2021-06-11,553158,876620,1429778,33357,56721,90078,58527,102284,160811,63861,107597,171458,102536,141685,244221,120776,160785,281561,107976,166654,274630,57965,114844,172809,8160,26050,34210
2021-06-12,559487,884468,1443955,33795,57314,91109,59137,103080,162217,65213,109151,174364,105623,144710,250333,120824,160867,281691,108120,166947,275067,58535,116026,174561,8240,26373,34613
2021-06-13,563596,888866,1452462,33997,57569,91566,59419,103410,162829,66121,110114,176235,108259,147433,255692,120861,160907,281768,108132,166966,275098,58561,116085,174646,8246,26382,34628
2021-06-14,569684,895536,1465220,34744,58424,93168,60449,104475,164924,67468,111461,178929,110917,150251,261168,120909,160972,281881,108171,167061,275232,58756,116422,175178,8270,26470,34740
2021-06-15,583630,909192,1492822,34863,58603,93466,60652,104761,165413,67897,111915,179812,123455,161859,285314,121124,161195,282319,108314,167369,275683,59016,116902,175918,8309,26588,34897
2021-06-16,591227,919434,1510661,35283,59233,94516,61485,105816,167301,69688,114025,183713,125506,164101,289607,121284,161410,282694,110206,170125,280331,59393,117822,177215,8382,26902,35284
2021-06-17,602782,933702,1536484,35478,59518,94996,61922,106255,168177,72671,117251,189922,129693,168400,298093,121812,162092,283904,112959,174178,287137,59786,118775,178561,8461,27233,35694
2021-06-18,617216,948905,1566121,36139,60344,96483,62987,107372,170359,81090,125277,206367,132904,171690,304594,122214,162636,284850,113448,174972,288420,59944,119211,179155,8490,27403,35893
2021-06-19,627836,960470,1588306,36351,60645,96996,63133,107620,170753,89387,133717,223104,134368,173121,307489,122465,162919,285384,113551,175187,288738,60059,119630,179689,8522,27631,36153
2021-06-20,627841,960475,1588316,36351,60647,96998,63135,107620,170755,89388,133719,223107,134369,173121,307490,122465,162920,285385,113552,175187,288739,60059,119630,179689,8522,27631,36153
2021-06-21,633862,966590,1600452,36374,60669,97043,63175,107677,170852,94445,138726,233171,135021,173744,308765,122620,163108,285728,113620,175279,288899,60079,119719,179798,8528,27668,36196
2021-06-22,638955,971784,1610739,36527,60926,97453,63389,107960,171349,96793,140944,237737,136748,175249,311997,123064,163593,286657,113767,175490,289257,60121,119874,179995,8546,27748,36294
2021-06-23,648551,981400,1629951,36666,61166,97832,63577,108322,171899,104682,148501,253183,137853,176175,314028,123205,163816,287021,113834,175608,289442,60174,120005,180179,8560,27807,36367
2021-06-24,663965,1000865,1664830,36872,61574,98446,64220,112497,176717,117773,161522,279295,138932,177360,316292,123437,164131,287568,113960,175823,289783,60206,120112,180318,8565,27846,36411
2021-06-25,676860,1019623,1696483,37274,62759,100033,64940,115539,180479,122607,166459,289066,139899,178472,318371,128010,170330,298340,115131,177464,292595,60398,120615,181013,8601,27985,36586
2021-06-26,686167,1031610,1717777,37312,62801,100113,64978,115590,180568,123451,167298,290749,140464,179171,319635,134854,179037,313891,115921,178672,294593,60558,120955,181513,8629,28086,36715
2021-06-27,694316,1040608,1734924,37376,62909,100285,65056,115730,180786,126977,170892,297869,143246,181984,325230,135901,180267,316168,116469,179497,295966,60645,121195,181840,8646,28134,36780
2021-06-28,711612,1060326,1771938,38074,64578,102652,65665,118149,183814,140813,183793,324606,144504,183262,327766,136600,181279,317879,116614,179754,296368,60685,121304,181989,8657,28207,36864
2021-06-29,729869,1078995,1808864,38274,64932,103206,66123,118972,185095,156578,198712,355290,145259,184050,329309,137313,182325,319638,116857,180176,297033,60794,121538,182332,8671,28290,36961
2021-06-30,749442,1098290,1847732,38432,65133,103565,71278,123877,195155,168848,210375,379223,145934,184704,330638,138477,183849,322326,116962,180366,297328,60830,121631,182461,8681,28355,37036
2021-07-01,762187,1111675,1873862,38541,65353,103894,76084,128634,204718,174396,215608,390004,146892,185760,332652,139282,184948,324230,117316,180939,298255,60969,121958,182927,8707,28475,37182
2021-07-02,772046,1129954,1902000,39128,66542,105670,78434,132400,210834,175918,217349,393267,147245,186278,333523,140108,186330,326438,117963,182142,300105,64068,128826,192894,9182,30087,39269
2021-07-03,782974,1142264,1925238,39151,66583,105734,84483,137724,222207,178474,220077,398551,147745,186852,334597,140515,186869,327384,118300,182771,301071,64996,130801,195797,9310,30587,39897
2021-07-04,793409,1152595,1946004,39666,67427,107093,93680,146175,239855,178880,220546,399426,147878,186975,334853,140603,186997,327600,118357,182851,301208,65024,130955,195979,9321,30669,39990
2021-07-05,798465,1158086,1956551,39931,67832,107763,97209,149182,246391,179127,220832,399959,148016,187105,335121,140922,187459,328381,118594,183257,301851,65302,131559,196861,9364,30860,40224
2021-07-06,811473,1170242,1981715,40355,68498,108853,108827,159027,267854,179398,221159,400557,148205,187348,335553,141103,187670,328773,118697,183475,302172,65488,132048,197536,9400,31017,40417
2021-07-07,817099,1176505,1993604,40514,68650,109164,112762,162600,275362,180058,222073,402131,148458,187743,336201,141244,187888,329132,118848,183784,302632,65769,132595,198364,9446,31172,40618
2021-07-08,835922,1192806,2028728,40881,69183,110064,127805,174909,302714,182347,224141,406488,149169,188477,337646,141526,188248,329774,118918,183910,302828,65815,132727,198542,9461,31211,40672
2021-07-09,848775,1205841,2054616,41557,69909,111466,136494,183147,319641,184563,226341,410904,150009,189314,339323,141793,188665,330458,119057,184430,303487,65837,132804,198641,9465,31231,40696
2021-07-10,859557,1217302,2076859,43017,71671,114688,144453,190974,335427,184942,226771,411713,150187,189546,339733,142257,189211,331468,119311,184853,304164,65914,132996,198910,9476,31280,40756
2021-07-11,861706,1220958,2082664,43275,72034,115309,145519,192263,337782,185102,227151,412253,150259,189747,340006,142281,189250,331531,119422,185059,304481,66320,133957,200277,9528,31497,41025
2021-07-12,879667,1236944,2116611,46323,74980,121303,159496,204012,363508,185543,227681,413224,150489,190019,340508,142388,189419,331807,119482,185186,304668,66401,134103,200504,9545,31544,41089
2021-07-13,889978,1245712,2135690,48106,76614,124720,166847,210001,376848,186292,228312,414604,150761,190291,341052,142484,189521,332005,119522,185251,304773,66415,134148,200563,9551,31574,41125
2021-07-14,893446,1249018,2142464,48740,77331,126071,169124,211905,381029,186597,228678,415275,150921,190456,341377,142539,189584,332123,119538,185298,304836,66430,134174,200604,9557,31592,41149
2021-07-15,907417,1268615,2176032,49161,78034,127195,170402,214261,384663,193463,235730,429193,152122,192807,344929,143251,190725,333976,122106,189069,311175,67233,135940,203173,9679,32049,41728
2021-07-16,921225,1288306,2209531,49499,78453,127952,171412,217233,388645,200724,243776,444500,152616,193484,346100,143402,190922,334324,126185,195108,321293,67637,137000,204637,9750,32330,42080
2021-07-17,933393,1301721,2235114,50900,80196,131096,176535,222615,399150,204977,248240,453217,153391,194332,347723,143646,191185,334831,126478,195610,322088,67701,137169,204870,9765,32374,42139
2021-07-18,944573,1313669,2258242,53892,83981,137873,179422,225244,404666,208589,251854,460443,154827,195783,350610,143813,191418,335231,126542,195748,322290,67720,137246,204966,9768,32395,42163
2021-07-19,961175,1331569,2292744,56575,87273,143848,180877,227795,408672,219425,261852,481277,155924,196878,352802,144013,191641,335654,126674,195956,322630,67872,137663,205535,9815,32511,42326
2021-07-20,979611,1351195,2330806,64000,95743,159743,183389,230676,414065,226761,268579,495340,156641,197645,354286,144204,191877,336081,126829,196251,323080,67954,137854,205808,9833,32570,42403
2021-07-21,998214,1370028,2368242,77956,109789,187745,186710,233981,420691,227448,269296,496744,156972,197964,354936,144356,192027,336383,126954,196475,323429,67978,137902,205880,9840,32594,42434
2021-07-22,1017231,1387456,2404687,90957,121420,212377,190790,237575,428365,228617,270456,499073,157471,198572,356043,144518,192256,336774,127022,196568,323590,68007,137979,205986,9849,32630,42479
2021-07-23,1032734,1405006,2437740,96913,128549,225462,193592,240462,434054,234268,276493,510761,158257,199517,357774,144715,192555,337270,127100,196700,323800,68037,138065,206102,9852,32665,42517
2021-07-24,1046983,1419614,2466597,97648,129524,227172,194081,240917,434998,239933,281953,521886,165186,206593,371779,144971,192870,337841,127192,196820,324012,68114,138222,206336,9858,32715,42573
2021-07-25,1058579,1433459,2492038,104552,138619,243171,197006,243684,440690,240833,282986,523819,165807,207215,373022,145164,193075,338239,127226,196877,324103,68129,138262,206391,9862,32741,42603
2021-07-26,1076128,1455291,2531419,110096,145615,255711,201437,249374,450811,245410,288386,533796,168225,209946,378171,145529,193581,339110,127370,197186,324556,68191,138409,206600,9870,32794,42664
2021-07-27,1091358,1474075,2565433,117172,153892,271064,204414,253209,457623,248211,291986,540197,169464,211421,380885,146330,194470,340800,127603,197584,325187,68275,138652,206927,9889,32861,42750
2021-07-28,1109124,1494528,2603652,132439,171049,303488,205690,254694,460384,248933,293010,541943,169778,211886,381664,146458,194641,341099,127637,197667,325304,68291,138699,206990,9898,32882,42780
2021-07-29,1128110,1512741,2640851,147619,185293,332912,207691,256571,464262,250000,294237,544237,170263,212411,382674,146624,194817,341441,127701,197743,325444,68307,138750,207057,9905,32919,42824
2021-07-30,1144693,1529101,2673794,153409,190626,344035,213754,262449,476203,253361,297697,551058,171306,213577,384883,146854,195099,341953,127759,197886,325645,68341,138807,207148,9909,32960,42869
2021-07-31,1159172,1540311,2699483,155032,192343,347375,221436,269076,490512,257637,299714,557351,171934,214068,386002,147049,195288,342337,127808,197964,325772,68361,138868,207229,9915,32990,42905
2021-08-01,1165519,1548072,2713591,156455,194234,350689,224254,272570,496824,259013,301142,560155,172414,214614,387028,147233,195522,342755,127855,198059,325914,68377,138917,207294,9918,33014,42932
2021-08-02,1184130,1566136,2750266,159413,197573,356986,235393,282432,517825,262593,304845,567438,173097,215365,388462,147405,195752,343157,127912,198163,326075,68393,138972,207365,9924,33034,42958
2021-08-03,1200547,1581476,2782023,167452,204893,372345,238359,285119,523478,265170,307033,572203,175568,218067,393635,147692,196026,343718,127967,198252,326219,68408,139028,207436,9931,33058,42989
2021-08-04,1213488,1596703,2810191,169430,207442,376872,241093,287978,529071,266781,309039,575820,181909,225485,407394,147878,196262,344140,128035,198346,326381,68428,139075,207503,9934,33076,43010
2021-08-05,1222642,1605638,2828280,173135,210920,384055,244693,291369,536062,268046,310322,578368,182331,225981,408312,148002,196416,344418,128062,198431,326493,68438,139105,207543,9935,33094,43029
2021-08-06,1227086,1611003,2838089,173802,211704,385506,245558,292150,537708,268413,310671,579084,182537,226225,408762,149113,197889,347002,129259,200092,329351,68465,139162,207627,9939,33110,43049
2021-08-07,1237326,1625423,2862749,174894,212601,387495,245617,292214,537831,268456,310733,579189,182594,226282,408876,150415,199765,350180,136842,211333,348175,68554,139339,207893,9954,33156,43110
2021-08-08,1246409,1638373,2884782,174899,212617,387516,245627,292231,537858,268466,310748,579214,182622,226342,408964,155703,207010,362713,140457,216680,357137,68663,139551,208214,9972,33194,43166
2021-08-09,1260683,1658040,2918723,175035,212775,387810,245839,292446,538285,268638,310983,579621,183666,227870,411536,166311,221596,387907,142454,219362,361816,68756,139769,208525,9984,33239,43223
2021-08-10,1275044,1677043,2952087,175386,213193,388579,246335,292970,539305,269818,311816,581634,185014,229673,414687,173591,231410,405001,146020,224675,370695,68876,140012,208888,10004,33294,43298
2021-08-11,1290044,1693677,2983721,176705,214308,391013,246622,293417,540039,270121,312242,582363,187434,232301,419735,182432,240497,422929,147707,227321,375028,69003,140242,209245,10020,33349,43369
2021-08-12,1299697,1706492,3006189,177086,214739,391825,246876,293590,540466,270350,312517,582867,189242,234572,423814,186162,244809,430971,150814,232312,383126,69122,140536,209658,10045,33417,43462
2021-08-13,1312784,1724685,3037469,177203,214868,392071,247063,293772,540835,270497,312710,583207,189617,235022,424639,191764,251787,443551,157127,241668,398795,69420,141260,210680,10093,33598,43691
2021-08-14,1321199,1737387,3058586,177290,215000,392290,247212,293988,541200,270657,313020,583677,191213,237198,428411,197305,259959,457264,157908,243060,400968,69503,141503,211006,10111,33659,43770
2021-08-15,1332834,1749994,3082828,177755,215556,393311,248006,294953,542959,272069,314438,586507,197946,244223,442169,199005,261586,460591,158344,243816,402160,69580,141695,211275,10129,33727,43856
2021-08-16,1342196,1761872,3104068,179171,217138,396309,249143,296202,545345,274567,317365,591932,199849,246571,446420,200102,262996,463098,159497,245735,405232,69710,142044,211754,10157,33821,43978
2021-08-17,1358340,1775871,3134211,186720,223773,410493,255386,301652,557038,275941,318574,594515,200638,246987,447625,200240,263174,463414,159529,245800,405329,69724,142084,211808,10162,33827,43989
2021-08-18,1369801,1788203,3158004,191571,228367,419938,256800,303401,560201,277139,319948,597087,202393,248860,451253,201939,264884,466823,159998,246627,406625,69790,142246,212036,10171,33870,44041
2021-08-19,1375800,1794423,3170223,193987,230661,424648,257611,304195,561806,277611,320530,598141,203839,250254,454093,202524,265537,468061,160227,247033,407260,69825,142322,212147,10176,33891,44067
2021-08-20,1389040,1806760,3195800,196484,233223,429707,259130,305341,564471,278819,321527,600346,211563,257428,468991,202726,265781,468507,160295,247183,407478,69844,142374,212218,10179,33903,44082
2021-08-21,1398406,1818905,3217311,198071,235339,433410,261390,308680,570070,281013,324465,605478,214401,260518,474919,203102,266200,469302,160381,247337,407718,69864,142441,212305,10184,33925,44109
2021-08-22,1408304,1830110,3238414,199605,237280,436885,266634,314164,580798,282744,326573,609317,215360,261634,476994,203449,266617,470066,160448,247445,407893,69878,142470,212348,10186,33927,44113
2021-08-23,1425624,1845795,3271419,206955,244211,451166,274348,320455,594803,284059,327912,611971,216035,262351,478386,203655,266868,470523,160494,247545,408039,69891,142508,212399,10187,33945,44132
2021-08-24,1438082,1858997,3297079,215943,253455,469398,276262,322258,598520,284859,328860,613719,216576,263113,479689,203823,267141,470964,160530,247653,408183,69898,142554,212452,10191,33963,44154
2021-08-25,1453810,1874802,3328612,218303,255859,474162,277433,323794,601227,291623,335261,626884,221465,267852,489317,204230,267606,471836,160633,247804,408437,69927,142634,212561,10196,33992,44188
2021-08-26,1468950,1892463,3361413,220208,258343,478551,278358,325100,603458,292201,336093,628294,225204,271530,496734,210938,274481,485419,161745,249755,411500,70067,143058,213125,10229,34103,44332
2021-08-27,1487417,1910512,3397929,231140,269154,500294,281752,327853,609605,293208,337121,630329,227637,274045,501682,211490,275136,486626,161861,249946,411807,70095,143128,213223,10234,34129,44363
2021-08-28,1498498,1923836,3422334,239331,279636,518967,283402,329297,612699,293985,337840,631825,227971,274487,502458,211573,275249,486822,161897,250035,411932,70103,143157,213260,10236,34135,44371
2021-08-29,1509975,1936665,3446640,240304,280902,521206,283954,330006,613960,296008,339949,635957,235408,282518,517926,211894,275661,487555,162016,250266,412282,70150,143215,213365,10241,34148,44389
2021-08-30,1525993,1953449,3479442,244340,284582,528922,286322,332316,618638,299185,342927,642112,239318,286475,525793,213545,277779,491324,162763,251570,414333,70266,143561,213827,10254,34239,44493
2021-08-31,1541629,1970800,3512429,255485,297292,552777,288337,334154,622491,300767,344569,645336,239951,287190,527141,213718,278036,491754,162829,251684,414513,70283,143616,213899,10259,34259,44518
2021-09-01,1557671,1987931,3545602,269940,311673,581613,288939,334811,623750,301147,345083,646230,240218,287663,527881,213952,278773,492725,162918,251972,414890,70297,143686,213983,10260,34270,44530
2021-09-02,1573636,2006996,3580632,279657,321401,601058,290479,337180,627659,303803,348938,652741,241733,289984,531717,214313,279272,493585,163071,252187,415258,70317,143755,214072,10263,34279,44542
2021-09-03,1588315,2024194,3612509,285743,327531,613274,292112,338921,631033,308129,354687,662816,243349,292133,535482,215136,280321,495457,163233,252470,415703,70347,143828,214175,10266,34303,44569
2021-09-04,1600470,2036250,3636720,289039,330839,619878,295552,342102,637654,312861,359452,672313,243877,292665,536542,215250,280485,495735,163271,252540,415811,70353,143860,214213,10267,34307,44574
2021-09-05,1612726,2048378,3661104,290299,332177,622476,297971,344407,642378,320509,366972,687481,244639,293396,538035,215373,280658,496031,163309,252578,415887,70358,143877,214235,10268,34313,44581
2021-09-06,1629005,2064375,3693380,291888,333671,625559,298634,345157,643791,331383,377744,709127,247253,295653,542906,215790,281163,496953,163403,252722,416125,70378,143939,214317,10276,34326,44602
2021-09-07,1647173,2084557,3731730,292850,335042,627892,300309,347678,647987,339512,385367,724879,250914,299475,550389,218748,284609,503357,164064,253749,417813,70474,144244,214718,10302,34393,44695
2021-09-08,1657663,2095089,3752752,295352,337231,632583,302983,350187,653170,342535,388506,731041,252375,301067,553442,219370,285274,504644,164231,254027,418258,70510,144366,214876,10307,34431,44738
2021-09-09,1672827,2110088,3782915,297811,339837,637648,312184,358602,670786,344709,390882,735591,253427,302235,555662,219584,285536,505120,164279,254120,418399,70523,144433,214956,10310,34443,44753
2021-09-10,1677864,2115514,3793378,300082,342009,642091,312965,359560,672525,345094,391307,736401,254620,303543,558163,219914,285938,505852,164338,254241,418579,70539,144469,215008,10312,34447,44759
2021-09-11,1681253,2118775,3800028,300763,342692,643455,314624,360956,675580,345352,391604,736956,255308,304299,559607,219988,286017,506005,164365,254273,418638,70541,144484,215025,10312,34450,44762
2021-09-12,1682114,2119751,3801865,300980,342972,643952,314968,361289,676257,345538,391820,737358,255399,304411,559810,220006,286037,506043,164370,254285,418655,70541,144486,215027,10312,34451,44763
2021-09-13,1689508,2127018,3816526,305343,347489,652832,317606,363598,681204,345744,392043,737787,255514,304533,560047,220045,286074,506119,164388,254308,418696,70550,144511,215061,10318,34462,44780
2021-09-14,1695974,2134595,3830569,305831,348084,653915,318019,364065,682084,346133,392491,738624,259758,309050,568808,220795,287319,508114,164542,254526,419068,70575,144576,215151,10321,34484,44805
2021-09-15,1713550,2154522,3868072,306968,349663,656631,319659,366374,686033,349526,396353,745879,268458,317892,586350,223180,290067,513247,164774,254936,419710,70646,144714,215360,10339,34523,44862
2021-09-16,1730193,2173492,3903685,309355,353064,662419,329253,376492,705745,351929,398939,750868,269818,319563,589381,223904,290897,514801,164905,255184,420089,70682,144807,215489,10347,34546,44893
2021-09-17,1744201,2187709,3931910,317785,361644,679429,332396,379411,711807,353233,400272,753505,270615,320434,591049,224134,291198,515332,164983,255311,420294,70703,144874,215577,10352,34565,44917
2021-09-18,1756412,2200882,3957294,326391,370617,697008,334517,381614,716131,354143,401409,755552,271065,321032,592097,224230,291369,515599,165001,255370,420371,70711,144901,215612,10354,34570,44924
2021-09-19,1765585,2210203,3975788,331694,375695,707389,336640,383757,720397,355178,402550,757728,271577,321591,593168,224360,291554,515914,165053,255506,420559,70728,144964,215692,10355,34586,44941
2021-09-20,1772783,2217120,3989903,335139,379009,714148,338846,385624,724470,356032,403461,759493,272007,322043,594050,224533,291756,516289,165130,255629,420759,70738,145004,215742,10358,34594,44952
2021-09-21,1785154,2228637,4013791,345166,388292,733458,340196,386706,726902,356583,404005,760588,272298,322390,594688,224640,291923,516563,165161,255689,420850,70749,145027,215776,10361,34605,44966
2021-09-22,1793794,2236465,4030259,350720,393167,743887,342200,388338,730538,357162,404600,761762,272590,322753,595343,224770,292091,516861,165222,255816,421038,70765,145073,215838,10365,34627,44992
2021-09-23,1799612,2242418,4042030,354672,397236,751908,343276,389302,732578,357611,405063,762674,272822,323021,595843,224827,292187,517014,165263,255872,421135,70776,145102,215878,10365,34635,45000
2021-09-24,1805361,2248331,4053692,357638,400282,757920,344503,390526,735029,358591,405998,764589,273246,323463,596709,224929,292330,517259,165301,255942,421243,70786,145139,215925,10367,34651,45018
2021-09-25,1809037,2251399,4060436,358766,401215,759981,345828,391365,737193,359163,406609,765772,273746,323999,597745,225053,292437,517490,165319,255969,421288,70794,145150,215944,10368,34655,45023
2021-09-26,1821311,2262627,4083938,359445,401978,761423,347447,393027,740474,364230,411052,775282,278273,327815,606088,225368,292806,518174,165372,256076,421448,70806,145208,216014,10370,34665,45035
2021-09-27,1833222,2273620,4106842,361316,404209,765525,352879,397762,750641,367399,413705,781104,279456,328779,608235,225555,293053,518608,165418,256163,421581,70828,145264,216092,10371,34685,45056
2021-09-28,1847292,2287603,4134895,362328,405169,767497,362586,406025,768611,368647,415125,783772,280255,329723,609978,226106,293823,519929,166017,257283,423300,70966,145672,216638,10387,34783,45170
2021-09-29,1856048,2296205,4152253,364894,407929,772823,367008,409826,776834,369520,416003,785523,280801,330284,611085,226308,294068,520376,166129,257508,423637,71001,145776,216777,10387,34811,45198
2021-09-30,1864616,2306099,4170715,370254,413693,783947,368124,411204,779328,370578,416973,787551,281538,331357,612895,226534,294544,521078,166185,257669,423854,71015,145838,216853,10388,34821,45209
2021-10-01,1870281,2311692,4181973,373175,416710,789885,369378,412437,781815,371427,417682,789109,282028,331774,613802,226651,294671,521322,166214,257724,423938,71020,145867,216887,10388,34827,45215
2021-10-02,1873137,2314489,4187626,374359,417928,792287,370218,413158,783376,371915,418153,790068,282270,331987,614257,226723,294765,521488,166234,257772,424006,71029,145892,216921,10389,34834,45223
2021-10-03,1876331,2317265,4193596,375871,419248,795119,371227,413904,785131,372324,418507,790831,282427,332166,614593,226803,294871,521674,166253,257818,424071,71036,145913,216949,10390,34838,45228
2021-10-04,1882000,2322707,4204707,378359,421564,799923,373060,415452,788512,373039,419222,792261,282831,332624,615455,226962,295125,522087,166306,257914,424220,71049,145954,217003,10394,34852,45246
2021-10-05,1885424,2326057,4211481,379745,422988,802733,374011,416272,790283,373628,419782,793410,283188,332997,616185,227069,295233,522302,166329,257947,424276,71057,145978,217035,10397,34860,45257
2021-10-06,1892543,2333325,4225868,385299,428776,814075,374733,416877,791610,374084,420212,794296,283443,333258,616701,227157,295341,522498,166359,257983,424342,71068,146005,217073,10400,34873,45273
2021-10-07,1895606,2336340,4231946,386616,429933,816549,375584,417662,793246,374493,420650,795143,283770,333640,617410,227281,295503,522784,166386,258040,424426,71071,146030,217101,10405,34882,45287
2021-10-08,1906247,2346765,4253012,387273,430846,818119,381740,423120,804860,375699,421947,797646,285155,335106,620261,228451,296657,525108,166435,258130,424565,71088,146071,217159,10406,34888,45294
2021-10-09,1916049,2356397,4272446,387888,431589,819477,386218,427078,813296,376926,423187,800113,287421,337452,624873,229613,297869,527482,166477,258222,424699,71100,146105,217205,10406,34895,45301
2021-10-10,1923040,2363547,4286587,388327,432209,820536,389794,430387,820181,377709,424074,801783,288756,338806,627562,230435,298758,529193,166502,258283,424785,71110,146129,217239,10407,34901,45308
2021-10-11,1927639,2368046,4295685,390886,434603,825489,390864,431420,822284,378275,424603,802878,289031,339114,628145,230519,298880,529399,166537,258350,424887,71120,146171,217291,10407,34905,45312
2021-10-12,1938538,2378245,4316783,397648,440677,838325,392253,432730,824983,379564,425931,805495,289973,340060,630033,230952,299299,530251,166606,258437,425043,71134,146199,217333,10408,34912,45320
2021-10-13,1955079,2395704,4350783,412787,456503,869290,392690,433202,825892,380000,426396,806396,290325,340498,630823,231095,299477,530572,166625,258474,425099,71146,146225,217371,10411,34929,45340
2021-10-14,1968178,2408691,4376869,422505,465934,888439,394401,434897,829298,380876,427284,808160,290846,341110,631956,231292,299702,530994,166681,258553,425234,71162,146271,217433,10415,34940,45355
2021-10-15,1981101,2421176,4402277,429979,472659,902638,397601,437909,835510,382199,428656,810855,291471,341931,633402,231509,300081,531590,166747,258670,425417,71178,146315,217493,10417,34955,45372
2021-10-16,1989861,2430100,4419961,436353,478931,915284,398896,439230,838126,382828,429391,812219,291779,342280,634059,231626,300230,531856,166777,258734,425511,71185,146338,217523,10417,34966,45383
2021-10-17,1992963,2433655,4426618,438451,481154,919605,399316,439759,839075,383106,429740,812846,291976,342542,634518,231711,300349,532060,166797,258781,425578,71188,146360,217548,10418,34970,45388
2021-10-18,2005142,2445431,4450573,448176,490626,938802,400310,440615,840925,383933,430448,814381,292454,343008,635462,231842,300544,532386,166816,258823,425639,71193,146383,217576,10418,34984,45402
2021-10-19,2014357,2454258,4468615,453951,496170,950121,401858,441958,843816,384955,431434,816389,292987,343562,636549,232134,300861,532995,166849,258879,425728,71204,146401,217605,10419,34993,45412
2021-10-20,2023287,2462811,4486098,461035,502990,964025,402693,442681,845374,385537,431975,817512,293275,343842,637117,232244,300977,533221,166870,258925,425795,71211,146422,217633,10422,34999,45421
2021-10-21,2034067,2473996,4508063,469565,512014,981579,403738,443578,847316,386119,432511,818630,293640,344205,637845,232438,301205,533643,166906,258989,425895,71237,146471,217708,10424,35023,45447
2021-10-22,2047830,2488524,4536354,480453,523295,1003748,405105,444956,850061,386797,433312,820109,294224,344852,639076,232627,301468,534095,166949,259084,426033,71251,146525,217776,10424,35032,45456
2021-10-23,2056511,2497280,4553791,487890,530803,1018693,405790,445619,851409,387055,433594,820649,294399,345016,639415,232716,301550,534266,166972,259119,426091,71261,146542,217803,10428,35037,45465
2021-10-24,2065635,2506378,4572013,496550,539393,1035943,405980,445817,851797,387182,433736,820918,294477,345096,639573,232765,301607,534372,166986,259140,426126,71265,146549,217814,10430,35040,45470
2021-10-25,2075557,2516641,4592198,504556,547264,1051820,406830,446689,853519,387776,434426,822202,294776,345511,640287,232878,301834,534712,167030,259259,426289,71278,146605,217883,10433,35053,45486
2021-10-26,2087216,2527960,4615176,514790,557214,1072004,407596,447362,854958,388100,434765,822865,294984,345702,640686,232963,301911,534874,167058,259301,426359,71290,146635,217925,10435,35070,45505
2021-10-27,2099553,2540516,4640069,525891,568454,1094345,408153,447931,856084,388466,435130,823596,295186,345908,641094,233037,302019,535056,167090,259347,426437,71295,146654,217949,10435,35073,45508
2021-10-28,2112200,2553322,4665522,537075,579729,1116804,408815,448541,857356,388870,435541,824411,295439,346175,641614,233132,302156,535288,167126,259403,426529,71303,146689,217992,10440,35088,45528
2021-10-29,2124580,2565690,4690270,548565,591192,1139757,409293,448968,858261,389080,435779,824859,295561,346291,641852,233192,302217,535409,167139,259433,426572,71309,146713,218022,10441,35097,45538
2021-10-30,2133010,2574213,4707223,556418,599118,1155536,409614,449267,858881,389223,435931,825154,295636,346369,642005,233225,302254,535479,167142,259455,426597,71311,146720,218031,10441,35099,45540
2021-10-31,2140997,2582043,4723040,563731,606318,1170049,409948,449603,859551,389404,436076,825480,295737,346454,642191,233260,302288,535548,167158,259477,426635,71316,146726,218042,10443,35101,45544
2021-11-01,2148883,2589136,4738019,568292,610679,1178971,412231,451281,863512,390027,436591,826618,296013,346749,642762,233378,302442,535820,167180,259542,426722,71319,146742,218061,10443,35110,45553
2021-11-02,2152679,2592910,4745589,570713,612838,1183551,413041,452097,865138,390340,436983,827323,296177,346975,643152,233436,302546,535982,167194,259587,426781,71326,146762,218088,10452,35122,45574
2021-11-03,2162059,2602935,4764994,579487,622257,1201744,413315,452339,865654,390512,437142,827654,296285,347079,643364,233471,302600,536071,167204,259612,426816,71332,146778,218110,10453,35128,45581
2021-11-04,2171697,2612653,4784350,588563,631348,1219911,413559,452605,866164,390674,437289,827963,296371,347162,643533,233507,302659,536166,167223,259658,426881,71342,146796,218138,10458,35136,45594
2021-11-05,2175579,2616134,4791713,591914,634318,1226232,413772,452817,866589,390810,437413,828223,296486,347240,643726,233547,302707,536254,167240,259681,426921,71351,146813,218164,10459,35145,45604
2021-11-06,2178851,2619372,4798223,594781,637107,1231888,413950,452990,866940,390901,437524,828425,296573,347338,643911,233581,302740,536321,167248,259702,426950,71356,146824,218180,10461,35147,45608
2021-11-07,2182065,2622470,4804535,597505,639747,1237252,414171,453191,867362,391032,437631,828663,296651,347395,644046,233617,302786,536403,167264,259726,426990,71364,146840,218204,10461,35154,45615
2021-11-08,2190855,2631529,4822384,605559,647862,1253421,414502,453570,868072,391228,437862,829090,296782,347566,644348,233672,302877,536549,167282,259777,427059,71368,146851,218219,10462,35164,45626
2021-11-09,2194931,2635633,4830564,609096,651333,1260429,414761,453842,868603,391382,438025,829407,296869,347676,644545,233702,302918,536620,167288,259805,427093,71371,146862,218233,10462,35172,45634
2021-11-10,2200833,2641086,4841919,614499,656226,1270725,414998,454084,869082,391501,438147,829648,296937,347750,644687,233753,302968,536721,167308,259843,427151,71374,146883,218257,10463,35185,45648
2021-11-11,2205767,2645822,4851589,618770,660257,1279027,415298,454334,869632,391663,438319,829982,297038,347875,644913,233796,303036,536832,167340,259892,427232,71395,146917,218312,10467,35192,45659
2021-11-12,2213269,2653411,4866680,625596,667108,1292704,415545,454581,870126,391879,438544,830423,297154,347979,645133,233856,303124,536980,167364,259937,427301,71403,146937,218340,10472,35201,45673
2021-11-13,2214420,2654460,4868880,626742,668151,1294893,415547,454583,870130,391879,438545,830424,297155,347979,645134,233856,303126,536982,167364,259938,427302,71404,146937,218341,10473,35201,45674
2021-11-14,2215789,2655816,4871605,628097,669500,1297597,415553,454589,870142,391884,438546,830430,297158,347979,645137,233856,303126,536982,167364,259938,427302,71404,146937,218341,10473,35201,45674
2021-11-15,2222491,2662540,4885031,634101,675470,1309571,415801,454859,870660,392119,438788,830907,297327,348140,645467,233890,303166,537056,167372,259963,427335,71408,146951,218359,10473,35203,45676
2021-11-16,2232490,2672202,4904692,641725,683022,1324747,416830,455705,872535,392984,439520,832504,297638,348434,646072,234020,303319,537339,167404,260008,427412,71415,146982,218397,10474,35212,45686
2021-11-17,2244388,2683840,4928228,653054,694047,1347101,417143,455980,873123,393109,439664,832773,297722,348533,646255,234048,303363,537411,167413,260033,427446,71419,146998,218417,10480,35222,45702
2021-11-18,2255880,2695077,4950957,664047,704782,1368829,417368,456176,873544,393255,439803,833058,297806,348617,646423,234079,303401,537480,167422,260051,427473,71421,147014,218435,10482,35233,45715
2021-11-19,2266949,2705854,4972803,674247,714623,1388870,417774,456566,874340,393476,440033,833509,297955,348791,646746,234139,303479,537618,167448,260088,427536,71428,147034,218462,10482,35240,45722
2021-11-20,2270567,2709696,4980263,677522,718079,1395601,417901,456692,874593,393572,440142,833714,298031,348863,646894,234161,303523,537684,167461,260110,427571,71435,147045,218480,10484,35242,45726
2021-11-21,2274352,2713569,4987921,680809,721409,1402218,418077,456873,874950,393705,440297,834002,298148,348989,647137,234211,303574,537785,167475,260129,427604,71441,147053,218494,10486,35245,45731
2021-11-22,2279069,2718357,4997426,685035,725665,1410700,418284,457095,875379,393843,440420,834263,298243,349094,647337,234247,303610,537857,167486,260156,427642,71444,147065,218509,10487,35252,45739
