FECHA,TotalM,TotalF,Total,<=30M,<=30F,<=30,31-40M,31-40F,31-40,41-50M,41-50F,41-50,51-60M,51-60F,51-60,61-70M,61-70F,61-70,71-80M,71-80F,71-80,81-90M,81-90F,81-90,>=91M,>=91F,>=91
2020-12-29,260,410,670,38,68,106,93,125,218,79,133,212,49,82,131,1,2,3,0,0,0,0,0,0,0,0,0
2020-12-30,300,482,782,45,99,144,107,141,248,90,150,240,56,91,147,2,1,3,0,0,0,0,0,0,0,0,0
2020-12-31,37,43,80,7,3,10,12,16,28,12,16,28,6,7,13,0,1,1,0,0,0,0,0,0,0,0,0
2021-01-01,0,1,1,0,0,0,0,1,1,0,0,0,0,0,0,0,0,0,0,0,0,0,0,0,0,0,0
2021-01-02,139,241,380,14,28,42,54,95,149,47,65,112,23,52,75,1,1,2,0,0,0,0,0,0,0,0,0
2021-01-03,49,98,147,8,14,22,22,40,62,11,28,39,8,16,24,0,0,0,0,0,0,0,0,0,0,0,0
2021-01-04,320,524,844,57,91,148,103,188,291,92,153,245,67,92,159,1,0,1,0,0,0,0,0,0,0,0,0
2021-01-05,469,730,1199,69,128,197,195,242,437,119,218,337,85,138,223,1,3,4,0,1,1,0,0,0,0,0,0
2021-01-06,517,771,1288,90,145,235,197,236,433,143,223,366,86,166,252,1,1,2,0,0,0,0,0,0,0,0,0
2021-01-07,526,892,1418,85,156,241,179,308,487,149,260,409,113,168,281,0,0,0,0,0,0,0,0,0,0,0,0
2021-01-08,665,1178,1843,121,230,351,225,402,627,191,338,529,123,205,328,5,3,8,0,0,0,0,0,0,0,0,0
2021-01-09,168,272,440,14,40,54,70,102,172,52,86,138,32,44,76,0,0,0,0,0,0,0,0,0,0,0,0
2021-01-10,208,359,567,33,48,81,89,151,240,53,102,155,31,58,89,2,0,2,0,0,0,0,0,0,0,0,0
2021-01-11,657,1191,1848,111,258,369,265,401,666,174,323,497,105,206,311,2,3,5,0,0,0,0,0,0,0,0,0
2021-01-12,589,1090,1679,95,190,285,235,388,623,150,290,440,108,221,329,1,1,2,0,0,0,0,0,0,0,0,0
2021-01-13,465,890,1355,79,179,258,164,323,487,128,234,362,93,154,247,1,0,1,0,0,0,0,0,0,0,0,0
2021-01-14,798,1414,2212,169,279,448,292,486,778,216,394,610,121,254,375,0,1,1,0,0,0,0,0,0,0,0,0
2021-01-15,1192,2217,3409,215,450,665,465,770,1235,306,612,918,206,382,588,0,3,3,0,0,0,0,0,0,0,0,0
2021-01-16,475,854,1329,96,153,249,176,327,503,121,242,363,82,132,214,0,0,0,0,0,0,0,0,0,0,0,0
2021-01-17,285,544,829,66,93,159,113,214,327,72,153,225,34,84,118,0,0,0,0,0,0,0,0,0,0,0,0
2021-01-18,188,316,504,28,54,82,61,104,165,56,103,159,43,55,98,0,0,0,0,0,0,0,0,0,0,0,0
2021-01-19,284,469,753,36,67,103,81,169,250,94,145,239,71,87,158,2,1,3,0,0,0,0,0,0,0,0,0
2021-01-20,291,502,793,31,95,126,109,149,258,87,158,245,64,97,161,0,3,3,0,0,0,0,0,0,0,0,0
2021-01-21,130,191,321,23,30,53,45,53,98,35,65,100,22,41,63,5,1,6,0,1,1,0,0,0,0,0,0
2021-01-22,38,51,89,7,10,17,15,15,30,12,17,29,2,8,10,1,1,2,1,0,1,0,0,0,0,0,0
2021-01-23,118,200,318,10,21,31,45,79,124,39,60,99,23,40,63,1,0,1,0,0,0,0,0,0,0,0,0
2021-01-24,45,88,133,5,9,14,21,37,58,11,26,37,8,16,24,0,0,0,0,0,0,0,0,0,0,0,0
2021-01-25,282,466,748,45,80,125,84,149,233,81,144,225,70,91,161,2,2,4,0,0,0,0,0,0,0,0,0
2021-01-26,389,660,1049,44,108,152,148,188,336,110,219,329,82,141,223,5,4,9,0,0,0,0,0,0,0,0,0
2021-01-27,450,663,1113,75,116,191,170,196,366,119,194,313,82,155,237,4,2,6,0,0,0,0,0,0,0,0,0
2021-01-28,460,804,1264,76,143,219,152,273,425,128,225,353,103,161,264,1,2,3,0,0,0,0,0,0,0,0,0
2021-01-29,634,1061,1695,103,188,291,241,375,616,182,307,489,104,187,291,4,4,8,0,0,0,0,0,0,0,0,0
2021-01-30,152,260,412,19,39,58,59,104,163,45,77,122,29,40,69,0,0,0,0,0,0,0,0,0,0,0,0
2021-01-31,118,225,343,23,33,56,42,93,135,32,60,92,20,39,59,1,0,1,0,0,0,0,0,0,0,0,0
2021-02-01,547,946,1493,91,175,266,225,333,558,150,255,405,80,178,258,1,4,5,0,1,1,0,0,0,0,0,0
2021-02-02,1184,2005,3189,113,244,357,290,465,755,206,440,646,226,461,687,306,364,670,37,29,66,5,2,7,1,0,1
2021-02-03,1267,2313,3580,138,327,465,323,617,940,253,546,799,247,474,721,267,319,586,36,28,64,3,2,5,0,0,0
2021-02-04,1242,2327,3569,159,324,483,359,665,1024,292,566,858,221,482,703,167,251,418,39,36,75,4,3,7,1,0,1
2021-02-05,1911,3716,5627,280,578,858,620,1171,1791,405,910,1315,358,736,1094,191,276,467,52,42,94,5,3,8,0,0,0
2021-02-06,442,808,1250,81,118,199,136,278,414,116,230,346,86,155,241,22,26,48,1,1,2,0,0,0,0,0,0
2021-02-07,353,652,1005,54,90,144,113,237,350,110,192,302,58,111,169,16,21,37,2,1,3,0,0,0,0,0,0
2021-02-08,869,1595,2464,128,280,408,279,502,781,211,429,640,150,271,421,89,103,192,11,10,21,1,0,1,0,0,0
2021-02-09,992,1933,2925,141,342,483,304,571,875,228,462,690,180,405,585,120,146,266,14,7,21,5,0,5,0,0,0
2021-02-10,541,1030,1571,83,165,248,134,326,460,145,265,410,108,205,313,59,62,121,9,7,16,3,0,3,0,0,0
2021-02-11,453,1070,1523,71,181,252,144,349,493,97,271,368,71,198,269,57,63,120,12,8,20,1,0,1,0,0,0
2021-02-12,519,963,1482,74,160,234,170,336,506,118,279,397,92,139,231,49,41,90,13,8,21,3,0,3,0,0,0
2021-02-13,28,44,72,2,8,10,11,17,28,6,9,15,8,9,17,0,1,1,1,0,1,0,0,0,0,0,0
2021-02-14,6,25,31,2,7,9,2,8,10,0,10,10,2,0,2,0,0,0,0,0,0,0,0,0,0,0,0
2021-02-15,0,1,1,0,0,0,0,1,1,0,0,0,0,0,0,0,0,0,0,0,0,0,0,0,0,0,0
2021-02-16,11,36,47,1,1,2,8,18,26,2,13,15,0,3,3,0,0,0,0,1,1,0,0,0,0,0,0
2021-02-17,805,1512,2317,129,229,358,250,453,703,170,434,604,146,286,432,98,106,204,12,4,16,0,0,0,0,0,0
2021-02-18,1862,3909,5771,219,542,761,529,1056,1585,382,1032,1414,365,785,1150,269,393,662,79,95,174,19,6,25,0,0,0
2021-02-19,1684,3831,5515,197,540,737,453,1117,1570,431,986,1417,309,738,1047,213,336,549,66,103,169,12,11,23,3,0,3
2021-02-20,457,789,1246,45,84,129,138,273,411,113,193,306,88,151,239,53,82,135,19,6,25,1,0,1,0,0,0
2021-02-21,328,504,832,35,65,100,93,187,280,80,131,211,79,86,165,33,30,63,6,5,11,2,0,2,0,0,0
2021-02-22,3426,6246,9672,195,446,641,353,865,1218,270,701,971,256,547,803,312,314,626,395,534,929,1477,2413,3890,168,426,594
2021-02-23,3969,7392,11361,251,530,781,445,1097,1542,427,1003,1430,363,801,1164,478,613,1091,356,494,850,1471,2418,3889,178,436,614
2021-02-24,4058,7615,11673,258,464,722,554,1054,1608,448,968,1416,328,752,1080,385,506,891,400,617,1017,1521,2751,4272,164,503,667
2021-02-25,4043,7549,11592,235,533,768,525,1092,1617,495,896,1391,372,788,1160,346,493,839,335,573,908,1531,2663,4194,204,511,715
2021-02-26,3915,7885,11800,251,563,814,546,1122,1668,380,955,1335,396,858,1254,355,506,861,359,530,889,1439,2781,4220,189,570,759
2021-02-27,527,1113,1640,40,75,115,99,129,228,88,122,210,60,107,167,57,105,162,65,129,194,103,312,415,15,134,149
2021-02-28,156,354,510,15,17,32,30,58,88,17,36,53,13,18,31,36,34,70,15,38,53,25,91,116,5,62,67
2021-03-01,3086,6092,9178,111,234,345,263,529,792,224,399,623,165,383,548,193,251,444,358,560,918,1572,3199,4771,200,537,737
2021-03-02,3042,5895,8937,127,302,429,232,505,737,174,428,602,157,347,504,187,314,501,371,573,944,1585,2916,4501,209,510,719
2021-03-03,2885,5838,8723,133,258,391,252,595,847,221,496,717,159,388,547,138,237,375,305,519,824,1462,2798,4260,215,547,762
2021-03-04,1285,2881,4166,123,320,443,233,556,789,189,420,609,140,332,472,120,227,347,118,204,322,330,679,1009,32,143,175
2021-03-05,1121,2615,3736,95,247,342,249,578,827,198,548,746,165,402,567,120,217,337,75,143,218,186,396,582,33,84,117
2021-03-06,659,2341,3000,40,241,281,175,527,702,135,510,645,102,428,530,28,56,84,66,145,211,90,309,399,23,125,148
2021-03-07,649,2067,2716,35,191,226,146,490,636,148,455,603,122,362,484,35,44,79,68,132,200,75,251,326,20,142,162
2021-03-08,1461,3339,4800,93,255,348,185,444,629,135,390,525,138,350,488,131,274,405,180,308,488,527,1016,1543,72,302,374
2021-03-09,3765,6850,10615,157,306,463,334,686,1020,272,533,805,252,503,755,271,355,626,419,671,1090,1834,3127,4961,226,669,895
2021-03-10,4053,8742,12795,213,519,732,388,1125,1513,340,1110,1450,347,995,1342,225,334,559,406,646,1052,1886,3334,5220,248,679,927
2021-03-11,5188,12341,17529,410,915,1325,745,2035,2780,565,2189,2754,525,1623,2148,367,538,905,444,739,1183,1922,3657,5579,210,645,855
2021-03-12,3820,10328,14148,432,1053,1485,837,2533,3370,682,2529,3211,580,1864,2444,291,461,752,232,328,560,660,1286,1946,106,274,380
2021-03-13,1501,5115,6616,194,785,979,422,1505,1927,379,1403,1782,300,963,1263,90,129,219,30,80,110,69,178,247,17,72,89
2021-03-14,1044,3956,5000,97,513,610,305,1104,1409,292,1224,1516,242,936,1178,80,133,213,25,40,65,3,5,8,0,1,1
2021-03-15,2982,8994,11976,261,1028,1289,649,2216,2865,555,2169,2724,505,1692,2197,285,523,808,213,328,541,446,905,1351,68,133,201
2021-03-16,3933,9469,13402,267,845,1112,614,1784,2398,564,1721,2285,463,1430,1893,334,600,934,377,573,950,1204,2201,3405,110,315,425
2021-03-17,4184,9265,13449,295,682,977,623,1704,2327,580,1619,2199,448,1225,1673,392,707,1099,424,677,1101,1277,2316,3593,145,335,480
2021-03-18,4388,9896,14284,339,904,1243,748,1938,2686,684,1779,2463,582,1440,2022,326,592,918,441,694,1135,1128,2162,3290,140,387,527
2021-03-19,4175,9946,14121,358,1003,1361,784,2073,2857,777,1877,2654,632,1503,2135,254,388,642,304,511,815,914,2052,2966,152,539,691
2021-03-20,2187,4950,7137,70,222,292,208,476,684,191,465,656,197,471,668,458,1079,1537,385,625,1010,580,1300,1880,98,312,410
2021-03-21,1675,3473,5148,24,64,88,71,134,205,43,81,124,95,195,290,637,1422,2059,420,688,1108,331,711,1042,54,178,232
2021-03-22,2098,4499,6597,168,301,469,315,694,1009,245,580,825,232,644,876,578,1448,2026,469,685,1154,78,121,199,13,26,39
2021-03-23,3032,6995,10027,121,272,393,266,588,854,218,536,754,207,461,668,409,873,1282,455,744,1199,1155,2728,3883,201,793,994
2021-03-24,1860,4132,5992,6,17,23,12,28,40,10,27,37,38,62,100,238,566,804,343,658,1001,1056,2270,3326,157,504,661
2021-03-25,2117,4329,6446,131,303,434,262,566,828,247,443,690,163,324,487,95,158,253,307,462,769,791,1664,2455,121,409,530
2021-03-26,1116,2662,3778,37,98,135,109,199,308,79,177,256,89,142,231,123,387,510,182,395,577,415,939,1354,82,325,407
2021-03-27,738,1866,2604,2,6,8,5,15,20,3,13,16,5,22,27,17,40,57,151,330,481,486,1083,1569,69,357,426
2021-03-28,710,1886,2596,2,4,6,3,7,10,1,10,11,8,13,21,30,40,70,142,259,401,433,1144,1577,91,409,500
2021-03-29,2316,5873,8189,203,531,734,422,1100,1522,353,905,1258,282,746,1028,151,289,440,241,400,641,553,1411,1964,111,491,602
2021-03-30,3161,7270,10431,123,300,423,247,663,910,230,538,768,1055,2380,3435,768,1248,2016,370,698,1068,305,1048,1353,63,395,458
2021-03-31,4177,8538,12715,232,530,762,496,1243,1739,434,1083,1517,238,502,740,165,222,387,2047,3173,5220,464,1301,1765,101,484,585
2021-04-01,4535,7593,12128,24,29,53,28,84,112,542,1036,1578,389,755,1144,68,203,271,3068,4356,7424,350,863,1213,66,267,333
2021-04-02,4416,7220,11636,1,3,4,2,7,9,912,1736,2648,8,14,22,15,26,41,3167,4651,7818,273,612,885,38,171,209
2021-04-03,3754,6086,9840,1,8,9,5,4,9,9,7,16,8,7,15,9,11,20,3581,5641,9222,107,292,399,34,116,150
2021-04-04,1107,1748,2855,0,0,0,1,1,2,1,6,7,4,4,8,18,16,34,1073,1693,2766,5,17,22,5,11,16
2021-04-05,6089,9830,15919,87,131,218,75,205,280,79,213,292,83,199,282,138,196,334,5466,8524,13990,129,265,394,32,97,129
2021-04-06,6849,11046,17895,106,150,256,125,231,356,70,154,224,63,125,188,113,185,298,6111,9561,15672,217,488,705,44,152,196
2021-04-07,7566,11934,19500,92,122,214,125,268,393,75,174,249,80,143,223,653,816,1469,6133,9504,15637,345,729,1074,63,178,241
2021-04-08,8495,12126,20621,164,166,330,212,273,485,103,159,262,85,174,259,1530,2235,3765,6222,8819,15041,155,220,375,24,80,104
2021-04-09,7359,11299,18658,128,251,379,224,389,613,125,258,383,90,187,277,1343,1859,3202,5270,7880,13150,148,335,483,31,140,171
2021-04-10,3108,4771,7879,49,109,158,64,152,216,77,121,198,54,123,177,657,1008,1665,2146,3174,5320,54,54,108,7,30,37
2021-04-11,2914,4628,7542,48,108,156,97,184,281,53,163,216,65,167,232,599,912,1511,2019,3001,5020,29,62,91,4,31,35
2021-04-12,8121,12544,20665,131,244,375,182,353,535,116,228,344,110,198,308,1613,2310,3923,5855,8929,14784,90,200,290,24,82,106
2021-04-13,7683,11794,19477,206,190,396,233,337,570,220,236,456,194,372,566,1967,3418,5385,4720,6882,11602,123,262,385,20,97,117
2021-04-14,6606,9817,16423,233,78,311,182,167,349,156,186,342,67,68,135,817,1028,1845,3840,5936,9776,1170,1954,3124,141,400,541
2021-04-15,3288,5720,9008,137,48,185,102,41,143,80,25,105,42,49,91,1294,2817,4111,1531,2490,4021,83,195,278,19,55,74
2021-04-16,3809,5749,9558,100,33,133,49,27,76,42,24,66,17,19,36,634,841,1475,2584,3852,6436,320,759,1079,63,194,257
2021-04-17,318,490,808,16,15,31,25,17,42,37,33,70,37,31,68,43,40,83,140,272,412,18,58,76,2,24,26
2021-04-18,148,162,310,16,6,22,22,16,38,30,33,63,43,29,72,9,17,26,15,17,32,9,29,38,4,15,19
2021-04-19,4053,6372,10425,159,30,189,64,16,80,51,16,67,15,13,28,495,679,1174,2806,4399,7205,396,980,1376,67,239,306
2021-04-20,6171,10600,16771,163,63,226,81,69,150,67,87,154,453,1061,1514,3018,4936,7954,1606,2446,4052,585,1341,1926,198,597,795
2021-04-21,8420,12102,20522,85,46,131,51,46,97,48,47,95,85,216,301,7759,10939,18698,332,624,956,47,127,174,13,57,70
2021-04-22,10074,13948,24022,47,46,93,39,47,86,32,52,84,42,69,111,9463,12983,22446,373,594,967,69,124,193,9,33,42
2021-04-23,10207,13215,23422,26,48,74,48,56,104,52,75,127,70,77,147,9735,12356,22091,218,391,609,50,143,193,8,69,77
2021-04-24,2917,3519,6436,5,9,14,5,8,13,16,16,32,18,22,40,2619,3193,5812,215,188,403,29,63,92,10,20,30
2021-04-25,83,125,208,2,2,4,4,3,7,5,12,17,9,7,16,58,80,138,3,9,12,0,8,8,2,4,6
2021-04-26,1507,2387,3894,14,5,19,12,14,26,9,10,19,6,16,22,1317,2017,3334,128,223,351,15,76,91,6,26,32
2021-04-27,1390,2870,4260,76,72,148,49,92,141,44,68,112,35,58,93,904,1675,2579,231,725,956,45,143,188,6,37,43
2021-04-28,7076,16063,23139,727,1836,2563,1553,4318,5871,1288,3857,5145,1016,2960,3976,2248,2638,4886,204,322,526,34,96,130,6,36,42
2021-04-29,6544,13176,19720,453,1323,1776,1078,3200,4278,1035,2999,4034,864,2366,3230,2739,2680,5419,297,376,673,58,166,224,20,66,86
2021-04-30,1331,1995,3326,71,126,197,96,177,273,49,97,146,33,75,108,833,1115,1948,202,282,484,36,81,117,11,42,53
2021-05-01,540,1088,1628,14,33,47,60,108,168,23,63,86,23,45,68,311,593,904,91,158,249,16,59,75,2,29,31
2021-05-02,4308,9852,14160,309,943,1252,817,2173,2990,813,2076,2889,641,1626,2267,493,1051,1544,1191,1843,3034,38,99,137,6,41,47
2021-05-03,8220,11564,19784,56,105,161,104,165,269,53,89,142,823,1163,1986,4896,6501,11397,2189,3296,5485,82,185,267,17,60,77
2021-05-04,11572,14300,25872,93,127,220,99,177,276,48,99,147,1978,2473,4451,9031,10990,20021,267,315,582,43,78,121,13,41,54
2021-05-05,10668,15362,26030,122,190,312,214,192,406,230,139,369,578,673,1251,3116,4631,7747,6103,8760,14863,267,626,893,38,151,189
2021-05-06,3626,5370,8996,111,100,211,156,117,273,200,56,256,423,427,850,1657,2732,4389,991,1787,2778,68,114,182,20,37,57
2021-05-07,7977,13130,21107,136,290,426,228,520,748,197,386,583,258,509,767,1387,2816,4203,5631,8287,13918,116,233,349,24,89,113
2021-05-08,2397,15321,17718,183,1617,1800,471,3505,3976,507,4610,5117,565,3641,4206,578,1790,2368,69,95,164,14,41,55,10,22,32
2021-05-09,140,226,366,0,0,0,0,0,0,2,0,2,22,12,34,71,80,151,14,22,36,22,65,87,9,47,56
2021-05-10,833,2525,3358,26,43,69,31,54,85,28,45,73,149,253,402,319,1421,1740,198,464,662,66,170,236,16,75,91
2021-05-11,3295,3941,7236,21,36,57,32,64,96,33,55,88,629,747,1376,2397,2689,5086,132,187,319,37,105,142,14,58,72
2021-05-12,3575,4426,8001,37,36,73,47,62,109,45,63,108,683,798,1481,2491,2798,5289,170,376,546,86,204,290,16,89,105
2021-05-13,2909,5426,8335,57,109,166,99,237,336,81,162,243,181,317,498,889,1718,2607,1496,2526,4022,88,252,340,18,105,123
2021-05-14,1342,3080,4422,55,100,155,93,192,285,75,138,213,170,239,409,588,1475,2063,289,664,953,54,183,237,18,89,107
2021-05-15,6421,5179,11600,20,43,63,41,69,110,33,49,82,1197,1206,2403,4995,3461,8456,96,174,270,30,123,153,9,54,63
2021-05-16,875,2313,3188,58,192,250,208,703,911,253,710,963,178,401,579,130,156,286,25,43,68,13,75,88,10,33,43
2021-05-17,4285,4350,8635,53,91,144,173,422,595,108,291,399,841,782,1623,2820,2203,5023,232,386,618,42,114,156,16,61,77
2021-05-18,4575,3922,8497,30,53,83,63,77,140,63,84,147,866,848,1714,3416,2516,5932,100,201,301,28,96,124,9,47,56
2021-05-19,3464,3364,6828,42,102,144,111,216,327,46,119,165,633,642,1275,2448,1821,4269,139,330,469,35,93,128,10,41,51
2021-05-20,10582,11969,22551,73,147,220,151,241,392,88,181,269,2927,3315,6242,6593,6506,13099,577,1029,1606,148,441,589,25,109,134
2021-05-21,2154,4400,6554,105,261,366,189,549,738,108,400,508,97,348,445,451,834,1285,1121,1794,2915,75,159,234,8,55,63
2021-05-22,1526,2130,3656,53,75,128,43,63,106,23,63,86,208,261,469,968,1234,2202,195,342,537,31,71,102,5,21,26
2021-05-23,2376,2365,4741,25,46,71,26,67,93,25,41,66,1006,1091,2097,1186,883,2069,81,155,236,20,65,85,7,17,24
2021-05-24,697,1579,2276,37,82,119,66,133,199,40,102,142,225,241,466,273,883,1156,51,105,156,5,25,30,0,8,8
2021-05-25,4623,8505,13128,12,23,35,7,16,23,3,19,22,179,172,351,279,743,1022,480,837,1317,3257,5718,8975,406,977,1383
2021-05-26,2287,3426,5713,34,50,84,45,82,127,37,72,109,1073,966,2039,201,338,539,169,317,486,624,1321,1945,104,280,384
2021-05-27,9371,15073,24444,63,120,183,100,165,265,93,163,256,2685,2458,5143,286,211,497,693,1198,1891,4855,9138,13993,596,1620,2216
2021-05-28,10540,14928,25468,108,159,267,176,245,421,293,271,564,5792,6776,12568,231,244,475,523,820,1343,3035,5385,8420,382,1028,1410
2021-05-29,8975,8363,17338,4,8,12,10,12,22,630,474,1104,7765,6929,14694,191,231,422,78,130,208,263,501,764,34,78,112
2021-05-30,8322,7572,15894,9,11,20,8,10,18,1778,1544,3322,6382,5838,12220,84,78,162,24,28,52,31,51,82,6,12,18
2021-05-31,11570,15406,26976,97,178,275,166,286,452,6358,6061,12419,3406,5524,8930,615,873,1488,188,367,555,639,1721,2360,101,396,497
2021-06-01,11135,12624,23759,195,257,452,603,417,1020,7066,7383,14449,2191,2523,4714,117,174,291,162,279,441,736,1300,2036,65,291,356
2021-06-02,9085,12932,22017,618,655,1273,1708,2606,4314,4020,5293,9313,2028,2600,4628,175,249,424,132,223,355,333,973,1306,71,333,404
2021-06-03,12686,19543,32229,3020,5038,8058,5234,7970,13204,3265,4409,7674,581,851,1432,166,225,391,91,198,289,278,652,930,51,200,251
2021-06-04,13250,16299,29549,2969,3591,6560,4777,4751,9528,2955,4218,7173,1018,1395,2413,1055,1173,2228,303,531,834,137,491,628,36,149,185
2021-06-05,10990,10353,21343,2692,2389,5081,4801,3961,8762,1863,1746,3609,686,713,1399,660,749,1409,149,291,440,107,365,472,32,139,171
2021-06-06,8414,9813,18227,3045,4033,7078,3798,4098,7896,923,733,1656,425,378,803,76,83,159,57,132,189,68,211,279,22,145,167
2021-06-07,13667,14191,27858,3091,3362,6453,3312,2754,6066,3301,3142,6443,3335,3896,7231,384,401,785,124,223,347,87,270,357,33,143,176
2021-06-08,12652,17058,29710,1009,1492,2501,1361,2047,3408,1476,2056,3532,8084,9940,18024,149,198,347,193,331,524,323,725,1048,57,269,326
2021-06-09,12605,13159,25764,339,338,677,652,676,1328,708,559,1267,10708,11110,21818,94,130,224,55,87,142,34,149,183,15,110,125
2021-06-10,14294,14983,29277,768,867,1635,1056,1214,2270,1920,2011,3931,10108,10103,20211,293,374,667,87,160,247,43,164,207,19,90,109
2021-06-11,9775,15850,25625,200,237,437,470,310,780,750,664,1414,1383,1497,2880,138,245,383,929,1457,2386,5363,9850,15213,542,1590,2132
2021-06-12,6346,7865,14211,440,594,1034,617,800,1417,1356,1554,2910,3089,3029,6118,49,84,133,145,295,440,570,1185,1755,80,324,404
2021-06-13,4119,4401,8520,203,255,458,286,330,616,908,964,1872,2640,2724,5364,37,40,77,12,19,31,27,60,87,6,9,15
2021-06-14,6111,6712,12823,749,857,1606,1034,1073,2107,1355,1352,2707,2660,2824,5484,49,69,118,41,98,139,199,344,543,24,95,119
2021-06-15,13982,13707,27689,122,185,307,208,294,502,438,456,894,12552,11632,24184,218,226,444,145,311,456,260,484,744,39,119,158
2021-06-16,7622,10282,17904,430,639,1069,837,1057,1894,1791,2113,3904,2053,2248,4301,162,217,379,1897,2765,4662,379,924,1303,73,319,392
2021-06-17,11583,14316,25899,197,290,487,442,446,888,2993,3231,6224,4192,4307,8499,531,687,1218,2755,4067,6822,394,956,1350,79,332,411
2021-06-18,14488,15256,29744,671,834,1505,1075,1126,2201,8429,8032,16461,3224,3297,6521,403,551,954,493,800,1293,164,445,609,29,171,200
2021-06-19,10645,11587,22232,217,303,520,150,251,401,8310,8448,16758,1465,1438,2903,252,285,537,104,215,319,115,419,534,32,228,260
2021-06-20,10,10,20,2,2,4,3,1,4,3,4,7,1,2,3,0,1,1,1,0,1,0,0,0,0,0,0
2021-06-21,6039,6137,12176,27,25,52,42,57,99,5062,5012,10074,657,627,1284,157,190,347,69,97,166,19,92,111,6,37,43
2021-06-22,5116,5222,10338,158,260,418,215,288,503,2355,2221,4576,1734,1509,3243,445,484,929,148,215,363,42,162,204,19,83,102
2021-06-23,9617,9635,19252,144,243,387,193,365,558,7895,7564,15459,1107,928,2035,142,225,367,67,118,185,55,131,186,14,61,75
2021-06-24,15435,19474,34909,208,410,618,646,4175,4821,13101,13023,26124,1082,1190,2272,232,315,547,129,215,344,32,107,139,5,39,44
2021-06-25,12931,18826,31757,405,1192,1597,725,3043,3768,4841,4941,9782,974,1120,2094,4580,6228,10808,1178,1653,2831,192,507,699,36,142,178
2021-06-26,9347,12060,21407,39,42,81,41,56,97,846,841,1687,568,703,1271,6870,8755,15625,795,1221,2016,160,341,501,28,101,129
2021-06-27,8177,9045,17222,66,111,177,79,143,222,3530,3608,7138,2789,2820,5609,1056,1241,2297,551,833,1384,88,241,329,18,48,66
2021-06-28,17318,19763,37081,701,1674,2375,613,2420,3033,13849,12920,26769,1260,1289,2549,699,1018,1717,145,260,405,40,109,149,11,73,84
2021-06-29,18295,18707,37002,204,359,563,464,825,1289,15783,14932,30715,759,792,1551,715,1055,1770,246,423,669,110,238,348,14,83,97
2021-06-30,19651,19364,39015,169,213,382,5174,4921,10095,12294,11676,23970,685,664,1349,1176,1534,2710,105,194,299,37,97,134,11,65,76
2021-07-01,12811,13455,26266,116,229,345,4835,4772,9607,5563,5252,10815,962,1065,2027,811,1106,1917,357,577,934,141,328,469,26,126,152
2021-07-02,9900,18357,28257,591,1202,1793,2358,3775,6133,1528,1743,3271,358,531,889,833,1394,2227,650,1206,1856,3105,6886,9991,477,1620,2097
2021-07-03,10952,12346,23298,24,44,68,6057,5334,11391,2558,2735,5293,503,578,1081,415,545,960,338,630,968,929,1979,2908,128,501,629
2021-07-04,10452,10358,20810,516,847,1363,9200,8460,17660,408,472,880,136,126,262,92,133,225,60,81,141,29,155,184,11,84,95
2021-07-05,5087,5545,10632,273,414,687,3540,3017,6557,251,287,538,139,135,274,321,465,786,239,413,652,281,618,899,43,196,239
2021-07-06,13053,12229,25282,431,677,1108,11639,9859,21498,279,331,610,192,248,440,182,217,399,105,221,326,188,504,692,37,172,209
2021-07-07,5705,6346,12051,169,162,331,3964,3593,7557,680,938,1618,257,408,665,150,225,375,153,313,466,284,551,835,48,156,204
2021-07-08,18863,16340,35203,373,535,908,15059,12329,27388,2298,2075,4373,718,736,1454,283,360,643,71,127,198,46,135,181,15,43,58
2021-07-09,12869,13048,25917,676,727,1403,8697,8242,16939,2221,2203,4424,841,838,1679,269,416,685,139,523,662,22,78,100,4,21,25
2021-07-10,10804,11490,22294,1464,1766,3230,7967,7838,15805,384,433,817,182,234,416,464,552,1016,255,423,678,77,194,271,11,50,61
2021-07-11,2161,3663,5824,259,363,622,1071,1290,2361,164,382,546,72,201,273,24,40,64,112,206,318,406,964,1370,53,217,270
2021-07-12,18002,16026,34028,3059,2955,6014,13998,11759,25757,446,536,982,233,279,512,108,175,283,60,127,187,81,147,228,17,48,65
2021-07-13,10346,8818,19164,1786,1642,3428,7363,6002,13365,761,640,1401,275,281,556,100,109,209,41,66,107,14,48,62,6,30,36
2021-07-14,3500,3330,6830,641,724,1365,2289,1911,4200,312,371,683,163,169,332,57,63,120,17,47,64,15,27,42,6,18,24
2021-07-15,14062,19732,33794,432,719,1151,1303,2388,3691,6893,7074,13967,1213,2376,3589,716,1145,1861,2572,3782,6354,809,1784,2593,124,464,588
2021-07-16,13901,19827,33728,350,432,782,1038,3010,4048,7288,8079,15367,503,686,1189,152,199,351,4089,6056,10145,410,1074,1484,71,291,362
2021-07-17,12258,13503,25761,1429,1753,3182,5155,5413,10568,4267,4493,8760,785,857,1642,248,265,513,295,505,800,64,172,236,15,45,60
2021-07-18,11253,12018,23271,3011,3804,6815,2922,2650,5572,3624,3628,7252,1443,1463,2906,167,236,403,64,138,202,19,78,97,3,21,24
2021-07-19,16704,18054,34758,2715,3323,6038,1484,2589,4073,10861,10027,20888,1106,1106,2212,201,229,430,132,215,347,157,437,594,48,128,176
2021-07-20,18555,19748,38303,7472,8517,15989,2543,2910,5453,7359,6749,14108,727,774,1501,195,240,435,156,300,456,85,197,282,18,61,79
2021-07-21,18640,18892,37532,13972,14063,28035,3326,3321,6647,691,725,1416,336,324,660,157,156,313,127,228,355,24,51,75,7,24,31
2021-07-22,19070,17497,36567,13013,11649,24662,4100,3608,7708,1176,1171,2347,504,615,1119,168,241,409,71,96,167,29,79,108,9,38,47
2021-07-23,15551,17606,33157,5966,7140,13106,2814,2903,5717,5663,6054,11717,788,949,1737,204,303,507,82,134,216,31,87,118,3,36,39
2021-07-24,14279,14649,28928,740,979,1719,492,460,952,5675,5465,11140,6935,7092,14027,259,324,583,94,122,216,78,157,235,6,50,56
2021-07-25,11613,13860,25473,6913,9100,16013,2930,2774,5704,901,1033,1934,621,622,1243,195,207,402,34,57,91,15,41,56,4,26,30
2021-07-26,17604,21910,39514,5555,7012,12567,4439,5700,10139,4594,5421,10015,2425,2744,5169,374,519,893,147,312,459,62,149,211,8,53,61
2021-07-27,15317,18890,34207,7102,8307,15409,2996,3851,6847,2822,3624,6446,1250,1486,2736,807,904,1711,235,403,638,86,247,333,19,68,87
2021-07-28,17829,20509,38338,15298,17179,32477,1286,1492,2778,732,1036,1768,319,471,790,133,176,309,34,86,120,18,47,65,9,22,31
2021-07-29,19052,18280,37332,15209,14269,29478,2022,1894,3916,1073,1234,2307,489,534,1023,169,181,350,66,77,143,17,54,71,7,37,44
2021-07-30,16626,16425,33051,5803,5355,11158,6081,5895,11976,3366,3468,6834,1046,1176,2222,231,286,517,61,145,206,34,58,92,4,42,46
2021-07-31,14512,11255,25767,1627,1727,3354,7694,6643,14337,4288,2027,6315,631,495,1126,197,192,389,49,79,128,20,61,81,6,31,37
2021-08-01,6374,7789,14163,1430,1901,3331,2831,3501,6332,1382,1436,2818,480,546,1026,185,235,420,47,95,142,16,51,67,3,24,27
2021-08-02,18670,18149,36819,2975,3355,6330,11167,9895,21062,3586,3725,7311,689,757,1446,174,236,410,57,104,161,16,57,73,6,20,26
2021-08-03,16491,15411,31902,8079,7355,15434,2979,2699,5678,2586,2195,4781,2480,2708,5188,290,279,569,55,94,149,15,57,72,7,24,31
2021-08-04,12985,15273,28258,1991,2560,4551,2748,2866,5614,1620,2016,3636,6347,7430,13777,188,237,425,68,98,166,20,48,68,3,18,21
2021-08-05,9189,8961,18150,3719,3488,7207,3612,3397,7009,1269,1288,2557,427,499,926,124,155,279,27,86,113,10,30,40,1,18,19
2021-08-06,4473,5381,9854,672,787,1459,872,788,1660,369,351,720,210,248,458,1116,1473,2589,1202,1661,2863,28,57,85,4,16,20
2021-08-07,10286,14478,24764,1099,908,2007,70,71,141,58,73,131,60,64,124,1306,1886,3192,7589,11253,18842,89,177,266,15,46,61
2021-08-08,9112,12984,22096,8,19,27,14,18,32,12,16,28,28,62,90,5301,7258,12559,3621,5360,8981,110,213,323,18,38,56
2021-08-09,14306,19721,34027,143,161,304,223,224,447,178,238,416,1045,1535,2580,10623,14608,25231,2000,2690,4690,93,219,312,1,46,47
2021-08-10,14421,19078,33499,364,433,797,511,542,1053,1189,840,2029,1353,1813,3166,7291,9826,17117,3573,5326,8899,120,243,363,20,55,75
2021-08-11,15044,16672,31716,1330,1121,2451,291,452,743,306,432,738,2433,2631,5064,8854,9097,17951,1688,2654,4342,126,229,355,16,56,72
2021-08-12,9685,12968,22653,389,435,824,256,289,545,233,278,511,1815,2279,4094,3735,4321,8056,3112,4999,8111,120,298,418,25,69,94
2021-08-13,13134,18248,31382,123,133,256,189,188,377,150,193,343,376,453,829,5624,7001,12625,6324,9372,15696,299,726,1025,49,182,231
2021-08-14,8466,12756,21222,93,139,232,165,223,388,165,313,478,1604,2184,3788,5550,8190,13740,787,1399,2186,83,244,327,19,64,83
2021-08-15,11716,12702,24418,480,567,1047,819,989,1808,1430,1432,2862,6744,7045,13789,1709,1639,3348,438,767,1205,78,194,272,18,69,87
2021-08-16,9444,11975,21419,1431,1600,3031,1146,1261,2407,2522,2945,5467,1921,2374,4295,1108,1422,2530,1155,1925,3080,132,354,486,29,94,123
2021-08-17,16239,14093,30332,7584,6666,14250,6281,5489,11770,1385,1221,2606,795,419,1214,141,182,323,34,68,102,14,42,56,5,6,11
2021-08-18,11509,12391,23900,4870,4608,9478,1421,1760,3181,1203,1383,2586,1757,1883,3640,1706,1717,3423,476,834,1310,67,163,230,9,43,52
2021-08-19,6034,6263,12297,2426,2304,4730,818,803,1621,477,587,1064,1453,1402,2855,589,656,1245,232,412,644,34,78,112,5,21,26
2021-08-20,13321,12425,25746,2513,2574,5087,1531,1163,2694,1227,1010,2237,7749,7207,14956,210,254,464,69,151,220,19,53,72,3,13,16
2021-08-21,9420,12204,21624,1592,2124,3716,2278,3359,5637,2207,2946,5153,2849,3104,5953,380,423,803,89,158,247,20,68,88,5,22,27
2021-08-22,9968,11267,21235,1546,1956,3502,5271,5508,10779,1750,2119,3869,967,1126,2093,350,418,768,68,109,177,14,29,43,2,2,4
2021-08-23,17383,15751,33134,7369,6953,14322,7742,6319,14061,1325,1349,2674,676,722,1398,210,251,461,47,100,147,13,39,52,1,18,19
2021-08-24,12521,13267,25788,9027,9275,18302,1924,1816,3740,807,958,1765,548,763,1311,168,280,448,36,111,147,7,46,53,4,18,22
2021-08-25,15778,15868,31646,2374,2415,4789,1181,1550,2731,6778,6414,13192,4895,4753,9648,411,473,884,105,152,257,29,82,111,5,29,34
2021-08-26,15199,17742,32941,1914,2491,4405,935,1316,2251,585,842,1427,3749,3687,7436,6729,6907,13636,1114,1958,3072,140,429,569,33,112,145
2021-08-27,18543,18158,36701,10965,10858,21823,3409,2781,6190,1016,1043,2059,2442,2522,4964,561,663,1224,117,194,311,28,71,99,5,26,31
2021-08-28,11121,13383,24504,8209,10513,18722,1664,1453,3117,781,723,1504,336,452,788,84,116,200,37,90,127,8,30,38,2,6,8
2021-08-29,11521,12871,24392,983,1279,2262,556,717,1273,2036,2115,4151,7449,8038,15487,324,417,741,121,233,354,47,58,105,5,14,19
2021-08-30,16093,16863,32956,4061,3695,7756,2374,2322,4696,3195,2993,6188,3920,3971,7891,1660,2136,3796,753,1307,2060,117,347,464,13,92,105
2021-08-31,15753,17496,33249,11188,12757,23945,2051,1881,3932,1601,1671,3272,645,731,1376,180,264,444,66,116,182,17,56,73,5,20,25
2021-09-01,16093,17179,33272,14474,14411,28885,615,664,1279,389,518,907,270,477,747,240,740,980,90,288,378,14,70,84,1,11,12
2021-09-02,16006,19116,35122,9739,9750,19489,1546,2378,3924,2658,3862,6520,1520,2330,3850,365,502,867,155,216,371,20,69,89,3,9,12
2021-09-03,14757,17279,32036,6114,6152,12266,1648,1755,3403,4342,5771,10113,1628,2159,3787,829,1057,1886,163,287,450,30,74,104,3,24,27
2021-09-04,12206,12107,24313,3311,3319,6630,3452,3195,6647,4743,4776,9519,536,540,1076,116,167,283,40,73,113,6,33,39,2,4,6
2021-09-05,12296,12164,24460,1266,1345,2611,2432,2312,4744,7663,7530,15193,766,737,1503,124,177,301,38,40,78,6,17,23,1,6,7
2021-09-06,16342,16050,32392,1602,1503,3105,675,758,1433,10895,10788,21683,2629,2267,4896,419,511,930,94,148,242,20,62,82,8,13,21
2021-09-07,18233,20272,38505,973,1375,2348,1687,2532,4219,8146,7650,15796,3670,3840,7510,2969,3464,6433,664,1035,1699,97,309,406,27,67,94
2021-09-08,10627,10692,21319,2540,2223,4763,2721,2554,5275,3054,3180,6234,1481,1626,3107,623,670,1293,167,278,445,36,122,158,5,39,44
2021-09-09,15329,15168,30497,2495,2645,5140,9277,8485,17762,2208,2409,4617,1071,1188,2259,214,267,481,48,94,142,13,68,81,3,12,15
2021-09-10,5063,5455,10518,2282,2180,4462,785,967,1752,388,429,817,1197,1310,2507,330,407,737,63,122,185,16,36,52,2,4,6
2021-09-11,3407,3276,6683,687,687,1374,1660,1400,3060,260,300,560,695,759,1454,75,80,155,28,32,60,2,15,17,0,3,3
2021-09-12,864,983,1847,218,284,502,345,334,679,187,217,404,91,112,203,18,20,38,5,13,18,0,2,2,0,1,1
2021-09-13,7417,7302,14719,4367,4536,8903,2647,2317,4964,211,227,438,120,124,244,39,38,77,18,24,42,9,25,34,6,11,17
2021-09-14,6501,7621,14122,501,606,1107,416,472,888,391,455,846,4258,4529,8787,753,1251,2004,154,221,375,25,65,90,3,22,25
2021-09-15,17633,19982,37615,1152,1587,2739,1648,2319,3967,3399,3874,7273,8717,8855,17572,2394,2756,5150,234,414,648,71,138,209,18,39,57
2021-09-16,16683,19027,35710,2393,3415,5808,9609,10133,19742,2409,2594,5003,1366,1682,3048,729,836,1565,132,249,381,37,95,132,8,23,31
2021-09-17,14045,14266,28311,8446,8603,17049,3155,2930,6085,1309,1339,2648,798,875,1673,232,303,535,79,129,208,21,68,89,5,19,24
2021-09-18,12255,13227,25482,8642,9007,17649,2124,2207,4331,912,1143,2055,452,602,1054,96,174,270,19,61,80,8,28,36,2,5,7
2021-09-19,9208,9369,18577,5318,5098,10416,2134,2152,4286,1038,1148,2186,515,563,1078,131,189,320,54,138,192,17,64,81,1,17,18
2021-09-20,7251,6963,14214,3473,3339,6812,2214,1873,4087,865,917,1782,434,453,887,175,206,381,77,127,204,10,40,50,3,8,11
2021-09-21,12427,11586,24013,10074,9339,19413,1354,1086,2440,553,546,1099,294,350,644,107,170,277,31,61,92,11,23,34,3,11,14
2021-09-22,8680,7865,16545,5574,4890,10464,2014,1638,3652,582,604,1186,296,366,662,133,169,302,61,128,189,16,47,63,4,23,27
2021-09-23,5849,5981,11830,3971,4086,8057,1082,967,2049,452,466,918,235,271,506,57,97,154,41,56,97,11,30,41,0,8,8
2021-09-24,5788,5953,11741,2979,3064,6043,1240,1233,2473,987,943,1930,428,443,871,103,146,249,39,70,109,10,38,48,2,16,18
2021-09-25,3699,3085,6784,1138,936,2074,1331,848,2179,577,612,1189,502,537,1039,124,109,233,18,27,45,8,11,19,1,5,6
2021-09-26,12320,11275,23595,688,774,1462,1631,1669,3300,5080,4455,9535,4533,3822,8355,320,377,697,54,107,161,12,60,72,2,11,13
2021-09-27,12035,11131,23166,1928,2287,4215,5465,4775,10240,3189,2678,5867,1196,975,2171,188,251,439,46,89,135,22,56,78,1,20,21
2021-09-28,14124,14049,28173,1019,972,1991,9728,8285,18013,1255,1427,2682,807,954,1761,558,777,1335,603,1125,1728,138,409,547,16,100,116
2021-09-29,8801,8652,17453,2583,2776,5359,4430,3813,8243,883,887,1770,550,568,1118,206,249,455,113,226,339,36,104,140,0,29,29
2021-09-30,8618,9951,18569,5394,5796,11190,1121,1386,2507,1063,976,2039,741,1078,1819,227,480,707,56,162,218,15,63,78,1,10,11
2021-10-01,5705,5637,11342,2932,3033,5965,1259,1241,2500,862,717,1579,496,424,920,121,131,252,30,56,86,5,29,34,0,6,6
2021-10-02,2872,2816,5688,1187,1225,2412,848,724,1572,490,473,963,242,215,457,74,97,171,21,49,70,9,26,35,1,7,8
2021-10-03,3217,2798,6015,1522,1333,2855,1015,749,1764,411,356,767,160,180,340,81,109,190,19,46,65,8,21,29,1,4,5
2021-10-04,5768,5537,11305,2519,2348,4867,1869,1580,3449,734,727,1461,413,469,882,162,256,418,54,101,155,13,41,54,4,15,19
2021-10-05,3459,3407,6866,1402,1441,2843,961,829,1790,593,574,1167,359,386,745,111,108,219,23,36,59,8,25,33,2,8,10
2021-10-06,7240,7391,14631,5601,5828,11429,751,632,1383,481,448,929,265,287,552,96,111,207,31,43,74,12,29,41,3,13,16
2021-10-07,3091,3051,6142,1329,1171,2500,855,795,1650,416,440,856,330,386,716,125,166,291,28,59,87,3,25,28,5,9,14
2021-10-08,10684,10471,21155,666,919,1585,6179,5472,11651,1211,1308,2519,1391,1477,2868,1170,1158,2328,49,90,139,17,41,58,1,6,7
2021-10-09,9843,9684,19527,622,751,1373,4491,3972,8463,1236,1249,2485,2272,2353,4625,1167,1223,2390,43,95,138,12,34,46,0,7,7
2021-10-10,7007,7179,14186,442,623,1065,3583,3322,6905,786,892,1678,1337,1359,2696,823,892,1715,25,61,86,10,24,34,1,6,7
2021-10-11,4650,4546,9196,2594,2422,5016,1074,1044,2118,575,532,1107,277,310,587,84,124,208,35,67,102,10,43,53,1,4,5
2021-10-12,10984,10291,21275,6827,6133,12960,1395,1319,2714,1297,1340,2637,946,953,1899,434,424,858,69,87,156,15,28,43,1,7,8
2021-10-13,16600,17522,34122,15181,15870,31051,448,477,925,439,468,907,353,446,799,145,180,325,19,37,56,12,27,39,3,17,20
2021-10-14,13173,13080,26253,9749,9474,19223,1735,1724,3459,883,898,1781,531,615,1146,198,229,427,57,81,138,16,47,63,4,12,16
2021-10-15,12985,12541,25526,7503,6753,14256,3216,3023,6239,1333,1376,2709,630,831,1461,218,382,600,68,117,185,16,44,60,1,15,16
2021-10-16,8786,8964,17750,6392,6294,12686,1297,1329,2626,632,740,1372,309,351,660,119,153,272,30,64,94,7,23,30,0,10,10
2021-10-17,3127,3577,6704,2106,2231,4337,423,531,954,285,350,635,201,268,469,88,120,208,20,49,69,3,23,26,1,5,6
2021-10-18,12209,11814,24023,9742,9497,19239,1000,862,1862,831,710,1541,480,470,950,132,197,329,19,42,61,5,23,28,0,13,13
2021-10-19,9259,8860,18119,5802,5562,11364,1557,1348,2905,1023,991,2014,537,556,1093,294,319,613,33,57,90,12,18,30,1,9,10
2021-10-20,8991,8612,17603,7127,6856,13983,841,729,1570,587,548,1135,293,286,579,112,117,229,21,49,70,7,21,28,3,6,9
2021-10-21,10859,11242,22101,8588,9070,17658,1054,902,1956,586,538,1124,369,366,735,197,228,425,37,64,101,26,49,75,2,25,27
2021-10-22,13835,14621,28456,10943,11346,22289,1371,1389,2760,686,802,1488,587,657,1244,191,264,455,43,97,140,14,56,70,0,10,10
2021-10-23,8715,8800,17515,7462,7543,15005,689,666,1355,258,284,542,178,164,342,91,85,176,23,35,58,10,17,27,4,6,10
2021-10-24,9163,9140,18303,8697,8628,17325,192,199,391,126,143,269,79,81,160,49,58,107,13,21,34,5,7,12,2,3,5
2021-10-25,9963,10311,20274,8035,7904,15939,855,879,1734,600,693,1293,299,419,718,114,227,341,44,120,164,13,56,69,3,13,16
2021-10-26,11788,11456,23244,10344,10068,20412,771,679,1450,333,345,678,210,196,406,87,79,166,29,42,71,12,31,43,2,16,18
2021-10-27,12445,12665,25110,11189,11332,22521,567,574,1141,372,371,743,205,211,416,75,109,184,32,46,78,5,19,24,0,3,3
2021-10-28,12797,12955,25752,11302,11373,22675,674,627,1301,417,426,843,259,278,537,96,143,239,36,57,93,8,35,43,5,16,21
2021-10-29,12507,12482,24989,11604,11562,23166,482,433,915,215,241,456,124,120,244,61,61,122,14,32,46,6,24,30,1,9,10
2021-10-30,8583,8690,17273,7956,8046,16002,340,312,652,155,165,320,85,89,174,40,47,87,5,22,27,2,7,9,0,2,2
2021-10-31,8055,7908,15963,7375,7262,14637,337,343,680,183,151,334,101,85,186,36,35,71,16,23,39,5,7,12,2,2,4
2021-11-01,7970,7161,15131,4604,4396,9000,2299,1695,3994,637,521,1158,281,302,583,121,156,277,25,66,91,3,16,19,0,9,9
2021-11-02,3955,3945,7900,2478,2218,4696,854,853,1707,334,418,752,190,255,445,67,118,185,14,46,60,8,25,33,10,12,22
2021-11-03,9457,10099,19556,8827,9470,18297,281,248,529,185,165,350,109,109,218,36,58,94,11,26,37,7,16,23,1,7,8
2021-11-04,9698,9768,19466,9120,9122,18242,251,276,527,166,151,317,88,84,172,39,62,101,19,46,65,10,18,28,5,9,14
2021-11-05,3919,3514,7433,3376,2993,6369,218,217,435,139,126,265,116,80,196,41,49,90,19,23,42,9,17,26,1,9,10
2021-11-06,3305,3285,6590,2890,2811,5701,182,183,365,97,116,213,87,103,190,34,35,69,8,22,30,5,13,18,2,2,4
2021-11-07,3233,3127,6360,2741,2664,5405,221,203,424,132,108,240,79,58,137,36,46,82,16,24,40,8,17,25,0,7,7
2021-11-08,8892,9154,18046,8124,8159,16283,343,393,736,209,249,458,134,183,317,57,92,149,20,57,77,4,11,15,1,10,11
2021-11-09,4127,4167,8294,3567,3502,7069,262,278,540,168,171,339,90,118,208,31,47,78,6,31,37,3,12,15,0,8,8
2021-11-10,5963,5541,11504,5442,4938,10380,246,257,503,126,130,256,72,86,158,53,54,107,20,42,62,3,21,24,1,13,14
2021-11-11,4995,4772,9767,4308,4055,8363,315,256,571,169,173,342,103,128,231,44,69,113,31,49,80,21,34,55,4,8,12
2021-11-12,7553,7636,15189,6864,6886,13750,254,253,507,219,226,445,117,106,223,62,89,151,24,47,71,8,20,28,5,9,14
2021-11-13,1194,1086,2280,1160,1057,2217,12,10,22,12,7,19,5,7,12,3,4,7,0,1,1,1,0,1,1,0,1
2021-11-14,1390,1372,2762,1373,1360,2733,7,7,14,6,3,9,4,0,4,0,2,2,0,0,0,0,0,0,0,0,0
2021-11-15,6745,6780,13525,6040,6013,12053,248,278,526,241,245,486,169,162,331,34,40,74,9,26,35,4,14,18,0,2,2
2021-11-16,10068,9748,19816,7670,7611,15281,1044,859,1903,868,737,1605,312,301,613,132,155,287,32,45,77,8,31,39,2,9,11
2021-11-17,11991,11731,23722,11404,11092,22496,322,284,606,130,154,284,89,102,191,27,44,71,9,28,37,4,17,21,6,10,16
2021-11-18,11588,11341,22929,11063,10794,21857,235,214,449,157,153,310,87,90,177,32,44,76,9,18,27,3,16,19,2,12,14
2021-11-19,11164,10861,22025,10272,9903,20175,412,399,811,229,236,465,153,178,331,63,78,141,28,38,66,7,20,27,0,9,9
2021-11-20,3680,3903,7583,3314,3496,6810,140,134,274,102,117,219,78,74,152,24,48,72,13,21,34,7,11,18,2,2,4
2021-11-21,3808,3900,7708,3302,3354,6656,177,181,358,136,155,291,121,127,248,50,52,102,14,19,33,6,8,14,2,4,6
2021-11-22,4759,4825,9584,4251,4279,8530,214,226,440,144,126,270,99,109,208,37,37,74,10,28,38,3,13,16,1,7,8
2021-11-23,7516,7553,15069,6644,6686,13330,408,379,787,232,218,450,159,159,318,46,65,111,18,24,42,7,16,23,2,6,8
2021-11-24,8493,8262,16755,7599,7404,15003,448,374,822,243,221,464,137,149,286,38,64,102,17,27,44,8,18,26,3,5,8
2021-11-25,2552,2452,5004,1922,1801,3723,350,277,627,151,185,336,62,83,145,38,51,89,15,24,39,9,27,36,5,4,9
2021-11-26,6225,6114,12339,5175,5100,10275,457,425,882,302,273,575,185,154,339,62,89,151,29,45,74,13,18,31,2,10,12
2021-11-27,5065,5084,10149,4549,4481,9030,198,212,410,140,153,293,111,128,239,43,59,102,16,27,43,4,16,20,4,8,12
2021-11-28,4810,4558,9368,4353,4082,8435,226,232,458,114,125,239,64,63,127,39,25,64,9,21,30,5,8,13,0,2,2
2021-11-29,4703,4703,9406,3915,3896,7811,399,395,794,230,216,446,112,100,212,31,58,89,10,23,33,4,8,12,2,7,9
2021-11-30,5781,5725,11506,4743,4626,9369,576,555,1131,245,226,471,117,149,266,70,96,166,20,45,65,7,17,24,3,11,14
2021-12-01,7141,6767,13908,6220,5770,11990,437,406,843,230,231,461,163,170,333,58,109,167,25,49,74,7,22,29,1,10,11
2021-12-02,7248,7388,14636,6141,6059,12200,518,487,1005,368,412,780,134,234,368,57,90,147,24,65,89,5,28,33,1,13,14
2021-12-03,2392,2316,4708,1803,1711,3514,299,289,588,138,131,269,77,86,163,53,52,105,18,31,49,3,13,16,1,3,4
2021-12-04,2531,2566,5097,2181,2212,4393,137,134,271,106,87,193,52,64,116,34,36,70,16,20,36,5,8,13,0,5,5
2021-12-05,1970,2021,3991,1638,1640,3278,170,166,336,73,90,163,52,62,114,26,37,63,7,14,21,3,8,11,1,4,5
2021-12-06,5300,5277,10577,4486,4387,8873,377,378,755,236,264,500,123,139,262,51,61,112,21,30,51,5,14,19,1,4,5
2021-12-07,4078,4103,8181,3137,3114,6251,464,447,911,249,263,512,136,129,265,59,88,147,28,42,70,3,16,19,2,4,6
2021-12-08,3073,3028,6101,2483,2460,4943,246,213,459,148,140,288,123,113,236,48,56,104,19,26,45,4,12,16,2,8,10
2021-12-09,5388,5260,10648,4848,4656,9504,242,225,467,144,160,304,86,98,184,43,62,105,19,39,58,5,18,23,1,2,3
2021-12-10,3404,3253,6657,2932,2725,5657,227,216,443,118,108,226,65,91,156,43,52,95,12,26,38,7,18,25,0,17,17
2021-12-11,2314,2347,4661,1835,1870,3705,231,185,416,108,121,229,74,91,165,46,39,85,15,21,36,5,16,21,0,4,4
2021-12-12,2165,2000,4165,1569,1438,3007,334,272,606,146,143,289,73,79,152,36,42,78,6,17,23,1,7,8,0,2,2
2021-12-13,2192,2082,4274,1411,1389,2800,424,353,777,193,152,345,107,101,208,39,44,83,12,25,37,5,14,19,1,4,5
2021-12-14,3119,3130,6249,2363,2358,4721,354,315,669,205,219,424,118,104,222,54,69,123,16,34,50,7,22,29,2,9,11
2021-12-15,3081,3071,6152,2380,2338,4718,301,251,552,193,184,377,131,148,279,56,74,130,17,49,66,2,16,18,1,11,12
2021-12-16,3164,2969,6133,2544,2398,4942,313,228,541,159,142,301,94,94,188,36,52,88,12,34,46,5,15,20,1,6,7
2021-12-17,2888,2894,5782,2351,2260,4611,249,228,477,139,142,281,78,127,205,49,66,115,15,37,52,5,28,33,2,6,8
2021-12-18,2320,2244,4564,1693,1645,3338,269,225,494,176,183,359,107,89,196,48,58,106,16,20,36,10,18,28,1,6,7
2021-12-19,2456,2285,4741,1823,1706,3529,299,272,571,181,139,320,95,92,187,35,33,68,13,18,31,8,15,23,2,10,12
2021-12-20,3540,3230,6770,2618,2369,4987,491,422,913,243,209,452,117,105,222,41,50,91,17,37,54,9,28,37,4,10,14
2021-12-21,4043,3607,7650,2994,2691,5685,540,445,985,282,220,502,152,160,312,51,43,94,16,18,34,6,18,24,2,12,14
2021-12-22,4296,3993,8289,3364,3022,6386,412,366,778,249,257,506,164,153,317,68,112,180,32,53,85,4,18,22,3,12,15
2021-12-23,3878,3739,7617,3030,2859,5889,429,380,809,239,241,480,123,130,253,41,66,107,13,37,50,3,20,23,0,6,6
2021-12-24,1094,963,2057,734,673,1407,169,126,295,92,87,179,67,40,107,21,17,38,8,8,16,1,7,8,2,5,7
2021-12-25,4,13,17,0,1,1,0,0,0,0,0,0,0,0,0,0,3,3,3,0,3,0,6,6,1,3,4
2021-12-26,2205,2163,4368,1677,1610,3287,253,270,523,152,156,308,80,57,137,27,33,60,10,22,32,5,9,14,1,6,7
2021-12-27,4310,3866,8176,2968,2572,5540,658,583,1241,396,320,716,192,219,411,70,81,151,19,49,68,5,32,37,2,10,12
2021-12-28,4150,3876,8026,2844,2677,5521,594,489,1083,354,339,693,243,192,435,71,92,163,36,47,83,7,27,34,1,13,14
2021-12-29,4511,4092,8603,3303,3027,6330,611,478,1089,350,334,684,164,131,295,52,54,106,18,31,49,10,33,43,3,4,7
2021-12-30,4221,3750,7971,3136,2756,5892,559,439,998,282,269,551,161,136,297,53,62,115,23,47,70,7,31,38,0,10,10
2021-12-31,1214,1134,2348,888,803,1691,158,156,314,110,79,189,33,54,87,14,19,33,9,14,23,2,7,9,0,2,2
2022-01-01,4,7,11,3,5,8,0,1,1,1,0,1,0,0,0,0,1,1,0,0,0,0,0,0,0,0,0
2022-01-02,2233,2152,4385,1701,1604,3305,252,265,517,148,136,284,85,80,165,32,32,64,12,18,30,3,14,17,0,3,3
2022-01-03,3680,3255,6935,2242,2025,4267,832,606,1438,330,294,624,179,170,349,65,89,154,21,38,59,10,29,39,1,4,5
2022-01-04,3101,3025,6126,2034,1953,3987,533,454,987,282,297,579,166,168,334,62,76,138,19,44,63,3,29,32,2,4,6
2022-01-05,3695,3505,7200,2391,2286,4677,774,598,1372,279,273,552,160,173,333,60,84,144,22,54,76,8,31,39,1,6,7
2022-01-06,3211,3032,6243,2386,2187,4573,427,341,768,210,219,429,105,111,216,52,90,142,23,42,65,5,27,32,3,15,18
2022-01-07,4969,4827,9796,3373,3261,6634,886,759,1645,388,352,740,183,202,385,89,139,228,30,62,92,14,40,54,6,12,18
2022-01-08,2070,1955,4025,1430,1399,2829,308,270,578,178,125,303,94,81,175,42,37,79,15,23,38,3,13,16,0,7,7
2022-01-09,2297,2037,4334,1659,1477,3136,381,312,693,143,122,265,63,61,124,37,32,69,11,22,33,1,7,8,2,4,6
2022-01-10,2656,2376,5032,1830,1676,3506,453,325,778,207,171,378,101,86,187,32,53,85,22,38,60,8,21,29,3,6,9
2022-01-11,2864,2716,5580,2042,1886,3928,437,391,828,227,208,435,86,112,198,41,52,93,21,31,52,7,24,31,3,12,15
2022-01-12,2677,2555,5232,2063,1929,3992,298,261,559,179,157,336,89,74,163,28,55,83,15,42,57,4,23,27,1,14,15
2022-01-13,2745,2521,5266,2202,1997,4199,259,235,494,145,140,285,78,71,149,39,43,82,13,21,34,7,8,15,2,6,8
2022-01-14,2571,2380,4951,2016,1905,3921,292,207,499,146,133,279,79,61,140,23,40,63,5,21,26,9,9,18,1,4,5
2022-01-15,1546,1396,2942,1266,1150,2416,165,127,292,63,53,116,35,34,69,9,20,29,6,5,11,2,3,5,0,4,4
2022-01-16,1474,1407,2881,1174,1127,2301,177,142,319,69,63,132,30,40,70,19,19,38,4,10,14,1,4,5,0,2,2
2022-01-17,3202,3002,6204,2128,1946,4074,586,527,1113,247,253,500,148,136,284,64,79,143,21,36,57,6,17,23,2,8,10
2022-01-18,2841,2605,5446,1884,1692,3576,491,427,918,281,253,534,122,117,239,37,51,88,17,36,53,5,20,25,4,9,13
2022-01-19,2778,2449,5227,1937,1760,3697,439,326,765,220,162,382,101,100,201,59,46,105,20,36,56,1,15,16,1,4,5
2022-01-20,3588,3409,6997,2667,2514,5181,444,387,831,216,228,444,161,152,313,69,69,138,20,34,54,10,21,31,1,4,5
2022-01-21,3162,2925,6087,2322,2099,4421,382,340,722,255,217,472,122,119,241,45,64,109,25,43,68,7,34,41,4,9,13
2022-01-22,1415,1306,2721,986,896,1882,212,186,398,129,113,242,61,58,119,21,19,40,5,18,23,1,13,14,0,3,3
2022-01-23,1421,1215,2636,956,850,1806,229,168,397,143,110,253,59,37,96,18,27,45,14,12,26,1,8,9,1,3,4
2022-01-24,3102,2798,5900,2096,1856,3952,540,427,967,264,247,511,118,129,247,54,69,123,22,47,69,6,20,26,2,3,5
2022-01-25,2814,2555,5369,1829,1691,3520,464,363,827,263,221,484,163,147,310,63,68,131,24,32,56,8,19,27,0,14,14
2022-01-26,2656,2422,5078,1925,1773,3698,322,256,578,216,177,393,126,127,253,48,53,101,15,18,33,2,17,19,2,1,3
2022-01-27,2477,2308,4785,1873,1761,3634,316,247,563,176,139,315,72,87,159,27,42,69,8,20,28,4,7,11,1,5,6
2022-01-28,2114,2022,4136,1535,1431,2966,279,227,506,159,147,306,78,107,185,43,50,93,11,33,44,6,21,27,3,6,9
2022-01-29,1398,1303,2701,983,880,1863,192,181,373,122,103,225,66,64,130,18,42,60,14,20,34,3,13,16,0,0,0
2022-01-30,1500,1293,2793,1088,961,2049,207,142,349,120,93,213,56,50,106,18,24,42,7,10,17,4,10,14,0,3,3
2022-01-31,2020,1761,3781,1395,1178,2573,336,271,607,161,159,320,86,78,164,28,36,64,9,21,30,5,13,18,0,5,5
2022-02-01,2137,2011,4148,1454,1349,2803,367,295,662,182,185,367,89,86,175,22,52,74,18,25,43,5,14,19,0,5,5
2022-02-02,2123,1969,4092,1458,1332,2790,352,273,625,161,165,326,90,87,177,39,51,90,16,29,45,6,24,30,1,8,9
2022-02-03,1890,1714,3604,1416,1275,2691,250,187,437,115,128,243,67,50,117,24,23,47,12,27,39,4,15,19,2,9,11
