FECHA,TotalM,TotalF,Total,<=30M,<=30F,<=30,31-40M,31-40F,31-40,41-50M,41-50F,41-50,51-60M,51-60F,51-60,61-70M,61-70F,61-70,71-80M,71-80F,71-80,81-90M,81-90F,81-90,>=91M,>=91F,>=91
2020-12-29,259,409,668,38,68,106,92,125,217,79,132,211,49,82,131,1,2,3,0,0,0,0,0,0,0,0,0
2020-12-30,558,887,1445,83,165,248,198,265,463,169,281,450,105,173,278,3,3,6,0,0,0,0,0,0,0,0,0
2020-12-31,595,928,1523,90,168,258,210,280,490,181,296,477,111,180,291,3,4,7,0,0,0,0,0,0,0,0,0
2021-01-01,595,929,1524,90,168,258,210,281,491,181,296,477,111,180,291,3,4,7,0,0,0,0,0,0,0,0,0
2021-01-02,734,1169,1903,104,196,300,264,375,639,228,362,590,134,231,365,4,5,9,0,0,0,0,0,0,0,0,0
2021-01-03,783,1267,2050,112,210,322,286,415,701,239,390,629,142,247,389,4,5,9,0,0,0,0,0,0,0,0,0
2021-01-04,1103,1790,2893,169,301,470,389,603,992,331,543,874,209,338,547,5,5,10,0,0,0,0,0,0,0,0,0
2021-01-05,1572,2519,4091,238,429,667,584,845,1429,450,760,1210,294,476,770,6,8,14,0,1,1,0,0,0,0,0,0
2021-01-06,2086,3287,5373,328,572,900,780,1079,1859,591,984,1575,380,642,1022,7,9,16,0,1,1,0,0,0,0,0,0
2021-01-07,2611,4176,6787,413,728,1141,959,1387,2346,740,1243,1983,492,808,1300,7,9,16,0,1,1,0,0,0,0,0,0
2021-01-08,3277,5354,8631,535,958,1493,1184,1789,2973,931,1582,2513,615,1012,1627,12,12,24,0,1,1,0,0,0,0,0,0
2021-01-09,3445,5626,9071,549,998,1547,1254,1891,3145,983,1668,2651,647,1056,1703,12,12,24,0,1,1,0,0,0,0,0,0
2021-01-10,3653,5985,9638,582,1046,1628,1343,2042,3385,1036,1770,2806,678,1114,1792,14,12,26,0,1,1,0,0,0,0,0,0
2021-01-11,4310,7176,11486,693,1304,1997,1608,2443,4051,1210,2093,3303,783,1320,2103,16,15,31,0,1,1,0,0,0,0,0,0
2021-01-12,4899,8265,13164,788,1494,2282,1843,2831,4674,1360,2383,3743,891,1540,2431,17,16,33,0,1,1,0,0,0,0,0,0
2021-01-13,5366,9154,14520,867,1673,2540,2007,3154,5161,1488,2616,4104,986,1694,2680,18,16,34,0,1,1,0,0,0,0,0,0
2021-01-14,6164,10567,16731,1036,1952,2988,2299,3640,5939,1704,3009,4713,1107,1948,3055,18,17,35,0,1,1,0,0,0,0,0,0
2021-01-15,7356,12783,20139,1251,2402,3653,2764,4410,7174,2010,3620,5630,1313,2330,3643,18,20,38,0,1,1,0,0,0,0,0,0
2021-01-16,7831,13637,21468,1347,2555,3902,2940,4737,7677,2131,3863,5994,1395,2461,3856,18,20,38,0,1,1,0,0,0,0,0,0
2021-01-17,8116,14181,22297,1413,2648,4061,3053,4951,8004,2203,4016,6219,1429,2545,3974,18,20,38,0,1,1,0,0,0,0,0,0
2021-01-18,8304,14497,22801,1441,2702,4143,3114,5055,8169,2259,4119,6378,1472,2600,4072,18,20,38,0,1,1,0,0,0,0,0,0
2021-01-19,8589,14965,23554,1477,2769,4246,3195,5223,8418,2353,4264,6617,1543,2687,4230,21,21,42,0,1,1,0,0,0,0,0,0
2021-01-20,8879,15464,24343,1508,2862,4370,3303,5372,8675,2440,4421,6861,1607,2784,4391,21,24,45,0,1,1,0,0,0,0,0,0
2021-01-21,9009,15653,24662,1531,2891,4422,3348,5425,8773,2475,4485,6960,1629,2825,4454,26,25,51,0,2,2,0,0,0,0,0,0
2021-01-22,9047,15704,24751,1538,2901,4439,3363,5440,8803,2487,4502,6989,1631,2833,4464,27,26,53,1,2,3,0,0,0,0,0,0
2021-01-23,9165,15903,25068,1548,2922,4470,3408,5518,8926,2526,4561,7087,1654,2874,4528,28,26,54,1,2,3,0,0,0,0,0,0
2021-01-24,9210,15991,25201,1553,2931,4484,3429,5555,8984,2537,4587,7124,1662,2890,4552,28,26,54,1,2,3,0,0,0,0,0,0
2021-01-25,9493,16462,25955,1598,3013,4611,3514,5704,9218,2618,4732,7350,1732,2983,4715,30,28,58,1,2,3,0,0,0,0,0,0
2021-01-26,9881,17125,27006,1642,3121,4763,3661,5894,9555,2728,4951,7679,1814,3125,4939,35,32,67,1,2,3,0,0,0,0,0,0
2021-01-27,10330,17789,28119,1717,3237,4954,3831,6090,9921,2846,5146,7992,1896,3280,5176,39,34,73,1,2,3,0,0,0,0,0,0
2021-01-28,10790,18593,29383,1793,3380,5173,3983,6363,10346,2974,5371,8345,1999,3441,5440,40,36,76,1,2,3,0,0,0,0,0,0
2021-01-29,11425,19654,31079,1896,3568,5464,4224,6738,10962,3156,5678,8834,2103,3628,5731,45,40,85,1,2,3,0,0,0,0,0,0
2021-01-30,11578,19914,31492,1916,3607,5523,4283,6842,11125,3201,5755,8956,2132,3668,5800,45,40,85,1,2,3,0,0,0,0,0,0
2021-01-31,11695,20140,31835,1939,3640,5579,4325,6935,11260,3233,5815,9048,2151,3707,5858,46,40,86,1,3,4,0,0,0,0,0,0
2021-02-01,12243,21088,33331,2030,3816,5846,4550,7268,11818,3384,6070,9454,2231,3885,6116,47,45,92,1,4,5,0,0,0,0,0,0
2021-02-02,13424,23094,36518,2143,4060,6203,4840,7734,12574,3590,6510,10100,2455,4346,6801,353,409,762,37,33,70,5,2,7,1,0,1
2021-02-03,14691,25408,40099,2281,4387,6668,5163,8352,13515,3843,7056,10899,2702,4820,7522,620,728,1348,73,61,134,8,4,12,1,0,1
2021-02-04,15935,27736,43671,2440,4711,7151,5523,9018,14541,4135,7622,11757,2924,5302,8226,787,979,1766,112,97,209,12,7,19,2,0,2
2021-02-05,17846,31455,49301,2720,5290,8010,6143,10189,16332,4540,8534,13074,3282,6038,9320,978,1255,2233,164,139,303,17,10,27,2,0,2
2021-02-06,18290,32263,50553,2801,5408,8209,6280,10468,16748,4656,8764,13420,3369,6192,9561,1000,1281,2281,165,140,305,17,10,27,2,0,2
2021-02-07,18643,32915,51558,2855,5498,8353,6393,10705,17098,4766,8956,13722,3427,6303,9730,1016,1302,2318,167,141,308,17,10,27,2,0,2
2021-02-08,19513,34511,54024,2984,5778,8762,6672,11207,17879,4977,9386,14363,3577,6574,10151,1105,1405,2510,178,151,329,18,10,28,2,0,2
2021-02-09,20507,36446,56953,3125,6120,9245,6976,11778,18754,5205,9849,15054,3758,6979,10737,1226,1552,2778,192,158,350,23,10,33,2,0,2
2021-02-10,21049,37476,58525,3208,6285,9493,7110,12104,19214,5350,10114,15464,3866,7184,11050,1286,1614,2900,201,165,366,26,10,36,2,0,2
2021-02-11,21505,38547,60052,3279,6466,9745,7256,12453,19709,5448,10386,15834,3937,7382,11319,1343,1677,3020,213,173,386,27,10,37,2,0,2
2021-02-12,22024,39510,61534,3353,6626,9979,7426,12789,20215,5566,10665,16231,4029,7521,11550,1392,1718,3110,226,181,407,30,10,40,2,0,2
2021-02-13,22052,39554,61606,3355,6634,9989,7437,12806,20243,5572,10674,16246,4037,7530,11567,1392,1719,3111,227,181,408,30,10,40,2,0,2
2021-02-14,22058,39579,61637,3357,6641,9998,7439,12814,20253,5572,10684,16256,4039,7530,11569,1392,1719,3111,227,181,408,30,10,40,2,0,2
2021-02-15,22060,39582,61642,3357,6642,9999,7441,12815,20256,5572,10684,16256,4039,7531,11570,1392,1719,3111,227,181,408,30,10,40,2,0,2
2021-02-16,22071,39619,61690,3358,6643,10001,7449,12833,20282,5574,10698,16272,4039,7534,11573,1392,1719,3111,227,182,409,30,10,40,2,0,2
2021-02-17,22876,41134,64010,3487,6872,10359,7699,13289,20988,5744,11132,16876,4185,7820,12005,1490,1825,3315,239,186,425,30,10,40,2,0,2
2021-02-18,24741,45050,69791,3706,7417,11123,8228,14346,22574,6127,12165,18292,4551,8605,13156,1760,2220,3980,318,281,599,49,16,65,2,0,2
2021-02-19,26427,48882,75309,3904,7957,11861,8681,15463,24144,6558,13153,19711,4860,9343,14203,1973,2556,4529,384,383,767,62,27,89,5,0,5
2021-02-20,26884,49672,76556,3949,8041,11990,8819,15736,24555,6671,13346,20017,4948,9495,14443,2026,2638,4664,403,389,792,63,27,90,5,0,5
2021-02-21,27212,50176,77388,3984,8106,12090,8912,15923,24835,6751,13477,20228,5027,9581,14608,2059,2668,4727,409,394,803,65,27,92,5,0,5
2021-02-22,30639,56424,87063,4179,8553,12732,9265,16788,26053,7023,14178,21201,5282,10128,15410,2371,2982,5353,804,928,1732,1542,2441,3983,173,426,599
2021-02-23,34605,63819,98424,4430,9081,13511,9709,17884,27593,7449,15181,22630,5646,10930,16576,2849,3595,6444,1159,1422,2581,3013,4862,7875,350,864,1214
2021-02-24,38663,71439,110102,4688,9545,14233,10264,18940,29204,7896,16149,24045,5974,11682,17656,3234,4101,7335,1559,2040,3599,4534,7615,12149,514,1367,1881
2021-02-25,42707,78997,121704,4923,10078,15001,10789,20034,30823,8392,17046,25438,6346,12468,18814,3580,4594,8174,1894,2614,4508,6065,10282,16347,718,1881,2599
2021-02-26,46622,86884,133506,5174,10642,15816,11335,21157,32492,8772,18000,26772,6742,13326,20068,3935,5100,9035,2253,3144,5397,7504,13064,20568,907,2451,3358
2021-02-27,47149,87998,135147,5214,10717,15931,11434,21287,32721,8860,18122,26982,6802,13432,20234,3992,5205,9197,2318,3273,5591,7607,13376,20983,922,2586,3508
2021-02-28,47305,88351,135656,5229,10734,15963,11464,21345,32809,8877,18158,27035,6815,13450,20265,4028,5238,9266,2333,3311,5644,7632,13467,21099,927,2648,3575
2021-03-01,50394,94446,144840,5341,10968,16309,11727,21876,33603,9101,18557,27658,6980,13834,20814,4222,5489,9711,2691,3871,6562,9205,16664,25869,1127,3187,4314
2021-03-02,53437,100356,153793,5468,11271,16739,11959,22380,34339,9275,18985,28260,7137,14182,21319,4409,5804,10213,3062,4449,7511,10791,19588,30379,1336,3697,5033
2021-03-03,56323,106198,162521,5601,11530,17131,12211,22975,35186,9496,19481,28977,7296,14570,21866,4547,6040,10587,3367,4968,8335,12254,22387,34641,1551,4247,5798
2021-03-04,57610,109083,166693,5724,11849,17573,12444,23531,35975,9686,19902,29588,7436,14902,22338,4667,6267,10934,3485,5173,8658,12585,23067,35652,1583,4392,5975
2021-03-05,58733,111702,170435,5820,12096,17916,12693,24110,36803,9884,20450,30334,7601,15304,22905,4787,6484,11271,3560,5316,8876,12771,23465,36236,1617,4477,6094
2021-03-06,59393,114046,173439,5861,12337,18198,12868,24637,37505,10019,20961,30980,7703,15732,23435,4815,6540,11355,3626,5461,9087,12861,23775,36636,1640,4603,6243
2021-03-07,60043,116115,176158,5896,12528,18424,13014,25126,38140,10167,21418,31585,7825,16094,23919,4850,6584,11434,3694,5593,9287,12937,24027,36964,1660,4745,6405
2021-03-08,61503,119460,180963,5989,12784,18773,13199,25570,38769,10302,21808,32110,7963,16444,24407,4981,6858,11839,3873,5901,9774,13464,25047,38511,1732,5048,6780
2021-03-09,65272,126314,191586,6147,13092,19239,13534,26258,39792,10575,22340,32915,8214,16947,25161,5252,7213,12465,4292,6572,10864,15300,28174,43474,1958,5718,7676
2021-03-10,69326,135061,204387,6360,13611,19971,13923,27382,41305,10913,23453,34366,8563,17943,26506,5478,7547,13025,4698,7219,11917,17185,31508,48693,2206,6398,8604
2021-03-11,74516,147409,221925,6771,14525,21296,14669,29415,44084,11477,25643,37120,9089,19568,28657,5845,8087,13932,5142,7957,13099,19107,35163,54270,2416,7051,9467
2021-03-12,78338,157744,236082,7203,15579,22782,15506,31950,47456,12159,28173,40332,9669,21432,31101,6136,8548,14684,5375,8285,13660,19768,36450,56218,2522,7327,9849
2021-03-13,79840,162860,242700,7398,16363,23761,15927,33455,49382,12539,29577,42116,9969,22395,32364,6226,8677,14903,5405,8366,13771,19837,36628,56465,2539,7399,9938
2021-03-14,80883,166816,247699,7494,16876,24370,16232,34558,50790,12831,30801,43632,10211,23331,33542,6306,8810,15116,5430,8406,13836,19840,36633,56473,2539,7401,9940
2021-03-15,83865,175810,259675,7755,17906,25661,16881,36773,53654,13388,32969,46357,10716,25022,35738,6591,9333,15924,5643,8734,14377,20284,37538,57822,2607,7535,10142
2021-03-16,87799,185277,273076,8022,18751,26773,17495,38555,56050,13952,34693,48645,11179,26452,37631,6925,9933,16858,6022,9307,15329,21487,39737,61224,2717,7849,10566
2021-03-17,91984,194547,286531,8317,19433,27750,18118,40260,58378,14532,36312,50844,11629,27677,39306,7317,10640,17957,6446,9984,16430,22763,42056,64819,2862,8185,11047
2021-03-18,96374,204447,300821,8656,20336,28992,18866,42199,61065,15217,38091,53308,12212,29118,41330,7643,11232,18875,6887,10679,17566,23891,44219,68110,3002,8573,11575
2021-03-19,100551,214406,314957,9014,21341,30355,19650,44273,63923,15995,39968,55963,12844,30622,43466,7897,11620,19517,7191,11190,18381,24806,46275,71081,3154,9117,12271
2021-03-20,102738,219358,322096,9084,21564,30648,19858,44749,64607,16186,40433,56619,13041,31093,44134,8355,12699,21054,7576,11814,19390,25386,47575,72961,3252,9431,12683
2021-03-21,104414,222832,327246,9108,21628,30736,19930,44883,64813,16229,40514,56743,13136,31288,44424,8992,14121,23113,7996,12502,20498,25717,48287,74004,3306,9609,12915
2021-03-22,106513,227331,333844,9276,21929,31205,20245,45577,65822,16474,41094,57568,13368,31932,45300,9571,15569,25140,8465,13187,21652,25795,48408,74203,3319,9635,12954
2021-03-23,109548,234335,343883,9398,22202,31600,20511,46166,66677,16692,41631,58323,13576,32394,45970,9980,16443,26423,8921,13931,22852,26950,51139,78089,3520,10429,13949
2021-03-24,111409,238468,349877,9404,22220,31624,20523,46194,66717,16702,41658,58360,13614,32456,46070,10218,17008,27226,9264,14589,23853,28007,53410,81417,3677,10933,14610
2021-03-25,113528,242806,356334,9535,22523,32058,20787,46762,67549,16949,42102,59051,13778,32781,46559,10313,17166,27479,9569,15051,24620,28799,55076,83875,3798,11345,15143
2021-03-26,114645,245470,360115,9573,22621,32194,20896,46961,67857,17028,42279,59307,13868,32923,46791,10436,17553,27989,9751,15447,25198,29213,56015,85228,3880,11671,15551
2021-03-27,115384,247338,362722,9576,22627,32203,20901,46976,67877,17031,42293,59324,13873,32946,46819,10453,17593,28046,9902,15777,25679,29699,57098,86797,3949,12028,15977
2021-03-28,116094,249225,365319,9578,22631,32209,20904,46983,67887,17032,42303,59335,13881,32959,46840,10483,17633,28116,10044,16036,26080,30132,58243,88375,4040,12437,16477
2021-03-29,118415,255104,373519,9782,23163,32945,21327,48083,69410,17386,43209,60595,14163,33706,47869,10634,17923,28557,10286,16438,26724,30686,59653,90339,4151,12929,17080
2021-03-30,121579,262387,383966,9906,23463,33369,21576,48749,70325,17616,43747,61363,15218,36086,51304,11402,19171,30573,10656,17137,27793,30991,60708,91699,4214,13326,17540
2021-03-31,125756,270936,396692,10138,23993,34131,22072,49994,72066,18050,44830,62880,15456,36588,52044,11567,19392,30959,12703,20311,33014,31455,62016,93471,4315,13812,18127
2021-04-01,130295,278526,408821,10162,24021,34183,22101,50079,72180,18592,45866,64458,15845,37343,53188,11635,19595,31230,15774,24665,40439,31805,62879,94684,4381,14078,18459
2021-04-02,134710,285744,420454,10163,24024,34187,22103,50086,72189,19504,47602,67106,15853,37357,53210,11650,19621,31271,18940,29314,48254,32078,63491,95569,4419,14249,18668
2021-04-03,138465,291833,430298,10164,24032,34196,22108,50090,72198,19513,47609,67122,15861,37364,53225,11659,19632,31291,22522,34957,57479,32185,63784,95969,4453,14365,18818
2021-04-04,139574,293581,433155,10164,24032,34196,22109,50091,72200,19515,47616,67131,15865,37368,53233,11677,19648,31325,23596,36648,60244,32190,63801,95991,4458,14377,18835
2021-04-05,145667,303414,449081,10252,24163,34415,22186,50296,72482,19595,47829,67424,15947,37567,53514,11815,19844,31659,29062,45174,74236,32320,64066,96386,4490,14475,18965
2021-04-06,152523,314470,466993,10359,24314,34673,22311,50528,72839,19666,47983,67649,16010,37692,53702,11929,20029,31958,35176,54738,89914,32538,64557,97095,4534,14629,19163
2021-04-07,160092,326406,486498,10451,24436,34887,22437,50798,73235,19741,48157,67898,16090,37836,53926,12582,20845,33427,41310,64243,105553,32884,65284,98168,4597,14807,19404
2021-04-08,168594,338540,507134,10615,24602,35217,22649,51071,73720,19846,48317,68163,16176,38010,54186,14115,23084,37199,47533,73064,120597,33039,65505,98544,4621,14887,19508
2021-04-09,175961,349839,525800,10745,24853,35598,22873,51460,74333,19971,48576,68547,16266,38197,54463,15460,24943,40403,52806,80943,133749,33188,65840,99028,4652,15027,19679
2021-04-10,179070,354614,533684,10795,24964,35759,22937,51612,74549,20048,48698,68746,16321,38320,54641,16116,25952,42068,54951,84117,139068,33243,65894,99137,4659,15057,19716
2021-04-11,181989,359242,541231,10843,25072,35915,23035,51796,74831,20103,48860,68963,16386,38487,54873,16716,26865,43581,56970,87118,144088,33273,65956,99229,4663,15088,19751
2021-04-12,190108,371786,561894,10974,25316,36290,23217,52149,75366,20220,49088,69308,16495,38685,55180,18329,29176,47505,62823,96045,158868,33363,66157,99520,4687,15170,19857
2021-04-13,197796,383582,581378,11181,25506,36687,23450,52486,75936,20439,49324,69763,16691,39058,55749,20296,32593,52889,67546,102930,170476,33486,66419,99905,4707,15266,19973
2021-04-14,204404,393405,597809,11414,25584,36998,23632,52654,76286,20597,49511,70108,16758,39126,55884,21113,33625,54738,71385,108867,180252,34657,68372,103029,4848,15666,20514
2021-04-15,207693,399132,606825,11552,25631,37183,23734,52696,76430,20677,49537,70214,16800,39176,55976,22408,36444,58852,72915,111359,184274,34740,68567,103307,4867,15722,20589
2021-04-16,211504,404882,616386,11652,25665,37317,23783,52723,76506,20719,49561,70280,16817,39195,56012,23042,37286,60328,75501,115209,190710,35060,69327,104387,4930,15916,20846
2021-04-17,211822,405374,617196,11668,25680,37348,23808,52740,76548,20756,49594,70350,16854,39227,56081,23085,37327,60412,75641,115481,191122,35078,69385,104463,4932,15940,20872
2021-04-18,211970,405537,617507,11684,25686,37370,23830,52756,76586,20786,49627,70413,16897,39257,56154,23094,37344,60438,75656,115498,191154,35087,69414,104501,4936,15955,20891
2021-04-19,216021,411912,627933,11843,25716,37559,23894,52772,76666,20836,49643,70479,16913,39270,56183,23589,38024,61613,78461,119898,198359,35483,70394,105877,5002,16195,21197
2021-04-20,222188,422514,644702,12006,25780,37786,23975,52841,76816,20903,49731,70634,17365,40331,57696,26605,42958,69563,80066,122346,202412,36068,71735,107803,5200,16792,21992
2021-04-21,230609,434615,665224,12091,25827,37918,24026,52887,76913,20952,49778,70730,17450,40547,57997,34364,53895,88259,80398,122971,203369,36115,71862,107977,5213,16848,22061
2021-04-22,240684,448566,689250,12138,25874,38012,24065,52934,76999,20984,49830,70814,17492,40616,58108,43827,66880,110707,80772,123565,204337,36184,71986,108170,5222,16881,22103
2021-04-23,250889,461782,712671,12164,25922,38086,24113,52990,77103,21036,49905,70941,17562,40693,58255,53560,79235,132795,80990,123957,204947,36234,72129,108363,5230,16951,22181
2021-04-24,253806,465304,719110,12169,25931,38100,24118,52998,77116,21052,49921,70973,17579,40715,58294,56180,82430,138610,81205,124146,205351,36263,72192,108455,5240,16971,22211
2021-04-25,253889,465430,719319,12171,25933,38104,24122,53001,77123,21057,49933,70990,17588,40722,58310,56238,82511,138749,81208,124155,205363,36263,72200,108463,5242,16975,22217
2021-04-26,255398,467820,723218,12186,25939,38125,24134,53015,77149,21066,49943,71009,17595,40739,58334,57557,84529,142086,81334,124378,205712,36278,72276,108554,5248,17001,22249
2021-04-27,256789,470692,727481,12262,26012,38274,24183,53107,77290,21110,50011,71121,17630,40798,58428,58461,86204,144665,81566,125103,206669,36323,72419,108742,5254,17038,22292
2021-04-28,263869,486754,750623,12991,27847,40838,25735,57425,83160,22398,53866,76264,18646,43759,62405,60712,88843,149555,81770,125425,207195,36357,72515,108872,5260,17074,22334
2021-04-29,270418,499940,770358,13444,29170,42614,26814,60627,87441,23433,56866,80299,19512,46125,65637,63453,91529,154982,82067,125801,207868,36415,72681,109096,5280,17141,22421
2021-04-30,271750,501936,773686,13515,29296,42811,26910,60804,87714,23483,56963,80446,19544,46200,65744,64287,92644,156931,82269,126083,208352,36451,72763,109214,5291,17183,22474
2021-05-01,272292,503028,775320,13531,29329,42860,26970,60912,87882,23506,57027,80533,19567,46247,65814,64598,93237,157835,82360,126241,208601,36467,72822,109289,5293,17213,22506
2021-05-02,276601,512884,789485,13840,30273,44113,27788,63086,90874,24320,59103,83423,20207,47872,68079,65091,94289,159380,83551,128085,211636,36505,72921,109426,5299,17255,22554
2021-05-03,284828,524455,809283,13896,30378,44274,27892,63251,91143,24373,59192,83565,21031,49034,70065,69991,100791,170782,85742,131388,217130,36587,73106,109693,5316,17315,22631
2021-05-04,296401,538759,835160,13990,30506,44496,27991,63427,91418,24421,59291,83712,23011,51508,74519,79021,111783,190804,86008,131703,217711,36630,73185,109815,5329,17356,22685
2021-05-05,307073,554132,861205,14112,30696,44808,28205,63619,91824,24652,59431,84083,23590,52182,75772,82136,116415,198551,92113,140471,232584,36898,73811,110709,5367,17507,22874
2021-05-06,310703,559510,870213,14224,30797,45021,28363,63737,92100,24852,59488,84340,24013,52609,76622,83793,119150,202943,93105,142260,235365,36966,73925,110891,5387,17544,22931
2021-05-07,318687,572647,891334,14361,31088,45449,28591,64257,92848,25049,59875,84924,24271,53118,77389,85181,121966,207147,98740,150550,249290,37083,74160,111243,5411,17633,23044
2021-05-08,321083,587970,909053,14544,32706,47250,29062,67763,96825,25556,64486,90042,24836,56757,81593,85758,123756,209514,98809,150646,249455,37097,74201,111298,5421,17655,23076
2021-05-09,321225,588200,909425,14544,32706,47250,29062,67763,96825,25558,64486,90044,24858,56770,81628,85830,123837,209667,98823,150670,249493,37120,74266,111386,5430,17702,23132
2021-05-10,322058,590726,912784,14570,32749,47319,29093,67817,96910,25585,64531,90116,25007,57024,82031,86150,125258,211408,99021,151134,250155,37186,74436,111622,5446,17777,23223
2021-05-11,325356,594670,920026,14592,32785,47377,29126,67881,97007,25618,64588,90206,25637,57771,83408,88547,127947,216494,99153,151322,250475,37223,74541,111764,5460,17835,23295
2021-05-12,328933,599104,928037,14630,32822,47452,29174,67945,97119,25663,64652,90315,26321,58570,84891,91037,130745,221782,99323,151700,251023,37309,74745,112054,5476,17925,23401
2021-05-13,331845,604536,936381,14688,32930,47618,29273,68181,97454,25744,64815,90559,26502,58889,85391,91925,132464,224389,100821,154229,255050,37398,74997,112395,5494,18031,23525
2021-05-14,333191,607619,940810,14743,33030,47773,29367,68373,97740,25821,64953,90774,26672,59128,85800,92512,133939,226451,101112,154894,256006,37452,75181,112633,5512,18121,23633
2021-05-15,339614,612806,952420,14763,33074,47837,29409,68443,97852,25855,65002,90857,27870,60336,88206,97506,137403,234909,101208,155069,256277,37482,75304,112786,5521,18175,23696
2021-05-16,340490,615118,955608,14821,33266,48087,29617,69145,98762,26108,65712,91820,28048,60737,88785,97636,137559,235195,101234,155112,256346,37495,75379,112874,5531,18208,23739
2021-05-17,344779,619469,964248,14874,33357,48231,29790,69566,99356,26216,66004,92220,28891,61520,90411,100457,139761,240218,101467,155498,256965,37537,75493,113030,5547,18270,23817
2021-05-18,349358,623393,972751,14905,33411,48316,29853,69644,99497,26279,66088,92367,29759,62367,92126,103874,142278,246152,101567,155699,257266,37565,75589,113154,5556,18317,23873
2021-05-19,352829,626767,979596,14947,33513,48460,29964,69861,99825,26325,66207,92532,30392,63009,93401,106326,144101,250427,101708,156034,257742,37601,75683,113284,5566,18359,23925
2021-05-20,363420,638743,1002163,15023,33660,48683,30115,70102,100217,26414,66388,92802,33320,66326,99646,112922,150607,263529,102285,157065,259350,37750,76125,113875,5591,18470,24061
2021-05-21,365574,643146,1008720,15128,33921,49049,30304,70650,100954,26522,66788,93310,33417,66674,100091,113373,151442,264815,103406,158862,262268,37825,76284,114109,5599,18525,24124
2021-05-22,367101,645278,1012379,15181,33996,49177,30348,70713,101061,26545,66851,93396,33625,66935,100560,114341,152676,267017,103601,159205,262806,37856,76356,114212,5604,18546,24150
2021-05-23,369479,647647,1017126,15206,34042,49248,30374,70780,101154,26571,66892,93463,34632,68027,102659,115527,153562,269089,103682,159360,263042,37876,76421,114297,5611,18563,24174
2021-05-24,370177,649228,1019405,15243,34124,49367,30440,70914,101354,26611,66994,93605,34857,68269,103126,115800,154445,270245,103734,159465,263199,37881,76446,114327,5611,18571,24182
2021-05-25,374804,657741,1032545,15255,34148,49403,30447,70931,101378,26614,67013,93627,35036,68442,103478,116079,155189,271268,104215,160302,264517,41141,82167,123308,6017,19549,25566
2021-05-26,377090,661171,1038261,15289,34198,49487,30493,71013,101506,26651,67085,93736,36108,69411,105519,116280,155527,271807,104383,160619,265002,41765,83489,125254,6121,19829,25950
2021-05-27,386474,676262,1062736,15353,34319,49672,30592,71179,101771,26746,67248,93994,38793,71870,110663,116569,155739,272308,105078,161819,266897,46626,92636,139262,6717,21452,28169
2021-05-28,397019,691220,1088239,15463,34477,49940,30769,71425,102194,27039,67521,94560,44586,78647,123233,116800,155986,272786,105602,162642,268244,49661,98035,147696,7099,22487,29586
2021-05-29,405999,699589,1105588,15467,34485,49952,30782,71437,102219,27669,67995,95664,52352,85580,137932,116991,156217,273208,105681,162772,268453,49924,98537,148461,7133,22566,29699
2021-05-30,414326,707164,1121490,15476,34496,49972,30790,71447,102237,29449,69539,98988,58735,91419,150154,117076,156295,273371,105705,162800,268505,49955,98589,148544,7140,22579,29719
2021-05-31,425900,722581,1148481,15575,34675,50250,30956,71734,102690,35808,75600,111408,62141,96945,159086,117691,157168,274859,105893,163169,269062,50595,100312,150907,7241,22978,30219
2021-06-01,437036,735217,1172253,15769,34933,50702,31558,72152,103710,42875,82984,125859,64333,99470,163803,117809,157344,275153,106055,163448,269503,51331,101615,152946,7306,23271,30577
2021-06-02,446133,748168,1194301,16389,35587,51976,33269,74760,108029,46896,88278,135174,66363,102070,168433,117987,157602,275589,106190,163673,269863,51662,102589,154251,7377,23609,30986
2021-06-03,458824,767735,1226559,19409,40626,60035,38504,82731,121235,50162,92692,142854,66944,102923,169867,118153,157831,275984,106282,163874,270156,51941,103245,155186,7429,23813,31242
2021-06-04,472080,784036,1256116,22382,44216,66598,43283,87482,130765,53119,96910,150029,67961,104319,172280,119207,159004,278211,106585,164407,270992,52078,103735,155813,7465,23963,31428
2021-06-05,483094,794414,1277508,25078,46612,71690,48092,91449,139541,54986,98657,153643,68650,105036,173686,119869,159757,279626,106735,164698,271433,52187,104102,156289,7497,24103,31600
2021-06-06,491516,804233,1295749,28126,50648,78774,51892,95547,147439,55911,99390,155301,69075,105414,174489,119945,159841,279786,106793,164830,271623,52255,104315,156570,7519,24248,31767
2021-06-07,505192,818437,1323629,31220,54010,85230,55205,98304,153509,59214,102534,161748,72410,109312,181722,120329,160242,280571,106919,165052,271971,52343,104590,156933,7552,24393,31945
2021-06-08,517850,835504,1353354,32229,55504,87733,56567,100351,156918,60693,104591,165284,80496,119254,199750,120478,160441,280919,107112,165385,272497,52666,105315,157981,7609,24663,32272
2021-06-09,530462,848667,1379129,32571,55842,88413,57221,101027,158248,61402,105150,166552,91204,130366,221570,120572,160572,281144,107168,165472,272640,52700,105465,158165,7624,24773,32397
2021-06-10,544766,863670,1408436,33343,56710,90053,58280,102241,160521,63325,107161,170486,101311,140476,241787,120865,160947,281812,107256,165632,272888,52743,105635,158378,7643,24868,32511
2021-06-11,554545,879530,1434075,33546,56948,90494,58750,102551,161301,64076,107825,171901,102694,141973,244667,121003,161194,282197,108185,167090,275275,58106,115489,173595,8185,26460,34645
2021-06-12,560894,887404,1448298,33989,57545,91534,59366,103354,162720,65433,109382,174815,105783,145001,250784,121052,161278,282330,108330,167385,275715,58676,116675,175351,8265,26784,35049
2021-06-13,565017,891812,1456829,34192,57803,91995,59655,103687,163342,66340,110346,176686,108424,147726,256150,121090,161318,282408,108342,167404,275746,58703,116735,175438,8271,26793,35064
2021-06-14,571132,898529,1469661,34941,58661,93602,60691,104760,165451,67695,111699,179394,111086,150551,261637,121139,161387,282526,108383,167503,275886,58902,117079,175981,8295,26889,35184
2021-06-15,585124,912254,1497378,35065,58850,93915,60899,105054,165953,68134,112161,180295,123645,162188,285833,121357,161614,282971,108528,167816,276344,59162,117563,176725,8334,27008,35342
2021-06-16,592772,922548,1515320,35506,59489,94995,61741,106115,167856,69930,114275,184205,125700,164440,290140,121521,161832,283353,110426,170583,281009,59541,118487,178028,8407,27327,35734
2021-06-17,604374,936884,1541258,35708,59781,95489,62187,106563,168750,72926,117511,190437,129896,168749,298645,122052,162522,284574,113184,174652,287836,59935,119446,179381,8486,27660,36146
2021-06-18,618876,952158,1571034,36383,60619,97002,63266,107693,170959,81360,125546,206906,133121,172050,305171,122454,163075,285529,113678,175451,289129,60099,119891,179990,8515,27833,36348
2021-06-19,629525,963758,1593283,36603,60922,97525,63418,107945,171363,89668,133998,223666,134587,173495,308082,122706,163360,286066,113782,175666,289448,60214,120311,180525,8547,28061,36608
2021-06-20,629540,963771,1593311,36607,60924,97531,63421,107946,171367,89673,134004,223677,134589,173498,308087,122706,163361,286067,113783,175666,289449,60214,120311,180525,8547,28061,36608
2021-06-21,635580,969914,1605494,36634,60951,97585,63463,108004,171467,94735,139017,233752,135247,174125,309372,122863,163552,286415,113852,175764,289616,60233,120403,180636,8553,28098,36651
2021-06-22,640701,975148,1615849,36794,61213,98007,63679,108294,171973,97091,141239,238330,136979,175638,312617,123311,164038,287349,114000,175980,289980,60275,120565,180840,8572,28181,36753
2021-06-23,650327,984789,1635116,36942,61456,98398,63874,108659,172533,104988,148804,253792,138087,176567,314654,123453,164265,287718,114067,176099,290166,60330,120696,181026,8586,28243,36829
2021-06-24,665771,1004268,1670039,37152,61866,99018,64523,112840,177363,118091,161827,279918,139171,177757,316928,123685,164579,288264,114196,176314,290510,60362,120803,181165,8591,28282,36873
2021-06-25,678710,1023102,1701812,37556,63059,100615,65249,115884,181133,122936,166768,289704,140150,178879,319029,128264,170809,299073,115375,177968,293343,60553,121311,181864,8627,28424,37051
2021-06-26,688069,1035173,1723242,37597,63102,100699,65292,115941,181233,123782,167610,291392,140720,179583,320303,135138,179569,314707,116171,179189,295360,60714,121652,182366,8655,28527,37182
2021-06-27,696252,1044229,1740481,37664,63214,100878,65371,116085,181456,127314,171222,298536,143509,182405,325914,136196,180811,317007,116723,180024,296747,60802,121893,182695,8673,28575,37248
2021-06-28,713581,1064005,1777586,38364,64889,103253,65987,118505,184492,141167,184146,325313,144771,183699,328470,136896,181830,318726,116868,180284,297152,60843,122003,182846,8685,28649,37334
2021-06-29,731884,1082729,1814613,38569,65251,103820,66454,119333,185787,156951,199086,356037,145532,184492,330024,137612,182886,320498,117114,180707,297821,60953,122241,183194,8699,28733,37432
2021-06-30,751549,1102114,1853663,38740,65471,104211,71633,124257,195890,169249,210770,380019,146218,185157,331375,138788,184420,323208,117219,180901,298120,60992,122339,183331,8710,28799,37509
2021-07-01,764379,1115589,1879968,38865,65702,104567,76474,129035,205509,174814,216028,390842,147181,186224,333405,139600,185529,325129,117576,181478,299054,61133,122668,183801,8736,28925,37661
2021-07-02,774285,1133958,1908243,39457,66905,106362,78835,132811,211646,176343,217772,394115,147540,186755,334295,140434,186925,327359,118226,182685,300911,64237,129557,193794,9213,30548,39761
2021-07-03,785239,1146314,1931553,39481,66950,106431,84894,138146,223040,178901,220507,399408,148044,187334,335378,140848,187471,328319,118564,183315,301879,65166,131540,196706,9341,31051,40392
2021-07-04,795690,1156682,1952372,39997,67801,107798,94094,146607,240701,179308,220979,400287,148180,187461,335641,140940,187606,328546,118624,183396,302020,65195,131697,196892,9352,31135,40487
2021-07-05,800790,1162241,1963031,40273,68217,108490,97636,149624,247260,179564,221267,400831,148319,187596,335915,141262,188071,329333,118864,183811,302675,65477,132321,197798,9395,31334,40729
2021-07-06,813854,1174488,1988342,40709,68895,109604,109277,159491,268768,179845,221601,401446,148512,187846,336358,141444,188289,329733,118970,184032,303002,65665,132828,198493,9432,31506,40938
2021-07-07,819565,1180841,2000406,40880,69061,109941,113242,163085,276327,180527,222540,403067,148769,188253,337022,141594,188514,330108,119124,184346,303470,65949,133380,199329,9480,31662,41142
2021-07-08,838446,1197196,2035642,41257,69597,110854,128311,175421,303732,182826,224619,407445,149488,188988,338476,141878,188875,330753,119195,184473,303668,65996,133517,199513,9495,31706,41201
2021-07-09,851324,1210254,2061578,41935,70326,112261,137012,183668,320680,185050,226823,411873,150330,189826,340156,142146,189292,331438,119334,184997,304331,66018,133595,199613,9499,31727,41226
2021-07-10,862151,1221764,2083915,43405,72098,115503,144984,191509,336493,185439,227260,412699,150517,190063,340580,142612,189847,332459,119589,185421,305010,66095,133789,199884,9510,31777,41287
2021-07-11,864316,1225432,2089748,43664,72462,116126,146057,192800,338857,185603,227643,413246,150589,190264,340853,142636,189887,332523,119701,185628,305329,66503,134754,201257,9563,31994,41557
2021-07-12,882346,1241477,2123823,46725,75423,122148,160072,204566,364638,186055,228180,414235,150824,190546,341370,142745,190063,332808,119761,185755,305516,66584,134901,201485,9580,32043,41623
2021-07-13,892715,1250310,2143025,48515,77068,125583,167444,210575,378019,186820,228821,415641,151103,190829,341932,142847,190174,333021,119802,185821,305623,66598,134949,201547,9586,32073,41659
2021-07-14,896226,1253655,2149881,49160,77796,126956,169738,212489,382227,187132,229197,416329,151266,190999,342265,142905,190238,333143,119820,185869,305689,66613,134976,201589,9592,32091,41683
2021-07-15,910308,1273422,2183730,49596,78518,128114,171047,214881,385928,194033,236282,430315,152481,193386,345867,143622,191384,335006,122391,189652,312043,67422,136762,204184,9716,32557,42273
2021-07-16,924228,1293286,2217514,49949,78952,128901,172091,217901,389992,201327,244371,445698,152986,194075,347061,143775,191583,335358,126481,195709,322190,67832,137841,205673,9787,32854,42641
2021-07-17,936506,1306819,2243325,51382,80706,132088,177252,223328,400580,205600,248874,454474,153775,194936,348711,144023,191848,335871,126776,196215,322991,67896,138013,205909,9802,32899,42701
2021-07-18,947780,1318852,2266632,54402,84513,138915,180184,225986,406170,209226,252506,461732,155218,196399,351617,144190,192084,336274,126840,196353,323193,67915,138091,206006,9805,32920,42725
2021-07-19,964511,1336938,2301449,57123,87843,144966,181677,228582,410259,220092,262541,482633,156326,197507,353833,144394,192315,336709,126973,196569,323542,68073,138529,206602,9853,33052,42905
2021-07-20,983107,1356723,2339830,64614,96372,160986,184229,231501,415730,227456,269297,496753,157059,198286,355345,144591,192556,337147,127129,196871,324000,68158,138727,206885,9871,33113,42984
2021-07-21,1001766,1375653,2377419,78589,110449,189038,187566,234832,422398,228149,270025,498174,157397,198612,356009,144749,192716,337465,127256,197101,324357,68182,138780,206962,9878,33138,43016
2021-07-22,1020877,1393194,2414071,91621,122116,213737,191676,238451,430127,229331,271200,500531,157902,199233,357135,144920,192961,337881,127329,197198,324527,68211,138859,207070,9887,33176,43063
2021-07-23,1036450,1410825,2447275,97595,129263,226858,194496,241354,435850,234999,277262,512261,158693,200187,358880,145124,193268,338392,127411,197333,324744,68242,138946,207188,9890,33212,43102
2021-07-24,1050740,1425493,2476233,98338,130249,228587,194989,241819,436808,240676,282728,523404,165632,207285,372917,145384,193592,338976,127505,197455,324960,68320,139103,207423,9896,33262,43158
2021-07-25,1062356,1439361,2501717,105253,139350,244603,197920,244595,442515,241577,283763,525340,166253,207907,374160,145579,193800,339379,127539,197513,325052,68335,139145,207480,9900,33288,43188
2021-07-26,1079975,1461290,2541265,110811,146365,257176,202363,250300,452663,246172,289190,535362,168684,210655,379339,145954,194319,340273,127686,197825,325511,68397,139294,207691,9908,33342,43250
2021-07-27,1095317,1480225,2575542,117924,154686,272610,205364,254161,459525,249000,292823,541823,169934,212145,382079,146764,195228,341992,127921,198231,326152,68483,139541,208024,9927,33410,43337
2021-07-28,1113166,1500759,2613925,133240,171883,305123,206650,255655,462305,249733,293862,543595,170254,212617,382871,146897,195404,342301,127955,198318,326273,68501,139588,208089,9936,33432,43368
2021-07-29,1132247,1519084,2651331,148468,186173,334641,208677,257559,466236,250808,295099,545907,170745,213158,383903,147067,195587,342654,128021,198395,326416,68518,139644,208162,9943,33469,43412
2021-07-30,1148895,1535525,2684420,154281,191534,345815,214765,263458,478223,254178,298572,552750,171792,214334,386126,147298,195875,343173,128082,198539,326621,68552,139702,208254,9947,33511,43458
2021-07-31,1163421,1546789,2710210,155910,193261,349171,222464,270109,492573,258474,300599,559073,172423,214830,387253,147495,196067,343562,128130,198618,326748,68572,139763,208335,9953,33542,43495
2021-08-01,1169801,1554587,2724388,157340,195166,352506,225297,273612,498909,259858,302035,561893,172905,215378,388283,147680,196303,343983,128177,198713,326890,68588,139814,208402,9956,33566,43522
2021-08-02,1188507,1572758,2761265,160327,198522,358849,236478,283516,519994,263451,305766,569217,173595,216140,389735,147856,196540,344396,128234,198817,327051,68604,139871,208475,9962,33586,43548
2021-08-03,1205032,1588204,2793236,168423,205897,374320,239466,286221,525687,266042,307962,574004,176077,218852,394929,148146,196821,344967,128290,198913,327203,68619,139928,208547,9969,33610,43579
2021-08-04,1218041,1603502,2821543,170422,208467,378889,242224,289092,531316,267667,309980,577647,182425,226286,408711,148334,197061,345395,128358,199012,327370,68639,139976,208615,9972,33628,43600
2021-08-05,1227244,1612475,2839719,174145,211958,386103,245842,292492,538334,268938,311270,580208,182854,226785,409639,148458,197217,345675,128385,199100,327485,68649,140006,208655,9973,33647,43620
2021-08-06,1231725,1617862,2849587,174821,212749,387570,246716,293280,539996,269307,311622,580929,183064,227033,410097,149576,198690,348266,129587,200762,330349,68677,140063,208740,9977,33663,43640
2021-08-07,1242017,1632351,2874368,175920,213660,389580,246787,293354,540141,269367,311698,581065,183125,227097,410222,150884,200577,351461,137176,212016,349192,68766,140240,209006,9992,33709,43701
2021-08-08,1251131,1645338,2896469,175928,213679,389607,246802,293372,540174,269379,311714,581093,183153,227159,410312,156184,207835,364019,140799,217378,358177,68876,140454,209330,10010,33747,43757
2021-08-09,1265457,1665068,2930525,176072,213847,389919,247027,293597,540624,269561,311953,581514,184198,228694,412892,166808,222440,389248,142800,220071,362871,68969,140673,209642,10022,33793,43815
2021-08-10,1279907,1684177,2964084,176442,214290,390732,247545,294145,541690,270760,312800,583560,185556,230509,416065,174101,232271,406372,146372,225396,371768,69089,140916,210005,10042,33850,43892
2021-08-11,1294965,1700874,2995839,177779,215417,393196,247839,294599,542438,271067,313234,584301,187990,233143,421133,182956,241376,424332,148060,228054,376114,69216,141145,210361,10058,33906,43964
2021-08-12,1304663,1713860,3018523,178171,215855,394026,248097,294893,542990,271301,313512,584813,189809,235426,425235,186693,245699,432392,151173,233055,384228,69336,141444,210780,10083,33976,44059
2021-08-13,1317804,1732120,3049924,178296,215990,394286,248288,295082,543370,271453,313706,585159,190185,235880,426065,192316,252702,445018,157499,242431,399930,69635,142170,211805,10132,34159,44291
2021-08-14,1326293,1744899,3071192,178395,216130,394525,248457,295308,543765,271620,314024,585644,191793,238066,429859,197871,260901,458772,158287,243831,402118,69719,142416,212135,10151,34223,44374
2021-08-15,1338031,1757625,3095656,178879,216700,395579,249281,296301,545582,273057,315458,588515,198540,245121,443661,199581,262544,462125,158727,244599,403326,69797,142610,212407,10169,34292,44461
2021-08-16,1347490,1769623,3117113,180317,218302,398619,250430,297567,547997,275581,318406,593987,200463,247504,447967,200688,263968,464656,159884,246525,406409,69929,142965,212894,10198,34386,44584
2021-08-17,1363773,1783748,3147521,187925,224978,412903,256725,303070,559795,276971,319628,596599,201258,247927,449185,200830,264151,464981,159918,246595,406513,69943,143007,212950,10203,34392,44595
2021-08-18,1375305,1796163,3171468,192807,229598,422405,258153,304833,562986,278175,321012,599187,203016,249811,452827,202538,265870,468408,160394,247432,407826,70010,143172,213182,10212,34435,44647
2021-08-19,1381351,1802441,3183792,195237,231908,427145,258973,305639,564612,278653,321600,600253,204471,251216,455687,203129,266529,469658,160626,247844,408470,70045,143249,213294,10217,34456,44673
2021-08-20,1394707,1814884,3209591,197766,234488,432254,260510,306803,567313,279885,322611,602496,212228,258433,470661,203339,266783,470122,160695,247995,408690,70064,143302,213366,10220,34469,44689
2021-08-21,1404155,1827118,3231273,199368,236618,435986,262795,310169,572964,282097,325566,607663,215080,261545,476625,203720,267206,470926,160786,248153,408939,70084,143370,213454,10225,34491,44716
2021-08-22,1414139,1838396,3252535,200918,238575,439493,268071,315683,583754,283850,327687,611537,216049,262671,478720,204071,267625,471696,160855,248263,409118,70098,143399,213497,10227,34493,44720
2021-08-23,1431554,1854174,3285728,208303,245544,453847,275825,322005,597830,285179,329038,614217,216725,263396,480121,204281,267879,472160,160902,248363,409265,70111,143438,213549,10228,34511,44739
2021-08-24,1444103,1867470,3311573,217343,254827,472170,277758,323828,601586,285988,329999,615987,217275,264165,481440,204451,268163,472614,160938,248475,409413,70118,143484,213602,10232,34529,44761
2021-08-25,1459912,1883370,3343282,219722,257251,476973,278945,325384,604329,292775,336422,629197,222178,268927,491105,204863,268636,473499,161045,248627,409672,70147,143566,213713,10237,34557,44794
2021-08-26,1475137,1901140,3376277,221646,259751,481397,279889,326706,606595,293364,337266,630630,225928,272616,498544,211593,275549,487142,162160,250588,412748,70287,143996,214283,10270,34668,44938
2021-08-27,1493710,1919331,3413041,232629,270627,503256,283306,329493,612799,294381,338310,632691,228371,275140,503511,212155,276218,488373,162278,250782,413060,70315,144067,214382,10275,34694,44969
2021-08-28,1504863,1932755,3437618,240854,281160,522014,284975,330958,615933,295170,339038,634208,228710,275594,504304,212239,276334,488573,162315,250873,413188,70323,144098,214421,10277,34700,44977
2021-08-29,1516395,1945642,3462037,241839,282445,524284,285533,331680,617213,297211,341155,638366,236160,283633,519793,212563,276752,489315,162437,251107,413544,70370,144156,214526,10282,34714,44996
2021-08-30,1532512,1962538,3495050,245909,286153,532062,287915,334008,621923,300413,344155,644568,240080,287608,527688,214224,278891,493115,163189,252414,415603,70487,144503,214990,10295,34806,45101
2021-08-31,1548310,1980077,3528387,257119,298929,556048,289976,335898,625874,302021,345833,647854,240729,288342,529071,214406,279158,493564,163255,252532,415787,70504,144559,215063,10300,34826,45126
2021-09-01,1564434,1997290,3561724,271617,313362,584979,290596,336565,627161,302411,346354,648765,241000,288822,529822,214646,279902,494548,163345,252819,416164,70518,144629,215147,10301,34837,45138
2021-09-02,1580464,2016441,3596905,281375,323133,604508,292144,338947,631091,305070,350219,655289,242522,291158,533680,215011,280404,495415,163500,253036,416536,70538,144698,215236,10304,34846,45150
2021-09-03,1595257,2033765,3629022,287509,329305,616814,293800,340712,634512,309415,355997,665412,244154,293320,537474,215841,281463,497304,163663,253325,416988,70568,144773,215341,10307,34870,45177
2021-09-04,1607477,2045896,3653373,290825,332636,623461,297258,343913,641171,314159,360778,674937,244692,293861,538553,215957,281630,497587,163703,253398,417101,70574,144806,215380,10309,34874,45183
2021-09-05,1619789,2058074,3677863,292096,333982,626078,299695,346228,645923,321824,368315,690139,245461,294600,540061,216082,281808,497890,163741,253438,417179,70580,144823,215403,10310,34880,45190
2021-09-06,1636151,2074153,3710304,293700,335492,629192,300374,346991,647365,332731,379116,711847,248092,296870,544962,216501,282319,498820,163835,253586,417421,70600,144885,215485,10318,34894,45212
2021-09-07,1654415,2094460,3748875,294684,336875,631559,302068,349529,651597,340883,386775,727658,251763,300715,552478,219475,285787,505262,164500,254623,419123,70697,145194,215891,10345,34962,45307
2021-09-08,1665095,2105210,3770305,297243,339109,636352,304809,352099,656908,343948,389967,733915,253247,302358,555605,220099,286457,506556,164666,254903,419569,70733,145316,216049,10350,35001,45351
2021-09-09,1680495,2120445,3800940,299766,341769,641535,314110,360611,674721,346169,392389,738558,254324,303553,557877,220313,286727,507040,164714,254998,419712,70746,145384,216130,10353,35014,45367
2021-09-10,1685571,2125911,3811482,302053,343954,646007,314900,361579,676479,346557,392817,739374,255522,304867,560389,220645,287134,507779,164777,255121,419898,70762,145421,216183,10355,35018,45373
2021-09-11,1688987,2129198,3818185,302744,344643,647387,316563,362979,679542,346818,393122,739940,256218,305630,561848,220720,287214,507934,164805,255153,419958,70764,145436,216200,10355,35021,45376
2021-09-12,1689852,2130181,3820033,302963,344927,647890,316908,363313,680221,347005,393339,740344,256309,305742,562051,220738,287234,507972,164810,255166,419976,70764,145438,216202,10355,35022,45377
2021-09-13,1697299,2137505,3834804,307348,349478,656826,319559,365633,685192,347223,393568,740791,256429,305868,562297,220778,287272,508050,164828,255190,420018,70773,145463,216236,10361,35033,45394
2021-09-14,1703812,2145137,3848949,307856,350085,657941,319975,366110,686085,347615,394025,741640,260689,310401,571090,221531,288522,510053,164983,255411,420394,70799,145528,216327,10364,35055,45419
2021-09-15,1721467,2165143,3886610,309014,351679,660693,321628,368433,690061,351021,397903,748924,269407,319259,588666,223927,291281,515208,165217,255826,421043,70870,145667,216537,10383,35095,45478
2021-09-16,1738182,2184199,3922381,311420,355101,666521,331248,378576,709824,353433,400500,753933,270777,320944,591721,224657,292121,516778,165349,256077,421426,70907,145762,216669,10391,35118,45509
2021-09-17,1752264,2198504,3950768,319885,363724,683609,334414,381512,715926,354748,401844,756592,271576,321822,593398,224890,292425,517315,165427,256208,421635,70928,145831,216759,10396,35138,45534
2021-09-18,1764541,2211760,3976301,328543,372749,701292,336541,383724,720265,355662,402990,758652,272028,322425,594453,224987,292599,517586,165446,256270,421716,70936,145860,216796,10398,35143,45541
2021-09-19,1773787,2221145,3994932,333885,377858,711743,338684,385879,724563,356704,404138,760842,272543,322989,595532,225119,292788,517907,165500,256408,421908,70953,145925,216878,10399,35160,45559
2021-09-20,1781061,2228135,4009196,337375,381212,718587,340903,387754,728657,357572,405058,762630,272975,323446,596421,225294,292994,518288,165577,256538,422115,70963,145965,216928,10402,35168,45570
2021-09-21,1793534,2239751,4033285,347484,390573,738057,342261,388841,731102,358128,405608,763736,273272,323797,597069,225402,293166,518568,165608,256599,422207,70974,145988,216962,10405,35179,45584
2021-09-22,1802240,2247643,4049883,353074,395482,748556,344280,390481,734761,358712,406215,764927,273571,324166,597737,225535,293336,518871,165669,256726,422395,70990,146035,217025,10409,35202,45611
2021-09-23,1808104,2253641,4061745,357050,399577,756627,345367,391452,736819,359166,406681,765847,273808,324441,598249,225593,293434,519027,165710,256781,422491,71001,146065,217066,10409,35210,45619
2021-09-24,1813905,2259608,4073513,360035,402645,762680,346611,392687,739298,360154,407629,767783,274236,324885,599121,225697,293582,519279,165750,256851,422601,71011,146103,217114,10411,35226,45637
2021-09-25,1817614,2262698,4080312,361176,403583,764759,347946,393537,741483,360732,408241,768973,274740,325423,600163,225821,293691,519512,165768,256878,422646,71019,146114,217133,10412,35231,45643
2021-09-26,1829947,2273995,4103942,361867,404359,766226,349577,395208,744785,365815,412704,778519,279280,329253,608533,226141,294069,520210,165822,256986,422808,71031,146174,217205,10414,35242,45656
2021-09-27,1842006,2285169,4127175,363809,406666,770475,355047,399993,755040,369007,415392,784399,280477,330230,610707,226330,294321,520651,165868,257075,422943,71053,146230,217283,10415,35262,45677
2021-09-28,1856153,2299240,4155393,364839,407641,772480,364779,408287,773066,370266,416824,787090,281285,331185,612470,226891,295100,521991,166471,258202,424673,71191,146639,217830,10431,35362,45793
2021-09-29,1864971,2307912,4172883,367429,410420,777849,369216,412109,781325,371150,417714,788864,281837,331755,613592,227096,295349,522445,166585,258429,425014,71227,146743,217970,10431,35393,45824
2021-09-30,1873610,2317890,4191500,372836,416223,789059,370337,413503,783840,372217,418693,790910,282582,332838,615420,227323,295833,523156,166641,258591,425232,71242,146806,218048,10432,35403,45835
2021-10-01,1879342,2323547,4202889,375781,419263,795044,371599,414746,786345,373084,419415,792499,283080,333263,616343,227447,295967,523414,166671,258648,425319,71247,146836,218083,10433,35409,45842
2021-10-02,1882221,2326377,4208598,376968,420494,797462,372449,415473,787922,373577,419890,793467,283324,333481,616805,227521,296064,523585,166692,258697,425389,71256,146862,218118,10434,35416,45850
2021-10-03,1885449,2329184,4214633,378495,421834,800329,373469,416224,789693,373989,420246,794235,283484,333661,617145,227602,296173,523775,166711,258743,425454,71264,146883,218147,10435,35420,45855
2021-10-04,1891248,2334752,4226000,381030,424194,805224,375345,417810,793155,374726,420977,795703,283900,334137,618037,227766,296431,524197,166765,258844,425609,71277,146924,218201,10439,35435,45874
2021-10-05,1894730,2338185,4232915,382445,425642,808087,376311,418644,794955,375321,421557,796878,284260,334529,618789,227878,296539,524417,166789,258880,425669,71285,146949,218234,10441,35445,45886
2021-10-06,1901981,2345595,4247576,388050,431480,819530,377064,419281,796345,375805,422007,797812,284526,334818,619344,227975,296650,524625,166820,258923,425743,71297,146978,218275,10444,35458,45902
2021-10-07,1905082,2348660,4253742,389384,432654,822038,377919,420080,797999,376221,422450,798671,284860,335204,620064,228101,296818,524919,166848,258983,425831,71300,147003,218303,10449,35468,45917
2021-10-08,1915776,2359152,4274928,390051,433576,823627,384104,425561,809665,377434,423761,801195,286252,336687,622939,229271,297976,527247,166897,259073,425970,71317,147044,218361,10450,35474,45924
2021-10-09,1925627,2368842,4294469,390674,434327,825001,388597,429536,818133,378670,425010,803680,288527,339043,627570,230440,299199,529639,166940,259168,426108,71329,147078,218407,10450,35481,45931
2021-10-10,1932644,2376028,4308672,391121,434955,826076,392182,432858,825040,379457,425902,805359,289865,340404,630269,231264,300091,531355,166965,259229,426194,71339,147102,218441,10451,35487,45938
2021-10-11,1937317,2380597,4317914,393729,437395,831124,393260,433903,827163,380033,426435,806468,290146,340716,630862,231348,300216,531564,167000,259296,426296,71349,147145,218494,10452,35491,45943
2021-10-12,1948340,2390922,4339262,400580,443547,844127,394666,435227,829893,381334,427777,809111,291092,341674,632766,231782,300641,532423,167069,259384,426453,71364,147174,218538,10453,35498,45951
2021-10-13,1964973,2408439,4373412,415782,459409,875191,395118,435705,830823,381774,428247,810021,291448,342120,633568,231931,300821,532752,167088,259421,426509,71376,147200,218576,10456,35516,45972
2021-10-14,1978168,2421555,4399723,425544,468903,894447,396861,437441,834302,382657,429147,811804,291981,342738,634719,232129,301050,533179,167144,259501,426645,71392,147247,218639,10460,35528,45988
2021-10-15,1991176,2434133,4425309,433057,475670,908727,400084,440470,840554,383991,430530,814521,292615,343573,636188,232348,301434,533782,167212,259619,426831,71408,147292,218700,10461,35545,46006
2021-10-16,1999973,2443104,4443077,439456,481968,921424,401382,441799,843181,384626,431269,815895,292923,343927,636850,232468,301587,534055,167242,259684,426926,71415,147315,218730,10461,35555,46016
2021-10-17,2003108,2446692,4449800,441567,484202,925769,401805,442333,844138,384911,431622,816533,293125,344197,637322,232558,301707,534265,167262,259733,426995,71418,147338,218756,10462,35560,46022
2021-10-18,2015336,2458526,4473862,451318,493715,945033,402812,443195,846007,385742,432335,818077,293607,344668,638275,232690,301904,534594,167282,259775,427057,71423,147361,218784,10462,35573,46035
2021-10-19,2024616,2467396,4492012,457129,499282,956411,404373,444543,848916,386769,433330,820099,294146,345224,639370,232984,302224,535208,167316,259832,427148,71436,147379,218815,10463,35582,46045
2021-10-20,2033643,2476027,4509670,464278,506149,970427,405218,445272,850490,387359,433880,821239,294443,345515,639958,233098,302340,535438,167338,259883,427221,71443,147400,218843,10466,35588,46054
2021-10-21,2044519,2487293,4531812,472877,515236,988113,406277,446176,852453,387945,434419,822364,294812,345883,640695,233296,302568,535864,167375,259949,427324,71469,147449,218918,10468,35613,46081
2021-10-22,2058374,2501948,4560322,483835,526599,1010434,407651,447574,855225,388632,435223,823855,295400,346543,641943,233487,302834,536321,167418,260046,427464,71483,147505,218988,10468,35624,46092
2021-10-23,2067095,2510760,4577855,491304,534149,1025453,408340,448241,856581,388890,435509,824399,295578,346707,642285,233577,302920,536497,167441,260081,427522,71493,147522,219015,10472,35631,46103
2021-10-24,2076263,2519914,4596177,500008,542790,1042798,408533,448439,856972,389017,435654,824671,295657,346788,642445,233623,302978,536601,167453,260102,427555,71498,147529,219027,10474,35634,46108
2021-10-25,2086257,2530244,4616501,508062,550705,1058767,409391,449320,858711,389622,436353,825975,295958,347207,643165,233739,303206,536945,167497,260221,427718,71511,147585,219096,10477,35647,46124
2021-10-26,2098062,2541723,4639785,518420,560795,1079215,410165,449999,860164,389956,436700,826656,296167,347402,643569,233826,303285,537111,167526,260263,427789,71523,147616,219139,10479,35663,46142
2021-10-27,2110528,2554413,4664941,529626,572144,1101770,410733,450574,861307,390328,437074,827402,296374,347617,643991,233902,303394,537296,167558,260308,427866,71528,147636,219164,10479,35666,46145
2021-10-28,2123342,2567400,4690742,540937,583543,1124480,411410,451202,862612,390746,437501,828247,296635,347898,644533,233998,303538,537536,167596,260365,427961,71536,147671,219207,10484,35682,46166
2021-10-29,2135868,2579899,4715767,552555,595117,1147672,411896,451635,863531,390961,437744,828705,296760,348018,644778,234059,303601,537660,167610,260397,428007,71542,147696,219238,10485,35691,46176
2021-10-30,2144460,2588603,4733063,560519,603172,1163691,412237,451948,864185,391116,437911,829027,296845,348109,644954,234099,303648,537747,167615,260419,428034,71544,147703,219247,10485,35693,46178
2021-10-31,2152524,2596523,4749047,567899,610439,1178338,412576,452292,864868,391299,438063,829362,296948,348196,645144,234135,303684,537819,167631,260443,428074,71549,147711,219260,10487,35695,46182
2021-11-01,2160518,2603714,4764232,572515,614853,1187368,414882,453990,868872,391937,438585,830522,297231,348501,645732,234258,303843,538101,167656,260509,428165,71552,147729,219281,10487,35704,46191
2021-11-02,2164504,2607696,4772200,575017,617089,1192106,415741,454853,870594,392271,439009,831280,297423,348761,646184,234325,303961,538286,167670,260552,428222,71560,147755,219315,10497,35716,46213
2021-11-03,2173991,2617812,4791803,583866,626571,1210437,416026,455103,871129,392456,439173,831629,297533,348874,646407,234364,304019,538383,167681,260578,428259,71567,147771,219338,10498,35723,46221
2021-11-04,2183699,2627593,4811292,592996,635703,1228699,416279,455380,871659,392622,439325,831947,297620,348960,646580,234403,304081,538484,167699,260623,428322,71577,147788,219365,10503,35733,46236
2021-11-05,2187630,2631118,4818748,596381,638705,1235086,416498,455599,872097,392764,439452,832216,297737,349041,646778,234443,304128,538571,167717,260646,428363,71586,147805,219391,10504,35742,46246
2021-11-06,2190949,2634410,4825359,599284,641521,1240805,416681,455784,872465,392861,439568,832429,297824,349144,646968,234477,304163,538640,167725,260668,428393,71591,147818,219409,10506,35744,46250
2021-11-07,2194187,2637535,4831722,602029,644185,1246214,416903,455986,872889,392993,439676,832669,297904,349202,647106,234513,304208,538721,167740,260692,428432,71599,147835,219434,10506,35751,46257
2021-11-08,2203123,2646726,4849849,610185,652364,1262549,417250,456387,873637,393206,439930,833136,298038,349387,647425,234572,304301,538873,167761,260749,428510,71604,147846,219450,10507,35762,46269
2021-11-09,2207265,2650911,4858176,613760,655880,1269640,417517,456667,874184,393375,440102,833477,298129,349505,647634,234603,304348,538951,167767,260780,428547,71607,147858,219465,10507,35771,46278
2021-11-10,2213256,2656460,4869716,619227,660821,1280048,417764,456926,874690,393503,440235,833738,298201,349594,647795,234655,304402,539057,167788,260819,428607,71610,147879,219489,10508,35784,46292
2021-11-11,2218269,2661254,4879523,623547,664891,1288438,418081,457184,875265,393673,440408,834081,298306,349724,648030,234699,304472,539171,167820,260868,428688,71631,147913,219544,10512,35794,46306
2021-11-12,2225834,2668918,4894752,630419,671801,1302220,418340,457438,875778,393892,440636,834528,298424,349831,648255,234759,304561,539320,167844,260914,428758,71639,147933,219572,10517,35804,46321
2021-11-13,2227035,2670014,4897049,631585,672865,1304450,418353,457448,875801,393904,440645,834549,298429,349839,648268,234762,304565,539327,167844,260915,428759,71640,147933,219573,10518,35804,46322
2021-11-14,2228426,2671387,4899813,632958,674225,1307183,418360,457456,875816,393910,440648,834558,298434,349839,648273,234762,304567,539329,167844,260915,428759,71640,147933,219573,10518,35804,46322
2021-11-15,2235195,2678191,4913386,639019,680253,1319272,418608,457735,876343,394153,440895,835048,298603,350004,648607,234797,304610,539407,167853,260941,428794,71644,147947,219591,10518,35806,46324
2021-11-16,2245291,2687969,4933260,646701,687882,1334583,419661,458595,878256,395025,441636,836661,298916,350308,649224,234931,304768,539699,167885,260986,428871,71652,147978,219630,10520,35816,46336
2021-11-17,2257319,2699733,4957052,658129,698999,1357128,419989,458881,878870,395155,441794,836949,299010,350411,649421,234959,304813,539772,167894,261014,428908,71656,147995,219651,10527,35826,46353
2021-11-18,2268930,2711106,4980036,669210,709818,1379028,420226,459098,879324,395315,441948,837263,299097,350504,649601,234991,304856,539847,167903,261031,428934,71659,148012,219671,10529,35839,46368
2021-11-19,2280127,2721991,5002118,679510,719742,1399252,420640,459499,880139,395546,442183,837729,299252,350681,649933,235053,304935,539988,167931,261070,429001,71666,148032,219698,10529,35849,46378
2021-11-20,2283813,2725904,5009717,682830,723244,1406074,420781,459636,880417,395648,442300,837948,299329,350756,650085,235077,304983,540060,167944,261091,429035,71673,148043,219716,10531,35851,46382
2021-11-21,2287623,2729813,5017436,686132,726605,1412737,420960,459817,880777,395784,442455,838239,299450,350884,650334,235127,305035,540162,167958,261110,429068,71679,148051,219730,10533,35856,46389
2021-11-22,2292407,2734656,5027063,690401,730895,1421296,421179,460046,881225,395928,442583,838511,299551,350995,650546,235164,305073,540237,167968,261138,429106,71682,148063,219745,10534,35863,46397
2021-11-23,2299946,2742225,5042171,697062,737593,1434655,421590,460425,882015,396163,442803,838966,299710,351156,650866,235210,305139,540349,167986,261162,429148,71689,148078,219767,10536,35869,46405
2021-11-24,2308462,2750512,5058974,704678,745018,1449696,422040,460800,882840,396409,443025,839434,299848,351305,651153,235248,305204,540452,168003,261191,429194,71697,148095,219792,10539,35874,46413
2021-11-25,2311026,2752971,5063997,706609,746826,1453435,422391,461077,883468,396560,443210,839770,299911,351388,651299,235288,305254,540542,168018,261214,429232,71706,148124,219830,10543,35878,46421
2021-11-26,2317267,2759118,5076385,711799,751949,1463748,422849,461505,884354,396861,443484,840345,300096,351544,651640,235352,305343,540695,168046,261259,429305,71719,148145,219864,10545,35889,46434
2021-11-27,2322340,2764209,5086549,716361,756436,1472797,423046,461717,884763,397000,443637,840637,300206,351673,651879,235394,305402,540796,168061,261286,429347,71723,148161,219884,10549,35897,46446
2021-11-28,2327159,2768780,5095939,720724,760530,1481254,423271,461950,885221,397114,443762,840876,300270,351737,652007,235434,305427,540861,168070,261307,429377,71727,148168,219895,10549,35899,46448
2021-11-29,2331876,2773502,5105378,724650,764443,1489093,423671,462345,886016,397343,443978,841321,300383,351839,652222,235465,305485,540950,168082,261330,429412,71731,148176,219907,10551,35906,46457
2021-11-30,2337682,2779255,5116937,729417,769091,1498508,424250,462901,887151,397589,444205,841794,300501,351990,652491,235533,305582,541115,168101,261375,429476,71737,148193,219930,10554,35918,46472
2021-12-01,2344922,2786145,5131067,735716,774973,1510689,424699,463311,888010,397823,444442,842265,300666,352161,652827,235591,305691,541282,168126,261425,429551,71746,148214,219960,10555,35928,46483
2021-12-02,2352202,2793576,5145778,741881,781068,1522949,425222,463804,889026,398195,444859,843054,300804,352393,653197,235645,305781,541426,168148,261490,429638,71751,148240,219991,10556,35941,46497
2021-12-03,2354610,2795900,5150510,743695,782787,1526482,425521,464094,889615,398335,444990,843325,300883,352478,653361,235699,305833,541532,168166,261521,429687,71754,148253,220007,10557,35944,46501
2021-12-04,2357150,2798480,5155630,745886,785007,1530893,425658,464231,889889,398441,445078,843519,300935,352544,653479,235732,305869,541601,168182,261541,429723,71759,148261,220020,10557,35949,46506
2021-12-05,2359130,2800505,5159635,747532,786652,1534184,425830,464397,890227,398514,445167,843681,300987,352609,653596,235758,305906,541664,168189,261554,429743,71762,148268,220030,10558,35952,46510
2021-12-06,2364479,2805823,5170302,752041,791061,1543102,426218,464784,891002,398758,445438,844196,301114,352751,653865,235813,305968,541781,168209,261583,429792,71767,148282,220049,10559,35956,46515
2021-12-07,2368575,2809951,5178526,755189,794186,1549375,426685,465235,891920,399008,445704,844712,301252,352884,654136,235872,306058,541930,168237,261625,429862,71771,148299,220070,10561,35960,46521
2021-12-08,2371665,2812998,5184663,757685,796657,1554342,426931,465451,892382,399161,445846,845007,301375,353003,654378,235920,306114,542034,168255,261649,429904,71775,148311,220086,10563,35967,46530
2021-12-09,2377087,2818284,5195371,762564,801335,1563899,427172,465677,892849,399307,446008,845315,301462,353101,654563,235964,306177,542141,168274,261688,429962,71780,148329,220109,10564,35969,46533
2021-12-10,2380508,2821558,5202066,765514,804084,1569598,427401,465895,893296,399425,446116,845541,301527,353191,654718,236004,306229,542233,168285,261713,429998,71787,148344,220131,10565,35986,46551
2021-12-11,2382840,2823927,5206767,767363,805968,1573331,427635,466088,893723,399536,446239,845775,301601,353281,654882,236050,306269,542319,168299,261732,430031,71791,148360,220151,10565,35990,46555
2021-12-12,2385023,2825943,5210966,768946,807414,1576360,427971,466362,894333,399682,446386,846068,301676,353360,655036,236085,306312,542397,168306,261750,430056,71792,148367,220159,10565,35992,46557
2021-12-13,2387244,2828047,5215291,770375,808818,1579193,428398,466717,895115,399878,446541,846419,301786,353463,655249,236125,306356,542481,168318,261775,430093,71798,148381,220179,10566,35996,46562
2021-12-14,2390390,2831198,5221588,772756,811189,1583945,428760,467035,895795,400082,446762,846844,301906,353566,655472,236178,306427,542605,168334,261810,430144,71806,148404,220210,10568,36005,46573
2021-12-15,2393508,2834324,5227832,775160,813562,1588722,429063,467293,896356,400282,446949,847231,302041,353718,655759,236235,306503,542738,168351,261861,430212,71807,148420,220227,10569,36018,46587
2021-12-16,2396704,2837312,5234016,777724,815972,1593696,429382,467526,896908,400445,447092,847537,302137,353813,655950,236271,306556,542827,168363,261894,430257,71812,148435,220247,10570,36024,46594
2021-12-17,2399619,2840226,5239845,780093,818252,1598345,429634,467755,897389,400587,447236,847823,302218,353939,656157,236320,306622,542942,168378,261930,430308,71817,148463,220280,10572,36029,46601
2021-12-18,2401944,2842481,5244425,781789,819903,1601692,429903,467980,897883,400764,447422,848186,302326,354029,656355,236368,306682,543050,168394,261949,430343,71827,148481,220308,10573,36035,46608
2021-12-19,2404404,2844778,5249182,783617,821617,1605234,430201,468252,898453,400944,447563,848507,302422,354121,656543,236403,306716,543119,168407,261967,430374,71835,148497,220332,10575,36045,46620
2021-12-20,2408043,2848088,5256131,786302,824044,1610346,430712,468688,899400,401197,447775,848972,302541,354233,656774,236444,306767,543211,168425,262004,430429,71844,148523,220367,10578,36054,46632
2021-12-21,2412141,2851732,5263873,789337,826762,1616099,431259,469133,900392,401483,447997,849480,302694,354397,657091,236496,306811,543307,168442,262022,430464,71850,148544,220394,10580,36066,46646
2021-12-22,2416476,2855757,5272233,792726,829804,1622530,431675,469506,901181,401735,448256,849991,302859,354552,657411,236568,306923,543491,168475,262076,430551,71855,148563,220418,10583,36077,46660
2021-12-23,2420376,2859528,5279904,795777,832687,1628464,432104,469889,901993,401974,448496,850470,302982,354682,657664,236609,306990,543599,168488,262114,430602,71859,148585,220444,10583,36085,46668
2021-12-24,2421477,2860499,5281976,796516,833367,1629883,432276,470014,902290,402066,448584,850650,303048,354723,657771,236630,307007,543637,168496,262122,430618,71860,148592,220452,10585,36090,46675
2021-12-25,2421482,2860513,5281995,796517,833369,1629886,432276,470014,902290,402066,448584,850650,303048,354723,657771,236630,307010,543640,168499,262122,430621,71860,148598,220458,10586,36093,46679
2021-12-26,2423695,2862681,5286376,798199,834982,1633181,432531,470286,902817,402219,448740,850959,303128,354781,657909,236656,307042,543698,168509,262144,430653,71866,148607,220473,10587,36099,46686
2021-12-27,2428041,2866589,5294630,801178,837578,1638756,433200,470876,904076,402622,449067,851689,303323,355002,658325,236727,307122,543849,168529,262196,430725,71873,148639,220512,10589,36109,46698
2021-12-28,2432222,2870487,5302709,804040,840271,1644311,433801,471367,905168,402982,449407,852389,303566,355200,658766,236798,307214,544012,168564,262242,430806,71881,148666,220547,10590,36120,46710
2021-12-29,2436774,2874619,5311393,807369,843323,1650692,434414,471850,906264,403339,449748,853087,303734,355333,659067,236851,307269,544120,168583,262273,430856,71891,148699,220590,10593,36124,46717
2021-12-30,2441036,2878396,5319432,810534,846099,1656633,434979,472291,907270,403625,450018,853643,303897,355474,659371,236904,307332,544236,168606,262319,430925,71898,148730,220628,10593,36133,46726
2021-12-31,2442263,2879537,5321800,811428,846909,1658337,435140,472447,907587,403738,450098,853836,303930,355527,659457,236919,307351,544270,168615,262333,430948,71900,148737,220637,10593,36135,46728
2022-01-01,2442271,2879547,5321818,811432,846915,1658347,435141,472449,907590,403740,450098,853838,303931,355528,659459,236919,307352,544271,168615,262333,430948,71900,148737,220637,10593,36135,46728
2022-01-02,2444516,2881709,5326225,813144,848528,1661672,435395,472714,908109,403889,450234,854123,304015,355608,659623,236951,307385,544336,168626,262351,430977,71903,148751,220654,10593,36138,46731
2022-01-03,2448245,2885012,5333257,815412,850571,1665983,436243,473330,909573,404221,450538,854759,304195,355784,659979,237019,307477,544496,168648,262390,431038,71913,148780,220693,10594,36142,46736
2022-01-04,2451381,2888081,5339462,817464,852544,1670008,436782,473791,910573,404507,450842,855349,304366,355959,660325,237082,307555,544637,168667,262437,431104,71917,148807,220724,10596,36146,46742
2022-01-05,2455130,2891640,5346770,819882,854865,1674747,437572,474397,911969,404793,451121,855914,304528,356137,660665,237143,307638,544781,168690,262491,431181,71925,148838,220763,10597,36153,46750
2022-01-06,2458396,2894719,5353115,822300,857073,1679373,438012,474748,912760,405011,451346,856357,304633,356254,660887,237197,307728,544925,168713,262533,431246,71930,148867,220797,10600,36170,46770
2022-01-07,2463417,2899614,5363031,825703,860369,1686072,438910,475523,914433,405405,451701,857106,304818,356464,661282,237289,307868,545157,168742,262598,431340,71944,148907,220851,10606,36184,46790
2022-01-08,2465504,2901586,5367090,827145,861775,1688920,439219,475796,915015,405584,451828,857412,304914,356546,661460,237332,307907,545239,168757,262621,431378,71947,148921,220868,10606,36192,46798
2022-01-09,2467839,2903661,5371500,828825,863278,1692103,439609,476116,915725,405730,451952,857682,304981,356608,661589,237370,307940,545310,168768,262642,431410,71948,148928,220876,10608,36197,46805
2022-01-10,2470562,2906099,5376661,830693,864981,1695674,440076,476459,916535,405949,452132,858081,305084,356695,661779,237403,307996,545399,168790,262683,431473,71956,148949,220905,10611,36204,46815
2022-01-11,2473458,2908849,5382307,832754,866893,1699647,440522,476853,917375,406177,452341,858518,305172,356812,661984,237444,308049,545493,168811,262713,431524,71964,148972,220936,10614,36216,46830
2022-01-12,2476166,2911430,5387596,834839,868837,1703676,440825,477117,917942,406357,452500,858857,305263,356890,662153,237471,308105,545576,168827,262753,431580,71969,148997,220966,10615,36231,46846
2022-01-13,2478944,2913978,5392922,837066,870848,1707914,441090,477355,918445,406505,452641,859146,305341,356963,662304,237510,308149,545659,168839,262775,431614,71976,149007,220983,10617,36240,46857
2022-01-14,2481541,2916370,5397911,839101,872761,1711862,441384,477566,918950,406652,452774,859426,305421,357026,662447,237535,308189,545724,168845,262794,431639,71985,149016,221001,10618,36244,46862
2022-01-15,2483110,2917781,5400891,840381,873916,1714297,441553,477697,919250,406717,452829,859546,305459,357062,662521,237544,308210,545754,168851,262799,431650,71987,149020,221007,10618,36248,46866
2022-01-16,2484593,2919203,5403796,841560,875054,1716614,441732,477842,919574,406786,452892,859678,305491,357103,662594,237563,308229,545792,168855,262808,431663,71988,149024,221012,10618,36251,46869
2022-01-17,2487902,2922302,5410204,843756,877054,1720810,442340,478387,920727,407040,453156,860196,305647,357242,662889,237628,308309,545937,168876,262845,431721,71995,149047,221042,10620,36262,46882
2022-01-18,2490806,2924956,5415762,845670,878769,1724439,442845,478823,921668,407333,453414,860747,305771,357364,663135,237668,308363,546031,168894,262882,431776,72000,149070,221070,10625,36271,46896
2022-01-19,2493610,2927435,5421045,847620,880545,1728165,443289,479154,922443,407556,453578,861134,305873,357463,663336,237728,308409,546137,168915,262917,431832,72003,149091,221094,10626,36278,46904
2022-01-20,2497229,2930877,5428106,850304,883080,1733384,443743,479549,923292,407773,453808,861581,306036,357618,663654,237797,308477,546274,168935,262951,431886,72014,149112,221126,10627,36282,46909
2022-01-21,2500420,2933827,5434247,852641,885194,1737835,444131,479892,924023,408034,454025,862059,306159,357741,663900,237843,308542,546385,168960,262994,431954,72021,149147,221168,10631,36292,46923
2022-01-22,2501846,2935141,5436987,853635,886096,1739731,444346,480079,924425,408164,454137,862301,306218,357799,664017,237864,308561,546425,168966,263013,431979,72022,149160,221182,10631,36296,46927
2022-01-23,2503270,2936367,5439637,854591,886955,1741546,444577,480248,924825,408307,454248,862555,306277,357836,664113,237883,308588,546471,168980,263025,432005,72023,149168,221191,10632,36299,46931
2022-01-24,2506395,2939189,5445584,856699,888824,1745523,445124,480675,925799,408572,454496,863068,306397,357968,664365,237937,308658,546595,169003,263074,432077,72029,149191,221220,10634,36303,46937
2022-01-25,2509232,2941772,5451004,858541,890527,1749068,445593,481042,926635,408836,454720,863556,306559,358118,664677,238003,308728,546731,169028,263105,432133,72038,149211,221249,10634,36321,46955
2022-01-26,2511900,2944217,5456117,860470,892307,1752777,445917,481302,927219,409051,454899,863950,306688,358247,664935,238053,308782,546835,169044,263125,432169,72041,149231,221272,10636,36324,46960
2022-01-27,2514401,2946553,5460954,862356,894087,1756443,446239,481557,927796,409230,455039,864269,306760,358335,665095,238082,308824,546906,169051,263144,432195,72046,149238,221284,10637,36329,46966
2022-01-28,2516543,2948612,5465155,863903,895533,1759436,446522,481785,928307,409391,455190,864581,306842,358448,665290,238127,308876,547003,169062,263177,432239,72055,149262,221317,10641,36341,46982
2022-01-29,2517956,2949917,5467873,864899,896418,1761317,446715,481964,928679,409513,455292,864805,306908,358513,665421,238145,308917,547062,169077,263197,432274,72058,149275,221333,10641,36341,46982
2022-01-30,2519544,2951290,5470834,866068,897454,1763522,446925,482107,929032,409635,455386,865021,306964,358566,665530,238163,308941,547104,169086,263207,432293,72062,149285,221347,10641,36344,46985
2022-01-31,2521615,2953104,5474719,867484,898649,1766133,447277,482383,929660,409801,455551,865352,307052,358648,665700,238193,308981,547174,169094,263230,432324,72071,149307,221378,10643,36355,46998
2022-02-01,2523786,2955159,5478945,868953,900018,1768971,447648,482687,930335,409986,455739,865725,307144,358737,665881,238217,309037,547254,169116,263255,432371,72077,149323,221400,10645,36363,47008
2022-02-02,2525965,2957192,5483157,870436,901378,1771814,448010,482967,930977,410156,455909,866065,307240,358824,666064,238259,309091,547350,169132,263292,432424,72085,149352,221437,10647,36379,47026
2022-02-03,2527890,2958965,5486855,871867,902678,1774545,448270,483166,931436,410273,456047,866320,307309,358878,666187,238286,309115,547401,169144,263321,432465,72090,149370,221460,10651,36390,47041
2022-02-04,2531569,2962548,5494117,874823,905524,1780347,448620,483470,932090,410468,456242,866710,307423,358998,666421,238331,309168,547499,169160,263361,432521,72092,149390,221482,10652,36395,47047
2022-02-05,2533489,2964418,5497907,876250,906892,1783142,448858,483649,932507,410601,456386,866987,307501,359099,666600,238354,309204,547558,169174,263379,432553,72096,149406,221502,10655,36403,47058
2022-02-06,2535466,2966249,5501715,877800,908346,1786146,449064,483826,932890,410740,456495,867235,307555,359144,666699,238374,309223,547597,169181,263395,432576,72096,149414,221510,10656,36406,47062
2022-02-07,2537718,2968421,5506139,879472,909974,1789446,449372,484088,933460,410871,456624,867495,307641,359224,666865,238412,309258,547670,169194,263418,432612,72098,149424,221522,10658,36411,47069
2022-02-08,2540452,2970922,5511374,881448,911785,1793233,449773,484416,934189,411076,456816,867892,307749,359305,667054,238447,309297,547744,169199,263444,432643,72101,149445,221546,10659,36414,47073
2022-02-09,2543095,2973405,5516500,883527,913667,1797194,450069,484696,934765,411234,456960,868194,307815,359386,667201,238474,309340,547814,169211,263464,432675,72104,149466,221570,10661,36426,47087
2022-02-10,2545677,2975798,5521475,885659,915638,1801297,450314,484892,935206,411352,457048,868400,307860,359436,667296,238493,309372,547865,169223,263480,432703,72111,149491,221602,10665,36441,47106
2022-02-11,2548671,2978621,5527292,887948,917781,1805729,450687,485174,935861,411504,457225,868729,307966,359532,667498,238537,309429,547966,169244,263516,432760,72120,149514,221634,10665,36450,47115
2022-02-12,2550766,2980593,5531359,889475,919183,1808658,450970,485412,936382,411686,457404,869090,308041,359607,667648,238553,309468,548021,169251,263538,432789,72125,149528,221653,10665,36453,47118
2022-02-13,2552555,2982319,5534874,890798,920466,1811264,451199,485609,936808,411851,457569,869420,308089,359652,667741,238568,309486,548054,169259,263547,432806,72125,149534,221659,10666,36456,47122
2022-02-14,2554439,2984151,5538590,892234,921817,1814051,451417,485799,937216,411992,457705,869697,308147,359739,667886,238590,309516,548106,169263,263564,432827,72130,149548,221678,10666,36463,47129
2022-02-15,2556228,2985711,5541939,893444,922892,1816336,451726,486053,937779,412151,457824,869975,308216,359791,668007,238612,309543,548155,169274,263582,432856,72137,149558,221695,10668,36468,47136
2022-02-16,2558274,2987557,5545831,894919,924204,1819123,452036,486294,938330,412292,457966,870258,308298,359865,668163,238638,309578,548216,169280,263604,432884,72143,149571,221714,10668,36475,47143
2022-02-17,2560788,2989805,5550593,896911,926074,1822985,452376,486504,938880,412386,458043,870429,308352,359908,668260,238661,309594,548255,169288,263627,432915,72145,149577,221722,10669,36478,47147
2022-02-18,2562995,2991952,5554947,898684,927811,1826495,452603,486688,939291,412493,458135,870628,308416,359979,668395,238683,309626,548309,169297,263644,432941,72149,149586,221735,10670,36483,47153
2022-02-19,2564253,2993054,5557307,899637,928611,1828248,452748,486818,939566,412578,458215,870793,308465,360019,668484,238695,309659,548354,169307,263658,432965,72152,149589,221741,10671,36485,47156
2022-02-20,2565334,2993971,5559305,900410,929257,1829667,452894,486924,939818,412662,458291,870953,308514,360064,668578,238709,309682,548391,169319,263667,432986,72155,149600,221755,10671,36486,47157
2022-02-21,2566825,2995272,5562097,901520,930182,1831702,453069,487079,940148,412770,458393,871163,308578,360122,668700,238730,309711,548441,169329,263685,433014,72156,149611,221767,10673,36489,47162
2022-02-22,2568364,2996820,5565184,902548,931189,1833737,453326,487311,940637,412919,458535,871454,308645,360189,668834,238753,309757,548510,169337,263715,433052,72161,149626,221787,10675,36498,47173
2022-02-23,2569552,2997904,5567456,903366,931925,1835291,453497,487450,940947,413030,458644,871674,308695,360231,668926,238773,309781,548554,169346,263728,433074,72168,149638,221806,10677,36507,47184
2022-02-24,2570592,2998959,5569551,904125,932619,1836744,453635,487590,941225,413103,458739,871842,308742,360277,669019,238789,309806,548595,169352,263756,433108,72169,149654,221823,10677,36518,47195
2022-02-25,2571894,3000201,5572095,905009,933438,1838447,453848,487769,941617,413206,458834,872040,308805,360354,669159,238814,309840,548654,169361,263777,433138,72173,149666,221839,10678,36523,47201
2022-02-26,2572920,3001166,5574086,905824,934185,1840009,453948,487858,941806,413261,458891,872152,308835,360389,669224,238830,309858,548688,169368,263783,433151,72176,149676,221852,10678,36526,47204
2022-02-27,2574000,3002173,5576173,906683,935019,1841702,454037,487924,941961,413328,458937,872265,308881,360428,669309,238842,309870,548712,169374,263791,433165,72177,149677,221854,10678,36527,47205
2022-02-28,2574750,3002826,5577576,907276,935546,1842822,454119,487979,942098,413367,458981,872348,308908,360445,669353,238848,309872,548720,169376,263798,433174,72178,149678,221856,10678,36527,47205
2022-03-01,2575508,3003521,5579029,907846,936055,1843901,454213,488052,942265,413407,459018,872425,308938,360485,669423,238855,309891,548746,169389,263807,433196,72180,149683,221863,10680,36530,47210
2022-03-02,2576478,3004519,5580997,908468,936667,1845135,454380,488188,942568,413493,459123,872616,308997,360555,669552,238875,309924,548799,169399,263832,433231,72183,149694,221877,10683,36536,47219
2022-03-03,2577788,3005774,5583562,909333,937448,1846781,454614,488383,942997,413610,459250,872860,309056,360608,669664,238894,309965,548859,169409,263857,433266,72186,149717,221903,10686,36546,47232
2022-03-04,2578719,3006693,5585412,909859,937967,1847826,454888,488602,943490,413685,459330,873015,309083,360652,669735,238909,309987,548896,169419,263874,433293,72190,149731,221921,10686,36550,47236
2022-03-05,2579268,3007241,5586509,910270,938356,1848626,454958,488677,943635,413728,459361,873089,309095,360677,669772,238919,310001,548920,169421,263883,433304,72190,149733,221923,10687,36553,47240
2022-03-06,2580050,3007994,5588044,910909,938964,1849873,455032,488753,943785,413771,459397,873168,309112,360698,669810,238926,310009,548935,169423,263884,433307,72190,149736,221926,10687,36553,47240
2022-03-07,2581085,3008885,5589970,911611,939591,1851202,455191,488868,944059,413872,459463,873335,309164,360745,669909,238933,310030,548963,169432,263893,433325,72192,149738,221930,10690,36557,47247
2022-03-08,2582112,3009874,5591986,912334,940300,1852634,455342,488994,944336,413954,459536,873490,309203,360779,669982,238954,310053,549007,169438,263904,433342,72197,149746,221943,10690,36562,47252
2022-03-09,2582924,3010628,5593552,912839,940749,1853588,455501,489100,944601,414035,459608,873643,309241,360822,670063,238968,310088,549056,169446,263925,433371,72200,149767,221967,10694,36569,47263
2022-03-10,2584069,3011591,5595660,913679,941444,1855123,455645,489204,944849,414120,459688,873808,309287,360862,670149,238984,310103,549087,169454,263943,433397,72204,149771,221975,10696,36576,47272
2022-03-11,2585128,3012621,5597749,914445,942159,1856604,455792,489347,945139,414194,459771,873965,309331,360901,670232,238998,310127,549125,169464,263954,433418,72208,149781,221989,10696,36581,47277
2022-03-12,2585623,3013121,5598744,914782,942491,1857273,455868,489423,945291,414231,459814,874045,309363,360921,670284,239006,310141,549147,169467,263961,433428,72210,149788,221998,10696,36582,47278
2022-03-13,2586036,3013543,5599579,915056,942768,1857824,455952,489488,945440,414263,459857,874120,309376,360942,670318,239012,310147,549159,169471,263966,433437,72210,149791,222001,10696,36584,47280
2022-03-14,2587309,3014689,5601998,915914,943558,1859472,456188,489671,945859,414367,459943,874310,309422,360993,670415,239032,310164,549196,169477,263973,433450,72212,149800,222012,10697,36587,47284
2022-03-15,2588545,3015828,5604373,916761,944321,1861082,456402,489834,946236,414473,460052,874525,309461,361043,670504,239055,310193,549248,169481,263981,433462,72215,149812,222027,10697,36592,47289
2022-03-16,2589683,3016875,5606558,917633,945087,1862720,456547,489955,946502,414533,460115,874648,309495,361092,670587,239071,310221,549292,169489,263993,433482,72216,149817,222033,10699,36595,47294
2022-03-17,2591006,3018150,5609156,918571,945956,1864527,456761,490143,946904,414620,460208,874828,309537,361142,670679,239098,310252,549350,169500,264014,433514,72219,149833,222052,10700,36602,47302
2022-03-18,2591928,3019035,5610963,919257,946596,1865853,456892,490256,947148,414677,460261,874938,309559,361178,670737,239114,310272,549386,169508,264022,433530,72221,149844,222065,10700,36606,47306
2022-03-19,2592608,3019711,5612319,919735,947077,1866812,457013,490348,947361,414720,460312,875032,309578,361200,670778,239125,310284,549409,169513,264032,433545,72224,149848,222072,10700,36610,47310
2022-03-20,2593103,3020140,5613243,920100,947404,1867504,457088,490397,947485,414742,460338,875080,309594,361216,670810,239135,310288,549423,169517,264037,433554,72226,149849,222075,10701,36611,47312
2022-03-21,2593891,3020876,5614767,920544,947794,1868338,457268,490529,947797,414841,460428,875269,309632,361266,670898,239149,310322,549471,169526,264057,433583,72229,149862,222091,10702,36618,47320
2022-03-22,2594540,3021437,5615977,920943,948103,1869046,457405,490633,948038,414910,460495,875405,309662,361306,670968,239160,310339,549499,169529,264066,433595,72229,149874,222103,10702,36621,47323
2022-03-23,2595385,3022207,5617592,921444,948558,1870002,457586,490761,948347,415002,460590,875592,309708,361350,671058,239178,310359,549537,169535,264081,433616,72230,149885,222115,10702,36623,47325
2022-03-24,2595992,3022745,5618737,921920,948958,1870878,457655,490825,948480,415039,460617,875656,309726,361369,671095,239184,310373,549557,169535,264088,433623,72231,149891,222122,10702,36624,47326
2022-03-25,2596943,3023659,5620602,922585,949598,1872183,457812,490954,948766,415108,460693,875801,309759,361398,671157,239200,310393,549593,169540,264096,433636,72236,149899,222135,10703,36628,47331
2022-03-26,2597461,3024120,5621581,923003,949965,1872968,457869,490995,948864,415131,460720,875851,309773,361415,671188,239203,310397,549600,169543,264100,433643,72236,149900,222136,10703,36628,47331
2022-03-27,2597940,3024504,5622444,923385,950267,1873652,457915,491027,948942,415161,460741,875902,309786,361431,671217,239210,310404,549614,169544,264104,433648,72236,149901,222137,10703,36629,47332
2022-03-28,2598561,3025039,5623600,923817,950615,1874432,458019,491106,949125,415203,460785,875988,309809,361460,671269,239223,310421,549644,169549,264112,433661,72238,149910,222148,10703,36630,47333
2022-03-29,2599069,3025531,5624600,924168,950940,1875108,458104,491182,949286,415250,460831,876081,309825,361483,671308,239227,310427,549654,169554,264120,433674,72238,149916,222154,10703,36632,47335
2022-03-30,2599718,3026103,5625821,924602,951304,1875906,458202,491245,949447,415321,460889,876210,309852,361519,671371,239238,310441,549679,169560,264131,433691,72240,149928,222168,10703,36646,47349
2022-03-31,2600375,3026635,5627010,925069,951692,1876761,458293,491302,949595,415373,460927,876300,309877,361540,671417,239250,310450,549700,169566,264142,433708,72244,149934,222178,10703,36648,47351
2022-04-01,2600985,3027238,5628223,925525,952135,1877660,458372,491378,949750,415408,460961,876369,309905,361568,671473,239257,310459,549716,169568,264149,433717,72246,149940,222186,10704,36648,47352
2022-04-02,2601447,3027660,5629107,925895,952492,1878387,458419,491412,949831,415434,460979,876413,309913,361576,671489,239265,310460,549725,169569,264151,433720,72248,149941,222189,10704,36649,47353
2022-04-03,2601863,3028055,5629918,926236,952832,1879068,458457,491442,949899,415454,460991,876445,309921,361583,671504,239272,310464,549736,169570,264151,433721,72249,149942,222191,10704,36650,47354
2022-04-04,2602258,3028399,5630657,926481,953035,1879516,458536,491498,950034,415495,461035,876530,309937,361601,671538,239277,310473,549750,169576,264160,433736,72252,149945,222197,10704,36652,47356
2022-04-05,2602568,3028701,5631269,926683,953232,1879915,458594,491542,950136,415524,461061,876585,309947,361614,671561,239282,310481,549763,169581,264163,433744,72253,149952,222205,10704,36656,47360
2022-04-06,2602975,3029069,5632044,926933,953448,1880381,458695,491610,950305,415553,461091,876644,309962,361638,671600,239290,310494,549784,169582,264170,433752,72254,149960,222214,10706,36658,47364
2022-04-07,2603371,3029416,5632787,927219,953704,1880923,458743,491650,950393,415582,461113,876695,309982,361658,671640,239300,310498,549798,169584,264172,433756,72255,149963,222218,10706,36658,47364
2022-04-08,2603797,3029790,5633587,927533,953958,1881491,458797,491703,950500,415613,461142,876755,309996,361671,671667,239308,310504,549812,169589,264183,433772,72255,149969,222224,10706,36660,47366
2022-04-09,2604261,3030227,5634488,927954,954346,1882300,458818,491722,950540,415621,461154,876775,310003,361677,671680,239314,310512,549826,169590,264186,433776,72255,149969,222224,10706,36661,47367
2022-04-10,2604710,3030601,5635311,928346,954665,1883011,458848,491742,950590,415631,461174,876805,310013,361684,671697,239315,310517,549832,169592,264187,433779,72259,149971,222230,10706,36661,47367
2022-04-11,2605096,3030911,5636007,928606,954871,1883477,458901,491791,950692,415671,461193,876864,310032,361701,671733,239321,310528,549849,169595,264190,433785,72264,149976,222240,10706,36661,47367
2022-04-12,2605435,3031221,5636656,928813,955071,1883884,458965,491841,950806,415705,461223,876928,310055,361716,671771,239327,310537,549864,169597,264194,433791,72267,149977,222244,10706,36662,47368
2022-04-13,2605809,3031576,5637385,929045,955297,1884342,459042,491896,950938,415738,461252,876990,310072,361732,671804,239337,310547,549884,169600,264204,433804,72267,149986,222253,10708,36662,47370
2022-04-14,2605988,3031751,5637739,929198,955438,1884636,459057,491916,950973,415745,461260,877005,310074,361736,671810,239338,310548,549886,169601,264204,433805,72267,149987,222254,10708,36662,47370
2022-04-15,2606157,3031881,5638038,929333,955548,1884881,459072,491926,950998,415753,461266,877019,310082,361737,671819,239341,310550,549891,169601,264205,433806,72267,149987,222254,10708,36662,47370
2022-04-16,2606330,3032025,5638355,929462,955654,1885116,459088,491935,951023,415766,461280,877046,310093,361743,671836,239342,310558,549900,169604,264206,433810,72267,149987,222254,10708,36662,47370
2022-04-17,2606401,3032096,5638497,929517,955717,1885234,459096,491939,951035,415772,461281,877053,310093,361744,671837,239343,310560,549903,169604,264206,433810,72268,149987,222255,10708,36662,47370
2022-04-18,2606770,3032370,5639140,929755,955895,1885650,459169,491973,951142,415804,461310,877114,310110,361760,671870,239351,310569,549920,169605,264206,433811,72268,149991,222259,10708,36666,47374
2022-04-19,2607115,3032651,5639766,929960,956066,1886026,459249,492020,951269,415836,461331,877167,310125,361784,671909,239360,310579,549939,169608,264208,433816,72269,149997,222266,10708,36666,47374
2022-04-20,2607608,3033098,5640706,930209,956289,1886498,459396,492122,951518,415888,461378,877266,310150,361821,671971,239373,310592,549965,169615,264219,433834,72269,150005,222274,10708,36672,47380
2022-04-21,2608122,3033549,5641671,930471,956545,1887016,459533,492214,951747,415942,461417,877359,310187,361845,672032,239387,310613,550000,169622,264231,433853,72272,150008,222280,10708,36676,47384
2022-04-22,2608504,3033922,5642426,930713,956760,1887473,459600,492271,951871,415985,461458,877443,310208,361873,672081,239390,310630,550020,169626,264239,433865,72274,150012,222286,10708,36679,47387
2022-04-23,2608795,3034166,5642961,930979,956976,1887955,459612,492285,951897,415992,461465,877457,310211,361877,672088,239391,310631,550022,169628,264240,433868,72274,150012,222286,10708,36680,47388
2022-04-24,2608859,3034410,5643269,931020,957190,1888210,459623,492294,951917,415999,461473,877472,310215,361883,672098,239392,310635,550027,169628,264241,433869,72274,150013,222287,10708,36681,47389
2022-04-25,2609096,3034618,5643714,931173,957321,1888494,459670,492325,951995,416012,461487,877499,310229,361892,672121,239399,310643,550042,169630,264245,433875,72275,150019,222294,10708,36686,47394
2022-04-26,2609313,3034805,5644118,931307,957436,1888743,459715,492359,952074,416030,461508,877538,310236,361899,672135,239406,310648,550054,169633,264248,433881,72277,150020,222297,10709,36687,47396
2022-04-27,2609577,3035062,5644639,931465,957579,1889044,459760,492410,952170,416056,461540,877596,310252,361913,672165,239415,310655,550070,169641,264256,433897,72279,150022,222301,10709,36687,47396
2022-04-28,2610035,3035509,5645544,931802,957900,1889702,459828,492464,952292,416083,461565,877648,310267,361933,672200,239421,310661,550082,169645,264262,433907,72280,150031,222311,10709,36693,47402
2022-04-29,2610309,3035802,5646111,931981,958088,1890069,459875,492507,952382,416113,461590,877703,310279,361946,672225,239425,310670,550095,169646,264268,433914,72280,150034,222314,10710,36699,47409
2022-04-30,2610527,3036015,5646542,932163,958263,1890426,459890,492526,952416,416127,461597,877724,310281,361952,672233,239427,310673,550100,169649,264270,433919,72280,150035,222315,10710,36699,47409
2022-05-01,2610528,3036017,5646545,932163,958264,1890427,459890,492526,952416,416127,461598,877725,310281,361952,672233,239428,310673,550101,169649,264270,433919,72280,150035,222315,10710,36699,47409
2022-05-02,2610793,3036245,5647038,932331,958389,1890720,459939,492566,952505,416152,461624,877776,310295,361971,672266,239433,310681,550114,169651,264277,433928,72282,150038,222320,10710,36699,47409
2022-05-03,2611116,3036558,5647674,932533,958572,1891105,460010,492618,952628,416173,461654,877827,310307,361988,672295,239442,310687,550129,169656,264287,433943,72283,150049,222332,10712,36703,47415
2022-05-04,2611457,3036856,5648313,932774,958762,1891536,460060,492660,952720,416197,461677,877874,310321,362006,672327,239450,310696,550146,169658,264297,433955,72284,150053,222337,10713,36705,47418
2022-05-05,2611824,3037208,5649032,933021,958973,1891994,460122,492725,952847,416230,461706,877936,310329,362017,672346,239456,310709,550165,169666,264310,433976,72287,150059,222346,10713,36709,47422
2022-05-06,2612142,3037555,5649697,933212,959191,1892403,460184,492771,952955,416264,461740,878004,310346,362037,672383,239465,310721,550186,169668,264314,433982,72290,150068,222358,10713,36713,47426
2022-05-07,2612316,3037752,5650068,933354,959343,1892697,460195,492787,952982,416272,461752,878024,310350,362043,672393,239470,310727,550197,169670,264318,433988,72292,150069,222361,10713,36713,47426
2022-05-08,2612476,3037895,5650371,933481,959463,1892944,460207,492791,952998,416282,461759,878041,310355,362051,672406,239472,310729,550201,169674,264319,433993,72292,150070,222362,10713,36713,47426
2022-05-09,2612693,3038100,5650793,933620,959601,1893221,460245,492822,953067,416299,461768,878067,310364,362063,672427,239479,310734,550213,169680,264323,434003,72293,150074,222367,10713,36715,47428
2022-05-10,2613030,3038418,5651448,933855,959810,1893665,460286,492864,953150,416328,461791,878119,310378,362082,672460,239491,310744,550235,169684,264328,434012,72295,150083,222378,10713,36716,47429
2022-05-11,2613330,3038657,5651987,934036,959958,1893994,460338,492907,953245,416353,461808,878161,310404,362092,672496,239502,310754,550256,169689,264336,434025,72295,150085,222380,10713,36717,47430
2022-05-12,2613591,3038923,5652514,934203,960128,1894331,460389,492942,953331,416373,461835,878208,310416,362109,672525,239511,310758,550269,169689,264341,434030,72296,150089,222385,10714,36721,47435
2022-05-13,2613911,3039312,5653223,934414,960355,1894769,460444,493004,953448,416404,461871,878275,310429,362135,672564,239515,310774,550289,169693,264347,434040,72298,150098,222396,10714,36728,47442
2022-05-14,2614161,3039508,5653669,934627,960511,1895138,460459,493017,953476,416416,461881,878297,310436,362141,672577,239516,310779,550295,169695,264351,434046,72298,150100,222398,10714,36728,47442
2022-05-15,2614390,3039698,5654088,934819,960665,1895484,460476,493033,953509,416424,461889,878313,310445,362146,672591,239519,310781,550300,169695,264354,434049,72298,150102,222400,10714,36728,47442
2022-05-16,2614636,3039894,5654530,934972,960773,1895745,460510,493066,953576,416444,461905,878349,310460,362153,672613,239528,310789,550317,169703,264367,434070,72302,150110,222412,10717,36731,47448
2022-05-17,2614949,3040173,5655122,935184,960962,1896146,460560,493101,953661,416471,461928,878399,310472,362166,672638,239532,310794,550326,169709,264373,434082,72302,150116,222418,10719,36733,47452
2022-05-18,2614949,3040173,5655122,935184,960962,1896146,460560,493101,953661,416471,461928,878399,310472,362166,672638,239532,310794,550326,169709,264373,434082,72302,150116,222418,10719,36733,47452
2022-05-19,2615190,3040435,5655625,935351,961122,1896473,460593,493137,953730,416482,461949,878431,310488,362187,672675,239539,310804,550343,169713,264381,434094,72304,150120,222424,10720,36735,47455
2022-05-20,2615460,3040756,5656216,935538,961333,1896871,460632,493196,953828,416506,461971,878477,310499,362201,672700,239544,310810,550354,169716,264387,434103,72305,150121,222426,10720,36737,47457
2022-05-21,2615677,3040942,5656619,935716,961482,1897198,460652,493211,953863,416511,461979,878490,310507,362208,672715,239547,310815,550362,169717,264389,434106,72306,150121,222427,10721,36737,47458
