FECHA,TotalM,TotalF,Total,<=30M,<=30F,<=30,31-40M,31-40F,31-40,41-50M,41-50F,41-50,51-60M,51-60F,51-60,61-70M,61-70F,61-70,71-80M,71-80F,71-80,81-90M,81-90F,81-90,>=91M,>=91F,>=91
2020-12-29,260,411,671,38,68,106,93,126,219,79,133,212,49,82,131,1,2,3,0,0,0,0,0,0,0,0,0
2020-12-30,560,893,1453,83,167,250,200,267,467,169,283,452,105,173,278,3,3,6,0,0,0,0,0,0,0,0,0
2020-12-31,597,937,1534,90,170,260,212,283,495,181,299,480,111,181,292,3,4,7,0,0,0,0,0,0,0,0,0
2021-01-01,597,938,1535,90,170,260,212,284,496,181,299,480,111,181,292,3,4,7,0,0,0,0,0,0,0,0,0
2021-01-02,737,1180,1917,104,198,302,266,379,645,228,365,593,135,233,368,4,5,9,0,0,0,0,0,0,0,0,0
2021-01-03,786,1279,2065,112,212,324,288,420,708,239,393,632,143,249,392,4,5,9,0,0,0,0,0,0,0,0,0
2021-01-04,1106,1803,2909,169,303,472,391,608,999,331,546,877,210,341,551,5,5,10,0,0,0,0,0,0,0,0,0
2021-01-05,1576,2533,4109,238,431,669,587,850,1437,450,764,1214,295,479,774,6,8,14,0,1,1,0,0,0,0,0,0
2021-01-06,2093,3305,5398,328,577,905,784,1085,1869,593,988,1581,381,645,1026,7,9,16,0,1,1,0,0,0,0,0,0
2021-01-07,2620,4199,6819,413,734,1147,964,1393,2357,742,1248,1990,494,814,1308,7,9,16,0,1,1,0,0,0,0,0,0
2021-01-08,3285,5376,8661,534,964,1498,1189,1796,2985,933,1585,2518,617,1018,1635,12,12,24,0,1,1,0,0,0,0,0,0
2021-01-09,3452,5648,9100,548,1004,1552,1259,1898,3157,985,1671,2656,648,1062,1710,12,12,24,0,1,1,0,0,0,0,0,0
2021-01-10,3660,6007,9667,581,1052,1633,1348,2049,3397,1038,1773,2811,679,1120,1799,14,12,26,0,1,1,0,0,0,0,0,0
2021-01-11,4317,7198,11515,692,1310,2002,1613,2450,4063,1212,2096,3308,784,1326,2110,16,15,31,0,1,1,0,0,0,0,0,0
2021-01-12,4906,8289,13195,787,1500,2287,1848,2840,4688,1362,2385,3747,892,1547,2439,17,16,33,0,1,1,0,0,0,0,0,0
2021-01-13,5371,9179,14550,866,1679,2545,2012,3163,5175,1490,2619,4109,985,1701,2686,18,16,34,0,1,1,0,0,0,0,0,0
2021-01-14,6169,10594,16763,1035,1958,2993,2304,3650,5954,1706,3013,4719,1106,1955,3061,18,17,35,0,1,1,0,0,0,0,0,0
2021-01-15,7361,12811,20172,1250,2408,3658,2769,4420,7189,2012,3625,5637,1312,2337,3649,18,20,38,0,1,1,0,0,0,0,0,0
2021-01-16,7836,13665,21501,1346,2561,3907,2945,4747,7692,2133,3867,6000,1394,2469,3863,18,20,38,0,1,1,0,0,0,0,0,0
2021-01-17,8121,14209,22330,1412,2654,4066,3058,4961,8019,2205,4020,6225,1428,2553,3981,18,20,38,0,1,1,0,0,0,0,0,0
2021-01-18,8309,14525,22834,1440,2708,4148,3119,5065,8184,2261,4123,6384,1471,2608,4079,18,20,38,0,1,1,0,0,0,0,0,0
2021-01-19,8593,14994,23587,1476,2775,4251,3200,5234,8434,2355,4268,6623,1542,2695,4237,20,21,41,0,1,1,0,0,0,0,0,0
2021-01-20,8884,15497,24381,1507,2870,4377,3309,5383,8692,2442,4426,6868,1606,2793,4399,20,24,44,0,1,1,0,0,0,0,0,0
2021-01-21,9014,15688,24702,1530,2900,4430,3354,5436,8790,2477,4491,6968,1628,2834,4462,25,25,50,0,2,2,0,0,0,0,0,0
2021-01-22,9052,15739,24791,1537,2910,4447,3369,5451,8820,2489,4508,6997,1630,2842,4472,26,26,52,1,2,3,0,0,0,0,0,0
2021-01-23,9170,15939,25109,1547,2931,4478,3414,5530,8944,2528,4568,7096,1653,2882,4535,27,26,53,1,2,3,0,0,0,0,0,0
2021-01-24,9215,16027,25242,1552,2940,4492,3435,5567,9002,2539,4594,7133,1661,2898,4559,27,26,53,1,2,3,0,0,0,0,0,0
2021-01-25,9497,16490,25987,1597,3019,4616,3519,5716,9235,2620,4737,7357,1731,2988,4719,29,28,57,1,2,3,0,0,0,0,0,0
2021-01-26,9885,17149,27034,1641,3127,4768,3667,5903,9570,2730,4956,7686,1812,3129,4941,34,32,66,1,2,3,0,0,0,0,0,0
2021-01-27,10335,17811,28146,1716,3243,4959,3837,6098,9935,2849,5151,8000,1894,3283,5177,38,34,72,1,2,3,0,0,0,0,0,0
2021-01-28,10795,18617,29412,1792,3387,5179,3989,6371,10360,2977,5376,8353,1997,3446,5443,39,35,74,1,2,3,0,0,0,0,0,0
2021-01-29,11430,19678,31108,1895,3575,5470,4231,6746,10977,3159,5683,8842,2101,3633,5734,43,39,82,1,2,3,0,0,0,0,0,0
2021-01-30,11582,19938,31520,1914,3614,5528,4290,6850,11140,3204,5760,8964,2130,3673,5803,43,39,82,1,2,3,0,0,0,0,0,0
2021-01-31,11700,20163,31863,1937,3647,5584,4332,6943,11275,3236,5820,9056,2150,3712,5862,44,39,83,1,2,3,0,0,0,0,0,0
2021-02-01,12247,21108,33355,2028,3822,5850,4557,7275,11832,3386,6075,9461,2230,3890,6120,45,43,88,1,3,4,0,0,0,0,0,0
2021-02-02,13430,23113,36543,2141,4066,6207,4846,7740,12586,3592,6514,10106,2456,4352,6808,351,407,758,38,32,70,5,2,7,1,0,1
2021-02-03,14698,25426,40124,2279,4393,6672,5170,8357,13527,3845,7060,10905,2703,4826,7529,618,726,1344,74,60,134,8,4,12,1,0,1
2021-02-04,15940,27753,43693,2438,4717,7155,5529,9022,14551,4137,7626,11763,2924,5308,8232,785,977,1762,113,96,209,12,7,19,2,0,2
2021-02-05,17851,31469,49320,2718,5295,8013,6149,10193,16342,4542,8536,13078,3282,6044,9326,976,1253,2229,165,138,303,17,10,27,2,0,2
2021-02-06,18293,32276,50569,2799,5413,8212,6285,10470,16755,4658,8766,13424,3368,6199,9567,998,1279,2277,166,139,305,17,10,27,2,0,2
2021-02-07,18646,32928,51574,2853,5503,8356,6398,10707,17105,4768,8958,13726,3426,6310,9736,1014,1300,2314,168,140,308,17,10,27,2,0,2
2021-02-08,19514,34523,54037,2981,5783,8764,6676,11209,17885,4979,9387,14366,3576,6581,10157,1103,1403,2506,179,150,329,18,10,28,2,0,2
2021-02-09,20506,36456,56962,3122,6125,9247,6980,11780,18760,5207,9849,15056,3756,6986,10742,1223,1549,2772,193,157,350,23,10,33,2,0,2
2021-02-10,21047,37486,58533,3205,6290,9495,7114,12106,19220,5352,10114,15466,3864,7191,11055,1282,1611,2893,202,164,366,26,10,36,2,0,2
2021-02-11,21500,38556,60056,3276,6471,9747,7258,12455,19713,5449,10385,15834,3935,7389,11324,1339,1674,3013,214,172,386,27,10,37,2,0,2
2021-02-12,22018,39518,61536,3350,6630,9980,7428,12791,20219,5567,10664,16231,4027,7528,11555,1387,1715,3102,227,180,407,30,10,40,2,0,2
2021-02-13,22046,39562,61608,3352,6638,9990,7439,12808,20247,5573,10673,16246,4035,7537,11572,1387,1716,3103,228,180,408,30,10,40,2,0,2
2021-02-14,22052,39587,61639,3354,6645,9999,7441,12816,20257,5573,10683,16256,4037,7537,11574,1387,1716,3103,228,180,408,30,10,40,2,0,2
2021-02-15,22052,39587,61639,3354,6645,9999,7441,12816,20257,5573,10683,16256,4037,7537,11574,1387,1716,3103,228,180,408,30,10,40,2,0,2
2021-02-16,22063,39623,61686,3355,6646,10001,7449,12834,20283,5575,10696,16271,4037,7540,11577,1387,1716,3103,228,181,409,30,10,40,2,0,2
2021-02-17,22868,41135,64003,3484,6875,10359,7699,13288,20987,5745,11129,16874,4183,7826,12009,1485,1822,3307,240,185,425,30,10,40,2,0,2
2021-02-18,24730,45040,69770,3703,7417,11120,8228,14342,22570,6127,12160,18287,4548,8611,13159,1754,2214,3968,319,280,599,49,16,65,2,0,2
2021-02-19,26412,48868,75280,3900,7955,11855,8680,15460,24140,6557,13144,19701,4857,9349,14206,1967,2550,4517,385,383,768,61,27,88,5,0,5
2021-02-20,26869,49657,76526,3945,8039,11984,8818,15733,24551,6670,13337,20007,4945,9500,14445,2020,2632,4652,404,389,793,62,27,89,5,0,5
2021-02-21,27197,50161,77358,3980,8104,12084,8911,15920,24831,6750,13468,20218,5024,9586,14610,2053,2662,4715,410,394,804,64,27,91,5,0,5
2021-02-22,30623,56407,87030,4175,8550,12725,9264,16785,26049,7020,14169,21189,5280,10133,15413,2365,2976,5341,805,928,1733,1541,2440,3981,173,426,599
2021-02-23,34592,63797,98389,4426,9079,13505,9709,17882,27591,7447,15172,22619,5643,10934,16577,2843,3589,6432,1161,1422,2583,3012,4858,7870,351,861,1212
2021-02-24,38646,71410,110056,4683,9543,14226,10261,18936,29197,7894,16139,24033,5971,11686,17657,3228,4095,7323,1561,2039,3600,4533,7608,12141,515,1364,1879
2021-02-25,42689,78960,121649,4918,10076,14994,10786,20028,30814,8389,17036,25425,6343,12474,18817,3574,4588,8162,1896,2612,4508,6064,10271,16335,719,1875,2594
2021-02-26,46605,86837,133442,5170,10639,15809,11332,21148,32480,8769,17991,26760,6739,13332,20071,3929,5094,9023,2255,3142,5397,7503,13048,20551,908,2443,3351
2021-02-27,47132,87949,135081,5210,10714,15924,11431,21277,32708,8857,18113,26970,6799,13439,20238,3986,5198,9184,2320,3271,5591,7606,13360,20966,923,2577,3500
2021-02-28,47287,88302,135589,5225,10731,15956,11461,21335,32796,8874,18148,27022,6812,13456,20268,4021,5231,9252,2335,3309,5644,7631,13453,21084,928,2639,3567
2021-03-01,50373,94389,144762,5336,10965,16301,11724,21864,33588,9098,18547,27645,6977,13839,20816,4214,5482,9696,2693,3869,6562,9203,16648,25851,1128,3175,4303
2021-03-02,53413,100280,153693,5463,11266,16729,11955,22369,34324,9272,18975,28247,7133,14186,21319,4401,5796,10197,3064,4441,7505,10788,19562,30350,1337,3685,5022
2021-03-03,56297,106117,162414,5596,11524,17120,12206,22964,35170,9493,19471,28964,7292,14574,21866,4539,6033,10572,3369,4960,8329,12250,22360,34610,1552,4231,5783
2021-03-04,57583,108997,166580,5719,11844,17563,12439,23520,35959,9683,19891,29574,7432,14906,22338,4659,6260,10919,3487,5164,8651,12580,23039,35619,1584,4373,5957
2021-03-05,58702,111609,170311,5814,12091,17905,12687,24098,36785,9880,20439,30319,7597,15308,22905,4779,6477,11256,3562,5307,8869,12766,23432,36198,1617,4457,6074
2021-03-06,59361,113947,173308,5854,12330,18184,12862,24625,37487,10015,20949,30964,7699,15736,23435,4807,6533,11340,3628,5452,9080,12856,23741,36597,1640,4581,6221
2021-03-07,60010,116014,176024,5889,12521,18410,13008,25115,38123,10163,21405,31568,7821,16097,23918,4842,6577,11419,3696,5584,9280,12931,23992,36923,1660,4723,6383
2021-03-08,61471,119351,180822,5982,12776,18758,13193,25559,38752,10298,21795,32093,7959,16447,24406,4973,6851,11824,3876,5892,9768,13458,25006,38464,1732,5025,6757
2021-03-09,65236,126201,191437,6139,13082,19221,13527,26246,39773,10570,22327,32897,8211,16950,25161,5244,7206,12450,4295,6563,10858,15292,28133,43425,1958,5694,7652
2021-03-10,69288,134937,204225,6352,13601,19953,13915,27371,41286,10910,23437,34347,8558,17945,26503,5468,7540,13008,4701,7209,11910,17178,31464,48642,2206,6370,8576
2021-03-11,74475,147274,221749,6762,14516,21278,14660,29405,44065,11474,25625,37099,9083,19568,28651,5835,8078,13913,5145,7948,13093,19100,35121,54221,2416,7013,9429
2021-03-12,78296,157596,235892,7194,15568,22762,15498,31937,47435,12155,28154,40309,9663,21430,31093,6127,8538,14665,5377,8276,13653,19760,36406,56166,2522,7287,9809
2021-03-13,79796,162709,242505,7388,16353,23741,15920,33442,49362,12534,29557,42091,9962,22393,32355,6217,8667,14884,5407,8356,13763,19829,36583,56412,2539,7358,9897
2021-03-14,80840,166665,247505,7485,16866,24351,16225,34546,50771,12826,30781,43607,10204,23329,33533,6297,8800,15097,5432,8396,13828,19832,36588,56420,2539,7359,9898
2021-03-15,83822,175654,259476,7746,17894,25640,16874,36761,53635,13381,32950,46331,10709,25021,35730,6582,9322,15904,5645,8724,14369,20278,37491,57769,2607,7491,10098
2021-03-16,87754,185121,272875,8013,18739,26752,17487,38544,56031,13945,34672,48617,11172,26451,37623,6916,9922,16838,6022,9297,15319,21482,39691,61173,2717,7805,10522
2021-03-17,91937,194384,286321,8308,19420,27728,18109,40249,58358,14525,36291,50816,11620,27676,39296,7308,10629,17937,6446,9974,16420,22759,42005,64764,2862,8140,11002
2021-03-18,96325,204277,300602,8647,20324,28971,18857,42187,61044,15209,38070,53279,12202,29116,41318,7634,11221,18855,6887,10668,17555,23887,44165,68052,3002,8526,11528
2021-03-19,100499,214219,314718,9005,21326,30331,19641,44259,63900,15986,39946,55932,12834,30619,43453,7888,11609,19497,7191,11179,18370,24800,46217,71017,3154,9064,12218
2021-03-20,102686,219166,321852,9075,21548,30623,19849,44735,64584,16177,40411,56588,13031,31090,44121,8346,12686,21032,7576,11804,19380,25380,47517,72897,3252,9375,12627
2021-03-21,104361,222637,326998,9099,21612,30711,19920,44869,64789,16220,40492,56712,13126,31285,44411,8983,14107,23090,7996,12492,20488,25711,48228,73939,3306,9552,12858
2021-03-22,106457,227135,333592,9267,21912,31179,20234,45563,65797,16465,41072,57537,13358,31929,45287,9560,15555,25115,8465,13177,21642,25789,48349,74138,3319,9578,12897
2021-03-23,109489,234124,343613,9388,22184,31572,20499,46151,66650,16683,41607,58290,13565,32391,45956,9969,16427,26396,8920,13921,22841,26945,51073,78018,3520,10370,13890
2021-03-24,111349,238257,349606,9394,22201,31595,20511,46179,66690,16693,41634,58327,13603,32453,46056,10207,16993,27200,9263,14579,23842,28001,53344,81345,3677,10874,14551
2021-03-25,113464,242580,356044,9525,22503,32028,20772,46744,67516,16940,42076,59016,13766,32776,46542,10302,17150,27452,9569,15041,24610,28792,55007,83799,3798,11283,15081
2021-03-26,114580,245234,359814,9562,22600,32162,20881,46943,67824,17019,42252,59271,13855,32917,46772,10425,17537,27962,9751,15436,25187,29207,55942,85149,3880,11607,15487
2021-03-27,115318,247098,362416,9564,22606,32170,20886,46958,67844,17022,42265,59287,13860,32939,46799,10442,17577,28019,9902,15766,25668,29693,57024,86717,3949,11963,15912
2021-03-28,116028,248984,365012,9566,22610,32176,20889,46965,67854,17023,42275,59298,13868,32952,46820,10472,17617,28089,10044,16025,26069,30126,58168,88294,4040,12372,16412
2021-03-29,118341,254855,373196,9768,23141,32909,21311,48065,69376,17374,43180,60554,14150,33698,47848,10623,17906,28529,10285,16424,26709,30679,59578,90257,4151,12863,17014
2021-03-30,121499,262114,383613,9890,23440,33330,21556,48726,70282,17604,43718,61322,15205,36078,51283,11391,19154,30545,10655,17121,27776,30984,60625,91609,4214,13252,17466
2021-03-31,125673,270649,396322,10122,23970,34092,22052,49969,72021,18038,44801,62839,15442,36579,52021,11555,19376,30931,12702,20295,32997,31447,61925,93372,4315,13734,18049
2021-04-01,130207,278240,408447,10146,23999,34145,22080,50053,72133,18579,45837,64416,15831,37333,53164,11623,19578,31201,15770,24651,40421,31797,62788,94585,4381,14001,18382
2021-04-02,134623,285459,420082,10147,24002,34149,22082,50060,72142,19491,47572,67063,15839,37347,53186,11638,19604,31242,18937,29302,48239,32070,63400,95470,4419,14172,18591
2021-04-03,138377,291544,429921,10148,24010,34158,22087,50064,72151,19500,47579,67079,15847,37354,53201,11647,19615,31262,22518,34944,57462,32177,63692,95869,4453,14286,18739
2021-04-04,139483,293294,432777,10148,24010,34158,22088,50065,72153,19502,47586,67088,15851,37358,53209,11665,19631,31296,23589,36638,60227,32182,63709,95891,4458,14297,18755
2021-04-05,145569,303118,448687,10235,24141,34376,22163,50267,72430,19582,47800,67382,15932,37557,53489,11803,19827,31630,29053,45160,74213,32311,63973,96284,4490,14393,18883
2021-04-06,152416,314159,466575,10341,24291,34632,22288,50496,72784,19652,47953,67605,15995,37681,53676,11916,20012,31928,35162,54719,89881,32528,64462,96990,4534,14545,19079
2021-04-07,159982,326087,486069,10433,24412,34845,22413,50763,73176,19726,48127,67853,16076,37824,53900,12569,20826,33395,41295,64223,105518,32873,65190,98063,4597,14722,19319
2021-04-08,168475,338205,506680,10597,24577,35174,22624,51036,73660,19829,48286,68115,16161,37997,54158,14099,23061,37160,47517,73037,120554,33027,65410,98437,4621,14801,19422
2021-04-09,175832,349502,525334,10725,24827,35552,22848,51424,74272,19954,48545,68499,16251,38184,54435,15442,24921,40363,52785,80915,133700,33175,65745,98920,4652,14941,19593
2021-04-10,178941,354273,533214,10774,24936,35710,22912,51576,74488,20031,48666,68697,16305,38307,54612,16099,25929,42028,54932,84089,139021,33229,65799,99028,4659,14971,19630
2021-04-11,181855,358898,540753,10822,25044,35866,23009,51760,74769,20084,48828,68912,16370,38474,54844,16698,26840,43538,56951,87089,144040,33258,65861,99119,4663,15002,19665
2021-04-12,189976,371439,561415,10953,25287,36240,23191,52113,75304,20200,49056,69256,16479,38672,55151,18311,29149,47460,62807,96017,158824,33348,66061,99409,4687,15084,19771
2021-04-13,197658,383231,580889,11159,25477,36636,23423,52450,75873,20420,49292,69712,16673,39044,55717,20278,32567,52845,67527,102897,170424,33471,66323,99794,4707,15181,19888
2021-04-14,204264,393044,597308,11392,25553,36945,23605,52617,76222,20576,49478,70054,16740,39112,55852,21095,33595,54690,71367,108831,180198,34641,68277,102918,4848,15581,20429
2021-04-15,207551,398764,606315,11529,25601,37130,23707,52658,76365,20656,49502,70158,16782,39161,55943,22389,36412,58801,72897,111322,184219,34724,68472,103196,4867,15636,20503
2021-04-16,211358,404512,615870,11629,25634,37263,23756,52685,76441,20698,49526,70224,16799,39180,55979,23021,37252,60273,75481,115174,190655,35044,69231,104275,4930,15830,20760
2021-04-17,211676,405000,616676,11645,25648,37293,23781,52702,76483,20735,49559,70294,16836,39211,56047,23064,37292,60356,75621,115446,191067,35062,69288,104350,4932,15854,20786
2021-04-18,211824,405162,616986,11661,25654,37315,23803,52718,76521,20765,49592,70357,16879,39240,56119,23073,37309,60382,75636,115463,191099,35071,69317,104388,4936,15869,20805
2021-04-19,215873,411533,627406,11820,25684,37504,23867,52735,76602,20815,49608,70423,16894,39252,56146,23567,37988,61555,78442,119862,198304,35467,70297,105764,5001,16107,21108
2021-04-20,222044,422131,644175,11983,25747,37730,23948,52804,76752,20882,49695,70577,17347,40313,57660,26585,42923,69508,80048,122308,202356,36052,71637,107689,5199,16704,21903
2021-04-21,230464,434232,664696,12067,25793,37860,23999,52850,76849,20930,49742,70672,17432,40529,57961,34345,53862,88207,80380,122932,203312,36099,71764,107863,5212,16760,21972
2021-04-22,240536,448179,688715,12114,25839,37953,24038,52897,76935,20962,49794,70756,17474,40598,58072,43807,66844,110651,80752,123526,204278,36168,71888,108056,5221,16793,22014
2021-04-23,250742,461392,712134,12140,25886,38026,24086,52953,77039,21014,49869,70883,17544,40674,58218,53541,79201,132742,80970,123917,204887,36218,72031,108249,5229,16861,22090
2021-04-24,253659,464910,718569,12145,25895,38040,24091,52961,77052,21030,49885,70915,17562,40696,58258,56160,82393,138553,81185,124105,205290,36247,72094,108341,5239,16881,22120
2021-04-25,253741,465034,718775,12147,25897,38044,24095,52964,77059,21035,49897,70932,17571,40703,58274,56217,82472,138689,81188,124114,205302,36247,72102,108349,5241,16885,22126
2021-04-26,255248,467420,722668,12161,25902,38063,24107,52978,77085,21044,49907,70951,17577,40719,58296,57534,84488,142022,81316,124337,205653,36262,72178,108440,5247,16911,22158
2021-04-27,256638,470288,726926,12237,25974,38211,24156,53070,77226,21088,49974,71062,17612,40777,58389,58438,86162,144600,81547,125062,206609,36307,72321,108628,5253,16948,22201
2021-04-28,263712,486348,750060,12963,27810,40773,25708,57387,83095,22376,53830,76206,18628,43736,62364,60686,88800,149486,81751,125384,207135,36341,72417,108758,5259,16984,22243
2021-04-29,270256,499523,769779,13416,29133,42549,26786,60587,87373,23411,56829,80240,19492,46102,65594,63425,91479,154904,82048,125760,207808,36399,72583,108982,5279,17050,22329
2021-04-30,271586,501517,773103,13487,29259,42746,26882,60764,87646,23460,56926,80386,19525,46177,65702,64258,92593,156851,82249,126042,208291,36435,72664,109099,5290,17092,22382
2021-05-01,272126,502601,774727,13501,29291,42792,26942,60871,87813,23483,56989,80472,19548,46220,65768,64569,93186,157755,82340,126200,208540,36451,72723,109174,5292,17121,22413
2021-05-02,276432,512453,788885,13810,30234,44044,27757,63044,90801,24296,59065,83361,20189,47846,68035,65062,94237,159299,83531,128043,211574,36489,72822,109311,5298,17162,22460
2021-05-03,284647,524015,808662,13866,30339,44205,27860,63209,91069,24349,59154,83503,21012,49008,70020,69956,100738,170694,85718,131338,217056,36571,73007,109578,5315,17222,22537
2021-05-04,296218,538312,834530,13959,30465,44424,27957,63386,91343,24397,59253,83650,22991,51480,74471,78987,111727,190714,85985,131653,217638,36614,73085,109699,5328,17263,22591
2021-05-05,306882,553666,860548,14081,30655,44736,28170,63577,91747,24627,59391,84018,23568,52151,75719,82102,116358,198460,92087,140409,232496,36881,73711,110592,5366,17414,22780
2021-05-06,310506,559035,869541,14191,30755,44946,28325,63694,92019,24827,59447,84274,23991,52578,76569,83759,119090,202849,93078,142195,235273,36949,73825,110774,5386,17451,22837
2021-05-07,318479,572158,890637,14327,31043,45370,28553,64213,92766,25024,59833,84857,24249,53087,77336,85144,121905,207049,98708,150480,249188,37064,74058,111122,5410,17539,22949
2021-05-08,320876,587474,908350,14510,32659,47169,29024,67717,96741,25531,64442,89973,24814,56728,81542,85722,123695,209417,98777,150574,249351,37078,74098,111176,5420,17561,22981
2021-05-09,321015,587700,908715,14510,32659,47169,29024,67717,96741,25532,64442,89974,24836,56740,81576,85793,123775,209568,98791,150596,249387,37100,74163,111263,5429,17608,23037
2021-05-10,321848,590220,912068,14536,32701,47237,29055,67771,96826,25560,64486,90046,24985,56992,81977,86112,125196,211308,98989,151059,250048,37166,74333,111499,5445,17682,23127
2021-05-11,325142,594158,919300,14557,32737,47294,29086,67833,96919,25593,64542,90135,25614,57738,83352,88509,127884,216393,99121,151246,250367,37203,74438,111641,5459,17740,23199
2021-05-12,328716,598582,927298,14593,32772,47365,29133,67895,97028,25638,64605,90243,26297,58535,84832,91000,130682,221682,99291,151622,250913,37289,74642,111931,5475,17829,23304
2021-05-13,331622,604005,935627,14650,32881,47531,29230,68132,97362,25719,64767,90486,26478,58852,85330,91888,132399,224287,100787,154147,254934,37377,74893,112270,5493,17934,23427
2021-05-14,332962,607086,940048,14705,32981,47686,29323,68324,97647,25794,64905,90699,26647,59091,85738,92476,133875,226351,101075,154811,255886,37431,75076,112507,5511,18023,23534
2021-05-15,339381,612264,951645,14725,33024,47749,29364,68392,97756,25826,64954,90780,27844,60297,88141,97470,137336,234806,101171,154985,256156,37461,75199,112660,5520,18077,23597
2021-05-16,340254,614576,954830,14783,33216,47999,29572,69094,98666,26079,65664,91743,28021,60698,88719,97599,137492,235091,101196,155028,256224,37474,75274,112748,5530,18110,23640
2021-05-17,344538,618922,963460,14836,33307,48143,29745,69516,99261,26186,65955,92141,28862,61479,90341,100419,139694,240113,101428,155413,256841,37516,75388,112904,5546,18170,23716
2021-05-18,349112,622841,971953,14865,33360,48225,29808,69593,99401,26249,66037,92286,29728,62327,92055,103835,142210,246045,101528,155613,257141,37544,75484,113028,5555,18217,23772
2021-05-19,352574,626201,978775,14907,33461,48368,29919,69809,99728,26295,66156,92451,30361,62968,93329,106281,144029,250310,101667,155943,257610,37579,75577,113156,5565,18258,23823
2021-05-20,363152,638166,1001318,14979,33608,48587,30070,70050,100120,26383,66337,92720,33287,66283,99570,112873,150534,263407,102243,156970,259213,37727,76017,113744,5590,18367,23957
2021-05-21,365303,642564,1007867,15084,33869,48953,30259,70599,100858,26491,66737,93228,33384,66631,100015,113323,151367,264690,103362,158764,262126,37802,76176,113978,5598,18421,24019
2021-05-22,366829,644695,1011524,15137,33945,49082,30302,70662,100964,26514,66800,93314,33592,66892,100484,114291,152601,266892,103557,159106,262663,37833,76247,114080,5603,18442,24045
2021-05-23,369204,647058,1016262,15162,33991,49153,30328,70729,101057,26539,66841,93380,34598,67982,102580,115477,153484,268961,103637,159260,262897,37853,76312,114165,5610,18459,24069
2021-05-24,369900,648635,1018535,15199,34073,49272,30394,70862,101256,26579,66943,93522,34823,68222,103045,115749,154367,270116,103688,159364,263052,37858,76337,114195,5610,18467,24077
2021-05-25,374518,657134,1031652,15211,34096,49307,30401,70878,101279,26582,66961,93543,35002,68394,103396,116027,155109,271136,104167,160201,264368,41112,82051,123163,6016,19444,25460
2021-05-26,376803,660554,1037357,15245,34145,49390,30446,70960,101406,26619,67033,93652,36075,69360,105435,116227,155447,271674,104336,160517,264853,41735,83369,125104,6120,19723,25843
2021-05-27,386169,675618,1061787,15307,34263,49570,30543,71125,101668,26713,67196,93909,38759,71817,110576,116513,155657,272170,105029,161714,266743,46589,92504,139093,6716,21342,28058
2021-05-28,396706,690540,1087246,15415,34421,49836,30718,71369,102087,27006,67467,94473,44551,78593,123144,116744,155901,272645,105552,162534,268086,49622,97886,147508,7098,22369,29467
2021-05-29,405682,698897,1104579,15419,34429,49848,30729,71381,102110,27636,67941,95577,52316,85522,137838,116935,156132,273067,105630,162664,268294,49885,98383,148268,7132,22445,29577
2021-05-30,413999,706464,1120463,15426,34440,49866,30737,71391,102128,29413,69484,98897,58697,91359,150056,117019,156210,273229,105653,162692,268345,49916,98432,148348,7138,22456,29594
2021-05-31,425563,721863,1147426,15523,34618,50141,30902,71677,102579,35768,75545,111313,62102,96881,158983,117633,157082,274715,105841,163059,268900,50555,100152,150707,7239,22849,30088
2021-06-01,436696,734483,1171179,15718,34874,50592,31506,72094,103600,42832,82927,125759,64292,99404,163696,117750,157255,275005,106003,163338,269341,51291,101451,152742,7304,23140,30444
2021-06-02,445770,747392,1193162,16336,35528,51864,33213,74697,107910,46849,88218,135067,66320,102004,168324,117918,157499,275417,106135,163558,269693,51624,102421,154045,7375,23467,30842
2021-06-03,458449,766914,1225363,19356,40565,59921,38445,82664,121109,50114,92623,142737,66901,102853,169754,118079,157721,275800,106226,163754,269980,51902,103068,154970,7426,23666,31092
2021-06-04,471693,783206,1254899,22324,44155,66479,43220,87411,130631,53068,96841,149909,67918,104248,172166,119134,158892,278026,106529,164285,270814,52038,103559,155597,7462,23815,31277
2021-06-05,482657,793530,1276187,25008,46542,71550,48016,91366,139382,54922,98582,153504,68603,104954,173557,119791,159636,279427,106678,164573,271251,52145,103923,156068,7494,23954,31448
2021-06-06,491065,803341,1294406,28051,50575,78626,51812,95462,147274,55843,99315,155158,69028,105332,174360,119867,159719,279586,106735,164705,271440,52213,104134,156347,7516,24099,31615
2021-06-07,504721,817522,1322243,31140,53935,85075,55120,98215,153335,59140,102457,161597,72363,109227,181590,120250,160121,280371,106859,164927,271786,52300,104399,156699,7549,24241,31790
2021-06-08,517373,834574,1351947,32149,55426,87575,56481,100262,156743,60616,104511,165127,80447,119166,199613,120399,160319,280718,107052,165258,272310,52623,105122,157745,7606,24510,32116
2021-06-09,529973,847726,1377699,32486,55763,88249,57132,100937,158069,61322,105070,166392,91156,130271,221427,120493,160449,280942,107107,165345,272452,52656,105271,157927,7621,24620,32241
2021-06-10,544261,862700,1406961,33252,56628,89880,58188,102150,160338,63241,107081,170322,101262,140369,241631,120785,160823,281608,107194,165504,272698,52699,105435,158134,7640,24710,32350
2021-06-11,554034,878545,1432579,33452,56865,90317,58658,102459,161117,63991,107744,171735,102645,141866,244511,120922,161066,281988,108123,166961,275084,58061,115284,173345,8182,26300,34482
2021-06-12,560370,886407,1446777,33891,57459,91350,59271,103258,162529,65345,109298,174643,105732,144895,250627,120970,161149,282119,108268,167256,275524,58631,116468,175099,8262,26624,34886
2021-06-13,564482,890808,1455290,34093,57714,91807,59554,103588,163142,66253,110262,176515,108369,147619,255988,121007,161189,282196,108280,167275,275555,58658,116528,175186,8268,26633,34901
2021-06-14,570589,897513,1468102,34842,58569,93411,60586,104659,165245,67607,111614,179221,111029,150443,261472,121055,161258,282313,108321,167372,275693,58857,116871,175728,8292,26727,35019
2021-06-15,584560,911200,1495760,34963,58750,93713,60792,104948,165740,68043,112069,180112,123576,162067,285643,121273,161482,282755,108465,167683,276148,59117,117355,176472,8331,26846,35177
2021-06-16,592173,921468,1513641,35388,59384,94772,61629,106005,167634,69834,114181,184015,125628,164311,289939,121435,161699,283134,110360,170446,280806,59495,118278,177773,8404,27164,35568
2021-06-17,603747,935771,1539518,35585,59671,95256,62070,106448,168518,72823,117409,190232,129819,168617,298436,121965,162383,284348,113114,174512,287626,59888,119234,179122,8483,27497,35980
2021-06-18,618221,951010,1569231,36253,60503,96756,63142,107573,170715,81249,125437,206686,133038,171911,304949,122369,162930,285299,113606,175312,288918,60052,119676,179728,8512,27668,36180
2021-06-19,628863,962594,1591457,36470,60806,97276,63291,107823,171114,89557,133884,223441,134503,173348,307851,122621,163214,285835,113710,175528,289238,60167,120095,180262,8544,27896,36440
2021-06-20,628870,962599,1591469,36470,60808,97278,63294,107823,171117,89559,133886,223445,134504,173348,307852,122621,163215,285836,113711,175528,289239,60167,120095,180262,8544,27896,36440
2021-06-21,634906,968732,1603638,36496,60832,97328,63335,107880,171215,94621,138896,233517,135160,173974,309134,122778,163405,286183,113780,175625,289405,60186,120187,180373,8550,27933,36483
2021-06-22,640020,973948,1613968,36654,61091,97745,63550,108167,171717,96975,141116,238091,136893,175483,312376,123223,163888,287111,113928,175839,289767,60228,120349,180577,8569,28015,36584
2021-06-23,649634,983577,1633211,36797,61333,98130,63742,108531,172273,104870,148679,253549,138000,176409,314409,123364,164113,287477,113995,175957,289952,60283,120480,180763,8583,28075,36658
2021-06-24,665066,1003050,1668116,37004,61743,98747,64387,112706,177093,117970,161702,279672,139082,177598,316680,123596,164428,288024,114124,176172,290296,60315,120587,180902,8588,28114,36702
2021-06-25,677989,1021863,1699852,37409,62931,100340,65109,115749,180858,122810,166641,289451,140053,178717,318770,128175,170653,298828,115302,177823,293125,60507,121093,181600,8624,28256,36880
2021-06-26,687328,1033915,1721243,37447,62973,100420,65149,115803,180952,123656,167481,291137,140619,179418,320037,135041,179406,314447,116097,179042,295139,60667,121435,182102,8652,28357,37009
2021-06-27,695501,1042952,1738453,37513,63083,100596,65228,115946,181174,127186,171086,298272,143408,182238,325646,136095,180646,316741,116647,179872,296519,60754,121676,182430,8670,28405,37075
2021-06-28,712813,1062710,1775523,38213,64756,102969,65841,118366,184207,141031,184003,325034,144668,183526,328194,136793,181664,318457,116792,180132,296924,60794,121785,182579,8681,28478,37159
2021-06-29,731102,1081410,1812512,38416,65115,103531,66304,119190,185494,156812,198934,355746,145425,184317,329742,137508,182717,320225,117038,180555,297593,60904,122021,182925,8695,28561,37256
2021-06-30,750735,1100765,1851500,38582,65328,103910,71475,124108,195583,169098,210608,379706,146107,184979,331086,138683,184249,322932,117143,180748,297891,60941,122118,183059,8706,28627,37333
2021-07-01,763528,1114211,1877739,38696,65554,104250,76300,128879,205179,174658,215859,390517,147068,186042,333110,139494,185354,324848,117500,181325,298825,61080,122446,183526,8732,28752,37484
2021-07-02,773419,1132553,1905972,39286,66754,106040,78657,132650,211307,176184,217602,393786,147424,186573,333997,140326,186745,327071,118150,182529,300679,64184,129330,193514,9208,30370,39578
2021-07-03,784366,1144892,1929258,39310,66797,106107,84713,137984,222697,178739,220334,399073,147926,187150,335076,140741,187289,328030,118488,183158,301646,65113,131310,196423,9336,30870,40206
2021-07-04,794812,1155244,1950056,39825,67643,107468,93912,146442,240354,179147,220805,399952,148060,187275,335335,140832,187421,328253,118548,183239,301787,65141,131465,196606,9347,30954,40301
2021-07-05,799888,1160776,1960664,40096,68053,108149,97445,149457,246902,179397,221091,400488,148199,187409,335608,141152,187883,329035,118787,183651,302438,65422,132083,197505,9390,31149,40539
2021-07-06,812930,1172995,1985925,40525,68729,109254,109078,159314,268392,179674,221420,401094,148391,187656,336047,141334,188099,329433,118892,183872,302764,65610,132585,198195,9426,31320,40746
2021-07-07,818626,1179324,1997950,40693,68888,109581,113036,162904,275940,180354,222355,402709,148648,188061,336709,141484,188321,329805,119044,184184,303228,65894,133135,199029,9473,31476,40949
2021-07-08,837484,1195650,2033134,41066,69422,110488,128092,175226,303318,182650,224426,407076,149366,188796,338162,141767,188681,330448,119115,184311,303426,65940,133269,199209,9488,31519,41007
2021-07-09,850349,1208694,2059043,41742,70148,111890,136786,183466,320252,184870,226628,411498,150207,189634,339841,142036,189097,331133,119254,184834,304088,65962,133347,199309,9492,31540,41032
2021-07-10,861148,1220171,2081319,43204,71913,115117,144751,191298,336049,185253,227060,412313,150389,189866,340255,142500,189647,332147,119509,185257,304766,66039,133540,199579,9503,31590,41093
2021-07-11,863304,1223833,2087137,43463,72276,115739,145820,192588,338408,185414,227442,412856,150461,190067,340528,142524,189687,332211,119621,185463,305084,66445,134504,200949,9556,31806,41362
2021-07-12,881293,1239851,2121144,46518,75227,121745,159812,204344,364156,185858,227979,413837,150693,190344,341037,142632,189862,332494,119681,185590,305271,66526,134651,201177,9573,31854,41427
2021-07-13,891629,1248657,2140286,48302,76865,125167,167170,210342,377512,186617,228618,415235,150968,190624,341592,142732,189970,332702,119721,185655,305376,66540,134699,201239,9579,31884,41463
2021-07-14,895123,1251983,2147106,48942,77589,126531,169457,212251,381708,186926,228987,415913,151131,190793,341924,142789,190033,332822,119738,185702,305440,66555,134726,201281,9585,31902,41487
2021-07-15,909164,1271694,2180858,49372,78305,127677,170755,214634,385389,193812,236057,429869,152342,193164,345506,143504,191178,334682,122309,189484,311793,67361,136507,203868,9709,32365,42074
2021-07-16,923050,1291495,2214545,49722,78735,128457,171787,217638,389425,201095,244127,445222,152842,193848,346690,143656,191376,335032,126398,195540,321938,67770,137579,205349,9780,32652,42432
2021-07-17,935279,1304976,2240255,51140,80484,131624,176933,223041,399974,205356,248617,453973,153625,194702,348327,143904,191641,335545,126692,196044,322736,67834,137750,205584,9795,32697,42492
2021-07-18,946515,1316975,2263490,54146,84282,138428,179848,225685,405533,208977,252242,461219,155066,196161,351227,144071,191877,335948,126756,196182,322938,67853,137828,205681,9798,32718,42516
2021-07-19,963190,1334989,2298179,56849,87593,144442,181323,228261,409584,219833,262266,482099,156171,197265,353436,144272,192106,336378,126888,196397,323285,68008,138261,206269,9846,32840,42686
2021-07-20,981728,1354700,2336428,64317,96098,160415,183860,231161,415021,227189,269006,496195,156896,198035,354931,144465,192346,336811,127044,196697,323741,68093,138457,206550,9864,32900,42764
2021-07-21,1000358,1373580,2373938,78282,110156,188438,187184,234478,421662,227879,269729,497608,157232,198358,355590,144622,192502,337124,127171,196925,324096,68117,138508,206625,9871,32924,42795
2021-07-22,1019403,1391054,2410457,91284,121800,213084,191273,238083,429356,229054,270894,499948,157736,198970,356706,144788,192739,337527,127242,197021,324263,68146,138586,206732,9880,32961,42841
2021-07-23,1034940,1408643,2443583,97244,128936,226180,194083,240981,435064,234716,276945,511661,158523,199917,358440,144990,193041,338031,127324,197154,324478,68177,138672,206849,9883,32997,42880
2021-07-24,1049210,1423281,2472491,97983,129912,227895,194575,241439,436014,240385,282410,522795,165457,207006,372463,145248,193362,338610,127418,197276,324694,68255,138829,207084,9889,33047,42936
2021-07-25,1060818,1437133,2497951,104892,139007,243899,197504,244210,441714,241286,283443,524729,166078,207628,373706,145443,193569,339012,127452,197333,324785,68270,138870,207140,9893,33073,42966
2021-07-26,1078409,1459024,2537433,110445,146015,256460,201942,249908,451850,245876,288857,534733,168501,210369,378870,145814,194086,339900,127598,197645,325243,68332,139018,207350,9901,33126,43027
2021-07-27,1093695,1477885,2571580,117537,154314,271851,204931,253753,458684,248691,292474,541165,169748,211852,381600,146617,194987,341604,127833,198048,325881,68418,139264,207682,9920,33193,43113
2021-07-28,1111504,1498375,2609879,132821,171481,304302,206215,255244,461459,249421,293508,542929,170067,212322,382389,146748,195163,341911,127867,198131,325998,68436,139311,207747,9929,33215,43144
2021-07-29,1130539,1516626,2647165,148020,185738,333758,208233,257130,465363,250493,294740,545233,170554,212852,383406,146917,195343,342260,127933,198208,326141,68453,139363,207816,9936,33252,43188
2021-07-30,1147151,1533035,2680186,153820,191088,344908,214307,263020,477327,253856,298208,552064,171599,214024,385623,147148,195628,342776,127994,198353,326347,68487,139420,207907,9940,33294,43234
2021-07-31,1161649,1544278,2705927,155446,192812,348258,221995,269658,491653,258138,300232,558370,172229,214519,386748,147345,195820,343165,128043,198432,326475,68507,139481,207988,9946,33324,43270
2021-08-01,1168019,1552063,2720082,156876,194713,351589,224823,273158,497981,259519,301666,561185,172709,215066,387775,147530,196054,343584,128090,198527,326617,68523,139531,208054,9949,33348,43297
2021-08-02,1186677,1570197,2756874,159845,198065,357910,235986,283047,519033,263104,305388,568492,173397,215822,389219,147704,196288,343992,128147,198631,326778,68539,139588,208127,9955,33368,43323
2021-08-03,1203160,1585592,2788752,167918,205413,373331,238965,285745,524710,265687,307580,573267,175878,218529,394407,147994,196566,344560,128202,198722,326924,68554,139645,208199,9962,33392,43354
2021-08-04,1216137,1600857,2816994,169906,207970,377876,241713,288610,530323,267304,309595,576899,182224,225956,408180,148181,196803,344984,128270,198820,327090,68574,139693,208267,9965,33410,43375
2021-08-05,1225316,1609816,2835132,173620,211458,385078,245322,292006,537328,268573,310883,579456,182649,226455,409104,148305,196957,345262,128297,198906,327203,68584,139723,208307,9966,33428,43394
2021-08-06,1229780,1615195,2844975,174290,212244,386534,246191,292793,538984,268941,311234,580175,182858,226703,409561,149420,198430,347850,129498,200567,330065,68612,139780,208392,9970,33444,43414
2021-08-07,1240054,1629663,2869717,175386,213150,388536,246257,292863,539120,268995,311303,580298,182918,226766,409684,150725,200315,351040,137087,211819,348906,68701,139957,208658,9985,33490,43475
2021-08-08,1249164,1642646,2891810,175394,213168,388562,246271,292881,539152,269007,311319,580326,182946,226828,409774,156024,207572,363596,140708,217180,357888,68811,140170,208981,10003,33528,43531
2021-08-09,1263470,1662354,2925824,175534,213327,388861,246491,293100,539591,269183,311556,580739,183991,228362,412353,166644,222176,388820,142708,219870,362578,68904,140389,209293,10015,33574,43589
2021-08-10,1277878,1681416,2959294,175892,213754,389646,246999,293636,540635,270370,312394,582764,185344,230174,415518,173935,232001,405936,146279,225196,371475,69024,140632,209656,10035,33629,43664
2021-08-11,1292919,1698079,2990998,177221,214871,392092,247290,294088,541378,270674,312825,583499,187777,232804,420581,182788,241098,423886,147968,227848,375816,69150,140861,210011,10051,33684,43735
2021-08-12,1302598,1711042,3013640,177606,215306,392912,247546,294377,541923,270904,313102,584006,189592,235081,424673,186523,245418,431941,151081,232846,383927,69270,141159,210429,10076,33753,43829
2021-08-13,1315723,1729275,3044998,177727,215436,393163,247734,294561,542295,271053,313295,584348,189967,235533,425500,192144,252415,444559,157405,242215,399620,69569,141885,211454,10124,33935,44059
2021-08-14,1324174,1742019,3066193,177817,215572,393389,247896,294782,542678,271216,313607,584823,191569,237717,429286,197693,260602,458295,158189,243612,401801,69652,142129,211781,10142,33998,44140
2021-08-15,1335857,1754675,3090532,178289,216135,394424,248704,295761,544465,272638,315033,587671,198312,244749,443061,199398,262235,461633,158626,244374,403000,69730,142321,212051,10160,34067,44227
2021-08-16,1345286,1766632,3111918,179712,217732,397444,249847,297022,546869,275159,317976,593135,200232,247113,447345,200505,263656,464161,159780,246299,406079,69862,142673,212535,10189,34161,44350
2021-08-17,1361502,1780708,3142210,187290,224391,411681,256117,302505,558622,276542,319195,595737,201024,247531,448555,200645,263838,464483,159814,246366,406180,69876,142715,212591,10194,34167,44361
2021-08-18,1372999,1793087,3166086,192155,228996,421151,257534,304265,561799,277743,320574,598317,202781,249412,452193,202350,265553,467903,160290,247199,407489,69943,142878,212821,10203,34210,44413
2021-08-19,1379023,1799338,3178361,194578,231298,425876,258349,305065,563414,278219,321160,599379,204231,250811,455042,202939,266209,469148,160521,247609,408130,69978,142955,212933,10208,34231,44439
2021-08-20,1392328,1811737,3204065,197086,233868,430954,259879,306224,566103,279444,322167,601611,211972,258004,469976,203149,266463,469612,160590,247760,408350,69997,143008,213005,10211,34243,44454
2021-08-21,1401731,1823923,3225654,198675,235989,434664,262150,309578,571728,281649,325111,606760,214818,261103,475921,203527,266884,470411,160679,247917,408596,70017,143076,213093,10216,34265,44481
2021-08-22,1411689,1835178,3246867,200218,237941,438159,267415,315082,582497,283398,327227,610625,215785,262228,478013,203877,267302,471179,160747,248026,408773,70031,143105,213136,10218,34267,44485
2021-08-23,1429054,1850906,3279960,207581,244886,452467,275149,321391,596540,284720,328573,613293,216461,262948,479409,204086,267553,471639,160794,248126,408920,70044,143144,213188,10219,34285,44504
2021-08-24,1441560,1864153,3305713,216597,254149,470746,277072,323204,600276,285525,329529,615054,217008,263711,480719,204254,267831,472085,160830,248236,409066,70051,143190,213241,10223,34303,44526
2021-08-25,1457324,1880003,3337327,218969,256563,475532,278250,324750,603000,292297,335938,628235,221900,268460,490360,204665,268301,472966,160935,248388,409323,70080,143271,213351,10228,34332,44560
2021-08-26,1472512,1897724,3370236,220883,259051,479934,279184,326065,605249,292882,336780,629662,225646,272142,497788,211387,275201,486588,162049,250343,412392,70220,143699,213919,10261,34443,44704
2021-08-27,1491037,1915858,3406895,231839,269899,501738,282589,328838,611427,293894,337819,631713,228088,274664,502752,211947,275863,487810,162166,250536,412702,70248,143770,214018,10266,34469,44735
2021-08-28,1502141,1929216,3431357,240039,280399,520438,284247,330287,614534,294674,338539,633213,228424,275113,503537,212031,275977,488008,162202,250626,412828,70256,143800,214056,10268,34475,44743
2021-08-29,1513649,1942075,3455724,241018,281672,522690,284803,331001,615804,296705,340654,637359,235871,283149,519020,212353,276393,488746,162323,250859,413182,70303,143858,214161,10273,34489,44762
2021-08-30,1529717,1958918,3488635,245067,285365,530432,287175,333318,620493,299894,343645,643539,239790,287116,526906,214011,278523,492534,163074,252166,415240,70420,144205,214625,10286,34580,44866
2021-08-31,1545450,1976388,3521838,256246,298109,554355,289219,335190,624409,301493,345316,646809,240434,287844,528278,214190,278787,492977,163140,252281,415421,70437,144261,214698,10291,34600,44891
2021-09-01,1561528,1993552,3555080,270715,312509,583224,289830,335853,625683,301878,345833,647711,240704,288319,529023,214428,279527,493955,163230,252569,415799,70451,144331,214782,10292,34611,44903
2021-09-02,1577515,2012651,3590166,280440,322247,602687,291376,338228,629604,304535,349694,654229,242222,290649,532871,214791,280028,494819,163385,252785,416170,70471,144400,214871,10295,34620,44915
2021-09-03,1592254,2029910,3622164,286546,328393,614939,293022,339978,633000,308875,355462,664337,243847,292804,536651,215617,281084,496701,163548,253071,416619,70501,144474,214975,10298,34644,44942
2021-09-04,1604449,2042005,3646454,289855,331709,621564,296468,343166,639634,313616,360236,673852,244382,293344,537726,215733,281251,496984,163588,253144,416732,70507,144507,215014,10300,34648,44948
2021-09-05,1616736,2054161,3670897,291119,333051,624170,298896,345477,644373,321277,367766,689043,245148,294078,539226,215857,281427,497284,163626,253184,416810,70512,144524,215036,10301,34654,44955
2021-09-06,1633058,2070201,3703259,292716,334552,627268,299567,346234,645801,332166,378551,710717,247773,296343,544116,216275,281937,498212,163720,253331,417051,70532,144586,215118,10309,34667,44976
2021-09-07,1651272,2090451,3741723,293685,335926,629611,301249,348764,650013,340307,386193,726500,251439,300178,551617,219243,285397,504640,164384,254364,418748,70629,144895,215524,10336,34734,45070
2021-09-08,1661861,2101106,3762967,296216,338142,634358,303960,351308,655268,343349,389364,732713,252913,301794,554707,219866,286066,505932,164551,254642,419193,70665,145017,215682,10341,34773,45114
2021-09-09,1677143,2116228,3793371,298698,340767,639465,313215,359778,672993,345549,391769,737318,253980,302977,556957,220080,286332,506412,164599,254736,419335,70678,145084,215762,10344,34785,45129
2021-09-10,1682200,2121673,3803873,300977,342945,643922,314000,360742,674742,345937,392197,738134,255175,304286,559461,220410,286737,507147,164661,254857,419518,70694,145120,215814,10346,34789,45135
2021-09-11,1685601,2124946,3810547,301662,343631,645293,315660,362141,677801,346196,392496,738692,255868,305045,560913,220484,286817,507301,164689,254889,419578,70696,145135,215831,10346,34792,45138
2021-09-12,1686464,2125927,3812391,301879,343914,645793,316005,362475,678480,346383,392713,739096,255959,305157,561116,220502,286837,507339,164694,254901,419595,70696,145137,215833,10346,34793,45139
2021-09-13,1693870,2133212,3827082,306241,348439,654680,318648,364789,683437,346592,392940,739532,256079,305280,561359,220541,286874,507415,164712,254924,419636,70705,145162,215867,10352,34804,45156
2021-09-14,1700363,2140815,3841178,306736,349038,655774,319062,365260,684322,346983,393392,740375,260337,309805,570142,221294,288123,509417,164866,255144,420010,70730,145227,215957,10355,34826,45181
2021-09-15,1717977,2160775,3878752,307882,350624,658506,320707,367573,688280,350379,397262,747641,269049,318656,587705,223686,290875,514561,165100,255555,420655,70801,145365,216166,10373,34865,45238
2021-09-16,1734643,2179770,3914413,310274,354031,664305,330308,377696,708004,352785,399851,752636,270412,320333,590745,224413,291707,516120,165232,255804,421036,70838,145460,216298,10381,34888,45269
2021-09-17,1748667,2194007,3942674,318712,362617,681329,333456,380623,714079,354090,401188,755278,271209,321206,592415,224644,292008,516652,165311,255931,421242,70859,145527,216386,10386,34907,45293
2021-09-18,1760905,2207221,3968126,327340,371616,698956,335578,382829,718407,355001,402328,757329,271661,321808,593469,224740,292181,516921,165330,255992,421322,70867,145555,216422,10388,34912,45300
2021-09-19,1770100,2216575,3986675,332651,376707,709358,337709,384978,722687,356038,403474,759512,272175,322370,594545,224871,292370,517241,165383,256130,421513,70884,145618,216502,10389,34928,45317
2021-09-20,1777330,2223522,4000852,336113,380035,716148,339919,386849,726768,356899,404389,761288,272607,322823,595430,225046,292575,517621,165460,256257,421717,70894,145658,216552,10392,34936,45328
2021-09-21,1789734,2235081,4024815,346167,389349,735516,341271,387935,729206,357452,404934,762386,272900,323173,596073,225153,292744,517897,165491,256318,421809,70905,145681,216586,10395,34947,45342
2021-09-22,1798400,2242935,4041335,351737,394234,745971,343281,389571,732852,358031,405535,763566,273193,323539,596732,225286,292913,518199,165552,256445,421997,70921,145728,216649,10399,34970,45369
2021-09-23,1804244,2248902,4053146,355705,398310,754015,344362,390537,734899,358482,406000,764482,273428,323808,597236,225343,293010,518353,165593,256501,422094,70932,145758,216690,10399,34978,45377
2021-09-24,1810022,2254840,4064862,358684,401366,760050,345597,391768,737365,359465,406942,766407,273855,324250,598105,225446,293155,518601,165632,256569,422201,70942,145796,216738,10401,34994,45395
2021-09-25,1813708,2257919,4071627,359815,402300,762115,346926,392615,739541,360039,407554,767593,274356,324786,599142,225570,293263,518833,165650,256596,422246,70950,145807,216757,10402,34998,45400
2021-09-26,1826010,2269181,4095191,360499,403071,763570,348552,394281,742833,365113,412007,777120,278887,328607,607494,225889,293637,519526,165704,256703,422407,70962,145867,216829,10404,35008,45412
2021-09-27,1838014,2280278,4118292,362414,405343,767757,354008,399048,753056,368300,414683,782983,280076,329576,609652,226077,293886,519963,165750,256791,422541,70984,145923,216907,10405,35028,45433
2021-09-28,1852126,2294312,4146438,363431,406310,769741,363731,407329,771060,369554,416109,785663,280880,330527,611407,226635,294661,521296,166352,257916,424268,71122,146332,217454,10421,35128,45549
2021-09-29,1860911,2302955,4163866,366008,409082,775090,368159,411141,779300,370432,416995,787427,281429,331094,612523,226840,294909,521749,166465,258142,424607,71157,146436,217593,10421,35156,45577
2021-09-30,1869514,2312886,4182400,371392,414868,786260,369277,412520,781797,371495,417971,789466,282169,332171,614340,227067,295389,522456,166521,258303,424824,71171,146498,217669,10422,35166,45588
2021-10-01,1875208,2318510,4193718,374321,417894,792215,370534,413761,784295,372353,418686,791039,282663,332593,615256,227188,295518,522706,166551,258359,424910,71176,146527,217703,10422,35172,45594
2021-10-02,1878076,2321322,4199398,375506,419118,794624,371381,414484,785865,372842,419158,792000,282905,332807,615712,227262,295615,522877,166572,258408,424980,71185,146553,217738,10423,35179,45602
2021-10-03,1881286,2324113,4205399,377024,420447,797471,372395,415232,787627,373253,419513,792766,283064,332987,616051,227342,295724,523066,166591,258453,425044,71193,146574,217767,10424,35183,45607
2021-10-04,1887038,2329631,4216669,379534,422787,802321,374261,416808,791069,373985,420237,794222,283475,333455,616930,227504,295980,523484,166645,258551,425196,71206,146615,217821,10428,35198,45626
2021-10-05,1890487,2333021,4223508,380930,424226,805156,375220,417633,792853,374576,420807,795383,283833,333835,617668,227615,296088,523703,166668,258586,425254,71214,146640,217854,10431,35206,45637
2021-10-06,1897715,2340408,4238123,386525,430051,816576,375968,418266,794234,375056,421255,796311,284097,334120,618217,227710,296199,523909,166699,258629,425328,71226,146669,217895,10434,35219,45653
2021-10-07,1900800,2343454,4244254,387852,431219,819071,376822,419060,795882,375471,421696,797167,284426,334506,618932,227835,296364,524199,166726,258687,425413,71229,146694,217923,10439,35228,45667
2021-10-08,1911476,2353919,4265395,388516,432137,820653,382997,424531,807528,376681,423003,799684,285816,335981,621797,229005,297521,526526,166775,258777,425552,71246,146735,217981,10440,35234,45674
2021-10-09,1921314,2363594,4284908,389138,432887,822025,387485,428503,815988,377916,424248,802164,288089,338334,626423,230170,298741,528911,166818,258871,425689,71258,146769,218027,10440,35241,45681
2021-10-10,1928319,2370766,4299085,389579,433510,823089,391068,431818,822886,378702,425140,803842,289425,339693,629118,230993,299633,530626,166843,258932,425775,71268,146793,218061,10441,35247,45688
2021-10-11,1932957,2375302,4308259,392165,435927,828092,392141,432859,825000,379275,425671,804946,289701,340003,629704,231077,299757,530834,166878,258999,425877,71278,146835,218113,10442,35251,45693
2021-10-12,1943920,2385566,4329486,398976,442037,841013,393535,434177,827712,380568,427009,807577,290646,340955,631601,231512,300181,531693,166947,259086,426033,71293,146863,218156,10443,35258,45701
2021-10-13,1960510,2403065,4363575,414151,457891,872042,393980,434653,828633,381006,427476,808482,291000,341397,632397,231656,300360,532016,166966,259123,426089,71305,146890,218195,10446,35275,45721
2021-10-14,1973668,2416127,4389795,423894,467357,891251,395709,436370,832079,381887,428372,810259,291530,342012,633542,231854,300589,532443,167023,259203,426226,71321,146937,218258,10450,35287,45737
2021-10-15,1986636,2428650,4415286,431388,474102,905490,398921,439390,838311,383219,429746,812965,292158,342839,634997,232072,300970,533042,167090,259320,426410,71337,146981,218318,10451,35302,45753
2021-10-16,1995414,2437607,4433021,437773,480393,918166,400217,440717,840934,383851,430486,814337,292467,343189,635656,232191,301122,533313,167120,259384,426504,71344,147004,218348,10451,35312,45763
2021-10-17,1998538,2441178,4439716,439878,482623,922501,400640,441247,841887,384134,430836,814970,292668,343455,636123,232279,301242,533521,167140,259433,426573,71347,147026,218373,10452,35316,45768
2021-10-18,2010739,2452987,4463726,449616,492118,941734,401638,442109,843747,384964,431546,816510,293147,343923,637070,232411,301438,533849,167159,259475,426634,71352,147049,218401,10452,35329,45781
2021-10-19,2019983,2461842,4481825,455409,497677,953086,403192,443457,846649,385988,432536,818524,293682,344479,638161,232704,301756,534460,167192,259532,426724,71363,147067,218430,10453,35338,45791
2021-10-20,2028960,2470446,4499406,462530,504530,967060,404029,444185,848214,386574,433081,819655,293972,344764,638736,232816,301873,534689,167213,259581,426794,71370,147088,218458,10456,35344,45800
2021-10-21,2039807,2481674,4521481,471107,513590,984697,405083,445085,850168,387160,433618,820778,294340,345129,639469,233013,302101,535114,167250,259645,426895,71396,147137,218533,10458,35369,45827
2021-10-22,2053628,2496281,4549909,482041,524925,1006966,406453,446474,852927,387843,434420,822263,294926,345786,640712,233204,302365,535569,167293,259741,427034,71410,147192,218602,10458,35378,45836
2021-10-23,2062336,2505073,4567409,489500,532461,1021961,407141,447139,854280,388102,434704,822806,295102,345950,641052,233293,302450,535743,167316,259776,427092,71420,147209,218629,10462,35384,45846
2021-10-24,2071497,2514209,4585706,498195,541087,1039282,407333,447337,854670,388228,434846,823074,295181,346031,641212,233342,302508,535850,167329,259797,427126,71425,147216,218641,10464,35387,45851
2021-10-25,2081454,2524505,4605959,506225,548980,1055205,408188,448214,856402,388828,435538,824366,295480,346449,641929,233455,302735,536190,167373,259917,427290,71438,147272,218710,10467,35400,45867
2021-10-26,2093229,2535948,4629177,516563,559040,1075603,408958,448892,857850,389157,435881,825038,295689,346644,642333,233542,302813,536355,167401,259959,427360,71450,147303,218753,10469,35416,45885
2021-10-27,2105662,2548601,4654263,527743,570362,1098105,409525,449466,858991,389527,436251,825778,295894,346854,642748,233616,302922,536538,167433,260005,427438,71455,147322,218777,10469,35419,45888
2021-10-28,2118445,2561542,4679987,539035,581725,1120760,410198,450091,860289,389942,436676,826618,296152,347132,643284,233712,303065,536777,167469,260061,427530,71463,147357,218820,10474,35435,45909
2021-10-29,2130936,2574016,4704952,550631,593282,1143913,410677,450522,861199,390154,436916,827070,296275,347252,643527,233772,303126,536898,167483,260093,427576,71469,147381,218850,10475,35444,45919
2021-10-30,2139505,2582688,4722193,558580,601318,1159898,411012,450831,861843,390308,437079,827387,296359,347338,643697,233812,303173,536985,167488,260115,427603,71471,147388,218859,10475,35446,45921
2021-10-31,2147556,2590586,4738142,565952,608574,1174526,411349,451171,862520,390490,437229,827719,296460,347423,643883,233848,303208,537056,167504,260138,427642,71476,147395,218871,10477,35448,45925
2021-11-01,2155518,2597738,4753256,570552,612963,1183515,413645,452866,866511,391126,437749,828875,296741,347725,644466,233969,303363,537332,167529,260204,427733,71479,147411,218890,10477,35457,45934
2021-11-02,2159459,2601675,4761134,573021,615177,1188198,414498,453716,868214,391459,438166,829625,296928,347980,644908,234036,303481,537517,167543,260250,427793,71487,147436,218923,10487,35469,45956
2021-11-03,2168902,2611754,4780656,581841,624630,1206471,414778,453964,868742,391639,438329,829968,297037,348088,645125,234071,303539,537610,167554,260276,427830,71494,147452,218946,10488,35476,45964
2021-11-04,2178584,2621513,4800097,590949,633749,1224698,415028,454237,869265,391804,438478,830282,297125,348172,645297,234108,303601,537709,167573,260322,427895,71504,147470,218974,10493,35484,45977
2021-11-05,2182494,2625025,4807519,594318,636741,1231059,415246,454453,869699,391942,438604,830546,297240,348252,645492,234149,303650,537799,167592,260345,427937,71513,147487,219000,10494,35493,45987
2021-11-06,2185794,2628300,4814094,597206,639545,1236751,415426,454633,870059,392038,438720,830758,297327,348355,645682,234183,303685,537868,167600,260367,427967,71518,147500,219018,10496,35495,45991
2021-11-07,2189026,2631426,4820452,599946,642208,1242154,415647,454836,870483,392170,438828,830998,297406,348413,645819,234219,303731,537950,167616,260391,428007,71526,147517,219043,10496,35502,45998
2021-11-08,2197903,2640569,4838472,608059,650364,1258423,415988,455228,871216,392378,439073,831451,297539,348593,646132,234276,303823,538099,167636,260448,428084,71530,147528,219058,10497,35512,46009
2021-11-09,2202022,2644724,4846746,611622,653860,1265482,416249,455506,871755,392543,439241,831784,297629,348711,646340,234307,303870,538177,167642,260477,428119,71533,147539,219072,10497,35520,46017
2021-11-10,2207977,2650255,4858232,617059,658792,1275851,416493,455762,872255,392668,439370,832038,297701,348796,646497,234360,303923,538283,167662,260519,428181,71536,147560,219096,10498,35533,46031
2021-11-11,2212951,2655021,4867972,621353,662842,1284195,416803,456018,872821,392835,439543,832378,297804,348923,646727,234404,303992,538396,167693,260568,428261,71557,147594,219151,10502,35541,46043
2021-11-12,2220496,2662647,4883143,628211,669721,1297932,417055,456269,873324,393054,439769,832823,297921,349029,646950,234466,304081,538547,167717,260614,428331,71565,147614,219179,10507,35550,46057
2021-11-13,2221677,2663725,4885402,629366,670775,1300141,417063,456275,873338,393063,439775,832838,297925,349036,646961,234469,304085,538554,167717,260615,428332,71566,147614,219180,10508,35550,46058
2021-11-14,2223065,2665094,4888159,630737,672132,1302869,417070,456282,873352,393069,439778,832847,297929,349036,646965,234469,304087,538556,167717,260615,428332,71566,147614,219180,10508,35550,46058
2021-11-15,2229798,2671858,4901656,636765,678135,1314900,417318,456556,873874,393310,440022,833332,298098,349198,647296,234503,304127,538630,167726,260640,428366,71570,147628,219198,10508,35552,46060
2021-11-16,2239851,2681588,4921439,644428,685737,1330165,418357,457409,875766,394176,440758,834934,298410,349499,647909,234635,304280,538915,167758,260685,428443,71577,147659,219236,10510,35561,46071
2021-11-17,2251818,2693295,4945113,655813,696809,1352622,418676,457692,876368,394305,440911,835216,298498,349600,648098,234662,304324,538986,167767,260713,428480,71581,147675,219256,10516,35571,46087
2021-11-18,2263401,2704626,4968027,666870,707597,1374467,418911,457905,876816,394462,441061,835523,298586,349690,648276,234694,304368,539062,167776,260731,428507,71584,147691,219275,10518,35583,46101
2021-11-19,2274550,2715476,4990026,677131,717491,1394622,419320,458303,877623,394691,441296,835987,298738,349868,648606,234757,304446,539203,167804,260769,428573,71591,147711,219302,10518,35592,46110
2021-11-20,2278227,2719372,4997599,680443,720982,1401425,419460,458437,877897,394792,441411,836203,298816,349942,648758,234781,304494,539275,167817,260790,428607,71598,147722,219320,10520,35594,46114
2021-11-21,2282029,2723266,5005295,683741,724330,1408071,419637,458619,878256,394928,441566,836494,298935,350068,649003,234831,304546,539377,167831,260809,428640,71604,147730,219334,10522,35598,46120
2021-11-22,2286781,2728080,5014861,687989,728602,1416591,419848,458844,878692,395070,441691,836761,299034,350175,649209,234868,304583,539451,167842,260837,428679,71607,147743,219350,10523,35605,46128
2021-11-23,2294289,2735620,5029909,694627,735281,1429908,420254,459222,879476,395302,441909,837211,299193,350332,649525,234914,304646,539560,167860,260861,428721,71614,147759,219373,10525,35610,46135
2021-11-24,2302769,2743877,5046646,702215,742682,1444897,420702,459594,880296,395543,442130,837673,299329,350481,649810,234952,304710,539662,167877,260888,428765,71623,147777,219400,10528,35615,46143
2021-11-25,2305316,2746322,5051638,704134,744479,1448613,421049,459870,880919,395694,442314,838008,299391,350563,649954,234990,304761,539751,167892,260912,428804,71633,147804,219437,10533,35619,46152
2021-11-26,2311534,2752426,5063960,709302,749573,1458875,421506,460292,881798,395996,442587,838583,299576,350717,650293,235052,304849,539901,167921,260957,428878,71646,147822,219468,10535,35629,46164
2021-11-27,2316594,2757506,5074100,713847,754052,1467899,421703,460504,882207,396136,442739,838875,299687,350845,650532,235095,304907,540002,167937,260984,428921,71650,147838,219488,10539,35637,46176
2021-11-28,2321398,2762064,5083462,718194,758134,1476328,421929,460736,882665,396250,442864,839114,299751,350908,650659,235134,304932,540066,167946,261005,428951,71655,147846,219501,10539,35639,46178
2021-11-29,2326092,2766761,5092853,722103,762028,1484131,422328,461129,883457,396477,443079,839556,299863,351007,650870,235165,304990,540155,167956,261028,428984,71659,147854,219513,10541,35646,46187
2021-11-30,2331855,2772478,5104333,726831,766649,1493480,422903,461683,884586,396720,443304,840024,299981,351155,651136,235234,305086,540320,167976,261073,429049,71666,147871,219537,10544,35657,46201
2021-12-01,2338957,2779215,5118172,733015,772389,1505404,423339,462088,885427,396949,443536,840485,300143,351326,651469,235292,305194,540486,168001,261122,429123,71673,147893,219566,10545,35667,46212
2021-12-02,2346192,2786583,5132775,739146,778433,1517579,423854,462574,886428,397317,443945,841262,300277,351559,651836,235349,305284,540633,168025,261187,429212,71678,147921,219599,10546,35680,46226
2021-12-03,2348578,2788896,5137474,740946,780141,1521087,424152,462863,887015,397454,444076,841530,300353,351645,651998,235402,305336,540738,168043,261218,429261,71681,147934,219615,10547,35683,46230
2021-12-04,2351104,2791455,5142559,743124,782350,1525474,424288,462996,887284,397559,444162,841721,300405,351707,652112,235436,305372,540808,168059,261238,429297,71686,147942,219628,10547,35688,46235
2021-12-05,2353073,2793475,5146548,744760,783987,1528747,424458,463162,887620,397632,444253,841885,300458,351770,652228,235462,305409,540871,168066,261252,429318,71689,147950,219639,10548,35692,46240
2021-12-06,2358363,2798741,5157104,749239,788367,1537606,424834,463539,888373,397867,444517,842384,300581,351907,652488,235512,305469,540981,168087,261282,429369,71694,147964,219658,10549,35696,46245
2021-12-07,2362423,2802823,5165246,752368,791473,1543841,425294,463979,889273,398114,444777,842891,300714,352034,652748,235571,305558,541129,168114,261323,429437,71697,147979,219676,10551,35700,46251
2021-12-08,2365490,2805842,5171332,754846,793930,1548776,425539,464189,889728,398262,444916,843178,300837,352146,652983,235619,305614,541233,168133,261349,429482,71701,147990,219691,10553,35708,46261
2021-12-09,2370867,2811090,5181957,759685,798578,1558263,425780,464412,890192,398406,445076,843482,300922,352243,653165,235662,305675,541337,168152,261388,429540,71706,148008,219714,10554,35710,46264
2021-12-10,2374268,2814337,5188605,762614,801299,1563913,426008,464626,890634,398523,445184,843707,300987,352334,653321,235705,305727,541432,168164,261414,429578,71713,148026,219739,10554,35727,46281
2021-12-11,2376576,2816675,5193251,764447,803166,1567613,426237,464808,891045,398629,445303,843932,301061,352425,653486,235751,305766,541517,168179,261435,429614,71718,148042,219760,10554,35730,46284
2021-12-12,2378735,2818670,5197405,766014,804600,1570614,426569,465080,891649,398775,445446,844221,301132,352504,653636,235787,305808,541595,168185,261452,429637,71719,148049,219768,10554,35731,46285
2021-12-13,2380914,2820737,5201651,767418,805982,1573400,426989,465431,892420,398967,445598,844565,301239,352603,653842,235825,305851,541676,168197,261475,429672,71724,148062,219786,10555,35735,46290
2021-12-14,2384024,2823858,5207882,769776,808335,1578111,427341,465745,893086,399171,445816,844987,301357,352707,654064,235878,305919,541797,168213,261509,429722,71731,148083,219814,10557,35744,46301
2021-12-15,2387091,2826912,5214003,772151,810666,1582817,427640,465994,893634,399359,445999,845358,301486,352852,654338,235934,305993,541927,168230,261556,429786,71733,148097,219830,10558,35755,46313
2021-12-16,2390245,2829874,5220119,774687,813059,1587746,427952,466221,894173,399517,446140,845657,301580,352946,654526,235970,306045,542015,168242,261591,429833,71738,148111,219849,10559,35761,46320
2021-12-17,2393122,2832750,5225872,777029,815306,1592335,428201,466448,894649,399655,446280,845935,301658,353072,654730,236018,306111,542129,168257,261628,429885,71743,148138,219881,10561,35767,46328
2021-12-18,2395439,2834991,5230430,778720,816950,1595670,428469,466673,895142,399831,446462,846293,301765,353161,654926,236066,306169,542235,168273,261648,429921,71753,148156,219909,10562,35772,46334
2021-12-19,2397889,2837272,5235161,780541,818652,1599193,428768,466945,895713,400009,446601,846610,301859,353253,655112,236101,306202,542303,168286,261666,429952,71761,148171,219932,10564,35782,46346
2021-12-20,2401398,2840477,5241875,783132,820999,1604131,429256,467364,896620,400251,446808,847059,301976,353358,655334,236142,306252,542394,168303,261703,430006,71770,148199,219969,10568,35794,46362
2021-12-21,2405422,2844069,5249491,786118,823683,1609801,429791,467802,897593,400529,447028,847557,302126,353517,655643,236193,306295,542488,168319,261721,430040,71776,148217,219993,10570,35806,46376
2021-12-22,2409707,2848054,5257761,789473,826699,1616172,430201,468166,898367,400777,447285,848062,302291,353669,655960,236261,306406,542667,168351,261774,430125,71780,148237,220017,10573,35818,46391
2021-12-23,2413569,2851782,5265351,792494,829550,1622044,430625,468543,899168,401015,447526,848541,302413,353799,656212,236302,306472,542774,168364,261811,430175,71783,148257,220040,10573,35824,46397
2021-12-24,2414660,2852741,5267401,793227,830219,1623446,430793,468669,899462,401107,447613,848720,302479,353839,656318,236323,306489,542812,168372,261819,430191,71784,148264,220048,10575,35829,46404
2021-12-25,2414664,2852754,5267418,793227,830220,1623447,430793,468669,899462,401107,447613,848720,302479,353839,656318,236323,306492,542815,168375,261819,430194,71784,148270,220054,10576,35832,46408
2021-12-26,2416864,2854916,5271780,794900,831829,1626729,431046,468939,899985,401258,447769,849027,302559,353896,656455,236350,306525,542875,168385,261841,430226,71789,148279,220068,10577,35838,46415
2021-12-27,2421168,2858769,5279937,797864,834393,1632257,431702,469519,901221,401654,448089,849743,302751,354114,656865,236420,306606,543026,168404,261890,430294,71794,148310,220104,10579,35848,46427
2021-12-28,2425309,2862631,5287940,800703,837063,1637766,432295,470006,902301,402008,448427,850435,302991,354304,657295,236491,306697,543188,168440,261937,430377,71801,148337,220138,10580,35860,46440
2021-12-29,2429806,2866705,5296511,804001,840080,1644081,432904,470482,903386,402355,448757,851112,303151,354434,657585,236543,306750,543293,168458,261968,430426,71811,148370,220181,10583,35864,46447
2021-12-30,2434011,2870438,5304449,807128,842825,1649953,433461,470917,904378,402636,449025,851661,303310,354570,657880,236595,306812,543407,168480,262015,430495,71818,148401,220219,10583,35873,46456
2021-12-31,2435221,2871570,5306791,808014,843628,1651642,433618,471071,904689,402746,449104,851850,303342,354624,657966,236609,306831,543440,168489,262029,430518,71820,148408,220228,10583,35875,46458
2022-01-01,2435222,2871571,5306793,808015,843629,1651644,433618,471071,904689,402746,449104,851850,303342,354624,657966,236609,306831,543440,168489,262029,430518,71820,148408,220228,10583,35875,46458
2022-01-02,2437451,2873714,5311165,809716,845228,1654944,433867,471335,905202,402893,449237,852130,303427,354704,658131,236641,306863,543504,168501,262047,430548,71823,148422,220245,10583,35878,46461
2022-01-03,2441103,2876943,5318046,811945,847243,1659188,434691,471937,906628,403218,449528,852746,303604,354870,658474,236706,306949,543655,168522,262084,430606,71833,148451,220284,10584,35881,46465
2022-01-04,2444187,2879952,5324139,813968,849188,1663156,435221,472389,907610,403499,449824,853323,303768,355037,658805,236768,307024,543792,168541,262128,430669,71836,148477,220313,10586,35885,46471
2022-01-05,2447871,2883444,5331315,816354,851465,1667819,435991,472983,908974,403778,450098,853876,303927,355211,659138,236828,307107,543935,168562,262182,430744,71844,148508,220352,10587,35890,46477
2022-01-06,2451060,2886459,5337519,818724,853641,1672365,436415,473322,909737,403986,450317,854303,304031,355321,659352,236880,307197,544077,168585,262223,430808,71849,148533,220382,10590,35905,46495
2022-01-07,2456006,2891257,5347263,822089,856890,1678979,437298,474079,911377,404371,450669,855040,304210,355522,659732,236968,307336,544304,168614,262280,430894,71860,148567,220427,10596,35914,46510
2022-01-08,2458069,2893205,5351274,823516,858283,1681799,437605,474349,911954,404548,450794,855342,304303,355602,659905,237009,307373,544382,168629,262303,430932,71863,148580,220443,10596,35921,46517
2022-01-09,2460361,2895240,5355601,825171,859759,1684930,437984,474661,912645,404691,450915,855606,304366,355663,660029,237047,307405,544452,168640,262325,430965,71864,148588,220452,10598,35924,46522
2022-01-10,2462993,2897593,5360586,826991,861432,1688423,438431,474980,913411,404892,451083,855975,304466,355742,660208,237078,307457,544535,168662,262362,431024,71872,148608,220480,10601,35929,46530
2022-01-11,2465849,2900282,5366131,829029,863311,1692340,438867,475369,914236,405119,451290,856409,304551,355854,660405,237118,307506,544624,168683,262391,431074,71878,148626,220504,10604,35935,46539
2022-01-12,2468516,2902822,5371338,831088,865235,1696323,439163,475628,914791,405297,451446,856743,304638,355927,660565,237146,307561,544707,168698,262435,431133,71881,148644,220525,10605,35946,46551
2022-01-13,2471242,2905315,5376557,833273,867215,1700488,439419,475857,915276,405442,451585,857027,304716,355996,660712,237185,307603,544788,168712,262456,431168,71888,148651,220539,10607,35952,46559
2022-01-14,2473805,2907680,5381485,835286,869110,1704396,439707,476061,915768,405587,451717,857304,304797,356056,660853,237206,307643,544849,168717,262477,431194,71897,148660,220557,10608,35956,46564
2022-01-15,2475340,2909073,5384413,836545,870259,1706804,439870,476188,916058,405649,451769,857418,304831,356089,660920,237215,307663,544878,168723,262482,431205,71899,148663,220562,10608,35960,46568
2022-01-16,2476810,2910477,5387287,837715,871384,1709099,440047,476329,916376,405718,451832,857550,304861,356128,660989,237234,307682,544916,168727,262493,431220,71900,148667,220567,10608,35962,46570
