FECHA,TotalM,TotalF,Total,<=30M,<=30F,<=30,31-40M,31-40F,31-40,41-50M,41-50F,41-50,51-60M,51-60F,51-60,61-70M,61-70F,61-70,71-80M,71-80F,71-80,81-90M,81-90F,81-90,>=91M,>=91F,>=91
2020-12-29,299,476,775,44,76,120,104,144,248,93,154,247,57,100,157,1,2,3,0,0,0,0,0,0,0,0,0
2020-12-30,638,1040,1678,95,189,284,226,317,543,189,329,518,125,202,327,3,3,6,0,0,0,0,0,0,0,0,0
2020-12-31,684,1091,1775,102,192,294,240,334,574,205,350,555,134,211,345,3,4,7,0,0,0,0,0,0,0,0,0
2021-01-01,684,1091,1775,102,192,294,240,334,574,205,350,555,134,211,345,3,4,7,0,0,0,0,0,0,0,0,0
2021-01-02,837,1368,2205,116,225,341,298,443,741,255,430,685,164,265,429,4,5,9,0,0,0,0,0,0,0,0,0
2021-01-03,892,1482,2374,125,242,367,323,491,814,267,460,727,173,284,457,4,5,9,0,0,0,0,0,0,0,0,0
2021-01-04,1248,2066,3314,186,343,529,439,694,1133,370,635,1005,248,389,637,5,5,10,0,0,0,0,0,0,0,0,0
2021-01-05,1761,2880,4641,259,480,739,655,965,1620,496,882,1378,345,544,889,6,8,14,0,1,1,0,0,0,0,0,0
2021-01-06,2327,3752,6079,358,642,1000,866,1227,2093,654,1139,1793,441,734,1175,8,9,17,0,1,1,0,0,0,0,0,0
2021-01-07,2901,4767,7668,448,811,1259,1067,1576,2643,815,1441,2256,563,929,1492,8,9,17,0,1,1,0,0,0,0,0,0
2021-01-08,3571,5954,9525,569,1041,1610,1294,1981,3275,1007,1783,2790,688,1136,1824,13,12,25,0,1,1,0,0,0,0,0,0
2021-01-09,3740,6229,9969,583,1081,1664,1366,2083,3449,1059,1872,2931,719,1180,1899,13,12,25,0,1,1,0,0,0,0,0,0
2021-01-10,3949,6591,10540,616,1129,1745,1455,2235,3690,1113,1974,3087,750,1240,1990,15,12,27,0,1,1,0,0,0,0,0,0
2021-01-11,4610,7792,12402,727,1387,2114,1722,2639,4361,1289,2301,3590,855,1449,2304,17,15,32,0,1,1,0,0,0,0,0,0
2021-01-12,5205,8889,14094,824,1578,2402,1958,3027,4985,1440,2595,4035,965,1672,2637,18,16,34,0,1,1,0,0,0,0,0,0
2021-01-13,5671,9782,15453,903,1758,2661,2122,3352,5474,1569,2829,4398,1058,1826,2884,19,16,35,0,1,1,0,0,0,0,0,0
2021-01-14,6475,11206,17681,1072,2040,3112,2414,3840,6254,1789,3226,5015,1181,2082,3263,19,17,36,0,1,1,0,0,0,0,0,0
2021-01-15,7671,13434,21105,1287,2493,3780,2881,4612,7493,2097,3841,5938,1387,2467,3854,19,20,39,0,1,1,0,0,0,0,0,0
2021-01-16,8147,14295,22442,1383,2647,4030,3059,4941,8000,2217,4086,6303,1469,2600,4069,19,20,39,0,1,1,0,0,0,0,0,0
2021-01-17,8432,14842,23274,1449,2740,4189,3172,5156,8328,2289,4241,6530,1503,2684,4187,19,20,39,0,1,1,0,0,0,0,0,0
2021-01-18,8620,15161,23781,1477,2794,4271,3232,5260,8492,2346,4347,6693,1546,2739,4285,19,20,39,0,1,1,0,0,0,0,0,0
2021-01-19,8906,15633,24539,1513,2861,4374,3314,5431,8745,2441,4493,6934,1617,2826,4443,21,21,42,0,1,1,0,0,0,0,0,0
2021-01-20,9199,16138,25337,1544,2957,4501,3423,5581,9004,2530,4652,7182,1681,2924,4605,21,23,44,0,1,1,0,0,0,0,0,0
2021-01-21,9328,16325,25653,1567,2986,4553,3467,5633,9100,2564,4715,7279,1704,2965,4669,26,24,50,0,2,2,0,0,0,0,0,0
2021-01-22,9362,16374,25736,1573,2996,4569,3480,5647,9127,2576,4732,7308,1706,2972,4678,27,25,52,0,2,2,0,0,0,0,0,0
2021-01-23,9481,16577,26058,1583,3018,4601,3525,5728,9253,2615,4792,7407,1730,3012,4742,28,25,53,0,2,2,0,0,0,0,0,0
2021-01-24,9525,16666,26191,1588,3028,4616,3545,5765,9310,2626,4818,7444,1738,3028,4766,28,25,53,0,2,2,0,0,0,0,0,0
2021-01-25,9806,17126,26932,1633,3105,4738,3629,5913,9542,2706,4962,7668,1808,3118,4926,30,26,56,0,2,2,0,0,0,0,0,0
2021-01-26,10177,17772,27949,1674,3210,4884,3775,6097,9872,2811,5178,7989,1884,3255,5139,33,30,63,0,2,2,0,0,0,0,0,0
2021-01-27,10623,18435,29058,1748,3326,5074,3944,6294,10238,2928,5372,8300,1966,3410,5376,37,31,68,0,2,2,0,0,0,0,0,0
2021-01-28,11083,19244,30327,1823,3471,5294,4096,6567,10663,3057,5598,8655,2069,3574,5643,38,32,70,0,2,2,0,0,0,0,0,0
2021-01-29,11721,20309,32030,1925,3659,5584,4340,6943,11283,3240,5905,9145,2174,3764,5938,42,36,78,0,2,2,0,0,0,0,0,0
2021-01-30,11874,20571,32445,1944,3698,5642,4400,7047,11447,3285,5984,9269,2203,3804,6007,42,36,78,0,2,2,0,0,0,0,0,0
2021-01-31,11992,20796,32788,1967,3731,5698,4442,7140,11582,3317,6044,9361,2223,3843,6066,43,36,79,0,2,2,0,0,0,0,0,0
2021-02-01,12538,21739,34277,2058,3906,5964,4666,7472,12138,3467,6299,9766,2303,4020,6323,44,40,84,0,2,2,0,0,0,0,0,0
2021-02-02,13721,23744,37465,2171,4150,6321,4955,7937,12892,3673,6736,10409,2529,4484,7013,350,403,753,37,32,69,5,2,7,1,0,1
2021-02-03,14988,26054,41042,2309,4476,6785,5279,8554,13833,3926,7282,11208,2775,4958,7733,617,721,1338,73,59,132,8,4,12,1,0,1
2021-02-04,16230,28378,44608,2468,4800,7268,5638,9218,14856,4218,7848,12066,2996,5440,8436,784,971,1755,112,94,206,12,7,19,2,0,2
2021-02-05,18138,32091,50229,2748,5378,8126,6258,10388,16646,4623,8758,13381,3353,6175,9528,974,1247,2221,163,136,299,17,9,26,2,0,2
2021-02-06,18580,32897,51477,2829,5496,8325,6394,10664,17058,4739,8988,13727,3439,6330,9769,996,1273,2269,164,137,301,17,9,26,2,0,2
2021-02-07,18933,33549,52482,2883,5586,8469,6507,10901,17408,4849,9180,14029,3497,6441,9938,1012,1294,2306,166,138,304,17,9,26,2,0,2
2021-02-08,19800,35142,54942,3011,5866,8877,6785,11402,18187,5059,9607,14666,3647,6713,10360,1101,1397,2498,177,148,325,18,9,27,2,0,2
2021-02-09,20791,37068,57859,3152,6208,9360,7088,11970,19058,5286,10068,15354,3828,7117,10945,1221,1542,2763,191,154,345,23,9,32,2,0,2
2021-02-10,21332,38094,59426,3235,6373,9608,7222,12294,19516,5431,10331,15762,3936,7322,11258,1280,1604,2884,200,161,361,26,9,35,2,0,2
2021-02-11,21787,39154,60941,3306,6553,9859,7367,12639,20006,5528,10598,16126,4008,7520,11528,1337,1666,3003,212,169,381,27,9,36,2,0,2
2021-02-12,22293,40101,62394,3379,6706,10085,7533,12971,20504,5642,10875,16517,4098,7658,11756,1384,1706,3090,225,176,401,30,9,39,2,0,2
2021-02-13,22321,40145,62466,3381,6714,10095,7544,12988,20532,5648,10884,16532,4106,7667,11773,1384,1707,3091,226,176,402,30,9,39,2,0,2
2021-02-14,22327,40169,62496,3383,6721,10104,7546,12995,20541,5648,10894,16542,4108,7667,11775,1384,1707,3091,226,176,402,30,9,39,2,0,2
2021-02-15,22327,40169,62496,3383,6721,10104,7546,12995,20541,5648,10894,16542,4108,7667,11775,1384,1707,3091,226,176,402,30,9,39,2,0,2
2021-02-16,22338,40205,62543,3384,6722,10106,7554,13013,20567,5650,10907,16557,4108,7670,11778,1384,1707,3091,226,177,403,30,9,39,2,0,2
2021-02-17,23137,41709,64846,3511,6950,10461,7800,13463,21263,5821,11339,17160,4254,7956,12210,1481,1811,3292,238,181,419,30,9,39,2,0,2
2021-02-18,24986,45589,70575,3729,7490,11219,8323,14510,22833,6200,12362,18562,4618,8739,13357,1748,2198,3946,317,275,592,49,15,64,2,0,2
2021-02-19,26657,49405,76062,3924,8024,11948,8771,15625,24396,6628,13344,19972,4927,9476,14403,1959,2532,4491,382,379,761,61,25,86,5,0,5
2021-02-20,27110,50190,77300,3969,8107,12076,8907,15897,24804,6740,13537,20277,5015,9626,14641,2012,2614,4626,400,384,784,62,25,87,5,0,5
2021-02-21,27439,50694,78133,4004,8172,12176,9000,16084,25084,6820,13668,20488,5094,9712,14806,2045,2644,4689,407,389,796,64,25,89,5,0,5
2021-02-22,30863,56938,87801,4199,8617,12816,9352,16948,26300,7088,14367,21455,5349,10257,15606,2357,2957,5314,803,923,1726,1543,2443,3986,172,426,598
2021-02-23,34844,64337,99181,4451,9145,13596,9798,18045,27843,7514,15369,22883,5712,11057,16769,2835,3568,6403,1162,1423,2585,3021,4868,7889,351,862,1213
2021-02-24,38901,71947,110848,4708,9607,14315,10350,19098,29448,7961,16336,24297,6039,11808,17847,3220,4069,7289,1558,2034,3592,4549,7628,12177,516,1367,1883
2021-02-25,42948,79495,122443,4942,10139,15081,10873,20187,31060,8453,17229,25682,6411,12594,19005,3564,4561,8125,1896,2605,4501,6089,10303,16392,720,1877,2597
2021-02-26,46869,87391,134260,5192,10700,15892,11417,21303,32720,8832,18184,27016,6807,13447,20254,3917,5065,8982,2256,3141,5397,7538,13108,20646,910,2443,3353
2021-02-27,47395,88486,135881,5232,10774,16006,11516,21430,32946,8920,18306,27226,6867,13554,20421,3973,5167,9140,2321,3267,5588,7641,13414,21055,925,2574,3499
2021-02-28,47549,88839,136388,5247,10791,16038,11546,21489,33035,8937,18340,27277,6880,13570,20450,4007,5200,9207,2336,3305,5641,7666,13508,21174,930,2636,3566
2021-03-01,50634,94908,145542,5358,11022,16380,11807,22012,33819,9159,18737,27896,7045,13953,20998,4200,5449,9649,2693,3866,6559,9242,16699,25941,1130,3170,4300
2021-03-02,53672,100774,154446,5484,11320,16804,12038,22515,34553,9333,19163,28496,7201,14298,21499,4386,5761,10147,3063,4436,7499,10826,19604,30430,1341,3677,5018
2021-03-03,56553,106575,163128,5617,11578,17195,12288,23110,35398,9554,19658,29212,7360,14684,22044,4524,5996,10520,3367,4954,8321,12288,22380,34668,1555,4215,5770
2021-03-04,57828,109439,167267,5740,11897,17637,12519,23665,36184,9740,20077,29817,7499,15016,22515,4643,6223,10866,3485,5157,8642,12616,23053,35669,1586,4351,5937
2021-03-05,58941,112031,170972,5834,12142,17976,12768,24241,37009,9936,20623,30559,7664,15417,23081,4761,6440,11201,3559,5301,8860,12801,23436,36237,1618,4431,6049
2021-03-06,59597,114356,173953,5874,12380,18254,12943,24766,37709,10071,21133,31204,7766,15845,23611,4789,6496,11285,3625,5446,9071,12888,23739,36627,1641,4551,6192
2021-03-07,60244,116421,176665,5909,12571,18480,13088,25256,38344,10218,21589,31807,7888,16206,24094,4824,6540,11364,3693,5578,9271,12963,23989,36952,1661,4692,6353
2021-03-08,61697,119743,181440,6000,12824,18824,13271,25700,38971,10352,21976,32328,8025,16556,24581,4955,6811,11766,3872,5887,9759,13489,24998,38487,1733,4991,6724
2021-03-09,65462,126588,192050,6158,13130,19288,13605,26385,39990,10624,22508,33132,8277,17058,25335,5226,7165,12391,4291,6557,10848,15322,28126,43448,1959,5659,7618
2021-03-10,69503,135304,204807,6370,13648,20018,13992,27508,41500,10960,23619,34579,8626,18052,26678,5450,7499,12949,4694,7202,11896,17204,31447,48651,2207,6329,8536
2021-03-11,74689,147623,222312,6780,14562,21342,14735,29541,44276,11526,25805,37331,9151,19677,28828,5816,8034,13850,5138,7940,13078,19126,35095,54221,2417,6969,9386
2021-03-12,78495,157921,236416,7212,15610,22822,15566,32066,47632,12207,28331,40538,9729,21538,31267,6105,8491,14596,5368,8269,13637,19785,36376,56161,2523,7240,9763
2021-03-13,79987,163022,243009,7406,16393,23799,15984,33568,49552,12585,29733,42318,10027,22501,32528,6195,8620,14815,5398,8348,13746,19852,36551,56403,2540,7308,9848
2021-03-14,81031,166976,248007,7503,16906,24409,16289,34672,50961,12877,30956,43833,10269,23437,33706,6275,8753,15028,5423,8388,13811,19855,36556,56411,2540,7308,9848
2021-03-15,84003,175946,259949,7764,17931,25695,16934,36885,53819,13431,33121,46552,10772,25128,35900,6558,9276,15834,5635,8714,14349,20301,37456,57757,2608,7435,10043
2021-03-16,87931,185394,273325,8031,18775,26806,17546,38667,56213,13995,34840,48835,11231,26554,37785,6892,9875,16767,6013,9284,15297,21505,39652,61157,2718,7747,10465
2021-03-17,92107,194633,286740,8324,19455,27779,18167,40369,58536,14572,36457,51029,11680,27777,39457,7283,10580,17863,6437,9959,16396,22782,41957,64739,2862,8079,10941
2021-03-18,96485,204487,300972,8663,20358,29021,18911,42294,61205,15254,38226,53480,12262,29215,41477,7606,11173,18779,6877,10651,17528,23910,44110,68020,3002,8460,11462
2021-03-19,100637,214365,315002,9016,21354,30370,19688,44357,64045,16029,40092,56121,12890,30702,43592,7858,11552,19410,7179,11161,18340,24823,46157,70980,3154,8990,12144
2021-03-20,102822,219302,322124,9086,21575,30661,19895,44832,64727,16220,40556,56776,13087,31172,44259,8315,12628,20943,7564,11784,19348,25403,47457,72860,3252,9298,12550
2021-03-21,104496,222766,327262,9110,21637,30747,19966,44966,64932,16263,40637,56900,13182,31367,44549,8952,14048,23000,7983,12470,20453,25734,48166,73900,3306,9475,12781
2021-03-22,106570,227230,333800,9276,21932,31208,20274,45651,65925,16502,41210,57712,13413,32009,45422,9526,15490,25016,8451,13153,21604,25809,48285,74094,3319,9500,12819
2021-03-23,109588,234171,343759,9396,22201,31597,20533,46227,66760,16716,41740,58456,13618,32468,46086,9934,16360,26294,8905,13894,22799,26966,51004,77970,3520,10277,13797
2021-03-24,111447,238299,349746,9402,22218,31620,20545,46255,66800,16726,41766,58492,13656,32531,46187,10172,16925,27097,9248,14551,23799,28022,53274,81296,3676,10779,14455
2021-03-25,113548,242576,356124,9532,22515,32047,20802,46812,67614,16970,42199,59169,13818,32848,46666,10265,17080,27345,9553,15011,24564,28811,54925,83736,3797,11186,14983
2021-03-26,114654,245199,359853,9569,22609,32178,20911,47008,67919,17046,42370,59416,13904,32986,46890,10385,17464,27849,9736,15405,25141,29225,55852,85077,3878,11505,15383
2021-03-27,115390,247061,362451,9571,22615,32186,20916,47023,67939,17049,42383,59432,13909,33008,46917,10402,17504,27906,9885,15735,25620,29711,56932,86643,3947,11861,15808
2021-03-28,116100,248945,365045,9573,22619,32192,20919,47030,67949,17050,42394,59444,13917,33020,46937,10432,17543,27975,10027,15994,26021,30144,58076,88220,4038,12269,16307
2021-03-29,118400,254774,373174,9773,23145,32918,21339,48122,69461,17397,43292,60689,14197,33759,47956,10583,17828,28411,10264,16389,26653,30698,59481,90179,4149,12758,16907
2021-03-30,121548,261994,383542,9892,23438,33330,21584,48776,70360,17625,43826,61451,15250,36134,51384,11350,19070,30420,10632,17083,27715,31003,60523,91526,4212,13144,17356
2021-03-31,125707,270502,396209,10121,23967,34088,22078,50016,72094,18058,44906,62964,15486,36630,52116,11511,19288,30799,12675,20255,32930,31465,61819,93284,4313,13621,17934
2021-04-01,130235,278082,408317,10146,23996,34142,22104,50100,72204,18599,45941,64540,15873,37385,53258,11579,19489,31068,15740,24603,40343,31815,62681,94496,4379,13887,18266
2021-04-02,134650,285295,419945,10147,23999,34146,22106,50107,72213,19510,47675,67185,15880,37399,53279,11594,19515,31109,18908,29249,48157,32088,63293,95381,4417,14058,18475
2021-04-03,138402,291379,429781,10148,24007,34155,22109,50111,72220,19518,47682,67200,15889,37406,53295,11603,19526,31129,22488,34887,57375,32196,63586,95782,4451,14174,18625
2021-04-04,139505,293129,432634,10148,24007,34155,22110,50112,72222,19519,47688,67207,15893,37411,53304,11621,19543,31164,23557,36580,60137,32201,63603,95804,4456,14185,18641
2021-04-05,145578,302916,448494,10236,24134,34370,22185,50310,72495,19596,47893,67489,15972,37607,53579,11754,19734,31488,29018,45091,74109,32329,63867,96196,4488,14280,18768
2021-04-06,152413,313920,466333,10339,24283,34622,22310,50534,72844,19666,48041,67707,16033,37729,53762,11866,19915,31781,35121,54631,89752,32546,64354,96900,4532,14433,18965
2021-04-07,159974,325838,485812,10430,24403,34833,22434,50800,73234,19740,48213,67953,16112,37872,53984,12520,20726,33246,41252,64132,105384,32891,65082,97973,4595,14610,19205
2021-04-08,168458,337926,506384,10593,24568,35161,22643,51068,73711,19843,48370,68213,16196,38039,54235,14046,22956,37002,47474,72934,120408,33044,65303,98347,4619,14688,19307
2021-04-09,175807,349200,525007,10721,24815,35536,22866,51456,74322,19966,48628,68594,16286,38223,54509,15388,24810,40198,52739,80804,133543,33191,65637,98828,4650,14827,19477
2021-04-10,178908,353961,532869,10769,24923,35692,22930,51607,74537,20043,48749,68792,16340,38345,54685,16043,25816,41859,54881,83974,138855,33245,65691,98936,4657,14856,19513
2021-04-11,181820,358580,540400,10817,25031,35848,23027,51789,74816,20096,48911,69007,16405,38511,54916,16642,26726,43368,56898,86972,143870,33274,65753,99027,4661,14887,19548
2021-04-12,189932,371100,561032,10948,25274,36222,23208,52141,75349,20211,49137,69348,16515,38706,55221,18254,29031,47285,62748,95892,158640,33363,65952,99315,4685,14967,19652
2021-04-13,197604,382881,580485,11153,25461,36614,23438,52480,75918,20430,49371,69801,16708,39079,55787,20220,32448,52668,67464,102765,170229,33486,66214,99700,4705,15063,19768
2021-04-14,204195,392683,596878,11385,25537,36922,23620,52646,76266,20586,49556,70142,16773,39147,55920,21034,33473,54507,71298,108697,179995,34653,68166,102819,4846,15461,20307
2021-04-15,207472,398389,605861,11521,25583,37104,23721,52685,76406,20665,49579,70244,16815,39194,56009,22325,36288,58613,72824,111184,184008,34736,68360,103096,4865,15516,20381
2021-04-16,211272,404131,615403,11621,25616,37237,23769,52712,76481,20707,49603,70310,16831,39210,56041,22953,37127,60080,75408,115037,190445,35056,69117,104173,4927,15709,20636
2021-04-17,211589,404619,616208,11637,25630,37267,23794,52729,76523,20744,49636,70380,16868,39241,56109,22996,37167,60163,75547,115309,190856,35074,69174,104248,4929,15733,20662
2021-04-18,211736,404780,616516,11653,25636,37289,23816,52745,76561,20773,49669,70442,16911,39270,56181,23005,37184,60189,75562,115326,190888,35083,69203,104286,4933,15747,20680
2021-04-19,215781,411140,626921,11812,25666,37478,23880,52758,76638,20823,49684,70507,16927,39283,56210,23496,37862,61358,78366,119720,198086,35479,70182,105661,4998,15985,20983
2021-04-20,221947,421721,643668,11975,25728,37703,23961,52828,76789,20890,49768,70658,17379,40342,57721,26514,42790,69304,79969,122165,202134,36063,71521,107584,5196,16579,21775
2021-04-21,230357,433813,664170,12059,25774,37833,24010,52873,76883,20936,49813,70749,17464,40557,58021,34270,53724,87994,80299,122789,203088,36110,71648,107758,5209,16635,21844
2021-04-22,240425,447730,688155,12106,25820,37926,24049,52919,76968,20968,49865,70833,17506,40621,58127,43731,66690,110421,80668,123377,204045,36179,71771,107950,5218,16667,21885
2021-04-23,250629,460936,711565,12133,25867,38000,24096,52974,77070,21019,49940,70959,17576,40697,58273,53464,79043,132507,80886,123767,204653,36229,71913,108142,5226,16735,21961
2021-04-24,253542,464452,717994,12138,25876,38014,24101,52982,77083,21034,49956,70990,17594,40719,58313,56080,82233,138313,81101,123955,205056,36258,71976,108234,5236,16755,21991
2021-04-25,253623,464576,718199,12140,25878,38018,24105,52985,77090,21039,49968,71007,17603,40726,58329,56137,82312,138449,81103,123964,205067,36258,71984,108242,5238,16759,21997
2021-04-26,255127,466956,722083,12154,25884,38038,24116,52997,77113,21048,49978,71026,17608,40742,58350,57453,84324,141777,81231,124186,205417,36273,72060,108333,5244,16785,22029
2021-04-27,256508,469808,726316,12230,25955,38185,24165,53089,77254,21091,50045,71136,17641,40800,58441,58352,85992,144344,81461,124904,206365,36318,72201,108519,5250,16822,22072
2021-04-28,263572,485839,749411,12951,27788,40739,25716,57399,83115,22378,53894,76272,18657,43754,62411,60598,88625,149223,81664,125225,206889,36352,72297,108649,5256,16857,22113
2021-04-29,270108,498993,769101,13405,29109,42514,26793,60596,87389,23412,56888,80300,19519,46116,65635,63334,91300,154634,81959,125599,207558,36410,72463,108873,5276,16922,22198
2021-04-30,271435,500976,772411,13476,29234,42710,26890,60773,87663,23459,56982,80441,19550,46189,65739,64167,92410,156577,82160,125880,208040,36446,72544,108990,5287,16964,22251
2021-05-01,271966,502035,774001,13486,29264,42750,26946,60872,87818,23481,57035,80516,19573,46227,65800,64478,93003,157481,82251,126038,208289,36462,72603,109065,5289,16993,22282
2021-05-02,276259,511871,788130,13794,30204,43998,27757,63041,90798,24292,59109,83401,20210,47851,68061,64971,94052,159023,83441,127878,211319,36499,72702,109201,5295,17034,22329
2021-05-03,284461,523401,807862,13850,30309,44159,27860,63206,91066,24344,59198,83542,21032,49012,70044,69865,100549,170414,85618,131148,216766,36581,72885,109466,5311,17094,22405
2021-05-04,296022,537686,833708,13941,30431,44372,27955,63383,91338,24389,59297,83686,23010,51482,74492,78894,111532,190426,85885,131463,217348,36624,72963,109587,5324,17135,22459
2021-05-05,306662,552998,859660,14063,30619,44682,28166,63574,91740,24619,59433,84052,23585,52151,75736,82007,116158,198165,91970,140191,232161,36891,73587,110478,5361,17285,22646
2021-05-06,310277,558353,868630,14173,30718,44891,28321,63690,92011,24818,59489,84307,24008,52576,76584,83662,118889,202551,92955,141971,234926,36959,73700,110659,5381,17320,22701
2021-05-07,318233,571438,889671,14309,31006,45315,28548,64207,92755,25014,59872,84886,24266,53084,77350,85044,121701,206745,98574,150230,248804,37073,73930,111003,5405,17408,22813
2021-05-08,320621,586721,907342,14491,32616,47107,29018,67703,96721,25517,64473,89990,24831,56720,81551,85620,123488,209108,98642,150321,248963,37087,73970,111057,5415,17430,22845
2021-05-09,320758,586944,907702,14491,32616,47107,29018,67703,96721,25518,64473,89991,24853,56732,81585,85690,123566,209256,98656,150342,248998,37109,74035,111144,5423,17477,22900
2021-05-10,321585,589458,911043,14518,32658,47176,29049,67756,96805,25545,64517,90062,25001,56983,81984,86007,124985,210992,98854,150804,249658,37172,74205,111377,5439,17550,22989
2021-05-11,324874,593384,918258,14539,32694,47233,29080,67815,96895,25576,64572,90148,25630,57726,83356,88402,127672,216074,98985,150989,249974,37209,74308,111517,5453,17608,23061
2021-05-12,328442,597792,926234,14574,32726,47300,29126,67877,97003,25617,64633,90250,26313,58519,84832,90893,130465,221358,99155,151363,250518,37295,74512,111807,5469,17697,23166
2021-05-13,331329,603168,934497,14629,32831,47460,29220,68109,97329,25695,64790,90485,26492,58830,85322,91777,132173,223950,100648,153875,254523,37381,74762,112143,5487,17798,23285
2021-05-14,332659,606221,938880,14682,32927,47609,29312,68298,97610,25769,64926,90695,26661,59065,85726,92363,133644,226007,100932,154531,255463,37435,74943,112378,5505,17887,23392
2021-05-15,339071,611394,950465,14702,32968,47670,29350,68365,97715,25799,64975,90774,27858,60270,88128,97355,137106,234461,101028,154705,255733,37465,75064,112529,5514,17941,23455
2021-05-16,339944,613699,953643,14760,33161,47921,29558,69066,98624,26052,65685,91737,28035,60670,88705,97484,137259,234743,101053,154747,255800,37478,75138,112616,5524,17973,23497
2021-05-17,344213,618027,962240,14809,33250,48059,29729,69485,99214,26157,65975,92132,28873,61449,90322,100304,139458,239762,101282,155127,256409,37519,75250,112769,5540,18033,23573
2021-05-18,348771,621931,970702,14838,33303,48141,29791,69561,99352,26217,66054,92271,29736,62294,92030,103713,141972,245685,101380,155323,256703,37547,75345,112892,5549,18079,23628
2021-05-19,352219,625257,977476,14879,33403,48282,29901,69775,99676,26262,66170,92432,30368,62930,93298,106157,143784,249941,101511,155638,257149,37582,75437,113019,5559,18120,23679
2021-05-20,362794,637206,1000000,14950,33547,48497,30051,70012,100063,26350,66349,92699,33293,66245,99538,112750,150286,263036,102088,156663,258751,37728,75876,113604,5584,18228,23812
2021-05-21,364939,641593,1006532,15054,33806,48860,30238,70559,100797,26457,66746,93203,33390,66592,99982,113198,151119,264317,103207,158455,261662,37803,76034,113837,5592,18282,23874
2021-05-22,366463,643719,1010182,15106,33881,48987,30280,70621,100901,26480,66809,93289,33598,66853,100451,114166,152352,266518,103402,158797,262199,37834,76104,113938,5597,18302,23899
2021-05-23,368836,646079,1014915,15130,33927,49057,30306,70688,100994,26504,66850,93354,34606,67941,102547,115351,153235,268586,103482,158950,262432,37853,76169,114022,5604,18319,23923
2021-05-24,369527,647646,1017173,15167,34009,49176,30372,70821,101193,26541,66951,93492,34830,68179,103009,115622,154112,269734,103533,159053,262586,37858,76194,114052,5604,18327,23931
2021-05-25,374127,656123,1030250,15177,34030,49207,30378,70837,101215,26543,66967,93510,35008,68351,103359,115899,154854,270753,104012,159888,263900,41101,81894,122995,6009,19302,25311
2021-05-26,376394,659520,1035914,15211,34079,49290,30420,70918,101338,26578,67038,93616,36079,69314,105393,116098,155188,271286,104178,160201,264379,41718,83204,124922,6112,19578,25690
2021-05-27,385698,674470,1060168,15272,34196,49468,30516,71081,101597,26671,67200,93871,38759,71765,110524,116377,155394,271771,104861,161388,266249,46537,92268,138805,6705,21178,27883
2021-05-28,396207,689288,1085495,15379,34352,49731,30687,71325,102012,26963,67470,94433,44554,78539,123093,116606,155632,272238,105381,162203,267584,49555,97594,147149,7082,22173,29255
2021-05-29,405160,697607,1102767,15383,34360,49743,30697,71337,102034,27593,67941,95534,52305,85458,137763,116793,155861,272654,105456,162331,267787,49817,98072,147889,7116,22247,29363
2021-05-30,413468,705154,1118622,15389,34368,49757,30703,71344,102047,29366,69483,98849,58684,91290,149974,116877,155939,272816,105479,162359,267838,49848,98114,147962,7122,22257,29379
2021-05-31,424999,720468,1145467,15484,34545,50029,30867,71625,102492,35714,75532,111246,62084,96803,158887,117486,156807,274293,105666,162721,268387,50477,99801,150278,7221,22634,29855
2021-06-01,436101,733050,1169151,15675,34800,50475,31464,72038,103502,42772,82906,125678,64266,99320,163586,117602,156979,274581,105827,162998,268825,51209,101094,152303,7286,22915,30201
2021-06-02,445132,745862,1190994,16290,35449,51739,33166,74637,107803,46781,88194,134975,66290,101916,168206,117759,157186,274945,105951,163209,269160,51540,102037,153577,7355,23234,30589
2021-06-03,457774,765312,1223086,19309,40481,59790,38395,82599,120994,50042,92592,142634,66864,102759,169623,117906,157387,275293,106040,163399,269439,51813,102668,154481,7405,23427,30832
2021-06-04,470989,781573,1252562,22271,44065,66336,43162,87342,130504,52990,96806,149796,67879,104151,172030,118956,158551,277507,106343,163928,270271,51947,103157,155104,7441,23573,31014
2021-06-05,481859,791772,1273631,24933,46438,71371,47935,91265,139200,54824,98520,153344,68551,104836,173387,119600,159273,278873,106489,164211,270700,52054,103517,155571,7473,23712,31185
2021-06-06,490261,801561,1291822,27974,50467,78441,51730,95359,147089,55745,99251,154996,68974,105211,174185,119676,159353,279029,106546,164341,270887,52121,103724,155845,7495,23855,31350
2021-06-07,503877,815697,1319574,31055,53821,84876,55032,98105,153137,59034,102387,161421,72303,109095,181398,120052,159752,279804,106667,164560,271227,52206,103983,156189,7528,23994,31522
2021-06-08,516508,832710,1349218,32059,55303,87362,56389,100143,156532,60509,104439,164948,80380,119029,199409,120198,159949,280147,106859,164887,271746,52529,104700,157229,7585,24260,31845
2021-06-09,529084,845832,1374916,32394,55640,88034,57035,100813,157848,61214,104996,166210,91076,130118,221194,120292,160078,280370,106913,164974,271887,52561,104844,157405,7599,24369,31968
2021-06-10,543346,860757,1404103,33156,56498,89654,58088,102020,160108,63128,106999,170127,101174,140202,241376,120582,160447,281029,106999,165129,272128,52601,105005,157606,7618,24457,32075
2021-06-11,553049,876478,1429527,33355,56732,90087,58557,102326,160883,63873,107656,171529,102553,141696,244249,120718,160685,281403,107924,166574,274498,57916,114777,172693,8153,26032,34185
2021-06-12,559372,884315,1443687,33793,57325,91118,59166,103122,162288,65225,109208,174433,105637,144717,250354,120766,160766,281532,108068,166867,274935,58484,115957,174441,8233,26353,34586
2021-06-13,563481,888710,1452191,33995,57580,91575,59449,103451,162900,66132,110171,176303,108273,147440,255713,120803,160806,281609,108080,166886,274966,58510,116014,174524,8239,26362,34601
2021-06-14,569560,895371,1464931,34741,58435,93176,60478,104513,164991,67477,111517,178994,110929,150256,261185,120849,160871,281720,108119,166978,275097,58704,116351,175055,8263,26450,34713
2021-06-15,583499,909016,1492515,34860,58614,93474,60681,104799,165480,67906,111970,179876,123462,161855,285317,121064,161093,282157,108260,167286,275546,58964,116831,175795,8302,26568,34870
2021-06-16,591088,919249,1510337,35279,59244,94523,61514,105853,167367,69695,114079,183774,125510,164095,289605,121224,161307,282531,110150,170038,280188,59341,117751,177092,8375,26882,35257
2021-06-17,602636,933504,1536140,35473,59529,95002,61951,106290,168241,72677,117303,189980,129696,168389,298085,121751,161990,283741,112900,174090,286990,59734,118701,178435,8454,27212,35666
2021-06-18,617051,948685,1565736,36134,60353,96487,63015,107406,170421,81092,125321,206413,132899,171671,304570,122149,162532,284681,113387,174884,288271,59892,119136,179028,8483,27382,35865
2021-06-19,627656,960237,1587893,36345,60653,96998,63158,107652,170810,89381,133757,223138,134362,173100,307462,122399,162814,285213,113489,175098,288587,60007,119553,179560,8515,27610,36125
2021-06-20,627660,960241,1587901,36345,60654,96999,63160,107652,170812,89382,133759,223141,134362,173100,307462,122399,162815,285214,113490,175098,288588,60007,119553,179560,8515,27610,36125
2021-06-21,633680,966351,1600031,36368,60676,97044,63200,107708,170908,94439,138762,233201,135013,173723,308736,122554,163003,285557,113558,175190,288748,60027,119642,179669,8521,27647,36168
2021-06-22,638768,971542,1610310,36520,60933,97453,63413,107991,171404,96785,140980,237765,136741,175225,311966,122997,163488,286485,113704,175401,289105,60069,119797,179866,8539,27727,36266
2021-06-23,648359,981152,1629511,36658,61174,97832,63600,108352,171952,104673,148531,253204,137844,176151,313995,123138,163711,286849,113771,175519,289290,60122,119928,180050,8553,27786,36339
2021-06-24,663764,1000613,1664377,36863,61582,98445,64241,112527,176768,117758,161551,279309,138922,177335,316257,123370,164025,287395,113898,175734,289632,60154,120034,180188,8558,27825,36383
2021-06-25,676645,1019356,1696001,37265,62767,100032,64960,115564,180524,122590,166484,289074,139887,178446,318333,127938,170219,298157,115065,177375,292440,60346,120537,180883,8594,27964,36558
2021-06-26,685943,1031322,1717265,37303,62809,100112,64998,115615,180613,123434,167318,290752,140450,179144,319594,134778,178916,313694,115852,178580,294432,60506,120875,181381,8622,28065,36687
2021-06-27,694081,1040308,1734389,37367,62917,100284,65075,115755,180830,126952,170909,297861,143232,181953,325185,135823,180143,315966,116400,179405,295805,60593,121114,181707,8639,28112,36751
2021-06-28,711363,1060011,1771374,38065,64586,102651,65680,118171,183851,140781,183802,324583,144488,183230,327718,136521,181154,317675,116545,179660,296205,60633,121223,181856,8650,28185,36835
2021-06-29,729612,1078660,1808272,38264,64940,103204,66137,118990,185127,156540,198709,355249,145243,184017,329260,137234,182197,319431,116788,180082,296870,60742,121457,182199,8664,28268,36932
2021-06-30,749153,1097922,1847075,38418,65139,103557,71285,123887,195172,168798,210351,379149,145912,184670,330582,138395,183721,322116,116893,180272,297165,60778,121550,182328,8674,28332,37006
2021-07-01,761871,1111286,1873157,38525,65356,103881,76084,128641,204725,174335,215572,389907,146868,185724,332592,139197,184820,324017,117246,180845,298091,60916,121876,182792,8700,28452,37152
2021-07-02,771691,1129501,1901192,39112,66544,105656,78433,132405,210838,175857,217309,393166,147218,186239,333457,140019,186198,326217,117887,182041,299928,63994,128712,192706,9171,30053,39224
2021-07-03,782600,1141781,1924381,39130,66581,105711,84478,137723,222201,178413,220029,398442,147718,186813,334531,140425,186735,327160,118221,182668,300889,64916,130680,195596,9299,30552,39851
2021-07-04,793030,1152107,1945137,39645,67425,107070,93671,146171,239842,178819,220497,399316,147850,186936,334786,140513,186863,327376,118278,182747,301025,64944,130834,195778,9310,30634,39944
2021-07-05,798079,1157595,1955674,39910,67829,107739,97197,149177,246374,179066,220782,399848,147987,187066,335053,140832,187325,328157,118513,183153,301666,65221,131438,196659,9353,30825,40178
2021-07-06,811068,1169738,1980806,40334,68492,108826,108800,159017,267817,179336,221109,400445,148174,187308,335482,141012,187534,328546,118616,183370,301986,65407,131926,197333,9389,30982,40371
2021-07-07,816670,1175962,1992632,40486,68640,109126,112729,162584,275313,179991,222014,402005,148425,187696,336121,141151,187746,328897,118765,183678,302443,65688,132469,198157,9435,31135,40570
2021-07-08,835485,1192253,2027738,40852,69172,110024,127768,174888,302656,182279,224078,406357,149134,188431,337565,141433,188105,329538,118835,183804,302639,65734,132601,198335,9450,31174,40624
2021-07-09,848326,1205273,2053599,41528,69898,111426,136453,183120,319573,184490,226275,410765,149973,189266,339239,141700,188519,330219,118973,184324,303297,65755,132677,198432,9454,31194,40648
2021-07-10,859098,1216726,2075824,42986,71658,114644,144405,190946,335351,184869,226703,411572,150150,189496,339646,142164,189065,331229,119227,184747,303974,65832,132868,198700,9465,31243,40708
2021-07-11,861232,1220360,2081592,43243,72018,115261,145471,192232,337703,185027,227081,412108,150222,189694,339916,142188,189103,331291,119333,184951,304284,66231,133824,200055,9517,31457,40974
2021-07-12,879179,1236337,2115516,46288,74961,121249,159439,203977,363416,185467,227610,413077,150452,189966,340418,142295,189272,331567,119393,185077,304470,66311,133970,200281,9534,31504,41038
2021-07-13,889479,1245095,2134574,48070,76595,124665,166788,209961,376749,186211,228237,414448,150723,190238,340961,142390,189373,331763,119432,185142,304574,66325,134015,200340,9540,31534,41074
2021-07-14,892937,1248395,2141332,48704,77312,126016,169060,211861,380921,186515,228603,415118,150882,190403,341285,142443,189435,331878,119447,185188,304635,66340,134041,200381,9546,31552,41098
2021-07-15,906873,1267946,2174819,49122,78011,127133,170332,214215,384547,193369,235643,429012,152082,192750,344832,143153,190571,333724,122006,188945,310951,67141,135804,202945,9668,32007,41675
2021-07-16,920649,1287579,2208228,49459,78429,127888,171339,217183,388522,200622,243676,444298,152575,193426,346001,143302,190766,334068,126073,194949,321022,67541,136863,204404,9738,32287,42025
2021-07-17,932801,1300971,2233772,50852,80168,131020,176458,222556,399014,204873,248136,453009,153350,194273,347623,143545,191027,334572,126365,195448,321813,67605,137032,204637,9753,32331,42084
2021-07-18,943961,1312903,2256864,53842,83952,137794,179336,225181,404517,208480,251741,460221,154782,195722,350504,143712,191260,334972,126429,195586,322015,67624,137109,204733,9756,32352,42108
2021-07-19,960546,1330776,2291322,56522,87241,143763,180788,227728,408516,219308,261723,481031,155877,196812,352689,143911,191484,335395,126561,195795,322356,67776,137525,205301,9803,32468,42271
2021-07-20,978939,1350353,2329292,63934,95698,159632,183291,230607,413898,226633,268432,495065,156589,197574,354163,144099,191714,335813,126714,196086,322800,67858,137715,205573,9821,32527,42348
2021-07-21,997522,1369162,2366684,77885,109734,187619,186605,233904,420509,227318,269149,496467,156917,197889,354806,144249,191862,336111,126838,196309,323147,67882,137764,205646,9828,32551,42379
2021-07-22,1016524,1386566,2403090,90876,121357,212233,190684,237491,428175,228485,270303,498788,157414,198493,355907,144411,192091,336502,126906,196403,323309,67911,137841,205752,9837,32587,42424
2021-07-23,1032008,1404096,2436104,96827,128483,225310,193478,240376,433854,234129,276328,510457,158200,199435,357635,144609,192389,336998,126984,196535,323519,67941,137927,205868,9840,32623,42463
2021-07-24,1046242,1418697,2464939,97561,129458,227019,193962,240829,434791,239790,281786,521576,165125,206508,371633,144864,192704,337568,127076,196655,323731,68018,138084,206102,9846,32673,42519
2021-07-25,1057837,1432538,2490375,104467,138552,243019,196887,243596,440483,240689,282819,523508,165744,207127,372871,145057,192909,337966,127110,196712,323822,68033,138124,206157,9850,32699,42549
2021-07-26,1075366,1454349,2529715,110009,145540,255549,201311,249282,450593,245259,288212,533471,168159,209856,378015,145422,193415,338837,127253,197021,324274,68095,138271,206366,9858,32752,42610
2021-07-27,1090536,1473057,2563593,117064,153798,270862,204272,253097,457369,248043,291800,539843,169395,211321,380716,146222,194299,340521,127485,197414,324899,68178,138510,206688,9877,32818,42695
2021-07-28,1108281,1493478,2601759,132325,170945,303270,205538,254576,460114,248762,292817,541579,169707,211781,381488,146350,194469,340819,127519,197497,325016,68194,138556,206750,9886,32837,42723
2021-07-29,1127246,1511677,2638923,147493,185183,332676,207534,256451,463985,249827,294043,543870,170190,212303,382493,146516,194643,341159,127583,197573,325156,68210,138607,206817,9893,32874,42767
2021-07-30,1143810,1528023,2671833,153274,190513,343787,213594,262328,475922,253183,297499,550682,171233,213465,384698,146744,194924,341668,127641,197715,325356,68244,138664,206908,9897,32915,42812
2021-07-31,1158279,1539221,2697500,154895,192229,347124,221271,268948,490219,257457,299514,556971,171860,213956,385816,146939,195111,342050,127690,197793,325483,68264,138725,206989,9903,32945,42848
2021-08-01,1164618,1546960,2711578,156314,194117,350431,224087,272437,496524,258833,300936,559769,172338,214497,386835,147123,195342,342465,127737,197888,325625,68280,138774,207054,9906,32969,42875
2021-08-02,1183217,1565009,2748226,159271,197449,356720,235218,282295,517513,262411,304636,567047,173020,215246,388266,147295,195572,342867,127794,197992,325786,68296,138830,207126,9912,32989,42901
2021-08-03,1199606,1580319,2779925,167297,204755,372052,238177,284976,523153,264987,306820,571807,175489,217945,393434,147577,195845,343422,127849,198079,325928,68311,138886,207197,9919,33013,42932
2021-08-04,1212526,1595528,2808054,169269,207298,376567,240907,287832,528739,266593,308821,575414,181825,225361,407186,147762,196079,343841,127917,198173,326090,68331,138933,207264,9922,33031,42953
2021-08-05,1221674,1604460,2826134,172972,210773,383745,244504,291224,535728,267858,310104,577962,182246,225857,408103,147886,196233,344119,127944,198257,326201,68341,138963,207304,9923,33049,42972
2021-08-06,1226103,1609809,2835912,173636,211554,385190,245366,292003,537369,268225,310452,578677,182451,226100,408551,148994,197703,346697,129136,199912,329048,68368,139020,207388,9927,33065,42992
2021-08-07,1236324,1624171,2860495,174728,212450,387178,245423,292067,537490,268268,310514,578782,182508,226157,408665,150293,199573,349866,136705,211103,347808,68457,139196,207653,9942,33111,43053
2021-08-08,1245368,1637069,2882437,174732,212465,387197,245433,292084,537517,268277,310528,578805,182536,226216,408752,155563,206794,362357,140303,216427,356730,68565,139406,207971,9959,33149,43108
2021-08-09,1259617,1656691,2916308,174868,212623,387491,245644,292298,537942,268448,310762,579210,183580,227743,411323,166154,221356,387510,142294,219093,361387,68658,139623,208281,9971,33193,43164
2021-08-10,1273950,1675638,2949588,175219,213040,388259,246139,292818,538957,269624,311595,581219,184926,229542,414468,173421,231151,404572,145852,224381,370233,68778,139865,208643,9991,33246,43237
2021-08-11,1288921,1692235,2981156,176536,214155,390691,246426,293265,539691,269926,312021,581947,187338,232161,419499,182248,240222,422470,147535,227016,374551,68905,140095,209000,10007,33300,43307
2021-08-12,1298549,1705120,3003669,176917,214582,391499,246680,293552,540232,270154,312293,582447,189143,234426,423569,185968,244523,430491,150631,231991,382622,69023,140387,209410,10033,33366,43399
2021-08-13,1311553,1723205,3034758,177032,214710,391742,246866,293733,540599,270301,312484,582785,189516,234875,424391,191539,251456,442995,156899,241293,398192,69319,141107,210426,10081,33547,43628
2021-08-14,1319924,1735856,3055780,177117,214842,391959,247014,293949,540963,270460,312793,583253,191107,237046,428153,197052,259593,456645,157674,242678,400352,69401,141349,210750,10099,33606,43705
2021-08-15,1331530,1748433,3079963,177581,215398,392979,247805,294912,542717,271869,314209,586078,197832,244058,441890,198744,261214,459958,158104,243427,401531,69478,141541,211019,10117,33674,43791
2021-08-16,1340827,1760226,3101053,178988,216968,395956,248935,296155,545090,274353,317125,591478,199718,246387,446105,199827,262605,462432,159254,245335,404589,69608,141883,211491,10144,33768,43912
2021-08-17,1356947,1774206,3131153,186529,223600,410129,255170,301596,556766,275724,318330,594054,200502,246800,447302,199966,262783,462749,159285,245400,404685,69622,141923,211545,10149,33774,43923
2021-08-18,1368393,1786500,3154893,191377,228192,419569,256583,303340,559923,276920,319698,596618,202253,248667,450920,201663,264483,466146,159752,246220,405972,69687,142083,211770,10158,33817,43975
2021-08-19,1374378,1792700,3167078,193790,230482,424272,257393,304131,561524,277392,320279,597671,203698,250059,453757,202241,265134,467375,159979,246620,406599,69722,142157,211879,10163,33838,44001
2021-08-20,1387595,1805006,3192601,196285,233039,429324,258907,305271,564178,278598,321270,599868,211410,257224,468634,202441,265375,467816,160047,246769,406816,69741,142208,211949,10166,33850,44016
2021-08-21,1396954,1817137,3214091,197870,235154,433024,261170,308609,569779,280787,324206,604993,214247,260314,474561,202816,265789,468605,160132,246918,407050,69761,142275,212036,10171,33872,44043
2021-08-22,1406837,1828320,3235157,199403,237091,436494,266411,314083,580494,282516,326307,608823,215199,261429,476628,203161,266206,469367,160199,247026,407225,69775,142304,212079,10173,33874,44047
2021-08-23,1424138,1843985,3268123,206746,244017,450763,274118,320369,594487,283831,327644,611475,215874,262141,478015,203363,266456,469819,160244,247124,407368,69788,142342,212130,10174,33892,44066
2021-08-24,1436580,1857178,3293758,215725,253253,468978,276029,322171,598200,284631,328592,613223,216413,262903,479316,203529,266729,470258,160280,247232,407512,69795,142388,212183,10178,33910,44088
2021-08-25,1452283,1872959,3325242,218077,255650,473727,277195,323707,600902,291393,334988,626381,221296,267633,488929,203933,267191,471124,160382,247383,407765,69824,142468,212292,10183,33939,44122
2021-08-26,1467354,1890541,3357895,219979,258129,478108,278112,325009,603121,291969,335817,627786,225026,271296,496322,210607,274035,484642,161482,249319,410801,69963,142889,212852,10216,34047,44263
2021-08-27,1485785,1908537,3394322,230906,268934,499840,281495,327756,609251,292976,336839,629815,227451,273790,501241,211150,274680,485830,161595,249508,411103,69991,142957,212948,10221,34073,44294
2021-08-28,1496836,1921835,3418671,239079,279399,518478,283139,329195,612334,293750,337557,631307,227784,274229,502013,211233,274793,486026,161630,249597,411227,69998,142986,212984,10223,34079,44302
2021-08-29,1508288,1934628,3442916,240051,280664,520715,283689,329898,613587,295769,339662,635431,235207,282239,517446,211552,275202,486754,161747,249827,411574,70045,143044,213089,10228,34092,44320
2021-08-30,1524263,1951376,3475639,244082,284339,528421,286046,332204,618250,298940,342638,641578,239109,286187,525296,213195,277312,490507,162489,251125,413614,70161,143389,213550,10241,34182,44423
2021-08-31,1539850,1968658,3508508,255216,297031,552247,288041,334016,622057,300511,344266,644777,239737,286894,526631,213367,277567,490934,162554,251239,413793,70178,143444,213622,10246,34201,44447
2021-09-01,1555861,1985757,3541618,269650,311396,581046,288638,334666,623304,300888,344777,645665,240003,287367,527370,213601,278299,491900,162642,251526,414168,70192,143514,213706,10247,34212,44459
2021-09-02,1571806,2004789,3576595,279359,321119,600478,290176,337029,627205,303541,348620,652161,241516,289684,531200,213958,278796,492754,162794,251737,414531,70212,143583,213795,10250,34221,44471
2021-09-03,1586456,2021953,3608409,285439,327241,612680,291804,338769,630573,307855,354358,662213,243128,291825,534953,214780,279843,494623,162956,252017,414973,70241,143655,213896,10253,34245,44498
2021-09-04,1598601,2033997,3632598,288734,330547,619281,295240,341943,637183,312583,359121,671704,243655,292356,536011,214894,280007,494901,162994,252087,415081,70247,143687,213934,10254,34249,44503
2021-09-05,1610849,2046116,3656965,289994,331885,621879,297658,344246,641904,320225,366636,686861,244416,293085,537501,215017,280180,495197,163032,252125,415157,70252,143704,213956,10255,34255,44510
2021-09-06,1627108,2062102,3689210,291575,333376,624951,298321,344995,643316,331091,377405,708496,247029,295340,542369,215432,280684,496116,163125,252268,415393,70272,143766,214038,10263,34268,44531
2021-09-07,1645236,2082238,3727474,292532,334743,627275,299991,347510,647501,339212,385021,724233,250685,299153,549838,218376,284116,502492,163785,253292,417077,70366,144069,214435,10289,34334,44623
2021-09-08,1655671,2092712,3748383,295018,336918,631936,302649,350006,652655,342220,388141,730361,252141,300737,552878,218996,284778,503774,163951,253569,417520,70402,144191,214593,10294,34372,44666
2021-09-09,1670814,2107681,3778495,297470,339515,636985,311844,358413,670257,344389,390508,734897,253191,301902,555093,219210,285040,504250,163998,253661,417659,70415,144258,214673,10297,34384,44681
2021-09-10,1675826,2113072,3788898,299732,341676,641408,312619,359365,671984,344770,390924,735694,254380,303205,557585,219538,285441,504979,164057,253780,417837,70431,144293,214724,10299,34388,44687
2021-09-11,1679208,2116328,3795536,300412,342361,642773,314278,360758,675036,345027,391220,736247,255064,303958,559022,219611,285520,505131,164084,253812,417896,70433,144308,214741,10299,34391,44690
2021-09-12,1680067,2117303,3797370,300629,342641,643270,314622,361090,675712,345212,391436,736648,255154,304070,559224,219629,285540,505169,164089,253824,417913,70433,144310,214743,10299,34392,44691
2021-09-13,1687456,2124569,3812025,304990,347159,652149,317259,363398,680657,345417,391659,737076,255269,304191,559460,219668,285577,505245,164107,253847,417954,70441,144335,214776,10305,34403,44708
2021-09-14,1693893,2132130,3826023,305475,347754,653229,317669,363865,681534,345806,392107,737913,259494,308697,568191,220416,286820,507236,164260,254065,418325,70465,144397,214862,10308,34425,44733
2021-09-15,1711415,2151983,3863398,306609,349330,655939,319302,366164,685466,349184,395953,745137,268176,317514,585690,222792,289553,512345,164491,254472,418963,70535,144533,215068,10326,34464,44790
2021-09-16,1728033,2170912,3898945,308993,352725,661718,328886,376266,705152,351582,398531,750113,269533,319176,588709,223514,290382,513896,164620,254719,419339,70571,144627,215198,10334,34486,44820
2021-09-17,1742014,2185104,3927118,317410,361295,678705,332021,379179,711200,352884,399863,752747,270327,320042,590369,223743,290683,514426,164698,254845,419543,70592,144693,215285,10339,34504,44843
2021-09-18,1754217,2198273,3952490,326010,370264,696274,334140,381382,715522,353794,401000,754794,270777,320640,591417,223839,290854,514693,164716,254904,419620,70600,144720,215320,10341,34509,44850
2021-09-19,1763374,2207573,3970947,331304,375334,706638,336260,383522,719782,354828,402138,756966,271287,321196,592483,223969,291039,515008,164768,255038,419806,70616,144782,215398,10342,34524,44866
2021-09-20,1770547,2214469,3985016,334742,378641,713383,338457,385383,723840,355679,403045,758724,271713,321647,593360,224140,291240,515380,164845,255161,420006,70626,144820,215446,10345,34532,44877
2021-09-21,1782895,2225965,4008860,344750,387910,732660,339806,386461,726267,356228,403587,759815,272002,321993,593995,224248,291407,515655,164876,255221,420097,70637,144843,215480,10348,34543,44891
2021-09-22,1791483,2233745,4025228,350270,392761,743031,341802,388084,729886,356801,404176,760977,272293,322353,594646,224376,291573,515949,164936,255347,420283,70653,144886,215539,10352,34565,44917
2021-09-23,1797275,2239659,4036934,354209,396807,751016,342871,389037,731908,357246,404637,761883,272524,322620,595144,224432,291669,516101,164977,255401,420378,70664,144915,215579,10352,34573,44925
2021-09-24,1803003,2245547,4048550,357165,399846,757011,344092,390252,734344,358225,405567,763792,272944,323058,596002,224534,291812,516346,165015,255471,420486,70674,144952,215626,10354,34589,44943
2021-09-25,1806674,2248614,4055288,358293,400779,759072,345416,391091,736507,358795,406178,764973,273444,323594,597038,224657,291919,516576,165032,255498,420530,70682,144963,215645,10355,34592,44947
2021-09-26,1818927,2259783,4078710,358969,401536,760505,347028,392747,739775,363856,410610,774466,277968,327405,605373,224970,292285,517255,165085,255578,420663,70694,145020,215714,10357,34602,44959
2021-09-27,1830778,2270721,4101499,360816,403751,764567,352444,397466,749910,367012,413252,780264,279145,328361,607506,225156,292531,517687,165131,255664,420795,70716,145074,215790,10358,34622,44980
2021-09-28,1844724,2284589,4129313,361782,404679,766461,362099,405691,767790,368247,414655,782902,279938,329298,609236,225703,293290,518993,165727,256775,422502,70854,145482,216336,10374,34719,45093
2021-09-29,1853434,2293148,4146582,364333,407423,771756,366501,409480,775981,369114,415530,784644,280482,329852,610334,225902,293532,519434,165839,256998,422837,70889,145586,216475,10374,34747,45121
2021-09-30,1861952,2302982,4164934,369661,413145,782806,367612,410853,778465,370165,416497,786662,281215,330919,612134,226128,294004,520132,165893,257159,423052,70903,145648,216551,10375,34757,45132
2021-10-01,1867594,2308553,4176147,372575,416155,788730,368862,412083,780945,371008,417202,788210,281700,331332,613032,226244,294130,520374,165922,257211,423133,70908,145677,216585,10375,34763,45138
2021-10-02,1870424,2311327,4181751,373747,417363,791110,369697,412799,782496,371492,417670,789162,281939,331542,613481,226314,294222,520536,165942,257259,423201,70917,145702,216619,10376,34770,45146
2021-10-03,1873579,2314064,4187643,375238,418662,793900,370693,413540,784233,371899,418021,789920,282094,331717,613811,226394,294325,520719,165960,257304,423264,70924,145722,216646,10377,34773,45150
2021-10-04,1879196,2319465,4198661,377705,420958,798663,372511,415078,787589,372607,418731,791338,282491,332173,614664,226552,294578,521130,166012,257397,423409,70937,145763,216700,10381,34787,45168
2021-10-05,1882591,2322783,4205374,379079,422361,801440,373453,415890,789343,373195,419290,792485,282843,332545,615388,226657,294685,521342,166035,257430,423465,70945,145787,216732,10384,34795,45179
2021-10-06,1889643,2329972,4219615,384581,428087,812668,374169,416490,790659,373647,419713,793360,283094,332803,615897,226744,294791,521535,166065,257466,423531,70956,145814,216770,10387,34808,45195
2021-10-07,1892674,2332951,4225625,385883,429229,815112,375014,417268,792282,374052,420149,794201,283418,333180,616598,226866,294951,521817,166091,257520,423611,70959,145839,216798,10391,34815,45206
2021-10-08,1903272,2343319,4246591,386533,430122,816655,381149,422712,803861,375255,421440,796695,284799,334637,619436,228029,296100,524129,166140,257607,423747,70975,145880,216855,10392,34821,45213
2021-10-09,1912999,2352851,4265850,387126,430830,817956,385594,426640,812234,376472,422666,799138,287058,336971,624029,229188,297304,526492,166182,257699,423881,70987,145913,216900,10392,34828,45220
2021-10-10,1919961,2359962,4279923,387556,431441,818997,389161,429936,819097,377252,423549,800801,288389,338317,626706,230007,298191,528198,166206,257758,423964,70997,145936,216933,10393,34834,45227
2021-10-11,1924476,2364382,4288858,390063,433786,823849,390217,430964,821181,377807,424065,801872,288658,338616,627274,230090,298313,528403,166241,257824,424065,71007,145976,216983,10393,34838,45231
2021-10-12,1935278,2374473,4309751,396754,439788,836542,391596,432260,823856,379089,425384,804473,289598,339554,629152,230519,298729,529248,166307,257910,424217,71021,146003,217024,10394,34845,45239
2021-10-13,1951658,2391759,4343417,411752,455466,867218,392022,432723,824745,379521,425843,805364,289948,339987,629935,230660,298904,529564,166325,257946,424271,71033,146027,217060,10397,34863,45260
2021-10-14,1964476,2404535,4369011,421327,464781,886108,393650,434371,828021,380366,426712,807078,290453,340578,631031,230851,299123,529974,166380,258024,424404,71048,146072,217120,10401,34874,45275
2021-10-15,1977345,2416967,4394312,428770,471477,900247,396840,437372,834212,381681,428076,809757,291077,341397,632474,231065,299500,530565,166445,258140,424585,71064,146116,217180,10403,34889,45292
2021-10-16,1986058,2425842,4411900,435113,477721,912834,398134,438689,836823,382303,428807,811110,291380,341742,633122,231179,299645,530824,166475,258201,424676,71071,146139,217210,10403,34898,45301
2021-10-17,1989077,2429326,4418403,437181,479924,917105,398545,439214,837759,382564,429137,811701,291561,341988,633549,231254,299756,531010,166494,258246,424740,71074,146159,217233,10404,34902,45306
2021-10-18,2001199,2441030,4442229,446860,489340,936200,399534,440064,839598,383389,429840,813229,292037,342452,634489,231383,299949,531332,166513,258288,424801,71079,146182,217261,10404,34915,45319
2021-10-19,2010385,2449828,4460213,452618,494871,947489,401077,441402,842479,384409,430821,815230,292566,343000,635566,231674,300266,531940,166546,258344,424890,71090,146200,217290,10405,34924,45329
2021-10-20,2019155,2458241,4477396,459557,501572,961129,401908,442119,844027,384988,431354,816342,292849,343276,636125,231781,300380,532161,166567,258389,424956,71097,146221,217318,10408,34930,45338
2021-10-21,2029809,2469299,4499108,467972,510479,978451,402951,443014,845965,385567,431887,817454,293211,343637,636848,231973,300605,532578,166602,258453,425055,71123,146270,217393,10410,34954,45364
2021-10-22,2043445,2483681,4527126,478744,521634,1000378,404313,444383,848696,386243,432686,818929,293794,344278,638072,232161,300866,533027,166645,258547,425192,71135,146324,217459,10410,34963,45373
2021-10-23,2051946,2492282,4544228,486014,528994,1015008,404989,445043,850032,386500,432967,819467,293967,344440,638407,232250,300948,533198,166668,258581,425249,71145,146341,217486,10413,34968,45381
2021-10-24,2060852,2501153,4562005,494464,537361,1031825,405177,445241,850418,386625,433105,819730,294044,344520,638564,232296,301005,533301,166682,258602,425284,71149,146348,217497,10415,34971,45386
2021-10-25,2070612,2511245,4581857,502320,545079,1047399,406023,446106,852129,387213,433790,821003,294341,344930,639271,232409,301232,533641,166726,258721,425447,71162,146404,217566,10418,34983,45401
