FECHA,TotalM,TotalF,Total,<=30M,<=30F,<=30,31-40M,31-40F,31-40,41-50M,41-50F,41-50,51-60M,51-60F,51-60,61-70M,61-70F,61-70,71-80M,71-80F,71-80,81-90M,81-90F,81-90,>=91M,>=91F,>=91
2020-12-29,260,411,671,38,68,106,93,126,219,79,133,212,49,82,131,1,2,3,0,0,0,0,0,0,0,0,0
2020-12-30,560,893,1453,83,167,250,200,267,467,169,283,452,105,173,278,3,3,6,0,0,0,0,0,0,0,0,0
2020-12-31,597,937,1534,90,170,260,212,283,495,181,299,480,111,181,292,3,4,7,0,0,0,0,0,0,0,0,0
2021-01-01,597,937,1534,90,170,260,212,283,495,181,299,480,111,181,292,3,4,7,0,0,0,0,0,0,0,0,0
2021-01-02,737,1179,1916,104,198,302,266,378,644,228,365,593,135,233,368,4,5,9,0,0,0,0,0,0,0,0,0
2021-01-03,786,1278,2064,112,212,324,288,419,707,239,393,632,143,249,392,4,5,9,0,0,0,0,0,0,0,0,0
2021-01-04,1106,1802,2908,169,303,472,391,607,998,331,546,877,210,341,551,5,5,10,0,0,0,0,0,0,0,0,0
2021-01-05,1576,2532,4108,238,431,669,587,849,1436,450,764,1214,295,479,774,6,8,14,0,1,1,0,0,0,0,0,0
2021-01-06,2093,3306,5399,328,578,906,784,1084,1868,593,988,1581,381,646,1027,7,9,16,0,1,1,0,0,0,0,0,0
2021-01-07,2620,4200,6820,413,735,1148,964,1392,2356,742,1248,1990,494,815,1309,7,9,16,0,1,1,0,0,0,0,0,0
2021-01-08,3285,5377,8662,534,965,1499,1189,1794,2983,933,1586,2519,617,1019,1636,12,12,24,0,1,1,0,0,0,0,0,0
2021-01-09,3452,5649,9101,548,1005,1553,1259,1896,3155,985,1672,2657,648,1063,1711,12,12,24,0,1,1,0,0,0,0,0,0
2021-01-10,3660,6008,9668,581,1053,1634,1348,2048,3396,1038,1773,2811,679,1121,1800,14,12,26,0,1,1,0,0,0,0,0,0
2021-01-11,4317,7199,11516,692,1311,2003,1613,2449,4062,1212,2096,3308,784,1327,2111,16,15,31,0,1,1,0,0,0,0,0,0
2021-01-12,4906,8289,13195,787,1501,2288,1848,2838,4686,1362,2386,3748,892,1547,2439,17,16,33,0,1,1,0,0,0,0,0,0
2021-01-13,5371,9179,14550,866,1680,2546,2012,3161,5173,1490,2620,4110,985,1701,2686,18,16,34,0,1,1,0,0,0,0,0,0
2021-01-14,6169,10594,16763,1035,1959,2994,2304,3648,5952,1706,3014,4720,1106,1955,3061,18,17,35,0,1,1,0,0,0,0,0,0
2021-01-15,7361,12811,20172,1250,2409,3659,2769,4418,7187,2012,3626,5638,1312,2337,3649,18,20,38,0,1,1,0,0,0,0,0,0
2021-01-16,7836,13665,21501,1346,2562,3908,2945,4745,7690,2133,3868,6001,1394,2469,3863,18,20,38,0,1,1,0,0,0,0,0,0
2021-01-17,8121,14209,22330,1412,2655,4067,3058,4959,8017,2205,4021,6226,1428,2553,3981,18,20,38,0,1,1,0,0,0,0,0,0
2021-01-18,8309,14525,22834,1440,2709,4149,3119,5063,8182,2261,4124,6385,1471,2608,4079,18,20,38,0,1,1,0,0,0,0,0,0
2021-01-19,8593,14994,23587,1476,2776,4252,3200,5232,8432,2355,4269,6624,1542,2695,4237,20,21,41,0,1,1,0,0,0,0,0,0
2021-01-20,8884,15497,24381,1507,2871,4378,3309,5381,8690,2442,4427,6869,1606,2793,4399,20,24,44,0,1,1,0,0,0,0,0,0
2021-01-21,9013,15688,24701,1530,2901,4431,3353,5434,8787,2477,4492,6969,1628,2834,4462,25,25,50,0,2,2,0,0,0,0,0,0
2021-01-22,9051,15738,24789,1537,2911,4448,3368,5448,8816,2489,4509,6998,1630,2842,4472,26,26,52,1,2,3,0,0,0,0,0,0
2021-01-23,9169,15938,25107,1547,2932,4479,3413,5527,8940,2528,4569,7097,1653,2882,4535,27,26,53,1,2,3,0,0,0,0,0,0
2021-01-24,9213,16026,25239,1552,2941,4493,3433,5564,8997,2539,4595,7134,1661,2898,4559,27,26,53,1,2,3,0,0,0,0,0,0
2021-01-25,9495,16489,25984,1597,3020,4617,3517,5712,9229,2620,4739,7359,1731,2988,4719,29,28,57,1,2,3,0,0,0,0,0,0
2021-01-26,9882,17144,27026,1640,3125,4765,3665,5899,9564,2730,4958,7688,1812,3128,4940,34,32,66,1,2,3,0,0,0,0,0,0
2021-01-27,10332,17807,28139,1715,3241,4956,3835,6094,9929,2849,5153,8002,1894,3283,5177,38,34,72,1,2,3,0,0,0,0,0,0
2021-01-28,10792,18614,29406,1791,3386,5177,3987,6367,10354,2977,5378,8355,1997,3446,5443,39,35,74,1,2,3,0,0,0,0,0,0
2021-01-29,11426,19675,31101,1893,3574,5467,4229,6742,10971,3159,5685,8844,2101,3633,5734,43,39,82,1,2,3,0,0,0,0,0,0
2021-01-30,11578,19935,31513,1912,3613,5525,4288,6846,11134,3204,5762,8966,2130,3673,5803,43,39,82,1,2,3,0,0,0,0,0,0
2021-01-31,11696,20160,31856,1935,3646,5581,4330,6939,11269,3236,5822,9058,2150,3712,5862,44,39,83,1,2,3,0,0,0,0,0,0
2021-02-01,12243,21104,33347,2026,3821,5847,4555,7271,11826,3386,6077,9463,2230,3890,6120,45,43,88,1,2,3,0,0,0,0,0,0
2021-02-02,13426,23109,36535,2139,4065,6204,4844,7736,12580,3592,6517,10109,2456,4351,6807,351,407,758,38,31,69,5,2,7,1,0,1
2021-02-03,14694,25421,40115,2277,4392,6669,5168,8353,13521,3845,7063,10908,2703,4825,7528,618,725,1343,74,59,133,8,4,12,1,0,1
2021-02-04,15936,27748,43684,2436,4716,7152,5527,9018,14545,4137,7629,11766,2924,5307,8231,785,976,1761,113,95,208,12,7,19,2,0,2
2021-02-05,17847,31463,49310,2716,5294,8010,6147,10189,16336,4542,8538,13080,3282,6043,9325,976,1252,2228,165,137,302,17,10,27,2,0,2
2021-02-06,18289,32270,50559,2797,5412,8209,6283,10466,16749,4658,8768,13426,3368,6198,9566,998,1278,2276,166,138,304,17,10,27,2,0,2
2021-02-07,18642,32922,51564,2851,5502,8353,6396,10703,17099,4768,8960,13728,3426,6309,9735,1014,1299,2313,168,139,307,17,10,27,2,0,2
2021-02-08,19510,34517,54027,2979,5782,8761,6674,11206,17880,4979,9388,14367,3576,6580,10156,1103,1402,2505,179,149,328,18,10,28,2,0,2
2021-02-09,20503,36450,56953,3120,6124,9244,6978,11777,18755,5207,9850,15057,3757,6985,10742,1223,1548,2771,193,156,349,23,10,33,2,0,2
2021-02-10,21044,37480,58524,3203,6289,9492,7112,12103,19215,5352,10115,15467,3865,7190,11055,1282,1610,2892,202,163,365,26,10,36,2,0,2
2021-02-11,21497,38550,60047,3274,6470,9744,7256,12452,19708,5449,10386,15835,3936,7388,11324,1339,1673,3012,214,171,385,27,10,37,2,0,2
2021-02-12,22015,39512,61527,3348,6629,9977,7426,12788,20214,5567,10665,16232,4028,7527,11555,1387,1714,3101,227,179,406,30,10,40,2,0,2
2021-02-13,22043,39556,61599,3350,6637,9987,7437,12805,20242,5573,10674,16247,4036,7536,11572,1387,1715,3102,228,179,407,30,10,40,2,0,2
2021-02-14,22049,39581,61630,3352,6644,9996,7439,12813,20252,5573,10684,16257,4038,7536,11574,1387,1715,3102,228,179,407,30,10,40,2,0,2
2021-02-15,22049,39581,61630,3352,6644,9996,7439,12813,20252,5573,10684,16257,4038,7536,11574,1387,1715,3102,228,179,407,30,10,40,2,0,2
2021-02-16,22060,39617,61677,3353,6645,9998,7447,12831,20278,5575,10697,16272,4038,7539,11577,1387,1715,3102,228,180,408,30,10,40,2,0,2
2021-02-17,22864,41128,63992,3481,6874,10355,7697,13283,20980,5745,11131,16876,4184,7825,12009,1485,1821,3306,240,184,424,30,10,40,2,0,2
2021-02-18,24726,45026,69752,3700,7415,11115,8226,14334,22560,6127,12160,18287,4549,8610,13159,1754,2212,3966,319,279,598,49,16,65,2,0,2
2021-02-19,26408,48851,75259,3897,7951,11848,8678,15451,24129,6557,13146,19703,4858,9347,14205,1967,2548,4515,385,382,767,61,26,87,5,0,5
2021-02-20,26865,49640,76505,3942,8035,11977,8816,15724,24540,6670,13339,20009,4946,9498,14444,2020,2630,4650,404,388,792,62,26,88,5,0,5
2021-02-21,27193,50144,77337,3977,8100,12077,8909,15911,24820,6750,13470,20220,5025,9584,14609,2053,2660,4713,410,393,803,64,26,90,5,0,5
2021-02-22,30619,56389,87008,4172,8546,12718,9263,16775,26038,7020,14171,21191,5280,10131,15411,2365,2974,5339,805,927,1732,1541,2439,3980,173,426,599
2021-02-23,34588,63778,98366,4423,9075,13498,9708,17872,27580,7447,15174,22621,5643,10931,16574,2843,3587,6430,1161,1421,2582,3012,4857,7869,351,861,1212
2021-02-24,38642,71387,110029,4680,9539,14219,10260,18925,29185,7894,16140,24034,5971,11683,17654,3228,4093,7321,1561,2038,3599,4533,7605,12138,515,1364,1879
2021-02-25,42685,78933,121618,4915,10071,14986,10785,20017,30802,8389,17037,25426,6343,12470,18813,3574,4586,8160,1896,2611,4507,6064,10267,16331,719,1874,2593
2021-02-26,46598,86808,133406,5166,10634,15800,11331,21136,32467,8769,17992,26761,6739,13328,20067,3928,5092,9020,2255,3141,5396,7503,13044,20547,907,2441,3348
2021-02-27,47124,87917,135041,5206,10708,15914,11430,21265,32695,8857,18114,26971,6799,13435,20234,3984,5195,9179,2320,3270,5590,7606,13356,20962,922,2574,3496
2021-02-28,47279,88270,135549,5221,10725,15946,11460,21323,32783,8874,18149,27023,6812,13452,20264,4019,5228,9247,2335,3308,5643,7631,13449,21080,927,2636,3563
2021-03-01,50365,94354,144719,5332,10959,16291,11723,21852,33575,9098,18548,27646,6977,13835,20812,4212,5478,9690,2693,3868,6561,9203,16644,25847,1127,3170,4297
2021-03-02,53404,100244,153648,5458,11260,16718,11954,22357,34311,9272,18976,28248,7133,14182,21315,4399,5791,10190,3064,4440,7504,10788,19558,30346,1336,3680,5016
2021-03-03,56288,106077,162365,5591,11518,17109,12205,22952,35157,9493,19472,28965,7292,14570,21862,4537,6027,10564,3369,4959,8328,12250,22354,34604,1551,4225,5776
2021-03-04,57574,108956,166530,5714,11838,17552,12438,23508,35946,9683,19892,29575,7432,14902,22334,4657,6254,10911,3487,5163,8650,12580,23033,35613,1583,4366,5949
2021-03-05,58693,111564,170257,5809,12084,17893,12686,24086,36772,9880,20440,30320,7597,15304,22901,4777,6471,11248,3562,5306,8868,12766,23424,36190,1616,4449,6065
2021-03-06,59352,113899,173251,5849,12323,18172,12861,24613,37474,10015,20950,30965,7699,15732,23431,4805,6527,11332,3628,5451,9079,12856,23732,36588,1639,4571,6210
2021-03-07,60000,115966,175966,5884,12514,18398,13007,25103,38110,10162,21406,31568,7821,16093,23914,4840,6571,11411,3696,5583,9279,12931,23983,36914,1659,4713,6372
2021-03-08,61458,119300,180758,5976,12769,18745,13192,25548,38740,10297,21795,32092,7959,16443,24402,4971,6845,11816,3875,5891,9766,13457,24994,38451,1731,5015,6746
2021-03-09,65223,126150,191373,6133,13075,19208,13526,26235,39761,10569,22327,32896,8211,16946,25157,5242,7200,12442,4294,6561,10855,15291,28122,43413,1957,5684,7641
2021-03-10,69274,134878,204152,6346,13594,19940,13916,27359,41275,10906,23437,34343,8558,17941,26499,5466,7534,13000,4700,7207,11907,17177,31447,48624,2205,6359,8564
2021-03-11,74461,147210,221671,6756,14509,21265,14661,29394,44055,11470,25623,37093,9083,19565,28648,5833,8071,13904,5144,7946,13090,19099,35102,54201,2415,7000,9415
2021-03-12,78281,157530,235811,7188,15561,22749,15498,31925,47423,12152,28152,40304,9663,21427,31090,6125,8531,14656,5375,8274,13649,19759,36386,56145,2521,7274,9795
2021-03-13,79781,162639,242420,7382,16346,23728,15920,33430,49350,12531,29554,42085,9962,22390,32352,6215,8660,14875,5405,8354,13759,19828,36562,56390,2538,7343,9881
2021-03-14,80825,166594,247419,7479,16859,24338,16225,34534,50759,12823,30778,43601,10204,23326,33530,6295,8793,15088,5430,8394,13824,19831,36567,56398,2538,7343,9881
2021-03-15,83807,175581,259388,7740,17887,25627,16874,36748,53622,13378,32947,46325,10709,25018,35727,6580,9315,15895,5643,8722,14365,20277,37469,57746,2606,7475,10081
2021-03-16,87739,185046,272785,8007,18732,26739,17487,38531,56018,13942,34669,48611,11172,26447,37619,6914,9915,16829,6020,9295,15315,21481,39668,61149,2716,7789,10505
2021-03-17,91922,194305,286227,8302,19413,27715,18110,40237,58347,14521,36287,50808,11620,27672,39292,7306,10622,17928,6444,9972,16416,22758,41980,64738,2861,8122,10983
2021-03-18,96311,204192,300503,8641,20317,28958,18858,42174,61032,15206,38064,53270,12202,29112,41314,7632,11214,18846,6885,10666,17551,23886,44137,68023,3001,8508,11509
2021-03-19,100485,214129,314614,8999,21319,30318,19642,44247,63889,15983,39939,55922,12834,30614,43448,7886,11602,19488,7189,11177,18366,24799,46187,70986,3153,9044,12197
2021-03-20,102672,219074,321746,9069,21541,30610,19850,44723,64573,16174,40404,56578,13031,31085,44116,8344,12679,21023,7574,11801,19375,25379,47487,72866,3251,9354,12605
2021-03-21,104347,222541,326888,9093,21604,30697,19921,44857,64778,16217,40485,56702,13126,31280,44406,8981,14099,23080,7994,12489,20483,25710,48196,73906,3305,9531,12836
2021-03-22,106442,227035,333477,9260,21903,31163,20235,45551,65786,16462,41064,57526,13358,31924,45282,9558,15547,25105,8463,13174,21637,25788,48315,74103,3318,9557,12875
2021-03-23,109473,234014,343487,9381,22175,31556,20499,46138,66637,16680,41600,58280,13565,32385,45950,9967,16418,26385,8918,13917,22835,26944,51036,77980,3519,10345,13864
2021-03-24,111333,238147,349480,9387,22192,31579,20511,46166,66677,16690,41627,58317,13603,32447,46050,10205,16984,27189,9261,14575,23836,28000,53307,81307,3676,10849,14525
2021-03-25,113449,242458,355907,9518,22492,32010,20774,46731,67505,16936,42068,59004,13766,32770,46536,10300,17140,27440,9567,15036,24603,28791,54965,83756,3797,11256,15053
2021-03-26,114565,245106,359671,9555,22589,32144,20883,46930,67813,17015,42244,59259,13855,32911,46766,10423,17526,27949,9749,15431,25180,29206,55897,85103,3879,11578,15457
2021-03-27,115303,246970,362273,9557,22595,32152,20888,46945,67833,17018,42257,59275,13860,32933,46793,10440,17566,28006,9900,15761,25661,29692,56979,86671,3948,11934,15882
2021-03-28,116013,248856,364869,9559,22599,32158,20891,46952,67843,17019,42267,59286,13868,32946,46814,10470,17606,28076,10042,16020,26062,30125,58123,88248,4039,12343,16382
2021-03-29,118322,254722,373044,9760,23130,32890,21313,48052,69365,17368,43171,60539,14150,33692,47842,10621,17894,28515,10282,16419,26701,30678,59531,90209,4150,12833,16983
2021-03-30,121480,261977,383457,9882,23428,33310,21558,48713,70271,17598,43709,61307,15205,36072,51277,11389,19142,30531,10652,17115,27767,30983,60577,91560,4213,13221,17434
2021-03-31,125652,270506,396158,10114,23957,34071,22054,49956,72010,18031,44792,62823,15442,36573,52015,11552,19363,30915,12699,20288,32987,31446,61876,93322,4314,13701,18015
2021-04-01,130186,278097,408283,10138,23986,34124,22082,50041,72123,18572,45827,64399,15831,37327,53158,11620,19565,31185,15767,24644,40411,31796,62739,94535,4380,13968,18348
2021-04-02,134602,285316,419918,10139,23989,34128,22084,50048,72132,19484,47561,67045,15839,37342,53181,11635,19591,31226,18934,29295,48229,32069,63351,95420,4418,14139,18557
2021-04-03,138356,291401,429757,10140,23997,34137,22091,50052,72143,19491,47568,67059,15847,37349,53196,11644,19602,31246,22515,34937,57452,32176,63643,95819,4452,14253,18705
2021-04-04,139461,293149,432610,10140,23997,34137,22092,50053,72145,19492,47575,67067,15851,37353,53204,11662,19618,31280,23586,36629,60215,32181,63660,95841,4457,14264,18721
2021-04-05,145545,302971,448516,10227,24128,34355,22168,50255,72423,19571,47789,67360,15932,37551,53483,11799,19814,31613,29049,45150,74199,32310,63924,96234,4489,14360,18849
2021-04-06,152392,314008,466400,10333,24278,34611,22293,50485,72778,19641,47942,67583,15995,37675,53670,11912,19999,31911,35158,54704,89862,32527,64412,96939,4533,14513,19046
2021-04-07,159956,325935,485891,10425,24399,34824,22418,50752,73170,19715,48116,67831,16075,37818,53893,12565,20813,33378,41291,64206,105497,32871,65141,98012,4596,14690,19286
2021-04-08,168446,338051,506497,10589,24564,35153,22628,51025,73653,19818,48275,68093,16160,37991,54151,14094,23048,37142,47512,73018,120530,33025,65361,98386,4620,14769,19389
2021-04-09,175801,349346,525147,10717,24814,35531,22852,51413,74265,19943,48534,68477,16250,38178,54428,15437,24906,40343,52779,80896,133675,33172,65696,98868,4651,14909,19560
2021-04-10,178910,354116,533026,10766,24923,35689,22916,51565,74481,20020,48655,68675,16304,38301,54605,16094,25914,42008,54926,84069,138995,33226,65750,98976,4658,14939,19597
2021-04-11,181824,358741,540565,10814,25031,35845,23013,51748,74761,20073,48818,68891,16369,38468,54837,16693,26825,43518,56945,87069,144014,33255,65812,99067,4662,14970,19632
2021-04-12,189943,371280,561223,10945,25274,36219,23194,52101,75295,20189,49045,69234,16478,38666,55144,18306,29133,47439,62800,95997,158797,33345,66012,99357,4686,15052,19738
2021-04-13,197624,383071,580695,11151,25464,36615,23427,52438,75865,20407,49281,69688,16672,39037,55709,20273,32551,52824,67520,102877,170397,33468,66274,99742,4706,15149,19855
2021-04-14,204229,392880,597109,11384,25540,36924,23609,52604,76213,20563,49467,70030,16739,39105,55844,21090,33578,54668,71359,108811,180170,34638,68227,102865,4847,15548,20395
2021-04-15,207515,398598,606113,11521,25587,37108,23710,52645,76355,20643,49491,70134,16781,39153,55934,22384,36395,58779,72889,111302,184191,34721,68422,103143,4866,15603,20469
2021-04-16,211321,404342,615663,11621,25620,37241,23758,52672,76430,20685,49515,70200,16797,39171,55968,23016,37234,60250,75474,115152,190626,35041,69181,104222,4929,15797,20726
2021-04-17,211639,404830,616469,11637,25634,37271,23783,52689,76472,20722,49548,70270,16834,39202,56036,23059,37274,60333,75614,115424,191038,35059,69238,104297,4931,15821,20752
2021-04-18,211787,404992,616779,11653,25640,37293,23805,52705,76510,20752,49581,70333,16877,39231,56108,23068,37291,60359,75629,115441,191070,35068,69267,104335,4935,15836,20771
2021-04-19,215836,411360,627196,11812,25670,37482,23869,52721,76590,20802,49596,70398,16892,39243,56135,23561,37970,61531,78436,119839,198275,35464,70247,105711,5000,16074,21074
2021-04-20,222007,421957,643964,11975,25733,37708,23950,52791,76741,20869,49682,70551,17345,40304,57649,26579,42905,69484,80042,122284,202326,36049,71587,107636,5198,16671,21869
2021-04-21,230425,434058,664483,12059,25779,37838,24001,52837,76838,20916,49729,70645,17430,40520,57950,34338,53844,88182,80374,122908,203282,36096,71714,107810,5211,16727,21938
2021-04-22,240497,448002,688499,12106,25825,37931,24040,52884,76924,20948,49781,70729,17472,40589,58061,43800,66825,110625,80746,123500,204246,36165,71838,108003,5220,16760,21980
2021-04-23,250702,461210,711912,12132,25872,38004,24088,52940,77028,21000,49856,70856,17542,40665,58207,53533,79178,132711,80964,123891,204855,36215,71980,108195,5228,16828,22056
2021-04-24,253618,464728,718346,12137,25881,38018,24093,52948,77041,21015,49872,70887,17560,40687,58247,56152,82370,138522,81179,124079,205258,36244,72043,108287,5238,16848,22086
2021-04-25,253699,464852,718551,12139,25883,38022,24097,52951,77048,21020,49884,70904,17569,40694,58263,56209,82449,138658,81181,124088,205269,36244,72051,108295,5240,16852,22092
2021-04-26,255206,467237,722443,12153,25888,38041,24109,52965,77074,21029,49894,70923,17575,40710,58285,57526,84465,141991,81309,124310,205619,36259,72127,108386,5246,16878,22124
2021-04-27,256595,470103,726698,12229,25960,38189,24158,53057,77215,21073,49961,71034,17610,40768,58378,58429,86138,144567,81540,125034,206574,36304,72270,108574,5252,16915,22167
2021-04-28,263668,486159,749827,12954,27796,40750,25710,57372,83082,22361,53816,76177,18626,43727,62353,60677,88775,149452,81744,125356,207100,36338,72366,108704,5258,16951,22209
2021-04-29,270211,499333,769544,13407,29119,42526,26788,60572,87360,23395,56815,80210,19490,46093,65583,63416,91453,154869,82041,125732,207773,36396,72532,108928,5278,17017,22295
2021-04-30,271541,501326,772867,13478,29245,42723,26884,60749,87633,23444,56912,80356,19523,46168,65691,64249,92567,156816,82242,126013,208255,36432,72613,109045,5289,17059,22348
2021-05-01,272080,502406,774486,13491,29277,42768,26944,60854,87798,23467,56973,80440,19546,46211,65757,64560,93160,157720,82333,126171,208504,36448,72672,109120,5291,17088,22379
2021-05-02,276386,512257,788643,13799,30219,44018,27760,63027,90787,24280,59049,83329,20187,47837,68024,65053,94211,159264,83524,128014,211538,36486,72771,109257,5297,17129,22426
2021-05-03,284598,523814,808412,13855,30324,44179,27863,63192,91055,24333,59138,83471,21010,48999,70009,69946,100710,170656,85709,131306,217015,36568,72956,109524,5314,17189,22503
2021-05-04,296169,538107,834276,13948,30449,44397,27960,63370,91330,24381,59237,83618,22989,51470,74459,78977,111696,190673,85976,131621,217597,36611,73034,109645,5327,17230,22557
2021-05-05,306829,553456,860285,14070,30638,44708,28173,63562,91735,24611,59375,83986,23565,52141,75706,82092,116326,198418,92075,140373,232448,36878,73660,110538,5365,17381,22746
2021-05-06,310453,558825,869278,14180,30738,44918,28328,63679,92007,24811,59431,84242,23988,52568,76556,83749,119058,202807,93066,142159,235225,36946,73774,110720,5385,17418,22803
2021-05-07,318426,571943,890369,14316,31026,45342,28556,64199,92755,25008,59817,84825,24246,53077,77323,85134,121873,207007,98696,150440,249136,37061,74005,111066,5409,17506,22915
2021-05-08,320821,587258,908079,14499,32642,47141,29027,67703,96730,25514,64425,89939,24811,56718,81529,85711,123663,209374,98765,150534,249299,37075,74045,111120,5419,17528,22947
2021-05-09,320959,587484,908443,14499,32642,47141,29027,67703,96730,25515,64425,89940,24833,56730,81563,85782,123743,209525,98779,150556,249335,37097,74110,111207,5427,17575,23002
2021-05-10,321792,590002,911794,14525,32684,47209,29058,67757,96815,25543,64469,90012,24982,56982,81964,86101,125163,211264,98977,151018,249995,37163,74280,111443,5443,17649,23092
2021-05-11,325087,593940,919027,14546,32720,47266,29089,67819,96908,25576,64525,90101,25612,57728,83340,88498,127851,216349,99109,151205,250314,37200,74385,111585,5457,17707,23164
2021-05-12,328659,598362,927021,14582,32755,47337,29136,67881,97017,25620,64588,90208,26295,58524,84819,90988,130648,221636,99279,151581,250860,37286,74589,111875,5473,17796,23269
2021-05-13,331563,603780,935343,14639,32863,47502,29232,68118,97350,25700,64750,90450,26476,58841,85317,91876,132363,224239,100775,154104,254879,37374,74840,112214,5491,17901,23392
2021-05-14,332902,606856,939758,14694,32963,47657,29325,68310,97635,25775,64887,90662,26645,59080,85725,92464,133838,226302,101062,154766,255828,37428,75022,112450,5509,17990,23499
2021-05-15,339320,612034,951354,14714,33006,47720,29365,68378,97743,25807,64936,90743,27842,60286,88128,97458,137299,234757,101158,154940,256098,37458,75145,112603,5518,18044,23562
2021-05-16,340193,614345,954538,14772,33198,47970,29573,69079,98652,26060,65646,91706,28019,60687,88706,97587,137455,235042,101183,154983,256166,37471,75220,112691,5528,18077,23605
2021-05-17,344476,618689,963165,14825,33289,48114,29746,69501,99247,26167,65937,92104,28859,61468,90327,100407,139656,240063,101415,155367,256782,37513,75334,112847,5544,18137,23681
2021-05-18,349048,622605,971653,14854,33342,48196,29809,69578,99387,26230,66019,92249,29723,62314,92037,103823,142172,245995,101515,155566,257081,37541,75430,112971,5553,18184,23737
2021-05-19,352507,625962,978469,14895,33443,48338,29920,69794,99714,26276,66138,92414,30356,62954,93310,106269,143990,250259,101652,155895,257547,37576,75523,113099,5563,18225,23788
2021-05-20,363085,637926,1001011,14967,33590,48557,30071,70035,100106,26364,66319,92683,33282,66269,99551,112861,150495,263356,102228,156922,259150,37724,75963,113687,5588,18333,23921
2021-05-21,365236,642323,1007559,15072,33851,48923,30260,70584,100844,26472,66719,93191,33379,66616,99995,113311,151328,264639,103347,158716,262063,37799,76122,113921,5596,18387,23983
2021-05-22,366762,644452,1011214,15125,33927,49052,30303,70647,100950,26495,66782,93277,33587,66877,100464,114279,152561,266840,103542,159058,262600,37830,76192,114022,5601,18408,24009
2021-05-23,369138,646815,1015953,15150,33973,49123,30329,70714,101043,26520,66823,93343,34594,67967,102561,115465,153444,268909,103622,159212,262834,37850,76257,114107,5608,18425,24033
2021-05-24,369832,648391,1018223,15187,34055,49242,30395,70847,101242,26559,66925,93484,34818,68207,103025,115737,154326,270063,103673,159316,262989,37855,76282,114137,5608,18433,24041
2021-05-25,374449,656889,1031338,15199,34078,49277,30402,70863,101265,26562,66943,93505,34997,68379,103376,116015,155068,271083,104152,160153,264305,41108,81995,123103,6014,19410,25424
2021-05-26,376733,660307,1037040,15233,34127,49360,30447,70945,101392,26599,67015,93614,36070,69345,105415,116215,155405,271620,104321,160469,264790,41730,83313,125043,6118,19688,25806
2021-05-27,386094,675359,1061453,15295,34245,49540,30544,71109,101653,26693,67178,93871,38753,71802,110555,116501,155614,272115,105014,161665,266679,46580,92444,139024,6714,21302,28016
2021-05-28,396629,690258,1086887,15403,34402,49805,30719,71353,102072,26986,67449,94435,44545,78578,123123,116732,155855,272587,105537,162484,268021,49612,97818,147430,7095,22319,29414
2021-05-29,405605,698615,1104220,15407,34410,49817,30730,71365,102095,27617,67923,95540,52309,85508,137817,116923,156086,273009,105615,162614,268229,49875,98314,148189,7129,22395,29524
2021-05-30,413922,706181,1120103,15414,34421,49835,30738,71375,102113,29394,69466,98860,58690,91345,150035,117007,156164,273171,105638,162642,268280,49906,98362,148268,7135,22406,29541
2021-05-31,425483,721573,1147056,15511,34599,50110,30903,71661,102564,35749,75526,111275,62094,96867,158961,117620,157036,274656,105826,163009,268835,50545,100078,150623,7235,22797,30032
2021-06-01,436611,734184,1170795,15706,34855,50561,31504,72079,103583,42812,82903,125715,64283,99390,163673,117737,157209,274946,105988,163287,269275,51281,101376,152657,7300,23085,30385
2021-06-02,445677,747064,1192741,16324,35509,51833,33209,74680,107889,46828,88193,135021,66310,101989,168299,117903,157442,275345,106118,163504,269622,51614,102337,153951,7371,23410,30781
2021-06-03,458350,766569,1224919,19344,40545,59889,38441,82646,121087,50093,92598,142691,66889,102837,169726,118060,157657,275717,106209,163698,269907,51892,102980,154872,7422,23608,31030
2021-06-04,471589,782856,1254445,22311,44134,66445,43213,87392,130605,53047,96815,149862,67906,104231,172137,119114,158827,277941,106512,164229,270741,52028,103471,155499,7458,23757,31215
2021-06-05,482521,793148,1275669,24984,46517,71501,48003,91337,139340,54892,98552,153444,68588,104931,173519,119769,159566,279335,106660,164514,271174,52135,103835,155970,7490,23896,31386
2021-06-06,490928,802956,1293884,28027,50549,78576,51799,95433,147232,55813,99284,155097,69012,105308,174320,119845,159649,279494,106717,164646,271363,52203,104046,156249,7512,24041,31553
2021-06-07,504577,817132,1321709,31113,53908,85021,55105,98183,153288,59109,102426,161535,72347,109202,181549,120227,160051,280278,106841,164868,271709,52290,104311,156601,7545,24183,31728
2021-06-08,517226,834173,1351399,32122,55397,87519,56465,100225,156690,60585,104480,165065,80430,119139,199569,120375,160249,280624,107034,165199,272233,52613,105033,157646,7602,24451,32053
2021-06-09,529822,847322,1377144,32459,55734,88193,57116,100899,158015,61290,105039,166329,91138,130244,221382,120469,160379,280848,107089,165286,272375,52645,105180,157825,7616,24561,32177
2021-06-10,544107,862290,1406397,33225,56599,89824,58171,102112,160283,63209,107048,170257,101242,140341,241583,120761,160753,281514,107176,165445,272621,52688,105342,158030,7635,24650,32285
2021-06-11,553877,878131,1432008,33424,56836,90260,58640,102419,161059,63959,107711,171670,102625,141838,244463,120897,160996,281893,108105,166902,275007,58050,115189,173239,8177,26240,34417
2021-06-12,560210,885991,1446201,33862,57430,91292,59252,103217,162469,65312,109265,174577,105712,144866,250578,120945,161079,282024,108250,167197,275447,58620,116373,174993,8257,26564,34821
2021-06-13,564322,890391,1454713,34064,57685,91749,59535,103547,163082,66220,110228,176448,108349,147590,255939,120982,161119,282101,108262,167216,275478,58647,116433,175080,8263,26573,34836
2021-06-14,570425,897089,1467514,34812,58539,93351,60567,104617,165184,67572,111578,179150,111009,150413,261422,121030,161187,282217,108303,167312,275615,58845,116776,175621,8287,26667,34954
2021-06-15,584393,910767,1495160,34933,58719,93652,60772,104903,165675,68008,112033,180041,123554,162034,285588,121248,161411,282659,108447,167622,276069,59105,117259,176364,8326,26786,35112
2021-06-16,592004,921032,1513036,35357,59352,94709,61608,105960,167568,69799,114145,183944,125606,164277,289883,121410,161628,283038,110342,170385,280727,59483,118182,177665,8399,27103,35502
2021-06-17,603572,935330,1538902,35554,59639,95193,62048,106402,168450,72783,117374,190157,129798,168581,298379,121939,162312,284251,113096,174449,287545,59876,119138,179014,8478,27435,35913
2021-06-18,618032,950557,1568589,36220,60469,96689,63116,107525,170641,81209,125401,206610,133014,171874,304888,122342,162858,285200,113587,175246,288833,60037,119578,179615,8507,27606,36113
2021-06-19,628669,962136,1590805,36436,60770,97206,63263,107774,171037,89515,133847,223362,134479,173310,307789,122594,163142,285736,113691,175462,289153,60152,119997,180149,8539,27834,36373
2021-06-20,628675,962141,1590816,36436,60772,97208,63266,107774,171040,89516,133849,223365,134480,173310,307790,122594,163143,285737,113692,175462,289154,60152,119997,180149,8539,27834,36373
2021-06-21,634708,968268,1602976,36462,60795,97257,63306,107831,171137,94578,138859,233437,135135,173935,309070,122751,163333,286084,113760,175557,289317,60171,120087,180258,8545,27871,36416
2021-06-22,639818,973478,1613296,36619,61053,97672,63521,108118,171639,96931,141078,238009,136868,175444,312312,123196,163816,287012,113907,175769,289676,60213,120247,180460,8563,27953,36516
2021-06-23,649427,983103,1632530,36761,61294,98055,63711,108482,172193,104824,148640,253464,137975,176370,314345,123337,164039,287376,113974,175887,289861,60268,120378,180646,8577,28013,36590
2021-06-24,664851,1002575,1667426,36968,61704,98672,64355,112657,177012,117919,161663,279582,139056,177558,316614,123569,164354,287923,114102,176102,290204,60300,120485,180785,8582,28052,36634
2021-06-25,677770,1021384,1699154,37372,62892,100264,65076,115700,180776,122758,166602,289360,140027,178677,318704,128148,170575,298723,115279,177753,293032,60492,120991,181483,8618,28194,36812
2021-06-26,687101,1033427,1720528,37410,62934,100344,65116,115753,180869,123603,167441,291044,140593,179378,319971,135009,179322,314331,116073,178971,295044,60651,121333,181984,8646,28295,36941
2021-06-27,695270,1042456,1737726,37475,63043,100518,65195,115895,181090,127131,171043,298174,143381,182198,325579,136063,180560,316623,116623,179800,296423,60738,121574,182312,8664,28343,37007
2021-06-28,712578,1062211,1774789,38174,64715,102889,65808,118315,184123,140974,183960,324934,144640,183485,328125,136761,181578,318339,116768,180059,296827,60778,121683,182461,8675,28416,37091
2021-06-29,730861,1080902,1811763,38376,65072,103448,66271,119139,185410,156753,198888,355641,145397,184275,329672,137475,182629,320104,117012,180482,297494,60888,121918,182806,8689,28499,37188
2021-06-30,750471,1100243,1850714,38538,65281,103819,71436,124052,195488,169033,210560,379593,146077,184936,331013,138646,184160,322806,117117,180675,297792,60925,122014,182939,8699,28565,37264
2021-07-01,763258,1113683,1876941,38652,65506,104158,76259,128823,205082,174591,215809,390400,147038,185998,333036,139455,185263,324718,117474,181252,298726,61064,122342,183406,8725,28690,37415
2021-07-02,773137,1132010,1905147,39240,66705,105945,78613,132592,211205,176116,217551,393667,147393,186525,333918,140285,186652,326937,118123,182456,300579,64167,129223,193390,9200,30306,39506
2021-07-03,784084,1144343,1928427,39264,66748,106012,84669,137923,222592,178671,220283,398954,147895,187102,334997,140700,187195,327895,118461,183085,301546,65096,131201,196297,9328,30806,40134
2021-07-04,794529,1154694,1949223,39779,67595,107374,93868,146380,240248,179079,220754,399833,148029,187227,335256,140791,187327,328118,118520,183166,301686,65124,131355,196479,9339,30890,40229
2021-07-05,799599,1160219,1959818,40048,68003,108051,97400,149394,246794,179329,221040,400369,148167,187361,335528,141110,187789,328899,118758,183578,302336,65405,131969,197374,9382,31085,40467
2021-07-06,812632,1172417,1985049,40477,68673,109150,109027,159250,268277,179604,221368,400972,148359,187607,335966,141292,188004,329296,118862,183798,302660,65593,132464,198057,9418,31253,40671
2021-07-07,818322,1178741,1997063,40643,68832,109475,112982,162838,275820,180284,222301,402585,148616,188012,336628,141441,188226,329667,119014,184110,303124,65877,133013,198890,9465,31409,40874
2021-07-08,837176,1195059,2032235,41016,69365,110381,128038,175155,303193,182578,224372,406950,149332,188746,338078,141724,188586,330310,119085,184237,303322,65923,133147,199070,9480,31451,40931
2021-07-09,850040,1208102,2058142,41692,70091,111783,136731,183395,320126,184798,226573,411371,150173,189584,339757,141993,189002,330995,119224,184760,303984,65945,133225,199170,9484,31472,40956
2021-07-10,860836,1219576,2080412,43152,71855,115007,144696,191225,335921,185181,227005,412186,150354,189816,340170,142457,189552,332009,119479,185183,304662,66022,133418,199440,9495,31522,41017
2021-07-11,862991,1223237,2086228,43411,72218,115629,145764,192515,338279,185342,227387,412729,150426,190017,340443,142481,189592,332073,119591,185389,304980,66428,134381,200809,9548,31738,41286
2021-07-12,880970,1239245,2120215,46464,75167,121631,159748,204269,364017,185786,227922,413708,150658,190293,340951,142589,189764,332353,119651,185516,305167,66509,134528,201037,9565,31786,41351
2021-07-13,891302,1248037,2139339,48249,76804,125053,167104,210264,377368,186543,228559,415102,150932,190571,341503,142689,189869,332558,119691,185581,305272,66523,134573,201096,9571,31816,41387
2021-07-14,894790,1251359,2146149,48885,77528,126413,169390,212172,381562,186852,228927,415779,151095,190738,341833,142745,189932,332677,119708,185628,305336,66538,134600,201138,9577,31834,41411
2021-07-15,908804,1271039,2179843,49310,78242,127552,170678,214546,385224,193734,235992,429726,152300,193102,345402,143460,191075,334535,122278,189409,311687,67344,136378,203722,9700,32295,41995
2021-07-16,922669,1290804,2213473,49656,78667,128323,171702,217540,389242,201012,244055,445067,152798,193780,346578,143612,191273,334885,126366,195463,321829,67752,137447,205199,9771,32579,42350
2021-07-17,934880,1304264,2239144,51067,80414,131481,176839,222939,399778,205272,248535,453807,153580,194631,348211,143860,191536,335396,126660,195967,322627,67816,137618,205434,9786,32624,42410
2021-07-18,946098,1316240,2262338,54068,84203,138271,179745,225577,405322,208890,252153,461043,155020,196089,351109,144027,191772,335799,126724,196105,322829,67835,137696,205531,9789,32645,42434
2021-07-19,962749,1334219,2296968,56760,87507,144267,181212,228145,409357,219742,262169,481911,156124,197190,353314,144228,191999,336227,126856,196320,323176,67990,138125,206115,9837,32764,42601
2021-07-20,981258,1353908,2335166,64209,96000,160209,183746,231044,414790,227094,268907,496001,156847,197960,354807,144420,192236,336656,127012,196619,323631,68075,138318,206393,9855,32824,42679
2021-07-21,999881,1372775,2372656,78171,110055,188226,187069,234359,421428,227783,269627,497410,157182,198283,355465,144576,192388,336964,127139,196846,323985,68099,138369,206468,9862,32848,42710
2021-07-22,1018922,1390242,2409164,91173,121698,212871,191158,237964,429122,228958,270791,499749,157685,198895,356580,144740,192621,337361,127209,196941,324150,68128,138447,206575,9871,32885,42756
2021-07-23,1034447,1407824,2442271,97133,128832,225965,193966,240860,434826,234617,276842,511459,158471,199842,358313,144939,192922,337861,127288,197073,324361,68159,138533,206692,9874,32920,42794
2021-07-24,1048711,1422451,2471162,97872,129808,227680,194458,241316,435774,240285,282306,522591,165402,206928,372330,145196,193239,338435,127382,197194,324576,68236,138690,206926,9880,32970,42850
2021-07-25,1060316,1436300,2496616,104778,138903,243681,197387,244085,441472,241186,283339,524525,166023,207550,373573,145391,193446,338837,127416,197251,324667,68251,138730,206981,9884,32996,42880
2021-07-26,1077898,1458173,2536071,110327,145909,256236,201823,249782,451605,245775,288746,534521,168445,210289,378734,145761,193958,339719,127562,197562,325124,68313,138878,207191,9892,33049,42941
2021-07-27,1093163,1477017,2570180,117416,154200,271616,204807,253625,458432,248585,292362,540947,169688,211770,381458,146563,194857,341420,127796,197964,325760,68397,139123,207520,9911,33116,43027
2021-07-28,1110962,1497498,2608460,132697,171365,304062,206088,255114,461202,249315,293393,542708,170005,212239,382244,146692,195032,341724,127830,198047,325877,68415,139170,207585,9920,33138,43058
2021-07-29,1129985,1515738,2645723,147893,185618,333511,208102,256997,465099,250386,294624,545010,170490,212767,383257,146860,195211,342071,127895,198124,326019,68432,139222,207654,9927,33175,43102
2021-07-30,1146589,1532132,2678721,153693,190962,344655,214170,262883,477053,253748,298091,551839,171534,213936,385470,147091,195496,342587,127956,198268,326224,68466,139279,207745,9931,33217,43148
2021-07-31,1161084,1543367,2704451,155319,192685,348004,221857,269519,491376,258028,300113,558141,172164,214430,386594,147288,195687,342975,128005,198346,326351,68486,139340,207826,9937,33247,43184
2021-08-01,1167453,1551150,2718603,156748,194585,351333,224685,273019,497704,259409,301546,560955,172644,214977,387621,147473,195921,343394,128052,198441,326493,68502,139390,207892,9940,33271,43211
2021-08-02,1186098,1569261,2755359,159712,197931,357643,235843,282901,518744,262993,305263,568256,173331,215730,389061,147646,196153,343799,128109,198545,326654,68518,139447,207965,9946,33291,43237
2021-08-03,1202562,1584638,2787200,167775,205270,373045,238817,285595,524412,265575,307455,573030,175809,218435,394244,147936,196429,344365,128164,198635,326799,68533,139504,208037,9953,33315,43268
2021-08-04,1215532,1599893,2815425,169762,207826,377588,241562,288458,530020,267192,309467,576659,182153,225861,408014,148122,196665,344787,128232,198732,326964,68553,139551,208104,9956,33333,43289
2021-08-05,1224701,1608845,2833546,173471,211311,384782,245168,291853,537021,268461,310755,579216,182576,226357,408933,148246,196819,345065,128259,198818,327077,68563,139581,208144,9957,33351,43308
2021-08-06,1229158,1614220,2843378,174141,212097,386238,246034,292639,538673,268829,311104,579933,182784,226605,409389,149360,198292,347652,129459,200479,329938,68590,139637,208227,9961,33367,43328
2021-08-07,1239428,1628683,2868111,175237,213002,388239,246100,292709,538809,268880,311172,580052,182844,226667,409511,150665,200176,350841,137047,211730,348777,68679,139814,208493,9976,33413,43389
2021-08-08,1248534,1641662,2890196,175245,213019,388264,246114,292727,538841,268890,311188,580078,182872,226729,409601,155964,207432,363396,140666,217090,357756,68789,140026,208815,9994,33451,43445
2021-08-09,1262825,1661352,2924177,175382,213177,388559,246327,292943,539270,269063,311424,580487,183916,228261,412177,166583,222028,388611,142666,219777,362443,68882,140245,209127,10006,33497,43503
2021-08-10,1277219,1680395,2957614,175735,213598,389333,246830,293475,540305,270249,312261,582510,185268,230072,415340,173873,231848,405721,146236,225101,371337,69002,140488,209490,10026,33552,43578
2021-08-11,1292256,1697053,2989309,177062,214715,391777,247120,293925,541045,270553,312692,583245,187701,232702,420403,182724,240943,423667,147925,227752,375677,69129,140717,209846,10042,33607,43649
2021-08-12,1301931,1710007,3011938,177446,215148,392594,247375,294212,541587,270784,312969,583753,189514,234979,424493,186458,245263,431721,151038,232747,383785,69249,141014,210263,10067,33675,43742
2021-08-13,1315045,1728229,3043274,177565,215277,392842,247563,294395,541958,270932,313162,584094,189889,235430,425319,192075,252254,444329,157358,242114,399472,69548,141740,211288,10115,33857,43972
2021-08-14,1323492,1740968,3064460,177654,215413,393067,247722,294614,542336,271095,313474,584569,191491,237613,429104,197624,260439,458063,158142,243511,401653,69631,141984,211615,10133,33920,44053
2021-08-15,1335159,1753609,3088768,178124,215976,394100,248526,295586,544112,272510,314900,587410,198233,244644,442877,199327,262069,461396,158579,244270,402849,69709,142176,211885,10151,33988,44139
2021-08-16,1344573,1765548,3110121,179545,217568,397113,249667,296844,546511,275025,317841,592866,200150,247003,447153,200432,263488,463920,159733,246194,405927,69841,142528,212369,10180,34082,44262
2021-08-17,1360774,1779616,3140390,187116,224228,411344,255931,302318,558249,276408,319062,595470,200941,247421,448362,200571,263669,464240,159767,246261,406028,69855,142569,212424,10185,34088,44273
2021-08-18,1372267,1791986,3164253,191980,228831,420811,257348,304075,561423,277607,320440,598047,202698,249301,451999,202276,265383,467659,160242,247093,407335,69922,142732,212654,10194,34131,44325
2021-08-19,1378283,1798231,3176514,194400,231132,425532,258162,304874,563036,278082,321025,599107,204148,250699,454847,202863,266038,468901,160473,247502,407975,69956,142809,212765,10199,34152,44351
2021-08-20,1391570,1810616,3202186,196905,233701,430606,259685,306030,565715,279306,322030,601336,211883,257886,469769,203072,266290,469362,160542,247653,408195,69975,142862,212837,10202,34164,44366
2021-08-21,1400964,1822796,3223760,198494,235819,434313,261952,309382,571334,281508,324973,606481,214728,260985,475713,203450,266711,470161,160630,247810,408440,69995,142930,212925,10207,34186,44393
2021-08-22,1410917,1834046,3244963,200036,237770,437806,267217,314884,582101,283253,327089,610342,215695,262109,477804,203800,267129,470929,160698,247918,408616,70009,142959,212968,10209,34188,44397
2021-08-23,1428272,1849763,3278035,207397,244711,452108,274946,321188,596134,284574,328434,613008,216370,262828,479198,204008,267380,471388,160745,248018,408763,70022,142998,213020,10210,34206,44416
2021-08-24,1440764,1862997,3303761,216405,253970,470375,276868,322996,599864,285378,329389,614767,216913,263590,480503,204176,267656,471832,160781,248128,408909,70029,143044,213073,10214,34224,44438
2021-08-25,1456520,1878833,3335353,218774,256382,475156,278044,324539,602583,292150,335795,627945,221805,268336,490141,204584,268124,472708,160886,248279,409165,70058,143125,213183,10219,34253,44472
2021-08-26,1471703,1896544,3368247,220685,258869,479554,278976,325853,604829,292736,336633,629369,225550,272017,497567,211306,275023,486329,162000,250232,412232,70198,143553,213751,10252,34364,44616
2021-08-27,1490222,1914665,3404887,231639,269711,501350,282380,328624,611004,293747,337669,631416,227990,274539,502529,211866,275684,487550,162117,250424,412541,70226,143624,213850,10257,34390,44647
2021-08-28,1501322,1928014,3429336,239837,280205,520042,284036,330071,614107,294527,338389,632916,228326,274988,503314,211950,275797,487747,162153,250514,412667,70234,143654,213888,10259,34396,44655
2021-08-29,1512827,1940871,3453698,240815,281478,522293,284591,330785,615376,296557,340503,637060,235773,283024,518797,212272,276213,488485,162274,250746,413020,70281,143712,213993,10264,34410,44674
2021-08-30,1528882,1957698,3486580,244858,285164,530022,286962,333098,620060,299745,343493,643238,239689,286988,526677,213929,278342,492271,163024,252053,415077,70398,144059,214457,10277,34501,44778
2021-08-31,1544606,1975163,3519769,256031,297906,553937,289006,334970,623976,301343,345161,646504,240333,287716,528049,214106,278606,492712,163090,252168,415258,70415,144115,214530,10282,34521,44803
2021-09-01,1560677,1992320,3552997,270497,312301,582798,289615,335631,625246,301727,345678,647405,240603,288191,528794,214343,279346,493689,163180,252456,415636,70429,144185,214614,10283,34532,44815
2021-09-02,1576663,2011408,3588071,280222,322034,602256,291161,338006,629167,304384,349536,653920,242120,290520,532640,214706,279845,494551,163335,252672,416007,70449,144254,214703,10286,34541,44827
2021-09-03,1591392,2028659,3620051,286325,328179,614504,292802,339754,632556,308723,355301,664024,243745,292674,536419,215531,280901,496432,163498,252958,416456,70479,144327,214806,10289,34565,44854
2021-09-04,1603560,2040725,3644285,289623,331488,621111,296246,342938,639184,313459,360070,673529,244274,293207,537481,215646,281065,496711,163537,253028,416565,70485,144360,214845,10290,34569,44859
2021-09-05,1615831,2052873,3668704,290883,332830,623713,298670,345246,643916,321115,367597,688712,245038,293940,538978,215769,281241,497010,163575,253067,416642,70490,144377,214867,10291,34575,44866
2021-09-06,1632138,2068772,3700910,292475,334330,626805,299338,346000,645338,332000,378377,710377,247660,296201,543861,216187,281751,497938,163669,253086,416755,70510,144439,214949,10299,34588,44887
2021-09-07,1650347,2089012,3739359,293442,335703,629145,301018,348528,649546,340141,386016,726157,251326,300034,551360,219154,285209,504363,164333,254119,418452,70607,144748,215355,10326,34655,44981
2021-09-08,1660899,2099608,3760507,295963,337907,633870,303714,351057,654771,343177,389172,732349,252794,301635,554429,219777,285876,505653,164500,254397,418897,70643,144870,215513,10331,34694,45025
2021-09-09,1676136,2114683,3790819,298436,340526,638962,312942,359506,672448,345370,391566,736936,253859,302810,556669,219991,286141,506132,164548,254491,419039,70656,144937,215593,10334,34706,45040
2021-09-10,1681190,2120126,3801316,300715,342704,643419,313726,360469,674195,345757,391994,737751,255053,304119,559172,220321,286545,506866,164610,254612,419222,70672,144973,215645,10336,34710,45046
2021-09-11,1684590,2123397,3807987,301400,343389,644789,315385,361868,677253,346016,392292,738308,255746,304878,560624,220395,286625,507020,164638,254644,419282,70674,144988,215662,10336,34713,45049
2021-09-12,1685453,2124378,3809831,301617,343672,645289,315730,362202,677932,346203,392509,738712,255837,304990,560827,220413,286645,507058,164643,254656,419299,70674,144990,215664,10336,34714,45050
2021-09-13,1692855,2131658,3824513,305979,348194,654173,318372,364515,682887,346411,392735,739146,255955,305113,561068,220452,286682,507134,164661,254679,419340,70683,145015,215698,10342,34725,45067
2021-09-14,1699345,2139257,3838602,306472,348793,655265,318786,364985,683771,346802,393185,739987,260212,309638,569850,221205,287931,509136,164815,254898,419713,70708,145080,215788,10345,34747,45092
2021-09-15,1716954,2159212,3876166,307616,350377,657993,320432,367298,687730,350197,397054,747251,268924,318489,587413,223594,290681,514275,165049,255309,420358,70779,145218,215997,10363,34786,45149
2021-09-16,1733616,2178203,3911819,310007,353782,663789,330032,377421,707453,352603,399642,752245,270286,320166,590452,224320,291512,515832,165181,255558,420739,70816,145313,216129,10371,34809,45180
2021-09-17,1747638,2192436,3940074,318445,362367,680812,333178,380346,713524,353907,400978,754885,271084,321039,592123,224551,291813,516364,165260,255685,420945,70837,145380,216217,10376,34828,45204
2021-09-18,1759866,2205640,3965506,327063,371356,698419,335300,382552,717852,354818,402118,756936,271536,321641,593177,224647,291986,516633,165279,255746,421025,70845,145408,216253,10378,34833,45211
2021-09-19,1769059,2214987,3984046,332373,376445,708818,337431,384697,722128,355854,403264,759118,272050,322202,594252,224778,292175,516953,165332,255884,421216,70862,145471,216333,10379,34849,45228
2021-09-20,1776283,2221930,3998213,335832,379770,715602,339640,386568,726208,356714,404179,760893,272481,322655,595136,224953,292380,517333,165409,256010,421419,70872,145511,216383,10382,34857,45239
2021-09-21,1788677,2233483,4022160,345877,389081,734958,340992,387652,728644,357266,404724,761990,272774,323005,595779,225060,292548,517608,165440,256071,421511,70883,145534,216417,10385,34868,45253
2021-09-22,1797340,2241332,4038672,351445,393965,745410,343002,389288,732290,357845,405324,763169,273067,323369,596436,225192,292717,517909,165501,256198,421699,70899,145581,216480,10389,34890,45279
2021-09-23,1803180,2247297,4050477,355410,398039,753449,344083,390254,734337,358296,405789,764085,273301,323638,596939,225249,292814,518063,165542,256254,421796,70910,145611,216521,10389,34898,45287
2021-09-24,1808951,2253232,4062183,358384,401093,759477,345317,391485,736802,359279,406728,766007,273728,324080,597808,225351,292959,518310,165581,256324,421905,70920,145649,216569,10391,34914,45305
2021-09-25,1812636,2256308,4068944,359514,402027,761541,346646,392330,738976,359853,407340,767193,274229,324615,598844,225475,293067,518542,165599,256351,421950,70928,145660,216588,10392,34918,45310
2021-09-26,1824932,2267563,4092495,360199,402797,762996,348267,393996,742263,364925,411790,776715,278760,328434,607194,225794,293441,519235,165653,256458,422111,70940,145719,216659,10394,34928,45322
2021-09-27,1836905,2278632,4115537,362091,405055,767146,353719,398756,752475,368110,414458,782568,279947,329404,609351,225982,293690,519672,165699,256546,422245,70962,145775,216737,10395,34948,45343
2021-09-28,1851012,2292664,4143676,363106,406022,769128,363442,407036,770478,369363,415884,785247,280750,330355,611105,226539,294465,521004,166301,257671,423972,71100,146184,217284,10411,35047,45458
2021-09-29,1859792,2301304,4161096,365682,408792,774474,367868,410848,778716,370240,416770,787010,281298,330921,612219,226744,294713,521457,166414,257897,424311,71135,146288,217423,10411,35075,45486
2021-09-30,1868388,2311225,4179613,371061,414572,785633,368986,412227,781213,371302,417744,789046,282037,331997,614034,226971,295192,522163,166470,258058,424528,71149,146350,217499,10412,35085,45497
2021-10-01,1874074,2316844,4190918,373986,417597,791583,370242,413467,783709,372159,418457,790616,282529,332419,614948,227092,295320,522412,166500,258114,424614,71154,146379,217533,10412,35091,45503
2021-10-02,1876941,2319652,4196593,375171,418820,793991,371087,414189,785276,372649,418929,791578,282771,332633,615404,227166,295415,522581,166521,258163,424684,71163,146405,217568,10413,35098,45511
2021-10-03,1880149,2322442,4202591,376688,420148,796836,372100,414937,787037,373060,419284,792344,282930,332813,615743,227246,295524,522770,166540,258208,424748,71171,146426,217597,10414,35102,45516
2021-10-04,1885897,2327952,4213849,379197,422485,801682,373964,416512,790476,373792,420007,793799,283341,333279,616620,227407,295780,523187,166594,258306,424900,71184,146467,217651,10418,35116,45534
2021-10-05,1889341,2331331,4220672,380589,423920,804509,374923,417336,792259,374383,420574,794957,283699,333655,617354,227517,295889,523406,166617,258341,424958,71192,146492,217684,10421,35124,45545
2021-10-06,1896567,2338708,4235275,386185,429741,815926,375670,417968,793638,374862,421021,795883,283963,333937,617900,227611,295999,523610,166648,258384,425032,71204,146521,217725,10424,35137,45561
2021-10-07,1899650,2341746,4241396,387511,430907,818418,376523,418760,795283,375277,421461,796738,284292,334322,618614,227736,296163,523899,166675,258441,425116,71207,146546,217753,10429,35146,45575
2021-10-08,1910321,2352208,4262529,388175,431825,820000,382694,424230,806924,376487,422768,799255,285681,335795,621476,228906,297320,526226,166724,258531,425255,71224,146587,217811,10430,35152,45582
2021-10-09,1920158,2361877,4282035,388797,432573,821370,387182,428200,815382,377721,424013,801734,287954,338148,626102,230071,298539,528610,166767,258624,425391,71236,146621,217857,10430,35159,45589
2021-10-10,1927162,2369048,4296210,389238,433196,822434,390765,431515,822280,378506,424904,803410,289290,339507,628797,230894,299431,530325,166792,258685,425477,71246,146645,217891,10431,35165,45596
2021-10-11,1931794,2373578,4305372,391821,435608,827429,391838,432555,824393,379076,425435,804511,289566,339817,629383,230978,299555,530533,166827,258752,425579,71256,146687,217943,10432,35169,45601
2021-10-12,1942750,2383830,4326580,398626,441711,840337,393232,433872,827104,380369,426771,807140,290511,340767,631278,231412,299979,531391,166896,258839,425735,71271,146715,217986,10433,35176,45609
2021-10-13,1959331,2401325,4360656,413796,457562,871358,393674,434348,828022,380806,427238,808044,290865,341208,632073,231556,300158,531714,166915,258876,425791,71283,146742,218025,10436,35193,45629
2021-10-14,1972487,2414378,4386865,423539,467025,890564,395402,436061,831463,381687,428133,809820,291395,341822,633217,231753,300387,532140,166972,258956,425928,71299,146789,218088,10440,35205,45645
2021-10-15,1985453,2426898,4412351,431031,473769,904800,398614,439080,837694,383018,429506,812524,292023,342649,634672,231971,300768,532739,167039,259073,426112,71315,146833,218148,10442,35220,45662
2021-10-16,1994229,2435846,4430075,437414,480052,917466,399910,440406,840316,383650,430246,813896,292332,342999,635331,232090,300920,533010,167069,259137,426206,71322,146856,218178,10442,35230,45672
2021-10-17,1997349,2439415,4436764,439520,482280,921800,400333,440936,841269,383931,430596,814527,292532,343265,635797,232176,301040,533216,167089,259186,426275,71325,146878,218203,10443,35234,45677
2021-10-18,2009547,2451221,4460768,449255,491773,941028,401331,441797,843128,384761,431306,816067,293011,343733,636744,232308,301236,533544,167108,259228,426336,71330,146901,218231,10443,35247,45690
2021-10-19,2018789,2460076,4478865,455047,497332,952379,402884,443145,846029,385785,432296,818081,293546,344289,637835,232601,301554,534155,167141,259285,426426,71341,146919,218260,10444,35256,45700
2021-10-20,2027761,2468679,4496440,462164,504185,966349,403720,443873,847593,386371,432840,819211,293836,344574,638410,232713,301671,534384,167162,259334,426496,71348,146940,218288,10447,35262,45709
2021-10-21,2038598,2479901,4518499,470736,513241,983977,404772,444772,849544,386955,433377,820332,294204,344939,639143,232909,301899,534808,167199,259398,426597,71374,146989,218363,10449,35286,45735
2021-10-22,2052410,2494501,4546911,481662,524570,1006232,406141,446161,852302,387638,434179,821817,294790,345595,640385,233100,302163,535263,167242,259494,426736,71388,147044,218432,10449,35295,45744
2021-10-23,2061116,2503288,4564404,489119,532105,1021224,406829,446825,853654,387897,434463,822360,294966,345759,640725,233189,302246,535435,167265,259529,426794,71398,147061,218459,10453,35300,45753
2021-10-24,2070277,2512420,4582697,497814,540727,1038541,407021,447023,854044,388023,434605,822628,295045,345840,640885,233238,302304,535542,167278,259550,426828,71403,147068,218471,10455,35303,45758
2021-10-25,2080232,2522715,4602947,505843,548619,1054462,407876,447900,855776,388622,435297,823919,295344,346258,641602,233351,302531,535882,167322,259670,426992,71416,147124,218540,10458,35316,45774
2021-10-26,2092000,2534147,4626147,516174,558669,1074843,408646,448578,857224,388951,435640,824591,295553,346452,642005,233438,302609,536047,167350,259712,427062,71428,147155,218583,10460,35332,45792
2021-10-27,2104422,2546792,4651214,527346,569984,1097330,409211,449151,858362,389321,436010,825331,295757,346662,642419,233512,302718,536230,167382,259758,427140,71433,147174,218607,10460,35335,45795
2021-10-28,2117198,2559720,4676918,538633,581339,1119972,409884,449774,859658,389735,436434,826169,296015,346939,642954,233607,302860,536467,167418,259814,427232,71441,147209,218650,10465,35351,45816
2021-10-29,2129682,2572183,4701865,550222,592889,1143111,410364,450204,860568,389946,436673,826619,296138,347058,643196,233667,302921,536588,167432,259845,427277,71447,147233,218680,10466,35360,45826
2021-10-30,2138230,2580827,4719057,558161,600909,1159070,410694,450510,861204,390100,436833,826933,296218,347141,643359,233707,302965,536672,167435,259867,427302,71449,147240,218689,10466,35362,45828
2021-10-31,2146273,2588718,4734991,565528,608162,1173690,411031,450849,861880,390280,436980,827260,296319,347226,643545,233742,303000,536742,167451,259890,427341,71454,147247,218701,10468,35364,45832
2021-11-01,2154226,2595859,4750085,570121,612543,1182664,413327,452544,865871,390914,437498,828412,296600,347527,644127,233863,303155,537018,167476,259956,427432,71457,147263,218720,10468,35373,45841
2021-11-02,2158138,2599762,4757900,572579,614747,1187326,414169,453391,867560,391244,437907,829151,296783,347775,644558,233930,303269,537199,167490,260002,427492,71465,147286,218751,10478,35385,45863
2021-11-03,2167569,2609835,4777404,581389,624198,1205587,414449,453638,868087,391422,438068,829490,296892,347883,644775,233965,303327,537292,167501,260028,427529,71472,147302,218774,10479,35391,45870
2021-11-04,2177240,2619588,4796828,590491,633312,1223803,414698,453911,868609,391586,438217,829803,296978,347966,644944,234001,303389,537390,167520,260074,427594,71482,147320,218802,10484,35399,45883
2021-11-05,2181145,2623093,4804238,593857,636299,1230156,414915,454127,869042,391723,438341,830064,297093,348046,645139,234042,303438,537480,167539,260097,427636,71491,147337,218828,10485,35408,45893
2021-11-06,2184439,2626363,4810802,596739,639101,1235840,415095,454306,869401,391819,438455,830274,297180,348149,645329,234076,303473,537549,167547,260119,427666,71496,147350,218846,10487,35410,45897
2021-11-07,2187670,2629484,4817154,599478,641760,1241238,415316,454509,869825,391951,438563,830514,297259,348207,645466,234112,303519,537631,167563,260143,427706,71504,147366,218870,10487,35417,45904
2021-11-08,2196538,2638618,4835156,607582,649909,1257491,415657,454900,870557,392159,438807,830966,297392,348387,645779,234169,303611,537780,167583,260200,427783,71508,147377,218885,10488,35427,45915
2021-11-09,2200645,2642762,4843407,611140,653401,1264541,415917,455177,871094,392319,438974,831293,297481,348501,645982,234200,303657,537857,167589,260229,427818,71511,147388,218899,10488,35435,45923
2021-11-10,2206587,2648275,4854862,616571,658329,1274900,416158,455428,871586,392443,439100,831543,297550,348584,646134,234253,303708,537961,167609,260269,427878,71514,147409,218923,10489,35448,45937
2021-11-11,2211552,2653032,4864584,620864,662375,1283239,416466,455680,872146,392607,439272,831879,297651,348711,646362,234296,303777,538073,167640,260318,427958,71535,147443,218978,10493,35456,45949
2021-11-12,2219093,2660652,4879745,627721,669250,1296971,416717,455931,872648,392824,439498,832322,297768,348817,646585,234358,303865,538223,167664,260363,428027,71543,147463,219006,10498,35465,45963
2021-11-13,2220259,2661718,4881977,628873,670302,1299175,416722,455934,872656,392828,439501,832329,297769,348820,646589,234360,303869,538229,167664,260364,428028,71544,147463,219007,10499,35465,45964
2021-11-14,2221642,2663086,4884728,630241,671659,1301900,416729,455940,872669,392833,439504,832337,297772,348820,646592,234360,303871,538231,167664,260364,428028,71544,147463,219007,10499,35465,45964
2021-11-15,2228371,2669843,4898214,636265,677655,1313920,416977,456214,873191,393074,439748,832822,297941,348982,646923,234394,303911,538305,167673,260389,428062,71548,147477,219025,10499,35467,45966
2021-11-16,2238419,2679555,4917974,643924,685248,1329172,418015,457064,875079,393941,440483,834424,298252,349278,647530,234526,304064,538590,167705,260434,428139,71555,147508,219063,10501,35476,45977
2021-11-17,2250372,2691247,4941619,655301,696311,1351612,418331,457345,875676,394069,440633,834702,298338,349379,647717,234553,304108,538661,167714,260461,428175,71559,147524,219083,10507,35486,45993
2021-11-18,2261936,2702563,4964499,666347,707091,1373438,418562,457555,876117,394224,440782,835006,298424,349468,647892,234585,304150,538735,167723,260479,428202,71562,147540,219102,10509,35498,46007
2021-11-19,2273077,2713408,4986485,676601,716981,1393582,418971,457953,876924,394452,441017,835469,298576,349646,648222,234648,304228,538876,167751,260517,428268,71569,147560,219129,10509,35506,46015
2021-11-20,2276749,2717298,4994047,679910,720468,1400378,419110,458087,877197,394552,441132,835684,298654,349719,648373,234672,304275,538947,167764,260538,428302,71576,147571,219147,10511,35508,46019
2021-11-21,2280550,2721191,5001741,683208,723816,1407024,419287,458269,877556,394688,441287,835975,298772,349845,648617,234722,304327,539049,167778,260557,428335,71582,147579,219161,10513,35511,46024
2021-11-22,2285297,2726003,5011300,687453,728087,1415540,419498,458494,877992,394829,441412,836241,298870,349951,648821,234759,304364,539123,167789,260585,428374,71585,147592,219177,10514,35518,46032
2021-11-23,2292793,2733535,5026328,694084,734763,1428847,419903,458870,878773,395059,441629,836688,299028,350105,649133,234804,304427,539231,167807,260609,428416,71592,147609,219201,10516,35523,46039
2021-11-24,2301263,2741782,5043045,701663,742159,1443822,420350,459240,879590,395300,441849,837149,299164,350253,649417,234842,304490,539332,167824,260636,428460,71601,147627,219228,10519,35528,46047
2021-11-25,2303808,2744224,5048032,703581,743956,1447537,420697,459514,880211,395450,442032,837482,299226,350335,649561,234880,304541,539421,167839,260660,428499,71611,147654,219265,10524,35532,46056
2021-11-26,2310023,2750324,5060347,708747,749049,1457796,421154,459935,881089,395752,442303,838055,299410,350489,649899,234942,304629,539571,167868,260705,428573,71624,147672,219296,10526,35542,46068
2021-11-27,2315081,2755398,5070479,713292,753526,1466818,421350,460147,881497,395891,442455,838346,299521,350613,650134,234985,304687,539672,167884,260732,428616,71628,147688,219316,10530,35550,46080
2021-11-28,2319883,2759955,5079838,717638,757607,1475245,421575,460379,881954,396005,442580,838585,299585,350676,650261,235024,304712,539736,167893,260753,428646,71633,147696,219329,10530,35552,46082
2021-11-29,2324574,2764643,5089217,721544,761493,1483037,421974,460772,882746,396232,442794,839026,299697,350775,650472,235055,304770,539825,167903,260776,428679,71637,147704,219341,10532,35559,46091
2021-11-30,2330327,2770349,5100676,726264,766108,1492372,422548,461325,883873,396474,443018,839492,299815,350921,650736,235124,304866,539990,167923,260821,428744,71644,147721,219365,10535,35569,46104
2021-12-01,2337398,2777063,5114461,732422,771833,1504255,422981,461728,884709,396703,443247,839950,299975,351091,651066,235182,304974,540156,167948,260870,428818,71651,147743,219394,10536,35577,46113
2021-12-02,2344615,2784415,5129030,738538,777868,1516406,423495,462212,885707,397070,443654,840724,300108,351322,651430,235239,305062,540301,167972,260935,428907,71656,147771,219427,10537,35591,46128
2021-12-03,2346997,2786717,5133714,740335,779572,1519907,423794,462499,886293,397206,443783,840989,300184,351407,651591,235291,305113,540404,167990,260966,428956,71659,147783,219442,10538,35594,46132
2021-12-04,2349522,2789273,5138795,742512,781780,1524292,423930,462632,886562,397311,443867,841178,300236,351469,651705,235325,305149,540474,168006,260986,428992,71664,147791,219455,10538,35599,46137
2021-12-05,2351490,2791288,5142778,744147,783415,1527562,424100,462797,886897,397384,443957,841341,300289,351532,651821,235351,305185,540536,168013,261000,429013,71667,147799,219466,10539,35603,46142
2021-12-06,2356761,2796539,5153300,748614,787786,1536400,424472,463172,887644,397619,444220,841839,300410,351667,652077,235400,305245,540645,168034,261029,429063,71672,147813,219485,10540,35607,46147
2021-12-07,2360788,2800591,5161379,751724,790879,1542603,424925,463608,888533,397863,444473,842336,300540,351789,652329,235458,305333,540791,168061,261070,429131,71675,147828,219503,10542,35611,46153
2021-12-08,2363848,2803598,5167446,754198,793328,1547526,425170,463818,888988,398009,444610,842619,300663,351899,652562,235506,305389,540895,168079,261096,429175,71679,147839,219518,10544,35619,46163
2021-12-09,2369214,2808840,5178054,759028,797974,1557002,425409,464041,889450,398153,444767,842920,300748,351996,652744,235549,305449,540998,168098,261135,429233,71684,147857,219541,10545,35621,46166
2021-12-10,2372611,2812077,5184688,761955,800691,1562646,425635,464252,889887,398271,444873,843144,300813,352086,652899,235591,305501,541092,168110,261161,429271,71691,147875,219566,10545,35638,46183
2021-12-11,2374914,2814412,5189326,763784,802558,1566342,425863,464433,890296,398377,444990,843367,300887,352177,653064,235637,305540,541177,168125,261182,429307,71696,147891,219587,10545,35641,46186
2021-12-12,2377068,2816404,5193472,765348,803990,1569338,426194,464704,890898,398522,445133,843655,300958,352256,653214,235673,305582,541255,168131,261199,429330,71697,147898,219595,10545,35642,46187
2021-12-13,2379240,2818463,5197703,766747,805369,1572116,426613,465055,891668,398713,445282,843995,301065,352355,653420,235711,305625,541336,168143,261222,429365,71702,147910,219612,10546,35645,46191
2021-12-14,2382335,2821571,5203906,769101,807720,1576821,426961,465365,892326,398915,445499,844414,301179,352457,653636,235764,305692,541456,168158,261254,429412,71709,147931,219640,10548,35653,46201
2021-12-15,2385388,2824611,5209999,771471,810046,1581517,427258,465613,892871,399099,445680,844779,301305,352599,653904,235820,305766,541586,168175,261301,429476,71711,147945,219656,10549,35661,46210
2021-12-16,2388534,2827563,5216097,774002,812436,1586438,427567,465838,893405,399258,445819,845077,301399,352692,654091,235855,305816,541671,168187,261336,429523,71716,147959,219675,10550,35667,46217
2021-12-17,2391399,2830427,5221826,776340,814674,1591014,427812,466063,893875,399393,445958,845351,301476,352818,654294,235903,305882,541785,168202,261373,429575,71721,147986,219707,10552,35673,46225
2021-12-18,2393712,2832664,5226376,778029,816316,1594345,428079,466287,894366,399569,446139,845708,301582,352907,654489,235951,305940,541891,168218,261393,429611,71731,148004,219735,10553,35678,46231
2021-12-19,2396156,2834943,5231099,779849,818015,1597864,428378,466558,894936,399746,446279,846025,301674,352999,654673,235986,305974,541960,168230,261411,429641,71739,148019,219758,10554,35688,46242
2021-12-20,2399639,2838125,5237764,782424,820353,1602777,428861,466973,895834,399987,446483,846470,301788,353101,654889,236027,306021,542048,168246,261447,429693,71748,148047,219795,10558,35700,46258
2021-12-21,2403651,2841704,5245355,785401,823035,1608436,429394,467410,896804,400264,446699,846963,301938,353256,655194,236078,306062,542140,168262,261465,429727,71754,148065,219819,10560,35712,46272
2021-12-22,2407925,2845676,5253601,788751,826046,1614797,429802,467772,897574,400507,446954,847461,302104,353407,655511,236146,306171,542317,168294,261518,429812,71758,148084,219842,10563,35724,46287
2021-12-23,2411779,2849395,5261174,791769,828893,1620662,430225,468147,898372,400742,447192,847934,302225,353537,655762,236187,306237,542424,168307,261555,429862,71761,148104,219865,10563,35730,46293
2021-12-24,2412865,2850354,5263219,792498,829561,1622059,430392,468273,898665,400834,447279,848113,302291,353577,655868,236208,306254,542462,168315,261563,429878,71762,148111,219873,10565,35736,46301
2021-12-25,2412869,2850366,5263235,792498,829561,1622059,430392,468273,898665,400834,447279,848113,302291,353577,655868,236208,306257,542465,168318,261563,429881,71762,148117,219879,10566,35739,46305
2021-12-26,2415067,2852527,5267594,794169,831170,1625339,430645,468543,899188,400985,447434,848419,302371,353634,656005,236235,306290,542525,168328,261585,429913,71767,148126,219893,10567,35745,46312
2021-12-27,2419360,2856367,5275727,797128,833728,1630856,431299,469122,900421,401379,447752,849131,302561,353847,656408,236305,306371,542676,168347,261634,429981,71772,148158,219930,10569,35755,46324
2021-12-28,2423495,2860224,5283719,799962,836395,1636357,431891,469608,901499,401733,448089,849822,302801,354037,656838,236376,306462,542838,168383,261681,430064,71779,148185,219964,10570,35767,46337
2021-12-29,2427980,2864290,5292270,803255,839407,1642662,432499,470084,902583,402078,448416,850494,302958,354167,657125,236427,306515,542942,168401,261712,430113,71789,148218,220007,10573,35771,46344
2021-12-30,2432178,2868013,5300191,806378,842149,1648527,433055,470519,903574,402358,448683,851041,303117,354302,657419,236479,306576,543055,168423,261757,430180,71795,148247,220042,10573,35780,46353
2021-12-31,2433387,2869143,5302530,807264,842950,1650214,433212,470673,903885,402467,448762,851229,303149,354356,657505,236493,306595,543088,168432,261771,430203,71797,148254,220051,10573,35782,46355
2022-01-01,2433387,2869143,5302530,807264,842950,1650214,433212,470673,903885,402467,448762,851229,303149,354356,657505,236493,306595,543088,168432,261771,430203,71797,148254,220051,10573,35782,46355
2022-01-02,2435614,2871279,5306893,808964,844547,1653511,433460,470935,904395,402614,448894,851508,303234,354435,657669,236525,306627,543152,168444,261788,430232,71800,148268,220068,10573,35785,46358
2022-01-03,2439223,2874454,5313677,811174,846538,1657712,434269,471528,905797,402937,449173,852110,303406,354598,658004,236590,306708,543298,168463,261825,430288,71810,148296,220106,10574,35788,46362
2022-01-04,2442296,2877450,5319746,813192,848478,1661670,434794,471979,906773,403216,449466,852682,303570,354761,658331,236653,306783,543436,168482,261868,430350,71813,148323,220136,10576,35792,46368
