FECHA,TotalM,TotalF,Total,<=30M,<=30F,<=30,31-40M,31-40F,31-40,41-50M,41-50F,41-50,51-60M,51-60F,51-60,61-70M,61-70F,61-70,71-80M,71-80F,71-80,81-90M,81-90F,81-90,>=91M,>=91F,>=91
2020-12-29,260,411,671,38,68,106,93,125,218,79,134,213,49,82,131,1,2,3,0,0,0,0,0,0,0,0,0
2020-12-30,300,482,782,45,99,144,107,141,248,90,150,240,56,91,147,2,1,3,0,0,0,0,0,0,0,0,0
2020-12-31,37,44,81,7,3,10,12,16,28,12,16,28,6,8,14,0,1,1,0,0,0,0,0,0,0,0,0
2021-01-01,0,1,1,0,0,0,0,1,1,0,0,0,0,0,0,0,0,0,0,0,0,0,0,0,0,0,0
2021-01-02,140,242,382,14,28,42,54,95,149,47,66,113,24,52,76,1,1,2,0,0,0,0,0,0,0,0,0
2021-01-03,49,99,148,8,14,22,22,41,63,11,28,39,8,16,24,0,0,0,0,0,0,0,0,0,0,0,0
2021-01-04,320,524,844,57,91,148,103,188,291,92,153,245,67,92,159,1,0,1,0,0,0,0,0,0,0,0,0
2021-01-05,470,730,1200,69,128,197,196,242,438,119,218,337,85,138,223,1,3,4,0,1,1,0,0,0,0,0,0
2021-01-06,517,772,1289,90,146,236,197,235,432,143,224,367,86,166,252,1,1,2,0,0,0,0,0,0,0,0,0
2021-01-07,526,893,1419,85,157,242,179,308,487,149,260,409,113,168,281,0,0,0,0,0,0,0,0,0,0,0,0
2021-01-08,665,1178,1843,121,230,351,225,402,627,191,339,530,123,204,327,5,3,8,0,0,0,0,0,0,0,0,0
2021-01-09,168,272,440,14,40,54,70,102,172,52,86,138,32,44,76,0,0,0,0,0,0,0,0,0,0,0,0
2021-01-10,208,359,567,33,48,81,89,151,240,53,101,154,31,59,90,2,0,2,0,0,0,0,0,0,0,0,0
2021-01-11,657,1191,1848,111,258,369,265,401,666,174,323,497,105,206,311,2,3,5,0,0,0,0,0,0,0,0,0
2021-01-12,589,1091,1680,95,190,285,235,389,624,150,290,440,108,221,329,1,1,2,0,0,0,0,0,0,0,0,0
2021-01-13,465,890,1355,79,179,258,164,323,487,128,234,362,93,154,247,1,0,1,0,0,0,0,0,0,0,0,0
2021-01-14,798,1415,2213,169,279,448,292,487,779,216,394,610,121,254,375,0,1,1,0,0,0,0,0,0,0,0,0
2021-01-15,1192,2217,3409,215,450,665,465,770,1235,306,612,918,206,382,588,0,3,3,0,0,0,0,0,0,0,0,0
2021-01-16,475,854,1329,96,153,249,176,327,503,121,242,363,82,132,214,0,0,0,0,0,0,0,0,0,0,0,0
2021-01-17,285,545,830,66,93,159,113,215,328,72,153,225,34,84,118,0,0,0,0,0,0,0,0,0,0,0,0
2021-01-18,188,316,504,28,54,82,61,104,165,56,103,159,43,55,98,0,0,0,0,0,0,0,0,0,0,0,0
2021-01-19,284,469,753,36,67,103,81,169,250,94,145,239,71,87,158,2,1,3,0,0,0,0,0,0,0,0,0
2021-01-20,291,503,794,31,95,126,109,149,258,87,158,245,64,98,162,0,3,3,0,0,0,0,0,0,0,0,0
2021-01-21,130,191,321,23,30,53,45,53,98,35,65,100,22,41,63,5,1,6,0,1,1,0,0,0,0,0,0
2021-01-22,38,51,89,7,10,17,15,15,30,12,17,29,2,8,10,1,1,2,1,0,1,0,0,0,0,0,0
2021-01-23,118,200,318,10,21,31,45,79,124,39,60,99,23,40,63,1,0,1,0,0,0,0,0,0,0,0,0
2021-01-24,45,88,133,5,9,14,21,37,58,11,26,37,8,16,24,0,0,0,0,0,0,0,0,0,0,0,0
2021-01-25,282,464,746,45,80,125,84,148,232,81,144,225,70,90,160,2,2,4,0,0,0,0,0,0,0,0,0
2021-01-26,389,659,1048,44,108,152,148,187,335,110,219,329,82,141,223,5,4,9,0,0,0,0,0,0,0,0,0
2021-01-27,450,662,1112,75,116,191,170,195,365,119,195,314,82,154,236,4,2,6,0,0,0,0,0,0,0,0,0
2021-01-28,460,806,1266,76,144,220,152,273,425,128,225,353,103,162,265,1,2,3,0,0,0,0,0,0,0,0,0
2021-01-29,634,1061,1695,103,188,291,241,375,616,182,307,489,104,187,291,4,4,8,0,0,0,0,0,0,0,0,0
2021-01-30,152,260,412,19,39,58,59,104,163,45,77,122,29,40,69,0,0,0,0,0,0,0,0,0,0,0,0
2021-01-31,118,225,343,23,33,56,42,93,135,32,60,92,20,39,59,1,0,1,0,0,0,0,0,0,0,0,0
2021-02-01,547,945,1492,91,175,266,225,332,557,150,255,405,80,178,258,1,4,5,0,1,1,0,0,0,0,0,0
2021-02-02,1183,2005,3188,113,244,357,289,466,755,206,439,645,226,461,687,306,364,670,37,29,66,5,2,7,1,0,1
2021-02-03,1268,2313,3581,138,327,465,324,617,941,253,546,799,247,474,721,267,319,586,36,28,64,3,2,5,0,0,0
2021-02-04,1242,2327,3569,159,324,483,359,665,1024,292,566,858,221,482,703,167,251,418,39,36,75,4,3,7,1,0,1
2021-02-05,1911,3716,5627,280,578,858,620,1171,1791,405,910,1315,358,736,1094,191,276,467,52,42,94,5,3,8,0,0,0
2021-02-06,442,808,1250,81,118,199,136,278,414,116,230,346,86,155,241,22,26,48,1,1,2,0,0,0,0,0,0
2021-02-07,353,653,1006,54,90,144,113,238,351,110,192,302,58,111,169,16,21,37,2,1,3,0,0,0,0,0,0
2021-02-08,868,1595,2463,128,280,408,278,502,780,211,429,640,150,271,421,89,103,192,11,10,21,1,0,1,0,0,0
2021-02-09,992,1933,2925,141,342,483,304,571,875,228,462,690,180,405,585,120,146,266,14,7,21,5,0,5,0,0,0
2021-02-10,541,1030,1571,83,165,248,134,327,461,145,264,409,108,205,313,59,62,121,9,7,16,3,0,3,0,0,0
2021-02-11,453,1070,1523,71,181,252,144,349,493,97,271,368,71,198,269,57,63,120,12,8,20,1,0,1,0,0,0
2021-02-12,518,962,1480,74,159,233,170,336,506,118,279,397,92,139,231,48,41,89,13,8,21,3,0,3,0,0,0
2021-02-13,28,44,72,2,8,10,11,17,28,6,9,15,8,9,17,0,1,1,1,0,1,0,0,0,0,0,0
2021-02-14,6,25,31,2,7,9,2,8,10,0,10,10,2,0,2,0,0,0,0,0,0,0,0,0,0,0,0
2021-02-15,0,0,0,0,0,0,0,0,0,0,0,0,0,0,0,0,0,0,0,0,0,0,0,0,0,0,0
2021-02-16,11,36,47,1,1,2,8,18,26,2,13,15,0,3,3,0,0,0,0,1,1,0,0,0,0,0,0
2021-02-17,805,1512,2317,129,229,358,250,453,703,170,434,604,146,286,432,98,106,204,12,4,16,0,0,0,0,0,0
2021-02-18,1862,3907,5769,219,542,761,529,1054,1583,382,1032,1414,365,785,1150,269,393,662,79,95,174,19,6,25,0,0,0
2021-02-19,1682,3829,5511,197,539,736,452,1117,1569,430,986,1416,309,737,1046,213,336,549,66,103,169,12,11,23,3,0,3
2021-02-20,457,789,1246,45,84,129,138,273,411,113,193,306,88,151,239,53,82,135,19,6,25,1,0,1,0,0,0
2021-02-21,328,504,832,35,65,100,93,187,280,80,131,211,79,86,165,33,30,63,6,5,11,2,0,2,0,0,0
2021-02-22,3426,6246,9672,195,446,641,353,865,1218,271,701,972,255,547,802,312,314,626,395,534,929,1477,2413,3890,168,426,594
2021-02-23,3969,7392,11361,251,530,781,445,1097,1542,427,1003,1430,363,801,1164,478,613,1091,356,494,850,1471,2418,3889,178,436,614
2021-02-24,4056,7614,11670,258,464,722,553,1054,1607,447,968,1415,328,752,1080,385,506,891,400,617,1017,1521,2750,4271,164,503,667
2021-02-25,4043,7550,11593,235,533,768,525,1093,1618,495,896,1391,372,788,1160,346,493,839,335,573,908,1531,2663,4194,204,511,715
2021-02-26,3915,7879,11794,251,563,814,546,1120,1666,380,955,1335,396,858,1254,355,506,861,359,530,889,1439,2779,4218,189,568,757
2021-02-27,527,1113,1640,40,75,115,99,129,228,88,122,210,60,107,167,57,105,162,65,129,194,103,312,415,15,134,149
2021-02-28,155,353,508,15,17,32,30,58,88,17,35,52,13,17,30,35,34,69,15,38,53,25,92,117,5,62,67
2021-03-01,3086,6089,9175,111,234,345,263,529,792,224,399,623,165,383,548,193,251,444,358,560,918,1572,3197,4769,200,536,736
2021-03-02,3041,5893,8934,127,302,429,231,505,736,174,428,602,157,347,504,187,314,501,371,573,944,1585,2914,4499,209,510,719
2021-03-03,2884,5838,8722,133,258,391,251,595,846,221,496,717,159,388,547,138,237,375,305,519,824,1462,2798,4260,215,547,762
2021-03-04,1286,2880,4166,123,320,443,233,556,789,190,420,610,140,332,472,120,227,347,118,204,322,330,679,1009,32,142,174
2021-03-05,1119,2613,3732,95,247,342,248,578,826,197,548,745,165,402,567,120,217,337,75,143,218,186,394,580,33,84,117
2021-03-06,659,2338,2997,40,239,279,175,527,702,135,510,645,102,428,530,28,56,84,66,145,211,90,309,399,23,124,147
2021-03-07,649,2067,2716,35,191,226,146,490,636,148,456,604,122,361,483,35,44,79,68,132,200,75,251,326,20,142,162
2021-03-08,1461,3339,4800,93,255,348,185,444,629,135,389,524,138,351,489,131,274,405,180,308,488,527,1016,1543,72,302,374
2021-03-09,3765,6850,10615,157,306,463,334,686,1020,272,533,805,252,503,755,271,355,626,419,671,1090,1834,3127,4961,226,669,895
2021-03-10,4053,8739,12792,213,519,732,389,1124,1513,338,1111,1449,348,995,1343,225,335,560,406,646,1052,1886,3332,5218,248,677,925
2021-03-11,5187,12338,17525,410,915,1325,745,2035,2780,564,2188,2752,525,1623,2148,367,538,905,444,739,1183,1922,3656,5578,210,644,854
2021-03-12,3821,10325,14146,432,1052,1484,837,2534,3371,681,2529,3210,581,1862,2443,292,461,753,232,328,560,660,1285,1945,106,274,380
2021-03-13,1500,5113,6613,194,785,979,422,1505,1927,379,1403,1782,299,963,1262,90,129,219,30,80,110,69,177,246,17,71,88
2021-03-14,1044,3956,5000,97,513,610,305,1104,1409,292,1224,1516,242,936,1178,80,133,213,25,40,65,3,5,8,0,1,1
2021-03-15,2982,8992,11974,261,1028,1289,649,2215,2864,555,2169,2724,505,1692,2197,285,523,808,213,328,541,446,905,1351,68,132,200
2021-03-16,3932,9468,13400,267,845,1112,613,1783,2396,564,1722,2286,463,1430,1893,334,600,934,377,573,950,1204,2201,3405,110,314,424
2021-03-17,4183,9265,13448,295,682,977,622,1706,2328,580,1618,2198,448,1225,1673,392,707,1099,424,677,1101,1277,2315,3592,145,335,480
2021-03-18,4388,9894,14282,339,904,1243,748,1938,2686,684,1779,2463,582,1440,2022,326,592,918,441,694,1135,1128,2161,3289,140,386,526
2021-03-19,4174,9943,14117,358,1002,1360,784,2071,2855,777,1877,2654,632,1503,2135,254,388,642,304,511,815,913,2052,2965,152,539,691
2021-03-20,2187,4949,7136,70,222,292,208,476,684,191,465,656,197,471,668,458,1079,1537,385,625,1010,580,1300,1880,98,311,409
2021-03-21,1675,3472,5147,24,64,88,71,134,205,43,81,124,95,195,290,637,1422,2059,420,688,1108,331,711,1042,54,177,231
2021-03-22,2096,4499,6595,168,301,469,314,694,1008,245,580,825,232,644,876,577,1448,2025,469,685,1154,78,121,199,13,26,39
2021-03-23,3032,6992,10024,121,272,393,266,589,855,218,535,753,207,461,668,409,873,1282,455,744,1199,1155,2726,3881,201,792,993
2021-03-24,1860,4133,5993,6,17,23,12,28,40,10,27,37,38,62,100,238,566,804,343,658,1001,1056,2271,3327,157,504,661
2021-03-25,2115,4325,6440,131,303,434,261,565,826,247,443,690,163,323,486,95,157,252,306,462,768,791,1663,2454,121,409,530
2021-03-26,1116,2657,3773,37,97,134,109,199,308,79,177,256,89,141,230,123,387,510,182,395,577,415,936,1351,82,325,407
2021-03-27,738,1864,2602,2,6,8,5,15,20,3,13,16,5,22,27,17,40,57,151,330,481,486,1082,1568,69,356,425
2021-03-28,710,1886,2596,2,4,6,3,7,10,1,10,11,8,13,21,30,40,70,142,259,401,433,1144,1577,91,409,500
2021-03-29,2315,5871,8186,202,531,733,422,1100,1522,353,905,1258,282,746,1028,151,289,440,241,399,640,553,1410,1963,111,491,602
2021-03-30,3159,7263,10422,122,299,421,246,662,908,230,538,768,1055,2380,3435,768,1248,2016,370,697,1067,305,1048,1353,63,391,454
2021-03-31,4176,8535,12711,232,530,762,496,1243,1739,434,1083,1517,237,501,738,165,222,387,2047,3173,5220,464,1301,1765,101,482,583
2021-04-01,4534,7593,12127,24,29,53,28,84,112,541,1035,1576,389,756,1145,68,203,271,3068,4356,7424,350,863,1213,66,267,333
2021-04-02,4416,7219,11635,1,3,4,2,6,8,912,1736,2648,8,14,22,15,26,41,3167,4651,7818,273,612,885,38,171,209
2021-04-03,3754,6086,9840,1,8,9,5,4,9,9,7,16,8,7,15,9,11,20,3581,5642,9223,107,292,399,34,115,149
2021-04-04,1106,1750,2856,0,0,0,1,1,2,2,7,9,4,4,8,18,16,34,1071,1694,2765,5,17,22,5,11,16
2021-04-05,6087,9826,15913,87,131,218,75,203,278,80,214,294,82,199,281,138,196,334,5464,8523,13987,129,264,393,32,96,128
2021-04-06,6847,11042,17889,106,150,256,125,231,356,70,153,223,63,124,187,113,185,298,6109,9559,15668,217,488,705,44,152,196
2021-04-07,7566,11932,19498,92,122,214,125,268,393,75,174,249,80,143,223,653,816,1469,6133,9504,15637,345,728,1073,63,177,240
2021-04-08,8495,12121,20616,164,165,329,212,273,485,103,159,262,85,173,258,1530,2235,3765,6222,8817,15039,155,220,375,24,79,103
2021-04-09,7357,11299,18656,128,250,378,224,388,612,125,259,384,90,187,277,1343,1860,3203,5268,7880,13148,148,335,483,31,140,171
2021-04-10,3109,4771,7880,49,109,158,64,152,216,77,121,198,54,123,177,657,1008,1665,2147,3174,5321,54,54,108,7,30,37
2021-04-11,2914,4627,7541,48,108,156,97,183,280,53,163,216,65,167,232,599,912,1511,2019,3001,5020,29,62,91,4,31,35
2021-04-12,8122,12542,20664,131,244,375,182,353,535,116,228,344,110,198,308,1613,2309,3922,5856,8928,14784,90,200,290,24,82,106
2021-04-13,7682,11793,19475,206,190,396,232,337,569,220,236,456,194,372,566,1967,3418,5385,4720,6881,11601,123,262,385,20,97,117
2021-04-14,6606,9813,16419,233,76,309,182,167,349,156,186,342,67,68,135,817,1028,1845,3840,5934,9774,1170,1954,3124,141,400,541
2021-04-15,3288,5721,9009,137,48,185,102,41,143,80,25,105,42,49,91,1294,2817,4111,1531,2491,4022,83,195,278,19,55,74
2021-04-16,3808,5748,9556,100,33,133,49,27,76,42,24,66,17,19,36,633,840,1473,2584,3852,6436,320,759,1079,63,194,257
2021-04-17,318,490,808,16,15,31,25,17,42,37,33,70,37,31,68,43,40,83,140,272,412,18,58,76,2,24,26
2021-04-18,148,162,310,16,6,22,22,16,38,30,33,63,43,29,72,9,17,26,15,17,32,9,29,38,4,15,19
2021-04-19,4051,6371,10422,159,30,189,64,16,80,51,15,66,15,14,29,495,679,1174,2806,4399,7205,396,980,1376,65,238,303
2021-04-20,6171,10598,16769,163,63,226,81,69,150,67,87,154,453,1061,1514,3018,4935,7953,1606,2446,4052,585,1340,1925,198,597,795
2021-04-21,8421,12102,20523,85,46,131,51,46,97,48,47,95,85,216,301,7760,10939,18699,332,624,956,47,127,174,13,57,70
2021-04-22,10072,13947,24019,47,46,93,39,47,86,32,52,84,42,69,111,9462,12982,22444,372,594,966,69,124,193,9,33,42
2021-04-23,10206,13214,23420,26,47,73,48,56,104,52,75,127,70,77,147,9734,12356,22090,218,391,609,50,143,193,8,69,77
2021-04-24,2917,3519,6436,5,9,14,5,8,13,16,16,32,18,22,40,2619,3193,5812,215,188,403,29,63,92,10,20,30
2021-04-25,83,125,208,2,2,4,4,3,7,5,12,17,9,7,16,58,80,138,3,9,12,0,8,8,2,4,6
2021-04-26,1507,2387,3894,14,5,19,12,14,26,9,10,19,6,16,22,1317,2017,3334,128,223,351,15,76,91,6,26,32
2021-04-27,1390,2869,4259,76,72,148,49,92,141,44,68,112,35,58,93,904,1674,2578,231,725,956,45,143,188,6,37,43
2021-04-28,7075,16061,23136,727,1836,2563,1552,4317,5869,1288,3856,5144,1016,2960,3976,2248,2638,4886,204,322,526,34,96,130,6,36,42
2021-04-29,6544,13176,19720,453,1323,1776,1078,3200,4278,1035,2999,4034,864,2366,3230,2739,2680,5419,297,376,673,58,166,224,20,66,86
2021-04-30,1330,1994,3324,71,126,197,96,177,273,49,97,146,33,75,108,833,1114,1947,201,282,483,36,81,117,11,42,53
2021-05-01,540,1085,1625,14,32,46,60,107,167,23,63,86,23,44,67,311,593,904,91,158,249,16,59,75,2,29,31
2021-05-02,4307,9852,14159,309,943,1252,816,2173,2989,813,2076,2889,641,1626,2267,493,1051,1544,1191,1843,3034,38,99,137,6,41,47
2021-05-03,8216,11564,19780,56,105,161,103,165,268,53,89,142,823,1163,1986,4895,6500,11395,2187,3297,5484,82,185,267,17,60,77
2021-05-04,11572,14299,25871,93,126,219,99,177,276,48,99,147,1978,2473,4451,9031,10990,20021,267,315,582,43,78,121,13,41,54
2021-05-05,10666,15355,26021,122,190,312,213,191,404,230,138,368,577,671,1248,3116,4631,7747,6103,8757,14860,267,626,893,38,151,189
2021-05-06,3624,5369,8993,110,100,210,155,117,272,200,56,256,423,427,850,1657,2732,4389,991,1786,2777,68,114,182,20,37,57
2021-05-07,7977,13125,21102,136,289,425,228,519,747,197,386,583,258,509,767,1387,2815,4202,5631,8286,13917,116,233,349,24,88,112
2021-05-08,2397,15321,17718,183,1617,1800,471,3505,3976,507,4610,5117,565,3641,4206,578,1790,2368,69,95,164,14,41,55,10,22,32
2021-05-09,140,226,366,0,0,0,0,0,0,2,0,2,22,12,34,71,80,151,14,22,36,22,65,87,9,47,56
2021-05-10,833,2521,3354,26,42,68,31,54,85,28,44,72,149,252,401,319,1421,1740,198,464,662,66,170,236,16,74,90
2021-05-11,3294,3939,7233,21,36,57,31,63,94,33,56,89,629,746,1375,2397,2688,5085,132,187,319,37,105,142,14,58,72
2021-05-12,3575,4424,7999,37,35,72,47,62,109,45,63,108,683,797,1480,2491,2798,5289,170,376,546,86,204,290,16,89,105
2021-05-13,2907,5425,8332,57,109,166,98,237,335,81,162,243,181,317,498,888,1718,2606,1496,2526,4022,88,251,339,18,105,123
2021-05-14,1341,3081,4422,55,100,155,93,192,285,75,138,213,170,239,409,588,1476,2064,288,664,952,54,183,237,18,89,107
2021-05-15,6419,5179,11598,20,43,63,41,69,110,32,49,81,1197,1206,2403,4994,3461,8455,96,174,270,30,123,153,9,54,63
2021-05-16,873,2312,3185,58,192,250,208,702,910,253,710,963,177,401,578,129,156,285,25,43,68,13,75,88,10,33,43
2021-05-17,4285,4348,8633,53,91,144,173,422,595,108,291,399,841,781,1622,2820,2203,5023,232,386,618,42,114,156,16,60,76
2021-05-18,4574,3920,8494,29,53,82,63,77,140,63,83,146,866,848,1714,3416,2516,5932,100,200,300,28,96,124,9,47,56
2021-05-19,3464,3362,6826,42,102,144,111,216,327,46,119,165,633,642,1275,2448,1819,4267,139,330,469,35,93,128,10,41,51
2021-05-20,10581,11967,22548,73,147,220,151,241,392,88,181,269,2926,3315,6241,6594,6506,13100,576,1027,1603,148,441,589,25,109,134
2021-05-21,2152,4399,6551,105,261,366,189,549,738,108,400,508,97,348,445,451,834,1285,1119,1794,2913,75,159,234,8,54,62
2021-05-22,1526,2131,3657,53,76,129,43,63,106,23,63,86,208,261,469,968,1234,2202,195,342,537,31,71,102,5,21,26
2021-05-23,2376,2363,4739,25,46,71,26,67,93,25,41,66,1006,1090,2096,1186,883,2069,81,154,235,20,65,85,7,17,24
2021-05-24,696,1578,2274,37,82,119,66,133,199,40,102,142,225,241,466,272,883,1155,51,104,155,5,25,30,0,8,8
2021-05-25,4620,8502,13122,12,23,35,7,16,23,3,19,22,179,172,351,278,743,1021,480,837,1317,3255,5715,8970,406,977,1383
2021-05-26,2286,3423,5709,34,50,84,45,82,127,37,72,109,1073,966,2039,201,338,539,169,317,486,623,1319,1942,104,279,383
2021-05-27,9367,15068,24435,62,119,181,97,165,262,94,163,257,2684,2458,5142,286,210,496,693,1198,1891,4855,9135,13990,596,1620,2216
2021-05-28,10539,14927,25466,108,159,267,176,245,421,293,271,564,5792,6776,12568,231,244,475,523,820,1343,3034,5384,8418,382,1028,1410
2021-05-29,8976,8360,17336,4,8,12,11,12,23,630,474,1104,7765,6929,14694,191,231,422,78,130,208,263,500,763,34,76,110
2021-05-30,8321,7570,15891,9,11,20,8,10,18,1778,1544,3322,6382,5838,12220,84,78,162,23,28,51,31,50,81,6,11,17
2021-05-31,11565,15400,26965,97,178,275,165,286,451,6356,6061,12417,3405,5523,8928,614,872,1486,188,367,555,639,1720,2359,101,393,494
2021-06-01,11134,12621,23755,195,257,452,603,417,1020,7065,7382,14447,2191,2523,4714,117,173,290,162,279,441,736,1299,2035,65,291,356
2021-06-02,9076,12917,21993,618,654,1272,1707,2603,4310,4017,5291,9308,2028,2600,4628,170,246,416,132,222,354,333,971,1304,71,330,401
2021-06-03,12683,19526,32209,3020,5037,8057,5232,7967,13199,3265,4406,7671,581,849,1430,165,224,389,91,197,288,278,647,925,51,199,250
2021-06-04,13245,16294,29539,2969,3590,6559,4775,4748,9523,2954,4217,7171,1017,1395,2412,1055,1173,2228,303,531,834,136,491,627,36,149,185
2021-06-05,10973,10335,21308,2688,2387,5075,4798,3959,8757,1855,1741,3596,685,709,1394,659,746,1405,149,290,439,107,364,471,32,139,171
2021-06-06,8409,9812,18221,3043,4033,7076,3796,4097,7893,922,733,1655,425,378,803,76,83,159,57,132,189,68,211,279,22,145,167
2021-06-07,13659,14185,27844,3089,3360,6449,3309,2753,6062,3299,3142,6441,3335,3896,7231,383,402,785,124,222,346,87,268,355,33,142,175
2021-06-08,12652,17055,29707,1009,1492,2501,1361,2047,3408,1476,2054,3530,8084,9940,18024,149,198,347,193,331,524,323,724,1047,57,269,326
2021-06-09,12604,13157,25761,338,338,676,651,676,1327,707,559,1266,10710,11108,21818,94,130,224,55,87,142,34,149,183,15,110,125
2021-06-10,14290,14977,29267,766,865,1631,1056,1213,2269,1920,2011,3931,10107,10101,20208,292,374,666,87,159,246,43,164,207,19,90,109
2021-06-11,9775,15848,25623,200,237,437,470,309,779,750,664,1414,1383,1497,2880,138,245,383,929,1457,2386,5363,9849,15212,542,1590,2132
2021-06-12,6339,7863,14202,439,594,1033,613,799,1412,1355,1554,2909,3088,3029,6117,49,84,133,145,295,440,570,1184,1754,80,324,404
2021-06-13,4115,4401,8516,202,255,457,284,330,614,908,964,1872,2639,2724,5363,37,40,77,12,19,31,27,60,87,6,9,15
2021-06-14,6109,6708,12817,749,855,1604,1032,1072,2104,1355,1352,2707,2660,2824,5484,49,69,118,41,98,139,199,344,543,24,94,118
2021-06-15,13975,13696,27671,121,181,302,208,292,500,437,455,892,12547,11628,24175,218,226,444,145,311,456,260,484,744,39,119,158
2021-06-16,7617,10274,17891,428,636,1064,837,1057,1894,1791,2112,3903,2053,2245,4298,162,217,379,1895,2765,4660,378,924,1302,73,318,391
2021-06-17,11577,14308,25885,197,287,484,441,445,886,2990,3230,6220,4191,4307,8498,530,684,1214,2755,4067,6822,394,956,1350,79,332,411
2021-06-18,14478,15246,29724,669,833,1502,1075,1125,2200,8425,8030,16455,3220,3295,6515,404,548,952,492,800,1292,164,444,608,29,171,200
2021-06-19,10644,11584,22228,217,303,520,150,250,400,8309,8447,16756,1465,1437,2902,252,284,536,104,216,320,115,419,534,32,228,260
2021-06-20,10,6,16,2,2,4,3,0,3,3,3,6,1,0,1,0,1,1,1,0,1,0,0,0,0,0,0
2021-06-21,6037,6134,12171,27,24,51,41,57,98,5062,5010,10072,656,627,1283,157,190,347,69,97,166,19,92,111,6,37,43
2021-06-22,5115,5218,10333,158,259,417,215,287,502,2354,2221,4575,1734,1509,3243,445,483,928,148,214,362,42,162,204,19,83,102
2021-06-23,9615,9630,19245,143,242,385,192,364,556,7896,7564,15460,1107,926,2033,141,225,366,67,118,185,55,131,186,14,60,74
2021-06-24,15433,19473,34906,207,410,617,646,4175,4821,13100,13023,26123,1082,1189,2271,232,315,547,129,215,344,32,107,139,5,39,44
2021-06-25,12925,18821,31746,405,1190,1595,722,3043,3765,4841,4940,9781,971,1119,2090,4580,6228,10808,1178,1652,2830,192,507,699,36,142,178
2021-06-26,9342,12056,21398,39,42,81,40,54,94,846,841,1687,566,701,1267,6868,8754,15622,795,1221,2016,160,342,502,28,101,129
2021-06-27,8175,9038,17213,66,110,176,79,143,222,3530,3606,7136,2789,2820,5609,1055,1240,2295,550,830,1380,88,241,329,18,48,66
2021-06-28,17315,19762,37077,700,1674,2374,613,2420,3033,13847,12919,26766,1260,1289,2549,699,1018,1717,145,260,405,40,109,149,11,73,84
2021-06-29,18291,18704,36995,203,359,562,465,824,1289,15781,14931,30712,757,791,1548,715,1055,1770,246,423,669,110,238,348,14,83,97
2021-06-30,19638,19359,38997,167,214,381,5172,4920,10092,12288,11674,23962,683,662,1345,1175,1533,2708,105,193,298,37,97,134,11,66,77
2021-07-01,12798,13448,26246,114,227,341,4827,4771,9598,5560,5250,10810,962,1063,2025,811,1106,1917,357,577,934,141,328,469,26,126,152
2021-07-02,9895,18351,28246,590,1202,1792,2358,3772,6130,1527,1743,3270,357,531,888,833,1393,2226,650,1205,1855,3104,6886,9990,476,1619,2095
2021-07-03,10948,12341,23289,24,43,67,6056,5335,11391,2555,2732,5287,503,577,1080,415,544,959,338,630,968,929,1979,2908,128,501,629
2021-07-04,10448,10353,20801,516,846,1362,9199,8458,17657,408,471,879,134,125,259,92,133,225,60,81,141,28,155,183,11,84,95
2021-07-05,5082,5538,10620,272,413,685,3536,3016,6552,251,286,537,139,135,274,321,463,784,239,412,651,281,618,899,43,195,238
2021-07-06,13047,12222,25269,430,676,1106,11636,9859,21495,278,329,607,192,247,439,182,217,399,105,221,326,188,502,690,36,171,207
2021-07-07,5697,6334,12031,168,160,328,3959,3591,7550,680,936,1616,257,406,663,150,223,373,152,312,464,284,550,834,47,156,203
2021-07-08,18857,16330,35187,373,534,907,15055,12326,27381,2296,2071,4367,718,735,1453,283,360,643,71,127,198,46,134,180,15,43,58
2021-07-09,12865,13046,25911,676,726,1402,8694,8241,16935,2220,2203,4423,841,838,1679,269,416,685,139,523,662,22,78,100,4,21,25
2021-07-10,10799,11479,22278,1462,1765,3227,7965,7832,15797,383,432,815,182,232,414,464,551,1015,255,423,678,77,194,271,11,50,61
2021-07-11,2157,3661,5818,259,362,621,1069,1290,2359,162,382,544,72,201,273,24,40,64,112,206,318,406,964,1370,53,216,269
2021-07-12,17995,16019,34014,3058,2952,6010,13994,11756,25750,445,537,982,232,277,509,108,175,283,60,127,187,81,147,228,17,48,65
2021-07-13,10340,8813,19153,1785,1641,3426,7359,6000,13359,761,639,1400,275,281,556,100,109,209,40,65,105,14,48,62,6,30,36
2021-07-14,3496,3327,6823,641,724,1365,2287,1909,4196,310,370,680,163,169,332,57,63,120,17,47,64,15,27,42,6,18,24
2021-07-15,14047,19722,33769,430,717,1147,1298,2385,3683,6890,7073,13963,1212,2375,3587,715,1145,1860,2571,3781,6352,807,1783,2590,124,463,587
2021-07-16,13893,19811,33704,350,430,780,1035,3005,4040,7286,8073,15359,501,684,1185,152,199,351,4089,6056,10145,409,1074,1483,71,290,361
2021-07-17,12237,13492,25729,1420,1751,3171,5147,5407,10554,4265,4492,8757,783,856,1639,248,265,513,295,504,799,64,172,236,15,45,60
2021-07-18,11243,12005,23248,3008,3800,6808,2919,2646,5565,3621,3626,7247,1442,1460,2902,167,236,403,64,138,202,19,78,97,3,21,24
2021-07-19,16691,18029,34720,2710,3317,6027,1481,2580,4061,10857,10025,20882,1105,1105,2210,201,229,430,132,215,347,157,434,591,48,124,172
2021-07-20,18544,19724,38268,7472,8511,15983,2538,2904,5442,7357,6742,14099,725,771,1496,193,240,433,156,300,456,85,196,281,18,60,78
2021-07-21,18632,18883,37515,13966,14059,28025,3325,3318,6643,690,724,1414,336,323,659,157,156,313,127,228,355,24,51,75,7,24,31
2021-07-22,19048,17480,36528,13002,11645,24647,4091,3605,7696,1175,1167,2342,504,612,1116,167,238,405,71,96,167,29,79,108,9,38,47
2021-07-23,15541,17596,33137,5963,7136,13099,2810,2900,5710,5662,6053,11715,787,949,1736,203,302,505,82,134,216,31,86,117,3,36,39
2021-07-24,14273,14643,28916,739,977,1716,492,459,951,5670,5465,11135,6935,7091,14026,259,322,581,94,122,216,78,157,235,6,50,56
2021-07-25,11610,13856,25466,6910,9097,16007,2930,2773,5703,901,1033,1934,621,622,1243,195,207,402,34,57,91,15,41,56,4,26,30
2021-07-26,17599,21902,39501,5554,7011,12565,4439,5698,10137,4592,5417,10009,2424,2743,5167,373,519,892,147,312,459,62,149,211,8,53,61
2021-07-27,15295,18869,34164,7095,8302,15397,2993,3846,6839,2817,3617,6434,1247,1484,2731,803,902,1705,235,403,638,86,247,333,19,68,87
2021-07-28,17817,20496,38313,15288,17169,32457,1285,1491,2776,731,1035,1766,319,471,790,133,176,309,34,85,119,18,47,65,9,22,31
2021-07-29,19038,18262,37300,15202,14261,29463,2018,1888,3906,1072,1232,2304,487,532,1019,169,181,350,66,77,143,17,54,71,7,37,44
2021-07-30,16615,16413,33028,5799,5350,11149,6076,5892,11968,3365,3467,6832,1045,1175,2220,231,285,516,61,145,206,34,57,91,4,42,46
2021-07-31,14499,11246,25745,1626,1725,3351,7688,6638,14326,4283,2025,6308,630,495,1125,197,192,389,49,79,128,20,61,81,6,31,37
2021-08-01,6370,7788,14158,1430,1901,3331,2828,3500,6328,1381,1435,2816,480,547,1027,185,235,420,47,95,142,16,51,67,3,24,27
2021-08-02,18662,18139,36801,2970,3354,6324,11165,9890,21055,3586,3722,7308,688,757,1445,174,235,409,57,104,161,16,57,73,6,20,26
2021-08-03,16488,15403,31891,8076,7353,15429,2980,2698,5678,2585,2194,4779,2480,2708,5188,290,278,568,55,91,146,15,57,72,7,24,31
2021-08-04,12983,15268,28251,1990,2558,4548,2748,2865,5613,1619,2016,3635,6347,7428,13775,188,237,425,68,98,166,20,48,68,3,18,21
2021-08-05,9181,8960,18141,3714,3489,7203,3609,3396,7005,1269,1288,2557,427,499,926,124,154,278,27,86,113,10,30,40,1,18,19
2021-08-06,4466,5379,9845,671,786,1457,870,787,1657,368,351,719,209,248,457,1115,1473,2588,1201,1661,2862,28,57,85,4,16,20
2021-08-07,10277,14471,24748,1097,907,2004,67,71,138,55,69,124,60,64,124,1305,1885,3190,7589,11252,18841,89,177,266,15,46,61
2021-08-08,9111,12985,22096,8,19,27,14,18,32,12,16,28,28,62,90,5300,7258,12558,3621,5361,8982,110,213,323,18,38,56
2021-08-09,14309,19714,34023,140,161,301,220,221,441,176,237,413,1045,1534,2579,10623,14606,25229,2000,2690,4690,93,219,312,12,46,58
2021-08-10,14414,19068,33482,360,428,788,510,539,1049,1189,839,2028,1353,1813,3166,7291,9825,17116,3571,5326,8897,120,243,363,20,55,75
2021-08-11,15042,16667,31709,1329,1118,2447,291,452,743,304,432,736,2433,2631,5064,8854,9098,17952,1689,2652,4341,126,229,355,16,55,71
2021-08-12,9681,12963,22644,386,435,821,256,289,545,231,277,508,1815,2277,4092,3735,4320,8055,3113,4998,8111,120,298,418,25,69,94
2021-08-13,13129,18239,31368,122,130,252,188,187,375,150,193,343,375,452,827,5623,6999,12622,6324,9370,15694,299,726,1025,48,182,230
2021-08-14,8456,12750,21206,90,137,227,163,223,386,163,312,475,1604,2184,3788,5550,8188,13738,785,1398,2183,83,244,327,18,64,82
2021-08-15,11701,12671,24372,477,563,1040,814,982,1796,1427,1428,2855,6743,7037,13780,1707,1637,3344,437,763,1200,78,192,270,18,69,87
2021-08-16,9438,11965,21403,1428,1599,3027,1144,1261,2405,2522,2944,5466,1920,2366,4286,1108,1422,2530,1155,1925,3080,132,354,486,29,94,123
2021-08-17,16226,14080,30306,7579,6662,14241,6276,5482,11758,1385,1220,2605,793,419,1212,140,182,322,34,67,101,14,42,56,5,6,11
2021-08-18,11503,12383,23886,4868,4607,9475,1420,1760,3180,1201,1380,2581,1757,1881,3638,1705,1715,3420,476,834,1310,67,163,230,9,43,52
2021-08-19,6024,6256,12280,2423,2302,4725,815,801,1616,476,586,1062,1450,1402,2852,589,656,1245,231,411,642,35,77,112,5,21,26
2021-08-20,13309,12412,25721,2509,2572,5081,1530,1161,2691,1225,1008,2233,7744,7201,14945,210,254,464,69,151,220,19,53,72,3,12,15
2021-08-21,9407,12193,21600,1590,2123,3713,2272,3356,5628,2206,2945,5151,2847,3099,5946,378,422,800,89,158,247,20,68,88,5,22,27
2021-08-22,9960,11258,21218,1543,1952,3495,5266,5506,10772,1750,2117,3867,967,1125,2092,350,418,768,68,109,177,14,29,43,2,2,4
2021-08-23,17369,15736,33105,7364,6947,14311,7735,6312,14047,1324,1347,2671,676,722,1398,209,251,460,47,100,147,13,39,52,1,18,19
2021-08-24,12508,13252,25760,9018,9266,18284,1923,1815,3738,805,956,1761,547,763,1310,168,278,446,36,110,146,7,46,53,4,18,22
2021-08-25,15770,15855,31625,2372,2415,4787,1179,1548,2727,6775,6409,13184,4894,4749,9643,411,471,882,105,152,257,29,82,111,5,29,34
2021-08-26,15194,17731,32925,1914,2488,4402,935,1316,2251,585,842,1427,3748,3686,7434,6725,6902,13627,1114,1956,3070,140,429,569,33,112,145
2021-08-27,18529,18142,36671,10956,10849,21805,3405,2777,6182,1015,1040,2055,2442,2523,4965,561,663,1224,117,193,310,28,71,99,5,26,31
2021-08-28,11107,13370,24477,8202,10505,18707,1659,1451,3110,780,721,1501,336,451,787,84,116,200,36,90,126,8,30,38,2,6,8
2021-08-29,11511,12862,24373,981,1274,2255,556,716,1272,2031,2115,4146,7447,8036,15483,323,416,739,121,233,354,47,58,105,5,14,19
2021-08-30,16075,16850,32925,4050,3694,7744,2373,2318,4691,3192,2991,6183,3919,3968,7887,1659,2134,3793,752,1307,2059,117,347,464,13,91,104
2021-08-31,15740,17472,33212,11182,12746,23928,2047,1872,3919,1599,1671,3270,645,728,1373,179,264,443,66,115,181,17,56,73,5,20,25
2021-09-01,16082,17167,33249,14470,14402,28872,612,663,1275,387,518,905,270,475,745,238,740,978,90,288,378,14,70,84,1,11,12
2021-09-02,15990,19101,35091,9726,9739,19465,1546,2375,3921,2657,3861,6518,1518,2330,3848,365,502,867,155,216,371,20,69,89,3,9,12
2021-09-03,14742,17262,32004,6107,6146,12253,1646,1750,3396,4342,5769,10111,1625,2157,3782,826,1056,1882,163,286,449,30,74,104,3,24,27
2021-09-04,12200,12098,24298,3310,3317,6627,3448,3190,6638,4742,4774,9516,536,540,1076,116,167,283,40,73,113,6,33,39,2,4,6
2021-09-05,12288,12159,24447,1264,1343,2607,2428,2311,4739,7662,7530,15192,766,735,1501,124,177,301,38,40,78,5,17,22,1,6,7
2021-09-06,16327,16042,32369,1598,1502,3100,672,757,1429,10891,10785,21676,2626,2265,4891,418,511,929,94,147,241,20,62,82,8,13,21
2021-09-07,18223,20259,38482,972,1374,2346,1683,2531,4214,8144,7645,15789,3669,3837,7506,2967,3463,6430,664,1033,1697,97,309,406,27,67,94
2021-09-08,10601,10668,21269,2534,2217,4751,2713,2545,5258,3047,3177,6224,1476,1620,3096,623,670,1293,167,278,445,36,122,158,5,39,44
2021-09-09,15302,15142,30444,2487,2636,5123,9265,8476,17741,2203,2406,4609,1069,1184,2253,214,266,480,48,94,142,13,68,81,3,12,15
2021-09-10,5059,5446,10505,2279,2178,4457,785,965,1750,388,428,816,1197,1309,2506,330,405,735,62,121,183,16,36,52,2,4,6
2021-09-11,3404,3276,6680,686,687,1373,1660,1400,3060,260,299,559,694,760,1454,74,80,154,28,32,60,2,15,17,0,3,3
2021-09-12,863,982,1845,217,284,501,345,334,679,187,217,404,91,112,203,18,20,38,5,12,17,0,2,2,0,1,1
2021-09-13,7411,7289,14700,4364,4528,8892,2644,2314,4958,211,227,438,120,124,244,39,37,76,18,23,41,9,25,34,6,11,17
2021-09-14,6494,7606,14100,496,602,1098,414,471,885,391,452,843,4258,4525,8783,753,1249,2002,154,220,374,25,65,90,3,22,25
2021-09-15,17621,19971,37592,1148,1587,2735,1646,2314,3960,3397,3871,7268,8715,8855,17570,2392,2755,5147,234,412,646,71,138,209,18,39,57
2021-09-16,16670,19002,35672,2392,3407,5799,9603,10125,19728,2406,2591,4997,1364,1678,3042,728,834,1562,132,249,381,37,95,132,8,23,31
2021-09-17,14029,14245,28274,8438,8591,17029,3150,2928,6078,1306,1337,2643,798,874,1672,232,301,533,79,127,206,21,68,89,5,19,24
2021-09-18,12242,13219,25461,8632,9003,17635,2122,2206,4328,911,1141,2052,452,602,1054,96,173,269,19,61,80,8,28,36,2,5,7
2021-09-19,9197,9360,18557,5312,5096,10408,2132,2149,4281,1037,1147,2184,514,562,1076,131,189,320,53,138,191,17,63,80,1,16,17
2021-09-20,7235,6951,14186,3464,3331,6795,2211,1872,4083,862,915,1777,433,453,886,175,205,380,77,127,204,10,40,50,3,8,11
2021-09-21,12406,11563,23969,10056,9318,19374,1352,1086,2438,553,545,1098,293,350,643,107,169,276,31,61,92,11,23,34,3,11,14
2021-09-22,8671,7857,16528,5571,4888,10459,2011,1636,3647,581,601,1182,294,366,660,133,169,302,61,127,188,16,47,63,4,23,27
2021-09-23,5846,5971,11817,3969,4077,8046,1082,967,2049,451,466,917,235,270,505,57,97,154,41,56,97,11,30,41,0,8,8
2021-09-24,5782,5942,11724,2979,3057,6036,1237,1231,2468,985,944,1929,427,441,868,103,145,248,39,70,109,10,38,48,2,16,18
2021-09-25,3690,3082,6772,1134,935,2069,1330,847,2177,574,612,1186,501,537,1038,124,109,233,18,27,45,8,11,19,1,4,5
2021-09-26,12308,11263,23571,686,770,1456,1627,1666,3293,5076,4454,9530,4532,3821,8353,319,374,693,54,107,161,12,60,72,2,11,13
2021-09-27,12015,11111,23126,1923,2282,4205,5457,4770,10227,3187,2677,5864,1191,969,2160,188,249,437,46,88,134,22,56,78,1,20,21
2021-09-28,14112,14040,28152,1017,970,1987,9723,8282,18005,1254,1427,2681,804,952,1756,558,775,1333,602,1125,1727,138,409,547,16,100,116
2021-09-29,8792,8645,17437,2580,2774,5354,4429,3812,8241,880,886,1766,550,567,1117,205,248,453,113,226,339,35,104,139,0,28,28
2021-09-30,8605,9938,18543,5385,5790,11175,1118,1380,2498,1063,976,2039,740,1078,1818,227,480,707,56,162,218,15,62,77,1,10,11
2021-10-01,5696,5631,11327,2930,3028,5958,1257,1241,2498,859,716,1575,494,424,918,121,131,252,30,56,86,5,29,34,0,6,6
2021-10-02,2869,2813,5682,1185,1225,2410,847,723,1570,490,472,962,242,214,456,74,97,171,21,49,70,9,26,35,1,7,8
2021-10-03,3211,2796,6007,1518,1332,2850,1014,749,1763,411,355,766,160,180,340,80,109,189,19,46,65,8,21,29,1,4,5
2021-10-04,5759,5524,11283,2514,2343,4857,1867,1576,3443,734,726,1460,411,468,879,162,256,418,54,99,153,13,41,54,4,15,19
2021-10-05,3453,3397,6850,1398,1440,2838,960,827,1787,592,572,1164,358,382,740,111,108,219,23,35,58,8,25,33,3,8,11
2021-10-06,7234,7388,14622,5598,5825,11423,750,632,1382,480,448,928,265,287,552,95,111,206,31,43,74,12,29,41,3,13,16
2021-10-07,3086,3047,6133,1327,1169,2496,854,794,1648,415,441,856,330,386,716,125,165,290,27,58,85,3,25,28,5,9,14
2021-10-08,10678,10466,21144,664,918,1582,6176,5471,11647,1211,1307,2518,1390,1475,2865,1170,1158,2328,49,90,139,17,41,58,1,6,7
2021-10-09,9841,9676,19517,622,750,1372,4488,3973,8461,1236,1245,2481,2273,2353,4626,1167,1220,2387,43,94,137,12,34,46,0,7,7
2021-10-10,7006,7174,14180,441,623,1064,3583,3317,6900,786,892,1678,1337,1359,2696,823,892,1715,25,61,86,10,24,34,1,6,7
2021-10-11,4638,4539,9177,2586,2419,5005,1073,1041,2114,573,531,1104,276,310,586,84,124,208,35,67,102,10,43,53,1,4,5
2021-10-12,10974,10270,21244,6818,6115,12933,1395,1318,2713,1296,1339,2635,946,952,1898,434,424,858,69,87,156,15,28,43,1,7,8
2021-10-13,16591,17507,34098,15175,15858,31033,445,477,922,439,468,907,353,444,797,145,179,324,19,37,56,12,27,39,3,17,20
2021-10-14,13165,13067,26232,9745,9468,19213,1733,1720,3453,882,896,1778,530,615,1145,198,229,427,57,80,137,16,47,63,4,12,16
2021-10-15,12970,12531,25501,7495,6748,14243,3212,3020,6232,1332,1376,2708,628,829,1457,218,382,600,68,117,185,16,44,60,1,15,16
2021-10-16,8779,8962,17741,6386,6293,12679,1296,1328,2624,632,740,1372,309,351,660,119,153,272,30,64,94,7,23,30,0,10,10
2021-10-17,3126,3571,6697,2106,2230,4336,423,530,953,284,350,634,201,266,467,88,120,208,20,49,69,3,22,25,1,4,5
2021-10-18,12202,11809,24011,9739,9495,19234,998,862,1860,830,710,1540,479,468,947,132,196,328,19,42,61,5,23,28,0,13,13
2021-10-19,9248,8857,18105,5795,5560,11355,1555,1349,2904,1024,990,2014,535,556,1091,294,318,612,33,57,90,11,18,29,1,9,10
2021-10-20,8985,8607,17592,7126,6855,13981,840,728,1568,585,545,1130,291,286,577,112,117,229,21,49,70,7,21,28,3,6,9
2021-10-21,10849,11233,22082,8579,9065,17644,1054,900,1954,586,537,1123,368,365,733,197,228,425,37,64,101,26,49,75,2,25,27
2021-10-22,13825,14609,28434,10937,11337,22274,1371,1389,2760,683,802,1485,586,657,1243,191,264,455,43,96,139,14,55,69,0,9,9
2021-10-23,8712,8797,17509,7460,7541,15001,688,665,1353,259,284,543,177,164,341,91,85,176,23,35,58,10,17,27,4,6,10
2021-10-24,9163,9138,18301,8697,8627,17324,192,199,391,126,142,268,79,81,160,49,58,107,13,21,34,5,7,12,2,3,5
2021-10-25,9959,10301,20260,8032,7896,15928,855,878,1733,600,693,1293,299,418,717,113,227,340,44,120,164,13,56,69,3,13,16
2021-10-26,11784,11448,23232,10342,10063,20405,771,678,1449,332,344,676,209,195,404,87,79,166,29,42,71,12,31,43,2,16,18
2021-10-27,12441,12659,25100,11186,11326,22512,567,574,1141,371,371,742,205,211,416,75,109,184,32,46,78,5,19,24,0,3,3
2021-10-28,12788,12947,25735,11295,11367,22662,673,625,1298,417,427,844,258,278,536,96,143,239,36,56,92,8,35,43,5,16,21
2021-10-29,12495,12478,24973,11599,11560,23159,479,432,911,212,240,452,124,120,244,60,61,121,14,32,46,6,24,30,1,9,10
2021-10-30,8575,8684,17259,7951,8044,15995,337,310,647,155,164,319,85,88,173,40,47,87,5,22,27,2,7,9,0,2,2
2021-10-31,8052,7903,15955,7372,7260,14632,337,341,678,183,150,333,101,85,186,36,35,71,16,23,39,5,7,12,2,2,4
2021-11-01,7800,7154,14954,4604,4390,8994,2297,1695,3992,469,521,990,281,302,583,121,155,276,25,66,91,3,16,19,0,9,9
2021-11-02,3947,3940,7887,2473,2215,4688,853,850,1703,333,419,752,189,255,444,67,118,185,14,46,60,8,25,33,10,12,22
2021-11-03,9449,10088,19537,8822,9461,18283,281,248,529,182,163,345,109,109,218,36,58,94,11,26,37,7,16,23,1,7,8
2021-11-04,9691,9765,19456,9114,9122,18236,251,275,526,166,150,316,88,84,172,38,62,100,19,46,65,10,18,28,5,8,13
2021-11-05,3914,3513,7427,3372,2993,6365,218,216,434,139,126,265,115,80,195,41,49,90,19,23,42,9,17,26,1,9,10
2021-11-06,3304,3278,6582,2891,2807,5698,181,180,361,96,116,212,87,103,190,34,35,69,8,22,30,5,13,18,2,2,4
2021-11-07,3232,3125,6357,2740,2662,5402,221,203,424,132,108,240,79,58,137,36,46,82,16,24,40,8,17,25,0,7,7
2021-11-08,8879,9148,18027,8115,8158,16273,341,393,734,208,246,454,133,181,314,57,92,149,20,57,77,4,11,15,1,10,11
2021-11-09,4122,4161,8283,3564,3498,7062,261,278,539,167,170,337,90,118,208,31,47,78,6,30,36,3,12,15,0,8,8
2021-11-10,5957,5536,11493,5439,4934,10373,244,257,501,125,130,255,72,85,157,53,54,107,20,42,62,3,21,24,1,13,14
2021-11-11,4984,4767,9751,4300,4051,8351,314,256,570,167,173,340,103,127,230,44,69,113,31,49,80,21,34,55,4,8,12
2021-11-12,7549,7631,15180,6861,6883,13744,253,251,504,219,226,445,117,106,223,62,89,151,24,47,71,8,20,28,5,9,14
2021-11-13,1193,1084,2277,1159,1055,2214,12,10,22,12,7,19,5,7,12,3,4,7,0,1,1,1,0,1,1,0,1
2021-11-14,1388,1369,2757,1371,1357,2728,7,7,14,6,3,9,4,0,4,0,2,2,0,0,0,0,0,0,0,0,0
2021-11-15,6737,6769,13506,6032,6006,12038,248,276,524,241,244,485,169,162,331,34,40,74,9,25,34,4,14,18,0,2,2
2021-11-16,10058,9735,19793,7664,7604,15268,1042,855,1897,867,736,1603,312,302,614,132,153,285,32,45,77,7,31,38,2,9,11
2021-11-17,11975,11723,23698,11392,11084,22476,320,284,604,129,154,283,88,102,190,27,44,71,9,28,37,4,17,21,6,10,16
2021-11-18,11583,11335,22918,11058,10789,21847,235,213,448,157,153,310,87,90,177,32,44,76,9,18,27,3,16,19,2,12,14
2021-11-19,11158,10854,22012,10269,9897,20166,409,399,808,229,235,464,153,178,331,63,78,141,28,38,66,7,20,27,0,9,9
2021-11-20,3679,3897,7576,3313,3492,6805,140,134,274,102,115,217,78,74,152,24,48,72,13,21,34,7,11,18,2,2,4
2021-11-21,3807,3895,7702,3301,3349,6650,177,182,359,136,155,291,121,126,247,50,52,102,14,19,33,6,8,14,2,4,6
2021-11-22,4755,4817,9572,4249,4274,8523,213,225,438,143,126,269,99,107,206,37,37,74,10,28,38,3,13,16,1,7,8
2021-11-23,7511,7544,15055,6640,6682,13322,407,378,785,232,218,450,159,157,316,46,63,109,18,24,42,7,16,23,2,6,8
2021-11-24,8486,8257,16743,7592,7401,14993,448,372,820,243,221,464,136,149,285,38,64,102,17,27,44,9,18,27,3,5,8
2021-11-25,2547,2445,4992,1919,1798,3717,347,276,623,151,183,334,62,82,144,38,51,89,15,24,39,10,27,37,5,4,9
2021-11-26,6220,6111,12331,5170,5097,10267,457,424,881,302,273,575,185,154,339,62,90,152,29,45,74,13,18,31,2,10,12
2021-11-27,5061,5082,10143,4546,4480,9026,197,212,409,140,152,292,111,129,240,43,58,101,16,27,43,4,16,20,4,8,12
2021-11-28,4806,4558,9364,4349,4082,8431,226,232,458,114,125,239,64,63,127,39,25,64,9,21,30,5,8,13,0,2,2
2021-11-29,4694,4697,9391,3909,3894,7803,399,393,792,227,215,442,112,99,211,31,58,89,10,23,33,4,8,12,2,7,9
2021-11-30,5772,5719,11491,4737,4623,9360,575,554,1129,243,225,468,117,148,265,70,96,166,20,45,65,7,17,24,3,11,14
2021-12-01,7114,6751,13865,6195,5754,11949,437,405,842,229,232,461,162,171,333,58,108,166,25,49,74,7,22,29,1,10,11
2021-12-02,7241,7376,14617,6136,6050,12186,516,487,1003,368,409,777,134,234,368,57,90,147,24,65,89,5,28,33,1,13,14
2021-12-03,2390,2315,4705,1801,1710,3511,298,289,587,139,131,270,77,86,163,53,52,105,18,31,49,3,13,16,1,3,4
2021-12-04,2527,2560,5087,2179,2210,4389,136,133,269,105,86,191,52,62,114,34,36,70,16,20,36,5,8,13,0,5,5
2021-12-05,1969,2020,3989,1636,1637,3273,170,166,336,73,91,164,53,63,116,26,37,63,7,14,21,3,8,11,1,4,5
2021-12-06,5295,5274,10569,4483,4385,8868,376,378,754,235,264,499,123,138,261,51,61,112,21,30,51,5,14,19,1,4,5
2021-12-07,4070,4094,8164,3134,3110,6244,461,444,905,248,262,510,136,128,264,59,89,148,27,41,68,3,16,19,2,4,6
2021-12-08,3070,3020,6090,2480,2456,4936,246,210,456,148,140,288,123,112,235,48,56,104,19,26,45,4,12,16,2,8,10
2021-12-09,5380,5250,10630,4841,4650,9491,241,223,464,144,160,304,86,97,183,43,61,104,19,39,58,5,18,23,1,2,3
2021-12-10,3403,3249,6652,2931,2722,5653,227,215,442,118,108,226,65,91,156,43,52,95,12,26,38,7,18,25,0,17,17
2021-12-11,2309,2343,4652,1833,1870,3703,230,183,413,106,120,226,74,91,165,46,39,85,15,21,36,5,16,21,0,3,3
2021-12-12,2160,1996,4156,1567,1435,3002,333,272,605,146,143,289,71,79,150,36,42,78,6,17,23,1,7,8,0,1,1
2021-12-13,2180,2071,4251,1405,1382,2787,420,351,771,192,152,344,107,100,207,38,44,82,12,24,36,5,14,19,1,4,5
2021-12-14,3115,3124,6239,2361,2354,4715,352,314,666,205,219,424,118,104,222,54,68,122,16,34,50,7,22,29,2,9,11
2021-12-15,3073,3059,6132,2376,2332,4708,299,250,549,191,183,374,131,146,277,56,74,130,17,48,65,2,15,17,1,11,12
2021-12-16,3158,2965,6123,2539,2394,4933,312,228,540,159,141,300,94,94,188,36,52,88,12,35,47,5,15,20,1,6,7
2021-12-17,2884,2889,5773,2349,2258,4607,249,227,476,138,140,278,78,127,205,48,66,114,15,37,52,5,28,33,2,6,8
2021-12-18,2318,2243,4561,1691,1645,3336,269,225,494,176,182,358,107,89,196,48,58,106,16,20,36,10,18,28,1,6,7
2021-12-19,2452,2283,4735,1821,1705,3526,299,272,571,180,138,318,94,92,186,35,33,68,13,18,31,8,15,23,2,10,12
2021-12-20,3516,3208,6724,2598,2351,4949,488,419,907,242,208,450,117,105,222,41,50,91,17,37,54,9,28,37,4,10,14
2021-12-21,4029,3600,7629,2988,2688,5676,536,441,977,279,220,499,151,160,311,51,43,94,16,18,34,6,18,24,2,12,14
2021-12-22,4291,3990,8281,3360,3018,6378,411,365,776,248,258,506,165,153,318,68,112,180,32,54,86,4,18,22,3,12,15
2021-12-23,3867,3734,7601,3024,2855,5879,425,379,804,239,241,480,122,130,252,41,66,107,13,37,50,3,20,23,0,6,6
2021-12-24,1091,959,2050,733,669,1402,168,126,294,92,87,179,66,40,106,21,17,38,8,8,16,1,7,8,2,5,7
2021-12-25,4,13,17,0,1,1,0,0,0,0,0,0,0,0,0,0,3,3,3,0,3,0,6,6,1,3,4
2021-12-26,2200,2164,4364,1673,1611,3284,253,270,523,151,156,307,80,57,137,27,33,60,10,22,32,5,9,14,1,6,7
2021-12-27,4304,3855,8159,2965,2566,5531,656,580,1236,395,320,715,192,218,410,70,81,151,19,49,68,5,31,36,2,10,12
2021-12-28,4145,3869,8014,2840,2674,5514,594,488,1082,354,339,693,242,191,433,71,91,162,36,47,83,7,27,34,1,12,13
2021-12-29,4498,4080,8578,3299,3021,6320,609,477,1086,347,330,677,160,131,291,52,53,105,18,31,49,10,33,43,3,4,7
2021-12-30,4212,3740,7952,3130,2751,5881,558,436,994,282,269,551,160,136,296,52,62,114,23,46,69,7,31,38,0,9,9
2021-12-31,1210,1133,2343,886,803,1689,157,155,312,110,79,189,32,54,86,14,19,33,9,14,23,2,7,9,0,2,2
2022-01-01,4,5,9,3,4,7,0,1,1,1,0,1,0,0,0,0,0,0,0,0,0,0,0,0,0,0,0
2022-01-02,2230,2144,4374,1700,1600,3300,250,264,514,148,133,281,85,80,165,32,32,64,12,18,30,3,14,17,0,3,3
2022-01-03,3671,3238,6909,2238,2019,4257,829,603,1432,328,290,618,179,169,348,65,86,151,21,38,59,10,29,39,1,4,5
2022-01-04,3086,3012,6098,2024,1948,3972,530,453,983,281,296,577,165,166,331,62,75,137,19,44,63,3,26,29,2,4,6
2022-01-05,3689,3495,7184,2388,2281,4669,772,594,1366,279,273,552,159,174,333,60,83,143,22,54,76,8,31,39,1,5,6
2022-01-06,3192,3020,6212,2372,2180,4552,426,340,766,208,219,427,104,110,214,52,90,142,22,41,63,5,25,30,3,15,18
2022-01-07,4948,4803,9751,3367,3254,6621,883,757,1640,385,352,737,179,201,380,88,139,227,29,57,86,11,34,45,6,9,15
2022-01-08,2062,1951,4013,1426,1394,2820,307,271,578,177,125,302,93,81,174,41,37,78,15,23,38,3,13,16,0,7,7
2022-01-09,2296,2036,4332,1659,1477,3136,380,312,692,143,121,264,63,61,124,37,32,69,11,22,33,1,8,9,2,3,5
2022-01-10,2636,2357,4993,1823,1672,3495,448,321,769,201,170,371,100,80,180,31,52,83,22,37,59,8,20,28,3,5,8
2022-01-11,2858,2691,5549,2040,1880,3920,436,390,826,227,207,434,85,112,197,40,49,89,21,29,50,6,18,24,3,6,9
2022-01-12,2669,2541,5210,2061,1924,3985,296,260,556,178,157,335,88,73,161,28,55,83,14,42,56,3,19,22,1,11,12
2022-01-13,2742,2513,5255,2198,1995,4193,259,234,493,145,139,284,78,69,147,39,42,81,14,21,35,7,7,14,2,6,8
2022-01-14,2564,2373,4937,2013,1898,3911,290,207,497,146,133,279,79,61,140,21,40,61,5,21,26,9,9,18,1,4,5
2022-01-15,1544,1396,2940,1265,1150,2415,165,127,292,62,53,115,35,34,69,9,20,29,6,5,11,2,3,5,0,4,4
2022-01-16,1473,1405,2878,1173,1126,2299,177,141,318,69,63,132,30,40,70,19,19,38,4,10,14,1,4,5,0,2,2
2022-01-17,3197,2995,6192,2122,1941,4063,586,525,1111,247,253,500,149,137,286,64,79,143,21,36,57,6,16,22,2,8,10
2022-01-18,2835,2607,5442,1880,1693,3573,489,427,916,282,254,536,122,118,240,37,51,88,17,35,52,5,20,25,3,9,12
2022-01-19,2776,2445,5221,1937,1757,3694,438,326,764,219,162,381,101,98,199,59,46,105,20,37,57,1,15,16,1,4,5
2022-01-20,3579,3391,6970,2662,2504,5166,442,385,827,215,225,440,159,151,310,69,67,136,21,34,55,10,21,31,1,4,5
2022-01-21,3152,2918,6070,2316,2097,4413,380,339,719,255,215,470,121,120,241,44,64,108,25,42,67,7,33,40,4,8,12
2022-01-22,1409,1303,2712,982,893,1875,211,186,397,129,114,243,60,58,118,21,18,39,5,18,23,1,13,14,0,3,3
