FECHA,TotalM,TotalF,Total,<=30M,<=30F,<=30,31-40M,31-40F,31-40,41-50M,41-50F,41-50,51-60M,51-60F,51-60,61-70M,61-70F,61-70,71-80M,71-80F,71-80,81-90M,81-90F,81-90,>=91M,>=91F,>=91
2020-12-29,299,476,775,44,76,120,104,144,248,93,154,247,57,100,157,1,2,3,0,0,0,0,0,0,0,0,0
2020-12-30,638,1040,1678,95,189,284,226,317,543,189,329,518,125,202,327,3,3,6,0,0,0,0,0,0,0,0,0
2020-12-31,684,1091,1775,102,192,294,240,334,574,205,350,555,134,211,345,3,4,7,0,0,0,0,0,0,0,0,0
2021-01-01,684,1091,1775,102,192,294,240,334,574,205,350,555,134,211,345,3,4,7,0,0,0,0,0,0,0,0,0
2021-01-02,837,1368,2205,116,225,341,298,443,741,255,429,684,164,266,430,4,5,9,0,0,0,0,0,0,0,0,0
2021-01-03,892,1482,2374,125,242,367,323,491,814,267,459,726,173,285,458,4,5,9,0,0,0,0,0,0,0,0,0
2021-01-04,1248,2066,3314,186,343,529,439,694,1133,370,634,1004,248,390,638,5,5,10,0,0,0,0,0,0,0,0,0
2021-01-05,1761,2880,4641,259,480,739,655,965,1620,496,881,1377,345,545,890,6,8,14,0,1,1,0,0,0,0,0,0
2021-01-06,2326,3752,6078,358,643,1001,865,1226,2091,654,1137,1791,441,736,1177,8,9,17,0,1,1,0,0,0,0,0,0
2021-01-07,2900,4766,7666,448,812,1260,1066,1574,2640,815,1439,2254,563,931,1494,8,9,17,0,1,1,0,0,0,0,0,0
2021-01-08,3570,5953,9523,569,1042,1611,1293,1979,3272,1008,1780,2788,687,1139,1826,13,12,25,0,1,1,0,0,0,0,0,0
2021-01-09,3739,6228,9967,583,1082,1665,1365,2081,3446,1060,1869,2929,718,1183,1901,13,12,25,0,1,1,0,0,0,0,0,0
2021-01-10,3948,6590,10538,616,1130,1746,1454,2233,3687,1114,1972,3086,749,1242,1991,15,12,27,0,1,1,0,0,0,0,0,0
2021-01-11,4610,7791,12401,727,1388,2115,1721,2637,4358,1291,2299,3590,854,1451,2305,17,15,32,0,1,1,0,0,0,0,0,0
2021-01-12,5205,8888,14093,824,1579,2403,1957,3025,4982,1442,2592,4034,964,1675,2639,18,16,34,0,1,1,0,0,0,0,0,0
2021-01-13,5671,9780,15451,903,1758,2661,2121,3350,5471,1571,2826,4397,1057,1829,2886,19,16,35,0,1,1,0,0,0,0,0,0
2021-01-14,6475,11204,17679,1073,2040,3113,2413,3838,6251,1790,3223,5013,1180,2085,3265,19,17,36,0,1,1,0,0,0,0,0,0
2021-01-15,7671,13432,21103,1288,2493,3781,2880,4610,7490,2098,3838,5936,1386,2470,3856,19,20,39,0,1,1,0,0,0,0,0,0
2021-01-16,8148,14293,22441,1384,2647,4031,3058,4939,7997,2219,4083,6302,1468,2603,4071,19,20,39,0,1,1,0,0,0,0,0,0
2021-01-17,8433,14840,23273,1450,2740,4190,3171,5154,8325,2291,4238,6529,1502,2687,4189,19,20,39,0,1,1,0,0,0,0,0,0
2021-01-18,8621,15159,23780,1478,2794,4272,3231,5258,8489,2348,4344,6692,1545,2742,4287,19,20,39,0,1,1,0,0,0,0,0,0
2021-01-19,8907,15631,24538,1514,2861,4375,3313,5429,8742,2443,4490,6933,1616,2829,4445,21,21,42,0,1,1,0,0,0,0,0,0
2021-01-20,9200,16136,25336,1545,2957,4502,3422,5579,9001,2532,4648,7180,1680,2928,4608,21,23,44,0,1,1,0,0,0,0,0,0
2021-01-21,9329,16322,25651,1568,2986,4554,3466,5631,9097,2566,4711,7277,1703,2969,4672,26,24,50,0,1,1,0,0,0,0,0,0
2021-01-22,9363,16371,25734,1574,2996,4570,3479,5645,9124,2578,4728,7306,1705,2976,4681,27,25,52,0,1,1,0,0,0,0,0,0
2021-01-23,9482,16574,26056,1584,3018,4602,3524,5726,9250,2617,4786,7403,1729,3018,4747,28,25,53,0,1,1,0,0,0,0,0,0
2021-01-24,9526,16663,26189,1589,3028,4617,3544,5763,9307,2628,4812,7440,1737,3034,4771,28,25,53,0,1,1,0,0,0,0,0,0
2021-01-25,9807,17123,26930,1634,3105,4739,3628,5911,9539,2708,4955,7663,1807,3125,4932,30,26,56,0,1,1,0,0,0,0,0,0
2021-01-26,10174,17767,27941,1674,3210,4884,3773,6095,9868,2813,5169,7982,1881,3262,5143,33,30,63,0,1,1,0,0,0,0,0,0
2021-01-27,10618,18430,29048,1748,3326,5074,3942,6293,10235,2930,5361,8291,1963,3418,5381,35,31,66,0,1,1,0,0,0,0,0,0
2021-01-28,11077,19238,30315,1823,3471,5294,4094,6566,10660,3058,5587,8645,2066,3582,5648,36,31,67,0,1,1,0,0,0,0,0,0
2021-01-29,11713,20303,32016,1925,3659,5584,4337,6942,11279,3240,5894,9134,2171,3772,5943,40,35,75,0,1,1,0,0,0,0,0,0
2021-01-30,11866,20565,32431,1944,3698,5642,4397,7046,11443,3285,5973,9258,2200,3812,6012,40,35,75,0,1,1,0,0,0,0,0,0
2021-01-31,11984,20790,32774,1967,3731,5698,4439,7139,11578,3317,6033,9350,2220,3851,6071,41,35,76,0,1,1,0,0,0,0,0,0
2021-02-01,12530,21733,34263,2058,3906,5964,4663,7471,12134,3467,6288,9755,2300,4028,6328,42,39,81,0,1,1,0,0,0,0,0,0
2021-02-02,13711,23739,37450,2171,4150,6321,4951,7936,12887,3672,6725,10397,2526,4491,7017,348,404,752,37,31,68,5,2,7,1,0,1
2021-02-03,14977,26049,41026,2309,4476,6785,5275,8553,13828,3925,7271,11196,2772,4965,7737,614,722,1336,73,58,131,8,4,12,1,0,1
2021-02-04,16219,28373,44592,2469,4800,7269,5634,9217,14851,4216,7837,12053,2993,5448,8441,781,972,1753,112,92,204,12,7,19,2,0,2
2021-02-05,18126,32085,50211,2749,5378,8127,6254,10387,16641,4621,8747,13368,3349,6182,9531,971,1248,2219,163,134,297,17,9,26,2,0,2
2021-02-06,18569,32890,51459,2830,5496,8326,6390,10662,17052,4738,8977,13715,3435,6337,9772,993,1274,2267,164,135,299,17,9,26,2,0,2
2021-02-07,18922,33542,52464,2884,5586,8470,6503,10899,17402,4848,9169,14017,3493,6448,9941,1009,1295,2304,166,136,302,17,9,26,2,0,2
2021-02-08,19789,35135,54924,3012,5865,8877,6781,11401,18182,5058,9596,14654,3643,6720,10363,1098,1398,2496,177,146,323,18,9,27,2,0,2
2021-02-09,20780,37061,57841,3153,6207,9360,7084,11969,19053,5285,10058,15343,3824,7123,10947,1218,1543,2761,191,152,343,23,9,32,2,0,2
2021-02-10,21316,38085,59401,3234,6371,9605,7215,12292,19507,5430,10320,15750,3932,7329,11261,1277,1605,2882,200,159,359,26,9,35,2,0,2
2021-02-11,21769,39145,60914,3305,6551,9856,7360,12637,19997,5527,10586,16113,4004,7528,11532,1333,1667,3000,211,167,378,27,9,36,2,0,2
2021-02-12,22273,40085,62358,3378,6703,10081,7526,12966,20492,5640,10861,16501,4093,7665,11758,1380,1707,3087,224,174,398,30,9,39,2,0,2
2021-02-13,22301,40129,62430,3380,6711,10091,7537,12983,20520,5646,10870,16516,4101,7674,11775,1380,1708,3088,225,174,399,30,9,39,2,0,2
2021-02-14,22307,40153,62460,3382,6718,10100,7539,12990,20529,5646,10880,16526,4103,7674,11777,1380,1708,3088,225,174,399,30,9,39,2,0,2
2021-02-15,22307,40153,62460,3382,6718,10100,7539,12990,20529,5646,10880,16526,4103,7674,11777,1380,1708,3088,225,174,399,30,9,39,2,0,2
2021-02-16,22318,40188,62506,3383,6719,10102,7547,13008,20555,5648,10893,16541,4103,7677,11780,1380,1708,3088,225,174,399,30,9,39,2,0,2
2021-02-17,23115,41690,64805,3510,6947,10457,7793,13458,21251,5819,11324,17143,4248,7963,12211,1476,1811,3287,237,178,415,30,9,39,2,0,2
2021-02-18,24962,45565,70527,3728,7487,11215,8316,14505,22821,6198,12346,18544,4610,8743,13353,1743,2197,3940,316,272,588,49,15,64,2,0,2
2021-02-19,26621,49376,75997,3923,8021,11944,8762,15619,24381,6620,13327,19947,4919,9478,14397,1950,2530,4480,381,376,757,61,25,86,5,0,5
2021-02-20,27073,50160,77233,3968,8104,12072,8898,15890,24788,6732,13520,20252,5007,9628,14635,2003,2612,4615,398,381,779,62,25,87,5,0,5
2021-02-21,27402,50665,78067,4003,8169,12172,8991,16078,25069,6812,13651,20463,5086,9714,14800,2036,2642,4678,405,386,791,64,25,89,5,0,5
2021-02-22,30836,56916,87752,4198,8614,12812,9342,16942,26284,7080,14350,21430,5342,10259,15601,2355,2955,5310,801,923,1724,1545,2446,3991,173,427,600
2021-02-23,34816,64317,99133,4450,9142,13592,9788,18038,27826,7506,15352,22858,5703,11059,16762,2833,3565,6398,1161,1425,2586,3023,4873,7896,352,863,1215
2021-02-24,38872,71927,110799,4707,9604,14311,10339,19092,29431,7953,16318,24271,6030,11810,17840,3218,4066,7284,1556,2036,3592,4552,7633,12185,517,1368,1885
2021-02-25,42918,79472,122390,4941,10137,15078,10862,20180,31042,8445,17210,25655,6402,12597,18999,3562,4558,8120,1894,2605,4499,6092,10309,16401,720,1876,2596
2021-02-26,46845,87386,134231,5190,10697,15887,11404,21295,32699,8823,18163,26986,6797,13449,20246,3917,5062,8979,2257,3145,5402,7545,13122,20667,912,2453,3365
2021-02-27,47373,88493,135866,5230,10771,16001,11503,21422,32925,8911,18285,27196,6857,13556,20413,3974,5163,9137,2323,3273,5596,7648,13432,21080,927,2591,3518
2021-02-28,47527,88846,136373,5245,10788,16033,11533,21481,33014,8928,18319,27247,6870,13572,20442,4008,5196,9204,2338,3311,5649,7673,13526,21199,932,2653,3585
2021-03-01,50611,94911,145522,5355,11018,16373,11793,22002,33795,9150,18716,27866,7035,13954,20989,4201,5445,9646,2695,3872,6567,9249,16717,25966,1133,3187,4320
2021-03-02,53644,100760,154404,5480,11315,16795,12023,22505,34528,9324,19142,28466,7191,14298,21489,4387,5754,10141,3062,4437,7499,10833,19615,30448,1344,3694,5038
2021-03-03,56521,106553,163074,5613,11573,17186,12273,23101,35374,9545,19637,29182,7350,14683,22033,4524,5985,10509,3364,4958,8322,12294,22386,34680,1558,4230,5788
2021-03-04,57807,109493,167300,5735,11893,17628,12504,23656,36160,9730,20057,29787,7488,15016,22504,4644,6218,10862,3489,5176,8665,12628,23093,35721,1589,4384,5973
2021-03-05,58918,112082,171000,5829,12137,17966,12753,24230,36983,9926,20603,30529,7653,15417,23070,4762,6435,11197,3562,5320,8882,12813,23476,36289,1620,4464,6084
2021-03-06,59575,114409,173984,5869,12375,18244,12928,24755,37683,10061,21113,31174,7755,15845,23600,4790,6491,11281,3628,5465,9093,12901,23780,36681,1643,4585,6228
2021-03-07,60223,116474,176697,5905,12566,18471,13073,25245,38318,10208,21569,31777,7877,16206,24083,4825,6535,11360,3696,5597,9293,12976,24030,37006,1663,4726,6389
2021-03-08,61675,119791,181466,5996,12818,18814,13256,25689,38945,10342,21953,32295,8013,16557,24570,4956,6804,11760,3875,5906,9781,13502,25039,38541,1735,5025,6760
2021-03-09,65437,126637,192074,6154,13124,19278,13591,26375,39966,10614,22484,33098,8265,17059,25324,5227,7158,12385,4294,6576,10870,15331,28166,43497,1961,5695,7656
2021-03-10,69476,135350,204826,6366,13641,20007,13977,27498,41475,10948,23592,34540,8614,18053,26667,5451,7493,12944,4697,7220,11917,17214,31488,48702,2209,6365,8574
2021-03-11,74647,147656,222303,6774,14552,21326,14714,29529,44243,11513,25773,37286,9138,19677,28815,5815,8026,13841,5139,7957,13096,19135,35137,54272,2419,7005,9424
2021-03-12,78430,157944,236374,7203,15597,22800,15539,32050,47589,12188,28296,40484,9716,21540,31256,6099,8481,14580,5368,8286,13654,19792,36418,56210,2525,7276,9801
2021-03-13,79922,163045,242967,7397,16379,23776,15957,33554,49511,12566,29698,42264,10014,22503,32517,6189,8610,14799,5398,8365,13763,19859,36592,56451,2542,7344,9886
2021-03-14,80966,167000,247966,7494,16892,24386,16262,34659,50921,12858,30921,43779,10256,23439,33695,6269,8743,15012,5423,8405,13828,19862,36597,56459,2542,7344,9886
2021-03-15,83935,175966,259901,7753,17917,25670,16905,36872,53777,13411,33085,46496,10760,25130,35890,6552,9264,15816,5635,8730,14365,20309,37497,57806,2610,7471,10081
2021-03-16,87863,185411,273274,8020,18761,26781,17517,38653,56170,13975,34803,48778,11219,26557,37776,6886,9862,16748,6014,9299,15313,21512,39693,61205,2720,7783,10503
2021-03-17,92030,194623,286653,8311,19441,27752,18136,40353,58489,14553,36420,50973,11667,27776,39443,7277,10564,17841,6436,9973,16409,22786,41983,64769,2864,8113,10977
2021-03-18,96377,204464,300841,8644,20338,28982,18871,42273,61144,15226,38183,53409,12247,29209,41456,7598,11153,18751,6873,10665,17538,23914,44148,68062,3004,8495,11499
2021-03-19,100518,214309,314827,8997,21328,30325,19644,44331,63975,15999,40042,56041,12872,30688,43560,7848,11527,19375,7177,11174,18351,24826,46194,71020,3155,9025,12180
2021-03-20,102701,219240,321941,9066,21549,30615,19851,44805,64656,16190,40506,56696,13069,31158,44227,8305,12604,20909,7562,11794,19356,25405,47490,72895,3253,9334,12587
2021-03-21,104373,222700,327073,9090,21611,30701,19922,44939,64861,16233,40587,56820,13164,31351,44515,8941,14023,22964,7981,12480,20461,25735,48198,73933,3307,9511,12818
2021-03-22,106439,227144,333583,9254,21899,31153,20228,45620,65848,16471,41159,57630,13392,31990,45382,9514,15460,24974,8450,13163,21613,25810,48317,74127,3320,9536,12856
2021-03-23,109455,234076,343531,9374,22168,31542,20486,46194,66680,16685,41687,58372,13596,32449,46045,9922,16330,26252,8903,13903,22806,26968,51033,78001,3521,10312,13833
2021-03-24,111311,238195,349506,9379,22185,31564,20498,46222,66720,16695,41713,58408,13633,32512,46145,10160,16894,27054,9246,14558,23804,28024,53298,81322,3676,10813,14489
2021-03-25,113407,242467,355874,9509,22480,31989,20755,46777,67532,16939,42145,59084,13793,32829,46622,10252,17047,27299,9549,15017,24566,28813,54951,83764,3797,11221,15018
2021-03-26,114495,245065,359560,9543,22573,32116,20858,46965,67823,17011,42312,59323,13877,32960,46837,10371,17428,27799,9731,15411,25142,29226,55877,85103,3878,11539,15417
2021-03-27,115232,246925,362157,9546,22579,32125,20863,46980,67843,17014,42324,59338,13882,32981,46863,10388,17468,27856,9880,15741,25621,29712,56958,86670,3947,11894,15841
2021-03-28,115941,248805,364746,9548,22583,32131,20866,46987,67853,17015,42335,59350,13890,32993,46883,10418,17507,27925,10022,16000,26022,30144,58098,88242,4038,12302,16340
2021-03-29,118237,254625,372862,9747,23108,32855,21284,48079,69363,17362,43230,60592,14169,33728,47897,10569,17792,28361,10259,16395,26654,30698,59502,90200,4149,12791,16940
2021-03-30,121379,261841,383220,9864,23400,33264,21529,48731,70260,17588,43764,61352,15221,36103,51324,11336,19028,30364,10626,17089,27715,31003,60546,91549,4212,13180,17392
2021-03-31,125534,270349,395883,10092,23929,34021,22023,49969,71992,18020,44844,62864,15457,36598,52055,11496,19246,30742,12669,20260,32929,31464,61846,93310,4313,13657,17970
2021-04-01,130045,277903,407948,10118,23955,34073,22047,50050,72097,18557,45875,64432,15835,37347,53182,11563,19443,31006,15731,24602,40333,31814,62708,94522,4380,13923,18303
2021-04-02,134461,285107,419568,10119,23958,34077,22049,50056,72105,19467,47608,67075,15842,37363,53205,11578,19469,31047,18899,29241,48140,32089,63318,95407,4418,14094,18512
2021-04-03,138211,291189,429400,10120,23966,34086,22052,50060,72112,19476,47617,67093,15850,37370,53220,11586,19480,31066,22478,34874,57352,32197,63612,95809,4452,14210,18662
2021-04-04,139306,292938,432244,10120,23966,34086,22052,50060,72112,19477,47620,67097,15855,37377,53232,11604,19500,31104,23539,36566,60105,32202,63629,95831,4457,14220,18677
2021-04-05,145362,302696,448058,10208,24092,34300,22126,50257,72383,19554,47819,67373,15934,37577,53511,11736,19692,31428,28985,45054,74039,32330,63892,96222,4489,14313,18802
2021-04-06,152187,313683,465870,10311,24240,34551,22250,50480,72730,19624,47966,67590,15993,37698,53691,11848,19871,31719,35081,54584,89665,32547,64378,96925,4533,14466,18999
2021-04-07,159751,325583,485334,10401,24360,34761,22375,50746,73121,19697,48138,67835,16073,37839,53912,12504,20680,33184,41213,64070,105283,32892,65106,97998,4596,14644,19240
2021-04-08,168236,337658,505894,10564,24525,35089,22584,51014,73598,19800,48293,68093,16157,38005,54162,14030,22909,36939,47436,72865,120301,33045,65325,98370,4620,14722,19342
2021-04-09,175577,348920,524497,10692,24771,35463,22807,51401,74208,19921,48551,68472,16247,38190,54437,15373,24762,40135,52695,80727,133422,33191,65657,98848,4651,14861,19512
2021-04-10,178668,353661,532329,10740,24877,35617,22868,51548,74416,19997,48673,68670,16300,38312,54612,16027,25764,41791,54835,83886,138721,33243,65711,98954,4658,14890,19548
2021-04-11,181574,358276,539850,10788,24985,35773,22964,51730,74694,20049,48835,68884,16365,38478,54843,16626,26673,43299,56848,86881,143729,33272,65773,99045,4662,14921,19583
2021-04-12,189671,370762,560433,10919,25228,36147,23145,52081,75226,20164,49060,69224,16475,38674,55149,18235,28975,47210,62686,95771,158457,33361,65972,99333,4686,15001,19687
2021-04-13,197324,382514,579838,11124,25415,36539,23373,52418,75791,20380,49294,69674,16671,39046,55717,20195,32386,52581,67393,102627,170020,33483,66232,99715,4705,15096,19801
2021-04-14,203883,392288,596171,11356,25491,36847,23556,52584,76140,20535,49479,70014,16733,39113,55846,20982,33401,54383,71225,108547,179772,34650,68180,102830,4846,15493,20339
2021-04-15,207151,397993,605144,11492,25537,37029,23657,52623,76280,20614,49502,70116,16775,39160,55935,22270,36216,58486,72745,111030,183775,34733,68376,103109,4865,15549,20414
2021-04-16,210943,403729,614672,11592,25570,37162,23704,52650,76354,20655,49526,70181,16791,39176,55967,22899,37053,59952,75322,114881,190203,35053,69132,104185,4927,15741,20668
2021-04-17,211260,404220,615480,11605,25581,37186,23729,52667,76396,20692,49559,70251,16828,39205,56033,22939,37093,60032,75467,115163,190630,35071,69188,104259,4929,15764,20693
2021-04-18,211407,404380,615787,11621,25587,37208,23751,52683,76434,20721,49592,70313,16871,39234,56105,22948,37110,60058,75482,115179,190661,35080,69217,104297,4933,15778,20711
2021-04-19,215435,410701,626136,11780,25617,37397,23814,52694,76508,20770,49606,70376,16888,39248,56136,23437,37786,61223,78272,119544,197816,35475,70190,105665,4999,16016,21015
2021-04-20,221594,421273,642867,11942,25679,37621,23895,52764,76659,20837,49689,70526,17339,40302,57641,26454,42714,69168,79872,121986,201858,36059,71529,107588,5196,16610,21806
2021-04-21,229998,433363,663361,12026,25725,37751,23944,52809,76753,20883,49734,70617,17424,40516,57940,34206,53648,87854,80200,122609,202809,36106,71656,107762,5209,16666,21875
2021-04-22,240055,447264,687319,12073,25771,37844,23983,52855,76838,20915,49785,70700,17465,40580,58045,43659,66599,110258,80568,123197,203765,36174,71779,107953,5218,16698,21916
2021-04-23,250249,460452,710701,12098,25817,37915,24030,52910,76940,20966,49861,70827,17533,40655,58188,53386,78939,132325,80786,123586,204372,36224,71921,108145,5226,16763,21989
2021-04-24,253153,463958,717111,12103,25826,37929,24035,52918,76953,20981,49877,70858,17551,40677,58228,55994,82120,138114,81000,123774,204774,36253,71983,108236,5236,16783,22019
2021-04-25,253234,464081,717315,12105,25828,37933,24039,52921,76960,20986,49889,70875,17560,40684,58244,56051,82198,138249,81002,123783,204785,36253,71991,108244,5238,16787,22025
2021-04-26,254737,466459,721196,12120,25834,37954,24050,52933,76983,20995,49899,70894,17565,40699,58264,57365,84210,141575,81130,124004,205134,36268,72067,108335,5244,16813,22057
2021-04-27,256119,469307,725426,12196,25905,38101,24099,53025,77124,21038,49966,71004,17599,40757,58356,58263,85875,144138,81361,124722,206083,36313,72207,108520,5250,16850,22100
2021-04-28,263171,485325,748496,12918,27740,40658,25649,57332,82981,22323,53812,76135,18614,43709,62323,60502,88503,149005,81562,125041,206603,36347,72303,108650,5256,16885,22141
2021-04-29,269687,498467,768154,13372,29059,42431,26725,60529,87254,23356,56808,80164,19476,46071,65547,63223,91168,154391,81854,125413,207267,36405,72468,108873,5276,16951,22227
2021-04-30,271008,500445,771453,13442,29184,42626,26822,60706,87528,23402,56902,80304,19507,46144,65651,64053,92276,156329,82054,125692,207746,36441,72549,108990,5287,16992,22279
2021-05-01,271534,501494,773028,13452,29212,42664,26877,60805,87682,23424,56954,80378,19529,46181,65710,64362,92865,157227,82144,125848,207992,36457,72608,109065,5289,17021,22310
2021-05-02,275824,511319,787143,13760,30151,43911,27687,62973,90660,24235,59027,83262,20166,47803,67969,64853,93911,158764,83334,127686,211020,36494,72706,109200,5295,17062,22357
2021-05-03,284013,522829,806842,13816,30256,44072,27790,63138,90928,24287,59117,83404,20988,48964,69952,69739,100393,170132,85506,130950,216456,36576,72889,109465,5311,17122,22433
2021-05-04,295550,537097,832647,13907,30378,44285,27886,63315,91201,24330,59215,83545,22961,51432,74393,78750,111362,190112,85775,131264,217039,36618,72968,109586,5323,17163,22486
2021-05-05,306178,552390,858568,14029,30566,44595,28096,63503,91599,24560,59349,83909,23535,52100,75635,81857,115981,197838,91857,139985,231842,36884,73592,110476,5360,17314,22674
2021-05-06,309788,557722,867510,14139,30665,44804,28251,63617,91868,24759,59404,84163,23957,52522,76479,83506,118695,202201,92843,141765,234608,36953,73705,110658,5380,17349,22729
2021-05-07,317737,570796,888533,14275,30953,45228,28477,64133,92610,24955,59785,84740,24215,53028,77243,84888,121503,206391,98456,150023,248479,37067,73934,111001,5404,17437,22841
2021-05-08,320125,586064,906189,14457,32563,47020,28946,67627,96573,25458,64380,89838,24780,56659,81439,85465,123288,208753,98524,150114,248638,37081,73974,111055,5414,17459,22873
2021-05-09,320257,586283,906540,14457,32563,47020,28946,67627,96573,25459,64380,89839,24800,56670,81470,85532,123363,208895,98538,150135,248673,37103,74039,111142,5422,17506,22928
2021-05-10,321083,588794,909877,14484,32605,47089,28977,67680,96657,25486,64423,89909,24948,56922,81870,85848,124779,210627,98736,150597,249333,37166,74209,111375,5438,17579,23017
2021-05-11,324366,592706,917072,14504,32640,47144,29008,67737,96745,25518,64476,89994,25578,57663,83241,88236,127460,215696,98867,150781,249648,37203,74312,111515,5452,17637,23089
2021-05-12,327925,597105,925030,14538,32672,47210,29053,67799,96852,25559,64536,90095,26260,58456,84716,90721,130247,220968,99035,151154,250189,37291,74515,111806,5468,17726,23194
2021-05-13,330805,602465,933270,14591,32773,47364,29146,68028,97174,25636,64691,90327,26438,58766,85204,91604,131952,223556,100527,153664,254191,37377,74765,112142,5486,17826,23312
2021-05-14,332133,605508,937641,14644,32869,47513,29238,68215,97453,25710,64827,90537,26606,58999,85605,92190,133420,225610,100810,154317,255127,37431,74946,112377,5504,17915,23419
2021-05-15,338526,610664,949190,14663,32907,47570,29276,68281,97557,25740,64875,90615,27797,60200,87997,97171,136876,234047,100906,154490,255396,37461,75066,112527,5512,17969,23481
2021-05-16,339397,612970,952367,14720,33101,47821,29484,68982,98466,25993,65585,91578,27973,60600,88573,97300,137029,234329,100931,154532,255463,37474,75140,112614,5522,18001,23523
2021-05-17,343653,617280,960933,14770,33189,47959,29654,69398,99052,26099,65874,91973,28810,61376,90186,100108,139219,239327,101159,154911,256070,37515,75253,112768,5538,18060,23598
2021-05-18,348219,621167,969386,14799,33242,48041,29716,69474,99190,26158,65953,92111,29677,62217,91894,103522,141723,245245,101257,155105,256362,37543,75347,112890,5547,18106,23653
2021-05-19,351630,624471,976101,14840,33341,48181,29825,69687,99512,26200,66068,92268,30306,62851,93157,105937,143522,249459,101388,155418,256806,37578,75437,113015,5556,18147,23703
2021-05-20,362159,636367,998526,14911,33486,48397,29975,69923,99898,26287,66247,92534,33221,66150,99371,112503,149999,262502,101957,156437,258394,37724,75870,113594,5581,18255,23836
2021-05-21,364297,640742,1005039,15016,33745,48761,30161,70472,100633,26394,66642,93036,33317,66494,99811,112948,150828,263776,103073,158226,261299,37799,76026,113825,5589,18309,23898
2021-05-22,365810,642857,1008667,15068,33819,48887,30203,70532,100735,26417,66705,93122,33522,66755,100277,113910,152053,265963,103266,158568,261834,37830,76096,113926,5594,18329,23923
2021-05-23,368169,645196,1013365,15092,33865,48957,30229,70599,100828,26441,66746,93187,34524,67833,102357,115087,152929,268016,103346,158717,262063,37849,76161,114010,5601,18346,23947
2021-05-24,368857,646758,1015615,15129,33947,49076,30295,70732,101027,26478,66847,93325,34747,68071,102818,115356,153803,269159,103397,158818,262215,37854,76186,114040,5601,18354,23955
2021-05-25,373455,655231,1028686,15139,33967,49106,30301,70748,101049,26480,66863,93343,34924,68242,103166,115632,154542,270174,103876,159652,263528,41097,81887,122984,6006,19330,25336
2021-05-26,375717,658615,1034332,15173,34016,49189,30343,70829,101172,26515,66932,93447,35991,69198,105189,115831,154875,270706,104042,159965,264007,41713,83196,124909,6109,19604,25713
2021-05-27,385008,673557,1058565,15232,34130,49362,30438,70992,101430,26606,67093,93699,38663,71639,110302,116109,155083,271192,104724,161153,265877,46533,92262,138795,6703,21205,27908
2021-05-28,395487,688355,1083842,15338,34286,49624,30605,71233,101838,26896,67363,94259,44438,78396,122834,116337,155321,271658,105244,161969,267213,49549,97587,147136,7080,22200,29280
2021-05-29,404389,696636,1101025,15342,34293,49635,30615,71244,101859,27521,67832,95353,52148,85285,137433,116523,155549,272072,105318,162098,267416,49809,98061,147870,7113,22274,29387
2021-05-30,412658,704143,1116801,15343,34301,49644,30621,71250,101871,29284,69366,98650,58506,91090,149596,116606,155627,272233,105340,162125,267465,49839,98102,147941,7119,22282,29401
2021-05-31,424156,719427,1143583,15438,34476,49914,30784,71530,102314,35608,75401,111009,61895,96583,158478,117216,156496,273712,105529,162489,268018,50468,99790,150258,7218,22662,29880
2021-06-01,435219,731976,1167195,15623,34731,50354,31378,71939,103317,42648,82753,125401,64066,99093,163159,117331,156668,273999,105690,162765,268455,51200,101084,152284,7283,22943,30226
2021-06-02,444220,744758,1188978,16231,35378,51609,33077,74530,107607,46643,88028,134671,66086,101683,167769,117487,156874,274361,105813,162974,268787,51531,102027,153558,7352,23264,30616
2021-06-03,456836,764172,1221008,19246,40407,59653,38293,82470,120763,49900,92420,142320,66656,102523,169179,117634,157073,274707,105902,163163,269065,51803,102658,154461,7402,23458,30860
2021-06-04,470002,780372,1250374,22203,43977,66180,43049,87199,130248,52834,96618,149452,67663,103912,171575,118677,158228,276905,106202,163690,269892,51936,103145,155081,7438,23603,31041
2021-06-05,480837,790529,1271366,24857,46344,71201,47813,91104,138917,54661,98322,152983,68329,104591,172920,119317,158947,278264,106347,163972,270319,52043,103506,155549,7470,23743,31213
2021-06-06,489213,800256,1289469,27893,50356,78249,51600,95170,146770,55574,99039,154613,68747,104962,173709,119392,159026,278418,106404,164102,270506,52110,103714,155824,7493,23887,31380
2021-06-07,502783,814357,1317140,30966,53689,84655,54884,97903,152787,58848,102160,161008,72064,108827,180891,119769,159427,279196,106529,164332,270861,52198,103985,156183,7525,24034,31559
2021-06-08,515372,831312,1346684,31965,55168,87133,56239,99936,156175,60318,104204,164522,80113,118720,198833,119913,159623,279536,106720,164660,271380,52523,104701,157224,7581,24300,31881
2021-06-09,527892,844387,1372279,32298,55500,87798,56878,100599,157477,61012,104756,165768,90774,129773,220547,120007,159753,279760,106773,164748,271521,52555,104846,157401,7595,24412,32007
2021-06-10,542113,859269,1401382,33055,56352,89407,57928,101805,159733,62924,106752,169676,100840,139818,240658,120296,160121,280417,106859,164902,271761,52596,105013,157609,7615,24506,32121
2021-06-11,551800,874961,1426761,33253,56585,89838,58395,102112,160507,63669,107409,171078,102213,141303,243516,120432,160358,280790,107782,166344,274126,57906,114769,172675,8150,26081,34231
2021-06-12,558101,882764,1440865,33689,57177,90866,59005,102904,161909,65013,108946,173959,105285,144309,249594,120480,160438,280918,107924,166638,274562,58475,115950,174425,8230,26402,34632
2021-06-13,562200,887137,1449337,33891,57431,91322,59288,103232,162520,65915,109905,175820,107916,147020,254936,120516,160477,280993,107936,166656,274592,58502,116005,174507,8236,26411,34647
2021-06-14,568249,893767,1462016,34633,58282,92915,60314,104291,164605,67252,111244,178496,110560,149820,260380,120560,160541,281101,107974,166748,274722,58696,116342,175038,8260,26499,34759
2021-06-15,582118,907328,1489446,34750,58457,93207,60517,104576,165093,67679,111696,179375,123030,161343,284373,120772,160763,281535,108115,167056,275171,58956,116820,175776,8299,26617,34916
2021-06-16,589681,917528,1507209,35162,59083,94245,61349,105626,166975,69463,113795,183258,125068,163573,288641,120931,160976,281907,110003,169805,279808,59333,117739,177072,8372,26931,35303
2021-06-17,601189,931714,1532903,35354,59364,94718,61782,106062,167844,72434,117004,189438,129238,167836,297074,121455,161649,283104,112751,173850,286601,59724,118688,178412,8451,27261,35712
2021-06-18,615522,946808,1562330,36007,60178,96185,62835,107165,170000,80812,124986,205798,132421,171098,303519,121849,162187,284036,113236,174642,287878,59882,119121,179003,8480,27431,35911
2021-06-19,626087,958306,1584393,36217,60473,96690,62977,107410,170387,89067,133381,222448,133881,172522,306403,122098,162467,284565,113338,174855,288193,59997,119539,179536,8512,27659,36171
2021-06-20,626088,958308,1584396,36217,60474,96691,62978,107410,170388,89067,133382,222449,133881,172522,306403,122098,162467,284565,113338,174855,288193,59997,119539,179536,8512,27659,36171
2021-06-21,632084,964384,1596468,36240,60496,96736,63016,107462,170478,94103,138362,232465,134533,173140,307673,122253,162654,284907,113404,174946,288350,60017,119628,179645,8518,27696,36214
2021-06-22,637136,969543,1606679,36391,60752,97143,63228,107743,170971,96436,140569,237005,136244,174634,310878,122693,163131,285824,113550,175156,288706,60058,119783,179841,8536,27775,36311
2021-06-23,646709,979122,1625831,36529,60991,97520,63413,108103,171516,104311,148099,252410,137345,175556,312901,122833,163351,286184,113617,175274,288891,60111,119914,180025,8550,27834,36384
2021-06-24,662095,998528,1660623,36733,61397,98130,64051,112267,176318,117383,161087,278470,138424,176733,315157,123065,163662,286727,113741,175489,289230,60143,120020,180163,8555,27873,36428
2021-06-25,674934,1017229,1692163,37134,62577,99711,64763,115298,180061,122201,166007,288208,139386,177840,317226,127619,169846,297465,114906,177127,292033,60334,120522,180856,8591,28012,36603
2021-06-26,684210,1029167,1713377,37172,62619,99791,64798,115348,180146,123038,166835,289873,139945,178533,318478,134455,178530,312985,115689,178329,294018,60494,120860,181354,8619,28113,36732
2021-06-27,692324,1038127,1730451,37235,62726,99961,64873,115487,180360,126546,170415,296961,142720,181332,324052,135497,179755,315252,116236,179154,295390,60581,121099,181680,8636,28159,36795
2021-06-28,709554,1057767,1767321,37931,64394,102325,65469,117901,183370,140341,183268,323609,143970,182596,326566,136194,180763,316957,116381,179409,295790,60621,121208,181829,8647,28228,36875
2021-06-29,727766,1076351,1804117,38131,64746,102877,65924,118713,184637,156073,198131,354204,144720,183374,328094,136905,181804,318709,116622,179830,296452,60730,121442,182172,8661,28311,36972
2021-06-30,747221,1095551,1842772,38280,64944,103224,71048,123597,194645,168280,209738,378018,145384,184018,329402,138065,183324,321389,116727,180019,296746,60766,121536,182302,8671,28375,37046
2021-07-01,759883,1108832,1868715,38387,65157,103544,75832,128329,204161,173786,214924,388710,146332,185064,331396,138865,184413,323278,117080,180589,297669,60904,121862,182766,8697,28494,37191
2021-07-02,769671,1126991,1896662,38968,66341,105309,78168,132078,210246,175301,216647,391948,146679,185574,332253,139686,185785,325471,117720,181781,299501,63981,128689,192670,9168,30096,39264
2021-07-03,780520,1139200,1919720,38984,66377,105361,84199,137386,221585,177845,219360,397205,147176,186144,333320,140067,186277,326344,118053,182404,300457,64900,130657,195557,9296,30595,39891
2021-07-04,790886,1149442,1940328,39498,67217,106715,93374,145820,239194,178247,219824,398071,147303,186262,333565,140120,186351,326471,118110,182483,300593,64928,130811,195739,9306,30674,39980
2021-07-05,795907,1154909,1950816,39760,67615,107375,96881,148807,245688,178493,220105,398598,147438,186392,333830,140436,186813,327249,118345,182886,301231,65205,131425,196630,9349,30866,40215
2021-07-06,808865,1167015,1975880,40182,68274,108456,108458,158621,267079,178760,220430,399190,147625,186631,334256,140616,187020,327636,118447,183102,301549,65392,131914,197306,9385,31023,40408
2021-07-07,814443,1173198,1987641,40331,68417,108748,112371,162166,274537,179412,221331,400743,147877,187013,334890,140754,187230,327984,118595,183409,302004,65672,132456,198128,9431,31176,40607
2021-07-08,833209,1189412,2022621,40696,68947,109643,127365,174421,301786,181695,223380,405075,148592,187743,336335,141034,187588,328622,118665,183535,302200,65717,132585,198302,9445,31213,40658
2021-07-09,845951,1202353,2048304,41369,69669,111038,135991,182601,318592,183883,225565,409448,149420,188568,337988,141298,188002,329300,118803,184055,302858,65738,132661,198399,9449,31232,40681
2021-07-10,856678,1213757,2070435,42818,71415,114233,143928,190400,334328,184246,225986,410232,149593,188798,338391,141760,188548,330308,119058,184477,303535,65815,132852,198667,9460,31281,40741
2021-07-11,858791,1217347,2076138,43072,71772,114844,144988,191675,336663,184397,226354,410751,149663,188987,338650,141784,188585,330369,119163,184681,303844,66212,133799,200011,9512,31494,41006
2021-07-12,876666,1233284,2109950,46102,74703,120805,158906,203397,362303,184835,226878,411713,149889,189258,339147,141890,188754,330644,119223,184808,304031,66292,133945,200237,9529,31541,41070
2021-07-13,886927,1241987,2128914,47876,76316,124192,166232,209354,375586,185574,227501,413075,150159,189530,339689,141985,188854,330839,119260,184872,304132,66306,133989,200295,9535,31571,41106
2021-07-14,890334,1245233,2135567,48500,77019,125519,168479,211231,379710,185872,227855,413727,150314,189692,340006,142033,188915,330948,119274,184917,304191,66321,134015,200336,9541,31589,41130
2021-07-15,904214,1264700,2168914,48910,77699,126609,169742,213572,383314,192704,234869,427573,151512,192027,343539,142739,190047,332786,121821,188665,310486,67123,135776,202899,9663,32045,41708
2021-07-16,917918,1284262,2202180,49240,78108,127348,170735,216529,387264,199935,242878,442813,152003,192698,344701,142885,190239,333124,125864,194651,320515,67523,136834,204357,9733,32325,42058
2021-07-17,930006,1297584,2227590,50621,79826,130447,175822,221879,397701,204170,247323,451493,152778,193537,346315,143128,190498,333626,126153,195149,321302,67586,137003,204589,9748,32369,42117
2021-07-18,941139,1309478,2250617,53606,83598,137204,178689,224493,403182,207770,250922,458692,154208,194982,349190,143294,190728,334022,126216,195287,321503,67605,137080,204685,9751,32388,42139
2021-07-19,957663,1327286,2284949,56271,86869,143140,180129,227031,407160,218574,260877,479451,155298,196065,351363,143488,190950,334438,126348,195496,321844,67757,137495,205252,9798,32503,42301
2021-07-20,975884,1346723,2322607,63623,95273,158896,182586,229872,412458,225854,267549,493403,155999,196821,352820,143670,191176,334846,126498,195785,322283,67838,137685,205523,9816,32562,42378
2021-07-21,994367,1365453,2359820,77511,109267,186778,185877,233147,419024,226528,268263,494791,156326,197130,353456,143819,191322,335141,126621,196007,322628,67862,137732,205594,9823,32585,42408
2021-07-22,1013289,1382782,2396071,90458,120855,211313,189932,236712,426644,227689,269408,497097,156820,197731,354551,143979,191549,335528,126688,196098,322786,67891,137808,205699,9832,32621,42453
2021-07-23,1028739,1400275,2429014,96379,127960,224339,192714,239589,432303,233328,275416,508744,157605,198673,356278,144185,191848,336033,126771,196236,323007,67922,137898,205820,9835,32655,42490
2021-07-24,1042956,1414852,2457808,97107,128927,226034,193197,240042,433239,238987,280874,519861,164525,205739,370264,144439,192160,336599,126861,196352,323213,67999,138055,206054,9841,32703,42544
2021-07-25,1054521,1428676,2483197,104000,138011,242011,196112,242802,438914,239883,281904,521787,165141,206356,371497,144631,192365,336996,126895,196410,323305,68014,138097,206111,9845,32731,42576
2021-07-26,1071998,1450423,2522421,109525,144987,254512,200527,248473,449000,244440,287284,531724,167544,209072,376616,144994,192862,337856,127039,196715,323754,68076,138246,206322,9853,32784,42637
2021-07-27,1087108,1469073,2556181,116545,153222,269767,203481,252278,455759,247216,290863,538079,168774,210531,379305,145790,193745,339535,127271,197105,324376,68159,138480,206639,9872,32849,42721
2021-07-28,1104767,1489417,2594184,131743,170326,302069,204735,253744,458479,247930,291874,539804,169083,210985,380068,145917,193909,339826,127303,197185,324488,68175,138526,206701,9881,32868,42749
2021-07-29,1123620,1507509,2631129,146840,184485,331325,206710,255602,462312,248983,293094,542077,169561,211505,381066,146082,194082,340164,127366,197260,324626,68191,138576,206767,9887,32905,42792
2021-07-30,1140087,1523763,2663850,152576,189783,342359,212741,261455,474196,252322,296528,548850,170600,212659,383259,146309,194358,340667,127423,197401,324824,68225,138633,206858,9891,32946,42837
2021-07-31,1154538,1534936,2689474,154192,191492,345684,220410,268065,488475,256592,298539,555131,171226,213147,384373,146504,194544,341048,127472,197479,324951,68245,138694,206939,9897,32976,42873
2021-08-01,1160863,1542656,2703519,155605,193377,348982,223225,271549,494774,257965,299954,557919,171701,213686,385387,146687,194775,341462,127519,197574,325093,68261,138742,207003,9900,32999,42899
2021-08-02,1179421,1560670,2740091,158550,196700,355250,234337,281397,515734,261536,303645,565181,172381,214432,386813,146858,195003,341861,127576,197677,325253,68277,138798,207075,9906,33018,42924
2021-08-03,1195752,1575920,2771672,166536,203977,370513,237294,284069,521363,264104,305823,569927,174844,217123,391967,147139,195272,342411,127630,197762,325392,68292,138853,207145,9913,33041,42954
2021-08-04,1208632,1591080,2799712,168496,206499,374995,240015,286917,526932,265700,307820,573520,181171,224529,405700,147324,195501,342825,127698,197855,325553,68312,138901,207213,9916,33058,42974
2021-08-05,1217722,1596709,2814431,172172,209957,382129,243590,287034,530624,266959,309101,576060,181590,225020,406610,147447,195653,343100,127725,197937,325662,68322,138931,207253,9917,33076,42993
2021-08-06,1222104,1602025,2824129,172825,210732,383557,244442,287811,532253,267320,309446,576766,181794,225261,407055,148547,197113,345660,128908,199582,328490,68347,138988,207335,9921,33092,43013
2021-08-07,1232287,1616318,2848605,173913,211618,385531,244495,287874,532369,267363,309505,576868,181851,225318,407169,149839,198975,348814,136454,210727,347181,68436,139163,207599,9936,33138,43074
2021-08-08,1241310,1629183,2870493,173915,211633,385548,244504,287890,532394,267369,309517,576886,181877,225377,407254,155098,206182,361280,140050,216035,356085,68544,139373,207917,9953,33176,43129
2021-08-09,1255527,1648772,2904299,174048,211790,385838,244713,288101,532814,267536,309751,577287,182922,226898,409820,165674,220726,386400,142032,218696,360728,68637,139590,208227,9965,33220,43185
2021-08-10,1269800,1667650,2937450,174394,212206,386600,245205,288619,533824,268702,310575,579277,184260,228683,412943,172915,230497,403412,145582,223965,369547,68757,139832,208589,9985,33273,43258
2021-08-11,1284752,1684210,2968962,175704,213314,389018,245492,289066,534558,269000,311001,580001,186680,231298,417978,181727,239550,421277,147264,226594,373858,68884,140061,208945,10001,33326,43327
2021-08-12,1294346,1697045,2991391,176081,213735,389816,245744,289351,535095,269228,311268,580496,188479,233551,422030,185429,243839,429268,150356,231556,381912,69002,140353,209355,10027,33392,43419
2021-08-13,1307292,1715063,3022355,176186,213851,390037,245927,289527,535454,269366,311453,580819,188849,233996,422845,190983,250755,441738,156612,240845,397457,69294,141065,210359,10075,33571,43646
2021-08-14,1315632,1727637,3043269,176270,213984,390254,246073,289742,535815,269525,311760,581285,190436,236161,426597,196478,258871,455349,157388,242223,399611,69371,141280,210651,10091,33616,43707
2021-08-15,1327199,1740129,3067328,176732,214537,391269,246860,290700,537560,270934,313169,584103,197146,243152,440298,198164,260489,458653,157815,242964,400779,69440,141452,210892,10108,33666,43774
