FECHA,TotalM,TotalF,Total,<=30M,<=30F,<=30,31-40M,31-40F,31-40,41-50M,41-50F,41-50,51-60M,51-60F,51-60,61-70M,61-70F,61-70,71-80M,71-80F,71-80,81-90M,81-90F,81-90,>=91M,>=91F,>=91
2020-12-29,299,476,775,44,76,120,104,144,248,93,154,247,57,100,157,1,2,3,0,0,0,0,0,0,0,0,0
2020-12-30,638,1040,1678,95,189,284,226,317,543,189,329,518,125,202,327,3,3,6,0,0,0,0,0,0,0,0,0
2020-12-31,684,1091,1775,102,192,294,240,334,574,205,350,555,134,211,345,3,4,7,0,0,0,0,0,0,0,0,0
2021-01-01,684,1091,1775,102,192,294,240,334,574,205,350,555,134,211,345,3,4,7,0,0,0,0,0,0,0,0,0
2021-01-02,837,1368,2205,116,225,341,298,444,742,255,428,683,164,266,430,4,5,9,0,0,0,0,0,0,0,0,0
2021-01-03,892,1482,2374,125,242,367,323,492,815,267,458,725,173,285,458,4,5,9,0,0,0,0,0,0,0,0,0
2021-01-04,1248,2066,3314,186,343,529,439,695,1134,370,633,1003,248,390,638,5,5,10,0,0,0,0,0,0,0,0,0
2021-01-05,1761,2880,4641,259,480,739,655,966,1621,496,880,1376,345,545,890,6,8,14,0,1,1,0,0,0,0,0,0
2021-01-06,2327,3752,6079,358,642,1000,866,1228,2094,654,1136,1790,441,736,1177,8,9,17,0,1,1,0,0,0,0,0,0
2021-01-07,2901,4766,7667,448,811,1259,1067,1576,2643,815,1438,2253,563,931,1494,8,9,17,0,1,1,0,0,0,0,0,0
2021-01-08,3571,5953,9524,569,1041,1610,1294,1981,3275,1008,1780,2788,687,1138,1825,13,12,25,0,1,1,0,0,0,0,0,0
2021-01-09,3740,6228,9968,583,1081,1664,1366,2083,3449,1060,1869,2929,718,1182,1900,13,12,25,0,1,1,0,0,0,0,0,0
2021-01-10,3949,6590,10539,616,1129,1745,1455,2235,3690,1114,1972,3086,749,1241,1990,15,12,27,0,1,1,0,0,0,0,0,0
2021-01-11,4611,7791,12402,727,1387,2114,1722,2639,4361,1291,2299,3590,854,1450,2304,17,15,32,0,1,1,0,0,0,0,0,0
2021-01-12,5206,8888,14094,824,1578,2402,1958,3027,4985,1442,2592,4034,964,1674,2638,18,16,34,0,1,1,0,0,0,0,0,0
2021-01-13,5672,9780,15452,903,1757,2660,2122,3352,5474,1571,2826,4397,1057,1828,2885,19,16,35,0,1,1,0,0,0,0,0,0
2021-01-14,6476,11204,17680,1072,2039,3111,2414,3840,6254,1791,3223,5014,1180,2084,3264,19,17,36,0,1,1,0,0,0,0,0,0
2021-01-15,7672,13432,21104,1287,2492,3779,2881,4612,7493,2099,3837,5936,1386,2470,3856,19,20,39,0,1,1,0,0,0,0,0,0
2021-01-16,8148,14293,22441,1383,2646,4029,3059,4941,8000,2219,4082,6301,1468,2603,4071,19,20,39,0,1,1,0,0,0,0,0,0
2021-01-17,8433,14840,23273,1449,2739,4188,3172,5156,8328,2291,4237,6528,1502,2687,4189,19,20,39,0,1,1,0,0,0,0,0,0
2021-01-18,8621,15159,23780,1477,2793,4270,3232,5260,8492,2348,4343,6691,1545,2742,4287,19,20,39,0,1,1,0,0,0,0,0,0
2021-01-19,8907,15631,24538,1513,2860,4373,3314,5431,8745,2443,4489,6932,1616,2829,4445,21,21,42,0,1,1,0,0,0,0,0,0
2021-01-20,9200,16136,25336,1544,2956,4500,3423,5581,9004,2532,4647,7179,1680,2928,4608,21,23,44,0,1,1,0,0,0,0,0,0
2021-01-21,9329,16323,25652,1567,2985,4552,3467,5633,9100,2566,4710,7276,1703,2969,4672,26,24,50,0,2,2,0,0,0,0,0,0
2021-01-22,9363,16372,25735,1573,2995,4568,3480,5647,9127,2578,4727,7305,1705,2976,4681,27,25,52,0,2,2,0,0,0,0,0,0
2021-01-23,9482,16575,26057,1583,3017,4600,3525,5728,9253,2617,4787,7404,1729,3016,4745,28,25,53,0,2,2,0,0,0,0,0,0
2021-01-24,9526,16664,26190,1588,3027,4615,3545,5765,9310,2628,4813,7441,1737,3032,4769,28,25,53,0,2,2,0,0,0,0,0,0
2021-01-25,9807,17124,26931,1633,3104,4737,3629,5913,9542,2708,4957,7665,1807,3122,4929,30,26,56,0,2,2,0,0,0,0,0,0
2021-01-26,10177,17770,27947,1673,3209,4882,3775,6097,9872,2813,5173,7986,1883,3259,5142,33,30,63,0,2,2,0,0,0,0,0,0
2021-01-27,10623,18434,29057,1747,3325,5072,3944,6295,10239,2930,5367,8297,1965,3414,5379,37,31,68,0,2,2,0,0,0,0,0,0
2021-01-28,11082,19242,30324,1822,3470,5292,4096,6568,10664,3058,5593,8651,2068,3578,5646,38,31,69,0,2,2,0,0,0,0,0,0
2021-01-29,11718,20307,32025,1924,3658,5582,4339,6944,11283,3241,5900,9141,2172,3768,5940,42,35,77,0,2,2,0,0,0,0,0,0
2021-01-30,11871,20569,32440,1943,3697,5640,4399,7048,11447,3286,5979,9265,2201,3808,6009,42,35,77,0,2,2,0,0,0,0,0,0
2021-01-31,11989,20794,32783,1966,3730,5696,4441,7141,11582,3318,6039,9357,2221,3847,6068,43,35,78,0,2,2,0,0,0,0,0,0
2021-02-01,12535,21737,34272,2057,3905,5962,4665,7473,12138,3468,6293,9761,2301,4025,6326,44,39,83,0,2,2,0,0,0,0,0,0
2021-02-02,13718,23743,37461,2170,4149,6319,4954,7938,12892,3674,6731,10405,2527,4488,7015,350,403,753,37,32,69,5,2,7,1,0,1
2021-02-03,14985,26053,41038,2308,4475,6783,5278,8555,13833,3927,7277,11204,2773,4962,7735,617,721,1338,73,59,132,8,4,12,1,0,1
2021-02-04,16227,28377,44604,2467,4799,7266,5637,9219,14856,4219,7843,12062,2994,5445,8439,784,971,1755,112,93,205,12,7,19,2,0,2
2021-02-05,18134,32090,50224,2747,5377,8124,6257,10389,16646,4624,8753,13377,3350,6180,9530,974,1247,2221,163,135,298,17,9,26,2,0,2
2021-02-06,18576,32896,51472,2828,5495,8323,6393,10665,17058,4740,8983,13723,3436,6335,9771,996,1273,2269,164,136,300,17,9,26,2,0,2
2021-02-07,18929,33548,52477,2882,5585,8467,6506,10902,17408,4850,9175,14025,3494,6446,9940,1012,1294,2306,166,137,303,17,9,26,2,0,2
2021-02-08,19796,35142,54938,3010,5865,8875,6784,11404,18188,5060,9603,14663,3644,6717,10361,1101,1397,2498,177,147,324,18,9,27,2,0,2
2021-02-09,20787,37068,57855,3151,6207,9358,7087,11972,19059,5287,10065,15352,3825,7120,10945,1221,1542,2763,191,153,344,23,9,32,2,0,2
2021-02-10,21323,38092,59415,3232,6371,9603,7218,12295,19513,5432,10327,15759,3933,7326,11259,1280,1604,2884,200,160,360,26,9,35,2,0,2
2021-02-11,21778,39153,60931,3303,6551,9854,7363,12640,20003,5529,10595,16124,4005,7524,11529,1337,1666,3003,212,168,380,27,9,36,2,0,2
2021-02-12,22284,40099,62383,3376,6704,10080,7529,12972,20501,5643,10871,16514,4095,7662,11757,1384,1706,3090,225,175,400,30,9,39,2,0,2
2021-02-13,22312,40143,62455,3378,6712,10090,7540,12989,20529,5649,10880,16529,4103,7671,11774,1384,1707,3091,226,175,401,30,9,39,2,0,2
2021-02-14,22318,40167,62485,3380,6719,10099,7542,12996,20538,5649,10890,16539,4105,7671,11776,1384,1707,3091,226,175,401,30,9,39,2,0,2
2021-02-15,22318,40167,62485,3380,6719,10099,7542,12996,20538,5649,10890,16539,4105,7671,11776,1384,1707,3091,226,175,401,30,9,39,2,0,2
2021-02-16,22329,40203,62532,3381,6720,10101,7550,13014,20564,5651,10903,16554,4105,7674,11779,1384,1707,3091,226,176,402,30,9,39,2,0,2
2021-02-17,23128,41707,64835,3508,6948,10456,7796,13464,21260,5822,11334,17156,4251,7961,12212,1481,1811,3292,238,180,418,30,9,39,2,0,2
2021-02-18,24976,45586,70562,3726,7488,11214,8319,14511,22830,6201,12357,18558,4614,8744,13358,1748,2197,3945,317,274,591,49,15,64,2,0,2
2021-02-19,26647,49402,76049,3921,8022,11943,8767,15626,24393,6628,13340,19968,4924,9480,14404,1959,2531,4490,382,378,760,61,25,86,5,0,5
2021-02-20,27099,50187,77286,3966,8105,12071,8903,15898,24801,6740,13533,20273,5012,9630,14642,2012,2613,4625,399,383,782,62,25,87,5,0,5
2021-02-21,27428,50692,78120,4001,8170,12171,8996,16086,25082,6820,13664,20484,5091,9716,14807,2045,2643,4688,406,388,794,64,25,89,5,0,5
2021-02-22,30852,56937,87789,4196,8615,12811,9347,16950,26297,7089,14363,21452,5346,10261,15607,2357,2956,5313,802,922,1724,1543,2444,3987,172,426,598
2021-02-23,34833,64338,99171,4448,9143,13591,9793,18047,27840,7515,15365,22880,5709,11061,16770,2835,3567,6402,1161,1422,2583,3021,4871,7892,351,862,1213
2021-02-24,38889,71948,110837,4705,9605,14310,10345,19100,29445,7962,16331,24293,6036,11812,17848,3220,4068,7288,1556,2034,3590,4549,7631,12180,516,1367,1883
2021-02-25,42935,79497,122432,4939,10138,15077,10868,20189,31057,8454,17224,25678,6408,12598,19006,3564,4560,8124,1894,2604,4498,6089,10307,16396,719,1877,2596
2021-02-26,46854,87394,134248,5188,10699,15887,11412,21305,32717,8832,18176,27008,6803,13453,20256,3917,5064,8981,2254,3142,5396,7539,13112,20651,909,2443,3352
2021-02-27,47383,88500,135883,5228,10773,16001,11511,21432,32943,8920,18298,27218,6863,13560,20423,3975,5165,9140,2320,3270,5590,7642,13422,21064,924,2580,3504
2021-02-28,47537,88853,136390,5243,10790,16033,11541,21491,33032,8937,18332,27269,6876,13576,20452,4009,5198,9207,2335,3308,5643,7667,13516,21183,929,2642,3571
2021-03-01,50622,94921,145543,5354,11021,16375,11801,22013,33814,9159,18730,27889,7041,13958,20999,4202,5447,9649,2692,3869,6561,9243,16707,25950,1130,3176,4306
2021-03-02,53660,100782,154442,5480,11318,16798,12031,22516,34547,9333,19155,28488,7197,14303,21500,4388,5758,10146,3062,4439,7501,10828,19610,30438,1341,3683,5024
2021-03-03,56541,106585,163126,5613,11576,17189,12281,23111,35392,9554,19650,29204,7356,14689,22045,4526,5993,10519,3366,4957,8323,12290,22387,34677,1555,4222,5777
2021-03-04,57815,109450,167265,5736,11895,17631,12512,23666,36178,9740,20070,29810,7494,15021,22515,4645,6220,10865,3484,5160,8644,12618,23060,35678,1586,4358,5944
2021-03-05,58927,112041,170968,5830,12140,17970,12761,24241,37002,9936,20616,30552,7659,15422,23081,4763,6437,11200,3557,5304,8861,12803,23443,36246,1618,4438,6056
2021-03-06,59583,114367,173950,5870,12378,18248,12936,24766,37702,10071,21126,31197,7761,15850,23611,4791,6493,11284,3623,5449,9072,12890,23746,36636,1641,4559,6200
2021-03-07,60230,116432,176662,5905,12569,18474,13081,25256,38337,10218,21582,31800,7883,16211,24094,4826,6537,11363,3691,5581,9272,12965,23996,36961,1661,4700,6361
2021-03-08,61683,119753,181436,5996,12821,18817,13264,25700,38964,10352,21969,32321,8020,16561,24581,4957,6808,11765,3870,5890,9760,13491,25005,38496,1733,4999,6732
2021-03-09,65448,126597,192045,6154,13127,19281,13598,26385,39983,10624,22501,33125,8272,17062,25334,5228,7162,12390,4289,6560,10849,15324,28133,43457,1959,5667,7626
2021-03-10,69487,135315,204802,6366,13645,20011,13984,27508,41492,10959,23612,34571,8620,18056,26676,5452,7496,12948,4692,7205,11897,17207,31456,48663,2207,6337,8544
2021-03-11,74673,147635,222308,6776,14558,21334,14727,29541,44268,11526,25799,37325,9145,19681,28826,5818,8031,13849,5136,7943,13079,19128,35105,54233,2417,6977,9394
2021-03-12,78475,157929,236404,7207,15604,22811,15557,32064,47621,12207,28326,40533,9722,21542,31264,6107,8487,14594,5365,8272,13637,19787,36386,56173,2523,7248,9771
2021-03-13,79967,163030,242997,7401,16387,23788,15975,33566,49541,12585,29728,42313,10020,22505,32525,6197,8616,14813,5395,8351,13746,19854,36561,56415,2540,7316,9856
2021-03-14,81011,166985,247996,7498,16900,24398,16280,34671,50951,12877,30951,43828,10262,23441,33703,6277,8749,15026,5420,8391,13811,19857,36566,56423,2540,7316,9856
2021-03-15,83983,175953,259936,7758,17925,25683,16925,36884,53809,13431,33115,46546,10765,25133,35898,6560,9272,15832,5632,8716,14348,20304,37465,57769,2608,7443,10051
2021-03-16,87912,185400,273312,8025,18769,26794,17537,38665,56202,13995,34834,48829,11224,26560,37784,6894,9871,16765,6011,9285,15296,21508,39661,61169,2718,7755,10473
2021-03-17,92087,194638,286725,8317,19449,27766,18157,40367,58524,14573,36452,51025,11672,27783,39455,7285,10575,17860,6435,9960,16395,22786,41965,64751,2862,8087,10949
2021-03-18,96444,204482,300926,8652,20351,29003,18896,42289,61185,15247,38218,53465,12253,29221,41474,7607,11165,18772,6873,10652,17525,23914,44118,68032,3002,8468,11470
2021-03-19,100596,214358,314954,9005,21346,30351,19673,44353,64026,16022,40082,56104,12881,30708,43589,7859,11544,19403,7175,11162,18337,24827,46165,70992,3154,8998,12152
2021-03-20,102782,219295,322077,9075,21567,30642,19880,44828,64708,16213,40546,56759,13078,31178,44256,8316,12620,20936,7560,11785,19345,25408,47465,72873,3252,9306,12558
2021-03-21,104456,222757,327213,9099,21629,30728,19951,44962,64913,16256,40627,56883,13173,31372,44545,8953,14039,22992,7979,12471,20450,25739,48174,73913,3306,9483,12789
2021-03-22,106531,227222,333753,9265,21924,31189,20259,45647,65906,16495,41201,57696,13404,32014,45418,9527,15481,25008,8448,13154,21602,25814,48293,74107,3319,9508,12827
2021-03-23,109548,234161,343709,9385,22193,31578,20517,46223,66740,16709,41730,58439,13609,32472,46081,9935,16351,26286,8902,13895,22797,26971,51012,77983,3520,10285,13805
2021-03-24,111406,238288,349694,9391,22210,31601,20529,46251,66780,16719,41756,58475,13646,32535,46181,10173,16916,27089,9245,14552,23797,28027,53282,81309,3676,10786,14462
2021-03-25,113506,242565,356071,9521,22506,32027,20786,46808,67594,16962,42189,59151,13808,32852,46660,10266,17070,27336,9550,15012,24562,28816,54935,83751,3797,11193,14990
2021-03-26,114610,245188,359798,9558,22600,32158,20895,47003,67898,17038,42360,59398,13894,32990,46884,10386,17454,27840,9732,15406,25138,29229,55863,85092,3878,11512,15390
2021-03-27,115347,247050,362397,9561,22606,32167,20900,47018,67918,17041,42373,59414,13899,33012,46911,10403,17494,27897,9881,15736,25617,29715,56943,86658,3947,11868,15815
2021-03-28,116057,248934,364991,9563,22610,32173,20903,47025,67928,17042,42384,59426,13907,33024,46931,10433,17533,27966,10023,15995,26018,30148,58087,88235,4038,12276,16314
2021-03-29,118357,254760,373117,9763,23136,32899,21323,48117,69440,17389,43281,60670,14187,33761,47948,10584,17818,28402,10260,16390,26650,30702,59492,90194,4149,12765,16914
2021-03-30,121503,261976,383479,9881,23429,33310,21567,48771,70338,17617,43815,61432,15240,36136,51376,11351,19057,30408,10628,17084,27712,31007,60534,91541,4212,13150,17362
2021-03-31,125662,270483,396145,10110,23958,34068,22062,50010,72072,18050,44895,62945,15476,36631,52107,11511,19275,30786,12671,20256,32927,31469,61831,93300,4313,13627,17940
2021-04-01,130187,278056,408243,10137,23986,34123,22087,50093,72180,18590,45928,64518,15860,37385,53245,11579,19475,31054,15736,24603,40339,31819,62693,94512,4379,13893,18272
2021-04-02,134603,285267,419870,10138,23989,34127,22089,50099,72188,19500,47662,67162,15867,37400,53267,11594,19501,31095,18904,29248,48152,32094,63304,95398,4417,14064,18481
2021-04-03,138355,291352,429707,10139,23997,34136,22092,50103,72195,19508,47669,67177,15876,37407,53283,11603,19512,31115,22484,34886,57370,32202,63598,95800,4451,14180,18631
2021-04-04,139459,293101,432560,10139,23997,34136,22092,50104,72196,19510,47675,67185,15880,37411,53291,11621,19529,31150,23554,36579,60133,32207,63615,95822,4456,14191,18647
2021-04-05,145530,302885,448415,10227,24123,34350,22166,50303,72469,19586,47875,67461,15960,37610,53570,11753,19720,31473,29014,45089,74103,32335,63880,96215,4489,14285,18774
2021-04-06,152361,313885,466246,10330,24271,34601,22291,50527,72818,19656,48023,67679,16020,37730,53750,11865,19899,31764,35114,54630,89744,32552,64367,96919,4533,14438,18971
2021-04-07,159923,325799,485722,10421,24390,34811,22415,50793,73208,19730,48195,67925,16099,37872,53971,12519,20710,33229,41246,64129,105375,32897,65095,97992,4596,14615,19211
2021-04-08,168410,337880,506290,10584,24555,35139,22625,51061,73686,19833,48350,68183,16183,38038,54221,14045,22940,36985,47470,72929,120399,33050,65314,98364,4620,14693,19313
2021-04-09,175759,349153,524912,10712,24801,35513,22848,51449,74297,19954,48608,68562,16273,38222,54495,15388,24794,40182,52736,80799,133535,33197,65648,98845,4651,14832,19483
2021-04-10,178861,353913,532774,10760,24909,35669,22912,51600,74512,20031,48729,68760,16327,38344,54671,16043,25800,41843,54879,83968,138847,33251,65702,98953,4658,14861,19519
2021-04-11,181771,358532,540303,10808,25017,35825,23008,51782,74790,20083,48891,68974,16392,38510,54902,16642,26710,43352,56896,86966,143862,33280,65764,99044,4662,14892,19554
2021-04-12,189883,371052,560935,10939,25260,36199,23189,52134,75323,20198,49116,69314,16501,38707,55208,18254,29014,47268,62747,95886,158633,33369,65963,99332,4686,14972,19658
2021-04-13,197552,382832,580384,11144,25447,36591,23419,52472,75891,20415,49352,69767,16696,39079,55775,20220,32430,52650,67460,102759,170219,33492,66225,99717,4706,15068,19774
2021-04-14,204143,392631,596774,11376,25523,36899,23601,52638,76239,20571,49537,70108,16761,39147,55908,21034,33455,54489,71294,108688,179982,34659,68177,102836,4847,15466,20313
2021-04-15,207418,398336,605754,11512,25569,37081,23702,52676,76378,20650,49560,70210,16803,39194,55997,22324,36269,58593,72819,111175,183994,34742,68372,103114,4866,15521,20387
2021-04-16,211217,404077,615294,11612,25602,37214,23750,52703,76453,20692,49584,70276,16819,39210,56029,22952,37108,60060,75402,115028,190430,35062,69128,104190,4928,15714,20642
2021-04-17,211535,404565,616100,11628,25616,37244,23775,52720,76495,20729,49617,70346,16856,39241,56097,22995,37148,60143,75542,115300,190842,35080,69185,104265,4930,15738,20668
2021-04-18,211682,404726,616408,11644,25622,37266,23797,52736,76533,20758,49650,70408,16899,39270,56169,23004,37165,60169,75557,115317,190874,35089,69214,104303,4934,15752,20686
2021-04-19,215726,411084,626810,11803,25652,37455,23861,52749,76610,20808,49665,70473,16915,39283,56198,23495,37843,61338,78360,119710,198070,35485,70192,105677,4999,15990,20989
2021-04-20,221891,421664,643555,11966,25714,37680,23942,52819,76761,20875,49749,70624,17366,40341,57707,26513,42771,69284,79964,122155,202119,36069,71531,107600,5196,16584,21780
2021-04-21,230300,433756,664056,12050,25760,37810,23991,52864,76855,20921,49794,70715,17451,40556,58007,34268,53705,87973,80294,122779,203073,36116,71658,107774,5209,16640,21849
2021-04-22,240368,447672,688040,12097,25805,37902,24030,52910,76940,20953,49845,70798,17493,40620,58113,43730,66672,110402,80662,123367,204029,36185,71781,107966,5218,16672,21890
2021-04-23,250567,460876,711443,12123,25852,37975,24077,52965,77042,21004,49920,70924,17561,40695,58256,53461,79025,132486,80880,123757,204637,36235,71923,108158,5226,16739,21965
2021-04-24,253480,464391,717871,12128,25861,37989,24082,52973,77055,21019,49936,70955,17579,40717,58296,56077,82214,138291,81095,123945,205040,36264,71986,108250,5236,16759,21995
2021-04-25,253561,464514,718075,12130,25863,37993,24086,52976,77062,21024,49948,70972,17588,40724,58312,56134,82292,138426,81097,123954,205051,36264,71994,108258,5238,16763,22001
2021-04-26,255065,466895,721960,12144,25869,38013,24097,52988,77085,21033,49958,70991,17593,40740,58333,57450,84305,141755,81225,124176,205401,36279,72070,108349,5244,16789,22033
2021-04-27,256452,469747,726199,12221,25940,38161,24146,53080,77226,21076,50025,71101,17628,40798,58426,58350,85973,144323,81457,124894,206351,36324,72211,108535,5250,16826,22076
2021-04-28,263513,485775,749288,12942,27773,40715,25697,57389,83086,22363,53874,76237,18644,43750,62394,60593,88606,149199,81660,125215,206875,36358,72307,108665,5256,16861,22117
2021-04-29,270041,498929,768970,13396,29093,42489,26774,60586,87360,23395,56868,80263,19505,46113,65618,63325,91279,154604,81954,125590,207544,36416,72473,108889,5276,16927,22203
2021-04-30,271368,500911,772279,13467,29218,42685,26871,60763,87634,23442,56962,80404,19536,46186,65722,64158,92388,156546,82155,125871,208026,36452,72554,109006,5287,16969,22256
2021-05-01,271897,501970,773867,13477,29248,42725,26926,60862,87788,23464,57015,80479,19558,46224,65782,64469,92981,157450,82246,126029,208275,36468,72613,109081,5289,16998,22287
2021-05-02,276190,511804,787994,13785,30187,43972,27737,63031,90768,24275,59088,83363,20195,47848,68043,64962,94030,158992,83436,127869,211305,36505,72712,109217,5295,17039,22334
2021-05-03,284392,523329,807721,13841,30292,44133,27840,63196,91036,24327,59177,83504,21018,49009,70027,69855,100525,170380,85613,131136,216749,36587,72895,109482,5311,17099,22410
2021-05-04,295949,537612,833561,13932,30414,44346,27935,63373,91308,24371,59275,83646,22995,51479,74474,78883,111507,190390,85881,131451,217332,36629,72973,109602,5323,17140,22463
2021-05-05,306589,552915,859504,14054,30601,44655,28146,63562,91708,24601,59410,84011,23569,52147,75716,81996,116132,198128,91967,140176,232143,36896,73597,110493,5360,17290,22650
2021-05-06,310203,558268,868471,14164,30700,44864,28301,63678,91979,24800,59465,84265,23991,52571,76562,83651,118863,202514,92952,141956,234908,36964,73710,110674,5380,17325,22705
2021-05-07,318158,571350,889508,14300,30988,45288,28528,64195,92723,24996,59846,84842,24249,53079,77328,85033,121675,206708,98570,150214,248784,37078,73940,111018,5404,17413,22817
2021-05-08,320547,586632,907179,14482,32598,47080,28998,67691,96689,25499,64446,89945,24814,56714,81528,85610,123463,209073,98638,150305,248943,37092,73980,111072,5414,17435,22849
2021-05-09,320681,586854,907535,14482,32598,47080,28998,67691,96689,25500,64446,89946,24835,56726,81561,85678,123540,209218,98652,150326,248978,37114,74045,111159,5422,17482,22904
2021-05-10,321508,589369,910877,14509,32640,47149,29029,67744,96773,25527,64490,90017,24983,56978,81961,85995,124959,210954,98850,150788,249638,37177,74215,111392,5438,17555,22993
2021-05-11,324796,593292,918088,14529,32675,47204,29060,67801,96861,25558,64545,90103,25613,57721,83334,88389,127647,216036,98981,150972,249953,37214,74318,111532,5452,17613,23065
2021-05-12,328366,597699,926065,14564,32707,47271,29106,67863,96969,25599,64606,90205,26296,58514,84810,90880,130440,221320,99151,151346,250497,37302,74521,111823,5468,17702,23170
2021-05-13,331252,603072,934324,14618,32811,47429,29200,68095,97295,25677,64762,90439,26475,58825,85300,91763,132148,223911,100645,153857,254502,37388,74771,112159,5486,17803,23289
2021-05-14,332583,606124,938707,14671,32907,47578,29292,68284,97576,25751,64898,90649,26644,59060,85704,92350,133618,225968,100929,154513,255442,37442,74952,112394,5504,17892,23396
2021-05-15,338992,611294,950286,14690,32947,47637,29330,68351,97681,25781,64947,90728,27840,60264,88104,97341,137079,234420,101025,154687,255712,37472,75073,112545,5513,17946,23459
2021-05-16,339865,613599,953464,14748,33140,47888,29538,69052,98590,26034,65657,91691,28017,60664,88681,97470,137232,234702,101050,154729,255779,37485,75147,112632,5523,17978,23501
2021-05-17,344131,617925,962056,14797,33229,48026,29708,69470,99178,26139,65947,92086,28854,61443,90297,100289,139430,239719,101279,155109,256388,37526,75259,112785,5539,18038,23577
2021-05-18,348688,621826,970514,14826,33282,48108,29770,69546,99316,26199,66026,92225,29717,62286,92003,103697,141943,245640,101377,155305,256682,37554,75354,112908,5548,18084,23632
2021-05-19,352130,625147,977277,14867,33381,48248,29879,69760,99639,26244,66141,92385,30348,62922,93270,106137,143754,249891,101508,155619,257127,37589,75445,113034,5558,18125,23683
2021-05-20,362700,637087,999787,14938,33525,48463,30029,69997,100026,26331,66320,92651,33272,66237,99509,112727,150249,262976,102085,156643,258728,37735,75883,113618,5583,18233,23816
2021-05-21,364843,641471,1006314,15043,33784,48827,30215,70544,100759,26438,66717,93155,33368,66582,99950,113174,151081,264255,103204,158435,261639,37810,76041,113851,5591,18287,23878
2021-05-22,366364,643595,1009959,15095,33858,48953,30257,70606,100863,26461,66780,93241,33575,66843,100418,114140,152313,266453,103399,158777,262176,37841,76111,113952,5596,18307,23903
2021-05-23,368737,645953,1014690,15119,33904,49023,30283,70673,100956,26485,66821,93306,34582,67930,102512,115326,153195,268521,103479,158930,262409,37860,76176,114036,5603,18324,23927
2021-05-24,369428,647520,1016948,15156,33986,49142,30349,70806,101155,26522,66922,93444,34806,68168,102974,115597,154072,269669,103530,159033,262563,37865,76201,114066,5603,18332,23935
2021-05-25,374027,655997,1030024,15166,34006,49172,30355,70822,101177,26524,66938,93462,34983,68339,103322,115874,154814,270688,104009,159868,263877,41108,81902,123010,6008,19308,25316
2021-05-26,376294,659392,1035686,15200,34055,49255,30397,70903,101300,26559,67009,93568,36054,69302,105356,116073,155148,271221,104175,160181,264356,41725,83211,124936,6111,19583,25694
2021-05-27,385596,674336,1059932,15260,34170,49430,30493,71066,101559,26651,67171,93822,38735,71753,110488,116352,155354,271706,104856,161368,266224,46545,92272,138817,6704,21182,27886
2021-05-28,396096,689150,1085246,15367,34326,49693,30660,71308,101968,26943,67441,94384,44526,78525,123051,116580,155592,272172,105376,162183,267559,49563,97598,147161,7081,22177,29258
2021-05-29,405042,697464,1102506,15371,34334,49705,30670,71320,101990,27572,67912,95484,52273,85438,137711,116767,155821,272588,105450,162312,267762,49825,98076,147901,7114,22251,29365
2021-05-30,413342,705000,1118342,15372,34342,49714,30676,71327,102003,29343,69452,98795,58651,91262,149913,116851,155899,272750,105473,162339,267812,49856,98118,147974,7120,22261,29381
2021-05-31,424870,720312,1145182,15467,34519,49986,30839,71608,102447,35690,75502,111192,62050,96772,158822,117460,156767,274227,105660,162701,268361,50485,99805,150290,7219,22638,29857
2021-06-01,435963,732888,1168851,15657,34774,50431,31435,72020,103455,42746,82871,125617,64227,99288,163515,117576,156939,274515,105821,162978,268799,51217,101099,152316,7284,22919,30203
2021-06-02,444984,745694,1190678,16270,35423,51693,33136,74617,107753,46752,88157,134909,66248,101882,168130,117733,157146,274879,105944,163187,269131,51548,102043,153591,7353,23239,30592
2021-06-03,457620,765140,1222760,19288,40455,59743,38363,82577,120940,50012,92554,142566,66821,102725,169546,117880,157347,275227,106033,163376,269409,51820,102674,154494,7403,23432,30835
2021-06-04,470825,781387,1252212,22248,44035,66283,43126,87319,130445,52957,96764,149721,67835,104115,171950,118930,158510,277440,106336,163903,270239,51954,103163,155117,7439,23578,31017
2021-06-05,481679,791575,1273254,24908,46406,71314,47895,91238,139133,54788,98474,153262,68502,104798,173300,119572,159232,278804,106482,164186,270668,52061,103523,155584,7471,23718,31189
2021-06-06,490074,801353,1291427,27946,50432,78378,51689,95326,147015,55707,99204,154911,68924,105172,174096,119648,159312,278960,106539,164316,270855,52128,103730,155858,7493,23861,31354
2021-06-07,503682,815481,1319163,31025,53783,84808,54987,98071,153058,58995,102339,161334,72252,109053,181305,120024,159711,279735,106660,164535,271195,52213,103989,156202,7526,24000,31526
2021-06-08,516307,832484,1348791,32028,55266,87294,56343,100107,156450,60470,104388,164858,80324,118981,199305,120170,159908,280078,106851,164863,271714,52538,104705,157243,7583,24266,31849
2021-06-09,528865,845592,1374457,32361,55603,87964,56988,100775,157763,61171,104945,166116,91009,130058,221067,120264,160037,280301,106905,164950,271855,52570,104849,157419,7597,24375,31972
2021-06-10,543106,860502,1403608,33120,56458,89578,58041,101981,160022,63086,106948,170034,101089,140135,241224,120553,160404,280957,106991,165104,272095,52610,105009,157619,7616,24463,32079
2021-06-11,552805,876206,1429011,33319,56691,90010,58510,102287,160797,63831,107605,171436,102466,141626,244092,120689,160642,281331,107916,166547,274463,57923,114771,172694,8151,26037,34188
2021-06-12,559122,884035,1443157,33757,57284,91041,59119,103081,162200,65180,109154,174334,105547,144644,250191,120737,160723,281460,108060,166840,274900,58491,115951,174442,8231,26358,34589
2021-06-13,563227,888422,1451649,33959,57538,91497,59402,103411,162813,66084,110115,176199,108181,147364,255545,120774,160763,281537,108072,166858,274930,58518,116006,174524,8237,26367,34604
2021-06-14,569300,895071,1464371,34704,58390,93094,60430,104472,164902,67429,111459,178888,110833,150175,261008,120820,160827,281647,108111,166950,275061,58712,116343,175055,8261,26455,34716
2021-06-15,583217,908699,1491916,34822,58568,93390,60633,104758,165391,67857,111912,179769,123347,161760,285107,121034,161048,282082,108252,167258,275510,58972,116822,175794,8300,26573,34873
2021-06-16,590797,918922,1509719,35238,59198,94436,61464,105810,167274,69645,114019,183664,125393,163996,289389,121193,161262,282455,110142,170009,280151,59349,117741,177090,8373,26887,35260
2021-06-17,602337,933158,1535495,35431,59481,94912,61900,106248,168148,72624,117239,189863,129578,168281,297859,121719,161943,283662,112891,174058,286949,59742,118691,178433,8452,27217,35669
2021-06-18,616731,948318,1565049,36091,60301,96392,62962,107361,170323,81029,125250,206279,132774,171558,304332,122117,162484,284601,113377,174851,288228,59900,119126,179026,8481,27387,35868
2021-06-19,627327,959856,1587183,36302,60599,96901,63105,107607,170712,89309,133674,222983,134237,172986,307223,122367,162766,285133,113479,175065,288544,60015,119544,179559,8513,27615,36128
2021-06-20,627330,959859,1587189,36302,60600,96902,63106,107607,170713,89310,133675,222985,134237,172986,307223,122367,162767,285134,113480,175065,288545,60015,119544,179559,8513,27615,36128
2021-06-21,633343,965959,1599302,36325,60622,96947,63144,107661,170805,94359,138670,233029,134890,173609,308499,122523,162955,285478,113548,175157,288705,60035,119633,179668,8519,27652,36171
2021-06-22,638424,971140,1609564,36477,60878,97355,63357,107943,171300,96704,140887,237591,136613,175109,311722,122965,163436,286401,113694,175368,289062,60077,119788,179865,8537,27731,36268
2021-06-23,648009,980739,1628748,36615,61118,97733,63542,108303,171845,104589,148432,253021,137716,176034,313750,123105,163657,286762,113761,175486,289247,60130,119919,180049,8551,27790,36341
2021-06-24,663402,1000183,1663585,36819,61526,98345,64182,112475,176657,117666,161440,279106,138793,177218,316011,123338,163969,287307,113886,175701,289587,60162,120025,180187,8556,27829,36385
2021-06-25,676266,1018912,1695178,37221,62709,99930,64896,115508,180404,122495,166374,288869,139757,178328,318085,127899,170156,298055,115052,177341,292393,60354,120528,180882,8592,27968,36560
2021-06-26,685557,1030872,1716429,37259,62751,100010,64933,115559,180492,123336,167208,290544,140320,179026,319346,134739,178849,313588,115836,178544,294380,60514,120866,181380,8620,28069,36689
2021-06-27,693691,1039849,1733540,37323,62859,100182,65010,115699,180709,126853,170795,297648,143100,181831,324931,135783,180076,315859,116384,179369,295753,60601,121105,181706,8637,28115,36752
2021-06-28,710960,1059532,1770492,38020,64527,102547,65611,118114,183725,140675,183678,324353,144355,183101,327456,136481,181086,317567,116529,179624,296153,60641,121214,181855,8648,28188,36836
2021-06-29,729199,1078164,1807363,38217,64881,103098,66067,118933,185000,156429,198574,355003,145108,183883,328991,137194,182129,319323,116772,180045,296817,60750,121448,182198,8662,28271,36933
2021-06-30,748716,1097415,1846131,38370,65079,103449,71207,123828,195035,168672,210208,378880,145777,184535,330312,138355,183653,322008,116877,180235,297112,60786,121542,182328,8672,28335,37007
2021-07-01,761419,1110755,1872174,38477,65295,103772,76001,128578,204579,174200,215416,389616,146732,185586,332318,139157,184750,323907,117230,180808,298038,60924,121868,182792,8698,28454,37152
2021-07-02,771229,1128947,1900176,39061,66480,105541,78347,132335,210682,175722,217149,392871,147080,186098,333178,139978,186126,326104,117871,182003,299874,64001,128702,192703,9169,30054,39223
2021-07-03,782127,1141220,1923347,39078,66517,105595,84391,137650,222041,178273,219867,398140,147579,186670,334249,140383,186663,327046,118205,182630,300835,64921,130670,195591,9297,30553,39850
2021-07-04,792546,1151534,1944080,39592,67360,106952,93578,146090,239668,178679,220335,399014,147710,186792,334502,140468,186789,327257,118262,182709,300971,64949,130824,195773,9308,30635,39943
2021-07-05,797592,1157012,1954604,39856,67762,107618,97102,149091,246193,178926,220619,399545,147847,186921,334768,140787,187251,328038,118497,183114,301611,65226,131428,196654,9351,30826,40177
2021-07-06,810570,1169142,1979712,40279,68424,108703,108697,158922,267619,179194,220945,400139,148034,187162,335196,140967,187459,328426,118600,183331,301931,65412,131916,197328,9387,30983,40370
2021-07-07,816168,1175353,1991521,40429,68570,108999,112624,162483,275107,179849,221849,401698,148286,187548,335834,141106,187670,328776,118749,183639,302388,65692,132458,198150,9433,31136,40569
2021-07-08,834957,1191613,2026570,40793,69099,109892,127645,174770,302415,182133,223908,406041,148994,188280,337274,141388,188028,329416,118819,183765,302584,65737,132589,198326,9448,31174,40622
2021-07-09,847777,1204624,2052401,41468,69822,111290,136323,182997,319320,184336,226104,410440,149828,189114,338942,141655,188443,330098,118957,184285,303242,65758,132665,198423,9452,31194,40646
2021-07-10,858535,1216058,2074593,42924,71580,114504,144267,190809,335076,184712,226529,411241,150004,189344,339348,142119,188989,331108,119211,184708,303919,65835,132856,198691,9463,31243,40706
2021-07-11,860655,1219668,2080323,43179,71939,115118,145328,192089,337417,184867,226902,411769,150075,189535,339610,142143,189027,331170,119316,184912,304228,66232,133807,200039,9515,31457,40972
2021-07-12,878568,1235630,2114198,46215,74877,121092,159273,203826,363099,185306,227429,412735,150304,189807,340111,142250,189196,331446,119376,185038,304414,66312,133953,200265,9532,31504,41036
2021-07-13,888852,1244363,2133215,47992,76499,124491,166614,209801,376415,186047,228054,414101,150575,190079,340654,142345,189297,331642,119415,185102,304517,66326,133997,200323,9538,31534,41072
2021-07-14,892282,1247632,2139914,48618,77206,125824,168876,211690,380566,186347,228412,414759,150730,190243,340973,142396,189359,331755,119430,185147,304577,66341,134023,200364,9544,31552,41096
2021-07-15,906198,1267140,2173338,49032,77893,126925,170144,214040,384184,193194,235439,428633,151929,192584,344513,143104,190493,333597,121987,188900,310887,67142,135784,202926,9666,32007,41673
2021-07-16,919944,1286740,2206684,49366,78307,127673,171146,217003,388149,200439,243463,443902,152423,193258,345681,143252,190686,333938,126040,194894,320934,67542,136842,204384,9736,32287,42023
2021-07-17,932081,1300107,2232188,50755,80038,130793,176261,222369,398630,204685,247919,452604,153197,194100,347297,143495,190946,334441,126331,195393,321724,67606,137011,204617,9751,32331,42082
2021-07-18,943234,1312023,2255257,53743,83814,137557,179135,224990,404125,208291,251522,459813,154629,195547,350176,143662,191179,334841,126395,195531,321926,67625,137088,204713,9754,32352,42106
2021-07-19,959798,1329876,2289674,56418,87101,143519,180585,227534,408119,219106,261494,480600,155724,196634,352358,143860,191403,335263,126527,195740,322267,67777,137503,205280,9801,32467,42268
2021-07-20,978141,1349394,2327535,63811,95535,159346,183078,230397,413475,226416,268187,494603,156433,197394,353827,144046,191633,335679,126679,196029,322708,67859,137693,205552,9819,32526,42345
2021-07-21,996681,1368172,2364853,77740,109557,187297,186379,233685,420064,227094,268901,495995,156760,197705,354465,144196,191781,335977,126803,196252,323055,67883,137742,205625,9826,32549,42375
2021-07-22,1015665,1385564,2401229,90723,121175,211898,190456,237268,427724,228255,270053,498308,157256,198308,355564,144357,192010,336367,126871,196346,323217,67912,137819,205731,9835,32585,42420
2021-07-23,1031137,1403078,2434215,96670,128301,224971,193248,240149,433397,233897,276070,509967,158039,199248,357287,144554,192307,336861,126949,196478,323427,67942,137905,205847,9838,32620,42458
2021-07-24,1045366,1417670,2463036,97403,129273,226676,193732,240602,434334,239556,281527,521083,164962,206318,371280,144809,192622,337431,127041,196597,323638,68019,138062,206081,9844,32669,42513
2021-07-25,1056960,1431507,2488467,104308,138366,242674,196657,243366,440023,240455,282560,523015,165581,206937,372518,145002,192827,337829,127075,196654,323729,68034,138102,206136,9848,32695,42543
2021-07-26,1074466,1453290,2527756,109842,145350,255192,201077,249048,450125,245019,287944,532963,167992,209659,377651,145366,193330,338696,127218,196962,324180,68096,138249,206345,9856,32748,42604
2021-07-27,1089622,1471983,2561605,116893,153603,270496,204035,252861,456896,247801,291529,539330,169224,211122,380346,146165,194214,340379,127450,197354,324804,68179,138487,206666,9875,32813,42688
2021-07-28,1107358,1492389,2599747,132150,170742,302892,205299,254337,459636,248519,292545,541064,169534,211581,381115,146293,194383,340676,127484,197436,324920,68195,138533,206728,9884,32832,42716
2021-07-29,1126308,1510568,2636876,147313,184969,332282,207289,256209,463498,249583,293767,543350,170015,212102,382117,146459,194556,341015,127547,197512,325059,68211,138584,206795,9891,32869,42760
2021-07-30,1142864,1526900,2669764,153090,190294,343384,213347,262083,475430,252938,297220,550158,171058,213262,384320,146687,194836,341523,127604,197654,325258,68245,138641,206886,9895,32910,42805
2021-07-31,1157326,1538091,2695417,154710,192007,346717,221021,268700,489721,257210,299235,556445,171684,213752,385436,146882,195023,341905,127653,197732,325385,68265,138702,206967,9901,32940,42841
2021-08-01,1163658,1545820,2709478,156126,193893,350019,223837,272188,496025,258585,300653,559238,172160,214292,386452,147065,195254,342319,127700,197827,325527,68281,138750,207031,9904,32963,42867
2021-08-02,1182248,1563864,2746112,159080,197223,356303,234966,282044,517010,262161,304353,566514,172841,215041,387882,147236,195484,342720,127757,197931,325688,68297,138806,207103,9910,32982,42892
2021-08-03,1198630,1579162,2777792,167103,204527,371630,237924,284719,522643,264736,306536,571272,175308,217738,393046,147518,195756,343274,127812,198018,325830,68312,138862,207174,9917,33006,42923
2021-08-04,1211540,1594354,2805894,169071,207065,376136,240654,287571,528225,266340,308535,574875,181641,225151,406792,147702,195988,343690,127880,198111,325991,68332,138909,207241,9920,33024,42944
2021-08-05,1220685,1603279,2823964,172771,210537,383308,244251,290961,535212,267605,309818,577423,182062,225647,407709,147826,196142,343968,127907,198193,326100,68342,138939,207281,9921,33042,42963
2021-08-06,1225105,1608620,2833725,173433,211315,384748,245109,291740,536849,267970,310165,578135,182266,225889,408155,148935,197611,346546,129098,199846,328944,68369,138996,207365,9925,33058,42983
2021-08-07,1235320,1622977,2858297,174524,212209,386733,245165,291804,536969,268013,310227,578240,182323,225946,408269,150232,199481,349713,136665,211034,347699,68458,139172,207630,9940,33104,43044
2021-08-08,1244357,1635869,2880226,174527,212224,386751,245175,291820,536995,268022,310241,578263,182351,226006,408357,155498,206697,362195,140261,216357,356618,68566,139382,207948,9957,33142,43099
2021-08-09,1258596,1655478,2914074,174662,212381,387043,245384,292033,537417,268193,310475,578668,183396,227530,410926,166084,221252,387336,142249,219022,361271,68659,139599,208258,9969,33186,43155
2021-08-10,1272917,1674409,2947326,175011,212798,387809,245879,292551,538430,269364,311302,580666,184740,229327,414067,173348,231043,404391,145807,224308,370115,68779,139841,208620,9989,33239,43228
2021-08-11,1287882,1690995,2978877,176327,213912,390239,246166,292998,539164,269665,311728,581393,187152,231944,419096,182172,240108,422280,147489,226942,374431,68906,140070,208976,10005,33293,43298
2021-08-12,1297504,1703866,3001370,176705,214336,391041,246420,293286,539706,269893,312000,581893,188956,234202,423158,185889,244406,430295,150586,231915,382501,69024,140362,209386,10031,33359,43390
2021-08-13,1310491,1721935,3032426,176818,214462,391280,246605,293466,540071,270038,312190,582228,189328,234650,423978,191453,251333,442786,156851,241212,398063,69319,141082,210401,10079,33540,43619
2021-08-14,1318851,1734578,3053429,176901,214594,391495,246752,293682,540434,270197,312499,582696,190917,236821,427738,196959,259464,456423,157627,242596,400223,69401,141324,210725,10097,33598,43695
2021-08-15,1330445,1747136,3077581,177364,215149,392513,247541,294642,542183,271607,313913,585520,197635,243823,441458,198648,261083,459731,158057,243345,401402,69478,141516,210994,10115,33665,43780
2021-08-16,1339707,1758872,3098579,178764,216717,395481,248669,295879,544548,274079,316817,590896,199516,246132,445648,199724,262463,462187,159205,245251,404456,69608,141854,211462,10142,33759,43901
2021-08-17,1355809,1772836,3128645,186300,223346,409646,254894,301308,556202,275447,318022,593469,200300,246544,446844,199863,262641,462504,159236,245316,404552,69622,141894,211516,10147,33765,43912
2021-08-18,1367238,1785117,3152355,191140,227934,419074,256303,303049,559352,276640,319387,596027,202051,248410,450461,201559,264340,465899,159702,246136,405838,69687,142054,211741,10156,33807,43963
2021-08-19,1373215,1791312,3164527,193551,230223,423774,257112,303840,560952,277112,319968,597080,203492,249800,453292,202136,264990,467126,159929,246535,406464,69722,142128,211850,10161,33828,43989
2021-08-20,1386406,1803595,3190001,196039,232775,428814,258620,304979,563599,278316,320958,599274,211193,256952,468145,202336,265228,467564,159997,246684,406681,69741,142179,211920,10164,33840,44004
2021-08-21,1395755,1815707,3211462,197624,234888,432512,260882,308313,569195,280501,323892,604393,214026,260034,474060,202710,265640,468350,160082,246832,406914,69761,142246,212007,10169,33862,44031
2021-08-22,1405634,1826878,3232512,199157,236825,435982,266121,313779,579900,282228,325991,608219,214978,261148,476126,203055,266057,469112,160149,246939,407088,69775,142275,212050,10171,33864,44035
2021-08-23,1422920,1842530,3265450,206493,243746,450239,273825,320062,593887,283542,327325,610867,215650,261858,477508,203256,266307,469563,160194,247037,407231,69788,142313,212101,10172,33882,44054
2021-08-24,1435356,1855716,3291072,215471,252977,468448,275735,321863,597598,284341,328273,612614,216188,262619,478807,203421,266580,470001,160229,247145,407374,69795,142359,212154,10176,33900,44076
2021-08-25,1451018,1871469,3322487,217818,255364,473182,276891,323393,600284,291089,334659,625748,221063,267348,488411,203822,267042,470864,160331,247296,407627,69824,142439,212263,10180,33928,44108
2021-08-26,1466062,1889022,3355084,219716,257841,477557,277805,324691,602496,291659,335481,627140,224789,271005,495794,210487,273883,484370,161431,249227,410658,69963,142858,212821,10212,34036,44248
2021-08-27,1484476,1906997,3391473,230638,268639,499277,281186,327438,608624,292663,336502,629165,227211,273494,500705,211026,274520,485546,161544,249416,410960,69991,142926,212917,10217,34062,44279
2021-08-28,1495519,1920289,3415808,238806,279098,517904,282827,328877,611704,293437,337220,630657,227544,273933,501477,211109,274633,485742,161579,249505,411084,69998,142955,212953,10219,34068,44287
2021-08-29,1506950,1933062,3440012,239777,280359,520136,283377,329579,612956,295449,339318,634767,234956,281935,516891,211426,275042,486468,161696,249735,411431,70045,143013,213058,10224,34081,44305
2021-08-30,1522902,1949787,3472689,243800,284032,527832,285727,331878,617605,298615,342288,640903,238856,285877,524733,213068,277152,490220,162438,251031,413469,70161,143358,213519,10237,34171,44408
2021-08-31,1538466,1967050,3505516,254929,296717,551646,287717,333685,621402,300180,343910,644090,239481,286585,526066,213238,277406,490644,162502,251145,413647,70177,143413,213590,10242,34189,44431
2021-09-01,1554467,1984142,3538609,269355,311076,580431,288312,334335,622647,300557,344420,644977,239746,287058,526804,213473,278138,491611,162590,251432,414022,70191,143483,213674,10243,34200,44443
2021-09-02,1570397,2003160,3573557,279056,320793,599849,289848,336696,626544,303207,348262,651469,241259,289373,530632,213829,278633,492462,162741,251643,414384,70211,143551,213762,10246,34209,44455
2021-09-03,1585040,2020315,3605355,285133,326912,612045,291473,338434,629907,307520,353998,661518,242871,291513,534384,214651,279679,494330,162903,251923,414826,70240,143623,213863,10249,34233,44482
2021-09-04,1597175,2032350,3629525,288426,330217,618643,294907,341604,636511,312244,358758,671002,243396,292044,535440,214765,279842,494607,162941,251993,414934,70246,143655,213901,10250,34237,44487
2021-09-05,1609412,2044455,3653867,289687,331555,621242,297321,343906,641227,319880,366262,686142,244155,292772,536927,214888,280015,494903,162979,252031,415010,70251,143671,213922,10251,34243,44494
2021-09-06,1625658,2060426,3686084,291267,333045,624312,297984,344655,642639,330735,377019,707754,246767,295025,541792,215303,280519,495822,163072,252174,415246,70271,143733,214004,10259,34256,44515
2021-09-07,1643769,2080537,3724306,292223,334407,626630,299654,347167,646821,338847,384624,723471,250420,298834,549254,218245,283950,502195,163730,253198,416928,70365,144035,214400,10285,34322,44607
2021-09-08,1654190,2090994,3745184,294705,336576,631281,302309,349658,651967,341853,387741,729594,251873,300416,552289,218863,284611,503474,163896,253475,417371,70401,144157,214558,10290,34360,44650
2021-09-09,1669309,2105947,3775256,297156,339172,636328,311488,358057,669545,344019,390104,734123,252919,301579,554498,219077,284872,503949,163943,253567,417510,70414,144224,214638,10293,34372,44665
2021-09-10,1674318,2111333,3785651,299417,341332,640749,312262,359007,671269,344400,390521,734921,254107,302880,556987,219405,285272,504677,164002,253686,417688,70430,144259,214689,10295,34376,44671
2021-09-11,1677699,2114583,3792282,300096,342014,642110,313919,360396,674315,344657,390816,735473,254793,303635,558428,219478,285351,504829,164029,253718,417747,70432,144274,214706,10295,34379,44674
2021-09-12,1678557,2115558,3794115,300313,342294,642607,314263,360728,674991,344841,391032,735873,254883,303747,558630,219496,285371,504867,164034,253730,417764,70432,144276,214708,10295,34380,44675
2021-09-13,1685940,2122822,3808762,304671,346813,651484,316897,363034,679931,345046,391254,736300,254998,303868,558866,219535,285408,504943,164052,253753,417805,70440,144301,214741,10301,34391,44692
2021-09-14,1692372,2130381,3822753,305156,347408,652564,317306,363500,680806,345435,391702,737137,259220,308373,567593,220282,286651,506933,164205,253971,418176,70464,144363,214827,10304,34413,44717
2021-09-15,1709883,2150219,3860102,306290,348980,655270,318935,365797,684732,348811,395546,744357,267896,317187,585083,222658,289382,512040,164436,254377,418813,70535,144498,215033,10322,34452,44774
2021-09-16,1726470,2169121,3895591,308666,352368,661034,328505,375888,704393,351202,398119,749321,269252,318847,588099,223379,290211,513590,164565,254623,419188,70571,144591,215162,10330,34474,44804
2021-09-17,1740413,2183271,3923684,317074,360914,677988,331631,378796,710427,352492,399442,751934,270041,319711,589752,223605,290512,514117,164643,254747,419390,70592,144657,215249,10335,34492,44827
2021-09-18,1752596,2196427,3949023,325662,369877,695539,333747,380996,714743,353400,400577,753977,270489,320307,590796,223700,290683,514383,164661,254806,419467,70600,144684,215284,10337,34497,44834
2021-09-19,1761723,2205692,3967415,330946,374940,705886,335859,383125,718984,354428,401705,756133,270994,320860,591854,223829,290866,514695,164713,254940,419653,70616,144745,215361,10338,34511,44849
2021-09-20,1768859,2212566,3981425,334369,378232,712601,338046,384984,723030,355274,402611,757885,271416,321309,592725,223998,291067,515065,164789,255062,419851,70626,144782,215408,10341,34519,44860
2021-09-21,1781158,2224019,4005177,344342,387474,731816,339386,386052,725438,355820,403150,758970,271704,321653,593357,224106,291233,515339,164819,255122,419941,70637,144805,215442,10344,34530,44874
2021-09-22,1789730,2231787,4021517,349854,392319,742173,341377,387671,729048,356390,403737,760127,271995,322012,594007,224235,291400,515635,164878,255248,420126,70653,144848,215501,10348,34552,44900
2021-09-23,1795506,2237680,4033186,353784,396351,750135,342443,388621,731064,356832,404197,761029,272225,322278,594503,224291,291495,515786,164919,255302,420221,70664,144877,215541,10348,34559,44907
2021-09-24,1801218,2243552,4044770,356735,399386,756121,343660,389832,733492,357807,405124,762931,272644,322715,595359,224393,291636,516029,164956,255372,420328,70674,144913,215587,10349,34574,44923
2021-09-25,1804886,2246612,4051498,357862,400317,758179,344983,390670,735653,358376,405734,764110,273144,323249,596393,224516,291742,516258,164973,255399,420372,70682,144924,215606,10350,34577,44927
2021-09-26,1817118,2257792,4074910,358535,401071,759606,346592,392325,738917,363431,410162,773593,277662,327056,604718,224826,292107,516933,165026,255504,420530,70694,144980,215674,10352,34587,44939
2021-09-27,1828949,2268695,4097644,360377,403276,763653,352000,397031,749031,366581,412798,779379,278838,328008,606846,225012,292352,517364,165072,255590,420662,70716,145033,215749,10353,34607,44960
2021-09-28,1842884,2282549,4125433,361342,404199,765541,361651,405250,766901,367815,414202,782017,279628,328943,608571,225559,293110,518669,165666,256700,422366,70854,145441,216295,10369,34704,45073
2021-09-29,1851565,2291087,4142652,363877,406930,770807,366045,409037,775082,368680,415076,783756,280171,329494,609665,225758,293352,519110,165777,256923,422700,70888,145544,216432,10369,34731,45100
2021-09-30,1860068,2300889,4160957,369192,412625,781817,367155,410409,777564,369730,416041,785771,280904,330561,611465,225984,293824,519808,165831,257084,422915,70902,145605,216507,10370,34740,45110
2021-10-01,1865700,2306450,4172150,372102,415629,787731,368405,411638,780043,370569,416746,787315,281387,330971,612358,226100,293950,520050,165860,257136,422996,70907,145634,216541,10370,34746,45116
2021-10-02,1868524,2309222,4177746,373271,416835,790106,369238,412354,781592,371053,417214,788267,281626,331181,612807,226169,294042,520211,165880,257184,423064,70916,145659,216575,10371,34753,45124
2021-10-03,1871677,2311957,4183634,374761,418134,792895,370233,413095,783328,371460,417565,789025,281781,331354,613135,226249,294145,520394,165898,257229,423127,70923,145679,216602,10372,34756,45128
2021-10-04,1877270,2317328,4194598,377216,420414,797630,372045,414629,786674,372166,418271,790437,282175,331806,613981,226406,294396,520802,165950,257322,423272,70936,145720,216656,10376,34770,45146
2021-10-05,1880601,2320608,4201209,378562,421800,800362,372969,415429,788398,372745,418825,791570,282521,332177,614698,226510,294503,521013,165973,257355,423328,70943,145742,216685,10378,34777,45155
