FECHA,TotalM,TotalF,Total,<=30M,<=30F,<=30,31-40M,31-40F,31-40,41-50M,41-50F,41-50,51-60M,51-60F,51-60,61-70M,61-70F,61-70,71-80M,71-80F,71-80,81-90M,81-90F,81-90,>=91M,>=91F,>=91
2020-12-29,260,411,671,38,68,106,93,126,219,79,133,212,49,82,131,1,2,3,0,0,0,0,0,0,0,0,0
2020-12-30,300,482,782,45,99,144,107,141,248,90,150,240,56,91,147,2,1,3,0,0,0,0,0,0,0,0,0
2020-12-31,37,44,81,7,3,10,12,16,28,12,16,28,6,8,14,0,1,1,0,0,0,0,0,0,0,0,0
2021-01-01,0,1,1,0,0,0,0,1,1,0,0,0,0,0,0,0,0,0,0,0,0,0,0,0,0,0,0
2021-01-02,140,242,382,14,28,42,54,95,149,47,66,113,24,52,76,1,1,2,0,0,0,0,0,0,0,0,0
2021-01-03,49,99,148,8,14,22,22,41,63,11,28,39,8,16,24,0,0,0,0,0,0,0,0,0,0,0,0
2021-01-04,320,524,844,57,91,148,103,188,291,92,153,245,67,92,159,1,0,1,0,0,0,0,0,0,0,0,0
2021-01-05,470,730,1200,69,128,197,196,242,438,119,218,337,85,138,223,1,3,4,0,1,1,0,0,0,0,0,0
2021-01-06,517,772,1289,90,146,236,197,235,432,143,224,367,86,166,252,1,1,2,0,0,0,0,0,0,0,0,0
2021-01-07,527,894,1421,85,157,242,180,308,488,149,260,409,113,169,282,0,0,0,0,0,0,0,0,0,0,0,0
2021-01-08,665,1177,1842,121,230,351,225,403,628,191,337,528,123,204,327,5,3,8,0,0,0,0,0,0,0,0,0
2021-01-09,167,272,439,14,40,54,70,102,172,52,86,138,31,44,75,0,0,0,0,0,0,0,0,0,0,0,0
2021-01-10,208,359,567,33,48,81,89,151,240,53,102,155,31,58,89,2,0,2,0,0,0,0,0,0,0,0,0
2021-01-11,657,1191,1848,111,258,369,265,401,666,174,323,497,105,206,311,2,3,5,0,0,0,0,0,0,0,0,0
2021-01-12,589,1091,1680,95,190,285,235,390,625,150,289,439,108,221,329,1,1,2,0,0,0,0,0,0,0,0,0
2021-01-13,465,890,1355,79,179,258,164,323,487,128,234,362,93,154,247,1,0,1,0,0,0,0,0,0,0,0,0
2021-01-14,798,1415,2213,169,279,448,292,487,779,216,394,610,121,254,375,0,1,1,0,0,0,0,0,0,0,0,0
2021-01-15,1192,2217,3409,215,450,665,465,770,1235,306,612,918,206,382,588,0,3,3,0,0,0,0,0,0,0,0,0
2021-01-16,475,854,1329,96,153,249,176,327,503,121,242,363,82,132,214,0,0,0,0,0,0,0,0,0,0,0,0
2021-01-17,285,544,829,66,93,159,113,214,327,72,153,225,34,84,118,0,0,0,0,0,0,0,0,0,0,0,0
2021-01-18,188,316,504,28,54,82,61,104,165,56,103,159,43,55,98,0,0,0,0,0,0,0,0,0,0,0,0
2021-01-19,284,469,753,36,67,103,81,169,250,94,145,239,71,87,158,2,1,3,0,0,0,0,0,0,0,0,0
2021-01-20,291,503,794,31,95,126,109,149,258,87,158,245,64,98,162,0,3,3,0,0,0,0,0,0,0,0,0
2021-01-21,130,191,321,23,30,53,45,53,98,35,65,100,22,41,63,5,1,6,0,1,1,0,0,0,0,0,0
2021-01-22,38,51,89,7,10,17,15,15,30,12,17,29,2,8,10,1,1,2,1,0,1,0,0,0,0,0,0
2021-01-23,118,200,318,10,21,31,45,79,124,39,60,99,23,40,63,1,0,1,0,0,0,0,0,0,0,0,0
2021-01-24,45,88,133,5,9,14,21,37,58,11,26,37,8,16,24,0,0,0,0,0,0,0,0,0,0,0,0
2021-01-25,282,463,745,45,79,124,84,149,233,81,143,224,70,90,160,2,2,4,0,0,0,0,0,0,0,0,0
2021-01-26,388,659,1047,44,108,152,148,187,335,110,219,329,81,141,222,5,4,9,0,0,0,0,0,0,0,0,0
2021-01-27,450,662,1112,75,116,191,170,195,365,119,195,314,82,154,236,4,2,6,0,0,0,0,0,0,0,0,0
2021-01-28,460,806,1266,76,144,220,152,273,425,128,225,353,103,163,266,1,1,2,0,0,0,0,0,0,0,0,0
2021-01-29,635,1061,1696,103,188,291,242,375,617,182,307,489,104,187,291,4,4,8,0,0,0,0,0,0,0,0,0
2021-01-30,152,260,412,19,39,58,59,104,163,45,77,122,29,40,69,0,0,0,0,0,0,0,0,0,0,0,0
2021-01-31,118,225,343,23,33,56,42,93,135,32,60,92,20,39,59,1,0,1,0,0,0,0,0,0,0,0,0
2021-02-01,547,945,1492,91,175,266,225,332,557,150,255,405,80,178,258,1,4,5,0,1,1,0,0,0,0,0,0
2021-02-02,1183,2005,3188,113,244,357,289,465,754,206,439,645,226,462,688,306,364,670,37,29,66,5,2,7,1,0,1
2021-02-03,1268,2313,3581,138,327,465,324,617,941,253,546,799,247,474,721,267,319,586,36,28,64,3,2,5,0,0,0
2021-02-04,1242,2327,3569,159,324,483,359,665,1024,292,566,858,221,482,703,167,251,418,39,36,75,4,3,7,1,0,1
2021-02-05,1911,3716,5627,280,578,858,620,1171,1791,405,910,1315,358,736,1094,191,276,467,52,42,94,5,3,8,0,0,0
2021-02-06,442,807,1249,81,118,199,136,277,413,116,230,346,86,155,241,22,26,48,1,1,2,0,0,0,0,0,0
2021-02-07,353,652,1005,54,90,144,113,237,350,110,192,302,58,111,169,16,21,37,2,1,3,0,0,0,0,0,0
2021-02-08,868,1595,2463,128,280,408,278,502,780,211,429,640,150,271,421,89,103,192,11,10,21,1,0,1,0,0,0
2021-02-09,992,1933,2925,141,342,483,304,571,875,228,462,690,180,405,585,120,146,266,14,7,21,5,0,5,0,0,0
2021-02-10,541,1030,1571,83,165,248,134,326,460,145,265,410,108,205,313,59,62,121,9,7,16,3,0,3,0,0,0
2021-02-11,453,1070,1523,71,181,252,144,349,493,97,271,368,71,198,269,57,63,120,12,8,20,1,0,1,0,0,0
2021-02-12,518,962,1480,74,159,233,170,336,506,118,279,397,92,139,231,48,41,89,13,8,21,3,0,3,0,0,0
2021-02-13,28,44,72,2,8,10,11,17,28,6,9,15,8,9,17,0,1,1,1,0,1,0,0,0,0,0,0
2021-02-14,6,25,31,2,7,9,2,8,10,0,10,10,2,0,2,0,0,0,0,0,0,0,0,0,0,0,0
2021-02-15,0,0,0,0,0,0,0,0,0,0,0,0,0,0,0,0,0,0,0,0,0,0,0,0,0,0,0
2021-02-16,11,36,47,1,1,2,8,18,26,2,13,15,0,3,3,0,0,0,0,1,1,0,0,0,0,0,0
2021-02-17,805,1512,2317,129,229,358,250,454,704,170,433,603,146,286,432,98,106,204,12,4,16,0,0,0,0,0,0
2021-02-18,1862,3905,5767,219,542,761,529,1054,1583,382,1031,1413,365,785,1150,269,392,661,79,95,174,19,6,25,0,0,0
2021-02-19,1682,3828,5510,197,538,735,452,1118,1570,430,984,1414,309,738,1047,213,336,549,66,103,169,12,11,23,3,0,3
2021-02-20,457,789,1246,45,84,129,138,273,411,113,193,306,88,151,239,53,82,135,19,6,25,1,0,1,0,0,0
2021-02-21,328,504,832,35,65,100,93,187,280,80,131,211,79,86,165,33,30,63,6,5,11,2,0,2,0,0,0
2021-02-22,3426,6246,9672,195,446,641,353,865,1218,270,701,971,256,547,803,312,314,626,395,534,929,1477,2413,3890,168,426,594
2021-02-23,3969,7390,11359,251,529,780,445,1097,1542,427,1003,1430,363,801,1164,478,613,1091,356,494,850,1471,2418,3889,178,435,613
2021-02-24,4054,7613,11667,257,464,721,552,1054,1606,447,967,1414,328,752,1080,385,506,891,400,617,1017,1521,2750,4271,164,503,667
2021-02-25,4043,7550,11593,235,533,768,525,1092,1617,495,897,1392,372,788,1160,346,493,839,335,573,908,1531,2663,4194,204,511,715
2021-02-26,3916,7877,11793,252,563,815,546,1120,1666,380,955,1335,396,858,1254,355,506,861,359,530,889,1439,2777,4216,189,568,757
2021-02-27,527,1112,1639,40,75,115,99,129,228,88,122,210,60,107,167,57,104,161,65,129,194,103,312,415,15,134,149
2021-02-28,155,353,508,15,17,32,30,58,88,17,35,52,13,17,30,35,33,68,15,38,53,25,93,118,5,62,67
2021-03-01,3086,6087,9173,111,234,345,263,529,792,224,399,623,165,383,548,193,251,444,358,560,918,1572,3195,4767,200,536,736
2021-03-02,3040,5891,8931,127,301,428,231,505,736,174,428,602,156,347,503,187,314,501,371,572,943,1585,2914,4499,209,510,719
2021-03-03,2884,5837,8721,133,258,391,251,595,846,221,496,717,159,388,547,138,237,375,305,519,824,1462,2798,4260,215,546,761
2021-03-04,1286,2880,4166,123,320,443,233,556,789,190,420,610,140,332,472,120,227,347,118,204,322,330,679,1009,32,142,174
2021-03-05,1119,2612,3731,95,247,342,248,578,826,197,548,745,165,402,567,120,217,337,75,143,218,186,393,579,33,84,117
2021-03-06,659,2338,2997,40,239,279,175,527,702,135,510,645,102,428,530,28,56,84,66,145,211,90,309,399,23,124,147
2021-03-07,649,2067,2716,35,191,226,146,490,636,148,456,604,122,361,483,35,44,79,68,132,200,75,251,326,20,142,162
2021-03-08,1461,3337,4798,93,255,348,185,444,629,135,390,525,138,350,488,131,274,405,180,308,488,527,1014,1541,72,302,374
2021-03-09,3765,6850,10615,157,306,463,334,687,1021,272,532,804,252,503,755,271,355,626,419,671,1090,1834,3127,4961,226,669,895
2021-03-10,4052,8736,12788,213,519,732,388,1125,1513,340,1110,1450,347,995,1342,224,334,558,406,646,1052,1886,3331,5217,248,676,924
2021-03-11,5187,12337,17524,410,915,1325,745,2034,2779,564,2188,2752,525,1623,2148,367,538,905,444,739,1183,1922,3657,5579,210,643,853
2021-03-12,3821,10322,14143,432,1052,1484,838,2532,3370,681,2529,3210,580,1862,2442,292,460,752,232,328,560,660,1285,1945,106,274,380
2021-03-13,1500,5113,6613,194,785,979,422,1505,1927,379,1403,1782,299,963,1262,90,129,219,30,80,110,69,177,246,17,71,88
2021-03-14,1044,3956,5000,97,513,610,305,1104,1409,292,1224,1516,242,936,1178,80,133,213,25,40,65,3,5,8,0,1,1
2021-03-15,2982,8989,11971,261,1028,1289,649,2215,2864,555,2169,2724,505,1692,2197,285,522,807,213,328,541,446,903,1349,68,132,200
2021-03-16,3932,9467,13399,267,845,1112,613,1783,2396,564,1722,2286,463,1430,1893,334,600,934,377,573,950,1204,2200,3404,110,314,424
2021-03-17,4183,9263,13446,295,681,976,622,1705,2327,580,1619,2199,448,1225,1673,392,707,1099,424,677,1101,1277,2314,3591,145,335,480
2021-03-18,4388,9893,14281,339,904,1243,748,1938,2686,684,1779,2463,582,1440,2022,326,592,918,441,694,1135,1128,2160,3288,140,386,526
2021-03-19,4174,9942,14116,358,1002,1360,784,2072,2856,777,1876,2653,632,1503,2135,254,388,642,304,511,815,913,2052,2965,152,538,690
2021-03-20,2187,4947,7134,70,222,292,208,476,684,191,465,656,197,471,668,458,1077,1535,385,625,1010,580,1300,1880,98,311,409
2021-03-21,1675,3471,5146,24,64,88,71,134,205,43,81,124,95,195,290,637,1421,2058,420,688,1108,331,711,1042,54,177,231
2021-03-22,2096,4498,6594,168,300,468,314,694,1008,245,580,825,232,644,876,577,1448,2025,469,685,1154,78,121,199,13,26,39
2021-03-23,3032,6989,10021,121,272,393,265,588,853,218,535,753,207,462,669,409,872,1281,455,744,1199,1156,2724,3880,201,792,993
2021-03-24,1860,4133,5993,6,17,23,12,28,40,10,27,37,38,62,100,238,566,804,343,658,1001,1056,2271,3327,157,504,661
2021-03-25,2115,4323,6438,131,302,433,261,565,826,247,442,689,163,323,486,95,157,252,306,462,768,791,1663,2454,121,409,530
2021-03-26,1116,2654,3770,37,97,134,109,199,308,79,176,255,89,141,230,123,387,510,182,395,577,415,935,1350,82,324,406
2021-03-27,738,1864,2602,2,6,8,5,15,20,3,13,16,5,22,27,17,40,57,151,330,481,486,1082,1568,69,356,425
2021-03-28,710,1886,2596,2,4,6,3,7,10,1,10,11,8,13,21,30,40,70,142,259,401,433,1144,1577,91,409,500
2021-03-29,2313,5871,8184,202,531,733,422,1100,1522,351,905,1256,282,746,1028,151,289,440,241,399,640,553,1410,1963,111,491,602
2021-03-30,3158,7259,10417,122,299,421,245,661,906,230,538,768,1055,2380,3435,768,1248,2016,370,697,1067,305,1047,1352,63,389,452
2021-03-31,4174,8535,12709,232,530,762,496,1243,1739,434,1083,1517,237,501,738,164,222,386,2047,3174,5221,463,1300,1763,101,482,583
2021-04-01,4534,7591,12125,24,29,53,28,84,112,541,1036,1577,389,754,1143,68,202,270,3068,4356,7424,350,863,1213,66,267,333
2021-04-02,4416,7219,11635,1,3,4,2,7,9,912,1735,2647,8,14,22,15,26,41,3167,4651,7818,273,612,885,38,171,209
2021-04-03,3754,6085,9839,1,8,9,5,4,9,9,7,16,8,7,15,9,11,20,3581,5642,9223,107,292,399,34,114,148
2021-04-04,1106,1750,2856,0,0,0,1,1,2,2,7,9,4,4,8,18,16,34,1071,1694,2765,5,17,22,5,11,16
2021-04-05,6086,9824,15910,87,131,218,75,202,277,80,214,294,81,199,280,138,196,334,5464,8522,13986,129,264,393,32,96,128
2021-04-06,6847,11041,17888,106,150,256,125,229,354,70,153,223,63,124,187,113,185,298,6109,9559,15668,217,489,706,44,152,196
2021-04-07,7566,11928,19494,92,121,213,125,267,392,74,174,248,81,143,224,653,814,1467,6133,9504,15637,345,728,1073,63,177,240
2021-04-08,8493,12118,20611,164,165,329,211,273,484,103,159,262,85,173,258,1530,2235,3765,6222,8814,15036,154,220,374,24,79,103
2021-04-09,7357,11297,18654,128,250,378,224,388,612,125,259,384,90,187,277,1343,1860,3203,5268,7878,13146,148,335,483,31,140,171
2021-04-10,3109,4771,7880,49,109,158,64,152,216,77,121,198,54,123,177,657,1008,1665,2147,3174,5321,54,54,108,7,30,37
2021-04-11,2914,4625,7539,48,108,156,97,184,281,53,162,215,65,167,232,599,911,1510,2019,3000,5019,29,62,91,4,31,35
2021-04-12,8121,12541,20662,131,243,374,182,353,535,116,228,344,109,198,307,1613,2309,3922,5856,8928,14784,90,200,290,24,82,106
2021-04-13,7682,11792,19474,206,190,396,232,337,569,220,236,456,194,372,566,1967,3418,5385,4720,6880,11600,123,262,385,20,97,117
2021-04-14,6606,9813,16419,233,76,309,182,167,349,156,186,342,67,68,135,817,1028,1845,3840,5934,9774,1170,1954,3124,141,400,541
2021-04-15,3287,5720,9007,137,48,185,102,41,143,80,24,104,42,49,91,1294,2817,4111,1530,2491,4021,83,195,278,19,55,74
2021-04-16,3807,5748,9555,100,33,133,49,27,76,42,24,66,17,19,36,632,840,1472,2584,3852,6436,320,759,1079,63,194,257
2021-04-17,318,488,806,16,14,30,25,17,42,37,33,70,37,31,68,43,40,83,140,272,412,18,57,75,2,24,26
2021-04-18,148,162,310,16,6,22,22,16,38,30,33,63,43,29,72,9,17,26,15,17,32,9,29,38,4,15,19
2021-04-19,4049,6371,10420,159,30,189,64,17,81,50,16,66,15,12,27,494,679,1173,2806,4399,7205,396,980,1376,65,238,303
2021-04-20,6171,10598,16769,163,63,226,81,69,150,67,87,154,453,1061,1514,3018,4935,7953,1606,2446,4052,585,1340,1925,198,597,795
2021-04-21,8420,12101,20521,84,46,130,51,46,97,48,47,95,85,216,301,7760,10939,18699,332,624,956,47,127,174,13,56,69
2021-04-22,10072,13947,24019,47,46,93,39,47,86,32,52,84,42,69,111,9462,12982,22444,372,594,966,69,124,193,9,33,42
2021-04-23,10206,13213,23419,26,47,73,48,56,104,52,75,127,70,76,146,9734,12357,22091,218,391,609,50,143,193,8,68,76
2021-04-24,2917,3518,6435,5,9,14,5,8,13,16,16,32,18,22,40,2619,3192,5811,215,188,403,29,63,92,10,20,30
2021-04-25,82,124,206,2,2,4,4,3,7,5,12,17,9,7,16,57,79,136,3,9,12,0,8,8,2,4,6
2021-04-26,1507,2386,3893,14,5,19,12,14,26,9,10,19,6,16,22,1317,2016,3333,128,223,351,15,76,91,6,26,32
2021-04-27,1390,2868,4258,76,72,148,49,92,141,44,67,111,35,58,93,904,1674,2578,231,725,956,45,143,188,6,37,43
2021-04-28,7074,16060,23134,726,1836,2562,1552,4317,5869,1288,3856,5144,1016,2959,3975,2248,2638,4886,204,322,526,34,96,130,6,36,42
2021-04-29,6544,13175,19719,453,1323,1776,1078,3200,4278,1035,2999,4034,864,2366,3230,2739,2679,5418,297,376,673,58,166,224,20,66,86
2021-04-30,1330,1994,3324,71,126,197,96,177,273,49,97,146,33,75,108,833,1114,1947,201,282,483,36,81,117,11,42,53
2021-05-01,540,1084,1624,14,32,46,60,107,167,23,63,86,23,43,66,311,593,904,91,158,249,16,59,75,2,29,31
2021-05-02,4306,9852,14158,309,943,1252,815,2173,2988,813,2076,2889,641,1626,2267,493,1051,1544,1191,1843,3034,38,99,137,6,41,47
2021-05-03,8215,11562,19777,56,105,161,103,165,268,53,89,142,823,1162,1985,4894,6501,11395,2187,3295,5482,82,185,267,17,60,77
2021-05-04,11571,14297,25868,93,126,219,97,177,274,48,99,147,1979,2472,4451,9031,10989,20020,267,315,582,43,78,121,13,41,54
2021-05-05,10664,15354,26018,122,190,312,213,191,404,230,138,368,577,671,1248,3115,4631,7746,6102,8756,14858,267,626,893,38,151,189
2021-05-06,3624,5369,8993,110,100,210,155,117,272,200,56,256,423,427,850,1657,2732,4389,991,1786,2777,68,114,182,20,37,57
2021-05-07,7973,13123,21096,136,288,424,228,519,747,197,386,583,258,509,767,1385,2815,4200,5630,8285,13915,115,233,348,24,88,112
2021-05-08,2397,15316,17713,183,1616,1799,471,3504,3975,507,4609,5116,565,3641,4206,578,1790,2368,69,94,163,14,40,54,10,22,32
2021-05-09,139,226,365,0,0,0,0,0,0,1,0,1,22,12,34,71,80,151,14,22,36,22,65,87,9,47,56
2021-05-10,833,2520,3353,26,42,68,31,54,85,28,44,72,149,252,401,319,1421,1740,198,463,661,66,170,236,16,74,90
2021-05-11,3294,3938,7232,21,36,57,31,62,93,33,56,89,629,746,1375,2397,2688,5085,132,187,319,37,105,142,14,58,72
2021-05-12,3574,4424,7998,36,35,71,47,62,109,45,63,108,683,797,1480,2491,2798,5289,170,376,546,86,204,290,16,89,105
2021-05-13,2906,5423,8329,57,109,166,97,237,334,81,162,243,181,317,498,888,1717,2605,1496,2525,4021,88,251,339,18,105,123
2021-05-14,1340,3081,4421,55,100,155,93,192,285,75,138,213,169,239,408,588,1476,2064,288,664,952,54,183,237,18,89,107
2021-05-15,6419,5178,11597,20,43,63,41,68,109,32,49,81,1197,1206,2403,4994,3461,8455,96,174,270,30,123,153,9,54,63
2021-05-16,873,2312,3185,58,192,250,208,702,910,253,710,963,177,401,578,129,156,285,25,43,68,13,75,88,10,33,43
2021-05-17,4284,4346,8630,53,91,144,173,422,595,107,291,398,841,781,1622,2820,2202,5022,232,385,617,42,114,156,16,60,76
2021-05-18,4574,3919,8493,29,53,82,63,77,140,63,82,145,866,848,1714,3416,2516,5932,100,200,300,28,96,124,9,47,56
2021-05-19,3462,3360,6822,42,101,143,111,216,327,46,119,165,633,641,1274,2446,1819,4265,139,330,469,35,93,128,10,41,51
2021-05-20,10578,11965,22543,72,147,219,151,241,392,88,181,269,2926,3315,6241,6592,6505,13097,576,1027,1603,148,440,588,25,109,134
2021-05-21,2151,4398,6549,105,261,366,189,549,738,108,400,508,97,348,445,450,833,1283,1119,1794,2913,75,159,234,8,54,62
2021-05-22,1526,2131,3657,53,76,129,43,63,106,23,63,86,208,261,469,968,1234,2202,195,342,537,31,71,102,5,21,26
2021-05-23,2375,2363,4738,25,46,71,26,67,93,25,41,66,1006,1090,2096,1186,883,2069,80,154,234,20,65,85,7,17,24
2021-05-24,696,1577,2273,37,82,119,66,133,199,40,102,142,225,240,465,272,883,1155,51,104,155,5,25,30,0,8,8
2021-05-25,4618,8499,13117,12,23,35,7,16,23,3,18,21,179,172,351,278,742,1020,479,837,1316,3254,5714,8968,406,977,1383
2021-05-26,2285,3420,5705,34,49,83,45,82,127,37,72,109,1073,966,2039,200,338,538,169,316,485,623,1318,1941,104,279,383
2021-05-27,9366,15064,24430,62,118,180,97,165,262,94,163,257,2684,2457,5141,286,210,496,693,1197,1890,4854,9135,13989,596,1619,2215
2021-05-28,10537,14922,25459,108,158,266,175,244,419,293,271,564,5792,6776,12568,231,244,475,523,820,1343,3033,5382,8415,382,1027,1409
2021-05-29,8976,8357,17333,4,8,12,11,12,23,630,474,1104,7765,6929,14694,191,231,422,78,130,208,263,497,760,34,76,110
2021-05-30,8317,7567,15884,7,11,18,8,10,18,1777,1543,3320,6381,5837,12218,84,78,162,23,28,51,31,49,80,6,11,17
2021-05-31,11564,15399,26963,97,178,275,165,286,451,6355,6061,12416,3405,5522,8927,614,872,1486,188,367,555,639,1720,2359,101,393,494
2021-06-01,11133,12620,23753,195,256,451,604,417,1021,7064,7382,14446,2190,2523,4713,117,173,290,162,279,441,736,1299,2035,65,291,356
2021-06-02,9074,12909,21983,618,654,1272,1707,2603,4310,4017,5291,9308,2028,2600,4628,168,244,412,132,220,352,333,970,1303,71,327,398
2021-06-03,12679,19522,32201,3020,5037,8057,5232,7967,13199,3265,4405,7670,581,849,1430,161,222,383,91,196,287,278,647,925,51,199,250
2021-06-04,13244,16292,29536,2968,3590,6558,4775,4747,9522,2954,4218,7172,1017,1395,2412,1055,1171,2226,303,531,834,136,491,627,36,149,185
2021-06-05,10964,10324,21288,2684,2387,5071,4796,3955,8751,1854,1741,3595,685,706,1391,657,744,1401,149,288,437,107,364,471,32,139,171
2021-06-06,8408,9811,18219,3043,4033,7076,3796,4096,7892,921,733,1654,425,378,803,76,83,159,57,132,189,68,211,279,22,145,167
2021-06-07,13656,14181,27837,3089,3360,6449,3308,2753,6061,3297,3142,6439,3335,3895,7230,383,402,785,124,222,346,87,265,352,33,142,175
2021-06-08,12652,17052,29704,1009,1491,2500,1361,2047,3408,1476,2054,3530,8084,9939,18023,149,198,347,193,331,524,323,723,1046,57,269,326
2021-06-09,12600,13152,25752,337,337,674,651,675,1326,706,559,1265,10709,11105,21814,94,130,224,55,87,142,33,149,182,15,110,125
2021-06-10,14288,14974,29262,766,865,1631,1056,1213,2269,1919,2011,3930,10106,10098,20204,292,374,666,87,159,246,43,164,207,19,90,109
2021-06-11,9773,15845,25618,200,237,437,470,309,779,750,663,1413,1383,1497,2880,137,243,380,929,1457,2386,5362,9849,15211,542,1590,2132
2021-06-12,6336,7862,14198,439,594,1033,613,799,1412,1354,1554,2908,3087,3029,6116,48,83,131,145,295,440,570,1184,1754,80,324,404
2021-06-13,4112,4401,8513,202,255,457,283,330,613,908,964,1872,2637,2724,5361,37,40,77,12,19,31,27,60,87,6,9,15
2021-06-14,6107,6705,12812,749,855,1604,1032,1071,2103,1354,1352,2706,2660,2824,5484,48,69,117,41,97,138,199,343,542,24,94,118
2021-06-15,13971,13687,27658,121,181,302,206,289,495,436,455,891,12547,11624,24171,218,224,442,144,311,455,260,484,744,39,119,158
2021-06-16,7613,10268,17881,425,634,1059,837,1057,1894,1791,2112,3903,2052,2244,4296,162,217,379,1895,2763,4658,378,923,1301,73,318,391
2021-06-17,11574,14303,25877,197,287,484,441,443,884,2989,3228,6217,4191,4306,8497,530,684,1214,2754,4066,6820,393,956,1349,79,333,412
2021-06-18,14474,15239,29713,668,832,1500,1072,1125,2197,8426,8028,16454,3219,3294,6513,404,547,951,492,800,1292,164,442,606,29,171,200
2021-06-19,10642,11584,22226,217,303,520,149,250,399,8308,8447,16755,1465,1437,2902,252,284,536,104,216,320,115,419,534,32,228,260
2021-06-20,7,5,12,0,2,2,3,0,3,2,2,4,1,0,1,0,1,1,1,0,1,0,0,0,0,0,0
2021-06-21,6036,6133,12169,26,24,50,41,57,98,5062,5010,10072,656,626,1282,157,190,347,69,97,166,19,92,111,6,37,43
2021-06-22,5114,5216,10330,158,259,417,215,287,502,2354,2220,4574,1733,1509,3242,445,483,928,148,214,362,42,162,204,19,82,101
2021-06-23,9614,9629,19243,143,242,385,192,364,556,7895,7563,15458,1107,926,2033,141,225,366,67,118,185,55,131,186,14,60,74
2021-06-24,15432,19473,34905,207,410,617,645,4175,4820,13100,13023,26123,1082,1189,2271,232,315,547,129,215,344,32,107,139,5,39,44
2021-06-25,12923,18813,31736,405,1188,1593,722,3043,3765,4840,4939,9779,971,1119,2090,4579,6225,10804,1178,1651,2829,192,506,698,36,142,178
2021-06-26,9339,12052,21391,38,42,80,40,54,94,846,840,1686,566,701,1267,6866,8753,15619,795,1219,2014,160,342,502,28,101,129
2021-06-27,8173,9037,17210,66,110,176,79,143,222,3530,3605,7135,2789,2820,5609,1054,1240,2294,550,830,1380,87,241,328,18,48,66
2021-06-28,17312,19758,37070,700,1673,2373,613,2420,3033,13845,12917,26762,1260,1288,2548,698,1018,1716,145,260,405,40,109,149,11,73,84
2021-06-29,18289,18700,36989,203,359,562,463,824,1287,15781,14931,30712,757,791,1548,715,1053,1768,246,423,669,110,236,346,14,83,97
2021-06-30,19633,19355,38988,166,213,379,5171,4918,10089,12286,11674,23960,682,662,1344,1175,1532,2707,105,193,298,37,97,134,11,66,77
2021-07-01,12793,13446,26239,114,226,340,4825,4771,9596,5560,5251,10811,961,1063,2024,811,1105,1916,357,577,934,139,328,467,26,125,151
2021-07-02,9891,18342,28233,590,1200,1790,2357,3771,6128,1526,1743,3269,356,531,887,832,1391,2223,650,1204,1854,3104,6884,9988,476,1618,2094
2021-07-03,10947,12339,23286,24,43,67,6056,5334,11390,2555,2732,5287,502,577,1079,415,544,959,338,629,967,929,1980,2909,128,500,628
2021-07-04,10446,10352,20798,515,846,1361,9199,8458,17657,408,471,879,134,125,259,91,132,223,60,81,141,28,155,183,11,84,95
2021-07-05,5076,5532,10608,271,410,681,3533,3015,6548,250,286,536,139,134,273,320,462,782,239,412,651,281,618,899,43,195,238
2021-07-06,13042,12219,25261,429,676,1105,11633,9857,21490,277,329,606,192,247,439,182,216,398,105,221,326,188,502,690,36,171,207
2021-07-07,5696,6329,12025,168,159,327,3958,3590,7548,680,935,1615,257,405,662,150,222,372,152,312,464,284,550,834,47,156,203
2021-07-08,18858,16326,35184,373,534,907,15056,12322,27378,2296,2071,4367,718,735,1453,283,360,643,71,127,198,46,134,180,15,43,58
2021-07-09,12865,13044,25909,676,726,1402,8694,8240,16934,2220,2202,4422,841,838,1679,269,416,685,139,523,662,22,78,100,4,21,25
2021-07-10,10799,11477,22276,1462,1765,3227,7965,7832,15797,383,432,815,182,232,414,464,550,1014,255,423,678,77,193,270,11,50,61
2021-07-11,2156,3662,5818,259,363,622,1069,1290,2359,161,382,543,72,201,273,24,40,64,112,206,318,406,964,1370,53,216,269
2021-07-12,17989,16018,34007,3055,2951,6006,13992,11756,25748,444,537,981,232,277,509,108,175,283,60,127,187,81,147,228,17,48,65
2021-07-13,10336,8806,19142,1784,1638,3422,7358,5998,13356,759,639,1398,275,280,555,100,108,208,40,65,105,14,48,62,6,30,36
2021-07-14,3494,3326,6820,640,724,1364,2287,1909,4196,309,369,678,163,169,332,57,63,120,17,47,64,15,27,42,6,18,24
2021-07-15,14041,19711,33752,430,716,1146,1298,2383,3681,6886,7070,13956,1211,2371,3582,715,1145,1860,2571,3782,6353,806,1781,2587,124,463,587
2021-07-16,13886,19801,33687,350,430,780,1032,3004,4036,7283,8070,15353,500,684,1184,152,198,350,4089,6056,10145,409,1072,1481,71,287,358
2021-07-17,12229,13481,25710,1418,1749,3167,5146,5403,10549,4261,4490,8751,783,854,1637,248,265,513,294,504,798,64,171,235,15,45,60
2021-07-18,11236,11999,23235,3006,3798,6804,2915,2644,5559,3621,3625,7246,1441,1459,2900,167,236,403,64,138,202,19,78,97,3,21,24
2021-07-19,16675,18014,34689,2703,3311,6014,1475,2576,4051,10856,10024,20880,1105,1104,2209,201,229,430,132,215,347,155,433,588,48,122,170
2021-07-20,18538,19711,38249,7468,8505,15973,2537,2900,5437,7356,6740,14096,725,770,1495,193,240,433,156,300,456,85,196,281,18,60,78
2021-07-21,18630,18880,37510,13965,14058,28023,3324,3317,6641,690,723,1413,336,323,659,157,156,313,127,228,355,24,51,75,7,24,31
2021-07-22,19045,17474,36519,13002,11644,24646,4089,3605,7694,1175,1165,2340,504,612,1116,166,237,403,71,96,167,29,78,107,9,37,46
2021-07-23,15537,17589,33126,5960,7136,13096,2810,2898,5708,5662,6051,11713,787,947,1734,202,302,504,82,133,215,31,86,117,3,36,39
2021-07-24,14270,14638,28908,739,976,1715,492,458,950,5669,5465,11134,6934,7089,14023,258,321,579,94,122,216,78,157,235,6,50,56
2021-07-25,11608,13852,25460,6909,9095,16004,2929,2771,5700,901,1033,1934,621,622,1243,195,207,402,34,57,91,15,41,56,4,26,30
2021-07-26,17591,21891,39482,5553,7008,12561,4438,5698,10136,4590,5414,10004,2423,2741,5164,371,517,888,146,312,458,62,148,210,8,53,61
2021-07-27,15286,18861,34147,7092,8299,15391,2989,3845,6834,2815,3617,6432,1247,1483,2730,803,901,1704,235,403,638,86,246,332,19,67,86
2021-07-28,17809,20490,38299,15284,17167,32451,1284,1491,2775,730,1034,1764,319,470,789,131,176,307,34,83,117,18,47,65,9,22,31
2021-07-29,19035,18251,37286,15199,14257,29456,2018,1886,3904,1072,1232,2304,487,530,1017,169,180,349,66,77,143,17,52,69,7,37,44
2021-07-30,16612,16409,33021,5800,5350,11150,6074,5890,11964,3363,3468,6831,1045,1172,2217,231,285,516,61,145,206,34,57,91,4,42,46
2021-07-31,14498,11243,25741,1626,1724,3350,7688,6638,14326,4282,2024,6306,630,495,1125,197,192,389,49,79,128,20,61,81,6,30,36
2021-08-01,6370,7785,14155,1430,1901,3331,2828,3500,6328,1381,1434,2815,480,547,1027,185,234,419,47,95,142,16,50,66,3,24,27
2021-08-02,18658,18134,36792,2969,3352,6321,11163,9889,21052,3585,3722,7307,688,756,1444,174,234,408,57,104,161,16,57,73,6,20,26
2021-08-03,16483,15395,31878,8073,7348,15421,2979,2698,5677,2583,2192,4775,2481,2707,5188,290,278,568,55,91,146,15,57,72,7,24,31
2021-08-04,12977,15265,28242,1988,2557,4545,2748,2865,5613,1617,2015,3632,6346,7427,13773,187,237,424,68,98,166,20,48,68,3,18,21
2021-08-05,9179,8959,18138,3714,3488,7202,3609,3396,7005,1269,1288,2557,425,499,924,124,154,278,27,86,113,10,30,40,1,18,19
2021-08-06,4464,5379,9843,670,786,1456,869,787,1656,368,351,719,209,248,457,1115,1473,2588,1201,1661,2862,28,57,85,4,16,20
2021-08-07,10274,14468,24742,1096,906,2002,66,70,136,54,69,123,60,63,123,1305,1885,3190,7589,11252,18841,89,177,266,15,46,61
2021-08-08,9110,12983,22093,8,18,26,14,18,32,12,16,28,28,62,90,5299,7257,12556,3621,5361,8982,110,213,323,18,38,56
2021-08-09,14306,19708,34014,140,159,299,220,219,439,176,237,413,1045,1534,2579,10620,14604,25224,2000,2690,4690,93,219,312,12,46,58
2021-08-10,14408,19062,33470,358,427,785,508,536,1044,1187,838,2025,1353,1812,3165,7291,9825,17116,3571,5326,8897,120,243,363,20,55,75
2021-08-11,15041,16663,31704,1329,1117,2446,291,452,743,304,431,735,2433,2630,5063,8853,9097,17950,1689,2652,4341,126,229,355,16,55,71
2021-08-12,9679,12963,22642,385,435,820,256,289,545,230,277,507,1815,2277,4092,3735,4320,8055,3113,4998,8111,120,298,418,25,69,94
2021-08-13,13125,18233,31358,121,130,251,188,184,372,149,193,342,375,452,827,5621,6997,12618,6324,9369,15693,299,726,1025,48,182,230
2021-08-14,8451,12744,21195,90,136,226,162,221,383,163,312,475,1602,2184,3786,5549,8187,13736,784,1397,2181,83,244,327,18,63,81
2021-08-15,11683,12656,24339,472,563,1035,808,979,1787,1422,1426,2848,6743,7032,13775,1705,1633,3338,437,762,1199,78,192,270,18,69,87
2021-08-16,9429,11957,21386,1423,1597,3020,1143,1261,2404,2521,2943,5464,1920,2364,4284,1107,1421,2528,1154,1925,3079,132,352,484,29,94,123
2021-08-17,16216,14076,30292,7578,6659,14237,6270,5483,11753,1383,1219,2602,792,418,1210,140,182,322,34,67,101,14,42,56,5,6,11
2021-08-18,11497,12379,23876,4865,4605,9470,1417,1760,3177,1201,1379,2580,1757,1881,3638,1705,1715,3420,476,833,1309,67,163,230,9,43,52
2021-08-19,6024,6251,12275,2423,2302,4725,815,800,1615,476,586,1062,1450,1399,2849,589,656,1245,231,410,641,35,77,112,5,21,26
2021-08-20,13305,12399,25704,2508,2570,5078,1530,1159,2689,1225,1007,2232,7741,7193,14934,210,254,464,69,151,220,19,53,72,3,12,15
2021-08-21,9403,12186,21589,1589,2121,3710,2271,3354,5625,2205,2944,5149,2846,3099,5945,378,421,799,89,157,246,20,68,88,5,22,27
2021-08-22,9958,11255,21213,1543,1952,3495,5265,5504,10769,1749,2116,3865,967,1125,2092,350,418,768,68,109,177,14,29,43,2,2,4
2021-08-23,17365,15728,33093,7363,6945,14308,7734,6309,14043,1322,1346,2668,676,720,1396,209,251,460,47,100,147,13,39,52,1,18,19
2021-08-24,12506,13247,25753,9016,9263,18279,1923,1813,3736,805,956,1761,547,763,1310,168,278,446,36,110,146,7,46,53,4,18,22
2021-08-25,15764,15850,31614,2372,2414,4786,1178,1546,2724,6772,6409,13181,4892,4749,9641,411,470,881,105,152,257,29,81,110,5,29,34
2021-08-26,15188,17721,32909,1914,2488,4402,934,1315,2249,585,842,1427,3746,3682,7428,6722,6900,13622,1114,1955,3069,140,428,568,33,111,144
2021-08-27,18525,18134,36659,10956,10848,21804,3405,2773,6178,1012,1039,2051,2442,2522,4964,560,662,1222,117,193,310,28,71,99,5,26,31
2021-08-28,11104,13358,24462,8200,10500,18700,1658,1449,3107,780,720,1500,336,449,785,84,114,198,36,90,126,8,30,38,2,6,8
2021-08-29,11508,12859,24367,979,1273,2252,556,714,1270,2031,2115,4146,7447,8036,15483,322,416,738,121,233,354,47,58,105,5,14,19
2021-08-30,16068,16843,32911,4049,3693,7742,2372,2317,4689,3189,2991,6180,3919,3967,7886,1658,2130,3788,751,1307,2058,117,347,464,13,91,104
2021-08-31,15733,17470,33203,11179,12744,23923,2044,1872,3916,1599,1671,3270,644,728,1372,179,264,443,66,115,181,17,56,73,5,20,25
2021-09-01,16078,17164,33242,14469,14400,28869,611,663,1274,385,517,902,270,475,745,238,740,978,90,288,378,14,70,84,1,11,12
2021-09-02,15987,19099,35086,9725,9738,19463,1546,2375,3921,2657,3861,6518,1518,2330,3848,363,501,864,155,216,371,20,69,89,3,9,12
2021-09-03,14739,17259,31998,6106,6146,12252,1646,1750,3396,4340,5768,10108,1625,2155,3780,826,1056,1882,163,286,449,30,74,104,3,24,27
2021-09-04,12195,12095,24290,3309,3316,6625,3446,3188,6634,4741,4774,9515,535,540,1075,116,167,283,40,73,113,6,33,39,2,4,6
2021-09-05,12287,12156,24443,1264,1342,2606,2428,2311,4739,7661,7530,15191,766,734,1500,124,176,300,38,40,78,5,17,22,1,6,7
2021-09-06,16322,16040,32362,1597,1501,3098,671,757,1428,10889,10785,21674,2625,2265,4890,418,510,928,94,147,241,20,62,82,8,13,21
2021-09-07,18214,20250,38464,969,1374,2343,1682,2530,4212,8141,7642,15783,3666,3835,7501,2968,3460,6428,664,1033,1697,97,309,406,27,67,94
2021-09-08,10589,10655,21244,2531,2216,4747,2711,2544,5255,3042,3171,6213,1474,1616,3090,623,669,1292,167,278,445,36,122,158,5,39,44
2021-09-09,15282,15122,30404,2482,2625,5107,9255,8470,17725,2200,2405,4605,1067,1183,2250,214,266,480,48,94,142,13,67,80,3,12,15
2021-09-10,5057,5445,10502,2279,2178,4457,785,964,1749,388,428,816,1195,1309,2504,330,405,735,62,121,183,16,36,52,2,4,6
2021-09-11,3401,3273,6674,685,686,1371,1660,1399,3059,259,299,558,693,759,1452,74,80,154,28,32,60,2,15,17,0,3,3
2021-09-12,863,981,1844,217,283,500,345,334,679,187,217,404,91,112,203,18,20,38,5,12,17,0,2,2,0,1,1
2021-09-13,7406,7285,14691,4362,4525,8887,2643,2314,4957,209,227,436,120,123,243,39,37,76,18,23,41,9,25,34,6,11,17
2021-09-14,6493,7603,14096,495,599,1094,414,471,885,391,452,843,4258,4525,8783,753,1249,2002,154,220,374,25,65,90,3,22,25
2021-09-15,17614,19960,37574,1146,1586,2732,1645,2313,3958,3396,3870,7266,8712,8851,17563,2392,2752,5144,234,411,645,71,138,209,18,39,57
2021-09-16,16666,18995,35661,2392,3407,5799,9601,10123,19724,2406,2589,4995,1363,1677,3040,727,832,1559,132,249,381,37,95,132,8,23,31
2021-09-17,14024,14237,28261,8438,8586,17024,3148,2927,6075,1305,1337,2642,797,873,1670,231,301,532,79,127,206,21,67,88,5,19,24
2021-09-18,12238,13214,25452,8628,8999,17627,2122,2206,4328,911,1140,2051,452,602,1054,96,173,269,19,61,80,8,28,36,2,5,7
2021-09-19,9195,9354,18549,5311,5091,10402,2131,2149,4280,1037,1146,2183,514,562,1076,131,189,320,53,138,191,17,63,80,1,16,17
2021-09-20,7230,6947,14177,3462,3328,6790,2210,1871,4081,861,915,1776,432,453,885,175,205,380,77,127,204,10,40,50,3,8,11
2021-09-21,12404,11559,23963,10054,9314,19368,1352,1086,2438,553,545,1098,293,350,643,107,169,276,31,61,92,11,23,34,3,11,14
2021-09-22,8666,7854,16520,5570,4885,10455,2010,1636,3646,579,601,1180,293,366,659,133,169,302,61,127,188,16,47,63,4,23,27
2021-09-23,5844,5967,11811,3968,4076,8044,1081,966,2047,451,465,916,235,269,504,57,97,154,41,56,97,11,30,41,0,8,8
2021-09-24,5778,5938,11716,2979,3056,6035,1235,1231,2466,983,942,1925,427,442,869,103,145,248,39,68,107,10,38,48,2,16,18
2021-09-25,3686,3079,6765,1131,934,2065,1329,847,2176,574,612,1186,501,536,1037,124,108,232,18,27,45,8,11,19,1,4,5
2021-09-26,12302,11262,23564,684,771,1455,1626,1666,3292,5074,4453,9527,4531,3821,8352,319,374,693,54,107,161,12,60,72,2,10,12
2021-09-27,12004,11097,23101,1915,2272,4187,5456,4767,10223,3187,2676,5863,1189,969,2158,188,249,437,46,88,134,22,56,78,1,20,21
2021-09-28,14112,14034,28146,1017,967,1984,9723,8281,18004,1254,1426,2680,804,951,1755,558,775,1333,602,1125,1727,138,409,547,16,100,116
2021-09-29,8785,8643,17428,2577,2772,5349,4428,3812,8240,878,886,1764,549,567,1116,205,248,453,113,226,339,35,104,139,0,28,28
2021-09-30,8603,9931,18534,5384,5786,11170,1118,1379,2497,1063,976,2039,740,1077,1817,227,480,707,56,161,217,14,62,76,1,10,11
2021-10-01,5694,5624,11318,2929,3026,5955,1257,1241,2498,858,715,1573,494,422,916,121,129,250,30,56,86,5,29,34,0,6,6
2021-10-02,2868,2812,5680,1185,1224,2409,847,723,1570,489,472,961,242,214,456,74,97,171,21,49,70,9,26,35,1,7,8
2021-10-03,3210,2791,6001,1518,1329,2847,1014,748,1762,411,355,766,159,180,339,80,109,189,19,45,64,8,21,29,1,4,5
2021-10-04,5752,5518,11270,2510,2340,4850,1866,1576,3442,732,724,1456,411,468,879,162,256,418,54,98,152,13,41,54,4,15,19
2021-10-05,3449,3390,6839,1396,1439,2835,959,825,1784,591,570,1161,358,380,738,111,108,219,23,35,58,8,25,33,3,8,11
2021-10-06,7228,7387,14615,5595,5825,11420,748,633,1381,480,448,928,264,285,549,95,111,206,31,43,74,12,29,41,3,13,16
2021-10-07,3085,3046,6131,1327,1168,2495,854,794,1648,415,441,856,329,386,715,125,165,290,27,58,85,3,25,28,5,9,14
2021-10-08,10676,10465,21141,664,918,1582,6175,5471,11646,1210,1307,2517,1390,1475,2865,1170,1157,2327,49,90,139,17,41,58,1,6,7
2021-10-09,9838,9675,19513,622,750,1372,4488,3972,8460,1235,1245,2480,2273,2353,4626,1165,1220,2385,43,94,137,12,34,46,0,7,7
2021-10-10,7005,7172,14177,441,623,1064,3583,3315,6898,786,892,1678,1336,1359,2695,823,892,1715,25,61,86,10,24,34,1,6,7
2021-10-11,4638,4536,9174,2586,2417,5003,1073,1041,2114,573,531,1104,276,310,586,84,124,208,35,67,102,10,42,52,1,4,5
2021-10-12,10963,10264,21227,6811,6110,12921,1394,1318,2712,1293,1338,2631,945,952,1897,435,424,859,69,87,156,15,28,43,1,7,8
2021-10-13,16590,17499,34089,15175,15854,31029,445,476,921,438,467,905,354,442,796,144,179,323,19,37,56,12,27,39,3,17,20
2021-10-14,13158,13062,26220,9743,9466,19209,1729,1717,3446,881,896,1777,530,615,1145,198,229,427,57,80,137,16,47,63,4,12,16
2021-10-15,12968,12523,25491,7494,6745,14239,3212,3020,6232,1332,1374,2706,628,827,1455,218,381,599,67,117,184,16,44,60,1,15,16
2021-10-16,8778,8957,17735,6385,6291,12676,1296,1327,2623,632,740,1372,309,350,659,119,152,271,30,64,94,7,23,30,0,10,10
2021-10-17,3124,3571,6695,2105,2230,4335,423,530,953,283,350,633,201,266,467,88,120,208,20,49,69,3,22,25,1,4,5
2021-10-18,12201,11809,24010,9738,9495,19233,998,862,1860,830,710,1540,479,468,947,132,196,328,19,42,61,5,23,28,0,13,13
2021-10-19,9244,8855,18099,5793,5559,11352,1554,1348,2902,1024,990,2014,535,556,1091,293,318,611,33,57,90,11,18,29,1,9,10
2021-10-20,8977,8604,17581,7121,6853,13974,837,728,1565,586,545,1131,290,285,575,112,117,229,21,49,70,7,21,28,3,6,9
2021-10-21,10847,11228,22075,8577,9060,17637,1054,900,1954,586,537,1123,368,365,733,197,228,425,37,64,101,26,49,75,2,25,27
2021-10-22,13821,14607,28428,10934,11335,22269,1370,1389,2759,683,802,1485,586,657,1243,191,264,455,43,96,139,14,55,69,0,9,9
2021-10-23,8708,8792,17500,7459,7536,14995,688,665,1353,259,284,543,176,164,340,89,85,174,23,35,58,10,17,27,4,6,10
2021-10-24,9161,9136,18297,8695,8626,17321,192,198,390,126,142,268,79,81,160,49,58,107,13,21,34,5,7,12,2,3,5
2021-10-25,9957,10296,20253,8030,7893,15923,855,877,1732,600,692,1292,299,418,717,113,227,340,44,120,164,13,56,69,3,13,16
2021-10-26,11775,11443,23218,10338,10060,20398,770,678,1448,329,343,672,209,195,404,87,78,165,28,42,70,12,31,43,2,16,18
2021-10-27,12433,12653,25086,11180,11322,22502,567,574,1141,370,370,740,205,210,415,74,109,183,32,46,78,5,19,24,0,3,3
2021-10-28,12783,12941,25724,11292,11363,22655,673,625,1298,415,425,840,258,278,536,96,143,239,36,56,92,8,35,43,5,16,21
2021-10-29,12491,12474,24965,11596,11557,23153,479,431,910,212,240,452,123,120,243,60,61,121,14,32,46,6,24,30,1,9,10
2021-10-30,8569,8672,17241,7949,8036,15985,335,309,644,154,163,317,84,86,170,40,47,87,5,22,27,2,7,9,0,2,2
2021-10-31,8051,7898,15949,7372,7256,14628,337,340,677,182,150,332,101,85,186,36,35,71,16,23,39,5,7,12,2,2,4
2021-11-01,7962,7152,15114,4600,4389,8989,2296,1695,3991,636,520,1156,281,302,583,121,155,276,25,66,91,3,16,19,0,9,9
2021-11-02,3941,3937,7878,2469,2214,4683,853,850,1703,333,417,750,187,255,442,67,118,185,14,46,60,8,25,33,10,12,22
2021-11-03,9443,10079,19522,8820,9453,18273,280,248,528,180,163,343,109,108,217,35,58,93,11,26,37,7,16,23,1,7,8
2021-11-04,9682,9759,19441,9108,9119,18227,250,273,523,165,149,314,88,84,172,37,62,99,19,46,65,10,18,28,5,8,13
2021-11-05,3910,3512,7422,3369,2992,6361,218,216,434,138,126,264,115,80,195,41,49,90,19,23,42,9,17,26,1,9,10
2021-11-06,3300,3275,6575,2888,2804,5692,180,180,360,96,116,212,87,103,190,34,35,69,8,22,30,5,13,18,2,2,4
2021-11-07,3232,3126,6358,2740,2663,5403,221,203,424,132,108,240,79,58,137,36,46,82,16,24,40,8,17,25,0,7,7
2021-11-08,8877,9143,18020,8113,8156,16269,341,392,733,208,245,453,133,180,313,57,92,149,20,57,77,4,11,15,1,10,11
2021-11-09,4119,4155,8274,3563,3496,7059,261,278,539,165,168,333,90,118,208,31,47,78,6,29,35,3,11,14,0,8,8
2021-11-10,5955,5531,11486,5437,4932,10369,244,256,500,125,129,254,72,85,157,53,53,106,20,42,62,3,21,24,1,13,14
2021-11-11,4974,4766,9740,4294,4050,8344,310,256,566,167,173,340,103,127,230,44,69,113,31,49,80,21,34,55,4,8,12
2021-11-12,7545,7626,15171,6858,6879,13737,252,251,503,219,226,445,117,106,223,62,89,151,24,46,70,8,20,28,5,9,14
2021-11-13,1181,1078,2259,1155,1054,2209,8,6,14,9,6,15,4,7,11,3,4,7,0,1,1,1,0,1,1,0,1
2021-11-14,1388,1369,2757,1371,1357,2728,7,7,14,6,3,9,4,0,4,0,2,2,0,0,0,0,0,0,0,0,0
2021-11-15,6733,6764,13497,6028,6003,12031,248,274,522,241,244,485,169,162,331,34,40,74,9,25,34,4,14,18,0,2,2
2021-11-16,10053,9730,19783,7663,7602,15265,1039,853,1892,866,736,1602,312,301,613,132,153,285,32,45,77,7,31,38,2,9,11
2021-11-17,11967,11707,23674,11385,11072,22457,319,283,602,129,153,282,88,101,189,27,44,71,9,28,37,4,16,20,6,10,16
2021-11-18,11583,11331,22914,11057,10788,21845,235,213,448,157,150,307,88,90,178,32,44,76,9,18,27,3,16,19,2,12,14
2021-11-19,11149,10850,21999,10261,9894,20155,409,398,807,229,235,464,152,178,330,63,78,141,28,38,66,7,20,27,0,9,9
2021-11-20,3677,3896,7573,3312,3491,6803,140,134,274,101,115,216,78,74,152,24,48,72,13,21,34,7,11,18,2,2,4
2021-11-21,3802,3894,7696,3298,3348,6646,177,182,359,136,155,291,119,126,245,50,52,102,14,19,33,6,8,14,2,4,6
2021-11-22,4752,4814,9566,4248,4272,8520,211,225,436,142,125,267,99,107,206,37,37,74,11,28,39,3,13,16,1,7,8
2021-11-23,7508,7540,15048,6638,6679,13317,406,378,784,232,218,450,159,157,316,46,63,109,18,24,42,7,16,23,2,5,7
2021-11-24,8480,8257,16737,7588,7401,14989,448,372,820,241,221,462,136,149,285,38,64,102,17,27,44,9,18,27,3,5,8
2021-11-25,2547,2445,4992,1919,1797,3716,347,276,623,151,184,335,62,82,144,38,51,89,15,24,39,10,27,37,5,4,9
2021-11-26,6218,6104,12322,5168,5094,10262,457,422,879,302,273,575,185,154,339,62,88,150,29,45,74,13,18,31,2,10,12
2021-11-27,5060,5080,10140,4545,4479,9024,197,212,409,140,152,292,111,128,239,43,58,101,16,27,43,4,16,20,4,8,12
2021-11-28,4804,4558,9362,4347,4082,8429,226,232,458,114,125,239,64,63,127,39,25,64,9,21,30,5,8,13,0,2,2
2021-11-29,4694,4697,9391,3909,3894,7803,399,393,792,227,215,442,112,99,211,31,58,89,10,23,33,4,8,12,2,7,9
2021-11-30,5763,5717,11480,4728,4621,9349,575,554,1129,243,225,468,118,148,266,69,96,165,20,45,65,7,17,24,3,11,14
2021-12-01,7102,6737,13839,6184,5740,11924,436,405,841,229,232,461,162,171,333,58,108,166,25,49,74,7,22,29,1,10,11
2021-12-02,7235,7368,14603,6131,6044,12175,515,486,1001,368,409,777,134,233,367,57,90,147,24,65,89,5,28,33,1,13,14
2021-12-03,2386,2313,4699,1800,1708,3508,298,289,587,137,131,268,76,86,162,53,52,105,18,31,49,3,13,16,1,3,4
2021-12-04,2526,2559,5085,2178,2209,4387,136,133,269,105,86,191,52,62,114,34,36,70,16,20,36,5,8,13,0,5,5
2021-12-05,1969,2020,3989,1636,1637,3273,170,166,336,73,91,164,53,63,116,26,37,63,7,14,21,3,8,11,1,4,5
2021-12-06,5290,5266,10556,4479,4380,8859,376,377,753,235,264,499,123,137,260,50,60,110,21,30,51,5,14,19,1,4,5
2021-12-07,4060,4082,8142,3129,3106,6235,460,440,900,247,260,507,133,127,260,59,89,148,27,41,68,3,15,18,2,4,6
2021-12-08,3067,3019,6086,2478,2457,4935,245,210,455,148,139,287,123,112,235,48,56,104,19,26,45,4,11,15,2,8,10
2021-12-09,5377,5248,10625,4839,4648,9487,241,223,464,144,160,304,85,97,182,43,61,104,19,39,58,5,18,23,1,2,3
2021-12-10,3401,3247,6648,2929,2721,5650,228,214,442,117,108,225,65,91,156,43,52,95,12,26,38,7,18,25,0,17,17
2021-12-11,2308,2338,4646,1833,1867,3700,229,182,411,106,119,225,74,91,165,46,39,85,15,21,36,5,16,21,0,3,3
2021-12-12,2159,1995,4154,1567,1434,3001,332,272,604,146,143,289,71,79,150,36,42,78,6,17,23,1,7,8,0,1,1
2021-12-13,2179,2067,4246,1404,1382,2786,420,351,771,192,152,344,107,99,206,38,43,81,12,23,35,5,13,18,1,4,5
2021-12-14,3110,3121,6231,2358,2353,4711,352,314,666,204,218,422,118,104,222,53,68,121,16,34,50,7,21,28,2,9,11
2021-12-15,3067,3054,6121,2375,2331,4706,299,249,548,188,183,371,129,145,274,56,74,130,17,47,64,2,14,16,1,11,12
2021-12-16,3154,2962,6116,2536,2393,4929,312,227,539,158,141,299,94,94,188,36,52,88,12,35,47,5,14,19,1,6,7
2021-12-17,2877,2876,5753,2342,2247,4589,249,227,476,138,140,278,78,126,204,48,66,114,15,37,52,5,27,32,2,6,8
2021-12-18,2317,2241,4558,1691,1644,3335,268,225,493,176,182,358,107,89,196,48,58,106,16,20,36,10,18,28,1,5,6
2021-12-19,2450,2281,4731,1821,1702,3523,299,272,571,178,139,317,94,92,186,35,33,68,13,18,31,8,15,23,2,10,12
2021-12-20,3509,3205,6714,2591,2347,4938,488,419,907,242,207,449,117,105,222,41,50,91,17,37,54,9,28,37,4,12,16
2021-12-21,4024,3592,7616,2986,2684,5670,535,438,973,278,220,498,150,159,309,51,43,94,16,18,34,6,18,24,2,12,14
2021-12-22,4285,3985,8270,3355,3016,6371,410,364,774,248,257,505,165,152,317,68,111,179,32,53,85,4,20,24,3,12,15
2021-12-23,3862,3728,7590,3021,2851,5872,424,377,801,238,241,479,122,130,252,41,66,107,13,37,50,3,20,23,0,6,6
2021-12-24,1091,959,2050,733,669,1402,168,126,294,92,87,179,66,40,106,21,17,38,8,8,16,1,7,8,2,5,7
2021-12-25,4,13,17,0,1,1,0,0,0,0,0,0,0,0,0,0,3,3,3,0,3,0,6,6,1,3,4
2021-12-26,2200,2162,4362,1673,1609,3282,253,270,523,151,156,307,80,57,137,27,33,60,10,22,32,5,9,14,1,6,7
2021-12-27,4304,3853,8157,2964,2564,5528,656,580,1236,396,320,716,192,218,410,70,81,151,19,49,68,5,31,36,2,10,12
2021-12-28,4141,3862,8003,2839,2670,5509,593,487,1080,354,338,692,240,190,430,71,91,162,36,47,83,7,27,34,1,12,13
2021-12-29,4497,4074,8571,3298,3017,6315,609,476,1085,347,330,677,160,130,290,52,53,105,18,31,49,10,33,43,3,4,7
2021-12-30,4205,3733,7938,3127,2745,5872,557,435,992,281,268,549,159,136,295,52,62,114,22,47,69,7,31,38,0,9,9
2021-12-31,1210,1132,2342,886,803,1689,157,154,311,110,79,189,32,54,86,14,19,33,9,14,23,2,7,9,0,2,2
2022-01-01,1,1,2,1,1,2,0,0,0,0,0,0,0,0,0,0,0,0,0,0,0,0,0,0,0,0,0
2022-01-02,2229,2143,4372,1701,1599,3300,249,264,513,147,133,280,85,80,165,32,32,64,12,18,30,3,14,17,0,3,3
2022-01-03,3652,3229,6881,2229,2015,4244,824,602,1426,325,291,616,177,166,343,65,86,151,21,37,58,10,29,39,1,3,4
2022-01-04,3084,3009,6093,2023,1945,3968,530,452,982,281,296,577,164,167,331,62,75,137,19,44,63,3,26,29,2,4,6
2022-01-05,3684,3492,7176,2386,2277,4663,770,594,1364,279,274,553,159,174,333,60,83,143,21,54,75,8,31,39,1,5,6
2022-01-06,3189,3015,6204,2370,2176,4546,424,339,763,208,219,427,104,110,214,52,90,142,23,41,64,5,25,30,3,15,18
2022-01-07,4946,4798,9744,3365,3249,6614,883,757,1640,385,352,737,179,201,380,88,139,227,29,57,86,11,34,45,6,9,15
2022-01-08,2063,1948,4011,1427,1393,2820,307,270,577,177,125,302,93,80,173,41,37,78,15,23,38,3,13,16,0,7,7
2022-01-09,2292,2035,4327,1655,1476,3131,379,312,691,143,121,264,63,61,124,38,32,70,11,22,33,1,8,9,2,3,5
2022-01-10,2632,2353,4985,1820,1673,3493,447,319,766,201,168,369,100,79,179,31,52,83,22,37,59,8,20,28,3,5,8
2022-01-11,2856,2689,5545,2038,1879,3917,436,389,825,227,207,434,85,112,197,40,49,89,21,29,50,6,18,24,3,6,9
2022-01-12,2667,2540,5207,2059,1924,3983,296,259,555,178,156,334,87,73,160,28,55,83,15,44,59,3,18,21,1,11,12
2022-01-13,2726,2493,5219,2185,1980,4165,256,229,485,145,139,284,78,69,147,39,42,81,14,21,35,7,7,14,2,6,8
2022-01-14,2563,2365,4928,2013,1895,3908,288,204,492,145,132,277,81,60,141,21,40,61,5,21,26,9,9,18,1,4,5
2022-01-15,1535,1393,2928,1259,1149,2408,163,127,290,62,52,114,34,33,67,9,20,29,6,5,11,2,3,5,0,4,4
2022-01-16,1470,1404,2874,1170,1125,2295,177,141,318,69,63,132,30,39,69,19,19,38,4,11,15,1,4,5,0,2,2
