FECHA,TotalM,TotalF,Total,<=30M,<=30F,<=30,31-40M,31-40F,31-40,41-50M,41-50F,41-50,51-60M,51-60F,51-60,61-70M,61-70F,61-70,71-80M,71-80F,71-80,81-90M,81-90F,81-90,>=91M,>=91F,>=91
2020-12-29,299,476,775,44,76,120,104,144,248,93,154,247,57,99,156,1,3,4,0,0,0,0,0,0,0,0,0
2020-12-30,638,1041,1679,95,188,283,226,317,543,189,329,518,125,200,325,3,6,9,0,1,1,0,0,0,0,0,0
2020-12-31,684,1092,1776,102,191,293,240,334,574,205,350,555,134,209,343,3,7,10,0,1,1,0,0,0,0,0,0
2021-01-01,684,1092,1776,102,191,293,240,334,574,205,350,555,134,209,343,3,7,10,0,1,1,0,0,0,0,0,0
2021-01-02,837,1369,2206,116,224,340,298,443,741,255,428,683,164,265,429,4,8,12,0,1,1,0,0,0,0,0,0
2021-01-03,892,1483,2375,125,241,366,323,491,814,267,458,725,173,284,457,4,8,12,0,1,1,0,0,0,0,0,0
2021-01-04,1248,2067,3315,186,342,528,439,694,1133,370,633,1003,248,389,637,5,8,13,0,1,1,0,0,0,0,0,0
2021-01-05,1763,2883,4646,260,481,741,656,965,1621,496,880,1376,345,544,889,6,11,17,0,2,2,0,0,0,0,0,0
2021-01-06,2328,3757,6085,359,644,1003,866,1226,2092,654,1136,1790,441,734,1175,8,13,21,0,4,4,0,0,0,0,0,0
2021-01-07,2902,4771,7673,449,813,1262,1067,1574,2641,815,1438,2253,563,929,1492,8,13,21,0,4,4,0,0,0,0,0,0
2021-01-08,3572,5958,9530,570,1043,1613,1294,1979,3273,1007,1779,2786,688,1136,1824,13,16,29,0,5,5,0,0,0,0,0,0
2021-01-09,3741,6233,9974,584,1083,1667,1366,2081,3447,1059,1868,2927,719,1180,1899,13,16,29,0,5,5,0,0,0,0,0,0
2021-01-10,3950,6597,10547,617,1131,1748,1455,2233,3688,1113,1970,3083,750,1240,1990,15,17,32,0,6,6,0,0,0,0,0,0
2021-01-11,4614,7798,12412,730,1389,2119,1723,2637,4360,1290,2297,3587,854,1449,2303,17,20,37,0,6,6,0,0,0,0,0,0
2021-01-12,5209,8897,14106,827,1581,2408,1959,3025,4984,1441,2590,4031,964,1673,2637,18,22,40,0,6,6,0,0,0,0,0,0
2021-01-13,5675,9792,15467,906,1760,2666,2123,3350,5473,1570,2825,4395,1057,1827,2884,19,23,42,0,7,7,0,0,0,0,0,0
2021-01-14,6479,11216,17695,1076,2042,3118,2415,3838,6253,1789,3222,5011,1180,2083,3263,19,24,43,0,7,7,0,0,0,0,0,0
2021-01-15,7675,13447,21122,1291,2495,3786,2882,4612,7494,2097,3836,5933,1386,2469,3855,19,27,46,0,8,8,0,0,0,0,0,0
2021-01-16,8152,14308,22460,1387,2649,4036,3060,4941,8001,2218,4081,6299,1468,2602,4070,19,27,46,0,8,8,0,0,0,0,0,0
2021-01-17,8438,14855,23293,1453,2742,4195,3174,5156,8330,2290,4236,6526,1502,2686,4188,19,27,46,0,8,8,0,0,0,0,0,0
2021-01-18,8626,15174,23800,1481,2796,4277,3234,5260,8494,2347,4342,6689,1545,2741,4286,19,27,46,0,8,8,0,0,0,0,0,0
2021-01-19,8912,15646,24558,1517,2863,4380,3316,5431,8747,2442,4488,6930,1616,2828,4444,21,28,49,0,8,8,0,0,0,0,0,0
2021-01-20,9203,16152,25355,1548,2958,4506,3424,5581,9005,2530,4646,7176,1680,2926,4606,21,32,53,0,9,9,0,0,0,0,0,0
2021-01-21,9331,16337,25668,1571,2987,4558,3468,5633,9101,2564,4708,7272,1702,2967,4669,26,33,59,0,9,9,0,0,0,0,0,0
2021-01-22,9364,16386,25750,1577,2997,4574,3481,5647,9128,2576,4725,7301,1704,2974,4678,26,34,60,0,9,9,0,0,0,0,0,0
2021-01-23,9483,16590,26073,1587,3019,4606,3526,5728,9254,2615,4783,7398,1728,3015,4743,27,35,62,0,10,10,0,0,0,0,0,0
2021-01-24,9527,16678,26205,1592,3029,4621,3546,5765,9311,2626,4808,7434,1736,3031,4767,27,35,62,0,10,10,0,0,0,0,0,0
2021-01-25,9806,17137,26943,1638,3106,4744,3630,5913,9543,2706,4949,7655,1803,3121,4924,29,37,66,0,11,11,0,0,0,0,0,0
2021-01-26,10172,17781,27953,1678,3211,4889,3775,6098,9873,2811,5161,7972,1876,3258,5134,32,41,73,0,11,11,0,0,0,0,1,1
2021-01-27,10616,18445,29061,1752,3327,5079,3944,6296,10240,2928,5353,8281,1958,3413,5371,34,43,77,0,12,12,0,0,0,0,1,1
2021-01-28,11074,19254,30328,1827,3472,5299,4096,6569,10665,3056,5580,8636,2061,3577,5638,34,43,77,0,12,12,0,0,0,0,1,1
2021-01-29,11710,20319,32029,1929,3660,5589,4339,6945,11284,3238,5887,9125,2166,3767,5933,38,47,85,0,12,12,0,0,0,0,1,1
2021-01-30,11863,20581,32444,1948,3699,5647,4399,7049,11448,3283,5966,9249,2195,3807,6002,38,47,85,0,12,12,0,0,0,0,1,1
2021-01-31,11981,20806,32787,1971,3732,5703,4441,7142,11583,3315,6026,9341,2215,3846,6061,39,47,86,0,12,12,0,0,0,0,1,1
2021-02-01,12528,21751,34279,2062,3907,5969,4666,7474,12140,3465,6280,9745,2295,4024,6319,40,52,92,0,13,13,0,0,0,0,1,1
2021-02-02,13707,23755,37462,2175,4151,6326,4954,7938,12892,3670,6717,10387,2520,4488,7008,345,415,760,37,43,80,5,2,7,1,1,2
2021-02-03,14973,26066,41039,2313,4477,6790,5278,8555,13833,3923,7263,11186,2766,4963,7729,611,733,1344,73,70,143,8,4,12,1,1,2
2021-02-04,16214,28389,44603,2473,4800,7273,5637,9218,14855,4214,7829,12043,2987,5446,8433,777,983,1760,112,105,217,12,7,19,2,1,3
2021-02-05,18122,32102,50224,2753,5378,8131,6257,10389,16646,4619,8739,13358,3344,6179,9523,967,1260,2227,163,147,310,17,9,26,2,1,3
2021-02-06,18565,32907,51472,2834,5496,8330,6393,10664,17057,4736,8969,13705,3430,6334,9764,989,1286,2275,164,148,312,17,9,26,2,1,3
2021-02-07,18918,33559,52477,2888,5586,8474,6506,10901,17407,4846,9161,14007,3488,6445,9933,1005,1307,2312,166,149,315,17,9,26,2,1,3
2021-02-08,19785,35152,54937,3016,5865,8881,6784,11403,18187,5056,9588,14644,3638,6717,10355,1094,1410,2504,177,159,336,18,9,27,2,1,3
2021-02-09,20776,37077,57853,3157,6207,9364,7087,11971,19058,5283,10048,15331,3819,7121,10940,1214,1555,2769,191,165,356,23,9,32,2,1,3
2021-02-10,21312,38101,59413,3238,6371,9609,7218,12294,19512,5428,10310,15738,3927,7326,11253,1273,1618,2891,200,172,372,26,9,35,2,1,3
2021-02-11,21763,39158,60921,3309,6551,9860,7362,12638,20000,5525,10576,16101,3998,7524,11522,1329,1679,3008,211,180,391,27,9,36,2,1,3
2021-02-12,22263,40095,62358,3382,6703,10085,7527,12966,20493,5636,10851,16487,4087,7659,11746,1375,1719,3094,224,187,411,30,9,39,2,1,3
2021-02-13,22283,40132,62415,3382,6709,10091,7535,12981,20516,5641,10859,16500,4094,7667,11761,1375,1719,3094,224,187,411,30,9,39,2,1,3
2021-02-14,22289,40156,62445,3384,6716,10100,7537,12988,20525,5641,10869,16510,4096,7667,11763,1375,1719,3094,224,187,411,30,9,39,2,1,3
2021-02-15,22289,40156,62445,3384,6716,10100,7537,12988,20525,5641,10869,16510,4096,7667,11763,1375,1719,3094,224,187,411,30,9,39,2,1,3
2021-02-16,22300,40191,62491,3385,6717,10102,7545,13006,20551,5643,10882,16525,4096,7670,11766,1375,1719,3094,224,187,411,30,9,39,2,1,3
2021-02-17,23097,41690,64787,3512,6945,10457,7792,13455,21247,5814,11311,17125,4240,7955,12195,1471,1822,3293,236,191,427,30,10,40,2,1,3
2021-02-18,24940,45560,70500,3729,7485,11214,8314,14500,22814,6193,12333,18526,4601,8734,13335,1738,2207,3945,314,284,598,49,16,65,2,1,3
2021-02-19,26595,49370,75965,3924,8018,11942,8760,15612,24372,6615,13314,19929,4907,9469,14376,1944,2542,4486,379,388,767,61,26,87,5,1,6
2021-02-20,27046,50155,77201,3969,8101,12070,8895,15883,24778,6727,13507,20234,4995,9619,14614,1997,2624,4621,396,393,789,62,27,89,5,1,6
2021-02-21,27374,50660,78034,4004,8166,12170,8988,16071,25059,6807,13638,20445,5073,9705,14778,2030,2654,4684,403,398,801,64,27,91,5,1,6
2021-02-22,30700,56817,87517,4199,8611,12810,9339,16934,26273,7073,14337,21410,5325,10249,15574,2298,2956,5254,775,912,1687,1523,2410,3933,168,408,576
2021-02-23,34731,64215,98946,4451,9138,13589,9785,18028,27813,7498,15339,22837,5688,11050,16738,2810,3571,6381,1148,1417,2565,3004,4835,7839,347,837,1184
2021-02-24,38790,71851,110641,4709,9599,14308,10334,19081,29415,7944,16304,24248,6016,11800,17816,3197,4073,7270,1541,2029,3570,4536,7605,12141,513,1360,1873
2021-02-25,42836,79385,122221,4943,10132,15075,10858,20169,31027,8436,17194,25630,6387,12586,18973,3540,4567,8107,1879,2594,4473,6077,10276,16353,716,1867,2583
2021-02-26,46783,87299,134082,5192,10691,15883,11401,21283,32684,8815,18141,26956,6785,13432,20217,3907,5072,8979,2242,3143,5385,7533,13098,20631,908,2439,3347
2021-02-27,47310,88343,135653,5232,10766,15998,11501,21410,32911,8903,18262,27165,6846,13539,20385,3958,5173,9131,2306,3262,5568,7641,13388,21029,923,2543,3466
2021-02-28,47456,88661,136117,5247,10783,16030,11531,21468,32999,8919,18292,27211,6857,13553,20410,3992,5206,9198,2321,3298,5619,7663,13469,21132,926,2592,3518
2021-03-01,50559,94781,145340,5355,11006,16361,11789,21983,33772,9141,18682,27823,7020,13932,20952,4189,5455,9644,2683,3864,6547,9252,16690,25942,1130,3169,4299
2021-03-02,53522,100494,154016,5465,11283,16748,12005,22467,34472,9305,19091,28396,7172,14265,21437,4362,5755,10117,3040,4400,7440,10834,19567,30401,1339,3666,5005
2021-03-03,56355,106198,162553,5595,11535,17130,12245,23048,35293,9515,19563,29078,7317,14625,21942,4492,5975,10467,3342,4928,8270,12295,22328,34623,1554,4196,5750
2021-03-04,57602,109098,166700,5710,11848,17558,12468,23589,36057,9685,19960,29645,7442,14939,22381,4610,6202,10812,3464,5151,8615,12637,23052,35689,1586,4357,5943
2021-03-05,58681,111601,170282,5801,12076,17877,12705,24143,36848,9871,20489,30360,7598,15315,22913,4723,6399,11122,3539,5294,8833,12824,23442,36266,1620,4443,6063
2021-03-06,59345,113939,173284,5840,12313,18153,12877,24665,37542,10004,20996,31000,7699,15742,23441,4751,6454,11205,3607,5437,9044,12919,23765,36684,1648,4567,6215
2021-03-07,59984,115975,175959,5875,12504,18379,13020,25154,38174,10151,21452,31603,7821,16103,23924,4784,6498,11282,3674,5564,9238,12991,24002,36993,1668,4698,6366
2021-03-08,61418,119264,180682,5965,12748,18713,13197,25593,38790,10280,21827,32107,7953,16445,24398,4914,6762,11676,3851,5867,9718,13519,25020,38539,1739,5002,6741
2021-03-09,65136,126059,191195,6119,13049,19168,13524,26271,39795,10545,22351,32896,8200,16930,25130,5179,7105,12284,4260,6539,10799,15344,28145,43489,1965,5669,7634
2021-03-10,69166,134736,203902,6329,13563,19892,13908,27389,41297,10874,23450,34324,8548,17917,26465,5403,7437,12840,4663,7178,11841,17228,31461,48689,2213,6341,8554
2021-03-11,74326,147010,221336,6737,14473,21210,14644,29414,44058,11435,25624,37059,9070,19538,28608,5762,7968,13730,5105,7903,13008,19150,35110,54260,2423,6980,9403
2021-03-12,78110,157299,235409,7165,15516,22681,15471,31938,47409,12107,28143,40250,9647,21397,31044,6046,8421,14467,5331,8234,13565,19813,36399,56212,2530,7251,9781
2021-03-13,79618,162415,242033,7360,16295,23655,15888,33438,49326,12486,29546,42032,9945,22360,32305,6136,8549,14685,5364,8315,13679,19888,36582,56470,2551,7330,9881
2021-03-14,80660,166367,247027,7457,16808,24265,16193,34542,50735,12778,30768,43546,10186,23295,33481,6216,8682,14898,5388,8355,13743,19891,36587,56478,2551,7330,9881
2021-03-15,83607,175319,258926,7715,17826,25541,16829,36751,53580,13328,32928,46256,10684,24980,35664,6495,9196,15691,5600,8683,14283,20338,37497,57835,2618,7458,10076
2021-03-16,87543,184765,272308,7982,18668,26650,17440,38528,55968,13892,34645,48537,11142,26403,37545,6828,9795,16623,5980,9252,15232,21548,39703,61251,2731,7771,10502
2021-03-17,91695,193967,285662,8271,19345,27616,18054,40227,58281,14468,36256,50724,11586,27620,39206,7218,10493,17711,6402,9926,16328,22821,41999,64820,2875,8101,10976
2021-03-18,96037,203824,299861,8604,20240,28844,18787,42141,60928,15141,38015,53156,12165,29052,41217,7540,11085,18625,6840,10623,17463,23945,44176,68121,3015,8492,11507
2021-03-19,100179,213655,313834,8957,21228,30185,19559,44197,63756,15914,39868,55782,12787,30528,43315,7790,11457,19247,7144,11129,18273,24861,46227,71088,3167,9021,12188
2021-03-20,102352,218561,320913,9026,21448,30474,19765,44673,64438,16104,40328,56432,12984,30997,43981,8246,12530,20776,7527,11748,19275,25435,47509,72944,3265,9328,12593
2021-03-21,104021,222012,326033,9050,21510,30560,19835,44804,64639,16147,40409,56556,13079,31189,44268,8880,13947,22827,7946,12433,20379,25765,48215,73980,3319,9505,12824
2021-03-22,106058,226410,332468,9209,21795,31004,20134,45475,65609,16381,40971,57352,13299,31820,45119,9448,15375,24823,8417,13111,21528,25838,48334,74172,3332,9529,12861
2021-03-23,109029,233261,342290,9325,22060,31385,20386,46040,66426,16590,41493,58083,13496,32272,45768,9849,16240,26089,8863,13843,22706,26989,51023,78012,3531,10290,13821
2021-03-24,110874,237354,348228,9330,22077,31407,20397,46066,66463,16600,41518,58118,13533,32334,45867,10086,16804,26890,9206,14495,23701,28036,53271,81307,3686,10789,14475
2021-03-25,112906,241525,354431,9453,22350,31803,20641,46602,67243,16826,41937,58763,13683,32633,46316,10176,16946,27122,9507,14946,24453,28814,54914,83728,3806,11197,15003
2021-03-26,113958,244057,358015,9488,22439,31927,20739,46780,67519,16896,42092,58988,13751,32748,46499,10289,17319,27608,9684,15336,25020,29224,55829,85053,3887,11514,15401
2021-03-27,114685,245900,360585,9490,22445,31935,20744,46795,67539,16898,42103,59001,13755,32768,46523,10305,17358,27663,9832,15660,25492,29705,56904,86609,3956,11867,15823
2021-03-28,115392,247709,363101,9492,22449,31941,20747,46802,67549,16899,42113,59012,13763,32778,46541,10337,17393,27730,9973,15911,25884,30134,58015,88149,4047,12248,16295
2021-03-29,117639,253410,371049,9691,22969,32660,21158,47884,69042,17236,42996,60232,14033,33501,47534,10483,17672,28155,10201,16290,26491,30678,59387,90065,4159,12711,16870
2021-03-30,120743,260549,381292,9803,23252,33055,21401,48530,69931,17454,43522,60976,15083,35862,50945,11244,18892,30136,10563,16977,27540,30976,60422,91398,4219,13092,17311
2021-03-31,124862,268977,393839,10027,23776,33803,21891,49758,71649,17882,44593,62475,15318,36351,51669,11401,19104,30505,12595,20123,32718,31429,61708,93137,4319,13564,17883
2021-04-01,129349,276484,405833,10051,23801,33852,21915,49838,71753,18419,45624,64043,15695,37101,52796,11468,19298,30766,15641,24425,40066,31774,62567,94341,4386,13830,18216
2021-04-02,133739,283614,417353,10052,23804,33856,21917,49843,71760,19329,47357,66686,15702,37116,52818,11483,19326,30809,18785,29001,47786,32045,63170,95215,4426,13997,18423
2021-04-03,137462,289640,427102,10053,23812,33865,21920,49847,71767,19336,47365,66701,15710,37123,52833,11492,19336,30828,22338,34593,56931,32153,63459,95612,4460,14105,18565
2021-04-04,138489,291254,429743,10053,23812,33865,21920,49847,71767,19336,47366,66702,15712,37127,52839,11509,19356,30865,23336,36157,59493,32158,63476,95634,4465,14113,18578
2021-04-05,144374,300692,445066,10138,23932,34070,21989,50037,72026,19409,47555,66964,15790,37316,53106,11635,19537,31172,28637,44375,73012,32278,63737,96015,4498,14203,18701
2021-04-06,151155,311594,462749,10241,24079,34320,22113,50255,72368,19479,47699,67178,15849,37433,53282,11743,19712,31455,34691,53828,88519,32499,64229,96728,4540,14359,18899
2021-04-07,158657,323420,482077,10331,24198,34529,22233,50520,72753,19549,47871,67420,15928,37568,53496,12394,20520,32914,40783,63256,104039,32838,64952,97790,4601,14535,19136
2021-04-08,167025,335300,502325,10494,24362,34856,22440,50786,73226,19652,48025,67677,16012,37732,53744,13913,22729,36642,46901,71886,118787,32991,65169,98160,4622,14611,19233
2021-04-09,174297,346444,520741,10621,24605,35226,22657,51168,73825,19770,48280,68050,16099,37914,54013,15246,24560,39806,52115,79671,131786,33136,65498,98634,4653,14748,19401
2021-04-10,177347,351103,528450,10669,24708,35377,22717,51311,74028,19844,48402,68246,16149,38035,54184,15896,25548,41444,54225,82771,136996,33187,65551,98738,4660,14777,19437
2021-04-11,180240,355694,535934,10717,24816,35533,22812,51492,74304,19896,48564,68460,16213,38201,54414,16494,26455,42949,56228,85745,141973,33216,65613,98829,4664,14808,19472
2021-04-12,188188,367905,556093,10847,25059,35906,22993,51837,74830,20011,48788,68799,16320,38394,54714,18079,28715,46794,61951,94417,156368,33299,65807,99106,4688,14888,19576
2021-04-13,195777,379558,575335,11051,25246,36297,23219,52172,75391,20226,49016,69242,16515,38761,55276,20025,32098,52123,66616,101233,167849,33418,66055,99473,4707,14977,19684
2021-04-14,202315,389246,591561,11280,25322,36602,23401,52336,75737,20382,49201,69583,16579,38829,55408,20833,33098,53931,70408,107100,177508,34584,67992,102576,4848,15368,20216
2021-04-15,205562,394937,600499,11416,25368,36784,23502,52375,75877,20461,49224,69685,16622,38876,55498,22116,35902,58018,71916,109586,181502,34662,68186,102848,4867,15420,20287
2021-04-16,209310,400613,609923,11516,25399,36915,23548,52401,75949,20500,49247,69747,16638,38892,55530,22739,36731,59470,74471,113400,187871,34973,68933,103906,4925,15610,20535
2021-04-17,209546,400953,610499,11528,25410,36938,23574,52418,75992,20537,49279,69816,16673,38922,55595,22772,36766,59538,74549,113560,188109,34986,68969,103955,4927,15629,20556
2021-04-18,209693,401110,610803,11544,25416,36960,23596,52434,76030,20566,49312,69878,16716,38951,55667,22781,36782,59563,74564,113574,188138,34995,68998,103993,4931,15643,20574
2021-04-19,213686,407340,621026,11703,25447,37150,23660,52444,76104,20616,49324,69940,16732,38962,55694,23265,37453,60718,77334,117876,195210,35379,69959,105338,4997,15875,20872
2021-04-20,219813,417825,637638,11865,25505,37370,23742,52507,76249,20683,49406,70089,17179,40013,57192,26268,42341,68609,78928,120293,199221,35956,71295,107251,5192,16465,21657
2021-04-21,228171,429827,657998,11949,25543,37492,23789,52550,76339,20726,49447,70173,17266,40221,57487,33981,53217,87198,79252,120907,200159,36003,71422,107425,5205,16520,21725
2021-04-22,238151,443612,681763,11994,25585,37579,23827,52597,76424,20758,49497,70255,17303,40284,57587,43368,66072,109440,79618,121483,201101,36069,71542,107611,5214,16552,21766
2021-04-23,248249,456689,704938,12019,25631,37650,23873,52650,76523,20812,49572,70384,17367,40355,57722,53007,78318,131325,79833,121865,201698,36117,71683,107800,5221,16615,21836
2021-04-24,251088,460114,711202,12024,25638,37662,23878,52657,76535,20827,49588,70415,17384,40377,57761,55555,81429,136984,80043,122048,202091,36146,71742,107888,5231,16635,21866
2021-04-25,251149,460210,711359,12026,25640,37666,23882,52660,76542,20832,49600,70432,17392,40384,57776,55593,81481,137074,80045,122055,202100,36146,71750,107896,5233,16640,21873
2021-04-26,252603,462543,715146,12038,25646,37684,23890,52671,76561,20840,49609,70449,17397,40397,57794,56871,83457,140328,80170,122270,202440,36159,71826,107985,5238,16667,21905
2021-04-27,253970,465367,719337,12112,25716,37828,23938,52762,76700,20882,49675,70557,17431,40454,57885,57756,85103,142859,80402,122988,203390,36204,71966,108170,5245,16703,21948
2021-04-28,260820,480961,741781,12771,27458,40229,25424,56937,82361,22142,53433,75575,18428,43356,61784,59965,87686,147651,80602,123297,203899,36238,72057,108295,5250,16737,21987
2021-04-29,267134,493738,760872,13156,28670,41826,26436,60012,86448,23147,56376,79523,19264,45667,64931,62676,90331,153007,80890,123664,204554,36295,72218,108513,5270,16800,22070
2021-04-30,268234,495269,763503,13180,28701,41881,26476,60068,86544,23168,56413,79581,19281,45692,64973,63467,91389,154856,81075,123916,204991,36317,72282,108599,5270,16808,22078
