FECHA,TotalA,TotalB,Total,<=30A,<=30B,<=30,31-40A,31-40B,31-40,41-50A,41-50B,41-50,51-60A,51-60B,51-60,61-70A,61-70B,61-70,71-80A,71-80B,71-80,81-90A,81-90B,81-90,>=91A,>=91B,>=91
2020-12-29,775,0,775,120,0,120,248,0,248,247,0,247,157,0,157,3,0,3,0,0,0,0,0,0,0,0,0
2020-12-30,1678,0,1678,284,0,284,543,0,543,518,0,518,327,0,327,6,0,6,0,0,0,0,0,0,0,0,0
2020-12-31,1775,0,1775,294,0,294,574,0,574,555,0,555,345,0,345,7,0,7,0,0,0,0,0,0,0,0,0
2021-01-01,1775,0,1775,294,0,294,574,0,574,555,0,555,345,0,345,7,0,7,0,0,0,0,0,0,0,0,0
2021-01-02,2205,0,2205,341,0,341,742,0,742,683,0,683,430,0,430,9,0,9,0,0,0,0,0,0,0,0,0
2021-01-03,2374,0,2374,367,0,367,815,0,815,725,0,725,458,0,458,9,0,9,0,0,0,0,0,0,0,0,0
2021-01-04,3314,0,3314,529,0,529,1134,0,1134,1003,0,1003,638,0,638,10,0,10,0,0,0,0,0,0,0,0,0
2021-01-05,4641,0,4641,739,0,739,1621,0,1621,1376,0,1376,890,0,890,14,0,14,1,0,1,0,0,0,0,0,0
2021-01-06,6079,0,6079,1000,0,1000,2094,0,2094,1790,0,1790,1177,0,1177,17,0,17,1,0,1,0,0,0,0,0,0
2021-01-07,7667,0,7667,1259,0,1259,2643,0,2643,2253,0,2253,1494,0,1494,17,0,17,1,0,1,0,0,0,0,0,0
2021-01-08,9524,0,9524,1610,0,1610,3275,0,3275,2788,0,2788,1825,0,1825,25,0,25,1,0,1,0,0,0,0,0,0
2021-01-09,9968,0,9968,1664,0,1664,3449,0,3449,2929,0,2929,1900,0,1900,25,0,25,1,0,1,0,0,0,0,0,0
2021-01-10,10539,0,10539,1745,0,1745,3690,0,3690,3086,0,3086,1990,0,1990,27,0,27,1,0,1,0,0,0,0,0,0
2021-01-11,12402,0,12402,2114,0,2114,4361,0,4361,3590,0,3590,2304,0,2304,32,0,32,1,0,1,0,0,0,0,0,0
2021-01-12,14094,0,14094,2402,0,2402,4985,0,4985,4034,0,4034,2638,0,2638,34,0,34,1,0,1,0,0,0,0,0,0
2021-01-13,15452,0,15452,2660,0,2660,5474,0,5474,4397,0,4397,2885,0,2885,35,0,35,1,0,1,0,0,0,0,0,0
2021-01-14,17680,0,17680,3111,0,3111,6254,0,6254,5014,0,5014,3264,0,3264,36,0,36,1,0,1,0,0,0,0,0,0
2021-01-15,21104,0,21104,3779,0,3779,7493,0,7493,5936,0,5936,3856,0,3856,39,0,39,1,0,1,0,0,0,0,0,0
2021-01-16,22441,0,22441,4029,0,4029,8000,0,8000,6301,0,6301,4071,0,4071,39,0,39,1,0,1,0,0,0,0,0,0
2021-01-17,23273,0,23273,4188,0,4188,8328,0,8328,6528,0,6528,4189,0,4189,39,0,39,1,0,1,0,0,0,0,0,0
2021-01-18,23780,0,23780,4270,0,4270,8492,0,8492,6691,0,6691,4287,0,4287,39,0,39,1,0,1,0,0,0,0,0,0
2021-01-19,24112,426,24538,4327,46,4373,8611,134,8745,6782,150,6932,4352,93,4445,39,3,42,1,0,1,0,0,0,0,0,0
2021-01-20,24264,1072,25336,4357,143,4500,8651,353,9004,6830,349,7179,4385,223,4608,40,4,44,1,0,1,0,0,0,0,0,0
2021-01-21,24351,1301,25652,4370,182,4552,8673,427,9100,6855,421,7276,4406,266,4672,45,5,50,2,0,2,0,0,0,0,0,0
2021-01-22,24357,1378,25735,4372,196,4568,8673,454,9127,6858,447,7305,4406,275,4681,46,6,52,2,0,2,0,0,0,0,0,0
2021-01-23,24362,1695,26057,4373,227,4600,8676,577,9253,6859,545,7404,4406,339,4745,46,7,53,2,0,2,0,0,0,0,0,0
2021-01-24,24365,1825,26190,4373,242,4615,8676,634,9310,6861,580,7441,4407,362,4769,46,7,53,2,0,2,0,0,0,0,0,0
2021-01-25,24373,2558,26931,4375,362,4737,8677,865,9542,6862,803,7665,4411,518,4929,46,10,56,2,0,2,0,0,0,0,0,0
2021-01-26,24391,3556,27947,4377,505,4882,8680,1192,9872,6870,1116,7986,4415,727,5142,47,16,63,2,0,2,0,0,0,0,0,0
2021-01-27,24399,4658,29057,4378,694,5072,8682,1557,10239,6872,1425,8297,4416,963,5379,49,19,68,2,0,2,0,0,0,0,0,0
2021-01-28,24400,5924,30324,4378,914,5292,8682,1982,10664,6872,1779,8651,4416,1230,5646,50,19,69,2,0,2,0,0,0,0,0,0
2021-01-29,24404,7621,32025,4378,1204,5582,8685,2598,11283,6873,2268,9141,4416,1524,5940,50,27,77,2,0,2,0,0,0,0,0,0
2021-01-30,24404,8036,32440,4378,1262,5640,8685,2762,11447,6873,2392,9265,4416,1593,6009,50,27,77,2,0,2,0,0,0,0,0,0
2021-01-31,24405,8378,32783,4378,1318,5696,8685,2897,11582,6873,2484,9357,4417,1651,6068,50,28,78,2,0,2,0,0,0,0,0,0
2021-02-01,24405,9867,34272,4378,1584,5962,8685,3453,12138,6873,2888,9761,4417,1909,6326,50,33,83,2,0,2,0,0,0,0,0,0
2021-02-02,26134,11327,37461,4475,1844,6319,8938,3954,12892,7133,3272,10405,4792,2223,7015,719,34,753,69,0,69,7,0,7,1,0,1
2021-02-03,28488,12550,41038,4705,2078,6783,9459,4374,13833,7616,3588,11204,5261,2474,7735,1302,36,1338,132,0,132,12,0,12,1,0,1
2021-02-04,30254,14350,44604,4850,2416,7266,9836,5020,14856,7970,4092,12062,5653,2786,8439,1719,36,1755,205,0,205,19,0,19,2,0,2
2021-02-05,33066,17158,50224,5172,2952,8124,10582,6064,16646,8556,4821,13377,6249,3281,9530,2181,40,2221,298,0,298,26,0,26,2,0,2
2021-02-06,33366,18106,51472,5197,3126,8323,10661,6397,17058,8631,5092,13723,6320,3451,9771,2229,40,2269,300,0,300,26,0,26,2,0,2
2021-02-07,33740,18737,52477,5245,3222,8467,10785,6623,17408,8733,5292,14025,6380,3560,9940,2266,40,2306,303,0,303,26,0,26,2,0,2
2021-02-08,34916,20022,54938,5386,3489,8875,11104,7084,18188,9016,5647,14663,6599,3762,10361,2458,40,2498,324,0,324,27,0,27,2,0,2
2021-02-09,36894,20961,57855,5698,3660,9358,11655,7404,19059,9435,5917,15352,7005,3940,10945,2723,40,2763,344,0,344,32,0,32,2,0,2
2021-02-10,37906,21509,59415,5844,3759,9603,11916,7597,19513,9688,6071,15759,7217,4042,11259,2844,40,2884,360,0,360,35,0,35,2,0,2
2021-02-11,39019,21912,60931,6015,3839,9854,12253,7750,20003,9946,6178,16124,7429,4100,11529,2958,45,3003,380,0,380,36,0,36,2,0,2
2021-02-12,39915,22468,62383,6141,3939,10080,12552,7949,20501,10165,6349,16514,7572,4185,11757,3044,46,3090,400,0,400,39,0,39,2,0,2
2021-02-13,39946,22509,62455,6145,3945,10090,12561,7968,20529,10173,6356,16529,7580,4194,11774,3045,46,3091,401,0,401,39,0,39,2,0,2
2021-02-14,39947,22538,62485,6145,3954,10099,12561,7977,20538,10174,6365,16539,7580,4196,11776,3045,46,3091,401,0,401,39,0,39,2,0,2
2021-02-15,39947,22538,62485,6145,3954,10099,12561,7977,20538,10174,6365,16539,7580,4196,11776,3045,46,3091,401,0,401,39,0,39,2,0,2
2021-02-16,39953,22579,62532,6145,3956,10101,12566,7998,20564,10175,6379,16554,7580,4199,11779,3045,46,3091,401,1,402,39,0,39,2,0,2
2021-02-17,41950,22885,64835,6446,4010,10456,13145,8115,21260,10683,6473,17156,7972,4240,12212,3246,46,3292,417,1,418,39,0,39,2,0,2
2021-02-18,47389,23173,70562,7152,4062,11214,14609,8221,22830,11991,6567,18558,9082,4276,13358,3899,46,3945,590,1,591,64,0,64,2,0,2
2021-02-19,52676,23373,76049,7842,4101,11943,16101,8292,24393,13348,6620,19968,10092,4312,14404,4443,47,4490,759,1,760,86,0,86,5,0,5
2021-02-20,53898,23388,77286,7966,4105,12071,16501,8300,24801,13650,6623,20273,10330,4312,14642,4578,47,4625,781,1,782,87,0,87,5,0,5
2021-02-21,54731,23389,78120,8066,4105,12171,16781,8301,25082,13861,6623,20484,10495,4312,14807,4641,47,4688,793,1,794,89,0,89,5,0,5
2021-02-22,64262,23527,87789,8682,4129,12811,17946,8351,26297,14788,6664,21452,11272,4335,15607,5266,47,5313,1723,1,1724,3987,0,3987,598,0,598
2021-02-23,74004,25167,99171,9349,4242,13591,19243,8597,27840,15934,6946,22880,12108,4662,16770,5754,648,6402,2517,66,2583,7887,5,7892,1212,1,1213
2021-02-24,83855,26982,110837,9924,4386,14310,20451,8994,29445,16977,7316,24293,12825,5023,17848,6161,1127,7288,3465,125,3590,12170,10,12180,1882,1,1883
2021-02-25,93619,28813,122432,10513,4564,15077,21682,9375,31057,17968,7710,25678,13597,5409,19006,6577,1547,8124,4309,189,4498,16379,17,16396,2594,2,2596
2021-02-26,102918,31330,134248,11057,4830,15887,22742,9975,32717,18786,8222,27008,14281,5975,20256,6962,2019,8981,5113,283,5396,20627,24,20651,3350,2,3352
2021-02-27,104437,31446,135883,11156,4845,16001,22935,10008,32943,18970,8248,27218,14421,6002,20423,7106,2034,9140,5307,283,5590,21040,24,21064,3502,2,3504
2021-02-28,104802,31588,136390,11171,4862,16033,22963,10069,33032,18988,8281,27269,14434,6018,20452,7159,2048,9207,5359,284,5643,21159,24,21183,3569,2,3571
2021-03-01,112836,32707,145543,11384,4991,16375,23438,10376,33814,19348,8541,27889,14765,6234,20999,7415,2234,9649,6256,305,6561,25926,24,25950,4304,2,4306
2021-03-02,120508,33934,154442,11642,5156,16798,23881,10666,34547,19684,8804,28488,14996,6504,21500,7696,2450,10146,7178,323,7501,30409,29,30438,5022,2,5024
2021-03-03,127562,35564,163126,11813,5376,17189,24242,11150,35392,19998,9206,29204,15209,6836,22045,7895,2624,10519,7986,337,8323,34644,33,34677,5775,2,5777
2021-03-04,130516,36749,167265,12059,5572,17631,24669,11509,36178,20357,9453,29810,15458,7057,22515,8106,2759,10865,8280,364,8644,35645,33,35678,5942,2,5944
2021-03-05,133057,37911,170968,12240,5730,17970,25147,11855,37002,20806,9746,30552,15812,7269,23081,8312,2888,11200,8475,386,8861,36211,35,36246,6054,2,6056
2021-03-06,135920,38030,173950,12503,5745,18248,25807,11895,37702,21420,9777,31197,16316,7295,23611,8390,2894,11284,8685,387,9072,36601,35,36636,6198,2,6200
2021-03-07,138621,38041,176662,12728,5746,18474,26435,11902,38337,22021,9779,31800,16799,7295,24094,8468,2895,11363,8885,387,9272,36926,35,36961,6359,2,6361
2021-03-08,143043,38393,181436,13026,5791,18817,26963,12001,38964,22455,9866,32321,17213,7368,24581,8829,2936,11765,9368,392,9760,38459,37,38496,6730,2,6732
2021-03-09,153464,38581,192045,13459,5822,19281,27901,12082,39983,23220,9905,33125,17942,7392,25334,9442,2948,12390,10456,393,10849,43420,37,43457,7624,2,7626
2021-03-10,165671,39131,204802,14117,5894,20011,29265,12227,41492,24538,10033,34571,19146,7530,26676,9939,3009,12948,11498,399,11897,48626,37,48663,8542,2,8544
2021-03-11,179559,42749,222308,15022,6312,21334,31147,13121,44268,26484,10841,37325,20539,8287,28826,10278,3571,13849,12525,554,13079,54172,61,54233,9392,2,9394
2021-03-12,189055,47349,236404,15892,6919,22811,33280,14341,47621,28529,12004,40533,22066,9198,31264,10499,4095,14594,12927,710,13637,56094,79,56173,9768,3,9771
2021-03-13,194829,48168,242997,16794,6994,23788,34964,14577,49541,30096,12217,42313,23151,9374,32525,10614,4199,14813,13023,723,13746,56334,81,56415,9853,3,9856
2021-03-14,199098,48898,247996,17333,7065,24398,36131,14820,50951,31410,12418,43828,24183,9520,33703,10768,4258,15026,13079,732,13811,56341,82,56423,9853,3,9856
2021-03-15,206721,53215,259936,18027,7656,25683,37761,16048,53809,33074,13472,46546,25565,10333,35898,11125,4707,15832,13462,886,14348,57661,108,57769,10046,5,10051
2021-03-16,216368,56944,273312,18622,8172,26794,39066,17136,56202,34461,14368,48829,26748,11036,37784,11641,5124,16765,14314,982,15296,61050,119,61169,10466,7,10473
2021-03-17,225660,61065,286725,19045,8721,27766,40201,18323,58524,35605,15420,51025,27701,11754,39455,12317,5543,17860,15246,1149,16395,64605,146,64751,10940,9,10949
2021-03-18,236586,64340,300926,19841,9162,29003,41946,19239,61185,37231,16234,53465,29080,12394,41474,12860,5912,18772,16301,1224,17525,67867,165,68032,11460,10,11470
2021-03-19,247256,67698,314954,20716,9635,30351,43826,20200,64026,39041,17063,56104,30508,13081,43589,13159,6244,19403,17047,1290,18337,70817,175,70992,12142,10,12152
2021-03-20,253814,68263,322077,20946,9696,30642,44348,20360,64708,39540,17219,56759,31052,13204,44256,14640,6296,20936,18043,1302,19345,72697,176,72873,12548,10,12558
2021-03-21,258475,68738,327213,20966,9762,30728,44399,20514,64913,39570,17313,56883,31267,13278,44545,16638,6354,22992,19125,1325,20450,73731,182,73913,12779,10,12789
2021-03-22,262277,71476,333753,21065,10124,31189,44549,21357,65906,39760,17936,57696,31626,13792,45418,18366,6642,25008,20178,1424,21602,73916,191,74107,12817,10,12827
2021-03-23,269823,73886,343709,21147,10431,31578,44688,22052,66740,39923,18516,58439,31884,14197,46081,19375,6911,26286,21248,1549,22797,77763,220,77983,13795,10,13805
2021-03-24,275515,74179,349694,21155,10446,31601,44701,22079,66780,39933,18542,58475,31968,14213,46181,20030,7059,27089,22195,1602,23797,81081,228,81309,14452,10,14462
2021-03-25,280437,75634,356071,21337,10690,32027,45055,22539,67594,40273,18878,59151,32233,14427,46660,20166,7170,27336,22895,1667,24562,83502,249,83751,14976,14,14990
2021-03-26,282759,77039,359798,21347,10811,32158,45088,22810,67898,40298,19100,59398,32266,14618,46884,20273,7567,27840,23282,1856,25138,84829,263,85092,15376,14,15390
2021-03-27,285304,77093,362397,21353,10814,32167,45094,22824,67918,40301,19113,59414,32280,14631,46911,20324,7573,27897,23756,1861,25617,86395,263,86658,15801,14,15815
2021-03-28,287874,77117,364991,21359,10814,32173,45101,22827,67928,40308,19118,59426,32296,14635,46931,20385,7581,27966,24154,1864,26018,87971,264,88235,16300,14,16314
2021-03-29,294990,78127,373117,21944,10955,32899,46328,23112,69440,41354,19316,60670,33118,14830,47948,20655,7747,28402,24765,1885,26650,89926,268,90194,16900,14,16914
2021-03-30,304128,79351,383479,22203,11107,33310,46929,23409,70338,41872,19560,61432,36320,15056,51376,22444,7964,30408,25748,1964,27712,91264,277,91541,17348,14,17362
2021-03-31,315856,80289,396145,22810,11258,34068,48378,23694,72072,43240,19705,62945,36895,15212,52107,22671,8115,30786,30916,2011,32927,93020,280,93300,17926,14,17940
2021-04-01,327800,80443,408243,22851,11272,34123,48444,23736,72180,44783,19735,64518,38008,15237,53245,22904,8150,31054,38320,2019,40339,94232,280,94512,18258,14,18272
2021-04-02,339427,80443,419870,22855,11272,34127,48452,23736,72188,47427,19735,67162,38030,15237,53267,22945,8150,31095,46133,2019,48152,95118,280,95398,18467,14,18481
2021-04-03,349264,80443,429707,22864,11272,34136,48459,23736,72195,47442,19735,67177,38046,15237,53283,22965,8150,31115,55351,2019,57370,95520,280,95800,18617,14,18631
2021-04-04,352078,80482,432560,22864,11272,34136,48460,23736,72196,47449,19736,67185,38049,15242,53291,22975,8175,31150,58106,2027,60133,95542,280,95822,18633,14,18647
2021-04-05,367245,81170,448415,23000,11350,34350,48570,23899,72469,47590,19871,67461,38194,15376,53570,23162,8311,31473,72038,2065,74103,95931,284,96215,18760,14,18774
2021-04-06,384609,81637,466246,23163,11438,34601,48778,24040,72818,47722,19957,67679,38295,15455,53750,23394,8370,31764,87665,2079,89744,96635,284,96919,18957,14,18971
2021-04-07,403486,82236,485722,23319,11492,34811,49053,24155,73208,47883,20042,67925,38411,15560,53971,24657,8572,33229,103259,2116,105375,97707,285,97992,19197,14,19211
2021-04-08,423809,82481,506290,23596,11543,35139,49470,24216,73686,48109,20074,68183,38610,15611,54221,28383,8602,36985,118273,2126,120399,98071,293,98364,19297,16,19313
2021-04-09,441688,83224,524912,23853,11660,35513,49853,24444,74297,48337,20225,68562,38783,15712,54495,31473,8709,40182,131375,2160,133535,98547,298,98845,19467,16,19483
2021-04-10,448222,84552,532774,23870,11799,35669,49879,24633,74512,48350,20410,68760,38803,15868,54671,32700,9143,41843,136483,2364,138847,98636,317,98953,19501,18,19519
2021-04-11,454422,85881,540303,23872,11953,35825,49885,24905,74790,48351,20623,68974,38811,16091,54902,33853,9499,43352,141400,2462,143862,98715,329,99044,19535,19,19554
2021-04-12,474239,86696,560935,24168,12031,36199,50301,25022,75323,48595,20719,69314,39011,16197,55208,37474,9794,47268,156068,2565,158633,98983,349,99332,19639,19,19658
2021-04-13,489489,90895,580384,24451,12140,36591,50681,25210,75891,48922,20845,69767,39239,16536,55775,40590,12060,52650,166524,3695,170219,99328,389,99717,19754,20,19774
2021-04-14,501205,95569,596774,24748,12151,36899,51017,25222,76239,49245,20863,70108,39365,16543,55908,42402,12087,54489,174707,5275,179982,99834,3002,102836,19887,426,20313
2021-04-15,505965,99789,605754,24928,12153,37081,51152,25226,76378,49345,20865,70210,39451,16546,55997,43155,15438,58593,177900,6094,183994,100079,3035,103114,19955,432,20387
2021-04-16,515106,100188,615294,25056,12158,37214,51220,25233,76453,49405,20871,70276,39477,16552,56029,44607,15453,60060,184024,6406,190430,101109,3081,104190,20208,434,20642
2021-04-17,515911,100189,616100,25086,12158,37244,51262,25233,76495,49474,20872,70346,39545,16552,56097,44690,15453,60143,184436,6406,190842,101184,3081,104265,20234,434,20668
2021-04-18,516218,100190,616408,25108,12158,37266,51300,25233,76533,49536,20872,70408,39617,16552,56169,44716,15453,60169,184467,6407,190874,101222,3081,104303,20252,434,20686
2021-04-19,526574,100236,626810,25290,12165,37455,51370,25240,76610,49595,20878,70473,39635,16563,56198,45878,15460,61338,191659,6411,198070,102593,3084,105677,20554,435,20989
2021-04-20,537508,106047,643555,25508,12172,37680,51500,25261,76761,49735,20889,70624,40192,17515,57707,51099,18185,69284,194999,7120,202119,103651,3949,107600,20824,956,21780
2021-04-21,557957,106099,664056,25620,12190,37810,51583,25272,76855,49814,20901,70715,40486,17521,58007,69785,18188,87973,195952,7121,203073,103825,3949,107774,20892,957,21849
2021-04-22,581938,106102,688040,25712,12190,37902,51667,25273,76940,49897,20901,70798,40590,17523,58113,92214,18188,110402,196908,7121,204029,104017,3949,107966,20933,957,21890
2021-04-23,605320,106123,711443,25784,12191,37975,51767,25275,77042,50017,20907,70924,40724,17532,58256,114295,18191,132486,197516,7121,204637,104209,3949,108158,21008,957,21965
2021-04-24,611748,106123,717871,25798,12191,37989,51780,25275,77055,50048,20907,70955,40764,17532,58296,120100,18191,138291,197919,7121,205040,104301,3949,108250,21038,957,21995
2021-04-25,611952,106123,718075,25802,12191,37993,51787,25275,77062,50065,20907,70972,40780,17532,58312,120235,18191,138426,197930,7121,205051,104309,3949,108258,21044,957,22001
2021-04-26,615825,106135,721960,25820,12193,38013,51809,25276,77085,50080,20911,70991,40799,17534,58333,123562,18193,141755,198280,7121,205401,104399,3950,108349,21076,957,22033
2021-04-27,620015,106184,726199,25965,12196,38161,51932,25294,77226,50181,20920,71101,40887,17539,58426,126121,18202,144323,199226,7125,206351,104584,3951,108535,21119,957,22076
2021-04-28,626216,123072,749288,26140,14575,40715,52156,30930,83086,50328,25909,76237,40987,21407,62394,130985,18214,149199,199748,7127,206875,104712,3953,108665,21160,957,22117
2021-04-29,633227,135743,768970,26337,16152,42489,52366,34994,87360,50451,29812,80263,41100,24518,65618,136386,18218,154604,200408,7136,207544,104935,3954,108889,21244,959,22203
2021-04-30,636525,135754,772279,26532,16153,42685,52639,34995,87634,50589,29815,80404,41203,24519,65722,138326,18220,156546,200888,7138,208026,105052,3954,109006,21296,960,22256
2021-05-01,637778,136089,773867,26532,16193,42725,52641,35147,87788,50590,29889,80479,41209,24573,65782,139216,18234,157450,201136,7139,208275,105127,3954,109081,21327,960,22287
2021-05-02,640025,147969,787994,26591,17381,43972,52744,38024,90768,50645,32718,83363,41303,26740,68043,140732,18260,158992,201420,9885,211305,105222,3995,109217,21368,966,22334
2021-05-03,654375,153346,807721,26739,17394,44133,52997,38039,91036,50769,32735,83504,43276,26751,70027,152100,18280,170380,201770,14979,216749,105314,4168,109482,21410,1000,22410
2021-05-04,679816,153745,833561,26948,17398,44346,53263,38045,91308,50903,32743,83646,47722,26752,74474,172076,18314,190390,202029,15303,217332,105412,4190,109602,21463,1000,22463
2021-05-05,688380,171124,859504,27242,17413,44655,53634,38074,91708,51249,32762,84011,48926,26790,75716,178048,20080,198128,202223,29920,232143,105544,4949,110493,21514,1136,22650
2021-05-06,694416,174055,868471,27449,17415,44864,53901,38078,91979,51498,32767,84265,49765,26797,76562,182078,20436,202514,202527,32381,234908,105648,5026,110674,21550,1155,22705
2021-05-07,697446,192062,889508,27622,17666,45288,54159,38564,92723,51638,33204,84842,50184,27144,77328,183861,22847,206708,202696,46088,248784,105693,5325,111018,21593,1224,22817
2021-05-08,700141,207038,907179,27622,19458,47080,54160,42529,96689,51640,38305,89945,50549,30979,81528,186167,22906,209073,202706,46237,248943,105703,5369,111072,21594,1255,22849
2021-05-09,700262,207273,907535,27622,19458,47080,54160,42529,96689,51640,38306,89946,50572,30989,81561,186265,22953,209218,202706,46272,248978,105703,5456,111159,21594,1310,22904
2021-05-10,702612,208265,910877,27690,19459,47149,54243,42530,96773,51707,38310,90017,50969,30992,81961,187960,22994,210954,202734,46904,249638,105712,5680,111392,21597,1396,22993
2021-05-11,709338,208750,918088,27738,19466,47204,54319,42542,96861,51780,38323,90103,52328,31006,83334,192996,23040,216036,202833,47120,249953,105736,5796,111532,21608,1457,23065
2021-05-12,716333,209732,926065,27783,19488,47271,54391,42578,96969,51848,38357,90205,53769,31041,84810,198193,23127,221320,202969,47528,250497,105765,6058,111823,21615,1555,23170
2021-05-13,719055,215269,934324,27825,19604,47429,54479,42816,97295,51911,38528,90439,54105,31195,85300,200145,23766,223911,203130,51372,254502,105824,6335,112159,21636,1653,23289
2021-05-14,721737,216970,938707,27958,19620,47578,54733,42843,97576,52065,38584,90649,54446,31258,85704,201645,24323,225968,203330,52112,255442,105904,6490,112394,21656,1740,23396
2021-05-15,732923,217363,950286,28010,19627,47637,54830,42851,97681,52131,38597,90728,56833,31271,88104,210013,24407,234420,203467,52245,255712,105969,6576,112545,21670,1789,23459
2021-05-16,735913,217551,953464,28252,19636,47888,55737,42853,98590,53086,38605,91691,57397,31284,88681,210277,24425,234702,203513,52266,255779,105979,6653,112632,21672,1829,23501
2021-05-17,743445,218611,962056,28337,19689,48026,56234,42944,99178,53362,38724,92086,58883,31414,90297,215162,24557,239719,203717,52671,256388,106055,6730,112785,21695,1882,23577
2021-05-18,751555,218959,970514,28410,19698,48108,56360,42956,99316,53486,38739,92225,60576,31427,92003,221000,24640,245640,203890,52792,256682,106116,6792,112908,21717,1915,23632
2021-05-19,757244,220033,977277,28418,19830,48248,56377,43262,99639,53502,38883,92385,61750,31520,93270,225123,24768,249891,204122,53005,257127,106200,6834,113034,21752,1931,23683
2021-05-20,778972,220815,999787,28491,19972,48463,56504,43522,100026,53606,39045,92651,67891,31618,99509,238159,24817,262976,205689,53039,258728,106765,6853,113618,21867,1949,23816
2021-05-21,781275,225039,1006314,28570,20257,48827,56701,44058,100759,53678,39477,93155,68005,31945,99950,239163,25092,264255,206334,55305,261639,106912,6939,113851,21912,1966,23878
2021-05-22,784705,225254,1009959,28681,20272,48953,56781,44082,100863,53744,39497,93241,68452,31966,100418,241345,25108,266453,206759,55417,262176,107008,6944,113952,21935,1968,23903
2021-05-23,789434,225256,1014690,28751,20272,49023,56874,44082,100956,53809,39497,93306,70546,31966,102512,243412,25109,268521,206992,55417,262409,107092,6944,114036,21958,1969,23927
2021-05-24,791199,225749,1016948,28784,20358,49142,56916,44239,101155,53844,39600,93444,70949,32025,102974,244536,25133,269669,207094,55469,262563,107113,6953,114066,21963,1972,23935
2021-05-25,792773,237251,1030024,28806,20366,49172,56927,44250,101177,53855,39607,93462,71291,32031,103322,245551,25137,270688,207215,56662,263877,107154,15856,123010,21974,3342,25316
2021-05-26,795306,240380,1035686,28859,20396,49255,56996,44304,101300,53908,39660,93568,73265,32091,105356,245801,25420,271221,207269,57087,264356,107208,17728,124936,22000,3694,25694
2021-05-27,801005,258927,1059932,28972,20458,49430,57101,44458,101559,54010,39812,93822,78322,32166,110488,246021,25685,271706,207319,58905,266224,107238,31579,138817,22022,5864,27886
2021-05-28,814631,270615,1085246,29121,20572,49693,57278,44690,101968,54427,39957,94384,90810,32241,123051,246292,25880,272172,207383,60176,267559,107278,39883,147161,22042,7216,29258
2021-05-29,830941,271565,1102506,29128,20577,49705,57297,44693,101990,55523,39961,95484,105465,32246,137711,246706,25882,272588,207476,60286,267762,107297,40604,147901,22049,7316,29365
2021-05-30,846692,271650,1118342,29136,20578,49714,57308,44695,102003,58834,39961,98795,117667,32246,149913,246867,25883,272750,207516,60296,267812,107312,40662,147974,22052,7329,29381
2021-05-31,868117,277065,1145182,29237,20749,49986,57453,44994,102447,70996,40196,111192,126205,32617,158822,247178,27049,274227,207605,60756,268361,107362,42928,150290,22081,7776,29857
2021-06-01,888777,280074,1168851,29635,20796,50431,58380,45075,103455,85359,40258,125617,130855,32660,163515,247394,27121,274515,207665,61134,268799,107392,44924,152316,22097,8106,30203
2021-06-02,908614,282064,1190678,30884,20809,51693,62652,45101,107753,94626,40283,134909,135445,32685,168130,247700,27179,274879,207757,61374,269131,107430,46161,153591,22120,8472,30592
2021-06-03,939211,283549,1222760,38912,20831,59743,75809,45131,120940,102234,40332,142566,136830,32716,169546,247983,27244,275227,207839,61570,269409,107465,47029,154494,22139,8696,30835
2021-06-04,967309,284903,1252212,45406,20877,66283,85269,45176,130445,109313,40408,149721,139193,32757,171950,250009,27431,277440,208313,61926,270239,107621,47496,155117,22185,8832,31017
2021-06-05,987231,286023,1273254,50421,20893,71314,93937,45196,139133,112830,40432,153262,140507,32793,173300,251057,27747,278804,208535,62133,270668,107722,47862,155584,22222,8967,31189
2021-06-06,1004760,286667,1291427,57484,20894,78378,101819,45196,147015,114477,40434,154911,141297,32799,174096,251159,27801,278960,208566,62289,270855,107732,48126,155858,22226,9128,31354
2021-06-07,1031557,287606,1319163,63865,20943,84808,107741,45317,153058,120809,40525,161334,148450,32855,181305,251887,27848,279735,208750,62445,271195,107808,48394,156202,22247,9279,31526
2021-06-08,1059308,289483,1348791,66340,20954,87294,111117,45333,156450,124322,40536,164858,166433,32872,199305,252139,27939,280078,208853,62861,271714,107846,49397,157243,22258,9591,31849
2021-06-09,1084594,289863,1374457,67009,20955,87964,112428,45335,157763,125577,40539,166116,188191,32876,221067,252337,27964,280301,208911,62944,271855,107871,49548,157419,22270,9702,31972
2021-06-10,1113336,290272,1403608,68620,20958,89578,114685,45337,160022,129491,40543,170034,208337,32887,241224,252938,28019,280957,209060,63035,272095,107918,49701,157619,22287,9792,32079
2021-06-11,1118763,310248,1429011,69015,20995,90010,115388,45409,160797,130839,40597,171436,211133,32959,244092,253058,28273,281331,209095,65368,274463,107938,64756,172694,22297,11891,34188
2021-06-12,1130228,312929,1443157,70042,20999,91041,116786,45414,162200,133726,40608,174334,217197,32994,250191,253110,28350,281460,209118,65782,274900,107948,66494,174442,22301,12288,34589
2021-06-13,1138605,313044,1451649,70498,20999,91497,117395,45418,162813,135588,40611,176199,222551,32994,255545,253183,28354,281537,209134,65796,274930,107953,66571,174524,22303,12301,34604
2021-06-14,1150543,313828,1464371,72085,21009,93094,119474,45428,164902,138263,40625,178888,228004,33004,261008,253273,28374,281647,209165,65896,275061,107967,67088,175055,22312,12404,34716
2021-06-15,1176691,315225,1491916,72342,21048,93390,119897,45494,165391,139098,40671,179769,252056,33051,285107,253653,28429,282082,209274,66236,275510,108029,67765,175794,22342,12531,34873
2021-06-16,1184791,324928,1509719,73024,21412,94436,121196,46078,167274,141644,42020,183664,255397,33992,289389,253778,28677,282455,209330,70821,280151,108061,69029,177090,22361,12899,35260
2021-06-17,1200989,334506,1535495,73451,21461,94912,121981,46167,168148,147505,42358,189863,263725,34134,297859,254321,29341,283662,209487,77462,286949,108135,70298,178433,22384,13285,35669
2021-06-18,1228108,336941,1565049,74908,21484,96392,124109,46214,170323,163841,42438,206279,270141,34191,304332,254880,29721,284601,209619,78609,288228,108195,70831,179026,22415,13453,35868
2021-06-19,1249137,338046,1587183,75408,21493,96901,124484,46228,170712,180525,42458,222983,273010,34213,307223,255329,29804,285133,209722,78822,288544,108233,71326,179559,22426,13702,36128
2021-06-20,1249142,338047,1587189,75409,21493,96902,124485,46228,170713,180527,42458,222985,273010,34213,307223,255329,29805,285134,209723,78822,288545,108233,71326,179559,22426,13702,36128
2021-06-21,1260712,338590,1599302,75439,21508,96947,124542,46263,170805,190488,42541,233029,274181,34318,308499,255580,29898,285478,209799,78906,288705,108252,71416,179668,22431,13740,36171
2021-06-22,1269819,339745,1609564,75694,21661,97355,124789,46511,171300,194885,42706,237591,277185,34537,311722,256388,30013,286401,210055,79007,289062,108353,71512,179865,22470,13798,36268
2021-06-23,1287812,340936,1628748,75923,21810,97733,125108,46737,171845,210135,42886,253021,278978,34772,313750,256653,30109,286762,210139,79108,289247,108388,71661,180049,22488,13853,36341
2021-06-24,1321407,342178,1663585,76386,21959,98345,129679,46978,176657,236077,43029,279106,281050,34961,316011,257051,30256,287307,210248,79339,289587,108422,71765,180187,22494,13891,36385
2021-06-25,1338852,356326,1695178,77941,21989,99930,133396,47008,180404,245763,43106,288869,282741,35344,318085,257633,40422,298055,210406,81987,292393,108468,72414,180882,22504,14056,36560
2021-06-26,1341763,374666,1716429,77973,22037,100010,133422,47070,180492,247369,43175,290544,283656,35690,319346,257869,55719,313588,210479,83901,294380,108485,72895,181380,22510,14179,36689
2021-06-27,1353256,380284,1733540,77986,22196,100182,133452,47257,180709,254167,43481,297648,287951,36980,324931,258127,57732,315859,210551,85202,295753,108509,73197,181706,22513,14239,36752
2021-06-28,1387476,383016,1770492,80202,22345,102547,136206,47519,183725,280683,43670,324353,290207,37249,327456,258473,59094,317567,210635,85518,296153,108550,73305,181855,22520,14316,36836
2021-06-29,1420956,386407,1807363,80590,22508,103098,137238,47762,185000,311136,43867,355003,291369,37622,328991,258790,60533,319323,210734,86083,296817,108571,73627,182198,22528,14405,36933
2021-06-30,1456954,389177,1846131,80921,22528,103449,147246,47789,195035,334992,43888,378880,292659,37653,330312,259130,62878,322008,210836,86276,297112,108616,73712,182328,22554,14453,37007
2021-07-01,1479393,392781,1872174,81210,22562,103772,156750,47829,204579,345656,43960,389616,294045,38273,332318,259514,64393,323907,210958,87080,298038,108680,74112,182792,22580,14572,37152
2021-07-02,1491029,409147,1900176,82861,22680,105541,162650,48032,210682,348729,44142,392871,294678,38500,333178,259738,66366,326104,211047,88827,299874,108731,83972,192703,22595,16628,39223
2021-07-03,1508841,414506,1923347,82889,22706,105595,173942,48099,222041,353936,44204,398140,295620,38629,334249,259985,67061,327046,211118,89717,300835,108751,86840,195591,22600,17250,39850
2021-07-04,1529083,414997,1944080,84246,22706,106952,191563,48105,239668,354808,44206,399014,295862,38640,334502,260086,67171,327257,211150,89821,300971,108766,87007,195773,22602,17341,39943
2021-07-05,1536920,417684,1954604,84876,22742,107618,198037,48156,246193,355266,44279,399545,296033,38735,334768,260137,67901,328038,211180,90431,301611,108780,87874,196654,22611,17566,40177
2021-07-06,1560310,419402,1979712,85928,22775,108703,219399,48220,267619,355761,44378,400139,296330,38866,335196,260252,68174,328426,211231,90700,301931,108791,88537,197328,22618,17752,40370
2021-07-07,1570244,421277,1991521,86189,22810,108999,226828,48279,275107,357242,44456,401698,296869,38965,335834,260395,68381,328776,211281,91107,302388,108814,89336,198150,22626,17943,40569
2021-07-08,1604570,422000,2026570,87058,22834,109892,254081,48334,302415,361510,44531,406041,298187,39087,337274,260810,68606,329416,211412,91172,302584,108864,89462,198326,22648,17974,40622
2021-07-09,1629289,423112,2052401,88439,22851,111290,270959,48361,319320,365871,44569,410440,299781,39161,338942,261155,68943,330098,211530,91712,303242,108900,89523,198423,22654,17992,40646
2021-07-10,1649221,425372,2074593,91605,22899,114504,286617,48459,335076,366577,44664,411241,300032,39316,339348,261259,69849,331108,211559,92360,303919,108916,89775,198691,22656,18050,40706
2021-07-11,1651432,428891,2080323,91968,23150,115118,288374,49043,337417,366627,45142,411769,300055,39555,339610,261268,69902,331170,211563,92665,304228,108920,91119,200039,22657,18315,40972
2021-07-12,1684672,429526,2114198,97928,23164,121092,314032,49067,363099,367558,45177,412735,300526,39585,340111,261414,70032,331446,211609,92805,304414,108939,91326,200265,22666,18370,41036
2021-07-13,1703487,429728,2133215,101313,23178,124491,327330,49085,376415,368897,45204,414101,301047,39607,340654,261597,70045,331642,211673,92844,304517,108957,91366,200323,22673,18399,41072
2021-07-14,1709948,429966,2139914,102612,23212,125824,331434,49132,380566,369523,45236,414759,301332,39641,340973,261697,70058,331755,211700,92877,304577,108972,91392,200364,22678,18418,41096
2021-07-15,1713155,460183,2173338,103293,23632,126925,333173,51011,384184,369967,58666,428633,301557,42956,344513,261773,71824,333597,211733,99154,310887,108979,93947,202926,22680,18993,41673
2021-07-16,1715834,490850,2206684,103913,23760,127673,334642,53507,388149,370290,73612,443902,301732,43949,345681,261826,72112,333938,211756,109178,320934,108992,95392,204384,22683,19340,42023
2021-07-17,1731641,500547,2232188,106942,23851,130793,344235,54395,398630,372275,80329,452604,302580,44717,347297,262085,72356,334441,211813,109911,321724,109022,95595,204617,22689,19393,42082
2021-07-18,1745827,509430,2255257,113682,23875,137557,349571,54554,404125,373641,86172,459813,303089,47087,350176,262253,72588,334841,211858,110068,321926,109041,95672,204713,22692,19414,42106
2021-07-19,1753252,536422,2289674,118185,25334,143519,351379,56740,408119,374258,106342,480600,303412,48946,352358,262363,72900,335263,211893,110374,322267,109064,96216,205280,22698,19570,42268
2021-07-20,1775443,552092,2327535,133637,25709,159346,355945,57530,413475,375533,119070,494603,303995,49832,353827,262584,73095,335679,211956,110752,322708,109089,96463,205552,22704,19641,42345
2021-07-21,1812007,552846,2364853,161538,25759,187297,362472,57592,420064,376723,119272,495995,304593,49872,354465,262824,73153,335977,212046,111009,323055,109104,96521,205625,22707,19668,42375
2021-07-22,1848098,553131,2401229,186132,25766,211898,370113,57611,427724,379006,119302,498308,305675,49889,355564,263162,73205,336367,212152,111065,323217,109143,96588,205731,22715,19705,42420
2021-07-23,1867322,566893,2434215,198905,26066,224971,373944,59453,433397,380417,129550,509967,306475,50812,357287,263449,73412,336861,212234,111193,323427,109177,96670,205847,22721,19737,42458
2021-07-24,1868620,594416,2463036,200029,26647,226676,374023,60311,434334,380444,140639,521083,306506,64774,371280,263466,73965,337431,212241,111397,323638,109184,96897,206081,22727,19786,42513
2021-07-25,1893930,594537,2488467,216025,26649,242674,379704,60319,440023,382363,140652,523015,307732,64786,372518,263856,73973,337829,212301,111428,323729,109211,96925,206136,22738,19805,42543
2021-07-26,1902792,624964,2527756,223377,31815,255192,380438,69687,450125,382752,150211,532963,307995,69656,377651,263946,74750,338696,212321,111859,324180,109222,97123,206345,22741,19863,42604
2021-07-27,1916868,644737,2561605,235096,35400,270496,381684,75212,456896,383362,155968,539330,308302,72044,380346,264073,76306,340379,212371,112433,324804,109236,97430,206666,22744,19944,42688
2021-07-28,1954441,645306,2599747,267452,35440,302892,384326,75310,459636,384832,156232,541064,309037,72078,381115,264323,76353,340676,212447,112473,324920,109267,97461,206728,22757,19959,42716
2021-07-29,1990170,646706,2636876,296714,35568,332282,387893,75605,463498,386475,156875,543350,309873,72244,382117,264585,76430,341015,212535,112524,325059,109306,97489,206795,22789,19971,42760
2021-07-30,2004383,665381,2669764,306462,36922,343384,390307,85123,475430,387675,162483,550158,310437,73883,384320,264761,76762,341523,212591,112667,325258,109345,97541,206886,22805,20000,42805
2021-07-31,2004874,690543,2695417,306777,39940,346717,390389,99332,489721,387717,168728,556445,310457,74979,385436,264779,77126,341905,212600,112785,325385,109349,97618,206967,22806,20035,42841
2021-08-01,2004904,704574,2709478,306782,43237,350019,390393,105632,496025,387720,171518,559238,310461,75991,386452,264781,77538,342319,212605,112922,325527,109353,97678,207031,22809,20058,42867
2021-08-02,2008973,737139,2746112,308997,47306,356303,391245,125765,517010,388276,178238,566514,310745,77137,387882,264877,77843,342720,212649,113039,325688,109370,97733,207103,22814,20078,42892
2021-08-03,2020479,757313,2777792,319192,52438,371630,391786,130857,522643,388675,182597,571272,310934,82112,393046,264970,78304,343274,212690,113140,325830,109401,97773,207174,22831,20092,42923
2021-08-04,2023499,782395,2805894,320639,55497,376136,392506,135719,528225,389117,185758,574875,311165,95627,406792,265061,78629,343690,212748,113243,325991,109422,97819,207241,22841,20103,42944
2021-08-05,2032105,791859,2823964,326561,56747,383308,393826,141386,535212,389853,187570,577423,311567,96142,407709,265203,78765,343968,212804,113296,326100,109441,97840,207281,22850,20113,42963
2021-08-06,2034086,799639,2833725,327670,57078,384748,394188,142661,536849,390130,188005,578135,311708,96447,408155,265255,81291,346546,212840,116104,328944,109445,97920,207365,22850,20133,42983
2021-08-07,2036312,821985,2858297,329634,57099,386733,394280,142689,536969,390209,188031,578240,311742,96527,408269,265270,84443,349713,212860,134839,347699,109457,98173,207630,22860,20184,43044
2021-08-08,2036342,843884,2880226,329639,57112,386751,394280,142715,536995,390211,188052,578263,311744,96613,408357,265282,96913,362195,212866,143752,356618,109458,98490,207948,22862,20237,43099
2021-08-09,2036698,877376,2914074,329767,57276,387043,394362,143055,537417,390264,188404,578668,311772,99154,410926,265309,122027,387336,212885,148386,361271,109469,98789,208258,22870,20285,43155
2021-08-10,2037098,910228,2947326,329956,57853,387809,394432,143998,538430,390323,190343,580666,311810,102257,414067,265330,139061,404391,212896,157219,370115,109479,99141,208620,22872,20356,43228
2021-08-11,2039525,939352,2978877,332193,58046,390239,394497,144667,539164,390363,191030,581393,311838,107258,419096,265362,156918,422280,212912,161519,374431,109488,99488,208976,22872,20426,43298
2021-08-12,2039989,961381,3001370,332358,58683,391041,394602,145104,539706,390448,191445,581893,311889,111269,423158,265386,164909,430295,212928,169573,382501,109497,99889,209386,22881,20509,43390
2021-08-13,2040160,992266,3032426,332420,58860,391280,394646,145425,540071,390476,191752,582228,311903,112075,423978,265392,177394,442786,212933,185130,398063,109507,100894,210401,22883,20736,43619
2021-08-14,2040183,1013246,3053429,332421,59074,391495,394646,145788,540434,390478,192218,582696,311904,115834,427738,265400,191023,456423,212937,187286,400223,109511,101214,210725,22886,20809,43695
2021-08-15,2040208,1037373,3077581,332426,60087,392513,394649,147534,542183,390484,195036,585520,311910,129548,441458,265403,194328,459731,212938,188464,401402,109512,101482,210994,22886,20894,43780
2021-08-16,2053617,1044962,3098579,335172,60309,395481,396722,147826,544548,394583,196313,590896,314788,130860,445648,266433,195754,462187,213305,191151,404456,109688,101774,211462,22926,20975,43901
2021-08-17,2082640,1046005,3128645,349310,60336,409646,408313,147889,556202,396956,196513,593469,315286,131558,446844,266712,195792,462504,213390,191162,404552,109736,101780,211516,22937,20975,43912
2021-08-18,2096172,1056183,3152355,358174,60900,419074,410388,148964,559352,398275,197752,596027,316052,134409,450461,267031,198868,465899,213513,192325,405838,109794,101947,211741,22945,21018,43963
2021-08-19,2101235,1063292,3164527,362152,61622,423774,410850,150102,560952,398616,198464,597080,316260,137032,453292,267081,200045,467126,213529,192935,406464,109801,102049,211850,22946,21043,43989
2021-08-20,2107349,1082652,3190001,366752,62062,428814,411521,152078,563599,399049,200225,599274,316534,151611,468145,267167,200397,467564,213558,193123,406681,109819,102101,211920,22949,21055,44004
2021-08-21,2107902,1103560,3211462,367027,65485,432512,411631,157564,569195,399125,205268,604393,316578,157482,474060,267194,201156,468350,213571,193343,406914,109824,102183,212007,22952,21079,44031
2021-08-22,2107959,1124553,3232512,367048,68934,435982,411638,168262,579900,399133,209086,608219,316585,159541,476126,267204,201908,469112,213575,193513,407088,109824,102226,212050,22952,21083,44035
2021-08-23,2121412,1144038,3265450,378418,71821,450239,412578,181309,593887,399748,211119,610867,316925,160583,477508,267330,202233,469563,213617,193614,407231,109838,102263,212101,22958,21096,44054
2021-08-24,2123135,1167937,3291072,379242,89206,468448,412995,184603,597598,400028,212586,612614,317053,161754,478807,267384,202617,470001,213627,193747,407374,109845,102309,212154,22961,21115,44076
2021-08-25,2125128,1197359,3322487,380392,92790,473182,413361,186923,600284,400295,225453,625748,317186,171225,488411,267428,203436,470864,213646,193981,407627,109855,102408,212263,22965,21143,44108
2021-08-26,2126392,1228692,3355084,380940,96617,477557,413659,188837,602496,400504,226636,627140,317306,178488,495794,267461,216909,484370,213674,196984,410658,109876,102945,212821,22972,21276,44248
2021-08-27,2127313,1264160,3391473,381359,117918,499277,413860,194764,608624,400635,228530,629165,317387,183318,500705,267495,218051,485546,213703,197257,410960,109890,103027,212917,22984,21295,44279
2021-08-28,2127360,1288448,3415808,381370,136534,517904,413870,197834,611704,400640,230017,630657,317398,184079,501477,267497,218245,485742,213706,197378,411084,109893,103060,212953,22986,21301,44287
2021-08-29,2127423,1312589,3440012,381396,138740,520136,413882,199074,612956,400657,234110,634767,317403,199488,516891,267500,218968,486468,213706,197725,411431,109893,103165,213058,22986,21319,44305
2021-08-30,2145159,1327530,3472689,388777,139055,527832,417879,199726,617605,404114,236789,640903,319340,205393,524733,268093,222127,490220,213957,199512,413469,109992,103527,213519,23007,21401,44408
2021-08-31,2156444,1349072,3505516,394163,157483,551646,420435,200967,621402,406207,237883,644090,320140,205926,526066,268380,222264,490644,214068,199579,413647,110031,103559,213590,23020,21411,44431
2021-09-01,2158305,1380304,3538609,394850,185581,580431,420772,201875,622647,406604,238373,644977,320385,206419,526804,268481,223130,491611,214126,199896,414022,110062,103612,213674,23025,21418,44443
2021-09-02,2160178,1413379,3573557,396463,203386,599849,420899,205645,626544,406672,244797,651469,320419,210213,530632,268499,223963,492462,214134,200250,414384,110067,103695,213762,23025,21430,44455
2021-09-03,2161367,1443988,3605355,397064,214981,612045,421159,208748,629907,406834,254684,661518,320524,213860,534384,268535,225795,494330,214149,200677,414826,110074,103789,213863,23028,21454,44482
2021-09-04,2162254,1467271,3629525,397426,221217,618643,421376,215135,636511,406990,264012,671002,320601,214839,535440,268582,226025,494607,214170,200764,414934,110079,103822,213901,23030,21457,44487
2021-09-05,2163146,1490721,3653867,397803,223439,621242,421610,219617,641227,407149,278993,686142,320672,216255,536927,268619,226284,494903,214177,200833,415010,110085,103837,213922,23031,21463,44494
2021-09-06,2164357,1521727,3686084,398370,225942,624312,421928,220711,642639,407327,300427,707754,320764,221028,541792,268660,227162,495822,214189,201057,415246,110086,103918,214004,23033,21482,44515
2021-09-07,2165423,1558883,3724306,398858,227772,626630,422238,224583,646821,407490,315981,723471,320835,228419,549254,268676,233519,502195,214198,202730,416928,110093,104307,214400,23035,21572,44607
2021-09-08,2172242,1572942,3745184,402713,228568,631281,423739,228228,651967,408297,321297,729594,321231,231058,552289,268823,234651,503474,214263,203108,417371,110134,104424,214558,23042,21608,44650
2021-09-09,2174990,1600266,3775256,404087,232241,636328,424459,245086,669545,408664,325459,734123,321407,233091,554498,268891,235058,503949,214288,203222,417510,110149,104489,214638,23045,21620,44665
2021-09-10,2177074,1608577,3785651,405157,235592,640749,424995,246274,671269,408938,325983,734921,321546,235441,556987,268937,235740,504677,214305,203383,417688,110151,104538,214689,23045,21626,44671
2021-09-11,2177882,1614400,3792282,405957,236153,642110,425000,249315,674315,408939,326534,735473,321546,236882,558428,268939,235890,504829,214305,203442,417747,110151,104555,214706,23045,21629,44674
2021-09-12,2177914,1616201,3794115,405976,236631,642607,425004,249987,674991,408942,326931,735873,321549,237081,558630,268940,235927,504867,214307,203457,417764,110151,104557,214708,23045,21630,44675
2021-09-13,2191656,1617106,3808762,414732,236752,651484,429553,250378,679931,409184,327116,736300,321653,237213,558866,268985,235958,504943,214322,203483,417805,110173,104568,214741,23054,21638,44692
2021-09-14,2193466,1629287,3822753,415514,237050,652564,429938,250868,680806,409462,327675,737137,321839,245754,567593,269066,237867,506933,214381,203795,418176,110201,104626,214827,23065,21652,44717
2021-09-15,2194222,1665880,3860102,415859,239411,655270,430140,254592,684732,409578,334779,744357,321889,263194,585083,269081,242959,512040,214395,204418,418813,110210,104823,215033,23070,21704,44774
2021-09-16,2194997,1700594,3895591,416232,244802,661034,430345,274048,704393,409692,339629,749321,321935,266164,588099,269097,244493,513590,214405,204783,419188,110216,104946,215162,23075,21729,44804
2021-09-17,2202344,1721340,3923684,420749,257239,677988,431749,278678,710427,410462,341472,751934,322320,267432,589752,269267,244850,514117,214466,204924,419390,110248,105001,215249,23083,21744,44827
2021-09-18,2202730,1746293,3949023,421086,274453,695539,431763,282980,714743,410477,343500,753977,322330,268466,590796,269273,245110,514383,214468,204999,419467,110250,105034,215284,23083,21751,44834
2021-09-19,2210693,1756722,3967415,424024,281862,705886,434237,284747,718984,411869,344264,756133,323051,268803,591854,269502,245193,514695,214602,205051,419653,110315,105046,215361,23093,21756,44849
2021-09-20,2218226,1763199,3981425,429400,283201,712601,435515,287515,723030,412404,345481,757885,323248,269477,592725,269574,245491,515065,214664,205187,419851,110325,105083,215408,23096,21764,44860
2021-09-21,2235315,1769862,4005177,444645,287171,731816,436430,289008,725438,412931,346039,758970,323507,269850,593357,269668,245671,515339,214695,205246,419941,110339,105103,215442,23100,21774,44874
2021-09-22,2241622,1779895,4021517,449177,292996,742173,437355,291693,729048,413401,346726,760127,323730,270277,594007,269752,245883,515635,214742,205384,420126,110357,105144,215501,23108,21792,44900
2021-09-23,2244066,1789120,4033186,450580,299555,750135,438000,293064,731064,413641,347388,761029,323823,270680,594503,269784,246002,515786,214765,205456,420221,110363,105178,215541,23110,21797,44907
2021-09-24,2250079,1794691,4044770,453143,302978,756121,439669,293823,733492,414986,347945,762931,324076,271283,595359,269879,246150,516029,214820,205508,420328,110387,105200,215587,23119,21804,44923
2021-09-25,2252155,1799343,4051498,453824,304355,758179,440604,295049,735653,415265,348845,764110,324196,272197,596393,269928,246330,516258,214826,205546,420372,110391,105215,215606,23121,21806,44927
2021-09-26,2253365,1821545,4074910,454017,305589,759606,440760,298157,738917,415550,358043,773593,324551,280167,604718,270096,246837,516933,214865,205665,420530,110405,105269,215674,23121,21818,44939
2021-09-27,2255436,1842208,4097644,455087,308566,763653,441186,307845,749031,415805,363574,779379,324695,282151,606846,270200,247164,517364,214906,205756,420662,110429,105320,215749,23128,21832,44960
2021-09-28,2259284,1866149,4125433,456160,309381,765541,442017,324884,766901,416813,365204,782017,325275,283296,608571,270451,248218,518669,214978,207388,422366,110456,105839,216295,23134,21939,45073
2021-09-29,2263579,1879073,4142652,459415,311392,770807,442527,332555,775082,417150,366606,783756,325394,284271,609665,270486,248624,519110,214993,207707,422700,110473,105959,216432,23141,21959,45100
2021-09-30,2274074,1886883,4160957,468103,313714,781817,443499,334065,777564,417726,368045,785771,325565,285900,611465,270531,249277,519808,215021,207894,422915,110487,106020,216507,23142,21968,45110
2021-10-01,2276609,1895541,4172150,470295,317436,787731,443669,336374,780043,417839,369476,787315,325608,286750,612358,270543,249507,520050,215023,207973,422996,110490,106051,216541,23142,21974,45116
2021-10-02,2279275,1898471,4177746,471915,318191,790106,444263,337329,781592,418093,370174,788267,325726,287081,612807,270596,249615,520211,215039,208025,423064,110497,106078,216575,23146,21978,45124
2021-10-03,2285161,1898473,4183634,474703,318192,792895,445998,337330,783328,418851,370174,789025,326054,287081,613135,270779,249615,520394,215102,208025,423127,110524,106078,216602,23150,21978,45128
2021-10-04,2291959,1902639,4194598,477652,319978,797630,448202,338472,786674,419813,370624,790437,326444,287537,613981,270955,249847,520802,215173,208099,423272,110555,106101,216656,23165,21981,45146
2021-10-05,2294805,1906404,4201209,479396,320966,800362,448826,339572,788398,420095,371475,791570,326576,288122,614698,271002,250011,521013,215183,208145,423328,110561,106124,216685,23166,21989,45155
