FECHA,TotalM,TotalF,Total,<=30M,<=30F,<=30,31-40M,31-40F,31-40,41-50M,41-50F,41-50,51-60M,51-60F,51-60,61-70M,61-70F,61-70,71-80M,71-80F,71-80,81-90M,81-90F,81-90,>=91M,>=91F,>=91
2020-12-29,260,410,670,38,68,106,93,125,218,79,133,212,49,82,131,1,2,3,0,0,0,0,0,0,0,0,0
2020-12-30,560,892,1452,83,167,250,200,266,466,169,283,452,105,173,278,3,3,6,0,0,0,0,0,0,0,0,0
2020-12-31,597,935,1532,90,170,260,212,282,494,181,299,480,111,180,291,3,4,7,0,0,0,0,0,0,0,0,0
2021-01-01,597,936,1533,90,170,260,212,283,495,181,299,480,111,180,291,3,4,7,0,0,0,0,0,0,0,0,0
2021-01-02,736,1177,1913,104,198,302,266,378,644,228,364,592,134,232,366,4,5,9,0,0,0,0,0,0,0,0,0
2021-01-03,785,1275,2060,112,212,324,288,418,706,239,392,631,142,248,390,4,5,9,0,0,0,0,0,0,0,0,0
2021-01-04,1105,1799,2904,169,303,472,391,606,997,331,545,876,209,340,549,5,5,10,0,0,0,0,0,0,0,0,0
2021-01-05,1574,2529,4103,238,431,669,586,848,1434,450,763,1213,294,478,772,6,8,14,0,1,1,0,0,0,0,0,0
2021-01-06,2091,3300,5391,328,576,904,783,1084,1867,593,986,1579,380,644,1024,7,9,16,0,1,1,0,0,0,0,0,0
2021-01-07,2617,4192,6809,413,732,1145,962,1392,2354,742,1246,1988,493,812,1305,7,9,16,0,1,1,0,0,0,0,0,0
2021-01-08,3282,5370,8652,534,962,1496,1187,1794,2981,933,1584,2517,616,1017,1633,12,12,24,0,1,1,0,0,0,0,0,0
2021-01-09,3450,5642,9092,548,1002,1550,1257,1896,3153,985,1670,2655,648,1061,1709,12,12,24,0,1,1,0,0,0,0,0,0
2021-01-10,3658,6001,9659,581,1050,1631,1346,2047,3393,1038,1772,2810,679,1119,1798,14,12,26,0,1,1,0,0,0,0,0,0
2021-01-11,4315,7192,11507,692,1308,2000,1611,2448,4059,1212,2095,3307,784,1325,2109,16,15,31,0,1,1,0,0,0,0,0,0
2021-01-12,4904,8282,13186,787,1498,2285,1846,2836,4682,1362,2385,3747,892,1546,2438,17,16,33,0,1,1,0,0,0,0,0,0
2021-01-13,5369,9172,14541,866,1677,2543,2010,3159,5169,1490,2619,4109,985,1700,2685,18,16,34,0,1,1,0,0,0,0,0,0
2021-01-14,6167,10586,16753,1035,1956,2991,2302,3645,5947,1706,3013,4719,1106,1954,3060,18,17,35,0,1,1,0,0,0,0,0,0
2021-01-15,7359,12803,20162,1250,2406,3656,2767,4415,7182,2012,3625,5637,1312,2336,3648,18,20,38,0,1,1,0,0,0,0,0,0
2021-01-16,7834,13657,21491,1346,2559,3905,2943,4742,7685,2133,3867,6000,1394,2468,3862,18,20,38,0,1,1,0,0,0,0,0,0
2021-01-17,8119,14201,22320,1412,2652,4064,3056,4956,8012,2205,4020,6225,1428,2552,3980,18,20,38,0,1,1,0,0,0,0,0,0
2021-01-18,8307,14517,22824,1440,2706,4146,3117,5060,8177,2261,4123,6384,1471,2607,4078,18,20,38,0,1,1,0,0,0,0,0,0
2021-01-19,8591,14986,23577,1476,2773,4249,3198,5229,8427,2355,4268,6623,1542,2694,4236,20,21,41,0,1,1,0,0,0,0,0,0
2021-01-20,8882,15488,24370,1507,2868,4375,3307,5378,8685,2442,4426,6868,1606,2791,4397,20,24,44,0,1,1,0,0,0,0,0,0
2021-01-21,9012,15679,24691,1530,2898,4428,3352,5431,8783,2477,4491,6968,1628,2832,4460,25,25,50,0,2,2,0,0,0,0,0,0
2021-01-22,9050,15730,24780,1537,2908,4445,3367,5446,8813,2489,4508,6997,1630,2840,4470,26,26,52,1,2,3,0,0,0,0,0,0
2021-01-23,9168,15930,25098,1547,2929,4476,3412,5525,8937,2528,4568,7096,1653,2880,4533,27,26,53,1,2,3,0,0,0,0,0,0
2021-01-24,9213,16018,25231,1552,2938,4490,3433,5562,8995,2539,4594,7133,1661,2896,4557,27,26,53,1,2,3,0,0,0,0,0,0
2021-01-25,9495,16484,25979,1597,3018,4615,3517,5711,9228,2620,4738,7358,1731,2987,4718,29,28,57,1,2,3,0,0,0,0,0,0
2021-01-26,9884,17144,27028,1641,3126,4767,3665,5899,9564,2730,4957,7687,1813,3128,4941,34,32,66,1,2,3,0,0,0,0,0,0
2021-01-27,10334,17807,28141,1716,3242,4958,3835,6095,9930,2849,5151,8000,1895,3283,5178,38,34,72,1,2,3,0,0,0,0,0,0
2021-01-28,10794,18611,29405,1792,3385,5177,3987,6368,10355,2977,5376,8353,1998,3444,5442,39,36,75,1,2,3,0,0,0,0,0,0
2021-01-29,11428,19672,31100,1895,3573,5468,4228,6743,10971,3159,5683,8842,2102,3631,5733,43,40,83,1,2,3,0,0,0,0,0,0
2021-01-30,11580,19932,31512,1914,3612,5526,4287,6847,11134,3204,5760,8964,2131,3671,5802,43,40,83,1,2,3,0,0,0,0,0,0
2021-01-31,11698,20157,31855,1937,3645,5582,4329,6940,11269,3236,5820,9056,2151,3710,5861,44,40,84,1,2,3,0,0,0,0,0,0
2021-02-01,12245,21103,33348,2028,3820,5848,4554,7273,11827,3386,6075,9461,2231,3888,6119,45,44,89,1,3,4,0,0,0,0,0,0
2021-02-02,13429,23108,36537,2141,4064,6205,4844,7738,12582,3592,6515,10107,2457,4349,6806,351,408,759,38,32,70,5,2,7,1,0,1
2021-02-03,14696,25421,40117,2279,4391,6670,5167,8355,13522,3845,7061,10906,2704,4823,7527,618,727,1345,74,60,134,8,4,12,1,0,1
2021-02-04,15938,27748,43686,2438,4715,7153,5526,9020,14546,4137,7627,11764,2925,5305,8230,785,978,1763,113,96,209,12,7,19,2,0,2
2021-02-05,17849,31464,49313,2718,5293,8011,6146,10191,16337,4542,8537,13079,3283,6041,9324,976,1254,2230,165,138,303,17,10,27,2,0,2
2021-02-06,18291,32272,50563,2799,5411,8210,6282,10469,16751,4658,8767,13425,3369,6196,9565,998,1280,2278,166,139,305,17,10,27,2,0,2
2021-02-07,18644,32924,51568,2853,5501,8354,6395,10706,17101,4768,8959,13727,3427,6307,9734,1014,1301,2315,168,140,308,17,10,27,2,0,2
2021-02-08,19513,34519,54032,2981,5781,8762,6674,11208,17882,4979,9388,14367,3577,6578,10155,1103,1404,2507,179,150,329,18,10,28,2,0,2
2021-02-09,20505,36452,56957,3122,6123,9245,6978,11779,18757,5207,9850,15057,3757,6983,10740,1223,1550,2773,193,157,350,23,10,33,2,0,2
2021-02-10,21046,37482,58528,3205,6288,9493,7112,12105,19217,5352,10115,15467,3865,7188,11053,1282,1612,2894,202,164,366,26,10,36,2,0,2
2021-02-11,21499,38552,60051,3276,6469,9745,7256,12454,19710,5449,10386,15835,3936,7386,11322,1339,1675,3014,214,172,386,27,10,37,2,0,2
2021-02-12,22018,39515,61533,3350,6629,9979,7426,12790,20216,5567,10665,16232,4028,7525,11553,1388,1716,3104,227,180,407,30,10,40,2,0,2
2021-02-13,22046,39559,61605,3352,6637,9989,7437,12807,20244,5573,10674,16247,4036,7534,11570,1388,1717,3105,228,180,408,30,10,40,2,0,2
2021-02-14,22052,39584,61636,3354,6644,9998,7439,12815,20254,5573,10684,16257,4038,7534,11572,1388,1717,3105,228,180,408,30,10,40,2,0,2
2021-02-15,22052,39585,61637,3354,6644,9998,7439,12816,20255,5573,10684,16257,4038,7534,11572,1388,1717,3105,228,180,408,30,10,40,2,0,2
2021-02-16,22063,39621,61684,3355,6645,10000,7447,12834,20281,5575,10697,16272,4038,7537,11575,1388,1717,3105,228,181,409,30,10,40,2,0,2
2021-02-17,22868,41133,64001,3484,6874,10358,7697,13287,20984,5745,11131,16876,4184,7823,12007,1486,1823,3309,240,185,425,30,10,40,2,0,2
2021-02-18,24730,45042,69772,3703,7416,11119,8226,14343,22569,6127,12163,18290,4549,8608,13157,1755,2216,3971,319,280,599,49,16,65,2,0,2
2021-02-19,26414,48873,75287,3900,7956,11856,8679,15460,24139,6558,13149,19707,4858,9346,14204,1968,2552,4520,385,383,768,61,27,88,5,0,5
2021-02-20,26871,49662,76533,3945,8040,11985,8817,15733,24550,6671,13342,20013,4946,9497,14443,2021,2634,4655,404,389,793,62,27,89,5,0,5
2021-02-21,27199,50166,77365,3980,8105,12085,8910,15920,24830,6751,13473,20224,5025,9583,14608,2054,2664,4718,410,394,804,64,27,91,5,0,5
2021-02-22,30625,56412,87037,4175,8551,12726,9263,16785,26048,7021,14174,21195,5281,10130,15411,2366,2978,5344,805,928,1733,1541,2440,3981,173,426,599
2021-02-23,34594,63804,98398,4426,9081,13507,9708,17882,27590,7448,15177,22625,5644,10931,16575,2844,3591,6435,1161,1422,2583,3012,4858,7870,351,862,1213
2021-02-24,38652,71419,110071,4684,9545,14229,10262,18936,29198,7896,16145,24041,5972,11683,17655,3229,4097,7326,1561,2039,3600,4533,7609,12142,515,1365,1880
2021-02-25,42695,78968,121663,4919,10078,14997,10787,20028,30815,8391,17041,25432,6344,12471,18815,3575,4590,8165,1896,2612,4508,6064,10272,16336,719,1876,2595
2021-02-26,46610,86853,133463,5170,10641,15811,11333,21150,32483,8771,17996,26767,6740,13329,20069,3930,5096,9026,2255,3142,5397,7503,13053,20556,908,2446,3354
2021-02-27,47137,87966,135103,5210,10716,15926,11432,21279,32711,8859,18118,26977,6800,13436,20236,3987,5201,9188,2320,3271,5591,7606,13365,20971,923,2580,3503
2021-02-28,47293,88320,135613,5225,10733,15958,11462,21337,32799,8876,18154,27030,6813,13454,20267,4023,5235,9258,2335,3309,5644,7631,13456,21087,928,2642,3570
2021-03-01,50379,94412,144791,5336,10967,16303,11725,21866,33591,9100,18553,27653,6978,13837,20815,4216,5486,9702,2693,3869,6562,9203,16655,25858,1128,3179,4307
2021-03-02,53421,100307,153728,5463,11269,16732,11957,22371,34328,9274,18981,28255,7135,14184,21319,4403,5800,10203,3064,4442,7506,10788,19571,30359,1337,3689,5026
2021-03-03,56306,106145,162451,5596,11527,17123,12209,22966,35175,9495,19477,28972,7294,14572,21866,4541,6037,10578,3369,4961,8330,12250,22369,34619,1552,4236,5788
2021-03-04,57591,109026,166617,5719,11847,17566,12442,23522,35964,9684,19897,29581,7434,14904,22338,4661,6264,10925,3487,5165,8652,12580,23048,35628,1584,4379,5963
2021-03-05,58712,111641,170353,5814,12094,17908,12691,24100,36791,9882,20445,30327,7599,15306,22905,4781,6481,11262,3562,5308,8870,12766,23444,36210,1617,4463,6080
2021-03-06,59371,113982,173353,5854,12335,18189,12866,24627,37493,10017,20955,30972,7701,15734,23435,4809,6537,11346,3628,5453,9081,12856,23753,36609,1640,4588,6228
2021-03-07,60020,116049,176069,5889,12526,18415,13012,25117,38129,10165,21410,31575,7823,16096,23919,4844,6581,11425,3696,5585,9281,12931,24004,36935,1660,4730,6390
2021-03-08,61481,119388,180869,5982,12781,18763,13197,25561,38758,10300,21800,32100,7961,16446,24407,4975,6855,11830,3876,5893,9769,13458,25020,38478,1732,5032,6764
2021-03-09,65246,126238,191484,6139,13087,19226,13531,26247,39778,10572,22333,32905,8213,16949,25162,5246,7210,12456,4295,6564,10859,15292,28147,43439,1958,5701,7659
2021-03-10,69299,134980,204279,6352,13606,19958,13919,27372,41291,10912,23443,34355,8560,17944,26504,5471,7544,13015,4701,7210,11911,17178,31481,48659,2206,6380,8586
2021-03-11,74487,147321,221808,6762,14521,21283,14664,29407,44071,11477,25632,37109,9085,19567,28652,5838,8082,13920,5145,7949,13094,19100,35138,54238,2416,7025,9441
2021-03-12,78307,157649,235956,7194,15574,22768,15501,31940,47441,12159,28161,40320,9665,21431,31096,6129,8543,14672,5377,8277,13654,19760,36424,56184,2522,7299,9821
2021-03-13,79808,162764,242572,7388,16359,23747,15923,33445,49368,12538,29564,42102,9965,22394,32359,6219,8672,14891,5407,8357,13764,19829,36602,56431,2539,7371,9910
2021-03-14,80852,166720,247572,7485,16872,24357,16228,34549,50777,12830,30788,43618,10207,23330,33537,6299,8805,15104,5432,8397,13829,19832,36607,56439,2539,7372,9911
2021-03-15,83834,175714,259548,7746,17900,25646,16877,36765,53642,13385,32957,46342,10712,25022,35734,6584,9328,15912,5645,8725,14370,20278,37512,57790,2607,7505,10112
2021-03-16,87767,185183,272950,8013,18745,26758,17491,38549,56040,13949,34678,48627,11175,26452,37627,6918,9928,16846,6022,9298,15320,21482,39713,61195,2717,7820,10537
2021-03-17,91951,194448,286399,8308,19427,27735,18114,40253,58367,14529,36297,50826,11623,27677,39300,7310,10635,17945,6446,9975,16421,22759,42029,64788,2862,8155,11017
2021-03-18,96339,204344,300683,8647,20331,28978,18862,42191,61053,15213,38076,53289,12205,29117,41322,7636,11227,18863,6887,10669,17556,23887,44191,68078,3002,8542,11544
2021-03-19,100514,214290,314804,9005,21334,30339,19646,44264,63910,15990,39953,55943,12837,30620,43457,7890,11615,19505,7191,11180,18371,24801,46243,71044,3154,9081,12235
2021-03-20,102701,219240,321941,9075,21556,30631,19854,44740,64594,16181,40418,56599,13034,31091,44125,8348,12694,21042,7576,11805,19381,25381,47543,72924,3252,9393,12645
2021-03-21,104376,222713,327089,9099,21620,30719,19925,44874,64799,16224,40499,56723,13129,31286,44415,8985,14116,23101,7996,12493,20489,25712,48254,73966,3306,9571,12877
2021-03-22,106474,227212,333686,9267,21921,31188,20240,45568,65808,16469,41079,57548,13361,31930,45291,9563,15564,25127,8465,13178,21643,25790,48375,74165,3319,9597,12916
2021-03-23,109506,234207,343713,9388,22193,31581,20506,46156,66662,16687,41615,58302,13568,32391,45959,9972,16437,26409,8920,13922,22842,26945,51103,78048,3520,10390,13910
2021-03-24,111366,238339,349705,9394,22210,31604,20518,46184,66702,16697,41642,58339,13606,32453,46059,10210,17003,27213,9263,14580,23843,28001,53373,81374,3677,10894,14571
2021-03-25,113483,242668,356151,9525,22513,32038,20780,46750,67530,16944,42085,59029,13769,32777,46546,10305,17161,27466,9570,15042,24612,28792,55037,83829,3798,11303,15101
2021-03-26,114599,245330,359929,9562,22611,32173,20889,46949,67838,17023,42262,59285,13858,32919,46777,10428,17548,27976,9752,15437,25189,29207,55976,85183,3880,11628,15508
2021-03-27,115337,247196,362533,9564,22617,32181,20894,46964,67858,17026,42275,59301,13863,32941,46804,10445,17588,28033,9903,15767,25670,29693,57059,86752,3949,11985,15934
2021-03-28,116047,249082,365129,9566,22621,32187,20897,46971,67868,17027,42285,59312,13871,32954,46825,10475,17628,28103,10045,16026,26071,30126,58203,88329,4040,12394,16434
2021-03-29,118363,254955,373318,9769,23152,32921,21319,48071,69390,17380,43190,60570,14153,33700,47853,10626,17917,28543,10286,16426,26712,30679,59614,90293,4151,12885,17036
2021-03-30,121524,262225,383749,9892,23452,33344,21566,48734,70300,17610,43728,61338,15208,36080,51288,11394,19165,30559,10656,17124,27780,30984,60662,91646,4214,13280,17494
2021-03-31,125701,270763,396464,10124,23982,34106,22062,49977,72039,18044,44811,62855,15446,36582,52028,11559,19387,30946,12703,20297,33000,31448,61963,93411,4315,13764,18079
2021-04-01,130236,278356,408592,10148,24011,34159,22090,50061,72151,18586,45847,64433,15835,37337,53172,11627,19590,31217,15771,24653,40424,31798,62826,94624,4381,14031,18412
2021-04-02,134652,285576,420228,10149,24014,34163,22092,50068,72160,19498,47583,67081,15843,37351,53194,11642,19616,31258,18938,29304,48242,32071,63438,95509,4419,14202,18621
2021-04-03,138406,291662,430068,10150,24022,34172,22097,50072,72169,19507,47590,67097,15851,37358,53209,11651,19627,31278,22519,34945,57464,32178,63730,95908,4453,14318,18771
2021-04-04,139513,293410,432923,10150,24022,34172,22098,50073,72171,19508,47596,67104,15855,37362,53217,11669,19643,31312,23592,36638,60230,32183,63747,95930,4458,14329,18787
2021-04-05,145602,303240,448842,10237,24153,34390,22173,50278,72451,19587,47809,67396,15938,37561,53499,11807,19839,31646,29058,45162,74220,32312,64012,96324,4490,14426,18916
2021-04-06,152451,314286,466737,10343,24303,34646,22298,50509,72807,19657,47963,67620,16001,37686,53687,11920,20024,31944,35169,54723,89892,32529,64500,97029,4534,14578,19112
2021-04-07,160017,326220,486237,10435,24425,34860,22423,50777,73200,19732,48137,67869,16081,37829,53910,12573,20840,33413,41302,64227,105529,32874,65229,98103,4597,14756,19353
2021-04-08,168512,338346,506858,10599,24591,35190,22635,51050,73685,19835,48296,68131,16166,38003,54169,14103,23075,37178,47524,73046,120570,33029,65449,98478,4621,14836,19457
2021-04-09,175871,349645,525516,10727,24842,35569,22859,51439,74298,19960,48554,68514,16256,38190,54446,15446,24934,40380,52794,80926,133720,33177,65784,98961,4652,14976,19628
2021-04-10,178979,354416,533395,10776,24951,35727,22923,51591,74514,20037,48675,68712,16310,38313,54623,16103,25942,42045,54940,84100,139040,33231,65838,99069,4659,15006,19665
2021-04-11,181893,359044,540937,10824,25059,35883,23020,51775,74795,20090,48838,68928,16375,38480,54855,16702,26854,43556,56959,87101,144060,33260,65900,99160,4663,15037,19700
2021-04-12,190014,371588,561602,10955,25303,36258,23202,52128,75330,20206,49066,69272,16485,38678,55163,18315,29164,47479,62814,96030,158844,33350,66100,99450,4687,15119,19806
2021-04-13,197697,383382,581079,11161,25493,36654,23435,52465,75900,20426,49302,69728,16679,39050,55729,20282,32582,52864,67534,102912,170446,33473,66362,99835,4707,15216,19923
2021-04-14,204303,393199,597502,11394,25571,36965,23617,52632,76249,20582,49488,70070,16746,39118,55864,21099,33610,54709,71374,108848,180222,34643,68316,102959,4848,15616,20464
2021-04-15,207591,398919,606510,11531,25619,37150,23719,52673,76392,20662,49513,70175,16788,39167,55955,22393,36427,58820,72905,111338,184243,34726,68511,103237,4867,15671,20538
2021-04-16,211400,404668,616068,11631,25652,37283,23768,52700,76468,20704,49537,70241,16805,39186,55991,23027,37268,60295,75489,115190,190679,35046,69270,104316,4930,15865,20795
2021-04-17,211718,405158,616876,11647,25667,37314,23793,52717,76510,20741,49570,70311,16842,39217,56059,23070,37308,60378,75629,115462,191091,35064,69328,104392,4932,15889,20821
2021-04-18,211866,405320,617186,11663,25673,37336,23815,52733,76548,20771,49603,70374,16885,39246,56131,23079,37325,60404,75644,115479,191123,35073,69357,104430,4936,15904,20840
2021-04-19,215919,411692,627611,11822,25703,37525,23879,52749,76628,20822,49619,70441,16900,39259,56159,23574,38004,61578,78450,119878,198328,35469,70337,105806,5003,16143,21146
2021-04-20,222090,422292,644382,11985,25766,37751,23960,52818,76778,20889,49706,70595,17353,40320,57673,26592,42940,69532,80056,122324,202380,36054,71678,107732,5201,16740,21941
2021-04-21,230510,434394,664904,12070,25812,37882,24011,52864,76875,20937,49753,70690,17438,40536,57974,34351,53879,88230,80388,122948,203336,36101,71805,107906,5214,16797,22011
2021-04-22,240584,448342,688926,12117,25858,37975,24050,52911,76961,20969,49805,70774,17480,40605,58085,43814,66862,110676,80761,123542,204303,36170,71929,108099,5223,16830,22053
2021-04-23,250791,461557,712348,12143,25906,38049,24098,52967,77065,21021,49880,70901,17550,40682,58232,53549,79218,132767,80979,123933,204912,36220,72072,108292,5231,16899,22130
2021-04-24,253708,465076,718784,12148,25915,38063,24103,52975,77078,21037,49896,70933,17568,40704,58272,56168,82411,138579,81194,124121,205315,36249,72135,108384,5241,16919,22160
2021-04-25,253791,465201,718992,12150,25917,38067,24107,52978,77085,21042,49908,70950,17577,40711,58288,56226,82491,138717,81197,124130,205327,36249,72143,108392,5243,16923,22166
2021-04-26,255298,467588,722886,12164,25922,38086,24119,52992,77111,21051,49918,70969,17583,40727,58310,57543,84508,142051,81325,124353,205678,36264,72219,108483,5249,16949,22198
2021-04-27,256688,470458,727146,12240,25994,38234,24168,53084,77252,21095,49986,71081,17618,40785,58403,58447,86183,144630,81556,125078,206634,36309,72362,108671,5255,16986,22241
2021-04-28,263764,486521,750285,12967,27830,40797,25721,57402,83123,22383,53843,76226,18634,43745,62379,60695,88821,149516,81760,125400,207160,36343,72458,108801,5261,17022,22283
2021-04-29,270308,499697,770005,13420,29153,42573,26799,60602,87401,23418,56842,80260,19498,46111,65609,63434,91501,154935,82057,125776,207833,36401,72624,109025,5281,17088,22369
2021-04-30,271639,501692,773331,13491,29279,42770,26895,60779,87674,23467,56939,80406,19531,46186,65717,64267,92616,156883,82259,126058,208317,36437,72705,109142,5292,17130,22422
2021-05-01,272179,502780,774959,13505,29312,42817,26955,60887,87842,23490,57002,80492,19554,46231,65785,64578,93209,157787,82350,126216,208566,36453,72764,109217,5294,17159,22453
2021-05-02,276487,512632,789119,13814,30255,44069,27772,63060,90832,24303,59078,83381,20195,47857,68052,65071,94260,159331,83541,128059,211600,36491,72863,109354,5300,17200,22500
2021-05-03,284707,524196,808903,13870,30360,44230,27876,63225,91101,24356,59167,83523,21018,49020,70038,69967,100761,170728,85730,131355,217085,36573,73048,109621,5317,17260,22577
2021-05-04,296279,538496,834775,13963,30487,44450,27975,63402,91377,24404,59266,83670,22996,51493,74489,78998,111751,190749,85997,131670,217667,36616,73126,109742,5330,17301,22631
2021-05-05,306947,553858,860805,14085,30677,44762,28189,63594,91783,24634,59405,84039,23574,52166,75740,82114,116382,198496,92100,140430,232530,36883,73752,110635,5368,17452,22820
2021-05-06,310573,559228,869801,14196,30777,44973,28345,63711,92056,24834,59461,84295,23997,52593,76590,83771,119114,202885,93091,142217,235308,36951,73866,110817,5388,17489,22877
2021-05-07,318550,572358,890908,14332,31067,45399,28573,64231,92804,25031,59847,84878,24255,53102,77357,85158,121930,207088,98722,150504,249226,37067,74099,111166,5412,17578,22990
2021-05-08,320947,587679,908626,14515,32684,47199,29044,67736,96780,25538,64457,89995,24820,56743,81563,85736,123720,209456,98791,150599,249390,37081,74140,111221,5422,17600,23022
2021-05-09,321087,587905,908992,14515,32684,47199,29044,67736,96780,25540,64457,89997,24842,56755,81597,85807,123800,209607,98805,150621,249426,37103,74205,111308,5431,17647,23078
2021-05-10,321920,590430,912350,14541,32727,47268,29075,67790,96865,25568,64502,90070,24991,57008,81999,86126,125221,211347,99003,151085,250088,37169,74375,111544,5447,17722,23169
2021-05-11,325215,594371,919586,14562,32763,47325,29107,67854,96961,25601,64557,90158,25620,57755,83375,88523,127910,216433,99135,151272,250407,37206,74480,111686,5461,17780,23241
2021-05-12,328790,598797,927587,14599,32799,47398,29154,67916,97070,25646,64620,90266,26303,58553,84856,91014,130708,221722,99305,151648,250953,37292,74684,111976,5477,17869,23346
2021-05-13,331699,604223,935922,14656,32908,47564,29253,68153,97406,25727,64782,90509,26484,58870,85354,91903,132426,224329,100801,154174,254975,37380,74936,112316,5495,17974,23469
2021-05-14,333041,607303,940344,14711,33008,47719,29346,68345,97691,25802,64920,90722,26654,59109,85763,92491,133901,226392,101090,154838,255928,37434,75119,112553,5513,18063,23576
2021-05-15,339462,612482,951944,14731,33051,47782,29387,68414,97801,25835,64969,90804,27851,60315,88166,97486,137362,234848,101186,155012,256198,37464,75242,112706,5522,18117,23639
2021-05-16,340337,614795,955132,14789,33243,48032,29595,69117,98712,26088,65679,91767,28029,60716,88745,97616,137518,235134,101211,155055,256266,37477,75317,112794,5532,18150,23682
2021-05-17,344622,619145,963767,14842,33334,48176,29768,69539,99307,26196,65970,92166,28870,61498,90368,100436,139721,240157,101443,155441,256884,37519,75431,112950,5548,18211,23759
2021-05-18,349197,623067,972264,14872,33387,48259,29831,69616,99447,26259,66054,92313,29736,62346,92082,103852,142237,246089,101543,155642,257185,37547,75527,113074,5557,18258,23815
2021-05-19,352661,626431,979092,14914,33489,48403,29942,69832,99774,26305,66173,92478,30369,62988,93357,106300,144058,250358,101682,155972,257654,37582,75620,113202,5567,18299,23866
2021-05-20,363243,638400,1001643,14987,33636,48623,30093,70073,100166,26393,66354,92747,33296,66303,99599,112893,150564,263457,102259,157001,259260,37730,76061,113791,5592,18408,24000
2021-05-21,365397,642800,1008197,15092,33897,48989,30282,70622,100904,26501,66754,93255,33393,66651,100044,113344,151398,264742,103380,158795,262175,37805,76220,114025,5600,18463,24063
2021-05-22,366923,644930,1011853,15145,33972,49117,30325,70685,101010,26524,66817,93341,33601,66912,100513,114312,152632,266944,103575,159137,262712,37836,76291,114127,5605,18484,24089
2021-05-23,369299,647295,1016594,15170,34018,49188,30351,70752,101103,26549,66858,93407,34607,68003,102610,115498,153515,269013,103656,159292,262948,37856,76356,114212,5612,18501,24113
2021-05-24,369996,648874,1018870,15207,34100,49307,30417,70885,101302,26589,66960,93549,34832,68244,103076,115771,154398,270169,103707,159397,263104,37861,76381,114242,5612,18509,24121
2021-05-25,374619,657379,1031998,15219,34123,49342,30424,70901,101325,26592,66979,93571,35011,68416,103427,116050,155141,271191,104187,160234,264421,41118,82099,123217,6018,19486,25504
2021-05-26,376906,660805,1037711,15253,34173,49426,30469,70983,101452,26629,67051,93680,36084,69382,105466,116251,155479,271730,104356,160551,264907,41742,83420,125162,6122,19766,25888
2021-05-27,386277,675878,1062155,15316,34293,49609,30569,71148,101717,26722,67214,93936,38769,71840,110609,116537,155690,272227,105049,161749,266798,46597,92558,139155,6718,21386,28104
2021-05-28,396817,690806,1087623,15424,34452,49876,30745,71393,102138,27015,67485,94500,44561,78616,123177,116768,155934,272702,105572,162569,268141,49632,97943,147575,7100,22414,29514
2021-05-29,405792,699169,1104961,15428,34460,49888,30755,71405,102160,27645,67959,95604,52326,85545,137871,116959,156165,273124,105650,162699,268349,49895,98444,148339,7134,22492,29626
2021-05-30,414114,706741,1120855,15437,34471,49908,30763,71415,102178,29423,69503,98926,58708,91383,150091,117043,156243,273286,105674,162727,268401,49926,98495,148421,7140,22504,29644
2021-05-31,425684,722147,1147831,15534,34649,50183,30929,71701,102630,35781,75564,111345,62114,96907,159021,117658,157116,274774,105862,163094,268956,50565,100216,150781,7241,22900,30141
2021-06-01,436819,734771,1171590,15729,34906,50635,31532,72118,103650,42847,82947,125794,64305,99430,163735,117775,157290,275065,106024,163373,269397,51301,101516,152817,7306,23191,30497
2021-06-02,445904,747703,1193607,16347,35561,51908,33240,74724,107964,46867,88240,135107,66333,102030,168363,117950,157539,275489,106156,163596,269752,51634,102489,154123,7377,23524,30901
2021-06-03,458590,767246,1225836,19367,40599,59966,38474,82694,121168,50132,92649,142781,66914,102881,169795,118116,157764,275880,106247,163794,270041,51912,103141,155053,7428,23724,31152
2021-06-04,471840,783545,1255385,22336,44190,66526,43251,87445,130696,53087,96867,149954,67932,104276,172208,119171,158937,278108,106550,164325,270875,52049,103632,155681,7464,23873,31337
2021-06-05,482830,793898,1276728,25028,46579,71607,48052,91406,139458,54950,98613,153563,68618,104989,173607,119831,159686,279517,106699,164616,271315,52156,103997,156153,7496,24012,31508
2021-06-06,491244,803711,1294955,28073,50612,78685,51850,95504,147354,55873,99346,155219,69043,105367,174410,119907,159769,279676,106756,164748,271504,52224,104208,156432,7518,24157,31675
2021-06-07,504911,817902,1322813,31164,53974,85138,55162,98258,153420,59174,102488,161662,72378,109263,181641,120291,160170,280461,106880,164971,271851,52311,104478,156789,7551,24300,31851
2021-06-08,517563,834960,1352523,32173,55466,87639,56523,100305,156828,60650,104544,165194,80462,119203,199665,120440,160368,280808,107073,165302,272375,52634,105203,157837,7608,24569,32177
2021-06-09,530168,848119,1378287,32512,55804,88316,57175,100981,158156,61358,105103,166461,91170,130313,221483,120534,160498,281032,107128,165389,272517,52668,105352,158020,7623,24679,32302
2021-06-10,544462,863102,1407564,33280,56671,89951,58231,102195,160426,63278,107114,170392,101278,140416,241694,120827,160872,281699,107215,165549,272764,52711,105516,158227,7642,24769,32411
2021-06-11,554237,878952,1433189,33480,56908,90388,58701,102505,161206,64028,107778,171806,102661,141913,244574,120965,161117,282082,108144,167006,275150,58074,115366,173440,8184,26359,34543
2021-06-12,560583,886817,1447400,33920,57502,91422,59318,103305,162623,65384,109332,174716,105750,144942,250692,121014,161201,282215,108289,167301,275590,58644,116551,175195,8264,26683,34947
2021-06-13,564702,891218,1455920,34123,57757,91880,59604,103635,163239,66292,110296,176588,108390,147666,256056,121051,161241,282292,108301,167320,275621,58671,116611,175282,8270,26692,34962
2021-06-14,570813,897930,1468743,34872,58614,93486,60638,104708,165346,67647,111648,179295,111050,150490,261540,121100,161310,282410,108342,167418,275760,58870,116955,175825,8294,26787,35081
2021-06-15,584795,911637,1496432,34994,58799,93793,60846,105002,165848,68085,112104,180189,123602,162122,285724,121318,161536,282854,108487,167729,276216,59130,117439,176569,8333,26906,35239
2021-06-16,592417,921919,1514336,35424,59438,94862,61683,106059,167742,69876,114217,184093,125655,164370,290025,121480,161753,283233,110384,170494,280878,59509,118363,177872,8406,27225,35631
2021-06-17,604000,936235,1540235,35621,59728,95349,62125,106505,168630,72869,117448,190317,129847,168677,298524,122011,162440,284451,113139,174561,287700,59903,119319,179222,8485,27557,36042
2021-06-18,618488,951491,1569979,36292,60562,96854,63200,107631,170831,81298,125480,206778,133071,171974,305045,122414,162991,285405,113632,175361,288993,60067,119764,179831,8514,27728,36242
2021-06-19,629133,963078,1592211,36509,60865,97374,63350,107882,171232,89608,133928,223536,134536,173412,307948,122666,163276,285942,113736,175576,289312,60182,120183,180365,8546,27956,36502
2021-06-20,629143,963088,1592231,36511,60867,97378,63353,107883,171236,89611,133932,223543,134537,173414,307951,122666,163277,285943,113737,175576,289313,60182,120183,180365,8546,27956,36502
2021-06-21,635182,969225,1604407,36538,60892,97430,63395,107940,171335,94673,138944,233617,135194,174041,309235,122823,163467,286290,113806,175673,289479,60201,120275,180476,8552,27993,36545
2021-06-22,640298,974447,1614745,36696,61152,97848,63610,108228,171838,97028,141165,238193,136928,175550,312478,123268,163951,287219,113954,175888,289842,60243,120437,180680,8571,28076,36647
2021-06-23,649915,984082,1633997,36840,61395,98235,63803,108593,172396,104923,148729,253652,138035,176478,314513,123410,164176,287586,114021,176006,290027,60298,120568,180866,8585,28137,36722
2021-06-24,665350,1003556,1668906,37048,61805,98853,64449,112768,177217,118024,161752,279776,139117,177668,316785,123642,164491,288133,114150,176221,290371,60330,120675,181005,8590,28176,36766
2021-06-25,678281,1022382,1700663,37453,62997,100450,65174,115811,180985,122865,166693,289558,140091,178788,318879,128222,170719,298941,115328,177874,293202,60522,121182,181704,8626,28318,36944
2021-06-26,687628,1034442,1722070,37492,63039,100531,65215,115867,181082,123711,167534,291245,140659,179491,320150,135092,179474,314566,116123,179095,295218,60682,121523,182205,8654,28419,37073
2021-06-27,695805,1043487,1739292,37558,63150,100708,65294,116010,181304,127241,171142,298383,143448,182311,325759,136148,180715,316863,116674,179928,296602,60770,121764,182534,8672,28467,37139
2021-06-28,713123,1063250,1776373,38259,64824,103083,65907,118430,184337,141090,184062,325152,144708,183600,328308,136847,181733,318580,116819,180188,297007,60810,121873,182683,8683,28540,37223
2021-06-29,731418,1081957,1813375,38463,65183,103646,66371,119255,185626,156873,198994,355867,145467,184392,329859,137562,182788,320350,117065,180611,297676,60920,122111,183031,8697,28623,37320
2021-06-30,751069,1101321,1852390,38632,65396,104028,71545,124176,195721,169167,210670,379837,146152,185056,331208,138738,184322,323060,117170,180805,297975,60957,122208,183165,8708,28688,37396
2021-07-01,763880,1114776,1878656,38748,65625,104373,76380,128948,205328,174730,215922,390652,147114,186121,333235,139549,185428,324977,117527,181382,298909,61098,122536,183634,8734,28814,37548
2021-07-02,773780,1133133,1906913,39339,66827,106166,78738,132723,211461,176258,217665,393923,147472,186652,334124,140382,186822,327204,118177,182588,300765,64203,129422,193625,9211,30434,39645
2021-07-03,784732,1145479,1930211,39363,66871,106234,84795,138057,222852,178816,220400,399216,147975,187230,335205,140797,187367,328164,118515,183218,301733,65132,131401,196533,9339,30935,40274
2021-07-04,795184,1155837,1951021,39879,67718,107597,93995,146517,240512,179224,220872,400096,148111,187356,335467,140889,187500,328389,118575,183299,301874,65161,131556,196717,9350,31019,40369
2021-07-05,800271,1161382,1961653,40152,68132,108284,97535,149534,247069,179475,221159,400634,148250,187491,335741,141210,187965,329175,118814,183712,302526,65442,132174,197616,9393,31215,40608
2021-07-06,813324,1173611,1986935,40583,68809,109392,109174,159393,268567,179754,221490,401244,148442,187739,336181,141392,188182,329574,118919,183933,302852,65630,132678,198308,9430,31387,40817
2021-07-07,819029,1179957,1998986,40752,68971,109723,113138,162986,276124,180434,222428,402862,148699,188147,336846,141542,188407,329949,119072,184246,303318,65914,133229,199143,9478,31543,41021
2021-07-08,837892,1196297,2034189,41125,69506,110631,128197,175315,303512,182732,224503,407235,149417,188883,338300,141825,188767,330592,119143,184373,303516,65960,133364,199324,9493,31586,41079
2021-07-09,850761,1209345,2060106,41801,70233,112034,136894,183557,320451,184953,226706,411659,150258,189721,339979,142094,189183,331277,119282,184896,304178,65982,133442,199424,9497,31607,41104
2021-07-10,861565,1220835,2082400,43265,71999,115264,144861,191395,336256,185337,227139,412476,150440,189955,340395,142558,189735,332293,119537,185319,304856,66059,133636,199695,9508,31657,41165
2021-07-11,863726,1224498,2088224,43524,72362,115886,145932,192685,338617,185501,227521,413022,150512,190156,340668,142582,189775,332357,119649,185525,305174,66465,134600,201065,9561,31874,41435
2021-07-12,881728,1240524,2122252,46583,75317,121900,159930,204444,364374,185947,228057,414004,150745,190435,341180,142690,189950,332640,119709,185652,305361,66546,134747,201293,9578,31922,41500
2021-07-13,892074,1249342,2141416,48369,76959,125328,167293,210446,377739,186708,228697,415405,151020,190716,341736,142790,190059,332849,119750,185718,305468,66560,134795,201355,9584,31952,41536
2021-07-14,895574,1252672,2148246,49010,77683,126693,169582,212357,381939,187020,229068,416088,151183,190885,342068,142847,190122,332969,119767,185765,305532,66575,134822,201397,9590,31970,41560
2021-07-15,909636,1272404,2182040,49442,78402,127844,170885,214745,385630,193913,236142,430055,152396,193261,345657,143563,191267,334830,122339,189547,311886,67384,136606,203990,9714,32434,42148
2021-07-16,923537,1292231,2215768,49792,78834,128626,171923,217755,389678,201201,244221,445422,152899,193947,346846,143715,191466,335181,126428,195603,322031,67794,137680,205474,9785,32725,42510
2021-07-17,935795,1305734,2241529,51221,80587,131808,177078,223168,400246,205468,248714,454182,153684,194804,348488,143963,191731,335694,126723,196108,322831,67858,137852,205710,9800,32770,42570
2021-07-18,947048,1317752,2264800,54232,84391,138623,180000,225818,405818,209092,252342,461434,155127,196267,351394,144130,191967,336097,126787,196246,323033,67877,137930,205807,9803,32791,42594
2021-07-19,963752,1335806,2299558,56947,87714,144661,181484,228407,409891,219953,262369,482322,156233,197373,353606,144331,192196,336527,126919,196461,323380,68034,138367,206401,9851,32919,42770
2021-07-20,982307,1355554,2337861,64419,96231,160650,184027,231317,415344,227312,269118,496430,156960,198147,355107,144526,192436,336962,127075,196761,323836,68119,138564,206683,9869,32980,42849
2021-07-21,1000947,1374446,2375393,78391,110294,188685,187353,234638,421991,228003,269843,497846,157296,198471,355767,144683,192592,337275,127202,196989,324191,68143,138615,206758,9876,33004,42880
2021-07-22,1020017,1391943,2411960,91404,121943,213347,191453,238246,429699,229179,271014,500193,157800,199086,356886,144851,192833,337684,127273,197085,324358,68172,138694,206866,9885,33042,42927
2021-07-23,1035568,1409549,2445117,97370,129083,226453,194267,241149,435416,234842,277068,511910,158588,200035,358623,145055,193136,338191,127355,197219,324574,68203,138781,206984,9888,33078,42966
2021-07-24,1049847,1424198,2474045,98110,130062,228172,194759,241609,436368,240517,282533,523050,165523,207127,372650,145314,193460,338774,127449,197341,324790,68281,138938,207219,9894,33128,43022
2021-07-25,1061460,1438058,2499518,105023,139162,244185,197689,244383,442072,241418,283566,524984,166144,207749,373893,145509,193667,339176,127483,197398,324881,68296,138979,207275,9898,33154,43052
2021-07-26,1079064,1459968,2539032,110578,146174,256752,202128,250083,452211,246012,288987,534999,168569,210493,379062,145883,194186,340069,127630,197710,325340,68358,139128,207486,9906,33207,43113
2021-07-27,1094381,1478858,2573239,117680,154481,272161,205124,253934,459058,248834,292611,541445,169819,211979,381798,146690,195090,341780,127865,198113,325978,68444,139375,207819,9925,33275,43200
2021-07-28,1112210,1499367,2611577,132978,171660,304638,206410,255426,461836,249566,293647,543213,170138,212450,382588,146823,195266,342089,127899,198199,326098,68462,139422,207884,9934,33297,43231
2021-07-29,1131262,1517647,2648909,148187,185929,334116,208432,257320,465752,250639,294881,545520,170627,212984,383611,146992,195447,342439,127965,198276,326241,68479,139476,207955,9941,33334,43275
2021-07-30,1147888,1534072,2681960,153990,191284,345274,214513,263215,477728,254005,298349,552354,171673,214160,385833,147223,195733,342956,128026,198421,326447,68513,139534,208047,9945,33376,43321
2021-07-31,1162400,1545327,2707727,155617,193011,348628,222207,269858,492065,258293,300376,558669,172304,214655,386959,147420,195925,343345,128075,198500,326575,68533,139595,208128,9951,33407,43358
2021-08-01,1168774,1553116,2721890,157047,194912,351959,225038,273359,498397,259675,301812,561487,172784,215201,387985,147605,196160,343765,128122,198595,326717,68549,139646,208195,9954,33431,43385
2021-08-02,1187444,1571265,2758709,160022,198267,358289,236205,283254,519459,263261,305537,568798,173473,215958,389431,147779,196396,344175,128179,198699,326878,68565,139703,208268,9960,33451,43411
2021-08-03,1203935,1586676,2790611,168101,205622,373723,239184,285953,525137,265847,307732,573579,175953,218666,394619,148069,196675,344744,128234,198793,327027,68580,139760,208340,9967,33475,43442
2021-08-04,1216920,1601949,2818869,170092,208182,378274,241932,288819,530751,267467,309748,577215,182300,226096,408396,148257,196912,345169,128302,198891,327193,68600,139808,208408,9970,33493,43463
2021-08-05,1226109,1610910,2837019,173811,211670,385481,245544,292216,537760,268736,311036,579772,182727,226595,409322,148381,197067,345448,128329,198977,327306,68610,139838,208448,9971,33511,43482
2021-08-06,1230582,1616291,2846873,174483,212457,386940,246416,293004,539420,269105,311387,580492,182937,226843,409780,149497,198540,348037,129531,200638,330169,68638,139895,208533,9975,33527,43502
2021-08-07,1240868,1630769,2871637,175582,213365,388947,246486,293075,539561,269163,311460,580623,182997,226907,409904,150803,200426,351229,137120,211891,349011,68727,140072,208799,9990,33573,43563
2021-08-08,1249980,1643753,2893733,175590,213384,388974,246500,293093,539593,269175,311476,580651,183025,226969,409994,156104,207684,363788,140741,217251,357992,68837,140285,209122,10008,33611,43619
2021-08-09,1264286,1663474,2927760,175733,213545,389278,246723,293317,540040,269353,311714,581067,184070,228504,412574,166727,222292,389019,142741,219941,362682,68930,140504,209434,10009,33657,43666
2021-08-10,1278707,1682552,2961259,176097,213978,390075,247234,293859,541093,270542,312554,583096,185423,230317,415740,174018,232118,406136,146314,225267,371581,69050,140747,209797,10029,33712,43741
2021-08-11,1293751,1699224,2992975,177427,215099,392526,247525,294311,541836,270848,312986,583834,187856,232948,420804,182872,241215,424087,148002,227921,375923,69176,140976,210152,10045,33768,43813
2021-08-12,1303436,1712192,3015628,177816,215534,393350,247781,294600,542381,271081,313264,584345,189671,235227,424898,186607,245536,432143,151114,232920,384034,69296,141274,210570,10070,33837,43907
2021-08-13,1316570,1730440,3047010,177939,215667,393606,247970,294788,542758,271231,313457,584688,190047,235680,425727,192231,252537,444768,157438,242292,399730,69595,142000,211595,10119,34019,44138
2021-08-14,1325036,1743196,3068232,178032,215806,393838,248135,295011,543146,271396,313770,585166,191651,237864,429515,197781,260727,458508,158225,243691,401916,69678,142244,211922,10138,34083,44221
2021-08-15,1336752,1755898,3092650,178512,216373,394885,248954,296000,544954,272826,315202,588028,198395,244909,443304,199490,262366,461856,158663,244458,403121,69756,142438,212194,10156,34152,44308
2021-08-16,1346196,1767873,3114069,179943,217973,397916,250100,297261,547361,275348,318147,593495,200316,247283,447599,200598,263788,464386,159818,246383,406201,69888,142792,212680,10185,34246,44431
2021-08-17,1362435,1781966,3144401,187527,224639,412166,256381,302750,559131,276733,319368,596101,201111,247702,448813,200739,263970,464709,159852,246451,406303,69902,142834,212736,10190,34252,44442
2021-08-18,1373944,1794357,3168301,192397,229247,421644,257802,304510,562312,277936,320751,598687,202868,249585,452453,202445,265687,468132,160328,247285,407613,69969,142997,212966,10199,34295,44494
2021-08-19,1379978,1800620,3180598,194823,231551,426374,258620,305313,563933,278413,321338,599751,204321,250987,455308,203034,266343,469377,160560,247697,408257,70003,143075,213078,10204,34316,44520
2021-08-20,1393299,1813045,3206344,197336,234125,431461,260151,306476,566627,279640,322348,601988,212070,258194,470264,203244,266597,469841,160629,247848,408477,70022,143128,213150,10207,34329,44536
2021-08-21,1402719,1825249,3227968,198928,236249,435177,262429,309835,572264,281847,325294,607141,214919,261298,476217,203624,267020,470644,160718,248006,408724,70042,143196,213238,10212,34351,44563
2021-08-22,1412687,1836516,3249203,200474,238205,438679,267700,315343,583043,283597,327413,611010,215886,262424,478310,203974,267438,471412,160786,248115,408901,70056,143225,213281,10214,34353,44567
2021-08-23,1430070,1852267,3282337,207843,245158,453001,275442,321662,597104,284922,328762,613684,216562,263146,479708,204184,267689,471873,160833,248215,409048,70069,143264,213333,10215,34371,44586
2021-08-24,1442591,1865534,3308125,216870,254433,471303,277366,323478,600844,285729,329720,615449,217110,263909,481019,204352,267969,472321,160869,248326,409195,70076,143310,213386,10219,34389,44608
2021-08-25,1458369,1881402,3339771,219244,256848,476092,278547,325028,603575,292507,336134,628641,222005,268662,490667,204763,268442,473205,160974,248478,409452,70105,143392,213497,10224,34418,44642
2021-08-26,1473568,1899144,3372712,221158,259339,480497,279482,326344,605826,293092,336976,630068,225754,272349,498103,211492,275349,486841,162088,250436,412524,70245,143821,214066,10257,34530,44787
2021-08-27,1492111,1917302,3409413,232123,270197,502320,282891,329125,612016,294108,338019,632127,228196,274871,503067,212053,276012,488065,162205,250630,412835,70273,143892,214165,10262,34556,44818
2021-08-28,1503232,1930685,3433917,240332,280710,521042,284555,330578,615133,294889,338742,633631,228532,275323,503855,212137,276128,488265,162242,250720,412962,70281,143922,214203,10264,34562,44826
2021-08-29,1514753,1943556,3458309,241315,281989,523304,285111,331295,616406,296925,340857,637782,235981,283361,519342,212461,276545,489006,162363,250953,413316,70328,143980,214308,10269,34576,44845
2021-08-30,1530846,1960419,3491265,245376,285684,531060,287485,333617,621102,300120,343850,643970,239901,287332,527233,214121,278681,492802,163116,252260,415376,70445,144327,214772,10282,34668,44950
2021-08-31,1546599,1977915,3524514,256564,298441,555005,289536,335498,625034,301721,345521,647242,240546,288063,528609,214301,278945,493246,163182,252376,415558,70462,144383,214845,10287,34688,44975
2021-09-01,1562692,1995094,3557786,271038,312852,583890,290151,336162,626313,302110,346039,648149,240816,288540,529356,214541,279685,494226,163272,252664,415936,70476,144453,214929,10288,34699,44987
2021-09-02,1578698,2014210,3592908,280777,322602,603379,291697,338540,630237,304768,349901,654669,242336,290870,533206,214906,280187,495093,163427,252880,416307,70496,144522,215018,10291,34708,44999
2021-09-03,1593455,2031489,3624944,286891,328754,615645,293345,340295,633640,309110,355672,664782,243964,293029,536993,215735,281244,496979,163590,253167,416757,70526,144596,215122,10294,34732,45026
2021-09-04,1605661,2043596,3649257,290202,332073,622275,296797,343490,640287,313853,360448,674301,244500,293569,538069,215851,281411,497262,163630,253240,416870,70532,144629,215161,10296,34736,45032
2021-09-05,1617957,2055760,3673717,291468,333418,624886,299229,345802,645031,321516,367978,689494,245266,294306,539572,215975,281588,497563,163668,253280,416948,70538,144646,215184,10297,34742,45039
2021-09-06,1634299,2071810,3706109,293070,334921,627991,299904,346560,646464,332411,378766,711177,247895,296573,544468,216394,282099,498493,163762,253428,417190,70558,144708,215266,10305,34755,45060
2021-09-07,1652532,2092082,3744614,294043,336296,630339,301591,349092,650683,340557,386416,726973,251565,300413,551978,219363,285563,504926,164426,254463,418889,70655,145017,215672,10332,34822,45154
2021-09-08,1663159,2102774,3765933,296583,338519,635102,304312,351646,655958,343611,389596,733207,253046,302039,555085,219986,286233,506219,164593,254741,419334,70691,145139,215830,10337,34861,45198
2021-09-09,1678488,2117942,3796430,299078,341164,640242,313589,360131,673720,345819,392005,737824,254117,303227,557344,220200,286500,506700,164641,254835,419476,70704,145207,215911,10340,34873,45213
2021-09-10,1683551,2123397,3806948,301360,343344,644704,314374,361098,675472,346207,392434,738641,255314,304537,559851,220530,286907,507437,164704,254957,419661,70720,145243,215963,10342,34877,45219
2021-09-11,1686958,2126673,3813631,302047,344031,646078,316034,362498,678532,346467,392734,739201,256009,305296,561305,220605,286987,507592,164732,254989,419721,70722,145258,215980,10342,34880,45222
2021-09-12,1687822,2127656,3815478,302265,344315,646580,316379,362832,679211,346654,392951,739605,256100,305408,561508,220623,287007,507630,164737,255002,419739,70722,145260,215982,10342,34881,45223
2021-09-13,1695239,2134958,3830197,306632,348851,655483,319026,365149,684175,346865,393178,740043,256220,305532,561752,220662,287045,507707,164755,255026,419781,70731,145285,216016,10348,34892,45240
2021-09-14,1701740,2142579,3844319,307133,349457,656590,319442,365621,685063,347256,393633,740889,260478,310061,570539,221415,288296,509711,164909,255247,420156,70756,145350,216106,10351,34914,45265
2021-09-15,1719373,2162561,3881934,308285,351044,659329,321090,367940,689030,350655,397507,748162,269195,318916,588111,223809,291052,514861,165143,255661,420804,70827,145488,216315,10369,34953,45322
2021-09-16,1736056,2181588,3917644,310678,354459,665137,330699,378073,708772,353064,400101,753165,270561,320598,591159,224538,291888,516426,165275,255910,421185,70864,145583,216447,10377,34976,45353
2021-09-17,1750101,2195854,3945955,319124,363062,682186,333854,381003,714857,354373,401440,755813,271359,321473,592832,224770,292191,516961,165354,256039,421393,70885,145651,216536,10382,34995,45377
2021-09-18,1762356,2209081,3971437,327766,372069,699835,335978,383210,719188,355285,402583,757868,271811,322075,593886,224866,292365,517231,165373,256100,421473,70893,145679,216572,10384,35000,45384
2021-09-19,1771564,2218450,3990014,333084,377167,710251,338112,385362,723474,356323,403731,760054,272326,322638,594964,224997,292554,517551,165427,256238,421665,70910,145743,216653,10385,35017,45402
2021-09-20,1778815,2225413,4004228,336557,380506,717063,340326,387235,727561,357188,404648,761836,272760,323091,595851,225172,292760,517932,165504,256365,421869,70920,145783,216703,10388,35025,45413
2021-09-21,1791242,2236999,4028241,346631,389845,736476,341680,388321,730001,357741,405194,762935,273054,323441,596495,225279,292930,518209,165535,256426,421961,70931,145806,216737,10391,35036,45427
2021-09-22,1799922,2244864,4044786,352205,394735,746940,343694,389959,733653,358323,405798,764121,273350,323807,597157,225412,293099,518511,165596,256554,422150,70947,145853,216800,10395,35059,45454
2021-09-23,1805771,2250845,4056616,356176,398821,754997,344776,390926,735702,358775,406264,765039,273585,324078,597663,225469,293196,518665,165637,256610,422247,70958,145883,216841,10395,35067,45462
2021-09-24,1811559,2256798,4068357,359155,401885,761040,346016,392159,738175,359762,407207,766969,274013,324521,598534,225572,293342,518914,165676,256680,422356,70968,145921,216889,10397,35083,45480
2021-09-25,1815258,2259883,4075141,360293,402821,763114,347347,393007,740354,360339,407819,768158,274515,325058,599573,225696,293451,519147,165694,256707,422401,70976,145932,216908,10398,35088,45486
2021-09-26,1827578,2271158,4098736,360981,403595,764576,348978,394676,743654,365419,412274,777693,279048,328880,607928,226016,293828,519844,165748,256814,422562,70988,145992,216980,10400,35099,45499
2021-09-27,1839613,2282289,4121902,362909,405882,768791,354443,399451,753894,368608,414952,783560,280244,329855,610099,226204,294079,520283,165794,256903,422697,71010,146048,217058,10401,35119,45520
2021-09-28,1853737,2296338,4150075,363928,406854,770782,364171,407736,771907,369863,416379,786242,281051,330809,611860,226762,294856,521618,166397,258028,424425,71148,146457,217605,10417,35219,45636
2021-09-29,1862538,2304990,4167528,366511,409630,776141,368601,411549,780150,370746,417266,788012,281601,331377,612978,226968,295105,522073,166510,258254,424764,71184,146561,217745,10417,35248,45665
2021-09-30,1871156,2314941,4186097,371905,415426,787331,369722,412935,782657,371809,418242,790051,282342,332455,614797,227195,295585,522780,166566,258416,424982,71199,146624,217823,10418,35258,45676
2021-10-01,1876861,2320578,4197439,374837,418459,793296,370981,414176,785157,372671,418959,791630,282838,332879,615717,227316,295716,523032,166596,258472,425068,71204,146653,217857,10418,35264,45682
2021-10-02,1879733,2323394,4203127,376024,419684,795708,371829,414900,786729,373161,419432,792593,283080,333094,616174,227390,295813,523203,166617,258521,425138,71213,146679,217892,10419,35271,45690
2021-10-03,1882950,2326192,4209142,377546,421017,798563,372844,415649,788493,373572,419788,793360,283240,333274,616514,227471,295922,523393,166636,258567,425203,71221,146700,217921,10420,35275,45695
2021-10-04,1888718,2331729,4220447,380065,423365,803430,374713,417229,791942,374306,420515,794821,283653,333743,617396,227633,296178,523811,166690,258668,425358,71234,146741,217975,10424,35290,45714
2021-10-05,1892177,2335136,4227313,381467,424806,806273,375674,418058,793732,374899,421089,795988,284012,334129,618141,227744,296286,524030,166713,258704,425417,71242,146766,218008,10426,35298,45724
2021-10-06,1899417,2342527,4241944,387068,430634,817702,376425,418690,795115,375380,421537,796917,284277,334416,618693,227840,296397,524237,166744,258747,425491,71254,146795,218049,10429,35311,45740
2021-10-07,1902508,2345578,4248086,388397,431805,820202,377280,419485,796765,375796,421977,797773,284607,334802,619409,227965,296563,524528,166772,258806,425578,71257,146820,218077,10434,35320,45754
2021-10-08,1913192,2356049,4269241,389063,432724,821787,383459,424957,808416,377007,423285,800292,285998,336279,622277,229135,297721,526856,166821,258896,425717,71274,146861,218135,10435,35326,45761
2021-10-09,1923035,2365733,4288768,389685,433475,823160,387950,428929,816879,378243,424534,802777,288270,338632,626902,230302,298944,529246,166864,258991,425855,71286,146895,218181,10435,35333,45768
2021-10-10,1930042,2372912,4302954,390127,434098,824225,391533,432251,823784,379029,425426,804455,289607,339991,629598,231125,299836,530961,166889,259052,425941,71296,146919,218215,10436,35339,45775
2021-10-11,1934692,2377458,4312150,392721,436520,829241,392607,433295,825902,379604,425958,805562,289884,340301,630185,231209,299960,531169,166924,259119,426043,71306,146962,218268,10437,35343,45780
2021-10-12,1945676,2387749,4333425,399548,442653,842201,394002,434614,828616,380901,427298,808199,290830,341254,632084,231643,300384,532027,166993,259206,426199,71321,146990,218311,10438,35350,45788
2021-10-13,1962276,2405271,4367547,414729,458523,873252,394450,435091,829541,381340,427766,809106,291183,341700,632883,231788,300564,532352,167012,259243,426255,71333,147017,218350,10441,35367,45808
2021-10-14,1975449,2418351,4393800,424478,467997,892475,396185,436815,833000,382223,428664,810887,291714,342315,634029,231986,300793,532779,167069,259324,426393,71349,147064,218413,10445,35379,45824
2021-10-15,1988434,2430892,4419326,431981,474750,906731,399401,439838,839239,383556,430040,813596,292344,343146,635490,232204,301175,533379,167137,259441,426578,71365,147108,218473,10446,35394,45840
2021-10-16,1997220,2439856,4437076,438373,481044,919417,400698,441167,841865,384188,430780,814968,292653,343497,636150,232323,301328,533651,167167,259505,426672,71372,147131,218503,10446,35404,45850
2021-10-17,2000347,2443433,4443780,440479,483275,923754,401121,441698,842819,384473,431130,815603,292854,343765,636619,232411,301448,533859,167187,259554,426741,71375,147154,218529,10447,35409,45856
2021-10-18,2012556,2455247,4467803,450221,492772,942993,402121,442560,844681,385304,431840,817144,293334,344235,637569,232543,301645,534188,167206,259596,426802,71380,147177,218557,10447,35422,45869
2021-10-19,2021815,2464107,4485922,456023,498334,954357,403678,443908,847586,386327,432831,819158,293871,344791,638662,232837,301964,534801,167239,259653,426892,71392,147195,218587,10448,35431,45879
2021-10-20,2030806,2472719,4503525,463150,505190,968340,404519,444637,849156,386914,433379,820293,294164,345077,639241,232949,302081,535030,167260,259702,426962,71399,147216,218615,10451,35437,45888
2021-10-21,2041665,2483961,4525626,471738,514260,985998,405573,445539,851112,387500,433917,821417,294533,345443,639976,233146,302309,535455,167297,259766,427063,71425,147265,218690,10453,35462,45915
2021-10-22,2055500,2498582,4554082,482681,525606,1008287,406944,446928,853872,388186,434719,822905,295120,346100,641220,233337,302573,535910,167340,259863,427203,71439,147321,218760,10453,35472,45925
2021-10-23,2064215,2507382,4571597,490143,533149,1023292,407633,447594,855227,388444,435003,823447,295298,346264,641562,233428,302658,536086,167363,259898,427261,71449,147338,218787,10457,35478,45935
2021-10-24,2073378,2516522,4589900,498840,541777,1040617,407825,447793,855618,388570,435146,823716,295377,346345,641722,233477,302716,536193,167376,259919,427295,71454,147345,218799,10459,35481,45940
2021-10-25,2083341,2526833,4610174,506875,549681,1056556,408680,448672,857352,389170,435839,825009,295676,346764,642440,233591,302943,536534,167420,260039,427459,71467,147401,218868,10462,35494,45956
2021-10-26,2095129,2538289,4633418,517219,559749,1076968,409451,449351,858802,389503,436184,825687,295886,346960,642846,233678,303022,536700,167449,260081,427530,71479,147432,218911,10464,35510,45974
2021-10-27,2107574,2550954,4658528,528408,571081,1099489,410018,449925,859943,389875,436555,826430,296091,347171,643262,233753,303131,536884,167481,260127,427608,71484,147451,218935,10464,35513,45977
2021-10-28,2120371,2563909,4684280,539710,582454,1122164,410692,450552,861244,390292,436981,827273,296350,347449,643799,233849,303274,537123,167517,260184,427701,71492,147486,218978,10469,35529,45998
2021-10-29,2132878,2576391,4709269,551314,594016,1145330,411174,450985,862159,390507,437222,827729,296474,347569,644043,233910,303335,537245,167531,260216,427747,71498,147510,219008,10470,35538,46008
2021-10-30,2141461,2585081,4726542,559270,602062,1161332,411514,451297,862811,390662,437387,828049,296559,347658,644217,233950,303382,537332,167536,260238,427774,71500,147517,219017,10470,35540,46010
2021-10-31,2149516,2592989,4742505,566645,609324,1175969,411851,451640,863491,390845,437538,828383,296660,347743,644403,233986,303417,537403,167552,260261,427813,71505,147524,219029,10472,35542,46014
2021-11-01,2157486,2600150,4757636,571249,613720,1184969,414150,453335,867485,391482,438059,829541,296941,348045,644986,234107,303573,537680,167577,260327,427904,71508,147540,219048,10472,35551,46023
2021-11-02,2161441,2604095,4765536,573727,615938,1189665,415004,454188,869192,391816,438477,830293,297131,348300,645431,234174,303691,537865,167591,260373,427964,71516,147565,219081,10482,35563,46045
2021-11-03,2170898,2614194,4785092,582554,625408,1207962,415285,454436,869721,392001,438642,830643,297240,348409,645649,234210,303749,537959,167602,260399,428001,71523,147581,219104,10483,35570,46053
2021-11-04,2180596,2623962,4804558,591674,634530,1226204,415536,454712,870248,392167,438793,830960,297328,348493,645821,234249,303811,538060,167621,260445,428066,71533,147599,219132,10488,35579,46067
2021-11-05,2184515,2627476,4811991,595050,637523,1232573,415754,454929,870683,392306,438919,831225,297444,348573,646017,234290,303860,538150,167640,260468,428108,71542,147616,219158,10489,35588,46077
2021-11-06,2187820,2630761,4818581,597940,640334,1238274,415936,455112,871048,392403,439035,831438,297531,348676,646207,234324,303895,538219,167648,260490,428138,71547,147629,219176,10491,35590,46081
2021-11-07,2191053,2633888,4824941,600681,642998,1243679,416157,455315,871472,392535,439143,831678,297610,348734,646344,234360,303941,538301,167664,260514,428178,71555,147646,219201,10491,35597,46088
2021-11-08,2199945,2643042,4842987,608805,651157,1259962,416500,455708,872208,392744,439392,832136,297744,348917,646661,234417,304033,538450,167684,260571,428255,71559,147657,219216,10492,35607,46099
2021-11-09,2204072,2647209,4851281,612372,654659,1267031,416762,455986,872748,392912,439563,832475,297834,349035,646869,234448,304080,538528,167690,260602,428292,71562,147669,219231,10492,35615,46107
2021-11-10,2210035,2652750,4862785,617814,659597,1277411,417008,456243,873251,393038,439693,832731,297906,349121,647027,234501,304134,538635,167710,260644,428354,71565,147690,219255,10493,35628,46121
2021-11-11,2215030,2657522,4872552,622122,663652,1285774,417323,456499,873822,393207,439866,833073,298009,349249,647258,234545,304203,538748,167741,260693,428434,71586,147724,219310,10497,35636,46133
2021-11-12,2222583,2665158,4887741,628986,670538,1299524,417577,456752,874329,393426,440092,833518,298126,349355,647481,234607,304292,538899,167765,260740,428505,71594,147744,219338,10502,35645,46147
2021-11-13,2223777,2666244,4890021,630146,671595,1301741,417589,456762,874351,393438,440099,833537,298131,349362,647493,234610,304296,538906,167765,260741,428506,71595,147744,219339,10503,35645,46148
2021-11-14,2225167,2667616,4892783,631519,672955,1304474,417596,456769,874365,393444,440102,833546,298135,349362,647497,234610,304298,538908,167765,260741,428506,71595,147744,219339,10503,35645,46148
2021-11-15,2231912,2674396,4906308,637559,678968,1316527,417844,457047,874891,393685,440347,834032,298304,349524,647828,234644,304338,538982,167774,260767,428541,71599,147758,219357,10503,35647,46150
2021-11-16,2241980,2684144,4926124,645229,686579,1331808,418888,457906,876794,394553,441084,835637,298616,349825,648441,234776,304493,539269,167806,260812,428618,71607,147789,219396,10505,35656,46161
2021-11-17,2253971,2695875,4949846,656633,697671,1354304,419210,458190,877400,394683,441238,835921,298705,349927,648632,234803,304537,539340,167815,260840,428655,71611,147806,219417,10511,35666,46177
2021-11-18,2265559,2707216,4972775,667696,708465,1376161,419445,458404,877849,394840,441391,836231,298792,350017,648809,234835,304581,539416,167824,260858,428682,71614,147822,219436,10513,35678,46191
2021-11-19,2276723,2718077,4994800,677968,718368,1396336,419857,458803,878660,395069,441627,836696,298945,350195,649140,234898,304659,539557,167852,260896,428748,71621,147842,219463,10513,35687,46200
2021-11-20,2280403,2721980,5002383,681282,721864,1403146,419997,458937,878934,395171,441744,836915,299023,350269,649292,234922,304707,539629,167865,260917,428782,71628,147853,219481,10515,35689,46204
2021-11-21,2284211,2725880,5010091,684584,725218,1409802,420174,459118,879292,395307,441899,837206,299144,350396,649540,234972,304759,539731,167879,260936,428815,71634,147861,219495,10517,35693,46210
2021-11-22,2288970,2730705,5019675,688835,729497,1418332,420388,459344,879732,395451,442025,837476,299243,350505,649748,235009,304796,539805,167889,260964,428853,71637,147874,219511,10518,35700,46218
2021-11-23,2296486,2738258,5034744,695479,736183,1431662,420796,459723,880519,395683,442243,837926,299402,350664,650066,235055,304861,539916,167907,260988,428895,71644,147890,219534,10520,35706,46226
2021-11-24,2304979,2746520,5051499,703078,743587,1446665,421244,460097,881341,395926,442464,838390,299539,350813,650352,235093,304925,540018,167924,261015,428939,71652,147908,219560,10523,35711,46234
2021-11-25,2307531,2748972,5056503,705000,745388,1450388,421594,460374,881968,396077,442649,838726,299601,350896,650497,235131,304976,540107,167939,261039,428978,71661,147935,219596,10528,35715,46243
2021-11-26,2313756,2755086,5068842,710175,750488,1460663,422051,460799,882850,396379,442922,839301,299786,351050,650836,235193,305065,540258,167968,261084,429052,71674,147953,219627,10530,35725,46255
2021-11-27,2318821,2760170,5078991,714724,754969,1469693,422249,461011,883260,396519,443075,839594,299897,351178,651075,235236,305124,540360,167984,261111,429095,71678,147969,219647,10534,35733,46267
2021-11-28,2323631,2764728,5088359,719077,759051,1478128,422475,461243,883718,396633,443200,839833,299961,351241,651202,235275,305149,540424,167993,261132,429125,71683,147977,219660,10534,35735,46269
2021-11-29,2328334,2769431,5097765,722992,762947,1485939,422874,461638,884512,396863,443416,840279,300073,351341,651414,235306,305207,540513,168003,261155,429158,71687,147985,219672,10536,35742,46278
2021-11-30,2334115,2775156,5109271,727735,767573,1495308,423450,462193,885643,397108,443642,840750,300190,351490,651680,235376,305303,540679,168023,261200,429223,71694,148002,219696,10539,35753,46292
2021-12-01,2341256,2781923,5123179,733955,773343,1507298,423887,462599,886486,397338,443873,841211,300353,351660,652013,235434,305412,540846,168048,261249,429297,71701,148024,219725,10540,35763,46303
2021-12-02,2348504,2789311,5137815,740096,779402,1519498,424405,463086,887491,397706,444285,841991,300487,351894,652381,235491,305502,540993,168072,261314,429386,71706,148052,219758,10541,35776,46317
2021-12-03,2350896,2791627,5142523,741899,781113,1523012,424704,463375,888079,397844,444416,842260,300564,351980,652544,235544,305554,541098,168090,261345,429435,71709,148065,219774,10542,35779,46321
2021-12-04,2353427,2794193,5147620,744080,783325,1527405,424841,463509,888350,397950,444503,842453,300616,352044,652660,235578,305590,541168,168106,261365,429471,71714,148073,219787,10542,35784,46326
2021-12-05,2355397,2796214,5151611,745718,784965,1530683,425011,463675,888686,398023,444593,842616,300668,352106,652774,235604,305627,541231,168113,261379,429492,71717,148081,219798,10543,35788,46331
2021-12-06,2360697,2801491,5162188,750204,789352,1539556,425388,464053,889441,398259,444857,843116,300791,352245,653036,235655,305688,541343,168134,261409,429543,71722,148095,219817,10544,35792,46336
2021-12-07,2364775,2805594,5170369,753341,792466,1545807,425852,464500,890352,398508,445120,843628,300927,352374,653301,235714,305776,541490,168162,261451,429613,71725,148111,219836,10546,35796,46342
2021-12-08,2367848,2808622,5176470,755824,794926,1550750,426098,464713,890811,398656,445260,843916,301050,352487,653537,235762,305832,541594,168181,261477,429658,71729,148123,219852,10548,35804,46352
2021-12-09,2373236,2813882,5187118,760672,799582,1560254,426340,464938,891278,398800,445420,844220,301136,352585,653721,235805,305894,541699,168200,261516,429716,71734,148141,219875,10549,35806,46355
2021-12-10,2376640,2817135,5193775,763604,802307,1565911,426567,465154,891721,398918,445528,844446,301201,352676,653877,235848,305946,541794,168212,261542,429754,71741,148159,219900,10549,35823,46372
2021-12-11,2378954,2819482,5198436,765439,804177,1569616,426798,465339,892137,399026,445649,844675,301275,352767,654042,235894,305985,541879,168227,261563,429790,71746,148175,219921,10549,35827,46376
2021-12-12,2381119,2821482,5202601,767008,805615,1572623,427132,465611,892743,399172,445792,844964,301348,352846,654194,235930,306027,541957,168233,261580,429813,71747,148182,219929,10549,35829,46378
2021-12-13,2383311,2823564,5206875,768419,807004,1575423,427556,465964,893520,399365,445944,845309,301455,352947,654402,235969,306071,542040,168245,261605,429850,71752,148196,219948,10550,35833,46383
2021-12-14,2386430,2826694,5213124,770782,809362,1580144,427910,466279,894189,399570,446163,845733,301573,353051,654624,236023,306140,542163,168261,261639,429900,71759,148218,219977,10552,35842,46394
2021-12-15,2389511,2829765,5219276,773162,811700,1584862,428211,466530,894741,399763,446347,846110,301704,353199,654903,236079,306214,542293,168278,261688,429966,71761,148234,219995,10553,35853,46406
2021-12-16,2392675,2832734,5225409,775706,814098,1589804,428524,466758,895282,399922,446489,846411,301798,353293,655091,236115,306266,542381,168290,261722,430012,71766,148249,220015,10554,35859,46413
2021-12-17,2395563,2835628,5231191,778057,816358,1594415,428773,466986,895759,400061,446631,846692,301876,353420,655296,236164,306332,542496,168305,261759,430064,71771,148277,220048,10556,35865,46421
2021-12-18,2397883,2837872,5235755,779750,818003,1597753,429042,467211,896253,400237,446814,847051,301983,353509,655492,236212,306390,542602,168321,261779,430100,71781,148295,220076,10557,35871,46428
2021-12-19,2400339,2840157,5240496,781573,819709,1601282,429341,467483,896824,400418,446953,847371,302078,353601,655679,236247,306423,542670,168334,261797,430131,71789,148310,220099,10559,35881,46440
2021-12-20,2403879,2843387,5247266,784191,822078,1606269,429832,467905,897737,400661,447162,847823,302195,353706,655901,236288,306473,542761,168351,261834,430185,71798,148338,220136,10563,35891,46454
2021-12-21,2407922,2846994,5254916,787185,824769,1611954,430372,468350,898722,400943,447382,848325,302347,353866,656213,236339,306516,542855,168367,261852,430219,71804,148356,220160,10565,35903,46468
2021-12-22,2412218,2850987,5263205,790549,827791,1618340,430784,468716,899500,401192,447639,848831,302511,354019,656530,236407,306628,543035,168399,261905,430304,71808,148374,220182,10568,35915,46483
2021-12-23,2416096,2854726,5270822,793579,830650,1624229,431213,469096,900309,401431,447880,849311,302634,354149,656783,236448,306694,543142,168412,261942,430354,71811,148394,220205,10568,35921,46489
2021-12-24,2417190,2855689,5272879,794313,831323,1625636,431382,469222,900604,401523,447967,849490,302701,354189,656890,236469,306711,543180,168420,261950,430370,71812,148401,220213,10570,35926,46496
2021-12-25,2417194,2855702,5272896,794313,831324,1625637,431382,469222,900604,401523,447967,849490,302701,354189,656890,236469,306714,543183,168423,261950,430373,71812,148407,220219,10571,35929,46500
2021-12-26,2419399,2857865,5277264,795990,832934,1628924,431635,469492,901127,401675,448123,849798,302781,354246,657027,236496,306747,543243,168433,261972,430405,71817,148416,220233,10572,35935,46507
2021-12-27,2423709,2861731,5285440,798958,835506,1634464,432293,470075,902368,402071,448443,850514,302973,354465,657438,236566,306828,543394,168452,262021,430473,71822,148448,220270,10574,35945,46519
2021-12-28,2427859,2865607,5293466,801802,838183,1639985,432887,470564,903451,402425,448782,851207,303216,354657,657873,236637,306920,543557,168488,262068,430556,71829,148475,220304,10575,35958,46533
2021-12-29,2432370,2869699,5302069,805105,841210,1646315,433498,471042,904540,402775,449116,851891,303380,354788,658168,236689,306974,543663,168506,262099,430605,71839,148508,220347,10578,35962,46540
2021-12-30,2436591,2873449,5310040,808241,843966,1652207,434057,471481,905538,403057,449385,852442,303541,354924,658465,236742,307036,543778,168529,262146,430675,71846,148539,220385,10578,35972,46550
2021-12-31,2437805,2874583,5312388,809129,844769,1653898,434215,471637,905852,403167,449464,852631,303574,354978,658552,236756,307055,543811,168538,262160,430698,71848,148546,220394,10578,35974,46552
2022-01-01,2437809,2874590,5312399,809132,844774,1653906,434215,471638,905853,403168,449464,852632,303574,354978,658552,236756,307056,543812,168538,262160,430698,71848,148546,220394,10578,35974,46552
2022-01-02,2440042,2876742,5316784,810833,846378,1657211,434467,471903,906370,403316,449600,852916,303659,355058,658717,236788,307088,543876,168550,262178,430728,71851,148560,220411,10578,35977,46555
2022-01-03,2443722,2879997,5323719,813075,848403,1661478,435299,472509,907808,403646,449894,853540,303838,355228,659066,236853,307177,544030,168571,262216,430787,71861,148589,220450,10579,35981,46560
2022-01-04,2446823,2883022,5329845,815109,850356,1665465,435832,472963,908795,403928,450191,854119,304004,355396,659400,236915,307253,544168,168590,262260,430850,71864,148618,220482,10581,35985,46566
2022-01-05,2450518,2886527,5337045,817500,852642,1670142,436606,473561,910167,404207,450464,854671,304164,355569,659733,236975,307337,544312,168612,262314,430926,71872,148649,220521,10582,35991,46573
2022-01-06,2453729,2889559,5343288,819886,854829,1674715,437033,473902,910935,404417,450683,855100,304269,355680,659949,237027,307427,544454,168635,262356,430991,71877,148676,220553,10585,36006,46591
2022-01-07,2458698,2894386,5353084,823259,858090,1681349,437919,474661,912580,404805,451035,855840,304452,355882,660334,237116,307566,544682,168665,262418,431083,71891,148716,220607,10591,36018,46609
2022-01-08,2460768,2896341,5357109,824689,859489,1684178,438227,474931,913158,404983,451160,856143,304546,355963,660509,237158,307603,544761,168680,262441,431121,71894,148729,220623,10591,36025,46616
2022-01-09,2463065,2898378,5361443,826348,860966,1687314,438608,475243,913851,405126,451282,856408,304609,356024,660633,237195,307635,544830,168691,262463,431154,71895,148736,220631,10593,36029,46622
2022-01-10,2465721,2900754,5366475,828178,862642,1690820,439061,475568,914629,405333,451453,856786,304710,356110,660820,237227,307688,544915,168713,262501,431214,71903,148757,220660,10596,36035,46631
2022-01-11,2468585,2903470,5372055,830220,864528,1694748,439498,475959,915457,405560,451661,857221,304796,356222,661018,237268,307740,545008,168734,262532,431266,71910,148781,220691,10599,36047,46646
2022-01-12,2471262,2906025,5377287,832283,866457,1698740,439796,476220,916016,405739,451818,857557,304885,356296,661181,237296,307795,545091,168749,262574,431323,71914,148804,220718,10600,36061,46661
2022-01-13,2474007,2908546,5382553,834485,868454,1702939,440055,476455,916510,405884,451958,857842,304963,356367,661330,237335,307838,545173,168762,262595,431357,71921,148812,220733,10602,36067,46669
2022-01-14,2476578,2910926,5387504,836501,870359,1706860,440347,476662,917009,406030,452091,858121,305042,356428,661470,237358,307878,545236,168767,262616,431383,71930,148821,220751,10603,36071,46674
2022-01-15,2478124,2912322,5390446,837767,871509,1709276,440512,476789,917301,406093,452144,858237,305077,356462,661539,237367,307898,545265,168773,262621,431394,71932,148824,220756,10603,36075,46678
2022-01-16,2479598,2913729,5393327,838941,872636,1711577,440689,476931,917620,406162,452207,858369,305107,356502,661609,237386,307917,545303,168777,262631,431408,71933,148828,220761,10603,36077,46680
2022-01-17,2482800,2916731,5399531,841069,874582,1715651,441275,477458,918733,406409,452460,858869,305255,356638,661893,237450,307996,545446,168798,262667,431465,71939,148845,220784,10605,36085,46690
2022-01-18,2485641,2919336,5404977,842953,876274,1719227,441766,477885,919651,406690,452713,859403,305377,356755,662132,237487,308047,545534,168815,262703,431518,71944,148865,220809,10609,36094,46703
2022-01-19,2488419,2921785,5410204,844890,878034,1722924,442205,478211,920416,406910,452875,859785,305478,356855,662333,237546,308093,545639,168835,262739,431574,71945,148880,220825,10610,36098,46708
2022-01-20,2492007,2925194,5417201,847557,880548,1728105,442649,478598,921247,407126,453103,860229,305639,357007,662646,237615,308162,545777,168855,262773,431628,71955,148901,220856,10611,36102,46713
2022-01-21,2495169,2928119,5423288,849879,882647,1732526,443031,478938,921969,407381,453320,860701,305761,357126,662887,237660,308226,545886,168880,262816,431696,71962,148935,220897,10615,36111,46726
2022-01-22,2496584,2929425,5426009,850865,883543,1734408,443243,479124,922367,407510,453433,860943,305822,357184,663006,237681,308245,545926,168885,262834,431719,71963,148948,220911,10615,36114,46729
2022-01-23,2498005,2930640,5428645,851821,884393,1736214,443472,479292,922764,407653,453543,861196,305881,357221,663102,237699,308272,545971,168899,262846,431745,71964,148956,220920,10616,36117,46733
2022-01-24,2501107,2933438,5434545,853917,886249,1740166,444012,479719,923731,407917,453790,861707,305999,357350,663349,237753,308341,546094,168921,262893,431814,71970,148976,220946,10618,36120,46738
2022-01-25,2503921,2935993,5439914,855746,887940,1743686,444476,480082,924558,408180,454011,862191,306162,357497,663659,237816,308409,546225,168945,262925,431870,71978,148995,220973,10618,36134,46752
2022-01-26,2506577,2938415,5444992,857671,889713,1747384,444798,480338,925136,408396,454188,862584,306288,357624,663912,237864,308462,546326,168960,262943,431903,71980,149012,220992,10620,36135,46755
2022-01-27,2509054,2940723,5449777,859544,891474,1751018,445114,480585,925699,408572,454327,862899,306360,357711,664071,237891,308504,546395,168968,262963,431931,71984,149019,221003,10621,36140,46761
2022-01-28,2511168,2942745,5453913,861079,892905,1753984,445393,480812,926205,408731,454474,863205,306438,357818,664256,237934,308554,546488,168979,262996,431975,71990,149040,221030,10624,36146,46770
2022-01-29,2512566,2944048,5456614,862062,893785,1755847,445585,480993,926578,408853,454577,863430,306504,357882,664386,237952,308596,546548,168993,263016,432009,71993,149053,221046,10624,36146,46770
2022-01-30,2514066,2945341,5459407,863150,894746,1757896,445792,481135,926927,408973,454670,863643,306560,357932,664492,237970,308620,546590,169000,263026,432026,71997,149063,221060,10624,36149,46773
2022-01-31,2516086,2947102,5463188,864545,895924,1760469,446128,481406,927534,409134,454829,863963,306646,358010,664656,237998,308656,546654,169009,263047,432056,72002,149076,221078,10624,36154,46778
2022-02-01,2518223,2949113,5467336,865999,897273,1763272,446495,481701,928196,409316,455014,864330,306735,358096,664831,238020,308708,546728,169027,263072,432099,72007,149090,221097,10624,36159,46783
2022-02-02,2520346,2951082,5471428,867457,898605,1766062,446847,481974,928821,409477,455179,864656,306825,358183,665008,238059,308759,546818,169043,263101,432144,72013,149114,221127,10625,36167,46792
2022-02-03,2522236,2952796,5475032,868873,899880,1768753,447097,482161,929258,409592,455307,864899,306892,358233,665125,238083,308782,546865,169055,263128,432183,72017,149129,221146,10627,36176,46803
