FECHA,TotalM,TotalF,Total,<=30M,<=30F,<=30,31-40M,31-40F,31-40,41-50M,41-50F,41-50,51-60M,51-60F,51-60,61-70M,61-70F,61-70,71-80M,71-80F,71-80,81-90M,81-90F,81-90,>=91M,>=91F,>=91
2020-12-29,260,411,671,38,68,106,93,125,218,79,134,213,49,82,131,1,2,3,0,0,0,0,0,0,0,0,0
2020-12-30,560,893,1453,83,167,250,200,266,466,169,284,453,105,173,278,3,3,6,0,0,0,0,0,0,0,0,0
2020-12-31,597,937,1534,90,170,260,212,282,494,181,300,481,111,181,292,3,4,7,0,0,0,0,0,0,0,0,0
2021-01-01,597,938,1535,90,170,260,212,283,495,181,300,481,111,181,292,3,4,7,0,0,0,0,0,0,0,0,0
2021-01-02,737,1180,1917,104,198,302,266,378,644,228,366,594,135,233,368,4,5,9,0,0,0,0,0,0,0,0,0
2021-01-03,786,1279,2065,112,212,324,288,419,707,239,394,633,143,249,392,4,5,9,0,0,0,0,0,0,0,0,0
2021-01-04,1106,1803,2909,169,303,472,391,607,998,331,547,878,210,341,551,5,5,10,0,0,0,0,0,0,0,0,0
2021-01-05,1576,2533,4109,238,431,669,587,849,1436,450,765,1215,295,479,774,6,8,14,0,1,1,0,0,0,0,0,0
2021-01-06,2093,3305,5398,328,577,905,784,1084,1868,593,989,1582,381,645,1026,7,9,16,0,1,1,0,0,0,0,0,0
2021-01-07,2619,4198,6817,413,734,1147,963,1392,2355,742,1249,1991,494,813,1307,7,9,16,0,1,1,0,0,0,0,0,0
2021-01-08,3284,5376,8660,534,964,1498,1188,1794,2982,933,1588,2521,617,1017,1634,12,12,24,0,1,1,0,0,0,0,0,0
2021-01-09,3452,5648,9100,548,1004,1552,1258,1896,3154,985,1674,2659,649,1061,1710,12,12,24,0,1,1,0,0,0,0,0,0
2021-01-10,3660,6007,9667,581,1052,1633,1347,2047,3394,1038,1775,2813,680,1120,1800,14,12,26,0,1,1,0,0,0,0,0,0
2021-01-11,4317,7198,11515,692,1310,2002,1612,2448,4060,1212,2098,3310,785,1326,2111,16,15,31,0,1,1,0,0,0,0,0,0
2021-01-12,4906,8289,13195,787,1500,2287,1847,2837,4684,1362,2388,3750,893,1547,2440,17,16,33,0,1,1,0,0,0,0,0,0
2021-01-13,5371,9179,14550,866,1679,2545,2011,3160,5171,1490,2622,4112,986,1701,2687,18,16,34,0,1,1,0,0,0,0,0,0
2021-01-14,6169,10594,16763,1035,1958,2993,2303,3647,5950,1706,3016,4722,1107,1955,3062,18,17,35,0,1,1,0,0,0,0,0,0
2021-01-15,7361,12811,20172,1250,2408,3658,2768,4417,7185,2012,3628,5640,1313,2337,3650,18,20,38,0,1,1,0,0,0,0,0,0
2021-01-16,7836,13665,21501,1346,2561,3907,2944,4744,7688,2133,3870,6003,1395,2469,3864,18,20,38,0,1,1,0,0,0,0,0,0
2021-01-17,8121,14210,22331,1412,2654,4066,3057,4959,8016,2205,4023,6228,1429,2553,3982,18,20,38,0,1,1,0,0,0,0,0,0
2021-01-18,8309,14526,22835,1440,2708,4148,3118,5063,8181,2261,4126,6387,1472,2608,4080,18,20,38,0,1,1,0,0,0,0,0,0
2021-01-19,8593,14995,23588,1476,2775,4251,3199,5232,8431,2355,4271,6626,1543,2695,4238,20,21,41,0,1,1,0,0,0,0,0,0
2021-01-20,8884,15498,24382,1507,2870,4377,3308,5381,8689,2442,4429,6871,1607,2793,4400,20,24,44,0,1,1,0,0,0,0,0,0
2021-01-21,9014,15689,24703,1530,2900,4430,3353,5434,8787,2477,4494,6971,1629,2834,4463,25,25,50,0,2,2,0,0,0,0,0,0
2021-01-22,9052,15740,24792,1537,2910,4447,3368,5449,8817,2489,4511,7000,1631,2842,4473,26,26,52,1,2,3,0,0,0,0,0,0
2021-01-23,9170,15940,25110,1547,2931,4478,3413,5528,8941,2528,4571,7099,1654,2882,4536,27,26,53,1,2,3,0,0,0,0,0,0
2021-01-24,9215,16028,25243,1552,2940,4492,3434,5565,8999,2539,4597,7136,1662,2898,4560,27,26,53,1,2,3,0,0,0,0,0,0
2021-01-25,9497,16492,25989,1597,3020,4617,3518,5713,9231,2620,4741,7361,1732,2988,4720,29,28,57,1,2,3,0,0,0,0,0,0
2021-01-26,9886,17151,27037,1641,3128,4769,3666,5900,9566,2730,4960,7690,1814,3129,4943,34,32,66,1,2,3,0,0,0,0,0,0
2021-01-27,10336,17813,28149,1716,3244,4960,3836,6095,9931,2849,5155,8004,1896,3283,5179,38,34,72,1,2,3,0,0,0,0,0,0
2021-01-28,10796,18619,29415,1792,3388,5180,3988,6368,10356,2977,5380,8357,1999,3445,5444,39,36,75,1,2,3,0,0,0,0,0,0
2021-01-29,11430,19680,31110,1895,3576,5471,4229,6743,10972,3159,5687,8846,2103,3632,5735,43,40,83,1,2,3,0,0,0,0,0,0
2021-01-30,11582,19940,31522,1914,3615,5529,4288,6847,11135,3204,5764,8968,2132,3672,5804,43,40,83,1,2,3,0,0,0,0,0,0
2021-01-31,11700,20165,31865,1937,3648,5585,4330,6940,11270,3236,5824,9060,2152,3711,5863,44,40,84,1,2,3,0,0,0,0,0,0
2021-02-01,12247,21110,33357,2028,3823,5851,4555,7272,11827,3386,6079,9465,2232,3889,6121,45,44,89,1,3,4,0,0,0,0,0,0
2021-02-02,13430,23115,36545,2141,4067,6208,4844,7738,12582,3592,6518,10110,2458,4350,6808,351,408,759,38,32,70,5,2,7,1,0,1
2021-02-03,14698,25428,40126,2279,4394,6673,5168,8355,13523,3845,7064,10909,2705,4824,7529,618,727,1345,74,60,134,8,4,12,1,0,1
2021-02-04,15940,27755,43695,2438,4718,7156,5527,9020,14547,4137,7630,11767,2926,5306,8232,785,978,1763,113,96,209,12,7,19,2,0,2
2021-02-05,17851,31471,49322,2718,5296,8014,6147,10191,16338,4542,8540,13082,3284,6042,9326,976,1254,2230,165,138,303,17,10,27,2,0,2
2021-02-06,18293,32279,50572,2799,5414,8213,6283,10469,16752,4658,8770,13428,3370,6197,9567,998,1280,2278,166,139,305,17,10,27,2,0,2
2021-02-07,18646,32932,51578,2853,5504,8357,6396,10707,17103,4768,8962,13730,3428,6308,9736,1014,1301,2315,168,140,308,17,10,27,2,0,2
2021-02-08,19514,34527,54041,2981,5784,8765,6674,11209,17883,4979,9391,14370,3578,6579,10157,1103,1404,2507,179,150,329,18,10,28,2,0,2
2021-02-09,20506,36460,56966,3122,6126,9248,6978,11780,18758,5207,9853,15060,3758,6984,10742,1223,1550,2773,193,157,350,23,10,33,2,0,2
2021-02-10,21047,37490,58537,3205,6291,9496,7112,12107,19219,5352,10117,15469,3866,7189,11055,1282,1612,2894,202,164,366,26,10,36,2,0,2
2021-02-11,21500,38560,60060,3276,6472,9748,7256,12456,19712,5449,10388,15837,3937,7387,11324,1339,1675,3014,214,172,386,27,10,37,2,0,2
2021-02-12,22018,39522,61540,3350,6631,9981,7426,12792,20218,5567,10667,16234,4029,7526,11555,1387,1716,3103,227,180,407,30,10,40,2,0,2
2021-02-13,22046,39566,61612,3352,6639,9991,7437,12809,20246,5573,10676,16249,4037,7535,11572,1387,1717,3104,228,180,408,30,10,40,2,0,2
2021-02-14,22052,39591,61643,3354,6646,10000,7439,12817,20256,5573,10686,16259,4039,7535,11574,1387,1717,3104,228,180,408,30,10,40,2,0,2
2021-02-15,22052,39591,61643,3354,6646,10000,7439,12817,20256,5573,10686,16259,4039,7535,11574,1387,1717,3104,228,180,408,30,10,40,2,0,2
2021-02-16,22063,39627,61690,3355,6647,10002,7447,12835,20282,5575,10699,16274,4039,7538,11577,1387,1717,3104,228,181,409,30,10,40,2,0,2
2021-02-17,22868,41139,64007,3484,6876,10360,7697,13288,20985,5745,11133,16878,4185,7824,12009,1485,1823,3308,240,185,425,30,10,40,2,0,2
2021-02-18,24730,45046,69776,3703,7418,11121,8226,14342,22568,6127,12165,18292,4550,8609,13159,1754,2216,3970,319,280,599,49,16,65,2,0,2
2021-02-19,26412,48875,75287,3900,7957,11857,8678,15459,24137,6557,13151,19708,4859,9346,14205,1967,2552,4519,385,383,768,61,27,88,5,0,5
2021-02-20,26869,49664,76533,3945,8041,11986,8816,15732,24548,6670,13344,20014,4947,9497,14444,2020,2634,4654,404,389,793,62,27,89,5,0,5
2021-02-21,27197,50168,77365,3980,8106,12086,8909,15919,24828,6750,13475,20225,5026,9583,14609,2053,2664,4717,410,394,804,64,27,91,5,0,5
2021-02-22,30623,56414,87037,4175,8552,12727,9262,16784,26046,7021,14176,21197,5281,10130,15411,2365,2978,5343,805,928,1733,1541,2440,3981,173,426,599
2021-02-23,34592,63806,98398,4426,9082,13508,9707,17881,27588,7448,15179,22627,5644,10931,16575,2843,3591,6434,1161,1422,2583,3012,4858,7870,351,862,1213
2021-02-24,38648,71420,110068,4684,9546,14230,10260,18935,29195,7895,16147,24042,5972,11683,17655,3228,4097,7325,1561,2039,3600,4533,7608,12141,515,1365,1880
2021-02-25,42691,78970,121661,4919,10079,14998,10785,20028,30813,8390,17043,25433,6344,12471,18815,3574,4590,8164,1896,2612,4508,6064,10271,16335,719,1876,2595
2021-02-26,46606,86849,133455,5170,10642,15812,11331,21148,32479,8770,17998,26768,6740,13329,20069,3929,5096,9025,2255,3142,5397,7503,13050,20553,908,2444,3352
2021-02-27,47133,87962,135095,5210,10717,15927,11430,21277,32707,8858,18120,26978,6800,13436,20236,3986,5201,9187,2320,3271,5591,7606,13362,20968,923,2578,3501
2021-02-28,47288,88315,135603,5225,10734,15959,11460,21335,32795,8875,18155,27030,6813,13453,20266,4021,5235,9256,2335,3309,5644,7631,13454,21085,928,2640,3568
2021-03-01,50374,94404,144778,5336,10968,16304,11723,21864,33587,9099,18554,27653,6978,13836,20814,4214,5486,9700,2693,3869,6562,9203,16651,25854,1128,3176,4304
2021-03-02,53415,100297,153712,5463,11270,16733,11954,22369,34323,9273,18982,28255,7135,14183,21318,4401,5800,10201,3064,4442,7506,10788,19565,30353,1337,3686,5023
2021-03-03,56299,106135,162434,5596,11528,17124,12205,22964,35169,9494,19478,28972,7294,14571,21865,4539,6037,10576,3369,4961,8330,12250,22363,34613,1552,4233,5785
2021-03-04,57585,109015,166600,5719,11848,17567,12438,23520,35958,9684,19898,29582,7434,14903,22337,4659,6264,10923,3487,5165,8652,12580,23042,35622,1584,4375,5959
2021-03-05,58704,111628,170332,5814,12095,17909,12686,24098,36784,9881,20446,30327,7599,15305,22904,4779,6481,11260,3562,5308,8870,12766,23436,36202,1617,4459,6076
2021-03-06,59363,113966,173329,5854,12334,18188,12861,24625,37486,10016,20956,30972,7701,15733,23434,4807,6537,11344,3628,5453,9081,12856,23745,36601,1640,4583,6223
2021-03-07,60012,116033,176045,5889,12525,18414,13007,25115,38122,10164,21412,31576,7823,16094,23917,4842,6581,11423,3696,5585,9281,12931,23996,36927,1660,4725,6385
2021-03-08,61473,119372,180845,5982,12780,18762,13192,25559,38751,10299,21801,32100,7961,16445,24406,4973,6855,11828,3876,5893,9769,13458,25012,38470,1732,5027,6759
2021-03-09,65238,126222,191460,6139,13086,19225,13526,26245,39771,10571,22334,32905,8213,16948,25161,5244,7210,12454,4295,6564,10859,15292,28139,43431,1958,5696,7654
2021-03-10,69291,134961,204252,6352,13605,19957,13915,27369,41284,10909,23445,34354,8561,17943,26504,5469,7545,13014,4701,7210,11911,17178,31471,48649,2206,6373,8579
2021-03-11,74478,147299,221777,6762,14520,21282,14660,29404,44064,11473,25633,37106,9086,19566,28652,5836,8083,13919,5145,7949,13094,19100,35127,54227,2416,7017,9433
2021-03-12,78299,157624,235923,7194,15572,22766,15497,31938,47435,12154,28162,40316,9667,21428,31095,6128,8544,14672,5377,8277,13654,19760,36412,56172,2522,7291,9813
2021-03-13,79799,162737,242536,7388,16357,23745,15919,33443,49362,12533,29565,42098,9966,22391,32357,6218,8673,14891,5407,8357,13764,19829,36589,56418,2539,7362,9901
2021-03-14,80843,166693,247536,7485,16870,24355,16224,34547,50771,12825,30789,43614,10208,23327,33535,6298,8806,15104,5432,8397,13829,19832,36594,56426,2539,7363,9902
2021-03-15,83825,175685,259510,7746,17898,25644,16873,36762,53635,13380,32958,46338,10713,25019,35732,6583,9329,15912,5645,8725,14370,20278,37499,57777,2607,7495,10102
2021-03-16,87757,185153,272910,8013,18743,26756,17486,38545,56031,13944,34680,48624,11176,26449,37625,6917,9929,16846,6022,9298,15320,21482,39700,61182,2717,7809,10526
2021-03-17,91940,194418,286358,8308,19425,27733,18108,40251,58359,14524,36298,50822,11624,27674,39298,7309,10636,17945,6446,9975,16421,22759,42015,64774,2862,8144,11006
2021-03-18,96328,204312,300640,8647,20329,28976,18856,42189,61045,15208,38077,53285,12206,29114,41320,7635,11228,18863,6887,10669,17556,23887,44176,68063,3002,8530,11532
2021-03-19,100502,214255,314757,9005,21331,30336,19640,44260,63900,15985,39954,55939,12838,30617,43455,7889,11616,19505,7191,11180,18371,24800,46228,71028,3154,9069,12223
2021-03-20,102689,219204,321893,9075,21553,30628,19848,44736,64584,16176,40419,56595,13035,31088,44123,8347,12695,21042,7576,11805,19381,25380,47528,72908,3252,9380,12632
2021-03-21,104364,222676,327040,9099,21617,30716,19919,44870,64789,16219,40500,56719,13130,31283,44413,8984,14117,23101,7996,12493,20489,25711,48239,73950,3306,9557,12863
2021-03-22,106460,227175,333635,9267,21918,31185,20233,45564,65797,16464,41080,57544,13362,31927,45289,9561,15565,25126,8465,13178,21643,25789,48360,74149,3319,9583,12902
2021-03-23,109492,234167,343659,9388,22190,31578,20499,46153,66652,16682,41615,58297,13569,32388,45957,9970,16438,26408,8920,13922,22842,26944,51086,78030,3520,10375,13895
2021-03-24,111352,238300,349652,9394,22207,31601,20511,46181,66692,16692,41642,58334,13607,32450,46057,10208,17004,27212,9263,14580,23843,28000,53357,81357,3677,10879,14556
2021-03-25,113467,242625,356092,9525,22510,32035,20772,46746,67518,16939,42085,59024,13770,32773,46543,10303,17161,27464,9569,15042,24611,28791,55020,83811,3798,11288,15086
2021-03-26,114583,245282,359865,9562,22607,32169,20881,46945,67826,17018,42262,59280,13859,32914,46773,10426,17548,27974,9751,15437,25188,29206,55956,85162,3880,11613,15493
2021-03-27,115321,247146,362467,9564,22613,32177,20886,46960,67846,17021,42275,59296,13864,32936,46800,10443,17588,28031,9902,15767,25669,29692,57038,86730,3949,11969,15918
2021-03-28,116031,249032,365063,9566,22617,32183,20889,46967,67856,17022,42285,59307,13872,32949,46821,10473,17628,28101,10044,16026,26070,30125,58182,88307,4040,12378,16418
2021-03-29,118346,254903,373249,9768,23148,32916,21311,48067,69378,17375,43190,60565,14154,33695,47849,10624,17917,28541,10285,16425,26710,30678,59592,90270,4151,12869,17020
2021-03-30,121505,262166,383671,9890,23447,33337,21557,48729,70286,17605,43728,61333,15209,36075,51284,11392,19165,30557,10655,17122,27777,30983,60640,91623,4214,13260,17474
2021-03-31,125681,270701,396382,10122,23977,34099,22053,49972,72025,18039,44811,62850,15446,36576,52022,11557,19387,30944,12702,20295,32997,31447,61941,93388,4315,13742,18057
2021-04-01,130215,278294,408509,10146,24006,34152,22081,50056,72137,18580,45846,64426,15835,37332,53167,11625,19590,31215,15770,24651,40421,31797,62804,94601,4381,14009,18390
2021-04-02,134631,285513,420144,10147,24009,34156,22083,50062,72145,19492,47582,67074,15843,37346,53189,11640,19616,31256,18937,29302,48239,32070,63416,95486,4419,14180,18599
2021-04-03,138385,291599,429984,10148,24017,34165,22088,50066,72154,19501,47589,67090,15851,37353,53204,11649,19627,31276,22518,34944,57462,32177,63708,95885,4453,14295,18748
2021-04-04,139491,293349,432840,10148,24017,34165,22089,50067,72156,19503,47596,67099,15855,37357,53212,11667,19643,31310,23589,36638,60227,32182,63725,95907,4458,14306,18764
2021-04-05,145578,303175,448753,10235,24148,34383,22164,50270,72434,19583,47810,67393,15937,37556,53493,11805,19839,31644,29053,45161,74214,32311,63989,96300,4490,14402,18892
2021-04-06,152425,314217,466642,10341,24298,34639,22289,50501,72790,19653,47963,67616,16000,37680,53680,11918,20024,31942,35162,54720,89882,32528,64477,97005,4534,14554,19088
2021-04-07,159991,326149,486140,10433,24420,34853,22414,50769,73183,19728,48137,67865,16080,37823,53903,12571,20840,33411,41295,64224,105519,32873,65205,98078,4597,14731,19328
2021-04-08,168486,338270,506756,10597,24585,35182,22626,51042,73668,19831,48296,68127,16165,37996,54161,14101,23075,37176,47517,73041,120558,33028,65425,98453,4621,14810,19431
2021-04-09,175843,349569,525412,10725,24835,35560,22850,51430,74280,19956,48555,68511,16255,38183,54438,15444,24935,40379,52785,80921,133706,33176,65760,98936,4652,14950,19602
2021-04-10,178952,354340,533292,10774,24944,35718,22914,51582,74496,20033,48676,68709,16309,38306,54615,16101,25943,42044,54932,84095,139027,33230,65814,99044,4659,14980,19639
2021-04-11,181866,358967,540833,10822,25052,35874,23011,51765,74776,20086,48839,68925,16374,38473,54847,16700,26855,43555,56951,87096,144047,33259,65876,99135,4663,15011,19674
2021-04-12,189988,371509,561497,10953,25296,36249,23193,52118,75311,20202,49067,69269,16484,38671,55155,18313,29164,47477,62807,96024,158831,33349,66076,99425,4687,15093,19780
2021-04-13,197670,383302,580972,11159,25486,36645,23425,52455,75880,20422,49303,69725,16678,39043,55721,20280,32582,52862,67527,102905,170432,33472,66338,99810,4707,15190,19897
2021-04-14,204276,393115,597391,11392,25562,36954,23607,52622,76229,20578,49489,70067,16745,39111,55856,21097,33610,54707,71367,108839,180206,34642,68292,102934,4848,15590,20438
2021-04-15,207564,398836,606400,11529,25610,37139,23709,52663,76372,20658,49514,70172,16787,39160,55947,22391,36427,58818,72898,111330,184228,34725,68487,103212,4867,15645,20512
2021-04-16,211372,404584,615956,11629,25643,37272,23758,52690,76448,20700,49538,70238,16804,39179,55983,23024,37267,60291,75482,115182,190664,35045,69246,104291,4930,15839,20769
2021-04-17,211690,405074,616764,11645,25658,37303,23783,52707,76490,20737,49571,70308,16841,39210,56051,23067,37307,60374,75622,115454,191076,35063,69304,104367,4932,15863,20795
2021-04-18,211838,405236,617074,11661,25664,37325,23805,52723,76528,20767,49604,70371,16884,39239,56123,23076,37324,60400,75637,115471,191108,35072,69333,104405,4936,15878,20814
2021-04-19,215889,411607,627496,11820,25694,37514,23869,52739,76608,20818,49619,70437,16899,39253,56152,23571,38003,61574,78443,119870,198313,35468,70313,105781,5001,16116,21117
2021-04-20,222060,422205,644265,11983,25757,37740,23950,52808,76758,20885,49706,70591,17352,40314,57666,26589,42938,69527,80049,122316,202365,36053,71653,107706,5199,16713,21912
2021-04-21,230481,434307,664788,12068,25803,37871,24001,52854,76855,20933,49753,70686,17437,40530,57967,34349,53877,88226,80381,122940,203321,36100,71780,107880,5212,16770,21982
2021-04-22,240553,448254,688807,12115,25849,37964,24040,52901,76941,20965,49805,70770,17479,40599,58078,43811,66859,110670,80753,123534,204287,36169,71904,108073,5221,16803,22024
2021-04-23,250759,461468,712227,12141,25896,38037,24088,52957,77045,21017,49880,70897,17549,40676,58225,53545,79215,132760,80971,123925,204896,36219,72047,108266,5229,16872,22101
2021-04-24,253676,464987,718663,12146,25905,38051,24093,52965,77058,21033,49896,70929,17567,40698,58265,56164,82408,138572,81186,124113,205299,36248,72110,108358,5239,16892,22131
2021-04-25,253759,465112,718871,12148,25907,38055,24097,52968,77065,21038,49908,70946,17576,40705,58281,56222,82488,138710,81189,124122,205311,36248,72118,108366,5241,16896,22137
2021-04-26,255266,467499,722765,12162,25912,38074,24109,52982,77091,21047,49918,70965,17582,40721,58303,57539,84505,142044,81317,124345,205662,36263,72194,108457,5247,16922,22169
2021-04-27,256656,470368,727024,12238,25984,38222,24158,53074,77232,21091,49986,71077,17617,40779,58396,58443,86179,144622,81548,125070,206618,36308,72337,108645,5253,16959,22212
2021-04-28,263731,486429,750160,12965,27820,40785,25710,57391,83101,22379,53842,76221,18633,43739,62372,60691,88817,149508,81752,125392,207144,36342,72433,108775,5259,16995,22254
2021-04-29,270275,499605,769880,13418,29143,42561,26788,60591,87379,23414,56841,80255,19497,46105,65602,63430,91497,154927,82049,125768,207817,36400,72599,108999,5279,17061,22340
2021-04-30,271605,501599,773204,13489,29269,42758,26884,60768,87652,23463,56938,80401,19530,46180,65710,64263,92611,156874,82250,126050,208300,36436,72680,109116,5290,17103,22393
2021-05-01,272145,502684,774829,13503,29301,42804,26944,60875,87819,23486,57001,80487,19553,46224,65777,64574,93204,157778,82341,126208,208549,36452,72739,109191,5292,17132,22424
2021-05-02,276452,512536,788988,13812,30244,44056,27760,63048,90808,24299,59077,83376,20194,47850,68044,65067,94255,159322,83532,128051,211583,36490,72838,109328,5298,17173,22471
2021-05-03,284668,524100,808768,13868,30349,44217,27863,63213,91076,24352,59166,83518,21017,49013,70030,69962,100755,170717,85719,131348,217067,36572,73023,109595,5315,17233,22548
2021-05-04,296240,538399,834639,13961,30475,44436,27962,63390,91352,24400,59265,83665,22995,51486,74481,78993,111745,190738,85986,131663,217649,36615,73101,109716,5328,17274,22602
2021-05-05,306906,553754,860660,14083,30665,44748,28175,63581,91756,24630,59403,84033,23572,52157,75729,82109,116376,198485,92089,140420,232509,36882,73727,110609,5366,17425,22791
2021-05-06,310530,559123,869653,14193,30765,44958,28330,63698,92028,24830,59459,84289,23995,52584,76579,83766,119108,202874,93080,142206,235286,36950,73841,110791,5386,17462,22848
2021-05-07,318507,572248,890755,14329,31054,45383,28558,64217,92775,25027,59845,84872,24253,53093,77346,85153,121923,207076,98711,150492,249203,37066,74074,111140,5410,17550,22960
2021-05-08,320904,587569,908473,14512,32671,47183,29029,67722,96751,25534,64455,89989,24818,56734,81552,85731,123713,209444,98780,150587,249367,37080,74115,111195,5420,17572,22992
2021-05-09,321044,587795,908839,14512,32671,47183,29029,67722,96751,25536,64455,89991,24840,56746,81586,85802,123793,209595,98794,150609,249403,37102,74180,111282,5429,17619,23048
2021-05-10,321877,590316,912193,14538,32713,47251,29060,67776,96836,25564,64499,90063,24989,56998,81987,86121,125214,211335,98992,151073,250065,37168,74350,111518,5445,17693,23138
2021-05-11,325171,594255,919426,14559,32749,47308,29091,67839,96930,25597,64555,90152,25618,57744,83362,88518,127902,216420,99124,151260,250384,37205,74455,111660,5459,17751,23210
2021-05-12,328746,598679,927425,14596,32784,47380,29138,67901,97039,25642,64618,90260,26301,58541,84842,91009,130700,221709,99294,151636,250930,37291,74659,111950,5475,17840,23315
2021-05-13,331653,604104,935757,14653,32893,47546,29236,68138,97374,25723,64780,90503,26482,58858,85340,91897,132418,224315,100790,154162,254952,37379,74910,112289,5493,17945,23438
2021-05-14,332994,607185,940179,14708,32993,47701,29329,68330,97659,25798,64918,90716,26652,59097,85749,92485,133894,226379,101078,154826,255904,37433,75093,112526,5511,18034,23545
2021-05-15,339413,612364,951777,14728,33036,47764,29370,68399,97769,25830,64967,90797,27849,60303,88152,97479,137355,234834,101174,155000,256174,37463,75216,112679,5520,18088,23608
2021-05-16,340286,614676,954962,14786,33228,48014,29578,69101,98679,26083,65677,91760,28026,60704,88730,97608,137511,235119,101199,155043,256242,37476,75291,112767,5530,18121,23651
2021-05-17,344571,619024,963595,14839,33319,48158,29751,69523,99274,26191,65968,92159,28867,61485,90352,100428,139714,240142,101431,155429,256860,37518,75405,112923,5546,18181,23727
2021-05-18,349145,622944,972089,14868,33372,48240,29814,69600,99414,26254,66051,92305,29733,62333,92066,103844,142230,246074,101531,155629,257160,37546,75501,113047,5555,18228,23783
2021-05-19,352609,626306,978915,14910,33474,48384,29925,69816,99741,26300,66170,92470,30366,62975,93341,106292,144049,250341,101670,155959,257629,37581,75594,113175,5565,18269,23834
2021-05-20,363190,638273,1001463,14983,33621,48604,30076,70057,100133,26388,66351,92739,33292,66290,99582,112886,150555,263441,102246,156986,259232,37729,76035,113764,5590,18378,23968
2021-05-21,365342,642672,1008014,15088,33882,48970,30265,70606,100871,26496,66751,93247,33389,66638,100027,113337,151389,264726,103365,158780,262145,37804,76194,113998,5598,18432,24030
2021-05-22,366868,644803,1011671,15141,33958,49099,30308,70669,100977,26519,66814,93333,33597,66899,100496,114305,152623,266928,103560,159122,262682,37835,76265,114100,5603,18453,24056
2021-05-23,369244,647166,1016410,15166,34004,49170,30334,70736,101070,26544,66855,93399,34603,67989,102592,115491,153506,268997,103641,159276,262917,37855,76330,114185,5610,18470,24080
2021-05-24,369940,648744,1018684,15203,34086,49289,30400,70869,101269,26584,66957,93541,34828,68230,103058,115763,154389,270152,103692,159380,263072,37860,76355,114215,5610,18478,24088
2021-05-25,374560,657246,1031806,15215,34109,49324,30407,70885,101292,26587,66976,93563,35007,68402,103409,116041,155132,271173,104172,160217,264389,41115,82070,123185,6016,19455,25471
2021-05-26,376846,660669,1037515,15249,34159,49408,30452,70967,101419,26624,67048,93672,36080,69368,105448,116242,155470,271712,104341,160534,264875,41738,83389,125127,6120,19734,25854
2021-05-27,386213,675737,1061950,15311,34278,49589,30549,71132,101681,26718,67211,93929,38764,71826,110590,116528,155680,272208,105034,161732,266766,46593,92524,139117,6716,21354,28070
2021-05-28,396752,690664,1087416,15419,34437,49856,30725,71377,102102,27011,67482,94493,44556,78602,123158,116759,155924,272683,105557,162552,268109,49627,97908,147535,7098,22382,29480
2021-05-29,405728,699024,1104752,15423,34445,49868,30736,71389,102125,27641,67956,95597,52321,85531,137852,116950,156155,273105,105635,162682,268317,49890,98408,148298,7132,22458,29590
2021-05-30,414049,706594,1120643,15432,34456,49888,30744,71399,102143,29419,69500,98919,58703,91369,150072,117034,156233,273267,105658,162710,268368,49921,98458,148379,7138,22469,29607
2021-05-31,425614,721994,1147608,15529,34634,50163,30909,71685,102594,35775,75561,111336,62108,96892,159000,117648,157105,274753,105846,163077,268923,50560,100178,150738,7239,22862,30101
2021-06-01,436748,734615,1171363,15724,34891,50615,31512,72102,103614,42840,82943,125783,64299,99415,163714,117765,157278,275043,106008,163356,269364,51296,101477,152773,7304,23153,30457
2021-06-02,445824,747532,1193356,16342,35545,51887,33219,74705,107924,46857,88234,135091,66327,102015,168342,117935,157524,275459,106140,163578,269718,51629,102448,154077,7375,23483,30858
2021-06-03,458507,767058,1225565,19362,40582,59944,38451,82672,121123,50122,92640,142762,66908,102864,169772,118100,157748,275848,106231,163775,270006,51907,103095,155002,7426,23682,31108
2021-06-04,471752,783352,1255104,22331,44172,66503,43226,87420,130646,53076,96857,149933,67925,104259,172184,119155,158921,278076,106534,164306,270840,52043,103586,155629,7462,23831,31293
2021-06-05,482725,793687,1276412,25019,46559,71578,48024,91379,139403,54931,98598,153529,68610,104968,173578,119814,159667,279481,106683,164596,271279,52150,103950,156100,7494,23970,31464
2021-06-06,491134,803499,1294633,28062,50592,78654,51820,95476,147296,55853,99331,155184,69035,105346,174381,119890,159750,279640,106740,164728,271468,52218,104161,156379,7516,24115,31631
2021-06-07,504793,817684,1322477,31151,53952,85103,55129,98229,153358,59152,102473,161625,72370,109242,181612,120273,160152,280425,106864,164950,271814,52305,104429,156734,7549,24257,31806
2021-06-08,517445,834739,1352184,32160,55444,87604,56490,100276,156766,60628,104527,165155,80454,119182,199636,120422,160350,280772,107057,165281,272338,52628,105153,157781,7606,24526,32132
2021-06-09,530049,847896,1377945,32498,55782,88280,57141,100952,158093,61335,105086,166421,91164,130290,221454,120516,160480,280996,107112,165368,272480,52662,105302,157964,7621,24636,32257
2021-06-10,544339,862873,1407212,33264,56647,89911,58197,102165,160362,63255,107097,170352,101271,140391,241662,120808,160854,281662,107199,165527,272726,52705,105466,158171,7640,24726,32366
2021-06-11,554114,878721,1432835,33464,56884,90348,58667,102474,161141,64005,107761,171766,102654,141888,244542,120946,161099,282045,108128,166984,275112,58068,115315,173383,8182,26316,34498
2021-06-12,560453,886584,1447037,33903,57478,91381,59280,103273,162553,65360,109315,174675,105742,144917,250659,120995,161183,282178,108273,167279,275552,58638,116499,175137,8262,26640,34902
2021-06-13,564568,890985,1455553,34105,57733,91838,59564,103603,163167,66268,110279,176547,108381,147641,256022,121032,161223,282255,108285,167298,275583,58665,116559,175224,8268,26649,34917
2021-06-14,570677,897693,1468370,34854,58588,93442,60596,104675,165271,67623,111631,179254,111041,150465,261506,121081,161292,282373,108326,167396,275722,58864,116903,175767,8292,26743,35035
2021-06-15,584652,911389,1496041,34975,58769,93744,60804,104967,165771,68060,112086,180146,123588,162093,285681,121299,161518,282817,108471,167707,276178,59124,117387,176511,8331,26862,35193
2021-06-16,592269,921663,1513932,35403,59405,94808,61641,106024,167665,69851,114198,184049,125641,164338,289979,121461,161735,283196,110366,170472,280838,59502,118311,177813,8404,27180,35584
2021-06-17,603846,935971,1539817,35600,59692,95292,62082,106469,168551,72841,117428,190269,129832,168645,298477,121991,162419,284410,113121,174539,287660,59896,119267,179163,8483,27512,35995
2021-06-18,618324,951217,1569541,36269,60525,96794,63157,107594,170751,81266,125458,206724,133052,171940,304992,122395,162967,285362,113613,175339,288952,60060,119711,179771,8512,27683,36195
2021-06-19,628968,962801,1591769,36486,60828,97314,63307,107844,171151,89575,133905,223480,134517,173377,307894,122647,163251,285898,113717,175555,289272,60175,120130,180305,8544,27911,36455
2021-06-20,628978,962807,1591785,36488,60830,97318,63310,107844,171154,89578,133908,223486,134518,173377,307895,122647,163252,285899,113718,175555,289273,60175,120130,180305,8544,27911,36455
2021-06-21,635015,968941,1603956,36515,60854,97369,63351,107901,171252,94640,138918,233558,135174,174004,309178,122804,163442,286246,113787,175652,289439,60194,120222,180416,8550,27948,36498
2021-06-22,640130,974159,1614289,36673,61113,97786,63566,108188,171754,96994,141139,238133,136908,175513,312421,123249,163925,287174,113935,175866,289801,60236,120384,180620,8569,28031,36600
2021-06-23,649745,983789,1633534,36816,61355,98171,63758,108552,172310,104890,148703,253593,138015,176439,314454,123390,164150,287540,114002,175984,289986,60291,120515,180806,8583,28091,36674
2021-06-24,665178,1003262,1668440,37023,61765,98788,64404,112727,177131,117990,161726,279716,139097,177628,316725,123622,164465,288087,114131,176199,290330,60323,120622,180945,8588,28130,36718
2021-06-25,678103,1022083,1700186,37428,62955,100383,65126,115770,180896,122831,166666,289497,140068,178747,318815,128202,170693,298895,115309,177851,293160,60515,121129,181644,8624,28272,36896
2021-06-26,687445,1034139,1721584,37467,62997,100464,65166,115824,180990,123677,167507,291184,140634,179448,320082,135070,179447,314517,116104,179072,295176,60675,121471,182146,8652,28373,37025
2021-06-27,695620,1043177,1738797,37533,63107,100640,65245,115967,181212,127207,171113,298320,143423,182268,325691,136125,180687,316812,116654,179902,296556,60763,121712,182475,8670,28421,37091
2021-06-28,712935,1062939,1775874,38233,64781,103014,65858,118387,184245,141054,184032,325086,144683,183557,328240,136824,181705,318529,116799,180162,296961,60803,121821,182624,8681,28494,37175
2021-06-29,731226,1081643,1812869,38436,65140,103576,66323,119211,185534,156835,198963,355798,145440,184348,329788,137539,182760,320299,117045,180585,297630,60913,122059,182972,8695,28577,37272
2021-06-30,750864,1101002,1851866,38603,65354,103957,71495,124131,195626,169123,210637,379760,146123,185010,331133,138714,184293,323007,117150,180778,297928,60950,122156,183106,8706,28643,37349
2021-07-01,763662,1114450,1878112,38717,65581,104298,76322,128902,205224,174683,215887,390570,147085,186073,333158,139525,185399,324924,117507,181355,298862,61091,122484,183575,8732,28769,37501
2021-07-02,773557,1132801,1906358,39307,66783,106090,78680,132674,211354,176210,217630,393840,147442,186604,334046,140358,186792,327150,118157,182560,300717,64195,129370,193565,9208,30388,39596
2021-07-03,784505,1145142,1929647,39331,66826,106157,84736,138009,222745,178765,220362,399127,147945,187181,335126,140773,187336,328109,118495,183190,301685,65124,131349,196473,9336,30889,40225
2021-07-04,794953,1155495,1950448,39847,67672,107519,93935,146467,240402,179173,220833,400006,148079,187306,335385,140865,187469,328334,118555,183271,301826,65152,131504,196656,9347,30973,40320
2021-07-05,800035,1161033,1961068,40119,68085,108204,97471,149483,246954,179424,221119,400543,148218,187441,335659,141186,187932,329118,118794,183683,302477,65433,132122,197555,9390,31168,40558
2021-07-06,813082,1173255,1986337,40549,68761,109310,109107,159342,268449,179702,221448,401150,148410,187688,336098,141368,188149,329517,118899,183904,302803,65621,132624,198245,9426,31339,40765
2021-07-07,818779,1179589,1998368,40717,68921,109638,113066,162933,275999,180382,222384,402766,148667,188094,336761,141518,188372,329890,119051,184216,303267,65905,133174,199079,9473,31495,40968
2021-07-08,837636,1195919,2033555,41090,69455,110545,128121,175259,303380,182678,224455,407133,149385,188829,338214,141801,188732,330533,119122,184343,303465,65951,133308,199259,9488,31538,41026
2021-07-09,850501,1208965,2059466,41766,70181,111947,136815,183500,320315,184898,226658,411556,150226,189667,339893,142070,189148,331218,119261,184866,304127,65973,133386,199359,9492,31559,41051
2021-07-10,861300,1220444,2081744,43228,71946,115174,144780,191332,336112,185281,227090,412371,150408,189899,340307,142534,189699,332233,119516,185289,304805,66050,133580,199630,9503,31609,41112
2021-07-11,863457,1224105,2087562,43487,72308,115795,145849,192622,338471,185443,227472,412915,150480,190100,340580,142558,189739,332297,119628,185495,305123,66456,134544,201000,9556,31825,41381
2021-07-12,881452,1240124,2121576,46545,75260,121805,159843,204378,364221,185888,228009,413897,150712,190377,341089,142666,189914,332580,119688,185622,305310,66537,134691,201228,9573,31873,41446
2021-07-13,891792,1248937,2140729,48330,76901,125231,167202,210378,377580,186649,228648,415297,150987,190658,341645,142766,190023,332789,119728,185687,305415,66551,134739,201290,9579,31903,41482
2021-07-14,895288,1252264,2147552,48971,77625,126596,169489,212287,381776,186959,229018,415977,151150,190827,341977,142823,190086,332909,119745,185734,305479,66566,134766,201332,9585,31921,41506
2021-07-15,909335,1271986,2181321,49401,78342,127743,170787,214672,385459,193849,236091,429940,152362,193202,345564,143538,191231,334769,122316,189515,311831,67373,136549,203922,9709,32384,42093
2021-07-16,923228,1291797,2215025,49751,78772,128523,171822,217677,389499,201135,244164,445299,152863,193886,346749,143690,191430,335120,126405,195571,321976,67782,137623,205405,9780,32674,42454
2021-07-17,935465,1305289,2240754,51171,80523,131694,176969,223084,400053,205400,248656,454056,153646,194742,348388,143938,191695,335633,126700,196075,322775,67846,137795,205641,9795,32719,42514
2021-07-18,946708,1317294,2264002,54179,84323,138502,179888,225730,405618,209021,252282,461303,155088,196202,351290,144105,191931,336036,126764,196213,322977,67865,137873,205738,9798,32740,42538
2021-07-19,963399,1335323,2298722,56889,87640,144529,181369,228310,409679,219878,262307,482185,156193,197307,353500,144306,192160,336466,126896,196428,323324,68022,138307,206329,9846,32864,42710
2021-07-20,981943,1355047,2336990,64361,96151,160512,183907,231214,415121,227235,269049,496284,156918,198078,354996,144499,192400,336899,127052,196728,323780,68107,138503,206610,9864,32924,42788
2021-07-21,1000575,1373930,2374505,78327,110210,188537,187232,234532,421764,227925,269773,497698,157254,198401,355655,144656,192556,337212,127179,196956,324135,68131,138554,206685,9871,32948,42819
2021-07-22,1019623,1391410,2411033,91329,121855,213184,191323,238137,429460,229100,270940,500040,157758,199013,356771,144823,192794,337617,127250,197052,324302,68160,138633,206793,9880,32986,42866
2021-07-23,1035164,1409006,2444170,97292,128991,226283,194133,241037,435170,234762,276993,511755,158545,199962,358507,145026,193096,338122,127332,197186,324518,68191,138719,206910,9883,33022,42905
2021-07-24,1049437,1423649,2473086,98031,129968,227999,194625,241496,436121,240432,282458,522890,165480,207053,372533,145285,193418,338703,127426,197308,324734,68269,138876,207145,9889,33072,42961
2021-07-25,1061047,1437505,2498552,104941,139065,244006,197555,244269,441824,241333,283491,524824,166101,207675,373776,145480,193625,339105,127460,197365,324825,68284,138917,207201,9893,33098,42991
2021-07-26,1078646,1459407,2538053,110495,146076,256571,201994,249967,451961,245925,288908,534833,168525,210418,378943,145853,194144,339997,127607,197677,325284,68346,139066,207412,9901,33151,43052
2021-07-27,1093941,1478276,2572217,117590,154378,271968,204987,253813,458800,248742,292525,541267,169772,211902,381674,146656,195046,341702,127842,198080,325922,68432,139313,207745,9920,33219,43139
2021-07-28,1111758,1498772,2610530,132878,171547,304425,206272,255304,461576,249473,293560,543033,170091,212373,382464,146789,195222,342011,127876,198165,326041,68450,139360,207810,9929,33241,43170
2021-07-29,1130796,1517034,2647830,148080,185808,333888,208290,257192,465482,250545,294792,545337,170578,212905,383483,146958,195403,342361,127942,198242,326184,68467,139414,207881,9936,33278,43214
2021-07-30,1147411,1533447,2680858,153879,191158,345037,214366,263084,477450,253910,298259,552169,171623,214080,385703,147189,195688,342877,128003,198387,326390,68501,139471,207972,9940,33320,43260
2021-07-31,1161910,1544693,2706603,155505,192883,348388,222054,269722,491776,258193,300284,558477,172253,214575,386828,147386,195880,343266,128052,198466,326518,68521,139532,208053,9946,33351,43297
2021-08-01,1168280,1552481,2720761,156935,194784,351719,224882,273222,498104,259574,301719,561293,172733,215122,387855,147571,196115,343686,128099,198561,326660,68537,139583,208120,9949,33375,43324
2021-08-02,1186942,1570620,2757562,159905,198138,358043,236047,283112,519159,263160,305441,568601,173421,215879,389300,147745,196350,344095,128156,198665,326821,68553,139640,208193,9955,33395,43350
2021-08-03,1203430,1586023,2789453,167981,205491,373472,239027,285810,524837,265745,307635,573380,175901,218587,394488,148035,196628,344663,128211,198756,326967,68568,139697,208265,9962,33419,43381
2021-08-04,1216413,1601291,2817704,169971,208049,378020,241775,288675,530450,267364,309651,577015,182248,226015,408263,148223,196865,345088,128279,198854,327133,68588,139745,208333,9965,33437,43402
2021-08-05,1225594,1610251,2835845,173685,211538,385223,245384,292071,537455,268633,310939,579572,182675,226514,409189,148347,197019,345366,128306,198940,327246,68598,139775,208373,9966,33455,43421
2021-08-06,1230060,1615630,2845690,174356,212324,386680,246254,292858,539112,269001,311290,580291,182884,226762,409646,149462,198492,347954,129507,200601,330108,68626,139832,208458,9970,33471,43441
2021-08-07,1240337,1630101,2870438,175453,213231,388684,246321,292929,539250,269056,311359,580415,182944,226826,409770,150767,200377,351144,137096,211853,348949,68715,140009,208724,9985,33517,43502
2021-08-08,1249448,1643086,2892534,175461,213250,388711,246335,292947,539282,269068,311375,580443,182972,226888,409860,156067,207635,363702,140717,217214,357931,68825,140222,209047,10003,33555,43558
2021-08-09,1263757,1662800,2926557,175601,213411,389012,246555,293168,539723,269244,311612,580856,184017,228422,412439,166690,222241,388931,142717,219904,362621,68918,140441,209359,10015,33601,43616
2021-08-10,1278171,1681868,2960039,175961,213839,389800,247065,293707,540772,270433,312451,582884,185370,230235,415605,173981,232066,406047,146288,225230,371518,69038,140684,209722,10035,33656,43691
2021-08-11,1293213,1698535,2991748,177290,214957,392247,247356,294159,541515,270737,312883,583620,187803,232866,420669,182835,241164,423999,147977,227882,375859,69164,140913,210077,10051,33711,43762
2021-08-12,1302894,1711498,3014392,177676,215392,393068,247612,294448,542060,270968,313160,584128,189618,235143,424761,186570,245484,432054,151090,232880,383970,69284,141211,210495,10076,33780,43856
2021-08-13,1316023,1729737,3045760,177798,215522,393320,247800,294635,542435,271118,313353,584471,189993,235595,425588,192193,252483,444676,157414,242250,399664,69583,141937,211520,10124,33962,44086
2021-08-14,1324479,1742487,3066966,177888,215659,393547,247963,294858,542821,271281,313665,584946,191597,237779,429376,197743,260671,458414,158199,243648,401847,69666,142181,211847,10142,34026,44168
2021-08-15,1336180,1755158,3091338,178365,216222,394587,248777,295840,544617,272708,315093,587801,198340,244816,443156,199450,262308,461758,158636,244411,403047,69744,142373,212117,10160,34095,44255
2021-08-16,1345618,1767123,3112741,179793,217821,397614,249921,297101,547022,275230,318037,593267,200260,247182,447442,200558,263730,464288,159791,246336,406127,69876,142727,212603,10189,34189,44378
2021-08-17,1361844,1781203,3143047,187372,224483,411855,256197,302583,558780,276615,319257,595872,201053,247601,448654,200698,263912,464610,159825,246403,406228,69890,142769,212659,10194,34195,44389
2021-08-18,1373347,1793586,3166933,192240,229090,421330,257617,304343,561960,277816,320637,598453,202810,249482,452292,202403,265627,468030,160301,247237,407538,69957,142932,212889,10203,34238,44441
2021-08-19,1379371,1799842,3179213,194663,231392,426055,258432,305144,563576,278292,321223,599515,204260,250884,455144,202992,266283,469275,160532,247648,408180,69992,143009,213001,10208,34259,44467
2021-08-20,1392680,1812254,3204934,197172,233964,431136,259962,306305,566267,279517,322231,601748,212004,258085,470089,203202,266537,469739,160601,247799,408400,70011,143062,213073,10211,34271,44482
2021-08-21,1402087,1824447,3226534,198762,236087,434849,262234,309661,571895,281723,325176,606899,214851,261184,476035,203580,266959,470539,160690,247957,408647,70031,143130,213161,10216,34293,44509
2021-08-22,1412047,1835705,3247752,200305,238039,438344,267500,315167,582667,283473,327293,610766,215818,262309,478127,203930,267377,471307,160758,248066,408824,70045,143159,213204,10218,34295,44513
2021-08-23,1429416,1851441,3280857,207669,244986,452655,275235,321479,596714,284797,328640,613437,216494,263031,479525,204139,267628,471767,160805,248166,408971,70058,143198,213256,10219,34313,44532
2021-08-24,1441924,1864693,3306617,216687,254252,470939,277158,323294,600452,285602,329596,615198,217041,263794,480835,204307,267906,472213,160841,248276,409117,70065,143244,213309,10223,34331,44554
2021-08-25,1457694,1880548,3338242,219059,256667,475726,278337,324842,603179,292377,336005,628382,221935,268543,490478,204718,268377,473095,160946,248428,409374,70094,143326,213420,10228,34360,44588
2021-08-26,1472888,1898279,3371167,220973,259155,480128,279272,326158,605430,292962,336847,629809,225683,272229,497912,211443,275279,486722,162060,250384,412444,70234,143755,213989,10261,34472,44733
2021-08-27,1491417,1916421,3407838,231929,270004,501933,282677,328935,611612,293977,337887,631864,228125,274752,502877,212004,275942,487946,162177,250577,412754,70262,143826,214088,10266,34498,44764
2021-08-28,1502524,1929791,3432315,240131,280509,520640,284336,330386,614722,294757,338608,633365,228461,275203,503664,212088,276058,488146,162213,250667,412880,70270,143856,214126,10268,34504,44772
2021-08-29,1514035,1942653,3456688,241112,281783,522895,284892,331102,615994,296788,340723,637511,235908,283239,519147,212411,276474,488885,162334,250900,413234,70317,143914,214231,10273,34518,44791
2021-08-30,1530110,1959503,3489613,245162,285477,530639,287265,333420,620685,299980,343714,643694,239827,287207,527034,214070,278608,492678,163086,252207,415293,70434,144261,214695,10286,34609,44895
2021-08-31,1545850,1976975,3522825,256344,298223,554567,289312,335292,624604,301579,345385,646964,240472,287935,528407,214249,278872,493121,163152,252322,415474,70451,144317,214768,10291,34629,44920
2021-09-01,1561932,1994142,3556074,270814,312625,583439,289924,335955,625879,301966,345903,647869,240742,288410,529152,214487,279612,494099,163242,252610,415852,70465,144387,214852,10292,34640,44932
2021-09-02,1577922,2013243,3591165,280540,322364,602904,291470,338330,629800,304623,349764,654387,242260,290740,533000,214852,280114,494966,163397,252826,416223,70485,144456,214941,10295,34649,44944
2021-09-03,1592664,2030505,3623169,286647,328510,615157,293116,340080,633196,308965,355533,664498,243885,292897,536782,215678,281170,496848,163560,253112,416672,70515,144530,215045,10298,34673,44971
2021-09-04,1604864,2042603,3647467,289957,331827,621784,296564,343270,639834,313707,360307,674014,244421,293437,537858,215794,281337,497131,163600,253185,416785,70521,144563,215084,10300,34677,44977
2021-09-05,1617152,2054762,3671914,291221,333170,624391,298992,345581,644573,321369,367837,689206,245187,294172,539359,215918,281514,497432,163638,253225,416863,70526,144580,215106,10301,34683,44984
2021-09-06,1633479,2070804,3704283,292819,334672,627491,299664,346338,646002,332260,378622,710882,247813,296437,544250,216336,282025,498361,163732,253372,417104,70546,144642,215188,10309,34696,45005
2021-09-07,1651702,2091063,3742765,293791,336046,629837,301347,348869,650216,340404,386267,726671,251482,300274,551756,219303,285488,504791,164396,254405,418801,70643,144951,215594,10336,34763,45099
2021-09-08,1662303,2101731,3764034,296325,338263,634588,304060,351414,655474,343451,389444,732895,252958,301894,554852,219926,286158,506084,164563,254683,419246,70679,145073,215752,10341,34802,45143
2021-09-09,1677605,2116873,3794478,298812,340899,639711,313325,359890,673215,345654,391850,737504,254027,303078,557105,220140,286424,506564,164611,254777,419388,70692,145141,215833,10344,34814,45158
2021-09-10,1682664,2122319,3804983,301091,343077,644168,314110,360855,674965,346042,392278,738320,255224,304387,559611,220470,286829,507299,164673,254898,419571,70708,145177,215885,10346,34818,45164
2021-09-11,1686068,2125595,3811663,301777,343764,645541,315770,362255,678025,346302,392577,738879,255918,305147,561065,220544,286909,507453,164701,254930,419631,70710,145192,215902,10346,34821,45167
2021-09-12,1686931,2126577,3813508,301994,344048,646042,316115,362589,678704,346489,392794,739283,256009,305259,561268,220562,286929,507491,164706,254942,419648,70710,145194,215904,10346,34822,45168
2021-09-13,1694342,2133866,3828208,306358,348576,654934,318759,364903,683662,346700,393021,739721,256129,305383,561512,220601,286966,507567,164724,254965,419689,70719,145219,215938,10352,34833,45185
2021-09-14,1700836,2141472,3842308,306854,349178,656032,319173,365374,684547,347091,393473,740564,260387,309908,570295,221354,288215,509569,164878,255185,420063,70744,145284,216028,10355,34855,45210
2021-09-15,1718457,2161443,3879900,308002,350765,658767,320819,367688,688507,350488,397344,747832,269102,318763,587865,223746,290970,514716,165112,255597,420709,70815,145422,216237,10373,34894,45267
2021-09-16,1735127,2180445,3915572,310394,354172,664566,330422,377813,708235,352894,399935,752829,270466,320441,590907,224474,291804,516278,165244,255846,421090,70852,145517,216369,10381,34917,45298
2021-09-17,1749156,2194690,3943846,318832,362763,681595,333572,380741,714313,354200,401272,755472,271264,321315,592579,224706,292105,516811,165323,255973,421296,70873,145585,216458,10386,34936,45322
2021-09-18,1761398,2207909,3969307,327464,371766,699230,335694,382947,718641,355111,402413,757524,271716,321917,593633,224802,292278,517080,165342,256034,421376,70881,145613,216494,10388,34941,45329
2021-09-19,1770595,2217269,3987864,332776,376862,709638,337826,385096,722922,356148,403560,759708,272230,322479,594709,224933,292467,517400,165395,256172,421567,70898,145676,216574,10389,34957,45346
2021-09-20,1777830,2224220,4002050,336240,380193,716433,340037,386968,727005,357010,404475,761485,272663,322932,595595,225108,292672,517780,165472,256299,421771,70908,145716,216624,10392,34965,45357
2021-09-21,1790236,2235783,4026019,346296,389511,735807,341389,388054,729443,357563,405020,762583,272956,323282,596238,225215,292841,518056,165503,256360,421863,70919,145739,216658,10395,34976,45371
2021-09-22,1798907,2243640,4042547,351867,394399,746266,343400,389690,733090,358144,405621,763765,273250,323648,596898,225348,293010,518358,165564,256487,422051,70935,145786,216721,10399,34999,45398
2021-09-23,1804753,2249611,4054364,355836,398476,754312,344482,390657,735139,358595,406087,764682,273485,323918,597403,225405,293107,518512,165605,256543,422148,70946,145816,216762,10399,35007,45406
2021-09-24,1810535,2255553,4066088,358815,401533,760348,345719,391888,737607,359580,407031,766611,273912,324359,598271,225508,293252,518760,165644,256613,422257,70956,145854,216810,10401,35023,45424
2021-09-25,1814225,2258635,4072860,359949,402468,762417,347049,392735,739784,360154,407643,767797,274413,324896,599309,225632,293361,518993,165662,256640,422302,70964,145865,216829,10402,35027,45429
2021-09-26,1826533,2269898,4096431,360635,403238,763873,348676,394401,743077,365230,412097,777327,278945,328717,607662,225951,293735,519686,165716,256747,422463,70976,145925,216901,10404,35038,45442
2021-09-27,1838548,2281009,4119557,362558,405520,768078,354133,399171,753304,368417,414774,783191,280136,329686,609822,226139,293984,520123,165762,256835,422597,70998,145981,216979,10405,35058,45463
2021-09-28,1852660,2295049,4147709,363575,406490,770065,363856,407453,771309,369671,416201,785872,280940,330638,611578,226697,294759,521456,166364,257960,424324,71136,146390,217526,10421,35158,45579
2021-09-29,1861452,2303694,4165146,366155,409264,775419,368285,411265,779550,370551,417087,787638,281490,331205,612695,226902,295007,521909,166477,258186,424663,71171,146494,217665,10421,35186,45607
2021-09-30,1870057,2313632,4183689,371540,415054,786594,369403,412645,782048,371614,418063,789677,282230,332283,614513,227129,295487,522616,166533,258348,424881,71186,146556,217742,10422,35196,45618
2021-10-01,1875753,2319263,4195016,374470,418082,792552,370660,413886,784546,372473,418779,791252,282724,332707,615431,227250,295618,522868,166563,258404,424967,71191,146585,217776,10422,35202,45624
2021-10-02,1878622,2322076,4200698,375655,419307,794962,371507,414609,786116,372963,419251,792214,282966,332921,615887,227324,295715,523039,166584,258453,425037,71200,146611,217811,10423,35209,45632
2021-10-03,1881833,2324872,4206705,377173,420639,797812,372521,415358,787879,373374,419606,792980,283126,333101,616227,227404,295824,523228,166603,258499,425102,71208,146632,217840,10424,35213,45637
2021-10-04,1887592,2330396,4217988,379687,422982,802669,374388,416934,791322,374108,420332,794440,283537,333569,617106,227566,296080,523646,166657,258598,425255,71221,146673,217894,10428,35228,45656
2021-10-05,1891045,2333793,4224838,381085,424422,805507,375348,417761,793109,374700,420904,795604,283895,333951,617846,227677,296188,523865,166680,258633,425313,71229,146698,217927,10431,35236,45667
2021-10-06,1898279,2341181,4239460,386683,430247,816930,376098,418393,794491,375180,421352,796532,284160,334238,618398,227772,296299,524071,166711,258676,425387,71241,146727,217968,10434,35249,45683
2021-10-07,1901365,2344228,4245593,388010,431416,819426,376952,419187,796139,375595,421793,797388,284490,334624,619114,227897,296464,524361,166738,258734,425472,71244,146752,217996,10439,35258,45697
2021-10-08,1912043,2354694,4266737,388674,432334,821008,383128,424658,807786,376806,423100,799906,285880,336099,621979,229067,297622,526689,166787,258824,425611,71261,146793,218054,10440,35264,45704
2021-10-09,1921884,2364370,4286254,389296,433084,822380,387616,428631,816247,378042,424345,802387,288153,338452,626605,230234,298842,529076,166830,258918,425748,71273,146827,218100,10440,35271,45711
2021-10-10,1928890,2371544,4300434,389737,433707,823444,391199,431948,823147,378828,425237,804065,289490,339811,629301,231057,299734,530791,166855,258979,425834,71283,146851,218134,10441,35277,45718
2021-10-11,1933528,2376083,4309611,392323,436126,828449,392272,432989,825261,379401,425768,805169,289766,340121,629887,231141,299858,530999,166890,259046,425936,71293,146894,218187,10442,35281,45723
2021-10-12,1944502,2386353,4330855,399141,442241,841382,393667,434307,827974,380697,427107,807804,290712,341073,631785,231575,300282,531857,166959,259133,426092,71308,146922,218230,10443,35288,45731
2021-10-13,1961093,2403860,4364953,414316,458099,872415,394112,434784,828896,381136,427575,808711,291065,341517,632582,231720,300461,532181,166978,259170,426148,71320,146949,218269,10446,35305,45751
2021-10-14,1974258,2416927,4391185,424061,467567,891628,395845,436504,832349,382018,428471,810489,291595,342132,633727,231918,300690,532608,167035,259250,426285,71336,146996,218332,10450,35317,45767
2021-10-15,1987228,2429458,4416686,431556,474315,905871,399057,439524,838581,383350,429847,813197,292223,342961,635184,232136,301072,533208,167103,259367,426470,71352,147040,218392,10451,35332,45783
2021-10-16,1996007,2438420,4434427,437942,480608,918550,400353,440852,841205,383982,430587,814569,292532,343312,635844,232255,301225,533480,167133,259431,426564,71359,147063,218422,10451,35342,45793
2021-10-17,1999133,2441991,4441124,440048,482838,922886,400776,441382,842158,384266,430937,815203,292733,343578,636311,232343,301345,533688,167153,259480,426633,71362,147085,218447,10452,35346,45798
2021-10-18,2011335,2453800,4465135,449787,492333,942120,401774,442244,844018,385096,431647,816743,293212,344046,637258,232475,301541,534016,167172,259522,426694,71367,147108,218475,10452,35359,45811
2021-10-19,2020583,2462657,4483240,455582,497893,953475,403329,443593,846922,386120,432637,818757,293747,344602,638349,232769,301859,534628,167205,259579,426784,71378,147126,218504,10453,35368,45821
2021-10-20,2029568,2471264,4500832,462708,504748,967456,404169,444321,848490,386705,433182,819887,294038,344888,638926,232881,301976,534857,167226,259628,426854,71385,147147,218532,10456,35374,45830
2021-10-21,2040417,2482497,4522914,471287,513813,985100,405223,445221,850444,387291,433719,821010,294406,345253,639659,233078,302204,535282,167263,259692,426955,71411,147196,218607,10458,35399,45857
2021-10-22,2054242,2497106,4551348,482224,525150,1007374,406594,446610,853204,387974,434521,822495,294992,345910,640902,233269,302468,535737,167306,259788,427094,71425,147251,218676,10458,35408,45866
2021-10-23,2062954,2505903,4568857,489684,532691,1022375,407282,447275,854557,388233,434805,823038,295169,346074,641243,233360,302553,535913,167329,259823,427152,71435,147268,218703,10462,35414,45876
2021-10-24,2072117,2515041,4587158,498381,541318,1039699,407474,447474,854948,388359,434947,823306,295248,346155,641403,233409,302611,536020,167342,259844,427186,71440,147275,218715,10464,35417,45881
2021-10-25,2082076,2525342,4607418,506413,549214,1055627,408329,448352,856681,388959,435640,824599,295547,346573,642120,233522,302838,536360,167386,259964,427350,71453,147331,218784,10467,35430,45897
2021-10-26,2093860,2536790,4630650,516755,559277,1076032,409100,449030,858130,389291,435984,825275,295756,346768,642524,233609,302917,536526,167415,260006,427421,71465,147362,218827,10469,35446,45915
2021-10-27,2106301,2549449,4655750,527941,570603,1098544,409667,449604,859271,389662,436355,826017,295961,346979,642940,233684,303026,536710,167447,260052,427499,71470,147381,218851,10469,35449,45918
2021-10-28,2119089,2562396,4681485,539236,581970,1121206,410340,450229,860569,390079,436782,826861,296219,347257,643476,233780,303169,536949,167483,260108,427591,71478,147416,218894,10474,35465,45939
2021-10-29,2131584,2574874,4706458,550835,593530,1144365,410819,450661,861480,390291,437022,827313,296343,347377,643720,233840,303230,537070,167497,260140,427637,71484,147440,218924,10475,35474,45949
2021-10-30,2140159,2583558,4723717,558786,601574,1160360,411156,450971,862127,390446,437186,827632,296428,347465,643893,233880,303277,537157,167502,260162,427664,71486,147447,218933,10475,35476,45951
2021-10-31,2148211,2591461,4739672,566158,608834,1174992,411493,451312,862805,390629,437336,827965,296529,347550,644079,233916,303312,537228,167518,260185,427703,71491,147454,218945,10477,35478,45955
2021-11-01,2156011,2598615,4754626,570762,613224,1183986,413790,453007,866797,391098,437857,828955,296810,347852,644662,234037,303467,537504,167543,260251,427794,71494,147470,218964,10477,35487,45964
2021-11-02,2159958,2602555,4762513,573235,615439,1188674,414643,453857,868500,391431,438276,829707,296999,348107,645106,234104,303585,537689,167557,260297,427854,71502,147495,218997,10487,35499,45986
2021-11-03,2169407,2612643,4782050,582057,624900,1206957,414924,454105,869029,391613,438439,830052,297108,348216,645324,234140,303643,537783,167568,260323,427891,71509,147511,219020,10488,35506,45994
2021-11-04,2179098,2622408,4801506,591171,634022,1225193,415175,454380,869555,391779,438589,830368,297196,348300,645496,234178,303705,537883,167587,260369,427956,71519,147529,219048,10493,35514,46007
2021-11-05,2183012,2625921,4808933,594543,637015,1231558,415393,454596,869989,391918,438715,830633,297311,348380,645691,234219,303754,537973,167606,260392,427998,71528,147546,219074,10494,35523,46017
2021-11-06,2186316,2629199,4815515,597434,639822,1237256,415574,454776,870350,392014,438831,830845,297398,348483,645881,234253,303789,538042,167614,260414,428028,71533,147559,219092,10496,35525,46021
2021-11-07,2189548,2632324,4821872,600174,642484,1242658,415795,454979,870774,392146,438939,831085,297477,348541,646018,234289,303835,538124,167630,260438,428068,71541,147576,219117,10496,35532,46028
2021-11-08,2198427,2641472,4839899,608289,650642,1258931,416136,455372,871508,392354,439185,831539,297610,348722,646332,234346,303927,538273,167650,260495,428145,71545,147587,219132,10497,35542,46039
2021-11-09,2202549,2645633,4848182,611853,654140,1265993,416397,455650,872047,392521,439355,831876,297700,348840,646540,234377,303974,538351,167656,260525,428181,71548,147599,219147,10497,35550,46047
2021-11-10,2208506,2651169,4859675,617292,659074,1276366,416641,455907,872548,392646,439485,832131,297772,348925,646697,234430,304028,538458,167676,260567,428243,71551,147620,219171,10498,35563,46061
2021-11-11,2213490,2655936,4869426,621592,663125,1284717,416955,456163,873118,392813,439658,832471,297875,349052,646927,234474,304097,538571,167707,260616,428323,71572,147654,219226,10502,35571,46073
2021-11-12,2221039,2663567,4884606,628453,670008,1298461,417208,456414,873622,393032,439884,832916,297992,349158,647150,234536,304186,538722,167731,260663,428394,71580,147674,219254,10507,35580,46087
2021-11-13,2222232,2664651,4886883,629612,671063,1300675,417220,456424,873644,393044,439891,832935,297997,349165,647162,234539,304190,538729,167731,260664,428395,71581,147674,219255,10508,35580,46088
2021-11-14,2223620,2666020,4889640,630983,672420,1303403,417227,456431,873658,393050,439894,832944,298001,349165,647166,234539,304192,538731,167731,260664,428395,71581,147674,219255,10508,35580,46088
2021-11-15,2230357,2672789,4903146,637015,678426,1315441,417475,456707,874182,393291,440138,833429,298170,349327,647497,234573,304232,538805,167740,260689,428429,71585,147688,219273,10508,35582,46090
2021-11-16,2240415,2682524,4922939,644679,686030,1330709,418517,457562,876079,394158,440874,835032,298482,349629,648111,234705,304385,539090,167772,260734,428506,71592,147719,219311,10510,35591,46101
2021-11-17,2252390,2694247,4946637,656071,697114,1353185,418837,457846,876683,394287,441028,835315,298570,349731,648301,234732,304429,539161,167781,260762,428543,71596,147736,219332,10516,35601,46117
2021-11-18,2263973,2705582,4969555,667129,707903,1375032,419072,458059,877131,394444,441181,835625,298657,349821,648478,234764,304473,539237,167790,260780,428570,71599,147752,219351,10518,35613,46131
2021-11-19,2275131,2716436,4991567,677398,717800,1395198,419481,458458,877939,394673,441416,836089,298810,349999,648809,234827,304551,539378,167818,260818,428636,71606,147772,219378,10518,35622,46140
2021-11-20,2278810,2720333,4999143,680711,721292,1402003,419621,458592,878213,394775,441531,836306,298888,350073,648961,234851,304599,539450,167831,260839,428670,71613,147783,219396,10520,35624,46144
2021-11-21,2282617,2724228,5006845,684012,724641,1408653,419798,458774,878572,394911,441686,836597,299009,350199,649208,234901,304651,539552,167845,260858,428703,71619,147791,219410,10522,35628,46150
2021-11-22,2287372,2729045,5016417,688261,728915,1417176,420011,458999,879010,395054,441812,836866,299108,350306,649414,234938,304688,539626,167855,260886,428741,71622,147804,219426,10523,35635,46158
2021-11-23,2294883,2736589,5031472,694901,735597,1430498,420418,459377,879795,395286,442030,837316,299267,350463,649730,234984,304751,539735,167873,260910,428783,71629,147820,219449,10525,35641,46166
2021-11-24,2303369,2744846,5048215,702493,742998,1445491,420866,459749,880615,395529,442251,837780,299403,350612,650015,235022,304815,539837,167890,260937,428827,71638,147838,219476,10528,35646,46174
2021-11-25,2305916,2747291,5053207,704412,744796,1449208,421213,460025,881238,395680,442434,838114,299465,350694,650159,235060,304866,539926,167905,260961,428866,71648,147865,219513,10533,35650,46183
2021-11-26,2312136,2753402,5065538,709582,749893,1459475,421670,460449,882119,395982,442707,838689,299650,350848,650498,235122,304956,540078,167934,261006,428940,71661,147883,219544,10535,35660,46195
2021-11-27,2317197,2758484,5075681,714128,754373,1468501,421867,460661,882528,396122,442859,838981,299761,350977,650738,235165,305014,540179,167950,261033,428983,71665,147899,219564,10539,35668,46207
2021-11-28,2322003,2763042,5085045,718477,758455,1476932,422093,460893,882986,396236,442984,839220,299825,351040,650865,235204,305039,540243,167959,261054,429013,71670,147907,219577,10539,35670,46209
2021-11-29,2326697,2767739,5094436,722386,762349,1484735,422492,461286,883778,396463,443199,839662,299937,351139,651076,235235,305097,540332,167969,261077,429046,71674,147915,219589,10541,35677,46218
2021-11-30,2332469,2773458,5105927,727123,766972,1494095,423067,461840,884907,396706,443424,840130,300054,351287,651341,235305,305193,540498,167989,261122,429111,71681,147932,219613,10544,35688,46232
2021-12-01,2339583,2780209,5119792,733318,772726,1506044,423504,462245,885749,396935,443656,840591,300216,351458,651674,235363,305301,540664,168014,261171,429185,71688,147954,219642,10545,35698,46243
2021-12-02,2346824,2787585,5134409,739454,778776,1518230,424020,462732,886752,397303,444065,841368,300350,351692,652042,235420,305391,540811,168038,261236,429274,71693,147982,219675,10546,35711,46257
2021-12-03,2349214,2789900,5139114,741255,780486,1521741,424318,463021,887339,397442,444196,841638,300427,351778,652205,235473,305443,540916,168056,261267,429323,71696,147995,219691,10547,35714,46261
2021-12-04,2351741,2792460,5144201,743434,782696,1526130,424454,463154,887608,397547,444282,841829,300479,351840,652319,235507,305479,540986,168072,261287,429359,71701,148003,219704,10547,35719,46266
2021-12-05,2353710,2794480,5148190,745070,784333,1529403,424624,463320,887944,397620,444373,841993,300532,351903,652435,235533,305516,541049,168079,261301,429380,71704,148011,219715,10548,35723,46271
2021-12-06,2359005,2799754,5158759,749553,788718,1538271,425000,463698,888698,397855,444637,842492,300655,352041,652696,235584,305577,541161,168100,261331,429431,71709,148025,219734,10549,35727,46276
2021-12-07,2363075,2803848,5166923,752687,791828,1544515,425461,464142,889603,398103,444899,843002,300791,352169,652960,235643,305666,541309,168127,261372,429499,71712,148041,219753,10551,35731,46282
2021-12-08,2366145,2806868,5173013,755167,794284,1549451,425707,464352,890059,398251,445039,843290,300914,352281,653195,235691,305722,541413,168146,261398,429544,71716,148053,219769,10553,35739,46292
2021-12-09,2371525,2812118,5183643,760008,798934,1558942,425948,464575,890523,398395,445199,843594,301000,352378,653378,235734,305783,541517,168165,261437,429602,71721,148071,219792,10554,35741,46295
2021-12-10,2374928,2815367,5190295,762939,801656,1564595,426175,464790,890965,398513,445307,843820,301065,352469,653534,235777,305835,541612,168177,261463,429640,71728,148089,219817,10554,35758,46312
2021-12-11,2377237,2817710,5194947,764772,803526,1568298,426405,464973,891378,398619,445427,844046,301139,352560,653699,235823,305874,541697,168192,261484,429676,71733,148105,219838,10554,35761,46315
2021-12-12,2379397,2819706,5199103,766339,804961,1571300,426738,465245,891983,398765,445570,844335,301210,352639,653849,235859,305916,541775,168198,261501,429699,71734,148112,219846,10554,35762,46316
2021-12-13,2381577,2821777,5203354,767744,806343,1574087,427158,465596,892754,398957,445722,844679,301317,352739,654056,235897,305960,541857,168210,261525,429735,71739,148126,219865,10555,35766,46321
2021-12-14,2384692,2824901,5209593,770105,808697,1578802,427510,465910,893420,399162,445941,845103,301435,352843,654278,235951,306028,541979,168226,261559,429785,71746,148148,219894,10557,35775,46332
2021-12-15,2387765,2827960,5215725,772481,811029,1583510,427809,466160,893969,399353,446124,845477,301566,352989,654555,236007,306102,542109,168243,261607,429850,71748,148163,219911,10558,35786,46344
2021-12-16,2390923,2830925,5221848,775020,813423,1588443,428121,466388,894509,399512,446265,845777,301660,353083,654743,236043,306154,542197,168255,261642,429897,71753,148178,219931,10559,35792,46351
2021-12-17,2393807,2833814,5227621,777369,815681,1593050,428370,466615,894985,399650,446405,846055,301738,353210,654948,236091,306220,542311,168270,261679,429949,71758,148206,219964,10561,35798,46359
2021-12-18,2396125,2836057,5232182,779060,817326,1596386,428639,466840,895479,399826,446587,846413,301845,353299,655144,236139,306278,542417,168286,261699,429985,71768,148224,219992,10562,35804,46366
2021-12-19,2398577,2838340,5236917,780881,819031,1599912,428938,467112,896050,400006,446725,846731,301939,353391,655330,236174,306311,542485,168299,261717,430016,71776,148239,220015,10564,35814,46378
2021-12-20,2402093,2841548,5243641,783479,821382,1604861,429426,467531,896957,400248,446933,847181,302056,353496,655552,236215,306361,542576,168316,261754,430070,71785,148267,220052,10568,35824,46392
2021-12-21,2406122,2845148,5251270,786467,824070,1610537,429962,467972,897934,400527,447153,847680,302207,353656,655863,236266,306404,542670,168332,261772,430104,71791,148285,220076,10570,35836,46406
2021-12-22,2410413,2849138,5259551,789827,827088,1616915,430373,468337,898710,400775,447411,848186,302372,353809,656181,236334,306516,542850,168364,261826,430190,71795,148303,220098,10573,35848,46421
2021-12-23,2414280,2852872,5267152,792851,829943,1622794,430798,468716,899514,401014,447652,848666,302494,353939,656433,236375,306582,542957,168377,261863,430240,71798,148323,220121,10573,35854,46427
2021-12-24,2415371,2853831,5269202,793584,830612,1624196,430966,468842,899808,401106,447739,848845,302560,353979,656539,236396,306599,542995,168385,261871,430256,71799,148330,220129,10575,35859,46434
2021-12-25,2415375,2853844,5269219,793584,830613,1624197,430966,468842,899808,401106,447739,848845,302560,353979,656539,236396,306602,542998,168388,261871,430259,71799,148336,220135,10576,35862,46438
2021-12-26,2417575,2856008,5273583,795257,832224,1627481,431219,469112,900331,401257,447895,849152,302640,354036,656676,236423,306635,543058,168398,261893,430291,71804,148345,220149,10577,35868,46445
2021-12-27,2421879,2859863,5281742,798222,834790,1633012,431875,469692,901567,401652,448215,849867,302832,354254,657086,236493,306716,543209,168417,261942,430359,71809,148376,220185,10579,35878,46457
2021-12-28,2426024,2863732,5289756,801062,837464,1638526,432469,470180,902649,402006,448554,850560,303074,354445,657519,236564,306807,543371,168453,261989,430442,71816,148403,220219,10580,35890,46470
2021-12-29,2430522,2867812,5298334,804361,840485,1644846,433078,470657,903735,402353,448884,851237,303234,354576,657810,236616,306860,543476,168471,262020,430491,71826,148436,220262,10583,35894,46477
2021-12-30,2434734,2871552,5306286,807491,843236,1650727,433636,471093,904729,402635,449153,851788,303394,354712,658106,236668,306922,543590,168494,262066,430560,71833,148467,220300,10583,35903,46486
2021-12-31,2435944,2872685,5308629,808377,844039,1652416,433793,471248,905041,402745,449232,851977,303426,354766,658192,236682,306941,543623,168503,262080,430583,71835,148474,220309,10583,35905,46488
2022-01-01,2435948,2872690,5308638,808380,844043,1652423,433793,471249,905042,402746,449232,851978,303426,354766,658192,236682,306941,543623,168503,262080,430583,71835,148474,220309,10583,35905,46488
2022-01-02,2438178,2874834,5313012,810080,845643,1655723,434043,471513,905556,402894,449365,852259,303511,354846,658357,236714,306973,543687,168515,262098,430613,71838,148488,220326,10583,35908,46491
2022-01-03,2441849,2878072,5319921,812318,847662,1659980,434872,472116,906988,403222,449655,852877,303690,355015,658705,236779,307059,543838,168536,262136,430672,71848,148517,220365,10584,35912,46496
2022-01-04,2444935,2881084,5326019,814342,849610,1663952,435402,472569,907971,403503,449951,853454,303855,355181,659036,236841,307134,543975,168555,262180,430735,71851,148543,220394,10586,35916,46502
2022-01-05,2448624,2884579,5333203,816730,851891,1668621,436174,473163,909337,403782,450224,854006,304014,355355,659369,236901,307217,544118,168577,262234,430811,71859,148574,220433,10587,35921,46508
2022-01-06,2451816,2887599,5339415,819102,854071,1673173,436600,473503,910103,403990,450443,854433,304118,355465,659583,236953,307307,544260,168599,262275,430874,71864,148599,220463,10590,35936,46526
2022-01-07,2456764,2892402,5349166,822469,857325,1679794,437483,474260,911743,404375,450795,855170,304297,355666,659963,237041,307446,544487,168628,262332,430960,71875,148633,220508,10596,35945,46541
2022-01-08,2458826,2894353,5353179,823895,858719,1682614,437790,474531,912321,404552,450920,855472,304390,355747,660137,237082,307483,544565,168643,262355,430998,71878,148646,220524,10596,35952,46548
2022-01-09,2461122,2896389,5357511,825554,860196,1685750,438170,474843,913013,404695,451041,855736,304453,355808,660261,237119,307515,544634,168654,262377,431031,71879,148654,220533,10598,35955,46553
2022-01-10,2463758,2898746,5362504,827377,861868,1689245,438618,475164,913782,404896,451211,856107,304553,355888,660441,237150,307567,544717,168676,262414,431090,71887,148674,220561,10601,35960,46561
2022-01-11,2466616,2901437,5368053,829417,863748,1693165,439054,475554,914608,405123,451418,856541,304638,356000,660638,237190,307616,544806,168697,262443,431140,71893,148692,220585,10604,35966,46570
2022-01-12,2469285,2903978,5373263,831478,865672,1697150,439350,475814,915164,405301,451575,856876,304726,356073,660799,237218,307671,544889,168711,262485,431196,71896,148711,220607,10605,35977,46582
2022-01-13,2472027,2906491,5378518,833676,867667,1701343,439609,476048,915657,405446,451714,857160,304804,356142,660946,237257,307713,544970,168725,262506,431231,71903,148718,220621,10607,35983,46590
2022-01-14,2474591,2908864,5383455,835689,869565,1705254,439899,476255,916154,405592,451847,857439,304883,356203,661086,237278,307753,545031,168730,262527,431257,71912,148727,220639,10608,35987,46595
2022-01-15,2476135,2910260,5386395,836954,870715,1707669,440064,476382,916446,405654,451900,857554,304918,356237,661155,237287,307773,545060,168736,262532,431268,71914,148730,220644,10608,35991,46599
2022-01-16,2477608,2911665,5389273,838127,871841,1709968,440241,476523,916764,405723,451963,857686,304948,356277,661225,237306,307792,545098,168740,262542,431282,71915,148734,220649,10608,35993,46601
2022-01-17,2480805,2914660,5395465,840249,873782,1714031,440827,477048,917875,405970,452216,858186,305097,356414,661511,237370,307871,545241,168761,262578,431339,71921,148750,220671,10610,36001,46611
2022-01-18,2483640,2917267,5400907,842129,875475,1717604,441316,477475,918791,406252,452470,858722,305219,356532,661751,237407,307922,545329,168778,262613,431391,71926,148770,220696,10613,36010,46623
2022-01-19,2486416,2919712,5406128,844066,877232,1721298,441754,477801,919555,406471,452632,859103,305320,356630,661950,237466,307968,545434,168798,262650,431448,71927,148785,220712,10614,36014,46628
2022-01-20,2489995,2923103,5413098,846728,879736,1726464,442196,478186,920382,406686,452857,859543,305479,356781,662260,237535,308035,545570,168819,262684,431503,71937,148806,220743,10615,36018,46633
2022-01-21,2493147,2926021,5419168,849044,881833,1730877,442576,478525,921101,406941,453072,860013,305600,356901,662501,237579,308099,545678,168844,262726,431570,71944,148839,220783,10619,36026,46645
2022-01-22,2494556,2927324,5421880,850026,882726,1732752,442787,478711,921498,407070,453186,860256,305660,356959,662619,237600,308117,545717,168849,262744,431593,71945,148852,220797,10619,36029,46648
