FECHA,TotalM,TotalF,Total,<=30M,<=30F,<=30,31-40M,31-40F,31-40,41-50M,41-50F,41-50,51-60M,51-60F,51-60,61-70M,61-70F,61-70,71-80M,71-80F,71-80,81-90M,81-90F,81-90,>=91M,>=91F,>=91
2020-12-29,262,425,687,38,70,108,94,131,225,79,137,216,50,85,135,1,2,3,0,0,0,0,0,0,0,0,0
2020-12-30,564,918,1482,83,170,253,203,275,478,169,290,459,106,180,286,3,3,6,0,0,0,0,0,0,0,0,0
2020-12-31,603,964,1567,90,173,263,216,291,507,181,307,488,113,189,302,3,4,7,0,0,0,0,0,0,0,0,0
2021-01-01,603,964,1567,90,173,263,216,291,507,181,307,488,113,189,302,3,4,7,0,0,0,0,0,0,0,0,0
2021-01-02,744,1214,1958,104,202,306,271,392,663,228,374,602,137,241,378,4,5,9,0,0,0,0,0,0,0,0,0
2021-01-03,794,1316,2110,112,216,328,293,435,728,240,403,643,145,257,402,4,5,9,0,0,0,0,0,0,0,0,0
2021-01-04,1120,1849,2969,169,309,478,398,624,1022,334,560,894,214,351,565,5,5,10,0,0,0,0,0,0,0,0,0
2021-01-05,1594,2588,4182,238,437,675,597,867,1464,454,785,1239,299,490,789,6,8,14,0,1,1,0,0,0,0,0,0
2021-01-06,2115,3376,5491,329,585,914,795,1107,1902,599,1014,1613,385,660,1045,7,9,16,0,1,1,0,0,0,0,0,0
2021-01-07,2646,4282,6928,414,742,1156,977,1420,2397,749,1280,2029,499,830,1329,7,9,16,0,1,1,0,0,0,0,0,0
2021-01-08,3311,5460,8771,535,972,1507,1202,1822,3024,940,1618,2558,622,1035,1657,12,12,24,0,1,1,0,0,0,0,0,0
2021-01-09,3479,5732,9211,549,1012,1561,1273,1924,3197,992,1704,2696,653,1079,1732,12,12,24,0,1,1,0,0,0,0,0,0
2021-01-10,3687,6092,9779,582,1060,1642,1362,2076,3438,1045,1806,2851,684,1137,1821,14,12,26,0,1,1,0,0,0,0,0,0
2021-01-11,4344,7284,11628,693,1318,2011,1627,2478,4105,1219,2129,3348,789,1343,2132,16,15,31,0,1,1,0,0,0,0,0,0
2021-01-12,4934,8374,13308,788,1508,2296,1862,2867,4729,1369,2419,3788,898,1563,2461,17,16,33,0,1,1,0,0,0,0,0,0
2021-01-13,5399,9265,14664,867,1688,2555,2026,3190,5216,1497,2653,4150,991,1717,2708,18,16,34,0,1,1,0,0,0,0,0,0
2021-01-14,6198,10682,16880,1036,1968,3004,2318,3677,5995,1714,3048,4762,1112,1971,3083,18,17,35,0,1,1,0,0,0,0,0,0
2021-01-15,7391,12902,20293,1251,2419,3670,2783,4448,7231,2020,3661,5681,1319,2353,3672,18,20,38,0,1,1,0,0,0,0,0,0
2021-01-16,7865,13757,21622,1347,2572,3919,2959,4775,7734,2140,3903,6043,1401,2486,3887,18,20,38,0,1,1,0,0,0,0,0,0
2021-01-17,8150,14302,22452,1413,2665,4078,3072,4990,8062,2212,4056,6268,1435,2570,4005,18,20,38,0,1,1,0,0,0,0,0,0
2021-01-18,8337,14618,22955,1441,2719,4160,3132,5094,8226,2268,4159,6427,1478,2625,4103,18,20,38,0,1,1,0,0,0,0,0,0
2021-01-19,8622,15088,23710,1477,2786,4263,3214,5264,8478,2362,4304,6666,1549,2712,4261,20,21,41,0,1,1,0,0,0,0,0,0
2021-01-20,8913,15594,24507,1508,2882,4390,3323,5415,8738,2449,4462,6911,1613,2810,4423,20,24,44,0,1,1,0,0,0,0,0,0
2021-01-21,9040,15782,24822,1531,2912,4443,3367,5467,8834,2482,4525,7007,1635,2851,4486,25,25,50,0,2,2,0,0,0,0,0,0
2021-01-22,9077,15831,24908,1537,2922,4459,3382,5481,8863,2494,4542,7036,1637,2858,4495,26,26,52,1,2,3,0,0,0,0,0,0
2021-01-23,9195,16033,25228,1547,2943,4490,3427,5562,8989,2533,4602,7135,1660,2898,4558,27,26,53,1,2,3,0,0,0,0,0,0
2021-01-24,9239,16121,25360,1552,2952,4504,3447,5599,9046,2544,4628,7172,1668,2914,4582,27,26,53,1,2,3,0,0,0,0,0,0
2021-01-25,9520,16580,26100,1597,3029,4626,3531,5746,9277,2624,4771,7395,1738,3004,4742,29,28,57,1,2,3,0,0,0,0,0,0
2021-01-26,9897,17232,27129,1638,3134,4772,3678,5931,9609,2731,4990,7721,1815,3143,4958,34,32,66,1,2,3,0,0,0,0,0,0
2021-01-27,10345,17895,28240,1713,3250,4963,3848,6128,9976,2848,5184,8032,1897,3297,5194,38,34,72,1,2,3,0,0,0,0,0,0
2021-01-28,10806,18704,29510,1788,3395,5183,4001,6401,10402,2977,5410,8387,2000,3461,5461,39,35,74,1,2,3,0,0,0,0,0,0
2021-01-29,11439,19765,31204,1890,3583,5473,4243,6775,11018,3159,5717,8876,2103,3649,5752,43,39,82,1,2,3,0,0,0,0,0,0
2021-01-30,11591,20025,31616,1909,3621,5530,4302,6879,11181,3204,5795,8999,2132,3689,5821,43,39,82,1,2,3,0,0,0,0,0,0
2021-01-31,11709,20250,31959,1932,3654,5586,4344,6972,11316,3236,5855,9091,2152,3728,5880,44,39,83,1,2,3,0,0,0,0,0,0
2021-02-01,12255,21194,33449,2023,3829,5852,4568,7304,11872,3386,6110,9496,2232,3906,6138,45,43,88,1,2,3,0,0,0,0,0,0
2021-02-02,13438,23198,36636,2136,4073,6209,4857,7770,12627,3592,6548,10140,2458,4368,6826,351,406,757,38,31,69,5,2,7,1,0,1
2021-02-03,14706,25509,40215,2274,4400,6674,5181,8387,13568,3845,7094,10939,2705,4842,7547,618,724,1342,74,58,132,8,4,12,1,0,1
2021-02-04,15948,27833,43781,2433,4724,7157,5540,9051,14591,4137,7660,11797,2926,5324,8250,785,974,1759,113,93,206,12,7,19,2,0,2
2021-02-05,17857,31545,49402,2713,5302,8015,6160,10221,16381,4542,8569,13111,3283,6059,9342,976,1250,2226,164,135,299,17,9,26,2,0,2
2021-02-06,18299,32352,50651,2794,5420,8214,6296,10498,16794,4658,8799,13457,3369,6214,9583,998,1276,2274,165,136,301,17,9,26,2,0,2
2021-02-07,18652,33004,51656,2848,5510,8358,6409,10735,17144,4768,8991,13759,3427,6325,9752,1014,1297,2311,167,137,304,17,9,26,2,0,2
2021-02-08,19520,34597,54117,2976,5790,8766,6687,11236,17923,4979,9419,14398,3577,6596,10173,1103,1400,2503,178,147,325,18,9,27,2,0,2
2021-02-09,20511,36526,57037,3117,6132,9249,6990,11804,18794,5206,9882,15088,3758,6999,10757,1223,1546,2769,192,154,346,23,9,32,2,0,2
2021-02-10,21052,37552,58604,3200,6297,9497,7124,12128,19252,5351,10145,15496,3866,7204,11070,1282,1608,2890,201,161,362,26,9,35,2,0,2
2021-02-11,21506,38617,60123,3271,6478,9749,7268,12475,19743,5448,10414,15862,3938,7402,11340,1339,1670,3009,213,169,382,27,9,36,2,0,2
2021-02-12,22014,39571,61585,3344,6635,9979,7435,12808,20243,5563,10691,16254,4028,7540,11568,1386,1711,3097,226,177,403,30,9,39,2,0,2
2021-02-13,22042,39615,61657,3346,6643,9989,7446,12825,20271,5569,10700,16269,4036,7549,11585,1386,1712,3098,227,177,404,30,9,39,2,0,2
2021-02-14,22048,39640,61688,3348,6650,9998,7448,12833,20281,5569,10710,16279,4038,7549,11587,1386,1712,3098,227,177,404,30,9,39,2,0,2
2021-02-15,22048,39640,61688,3348,6650,9998,7448,12833,20281,5569,10710,16279,4038,7549,11587,1386,1712,3098,227,177,404,30,9,39,2,0,2
2021-02-16,22059,39676,61735,3349,6651,10000,7456,12851,20307,5571,10723,16294,4038,7552,11590,1386,1712,3098,227,178,405,30,9,39,2,0,2
2021-02-17,22859,41181,64040,3476,6879,10355,7703,13302,21005,5741,11155,16896,4184,7838,12022,1484,1816,3300,239,182,421,30,9,39,2,0,2
2021-02-18,24710,45068,69778,3695,7420,11115,8227,14351,22578,6120,12180,18300,4548,8621,13169,1751,2205,3956,318,276,594,49,15,64,2,0,2
2021-02-19,26383,48888,75271,3891,7954,11845,8675,15467,24142,6549,13165,19714,4857,9357,14214,1962,2540,4502,383,380,763,61,25,86,5,0,5
2021-02-20,26838,49674,76512,3936,8037,11973,8812,15740,24552,6661,13358,20019,4945,9507,14452,2015,2622,4637,402,385,787,62,25,87,5,0,5
2021-02-21,27167,50178,77345,3971,8102,12073,8905,15927,24832,6741,13489,20230,5024,9593,14617,2048,2652,4700,409,390,799,64,25,89,5,0,5
2021-02-22,30589,56421,87010,4166,8548,12714,9258,16791,26049,7010,14188,21198,5279,10138,15417,2360,2966,5326,803,923,1726,1541,2441,3982,172,426,598
2021-02-23,34561,63811,98372,4417,9076,13493,9703,17888,27591,7437,15190,22627,5642,10938,16580,2838,3578,6416,1160,1421,2581,3014,4859,7873,350,861,1211
2021-02-24,38612,71417,110029,4674,9539,14213,10255,18941,29196,7884,16156,24040,5969,11691,17660,3223,4082,7305,1559,2036,3595,4534,7608,12142,514,1364,1878
2021-02-25,42657,78958,121615,4908,10072,14980,10779,20030,30809,8378,17052,25430,6341,12478,18819,3567,4575,8142,1895,2608,4503,6071,10272,16343,718,1871,2589
2021-02-26,46570,86829,133399,5159,10633,15792,11324,21149,32473,8758,18006,26764,6737,13334,20071,3921,5079,9000,2255,3139,5394,7510,13055,20565,906,2434,3340
2021-02-27,47095,87927,135022,5199,10707,15906,11423,21276,32699,8846,18128,26974,6797,13441,20238,3977,5181,9158,2319,3267,5586,7613,13362,20975,921,2565,3486
2021-02-28,47249,88280,135529,5214,10724,15938,11453,21335,32788,8863,18162,27025,6810,13458,20268,4011,5214,9225,2334,3305,5639,7638,13455,21093,926,2627,3553
2021-03-01,50334,94353,144687,5324,10957,16281,11716,21860,33576,9086,18561,27647,6975,13841,20816,4204,5464,9668,2692,3865,6557,9211,16646,25857,1126,3159,4285
2021-03-02,53374,100231,153605,5450,11256,16706,11947,22363,34310,9260,18990,28250,7131,14187,21318,4391,5777,10168,3063,4436,7499,10796,19553,30349,1336,3669,5005
2021-03-03,56255,106035,162290,5583,11514,17097,12197,22958,35155,9481,19485,28966,7290,14575,21865,4529,6012,10541,3367,4953,8320,12258,22330,34588,1550,4208,5758
2021-03-04,57536,108901,166437,5706,11834,17540,12430,23513,35943,9670,19905,29575,7429,14906,22335,4649,6239,10888,3485,5157,8642,12586,23002,35588,1581,4345,5926
2021-03-05,58651,111497,170148,5800,12080,17880,12678,24090,36768,9866,20452,30318,7594,15307,22901,4769,6456,11225,3559,5300,8859,12772,23387,36159,1613,4425,6038
2021-03-06,59307,113822,173129,5840,12319,18159,12853,24615,37468,10001,20962,30963,7696,15735,23431,4797,6512,11309,3625,5445,9070,12859,23689,36548,1636,4545,6181
2021-03-07,59954,115887,175841,5875,12510,18385,12998,25105,38103,10148,21418,31566,7818,16096,23914,4832,6556,11388,3693,5577,9270,12934,23939,36873,1656,4686,6342
2021-03-08,61408,119209,180617,5966,12764,18730,13182,25551,38733,10283,21805,32088,7955,16445,24400,4963,6827,11790,3872,5884,9756,13459,24948,38407,1728,4985,6713
2021-03-09,65174,126054,191228,6124,13070,19194,13516,26236,39752,10555,22337,32892,8208,16947,25155,5234,7182,12416,4291,6554,10845,15292,28075,43367,1954,5653,7607
2021-03-10,69219,134771,203990,6336,13588,19924,13905,27359,41264,10891,23448,34339,8556,17941,26497,5458,7516,12974,4695,7199,11894,17176,31396,48572,2202,6324,8526
2021-03-11,74407,147094,221501,6746,14503,21249,14650,29392,44042,11456,25634,37090,9081,19566,28647,5825,8053,13878,5139,7937,13076,19098,35045,54143,2412,6964,9376
2021-03-12,78215,157401,235616,7178,15552,22730,15482,31922,47404,12138,28162,40300,9658,21427,31085,6114,8511,14625,5370,8266,13636,19757,36326,56083,2518,7235,9753
2021-03-13,79709,162503,242212,7372,16337,23709,15901,33424,49325,12516,29564,42080,9956,22390,32346,6204,8640,14844,5400,8345,13745,19825,36500,56325,2535,7303,9838
2021-03-14,80753,166458,247211,7469,16850,24319,16206,34528,50734,12808,30788,43596,10198,23326,33524,6284,8773,15057,5425,8385,13810,19828,36505,56333,2535,7303,9838
2021-03-15,83729,175430,259159,7730,17877,25607,16853,36743,53596,13362,32953,46315,10702,25017,35719,6568,9295,15863,5637,8711,14348,20274,37404,57678,2603,7430,10033
2021-03-16,87657,184882,272539,7997,18721,26718,17465,38525,55990,13926,34673,48599,11162,26444,37606,6902,9894,16796,6014,9282,15296,21478,39601,61079,2713,7742,10455
2021-03-17,91837,194127,285964,8291,19400,27691,18087,40230,58317,14505,36292,50797,11610,27668,39278,7294,10600,17894,6438,9957,16395,22755,41906,64661,2857,8074,10931
2021-03-18,96216,203993,300209,8629,20304,28933,18832,42161,60993,15189,38066,53255,12192,29108,41300,7617,11192,18809,6878,10650,17528,23882,44057,67939,2997,8455,11452
2021-03-19,100386,213903,314289,8987,21302,30289,19615,44228,63843,15965,39939,55904,12824,30607,43431,7871,11577,19448,7180,11161,18341,24795,46104,70899,3149,8985,12134
2021-03-20,102572,218843,321415,9057,21523,30580,19822,44703,64525,16156,40404,56560,13021,31078,44099,8329,12653,20982,7565,11784,19349,25375,47404,72779,3247,9294,12541
2021-03-21,104246,222308,326554,9081,21586,30667,19893,44837,64730,16199,40485,56684,13116,31273,44389,8966,14073,23039,7984,12470,20454,25706,48113,73819,3301,9471,12772
2021-03-22,106336,226793,333129,9247,21885,31132,20206,45528,65734,16442,41063,57505,13349,31917,45266,9542,15519,25061,8453,13154,21607,25783,48231,74014,3314,9496,12810
2021-03-23,109362,233748,343110,9368,22157,31525,20468,46106,66574,16659,41599,58258,13555,32378,45933,9950,16389,26339,8908,13897,22805,26939,50948,77887,3515,10274,13789
2021-03-24,111222,237877,349099,9374,22174,31548,20480,46134,66614,16669,41626,58295,13593,32440,46033,10188,16955,27143,9251,14554,23805,27995,53218,81213,3672,10776,14448
2021-03-25,113332,242170,355502,9505,22473,31978,20740,46694,67434,16916,42066,58982,13754,32760,46514,10282,17110,27392,9557,15014,24571,28785,54870,83655,3793,11183,14976
2021-03-26,114443,244801,359244,9542,22570,32112,20849,46892,67741,16994,42238,59232,13842,32899,46741,10403,17495,27898,9739,15408,25147,29199,55797,84996,3875,11502,15377
2021-03-27,115179,246663,361842,9544,22576,32120,20854,46907,67761,16997,42251,59248,13847,32921,46768,10420,17535,27955,9888,15738,25626,29685,56877,86562,3944,11858,15802
2021-03-28,115888,248546,364434,9546,22580,32126,20857,46914,67771,16998,42262,59260,13855,32933,46788,10450,17574,28024,10029,15997,26026,30118,58020,88138,4035,12266,16301
2021-03-29,118192,254387,372579,9746,23106,32852,21279,48009,69288,17346,43163,60509,14135,33673,47808,10601,17861,28462,10268,16394,26662,30671,59425,90096,4146,12756,16902
2021-03-30,121348,261620,382968,9868,23402,33270,21524,48667,70191,17575,43699,61274,15190,36049,51239,11368,19106,30474,10638,17088,27726,30976,60467,91443,4209,13142,17351
2021-03-31,125511,270134,395645,10098,23932,34030,22018,49909,71927,18008,44779,62787,15427,36547,51974,11529,19325,30854,12683,20260,32943,31438,61763,93201,4310,13619,17929
2021-04-01,130039,277717,407756,10122,23961,34083,22044,49992,72036,18549,45815,64364,15814,37301,53115,11597,19526,31123,15749,24612,40361,31788,62625,94413,4376,13885,18261
2021-04-02,134453,284932,419385,10123,23964,34087,22046,49998,72044,19460,47550,67010,15821,37315,53136,11612,19552,31164,18916,29260,48176,32061,63237,95298,4414,14056,18470
2021-04-03,138203,291014,429217,10124,23972,34096,22049,50002,72051,19469,47557,67026,15829,37322,53151,11621,19563,31184,22495,34899,57394,32168,63529,95697,4448,14170,18618
2021-04-04,139309,292763,432072,10124,23972,34096,22050,50003,72053,19471,47565,67036,15833,37326,53159,11639,19580,31219,23566,36590,60156,32173,63546,95719,4453,14181,18634
2021-04-05,145384,302563,447947,10212,24102,34314,22125,50203,72328,19548,47773,67321,15913,37522,53435,11773,19773,31546,29026,45104,74130,32302,63810,96112,4485,14276,18761
2021-04-06,152224,313580,465804,10315,24250,34565,22250,50432,72682,19618,47923,67541,15976,37645,53621,11885,19955,31840,35132,54649,89781,32519,64297,96816,4529,14429,18958
2021-04-07,159787,325496,485283,10406,24370,34776,22375,50700,73075,19692,48095,67787,16055,37787,53842,12538,20766,33304,41265,64147,105412,32864,65025,97889,4592,14606,19198
2021-04-08,168273,337590,505863,10569,24535,35104,22585,50969,73554,19795,48252,68047,16140,37955,54095,14064,22997,37061,47487,72953,120440,33017,65245,98262,4616,14684,19300
2021-04-09,175624,348872,524496,10697,24784,35481,22809,51358,74167,19918,48510,68428,16230,38140,54370,15406,24853,40259,52753,80825,133578,33164,65579,98743,4647,14823,19470
2021-04-10,178728,353634,532362,10745,24892,35637,22873,51509,74382,19995,48631,68626,16284,38262,54546,16062,25860,41922,54897,83995,138892,33218,65633,98851,4654,14852,19506
2021-04-11,181640,358255,539895,10793,25000,35793,22970,51691,74661,20048,48794,68842,16349,38428,54777,16661,26770,43431,56914,86994,143908,33247,65695,98942,4658,14883,19541
2021-04-12,189756,370779,560535,10924,25243,36167,23151,52043,75194,20164,49022,69186,16458,38623,55081,18273,29076,47349,62767,95915,158682,33337,65894,99231,4682,14963,19645
2021-04-13,197429,382563,579992,11129,25430,36559,23383,52381,75764,20381,49258,69639,16650,38994,55644,20240,32494,52734,67484,102790,170274,33460,66156,99616,4702,15060,19762
2021-04-14,204028,392370,596398,11362,25506,36868,23565,52547,76112,20537,49444,69981,16715,39062,55777,21055,33520,54575,71322,108723,180045,34629,68109,102738,4843,15459,20302
2021-04-15,207311,398080,605391,11498,25552,37050,23666,52587,76253,20616,49467,70083,16757,39108,55865,22349,36337,58686,72851,111211,184062,34712,68304,103016,4862,15514,20376
2021-04-16,211113,403822,614935,11598,25585,37183,23714,52614,76328,20658,49491,70149,16773,39125,55898,22979,37176,60155,75435,115062,190497,35032,69062,104094,4924,15707,20631
2021-04-17,211430,404310,615740,11614,25599,37213,23739,52631,76370,20695,49524,70219,16810,39156,55966,23022,37216,60238,75574,115334,190908,35050,69119,104169,4926,15731,20657
2021-04-18,211577,404471,616048,11630,25605,37235,23761,52647,76408,20724,49557,70281,16853,39185,56038,23031,37233,60264,75589,115351,190940,35059,69148,104207,4930,15745,20675
2021-04-19,215622,410833,626455,11789,25635,37424,23825,52659,76484,20774,49574,70348,16868,39197,56065,23522,37911,61433,78394,119746,198140,35455,70128,105583,4995,15983,20978
2021-04-20,221790,421423,643213,11952,25698,37650,23906,52728,76634,20841,49659,70500,17320,40257,57577,26540,42844,69384,79999,122192,202191,36039,71466,107505,5193,16579,21772
2021-04-21,230201,433516,663717,12036,25744,37780,23955,52773,76728,20888,49704,70592,17405,40472,57877,34296,53779,88075,80329,122816,203145,36086,71593,107679,5206,16635,21841
2021-04-22,240270,447447,687717,12083,25790,37873,23994,52819,76813,20920,49756,70676,17447,40540,57987,43757,66752,110509,80699,123406,204105,36155,71717,107872,5215,16667,21882
2021-04-23,250473,460655,711128,12110,25837,37947,24041,52874,76915,20971,49831,70802,17517,40616,58133,53489,79107,132596,80917,123796,204713,36205,71859,108064,5223,16735,21958
2021-04-24,253387,464172,717559,12115,25846,37961,24046,52882,76928,20986,49847,70833,17535,40638,58173,56106,82298,138404,81132,123984,205116,36234,71922,108156,5233,16755,21988
2021-04-25,253468,464296,717764,12117,25848,37965,24050,52885,76935,20991,49859,70850,17544,40645,58189,56163,82377,138540,81134,123993,205127,36234,71930,108164,5235,16759,21994
2021-04-26,254974,466678,721652,12131,25853,37984,24062,52899,76961,21000,49869,70869,17549,40661,58210,57480,84390,141870,81262,124215,205477,36249,72006,108255,5241,16785,22026
2021-04-27,256359,469531,725890,12207,25924,38131,24111,52991,77102,21043,49936,70979,17582,40719,58301,58382,86058,144440,81493,124934,206427,36294,72147,108441,5247,16822,22069
2021-04-28,263425,485571,748996,12930,27759,40689,25661,57303,82964,22331,53787,76118,18598,43675,62273,60628,88692,149320,81696,125255,206951,36328,72243,108571,5253,16857,22110
2021-04-29,269966,498732,768698,13384,29082,42466,26738,60501,87239,23365,56782,80147,19461,46036,65497,63366,91369,154735,81993,125630,207623,36386,72409,108795,5273,16923,22196
2021-04-30,271297,500718,772015,13455,29207,42662,26835,60678,87513,23414,56876,80290,19494,46109,65603,64199,92482,156681,82194,125911,208105,36422,72490,108912,5284,16965,22249
2021-05-01,271831,501788,773619,13466,29238,42704,26892,60781,87673,23437,56933,80370,19517,46149,65666,64510,93075,157585,82285,126069,208354,36438,72549,108987,5286,16994,22280
2021-05-02,276130,511630,787760,13774,30180,43954,27704,62952,90656,24249,59008,83257,20158,47774,67932,65003,94124,159127,83475,127909,211384,36475,72648,109123,5292,17035,22327
2021-05-03,284336,523176,807512,13830,30285,44115,27807,63117,90924,24301,59097,83398,20981,48935,69916,69897,100621,170518,85654,131194,216848,36557,72832,109389,5309,17095,22404
2021-05-04,295900,537466,833366,13922,30408,44330,27902,63294,91196,24346,59196,83542,22960,51404,74364,78927,111609,190536,85921,131509,217430,36600,72910,109510,5322,17136,22458
2021-05-05,306545,552789,859334,14044,30596,44640,28113,63484,91597,24576,59333,83909,23534,52073,75607,82041,116238,198279,92011,140245,232256,36867,73534,110401,5359,17286,22645
2021-05-06,310165,558149,868314,14154,30696,44850,28268,63600,91868,24775,59389,84164,23957,52499,76456,83697,118970,202667,93000,142027,235027,36935,73647,110582,5379,17321,22700
2021-05-07,318127,571243,889370,14290,30984,45274,28495,64117,92612,24971,59772,84743,24215,53006,77221,85080,121784,206864,98623,150293,248916,37050,73878,110928,5403,17409,22812
2021-05-08,320518,586543,907061,14472,32596,47068,28965,67618,96583,25476,64376,89852,24780,56644,81424,85657,123574,209231,98691,150386,249077,37064,73918,110982,5413,17431,22844
2021-05-09,320656,586766,907422,14472,32596,47068,28965,67618,96583,25477,64376,89853,24802,56656,81458,85728,123652,209380,98705,150407,249112,37086,73983,111069,5421,17478,22899
2021-05-10,321483,589280,910763,14498,32638,47136,28996,67671,96667,25504,64420,89924,24950,56907,81857,86045,125071,211116,98903,150869,249772,37150,74153,111303,5437,17551,22988
2021-05-11,324774,593210,917984,14519,32674,47193,29027,67731,96758,25536,64475,90011,25579,57651,83230,88441,127759,216200,99034,151055,250089,37187,74256,111443,5451,17609,23060
2021-05-12,328342,597627,925969,14554,32707,47261,29073,67793,96866,25579,64538,90117,26262,58447,84709,90930,130555,221485,99204,151429,250633,37273,74460,111733,5467,17698,23165
2021-05-13,331234,603018,934252,14609,32814,47423,29167,68027,97194,25658,64697,90355,26441,58760,85201,91816,132264,224080,100699,153946,254645,37359,74710,112069,5485,17800,23285
2021-05-14,332570,606074,938644,14664,32911,47575,29259,68216,97475,25732,64834,90566,26610,58996,85606,92404,133735,226139,100985,154602,255587,37413,74891,112304,5503,17889,23392
2021-05-15,338984,611244,950228,14684,32952,47636,29297,68283,97580,25762,64883,90645,27807,60201,88008,97398,137193,234591,101081,154776,255857,37443,75013,112456,5512,17943,23455
2021-05-16,339857,613552,953409,14742,33144,47886,29505,68984,98489,26015,65593,91608,27984,60602,88586,97527,137348,234875,101106,154818,255924,37456,75087,112543,5522,17976,23498
2021-05-17,344131,617887,962018,14794,33234,48028,29677,69404,99081,26120,65883,92003,28823,61383,90206,100347,139548,239895,101335,155200,256535,37497,75199,112696,5538,18036,23574
2021-05-18,348701,621798,970499,14823,33287,48110,29740,69480,99220,26183,65964,92147,29685,62229,91914,103763,142063,245826,101435,155398,256833,37525,75295,112820,5547,18082,23629
2021-05-19,352154,625137,977291,14864,33388,48252,29851,69695,99546,26228,66081,92309,30317,62868,93185,106208,143878,250086,101569,155717,257286,37560,75387,112947,5557,18123,23680
2021-05-20,362727,637092,999819,14935,33532,48467,30001,69934,99935,26316,66261,92577,33242,66183,99425,112799,150381,263180,102146,156743,258889,37706,75827,113533,5582,18231,23813
2021-05-21,364875,641484,1006359,15040,33792,48832,30189,70481,100670,26423,66660,93083,33339,66530,99869,113248,151214,264462,103265,158537,261802,37781,75985,113766,5590,18285,23875
2021-05-22,366399,643610,1010009,15092,33867,48959,30231,70543,100774,26446,66723,93169,33547,66791,100338,114216,152447,266663,103460,158879,262339,37812,76055,113867,5595,18305,23900
2021-05-23,368772,645971,1014743,15116,33913,49029,30257,70610,100867,26471,66764,93235,34554,67880,102434,115401,153330,268731,103540,159032,262572,37831,76120,113951,5602,18322,23924
2021-05-24,369463,647540,1017003,15153,33995,49148,30323,70743,101066,26508,66865,93373,34778,68119,102897,115672,154207,269879,103591,159136,262727,37836,76145,113981,5602,18330,23932
2021-05-25,374072,656025,1030097,15163,34017,49180,30329,70759,101088,26510,66882,93392,34957,68291,103248,115950,154949,270899,104070,159972,264042,41085,81849,122934,6008,19306,25314
2021-05-26,376342,659423,1035765,15197,34066,49263,30371,70840,101211,26545,66953,93498,36029,69253,105282,116149,155284,271433,104237,160286,264523,41703,83158,124861,6111,19583,25694
2021-05-27,385672,674404,1060076,15258,34183,49441,30467,71003,101470,26639,67115,93754,38710,71705,110415,116431,155492,271923,104926,161478,266404,46535,92243,138778,6706,21185,27891
2021-05-28,396184,689232,1085416,15365,34339,49704,30641,71247,101888,26931,67385,94316,44503,78482,122985,116661,155731,272392,105445,162293,267738,49555,97575,147130,7083,22180,29263
2021-05-29,405148,697562,1102710,15369,34347,49716,30651,71259,101910,27561,67858,95419,52261,85406,137667,116850,155960,272810,105521,162423,267944,49818,98055,147873,7117,22254,29371
2021-05-30,413462,705113,1118575,15376,34355,49731,30657,71266,101923,29337,69399,98736,58642,91241,149883,116934,156038,272972,105544,162451,267995,49849,98099,147948,7123,22264,29387
2021-05-31,425002,720460,1145462,15471,34533,50004,30821,71549,102370,35687,75454,111141,62042,96761,158803,117547,156908,274455,105731,162816,268547,50480,99795,150275,7223,22644,29867
2021-06-01,436112,733046,1169158,15663,34788,50451,31419,71963,103382,42745,82828,125573,64227,99277,163504,117663,157080,274743,105893,163093,268986,51214,101089,152303,7288,22928,30216
2021-06-02,445156,745876,1191032,16278,35437,51715,33122,74563,107685,46755,88115,134870,66252,101872,168124,117825,157301,275126,106019,163308,269327,51547,102033,153580,7358,23247,30605
2021-06-03,457805,765333,1223138,19297,40470,59767,38353,82526,120879,50017,92516,142533,66828,102716,169544,117972,157503,275475,106109,163498,269607,51821,102664,154485,7408,23440,30848
2021-06-04,471032,781599,1252631,22261,44056,66317,43123,87269,130392,52969,96730,149699,67843,104108,171951,119026,158669,277695,106411,164028,270439,51955,103153,155108,7444,23586,31030
2021-06-05,481928,791838,1273766,24927,46429,71356,47901,91198,139099,54805,98455,153260,68521,104800,173321,119678,159405,279083,106558,164311,270869,52062,103515,155577,7476,23725,31201
2021-06-06,490329,801629,1291958,27968,50457,78425,51695,95293,146988,55726,99187,154913,68944,105176,174120,119754,159485,279239,106615,164441,271056,52129,103722,155851,7498,23868,31366
2021-06-07,503960,815786,1319746,31051,53811,84862,54997,98041,153038,59017,102327,161344,72276,109066,181342,120135,159885,280020,106737,164661,271398,52216,103985,156201,7531,24010,31541
2021-06-08,516597,832809,1349406,32059,55298,87357,56354,100081,156435,60491,104379,164870,80355,119003,199358,120282,160082,280364,106929,164988,271917,52539,104702,157241,7588,24276,31864
2021-06-09,529186,845943,1375129,32395,55635,88030,57004,100752,157756,61196,104937,166133,91059,130102,221161,120376,160211,280587,106983,165075,272058,52571,104846,157417,7602,24385,31987
2021-06-10,543458,860888,1404346,33159,56495,89654,58057,101962,160019,63114,106943,170057,101160,140194,241354,120667,160584,281251,107069,165230,272299,52611,105007,157618,7621,24473,32094
2021-06-11,553218,876695,1429913,33358,56731,90089,58526,102268,160794,63862,107603,171465,102542,141689,244231,120803,160825,281628,107997,166683,274680,57968,114836,172804,8162,26060,34222
2021-06-12,559547,884543,1444090,33796,57324,91120,59136,103064,162200,65214,109157,174371,105629,144714,250343,120851,160907,281758,108141,166976,275117,58538,116018,174556,8242,26383,34625
2021-06-13,563656,888941,1452597,33998,57579,91577,59418,103394,162812,66122,110120,176242,108265,147437,255702,120888,160947,281835,108153,166995,275148,58564,116077,174641,8248,26392,34640
2021-06-14,569748,895618,1465366,34745,58434,93179,60449,104463,164912,67471,111468,178939,110924,150256,261180,120936,161013,281949,108192,167090,275282,58759,116414,175173,8272,26480,34752
2021-06-15,583696,909277,1492973,34864,58613,93477,60652,104749,165401,67901,111922,179823,123462,161865,285327,121152,161236,282388,108335,167399,275734,59019,116895,175914,8311,26598,34909
2021-06-16,591294,919524,1510818,35284,59243,94527,61485,105804,167289,69692,114033,183725,125514,164109,289623,121312,161451,282763,110227,170157,280384,59396,117815,177211,8384,26912,35296
2021-06-17,602851,933795,1536646,35480,59528,95008,61922,106243,168165,72676,117259,189935,129701,168409,298110,121840,162134,283974,112980,174211,287191,59789,118768,178557,8463,27243,35706
2021-06-18,617286,948999,1566285,36142,60354,96496,62987,107360,170347,81095,125285,206380,132912,171699,304611,122242,162678,284920,113469,175005,288474,59947,119205,179152,8492,27413,35905
2021-06-19,627909,960567,1588476,36355,60655,97010,63134,107609,170743,89392,133725,223117,134376,173132,307508,122494,162961,285455,113572,175220,288792,60062,119624,179686,8524,27641,36165
2021-06-20,627914,960572,1588486,36355,60657,97012,63136,107609,170745,89393,133727,223120,134377,173132,307509,122494,162962,285456,113573,175220,288793,60062,119624,179686,8524,27641,36165
2021-06-21,633936,966688,1600624,36378,60680,97058,63176,107666,170842,94451,138734,233185,135029,173755,308784,122649,163150,285799,113641,175312,288953,60082,119713,179795,8530,27678,36208
2021-06-22,639033,971881,1610914,36532,60937,97469,63390,107949,171339,96800,140952,237752,136758,175259,312017,123093,163635,286728,113788,175523,289311,60124,119868,179992,8548,27758,36306
2021-06-23,648631,981497,1630128,36671,61177,97848,63578,108311,171889,104690,148509,253199,137863,176185,314048,123234,163858,287092,113855,175641,289496,60178,119999,180177,8562,27817,36379
2021-06-24,664046,1000964,1665010,36877,61585,98462,64221,112486,176707,117781,161530,279311,138943,177372,316315,123466,164173,287639,113981,175856,289837,60210,120106,180316,8567,27856,36423
2021-06-25,676943,1019737,1696680,37279,62771,100050,64941,115530,180471,122616,166468,289084,139910,178485,318395,128040,170378,298418,115152,177500,292652,60402,120610,181012,8603,27995,36598
2021-06-26,686251,1031730,1717981,37317,62813,100130,64979,115582,180561,123460,167307,290767,140475,179184,319659,134884,179086,313970,115943,178710,294653,60562,120952,181514,8631,28096,36727
2021-06-27,694402,1040732,1735134,37381,62921,100302,65057,115722,180779,126986,170903,297889,143257,181998,325255,135932,180316,316248,116492,179536,296028,60649,121192,181841,8648,28144,36792
2021-06-28,711699,1060461,1772160,38079,64591,102670,65665,118141,183806,140824,183809,324633,144515,183279,327794,136631,181329,317960,116637,179794,296431,60689,121301,181990,8659,28217,36876
2021-06-29,729960,1079131,1809091,38280,64946,103226,66123,118964,185087,156592,198728,355320,145270,184067,329337,137344,182375,319719,116880,180216,297096,60798,121535,182333,8673,28300,36973
2021-06-30,749540,1098435,1847975,38438,65149,103587,71280,123870,195150,168863,210394,379257,145948,184724,330672,138509,183899,322408,116985,180406,297391,60834,121628,182462,8683,28365,37048
2021-07-01,762292,1111824,1874116,38548,65370,103918,76089,128628,204717,174411,215628,390039,146906,185780,332686,139314,184999,324313,117342,180979,298321,60973,121955,182928,8709,28485,37194
2021-07-02,772156,1130111,1902267,39135,66559,105694,78440,132394,210834,175934,217369,393303,147259,186301,333560,140140,186381,326521,117991,182182,300173,64073,128826,192899,9184,30099,39283
2021-07-03,783092,1142425,1925517,39158,66602,105760,84492,137720,222212,178490,220097,398587,147760,186875,334635,140550,186920,327470,118329,182811,301140,65001,130801,195802,9312,30599,39911
2021-07-04,793527,1152757,1946284,39673,67446,107119,93689,146171,239860,178896,220566,399462,147893,186998,334891,140638,187049,327687,118386,182891,301277,65029,130955,195984,9323,30681,40004
2021-07-05,798588,1158250,1956838,39940,67851,107791,97219,149179,246398,179144,220852,399996,148031,187128,335159,140957,187511,328468,118624,183298,301922,65307,131559,196866,9366,30872,40238
2021-07-06,811601,1170410,1982011,40364,68517,108881,108840,159026,267866,179416,221180,400596,148220,187371,335591,141139,187723,328862,118727,183516,302243,65493,132048,197541,9402,31029,40431
2021-07-07,817247,1176686,1993933,40523,68671,109194,112779,162601,275380,180086,222100,402186,148474,187768,336242,141285,187942,329227,118878,183825,302703,65774,132595,198369,9448,31184,40632
2021-07-08,836084,1192988,2029072,40893,69204,110097,127826,174910,302736,182377,224168,406545,149190,188502,337692,141567,188302,329869,118948,183952,302900,65820,132727,198547,9463,31223,40686
2021-07-09,848939,1206022,2054961,41569,69930,111499,136516,183148,319664,184594,226367,410961,150030,189339,339369,141834,188719,330553,119087,184472,303559,65842,132804,198646,9467,31243,40710
2021-07-10,859728,1217485,2077213,43029,71692,114721,144479,190976,335455,184975,226798,411773,150208,189571,339779,142299,189265,331564,119341,184895,304236,65919,132996,198915,9478,31292,40770
2021-07-11,861881,1221142,2083023,43287,72055,115342,145546,192265,337811,185136,227179,412315,150280,189772,340052,142323,189304,331627,119453,185101,304554,66325,133957,200282,9531,31509,41040
2021-07-12,879843,1237132,2116975,46335,75001,121336,159523,204015,363538,185577,227710,413287,150511,190044,340555,142430,189475,331905,119513,185228,304741,66406,134103,200509,9548,31556,41104
2021-07-13,890157,1245901,2136058,48118,76635,124753,166874,210005,376879,186327,228341,414668,150784,190316,341100,142527,189577,332104,119553,185293,304846,66420,134148,200568,9554,31586,41140
2021-07-14,893627,1249209,2142836,48752,77352,126104,169152,211909,381061,186632,228709,415341,150945,190481,341426,142582,189640,332222,119569,185340,304909,66435,134174,200609,9560,31604,41164
2021-07-15,907602,1268813,2176415,49173,78057,127230,170430,214268,384698,193500,235761,429261,152146,192832,344978,143295,190781,334076,122137,189112,311249,67239,135941,203180,9682,32061,41743
2021-07-16,921414,1288515,2209929,49511,78476,127987,171442,217246,388688,200763,243808,444571,152640,193509,346149,143446,190978,334424,126216,195154,321370,67643,137002,204645,9753,32342,42095
2021-07-17,933587,1301936,2235523,50912,80219,131131,176570,222630,399200,205015,248273,453288,153416,194357,347773,143690,191241,334931,126509,195658,322167,67707,137172,204879,9768,32386,42154
2021-07-18,944768,1313887,2258655,53905,84006,137911,179457,225259,404716,208627,251887,460514,154852,195808,350660,143857,191475,335332,126573,195796,322369,67726,137249,204975,9771,32407,42178
2021-07-19,961370,1331790,2293160,56588,87299,143887,180912,227810,408722,219463,261886,481349,155949,196903,352852,144057,191698,335755,126705,196004,322709,67878,137667,205545,9818,32523,42341
2021-07-20,979818,1351426,2331244,64018,95773,159791,183427,230695,414122,226803,268615,495418,156666,197670,354336,144248,191934,336182,126860,196299,323159,67960,137858,205818,9836,32582,42418
2021-07-21,998425,1370262,2368687,77975,109820,187795,186750,234001,420751,227490,269332,496822,156998,197989,354987,144400,192084,336484,126985,196523,323508,67984,137907,205891,9843,32606,42449
2021-07-22,1017445,1387698,2405143,90976,121454,212430,190832,237597,428429,228658,270493,499151,157498,198598,356096,144563,192314,336877,127053,196616,323669,68013,137984,205997,9852,32642,42494
2021-07-23,1032957,1405257,2438214,96933,128583,225516,193637,240488,434125,234314,276534,510848,158284,199544,357828,144760,192613,337373,127131,196748,323879,68043,138070,206113,9855,32677,42532
2021-07-24,1047207,1419867,2467074,97669,129558,227227,194126,240943,435069,239979,281994,521973,165213,206622,371835,145016,192928,337944,127223,196868,324091,68120,138227,206347,9861,32727,42588
2021-07-25,1058803,1433713,2492516,104573,138653,243226,197051,243711,440762,240879,283027,523906,165834,207244,373078,145209,193133,338342,127257,196925,324182,68135,138267,206402,9865,32753,42618
2021-07-26,1076353,1455549,2531902,110118,145650,255768,201482,249401,450883,245456,288427,533883,168252,209976,378228,145574,193639,339213,127401,197236,324637,68197,138414,206611,9873,32806,42679
2021-07-27,1091587,1474339,2565926,117196,153927,271123,204460,253239,457699,248257,292028,540285,169492,211452,380944,146375,194529,340904,127634,197634,325268,68281,138657,206938,9892,32873,42765
2021-07-28,1109359,1494797,2604156,132465,171085,303550,205736,254726,460462,248983,293052,542035,169806,211918,381724,146503,194701,341204,127668,197717,325385,68297,138704,207001,9901,32894,42795
2021-07-29,1128355,1513014,2641369,147647,185332,332979,207742,256604,464346,250052,294279,544331,170291,212443,382734,146670,194877,341547,127732,197793,325525,68313,138755,207068,9908,32931,42839
2021-07-30,1144938,1529377,2674315,153437,190666,344103,213805,262483,476288,253414,297739,551153,171333,213609,384942,146900,195160,342060,127790,197936,325726,68347,138812,207159,9912,32972,42884
2021-07-31,1159419,1540590,2700009,155060,192383,347443,221487,269113,490600,257692,299756,557448,171961,214100,386061,147095,195349,342444,127839,198014,325853,68367,138873,207240,9918,33002,42920
2021-08-01,1165768,1548354,2714122,156484,194277,350761,224306,272607,496913,259068,301184,560252,172441,214646,387087,147279,195583,342862,127886,198109,325995,68383,138922,207305,9921,33026,42947
2021-08-02,1184383,1566420,2750803,159442,197616,357058,235447,282470,517917,262648,304887,567535,173126,215397,388523,147451,195813,343264,127943,198213,326156,68399,138978,207377,9927,33046,42973
2021-08-03,1200805,1581768,2782573,167483,204938,372421,238414,285159,523573,265225,307077,572302,175598,218100,393698,147739,196088,343827,127998,198302,326300,68414,139034,207448,9934,33070,43004
2021-08-04,1213751,1597005,2810756,169463,207489,376952,241149,288021,529170,266837,309085,575922,181940,225520,407460,147925,196324,344249,128066,198397,326463,68434,139081,207515,9937,33088,43025
2021-08-05,1222905,1605944,2828849,173168,210970,384138,244749,291412,536161,268102,310369,578471,182362,226015,408377,148049,196478,344527,128093,198483,326576,68444,139111,207555,9938,33106,43044
2021-08-06,1227349,1611309,2838658,173835,211754,385589,245614,292193,537807,268469,310718,579187,182568,226259,408827,149160,197951,347111,129290,200144,329434,68471,139168,207639,9942,33122,43064
2021-08-07,1237590,1625731,2863321,174927,212651,387578,245673,292258,537931,268512,310780,579292,182625,226317,408942,150462,199827,350289,136874,211385,348259,68560,139345,207905,9957,33168,43125
2021-08-08,1246679,1638687,2885366,174934,212667,387601,245683,292275,537958,268522,310795,579317,182653,226377,409030,155753,207075,362828,140490,216735,357225,68669,139557,208226,9975,33206,43181
2021-08-09,1260956,1658357,2919313,175070,212825,387895,245895,292490,538385,268694,311030,579724,183697,227905,411602,166364,221664,388028,142487,219417,361904,68762,139775,208537,9987,33251,43238
2021-08-10,1275322,1677361,2952683,175421,213244,388665,246391,293014,539405,269874,311864,581738,185045,229708,414753,173648,231476,405124,146054,224731,370785,68882,140018,208900,10007,33306,43313
2021-08-11,1290333,1693998,2984331,176742,214360,391102,246679,293461,540140,270178,312290,582468,187470,232336,419806,182490,240564,423054,147742,227378,375120,69009,140248,209257,10023,33361,43384
2021-08-12,1299989,1706929,3006918,177123,214791,391914,246933,293748,540681,270407,312565,582972,189278,234607,423885,186221,244877,431098,150850,232370,383220,69129,140542,209671,10048,33429,43477
2021-08-13,1313082,1725130,3038212,177240,214920,392160,247120,293930,541050,270554,312758,583312,189653,235057,424710,191827,251858,443685,157164,241730,398894,69428,141267,210695,10096,33610,43706
2021-08-14,1321500,1737838,3059338,177327,215052,392379,247269,294146,541415,270714,313068,583782,191250,237234,428484,197368,260034,457402,157947,243123,401070,69511,141510,211021,10114,33671,43785
2021-08-15,1333143,1750449,3083592,177792,215608,393400,248064,295111,543175,272127,314488,586615,197987,244261,442248,199069,261661,460730,158384,243879,402263,69588,141702,211290,10132,33739,43871
2021-08-16,1342517,1762338,3104855,179208,217191,396399,249201,296362,545563,274629,317417,592046,199894,246610,446504,200168,263073,463241,159537,245799,405336,69719,142053,211772,10161,33833,43994
2021-08-17,1358667,1776346,3135013,186758,223829,410587,255447,301817,557264,276003,318627,594630,200684,247026,447710,200306,263251,463557,159570,245864,405434,69733,142093,211826,10166,33839,44005
2021-08-18,1370132,1788680,3158812,191608,228422,420030,256861,303567,560428,277202,320001,597203,202440,248900,451340,202008,264962,466970,160039,246691,406730,69799,142255,212054,10175,33882,44057
2021-08-19,1376133,1794905,3171038,194025,230716,424741,257672,304363,562035,277675,320583,598258,203886,250294,454180,202593,265617,468210,160268,247098,407366,69834,142331,212165,10180,33903,44083
2021-08-20,1389379,1807251,3196630,196523,233278,429801,259192,305514,564706,278886,321582,600468,211611,257468,469079,202795,265862,468657,160336,247249,407585,69853,142383,212236,10183,33915,44098
2021-08-21,1398745,1819398,3218143,198110,235394,433504,261452,308854,570306,281080,324520,605600,214449,260558,475007,203171,266282,469453,160422,247403,407825,69873,142450,212323,10188,33937,44125
2021-08-22,1408647,1830601,3239248,199646,237335,436981,266696,314337,581033,282812,326627,609439,215409,261674,477083,203518,266699,470217,160489,247511,408000,69887,142479,212366,10190,33939,44129
2021-08-23,1425972,1846296,3272268,206998,244269,451267,274412,320632,595044,284128,327968,612096,216084,262392,478476,203724,266950,470674,160535,247611,408146,69900,142517,212417,10191,33957,44148
2021-08-24,1438431,1859501,3297932,215986,253514,469500,276327,322435,598762,284928,328917,613845,216625,263154,479779,203892,267224,471116,160571,247719,408290,69907,142563,212470,10195,33975,44170
2021-08-25,1454163,1875311,3329474,218346,255921,474267,277500,323971,601471,291693,335318,627011,221515,267894,489409,204299,267689,471988,160674,247870,408544,69936,142644,212580,10200,34004,44204
2021-08-26,1469311,1892987,3362298,220251,258405,478656,278425,325281,603706,292271,336152,628423,225257,271572,496829,211012,274571,485583,161786,249822,411608,70076,143069,213145,10233,34115,44348
2021-08-27,1487778,1911048,3398826,231183,269218,500401,281819,328038,609857,293279,337183,630462,227689,274088,501777,211564,275228,486792,161902,250013,411915,70104,143139,213243,10238,34141,44379
2021-08-28,1498864,1924377,3423241,239376,279704,519080,283471,329483,612954,294056,337902,631958,228024,274530,502554,211647,275341,486988,161938,250102,412040,70112,143168,213280,10240,34147,44387
2021-08-29,1510347,1937213,3447560,240349,280971,521320,284024,330192,614216,296079,340012,636091,235463,282563,518026,211969,275756,487725,162059,250333,412392,70159,143226,213385,10245,34160,44405
2021-08-30,1526373,1954001,3480374,244386,284653,529039,286392,332502,618894,299258,342991,642249,239373,286520,525893,213624,277876,491500,162807,251636,414443,70275,143572,213847,10258,34251,44509
2021-08-31,1542028,1971363,3513391,255537,297364,552901,288413,334346,622759,300847,344636,645483,240006,287235,527241,213797,278133,491930,162873,251750,414623,70292,143628,213920,10263,34271,44534
2021-09-01,1558073,1988496,3546569,269993,311746,581739,289015,335003,624018,301228,345150,646378,240273,287708,527981,214032,278871,492903,162962,252038,415000,70306,143698,214004,10264,34282,44546
2021-09-02,1574044,2007564,3581608,279712,321474,601186,290557,337373,627930,303885,349005,652890,241788,290031,531819,214394,279370,493764,163115,252253,415368,70326,143767,214093,10267,34291,44558
2021-09-03,1588735,2024775,3613510,285800,327607,613407,292193,339118,631311,308215,354757,662972,243407,292181,535588,215217,280421,495638,163277,252536,415813,70356,143840,214196,10270,34315,44585
2021-09-04,1600890,2036833,3637723,289095,330916,620011,295634,342299,637933,312946,359523,672469,243935,292713,536648,215332,280585,495917,163315,252606,415921,70362,143872,214234,10271,34319,44590
2021-09-05,1613148,2048960,3662108,290355,332253,622608,298053,344604,642657,320595,367043,687638,244698,293444,538142,215455,280758,496213,163353,252644,415997,70367,143889,214256,10272,34325,44597
2021-09-06,1629429,2064963,3694392,291945,333749,625694,298716,345354,644070,331469,377817,709286,247313,295701,543014,215872,281264,497136,163447,252789,416236,70387,143951,214338,10280,34338,44618
2021-09-07,1647613,2085161,3732774,292909,335121,628030,300395,347877,648272,339602,385445,725047,250976,299526,550502,218831,284714,503545,164110,253817,417927,70484,144256,214740,10306,34405,44711
2021-09-08,1658113,2095707,3753820,295411,337313,632724,303072,350390,653462,342630,388587,731217,252439,301121,553560,219453,285379,504832,164277,254095,418372,70520,144378,214898,10311,34444,44755
2021-09-09,1673283,2110716,3783999,297870,339921,637791,312276,358809,671085,344806,390965,735771,253492,302289,555781,219667,285642,505309,164325,254189,418514,70533,144445,214978,10314,34456,44770
2021-09-10,1678327,2116147,3794474,300145,342095,642240,313058,359769,672827,345192,391391,736583,254686,303597,558283,219997,286044,506041,164384,254310,418694,70549,144481,215030,10316,34460,44776
2021-09-11,1681717,2119410,3801127,300826,342778,643604,314717,361166,675883,345450,391688,737138,255374,304354,559728,220071,286123,506194,164412,254342,418754,70551,144496,215047,10316,34463,44779
2021-09-12,1682579,2120388,3802967,301043,343059,644102,315062,361500,676562,345636,391904,737540,255465,304466,559931,220089,286143,506232,164417,254354,418771,70551,144498,215049,10316,34464,44780
2021-09-13,1689973,2127656,3817629,305405,347576,652981,317701,363810,681511,345842,392127,737969,255580,304588,560168,220128,286180,506308,164435,254377,418812,70560,144523,215083,10322,34475,44797
2021-09-14,1696442,2135235,3831677,305893,348171,654064,318114,364278,682392,346232,392575,738807,259826,309105,568931,220878,287426,508304,164589,254595,419184,70585,144588,215173,10325,34497,44822
2021-09-15,1714027,2155020,3869047,307030,349599,656629,319757,366588,686345,349626,396438,746064,268529,317952,586481,223265,290176,513441,164821,255005,419826,70656,144726,215382,10343,34536,44879
2021-09-16,1730673,2173996,3904669,309418,353000,662418,329351,376707,706058,352030,399024,751054,269889,319626,589515,223990,291006,514996,164952,255254,420206,70692,144820,215512,10351,34559,44910
2021-09-17,1744681,2188214,3932895,317848,361580,679428,332493,379626,712119,353334,400357,753691,270686,320498,591184,224221,291307,515528,165030,255381,420411,70713,144887,215600,10356,34578,44934
2021-09-18,1756894,2201392,3958286,326454,370555,697009,334614,381829,716443,354245,401494,755739,271137,321097,592234,224317,291478,515795,165048,255441,420489,70721,144915,215636,10358,34583,44941
2021-09-19,1766071,2210721,3976792,331757,375637,707394,336740,383972,720712,355280,402636,757916,271649,321656,593305,224447,291666,516113,165101,255577,420678,70738,144978,215716,10359,34599,44958
2021-09-20,1773273,2217641,3990914,335204,378951,714155,338946,385840,724786,356134,403548,759682,272079,322108,594187,224622,291868,516490,165178,255701,420879,70748,145018,215766,10362,34607,44969
2021-09-21,1785646,2229166,4014812,345233,388240,733473,340296,386922,727218,356685,404092,760777,272370,322456,594826,224729,292035,516764,165209,255762,420971,70759,145041,215800,10365,34618,44983
2021-09-22,1794290,2236996,4031286,350790,393116,743906,342300,388554,730854,357264,404687,761951,272662,322819,595481,224860,292204,517064,165270,255889,421159,70775,145087,215862,10369,34640,45009
2021-09-23,1800114,2242954,4043068,354745,397186,751931,343376,389520,732896,357714,405151,762865,272896,323088,595984,224917,292300,517217,165311,255945,421256,70786,145116,215902,10369,34648,45017
2021-09-24,1805871,2248869,4054740,357713,400232,757945,344604,390745,735349,358696,406087,764783,273322,323530,596852,225019,292443,517462,165350,256015,421365,70796,145153,215949,10371,34664,45035
2021-09-25,1809547,2251938,4061485,358841,401165,760006,345929,391585,737514,359268,406698,765966,273822,324066,597888,225143,292550,517693,165368,256042,421410,70804,145164,215968,10372,34668,45040
2021-09-26,1821826,2263172,4084998,359521,401928,761449,347549,393249,740798,364335,411143,775478,278351,327884,606235,225459,292919,518378,165421,256149,421570,70816,145222,216038,10374,34678,45052
2021-09-27,1833743,2274174,4107917,361395,404165,765560,352982,397986,750968,367505,413797,781302,279534,328848,608382,225647,293166,518813,165467,256236,421703,70838,145278,216116,10375,34698,45073
2021-09-28,1847822,2288169,4135991,362407,405127,767534,362694,406253,768947,368754,415219,783973,280334,329792,610126,226200,293937,520137,166066,257359,423425,70976,145686,216662,10391,34796,45187
2021-09-29,1856583,2296776,4153359,364975,407888,772863,367118,410056,777174,369627,416098,785725,280880,330353,611233,226403,294183,520586,166178,257584,423762,71011,145790,216801,10391,34824,45215
2021-09-30,1865154,2306671,4171825,370336,413652,783988,368234,411434,779668,370686,417069,787755,281617,331426,613043,226630,294659,521289,166234,257745,423979,71025,145852,216877,10392,34834,45226
2021-10-01,1870820,2312272,4183092,373258,416672,789930,369488,412669,782157,371535,417779,789314,282107,331844,613951,226747,294786,521533,166263,257801,424064,71030,145881,216911,10392,34840,45232
2021-10-02,1873677,2315070,4188747,374442,417890,792332,370328,413390,783718,372023,418250,790273,282349,332057,614406,226820,294880,521700,166283,257849,424132,71039,145907,216946,10393,34847,45240
2021-10-03,1876871,2317846,4194717,375954,419210,795164,371337,414136,785473,372432,418604,791036,282506,332236,614742,226900,294987,521887,166302,257894,424196,71046,145928,216974,10394,34851,45245
2021-10-04,1882598,2323322,4205920,378456,421538,799994,373196,415704,788900,373158,419321,792479,282915,332694,615609,227061,295241,522302,166355,257990,424345,71059,145969,217028,10398,34865,45263
2021-10-05,1886023,2326672,4212695,379842,422961,802803,374148,416525,790673,373747,419881,793628,283272,333067,616339,227168,295349,522517,166378,258023,424401,71067,145993,217060,10401,34873,45274
2021-10-06,1893152,2333957,4227109,385398,428756,814154,374873,417132,792005,374207,420314,794521,283527,333332,616859,227257,295457,522714,166408,258060,424468,71078,146020,217098,10404,34886,45290
2021-10-07,1896217,2336974,4233191,386717,429914,816631,375724,417917,793641,374616,420752,795368,283854,333714,617568,227381,295620,523001,166435,258117,424552,71081,146045,217126,10409,34895,45304
2021-10-08,1906869,2347416,4254285,387376,430829,818205,381885,423382,805267,375825,422055,797880,285240,335183,620423,228551,296773,525324,166484,258207,424691,71098,146086,217184,10410,34901,45311
2021-10-09,1916681,2357053,4273734,387993,431573,819566,386366,427342,813708,377055,423296,800351,287506,337529,625035,229715,297986,527701,166526,258299,424825,71110,146120,217230,10410,34908,45318
2021-10-10,1923674,2364206,4287880,388432,432195,820627,389943,430651,820594,377839,424183,802022,288841,338883,627724,230537,298876,529413,166551,258360,424911,71120,146144,217264,10411,34914,45325
2021-10-11,1928290,2368718,4297008,391005,434598,825603,391015,431687,822702,378406,424712,803118,289116,339192,628308,230621,298998,529619,166586,258427,425013,71130,146186,217316,10411,34918,45329
2021-10-12,1939202,2378936,4318138,397779,440685,838464,392404,432999,825403,379695,426043,805738,290058,340138,630196,231055,299418,530473,166655,258514,425169,71144,146214,217358,10412,34925,45337
2021-10-13,1955753,2396401,4352154,412925,456517,869442,392843,433471,826314,380132,426508,806640,290410,340576,630986,231198,299596,530794,166674,258551,425225,71156,146240,217396,10415,34942,45357
2021-10-14,1968866,2409401,4378267,422650,465952,888602,394559,435173,829732,381008,427397,808405,290932,341189,632121,231395,299821,531216,166731,258630,425361,71172,146286,217458,10419,34953,45372
2021-10-15,1981800,2421898,4403698,430130,472681,902811,397761,438190,835951,382331,428770,811101,291560,342012,633572,231612,300200,531812,166797,258747,425544,71188,146330,217518,10421,34968,45389
2021-10-16,1990560,2430828,4421388,436504,478955,915459,399056,439512,838568,382960,429508,812468,291868,342361,634229,231729,300349,532078,166827,258811,425638,71195,146353,217548,10421,34979,45400
2021-10-17,1993664,2434387,4428051,438604,481179,919783,399476,440042,839518,383238,429857,813095,292065,342623,634688,231814,300468,532282,166847,258860,425707,71198,146375,217573,10422,34983,45405
2021-10-18,2005845,2446169,4452014,448330,490655,938985,400470,440899,841369,384065,430565,814630,292544,343090,635634,231945,300663,532608,166866,258902,425768,71203,146398,217601,10422,34997,45419
2021-10-19,2015069,2455003,4470072,454111,496202,950313,402019,442243,844262,385088,431553,816641,293077,343645,636722,232238,300980,533218,166899,258958,425857,71214,146416,217630,10423,35006,45429
2021-10-20,2024006,2463571,4487577,461203,503032,964235,402854,442968,845822,385669,432096,817765,293365,343925,637290,232348,301096,533444,166920,259005,425925,71221,146437,217658,10426,35012,45438
2021-10-21,2034797,2474762,4509559,469744,512061,981805,403899,443865,847764,386250,432633,818883,293730,344288,638018,232543,301324,533867,166956,259069,426025,71247,146486,217733,10428,35036,45464
2021-10-22,2048565,2489303,4537868,480636,523354,1003990,405266,445244,850510,386929,433434,820363,294314,344935,639249,232732,301587,534319,166999,259164,426163,71261,146540,217801,10428,35045,45473
2021-10-23,2057251,2498066,4555317,488077,530869,1018946,405952,445907,851859,387187,433716,820903,294489,345099,639588,232821,301669,534490,167022,259199,426221,71271,146557,217828,10432,35050,45482
2021-10-24,2066390,2507176,4573566,496752,539471,1036223,406142,446105,852247,387314,433858,821172,294567,345179,639746,232870,301726,534596,167036,259220,426256,71275,146564,217839,10434,35053,45487
2021-10-25,2076320,2517445,4593765,504764,547346,1052110,406994,446979,853973,387908,434548,822456,294866,345594,640460,232983,301953,534936,167080,259339,426419,71288,146620,217908,10437,35066,45503
2021-10-26,2088032,2528804,4616836,515049,557332,1072381,407761,447654,855415,388232,434887,823119,295074,345786,640860,233069,302031,535100,167108,259381,426489,71300,146650,217950,10439,35083,45522
2021-10-27,2100403,2541403,4641806,526181,568613,1094794,408321,448225,856546,388597,435252,823849,295277,345992,641269,233143,302139,535282,167140,259427,426567,71305,146669,217974,10439,35086,45525
2021-10-28,2113085,2554245,4667330,537398,579922,1117320,408983,448836,857819,389002,435664,824666,295531,346259,641790,233238,302276,535514,167176,259483,426659,71313,146704,218017,10444,35101,45545
2021-10-29,2125491,2566634,4692125,548914,591404,1140318,409461,449265,858726,389212,435902,825114,295653,346375,642028,233298,302337,535635,167189,259513,426702,71319,146728,218047,10445,35110,45555
2021-10-30,2133941,2575190,4709131,556787,599363,1156150,409782,449564,859346,389355,436054,825409,295728,346453,642181,233331,302374,535705,167192,259535,426727,71321,146735,218056,10445,35112,45557
2021-10-31,2141949,2583039,4724988,564121,606581,1170702,410117,449901,860018,389535,436199,825734,295829,346538,642367,233366,302408,535774,167208,259557,426765,71326,146741,218067,10447,35114,45561
2021-11-01,2149841,2590137,4739978,568683,610942,1179625,412405,451583,863988,390158,436714,826872,296105,346834,642939,233484,302562,536046,167230,259622,426852,71329,146757,218086,10447,35123,45570
2021-11-02,2153645,2593923,4747568,571108,613106,1184214,413217,452403,865620,390472,437108,827580,296270,347060,643330,233543,302666,536209,167243,259667,426910,71336,146778,218114,10456,35135,45591
2021-11-03,2163037,2603953,4766990,579890,622527,1202417,413492,452646,866138,390645,437268,827913,296379,347164,643543,233578,302720,536298,167254,259693,426947,71342,146794,218136,10457,35141,45598
2021-11-04,2172681,2613680,4786361,588972,631627,1220599,413737,452912,866649,390806,437415,828221,296465,347247,643712,233614,302779,536393,167273,259739,427012,71352,146812,218164,10462,35149,45611
2021-11-05,2176568,2617165,4793733,592326,634601,1226927,413950,453124,867074,390943,437539,828482,296580,347325,643905,233654,302827,536481,167291,259762,427053,71361,146829,218190,10463,35158,45621
2021-11-06,2179843,2620407,4800250,595194,637391,1232585,414128,453299,867427,391036,437650,828686,296667,347424,644091,233688,302860,536548,167299,259783,427082,71366,146840,218206,10465,35160,45625
2021-11-07,2183060,2623509,4806569,597921,640035,1237956,414349,453500,867849,391167,437757,828924,296745,347481,644226,233724,302906,536630,167315,259807,427122,71374,146856,218230,10465,35167,45632
2021-11-08,2191861,2632585,4824446,605982,648159,1254141,414682,453882,868564,391365,437989,829354,296876,347655,644531,233779,302997,536776,167333,259859,427192,71378,146867,218245,10466,35177,45643
2021-11-09,2195943,2636694,4832637,609524,651633,1261157,414941,454155,869096,391520,438153,829673,296963,347765,644728,233809,303038,536847,167339,259887,427226,71381,146878,218259,10466,35185,45651
2021-11-10,2201849,2642155,4844004,614929,656531,1271460,415180,454399,869579,391639,438275,829914,297031,347839,644870,233860,303088,536948,167359,259926,427285,71384,146899,218283,10467,35198,45665
2021-11-11,2206783,2646892,4853675,619200,660563,1279763,415480,454649,870129,391801,438447,830248,297132,347964,645096,233903,303156,537059,167391,259975,427366,71405,146933,218338,10471,35205,45676
2021-11-12,2214290,2654486,4868776,626030,667417,1293447,415727,454896,870623,392017,438673,830690,297249,348068,645317,233963,303245,537208,167415,260020,427435,71413,146953,218366,10476,35214,45690
2021-11-13,2215445,2655540,4870985,627177,668461,1295638,415730,454898,870628,392019,438674,830693,297250,348070,645320,233963,303249,537212,167415,260021,427436,71414,146953,218367,10477,35214,45691
2021-11-14,2216816,2656898,4873714,628533,669811,1298344,415737,454904,870641,392024,438676,830700,297253,348070,645323,233963,303249,537212,167415,260021,427436,71414,146953,218367,10477,35214,45691
2021-11-15,2223520,2663624,4887144,634538,675783,1310321,415985,455174,871159,392260,438918,831178,297422,348231,645653,233997,303289,537286,167423,260046,427469,71418,146967,218385,10477,35216,45693
2021-11-16,2233527,2673289,4906816,642166,683337,1325503,417017,456021,873038,393126,439650,832776,297732,348525,646257,234128,303442,537570,167455,260091,427546,71425,146998,218423,10478,35225,45703
2021-11-17,2245428,2684927,4930355,653498,694362,1347860,417329,456296,873625,393251,439794,833045,297817,348624,646441,234156,303486,537642,167464,260116,427580,71429,147014,218443,10484,35235,45719
2021-11-18,2256931,2696175,4953106,664500,705102,1369602,417555,456495,874050,393397,439934,833331,297901,348709,646610,234188,303525,537713,167473,260134,427607,71431,147030,218461,10486,35246,45732
2021-11-19,2268005,2706964,4974969,674700,714952,1389652,417961,456886,874847,393621,440165,833786,298051,348884,646935,234247,303603,537850,167501,260171,427672,71438,147050,218488,10486,35253,45739
2021-11-20,2271632,2710815,4982447,677982,718414,1396396,418089,457015,875104,393718,440275,833993,298127,348955,647082,234269,303648,537917,167514,260192,427706,71445,147061,218506,10488,35255,45743
2021-11-21,2275419,2714694,4990113,681269,721748,1403017,418266,457197,875463,393852,440430,834282,298244,349081,647325,234319,303700,538019,167528,260211,427739,71451,147069,218520,10490,35258,45748
2021-11-22,2280146,2719497,4999643,685501,726014,1411515,418475,457420,875895,393990,440554,834544,298341,349187,647528,234355,303736,538091,167539,260239,427778,71454,147082,218536,10491,35265,45756
2021-11-23,2287606,2726988,5014594,692108,732663,1424771,418877,457791,876668,394214,440768,834982,298498,349337,647835,234400,303797,538197,167556,260263,427819,71460,147099,218559,10493,35270,45763
2021-11-24,2296038,2735200,5031238,699662,740034,1439696,419315,458156,877471,394454,440987,835441,298633,349482,648115,234437,303859,538296,167572,260290,427862,71469,147117,218586,10496,35275,45771
2021-11-25,2298566,2737613,5036179,701571,741813,1443384,419660,458426,878086,394600,441169,835769,298692,349560,648252,234475,303909,538384,167588,260313,427901,71479,147144,218623,10501,35279,45780
2021-11-26,2304738,2743683,5048421,706710,746885,1453595,420111,458838,878949,394897,441441,836338,298872,349713,648585,234537,303997,538534,167616,260357,427973,71492,147163,218655,10503,35289,45792
2021-11-27,2309761,2748719,5058480,711235,751343,1462578,420299,459043,879342,395031,441589,836620,298983,349835,648818,234578,304051,538629,167632,260383,428015,71496,147179,218675,10507,35296,45803
2021-11-28,2314537,2753253,5067790,715565,755406,1470971,420519,459273,879792,395142,441713,836855,299046,349897,648943,234616,304075,538691,167641,260404,428045,71501,147187,218688,10507,35298,45805
2021-11-29,2319179,2757889,5077068,719437,759261,1478698,420911,459661,880572,395365,441920,837285,299157,349990,649147,234646,304130,538776,167650,260427,428077,71504,147195,218699,10509,35305,45814
