FECHA,TotalA,TotalB,Total,<=30A,<=30B,<=30,31-40A,31-40B,31-40,41-50A,41-50B,41-50,51-60A,51-60B,51-60,61-70A,61-70B,61-70,71-80A,71-80B,71-80,81-90A,81-90B,81-90,>=91A,>=91B,>=91
2020-12-29,670,0,670,106,0,106,217,0,217,213,0,213,131,0,131,3,0,3,0,0,0,0,0,0,0,0,0
2020-12-30,1454,0,1454,250,0,250,467,0,467,453,0,453,278,0,278,6,0,6,0,0,0,0,0,0,0,0,0
2020-12-31,1535,0,1535,260,0,260,495,0,495,481,0,481,292,0,292,7,0,7,0,0,0,0,0,0,0,0,0
2021-01-01,1535,0,1535,260,0,260,495,0,495,481,0,481,292,0,292,7,0,7,0,0,0,0,0,0,0,0,0
2021-01-02,1918,0,1918,302,0,302,644,0,644,595,0,595,368,0,368,9,0,9,0,0,0,0,0,0,0,0,0
2021-01-03,2066,0,2066,324,0,324,707,0,707,634,0,634,392,0,392,9,0,9,0,0,0,0,0,0,0,0,0
2021-01-04,2911,0,2911,472,0,472,997,0,997,880,0,880,552,0,552,10,0,10,0,0,0,0,0,0,0,0,0
2021-01-05,4111,0,4111,669,0,669,1435,0,1435,1217,0,1217,775,0,775,14,0,14,1,0,1,0,0,0,0,0,0
2021-01-06,5399,0,5399,905,0,905,1864,0,1864,1584,0,1584,1029,0,1029,16,0,16,1,0,1,0,0,0,0,0,0
2021-01-07,6818,0,6818,1147,0,1147,2352,0,2352,1992,0,1992,1310,0,1310,16,0,16,1,0,1,0,0,0,0,0,0
2021-01-08,8661,0,8661,1498,0,1498,2980,0,2980,2521,0,2521,1637,0,1637,24,0,24,1,0,1,0,0,0,0,0,0
2021-01-09,9100,0,9100,1552,0,1552,3152,0,3152,2659,0,2659,1712,0,1712,24,0,24,1,0,1,0,0,0,0,0,0
2021-01-10,9667,0,9667,1633,0,1633,3392,0,3392,2814,0,2814,1801,0,1801,26,0,26,1,0,1,0,0,0,0,0,0
2021-01-11,11516,0,11516,2002,0,2002,4059,0,4059,3311,0,3311,2112,0,2112,31,0,31,1,0,1,0,0,0,0,0,0
2021-01-12,13195,0,13195,2287,0,2287,4683,0,4683,3750,0,3750,2441,0,2441,33,0,33,1,0,1,0,0,0,0,0,0
2021-01-13,14550,0,14550,2545,0,2545,5170,0,5170,4112,0,4112,2688,0,2688,34,0,34,1,0,1,0,0,0,0,0,0
2021-01-14,16764,0,16764,2993,0,2993,5950,0,5950,4722,0,4722,3063,0,3063,35,0,35,1,0,1,0,0,0,0,0,0
2021-01-15,20176,0,20176,3659,0,3659,7186,0,7186,5641,0,5641,3651,0,3651,38,0,38,1,0,1,0,0,0,0,0,0
2021-01-16,21504,0,21504,3908,0,3908,7689,0,7689,6003,0,6003,3865,0,3865,38,0,38,1,0,1,0,0,0,0,0,0
2021-01-17,22333,0,22333,4067,0,4067,8016,0,8016,6228,0,6228,3983,0,3983,38,0,38,1,0,1,0,0,0,0,0,0
2021-01-18,22837,0,22837,4149,0,4149,8181,0,8181,6387,0,6387,4081,0,4081,38,0,38,1,0,1,0,0,0,0,0,0
2021-01-19,23236,354,23590,4213,39,4252,8320,111,8431,6500,126,6626,4164,75,4239,38,3,41,1,0,1,0,0,0,0,0,0
2021-01-20,23470,916,24386,4252,127,4379,8392,298,8690,6574,297,6871,4211,190,4401,40,4,44,1,0,1,0,0,0,0,0,0
2021-01-21,23594,1112,24706,4272,160,4432,8422,365,8787,6614,357,6971,4239,225,4464,45,5,50,2,0,2,0,0,0,0,0,0
2021-01-22,23613,1181,24794,4277,172,4449,8425,391,8816,6619,381,7000,4243,231,4474,46,6,52,3,0,3,0,0,0,0,0,0
2021-01-23,23652,1460,25112,4281,199,4480,8441,499,8940,6633,466,7099,4248,289,4537,46,7,53,3,0,3,0,0,0,0,0,0
2021-01-24,23672,1572,25244,4285,209,4494,8448,549,8997,6637,499,7136,4253,308,4561,46,7,53,3,0,3,0,0,0,0,0,0
2021-01-25,23757,2230,25987,4302,314,4616,8469,760,9229,6665,696,7361,4271,450,4721,47,10,57,3,0,3,0,0,0,0,0,0
2021-01-26,23892,3132,27024,4314,450,4764,8514,1049,9563,6708,979,7687,4303,638,4941,50,16,66,3,0,3,0,0,0,0,0,0
2021-01-27,24010,4127,28137,4334,621,4955,8548,1380,9928,6744,1257,8001,4326,852,5178,55,17,72,3,0,3,0,0,0,0,0,0
2021-01-28,24127,5277,29404,4346,830,5176,8594,1759,10353,6777,1577,8354,4350,1094,5444,57,17,74,3,0,3,0,0,0,0,0,0
2021-01-29,24185,6914,31099,4348,1118,5466,8614,2356,10970,6795,2048,8843,4368,1367,5735,57,25,82,3,0,3,0,0,0,0,0,0
2021-01-30,24191,7320,31511,4349,1175,5524,8616,2517,11133,6798,2167,8965,4368,1436,5804,57,25,82,3,0,3,0,0,0,0,0,0
2021-01-31,24192,7662,31854,4349,1231,5580,8616,2652,11268,6798,2259,9057,4369,1494,5863,57,26,83,3,0,3,0,0,0,0,0,0
2021-02-01,24193,9152,33345,4349,1497,5846,8616,3209,11825,6798,2664,9462,4370,1751,6121,57,31,88,3,0,3,0,0,0,0,0,0
2021-02-02,25921,10612,36533,4446,1757,6203,8869,3710,12579,7058,3049,10107,4745,2064,6809,726,32,758,69,0,69,7,0,7,1,0,1
2021-02-03,28276,11837,40113,4676,1992,6668,9390,4130,13520,7541,3365,10906,5214,2316,7530,1309,34,1343,133,0,133,12,0,12,1,0,1
2021-02-04,30044,13638,43682,4821,2330,7151,9767,4777,14544,7895,3869,11764,5605,2628,8233,1727,34,1761,208,0,208,19,0,19,2,0,2
2021-02-05,32858,16448,49306,5143,2866,8009,10513,5822,16335,8480,4598,13078,6202,3124,9326,2190,38,2228,302,0,302,26,0,26,2,0,2
2021-02-06,33158,17398,50556,5168,3041,8209,10592,6156,16748,8555,4869,13424,6273,3294,9567,2238,38,2276,304,0,304,26,0,26,2,0,2
2021-02-07,33532,18029,51561,5216,3137,8353,10716,6382,17098,8657,5069,13726,6333,3403,9736,2275,38,2313,307,0,307,26,0,26,2,0,2
2021-02-08,34709,19314,54023,5357,3404,8761,11036,6843,17879,8940,5424,14364,6552,3605,10157,2467,38,2505,328,0,328,27,0,27,2,0,2
2021-02-09,36690,20256,56946,5669,3575,9244,11589,7165,18754,9358,5695,15053,6958,3783,10741,2733,38,2771,349,0,349,32,0,32,2,0,2
2021-02-10,37710,20806,58516,5818,3674,9492,11854,7359,19213,9612,5850,15462,7170,3885,11055,2854,38,2892,365,0,365,35,0,35,2,0,2
2021-02-11,38824,21212,60036,5989,3755,9744,12193,7512,19705,9870,5958,15828,7381,3943,11324,2968,44,3012,385,0,385,36,0,36,2,0,2
2021-02-12,39735,21776,61511,6121,3856,9977,12494,7714,20208,10093,6132,16225,7525,4029,11554,3055,45,3100,406,0,406,39,0,39,2,0,2
2021-02-13,39766,21817,61583,6125,3862,9987,12503,7733,20236,10101,6139,16240,7533,4038,11571,3056,45,3101,407,0,407,39,0,39,2,0,2
2021-02-14,39767,21847,61614,6125,3871,9996,12503,7743,20246,10102,6148,16250,7533,4040,11573,3056,45,3101,407,0,407,39,0,39,2,0,2
2021-02-15,39767,21847,61614,6125,3871,9996,12503,7743,20246,10102,6148,16250,7533,4040,11573,3056,45,3101,407,0,407,39,0,39,2,0,2
2021-02-16,39773,21888,61661,6125,3873,9998,12508,7764,20272,10103,6162,16265,7533,4043,11576,3056,45,3101,407,1,408,39,0,39,2,0,2
2021-02-17,41771,22201,63972,6427,3928,10355,13088,7885,20973,10611,6256,16867,7924,4084,12008,3257,47,3304,423,1,424,39,0,39,2,0,2
2021-02-18,47223,22503,69726,7134,3982,11116,14557,7994,22551,11921,6353,18274,9036,4121,13157,3912,52,3964,597,1,598,64,0,64,2,0,2
2021-02-19,52519,22707,75226,7826,4022,11848,16052,8066,24118,13280,6408,19688,10045,4157,14202,4459,53,4512,766,1,767,86,0,86,5,0,5
2021-02-20,53747,22722,76469,7951,4026,11977,16455,8074,24529,13582,6411,19993,10283,4157,14440,4594,53,4647,790,1,791,87,0,87,5,0,5
2021-02-21,54578,22723,77301,8051,4026,12077,16734,8075,24809,13793,6411,20204,10448,4157,14605,4657,53,4710,801,1,802,89,0,89,5,0,5
2021-02-22,64105,22862,86967,8668,4050,12718,17899,8126,26025,14723,6452,21175,11226,4180,15406,5283,53,5336,1729,1,1730,3979,0,3979,598,0,598
2021-02-23,73819,24504,98323,9334,4163,13497,19195,8372,27567,15870,6734,22604,12062,4507,16569,5771,656,6427,2514,66,2580,7863,5,7868,1210,1,1211
2021-02-24,83660,26324,109984,9909,4309,14218,20403,8769,29172,16913,7104,24017,12779,4869,17648,6182,1136,7318,3471,126,3597,12126,10,12136,1877,1,1878
2021-02-25,93410,28158,121568,10497,4488,14985,21637,9150,30787,17909,7499,25408,13553,5254,18807,6601,1556,8157,4313,192,4505,16311,17,16328,2589,2,2591
2021-02-26,102669,30680,133349,11043,4754,15797,22701,9751,32452,18730,8012,26742,14239,5821,20060,6988,2029,9017,5107,287,5394,20517,24,20541,3344,2,3346
2021-02-27,104182,30797,134979,11142,4769,15911,22895,9785,32680,18914,8038,26952,14379,5848,20227,7132,2044,9176,5300,287,5587,20930,24,20954,3490,2,3492
2021-02-28,104546,30941,135487,11157,4786,15943,22923,9845,32768,18932,8072,27004,14392,5865,20257,7185,2059,9244,5352,288,5640,21048,24,21072,3557,2,3559
2021-03-01,112592,32061,144653,11373,4915,16288,23408,10153,33561,19295,8332,27627,14724,6081,20805,7442,2245,9687,6249,309,6558,25812,24,25836,4289,2,4291
2021-03-02,120282,33293,153575,11634,5081,16715,23852,10444,34296,19633,8596,28229,14957,6350,21307,7725,2462,10187,7171,329,7500,30302,29,30331,5008,2,5010
2021-03-03,127355,34923,162278,11805,5301,17106,24213,10928,35141,19948,8998,28946,15172,6682,21854,7925,2636,10561,7981,343,8324,34546,33,34579,5765,2,5767
2021-03-04,130324,36112,166436,12051,5498,17549,24642,11288,35930,20310,9246,29556,15421,6903,22324,8137,2771,10908,8275,371,8646,35552,33,35585,5936,2,5938
2021-03-05,132880,37280,170160,12232,5658,17890,25121,11635,36756,20759,9542,30301,15775,7115,22890,8345,2900,11245,8471,393,8864,36127,35,36162,6050,2,6052
2021-03-06,135748,37399,173147,12496,5673,18169,25782,11675,37457,21372,9573,30945,16279,7141,23420,8423,2906,11329,8681,394,9075,36521,35,36556,6194,2,6196
2021-03-07,138451,37411,175862,12721,5674,18395,26410,11683,38093,21973,9575,31548,16762,7141,23903,8501,2907,11408,8881,394,9275,36847,35,36882,6356,2,6358
2021-03-08,142885,37767,180652,13021,5721,18742,26940,11782,38722,22410,9663,32073,17177,7214,24391,8864,2949,11813,9363,399,9762,38380,37,38417,6730,2,6732
2021-03-09,153307,37957,191264,13453,5752,19205,27878,11863,39741,23175,9703,32878,17907,7239,25146,9478,2961,12439,10451,400,10851,43340,37,43377,7625,2,7627
2021-03-10,165528,38511,204039,14112,5825,19937,29244,12009,41253,24494,9832,34326,19111,7378,26489,9975,3022,12997,11495,406,11901,48550,37,48587,8547,2,8549
2021-03-11,179421,42134,221555,15018,6244,21262,31127,12905,44032,26439,10639,37078,20501,8136,28637,10316,3585,13901,12522,562,13084,54100,61,54161,9398,2,9400
2021-03-12,188932,46754,235686,15891,6855,22746,33262,14134,47396,28486,11803,40289,22031,9048,31079,10538,4113,14651,12924,719,13643,56025,79,56104,9775,3,9778
2021-03-13,194712,47581,242293,16793,6932,23725,34948,14375,49323,30053,12017,42070,23117,9224,32341,10653,4217,14870,13020,732,13752,56267,81,56348,9861,3,9864
2021-03-14,198982,48310,247292,17332,7003,24335,36115,14617,50732,31368,12218,43586,24149,9370,33519,10807,4276,15083,13076,741,13817,56274,82,56356,9861,3,9864
2021-03-15,206609,52639,259248,18026,7598,25624,37745,15848,53593,33032,13275,46307,25531,10183,35714,11164,4726,15890,13460,896,14356,57595,108,57703,10056,5,10061
2021-03-16,216266,56372,272638,18621,8114,26735,39050,16937,55987,34420,14172,48592,26716,10888,37604,11680,5144,16824,14315,991,15306,60987,119,61106,10477,7,10484
2021-03-17,225569,60505,286074,19045,8666,27711,40187,18127,58314,35565,15225,50790,27668,11609,39277,12358,5565,17923,15248,1158,16406,64546,146,64692,10952,9,10961
2021-03-18,236501,63841,300342,19840,9114,28954,41932,19065,60997,37193,16057,53250,29045,12254,41299,12901,5940,18841,16305,1236,17541,67810,165,67975,11475,10,11485
2021-03-19,247182,67258,314440,20715,9597,30312,43813,20037,63850,39004,16899,55903,30476,12955,43431,13200,6283,19483,17052,1302,18354,70761,175,70936,12161,10,12171
2021-03-20,253744,67827,321571,20946,9658,30604,44336,20198,64534,39503,17056,56559,31020,13079,44099,14682,6336,21018,18048,1314,19362,72640,176,72816,12569,10,12579
2021-03-21,258406,68306,326712,20966,9725,30691,44387,20352,64739,39533,17150,56683,31235,13154,44389,16681,6395,23076,19130,1338,20468,73674,182,73856,12800,10,12810
2021-03-22,262223,71075,333298,21067,10090,31157,44540,21207,65747,39727,17780,57507,31595,13670,45265,18413,6688,25101,20184,1438,21622,73859,192,74051,12838,10,12848
2021-03-23,269788,73510,343298,21151,10399,31550,44684,21913,66597,39893,18368,58261,31855,14077,45932,19423,6958,26381,21256,1564,22820,77704,221,77925,13822,10,13832
2021-03-24,275482,73806,349288,21159,10414,31573,44697,21940,66637,39903,18395,58298,31939,14093,46032,20078,7107,27185,22203,1618,23821,81022,229,81251,14481,10,14491
2021-03-25,280420,75286,355706,21344,10660,32004,45054,22408,67462,40247,18738,58985,32206,14310,46516,20214,7221,27435,22904,1684,24588,83446,251,83697,15005,14,15019
2021-03-26,282747,76713,359460,21354,10785,32139,45088,22682,67770,40273,18965,59238,32240,14506,46746,20321,7622,27943,23290,1874,25164,84774,265,85039,15407,14,15421
2021-03-27,285294,76768,362062,21359,10788,32147,45094,22696,67790,40276,18978,59254,32254,14519,46773,20372,7628,28000,23765,1880,25645,86342,265,86607,15832,14,15846
2021-03-28,287862,76796,364658,21365,10788,32153,45101,22699,67800,40282,18983,59265,32270,14524,46794,20433,7637,28070,24161,1885,26046,87918,266,88184,16332,14,16346
2021-03-29,294997,77822,372819,21953,10930,32883,46333,22987,69320,41332,19184,60516,33095,14724,47819,20703,7806,28509,24775,1907,26682,89873,270,90143,16933,14,16947
2021-03-30,304153,79071,383224,22216,11087,33303,46936,23289,70225,41851,19432,61283,36299,14953,51252,22495,8030,30525,25760,1987,27747,91213,279,91492,17383,14,17397
2021-03-31,315892,80022,395914,22825,11239,34064,48385,23576,71961,43220,19579,62799,36875,15114,51989,22725,8183,30908,30931,2035,32966,92969,282,93251,17962,14,17976
2021-04-01,327858,80177,408035,22864,11253,34117,48453,23619,72072,44767,19609,64376,37991,15139,53130,22960,8218,31178,38346,2043,40389,94182,282,94464,18295,14,18309
2021-04-02,339490,80178,419668,22868,11253,34121,48461,23619,72080,47413,19609,67022,38012,15140,53152,23001,8218,31219,46164,2043,48207,95067,282,95349,18504,14,18518
2021-04-03,349326,80179,429505,22877,11253,34130,48469,23620,72089,47429,19609,67038,38027,15140,53167,23021,8218,31239,55385,2043,57428,95466,282,95748,18652,14,18666
2021-04-04,352141,80218,432359,22877,11253,34130,48471,23620,72091,47437,19610,67047,38030,15145,53175,23030,8243,31273,58140,2051,60191,95488,282,95770,18668,14,18682
2021-04-05,367326,80926,448252,23016,11331,34347,48581,23787,72368,47585,19749,67334,38173,15283,53456,23222,8384,31606,72078,2091,74169,95876,287,96163,18795,14,18809
2021-04-06,384717,81414,466131,23181,11421,34602,48790,23933,72723,47716,19840,67556,38275,15367,53642,23460,8444,31904,87722,2108,89830,96581,287,96868,18992,14,19006
2021-04-07,403598,82020,485618,23339,11476,34815,49066,24049,73115,47879,19926,67805,38391,15472,53863,24722,8647,33369,103316,2148,105464,97653,288,97941,19232,14,19246
2021-04-08,423945,82270,506215,23617,11527,35144,49485,24113,73598,48108,19959,68067,38594,15524,54118,28453,8677,37130,118337,2158,120495,98019,296,98315,19332,16,19348
2021-04-09,441840,83018,524858,23875,11647,35522,49869,24341,74210,48339,20110,68449,38768,15627,54395,31545,8784,40329,131447,2192,133639,98495,301,98796,19502,16,19518
2021-04-10,448380,84348,532728,23892,11787,35679,49895,24530,74425,48352,20295,68647,38788,15783,54571,32773,9219,41992,136559,2396,138955,98584,320,98904,19537,18,19555
2021-04-11,454585,85678,540263,23894,11941,35835,49901,24803,74704,48355,20508,68863,38796,16006,54802,33926,9575,43501,141479,2494,143973,98663,332,98995,19571,19,19590
2021-04-12,474411,86505,560916,24190,12019,36209,50317,24920,75237,48599,20608,69207,38995,16112,55107,37548,9874,47422,156153,2601,158754,98933,352,99285,19676,19,19695
2021-04-13,489671,90711,580382,24472,12131,36603,50697,25108,75805,48927,20734,69661,39222,16452,55674,40664,12143,52807,166619,3731,170350,99278,392,99670,19792,20,19812
2021-04-14,501395,95398,596793,24769,12143,36912,51033,25120,76153,49250,20753,70003,39349,16459,55808,42478,12171,54649,174807,5315,180122,99784,3010,102794,19925,427,20352
2021-04-15,506169,99625,605794,24950,12145,37095,51171,25124,76295,49352,20755,70107,39435,16462,55897,43234,15526,58760,178005,6137,184142,100029,3043,103072,19993,433,20426
2021-04-16,515314,100028,615342,25078,12150,37228,51239,25131,76370,49412,20761,70173,39461,16470,55931,44689,15541,60230,184128,6449,190577,101061,3090,104151,20246,436,20682
2021-04-17,516119,100029,616148,25108,12150,37258,51281,25131,76412,49481,20762,70243,39529,16470,55999,44772,15541,60313,184540,6449,190989,101136,3090,104226,20272,436,20708
2021-04-18,516427,100031,616458,25130,12150,37280,51319,25131,76450,49543,20763,70306,39601,16470,56071,44798,15541,60339,184571,6450,191021,101174,3090,104264,20291,436,20727
2021-04-19,526791,100081,626872,25312,12157,37469,51388,25139,76527,49604,20769,70373,39617,16481,56098,45962,15548,61510,191768,6457,198225,102547,3093,105640,20593,437,21030
2021-04-20,537731,105907,643638,25530,12165,37695,51517,25160,76677,49746,20781,70527,40175,17437,57612,51185,18278,69463,195106,7170,202276,103607,3957,107564,20865,959,21824
2021-04-21,558186,105961,664147,25642,12183,37825,51600,25171,76771,49826,20793,70619,40469,17443,57912,69875,18283,88158,196060,7171,203231,103781,3957,107738,20933,960,21893
2021-04-22,582190,105966,688156,25736,12183,37919,51684,25172,76856,49909,20794,70703,40577,17445,58022,92314,18283,110597,197022,7172,204194,103974,3957,107931,20974,960,21934
2021-04-23,605578,105988,711566,25808,12184,37992,51784,25174,76958,50029,20800,70829,40714,17454,58168,114397,18286,132683,197630,7173,204803,104166,3957,108123,21050,960,22010
2021-04-24,612012,105988,718000,25822,12184,38006,51797,25174,76971,50060,20800,70860,40754,17454,58208,120208,18286,138494,198033,7173,205206,104258,3957,108215,21080,960,22040
2021-04-25,612217,105988,718205,25826,12184,38010,51804,25174,76978,50077,20800,70877,40770,17454,58224,120344,18286,138630,198044,7173,205217,104266,3957,108223,21086,960,22046
2021-04-26,616094,106000,722094,25843,12186,38029,51829,25175,77004,50092,20804,70896,40789,17456,58245,123673,18288,141961,198394,7173,205567,104356,3958,108314,21118,960,22078
2021-04-27,620293,106051,726344,25987,12190,38177,51951,25194,77145,50193,20813,71006,40876,17461,58337,126239,18297,144536,199343,7177,206520,104543,3959,108502,21161,960,22121
2021-04-28,626503,122964,749467,26164,14574,40738,52175,30835,83010,50340,25807,76147,40975,21337,62312,131110,18309,149419,199865,7181,207046,104671,3961,108632,21203,960,22163
2021-04-29,633525,135656,769181,26359,16155,42514,52383,34905,87288,50465,29714,80179,41088,24452,65540,136521,18315,154836,200528,7191,207719,104894,3962,108856,21287,962,22249
2021-04-30,636822,135679,772501,26554,16156,42710,52655,34906,87561,50603,29721,80324,41191,24456,65647,138462,18321,156783,201007,7194,208201,105011,3962,108973,21339,963,22302
2021-05-01,638078,136038,774116,26555,16199,42754,52657,35067,87724,50606,29802,80408,41197,24515,65712,139352,18335,157687,201255,7195,208450,105086,3962,109048,21370,963,22333
2021-05-02,640329,147941,788270,26615,17389,44004,52759,37953,90712,50661,32635,83296,41291,26687,67978,140870,18361,159231,201541,9943,211484,105181,4004,109185,21411,969,22380
2021-05-03,654678,153353,808031,26763,17402,44165,53012,37968,90980,50785,32652,83437,43265,26698,69963,152238,18385,170623,201889,15065,216954,105273,4179,109452,21453,1004,22457
2021-05-04,680137,153754,833891,26975,17407,44382,53280,37974,91254,50924,32660,83584,47713,26699,74412,172219,18420,190639,202148,15388,217536,105372,4201,109573,21506,1005,22511
2021-05-05,688713,171172,859885,27270,17423,44693,53653,38005,91658,51272,32679,83951,48918,26738,75656,178195,20189,198384,202343,30035,232378,105504,4961,110465,21558,1142,22700
2021-05-06,694756,174120,868876,27478,17425,44903,53920,38010,91930,51521,32685,84206,49760,26746,76506,182225,20547,202772,202648,32507,235155,105609,5038,110647,21595,1162,22757
2021-05-07,697782,192176,889958,27651,17676,45327,54178,38499,92677,51661,33128,84789,50179,27094,77273,184008,22962,206970,202813,46247,249060,105654,5339,110993,21638,1231,22869
2021-05-08,700477,207184,907661,27651,19475,47126,54179,42471,96650,51663,38239,89902,50544,30933,81477,186314,23022,209336,202823,46399,249222,105664,5383,111047,21639,1262,22901
2021-05-09,700605,207420,908025,27651,19475,47126,54179,42471,96650,51663,38240,89903,50568,30943,81511,186418,23069,209487,202823,46435,249258,105664,5470,111134,21639,1317,22956
2021-05-10,702957,208416,911373,27718,19476,47194,54263,42472,96735,51731,38244,89975,50965,30947,81912,188114,23110,211224,202851,47067,249918,105673,5696,111369,21642,1404,23046
2021-05-11,709685,208914,918599,27767,19484,47251,54340,42487,96827,51804,38259,90063,52322,30964,83286,193151,23158,216309,202951,47285,250236,105697,5812,111509,21653,1465,23118
2021-05-12,716680,209907,926587,27813,19507,47320,54412,42523,96935,51872,38297,90169,53764,31001,84765,198346,23248,221594,203087,47695,250782,105726,6073,111799,21660,1563,23223
2021-05-13,719409,215491,934900,27856,19629,47485,54502,42765,97267,51935,38474,90409,54103,31159,85262,200300,23897,224197,203247,51551,254798,105785,6353,112138,21681,1663,23344
2021-05-14,722092,217215,939307,27991,19649,47640,54756,42792,97548,52089,38532,90621,54444,31224,85668,201799,24460,226259,203447,52299,255746,105865,6509,112374,21701,1750,23451
2021-05-15,733282,217615,950897,28043,19660,47703,54854,42800,97654,52155,38546,90701,56833,31237,88070,210168,24545,234713,203584,52432,256016,105930,6596,112526,21715,1799,23514
2021-05-16,736274,217805,954079,28284,19669,47953,55761,42802,98563,53110,38554,91664,57398,31250,88648,210433,24564,234997,203630,52453,256083,105941,6673,112614,21717,1840,23557
2021-05-17,743819,218884,962703,28369,19727,48096,56263,42894,99157,53387,38675,92062,58886,31383,90269,215321,24698,240019,203836,52863,256699,106017,6751,112768,21740,1893,23633
2021-05-18,751937,219252,971189,28442,19736,48178,56390,42907,99297,53512,38695,92207,60582,31396,91978,221163,24788,245951,204009,52989,256998,106077,6815,112892,21762,1926,23688
2021-05-19,757645,220351,977996,28452,19868,48320,56410,43213,99623,53530,38840,92370,61758,31491,93249,225295,24918,250213,204241,53222,257463,106162,6857,113019,21797,1942,23739
2021-05-20,779393,221137,1000530,28526,20011,48537,56538,43475,100013,53636,39002,92638,67901,31589,99490,238341,24968,263309,205809,53256,259065,106730,6876,113606,21912,1960,23872
2021-05-21,781700,225377,1007077,28605,20298,48903,56736,44014,100750,53708,39438,93146,68018,31916,99934,239346,25246,264592,206453,55525,261978,106877,6963,113840,21957,1977,23934
2021-05-22,785134,225595,1010729,28717,20315,49032,56816,44038,100854,53774,39458,93232,68466,31937,100403,241530,25263,266793,206878,55637,262515,106973,6968,113941,21980,1979,23959
2021-05-23,789871,225597,1015468,28788,20315,49103,56909,44038,100947,53840,39458,93298,70563,31937,102500,243598,25264,268862,207112,55637,262749,107058,6968,114026,22003,1980,23983
2021-05-24,791638,226098,1017736,28821,20401,49222,56951,44195,101146,53875,39563,93438,70967,31997,102964,244723,25292,270015,207214,55690,262904,107079,6977,114056,22008,1983,23991
2021-05-25,793218,237626,1030844,28845,20410,49255,56962,44207,101169,53887,39570,93457,71311,32004,103315,245739,25296,271035,207336,56884,264220,107120,15899,123019,22018,3356,25374
2021-05-26,795751,240780,1036531,28898,20440,49338,57030,44264,101294,53940,39625,93565,73287,32065,105352,245989,25581,271570,207390,57312,264702,107173,17782,124955,22044,3711,25755
2021-05-27,801461,259450,1060911,29015,20503,49518,57135,44420,101555,54043,39779,93822,78350,32139,110489,246212,25852,272064,207440,59149,266589,107202,31712,138914,22064,5896,27960
2021-05-28,815098,271222,1086320,29164,20618,49782,57321,44652,101973,54461,39924,94385,90844,32214,123058,246482,26054,272536,207502,60425,267927,107241,40067,147308,22083,7268,29351
2021-05-29,831446,272196,1103642,29171,20623,49794,57340,44655,101995,55559,39931,95490,105531,32219,137750,246899,26058,272957,207595,60539,268134,107260,40801,148061,22091,7370,29461
2021-05-30,847234,272287,1119521,29187,20624,49811,57355,44657,102012,58878,39931,98809,117749,32219,149968,247060,26059,273119,207636,60549,268185,107275,40864,148139,22094,7384,29478
2021-05-31,868689,277759,1146448,29288,20796,50084,57504,44958,102462,71054,40168,111222,126298,32594,158892,247371,27231,274602,207725,61015,268740,107326,43157,150483,22123,7840,29963
2021-06-01,889395,280783,1170178,29692,20843,50535,58441,45040,103481,85429,40231,125660,130965,32637,163602,247588,27303,274891,207785,61395,269180,107356,45158,152514,22139,8176,30315
2021-06-02,909311,282799,1192110,30949,20857,51806,62720,45068,107788,94707,40258,134965,135565,32662,168227,247925,27361,275286,207889,61638,269527,107394,46408,153802,22162,8547,30709
2021-06-03,939955,284320,1224275,38980,20880,59860,75886,45099,120985,102327,40308,142635,136956,32695,169651,248223,27434,275657,207972,61838,269810,107430,47290,154720,22181,8776,30957
2021-06-04,968095,285687,1253782,45488,20926,66414,85357,45144,130501,109417,40384,149801,139324,32737,172061,250248,27629,277877,208449,62194,270643,107585,47760,155345,22227,8913,31140
2021-06-05,988151,286812,1274963,50517,20942,71459,94052,45166,139218,112964,40409,153373,140668,32773,173441,251327,27945,279272,208672,62401,271073,107687,48129,155816,22264,9047,31311
2021-06-06,1005702,287464,1293166,57587,20943,78530,101942,45166,147108,114615,40411,155026,141461,32779,174240,251429,28000,279429,208703,62558,271261,107697,48397,156094,22268,9210,31478
2021-06-07,1032548,288422,1320970,63980,20992,84972,107871,45287,153158,120957,40502,161459,148632,32835,181467,252161,28050,280211,208887,62718,271605,107772,48673,156445,22288,9365,31653
2021-06-08,1060337,290308,1350645,66465,21003,87468,111253,45304,156557,124473,40513,164986,166634,32852,199486,252414,28142,280556,208990,63136,272126,107810,49679,157489,22298,9679,31977
2021-06-09,1085687,290694,1376381,67137,21004,88141,112573,45307,157880,125734,40516,166250,188437,32858,221295,252613,28167,280780,209048,63220,272268,107835,49832,157667,22310,9790,32100
2021-06-10,1114501,291110,1405611,68760,21007,89767,114834,45309,160143,129655,40520,170175,208622,32870,241492,253222,28223,281445,209198,63314,272512,107883,49987,157870,22327,9880,32207
2021-06-11,1119945,311267,1431212,69155,21047,90202,115538,45381,160919,131010,40576,171586,211426,32945,244371,253343,28479,281822,209233,65664,274897,107903,65173,173076,22337,12002,34339
2021-06-12,1131440,313962,1445402,70183,21051,91234,116940,45386,162326,133906,40587,174493,217505,32981,250486,253396,28557,281953,209256,66081,275337,107913,66917,174830,22341,12402,34743
2021-06-13,1139831,314083,1453914,70640,21051,91691,117549,45390,162939,135774,40590,176364,222866,32981,255847,253469,28561,282030,209272,66096,275368,107918,66999,174917,22343,12415,34758
2021-06-14,1151820,314881,1466701,72232,21061,93293,119639,45402,165041,138461,40604,179065,228337,32991,261328,253563,28582,282145,209304,66199,275503,107932,67522,175454,22352,12520,34872
2021-06-15,1178037,316292,1494329,72491,21100,93591,120063,45469,165532,139303,40650,179953,252445,33042,285487,253946,28639,282585,209413,66543,275956,107994,68202,176196,22382,12647,35029
2021-06-16,1186162,326030,1512192,73180,21464,94644,121367,46057,167424,141853,42002,183855,255797,33985,289782,254071,28892,282963,209467,71143,280610,108026,69469,177495,22401,13018,35419
2021-06-17,1202396,335641,1538037,73612,21514,95126,122155,46147,168302,147723,42342,190065,264143,34131,298274,254616,29558,284174,209622,77802,287424,108100,70742,178842,22425,13405,35830
2021-06-18,1229602,338092,1567694,75077,21537,96614,124294,46194,170488,164093,42423,206516,270586,34191,304777,255179,29941,285120,209755,78955,288710,108162,71278,179440,22456,13573,36029
2021-06-19,1250699,339202,1589901,75582,21547,97129,124676,46208,170884,180818,42444,223262,273464,34214,307678,255632,30024,285656,209859,79170,289029,108201,71773,179974,22467,13822,36289
2021-06-20,1250707,339204,1589911,75584,21547,97131,124678,46208,170886,180821,42444,223265,273464,34215,307679,255632,30025,285657,209860,79170,289030,108201,71773,179974,22467,13822,36289
2021-06-21,1262312,339750,1602062,75616,21562,97178,124740,46243,170983,190806,42527,233333,274638,34320,308958,255884,30120,286004,209936,79255,289191,108220,71863,180083,22472,13860,36332
2021-06-22,1271441,340933,1612374,75873,21720,97593,124989,46494,171483,195208,42694,237902,277651,34546,312197,256697,30238,286935,210190,79359,289549,108321,71964,180285,22512,13918,36430
2021-06-23,1289472,342132,1631604,76105,21870,97975,125315,46721,172036,210480,42877,253357,279447,34782,314229,256965,30334,287299,210274,79460,289734,108356,72114,180470,22530,13974,36504
2021-06-24,1323115,343378,1666493,76571,22019,98590,129891,46962,176853,236453,43021,279474,281526,34970,316496,257365,30481,287846,210383,79694,290077,108390,72219,180609,22536,14012,36548
2021-06-25,1340590,357611,1698201,78128,22053,100181,133622,46995,180617,246148,43102,289250,283223,35358,318581,257948,40693,298641,210540,82361,292901,108435,72871,181306,22546,14178,36724
2021-06-26,1343499,376051,1719550,78160,22101,100261,133649,47060,180709,247760,43173,290933,284138,35709,319847,258180,56050,314230,210608,84302,294910,108452,73355,181807,22552,14301,36853
2021-06-27,1355021,381710,1736731,78173,22262,100435,133682,47248,180930,254574,43485,298059,288442,37010,325452,258440,58074,316514,210679,85608,296287,108476,73659,182135,22555,14364,36919
2021-06-28,1389307,384464,1773771,80393,22411,102804,136445,47514,183959,281129,43679,324808,290710,37285,327995,258787,59440,318227,210764,85927,296691,108517,73767,182284,22562,14441,37003
2021-06-29,1422851,387873,1810724,80784,22577,103361,137481,47762,185243,311629,43878,355507,291880,37660,329540,259106,60883,319989,210863,86494,297357,108538,74089,182627,22570,14530,37100
2021-06-30,1458970,390675,1849645,81123,22603,103726,147521,47791,195312,335549,43902,379451,293185,37694,330879,259448,63241,322689,210965,86689,297654,108582,74176,182758,22597,14579,37176
2021-07-01,1481528,394315,1875843,81423,22640,104063,157061,47836,204897,346274,43978,390252,294579,38318,332897,259836,64761,324597,211084,87503,298587,108647,74578,183225,22624,14701,37325
2021-07-02,1493206,410822,1904028,83082,22761,105843,162977,48040,211017,349353,44164,393517,295221,38556,333777,260062,66749,326811,211173,89267,300440,108699,84509,193208,22639,16776,39415
2021-07-03,1511077,416216,1927293,83122,22787,105909,174292,48108,222400,354575,44228,398803,296166,38686,334852,260312,67453,327765,211246,90161,301407,108720,87394,196114,22644,17399,40043
2021-07-04,1531355,416718,1948073,84482,22787,107269,191936,48115,240051,355451,44230,399681,296412,38698,335110,260414,67571,327985,211279,90265,301544,108735,87561,196296,22646,17491,40137
2021-07-05,1539216,419431,1958647,85117,22825,107942,198423,48171,246594,355912,44304,400216,296586,38795,335381,260465,68301,328766,211309,90883,302192,108749,88435,197184,22655,17717,40372
2021-07-06,1562665,421179,1983844,86172,22861,109033,219835,48238,268073,356411,44407,400818,296884,38932,335816,260581,68579,329160,211360,91154,302514,108760,89102,197862,22662,17906,40568
2021-07-07,1572713,423115,1995828,86452,22900,109352,227300,48310,275610,357933,44493,402426,297436,39037,336473,260729,68800,329529,211410,91566,302976,108783,89909,198692,22670,18100,40770
2021-07-08,1607129,423849,2030978,87329,22925,110254,254604,48368,302972,362220,44569,406789,298763,39160,337923,261145,69026,330171,211541,91632,303173,108834,90036,198870,22693,18133,40826
2021-07-09,1631906,424969,2056875,88714,22942,111656,271505,48396,319901,366599,44608,411207,300366,39235,339601,261493,69362,330855,211660,92174,303834,108870,90100,198970,22699,18152,40851
2021-07-10,1651898,427241,2079139,91887,22992,114879,287200,48495,335695,367317,44704,412021,300620,39392,340012,261598,70270,331868,211689,92823,304512,108886,90354,199240,22701,18211,40912
2021-07-11,1654134,430819,2084953,92255,23245,115500,288968,49085,338053,367372,45192,412564,300646,39639,340285,261607,70325,331932,211693,93137,304830,108891,91717,200608,22702,18479,41181
2021-07-12,1687454,431465,2118919,98239,23259,121498,314673,49110,363783,368309,45229,413538,301120,39671,340791,261754,70457,332211,211738,93279,305017,108910,91926,200836,22711,18534,41245
2021-07-13,1706342,431682,2138024,101643,23275,124918,328000,49128,377128,369666,45259,414925,301644,39698,341342,261940,70473,332413,211803,93319,305122,108928,91967,200895,22718,18563,41281
2021-07-14,1712886,431932,2144818,102962,23309,126271,332139,49178,381317,370307,45293,415600,301937,39732,341669,262044,70488,332532,211830,93356,305186,108943,91994,200937,22724,18582,41306
2021-07-15,1716183,462307,2178490,103670,23736,127406,333909,51068,384977,370771,58770,429541,302173,43060,345233,262120,72269,334389,211863,99673,311536,108950,94568,203518,22727,19163,41890
2021-07-16,1718939,493147,2212086,104306,23865,128171,335415,53573,388988,371117,73756,444873,302348,44058,346406,262174,72565,334739,211886,109788,321674,108963,96030,204993,22730,19512,42242
2021-07-17,1734854,502885,2237739,107367,23958,131325,345057,54465,399522,373119,80488,453607,303205,44832,348037,262433,72816,335249,211944,110527,322471,108993,96234,205227,22736,19565,42301
2021-07-18,1749127,511798,2260925,114133,23982,138115,350437,54625,405062,374497,86345,460842,303719,47215,350934,262601,73050,335651,211989,110684,322673,109012,96311,205323,22739,19586,42325
2021-07-19,1756647,538877,2295524,118657,25447,144104,352278,56815,409093,375138,106564,481702,304055,49082,353137,262713,73363,336076,212024,110994,323018,109037,96866,205903,22745,19746,42491
2021-07-20,1779039,554638,2333677,134210,25824,160034,356899,57614,414513,376435,119345,495780,304657,49972,354629,262937,73567,336504,212088,111382,323470,109062,97117,206179,22751,19817,42568
2021-07-21,1815727,555420,2371147,162169,25874,188043,363465,57681,421146,377637,119548,497185,305267,50019,355286,263180,73633,336813,212178,111644,323822,109077,97176,206253,22754,19845,42599
2021-07-22,1851901,555734,2407635,186803,25883,212686,371123,57709,428832,379940,119581,499521,306356,50043,356399,263518,73691,337209,212283,111702,323985,109116,97243,206359,22762,19882,42644
2021-07-23,1871186,569541,2440727,199590,26184,225774,374980,59554,434534,381367,129856,511223,307162,50971,358133,263805,73904,337709,212364,111832,324196,109150,97326,206476,22768,19914,42682
2021-07-24,1872493,597111,2469604,200720,26767,227487,375063,60417,435480,381395,140958,522353,307192,64953,372145,263822,74461,338283,212371,112037,324408,109157,97553,206710,22773,19965,42738
2021-07-25,1897815,597234,2495049,216718,26768,243486,380749,60425,441174,383315,140972,524287,308422,64966,373388,264212,74470,338682,212431,112068,324499,109184,97581,206765,22784,19984,42768
2021-07-26,1906733,627752,2534485,224087,31951,256038,381500,69802,451302,383723,150556,534279,308687,69858,378545,264303,75259,339562,212451,112505,324956,109195,97779,206974,22787,20042,42829
2021-07-27,1920934,647599,2568533,235855,35545,271400,382781,75342,458123,384360,156331,540691,309007,72258,381265,264430,76829,341259,212501,113090,325591,109210,98092,207302,22790,20112,42902
2021-07-28,1958607,648186,2606793,268253,35585,303838,385447,75442,460889,385849,156599,542448,309753,72296,382049,264681,76880,341561,212577,113131,325708,109242,98125,207367,22805,20128,42933
2021-07-29,1994425,649610,2644035,297563,35714,333277,389040,75740,464780,387497,157250,544747,310595,72466,383061,264944,76963,341907,212666,113184,325850,109283,98153,207436,22837,20140,42977
2021-07-30,2008695,668306,2677001,307337,37071,344408,391467,85261,476728,388706,162865,551571,311165,74105,385270,265122,77299,342421,212723,113330,326053,109322,98205,207527,22853,20170,43023
2021-07-31,2009204,693508,2702712,307659,40091,347750,391554,99493,491047,388751,169117,557868,311186,75207,386393,265142,77665,342807,212732,113448,326180,109326,98282,207608,22854,20205,43059
2021-08-01,2009259,707590,2716849,307673,43400,351073,391565,105804,497369,388759,171920,560679,311192,76228,387420,265145,78081,343226,212737,113585,326322,109331,98342,207673,22857,20230,43087
2021-08-02,2013341,740213,2753554,309897,47479,357376,392419,125965,518384,389315,178650,567965,311477,77381,388858,265242,78388,343630,212781,113702,326483,109348,98397,207745,22862,20251,43113
2021-08-03,2024921,760448,2785369,320142,52628,372770,392975,131072,524047,389718,183018,572736,311669,82367,394036,265336,78857,344193,212823,113804,326627,109379,98437,207816,22879,20265,43144
2021-08-04,2027993,785580,2813573,321615,55693,377308,393707,135940,529647,390171,186190,576361,311900,95903,407803,265430,79185,344615,212882,113909,326791,109399,98484,207883,22889,20276,43165
2021-08-05,2036618,795062,2831680,327552,56945,384497,395030,141613,536643,390908,188007,578915,312301,96420,408721,265572,79321,344893,212939,113965,326904,109418,98505,207923,22898,20286,43184
2021-08-06,2038628,802876,2841504,328674,57277,385951,395401,142892,538293,391187,188445,579632,312444,96731,409175,265626,81853,347479,212976,116788,329764,109422,98584,208006,22898,20306,43204
2021-08-07,2040887,825315,2866202,330648,57298,387946,395502,142920,538422,391271,188472,579743,312485,96811,409296,265647,85016,350663,212993,135602,348595,109433,98839,208272,22908,20357,43265
2021-08-08,2040920,847346,2888266,330658,57312,387970,395504,142947,538451,391274,188495,579769,312488,96898,409386,265656,97554,363210,212996,144570,357566,109434,99159,208593,22910,20411,43321
2021-08-09,2041278,880951,2922229,330788,57476,388264,395587,143291,538878,391326,188850,580176,312517,99444,411961,265681,122737,388418,213016,149234,362250,109445,99459,208904,22918,20460,43378
2021-08-10,2041695,913938,2955633,330981,58054,389035,395663,144240,539903,391394,190799,582193,312557,102560,415117,265697,139826,405523,213028,158114,371142,109455,99812,209267,22920,20533,43453
2021-08-11,2044126,943182,2987308,333223,58253,391476,395727,144912,540639,391436,191489,582925,312584,107591,420175,265728,157736,423464,213044,162438,375482,109464,100159,209623,22920,20604,43524
2021-08-12,2044599,965316,3009915,333396,58893,392289,395831,145351,541182,391523,191906,583429,312637,111621,424258,265752,165763,431515,213058,170528,383586,109473,100566,210039,22929,20688,43617
2021-08-13,2044780,996459,3041239,333461,59074,392535,395878,145673,541551,391552,192217,583769,312653,112431,425084,265758,178363,444121,213064,186205,399269,109483,101581,211064,22931,20915,43846
2021-08-14,2044806,1017591,3062397,333465,59290,392755,395882,146038,541920,391556,192686,584242,312654,116209,428863,265762,192090,457852,213066,188382,401448,109487,101904,211391,22934,20992,43926
2021-08-15,2044833,1041831,3086664,333470,60306,393776,395888,147794,543682,391561,195516,587077,312660,129970,442630,265765,195419,461184,213067,189575,402642,109488,102173,211661,22934,21078,44012
2021-08-16,2058501,1049478,3107979,336252,60531,396783,397986,148088,546074,395725,196798,592523,315604,131297,446901,266838,196862,463700,213445,192274,405719,109675,102469,212144,22976,21159,44135
2021-08-17,2087651,1050550,3138201,350432,60562,410994,409639,148155,557794,398117,197008,595125,316106,132003,448109,267116,196901,464017,213531,192287,405818,109723,102475,212198,22987,21159,44146
2021-08-18,2101235,1060802,3162037,359324,61130,420454,411726,149238,560964,399443,198255,597698,316875,134866,451741,267435,199999,467434,213654,193466,407120,109782,102646,212428,22996,21202,44198
2021-08-19,2106312,1067967,3174279,363313,61857,425170,412189,150383,562572,399786,198969,598755,317082,137503,454585,267485,201189,468674,213671,194089,407760,109789,102750,212539,22997,21227,44224
2021-08-20,2112448,1087470,3199918,367927,62306,430233,412868,152382,565250,400217,200759,600976,317357,152140,469497,267572,201561,469133,213700,194280,407980,109807,102803,212610,23000,21239,44239
2021-08-21,2112997,1108458,3221455,368201,65736,433937,412974,157882,570856,400294,205818,606112,317399,158033,475432,267600,202330,469930,213713,194511,408224,109813,102885,212698,23003,21263,44266
2021-08-22,2113056,1129542,3242598,368223,69198,437421,412981,168613,581594,400302,209660,609962,317406,160109,477515,267610,203085,470695,213718,194682,408400,109813,102928,212741,23003,21267,44270
2021-08-23,2126547,1149094,3275641,379620,72096,451716,413925,181688,595613,400920,211702,612622,317748,161162,478910,267737,203415,471152,213760,194786,408546,109828,102965,212793,23009,21280,44289
2021-08-24,2128290,1173038,3301328,380453,89505,469958,414347,184989,599336,401203,213171,614374,317879,162336,480215,267791,203805,471596,213770,194922,408692,109835,103011,212846,23012,21299,44311
2021-08-25,2130303,1202589,3332892,381616,93115,474731,414717,187334,602051,401472,226072,627544,318012,171836,489848,267836,204635,472471,213789,195157,408946,109845,103111,212956,23016,21329,44345
2021-08-26,2131587,1234181,3365768,382170,96956,479126,415022,189269,604291,401685,227277,628962,318132,179142,497274,267870,218219,486089,213818,198195,412013,109866,103658,213524,23024,21465,44489
2021-08-27,2132512,1269822,3402334,382590,118294,500884,415225,195219,610444,401816,229187,631003,318214,184020,502234,267904,219400,487304,213847,198475,412322,109880,103743,213623,23036,21484,44520
2021-08-28,2132563,1294205,3426768,382604,136965,519569,415236,198309,613545,401822,230680,632502,318224,184790,503014,267906,219595,487501,213850,198598,412448,109883,103778,213661,23038,21490,44528
2021-08-29,2132629,1318484,3451113,382631,139183,521814,415249,199561,614810,401840,234802,636642,318228,200267,518495,267909,220330,488239,213851,198950,412801,109883,103883,213766,23038,21508,44546
2021-08-30,2150445,1333521,3483966,390037,139501,529538,419268,200224,619492,405317,237494,642811,320170,206200,526370,268509,223512,492021,214102,200754,414856,109983,104245,214228,23059,21591,44650
2021-08-31,2161799,1355306,3517105,395445,157984,553429,421838,201555,623393,407426,238645,646071,320977,206763,527740,268800,223659,492459,214215,200822,415037,110024,104277,214301,23074,21601,44675
2021-09-01,2163690,1386622,3550312,396142,186140,582282,422186,202472,624658,407830,239139,646969,321224,207259,528483,268900,224534,493434,214274,201140,415414,110055,104330,214385,23079,21608,44687
2021-09-02,2165594,1419779,3585373,397763,203974,601737,422324,206250,628574,407904,245580,653484,321260,211065,532325,268921,225375,494296,214283,201501,415784,110060,104414,214474,23079,21620,44699
2021-09-03,2166811,1450514,3617325,398378,215592,613970,422594,209365,631959,408067,255517,663584,321367,214735,536102,268957,227219,496176,214299,201932,416231,110067,104510,214577,23082,21644,44726
2021-09-04,2167703,1473847,3641550,398740,221835,620575,422810,215773,638583,408227,264860,673087,321445,215719,537164,269005,227450,496455,214320,202019,416339,110072,104544,214616,23084,21647,44731
2021-09-05,2168599,1497354,3665953,399116,224059,623175,423045,220268,643313,408389,279874,688263,321517,217142,538659,269042,227710,496752,214327,202088,416415,110078,104560,214638,23085,21653,44738
2021-09-06,2169824,1528436,3698260,399687,226577,626264,423366,221364,644730,408570,301350,709920,321612,221923,543535,269084,228593,497677,214339,202316,416655,110079,104641,214720,23087,21672,44759
2021-09-07,2170910,1565778,3736688,400179,228424,628603,423684,225254,648938,408737,316957,725694,321684,229343,551027,269103,234994,504097,214348,204003,418351,110086,105039,215125,23089,21764,44853
2021-09-08,2177761,1580051,3757812,404048,229268,633316,425194,228962,654156,409548,322334,731882,322083,232012,554095,269251,236136,505387,214413,204383,418796,110127,105156,215283,23097,21800,44897
2021-09-09,2180533,1607559,3788092,405427,232975,638402,425921,245900,671821,409921,326540,736461,322262,234068,556330,269321,236544,505865,214439,204499,418938,110142,105221,215363,23100,21812,44912
2021-09-10,2182679,1615905,3798584,406520,236338,642858,426471,247095,673566,410207,327068,737275,322410,236423,558833,269368,237231,506599,214458,204662,419120,110145,105270,215415,23100,21818,44918
2021-09-11,2183495,1621753,3805248,407327,236900,644227,426476,250147,676623,410209,327621,737830,322410,237872,560282,269370,237383,506753,214458,204722,419180,110145,105287,215432,23100,21821,44921
2021-09-12,2183530,1623560,3807090,407348,237379,644727,426481,250821,677302,410212,328020,738232,322413,238072,560485,269371,237420,506791,214460,204737,419197,110145,105289,215434,23100,21822,44922
2021-09-13,2197284,1624480,3821764,416106,237503,653609,431036,251218,682254,410457,328207,738664,322518,238207,560725,269416,237451,506867,214475,204763,419238,110167,105301,215468,23109,21830,44939
2021-09-14,2199103,1636737,3835840,416893,237803,654696,431423,251713,683136,410737,328766,739503,322703,246802,569505,269497,239371,508868,214534,205076,419610,110196,105362,215558,23120,21844,44964
2021-09-15,2199872,1673513,3873385,417240,240177,657417,431633,255458,687091,410857,335908,746765,322752,264311,587063,269512,244494,514006,214548,205707,420255,110205,105562,215767,23125,21896,45021
2021-09-16,2200659,1708370,3909029,417621,245589,663210,431840,274970,706810,410971,340787,751758,322799,267302,590101,269528,246035,515563,214559,206077,420636,110211,105688,215899,23130,21922,45052
2021-09-17,2208030,1729237,3937267,422149,258076,680225,433245,279631,712876,411746,342649,754395,323187,268584,591771,269701,246394,516095,214621,206221,420842,110243,105744,215987,23138,21938,45076
2021-09-18,2208427,1754258,3962685,422493,275333,697826,433260,283941,717201,411762,344683,756445,323197,269626,592823,269708,246656,516364,214624,206296,420920,110245,105778,216023,23138,21945,45083
2021-09-19,2216503,1764707,3981210,425470,282746,708216,435761,285712,721473,413173,345453,758626,323930,269967,593897,269944,246740,516684,214762,206349,421111,110313,105790,216103,23150,21950,45100
2021-09-20,2224121,1771233,3995354,430890,284096,714986,437060,288490,725550,413718,346679,760397,324133,270647,594780,270018,247045,517063,214825,206489,421314,110324,105829,216153,23153,21958,45111
2021-09-21,2241330,1777946,4019276,446236,288086,734322,437988,289996,727984,414248,347245,761493,324395,271026,595421,270111,247227,517338,214857,206549,421406,110338,105849,216187,23157,21968,45125
2021-09-22,2247720,1788055,4035775,450822,293942,744764,438929,292699,731628,414727,347945,762672,324618,271459,596077,270195,247444,517639,214905,206689,421594,110359,105891,216250,23165,21986,45151
2021-09-23,2250217,1797353,4047570,452249,300548,752797,439589,294084,733673,414973,348613,763586,324715,271865,596580,270229,247564,517793,214929,206762,421691,110365,105926,216291,23168,21991,45159
2021-09-24,2256270,1802996,4059266,454827,303992,758819,441271,294864,736135,416322,349186,765508,324970,272479,597449,270326,247713,518039,214985,206815,421800,110390,105949,216339,23179,21998,45177
2021-09-25,2258353,1807665,4066018,455512,305370,760882,442207,296095,738302,416601,350093,766694,325091,273393,598484,270376,247895,518271,214991,206854,421845,110394,105964,216358,23181,22001,45182
2021-09-26,2259576,1829973,4089549,455709,306620,762329,442365,299223,741588,416886,359325,776211,325447,281385,606832,270549,248412,518961,215031,206974,422005,110408,106021,216429,23181,22013,45194
2021-09-27,2261726,1850840,4112566,456821,309648,766469,442803,308994,751797,417151,364906,782057,325600,283387,608987,270656,248740,519396,215073,207065,422138,110434,106073,216507,23188,22027,45215
2021-09-28,2265646,1875039,4140685,457918,310529,768447,443644,326150,769794,418174,366559,784733,326195,284542,610737,270912,249813,520725,215148,208717,423865,110460,106594,217054,23195,22135,45330
2021-09-29,2270006,1888083,4158089,461217,312573,773790,444166,333862,778028,418517,367973,786490,326317,285533,611850,270947,250229,521176,215163,209041,424204,110477,106716,217193,23202,22156,45358
2021-09-30,2280623,1895947,4176570,470011,314916,784927,445146,335377,780523,419095,369425,788520,326490,287171,613661,270994,250886,521880,215192,209229,424421,110492,106777,217269,23203,22166,45369
2021-10-01,2283209,1904657,4187866,472231,318643,790874,445321,337696,783017,419218,370869,790087,326536,288039,614575,271009,251119,522128,215196,209311,424507,110495,106808,217303,23203,22172,45375
2021-10-02,2285912,1907619,4193531,473870,319409,793279,445923,338656,784579,419475,371573,791048,326656,288375,615031,271066,251231,522297,215212,209364,424576,110503,106835,217338,23207,22176,45383
2021-10-03,2291886,1907628,4199514,476705,319412,796117,447678,338659,786337,420239,371573,791812,326991,288377,615368,271253,251232,522485,215276,209364,424640,110532,106835,217367,23212,22176,45388
2021-10-04,2298828,1911925,4210753,479708,321248,800956,449929,339844,789773,421221,372040,793261,327399,288843,616242,271431,251471,522902,215350,209442,424792,110563,106858,217421,23227,22179,45406
2021-10-05,2301790,1915759,4217549,481508,322262,803770,450587,340965,791552,421512,372901,794413,327540,289434,616974,271480,251640,523120,215361,209488,424849,110573,106881,217454,23229,22188,45417
2021-10-06,2314881,1917239,4232120,492606,322569,815175,451588,341333,792921,422087,373248,795335,327801,289716,617517,271578,251744,523322,215397,209526,424923,110585,106909,217494,23239,22194,45433
2021-10-07,2318116,1920115,4238231,494323,323337,817660,452307,342259,794566,422515,373673,796188,328021,290209,618230,271669,251942,523611,215433,209574,425007,110599,106923,217522,23249,22198,45447
2021-10-08,2319001,1940355,4259356,494741,324498,819239,452491,353714,806205,422631,376073,798704,328111,292980,621091,271713,254224,525937,215454,209692,425146,110608,106972,217580,23252,22202,45454
2021-10-09,2319015,1959832,4278847,494745,325862,820607,452495,362165,814660,422633,378547,801180,328114,297600,625714,271714,256605,528319,215454,209826,425280,110608,107018,217626,23252,22209,45461
2021-10-10,2319030,1973985,4293015,494752,326917,821669,452502,369055,821557,422634,380222,802856,328114,300292,628406,271714,258319,530033,215454,209912,425366,110608,107052,217660,23252,22216,45468
2021-10-11,2320534,1981628,4302162,495947,330709,826656,452657,371011,823668,422710,381244,803954,328157,300834,628991,271736,258504,530240,215459,210009,425468,110614,107098,217712,23254,22219,45473
2021-10-12,2324822,1998521,4323343,499013,340534,839547,453169,373207,826376,423106,383474,806580,328352,302532,630884,271812,259284,531096,215491,210133,425624,110625,107130,217755,23254,22227,45481
2021-10-13,2354515,2002888,4357403,528295,342266,870561,453340,373949,827289,423235,384248,807483,328411,303266,631677,271834,259585,531419,215501,210179,425680,110632,107161,217793,23267,22234,45501
2021-10-14,2368777,2014808,4383585,541628,348125,889753,453733,376992,830725,423509,385748,809257,328559,304258,632817,271895,259948,531843,215535,210282,425817,110647,107209,217856,23271,22246,45517
2021-10-15,2371827,2037228,4409055,544001,359981,903982,454057,382896,836953,423678,388280,811958,328676,305593,634269,271937,260506,532443,215553,210447,426000,110651,107265,217916,23274,22260,45534
2021-10-16,2378480,2048287,4426767,549834,366805,916639,454457,385118,839575,423885,389442,813327,328796,306132,634928,271996,260717,532713,215569,210525,426094,110664,107282,217946,23279,22266,45545
2021-10-17,2381527,2051919,4433446,552525,368445,920970,454651,385875,840526,423963,389993,813956,328843,306548,635391,272019,260900,532919,215579,210584,426163,110668,107303,217971,23279,22271,45550
2021-10-18,2398149,2059290,4457439,568737,371457,940194,454856,387525,842381,424062,391431,815493,328898,307440,636338,272038,261209,533247,215588,210636,426224,110682,107317,217999,23288,22275,45563
2021-10-19,2404387,2071134,4475521,574322,377217,951539,455204,390073,845277,424214,393291,817505,328985,308443,637428,272075,261782,533857,215605,210709,426314,110689,107339,218028,23293,22280,45573
2021-10-20,2414947,2078129,4493076,584462,381034,965496,455415,391425,846840,424324,394309,818633,329044,308957,638001,272098,261987,534085,215614,210769,426383,110696,107360,218056,23294,22288,45582
2021-10-21,2428557,2086547,4515104,597504,385598,983102,455683,393105,848788,424465,395286,819751,329111,309620,638731,272150,262359,534509,215633,210851,426484,110711,107420,218131,23300,22308,45608
2021-10-22,2445118,2098377,4543495,613119,392225,1005344,456090,395453,851543,424728,396507,821235,329258,310712,639970,272225,262739,534964,215664,210959,426623,110732,107467,218199,23302,22315,45617
2021-10-23,2458407,2102568,4560975,625956,394372,1020328,456303,396590,852893,424855,396921,821776,329322,310988,640310,272247,262888,535135,215679,211002,426681,110738,107488,218226,23307,22319,45626
2021-10-24,2474691,2104570,4579261,642014,395626,1037640,456395,396886,853281,424932,397112,822044,329359,311111,640470,272255,262987,535242,215685,211030,426715,110741,107497,218238,23310,22321,45631
2021-10-25,2489110,2110383,4599493,655551,398000,1053551,456693,398317,855010,425293,398039,823332,329488,311697,641185,272312,263270,535582,215710,211169,426879,110750,107557,218307,23313,22334,45647
2021-10-26,2508080,2114576,4622656,673918,399984,1073902,457001,399456,856457,425452,398546,823998,329566,312021,641587,272346,263402,535748,215723,211226,426949,110760,107590,218350,23314,22351,45665
2021-10-27,2524488,2123194,4647682,689671,406694,1096365,457351,400240,857591,425610,399119,824729,329637,312361,641998,272387,263543,535930,215744,211283,427027,110771,107603,218374,23317,22351,45668
2021-10-28,2545122,2128193,4673315,709706,409260,1118966,457688,401189,858877,425752,399804,825556,329706,312821,642527,272412,263752,536164,215757,211362,427119,110778,107639,218417,23323,22366,45689
2021-10-29,2566838,2131371,4698209,730972,411085,1142057,457939,401845,859784,425861,400144,826005,329763,313005,642768,272431,263854,536285,215763,211401,427164,110784,107663,218447,23325,22374,45699
2021-10-30,2582052,2133229,4715281,745833,412111,1157944,458118,402289,860407,425959,400343,826302,329810,313112,642922,272446,263914,536360,215773,211416,427189,110787,107669,218456,23326,22375,45701
2021-10-31,2595678,2135507,4731185,759049,413489,1172538,458326,402754,861080,426064,400565,826629,329876,313232,643108,272456,263973,536429,215788,211440,427228,110790,107678,218468,23329,22376,45705
2021-11-01,2602845,2143395,4746240,765869,415623,1181492,458504,406559,865063,426175,401602,827777,329912,313773,643685,272468,264236,536704,215796,211522,427318,110791,107696,218487,23330,22384,45714
2021-11-02,2605270,2148607,4753877,767745,418360,1186105,458764,407941,866705,426315,402173,828488,329989,314093,644082,272504,264365,536869,215815,211562,427377,110797,107718,218515,23341,22395,45736
2021-11-03,2608141,2165204,4773345,770138,434203,1204341,458911,408315,867226,426479,402344,828823,330115,314183,644298,272528,264434,536962,215824,211590,427414,110803,107735,218538,23343,22400,45743
2021-11-04,2612653,2180099,4792752,774287,448260,1222547,459051,408691,867742,426601,402534,829135,330163,314304,644467,272548,264512,537060,215846,211633,427479,110812,107754,218566,23345,22411,45756
2021-11-05,2615813,2184331,4800144,776991,451898,1228889,459217,408956,868173,426736,402659,829395,330260,314399,644659,272573,264577,537150,215863,211657,427520,110825,107767,218592,23348,22418,45766
2021-11-06,2618353,2188343,4806696,779168,455399,1234567,459352,409178,868530,426812,402791,829603,330358,314491,644849,272598,264620,537218,215880,211669,427549,110833,107777,218610,23352,22418,45770
2021-11-07,2620668,2192365,4813033,781343,458611,1239954,459413,409540,868953,426849,402992,829841,330381,314604,644985,272610,264690,537300,215886,211703,427589,110834,107800,218634,23352,22425,45777
2021-11-08,2624940,2206064,4831004,784880,471309,1256189,459751,409934,869685,427049,403239,830288,330484,314809,645293,272661,264787,537448,215920,211744,427664,110837,107812,218649,23358,22430,45788
2021-11-09,2628718,2210509,4839227,788184,475040,1263224,459973,410246,870219,427181,403431,830612,330554,314938,645492,272688,264835,537523,215938,211760,427698,110839,107824,218663,23361,22435,45796
2021-11-10,2633856,2216795,4850651,793063,480508,1273571,460098,410606,870704,427249,403609,830858,330592,315045,645637,272701,264925,537626,215947,211811,427758,110843,107844,218687,23363,22447,45810
2021-11-11,2637389,2222971,4860360,796142,485762,1281904,460278,410981,871259,427369,403824,831193,330679,315186,645865,272732,265005,537737,215968,211870,427838,110853,107889,218742,23368,22454,45822
2021-11-12,2641813,2233689,4875502,800145,495474,1295619,460466,411293,871759,427478,404158,831636,330736,315352,646088,272762,265125,537887,215989,211918,427907,110863,107907,218770,23374,22462,45836
2021-11-13,2643351,2234372,4877723,801677,496139,1297816,460468,411298,871766,427479,404161,831640,330737,315355,646092,272763,265130,537893,215989,211919,427908,110863,107908,218771,23375,22462,45837
2021-11-14,2643893,2236574,4880467,802211,498323,1300534,460473,411306,871779,427481,404167,831648,330738,315357,646095,272763,265132,537895,215989,211919,427908,110863,107908,218771,23375,22462,45837
2021-11-15,2646013,2247915,4893928,803856,508680,1312536,460715,411585,872300,427613,404515,832128,330790,315635,646425,272785,265184,537969,216007,211935,427942,110871,107918,218789,23376,22463,45839
2021-11-16,2647946,2265701,4913647,805406,522346,1327752,460910,413276,874186,427699,406029,833728,330836,316195,647031,272814,265440,538254,216023,211996,428019,110878,107949,218827,23380,22470,45850
2021-11-17,2651397,2285855,4937252,808486,541672,1350158,461073,413708,874781,427788,406215,834003,330891,316326,647217,272842,265484,538326,216042,212012,428054,110884,107963,218847,23391,22475,45866
2021-11-18,2655982,2304079,4960061,812720,559225,1371945,461219,413991,875210,427873,406419,834292,330953,316436,647389,272875,265523,538398,216053,212028,428081,110892,107974,218866,23397,22483,45880
2021-11-19,2660400,2321593,4981993,816601,575441,1392042,461447,414568,876015,427986,406767,834753,331075,316643,647718,272919,265619,538538,216066,212080,428146,110903,107990,218893,23403,22485,45888
2021-11-20,2661995,2327505,4989500,817870,580933,1398803,461551,414723,876274,428094,406870,834964,331145,316722,647867,272943,265666,538609,216078,212102,428180,110909,108002,218911,23405,22487,45892
2021-11-21,2663979,2333202,4997181,819577,585860,1405437,461651,414982,876633,428172,407082,835254,331201,316909,648110,272965,265747,538712,216093,212120,428213,110913,108012,218925,23407,22490,45897
2021-11-22,2665161,2341571,5006732,820563,593386,1413949,461715,415353,877068,428215,407303,835518,331247,317066,648313,272984,265802,538786,216108,212144,428252,110920,108021,218941,23409,22496,45905
2021-11-23,2672517,2349206,5021723,827436,599795,1427231,461926,415919,877845,428330,407630,835960,331353,317270,648623,273010,265884,538894,216120,212174,428294,110928,108036,218964,23414,22498,45912
2021-11-24,2677019,2361387,5038406,831515,610667,1442182,462072,416583,878655,428485,407935,836420,331418,317488,648906,273033,265961,538994,216136,212202,428338,110941,108050,218991,23419,22501,45920
2021-11-25,2678423,2364957,5043380,832620,613268,1445888,462141,417134,879275,428616,408134,836750,331461,317589,649050,273060,266023,539083,216151,212226,428377,110951,108077,219028,23423,22506,45929
2021-11-26,2681516,2374147,5055663,835077,621049,1456126,462372,417772,880144,428818,408504,837322,331575,317812,649387,273108,266125,539233,216175,212276,428451,110960,108099,219059,23431,22510,45941
2021-11-27,2683629,2382139,5065768,836915,628218,1465133,462486,418062,880548,428897,408712,837609,331628,317993,649621,273120,266213,539333,216182,212311,428493,110966,108113,219079,23435,22517,45952
2021-11-28,2686015,2389090,5075105,839055,634492,1473547,462577,418424,881001,428973,408872,837845,331669,318078,649747,273142,266255,539397,216193,212329,428522,110970,108122,219092,23436,22518,45954
2021-11-29,2688687,2395755,5084442,841164,640148,1481312,462841,418948,881789,429142,409138,838280,331746,318207,649953,273169,266317,539486,216207,212348,428555,110976,108128,219104,23442,22521,45963
2021-11-30,2692049,2403800,5095849,843837,646783,1490620,463153,419753,882906,429297,409443,838740,331853,318362,650215,273238,266410,539648,216238,212381,428619,110985,108141,219126,23448,22527,45975
2021-12-01,2695755,2413724,5109479,846785,655584,1502369,463461,420272,883733,429465,409727,839192,331998,318543,650541,273317,266497,539814,216273,212418,428691,111005,108150,219155,23451,22533,45984
2021-12-02,2699525,2424488,5124013,849483,665013,1514496,463819,420907,884726,429912,410052,839964,332146,318758,650904,273372,266586,539958,216314,212466,428780,111022,108165,219187,23457,22541,45998
2021-12-03,2700575,2428105,5128680,850136,667846,1517982,464049,421261,885310,429994,410235,840229,332183,318882,651065,273396,266665,540061,216330,212499,428829,111028,108174,219202,23459,22543,46002
2021-12-04,2701614,2432137,5133751,850884,671479,1522363,464144,421434,885578,430069,410347,840416,332232,318946,651178,273427,266702,540129,216357,212508,428865,111038,108177,219215,23463,22544,46007
2021-12-05,2702961,2434754,5137715,851924,673697,1525621,464289,421620,885909,430142,410437,840579,332280,319011,651291,273447,266744,540191,216365,212521,428886,111046,108180,219226,23468,22544,46012
2021-12-06,2706290,2441843,5148133,854697,679727,1534424,464490,422148,886638,430353,410700,841053,332356,319174,651530,273486,266806,540292,216385,212550,428935,111053,108191,219244,23470,22547,46017
2021-12-07,2709353,2446775,5156128,857081,683501,1540582,464816,422698,887514,430540,410999,841539,332437,319334,651771,273534,266901,540435,216413,212590,429003,111059,108202,219261,23473,22550,46023
2021-12-08,2711190,2450977,5162167,858537,686953,1545490,464960,423004,887964,430643,411175,841818,332513,319488,652001,273564,266975,540539,216426,212621,429047,111068,108208,219276,23479,22553,46032
2021-12-09,2713848,2458911,5172759,860686,694274,1554960,465172,423252,888424,430771,411343,842114,332598,319584,652182,273609,267034,540643,216453,212650,429103,111079,108219,219298,23480,22555,46035
2021-12-10,2715844,2463539,5179383,862311,698285,1560596,465348,423513,888861,430849,411488,842337,332644,319692,652336,273644,267093,540737,216467,212674,429141,111091,108232,219323,23490,22562,46052
2021-12-11,2717492,2466522,5184014,863620,700667,1564287,465488,423781,889269,430928,411632,842560,332705,319796,652501,273675,267147,540822,216483,212694,429177,111103,108240,219343,23490,22565,46055
2021-12-12,2719037,2469115,5188152,864766,702513,1567279,465693,424175,889868,431026,411821,842847,332766,319884,652650,273696,267204,540900,216494,212707,429201,111106,108245,219351,23490,22566,46056
2021-12-13,2720893,2471473,5192366,866116,703929,1570045,465950,424684,890634,431144,412042,843186,332846,320010,652856,273725,267256,540981,216506,212730,429236,111113,108255,219368,23493,22567,46060
2021-12-14,2722902,2475655,5198557,867497,707249,1574746,466204,425086,891290,431303,412298,843601,332950,320122,653072,273785,267315,541100,216531,212750,429281,111131,108266,219397,23501,22569,46070
2021-12-15,2724680,2479936,5204616,868818,710604,1579422,466348,425480,891828,431428,412538,843966,333054,320283,653337,273826,267402,541228,216566,212779,429345,111137,108275,219412,23503,22575,46078
2021-12-16,2726775,2483920,5210695,870502,713830,1584332,466516,425842,892358,431534,412729,844263,333124,320397,653521,273859,267454,541313,216586,212806,429392,111147,108284,219431,23507,22578,46085
2021-12-17,2728979,2487435,5216414,872372,716529,1588901,466658,426168,892826,431611,412925,844536,333171,320552,653723,273892,267535,541427,216606,212838,429444,111160,108304,219464,23509,22584,46093
2021-12-18,2730525,2490427,5220952,873473,718750,1592223,466800,426517,893317,431766,413124,844890,333253,320665,653918,273933,267600,541533,216620,212860,429480,111168,108324,219492,23512,22587,46099
2021-12-19,2732133,2493534,5225667,874655,721080,1595735,466985,426900,893885,431878,413330,845208,333324,320779,654103,273953,267648,541601,216636,212874,429510,111183,108332,219515,23519,22591,46110
2021-12-20,2734794,2497396,5232190,876568,723991,1600559,467424,427336,894760,432048,413591,845639,333399,320919,654318,273981,267702,541683,216653,212908,429561,111197,108352,219549,23524,22597,46121
2021-12-21,2737759,2501866,5239625,878752,727375,1606127,467840,427857,895697,432236,413874,846110,333516,321100,654616,274012,267761,541773,216669,212926,429595,111204,108369,219573,23530,22604,46134
