FECHA,TotalM,TotalF,Total,<=30M,<=30F,<=30,31-40M,31-40F,31-40,41-50M,41-50F,41-50,51-60M,51-60F,51-60,61-70M,61-70F,61-70,71-80M,71-80F,71-80,81-90M,81-90F,81-90,>=91M,>=91F,>=91
2020-12-29,299,477,776,44,76,120,104,144,248,93,155,248,57,99,156,1,2,3,0,1,1,0,0,0,0,0,0
2020-12-30,638,1042,1680,95,188,283,226,317,543,189,330,519,125,200,325,3,5,8,0,2,2,0,0,0,0,0,0
2020-12-31,684,1093,1777,102,191,293,240,334,574,205,351,556,134,209,343,3,6,9,0,2,2,0,0,0,0,0,0
2021-01-01,684,1093,1777,102,191,293,240,334,574,205,351,556,134,209,343,3,6,9,0,2,2,0,0,0,0,0,0
2021-01-02,837,1371,2208,116,224,340,298,443,741,255,429,684,164,263,427,4,9,13,0,3,3,0,0,0,0,0,0
2021-01-03,892,1485,2377,125,241,366,323,491,814,267,459,726,173,282,455,4,9,13,0,3,3,0,0,0,0,0,0
2021-01-04,1248,2069,3317,186,342,528,439,694,1133,370,634,1004,248,387,635,5,9,14,0,3,3,0,0,0,0,0,0
2021-01-05,1762,2883,4645,259,479,738,656,965,1621,496,881,1377,345,542,887,6,12,18,0,4,4,0,0,0,0,0,0
2021-01-06,2327,3759,6086,358,642,1000,866,1226,2092,654,1137,1791,441,734,1175,8,14,22,0,6,6,0,0,0,0,0,0
2021-01-07,2901,4773,7674,448,811,1259,1067,1574,2641,815,1439,2254,563,929,1492,8,14,22,0,6,6,0,0,0,0,0,0
2021-01-08,3572,5961,9533,569,1041,1610,1294,1979,3273,1007,1780,2787,688,1136,1824,13,18,31,1,7,8,0,0,0,0,0,0
2021-01-09,3741,6236,9977,583,1081,1664,1366,2081,3447,1059,1869,2928,719,1180,1899,13,18,31,1,7,8,0,0,0,0,0,0
2021-01-10,3950,6600,10550,616,1129,1745,1455,2233,3688,1113,1971,3084,750,1240,1990,15,19,34,1,8,9,0,0,0,0,0,0
2021-01-11,4614,7801,12415,728,1387,2115,1723,2637,4360,1290,2298,3588,855,1449,2304,17,22,39,1,8,9,0,0,0,0,0,0
2021-01-12,5209,8900,14109,825,1579,2404,1959,3025,4984,1441,2591,4032,965,1673,2638,18,24,42,1,8,9,0,0,0,0,0,0
2021-01-13,5675,9795,15470,904,1758,2662,2123,3350,5473,1570,2826,4396,1058,1827,2885,19,25,44,1,9,10,0,0,0,0,0,0
2021-01-14,6479,11219,17698,1074,2040,3114,2415,3838,6253,1789,3223,5012,1181,2083,3264,19,26,45,1,9,10,0,0,0,0,0,0
2021-01-15,7675,13449,21124,1289,2493,3782,2882,4611,7493,2097,3837,5934,1387,2468,3855,19,30,49,1,10,11,0,0,0,0,0,0
2021-01-16,8152,14310,22462,1385,2647,4032,3060,4940,8000,2218,4082,6300,1469,2601,4070,19,30,49,1,10,11,0,0,0,0,0,0
2021-01-17,8438,14857,23295,1451,2740,4191,3174,5155,8329,2290,4237,6527,1503,2685,4188,19,30,49,1,10,11,0,0,0,0,0,0
2021-01-18,8626,15176,23802,1479,2794,4273,3234,5259,8493,2347,4343,6690,1546,2740,4286,19,30,49,1,10,11,0,0,0,0,0,0
2021-01-19,8912,15648,24560,1515,2861,4376,3316,5430,8746,2442,4489,6931,1617,2827,4444,21,31,52,1,10,11,0,0,0,0,0,0
2021-01-20,9204,16154,25358,1546,2956,4502,3425,5580,9005,2530,4647,7177,1681,2926,4607,21,34,55,1,11,12,0,0,0,0,0,0
2021-01-21,9334,16340,25674,1569,2985,4554,3469,5632,9101,2565,4710,7275,1704,2967,4671,26,35,61,1,11,12,0,0,0,0,0,0
2021-01-22,9368,16389,25757,1575,2995,4570,3482,5646,9128,2577,4727,7304,1706,2974,4680,27,36,63,1,11,12,0,0,0,0,0,0
2021-01-23,9487,16593,26080,1585,3017,4602,3527,5727,9254,2616,4785,7401,1730,3014,4744,28,38,66,1,12,13,0,0,0,0,0,0
2021-01-24,9531,16682,26213,1590,3027,4617,3547,5764,9311,2627,4811,7438,1738,3030,4768,28,38,66,1,12,13,0,0,0,0,0,0
2021-01-25,9812,17143,26955,1635,3104,4739,3631,5912,9543,2707,4954,7661,1808,3121,4929,30,39,69,1,13,14,0,0,0,0,0,0
2021-01-26,10179,17787,27966,1675,3209,4884,3776,6096,9872,2812,5167,7979,1882,3258,5140,33,43,76,1,13,14,0,0,0,0,1,1
2021-01-27,10623,18451,29074,1749,3325,5074,3945,6294,10239,2929,5359,8288,1964,3413,5377,35,45,80,1,14,15,0,0,0,0,1,1
2021-01-28,11082,19259,30341,1824,3470,5294,4097,6567,10664,3057,5585,8642,2067,3577,5644,36,45,81,1,14,15,0,0,0,0,1,1
2021-01-29,11719,20324,32043,1926,3658,5584,4340,6943,11283,3239,5892,9131,2171,3767,5938,41,49,90,2,14,16,0,0,0,0,1,1
2021-01-30,11872,20586,32458,1945,3697,5642,4400,7047,11447,3284,5971,9255,2200,3807,6007,41,49,90,2,14,16,0,0,0,0,1,1
2021-01-31,11990,20811,32801,1968,3730,5698,4442,7140,11582,3316,6031,9347,2220,3846,6066,42,49,91,2,14,16,0,0,0,0,1,1
2021-02-01,12537,21755,34292,2059,3905,5964,4667,7472,12139,3466,6285,9751,2300,4023,6323,43,54,97,2,15,17,0,0,0,0,1,1
2021-02-02,13718,23759,37477,2172,4149,6321,4955,7936,12891,3671,6722,10393,2526,4487,7013,349,417,766,39,45,84,5,2,7,1,1,2
2021-02-03,14984,26069,41053,2310,4475,6785,5279,8553,13832,3924,7268,11192,2772,4962,7734,615,735,1350,75,71,146,8,4,12,1,1,2
2021-02-04,16225,28392,44617,2470,4799,7269,5638,9216,14854,4215,7834,12049,2993,5445,8438,781,985,1766,114,105,219,12,7,19,2,1,3
2021-02-05,18133,32105,50238,2750,5377,8127,6258,10386,16644,4620,8744,13364,3350,6179,9529,971,1262,2233,165,147,312,17,9,26,2,1,3
2021-02-06,18576,32910,51486,2831,5495,8326,6394,10661,17055,4737,8974,13711,3436,6334,9770,993,1288,2281,166,148,314,17,9,26,2,1,3
2021-02-07,18929,33562,52491,2885,5585,8470,6507,10898,17405,4847,9166,14013,3494,6445,9939,1009,1309,2318,168,149,317,17,9,26,2,1,3
2021-02-08,19796,35155,54951,3013,5864,8877,6785,11400,18185,5057,9593,14650,3644,6716,10360,1098,1413,2511,179,159,338,18,9,27,2,1,3
2021-02-09,20787,37081,57868,3154,6206,9360,7088,11968,19056,5284,10053,15337,3825,7120,10945,1218,1559,2777,193,165,358,23,9,32,2,1,3
2021-02-10,21323,38105,59428,3235,6370,9605,7219,12291,19510,5429,10315,15744,3933,7325,11258,1277,1622,2899,202,172,374,26,9,35,2,1,3
2021-02-11,21775,39163,60938,3306,6550,9856,7363,12635,19998,5526,10581,16107,4005,7524,11529,1333,1683,3016,213,180,393,27,9,36,2,1,3
2021-02-12,22278,40103,62381,3379,6702,10081,7529,12964,20493,5638,10856,16494,4094,7661,11755,1380,1723,3103,226,187,413,30,9,39,2,1,3
2021-02-13,22298,40140,62438,3379,6708,10087,7537,12979,20516,5643,10864,16507,4101,7669,11770,1380,1723,3103,226,187,413,30,9,39,2,1,3
2021-02-14,22304,40164,62468,3381,6715,10096,7539,12986,20525,5643,10874,16517,4103,7669,11772,1380,1723,3103,226,187,413,30,9,39,2,1,3
2021-02-15,22304,40164,62468,3381,6715,10096,7539,12986,20525,5643,10874,16517,4103,7669,11772,1380,1723,3103,226,187,413,30,9,39,2,1,3
2021-02-16,22315,40199,62514,3382,6716,10098,7547,13004,20551,5645,10887,16532,4103,7672,11775,1380,1723,3103,226,187,413,30,9,39,2,1,3
2021-02-17,23112,41699,64811,3509,6944,10453,7794,13453,21247,5816,11316,17132,4247,7957,12204,1476,1827,3303,238,191,429,30,10,40,2,1,3
2021-02-18,24957,45570,70527,3726,7484,11210,8317,14499,22816,6195,12337,18532,4609,8738,13347,1743,2211,3954,316,284,600,49,16,65,2,1,3
2021-02-19,26615,49380,75995,3921,8017,11938,8763,15611,24374,6617,13318,19935,4918,9473,14391,1949,2546,4495,381,388,769,61,26,87,5,1,6
2021-02-20,27066,50165,77231,3966,8100,12066,8898,15882,24780,6729,13511,20240,5006,9623,14629,2002,2628,4630,398,393,791,62,27,89,5,1,6
2021-02-21,27394,50670,78064,4001,8165,12166,8991,16070,25061,6809,13642,20451,5084,9709,14793,2035,2658,4693,405,398,803,64,27,91,5,1,6
2021-02-22,30824,56921,87745,4195,8610,12805,9342,16934,26276,7076,14341,21417,5338,10254,15592,2357,2970,5327,802,934,1736,1542,2450,3992,172,428,600
2021-02-23,34802,64322,99124,4447,9138,13585,9788,18029,27817,7501,15342,22843,5699,11054,16753,2836,3581,6417,1162,1436,2598,3018,4878,7896,351,864,1215
2021-02-24,38858,71923,110781,4704,9600,14304,10339,19083,29422,7948,16309,24257,6027,11805,17832,3221,4078,7299,1556,2045,3601,4547,7637,12184,516,1366,1882
2021-02-25,42908,79468,122376,4938,10133,15071,10863,20171,31034,8441,17200,25641,6398,12591,18989,3564,4574,8138,1894,2612,4506,6089,10314,16403,721,1873,2594
2021-02-26,46845,87395,134240,5187,10695,15882,11407,21289,32696,8819,18151,26970,6796,13440,20236,3920,5080,9000,2256,3154,5410,7545,13138,20683,915,2448,3363
2021-02-27,47388,88516,135904,5227,10769,15996,11507,21416,32923,8907,18273,27180,6856,13547,20403,3977,5181,9158,2324,3282,5606,7659,13460,21119,931,2588,3519
2021-02-28,47540,88868,136408,5242,10786,16028,11537,21475,33012,8924,18307,27231,6869,13562,20431,4009,5214,9223,2339,3321,5660,7684,13553,21237,936,2650,3586
2021-03-01,50627,94921,145548,5352,11016,16368,11796,21994,33790,9146,18704,27850,7033,13943,20976,4204,5461,9665,2696,3880,6576,9264,16741,26005,1136,3182,4318
2021-03-02,53646,100750,154396,5470,11310,16780,12019,22487,34506,9317,19121,28438,7189,14283,21472,4388,5771,10159,3062,4444,7506,10852,19643,30495,1349,3691,5040
2021-03-03,56505,106514,163019,5601,11567,17168,12264,23078,35342,9531,19603,29134,7345,14660,22005,4522,5996,10518,3364,4966,8330,12315,22416,34731,1563,4228,5791
2021-03-04,57785,109447,167232,5716,11882,17598,12493,23623,36116,9711,20011,29722,7479,14988,22467,4643,6225,10868,3490,5188,8678,12659,23140,35799,1594,4390,5984
2021-03-05,58877,111973,170850,5807,12114,17921,12733,24181,36914,9899,20545,30444,7639,15372,23011,4758,6428,11186,3564,5330,8894,12847,23529,36376,1630,4474,6104
2021-03-06,59540,114321,173861,5846,12351,18197,12905,24703,37608,10032,21053,31085,7740,15799,23539,4786,6483,11269,3631,5475,9106,12942,23857,36799,1658,4600,6258
2021-03-07,60187,116378,176565,5881,12542,18423,13050,25192,38242,10179,21509,31688,7862,16160,24022,4821,6527,11348,3699,5606,9305,13017,24103,37120,1678,4739,6417
2021-03-08,61630,119670,181300,5971,12786,18757,13228,25631,38859,10310,21889,32199,7994,16504,24498,4952,6792,11744,3877,5911,9788,13548,25116,38664,1750,5041,6791
2021-03-09,65366,126483,191849,6126,13091,19217,13559,26311,39870,10576,22412,32988,8241,16994,25235,5218,7136,12354,4290,6584,10874,15378,28246,43624,1978,5709,7687
2021-03-10,69406,135188,204594,6336,13606,19942,13943,27431,41374,10907,23515,34422,8591,17987,26578,5442,7468,12910,4694,7229,11923,17266,31570,48836,2227,6382,8609
2021-03-11,74578,147495,222073,6744,14517,21261,14681,29458,44139,11470,25692,37162,9114,19611,28725,5804,7998,13802,5138,7964,13102,19189,35228,54417,2438,7027,9465
2021-03-12,78365,157794,236159,7172,15560,22732,15507,31979,47486,12144,28213,40357,9693,21475,31168,6086,8453,14539,5366,8295,13661,19852,36518,56370,2545,7301,9846
2021-03-13,79877,162920,242797,7367,16340,23707,15924,33481,49405,12522,29615,42137,9991,22439,32430,6177,8582,14759,5399,8377,13776,19931,36703,56634,2566,7383,9949
2021-03-14,80919,166874,247793,7464,16853,24317,16229,34586,50815,12814,30837,43651,10232,23375,33607,6257,8715,14972,5423,8417,13840,19934,36708,56642,2566,7383,9949
2021-03-15,83883,175848,259731,7723,17875,25598,16870,36797,53667,13365,33000,46365,10733,25065,35798,6540,9233,15773,5636,8745,14381,20383,37621,58004,2633,7512,10145
2021-03-16,87821,185304,273125,7990,18718,26708,17481,38577,56058,13929,34718,48647,11192,26491,37683,6873,9831,16704,6015,9314,15329,21595,39830,61425,2746,7825,10571
2021-03-17,91984,194520,286504,8280,19396,27676,18098,40277,58375,14506,36334,50840,11640,27709,39349,7264,10531,17795,6437,9988,16425,22869,42129,64998,2890,8156,11046
2021-03-18,96328,204366,300694,8613,20292,28905,18831,42190,61021,15178,38094,53272,12220,29142,41362,7585,11121,18706,6874,10680,17554,23995,44305,68300,3032,8542,11574
2021-03-19,100472,214213,314685,8967,21281,30248,19604,44248,63852,15952,39948,55900,12842,30619,43461,7834,11496,19330,7178,11187,18365,24911,46359,71270,3184,9075,12259
2021-03-20,102649,219129,321778,9036,21501,30537,19811,44722,64533,16142,40411,56553,13039,31088,44127,8290,12571,20861,7561,11805,19366,25488,47647,73135,3282,9384,12666
2021-03-21,104321,222584,326905,9060,21563,30623,19882,44853,64735,16186,40492,56678,13134,31281,44415,8925,13988,22913,7980,12491,20471,25818,48355,74173,3336,9561,12897
2021-03-22,106373,227018,333391,9222,21851,31073,20184,45531,65715,16424,41064,57488,13357,31918,45275,9496,15420,24916,8450,13173,21623,25891,48475,74366,3349,9586,12935
2021-03-23,109376,233920,343296,9342,22120,31462,20440,46104,66544,16637,41591,58228,13560,32375,45935,9901,16292,26193,8901,13911,22812,27046,51175,78221,3549,10352,13901
2021-03-24,111228,238033,349261,9347,22137,31484,20452,46131,66583,16647,41616,58263,13597,32438,46035,10139,16856,26995,9245,14565,23810,28097,53438,81535,3704,10852,14556
2021-03-25,113317,242300,355617,9477,22431,31908,20709,46687,67396,16889,42047,58936,13757,32754,46511,10233,17008,27241,9548,15021,24569,28879,55091,83970,3825,11261,15086
2021-03-26,114408,244892,359300,9512,22524,32036,20812,46875,67687,16961,42215,59176,13841,32884,46725,10353,17386,27739,9729,15413,25142,29293,56014,85307,3907,11581,15488
2021-03-27,115142,246747,361889,9514,22530,32044,20817,46890,67707,16963,42226,59189,13846,32905,46751,10370,17425,27795,9878,15738,25616,29778,57096,86874,3976,11937,15913
2021-03-28,115853,248603,364456,9516,22534,32050,20820,46897,67717,16964,42237,59201,13854,32917,46771,10402,17463,27865,10021,15994,26015,30209,58227,88436,4067,12334,16401
2021-03-29,118136,254352,372488,9715,23057,32772,21239,47988,69227,17311,43131,60442,14132,33652,47784,10551,17746,28297,10252,16374,26626,30757,59605,90362,4179,12799,16978
2021-03-30,121270,261552,382822,9832,23349,33181,21484,48638,70122,17536,43664,61200,15184,36025,51209,11318,18977,30295,10616,17065,27681,31060,60647,91707,4240,13187,17427
2021-03-31,125422,270043,395465,10060,23878,33938,21977,49876,71853,17968,44744,62712,15420,36519,51939,11478,19193,30671,12659,20230,32889,31519,61941,93460,4341,13662,18003
2021-04-01,129925,277575,407500,10084,23904,33988,22001,49955,71956,18505,45779,64284,15799,37270,53069,11544,19389,30933,15713,24546,40259,31869,62803,94672,4410,13929,18339
2021-04-02,134339,284756,419095,10085,23907,33992,22003,49960,71963,19415,47512,66927,15806,37286,53092,11559,19417,30976,18880,29167,48047,32142,63409,95551,4449,14098,18547
2021-04-03,138085,290822,428907,10086,23915,34001,22006,49964,71970,19422,47521,66943,15816,37293,53109,11569,19428,30997,22453,34785,57238,32250,63703,95953,4483,14213,18696
2021-04-04,139163,292546,431709,10086,23915,34001,22006,49964,71970,19422,47523,66945,15821,37300,53121,11587,19452,31039,23498,36450,59948,32255,63720,95975,4488,14222,18710
2021-04-05,145187,302250,447437,10172,24037,34209,22079,50159,72238,19496,47715,67211,15900,37492,53392,11721,19648,31369,28919,44901,73820,32379,63983,96362,4521,14315,18836
2021-04-06,151994,313216,465210,10276,24185,34461,22203,50379,72582,19566,47860,67426,15959,37614,53573,11829,19827,31656,35001,54413,89414,32596,64469,97065,4564,14469,19033
2021-04-07,159566,325137,484703,10366,24305,34671,22327,50644,72971,19638,48032,67670,16038,37752,53790,12486,20639,33125,41145,63917,105062,32940,65200,98140,4626,14648,19274
2021-04-08,168046,337185,505231,10529,24469,34998,22536,50912,73448,19741,48186,67927,16122,37917,54039,14009,22865,36874,47366,72691,120057,33093,65419,98512,4650,14726,19376
2021-04-09,175377,348430,523807,10657,24715,35372,22756,51298,74054,19862,48445,68307,16210,38101,54311,15352,24713,40065,52620,80540,133160,33238,65752,98990,4682,14866,19548
2021-04-10,178459,353155,531614,10705,24818,35523,22816,51443,74259,19937,48567,68504,16261,38222,54483,16006,25708,41714,54755,83696,138451,33290,65806,99096,4689,14895,19584
2021-04-11,181362,357768,539130,10753,24926,35679,22911,51624,74535,19988,48729,68717,16325,38388,54713,16605,26617,43222,56768,86690,143458,33319,65868,99187,4693,14926,19619
2021-04-12,189440,370220,559660,10884,25169,36053,23093,51972,75065,20103,48954,69057,16435,38584,55019,18211,28916,47127,62592,95552,158144,33405,66067,99472,4717,15006,19723
2021-04-13,197071,381938,579009,11088,25356,36444,23320,52308,75628,20318,49183,69501,16631,38955,55586,20170,32321,52491,67282,102391,169673,33526,66326,99852,4736,15098,19834
2021-04-14,203654,391718,595372,11318,25432,36750,23503,52474,75977,20474,49368,69842,16696,39024,55720,20982,33344,54326,71111,108306,179417,34693,68275,102968,4877,15495,20372
2021-04-15,206939,397442,604381,11454,25478,36932,23604,52513,76117,20553,49391,69944,16739,39071,55810,22269,36154,58423,72649,110812,183461,34775,68473,103248,4896,15550,20446
2021-04-16,210732,403171,613903,11554,25511,37065,23651,52540,76191,20594,49415,70009,16755,39087,55842,22896,36991,59887,75229,114656,189885,35095,69229,104324,4958,15742,20700
2021-04-17,211002,403568,614570,11566,25522,37088,23677,52557,76234,20632,49450,70082,16792,39117,55909,22931,37028,59959,75332,114858,190190,35112,69272,104384,4960,15764,20724
2021-04-18,211146,403722,614868,11582,25528,37110,23699,52573,76272,20660,49480,70140,16833,39145,55978,22940,37044,59984,75347,114873,190220,35121,69301,104422,4964,15778,20742
2021-04-19,215165,410023,625188,11741,25558,37299,23763,52584,76347,20709,49492,70201,16851,39159,56010,23431,37719,61150,78130,119225,197355,35510,70271,105781,5030,16015,21045
2021-04-20,221312,420569,641881,11903,25620,37523,23845,52652,76497,20776,49574,70350,17299,40212,57511,26444,42634,69078,79728,121661,201389,36091,71609,107700,5226,16607,21833
2021-04-21,229702,432636,662338,11987,25666,37653,23894,52696,76590,20822,49618,70440,17386,40421,57807,34182,53556,87738,80054,122280,202334,36138,71736,107874,5239,16663,21902
2021-04-22,239748,446526,686274,12033,25710,37743,23933,52742,76675,20854,49669,70523,17426,40484,57910,43627,66503,110130,80422,122864,203286,36205,71859,108064,5248,16695,21943
2021-04-23,249926,459701,709627,12058,25757,37815,23981,52795,76776,20908,49744,70652,17490,40557,58047,53338,78834,132172,80640,123253,203893,36255,72002,108257,5256,16759,22015
2021-04-24,252829,463202,716031,12063,25766,37829,23986,52802,76788,20923,49760,70683,17507,40579,58086,55947,82012,137959,80853,123441,204294,36284,72063,108347,5266,16779,22045
2021-04-25,252910,463323,716233,12065,25768,37833,23990,52805,76795,20928,49772,70700,17516,40586,58102,56004,82088,138092,80855,123450,204305,36284,72071,108355,5268,16783,22051
2021-04-26,254408,465691,720099,12078,25774,37852,24001,52816,76817,20937,49781,70718,17522,40599,58121,57315,84093,141408,80982,123671,204653,36299,72148,108447,5274,16809,22083
2021-04-27,255790,468543,724333,12153,25845,37998,24049,52908,76957,20979,49847,70826,17556,40656,58212,58215,85758,143973,81214,124393,205607,36344,72289,108633,5280,16847,22127
2021-04-28,262845,484580,747425,12875,27678,40553,25598,57216,82814,22272,53715,75987,18570,43610,62180,60451,88382,148833,81415,124712,206127,36378,72385,108763,5286,16882,22168
2021-04-29,269360,497742,767102,13328,28995,42323,26673,60414,87087,23309,56732,80041,19434,45977,65411,63168,91045,154213,81706,125085,206791,36436,72547,108983,5306,16947,22253
2021-04-30,270676,499747,770423,13398,29120,42518,26768,60593,87361,23357,56846,80203,19464,46059,65523,63995,92151,156146,81905,125362,207267,36472,72628,109100,5317,16988,22305
2021-05-01,271200,500788,771988,13408,29147,42555,26822,60688,87510,23379,56898,80277,19486,46095,65581,64304,92738,157042,81994,125518,207512,36488,72687,109175,5319,17017,22336
2021-05-02,275488,510605,786093,13716,30085,43801,27630,62855,90485,24191,58971,83162,20121,47717,67838,64796,93782,158578,83184,127353,210537,36525,72784,109309,5325,17058,22383
2021-05-03,283673,522125,805798,13772,30190,43962,27733,63021,90754,24249,59074,83323,20946,48882,69828,69672,100259,169931,85353,130616,215969,36607,72967,109574,5341,17116,22457
2021-05-04,295201,536387,831588,13862,30312,44174,27828,63199,91027,24297,59184,83481,22924,51359,74283,78672,111221,189893,85618,130922,216540,36649,73043,109692,5351,17147,22498
2021-05-05,305843,551690,857533,13983,30500,44483,28038,63390,91428,24535,59328,83863,23510,52035,75545,81780,115837,197617,91695,139635,231330,36914,73667,110581,5388,17298,22686
2021-05-06,309467,557030,866497,14090,30599,44689,28193,63505,91698,24740,59394,84134,23947,52464,76411,83427,118549,201976,92679,141414,234093,36983,73779,110762,5408,17326,22734
2021-05-07,317432,570123,887555,14227,30887,45114,28418,64023,92441,24945,59789,84734,24219,52986,77205,84809,121355,206164,98286,149663,247949,37096,74008,111104,5432,17412,22844
2021-05-08,319821,585385,905206,14409,32497,46906,28887,67514,96401,25448,64384,89832,24785,56614,81399,85386,123140,208526,98354,149754,248108,37110,74048,111158,5442,17434,22876
2021-05-09,319955,585605,905560,14409,32497,46906,28887,67514,96401,25449,64384,89833,24804,56625,81429,85455,123211,208666,98369,149777,248146,37132,74115,111247,5450,17482,22932
2021-05-10,320788,588127,908915,14436,32539,46975,28918,67567,96485,25480,64435,89915,24956,56883,81839,85771,124629,210400,98566,150235,248801,37195,74284,111479,5466,17555,23021
2021-05-11,324069,592034,916103,14456,32574,47030,28948,67624,96572,25512,64488,90000,25585,57618,83203,88158,127311,215469,98698,150420,249118,37232,74387,111619,5480,17612,23092
2021-05-12,327623,596429,924052,14490,32606,47096,28990,67686,96676,25552,64548,90100,26267,58409,84676,90640,130096,220736,98868,150789,249657,37320,74591,111911,5496,17704,23200
2021-05-13,330498,601778,932276,14543,32706,47249,29083,67915,96998,25629,64703,90332,26445,58718,85163,91521,131797,223318,100357,153296,253653,37406,74839,112245,5514,17804,23318
2021-05-14,331822,604809,936631,14596,32801,47397,29175,68101,97276,25702,64839,90541,26612,58950,85562,92105,133261,225366,100640,153943,254583,37460,75021,112481,5532,17893,23425
2021-05-15,338213,609964,948177,14614,32839,47453,29212,68167,97379,25731,64887,90618,27801,60150,87951,97086,136716,233802,100737,154117,254854,37491,75141,112632,5541,17947,23488
2021-05-16,339087,612270,951357,14671,33033,47704,29420,68868,98288,25985,65597,91582,27976,60550,88526,97217,136868,234085,100762,154159,254921,37505,75215,112720,5551,17980,23531
2021-05-17,343314,616543,959857,14721,33121,47842,29590,69284,98874,26090,65881,91971,28809,61322,90131,100010,139049,239059,100986,154527,255513,37543,75325,112868,5565,18034,23599
2021-05-18,347874,620420,968294,14750,33174,47924,29654,69359,99013,26149,65963,92112,29679,62160,91839,103418,141546,244964,101079,154720,255799,37572,75419,112991,5573,18079,23652
2021-05-19,351273,623715,974988,14791,33273,48064,29763,69572,99335,26191,66078,92269,30306,62793,93099,105823,143339,249162,101210,155032,256242,37607,75508,113115,5582,18120,23702
2021-05-20,361794,635601,997395,14860,33419,48279,29912,69807,99719,26278,66257,92535,33219,66090,99309,112386,149809,262195,101779,156050,257829,37753,75941,113694,5607,18228,23835
2021-05-21,363928,639968,1003896,14965,33678,48643,30098,70355,100453,26385,66652,93037,33315,66434,99749,112829,150634,263463,102894,157839,260733,37827,76095,113922,5615,18281,23896
2021-05-22,365434,642073,1007507,15012,33744,48756,30138,70415,100553,26407,66715,93122,33521,66693,100214,113791,151859,265650,103087,158181,261268,37858,76165,114023,5620,18301,23921
2021-05-23,367783,644405,1012188,15036,33790,48826,30164,70482,100646,26431,66756,93187,34518,67767,102285,114963,152734,267697,103167,158329,261496,37877,76230,114107,5627,18317,23944
2021-05-24,368471,645959,1014430,15073,33870,48943,30230,70615,100845,26468,66855,93323,34741,68005,102746,115232,153608,268840,103218,158428,261646,37882,76253,114135,5627,18325,23952
2021-05-25,373066,654433,1027499,15082,33890,48972,30236,70631,100867,26470,66871,93341,34917,68176,103093,115507,154347,269854,103697,159263,262960,41124,81955,123079,6033,19300,25333
2021-05-26,375322,657816,1033138,15114,33938,49052,30277,70712,100989,26504,66940,93444,35982,69132,105114,115706,154680,270386,103863,159575,263438,41740,83264,125004,6136,19575,25711
2021-05-27,384570,672681,1057251,15173,34050,49223,30370,70874,101244,26593,67100,93693,38653,71566,110219,115967,154874,270841,104537,160754,265291,46550,92306,138856,6727,21157,27884
2021-05-28,394974,687323,1082297,15270,34199,49469,30533,71108,101641,26880,67369,94249,44418,78308,122726,116194,155107,271301,105051,161553,266604,49532,97564,147096,7096,22115,29211
2021-05-29,403822,695523,1099345,15273,34205,49478,30542,71119,101661,27502,67836,95338,52101,85180,137281,116380,155335,271715,105123,161675,266798,49772,97989,147761,7129,22184,29313
2021-05-30,412038,702976,1115014,15274,34211,49485,30546,71125,101671,29260,69366,98626,58446,90978,149424,116462,155413,271875,105144,161695,266839,49776,98002,147778,7130,22186,29316
2021-05-31,423445,718085,1141530,15368,34384,49752,30710,71403,102113,35560,75393,110953,61830,96462,158292,117071,156274,273345,105321,162038,267359,50364,99603,149967,7221,22528,29749
2021-06-01,434477,730583,1165060,15550,34638,50188,31304,71811,103115,42585,82732,125317,63997,98967,162964,117184,156445,273629,105480,162307,267787,51093,100886,151979,7284,22797,30081
2021-06-02,443404,743179,1186583,16155,35282,51437,33002,74396,107398,46569,87994,134563,66014,101544,167558,117333,156647,273980,105593,162500,268093,51394,101741,153135,7344,23075,30419
2021-06-03,455836,762293,1218129,19117,40285,59402,38188,82315,120503,49799,92369,142168,66575,102379,168954,117474,156839,274313,105665,162666,268331,51633,102240,153873,7385,23200,30585
2021-06-04,468867,778164,1247031,22062,43840,65902,42934,87033,129967,52717,96547,149264,67573,103757,171330,118499,157957,276456,105937,163126,269063,51729,102615,154344,7416,23289,30705
2021-06-05,479661,788255,1267916,24714,46198,70912,47683,90928,138611,54541,98242,152783,68237,104431,172668,119136,158665,277801,106075,163402,269477,51829,102966,154795,7446,23423,30869
2021-06-06,488013,797929,1285942,27743,50195,77938,51464,94986,146450,55451,98960,154411,68655,104802,173457,119209,158737,277946,106128,163525,269653,51895,103163,155058,7468,23561,31029
2021-06-07,501470,811773,1313243,30805,53516,84321,54728,97715,152443,58711,102073,160784,71966,108646,180612,119578,159122,278700,106234,163706,269940,51959,103350,155309,7489,23645,31134
2021-06-08,514000,828558,1342558,31802,54993,86795,56082,99749,155831,60180,104114,164294,80004,118526,198530,119710,159304,279014,106416,163991,270407,52264,103998,156262,7542,23883,31425
2021-06-09,526451,841532,1367983,32128,55323,87451,56714,100410,157124,60862,104659,165521,90634,129553,220187,119801,159432,279233,106466,164072,270538,52294,104110,156404,7552,23973,31525
2021-06-10,540574,855139,1395713,32870,56164,89034,57754,101605,159359,62771,105615,168386,100673,139551,240224,120078,159777,279855,106540,164199,270739,52322,104206,156528,7566,24022,31588
2021-06-11,550083,870497,1420580,33062,56382,89444,58201,101895,160096,63453,106223,169676,102025,141006,243031,120208,159994,280202,107449,165607,273056,57596,113850,171446,8089,25540,33629
