FECHA,TotalM,TotalF,Total,<=30M,<=30F,<=30,31-40M,31-40F,31-40,41-50M,41-50F,41-50,51-60M,51-60F,51-60,61-70M,61-70F,61-70,71-80M,71-80F,71-80,81-90M,81-90F,81-90,>=91M,>=91F,>=91
2020-12-29,299,477,776,44,76,120,104,144,248,93,154,247,57,100,157,1,2,3,0,1,1,0,0,0,0,0,0
2020-12-30,638,1042,1680,95,188,283,226,317,543,189,329,518,125,203,328,3,3,6,0,2,2,0,0,0,0,0,0
2020-12-31,684,1093,1777,102,191,293,240,334,574,205,350,555,134,212,346,3,4,7,0,2,2,0,0,0,0,0,0
2021-01-01,684,1093,1777,102,191,293,240,334,574,205,350,555,134,212,346,3,4,7,0,2,2,0,0,0,0,0,0
2021-01-02,837,1371,2208,116,224,340,298,443,741,255,428,683,164,267,431,4,6,10,0,3,3,0,0,0,0,0,0
2021-01-03,892,1485,2377,125,241,366,323,491,814,267,458,725,173,286,459,4,6,10,0,3,3,0,0,0,0,0,0
2021-01-04,1248,2069,3317,186,342,528,439,694,1133,370,633,1003,248,391,639,5,6,11,0,3,3,0,0,0,0,0,0
2021-01-05,1762,2883,4645,259,479,738,656,965,1621,496,880,1376,345,546,891,6,9,15,0,4,4,0,0,0,0,0,0
2021-01-06,2327,3759,6086,358,642,1000,866,1226,2092,654,1136,1790,441,738,1179,8,11,19,0,6,6,0,0,0,0,0,0
2021-01-07,2901,4773,7674,448,811,1259,1067,1574,2641,815,1438,2253,563,933,1496,8,11,19,0,6,6,0,0,0,0,0,0
2021-01-08,3572,5961,9533,569,1041,1610,1294,1979,3273,1007,1779,2786,687,1140,1827,14,15,29,1,7,8,0,0,0,0,0,0
2021-01-09,3741,6236,9977,583,1081,1664,1366,2081,3447,1059,1868,2927,718,1184,1902,14,15,29,1,7,8,0,0,0,0,0,0
2021-01-10,3950,6600,10550,616,1129,1745,1455,2233,3688,1113,1970,3083,749,1244,1993,16,16,32,1,8,9,0,0,0,0,0,0
2021-01-11,4613,7801,12414,727,1387,2114,1723,2637,4360,1290,2297,3587,854,1453,2307,18,19,37,1,8,9,0,0,0,0,0,0
2021-01-12,5208,8900,14108,824,1579,2403,1959,3025,4984,1441,2590,4031,964,1677,2641,19,21,40,1,8,9,0,0,0,0,0,0
2021-01-13,5674,9795,15469,903,1758,2661,2123,3350,5473,1570,2825,4395,1057,1831,2888,20,22,42,1,9,10,0,0,0,0,0,0
2021-01-14,6478,11219,17697,1073,2040,3113,2415,3838,6253,1789,3222,5011,1180,2087,3267,20,23,43,1,9,10,0,0,0,0,0,0
2021-01-15,7674,13449,21123,1288,2493,3781,2882,4611,7493,2097,3836,5933,1386,2472,3858,20,27,47,1,10,11,0,0,0,0,0,0
2021-01-16,8151,14310,22461,1384,2647,4031,3060,4940,8000,2218,4081,6299,1468,2605,4073,20,27,47,1,10,11,0,0,0,0,0,0
2021-01-17,8436,14857,23293,1450,2740,4190,3173,5155,8328,2290,4236,6526,1502,2689,4191,20,27,47,1,10,11,0,0,0,0,0,0
2021-01-18,8624,15176,23800,1478,2794,4272,3233,5259,8492,2347,4342,6689,1545,2744,4289,20,27,47,1,10,11,0,0,0,0,0,0
2021-01-19,8910,15648,24558,1514,2861,4375,3315,5430,8745,2442,4488,6930,1616,2831,4447,22,28,50,1,10,11,0,0,0,0,0,0
2021-01-20,9202,16154,25356,1545,2956,4501,3424,5580,9004,2530,4646,7176,1680,2931,4611,22,30,52,1,11,12,0,0,0,0,0,0
2021-01-21,9332,16340,25672,1568,2985,4553,3468,5632,9100,2565,4709,7274,1703,2972,4675,27,31,58,1,11,12,0,0,0,0,0,0
2021-01-22,9366,16389,25755,1574,2995,4569,3481,5646,9127,2577,4726,7303,1705,2979,4684,28,32,60,1,11,12,0,0,0,0,0,0
2021-01-23,9485,16594,26079,1584,3017,4601,3526,5727,9253,2616,4784,7400,1729,3021,4750,29,33,62,1,12,13,0,0,0,0,0,0
2021-01-24,9529,16683,26212,1589,3027,4616,3546,5764,9310,2627,4810,7437,1737,3037,4774,29,33,62,1,12,13,0,0,0,0,0,0
2021-01-25,9810,17144,26954,1634,3104,4738,3630,5912,9542,2707,4953,7660,1807,3128,4935,31,34,65,1,13,14,0,0,0,0,0,0
2021-01-26,10177,17788,27965,1674,3209,4883,3775,6096,9871,2812,5166,7978,1881,3265,5146,34,38,72,1,13,14,0,0,0,0,1,1
2021-01-27,10621,18452,29073,1748,3325,5073,3944,6294,10238,2929,5359,8288,1963,3420,5383,36,39,75,1,14,15,0,0,0,0,1,1
2021-01-28,11080,19260,30340,1823,3470,5293,4096,6567,10663,3057,5585,8642,2066,3584,5650,37,39,76,1,14,15,0,0,0,0,1,1
2021-01-29,11717,20325,32042,1925,3658,5583,4339,6943,11282,3239,5892,9131,2170,3774,5944,42,43,85,2,14,16,0,0,0,0,1,1
2021-01-30,11870,20587,32457,1944,3697,5641,4399,7047,11446,3284,5971,9255,2199,3814,6013,42,43,85,2,14,16,0,0,0,0,1,1
2021-01-31,11988,20812,32800,1967,3730,5697,4441,7140,11581,3316,6031,9347,2219,3853,6072,43,43,86,2,14,16,0,0,0,0,1,1
2021-02-01,12535,21756,34291,2058,3905,5963,4666,7472,12138,3466,6285,9751,2299,4030,6329,44,48,92,2,15,17,0,0,0,0,1,1
2021-02-02,13716,23760,37476,2171,4149,6320,4954,7936,12890,3671,6722,10393,2525,4494,7019,350,411,761,39,45,84,5,2,7,1,1,2
2021-02-03,14982,26069,41051,2309,4475,6784,5278,8553,13831,3924,7268,11192,2771,4968,7739,616,729,1345,75,71,146,8,4,12,1,1,2
2021-02-04,16223,28393,44616,2469,4799,7268,5637,9217,14854,4215,7834,12049,2992,5451,8443,782,979,1761,114,105,219,12,7,19,2,1,3
2021-02-05,18131,32106,50237,2749,5377,8126,6257,10387,16644,4620,8744,13364,3349,6185,9534,972,1256,2228,165,147,312,17,9,26,2,1,3
2021-02-06,18574,32911,51485,2830,5495,8325,6393,10662,17055,4737,8974,13711,3435,6340,9775,994,1282,2276,166,148,314,17,9,26,2,1,3
2021-02-07,18927,33563,52490,2884,5585,8469,6506,10899,17405,4847,9166,14013,3493,6451,9944,1010,1303,2313,168,149,317,17,9,26,2,1,3
2021-02-08,19794,35156,54950,3012,5864,8876,6784,11401,18185,5057,9593,14650,3643,6722,10365,1099,1407,2506,179,159,338,18,9,27,2,1,3
2021-02-09,20785,37082,57867,3153,6206,9359,7087,11969,19056,5284,10053,15337,3824,7126,10950,1219,1553,2772,193,165,358,23,9,32,2,1,3
2021-02-10,21321,38106,59427,3234,6370,9604,7218,12292,19510,5429,10315,15744,3932,7331,11263,1278,1616,2894,202,172,374,26,9,35,2,1,3
2021-02-11,21773,39164,60937,3305,6550,9855,7362,12636,19998,5526,10581,16107,4004,7529,11533,1334,1678,3012,213,180,393,27,9,36,2,1,3
2021-02-12,22276,40104,62380,3378,6702,10080,7528,12965,20493,5638,10856,16494,4093,7666,11759,1381,1718,3099,226,187,413,30,9,39,2,1,3
2021-02-13,22296,40141,62437,3378,6708,10086,7536,12980,20516,5643,10864,16507,4100,7674,11774,1381,1718,3099,226,187,413,30,9,39,2,1,3
2021-02-14,22302,40165,62467,3380,6715,10095,7538,12987,20525,5643,10874,16517,4102,7674,11776,1381,1718,3099,226,187,413,30,9,39,2,1,3
2021-02-15,22302,40165,62467,3380,6715,10095,7538,12987,20525,5643,10874,16517,4102,7674,11776,1381,1718,3099,226,187,413,30,9,39,2,1,3
2021-02-16,22313,40200,62513,3381,6716,10097,7546,13005,20551,5645,10887,16532,4102,7677,11779,1381,1718,3099,226,187,413,30,9,39,2,1,3
2021-02-17,23110,41701,64811,3508,6944,10452,7793,13454,21247,5816,11317,17133,4246,7963,12209,1477,1821,3298,238,191,429,30,10,40,2,1,3
2021-02-18,24955,45574,70529,3725,7484,11209,8316,14501,22817,6195,12338,18533,4608,8744,13352,1744,2206,3950,316,284,600,49,16,65,2,1,3
2021-02-19,26614,49384,75998,3920,8017,11937,8762,15613,24375,6617,13319,19936,4916,9480,14396,1952,2540,4492,381,388,769,61,26,87,5,1,6
2021-02-20,27065,50169,77234,3965,8100,12065,8897,15884,24781,6729,13512,20241,5004,9630,14634,2005,2622,4627,398,393,791,62,27,89,5,1,6
2021-02-21,27393,50674,78067,4000,8165,12165,8990,16072,25062,6809,13643,20452,5082,9716,14798,2038,2652,4690,405,398,803,64,27,91,5,1,6
2021-02-22,30824,56925,87749,4194,8610,12804,9341,16936,26277,7076,14342,21418,5339,10261,15600,2357,2964,5321,803,934,1737,1542,2450,3992,172,428,600
2021-02-23,34803,64327,99130,4446,9138,13584,9787,18031,27818,7502,15343,22845,5700,11062,16762,2836,3574,6410,1163,1436,2599,3018,4879,7897,351,864,1215
2021-02-24,38859,71930,110789,4703,9600,14303,10338,19085,29423,7949,16309,24258,6027,11813,17840,3221,4071,7292,1557,2045,3602,4548,7640,12188,516,1367,1883
2021-02-25,42904,79479,122383,4937,10133,15070,10862,20173,31035,8441,17200,25641,6398,12602,19000,3564,4564,8128,1895,2615,4510,6088,10316,16404,719,1876,2595
2021-02-26,46834,87387,134221,5186,10693,15879,11406,21291,32697,8819,18151,26970,6795,13452,20247,3920,5070,8990,2257,3156,5413,7540,13125,20665,911,2449,3360
2021-02-27,47363,88493,135856,5226,10767,15993,11505,21418,32923,8907,18273,27180,6855,13559,20414,3977,5171,9148,2323,3284,5607,7644,13436,21080,926,2585,3511
2021-02-28,47515,88846,136361,5241,10784,16025,11535,21477,33012,8924,18307,27231,6868,13575,20443,4009,5204,9213,2338,3323,5661,7669,13529,21198,931,2647,3578
2021-03-01,50596,94901,145497,5351,11014,16365,11794,21996,33790,9146,18703,27849,7032,13957,20989,4204,5451,9655,2693,3882,6575,9244,16718,25962,1132,3180,4312
2021-03-02,53611,100720,154331,5470,11308,16778,12017,22490,34507,9317,19120,28437,7188,14298,21486,4388,5759,10147,3058,4445,7503,10829,19614,30443,1344,3686,5030
2021-03-03,56465,106479,162944,5601,11564,17165,12262,23081,35343,9531,19602,29133,7344,14675,22019,4522,5984,10506,3360,4967,8327,12289,22384,34673,1556,4222,5778
2021-03-04,57729,109382,167111,5716,11879,17595,12490,23626,36116,9710,20010,29720,7478,15003,22481,4643,6213,10856,3484,5185,8669,12621,23090,35711,1587,4376,5963
2021-03-05,58812,111899,170711,5807,12111,17918,12730,24184,36914,9898,20544,30442,7639,15387,23026,4758,6417,11175,3557,5327,8884,12804,23472,36276,1619,4457,6076
2021-03-06,59461,114218,173679,5846,12348,18194,12902,24706,37608,10031,21053,31084,7740,15814,23554,4786,6472,11258,3622,5472,9094,12892,23776,36668,1642,4577,6219
2021-03-07,60108,116276,176384,5881,12539,18420,13047,25195,38242,10178,21509,31687,7862,16175,24037,4821,6516,11337,3690,5603,9293,12967,24023,36990,1662,4716,6378
2021-03-08,61546,119560,181106,5971,12784,18755,13225,25634,38859,10309,21888,32197,7994,16521,24515,4952,6780,11732,3868,5908,9776,13494,25032,38526,1733,5013,6746
2021-03-09,65277,126360,191637,6126,13090,19216,13557,26312,39869,10575,22412,32987,8242,17012,25254,5217,7124,12341,4282,6578,10860,15319,28152,43471,1959,5680,7639
2021-03-10,69308,135052,204360,6336,13605,19941,13941,27432,41373,10907,23515,34422,8590,18005,26595,5441,7456,12897,4686,7219,11905,17200,31469,48669,2207,6351,8558
2021-03-11,74471,147348,221819,6744,14516,21260,14679,29462,44141,11470,25693,37163,9113,19629,28742,5803,7986,13789,5129,7953,13082,19116,35116,54232,2417,6993,9410
2021-03-12,78253,157635,235888,7172,15559,22731,15505,31983,47488,12145,28214,40359,9691,21493,31184,6087,8442,14529,5356,8283,13639,19774,36396,56170,2523,7265,9788
2021-03-13,79746,162735,242481,7367,16339,23706,15922,33486,49408,12523,29616,42139,9989,22456,32445,6178,8571,14749,5386,8363,13749,19841,36569,56410,2540,7335,9875
2021-03-14,80790,166689,247479,7464,16852,24316,16227,34591,50818,12815,30838,43653,10231,23392,33623,6258,8704,14962,5411,8403,13814,19844,36574,56418,2540,7335,9875
2021-03-15,83750,175647,259397,7723,17875,25598,16868,36802,53670,13366,33002,46368,10734,25082,35816,6541,9223,15764,5623,8729,14352,20288,37473,57761,2607,7461,10068
2021-03-16,87678,185090,272768,7990,18719,26709,17479,38583,56062,13930,34720,48650,11193,26509,37702,6875,9821,16696,6002,9297,15299,21491,39670,61161,2718,7771,10489
2021-03-17,91839,194297,286136,8281,19398,27679,18097,40283,58380,14507,36336,50843,11642,27727,39369,7266,10522,17788,6424,9971,16395,22762,41960,64722,2860,8100,10960
2021-03-18,96182,204132,300314,8614,20294,28908,18830,42199,61029,15179,38097,53276,12222,29161,41383,7587,11111,18698,6861,10661,17522,23889,44124,68013,3000,8485,11485
2021-03-19,100321,213969,314290,8968,21283,30251,19603,44259,63862,15953,39952,55905,12844,30641,43485,7837,11485,19322,7164,11167,18331,24801,46168,70969,3151,9014,12165
2021-03-20,102499,218888,321387,9037,21504,30541,19810,44733,64543,16144,40415,56559,13041,31111,44152,8293,12560,20853,7547,11785,19332,25378,47457,72835,3249,9323,12572
2021-03-21,104171,222344,326515,9061,21566,30627,19881,44865,64746,16188,40496,56684,13136,31304,44440,8928,13977,22905,7966,12471,20437,25708,48165,73873,3303,9500,12803
2021-03-22,106230,226784,333014,9223,21854,31077,20187,45546,65733,16426,41068,57494,13361,31942,45303,9500,15411,24911,8436,13153,21589,25781,48285,74066,3316,9525,12841
2021-03-23,109236,233684,342920,9343,22123,31466,20444,46119,66563,16639,41596,58235,13564,32399,45963,9906,16281,26187,8887,13891,22778,26937,50985,77922,3516,10290,13806
2021-03-24,111088,237797,348885,9348,22140,31488,20456,46146,66602,16649,41621,58270,13601,32462,46063,10144,16845,26989,9231,14545,23776,27988,53248,81236,3671,10790,14461
2021-03-25,113177,242066,355243,9478,22435,31913,20713,46702,67415,16891,42052,58943,13761,32778,46539,10238,16997,27235,9534,15002,24536,28770,54901,83671,3792,11199,14991
2021-03-26,114265,244658,358923,9513,22528,32041,20816,46890,67706,16963,42220,59183,13845,32909,46754,10358,17375,27733,9715,15395,25110,29182,55824,85006,3873,11517,15390
2021-03-27,114999,246514,361513,9515,22534,32049,20821,46905,67726,16965,42231,59196,13850,32930,46780,10375,17414,27789,9864,15720,25584,29667,56907,86574,3942,11873,15815
2021-03-28,115710,248385,364095,9517,22538,32055,20824,46912,67736,16966,42242,59208,13858,32942,46800,10407,17454,27861,10007,15979,25986,30098,58042,88140,4033,12276,16309
2021-03-29,118001,254196,372197,9716,23061,32777,21243,48003,69246,17313,43136,60449,14137,33677,47814,10558,17738,28296,10241,16373,26614,30649,59446,90095,4144,12762,16906
2021-03-30,121135,261397,382532,9833,23353,33186,21488,48653,70141,17538,43669,61207,15189,36050,51239,11325,18969,30294,10606,17064,27670,30951,60489,91440,4205,13150,17355
2021-03-31,125287,269891,395178,10061,23882,33943,21981,49891,71872,17970,44749,62719,15425,36545,51970,11485,19185,30670,12649,20230,32879,31410,61783,93193,4306,13626,17932
2021-04-01,129793,277451,407244,10085,23908,33993,22005,49970,71975,18507,45784,64291,15804,37297,53101,11552,19383,30935,15705,24570,40275,31760,62645,94405,4375,13894,18269
2021-04-02,134208,284638,418846,10086,23911,33997,22007,49975,71982,19417,47517,66934,15811,37312,53123,11567,19412,30979,18873,29196,48069,32033,63252,95285,4414,14063,18477
2021-04-03,137955,290707,428662,10087,23919,34006,22010,49979,71989,19424,47526,66950,15820,37319,53139,11577,19423,31000,22448,34817,57265,32141,63546,95687,4448,14178,18626
2021-04-04,139033,292430,431463,10087,23919,34006,22010,49979,71989,19424,47528,66952,15825,37326,53151,11595,19446,31041,23493,36482,59975,32146,63563,95709,4453,14187,18640
2021-04-05,145059,302142,447201,10173,24041,34214,22083,50176,72259,19498,47721,67219,15905,37521,53426,11728,19642,31370,28916,44935,73851,32270,63826,96096,4486,14280,18766
2021-04-06,151866,313112,464978,10277,24189,34466,22207,50397,72604,19568,47866,67434,15964,37644,53608,11836,19822,31658,34998,54449,89447,32487,64312,96799,4529,14433,18962
2021-04-07,159440,325039,484479,10367,24309,34676,22331,50663,72994,19640,48038,67678,16044,37785,53829,12493,20635,33128,41143,63954,105097,32831,65043,97874,4591,14612,19203
2021-04-08,167921,337096,505017,10530,24474,35004,22540,50931,73471,19743,48193,67936,16128,37951,54079,14017,22861,36878,47364,72734,120098,32984,65262,98246,4615,14690,19305
2021-04-09,175253,348346,523599,10658,24720,35378,22760,51317,74077,19864,48452,68316,16216,38136,54352,15360,24709,40069,52619,80587,133206,33129,65595,98724,4647,14830,19477
2021-04-10,178339,353082,531421,10706,24826,35532,22821,51463,74284,19940,48574,68514,16268,38258,54526,16014,25709,41723,54755,83744,138499,33181,65649,98830,4654,14859,19513
2021-04-11,181244,357695,538939,10754,24934,35688,22916,51644,74560,19992,48736,68728,16333,38424,54757,16613,26618,43231,56768,86738,143506,33210,65711,98921,4658,14890,19548
2021-04-12,189323,370153,559476,10885,25177,36062,23098,51993,75091,20107,48961,69068,16443,38621,55064,18219,28917,47136,62592,95604,158196,33297,65910,99207,4682,14970,19652
2021-04-13,196959,381879,578838,11090,25364,36454,23326,52330,75656,20323,49191,69514,16638,38994,55632,20178,32323,52501,67285,102445,169730,33418,66170,99588,4701,15062,19763
2021-04-14,203542,391659,595201,11320,25440,36760,23509,52496,76005,20479,49376,69855,16703,39065,55768,20990,33344,54334,71114,108360,179474,34585,68119,102704,4842,15459,20301
2021-04-15,206827,397385,604212,11456,25486,36942,23610,52535,76145,20558,49399,69957,16746,39112,55858,22277,36155,58432,72652,110867,183519,34667,68317,102984,4861,15514,20375
2021-04-16,210620,403117,613737,11556,25519,37075,23657,52562,76219,20599,49423,70022,16762,39128,55890,22904,36992,59896,75232,114714,189946,34987,69073,104060,4923,15706,20629
2021-04-17,210891,403514,614405,11569,25530,37099,23682,52579,76261,20637,49458,70095,16800,39158,55958,22939,37029,59968,75335,114916,190251,35004,69116,104120,4925,15728,20653
2021-04-18,211035,403669,614704,11585,25536,37121,23704,52595,76299,20665,49488,70153,16841,39186,56027,22948,37045,59993,75350,114932,190282,35013,69145,104158,4929,15742,20671
2021-04-19,215054,409970,625024,11744,25566,37310,23768,52606,76374,20714,49500,70214,16860,39200,56060,23438,37720,61158,78133,119284,197417,35402,70115,105517,4995,15979,20974
2021-04-20,221202,420516,641718,11906,25628,37534,23850,52675,76525,20781,49582,70363,17308,40254,57562,26451,42633,69084,79731,121720,201451,35984,71453,107437,5191,16571,21762
2021-04-21,229595,432584,662179,11990,25674,37664,23899,52719,76618,20827,49626,70453,17395,40463,57858,34192,53556,87748,80057,122339,202396,36031,71580,107611,5204,16627,21831
2021-04-22,239641,446472,686113,12036,25718,37754,23938,52765,76703,20859,49677,70536,17435,40525,57960,43637,66502,110139,80425,122923,203348,36098,71703,107801,5213,16659,21872
2021-04-23,249820,459647,709467,12061,25765,37826,23986,52818,76804,20913,49752,70665,17500,40598,58098,53348,78833,132181,80643,123312,203955,36148,71846,107994,5221,16723,21944
2021-04-24,252725,463148,715873,12066,25774,37840,23991,52825,76816,20928,49768,70696,17517,40620,58137,55959,82011,137970,80856,123500,204356,36177,71907,108084,5231,16743,21974
2021-04-25,252806,463269,716075,12068,25776,37844,23995,52828,76823,20933,49780,70713,17526,40627,58153,56016,82087,138103,80858,123509,204367,36177,71915,108092,5233,16747,21980
2021-04-26,254307,465642,719949,12083,25782,37865,24006,52839,76845,20942,49790,70732,17532,40642,58174,57327,84094,141421,80986,123730,204716,36192,71992,108184,5239,16773,22012
2021-04-27,255691,468498,724189,12159,25853,38012,24054,52931,76985,20985,49857,70842,17566,40700,58266,58227,85760,143987,81218,124452,205670,36237,72134,108371,5245,16811,22056
2021-04-28,262746,484535,747281,12881,27686,40567,25603,57239,82842,22278,53725,76003,18580,43654,62234,60463,88384,148847,81419,124771,206190,36271,72230,108501,5251,16846,22097
2021-04-29,269262,497699,766961,13334,29003,42337,26678,60437,87115,23315,56743,80058,19445,46022,65467,63180,91046,154226,81710,125144,206854,36329,72393,108722,5271,16911,22182
2021-04-30,270580,499704,770284,13404,29128,42532,26773,60616,87389,23364,56857,80221,19475,46104,65579,64008,92152,156160,81909,125421,207330,36365,72474,108839,5282,16952,22234
2021-05-01,271104,500745,771849,13414,29155,42569,26827,60711,87538,23386,56909,80295,19497,46140,65637,64317,92739,157056,81998,125577,207575,36381,72533,108914,5284,16981,22265
2021-05-02,275393,510564,785957,13722,30093,43815,27635,62879,90514,24198,58982,83180,20133,47762,67895,64809,93784,158593,83188,127412,210600,36418,72630,109048,5290,17022,22312
2021-05-03,283579,522085,805664,13778,30198,43976,27738,63046,90784,24256,59085,83341,20958,48927,69885,69685,100261,169946,85358,130675,216033,36500,72813,109313,5306,17080,22386
2021-05-04,295111,536349,831460,13868,30320,44188,27833,63224,91057,24304,59195,83499,22937,51404,74341,78688,111225,189913,85623,130981,216604,36542,72889,109431,5316,17111,22427
2021-05-05,305754,551653,857407,13989,30508,44497,28043,63415,91458,24542,59339,83881,23524,52080,75604,81796,115841,197637,91700,139695,231395,36807,73513,110320,5353,17262,22615
2021-05-06,309379,556993,866372,14097,30607,44704,28198,63530,91728,24747,59405,84152,23961,52509,76470,83443,118553,201996,92684,141474,234158,36876,73625,110501,5373,17290,22663
2021-05-07,317348,570095,887443,14234,30895,45129,28423,64048,92471,24952,59801,84753,24233,53031,77264,84825,121359,206184,98295,149730,248025,36989,73854,110843,5397,17377,22774
2021-05-08,319737,585357,905094,14416,32505,46921,28892,67539,96431,25455,64396,89851,24799,56659,81458,85402,123144,208546,98363,149821,248184,37003,73894,110897,5407,17399,22806
2021-05-09,319871,585577,905448,14416,32505,46921,28892,67539,96431,25456,64396,89852,24818,56670,81488,85471,123215,208686,98378,149844,248222,37025,73961,110986,5415,17447,22862
2021-05-10,320705,588100,908805,14443,32547,46990,28923,67592,96515,25487,64447,89934,24970,56928,81898,85787,124633,210420,98576,150303,248879,37088,74130,111218,5431,17520,22951
2021-05-11,323986,592007,915993,14463,32582,47045,28953,67649,96602,25519,64500,90019,25599,57664,83263,88174,127314,215488,98708,150488,249196,37125,74233,111358,5445,17577,23022
2021-05-12,327541,596403,923944,14497,32614,47111,28995,67711,96706,25559,64561,90120,26281,58455,84736,90657,130100,220757,98878,150857,249735,37213,74437,111650,5461,17668,23129
2021-05-13,330417,601756,932173,14550,32714,47264,29088,67940,97028,25636,64716,90352,26459,58764,85223,91538,131804,223342,100368,153364,253732,37299,74686,111985,5479,17768,23247
2021-05-14,331742,604790,936532,14603,32809,47412,29180,68126,97306,25709,64852,90561,26626,58996,85622,92123,133270,225393,100651,154012,254663,37353,74868,112221,5497,17857,23354
2021-05-15,338133,609945,948078,14621,32847,47468,29217,68192,97409,25738,64900,90638,27815,60196,88011,97104,136725,233829,100748,154186,254934,37384,74988,112372,5506,17911,23417
2021-05-16,339007,612251,951258,14678,33041,47719,29425,68893,98318,25992,65610,91602,27990,60596,88586,97235,136877,234112,100773,154228,255001,37398,75062,112460,5516,17944,23460
2021-05-17,343245,616534,959779,14728,33129,47857,29595,69309,98904,26097,65895,91992,28823,61368,90191,100034,139059,239093,100999,154600,255599,37438,75174,112612,5531,18000,23531
2021-05-18,347809,620421,968230,14757,33182,47939,29659,69384,99043,26156,65977,92133,29693,62209,91902,103443,141559,245002,101095,154794,255889,37467,75270,112737,5539,18046,23585
2021-05-19,351208,623716,974924,14798,33281,48079,29768,69597,99365,26198,66092,92290,30320,62842,93162,105848,143352,249200,101226,155106,256332,37502,75359,112861,5548,18087,23635
2021-05-20,361732,635602,997334,14867,33427,48294,29918,69832,99750,26285,66271,92556,33234,66139,99373,112412,149822,262234,101795,156124,257919,37648,75792,113440,5573,18195,23768
2021-05-21,363866,639970,1003836,14972,33686,48658,30104,70381,100485,26392,66666,93058,33330,66483,99813,112855,150647,263502,102910,157913,260823,37722,75946,113668,5581,18248,23829
2021-05-22,365372,642075,1007447,15019,33752,48771,30144,70441,100585,26414,66729,93143,33536,66742,100278,113817,151872,265689,103103,158255,261358,37753,76016,113769,5586,18268,23854
2021-05-23,367725,644409,1012134,15043,33798,48841,30170,70508,100678,26438,66770,93208,34535,67817,102352,114991,152748,267739,103183,158403,261586,37772,76081,113853,5593,18284,23877
2021-05-24,368413,645963,1014376,15080,33878,48958,30236,70641,100877,26475,66869,93344,34758,68055,102813,115260,153622,268882,103234,158502,261736,37777,76104,113881,5593,18292,23885
2021-05-25,373008,654437,1027445,15089,33898,48987,30242,70657,100899,26477,66885,93362,34934,68226,103160,115535,154361,269896,103713,159337,263050,41019,81806,122825,5999,19267,25266
2021-05-26,375264,657821,1033085,15121,33946,49067,30283,70738,101021,26511,66954,93465,35999,69182,105181,115734,154694,270428,103879,159649,263528,41635,83116,124751,6102,19542,25644
2021-05-27,384538,672729,1057267,15180,34058,49238,30376,70900,101276,26601,67114,93715,38670,71617,110287,116003,154898,270901,104559,160835,265394,46453,92173,138626,6696,21134,27830
2021-05-28,394966,687397,1082363,15277,34207,49484,30540,71136,101676,26888,67383,94271,44452,78373,122825,116230,155132,271362,105074,161635,266709,49439,97439,146878,7066,22092,29158
2021-05-29,403819,695600,1099419,15280,34213,49493,30549,71147,101696,27511,67850,95361,52139,85248,137387,116416,155360,271776,105146,161757,266903,49679,97864,147543,7099,22161,29260
2021-05-30,412036,703055,1115091,15281,34219,49500,30553,71153,101706,29269,69380,98649,58485,91048,149533,116498,155438,271936,105167,161777,266944,49683,97877,147560,7100,22163,29263
2021-05-31,423459,718207,1141666,15375,34392,49767,30717,71431,102148,35578,75413,110991,61871,96537,158408,117107,156299,273406,105346,162124,267470,50274,99501,149775,7191,22510,29701
2021-06-01,434501,730717,1165218,15557,34646,50203,31311,71839,103150,42612,82757,125369,64040,99046,163086,117220,156470,273690,105505,162393,267898,51002,100785,151787,7254,22781,30035
2021-06-02,443437,743332,1186769,16164,35291,51455,33009,74425,107434,46599,88025,134624,66057,101626,167683,117369,156672,274041,105619,162587,268206,51306,101645,152951,7314,23061,30375
2021-06-03,455968,762590,1218558,19158,40314,59472,38213,82352,120565,49840,92407,142247,66624,102465,169089,117518,156868,274386,105705,162771,268476,51552,102194,153746,7358,23219,30577
2021-06-04,469069,778699,1247768,22105,43872,65977,42962,87072,130034,52760,96588,149348,67626,103850,171476,118555,158010,276565,105996,163289,269285,51675,102666,154341,7390,23352,30742
2021-06-05,479870,788806,1268676,24757,46230,70987,47711,90968,138679,54584,98283,152867,68290,104524,172814,119192,158719,277911,106138,163570,269708,51777,103022,154799,7421,23490,30911
2021-06-06,488234,798506,1286740,27789,50232,78021,51492,95027,146519,55494,99001,154495,68709,104896,173605,119267,158797,278064,106194,163698,269892,51845,103225,155070,7444,23630,31074
2021-06-07,501693,812355,1314048,30851,53553,84404,54756,97755,152511,58755,102114,160869,72021,108741,180762,119636,159184,278820,106300,163881,270181,51909,103413,155322,7465,23714,31179
2021-06-08,514225,829144,1343369,31848,55030,86878,56110,99789,155899,60224,104155,164379,80060,118622,198682,119769,159367,279136,106482,164166,270648,52214,104061,156275,7518,23954,31472
2021-06-09,526705,842121,1368826,32184,55360,87544,56748,100450,157198,60911,104702,165613,90695,129649,220344,119863,159495,279358,106532,164247,270779,52244,104174,156418,7528,24044,31572
2021-06-10,540841,856827,1397668,32928,56203,89131,57791,101654,159445,62820,106705,169525,100737,139674,240411,120140,159841,279981,106606,164374,270980,52276,104280,156556,7543,24096,31639
2021-06-11,550468,872309,1422777,33124,56433,89557,58256,101960,160216,63561,107356,170917,102105,141153,243258,120272,160060,280332,107518,165784,273302,57563,113943,171506,8069,25620,33689
2021-06-12,556740,880006,1436746,33559,57023,90582,58865,102750,161615,64902,108891,173793,105169,144153,249322,120319,160137,280456,107655,166055,273710,58122,115082,173204,8149,25915,34064
2021-06-13,560830,884370,1445200,33761,57274,91035,59147,103078,162225,65802,109848,175650,107794,146861,254655,120355,160175,280530,107667,166073,273740,58149,115137,173286,8155,25924,34079
2021-06-14,566808,890886,1457694,34500,58125,92625,60169,104133,164302,67136,111183,178319,110437,149647,260084,120398,160240,280638,107698,166155,273853,58299,115404,173703,8171,25999,34170
2021-06-15,580642,904348,1484990,34617,58299,92916,60370,104414,164784,67562,111634,179196,122883,161103,283986,120608,160459,281067,107838,166457,274295,58554,115872,174426,8210,26110,34320
2021-06-16,588125,914461,1502586,35013,58924,93937,61187,105461,166648,69328,113730,183058,124909,163320,288229,120758,160667,281425,109725,169189,278914,58924,116765,175689,8281,26405,34686
2021-06-17,599528,928506,1528034,35200,59204,94404,61572,105895,167467,72289,116931,189220,129076,167571,296647,121275,161321,282596,112458,173212,285670,59303,117674,176977,8355,26698,35053
2021-06-18,613721,943359,1557080,35850,60011,95861,62618,106996,169614,80634,124874,205508,132244,170813,303057,121617,161764,283381,112926,173986,286912,59450,118070,177520,8382,26845,35227
