FECHA,TotalA,TotalB,Total,<=30A,<=30B,<=30,31-40A,31-40B,31-40,41-50A,41-50B,41-50,51-60A,51-60B,51-60,61-70A,61-70B,61-70,71-80A,71-80B,71-80,81-90A,81-90B,81-90,>=91A,>=91B,>=91
2020-12-29,775,0,775,120,0,120,248,0,248,248,0,248,156,0,156,3,0,3,0,0,0,0,0,0,0,0,0
2020-12-30,1678,0,1678,284,0,284,543,0,543,520,0,520,325,0,325,6,0,6,0,0,0,0,0,0,0,0,0
2020-12-31,1775,0,1775,294,0,294,574,0,574,557,0,557,343,0,343,7,0,7,0,0,0,0,0,0,0,0,0
2021-01-01,1775,0,1775,294,0,294,574,0,574,557,0,557,343,0,343,7,0,7,0,0,0,0,0,0,0,0,0
2021-01-02,2205,0,2205,341,0,341,741,0,741,686,0,686,428,0,428,9,0,9,0,0,0,0,0,0,0,0,0
2021-01-03,2374,0,2374,367,0,367,814,0,814,728,0,728,456,0,456,9,0,9,0,0,0,0,0,0,0,0,0
2021-01-04,3314,0,3314,529,0,529,1133,0,1133,1006,0,1006,636,0,636,10,0,10,0,0,0,0,0,0,0,0,0
2021-01-05,4641,0,4641,739,0,739,1620,0,1620,1379,0,1379,888,0,888,14,0,14,1,0,1,0,0,0,0,0,0
2021-01-06,6079,0,6079,1000,0,1000,2093,0,2093,1794,0,1794,1174,0,1174,17,0,17,1,0,1,0,0,0,0,0,0
2021-01-07,7667,0,7667,1259,0,1259,2642,0,2642,2257,0,2257,1491,0,1491,17,0,17,1,0,1,0,0,0,0,0,0
2021-01-08,9524,0,9524,1610,0,1610,3275,0,3275,2791,0,2791,1822,0,1822,25,0,25,1,0,1,0,0,0,0,0,0
2021-01-09,9968,0,9968,1664,0,1664,3449,0,3449,2932,0,2932,1897,0,1897,25,0,25,1,0,1,0,0,0,0,0,0
2021-01-10,10539,0,10539,1745,0,1745,3691,0,3691,3088,0,3088,1987,0,1987,27,0,27,1,0,1,0,0,0,0,0,0
2021-01-11,12402,0,12402,2114,0,2114,4362,0,4362,3592,0,3592,2301,0,2301,32,0,32,1,0,1,0,0,0,0,0,0
2021-01-12,14094,0,14094,2402,0,2402,4986,0,4986,4037,0,4037,2634,0,2634,34,0,34,1,0,1,0,0,0,0,0,0
2021-01-13,15452,0,15452,2660,0,2660,5475,0,5475,4400,0,4400,2881,0,2881,35,0,35,1,0,1,0,0,0,0,0,0
2021-01-14,17680,0,17680,3111,0,3111,6255,0,6255,5017,0,5017,3260,0,3260,36,0,36,1,0,1,0,0,0,0,0,0
2021-01-15,21104,0,21104,3779,0,3779,7494,0,7494,5940,0,5940,3851,0,3851,39,0,39,1,0,1,0,0,0,0,0,0
2021-01-16,22441,0,22441,4029,0,4029,8001,0,8001,6305,0,6305,4066,0,4066,39,0,39,1,0,1,0,0,0,0,0,0
2021-01-17,23273,0,23273,4188,0,4188,8329,0,8329,6532,0,6532,4184,0,4184,39,0,39,1,0,1,0,0,0,0,0,0
2021-01-18,23780,0,23780,4270,0,4270,8493,0,8493,6695,0,6695,4282,0,4282,39,0,39,1,0,1,0,0,0,0,0,0
2021-01-19,24112,426,24538,4327,46,4373,8612,134,8746,6786,150,6936,4347,93,4440,39,3,42,1,0,1,0,0,0,0,0,0
2021-01-20,24264,1072,25336,4357,143,4500,8652,353,9005,6834,349,7183,4380,223,4603,40,4,44,1,0,1,0,0,0,0,0,0
2021-01-21,24351,1301,25652,4370,182,4552,8674,427,9101,6859,421,7280,4401,266,4667,45,5,50,2,0,2,0,0,0,0,0,0
2021-01-22,24357,1378,25735,4372,196,4568,8674,454,9128,6862,447,7309,4401,275,4676,46,6,52,2,0,2,0,0,0,0,0,0
2021-01-23,24362,1695,26057,4373,227,4600,8677,578,9255,6863,544,7407,4401,339,4740,46,7,53,2,0,2,0,0,0,0,0,0
2021-01-24,24365,1825,26190,4373,242,4615,8677,635,9312,6865,579,7444,4402,362,4764,46,7,53,2,0,2,0,0,0,0,0,0
2021-01-25,24373,2558,26931,4375,362,4737,8678,866,9544,6866,801,7667,4406,519,4925,46,10,56,2,0,2,0,0,0,0,0,0
2021-01-26,24391,3556,27947,4377,505,4882,8681,1193,9874,6874,1114,7988,4410,728,5138,47,16,63,2,0,2,0,0,0,0,0,0
2021-01-27,24399,4658,29057,4378,694,5072,8683,1558,10241,6876,1423,8299,4411,964,5375,49,19,68,2,0,2,0,0,0,0,0,0
2021-01-28,24400,5924,30324,4378,914,5292,8683,1983,10666,6876,1777,8653,4411,1231,5642,50,19,69,2,0,2,0,0,0,0,0,0
2021-01-29,24404,7621,32025,4378,1204,5582,8686,2600,11286,6877,2265,9142,4411,1525,5936,50,27,77,2,0,2,0,0,0,0,0,0
2021-01-30,24404,8036,32440,4378,1262,5640,8686,2764,11450,6877,2389,9266,4411,1594,6005,50,27,77,2,0,2,0,0,0,0,0,0
2021-01-31,24405,8378,32783,4378,1318,5696,8686,2899,11585,6877,2481,9358,4412,1652,6064,50,28,78,2,0,2,0,0,0,0,0,0
2021-02-01,24405,9867,34272,4378,1584,5962,8686,3455,12141,6877,2885,9762,4412,1910,6322,50,33,83,2,0,2,0,0,0,0,0,0
2021-02-02,26134,11327,37461,4475,1844,6319,8939,3956,12895,7137,3270,10407,4787,2223,7010,719,34,753,69,0,69,7,0,7,1,0,1
2021-02-03,28488,12550,41038,4705,2078,6783,9460,4376,13836,7620,3586,11206,5256,2474,7730,1302,36,1338,132,0,132,12,0,12,1,0,1
2021-02-04,30254,14350,44604,4850,2416,7266,9837,5022,14859,7974,4090,12064,5648,2786,8434,1719,36,1755,205,0,205,19,0,19,2,0,2
2021-02-05,33066,17158,50224,5172,2952,8124,10583,6066,16649,8560,4819,13379,6244,3281,9525,2181,40,2221,298,0,298,26,0,26,2,0,2
2021-02-06,33366,18106,51472,5197,3126,8323,10662,6399,17061,8635,5090,13725,6315,3451,9766,2229,40,2269,300,0,300,26,0,26,2,0,2
2021-02-07,33740,18737,52477,5245,3222,8467,10786,6625,17411,8737,5290,14027,6375,3560,9935,2266,40,2306,303,0,303,26,0,26,2,0,2
2021-02-08,34916,20022,54938,5386,3489,8875,11105,7086,18191,9019,5645,14664,6595,3762,10357,2458,40,2498,324,0,324,27,0,27,2,0,2
2021-02-09,36894,20961,57855,5698,3660,9358,11656,7406,19062,9438,5915,15353,7001,3940,10941,2723,40,2763,344,0,344,32,0,32,2,0,2
2021-02-10,37906,21509,59415,5844,3759,9603,11917,7599,19516,9691,6070,15761,7213,4041,11254,2844,40,2884,360,0,360,35,0,35,2,0,2
2021-02-11,39019,21912,60931,6015,3839,9854,12254,7752,20006,9949,6177,16126,7425,4099,11524,2958,45,3003,380,0,380,36,0,36,2,0,2
2021-02-12,39915,22468,62383,6141,3939,10080,12553,7951,20504,10168,6348,16516,7568,4184,11752,3044,46,3090,400,0,400,39,0,39,2,0,2
2021-02-13,39946,22509,62455,6145,3945,10090,12562,7970,20532,10176,6355,16531,7576,4193,11769,3045,46,3091,401,0,401,39,0,39,2,0,2
2021-02-14,39947,22538,62485,6145,3954,10099,12562,7979,20541,10177,6364,16541,7576,4195,11771,3045,46,3091,401,0,401,39,0,39,2,0,2
2021-02-15,39947,22538,62485,6145,3954,10099,12562,7979,20541,10177,6364,16541,7576,4195,11771,3045,46,3091,401,0,401,39,0,39,2,0,2
2021-02-16,39953,22579,62532,6145,3956,10101,12567,8000,20567,10178,6378,16556,7576,4198,11774,3045,46,3091,401,1,402,39,0,39,2,0,2
2021-02-17,41950,22885,64835,6446,4010,10456,13146,8117,21263,10686,6472,17158,7968,4239,12207,3246,46,3292,417,1,418,39,0,39,2,0,2
2021-02-18,47389,23173,70562,7152,4062,11214,14610,8223,22833,11994,6566,18560,9078,4275,13353,3899,46,3945,590,1,591,64,0,64,2,0,2
2021-02-19,52676,23373,76049,7842,4101,11943,16103,8294,24397,13351,6619,19970,10087,4311,14398,4443,47,4490,759,1,760,86,0,86,5,0,5
2021-02-20,53898,23388,77286,7966,4105,12071,16503,8302,24805,13653,6622,20275,10325,4311,14636,4578,47,4625,781,1,782,87,0,87,5,0,5
2021-02-21,54731,23389,78120,8066,4105,12171,16783,8303,25086,13864,6622,20486,10490,4311,14801,4641,47,4688,793,1,794,89,0,89,5,0,5
2021-02-22,64262,23527,87789,8682,4129,12811,17948,8353,26301,14791,6663,21454,11267,4334,15601,5266,47,5313,1723,1,1724,3987,0,3987,598,0,598
2021-02-23,74004,25167,99171,9349,4242,13591,19245,8599,27844,15937,6945,22882,12103,4661,16764,5754,648,6402,2517,66,2583,7887,5,7892,1212,1,1213
2021-02-24,83855,26982,110837,9924,4386,14310,20453,8996,29449,16980,7315,24295,12820,5022,17842,6161,1127,7288,3465,125,3590,12170,10,12180,1882,1,1883
2021-02-25,93619,28813,122432,10513,4564,15077,21683,9377,31060,17971,7709,25680,13593,5408,19001,6577,1547,8124,4309,189,4498,16379,17,16396,2594,2,2596
2021-02-26,102919,31330,134249,11057,4830,15887,22743,9977,32720,18791,8221,27012,14276,5974,20250,6962,2019,8981,5113,283,5396,20627,24,20651,3350,2,3352
2021-02-27,104438,31446,135884,11156,4845,16001,22936,10010,32946,18975,8247,27222,14416,6001,20417,7106,2034,9140,5307,283,5590,21040,24,21064,3502,2,3504
2021-02-28,104803,31588,136391,11171,4862,16033,22964,10071,33035,18993,8280,27273,14429,6017,20446,7159,2048,9207,5359,284,5643,21159,24,21183,3569,2,3571
2021-03-01,112836,32707,145543,11384,4991,16375,23439,10378,33817,19353,8540,27893,14760,6233,20993,7415,2234,9649,6256,305,6561,25926,24,25950,4303,2,4305
2021-03-02,120512,33934,154446,11642,5156,16798,23883,10668,34551,19689,8804,28493,14992,6502,21494,7697,2450,10147,7178,323,7501,30410,29,30439,5021,2,5023
2021-03-03,127566,35564,163130,11813,5376,17189,24244,11152,35396,20003,9206,29209,15205,6834,22039,7896,2624,10520,7986,337,8323,34645,33,34678,5774,2,5776
2021-03-04,130520,36749,167269,12059,5572,17631,24671,11511,36182,20362,9453,29815,15454,7055,22509,8107,2759,10866,8280,364,8644,35646,33,35679,5941,2,5943
2021-03-05,133063,37911,170974,12240,5730,17970,25150,11857,37007,20811,9746,30557,15808,7267,23075,8313,2888,11201,8476,386,8862,36212,35,36247,6053,2,6055
2021-03-06,135926,38030,173956,12503,5745,18248,25810,11897,37707,21425,9777,31202,16312,7293,23605,8391,2894,11285,8686,387,9073,36602,35,36637,6197,2,6199
2021-03-07,138627,38041,176668,12728,5746,18474,26438,11904,38342,22026,9779,31805,16795,7293,24088,8469,2895,11364,8886,387,9273,36927,35,36962,6358,2,6360
2021-03-08,143049,38393,181442,13026,5791,18817,26967,12003,38970,22460,9867,32327,17208,7365,24573,8830,2936,11766,9369,392,9761,38460,37,38497,6729,2,6731
2021-03-09,153470,38581,192051,13459,5822,19281,27905,12084,39989,23225,9906,33131,17937,7389,25326,9443,2948,12391,10457,393,10850,43421,37,43458,7623,2,7625
2021-03-10,165678,39131,204809,14117,5894,20011,29269,12229,41498,24543,10034,34577,19142,7527,26669,9940,3009,12949,11499,399,11898,48627,37,48664,8541,2,8543
2021-03-11,179566,42749,222315,15022,6312,21334,31151,13123,44274,26488,10842,37330,20535,8284,28819,10279,3571,13850,12526,554,13080,54174,61,54235,9391,2,9393
2021-03-12,189062,47349,236411,15892,6919,22811,33284,14343,47627,28533,12004,40537,22062,9196,31258,10500,4095,14595,12928,710,13638,56096,79,56175,9767,3,9770
2021-03-13,194836,48168,243004,16794,6994,23788,34968,14579,49547,30100,12217,42317,23147,9372,32519,10615,4199,14814,13024,723,13747,56336,81,56417,9852,3,9855
2021-03-14,199105,48898,248003,17333,7065,24398,36135,14822,50957,31414,12418,43832,24179,9518,33697,10769,4258,15027,13080,732,13812,56343,82,56425,9852,3,9855
2021-03-15,206728,53215,259943,18027,7656,25683,37765,16051,53816,33078,13472,46550,25561,10330,35891,11126,4707,15833,13463,886,14349,57663,108,57771,10045,5,10050
2021-03-16,216375,56944,273319,18622,8172,26794,39070,17139,56209,34465,14368,48833,26744,11033,37777,11642,5124,16766,14315,982,15297,61052,119,61171,10465,7,10472
2021-03-17,225667,61065,286732,19045,8721,27766,40205,18326,58531,35609,15420,51029,27697,11751,39448,12318,5543,17861,15247,1149,16396,64607,146,64753,10939,9,10948
2021-03-18,236593,64340,300933,19841,9162,29003,41950,19242,61192,37236,16235,53471,29075,12390,41465,12861,5912,18773,16302,1224,17526,67869,165,68034,11459,10,11469
2021-03-19,247263,67699,314962,20716,9635,30351,43830,20202,64032,39046,17065,56111,30503,13078,43581,13160,6244,19404,17048,1290,18338,70819,175,70994,12141,10,12151
2021-03-20,253821,68264,322085,20946,9696,30642,44352,20362,64714,39545,17221,56766,31047,13201,44248,14641,6296,20937,18044,1302,19346,72699,176,72875,12547,10,12557
2021-03-21,258482,68741,327223,20966,9762,30728,44403,20516,64919,39575,17315,56890,31262,13276,44538,16639,6355,22994,19126,1325,20451,73733,182,73915,12778,10,12788
2021-03-22,262284,71479,333763,21065,10124,31189,44553,21359,65912,39765,17938,57703,31621,13790,45411,18367,6643,25010,20179,1424,21603,73918,191,74109,12816,10,12826
2021-03-23,269831,73889,343720,21147,10431,31578,44693,22054,66747,39927,18518,58445,31880,14195,46075,19376,6912,26288,21249,1549,22798,77765,220,77985,13794,10,13804
2021-03-24,275523,74182,349705,21155,10446,31601,44706,22081,66787,39937,18544,58481,31964,14211,46175,20031,7060,27091,22196,1602,23798,81083,228,81311,14451,10,14461
2021-03-25,280446,75637,356083,21338,10690,32028,45061,22541,67602,40278,18880,59158,32227,14425,46652,20167,7171,27338,22896,1667,24563,83504,249,83753,14975,14,14989
2021-03-26,282768,77043,359811,21348,10811,32159,45094,22812,67906,40303,19102,59405,32260,14616,46876,20274,7568,27842,23283,1857,25140,84831,263,85094,15375,14,15389
2021-03-27,285313,77097,362410,21354,10814,32168,45100,22826,67926,40306,19115,59421,32274,14629,46903,20325,7574,27899,23757,1862,25619,86397,263,86660,15800,14,15814
2021-03-28,287883,77121,365004,21360,10814,32174,45107,22829,67936,40313,19120,59433,32290,14633,46923,20386,7582,27968,24155,1865,26020,87973,264,88237,16299,14,16313
2021-03-29,295000,78131,373131,21945,10955,32900,46334,23114,69448,41359,19318,60677,33113,14828,47941,20656,7748,28404,24766,1886,26652,89928,268,90196,16899,14,16913
2021-03-30,304140,79355,383495,22204,11107,33311,46936,23411,70347,41877,19562,61439,36315,15054,51369,22445,7965,30410,25749,1965,27714,91266,277,91543,17348,14,17362
2021-03-31,315868,80293,396161,22811,11258,34069,48385,23696,72081,43245,19707,62952,36890,15210,52100,22672,8116,30788,30917,2012,32929,93022,280,93302,17926,14,17940
2021-04-01,327816,80447,408263,22853,11272,34125,48451,23738,72189,44790,19737,64527,38004,15235,53239,22905,8151,31056,38321,2020,40341,94234,280,94514,18258,14,18272
2021-04-02,339443,80447,419890,22857,11272,34129,48460,23738,72198,47433,19737,67170,38026,15235,53261,22946,8151,31097,46134,2020,48154,95120,280,95400,18467,14,18481
2021-04-03,349280,80447,429727,22866,11272,34138,48467,23738,72205,47449,19737,67186,38041,15235,53276,22966,8151,31117,55352,2020,57372,95522,280,95802,18617,14,18631
2021-04-04,352096,80486,432582,22866,11272,34138,48469,23738,72207,47456,19738,67194,38045,15240,53285,22976,8176,31152,58107,2028,60135,95544,280,95824,18633,14,18647
2021-04-05,367266,81175,448441,23003,11350,34353,48577,23902,72479,47605,19873,67478,38184,15374,53558,23163,8312,31475,72041,2066,74107,95933,284,96217,18760,14,18774
2021-04-06,384630,81642,466272,23166,11438,34604,48785,24043,72828,47737,19959,67696,38285,15453,53738,23395,8371,31766,87668,2080,89748,96637,284,96921,18957,14,18971
2021-04-07,403508,82241,485749,23323,11492,34815,49061,24158,73219,47898,20044,67942,38400,15558,53958,24658,8573,33231,103262,2117,105379,97709,285,97994,19197,14,19211
2021-04-08,423834,82486,506320,23600,11543,35143,49478,24219,73697,48124,20076,68200,38600,15609,54209,28384,8603,36987,118277,2127,120404,98074,293,98367,19297,16,19313
2021-04-09,441713,83229,524942,23857,11660,35517,49861,24447,74308,48353,20227,68580,38772,15710,54482,31474,8710,40184,131379,2161,133540,98550,298,98848,19467,16,19483
2021-04-10,448247,84557,532804,23874,11799,35673,49887,24636,74523,48366,20412,68778,38792,15866,54658,32701,9144,41845,136487,2365,138852,98639,317,98956,19501,18,19519
2021-04-11,454447,85887,540334,23876,11953,35829,49893,24909,74802,48368,20625,68993,38800,16089,54889,33854,9500,43354,141403,2463,143866,98718,329,99047,19535,19,19554
2021-04-12,474265,86702,560967,24172,12031,36203,50309,25026,75335,48613,20721,69334,38999,16195,55194,37476,9795,47271,156071,2566,158637,98986,349,99335,19639,19,19658
2021-04-13,489516,90901,580417,24455,12140,36595,50690,25214,75904,48940,20847,69787,39226,16534,55760,40592,12061,52653,166528,3696,170224,99331,389,99720,19754,20,19774
2021-04-14,501233,95575,596808,24752,12151,36903,51026,25226,76252,49263,20865,70128,39352,16541,55893,42404,12088,54492,174712,5276,179988,99837,3002,102839,19887,426,20313
2021-04-15,505994,99795,605789,24932,12153,37085,51161,25230,76391,49363,20867,70230,39438,16544,55982,43158,15439,58597,177905,6095,184000,100082,3035,103117,19955,432,20387
2021-04-16,515137,100194,615331,25060,12158,37218,51229,25237,76466,49423,20873,70296,39464,16550,56014,44610,15454,60064,184030,6407,190437,101113,3081,104194,20208,434,20642
2021-04-17,515942,100195,616137,25090,12158,37248,51271,25237,76508,49492,20874,70366,39532,16550,56082,44693,15454,60147,184442,6407,190849,101188,3081,104269,20234,434,20668
2021-04-18,516249,100196,616445,25112,12158,37270,51309,25237,76546,49554,20874,70428,39604,16550,56154,44719,15454,60173,184473,6408,190881,101226,3081,104307,20252,434,20686
2021-04-19,526606,100242,626848,25294,12165,37459,51378,25244,76622,49614,20880,70494,39622,16561,56183,45881,15461,61342,191665,6412,198077,102598,3084,105682,20554,435,20989
2021-04-20,537540,106053,643593,25512,12172,37684,51508,25265,76773,49754,20891,70645,40179,17513,57692,51102,18186,69288,195005,7121,202126,103656,3949,107605,20824,956,21780
2021-04-21,557989,106105,664094,25624,12190,37814,51591,25276,76867,49833,20903,70736,40473,17519,57992,69788,18189,87977,195958,7122,203080,103830,3949,107779,20892,957,21849
2021-04-22,581970,106108,688078,25716,12190,37906,51675,25277,76952,49916,20903,70819,40577,17521,58098,92217,18189,110406,196914,7122,204036,104022,3949,107971,20933,957,21890
2021-04-23,605352,106129,711481,25788,12191,37979,51775,25279,77054,50036,20909,70945,40711,17530,58241,114298,18192,132490,197522,7122,204644,104214,3949,108163,21008,957,21965
2021-04-24,611780,106129,717909,25802,12191,37993,51788,25279,77067,50067,20909,70976,40751,17530,58281,120103,18192,138295,197925,7122,205047,104306,3949,108255,21038,957,21995
2021-04-25,611984,106129,718113,25806,12191,37997,51795,25279,77074,50084,20909,70993,40767,17530,58297,120238,18192,138430,197936,7122,205058,104314,3949,108263,21044,957,22001
2021-04-26,615857,106141,721998,25824,12193,38017,51817,25280,77097,50099,20913,71012,40786,17532,58318,123565,18194,141759,198286,7122,205408,104404,3950,108354,21076,957,22033
2021-04-27,620049,106190,726239,25969,12196,38165,51940,25298,77238,50200,20922,71122,40874,17537,58411,126125,18203,144328,199233,7126,206359,104589,3951,108540,21119,957,22076
2021-04-28,626250,123079,749329,26144,14575,40719,52164,30934,83098,50347,25911,76258,40974,21406,62380,130989,18215,149204,199755,7128,206883,104717,3953,108670,21160,957,22117
2021-04-29,633263,135751,769014,26341,16153,42494,52374,34998,87372,50470,29814,80284,41087,24517,65604,136392,18219,154611,200415,7137,207552,104940,3954,108894,21244,959,22203
2021-04-30,636561,135762,772323,26536,16154,42690,52647,34999,87646,50608,29817,80425,41190,24518,65708,138332,18221,156553,200895,7139,208034,105057,3954,109011,21296,960,22256
2021-05-01,637814,136097,773911,26536,16194,42730,52649,35151,87800,50609,29891,80500,41196,24572,65768,139222,18235,157457,201143,7140,208283,105132,3954,109086,21327,960,22287
2021-05-02,640061,147978,788039,26595,17382,43977,52752,38028,90780,50664,32721,83385,41290,26739,68029,140738,18261,158999,201427,9886,211313,105227,3995,109222,21368,966,22334
2021-05-03,654412,153356,807768,26743,17395,44138,53005,38043,91048,50788,32738,83526,43263,26750,70013,152107,18281,170388,201777,14981,216758,105319,4168,109487,21410,1000,22410
2021-05-04,679856,153755,833611,26952,17399,44351,53271,38049,91320,50923,32746,83669,47710,26751,74461,172084,18315,190399,202036,15305,217341,105417,4190,109607,21463,1000,22463
2021-05-05,688424,171135,859559,27246,17415,44661,53642,38078,91720,51270,32765,84035,48915,26789,75704,178057,20081,198138,202231,29922,232153,105549,4949,110498,21514,1136,22650
2021-05-06,694463,174066,868529,27453,17417,44870,53909,38082,91991,51519,32770,84289,49757,26796,76553,182087,20437,202524,202535,32383,234918,105653,5026,110679,21550,1155,22705
2021-05-07,697493,192073,889566,27626,17668,45294,54167,38568,92735,51659,33207,84866,50176,27143,77319,183870,22848,206718,202704,46090,248794,105698,5325,111023,21593,1224,22817
2021-05-08,700186,207049,907235,27626,19460,47086,54168,42533,96701,51660,38308,89968,50542,30978,81520,186174,22907,209081,202714,46239,248953,105708,5369,111077,21594,1255,22849
2021-05-09,700309,207284,907593,27626,19460,47086,54168,42533,96701,51660,38309,89969,50565,30988,81553,186274,22954,209228,202714,46274,248988,105708,5456,111164,21594,1310,22904
2021-05-10,702660,208276,910936,27694,19461,47155,54251,42534,96785,51727,38313,90040,50963,30991,81954,187969,22995,210964,202742,46906,249648,105717,5680,111397,21597,1396,22993
2021-05-11,709387,208761,918148,27742,19468,47210,54327,42546,96873,51800,38326,90126,52322,31005,83327,193005,23041,216046,202842,47122,249964,105741,5796,111537,21608,1457,23065
2021-05-12,716382,209743,926125,27787,19490,47277,54399,42582,96981,51868,38360,90228,53763,31040,84803,198202,23128,221330,202978,47530,250508,105770,6058,111828,21615,1555,23170
2021-05-13,719104,215281,934385,27829,19607,47436,54487,42820,97307,51931,38531,90462,54099,31194,85293,200154,23767,223921,203139,51374,254513,105829,6335,112164,21636,1653,23289
2021-05-14,721786,216983,938769,27962,19623,47585,54741,42847,97588,52085,38587,90672,54440,31257,85697,201654,24325,225979,203339,52114,255453,105909,6490,112399,21656,1740,23396
2021-05-15,732975,217376,950351,28014,19630,47644,54838,42855,97693,52151,38600,90751,56829,31270,88099,210023,24409,234432,203476,52247,255723,105974,6576,112550,21670,1789,23459
2021-05-16,735965,217564,953529,28256,19639,47895,55745,42857,98602,53106,38608,91714,57393,31283,88676,210287,24427,234714,203522,52268,255790,105984,6653,112637,21672,1829,23501
2021-05-17,743497,218624,962121,28341,19692,48033,56242,42948,99190,53382,38727,92109,58879,31413,90292,215172,24559,239731,203726,52673,256399,106060,6730,112790,21695,1882,23577
2021-05-18,751611,218972,970583,28414,19701,48115,56368,42960,99328,53506,38742,92248,60574,31426,92000,221012,24642,245654,203899,52794,256693,106121,6792,112913,21717,1915,23632
2021-05-19,757309,220046,977355,28423,19833,48256,56385,43266,99651,53523,38886,92409,61749,31519,93268,225140,24770,249910,204131,53007,257138,106206,6834,113040,21752,1931,23683
2021-05-20,779049,220828,999877,28496,19975,48471,56512,43526,100038,53628,39048,92676,67891,31617,99508,238185,24819,263004,205698,53041,258739,106772,6853,113625,21867,1949,23816
2021-05-21,781354,225052,1006406,28575,20260,48835,56709,44062,100771,53700,39480,93180,68006,31944,99950,239190,25094,264284,206343,55307,261650,106919,6939,113858,21912,1966,23878
2021-05-22,784787,225267,1010054,28687,20275,48962,56789,44086,100875,53766,39500,93266,68453,31965,100418,241374,25110,266484,206768,55419,262187,107015,6944,113959,21935,1968,23903
2021-05-23,789516,225269,1014785,28757,20275,49032,56882,44086,100968,53831,39500,93331,70547,31965,102512,243441,25111,268552,207001,55419,262420,107099,6944,114043,21958,1969,23927
2021-05-24,791281,225762,1017043,28790,20361,49151,56924,44243,101167,53866,39603,93469,70950,32024,102974,244565,25135,269700,207103,55471,262574,107120,6953,114073,21963,1972,23935
2021-05-25,792856,237264,1030120,28812,20369,49181,56935,44254,101189,53877,39610,93487,71293,32030,103323,245580,25139,270719,207224,56664,263888,107161,15856,123017,21974,3342,25316
2021-05-26,795389,240393,1035782,28865,20399,49264,57004,44308,101312,53930,39663,93593,73267,32090,105357,245830,25422,271252,207278,57089,264367,107215,17728,124943,22000,3694,25694
2021-05-27,801088,258942,1060030,28978,20461,49439,57109,44462,101571,54032,39816,93848,78324,32164,110488,246050,25687,271737,207328,58908,266236,107245,31580,138825,22022,5864,27886
2021-05-28,814717,270630,1085347,29127,20575,49702,57287,44694,101981,54449,39961,94410,90814,32239,123053,246321,25882,272203,207392,60179,267571,107285,39884,147169,22042,7216,29258
2021-05-29,831033,271580,1102613,29134,20580,49714,57306,44697,102003,55546,39965,95511,105474,32244,137718,246735,25884,272619,207485,60289,267774,107304,40605,147909,22049,7316,29365
2021-05-30,846787,271665,1118452,29142,20581,49723,57317,44699,102016,58858,39965,98823,117678,32244,149922,246896,25885,272781,207525,60299,267824,107319,40663,147982,22052,7329,29381
2021-05-31,868217,277080,1145297,29243,20752,49995,57463,44998,102461,71020,40200,111220,126220,32615,158835,247207,27051,274258,207614,60759,268373,107369,42929,150298,22081,7776,29857
2021-06-01,888885,280090,1168975,29641,20799,50440,58391,45080,103471,85387,40262,125649,130873,32658,163531,247423,27123,274546,207674,61137,268811,107399,44925,152324,22097,8106,30203
2021-06-02,908734,282079,1190813,30891,20812,51703,62665,45106,107771,94658,40287,134945,135468,32683,168151,247729,27181,274910,207766,61377,269143,107437,46162,153599,22120,8471,30591
2021-06-03,939335,283565,1222900,38920,20834,59754,75825,45136,120961,102266,40336,142602,136853,32714,169567,248012,27246,275258,207848,61573,269421,107472,47031,154503,22139,8695,30834
2021-06-04,967439,284919,1252358,45414,20880,66294,85287,45181,130468,109348,40412,149760,139217,32755,171972,250038,27433,277471,208322,61929,270251,107628,47498,155126,22185,8831,31016
2021-06-05,987374,286039,1273413,50432,20896,71328,93960,45201,139161,112867,40436,153303,140533,32791,173324,251087,27749,278836,208544,62136,270680,107729,47864,155593,22222,8966,31188
2021-06-06,1004913,286683,1291596,57498,20897,78395,101846,45201,147047,114516,40438,154954,141324,32797,174121,251189,27803,278992,208575,62292,270867,107739,48128,155867,22226,9127,31353
2021-06-07,1031716,287622,1319338,63880,20946,84826,107770,45322,153092,120850,40529,161379,148478,32853,181331,251917,27850,279767,208759,62448,271207,107815,48396,156211,22247,9278,31525
2021-06-08,1059479,289499,1348978,66355,20957,87312,111148,45338,156486,124364,40540,164904,166470,32870,199340,252169,27941,280110,208862,62864,271726,107853,49399,157252,22258,9590,31848
2021-06-09,1084782,289879,1374661,67026,20958,87984,112460,45340,157800,125622,40543,166165,188239,32874,221113,252367,27966,280333,208920,62947,271867,107878,49550,157428,22270,9701,31971
2021-06-10,1113542,290288,1403830,68639,20961,89600,114719,45342,160061,129535,40547,170082,208398,32885,241283,252969,28021,280990,209069,63038,272107,107926,49703,157629,22287,9791,32078
2021-06-11,1118973,310267,1429240,69034,20998,90032,115422,45414,160836,130883,40601,171484,211198,32957,244155,253089,28275,281364,209104,65372,274476,107946,64760,172706,22297,11890,34187
2021-06-12,1130446,312948,1443394,70061,21002,91063,116822,45419,162241,133774,40612,174386,217264,32992,250256,253141,28352,281493,209127,65786,274913,107956,66498,174454,22301,12287,34588
2021-06-13,1138831,313063,1451894,70518,21002,91520,117431,45423,162854,135639,40615,176254,222622,32992,255614,253214,28356,281570,209143,65800,274943,107961,66575,174536,22303,12300,34603
2021-06-14,1150772,313847,1464619,72107,21012,93119,119510,45433,164943,138314,40629,178943,228076,33002,261078,253304,28376,281680,209174,65900,275074,107975,67092,175067,22312,12403,34715
2021-06-15,1176938,315244,1492182,72366,21051,93417,119933,45499,165432,139149,40675,179824,252144,33049,285193,253684,28431,282115,209283,66240,275523,108037,67769,175806,22342,12530,34872
2021-06-16,1185044,324950,1509994,73050,21415,94465,121233,46084,167317,141696,42025,183721,255487,33991,289478,253809,28679,282488,209339,70825,280164,108069,69033,177102,22361,12898,35259
2021-06-17,1201255,334532,1535787,73479,21464,94943,122019,46173,168192,147561,42363,189924,263820,34133,297953,254353,29343,283696,209496,77470,286966,108143,70302,178445,22384,13284,35668
2021-06-18,1228393,336967,1565360,74938,21487,96425,124149,46220,170369,163908,42443,206351,270239,34190,304429,254912,29723,284635,209629,78617,288246,108203,70835,179038,22415,13452,35867
2021-06-19,1249428,338072,1587500,75438,21496,96934,124524,46234,170758,180598,42463,223061,273108,34212,307320,255361,29806,285167,209732,78830,288562,108241,71330,179571,22426,13701,36127
2021-06-20,1249435,338073,1587508,75439,21496,96935,124526,46234,170760,180601,42463,223064,273108,34212,307320,255361,29807,285168,209733,78830,288563,108241,71330,179571,22426,13701,36127
2021-06-21,1261008,338616,1599624,75469,21511,96980,124583,46269,170852,190565,42546,233111,274279,34317,308596,255612,29900,285512,209809,78914,288723,108260,71420,179680,22431,13739,36170
2021-06-22,1270122,339772,1609894,75725,21664,97389,124831,46517,171348,194962,42711,237673,277285,34537,311822,256422,30015,286437,210065,79015,289080,108361,71516,179877,22471,13797,36268
2021-06-23,1288122,340963,1629085,75955,21813,97768,125151,46743,171894,210215,42891,253106,279078,34772,313850,256689,30111,286800,210149,79116,289265,108396,71665,180061,22489,13852,36341
2021-06-24,1321724,342205,1663929,76418,21962,98380,129724,46984,176708,236160,43034,279194,281152,34961,316113,257087,30258,287345,210258,79347,289605,108430,71769,180199,22495,13890,36385
2021-06-25,1339173,356358,1695531,77973,21992,99965,133444,47014,180458,245845,43111,288956,282845,35344,318189,257669,40427,298096,210416,81997,292413,108476,72418,180894,22505,14055,36560
2021-06-26,1342085,374700,1716785,78005,22040,100045,133471,47076,180547,247451,43180,290631,283760,35690,319450,257905,55726,313631,210489,83911,294400,108493,72899,181392,22511,14178,36689
2021-06-27,1353582,380321,1733903,78018,22199,100217,133501,47263,180764,254251,43487,297738,288056,36980,325036,258164,57739,315903,210561,85213,295774,108517,73201,181718,22514,14239,36753
2021-06-28,1387816,383053,1770869,80236,22348,102584,136256,47525,183781,280775,43676,324451,290315,37249,327564,258510,59101,317611,210645,85529,296174,108558,73309,181867,22521,14316,36837
2021-06-29,1421303,386444,1807747,80625,22511,103136,137289,47768,185057,311231,43873,355104,291479,37622,329101,258827,60540,319367,210744,86094,296838,108579,73631,182210,22529,14405,36934
2021-06-30,1457314,389215,1846529,80956,22531,103487,147300,47796,195096,335097,43894,378991,292769,37653,330422,259167,62885,322052,210846,86287,297133,108624,73716,182340,22555,14453,37008
2021-07-01,1479764,392821,1872585,81246,22565,103811,156807,47836,204643,345767,43966,389733,294156,38274,332430,259551,64401,323952,210968,87091,298059,108688,74116,182804,22581,14572,37153
2021-07-02,1491411,409189,1900600,82900,22683,105583,162714,48039,210753,348841,44148,392989,294789,38503,333292,259775,66374,326149,211057,88838,299895,108739,83976,192715,22596,16628,39224
2021-07-03,1509230,414549,1923779,82929,22709,105638,174008,48106,222114,354051,44210,398261,295732,38633,334365,260022,67069,327091,211128,89728,300856,108759,86844,195603,22601,17250,39851
2021-07-04,1529474,415042,1944516,84286,22709,106995,191631,48112,239743,354922,44212,399134,295975,38644,334619,260123,67181,327304,211160,89832,300992,108774,87011,195785,22603,17341,39944
2021-07-05,1537318,417729,1955047,84919,22745,107664,198108,48163,246271,355381,44285,399666,296146,38739,334885,260174,67911,328085,211190,90442,301632,108788,87878,196666,22612,17566,40178
2021-07-06,1560709,419448,1980157,85971,22778,108749,219471,48227,267698,355876,44385,400261,296443,38870,335313,260289,68184,328473,211241,90711,301952,108799,88541,197340,22619,17752,40371
2021-07-07,1570649,421325,1991974,86234,22813,109047,226901,48287,275188,357358,44463,401821,296983,38970,335953,260433,68391,328824,211291,91118,302409,108822,89340,198162,22627,17943,40570
2021-07-08,1605004,422048,2027052,87108,22837,109945,254167,48342,302509,361634,44538,406172,298302,39092,337394,260848,68616,329464,211422,91183,302605,108873,89466,198339,22650,17974,40624
2021-07-09,1629741,423160,2052901,88493,22854,111347,271054,48369,319423,366000,44576,410576,299897,39166,339063,261192,68953,330145,211540,91723,303263,108909,89527,198436,22656,17992,40648
2021-07-10,1649696,425420,2075116,91662,22902,114564,286725,48467,335192,366712,44671,411383,300149,39321,339470,261296,69859,331155,211569,92371,303940,108925,89779,198704,22658,18050,40708
2021-07-11,1651921,428941,2080862,92027,23153,115180,288488,49051,337539,366766,45150,411916,300174,39561,339735,261305,69912,331217,211573,92676,304249,108929,91123,200052,22659,18315,40974
2021-07-12,1685187,429576,2114763,97999,23167,121166,314157,49075,363232,367699,45185,412884,300646,39591,340237,261451,70042,331493,211619,92816,304435,108948,91330,200278,22668,18370,41038
2021-07-13,1704032,429780,2133812,101396,23181,124577,327469,49093,376562,369042,45212,414254,301167,39613,340780,261634,70055,331689,211683,92856,304539,108966,91371,200337,22675,18399,41074
2021-07-14,1710543,430018,2140561,102712,23215,125927,331589,49140,380729,369680,45244,414924,301455,39647,341102,261736,70068,331804,211710,92889,304599,108981,91397,200378,22680,18418,41098
2021-07-15,1713774,460242,2174016,103406,23635,127041,333333,51019,384352,370129,58677,428806,301681,42962,344643,261812,71836,333648,211743,99168,310911,108988,93952,202940,22682,18993,41675
2021-07-16,1716468,490917,2207385,104033,23763,127796,334808,53515,388323,370455,73624,444079,301855,43956,345811,261865,72124,333989,211766,109198,320964,109001,95397,204398,22685,19340,42025
2021-07-17,1732286,500615,2232901,107067,23854,130921,344407,54403,398810,372440,80341,452781,302703,44725,347428,262124,72368,334492,211823,109931,321754,109031,95600,204631,22691,19393,42084
2021-07-18,1746478,509502,2255980,113810,23878,137688,349748,54562,404310,373806,86185,459991,303210,47098,350308,262292,72600,334892,211868,110088,321956,109050,95677,204727,22694,19414,42108
2021-07-19,1753916,536500,2290416,118319,25338,143657,351557,56748,408305,374428,106357,480785,303533,48959,352492,262402,72912,335314,211903,110394,322297,109074,96221,205295,22700,19571,42271
2021-07-20,1776132,552174,2328306,133785,25713,159498,356130,57538,413668,375706,119089,494795,304116,49845,353961,262623,73107,335730,211967,110772,322739,109099,96468,205567,22706,19642,42348
2021-07-21,1812726,552929,2365655,161706,25763,187469,362660,57600,420260,376901,119291,496192,304716,49885,354601,262863,73165,336028,212057,111029,323086,109114,96526,205640,22709,19670,42379
2021-07-22,1848830,553215,2402045,186306,25770,212076,370302,57619,427921,379188,119321,498509,305800,49902,355702,263201,73218,336419,212163,111085,323248,109153,96593,205746,22717,19707,42424
2021-07-23,1868057,566979,2435036,199081,26070,225151,374133,59462,433595,380600,129569,510169,306600,50825,357425,263488,73425,336913,212245,111213,323458,109187,96675,205862,22723,19740,42463
2021-07-24,1869357,594504,2463861,200207,26651,226858,374212,60320,434532,380627,140658,521285,306631,64788,371419,263505,73978,337483,212252,111417,323669,109194,96902,206096,22729,19790,42519
2021-07-25,1894669,594624,2489293,216203,26652,242855,379895,60328,440223,382546,140671,523217,307857,64800,372657,263895,73986,337881,212312,111448,323760,109221,96930,206151,22740,19809,42549
2021-07-26,1903534,625061,2528595,223556,31820,255376,380630,69696,450326,382935,150233,533168,308121,69674,377795,263985,74764,338749,212332,111879,324211,109232,97128,206360,22743,19867,42610
2021-07-27,1917616,644840,2562456,235279,35406,270685,381876,75222,457098,383545,155990,539535,308430,72064,380494,264112,76321,340433,212382,112454,324836,109246,97435,206681,22746,19948,42694
2021-07-28,1955197,645409,2600606,267642,35446,303088,384518,75320,459838,385015,156254,541269,309166,72098,381264,264362,76368,340730,212458,112494,324952,109277,97466,206743,22759,19963,42722
2021-07-29,1990937,646810,2637747,296911,35574,332485,388088,75615,463703,386658,156898,543556,310003,72264,382267,264624,76445,341069,212546,112545,325091,109316,97494,206810,22791,19975,42766
2021-07-30,2005157,665487,2670644,306661,36929,343590,390505,85133,475638,387859,162507,550366,310567,73903,384470,264800,76777,341577,212603,112688,325291,109355,97546,206901,22807,20004,42811
2021-07-31,2005651,690651,2696302,306978,39947,346925,390588,99343,489931,387901,168753,556654,310587,74999,385586,264818,77141,341959,212612,112806,325418,109359,97623,206982,22808,20039,42847
2021-08-01,2005683,704683,2710366,306985,43245,350230,390592,105643,496235,387904,171543,559447,310591,76011,386602,264820,77553,342373,212617,112943,325560,109363,97683,207046,22811,20062,42873
2021-08-02,2009753,737252,2747005,309200,47314,356514,391444,125777,517221,388460,178264,566724,310875,77158,388033,264917,77858,342775,212661,113060,325721,109380,97738,207118,22816,20083,42899
2021-08-03,2021264,757430,2778694,319396,52447,371843,391988,130870,522858,388860,182624,571484,311064,82133,393197,265010,78320,343330,212702,113161,325863,109411,97778,207189,22833,20097,42930
2021-08-04,2024288,782517,2806805,320845,55506,376351,392710,135732,528442,389302,185786,575088,311295,95651,406946,265101,78645,343746,212760,113265,326025,109432,97824,207256,22843,20108,42951
2021-08-05,2032896,791981,2824877,326769,56756,383525,394030,141399,535429,390038,187598,577636,311697,96166,407863,265243,78781,344024,212816,113318,326134,109451,97845,207296,22852,20118,42970
2021-08-06,2034877,799763,2834640,327878,57087,384965,394392,142675,537067,390315,188033,578348,311838,96471,408309,265295,81308,346603,212852,116126,328978,109455,97925,207380,22852,20138,42990
2021-08-07,2037104,822113,2859217,329843,57108,386951,394484,142703,537187,390394,188059,578453,311872,96551,408423,265310,84462,349772,212872,134863,347735,109467,98178,207645,22862,20189,43051
2021-08-08,2037135,844015,2881150,329849,57121,386970,394484,142730,537214,390396,188080,578476,311874,96636,408510,265322,96934,362256,212878,143777,356655,109468,98495,207963,22864,20242,43106
2021-08-09,2037495,877511,2915006,329979,57285,387264,394566,143071,537637,390449,188432,578881,311904,99176,411080,265349,122050,387399,212897,148413,361310,109479,98794,208273,22872,20290,43162
2021-08-10,2037895,910371,2948266,330168,57863,388031,394636,144014,538650,390508,190375,580883,311942,102279,414221,265370,139088,404458,212908,157245,370153,109489,99146,208635,22874,20361,43235
2021-08-11,2040323,939501,2979824,332406,58057,390463,394701,144683,539384,390548,191063,581611,311970,107280,419250,265402,156948,422350,212924,161546,374470,109498,99493,208991,22874,20431,43305
2021-08-12,2040791,961532,3002323,332575,58694,391269,394805,145120,539925,390633,191478,582111,312022,111292,423314,265426,164940,430366,212940,169600,382540,109507,99894,209401,22883,20514,43397
2021-08-13,2040965,992423,3033388,332637,58871,391508,394851,145441,540292,390661,191786,582447,312037,112099,424136,265432,177427,442859,212945,185159,398104,109517,100899,210416,22885,20741,43626
2021-08-14,2040988,1013410,3054398,332638,59085,391723,394851,145804,540655,390663,192252,582915,312038,115858,427896,265440,191062,456502,212949,187315,400264,109521,101219,210740,22888,20815,43703
2021-08-15,2041013,1037547,3078560,332643,60100,392743,394854,147551,542405,390669,195072,585741,312044,129577,441621,265443,194367,459810,212950,188493,401443,109522,101487,211009,22888,20900,43788
2021-08-16,2054452,1045138,3099590,335392,60322,395714,396931,147843,544774,394775,196350,591125,314931,130888,445819,266477,195794,462271,213318,191181,404499,109700,101779,211479,22928,20981,43909
2021-08-17,2083484,1046181,3129665,349533,60349,409882,408526,147906,556432,397150,196550,593700,315429,131586,447015,266756,195832,462588,213403,191192,404595,109748,101785,211533,22939,20981,43920
2021-08-18,2097020,1056358,3153378,358398,60913,419311,410604,148981,559585,398470,197789,596259,316194,134436,450630,267075,198908,465983,213526,192355,405881,109806,101952,211758,22947,21024,43971
2021-08-19,2102084,1063471,3165555,362376,61635,424011,411066,150120,561186,398812,198501,597313,316402,137061,453463,267125,200085,467210,213542,192966,406508,109813,102054,211867,22948,21049,43997
2021-08-20,2108201,1082840,3191041,366977,62075,429052,411738,152097,563835,399246,200263,599509,316676,151647,468323,267211,200437,467648,213571,193154,406725,109831,102106,211937,22951,21061,44012
2021-08-21,2108754,1103753,3212507,367251,65499,432750,411848,157585,569433,399323,205306,604629,316720,157518,474238,267238,201198,468436,213584,193374,406958,109836,102188,212024,22954,21085,44039
2021-08-22,2108812,1124752,3233564,367272,68948,436220,411855,168286,580141,399331,209127,608458,316727,159577,476304,267248,201950,469198,213589,193544,407133,109836,102231,212067,22954,21089,44043
2021-08-23,2122271,1144241,3266512,378645,71836,450481,412796,181335,594131,399947,211161,611108,317068,160619,477687,267374,202275,469649,213631,193645,407276,109850,102268,212118,22960,21102,44062
2021-08-24,2123995,1168145,3292140,379470,89223,468693,413213,184630,597843,400227,212628,612855,317196,161790,478986,267428,202660,470088,213641,193779,407420,109857,102314,212171,22963,21121,44084
2021-08-25,2125992,1197596,3323588,380621,92812,473433,413580,186954,600534,400495,225507,626002,317330,171265,488595,267472,203481,470953,213660,194013,407673,109867,102413,212280,22967,21151,44118
2021-08-26,2127257,1228947,3356204,381169,96639,477808,413879,188869,602748,400704,226694,627398,317450,178533,495983,267505,216959,484464,213688,197018,410706,109888,102951,212839,22974,21284,44258
2021-08-27,2128178,1264420,3392598,381588,117942,499530,414080,194796,608876,400835,228590,629425,317531,183363,500894,267539,218102,485641,213717,197291,411008,109902,103033,212935,22986,21303,44289
2021-08-28,2128226,1288714,3416940,381600,136563,518163,414090,197867,611957,400840,230077,630917,317542,184124,501666,267541,218296,485837,213720,197412,411132,109905,103066,212971,22988,21309,44297
2021-08-29,2128290,1312865,3441155,381627,138770,520397,414102,199107,613209,400857,234174,635031,317547,199538,517085,267544,219019,486563,213720,197759,411479,109905,103171,213076,22988,21327,44315
2021-08-30,2146029,1327813,3473842,389009,139087,528096,418100,199761,617861,404315,236856,641171,319484,205443,524927,268137,222178,490315,213971,199546,413517,110004,103533,213537,23009,21409,44418
2021-08-31,2157319,1349363,3506682,394397,157517,551914,420657,201004,621661,406408,237951,644359,320285,205977,526262,268424,222317,490741,214082,199613,413695,110043,103565,213608,23023,21419,44442
2021-09-01,2159181,1380596,3539777,395085,185616,580701,420994,201912,622906,406805,238441,645246,320530,206470,527000,268525,223183,491708,214140,199930,414070,110074,103618,213692,23028,21426,44454
2021-09-02,2161059,1413676,3574735,396702,203423,600125,421121,205684,626805,406874,244866,651740,320564,210264,530828,268543,224016,492559,214148,200284,414432,110079,103701,213780,23028,21438,44466
2021-09-03,2162247,1444293,3606540,397303,215021,612324,421381,208787,630168,407035,254757,661792,320669,213912,534581,268579,225848,494427,214163,200711,414874,110086,103795,213881,23031,21462,44493
2021-09-04,2163135,1467582,3630717,397665,221258,618923,421598,215177,636775,407191,264086,671277,320747,214892,535639,268626,226078,494704,214184,200798,414982,110091,103828,213919,23033,21465,44498
2021-09-05,2164029,1491039,3655068,398042,223480,621522,421832,219661,641493,407352,279072,686424,320818,216308,537126,268663,226337,495000,214191,200867,415058,110097,103843,213940,23034,21471,44505
2021-09-06,2165240,1522051,3687291,398609,225984,624593,422150,220755,642905,407530,300510,708040,320910,221082,541992,268704,227215,495919,214203,201091,415294,110098,103924,214022,23036,21490,44526
2021-09-07,2166307,1559215,3725522,399097,227814,626911,422460,224627,647087,407694,316071,723765,320981,228474,549455,268720,233572,502292,214212,202764,416976,110105,104313,214418,23038,21580,44618
2021-09-08,2173129,1573282,3746411,402954,228611,631565,423962,228272,652234,408501,321390,729891,321377,231116,552493,268867,234705,503572,214277,203142,417419,110146,104430,214576,23045,21616,44661
2021-09-09,2175880,1600620,3776500,404329,232284,636613,424684,245142,669826,408868,325554,734422,321553,233149,554702,268935,235112,504047,214302,203256,417558,110161,104495,214656,23048,21628,44676
2021-09-10,2177966,1608934,3786900,405399,235636,641035,425220,246331,671551,409142,326078,735220,321694,235500,557194,268981,235794,504775,214319,203417,417736,110163,104544,214707,23048,21634,44682
2021-09-11,2178776,1614759,3793535,406201,236197,642398,425225,249373,674598,409143,326629,735772,321694,236941,558635,268983,235945,504928,214319,203476,417795,110163,104561,214724,23048,21637,44685
2021-09-12,2178808,1616561,3795369,406220,236675,642895,425229,250045,675274,409146,327027,736173,321697,237140,558837,268984,235982,504966,214321,203491,417812,110163,104563,214726,23048,21638,44686
2021-09-13,2192554,1617467,3810021,414978,236796,651774,429780,250437,680217,409389,327212,736601,321800,237272,559072,269029,236013,505042,214336,203517,417853,110185,104574,214759,23057,21646,44703
2021-09-14,2194365,1629650,3824015,415760,237094,652854,430166,250928,681094,409667,327771,737438,321986,245814,567800,269110,237922,507032,214395,203829,418224,110213,104632,214845,23068,21660,44728
2021-09-15,2195121,1666247,3861368,416105,239456,655561,430369,254652,685021,409783,334875,744658,322035,263257,585292,269125,243014,512139,214409,204452,418861,110222,104829,215051,23073,21712,44785
2021-09-16,2195902,1700981,3896883,416483,244851,661334,430574,274117,704691,409898,339729,749627,322081,266230,588311,269141,244548,513689,214419,204817,419236,110228,104952,215180,23078,21737,44815
2021-09-17,2203265,1721752,3925017,421007,257296,678303,431978,278757,710735,410674,341578,752252,322468,267499,589967,269312,244905,514217,214480,204958,419438,110260,105007,215267,23086,21752,44838
2021-09-18,2203655,1746719,3950374,421345,274519,695864,431993,283060,715053,410690,343608,754298,322479,268534,591013,269318,245166,514484,214482,205033,419515,110262,105040,215302,23086,21759,44845
2021-09-19,2211640,1757150,3968790,424286,281929,706215,434476,284827,719303,412088,344373,756461,323202,268871,592073,269548,245249,514797,214616,205085,419701,110328,105052,215380,23096,21764,44860
2021-09-20,2219195,1763635,3982830,429674,283271,712945,435757,287595,723352,412628,345590,758218,323400,269547,592947,269620,245549,515169,214679,205221,419900,110338,105090,215428,23099,21772,44871
2021-09-21,2236294,1770308,4006602,444925,287246,732171,436673,289090,725763,413157,346150,759307,323660,269921,593581,269714,245729,515443,214710,205280,419990,110352,105110,215462,23103,21782,44885
2021-09-22,2242606,1780344,4022950,449461,293073,742534,437599,291776,729375,413627,346837,760464,323883,270349,594232,269798,245940,515738,214757,205418,420175,110370,105151,215521,23111,21800,44911
2021-09-23,2245052,1789580,4034632,450865,299638,750503,438244,293149,731393,413868,347502,761370,323976,270752,594728,269830,246059,515889,214780,205490,420270,110376,105185,215561,23113,21805,44918
2021-09-24,2251064,1795158,4046222,453428,303063,756491,439914,293911,733825,415211,348060,763271,324229,271355,595584,269925,246208,516133,214835,205542,420377,110400,105207,215607,23122,21812,44934
2021-09-25,2253140,1799811,4052951,454109,304440,758549,440849,295137,735986,415490,348960,764450,324349,272270,596619,269974,246388,516362,214841,205580,420421,110404,105222,215626,23124,21814,44938
2021-09-26,2254353,1822022,4076375,454302,305674,759976,441005,298245,739250,415775,358162,773937,324705,280244,604949,270144,246895,517039,214880,205699,420579,110418,105277,215695,23124,21826,44950
2021-09-27,2256426,1842703,4099129,455372,308657,764029,441432,307942,749374,416030,363695,779725,324849,282228,607077,270249,247222,517471,214921,205790,420711,110442,105329,215771,23131,21840,44971
2021-09-28,2260276,1866650,4126926,456445,309475,765920,442263,324984,767247,417039,365325,782364,325429,283373,608802,270500,248276,518776,214994,207422,422416,110469,105848,216317,23137,21947,45084
2021-09-29,2264574,1879582,4144156,459703,311488,771191,442773,332657,775430,417376,366728,784104,325548,284348,609896,270535,248682,519217,215009,207742,422751,110486,105970,216456,23144,21967,45111
2021-09-30,2275068,1887398,4162466,468391,313812,782203,443745,334168,777913,417951,368169,786120,325719,285977,611696,270580,249335,519915,215037,207929,422966,110500,106031,216531,23145,21977,45122
2021-10-01,2277603,1896057,4173660,470583,317534,788117,443915,336476,780391,418064,369602,787666,325762,286827,612589,270592,249565,520157,215039,208008,423047,110503,106062,216565,23145,21983,45128
2021-10-02,2280269,1898987,4179256,472203,318289,790492,444509,337431,781940,418318,370300,788618,325880,287158,613038,270645,249673,520318,215055,208060,423115,110510,106089,216599,23149,21987,45136
2021-10-03,2286156,1898989,4185145,474991,318290,793281,446244,337432,783676,419076,370300,789376,326209,287158,613367,270828,249673,520501,215118,208060,423178,110537,106089,216626,23153,21987,45140
2021-10-04,2292959,1903186,4196145,477942,320094,798036,448449,338581,787030,420039,370751,790790,326600,287619,614219,271004,249905,520909,215189,208134,423323,110568,106112,216680,23168,21990,45158
2021-10-05,2295857,1906981,4202838,479714,321093,800807,449089,339688,788777,420326,371609,791935,326734,288208,614942,271051,250070,521121,215199,208180,423379,110575,106135,216710,23169,21998,45167
2021-10-06,2308661,1908405,4217066,490644,321384,812028,450045,340040,790085,420865,371947,792812,326971,288478,615449,271142,250172,521314,215228,208217,423445,110587,106163,216750,23179,22004,45183
2021-10-07,2311826,1911237,4223063,492331,322139,814470,450750,340957,791707,421282,372365,793647,327181,288968,616149,271233,250361,521594,215262,208263,423525,110600,106177,216777,23187,22007,45194
2021-10-08,2312692,1931317,4244009,492742,323265,816007,450929,352349,803278,421396,374742,796138,327267,291719,618986,271276,252628,523904,215283,208378,423661,110609,106225,216834,23190,22011,45201
2021-10-09,2312699,1950545,4263244,492743,324555,817298,450932,360713,811645,421398,377180,798578,327268,296309,623577,271276,254988,526264,215283,208512,423795,110609,106270,216879,23190,22018,45208
2021-10-10,2312699,1964522,4277221,492743,325544,818287,450932,367551,818483,421398,378832,800230,327268,298983,626251,271276,256692,527968,215283,208593,423876,110609,106302,216911,23190,22025,45215
2021-10-11,2314134,1971949,4286083,493880,329203,823083,451083,369476,820559,421471,379824,801295,327309,299510,626819,271298,256872,528170,215288,208689,423977,110614,106347,216961,23191,22028,45219
2021-10-12,2318311,1988505,4306816,496857,338825,835682,451585,371626,823211,421859,382020,803879,327502,301177,628679,271371,257636,529007,215320,208809,424129,110625,106376,217001,23192,22036,45228
