FECHA,TotalM,TotalF,Total,<=30M,<=30F,<=30,31-40M,31-40F,31-40,41-50M,41-50F,41-50,51-60M,51-60F,51-60,61-70M,61-70F,61-70,71-80M,71-80F,71-80,81-90M,81-90F,81-90,>=91M,>=91F,>=91
2020-12-29,299,477,776,44,76,120,104,144,248,93,154,247,57,99,156,1,3,4,0,1,1,0,0,0,0,0,0
2020-12-30,638,1042,1680,95,189,284,226,317,543,189,330,519,125,200,325,3,4,7,0,2,2,0,0,0,0,0,0
2020-12-31,684,1093,1777,102,192,294,240,334,574,205,351,556,134,209,343,3,5,8,0,2,2,0,0,0,0,0,0
2021-01-01,684,1093,1777,102,192,294,240,334,574,205,351,556,134,209,343,3,5,8,0,2,2,0,0,0,0,0,0
2021-01-02,837,1371,2208,116,225,341,298,443,741,255,429,684,164,264,428,4,7,11,0,3,3,0,0,0,0,0,0
2021-01-03,892,1485,2377,125,242,367,323,491,814,267,459,726,173,283,456,4,7,11,0,3,3,0,0,0,0,0,0
2021-01-04,1248,2069,3317,186,343,529,439,694,1133,370,634,1004,248,388,636,5,7,12,0,3,3,0,0,0,0,0,0
2021-01-05,1761,2883,4644,259,480,739,655,965,1620,496,881,1377,345,543,888,6,10,16,0,4,4,0,0,0,0,0,0
2021-01-06,2326,3757,6083,358,643,1001,865,1226,2091,654,1136,1790,441,734,1175,8,12,20,0,6,6,0,0,0,0,0,0
2021-01-07,2900,4771,7671,448,812,1260,1066,1574,2640,815,1438,2253,563,929,1492,8,12,20,0,6,6,0,0,0,0,0,0
2021-01-08,3571,5959,9530,569,1042,1611,1293,1979,3272,1007,1779,2786,687,1137,1824,14,15,29,1,7,8,0,0,0,0,0,0
2021-01-09,3740,6234,9974,583,1082,1665,1365,2081,3446,1059,1868,2927,718,1181,1899,14,15,29,1,7,8,0,0,0,0,0,0
2021-01-10,3949,6598,10547,616,1130,1746,1454,2233,3687,1113,1970,3083,749,1241,1990,16,16,32,1,8,9,0,0,0,0,0,0
2021-01-11,4612,7799,12411,727,1388,2115,1722,2637,4359,1290,2297,3587,854,1450,2304,18,19,37,1,8,9,0,0,0,0,0,0
2021-01-12,5207,8898,14105,824,1580,2404,1958,3025,4983,1441,2590,4031,964,1674,2638,19,21,40,1,8,9,0,0,0,0,0,0
2021-01-13,5673,9793,15466,903,1759,2662,2122,3350,5472,1570,2825,4395,1057,1828,2885,20,22,42,1,9,10,0,0,0,0,0,0
2021-01-14,6477,11217,17694,1073,2041,3114,2414,3838,6252,1789,3222,5011,1180,2084,3264,20,23,43,1,9,10,0,0,0,0,0,0
2021-01-15,7673,13447,21120,1288,2494,3782,2881,4611,7492,2097,3836,5933,1386,2470,3856,20,26,46,1,10,11,0,0,0,0,0,0
2021-01-16,8150,14308,22458,1384,2648,4032,3059,4940,7999,2218,4081,6299,1468,2603,4071,20,26,46,1,10,11,0,0,0,0,0,0
2021-01-17,8435,14855,23290,1450,2741,4191,3172,5155,8327,2290,4236,6526,1502,2687,4189,20,26,46,1,10,11,0,0,0,0,0,0
2021-01-18,8623,15174,23797,1478,2795,4273,3232,5259,8491,2347,4342,6689,1545,2742,4287,20,26,46,1,10,11,0,0,0,0,0,0
2021-01-19,8909,15646,24555,1514,2862,4376,3314,5430,8744,2442,4488,6930,1616,2829,4445,22,27,49,1,10,11,0,0,0,0,0,0
2021-01-20,9202,16152,25354,1545,2958,4503,3423,5580,9003,2531,4646,7177,1680,2928,4608,22,29,51,1,11,12,0,0,0,0,0,0
2021-01-21,9331,16338,25669,1568,2987,4555,3467,5632,9099,2565,4709,7274,1703,2969,4672,27,30,57,1,11,12,0,0,0,0,0,0
2021-01-22,9365,16387,25752,1574,2997,4571,3480,5646,9126,2577,4726,7303,1705,2976,4681,28,31,59,1,11,12,0,0,0,0,0,0
2021-01-23,9484,16591,26075,1584,3019,4603,3525,5727,9252,2616,4784,7400,1729,3017,4746,29,32,61,1,12,13,0,0,0,0,0,0
2021-01-24,9528,16680,26208,1589,3029,4618,3545,5764,9309,2627,4810,7437,1737,3033,4770,29,32,61,1,12,13,0,0,0,0,0,0
2021-01-25,9809,17141,26950,1634,3106,4740,3629,5912,9541,2707,4953,7660,1807,3123,4930,31,34,65,1,13,14,0,0,0,0,0,0
2021-01-26,10176,17785,27961,1674,3211,4885,3774,6096,9870,2812,5166,7978,1881,3260,5141,34,38,72,1,13,14,0,0,0,0,1,1
2021-01-27,10620,18449,29069,1748,3327,5075,3943,6294,10237,2929,5358,8287,1963,3415,5378,36,40,76,1,14,15,0,0,0,0,1,1
2021-01-28,11079,19257,30336,1823,3472,5295,4095,6567,10662,3057,5584,8641,2066,3579,5645,37,40,77,1,14,15,0,0,0,0,1,1
2021-01-29,11716,20322,32038,1925,3660,5585,4338,6943,11281,3239,5891,9130,2171,3769,5940,41,44,85,2,14,16,0,0,0,0,1,1
2021-01-30,11869,20584,32453,1944,3699,5643,4398,7047,11445,3284,5970,9254,2200,3809,6009,41,44,85,2,14,16,0,0,0,0,1,1
2021-01-31,11987,20809,32796,1967,3732,5699,4440,7140,11580,3316,6030,9346,2220,3848,6068,42,44,86,2,14,16,0,0,0,0,1,1
2021-02-01,12534,21754,34288,2058,3907,5965,4665,7472,12137,3466,6284,9750,2300,4026,6326,43,49,92,2,15,17,0,0,0,0,1,1
2021-02-02,13715,23760,37475,2171,4151,6322,4953,7937,12890,3671,6721,10392,2526,4490,7016,349,413,762,39,45,84,5,2,7,1,1,2
2021-02-03,14981,26070,41051,2309,4477,6786,5277,8554,13831,3924,7267,11191,2772,4964,7736,615,731,1346,75,72,147,8,4,12,1,1,2
2021-02-04,16223,28394,44617,2469,4801,7270,5636,9218,14854,4215,7833,12048,2993,5447,8440,782,981,1763,114,106,220,12,7,19,2,1,3
2021-02-05,18131,32106,50237,2749,5379,8128,6256,10388,16644,4620,8743,13363,3350,6181,9531,972,1257,2229,165,148,313,17,9,26,2,1,3
2021-02-06,18574,32911,51485,2830,5497,8327,6392,10663,17055,4737,8973,13710,3436,6336,9772,994,1283,2277,166,149,315,17,9,26,2,1,3
2021-02-07,18927,33563,52490,2884,5587,8471,6505,10900,17405,4847,9165,14012,3494,6447,9941,1010,1304,2314,168,150,318,17,9,26,2,1,3
2021-02-08,19794,35156,54950,3012,5866,8878,6783,11402,18185,5057,9592,14649,3644,6719,10363,1099,1407,2506,179,160,339,18,9,27,2,1,3
2021-02-09,20785,37082,57867,3153,6208,9361,7086,11970,19056,5284,10052,15336,3825,7124,10949,1219,1552,2771,193,166,359,23,9,32,2,1,3
2021-02-10,21321,38106,59427,3234,6372,9606,7217,12293,19510,5429,10314,15743,3933,7329,11262,1278,1615,2893,202,173,375,26,9,35,2,1,3
2021-02-11,21773,39164,60937,3305,6552,9857,7361,12637,19998,5526,10580,16106,4005,7527,11532,1334,1677,3011,213,181,394,27,9,36,2,1,3
2021-02-12,22276,40104,62380,3378,6704,10082,7527,12966,20493,5638,10855,16493,4094,7664,11758,1381,1717,3098,226,188,414,30,9,39,2,1,3
2021-02-13,22296,40141,62437,3378,6710,10088,7535,12981,20516,5643,10863,16506,4101,7672,11773,1381,1717,3098,226,188,414,30,9,39,2,1,3
2021-02-14,22302,40165,62467,3380,6717,10097,7537,12988,20525,5643,10873,16516,4103,7672,11775,1381,1717,3098,226,188,414,30,9,39,2,1,3
2021-02-15,22302,40165,62467,3380,6717,10097,7537,12988,20525,5643,10873,16516,4103,7672,11775,1381,1717,3098,226,188,414,30,9,39,2,1,3
2021-02-16,22313,40200,62513,3381,6718,10099,7545,13006,20551,5645,10886,16531,4103,7675,11778,1381,1717,3098,226,188,414,30,9,39,2,1,3
2021-02-17,23109,41702,64811,3508,6946,10454,7791,13456,21247,5816,11316,17132,4247,7961,12208,1477,1820,3297,238,192,430,30,10,40,2,1,3
2021-02-18,24956,45576,70532,3726,7486,11212,8314,14503,22817,6195,12337,18532,4609,8742,13351,1744,2205,3949,317,286,603,49,16,65,2,1,3
2021-02-19,26615,49386,76001,3921,8020,11941,8760,15616,24376,6617,13318,19935,4918,9478,14396,1951,2537,4488,382,390,772,61,26,87,5,1,6
2021-02-20,27066,50171,77237,3966,8103,12069,8895,15887,24782,6729,13511,20240,5006,9628,14634,2004,2619,4623,399,395,794,62,27,89,5,1,6
2021-02-21,27395,50676,78071,4001,8168,12169,8988,16075,25063,6809,13642,20451,5085,9714,14799,2037,2649,4686,406,400,806,64,27,91,5,1,6
2021-02-22,30832,56930,87762,4196,8613,12809,9339,16939,26278,7076,14341,21417,5341,10259,15600,2360,2962,5322,804,937,1741,1543,2451,3994,173,428,601
2021-02-23,34812,64332,99144,4448,9141,13589,9785,18034,27819,7502,15342,22844,5702,11060,16762,2838,3572,6410,1164,1439,2603,3021,4879,7900,352,865,1217
2021-02-24,38867,71944,110811,4705,9603,14308,10336,19088,29424,7949,16308,24257,6029,11811,17840,3223,4073,7296,1558,2050,3608,4550,7640,12190,517,1371,1888
2021-02-25,42914,79494,122408,4939,10136,15075,10860,20176,31036,8441,17199,25640,6401,12600,19001,3567,4566,8133,1896,2619,4515,6090,10318,16408,720,1880,2600
2021-02-26,46843,87409,134252,5188,10696,15884,11402,21292,32694,8820,18149,26969,6798,13452,20250,3922,5072,8994,2259,3159,5418,7542,13132,20674,912,2457,3369
2021-02-27,47372,88517,135889,5228,10770,15998,11501,21419,32920,8908,18271,27179,6858,13559,20417,3979,5173,9152,2325,3287,5612,7646,13443,21089,927,2595,3522
2021-02-28,47534,88871,136405,5243,10787,16030,11531,21478,33009,8925,18305,27230,6871,13575,20446,4018,5207,9225,2343,3325,5668,7671,13537,21208,932,2657,3589
2021-03-01,50617,94937,145554,5353,11017,16370,11791,21999,33790,9147,18702,27849,7035,13957,20992,4211,5456,9667,2700,3886,6586,9247,16729,25976,1133,3191,4324
2021-03-02,53651,100781,154432,5477,11313,16790,12020,22500,34520,9321,19125,28446,7191,14301,21492,4397,5766,10163,3068,4450,7518,10832,19629,30461,1345,3697,5042
2021-03-03,56525,106573,163098,5610,11571,17181,12270,23096,35366,9542,19619,29161,7350,14684,22034,4532,5998,10530,3371,4972,8343,12292,22399,34691,1558,4234,5792
2021-03-04,57812,109511,167323,5732,11891,17623,12500,23651,36151,9727,20038,29765,7488,15016,22504,4654,6231,10885,3496,5190,8686,12626,23105,35731,1589,4389,5978
2021-03-05,58918,112089,171007,5826,12133,17959,12745,24222,36967,9923,20583,30506,7653,15415,23068,4772,6446,11218,3569,5334,8903,12810,23487,36297,1620,4469,6089
2021-03-06,59566,114410,173976,5865,12370,18235,12917,24745,37662,10056,21092,31148,7754,15842,23596,4800,6501,11301,3634,5479,9113,12897,23791,36688,1643,4590,6233
2021-03-07,60214,116469,176683,5901,12561,18462,13062,25234,38296,10203,21548,31751,7876,16203,24079,4835,6545,11380,3702,5610,9312,12972,24038,37010,1663,4730,6393
2021-03-08,61657,119761,181418,5991,12806,18797,13240,25675,38915,10335,21930,32265,8008,16548,24556,4967,6809,11776,3880,5918,9798,13501,25047,38548,1735,5028,6763
2021-03-09,65392,126574,191966,6146,13112,19258,13572,26354,39926,10602,22454,33056,8256,17040,25296,5233,7154,12387,4295,6589,10884,15327,28173,43500,1961,5698,7659
2021-03-10,69425,135272,204697,6356,13627,19983,13956,27474,41430,10933,23558,34491,8605,18033,26638,5458,7486,12944,4699,7232,11931,17209,31493,48702,2209,6369,8578
2021-03-11,74592,147570,222162,6764,14538,21302,14693,29505,44198,11498,25735,37233,9128,19656,28784,5820,8017,13837,5142,7967,13109,19128,35142,54270,2419,7010,9429
2021-03-12,78375,157854,236229,7193,15582,22775,15519,32026,47545,12174,28256,40430,9705,21519,31224,6104,8472,14576,5370,8296,13666,19785,36422,56207,2525,7281,9806
2021-03-13,79868,162954,242822,7387,16363,23750,15936,33529,49465,12552,29658,42210,10003,22482,32485,6195,8601,14796,5401,8375,13776,19852,36595,56447,2542,7351,9893
2021-03-14,80912,166908,247820,7484,16876,24360,16241,34634,50875,12844,30880,43724,10245,23418,33663,6275,8734,15009,5426,8415,13841,19855,36600,56455,2542,7351,9893
2021-03-15,83876,175874,259750,7743,17899,25642,16882,36847,53729,13396,33044,46440,10749,25108,35857,6558,9256,15814,5638,8741,14379,20300,37501,57801,2610,7478,10088
2021-03-16,87802,185315,273117,8010,18743,26753,17493,38627,56120,13960,34761,48721,11208,26535,37743,6892,9854,16746,6017,9309,15326,21502,39697,61199,2720,7789,10509
2021-03-17,91966,194527,286493,8301,19423,27724,18112,40327,58439,14537,36378,50915,11657,27754,39411,7283,10556,17839,6439,9983,16422,22774,41987,64761,2863,8119,10982
2021-03-18,96313,204368,300681,8634,20319,28953,18847,42246,61093,15210,38139,53349,12237,29187,41424,7604,11147,18751,6876,10675,17551,23902,44153,68055,3003,8502,11505
2021-03-19,100453,214210,314663,8988,21309,30297,19620,44304,63924,15983,39995,55978,12861,30667,43528,7854,11522,19376,7180,11183,18363,24813,46198,71011,3154,9032,12186
2021-03-20,102633,219133,321766,9057,21530,30587,19827,44778,64605,16174,40458,56632,13058,31137,44195,8311,12597,20908,7564,11802,19366,25390,47490,72880,3252,9341,12593
2021-03-21,104305,222592,326897,9081,21592,30673,19898,44912,64810,16218,40539,56757,13153,31330,44483,8946,14015,22961,7983,12488,20471,25720,48198,73918,3306,9518,12824
2021-03-22,106365,227032,333397,9243,21880,31123,20204,45593,65797,16456,41111,57567,13379,31968,45347,9519,15449,24968,8452,13170,21622,25793,48318,74111,3319,9543,12862
2021-03-23,109380,233960,343340,9363,22149,31512,20462,46166,66628,16670,41639,58309,13583,32427,46010,9927,16321,26248,8905,13910,22815,26950,51030,77980,3520,10318,13838
2021-03-24,111232,238077,349309,9368,22166,31534,20474,46194,66668,16680,41665,58345,13620,32490,46110,10165,16886,27051,9248,14565,23813,28002,53293,81295,3675,10818,14493
2021-03-25,113326,242346,355672,9499,22461,31960,20731,46750,67481,16922,42096,59018,13782,32806,46588,10257,17038,27295,9551,15023,24574,28788,54946,83734,3796,11226,15022
2021-03-26,114414,244943,359357,9533,22554,32087,20834,46938,67772,16994,42264,59258,13866,32937,46803,10377,17418,27795,9733,15417,25150,29200,55871,85071,3877,11544,15421
2021-03-27,115151,246803,361954,9536,22560,32096,20839,46953,67792,16997,42276,59273,13871,32958,46829,10394,17458,27852,9882,15744,25626,29686,56954,86640,3946,11900,15846
2021-03-28,115862,248677,364539,9538,22564,32102,20842,46960,67802,16998,42286,59284,13879,32970,46849,10426,17498,27924,10025,16003,26028,30117,58091,88208,4037,12305,16342
2021-03-29,118156,254487,372643,9737,23087,32824,21261,48051,69312,17345,43180,60525,14158,33705,47863,10577,17782,28359,10261,16398,26659,30669,59492,90161,4148,12792,16940
2021-03-30,121295,261695,382990,9854,23379,33233,21506,48701,70207,17571,43713,61284,15210,36078,51288,11344,19018,30362,10628,17090,27718,30973,60535,91508,4209,13181,17390
2021-03-31,125448,270197,395645,10082,23908,33990,21999,49940,71939,18003,44793,62796,15446,36573,52019,11504,19234,30738,12671,20258,32929,31433,61833,93266,4310,13658,17968
2021-04-01,129966,277761,407727,10108,23933,34041,22023,50021,72044,18540,45827,64367,15826,37325,53151,11572,19432,31004,15731,24599,40330,31787,62698,94485,4379,13926,18305
2021-04-02,134378,284957,419335,10109,23935,34044,22025,50026,72051,19450,47560,67010,15833,37341,53174,11587,19458,31045,18898,29234,48132,32059,63307,95366,4417,14096,18513
2021-04-03,138128,291034,429162,10110,23943,34053,22028,50030,72058,19457,47569,67026,15843,37348,53191,11597,19469,31066,22474,34862,57336,32168,63601,95769,4451,14212,18663
2021-04-04,139208,292768,431976,10110,23943,34053,22028,50030,72058,19458,47571,67029,15847,37358,53205,11614,19489,31103,23522,36538,60060,32173,63618,95791,4456,14221,18677
2021-04-05,145248,302504,447752,10198,24066,34264,22102,50227,72329,19532,47769,67301,15927,37557,53484,11748,19682,31430,28953,45008,73961,32299,63881,96180,4489,14314,18803
2021-04-06,152057,313479,465536,10301,24214,34515,22226,50448,72674,19602,47915,67517,15986,37677,53663,11857,19863,31720,35037,54528,89565,32516,64367,96883,4532,14467,18999
2021-04-07,159637,325418,485055,10391,24334,34725,22350,50714,73064,19675,48087,67762,16066,37818,53884,12516,20677,33193,41184,64044,105228,32861,65098,97959,4594,14646,19240
2021-04-08,168120,337488,505608,10554,24499,35053,22559,50982,73541,19778,48242,68020,16150,37984,54134,14041,22906,36947,47406,72834,120240,33014,65317,98331,4618,14724,19342
2021-04-09,175456,348740,524196,10682,24745,35427,22781,51369,74150,19899,48500,68399,16239,38168,54407,15385,24759,40144,52661,80686,133347,33159,65649,98808,4650,14864,19514
2021-04-10,178545,353479,532024,10732,24851,35583,22842,51516,74358,19975,48623,68598,16291,38290,54581,16039,25760,41799,54798,83843,138641,33211,65703,98914,4657,14893,19550
2021-04-11,181451,358093,539544,10780,24959,35739,22938,51698,74636,20027,48785,68812,16356,38456,54812,16638,26669,43307,56811,86837,143648,33240,65765,99005,4661,14924,19585
2021-04-12,189534,370557,560091,10911,25202,36113,23120,52048,75168,20143,49010,69153,16466,38653,55119,18244,28967,47211,62637,95709,158346,33328,65964,99292,4685,15004,19689
2021-04-13,197174,382295,579469,11116,25389,36505,23348,52385,75733,20358,49242,69600,16662,39026,55688,20205,32376,52581,67332,102555,169887,33449,66224,99673,4704,15098,19802
2021-04-14,203758,392082,595840,11346,25465,36811,23531,52551,76082,20513,49428,69941,16727,39096,55823,21017,33398,54415,71163,108474,179637,34616,68174,102790,4845,15496,20341
2021-04-15,207044,397812,604856,11482,25511,36993,23632,52590,76222,20592,49451,70043,16770,39143,55913,22304,36212,58516,72701,110982,183683,34699,68372,103071,4864,15551,20415
2021-04-16,210835,403546,614381,11582,25544,37126,23679,52617,76296,20633,49475,70108,16786,39159,55945,22931,37049,59980,75279,114831,190110,35019,69128,104147,4926,15743,20669
2021-04-17,211108,403946,615054,11595,25555,37150,23704,52634,76338,20671,49510,70181,16824,39189,56013,22966,37086,60052,75384,115036,190420,35036,69171,104207,4928,15765,20693
2021-04-18,211252,404102,615354,11611,25561,37172,23726,52650,76376,20699,49540,70239,16865,39217,56082,22975,37103,60078,75399,115052,190451,35045,69200,104245,4932,15779,20711
2021-04-19,215274,410412,625686,11770,25591,37361,23789,52661,76450,20748,49554,70302,16882,39230,56112,23464,37778,61242,78185,119409,197594,35438,70172,105610,4998,16017,21015
2021-04-20,221431,420973,642404,11932,25653,37585,23871,52730,76601,20815,49637,70452,17332,40284,57616,26481,42701,69182,79785,121848,201633,36020,71510,107530,5195,16610,21805
2021-04-21,229829,433054,662883,12016,25699,37715,23920,52775,76695,20861,49681,70542,17417,40496,57913,34228,53630,87858,80112,122470,202582,36067,71637,107704,5208,16666,21874
2021-04-22,239879,446947,686826,12063,25744,37807,23959,52821,76780,20893,49732,70625,17457,40560,58017,43676,66577,110253,80480,123055,203535,36134,71760,107894,5217,16698,21915
2021-04-23,250072,460133,710205,12088,25791,37879,24006,52876,76882,20947,49808,70755,17523,40634,58157,53401,78915,132316,80698,123445,204143,36184,71902,108086,5225,16762,21987
2021-04-24,252978,463637,716615,12093,25800,37893,24011,52884,76895,20962,49824,70786,17541,40656,58197,56011,82094,138105,80912,123633,204545,36213,71964,108177,5235,16782,22017
2021-04-25,253059,463758,716817,12095,25802,37897,24015,52887,76902,20967,49836,70803,17550,40663,58213,56068,82170,138238,80914,123642,204556,36213,71972,108185,5237,16786,22023
2021-04-26,254561,466133,720694,12110,25808,37918,24026,52899,76925,20976,49846,70822,17555,40678,58233,57381,84179,141560,81042,123863,204905,36228,72048,108276,5243,16812,22055
2021-04-27,255947,468987,724934,12186,25879,38065,24074,52991,77065,21019,49913,70932,17589,40736,58325,58283,85845,144128,81274,124583,205857,36273,72190,108463,5249,16850,22099
2021-04-28,262997,484998,747995,12908,27713,40621,25623,57295,82918,22303,53759,76062,18604,43688,62292,60522,88470,148992,81475,124902,206377,36307,72286,108593,5255,16885,22140
2021-04-29,269509,498133,767642,13363,29031,42394,26698,60491,87189,23337,56754,80091,19465,46049,65514,63240,91133,154373,81766,125275,207041,36365,72450,108815,5275,16950,22225
2021-04-30,270825,500109,770934,13433,29156,42589,26793,60668,87461,23382,56847,80229,19496,46122,65618,64069,92240,156309,81965,125554,207519,36401,72531,108932,5286,16991,22277
2021-05-01,271351,501154,772505,13443,29183,42626,26847,60764,87611,23404,56899,80303,19518,46159,65677,64379,92829,157208,82055,125710,207765,36417,72590,109007,5288,17020,22308
2021-05-02,275643,510974,786617,13751,30121,43872,27657,62932,90589,24216,58972,83188,20155,47781,67936,64871,93874,158745,83245,127545,210790,36454,72688,109142,5294,17061,22355
2021-05-03,283823,522480,806303,13807,30226,44033,27760,63098,90858,24268,59062,83330,20977,48941,69918,69751,100353,170104,85414,130808,216222,36536,72871,109407,5310,17121,22431
2021-05-04,295351,536736,832087,13897,30348,44245,27856,63274,91130,24310,59158,83468,22949,51407,74356,78757,111318,190075,85682,131122,216804,36578,72949,109527,5322,17160,22482
2021-05-05,305976,552024,858000,14018,30536,44554,28066,63462,91528,24540,59292,83832,23524,52075,75599,81864,115937,197801,91762,139837,231599,36843,73574,110417,5359,17311,22670
2021-05-06,309584,557346,866930,14126,30635,44761,28221,63576,91797,24740,59347,84087,23947,52495,76442,83512,118648,202160,92747,141616,234363,36912,73687,110599,5379,17342,22721
2021-05-07,317530,570420,887950,14263,30923,45186,28446,64092,92538,24936,59729,84665,24205,53001,77206,84894,121457,206351,98358,149872,248230,37025,73916,110941,5403,17430,22833
2021-05-08,319919,585685,905604,14445,32533,46978,28915,67584,96499,25439,64324,89763,24771,56630,81401,85471,123243,208714,98426,149963,248389,37039,73956,110995,5413,17452,22865
2021-05-09,320053,585905,905958,14445,32533,46978,28915,67584,96499,25440,64324,89764,24790,56641,81431,85540,123314,208854,98441,149986,248427,37061,74023,111084,5421,17500,22921
2021-05-10,320879,588414,909293,14472,32575,47047,28946,67637,96583,25467,64367,89834,24938,56893,81831,85856,124730,210586,98639,150446,249085,37124,74193,111317,5437,17573,23010
2021-05-11,324160,592325,916485,14492,32610,47102,28976,67694,96670,25499,64421,89920,25567,57631,83198,88243,127412,215655,98771,150631,249402,37161,74296,111457,5451,17630,23081
2021-05-12,327718,596725,924443,14526,32642,47168,29019,67756,96775,25540,64482,90022,26249,58423,84672,90727,130199,220926,98941,151002,249943,37249,74500,111749,5467,17721,23188
2021-05-13,330597,602077,932674,14579,32742,47321,29112,67985,97097,25618,64637,90255,26427,58732,85159,91609,131902,223511,100432,153509,253941,37335,74749,112084,5485,17821,23306
2021-05-14,331925,605116,937041,14632,32837,47469,29204,68172,97376,25692,64773,90465,26595,58965,85560,92195,133368,225563,100715,154160,254875,37389,74931,112320,5503,17910,23413
2021-05-15,338318,610272,948590,14650,32875,47525,29242,68238,97480,25721,64821,90542,27786,60166,87952,97176,136823,233999,100811,154334,255145,37420,75051,112471,5512,17964,23476
2021-05-16,339192,612576,951768,14707,33069,47776,29450,68939,98389,25974,65531,91505,27962,60566,88528,97307,136975,234282,100836,154376,255212,37434,75124,112558,5522,17996,23518
2021-05-17,343441,616873,960314,14757,33157,47914,29620,69355,98975,26079,65817,91896,28797,61342,90139,100114,139162,239276,101062,154751,255813,37475,75236,112711,5537,18053,23590
2021-05-18,348012,620764,968776,14786,33210,47996,29684,69431,99115,26138,65899,92037,29668,62183,91851,103526,141664,245190,101160,154945,256105,37504,75333,112837,5546,18099,23645
2021-05-19,351419,624067,975486,14827,33309,48136,29793,69644,99437,26180,66014,92194,30296,62817,93113,105938,143462,249400,101291,155258,256549,37539,75423,112962,5555,18140,23695
2021-05-20,361945,635963,997908,14896,33455,48351,29943,69880,99823,26267,66193,92460,33211,66115,99326,112503,149939,262442,101860,156277,258137,37685,75856,113541,5580,18248,23828
2021-05-21,364082,640336,1004418,15001,33714,48715,30129,70429,100558,26373,66588,92961,33307,66459,99766,112948,150767,263715,102976,158066,261042,37760,76011,113771,5588,18302,23890
2021-05-22,365587,642442,1008029,15048,33780,48828,30169,70489,100658,26395,66651,93046,33512,66719,100231,113910,151992,265902,103169,158408,261577,37791,76081,113872,5593,18322,23915
2021-05-23,367945,644777,1012722,15072,33826,48898,30195,70556,100751,26419,66692,93111,34514,67794,102308,115086,152868,267954,103249,158557,261806,37810,76146,113956,5600,18338,23938
2021-05-24,368633,646331,1014964,15109,33906,49015,30261,70689,100950,26456,66791,93247,34737,68032,102769,115355,153742,269097,103300,158656,261956,37815,76169,113984,5600,18346,23946
2021-05-25,373228,654803,1028031,15119,33926,49045,30267,70705,100972,26458,66807,93265,34913,68203,103116,115630,154481,270111,103779,159490,263269,41057,81870,122927,6005,19321,25326
2021-05-26,375487,658186,1033673,15151,33974,49125,30309,70786,101095,26493,66876,93369,35979,69159,105138,115829,154814,270643,103945,159802,263747,41673,83179,124852,6108,19596,25704
2021-05-27,384778,673118,1057896,15210,34088,49298,30403,70948,101351,26584,67036,93620,38651,71596,110247,116107,155021,271128,104627,160990,265617,46493,92242,138735,6703,21197,27900
2021-05-28,395212,687844,1083056,15315,34243,49558,30569,71185,101754,26873,67306,94179,44417,78342,122759,116335,155259,271594,105144,161804,266948,49486,97528,147014,7073,22177,29250
2021-05-29,404094,696114,1100208,15318,34250,49568,30579,71196,101775,27497,67775,95272,52111,85222,137333,116521,155487,272008,105218,161933,267151,49744,97999,147743,7106,22252,29358
2021-05-30,412359,703612,1115971,15319,34257,49576,30585,71202,101787,29259,69305,98564,58465,91023,149488,116604,155565,272169,105241,161960,267201,49774,98040,147814,7112,22260,29372
2021-05-31,423816,718837,1142653,15414,34431,49845,30749,71481,102230,35576,75340,110916,61852,96511,158363,117214,156435,273649,105427,162319,267746,50378,99692,150070,7206,22628,29834
2021-06-01,434872,731381,1166253,15596,34686,50282,31343,71890,103233,42611,82687,125298,64022,99020,163042,117330,156607,273937,105588,162595,268183,51110,100986,152096,7272,22910,30182
2021-06-02,443841,744067,1187908,16203,35332,51535,33042,74479,107521,46603,87954,134557,66042,101606,167648,117486,156813,274299,105708,162796,268504,51423,101875,153298,7334,23212,30546
2021-06-03,456410,763394,1219804,19203,40361,59564,38253,82415,120668,49853,92342,142195,66610,102446,169056,117635,157010,274645,105798,162988,268786,51676,102446,154122,7382,23386,30768
2021-06-04,469561,779566,1249127,22158,43927,66085,43008,87139,130147,52785,96537,149322,67614,103834,171448,118677,158158,276835,106095,163511,269606,51806,102932,154738,7418,23528,30946
2021-06-05,480388,789713,1270101,24813,46290,71103,47767,91040,138807,54613,98241,152854,68279,104513,172792,119315,158875,278190,106239,163793,270032,51911,103293,155204,7451,23668,31119
2021-06-06,488759,799422,1288181,27850,50297,78147,51552,95101,146653,55523,98959,154482,68698,104885,173583,119388,158953,278341,106295,163922,270217,51979,103497,155476,7474,23808,31282
2021-06-07,502318,813511,1315829,30920,53625,84545,54835,97834,152669,58794,102080,160874,72015,108748,180763,119761,159349,279110,106420,164153,270573,52066,103768,155834,7507,23954,31461
2021-06-08,514898,830436,1345334,31918,55103,87021,56191,99867,156058,60264,104124,164388,80058,118637,198695,119904,159544,279448,106612,164477,271089,52389,104472,156861,7562,24212,31774
2021-06-09,527415,843491,1370906,32256,55433,87689,56834,100529,157363,60956,104670,165626,90710,129679,220389,119997,159674,279671,106665,164565,271230,52421,104617,157038,7576,24324,31900
2021-06-10,541621,858358,1399979,33007,56282,89289,57882,101733,159615,62868,106665,169533,100771,139715,240486,120285,160042,280327,106751,164718,271469,52461,104785,157246,7596,24418,32014
2021-06-11,551294,874023,1425317,33204,56514,89718,58348,102040,160388,63613,107318,170931,102142,141195,243337,120420,160278,280698,107671,166159,273830,57766,114530,172296,8130,25989,34119
2021-06-12,557590,881823,1439413,33640,57106,90746,58958,102832,161790,64956,108855,173811,105210,144201,249411,120468,160358,280826,107813,166452,274265,58335,115712,174047,8210,26307,34517
2021-06-13,561686,886193,1447879,33842,57359,91201,59241,103160,162401,65858,109813,175671,107838,146912,254750,120504,160396,280900,107825,166470,274295,58362,115767,174129,8216,26316,34532
2021-06-14,567677,892722,1460399,34582,58211,92793,60267,104215,164482,67194,111150,178344,110486,149703,260189,120548,160461,281009,107856,166553,274409,58512,116035,174547,8232,26394,34626
2021-06-15,581545,906257,1487802,34701,58385,93086,60472,104499,164971,67623,111602,179225,122950,161210,284160,120759,160682,281441,107997,166859,274856,58772,116511,175283,8271,26509,34780
2021-06-16,589057,916452,1505509,35100,59012,94112,61293,105549,166842,69394,113701,183095,124978,163438,288416,120916,160895,281811,109885,169608,279493,59148,117428,176576,8343,26821,35164
2021-06-17,600543,930592,1531135,35291,59293,94584,61726,105983,167709,72359,116906,189265,129143,167691,296834,121439,161562,283001,112628,173649,286277,59536,118370,177906,8421,27138,35559
2021-06-18,614861,945661,1560522,35944,60102,96046,62778,107085,169863,80726,124881,205607,132324,170949,303273,121834,162100,283934,113112,174440,287552,59693,118797,178490,8450,27307,35757
2021-06-19,625416,957139,1582555,36153,60396,96549,62920,107330,170250,88977,133267,222244,133782,172370,306152,122081,162378,284459,113214,174653,287867,59808,119210,179018,8481,27535,36016
2021-06-20,625416,957139,1582555,36153,60396,96549,62920,107330,170250,88977,133267,222244,133782,172370,306152,122081,162378,284459,113214,174653,287867,59808,119210,179018,8481,27535,36016
2021-06-21,631398,963215,1594613,36176,60418,96594,62957,107382,170339,94004,138244,232248,134433,172988,307421,122234,162565,284799,113279,174747,288026,59828,119299,179127,8487,27572,36059
2021-06-22,636438,968369,1604807,36324,60672,96996,63166,107663,170829,96333,140451,236784,136142,174480,310622,122675,163042,285717,113426,174960,288386,59868,119452,179320,8504,27649,36153
2021-06-23,645987,977932,1623919,36462,60911,97373,63346,108023,171369,104194,147971,252165,137240,175402,312642,122813,163262,286075,113493,175076,288569,59921,119581,179502,8518,27706,36224
2021-06-24,661350,997285,1658635,36664,61313,97977,63982,112172,176154,117253,160935,278188,138314,176573,314887,123045,163572,286617,113616,175289,288905,59953,119686,179639,8523,27745,36268
2021-06-25,674168,1015987,1690155,37064,62489,99553,64690,115200,179890,122062,165850,287912,139273,177675,316948,127594,169754,297348,114779,176931,291710,60147,120199,180346,8559,27889,36448
2021-06-26,683434,1027919,1711353,37103,62531,99634,64725,115250,179975,122897,166675,289572,139832,178365,318197,134424,178438,312862,115560,178133,293693,60306,120537,180843,8587,27990,36577
2021-06-27,691523,1036830,1728353,37166,62638,99804,64799,115389,180188,126394,170236,296630,142593,181143,323736,135466,179660,315126,116108,178954,295062,60393,120775,181168,8604,28035,36639
2021-06-28,708675,1056387,1765062,37860,64301,102161,65393,117798,183191,140147,183064,323211,143838,182400,326238,136138,180628,316766,116254,179210,295464,60431,120884,181315,8614,28102,36716
2021-06-29,726819,1074872,1801691,38057,64650,102707,65845,118606,184451,155858,197906,353764,144584,183176,327760,136816,181606,318422,116492,179628,296120,60539,121118,181657,8628,28182,36810
2021-06-30,746180,1093949,1840129,38203,64847,103050,70953,123469,194422,168026,209480,377506,145244,183817,329061,137947,183067,321014,116595,179811,296406,60574,121212,181786,8638,28246,36884
2021-07-01,758798,1107165,1865963,38308,65058,103366,75731,128192,203923,173518,214654,388172,146184,184860,331044,138736,184128,322864,116946,180376,297322,60711,121534,182245,8664,28363,37027
2021-07-02,768560,1125292,1893852,38886,66241,105127,78059,131931,209990,175028,216365,391393,146531,185368,331899,139553,185495,325048,117582,181569,299151,63787,128360,192147,9134,29963,39097
2021-07-03,779359,1137458,1916817,38902,66275,105177,84059,137216,221275,177559,219067,396626,147027,185934,332961,139930,185984,325914,117914,182192,300106,64706,130328,195034,9262,30462,39724
2021-07-04,789688,1147640,1937328,39416,67114,106530,93231,145642,238873,177959,219530,397489,147153,186051,333204,139981,186054,326035,117951,182245,300196,64728,130467,195195,9269,30537,39806
2021-07-05,794637,1152975,1947612,39676,67508,107184,96736,148623,245359,178202,219809,398011,147288,186181,333469,140281,186491,326772,118177,182638,300815,64970,131006,195976,9307,30719,40026
2021-07-06,807515,1164996,1972511,40098,68165,108263,108247,158379,266626,178468,220132,398600,147474,186418,333892,140459,186697,327156,118279,182850,301129,65148,131481,196629,9342,30874,40216
2021-07-07,813064,1171132,1984196,40245,68308,108553,112148,161904,274052,179114,221022,400136,147721,186792,334513,140593,186899,327492,118427,183157,301584,65428,132023,197451,9388,31027,40415
2021-07-08,831753,1187284,2019037,40608,68835,109443,127101,174135,301236,181383,223062,404445,148428,187516,335944,140870,187250,328120,118496,183280,301776,65467,132143,197610,9400,31063,40463
2021-07-09,844430,1200153,2044583,41279,69553,110832,135689,182278,317967,183555,225239,408794,149252,188326,337578,141131,187661,328792,118632,183798,302430,65488,132216,197704,9404,31082,40486
2021-07-10,855134,1211533,2066667,42726,71298,114024,143607,190060,333667,183917,225656,409573,149424,188556,337980,141593,188206,329799,118887,184219,303106,65565,132407,197972,9415,31131,40546
2021-07-11,857246,1215119,2072365,42980,71655,114635,144667,191335,336002,184068,226023,410091,149494,188744,338238,141617,188242,329859,118991,184423,303414,65962,133353,199315,9467,31344,40811
2021-07-12,875072,1231007,2106079,46000,74577,120577,158548,203028,361576,184505,226544,411049,149719,189012,338731,141723,188407,330130,119051,184550,303601,66042,133498,199540,9484,31391,40875
2021-07-13,885297,1239678,2124975,47769,76186,123955,165852,208971,374823,185242,227163,412405,149989,189281,339270,141815,188507,330322,119087,184609,303696,66054,133541,199595,9489,31420,40909
2021-07-14,888697,1242908,2131605,48393,76889,125282,168098,210847,378945,185539,227517,413056,150142,189440,339582,141863,188566,330429,119101,184652,303753,66066,133563,199629,9495,31434,40929
2021-07-15,902336,1261886,2164222,48801,77564,126365,169353,213173,382526,192352,234508,426860,151332,191755,343087,142557,189686,332243,121585,188285,309870,66752,135085,201837,9604,31830,41434
2021-07-16,915503,1280317,2195820,49130,77970,127100,170343,216097,386440,199439,242348,441787,151810,192400,344210,142691,189870,332561,125469,194006,319475,66972,135648,202620,9649,31978,41627
2021-07-17,927389,1293388,2220777,50467,79621,130088,175329,221355,396684,203648,246766,450414,152577,193226,345803,142931,190124,333055,125743,194486,320229,67032,135802,202834,9662,32008,41670
2021-07-18,938461,1305217,2243678,53450,83380,136830,178183,223961,402144,207218,250343,457561,153989,194657,348646,143098,190347,333445,125807,194623,320430,67051,135879,202930,9665,32027,41692
2021-07-19,954538,1322274,2276812,56047,86569,142616,179591,226461,406052,217919,260216,478135,155054,195722,350776,143283,190561,333844,125916,194788,320704,67060,135918,202978,9668,32039,41707
