FECHA,TotalA,TotalB,Total,<=30A,<=30B,<=30,31-40A,31-40B,31-40,41-50A,41-50B,41-50,51-60A,51-60B,51-60,61-70A,61-70B,61-70,71-80A,71-80B,71-80,81-90A,81-90B,81-90,>=91A,>=91B,>=91
2020-12-29,687,0,687,108,0,108,225,0,225,216,0,216,135,0,135,3,0,3,0,0,0,0,0,0,0,0,0
2020-12-30,1482,0,1482,253,0,253,478,0,478,459,0,459,286,0,286,6,0,6,0,0,0,0,0,0,0,0,0
2020-12-31,1567,0,1567,263,0,263,507,0,507,488,0,488,302,0,302,7,0,7,0,0,0,0,0,0,0,0,0
2021-01-01,1567,0,1567,263,0,263,507,0,507,488,0,488,302,0,302,7,0,7,0,0,0,0,0,0,0,0,0
2021-01-02,1958,0,1958,306,0,306,663,0,663,602,0,602,378,0,378,9,0,9,0,0,0,0,0,0,0,0,0
2021-01-03,2110,0,2110,328,0,328,728,0,728,643,0,643,402,0,402,9,0,9,0,0,0,0,0,0,0,0,0
2021-01-04,2969,0,2969,478,0,478,1022,0,1022,894,0,894,565,0,565,10,0,10,0,0,0,0,0,0,0,0,0
2021-01-05,4182,0,4182,675,0,675,1464,0,1464,1239,0,1239,789,0,789,14,0,14,1,0,1,0,0,0,0,0,0
2021-01-06,5491,0,5491,914,0,914,1902,0,1902,1613,0,1613,1045,0,1045,16,0,16,1,0,1,0,0,0,0,0,0
2021-01-07,6928,0,6928,1156,0,1156,2397,0,2397,2029,0,2029,1329,0,1329,16,0,16,1,0,1,0,0,0,0,0,0
2021-01-08,8771,0,8771,1507,0,1507,3024,0,3024,2558,0,2558,1657,0,1657,24,0,24,1,0,1,0,0,0,0,0,0
2021-01-09,9211,0,9211,1561,0,1561,3197,0,3197,2696,0,2696,1732,0,1732,24,0,24,1,0,1,0,0,0,0,0,0
2021-01-10,9779,0,9779,1642,0,1642,3438,0,3438,2851,0,2851,1821,0,1821,26,0,26,1,0,1,0,0,0,0,0,0
2021-01-11,11628,0,11628,2011,0,2011,4105,0,4105,3348,0,3348,2132,0,2132,31,0,31,1,0,1,0,0,0,0,0,0
2021-01-12,13308,0,13308,2296,0,2296,4729,0,4729,3788,0,3788,2461,0,2461,33,0,33,1,0,1,0,0,0,0,0,0
2021-01-13,14664,0,14664,2555,0,2555,5216,0,5216,4150,0,4150,2708,0,2708,34,0,34,1,0,1,0,0,0,0,0,0
2021-01-14,16880,0,16880,3004,0,3004,5995,0,5995,4762,0,4762,3083,0,3083,35,0,35,1,0,1,0,0,0,0,0,0
2021-01-15,20293,0,20293,3670,0,3670,7231,0,7231,5681,0,5681,3672,0,3672,38,0,38,1,0,1,0,0,0,0,0,0
2021-01-16,21622,0,21622,3919,0,3919,7734,0,7734,6043,0,6043,3887,0,3887,38,0,38,1,0,1,0,0,0,0,0,0
2021-01-17,22452,0,22452,4078,0,4078,8062,0,8062,6268,0,6268,4005,0,4005,38,0,38,1,0,1,0,0,0,0,0,0
2021-01-18,22955,0,22955,4160,0,4160,8226,0,8226,6427,0,6427,4103,0,4103,38,0,38,1,0,1,0,0,0,0,0,0
2021-01-19,23341,369,23710,4222,41,4263,8360,118,8478,6537,129,6666,4183,78,4261,38,3,41,1,0,1,0,0,0,0,0,0
2021-01-20,23567,940,24507,4260,130,4390,8431,307,8738,6608,303,6911,4227,196,4423,40,4,44,1,0,1,0,0,0,0,0,0
2021-01-21,23683,1139,24822,4280,163,4443,8458,376,8834,6644,363,7007,4254,232,4486,45,5,50,2,0,2,0,0,0,0,0,0
2021-01-22,23699,1209,24908,4284,175,4459,8461,402,8863,6649,387,7036,4256,239,4495,46,6,52,3,0,3,0,0,0,0,0,0
2021-01-23,23736,1492,25228,4288,202,4490,8476,513,8989,6662,473,7135,4261,297,4558,46,7,53,3,0,3,0,0,0,0,0,0
2021-01-24,23750,1610,25360,4291,213,4504,8480,566,9046,6664,508,7172,4266,316,4582,46,7,53,3,0,3,0,0,0,0,0,0
2021-01-25,23824,2276,26100,4307,319,4626,8497,780,9277,6688,707,7395,4282,460,4742,47,10,57,3,0,3,0,0,0,0,0,0
2021-01-26,23939,3190,27129,4317,455,4772,8536,1073,9609,6724,997,7721,4309,649,4958,50,16,66,3,0,3,0,0,0,0,0,0
2021-01-27,24040,4200,28240,4335,628,4963,8567,1409,9976,6751,1281,8032,4329,865,5194,55,17,72,3,0,3,0,0,0,0,0,0
2021-01-28,24146,5364,29510,4346,837,5183,8609,1793,10402,6780,1607,8387,4351,1110,5461,57,17,74,3,0,3,0,0,0,0,0,0
2021-01-29,24201,7003,31204,4348,1125,5473,8628,2390,11018,6797,2079,8876,4368,1384,5752,57,25,82,3,0,3,0,0,0,0,0,0
2021-01-30,24206,7410,31616,4348,1182,5530,8630,2551,11181,6800,2199,8999,4368,1453,5821,57,25,82,3,0,3,0,0,0,0,0,0
2021-01-31,24207,7752,31959,4348,1238,5586,8630,2686,11316,6800,2291,9091,4369,1511,5880,57,26,83,3,0,3,0,0,0,0,0,0
2021-02-01,24208,9241,33449,4348,1504,5852,8630,3242,11872,6800,2696,9496,4370,1768,6138,57,31,88,3,0,3,0,0,0,0,0,0
2021-02-02,25935,10701,36636,4445,1764,6209,8883,3744,12627,7060,3080,10140,4745,2081,6826,725,32,757,69,0,69,7,0,7,1,0,1
2021-02-03,28289,11926,40215,4675,1999,6674,9404,4164,13568,7543,3396,10939,5214,2333,7547,1308,34,1342,132,0,132,12,0,12,1,0,1
2021-02-04,30055,13726,43781,4820,2337,7157,9781,4810,14591,7897,3900,11797,5605,2645,8250,1725,34,1759,206,0,206,19,0,19,2,0,2
2021-02-05,32868,16534,49402,5142,2873,8015,10527,5854,16381,8482,4629,13111,6202,3140,9342,2188,38,2226,299,0,299,26,0,26,2,0,2
2021-02-06,33168,17483,50651,5167,3047,8214,10606,6188,16794,8557,4900,13457,6273,3310,9583,2236,38,2274,301,0,301,26,0,26,2,0,2
2021-02-07,33542,18114,51656,5215,3143,8358,10730,6414,17144,8659,5100,13759,6333,3419,9752,2273,38,2311,304,0,304,26,0,26,2,0,2
2021-02-08,34718,19399,54117,5356,3410,8766,11048,6875,17923,8943,5455,14398,6552,3621,10173,2465,38,2503,325,0,325,27,0,27,2,0,2
2021-02-09,36698,20339,57037,5668,3581,9249,11599,7195,18794,9362,5726,15088,6958,3799,10757,2731,38,2769,346,0,346,32,0,32,2,0,2
2021-02-10,37717,20887,58604,5817,3680,9497,11864,7388,19252,9615,5881,15496,7170,3900,11070,2852,38,2890,362,0,362,35,0,35,2,0,2
2021-02-11,38831,21292,60123,5988,3761,9749,12202,7541,19743,9873,5989,15862,7382,3958,11340,2966,43,3009,382,0,382,36,0,36,2,0,2
2021-02-12,39736,21849,61585,6118,3861,9979,12502,7741,20243,10094,6160,16254,7525,4043,11568,3053,44,3097,403,0,403,39,0,39,2,0,2
2021-02-13,39767,21890,61657,6122,3867,9989,12511,7760,20271,10102,6167,16269,7533,4052,11585,3054,44,3098,404,0,404,39,0,39,2,0,2
2021-02-14,39768,21920,61688,6122,3876,9998,12511,7770,20281,10103,6176,16279,7533,4054,11587,3054,44,3098,404,0,404,39,0,39,2,0,2
2021-02-15,39768,21920,61688,6122,3876,9998,12511,7770,20281,10103,6176,16279,7533,4054,11587,3054,44,3098,404,0,404,39,0,39,2,0,2
2021-02-16,39774,21961,61735,6122,3878,10000,12516,7791,20307,10104,6190,16294,7533,4057,11590,3054,44,3098,404,1,405,39,0,39,2,0,2
2021-02-17,41771,22269,64040,6423,3932,10355,13096,7909,21005,10612,6284,16896,7924,4098,12022,3255,45,3300,420,1,421,39,0,39,2,0,2
2021-02-18,47216,22562,69778,7130,3985,11115,14561,8017,22578,11921,6379,18300,9035,4134,13169,3910,46,3956,593,1,594,64,0,64,2,0,2
2021-02-19,52508,22763,75271,7821,4024,11845,16054,8088,24142,13281,6433,19714,10044,4170,14214,4455,47,4502,762,1,763,86,0,86,5,0,5
2021-02-20,53734,22778,76512,7945,4028,11973,16456,8096,24552,13583,6436,20019,10282,4170,14452,4590,47,4637,786,1,787,87,0,87,5,0,5
2021-02-21,54566,22779,77345,8045,4028,12073,16735,8097,24832,13794,6436,20230,10447,4170,14617,4653,47,4700,798,1,799,89,0,89,5,0,5
2021-02-22,64092,22918,87010,8662,4052,12714,17901,8148,26049,14721,6477,21198,11224,4193,15417,5279,47,5326,1725,1,1726,3982,0,3982,598,0,598
2021-02-23,73813,24559,98372,9328,4165,13493,19197,8394,27591,15868,6759,22627,12060,4520,16580,5767,649,6416,2515,66,2581,7868,5,7873,1210,1,1211
2021-02-24,83652,26377,110029,9903,4310,14213,20405,8791,29196,16911,7129,24040,12778,4882,17660,6176,1129,7305,3470,125,3595,12132,10,12142,1877,1,1878
2021-02-25,93405,28210,121615,10491,4489,14980,21637,9172,30809,17906,7524,25430,13552,5267,18819,6593,1549,8142,4313,190,4503,16326,17,16343,2587,2,2589
2021-02-26,102668,30731,133399,11037,4755,15792,22700,9773,32473,18727,8037,26764,14237,5834,20071,6978,2022,9000,5110,284,5394,20541,24,20565,3338,2,3340
2021-02-27,104175,30847,135022,11136,4770,15906,22893,9806,32699,18911,8063,26974,14377,5861,20238,7121,2037,9158,5302,284,5586,20951,24,20975,3484,2,3486
2021-02-28,104539,30990,135529,11151,4787,15938,22921,9867,32788,18929,8096,27025,14390,5878,20268,7174,2051,9225,5354,285,5639,21069,24,21093,3551,2,3553
2021-03-01,112578,32109,144687,11365,4916,16281,23402,10174,33576,19291,8356,27647,14722,6094,20816,7431,2237,9668,6251,306,6557,25833,24,25857,4283,2,4285
2021-03-02,120265,33340,153605,11625,5081,16706,23846,10464,34310,19629,8621,28250,14955,6363,21318,7714,2454,10168,7173,326,7499,30320,29,30349,5003,2,5005
2021-03-03,127320,34970,162290,11796,5301,17097,24207,10948,35155,19943,9023,28966,15170,6695,21865,7913,2628,10541,7980,340,8320,34555,33,34588,5756,2,5758
2021-03-04,130279,36158,166437,12042,5498,17540,24636,11307,35943,20304,9271,29575,15419,6916,22335,8125,2763,10888,8274,368,8642,35555,33,35588,5924,2,5926
2021-03-05,132827,37321,170148,12223,5657,17880,25115,11653,36768,20754,9564,30318,15773,7128,22901,8333,2892,11225,8469,390,8859,36124,35,36159,6036,2,6038
2021-03-06,135689,37440,173129,12487,5672,18159,25775,11693,37468,21368,9595,30963,16277,7154,23431,8411,2898,11309,8679,391,9070,36513,35,36548,6179,2,6181
2021-03-07,138390,37451,175841,12712,5673,18385,26403,11700,38103,21969,9597,31566,16760,7154,23914,8489,2899,11388,8879,391,9270,36838,35,36873,6340,2,6342
2021-03-08,142812,37805,180617,13010,5720,18730,26933,11800,38733,22404,9684,32088,17174,7226,24400,8850,2940,11790,9360,396,9756,38370,37,38407,6711,2,6713
2021-03-09,153235,37993,191228,13443,5751,19194,27871,11881,39752,23169,9723,32892,17905,7250,25155,9464,2952,12416,10448,397,10845,43330,37,43367,7605,2,7607
2021-03-10,165446,38544,203990,14101,5823,19924,29237,12027,41264,24488,9851,34339,19109,7388,26497,9961,3013,12974,11491,403,11894,48535,37,48572,8524,2,8526
2021-03-11,179337,42164,221501,15007,6242,21249,31120,12922,44042,26433,10657,37090,20501,8146,28647,10302,3576,13878,12518,558,13076,54082,61,54143,9374,2,9376
2021-03-12,188839,46777,235616,15879,6851,22730,33254,14150,47404,28480,11820,40300,22028,9057,31085,10524,4101,14625,12920,716,13636,56004,79,56083,9750,3,9753
2021-03-13,194613,47599,242212,16781,6928,23709,34938,14387,49325,30047,12033,42080,23113,9233,32346,10639,4205,14844,13016,729,13745,56244,81,56325,9835,3,9838
2021-03-14,198883,48328,247211,17320,6999,24319,36105,14629,50734,31362,12234,43596,24145,9379,33524,10793,4264,15057,13072,738,13810,56251,82,56333,9835,3,9838
2021-03-15,206504,52655,259159,18014,7593,25607,37735,15861,53596,33026,13289,46315,25527,10192,35719,11149,4714,15863,13455,893,14348,57570,108,57678,10028,5,10033
2021-03-16,216155,56384,272539,18609,8109,26718,39041,16949,55990,34413,14186,48599,26711,10895,37606,11665,5131,16796,14308,988,15296,60960,119,61079,10448,7,10455
2021-03-17,225450,60514,285964,19032,8659,27691,40178,18139,58317,35558,15239,50797,27663,11615,39278,12342,5552,17894,15240,1155,16395,64515,146,64661,10922,9,10931
2021-03-18,236372,63837,300209,19827,9106,28933,41923,19070,60993,37186,16069,53255,29041,12259,41300,12884,5925,18809,16295,1233,17528,67774,165,67939,11442,10,11452
2021-03-19,247045,67244,314289,20702,9587,30289,43803,20040,63843,38996,16908,55904,30471,12960,43431,13183,6265,19448,17042,1299,18341,70724,175,70899,12124,10,12134
2021-03-20,253604,67811,321415,20932,9648,30580,44325,20200,64525,39495,17065,56560,31015,13084,44099,14665,6317,20982,18038,1311,19349,72603,176,72779,12531,10,12541
2021-03-21,258265,68289,326554,20952,9715,30667,44376,20354,64730,39525,17159,56684,31230,13159,44389,16663,6376,23039,19120,1334,20454,73637,182,73819,12762,10,12772
2021-03-22,262074,71055,333129,21052,10080,31132,44528,21206,65734,39717,17788,57505,31590,13676,45266,18392,6669,25061,20173,1434,21607,73822,192,74014,12800,10,12810
2021-03-23,269630,73480,343110,21136,10389,31525,44670,21904,66574,39883,18375,58258,31850,14083,45933,19401,6938,26339,21245,1560,22805,77666,221,77887,13779,10,13789
2021-03-24,275324,73775,349099,21144,10404,31548,44683,21931,66614,39893,18402,58295,31934,14099,46033,20056,7087,27143,22192,1613,23805,80984,229,81213,14438,10,14448
2021-03-25,280253,75249,355502,21328,10650,31978,45039,22395,67434,40237,18745,58982,32199,14315,46514,20192,7200,27392,22892,1679,24571,83404,251,83655,14962,14,14976
2021-03-26,282577,76667,359244,21338,10774,32112,45073,22668,67741,40263,18969,59232,32232,14509,46741,20299,7599,27898,23278,1869,25147,84731,265,84996,15363,14,15377
2021-03-27,285121,76721,361842,21343,10777,32120,45079,22682,67761,40266,18982,59248,32246,14522,46768,20350,7605,27955,23752,1874,25626,86297,265,86562,15788,14,15802
2021-03-28,287688,76746,364434,21349,10777,32126,45086,22685,67771,40273,18987,59260,32262,14526,46788,20411,7613,28024,24148,1878,26026,87872,266,88138,16287,14,16301
2021-03-29,294815,77764,372579,21934,10918,32852,46316,22972,69288,41322,19187,60509,33086,14722,47808,20681,7781,28462,24762,1900,26662,89826,270,90096,16888,14,16902
2021-03-30,303965,79003,382968,22197,11073,33270,46919,23272,70191,41841,19433,61274,36289,14950,51239,22472,8002,30474,25746,1980,27726,91164,279,91443,17337,14,17351
2021-03-31,315695,79950,395645,22806,11224,34030,48368,23559,71927,43209,19578,62787,36864,15110,51974,22699,8155,30854,30915,2028,32943,92919,282,93201,17915,14,17929
2021-04-01,327652,80104,407756,22845,11238,34083,48435,23601,72036,44756,19608,64364,37980,15135,53115,22933,8190,31123,38325,2036,40361,94131,282,94413,18247,14,18261
2021-04-02,339281,80104,419385,22849,11238,34087,48443,23601,72044,47402,19608,67010,38001,15135,53136,22974,8190,31164,46140,2036,48176,95016,282,95298,18456,14,18470
2021-04-03,349113,80104,429217,22858,11238,34096,48450,23601,72051,47418,19608,67026,38016,15135,53151,22994,8190,31184,55358,2036,57394,95415,282,95697,18604,14,18618
2021-04-04,351929,80143,432072,22858,11238,34096,48452,23601,72053,47427,19609,67036,38019,15140,53159,23004,8215,31219,58112,2044,60156,95437,282,95719,18620,14,18634
2021-04-05,367107,80840,447947,22997,11317,34314,48562,23766,72328,47575,19746,67321,38159,15276,53435,23194,8352,31546,72048,2082,74130,95825,287,96112,18747,14,18761
2021-04-06,384484,81320,465804,23160,11405,34565,48772,23910,72682,47705,19836,67541,38261,15360,53621,23429,8411,31840,87684,2097,89781,96529,287,96816,18944,14,18958
2021-04-07,403360,81923,485283,23317,11459,34776,49049,24026,73075,47866,19921,67787,38377,15465,53842,24690,8614,33304,103276,2136,105412,97601,288,97889,19184,14,19198
2021-04-08,423691,82172,505863,23594,11510,35104,49465,24089,73554,48094,19953,68047,38577,15518,54095,28417,8644,37061,118294,2146,120440,97966,296,98262,19284,16,19300
2021-04-09,441577,82919,524496,23852,11629,35481,49850,24317,74167,48323,20105,68428,38750,15620,54370,31508,8751,40259,131398,2180,133578,98442,301,98743,19454,16,19470
2021-04-10,448114,84248,532362,23869,11768,35637,49876,24506,74382,48336,20290,68626,38770,15776,54546,32736,9186,41922,136508,2384,138892,98531,320,98851,19488,18,19506
2021-04-11,454317,85578,539895,23871,11922,35793,49882,24779,74661,48339,20503,68842,38778,15999,54777,33889,9542,43431,141426,2482,143908,98610,332,98942,19522,19,19541
2021-04-12,474137,86398,560535,24167,12000,36167,50298,24896,75194,48584,20602,69186,38976,16105,55081,37511,9838,47349,156096,2586,158682,98879,352,99231,19626,19,19645
2021-04-13,489392,90600,579992,24450,12109,36559,50680,25084,75764,48911,20728,69639,39200,16444,55644,40627,12107,52734,166558,3716,170274,99224,392,99616,19742,20,19762
2021-04-14,501115,95283,596398,24747,12121,36868,51016,25096,76112,49235,20746,69981,39326,16451,55777,42440,12135,54575,174746,5299,180045,99730,3008,102738,19875,427,20302
2021-04-15,505882,99509,605391,24927,12123,37050,51153,25100,76253,49335,20748,70083,39411,16454,55865,43196,15490,58686,177942,6120,184062,99975,3041,103016,19943,433,20376
2021-04-16,515026,99909,614935,25055,12128,37183,51221,25107,76328,49395,20754,70149,39437,16461,55898,44650,15505,60155,184065,6432,190497,101007,3087,104094,20196,435,20631
2021-04-17,515830,99910,615740,25085,12128,37213,51263,25107,76370,49464,20755,70219,39505,16461,55966,44733,15505,60238,184476,6432,190908,101082,3087,104169,20222,435,20657
2021-04-18,516137,99911,616048,25107,12128,37235,51301,25107,76408,49526,20755,70281,39577,16461,56038,44759,15505,60264,184507,6433,190940,101120,3087,104207,20240,435,20675
2021-04-19,526495,99960,626455,25289,12135,37424,51370,25114,76484,49587,20761,70348,39593,16472,56065,45921,15512,61433,191700,6440,198140,102493,3090,105583,20542,436,20978
2021-04-20,537432,105781,643213,25507,12143,37650,51499,25135,76634,49727,20773,70500,40150,17427,57577,51144,18240,69384,195039,7152,202191,103552,3953,107505,20814,958,21772
2021-04-21,557883,105834,663717,25619,12161,37780,51582,25146,76728,49807,20785,70592,40444,17433,57877,69831,18244,88075,195992,7153,203145,103726,3953,107679,20882,959,21841
2021-04-22,581878,105839,687717,25712,12161,37873,51666,25147,76813,49890,20786,70676,40552,17435,57987,92265,18244,110509,196951,7154,204105,103919,3953,107872,20923,959,21882
2021-04-23,605268,105860,711128,25785,12162,37947,51766,25149,76915,50010,20792,70802,40689,17444,58133,114349,18247,132596,197559,7154,204713,104111,3953,108064,20999,959,21958
2021-04-24,611699,105860,717559,25799,12162,37961,51779,25149,76928,50041,20792,70833,40729,17444,58173,120157,18247,138404,197962,7154,205116,104203,3953,108156,21029,959,21988
2021-04-25,611904,105860,717764,25803,12162,37965,51786,25149,76935,50058,20792,70850,40745,17444,58189,120293,18247,138540,197973,7154,205127,104211,3953,108164,21035,959,21994
2021-04-26,615780,105872,721652,25820,12164,37984,51811,25150,76961,50073,20796,70869,40764,17446,58210,123621,18249,141870,198323,7154,205477,104301,3954,108255,21067,959,22026
2021-04-27,619969,105921,725890,25964,12167,38131,51934,25168,77102,50174,20805,70979,40850,17451,58301,126182,18258,144440,199269,7158,206427,104486,3955,108441,21110,959,22069
2021-04-28,626174,122822,748996,26139,14550,40689,52158,30806,82964,50321,25797,76118,40950,21323,62273,131050,18270,149320,199791,7160,206951,104614,3957,108571,21151,959,22110
2021-04-29,633194,135504,768698,26336,16130,42466,52366,34873,87239,50444,29703,80147,41062,24435,65497,136461,18274,154735,200453,7170,207623,104837,3958,108795,21235,961,22196
2021-04-30,636493,135522,772015,26531,16131,42662,52639,34874,87513,50582,29708,80290,41165,24438,65603,138402,18279,156681,200933,7172,208105,104954,3958,108912,21287,962,22249
2021-05-01,637746,135873,773619,26531,16173,42704,52641,35032,87673,50583,29787,80370,41171,24495,65666,139292,18293,157585,201181,7173,208354,105029,3958,108987,21318,962,22280
2021-05-02,639992,147768,787760,26591,17363,43954,52742,37914,90656,50638,32619,83257,41265,26667,67932,140808,18319,159127,201465,9919,211384,105124,3999,109123,21359,968,22327
2021-05-03,654342,153170,807512,26739,17376,44115,52995,37929,90924,50762,32636,83398,43238,26678,69916,152177,18341,170518,201814,15034,216848,105216,4173,109389,21401,1003,22404
2021-05-04,679796,153570,833366,26950,17380,44330,53261,37935,91196,50898,32644,83542,47685,26679,74364,172160,18376,190536,202073,15357,217430,105315,4195,109510,21454,1004,22458
2021-05-05,688366,170968,859334,27244,17396,44640,53632,37965,91597,51246,32663,83909,48889,26718,75607,178136,20143,198279,202267,29989,232256,105447,4954,110401,21505,1140,22645
2021-05-06,694407,173907,868314,27452,17398,44850,53899,37969,91868,51495,32669,84164,49731,26725,76456,182166,20501,202667,202572,32455,235027,105551,5031,110582,21541,1159,22700
2021-05-07,697432,191938,889370,27625,17649,45274,54157,38455,92612,51635,33108,84743,50149,27072,77221,183949,22915,206864,202737,46179,248916,105596,5332,110928,21584,1228,22812
2021-05-08,700128,206933,907061,27625,19443,47068,54158,42425,96583,51637,38215,89852,50514,30910,81424,186256,22975,209231,202747,46330,249077,105606,5376,110982,21585,1259,22844
2021-05-09,700254,207168,907422,27625,19443,47068,54158,42425,96583,51637,38216,89853,50538,30920,81458,186358,23022,209380,202747,46365,249112,105606,5463,111069,21585,1314,22899
2021-05-10,702602,208161,910763,27692,19444,47136,54241,42426,96667,51704,38220,89924,50934,30923,81857,188053,23063,211116,202775,46997,249772,105615,5688,111303,21588,1400,22988
2021-05-11,709331,208653,917984,27741,19452,47193,54318,42440,96758,51777,38234,90011,52291,30939,83230,193091,23109,216200,202875,47214,250089,105639,5804,111443,21599,1461,23060
2021-05-12,716328,209641,925969,27786,19475,47261,54390,42476,96866,51845,38272,90117,53734,30975,84709,198288,23197,221485,203011,47622,250633,105668,6065,111733,21606,1559,23165
2021-05-13,719054,215198,934252,27829,19594,47423,54479,42715,97194,51908,38447,90355,54070,31131,85201,200242,23838,224080,203172,51473,254645,105727,6342,112069,21627,1658,23285
2021-05-14,721736,216908,938644,27963,19612,47575,54733,42742,97475,52062,38504,90566,54411,31195,85606,201741,24398,226139,203372,52215,255587,105807,6497,112304,21647,1745,23392
2021-05-15,732924,217304,950228,28015,19621,47636,54830,42750,97580,52128,38517,90645,56800,31208,88008,210109,24482,234591,203509,52348,255857,105872,6584,112456,21661,1794,23455
2021-05-16,735915,217494,953409,28256,19630,47886,55737,42752,98489,53083,38525,91608,57365,31221,88586,210374,24501,234875,203555,52369,255924,105882,6661,112543,21663,1835,23498
2021-05-17,743454,218564,962018,28341,19687,48028,56237,42844,99081,53359,38644,92003,58852,31354,90206,215261,24634,239895,203760,52775,256535,105958,6738,112696,21686,1888,23574
2021-05-18,751569,218930,970499,28414,19696,48110,56363,42857,99220,53484,38663,92147,60547,31367,91914,221102,24724,245826,203933,52900,256833,106018,6802,112820,21708,1921,23629
2021-05-19,757275,220016,977291,28424,19828,48252,56383,43163,99546,53502,38807,92309,61723,31462,93185,225232,24854,250086,204165,53121,257286,106103,6844,112947,21743,1937,23680
2021-05-20,779019,220800,999819,28497,19970,48467,56511,43424,99935,53608,38969,92577,67865,31560,99425,238276,24904,263180,205734,53155,258889,106670,6863,113533,21858,1955,23813
2021-05-21,781324,225035,1006359,28575,20257,48832,56708,43962,100670,53680,39403,93083,67982,31887,99869,239281,25181,264462,206378,55424,261802,106817,6949,113766,21903,1972,23875
2021-05-22,784758,225251,1010009,28687,20272,48959,56788,43986,100774,53746,39423,93169,68430,31908,100338,241465,25198,266663,206803,55536,262339,106913,6954,113867,21926,1974,23900
2021-05-23,789490,225253,1014743,28757,20272,49029,56881,43986,100867,53812,39423,93235,70526,31908,102434,243532,25199,268731,207036,55536,262572,106997,6954,113951,21949,1975,23924
2021-05-24,791256,225747,1017003,28790,20358,49148,56923,44143,101066,53847,39526,93373,70930,31967,102897,244656,25223,269879,207138,55589,262727,107018,6963,113981,21954,1978,23932
2021-05-25,792835,237262,1030097,28814,20366,49180,56934,44154,101088,53859,39533,93392,71274,31974,103248,245672,25227,270899,207259,56783,264042,107059,15875,122934,21964,3350,25314
2021-05-26,795366,240399,1035765,28867,20396,49263,57002,44209,101211,53912,39586,93498,73248,32034,105282,245922,25511,271433,207313,57210,264523,107112,17749,124861,21990,3704,25694
2021-05-27,801067,259009,1060076,28982,20459,49441,57106,44364,101470,54014,39740,93754,78307,32108,110415,246143,25780,271923,207363,59041,266404,107141,31637,138778,22011,5880,27891
2021-05-28,814707,270709,1085416,29131,20573,49704,57292,44596,101888,54431,39885,94316,90802,32183,122985,246414,25978,272392,207426,60312,267738,107181,39949,147130,22030,7233,29263
2021-05-29,831045,271665,1102710,29138,20578,49716,57311,44599,101910,55529,39890,95419,105480,32187,137667,246830,25980,272810,207519,60425,267944,107200,40673,147873,22038,7333,29371
2021-05-30,846823,271752,1118575,29152,20579,49731,57322,44601,101923,58846,39890,98736,117696,32187,149883,246991,25981,272972,207560,60435,267995,107215,40733,147948,22041,7346,29387
2021-05-31,868264,277198,1145462,29253,20751,50004,57469,44901,102370,71014,40127,111141,126241,32562,158803,247302,27153,274455,207649,60898,268547,107266,43009,150275,22070,7797,29867
2021-06-01,888944,280214,1169158,29653,20798,50451,58399,44983,103382,85384,40189,125573,130899,32605,163504,247518,27225,274743,207709,61277,268986,107296,45007,152303,22086,8130,30216
2021-06-02,908824,282208,1191032,30904,20811,51715,62675,45010,107685,94656,40214,134870,135494,32630,168124,247843,27283,275126,207809,61518,269327,107334,46246,153580,22109,8496,30605
2021-06-03,939439,283699,1223138,38934,20833,59767,75839,45040,120879,102270,40263,142533,136882,32662,169544,248126,27349,275475,207891,61716,269607,107369,47116,154485,22128,8720,30848
2021-06-04,967572,285059,1252631,45438,20879,66317,85307,45085,130392,109360,40339,149699,139248,32703,171951,250153,27542,277695,208368,62071,270439,107524,47584,155108,22174,8856,31030
2021-06-05,987584,286182,1273766,50461,20895,71356,93992,45107,139099,112896,40364,153260,140582,32739,173321,251225,27858,279083,208591,62278,270869,107626,47951,155577,22211,8990,31201
2021-06-06,1005132,286826,1291958,57529,20896,78425,101881,45107,146988,114547,40366,154913,141375,32745,174120,251327,27912,279239,208622,62434,271056,107636,48215,155851,22215,9151,31366
2021-06-07,1031965,287781,1319746,63917,20945,84862,107810,45228,153038,120887,40457,161344,148541,32801,181342,252058,27962,280020,208806,62592,271398,107711,48490,156201,22235,9306,31541
2021-06-08,1059746,289660,1349406,66401,20956,87357,111190,45245,156435,124402,40468,164870,166540,32818,199358,252310,28054,280364,208909,63008,271917,107749,49492,157241,22245,9619,31864
2021-06-09,1085088,290041,1375129,67073,20957,88030,112509,45247,157756,125662,40471,166133,188338,32823,221161,252508,28079,280587,208967,63091,272058,107774,49643,157417,22257,9730,31987
2021-06-10,1113895,290451,1404346,68694,20960,89654,114770,45249,160019,129582,40475,170057,208519,32835,241354,253117,28134,281251,209117,63182,272299,107822,49796,157618,22274,9820,32094
2021-06-11,1119334,310579,1429913,69089,21000,90089,115473,45321,160794,130935,40530,171465,211321,32910,244231,253238,28390,281628,209152,65528,274680,107842,64962,172804,22284,11938,34222
2021-06-12,1130824,313266,1444090,70116,21004,91120,116874,45326,162200,133830,40541,174371,217398,32945,250343,253291,28467,281758,209175,65942,275117,107852,66704,174556,22288,12337,34625
2021-06-13,1139212,313385,1452597,70573,21004,91577,117482,45330,162812,135698,40544,176242,222757,32945,255702,253364,28471,281835,209191,65957,275148,107857,66784,174641,22290,12350,34640
2021-06-14,1151193,314173,1465366,72165,21014,93179,119571,45341,164912,138381,40558,178939,228225,32955,261180,253458,28491,281949,209223,66059,275282,107871,67302,175173,22299,12453,34752
2021-06-15,1177394,315579,1492973,72424,21053,93477,119994,45407,165401,139219,40604,179823,252323,33004,285327,253840,28548,282388,209332,66402,275734,107933,67981,175914,22329,12580,34909
2021-06-16,1185514,325304,1510818,73110,21417,94527,121296,45993,167289,141769,41956,183725,255675,33948,289623,253965,28798,282763,209386,70998,280384,107965,69246,177211,22348,12948,35296
2021-06-17,1201745,334901,1536646,73542,21466,95008,122083,46082,168165,147639,42296,189935,264017,34093,298110,254510,29464,283974,209543,77648,287191,108039,70518,178557,22372,13334,35706
2021-06-18,1228941,337344,1566285,75007,21489,96496,124218,46129,170347,164003,42377,206380,270460,34151,304611,255073,29847,284920,209676,78798,288474,108101,71051,179152,22403,13502,35905
2021-06-19,1250024,338452,1588476,75511,21499,97010,124600,46143,170743,180719,42398,223117,273335,34173,307508,255525,29930,285455,209780,79012,288792,108140,71546,179686,22414,13751,36165
2021-06-20,1250032,338454,1588486,75513,21499,97012,124602,46143,170745,180722,42398,223120,273335,34174,307509,255525,29931,285456,209781,79012,288793,108140,71546,179686,22414,13751,36165
2021-06-21,1261631,338993,1600624,75544,21514,97058,124664,46178,170842,190704,42481,233185,274508,34276,308784,255776,30023,285799,209857,79096,288953,108159,71636,179795,22419,13789,36208
2021-06-22,1270758,340156,1610914,75801,21668,97469,124913,46426,171339,195105,42647,237752,277520,34497,312017,256588,30140,286728,210112,79199,289311,108260,71732,179992,22459,13847,36306
2021-06-23,1288779,341349,1630128,76031,21817,97848,125237,46652,171889,210371,42828,253199,279316,34732,314048,256856,30236,287092,210196,79300,289496,108295,71882,180177,22477,13902,36379
2021-06-24,1322418,342592,1665010,76496,21966,98462,129814,46893,176707,236340,42971,279311,281395,34920,316315,257256,30383,287639,210305,79532,289837,108329,71987,180316,22483,13940,36423
2021-06-25,1339894,356786,1696680,78053,21997,100050,133546,46925,180471,246033,43051,289084,283091,35304,318395,257841,40577,298418,210463,82189,292652,108374,72638,181012,22493,14105,36598
2021-06-26,1342808,375173,1717981,78085,22045,100130,133573,46988,180561,247645,43122,290767,284007,35652,319659,258074,55896,313970,210533,84120,294653,108392,73122,181514,22499,14228,36727
2021-06-27,1354321,380813,1735134,78098,22204,100302,133604,47175,180779,254456,43433,297889,288307,36948,325255,258334,57914,316248,210604,85424,296028,108416,73425,181841,22502,14290,36792
2021-06-28,1388602,383558,1772160,80317,22353,102670,136366,47440,183806,281008,43625,324633,290574,37220,327794,258682,59278,317960,210689,85742,296431,108457,73533,181990,22509,14367,36876
2021-06-29,1422134,386957,1809091,80708,22518,103226,137402,47685,185087,311497,43823,355320,291743,37594,329337,259001,60718,319719,210788,86308,297096,108478,73855,182333,22517,14456,36973
2021-06-30,1458240,389735,1847975,81048,22539,103587,147437,47713,195150,335412,43845,379257,293045,37627,330672,259342,63066,322408,210890,86501,297391,108522,73940,182462,22544,14504,37048
2021-07-01,1480763,393353,1874116,81344,22574,103918,156963,47754,204717,346122,43917,390039,294437,38249,332686,259728,64585,324313,211011,87310,298321,108587,74341,182928,22571,14623,37194
2021-07-02,1492432,409835,1902267,83001,22693,105694,162876,47958,210834,349200,44103,393303,295077,38483,333560,259954,66567,326521,211100,89073,300173,108638,84261,192899,22586,16697,39283
2021-07-03,1510294,415223,1925517,83041,22719,105760,174187,48025,222212,354420,44167,398587,296022,38613,334635,260202,67268,327470,211173,89967,301140,108658,87144,195802,22591,17320,39911
2021-07-04,1530563,415721,1946284,84400,22719,107119,191828,48032,239860,355293,44169,399462,296266,38625,334891,260304,67383,327687,211206,90071,301277,108673,87311,195984,22593,17411,40004
2021-07-05,1538417,418421,1956838,85034,22757,107791,198312,48086,246398,355753,44243,399996,296438,38721,335159,260355,68113,328468,211236,90686,301922,108687,88179,196866,22602,17636,40238
2021-07-06,1561854,420157,1982011,86088,22793,108881,219715,48151,267866,356251,44345,400596,296735,38856,335591,260471,68391,328862,211287,90956,302243,108698,88843,197541,22609,17822,40431
2021-07-07,1571871,422062,1993933,86365,22829,109194,227167,48213,275380,357762,44424,402186,297284,38958,336242,260618,68609,329227,211337,91366,302703,108721,89648,198369,22617,18015,40632
2021-07-08,1606281,422791,2029072,87243,22854,110097,254467,48269,302736,362046,44499,406545,298611,39081,337692,261034,68835,329869,211468,91432,302900,108772,89775,198547,22640,18046,40686
2021-07-09,1631053,423908,2054961,88628,22871,111499,271367,48297,319664,366424,44537,410961,300213,39156,339369,261381,69172,330553,211586,91973,303559,108808,89838,198646,22646,18064,40710
2021-07-10,1651041,426172,2077213,91800,22921,114721,287060,48395,335455,367141,44632,411773,300467,39312,339779,261486,70078,331564,211615,92621,304236,108824,90091,198915,22648,18122,40770
2021-07-11,1653274,429749,2083023,92168,23174,115342,288826,48985,337811,367196,45119,412315,300493,39559,340052,261495,70132,331627,211619,92935,304554,108828,91454,200282,22649,18391,41040
2021-07-12,1686586,430389,2116975,98148,23188,121336,314529,49009,363538,368132,45155,413287,300966,39589,340555,261642,70263,331905,211664,93077,304741,108847,91662,200509,22658,18446,41104
2021-07-13,1705462,430596,2136058,101551,23202,124753,327852,49027,376879,369486,45182,414668,301488,39612,341100,261826,70278,332104,211729,93117,304846,108865,91703,200568,22665,18475,41140
2021-07-14,1711994,430842,2142836,102868,23236,126104,331985,49076,381061,370126,45215,415341,301780,39646,341426,261929,70293,332222,211756,93153,304909,108880,91729,200609,22670,18494,41164
2021-07-15,1715239,461176,2176415,103568,23662,127230,333735,50963,384698,370576,58685,429261,302006,42972,344978,262005,72071,334076,211789,99460,311249,108887,94293,203180,22673,19070,41743
2021-07-16,1717952,491977,2209929,104197,23790,127987,335222,53466,388688,370906,73665,444571,302180,43969,346149,262059,72365,334424,211812,109558,321370,108900,95745,204645,22676,19419,42095
2021-07-17,1733815,501708,2235523,107249,23882,131131,344842,54358,399200,372894,80394,453288,303030,44743,347773,262318,72613,334931,211870,110297,322167,108930,95949,204879,22682,19472,42154
2021-07-18,1748042,510613,2258655,114005,23906,137911,350198,54518,404716,374265,86249,460514,303539,47121,350660,262486,72846,335332,211915,110454,322369,108949,96026,204975,22685,19493,42178
2021-07-19,1755502,537658,2293160,118518,25369,143887,352015,56707,408722,374892,106457,481349,303865,48987,352852,262597,73158,335755,211950,110759,322709,108974,96571,205545,22691,19650,42341
2021-07-20,1777836,553408,2331244,134045,25746,159791,356618,57504,414122,376183,119235,495418,304459,49877,354336,262821,73361,336182,212014,111145,323159,108999,96819,205818,22697,19721,42418
2021-07-21,1814511,554176,2368687,161999,25796,187795,363180,57571,420751,377384,119438,496822,305067,49920,354987,263063,73421,336484,212104,111404,323508,109014,96877,205891,22700,19749,42449
2021-07-22,1850672,554471,2405143,186627,25803,212430,370837,57592,428429,379682,119469,499151,306155,49941,356096,263401,73476,336877,212209,111460,323669,109053,96944,205997,22708,19786,42494
2021-07-23,1869944,568270,2438214,199412,26104,225516,374688,59437,434125,381106,129742,510848,306960,50868,357828,263687,73686,337373,212290,111589,323879,109087,97026,206113,22714,19818,42532
2021-07-24,1871251,595823,2467074,200541,26686,227227,374771,60298,435069,381134,140839,521973,306990,64845,371835,263704,74240,337944,212297,111794,324091,109094,97253,206347,22720,19868,42588
2021-07-25,1896572,595944,2492516,216539,26687,243226,380456,60306,440762,383054,140852,523906,308220,64858,373078,264094,74248,338342,212357,111825,324182,109121,97281,206402,22731,19887,42618
2021-07-26,1905482,626420,2531902,223904,31864,255768,381206,69677,450883,383459,150424,533883,308485,69743,378228,264185,75028,339213,212377,112260,324637,109132,97479,206611,22734,19945,42679
2021-07-27,1919673,646253,2565926,235669,35454,271123,382485,75214,457699,384093,156192,540285,308803,72141,380944,264312,76592,340904,212427,112841,325268,109147,97791,206938,22737,20028,42765
2021-07-28,1957328,646828,2604156,268056,35494,303550,385148,75314,460462,385578,156457,542035,309549,72175,381724,264563,76641,341204,212503,112882,325385,109179,97822,207001,22752,20043,42795
2021-07-29,1993128,648241,2641369,297357,35622,332979,388736,75610,464346,387225,157106,544331,310390,72344,382734,264826,76721,341547,212592,112933,325525,109218,97850,207068,22784,20055,42839
2021-07-30,2007388,666927,2674315,307126,36977,344103,391160,85128,476288,388434,162719,551153,310958,73984,384942,265004,77056,342060,212649,113077,325726,109257,97902,207159,22800,20084,42884
2021-07-31,2007892,692117,2700009,307446,39997,347443,391247,99353,490600,388478,168970,557448,310979,75082,386061,265022,77422,342444,212658,113195,325853,109261,97979,207240,22801,20119,42920
2021-08-01,2007933,706189,2714122,307458,43303,350761,391253,105660,496913,388481,171771,560252,310984,76103,387087,265024,77838,342862,212663,113332,325995,109266,98039,207305,22804,20143,42947
2021-08-02,2012009,738794,2750803,309679,47379,357058,392105,125812,517917,389036,178499,567535,311269,77254,388523,265121,78143,343264,212707,113449,326156,109283,98094,207377,22809,20164,42973
2021-08-03,2023562,759011,2782573,319903,52518,372421,392656,130917,523573,389439,182863,572302,311460,82238,393698,265215,78612,343827,212749,113551,326300,109314,98134,207448,22826,20178,43004
2021-08-04,2026626,784130,2810756,321372,55580,376952,393388,135782,529170,389889,186033,575922,311691,95769,407460,265309,78940,344249,212807,113656,326463,109334,98181,207515,22836,20189,43025
2021-08-05,2035248,793601,2828849,327307,56831,384138,394711,141450,536161,390625,187846,578471,312092,96285,408377,265451,79076,344527,212864,113712,326576,109353,98202,207555,22845,20199,43044
2021-08-06,2037250,801408,2838658,328426,57163,385589,395079,142728,537807,390904,188283,579187,312235,96592,408827,265504,81607,347111,212900,116534,329434,109357,98282,207639,22845,20219,43064
2021-08-07,2039481,823840,2863321,330394,57184,387578,395175,142756,537931,390983,188309,579292,312270,96672,408942,265519,84770,350289,212917,135342,348259,109368,98537,207905,22855,20270,43125
2021-08-08,2039512,845854,2885366,330403,57198,387601,395175,142783,537958,390985,188332,579317,312273,96757,409030,265529,97299,362828,212921,144304,357225,109369,98857,208226,22857,20324,43181
2021-08-09,2039870,879443,2919313,330533,57362,387895,395258,143127,538385,391038,188686,579724,312302,99300,411602,265554,122474,388028,212940,148964,361904,109380,99157,208537,22865,20373,43238
2021-08-10,2040279,912404,2952683,330725,57940,388665,395331,144074,539405,391104,190634,581738,312340,102413,414753,265570,139554,405124,212952,157833,370785,109390,99510,208900,22867,20446,43313
2021-08-11,2042706,941625,2984331,332964,58138,391102,395395,144745,540140,391145,191323,582468,312367,107439,419806,265601,157453,423054,212968,162152,375120,109399,99858,209257,22867,20517,43384
2021-08-12,2043179,963739,3006918,333137,58777,391914,395498,145183,540681,391232,191740,582972,312420,111465,423885,265625,165473,431098,212983,170237,383220,109408,100263,209671,22876,20601,43477
2021-08-13,2043360,994852,3038212,333202,58958,392160,395545,145505,541050,391261,192051,583312,312436,112274,424710,265631,178054,443685,212989,185905,398894,109418,101277,210695,22878,20828,43706
2021-08-14,2043380,1015958,3059338,333205,59174,392379,395545,145870,541415,391263,192519,583782,312437,116047,428484,265636,191766,457402,212991,188079,401070,109422,101599,211021,22881,20904,43785
2021-08-15,2043406,1040186,3083592,333210,60190,393400,395550,147625,543175,391268,195347,586615,312443,129805,442248,265639,195091,460730,212992,189271,402263,109423,101867,211290,22881,20990,43871
2021-08-16,2057031,1047824,3104855,335985,60414,396399,397644,147919,545563,395418,196628,592046,315376,131128,446504,266707,196534,463241,213368,191968,405336,109610,102162,211772,22923,21071,43994
2021-08-17,2086132,1048881,3135013,350143,60444,410587,409281,147983,557264,397800,196830,594630,315878,131832,447710,266985,196572,463557,213453,191981,405434,109658,102168,211826,22934,21071,44005
2021-08-18,2099699,1059113,3158812,359021,61009,420030,411364,149064,560428,399126,198077,597203,316647,134693,451340,267305,199665,466970,213576,193154,406730,109717,102337,212054,22943,21114,44057
2021-08-19,2104772,1066266,3171038,363006,61735,424741,411828,150207,562035,399468,198790,598258,316854,137326,454180,267355,200855,468210,213593,193773,407366,109724,102441,212165,22944,21139,44083
2021-08-20,2110905,1085725,3196630,367619,62182,429801,412506,152200,564706,399899,200569,600468,317129,151950,469079,267441,201216,468657,213622,193963,407585,109742,102494,212236,22947,21151,44098
2021-08-21,2111448,1106695,3218143,367892,65612,433504,412610,157696,570306,399975,205625,605600,317170,157837,475007,267469,201984,469453,213635,194190,407825,109747,102576,212323,22950,21175,44125
2021-08-22,2111507,1127741,3239248,367914,69067,436981,412617,168416,581033,399983,209456,609439,317177,159906,477083,267479,202738,470217,213640,194360,408000,109747,102619,212366,22950,21179,44129
2021-08-23,2124990,1147278,3272268,379305,71962,451267,413560,181484,595044,400601,211495,612096,317519,160957,478476,267606,203068,470674,213682,194464,408146,109761,102656,212417,22956,21192,44148
2021-08-24,2126729,1171203,3297932,380138,89362,469500,413981,184781,598762,400882,212963,613845,317649,162130,479779,267660,203456,471116,213692,194598,408290,109768,102702,212470,22959,21211,44170
2021-08-25,2128739,1200735,3329474,381300,92967,474267,414350,187121,601471,401151,225860,627011,317781,171628,489409,267705,204283,471988,213711,194833,408544,109778,102802,212580,22963,21241,44204
2021-08-26,2130018,1232280,3362298,381853,96803,478656,414653,189053,603706,401363,227060,628423,317901,178928,496829,267738,217845,485583,213740,197868,411608,109799,103346,213145,22971,21377,44348
2021-08-27,2130943,1267883,3398826,382273,118128,500401,414856,195001,609857,401494,228968,630462,317983,183794,501777,267772,219020,486792,213769,198146,411915,109813,103430,213243,22983,21396,44379
2021-08-28,2130993,1292248,3423241,382287,136793,519080,414867,198087,612954,401499,230459,631958,317993,184561,502554,267774,219214,486988,213772,198268,412040,109816,103464,213280,22985,21402,44387
2021-08-29,2131059,1316501,3447560,382314,139006,521320,414880,199336,614216,401517,234574,636091,317997,200029,518026,267777,219948,487725,213773,198619,412392,109816,103569,213385,22985,21420,44405
2021-08-30,2148850,1331524,3480374,389715,139324,529039,418896,199998,618894,404985,237264,642249,319935,205958,525893,268373,223127,491500,214024,200419,414443,109916,103931,213847,23006,21503,44509
2021-08-31,2160181,1353210,3513391,395115,157786,552901,421462,201297,622759,407092,238391,645483,320738,206503,527241,268660,223270,491930,214136,200487,414623,109957,103963,213920,23021,21513,44534
2021-09-01,2162056,1384513,3546569,395803,185936,581739,421806,202212,624018,407494,238884,646378,320984,206997,527981,268760,224143,492903,214195,200805,415000,109988,104016,214004,23026,21520,44546
2021-09-02,2163954,1417654,3581608,397424,203762,601186,421941,205989,627930,407567,245323,652890,321019,210800,531819,268780,224984,493764,214204,201164,415368,109993,104100,214093,23026,21532,44558
2021-09-03,2165155,1448355,3613510,398031,215376,613407,422209,209102,631311,407727,255245,662972,321124,214464,535588,268816,226822,495638,214219,201594,415813,110000,104196,214196,23029,21556,44585
2021-09-04,2166046,1471677,3637723,398393,221618,620011,422425,215508,637933,407886,264583,672469,321202,215446,536648,268864,227053,495917,214240,201681,415921,110005,104229,214234,23031,21559,44590
2021-09-05,2166939,1495169,3662108,398768,223840,622608,422658,219999,642657,408048,279590,687638,321274,216868,538142,268901,227312,496213,214247,201750,415997,110011,104245,214256,23032,21565,44597
2021-09-06,2168157,1526235,3694392,399338,226356,625694,422977,221093,644070,408227,301059,709286,321368,221646,543014,268942,228194,497136,214259,201977,416236,110012,104326,214338,23034,21584,44618
2021-09-07,2169237,1563537,3732774,399829,228201,628030,423294,224978,648272,408392,316655,725047,321439,229063,550502,268960,234585,503545,214268,203659,417927,110019,104721,214740,23036,21675,44711
2021-09-08,2176080,1577740,3753820,403690,229034,632724,424805,228657,653462,409203,322014,731217,321837,231723,553560,269108,235724,504832,214333,204039,418372,110060,104838,214898,23044,21711,44755
2021-09-09,2178841,1605158,3783999,405065,232726,637791,425528,245557,671085,409575,326196,735771,322014,233767,555781,269178,236131,505309,214359,204155,418514,110075,104903,214978,23047,21723,44770
2021-09-10,2180981,1613493,3794474,406155,236085,642240,426076,246751,672827,409861,326722,736583,322162,236121,558283,269224,236817,506041,214378,204316,418694,110078,104952,215030,23047,21729,44776
2021-09-11,2181793,1619334,3801127,406958,236646,643604,426081,249802,675883,409863,327275,737138,322162,237566,559728,269226,236968,506194,214378,204376,418754,110078,104969,215047,23047,21732,44779
2021-09-12,2181827,1621140,3802967,406978,237124,644102,426086,250476,676562,409866,327674,737540,322165,237766,559931,269227,237005,506232,214380,204391,418771,110078,104971,215049,23047,21733,44780
2021-09-13,2195575,1622054,3817629,415733,237248,652981,430640,250871,681511,410110,327859,737969,322269,237899,560168,269272,237036,506308,214395,204417,418812,110100,104983,215083,23056,21741,44797
2021-09-14,2197387,1634290,3831677,416516,237548,654064,431026,251366,682392,410389,328418,738807,322453,246478,568931,269353,238951,508304,214454,204730,419184,110129,105044,215173,23067,21755,44822
2021-09-15,2198001,1671046,3869047,416710,239919,656629,431236,255109,686345,410507,335557,746064,322502,263979,586481,269368,244073,513441,214468,205358,419826,110138,105244,215382,23072,21807,44879
2021-09-16,2198786,1705883,3904669,417090,245328,662418,431442,274616,706058,410622,340432,751054,322548,266967,589515,269384,245612,514996,214479,205727,420206,110144,105368,215512,23077,21833,44910
2021-09-17,2206155,1726740,3932895,421619,257809,679428,432845,279274,712119,411398,342293,753691,322936,268248,591184,269556,245972,515528,214540,205871,420411,110176,105424,215600,23085,21849,44934
2021-09-18,2206550,1751736,3958286,421962,275047,697009,432860,283583,716443,411414,344325,755739,322946,269288,592234,269562,246233,515795,214543,205946,420489,110178,105458,215636,23085,21856,44941
2021-09-19,2214613,1762179,3976792,424935,282459,707394,435359,285353,720712,412823,345093,757916,323678,269627,593305,269796,246317,516113,214679,205999,420678,110246,105470,215716,23097,21861,44958
2021-09-20,2222221,1768693,3990914,430349,283806,714155,436656,288130,724786,413366,346316,759682,323881,270306,594187,269870,246620,516490,214742,206137,420879,110257,105509,215766,23100,21869,44969
2021-09-21,2239410,1775402,4014812,445677,287796,733473,437582,289636,727218,413896,346881,760777,324143,270683,594826,269963,246801,516764,214774,206197,420971,110271,105529,215800,23104,21879,44983
2021-09-22,2245791,1785495,4031286,450258,293648,743906,438521,292333,730854,414374,347577,761951,324366,271115,595481,270047,247017,517064,214822,206337,421159,110291,105571,215862,23112,21897,45009
2021-09-23,2248279,1794789,4043068,451680,300251,751931,439178,293718,732896,414620,348245,762865,324463,271521,595984,270080,247137,517217,214846,206410,421256,110297,105605,215902,23115,21902,45017
2021-09-24,2254319,1800421,4054740,454253,303692,757945,440855,294494,735349,415967,348816,764783,324718,272134,596852,270176,247286,517462,214902,206463,421365,110322,105627,215949,23126,21909,45035
2021-09-25,2256398,1805087,4061485,454936,305070,760006,441790,295724,737514,416246,349720,765966,324839,273049,597888,270225,247468,517693,214908,206502,421410,110326,105642,215968,23128,21912,45040
2021-09-26,2257620,1827378,4084998,455133,306316,761449,441948,298850,740798,416532,358946,775478,325195,281040,606235,270396,247982,518378,214948,206622,421570,110340,105698,216038,23128,21924,45052
2021-09-27,2259763,1848154,4107917,456240,309320,765560,442385,308583,750968,416797,364505,781302,325347,283035,608382,270503,248310,518813,214990,206713,421703,110366,105750,216116,23135,21938,45073
2021-09-28,2263672,1872319,4135991,457335,310199,767534,443226,325721,768947,417818,366155,783973,325938,284188,610126,270758,249379,520137,215064,208361,423425,110392,106270,216662,23141,22046,45187
2021-09-29,2268028,1885331,4153359,460630,312233,772863,443748,333426,777174,418161,367564,785725,326060,285173,611233,270793,249793,520586,215079,208683,423762,110409,106392,216801,23148,22067,45215
2021-09-30,2278636,1893189,4171825,469415,314573,783988,444728,334940,779668,418739,369016,787755,326233,286810,613043,270840,250449,521289,215108,208871,423979,110424,106453,216877,23149,22077,45226
2021-10-01,2281203,1901889,4183092,471631,318299,789930,444899,337258,782157,418856,370458,789314,326278,287673,613951,270852,250681,521533,215111,208953,424064,110427,106484,216911,23149,22083,45232
2021-10-02,2283904,1904843,4188747,473270,319062,792332,445501,338217,783718,419112,371161,790273,326398,288008,614406,270908,250792,521700,215127,209005,424132,110435,106511,216946,23153,22087,45240
2021-10-03,2289868,1904849,4194717,476100,319064,795164,447254,338219,785473,419875,371161,791036,326733,288009,614742,271094,250793,521887,215191,209005,424196,110463,106511,216974,23158,22087,45245
2021-10-04,2296782,1909138,4205920,479094,320900,799994,449498,339402,788900,420854,371625,792479,327134,288475,615609,271272,251030,522302,215263,209082,424345,110494,106534,217028,23173,22090,45263
2021-10-05,2299729,1912966,4212695,480889,321914,802803,450153,340520,790673,421143,372485,793628,327273,289066,616339,271320,251197,522517,215273,209128,424401,110503,106557,217060,23175,22099,45274
2021-10-06,2312674,1914435,4227109,491938,322216,814154,451118,340887,792005,421689,372832,794521,327514,289345,616859,271414,251300,522714,215303,209165,424468,110513,106585,217098,23185,22105,45290
2021-10-07,2315887,1917304,4233191,493647,322984,816631,451831,341810,793641,422113,373255,795368,327730,289838,617568,271505,251496,523001,215339,209213,424552,110527,106599,217126,23195,22109,45304
2021-10-08,2316764,1937521,4254285,494062,324143,818205,452014,353253,805267,422228,375652,797880,327817,292606,620423,271549,253775,525324,215360,209331,424691,110536,106648,217184,23198,22113,45311
2021-10-09,2316770,1956964,4273734,494063,325503,819566,452017,361691,813708,422229,378122,800351,327818,297217,625035,271549,256152,527701,215360,209465,424825,110536,106694,217230,23198,22120,45318
2021-10-10,2316779,1971101,4287880,494068,326559,820627,452021,368573,820594,422229,379793,802022,327818,299906,627724,271549,257864,529413,215360,209551,424911,110536,106728,217264,23198,22127,45325
2021-10-11,2318272,1978736,4297008,495257,330346,825603,452174,370528,822702,422304,380814,803118,327860,300448,628308,271571,258048,529619,215365,209648,425013,110542,106774,217316,23199,22130,45329
2021-10-12,2322535,1995603,4318138,498305,340159,838464,452684,372719,825403,422697,383041,805738,328054,302142,630196,271646,258827,530473,215397,209772,425169,110553,106805,217358,23199,22138,45337
2021-10-13,2352210,1999944,4352154,527569,341873,869442,452855,373459,826314,422827,383813,806640,328112,302874,630986,271668,259126,530794,215407,209818,425225,110560,106836,217396,23212,22145,45357
2021-10-14,2366447,2011820,4378267,540888,347714,888602,453240,376492,829732,423099,385306,808405,328259,303862,632121,271729,259487,531216,215441,209920,425361,110575,106883,217458,23216,22156,45372
2021-10-15,2369492,2034206,4403698,543255,359556,902811,453564,382387,835951,423270,387831,811101,328376,305196,633572,271770,260042,531812,215459,210085,425544,110579,106939,217518,23219,22170,45389
2021-10-16,2376142,2045246,4421388,549086,366373,915459,453963,384605,838568,423477,388991,812468,328496,305733,634229,271829,260249,532078,215475,210163,425638,110592,106956,217548,23224,22176,45400
2021-10-17,2379184,2048867,4428051,551774,368009,919783,454156,385362,839518,423555,389540,813095,328542,306146,634688,271852,260430,532282,215485,210222,425707,110596,106977,217573,23224,22181,45405
2021-10-18,2395790,2056224,4452014,567971,371014,938985,454360,387009,841369,423653,390977,814630,328597,307037,635634,271871,260737,532608,215494,210274,425768,110610,106991,217601,23234,22185,45419
2021-10-19,2402019,2068053,4470072,573548,376765,950313,454707,389555,844262,423805,392836,816641,328684,308038,636722,271908,261310,533218,215511,210346,425857,110617,107013,217630,23239,22190,45429
2021-10-20,2412549,2075028,4487577,583662,380573,964235,454917,390905,845822,423914,393851,817765,328742,308548,637290,271931,261513,533444,215519,210406,425925,110624,107034,217658,23240,22198,45438
2021-10-21,2426131,2083428,4509559,596681,385124,981805,455182,392582,847764,424055,394828,818883,328808,309210,638018,271982,261885,533867,215538,210487,426025,110639,107094,217733,23246,22218,45464
2021-10-22,2442642,2095226,4537868,612253,391737,1003990,455585,394925,850510,424317,396046,820363,328955,310294,639249,272056,262263,534319,215568,210595,426163,110660,107141,217801,23248,22225,45473
2021-10-23,2455905,2099412,4555317,625065,393881,1018946,455797,396062,851859,424444,396459,820903,329019,310569,639588,272078,262412,534490,215583,210638,426221,110666,107162,217828,23253,22229,45482
2021-10-24,2472156,2101410,4573566,641090,395133,1036223,455889,396358,852247,424522,396650,821172,329056,310690,639746,272086,262510,534596,215589,210667,426256,110668,107171,217839,23256,22231,45487
2021-10-25,2486547,2107218,4593765,654605,397505,1052110,456184,397789,853973,424880,397576,822456,329185,311275,640460,272143,262793,534936,215614,210805,426419,110677,107231,217908,23259,22244,45503
2021-10-26,2505436,2111400,4616836,672897,399484,1072381,456489,398926,855415,425038,398081,823119,329262,311598,640860,272176,262924,535100,215627,210862,426489,110687,107263,217950,23260,22262,45522
2021-10-27,2521804,2120002,4641806,688610,406184,1094794,456839,399707,856546,425196,398653,823849,329333,311936,641269,272217,263065,535282,215648,210919,426567,110698,107276,217974,23263,22262,45525
2021-10-28,2542346,2124984,4667330,708576,408744,1117320,457168,400651,857819,425332,399334,824666,329396,312394,641790,272240,263274,535514,215661,210998,426659,110705,107312,218017,23268,22277,45545
2021-10-29,2563978,2128148,4692126,729760,410559,1140319,457419,401307,858726,425440,399674,825114,329452,312576,642028,272259,263376,535635,215667,211035,426702,110711,107336,218047,23270,22285,45555
2021-10-30,2579143,2129989,4709132,744573,411578,1156151,457599,401747,859346,425538,399871,825409,329498,312683,642181,272273,263432,535705,215677,211050,426727,110714,107342,218056,23271,22286,45557
2021-10-31,2592732,2132257,4724989,757753,412950,1170703,457806,402212,860018,425643,400091,825734,329564,312803,642367,272283,263491,535774,215692,211073,426765,110717,107350,218067,23274,22287,45561
2021-11-01,2599855,2140124,4739979,764547,415079,1179626,457976,406012,863988,425750,401122,826872,329597,313342,642939,272293,263753,536046,215699,211153,426852,110718,107368,218086,23275,22295,45570
2021-11-02,2602250,2145319,4747569,766409,417806,1184215,458232,407388,865620,425888,401692,827580,329668,313662,643330,272327,263882,536209,215716,211194,426910,110724,107390,218114,23286,22305,45591
2021-11-03,2605105,2161886,4766991,768792,433626,1202418,458378,407760,866138,426052,401861,827913,329793,313750,643543,272348,263950,536298,215725,211222,426947,110729,107407,218136,23288,22310,45598
2021-11-04,2609604,2176758,4786362,772936,447664,1220600,458514,408135,866649,426171,402050,828221,329841,313871,643712,272367,264026,536393,215747,211265,427012,110738,107426,218164,23290,22321,45611
2021-11-05,2612752,2180982,4793734,775630,451298,1226928,458677,408397,867074,426307,402175,828482,329938,313967,643905,272392,264089,536481,215764,211289,427053,110751,107439,218190,23293,22328,45621
2021-11-06,2615280,2184971,4800251,777796,454790,1232586,458812,408615,867427,426383,402303,828686,330035,314056,644091,272417,264131,536548,215781,211301,427082,110759,107447,218206,23297,22328,45625
2021-11-07,2617591,2188979,4806570,779967,457990,1237957,458873,408976,867849,426420,402504,828924,330058,314168,644226,272429,264201,536630,215787,211335,427122,110760,107470,218230,23297,22335,45632
2021-11-08,2621844,2202603,4824447,783494,470648,1254142,459208,409356,868564,426614,402740,829354,330161,314370,644531,272480,264296,536776,215821,211371,427192,110763,107482,218245,23303,22340,45643
2021-11-09,2625601,2207037,4832638,786785,474373,1261158,459429,409667,869096,426743,402930,829673,330230,314498,644728,272504,264343,536847,215839,211387,427226,110765,107494,218259,23306,22345,45651
2021-11-10,2630707,2213298,4844005,791637,479824,1271461,459553,410026,869579,426808,403106,829914,330267,314603,644870,272517,264431,536948,215848,211437,427285,110769,107514,218283,23308,22357,45665
2021-11-11,2634229,2219447,4853676,794705,485059,1279764,459733,410396,870129,426927,403321,830248,330354,314742,645096,272548,264511,537059,215870,211496,427366,110779,107559,218338,23313,22363,45676
2021-11-12,2638644,2230133,4868777,798703,494745,1293448,459917,410706,870623,427036,403654,830690,330411,314906,645317,272578,264630,537208,215891,211544,427435,110789,107577,218366,23319,22371,45690
2021-11-13,2640173,2230813,4870986,800229,495410,1295639,459917,410711,870628,427036,403657,830693,330412,314908,645320,272579,264633,537212,215891,211545,427436,110789,107578,218367,23320,22371,45691
2021-11-14,2640710,2233005,4873715,800758,497587,1298345,459922,410719,870641,427038,403662,830700,330413,314910,645323,272579,264633,537212,215891,211545,427436,110789,107578,218367,23320,22371,45691
2021-11-15,2642825,2244320,4887145,802400,507922,1310322,460163,410996,871159,427170,404008,831178,330465,315188,645653,272601,264685,537286,215908,211561,427469,110797,107588,218385,23321,22372,45693
2021-11-16,2644751,2262066,4906817,803946,521558,1325504,460357,412681,873038,427255,405521,832776,330510,315747,646257,272630,264940,537570,215924,211622,427546,110804,107619,218423,23325,22378,45703
2021-11-17,2648186,2282170,4930356,807015,540846,1347861,460520,413105,873625,427341,405704,833045,330564,315877,646441,272658,264984,537642,215942,211638,427580,110810,107633,218443,23336,22383,45719
2021-11-18,2652751,2300356,4953107,811234,558369,1369603,460666,413384,874050,427424,405907,833331,330625,315985,646610,272691,265022,537713,215953,211654,427607,110817,107644,218461,23341,22391,45732
2021-11-19,2657153,2317817,4974970,815104,574549,1389653,460893,413954,874847,427536,406250,833786,330745,316190,646935,272735,265115,537850,215966,211706,427672,110828,107660,218488,23346,22393,45739
2021-11-20,2658743,2323705,4982448,816370,580027,1396397,460997,414107,875104,427642,406351,833993,330815,316267,647082,272759,265158,537917,215978,211728,427706,110834,107672,218506,23348,22395,45743
2021-11-21,2660719,2329395,4990114,818071,584947,1403018,461097,414366,875463,427719,406563,834282,330871,316454,647325,272780,265239,538019,215993,211746,427739,110838,107682,218520,23350,22398,45748
2021-11-22,2661895,2337749,4999644,819052,592464,1411516,461160,414735,875895,427762,406782,834544,330917,316611,647528,272799,265292,538091,216008,211770,427778,110845,107691,218536,23352,22404,45756
2021-11-23,2669235,2345360,5014595,825909,598863,1424772,461371,415297,876668,427877,407105,834982,331023,316812,647835,272825,265372,538197,216020,211799,427819,110853,107706,218559,23357,22406,45763
2021-11-24,2673725,2357514,5031239,829976,609721,1439697,461517,415954,877471,428032,407409,835441,331088,317027,648115,272848,265448,538296,216036,211826,427862,110866,107720,218586,23362,22409,45771
2021-11-25,2675131,2361049,5036180,831081,612304,1443385,461586,416500,878086,428164,407605,835769,331131,317121,648252,272875,265509,538384,216052,211849,427901,110876,107747,218623,23366,22414,45780
2021-11-26,2678211,2370211,5048422,833526,620070,1453596,461816,417133,878949,428366,407972,836338,331243,317342,648585,272924,265610,538534,216076,211897,427973,110886,107769,218655,23374,22418,45792
2021-11-27,2680317,2378164,5058481,835357,627222,1462579,461930,417412,879342,428445,408175,836620,331296,317522,648818,272936,265693,538629,216083,211932,428015,110892,107783,218675,23378,22425,45803
2021-11-28,2682700,2385091,5067791,837493,633479,1470972,462020,417772,879792,428522,408333,836855,331337,317606,648943,272958,265733,538691,216095,211950,428045,110896,107792,218688,23379,22426,45805
2021-11-29,2685353,2391716,5077069,839586,639113,1478699,462282,418290,880572,428692,408593,837285,331413,317734,649147,272985,265791,538776,216108,211969,428077,110902,107797,218699,23385,22429,45814
