FECHA,TotalA,TotalB,Total,<=30A,<=30B,<=30,31-40A,31-40B,31-40,41-50A,41-50B,41-50,51-60A,51-60B,51-60,61-70A,61-70B,61-70,71-80A,71-80B,71-80,81-90A,81-90B,81-90,>=91A,>=91B,>=91
2020-12-29,687,0,687,108,0,108,225,0,225,216,0,216,135,0,135,3,0,3,0,0,0,0,0,0,0,0,0
2020-12-30,795,0,795,145,0,145,253,0,253,243,0,243,151,0,151,3,0,3,0,0,0,0,0,0,0,0,0
2020-12-31,85,0,85,10,0,10,29,0,29,29,0,29,16,0,16,1,0,1,0,0,0,0,0,0,0,0,0
2021-01-01,0,0,0,0,0,0,0,0,0,0,0,0,0,0,0,0,0,0,0,0,0,0,0,0,0,0,0
2021-01-02,391,0,391,43,0,43,156,0,156,114,0,114,76,0,76,2,0,2,0,0,0,0,0,0,0,0,0
2021-01-03,152,0,152,22,0,22,65,0,65,41,0,41,24,0,24,0,0,0,0,0,0,0,0,0,0,0,0
2021-01-04,859,0,859,150,0,150,294,0,294,251,0,251,163,0,163,1,0,1,0,0,0,0,0,0,0,0,0
2021-01-05,1213,0,1213,197,0,197,442,0,442,345,0,345,224,0,224,4,0,4,1,0,1,0,0,0,0,0,0
2021-01-06,1309,0,1309,239,0,239,438,0,438,374,0,374,256,0,256,2,0,2,0,0,0,0,0,0,0,0,0
2021-01-07,1437,0,1437,242,0,242,495,0,495,416,0,416,284,0,284,0,0,0,0,0,0,0,0,0,0,0,0
2021-01-08,1843,0,1843,351,0,351,627,0,627,529,0,529,328,0,328,8,0,8,0,0,0,0,0,0,0,0,0
2021-01-09,440,0,440,54,0,54,173,0,173,138,0,138,75,0,75,0,0,0,0,0,0,0,0,0,0,0,0
2021-01-10,568,0,568,81,0,81,241,0,241,155,0,155,89,0,89,2,0,2,0,0,0,0,0,0,0,0,0
2021-01-11,1849,0,1849,369,0,369,667,0,667,497,0,497,311,0,311,5,0,5,0,0,0,0,0,0,0,0,0
2021-01-12,1680,0,1680,285,0,285,624,0,624,440,0,440,329,0,329,2,0,2,0,0,0,0,0,0,0,0,0
2021-01-13,1356,0,1356,259,0,259,487,0,487,362,0,362,247,0,247,1,0,1,0,0,0,0,0,0,0,0,0
2021-01-14,2216,0,2216,449,0,449,779,0,779,612,0,612,375,0,375,1,0,1,0,0,0,0,0,0,0,0,0
2021-01-15,3413,0,3413,666,0,666,1236,0,1236,919,0,919,589,0,589,3,0,3,0,0,0,0,0,0,0,0,0
2021-01-16,1329,0,1329,249,0,249,503,0,503,362,0,362,215,0,215,0,0,0,0,0,0,0,0,0,0,0,0
2021-01-17,830,0,830,159,0,159,328,0,328,225,0,225,118,0,118,0,0,0,0,0,0,0,0,0,0,0,0
2021-01-18,503,0,503,82,0,82,164,0,164,159,0,159,98,0,98,0,0,0,0,0,0,0,0,0,0,0,0
2021-01-19,386,369,755,62,41,103,134,118,252,110,129,239,80,78,158,0,3,3,0,0,0,0,0,0,0,0,0
2021-01-20,226,571,797,38,89,127,71,189,260,71,174,245,44,118,162,2,1,3,0,0,0,0,0,0,0,0,0
2021-01-21,116,199,315,20,33,53,27,69,96,36,60,96,27,36,63,5,1,6,1,0,1,0,0,0,0,0,0
2021-01-22,16,70,86,4,12,16,3,26,29,5,24,29,2,7,9,1,1,2,1,0,1,0,0,0,0,0,0
2021-01-23,37,283,320,4,27,31,15,111,126,13,86,99,5,58,63,0,1,1,0,0,0,0,0,0,0,0,0
2021-01-24,14,118,132,3,11,14,4,53,57,2,35,37,5,19,24,0,0,0,0,0,0,0,0,0,0,0,0
2021-01-25,74,666,740,16,106,122,17,214,231,24,199,223,16,144,160,1,3,4,0,0,0,0,0,0,0,0,0
2021-01-26,115,914,1029,10,136,146,39,293,332,36,290,326,27,189,216,3,6,9,0,0,0,0,0,0,0,0,0
2021-01-27,101,1010,1111,18,173,191,31,336,367,27,284,311,20,216,236,5,1,6,0,0,0,0,0,0,0,0,0
2021-01-28,106,1164,1270,11,209,220,42,384,426,29,326,355,22,245,267,2,0,2,0,0,0,0,0,0,0,0,0
2021-01-29,55,1639,1694,2,288,290,19,597,616,17,472,489,17,274,291,0,8,8,0,0,0,0,0,0,0,0,0
2021-01-30,5,407,412,0,57,57,2,161,163,3,120,123,0,69,69,0,0,0,0,0,0,0,0,0,0,0,0
2021-01-31,1,342,343,0,56,56,0,135,135,0,92,92,1,58,59,0,1,1,0,0,0,0,0,0,0,0,0
2021-02-01,1,1489,1490,0,266,266,0,556,556,0,405,405,1,257,258,0,5,5,0,0,0,0,0,0,0,0,0
2021-02-02,1727,1460,3187,97,260,357,253,502,755,260,384,644,375,313,688,668,1,669,66,0,66,7,0,7,1,0,1
2021-02-03,2354,1225,3579,230,235,465,521,420,941,483,316,799,469,252,721,583,2,585,63,0,63,5,0,5,0,0,0
2021-02-04,1766,1800,3566,145,338,483,377,646,1023,354,504,858,391,312,703,417,0,417,74,0,74,7,0,7,1,0,1
2021-02-05,2813,2808,5621,322,536,858,746,1044,1790,585,729,1314,597,495,1092,463,4,467,93,0,93,7,0,7,0,0,0
2021-02-06,300,949,1249,25,174,199,79,334,413,75,271,346,71,170,241,48,0,48,2,0,2,0,0,0,0,0,0
2021-02-07,374,631,1005,48,96,144,124,226,350,102,200,302,60,109,169,37,0,37,3,0,3,0,0,0,0,0,0
2021-02-08,1176,1285,2461,141,267,408,318,461,779,284,355,639,219,202,421,192,0,192,21,0,21,1,0,1,0,0,0
2021-02-09,1980,940,2920,312,171,483,551,320,871,419,271,690,406,178,584,266,0,266,21,0,21,5,0,5,0,0,0
2021-02-10,1019,548,1567,149,99,248,265,193,458,253,155,408,212,101,313,121,0,121,16,0,16,3,0,3,0,0,0
2021-02-11,1114,405,1519,171,81,252,338,153,491,258,108,366,212,58,270,114,5,119,20,0,20,1,0,1,0,0,0
2021-02-12,905,557,1462,130,100,230,300,200,500,221,171,392,143,85,228,87,1,88,21,0,21,3,0,3,0,0,0
2021-02-13,31,41,72,4,6,10,9,19,28,8,7,15,8,9,17,1,0,1,1,0,1,0,0,0,0,0,0
2021-02-14,1,30,31,0,9,9,0,10,10,1,9,10,0,2,2,0,0,0,0,0,0,0,0,0,0,0,0
2021-02-15,0,0,0,0,0,0,0,0,0,0,0,0,0,0,0,0,0,0,0,0,0,0,0,0,0,0,0
2021-02-16,6,41,47,0,2,2,5,21,26,1,14,15,0,3,3,0,0,0,0,1,1,0,0,0,0,0,0
2021-02-17,1997,308,2305,301,54,355,580,118,698,508,94,602,391,41,432,201,1,202,16,0,16,0,0,0,0,0,0
2021-02-18,5445,293,5738,707,53,760,1465,108,1573,1309,95,1404,1111,36,1147,655,1,656,173,0,173,25,0,25,0,0,0
2021-02-19,5292,201,5493,691,39,730,1493,71,1564,1360,54,1414,1009,36,1045,545,1,546,169,0,169,22,0,22,3,0,3
2021-02-20,1226,15,1241,124,4,128,402,8,410,302,3,305,238,0,238,135,0,135,24,0,24,1,0,1,0,0,0
2021-02-21,832,1,833,100,0,100,279,1,280,211,0,211,165,0,165,63,0,63,12,0,12,2,0,2,0,0,0
2021-02-22,9526,139,9665,617,24,641,1166,51,1217,927,41,968,777,23,800,626,0,626,927,0,927,3893,0,3893,593,0,593
2021-02-23,9721,1641,11362,666,113,779,1296,246,1542,1147,282,1429,836,327,1163,488,602,1090,790,65,855,3886,5,3891,612,1,613
2021-02-24,9839,1818,11657,575,145,720,1208,397,1605,1043,370,1413,718,362,1080,409,480,889,955,59,1014,4264,5,4269,667,0,667
2021-02-25,9753,1833,11586,588,179,767,1232,381,1613,995,395,1390,774,385,1159,417,420,837,843,65,908,4194,7,4201,710,1,711
2021-02-26,9263,2521,11784,546,266,812,1063,601,1664,821,513,1334,685,567,1252,385,473,858,797,94,891,4215,7,4222,751,0,751
2021-02-27,1507,116,1623,99,15,114,193,33,226,184,26,210,140,27,167,143,15,158,192,0,192,410,0,410,146,0,146
2021-02-28,364,143,507,15,17,32,28,61,89,18,33,51,13,17,30,53,14,67,52,1,53,118,0,118,67,0,67
2021-03-01,8039,1119,9158,214,129,343,481,307,788,362,260,622,332,216,548,257,186,443,897,21,918,4764,0,4764,732,0,732
2021-03-02,7687,1231,8918,260,165,425,444,290,734,338,265,603,233,269,502,283,217,500,922,20,942,4487,5,4492,720,0,720
2021-03-03,7055,1630,8685,171,220,391,361,484,845,314,402,716,215,332,547,199,174,373,807,14,821,4235,4,4239,753,0,753
2021-03-04,2959,1188,4147,246,197,443,429,359,788,361,248,609,249,221,470,212,135,347,294,28,322,1000,0,1000,168,0,168
2021-03-05,2548,1163,3711,181,159,340,479,346,825,450,293,743,354,212,566,208,129,337,195,22,217,569,2,571,112,0,112
2021-03-06,2862,119,2981,264,15,279,660,40,700,614,31,645,504,26,530,78,6,84,210,1,211,389,0,389,143,0,143
2021-03-07,2701,11,2712,225,1,226,628,7,635,601,2,603,483,0,483,78,1,79,200,0,200,325,0,325,161,0,161
2021-03-08,4422,354,4776,298,47,345,530,100,630,435,87,522,414,72,486,361,41,402,481,5,486,1532,2,1534,371,0,371
2021-03-09,10423,188,10611,433,31,464,938,81,1019,765,39,804,731,24,755,614,12,626,1088,1,1089,4960,0,4960,894,0,894
2021-03-10,12211,551,12762,658,72,730,1366,146,1512,1319,128,1447,1204,138,1342,497,61,558,1043,6,1049,5205,0,5205,919,0,919
2021-03-11,13891,3620,17511,906,419,1325,1883,895,2778,1945,806,2751,1392,758,2150,341,563,904,1027,155,1182,5547,24,5571,850,0,850
2021-03-12,9502,4613,14115,872,609,1481,2134,1228,3362,2047,1163,3210,1527,911,2438,222,525,747,402,158,560,1922,18,1940,376,1,377
2021-03-13,5774,822,6596,902,77,979,1684,237,1921,1567,213,1780,1085,176,1261,115,104,219,96,13,109,240,2,242,85,0,85
2021-03-14,4270,729,4999,539,71,610,1167,242,1409,1315,201,1516,1032,146,1178,154,59,213,56,9,65,7,1,8,0,0,0
2021-03-15,7621,4327,11948,694,594,1288,1630,1232,2862,1664,1055,2719,1382,813,2195,356,450,806,383,155,538,1319,26,1345,193,2,195
2021-03-16,9651,3729,13380,595,516,1111,1306,1088,2394,1387,897,2284,1184,703,1887,516,417,933,853,95,948,3390,11,3401,420,2,422
2021-03-17,9295,4130,13425,423,550,973,1137,1190,2327,1145,1053,2198,952,720,1672,677,421,1098,932,167,1099,3555,27,3582,474,2,476
2021-03-18,10922,3323,14245,795,447,1242,1745,931,2676,1628,830,2458,1378,644,2022,542,373,915,1055,78,1133,3259,19,3278,520,1,521
2021-03-19,10673,3407,14080,875,481,1356,1880,970,2850,1810,839,2649,1430,701,2131,299,340,639,747,66,813,2950,10,2960,682,0,682
2021-03-20,6559,567,7126,230,61,291,522,160,682,499,157,656,544,124,668,1482,52,1534,996,12,1008,1879,1,1880,407,0,407
2021-03-21,4661,478,5139,20,67,87,51,154,205,30,94,124,215,75,290,1998,59,2057,1082,23,1105,1034,6,1040,231,0,231
2021-03-22,3809,2766,6575,100,365,465,152,852,1004,192,629,821,360,517,877,1729,293,2022,1053,100,1153,185,10,195,38,0,38
2021-03-23,7556,2425,9981,84,309,393,142,698,840,166,587,753,260,407,667,1009,269,1278,1072,126,1198,3844,29,3873,979,0,979
2021-03-24,5694,295,5989,8,15,23,13,27,40,10,27,37,84,16,100,655,149,804,947,53,1000,3318,8,3326,659,0,659
2021-03-25,4929,1474,6403,184,246,430,356,464,820,344,343,687,265,216,481,136,113,249,700,66,766,2420,22,2442,524,4,528
2021-03-26,2324,1418,3742,10,124,134,34,273,307,26,224,250,33,194,227,107,399,506,386,190,576,1327,14,1341,401,0,401
2021-03-27,2544,54,2598,5,3,8,6,14,20,3,13,16,14,13,27,51,6,57,474,5,479,1566,0,1566,425,0,425
2021-03-28,2567,25,2592,6,0,6,7,3,10,7,5,12,16,4,20,61,8,69,396,4,400,1575,1,1576,499,0,499
2021-03-29,7127,1018,8145,585,141,726,1230,287,1517,1049,200,1249,824,196,1020,270,168,438,614,22,636,1954,4,1958,601,0,601
2021-03-30,9150,1239,10389,263,155,418,603,300,903,519,246,765,3203,228,3431,1791,221,2012,984,80,1064,1338,9,1347,449,0,449
2021-03-31,11730,947,12677,609,151,760,1449,287,1736,1368,145,1513,575,160,735,227,153,380,5169,48,5217,1755,3,1758,578,0,578
2021-04-01,11957,154,12111,39,14,53,67,42,109,1547,30,1577,1116,25,1141,234,35,269,7410,8,7418,1212,0,1212,332,0,332
2021-04-02,11629,0,11629,4,0,4,8,0,8,2646,0,2646,21,0,21,41,0,41,7815,0,7815,885,0,885,209,0,209
2021-04-03,9832,0,9832,9,0,9,7,0,7,16,0,16,15,0,15,20,0,20,9218,0,9218,399,0,399,148,0,148
2021-04-04,2816,39,2855,0,0,0,2,0,2,9,1,10,3,5,8,10,25,35,2754,8,2762,22,0,22,16,0,16
2021-04-05,15178,697,15875,139,79,218,110,165,275,148,137,285,140,136,276,190,137,327,13936,38,13974,388,5,393,127,0,127
2021-04-06,17377,480,17857,163,88,251,210,144,354,130,90,220,102,84,186,235,59,294,15636,15,15651,704,0,704,197,0,197
2021-04-07,18876,603,19479,157,54,211,277,116,393,161,85,246,116,105,221,1261,203,1464,15592,39,15631,1072,1,1073,240,0,240
2021-04-08,20331,249,20580,277,51,328,416,63,479,228,32,260,200,53,253,3727,30,3757,15018,10,15028,365,8,373,100,2,102
2021-04-09,17886,747,18633,258,119,377,385,228,613,229,152,381,173,102,275,3091,107,3198,13104,34,13138,476,5,481,170,0,170
2021-04-10,6537,1329,7866,17,139,156,26,189,215,13,185,198,20,156,176,1228,435,1663,5110,204,5314,89,19,108,34,2,36
2021-04-11,6203,1330,7533,2,154,156,6,273,279,3,213,216,8,223,231,1153,356,1509,4918,98,5016,79,12,91,34,1,35
2021-04-12,19820,820,20640,296,78,374,416,117,533,245,99,344,198,106,304,3622,296,3918,14670,104,14774,269,20,289,104,0,104
2021-04-13,15255,4202,19457,283,109,392,382,188,570,327,126,453,224,339,563,3116,2269,5385,10462,1130,11592,345,40,385,116,1,117
2021-04-14,11723,4683,16406,297,12,309,336,12,348,324,18,342,126,7,133,1813,28,1841,8188,1583,9771,506,2616,3122,133,407,540
2021-04-15,4767,4226,8993,180,2,182,137,4,141,100,2,102,85,3,88,756,3355,4111,3196,821,4017,245,33,278,68,6,74
2021-04-16,9144,400,9544,128,5,133,68,7,75,60,6,66,26,7,33,1454,15,1469,6123,312,6435,1032,46,1078,253,2,255
2021-04-17,804,1,805,30,0,30,42,0,42,69,1,70,68,0,68,83,0,83,411,0,411,75,0,75,26,0,26
2021-04-18,307,1,308,22,0,22,38,0,38,62,0,62,72,0,72,26,0,26,31,1,32,38,0,38,18,0,18
2021-04-19,10358,49,10407,182,7,189,69,7,76,61,6,67,16,11,27,1162,7,1169,7193,7,7200,1373,3,1376,302,1,303
2021-04-20,10937,5821,16758,218,8,226,129,21,150,140,12,152,557,955,1512,5223,2728,7951,3339,712,4051,1059,863,1922,272,522,794
2021-04-21,20451,53,20504,112,18,130,83,11,94,80,12,92,294,6,300,18687,4,18691,953,1,954,174,0,174,68,1,69
2021-04-22,23995,5,24000,93,0,93,84,1,85,83,1,84,108,2,110,22434,0,22434,959,1,960,193,0,193,41,0,41
2021-04-23,23390,21,23411,73,1,74,100,2,102,120,6,126,137,9,146,22084,3,22087,608,0,608,192,0,192,76,0,76
2021-04-24,6431,0,6431,14,0,14,13,0,13,31,0,31,40,0,40,5808,0,5808,403,0,403,92,0,92,30,0,30
2021-04-25,205,0,205,4,0,4,7,0,7,17,0,17,16,0,16,136,0,136,11,0,11,8,0,8,6,0,6
2021-04-26,3876,12,3888,17,2,19,25,1,26,15,4,19,19,2,21,3328,2,3330,350,0,350,90,1,91,32,0,32
2021-04-27,4189,49,4238,144,3,147,123,18,141,101,9,110,86,5,91,2561,9,2570,946,4,950,185,1,186,43,0,43
2021-04-28,6205,16901,23106,175,2383,2558,224,5638,5862,147,4992,5139,100,3872,3972,4868,12,4880,522,2,524,128,2,130,41,0,41
2021-04-29,7020,12682,19702,197,1580,1777,208,4067,4275,123,3906,4029,112,3112,3224,5411,4,5415,662,10,672,223,1,224,84,2,86
2021-04-30,3299,18,3317,195,1,196,273,1,274,138,5,143,103,3,106,1941,5,1946,480,2,482,117,0,117,52,1,53
2021-05-01,1253,351,1604,0,42,42,2,158,160,1,79,80,6,57,63,890,14,904,248,1,249,75,0,75,31,0,31
2021-05-02,2246,11895,14141,60,1190,1250,101,2882,2983,55,2832,2887,94,2172,2266,1516,26,1542,284,2746,3030,95,41,136,41,6,47
2021-05-03,14350,5402,19752,148,13,161,253,15,268,124,17,141,1973,11,1984,11369,22,11391,349,5115,5464,92,174,266,42,35,77
2021-05-04,25454,400,25854,211,4,215,266,6,272,136,8,144,4447,1,4448,19983,35,20018,259,323,582,99,22,121,53,1,54
2021-05-05,8570,17398,25968,294,16,310,371,30,401,348,19,367,1204,39,1243,5976,1767,7743,194,14632,14826,132,759,891,51,136,187
2021-05-06,6041,2939,8980,208,2,210,267,4,271,249,6,255,842,7,849,4030,358,4388,305,2466,2771,104,77,181,36,19,55
2021-05-07,3025,18031,21056,173,251,424,258,486,744,140,439,579,418,347,765,1783,2414,4197,165,13724,13889,45,301,346,43,69,112
2021-05-08,2696,14995,17691,0,1794,1794,1,3970,3971,2,5107,5109,365,3838,4203,2307,60,2367,10,151,161,10,44,54,1,31,32
2021-05-09,126,235,361,0,0,0,0,0,0,0,1,1,24,10,34,102,47,149,0,35,35,0,87,87,0,55,55
2021-05-10,2348,993,3341,67,1,68,83,1,84,67,4,71,396,3,399,1695,41,1736,28,632,660,9,225,234,3,86,89
2021-05-11,6729,492,7221,49,8,57,77,14,91,73,14,87,1357,16,1373,5038,46,5084,100,217,317,24,116,140,11,61,72
2021-05-12,6997,988,7985,45,23,68,72,36,108,68,38,106,1443,36,1479,5197,88,5285,136,408,544,29,261,290,7,98,105
2021-05-13,2726,5557,8283,43,119,162,89,239,328,63,175,238,336,156,492,1954,641,2595,161,3851,4012,59,277,336,21,99,120
2021-05-14,2682,1710,4392,134,18,152,254,27,281,154,57,211,341,64,405,1499,560,2059,200,742,942,80,155,235,20,87,107
2021-05-15,11188,396,11584,52,9,61,97,8,105,66,13,79,2389,13,2402,8368,84,8452,137,133,270,65,87,152,14,49,63
2021-05-16,2991,190,3181,241,9,250,907,2,909,955,8,963,565,13,578,265,19,284,46,21,67,10,77,87,2,41,43
2021-05-17,7539,1070,8609,85,57,142,500,92,592,276,119,395,1487,133,1620,4887,133,5020,205,406,611,76,77,153,23,53,76
2021-05-18,8115,366,8481,73,9,82,126,13,139,125,19,144,1695,13,1708,5841,90,5931,173,125,298,60,64,124,22,33,55
2021-05-19,5706,1086,6792,10,132,142,20,306,326,18,144,162,1176,95,1271,4130,130,4260,232,221,453,85,42,127,35,16,51
2021-05-20,21744,784,22528,73,142,215,128,261,389,106,162,268,6142,98,6240,13044,50,13094,1569,34,1603,567,19,586,115,18,133
2021-05-21,2305,4235,6540,78,287,365,197,538,735,72,434,506,117,327,444,1005,277,1282,644,2269,2913,147,86,233,45,17,62
2021-05-22,3434,216,3650,112,15,127,80,24,104,66,20,86,448,21,469,2184,17,2201,425,112,537,96,5,101,23,2,25
2021-05-23,4732,2,4734,70,0,70,93,0,93,66,0,66,2096,0,2096,2067,1,2068,233,0,233,84,0,84,23,1,24
2021-05-24,1766,494,2260,33,86,119,42,157,199,35,103,138,404,59,463,1124,24,1148,102,53,155,21,9,30,5,3,8
2021-05-25,1579,11515,13094,24,8,32,11,11,22,12,7,19,344,7,351,1016,4,1020,121,1194,1315,41,8912,8953,10,1372,1382
2021-05-26,2531,3137,5668,53,30,83,68,55,123,53,53,106,1974,60,2034,250,284,534,54,427,481,53,1874,1927,26,354,380
2021-05-27,5701,18610,24311,115,63,178,104,155,259,102,154,256,5059,74,5133,221,269,490,50,1831,1881,29,13888,13917,21,2176,2197
2021-05-28,13640,11700,25340,149,114,263,186,232,418,417,145,562,12495,75,12570,271,198,469,63,1271,1334,40,8312,8352,19,1353,1372
2021-05-29,16338,956,17294,7,5,12,19,3,22,1098,5,1103,14678,4,14682,416,2,418,93,113,206,19,724,743,8,100,108
2021-05-30,15778,87,15865,14,1,15,11,2,13,3317,0,3317,12216,0,12216,161,1,162,41,10,51,15,60,75,3,13,16
2021-05-31,21441,5446,26887,101,172,273,147,300,447,12168,237,12405,8545,375,8920,311,1172,1483,89,463,552,51,2276,2327,29,451,480
2021-06-01,20680,3016,23696,400,47,447,930,82,1012,14370,62,14432,4658,43,4701,216,72,288,60,379,439,30,1998,2028,16,333,349
2021-06-02,19880,1994,21874,1251,13,1264,4276,27,4303,9272,25,9297,4595,25,4620,325,58,383,100,241,341,38,1239,1277,23,366,389
2021-06-03,30615,1491,32106,8030,22,8052,13164,30,13194,7614,49,7663,1388,32,1420,283,66,349,82,198,280,35,870,905,19,224,243
2021-06-04,28133,1360,29493,6504,46,6550,9468,45,9513,7090,76,7166,2366,41,2407,2027,193,2220,477,355,832,155,468,623,46,136,182
2021-06-05,20012,1123,21135,5023,16,5039,8685,22,8707,3536,25,3561,1334,36,1370,1072,316,1388,223,207,430,102,367,469,37,134,171
2021-06-06,17548,644,18192,7068,1,7069,7889,0,7889,1651,2,1653,793,6,799,102,54,156,31,156,187,10,264,274,4,161,165
2021-06-07,26833,955,27788,6388,49,6437,5929,121,6050,6340,91,6431,7166,56,7222,731,50,781,184,158,342,75,275,350,20,155,175
2021-06-08,27781,1879,29660,2484,11,2495,3380,17,3397,3515,11,3526,17999,17,18016,252,92,344,103,416,519,38,1002,1040,10,313,323
2021-06-09,25342,381,25723,672,1,673,1319,2,1321,1260,3,1263,21798,5,21803,198,25,223,58,83,141,25,151,176,12,111,123
2021-06-10,28807,410,29217,1621,3,1624,2261,2,2263,3920,4,3924,20181,12,20193,609,55,664,150,91,241,48,153,201,17,90,107
2021-06-11,5439,20128,25567,395,40,435,703,72,775,1353,55,1408,2802,75,2877,121,256,377,35,2346,2381,20,15166,15186,10,2118,2128
2021-06-12,11490,2687,14177,1027,4,1031,1401,5,1406,2895,11,2906,6077,35,6112,53,77,130,23,414,437,10,1742,1752,4,399,403
2021-06-13,8388,119,8507,457,0,457,608,4,612,1868,3,1871,5359,0,5359,73,4,77,16,15,31,5,80,85,2,13,15
2021-06-14,11981,788,12769,1592,10,1602,2089,11,2100,2683,14,2697,5468,10,5478,94,20,114,32,102,134,14,518,532,9,103,112
2021-06-15,26201,1406,27607,259,39,298,423,66,489,838,46,884,24098,49,24147,382,57,439,109,343,452,62,679,741,30,127,157
2021-06-16,8120,9725,17845,686,364,1050,1302,586,1888,2550,1352,3902,3352,944,4296,125,250,375,54,4596,4650,32,1265,1297,19,368,387
2021-06-17,16231,9597,25828,432,49,481,787,89,876,5870,340,6210,8342,145,8487,545,666,1211,157,6650,6807,74,1272,1346,24,386,410
2021-06-18,27196,2443,29639,1465,23,1488,2135,47,2182,16364,81,16445,6443,58,6501,563,383,946,133,1150,1283,62,533,595,31,168,199
2021-06-19,21083,1108,22191,504,10,514,382,14,396,16716,21,16737,2875,22,2897,452,83,535,104,214,318,39,495,534,11,249,260
2021-06-20,8,2,10,2,0,2,2,0,2,3,0,3,0,1,1,0,1,1,1,0,1,0,0,0,0,0,0
2021-06-21,11599,539,12138,31,15,46,62,35,97,9982,83,10065,1173,102,1275,251,92,343,76,84,160,19,90,109,5,38,43
2021-06-22,9127,1163,10290,257,154,411,249,248,497,4401,166,4567,3012,221,3233,812,117,929,255,103,358,101,96,197,40,58,98
2021-06-23,18021,1193,19214,230,149,379,324,226,550,15266,181,15447,1796,235,2031,268,96,364,84,101,185,35,150,185,18,55,73
2021-06-24,33639,1243,34882,465,149,614,4577,241,4818,25969,143,26112,2079,188,2267,400,147,547,109,232,341,34,105,139,6,38,44
2021-06-25,17476,14194,31670,1557,31,1588,3732,32,3764,9693,80,9773,1696,384,2080,585,10194,10779,158,2657,2815,45,651,696,10,165,175
2021-06-26,2914,18387,21301,32,48,80,27,63,90,1612,71,1683,916,348,1264,233,15319,15552,70,1931,2001,18,484,502,6,123,129
2021-06-27,11513,5640,17153,13,159,172,31,187,218,6811,311,7122,4300,1296,5596,260,2018,2278,71,1304,1375,24,303,327,3,62,65
2021-06-28,34281,2745,37026,2219,149,2368,2762,265,3027,26552,192,26744,2267,272,2539,348,1364,1712,85,318,403,41,108,149,7,77,84
2021-06-29,33532,3399,36931,391,165,556,1036,245,1281,30489,198,30687,1169,374,1543,319,1440,1759,99,566,665,21,322,343,8,89,97
2021-06-30,36106,2778,38884,340,21,361,10035,28,10063,23915,22,23937,1302,33,1335,341,2348,2689,102,193,295,44,85,129,27,48,75
2021-07-01,22523,3618,26141,296,35,331,9526,41,9567,10710,72,10782,1392,622,2014,386,1519,1905,121,809,930,65,401,466,27,119,146
2021-07-02,11669,16482,28151,1657,119,1776,5913,204,6117,3078,186,3264,640,234,874,226,1982,2208,89,1763,1852,51,9920,9971,15,2074,2089
2021-07-03,17862,5388,23250,40,26,66,11311,67,11378,5220,64,5284,945,130,1075,248,701,949,73,894,967,20,2883,2903,5,623,628
2021-07-04,20269,498,20767,1359,0,1359,17641,7,17648,873,2,875,244,12,256,102,115,217,33,104,137,15,167,182,2,91,93
2021-07-05,7854,2700,10554,634,38,672,6484,54,6538,460,74,534,172,96,268,51,730,781,30,615,645,14,868,882,9,225,234
2021-07-06,23437,1736,25173,1054,36,1090,21403,65,21468,498,102,600,297,135,432,116,278,394,51,270,321,11,664,675,7,186,193
2021-07-07,10017,1905,11922,277,36,313,7452,62,7514,1511,79,1590,549,102,651,147,218,365,50,410,460,23,805,828,8,193,201
2021-07-08,34410,729,35139,878,25,903,27300,56,27356,4284,75,4359,1327,123,1450,416,226,642,131,66,197,51,127,178,23,31,54
2021-07-09,24772,1117,25889,1385,17,1402,16900,28,16928,4378,38,4416,1602,75,1677,347,337,684,118,541,659,36,63,99,6,18,24
2021-07-10,19988,2264,22252,3172,50,3222,15693,98,15791,717,95,812,254,156,410,105,906,1011,29,648,677,16,253,269,2,58,60
2021-07-11,2233,3577,5810,368,253,621,1766,590,2356,55,487,542,26,247,273,9,54,63,4,314,318,4,1363,1367,1,269,270
2021-07-12,33312,640,33952,5980,14,5994,25703,24,25727,936,36,972,473,30,503,147,131,278,45,142,187,19,208,227,9,55,64
2021-07-13,18876,207,19083,3403,14,3417,13323,18,13341,1354,27,1381,522,23,545,184,15,199,65,40,105,18,41,59,7,29,36
2021-07-14,6532,246,6778,1317,34,1351,4133,49,4182,640,33,673,292,34,326,103,15,118,27,36,63,15,26,41,5,19,24
2021-07-15,3245,30334,33579,700,426,1126,1750,1887,3637,450,13470,13920,226,3326,3552,76,1778,1854,33,6307,6340,7,2564,2571,3,576,579
2021-07-16,2713,30801,33514,629,128,757,1487,2503,3990,330,14980,15310,174,997,1171,54,294,348,23,10098,10121,13,1452,1465,3,349,352
2021-07-17,15863,9731,25594,3052,92,3144,9620,892,10512,1988,6729,8717,850,774,1624,259,248,507,58,739,797,30,204,234,6,53,59
2021-07-18,14227,8905,23132,6756,24,6780,5356,160,5516,1371,5855,7226,509,2378,2887,168,233,401,45,157,202,19,77,96,3,21,24
2021-07-19,7460,27045,34505,4513,1463,5976,1817,2189,4006,627,20208,20835,326,1866,2192,111,312,423,35,305,340,25,545,570,6,157,163
2021-07-20,22334,15750,38084,15527,377,15904,4603,797,5400,1291,12778,14069,594,890,1484,224,203,427,64,386,450,25,248,273,6,71,77
2021-07-21,36675,768,37443,27954,50,28004,6562,67,6629,1201,203,1404,608,43,651,242,60,302,90,259,349,15,58,73,3,28,31
2021-07-22,36161,295,36456,24628,7,24635,7657,21,7678,2298,31,2329,1088,21,1109,338,55,393,105,56,161,39,67,106,8,37,45
2021-07-23,19272,13799,33071,12785,301,13086,3851,1845,5696,1424,10273,11697,805,927,1732,286,210,496,81,129,210,34,82,116,6,32,38
2021-07-24,1307,27553,28860,1129,582,1711,83,861,944,28,11097,11125,30,13977,14007,17,554,571,7,205,212,7,227,234,6,50,56
2021-07-25,25321,121,25442,15998,1,15999,5685,8,5693,1920,13,1933,1230,13,1243,390,8,398,60,31,91,27,28,55,11,19,30
2021-07-26,8910,30476,39386,7365,5177,12542,750,9371,10121,405,9572,9977,265,4885,5150,91,780,871,20,435,455,11,198,209,3,58,61
2021-07-27,14191,19833,34024,11765,3590,15355,1279,5537,6816,634,5768,6402,318,2398,2716,127,1564,1691,50,581,631,15,312,327,3,83,86
2021-07-28,37655,575,38230,32387,40,32427,2663,100,2763,1485,265,1750,746,34,780,251,49,300,76,41,117,32,31,63,15,15,30
2021-07-29,35800,1413,37213,29301,128,29429,3588,296,3884,1647,649,2296,841,169,1010,263,80,343,89,51,140,39,28,67,32,12,44
2021-07-30,14260,18686,32946,9769,1355,11124,2424,9518,11942,1209,5613,6822,568,1640,2208,178,335,513,57,144,201,39,52,91,16,29,45
2021-07-31,504,25190,25694,320,3020,3340,87,14225,14312,44,6251,6295,21,1098,1119,18,366,384,9,118,127,4,77,81,1,35,36
2021-08-01,41,14072,14113,12,3306,3318,6,6307,6313,3,2801,2804,5,1021,1026,2,416,418,5,137,142,5,60,65,3,24,27
2021-08-02,4076,32605,36681,2221,4076,6297,852,20152,21004,555,6728,7283,285,1151,1436,97,305,402,44,117,161,17,55,72,5,21,26
2021-08-03,11553,20217,31770,10224,5139,15363,551,5105,5656,403,4364,4767,191,4984,5175,94,469,563,42,102,144,31,40,71,17,14,31
2021-08-04,3064,25119,28183,1469,3062,4531,732,4865,5597,450,3170,3620,231,13531,13762,94,328,422,58,105,163,20,47,67,10,11,21
2021-08-05,8622,9471,18093,5935,1251,7186,1323,5668,6991,736,1813,2549,401,516,917,142,136,278,57,56,113,19,21,40,9,10,19
2021-08-06,2002,7807,9809,1119,332,1451,368,1278,1646,279,437,716,143,307,450,53,2531,2584,36,2822,2858,4,80,84,0,20,20
2021-08-07,2231,22432,24663,1968,21,1989,96,28,124,79,26,105,35,80,115,15,3163,3178,17,18808,18825,11,255,266,10,51,61
2021-08-08,31,22014,22045,9,14,23,0,27,27,2,23,25,3,85,88,10,12529,12539,4,8962,8966,1,320,321,2,54,56
2021-08-09,358,33589,33947,130,164,294,83,344,427,53,354,407,29,2543,2572,25,25175,25200,19,4660,4679,11,300,311,8,49,57
2021-08-10,409,32961,33370,192,578,770,73,947,1020,66,1948,2014,38,3113,3151,16,17080,17096,12,8869,8881,10,353,363,2,73,75
2021-08-11,2427,29221,31648,2239,198,2437,64,671,735,41,689,730,27,5026,5053,31,17899,17930,16,4319,4335,9,348,357,0,71,71
2021-08-12,473,22114,22587,173,639,812,103,438,541,87,417,504,53,4026,4079,24,8020,8044,15,8085,8100,9,405,414,9,84,93
2021-08-13,181,31113,31294,65,181,246,47,322,369,29,311,340,16,809,825,6,12581,12587,6,15668,15674,10,1014,1024,2,227,229
2021-08-14,20,21106,21126,3,216,219,0,365,365,2,468,470,1,3773,3774,5,13712,13717,2,2174,2176,4,322,326,3,76,79
2021-08-15,26,24228,24254,5,1016,1021,5,1755,1760,5,2828,2833,6,13758,13764,3,3325,3328,1,1192,1193,1,268,269,0,86,86
2021-08-16,13625,7638,21263,2775,224,2999,2094,294,2388,4150,1281,5431,2933,1323,4256,1068,1443,2511,376,2697,3073,187,295,482,42,81,123
2021-08-17,29101,1057,30158,14158,30,14188,11637,64,11701,2382,202,2584,502,704,1206,278,38,316,85,13,98,48,6,54,11,0,11
2021-08-18,13567,10232,23799,8878,565,9443,2083,1081,3164,1326,1247,2573,769,2861,3630,320,3093,3413,123,1173,1296,59,169,228,9,43,52
2021-08-19,5073,7153,12226,3985,726,4711,464,1143,1607,342,713,1055,207,2633,2840,50,1190,1240,17,619,636,7,104,111,1,25,26
2021-08-20,6133,19459,25592,4613,447,5060,678,1993,2671,431,1779,2210,275,14624,14899,86,361,447,29,190,219,18,53,71,3,12,15
2021-08-21,543,20970,21513,273,3430,3703,104,5496,5600,76,5056,5132,41,5887,5928,28,768,796,13,227,240,5,82,87,3,24,27
2021-08-22,59,21046,21105,22,3455,3477,7,10720,10727,8,3831,3839,7,2069,2076,10,754,764,5,170,175,0,43,43,0,4,4
2021-08-23,13483,19537,33020,11391,2895,14286,943,13068,14011,618,2039,2657,342,1051,1393,127,330,457,42,104,146,14,37,51,6,13,19
2021-08-24,1739,23925,25664,833,17400,18233,421,3297,3718,281,1468,1749,130,1173,1303,54,388,442,10,134,144,7,46,53,3,19,22
2021-08-25,2010,29532,31542,1162,3605,4767,369,2340,2709,269,12897,13166,132,9498,9630,45,827,872,19,235,254,10,100,110,4,30,34
2021-08-26,1279,31545,32824,553,3836,4389,303,1932,2235,212,1200,1412,120,7300,7420,33,13562,13595,29,3035,3064,21,544,565,8,136,144
2021-08-27,925,35603,36528,420,21325,21745,203,5948,6151,131,1908,2039,82,4866,4948,34,1175,1209,29,278,307,14,84,98,12,19,31
2021-08-28,50,24365,24415,14,18665,18679,11,3086,3097,5,1491,1496,10,767,777,2,194,196,3,122,125,3,34,37,2,6,8
2021-08-29,66,24253,24319,27,2213,2240,13,1249,1262,18,4115,4133,4,15468,15472,3,734,737,1,351,352,0,105,105,0,18,18
2021-08-30,17791,15023,32814,7401,318,7719,4016,662,4678,3468,2690,6158,1938,5929,7867,596,3179,3775,251,1800,2051,100,362,462,21,83,104
2021-08-31,11331,21686,33017,5400,18462,23862,2566,1299,3865,2107,1127,3234,803,545,1348,287,143,430,112,68,180,41,32,73,15,10,25
2021-09-01,1875,31303,33178,688,28150,28838,344,915,1259,402,493,895,246,494,740,100,873,973,59,318,377,31,53,84,5,7,12
2021-09-02,1898,33141,35039,1621,17826,19447,135,3777,3912,73,6439,6512,35,3803,3838,20,841,861,9,359,368,5,84,89,0,12,12
2021-09-03,1201,30701,31902,607,11614,12221,268,3113,3381,160,9922,10082,105,3664,3769,36,1838,1874,15,430,445,7,96,103,3,24,27
2021-09-04,891,23322,24213,362,6242,6604,216,6406,6622,159,9338,9497,78,982,1060,48,231,279,21,87,108,5,33,38,2,3,5
2021-09-05,893,23492,24385,375,2222,2597,233,4491,4724,162,15007,15169,72,1422,1494,37,259,296,7,69,76,6,16,22,1,6,7
2021-09-06,1218,31066,32284,570,2516,3086,319,1094,1413,179,21469,21648,94,4778,4872,41,882,923,12,227,239,1,81,82,2,19,21
2021-09-07,1080,37302,38382,491,1845,2336,317,3885,4202,165,15596,15761,71,7417,7488,18,6391,6409,9,1682,1691,7,395,402,2,91,93
2021-09-08,6843,14203,21046,3861,833,4694,1511,3679,5190,811,5359,6170,398,2660,3058,148,1139,1287,65,380,445,41,117,158,8,36,44
2021-09-09,2761,27418,30179,1375,3692,5067,723,16900,17623,372,4182,4554,177,2044,2221,70,407,477,26,116,142,15,65,80,3,12,15
2021-09-10,2140,8335,10475,1090,3359,4449,548,1194,1742,286,526,812,148,2354,2502,46,686,732,19,161,180,3,49,52,0,6,6
2021-09-11,812,5841,6653,803,561,1364,5,3051,3056,2,553,555,0,1445,1445,2,151,153,0,60,60,0,17,17,0,3,3
2021-09-12,34,1806,1840,20,478,498,5,674,679,3,399,402,3,200,203,1,37,38,2,15,17,0,2,2,0,1,1
2021-09-13,13748,914,14662,8755,124,8879,4554,395,4949,244,185,429,104,133,237,45,31,76,15,26,41,22,12,34,9,8,17
2021-09-14,1812,12236,14048,783,300,1083,386,495,881,279,559,838,184,8579,8763,81,1915,1996,59,313,372,29,61,90,11,14,25
2021-09-15,614,36756,37370,194,2371,2565,210,3743,3953,118,7139,7257,49,17501,17550,15,5122,5137,14,628,642,9,200,209,5,52,57
2021-09-16,785,34837,35622,380,5409,5789,206,19507,19713,115,4875,4990,46,2988,3034,16,1539,1555,11,369,380,6,124,130,5,26,31
2021-09-17,7369,20857,28226,4529,12481,17010,1403,4658,6061,776,1861,2637,388,1281,1669,172,360,532,61,144,205,32,56,88,8,16,24
2021-09-18,395,24996,25391,343,17238,17581,15,4309,4324,16,2032,2048,10,1040,1050,6,261,267,3,75,78,2,34,36,0,7,7
2021-09-19,8063,10443,18506,2973,7412,10385,2499,1770,4269,1409,768,2177,732,339,1071,234,84,318,136,53,189,68,12,80,12,5,17
2021-09-20,7608,6514,14122,5414,1347,6761,1297,2777,4074,543,1223,1766,203,679,882,74,303,377,63,138,201,11,39,50,3,8,11
2021-09-21,17189,6709,23898,15328,3990,19318,926,1506,2432,530,565,1095,262,377,639,93,181,274,32,60,92,14,20,34,4,10,14
2021-09-22,6381,10093,16474,4581,5852,10433,939,2697,3636,478,696,1174,223,432,655,84,216,300,48,140,188,20,42,62,8,18,26
2021-09-23,2488,9294,11782,1422,6603,8025,657,1385,2042,246,668,914,97,406,503,33,120,153,24,73,97,6,34,40,3,5,8
2021-09-24,6040,5632,11672,2573,3441,6014,1677,776,2453,1347,571,1918,255,613,868,96,149,245,56,53,109,25,22,47,11,7,18
2021-09-25,2079,4666,6745,683,1378,2061,935,1230,2165,279,904,1183,121,915,1036,49,182,231,6,39,45,4,15,19,2,3,5
2021-09-26,1222,22291,23513,197,1246,1443,158,3126,3284,286,9226,9512,356,7991,8347,171,514,685,40,120,160,14,56,70,0,12,12
2021-09-27,2143,20776,22919,1107,3004,4111,437,9733,10170,265,5559,5824,152,1995,2147,107,328,435,42,91,133,26,52,78,7,14,21
2021-09-28,3909,24165,28074,1095,879,1974,841,17138,17979,1021,1650,2671,591,1153,1744,255,1069,1324,74,1648,1722,26,520,546,6,108,114
2021-09-29,4356,13012,17368,3295,2034,5329,522,7705,8227,343,1409,1752,122,985,1107,35,414,449,15,322,337,17,122,139,7,21,28
2021-09-30,10608,7858,18466,8785,2340,11125,980,1514,2494,578,1452,2030,173,1637,1810,47,656,703,29,188,217,15,61,76,1,10,11
2021-10-01,2567,8700,11267,2216,3726,5942,171,2318,2489,117,1442,1559,45,863,908,12,232,244,3,82,85,3,31,34,0,6,6
2021-10-02,2701,2954,5655,1639,763,2402,602,959,1561,256,703,959,120,335,455,56,111,167,16,52,68,8,27,35,4,4,8
2021-10-03,5964,6,5970,2830,2,2832,1753,2,1755,763,0,763,335,1,336,186,1,187,64,0,64,28,0,28,5,0,5
2021-10-04,6914,4289,11203,2994,1836,4830,2244,1183,3427,979,464,1443,401,466,867,178,237,415,72,77,149,31,23,54,15,3,18
2021-10-05,2947,3828,6775,1795,1014,2809,655,1118,1773,289,860,1149,139,591,730,48,167,215,10,46,56,9,23,32,2,9,11
2021-10-06,12945,1469,14414,11049,302,11351,965,367,1332,546,347,893,241,279,520,94,103,197,30,37,67,10,28,38,10,6,16
2021-10-07,3213,2869,6082,1709,768,2477,713,923,1636,424,423,847,216,493,709,91,196,287,36,48,84,14,14,28,10,4,14
2021-10-08,877,20217,21094,415,1159,1574,183,11443,11626,115,2397,2512,87,2768,2855,44,2279,2323,21,118,139,9,49,58,3,4,7
2021-10-09,6,19443,19449,1,1360,1361,3,8438,8441,1,2470,2471,1,4611,4612,0,2377,2377,0,134,134,0,46,46,0,7,7
2021-10-10,9,14137,14146,5,1056,1061,4,6882,6886,0,1671,1671,0,2689,2689,0,1712,1712,0,86,86,0,34,34,0,7,7
2021-10-11,1493,7635,9128,1189,3787,4976,153,1955,2108,75,1021,1096,42,542,584,22,184,206,5,97,102,6,46,52,1,3,4
2021-10-12,4263,16867,21130,3048,9813,12861,510,2191,2701,393,2227,2620,194,1694,1888,75,779,854,32,124,156,11,31,42,0,8,8
2021-10-13,29675,4341,34016,29264,1714,30978,171,740,911,130,772,902,58,732,790,22,299,321,10,46,56,7,31,38,13,7,20
2021-10-14,14237,11876,26113,13319,5841,19160,385,3033,3418,272,1493,1765,147,988,1135,61,361,422,34,102,136,15,47,62,4,11,15
2021-10-15,3045,22386,25431,2367,11842,14209,324,5895,6219,171,2525,2696,117,1334,1451,41,555,596,18,165,183,4,56,60,3,14,17
2021-10-16,6650,11040,17690,5831,6817,12648,399,2218,2617,207,1160,1367,120,537,657,59,207,266,16,78,94,13,17,30,5,6,11
2021-10-17,3042,3621,6663,2688,1636,4324,193,757,950,78,549,627,46,413,459,23,181,204,10,59,69,4,21,25,0,5,5
2021-10-18,16606,7357,23963,16197,3005,19202,204,1647,1851,98,1437,1535,55,891,946,19,307,326,9,52,61,14,14,28,10,4,14
2021-10-19,6229,11829,18058,5577,5751,11328,347,2546,2893,152,1859,2011,87,1001,1088,37,573,610,17,72,89,7,22,29,5,5,10
2021-10-20,10530,6975,17505,10114,3808,13922,210,1350,1560,109,1015,1124,58,510,568,23,203,226,8,60,68,7,21,28,1,8,9
2021-10-21,13582,8400,21982,13019,4551,17570,265,1677,1942,141,977,1118,66,662,728,51,372,423,19,81,100,15,60,75,6,20,26
2021-10-22,16511,11798,28309,15572,6613,22185,403,2343,2746,262,1218,1480,147,1084,1231,74,378,452,30,108,138,21,47,68,2,7,9
2021-10-23,13263,4186,17449,12812,2144,14956,212,1137,1349,127,413,540,64,275,339,22,149,171,15,43,58,6,21,27,5,4,9
2021-10-24,16251,1998,18249,16025,1252,17277,92,296,388,78,191,269,37,121,158,8,98,106,6,29,35,2,9,11,3,2,5
2021-10-25,14391,5808,20199,13515,2372,15887,295,1431,1726,358,926,1284,129,585,714,57,283,340,25,138,163,9,60,69,3,13,16
2021-10-26,18889,4182,23071,18292,1979,20271,305,1137,1442,158,505,663,77,323,400,33,131,164,13,57,70,10,32,42,1,18,19
2021-10-27,16368,8602,24970,15713,6700,22413,350,781,1131,158,572,730,71,338,409,41,141,182,21,57,78,11,13,24,3,0,3
2021-10-28,20542,4982,25524,19966,2560,22526,329,944,1273,136,681,817,63,458,521,23,209,232,13,79,92,7,36,43,5,15,20
2021-10-29,21632,3164,24796,21184,1815,22999,251,656,907,108,340,448,56,182,238,19,102,121,6,37,43,6,24,30,2,8,10
2021-10-30,15165,1841,17006,14813,1019,15832,180,440,620,98,197,295,46,107,153,14,56,70,10,15,25,3,6,9,1,1,2
2021-10-31,13589,2268,15857,13180,1372,14552,207,465,672,105,220,325,66,120,186,10,59,69,15,23,38,3,8,11,3,1,4
2021-11-01,7123,7867,14990,6794,2129,8923,170,3800,3970,107,1031,1138,33,539,572,10,262,272,7,80,87,1,18,19,1,8,9
2021-11-02,2395,5195,7590,1862,2727,4589,256,1376,1632,138,570,708,71,320,391,34,129,163,17,41,58,6,22,28,11,10,21
2021-11-03,2855,16567,19422,2383,15820,18203,146,372,518,164,169,333,125,88,213,21,68,89,9,28,37,5,17,22,2,5,7
2021-11-04,4499,14872,19371,4144,14038,18182,136,375,511,119,189,308,48,121,169,19,76,95,22,43,65,9,19,28,2,11,13
2021-11-05,3148,4224,7372,2694,3634,6328,163,262,425,136,125,261,97,96,193,25,63,88,17,24,41,13,13,26,3,7,10
2021-11-06,2528,3989,6517,2166,3492,5658,135,218,353,76,128,204,97,89,186,25,42,67,17,12,29,8,8,16,4,0,4
2021-11-07,2311,4008,6319,2171,3200,5371,61,361,422,37,201,238,23,112,135,12,70,82,6,34,40,1,23,24,0,7,7
2021-11-08,4253,13624,17877,3527,12658,16185,335,380,715,194,236,430,103,202,305,51,95,146,34,36,70,3,12,15,6,5,11
2021-11-09,3757,4434,8191,3291,3725,7016,221,311,532,129,190,319,69,128,197,24,47,71,18,16,34,2,12,14,3,5,8
2021-11-10,5106,6261,11367,4852,5451,10303,124,359,483,65,176,241,37,105,142,13,88,101,9,50,59,4,20,24,2,12,14
2021-11-11,3522,6149,9671,3068,5235,8303,180,370,550,119,215,334,87,139,226,31,80,111,22,59,81,10,45,55,5,6,11
2021-11-12,4415,10686,15101,3998,9686,13684,184,310,494,109,333,442,57,164,221,30,119,149,21,48,69,10,18,28,6,8,14
2021-11-13,1529,680,2209,1526,665,2191,0,5,5,0,3,3,1,2,3,1,3,4,0,1,1,0,1,1,1,0,1
2021-11-14,537,2192,2729,529,2177,2706,5,8,13,2,5,7,1,2,3,0,0,0,0,0,0,0,0,0,0,0,0
2021-11-15,2115,11315,13430,1642,10335,11977,241,277,518,132,346,478,52,278,330,22,52,74,17,16,33,8,10,18,1,1,2
2021-11-16,1926,17746,19672,1546,13636,15182,194,1685,1879,85,1513,1598,45,559,604,29,255,284,16,61,77,7,31,38,4,6,10
2021-11-17,3435,20104,23539,3069,19288,22357,163,424,587,86,183,269,54,130,184,28,44,72,18,16,34,6,14,20,11,5,16
2021-11-18,4565,18186,22751,4219,17523,21742,146,279,425,83,203,286,61,108,169,33,38,71,11,16,27,7,11,18,5,8,13
2021-11-19,4402,17461,21863,3870,16180,20050,227,570,797,112,343,455,120,205,325,44,93,137,13,52,65,11,16,27,5,2,7
2021-11-20,1590,5888,7478,1266,5478,6744,104,153,257,106,101,207,70,77,147,24,43,67,12,22,34,6,12,18,2,2,4
2021-11-21,1976,5690,7666,1701,4920,6621,100,259,359,77,212,289,56,187,243,21,81,102,15,18,33,4,10,14,2,3,5
2021-11-22,1176,8354,9530,981,7517,8498,63,369,432,43,219,262,46,157,203,19,53,72,15,24,39,7,9,16,2,6,8
2021-11-23,7340,7611,14951,6857,6399,13256,211,562,773,115,323,438,106,201,307,26,80,106,12,29,41,8,15,23,5,2,7
2021-11-24,4490,12154,16644,4067,10858,14925,146,657,803,155,304,459,65,215,280,23,76,99,16,27,43,13,14,27,5,3,8
2021-11-25,1406,3535,4941,1105,2583,3688,69,546,615,132,196,328,43,94,137,27,61,88,16,23,39,10,27,37,4,5,9
2021-11-26,3080,9162,12242,2445,7766,10211,230,633,863,202,367,569,112,221,333,49,101,150,24,48,72,10,22,32,8,4,12
2021-11-27,2106,7953,10059,1831,7152,8983,114,279,393,79,203,282,53,180,233,12,83,95,7,35,42,6,14,20,4,7,11
2021-11-28,2383,6927,9310,2136,6257,8393,90,360,450,77,158,235,41,84,125,22,40,62,12,18,30,4,9,13,1,1,2
2021-11-29,2653,6625,9278,2093,5634,7727,262,518,780,170,260,430,76,128,204,27,58,85,13,19,32,6,5,11,6,3,9
