FECHA,TotalM,TotalF,Total,<=30M,<=30F,<=30,31-40M,31-40F,31-40,41-50M,41-50F,41-50,51-60M,51-60F,51-60,61-70M,61-70F,61-70,71-80M,71-80F,71-80,81-90M,81-90F,81-90,>=91M,>=91F,>=91
2020-12-29,259,413,672,38,69,107,92,126,218,79,133,212,49,83,132,1,2,3,0,0,0,0,0,0,0,0,0
2020-12-30,300,485,785,45,99,144,107,144,251,90,149,239,56,92,148,2,1,3,0,0,0,0,0,0,0,0,0
2020-12-31,37,44,81,7,3,10,12,16,28,12,16,28,6,8,14,0,1,1,0,0,0,0,0,0,0,0,0
2021-01-01,0,0,0,0,0,0,0,0,0,0,0,0,0,0,0,0,0,0,0,0,0,0,0,0,0,0,0
2021-01-02,140,246,386,14,28,42,54,98,152,47,67,114,24,52,76,1,1,2,0,0,0,0,0,0,0,0,0
2021-01-03,49,99,148,8,14,22,22,41,63,11,28,39,8,16,24,0,0,0,0,0,0,0,0,0,0,0,0
2021-01-04,320,525,845,57,91,148,102,188,290,93,153,246,67,93,160,1,0,1,0,0,0,0,0,0,0,0,0
2021-01-05,470,731,1201,69,128,197,196,242,438,119,219,338,85,138,223,1,3,4,0,1,1,0,0,0,0,0,0
2021-01-06,516,776,1292,90,146,236,196,234,430,143,226,369,86,169,255,1,1,2,0,0,0,0,0,0,0,0,0
2021-01-07,529,895,1424,85,157,242,180,309,489,150,261,411,114,168,282,0,0,0,0,0,0,0,0,0,0,0,0
2021-01-08,665,1178,1843,121,230,351,225,403,628,191,338,529,123,204,327,5,3,8,0,0,0,0,0,0,0,0,0
2021-01-09,168,272,440,14,40,54,71,102,173,52,86,138,31,44,75,0,0,0,0,0,0,0,0,0,0,0,0
2021-01-10,208,359,567,33,48,81,89,151,240,53,102,155,31,58,89,2,0,2,0,0,0,0,0,0,0,0,0
2021-01-11,657,1192,1849,111,258,369,265,402,667,174,323,497,105,206,311,2,3,5,0,0,0,0,0,0,0,0,0
2021-01-12,590,1089,1679,95,190,285,235,389,624,150,289,439,109,220,329,1,1,2,0,0,0,0,0,0,0,0,0
2021-01-13,465,890,1355,79,179,258,164,323,487,128,234,362,93,154,247,1,0,1,0,0,0,0,0,0,0,0,0
2021-01-14,798,1416,2214,169,280,449,292,487,779,216,394,610,121,254,375,0,1,1,0,0,0,0,0,0,0,0,0
2021-01-15,1193,2219,3412,215,450,665,465,771,1236,306,613,919,207,382,589,0,3,3,0,0,0,0,0,0,0,0,0
2021-01-16,474,854,1328,96,153,249,176,327,503,120,242,362,82,132,214,0,0,0,0,0,0,0,0,0,0,0,0
2021-01-17,285,545,830,66,93,159,113,215,328,72,153,225,34,84,118,0,0,0,0,0,0,0,0,0,0,0,0
2021-01-18,188,316,504,28,54,82,61,104,165,56,103,159,43,55,98,0,0,0,0,0,0,0,0,0,0,0,0
2021-01-19,284,469,753,36,67,103,81,169,250,94,145,239,71,87,158,2,1,3,0,0,0,0,0,0,0,0,0
2021-01-20,291,505,796,31,96,127,109,150,259,87,158,245,64,98,162,0,3,3,0,0,0,0,0,0,0,0,0
2021-01-21,128,191,319,23,30,53,44,53,97,34,65,99,22,41,63,5,1,6,0,1,1,0,0,0,0,0,0
2021-01-22,38,50,88,7,10,17,15,14,29,12,17,29,2,8,10,1,1,2,1,0,1,0,0,0,0,0,0
2021-01-23,118,201,319,10,21,31,45,80,125,39,60,99,23,40,63,1,0,1,0,0,0,0,0,0,0,0,0
2021-01-24,44,88,132,5,9,14,20,37,57,11,26,37,8,16,24,0,0,0,0,0,0,0,0,0,0,0,0
2021-01-25,281,460,741,45,77,122,84,147,231,80,144,224,70,90,160,2,2,4,0,0,0,0,0,0,0,0,0
2021-01-26,383,655,1038,43,105,148,148,186,334,107,220,327,80,140,220,5,4,9,0,0,0,0,0,0,0,0,0
2021-01-27,448,662,1110,75,116,191,170,195,365,117,194,311,82,155,237,4,2,6,0,0,0,0,0,0,0,0,0
2021-01-28,462,808,1270,76,145,221,153,273,426,129,226,355,103,163,266,1,1,2,0,0,0,0,0,0,0,0,0
2021-01-29,633,1061,1694,102,188,290,242,375,617,182,307,489,103,187,290,4,4,8,0,0,0,0,0,0,0,0,0
2021-01-30,152,260,412,19,39,58,59,104,163,45,77,122,29,40,69,0,0,0,0,0,0,0,0,0,0,0,0
2021-01-31,118,225,343,23,33,56,42,93,135,32,60,92,20,39,59,1,0,1,0,0,0,0,0,0,0,0,0
2021-02-01,546,944,1490,91,175,266,224,332,556,150,255,405,80,178,258,1,4,5,0,0,0,0,0,0,0,0,0
2021-02-02,1183,2004,3187,113,244,357,289,466,755,206,438,644,226,462,688,306,363,669,37,29,66,5,2,7,1,0,1
2021-02-03,1268,2312,3580,138,327,465,324,617,941,253,546,799,247,474,721,267,318,585,36,28,64,3,2,5,0,0,0
2021-02-04,1242,2324,3566,159,324,483,359,664,1023,292,566,858,221,482,703,167,250,417,39,35,74,4,3,7,1,0,1
2021-02-05,1910,3712,5622,280,578,858,620,1170,1790,405,909,1314,358,735,1093,191,276,467,51,42,93,5,2,7,0,0,0
2021-02-06,442,807,1249,81,118,199,136,277,413,116,230,346,86,155,241,22,26,48,1,1,2,0,0,0,0,0,0
2021-02-07,353,652,1005,54,90,144,113,237,350,110,192,302,58,111,169,16,21,37,2,1,3,0,0,0,0,0,0
2021-02-08,868,1593,2461,128,280,408,278,501,779,211,428,639,150,271,421,89,103,192,11,10,21,1,0,1,0,0,0
2021-02-09,992,1931,2923,141,342,483,304,571,875,227,462,689,181,403,584,120,146,266,14,7,21,5,0,5,0,0,0
2021-02-10,541,1028,1569,83,165,248,134,326,460,145,263,408,108,205,313,59,62,121,9,7,16,3,0,3,0,0,0
2021-02-11,453,1067,1520,71,181,252,144,348,492,97,269,366,71,198,269,57,63,120,12,8,20,1,0,1,0,0,0
2021-02-12,513,957,1470,74,158,232,168,333,501,117,279,396,91,138,229,47,41,88,13,8,21,3,0,3,0,0,0
2021-02-13,28,44,72,2,8,10,11,17,28,6,9,15,8,9,17,0,1,1,1,0,1,0,0,0,0,0,0
2021-02-14,6,25,31,2,7,9,2,8,10,0,10,10,2,0,2,0,0,0,0,0,0,0,0,0,0,0,0
2021-02-15,0,0,0,0,0,0,0,0,0,0,0,0,0,0,0,0,0,0,0,0,0,0,0,0,0,0,0
2021-02-16,11,36,47,1,1,2,8,18,26,2,13,15,0,3,3,0,0,0,0,1,1,0,0,0,0,0,0
2021-02-17,800,1508,2308,127,229,356,247,451,698,170,432,602,146,286,432,98,106,204,12,4,16,0,0,0,0,0,0
2021-02-18,1853,3890,5743,219,541,760,526,1050,1576,379,1025,1404,364,783,1147,267,391,658,79,94,173,19,6,25,0,0,0
2021-02-19,1676,3819,5495,196,534,730,449,1117,1566,430,984,1414,309,736,1045,211,335,546,66,103,169,12,10,22,3,0,3
2021-02-20,456,787,1243,45,84,129,138,273,411,112,193,305,88,150,238,53,82,135,19,5,24,1,0,1,0,0,0
2021-02-21,328,504,832,35,65,100,93,187,280,80,131,211,79,86,165,33,30,63,6,5,11,2,0,2,0,0,0
2021-02-22,3423,6241,9664,195,446,641,353,864,1217,270,700,970,255,545,800,312,314,626,394,533,927,1477,2413,3890,167,426,593
2021-02-23,3970,7385,11355,251,528,779,445,1096,1541,427,1002,1429,363,800,1163,478,612,1090,356,494,850,1472,2418,3890,178,435,613
2021-02-24,4053,7606,11659,257,463,720,552,1053,1605,447,966,1413,327,753,1080,385,506,891,400,616,1016,1521,2746,4267,164,503,667
2021-02-25,4039,7539,11578,234,533,767,525,1091,1616,494,895,1389,372,787,1159,344,493,837,335,572,907,1531,2659,4190,204,509,713
2021-02-26,3911,7861,11772,251,560,811,545,1117,1662,380,955,1335,396,857,1253,354,505,859,358,530,888,1439,2772,4211,188,565,753
2021-02-27,524,1101,1625,40,74,114,99,127,226,88,122,210,60,107,167,56,102,158,63,128,191,103,310,413,15,131,146
2021-02-28,155,354,509,15,17,32,30,59,89,17,35,52,13,17,30,35,33,68,15,38,53,25,93,118,5,62,67
2021-03-01,3084,6075,9159,111,233,344,263,529,792,223,399,622,165,383,548,193,250,443,358,559,917,1571,3190,4761,200,532,732
2021-03-02,3039,5882,8921,126,301,427,231,504,735,174,428,602,156,346,502,187,313,500,371,571,942,1585,2909,4494,209,510,719
2021-03-03,2882,5812,8694,133,258,391,251,595,846,221,495,716,159,388,547,138,235,373,304,518,822,1462,2781,4243,214,542,756
2021-03-04,1283,2869,4152,123,320,443,233,556,789,190,420,610,139,331,470,120,227,347,118,204,322,329,674,1003,31,137,168
2021-03-05,1118,2602,3720,95,246,341,248,577,825,196,548,744,165,401,566,120,217,337,75,143,218,186,390,576,33,80,113
2021-03-06,656,2325,2981,40,239,279,175,525,700,135,509,644,102,428,530,28,56,84,66,145,211,87,303,390,23,120,143
2021-03-07,648,2066,2714,35,191,226,146,490,636,147,456,603,122,361,483,35,44,79,68,132,200,75,251,326,20,141,161
2021-03-08,1455,3326,4781,91,254,345,185,444,629,135,389,524,137,351,488,131,271,402,179,307,486,525,1010,1535,72,300,372
2021-03-09,3765,6846,10611,158,306,464,334,686,1020,272,532,804,252,502,754,271,355,626,419,670,1089,1833,3127,4960,226,668,894
2021-03-10,4047,8721,12768,212,518,730,388,1124,1512,338,1110,1448,348,994,1342,224,334,558,404,646,1050,1885,3321,5206,248,674,922
2021-03-11,5188,12325,17513,410,915,1325,745,2034,2779,565,2186,2751,525,1625,2150,367,537,904,444,738,1182,1922,3650,5572,210,640,850
2021-03-12,3812,10311,14123,432,1052,1484,834,2529,3363,681,2529,3210,580,1861,2441,289,458,747,231,328,559,659,1282,1941,106,272,378
2021-03-13,1495,5103,6598,194,785,979,420,1502,1922,378,1402,1780,298,963,1261,90,129,219,30,79,109,68,175,243,17,68,85
2021-03-14,1044,3955,4999,97,513,610,305,1104,1409,292,1224,1516,242,936,1178,80,133,213,25,40,65,3,5,8,0,0,0
2021-03-15,2977,8977,11954,261,1028,1289,647,2214,2861,555,2166,2721,504,1691,2195,284,522,806,212,327,539,446,901,1347,68,128,196
2021-03-16,3929,9455,13384,268,844,1112,612,1781,2393,564,1721,2285,460,1428,1888,334,599,933,377,571,948,1204,2198,3402,110,313,423
2021-03-17,4181,9250,13431,295,681,976,622,1706,2328,579,1618,2197,448,1224,1672,392,706,1098,424,675,1099,1277,2307,3584,144,333,477
2021-03-18,4383,9873,14256,338,904,1242,747,1934,2681,684,1775,2459,582,1439,2021,324,592,916,440,693,1133,1128,2154,3282,140,382,522
2021-03-19,4170,9921,14091,358,999,1357,783,2070,2853,776,1873,2649,632,1501,2133,254,386,640,302,511,813,913,2048,2961,152,533,685
2021-03-20,2187,4941,7128,70,222,292,208,475,683,191,465,656,197,471,668,458,1076,1534,385,623,1008,580,1300,1880,98,309,407
2021-03-21,1675,3465,5140,24,63,87,71,134,205,43,81,124,95,195,290,638,1420,2058,419,686,1105,331,709,1040,54,177,231
2021-03-22,2091,4487,6578,166,299,465,313,693,1006,244,578,822,233,644,877,576,1446,2022,469,684,1153,77,118,195,13,25,38
2021-03-23,3029,6963,9992,121,272,393,264,583,847,217,536,753,206,461,667,409,870,1279,455,743,1198,1156,2717,3873,201,781,982
2021-03-24,1860,4130,5990,6,17,23,12,28,40,10,27,37,38,62,100,238,566,804,343,658,1001,1056,2270,3326,157,502,659
2021-03-25,2111,4302,6413,131,300,431,261,562,823,247,440,687,161,322,483,94,156,250,306,461,767,790,1654,2444,121,407,528
2021-03-26,1113,2636,3749,37,97,134,109,199,308,78,173,251,89,140,229,122,386,508,182,394,576,414,928,1342,82,319,401
2021-03-27,736,1864,2600,2,6,8,5,15,20,3,13,16,5,22,27,17,40,57,149,330,479,486,1082,1568,69,356,425
2021-03-28,709,1884,2593,2,4,6,3,7,10,1,10,11,8,13,21,30,39,69,141,259,400,433,1144,1577,91,408,499
2021-03-29,2306,5845,8151,201,527,728,422,1096,1518,349,901,1250,280,741,1021,151,287,438,239,397,636,553,1406,1959,111,490,601
2021-03-30,3157,7244,10401,122,297,419,245,659,904,229,538,767,1055,2378,3433,768,1249,2017,370,694,1064,305,1042,1347,63,387,450
2021-03-31,4166,8521,12687,231,529,760,494,1242,1736,433,1083,1516,237,500,737,162,220,382,2046,3172,5218,462,1297,1759,101,478,579
2021-04-01,4528,7585,12113,24,29,53,26,84,110,541,1035,1576,387,754,1141,68,201,269,3066,4353,7419,350,862,1212,66,267,333
2021-04-02,4415,7216,11631,1,3,4,2,6,8,911,1735,2646,8,14,22,15,26,41,3167,4649,7816,273,612,885,38,171,209
2021-04-03,3750,6084,9834,1,8,9,3,4,7,9,7,16,8,7,15,9,11,20,3579,5641,9220,107,292,399,34,114,148
2021-04-04,1105,1748,2853,0,0,0,1,1,2,1,7,8,4,5,9,18,16,34,1071,1691,2762,5,17,22,5,11,16
2021-04-05,6076,9807,15883,87,130,217,75,201,276,77,211,288,80,197,277,135,194,329,5461,8515,13976,129,264,393,32,95,127
2021-04-06,6845,11026,17871,104,149,253,125,230,355,70,152,222,63,123,186,113,183,296,6109,9549,15658,217,487,704,44,153,197
2021-04-07,7564,11919,19483,92,121,213,126,267,393,73,174,247,79,142,221,653,811,1464,6133,9499,15632,345,728,1073,63,177,240
2021-04-08,8486,12098,20584,163,165,328,210,270,480,103,157,260,85,167,252,1527,2232,3759,6221,8809,15030,153,220,373,24,78,102
2021-04-09,7351,11285,18636,128,249,377,225,388,613,122,258,380,90,186,276,1342,1857,3199,5266,7874,13140,147,334,481,31,139,170
2021-04-10,3105,4763,7868,49,108,157,64,151,215,77,121,198,54,122,176,656,1007,1663,2144,3171,5315,54,54,108,7,29,36
2021-04-11,2913,4621,7534,48,108,156,97,182,279,53,163,216,65,166,231,599,910,1509,2018,2999,5017,29,62,91,4,31,35
2021-04-12,8117,12527,20644,131,243,374,181,352,533,116,228,344,109,195,304,1612,2306,3918,5854,8924,14778,90,199,289,24,80,104
2021-04-13,7677,11785,19462,206,188,394,232,338,570,217,235,452,194,371,565,1967,3418,5385,4718,6876,11594,123,262,385,20,97,117
2021-04-14,6600,9807,16407,233,76,309,182,166,348,156,186,342,66,68,134,815,1026,1841,3838,5932,9770,1169,1954,3123,141,399,540
2021-04-15,3284,5711,8995,136,46,182,101,40,141,79,24,103,42,46,88,1295,2817,4112,1529,2488,4017,83,195,278,19,55,74
2021-04-16,3805,5743,9548,100,33,133,48,27,75,42,24,66,16,18,34,631,839,1470,2585,3850,6435,320,759,1079,63,193,256
2021-04-17,318,488,806,16,14,30,25,17,42,37,33,70,37,31,68,43,40,83,140,272,412,18,57,75,2,24,26
2021-04-18,148,162,310,16,6,22,22,16,38,30,33,63,43,29,72,9,17,26,15,17,32,9,29,38,4,15,19
2021-04-19,4046,6365,10411,159,30,189,64,14,78,50,16,66,15,12,27,491,678,1169,2806,4397,7203,396,980,1376,65,238,303
2021-04-20,6169,10591,16760,163,63,226,81,69,150,67,86,153,453,1060,1513,3018,4933,7951,1605,2446,4051,584,1338,1922,198,596,794
2021-04-21,8412,12094,20506,84,46,130,49,45,94,47,45,92,85,215,300,7757,10936,18693,330,624,954,47,127,174,13,56,69
2021-04-22,10069,13936,24005,47,47,94,39,46,85,32,52,84,42,68,110,9461,12975,22436,370,592,962,69,124,193,9,32,41
2021-04-23,10203,13208,23411,26,47,73,47,55,102,51,76,127,70,76,146,9733,12354,22087,218,390,608,50,142,192,8,68,76
2021-04-24,2916,3517,6433,5,9,14,5,8,13,15,16,31,18,22,40,2619,3191,5810,215,188,403,29,63,92,10,20,30
2021-04-25,81,124,205,2,2,4,4,3,7,5,12,17,9,7,16,57,79,136,2,9,11,0,8,8,2,4,6
2021-04-26,1506,2383,3889,14,5,19,12,14,26,9,10,19,5,16,21,1317,2014,3331,128,222,350,15,76,91,6,26,32
2021-04-27,1385,2856,4241,76,72,148,49,92,141,43,67,110,33,58,91,902,1668,2570,231,721,952,45,141,186,6,37,43
2021-04-28,7070,16046,23116,724,1836,2560,1551,4312,5863,1288,3853,5141,1016,2957,3973,2247,2635,4882,204,322,526,34,96,130,6,35,41
2021-04-29,6542,13164,19706,454,1323,1777,1077,3199,4276,1034,2995,4029,863,2363,3226,2739,2677,5416,297,375,672,58,166,224,20,66,86
2021-04-30,1331,1987,3318,71,125,196,97,177,274,49,94,143,33,74,107,833,1113,1946,201,281,482,36,81,117,11,42,53
2021-05-01,536,1074,1610,12,31,43,58,103,161,23,59,82,23,42,65,311,593,904,91,158,249,16,59,75,2,29,31
2021-05-02,4302,9845,14147,308,942,1250,814,2172,2986,812,2075,2887,641,1625,2266,493,1050,1543,1191,1841,3032,37,99,136,6,41,47
2021-05-03,8207,11549,19756,56,105,161,103,165,268,52,89,141,823,1161,1984,4894,6498,11392,2180,3287,5467,82,184,266,17,60,77
2021-05-04,11563,14288,25851,92,124,216,95,177,272,45,99,144,1978,2469,4447,9030,10985,20015,267,315,582,43,78,121,13,41,54
2021-05-05,10651,15328,25979,122,188,310,211,191,402,230,137,367,574,667,1241,3115,4630,7745,6095,8740,14835,267,625,892,37,150,187
2021-05-06,3622,5363,8985,110,100,210,155,116,271,199,56,255,423,426,849,1656,2732,4388,991,1784,2775,68,113,181,20,36,56
2021-05-07,7966,13101,21067,136,288,424,227,518,745,196,385,581,258,507,765,1384,2813,4197,5626,8271,13897,115,231,346,24,88,112
2021-05-08,2391,15304,17695,182,1614,1796,470,3501,3971,505,4605,5110,565,3639,4204,577,1790,2367,68,93,161,14,40,54,10,22,32
2021-05-09,138,223,361,0,0,0,0,0,0,1,0,1,22,12,34,71,78,149,14,21,35,22,65,87,8,47,55
2021-05-10,829,2514,3343,26,42,68,31,53,84,27,44,71,149,251,400,317,1419,1736,198,462,660,65,170,235,16,73,89
2021-05-11,3294,3933,7227,21,36,57,31,61,92,33,55,88,629,745,1374,2398,2688,5086,131,187,318,37,103,140,14,58,72
2021-05-12,3567,4418,7985,35,33,68,46,62,108,43,63,106,683,796,1479,2488,2795,5283,170,376,546,86,204,290,16,89,105
2021-05-13,2898,5403,8301,57,107,164,95,235,330,79,161,240,179,316,495,887,1712,2599,1496,2518,4014,87,251,338,18,103,121
2021-05-14,1337,3062,4399,55,99,154,92,189,281,75,137,212,169,237,406,588,1472,2060,286,658,944,54,181,235,18,89,107
2021-05-15,6415,5173,11588,20,43,63,38,67,105,31,49,80,1197,1205,2402,4994,3459,8453,96,174,270,30,122,152,9,54,63
2021-05-16,873,2308,3181,58,192,250,208,701,909,253,710,963,177,401,578,129,155,284,25,42,67,13,74,87,10,33,43
2021-05-17,4278,4339,8617,52,90,142,173,421,594,106,291,397,840,781,1621,2820,2200,5020,230,384,614,41,112,153,16,60,76
2021-05-18,4570,3914,8484,29,53,82,63,76,139,63,82,145,862,846,1708,3416,2516,5932,100,199,299,28,96,124,9,46,55
2021-05-19,3453,3343,6796,41,101,142,111,215,326,45,117,162,632,639,1271,2445,1815,4260,134,323,457,35,92,127,10,41,51
2021-05-20,10574,11957,22531,72,145,217,150,239,389,88,180,268,2926,3315,6241,6591,6504,13095,576,1026,1602,146,440,586,25,108,133
2021-05-21,2149,4393,6542,105,260,365,189,547,736,107,400,507,97,347,444,449,833,1282,1119,1794,2913,75,158,233,8,54,62
2021-05-22,1524,2127,3651,52,76,128,42,62,104,23,63,86,208,261,469,968,1233,2201,195,342,537,31,70,101,5,20,25
2021-05-23,2373,2362,4735,24,46,70,27,67,94,24,41,65,1007,1089,2096,1185,883,2068,80,154,234,19,65,84,7,17,24
2021-05-24,693,1572,2265,37,82,119,66,133,199,38,101,139,224,239,463,272,880,1152,51,104,155,5,25,30,0,8,8
2021-05-25,4609,8491,13100,10,22,32,6,16,22,2,17,19,179,172,351,278,742,1020,479,836,1315,3249,5709,8958,406,977,1383
2021-05-26,2272,3403,5675,34,49,83,42,81,123,35,71,106,1072,962,2034,199,335,534,167,315,482,619,1313,1932,104,277,381
2021-05-27,9335,15007,24342,61,117,178,96,164,260,94,163,257,2681,2455,5136,283,209,492,690,1193,1883,4835,9100,13935,595,1606,2201
2021-05-28,10522,14857,25379,107,156,263,174,244,418,292,270,562,5793,6776,12569,230,240,470,520,815,1335,3027,5352,8379,379,1004,1383
2021-05-29,8965,8340,17305,4,8,12,10,12,22,630,473,1103,7759,6926,14685,189,229,418,76,130,206,263,486,749,34,76,110
2021-05-30,8315,7556,15871,7,9,16,7,7,14,1776,1541,3317,6381,5837,12218,84,78,162,23,28,51,31,45,76,6,11,17
2021-05-31,11546,15360,26906,95,178,273,164,284,448,6352,6055,12407,3401,5520,8921,613,870,1483,188,366,554,633,1703,2336,100,384,484
2021-06-01,11114,12594,23708,193,255,448,599,414,1013,7059,7374,14433,2185,2518,4703,116,172,288,162,278,440,735,1296,2031,65,287,352
2021-06-02,9049,12849,21898,615,649,1264,1703,2600,4303,4010,5288,9298,2025,2598,4623,163,226,389,128,215,343,334,951,1285,71,322,393
2021-06-03,12658,19478,32136,3020,5033,8053,5231,7965,13196,3265,4403,7668,576,847,1423,152,207,359,90,190,280,274,637,911,50,196,246
2021-06-04,13229,16270,29499,2965,3587,6552,4770,4744,9514,2952,4214,7166,1015,1393,2408,1055,1166,2221,302,530,832,134,490,624,36,146,182
2021-06-05,10909,10247,21156,2667,2375,5042,4781,3929,8710,1840,1727,3567,682,695,1377,653,737,1390,147,283,430,107,362,469,32,139,171
2021-06-06,8401,9793,18194,3041,4028,7069,3794,4095,7889,921,732,1653,423,376,799,76,81,157,57,130,187,67,208,275,22,143,165
2021-06-07,13631,14162,27793,3083,3354,6437,3302,2748,6050,3291,3141,6432,3332,3892,7224,381,401,782,122,221,343,87,263,350,33,142,175
2021-06-08,12639,17028,29667,1008,1487,2495,1357,2040,3397,1474,2052,3526,8081,9938,18019,147,197,344,192,328,520,323,719,1042,57,267,324
2021-06-09,12592,13140,25732,336,337,673,650,671,1321,706,559,1265,10705,11103,21808,94,129,223,55,87,142,32,145,177,14,109,123
2021-06-10,14272,14950,29222,764,862,1626,1053,1210,2263,1918,2007,3925,10101,10093,20194,291,373,664,86,155,241,40,162,202,19,88,107
2021-06-11,9764,15819,25583,199,236,435,469,307,776,748,660,1408,1382,1495,2877,136,241,377,928,1456,2384,5360,9836,15196,542,1588,2130
2021-06-12,6331,7852,14183,438,594,1032,610,796,1406,1353,1554,2907,3087,3027,6114,48,83,131,145,293,438,570,1182,1752,80,323,403
2021-06-13,4110,4397,8507,202,255,457,283,329,612,908,963,1871,2636,2723,5359,37,40,77,12,19,31,26,59,85,6,9,15
2021-06-14,6096,6683,12779,748,855,1603,1031,1069,2100,1350,1350,2700,2659,2820,5479,48,67,115,40,95,135,196,338,534,24,89,113
2021-06-15,13952,13665,27617,119,179,298,204,286,490,433,455,888,12538,11614,24152,216,223,439,143,308,451,260,482,742,39,118,157
2021-06-16,7603,10251,17854,422,630,1052,835,1055,1890,1791,2111,3902,2052,2243,4295,160,217,377,1893,2760,4653,377,920,1297,73,315,388
2021-06-17,11561,14281,25842,196,286,482,438,440,878,2984,3226,6210,4189,4301,8490,528,683,1211,2754,4059,6813,393,955,1348,79,331,410
2021-06-18,14440,15206,29646,662,826,1488,1066,1117,2183,8422,8025,16447,3211,3290,6501,402,544,946,489,796,1285,159,438,597,29,170,199
2021-06-19,10624,11570,22194,213,301,514,147,249,396,8297,8441,16738,1465,1434,2899,252,283,535,103,215,318,115,419,534,32,228,260
2021-06-20,5,5,10,0,2,2,2,0,2,1,2,3,1,0,1,0,1,1,1,0,1,0,0,0,0,0,0
2021-06-21,6024,6119,12143,24,23,47,40,57,97,5058,5010,10068,652,623,1275,156,188,344,68,92,160,20,89,109,6,37,43
2021-06-22,5101,5194,10295,154,257,411,214,283,497,2349,2218,4567,1732,1504,3236,445,486,931,147,211,358,42,155,197,18,80,98
2021-06-23,9600,9618,19218,139,240,379,189,362,551,7891,7558,15449,1105,926,2031,141,223,364,67,118,185,54,131,185,14,60,74
2021-06-24,15416,19468,34884,206,409,615,643,4175,4818,13091,13021,26112,1080,1187,2267,232,315,547,127,215,342,32,107,139,5,39,44
2021-06-25,12904,18785,31689,402,1187,1589,720,3044,3764,4837,4938,9775,968,1115,2083,4577,6211,10788,1172,1646,2818,192,505,697,36,139,175
2021-06-26,9317,12014,21331,38,42,80,39,53,92,844,839,1683,565,699,1264,6850,8723,15573,794,1215,2009,159,342,501,28,101,129
2021-06-27,8156,9009,17165,64,108,172,78,142,220,3527,3597,7124,2785,2815,5600,1048,1231,2279,549,827,1376,87,241,328,18,48,66
2021-06-28,17299,19734,37033,698,1670,2368,609,2419,3028,13839,12906,26745,1258,1284,2542,699,1014,1713,145,259,404,40,109,149,11,73,84
2021-06-29,18267,18674,36941,201,355,556,458,823,1281,15773,14922,30695,756,788,1544,713,1047,1760,243,422,665,109,234,343,14,83,97
2021-06-30,19588,19310,38898,159,203,362,5159,4908,10067,12273,11667,23940,679,657,1336,1167,1525,2692,105,190,295,36,94,130,10,66,76
2021-07-01,12763,13405,26168,111,224,335,4814,4763,9577,5551,5238,10789,959,1057,2016,806,1100,1906,357,575,932,139,328,467,26,120,146
2021-07-02,9867,18296,28163,588,1190,1778,2352,3767,6119,1523,1741,3264,353,523,876,826,1384,2210,649,1204,1853,3101,6872,9973,475,1615,2090
2021-07-03,10942,12318,23260,23,43,66,6053,5328,11381,2557,2728,5285,501,574,1075,413,539,952,338,629,967,929,1977,2906,128,500,628
2021-07-04,10438,10334,20772,515,844,1359,9198,8452,17650,407,469,876,133,124,257,89,130,219,57,80,137,28,153,181,11,82,93
2021-07-05,5063,5500,10563,267,406,673,3531,3009,6540,248,286,534,138,130,268,319,462,781,238,408,646,279,607,886,43,192,235
2021-07-06,13016,12170,25186,424,666,1090,11624,9850,21474,272,328,600,189,244,433,182,212,394,103,218,321,186,492,678,36,160,196
2021-07-07,5662,6286,11948,160,154,314,3946,3578,7524,677,925,1602,254,398,652,147,219,366,151,309,460,281,548,829,46,155,201
2021-07-08,18840,16306,35146,370,533,903,15050,12312,27362,2291,2068,4359,716,734,1450,282,360,642,70,127,197,46,132,178,15,40,55
2021-07-09,12857,13034,25891,676,726,1402,8691,8237,16928,2217,2199,4416,840,837,1677,268,417,685,139,521,660,22,77,99,4,20,24
2021-07-10,10794,11466,22260,1460,1762,3222,7964,7829,15793,383,431,814,179,232,411,465,548,1013,255,423,678,77,192,269,11,49,60
2021-07-11,2153,3659,5812,258,363,621,1067,1289,2356,161,382,543,72,201,273,24,40,64,112,206,318,406,961,1367,53,217,270
2021-07-12,17966,15995,33961,3049,2947,5996,13980,11750,25730,441,533,974,231,273,504,107,171,278,60,127,187,81,147,228,17,47,64
2021-07-13,10316,8772,19088,1783,1634,3417,7352,5992,13344,750,631,1381,273,272,545,98,103,201,40,65,105,14,45,59,6,30,36
2021-07-14,3475,3309,6784,635,717,1352,2280,1904,4184,306,368,674,161,165,326,56,63,119,16,47,63,15,26,41,6,19,25
2021-07-15,13986,19627,33613,422,707,1129,1282,2363,3645,6873,7056,13929,1201,2355,3556,713,1142,1855,2568,3775,6343,805,1772,2577,122,457,579
2021-07-16,13828,19720,33548,340,421,761,1017,2982,3999,7266,8053,15319,496,677,1173,152,197,349,4081,6046,10127,405,1063,1468,71,281,352
2021-07-17,12183,13428,25611,1401,1745,3146,5131,5388,10519,4256,4465,8721,777,849,1626,246,263,509,293,504,797,64,170,234,15,44,59
2021-07-18,11195,11964,23159,2994,3788,6782,2897,2634,5531,3614,3617,7231,1437,1455,2892,167,234,401,64,138,202,19,77,96,3,21,24
2021-07-19,16621,17931,34552,2686,3296,5982,1459,2556,4015,10842,10005,20847,1099,1098,2197,201,223,424,132,211,343,154,424,578,48,118,166
2021-07-20,18466,19655,38121,7433,8479,15912,2522,2892,5414,7343,6731,14074,720,770,1490,192,236,428,155,296,451,83,192,275,18,59,77
2021-07-21,18610,18844,37454,13958,14048,28006,3322,3308,6630,687,718,1405,333,321,654,153,151,304,126,225,351,24,49,73,7,24,31
2021-07-22,19028,17451,36479,13001,11642,24643,4085,3600,7685,1171,1162,2333,502,610,1112,163,230,393,68,94,162,29,77,106,9,36,45
2021-07-23,15517,17566,33083,5958,7130,13088,2805,2894,5699,5657,6042,11699,787,947,1734,199,300,499,78,132,210,30,86,116,3,35,38
2021-07-24,14253,14613,28866,737,975,1712,489,455,944,5666,5460,11126,6929,7080,14009,257,316,573,92,120,212,77,157,234,6,50,56
2021-07-25,11596,13849,25445,6904,9095,15999,2925,2769,5694,900,1033,1933,621,622,1243,193,207,400,34,57,91,15,40,55,4,26,30
2021-07-26,17563,21849,39412,5546,6999,12545,4432,5691,10123,4583,5404,9987,2418,2736,5154,368,508,876,146,311,457,62,147,209,8,53,61
2021-07-27,15239,18800,34039,7078,8279,15357,2980,3839,6819,2802,3603,6405,1240,1477,2717,801,893,1694,234,399,633,85,243,328,19,67,86
2021-07-28,17779,20464,38243,15273,17159,32432,1276,1489,2765,727,1027,1754,314,466,780,128,172,300,34,83,117,18,47,65,9,21,30
2021-07-29,19004,18224,37228,15186,14247,29433,2008,1880,3888,1069,1228,2297,485,527,1012,167,178,345,65,76,141,17,51,68,7,37,44
2021-07-30,16584,16373,32957,5791,5338,11129,6063,5883,11946,3362,3461,6823,1042,1165,2207,230,284,514,58,143,201,34,57,91,4,42,46
2021-07-31,14484,11219,25703,1624,1718,3342,7682,6631,14313,4278,2018,6296,630,493,1123,195,190,385,49,78,127,20,61,81,6,30,36
2021-08-01,6360,7770,14130,1427,1895,3322,2824,3496,6320,1379,1430,2809,480,546,1026,184,234,418,47,95,142,16,49,65,3,25,28
2021-08-02,18618,18073,36691,2959,3340,6299,11142,9865,21007,3580,3705,7285,686,751,1437,172,232,404,57,104,161,16,56,72,6,20,26
2021-08-03,16432,15354,31786,8046,7325,15371,2970,2691,5661,2578,2191,4769,2473,2703,5176,288,275,563,55,89,144,15,56,71,7,24,31
2021-08-04,12949,15243,28192,1981,2553,4534,2736,2862,5598,1613,2010,3623,6342,7421,13763,186,236,422,68,96,164,20,47,67,3,18,21
2021-08-05,9159,8942,18101,3706,3481,7187,3603,3392,6995,1266,1285,2551,422,496,918,124,154,278,27,86,113,10,30,40,1,18,19
2021-08-06,4449,5370,9819,668,785,1453,865,782,1647,367,349,716,207,247,454,1112,1473,2585,1199,1661,2860,27,57,84,4,16,20
2021-08-07,10246,14429,24675,1093,897,1990,59,66,125,44,64,108,59,59,118,1303,1876,3179,7584,11244,18828,89,177,266,15,46,61
2021-08-08,9096,12960,22056,8,16,24,11,17,28,10,15,25,28,61,89,5296,7249,12545,3616,5353,8969,109,211,320,18,38,56
2021-08-09,14277,19674,33951,136,158,294,212,215,427,172,235,407,1044,1530,2574,10611,14590,25201,1997,2683,4680,93,218,311,12,45,57
2021-08-10,14374,19017,33391,352,419,771,496,524,1020,1181,836,2017,1350,1803,3153,7287,9818,17105,3568,5319,8887,120,243,363,20,55,75
2021-08-11,15021,16645,31666,1324,1117,2441,288,447,735,304,427,731,2428,2628,5056,8846,9092,17938,1688,2649,4337,127,230,357,16,55,71
2021-08-12,9661,12939,22600,382,431,813,255,287,542,229,275,504,1809,2273,4082,3733,4317,8050,3108,4993,8101,120,295,415,25,68,93
2021-08-13,13102,18204,31306,117,129,246,187,182,369,147,193,340,375,450,825,5612,6984,12596,6317,9360,15677,299,725,1024,48,181,229
2021-08-14,8424,12714,21138,87,132,219,149,216,365,160,310,470,1598,2179,3777,5545,8179,13724,784,1393,2177,83,244,327,18,61,79
2021-08-15,11644,12616,24260,465,556,1021,795,965,1760,1413,1420,2833,6737,7028,13765,1702,1630,3332,437,757,1194,77,192,269,18,68,86
2021-08-16,9388,11905,21293,1417,1584,3001,1137,1252,2389,2507,2934,5441,1912,2353,4265,1101,1415,2516,1154,1921,3075,131,352,483,29,94,123
2021-08-17,16164,14021,30185,7555,6642,14197,6251,5459,11710,1377,1214,2591,791,417,1208,138,178,316,33,65,98,14,40,54,5,6,11
2021-08-18,11474,12342,23816,4856,4596,9452,1414,1752,3166,1197,1374,2571,1757,1875,3632,1704,1711,3415,471,829,1300,66,162,228,9,43,52
2021-08-19,6004,6230,12234,2417,2295,4712,811,797,1608,474,583,1057,1447,1395,2842,585,655,1240,230,407,637,35,77,112,5,21,26
2021-08-20,13254,12358,25612,2498,2564,5062,1520,1152,2672,1213,1000,2213,7729,7179,14908,204,248,452,68,151,219,19,52,71,3,12,15
2021-08-21,9371,12156,21527,1587,2117,3704,2261,3342,5603,2195,2938,5133,2840,3094,5934,376,421,797,87,155,242,20,67,87,5,22,27
2021-08-22,9911,11211,21122,1537,1944,3481,5247,5487,10734,1736,2108,3844,960,1116,2076,347,417,764,68,108,176,14,29,43,2,2,4
2021-08-23,17330,15699,33029,7355,6935,14290,7717,6297,14014,1317,1341,2658,675,719,1394,206,251,457,46,100,146,13,38,51,1,18,19
2021-08-24,12463,13211,25674,8991,9246,18237,1915,1804,3719,801,950,1751,541,762,1303,168,275,443,36,110,146,7,46,53,4,18,22
2021-08-25,15736,15814,31550,2361,2407,4768,1173,1539,2712,6768,6401,13169,4890,4740,9630,407,466,873,103,151,254,29,81,110,5,29,34
2021-08-26,15161,17687,32848,1908,2484,4392,926,1311,2237,582,834,1416,3743,3680,7423,6716,6888,13604,1113,1952,3065,140,427,567,33,111,144
2021-08-27,18473,18073,36546,10935,10817,21752,3394,2758,6152,1008,1032,2040,2435,2521,4956,552,657,1209,116,192,308,28,70,98,5,26,31
2021-08-28,11091,13334,24425,8193,10487,18680,1654,1446,3100,779,719,1498,335,444,779,84,113,197,36,90,126,8,29,37,2,6,8
2021-08-29,11491,12842,24333,973,1267,2240,553,711,1264,2027,2112,4139,7443,8034,15477,322,415,737,121,232,353,47,58,105,5,13,18
2021-08-30,16035,16801,32836,4038,3684,7722,2370,2311,4681,3182,2981,6163,3910,3961,7871,1656,2124,3780,750,1303,2053,116,346,462,13,91,104
2021-08-31,15681,17413,33094,11158,12721,23879,2027,1858,3885,1594,1657,3251,640,725,1365,174,262,436,66,114,180,17,56,73,5,20,25
2021-09-01,16058,17136,33194,14458,14385,28843,607,657,1264,383,514,897,270,473,743,236,738,974,89,288,377,14,70,84,1,11,12
2021-09-02,15974,19072,35046,9721,9728,19449,1542,2371,3913,2657,3856,6513,1515,2325,3840,362,499,861,154,215,369,20,69,89,3,9,12
2021-09-03,14704,17231,31935,6092,6137,12229,1637,1746,3383,4336,5761,10097,1620,2151,3771,824,1055,1879,162,284,446,30,73,103,3,24,27
2021-09-04,12157,12059,24216,3295,3308,6603,3441,3182,6623,4733,4767,9500,528,532,1060,115,164,279,38,70,108,6,32,38,1,4,5
2021-09-05,12264,12135,24399,1260,1339,2599,2422,2306,4728,7652,7523,15175,763,732,1495,123,174,297,38,38,76,5,17,22,1,6,7
2021-09-06,16290,16010,32300,1592,1497,3089,665,751,1416,10877,10775,21652,2617,2258,4875,417,508,925,94,146,240,20,62,82,8,13,21
2021-09-07,18195,20212,38407,965,1373,2338,1680,2525,4205,8137,7632,15769,3664,3827,7491,2963,3451,6414,663,1031,1694,97,306,403,26,67,93
2021-09-08,10514,10563,21077,2504,2199,4703,2685,2518,5203,3030,3144,6174,1465,1597,3062,622,666,1288,167,278,445,36,122,158,5,39,44
2021-09-09,15191,15019,30210,2461,2610,5071,9214,8424,17638,2180,2380,4560,1058,1169,2227,214,263,477,48,94,142,13,67,80,3,12,15
2021-09-10,5048,5435,10483,2277,2175,4452,783,960,1743,387,426,813,1194,1309,2503,330,404,734,59,121,180,16,36,52,2,4,6
2021-09-11,3393,3263,6656,684,683,1367,1659,1397,3056,258,297,555,688,757,1445,74,79,153,28,32,60,2,15,17,0,3,3
2021-09-12,862,978,1840,217,281,498,345,334,679,186,216,402,91,112,203,18,20,38,5,12,17,0,2,2,0,1,1
2021-09-13,7396,7270,14666,4363,4517,8880,2639,2311,4950,206,224,430,116,122,238,39,37,76,18,23,41,9,25,34,6,11,17
2021-09-14,6477,7587,14064,488,596,1084,413,468,881,390,449,839,4253,4522,8775,751,1247,1998,154,218,372,25,65,90,3,22,25
2021-09-15,17592,19942,37534,1137,1582,2719,1643,2310,3953,3394,3865,7259,8707,8848,17555,2389,2750,5139,233,410,643,71,138,209,18,39,57
2021-09-16,16649,18980,35629,2388,3402,5790,9595,10119,19714,2405,2587,4992,1360,1675,3035,725,831,1556,131,249,380,37,94,131,8,23,31
2021-09-17,14010,14223,28233,8431,8581,17012,3143,2922,6065,1304,1333,2637,797,873,1670,231,301,532,78,127,205,21,67,88,5,19,24
2021-09-18,12216,13185,25401,8609,8977,17586,2121,2203,4324,911,1139,2050,451,601,1052,96,172,268,18,60,78,8,28,36,2,5,7
2021-09-19,9180,9336,18516,5304,5084,10388,2127,2144,4271,1035,1144,2179,513,560,1073,130,189,319,53,136,189,17,63,80,1,16,17
2021-09-20,7207,6928,14135,3449,3318,6767,2207,1869,4076,856,912,1768,430,452,882,175,204,379,77,125,202,10,40,50,3,8,11
2021-09-21,12379,11532,23911,10033,9294,19327,1351,1083,2434,552,544,1096,291,348,639,107,168,275,31,61,92,11,23,34,3,11,14
2021-09-22,8650,7837,16487,5558,4878,10436,2007,1633,3640,579,599,1178,293,363,656,132,169,301,61,127,188,16,46,62,4,22,26
2021-09-23,5828,5962,11790,3958,4073,8031,1077,966,2043,450,464,914,234,269,503,57,97,154,41,56,97,11,29,40,0,8,8
2021-09-24,5762,5924,11686,2969,3049,6018,1230,1228,2458,983,937,1920,427,442,869,102,144,246,39,70,109,10,38,48,2,16,18
2021-09-25,3678,3069,6747,1128,933,2061,1326,840,2166,573,611,1184,500,535,1035,124,108,232,18,27,45,8,11,19,1,4,5
2021-09-26,12284,11239,23523,681,764,1445,1621,1664,3285,5069,4447,9516,4529,3818,8347,317,371,688,53,107,160,12,58,70,2,10,12
2021-09-27,11940,11027,22967,1878,2242,4120,5445,4749,10194,3175,2659,5834,1185,967,2152,188,247,435,46,87,133,22,56,78,1,20,21
2021-09-28,14090,14006,28096,1012,963,1975,9717,8272,17989,1251,1422,2673,800,946,1746,555,772,1327,601,1123,1724,138,409,547,16,99,115
2021-09-29,8766,8616,17382,2570,2766,5336,4424,3806,8230,874,880,1754,546,561,1107,204,246,450,113,225,338,35,104,139,0,28,28
2021-09-30,8573,9897,18470,5362,5766,11128,1117,1378,2495,1059,971,2030,737,1073,1810,227,476,703,56,161,217,14,62,76,1,10,11
2021-10-01,5677,5604,11281,2923,3019,5942,1255,1235,2490,854,711,1565,492,421,913,119,127,246,29,56,85,5,29,34,0,6,6
2021-10-02,2857,2800,5657,1184,1219,2403,840,721,1561,488,471,959,242,213,455,73,94,167,20,49,69,9,26,35,1,7,8
2021-10-03,3195,2778,5973,1512,1321,2833,1010,747,1757,409,354,763,157,179,336,80,107,187,19,45,64,7,21,28,1,4,5
2021-10-04,5728,5488,11216,2502,2331,4833,1859,1572,3431,728,718,1446,408,460,868,161,256,417,53,96,149,13,41,54,4,14,18
2021-10-05,3428,3352,6780,1386,1424,2810,953,821,1774,589,560,1149,357,373,730,109,108,217,23,34,57,8,24,32,3,8,11
2021-10-06,7184,7346,14530,5580,5809,11389,737,622,1359,470,443,913,261,281,542,91,109,200,31,41,72,11,28,39,3,13,16
2021-10-07,3070,3021,6091,1320,1159,2479,852,787,1639,412,438,850,327,382,709,124,164,288,27,57,84,3,25,28,5,9,14
2021-10-08,10660,10451,21111,660,916,1576,6166,5467,11633,1209,1305,2514,1388,1471,2859,1170,1155,2325,49,90,139,17,41,58,1,6,7
2021-10-09,9817,9647,19464,617,746,1363,4482,3962,8444,1230,1241,2471,2270,2350,4620,1164,1215,2379,42,92,134,12,34,46,0,7,7
2021-10-10,6997,7158,14155,439,621,1060,3579,3311,6890,785,888,1673,1335,1356,2691,823,891,1714,25,61,86,10,24,34,1,6,7
2021-10-11,4620,4520,9140,2576,2409,4985,1072,1038,2110,568,529,1097,275,309,584,84,122,206,35,67,102,10,42,52,0,4,4
2021-10-12,10931,10232,21163,6791,6092,12883,1390,1315,2705,1289,1333,2622,943,949,1892,434,421,855,69,87,156,14,28,42,1,7,8
2021-10-13,16563,17472,34035,15157,15838,30995,439,472,911,437,466,903,352,437,789,144,179,323,19,37,56,12,26,38,3,17,20
2021-10-14,13132,13031,26163,9733,9451,19184,1721,1709,3430,879,894,1773,525,614,1139,197,227,424,57,79,136,16,46,62,4,11,15
2021-10-15,12948,12505,25453,7485,6733,14218,3208,3018,6226,1326,1374,2700,628,823,1451,217,381,598,66,117,183,16,44,60,2,15,17
2021-10-16,8766,8937,17703,6378,6275,12653,1296,1325,2621,629,739,1368,308,349,657,118,151,269,30,64,94,7,23,30,0,11,11
2021-10-17,3106,3564,6670,2100,2227,4327,421,530,951,278,349,627,197,264,461,86,119,205,20,49,69,3,22,25,1,4,5
2021-10-18,12191,11795,23986,9733,9488,19221,996,857,1853,827,708,1535,479,468,947,132,196,328,19,42,61,5,23,28,0,13,13
2021-10-19,9229,8841,18070,5786,5551,11337,1548,1346,2894,1023,988,2011,534,555,1089,293,317,610,33,57,90,11,18,29,1,9,10
2021-10-20,8947,8579,17526,7101,6836,13937,833,726,1559,583,543,1126,289,283,572,110,117,227,21,47,68,7,21,28,3,6,9
2021-10-21,10808,11204,22012,8557,9042,17599,1045,897,1942,581,537,1118,365,363,728,195,228,423,37,64,101,26,49,75,2,24,26
2021-10-22,13794,14570,28364,10914,11310,22224,1367,1384,2751,680,801,1481,585,653,1238,191,263,454,43,96,139,14,54,68,0,9,9
2021-10-23,8695,8773,17468,7449,7523,14972,686,664,1350,258,283,541,176,164,340,89,82,171,23,35,58,10,17,27,4,5,9
2021-10-24,9146,9123,18269,8681,8614,17295,190,198,388,126,142,268,79,80,159,49,58,107,14,21,35,5,7,12,2,3,5
2021-10-25,9941,10279,20220,8019,7883,15902,853,875,1728,597,690,1287,299,415,714,113,227,340,44,120,164,13,56,69,3,13,16
2021-10-26,11736,11391,23127,10305,10017,20322,769,675,1444,325,340,665,208,192,400,87,78,165,28,42,70,12,30,42,2,17,19
2021-10-27,12389,12615,25004,11149,11295,22444,561,573,1134,365,365,730,203,206,409,74,108,182,32,46,78,5,19,24,0,3,3
2021-10-28,12705,12859,25564,11236,11323,22559,663,612,1275,406,412,818,256,268,524,95,137,232,36,56,92,8,35,43,5,16,21
2021-10-29,12425,12413,24838,11534,11505,23039,478,428,906,210,239,449,123,117,240,60,61,121,13,30,43,6,24,30,1,9,10
2021-10-30,8464,8578,17042,7885,7978,15863,321,299,620,144,153,297,75,78,153,34,39,73,3,22,25,2,7,9,0,2,2
2021-10-31,8022,7859,15881,7348,7227,14575,335,337,672,180,145,325,101,85,186,35,34,69,16,22,38,5,7,12,2,2,4
2021-11-01,7906,7109,15015,4568,4369,8937,2290,1685,3975,627,515,1142,277,296,573,119,154,273,22,65,87,3,16,19,0,9,9
2021-11-02,3814,3789,7603,2432,2167,4599,814,820,1634,315,394,709,165,227,392,59,104,163,13,44,57,7,21,28,9,12,21
2021-11-03,9400,10045,19445,8788,9433,18221,275,244,519,175,160,335,109,106,215,35,54,89,11,26,37,6,16,22,1,6,7
2021-11-04,9654,9735,19389,9089,9106,18195,247,266,513,162,147,309,86,83,169,36,61,97,19,46,65,10,18,28,5,8,13
2021-11-05,3891,3491,7382,3357,2980,6337,214,212,426,137,124,261,115,78,193,40,48,88,18,23,41,9,17,26,1,9,10
2021-11-06,3282,3256,6538,2871,2797,5668,180,177,357,95,113,208,87,102,189,34,33,67,8,21,29,5,11,16,2,2,4
2021-11-07,3223,3107,6330,2733,2649,5382,221,201,422,131,107,238,78,57,135,36,46,82,16,24,40,8,16,24,0,7,7
2021-11-08,8833,9098,17931,8080,8134,16214,336,387,723,205,235,440,132,176,308,56,91,147,19,54,73,4,11,15,1,10,11
2021-11-09,4088,4118,8206,3547,3479,7026,259,274,533,156,164,320,87,111,198,30,43,73,6,28,34,3,11,14,0,8,8
2021-11-10,5915,5473,11388,5412,4909,10321,239,244,483,120,122,242,68,75,143,52,50,102,20,39,59,3,21,24,1,13,14
2021-11-11,4946,4665,9611,4283,3959,8242,300,250,550,162,172,334,101,125,226,43,68,111,32,49,81,21,34,55,4,8,12
2021-11-12,7524,7602,15126,6844,6861,13705,249,248,497,216,226,442,117,105,222,61,88,149,24,45,69,8,20,28,5,9,14
2021-11-13,1160,1057,2217,1150,1044,2194,4,3,7,2,2,4,1,3,4,1,4,5,0,1,1,1,0,1,1,0,1
2021-11-14,1372,1362,2734,1357,1352,2709,7,6,13,5,3,8,3,0,3,0,1,1,0,0,0,0,0,0,0,0,0
2021-11-15,6707,6741,13448,6007,5985,11992,249,272,521,236,242,478,169,161,330,34,40,74,8,25,33,4,14,18,0,2,2
2021-11-16,10016,9678,19694,7636,7564,15200,1033,848,1881,866,733,1599,310,295,605,131,153,284,32,45,77,7,31,38,1,9,10
2021-11-17,11920,11656,23576,11348,11041,22389,313,276,589,127,145,272,85,99,184,28,44,72,9,25,34,4,16,20,6,10,16
2021-11-18,11515,11265,22780,11014,10755,21769,226,200,426,146,140,286,84,85,169,32,39,71,9,18,27,2,16,18,2,12,14
2021-11-19,11097,10802,21899,10216,9859,20075,408,393,801,226,231,457,151,177,328,61,78,139,28,37,65,7,20,27,0,7,7
2021-11-20,3630,3857,7487,3283,3468,6751,129,129,258,97,110,207,76,71,147,23,45,68,13,21,34,7,11,18,2,2,4
2021-11-21,3789,3883,7672,3288,3338,6626,177,182,359,134,155,289,117,126,243,51,52,103,14,19,33,6,8,14,2,3,5
2021-11-22,4732,4806,9538,4236,4267,8503,209,225,434,138,123,261,97,106,203,37,37,74,11,28,39,3,13,16,1,7,8
2021-11-23,7463,7504,14967,6609,6655,13264,402,373,775,225,216,441,157,152,309,45,62,107,17,24,41,6,17,23,2,5,7
2021-11-24,8436,8222,16658,7557,7378,14935,439,366,805,240,219,459,135,146,281,37,63,100,16,27,43,9,18,27,3,5,8
2021-11-25,2527,2423,4950,1909,1786,3695,345,271,616,146,182,328,59,79,138,38,50,88,15,24,39,10,27,37,5,4,9
2021-11-26,6183,6080,12263,5148,5080,10228,451,415,866,299,271,570,180,154,334,62,88,150,28,44,72,13,18,31,2,10,12
2021-11-27,5034,5044,10078,4534,4464,8998,188,207,395,134,148,282,111,122,233,43,54,97,16,26,42,4,16,20,4,7,11
2021-11-28,4784,4545,9329,4337,4072,8409,221,230,451,111,124,235,63,63,126,38,25,63,9,21,30,5,8,13,0,2,2
2021-11-29,4664,4658,9322,3887,3869,7756,395,391,786,225,208,433,111,94,205,31,58,89,10,23,33,3,8,11,2,7,9
2021-11-30,5709,5671,11380,4695,4596,9291,568,549,1117,235,219,454,114,144,258,67,95,162,20,44,64,7,15,22,3,9,12
2021-12-01,6896,6541,13437,5996,5576,11572,429,395,824,221,224,445,159,164,323,58,106,164,25,47,72,7,21,28,1,8,9
2021-12-02,7177,7319,14496,6086,6019,12105,509,476,985,365,405,770,132,228,360,55,86,141,24,65,89,5,27,32,1,13,14
2021-12-03,2365,2288,4653,1783,1696,3479,297,284,581,136,127,263,75,85,160,52,50,102,18,31,49,3,12,15,1,3,4
2021-12-04,2519,2549,5068,2173,2205,4378,136,132,268,104,83,187,52,61,113,33,35,68,16,20,36,5,8,13,0,5,5
2021-12-05,1962,2002,3964,1631,1627,3258,169,162,331,73,90,163,52,61,113,26,36,62,7,14,21,3,8,11,1,4,5
2021-12-06,5186,5177,10363,4429,4346,8775,357,364,721,218,246,464,112,123,235,45,53,98,20,27,47,4,14,18,1,4,5
2021-12-07,3973,3995,7968,3086,3062,6148,440,429,869,236,246,482,122,116,238,57,84,141,27,40,67,3,14,17,2,4,6
2021-12-08,3037,2976,6013,2462,2435,4897,238,206,444,142,130,272,121,106,227,48,57,105,20,25,45,4,11,15,2,6,8
2021-12-09,5349,5217,10566,4819,4631,9450,237,219,456,142,152,294,85,96,181,43,61,104,18,38,56,4,18,22,1,2,3
2021-12-10,3365,3211,6576,2899,2699,5598,224,209,433,117,103,220,64,90,154,43,51,94,11,25,36,7,18,25,0,16,16
