FECHA,TotalA,TotalB,Total,<=30A,<=30B,<=30,31-40A,31-40B,31-40,41-50A,41-50B,41-50,51-60A,51-60B,51-60,61-70A,61-70B,61-70,71-80A,71-80B,71-80,81-90A,81-90B,81-90,>=91A,>=91B,>=91
2020-12-29,707,0,707,110,0,110,232,0,232,223,0,223,139,0,139,3,0,3,0,0,0,0,0,0,0,0,0
2020-12-30,1520,0,1520,255,0,255,496,0,496,469,0,469,294,0,294,6,0,6,0,0,0,0,0,0,0,0,0
2020-12-31,1609,0,1609,265,0,265,525,0,525,502,0,502,310,0,310,7,0,7,0,0,0,0,0,0,0,0,0
2021-01-01,1609,0,1609,265,0,265,525,0,525,502,0,502,310,0,310,7,0,7,0,0,0,0,0,0,0,0,0
2021-01-02,2011,0,2011,310,0,310,682,0,682,623,0,623,387,0,387,9,0,9,0,0,0,0,0,0,0,0,0
2021-01-03,2166,0,2166,333,0,333,748,0,748,664,0,664,412,0,412,9,0,9,0,0,0,0,0,0,0,0,0
2021-01-04,3045,0,3045,488,0,488,1049,0,1049,922,0,922,576,0,576,10,0,10,0,0,0,0,0,0,0,0,0
2021-01-05,4291,0,4291,691,0,691,1505,0,1505,1272,0,1272,808,0,808,14,0,14,1,0,1,0,0,0,0,0,0
2021-01-06,5632,0,5632,934,0,934,1951,0,1951,1658,0,1658,1071,0,1071,17,0,17,1,0,1,0,0,0,0,0,0
2021-01-07,7109,0,7109,1181,0,1181,2463,0,2463,2087,0,2087,1360,0,1360,17,0,17,1,0,1,0,0,0,0,0,0
2021-01-08,8955,0,8955,1532,0,1532,3093,0,3093,2616,0,2616,1688,0,1688,25,0,25,1,0,1,0,0,0,0,0,0
2021-01-09,9395,0,9395,1586,0,1586,3266,0,3266,2754,0,2754,1763,0,1763,25,0,25,1,0,1,0,0,0,0,0,0
2021-01-10,9964,0,9964,1667,0,1667,3507,0,3507,2909,0,2909,1853,0,1853,27,0,27,1,0,1,0,0,0,0,0,0
2021-01-11,11817,0,11817,2036,0,2036,4175,0,4175,3406,0,3406,2167,0,2167,32,0,32,1,0,1,0,0,0,0,0,0
2021-01-12,13499,0,13499,2322,0,2322,4799,0,4799,3846,0,3846,2497,0,2497,34,0,34,1,0,1,0,0,0,0,0,0
2021-01-13,14856,0,14856,2581,0,2581,5287,0,5287,4208,0,4208,2744,0,2744,35,0,35,1,0,1,0,0,0,0,0,0
2021-01-14,17075,0,17075,3031,0,3031,6066,0,6066,4820,0,4820,3121,0,3121,36,0,36,1,0,1,0,0,0,0,0,0
2021-01-15,20491,0,20491,3698,0,3698,7304,0,7304,5738,0,5738,3711,0,3711,39,0,39,1,0,1,0,0,0,0,0,0
2021-01-16,21821,0,21821,3947,0,3947,7808,0,7808,6100,0,6100,3926,0,3926,39,0,39,1,0,1,0,0,0,0,0,0
2021-01-17,22652,0,22652,4106,0,4106,8136,0,8136,6326,0,6326,4044,0,4044,39,0,39,1,0,1,0,0,0,0,0,0
2021-01-18,23156,0,23156,4188,0,4188,8300,0,8300,6486,0,6486,4142,0,4142,39,0,39,1,0,1,0,0,0,0,0,0
2021-01-19,23533,380,23913,4249,42,4291,8433,120,8553,6593,133,6726,4218,82,4300,39,3,42,1,0,1,0,0,0,0,0,0
2021-01-20,23743,966,24709,4287,131,4418,8497,316,8813,6658,313,6971,4260,202,4462,40,4,44,1,0,1,0,0,0,0,0,0
2021-01-21,23851,1173,25024,4306,165,4471,8523,386,8909,6690,377,7067,4285,240,4525,45,5,50,2,0,2,0,0,0,0,0,0
2021-01-22,23865,1243,25108,4310,177,4487,8524,412,8936,6695,401,7096,4287,247,4534,46,6,52,3,0,3,0,0,0,0,0,0
2021-01-23,23896,1534,25430,4313,206,4519,8538,525,9063,6704,491,7195,4292,305,4597,46,7,53,3,0,3,0,0,0,0,0,0
2021-01-24,23908,1654,25562,4315,218,4533,8542,578,9120,6706,526,7232,4296,325,4621,46,7,53,3,0,3,0,0,0,0,0,0
2021-01-25,23967,2335,26302,4327,328,4655,8554,798,9352,6726,729,7455,4311,470,4781,46,10,56,3,0,3,0,0,0,0,0,0
2021-01-26,24056,3269,27325,4333,468,4801,8584,1100,9684,6754,1022,7776,4333,663,4996,49,16,65,3,0,3,0,0,0,0,0,0
2021-01-27,24126,4309,28435,4347,644,4991,8606,1444,10050,6770,1317,8087,4348,885,5233,52,19,71,3,0,3,0,0,0,0,0,0
2021-01-28,24201,5504,29705,4355,856,5211,8632,1844,10476,6792,1650,8442,4365,1135,5500,54,19,73,3,0,3,0,0,0,0,0,0
2021-01-29,24243,7157,31400,4357,1144,5501,8645,2448,11093,6805,2126,8931,4379,1412,5791,54,27,81,3,0,3,0,0,0,0,0,0
2021-01-30,24247,7565,31812,4357,1201,5558,8646,2610,11256,6808,2246,9054,4379,1481,5860,54,27,81,3,0,3,0,0,0,0,0,0
2021-01-31,24248,7907,32155,4357,1257,5614,8646,2745,11391,6808,2338,9146,4380,1539,5919,54,28,82,3,0,3,0,0,0,0,0,0
2021-02-01,24248,9396,33644,4357,1523,5880,8646,3301,11947,6808,2743,9551,4380,1796,6176,54,33,87,3,0,3,0,0,0,0,0,0
2021-02-02,25975,10856,36831,4454,1783,6237,8899,3802,12701,7068,3128,10196,4755,2109,6864,722,34,756,69,0,69,7,0,7,1,0,1
2021-02-03,28329,12080,40409,4684,2018,6702,9420,4222,13642,7551,3444,10995,5224,2360,7584,1305,36,1341,132,0,132,12,0,12,1,0,1
2021-02-04,30095,13880,43975,4829,2356,7185,9797,4868,14665,7905,3948,11853,5615,2672,8287,1722,36,1758,206,0,206,19,0,19,2,0,2
2021-02-05,32908,16688,49596,5151,2892,8043,10543,5912,16455,8490,4677,13167,6212,3167,9379,2185,40,2225,299,0,299,26,0,26,2,0,2
2021-02-06,33208,17636,50844,5176,3066,8242,10622,6245,16867,8565,4948,13513,6283,3337,9620,2233,40,2273,301,0,301,26,0,26,2,0,2
2021-02-07,33582,18267,51849,5224,3162,8386,10746,6471,17217,8667,5148,13815,6343,3446,9789,2270,40,2310,304,0,304,26,0,26,2,0,2
2021-02-08,34757,19552,54309,5365,3429,8794,11064,6932,17996,8950,5503,14453,6562,3648,10210,2462,40,2502,325,0,325,27,0,27,2,0,2
2021-02-09,36735,20492,57227,5677,3600,9277,11615,7252,18867,9369,5774,15143,6968,3826,10794,2727,40,2767,345,0,345,32,0,32,2,0,2
2021-02-10,37754,21040,58794,5826,3699,9525,11880,7446,19326,9622,5928,15550,7180,3927,11107,2848,40,2888,361,0,361,35,0,35,2,0,2
2021-02-11,38868,21444,60312,5997,3780,9777,12218,7599,19817,9880,6035,15915,7392,3985,11377,2962,45,3007,381,0,381,36,0,36,2,0,2
2021-02-12,39771,22001,61772,6125,3880,10005,12518,7799,20317,10101,6206,16307,7535,4070,11605,3049,46,3095,402,0,402,39,0,39,2,0,2
2021-02-13,39802,22042,61844,6129,3886,10015,12527,7818,20345,10109,6213,16322,7543,4079,11622,3050,46,3096,403,0,403,39,0,39,2,0,2
2021-02-14,39803,22072,61875,6129,3895,10024,12527,7828,20355,10110,6222,16332,7543,4081,11624,3050,46,3096,403,0,403,39,0,39,2,0,2
2021-02-15,39803,22072,61875,6129,3895,10024,12527,7828,20355,10110,6222,16332,7543,4081,11624,3050,46,3096,403,0,403,39,0,39,2,0,2
2021-02-16,39809,22113,61922,6129,3897,10026,12532,7849,20381,10111,6236,16347,7543,4084,11627,3050,46,3096,403,1,404,39,0,39,2,0,2
2021-02-17,41806,22420,64226,6430,3951,10381,13111,7966,21077,10620,6330,16950,7934,4125,12059,3251,47,3298,419,1,420,39,0,39,2,0,2
2021-02-18,47250,22711,69961,7136,4003,11139,14576,8073,22649,11930,6425,18355,9044,4161,13205,3906,48,3954,592,1,593,64,0,64,2,0,2
2021-02-19,52540,22911,75451,7827,4042,11869,16068,8144,24212,13289,6478,19767,10053,4197,14250,4451,49,4500,761,1,762,86,0,86,5,0,5
2021-02-20,53765,22926,76691,7951,4046,11997,16469,8152,24621,13591,6481,20072,10291,4197,14488,4586,49,4635,785,1,786,87,0,87,5,0,5
2021-02-21,54597,22927,77524,8051,4046,12097,16748,8153,24901,13802,6481,20283,10456,4197,14653,4649,49,4698,797,1,798,89,0,89,5,0,5
2021-02-22,64129,23066,87195,8667,4070,12737,17914,8204,26118,14729,6522,21251,11233,4220,15453,5275,49,5324,1728,1,1729,3985,0,3985,598,0,598
2021-02-23,73870,24707,98577,9333,4183,13516,19211,8450,27661,15876,6804,22680,12069,4547,16616,5763,651,6414,2522,66,2588,7884,5,7889,1212,1,1213
2021-02-24,83730,26523,110253,9908,4328,14236,20419,8847,29266,16919,7174,24093,12787,4908,17695,6172,1130,7302,3476,125,3601,12168,10,12178,1881,1,1882
2021-02-25,93497,28356,121853,10496,4507,15003,21650,9228,30878,17910,7569,25479,13562,5293,18855,6589,1550,8139,4320,190,4510,16376,17,16393,2594,2,2596
2021-02-26,102799,30878,133677,11041,4773,15814,22712,9829,32541,18732,8083,26815,14245,5860,20105,6974,2023,8997,5122,284,5406,20624,24,20648,3349,2,3351
2021-02-27,104303,30994,135297,11140,4788,15928,22905,9862,32767,18916,8109,27025,14385,5887,20272,7117,2038,9155,5312,284,5596,21033,24,21057,3495,2,3497
2021-02-28,104668,31137,135805,11155,4805,15960,22933,9923,32856,18934,8142,27076,14398,5904,20302,7170,2052,9222,5364,285,5649,21152,24,21176,3562,2,3564
2021-03-01,112706,32256,144962,11368,4934,16302,23412,10230,33642,19294,8402,27696,14730,6120,20850,7426,2238,9664,6261,306,6567,25920,24,25944,4295,2,4297
2021-03-02,120384,33483,153867,11627,5099,16726,23857,10520,34377,19630,8666,28296,14963,6389,21352,7708,2454,10162,7183,324,7507,30403,29,30432,5013,2,5015
2021-03-03,127436,35113,162549,11798,5319,17117,24218,11004,35222,19944,9068,29012,15176,6721,21897,7907,2628,10535,7990,338,8328,34637,33,34670,5766,2,5768
2021-03-04,130392,36299,166691,12044,5516,17560,24646,11363,36009,20304,9315,29619,15426,6942,22368,8118,2763,10881,8284,365,8649,35637,33,35670,5933,2,5935
2021-03-05,132939,37462,170401,12225,5675,17900,25125,11709,36834,20754,9608,30362,15780,7154,22934,8325,2892,11217,8480,387,8867,36205,35,36240,6045,2,6047
2021-03-06,135800,37581,173381,12488,5690,18178,25785,11749,37534,21368,9639,31007,16284,7180,23464,8403,2898,11301,8690,388,9078,36594,35,36629,6188,2,6190
2021-03-07,138501,37592,176093,12713,5691,18404,26413,11756,38169,21969,9641,31610,16767,7180,23947,8481,2899,11380,8890,388,9278,36919,35,36954,6349,2,6351
2021-03-08,142922,37946,180868,13011,5738,18749,26940,11855,38795,22405,9729,32134,17180,7252,24432,8842,2940,11782,9372,393,9765,38452,37,38489,6720,2,6722
2021-03-09,153343,38134,191477,13444,5769,19213,27879,11936,39815,23169,9768,32937,17910,7276,25186,9456,2952,12408,10460,394,10854,43411,37,43448,7614,2,7616
2021-03-10,165550,38684,204234,14102,5841,19943,29244,12081,41325,24488,9896,34384,19115,7414,26529,9953,3013,12966,11502,400,11902,48614,37,48651,8532,2,8534
2021-03-11,179440,42303,221743,15008,6259,21267,31126,12977,44103,26433,10701,37134,20507,8172,28679,10294,3576,13870,12529,555,13084,54161,61,54222,9382,2,9384
2021-03-12,188941,46912,235853,15879,6868,22747,33260,14202,47462,28480,11864,40344,22034,9083,31117,10516,4101,14617,12931,712,13643,56083,79,56162,9758,3,9761
2021-03-13,194715,47732,242447,16781,6944,23725,34944,14438,49382,30047,12077,42124,23119,9259,32378,10631,4205,14836,13027,725,13752,56323,81,56404,9843,3,9846
2021-03-14,198985,48461,247446,17320,7015,24335,36111,14680,50791,31362,12278,43640,24151,9405,33556,10785,4264,15049,13083,734,13817,56330,82,56412,9843,3,9846
2021-03-15,206606,52784,259390,18014,7608,25622,37741,15909,53650,33026,13334,46360,25533,10217,35750,11141,4714,15855,13466,889,14355,57649,108,57757,10036,5,10041
2021-03-16,216255,56512,272767,18609,8124,26733,39046,16997,56043,34414,14230,48644,26716,10920,37636,11657,5131,16788,14319,984,15303,61038,119,61157,10456,7,10463
2021-03-17,225550,60641,286191,19032,8674,27706,40183,18185,58368,35558,15284,50842,27669,11640,39309,12334,5552,17886,15251,1151,16402,64593,146,64739,10930,9,10939
2021-03-18,236472,63957,300429,19827,9121,28948,41928,19114,61042,37186,16110,53296,29047,12283,41330,12876,5925,18801,16306,1229,17535,67852,165,68017,11450,10,11460
2021-03-19,247144,67359,314503,20702,9602,30304,43808,20083,63891,38996,16948,55944,30477,12982,43459,13175,6264,19439,17052,1295,18347,70802,175,70977,12132,10,12142
2021-03-20,253703,67925,321628,20932,9663,30595,44330,20243,64573,39495,17104,56599,31021,13106,44127,14657,6316,20973,18048,1307,19355,72681,176,72857,12539,10,12549
2021-03-21,258364,68403,326767,20952,9730,30682,44381,20397,64778,39525,17198,56723,31236,13181,44417,16655,6375,23030,19130,1330,20460,73715,182,73897,12770,10,12780
2021-03-22,262171,71163,333334,21052,10094,31146,44532,21246,65778,39716,17826,57542,31596,13698,45294,18384,6667,25051,20183,1430,21613,73900,192,74092,12808,10,12818
2021-03-23,269726,73585,343311,21136,10402,31538,44674,21943,66617,39881,18412,58293,31855,14105,45960,19393,6936,26329,21255,1556,22811,77745,221,77966,13787,10,13797
2021-03-24,275420,73880,349300,21144,10417,31561,44687,21970,66657,39891,18439,58330,31939,14121,46060,20048,7085,27133,22202,1609,23811,81063,229,81292,14446,10,14456
2021-03-25,280344,75349,355693,21327,10663,31990,45043,22432,67475,40232,18781,59013,32203,14337,46540,20184,7197,27381,22902,1675,24577,83483,250,83733,14970,14,14984
2021-03-26,282667,76762,359429,21337,10785,32122,45077,22705,67782,40257,19004,59261,32236,14530,46766,20291,7595,27886,23288,1865,25153,84810,264,85074,15371,14,15385
2021-03-27,285211,76816,362027,21342,10788,32130,45083,22719,67802,40260,19017,59277,32250,14543,46793,20342,7601,27943,23762,1870,25632,86376,264,86640,15796,14,15810
2021-03-28,287779,76840,364619,21348,10788,32136,45090,22722,67812,40267,19022,59289,32266,14547,46813,20403,7609,28012,24159,1873,26032,87951,265,88216,16295,14,16309
2021-03-29,294901,77854,372755,21933,10929,32862,46320,23008,69328,41314,19221,60535,33089,14743,47832,20673,7775,28448,24771,1895,26666,89905,269,90174,16896,14,16910
2021-03-30,304047,79088,383135,22195,11084,33279,46922,23307,70229,41832,19467,61299,36292,14969,51261,22464,7994,30458,25754,1975,27729,91243,278,91521,17345,14,17359
2021-03-31,315775,80034,395809,22803,11235,34038,48371,23594,71965,43200,19612,62812,36867,15128,51995,22691,8147,30838,30922,2023,32945,92998,281,93279,17923,14,17937
2021-04-01,327729,80188,407917,22842,11249,34091,48439,23636,72075,44745,19642,64387,37983,15153,53136,22925,8182,31107,38330,2031,40361,94210,281,94491,18255,14,18269
2021-04-02,339357,80188,419545,22846,11249,34095,48449,23636,72085,47389,19642,67031,38004,15153,53157,22966,8182,31148,46144,2031,48175,95095,281,95376,18464,14,18478
2021-04-03,349189,80188,429377,22855,11249,34104,48457,23636,72093,47404,19642,67046,38019,15153,53172,22986,8182,31168,55361,2031,57392,95495,281,95776,18612,14,18626
2021-04-04,352004,80227,432231,22855,11249,34104,48459,23636,72095,47412,19643,67055,38022,15158,53180,22996,8207,31203,58115,2039,60154,95517,281,95798,18628,14,18642
2021-04-05,367178,80921,448099,22994,11328,34322,48568,23800,72368,47561,19780,67341,38161,15293,53454,23185,8343,31528,72049,2077,74126,95905,286,96191,18755,14,18769
2021-04-06,384553,81399,465952,23157,11416,34573,48777,23945,72722,47692,19869,67561,38263,15375,53638,23420,8402,31822,87683,2092,89775,96609,286,96895,18952,14,18966
2021-04-07,403428,82000,485428,23314,11470,34784,49052,24060,73112,47854,19954,67808,38379,15480,53859,24681,8605,33286,103275,2130,105405,97681,287,97968,19192,14,19206
2021-04-08,423756,82248,506004,23591,11521,35112,49468,24122,73590,48082,19986,68068,38579,15533,54112,28407,8635,37042,118291,2140,120431,98046,295,98341,19292,16,19308
2021-04-09,441642,82994,524636,23849,11640,35489,49852,24350,74202,48311,20138,68449,38753,15634,54387,31498,8742,40240,131395,2174,133569,98522,300,98822,19462,16,19478
2021-04-10,448178,84323,532501,23866,11779,35645,49878,24539,74417,48324,20323,68647,38773,15790,54563,32726,9177,41903,136504,2378,138882,98611,319,98930,19496,18,19514
2021-04-11,454380,85653,540033,23868,11933,35801,49884,24812,74696,48327,20536,68863,38781,16013,54794,33879,9533,43412,141421,2476,143897,98690,331,99021,19530,19,19549
2021-04-12,474199,86472,560671,24164,12011,36175,50300,24929,75229,48572,20634,69206,38979,16119,55098,37501,9829,47330,156091,2580,158671,98958,351,99309,19634,19,19653
2021-04-13,489455,90672,580127,24447,12120,36567,50681,25117,75798,48899,20760,69659,39204,16458,55662,40619,12096,52715,166553,3710,170263,99303,391,99694,19749,20,19769
2021-04-14,501176,95355,596531,24744,12132,36876,51017,25129,76146,49222,20778,70000,39330,16465,55795,42431,12124,54555,174741,5293,180034,99809,3007,102816,19882,427,20309
2021-04-15,505942,99580,605522,24924,12134,37058,51153,25133,76286,49322,20780,70102,39415,16468,55883,43187,15479,58666,177937,6113,184050,100054,3040,103094,19950,433,20383
2021-04-16,515086,99980,615066,25052,12139,37191,51221,25140,76361,49382,20786,70168,39441,16475,55916,44641,15494,60135,184060,6425,190485,101086,3086,104172,20203,435,20638
2021-04-17,515890,99981,615871,25082,12139,37221,51263,25140,76403,49451,20787,70238,39509,16475,55984,44724,15494,60218,184471,6425,190896,101161,3086,104247,20229,435,20664
2021-04-18,516197,99982,616179,25104,12139,37243,51301,25140,76441,49513,20787,70300,39581,16475,56056,44750,15494,60244,184502,6426,190928,101199,3086,104285,20247,435,20682
2021-04-19,526555,100029,626584,25286,12146,37432,51371,25147,76518,49573,20793,70366,39598,16486,56084,45912,15501,61413,191695,6431,198126,102571,3089,105660,20549,436,20985
2021-04-20,537492,105847,643339,25504,12154,37658,51500,25168,76668,49713,20804,70517,40155,17442,57597,51135,18228,69363,195034,7142,202176,103630,3952,107582,20821,957,21778
2021-04-21,557943,105899,663842,25616,12172,37788,51583,25179,76762,49793,20816,70609,40449,17448,57897,69822,18231,88053,195987,7143,203130,103804,3952,107756,20889,958,21847
2021-04-22,581929,105904,687833,25709,12172,37881,51667,25180,76847,49876,20817,70693,40553,17450,58003,92253,18231,110484,196944,7144,204088,103997,3952,107949,20930,958,21888
2021-04-23,605319,105925,711244,25782,12173,37955,51767,25182,76949,49996,20823,70819,40690,17459,58149,114337,18234,132571,197552,7144,204696,104189,3952,108141,21006,958,21964
2021-04-24,611750,105925,717675,25796,12173,37969,51780,25182,76962,50027,20823,70850,40730,17459,58189,120145,18234,138379,197955,7144,205099,104281,3952,108233,21036,958,21994
2021-04-25,611955,105925,717880,25800,12173,37973,51787,25182,76969,50044,20823,70867,40746,17459,58205,120281,18234,138515,197966,7144,205110,104289,3952,108241,21042,958,22000
2021-04-26,615829,105937,721766,25817,12175,37992,51812,25183,76995,50059,20827,70886,40765,17461,58226,123607,18236,141843,198316,7144,205460,104379,3953,108332,21074,958,22032
2021-04-27,620016,105986,726002,25961,12178,38139,51935,25201,77136,50160,20836,70996,40851,17466,58317,126167,18245,144412,199261,7148,206409,104564,3954,108518,21117,958,22075
2021-04-28,626221,122882,749103,26136,14559,40695,52159,30837,82996,50307,25827,76134,40951,21338,62289,131035,18257,149292,199783,7150,206933,104692,3956,108648,21158,958,22116
2021-04-29,633239,135564,768803,26333,16139,42472,52367,34904,87271,50430,29733,80163,41063,24450,65513,136444,18261,154705,200445,7160,207605,104915,3957,108872,21242,960,22202
2021-04-30,636538,135580,772118,26528,16140,42668,52640,34905,87545,50568,29738,80306,41166,24452,65618,138385,18265,156650,200925,7162,208087,105032,3957,108989,21294,961,22255
2021-05-01,637791,135927,773718,26528,16181,42709,52642,35061,87703,50569,29816,80385,41172,24509,65681,139275,18279,157554,201173,7163,208336,105107,3957,109064,21325,961,22286
2021-05-02,640038,147820,787858,26588,17370,43958,52744,37943,90687,50624,32648,83272,41266,26680,67946,140791,18305,159096,201457,9909,211366,105202,3998,109200,21366,967,22333
2021-05-03,654388,153213,807601,26736,17383,44119,52997,37958,90955,50748,32665,83413,43239,26691,69930,152160,18326,170486,201806,15018,216824,105294,4171,109465,21408,1001,22409
2021-05-04,679842,153613,833455,26947,17387,44334,53263,37964,91227,50884,32673,83557,47687,26692,74379,172142,18361,190503,202065,15341,217406,105393,4193,109586,21461,1002,22463
2021-05-05,688411,171008,859419,27241,17403,44644,53634,37994,91628,51232,32692,83924,48892,26731,75623,178116,20128,198244,202259,29970,232229,105525,4952,110477,21512,1138,22650
2021-05-06,694451,173945,868396,27449,17405,44854,53901,37998,91899,51481,32698,84179,49734,26738,76472,182146,20485,202631,202563,32435,234998,105629,5029,110658,21548,1157,22705
2021-05-07,697479,191970,889449,27622,17656,45278,54159,38484,92643,51621,33137,84758,50152,27085,77237,183930,22899,206829,202730,46155,248885,105674,5328,111002,21591,1226,22817
2021-05-08,700175,206962,907137,27622,19449,47071,54161,42454,96615,51622,38244,89866,50517,30922,81439,186237,22959,209196,202740,46305,249045,105684,5372,111056,21592,1257,22849
2021-05-09,700301,207197,907498,27622,19449,47071,54161,42454,96615,51622,38245,89867,50541,30932,81473,186339,23006,209345,202740,46340,249080,105684,5459,111143,21592,1312,22904
2021-05-10,702649,208190,910839,27689,19450,47139,54244,42455,96699,51689,38249,89938,50937,30935,81872,188034,23047,211081,202768,46972,249740,105693,5684,111377,21595,1398,22993
2021-05-11,709377,208681,918058,27738,19458,47196,54321,42469,96790,51762,38263,90025,52294,30950,83244,193071,23093,216164,202868,47189,250057,105717,5800,111517,21606,1459,23065
2021-05-12,716374,209666,926040,27783,19481,47264,54393,42505,96898,51830,38298,90128,53737,30986,84723,198268,23181,221449,203004,47597,250601,105746,6061,111807,21613,1557,23170
2021-05-13,719099,215217,934316,27826,19599,47425,54481,42743,97224,51893,38472,90365,54073,31140,85213,200222,23822,224044,203165,51447,254612,105805,6338,112143,21634,1656,23290
2021-05-14,721781,216926,938707,27960,19616,47576,54735,42770,97505,52047,38529,90576,54414,31204,85618,201721,24382,226103,203365,52189,255554,105885,6493,112378,21654,1743,23397
2021-05-15,732969,217321,950290,28012,19625,47637,54832,42778,97610,52113,38542,90655,56803,31217,88020,210089,24466,234555,203502,52322,255824,105950,6579,112529,21668,1792,23460
2021-05-16,735959,217510,953469,28253,19634,47887,55739,42780,98519,53068,38550,91618,57368,31230,88598,210353,24485,234838,203548,52343,255891,105960,6656,112616,21670,1832,23502
2021-05-17,743498,218575,962073,28338,19689,48027,56239,42871,99110,53344,38669,92013,58855,31361,90216,215240,24618,239858,203753,52749,256502,106036,6733,112769,21693,1885,23578
2021-05-18,751613,218931,970544,28411,19698,48109,56365,42883,99248,53469,38686,92155,60550,31374,91924,221081,24701,245782,203926,52874,256800,106096,6797,112893,21715,1918,23633
2021-05-19,757317,220015,977332,28421,19830,48251,56384,43189,99573,53487,38830,92317,61726,31468,93194,225210,24831,250041,204158,53094,257252,106181,6839,113020,21750,1934,23684
2021-05-20,779060,220799,999859,28494,19972,48466,56512,43450,99962,53593,38992,92585,67868,31566,99434,238254,24881,263135,205726,53128,258854,106748,6858,113606,21865,1952,23817
2021-05-21,781366,225027,1006393,28572,20258,48830,56709,43987,100696,53665,39424,93089,67985,31893,99878,239259,25158,264417,206371,55394,261765,106895,6944,113839,21910,1969,23879
2021-05-22,784800,225243,1010043,28684,20273,48957,56789,44011,100800,53731,39444,93175,68433,31914,100347,241443,25175,266618,206796,55506,262302,106991,6949,113940,21933,1971,23904
2021-05-23,789532,225245,1014777,28754,20273,49027,56882,44011,100893,53797,39444,93241,70529,31914,102443,243510,25176,268686,207029,55506,262535,107075,6949,114024,21956,1972,23928
2021-05-24,791298,225739,1017037,28787,20359,49146,56924,44168,101092,53832,39547,93379,70933,31973,102906,244634,25200,269834,207131,55559,262690,107096,6958,114054,21961,1975,23936
2021-05-25,792877,237243,1030120,28811,20367,49178,56935,44179,101114,53843,39554,93397,71277,31979,103256,245650,25204,270854,207252,56753,264005,107138,15861,122999,21971,3346,25317
2021-05-26,795410,240376,1035786,28864,20397,49261,57003,44234,101237,53896,39607,93503,73252,32039,105291,245900,25487,271387,207306,57179,264485,107192,17734,124926,21997,3699,25696
2021-05-27,801111,258945,1060056,28979,20460,49439,57108,44388,101496,53998,39760,93758,78310,32113,110423,246120,25754,271874,207356,59005,266361,107221,31594,138815,22019,5871,27890
2021-05-28,814752,270641,1085393,29128,20574,49702,57294,44620,101914,54416,39905,94321,90805,32188,122993,246391,25952,272343,207419,60277,267696,107261,39902,147163,22038,7223,29261
2021-05-29,831087,271592,1102679,29135,20579,49714,57313,44623,101936,55514,39910,95424,105480,32193,137673,246807,25954,272761,207512,60387,267899,107280,40623,147903,22046,7323,29369
2021-05-30,846864,271678,1118542,29148,20580,49728,57324,44625,101949,58831,39910,98741,117696,32193,149889,246968,25955,272923,207553,60397,267950,107295,40682,147977,22049,7336,29385
2021-05-31,868304,277118,1145422,29249,20752,50001,57471,44925,102396,70999,40147,111146,126241,32567,158808,247279,27127,274406,207642,60860,268502,107345,42953,150298,22078,7787,29865
2021-06-01,888983,280128,1169111,29648,20799,50447,58401,45007,103408,85369,40209,125578,130899,32610,163509,247495,27199,274694,207702,61238,268940,107375,44949,152324,22094,8117,30211
2021-06-02,908858,282119,1190977,30899,20812,51711,62676,45034,107710,94641,40234,134875,135494,32635,168129,247817,27257,275074,207801,61479,269280,107413,46186,153599,22117,8482,30599
2021-06-03,939472,283607,1223079,38929,20834,59763,75839,45064,120903,102255,40283,142538,136882,32666,169548,248100,27322,275422,207883,61676,269559,107448,47056,154504,22136,8706,30842
2021-06-04,967603,284965,1252568,45432,20880,66312,85306,45109,130415,109345,40359,149704,139248,32707,171955,250126,27513,277639,208360,62032,270392,107604,47523,155127,22182,8842,31024
2021-06-05,987597,286088,1273685,50454,20896,71350,93987,45131,139118,112879,40384,153263,140578,32743,173321,251191,27829,279020,208583,62239,270822,107706,47890,155596,22219,8976,31195
2021-06-06,1005142,286732,1291874,57522,20897,78419,101875,45131,147006,114529,40386,154915,141370,32749,174119,251293,27883,279176,208614,62395,271009,107716,48154,155870,22223,9137,31360
2021-06-07,1031968,287672,1319640,63909,20946,84855,107804,45252,153056,120865,40477,161342,148534,32805,181339,252023,27931,279954,208798,62551,271349,107792,48422,156214,22243,9288,31531
2021-06-08,1059747,289551,1349298,66390,20957,87347,111184,45269,156453,124381,40488,164869,166533,32822,199355,252275,28023,280298,208901,62967,271868,107830,49424,157254,22253,9601,31854
2021-06-09,1085087,289932,1375019,67062,20958,88020,112503,45271,157774,125641,40491,166132,188329,32827,221156,252473,28048,280521,208959,63050,272009,107855,49575,157430,22265,9712,31977
2021-06-10,1113882,290342,1404224,68682,20961,89643,114763,45273,160036,129556,40495,170051,208505,32839,241344,253082,28103,281185,209109,63141,272250,107903,49728,157631,22282,9802,32084
2021-06-11,1119320,310458,1429778,69077,21001,90078,115466,45345,160811,130908,40550,171458,211307,32914,244221,253203,28358,281561,209144,65486,274630,107923,64886,172809,22292,11918,34210
2021-06-12,1130810,313145,1443955,70104,21005,91109,116867,45350,162217,133803,40561,174364,217384,32949,250333,253256,28435,281691,209167,65900,275067,107933,66628,174561,22296,12317,34613
2021-06-13,1139198,313264,1452462,70561,21005,91566,117475,45354,162829,135671,40564,176235,222743,32949,255692,253329,28439,281768,209183,65915,275098,107938,66708,174646,22298,12330,34628
2021-06-14,1151168,314052,1465220,72153,21015,93168,119559,45365,164924,138351,40578,178929,228209,32959,261168,253422,28459,281881,209215,66017,275232,107952,67226,175178,22307,12433,34740
2021-06-15,1177367,315455,1492822,72412,21054,93466,119982,45431,165413,139188,40624,179812,252306,33008,285314,253804,28515,282319,209324,66359,275683,108014,67904,175918,22337,12560,34897
2021-06-16,1185484,325177,1510661,73098,21418,94516,121284,46017,167301,141737,41976,183713,255656,33951,289607,253929,28765,282694,209378,70953,280331,108046,69169,177215,22356,12928,35284
2021-06-17,1201714,334770,1536484,73529,21467,94996,122071,46106,168177,147606,42316,189922,263998,34095,298093,254475,29429,283904,209535,77602,287137,108120,70441,178561,22380,13314,35694
2021-06-18,1228908,337213,1566121,74993,21490,96483,124206,46153,170359,163970,42397,206367,270441,34153,304594,255038,29812,284850,209668,78752,288420,108181,70974,179155,22411,13482,35893
2021-06-19,1249985,338321,1588306,75496,21500,96996,124586,46167,170753,180686,42418,223104,273314,34175,307489,255489,29895,285384,209772,78966,288738,108220,71469,179689,22422,13731,36153
2021-06-20,1249993,338323,1588316,75498,21500,96998,124588,46167,170755,180689,42418,223107,273314,34176,307490,255489,29896,285385,209773,78966,288739,108220,71469,179689,22422,13731,36153
2021-06-21,1261590,338862,1600452,75528,21515,97043,124650,46202,170852,190670,42501,233171,274487,34278,308765,255740,29988,285728,209849,79050,288899,108239,71559,179798,22427,13769,36196
2021-06-22,1270716,340023,1610739,75785,21668,97453,124899,46450,171349,195070,42667,237737,277498,34499,311997,256553,30104,286657,210104,79153,289257,108340,71655,179995,22467,13827,36294
2021-06-23,1288736,341215,1629951,76015,21817,97832,125223,46676,171899,210335,42848,253183,279294,34734,314028,256821,30200,287021,210188,79254,289442,108375,71804,180179,22485,13882,36367
2021-06-24,1322372,342458,1664830,76480,21966,98446,129800,46917,176717,236304,42991,279295,281370,34922,316292,257221,30347,287568,210297,79486,289783,108409,71909,180318,22491,13920,36411
2021-06-25,1339845,356638,1696483,78037,21996,100033,133530,46949,180479,245996,43070,289066,283066,35305,318371,257806,40534,298340,210455,82140,292595,108454,72559,181013,22501,14085,36586
2021-06-26,1342760,375017,1717777,78069,22044,100113,133557,47011,180568,247608,43141,290749,283982,35653,319635,258040,55851,313891,210526,84067,294593,108471,73042,181513,22507,14208,36715
2021-06-27,1354273,380651,1734924,78082,22203,100285,133588,47198,180786,254419,43450,297869,288282,36948,325230,258300,57868,316168,210597,85369,295966,108495,73345,181840,22510,14270,36780
2021-06-28,1388548,383390,1771938,80300,22352,102652,136351,47463,183814,280966,43640,324606,290549,37217,327766,258648,59231,317879,210681,85687,296368,108536,73453,181989,22517,14347,36864
2021-06-29,1422077,386787,1808864,80691,22515,103206,137387,47708,185095,311452,43838,355290,291718,37591,329309,258967,60671,319638,210780,86253,297033,108557,73775,182332,22525,14436,36961
2021-06-30,1458171,389561,1847732,81030,22535,103565,147419,47736,195155,335364,43859,379223,293015,37623,330638,259308,63018,322326,210882,86446,297328,108601,73860,182461,22552,14484,37036
2021-07-01,1480688,393174,1873862,81324,22570,103894,156941,47777,204718,346073,43931,390004,294407,38245,332652,259694,64536,324230,211004,87251,298255,108666,74261,182927,22579,14603,37182
2021-07-02,1492353,409647,1902000,82981,22689,105670,162853,47981,210834,349150,44117,393267,295045,38478,333523,259920,66518,326438,211093,89012,300105,108717,84177,192894,22594,16675,39269
2021-07-03,1510207,415031,1925238,83019,22715,105734,174159,48048,222207,354370,44181,398551,295989,38608,334597,260168,67216,327384,211166,89905,301071,108737,87060,195797,22599,17298,39897
2021-07-04,1530476,415528,1946004,84378,22715,107093,191800,48055,239855,355243,44183,399426,296233,38620,334853,260270,67330,327600,211199,90009,301208,108752,87227,195979,22601,17389,39990
2021-07-05,1538327,418224,1956551,85011,22752,107763,198283,48108,246391,355702,44257,399959,296405,38716,335121,260321,68060,328381,211229,90622,301851,108766,88095,196861,22610,17614,40224
2021-07-06,1561759,419956,1981715,86065,22788,108853,219681,48173,267854,356200,44357,400557,296702,38851,335553,260437,68336,328773,211280,90892,302172,108777,88759,197536,22617,17800,40417
2021-07-07,1571751,421853,1993604,86340,22824,109164,227127,48235,275362,357696,44435,402131,297250,38951,336201,260583,68549,329132,211330,91302,302632,108800,89564,198364,22625,17993,40618
2021-07-08,1606149,422579,2028728,87216,22848,110064,254423,48291,302714,361978,44510,406488,298573,39073,337646,260999,68775,329774,211461,91367,302828,108851,89691,198542,22648,18024,40672
2021-07-09,1630920,423696,2054616,88601,22865,111466,271322,48319,319641,366356,44548,410904,300175,39148,339323,261346,69112,330458,211579,91908,303487,108887,89754,198641,22654,18042,40696
2021-07-10,1650899,425960,2076859,91773,22915,114688,287010,48417,335427,367070,44643,411713,300429,39304,339733,261450,70018,331468,211608,92556,304164,108903,90007,198910,22656,18100,40756
2021-07-11,1653130,429534,2082664,92141,23168,115309,288775,49007,337782,367124,45129,412253,300455,39551,340006,261459,70072,331531,211612,92869,304481,108907,91370,200277,22657,18368,41025
2021-07-12,1686438,430173,2116611,98121,23182,121303,314477,49031,363508,368059,45165,413224,300927,39581,340508,261605,70202,331807,211657,93011,304668,108926,91578,200504,22666,18423,41089
2021-07-13,1705311,430379,2135690,101524,23196,124720,327799,49049,376848,369412,45192,414604,301448,39604,341052,261789,70216,332005,211722,93051,304773,108944,91619,200563,22673,18452,41125
2021-07-14,1711841,430623,2142464,102841,23230,126071,331932,49097,381029,370051,45224,415275,301739,39638,341377,261892,70231,332123,211749,93087,304836,108959,91645,200604,22678,18471,41149
2021-07-15,1715085,460947,2176032,103540,23655,127195,333682,50981,384663,370501,58692,429193,301965,42964,344929,261968,72008,333976,211782,99393,311175,108966,94207,203173,22681,19047,41728
2021-07-16,1717793,491738,2209531,104169,23783,127952,335165,53480,388645,370830,73670,444500,302139,43961,346100,262022,72302,334324,211805,109488,321293,108979,95658,204637,22684,19396,42080
2021-07-17,1733647,501467,2235114,107221,23875,131096,344778,54372,399150,372818,80399,453217,302988,44735,347723,262281,72550,334831,211862,110226,322088,109009,95861,204870,22690,19449,42139
2021-07-18,1747870,510372,2258242,113974,23899,137873,350134,54532,404666,374189,86254,460443,303497,47113,350610,262448,72783,335231,211907,110383,322290,109028,95938,204966,22693,19470,42163
2021-07-19,1755328,537416,2292744,118487,25361,143848,351951,56721,408672,374815,106462,481277,303823,48979,352802,262559,73095,335654,211942,110688,322630,109052,96483,205535,22699,19627,42326
2021-07-20,1777646,553160,2330806,134006,25737,159743,356549,57516,414065,376103,119237,495340,304417,49869,354286,262783,73298,336081,212006,111074,323080,109077,96731,205808,22705,19698,42403
2021-07-21,1814314,553928,2368242,161958,25787,187745,363108,57583,420691,377304,119440,496744,305024,49912,354936,263025,73358,336383,212096,111333,323429,109091,96789,205880,22708,19726,42434
2021-07-22,1850469,554218,2404687,186583,25794,212377,370763,57602,428365,379602,119471,499073,306111,49932,356043,263363,73411,336774,212201,111389,323590,109130,96856,205986,22716,19763,42479
2021-07-23,1869724,568016,2437740,199367,26095,225462,374607,59447,434054,381017,129744,510761,306916,50858,357774,263649,73621,337270,212282,111518,323800,109164,96938,206102,22722,19795,42517
2021-07-24,1871031,595566,2466597,200496,26676,227172,374690,60308,434998,381045,140841,521886,306946,64833,371779,263666,74175,337841,212289,111723,324012,109171,97165,206336,22728,19845,42573
2021-07-25,1896351,595687,2492038,216494,26677,243171,380374,60316,440690,382965,140854,523819,308176,64846,373022,264056,74183,338239,212349,111754,324103,109198,97193,206391,22739,19864,42603
2021-07-26,1905260,626159,2531419,223858,31853,255711,381124,69687,450811,383370,150426,533796,308441,69730,378171,264147,74963,339110,212369,112187,324556,109209,97391,206600,22742,19922,42664
2021-07-27,1919445,645988,2565433,235622,35442,271064,382399,75224,457623,384004,156193,540197,308758,72127,380885,264274,76526,340800,212419,112768,325187,109224,97703,206927,22745,20005,42750
2021-07-28,1957090,646562,2603652,268006,35482,303488,385060,75324,460384,385485,156458,541943,309503,72161,381664,264525,76574,341099,212495,112809,325304,109256,97734,206990,22760,20020,42780
2021-07-29,1992876,647975,2640851,297302,35610,332912,388642,75620,464262,387130,157107,544237,310344,72330,382674,264787,76654,341441,212584,112860,325444,109295,97762,207057,22792,20032,42824
2021-07-30,2007133,666661,2673794,307070,36965,344035,391065,85138,476203,388338,162720,551058,310913,73970,384883,264964,76989,341953,212641,113004,325645,109334,97814,207148,22808,20061,42869
2021-07-31,2007633,691850,2699483,307390,39985,347375,391150,99362,490512,388380,168971,557351,310934,75068,386002,264982,77355,342337,212650,113122,325772,109338,97891,207229,22809,20096,42905
2021-08-01,2007672,705919,2713591,307401,43288,350689,391155,105669,496824,388383,171772,560155,310939,76089,387028,264984,77771,342755,212655,113259,325914,109343,97951,207294,22812,20120,42932
2021-08-02,2011746,738520,2750266,309622,47364,356986,392006,125819,517825,388938,178500,567438,311224,77238,388462,265081,78076,343157,212699,113376,326075,109359,98006,207365,22817,20141,42958
2021-08-03,2023292,758731,2782023,319843,52502,372345,392554,130924,523478,389340,182863,572203,311415,82220,393635,265175,78543,343718,212741,113478,326219,109390,98046,207436,22834,20155,42989
2021-08-04,2026349,783842,2810191,321308,55564,376872,393284,135787,529071,389789,186031,575820,311646,95748,407394,265269,78871,344140,212799,113582,326381,109410,98093,207503,22844,20166,43010
2021-08-05,2034969,793311,2828280,327240,56815,384055,394607,141455,536062,390525,187843,578368,312048,96264,408312,265411,79007,344418,212856,113637,326493,109429,98114,207543,22853,20176,43029
2021-08-06,2036971,801118,2838089,328359,57147,385506,394975,142733,537708,390804,188280,579084,312191,96571,408762,265464,81538,347002,212892,116459,329351,109433,98194,207627,22853,20196,43049
2021-08-07,2039200,823549,2862749,330327,57168,387495,395070,142761,537831,390883,188306,579189,312225,96651,408876,265479,84701,350180,212909,135266,348175,109444,98449,207893,22863,20247,43110
2021-08-08,2039229,845553,2884782,330334,57182,387516,395070,142788,537858,390885,188329,579214,312228,96736,408964,265489,97224,362713,212913,144224,357137,109445,98769,208214,22865,20301,43166
2021-08-09,2039587,879136,2918723,330464,57346,387810,395153,143132,538285,390938,188683,579621,312257,99279,411536,265514,122393,387907,212932,148884,361816,109456,99069,208525,22873,20350,43223
2021-08-10,2039997,912090,2952087,330655,57924,388579,395226,144079,539305,391004,190630,581634,312295,102392,414687,265532,139469,405001,212944,157751,370695,109466,99422,208888,22875,20423,43298
2021-08-11,2042423,941298,2983721,332893,58120,391013,395290,144749,540039,391045,191318,582363,312322,107413,419735,265563,157366,422929,212960,162068,375028,109475,99770,209245,22875,20494,43369
2021-08-12,2042896,963293,3006189,333066,58759,391825,395393,145073,540466,391132,191735,582867,312375,111439,423814,265587,165384,430971,212975,170151,383126,109484,100174,209658,22884,20578,43462
2021-08-13,2043077,994392,3037469,333131,58940,392071,395440,145395,540835,391161,192046,583207,312391,112248,424639,265593,177958,443551,212981,185814,398795,109494,101186,210680,22886,20805,43691
2021-08-14,2043097,1015489,3058586,333134,59156,392290,395440,145760,541200,391163,192514,583677,312392,116019,428411,265598,191666,457264,212983,187985,400968,109498,101508,211006,22889,20881,43770
2021-08-15,2043122,1039706,3082828,333139,60172,393311,395445,147514,542959,391168,195339,586507,312397,129772,442169,265601,194990,460591,212984,189176,402160,109499,101776,211275,22889,20967,43856
2021-08-16,2056730,1047338,3104068,335913,60396,396309,397538,147807,545345,395312,196620,591932,315328,131092,446420,266667,196431,463098,213359,191873,405232,109683,102071,211754,22930,21048,43978
2021-08-17,2085821,1048390,3134211,350069,60424,410493,409168,147870,557038,397693,196822,594515,315830,131795,447625,266945,196469,463414,213444,191885,405329,109731,102077,211808,22941,21048,43989
2021-08-18,2099388,1058616,3158004,358949,60989,419938,411251,148950,560201,399018,198069,597087,316598,134655,451253,267265,199558,466823,213567,193058,406625,109790,102246,212036,22950,21091,44041
2021-08-19,2104460,1065763,3170223,362934,61714,424648,411714,150092,561806,399360,198781,598141,316805,137288,454093,267315,200746,468061,213584,193676,407260,109797,102350,212147,22951,21116,44067
2021-08-20,2110594,1085206,3195800,367547,62160,429707,412392,152079,564471,399791,200555,600346,317081,151910,468991,267401,201106,468507,213613,193865,407478,109815,102403,212218,22954,21128,44082
2021-08-21,2111136,1106175,3217311,367820,65590,433410,412495,157575,570070,399867,205611,605478,317122,157797,474919,267429,201873,469302,213626,194092,407718,109820,102485,212305,22957,21152,44109
2021-08-22,2111194,1127220,3238414,367841,69044,436885,412502,168296,580798,399875,209442,609317,317129,159865,476994,267439,202627,470066,213631,194262,407893,109820,102528,212348,22957,21156,44113
2021-08-23,2124672,1146747,3271419,379229,71937,451166,413444,181359,594803,400492,211479,611971,317471,160915,478386,267566,202957,470523,213673,194366,408039,109834,102565,212399,22963,21169,44132
2021-08-24,2126409,1170670,3297079,380061,89337,469398,413864,184656,598520,400773,212946,613719,317601,162088,479689,267620,203344,470964,213683,194500,408183,109841,102611,212452,22966,21188,44154
2021-08-25,2128416,1200196,3328612,381221,92941,474162,414233,186994,601227,401041,225843,626884,317733,171584,489317,267665,204171,471836,213702,194735,408437,109851,102710,212561,22970,21218,44188
2021-08-26,2129692,1231721,3361413,381774,96777,478551,414534,188924,603458,401252,227042,628294,317853,178881,496734,267698,217721,485419,213731,197769,411500,109872,103253,213125,22978,21354,44332
2021-08-27,2130617,1267312,3397929,382194,118100,500294,414736,194869,609605,401383,228946,630329,317936,183746,501682,267732,218894,486626,213760,198047,411807,109886,103337,213223,22990,21373,44363
2021-08-28,2130665,1291669,3422334,382208,136759,518967,414745,197954,612699,401388,230437,631825,317946,184512,502458,267734,219088,486822,213763,198169,411932,109889,103371,213260,22992,21379,44371
2021-08-29,2130729,1315911,3446640,382235,138971,521206,414757,199203,613960,401406,234551,635957,317950,199976,517926,267737,219818,487555,213763,198519,412282,109889,103476,213365,22992,21397,44389
2021-08-30,2148514,1330928,3479442,389633,139289,528922,418773,199865,618638,404873,237239,642112,319888,205905,525793,268330,222994,491324,214015,200318,414333,109989,103838,213827,23013,21480,44493
2021-08-31,2159841,1352588,3512429,395032,157745,552777,421339,201152,622491,406978,238358,645336,320691,206450,527141,268617,223137,491754,214127,200386,414513,110029,103870,213899,23028,21490,44518
2021-09-01,2161713,1383889,3545602,395718,185895,581613,421683,202067,623750,407379,238851,646230,320937,206944,527881,268717,224008,492725,214186,200704,414890,110060,103923,213983,23033,21497,44530
2021-09-02,2163609,1417023,3580632,397340,203718,601058,421815,205844,627659,407452,245289,652741,320972,210745,531717,268737,224848,493585,214195,201063,415258,110065,104007,214072,23033,21509,44542
2021-09-03,2164802,1447707,3612509,397944,215330,613274,422078,208955,631033,407613,255203,662816,321077,214405,535482,268772,226685,495457,214210,201493,415703,110072,104103,214175,23036,21533,44569
2021-09-04,2165694,1471026,3636720,398306,221572,619878,422294,215360,637654,407773,264540,672313,321155,215387,536542,268820,226915,495735,214231,201580,415811,110077,104136,214213,23038,21536,44574
2021-09-05,2166588,1494516,3661104,398682,223794,622476,422527,219851,642378,407935,279546,687481,321227,216808,538035,268857,227174,496031,214238,201649,415887,110083,104152,214235,23039,21542,44581
2021-09-06,2167805,1525575,3693380,399251,226308,625559,422846,220945,643791,408114,301013,709127,321321,221585,542906,268898,228055,496953,214250,201875,416125,110084,104233,214317,23041,21561,44602
2021-09-07,2168884,1562846,3731730,399742,228150,627892,423162,224825,647987,408280,316599,724879,321392,228997,550389,268915,234442,503357,214259,203554,417813,110091,104627,214718,23043,21652,44695
2021-09-08,2175723,1577029,3752752,403602,228981,632583,424672,228498,653170,409092,321949,731041,321788,231654,553442,269063,235581,504644,214324,203934,418258,110132,104744,214876,23050,21688,44738
2021-09-09,2178482,1604433,3782915,404977,232671,637648,425394,245392,670786,409464,326127,735591,321965,233697,555662,269132,235988,505120,214350,204049,418399,110147,104809,214956,23053,21700,44753
2021-09-10,2180612,1612766,3793378,406061,236030,642091,425939,246586,672525,409749,326652,736401,322113,236050,558163,269178,236674,505852,214369,204210,418579,110150,104858,215008,23053,21706,44759
2021-09-11,2181424,1618604,3800028,406864,236591,643455,425944,249636,675580,409751,327205,736956,322113,237494,559607,269180,236825,506005,214369,204269,418638,110150,104875,215025,23053,21709,44762
2021-09-12,2181457,1620408,3801865,406883,237069,643952,425949,250308,676257,409754,327604,737358,322116,237694,559810,269181,236862,506043,214371,204284,418655,110150,104877,215027,23053,21710,44763
2021-09-13,2195206,1621320,3816526,415640,237192,652832,430502,250702,681204,409998,327789,737787,322220,237827,560047,269226,236893,506119,214386,204310,418696,110172,104889,215061,23062,21718,44780
2021-09-14,2197020,1633549,3830569,416423,237492,653915,430888,251196,682084,410277,328347,738624,322406,246402,568808,269307,238807,508114,214445,204623,419068,110201,104950,215151,23073,21732,44805
2021-09-15,2197785,1670287,3868072,416769,239862,656631,431097,254936,686033,410395,335484,745879,322455,263895,586350,269322,243925,513247,214459,205251,419710,110210,105150,215360,23078,21784,44862
2021-09-16,2198568,1705117,3903685,417148,245271,662419,431303,274442,705745,410510,340358,750868,322501,266880,589381,269338,245463,514801,214469,205620,420089,110216,105273,215489,23083,21810,44893
2021-09-17,2205938,1725972,3931910,421677,257752,679429,432708,279099,711807,411286,342219,753505,322889,268160,591049,269509,245823,515332,214530,205764,420294,110248,105329,215577,23091,21826,44917
2021-09-18,2206333,1750961,3957294,422020,274988,697008,432723,283408,716131,411302,344250,755552,322900,269197,592097,269515,246084,515599,214532,205839,420371,110250,105362,215612,23091,21833,44924
2021-09-19,2214387,1761401,3975788,424990,282399,707389,435220,285177,720397,412710,345018,757728,323632,269536,593168,269746,246168,515914,214668,205891,420559,110318,105374,215692,23103,21838,44941
2021-09-20,2221992,1767911,3989903,430403,283745,714148,436516,287954,724470,413253,346240,759493,323835,270215,594050,269819,246470,516289,214731,206028,420759,110329,105413,215742,23106,21846,44952
2021-09-21,2239174,1774617,4013791,445724,287734,733458,437442,289460,726902,413783,346805,760588,324097,270591,594688,269912,246651,516563,214763,206087,420850,110343,105433,215776,23110,21856,44966
2021-09-22,2245555,1784704,4030259,450304,293583,743887,438382,292156,730538,414261,347501,761762,324320,271023,595343,269996,246865,516861,214811,206227,421038,110363,105475,215838,23118,21874,44992
2021-09-23,2248035,1793995,4042030,451724,300184,751908,439038,293540,732578,414505,348169,762674,324414,271429,595843,270029,246985,517014,214835,206300,421135,110369,105509,215878,23121,21879,45000
2021-09-24,2254075,1799617,4053692,454297,303623,757920,440715,294314,735029,415853,348736,764589,324669,272040,596709,270125,247134,517259,214890,206353,421243,110394,105531,215925,23132,21886,45018
2021-09-25,2256154,1804282,4060436,454980,305001,759981,441650,295543,737193,416132,349640,765772,324790,272955,597745,270174,247316,517490,214896,206392,421288,110398,105546,215944,23134,21889,45023
2021-09-26,2257375,1826563,4083938,455177,306246,761423,441808,298666,740474,416418,358864,775282,325145,280943,606088,270345,247829,518174,214936,206512,421448,110412,105602,216014,23134,21901,45035
2021-09-27,2259510,1847332,4106842,456278,309247,765525,442244,308397,750641,416682,364422,781104,325297,282938,608235,270452,248156,518608,214978,206603,421581,110438,105654,216092,23141,21915,45056
2021-09-28,2263417,1871478,4134895,457372,310125,767497,443085,325526,768611,417703,366069,783772,325888,284090,609978,270706,249223,519929,215052,208248,423300,110464,106174,216638,23147,22023,45170
2021-09-29,2267774,1884479,4152253,460668,312155,772823,443607,333227,776834,418046,367477,785523,326010,285075,611085,270741,249635,520376,215067,208570,423637,110481,106296,216777,23154,22044,45198
2021-09-30,2278381,1892334,4170715,469452,314495,783947,444587,334741,779328,418624,368927,787551,326183,286712,612895,270788,250290,521078,215096,208758,423854,110496,106357,216853,23155,22054,45209
2021-10-01,2280943,1901030,4181973,471666,318219,789885,444758,337057,781815,418740,370369,789109,326227,287575,613802,270800,250522,521322,215098,208840,423938,110499,106388,216887,23155,22060,45215
2021-10-02,2283644,1903982,4187626,473305,318982,792287,445360,338016,783376,418997,371071,790068,326347,287910,614257,270856,250632,521488,215114,208892,424006,110506,106415,216921,23159,22064,45223
2021-10-03,2289609,1903987,4193596,476135,318984,795119,447113,338018,785131,419760,371071,790831,326682,287911,614593,271042,250632,521674,215179,208892,424071,110534,106415,216949,23164,22064,45228
2021-10-04,2296479,1908228,4204707,479119,320804,799923,449333,339179,788512,420735,371526,792261,327079,288376,615455,271218,250869,522087,215251,208969,424220,110565,106438,217003,23179,22067,45246
2021-10-05,2299430,1912051,4211481,480919,321814,802733,449987,340296,790283,421024,372386,793410,327218,288967,616185,271266,251036,522302,215261,209015,424276,110574,106461,217035,23181,22076,45257
2021-10-06,2312354,1913514,4225868,491961,322114,814075,450948,340662,791610,421565,372731,794296,327456,289245,616701,271359,251139,522498,215290,209052,424342,110584,106489,217073,23191,22082,45273
2021-10-07,2315566,1916380,4231946,493669,322880,816549,451661,341585,793246,421989,373154,795143,327672,289738,617410,271450,251334,522784,215326,209100,424426,110598,106503,217101,23201,22086,45287
2021-10-08,2316443,1936569,4253012,494084,324035,818119,451844,353016,804860,422104,375542,797646,327759,292502,620261,271494,253614,525108,215347,209218,424565,110607,106552,217159,23204,22090,45294
2021-10-09,2316449,1955997,4272446,494085,325392,819477,451847,361449,813296,422105,378008,800113,327760,297113,624873,271494,255988,527482,215347,209352,424699,110607,106598,217205,23204,22097,45301
2021-10-10,2316458,1970129,4286587,494090,326446,820536,451851,368330,820181,422105,379678,801783,327760,299802,627562,271494,257699,529193,215347,209438,424785,110607,106632,217239,23204,22104,45308
2021-10-11,2317950,1977735,4295685,495278,330211,825489,452004,370280,822284,422180,380698,802878,327802,300343,628145,271516,257883,529399,215352,209535,424887,110613,106678,217291,23205,22107,45312
2021-10-12,2322203,1994580,4316783,498316,340009,838325,452514,372469,824983,422573,382922,805495,327996,302037,630033,271591,258660,530251,215384,209659,425043,110624,106709,217333,23205,22115,45320
2021-10-13,2351872,1998911,4350783,527574,341716,869290,452685,373207,825892,422703,383693,806396,328054,302769,630823,271613,258959,530572,215394,209705,425099,110631,106740,217371,23218,22122,45340
2021-10-14,2366108,2010761,4376869,540893,347546,888439,453069,376229,829298,422975,385185,808160,328201,303755,631956,271674,259320,530994,215428,209806,425234,110646,106787,217433,23222,22133,45355
2021-10-15,2369154,2033123,4402277,543261,359377,902638,453393,382117,835510,423146,387709,810855,328318,305084,633402,271715,259875,531590,215446,209971,425417,110650,106843,217493,23225,22147,45372
2021-10-16,2375810,2044151,4419961,549096,366188,915284,453793,384333,838126,423354,388865,812219,328438,305621,634059,271774,260082,531856,215462,210049,425511,110663,106860,217523,23230,22153,45383
2021-10-17,2378851,2047767,4426618,551783,367822,919605,453986,385089,839075,423432,389414,812846,328484,306034,634518,271797,260263,532060,215472,210106,425578,110667,106881,217548,23230,22158,45388
2021-10-18,2395459,2055114,4450573,567982,370820,938802,454190,386735,840925,423530,390851,814381,328538,306924,635462,271817,260569,532386,215481,210158,425639,110681,106895,217576,23240,22162,45402
2021-10-19,2401680,2066935,4468615,573555,376566,950121,454535,389281,843816,423680,392709,816389,328625,307924,636549,271854,261141,532995,215498,210230,425728,110688,106917,217605,23245,22167,45412
2021-10-20,2412200,2073898,4486098,583660,380365,964025,454743,390631,845374,423790,393722,817512,328683,308434,637117,271877,261344,533221,215506,210289,425795,110695,106938,217633,23246,22175,45421
2021-10-21,2425766,2082297,4508063,596664,384915,981579,455008,392308,847316,423930,394700,818630,328749,309096,637845,271928,261715,533643,215525,210370,425895,110710,106998,217708,23252,22195,45447
2021-10-22,2442266,2094088,4536354,612225,391523,1003748,455411,394650,850061,424192,395917,820109,328896,310180,639076,272002,262093,534095,215555,210478,426033,110731,107045,217776,23254,22202,45456
2021-10-23,2455519,2098272,4553791,625027,393666,1018693,455622,395787,851409,424319,396330,820649,328961,310454,639415,272024,262242,534266,215570,210521,426091,110737,107066,217803,23259,22206,45465
2021-10-24,2471744,2100269,4572013,641025,394918,1035943,455714,396083,851797,424398,396520,820918,328998,310575,639573,272032,262340,534372,215576,210550,426126,110739,107075,217814,23262,22208,45470
2021-10-25,2486125,2106073,4592198,654530,397290,1051820,456009,397510,853519,424756,397446,822202,329127,311160,640287,272089,262623,534712,215601,210688,426289,110748,107135,217883,23265,22221,45486
2021-10-26,2504923,2110253,4615176,672737,399267,1072004,456311,398647,854958,424914,397951,822865,329203,311483,640686,272120,262754,534874,215614,210745,426359,110758,107167,217925,23266,22239,45505
2021-10-27,2521219,2118850,4640069,688380,405965,1094345,456658,399426,856084,425073,398523,823596,329274,311820,641094,272161,262895,535056,215635,210802,426437,110769,107180,217949,23269,22239,45508
2021-10-28,2541693,2123829,4665522,708279,408525,1116804,456987,400369,857356,425208,399203,824411,329337,312277,641614,272184,263104,535288,215648,210881,426529,110776,107216,217992,23274,22254,45528
2021-10-29,2563282,2126989,4690271,729421,410337,1139758,457237,401024,858261,425316,399543,824859,329393,312459,641852,272203,263206,535409,215654,210918,426572,110782,107240,218022,23276,22262,45538
2021-10-30,2578400,2128824,4707224,744186,411351,1155537,457417,401464,858881,425414,399740,825154,329440,312565,642005,272217,263262,535479,215664,210933,426597,110785,107246,218031,23277,22263,45540
2021-10-31,2591955,2131086,4723041,757333,412717,1170050,457623,401928,859551,425519,399961,825480,329506,312685,642191,272227,263321,535548,215679,210956,426635,110788,107254,218042,23280,22264,45544
2021-11-01,2599079,2138941,4738020,764129,414843,1178972,457792,405720,863512,425626,400992,826618,329539,313223,642762,272237,263583,535820,215686,211036,426722,110789,107272,218061,23281,22272,45553
2021-11-02,2601474,2144116,4745590,765988,417564,1183552,458048,407090,865138,425764,401559,827323,329610,313542,643152,272273,263709,535982,215704,211077,426781,110795,107293,218088,23292,22282,45574
2021-11-03,2604329,2160666,4764995,768370,433375,1201745,458195,407459,865654,425928,401726,827654,329735,313629,643364,272294,263777,536071,215713,211103,426816,110800,107310,218110,23294,22287,45581
2021-11-04,2608822,2175529,4784351,772507,447405,1219912,458330,407834,866164,426048,401915,827963,329783,313750,643533,272314,263852,536166,215735,211146,426881,110809,107329,218138,23296,22298,45594
2021-11-05,2611966,2179748,4791714,775198,451035,1226233,458493,408096,866589,426183,402040,828223,329880,313846,643726,272339,263915,536254,215752,211169,426921,110822,107342,218164,23299,22305,45604
2021-11-06,2614494,2183730,4798224,777364,454525,1231889,458628,408312,866940,426259,402166,828425,329977,313934,643911,272364,263957,536321,215769,211181,426950,110830,107350,218180,23303,22305,45608
2021-11-07,2616805,2187731,4804536,779535,457718,1237253,458689,408673,867362,426296,402367,828663,330000,314046,644046,272376,264027,536403,215775,211215,426990,110831,107373,218204,23303,22312,45615
2021-11-08,2621057,2201328,4822385,783061,470361,1253422,459024,409048,868072,426490,402600,829090,330103,314245,644348,272427,264122,536549,215809,211250,427059,110834,107385,218219,23309,22317,45626
2021-11-09,2624810,2205755,4830565,786348,474082,1260430,459244,409359,868603,426620,402787,829407,330172,314373,644545,272451,264169,536620,215827,211266,427093,110836,107397,218233,23312,22322,45634
2021-11-10,2629911,2212009,4841920,791196,479530,1270726,459367,409715,869082,426685,402963,829648,330209,314478,644687,272464,264257,536721,215836,211315,427151,110840,107417,218257,23314,22334,45648
2021-11-11,2633434,2218156,4851590,794264,484764,1279028,459548,410084,869632,426804,403178,829982,330296,314617,644913,272495,264337,536832,215858,211374,427232,110850,107462,218312,23319,22340,45659
2021-11-12,2637848,2228833,4866681,798262,494443,1292705,459732,410394,870126,426913,403510,830423,330353,314780,645133,272524,264456,536980,215879,211422,427301,110860,107480,218340,23325,22348,45673
2021-11-13,2639378,2229503,4868881,799789,495105,1294894,459732,410398,870130,426913,403511,830424,330354,314780,645134,272525,264457,536982,215879,211423,427302,110860,107481,218341,23326,22348,45674
2021-11-14,2639914,2231692,4871606,800318,497280,1297598,459736,410406,870142,426915,403515,830430,330355,314782,645137,272525,264457,536982,215879,211423,427302,110860,107481,218341,23326,22348,45674
2021-11-15,2642030,2243002,4885032,801961,507611,1309572,459977,410683,870660,427047,403860,830907,330407,315060,645467,272547,264509,537056,215896,211439,427335,110868,107491,218359,23327,22349,45676
2021-11-16,2643956,2260737,4904693,803507,521241,1324748,460170,412365,872535,427133,405371,832504,330452,315620,646072,272576,264763,537339,215912,211500,427412,110875,107522,218397,23331,22355,45686
2021-11-17,2647391,2280838,4928229,806576,540526,1347102,460333,412790,873123,427219,405554,832773,330506,315749,646255,272604,264807,537411,215930,211516,427446,110881,107536,218417,23342,22360,45702
2021-11-18,2651951,2299007,4950958,810791,558039,1368830,460479,413065,873544,427301,405757,833058,330567,315856,646423,272637,264843,537480,215941,211532,427473,110888,107547,218435,23347,22368,45715
2021-11-19,2656344,2316460,4972804,814653,574218,1388871,460706,413634,874340,427411,406098,833509,330687,316059,646746,272682,264936,537618,215954,211582,427536,110899,107563,218462,23352,22370,45722
2021-11-20,2657935,2322329,4980264,815919,579683,1395602,460810,413783,874593,427517,406197,833714,330757,316137,646894,272706,264978,537684,215967,211604,427571,110905,107575,218480,23354,22372,45726
2021-11-21,2659906,2328016,4987922,817617,584602,1402219,460909,414041,874950,427594,406408,834002,330813,316324,647137,272726,265059,537785,215982,211622,427604,110909,107585,218494,23356,22375,45731
2021-11-22,2661078,2336349,4997427,818597,592104,1410701,460971,414408,875379,427637,406626,834263,330858,316479,647337,272745,265112,537857,215997,211645,427642,110915,107594,218509,23358,22381,45739
