FECHA,TotalM,TotalF,Total,<=30M,<=30F,<=30,31-40M,31-40F,31-40,41-50M,41-50F,41-50,51-60M,51-60F,51-60,61-70M,61-70F,61-70,71-80M,71-80F,71-80,81-90M,81-90F,81-90,>=91M,>=91F,>=91
2020-12-29,273,434,707,40,70,110,97,135,232,82,141,223,53,86,139,1,2,3,0,0,0,0,0,0,0,0,0
2020-12-30,308,505,813,45,100,145,113,151,264,90,156,246,58,97,155,2,1,3,0,0,0,0,0,0,0,0,0
2020-12-31,40,49,89,7,3,10,13,16,29,13,20,33,7,9,16,0,1,1,0,0,0,0,0,0,0,0,0
2021-01-01,0,0,0,0,0,0,0,0,0,0,0,0,0,0,0,0,0,0,0,0,0,0,0,0,0,0,0
2021-01-02,142,260,402,14,31,45,55,102,157,48,73,121,24,53,77,1,1,2,0,0,0,0,0,0,0,0,0
2021-01-03,51,104,155,8,15,23,23,43,66,12,29,41,8,17,25,0,0,0,0,0,0,0,0,0,0,0,0
2021-01-04,334,545,879,59,96,155,108,193,301,96,162,258,70,94,164,1,0,1,0,0,0,0,0,0,0,0,0
2021-01-05,486,760,1246,71,132,203,204,252,456,122,228,350,88,144,232,1,3,4,0,1,1,0,0,0,0,0,0
2021-01-06,532,809,1341,93,150,243,199,247,446,150,236,386,88,175,263,2,1,3,0,0,0,0,0,0,0,0,0
2021-01-07,542,935,1477,86,161,247,185,327,512,156,273,429,115,174,289,0,0,0,0,0,0,0,0,0,0,0,0
2021-01-08,666,1180,1846,121,230,351,226,404,630,191,338,529,123,205,328,5,3,8,0,0,0,0,0,0,0,0,0
2021-01-09,168,272,440,14,40,54,71,102,173,52,86,138,31,44,75,0,0,0,0,0,0,0,0,0,0,0,0
2021-01-10,208,361,569,33,48,81,89,152,241,53,102,155,31,59,90,2,0,2,0,0,0,0,0,0,0,0,0
2021-01-11,657,1196,1853,111,258,369,265,403,668,174,323,497,105,209,314,2,3,5,0,0,0,0,0,0,0,0,0
2021-01-12,592,1090,1682,96,190,286,235,389,624,150,290,440,110,220,330,1,1,2,0,0,0,0,0,0,0,0,0
2021-01-13,465,892,1357,79,180,259,164,324,488,128,234,362,93,154,247,1,0,1,0,0,0,0,0,0,0,0,0
2021-01-14,800,1419,2219,169,281,450,292,487,779,217,395,612,122,255,377,0,1,1,0,0,0,0,0,0,0,0,0
2021-01-15,1195,2221,3416,215,452,667,467,771,1238,307,611,918,206,384,590,0,3,3,0,0,0,0,0,0,0,0,0
2021-01-16,476,854,1330,96,153,249,178,326,504,120,242,362,82,133,215,0,0,0,0,0,0,0,0,0,0,0,0
2021-01-17,285,546,831,66,93,159,113,215,328,72,154,226,34,84,118,0,0,0,0,0,0,0,0,0,0,0,0
2021-01-18,187,317,504,28,54,82,60,104,164,56,104,160,43,55,98,0,0,0,0,0,0,0,0,0,0,0,0
2021-01-19,286,471,757,36,67,103,82,171,253,95,145,240,71,87,158,2,1,3,0,0,0,0,0,0,0,0,0
2021-01-20,291,505,796,31,96,127,109,151,260,87,158,245,64,98,162,0,2,2,0,0,0,0,0,0,0,0,0
2021-01-21,127,188,315,23,30,53,44,52,96,33,63,96,22,41,63,5,1,6,0,1,1,0,0,0,0,0,0
2021-01-22,35,49,84,6,10,16,13,14,27,12,17,29,2,7,9,1,1,2,1,0,1,0,0,0,0,0,0
2021-01-23,118,204,322,10,22,32,45,82,127,39,60,99,23,40,63,1,0,1,0,0,0,0,0,0,0,0,0
2021-01-24,44,88,132,5,9,14,20,37,57,11,26,37,8,16,24,0,0,0,0,0,0,0,0,0,0,0,0
2021-01-25,281,459,740,45,77,122,84,148,232,80,143,223,70,90,160,2,1,3,0,0,0,0,0,0,0,0,0
2021-01-26,374,649,1023,41,105,146,147,185,332,105,216,321,76,139,215,5,4,9,0,0,0,0,0,0,0,0,0
2021-01-27,446,664,1110,74,116,190,169,197,366,117,194,311,82,155,237,4,2,6,0,0,0,0,0,0,0,0,0
2021-01-28,461,809,1270,75,145,220,153,273,426,129,226,355,103,164,267,1,1,2,0,0,0,0,0,0,0,0,0
2021-01-29,633,1062,1695,102,188,290,242,375,617,182,307,489,103,188,291,4,4,8,0,0,0,0,0,0,0,0,0
2021-01-30,152,260,412,19,38,57,59,104,163,45,78,123,29,40,69,0,0,0,0,0,0,0,0,0,0,0,0
2021-01-31,118,225,343,23,33,56,42,93,135,32,60,92,20,39,59,1,0,1,0,0,0,0,0,0,0,0,0
2021-02-01,546,943,1489,91,175,266,224,332,556,150,255,405,80,177,257,1,4,5,0,0,0,0,0,0,0,0,0
2021-02-02,1183,2004,3187,113,244,357,289,465,754,206,439,645,226,462,688,306,363,669,37,29,66,5,2,7,1,0,1
2021-02-03,1267,2311,3578,138,327,465,324,617,941,253,546,799,246,474,720,267,318,585,36,27,63,3,2,5,0,0,0
2021-02-04,1242,2324,3566,159,324,483,359,664,1023,292,566,858,221,482,703,167,250,417,39,35,74,4,3,7,1,0,1
2021-02-05,1909,3712,5621,280,578,858,620,1170,1790,405,909,1314,357,735,1092,191,276,467,51,42,93,5,2,7,0,0,0
2021-02-06,442,806,1248,81,118,199,136,276,412,116,230,346,86,155,241,22,26,48,1,1,2,0,0,0,0,0,0
2021-02-07,353,652,1005,54,90,144,113,237,350,110,192,302,58,111,169,16,21,37,2,1,3,0,0,0,0,0,0
2021-02-08,867,1593,2460,128,280,408,278,501,779,210,428,638,150,271,421,89,103,192,11,10,21,1,0,1,0,0,0
2021-02-09,991,1927,2918,141,342,483,303,568,871,227,463,690,181,403,584,120,145,265,14,6,20,5,0,5,0,0,0
2021-02-10,541,1026,1567,83,165,248,134,325,459,145,262,407,108,205,313,59,62,121,9,7,16,3,0,3,0,0,0
2021-02-11,455,1063,1518,71,181,252,145,346,491,97,268,365,72,198,270,57,62,119,12,8,20,1,0,1,0,0,0
2021-02-12,508,952,1460,73,155,228,167,333,500,115,277,392,90,138,228,47,41,88,13,8,21,3,0,3,0,0,0
2021-02-13,28,44,72,2,8,10,11,17,28,6,9,15,8,9,17,0,1,1,1,0,1,0,0,0,0,0,0
2021-02-14,6,25,31,2,7,9,2,8,10,0,10,10,2,0,2,0,0,0,0,0,0,0,0,0,0,0,0
2021-02-15,0,0,0,0,0,0,0,0,0,0,0,0,0,0,0,0,0,0,0,0,0,0,0,0,0,0,0
2021-02-16,11,36,47,1,1,2,8,18,26,2,13,15,0,3,3,0,0,0,0,1,1,0,0,0,0,0,0
2021-02-17,799,1505,2304,127,228,355,246,450,696,170,433,603,146,286,432,98,104,202,12,4,16,0,0,0,0,0,0
2021-02-18,1849,3886,5735,217,541,758,524,1048,1572,379,1026,1405,364,782,1146,267,389,656,79,94,173,19,6,25,0,0,0
2021-02-19,1672,3818,5490,196,534,730,448,1115,1563,428,984,1412,309,736,1045,211,335,546,65,104,169,12,10,22,3,0,3
2021-02-20,454,786,1240,45,83,128,136,273,409,112,193,305,88,150,238,53,82,135,19,5,24,1,0,1,0,0,0
2021-02-21,329,504,833,35,65,100,93,187,280,80,131,211,79,86,165,33,30,63,7,5,12,2,0,2,0,0,0
2021-02-22,3425,6246,9671,195,445,640,353,864,1217,269,699,968,255,545,800,312,314,626,396,535,931,1478,2418,3896,167,426,593
2021-02-23,3981,7401,11382,251,528,779,446,1097,1543,427,1002,1429,363,800,1163,478,612,1090,359,500,859,1478,2426,3904,179,436,615
2021-02-24,4060,7616,11676,257,463,720,552,1053,1605,447,966,1413,327,752,1079,385,503,888,399,614,1013,1529,2760,4289,164,505,669
2021-02-25,4049,7551,11600,234,533,767,524,1088,1612,493,893,1386,372,788,1160,344,493,837,338,571,909,1540,2675,4215,204,510,714
2021-02-26,3924,7900,11824,250,561,811,546,1117,1663,379,957,1336,396,854,1250,354,504,858,360,536,896,1449,2806,4255,190,565,755
2021-02-27,525,1095,1620,40,74,114,99,127,226,88,122,210,60,107,167,56,102,158,64,126,190,103,306,409,15,131,146
2021-02-28,154,354,508,15,17,32,30,59,89,17,34,51,13,17,30,34,33,67,15,38,53,25,94,119,5,62,67
2021-03-01,3086,6071,9157,111,231,342,262,524,786,222,398,620,165,383,548,193,249,442,357,561,918,1576,3192,4768,200,533,733
2021-03-02,3038,5867,8905,126,298,424,231,504,735,174,426,600,156,346,502,186,312,498,370,570,940,1584,2904,4488,211,507,718
2021-03-03,2881,5801,8682,133,258,391,250,595,845,221,495,716,159,386,545,138,235,373,304,517,821,1462,2776,4238,214,539,753
2021-03-04,1277,2865,4142,123,320,443,232,555,787,187,420,607,139,332,471,119,227,346,118,203,321,328,672,1000,31,136,167
2021-03-05,1114,2596,3710,94,246,340,248,577,825,196,547,743,165,401,566,119,217,336,74,144,218,186,384,570,32,80,112
2021-03-06,656,2324,2980,40,238,278,175,525,700,135,510,645,102,428,530,28,56,84,66,145,211,87,302,389,23,120,143
2021-03-07,647,2065,2712,35,191,226,145,490,635,147,456,603,122,361,483,35,44,79,68,132,200,75,250,325,20,141,161
2021-03-08,1453,3322,4775,91,254,345,183,443,626,135,389,524,137,348,485,131,271,402,179,308,487,525,1010,1535,72,299,371
2021-03-09,3764,6845,10609,158,306,464,334,686,1020,272,531,803,252,502,754,271,355,626,419,670,1089,1832,3127,4959,226,668,894
2021-03-10,4041,8716,12757,212,518,730,387,1123,1510,337,1110,1447,348,995,1343,224,334,558,403,645,1048,1882,3321,5203,248,670,918
2021-03-11,5187,12322,17509,410,914,1324,744,2034,2778,565,2185,2750,525,1625,2150,367,537,904,444,738,1182,1922,3649,5571,210,640,850
2021-03-12,3805,10305,14110,432,1048,1480,830,2529,3359,682,2528,3210,577,1861,2438,289,458,747,230,329,559,659,1281,1940,106,271,377
2021-03-13,1493,5101,6594,194,784,978,418,1502,1920,378,1402,1780,298,963,1261,90,129,219,30,79,109,68,174,242,17,68,85
2021-03-14,1044,3955,4999,97,513,610,305,1104,1409,292,1224,1516,242,936,1178,80,133,213,25,40,65,3,5,8,0,0,0
2021-03-15,2974,8970,11944,261,1026,1287,646,2213,2859,554,2166,2720,503,1691,2194,284,522,806,212,326,538,446,899,1345,68,127,195
2021-03-16,3928,9449,13377,267,844,1111,612,1781,2393,564,1720,2284,460,1426,1886,334,599,933,377,571,948,1204,2196,3400,110,312,422
2021-03-17,4179,9245,13424,294,679,973,621,1704,2325,579,1619,2198,448,1225,1673,392,706,1098,424,675,1099,1277,2305,3582,144,332,476
2021-03-18,4378,9860,14238,338,904,1242,745,1929,2674,683,1771,2454,582,1439,2021,323,592,915,440,693,1133,1127,2151,3278,140,381,521
2021-03-19,4170,9904,14074,358,998,1356,783,2066,2849,776,1872,2648,632,1497,2129,254,384,638,302,510,812,913,2047,2960,152,530,682
2021-03-20,2186,4939,7125,70,221,291,207,475,682,191,464,655,197,471,668,458,1076,1534,385,623,1008,580,1300,1880,98,309,407
2021-03-21,1674,3465,5139,24,63,87,71,134,205,43,81,124,95,195,290,637,1420,2057,419,686,1105,331,709,1040,54,177,231
2021-03-22,2087,4480,6567,166,298,464,311,689,1000,243,576,819,233,644,877,576,1445,2021,468,685,1153,77,118,195,13,25,38
2021-03-23,3025,6952,9977,120,272,392,262,577,839,217,534,751,206,460,666,408,870,1278,455,743,1198,1156,2718,3874,201,778,979
2021-03-24,1860,4129,5989,6,17,23,12,28,40,10,27,37,38,62,100,238,566,804,343,657,1000,1056,2270,3326,157,502,659
2021-03-25,2104,4289,6393,131,298,429,258,560,818,245,438,683,161,319,480,93,155,248,306,460,766,789,1652,2441,121,407,528
2021-03-26,1108,2628,3736,37,95,132,109,198,307,76,172,248,87,139,226,121,384,505,182,394,576,414,927,1341,82,319,401
2021-03-27,736,1862,2598,2,6,8,5,15,20,3,13,16,5,22,27,17,40,57,149,330,479,486,1080,1566,69,356,425
2021-03-28,709,1883,2592,2,4,6,3,7,10,1,11,12,8,12,20,30,39,69,141,259,400,433,1143,1576,91,408,499
2021-03-29,2301,5835,8136,200,526,726,421,1095,1516,347,899,1246,280,739,1019,151,285,436,238,396,634,553,1405,1958,111,490,601
2021-03-30,3154,7226,10380,122,295,417,245,656,901,229,535,764,1054,2375,3429,767,1243,2010,369,694,1063,305,1042,1347,63,386,449
2021-03-31,4162,8512,12674,230,529,759,494,1242,1736,433,1080,1513,237,497,734,161,219,380,2044,3172,5216,462,1296,1758,101,477,578
2021-04-01,4528,7580,12108,24,29,53,26,84,110,541,1034,1575,387,754,1141,68,201,269,3066,4350,7416,350,862,1212,66,266,332
2021-04-02,4414,7214,11628,1,3,4,2,8,10,911,1733,2644,7,14,21,15,26,41,3167,4647,7814,273,612,885,38,171,209
2021-04-03,3750,6082,9832,1,8,9,4,4,8,8,7,15,8,7,15,9,11,20,3578,5639,9217,108,292,400,34,114,148
2021-04-04,1106,1748,2854,0,0,0,1,1,2,2,7,9,4,4,8,18,17,35,1071,1691,2762,5,17,22,5,11,16
2021-04-05,6073,9795,15868,88,130,218,75,198,273,77,209,286,79,195,274,133,192,325,5460,8512,13972,129,264,393,32,95,127
2021-04-06,6838,11015,17853,103,148,251,125,229,354,70,150,220,62,122,184,112,182,294,6105,9544,15649,217,487,704,44,153,197
2021-04-07,7561,11915,19476,91,120,211,124,266,390,74,173,247,79,142,221,653,811,1464,6132,9498,15630,345,728,1073,63,177,240
2021-04-08,8486,12090,20576,163,165,328,210,268,478,103,157,260,85,168,253,1526,2230,3756,6222,8804,15026,153,220,373,24,78,102
2021-04-09,7351,11281,18632,128,249,377,224,388,612,123,258,381,90,185,275,1342,1856,3198,5266,7872,13138,147,334,481,31,139,170
2021-04-10,3104,4761,7865,48,108,156,64,151,215,77,121,198,54,122,176,656,1007,1663,2144,3169,5313,54,54,108,7,29,36
2021-04-11,2911,4621,7532,48,108,156,97,182,279,53,163,216,65,166,231,599,910,1509,2016,2999,5015,29,62,91,4,31,35
2021-04-12,8115,12523,20638,131,243,374,181,352,533,116,227,343,109,195,304,1612,2306,3918,5853,8921,14774,89,199,288,24,80,104
2021-04-13,7673,11783,19456,205,187,392,231,338,569,218,235,453,192,372,564,1967,3418,5385,4717,6875,11592,123,262,385,20,96,116
2021-04-14,6598,9806,16404,233,76,309,182,166,348,156,185,341,65,68,133,814,1026,1840,3838,5933,9771,1169,1953,3122,141,399,540
2021-04-15,3282,5709,8991,136,46,182,101,39,140,79,23,102,42,46,88,1294,2817,4111,1528,2488,4016,83,195,278,19,55,74
2021-04-16,3802,5742,9544,100,33,133,48,27,75,42,24,66,16,17,33,630,839,1469,2584,3851,6435,320,758,1078,62,193,255
2021-04-17,317,488,805,16,14,30,25,17,42,37,33,70,37,31,68,43,40,83,139,272,411,18,57,75,2,24,26
2021-04-18,147,161,308,16,6,22,22,16,38,29,33,62,43,29,72,9,17,26,15,17,32,9,29,38,4,14,18
2021-04-19,4045,6360,10405,159,30,189,65,12,77,49,17,66,16,12,28,491,678,1169,2804,4394,7198,396,979,1375,65,238,303
2021-04-20,6167,10588,16755,163,63,226,81,69,150,67,84,151,452,1061,1513,3018,4932,7950,1604,2446,4050,584,1338,1922,198,595,793
2021-04-21,8411,12092,20503,84,46,130,49,45,94,47,45,92,85,215,300,7756,10934,18690,330,624,954,47,127,174,13,56,69
2021-04-22,10069,13922,23991,47,46,93,39,46,85,32,52,84,42,64,106,9461,12970,22431,370,588,958,69,124,193,9,32,41
2021-04-23,10203,13208,23411,27,47,74,47,55,102,51,75,126,70,76,146,9732,12355,22087,218,390,608,50,142,192,8,68,76
2021-04-24,2914,3517,6431,5,9,14,5,8,13,15,16,31,18,22,40,2617,3191,5808,215,188,403,29,63,92,10,20,30
2021-04-25,81,124,205,2,2,4,4,3,7,5,12,17,9,7,16,57,79,136,2,9,11,0,8,8,2,4,6
2021-04-26,1505,2381,3886,14,5,19,12,14,26,9,10,19,5,16,21,1316,2012,3328,128,222,350,15,76,91,6,26,32
2021-04-27,1383,2853,4236,76,71,147,49,92,141,43,67,110,33,58,91,901,1668,2569,230,719,949,45,141,186,6,37,43
2021-04-28,7065,16036,23101,723,1833,2556,1549,4311,5860,1288,3850,5138,1016,2956,3972,2246,2634,4880,203,321,524,34,96,130,6,35,41
2021-04-29,6540,13160,19700,454,1323,1777,1077,3198,4275,1034,2995,4029,863,2361,3224,2737,2676,5413,297,375,672,58,166,224,20,66,86
2021-04-30,1330,1985,3315,71,125,196,97,177,274,49,94,143,32,73,105,833,1112,1945,201,281,482,36,81,117,11,42,53
2021-05-01,533,1067,1600,11,30,41,57,101,158,22,57,79,23,40,63,311,593,904,91,158,249,16,59,75,2,29,31
2021-05-02,4298,9842,14140,308,941,1249,812,2172,2984,812,2075,2887,640,1625,2265,493,1049,1542,1190,1840,3030,37,99,136,6,41,47
2021-05-03,8204,11539,19743,56,105,161,103,165,268,52,89,141,823,1161,1984,4894,6496,11390,2178,3280,5458,82,183,265,16,60,76
2021-05-04,11563,14291,25854,92,123,215,95,177,272,45,99,144,1979,2470,4449,9029,10988,20017,267,315,582,43,78,121,13,41,54
2021-05-05,10642,15322,25964,122,188,310,211,190,401,230,137,367,574,670,1244,3113,4628,7741,6088,8735,14823,267,624,891,37,150,187
2021-05-06,3618,5359,8977,110,100,210,155,116,271,199,56,255,423,426,849,1656,2731,4387,987,1782,2769,68,113,181,20,35,55
2021-05-07,7961,13092,21053,136,288,424,227,517,744,196,383,579,258,507,765,1384,2814,4198,5622,8265,13887,114,230,344,24,88,112
2021-05-08,2391,15297,17688,182,1611,1793,470,3502,3972,505,4603,5108,565,3637,4202,577,1790,2367,68,92,160,14,40,54,10,22,32
2021-05-09,138,223,361,0,0,0,0,0,0,1,0,1,22,12,34,71,78,149,14,21,35,22,65,87,8,47,55
2021-05-10,827,2514,3341,26,42,68,31,53,84,27,44,71,148,251,399,317,1419,1736,198,462,660,64,170,234,16,73,89
2021-05-11,3291,3928,7219,21,36,57,31,60,91,32,55,87,629,743,1372,2396,2687,5083,131,186,317,37,103,140,14,58,72
2021-05-12,3567,4415,7982,35,33,68,46,62,108,42,61,103,683,796,1479,2489,2796,5285,170,374,544,86,204,290,16,89,105
2021-05-13,2890,5386,8276,55,106,161,94,232,326,78,159,237,179,311,490,886,1709,2595,1494,2517,4011,86,250,336,18,102,120
2021-05-14,1336,3055,4391,55,96,151,92,189,281,74,137,211,169,236,405,588,1471,2059,286,656,942,54,181,235,18,89,107
2021-05-15,6414,5169,11583,20,41,61,38,67,105,30,49,79,1197,1205,2402,4994,3458,8452,96,174,270,30,121,151,9,54,63
2021-05-16,873,2306,3179,58,192,250,208,701,909,253,710,963,177,401,578,129,154,283,25,42,67,13,74,87,10,32,42
2021-05-17,4272,4332,8604,51,89,140,172,419,591,105,290,395,838,780,1618,2820,2200,5020,229,382,611,41,112,153,16,60,76
2021-05-18,4561,3910,8471,29,53,82,62,76,138,62,80,142,862,846,1708,3409,2515,5924,100,198,298,28,96,124,9,46,55
2021-05-19,3451,3337,6788,41,101,142,110,215,325,45,117,162,632,638,1270,2444,1815,4259,134,318,452,35,92,127,10,41,51
2021-05-20,10573,11954,22527,71,144,215,150,239,389,88,180,268,2925,3315,6240,6591,6503,13094,577,1025,1602,146,440,586,25,108,133
2021-05-21,2147,4387,6534,105,259,364,187,547,734,107,397,504,97,347,444,449,833,1282,1119,1792,2911,75,158,233,8,54,62
2021-05-22,1524,2126,3650,52,75,127,42,62,104,23,63,86,208,261,469,968,1233,2201,195,342,537,31,70,101,5,20,25
2021-05-23,2373,2361,4734,24,46,70,26,67,93,25,41,66,1007,1089,2096,1185,883,2068,80,153,233,19,65,84,7,17,24
2021-05-24,691,1569,2260,37,82,119,66,133,199,37,101,138,224,239,463,271,877,1148,51,104,155,5,25,30,0,8,8
2021-05-25,4603,8480,13083,10,22,32,6,16,22,2,16,18,178,172,350,278,742,1020,479,836,1315,3244,5701,8945,406,975,1381
2021-05-26,2269,3397,5666,34,49,83,42,81,123,35,71,106,1072,963,2035,199,334,533,167,313,480,617,1310,1927,103,276,379
2021-05-27,9314,14956,24270,61,117,178,96,163,259,93,162,255,2681,2451,5132,279,208,487,687,1189,1876,4823,9066,13889,594,1600,2194
2021-05-28,10510,14827,25337,107,156,263,174,244,418,292,271,563,5793,6777,12570,230,239,469,519,816,1335,3019,5329,8348,376,995,1371
2021-05-29,8962,8324,17286,4,8,12,10,12,22,630,473,1103,7758,6922,14680,189,229,418,75,128,203,262,478,740,34,74,108
2021-05-30,8313,7550,15863,6,8,14,6,7,13,1776,1541,3317,6381,5835,12216,84,78,162,23,28,51,31,43,74,6,10,16
2021-05-31,11540,15340,26880,95,178,273,164,283,447,6350,6055,12405,3400,5519,8919,613,870,1483,187,365,552,631,1690,2321,100,380,480
2021-06-01,11106,12583,23689,191,255,446,598,414,1012,7058,7374,14432,2185,2516,4701,116,172,288,161,277,438,732,1294,2026,65,281,346
2021-06-02,9042,12824,21866,615,649,1264,1703,2599,4302,4010,5287,9297,2025,2595,4620,162,218,380,126,214,340,332,943,1275,69,319,388
2021-06-03,12648,19454,32102,3019,5033,8052,5230,7963,13193,3262,4401,7663,576,843,1419,147,201,348,90,189,279,274,631,905,50,193,243
2021-06-04,13226,16263,29489,2964,3585,6549,4769,4743,9512,2952,4214,7166,1015,1392,2407,1053,1164,2217,303,530,833,134,489,623,36,146,182
2021-06-05,10888,10229,21117,2665,2373,5038,4778,3925,8703,1836,1723,3559,675,691,1366,648,733,1381,147,283,430,107,362,469,32,139,171
2021-06-06,8401,9788,18189,3041,4028,7069,3794,4094,7888,921,731,1652,423,375,798,76,80,156,57,130,187,67,207,274,22,143,165
2021-06-07,13623,14143,27766,3082,3354,6436,3302,2748,6050,3290,3137,6427,3331,3889,7220,379,399,778,121,219,340,85,259,344,33,138,171
2021-06-08,12637,17021,29658,1007,1485,2492,1357,2040,3397,1475,2052,3527,8079,9937,18016,147,197,344,192,327,519,323,717,1040,57,266,323
2021-06-09,12587,13134,25721,336,337,673,650,671,1321,705,558,1263,10702,11099,21801,94,129,223,54,87,141,32,144,176,14,109,123
2021-06-10,14267,14938,29205,763,860,1623,1053,1209,2262,1916,2003,3919,10099,10089,20188,291,373,664,86,155,241,40,161,201,19,88,107
2021-06-11,9751,15803,25554,199,236,435,469,306,775,747,660,1407,1382,1495,2877,136,240,376,928,1452,2380,5351,9827,15178,539,1587,2126
2021-06-12,6329,7848,14177,438,593,1031,610,796,1406,1352,1554,2906,3087,3025,6112,48,82,130,144,293,437,570,1182,1752,80,323,403
2021-06-13,4109,4398,8507,202,255,457,282,330,612,908,963,1871,2636,2723,5359,37,40,77,12,19,31,26,59,85,6,9,15
2021-06-14,6088,6670,12758,747,855,1602,1030,1065,2095,1347,1347,2694,2658,2818,5476,48,65,113,39,95,134,195,337,532,24,88,112
2021-06-15,13946,13656,27602,119,179,298,203,286,489,429,454,883,12538,11608,24146,215,223,438,143,308,451,260,480,740,39,118,157
2021-06-16,7597,10242,17839,420,630,1050,833,1055,1888,1791,2110,3901,2051,2242,4293,160,215,375,1892,2756,4648,377,920,1297,73,314,387
2021-06-17,11555,14268,25823,195,285,480,437,439,876,2983,3226,6209,4187,4299,8486,528,682,1210,2753,4053,6806,393,953,1346,79,331,410
2021-06-18,14434,15203,29637,661,826,1487,1065,1117,2182,8419,8026,16445,3211,3290,6501,402,544,946,489,794,1283,158,436,594,29,170,199
2021-06-19,10620,11565,22185,212,301,513,146,248,394,8297,8440,16737,1464,1431,2895,251,283,534,103,215,318,115,419,534,32,228,260
2021-06-20,5,5,10,0,2,2,2,0,2,1,2,3,1,0,1,0,1,1,1,0,1,0,0,0,0,0,0
2021-06-21,6021,6115,12136,23,22,45,40,57,97,5057,5007,10064,652,623,1275,155,188,343,68,92,160,20,89,109,6,37,43
2021-06-22,5093,5194,10287,153,257,410,214,283,497,2348,2218,4566,1727,1505,3232,444,485,929,147,211,358,42,155,197,18,80,98
2021-06-23,9596,9616,19212,139,240,379,188,362,550,7889,7557,15446,1105,926,2031,141,223,364,67,118,185,53,131,184,14,59,73
2021-06-24,15414,19465,34879,206,408,614,643,4175,4818,13091,13021,26112,1079,1185,2264,232,315,547,126,215,341,32,107,139,5,39,44
2021-06-25,12895,18758,31653,402,1185,1587,720,3042,3762,4834,4937,9771,967,1112,2079,4573,6199,10772,1171,1641,2812,192,503,695,36,139,175
2021-06-26,9307,11987,21294,38,42,80,38,51,89,844,839,1683,565,699,1264,6844,8707,15551,790,1208,1998,160,340,500,28,101,129
2021-06-27,8149,8998,17147,64,108,172,78,140,218,3526,3594,7120,2782,2813,5595,1047,1230,2277,548,825,1373,87,240,327,17,48,65
2021-06-28,17296,19718,37014,698,1669,2367,609,2419,3028,13836,12901,26737,1258,1278,2536,699,1012,1711,145,257,402,40,109,149,11,73,84
2021-06-29,18257,18669,36926,200,354,554,458,823,1281,15765,14919,30684,755,788,1543,713,1046,1759,243,422,665,109,234,343,14,83,97
2021-06-30,19573,19295,38868,158,201,359,5155,4905,10060,12270,11663,23933,675,654,1329,1164,1524,2688,105,190,295,36,93,129,10,65,75
2021-07-01,12745,13385,26130,109,220,329,4806,4757,9563,5548,5233,10781,958,1056,2014,805,1099,1904,354,573,927,139,327,466,26,120,146
2021-07-02,9859,18279,28138,587,1189,1776,2350,3766,6116,1522,1741,3263,353,518,871,826,1382,2208,647,1203,1850,3099,6868,9967,475,1612,2087
2021-07-03,10928,12310,23238,23,41,64,6049,5324,11373,2556,2728,5284,500,574,1074,407,539,946,337,629,966,928,1975,2903,128,500,628
2021-07-04,10435,10331,20766,515,844,1359,9197,8451,17648,406,469,875,133,123,256,88,128,216,57,80,137,28,154,182,11,82,93
2021-07-05,5056,5491,10547,265,405,670,3529,3007,6536,247,286,533,138,130,268,319,462,781,237,406,643,278,604,882,43,191,234
2021-07-06,13008,12156,25164,424,666,1090,11618,9845,21463,271,327,598,189,243,432,181,211,392,103,218,321,186,489,675,36,157,193
2021-07-07,5626,6263,11889,159,152,311,3935,3573,7508,660,914,1574,253,395,648,141,218,359,151,309,460,281,547,828,46,155,201
2021-07-08,18823,16301,35124,367,533,900,15043,12309,27352,2289,2068,4357,711,734,1445,282,360,642,70,126,196,46,132,178,15,39,54
2021-07-09,12853,13035,25888,676,726,1402,8689,8238,16927,2216,2200,4416,840,837,1677,267,417,684,139,520,659,22,77,99,4,20,24
2021-07-10,10782,11461,22243,1460,1762,3222,7959,7827,15786,379,430,809,178,232,410,464,546,1010,254,423,677,77,192,269,11,49,60
2021-07-11,2149,3656,5805,258,363,621,1066,1289,2355,160,380,540,72,201,273,24,39,63,111,206,317,406,961,1367,52,217,269
2021-07-12,17961,15986,33947,3048,2946,5994,13977,11749,25726,441,530,971,230,272,502,107,169,276,60,127,187,81,146,227,17,47,64
2021-07-13,10311,8768,19079,1783,1634,3417,7351,5989,13340,749,631,1380,272,272,544,96,102,198,40,65,105,14,45,59,6,30,36
2021-07-14,3468,3306,6774,634,717,1351,2277,1904,4181,305,366,671,160,165,325,55,63,118,16,47,63,15,26,41,6,18,24
2021-07-15,13971,19597,33568,421,703,1124,1278,2356,3634,6866,7052,13918,1201,2351,3552,712,1141,1853,2568,3771,6339,803,1766,2569,122,457,579
2021-07-16,13808,19691,33499,338,419,757,1010,2972,3982,7261,8046,15307,494,677,1171,151,197,348,4079,6039,10118,404,1060,1464,71,281,352
2021-07-17,12168,13415,25583,1401,1743,3144,5123,5382,10505,4253,4464,8717,775,848,1623,244,263,507,293,502,795,64,169,233,15,44,59
2021-07-18,11180,11948,23128,2992,3785,6777,2887,2629,5516,3612,3614,7226,1436,1451,2887,167,233,400,64,138,202,19,77,96,3,21,24
2021-07-19,16602,17900,34502,2683,3292,5975,1455,2551,4006,10836,9998,20834,1097,1095,2192,200,223,423,132,208,340,152,417,569,47,116,163
2021-07-20,18436,19626,38062,7425,8470,15895,2512,2881,5393,7336,6727,14063,717,767,1484,191,236,427,155,295,450,82,191,273,18,59,77
2021-07-21,18603,18833,37436,13956,14046,28002,3321,3305,6626,687,717,1404,331,319,650,152,150,302,125,224,349,24,48,72,7,24,31
2021-07-22,19017,17428,36445,13001,11631,24632,4080,3594,7674,1169,1160,2329,499,608,1107,162,229,391,68,93,161,29,77,106,9,36,45
2021-07-23,15503,17550,33053,5956,7129,13085,2802,2887,5689,5651,6037,11688,786,945,1731,197,299,496,78,132,210,30,86,116,3,35,38
2021-07-24,14249,14608,28857,735,975,1710,489,455,944,5665,5460,11125,6929,7076,14005,256,315,571,92,120,212,77,157,234,6,50,56
2021-07-25,11596,13845,25441,6904,9095,15999,2925,2767,5692,900,1033,1933,621,622,1243,193,205,398,34,57,91,15,40,55,4,26,30
2021-07-26,17549,21832,39381,5544,6996,12540,4431,5690,10121,4577,5400,9977,2418,2731,5149,365,506,871,144,309,453,62,147,209,8,53,61
2021-07-27,15230,18784,34014,7076,8277,15353,2977,3835,6812,2801,3600,6401,1239,1475,2714,801,889,1690,233,398,631,84,243,327,19,67,86
2021-07-28,17766,20453,38219,15267,17157,32424,1276,1485,2761,722,1024,1746,314,465,779,128,171,299,34,83,117,16,47,63,9,21,30
2021-07-29,18986,18213,37199,15180,14244,29424,2001,1877,3878,1067,1227,2294,485,525,1010,166,176,342,64,76,140,16,51,67,7,37,44
2021-07-30,16583,16360,32943,5790,5333,11123,6063,5878,11941,3361,3460,6821,1043,1166,2209,230,282,512,58,143,201,34,57,91,4,41,45
2021-07-31,14479,11210,25689,1623,1717,3340,7682,6627,14309,4276,2017,6293,628,491,1119,195,189,384,49,78,127,20,61,81,6,30,36
2021-08-01,6347,7761,14108,1423,1891,3314,2818,3494,6312,1376,1428,2804,480,546,1026,184,234,418,47,95,142,16,49,65,3,24,27
2021-08-02,18611,18064,36675,2958,3339,6297,11139,9862,21001,3580,3703,7283,683,751,1434,172,230,402,57,104,161,16,55,71,6,20,26
2021-08-03,16417,15340,31757,8039,7320,15359,2966,2687,5653,2577,2188,4765,2471,2702,5173,287,274,561,55,89,144,15,56,71,7,24,31
2021-08-04,12941,15227,28168,1978,2549,4527,2734,2859,5593,1611,2006,3617,6341,7418,13759,186,236,422,68,94,162,20,47,67,3,18,21
2021-08-05,9154,8935,18089,3705,3478,7183,3600,3391,6991,1265,1283,2548,422,496,918,124,154,278,27,85,112,10,30,40,1,18,19
2021-08-06,4444,5365,9809,667,784,1451,865,781,1646,367,349,716,206,244,450,1111,1473,2584,1197,1661,2858,27,57,84,4,16,20
2021-08-07,10240,14420,24660,1092,897,1989,59,64,123,43,62,105,57,57,114,1302,1876,3178,7583,11241,18824,89,177,266,15,46,61
2021-08-08,9083,12950,22033,5,16,21,10,17,27,10,15,25,28,60,88,5288,7245,12533,3615,5347,8962,109,212,321,18,38,56
2021-08-09,14274,19667,33941,136,158,294,212,215,427,172,235,407,1044,1528,2572,10608,14586,25194,1997,2682,4679,93,218,311,12,45,57
2021-08-10,14361,19003,33364,351,418,769,496,524,1020,1180,833,2013,1348,1803,3151,7280,9814,17094,3566,5313,8879,120,243,363,20,55,75
2021-08-11,15000,16634,31634,1319,1115,2434,287,447,734,303,426,729,2420,2628,5048,8841,9087,17928,1687,2646,4333,127,230,357,16,55,71
2021-08-12,9653,12815,22468,381,431,812,254,173,427,229,275,504,1808,2271,4079,3730,4312,8042,3107,4991,8098,119,294,413,25,68,93
2021-08-13,13087,18193,31280,117,129,246,187,182,369,147,193,340,375,450,825,5602,6978,12580,6313,9356,15669,298,724,1022,48,181,229
2021-08-14,8415,12702,21117,87,132,219,149,216,365,160,310,470,1596,2176,3772,5541,8172,13713,781,1392,2173,83,243,326,18,61,79
2021-08-15,11635,12607,24242,465,556,1021,794,965,1759,1412,1418,2830,6733,7025,13758,1700,1627,3327,436,756,1192,77,192,269,18,68,86
2021-08-16,9362,11878,21240,1416,1582,2998,1137,1249,2386,2498,2927,5425,1903,2348,4251,1097,1410,2507,1153,1919,3072,130,349,479,28,94,122
2021-08-17,16144,13999,30143,7549,6635,14184,6243,5450,11693,1374,1209,2583,789,416,1205,138,178,316,32,65,97,14,40,54,5,6,11
2021-08-18,11461,12332,23793,4851,4594,9445,1414,1749,3163,1198,1374,2572,1755,1873,3628,1699,1710,3409,469,827,1296,66,162,228,9,43,52
2021-08-19,5999,6220,12219,2416,2294,4710,811,794,1605,472,582,1054,1446,1394,2840,585,653,1238,229,406,635,35,76,111,5,21,26
2021-08-20,13240,12337,25577,2497,2562,5059,1519,1146,2665,1208,997,2205,7724,7174,14898,202,244,446,68,150,218,19,52,71,3,12,15
2021-08-21,9366,12145,21511,1587,2116,3703,2260,3339,5599,2194,2938,5132,2838,3090,5928,376,419,795,86,154,240,20,67,87,5,22,27
2021-08-22,9898,11205,21103,1534,1941,3475,5244,5484,10728,1731,2108,3839,959,1116,2075,347,417,764,67,108,175,14,29,43,2,2,4
2021-08-23,17320,15685,33005,7350,6931,14281,7714,6291,14005,1315,1339,2654,675,717,1392,206,251,457,46,100,146,13,38,51,1,18,19
2021-08-24,12458,13202,25660,8988,9244,18232,1914,1803,3717,800,948,1748,541,762,1303,168,273,441,36,108,144,7,46,53,4,18,22
2021-08-25,15728,15805,31533,2360,2404,4764,1171,1536,2707,6764,6401,13165,4889,4739,9628,407,465,872,103,151,254,29,80,109,5,29,34
2021-08-26,15140,17661,32801,1905,2484,4389,925,1306,2231,578,832,1410,3739,3678,7417,6708,6875,13583,1112,1951,3063,140,424,564,33,111,144
2021-08-27,18467,18049,36516,10932,10811,21743,3394,2753,6147,1007,1028,2035,2433,2515,4948,552,655,1207,116,191,307,28,70,98,5,26,31
2021-08-28,11081,13324,24405,8191,10482,18673,1650,1444,3094,777,719,1496,334,442,776,83,113,196,36,89,125,8,29,37,2,6,8
2021-08-29,11477,12829,24306,973,1266,2239,552,709,1261,2023,2109,4132,7437,8031,15468,321,412,733,119,231,350,47,58,105,5,13,18
2021-08-30,16018,16784,32802,4036,3680,7716,2368,2310,4678,3177,2978,6155,3910,3957,7867,1651,2118,3769,747,1304,2051,116,346,462,13,91,104
2021-08-31,15636,17351,32987,11145,12710,23855,2015,1838,3853,1582,1642,3224,633,715,1348,173,257,430,66,114,180,17,55,72,5,20,25
2021-09-01,16042,17131,33173,14455,14381,28836,602,657,1259,380,514,894,267,473,740,234,737,971,89,288,377,14,70,84,1,11,12
2021-09-02,15965,19065,35030,9717,9728,19445,1540,2369,3909,2656,3855,6511,1515,2321,3836,361,499,860,153,215,368,20,69,89,3,9,12
2021-09-03,14679,17198,31877,6086,6130,12216,1633,1741,3374,4326,5749,10075,1616,2149,3765,823,1049,1872,162,283,445,30,73,103,3,24,27
2021-09-04,12155,12056,24211,3296,3308,6604,3440,3181,6621,4732,4765,9497,528,532,1060,114,164,278,38,70,108,6,32,38,1,4,5
2021-09-05,12256,12128,24384,1260,1338,2598,2419,2305,4724,7648,7520,15168,762,731,1493,123,173,296,38,38,76,5,17,22,1,6,7
2021-09-06,16279,15997,32276,1589,1494,3083,663,750,1413,10874,10772,21646,2614,2257,4871,417,505,922,94,144,238,20,62,82,8,13,21
2021-09-07,18168,20182,38350,962,1371,2333,1675,2521,4196,8129,7623,15752,3661,3822,7483,2958,3446,6404,661,1027,1688,96,305,401,26,67,93
2021-09-08,10490,10532,21022,2502,2189,4691,2674,2509,5183,3023,3139,6162,1461,1592,3053,622,665,1287,167,278,445,36,122,158,5,38,43
2021-09-09,15164,14999,30163,2459,2606,5065,9201,8415,17616,2174,2376,4550,1052,1168,2220,214,262,476,48,93,141,13,67,80,3,12,15
2021-09-10,5037,5426,10463,2271,2172,4443,781,958,1739,385,425,810,1193,1308,2501,330,402,732,59,121,180,16,36,52,2,4,6
2021-09-11,3389,3261,6650,681,683,1364,1659,1396,3055,258,297,555,688,756,1444,74,79,153,27,32,59,2,15,17,0,3,3
2021-09-12,861,976,1837,217,280,497,344,333,677,186,216,402,91,112,203,18,20,38,5,12,17,0,2,2,0,1,1
2021-09-13,7394,7267,14661,4363,4517,8880,2638,2309,4947,206,223,429,115,122,237,39,37,76,18,23,41,9,25,34,6,11,17
2021-09-14,6466,7577,14043,488,595,1083,413,467,880,389,448,837,4244,4517,8761,750,1245,1995,154,218,372,25,65,90,3,22,25
2021-09-15,17576,19927,37503,1137,1579,2716,1640,2309,3949,3393,3862,7255,8700,8842,17542,2385,2748,5133,232,410,642,71,138,209,18,39,57
2021-09-16,16643,18970,35613,2387,3401,5788,9594,10118,19712,2403,2586,4989,1360,1671,3031,724,830,1554,131,248,379,36,93,129,8,23,31
2021-09-17,14008,14217,28225,8430,8580,17010,3143,2919,6062,1304,1333,2637,797,871,1668,230,301,531,78,127,205,21,67,88,5,19,24
2021-09-18,12211,13173,25384,8606,8973,17579,2121,2203,4324,910,1137,2047,450,598,1048,96,171,267,18,59,77,8,27,35,2,5,7
2021-09-19,9173,9321,18494,5303,5078,10381,2123,2143,4266,1035,1141,2176,512,559,1071,130,185,315,52,136,188,17,63,80,1,16,17
2021-09-20,7198,6917,14115,3445,3314,6759,2206,1867,4073,854,911,1765,430,452,882,173,202,375,77,123,200,10,40,50,3,8,11
2021-09-21,12371,11517,23888,10027,9283,19310,1350,1082,2432,551,544,1095,291,347,638,107,167,274,31,60,91,11,23,34,3,11,14
2021-09-22,8640,7828,16468,5554,4875,10429,2004,1632,3636,579,595,1174,292,363,655,130,168,298,61,127,188,16,46,62,4,22,26
2021-09-23,5818,5953,11771,3952,4069,8021,1076,964,2040,449,463,912,232,268,500,57,96,153,41,56,97,11,29,40,0,8,8
2021-09-24,5749,5913,11662,2966,3046,6012,1227,1224,2451,980,935,1915,424,442,866,102,143,245,38,70,108,10,37,47,2,16,18
2021-09-25,3676,3068,6744,1128,933,2061,1325,839,2164,572,611,1183,500,536,1036,124,107,231,18,27,45,8,11,19,1,4,5
2021-09-26,12274,11228,23502,679,763,1442,1619,1662,3281,5067,4443,9510,4527,3816,8343,315,369,684,53,107,160,12,58,70,2,10,12
2021-09-27,11911,10993,22904,1871,2231,4102,5432,4735,10167,3169,2653,5822,1183,964,2147,187,247,434,46,87,133,22,56,78,1,20,21
2021-09-28,14070,13983,28053,1012,960,1972,9707,8263,17970,1248,1420,2668,799,944,1743,551,770,1321,599,1120,1719,138,408,546,16,98,114
2021-09-29,8756,8602,17358,2566,2760,5326,4422,3801,8223,873,878,1751,546,561,1107,202,245,447,112,225,337,35,104,139,0,28,28
2021-09-30,8568,9894,18462,5360,5764,11124,1116,1378,2494,1058,970,2028,737,1073,1810,226,476,702,56,161,217,14,62,76,1,10,11
2021-10-01,5665,5593,11258,2921,3017,5938,1254,1233,2487,849,709,1558,490,417,907,117,127,244,29,55,84,5,29,34,0,6,6
2021-10-02,2856,2797,5653,1184,1218,2402,840,721,1561,488,471,959,242,213,455,72,94,166,20,48,68,9,25,34,1,7,8
2021-10-03,3194,2776,5970,1512,1320,2832,1009,746,1755,409,354,763,157,179,336,80,106,186,19,46,65,7,21,28,1,4,5
2021-10-04,5669,5442,11111,2488,2316,4804,1833,1548,3381,715,715,1430,404,458,862,159,254,413,53,96,149,13,41,54,4,14,18
2021-10-05,3424,3350,6774,1386,1424,2810,951,820,1771,589,560,1149,357,373,730,107,108,215,23,33,56,8,24,32,3,8,11
2021-10-06,7119,7268,14387,5554,5788,11342,722,605,1327,456,430,886,255,261,516,88,108,196,30,36,66,11,27,38,3,13,16
2021-10-07,3063,3015,6078,1317,1157,2474,851,785,1636,409,438,847,327,382,709,124,162,286,27,57,84,3,25,28,5,9,14
2021-10-08,10641,10425,21066,657,913,1570,6156,5458,11614,1206,1297,2503,1385,1466,2851,1170,1154,2324,49,90,139,17,41,58,1,6,7
2021-10-09,9802,9632,19434,615,743,1358,4478,3958,8436,1227,1240,2467,2266,2346,4612,1162,1212,2374,42,92,134,12,34,46,0,7,7
2021-10-10,6991,7150,14141,439,620,1059,3576,3309,6885,783,887,1670,1335,1354,2689,822,889,1711,25,61,86,10,24,34,1,6,7
2021-10-11,4599,4499,9098,2559,2394,4953,1070,1033,2103,566,529,1095,275,308,583,84,122,206,35,67,102,10,42,52,0,4,4
2021-10-12,10899,10199,21098,6762,6074,12836,1389,1310,2699,1289,1328,2617,942,946,1888,433,419,852,69,87,156,14,28,42,1,7,8
2021-10-13,16541,17459,34000,15139,15826,30965,437,472,909,436,465,901,352,438,790,143,178,321,19,37,56,12,26,38,3,17,20
2021-10-14,13099,12987,26086,9718,9431,19149,1711,1695,3406,876,888,1764,521,612,1133,197,225,422,56,79,135,16,46,62,4,11,15
2021-10-15,12923,12485,25408,7474,6725,14199,3200,3012,6212,1323,1372,2695,625,821,1446,217,379,596,66,117,183,16,44,60,2,15,17
2021-10-16,8760,8924,17684,6374,6272,12646,1295,1321,2616,629,735,1364,308,349,657,117,149,266,30,64,94,7,23,30,0,11,11
2021-10-17,3102,3555,6657,2098,2223,4321,420,529,949,278,349,627,197,262,459,85,119,204,20,47,67,3,22,25,1,4,5
2021-10-18,12179,11776,23955,9725,9472,19197,994,856,1850,827,708,1535,478,466,944,131,195,326,19,42,61,5,23,28,0,14,14
2021-10-19,9215,8827,18042,5775,5544,11319,1548,1343,2891,1022,986,2008,533,554,1087,292,317,609,33,56,89,11,18,29,1,9,10
2021-10-20,8930,8553,17483,7084,6820,13904,835,723,1558,582,541,1123,288,280,568,110,116,226,21,46,67,7,21,28,3,6,9
2021-10-21,10780,11185,21965,8530,9024,17554,1045,897,1942,582,536,1118,365,363,728,194,228,422,36,64,100,26,49,75,2,24,26
2021-10-22,13763,14528,28291,10888,11281,22169,1367,1378,2745,678,801,1479,584,647,1231,189,263,452,43,95,138,14,54,68,0,9,9
2021-10-23,8681,8756,17437,7437,7508,14945,685,663,1348,258,282,540,175,164,339,89,82,171,23,35,58,10,17,27,4,5,9
2021-10-24,9124,9098,18222,8660,8590,17250,190,198,388,127,142,269,78,80,158,49,57,106,14,21,35,4,7,11,2,3,5
2021-10-25,9922,10263,20185,8006,7871,15877,850,872,1722,594,690,1284,299,415,714,113,227,340,44,119,163,13,56,69,3,13,16
2021-10-26,11659,11319,22978,10234,9950,20184,766,673,1439,324,339,663,208,191,399,85,77,162,28,42,70,12,30,42,2,17,19
2021-10-27,12337,12556,24893,11101,11240,22341,557,569,1126,366,365,731,202,206,408,74,108,182,32,46,78,5,19,24,0,3,3
2021-10-28,12647,12806,25453,11184,11275,22459,662,610,1272,404,411,815,253,267,520,95,137,232,36,56,92,8,35,43,5,15,20
2021-10-29,12380,12368,24748,11490,11463,22953,478,427,905,210,238,448,122,116,238,60,61,121,13,30,43,6,24,30,1,9,10
2021-10-30,8430,8523,16953,7853,7926,15779,321,299,620,143,152,295,75,78,153,33,37,70,3,22,25,2,7,9,0,2,2
2021-10-31,7987,7830,15817,7313,7200,14513,334,336,670,181,145,326,101,85,186,35,34,69,16,22,38,5,6,11,2,2,4
2021-11-01,7886,7093,14979,4561,4361,8922,2283,1678,3961,623,515,1138,276,295,571,118,154,272,22,65,87,3,16,19,0,9,9
2021-11-02,3796,3774,7570,2421,2159,4580,810,816,1626,313,392,705,164,226,390,58,104,162,14,45,59,7,20,27,9,12,21
2021-11-03,9380,10025,19405,8774,9419,18193,274,242,516,172,159,331,108,104,212,35,54,89,10,25,35,6,16,22,1,6,7
2021-11-04,9638,9718,19356,9076,9091,18167,244,266,510,162,147,309,86,83,169,36,59,95,19,46,65,10,18,28,5,8,13
2021-11-05,3882,3481,7363,3351,2970,6321,213,212,425,136,124,260,115,78,193,40,48,88,17,23,40,9,17,26,1,9,10
2021-11-06,3272,3238,6510,2867,2789,5656,178,173,351,91,111,202,87,98,185,34,33,67,8,21,29,5,11,16,2,2,4
2021-11-07,3214,3098,6312,2724,2640,5364,221,201,422,131,107,238,78,57,135,36,46,82,16,24,40,8,16,24,0,7,7
2021-11-08,8790,9059,17849,8054,8115,16169,331,379,710,196,231,427,131,171,302,55,91,146,18,51,69,4,11,15,1,10,11
2021-11-09,4076,4104,8180,3537,3471,7008,259,272,531,154,163,317,87,110,197,30,41,71,6,28,34,3,11,14,0,8,8
2021-11-10,5902,5453,11355,5403,4893,10296,237,242,479,119,122,241,68,74,142,51,50,101,20,38,58,3,21,24,1,13,14
2021-11-11,4934,4736,9670,4271,4031,8302,300,250,550,162,172,334,101,125,226,43,68,111,32,49,81,21,34,55,4,7,11
2021-11-12,7502,7589,15091,6826,6851,13677,247,247,494,216,225,441,116,104,220,60,88,148,24,45,69,8,20,28,5,9,14
2021-11-13,1151,1049,2200,1146,1043,2189,2,2,4,0,1,1,1,0,1,0,2,2,0,1,1,1,0,1,1,0,1
2021-11-14,1369,1356,2725,1355,1349,2704,6,6,12,5,1,6,3,0,3,0,0,0,0,0,0,0,0,0,0,0,0
2021-11-15,6702,6724,13426,6004,5970,11974,248,270,518,235,242,477,169,161,330,34,40,74,8,25,33,4,14,18,0,2,2
2021-11-16,9999,9662,19661,7624,7552,15176,1029,846,1875,865,732,1597,311,294,605,130,153,283,32,45,77,7,31,38,1,9,10
2021-11-17,11898,11638,23536,11329,11025,22354,313,275,588,125,144,269,84,99,183,28,44,72,9,25,34,4,16,20,6,10,16
2021-11-18,11492,11237,22729,10993,10735,21728,225,196,421,146,139,285,84,84,168,31,38,69,9,18,27,2,16,18,2,11,13
2021-11-19,11069,10777,21846,10200,9841,20041,406,390,796,221,230,451,149,174,323,60,78,138,26,37,63,7,20,27,0,7,7
2021-11-20,3618,3842,7460,3275,3456,6731,127,126,253,96,109,205,76,72,148,22,44,66,13,22,35,7,11,18,2,2,4
2021-11-21,3785,3873,7658,3287,3330,6617,176,181,357,133,155,288,117,126,243,50,51,101,14,19,33,6,8,14,2,3,5
2021-11-22,4717,4788,9505,4226,4256,8482,207,222,429,138,123,261,95,105,200,36,36,72,11,27,38,3,12,15,1,7,8
